CD56NK	CD4MemoryT	CD19B	CD14
V1	0.55157	0	0.14704	0.30139
V2	0.13363	0.04542	0.03601	0.78494
V3	0.05518	0.56493	0.00758	0.37231
V4	0.89577	0.08144	0	0.0228
V5	0.11566	0.43325	0.25235	0.19874
V6	0.08437	0.87297	0.01739	0.02527
V7	0.14251	0.29363	0.07033	0.49352
V8	0.14313	0	0.81863	0.03824
V9	0.23082	0.17343	0.02703	0.56872
V10	0.01605	0.00088	0.91943	0.06364
V11	0.23646	0.32021	0.43827	0.00506
V12	0.02668	0.57706	0.38173	0.01453
V13	0.29946	0.67301	0.00359	0.02394
V14	0.07577	0.91302	0.00484	0.00637
V15	0.12617	0.56395	0.11472	0.19517
V16	0.93214	0.01995	0.016	0.0319
V17	0.09592	0.86892	0.00988	0.02527
V18	0.6205	0.29989	0.03635	0.04325
V19	0.17959	0.80182	0.0037	0.01489
V20	0.16719	0.39745	0.01355	0.42182
V21	0.14347	0.02161	0.79738	0.03754
V22	0.01382	0.0481	0.1739	0.76418
V23	0.42176	0.01361	0.55899	0.00564
V24	0.96138	0.01243	0.02608	1e-04
V25	0.35769	0.17785	0.11637	0.34809
V26	0.41588	0.32925	0.01386	0.24101
V27	0.08349	0.02257	0.01019	0.88376
V28	0.00203	0.01528	0.98214	0.00055
V29	0.47797	0.00522	0.48304	0.03377
V30	0.09762	0.1528	0.25828	0.4913
V31	0.21059	0.13442	0.28191	0.37308
V32	0.06384	0.00441	0.01905	0.91271
V33	0.04523	0.46605	0.3664	0.12231
V34	0.14263	0.00873	0.81106	0.03758
V35	0.18257	0.70601	0.07595	0.03548
V36	0.00564	0.00971	0.43871	0.54593
V37	0.55032	0.03568	0.08191	0.33209
V38	0.4156	0	0.14593	0.43846
V39	0.17872	0.52791	0.12404	0.16932
V40	0.11073	0.81795	0.07132	0
V41	0.00787	0.62911	0.03626	0.32676
V42	0.21219	0.00594	0.17942	0.60245
V43	0.14499	0.30131	0.51743	0.03627
V44	0.01405	0.03539	0.74293	0.20763
V45	0.10586	0.5674	0.2186	0.10814
V46	0.84313	0.04205	0.10979	0.00503
V47	0.4979	0.13851	0.30801	0.05559
V48	0.84142	0.13238	0.00408	0.02212
V49	0.7629	0.14482	0	0.09228
V50	0.07354	0.84079	0.08015	0.00552
V51	0.3519	0.36047	0.25329	0.03434
V52	0.02548	0.06594	0.86926	0.03932
V53	0.77426	0.08631	0.13943	0
V54	0.47321	0.14328	0.36037	0.02314
V55	0.21338	0.07585	0.22031	0.49045
V56	0.03413	0	0.06282	0.90305
V57	0.10871	0.85885	0.01763	0.01481
V58	0.62593	0	0.0323	0.34177
V59	0.47813	0.36606	0.10047	0.05533
V60	0.13052	0.09655	0.3099	0.46303
V61	0.83338	0.06682	0.00873	0.09106
V62	0.91291	0.014	0.05991	0.01317
V63	0.01831	0.84014	0.11659	0.02496
V64	0.0091	0.82957	0	0.16133
V65	0.00883	0	0.0738	0.91738
V66	0.23818	0.66641	0.01552	0.07989
V67	0.17292	0.29021	0.52261	0.01426
V68	0.14497	0.09247	0.01401	0.74855
V69	0.02503	0.27182	0.64168	0.06147
V70	0.58519	0.10177	0.16945	0.14358
V71	0.1637	0.03303	0.35283	0.45044
V72	0.60932	0.10679	0.0848	0.19909
V73	0.16714	0.5909	0.13558	0.10639
V74	0.06213	0.18757	0.7503	0
V75	0.72674	0	0.17269	0.10057
V76	0.00073	0.11464	0.15706	0.72757
V77	0.03188	0.22557	0.00232	0.74023
V78	0.30928	0.06689	0.16756	0.45628
V79	0.00603	0.05507	0.82826	0.11064
V80	0.38144	0	0.51851	0.10004
V81	0.06103	0.11868	0.8139	0.00639
V82	0.00072	0.03357	0.95759	0.00812
V83	0.12439	0.11985	0.05943	0.69632
V84	0.39404	0.0172	0.14272	0.44604
V85	0.11523	0.26452	0.40734	0.21291
V86	0.04742	0.01756	0.88426	0.05075
V87	0.03627	0.83243	0.04863	0.08267
V88	0.15884	0.02527	0.24206	0.57383
V89	0.01436	0	0.1704	0.81524
V90	0.02868	0.90404	0.05204	0.01525
V91	0.03633	0.73947	0.18752	0.03669
V92	0.48292	0.0025	0.36044	0.15414
V93	0.89007	0.00259	0	0.10734
V94	0.01477	0.37802	0.01371	0.5935
V95	0.28178	0.38695	0.15162	0.17965
V96	0.06112	0.05638	0.01574	0.86676
V97	0.73551	0.06654	0.19297	0.00498
V98	0.72745	0.25885	0	0.0137
V99	0.8389	0.02153	0.1345	0.00508
V100	0.08433	0.00483	0.8835	0.02734
V101	0.01231	0.00991	0.00286	0.97492
V102	0.95147	0.02955	0.00482	0.01417
V103	0.00814	0.01685	0.07194	0.90307
V104	0.03125	0.95733	0.00486	0.00656
V105	0.0636	0.91888	0.01134	0.00618
V106	0.13124	0.49045	0.33018	0.04812
V107	0.21138	0.15094	0.57803	0.05965
V108	0.17131	0.74004	0.08865	0
V109	0.01357	0.10679	0.59004	0.28959
V110	0.06077	0.88128	0.03261	0.02535
V111	0.93317	0	0.06097	0.00586
V112	0.12747	0.02716	0.40583	0.43954
V113	0.18507	0.05912	0.15509	0.60072
V114	0.23077	0.01781	0.06578	0.68563
V115	0.00918	0.75794	0.22724	0.00565
V116	0.15244	0.26266	0.37317	0.21172
V117	0.72374	0.20508	0.02871	0.04247
V118	0.1733	0.53266	0.02886	0.26518
V119	0.10184	0.04003	0.03722	0.82091
V120	0.08416	0.03423	0.86535	0.01627
V121	0.62626	0.08047	0.08409	0.20918
V122	0.97505	0	0.01071	0.01425
V123	0.00726	0.44973	0.03583	0.50719
V124	0.69423	0.24278	0	0.06299
V125	0.4343	0.374	0.1687	0.02301
V126	0.03123	0.0971	0.03743	0.83424
V127	0.15698	0.01899	0.23025	0.59378
V128	0.02376	0	0.0875	0.88875
V129	0.63235	0.183	0.15178	0.03287
V130	0.00836	0.65312	0.33297	0.00555
V131	0.02762	0.87936	0	0.09302
V132	0.95507	0	0.02266	0.02226
V133	0.93869	0.00301	0.04481	0.01349
V134	0.11024	0.33133	0.12044	0.438
V135	0.06879	0.00231	0.1522	0.7767
V136	0.25031	0.34036	0.0074	0.40193
V137	0.68825	0.01286	0.22624	0.07266
V138	0.2288	0.35228	0.17144	0.24749
V139	0.37722	0.15074	0.18358	0.28845
V140	0.02325	0.04992	0.03894	0.88789
V141	0.06463	0.10515	0.54026	0.28996
V142	0.8158	0	0.18419	1e-05
V143	0.45706	0.20478	0.05967	0.27849
V144	0.16241	0.1016	0.14941	0.58658
V145	0.0022	0.76577	0.22627	0.00576
V146	0.0454	0	0.01992	0.93468
V147	0.93592	0.00738	0.01586	0.04084
V148	0.13448	0.03651	0.57079	0.25822
V149	0.29569	0.4856	0.21388	0.00484
V150	0.0938	0.19602	0.61138	0.09881
V151	0.22527	0.59274	0.02946	0.15253
V152	0.26088	0.40523	0.21521	0.11867
V153	0.11519	0.7289	0.01548	0.14043
V154	0.27507	0.42216	0.26781	0.03497
V155	0.51925	0.09568	0.27305	0.11201
V156	0.03281	0.09247	0.71352	0.1612
V157	0.32672	0.10532	0.30182	0.26614
V158	0.012	0	0.01563	0.97237
V159	0.90949	0.03963	0	0.05087
V160	0.68864	0	0.05473	0.25663
V161	0.19429	0	0.02226	0.78344
V162	0.06179	0.23741	0.06931	0.63149
V163	0.10216	0.44665	0.16277	0.28841
V164	0.36296	0.25127	0.09857	0.2872
V165	0.00801	0.20832	0	0.78367
V166	0.00781	0.05742	0.05505	0.87972
V167	0.32645	0	0.00325	0.6703
V168	0.31762	0.54042	0.07332	0.06864
V169	0.17594	0.02574	0.02839	0.76994
V170	0.10516	0.00309	0.49384	0.39791
V171	0.14393	0.19915	0.60801	0.04891
V172	0.7487	0	0.24595	0.00534
V173	0.0231	0.09888	0.03002	0.848
V174	0.01449	0.11407	0.06124	0.8102
V175	0.06525	0	0.77961	0.15514
V176	0.00927	0.81929	0.16577	0.00568
V177	0.01142	0.97154	0	0.01705
V178	0.00841	0.73077	0.00223	0.25859
V179	0.15792	0	0.34947	0.49262
V180	0.03162	0.89449	0.0739	0
V181	0.1773	0.08634	0.54015	0.19621
V182	0.33723	0.13357	0.45927	0.06994
V183	0.20332	0.78689	0.00403	0.00576
V184	0.9924	0	0.00739	0.00021
V185	0.60982	0.37485	0.01025	0.00508
V186	0.12834	0.44893	0.26322	0.15951
V187	0.97025	0	0.0237	0.00605
V188	0.05194	0.17907	0	0.76898
V189	0.82052	0.00566	0.01415	0.15966
V190	0.69868	3e-05	0.29598	0.00531
V191	0.21137	0.16296	0.57779	0.04788
V192	0.32485	0.41835	0.04401	0.21279
V193	0.63145	0.01146	0.21867	0.13843
V194	0.04047	0.92928	0.0039	0.02635
V195	0.00852	0.01012	0.9731	0.00827
V196	0.00984	0.04067	0.00634	0.94315
V197	0.39812	0.02305	0.01996	0.55886
V198	0.06878	0.48243	0.37597	0.07281
V199	0.15566	0.00608	0.15103	0.68722
V200	0.13324	0.51517	0.01377	0.33782
V201	0.10412	0.52467	0.18627	0.18495
V202	0.01376	0.003	0.76668	0.21656
V203	0.18644	0.39784	0.39152	0.0242
V204	0.00761	0.47416	0.00151	0.51673
V205	0.01688	0.0295	0.93631	0.01731
V206	0.05019	0.06102	0.88186	0.00693
V207	0.12466	0.13666	0.04338	0.6953
V208	0.28226	0.03534	0.66771	0.01468
V209	0.32723	0.42185	0.06229	0.18863
V210	0.09484	0.7587	0.08709	0.05937
V211	0.40159	0.00096	0.02648	0.57097
V212	0.55293	0.01612	0.40823	0.02272
V213	0.64646	0.01035	0.09806	0.24514
V214	0.34074	0.10973	0.1518	0.39773
V215	0.27757	0.05787	0.01337	0.6512
V216	0.02874	0	0.015	0.95627
V217	0.04373	0.45078	0.22742	0.27807
V218	0.10156	0.39801	0.16093	0.3395
V219	0.11181	0.59322	0.00779	0.28718
V220	0.00865	0.80249	0.00231	0.18656
V221	0.79986	0	0.00312	0.19701
V222	0.3405	0.08849	0.35676	0.21425
V223	0.00627	0.09739	0.79762	0.09872
V224	0.98011	0	0.01971	0.00017
V225	0.06268	0.87956	0.05206	0.0057
V226	0.34506	0.05101	0.58965	0.01428
V227	0.81354	0	0.17357	0.01289
V228	0.8041	0.03724	0.05716	0.10149
V229	0.01657	0.00701	0.94733	0.02909
V230	0.01081	0.00898	0.01505	0.96517
V231	0.01393	0.21715	0.09627	0.67265
V232	0.04526	0.60127	0	0.35347
V233	0.59924	0.05268	0.18394	0.16413
V234	0.04053	0.91861	0.02535	0.01551
V235	0.41607	0.03151	0.51799	0.03443
V236	0.04539	0.03788	0.81883	0.09789
V237	0.1438	0	0.02346	0.83274
V238	0.1433	0.53563	0.26168	0.05939
V239	0.06238	0.33886	0.01333	0.58544
V240	0.52805	0.01496	0.40271	0.05428
V241	0.01548	0.00066	0.89721	0.08666
V242	0.14504	0.75311	0.08783	0.01402
V243	0.26383	0.01789	0.62567	0.09261
V244	0.22113	0	0.67587	0.10299
V245	0.64623	0.24616	0.04322	0.06439
V246	0.05934	0.1124	0.80191	0.02636
V247	0.18677	0.00706	0.80602	0.00015
V248	0.01689	0.0118	0.0338	0.93751
V249	0.00016	0.01903	0.89346	0.08734
V250	0.79475	0	0.19992	0.00534
V251	0.96391	0.02469	0.00529	0.0061
V252	0.01105	0.84031	0.14864	0
V253	0.36423	0.03687	0.14461	0.45429
V254	0.01072	0.9387	0.04426	0.00632
V255	0.04977	0.90214	0	0.04809
V256	0.19561	0.16843	0.52758	0.10838
V257	0.44252	0.06014	0.21843	0.27891
V258	0.19395	0.21887	0.42838	0.1588
V259	0.03437	0.26222	0.65341	0.05
V260	0.00099	0.26153	0.73094	0.00654
V261	0.63858	0.0109	0.17935	0.17117
V262	0.08324	0.0291	0.01018	0.87749
V263	0.02023	0.95258	0	0.02719
V264	0.16333	0.01346	0.40259	0.42062
V265	0.02329	0	0.11069	0.86603
V266	0.68176	0.31333	0.00491	0
V267	0.00039	0.12561	0.25736	0.61664
V268	0.37401	0.00521	0.12339	0.49739
V269	0.00739	0.53965	0.39254	0.06041
V270	0.67464	0.00665	0.22532	0.09338
V271	0.82424	0.03734	0.02699	0.11144
V272	0.05781	0.80474	0.00846	0.12899
V273	0.04415	0.00521	0.02627	0.92437
V274	0.7148	0	0.16407	0.12113
V275	0.00075	0.01116	0.97923	0.00885
V276	0.53089	0.28499	0.00785	0.17628
V277	0.03072	0.14983	0.13976	0.67969
V278	0.02958	0.02678	0.25752	0.68612
V279	0.71417	0.0294	0.09906	0.15737
V280	0.012	0	0.01563	0.97237
V281	0.54798	0.00999	0.12381	0.31822
V282	0.05664	0.03862	0.83077	0.07396
V283	0.22703	0.54014	0.05426	0.17857
V284	0.02937	0.91252	0.05219	0.00593
V285	0.07986	0.00378	0.91605	0.00031
V286	0.26821	0.51246	0.1025	0.11683
V287	0.10712	0.85782	0.00987	0.02519
V288	0.01402	0.22737	0.41845	0.34016
V289	0.31336	0.17292	0.41944	0.09429
V290	0.85443	0.13414	0.01143	0
V291	0.53311	0.03882	0.4146	0.01347
V292	0.94049	0	0	0.05951
V293	0.3246	0.0014	0.62788	0.04612
V294	0.08286	0.30379	0	0.61336
V295	0.0137	0.12303	0.16749	0.69578
V296	0.19403	0.08139	0.61692	0.10767
V297	0.0618	0	0.05391	0.88429
V298	0.33569	0.06619	0.58388	0.01424
V299	0.06172	0.21494	0.00806	0.71528
V300	0.00043	0.01009	0.1983	0.79118
V301	0.12576	0.07309	0.6544	0.14674
V302	0.6881	0.29814	0	0.01375
V303	0.00176	0.58235	0.37889	0.03701
V304	0.05346	0.00719	0.73443	0.20492
V305	0.12292	0.11211	0.45054	0.31443
V306	0.84642	0.0602	0.04242	0.05097
V307	0.01985	0.95294	0.01108	0.01613
V308	0.23852	0.175	0.28727	0.29921
V309	0.33659	0.25382	0.01984	0.38975
V310	0.07416	0.25368	0.13564	0.53652
V311	0.5546	0.43596	0.00419	0.00526
V312	0.10717	0.73111	0.13708	0.02464
V313	0.00264	0.07124	0.01173	0.91439
V314	0.01483	0.41476	0.1005	0.46991
V315	0.12396	0.58104	0.02887	0.26613
V316	0.32847	0.08999	0.37864	0.2029
V317	0.09106	0.66687	0.03722	0.20485
V318	0.03251	0.4936	0.00724	0.46665
V319	0.05845	0.03278	0.86966	0.03911
V320	0.0786	0.09996	0.66088	0.16056
V321	0.67133	0.32378	0.0049	0
V322	0.19094	0.25904	0.0603	0.48972
V323	0.04258	0.00311	0.06999	0.88433
V324	0.70876	0.20793	0.06116	0.02215
V325	0.33829	0.60836	0.04837	0.00498
V326	0.00111	0.50392	0.08101	0.41396
V327	0.01441	0.09678	0.08617	0.80265
V328	0.04278	0.00713	0.73231	0.21778
V329	0.15963	0.06637	0.14727	0.62673
V330	0.38766	0	0.30783	0.30452
V331	0.32617	0.05004	0.03357	0.59023
V332	0.00663	0.02194	0.15471	0.81673
V333	0.45076	0.04051	0.37336	0.13536
V334	0.35274	0	0.32808	0.31919
V335	0.02414	0.29308	0.52113	0.16164
V336	0.18914	0.668	0.01543	0.12743
V337	0.31206	0.36541	0.28763	0.03491
V338	0.00353	0.98444	0.00504	0.00699
V339	0.13544	0.00078	0.85662	0.00716
V340	0.05465	0.17687	0.5276	0.24087
V341	0.01629	0.0112	0.04826	0.92425
V342	0.25363	0	0.58652	0.15986
V343	0.98342	0.00468	0.0055	0.00639
V344	0.71958	0.11292	0.1675	0
V345	0.01041	0.01282	0.97632	0.00045
V346	0.22821	0.06897	0.26282	0.44
V347	0.03235	0	0.10243	0.86522
V348	0.05683	0.62505	0.13537	0.18276
V349	0.37326	0.11834	0.37993	0.12847
V350	0.03017	0.80263	0.16721	0
V351	0.0133	0.00905	0.3544	0.62325
V352	0.04567	0.00431	0.85308	0.09694
V353	0.8972	0.00613	0.02717	0.06949
V354	0.04803	0.68361	0.22011	0.04825
V355	0.28544	0.04173	0.44599	0.22684
V356	0.02383	0.00341	0.07896	0.8938
V357	0.11239	0.27641	0.26894	0.34227
V358	0.53871	0.06353	0.04044	0.35732
V359	0.55615	0.02881	0.0257	0.38934
V360	0.58616	0.38446	0.01622	0.01316
V361	0.00112	0.43449	0.55837	0.00603
V362	0.00358	0.97766	0.0119	0.00685
V363	0.17251	0.07442	0.45545	0.29762
V364	0.16381	0.03206	0.68434	0.11979
V365	0.23745	0.0079	0.00858	0.74607
V366	0.07952	0.65214	0.07421	0.19413
V367	0.56516	0.09531	0.00224	0.33729
V368	0.09264	0.71363	0.07494	0.11879
V369	0.01637	0.38067	0.59702	0.00594
V370	0.3254	0.2328	0.40694	0.03486
V371	0.2018	0.69441	0.02329	0.08051
V372	0.14378	0.02458	0.10016	0.73148
V373	0.07497	0.09131	0.45652	0.37721
V374	0.80567	0.00044	0.19388	1e-05
V375	0.0309	0.0149	0.11871	0.83549
V376	0.02344	0.01056	0.07852	0.88748
V377	0.76414	0	0.00839	0.22748
V378	0.00565	0.00923	0.36335	0.62177
V379	0.3223	0.14283	0.00695	0.52792
V380	0.13423	0.03907	0.17374	0.65296
V381	0.73463	0.00136	0.07981	0.18421
V382	0.08679	0.01289	0.89311	0.00721
V383	0.83074	0	0.0408	0.12846
V384	0.55958	0.04373	0.11843	0.27826
V385	0.87322	0.00212	0.06507	0.05959
V386	0.27644	0.00084	0.12273	0.59999
V387	0.6213	0.10284	0.17832	0.09753
V388	0.39611	0.27672	0.1385	0.18867
V389	0.44089	0.47323	0.00858	0.0773
V390	0.32585	0.21635	0.45272	0.00507
V391	0.3973	0.06393	0.01277	0.526
V392	0.44153	0.16815	0.15483	0.23549
V393	0.29648	0.17873	0.3435	0.18129
V394	0.08211	0.16658	0.0965	0.65482
V395	0.2294	0.34325	0.19297	0.23439
V396	0.01076	0.95813	0.00444	0.02667
V397	0.81327	0.05334	0.09214	0.04126
V398	0.4449	0.08844	0.0847	0.38196
V399	0.2059	0.51908	0.14429	0.13073
V400	0.00125	0.52239	0.05345	0.42291
V401	0.03393	0.11507	0.75243	0.09856
V402	0.82694	0.14162	0.03144	0
V403	0.01625	0.00509	0.05626	0.9224
V404	0.09261	0.15169	0.63221	0.12349
V405	0.20011	0.01151	0.14259	0.64579
V406	0.66733	0.2012	0.01437	0.1171
V407	0.00353	0.98444	0.00504	0.00699
V408	0.08896	0.19206	0.38896	0.33002
V409	0.00464	0.00323	0.01577	0.97636
V410	0.09531	0.85515	0.02453	0.02501
V411	0.40231	0	0	0.59769
V412	0.15683	0.04194	0.48154	0.31969
V413	0.05458	0.43393	0.17079	0.34071
V414	0.03371	0.47365	0.33159	0.16104
V415	0.43887	0.01091	0.20955	0.34067
V416	0.00941	0.05259	0.93781	0.00019
V417	0.41124	0.57944	0.00406	0.00526
V418	0.06034	0.06094	0.11915	0.75956
V419	0.0117	0	0.02167	0.96663
V420	0.00255	0.87252	0.00916	0.11577
V421	0.16131	0.01754	0.67818	0.14296
V422	0.03607	0.03232	0.0057	0.92591
V423	0.08433	0.00483	0.8835	0.02734
V424	0	0.02452	0.58834	0.38714
V425	0.05614	0.1941	0.61269	0.13708
V426	0.09185	0.0207	0.80287	0.08457
V427	0.06548	0.33794	0.17849	0.41809
V428	0.09333	0.75309	0.04751	0.10607
V429	0.011	0	0.02908	0.95992
V430	0.77815	0.12506	0.01449	0.0823
V431	0.17496	0.00772	0.42185	0.39547
V432	0.09135	0.05439	0.037	0.81726
V433	0.05675	0.68535	0	0.2579
V434	0.31363	0.0435	0.04179	0.60109
V435	0.48878	0.00083	0.10539	0.405
V436	0.35505	0.00082	0.0978	0.54633
V437	0.21448	0.17235	0.00146	0.6117
V438	0.61711	0.11394	0.02708	0.24187
V439	0.02503	0.06037	0.00484	0.90976
V440	0.45606	0.01641	0.02596	0.50157
V441	0.06524	0.08842	0.59456	0.25179
V442	0.32791	0.28879	0.12979	0.25351
V443	0.73874	0	0.07894	0.18233
V444	0.01041	0.01282	0.97632	0.00045
V445	0.64446	0.0033	0.3199	0.03234
V446	0.03616	0.82096	0.0483	0.09458
V447	0.65621	0.06	0.16568	0.11812
V448	0.01403	0.03462	0.16364	0.7877
V449	0.58425	0.0189	0.27823	0.11862
V450	0.16049	0.82748	0.01203	0
V451	0.94743	0.02953	3e-05	0.023
V452	0.02571	0	0.05589	0.91841
V453	0.83618	0.04485	0.05797	0.061
V454	0.00294	0.93743	0.04386	0.01577
V455	0.62691	0.01326	0.28613	0.0737
V456	0.34104	0.08067	0.37637	0.20192
V457	0.00467	0.01003	0.00926	0.97604
V458	0.25006	0.17102	0.00145	0.57747
V459	0.01678	0.77804	0.08603	0.11916
V460	0.96296	0	0.02309	0.01395
V461	0.04584	0.01188	0.00621	0.93606
V462	0.33336	0.1907	0	0.47594
V463	0.26977	0.4345	0.15297	0.14276
V464	0.48561	0.06374	0.00204	0.44861
V465	0.42023	0.37559	0.02146	0.18272
V466	0.5849	0.14039	0.00214	0.27257
V467	0.34306	0.53749	0.07377	0.04567
V468	0.53183	0.35812	0.04408	0.06597
V469	0.01368	0.12447	0.26047	0.60137
V470	0.56922	0.08305	0.16851	0.17922
V471	0.24515	0.06558	0.02714	0.66213
V472	0.31577	0.27157	0	0.41266
V473	0.10703	0.52911	0.33918	0.02468
V474	0.09968	0	0.08375	0.81657
V475	0.18221	0.33925	0.0705	0.40805
V476	0.14339	0.00203	0.04468	0.8099
V477	0.60886	0.01747	0.1898	0.18387
V478	0.13248	0.53282	0.00167	0.33303
V479	0.01465	0.05484	0.82002	0.11049
V480	0.07221	0.24515	0.03492	0.64771
V481	0.15919	0.00463	0.82022	0.01595
V482	0.7323	0.12129	0.10414	0.04227
V483	0.1117	0.06796	0.0599	0.76044
V484	0.01659	0.03798	0.01874	0.92668
V485	0.12508	0.70211	0.00833	0.16448
V486	0.26916	0.20953	0.11719	0.40412
V487	0.05998	0.021	0.06943	0.84958
V488	5e-05	8e-04	0.86523	0.13392
V489	0.23428	0.06909	0.68177	0.01487
V490	0.34509	0.25949	0.06044	0.33499
V491	0.47045	0.42274	0.02935	0.07745
V492	0.02828	0.83879	0.12732	0.0056
V493	0.01378	0	0.00416	0.98206
V494	0.20654	0.11469	0.5212	0.15756
V495	0.24626	0.59605	0.13375	0.02393
V496	0.29599	0.64741	0	0.0566
V497	0.00894	0.00429	0.97826	0.00851
V498	0.29328	0.06533	0.04121	0.60018
V499	0.6548	0.22484	0.11561	0.00476
V500	0.10584	0.08759	0.75707	0.04949
V501	0.00458	0	0.03034	0.96507
V502	0.58961	0.23367	0.14377	0.03295
V503	0.18547	0.05946	0.17563	0.57945
V504	0.24977	0.66172	0.00873	0.07978
V505	0.19725	0.16267	0.24007	0.40001
V506	0.09047	0.20712	0.44974	0.25267
V507	0.62652	0.06576	0.11053	0.19719
V508	0.78578	0.12685	0.03538	0.05199
V509	0.23381	0.03503	0.49031	0.24085
V510	0.24815	0.49202	0.25491	0.00492
V511	0.04163	0.35329	0.03549	0.56959
V512	0.22073	0.02367	0.06584	0.68976
V513	0.08154	0.62623	0.20854	0.08368
V514	0.01095	0.03511	0.00169	0.95225
V515	0.7786	0.03668	0.0409	0.14382
V516	0.93121	0.06256	0.00011	0.00612
V517	0.03001	0.00796	0.21667	0.74535
V518	0.97436	0.01879	0.00021	0.00664
V519	0.02647	0.84326	0.00255	0.12771
V520	0.02165	0	0.57521	0.40313
V521	0.59823	0.0217	0.34727	0.0328
V522	0.00509	0.08687	0.55851	0.34953
V523	0.35882	0.08549	0.24447	0.31122
V524	0.00852	0.7679	0.18694	0.03664
V525	0.24021	0.15182	0.01939	0.58857
V526	0.64627	0.04998	0.0651	0.23865
V527	0.19812	0.00715	0.36654	0.4282
V528	0.10481	0.83672	0	0.05847
V529	0.04948	0.03371	0.19089	0.72592
V530	0.00589	0.16604	0.69205	0.13601
V531	0.0206	0.86918	0.11021	0
V532	0.16281	0.26553	0.01981	0.55185
V533	0.28914	0.30025	0.12997	0.28064
V534	0.00552	0.00208	0.681	0.31139
V535	0.50999	0	0.00776	0.48225
V536	0.18035	0	0.33462	0.48502
V537	0.63042	0.21396	0.1427	0.01293
V538	0.43633	0.02908	0.07337	0.46122
V539	0.28178	0.38695	0.15162	0.17965
V540	0.21728	0.67044	0.0656	0.04668
V541	0.01503	0.44408	0.05304	0.48785
V542	0.1901	0.08486	0.23213	0.4929
V543	0.87389	0	0.00898	0.11713
V544	0.09151	0.05293	0.14614	0.70943
V545	0.35127	0.09779	0.05882	0.49212
V546	0.0514	0.88122	0.06165	0.00573
V547	0.03705	0.63122	0.3173	0.01442
V548	0.17106	0.74578	0.07797	0.00518
V549	0.35346	0.01329	0.61883	0.01442
V550	0.55318	0.01143	0	0.4354
V551	0.19158	0.70842	0.03048	0.06952
V552	0.00138	0.46122	0.0016	0.5358
V553	0.24932	0.11219	0.61363	0.02486
V554	0.04312	0.05042	0.01696	0.8895
V555	0.0873	0.17723	0.31697	0.4185
V556	0.00048	0.01483	0.94313	0.04156
V557	0.8096	0.01115	0.0083	0.17095
V558	0.06857	0.75432	0.02289	0.15422
V559	0.01066	0.80142	0.18792	0
V560	0.71286	0.28144	0	0.0057
V561	0.00075	0.01116	0.97923	0.00885
V562	0.78572	0	0.10483	0.10946
V563	0.26493	0	0.72884	0.00623
V564	0.06048	0.05172	0.87146	0.01634
V565	0.12464	0.21441	0.3702	0.29076
V566	0.69176	0.06419	0.0026	0.24145
V567	0.21753	0.3886	0.02064	0.37323
V568	0.21411	0	0.04282	0.74307
V569	0.65193	0.01106	0	0.33701
V570	0.02438	0.25857	0.63109	0.08595
V571	0.83722	0.09177	0	0.07101
V572	0.45891	0	0.42053	0.12055
V573	0.05217	0.12302	0.0032	0.82161
V574	0.0385	0.77949	0.16761	0.0144
V575	0.01433	0.04874	0.10287	0.83407
V576	0.16974	0.78402	0.03193	0.01431
V577	0.03011	0.02018	0.1808	0.7689
V578	0.05402	0.03955	0.67181	0.23462
V579	0.00934	0.87731	0.08786	0.02549
V580	0.13104	0	0.09112	0.77785
V581	0.054	0.04479	0.00029	0.90092
V582	0.58156	0.10474	0.0268	0.2869
V583	0.00559	0.02395	0.55794	0.41252
V584	0.5568	0.11732	0.28182	0.04406
V585	0.00573	0	0.40101	0.59326
V586	0.24709	0.00099	0.63653	0.11539
V587	0.28645	0.00245	0.67537	0.03573
V588	0.60781	0.02216	0.01956	0.35046
V589	0.05909	0.80085	0.05747	0.08259
V590	0.0506	0.75571	0.1883	0.00538
V591	0.00056	0.01643	0.17179	0.81122
V592	0.17577	0.02139	0.80274	0.00011
V593	0.57035	0	0.16388	0.26577
V594	0.36543	0.2485	0.32913	0.05694
V595	0.01921	0.00702	0.01441	0.95935
V596	0.03042	0.22636	0.20465	0.53857
V597	0.00134	0.55411	0.33616	0.1084
V598	0.0165	0.0892	0.8777	0.0166
V599	0.66045	0.27789	0.02914	0.03252
V600	0.37828	0.42742	0.04416	0.15013
V601	0.15189	0.21777	0.06894	0.5614
V602	0.01943	0.00899	0.00767	0.96391
V603	0.00725	0.30334	0.00824	0.68117
V604	0.55307	0.08334	0.33041	0.03318
V605	0.06627	0.28486	0.3958	0.25307
V606	0.74097	0.11514	0.00845	0.13545
V607	0.63773	0.00115	0.0967	0.26442
V608	0.22484	0.11772	0.37323	0.28422
V609	0.02165	0.18281	0.2128	0.58274
V610	0.77196	0.00536	0.08039	0.1423
V611	0.25727	0	0.04209	0.70064
V612	0.02428	0.0629	0.82653	0.0863
V613	0.03416	0.30694	0.60926	0.04964
V614	0.76816	0.03666	0.04071	0.15446
V615	0.11368	0.02869	0.00375	0.85388
V616	0.07944	0.6657	0.03707	0.21779
V617	0.51244	0.12778	0.35979	0
V618	0.69067	0	0	0.30933
V619	0.38416	0.01161	0.29306	0.31117
V620	0.00836	0.65312	0.33297	0.00555
V621	0.43405	0.11057	0.16017	0.2952
V622	0.39002	0.18625	0.38946	0.03427
V623	0.01425	0.04208	0.11902	0.82466
V624	0.81623	0.16111	0	0.02265
V625	0.28071	0.44878	0.09191	0.1786
V626	0.97421	0.01071	0.00014	0.01493
V627	0.00288	0.00675	0.05817	0.9322
V628	0.0014	0.17335	0.00901	0.81623
V629	0.12343	0.24225	0.267	0.36732
V630	0.03402	0.30536	0.59941	0.06121
V631	0.01442	0.13959	0.08726	0.75873
V632	0.56187	0	0.11995	0.31818
V633	1e-05	0.01602	0.82524	0.15873
V634	0.43565	0.22948	0.3299	0.00496
V635	0.02557	0.71277	0.00221	0.25946
V636	0.12553	0.07276	0.64292	0.15879
V637	0.29729	0.14546	0.07707	0.48018
V638	0.37811	0.20676	0.05951	0.35562
V639	0.29541	0.39995	0.30464	0
V640	0.03483	0.11917	0.78384	0.06216
V641	0.90025	0.0185	0.02151	0.05975
V642	0.7827	0.13584	0	0.08145
V643	0.00543	0.13909	0.43049	0.425
V644	0.93017	0.05135	0.00468	0.0138
V645	0.28724	0.37768	0.31136	0.02372
V646	0.01159	0.97668	0.00487	0.00686
V647	0.154	0.06004	0.71382	0.07215
V648	0.44487	0.39141	0.12988	0.03383
V649	0.02453	0.04041	0.86068	0.07437
V650	0.05643	0.06196	0.79591	0.08571
V651	0.3366	0	0.65733	0.00607
V652	0.08398	0.05691	0.41251	0.44659
V653	0.12805	0.63361	0.09472	0.14363
V654	0.72872	0.15672	0.05125	0.06331
V655	0.03248	0.50875	0.0136	0.44516
V656	0.19363	0.21254	0.00687	0.58697
V657	0.01754	0.03887	0.00588	0.93771
V658	0.62195	0.16345	0.05029	0.1643
V659	0.33296	0.05542	0.34986	0.26176
V660	0.02986	0.9435	0	0.02663
V661	0.05283	0.35525	0.04328	0.54865
V662	0.42855	0.00313	0.44626	0.12205
V663	0.25349	0.04453	0.56018	0.1418
V664	0.21774	0.04128	0.68162	0.05935
V665	0.71573	0.14364	0.0348	0.10583
V666	0.55439	0	0.08716	0.35844
V667	0.79851	0.04657	0.15493	0
V668	0.13413	0.78465	0.08122	0
V669	0.246	0.37292	0.2492	0.13188
V670	0.08602	0.88767	0	0.02631
V671	0.38878	0.24238	0.25273	0.11611
V672	0.01635	0.01264	0.93042	0.04059
V673	0.24274	0.32359	0.22506	0.20862
V674	0.73325	0.10571	0.01408	0.14697
V675	0.13829	0.28074	0.31637	0.26461
V676	0.02233	0.07063	0.0866	0.82044
V677	0.40624	0.35315	0.0906	0.15002
V678	0.54621	0.43843	0.01026	0.0051
V679	0.04862	0.28903	0.64716	0.01519
V680	0.33398	0.51077	0.13167	0.02358
V681	0.91833	0.03976	0.00993	0.03198
V682	0.1184	0.2681	0.56457	0.04893
V683	0.01349	0.97356	0.01295	0
V684	0.73141	0.11953	0.08602	0.06305
V685	0.5276	0.29917	0.11849	0.05475
V686	0.08204	0.13026	0.13053	0.65717
V687	0.01936	0.00088	0.01512	0.96464
V688	0.38807	0.45621	0	0.15572
V689	0.22373	0	0.03512	0.74115
V690	0.49443	0.02171	0.40709	0.07677
V691	0.1723	0.00065	0.82023	0.00682
V692	0.08066	0.10435	0.72945	0.08554
V693	0.23202	0.07107	0.35423	0.34268
V694	0.00575	0.00878	0.25316	0.73231
V695	0.2174	0	0.13167	0.65093
V696	0.06249	0.05001	0.00983	0.87767
V697	0.01061	0.02783	0.0074	0.95416
V698	0.80399	0	0.00865	0.18736
V699	0.59483	0.23555	0.06044	0.10917
V700	0.20554	0.00831	0.00338	0.78277
V701	0.11279	0.47352	0.10255	0.31114
V702	0.52034	0.04898	0.00729	0.42339
V703	0.1297	0.02796	0.46343	0.3789
V704	0.82519	0.02323	0.02076	0.13081
V705	0.95807	0	0.01008	0.03185
V706	0.07876	0.02724	0.78504	0.10896
V707	0.03437	0.407	0.50929	0.04934
V708	0.037	0.85309	0.0164	0.09352
V709	0.14326	0.22688	0.53235	0.09751
V710	0.62002	0.16256	0.04195	0.17547
V711	0.09603	0.78079	0.08708	0.0361
V712	0.81534	0.03051	0.00313	0.15101
V713	0.44021	0.24335	0.02764	0.28881
V714	0.00778	0.60698	0.01452	0.37073
V715	0.32482	0.29324	0.30006	0.08188
V716	0.02516	0.01779	0.03306	0.92399
V717	0.08685	0.897	0	0.01615
V718	0.15489	0.52501	0.17452	0.14558
V719	0.05654	0.65979	0.02932	0.25436
V720	0.70911	0	0.2102	0.08068
V721	0.12379	0.12087	0.46511	0.29023
V722	0.08311	0.27366	0.00695	0.63628
V723	0.09234	0.04941	0.00339	0.85486
V724	0.56023	0.00989	0.07184	0.35805
V725	0.00046	0.06829	0.89078	0.04046
V726	0.03108	0.31472	0.10846	0.54574
V727	0.29266	0.61646	0.08606	0.00481
V728	0.02881	0.87536	0.09014	0.00569
V729	0.38642	0.00076	0.1404	0.47242
V730	0.91972	0.01302	0.0356	0.03166
V731	0.02194	0.14707	0.37748	0.45351
V732	0.35781	0.04715	0.33571	0.25932
V733	0.65789	0.14157	0.02742	0.17313
V734	0.26291	0.27307	0.45895	0.00508
V735	0.0133	0.0096	0.44133	0.53577
V736	0.12472	0	0.00495	0.87033
V737	0.34656	0.24193	0.23253	0.17897
V738	0.07994	0.29025	0.45514	0.17467
V739	0	0.00133	0.56192	0.43675
V740	0.87049	0.05639	0.06012	0.01301
V741	0.48019	0.06485	0.11131	0.34365
V742	0.43189	0.55674	0.01138	0
V743	0.14572	0.10723	0.72142	0.02562
V744	0.53729	0.01942	0.31232	0.13097
V745	0.01604	0.66231	0.17638	0.14527
V746	0.99261	0	0.00041	0.00698
V747	0.05244	0	0.68499	0.26256
V748	0.12421	0.07043	0.58265	0.22271
V749	0.26531	0.1267	0.04186	0.56613
V750	0.43292	0.40611	0.01417	0.1468
V751	0.04874	0.84959	0.03113	0.07053
V752	0.47752	0.17721	0.12508	0.2202
V753	0.01314	0.00438	0.00363	0.97884
V754	0.00979	0.90832	0	0.0819
V755	0.14627	0.14686	0.32828	0.37859
V756	0.0179	0.00053	0.03417	0.9474
V757	0.3658	0.54385	0.05614	0.03421
V758	0.04743	0.74161	0.11575	0.09521
V759	0.11581	0.03331	0.37354	0.47734
V760	0.28354	0.03137	0.25575	0.42934
V761	0.06871	0.54778	0.27437	0.10914
V762	0.00152	0.31435	0.00821	0.67591
V763	0.39038	0.29844	0.02032	0.29086
V764	0.00942	0.90562	0.00297	0.08199
V765	0.64959	0.05671	0	0.2937
V766	0.01416	0.27312	0.43464	0.27807
V767	0.50111	0.08475	0.23197	0.18216
V768	0.06121	0.89554	0.01781	0.02543
V769	0.15643	0.80486	0.02436	0.01436
V770	0.01159	0.97668	0.00487	0.00686
V771	0.18263	0.00454	0.79711	0.01572
V772	0.14808	0.02623	0.81924	0.00646
V773	0.17959	0.80182	0.0037	0.01489
V774	0.01635	0.00232	0.94019	0.04113
V775	0.10118	0.01954	0.24947	0.6298
V776	0.45107	0.36981	0.04359	0.13552
V777	0.15874	0.07478	0.11986	0.64663
V778	0.5578	0.22603	0.05992	0.15625
V779	0.16675	0.02116	0.47252	0.33958
V780	0.12219	0.75044	0.12736	0
V781	0.03576	0.0111	0.01954	0.93361
V782	0.00635	0.08921	0.81757	0.08687
V783	0.78232	0.00501	0.04007	0.1726
V784	0.12143	0.86184	0.0108	0.00593
V785	0.0401	0.92352	0.01042	0.02595
V786	0.75094	0.1201	0.0769	0.05206
V787	0.00243	0.83474	0.15694	0.00589
V788	0.54387	0.25679	0.14452	0.05481
V789	0.06208	0.29632	0.02064	0.62097
V790	0.42596	0.01061	0.06407	0.49936
V791	0.13998	0.3322	0.32847	0.19935
V792	0.13124	0.47251	0.00172	0.39453
V793	0.12466	0.60481	0.02905	0.24149
V794	0.04547	0.05435	0.80245	0.09772
V795	0.09108	0.02133	0.04546	0.84214
V796	0.02584	0.05908	0.88747	0.02761
V797	0.77761	0	0.20936	0.01303
V798	0.65533	0.25236	0.07008	0.02223
V799	0.14091	0.74257	0.02332	0.0932
V800	0.06095	0.0094	0.48201	0.44765
V801	0.12915	0.07902	0.30542	0.48642
V802	0.0297	0.04782	0.2423	0.68018
V803	0.24802	0.48843	0.26355	0
V804	0.54634	0.00278	0.36522	0.08567
V805	0.01129	0.00628	0.98187	0.00056
V806	0.04959	0.89287	0.00949	0.04805
V807	0.23759	0.10694	0.0272	0.62826
V808	0.69503	0.22634	0.03599	0.04263
V809	0.04292	0.02545	0.93143	2e-04
V810	0.0122	0.98061	0	0.00719
V811	0.42252	0.04412	0.18453	0.34883
V812	0.56589	0.21334	0.04248	0.17829
V813	0.63364	0.15314	0.18047	0.03275
V814	0.46602	0.48994	0.03911	0.00493
V815	0.0029	0.91866	0.07215	0.00629
V816	0.94348	0	0.05642	1e-04
V817	0.02644	0.05292	0.90387	0.01678
V818	0.00291	0.02723	0.0271	0.94276
V819	0.85399	0.05277	0.04238	0.05086
V820	0.11256	0.06218	0.01456	0.8107
V821	0.23399	0.27694	0.39355	0.09552
V822	0.07149	0.01148	0.88953	0.0275
V823	0.02393	0.15462	0.6971	0.12435
V824	0.09786	0.35561	0.54652	0
V825	0.22718	0.24222	0.24467	0.28593
V826	0.46686	0.37211	0.14785	0.01318
V827	0.40638	0.55035	0.00923	0.03404
V828	0.2084	0.11726	0.0956	0.57874
V829	0.03119	0.18922	0.02828	0.75131
V830	0.20604	0.17238	0.01939	0.60219
V831	0.78214	0.05744	0.02681	0.1336
V832	0.28233	0.35072	0.16076	0.20619
V833	0.15315	0.46221	0.17417	0.21047
V834	0.2688	0.04373	0.066	0.62147
V835	0.38361	0.4024	0.11095	0.10303
V836	0.00804	0.61076	0.00204	0.37916
V837	0.22827	0.33109	0.18065	0.25998
V838	0.94789	0.02292	0.02333	0.00586
V839	0.33003	0.57087	0.09429	0.00481
V840	0.31808	0.67667	0.00526	0
V841	0.00022	0.02646	0.89825	0.07508
V842	0.36435	0.1236	0.24848	0.26357
V843	0.01509	0.00943	0.87718	0.09829
V844	0.10594	0.05551	0.35636	0.48218
V845	0.06917	0.07794	0.76759	0.0853
V846	0	0.00328	0.7333	0.26342
V847	0.0057	0	0.01055	0.98375
V848	0.09027	0.4574	0.16316	0.28918
V849	0.00295	0.94436	0.00409	0.0486
V850	0.97484	0	0.01076	0.0144
V851	0.36628	0.49232	0.14141	0
V852	0.09026	0.02664	0.10857	0.77453
V853	0.25856	0.18197	0.40249	0.15698
V854	0.61353	0.12657	0.09467	0.16523
V855	0.0057	0	0.01055	0.98375
V856	0.04204	0.30491	0.34838	0.30467
V857	0.68971	0.13332	0.0275	0.14948
V858	0.58619	0.00085	0.40749	0.00547
V859	0.67783	0.19089	0.01441	0.11687
V860	0.16917	0.07429	0.043	0.71354
V861	0.09716	0.32972	0.55846	0.01466
V862	0.14155	0.06085	0.73729	0.06032
V863	0.17614	0.03428	0	0.78958
V864	0.05231	0.01584	0.03899	0.89286
V865	0.09923	0	0.23379	0.66697
V866	0.75257	0.00337	0.23121	0.01285
V867	0.75275	0.00942	0.2326	0.00523
V868	0.5422	0.23142	0.12644	0.09994
V869	0.02098	0.96758	0.00488	0.00656
V870	0.09408	0.27469	0.01317	0.61807
V871	0.00295	0.94436	0.00409	0.0486
V872	0.00623	0.00359	0.21498	0.77521
V873	0.90434	0.01271	0.04244	0.04051
V874	0.21681	0.75725	0.02594	0
V875	0.01347	0.14052	0.17926	0.66675
V876	0.16864	0.29009	0.41987	0.1214
V877	0.04232	0.34745	0.2925	0.31774
V878	0.14624	0.79189	0.06186	0
V879	0.20294	0.65455	0.03776	0.10475
V880	0.31895	0.49648	0.00212	0.18244
V881	0.14555	0.02345	0.58783	0.24316
V882	0.79909	0	0.11234	0.08857
V883	0.31005	0.16922	0.52073	0
V884	0.01542	0.21649	0	0.76809
V885	0.74058	0.17877	0.08065	0
V886	0.0146	0.32579	0.47269	0.18691
V887	0.64632	0.03657	0.14408	0.17303
V888	0.10223	0.0269	0.75039	0.12049
V889	0.93412	0.02771	0.0161	0.02207
V890	0.03202	0.10806	0.62051	0.2394
V891	0.65401	0.02638	0.26705	0.05256
V892	0.26118	0.13323	0.00675	0.59884
V893	0.61141	0.17124	0.14173	0.07562
V894	0.07039	0.28076	0.59941	0.04943
V895	0.60565	0.03733	0.18235	0.17467
V896	0.04047	0.92928	0.0039	0.02635
V897	0.71192	0.21165	0.00307	0.07335
V898	0.42234	0	0.00269	0.57497
V899	0.02183	0.1395	0.12139	0.71728
V900	0.07666	0.24835	0.35792	0.31708
V901	0.03619	0.79733	0.00237	0.16411
V902	0.0515	0.89937	0.0433	0.00583
V903	0.00692	0.39358	0.53849	0.06102
V904	0.02153	0.97149	0	0.00699
V905	0.12986	0	0.14852	0.72162
V906	0.38581	0.05748	0.09301	0.4637
V907	0.454	0.46423	0.01524	0.06653
V908	0.00826	0.02396	0.0556	0.91217
V909	0.13997	0.76792	0	0.0921
V910	0.14122	0	0.09801	0.76077
V911	0.54093	0.34318	0.02867	0.08722
V912	0.40584	0.27496	0.11894	0.20026
V913	0.09483	0	0.00604	0.89914
V914	0.19819	0.46141	0.29271	0.04769
V915	0.19383	0	0.00386	0.80231
V916	0.26888	0.03237	0.64053	0.05822
V917	0.72468	0.01137	0.15051	0.11343
V918	0.04595	0.60229	0.23067	0.12108
V919	0.20054	0.18722	0.28684	0.3254
V920	0.63844	0.15563	0.08651	0.11942
V921	0.02321	0.11546	0.02278	0.83855
V922	0.10763	0.43557	0.39674	0.06006
V923	0.06303	0.00361	0.03226	0.9011
V924	0.03606	0.655	0.27232	0.03662
V925	0.15558	0.01425	0.00902	0.82115
V926	0.17529	0.00798	0.02216	0.79457
V927	0.01631	0.01785	0.04116	0.92469
V928	0.04886	0.86651	0.00298	0.08165
V929	0.05655	0.59864	0.12426	0.22055
V930	0.52883	0.32114	0.02843	0.12161
V931	0.14343	0.23772	0.5214	0.09745
V932	0.0319	0.07985	0.59961	0.28864
V933	0.6271	0.35001	0.00957	0.01332
V934	0.0061	0.10532	0.24636	0.64222
V935	0.59121	0.12165	0.19965	0.0875
V936	0.53034	0.22108	0.01366	0.23493
V937	0.54226	0.08836	0.0754	0.29399
V938	0.37463	0.02473	0.28669	0.31396
V939	0.74637	0.00506	0.06399	0.18458
V940	0.02697	0.77818	0.1464	0.04844
V941	0.00145	0.0058	0.98349	0.00926
V942	0.76819	0.14969	0.06024	0.02188
V943	0.42295	0.09336	0.41542	0.06827
V944	0.01458	0.20651	0.05217	0.72674
V945	0.57889	0.30468	0.00825	0.10818
V946	0.48584	0.2218	0.24745	0.04491
V947	0.06917	0.02564	0.2019	0.70329
V948	0.36515	0.01262	0.59811	0.02412
V949	0.00051	0.07125	0.17509	0.75315
V950	0.05566	0.48774	0.20561	0.25099
V951	0.84932	0.00332	0.14213	0.00523
V952	0.06072	0.08648	0.23864	0.61416
V953	0.01593	0.03505	0.90894	0.04008
V954	0.03066	0.13084	0.12079	0.71771
V955	0.12228	0.54195	0.02149	0.31429
V956	0.0296	0.00934	0.47854	0.48252
V957	0.29908	0.00237	0	0.69854
V958	0.01378	0	0.00416	0.98206
V959	0.24768	0.21991	0.43703	0.09538
V960	0.2258	0.21795	0.06901	0.48725
V961	0.14133	0.34508	0.35393	0.15967
V962	0.38848	0.12931	0.38979	0.09242
V963	0.62285	0.12925	0.15007	0.09782
V964	0.85686	0.01237	0.09008	0.04069
V965	0.05473	0.44729	0.18207	0.31591
V966	0.97673	0.00363	0.00525	0.01439
V967	0.05108	0.02211	0.49919	0.42762
V968	0.00048	0.1195	0.79353	0.08649
V969	0.0067	0.22687	0.02863	0.7378
V970	0.0305	0.08144	0.4019	0.48617
V971	0.52466	0.05601	0.32011	0.09921
V972	0.51012	0.15181	0.04156	0.29651
V973	0.27449	0.3635	0.07107	0.29093
V974	0.00805	0.75949	0.12564	0.10682
V975	0.10792	0.26513	0.62138	0.00558
V976	0.45053	0.19802	0.10696	0.24449
V977	0.34938	0.32046	0.32524	0.00492
V978	0.05117	0.0554	0.05355	0.83988
V979	0.82355	0.00365	0.16764	0.00516
V980	0.99261	0	0.00041	0.00698
V981	0.34209	0.01356	0.41247	0.23188
V982	0.46481	0.35162	0.07092	0.11266
V983	0.68079	0.03569	0.00253	0.281
V984	0.01747	0.82719	0.10712	0.04822
V985	0.0612	0.14098	0.00292	0.7949
V986	0.34192	0.47484	0.04451	0.13873
V987	0.26048	0.7149	0	0.02461
V988	0.18456	0.00265	0.00889	0.8039
V989	0.47387	0.43053	0.07256	0.02304
V990	3e-05	0.02983	0.78775	0.18239
V991	0.66975	0.31648	0	0.01377
V992	0.20198	0	0.49097	0.30705
V993	0.07058	0.70286	0.167	0.05956
V994	0.20529	0.75614	0.02432	0.01426
V995	0.7435	0.0722	0.02706	0.15724
V996	0.24575	0.08199	0.00767	0.66459
V997	0.01425	0.00409	0.82399	0.15767
V998	0.88131	0.00214	0.05717	0.05937
V999	0.13474	0.8589	0	0.00635
V1000	0.27997	0.00791	0	0.71213
