CD56NK	CD4MemoryT	CD19B	CD14
V1	0.59309	0	0.16122	0.2457
V2	0.16881	0.04463	0.04707	0.73949
V3	0.07457	0.55512	0.01197	0.35834
V4	0.91188	0.07101	0.00017	0.01693
V5	0.1438	0.39263	0.29354	0.17003
V6	0.10802	0.84719	0.02285	0.02194
V7	0.18183	0.27688	0.08937	0.45192
V8	0.15121	0.00222	0.81814	0.02843
V9	0.28174	0.16513	0.03456	0.51857
V10	0.01863	0.00249	0.92813	0.05076
V11	0.25663	0.2731	0.46662	0.00365
V12	0.03353	0.51969	0.43499	0.01179
V13	0.34864	0.62621	0.00537	0.01979
V14	0.0954	0.89239	0.00659	0.00562
V15	0.15985	0.52692	0.14063	0.17261
V16	0.94064	0.01878	0.01718	0.02339
V17	0.12189	0.84281	0.01321	0.02209
V18	0.66391	0.26123	0.04196	0.03291
V19	0.21669	0.76474	0.00577	0.0128
V20	0.21248	0.37839	0.01865	0.39048
V21	0.1526	0.01887	0.8012	0.02732
V22	0.02096	0.04676	0.21137	0.72092
V23	0.42307	0.01283	0.56034	0.00376
V24	0.95979	0.01157	0.02864	0
V25	0.40914	0.16042	0.13481	0.29563
V26	0.47721	0.2988	0.01745	0.20653
V27	0.10766	0.02223	0.01366	0.85644
V28	0.00125	0.01468	0.98173	0.00234
V29	0.48357	0.00604	0.48666	0.02373
V30	0.12281	0.14149	0.30278	0.43292
V31	0.24534	0.1213	0.31829	0.31507
V32	0.08337	0.00511	0.02362	0.8879
V33	0.05787	0.41956	0.41989	0.10268
V34	0.152	0.00871	0.81155	0.02774
V35	0.21953	0.65794	0.09315	0.02937
V36	0.00858	0.0102	0.49754	0.48367
V37	0.60172	0.03184	0.09264	0.2738
V38	0.46379	0	0.16447	0.37174
V39	0.21929	0.48502	0.14947	0.14623
V40	0.13425	0.77771	0.08804	0
V41	0.01012	0.62424	0.04963	0.31601
V42	0.2511	0.00687	0.2096	0.53243
V43	0.16392	0.25752	0.55148	0.02708
V44	0.0179	0.03078	0.78211	0.1692
V45	0.13275	0.51813	0.25743	0.09168
V46	0.84492	0.03647	0.11541	0.0032
V47	0.52	0.1176	0.32138	0.04102
V48	0.86316	0.11569	0.00495	0.01619
V49	0.79981	0.12705	0	0.07315
V50	0.09304	0.80221	0.09992	0.00484
V51	0.38396	0.31317	0.27721	0.02566
V52	0.02989	0.05639	0.88396	0.02976
V53	0.78141	0.07379	0.1448	0
V54	0.48983	0.12071	0.373	0.01646
V55	0.25198	0.07034	0.25393	0.42375
V56	0.04745	0.00025	0.07825	0.87404
V57	0.13455	0.8294	0.02305	0.013
V58	0.67685	0	0.03813	0.28502
V59	0.52407	0.31814	0.11487	0.04293
V60	0.1594	0.09	0.35183	0.39876
V61	0.86054	0.05841	0.01025	0.0708
V62	0.91362	0.01292	0.0643	0.00917
V63	0.02352	0.80926	0.14559	0.02163
V64	0.01174	0.83172	0	0.15654
V65	0.01402	0	0.08996	0.89602
V66	0.28538	0.62479	0.02043	0.0694
V67	0.19073	0.24815	0.55059	0.01054
V68	0.18392	0.09115	0.01911	0.70582
V69	0.0311	0.23407	0.68679	0.04804
V70	0.61871	0.08756	0.18219	0.11155
V71	0.19377	0.03047	0.39338	0.38239
V72	0.65277	0.09365	0.09476	0.15882
V73	0.20424	0.54273	0.16214	0.09089
V74	0.07028	0.15772	0.772	0
V75	0.74205	0	0.18141	0.07654
V76	0.00164	0.11339	0.19422	0.69076
V77	0.04635	0.22263	0.00475	0.72626
V78	0.35687	0.06069	0.19274	0.3897
V79	0.00736	0.04773	0.8567	0.08821
V80	0.39445	0.00119	0.52888	0.07547
V81	0.06846	0.10089	0.82591	0.00474
V82	0.00048	0.03014	0.96194	0.00744
V83	0.15922	0.11595	0.0763	0.64853
V84	0.44354	0.01643	0.1629	0.37713
V85	0.13817	0.23339	0.45288	0.17556
V86	0.05372	0.01511	0.89237	0.03881
V87	0.0483	0.81252	0.0637	0.07547
V88	0.19289	0.02399	0.2789	0.50422
V89	0.02218	0	0.2037	0.77412
V90	0.0364	0.88372	0.06639	0.01349
V91	0.04708	0.69578	0.22614	0.03099
V92	0.50419	0.00375	0.37351	0.11856
V93	0.91008	0.00439	0	0.08553
V94	0.02183	0.37669	0.01967	0.58181
V95	0.32736	0.34649	0.17598	0.15017
V96	0.08216	0.05711	0.02119	0.83955
V97	0.73985	0.05766	0.19937	0.00312
V98	0.76468	0.22499	0	0.01034
V99	0.83808	0.01935	0.1394	0.00317
V100	0.09125	0.00559	0.88262	0.02053
V101	0.01803	0.00979	0.00316	0.96901
V102	0.95759	0.02686	0.00542	0.01013
V103	0.01339	0.01697	0.09038	0.87926
V104	0.03941	0.94776	0.0068	0.00604
V105	0.08123	0.89851	0.01477	0.00549
V106	0.15546	0.4356	0.37089	0.03805
V107	0.22893	0.12886	0.59783	0.04439
V108	0.20228	0.6909	0.10681	0
V109	0.01813	0.09704	0.64259	0.24224
V110	0.07841	0.85699	0.04256	0.02205
V111	0.93087	0	0.06521	0.00393
V112	0.15279	0.02494	0.44919	0.37308
V113	0.22418	0.05557	0.18429	0.53595
V114	0.27697	0.01749	0.08136	0.62418
V115	0.01084	0.71313	0.27125	0.00478
V116	0.17972	0.23101	0.415	0.17428
V117	0.75853	0.17732	0.03228	0.03187
V118	0.21864	0.50353	0.0369	0.24093
V119	0.1307	0.03975	0.0485	0.78105
V120	0.09216	0.02968	0.86603	0.01213
V121	0.66821	0.07125	0.09361	0.16693
V122	0.97674	0.00144	0.01166	0.01016
V123	0.01035	0.44532	0.04907	0.49526
V124	0.73731	0.21254	0	0.05015
V125	0.47288	0.32269	0.18718	0.01725
V126	0.04496	0.09729	0.05004	0.80771
V127	0.19112	0.01813	0.26701	0.52373
V128	0.03479	0.00027	0.10609	0.85885
V129	0.65702	0.15745	0.16196	0.02357
V130	0.01006	0.60132	0.38398	0.00464
V131	0.03662	0.8753	0	0.08808
V132	0.9586	0.00057	0.0246	0.01623
V133	0.93786	0.00461	0.0481	0.00942
V134	0.14219	0.31147	0.1487	0.39765
V135	0.09097	0.00363	0.18229	0.72311
V136	0.30464	0.31968	0.01108	0.3646
V137	0.70058	0.01202	0.23343	0.05396
V138	0.27056	0.31864	0.20023	0.21057
V139	0.422	0.13339	0.2071	0.23751
V140	0.03504	0.05057	0.05093	0.86346
V141	0.07904	0.09413	0.5872	0.23963
V142	0.81326	0	0.18674	0
V143	0.51251	0.18428	0.0707	0.23251
V144	0.20009	0.09638	0.1794	0.52413
V145	0.00124	0.72257	0.27124	0.00495
V146	0.05977	0.00111	0.02492	0.9142
V147	0.94401	0.00801	0.01705	0.03092
V148	0.15422	0.03256	0.6051	0.20812
V149	0.33017	0.42674	0.2395	0.0036
V150	0.10932	0.16979	0.64361	0.07728
V151	0.27462	0.55382	0.03701	0.13455
V152	0.29917	0.35918	0.24502	0.09663
V153	0.14749	0.7038	0.02065	0.12806
V154	0.30774	0.36872	0.29705	0.02649
V155	0.54521	0.08307	0.28711	0.08461
V156	0.04032	0.08135	0.74945	0.12888
V157	0.36272	0.09381	0.3285	0.21497
V158	0.01779	0	0.01885	0.96336
V159	0.9255	0.03515	1e-04	0.03925
V160	0.72987	0	0.06168	0.20845
V161	0.23549	0	0.02787	0.73664
V162	0.08376	0.23035	0.09017	0.59572
V163	0.13108	0.41465	0.19746	0.25681
V164	0.41585	0.22555	0.11564	0.24295
V165	0.01279	0.20712	0	0.78009
V166	0.01327	0.05841	0.07016	0.85816
V167	0.37932	0	0.00542	0.61526
V168	0.36734	0.48777	0.08834	0.05655
V169	0.21585	0.02493	0.0365	0.72272
V170	0.12539	0.00428	0.53769	0.33263
V171	0.1613	0.17042	0.63199	0.03629
V172	0.74838	0	0.24812	0.0035
V173	0.0347	0.09822	0.03959	0.82748
V174	0.0224	0.11272	0.07953	0.78535
V175	0.07548	0.00063	0.80046	0.12342
V176	0.01108	0.7808	0.20315	0.00498
V177	0.01357	0.97066	0	0.01577
V178	0.01101	0.73228	0.00462	0.25209
V179	0.18712	0	0.38984	0.42304
V180	0.03842	0.86983	0.09175	0
V181	0.19935	0.07486	0.57001	0.15577
V182	0.35688	0.11385	0.47739	0.05188
V183	0.2422	0.74697	0.00593	0.00491
V184	0.99277	0	0.00723	0
V185	0.65598	0.32856	0.01177	0.00369
V186	0.15691	0.40457	0.30379	0.13472
V187	0.96804	0.0018	0.026	0.00415
V188	0.07146	0.17658	0	0.75196
V189	0.84981	0.0068	0.0162	0.1272
V190	0.69572	0.00172	0.29912	0.00344
V191	0.22846	0.13972	0.59663	0.03519
V192	0.38193	0.38006	0.05483	0.18318
V193	0.65397	0.01077	0.22907	0.10619
V194	0.05245	0.9178	0.00603	0.02372
V195	0.00965	0.00939	0.97314	0.00782
V196	0.01534	0.04068	0.00859	0.93539
V197	0.45859	0.02208	0.02439	0.49494
V198	0.08475	0.42961	0.42653	0.05911
V199	0.19098	0.00704	0.17947	0.6225
V200	0.172	0.4944	0.01885	0.31475
V201	0.13238	0.48333	0.223	0.16129
V202	0.01757	0.00427	0.80061	0.17755
V203	0.20989	0.34392	0.42785	0.01833
V204	0.01102	0.47152	0.00436	0.51311
V205	0.01927	0.02613	0.941	0.0136
V206	0.05588	0.0519	0.8867	0.00552
V207	0.15993	0.133	0.05688	0.65018
V208	0.2898	0.03044	0.66954	0.01023
V209	0.38234	0.38085	0.0762	0.1606
V210	0.12127	0.71901	0.10809	0.05162
V211	0.46015	0.0028	0.03238	0.50467
V212	0.55764	0.01453	0.41202	0.01581
V213	0.68478	0.01031	0.10807	0.19684
V214	0.38965	0.09965	0.17395	0.33675
V215	0.33177	0.05665	0.01769	0.5939
V216	0.03913	0	0.01782	0.94305
V217	0.05807	0.42084	0.27338	0.2477
V218	0.12964	0.37175	0.19492	0.30369
V219	0.14605	0.57278	0.01211	0.26906
V220	0.0112	0.80277	0.00487	0.18116
V221	0.8354	0	0.0044	0.1602
V222	0.37134	0.07801	0.38074	0.16991
V223	0.00739	0.08574	0.82858	0.07829
V224	0.97889	0	0.02111	0
V225	0.07953	0.84978	0.06566	0.00502
V226	0.35206	0.04276	0.59531	0.00988
V227	0.81238	0	0.17878	0.00884
V228	0.82695	0.03237	0.06281	0.07787
V229	0.01912	0.00689	0.95117	0.02283
V230	0.01609	0.00861	0.01807	0.95724
V231	0.02082	0.21234	0.12398	0.64286
V232	0.06189	0.59472	0	0.34339
V233	0.63071	0.04491	0.1973	0.12707
V234	0.05232	0.90062	0.03328	0.01378
V235	0.42522	0.02731	0.52319	0.02428
V236	0.0535	0.03273	0.83753	0.07625
V237	0.17688	0	0.02945	0.79367
V238	0.17158	0.48044	0.29989	0.04809
V239	0.08542	0.33207	0.01883	0.56367
V240	0.53734	0.01343	0.41007	0.03916
V241	0.01815	0.00226	0.9105	0.06908
V242	0.17601	0.70444	0.10778	0.01178
V243	0.27829	0.01613	0.63575	0.06984
V244	0.23325	0	0.68784	0.07892
V245	0.68714	0.21266	0.05032	0.04988
V246	0.06681	0.09613	0.81763	0.01943
V247	0.18814	0.00705	0.80438	0.00043
V248	0.02516	0.0122	0.04314	0.9195
V249	0.00035	0.01646	0.91324	0.06994
V250	0.7925	0	0.20412	0.00338
V251	0.96715	0.02239	0.00624	0.00423
V252	0.01255	0.80629	0.18116	0
V253	0.4136	0.03333	0.16625	0.38681
V254	0.01263	0.9247	0.057	0.00567
V255	0.06389	0.89125	0	0.04486
V256	0.21719	0.14486	0.55407	0.08389
V257	0.48323	0.05251	0.23883	0.22543
V258	0.21994	0.1909	0.46239	0.12677
V259	0.04203	0.22506	0.69467	0.03824
V260	5e-04	0.22619	0.76813	0.00519
V261	0.66585	0.01028	0.19103	0.13284
V262	0.1073	0.02884	0.01369	0.85016
V263	0.02561	0.94923	0	0.02516
V264	0.19102	0.01289	0.44203	0.35406
V265	0.03393	0	0.13409	0.83198
V266	0.72225	0.27177	0.00598	0
V267	0.00071	0.12091	0.30782	0.57057
V268	0.4248	0.00616	0.14112	0.42792
V269	0.00864	0.4887	0.45265	0.05
V270	0.68913	0.00711	0.23378	0.06998
V271	0.85068	0.03289	0.02961	0.08682
V272	0.07605	0.79053	0.01268	0.12073
V273	0.0587	0.00514	0.03385	0.90231
V274	0.73403	0	0.17288	0.09309
V275	0.00058	0.01092	0.98014	0.00836
V276	0.58973	0.25308	0.0105	0.14669
V277	0.04375	0.14613	0.17376	0.63636
V278	0.04158	0.0262	0.30512	0.6271
V279	0.74357	0.02586	0.10789	0.12268
V280	0.01779	0	0.01885	0.96336
V281	0.59362	0.00979	0.13669	0.25989
V282	0.0646	0.03314	0.84517	0.05709
V283	0.27456	0.50031	0.06876	0.15636
V284	0.0377	0.89036	0.06665	0.00529
V285	0.08219	0.00459	0.91181	0.00141
V286	0.31505	0.46343	0.12345	0.09806
V287	0.13458	0.83028	0.01322	0.02193
V288	0.01918	0.20609	0.47861	0.29612
V289	0.33844	0.14816	0.44166	0.07174
V290	0.8703	0.11732	0.01238	0
V291	0.53771	0.03292	0.42009	0.00929
V292	0.95255	0.00056	0.00024	0.04665
V293	0.33237	0.00299	0.63128	0.03336
V294	0.11091	0.29708	0	0.59201
V295	0.02051	0.11999	0.20634	0.65316
V296	0.21099	0.07016	0.6364	0.08244
V297	0.08093	0	0.06696	0.85211
V298	0.3443	0.05593	0.58984	0.00993
V299	0.08458	0.21153	0.01197	0.69191
V300	0.00185	0.01112	0.23669	0.75033
V301	0.14274	0.06243	0.67963	0.11519
V302	0.72999	0.25957	0	0.01044
V303	0.00088	0.53077	0.43793	0.03042
V304	0.06311	0.00778	0.76415	0.16495
V305	0.14566	0.10082	0.4939	0.25963
V306	0.86184	0.05294	0.04703	0.03818
V307	0.02551	0.94518	0.01471	0.0146
V308	0.27499	0.15602	0.32075	0.24823
V309	0.39683	0.23335	0.02501	0.34481
V310	0.09858	0.24072	0.1666	0.4941
V311	0.60385	0.38679	0.00541	0.00395
V312	0.13246	0.68178	0.16549	0.02027
V313	0.00518	0.07285	0.01527	0.90671
V314	0.02173	0.40311	0.13014	0.44502
V315	0.16056	0.55599	0.03756	0.24589
V316	0.3576	0.07849	0.4037	0.16022
V317	0.11997	0.64255	0.04892	0.18855
V318	0.04633	0.48678	0.01176	0.45513
V319	0.06555	0.02805	0.87715	0.02925
V320	0.09196	0.08751	0.69315	0.12738
V321	0.71236	0.28165	0.00598	0
V322	0.23638	0.24303	0.0765	0.44409
V323	0.05786	0.00386	0.08678	0.85151
V324	0.73715	0.17872	0.06813	0.016
V325	0.38373	0.55448	0.05785	0.00394
V326	0.00072	0.49397	0.10654	0.39876
V327	0.02221	0.09618	0.10968	0.77192
V328	0.05189	0.00776	0.76446	0.17589
V329	0.19766	0.06359	0.17658	0.56217
V330	0.42209	0	0.33002	0.24789
V331	0.38294	0.04718	0.04207	0.5278
V332	0.01127	0.02197	0.1886	0.77816
V333	0.47261	0.03482	0.3885	0.10407
V334	0.38649	0	0.35312	0.26039
V335	0.03133	0.25936	0.57552	0.13379
V336	0.23351	0.63279	0.02008	0.11362
V337	0.34318	0.3164	0.31449	0.02593
V338	0.00232	0.98391	0.00714	0.00663
V339	0.13965	0.00246	0.85223	0.00566
V340	0.06813	0.15622	0.57701	0.19864
V341	0.02429	0.01133	0.06055	0.90383
V342	0.27208	0	0.60318	0.12474
V343	0.9836	0.00559	0.00635	0.00447
V344	0.729	0.09693	0.17407	0
V345	0.01079	0.01211	0.97514	0.00196
V346	0.26521	0.06229	0.29777	0.37474
V347	0.04607	7e-05	0.12386	0.83
V348	0.07524	0.59288	0.16735	0.16453
V349	0.39786	0.10163	0.40169	0.09882
V350	0.03677	0.76111	0.20212	0
V351	0.01942	0.00991	0.40833	0.56234
V352	0.05264	0.00527	0.86611	0.07598
V353	0.91022	0.007	0.02987	0.05292
V354	0.06168	0.63682	0.26088	0.04063
V355	0.31205	0.03628	0.47232	0.17934
V356	0.03477	0.00432	0.09799	0.86292
V357	0.13945	0.25111	0.31294	0.29649
V358	0.59497	0.05746	0.04859	0.29897
V359	0.61356	0.02613	0.03067	0.32964
V360	0.63329	0.33752	0.01919	0.01
V361	0.00077	0.38331	0.61106	0.00487
V362	0.00233	0.97557	0.01565	0.00645
V363	0.19772	0.06528	0.49395	0.24305
V364	0.17922	0.02802	0.70066	0.0921
V365	0.28429	0.00853	0.01172	0.69546
V366	0.1044	0.62326	0.09538	0.17696
V367	0.62401	0.08621	0.00416	0.28562
V368	0.12022	0.67959	0.09455	0.10564
V369	0.02034	0.33118	0.64387	0.00462
V370	0.34853	0.1968	0.42925	0.02541
V371	0.24529	0.65493	0.02934	0.07044
V372	0.17969	0.02397	0.12157	0.67477
V373	0.09293	0.08354	0.50619	0.31734
V374	0.80141	0.002	0.19659	0
V375	0.04408	0.0151	0.14519	0.79563
V376	0.03434	0.01065	0.098	0.85702
V377	0.80424	0	0.00984	0.18592
V378	0.00883	0.01007	0.41915	0.56195
V379	0.38033	0.1347	0.0104	0.47456
V380	0.16822	0.03754	0.20638	0.58786
V381	0.76383	0.00288	0.08783	0.14546
V382	0.09298	0.01141	0.88991	0.00571
V383	0.85399	0	0.04574	0.10027
V384	0.60557	0.03871	0.13082	0.2249
V385	0.8817	0.00339	0.07019	0.04472
V386	0.3239	0.00233	0.1434	0.53038
V387	0.64886	0.08778	0.18945	0.07391
V388	0.44492	0.24259	0.15791	0.15459
V389	0.4991	0.42535	0.01135	0.06421
V390	0.34206	0.1825	0.47193	0.00351
V391	0.45779	0.06074	0.0166	0.46487
V392	0.48745	0.14808	0.17327	0.1912
V393	0.32876	0.15622	0.37101	0.144
V394	0.10872	0.16148	0.12146	0.60834
V395	0.27018	0.30726	0.22426	0.1983
V396	0.01282	0.95632	0.00617	0.02469
V397	0.8255	0.0462	0.09834	0.02996
V398	0.49941	0.08128	0.09783	0.32148
V399	0.24766	0.47024	0.17111	0.11099
V400	0.00096	0.51608	0.0718	0.41116
V401	0.04077	0.09909	0.78272	0.07741
V402	0.84289	0.1225	0.03461	0
V403	0.02417	0.00518	0.07053	0.90012
V404	0.10781	0.13172	0.66349	0.09697
V405	0.2404	0.01206	0.16853	0.57901
V406	0.71281	0.17614	0.01733	0.09372
V407	0.00232	0.98391	0.00714	0.00663
V408	0.10935	0.17327	0.43822	0.27915
V409	0.00767	0.00217	0.01906	0.9711
V410	0.12191	0.8246	0.03184	0.02164
V411	0.46086	0	0	0.53914
V412	0.18123	0.03702	0.51956	0.26219
V413	0.07281	0.40833	0.20948	0.30938
V414	0.04383	0.43243	0.38553	0.13821
V415	0.48016	0.01063	0.23037	0.27884
V416	0.01008	0.04601	0.94249	0.00142
V417	0.46145	0.52874	0.00561	0.0042
V418	0.08126	0.06037	0.1456	0.71276
V419	0.01735	0	0.02715	0.9555
V420	0.00163	0.87409	0.01295	0.11133
V421	0.17672	0.01583	0.69641	0.11105
V422	0.04954	0.0321	0.00813	0.91023
V423	0.09125	0.00559	0.88262	0.02053
V424	0.00028	0.02295	0.64461	0.33216
V425	0.06847	0.17001	0.6513	0.11022
V426	0.103	0.0185	0.81351	0.06498
V427	0.08598	0.31707	0.21843	0.37852
V428	0.12092	0.72266	0.06178	0.09463
V429	0.01627	0	0.0363	0.94743
V430	0.8091	0.11017	0.01685	0.06388
V431	0.20234	0.00789	0.46042	0.32935
V432	0.11924	0.05403	0.0484	0.77832
V433	0.07531	0.67742	0	0.24727
V434	0.36867	0.04103	0.05244	0.53786
V435	0.53923	0.00235	0.11926	0.33915
V436	0.40615	0.00229	0.11456	0.47701
V437	0.26363	0.16626	0.00393	0.56618
V438	0.67004	0.10088	0.03098	0.19811
V439	0.03666	0.06079	0.00754	0.89501
V440	0.51632	0.01587	0.0313	0.43651
V441	0.07843	0.07903	0.63678	0.20576
V442	0.37884	0.25841	0.14992	0.21283
V443	0.76869	0	0.08697	0.14434
V444	0.01079	0.01211	0.97514	0.00196
V445	0.64774	0.00472	0.32478	0.02276
V446	0.04826	0.80153	0.06366	0.08655
V447	0.68208	0.05098	0.17655	0.0904
V448	0.02156	0.03397	0.1994	0.74507
V449	0.60437	0.01665	0.28897	0.09001
V450	0.19014	0.79481	0.01505	0
V451	0.95556	0.02689	0.00034	0.0172
V452	0.03643	0.00085	0.06967	0.89305
V453	0.85212	0.03861	0.06341	0.04586
V454	0.00199	0.92753	0.05612	0.01436
V455	0.64069	0.01218	0.29247	0.05466
V456	0.37036	0.07008	0.40052	0.15904
V457	0.00767	0.00989	0.01087	0.97156
V458	0.30351	0.16401	0.00383	0.52865
V459	0.02223	0.75848	0.1099	0.10939
V460	0.96379	0.00108	0.02531	0.00982
V461	0.06023	0.01229	0.00845	0.91903
V462	0.39282	0.17804	0	0.42913
V463	0.31351	0.38889	0.17853	0.11907
V464	0.54729	0.06007	0.00391	0.38873
V465	0.48118	0.33823	0.02584	0.15475
V466	0.64181	0.12617	0.00389	0.22813
V467	0.39199	0.48313	0.08823	0.03665
V468	0.58261	0.31259	0.05257	0.05223
V469	0.01971	0.11879	0.30972	0.55178
V470	0.60525	0.0731	0.18147	0.14018
V471	0.29659	0.06424	0.03424	0.60493
V472	0.37414	0.25345	0	0.37241
V473	0.12823	0.46889	0.3836	0.01928
V474	0.12529	0	0.10307	0.77164
V475	0.22663	0.31775	0.08877	0.36686
V476	0.17696	0.00333	0.05634	0.76337
V477	0.6386	0.01576	0.20207	0.14357
V478	0.17142	0.51265	0.00401	0.31192
V479	0.01804	0.04753	0.84726	0.08718
V480	0.09805	0.23792	0.04692	0.61711
V481	0.16536	0.00555	0.81726	0.01183
V482	0.75399	0.10347	0.11179	0.03074
V483	0.14375	0.06647	0.07663	0.71315
V484	0.02477	0.03808	0.02394	0.9132
V485	0.15955	0.67765	0.01228	0.15052
V486	0.3183	0.1929	0.13849	0.35031
V487	0.08062	0.02081	0.08668	0.81189
V488	0.00034	0.00263	0.88727	0.10976
V489	0.24351	0.0593	0.68681	0.01037
V490	0.40257	0.23445	0.07334	0.28963
V491	0.52602	0.37598	0.03466	0.06333
V492	0.03588	0.80153	0.15765	0.00494
V493	0.0196	0	0.00391	0.9765
V494	0.2282	0.09953	0.5484	0.12387
V495	0.28564	0.53789	0.15752	0.01895
V496	0.34644	0.60457	0	0.04898
V497	0.00984	0.00521	0.97683	0.00812
V498	0.348	0.06287	0.05172	0.53742
V499	0.67898	0.19292	0.12492	0.00318
V500	0.118	0.07547	0.76999	0.03655
V501	0.00757	0	0.03751	0.95492
V502	0.61985	0.20004	0.15627	0.02385
V503	0.22426	0.05527	0.20712	0.51335
V504	0.29885	0.61975	0.01206	0.06934
V505	0.23331	0.14771	0.27615	0.34283
V506	0.10898	0.18452	0.49712	0.20939
V507	0.66506	0.05722	0.1213	0.15642
V508	0.81034	0.11052	0.03997	0.03917
V509	0.25869	0.03102	0.51817	0.19212
V510	0.27891	0.43224	0.28517	0.00368
V511	0.0586	0.34617	0.04807	0.54716
V512	0.26661	0.0229	0.08166	0.62883
V513	0.10302	0.57708	0.24798	0.07192
V514	0.01612	0.03494	0.00245	0.94649
V515	0.80896	0.03207	0.04621	0.11275
V516	0.93925	0.05605	0.00041	0.00428
V517	0.04253	0.00878	0.25681	0.69188
V518	0.97662	0.01817	5e-04	0.00472
V519	0.03568	0.83766	0.00492	0.12173
V520	0.02868	0	0.62729	0.34403
V521	0.60444	0.01941	0.35317	0.02298
V522	0.00725	0.07989	0.61523	0.29763
V523	0.39853	0.07697	0.26999	0.25451
V524	0.01029	0.73078	0.22714	0.03179
V525	0.29254	0.1451	0.02542	0.53694
V526	0.69067	0.04364	0.07352	0.19217
V527	0.22765	0.00771	0.40442	0.36022
V528	0.13352	0.81279	0	0.05368
V529	0.06699	0.0328	0.22948	0.67073
V530	0.00731	0.14646	0.73641	0.10983
V531	0.02552	0.83892	0.13556	0
V532	0.20717	0.25252	0.02628	0.51403
V533	0.33824	0.27117	0.15194	0.23865
V534	0.00749	0.00345	0.72815	0.26091
V535	0.56892	0	0.01015	0.42093
V536	0.21013	0	0.37329	0.41658
V537	0.65528	0.18231	0.15329	0.00912
V538	0.49228	0.0268	0.08613	0.39479
V539	0.32736	0.34649	0.17598	0.15017
V540	0.25891	0.62145	0.0808	0.03884
V541	0.02222	0.43546	0.07097	0.47135
V542	0.22671	0.07899	0.26702	0.42728
V543	0.89682	0.00012	0.01053	0.09252
V544	0.11809	0.05127	0.17707	0.65357
V545	0.40735	0.09128	0.07122	0.43014
V546	0.06439	0.85313	0.07739	0.00509
V547	0.04661	0.57558	0.366	0.01181
V548	0.20423	0.69603	0.09547	0.00426
V549	0.35798	0.01223	0.61982	0.00998
V550	0.61207	0.0115	0	0.37643
V551	0.23356	0.66735	0.03861	0.06048
V552	0.00185	0.45972	0.00443	0.53399
V553	0.26249	0.09509	0.62471	0.01771
V554	0.05955	0.05111	0.02194	0.86739
V555	0.10975	0.1626	0.3644	0.36325
V556	0.00034	0.01292	0.95345	0.0333
V557	0.84249	0.01084	0.00984	0.13683
V558	0.09107	0.73678	0.02982	0.14234
V559	0.01223	0.76214	0.22563	0
V560	0.75126	0.24471	0	0.00403
V561	0.00058	0.01092	0.98014	0.00836
V562	0.80392	0	0.11174	0.08433
V563	0.26729	0.00183	0.7264	0.00448
V564	0.06728	0.04436	0.87607	0.01229
V565	0.15026	0.19266	0.41402	0.24305
V566	0.73935	0.05828	0.00418	0.19819
V567	0.2679	0.36628	0.02647	0.33935
V568	0.25841	0	0.05403	0.68756
V569	0.7045	0.01111	0	0.28439
V570	0.03093	0.22418	0.67616	0.06873
V571	0.86434	0.0802	0	0.05546
V572	0.47541	4e-04	0.43212	0.09207
V573	0.07136	0.12407	0.00582	0.79875
V574	0.04893	0.73558	0.2033	0.01219
V575	0.02236	0.04806	0.12743	0.80214
V576	0.20538	0.74162	0.04089	0.0121
V577	0.04284	0.02029	0.21771	0.71916
V578	0.06431	0.03473	0.71097	0.18998
V579	0.01142	0.8541	0.11222	0.02226
V580	0.16349	0	0.11094	0.72557
V581	0.07133	0.04538	0.00163	0.88166
V582	0.63687	0.09368	0.03081	0.23864
V583	0.00783	0.02239	0.61451	0.35527
V584	0.57602	0.09997	0.29217	0.03184
V585	0.00878	0.00095	0.45866	0.53161
V586	0.26124	0.00247	0.648	0.08829
V587	0.29417	0.00404	0.67634	0.02544
V588	0.66316	0.02037	0.02257	0.2939
V589	0.07667	0.77489	0.07387	0.07457
V590	0.06331	0.70743	0.22472	0.00454
V591	0.00205	0.01628	0.2072	0.77447
V592	0.17768	0.01856	0.8034	0.00036
V593	0.60755	0	0.17882	0.21363
V594	0.3927	0.21293	0.35132	0.04305
V595	0.02754	0.00721	0.01733	0.94792
V596	0.04293	0.21374	0.2487	0.49464
V597	0.00068	0.51052	0.39518	0.09362
V598	0.0189	0.07764	0.89068	0.01278
V599	0.70118	0.24136	0.03306	0.0244
V600	0.4352	0.38471	0.05405	0.12604
V601	0.19221	0.20629	0.08706	0.51443
V602	0.02802	0.00859	0.00943	0.95396
V603	0.01062	0.30339	0.01253	0.67346
V604	0.56549	0.07188	0.33914	0.0235
V605	0.08288	0.25465	0.44806	0.21442
V606	0.78134	0.10046	0.0104	0.10781
V607	0.67681	0.00264	0.10714	0.21342
V608	0.25517	0.10474	0.4079	0.23219
V609	0.03142	0.17489	0.25763	0.53606
V610	0.79547	0.00604	0.08814	0.11035
V611	0.3058	0	0.05274	0.64146
V612	0.02929	0.05398	0.84916	0.06756
V613	0.04198	0.26775	0.65204	0.03824
V614	0.80045	0.03197	0.04626	0.12132
V615	0.14353	0.02825	0.00637	0.82185
V616	0.10501	0.64443	0.049	0.20156
V617	0.52138	0.10917	0.36946	0
V618	0.74028	0	0	0.25972
V619	0.41993	0.01114	0.31613	0.2528
V620	0.01006	0.60132	0.38398	0.00464
V621	0.48061	0.09831	0.17939	0.24169
V622	0.4101	0.15889	0.40629	0.02472
V623	0.02213	0.04172	0.14652	0.78963
V624	0.84291	0.14028	4e-05	0.01677
V625	0.33039	0.40742	0.10993	0.15226
V626	0.97809	0.01069	0.00042	0.0108
V627	0.00536	0.0069	0.07231	0.91543
V628	0.00291	0.17275	0.01287	0.81147
V629	0.15243	0.22039	0.30999	0.31718
V630	0.04206	0.26586	0.64432	0.04776
V631	0.02183	0.139	0.11114	0.72802
V632	0.60645	0	0.13224	0.26131
V633	0.00017	0.0141	0.85618	0.12955
V634	0.45573	0.19427	0.34671	0.00329
V635	0.03521	0.70984	0.00457	0.25038
V636	0.14297	0.06221	0.66972	0.1251
V637	0.35069	0.13435	0.09338	0.42158
V638	0.43605	0.18757	0.07196	0.30441
V639	0.32178	0.34551	0.33271	0
V640	0.04118	0.10284	0.80824	0.04773
V641	0.91456	0.01693	0.02292	0.04559
V642	0.8176	0.1182	0	0.0642
V643	0.0078	0.12864	0.4912	0.37235
V644	0.93889	0.04587	0.00538	0.00986
V645	0.31741	0.32593	0.33891	0.01775
V646	0.01395	0.97272	0.00689	0.00644
V647	0.16774	0.05072	0.72745	0.05409
V648	0.48752	0.3407	0.14619	0.02558
V649	0.02927	0.03448	0.87803	0.05823
V650	0.06474	0.05321	0.81583	0.06622
V651	0.33797	0.00139	0.6565	0.00413
V652	0.10413	0.0515	0.46122	0.38315
V653	0.1613	0.59385	0.11769	0.12716
V654	0.75954	0.13463	0.05764	0.04819
V655	0.04603	0.50195	0.0198	0.43222
V656	0.24149	0.20354	0.01067	0.54431
V657	0.02626	0.03944	0.00851	0.92579
V658	0.66777	0.1427	0.05842	0.13111
V659	0.36612	0.04746	0.3762	0.21022
V660	0.03815	0.93718	0	0.02468
V661	0.07309	0.34593	0.05809	0.52289
V662	0.44538	0.00407	0.4574	0.09315
V663	0.27259	0.03849	0.57892	0.11
V664	0.22954	0.0352	0.69142	0.04384
V665	0.75255	0.12562	0.03928	0.08255
V666	0.6029	0	0.09864	0.29846
V667	0.8003	0.03999	0.15971	0
V668	0.16152	0.73943	0.09905	0
V669	0.28261	0.32937	0.28049	0.10753
V670	0.10915	0.86739	0	0.02346
V671	0.42381	0.20958	0.27584	0.09076
V672	0.01886	0.01131	0.93846	0.03137
V673	0.2823	0.28833	0.25567	0.17369
V674	0.77373	0.09252	0.01675	0.117
V675	0.16646	0.25116	0.35935	0.22303
V676	0.03328	0.07031	0.10926	0.78715
V677	0.45782	0.31333	0.10542	0.12343
V678	0.59504	0.38911	0.01205	0.0038
V679	0.05721	0.24861	0.6828	0.01138
V680	0.37554	0.45436	0.15188	0.01822
V681	0.92967	0.03542	0.01131	0.0236
V682	0.13611	0.2294	0.59764	0.03685
V683	0.01524	0.96804	0.01672	0
V684	0.75582	0.10251	0.09428	0.04739
V685	0.56944	0.25775	0.13106	0.04175
V686	0.10838	0.12564	0.15945	0.60652
V687	0.02784	0.00151	0.01798	0.95267
V688	0.44944	0.41553	0	0.13503
V689	0.26768	0	0.04497	0.68735
V690	0.50741	0.01922	0.41658	0.05679
V691	0.17522	0.00239	0.8171	0.00529
V692	0.09184	0.09048	0.75187	0.06581
V693	0.26469	0.06294	0.3883	0.28407
V694	0.0094	0.00966	0.29972	0.68122
V695	0.25977	0	0.15571	0.58453
V696	0.08281	0.05078	0.01353	0.85289
V697	0.01596	0.02759	0.00916	0.94729
V698	0.8383	0	0.01003	0.15167
V699	0.64031	0.20445	0.06941	0.08584
V700	0.24843	0.00876	0.00562	0.73719
V701	0.14542	0.44624	0.12775	0.28059
V702	0.58129	0.0448	0.00978	0.36413
V703	0.15272	0.02555	0.50595	0.31578
V704	0.85384	0.02087	0.02262	0.10268
V705	0.96476	0	0.01114	0.0241
V706	0.08992	0.02359	0.80222	0.08427
V707	0.04269	0.3582	0.56038	0.03874
V708	0.04921	0.84137	0.02241	0.08701
V709	0.16314	0.19589	0.565	0.07597
V710	0.6678	0.14226	0.04888	0.14105
V711	0.12212	0.73892	0.10827	0.03069
V712	0.8482	0.0269	0.00439	0.12051
V713	0.50145	0.21936	0.03289	0.2463
V714	0.01025	0.60579	0.02059	0.36337
V715	0.3572	0.25251	0.32649	0.06379
V716	0.03645	0.01796	0.0429	0.90269
V717	0.10925	0.87634	0	0.01441
V718	0.18993	0.47795	0.2074	0.12472
V719	0.07586	0.64546	0.03916	0.23951
V720	0.72146	0	0.21803	0.06051
V721	0.14649	0.10749	0.50786	0.23816
V722	0.11167	0.26743	0.01099	0.6099
V723	0.11944	0.04972	0.00599	0.82484
V724	0.61056	0.00999	0.08213	0.29732
V725	4e-04	0.05954	0.90861	0.03146
V726	0.04392	0.30383	0.13821	0.51404
V727	0.3332	0.56059	0.10244	0.00376
V728	0.03625	0.84639	0.11229	0.00507
V729	0.43554	0.00217	0.15985	0.40243
V730	0.92546	0.01231	0.0392	0.02303
V731	0.03063	0.13611	0.43464	0.39862
V732	0.38941	0.04154	0.36112	0.20794
V733	0.70575	0.1241	0.03109	0.13907
V734	0.28163	0.23222	0.48255	0.0036
V735	0.01874	0.0101	0.49859	0.47256
V736	0.15313	0.00061	0.00732	0.83894
V737	0.38744	0.21118	0.25724	0.14414
V738	0.09708	0.25529	0.50436	0.14327
V739	4e-04	0.00284	0.61647	0.38028
V740	0.87668	0.04911	0.06512	0.00909
V741	0.53152	0.05765	0.126	0.28483
V742	0.48091	0.50567	0.01342	0
V743	0.1571	0.09155	0.73295	0.0184
V744	0.55902	0.01711	0.32367	0.1002
V745	0.02131	0.63038	0.21738	0.13092
V746	0.99435	0	0.00055	0.0051
V747	0.06267	0	0.7228	0.21453
V748	0.1433	0.06054	0.61718	0.17898
V749	0.31887	0.11896	0.05282	0.50936
V750	0.49332	0.36525	0.01801	0.12342
V751	0.06402	0.82966	0.04186	0.06447
V752	0.52483	0.15556	0.14058	0.17903
V753	0.01898	0.00386	0.00349	0.97367
V754	0.01202	0.91006	0	0.07793
V755	0.17615	0.13289	0.36983	0.32113
V756	0.02606	0.00112	0.04341	0.92941
V757	0.41631	0.48941	0.06699	0.0273
V758	0.0622	0.70932	0.14393	0.08454
V759	0.14121	0.03087	0.41911	0.40881
V760	0.32404	0.02855	0.2863	0.36111
V761	0.08649	0.50028	0.32083	0.0924
V762	0.00229	0.31393	0.01249	0.67129
V763	0.45213	0.27106	0.02522	0.25159
V764	0.01141	0.9055	0.00545	0.07764
V765	0.7029	0.05167	0	0.24543
V766	0.01887	0.2475	0.49495	0.23869
V767	0.5342	0.07453	0.24839	0.14288
V768	0.07919	0.87518	0.02319	0.02245
V769	0.19108	0.76557	0.03104	0.01231
V770	0.01395	0.97272	0.00689	0.00644
V771	0.18797	0.00549	0.79524	0.0113
V772	0.15447	0.02241	0.81835	0.00477
V773	0.21669	0.76474	0.00577	0.0128
V774	0.01889	0.00316	0.94548	0.03246
V775	0.12755	0.0192	0.28949	0.56376
V776	0.50776	0.32745	0.05249	0.1123
V777	0.19788	0.07207	0.1442	0.58585
V778	0.60793	0.19734	0.06965	0.12508
V779	0.19172	0.01961	0.50945	0.27923
V780	0.14556	0.70048	0.15396	0
V781	0.04929	0.0112	0.02432	0.91519
V782	0.00748	0.07839	0.84552	0.06861
V783	0.81211	0.00599	0.04546	0.13643
V784	0.14865	0.8322	0.01397	0.00518
V785	0.05198	0.91082	0.01404	0.02316
V786	0.77421	0.10297	0.08405	0.03877
V787	0.00151	0.80039	0.19289	0.0052
V788	0.58013	0.21971	0.15871	0.04145
V789	0.08497	0.29059	0.02722	0.59722
V790	0.48219	0.01076	0.07639	0.43066
V791	0.16732	0.29524	0.37128	0.16616
V792	0.17044	0.45353	0.00421	0.37181
V793	0.16095	0.57908	0.03776	0.22221
V794	0.05363	0.04668	0.82343	0.07626
V795	0.11776	0.0209	0.05812	0.80322
V796	0.03025	0.05111	0.8978	0.02084
V797	0.77739	0	0.21358	0.00903
V798	0.68775	0.21735	0.07875	0.01614
V799	0.17696	0.71018	0.0299	0.08296
V800	0.0759	0.00954	0.53253	0.38203
V801	0.15824	0.07276	0.34875	0.42025
V802	0.04174	0.04609	0.28694	0.62523
V803	0.27633	0.4316	0.29207	0
V804	0.5592	0.00398	0.37336	0.06346
V805	0.01173	0.00646	0.97968	0.00213
V806	0.0644	0.87867	0.01316	0.04376
V807	0.28873	0.10325	0.03444	0.57358
V808	0.73089	0.1959	0.04121	0.03201
V809	0.04623	0.02316	0.92944	0.00116
V810	0.01476	0.97826	0	0.00698
V811	0.46695	0.03969	0.20634	0.28703
V812	0.61794	0.18777	0.04994	0.14434
V813	0.65532	0.13081	0.19054	0.02333
V814	0.51503	0.43511	0.04619	0.00368
V815	0.00194	0.90096	0.09144	0.00566
V816	0.94025	0	0.05975	0
V817	0.03041	0.04593	0.91072	0.01294
V818	0.00538	0.02669	0.0349	0.93304
V819	0.86867	0.04637	0.04686	0.0381
V820	0.14374	0.06165	0.02017	0.77444
V821	0.26111	0.23856	0.42579	0.07454
V822	0.0791	0.01019	0.89019	0.02052
V823	0.03025	0.13525	0.73563	0.09887
V824	0.11245	0.30675	0.5808	0
V825	0.26567	0.21645	0.27756	0.24033
V826	0.5044	0.32131	0.16454	0.00975
V827	0.46084	0.49979	0.0118	0.02757
V828	0.25302	0.11058	0.11712	0.51928
V829	0.04521	0.18581	0.03811	0.73087
V830	0.25437	0.1659	0.02568	0.55404
V831	0.81459	0.05073	0.02978	0.1049
V832	0.32725	0.3137	0.18655	0.1725
V833	0.18784	0.42326	0.20702	0.18188
V834	0.32035	0.0409	0.0817	0.55705
V835	0.43344	0.35503	0.12786	0.08367
V836	0.01083	0.61173	0.00473	0.37271
V837	0.27019	0.29764	0.21089	0.22129
V838	0.94952	0.02115	0.02543	0.00389
V839	0.37361	0.51256	0.1101	0.00372
V840	0.36522	0.62814	0.00664	0
V841	0.00036	0.02299	0.91662	0.06003
V842	0.40303	0.10915	0.2737	0.21412
V843	0.01804	0.00923	0.89494	0.07779
V844	0.13022	0.05045	0.40376	0.41557
V845	0.07916	0.06752	0.78744	0.06587
V846	0	0.00481	0.77548	0.21971
V847	0.00866	0	0.01181	0.97953
V848	0.11649	0.42696	0.19845	0.2581
V849	0.00199	0.946	0.00596	0.04605
V850	0.97807	0	0.01161	0.01032
V851	0.40337	0.4357	0.16093	0
V852	0.11704	0.02581	0.13266	0.72449
V853	0.28571	0.15855	0.43163	0.1241
V854	0.65489	0.10919	0.10569	0.13023
V855	0.00866	0	0.01181	0.97953
V856	0.05553	0.27815	0.40256	0.26376
V857	0.73279	0.11725	0.03107	0.11889
V858	0.58454	0.00254	0.40929	0.00363
V859	0.72223	0.16713	0.0174	0.09324
V860	0.20947	0.07236	0.05553	0.66264
V861	0.11237	0.28411	0.5925	0.01102
V862	0.15402	0.05131	0.74986	0.04481
V863	0.21499	0.03413	1e-05	0.75086
V864	0.06978	0.01571	0.05012	0.86438
V865	0.12519	0	0.27202	0.60279
V866	0.75156	0.00452	0.23506	0.00886
V867	0.7521	0.00922	0.23541	0.00327
V868	0.58328	0.19956	0.13941	0.07775
V869	0.02643	0.96056	0.00686	0.00615
V870	0.12538	0.26759	0.01838	0.58864
V871	0.00199	0.946	0.00596	0.04605
V872	0.0103	0.00471	0.25632	0.72868
V873	0.91158	0.01192	0.04634	0.03016
V874	0.25549	0.71213	0.03238	0
V875	0.01984	0.13631	0.22048	0.62337
V876	0.19397	0.25182	0.45767	0.09654
V877	0.05668	0.32026	0.34401	0.27905
V878	0.17519	0.74849	0.07632	0
V879	0.24745	0.61354	0.0479	0.09111
V880	0.37586	0.45935	0.00411	0.16069
V881	0.16558	0.02107	0.61861	0.19474
V882	0.81419	0	0.11856	0.06725
V883	0.32173	0.14343	0.53484	0
V884	0.02393	0.21491	0	0.76116
V885	0.76042	0.15232	0.08727	0
V886	0.01914	0.29182	0.53188	0.15715
V887	0.67763	0.03181	0.15565	0.13492
V888	0.11542	0.02339	0.76768	0.09351
V889	0.94153	0.0251	0.01738	0.01599
V890	0.0407	0.09659	0.66639	0.19632
V891	0.66535	0.0231	0.27353	0.03802
V892	0.31484	0.12803	0.01031	0.54682
V893	0.64304	0.14589	0.15346	0.05761
V894	0.08269	0.24186	0.63773	0.03771
V895	0.636	0.03238	0.19586	0.13576
V896	0.05245	0.9178	0.00603	0.02372
V897	0.75229	0.18543	0.00432	0.05795
V898	0.48113	0	0.0043	0.51456
V899	0.0324	0.13683	0.15095	0.67981
V900	0.09694	0.22347	0.40843	0.27117
V901	0.04942	0.78963	0.00469	0.15627
V902	0.06469	0.87485	0.05528	0.00518
V903	0.00809	0.34886	0.5939	0.04916
V904	0.02687	0.9665	0	0.00663
V905	0.16132	0	0.1771	0.66158
V906	0.43996	0.05248	0.10919	0.39838
V907	0.51126	0.41515	0.01919	0.0544
V908	0.01363	0.02294	0.07029	0.89313
V909	0.17587	0.74037	0	0.08376
V910	0.1741	0	0.11787	0.70803
V911	0.59475	0.30135	0.03354	0.07036
V912	0.4573	0.24138	0.13621	0.16511
V913	0.11838	0	0.00829	0.87333
V914	0.22856	0.40612	0.32816	0.03717
V915	0.23315	0	0.0064	0.76045
V916	0.28045	0.02851	0.64857	0.04247
V917	0.74353	0.01105	0.15884	0.08658
V918	0.05987	0.55918	0.27559	0.10535
V919	0.235	0.16785	0.32367	0.27349
V920	0.67576	0.13493	0.09611	0.0932
V921	0.03493	0.11516	0.02989	0.82002
V922	0.12885	0.38309	0.44069	0.04737
V923	0.08272	0.00429	0.04171	0.87127
V924	0.04593	0.60428	0.31948	0.03031
V925	0.19119	0.01446	0.01244	0.7819
V926	0.21382	0.00873	0.02808	0.74938
V927	0.02431	0.018	0.05208	0.9056
V928	0.0642	0.85423	0.00535	0.07622
V929	0.07516	0.5688	0.15523	0.2008
V930	0.58425	0.28348	0.03326	0.09901
V931	0.1636	0.20518	0.5551	0.07612
V932	0.04045	0.07152	0.64882	0.23921
V933	0.67187	0.30674	0.01132	0.01008
V934	0.00927	0.10218	0.29513	0.59341
V935	0.61765	0.10457	0.21171	0.06608
V936	0.59001	0.19768	0.01664	0.19567
V937	0.5936	0.07935	0.0864	0.24065
V938	0.41114	0.02234	0.3109	0.25562
V939	0.77728	0.00601	0.07043	0.14628
V940	0.0349	0.74235	0.18055	0.04219
V941	0.00094	0.00607	0.98405	0.00895
V942	0.78871	0.12912	0.0665	0.01567
V943	0.43975	0.08079	0.42932	0.05013
V944	0.02212	0.20323	0.06927	0.70539
V945	0.63316	0.26847	0.01057	0.0878
V946	0.51388	0.1886	0.26447	0.03305
V947	0.09114	0.02518	0.2399	0.64377
V948	0.37002	0.01167	0.60137	0.01694
V949	0.00146	0.07068	0.21331	0.71455
V950	0.07322	0.45429	0.24931	0.22319
V951	0.84538	0.00458	0.14674	0.0033
V952	0.07969	0.08306	0.28323	0.55401
V953	0.01863	0.03084	0.91987	0.03067
V954	0.04392	0.12755	0.15003	0.6785
V955	0.15891	0.51978	0.02803	0.29327
V956	0.0393	0.00962	0.5329	0.41819
V957	0.3504	0.00367	0	0.64593
V958	0.0196	0	0.00391	0.9765
V959	0.27165	0.18951	0.46536	0.07348
V960	0.27372	0.20388	0.08591	0.43649
V961	0.16747	0.30467	0.396	0.13186
V962	0.41143	0.11083	0.40786	0.06989
V963	0.65321	0.11071	0.16149	0.07459
V964	0.86274	0.01155	0.09609	0.02962
V965	0.07282	0.42009	0.22244	0.28465
V966	0.97844	0.00514	0.00614	0.01028
V967	0.06478	0.02073	0.55091	0.36358
V968	0.00022	0.10423	0.82644	0.0691
V969	0.01055	0.22502	0.03848	0.72595
V970	0.04067	0.07607	0.45765	0.42561
V971	0.54634	0.04717	0.33192	0.07457
V972	0.56731	0.13549	0.05004	0.24716
V973	0.3274	0.33268	0.08679	0.25312
V974	0.00954	0.73673	0.15716	0.09657
V975	0.12117	0.2253	0.64935	0.00417
V976	0.50028	0.17633	0.12245	0.20094
V977	0.37369	0.27445	0.34845	0.00341
V978	0.06969	0.05506	0.06876	0.80649
V979	0.81982	0.00461	0.17231	0.00327
V980	0.99435	0	0.00055	0.0051
V981	0.36763	0.01276	0.43608	0.18354
V982	0.51621	0.30994	0.08304	0.09081
V983	0.73106	0.03199	0.00414	0.23281
V984	0.02285	0.8	0.13423	0.04292
V985	0.08369	0.13966	0.00526	0.77139
V986	0.39624	0.43116	0.05493	0.11767
V987	0.30752	0.67157	0	0.02091
V988	0.22423	0.00361	0.01232	0.75984
V989	0.52122	0.37709	0.08424	0.01745
V990	0.00013	0.02614	0.82421	0.14952
V991	0.71216	0.27735	0	0.01049
V992	0.2249	0.00101	0.52418	0.24991
V993	0.08942	0.65905	0.20084	0.05069
V994	0.24506	0.71231	0.03064	0.01198
V995	0.78102	0.06396	0.03029	0.12473
V996	0.29618	0.08023	0.01088	0.61271
V997	0.01772	0.00525	0.84975	0.12727
V998	0.89035	0.0035	0.06147	0.04468
V999	0.16311	0.8313	0	0.00559
V1000	0.32972	0.00862	0	0.66165
