CD56NK	CD4MemoryT	CD19B	CD14
V1	0.56346	0	0.15244	0.28409
V2	0.14106	0.04934	0.03835	0.77126
V3	0.0567	0.5772	0.00832	0.35778
V4	0.89836	0.08089	0	0.02075
V5	0.11782	0.43405	0.26219	0.18595
V6	0.08444	0.87372	0.01837	0.02347
V7	0.14885	0.30238	0.07423	0.47455
V8	0.14129	0.00063	0.82413	0.03395
V9	0.2424	0.17909	0.02866	0.54986
V10	0.0156	0.00158	0.92573	0.05709
V11	0.23587	0.31432	0.44538	0.00443
V12	0.02636	0.56949	0.39102	0.01313
V13	0.30275	0.67113	0.00403	0.02209
V14	0.07561	0.913	0.00523	0.00615
V15	0.12858	0.56854	0.11936	0.18352
V16	0.9343	0.02037	0.01623	0.02911
V17	0.09639	0.86942	0.01073	0.02345
V18	0.62521	0.29834	0.03697	0.03948
V19	0.18157	0.80026	0.00424	0.01393
V20	0.17377	0.40678	0.01437	0.40508
V21	0.14174	0.0218	0.80329	0.03316
V22	0.01467	0.052	0.18628	0.74705
V23	0.41687	0.01402	0.56439	0.00473
V24	0.96094	0.01262	0.02643	1e-05
V25	0.36862	0.18047	0.12141	0.3295
V26	0.42584	0.332	0.0145	0.22765
V27	0.08773	0.0255	0.01092	0.87585
V28	0.00075	0.0156	0.98323	0.00041
V29	0.47448	0.00586	0.48963	0.03002
V30	0.10128	0.15676	0.27227	0.46968
V31	0.21699	0.13702	0.29392	0.35208
V32	0.0667	0.00653	0.02046	0.90631
V33	0.04572	0.46366	0.37784	0.11278
V34	0.14082	0.0093	0.81659	0.03329
V35	0.18456	0.70458	0.07832	0.03255
V36	0.00576	0.01129	0.46069	0.52226
V37	0.56367	0.03716	0.08517	0.314
V38	0.42909	0	0.15277	0.41814
V39	0.18212	0.53099	0.12871	0.15818
V40	0.11123	0.81516	0.07362	0
V41	0.00754	0.64166	0.03807	0.31273
V42	0.22192	0.00764	0.18996	0.58048
V43	0.14446	0.29684	0.52642	0.03227
V44	0.0139	0.03588	0.75883	0.1914
V45	0.10701	0.56745	0.22556	0.09998
V46	0.84148	0.04239	0.11184	0.00429
V47	0.49887	0.13684	0.31431	0.04998
V48	0.84444	0.13125	0.00424	0.02006
V49	0.76991	0.14439	0	0.08571
V50	0.07339	0.83845	0.08284	0.00532
V51	0.35364	0.35631	0.25914	0.03091
V52	0.02488	0.06552	0.87479	0.03481
V53	0.77238	0.0855	0.14212	0
V54	0.47202	0.141	0.36627	0.02071
V55	0.2218	0.07926	0.23135	0.4676
V56	0.03581	0.00089	0.0677	0.8956
V57	0.10936	0.85819	0.01852	0.01394
V58	0.6414	0	0.03338	0.32522
V59	0.48251	0.3638	0.10329	0.0504
V60	0.13511	0.09971	0.3249	0.44028
V61	0.83953	0.06732	0.00891	0.08423
V62	0.91308	0.01421	0.06086	0.01186
V63	0.01774	0.83878	0.12045	0.02304
V64	0.00854	0.83794	0	0.15352
V65	0.0089	0	0.0798	0.9113
V66	0.24202	0.6675	0.01633	0.07414
V67	0.17175	0.28523	0.53056	0.01246
V68	0.15312	0.09778	0.01502	0.73408
V69	0.02491	0.2678	0.65211	0.05518
V70	0.59123	0.10217	0.17384	0.13276
V71	0.16904	0.03504	0.36864	0.42728
V72	0.61883	0.10763	0.0874	0.18614
V73	0.16939	0.5917	0.1402	0.09872
V74	0.06101	0.18247	0.75652	0
V75	0.7304	0	0.17705	0.09255
V76	0.00049	0.12081	0.16803	0.71066
V77	0.03387	0.23661	0.00262	0.7269
V78	0.3203	0.06976	0.17541	0.43453
V79	0.00558	0.05493	0.83904	0.10044
V80	0.38075	0.00028	0.52803	0.09094
V81	0.05978	0.11613	0.8187	0.00539
V82	0.00017	0.03336	0.95935	0.00712
V83	0.13152	0.12578	0.06342	0.67929
V84	0.40681	0.01881	0.14948	0.42491
V85	0.11661	0.2645	0.4208	0.1981
V86	0.04655	0.01795	0.89021	0.04529
V87	0.0365	0.8358	0.05062	0.07708
V88	0.16586	0.02752	0.25573	0.55089
V89	0.0154	2e-04	0.18296	0.80144
V90	0.02839	0.90342	0.05391	0.01428
V91	0.03637	0.7366	0.1934	0.03363
V92	0.48588	0.00331	0.36883	0.14198
V93	0.89647	0.00331	0	0.10022
V94	0.01521	0.39192	0.0146	0.57828
V95	0.28769	0.38766	0.15688	0.16778
V96	0.06463	0.06104	0.01689	0.85744
V97	0.73283	0.06623	0.19671	0.00423
V98	0.73062	0.25682	0	0.01256
V99	0.83681	0.02173	0.13715	0.0043
V100	0.08271	0.00541	0.88794	0.02395
V101	0.01175	0.01259	0.00323	0.97244
V102	0.95207	0.03013	0.00496	0.01284
V103	0.0084	0.01972	0.07758	0.89429
V104	0.03097	0.9573	0.0053	0.00643
V105	0.06337	0.91867	0.01195	0.00601
V106	0.13141	0.48618	0.33875	0.04367
V107	0.21108	0.14876	0.58684	0.05332
V108	0.17257	0.73604	0.09139	0
V109	0.01386	0.10796	0.6088	0.26937
V110	0.06091	0.88202	0.03353	0.02354
V111	0.93257	0	0.06219	0.00524
V112	0.13127	0.02891	0.42349	0.41634
V113	0.19393	0.0627	0.16419	0.57918
V114	0.24209	0.02012	0.07003	0.66777
V115	0.00839	0.75253	0.23379	0.00529
V116	0.15489	0.2626	0.38546	0.19705
V117	0.72801	0.20411	0.02921	0.03868
V118	0.17812	0.54021	0.03012	0.25155
V119	0.1075	0.04373	0.03981	0.80896
V120	0.08257	0.03397	0.86935	0.01411
V121	0.6357	0.08166	0.08674	0.1959
V122	0.97622	0	0.01085	0.01293
V123	0.00732	0.46442	0.03797	0.49029
V124	0.69984	0.24207	0	0.05809
V125	0.43688	0.36951	0.17268	0.02093
V126	0.03334	0.10312	0.04014	0.82339
V127	0.16416	0.02099	0.24362	0.57124
V128	0.0252	0.00087	0.09429	0.87964
V129	0.63436	0.1807	0.15538	0.02955
V130	0.00762	0.64576	0.34154	0.00508
V131	0.02757	0.88454	0	0.08789
V132	0.95681	0	0.02296	0.02023
V133	0.93884	0.00356	0.04548	0.01212
V134	0.11426	0.33919	0.12668	0.41986
V135	0.07271	0.00412	0.16276	0.76041
V136	0.25965	0.34752	0.00797	0.38487
V137	0.68942	0.01346	0.23104	0.06608
V138	0.23462	0.35498	0.17773	0.23267
V139	0.38643	0.15215	0.19053	0.27089
V140	0.02496	0.0546	0.04201	0.87843
V141	0.06556	0.10652	0.55779	0.27013
V142	0.81211	0	0.18789	0
V143	0.46887	0.20656	0.06181	0.26276
V144	0.1701	0.10593	0.15826	0.5657
V145	0.00127	0.76009	0.2332	0.00545
V146	0.04703	0.00167	0.02139	0.92991
V147	0.93853	0.00797	0.01609	0.03741
V148	0.13595	0.03756	0.58709	0.2394
V149	0.29704	0.47978	0.21881	0.00437
V150	0.09349	0.19321	0.62381	0.08949
V151	0.23018	0.59626	0.03053	0.14302
V152	0.26492	0.40367	0.22191	0.1095
V153	0.11723	0.73403	0.01639	0.13235
V154	0.27665	0.41739	0.2745	0.03146
V155	0.52213	0.09595	0.27955	0.10237
V156	0.03264	0.0923	0.72781	0.14725
V157	0.33301	0.10685	0.31165	0.2485
V158	0.01172	0	0.01694	0.97134
V159	0.91326	0.03996	0	0.04678
V160	0.70175	0	0.05638	0.24187
V161	0.20469	0	0.02372	0.77159
V162	0.06494	0.24697	0.07404	0.61405
V163	0.10519	0.45182	0.17001	0.27298
V164	0.37266	0.25396	0.10259	0.27078
V165	0.00833	0.21898	0	0.77269
V166	0.00838	0.06215	0.0593	0.87017
V167	0.34135	0	0.00334	0.65531
V168	0.32215	0.53954	0.07536	0.06295
V169	0.1855	0.02847	0.03021	0.75582
V170	0.10756	0.00428	0.51331	0.37485
V171	0.14343	0.19532	0.61753	0.04373
V172	0.74512	0	0.25032	0.00457
V173	0.02475	0.10518	0.0321	0.83797
V174	0.01543	0.12036	0.06593	0.79828
V175	0.06502	0	0.79315	0.14183
V176	0.00843	0.81514	0.171	0.00543
V177	0.01061	0.97318	0	0.01621
V178	0.00802	0.74201	0.00288	0.24709
V179	0.16384	0	0.36653	0.46963
V180	0.03083	0.89254	0.07663	0
V181	0.17868	0.08673	0.55366	0.18092
V182	0.33715	0.13225	0.46785	0.06275
V183	0.20536	0.78457	0.00458	0.00549
V184	0.99236	0	0.00744	2e-04
V185	0.61219	0.37258	0.01062	0.0046
V186	0.13008	0.44881	0.27269	0.14842
V187	0.97052	0.00021	0.02389	0.00538
V188	0.05504	0.18752	0	0.75743
V189	0.82941	0.00641	0.01438	0.14979
V190	0.69415	0.00058	0.30076	0.00451
V191	0.21088	0.15992	0.58641	0.04278
V192	0.33315	0.42088	0.04556	0.20041
V193	0.63585	0.01213	0.22433	0.12769
V194	0.0404	0.93084	0.00426	0.0245
V195	0.00802	0.01078	0.97398	0.00722
V196	0.00994	0.04471	0.00693	0.93842
V197	0.41471	0.02494	0.021	0.53935
V198	0.06906	0.47882	0.38603	0.06609
V199	0.16353	0.00795	0.16063	0.66788
V200	0.13758	0.52539	0.01466	0.32237
V201	0.106	0.52796	0.19301	0.17304
V202	0.01366	0.00389	0.78263	0.19983
V203	0.18639	0.39185	0.39992	0.02184
V204	0.00767	0.48954	0.00203	0.50076
V205	0.01627	0.02927	0.93932	0.01514
V206	0.04898	0.06038	0.88477	0.00587
V207	0.13188	0.14293	0.04614	0.67905
V208	0.27918	0.03514	0.67296	0.01271
V209	0.335	0.42359	0.06439	0.17702
V210	0.09579	0.75912	0.09026	0.05483
V211	0.41813	0.00248	0.02788	0.55151
V212	0.54932	0.01655	0.414	0.02013
V213	0.65742	0.0113	0.10128	0.23
V214	0.35168	0.11213	0.15859	0.37761
V215	0.29083	0.0619	0.01408	0.6332
V216	0.02966	0	0.01623	0.95411
V217	0.04507	0.45517	0.23725	0.2625
V218	0.10456	0.40451	0.16854	0.32238
V219	0.11493	0.60287	0.00857	0.27363
V220	0.00807	0.81141	0.00293	0.17759
V221	0.8113	0	0.00327	0.18542
V222	0.34503	0.08937	0.36696	0.19863
V223	0.00571	0.09642	0.80837	0.0895
V224	0.98001	0	0.01992	8e-05
V225	0.06272	0.87798	0.05378	0.00553
V226	0.34146	0.05077	0.59548	0.01229
V227	0.81169	0	0.17682	0.01149
V228	0.80983	0.03797	0.05833	0.09387
V229	0.01603	0.00764	0.95064	0.02569
V230	0.01041	0.01161	0.01625	0.96173
V231	0.0145	0.22624	0.10287	0.65638
V232	0.04639	0.6136	0	0.34002
V233	0.60539	0.05357	0.18905	0.15198
V234	0.04051	0.91874	0.02618	0.01456
V235	0.41297	0.0315	0.52502	0.03051
V236	0.04505	0.03788	0.82854	0.08852
V237	0.15143	0	0.02515	0.82342
V238	0.14419	0.53288	0.26902	0.05391
V239	0.06539	0.35119	0.01415	0.56927
V240	0.52623	0.01544	0.4097	0.04864
V241	0.0151	0.00139	0.90485	0.07866
V242	0.14583	0.75079	0.09039	0.01298
V243	0.26275	0.01837	0.63521	0.08368
V244	0.22005	0	0.68662	0.09332
V245	0.65175	0.24521	0.04417	0.05887
V246	0.05826	0.11002	0.80842	0.02331
V247	0.18292	0.00748	0.8096	0
V248	0.01751	0.01437	0.03651	0.93162
V249	0	0.01954	0.90119	0.07927
V250	0.79184	0	0.2036	0.00456
V251	0.96393	0.0251	0.00547	0.0055
V252	0.0103	0.83607	0.15363	0
V253	0.37671	0.03877	0.15153	0.43299
V254	0.0099	0.93803	0.04593	0.00613
V255	0.04992	0.90508	0	0.045
V256	0.19602	0.1664	0.53871	0.09888
V257	0.45099	0.06183	0.22602	0.26116
V258	0.19593	0.21732	0.44008	0.14667
V259	0.03433	0.25776	0.66313	0.04478
V260	0.00019	0.2561	0.738	0.0057
V261	0.64506	0.01166	0.1844	0.15888
V262	0.08745	0.03243	0.01093	0.86919
V263	0.01976	0.95457	0	0.02567
V264	0.16803	0.0149	0.41917	0.3979
V265	0.02471	0	0.11915	0.85614
V266	0.6836	0.31125	0.00514	0
V267	3e-05	0.13065	0.2732	0.59612
V268	0.38771	0.00667	0.12972	0.4759
V269	0.00681	0.53502	0.40323	0.05494
V270	0.67674	0.00729	0.23046	0.08552
V271	0.83104	0.03807	0.02743	0.10347
V272	0.0586	0.81045	0.00922	0.12173
V273	0.04598	0.00741	0.02838	0.91823
V274	0.71969	0	0.16837	0.11194
V275	0.00024	0.01183	0.9802	0.00772
V276	0.54002	0.28622	0.00828	0.16548
V277	0.03252	0.15662	0.14918	0.66168
V278	0.03129	0.02946	0.27415	0.6651
V279	0.72173	0.03004	0.10181	0.14643
V280	0.01172	0	0.01694	0.97134
V281	0.56031	0.01105	0.12852	0.30012
V282	0.05586	0.03848	0.83929	0.06637
V283	0.23217	0.54387	0.05619	0.16777
V284	0.02909	0.91115	0.05401	0.00575
V285	0.0774	0.00438	0.91799	0.00024
V286	0.27259	0.51316	0.10588	0.10836
V287	0.10786	0.85806	0.01071	0.02338
V288	0.01438	0.22887	0.43598	0.32077
V289	0.31533	0.1711	0.42795	0.08562
V290	0.85583	0.13253	0.01163	0
V291	0.52916	0.0387	0.42049	0.01165
V292	0.94482	0	0	0.05518
V293	0.32165	0.00203	0.63523	0.04109
V294	0.08689	0.31559	0	0.59753
V295	0.01436	0.12894	0.17881	0.67789
V296	0.19342	0.08146	0.62744	0.09768
V297	0.06478	0	0.05808	0.87714
V298	0.33211	0.06587	0.58975	0.01227
V299	0.06515	0.22485	0.00854	0.70145
V300	0.00037	0.01229	0.21228	0.77506
V301	0.12563	0.07332	0.66725	0.13381
V302	0.69166	0.29577	0	0.01257
V303	0.00105	0.57604	0.38926	0.03366
V304	0.05353	0.00812	0.74962	0.18873
V305	0.12528	0.11414	0.46663	0.29395
V306	0.84984	0.06064	0.0431	0.04643
V307	0.01933	0.95363	0.01175	0.01529
V308	0.24464	0.17649	0.29817	0.2807
V309	0.34817	0.25922	0.02057	0.37204
V310	0.07742	0.26197	0.14385	0.51676
V311	0.55762	0.43309	0.00449	0.0048
V312	0.10752	0.72844	0.14134	0.0227
V313	0.00242	0.07634	0.01264	0.9086
V314	0.01538	0.42571	0.1065	0.45241
V315	0.12734	0.58967	0.03022	0.25277
V316	0.33255	0.09084	0.38878	0.18783
V317	0.09313	0.67429	0.03857	0.19401
V318	0.03398	0.50798	0.00793	0.4501
V319	0.05743	0.03254	0.87546	0.03457
V320	0.07854	0.09959	0.67499	0.14688
V321	0.67309	0.32177	0.00514	0
V322	0.19912	0.26668	0.06341	0.47079
V323	0.04475	0.00519	0.07535	0.8747
V324	0.71121	0.20635	0.0623	0.02014
V325	0.34078	0.60478	0.04983	0.0046
V326	0.00068	0.51633	0.08558	0.39741
V327	0.01536	0.10273	0.09262	0.7893
V328	0.04297	0.00808	0.74805	0.2009
V329	0.16758	0.07047	0.15624	0.60571
V330	0.39549	0	0.31871	0.2858
V331	0.3406	0.05337	0.03534	0.57069
V332	0.0071	0.02493	0.16602	0.80195
V333	0.4534	0.04086	0.38136	0.12438
V334	0.36043	0	0.33998	0.29959
V335	0.02433	0.29155	0.53508	0.14904
V336	0.19264	0.67163	0.01623	0.1195
V337	0.31373	0.36068	0.29432	0.03127
V338	0.00248	0.98508	0.0055	0.00694
V339	0.13266	0.00141	0.85988	0.00605
V340	0.05572	0.17679	0.54372	0.22377
V341	0.01685	0.01376	0.05205	0.91734
V342	0.25418	0	0.59933	0.14649
V343	0.9838	0.00479	0.00561	0.00579
V344	0.71755	0.11135	0.1711	0
V345	0.00931	0.01333	0.97702	0.00034
V346	0.23613	0.07165	0.27482	0.41739
V347	0.03419	0.00052	0.11017	0.85511
V348	0.05793	0.62956	0.14082	0.17168
V349	0.37603	0.11806	0.3883	0.11762
V350	0.02938	0.79797	0.17265	0
V351	0.01396	0.01082	0.37488	0.60033
V352	0.04515	0.005	0.86201	0.08783
V353	0.90198	0.00673	0.02744	0.06386
V354	0.04826	0.6807	0.22669	0.04435
V355	0.28926	0.04234	0.45808	0.21032
V356	0.02525	0.00551	0.08492	0.88432
V357	0.11527	0.28032	0.28114	0.32327
V358	0.55315	0.06602	0.04188	0.33895
V359	0.57199	0.03032	0.02662	0.37108
V360	0.58933	0.38203	0.01662	0.01202
V361	0.00055	0.42709	0.56699	0.00537
V362	0.00255	0.97816	0.01257	0.00672
V363	0.17553	0.07606	0.47065	0.27777
V364	0.16319	0.0325	0.69565	0.10866
V365	0.24942	0.00991	0.00912	0.73155
V366	0.08138	0.65809	0.07719	0.18334
V367	0.57961	0.09728	0.00247	0.32063
V368	0.09413	0.71717	0.07772	0.11098
V369	0.01598	0.3725	0.60633	0.00518
V370	0.32584	0.22882	0.41428	0.03107
V371	0.20519	0.69578	0.02427	0.07476
V372	0.15149	0.02737	0.1071	0.71403
V373	0.0767	0.09356	0.47463	0.35511
V374	0.80164	0.00094	0.19742	0
V375	0.03306	0.01739	0.1275	0.82206
V376	0.02482	0.01302	0.08455	0.87762
V377	0.77701	0	0.0086	0.2144
V378	0.00582	0.01096	0.38431	0.59891
V379	0.33619	0.1475	0.0073	0.50902
V380	0.14135	0.04194	0.1847	0.63201
V381	0.74315	0.00229	0.08206	0.1725
V382	0.08493	0.01326	0.89574	0.00608
V383	0.83871	0	0.04171	0.11958
V384	0.57097	0.04512	0.12263	0.26129
V385	0.87656	0.00272	0.0663	0.05442
V386	0.28889	0.00236	0.12998	0.57878
V387	0.62487	0.1029	0.18285	0.08938
V388	0.4036	0.27768	0.14279	0.17593
V389	0.44626	0.47315	0.00915	0.07144
V390	0.32418	0.21198	0.45948	0.00436
V391	0.41335	0.06714	0.01322	0.50629
V392	0.4504	0.16916	0.16003	0.22041
V393	0.30072	0.17849	0.35333	0.16745
V394	0.08649	0.17355	0.10305	0.63692
V395	0.23482	0.3451	0.20017	0.21991
V396	0.00991	0.96008	0.00485	0.02515
V397	0.8147	0.05397	0.09398	0.03735
V398	0.45807	0.09111	0.08837	0.36244
V399	0.20925	0.52035	0.14905	0.12135
V400	0.00083	0.53601	0.05635	0.40682
V401	0.03355	0.11349	0.76363	0.08933
V402	0.82827	0.13983	0.0319	0
V403	0.01683	0.00728	0.06061	0.91528
V404	0.09232	0.15003	0.64518	0.11248
V405	0.21031	0.01338	0.15155	0.62475
V406	0.67532	0.20088	0.01477	0.10903
V407	0.00248	0.98508	0.0055	0.00694
V408	0.09114	0.19385	0.40461	0.3104
V409	0.00377	0.00548	0.01705	0.9737
V410	0.09575	0.85541	0.02563	0.02321
V411	0.41901	0	0	0.58099
V412	0.15988	0.04295	0.49815	0.29902
V413	0.05651	0.44081	0.1788	0.32389
V414	0.03419	0.47318	0.343	0.14963
V415	0.44929	0.01202	0.21764	0.32105
V416	0.00872	0.05224	0.93888	0.00016
V417	0.41399	0.57663	0.00445	0.00493
V418	0.06386	0.06563	0.12755	0.74295
V419	0.01138	0	0.02347	0.96516
V420	0.00159	0.87901	0.01002	0.10938
V421	0.16101	0.01807	0.69046	0.13046
V422	0.03739	0.036	0.00624	0.92037
V423	0.08271	0.00541	0.88794	0.02395
V424	0	0.02584	0.60991	0.36425
V425	0.05647	0.19164	0.62636	0.12553
V426	0.09091	0.02109	0.81202	0.07597
V427	0.06805	0.34511	0.18761	0.39922
V428	0.09474	0.75672	0.04935	0.09919
V429	0.01065	0	0.03151	0.95784
V430	0.78427	0.12491	0.01478	0.07603
V431	0.17941	0.009	0.43848	0.37311
V432	0.09655	0.059	0.03951	0.80494
V433	0.05787	0.69593	0	0.24619
V434	0.3278	0.04647	0.04412	0.58161
V435	0.50292	0.00209	0.10986	0.38513
V436	0.36937	0.00225	0.10307	0.52531
V437	0.22548	0.17871	0.00166	0.59414
V438	0.62918	0.11553	0.02772	0.22757
V439	0.02654	0.06523	0.00536	0.90287
V440	0.47277	0.01816	0.02714	0.48194
V441	0.06575	0.08918	0.61153	0.23354
V442	0.33598	0.2915	0.1344	0.23812
V443	0.74779	0	0.08125	0.17096
V444	0.00931	0.01333	0.97702	0.00034
V445	0.64161	0.00396	0.32548	0.02894
V446	0.03643	0.82475	0.05024	0.08858
V447	0.66066	0.06088	0.16976	0.1087
V448	0.01496	0.0378	0.17545	0.77178
V449	0.58718	0.01957	0.28452	0.10873
V450	0.16213	0.82529	0.01258	0
V451	0.94879	0.03016	1e-05	0.02104
V452	0.02702	0.0013	0.06022	0.91146
V453	0.83979	0.04548	0.05911	0.05562
V454	0.00191	0.93761	0.04552	0.01496
V455	0.62731	0.01383	0.29186	0.06699
V456	0.34508	0.08179	0.38633	0.1868
V457	0.00378	0.01272	0.00996	0.97354
V458	0.26189	0.17688	0.0017	0.55952
V459	0.01645	0.78206	0.08961	0.11188
V460	0.96397	0	0.0234	0.01263
V461	0.04748	0.0145	0.00681	0.9312
V462	0.34673	0.19548	0	0.45778
V463	0.27476	0.43433	0.15813	0.13278
V464	0.50176	0.06654	0.00227	0.42944
V465	0.42937	0.37684	0.02218	0.17162
V466	0.59777	0.14221	0.00237	0.25764
V467	0.34679	0.53557	0.07573	0.04191
V468	0.53775	0.35674	0.04505	0.06046
V469	0.01413	0.12944	0.27628	0.58016
V470	0.57621	0.08418	0.17309	0.16652
V471	0.2575	0.06961	0.02872	0.64417
V472	0.32692	0.27785	0	0.39522
V473	0.10658	0.52314	0.34794	0.02233
V474	0.10466	0	0.09014	0.8052
V475	0.18888	0.34695	0.07393	0.39024
V476	0.1508	0.00393	0.04797	0.7973
V477	0.61547	0.01834	0.19521	0.17098
V478	0.13672	0.54295	0.00232	0.31802
V479	0.01423	0.05469	0.83093	0.10015
V480	0.07617	0.25574	0.03715	0.63093
V481	0.15633	0.00522	0.82458	0.01387
V482	0.73478	0.12036	0.10656	0.03829
V483	0.11835	0.07269	0.06414	0.74481
V484	0.01719	0.04202	0.02011	0.92069
V485	0.12761	0.70811	0.00903	0.15526
V486	0.27907	0.21326	0.12274	0.38493
V487	0.06339	0.02405	0.0745	0.83806
V488	0	0.00162	0.8758	0.12258
V489	0.23161	0.06875	0.68687	0.01277
V490	0.35577	0.26378	0.06279	0.31766
V491	0.4759	0.4226	0.03005	0.07145
V492	0.02796	0.83524	0.13141	0.00539
V493	0.01318	0.00063	0.00459	0.98161
V494	0.20764	0.11487	0.53289	0.1446
V495	0.24855	0.59194	0.13761	0.0219
V496	0.3001	0.64735	0	0.05255
V497	0.00836	0.00501	0.97919	0.00743
V498	0.30673	0.06904	0.0434	0.58084
V499	0.65521	0.22257	0.11806	0.00416
V500	0.1046	0.08663	0.76469	0.04408
V501	0.00374	0	0.03284	0.96341
V502	0.59143	0.23186	0.14707	0.02965
V503	0.19388	0.06289	0.18578	0.55745
V504	0.25365	0.66293	0.00933	0.07408
V505	0.20364	0.16552	0.25134	0.37949
V506	0.09183	0.207	0.46532	0.23584
V507	0.63487	0.06722	0.11373	0.18418
V508	0.79012	0.12646	0.03602	0.04741
V509	0.23684	0.03603	0.50366	0.22347
V510	0.24891	0.4859	0.26075	0.00444
V511	0.04369	0.36575	0.03771	0.55284
V512	0.23205	0.02628	0.07008	0.67158
V513	0.08252	0.62515	0.21505	0.07727
V514	0.01043	0.03912	0.00199	0.94847
V515	0.78665	0.03755	0.04177	0.13404
V516	0.93212	0.06228	0.00011	0.0055
V517	0.03199	0.00986	0.23149	0.72667
V518	0.97465	0.01912	0.00017	0.00606
V519	0.02651	0.84971	0.00316	0.12062
V520	0.02222	0	0.59796	0.37983
V521	0.59581	0.02212	0.35288	0.02918
V522	0.0052	0.08848	0.57876	0.32756
V523	0.36701	0.08737	0.25363	0.29199
V524	0.00779	0.76537	0.19297	0.03386
V525	0.2523	0.15724	0.02036	0.57009
V526	0.65774	0.05142	0.06695	0.22389
V527	0.20437	0.00849	0.38201	0.40512
V528	0.10594	0.83939	0	0.05466
V529	0.05234	0.03656	0.20397	0.70714
V530	0.00574	0.16386	0.70611	0.12429
V531	0.02005	0.86597	0.11398	0
V532	0.17056	0.27468	0.02077	0.53398
V533	0.29711	0.30346	0.13509	0.26435
V534	0.00536	0.00314	0.70151	0.28998
V535	0.52779	0	0.008	0.46422
V536	0.18698	0	0.35092	0.4621
V537	0.6313	0.21158	0.14571	0.01142
V538	0.45168	0.03079	0.07692	0.44061
V539	0.28769	0.38766	0.15688	0.16778
V540	0.21992	0.66933	0.06765	0.0431
V541	0.01559	0.45753	0.056	0.47088
V542	0.19743	0.08826	0.24405	0.47026
V543	0.88156	0	0.00912	0.10932
V544	0.09635	0.05688	0.15606	0.69071
V545	0.36549	0.10138	0.06174	0.4714
V546	0.05122	0.87951	0.06372	0.00556
V547	0.0368	0.6243	0.32582	0.01308
V548	0.17225	0.74277	0.08011	0.00488
V549	0.34944	0.01369	0.62439	0.01248
V550	0.56998	0.0128	0	0.41722
V551	0.19463	0.7095	0.03153	0.06434
V552	0.00112	0.47691	0.00211	0.51986
V553	0.2477	0.10998	0.62035	0.02197
V554	0.0456	0.05484	0.01823	0.88133
V555	0.09008	0.1806	0.33191	0.3974
V556	0	0.01536	0.94755	0.03709
V557	0.81911	0.01199	0.0084	0.16049
V558	0.07	0.76056	0.02399	0.14545
V559	0.00991	0.79615	0.19394	0
V560	0.71604	0.27886	0	0.00511
V561	0.00024	0.01183	0.9802	0.00772
V562	0.79127	0	0.10741	0.10133
V563	0.26059	0.00016	0.73397	0.00527
V564	0.05926	0.05129	0.87523	0.01422
V565	0.12729	0.21573	0.38416	0.27281
V566	0.704	0.06574	0.00279	0.22747
V567	0.22569	0.39582	0.02155	0.35694
V568	0.2253	0	0.04577	0.72893
V569	0.66699	0.01218	0	0.32083
V570	0.02435	0.25468	0.64313	0.07784
V571	0.84277	0.09163	0	0.06559
V572	0.46022	0	0.42945	0.11033
V573	0.05534	0.12985	0.00348	0.81133
V574	0.03835	0.77592	0.17244	0.01329
V575	0.01536	0.05306	0.11056	0.82102
V576	0.17124	0.78246	0.03304	0.01327
V577	0.03215	0.02281	0.19347	0.75156
V578	0.05436	0.04002	0.68877	0.21685
V579	0.0085	0.87691	0.09104	0.02355
V580	0.13827	0	0.09782	0.76391
V581	0.05622	0.04892	0.00054	0.89432
V582	0.59497	0.10656	0.0275	0.27097
V583	0.0055	0.02538	0.58009	0.38904
V584	0.55705	0.11631	0.28707	0.03957
V585	0.00591	0.00091	0.42304	0.57014
V586	0.24633	0.00171	0.64725	0.10471
V587	0.28384	0.00309	0.68149	0.03157
V588	0.6233	0.02341	0.02002	0.33327
V589	0.05966	0.8037	0.05974	0.0769
V590	0.05041	0.75078	0.19382	0.00499
V591	0.00051	0.01899	0.18428	0.79622
V592	0.17222	0.0213	0.80649	0
V593	0.58094	0	0.16969	0.24937
V594	0.36702	0.24554	0.33614	0.05131
V595	0.01939	0.00941	0.01555	0.95565
V596	0.03215	0.23284	0.21692	0.51809
V597	0.00069	0.55212	0.34713	0.10006
V598	0.01585	0.08764	0.88198	0.01453
V599	0.66473	0.27611	0.02959	0.02957
V600	0.38589	0.4284	0.04552	0.14019
V601	0.15943	0.22476	0.07313	0.54268
V602	0.01967	0.01162	0.00831	0.9604
V603	0.00728	0.31624	0.00878	0.6677
V604	0.55178	0.08281	0.33587	0.02954
V605	0.06768	0.28605	0.40955	0.23673
V606	0.74927	0.11582	0.00873	0.12618
V607	0.6494	0.00222	0.1	0.24838
V608	0.22967	0.11902	0.3857	0.26561
V609	0.02298	0.18849	0.22593	0.5626
V610	0.77906	0.00612	0.08257	0.13225
V611	0.27056	0	0.04474	0.68471
V612	0.02387	0.06267	0.83568	0.07778
V613	0.03406	0.30223	0.61915	0.04455
V614	0.77679	0.03754	0.04157	0.1441
V615	0.11977	0.03187	0.00413	0.84423
V616	0.0814	0.67363	0.03845	0.20652
V617	0.50922	0.12558	0.3652	0
V618	0.70574	0	0	0.29426
V619	0.39244	0.01264	0.30317	0.29175
V620	0.00762	0.64576	0.34154	0.00508
V621	0.44421	0.1122	0.166	0.27758
V622	0.39021	0.1831	0.39617	0.03052
V623	0.01526	0.04588	0.12772	0.81114
V624	0.81973	0.15971	0	0.02055
V625	0.28687	0.4507	0.09519	0.16724
V626	0.97534	0.01095	1e-04	0.01361
V627	0.00245	0.0091	0.06273	0.92572
V628	0.00128	0.18215	0.00971	0.80685
V629	0.12717	0.24546	0.27968	0.34769
V630	0.03397	0.30112	0.60993	0.05497
V631	0.01521	0.14674	0.09359	0.74446
V632	0.57486	0	0.12458	0.30056
V633	0	0.01666	0.83802	0.14531
V634	0.43435	0.22597	0.3354	0.00429
V635	0.02605	0.72358	0.00287	0.2475
V636	0.12556	0.07307	0.65624	0.14513
V637	0.30954	0.14937	0.08105	0.46004
V638	0.39063	0.20955	0.06197	0.33784
V639	0.29493	0.39383	0.31124	0
V640	0.03438	0.11718	0.79307	0.05537
V641	0.9045	0.01886	0.02177	0.05487
V642	0.78933	0.13508	0	0.07558
V643	0.00557	0.14207	0.44935	0.403
V644	0.93108	0.05163	0.00482	0.01247
V645	0.2882	0.37202	0.31838	0.0214
V646	0.01077	0.97717	0.00533	0.00672
V647	0.15289	0.05981	0.72287	0.06443
V648	0.44818	0.38808	0.13312	0.03062
V649	0.02416	0.04028	0.86879	0.06677
V650	0.05581	0.06175	0.80539	0.07706
V651	0.33233	0	0.66256	0.00512
V652	0.08657	0.05914	0.43089	0.42341
V653	0.13031	0.63687	0.09838	0.13444
V654	0.73413	0.15568	0.0524	0.05778
V655	0.03386	0.52277	0.01457	0.4288
V656	0.20373	0.22009	0.00725	0.56892
V657	0.01821	0.04306	0.00644	0.93228
V658	0.63129	0.16377	0.05156	0.15338
V659	0.33862	0.05657	0.36087	0.24395
V660	0.02959	0.94521	0	0.0252
V661	0.05525	0.36724	0.04588	0.53164
V662	0.42937	0.00387	0.4552	0.11157
V663	0.25437	0.04466	0.57148	0.12949
V664	0.2165	0.04103	0.68966	0.05281
V665	0.72288	0.14374	0.03541	0.09797
V666	0.56871	0	0.0908	0.3405
V667	0.79539	0.04667	0.15794	0
V668	0.13477	0.7813	0.08393	0
V669	0.24944	0.37172	0.25706	0.12179
V670	0.08639	0.88914	0	0.02447
V671	0.39314	0.24059	0.25979	0.10649
V672	0.01581	0.01309	0.93514	0.03596
V673	0.24763	0.32483	0.23271	0.19483
V674	0.74194	0.10648	0.01442	0.13716
V675	0.14103	0.28258	0.3283	0.2481
V676	0.02387	0.07554	0.09315	0.80743
V677	0.41365	0.35321	0.09345	0.13968
V678	0.54914	0.43547	0.01075	0.00464
V679	0.04776	0.2837	0.65523	0.0133
V680	0.33623	0.50726	0.13502	0.02149
V681	0.92035	0.04034	0.01011	0.02921
V682	0.11776	0.26415	0.57427	0.04382
V683	0.0124	0.97394	0.01366	0
V684	0.73523	0.11937	0.08803	0.05737
V685	0.53146	0.29731	0.12153	0.0497
V686	0.08633	0.1363	0.13926	0.6381
V687	0.01959	0.003	0.01633	0.96108
V688	0.39539	0.45842	0	0.14619
V689	0.2354	0	0.03735	0.72725
V690	0.49389	0.02224	0.41445	0.06942
V691	0.16911	0.0013	0.82386	0.00574
V692	0.08	0.10345	0.73957	0.07698
V693	0.23797	0.07305	0.36737	0.32161
V694	0.00607	0.01071	0.26974	0.71348
V695	0.22828	0	0.14002	0.63171
V696	0.06586	0.05463	0.01061	0.8689
V697	0.01033	0.03136	0.00805	0.95026
V698	0.81473	0	0.00885	0.17641
V699	0.60184	0.23536	0.06189	0.10091
V700	0.21608	0.01041	0.00361	0.7699
V701	0.11583	0.48136	0.10755	0.29526
V702	0.53617	0.05148	0.00755	0.4048
V703	0.13287	0.02947	0.48111	0.35656
V704	0.83319	0.02385	0.02114	0.12182
V705	0.96067	0	0.01018	0.02915
V706	0.07812	0.02756	0.79573	0.09858
V707	0.03436	0.40081	0.52025	0.04459
V708	0.03719	0.85762	0.01737	0.08781
V709	0.14382	0.22316	0.54449	0.08852
V710	0.62981	0.16302	0.04307	0.1641
V711	0.09669	0.78001	0.09001	0.03329
V712	0.82399	0.03131	0.00331	0.14139
V713	0.45185	0.24662	0.02857	0.27296
V714	0.00751	0.62026	0.01544	0.35679
V715	0.32739	0.29084	0.30717	0.0746
V716	0.02646	0.0205	0.03572	0.91732
V717	0.08717	0.89755	0	0.01528
V718	0.1574	0.52666	0.18036	0.13557
V719	0.05797	0.66953	0.03066	0.24184
V720	0.71098	0	0.21508	0.07395
V721	0.12589	0.12201	0.48121	0.27089
V722	0.08741	0.2847	0.00736	0.62053
V723	0.09749	0.05398	0.00372	0.84481
V724	0.57456	0.01108	0.07467	0.33969
V725	0	0.06728	0.89676	0.03596
V726	0.03275	0.32509	0.11499	0.52717
V727	0.29454	0.6125	0.0885	0.00446
V728	0.02846	0.87274	0.09328	0.00552
V729	0.39983	0.0021	0.14718	0.45089
V730	0.92168	0.01324	0.03626	0.02882
V731	0.02296	0.15054	0.39549	0.43102
V732	0.36369	0.04814	0.34628	0.24188
V733	0.66786	0.14213	0.02807	0.16194
V734	0.2618	0.26817	0.46563	0.00439
V735	0.01378	0.01116	0.46293	0.51213
V736	0.1311	0.00096	0.00542	0.86251
V737	0.35269	0.24125	0.23995	0.16612
V738	0.08094	0.28941	0.46823	0.16142
V739	0	0.00257	0.58476	0.41267
V740	0.87064	0.05669	0.06098	0.01169
V741	0.49247	0.06713	0.11575	0.32465
V742	0.43441	0.55386	0.01173	0
V743	0.14415	0.10529	0.72792	0.02264
V744	0.54006	0.02012	0.31931	0.1205
V745	0.01581	0.66538	0.18271	0.1361
V746	0.99318	0	0.00038	0.00645
V747	0.05288	0	0.70408	0.24304
V748	0.12511	0.07129	0.59785	0.20575
V749	0.27769	0.13171	0.04408	0.54652
V750	0.44116	0.40708	0.01477	0.13699
V751	0.04904	0.85278	0.03243	0.06576
V752	0.48667	0.17782	0.12917	0.20634
V753	0.01272	0.00676	0.00401	0.97652
V754	0.009	0.9135	0	0.0775
V755	0.15065	0.1493	0.34275	0.3573
V756	0.01818	0.00261	0.03685	0.94236
V757	0.3699	0.54105	0.05779	0.03126
V758	0.04792	0.7432	0.12021	0.08867
V759	0.11977	0.03542	0.39108	0.45374
V760	0.2923	0.03329	0.26733	0.40708
V761	0.06933	0.54675	0.2831	0.10083
V762	0.00117	0.32749	0.00876	0.66258
V763	0.40108	0.3028	0.02097	0.27515
V764	0.00863	0.91043	0.00362	0.07733
V765	0.66351	0.05836	0	0.27813
V766	0.01428	0.27458	0.45063	0.2605
V767	0.50662	0.08571	0.23883	0.16884
V768	0.06133	0.89655	0.01848	0.02363
V769	0.15766	0.80368	0.02535	0.01331
V770	0.01077	0.97717	0.00533	0.00672
V771	0.17999	0.00513	0.80124	0.01365
V772	0.14512	0.02642	0.82302	0.00545
V773	0.18157	0.80026	0.00424	0.01393
V774	0.01585	0.00304	0.94441	0.03669
V775	0.10602	0.02169	0.26457	0.60772
V776	0.45918	0.36971	0.04485	0.12626
V777	0.16705	0.07912	0.12759	0.62624
V778	0.56656	0.22636	0.06152	0.14555
V779	0.1702	0.02238	0.48923	0.31819
V780	0.1226	0.74625	0.13115	0
V781	0.0371	0.01364	0.02097	0.92829
V782	0.0058	0.08807	0.82763	0.07851
V783	0.7915	0.00581	0.04097	0.16172
V784	0.12205	0.86085	0.01138	0.00572
V785	0.04012	0.92469	0.01106	0.02413
V786	0.75473	0.11945	0.07853	0.04729
V787	0.00143	0.83072	0.16221	0.00564
V788	0.5471	0.25533	0.14797	0.0496
V789	0.06522	0.30803	0.022	0.60475
V790	0.44188	0.01218	0.0673	0.47863
V791	0.14197	0.33293	0.33941	0.18569
V792	0.13599	0.48339	0.00232	0.37829
V793	0.12787	0.61249	0.03036	0.22928
V794	0.04512	0.05418	0.81223	0.08847
V795	0.09608	0.02406	0.04885	0.83101
V796	0.0252	0.05853	0.89207	0.02419
V797	0.77511	0	0.21328	0.0116
V798	0.65795	0.2505	0.07142	0.02013
V799	0.1433	0.74514	0.02441	0.08715
V800	0.06269	0.01085	0.50268	0.42378
V801	0.13372	0.08246	0.32071	0.46311
V802	0.0314	0.05116	0.25795	0.65948
V803	0.2481	0.48193	0.26996	0
V804	0.54643	0.00347	0.37224	0.07786
V805	0.00989	0.00694	0.98274	0.00043
V806	0.04968	0.89512	0.01034	0.04486
V807	0.24959	0.11193	0.02886	0.60962
V808	0.69866	0.22584	0.03666	0.03884
V809	0.0414	0.02531	0.93323	6e-05
V810	0.01146	0.98142	0	0.00713
V811	0.43327	0.04566	0.19201	0.32906
V812	0.5758	0.21369	0.0437	0.16682
V813	0.63476	0.15122	0.18463	0.02939
V814	0.46918	0.4863	0.04005	0.00447
V815	0.00187	0.9173	0.07476	0.00607
V816	0.94235	0	0.05763	2e-05
V817	0.02575	0.05239	0.9072	0.01465
V818	0.00247	0.03068	0.02934	0.93751
V819	0.85709	0.05353	0.04304	0.04635
V820	0.11895	0.06659	0.01557	0.7989
V821	0.23571	0.27469	0.40261	0.08698
V822	0.07013	0.01189	0.89389	0.02409
V823	0.024	0.15283	0.71	0.11317
V824	0.09681	0.34829	0.5549	0
V825	0.23314	0.24366	0.25448	0.26873
V826	0.46879	0.36789	0.15156	0.01176
V827	0.41043	0.54861	0.00971	0.03125
V828	0.21876	0.12191	0.10132	0.55801
V829	0.03323	0.19794	0.03027	0.73856
V830	0.21705	0.17851	0.02039	0.58405
V831	0.78984	0.05867	0.02727	0.12422
V832	0.28867	0.35179	0.16638	0.19316
V833	0.15651	0.46492	0.18065	0.19792
V834	0.28189	0.04671	0.07008	0.60132
V835	0.38945	0.40117	0.11429	0.09509
V836	0.00781	0.62465	0.00266	0.36488
V837	0.23419	0.33376	0.18741	0.24463
V838	0.9478	0.02338	0.02361	0.00521
V839	0.33208	0.56654	0.09695	0.00443
V840	0.32036	0.67415	0.0055	0
V841	0	0.02679	0.90549	0.06772
V842	0.37144	0.12491	0.25715	0.24651
V843	0.01468	0.01009	0.88605	0.08918
V844	0.10958	0.058	0.37356	0.45885
V845	0.06843	0.07773	0.77709	0.07676
V846	0	0.00427	0.75171	0.24402
V847	0.00448	0.00065	0.0114	0.98348
V848	0.09294	0.46291	0.17042	0.27373
V849	0.00193	0.94803	0.00453	0.04551
V850	0.97603	0	0.01092	0.01305
V851	0.36756	0.48746	0.14498	0
V852	0.09563	0.02941	0.11621	0.75875
V853	0.26139	0.18112	0.41276	0.14473
V854	0.62185	0.12701	0.09749	0.15365
V855	0.00448	0.00065	0.0114	0.98348
V856	0.04333	0.30842	0.36203	0.28622
V857	0.69888	0.13366	0.02812	0.13934
V858	0.58097	0.00139	0.41305	0.00458
V859	0.68592	0.1904	0.01482	0.10887
V860	0.17831	0.07883	0.04571	0.69715
V861	0.09614	0.32373	0.56728	0.01284
V862	0.14047	0.06058	0.74528	0.05368
V863	0.18541	0.03761	0	0.77699
V864	0.05495	0.01865	0.0421	0.8843
V865	0.1044	0	0.24875	0.64685
V866	0.74938	0.00384	0.23537	0.01141
V867	0.74897	0.00987	0.23678	0.00439
V868	0.54804	0.23038	0.1297	0.09188
V869	0.02042	0.96776	0.00533	0.00649
V870	0.09875	0.28579	0.01388	0.60158
V871	0.00193	0.94803	0.00453	0.04551
V872	0.00662	0.00549	0.22969	0.7582
V873	0.90695	0.01294	0.04316	0.03694
V874	0.21844	0.75488	0.02668	0
V875	0.01404	0.14653	0.19149	0.64794
V876	0.16983	0.28846	0.43058	0.11113
V877	0.04375	0.35149	0.30526	0.2995
V878	0.14708	0.78899	0.06393	0
V879	0.2066	0.65702	0.03887	0.09751
V880	0.32565	0.49977	0.00261	0.17197
V881	0.14697	0.02433	0.60369	0.22501
V882	0.80333	0	0.11507	0.08161
V883	0.30734	0.16553	0.52713	0
V884	0.01624	0.22761	0	0.75616
V885	0.74067	0.17687	0.08246	0
V886	0.01455	0.32504	0.48707	0.17334
V887	0.65392	0.03733	0.14799	0.16077
V888	0.10156	0.02733	0.76175	0.10936
V889	0.93548	0.02824	0.01632	0.01996
V890	0.03256	0.10851	0.63745	0.22149
V891	0.65391	0.02661	0.27225	0.04724
V892	0.27373	0.13835	0.00707	0.58086
V893	0.61597	0.16968	0.14522	0.06913
V894	0.06973	0.27682	0.60913	0.04433
V895	0.61227	0.03803	0.18757	0.16213
V896	0.0404	0.93084	0.00426	0.0245
V897	0.71747	0.21155	0.0033	0.06767
V898	0.43957	0	0.00276	0.55767
V899	0.02317	0.14602	0.12986	0.70096
V900	0.07878	0.25043	0.37256	0.29823
V901	0.03658	0.80477	0.00296	0.15569
V902	0.05139	0.89823	0.04472	0.00566
V903	0.0065	0.38797	0.55038	0.05515
V904	0.02098	0.97207	0	0.00696
V905	0.13673	0	0.15866	0.7046
V906	0.39924	0.06029	0.09759	0.44288
V907	0.45915	0.46398	0.01574	0.06113
V908	0.00854	0.02696	0.05987	0.90463
V909	0.14211	0.77157	0	0.08632
V910	0.14845	0	0.10511	0.74644
V911	0.54771	0.3422	0.02944	0.08066
V912	0.41377	0.27622	0.12274	0.18727
V913	0.09962	0	0.00658	0.8938
V914	0.19916	0.45728	0.30027	0.04329
V915	0.20381	0	0.00421	0.79199
V916	0.26691	0.03266	0.64863	0.0518
V917	0.72906	0.01209	0.15425	0.10461
V918	0.04645	0.60277	0.23837	0.11241
V919	0.20596	0.18921	0.29869	0.30614
V920	0.64552	0.15505	0.08889	0.11054
V921	0.02488	0.12193	0.02446	0.82873
V922	0.10761	0.431	0.40707	0.05432
V923	0.06598	0.00566	0.0348	0.89355
V924	0.03603	0.65034	0.28025	0.03337
V925	0.16373	0.01675	0.00958	0.80993
V926	0.18465	0.0101	0.0236	0.78165
V927	0.01688	0.02054	0.04453	0.91805
V928	0.0492	0.87033	0.00361	0.07687
V929	0.05776	0.60444	0.12952	0.20828
V930	0.53677	0.321	0.02922	0.11302
V931	0.14392	0.23413	0.53346	0.08849
V932	0.03221	0.08127	0.61837	0.26815
V933	0.63	0.3479	0.00992	0.01219
V934	0.00619	0.11004	0.26221	0.62156
V935	0.59439	0.1213	0.20445	0.07985
V936	0.54158	0.22273	0.0142	0.22149
V937	0.55466	0.09039	0.07796	0.27698
V938	0.38278	0.02601	0.29685	0.29437
V939	0.75547	0.00589	0.06563	0.17302
V940	0.02679	0.77707	0.15132	0.04481
V941	0.00052	0.00659	0.98479	0.0081
V942	0.77058	0.14823	0.06134	0.01985
V943	0.42311	0.09302	0.42262	0.06125
V944	0.01532	0.21583	0.05596	0.71288
V945	0.58634	0.30451	0.00869	0.10046
V946	0.4873	0.219	0.25335	0.04035
V947	0.07298	0.02831	0.21527	0.68344
V948	0.36125	0.01303	0.60445	0.02128
V949	3e-04	0.07563	0.1876	0.73647
V950	0.05707	0.49222	0.21402	0.23669
V951	0.84676	0.00378	0.14499	0.00447
V952	0.06356	0.09075	0.25323	0.59246
V953	0.01537	0.03486	0.9142	0.03557
V954	0.03255	0.13699	0.12918	0.70128
V955	0.12596	0.55192	0.02255	0.29957
V956	0.03066	0.01087	0.50034	0.45813
V957	0.31287	0.00405	0	0.68309
V958	0.01318	0.00063	0.00459	0.98161
V959	0.24947	0.21685	0.44691	0.08677
V960	0.236	0.22339	0.07265	0.46796
V961	0.14292	0.34416	0.36501	0.14791
V962	0.39026	0.12866	0.39714	0.08394
V963	0.62729	0.12902	0.15386	0.08983
V964	0.85842	0.01288	0.09184	0.03686
V965	0.05655	0.45378	0.19043	0.29924
V966	0.97734	0.00423	0.00536	0.01307
V967	0.05248	0.02358	0.52001	0.40393
V968	0	0.11773	0.80387	0.0784
V969	0.00684	0.23799	0.03063	0.72454
V970	0.03164	0.08439	0.42136	0.46261
V971	0.52639	0.05644	0.3266	0.09057
V972	0.52333	0.15376	0.04292	0.27999
V973	0.28285	0.36816	0.07392	0.27507
V974	0.0074	0.76238	0.1304	0.09982
V975	0.10657	0.26001	0.6286	0.00481
V976	0.46018	0.19923	0.11091	0.22968
V977	0.34902	0.31549	0.33117	0.00433
V978	0.05444	0.05976	0.05764	0.82816
V979	0.82074	0.00411	0.17076	0.0044
V980	0.99318	0	0.00038	0.00645
V981	0.34614	0.01445	0.42398	0.21544
V982	0.47208	0.35078	0.07282	0.10433
V983	0.69465	0.03701	0.00272	0.26562
V984	0.01699	0.82733	0.11092	0.04477
V985	0.06499	0.14813	0.00311	0.78377
V986	0.34827	0.47655	0.04583	0.12935
V987	0.26364	0.71361	0	0.02275
V988	0.19421	0.00452	0.00939	0.79188
V989	0.47689	0.42797	0.07417	0.02097
V990	0	0.03047	0.80181	0.16772
V991	0.67301	0.31439	0	0.0126
V992	0.20598	0.00031	0.50707	0.28663
V993	0.07105	0.70211	0.17216	0.05468
V994	0.20729	0.75422	0.0253	0.01319
V995	0.75264	0.07298	0.02758	0.1468
V996	0.25782	0.08635	0.00805	0.64778
V997	0.01394	0.0049	0.83702	0.14414
V998	0.88469	0.00276	0.05827	0.05428
V999	0.13554	0.85836	0	0.00611
V1000	0.29299	0.00988	0	0.69713
