CD56NK	CD4MemoryT	CD19B	CD14
V1	0.6073	0.00099	0.15601	0.2357
V2	0.17513	0.05056	0.04621	0.72809
V3	0.07803	0.55542	0.01191	0.35463
V4	0.91309	0.07118	0.00016	0.01556
V5	0.14995	0.39437	0.29061	0.16507
V6	0.11554	0.83898	0.02335	0.02214
V7	0.18835	0.28336	0.08782	0.44046
V8	0.15735	0	0.81568	0.02698
V9	0.29035	0.17189	0.03346	0.50431
V10	0.01956	0.00033	0.93123	0.04888
V11	0.26561	0.26908	0.46189	0.00341
V12	0.03511	0.51319	0.43993	0.01177
V13	0.36588	0.60921	0.00545	0.01946
V14	0.10316	0.8838	0.00695	0.00608
V15	0.16616	0.52721	0.13893	0.1677
V16	0.94194	0.02037	0.01623	0.02146
V17	0.13042	0.83358	0.01357	0.02243
V18	0.67327	0.25572	0.04031	0.03071
V19	0.23098	0.75012	0.00598	0.01292
V20	0.22071	0.37959	0.01826	0.38144
V21	0.15857	0.01833	0.79731	0.02579
V22	0.02196	0.05167	0.21147	0.7149
V23	0.43523	0.01035	0.55108	0.00334
V24	0.96059	0.01224	0.02717	0
V25	0.4192	0.16623	0.13074	0.28383
V26	0.48753	0.29803	0.01674	0.1977
V27	0.11159	0.02743	0.01399	0.847
V28	0.00135	0.00993	0.98668	0.00205
V29	0.49558	0.00565	0.47671	0.02207
V30	0.12743	0.15144	0.29911	0.42202
V31	0.25349	0.12863	0.31284	0.30504
V32	0.08646	0.00957	0.02472	0.87925
V33	0.0604	0.42091	0.41939	0.0993
V34	0.15812	0.00678	0.80877	0.02632
V35	0.23152	0.64658	0.09311	0.02878
V36	0.00911	0.01134	0.49999	0.47956
V37	0.61353	0.03556	0.08946	0.26144
V38	0.47843	0	0.16118	0.36039
V39	0.22744	0.48465	0.14714	0.14078
V40	0.14408	0.76563	0.09028	0
V41	0.01009	0.62687	0.04941	0.31363
V42	0.26111	0.00951	0.20768	0.5217
V43	0.16976	0.25751	0.54703	0.0257
V44	0.01878	0.03253	0.78362	0.16507
V45	0.13831	0.5188	0.25449	0.08839
V46	0.84995	0.03731	0.10996	0.00278
V47	0.52914	0.12181	0.31091	0.03814
V48	0.86652	0.11379	0.00473	0.01495
V49	0.80528	0.12678	0	0.06794
V50	0.09956	0.79293	0.1023	0.00521
V51	0.39563	0.30895	0.27118	0.02423
V52	0.03108	0.059	0.88159	0.02834
V53	0.78847	0.07279	0.13874	0
V54	0.49823	0.12484	0.36169	0.01524
V55	0.26083	0.0778	0.25	0.41137
V56	0.04944	0.00373	0.07896	0.86787
V57	0.14396	0.81929	0.02353	0.01323
V58	0.68907	0.0014	0.03697	0.27256
V59	0.53646	0.3116	0.11156	0.04038
V60	0.16562	0.09786	0.34813	0.3884
V61	0.86299	0.06186	0.00968	0.06547
V62	0.91639	0.01394	0.06129	0.00838
V63	0.02472	0.80431	0.14903	0.02194
V64	0.01195	0.82936	0	0.15869
V65	0.01473	0	0.09169	0.89358
V66	0.29885	0.61373	0.02028	0.06714
V67	0.19743	0.247	0.54561	0.00996
V68	0.19036	0.09779	0.01889	0.69296
V69	0.03228	0.23577	0.68565	0.04629
V70	0.62865	0.09166	0.17506	0.10463
V71	0.20167	0.03506	0.39026	0.37301
V72	0.66171	0.09725	0.09107	0.14997
V73	0.21268	0.53954	0.16031	0.08747
V74	0.07315	0.15447	0.77237	0
V75	0.75372	0	0.17464	0.07164
V76	0.00168	0.11869	0.19401	0.68563
V77	0.0484	0.22433	0.00496	0.7223
V78	0.36793	0.06681	0.18832	0.37694
V79	0.00769	0.04868	0.85885	0.08478
V80	0.40657	0.00138	0.52066	0.07138
V81	0.07095	0.10259	0.82209	0.00437
V82	5e-04	0.02888	0.96358	0.00704
V83	0.1653	0.12243	0.07498	0.63729
V84	0.45674	0.01989	0.15902	0.36435
V85	0.14369	0.23719	0.44928	0.16984
V86	0.05625	0.01229	0.89415	0.03732
V87	0.05096	0.80967	0.06454	0.07483
V88	0.20065	0.0291	0.27613	0.49412
V89	0.02329	0.00245	0.20445	0.76981
V90	0.03872	0.87934	0.06806	0.01389
V91	0.04984	0.69017	0.22922	0.03078
V92	0.518	0.00388	0.36569	0.11243
V93	0.91473	0.00519	0	0.08008
V94	0.02264	0.37971	0.01988	0.57778
V95	0.33905	0.34413	0.17262	0.1442
V96	0.08537	0.0631	0.02089	0.83065
V97	0.74626	0.06006	0.19096	0.00273
V98	0.77422	0.21608	0	0.0097
V99	0.84393	0.0205	0.13283	0.00275
V100	0.09525	0.00329	0.88187	0.01959
V101	0.01865	0.01451	0.00519	0.96166
V102	0.95753	0.02803	0.00514	0.00929
V103	0.01399	0.02175	0.09091	0.87335
V104	0.04262	0.9435	0.00724	0.00664
V105	0.08782	0.89087	0.01534	0.00597
V106	0.16257	0.43111	0.36959	0.03672
V107	0.23575	0.13418	0.5883	0.04178
V108	0.21485	0.67712	0.10803	0
V109	0.01886	0.10367	0.64064	0.23682
V110	0.08383	0.85028	0.04358	0.02231
V111	0.93426	0	0.06218	0.00357
V112	0.15944	0.02784	0.44777	0.36496
V113	0.23251	0.06231	0.18154	0.52365
V114	0.28668	0.02224	0.0796	0.61148
V115	0.01102	0.70759	0.27629	0.00509
V116	0.18671	0.23448	0.41065	0.16817
V117	0.76608	0.17356	0.03091	0.02945
V118	0.22707	0.50105	0.0363	0.23557
V119	0.13571	0.04487	0.04818	0.77124
V120	0.0959	0.02943	0.86326	0.01141
V121	0.67684	0.0756	0.08989	0.15767
V122	0.97669	0.00299	0.01102	0.0093
V123	0.01051	0.44854	0.04915	0.49181
V124	0.74595	0.20737	0	0.04668
V125	0.48532	0.31657	0.18188	0.01623
V126	0.0468	0.10367	0.04929	0.80024
V127	0.19914	0.02202	0.26484	0.51401
V128	0.03631	0.00373	0.10678	0.85318
V129	0.66667	0.15599	0.15555	0.02179
V130	0.01029	0.59261	0.39219	0.0049
V131	0.03875	0.87235	0	0.0889
V132	0.96009	0.0017	0.02335	0.01486
V133	0.94054	0.00524	0.0456	0.00862
V134	0.14768	0.31793	0.14635	0.38804
V135	0.09507	0.00658	0.18227	0.71607
V136	0.31509	0.31967	0.01079	0.35445
V137	0.71174	0.01306	0.22492	0.05028
V138	0.27924	0.32199	0.19563	0.20314
V139	0.43163	0.14079	0.20025	0.22733
V140	0.03648	0.0568	0.05104	0.85569
V141	0.08219	0.10072	0.584	0.2331
V142	0.82041	0	0.17959	0
V143	0.52375	0.18555	0.06816	0.22254
V144	0.20752	0.10375	0.17639	0.51234
V145	0.00077	0.71596	0.27799	0.00528
V146	0.0621	0.00414	0.02628	0.90748
V147	0.94638	0.00901	0.01613	0.02848
V148	0.16069	0.03513	0.6019	0.20227
V149	0.34254	0.41821	0.23579	0.00346
V150	0.11337	0.17471	0.63819	0.07373
V151	0.28518	0.54821	0.03648	0.13012
V152	0.30991	0.35772	0.2402	0.09217
V153	0.15586	0.69691	0.0207	0.12653
V154	0.31955	0.36234	0.29286	0.02525
V155	0.55559	0.08721	0.27803	0.07917
V156	0.04205	0.08582	0.74773	0.1244
V157	0.37296	0.09958	0.32111	0.20634
V158	0.0185	8e-04	0.02092	0.95978
V159	0.92739	0.03634	1e-04	0.03616
V160	0.74145	0.00095	0.05948	0.19812
V161	0.24402	0.00196	0.02738	0.72664
V162	0.08742	0.23565	0.08923	0.58771
V163	0.1367	0.41597	0.19532	0.252
V164	0.42644	0.2277	0.11239	0.23346
V165	0.01327	0.20886	0	0.77786
V166	0.01383	0.06472	0.07061	0.85083
V167	0.39145	0	0.0055	0.60305
V168	0.38	0.47953	0.08647	0.054
V169	0.22347	0.03024	0.0358	0.7105
V170	0.13131	0.00459	0.53776	0.32635
V171	0.16689	0.17388	0.62483	0.0344
V172	0.75752	0	0.23942	0.00306
V173	0.03612	0.10403	0.03961	0.82023
V174	0.02332	0.11959	0.07896	0.77814
V175	0.07904	0	0.80134	0.11962
V176	0.0114	0.77444	0.2088	0.00537
V177	0.0144	0.9687	0	0.0169
V178	0.01113	0.73021	0.00463	0.25403
V179	0.19515	0.00169	0.3888	0.41436
V180	0.04131	0.86339	0.09526	3e-05
V181	0.20644	0.07974	0.56427	0.14955
V182	0.36504	0.11967	0.46652	0.04878
V183	0.25869	0.72992	0.00616	0.00523
V184	0.99286	0.00018	0.00696	0
V185	0.67154	0.31347	0.01146	0.00353
V186	0.16408	0.40382	0.30151	0.13059
V187	0.96859	0.003	0.02466	0.00375
V188	0.07454	0.17828	0	0.74718
V189	0.85651	0.00834	0.01546	0.1197
V190	0.70511	0.00254	0.28936	0.00298
V191	0.2352	0.14475	0.58701	0.03304
V192	0.39458	0.37535	0.05355	0.17652
V193	0.66612	0.01282	0.22133	0.09973
V194	0.0563	0.91304	0.00636	0.0243
V195	0.01012	0.00514	0.97735	0.00738
V196	0.01591	0.04606	0.01004	0.928
V197	0.46997	0.02739	0.02386	0.47878
V198	0.08858	0.42808	0.42615	0.05719
V199	0.19875	0.01024	0.17823	0.61278
V200	0.1788	0.49439	0.01857	0.30825
V201	0.13806	0.48457	0.22069	0.15668
V202	0.01852	0.00271	0.80462	0.17415
V203	0.21795	0.34039	0.42417	0.01749
V204	0.01116	0.47561	0.00423	0.50899
V205	0.02013	0.02423	0.94257	0.01307
V206	0.0581	0.0529	0.88389	0.00511
V207	0.16557	0.14119	0.05583	0.63741
V208	0.29883	0.03136	0.6603	0.00951
V209	0.39535	0.37555	0.07446	0.15464
V210	0.12823	0.71189	0.10912	0.05076
V211	0.47294	0.00483	0.03165	0.49059
V212	0.56927	0.01428	0.40178	0.01467
V213	0.69594	0.01289	0.10397	0.1872
V214	0.40036	0.10638	0.16895	0.3243
V215	0.34154	0.0619	0.01744	0.57912
V216	0.0407	0.00023	0.01958	0.9395
V217	0.06067	0.423	0.27235	0.24399
V218	0.13505	0.37517	0.19248	0.2973
V219	0.15236	0.57089	0.01188	0.26487
V220	0.0113	0.8014	0.00493	0.18237
V221	0.8426	0.0016	0.00423	0.15157
V222	0.38218	0.08278	0.37284	0.1622
V223	0.00763	0.08981	0.82742	0.07515
V224	0.97993	0	0.02007	0
V225	0.08533	0.84198	0.06725	0.00543
V226	0.36228	0.04341	0.58514	0.00916
V227	0.82048	0	0.17147	0.00805
V228	0.8335	0.03437	0.05978	0.07235
V229	0.02005	0.00338	0.95472	0.02185
V230	0.01668	0.01297	0.01962	0.95073
V231	0.02169	0.21767	0.12285	0.63778
V232	0.06474	0.59414	0	0.34112
V233	0.64236	0.04808	0.18993	0.11962
V234	0.05622	0.89502	0.03445	0.0143
V235	0.43633	0.02809	0.51293	0.02264
V236	0.05586	0.03361	0.83742	0.07311
V237	0.18352	0.00281	0.02944	0.78423
V238	0.17869	0.47804	0.29707	0.0462
V239	0.08896	0.33685	0.0184	0.55579
V240	0.54935	0.01359	0.40058	0.03648
V241	0.01911	0	0.91426	0.06663
V242	0.18611	0.69344	0.10862	0.01184
V243	0.28879	0.01503	0.62973	0.06645
V244	0.24224	0	0.68252	0.07524
V245	0.69499	0.21047	0.04815	0.04638
V246	0.06934	0.09815	0.81406	0.01844
V247	0.19534	0.00392	0.80056	0.00018
V248	0.02618	0.01706	0.04415	0.91261
V249	0.00041	0.01427	0.91781	0.0675
V250	0.80062	0	0.19643	0.00295
V251	0.96571	0.02452	0.00591	0.00385
V252	0.01306	0.79959	0.18731	4e-05
V253	0.4262	0.03805	0.16185	0.3739
V254	0.01313	0.92165	0.05902	0.0062
V255	0.06885	0.88554	0	0.04561
V256	0.22336	0.15212	0.54527	0.07926
V257	0.49502	0.05696	0.23211	0.21591
V258	0.22731	0.19608	0.4556	0.12101
V259	0.04364	0.22731	0.69248	0.03657
V260	0.00035	0.22104	0.77367	0.00493
V261	0.67797	0.01279	0.18382	0.12542
V262	0.11131	0.03362	0.01404	0.84102
V263	0.02743	0.94632	0	0.02625
V264	0.1991	0.01518	0.44013	0.34558
V265	0.03558	0	0.13548	0.82893
V266	0.73532	0.25885	0.00583	0
V267	7e-04	0.12756	0.30809	0.56365
V268	0.43829	0.00885	0.13756	0.4153
V269	0.00866	0.48758	0.45503	0.04873
V270	0.70091	0.00826	0.2255	0.06532
V271	0.85602	0.03498	0.02818	0.08082
V272	0.08015	0.78711	0.01278	0.11997
V273	0.06095	0.00968	0.03502	0.89435
V274	0.74594	0	0.16655	0.08751
V275	0.00064	0.00658	0.9849	0.00788
V276	0.60088	0.24978	0.01006	0.13928
V277	0.04551	0.15543	0.17207	0.627
V278	0.04357	0.03105	0.3051	0.62028
V279	0.7517	0.03001	0.10329	0.115
V280	0.0185	8e-04	0.02092	0.95978
V281	0.60661	0.01261	0.13207	0.24871
V282	0.06736	0.03423	0.84376	0.05465
V283	0.28448	0.49701	0.06742	0.1511
V284	0.04041	0.88501	0.06878	0.00581
V285	0.08561	0.00162	0.9117	0.00108
V286	0.32566	0.45975	0.12117	0.09343
V287	0.14394	0.82026	0.01356	0.02225
V288	0.01991	0.21113	0.47827	0.2907
V289	0.34694	0.15391	0.43157	0.06759
V290	0.87705	0.11101	0.01194	0
V291	0.54792	0.03436	0.40919	0.00853
V292	0.95486	0.00168	0.00023	0.04322
V293	0.34312	0.00259	0.62289	0.0314
V294	0.11516	0.30135	0	0.58349
V295	0.02138	0.12726	0.20571	0.64565
V296	0.21851	0.07401	0.62906	0.07842
V297	0.08444	0	0.06775	0.84781
V298	0.35387	0.05831	0.57861	0.00921
V299	0.0882	0.21412	0.01208	0.68561
V300	0.00202	0.01432	0.23776	0.74589
V301	0.14832	0.06696	0.67441	0.11031
V302	0.74265	0.24749	0	0.00986
V303	0.00046	0.5274	0.44233	0.0298
V304	0.06625	0.0066	0.76614	0.16101
V305	0.15129	0.10673	0.48948	0.25249
V306	0.86456	0.05568	0.0446	0.03516
V307	0.02726	0.94196	0.01537	0.0154
V308	0.28283	0.16463	0.31355	0.23899
V309	0.40767	0.23555	0.02421	0.33258
V310	0.10289	0.24688	0.16462	0.48562
V311	0.62115	0.36968	0.00535	0.00382
V312	0.14042	0.67249	0.16691	0.02017
V313	0.00538	0.07824	0.016	0.90038
V314	0.02254	0.4074	0.12969	0.44037
V315	0.16732	0.55409	0.03713	0.24146
V316	0.36816	0.08292	0.39603	0.15289
V317	0.12564	0.64012	0.04871	0.18553
V318	0.0482	0.48998	0.01159	0.45023
V319	0.06835	0.02777	0.87601	0.02787
V320	0.0956	0.09346	0.6885	0.12244
V321	0.72658	0.26758	0.00584	0
V322	0.24542	0.24559	0.07537	0.43361
V323	0.06036	0.00725	0.08722	0.84516
V324	0.74466	0.17549	0.06507	0.01479
V325	0.40167	0.53693	0.05741	0.00399
V326	0.00032	0.49973	0.10605	0.39389
V327	0.02317	0.10286	0.10914	0.76482
V328	0.0545	0.00661	0.76676	0.17213
V329	0.20494	0.07187	0.17395	0.54924
V330	0.43572	9e-04	0.32416	0.23922
V331	0.39402	0.05263	0.04111	0.51224
V332	0.01183	0.02657	0.18907	0.77252
V333	0.48475	0.03758	0.37956	0.09811
V334	0.39942	0.00089	0.34775	0.25194
V335	0.03248	0.26408	0.57434	0.1291
V336	0.24422	0.62525	0.01989	0.11065
V337	0.35433	0.3123	0.30882	0.02454
V338	0.00198	0.98267	0.00769	0.00766
V339	0.14524	0.00036	0.84918	0.00522
V340	0.07058	0.16495	0.57275	0.19172
V341	0.02529	0.01655	0.06123	0.89693
V342	0.28258	0	0.59749	0.11993
V343	0.98382	0.00611	0.00602	0.00405
V344	0.73636	0.09686	0.16679	0
V345	0.0113	0.00811	0.97889	0.00169
V346	0.27462	0.06848	0.29324	0.36366
V347	0.04811	0.00349	0.12438	0.82402
V348	0.07846	0.59391	0.16647	0.16117
V349	0.40847	0.10612	0.39224	0.09317
V350	0.03921	0.75266	0.20812	0
V351	0.02046	0.01156	0.41064	0.55734
V352	0.05517	0.00312	0.86861	0.0731
V353	0.9144	0.00832	0.02839	0.04888
V354	0.0647	0.63402	0.2617	0.03958
V355	0.32258	0.03963	0.46555	0.17224
V356	0.03627	0.00842	0.09841	0.8569
V357	0.1451	0.25558	0.30996	0.28936
V358	0.60534	0.06298	0.04658	0.2851
V359	0.62435	0.03124	0.02937	0.31504
V360	0.64798	0.324	0.0186	0.00943
V361	5e-04	0.37896	0.61567	0.00487
V362	0.00197	0.97416	0.01658	0.0073
V363	0.20489	0.07049	0.48892	0.2357
V364	0.18657	0.02904	0.69642	0.08796
V365	0.29363	0.0121	0.01159	0.68268
V366	0.10878	0.62391	0.09438	0.17292
V367	0.63328	0.0907	0.00397	0.27206
V368	0.12635	0.67583	0.09437	0.10345
V369	0.02113	0.32639	0.64805	0.00443
V370	0.35954	0.19431	0.4222	0.02395
V371	0.25808	0.64417	0.02924	0.06851
V372	0.18659	0.02987	0.12017	0.66337
V373	0.09682	0.08966	0.50374	0.30978
V374	0.80797	0.00317	0.18886	0
V375	0.04602	0.01995	0.14505	0.78898
V376	0.03583	0.01546	0.09848	0.85023
V377	0.81401	0	0.00943	0.17656
V378	0.00936	0.01155	0.42164	0.55745
V379	0.39037	0.14017	0.00996	0.4595
V380	0.17506	0.04275	0.20475	0.57744
V381	0.77418	0.00407	0.08436	0.1374
V382	0.09696	0.0083	0.88948	0.00526
V383	0.86128	0.0012	0.04356	0.09396
V384	0.61743	0.04168	0.12619	0.2147
V385	0.88729	0.00438	0.06707	0.04127
V386	0.33551	0.00491	0.14122	0.51837
V387	0.65838	0.09105	0.18178	0.06878
V388	0.45528	0.24505	0.15299	0.14668
V389	0.51291	0.41524	0.01105	0.0608
V390	0.35238	0.17961	0.46479	0.00322
V391	0.46903	0.06573	0.01591	0.44933
V392	0.49669	0.15463	0.16702	0.18166
V393	0.33758	0.16359	0.36204	0.13678
V394	0.11317	0.16885	0.11958	0.5984
V395	0.27931	0.30989	0.21939	0.19142
V396	0.0134	0.9542	0.00658	0.02582
V397	0.83051	0.04821	0.09379	0.0275
V398	0.51016	0.08744	0.09464	0.30776
V399	0.25688	0.46866	0.16832	0.10614
V400	0.00057	0.52054	0.07178	0.40712
V401	0.04242	0.10349	0.78001	0.07408
V402	0.85039	0.11652	0.03309	0
V403	0.02519	0.00968	0.07132	0.89381
V404	0.11188	0.1378	0.65778	0.09254
V405	0.24947	0.01612	0.16676	0.56766
V406	0.72304	0.1727	0.01655	0.0877
V407	0.00198	0.98267	0.00769	0.00766
V408	0.11368	0.17978	0.43481	0.27173
V409	0.00795	0.00645	0.02106	0.96454
V410	0.13014	0.81568	0.03238	0.0218
V411	0.47301	0.00153	0	0.52547
V412	0.18847	0.04078	0.51584	0.25492
V413	0.07587	0.41254	0.20742	0.30417
V414	0.04576	0.43359	0.38603	0.13462
V415	0.49382	0.01308	0.22469	0.26841
V416	0.01048	0.0457	0.9426	0.00123
V417	0.48301	0.50701	0.00566	0.00433
V418	0.08466	0.06727	0.14493	0.70314
V419	0.01808	0.00049	0.02908	0.95235
V420	0.00104	0.87283	0.01327	0.11287
V421	0.18435	0.01532	0.6935	0.10683
V422	0.05138	0.03706	0.00896	0.9026
V423	0.09525	0.00329	0.88187	0.01959
V424	0.00036	0.024	0.64762	0.32802
V425	0.07115	0.17571	0.64763	0.10551
V426	0.10759	0.01728	0.8129	0.06223
V427	0.08952	0.32425	0.21555	0.37069
V428	0.12804	0.71656	0.06222	0.09318
V429	0.01697	0.00045	0.03807	0.94452
V430	0.81377	0.11126	0.01598	0.05899
V431	0.21099	0.00899	0.45834	0.32167
V432	0.12386	0.06039	0.04755	0.76821
V433	0.07926	0.67359	0	0.24714
V434	0.38013	0.04519	0.05125	0.52343
V435	0.55346	0.00407	0.11574	0.32673
V436	0.41949	0.0043	0.11182	0.46439
V437	0.27202	0.17164	0.00367	0.55268
V438	0.67803	0.10448	0.0296	0.18789
V439	0.03803	0.06686	0.00802	0.88709
V440	0.52829	0.02007	0.03051	0.42113
V441	0.08174	0.08415	0.63394	0.20017
V442	0.38909	0.26096	0.14581	0.20414
V443	0.77894	0.00115	0.08352	0.13639
V444	0.0113	0.00811	0.97889	0.00169
V445	0.65858	0.00535	0.31498	0.0211
V446	0.05073	0.79949	0.06427	0.08551
V447	0.69147	0.05504	0.16924	0.08425
V448	0.02259	0.03951	0.19936	0.73854
V449	0.61678	0.01845	0.28033	0.08445
V450	0.20462	0.77986	0.01549	3e-05
V451	0.95539	0.02847	0.00031	0.01584
V452	0.03798	0.00384	0.07053	0.88765
V453	0.85694	0.04055	0.06023	0.04229
V454	0.0015	0.92539	0.058	0.01511
V455	0.65252	0.01333	0.28308	0.05107
V456	0.38089	0.07572	0.39171	0.15169
V457	0.00794	0.01457	0.01309	0.9644
V458	0.31243	0.16983	0.00358	0.51416
V459	0.02298	0.75746	0.11116	0.1084
V460	0.96437	0.00263	0.02401	0.00899
V461	0.06238	0.01764	0.00986	0.91013
V462	0.40413	0.17931	0	0.41655
V463	0.32536	0.38509	0.17553	0.11402
V464	0.55831	0.0643	0.00369	0.3737
V465	0.49312	0.33418	0.02494	0.14776
V466	0.65039	0.12921	0.00362	0.21678
V467	0.40573	0.47277	0.08642	0.03508
V468	0.59472	0.3054	0.05079	0.04909
V469	0.02055	0.12633	0.30934	0.54378
V470	0.61614	0.07685	0.17468	0.13233
V471	0.30569	0.07085	0.03354	0.58991
V472	0.38489	0.25455	0	0.36056
V473	0.134	0.46482	0.38244	0.01874
V474	0.13081	0	0.10339	0.7658
V475	0.2344	0.32204	0.08717	0.35639
V476	0.18368	0.00641	0.0562	0.75371
V477	0.65088	0.01818	0.19512	0.13582
V478	0.17854	0.51132	0.00384	0.30631
V479	0.01886	0.04874	0.84863	0.08378
V480	0.10231	0.24156	0.04658	0.60955
V481	0.17185	0.00328	0.81377	0.0111
V482	0.75947	0.10549	0.10672	0.02832
V483	0.14927	0.07407	0.07522	0.70144
V484	0.02577	0.04267	0.02449	0.90707
V485	0.1679	0.67135	0.01226	0.14849
V486	0.32792	0.19839	0.13505	0.33864
V487	0.08384	0.02635	0.0867	0.80311
V488	0.00043	0.00077	0.89117	0.10763
V489	0.25107	0.06187	0.67738	0.00967
V490	0.4135	0.23657	0.07106	0.27888
V491	0.53952	0.36706	0.03357	0.05986
V492	0.03816	0.795	0.16151	0.00533
V493	0.02029	0.00163	0.00691	0.97117
V494	0.23582	0.10443	0.54153	0.11823
V495	0.297	0.52922	0.15543	0.01834
V496	0.36338	0.58901	0	0.04761
V497	0.01032	0.00154	0.9805	0.00764
V498	0.35892	0.06759	0.05059	0.5229
V499	0.68883	0.18817	0.1201	0.0029
V500	0.12232	0.07913	0.76391	0.03464
V501	0.0079	0.00081	0.04003	0.95125
V502	0.62903	0.19873	0.15015	0.0221
V503	0.23274	0.06135	0.20401	0.5019
V504	0.31274	0.6082	0.012	0.06707
V505	0.24072	0.15758	0.27032	0.33138
V506	0.1133	0.19001	0.49372	0.20297
V507	0.67378	0.06246	0.11635	0.14741
V508	0.81396	0.11188	0.03799	0.03616
V509	0.26805	0.03417	0.51252	0.18525
V510	0.2902	0.42368	0.28258	0.00354
V511	0.06106	0.35049	0.04785	0.5406
V512	0.27588	0.02836	0.07987	0.61589
V513	0.10766	0.57633	0.24635	0.06966
V514	0.01669	0.0403	0.00431	0.93871
V515	0.81596	0.03448	0.04402	0.10554
V516	0.93861	0.05707	4e-04	0.00393
V517	0.04464	0.01106	0.25754	0.68676
V518	0.97657	0.01866	0.00047	0.0043
V519	0.0377	0.83419	0.00508	0.12303
V520	0.03027	0	0.63015	0.33958
V521	0.61625	0.01917	0.34332	0.02126
V522	0.00755	0.08436	0.61562	0.29247
V523	0.40963	0.08253	0.26315	0.24469
V524	0.01036	0.72791	0.23024	0.0315
V525	0.30112	0.15296	0.02452	0.52139
V526	0.70102	0.04621	0.07037	0.1824
V527	0.2372	0.0089	0.40218	0.35172
V528	0.14262	0.80377	0	0.05361
V529	0.07003	0.0374	0.22904	0.66353
V530	0.00749	0.15212	0.73463	0.10576
V531	0.02721	0.83265	0.14014	1e-05
V532	0.21476	0.25679	0.02558	0.50287
V533	0.34807	0.27401	0.14807	0.22985
V534	0.00796	0.00266	0.73195	0.25743
V535	0.5827	0	0.01011	0.40719
V536	0.21929	0	0.372	0.40871
V537	0.66524	0.17895	0.14734	0.00848
V538	0.50445	0.03196	0.08355	0.38005
V539	0.33905	0.34413	0.17262	0.1442
V540	0.27061	0.61159	0.08004	0.03775
V541	0.02298	0.43931	0.07083	0.46687
V542	0.23514	0.08558	0.26367	0.41562
V543	0.90186	0.00163	0.00996	0.08655
V544	0.12295	0.05755	0.17578	0.64372
V545	0.41842	0.09703	0.06935	0.41521
V546	0.06911	0.84601	0.07937	0.0055
V547	0.04887	0.57051	0.36883	0.0118
V548	0.21598	0.68377	0.09573	0.00452
V549	0.36908	0.01043	0.61123	0.00927
V550	0.62296	0.01523	0	0.36181
V551	0.24641	0.65571	0.03875	0.05913
V552	0.00158	0.46264	0.0043	0.53148
V553	0.27041	0.0987	0.6143	0.01659
V554	0.06181	0.05826	0.02212	0.85781
V555	0.11392	0.172	0.36055	0.35353
V556	0.00039	0.00965	0.95785	0.03211
V557	0.84917	0.01272	0.00929	0.12883
V558	0.09606	0.73248	0.03007	0.14139
V559	0.01268	0.75413	0.23317	2e-05
V560	0.76352	0.23271	0	0.00377
V561	0.00064	0.00658	0.9849	0.00788
V562	0.8131	0.00123	0.107	0.07867
V563	0.27617	1e-05	0.71973	0.00408
V564	0.07009	0.04386	0.87447	0.01159
V565	0.15592	0.19897	0.40912	0.236
V566	0.74661	0.06179	0.00389	0.18772
V567	0.27732	0.3667	0.02586	0.33011
V568	0.26824	0.00112	0.05356	0.67708
V569	0.71452	0.01419	0	0.27129
V570	0.03219	0.22555	0.67602	0.06624
V571	0.86749	0.08117	0	0.05135
V572	0.48815	0.00124	0.42369	0.08692
V573	0.07414	0.12911	0.0059	0.79085
V574	0.05161	0.73059	0.20545	0.01234
V575	0.02333	0.05419	0.12732	0.79516
V576	0.2181	0.72833	0.04137	0.0122
V577	0.04482	0.02503	0.21804	0.7121
V578	0.06726	0.03804	0.70962	0.18508
V579	0.01165	0.85078	0.11502	0.02256
V580	0.17037	0.00109	0.111	0.71754
V581	0.07385	0.0518	0.00223	0.87212
V582	0.64587	0.09804	0.02948	0.22661
V583	0.00831	0.02372	0.61739	0.35059
V584	0.58484	0.10356	0.28216	0.02943
V585	0.00934	0.00169	0.46107	0.52791
V586	0.27134	0.00184	0.64261	0.08421
V587	0.30422	0.00262	0.66927	0.0239
V588	0.67342	0.0249	0.02157	0.28011
V589	0.08075	0.77161	0.07426	0.07338
V590	0.06695	0.70076	0.22745	0.00483
V591	0.00222	0.02073	0.20769	0.76936
V592	0.18431	0.01688	0.79869	0.00013
V593	0.62192	0	0.17347	0.20462
V594	0.40356	0.21284	0.34324	0.04036
V595	0.02855	0.01221	0.01879	0.94046
V596	0.04488	0.21887	0.24831	0.48794
V597	0.00025	0.51192	0.39657	0.09127
V598	0.01962	0.0798	0.88856	0.01202
V599	0.7101	0.23548	0.03175	0.02267
V600	0.44794	0.37914	0.05262	0.12029
V601	0.19991	0.20963	0.08582	0.50464
V602	0.02903	0.01293	0.01106	0.94698
V603	0.01089	0.30863	0.01267	0.66781
V604	0.57597	0.07349	0.32877	0.02177
V605	0.08634	0.2586	0.44621	0.20885
V606	0.78647	0.10295	0.00983	0.10074
V607	0.68929	0.00403	0.10327	0.2034
V608	0.26357	0.11081	0.40162	0.224
V609	0.03272	0.18289	0.25644	0.52795
V610	0.80458	0.00735	0.0845	0.10357
V611	0.31692	0.00116	0.05172	0.6302
V612	0.03057	0.05505	0.84954	0.06484
V613	0.04365	0.26894	0.65073	0.03668
V614	0.80771	0.03451	0.04407	0.11371
V615	0.14873	0.03334	0.00635	0.81159
V616	0.11014	0.64168	0.04888	0.1993
V617	0.52979	0.11083	0.35939	0
V618	0.75061	0.00155	0	0.24783
V619	0.43297	0.01335	0.30994	0.24373
V620	0.01029	0.59261	0.39219	0.0049
V621	0.49139	0.10387	0.17342	0.23133
V622	0.41972	0.1607	0.39649	0.02309
V623	0.02316	0.04624	0.14672	0.78387
V624	0.84962	0.13479	5e-05	0.01554
V625	0.34185	0.40428	0.10746	0.14641
V626	0.97806	0.01167	0.00039	0.00988
V627	0.00564	0.01133	0.07337	0.90967
V628	0.00297	0.17429	0.01291	0.80983
V629	0.1587	0.22448	0.30707	0.30975
V630	0.04374	0.2668	0.64343	0.04603
V631	0.02273	0.14676	0.11018	0.72033
V632	0.62124	0	0.12808	0.25068
V633	0.00023	0.01228	0.86093	0.12656
V634	0.46691	0.19112	0.33897	0.003
V635	0.0368	0.70794	0.00455	0.25071
V636	0.14861	0.06709	0.66415	0.12016
V637	0.35983	0.14344	0.09075	0.40598
V638	0.44748	0.19017	0.06963	0.29272
V639	0.33381	0.33707	0.32912	0
V640	0.04283	0.10534	0.80609	0.04574
V641	0.9174	0.01884	0.02179	0.04198
V642	0.82209	0.11836	0	0.05955
V643	0.00805	0.13722	0.49021	0.36451
V644	0.93871	0.04711	0.00511	0.00907
V645	0.32861	0.32064	0.33387	0.01687
V646	0.01488	0.97041	0.00743	0.00728
V647	0.17422	0.05214	0.72209	0.05156
V648	0.50067	0.33296	0.1423	0.02407
V649	0.03055	0.03552	0.8781	0.05583
V650	0.0675	0.05474	0.81437	0.06339
V651	0.34811	3e-05	0.64809	0.00376
V652	0.10878	0.0555	0.46039	0.37532
V653	0.16831	0.59109	0.11692	0.12367
V654	0.76493	0.13564	0.05487	0.04456
V655	0.04791	0.505	0.01957	0.42751
V656	0.25037	0.20638	0.01029	0.53296
V657	0.02725	0.0447	0.00934	0.91871
V658	0.67538	0.14582	0.0558	0.123
V659	0.37733	0.05153	0.36884	0.2023
V660	0.04107	0.93323	0	0.0257
V661	0.07618	0.35003	0.05773	0.51605
V662	0.45853	0.00394	0.44942	0.0881
V663	0.28202	0.04128	0.57204	0.10465
V664	0.23742	0.03762	0.68343	0.04153
V665	0.75806	0.12801	0.03742	0.07651
V666	0.61746	0	0.09559	0.28694
V667	0.80532	0.04187	0.1528	0
V668	0.17306	0.72572	0.10121	0
V669	0.29196	0.33103	0.27475	0.10225
V670	0.11793	0.85792	0	0.02414
V671	0.43587	0.20956	0.26876	0.08582
V672	0.01979	0.00842	0.9417	0.03009
V673	0.29119	0.29281	0.24945	0.16655
V674	0.77905	0.09564	0.01586	0.10945
V675	0.17287	0.25559	0.35518	0.21636
V676	0.03463	0.07807	0.10904	0.77826
V677	0.4686	0.31252	0.10191	0.11698
V678	0.61198	0.37255	0.01179	0.00369
V679	0.05956	0.24712	0.68248	0.01084
V680	0.38841	0.44526	0.14897	0.01735
V681	0.93134	0.03628	0.0107	0.02168
V682	0.1411	0.23088	0.59295	0.03506
V683	0.01638	0.9653	0.01792	0.00041
V684	0.76186	0.10414	0.09014	0.04385
V685	0.58015	0.25424	0.12656	0.03905
V686	0.11284	0.13312	0.1575	0.59654
V687	0.02886	0.00537	0.01968	0.94609
V688	0.4622	0.40815	0	0.12965
V689	0.27792	0	0.04418	0.6779
V690	0.51994	0.01937	0.40726	0.05343
V691	0.18198	0.00037	0.8128	0.00486
V692	0.09533	0.09536	0.7465	0.06281
V693	0.27354	0.06921	0.38253	0.27472
V694	0.00993	0.01254	0.30122	0.67631
V695	0.27002	0.0012	0.1544	0.57439
V696	0.08593	0.05752	0.01335	0.8432
V697	0.01655	0.03205	0.01086	0.94054
V698	0.8455	0.00159	0.00958	0.14332
V699	0.64965	0.20378	0.06653	0.08004
V700	0.25656	0.01259	0.00564	0.72521
V701	0.15164	0.44655	0.12655	0.27527
V702	0.59268	0.04867	0.00933	0.34932
V703	0.15933	0.02789	0.50431	0.30847
V704	0.85859	0.02398	0.02152	0.0959
V705	0.96733	0	0.01056	0.02211
V706	0.09393	0.02345	0.80177	0.08085
V707	0.04442	0.35648	0.56181	0.0373
V708	0.0522	0.83794	0.02282	0.08704
V709	0.16894	0.19854	0.56015	0.07237
V710	0.67505	0.14571	0.04667	0.13257
V711	0.12891	0.73175	0.10914	0.0302
V712	0.85341	0.02949	0.00412	0.11298
V713	0.51266	0.21958	0.03176	0.23601
V714	0.01028	0.60786	0.02054	0.36131
V715	0.36737	0.25311	0.3192	0.06032
V716	0.03791	0.02255	0.04396	0.89559
V717	0.11799	0.86695	0	0.01507
V718	0.19749	0.4778	0.20449	0.12022
V719	0.07939	0.64422	0.03907	0.23732
V720	0.73338	0	0.21023	0.05639
V721	0.1519	0.11423	0.50318	0.23069
V722	0.11617	0.27153	0.01063	0.60167
V723	0.12375	0.05594	0.00599	0.81432
V724	0.62347	0.0125	0.07944	0.28458
V725	0.00037	0.06251	0.90716	0.02995
V726	0.04566	0.31104	0.13663	0.50667
V727	0.34916	0.54498	0.10209	0.00378
V728	0.03865	0.84027	0.11559	0.00549
V729	0.44934	0.00416	0.15631	0.3902
V730	0.92806	0.01369	0.03719	0.02105
V731	0.03184	0.14569	0.43274	0.38973
V732	0.40134	0.04493	0.3537	0.20003
V733	0.71177	0.12812	0.02964	0.13046
V734	0.29093	0.22863	0.47711	0.00334
V735	0.01978	0.01133	0.50091	0.46798
V736	0.1586	0.00377	0.00776	0.82987
V737	0.39868	0.21316	0.25085	0.13731
V738	0.10104	0.25892	0.50197	0.13807
V739	0.00052	0.00255	0.62007	0.37686
V740	0.87873	0.05137	0.06168	0.00823
V741	0.54276	0.06315	0.12173	0.27235
V742	0.50195	0.48471	0.01333	0
V743	0.16242	0.09461	0.72559	0.01737
V744	0.57203	0.0187	0.31485	0.09442
V745	0.02178	0.63444	0.21615	0.12763
V746	0.99478	0	0.00056	0.00467
V747	0.06575	0	0.72378	0.21046
V748	0.14904	0.06516	0.61303	0.17277
V749	0.32844	0.12486	0.05165	0.49504
V750	0.50575	0.35934	0.0174	0.11751
V751	0.06789	0.8254	0.04259	0.06412
V752	0.53433	0.16034	0.1355	0.16983
V753	0.01963	0.00762	0.00587	0.96688
V754	0.01245	0.90766	0	0.07989
V755	0.18228	0.14165	0.36457	0.3115
V756	0.02713	0.00427	0.04467	0.92394
V757	0.4313	0.47679	0.06573	0.02618
V758	0.06553	0.70614	0.14517	0.08316
V759	0.14733	0.03538	0.41739	0.39991
V760	0.33545	0.03249	0.28181	0.35026
V761	0.09024	0.50127	0.31916	0.08933
V762	0.00219	0.31665	0.01267	0.66849
V763	0.46299	0.27108	0.0244	0.24153
V764	0.01168	0.90381	0.0057	0.07881
V765	0.71216	0.0544	0	0.23344
V766	0.01952	0.25254	0.49418	0.23376
V767	0.54559	0.07911	0.24025	0.13505
V768	0.08475	0.86863	0.02375	0.02287
V769	0.20439	0.75154	0.03156	0.0125
V770	0.01488	0.97041	0.00743	0.00728
V771	0.19507	0.00325	0.7911	0.01057
V772	0.16032	0.02129	0.81405	0.00434
V773	0.23098	0.75012	0.00598	0.01292
V774	0.01981	0.00077	0.94822	0.0312
V775	0.13324	0.02301	0.28876	0.55499
V776	0.51961	0.32323	0.0508	0.10635
V777	0.20516	0.07985	0.14182	0.57317
V778	0.6192	0.19572	0.067	0.11809
V779	0.19972	0.02101	0.50695	0.27232
V780	0.15487	0.68933	0.1558	0
V781	0.05113	0.01659	0.02568	0.9066
V782	0.00772	0.08256	0.84403	0.06569
V783	0.82054	0.00757	0.04336	0.12854
V784	0.16005	0.81994	0.01442	0.00559
V785	0.05596	0.90563	0.0146	0.02381
V786	0.77964	0.10469	0.07994	0.03574
V787	0.00103	0.7946	0.19877	0.0056
V788	0.5903	0.21808	0.15291	0.03871
V789	0.08855	0.29462	0.02718	0.58964
V790	0.49515	0.0141	0.07427	0.41648
V791	0.17347	0.30019	0.36643	0.15991
V792	0.17723	0.45443	0.00414	0.3642
V793	0.16777	0.57692	0.03735	0.21796
V794	0.05598	0.04812	0.82285	0.07304
V795	0.12231	0.02606	0.05798	0.79365
V796	0.03155	0.05093	0.89757	0.01995
V797	0.7861	0	0.20566	0.00824
V798	0.69707	0.21256	0.07545	0.01492
V799	0.18696	0.70173	0.02996	0.08135
V800	0.07968	0.01074	0.53374	0.37583
V801	0.16466	0.07964	0.34553	0.41017
V802	0.04371	0.05116	0.28716	0.61797
V803	0.2888	0.42027	0.29092	0
V804	0.57209	0.00439	0.36397	0.05955
V805	0.01229	0.00223	0.98363	0.00185
V806	0.06862	0.87402	0.01351	0.04385
V807	0.29785	0.10922	0.03381	0.55913
V808	0.74011	0.1907	0.03951	0.02967
V809	0.04814	0.02192	0.92908	0.00086
V810	0.01581	0.97618	0	0.00801
V811	0.47954	0.04374	0.20075	0.27597
V812	0.62996	0.18513	0.0481	0.1368
V813	0.66273	0.13351	0.18226	0.0215
V814	0.53282	0.41824	0.04532	0.00363
V815	0.00147	0.89712	0.09521	0.00619
V816	0.94303	0	0.05697	0
V817	0.03173	0.04535	0.9107	0.01222
V818	0.00562	0.03092	0.03609	0.92737
V819	0.87209	0.04834	0.04448	0.0351
V820	0.14895	0.06773	0.01988	0.76344
V821	0.26996	0.23928	0.41985	0.07091
V822	0.08263	0.00762	0.89013	0.01961
V823	0.03143	0.14081	0.73287	0.09489
V824	0.11762	0.30078	0.5816	0
V825	0.275	0.21975	0.2727	0.23255
V826	0.51701	0.31402	0.15974	0.00923
V827	0.47678	0.48508	0.01161	0.02652
V828	0.2617	0.11773	0.11458	0.50599
V829	0.04724	0.18918	0.03787	0.7257
V830	0.26256	0.17275	0.02484	0.53986
V831	0.82019	0.05358	0.02836	0.09787
V832	0.33703	0.31572	0.18189	0.16536
V833	0.19556	0.42369	0.20427	0.17648
V834	0.33094	0.04601	0.07984	0.54321
V835	0.44612	0.34982	0.12481	0.07926
V836	0.01092	0.61292	0.00476	0.37141
V837	0.27907	0.30124	0.20613	0.21356
V838	0.95003	0.02231	0.02413	0.00352
V839	0.38882	0.49861	0.10888	0.00369
V840	0.38501	0.60821	0.00677	0
V841	0.00041	0.02207	0.91973	0.05779
V842	0.41361	0.11481	0.26641	0.20518
V843	0.01897	0.00747	0.89862	0.07494
V844	0.13598	0.05518	0.40189	0.40695
V845	0.08234	0.07085	0.78386	0.06294
V846	7e-05	0.00319	0.78032	0.21642
V847	0.00898	0.00163	0.01483	0.97456
V848	0.12136	0.42928	0.1962	0.25315
V849	0.00148	0.94512	0.00631	0.04709
V850	0.97944	0	0.01111	0.00946
V851	0.41979	0.42149	0.15872	0
V852	0.12191	0.03108	0.13206	0.71495
V853	0.2941	0.16452	0.42343	0.11795
V854	0.66281	0.11372	0.10138	0.1221
V855	0.00898	0.00163	0.01483	0.97456
V856	0.05778	0.28376	0.40039	0.25807
V857	0.73917	0.11997	0.02964	0.11122
V858	0.59517	0.00261	0.39901	0.00322
V859	0.73161	0.16451	0.0166	0.08728
V860	0.21642	0.08077	0.05434	0.64847
V861	0.11707	0.2814	0.59103	0.0105
V862	0.15978	0.05329	0.74432	0.04261
V863	0.22218	0.03825	0.00019	0.73938
V864	0.07247	0.02111	0.05073	0.85569
V865	0.13091	0.00156	0.27188	0.59565
V866	0.76028	0.00536	0.22628	0.00808
V867	0.76149	0.00886	0.22682	0.00284
V868	0.59432	0.19835	0.13455	0.07277
V869	0.02851	0.95737	0.00734	0.00678
V870	0.1303	0.27303	0.01788	0.57879
V871	0.00148	0.94512	0.00631	0.04709
V872	0.01088	0.00681	0.2576	0.72471
V873	0.91492	0.01346	0.04397	0.02765
V874	0.2736	0.69333	0.03307	0
V875	0.02058	0.14664	0.21893	0.61385
V876	0.20105	0.25425	0.45258	0.09212
V877	0.05895	0.32602	0.34194	0.27309
V878	0.18788	0.73389	0.07823	0
V879	0.25784	0.60678	0.04738	0.088
V880	0.38819	0.45288	0.00398	0.15495
V881	0.17292	0.02133	0.61632	0.18943
V882	0.82385	0	0.11356	0.06258
V883	0.3312	0.1425	0.5263	0
V884	0.02494	0.21595	0	0.75911
V885	0.77135	0.14462	0.08403	0
V886	0.01975	0.29685	0.5311	0.1523
V887	0.68824	0.03515	0.14951	0.12711
V888	0.12054	0.02331	0.76647	0.08968
V889	0.94185	0.02711	0.01641	0.01464
V890	0.04243	0.10265	0.66386	0.19107
V891	0.67546	0.02529	0.26407	0.03518
V892	0.32405	0.13456	0.00985	0.53154
V893	0.65197	0.14708	0.14728	0.05367
V894	0.08608	0.24229	0.63552	0.03611
V895	0.64799	0.03518	0.1886	0.12823
V896	0.0563	0.91304	0.00636	0.0243
V897	0.76056	0.18148	0.00414	0.05382
V898	0.49414	0	0.00444	0.50142
V899	0.03368	0.14628	0.14961	0.67043
V900	0.10102	0.22815	0.40575	0.26508
V901	0.05195	0.78742	0.00475	0.15587
V902	0.06968	0.86765	0.05699	0.00568
V903	0.00819	0.34721	0.59691	0.04769
V904	0.02923	0.96311	0	0.00766
V905	0.16861	0	0.1768	0.65459
V906	0.45225	0.057	0.10618	0.38457
V907	0.52478	0.40509	0.01863	0.0515
V908	0.01421	0.02799	0.0709	0.8869
V909	0.18577	0.73141	0	0.08283
V910	0.18155	0	0.11788	0.70056
V911	0.60648	0.29527	0.03228	0.06597
V912	0.46768	0.24348	0.13197	0.15686
V913	0.12303	0	0.00911	0.86785
V914	0.23765	0.40196	0.32477	0.03562
V915	0.24179	0	0.00641	0.7518
V916	0.28996	0.02932	0.64049	0.04023
V917	0.75404	0.01275	0.15233	0.08088
V918	0.06255	0.56006	0.27516	0.10223
V919	0.2426	0.17554	0.3176	0.26427
V920	0.68265	0.13909	0.09165	0.08661
V921	0.03631	0.12169	0.02951	0.81249
V922	0.13445	0.38078	0.43935	0.04542
V923	0.08593	0.00813	0.04248	0.86346
V924	0.04793	0.60175	0.32067	0.02965
V925	0.19782	0.01938	0.01228	0.77052
V926	0.22141	0.01264	0.02756	0.73839
V927	0.02532	0.02257	0.05298	0.89913
V928	0.06819	0.85022	0.00554	0.07604
V929	0.07847	0.56997	0.15454	0.19703
V930	0.59387	0.28138	0.03188	0.09288
V931	0.16983	0.20624	0.55123	0.07269
V932	0.04226	0.07678	0.64733	0.23363
V933	0.68499	0.29462	0.01096	0.00943
V934	0.00967	0.10934	0.29499	0.586
V935	0.62692	0.10833	0.20316	0.06159
V936	0.60119	0.19599	0.01591	0.18691
V937	0.60326	0.08464	0.08325	0.22885
V938	0.42383	0.02527	0.30456	0.24634
V939	0.78683	0.00742	0.06765	0.1381
V940	0.03648	0.73974	0.18206	0.04171
V941	0.00103	0.00159	0.98886	0.00853
V942	0.79348	0.12888	0.06324	0.0144
V943	0.44975	0.08411	0.41907	0.04707
V944	0.02306	0.20746	0.06869	0.70079
V945	0.64237	0.26535	0.01012	0.08216
V946	0.52608	0.18656	0.25649	0.03088
V947	0.0951	0.03076	0.23888	0.63525
V948	0.38144	0.0104	0.59228	0.01588
V949	0.00153	0.07823	0.21294	0.7073
V950	0.07661	0.4557	0.24796	0.21973
V951	0.85149	0.00539	0.14026	0.00287
V952	0.08311	0.09102	0.28134	0.54453
V953	0.01947	0.03092	0.92036	0.02925
V954	0.04568	0.13669	0.14867	0.66895
V955	0.16532	0.51953	0.02764	0.28751
V956	0.04135	0.01106	0.53473	0.41287
V957	0.36071	0.0065	0	0.63279
V958	0.02029	0.00163	0.00691	0.97117
V959	0.28007	0.19298	0.45729	0.06966
V960	0.28391	0.20647	0.08448	0.42514
V961	0.17392	0.30801	0.39128	0.12679
V962	0.42087	0.11592	0.39754	0.06567
V963	0.66116	0.11492	0.15466	0.06926
V964	0.86837	0.01271	0.09166	0.02726
V965	0.07615	0.42231	0.22106	0.28048
V966	0.9792	0.00555	0.00582	0.00943
V967	0.06796	0.02274	0.55183	0.35747
V968	0.00014	0.10692	0.82661	0.06634
V969	0.01095	0.22781	0.03835	0.72289
V970	0.04248	0.08293	0.45706	0.41753
V971	0.55763	0.05043	0.32212	0.06981
V972	0.57651	0.14033	0.04796	0.2352
V973	0.3372	0.33377	0.0844	0.24463
V974	0.00953	0.73579	0.15906	0.09562
V975	0.12589	0.22413	0.64608	0.0039
V976	0.5102	0.18026	0.1183	0.19124
V977	0.38471	0.27033	0.34179	0.00317
V978	0.07243	0.062	0.0685	0.79707
V979	0.82667	0.00544	0.16505	0.00284
V980	0.99478	0	0.00056	0.00467
V981	0.37968	0.01431	0.42954	0.17648
V982	0.52877	0.30532	0.08038	0.08553
V983	0.74031	0.0347	0.00396	0.22102
V984	0.02379	0.79707	0.13645	0.04269
V985	0.08687	0.1453	0.00537	0.76246
V986	0.40877	0.425	0.05363	0.11259
V987	0.32446	0.65472	0	0.02081
V988	0.23209	0.00668	0.01217	0.74907
V989	0.53554	0.36615	0.08186	0.01645
V990	0.00017	0.02629	0.82771	0.14584
V991	0.72463	0.26557	0	0.0098
V992	0.23405	0.00156	0.52125	0.24314
V993	0.09423	0.65437	0.20162	0.04978
V994	0.25916	0.69805	0.03078	0.01201
V995	0.78656	0.0678	0.02884	0.11681
V996	0.30486	0.08661	0.01083	0.5977
V997	0.01867	0.00314	0.85426	0.12394
V998	0.89562	0.0044	0.05877	0.04121
V999	0.17626	0.81773	0	0.00602
V1000	0.33949	0.01222	0	0.64829
