Neutrophils	Monocytes_CD14.CD16.	Macrophage	T_cells_.CD4..	NK_cells
V1	0.34523	0.12167	0.26187	0.12117	0.15006
V2	0.07558	0.78429	0.04415	0.04855	0.04744
V3	0.06503	0	0.47854	0.41594	0.04048
V4	0.00371	0	0.22676	0.05749	0.71204
V5	0.00283	0	0.04981	0.09889	0.84847
V6	0.35815	0.00656	0.29219	0.21236	0.13074
V7	0.00621	0.00813	0.42558	0.07309	0.48698
V8	0.00781	0	0.91795	0.06406	0.01019
V9	0.05039	0	0.28241	0.61962	0.04759
V10	0.49417	0	0.4879	0	0.01793
V11	0.02677	0.00333	0.09598	0.06891	0.80501
V12	0.07503	0	0.22365	0.28662	0.41471
V13	0.12681	0.04041	0.03376	0.39346	0.40557
V14	0.15863	0	0.07326	0.62941	0.1387
V15	0.01425	0.02076	0	0.87408	0.0909
V16	0.59806	0.07931	0.00599	0.29416	0.02248
V17	0.06453	0.23749	0.00814	0.05814	0.6317
V18	0.10097	0.42852	0.26019	0.18742	0.0229
V19	0.0175	0	0	0.10995	0.87255
V20	0	0	0.75993	0.21146	0.02861
V21	0.02397	0.25153	0.12622	0.14927	0.44901
V22	0.84002	0.07723	0.0636	0	0.01914
V23	0.06756	0.00564	0.01618	0.1272	0.78343
V24	0.45381	0.12194	0.01187	0.03683	0.37556
V25	0.01604	0.0203	0.01019	0.39228	0.56118
V26	0.48132	0.20667	0.05501	0.0308	0.2262
V27	0.13621	0.49671	0.17554	0.00654	0.18499
V28	0.02685	0.06678	0.2191	0.60959	0.07768
V29	0	0	0.35243	0.59004	0.05753
V30	0.75295	0.10651	0.02187	0.01005	0.10862
V31	0.43036	0.15261	0.00478	0.20816	0.20408
V32	0.94993	0	0.00018	0	0.04989
V33	0.02139	0.18902	0.00886	0.10955	0.67118
V34	0.13776	0.84912	0	0.00635	0.00677
V35	0.11298	0.6149	0.24734	0.02046	0.00432
V36	0.02744	0.15974	0.16228	0.08681	0.56373
V37	0.75138	0	0	0.00248	0.24614
V38	0.12749	0	0.50652	0.18879	0.17721
V39	0.33814	0.01305	0.33999	0.00732	0.3015
V40	0.2372	0.62656	0.00936	0.08595	0.04093
V41	0.07197	0.83833	0.00605	0.00643	0.07722
V42	0.88732	0.03142	0.01636	0	0.06491
V43	0.51031	0.10989	0.36317	0.00838	0.00825
V44	0.0466	0.26795	0.5648	0.00063	0.12002
V45	0.05808	0.67946	0.08816	0.12119	0.05311
V46	0.13276	0.76322	0.0592	0.02398	0.02084
V47	0	0	0.98413	0	0.01587
V48	0.17391	0.12241	0.23174	0.30989	0.16206
V49	0.49155	0.14129	0.23403	0.11747	0.01567
V50	0.02571	0	0.96961	0	0.00468
V51	0.10873	0.25533	0.19125	0.05892	0.38578
V52	0.0763	0.90514	0.00132	0.00899	0.00825
V53	0.02597	0.18907	0.00398	0.71874	0.06225
V54	0.21727	0	0.00613	0.53098	0.24563
V55	0.06978	0	0	0.85383	0.07639
V56	0.06325	0	0	0.74712	0.18963
V57	0.16835	0.10002	0.58125	0.01856	0.13182
V58	0.05602	0	0.12694	0.19128	0.62576
V59	0.8922	0.01045	0.0902	0	0.00714
V60	0.43924	0.20787	0.12258	0.10628	0.12404
V61	0.18544	0	0.02203	0.20775	0.58477
V62	0.05554	0	0.30186	0.13086	0.51174
V63	0.39968	0.26124	0.05551	0.0278	0.25577
V64	0.96266	0.01015	0.01888	0	0.00831
V65	0.08495	0.07867	0.03704	0.59841	0.20093
V66	0.01811	0	0.14363	0.76643	0.07182
V67	0.00152	0	0.33329	0.09666	0.56853
V68	0.48093	0	0.41063	0.02139	0.08705
V69	0.61868	0.10752	0.2032	0.00511	0.06549
V70	0.081	0.72117	0.03603	0.13247	0.02933
V71	0.11478	0.78317	0.03496	0.05148	0.0156
V72	0.0475	0.38962	0.01735	0.03878	0.50676
V73	0.05088	0	0.10312	0.55895	0.28705
V74	0.00549	0.0634	0.00438	0.77453	0.15221
V75	0.4957	0.17326	0.31647	0	0.01457
V76	0	0	0.01535	0.84298	0.14167
V77	0.01629	0	0.94505	0.03056	0.0081
V78	0	0	0.98195	0.00041	0.01764
V79	0.08858	0.40077	0.03366	0.12757	0.34942
V80	0.13887	0.7305	0	0.04376	0.08687
V81	0.00751	0	0.98688	0	0.00561
V82	0.24964	0.17314	0.02563	0.50522	0.04638
V83	0.09593	0.07649	0.01763	0.52016	0.2898
V84	0.08887	0.15533	0	0.06386	0.69194
V85	0	0	0.99143	0	0.00857
V86	0.03072	0.25358	0.31884	0.36009	0.03678
V87	0.48558	0.00607	0.04165	0.41862	0.04808
V88	0.31371	0.1625	0.04776	0.17767	0.29836
V89	0.05381	0.06643	0.84516	0.02831	0.00629
V90	0.0192	0.16891	0.05084	0.10704	0.654
V91	0	0	0.08527	0.84145	0.07328
V92	0.22768	0.02484	0.02163	0.0608	0.66505
V93	0.00738	0.07484	0.16998	0.4984	0.2494
V94	0.03753	0.16376	0.01676	0.22734	0.55461
V95	0.06277	0.22124	0.01603	0.10628	0.59368
V96	0.81135	0	0.02189	0.01271	0.15406
V97	0.15283	0.01459	0.03937	0.11899	0.67422
V98	0.06453	0.37003	0.17498	0.11367	0.27679
V99	0.52239	0.13944	0	0.19635	0.14182
V100	0.54096	0.1622	0.04637	0.04248	0.208
V101	0.08429	0.89175	0.00841	0.00801	0.00754
V102	0.31916	0.24175	0.13281	0.09353	0.21274
V103	0.10911	0	0	0.06854	0.82235
V104	0.05797	0.39945	0.07588	0.03742	0.42928
V105	0.00623	0	0.03507	0.10718	0.85152
V106	0.07345	0.74787	0.13645	0.0062	0.03602
V107	0.06195	0.19102	0.69755	0.03557	0.01392
V108	0.02764	0.14462	0.82421	0	0.00354
V109	0.06121	0.21294	0.05204	0.25969	0.41412
V110	0.19363	0.51156	0.17935	0.09177	0.02369
V111	0.30696	0.207	0.48604	0	0
V112	0.1762	0	0.10624	0.45459	0.26296
V113	0.22859	0	0.09849	0.14851	0.52441
V114	0.58898	0.0741	0.04677	0.15277	0.13737
V115	0.88295	0	0	0	0.11705
V116	0.00556	0	0	0.08457	0.90987
V117	0.04986	0	0.84433	0.07009	0.03571
V118	0.03505	0	0	0.86516	0.09979
V119	0.35386	0	0.41861	0.21365	0.01389
V120	0.00269	0	0.8484	0.09955	0.04935
V121	0.20575	0.7197	0	0.00762	0.06693
V122	0.04507	0.39314	0.08059	0.21334	0.26786
V123	0.50568	0.03272	0.07435	0.17441	0.21284
V124	0.213	0.10338	0.05819	0.21125	0.41418
V125	0.06037	0.4358	0.49167	0.00033	0.01183
V126	0.16065	0.17256	0.21764	0.10936	0.33978
V127	0.2891	0	0.6672	0.03304	0.01067
V128	0.21717	0.75848	0.00508	0	0.01927
V129	0.27704	0.01458	0.27774	0.16261	0.26804
V130	0.04639	0.51491	0.0365	0.2019	0.20031
V131	0.0063	0	0.25089	0.6876	0.05522
V132	0.35698	0.00977	0	0.32095	0.31229
V133	0.00611	0.01978	0.5691	0.08897	0.31604
V134	0.07549	0	0.80884	0.01806	0.09761
V135	0.03015	0.06375	0.75401	0.02306	0.12903
V136	0.98637	0	0.00272	0	0.01091
V137	0.92412	0.02657	0.00136	0.01108	0.03686
V138	0.24976	0.1358	0.07478	0.12991	0.40975
V139	0.11868	0	0.16669	0.65582	0.05881
V140	0.01691	0	0.14282	0.0638	0.77647
V141	0.02873	0.19443	0.67403	0.08474	0.01807
V142	0.20857	0	0.32991	0.12425	0.33726
V143	0.02569	0.17521	0.49701	0.13375	0.16834
V144	0.51708	0.22457	0.06513	0.09995	0.09327
V145	0	0	0.96362	0.00905	0.02732
V146	0.04216	0.3538	0.00168	0.28817	0.31419
V147	0.10691	0.02973	0.72535	0.09357	0.04445
V148	0.17212	0.77688	0.00463	0.02454	0.02182
V149	0.0011	0	0	0.86385	0.13505
V150	0.15973	0.16619	0.59617	0	0.0779
V151	0.45284	0.00605	0.00593	0.38164	0.15354
V152	0.0037	0	0.11845	0.73379	0.14406
V153	0.18503	0.16254	0.4676	0.04203	0.1428
V154	0.13166	0.58904	0.01787	0.03344	0.22799
V155	0.02924	0	0.14289	0.75703	0.07084
V156	0.1015	0	0.41261	0.14821	0.33768
V157	0.09127	0.02458	0.17123	0.26926	0.44367
V158	0.19331	0	0.44659	0.04721	0.31289
V159	0.12045	0.24019	0.00977	0.54975	0.07983
V160	0.46055	0.15716	0.09048	0.03984	0.25196
V161	0.20451	0.00435	0.05542	0.04876	0.68696
V162	3e-04	0	0.99294	0	0.00675
V163	0.0431	0	0.00546	0.09757	0.85387
V164	0.93966	0.04734	0.01083	0	0.00217
V165	0.62133	0.21431	0.08038	0.03338	0.0506
V166	0.04598	0	0.25317	0.56524	0.13561
V167	0.05694	0.64764	0.01267	0.11644	0.16632
V168	3e-04	0	0.99294	0	0.00675
V169	0.0785	0.6852	0.14744	0.06534	0.02353
V170	0.25677	0.39681	0.05042	0.16687	0.12914
V171	0.33315	0.06314	0.38272	0.15699	0.064
V172	0.17987	0.21455	0.06414	0.04477	0.49668
V173	0.22049	0.0987	0.09137	0.37844	0.21099
V174	0.21231	0	0.3611	0.18832	0.23827
V175	0.07617	0.1323	0.11621	0.17944	0.49587
V176	0.39552	0.00703	0	0.55431	0.04315
V177	0.21354	0	0.61036	0.15665	0.01944
V178	0.30276	0.01153	0.48647	0.1	0.09924
V179	0.08653	0	0	0.07115	0.84231
V180	0.02134	0	0.33875	0.04302	0.59689
V181	0.06714	0.2658	0	0.08329	0.58377
V182	0.57588	0.2384	0	0.13334	0.05238
V183	0.09387	0.88852	0.00056	0.00201	0.01504
V184	0.33924	0	0.31404	0.29961	0.04712
V185	0.1158	0.48685	0.01761	0.13179	0.24795
V186	0.13608	0.17907	0.02389	0.23952	0.42144
V187	0.0988	0.69901	0	0.17689	0.0253
V188	0.86991	0.02101	0.03173	0.06316	0.0142
V189	0.47228	0.25393	0.03163	0.21765	0.02451
V190	0.42472	0.04877	0.21824	0.01998	0.28829
V191	0.22626	0.2352	0	0.38519	0.15335
V192	0.33554	0.19078	0.12622	0.19138	0.15607
V193	0.08211	0.18266	0.53094	0.0393	0.165
V194	0.26173	0.03601	0.0832	0.11352	0.50555
V195	0.59541	0.15907	0.23944	0	0.00609
V196	0	0	0.04755	0.09938	0.85307
V197	0.09168	0.8643	0	0.0279	0.01612
V198	0.23432	0.22625	0.03114	0.1904	0.31788
V199	0.78385	0	0.21615	0	0
V200	0.77174	0	0.02421	0.01527	0.18878
V201	0.02805	0	0.01694	0.68628	0.26873
V202	0.93343	0.05544	0	0	0.01114
V203	0.53672	0.25646	0.02215	0.04421	0.14047
V204	0.33109	0.0688	0.0281	0.03102	0.54099
V205	0.10926	0.01254	0.11307	0.10251	0.66262
V206	0.04257	0.10648	0	0.74618	0.10477
V207	0.01425	0.02076	0	0.87408	0.0909
V208	0.1749	0.19686	0.48744	0.03865	0.10215
V209	0.15142	0.00281	0.09226	0.07172	0.6818
V210	0	0	0.98209	0.00013	0.01778
V211	0.15373	0.00052	0.1996	0.05961	0.58655
V212	0.08344	0.75103	0.06822	0.03524	0.06207
V213	0.08908	0	0.05349	0.25715	0.60028
V214	0.04759	0.53742	0.37595	0.01009	0.02894
V215	0.25657	0.21503	0.13207	0.08005	0.31628
V216	0.05665	0.00882	0.32863	0.06705	0.53885
V217	0	0	0.02154	0.80946	0.169
V218	0.08159	0.18104	0.29886	0.3171	0.1214
V219	0.14654	0.26369	0.39617	0.17281	0.02079
V220	0.2072	0.72848	0.05096	0.00197	0.01139
V221	0.04887	0.02947	0.50528	0.02951	0.38686
V222	0.01452	0	0	0.08928	0.8962
V223	0.55356	0	0.32616	0.09837	0.02191
V224	0.05932	0.54441	0.0192	0.08393	0.29314
V225	0.72047	0.15432	0.12234	0	0.00286
V226	0.46265	0.52844	0	0	0.00891
V227	0.10074	0.28482	0.00164	0.53357	0.07923
V228	0.61871	0.00327	0.28142	0.05258	0.04402
V229	0.28747	0.38941	0.25651	0.03151	0.03509
V230	0.0114	0	0	0.08944	0.89916
V231	0.08345	0.61559	0.05345	0.14881	0.09871
V232	0.81891	0	0.18109	0	0
V233	0.05561	0.00198	0.14343	0.12239	0.67659
V234	0.03183	0.38672	0.21634	0.31349	0.05162
V235	0.9852	0.00235	0	0.00457	0.00787
V236	0.08296	0	0.67021	0.17691	0.06991
V237	0.13191	0.06054	0.27641	0.30029	0.23086
V238	0.0026	0	0	0.28831	0.70909
V239	0.07879	0.40662	0.04283	0.16464	0.30712
V240	0.08918	0.82646	0.00522	0.01737	0.06177
V241	0.07641	0.90402	0.0011	0.00283	0.01564
V242	0.04754	0.32095	0.3001	0.24752	0.08389
V243	0.49368	0	0.33227	0.02009	0.15397
V244	0.04636	0.39768	0.18286	0.08334	0.28976
V245	0.07378	0.87479	0.02288	0.0207	0.00785
V246	0.61229	0.26831	0.02179	0	0.09761
V247	0.21458	0.0647	0.64352	0.03943	0.03777
V248	0.11191	0.59462	0.01834	0.02264	0.25249
V249	0.25917	0.04721	0.20471	0.10279	0.38613
V250	0.02396	0	0.6668	0.04214	0.2671
V251	0.22866	0.00972	0.09537	0.56556	0.10069
V252	0.03029	0.09231	0.57288	0.14302	0.1615
V253	0.30676	0.56742	0.07425	0.03197	0.0196
V254	0.52224	0.39175	0	0.06322	0.02279
V255	0.8219	0.07604	0	0.00945	0.09261
V256	0.06502	0.74382	0.0125	0.01839	0.16029
V257	0.45371	0.29741	0.13787	0.02557	0.08545
V258	0.17555	0.34372	0.04437	0.39792	0.03844
V259	0.54559	0.26424	0.16949	0	0.02067
V260	0.25914	0.01454	0.1016	0.09898	0.52574
V261	0.01972	0	0.53542	0.27842	0.16645
V262	0.92665	0.01586	0.04882	0	0.00867
V263	0.81838	0.07991	0.00774	0.0853	0.00867
V264	0.09118	0.86006	0.00657	0.03364	0.00856
V265	0.83983	0.07793	0.07315	0	0.00909
V266	0.00862	0	0.07254	0.08725	0.83159
V267	0.04264	0	0	0.18378	0.77358
V268	0.21395	0.43502	0.13463	0.15365	0.06275
V269	0.1039	0.32037	0.35985	0.16814	0.04774
V270	0.04439	0	0.03263	0.8491	0.07389
V271	0.23514	0.70892	0.00269	0.0173	0.03596
V272	0.12468	0.79703	0.01964	0.01414	0.04451
V273	0.30183	0	0.18279	0.30987	0.20551
V274	0.08961	0.02591	0.03255	0.21042	0.64151
V275	0.06947	0.6949	0.13848	0.07287	0.02428
V276	0.00547	0	0.73141	0.21597	0.04715
V277	0.37681	0	0.59391	0	0.02928
V278	0.00277	0.01389	0.36142	0.44077	0.18116
V279	0.14892	0	0.00911	0.72198	0.12
V280	0.20069	0.01172	0.03591	0.59426	0.15742
V281	0.02974	0.24256	0.04025	0.6273	0.06015
V282	0.08503	0.89642	0.00085	0.00239	0.01531
V283	0.35215	0	0.10436	0.04628	0.49721
V284	0.03234	0.09723	0.53464	0.01681	0.31898
V285	0.5123	0.4598	0	0.01573	0.01217
V286	0.08879	0	0.87031	0.0268	0.01411
V287	0.25545	0.05121	0.17256	0.27493	0.24585
V288	0.20823	0	0.63984	0.00303	0.1489
V289	0.1691	0.24134	0.01801	0.52333	0.04823
V290	0.43393	0.4435	0.12258	0	0
V291	0.42449	0.22285	0	0.32004	0.03262
V292	0.12209	0	0.41041	0.05244	0.41507
V293	0.01046	0.07905	0.84363	0.04032	0.02654
V294	0.00514	0	4e-05	0.08399	0.91083
V295	0.01203	0.00329	0.35315	0.49945	0.13209
V296	0.85603	0.10902	0	0	0.03495
V297	0.01643	0	0.80782	0.11651	0.05925
V298	0.30316	0	0	0.5259	0.17095
V299	0.27928	0	0.0059	0.6623	0.05252
V300	0.99079	0.00336	0	0	0.00586
V301	0.97378	0	9e-04	0.01058	0.01474
V302	0.00184	0	0.00062	0.40125	0.59629
V303	0.11342	0.1602	0.21226	0.17299	0.34113
V304	0.20484	0	0.76964	0	0.02552
V305	0.21624	0.31398	0.08483	0.10195	0.283
V306	0.33001	0.64231	0	0.00778	0.0199
V307	0.24933	0	0.2871	0.4335	0.03007
V308	0.24752	0	0.68164	0.05812	0.01273
V309	0.6643	0.05879	0.04635	0.10042	0.13015
V310	0.02782	0.00742	0.00103	0.14225	0.82148
V311	0.00602	0	0.04209	0.86412	0.08776
V312	0.09521	0.23099	0.23952	0.02407	0.41022
V313	0.0693	0.30145	0.0087	0.29254	0.32801
V314	0.07806	0	0.00016	0.37103	0.55075
V315	0.95883	0	0.00823	0	0.03294
V316	0.12892	0.54316	0.23352	0.02485	0.06955
V317	0.40804	0.05188	0.51888	0	0.0212
V318	0.91012	0	0	0	0.08988
V319	0.11867	0.01836	0.85656	0.0026	0.00381
V320	0.07717	0	0.00054	0.83846	0.08384
V321	0.15073	0.33193	0.30533	0.1735	0.03851
V322	0.02206	0.23791	0.57693	0.04587	0.11723
V323	0.26838	0.19322	0.43691	0.01329	0.0882
V324	0.03641	0.03911	0.04235	0.80415	0.07798
V325	0.64784	0.10116	0.08213	0.09487	0.07401
V326	0.04393	0	0.0499	0.16359	0.74258
V327	0.33802	0.48147	0.09963	0.01414	0.06674
V328	0.05677	0.30127	0.1678	0.42405	0.05011
V329	0.00269	0.02712	0.42327	0.49746	0.04947
V330	0.08728	0	0.85731	0	0.05541
V331	0.13029	0.00325	0.08458	0.11831	0.66358
V332	0.49059	0.02062	0.46032	0	0.02848
V333	0.42981	0.00686	0.32065	0.14093	0.10175
V334	0.0564	0.26394	0.55881	0.06973	0.05111
V335	0.73142	0.04622	0.07994	0.02278	0.11965
V336	0.17953	0.56038	0.24458	0	0.01552
V337	0.00306	0	0.00766	0.1896	0.79968
V338	0.73642	0.00311	0.15365	0.00619	0.10063
V339	0.22161	0.52473	0.17186	0	0.08179
V340	0.03644	0.14773	0.10425	0.08614	0.62543
V341	0.04234	0.46752	0.42167	0.00544	0.06303
V342	0.3163	0.12854	0.46147	0.08772	0.00596
V343	0.71061	0	0.28939	0	0
V344	0.12028	0.73714	0.03438	0.0231	0.08509
V345	0.2162	0.03853	0	0.27634	0.46893
V346	0.04684	0.31076	0.32269	0.26333	0.05639
V347	0.09854	0.53591	0.01943	0.27995	0.06618
V348	0.02101	0.11803	0.46404	0.2272	0.16971
V349	0.07962	0.28065	0.5265	0.01256	0.10067
V350	0.12349	0.4223	0.07945	0.20964	0.16512
V351	0.19279	0	0.46885	0.29928	0.03909
V352	0.1281	0.52494	0.33656	0	0.0104
V353	0.25518	0.32441	0.03028	0.05258	0.33755
V354	0.58347	0	0.41653	0	0
V355	0.08926	0	0.36413	0.50049	0.04612
V356	0.09944	0	0.84779	0.01281	0.03996
V357	0.04746	0.0066	0.52081	0.04461	0.38052
V358	0.0246	0.029	0.03361	0.83052	0.08227
V359	0.05477	0.12048	0.00332	0.75678	0.06465
V360	0.73703	0.03852	0.09129	0.12412	0.00904
V361	0.34523	0.47595	0.08085	0	0.09797
V362	0.82298	0	0.09289	0	0.08413
V363	0.02811	0.01752	8e-04	0.17778	0.77579
V364	0.04695	0.29846	0.01872	0.40573	0.23013
V365	0.00026	0	0.00681	0.87894	0.11399
V366	0.22466	0.00676	0.62021	0.05255	0.09582
V367	0.23984	0.21419	0.20911	0.15285	0.18401
V368	0.76234	0.07604	0.12398	0	0.03764
V369	0.06395	0.63885	0.22451	0.06474	0.00795
V370	0.02459	0.15058	0.12237	0.3448	0.35766
V371	0.08352	0.8708	0.03895	0.00037	0.00637
V372	0.67513	0.05769	0.14827	0.08885	0.03005
V373	0.1364	0.65016	0.12064	0.07713	0.01567
V374	0.10653	0.02611	0.41365	0.42305	0.03067
V375	0.31987	0	0.62156	0.05472	0.00385
V376	0.00476	0	0.3937	0.04648	0.55506
V377	0.10669	0.50951	0.20418	0.15877	0.02085
V378	0.14904	0.53562	0.16517	0.00369	0.14647
V379	0.02009	0	0.10155	0.11786	0.7605
V380	0.0152	0.03921	0.18039	0.48316	0.28204
V381	0.1419	0.03448	0	0.06082	0.76281
V382	0.41736	0	0	0.27876	0.30388
V383	0.02766	0	0.29447	0.6285	0.04937
V384	0.30964	0.03222	0.17621	0.39718	0.08475
V385	0.08378	0.08422	0	0.06427	0.76773
V386	0.69584	0.00427	0	0.27747	0.02242
V387	0.28687	0.01475	0.00054	0.62069	0.07715
V388	0.0795	0.82196	0.02839	0.05345	0.0167
V389	0.14173	0.75858	0.01091	0.02776	0.06101
V390	0.18337	0	0	0.65256	0.16407
V391	0.71735	0.15553	0	0.05646	0.07066
V392	0.96229	0.03045	0.00372	0	0.00353
V393	0.10331	0.00698	0.15893	0.51313	0.21766
V394	0.73771	0	0.02139	0.13541	0.10549
V395	0	0	0.40282	0.54384	0.05334
V396	0.57238	0	0.4259	0	0.00173
V397	0.69093	0.13962	0.03066	0.09088	0.04791
V398	0.05817	0	0.17705	0.62465	0.14013
V399	0.03798	0.01689	0	0.27418	0.67096
V400	0.18401	0.53294	0.15152	0.12145	0.01008
V401	0.33446	0	0.6475	0.01643	0.00162
V402	0.39654	0.00056	0.46517	0.05438	0.08335
V403	0.14546	0.06376	0	0.15542	0.63537
V404	0.00332	0.02492	0.52146	0.37074	0.07956
V405	0.36003	0.26822	0.06769	0.19128	0.11277
V406	0.02418	0	0.95285	0	0.02298
V407	0.90917	0.03254	0.03322	0.02048	0.00458
V408	0.04516	0.38264	0.00174	0.2364	0.33406
V409	0.11041	0	0.06452	0.66022	0.16486
V410	0.13165	0.11148	0.32143	0.05727	0.37818
V411	0.00528	0	0	0.09168	0.90304
V412	0.02545	0.12597	0.12256	0.06709	0.65893
V413	0.03236	0.25751	0.15444	0.33931	0.21638
V414	0.04181	0.0832	0	0.44284	0.43216
V415	0.14903	0	0	0.06245	0.78852
V416	0.1041	0.07695	0.01504	0.16653	0.63737
V417	0.00583	0	0.79578	0.11887	0.07952
V418	0.55114	0.39776	0.01558	0.00219	0.03332
V419	0.24144	0.00624	0.01388	0.14043	0.59802
V420	0.21802	0	0.09314	0.07562	0.61322
V421	0.0014	0	0.12047	0.09763	0.78051
V422	0.01181	0.00215	0.05121	0.69647	0.23837
V423	0.3126	0.18188	0.29791	0.17055	0.03705
V424	0	0	0.48246	0.033	0.48455
V425	0.33467	0.37266	0	0.0188	0.27387
V426	0.24994	0.19314	0.01576	0.42395	0.11721
V427	0.22314	0.62566	0.14302	0	0.00818
V428	0.11527	0.64651	0.0692	0.07813	0.09089
V429	0.14231	0.7731	0	0.05284	0.03175
V430	0.0305	0	0.41838	0.18914	0.36199
V431	0.13116	0.37684	0.20135	0.22071	0.06994
V432	0.31988	0.05462	0.13039	0.32327	0.17184
V433	0.20624	0	0.54799	0.20489	0.04088
V434	0.25972	0.26882	0.37759	0.00707	0.08679
V435	0.58067	0.02165	0.37589	0.01332	0.00848
V436	0.0812	0.58477	0.0948	0.05111	0.18812
V437	0.18712	0.00609	0.02274	0.18378	0.60027
V438	0.15044	0.31106	0.20349	0.25259	0.08242
V439	0.6426	0	0.04384	0.27692	0.03664
V440	0.04162	0.33393	0.55806	0.01055	0.05583
V441	0.05689	0.52952	0.3782	0.02236	0.01303
V442	0.08523	0.89705	0.00882	0.00159	0.00732
V443	0.96834	0	0.00065	0.02353	0.00748
V444	0.16967	0.45526	0.02671	0.2909	0.05746
V445	0.08009	0.439	0.03732	0.39461	0.04898
V446	0.11588	0.02006	0.10617	0.54891	0.20899
V447	0.06352	0	0.00657	0.44099	0.48891
V448	0.15456	0	0.01124	0.074	0.76021
V449	3e-04	0	0.99294	0	0.00675
V450	0.21556	0.07016	0.25247	0.13344	0.32837
V451	0.28856	0.20477	0.05964	0.31089	0.13614
V452	0.00667	0	0.17463	0.70971	0.10899
V453	0.01514	6e-05	0	0.45091	0.53389
V454	0.00669	0	0.69472	0.03432	0.26427
V455	0.07211	0.21164	0.27529	0.05959	0.38138
V456	0.9558	0	0	0.00568	0.03852
V457	0.67642	0.20996	0.0303	0.0398	0.04352
V458	0.04238	0.34866	0.51294	0.04675	0.04928
V459	0.14118	0.05303	0.05346	0.46616	0.28616
V460	0.70355	0.02334	0.20517	0.04171	0.02623
V461	0.20143	0.29239	0.24009	0.02184	0.24425
V462	0.05115	0.07551	0.00928	0.48427	0.37979
V463	0.23033	0.05879	0.00921	0.64228	0.05939
V464	0.18284	0.15498	0.6508	0.00138	0.01
V465	0.04355	0.08513	0.00819	0.08206	0.78108
V466	0.02024	0	0	0.15099	0.82877
V467	0.06573	0.2721	0.01921	0.50581	0.13715
V468	0.56723	0.30091	0.10471	0	0.02715
V469	0.03008	0.33468	0.05359	0.25725	0.3244
V470	0.85574	0.05022	0.02382	0.05633	0.01389
V471	0.39686	0.30202	0.02277	0.12535	0.15299
V472	0.00908	0.01622	0.0354	0.0776	0.8617
V473	0.03915	0.21164	0.25177	0.29353	0.20391
V474	0.31136	0.13841	0.06124	0.41308	0.07591
V475	0.17118	0	0.61194	0.03008	0.1868
V476	0.16598	0.02132	0.10686	0.59202	0.11382
V477	0.07649	0.90481	0.00908	0.00199	0.00763
V478	0.16408	0	0	0.06081	0.77512
V479	0.85668	0.04958	0.03178	0.04884	0.01312
V480	0.15716	0.65641	0.05099	0.09422	0.04123
V481	0.25604	0.37546	0.05903	0.16134	0.14813
V482	0.13539	0.66835	0.17909	0	0.01717
V483	0.32484	0.53284	0	0.08514	0.05718
V484	0.23755	0.51823	0.11289	0.10646	0.02487
V485	0.68381	0.06963	0.11932	0.09653	0.03071
V486	0.07006	0.052	0.29246	0.03671	0.54877
V487	0.14939	0.11067	0.43789	0.27376	0.02828
V488	0.42415	0.06514	0	0.31472	0.19598
V489	0.01982	0.20289	0.68938	0.06213	0.02578
V490	0.0058	0	0.78208	0.18575	0.02637
V491	0.05239	0.45961	0.04331	0.10352	0.34116
V492	0.03369	0.15255	0.03087	0.69563	0.08726
V493	0.00838	0	0.00343	0.89414	0.09405
V494	0.33861	0	0.01221	0.52174	0.12745
V495	0.34867	0.21454	0.21853	0.14663	0.07163
V496	0.12977	0.0136	0.04799	0.05832	0.75033
V497	0.09914	0.01222	0.1431	0.13061	0.61493
V498	0.0999	0.84192	0.02116	0.00779	0.02923
V499	0.051	0.20937	0.25617	0.07864	0.40482
V500	0.12802	0.49958	0.1073	0.18951	0.07559
V501	0.08012	0.31048	0.00815	0.04923	0.55202
V502	0.15298	0.78216	0.03574	0.02308	0.00603
V503	0.46144	0	0.21571	0.1312	0.19164
V504	0.47556	0.19986	0	0.01764	0.30694
V505	0.62847	0	0.01802	0.08261	0.27089
V506	0.04724	0.51008	0.06004	0.03198	0.35065
V507	0.86313	0	0.02639	0.07185	0.03863
V508	0.05409	0.6257	0.20441	0.03571	0.08009
V509	0.07207	0.46491	0.13737	0.1746	0.15105
V510	0.41977	0.49891	0.04024	0.02925	0.01183
V511	0.08089	0.294	0.51848	0.03225	0.07437
V512	0.16626	0.45465	0.16937	0.04592	0.1638
V513	0.18746	0.6727	0.06721	0.03626	0.03637
V514	0.00607	0	0.21138	0.08544	0.69711
V515	0.0794	0.13986	0	0.71983	0.06092
V516	0.17706	0.37777	0.10993	0.29629	0.03894
V517	0.0129	0.02805	0.05412	0.82411	0.08081
V518	0.44116	0	0.34407	0.16901	0.04577
V519	0.81383	0.05882	0.00019	0.10878	0.01839
V520	0.09897	0.83287	0.01345	0.04599	0.00873
V521	0.21861	0	0.14196	0.58789	0.05154
V522	0.05898	0.17539	0.58925	0.12062	0.05576
V523	0.16438	0.01764	0.77401	0.03146	0.01251
V524	0.35688	0	0.57902	0	0.06411
V525	0.02156	0.18671	0.02522	0.06723	0.69928
V526	0.04814	0	0.89327	0.01575	0.04284
V527	0.10371	0.47	0.39149	0.00754	0.02726
V528	0.15823	0	0.01674	0.76246	0.06257
V529	0.22743	0	0.75629	0	0.01629
V530	0.02227	0	0.90131	0.04039	0.03603
V531	0.19032	0.51214	0.08365	0.0207	0.19318
V532	0.07457	0.24378	0.29056	0.02124	0.36984
V533	0.2559	0	0	0.05017	0.69393
V534	0.13309	0.06953	0	0.70964	0.08774
V535	0.8294	0.1183	0.04779	0	0.00451
V536	0.13611	0.15949	0.38689	0.03967	0.27785
V537	0.01866	0.00732	0.00978	0.07979	0.88446
V538	0.62462	0.10631	0	0.03025	0.23883
V539	0.02274	0.12456	0.67625	0.09175	0.08469
V540	0.17714	0.46794	0.08449	0.05131	0.21912
V541	0.04759	0.39328	0.01735	0.05797	0.48381
V542	0.05038	0.35416	0.11434	0.38617	0.09495
V543	0.0747	0.07594	0.69802	0.04291	0.10842
V544	0.35126	0.18528	0.18126	0.06174	0.22045
V545	0.6288	0.36794	0.00157	0	0.00169
V546	0.09321	0.76236	0.07639	0.00821	0.05982
V547	0.11396	0.77078	0	0.08109	0.03418
V548	0.00549	0.06651	0.00538	0.83693	0.08569
V549	0.00259	0	0.01603	0.20276	0.77862
V550	0.07046	0.82324	0.08659	0.00613	0.01358
V551	0.00955	0	0	0.90409	0.08637
V552	0.21293	0	0.01313	0.0796	0.69434
V553	0.80433	0	0.0145	0.12124	0.05993
V554	0.11954	0.02257	0.52711	0.29113	0.03965
V555	0.07436	0.88416	0.00769	0.00329	0.0305
V556	0.08289	0.04719	0.05844	0.69603	0.11546
V557	0.3255	0.25993	0.03241	0.30629	0.07586
V558	0.00959	0	0.81452	0.13396	0.04194
V559	0.12042	0.40794	0.4366	0.00015	0.03489
V560	0.6354	0.23478	0.12982	0	0
V561	0.71845	0	0.1351	0.00278	0.14368
V562	0.12299	0.03322	0.15249	0.11699	0.57431
V563	0.22737	0.25564	0.20587	0.10339	0.20774
V564	0.35941	0.01011	0.05963	0.32485	0.246
V565	0.00413	0	0.00779	0.11091	0.87718
V566	0.30474	0.14429	0.02239	0.29976	0.22883
V567	0.0176	0	0.96863	0	0.01377
V568	0.03934	0.21686	0.4505	0.27213	0.02117
V569	0.65033	0.09182	0.11002	0.09971	0.04813
V570	0.14185	0.00362	0.30671	0.43531	0.11251
V571	0.27262	0	0.24701	0.31751	0.16286
V572	0.84822	0	0	0.00063	0.15114
V573	0.08362	0.04903	0.36172	0.35658	0.14905
V574	0.53321	0.29457	0.0734	0.06962	0.0292
V575	0.36465	0.00759	0.11878	0.0648	0.44418
V576	0.07248	0.84764	0.00621	0.01172	0.06195
V577	0.41974	0.49947	0.03208	0.03629	0.01243
V578	0.03357	0.14252	0.54379	0.20661	0.07351
V579	0.0451	0.50068	0.31303	0.02412	0.11706
V580	0.22681	0.55375	0.00952	0.17091	0.03901
V581	0.07317	0.47789	0.36896	0.06484	0.01514
V582	0.00745	0.01361	0.9706	2e-04	0.00813
V583	0.64112	0	0.35437	0.00408	0.00042
V584	0.23345	0.4969	0.101	0.02893	0.13971
V585	0.07409	0.75279	0.06015	0.04946	0.06351
V586	0.06513	0.76345	0.15474	0.01089	0.00579
V587	0.07724	0.66654	0.00487	0.0351	0.21625
V588	0.24706	0.38779	0.35927	0	0.00589
V589	0.11267	0.42884	0.04517	0.35897	0.05434
V590	0.07507	0.75555	0	0.01796	0.15142
V591	0.46411	0.49457	0.03233	0	0.00899
V592	0.01317	0	0.77015	0.0347	0.18198
V593	0.43893	0	0	0.46842	0.09265
V594	0.01035	0.10272	0.68311	0.13467	0.06915
V595	0.55007	0.03518	0.06717	0.28371	0.06386
V596	0.47699	0.18538	0.21187	0.09486	0.0309
V597	0.03002	0.18034	0.00062	0.13817	0.65085
V598	0.57496	0	0	0.01634	0.4087
V599	0.0897	0.41926	0.09226	0.33722	0.06155
V600	0.29109	0	0.19636	0.35689	0.15565
V601	0.14343	0.0968	0	0.44796	0.31182
V602	0.83096	0.16671	0	0	0.00233
V603	0.12958	0.12985	0.02301	0.14921	0.56835
V604	0.01993	0	0.73357	0.09828	0.14821
V605	0.02867	0.04321	0.12429	0.10933	0.6945
V606	0.84029	0	0	0.00117	0.15854
V607	0.15753	0.09447	0.01437	0.05818	0.67545
V608	0.77085	0.00744	0.03001	0.06656	0.12514
V609	0.19701	0.32698	0.00769	0.3579	0.11042
V610	0.10638	0.66916	0.00454	0.19377	0.02614
V611	0.29065	0	0.63818	0.00932	0.06185
V612	0.39032	0.0257	0.31829	0.01659	0.2491
V613	0.41533	0.53206	0.03268	0.01591	0.00401
V614	0.53526	0.02096	0.01204	0.07754	0.3542
V615	0.00807	0.0877	0.13895	0.54459	0.22069
V616	0.68308	0	0.15408	0.114	0.04884
V617	0.24066	0.04573	0.48295	0.08166	0.149
V618	0.73256	0.08474	0.06283	0.00289	0.11698
V619	0.55331	0.02625	0.15455	0.0087	0.25719
V620	0.04497	0.0035	0.39163	0.51158	0.04833
V621	0.14904	0.20282	0.29225	0.01614	0.33975
V622	0.02861	0.18561	0.34588	0.03335	0.40656
V623	0.06584	0	0.00045	0.6679	0.2658
V624	0.9148	0	0	0.00723	0.07797
V625	0.00428	0.06002	0.10403	0.75871	0.07296
V626	0.08072	0	0.5959	0.27419	0.04919
V627	0.10813	0.13847	0.11181	0.06199	0.57961
V628	0.96954	0.0108	0.00304	0.01	0.00663
V629	0.14144	0.21224	0.62546	0.00996	0.01089
V630	0.02017	0.16666	0.01699	0.0769	0.71927
V631	0	0	0.26293	0.0604	0.67667
V632	0.07429	0.74758	0.00469	0.03622	0.13721
V633	0.05061	0	0.09128	0.50163	0.35649
V634	0.41854	0.44011	0.14135	0	0
V635	0.04191	0.08378	0.18026	0.06225	0.63179
V636	0.21333	0.15828	0.32315	0.1685	0.13674
V637	0.22538	0	0.43573	0.22564	0.11326
V638	0.09266	0.45595	0.01721	0.08828	0.3459
V639	0.52716	0.39594	0.0716	0	0.0053
V640	0.114	0.18043	0.07884	0.22286	0.40388
V641	0.11983	0.71597	0.01924	0.10942	0.03555
V642	0.76419	0.0312	0	0.18855	0.01607
V643	0.08065	0.83208	0.06169	0.01887	0.0067
V644	0.06016	0.45761	0.02001	0.39456	0.06766
V645	0.1796	0.73786	0.01111	0.06293	0.0085
V646	0.15204	0.54127	0.02655	0.19528	0.08486
V647	0.95514	0	0	0.03688	0.00798
V648	0.45224	0.10912	0	0.25017	0.18848
V649	0.26678	0.07948	0.07398	0.11713	0.46264
V650	0.01667	0	0.061	0.84821	0.07412
V651	0.15494	0.22614	0	0.57412	0.0448
V652	0.38398	0	0.0329	0.52555	0.05757
V653	0.36447	0.00242	0.05302	0.49624	0.08385
V654	0.03241	0.06444	0	0.11493	0.78822
V655	0.17032	0.04017	0.32917	0.42121	0.03913
V656	0.10629	0	0	0.1377	0.756
V657	0.05455	0.50273	0.02834	0.28243	0.13194
V658	0.02507	0.02239	0.02917	0.58274	0.34063
V659	0.01173	0.01354	0.08275	0.75584	0.13615
V660	0.0711	0.32272	0.01615	0.06758	0.52245
V661	0.06668	0.65482	0.01234	0.14977	0.1164
V662	0.0505	0.42001	0.01773	0.03595	0.47581
V663	0.99296	0	0.00366	0	0.00337
V664	0.01506	0	0.11533	0.38076	0.48884
V665	0.05377	0.62226	0.20625	0.06884	0.04888
V666	0.11813	0.83376	0.03716	0.0052	0.00574
V667	0.05778	0.53983	0.25914	0.08444	0.05881
V668	0.64551	0.24214	0.04693	0.03839	0.02703
V669	0.47123	0.31528	0.02294	0.07302	0.11752
V670	0.11323	0.61391	0.04249	0.03761	0.19275
V671	0.78599	0	0.19547	0.01009	0.00845
V672	0.09348	0.05919	0.08965	0.29464	0.46304
V673	0.00861	0.00755	0	0.1531	0.83074
V674	0.3839	0.0736	0.5063	0	0.03621
V675	0.70171	0	0.03509	0.13075	0.13245
V676	0.27148	0.07745	0.50703	0	0.14404
V677	0.0551	0.27593	0.23091	0.34577	0.0923
V678	0.05965	0.30093	0.00849	0.06655	0.56438
V679	0.00892	0	0.49858	0.44735	0.04514
V680	0.16239	0	0.01278	0.33488	0.48995
V681	0.54383	0.02448	0.03944	0.27114	0.12111
V682	3e-04	0	0.99294	0	0.00675
V683	0.08073	0.15458	0.64378	0	0.12091
V684	0.05796	0	0.00403	0.86138	0.07663
V685	0.01059	0	0.87895	0.08979	0.02067
V686	0.29475	0.60781	0.06635	0.01243	0.01865
V687	0	0	0.62225	0.33084	0.04691
V688	0	0	0.97178	0.001	0.02722
V689	0.51243	0.04023	0.20226	0.0912	0.15387
V690	0.12649	0.82708	0.01332	0.01885	0.01426
V691	0.14924	0.13737	0.04639	0.58473	0.08227
V692	0.06981	0.01518	0.01157	0.73696	0.16648
V693	0.04394	0.48993	0.42991	0.02279	0.01343
V694	0.09396	0.20544	0.03699	0.54372	0.11989
V695	0.12615	0.09547	0.14017	0.0538	0.58441
V696	0.12274	0	0.75211	0.00289	0.12226
V697	0.11093	0.0972	0.33523	0.31334	0.1433
V698	0.01343	0	0.16839	0.06889	0.74929
V699	0.03378	0.00058	0.0489	0.63291	0.28383
V700	0.08681	0.78396	0.06724	0.00243	0.05956
V701	0.02041	0.16675	0.00898	0.07117	0.7327
V702	0.02188	0.12616	0.00246	0.63288	0.21663
V703	0.01203	0.00786	0.02546	0.86637	0.08828
V704	0.04814	0.02968	0.39324	0.04621	0.48272
V705	0.95343	0.0088	0	0	0.03776
V706	0.16371	0.14874	0.16763	0.40235	0.11757
V707	0.14347	0.11474	0.06947	0.26044	0.41189
V708	0.05063	0.57159	0.37129	0.00189	0.00461
V709	0.0071	0	0.02666	0.0799	0.88633
V710	0.13358	0	0.48552	0.0166	0.3643
V711	0.04944	0	0.01101	0.08852	0.85103
V712	0.06425	0	0.73873	0.16514	0.03187
V713	0.27206	0.41239	0.31236	0.00148	0.00171
V714	0.04386	0	0	0.07877	0.87737
V715	0.02398	0.26316	0.61037	0.08435	0.01814
V716	0.74392	0.18999	0.00697	0.03144	0.02768
V717	0.40098	0.15709	0.11855	0.0294	0.29398
V718	0.68564	0	0.27162	0	0.04274
V719	0.41419	0.24053	0.1029	0.10037	0.14201
V720	0.12035	0.02292	0.08401	0.08216	0.69057
V721	0.02214	0	0.03959	0.08977	0.84851
V722	0.03081	0.24703	0.05598	0.45039	0.2158
V723	0.12044	0.23151	0.11538	0.47061	0.06205
V724	0.1477	0.65907	0.03488	0.13775	0.0206
V725	0.02435	0	0	0.08115	0.8945
V726	0.23283	0.49485	0.04928	0.05312	0.16992
V727	0.0096	0	0.96402	0.00024	0.02614
V728	0.80945	0.00602	0.12678	0.04643	0.01132
V729	0.63396	0.11702	0.0223	0.20314	0.02357
V730	0.12923	4e-04	0.41279	0.36225	0.09533
V731	0.00015	0.00624	0.0665	0.85189	0.07522
V732	0.00865	0	0.00385	0.9028	0.08471
V733	0.03877	0	0.9391	0	0.02213
V734	0.52576	0.06703	0.36769	0.02256	0.01696
V735	0.07672	0.13985	0.21145	0.05578	0.5162
V736	0.01054	0.02803	0.0018	0.08038	0.87925
V737	0.98868	0.00355	0.00478	0	0.00299
V738	0.04265	0.43903	0.01025	0.04294	0.46513
V739	0.01371	0.01022	0	0.89266	0.08342
V740	0.21369	0.06494	0.10044	0.05024	0.57068
V741	0.51964	0.01454	0	0.29232	0.17351
V742	0.07955	0	0.55992	0.16366	0.19687
V743	0.02828	0.03453	0.0693	0.14574	0.72216
V744	0.20837	0.05408	0.18046	0.47465	0.08243
V745	0.17808	0.01363	0.04795	0.69681	0.06353
V746	0.37447	0.55159	0.03224	0.00021	0.04148
V747	0.03835	0	0.92799	4e-05	0.03363
V748	0.17403	0.19617	0.2772	0.06366	0.28895
V749	0.19664	0.0992	0.12362	0.39923	0.1813
V750	0.76566	0.1988	0.00028	0.02985	0.00541
V751	0.05436	0.354	0.56494	0.01394	0.01276
V752	0.02603	0.11562	0.01689	0.07412	0.76733
V753	0.56547	0.03621	0.2471	0.01812	0.1331
V754	0.1294	0.35076	0.00145	0.47275	0.04564
V755	0.25281	0.70299	0.03447	0	0.00972
V756	0.02422	0.09614	0.01683	0.11002	0.7528
V757	0.18043	0	0.10212	0.659	0.05846
V758	0.08273	0.46237	0	0.41233	0.04257
V759	0.08744	0.0125	0.09333	0.05909	0.74763
V760	0.07913	0.01239	0.21378	0.25162	0.44307
V761	0.07649	0.23241	0.67997	0	0.01112
V762	0.01515	0.02609	0.17644	0.38267	0.39965
V763	0.03686	0.25608	0.00124	0.05486	0.65096
V764	0.11976	0.05778	0.08794	0.66471	0.06982
V765	0.1841	0	0.67233	0.03852	0.10506
V766	0.09332	0.47499	0.23914	0.04619	0.14636
V767	0.28496	0.47428	0.0575	0.04244	0.14083
V768	0.08836	0.8132	0.04418	0.03903	0.01523
V769	0.7709	0	0.1861	0	0.04301
V770	0.32893	0	0.5236	0.13088	0.01659
V771	0.09092	0.71613	0.00377	0.08119	0.10799
V772	0.05795	0	0.93733	0	0.00473
V773	0.02272	0	0	0.20143	0.77585
V774	0.16012	0	0.53491	0.00893	0.29604
V775	0.92888	0	0.01337	0.03607	0.02167
V776	0.37187	0.42401	0.15395	0.01658	0.03359
V777	0.23362	0.3777	0.24337	0.08779	0.05751
V778	0.54413	0.05553	0.00433	0.19492	0.20108
V779	0.08872	0.3964	0.48882	0.00658	0.01949
V780	0.01819	0	0.97514	0	0.00667
V781	0.18884	0.2967	0.16772	0.01576	0.33098
V782	0.23393	0.232	0.01334	0.03623	0.4845
V783	0	0	0.63475	0.04082	0.32443
V784	0.05541	0.62701	0	0.21254	0.10504
V785	0.72182	0.13635	0	0.07747	0.06436
V786	0.17923	0.2175	0.0088	0.52678	0.06769
V787	0.1551	0.60376	0	0.16002	0.08112
V788	0.38668	0.41539	0.06399	0	0.13394
V789	0.01626	0.16043	0.00145	0.37896	0.44291
V790	0.29014	0.22464	0.05668	0.11192	0.31662
V791	0.18679	0.21645	0.06773	0.18599	0.34304
V792	0.95634	0.00961	0.01826	0	0.01578
V793	0.33648	0.2681	0.0476	0.08936	0.25846
V794	0.01536	0.00399	0.09882	0.20032	0.6815
V795	0.15453	0.80658	0.01279	0.00537	0.02074
V796	0.31274	0.41837	0.10363	0.12314	0.04213
V797	0.12832	0	0	0.07914	0.79254
V798	0.14717	0.50823	0.00169	0.08544	0.25747
V799	0.03509	0.17328	0.04894	0.63275	0.10995
V800	0.02585	0	0.00853	0.16469	0.80093
V801	0.40204	0	0.12843	0.40465	0.06487
V802	0.04098	0.18639	0.00846	0.06624	0.69794
V803	0.32538	0.02595	0	0.57553	0.07315
V804	0.21505	0.16137	0.2086	0.33525	0.07972
V805	0.16082	0.11957	0.45217	0.15086	0.11658
V806	0.48842	0	0.19887	0.06078	0.25193
V807	0.73361	0	0.05881	0.04054	0.16704
V808	0.85026	0	0.04394	0	0.1058
V809	0.21443	0.60093	0.01649	0.03104	0.13711
V810	0.02766	0.05197	0.03652	0.44352	0.44033
V811	0.05295	0.08646	0.01607	0.14279	0.70173
V812	0.05541	0.6491	0.18703	0.06803	0.04043
V813	0.04079	0.20213	0.20917	0.03539	0.51252
V814	0.2168	0.55668	0.05981	0.1314	0.03531
V815	0.2461	0.67398	0.02535	0.04094	0.01363
V816	0.04652	0.53443	0.00459	0.34974	0.06472
V817	0.82475	0.01753	0.15254	0.0038	0.00139
V818	0.04905	0.18876	0.35042	0.05113	0.36064
V819	0.9644	0.00999	0.01057	0.00915	0.00589
V820	0.08585	0.37741	0.12294	0.35084	0.06296
V821	0.00556	0	0	0.08457	0.90987
V822	0.20172	0.00465	0.01072	0.72465	0.05826
V823	0.05027	0.06269	0.21892	0.04552	0.6226
V824	0.06847	0.01524	0.01617	0.07091	0.82922
V825	0.15449	0	0.67824	0.15589	0.01138
V826	0.04249	0	0.93816	0.01301	0.00634
V827	0.36156	0.15334	0	0.34715	0.13794
V828	0.24671	0.13354	0.10118	0.07525	0.44331
V829	0.09526	0.06828	0.31185	0.17582	0.3488
V830	0.15473	0	0.70436	0.01736	0.12355
V831	0.06161	0.72948	0.04517	0.12626	0.03749
V832	0.20328	0	0.06101	0.24296	0.49275
V833	0.20728	0.74614	0.00381	0	0.04277
V834	0.75316	0.13736	0.0303	0.01308	0.0661
V835	0.26841	0.29509	0.08839	0.23923	0.10887
V836	0.39901	0.04764	0.46178	0.07851	0.01306
V837	0.06868	0.8013	0.01212	0.03859	0.07932
V838	0	0	0.08178	0.83478	0.08344
V839	0.03751	0.01375	0.06851	0.0695	0.81074
V840	0.95445	0	0.02508	0.00802	0.01245
V841	0.2339	0	0.75872	0	0.00738
V842	0.5569	0.0308	0.21525	0.16928	0.02778
V843	0.46478	0	0.14498	0.07435	0.31589
V844	0.02614	0.14422	0.78126	0.01598	0.0324
V845	0.0219	0	0	0.58864	0.38946
V846	0.11004	0.02315	0.094	0.10362	0.66918
V847	0.20252	0	0.04397	0.14945	0.60406
V848	0.75142	0.02737	0	0.07702	0.14419
V849	0.15099	0.01624	0.72845	0.00182	0.1025
V850	0.22504	0.01188	0.30022	0.15039	0.31247
V851	0.98642	0	0	0	0.01358
V852	0.24386	0.04716	0.07588	0.17838	0.45472
V853	0.0426	0.10214	0.63152	0.12664	0.09709
V854	0.06167	0.33715	0.24508	0.0814	0.2747
V855	0.1214	0.39598	0.09075	0.27896	0.11291
V856	0.16976	0.38115	0.04831	0.02261	0.37817
V857	0.08071	0.02702	0.17725	0.40637	0.30865
V858	0.04032	0.34438	0.1905	0.19573	0.22907
V859	0.14048	0.00385	0.02013	0.7357	0.09983
V860	0.04435	0.14943	0.06808	0.61976	0.11839
V861	0.15357	0.01018	0.1405	0.6391	0.05665
V862	0.06225	0	0.01292	0.14244	0.78239
V863	0.07374	0.87168	0.01486	0.0093	0.03043
V864	0.03683	0	0.90239	0.05269	0.00809
V865	0.08389	0	0.6733	0.22594	0.01688
V866	0.03672	0.02141	0.68028	0.21565	0.04595
V867	0.57416	0.01872	0	0.01505	0.39206
V868	0.24977	0.21167	0.41373	0.09307	0.03176
V869	0.01051	0	0.0131	0.08736	0.88903
V870	0.28386	0.16602	0.0773	0.22914	0.24368
V871	0.03794	0.03382	0.09642	0.134	0.69782
V872	0.41008	0.0379	0.00662	0.45487	0.09053
V873	0.07077	0.33302	0.15435	0.34085	0.10103
V874	0.09042	0.03489	0	0.075	0.79969
V875	0.01684	0.18704	0.01922	0.46481	0.31209
V876	0.47731	0.04922	0.05345	0.02902	0.391
V877	0.24741	0.62659	0.03353	0.06933	0.02313
V878	0.05825	0.68954	0.03819	0.18053	0.03349
V879	0.93247	0.03604	0.00975	0.00894	0.01279
V880	0.08403	0.07337	0.02566	0.41153	0.40541
V881	0.00827	0	0.52995	0.02766	0.43412
V882	0.06383	0.49737	0.01239	0.39413	0.03228
V883	0.52441	0.1804	0.00558	0.16104	0.12857
V884	0.00239	0	0	0.0924	0.90521
V885	0.17782	0.04537	0.40213	0.1115	0.26317
V886	0	0	0.02257	0.2469	0.73054
V887	0.11795	0.83731	0.00596	0.00192	0.03685
V888	0.06371	0.10345	0.05797	0.65346	0.1214
V889	0.14341	0.78268	0.03539	0.0177	0.02082
V890	0.03235	0	0.15195	0.62874	0.18696
V891	0.00707	0.01321	0.96309	0.00829	0.00834
V892	0.60325	0.23838	0.01386	0.00225	0.14226
V893	0.16261	0.16325	0.52888	0.0681	0.07716
V894	0.11932	0.53722	0.04444	0.22889	0.07012
V895	0.70397	0	0.28473	0.00367	0.00763
V896	0.22989	0.2209	0.24788	0.27389	0.02744
V897	0	0	0.03886	0.7478	0.21334
V898	0.38465	0	0.00275	0.0529	0.55971
V899	0.57711	0.3083	0.07904	0	0.03555
V900	0.27753	0.22841	0.28584	0.17105	0.03717
V901	0.6908	0.04954	0	0.16039	0.09927
V902	0.86713	0.04	0.01586	0.02491	0.05209
V903	0.2965	0.06845	0.07251	0.4803	0.08223
V904	0.74026	0.08434	0.15821	0	0.01719
V905	0.03789	0.31836	0.06332	0.30838	0.27206
V906	0.1634	0.01915	0.48064	0.07729	0.25952
V907	0.73149	0.10681	0.06377	0.04585	0.05207
V908	0.03983	0.35088	0.04753	0.45969	0.10207
V909	0.02056	0.11776	0.0121	0.69855	0.15103
V910	0.68669	0.16923	0.00609	0.05095	0.08705
V911	0.05417	0.23569	0.52875	0.01102	0.17038
V912	0.0355	0.00161	0.15303	0.10916	0.7007
V913	0.15237	0.01126	0.0767	0.64101	0.11866
V914	0.78977	0.02904	0.00676	0.10706	0.06737
V915	0.19732	0.17008	0.04629	0.04191	0.5444
V916	0.8067	0.00533	0.11569	0	0.07228
V917	0.444	0.02729	0	0.03955	0.48916
V918	0.6071	0.1297	0.22348	0.01543	0.02429
V919	0.4469	0.16655	0.00499	0.25328	0.12828
V920	0.1978	0	0.12505	0.62261	0.05453
V921	0.19972	0.17276	0.10921	0.0284	0.48991
V922	0.03778	0	0.70518	0.0084	0.24864
V923	0.16583	0.46657	0.01639	0.05883	0.29239
V924	0.52943	0.10667	0	0.22923	0.13467
V925	0.15981	0.09448	0.50092	0.14905	0.09575
V926	0.01887	0.00784	0.00154	0.08752	0.88423
V927	0.54973	0.25126	0.11018	0.06801	0.02082
V928	0.13395	0.25851	0.22152	0.16794	0.21808
V929	0.06625	0.25626	0.00054	0.0506	0.62636
V930	0.07117	0	0.05417	0.06699	0.80767
V931	0.49273	0.13216	0.00454	0.05343	0.31714
V932	0.05297	0.10317	0.04312	0.31271	0.48804
V933	0.30257	0	0.04338	0.26775	0.3863
V934	0.69168	0.04167	0.26664	0	0
V935	0.5993	0.10116	0.12798	0.04678	0.12478
V936	0.33497	0.05658	0.12202	0.41066	0.07578
V937	0.15803	0.68315	0.09286	0.02994	0.03602
V938	0.1103	0.85485	0.02238	0.0061	0.00637
V939	0	0	0.00629	0.32599	0.66772
V940	0.57893	0.07007	0.08032	0.04948	0.22119
V941	0.02137	0.11977	0.12538	0.44795	0.28553
V942	0.75504	0.23638	0.00086	0.00368	0.00404
V943	0.05264	0.08424	0.0496	0.0689	0.74463
V944	0.37007	0.01239	0.12248	0.44545	0.04961
V945	0.06548	0.23702	0.59902	0.03213	0.06636
V946	0.05251	0.46587	0.46852	0.00099	0.01211
V947	0.39515	0.01137	0.02059	0.12887	0.44402
V948	0.09867	0.69177	0.03495	0.09905	0.07556
V949	0.88238	0.09191	0.0253	0	0.00041
V950	0.07018	0.00598	0.02293	0.8299	0.07101
V951	0.33019	0.01082	0	0.48361	0.17537
V952	0.13999	0.0225	0.04615	0.61048	0.18087
V953	0.50377	0.09153	0	0.33504	0.06965
V954	0.25619	0.52518	0.05802	0.05457	0.10604
V955	0.07258	0	0.58641	0.30875	0.03226
V956	0.05164	0.48154	0.09287	0.32162	0.05233
V957	0.13056	0.73697	0.05145	0.05789	0.02313
V958	0.07948	0.82444	0.00527	0.04296	0.04785
V959	0.07947	0	0.82623	0.05195	0.04235
V960	0.54624	0.03994	0.1499	0.09218	0.17175
V961	0.08098	0.84002	0.00595	0.01136	0.0617
V962	0.18933	0.09236	0	0.08949	0.62882
V963	0.01571	0	0.4607	0.45823	0.06536
V964	0.0096	0	0.96402	0.00024	0.02614
V965	0	0	0.471	0.43477	0.09423
V966	0.02376	0	0.49676	0.09312	0.38635
V967	0.3604	0.49488	0.00041	0.00226	0.14205
