Neutrophils	Monocytes_CD14.CD16.	Macrophage	T_cells_.CD4..	NK_cells
V1	0.36291	0.13641	0.23094	0.11524	0.1545
V2	0.075	0.79436	0.04111	0.03996	0.04956
V3	0.07917	0.03562	0.42139	0.42049	0.04333
V4	0.01652	0.01284	0.20676	0.04427	0.71962
V5	0.02081	0	0.04943	0.08316	0.8466
V6	0.37545	0.02521	0.25522	0.20994	0.13417
V7	0.01114	0.05218	0.38169	0.06328	0.4917
V8	0.00429	0.07237	0.86529	0.05691	0.00115
V9	0.07383	0.00784	0.24689	0.61621	0.05523
V10	0.51067	0.03741	0.43562	0	0.0163
V11	0.04081	0.01064	0.08697	0.05446	0.80712
V12	0.09298	0.01045	0.19719	0.28211	0.41727
V13	0.14615	0.03554	0.03051	0.38428	0.40353
V14	0.17956	0	0.06476	0.61281	0.14287
V15	0.0438	0.01309	0.00105	0.84004	0.10203
V16	0.61245	0.06053	0.00827	0.28835	0.0304
V17	0.07652	0.22994	0.00779	0.04665	0.6391
V18	0.10558	0.44801	0.23259	0.18929	0.02454
V19	0.03472	0	0	0.09356	0.87171
V20	0	0.04438	0.71314	0.217	0.02548
V21	0.03446	0.25643	0.11139	0.1417	0.45602
V22	0.85064	0.06841	0.05911	0	0.02184
V23	0.08479	0.00354	0.01561	0.11305	0.78301
V24	0.4731	0.10668	0.01261	0.02417	0.38344
V25	0.03787	0.01653	0.01088	0.37974	0.55498
V26	0.50201	0.19658	0.05	0.0189	0.2325
V27	0.13914	0.511	0.15862	0	0.19124
V28	0.0465	0.07963	0.18777	0.60174	0.08436
V29	0.01647	0.00584	0.31815	0.59507	0.06447
V30	0.77295	0.0932	0.02155	0	0.1123
V31	0.44932	0.13496	0.00634	0.20018	0.20919
V32	0.94354	0	0.00495	0	0.05151
V33	0.0351	0.18231	0.00894	0.09783	0.67581
V34	0.14007	0.85263	0.00084	0	0.00646
V35	0.11204	0.64473	0.22989	0.01095	0.00238
V36	0.03759	0.17089	0.14385	0.07646	0.57121
V37	0.75504	0	0	0	0.24496
V38	0.13755	0.04762	0.44791	0.18738	0.17954
V39	0.35292	0.03848	0.30067	0	0.30793
V40	0.24705	0.62112	0.00897	0.07852	0.04434
V41	0.07091	0.84286	0.00673	0	0.0795
V42	0.89952	0.01628	0.01736	0	0.06684
V43	0.53109	0.13683	0.3253	0	0.00678
V44	0.03993	0.32603	0.5167	0	0.11734
V45	0.05879	0.68787	0.07948	0.11765	0.0562
V46	0.13468	0.77409	0.05591	0.01358	0.02173
V47	0	0.06277	0.93322	0	0.00401
V48	0.1883	0.13609	0.19999	0.30922	0.16639
V49	0.5127	0.15098	0.20731	0.11121	0.0178
V50	0.01563	0.085	0.89938	0	0
V51	0.1164	0.26687	0.16989	0.05077	0.39607
V52	0.07633	0.91272	0.003	0	0.00795
V53	0.04978	0.1709	0.00565	0.70027	0.07339
V54	0.23421	0	0.00777	0.51303	0.24498
V55	0.09572	0	0	0.81647	0.08782
V56	0.08994	0	0.00413	0.71384	0.19209
V57	0.17212	0.15991	0.52648	0.00912	0.13237
V58	0.07694	0	0.11701	0.18116	0.62489
V59	0.90412	0.00446	0.08279	0	0.00863
V60	0.46037	0.20339	0.109	0.0982	0.12903
V61	0.20205	0	0.02031	0.19674	0.58091
V62	0.06669	0.02783	0.26637	0.12217	0.51694
V63	0.41935	0.25095	0.05016	0.01643	0.26311
V64	0.96747	0	0.0213	0	0.01124
V65	0.10657	0.0709	0.03322	0.58517	0.20413
V66	0.04529	0	0.12661	0.74673	0.08137
V67	0.01315	0.02246	0.30202	0.08641	0.57596
V68	0.51346	0.01265	0.37328	0.01127	0.08934
V69	0.63827	0.11466	0.18071	0	0.06636
V70	0.08256	0.72192	0.0329	0.13009	0.03253
V71	0.11618	0.79028	0.03358	0.04298	0.01698
V72	0.05505	0.38165	0.01569	0.02822	0.51939
V73	0.07535	0	0.09194	0.54682	0.28589
V74	0.03316	0.05351	0.00699	0.74788	0.15846
V75	0.5119	0.19318	0.28225	0	0.01267
V76	0.02899	0	0.01727	0.80548	0.14826
V77	0.0146	0.06296	0.90098	0.02145	0
V78	0	0.07338	0.92183	0	0.00479
V79	0.09721	0.39299	0.02966	0.12097	0.35917
V80	0.14379	0.73119	0	0.03397	0.09106
V81	0.00282	0.06561	0.93157	0	0
V82	0.26377	0.15606	0.02385	0.50094	0.05539
V83	0.11699	0.06762	0.01678	0.50785	0.29076
V84	0.10269	0.14777	0.00067	0.05169	0.69718
V85	0	0.06337	0.93663	0	0
V86	0.04026	0.27753	0.27862	0.36342	0.04018
V87	0.49624	0	0.03778	0.41032	0.05566
V88	0.33022	0.15166	0.04321	0.17065	0.30426
V89	0.04479	0.15545	0.78138	0.01838	0
V90	0.03227	0.16696	0.04603	0.0959	0.65884
V91	0.02703	0	0.07754	0.81167	0.08376
V92	0.24339	0.01961	0.02012	0.04912	0.66777
V93	0.02632	0.08405	0.14751	0.49154	0.2506
V94	0.05373	0.15577	0.01556	0.21891	0.55603
V95	0.07587	0.21334	0.0146	0.09608	0.60011
V96	0.82275	0	0.02066	0	0.15659
V97	0.16944	0.01273	0.03547	0.10784	0.67451
V98	0.07055	0.38	0.15546	0.10827	0.28571
V99	0.5426	0.12036	0	0.18888	0.14816
V100	0.56201	0.15123	0.04233	0.03048	0.21395
V101	0.08461	0.89916	0.00924	0	0.00699
V102	0.33521	0.24144	0.11781	0.08599	0.21955
V103	0.12754	0	0.00027	0.0529	0.81928
V104	0.06341	0.39929	0.06799	0.02775	0.44155
V105	0.02324	0	0.03436	0.09152	0.85088
V106	0.07025	0.76714	0.12731	0	0.03529
V107	0.05525	0.26655	0.64369	0.02712	0.00739
V108	0.01563	0.22656	0.75781	0	0
V109	0.07623	0.2068	0.04569	0.25379	0.41749
V110	0.20032	0.52559	0.16239	0.08671	0.02499
V111	0.3124	0.25049	0.43711	0	0
V112	0.19729	0	0.09516	0.44469	0.26286
V113	0.24646	0	0.08872	0.13874	0.52607
V114	0.60877	0.06185	0.04283	0.14417	0.14238
V115	0.8814	0	0.00178	0	0.11682
V116	0.02375	0	0	0.06692	0.90933
V117	0.0513	0.06351	0.79164	0.06441	0.02914
V118	0.06308	0	9e-05	0.82707	0.10976
V119	0.37193	0.02618	0.37069	0.21579	0.01541
V120	0.00548	0.05426	0.80109	0.09573	0.04345
V121	0.21188	0.71846	0	0	0.06965
V122	0.05468	0.38821	0.07106	0.21077	0.27529
V123	0.52595	0.02552	0.06647	0.16565	0.2164
V124	0.2287	0.0979	0.05146	0.20426	0.41767
V125	0.05254	0.48608	0.45593	0	0.00545
V126	0.17182	0.18611	0.19144	0.10293	0.3477
V127	0.31337	0.02995	0.62442	0.0258	0.00647
V128	0.22193	0.75365	0.00539	0	0.01903
V129	0.29268	0.03535	0.2426	0.15714	0.27223
V130	0.05279	0.50606	0.03203	0.20067	0.20844
V131	0.03139	0.00721	0.21986	0.67815	0.06339
V132	0.37336	0	0	0.31211	0.31453
V133	0.00746	0.07857	0.51313	0.08219	0.31865
V134	0.07517	0.06993	0.753	0.00851	0.09339
V135	0.02376	0.14469	0.69294	0.01322	0.1254
V136	0.97864	0	0.00789	0	0.01346
V137	0.94616	0.00829	0.00519	0	0.04036
V138	0.2645	0.13114	0.06649	0.1214	0.41648
V139	0.14228	0	0.14649	0.64381	0.06743
V140	0.03474	0	0.13457	0.05064	0.78006
V141	0.02304	0.26716	0.61793	0.07917	0.01269
V142	0.23346	0	0.30002	0.11944	0.34707
V143	0.02809	0.22656	0.44508	0.12994	0.17034
V144	0.53855	0.21311	0.05887	0.09136	0.09812
V145	0	0.07229	0.91132	0	0.01639
V146	0.05583	0.33826	0.00186	0.28481	0.31925
V147	0.10632	0.10725	0.65798	0.08858	0.03988
V148	0.17734	0.78054	0.00498	0.01372	0.02342
V149	0.03085	0	0.00207	0.82435	0.14273
V150	0.15829	0.22669	0.5406	0	0.07441
V151	0.46407	0	0.00715	0.37138	0.1574
V152	0.03301	0	0.10696	0.71137	0.14866
V153	0.19167	0.20764	0.42132	0.0339	0.14547
V154	0.1374	0.58592	0.01567	0.02367	0.23733
V155	0.05601	0	0.12575	0.73782	0.08042
V156	0.11196	0.03818	0.36411	0.14313	0.34262
V157	0.10666	0.03672	0.14886	0.26266	0.44509
V158	0.21654	0.00846	0.41021	0.04051	0.32428
V159	0.13793	0.22078	0.00957	0.54372	0.088
V160	0.48149	0.15031	0.08142	0.02874	0.25803
V161	0.22002	0.00387	0.04972	0.03699	0.6894
V162	0	0.07414	0.92586	0	0
V163	0.06104	0	0.00876	0.08066	0.84954
V164	0.95189	0.02877	0.01453	0	0.00481
V165	0.64355	0.20729	0.07355	0.02154	0.05408
V166	0.07216	0	0.22456	0.56283	0.14046
V167	0.06037	0.64344	0.01022	0.11187	0.1741
V168	0	0.07414	0.92586	0	0
V169	0.07646	0.70384	0.13638	0.0591	0.02422
V170	0.27035	0.38634	0.04456	0.1632	0.13556
V171	0.34926	0.0922	0.33786	0.1549	0.06579
V172	0.19129	0.20927	0.0575	0.03469	0.50725
V173	0.23656	0.09541	0.07933	0.37418	0.21452
V174	0.23836	0.00015	0.32748	0.18831	0.2457
V175	0.09004	0.13614	0.10181	0.17147	0.50054
V176	0.40592	0	0.00231	0.53852	0.05326
V177	0.22336	0.05729	0.54561	0.1565	0.01723
V178	0.31642	0.05446	0.43308	0.09541	0.10064
V179	0.10258	0	0.00154	0.05534	0.84054
V180	0.03221	0.0219	0.30741	0.03199	0.60649
V181	0.07908	0.25632	0	0.07252	0.59208
V182	0.59615	0.22017	7e-04	0.12513	0.05785
V183	0.09396	0.8902	0.00185	0	0.01399
V184	0.36171	0.00579	0.27852	0.30301	0.05097
V185	0.12347	0.47791	0.01508	0.12651	0.25703
V186	0.1514	0.16949	0.0214	0.23284	0.42488
V187	0.10377	0.69099	0	0.17563	0.02961
V188	0.89263	0.00786	0.03074	0.05013	0.01864
V189	0.49074	0.2348	0.02971	0.21423	0.03051
V190	0.44464	0.05877	0.19325	0.00904	0.2943
V191	0.24078	0.2163	0.00044	0.38256	0.15991
V192	0.35171	0.1885	0.11131	0.18721	0.16127
V193	0.08265	0.23876	0.48031	0.03109	0.1672
V194	0.27727	0.03542	0.07344	0.10328	0.51058
V195	0.6111	0.16962	0.21394	0	0.00534
V196	0.01898	0	0.04925	0.08316	0.8486
V197	0.09275	0.87234	0.00051	0.01716	0.01725
V198	0.24853	0.21438	0.02824	0.18451	0.32433
V199	0.80277	0	0.19723	0	0
V200	0.78328	0	0.02559	7e-05	0.19106
V201	0.05587	0	0.01953	0.65795	0.26664
V202	0.94846	0.03677	0.00083	0	0.01394
V203	0.55732	0.24311	0.02091	0.03247	0.14619
V204	0.34666	0.05845	0.02669	0.01939	0.54881
V205	0.12438	0.01953	0.09968	0.09145	0.66496
V206	0.06762	0.09299	0	0.72474	0.11466
V207	0.0438	0.01309	0.00105	0.84004	0.10203
V208	0.17971	0.24612	0.44071	0.03056	0.10291
V209	0.16683	0.00723	0.08169	0.06015	0.6841
V210	0	0.06256	0.93226	0	0.00519
V211	0.16638	0.01652	0.17551	0.04948	0.59211
V212	0.08291	0.7634	0.06329	0.02585	0.06455
V213	0.11028	0	0.05118	0.24514	0.59339
V214	0.04069	0.58251	0.35075	8e-05	0.02597
V215	0.26979	0.21629	0.11707	0.07168	0.32517
V216	0.06547	0.04052	0.29125	0.05707	0.54569
V217	0.02631	0	0.02484	0.775	0.17386
V218	0.09375	0.20331	0.25952	0.31824	0.12518
V219	0.15229	0.29867	0.35433	0.1738	0.02092
V220	0.21163	0.73007	0.04779	0	0.01051
V221	0.05173	0.08131	0.45431	0.02045	0.39221
V222	0.03229	0	0.00393	0.07158	0.8922
V223	0.58527	0.00461	0.29395	0.09262	0.02355
V224	0.06367	0.5388	0.01639	0.07688	0.30426
V225	0.73201	0.15246	0.11081	0	0.00472
V226	0.47178	0.51825	0	0	0.00997
V227	0.11801	0.26335	0.00246	0.52861	0.08757
V228	0.64245	0.02028	0.24911	0.0427	0.04546
V229	0.2993	0.41113	0.23243	0.02179	0.03535
V230	0.03056	0	0.00401	0.07158	0.89385
V231	0.08801	0.61421	0.04693	0.1465	0.10435
V232	0.83453	0	0.16547	0	0
V233	0.06992	0.01374	0.1269	0.11078	0.67867
V234	0.03994	0.39675	0.19013	0.31754	0.05563
V235	0.98907	0	0.00091	0	0.01003
V236	0.0944	0.04306	0.61481	0.17897	0.06876
V237	0.14671	0.08199	0.239	0.29801	0.23429
V238	0.02387	0	0.00423	0.27256	0.69934
V239	0.08767	0.39894	0.03776	0.1599	0.31574
V240	0.08958	0.83373	0.00591	0.00623	0.06455
V241	0.07594	0.9069	0.00252	0	0.01464
V242	0.05419	0.34435	0.26505	0.2496	0.08681
V243	0.52597	0.00511	0.30049	0.00951	0.15893
V244	0.05054	0.41006	0.16328	0.0766	0.29952
V245	0.0733	0.88596	0.02304	0.0097	0.008
V246	0.6257	0.25352	0.02118	0	0.0996
V247	0.21949	0.13091	0.58429	0.03135	0.03395
V248	0.1165	0.59255	0.01591	0.01247	0.26256
V249	0.2736	0.05938	0.17963	0.09435	0.39303
V250	0.02345	0.06519	0.60851	0.03304	0.26981
V251	0.24544	0.01021	0.08194	0.55546	0.10695
V252	0.03251	0.15196	0.51379	0.13959	0.16215
V253	0.31796	0.57146	0.06834	0.02122	0.02102
V254	0.54174	0.37914	0	0.05253	0.02659
V255	0.84283	0.06073	0	0	0.09644
V256	0.065	0.74833	0.01158	0.0077	0.1674
V257	0.47437	0.298	0.12404	0.01449	0.08909
V258	0.18784	0.32609	0.03961	0.40045	0.04601
V259	0.55946	0.26697	0.15271	0	0.02085
V260	0.2745	0.01681	0.08935	0.08866	0.53067
V261	0.03003	0.04287	0.47949	0.27946	0.16816
V262	0.94017	0.00198	0.04734	0	0.01051
V263	0.83903	0.06446	0.00946	0.0733	0.01376
V264	0.09205	0.86767	0.00744	0.02349	0.00935
V265	0.85261	0.07047	0.06716	0	0.00976
V266	0.0274	0	0.07117	0.07199	0.82944
V267	0.06209	0	0.00145	0.16892	0.76755
V268	0.22424	0.43788	0.12001	0.15122	0.06664
V269	0.10838	0.35247	0.32202	0.16835	0.04879
V270	0.07171	0	0.03097	0.81285	0.08448
V271	0.24309	0.70961	0.00354	0.00554	0.03823
V272	0.12664	0.80488	0.01917	0.00282	0.04648
V273	0.32011	0.00479	0.15941	0.30641	0.20929
V274	0.10752	0.02402	0.02958	0.1993	0.63958
V275	0.06698	0.71254	0.1282	0.06717	0.02512
V276	0.01145	0.05206	0.6732	0.2191	0.04418
V277	0.40377	0.0191	0.55068	0	0.02644
V278	0.01718	0.04744	0.31367	0.43871	0.183
V279	0.16949	0	0.01044	0.69349	0.12658
V280	0.21931	0.00627	0.03226	0.58041	0.16175
V281	0.05065	0.22702	0.03572	0.61718	0.06943
V282	0.08479	0.89871	0.00223	0	0.01427
V283	0.36883	0	0.09419	0.03477	0.50221
V284	0.03247	0.15335	0.48349	0.00661	0.32408
V285	0.52923	0.45402	0	0.00199	0.01476
V286	0.08642	0.07658	0.8136	0.01785	0.00555
V287	0.27148	0.05861	0.14961	0.27079	0.2495
V288	0.22363	0.03633	0.58978	0	0.15027
V289	0.18427	0.22119	0.01684	0.52038	0.05732
V290	0.44209	0.44544	0.11247	0	0
V291	0.44157	0.19973	0.00097	0.31719	0.04053
V292	0.1317	0.03727	0.36466	0.0439	0.42247
V293	0.00057	0.16783	0.78232	0.03119	0.01809
V294	0.02298	0	0.00542	0.06587	0.90573
V295	0.02777	0.03569	0.30524	0.4964	0.1349
V296	0.87103	0.09211	0	0	0.03687
V297	0.01852	0.06019	0.75343	0.11344	0.05443
V298	0.31708	0	0.00074	0.50835	0.17384
V299	0.29278	0	0.00921	0.63522	0.06278
V300	0.98981	0	0.00204	0	0.00815
V301	0.977	0	0.00571	0	0.01729
V302	0.02495	0	0.00465	0.38525	0.58515
V303	0.12591	0.17455	0.18502	0.16754	0.34697
V304	0.20527	0.07272	0.7039	0	0.01812
V305	0.22792	0.30971	0.07556	0.09482	0.292
V306	0.34003	0.63896	0	0	0.02101
V307	0.26983	0.0046	0.25162	0.43781	0.03614
V308	0.26488	0.04227	0.6317	0.05269	0.00846
V309	0.6844	0.04902	0.0422	0.08971	0.13466
V310	0.04566	0.0041	0.00302	0.12662	0.82061
V311	0.03672	0	0.04144	0.82479	0.09705
V312	0.10149	0.24961	0.21314	0.01463	0.42113
V313	0.08349	0.28748	0.00822	0.28856	0.33225
V314	0.09833	0	0.0016	0.35724	0.54283
V315	0.95286	0	0.0121	0	0.03504
V316	0.13064	0.56968	0.21319	0.01554	0.07095
V317	0.42026	0.0977	0.46416	0	0.01788
V318	0.90639	0	0.00301	0	0.09061
V319	0.11024	0.10672	0.78305	0	0
V320	0.10326	0	0.0055	0.79735	0.09389
V321	0.15758	0.3564	0.27231	0.17375	0.03995
V322	0.01736	0.30096	0.52769	0.0378	0.11619
V323	0.27818	0.23434	0.39541	0.00321	0.08885
V324	0.06256	0.03388	0.03832	0.77702	0.08821
V325	0.66901	0.09387	0.07366	0.08534	0.07811
V326	0.0623	0	0.04616	0.15075	0.74079
V327	0.35144	0.486	0.0909	0.00236	0.06929
V328	0.06976	0.30206	0.1452	0.42672	0.05627
V329	0.01605	0.06577	0.36771	0.49705	0.05342
V330	0.08371	0.07384	0.79494	0	0.04752
V331	0.14651	0.00706	0.07471	0.10675	0.66496
V332	0.50672	0.05695	0.40994	0	0.02639
V333	0.45029	0.02767	0.28177	0.13585	0.10442
V334	0.05268	0.3235	0.51181	0.06375	0.04827
V335	0.75387	0.04022	0.07236	0.00972	0.12383
V336	0.18158	0.58093	0.22412	0	0.01338
V337	0.02301	0	0.01127	0.17372	0.792
V338	0.75513	0.00662	0.13598	0	0.10227
V339	0.22688	0.53483	0.15585	0	0.08245
V340	0.04845	0.15184	0.0926	0.07566	0.63145
V341	0.03531	0.51365	0.39061	0	0.06043
V342	0.32958	0.16926	0.41383	0.08287	0.00445
V343	0.73583	0.00077	0.2634	0	0
V344	0.12312	0.74406	0.03168	0.01246	0.08868
V345	0.23354	0.03001	0	0.26715	0.4693
V346	0.05312	0.33626	0.28535	0.2666	0.05867
V347	0.10676	0.52139	0.01688	0.28253	0.07244
V348	0.02717	0.16312	0.41107	0.22675	0.17189
V349	0.0764	0.33773	0.48322	0.00273	0.09992
V350	0.13217	0.41703	0.07036	0.20842	0.17202
V351	0.20452	0.04423	0.40903	0.30158	0.04064
V352	0.1258	0.55895	0.30925	0	0.00601
V353	0.26865	0.31441	0.0275	0.04242	0.34701
V354	0.60407	0.02111	0.37482	0	0
V355	0.10668	0.02397	0.31568	0.50252	0.05114
V356	0.09813	0.07437	0.79197	0.00291	0.03262
V357	0.05042	0.06021	0.46781	0.03603	0.38552
V358	0.05212	0.02386	0.03126	0.80034	0.09242
V359	0.07893	0.10526	0.00533	0.73421	0.07627
V360	0.7563	0.03251	0.08214	0.11553	0.01351
V361	0.35494	0.47215	0.07348	0	0.09943
V362	0.83005	0	0.08439	0	0.08555
V363	0.04647	0.01376	0.00267	0.16295	0.77415
V364	0.06323	0.28318	0.01689	0.40217	0.23453
V365	0.02998	0	0.01013	0.83743	0.12246
V366	0.23241	0.06917	0.55864	0.04491	0.09487
V367	0.25301	0.2235	0.18422	0.14898	0.19029
V368	0.77723	0.0732	0.11113	0	0.03845
V369	0.06148	0.66722	0.20621	0.05819	0.0069
V370	0.04056	0.15287	0.10717	0.33985	0.35955
V371	0.08177	0.87571	0.03812	0	0.0044
V372	0.69639	0.05932	0.13136	0.07985	0.03308
V373	0.13948	0.66138	0.11075	0.07153	0.01686
V374	0.11929	0.06293	0.35744	0.42604	0.0343
V375	0.34206	0.03472	0.57396	0.04896	3e-04
V376	0.01946	0.00837	0.36706	0.03629	0.56883
V377	0.11017	0.52479	0.18361	0.15884	0.02259
V378	0.15174	0.54846	0.14941	0	0.15039
V379	0.03835	0	0.09473	0.10454	0.76238
V380	0.03412	0.05178	0.15598	0.47584	0.28228
V381	0.1578	0.02879	0.00076	0.04677	0.76588
V382	0.43067	0	0	0.2663	0.30303
V383	0.05116	0.00972	0.25758	0.6246	0.05695
V384	0.32409	0.038	0.15178	0.39601	0.09013
V385	0.099	0.07793	0.00113	0.05008	0.77186
V386	0.70125	0	0.00121	0.26736	0.03017
V387	0.30261	0.00386	0.00275	0.6044	0.08638
V388	0.07879	0.83015	0.02775	0.04525	0.01806
V389	0.14512	0.76245	0.0107	0.01748	0.06425
V390	0.20215	0	0.00207	0.62839	0.16739
V391	0.74001	0.14029	0	0.04384	0.07586
V392	0.97507	0.01	0.00875	0	0.00618
V393	0.12236	0.01636	0.13647	0.50529	0.21953
V394	0.74751	0	0.01983	0.12339	0.10926
V395	0.01495	0.02009	0.3588	0.54735	0.05881
V396	0.58791	0.03169	0.3797	0	7e-04
V397	0.7111	0.12698	0.02855	0.08078	0.05259
V398	0.08402	0	0.15641	0.61494	0.14463
V399	0.05782	0.01249	0	0.26194	0.66775
V400	0.19039	0.54282	0.13691	0.11818	0.0117
V401	0.36044	0.02669	0.6057	0.00717	0
V402	0.41552	0.04	0.41428	0.04621	0.084
V403	0.16259	0.05571	0	0.14431	0.63739
V404	0.01152	0.07635	0.46025	0.37135	0.08053
V405	0.37779	0.25629	0.06048	0.18698	0.11847
V406	0.01503	0.08397	0.88927	0	0.01173
V407	0.93436	0.01953	0.03306	0.0047	0.00835
V408	0.0569	0.36809	0.00173	0.23296	0.34031
V409	0.13329	0	0.05751	0.64105	0.16815
V410	0.14054	0.13955	0.28474	0.04884	0.38633
V411	0.02354	0	0	0.07409	0.90237
V412	0.03676	0.13245	0.10948	0.05586	0.66545
V413	0.04603	0.26177	0.13437	0.33732	0.22049
V414	0.06286	0.07371	0	0.43296	0.43047
V415	0.16705	0	0	0.04774	0.78521
V416	0.12134	0.07079	0.0142	0.15541	0.63826
V417	0.00798	0.05908	0.74149	0.11586	0.07559
V418	0.56359	0.38675	0.01539	0	0.03428
V419	0.25834	0.00034	0.0131	0.12941	0.59881
V420	0.23606	0	0.08596	0.06433	0.61365
V421	0.01892	0	0.1131	0.0843	0.78368
V422	0.03842	0.0018	0.04619	0.67425	0.23934
V423	0.32783	0.20068	0.26319	0.16915	0.03914
V424	0.00764	0.02771	0.44757	0.02286	0.49421
V425	0.35204	0.35867	0	0.00671	0.28257
V426	0.2645	0.17566	0.01526	0.42075	0.12384
V427	0.2271	0.63469	0.1314	0	0.00681
V428	0.11971	0.65165	0.06164	0.07172	0.09528
V429	0.14616	0.7754	0	0.04406	0.03437
V430	0.0429	0.0292	0.37565	0.185	0.36725
V431	0.13946	0.38636	0.17778	0.22246	0.07393
V432	0.33596	0.05461	0.1136	0.31973	0.17609
V433	0.22592	0.02791	0.49574	0.20917	0.04126
V434	0.26876	0.30421	0.33999	0	0.08704
V435	0.6044	0.05021	0.33598	0.00172	0.00769
V436	0.08363	0.59191	0.08516	0.04303	0.19628
V437	0.20435	0.00205	0.02078	0.17327	0.59956
V438	0.16049	0.3201	0.17841	0.25426	0.08674
V439	0.64886	0	0.0417	0.26677	0.04266
V440	0.03411	0.39507	0.51814	0.00057	0.05212
V441	0.05073	0.57417	0.35226	0.01324	0.0096
V442	0.08468	0.89983	0.00972	0	0.00577
V443	0.97762	0	0.00557	0.00532	0.01148
V444	0.18022	0.43935	0.02349	0.29338	0.06355
V445	0.09171	0.42139	0.0329	0.39775	0.05624
V446	0.13608	0.02278	0.09137	0.53874	0.21102
V447	0.08592	0	0.00879	0.4255	0.47979
V448	0.17149	0	0.01302	0.05932	0.75618
V449	0	0.07414	0.92586	0	0
V450	0.22897	0.08824	0.22093	0.12718	0.33468
V451	0.30286	0.19225	0.05341	0.30953	0.14195
V452	0.03351	0.00134	0.15384	0.6956	0.11571
V453	0.0377	0	0	0.43632	0.52598
V454	0.01055	0.04729	0.64801	0.02558	0.26858
V455	0.07881	0.23529	0.24434	0.05137	0.39019
V456	0.95954	0	0	0	0.04046
V457	0.69746	0.19894	0.02883	0.02738	0.04739
V458	0.03695	0.40413	0.47317	0.03931	0.04645
V459	0.16018	0.04866	0.04711	0.4571	0.28695
V460	0.72672	0.03235	0.18211	0.03073	0.02808
V461	0.21063	0.31032	0.21462	0.01208	0.25235
V462	0.07297	0.06686	0.00971	0.47236	0.3781
V463	0.2472	0.04707	0.01005	0.62632	0.06936
V464	0.18114	0.22224	0.59379	0	0.00283
V465	0.05861	0.08038	0.00862	0.06758	0.78481
V466	0.0406	0	0	0.13518	0.82422
V467	0.08359	0.25501	0.01734	0.50061	0.14345
V468	0.5797	0.29626	0.09551	0	0.02853
V469	0.04249	0.32704	0.04729	0.25358	0.3296
V470	0.87864	0.03625	0.02371	0.04311	0.01829
V471	0.4164	0.28598	0.02091	0.11742	0.15928
V472	0.02458	0.01674	0.03417	0.06114	0.86336
V473	0.0515	0.22952	0.21864	0.29231	0.20804
V474	0.3254	0.12658	0.05438	0.41082	0.08282
V475	0.17905	0.05677	0.55334	0.0213	0.18955
V476	0.1847	0.02279	0.09152	0.58163	0.11936
V477	0.07577	0.90794	0.01018	0	0.00611
V478	0.18086	0	0	0.04602	0.77312
V479	0.87973	0.03705	0.03078	0.03523	0.01721
V480	0.16306	0.65733	0.04622	0.08899	0.0444
V481	0.26975	0.366	0.05234	0.15721	0.1547
V482	0.13471	0.68457	0.16558	0	0.01514
V483	0.33939	0.52233	0	0.07668	0.06161
V484	0.24778	0.52224	0.10159	0.10125	0.02715
V485	0.70542	0.06633	0.10631	0.08762	0.03432
V486	0.07873	0.07916	0.25933	0.02617	0.55662
V487	0.1591	0.15035	0.38414	0.27675	0.02965
V488	0.44185	0.04866	0	0.30812	0.20137
V489	0.01252	0.27742	0.635	0.05502	0.02004
V490	0.0095	0.05706	0.72453	0.18706	0.02185
V491	0.05851	0.45451	0.03811	0.09708	0.3518
V492	0.05714	0.1393	0.02804	0.67912	0.0964
V493	0.03897	0	0.00929	0.8482	0.10354
V494	0.35058	0	0.0143	0.50344	0.13168
V495	0.36635	0.22308	0.19307	0.14257	0.07493
V496	0.14515	0.01355	0.04348	0.04515	0.75268
V497	0.11366	0.02259	0.12587	0.12023	0.61764
V498	0.10004	0.84948	0.02082	0	0.02966
V499	0.05842	0.23146	0.2264	0.07081	0.4129
V500	0.13498	0.49984	0.09544	0.18938	0.08037
V501	0.09019	0.30158	0.00756	0.03863	0.56203
V502	0.15653	0.79001	0.03444	0.01246	0.00656
V503	0.48436	0.00652	0.19011	0.12328	0.19572
V504	0.49555	0.18415	0	0.00515	0.31514
V505	0.63993	0	0.0183	0.0697	0.27206
V506	0.05047	0.51043	0.05355	0.02263	0.36293
V507	0.87269	0	0.02741	0.05755	0.04235
V508	0.05142	0.65201	0.18728	0.02721	0.08208
V509	0.07746	0.46937	0.12171	0.17366	0.1578
V510	0.43405	0.49674	0.03778	0.01766	0.01378
V511	0.07796	0.34943	0.47592	0.02388	0.07281
V512	0.17253	0.46808	0.15194	0.03739	0.17006
V513	0.19347	0.68019	0.06143	0.02671	0.0382
V514	0.02406	0	0.19701	0.07409	0.70484
V515	0.1023	0.12377	0	0.7013	0.07263
V516	0.18787	0.37221	0.09683	0.29897	0.04413
V517	0.04038	0.02523	0.04866	0.79491	0.09082
V518	0.46362	0.01825	0.30379	0.16639	0.04795
V519	0.83276	0.04382	0.00238	0.09723	0.02382
V520	0.09997	0.83949	0.0137	0.03698	0.00986
V521	0.23788	0	0.1249	0.57718	0.06003
V522	0.0586	0.23797	0.53264	0.11744	0.05334
V523	0.16314	0.09894	0.70955	0.02271	0.00566
V524	0.36825	0.0498	0.52006	0	0.06189
V525	0.03411	0.18228	0.02372	0.05406	0.70583
V526	0.0398	0.09032	0.83048	0.00529	0.03411
V527	0.10044	0.51299	0.3625	0	0.02407
V528	0.17906	0	0.01844	0.72912	0.07338
V529	0.22886	0.07161	0.69042	0	0.00912
V530	0.01619	0.08118	0.84373	0.03157	0.02733
V531	0.19854	0.51451	0.07541	0.01039	0.20114
V532	0.07925	0.26906	0.26037	0.01161	0.37971
V533	0.27093	0	0	0.03663	0.69244
V534	0.15483	0.05734	0	0.69006	0.09777
V535	0.84113	0.10548	0.04606	0	0.00733
V536	0.14268	0.19532	0.34522	0.03151	0.28526
V537	0.03517	0.00504	0.01138	0.06258	0.88583
V538	0.64583	0.09179	0.00013	0.01683	0.24541
V539	0.01883	0.19838	0.61536	0.08612	0.08132
V540	0.18557	0.46921	0.07532	0.04278	0.22712
V541	0.0554	0.3851	0.01549	0.04827	0.49573
V542	0.06333	0.3476	0.09931	0.38886	0.1009
V543	0.07225	0.15131	0.63637	0.03455	0.10551
V544	0.36939	0.19072	0.16076	0.0525	0.22664
V545	0.63825	0.35501	0.00373	0	0.00301
V546	0.09263	0.77532	0.07102	0	0.06104
V547	0.11671	0.77145	0	0.07456	0.03728
V548	0.03399	0.05579	0.00822	0.80601	0.09599
V549	0.0227	0	0.0186	0.18808	0.77063
V550	0.0673	0.83781	0.08247	0	0.01242
V551	0.04038	0	0.0023	0.86001	0.0973
V552	0.22811	0	0.01284	0.06745	0.6916
V553	0.81323	0	0.01392	0.10864	0.06421
V554	0.12859	0.0738	0.46298	0.29445	0.04018
V555	0.07345	0.88796	0.00847	0	0.03011
V556	0.1058	0.0432	0.05124	0.67719	0.12256
V557	0.34023	0.24207	0.02976	0.30562	0.08231
V558	0.00817	0.07228	0.75237	0.13085	0.03632
V559	0.11707	0.4519	0.40065	0	0.03039
V560	0.64818	0.23304	0.11877	0	0
V561	0.73338	0	0.12263	0	0.14399
V562	0.13721	0.04348	0.13362	0.10664	0.57905
V563	0.23918	0.26664	0.18219	0.09732	0.21467
V564	0.37614	0.0047	0.05287	0.31758	0.24871
V565	0.02223	0	0.01178	0.09369	0.8723
V566	0.32055	0.12957	0.02127	0.29477	0.23384
V567	0.01407	0.06386	0.91953	0	0.00254
V568	0.0444	0.25855	0.39966	0.27569	0.0217
V569	0.67171	0.08751	0.0981	0.09087	0.05182
V570	0.15699	0.02879	0.26287	0.43514	0.11621
V571	0.29565	0	0.21849	0.31813	0.16773
V572	0.84929	0	0	0	0.15071
V573	0.09669	0.08082	0.31317	0.35711	0.15221
V574	0.55413	0.28639	0.0668	0.06019	0.03249
V575	0.38188	0.00787	0.10508	0.05363	0.45155
V576	0.07187	0.85648	0.00698	3e-05	0.06464
V577	0.43397	0.49588	0.03042	0.02512	0.01462
V578	0.03675	0.19782	0.48521	0.20743	0.07279
V579	0.04084	0.53666	0.28784	0.01505	0.11961
V580	0.23796	0.5421	0.00852	0.16778	0.04364
V581	0.06961	0.51882	0.33968	0.05897	0.01292
V582	0	0.10657	0.89343	0	0
V583	0.66551	0.01614	0.31836	0	0
V584	0.24379	0.50139	0.09106	0.01882	0.14494
V585	0.07333	0.76347	0.05576	0.04115	0.06629
V586	0.06144	0.78793	0.14616	0.00024	0.00423
V587	0.08011	0.66624	0.00321	0.02532	0.22512
V588	0.25211	0.41879	0.32608	0	0.00303
V589	0.12341	0.41335	0.03987	0.36224	0.06112
V590	0.076	0.75898	0	0.00698	0.15803
V591	0.47226	0.48785	0.03072	0	0.00917
V592	0.01786	0.04504	0.72737	0.02687	0.18286
V593	0.44737	0	0.00059	0.4529	0.09914
V594	0.00721	0.1765	0.61953	0.13115	0.06561
V595	0.56683	0.0254	0.06008	0.27804	0.06966
V596	0.4987	0.19202	0.18851	0.08767	0.0331
V597	0.04467	0.17212	0.00145	0.12717	0.65459
V598	0.58722	0	0	0.00192	0.41086
V599	0.09968	0.41112	0.08104	0.34072	0.06744
V600	0.30901	0.00618	0.17028	0.35479	0.15974
V601	0.16278	0.085	0.00109	0.438	0.31313
V602	0.84436	0.15082	0	0	0.00482
V603	0.14524	0.12279	0.02075	0.13985	0.57137
V604	0.02142	0.06253	0.67562	0.0935	0.14694
V605	0.042	0.05226	0.11068	0.09769	0.69736
V606	0.84204	0	0	0	0.15796
V607	0.1726	0.08753	0.01361	0.04686	0.6794
V608	0.78883	0	0.02781	0.05402	0.12934
V609	0.20979	0.30667	0.0079	0.3581	0.11754
V610	0.11226	0.66082	0.0032	0.19301	0.03071
V611	0.30224	0.05797	0.58063	0	0.05915
V612	0.40906	0.04799	0.28208	0.00608	0.25479
V613	0.42869	0.53118	0.03134	0.00322	0.00558
V614	0.5551	0.00769	0.0128	0.06494	0.35947
V615	0.02803	0.09176	0.12082	0.53688	0.2225
V616	0.70474	0	0.13791	0.10521	0.05213
V617	0.2518	0.0901	0.43023	0.07581	0.15205
V618	0.74779	0.0767	0.05681	0	0.11871
V619	0.57268	0.0293	0.13694	0	0.26108
V620	0.0597	0.03882	0.33735	0.51121	0.05292
V621	0.15609	0.22636	0.26133	0.00649	0.34973
V622	0.03264	0.21955	0.30923	0.02399	0.41459
V623	0.09034	0	0.00349	0.64192	0.26426
V624	0.91809	0	0.00264	0	0.07927
V625	0.02932	0.06046	0.0907	0.73717	0.08235
V626	0.08748	0.05813	0.52856	0.27716	0.04867
V627	0.1201	0.14219	0.09867	0.05161	0.58743
V628	0.98331	0	0.00712	0	0.00957
V629	0.1393	0.27914	0.5764	1e-05	0.00514
V630	0.03322	0.16138	0.01647	0.06403	0.72491
V631	0.01474	0.00656	0.24288	0.04866	0.68716
V632	0.07515	0.75074	0.00423	0.02644	0.14344
V633	0.07447	0	0.08186	0.48992	0.35375
V634	0.42696	0.44359	0.12944	0	0
V635	0.05264	0.09713	0.16008	0.05118	0.63898
V636	0.22465	0.18274	0.28536	0.16644	0.14081
V637	0.2428	0.02854	0.3857	0.22704	0.11593
V638	0.1	0.44757	0.015	0.0806	0.35683
V639	0.53615	0.39155	0.06596	0	0.00633
V640	0.12847	0.1773	0.06898	0.21695	0.40829
V641	0.12358	0.71538	0.0175	0.10469	0.03885
V642	0.77984	0.01529	0.00216	0.17993	0.02279
V643	0.07908	0.84686	0.05933	0.00821	0.00652
V644	0.07189	0.43799	0.01785	0.39712	0.07515
V645	0.18541	0.73813	0.01099	0.05512	0.01036
V646	0.16025	0.53171	0.02326	0.19426	0.09052
V647	0.96378	0	0.00468	0.01933	0.01222
V648	0.47109	0.09242	0	0.24267	0.19383
V649	0.28214	0.07584	0.06557	0.1075	0.46895
V650	0.04662	0	0.05736	0.81189	0.08413
V651	0.17221	0.20583	0	0.56685	0.05511
V652	0.39398	0	0.03045	0.50986	0.0657
V653	0.37705	0	0.0466	0.48572	0.09063
V654	0.04861	0.05949	0	0.10046	0.79145
V655	0.18426	0.06576	0.28293	0.42339	0.04365
V656	0.12352	0	0	0.1233	0.75318
V657	0.06306	0.4892	0.02476	0.28412	0.13887
V658	0.04951	0.01906	0.02712	0.56584	0.33847
V659	0.03826	0.01533	0.07265	0.73202	0.14174
V660	0.0809	0.31438	0.01444	0.05792	0.53235
V661	0.0706	0.64916	0.01007	0.14721	0.12297
V662	0.05707	0.41237	0.01592	0.02553	0.48912
V663	0.98496	0	0.00902	0	0.00602
V664	0.03857	0	0.10627	0.37085	0.48431
V665	0.05134	0.64761	0.18871	0.06247	0.04988
V666	0.11833	0.8406	0.03626	0	0.00481
V667	0.05579	0.56801	0.23625	0.0798	0.06014
V668	0.66591	0.23385	0.04356	0.0264	0.03028
V669	0.49129	0.30099	0.02118	0.06344	0.1231
V670	0.1175	0.61595	0.03767	0.0282	0.20068
V671	0.81214	0	0.17819	0	0.00967
V672	0.11055	0.06059	0.07832	0.2878	0.46274
V673	0.02662	0.00454	0	0.13815	0.83068
V674	0.39509	0.11853	0.45243	0	0.03394
V675	0.71234	0	0.03308	0.11903	0.13556
V676	0.27869	0.12364	0.45292	0	0.14475
V677	0.06626	0.28781	0.20039	0.34867	0.09688
V678	0.07024	0.2921	0.00787	0.05595	0.57384
V679	0.02225	0.03878	0.44159	0.44965	0.04772
V680	0.18139	0	0.01365	0.32149	0.48347
V681	0.56144	0.01261	0.03638	0.26365	0.12592
V682	0	0.07414	0.92586	0	0
V683	0.07587	0.22284	0.58427	0	0.11702
V684	0.08429	0	0.00688	0.82129	0.08754
V685	0.00598	0.07901	0.81835	0.08391	0.01275
V686	0.30534	0.61315	0.06135	0.00049	0.01967
V687	0.00584	0.04115	0.56778	0.33781	0.04742
V688	0	0.07246	0.91278	0	0.01476
V689	0.53485	0.0472	0.17802	0.0821	0.15783
V690	0.12904	0.83473	0.01337	0.00777	0.01509
V691	0.1676	0.1264	0.04066	0.57516	0.09018
V692	0.09505	0.00871	0.01226	0.71233	0.17164
V693	0.03642	0.53895	0.40149	0.01372	0.00944
V694	0.11262	0.19198	0.03265	0.53668	0.12607
V695	0.13856	0.10294	0.12337	0.04305	0.59208
V696	0.13343	0.04022	0.70598	0	0.12037
V697	0.12396	0.1254	0.29068	0.31336	0.1466
V698	0.02771	0.00741	0.15395	0.05596	0.75498
V699	0.05848	0.00018	0.04368	0.61494	0.28272
V700	0.08403	0.79247	0.06364	0	0.05986
V701	0.03363	0.16054	0.00943	0.05783	0.73858
V702	0.04581	0.11262	0.00426	0.61737	0.21994
V703	0.04119	0.00344	0.02501	0.83187	0.09849
V704	0.05406	0.06914	0.35022	0.03691	0.48966
V705	0.9607	0	0	0	0.0393
V706	0.17869	0.15244	0.14406	0.40234	0.12246
V707	0.15956	0.11159	0.06076	0.25403	0.41406
V708	0.04261	0.61192	0.34547	0	0
V709	0.02353	0	0.02725	0.06288	0.88633
V710	0.14169	0.04449	0.4351	0.00717	0.37155
V711	0.06822	0	0.0152	0.07146	0.84512
V712	0.06853	0.06218	0.67629	0.16506	0.02793
V713	0.27862	0.43873	0.28266	0	0
V714	0.06184	0	0	0.06124	0.87691
V715	0.01805	0.32865	0.56086	0.07902	0.01341
V716	0.76647	0.17531	0.00886	0.01763	0.03173
V717	0.41979	0.15498	0.10591	0.01841	0.3009
V718	0.71057	0	0.24585	0	0.04358
V719	0.43463	0.23361	0.09183	0.09217	0.14776
V720	0.13574	0.0265	0.0745	0.07086	0.6924
V721	0.04009	0	0.03952	0.07405	0.84633
V722	0.04905	0.23689	0.04897	0.44588	0.21922
V723	0.13528	0.22517	0.09937	0.47096	0.06922
V724	0.15303	0.65602	0.03171	0.13528	0.02396
V725	0.04214	0	0.00341	0.06338	0.89107
V726	0.24448	0.49105	0.04396	0.04387	0.17665
V727	0.00307	0.07453	0.90839	0	0.014
V728	0.83152	0.00638	0.11361	0.03439	0.01409
V729	0.65132	0.10004	0.02183	0.19699	0.02981
V730	0.1422	0.03827	0.35733	0.36421	0.09798
V731	0.0286	0.0063	0.06013	0.81954	0.08544
V732	0.03929	0	0.00975	0.85607	0.09489
V733	0.02707	0.09365	0.86819	0	0.01109
V734	0.54869	0.09484	0.32843	0.01161	0.01644
V735	0.08619	0.15582	0.18639	0.04653	0.52507
V736	0.02677	0.02452	0.00456	0.06322	0.88094
V737	0.98498	0	0.00921	0	0.0058
V738	0.04887	0.43121	0.00928	0.03277	0.47787
V739	0.04364	0.00297	0.00181	0.85648	0.09511
V740	0.22759	0.06659	0.08885	0.03936	0.5776
V741	0.53781	0	0.00042	0.28347	0.17831
V742	0.0865	0.0545	0.49911	0.16093	0.19897
V743	0.04412	0.03781	0.0623	0.13318	0.72259
V744	0.22383	0.06176	0.15404	0.47218	0.08819
V745	0.19749	0.00903	0.04242	0.67765	0.07341
V746	0.38264	0.54589	0.03007	0	0.0414
V747	0.02738	0.09236	0.85821	0	0.02206
V748	0.18345	0.21683	0.24645	0.0562	0.29706
V749	0.21289	0.09984	0.1065	0.39589	0.18489
V750	0.78751	0.18446	0.00329	0.01554	0.0092
V751	0.04671	0.41603	0.52596	0.00421	0.00709
V752	0.04006	0.11135	0.01641	0.05982	0.77236
V753	0.58829	0.04927	0.21954	0.00649	0.13642
V754	0.14371	0.32742	0.00231	0.4721	0.05445
V755	0.25778	0.70019	0.03271	0	0.00932
V756	0.03931	0.09223	0.01634	0.09655	0.75557
V757	0.20128	0	0.09064	0.64083	0.06724
V758	0.09451	0.43951	0	0.41517	0.05081
V759	0.10192	0.01823	0.08323	0.04664	0.74998
V760	0.09366	0.03006	0.18592	0.24542	0.44495
V761	0.06811	0.30339	0.62555	0	0.00295
V762	0.03232	0.03997	0.15399	0.37518	0.39854
V763	0.04838	0.24799	0.00191	0.04274	0.65898
V764	0.14005	0.05543	0.07578	0.65013	0.07861
V765	0.19084	0.06389	0.61117	0.03027	0.10383
V766	0.09509	0.49918	0.21586	0.03833	0.15154
V767	0.29834	0.47159	0.05133	0.03243	0.14631
V768	0.08779	0.82381	0.04245	0.02982	0.01613
V769	0.78895	0.00014	0.16674	0	0.04417
V770	0.35224	0.02476	0.47659	0.13062	0.01578
V771	0.0935	0.71545	0.00325	0.07444	0.11336
V772	0.04946	0.08233	0.86822	0	0
V773	0.04277	0	0	0.18661	0.77062
V774	0.17602	0.02747	0.49065	0	0.30586
V775	0.93879	0	0.01628	0.01942	0.02552
V776	0.38693	0.43247	0.14069	0.00502	0.03487
V777	0.24357	0.39675	0.21826	0.0821	0.05932
V778	0.56373	0.03871	0.00653	0.1855	0.20552
V779	0.0836	0.44873	0.45304	0	0.01463
V780	0.01433	0.06441	0.92127	0	0
V781	0.19795	0.30527	0.14972	0.00586	0.34121
V782	0.24642	0.22021	0.01284	0.02574	0.4948
V783	0.0024	0.04187	0.59166	0.03265	0.33143
V784	0.06068	0.61521	0	0.21219	0.11192
V785	0.74434	0.11991	0	0.06596	0.06978
V786	0.19464	0.198	0.00909	0.52205	0.07623
V787	0.16304	0.59365	0	0.1566	0.08671
V788	0.39831	0.40765	0.05775	0	0.13629
V789	0.03536	0.14906	0.00271	0.37006	0.44281
V790	0.30546	0.21559	0.05077	0.10382	0.32436
V791	0.20037	0.21041	0.05996	0.17992	0.34934
V792	0.96091	0	0.02045	0	0.01864
V793	0.35437	0.25648	0.04287	0.08041	0.26588
V794	0.03182	0.01137	0.08826	0.18945	0.67909
V795	0.15668	0.80968	0.01285	0	0.02079
V796	0.32741	0.41621	0.09287	0.11797	0.04554
V797	0.14668	0	0	0.06428	0.78904
V798	0.1555	0.49876	0.00086	0.07795	0.26693
V799	0.05698	0.16194	0.04311	0.62058	0.11738
V800	0.04393	0	0.0098	0.1493	0.79698
V801	0.41661	0	0.11274	0.39976	0.07089
V802	0.05403	0.1799	0.00848	0.05338	0.70421
V803	0.33985	0.01375	0.00231	0.56207	0.08202
V804	0.22872	0.16914	0.18076	0.3368	0.08458
V805	0.16941	0.16233	0.40113	0.14869	0.11844
V806	0.51238	0.00416	0.17629	0.0503	0.25688
V807	0.74853	0	0.05449	0.027	0.16997
V808	0.85277	0	0.04121	0	0.10602
V809	0.22331	0.59744	0.01541	0.02072	0.14311
V810	0.04874	0.0487	0.03318	0.43268	0.4367
V811	0.06921	0.08168	0.01527	0.13097	0.70287
V812	0.05304	0.67249	0.17147	0.06175	0.04126
V813	0.04811	0.21854	0.18562	0.02547	0.52227
V814	0.22685	0.55374	0.05338	0.1272	0.03883
V815	0.2551	0.67408	0.02442	0.03102	0.01538
V816	0.05592	0.51453	0.00404	0.35344	0.07206
V817	0.842	0.01848	0.13754	0	0.00198
V818	0.05402	0.22291	0.31244	0.04276	0.36787
V819	0.97779	0	0.01358	0	0.00862
V820	0.09681	0.3729	0.10748	0.35408	0.06873
V821	0.02375	0	0	0.06692	0.90933
V822	0.21977	0	0.01121	0.69975	0.06926
V823	0.06016	0.08106	0.19443	0.03444	0.62991
V824	0.0846	0.01277	0.01591	0.05576	0.83096
V825	0.16872	0.04254	0.62291	0.15747	0.00836
V826	0.03829	0.07316	0.88624	0.0023	0
V827	0.37811	0.13421	0	0.34314	0.14454
V828	0.26034	0.13193	0.08977	0.06565	0.45231
V829	0.10704	0.09591	0.27292	0.17027	0.35387
V830	0.16275	0.05633	0.64988	0.00805	0.12299
V831	0.06232	0.73302	0.04088	0.12322	0.04056
V832	0.222	0	0.05692	0.23214	0.48894
V833	0.21155	0.74114	0.00434	0	0.04297
V834	0.77514	0.12599	0.02903	0	0.06984
V835	0.28223	0.28705	0.07813	0.2381	0.11448
V836	0.41725	0.08579	0.41273	0.07232	0.01191
V837	0.06738	0.80805	0.0123	0.02918	0.08309
V838	0.02495	0	0.07673	0.80505	0.09327
V839	0.05226	0.01771	0.06234	0.05461	0.81307
V840	0.96014	0	0.02533	0	0.01452
V841	0.24002	0.06039	0.69933	0	0.00026
V842	0.57755	0.03838	0.18899	0.16412	0.03096
V843	0.48666	0	0.12985	0.0634	0.32009
V844	0.01643	0.22932	0.72383	0.0057	0.02472
V845	0.0476	0	0	0.56783	0.38457
V846	0.12537	0.02769	0.08303	0.09241	0.67151
V847	0.22004	0	0.0411	0.13811	0.60075
V848	0.77161	0.01335	0.00094	0.06455	0.14955
V849	0.14973	0.09184	0.66069	0	0.09774
V850	0.239	0.03726	0.26188	0.14447	0.31739
V851	0.9834	0	0.00091	0	0.0157
V852	0.25966	0.04593	0.06675	0.16998	0.45769
V853	0.04228	0.16977	0.56949	0.12331	0.09515
V854	0.06602	0.35729	0.21822	0.07484	0.28362
V855	0.13156	0.38934	0.07994	0.28023	0.11892
V856	0.17842	0.37627	0.04323	0.01227	0.38982
V857	0.09808	0.03878	0.15299	0.40022	0.30994
V858	0.04853	0.35474	0.16758	0.19342	0.23573
V859	0.16201	0	0.01904	0.71057	0.10837
V860	0.06582	0.14089	0.0591	0.60923	0.12496
V861	0.17214	0.01562	0.11977	0.62714	0.06533
V862	0.08103	0	0.01485	0.12744	0.77668
V863	0.07305	0.88077	0.0151	0	0.03109
V864	0.03818	0.0591	0.85686	0.04587	0
V865	0.09531	0.04336	0.61506	0.23144	0.01484
V866	0.03801	0.09197	0.60996	0.21698	0.04309
V867	0.59354	0.00495	0.00024	0.00142	0.39985
V868	0.25954	0.24889	0.37174	0.0886	0.03122
V869	0.0295	0	0.0181	0.0696	0.8828
V870	0.29892	0.15879	0.06853	0.22491	0.24885
V871	0.05298	0.04002	0.0859	0.12204	0.69906
V872	0.42467	0.0224	0.00837	0.44659	0.09797
V873	0.08244	0.33426	0.13431	0.34263	0.10636
V874	0.10665	0.03013	0.00129	0.06022	0.80171
V875	0.03684	0.17503	0.01806	0.45582	0.31424
V876	0.49649	0.04081	0.0486	0.01657	0.39753
V877	0.25767	0.62475	0.03093	0.06102	0.02564
V878	0.06158	0.68765	0.03346	0.17982	0.03749
V879	0.95319	0.01837	0.0128	0	0.01563
V880	0.10397	0.06654	0.02356	0.40211	0.40382
V881	0.0163	0.03124	0.49122	0.0183	0.44294
V882	0.07436	0.47651	0.01118	0.39791	0.04005
V883	0.54377	0.16186	0.00673	0.15333	0.13431
V884	0.02184	0	0	0.07468	0.90348
V885	0.18849	0.08291	0.35433	0.10587	0.26839
V886	0.02068	0	0.0261	0.23257	0.72065
V887	0.11864	0.83812	0.00649	0	0.03676
V888	0.0858	0.09584	0.0507	0.63967	0.12799
V889	0.14622	0.79129	0.03383	0.00683	0.02183
V890	0.05517	0.00771	0.13129	0.61621	0.18961
V891	0	0.10686	0.89314	0	0
V892	0.61805	0.22266	0.01397	0	0.14531
V893	0.16698	0.2165	0.47794	0.06209	0.07649
V894	0.12701	0.52855	0.03902	0.22963	0.07579
V895	0.73296	0.00036	0.25959	0	0.00709
V896	0.24229	0.23218	0.21724	0.27705	0.03125
V897	0.02539	0	0.03964	0.71926	0.21571
V898	0.397	0	0.00478	0.03962	0.55861
V899	0.58945	0.3013	0.07221	0	0.03704
V900	0.29118	0.24639	0.25305	0.17007	0.03931
V901	0.70891	0.03499	0.00059	0.15052	0.10498
V902	0.89188	0.02536	0.0167	0.00962	0.05644
V903	0.31076	0.06142	0.06348	0.47508	0.08926
V904	0.7538	0.08564	0.14164	0	0.01893
V905	0.05137	0.31053	0.05546	0.30536	0.27729
V906	0.17232	0.06701	0.42597	0.0705	0.26419
V907	0.75319	0.09983	0.05776	0.0335	0.05572
V908	0.05543	0.33537	0.04157	0.45862	0.10901
V909	0.04561	0.10506	0.01264	0.67949	0.1572
V910	0.70848	0.15309	0.00744	0.03873	0.09226
V911	0.05082	0.29238	0.48277	0.0012	0.17284
V912	0.04875	0.01498	0.136	0.09746	0.70281
V913	0.17258	0.01041	0.06625	0.62608	0.12468
V914	0.80933	0.01411	0.00814	0.09593	0.07249
V915	0.21001	0.16338	0.04186	0.03104	0.5537
V916	0.82021	0.00409	0.10282	0	0.07288
V917	0.46254	0.01374	0	0.02627	0.49745
V918	0.63031	0.14042	0.20045	0.0034	0.02542
V919	0.46548	0.1462	0.0068	0.24737	0.13414
V920	0.2167	0	0.10882	0.61102	0.06346
V921	0.21118	0.17333	0.09727	0.01809	0.50013
V922	0.04217	0.04783	0.65716	0	0.25285
V923	0.17454	0.45878	0.01431	0.04977	0.30259
V924	0.54948	0.08754	0	0.22188	0.1411
V925	0.16792	0.14314	0.44542	0.14712	0.09641
V926	0.03573	0.00457	0.00418	0.07058	0.88494
V927	0.57067	0.248	0.09908	0.05872	0.02352
V928	0.14391	0.27185	0.1946	0.16507	0.22458
V929	0.07777	0.24776	0.00113	0.03891	0.63444
V930	0.08878	0	0.05196	0.05221	0.80705
V931	0.51272	0.1158	0.00606	0.04131	0.32411
V932	0.07098	0.09807	0.03861	0.30463	0.48771
V933	0.31874	0	0.04141	0.25677	0.38308
V934	0.70564	0.05735	0.23702	0	0
V935	0.62224	0.09943	0.11393	0.03563	0.12878
V936	0.3494	0.05439	0.10599	0.40824	0.08197
V937	0.16248	0.69461	0.08527	0.02016	0.03748
V938	0.11061	0.86154	0.02227	0	0.00558
V939	0.02202	0	0.01183	0.31003	0.65612
V940	0.60036	0.06359	0.07247	0.03732	0.22626
V941	0.03969	0.1219	0.10903	0.44205	0.28733
V942	0.76925	0.22105	0.00401	0	0.00569
V943	0.06665	0.08368	0.04512	0.05597	0.74858
V944	0.38404	0.01132	0.10625	0.44158	0.05681
V945	0.06063	0.30204	0.5505	0.02349	0.06334
V946	0.04432	0.51435	0.43535	0	0.00598
V947	0.41335	0	0.01998	0.11767	0.449
V948	0.10143	0.69317	0.03147	0.09389	0.08004
V949	0.8939	0.0767	0.02654	0	0.00287
V950	0.09609	0.00071	0.02222	0.79861	0.08236
V951	0.34652	8e-05	0	0.47304	0.18036
V952	0.16076	0.01823	0.04093	0.59577	0.18431
V953	0.52056	0.0725	6e-04	0.32935	0.07698
V954	0.26774	0.52439	0.05195	0.04533	0.11059
V955	0.08675	0.03505	0.52949	0.3159	0.03282
V956	0.06016	0.47401	0.08198	0.32572	0.05813
V957	0.1337	0.74426	0.04732	0.04993	0.02478
V958	0.07935	0.8305	0.00585	0.03377	0.05053
V959	0.08624	0.05023	0.78092	0.04598	0.03662
