mature.neutrophil	CD14.pos.CD16.neg.classical.monocyte	macrophage	memory.CD4.pos.AB.T.cell	cytotoxic.CD56.dim.NK.cell
V1	0.26896	0.20831	0.25771	0.15651	0.1085
V2	0.07291	0.67967	0.09976	0.10196	0.0457
V3	0.05867	0.14646	0.39463	0.37826	0.02198
V4	0.01831	0.12467	0.2567	0.061	0.53932
V5	0.02342	0.08109	0.09713	0.1017	0.69666
V6	0.26883	0.14041	0.26991	0.23159	0.08926
V7	0.01483	0.16893	0.40384	0.08193	0.33047
V8	0.01593	0.21671	0.67337	0.08661	0.00738
V9	0.0538	0.10207	0.2579	0.56385	0.02238
V10	0.34893	0.18313	0.40494	0.03782	0.02518
V11	0.04001	0.10471	0.13836	0.06989	0.64704
V12	0.0753	0.11292	0.233	0.29042	0.28837
V13	0.1226	0.09918	0.06799	0.41536	0.29487
V14	0.1418	0.06707	0.09741	0.60715	0.08657
V15	0.03032	0.05158	0.02754	0.84812	0.04245
V16	0.468	0.12912	0.04188	0.33838	0.02261
V17	0.0728	0.25757	0.0523	0.07468	0.54265
V18	0.0853	0.39273	0.27355	0.22962	0.01881
V19	0.03675	0.07612	0.03571	0.11823	0.73319
V20	0.00928	0.18247	0.58767	0.20452	0.01606
V21	0.02943	0.27841	0.1656	0.17434	0.35222
V22	0.65303	0.1664	0.09434	0.05294	0.03328
V23	0.08009	0.08493	0.05727	0.13895	0.63876
V24	0.40061	0.17409	0.05267	0.07994	0.29269
V25	0.03078	0.0759	0.04609	0.42143	0.4258
V26	0.40857	0.23829	0.09276	0.07958	0.1808
V27	0.12267	0.46094	0.21858	0.04445	0.15335
V28	0.03369	0.13648	0.2131	0.57497	0.04176
V29	0.01236	0.10823	0.31489	0.53727	0.02725
V30	0.60347	0.17292	0.0581	0.07272	0.0928
V31	0.36696	0.17974	0.0438	0.25436	0.15513
V32	0.74194	0.10278	0.0396	0.06174	0.05394
V33	0.03257	0.21759	0.05239	0.12712	0.57033
V34	0.14058	0.73758	0.05188	0.05786	0.01209
V35	0.09847	0.53768	0.2874	0.06762	0.00884
V36	0.03417	0.22683	0.1998	0.10245	0.43675
V37	0.62169	0.09514	0.02964	0.06045	0.19308
V38	0.10132	0.16895	0.42557	0.19312	0.11104
V39	0.26312	0.16517	0.31803	0.0452	0.20848
V40	0.22336	0.5315	0.05633	0.14871	0.0401
V41	0.07191	0.74342	0.05942	0.04947	0.07578
V42	0.69232	0.12928	0.05151	0.06343	0.06346
V43	0.37019	0.22535	0.32423	0.06374	0.01649
V44	0.03812	0.34095	0.50211	0.0353	0.08351
V45	0.05292	0.57997	0.13902	0.18194	0.04615
V46	0.12783	0.65606	0.11607	0.0761	0.02393
V47	0.00904	0.22612	0.7217	0.0315	0.01164
V48	0.14477	0.19188	0.23126	0.32187	0.11022
V49	0.36848	0.21517	0.23117	0.16524	0.01995
V50	0.02423	0.23287	0.70554	0.0311	0.00626
V51	0.10012	0.29429	0.22286	0.0855	0.29722
V52	0.07891	0.79524	0.05533	0.05872	0.0118
V53	0.0363	0.16348	0.03781	0.73224	0.03017
V54	0.1935	0.05809	0.04077	0.54075	0.16689
V55	0.07398	0.04037	0.02634	0.82463	0.03468
V56	0.07197	0.03749	0.03365	0.74155	0.11534
V57	0.1266	0.24566	0.48438	0.05456	0.0888
V58	0.07036	0.0863	0.16679	0.20487	0.47168
V59	0.66833	0.13089	0.11326	0.06475	0.02277
V60	0.35762	0.24137	0.14905	0.15455	0.09741
V61	0.18128	0.07865	0.06036	0.23373	0.44597
V62	0.0572	0.14088	0.305	0.13886	0.35806
V63	0.34991	0.27598	0.09528	0.07329	0.20554
V64	0.74156	0.1173	0.05422	0.0607	0.02622
V65	0.08428	0.11229	0.06767	0.60297	0.13279
V66	0.0322	0.07125	0.15178	0.71035	0.03442
V67	0.01552	0.14048	0.33888	0.10272	0.40241
V68	0.35013	0.15767	0.35635	0.07005	0.0658
V69	0.46542	0.20413	0.20942	0.06311	0.05792
V70	0.07676	0.60676	0.08689	0.20238	0.02721
V71	0.11101	0.67097	0.09028	0.10946	0.01828
V72	0.05157	0.37975	0.06415	0.06162	0.44291
V73	0.05928	0.07144	0.12646	0.55296	0.18986
V74	0.02187	0.08247	0.03582	0.77162	0.08822
V75	0.3695	0.2587	0.2975	0.05256	0.02174
V76	0.01931	0.04189	0.04409	0.81897	0.07574
V77	0.02269	0.21729	0.6918	0.06143	0.00679
V78	0.00935	0.2284	0.71331	0.03734	0.01161
V79	0.08652	0.37501	0.07789	0.16747	0.2931
V80	0.13945	0.63675	0.0443	0.09693	0.08257
V81	0.01624	0.2262	0.71992	0.03131	0.00633
V82	0.21034	0.17426	0.05939	0.52544	0.03057
V83	0.09518	0.11078	0.05129	0.54077	0.20199
V84	0.09822	0.19404	0.04243	0.07724	0.58807
V85	0.0091	0.22586	0.72091	0.03762	0.00651
V86	0.03192	0.27429	0.30379	0.3678	0.0222
V87	0.37826	0.08465	0.07015	0.43164	0.0353
V88	0.27452	0.19696	0.08531	0.21679	0.22643
V89	0.04172	0.2538	0.63597	0.06166	0.00685
V90	0.02984	0.21046	0.09546	0.12256	0.54168
V91	0.01719	0.05626	0.1027	0.7921	0.03175
V92	0.22097	0.10763	0.06217	0.08166	0.52757
V93	0.01866	0.13947	0.18289	0.49517	0.16381
V94	0.047	0.18979	0.05742	0.26015	0.44563
V95	0.07062	0.24197	0.05949	0.12943	0.4985
V96	0.63758	0.10847	0.05628	0.07513	0.12252
V97	0.15338	0.0997	0.0794	0.13618	0.53134
V98	0.06033	0.36523	0.2106	0.14751	0.21633
V99	0.43528	0.17047	0.0361	0.24822	0.10992
V100	0.44988	0.20794	0.08299	0.09369	0.1655
V101	0.08681	0.78028	0.06347	0.05796	0.01148
V102	0.26988	0.26808	0.16255	0.13571	0.16378
V103	0.12912	0.06647	0.0413	0.07755	0.68555
V104	0.05795	0.39153	0.12497	0.06261	0.36293
V105	0.02445	0.08412	0.07943	0.11133	0.70067
V106	0.06749	0.65093	0.19625	0.04996	0.03537
V107	0.04849	0.30516	0.56349	0.07034	0.01251
V108	0.02393	0.29636	0.64176	0.03169	0.00626
V109	0.06549	0.22775	0.09104	0.29325	0.32246
V110	0.16598	0.4518	0.21379	0.14466	0.02377
V111	0.22703	0.29822	0.42404	0.04188	0.00883
V112	0.16007	0.07514	0.13185	0.45572	0.17722
V113	0.21283	0.09391	0.13512	0.17266	0.38548
V114	0.46911	0.14387	0.07948	0.20182	0.10572
V115	0.70041	0.09802	0.03734	0.0659	0.09832
V116	0.02817	0.07197	0.0378	0.08836	0.77371
V117	0.0447	0.2064	0.63314	0.09259	0.02316
V118	0.04709	0.03874	0.02676	0.83846	0.04895
V119	0.25169	0.15345	0.34993	0.23073	0.0142
V120	0.01557	0.19991	0.64195	0.11336	0.02921
V121	0.20548	0.62578	0.04486	0.0571	0.06679
V122	0.04514	0.36195	0.12199	0.25981	0.21111
V123	0.40704	0.12138	0.10321	0.21263	0.15574
V124	0.19479	0.15857	0.09467	0.24096	0.31102
V125	0.04822	0.43416	0.46381	0.04118	0.01263
V126	0.1405	0.23739	0.23613	0.13617	0.24981
V127	0.20622	0.18447	0.52042	0.07503	0.01386
V128	0.21542	0.65448	0.05569	0.04904	0.02538
V129	0.22027	0.14606	0.26804	0.1832	0.18243
V130	0.04445	0.44905	0.0804	0.26161	0.16449
V131	0.02185	0.0925	0.23449	0.62675	0.02441
V132	0.31263	0.07891	0.02672	0.35419	0.22755
V133	0.01302	0.19344	0.49274	0.10015	0.20065
V134	0.0606	0.2095	0.61883	0.05026	0.06081
V135	0.02729	0.2453	0.59547	0.052	0.07994
V136	0.76129	0.10597	0.04146	0.0637	0.02758
V137	0.71325	0.12135	0.0386	0.08439	0.04241
V138	0.22409	0.18913	0.11217	0.16222	0.31239
V139	0.10921	0.07686	0.17261	0.61033	0.03099
V140	0.0365	0.09582	0.18878	0.0663	0.6126
V141	0.02576	0.3003	0.54871	0.11167	0.01357
V142	0.17664	0.13111	0.31866	0.1438	0.2298
V143	0.02649	0.27051	0.44254	0.14998	0.11048
V144	0.42312	0.24381	0.09953	0.1557	0.07783
V145	0.00914	0.22551	0.70497	0.04343	0.01695
V146	0.04609	0.31676	0.04237	0.34317	0.25161
V147	0.07952	0.21887	0.55636	0.11541	0.02984
V148	0.17017	0.66897	0.05559	0.07966	0.02562
V149	0.02072	0.03793	0.02784	0.84296	0.07054
V150	0.12008	0.28682	0.50139	0.03449	0.05722
V151	0.3689	0.07756	0.04043	0.40512	0.10798
V152	0.02367	0.06032	0.13522	0.69849	0.0823
V153	0.14335	0.26415	0.41611	0.0768	0.09959
V154	0.12869	0.5274	0.06561	0.07464	0.20366
V155	0.04065	0.07165	0.1511	0.70254	0.03405
V156	0.08784	0.15779	0.37493	0.15741	0.22203
V157	0.0884	0.12464	0.19096	0.2796	0.3164
V158	0.16025	0.15345	0.40418	0.07421	0.20791
V159	0.11254	0.21042	0.04542	0.5799	0.05171
V160	0.38562	0.21016	0.12404	0.08544	0.19474
V161	0.19827	0.10108	0.09559	0.06551	0.53956
V162	0.00967	0.23139	0.72091	0.03161	0.00642
V163	0.06302	0.07234	0.0514	0.10421	0.70904
V164	0.72855	0.13672	0.04755	0.06638	0.0208
V165	0.49703	0.24607	0.11285	0.09432	0.04973
V166	0.05391	0.09355	0.24347	0.52887	0.0802
V167	0.05507	0.56255	0.0589	0.17551	0.14798
V168	0.00967	0.23139	0.72091	0.03161	0.00642
V169	0.07005	0.58739	0.20058	0.1189	0.02308
V170	0.22753	0.35619	0.09075	0.2213	0.10423
V171	0.24437	0.18996	0.33468	0.18391	0.04708
V172	0.17259	0.24899	0.10818	0.07272	0.39751
V173	0.18844	0.15039	0.11777	0.39637	0.14704
V174	0.1749	0.13266	0.33371	0.20114	0.15759
V175	0.07875	0.19188	0.15216	0.20084	0.37636
V176	0.31652	0.06878	0.03317	0.55417	0.02736
V177	0.15305	0.18405	0.47456	0.17213	0.01622
V178	0.21834	0.17995	0.40393	0.12969	0.06808
V179	0.10216	0.07951	0.04206	0.07842	0.69786
V180	0.03161	0.14503	0.34461	0.05282	0.42593
V181	0.07475	0.27681	0.03567	0.10665	0.50611
V182	0.47663	0.24017	0.03842	0.19617	0.04862
V183	0.0966	0.78043	0.05408	0.0502	0.01869
V184	0.25334	0.12688	0.28238	0.30372	0.03368
V185	0.11179	0.43398	0.06195	0.18225	0.21003
V186	0.1323	0.20095	0.06334	0.27446	0.32895
V187	0.09632	0.58127	0.04242	0.25712	0.02286
V188	0.65859	0.12142	0.06365	0.13139	0.02495
V189	0.38719	0.24408	0.06851	0.27506	0.02516
V190	0.33827	0.16604	0.22658	0.06114	0.20796
V191	0.20076	0.2191	0.0375	0.42986	0.11277
V192	0.2762	0.22535	0.15192	0.23031	0.11621
V193	0.06666	0.28516	0.46713	0.06939	0.11166
V194	0.23665	0.12677	0.11892	0.14102	0.37664
V195	0.44712	0.23994	0.23994	0.05511	0.01789
V196	0.02314	0.07423	0.0973	0.10237	0.70296
V197	0.0934	0.75364	0.0518	0.08215	0.01901
V198	0.21322	0.23677	0.07109	0.23066	0.24826
V199	0.58207	0.13927	0.21765	0.0463	0.01471
V200	0.61809	0.0962	0.06265	0.07489	0.14816
V201	0.04427	0.04164	0.0505	0.69071	0.17288
V202	0.7317	0.13954	0.03428	0.06777	0.02671
V203	0.4559	0.2645	0.06163	0.10056	0.11741
V204	0.30605	0.14174	0.06928	0.06224	0.42068
V205	0.11109	0.11444	0.14919	0.11509	0.51019
V206	0.05088	0.11047	0.02772	0.75226	0.05868
V207	0.03032	0.05158	0.02754	0.84812	0.04245
V208	0.13482	0.28663	0.4301	0.07535	0.0731
V209	0.14842	0.10602	0.13037	0.08534	0.52985
V210	0.00897	0.22426	0.71771	0.0374	0.01166
V211	0.14204	0.12844	0.22351	0.07726	0.42874
V212	0.07876	0.65404	0.12484	0.08386	0.0585
V213	0.10118	0.06805	0.09532	0.27832	0.45712
V214	0.0389	0.49399	0.39124	0.05045	0.02541
V215	0.22365	0.25404	0.16424	0.11607	0.242
V216	0.05733	0.15533	0.32868	0.07838	0.38028
V217	0.01845	0.03766	0.05214	0.79584	0.09591
V218	0.0724	0.23512	0.28732	0.32463	0.08054
V219	0.11552	0.30211	0.36372	0.20118	0.01747
V220	0.1989	0.62537	0.10496	0.05327	0.0175
V221	0.04532	0.19527	0.45328	0.04892	0.25722
V222	0.03628	0.0725	0.04526	0.09323	0.75272
V223	0.39731	0.14253	0.29167	0.1441	0.02439
V224	0.05848	0.49131	0.06528	0.12632	0.25861
V225	0.56355	0.22158	0.14684	0.04786	0.02016
V226	0.42473	0.46084	0.04118	0.05192	0.02132
V227	0.09653	0.23921	0.03854	0.57392	0.0518
V228	0.44403	0.15131	0.25902	0.1053	0.04034
V229	0.23255	0.38145	0.27175	0.08051	0.03374
V230	0.03612	0.06557	0.04548	0.09423	0.75861
V231	0.07835	0.5259	0.10059	0.2109	0.08426
V232	0.60837	0.13381	0.18883	0.05343	0.01555
V233	0.06325	0.1113	0.17747	0.13153	0.51645
V234	0.03162	0.35206	0.23338	0.3478	0.03513
V235	0.75314	0.1077	0.03422	0.08236	0.02258
V236	0.07	0.17838	0.52788	0.18029	0.04346
V237	0.11258	0.16403	0.26665	0.30377	0.15298
V238	0.02292	0.05917	0.04041	0.3164	0.5611
V239	0.07625	0.37507	0.08643	0.20935	0.25291
V240	0.08954	0.72627	0.05826	0.06492	0.06101
V241	0.07882	0.79673	0.05519	0.05049	0.01877
V242	0.04387	0.32488	0.30021	0.27284	0.05821
V243	0.36852	0.14686	0.30523	0.06755	0.11184
V244	0.044	0.389	0.22117	0.11548	0.23036
V245	0.0738	0.76248	0.07982	0.07272	0.01118
V246	0.51591	0.27599	0.06223	0.05805	0.08782
V247	0.15357	0.23181	0.50826	0.07684	0.02952
V248	0.11065	0.53533	0.06649	0.05997	0.22756
V249	0.21828	0.15766	0.21941	0.12915	0.2755
V250	0.02582	0.19671	0.54886	0.0627	0.16591
V251	0.188	0.08883	0.11337	0.54706	0.06274
V252	0.03003	0.23182	0.48351	0.15333	0.1013
V253	0.27561	0.49081	0.12071	0.08834	0.02453
V254	0.4573	0.34805	0.03562	0.1301	0.02894
V255	0.65866	0.15122	0.03129	0.07698	0.08185
V256	0.0633	0.66473	0.06352	0.05783	0.15062
V257	0.37214	0.30924	0.16618	0.07893	0.0735
V258	0.15422	0.29255	0.08089	0.44484	0.0275
V259	0.43221	0.29521	0.19272	0.05056	0.0293
V260	0.23358	0.11702	0.13539	0.12478	0.38922
V261	0.02621	0.16131	0.45042	0.2627	0.09936
V262	0.70268	0.12476	0.07957	0.06853	0.02446
V263	0.63286	0.14998	0.0439	0.15325	0.02002
V264	0.09233	0.74548	0.06036	0.08987	0.01196
V265	0.6405	0.16605	0.10062	0.07027	0.02255
V266	0.03075	0.08017	0.12216	0.08969	0.67722
V267	0.06132	0.06476	0.04039	0.20246	0.63107
V268	0.18436	0.39016	0.16902	0.20442	0.05204
V269	0.08563	0.33389	0.34561	0.19933	0.03554
V270	0.05356	0.04712	0.05897	0.80745	0.03291
V271	0.23085	0.60616	0.05259	0.07148	0.03891
V272	0.12418	0.69334	0.07394	0.06293	0.04562
V273	0.24309	0.11061	0.18842	0.31884	0.13904
V274	0.09675	0.09891	0.0716	0.23156	0.50118
V275	0.0617	0.59491	0.19251	0.1275	0.02338
V276	0.01672	0.1834	0.56563	0.20717	0.02708
V277	0.2703	0.18032	0.47916	0.0411	0.02912
V278	0.01399	0.13978	0.32416	0.41235	0.10972
V279	0.1354	0.05028	0.04074	0.70325	0.07033
V280	0.17387	0.07434	0.0645	0.5857	0.10159
V281	0.03709	0.21035	0.07196	0.64762	0.03298
V282	0.0878	0.78838	0.05465	0.05039	0.01879
V283	0.31242	0.10409	0.13951	0.07775	0.36623
V284	0.03157	0.2401	0.47636	0.04037	0.2116
V285	0.45586	0.40384	0.03836	0.07988	0.02207
V286	0.06674	0.21748	0.64295	0.06085	0.01199
V287	0.21086	0.14303	0.1842	0.2919	0.17001
V288	0.15771	0.18618	0.51636	0.04164	0.0981
V289	0.14896	0.21357	0.05333	0.55335	0.03079
V290	0.36928	0.41029	0.163	0.045	0.01243
V291	0.3522	0.21221	0.03729	0.37034	0.02797
V292	0.10496	0.16362	0.37994	0.07158	0.2799
V293	0.01311	0.25941	0.64113	0.06886	0.01749
V294	0.02726	0.0735	0.04654	0.08668	0.76601
V295	0.02116	0.12996	0.3128	0.45969	0.07638
V296	0.6835	0.17076	0.03317	0.0709	0.04168
V297	0.02344	0.19779	0.61564	0.12787	0.03527
V298	0.25829	0.05999	0.03287	0.53492	0.11393
V299	0.23399	0.05083	0.04018	0.64577	0.02924
V300	0.76185	0.10967	0.03506	0.07071	0.02271
V301	0.7438	0.10233	0.03977	0.0869	0.02721
V302	0.02164	0.05372	0.0385	0.43304	0.45311
V303	0.10344	0.22488	0.22906	0.19502	0.2476
V304	0.1436	0.2144	0.58169	0.03795	0.02236
V305	0.19501	0.31327	0.1251	0.1421	0.22453
V306	0.31436	0.55095	0.04317	0.06501	0.02651
V307	0.19247	0.11537	0.26035	0.41252	0.01929
V308	0.17711	0.18886	0.52601	0.09397	0.01406
V309	0.52367	0.14101	0.07839	0.15461	0.10232
V310	0.04441	0.08133	0.04221	0.15453	0.67753
V311	0.02641	0.04093	0.06861	0.82377	0.04027
V312	0.08793	0.28695	0.26572	0.04884	0.31056
V313	0.07147	0.27897	0.04923	0.3413	0.25902
V314	0.08546	0.06256	0.03632	0.40018	0.41548
V315	0.74444	0.10471	0.04662	0.06139	0.04284
V316	0.11249	0.48971	0.26967	0.06827	0.05986
V317	0.29008	0.21558	0.42753	0.0422	0.02461
V318	0.71943	0.10045	0.03826	0.06052	0.08135
V319	0.08369	0.23322	0.63336	0.04294	0.00679
V320	0.08154	0.0362	0.03382	0.8081	0.04033
V321	0.12317	0.33592	0.30212	0.20857	0.03023
V322	0.02107	0.31943	0.50568	0.07496	0.07887
V323	0.20323	0.28171	0.39227	0.05645	0.06633
V324	0.04587	0.07683	0.06776	0.77188	0.03765
V325	0.50378	0.17256	0.10922	0.15095	0.06349
V326	0.05801	0.08294	0.09131	0.17641	0.59132
V327	0.29578	0.4343	0.1423	0.06586	0.06175
V328	0.05434	0.27974	0.18605	0.44794	0.03193
V329	0.01377	0.15247	0.35772	0.45183	0.02422
V330	0.0667	0.2197	0.64486	0.03121	0.03753
V331	0.13056	0.10149	0.12227	0.13273	0.51295
V332	0.34737	0.19022	0.38759	0.04394	0.03089
V333	0.31761	0.14924	0.28858	0.1721	0.07247
V334	0.04549	0.32948	0.48729	0.10107	0.03668
V335	0.56777	0.14544	0.10693	0.0824	0.09746
V336	0.15626	0.50156	0.28196	0.03964	0.02057
V337	0.02396	0.06647	0.05099	0.20629	0.65229
V338	0.55298	0.13424	0.16472	0.06588	0.08218
V339	0.1956	0.47522	0.21377	0.0423	0.07312
V340	0.04471	0.20833	0.14702	0.10025	0.4997
V341	0.03427	0.4526	0.42096	0.04283	0.04934
V342	0.22932	0.2401	0.39184	0.1277	0.01104
V343	0.5145	0.14785	0.26957	0.05464	0.01345
V344	0.11796	0.64341	0.08814	0.06997	0.08052
V345	0.20301	0.09841	0.03577	0.30913	0.35368
V346	0.04267	0.31817	0.31498	0.28564	0.03854
V347	0.09215	0.44257	0.0617	0.35124	0.05235
V348	0.02438	0.22714	0.41007	0.2303	0.10811
V349	0.06322	0.34362	0.47287	0.04831	0.07197
V350	0.11247	0.37761	0.11993	0.26035	0.12965
V351	0.14293	0.15974	0.38294	0.28883	0.02556
V352	0.10714	0.48174	0.35356	0.04389	0.01366
V353	0.23767	0.31872	0.07414	0.09164	0.27784
V354	0.41903	0.17021	0.35972	0.03969	0.01135
V355	0.07768	0.12641	0.3149	0.45628	0.02473
V356	0.07441	0.21598	0.63344	0.04885	0.02732
V357	0.04416	0.18329	0.46068	0.06174	0.25012
V358	0.03706	0.06685	0.05986	0.79724	0.039
V359	0.06006	0.11968	0.03594	0.75337	0.03096
V360	0.55047	0.13676	0.11311	0.1814	0.01827
V361	0.30624	0.43308	0.12585	0.04649	0.08834
V362	0.63361	0.11865	0.1194	0.05146	0.07688
V363	0.04384	0.0857	0.04127	0.19462	0.63457
V364	0.05068	0.26613	0.05681	0.45529	0.17109
V365	0.0201	0.0395	0.0361	0.84775	0.05655
V366	0.16159	0.19753	0.49149	0.08506	0.06433
V367	0.19817	0.25598	0.22354	0.18676	0.13555
V368	0.58073	0.1723	0.14411	0.06061	0.04224
V369	0.05599	0.55307	0.26642	0.1148	0.00973
V370	0.03191	0.19053	0.15149	0.36557	0.2605
V371	0.08316	0.75994	0.09853	0.04784	0.01054
V372	0.50413	0.15885	0.15998	0.14484	0.0322
V373	0.12337	0.55437	0.17044	0.13425	0.01758
V374	0.08697	0.15603	0.34779	0.39214	0.01707
V375	0.22484	0.18369	0.48661	0.095	0.00986
V376	0.0216	0.14247	0.39152	0.05694	0.38746
V377	0.09232	0.44476	0.23456	0.20967	0.01869
V378	0.13446	0.48769	0.20995	0.04379	0.12411
V379	0.0377	0.08982	0.14512	0.12333	0.60403
V380	0.02546	0.1212	0.19093	0.4763	0.18611
V381	0.14948	0.10788	0.04047	0.07277	0.62941
V382	0.36318	0.06549	0.03368	0.31538	0.22227
V383	0.03719	0.10305	0.26669	0.57066	0.02241
V384	0.24181	0.12528	0.17901	0.39689	0.05702
V385	0.0956	0.14311	0.04225	0.07305	0.64598
V386	0.5314	0.08776	0.03404	0.32337	0.02343
V387	0.23774	0.06949	0.03307	0.61247	0.04724
V388	0.07696	0.70867	0.08407	0.11186	0.01844
V389	0.14009	0.65811	0.06278	0.07904	0.05997
V390	0.16431	0.05167	0.03284	0.64681	0.10437
V391	0.58692	0.19536	0.03106	0.12153	0.06513
V392	0.74357	0.12538	0.04118	0.06822	0.02164
V393	0.0948	0.09842	0.16861	0.49782	0.14035
V394	0.5716	0.09877	0.05488	0.19026	0.0845
V395	0.01233	0.12257	0.34705	0.49236	0.02569
V396	0.40567	0.17629	0.36272	0.03937	0.01595
V397	0.54571	0.1889	0.06532	0.15347	0.0466
V398	0.06468	0.07796	0.18415	0.58972	0.0835
V399	0.0518	0.07839	0.03093	0.30447	0.53441
V400	0.15938	0.46072	0.18911	0.17815	0.01263
V401	0.23573	0.18441	0.50742	0.06332	0.00911
V402	0.28347	0.17372	0.38702	0.09526	0.06054
V403	0.15013	0.1222	0.03088	0.18167	0.51513
V404	0.01285	0.1721	0.4314	0.33924	0.04441
V405	0.3027	0.26458	0.1027	0.24108	0.08894
V406	0.02395	0.23013	0.69849	0.03086	0.01657
V407	0.68995	0.13123	0.06537	0.0939	0.01956
V408	0.04819	0.3443	0.04338	0.28819	0.27593
V409	0.1056	0.06222	0.09006	0.6397	0.10241
V410	0.11425	0.21898	0.31886	0.08032	0.26759
V411	0.02791	0.07136	0.03743	0.09652	0.76678
V412	0.03464	0.1966	0.1649	0.07709	0.52679
V413	0.03562	0.26401	0.17988	0.36576	0.15473
V414	0.05154	0.11377	0.02909	0.48066	0.32494
V415	0.16517	0.06738	0.04015	0.07518	0.65212
V416	0.11069	0.13338	0.05561	0.18949	0.51082
V417	0.01656	0.19535	0.61218	0.12913	0.04679
V418	0.47688	0.36098	0.05865	0.06445	0.03904
V419	0.23035	0.08836	0.05243	0.16642	0.46244
V420	0.21149	0.08982	0.13533	0.09724	0.46612
V421	0.02034	0.09506	0.16428	0.09953	0.62078
V422	0.02646	0.06004	0.07654	0.6875	0.14946
V423	0.23892	0.24431	0.28185	0.20419	0.03074
V424	0.01316	0.16311	0.45299	0.04634	0.3244
V425	0.31691	0.35202	0.03514	0.063	0.23294
V426	0.21519	0.1915	0.05215	0.45791	0.08325
V427	0.2026	0.54592	0.19272	0.04277	0.01599
V428	0.10832	0.5601	0.11889	0.13181	0.08088
V429	0.14179	0.66631	0.04615	0.11251	0.03325
V430	0.03636	0.14935	0.3844	0.19066	0.23923
V431	0.11225	0.35209	0.22173	0.26127	0.05267
V432	0.25876	0.13474	0.14782	0.33948	0.1192
V433	0.15511	0.16281	0.44135	0.21221	0.02853
V434	0.2028	0.32169	0.35693	0.05114	0.06744
V435	0.41045	0.17822	0.32446	0.06985	0.01702
V436	0.07606	0.52307	0.14553	0.0931	0.16225
V437	0.18214	0.08652	0.0608	0.20901	0.46153
V438	0.12696	0.30662	0.21905	0.28723	0.06014
V439	0.49199	0.08337	0.076	0.31558	0.03306
V440	0.03342	0.37747	0.5006	0.04708	0.04142
V441	0.04646	0.4862	0.38939	0.06423	0.01371
V442	0.08757	0.78675	0.0641	0.05008	0.0115
V443	0.73835	0.10124	0.03932	0.09906	0.02203
V444	0.15328	0.38043	0.06706	0.35414	0.04508
V445	0.0752	0.36018	0.07609	0.45465	0.03388
V446	0.10629	0.09429	0.12522	0.53879	0.13541
V447	0.07435	0.05494	0.04365	0.46745	0.35961
V448	0.16373	0.07617	0.05547	0.08714	0.61748
V449	0.00967	0.23139	0.72091	0.03161	0.00642
V450	0.17935	0.17707	0.2566	0.15643	0.23055
V451	0.24419	0.21399	0.0935	0.34812	0.1002
V452	0.02291	0.07855	0.17736	0.6622	0.05899
V453	0.03074	0.05662	0.02916	0.48298	0.4005
V454	0.01742	0.18989	0.57359	0.05586	0.16323
V455	0.06745	0.27643	0.29171	0.08213	0.28229
V456	0.73762	0.10553	0.03278	0.08059	0.04349
V457	0.54718	0.23516	0.06762	0.10446	0.04557
V458	0.03454	0.37796	0.4689	0.08191	0.0367
V459	0.13029	0.10868	0.08393	0.4783	0.1988
V460	0.5136	0.15239	0.20267	0.10095	0.03039
V461	0.17136	0.3253	0.26011	0.05796	0.18527
V462	0.05893	0.10897	0.0444	0.51266	0.27505
V463	0.19393	0.09525	0.04144	0.63529	0.03409
V464	0.13298	0.28332	0.52602	0.04515	0.01253
V465	0.05683	0.14371	0.05135	0.09042	0.65769
V466	0.04441	0.05872	0.03409	0.16738	0.6954
V467	0.06714	0.23708	0.05517	0.54596	0.09465
V468	0.46654	0.31069	0.13961	0.04689	0.03627
V469	0.03412	0.31385	0.09424	0.30095	0.25685
V470	0.65461	0.13739	0.05755	0.12554	0.02491
V471	0.34671	0.28729	0.06293	0.17924	0.12382
V472	0.02574	0.10043	0.08035	0.07856	0.71493
V473	0.0402	0.25157	0.25714	0.31003	0.14107
V474	0.2552	0.16578	0.09073	0.43473	0.05357
V475	0.1295	0.19089	0.49757	0.06145	0.1206
V476	0.14225	0.09509	0.12341	0.56912	0.07014
V477	0.07875	0.7947	0.06482	0.05027	0.01147
V478	0.17486	0.07417	0.03988	0.07423	0.63687
V479	0.65358	0.139	0.06443	0.11848	0.02451
V480	0.1468	0.55823	0.10031	0.15549	0.03917
V481	0.22593	0.3441	0.09871	0.21253	0.11873
V482	0.12329	0.58293	0.23133	0.04116	0.02129
V483	0.30161	0.45757	0.03785	0.14887	0.05411
V484	0.20764	0.44999	0.1534	0.16368	0.02529
V485	0.51613	0.15992	0.13739	0.15366	0.0329
V486	0.06939	0.17865	0.3042	0.05173	0.39603
V487	0.11546	0.21474	0.37393	0.27644	0.01943
V488	0.35888	0.11529	0.02731	0.35481	0.14373
V489	0.01888	0.30889	0.56228	0.09142	0.01854
V490	0.01666	0.19056	0.59428	0.1832	0.0153
V491	0.05188	0.42419	0.08935	0.14237	0.2922
V492	0.04215	0.14873	0.06148	0.69881	0.04883
V493	0.02876	0.03251	0.0357	0.8602	0.04284
V494	0.28306	0.0587	0.04757	0.52636	0.08431
V495	0.27506	0.25597	0.2251	0.18754	0.05633
V496	0.13473	0.1043	0.08988	0.06813	0.60296
V497	0.10006	0.11897	0.17509	0.14364	0.46224
V498	0.09955	0.73602	0.07716	0.05556	0.0317
V499	0.05053	0.27188	0.27647	0.09922	0.3019
V500	0.11444	0.43179	0.14774	0.24502	0.06102
V501	0.08566	0.31513	0.05295	0.07105	0.47521
V502	0.14925	0.67124	0.09061	0.0775	0.01141
V503	0.35625	0.1274	0.2155	0.16484	0.13602
V504	0.42328	0.22649	0.03911	0.06458	0.24653
V505	0.51544	0.09137	0.05603	0.13273	0.20443
V506	0.04587	0.47471	0.10994	0.06091	0.30857
V507	0.65907	0.09849	0.06251	0.1384	0.04153
V508	0.04707	0.5549	0.25156	0.07794	0.06853
V509	0.06549	0.41673	0.17612	0.22239	0.11927
V510	0.36831	0.43619	0.08523	0.09021	0.02006
V511	0.06375	0.34851	0.46596	0.06763	0.05415
V512	0.14744	0.42529	0.20682	0.08732	0.13314
V513	0.17603	0.57747	0.11892	0.09022	0.03736
V514	0.02549	0.10801	0.24736	0.09035	0.52879
V515	0.07995	0.13346	0.02811	0.72792	0.03055
V516	0.15281	0.3328	0.14171	0.34266	0.03002
V517	0.02752	0.07096	0.07701	0.78621	0.0383
V518	0.32007	0.14511	0.3013	0.19727	0.03625
V519	0.62741	0.13525	0.03647	0.1748	0.02608
V520	0.09804	0.71826	0.06703	0.10467	0.01199
V521	0.18146	0.07843	0.15326	0.55688	0.02997
V522	0.04883	0.27859	0.49261	0.14243	0.03753
V523	0.11533	0.22224	0.5819	0.06789	0.01263
V524	0.25265	0.19377	0.46676	0.03603	0.0508
V525	0.03253	0.22289	0.07067	0.07703	0.59688
V526	0.03814	0.22654	0.65895	0.04898	0.02739
V527	0.08526	0.44685	0.39319	0.04962	0.02508
V528	0.14268	0.0454	0.04848	0.73271	0.03073
V529	0.15851	0.21317	0.57279	0.03819	0.01733
V530	0.02329	0.22058	0.66603	0.06757	0.02254
V531	0.17614	0.46576	0.13091	0.06223	0.16496
V532	0.06866	0.30011	0.30859	0.04636	0.27629
V533	0.25749	0.07568	0.03096	0.07159	0.56427
V534	0.12231	0.09286	0.02657	0.70818	0.05008
V535	0.65475	0.18686	0.0816	0.05376	0.02303
V536	0.11299	0.25726	0.36664	0.06867	0.19445
V537	0.03635	0.08834	0.05372	0.08195	0.73964
V538	0.5235	0.16575	0.03706	0.084	0.18969
V539	0.02281	0.26312	0.54764	0.11274	0.05369
V540	0.16401	0.43048	0.12986	0.09291	0.18274
V541	0.05133	0.37963	0.06378	0.08433	0.42093
V542	0.04976	0.31331	0.14471	0.42566	0.06657
V543	0.05893	0.24339	0.55699	0.07121	0.06948
V544	0.28925	0.24044	0.20146	0.10258	0.16627
V545	0.54099	0.33813	0.04447	0.05959	0.01682
V546	0.08943	0.66578	0.13473	0.05244	0.05762
V547	0.11224	0.66167	0.04564	0.14649	0.03396
V548	0.02231	0.08152	0.0363	0.81921	0.04066
V549	0.02316	0.06718	0.05905	0.22133	0.62928
V550	0.06641	0.71624	0.14856	0.05248	0.01631
V551	0.02974	0.03062	0.02776	0.87485	0.03703
V552	0.21063	0.08379	0.05388	0.09872	0.55298
V553	0.6157	0.10127	0.04814	0.18093	0.05396
V554	0.09195	0.17825	0.42648	0.27863	0.02469
V555	0.07617	0.77885	0.06273	0.04959	0.03266
V556	0.08124	0.09219	0.08333	0.67505	0.0682
V557	0.27505	0.24321	0.0693	0.35362	0.05882
V558	0.01685	0.20245	0.61451	0.14146	0.02474
V559	0.09688	0.41234	0.41851	0.04199	0.03028
V560	0.50808	0.27262	0.15843	0.04671	0.01415
V561	0.55433	0.11546	0.15661	0.0611	0.1125
V562	0.11935	0.13622	0.18319	0.13302	0.42821
V563	0.19154	0.28743	0.22536	0.14005	0.15563
V564	0.29839	0.09455	0.08842	0.34605	0.17259
V565	0.02573	0.07242	0.05374	0.11714	0.73096
V566	0.26361	0.17098	0.05957	0.33719	0.16865
V567	0.02314	0.22331	0.71119	0.03099	0.01138
V568	0.03635	0.27443	0.39647	0.27942	0.01334
V569	0.49793	0.17047	0.13146	0.1555	0.04464
V570	0.11586	0.12827	0.27706	0.41007	0.06874
V571	0.21768	0.11523	0.23938	0.31963	0.10808
V572	0.68098	0.09996	0.03045	0.06616	0.12246
V573	0.07293	0.16602	0.32409	0.3436	0.09336
V574	0.43604	0.29177	0.10867	0.13075	0.03276
V575	0.3138	0.11853	0.14763	0.09712	0.32291
V576	0.07226	0.74984	0.05973	0.05699	0.06117
V577	0.36937	0.43483	0.07724	0.09814	0.02043
V578	0.03202	0.2503	0.45911	0.21239	0.04618
V579	0.03775	0.46884	0.34037	0.06051	0.09253
V580	0.20935	0.46161	0.0536	0.23949	0.03595
V581	0.0599	0.44496	0.37292	0.1075	0.01473
V582	0.01089	0.24198	0.70329	0.03748	0.00636
V583	0.45272	0.16001	0.31018	0.06447	0.01262
V584	0.21068	0.44999	0.14562	0.0746	0.1191
V585	0.06955	0.65446	0.11606	0.10067	0.05925
V586	0.05925	0.6594	0.21472	0.05755	0.00908
V587	0.07772	0.59532	0.05189	0.07617	0.1989
V588	0.19768	0.39514	0.35555	0.0375	0.01412
V589	0.10272	0.35674	0.08395	0.41696	0.03963
V590	0.07501	0.67629	0.04645	0.05878	0.14346
V591	0.40975	0.43658	0.07803	0.05555	0.02009
V592	0.02329	0.19364	0.6146	0.059	0.10946
V593	0.35498	0.06677	0.03296	0.48199	0.0633
V594	0.01458	0.24841	0.54669	0.14748	0.04283
V595	0.42527	0.11518	0.09369	0.31571	0.05015
V596	0.36591	0.24009	0.21771	0.14542	0.03087
V597	0.04131	0.20635	0.0429	0.16069	0.54874
V598	0.49793	0.08873	0.0363	0.06284	0.3142
V599	0.08139	0.35959	0.12784	0.38644	0.04474
V600	0.23144	0.11108	0.19628	0.35754	0.10365
V601	0.13574	0.12563	0.03562	0.47785	0.22516
V602	0.67442	0.20644	0.03507	0.06444	0.01964
V603	0.13189	0.1744	0.06411	0.17609	0.45351
V604	0.02451	0.19461	0.5799	0.112	0.08899
V605	0.03944	0.1361	0.1628	0.11828	0.54337
V606	0.68021	0.09448	0.03034	0.06655	0.12842
V607	0.16	0.15467	0.0564	0.07485	0.55409
V608	0.59967	0.11122	0.06245	0.1263	0.10036
V609	0.17622	0.28263	0.0475	0.41093	0.08273
V610	0.10266	0.55183	0.04948	0.27304	0.02299
V611	0.20418	0.19791	0.50027	0.05242	0.04522
V612	0.29965	0.16844	0.29977	0.057	0.17514
V613	0.36989	0.46039	0.07897	0.07663	0.01413
V614	0.45536	0.10587	0.04989	0.12227	0.26662
V615	0.01959	0.13866	0.15659	0.54195	0.14321
V616	0.50842	0.11679	0.16527	0.1655	0.04402
V617	0.1799	0.19946	0.40993	0.11062	0.10009
V618	0.57691	0.16797	0.09374	0.06392	0.09746
V619	0.43601	0.14353	0.17298	0.0564	0.19109
V620	0.04458	0.13446	0.33227	0.46398	0.02472
V621	0.12819	0.27425	0.30257	0.04559	0.2494
V622	0.03075	0.27056	0.35024	0.05306	0.29538
V623	0.07274	0.04612	0.03397	0.67402	0.17316
V624	0.71462	0.09891	0.03769	0.07854	0.07024
V625	0.01904	0.10329	0.12037	0.72205	0.03525
V626	0.06497	0.17473	0.47178	0.25917	0.02934
V627	0.1084	0.20405	0.15227	0.0812	0.45409
V628	0.73891	0.11285	0.04005	0.08643	0.02176
V629	0.10517	0.3116	0.5189	0.05176	0.01258
V630	0.03193	0.20547	0.06164	0.0868	0.61415
V631	0.01705	0.12546	0.28963	0.06529	0.50259
V632	0.07304	0.66285	0.0542	0.08174	0.12817
V633	0.06024	0.07083	0.11887	0.50524	0.24481
V634	0.35059	0.4076	0.17912	0.05055	0.01214
V635	0.04825	0.17925	0.21461	0.07309	0.48479
V636	0.16923	0.23565	0.30605	0.19382	0.09525
V637	0.17154	0.15334	0.37094	0.23114	0.07304
V638	0.09141	0.42024	0.0625	0.12668	0.29917
V639	0.44975	0.36942	0.11323	0.04796	0.01964
V640	0.11016	0.21314	0.11571	0.25175	0.30924
V641	0.11546	0.60495	0.06854	0.17717	0.03389
V642	0.58544	0.11156	0.03511	0.24587	0.02203
V643	0.07722	0.72148	0.12163	0.06939	0.01029
V644	0.05829	0.37309	0.05979	0.4607	0.04814
V645	0.1748	0.62386	0.06166	0.1265	0.01319
V646	0.14082	0.45762	0.06999	0.26087	0.0707
V647	0.72831	0.09996	0.03869	0.11111	0.02193
V648	0.38067	0.14785	0.03539	0.29452	0.14156
V649	0.23993	0.15304	0.11108	0.1476	0.34834
V650	0.03437	0.04565	0.08468	0.80296	0.03234
V651	0.13998	0.19763	0.0294	0.60633	0.02667
V652	0.30711	0.07016	0.06262	0.52254	0.03758
V653	0.29119	0.08064	0.07881	0.49377	0.0556
V654	0.04748	0.12399	0.03434	0.12655	0.66763
V655	0.13321	0.15218	0.29094	0.39982	0.02385
V656	0.11883	0.0731	0.03147	0.15589	0.62071
V657	0.0522	0.42429	0.07039	0.34861	0.10451
V658	0.03713	0.07304	0.06001	0.59546	0.23435
V659	0.02603	0.07145	0.10202	0.72355	0.07695
V660	0.07583	0.32485	0.06144	0.09341	0.44447
V661	0.06434	0.55855	0.05838	0.21704	0.10169
V662	0.05316	0.40538	0.06462	0.05997	0.41686
V663	0.76464	0.10664	0.04199	0.06426	0.02247
V664	0.03334	0.07354	0.1476	0.39326	0.35226
V665	0.0463	0.54483	0.25059	0.11626	0.04203
V666	0.11708	0.7224	0.09486	0.05488	0.01078
V667	0.0488	0.48363	0.2904	0.12905	0.04811
V668	0.52217	0.2582	0.0834	0.10304	0.03319
V669	0.40689	0.30054	0.0632	0.13021	0.09916
V670	0.10957	0.54596	0.09265	0.08001	0.17181
V671	0.57402	0.13215	0.19749	0.07613	0.0202
V672	0.09352	0.12849	0.12193	0.31489	0.34117
V673	0.02652	0.07987	0.03487	0.16758	0.69117
V674	0.27704	0.22648	0.42459	0.0366	0.03529
V675	0.5494	0.09498	0.06931	0.1833	0.10302
V676	0.20188	0.22638	0.43223	0.03793	0.10158
V677	0.05184	0.28139	0.23879	0.36552	0.06247
V678	0.06576	0.30654	0.05298	0.08788	0.48683
V679	0.0193	0.14645	0.41022	0.40159	0.02244
V680	0.159	0.06379	0.05077	0.36308	0.36336
V681	0.43029	0.10341	0.07056	0.30623	0.08951
V682	0.00967	0.23139	0.72091	0.03161	0.00642
V683	0.06351	0.284	0.53674	0.03448	0.08127
V684	0.06436	0.04159	0.03438	0.82539	0.03428
V685	0.01642	0.21447	0.6497	0.10638	0.01304
V686	0.27057	0.52307	0.11477	0.06731	0.02429
V687	0.01039	0.1643	0.49789	0.30259	0.02483
V688	0.00929	0.22697	0.70963	0.03722	0.01688
V689	0.39196	0.15401	0.20635	0.13439	0.11329
V690	0.12708	0.71549	0.06717	0.07187	0.01839
V691	0.13305	0.15215	0.07588	0.58762	0.05131
V692	0.07302	0.0598	0.04185	0.72541	0.09992
V693	0.03537	0.46183	0.42636	0.06303	0.01342
V694	0.09074	0.19489	0.06993	0.56521	0.07923
V695	0.12332	0.18093	0.17604	0.07249	0.44723
V696	0.09776	0.19495	0.59041	0.03919	0.07769
V697	0.0938	0.19241	0.30864	0.31222	0.09294
V698	0.02795	0.11248	0.20625	0.07187	0.58145
V699	0.04406	0.06267	0.07604	0.62986	0.18736
V700	0.08257	0.68623	0.1276	0.04551	0.05809
V701	0.03247	0.20388	0.05322	0.08011	0.63031
V702	0.03339	0.13002	0.0365	0.65598	0.14411
V703	0.02807	0.05043	0.05201	0.82866	0.04083
V704	0.04821	0.18021	0.37754	0.06109	0.33295
V705	0.73792	0.11142	0.03304	0.07428	0.04334
V706	0.13862	0.19159	0.1795	0.41163	0.07866
V707	0.13558	0.16454	0.10456	0.287	0.30832
V708	0.04145	0.51718	0.38997	0.04384	0.00756
V709	0.02563	0.08462	0.07199	0.08121	0.73656
V710	0.11002	0.17624	0.43086	0.04248	0.2404
V711	0.07149	0.06767	0.05965	0.0952	0.70599
V712	0.05421	0.19178	0.56378	0.16976	0.02047
V713	0.21852	0.40279	0.31753	0.05165	0.00951
V714	0.06554	0.07113	0.03546	0.084	0.74387
V715	0.02183	0.33144	0.51889	0.11396	0.01388
V716	0.6016	0.21836	0.04609	0.09925	0.03469
V717	0.33876	0.21696	0.14962	0.07141	0.22326
V718	0.50342	0.1444	0.25871	0.04914	0.04433
V719	0.34365	0.2605	0.13433	0.14909	0.11243
V720	0.12287	0.11682	0.12351	0.09384	0.54296
V721	0.04206	0.07976	0.08715	0.09311	0.69792
V722	0.03731	0.2325	0.09029	0.48612	0.15378
V723	0.10734	0.22803	0.13859	0.48556	0.04048
V724	0.13812	0.55149	0.08308	0.20655	0.02076
V725	0.04596	0.0728	0.0449	0.08417	0.75217
V726	0.21548	0.44347	0.09471	0.10095	0.14539
V727	0.01634	0.22548	0.70446	0.03697	0.01674
V728	0.59596	0.13079	0.14061	0.11073	0.02191
V729	0.49626	0.16192	0.05727	0.25855	0.02599
V730	0.10344	0.14721	0.35099	0.34008	0.05828
V731	0.01811	0.05865	0.0862	0.8046	0.03244
V732	0.02893	0.03251	0.03586	0.86641	0.0363
V733	0.0315	0.23315	0.68795	0.03085	0.01656
V734	0.37745	0.20067	0.3234	0.07635	0.02213
V735	0.0763	0.22146	0.23986	0.07463	0.38774
V736	0.02828	0.10135	0.04562	0.08259	0.74217
V737	0.76081	0.11133	0.04188	0.06376	0.02222
V738	0.04515	0.41917	0.05646	0.06824	0.41098
V739	0.03019	0.04454	0.02764	0.86141	0.03622
V740	0.1989	0.15309	0.13831	0.07365	0.43605
V741	0.42371	0.08702	0.03365	0.32966	0.12596
V742	0.06599	0.17696	0.46627	0.16854	0.12224
V743	0.04086	0.11565	0.11029	0.15716	0.57605
V744	0.16849	0.13402	0.18267	0.46254	0.05228
V745	0.15265	0.07305	0.07284	0.66716	0.03431
V746	0.33957	0.48152	0.0797	0.05507	0.04415
V747	0.03131	0.23093	0.67906	0.03681	0.0219
V748	0.14706	0.26382	0.28562	0.0937	0.2098
V749	0.16736	0.1552	0.14405	0.40948	0.12392
V750	0.61748	0.22312	0.04017	0.10055	0.01869
V751	0.04257	0.3882	0.5033	0.05336	0.01257
V752	0.03915	0.16762	0.06109	0.08106	0.65108
V753	0.42261	0.16531	0.24174	0.06955	0.10079
V754	0.11911	0.28618	0.03999	0.52445	0.03028
V755	0.24391	0.60386	0.08672	0.04735	0.01816
V756	0.03763	0.15048	0.05996	0.12179	0.63015
V757	0.15708	0.06703	0.12117	0.62245	0.03227
V758	0.07888	0.37197	0.03489	0.48522	0.02904
V759	0.09467	0.11237	0.13411	0.06584	0.593
V760	0.07727	0.12615	0.22604	0.25844	0.3121
V761	0.05876	0.33039	0.56036	0.03858	0.01192
V762	0.02556	0.11773	0.1925	0.38462	0.27959
V763	0.04637	0.27163	0.04537	0.06899	0.56765
V764	0.10789	0.10726	0.10792	0.63797	0.03896
V765	0.13474	0.19778	0.52726	0.07126	0.06896
V766	0.0819	0.44445	0.27152	0.08509	0.11705
V767	0.25903	0.42693	0.10164	0.09169	0.12072
V768	0.08503	0.70162	0.1016	0.094	0.01776
V769	0.57326	0.1368	0.19126	0.05239	0.04629
V770	0.23457	0.16543	0.42342	0.15959	0.01699
V771	0.08891	0.62121	0.05202	0.1388	0.09907
V772	0.04536	0.22774	0.68376	0.03677	0.00638
V773	0.04319	0.06229	0.03266	0.22384	0.63801
V774	0.131	0.1728	0.46301	0.04022	0.19296
V775	0.70865	0.10081	0.05077	0.10846	0.03131
V776	0.31116	0.39531	0.18813	0.07023	0.03517
V777	0.19183	0.36832	0.25856	0.13347	0.04781
V778	0.44757	0.11906	0.04183	0.24064	0.15089
V779	0.0701	0.40825	0.45543	0.04777	0.01845
V780	0.02319	0.22296	0.71046	0.03703	0.00636
V781	0.16818	0.32265	0.20231	0.04871	0.25815
V782	0.22463	0.25437	0.05714	0.06788	0.39598
V783	0.01107	0.18197	0.5426	0.0586	0.20577
V784	0.05293	0.52843	0.0401	0.28978	0.08876
V785	0.58561	0.18183	0.03048	0.1425	0.05957
V786	0.15768	0.1976	0.04476	0.55563	0.04434
V787	0.14805	0.51162	0.03911	0.23008	0.07114
V788	0.34113	0.38717	0.10709	0.0484	0.11621
V789	0.02777	0.17019	0.03926	0.41977	0.34302
V790	0.25857	0.24555	0.09591	0.15197	0.248
V791	0.17101	0.23727	0.10605	0.22141	0.26427
V792	0.73759	0.11693	0.05374	0.06035	0.03138
V793	0.29891	0.27336	0.08771	0.13421	0.20582
V794	0.02902	0.09736	0.13571	0.21311	0.52481
V795	0.15381	0.69914	0.06627	0.05576	0.02501
V796	0.26668	0.37486	0.14025	0.17935	0.03886
V797	0.14753	0.06426	0.03233	0.0926	0.66328
V798	0.14339	0.45506	0.04594	0.13267	0.22295
V799	0.04241	0.16882	0.07865	0.64281	0.06731
V800	0.04279	0.07447	0.05007	0.1777	0.65497
V801	0.3117	0.09326	0.1421	0.40776	0.04517
V802	0.05163	0.21978	0.0525	0.07769	0.5984
V803	0.26633	0.07862	0.03321	0.57565	0.04619
V804	0.17415	0.20869	0.21183	0.35007	0.05527
V805	0.12548	0.23082	0.39503	0.17078	0.07789
V806	0.38266	0.12806	0.20649	0.10167	0.18112
V807	0.57605	0.10506	0.091	0.09806	0.12983
V808	0.66108	0.11014	0.07733	0.06071	0.09075
V809	0.20535	0.52689	0.06465	0.0794	0.12371
V810	0.03883	0.10146	0.07034	0.46719	0.32219
V811	0.06417	0.14136	0.05785	0.15983	0.57679
V812	0.04822	0.5649	0.23402	0.11713	0.03573
V813	0.04393	0.26507	0.24315	0.05299	0.39486
V814	0.19555	0.4738	0.10409	0.19324	0.03332
V815	0.23399	0.57141	0.0756	0.09985	0.01914
V816	0.04528	0.43373	0.04544	0.42765	0.04789
V817	0.60594	0.14323	0.16254	0.07222	0.01608
V818	0.04702	0.27154	0.34961	0.07229	0.25953
V819	0.73309	0.11383	0.04644	0.08533	0.02131
V820	0.07804	0.33278	0.15316	0.39171	0.0443
V821	0.02817	0.07197	0.0378	0.08836	0.77371
V822	0.17213	0.05903	0.04069	0.69819	0.02995
V823	0.0548	0.17298	0.24738	0.0566	0.46824
V824	0.08236	0.0966	0.05933	0.07632	0.68539
V825	0.11662	0.18081	0.52297	0.16909	0.01051
V826	0.03746	0.222	0.68517	0.04882	0.00655
V827	0.30882	0.16921	0.02856	0.39084	0.10257
V828	0.22203	0.19644	0.13804	0.10643	0.33706
V829	0.08595	0.18117	0.30469	0.18836	0.23983
V830	0.11668	0.19761	0.55429	0.05216	0.07927
V831	0.0581	0.61734	0.09656	0.19438	0.03362
V832	0.19509	0.07437	0.10042	0.26695	0.36318
V833	0.20613	0.64506	0.05459	0.04884	0.04538
V834	0.60039	0.19262	0.06609	0.07822	0.06268
V835	0.22812	0.282	0.1213	0.28536	0.08323
V836	0.2829	0.19657	0.38397	0.11996	0.0166
V837	0.06686	0.70312	0.06542	0.0887	0.0759
V838	0.01678	0.04963	0.10255	0.79244	0.0386
V839	0.05072	0.10632	0.11187	0.07166	0.65942
V840	0.72188	0.1103	0.05881	0.08326	0.02576
V841	0.16478	0.2092	0.57554	0.03809	0.01239
V842	0.40665	0.14648	0.21025	0.20938	0.02724
V843	0.37931	0.11279	0.16789	0.11294	0.22707
V844	0.02346	0.28963	0.61379	0.05045	0.02266
V845	0.03804	0.04528	0.02758	0.61525	0.27384
V846	0.11272	0.11737	0.13237	0.11672	0.52082
V847	0.19802	0.08089	0.08526	0.17239	0.46344
V848	0.59744	0.116	0.03532	0.13653	0.11471
V849	0.10938	0.21922	0.56526	0.03928	0.06687
V850	0.1824	0.14931	0.28756	0.1685	0.21223
V851	0.76245	0.10422	0.03468	0.07064	0.02801
V852	0.2192	0.12887	0.11035	0.20457	0.33701
V853	0.0374	0.24471	0.5148	0.14199	0.0611
V854	0.05661	0.35162	0.27081	0.11144	0.20951
V855	0.10929	0.3504	0.12706	0.32738	0.08588
V856	0.16217	0.37151	0.09421	0.05459	0.31753
V857	0.07794	0.1189	0.18936	0.40607	0.20774
V858	0.03977	0.33978	0.21868	0.2298	0.17197
V859	0.12636	0.05786	0.04884	0.71054	0.0564
V860	0.04956	0.15932	0.0951	0.6227	0.07333
V861	0.13003	0.09231	0.14797	0.59888	0.03082
V862	0.07916	0.07055	0.05699	0.15638	0.63692
V863	0.07418	0.76606	0.07067	0.05668	0.03241
V864	0.03674	0.21044	0.66604	0.0795	0.00728
V865	0.06984	0.17601	0.52116	0.22142	0.01158
V866	0.0336	0.20019	0.52853	0.21031	0.02737
V867	0.4931	0.10716	0.03651	0.06209	0.30114
V868	0.18933	0.28026	0.37166	0.13138	0.02736
V869	0.03469	0.06841	0.06275	0.09104	0.7431
V870	0.24352	0.19987	0.11059	0.26554	0.18047
V871	0.04871	0.12213	0.13589	0.14441	0.54886
V872	0.33209	0.09324	0.04085	0.47123	0.06259
V873	0.06594	0.30845	0.17957	0.37462	0.07143
V874	0.10298	0.10683	0.04159	0.0831	0.6655
V875	0.02727	0.18591	0.05527	0.50273	0.22883
V876	0.40914	0.13581	0.08988	0.07088	0.29429
V877	0.22981	0.53278	0.08148	0.13002	0.02591
V878	0.05508	0.57574	0.08576	0.25499	0.02843
V879	0.7157	0.12843	0.04592	0.08401	0.02594
V880	0.0867	0.11696	0.06082	0.43757	0.29795
V881	0.01977	0.16987	0.4806	0.04366	0.2861
V882	0.06112	0.39916	0.05251	0.46589	0.02131
V883	0.43728	0.20126	0.04431	0.21526	0.10188
V884	0.02786	0.06454	0.03784	0.09765	0.77211
V885	0.14251	0.1867	0.36314	0.13193	0.17572
V886	0.02174	0.05949	0.0667	0.26931	0.58276
V887	0.11966	0.73285	0.05941	0.04896	0.03912
V888	0.06581	0.1281	0.08487	0.64716	0.07406
V889	0.14018	0.67552	0.0905	0.06942	0.02438
V890	0.04067	0.0838	0.16079	0.60069	0.11406
V891	0.01063	0.24104	0.69827	0.04362	0.00645
V892	0.51007	0.25555	0.05417	0.05935	0.12086
V893	0.12303	0.26946	0.45174	0.10108	0.05468
V894	0.1103	0.4501	0.08732	0.29512	0.05716
V895	0.50512	0.14543	0.26455	0.06649	0.01841
V896	0.18242	0.25114	0.24494	0.29983	0.02167
V897	0.01769	0.043	0.0687	0.74114	0.12946
V898	0.35742	0.08272	0.04413	0.08661	0.42912
V899	0.48023	0.31186	0.11699	0.04806	0.04286
V900	0.216	0.27072	0.27656	0.20596	0.03076
