B_cells	NK_cells	T_cells_CD4.	Monocytes
V1	0.59159	0.0236	0.1461	0.23871
V2	0.22483	0.12652	0.00695	0.6417
V3	0.10377	0.63563	0	0.2606
V4	0.858	0.11183	0	0.03017
V5	0.15083	0.49194	0.23252	0.12472
V6	0.13016	0.8422	0.01477	0.01288
V7	0.19707	0.39721	0.05118	0.35454
V8	0.17529	0.04167	0.75341	0.02962
V9	0.29676	0.27105	0	0.43219
V10	0.06571	0.05082	0.83278	0.05069
V11	0.23854	0.36808	0.39338	0
V12	0.06817	0.58564	0.34619	0
V13	0.30996	0.68389	0	0.00616
V14	0.12342	0.87658	0	0
V15	0.16537	0.60382	0.10678	0.12402
V16	0.88906	0.05556	0.00827	0.0471
V17	0.13962	0.84351	0.00379	0.01307
V18	0.59311	0.3514	0.02889	0.02659
V19	0.20864	0.79053	0	0.00083
V20	0.21403	0.48432	0	0.30166
V21	0.17545	0.10018	0.70091	0.02346
V22	0.07174	0.13967	0.16844	0.62016
V23	0.40879	0.07183	0.51938	0
V24	0.94159	0.04291	0.0155	0
V25	0.38686	0.26765	0.09952	0.24597
V26	0.43214	0.39911	0	0.16875
V27	0.18039	0.08272	0	0.73689
V28	0.00663	0.10304	0.89033	0
V29	0.46678	0.05624	0.45707	0.0199
V30	0.14718	0.26087	0.24462	0.34734
V31	0.24784	0.23073	0.26381	0.25761
V32	0.16953	0.06148	0	0.76899
V33	0.08687	0.5119	0.33023	0.071
V34	0.17529	0.07946	0.71935	0.0259
V35	0.20968	0.70229	0.07661	0.01142
V36	0.05079	0.08766	0.44591	0.41564
V37	0.58261	0.09095	0.07086	0.25558
V38	0.48423	0.00745	0.15168	0.35664
V39	0.20865	0.56918	0.1152	0.10696
V40	0.13545	0.79905	0.06551	0
V41	0.04618	0.69827	0.03125	0.2243
V42	0.29001	0.05886	0.17682	0.47431
V43	0.17422	0.362	0.45744	0.00635
V44	0.05289	0.12557	0.68429	0.13725
V45	0.14257	0.58985	0.20471	0.06288
V46	0.80641	0.0874	0.10619	0
V47	0.47376	0.21189	0.28506	0.02928
V48	0.80815	0.16926	0	0.02259
V49	0.74167	0.18331	0	0.07502
V50	0.11348	0.80676	0.07976	0
V51	0.34781	0.41132	0.23599	0.00488
V52	0.06873	0.15667	0.74586	0.02874
V53	0.74203	0.13066	0.12731	0
V54	0.45085	0.21516	0.33331	0.00067
V55	0.26759	0.16571	0.21033	0.35638
V56	0.12874	0.04683	0.05187	0.77257
V57	0.15082	0.8328	0.01549	0.00089
V58	0.68689	0.01808	0.01213	0.28289
V59	0.46276	0.41591	0.09123	0.0301
V60	0.18155	0.19583	0.29491	0.32771
V61	0.80885	0.11014	0	0.08101
V62	0.87385	0.0503	0.05467	0.02118
V63	0.06491	0.80558	0.12064	0.00887
V64	0.0566	0.84084	0	0.10256
V65	0.09072	0.01182	0.08188	0.81558
V66	0.26253	0.68412	0.00628	0.04708
V67	0.18926	0.3476	0.46315	0
V68	0.22744	0.17239	0	0.60017
V69	0.06638	0.34064	0.56285	0.03014
V70	0.56364	0.17341	0.15953	0.10342
V71	0.21712	0.11045	0.34478	0.32765
V72	0.60031	0.17808	0.0737	0.14791
V73	0.19756	0.61238	0.12825	0.06181
V74	0.08584	0.25057	0.66359	0
V75	0.72637	0.00238	0.18388	0.08737
V76	0.03329	0.22729	0.15173	0.58769
V77	0.09173	0.31436	0	0.5939
V78	0.35994	0.14828	0.15719	0.33459
V79	0.0438	0.14804	0.73507	0.07308
V80	0.38762	0.04976	0.49329	0.06933
V81	0.0993	0.19837	0.70233	0
V82	0.02695	0.12212	0.832	0.01893
V83	0.20161	0.21917	0.03539	0.54383
V84	0.44988	0.07016	0.1359	0.34405
V85	0.14995	0.34741	0.36812	0.13452
V86	0.09206	0.09836	0.77047	0.03911
V87	0.08273	0.81508	0.05304	0.04914
V88	0.22726	0.09653	0.23888	0.43733
V89	0.0886	0.05439	0.16718	0.68983
V90	0.08194	0.85572	0.05803	0.0043
V91	0.08145	0.7236	0.18166	0.01329
V92	0.49002	0.04765	0.35013	0.1122
V93	0.88166	0.0179	0	0.10044
V94	0.06503	0.48633	0	0.44864
V95	0.29783	0.4491	0.13796	0.11511
V96	0.15077	0.13361	0	0.71562
V97	0.69508	0.11989	0.18503	0
V98	0.70334	0.28631	0	0.01036
V99	0.80515	0.06277	0.13209	0
V100	0.12515	0.07406	0.77684	0.02395
V101	0.10295	0.07635	0	0.8207
V102	0.90733	0.06216	0	0.0305
V103	0.07441	0.09254	0.05199	0.78107
V104	0.09306	0.90516	0	0.00177
V105	0.11387	0.87911	0.00702	0
V106	0.1636	0.52186	0.29971	0.01482
V107	0.22711	0.23394	0.51002	0.02892
V108	0.18516	0.73443	0.08041	0
V109	0.05139	0.20863	0.5478	0.19218
V110	0.10967	0.84134	0.0363	0.01269
V111	0.91224	0.00111	0.06849	0.01817
V112	0.1819	0.10445	0.39623	0.31742
V113	0.25219	0.14439	0.14753	0.45589
V114	0.31995	0.076	0.04863	0.55543
V115	0.04769	0.73487	0.21744	0
V116	0.18312	0.34459	0.33788	0.13442
V117	0.69044	0.26013	0.01874	0.0307
V118	0.21204	0.59445	0.01366	0.17985
V119	0.19432	0.11868	0.00862	0.67838
V120	0.12642	0.11706	0.74784	0.00868
V121	0.62137	0.14841	0.07281	0.15741
V122	0.92137	0.02201	0.01461	0.04201
V123	0.04876	0.55793	0.02032	0.37299
V124	0.67213	0.28032	0	0.04754
V125	0.42046	0.42215	0.15693	0.00046
V126	0.10737	0.19673	0.00766	0.68824
V127	0.22895	0.08543	0.22856	0.45707
V128	0.1119	0.05198	0.07169	0.76443
V129	0.59489	0.24654	0.14368	0.01489
V130	0.04602	0.64448	0.3095	0
V131	0.07515	0.8683	0	0.05655
V132	0.909	0.01762	0.02778	0.0456
V133	0.89775	0.03112	0.04308	0.02805
V134	0.15935	0.43195	0.10329	0.3054
V135	0.15338	0.056	0.14835	0.64227
V136	0.29295	0.41747	0	0.28958
V137	0.66394	0.05523	0.22332	0.05751
V138	0.25378	0.42758	0.15678	0.16186
V139	0.39294	0.23682	0.17059	0.19965
V140	0.10143	0.13873	0.01205	0.74779
V141	0.10775	0.20333	0.49789	0.19104
V142	0.80893	0.00356	0.18751	0
V143	0.47098	0.28755	0.04189	0.19958
V144	0.22786	0.1998	0.13749	0.43485
V145	0.02974	0.75006	0.2202	0
V146	0.15259	0.04716	0.01037	0.78988
V147	0.89547	0.03852	0.01015	0.05586
V148	0.17574	0.11832	0.53309	0.17286
V149	0.29242	0.51038	0.1972	0
V150	0.13074	0.2795	0.53466	0.0551
V151	0.25393	0.62945	0.01938	0.09724
V152	0.27168	0.45697	0.20018	0.07118
V153	0.15913	0.74803	0.00445	0.08839
V154	0.28198	0.46446	0.24838	0.00518
V155	0.49757	0.17122	0.25535	0.07586
V156	0.07322	0.19016	0.63407	0.10255
V157	0.34609	0.19236	0.28044	0.18111
V158	0.11167	0.00508	0.04146	0.84179
V159	0.87255	0.06875	0	0.0587
V160	0.7267	0.01515	0.04655	0.2116
V161	0.2958	0.03048	0	0.67372
V162	0.12323	0.35145	0.05016	0.47517
V163	0.14234	0.51751	0.15124	0.18891
V164	0.38249	0.33743	0.08069	0.19939
V165	0.06228	0.28979	0	0.64793
V166	0.06975	0.15213	0.02975	0.74837
V167	0.4223	0	0	0.5777
V168	0.32538	0.56915	0.06861	0.03686
V169	0.26941	0.09223	0	0.63836
V170	0.15904	0.06752	0.48716	0.28629
V171	0.17491	0.27649	0.53012	0.01848
V172	0.7279	0.00451	0.25677	0.01082
V173	0.09543	0.19746	0	0.70711
V174	0.07451	0.22003	0.03803	0.66742
V175	0.11386	0.05577	0.72775	0.10262
V176	0.0493	0.78682	0.16387	0
V177	0.06817	0.91139	0	0.02044
V178	0.05292	0.77353	0	0.17355
V179	0.22205	0.04902	0.35187	0.37705
V180	0.06831	0.8643	0.06739	0
V181	0.2062	0.17585	0.48996	0.12799
V182	0.33377	0.21458	0.41369	0.03796
V183	0.22436	0.77564	0	0
V184	0.97307	0	0.02693	0
V185	0.59273	0.40727	0	0
V186	0.16282	0.49784	0.24114	0.0982
V187	0.92482	0.02308	0.02872	0.02337
V188	0.11607	0.25458	0	0.62935
V189	0.82933	0.03382	0	0.13686
V190	0.66787	0.03611	0.28834	0.00768
V191	0.22822	0.24393	0.50999	0.01786
V192	0.34466	0.48338	0.02934	0.14262
V193	0.62315	0.05537	0.21428	0.1072
V194	0.09314	0.88824	0	0.01862
V195	0.0694	0.08874	0.82066	0.02119
V196	0.0795	0.11439	0	0.80612
V197	0.47623	0.07095	0	0.45283
V198	0.1111	0.5167	0.33821	0.03399
V199	0.2385	0.06046	0.14782	0.55321
V200	0.17939	0.58617	0	0.23444
V201	0.14137	0.56864	0.17437	0.11561
V202	0.06215	0.07711	0.71595	0.14479
V203	0.20524	0.44204	0.35272	0
V204	0.0542	0.56351	0	0.38229
V205	0.06869	0.1148	0.79506	0.02145
V206	0.09539	0.14829	0.75632	0
V207	0.20194	0.24059	0.01353	0.54394
V208	0.28743	0.10837	0.60421	0
V209	0.34329	0.4831	0.04869	0.12492
V210	0.13601	0.74603	0.08732	0.03064
V211	0.49067	0.0355	0	0.47383
V212	0.52655	0.07056	0.38952	0.01337
V213	0.66614	0.04836	0.09211	0.19339
V214	0.37847	0.19765	0.13862	0.28526
V215	0.3578	0.12318	0	0.51903
V216	0.13931	0.00808	0.02782	0.8248
V217	0.08699	0.52089	0.21351	0.17861
V218	0.14284	0.48176	0.14828	0.22713
V219	0.15664	0.6477	0	0.19566
V220	0.05483	0.8255	0	0.11967
V221	0.82672	0.00901	0	0.16427
V222	0.35267	0.17199	0.32958	0.14576
V223	0.04419	0.19382	0.69971	0.06228
V224	0.96533	0.00029	0.03438	0
V225	0.10734	0.83905	0.05361	0
V226	0.33941	0.12223	0.53836	0
V227	0.79539	0.00753	0.18164	0.01544
V228	0.77931	0.08321	0.04961	0.08788
V229	0.07079	0.08179	0.81375	0.03367
V230	0.09596	0.08071	0	0.82333
V231	0.06433	0.33798	0.07863	0.51906
V232	0.09149	0.66023	0	0.24828
V233	0.58633	0.11417	0.17749	0.12201
V234	0.09393	0.87079	0.02935	0.00594
V235	0.40555	0.09757	0.48063	0.01625
V236	0.08975	0.12495	0.72134	0.06396
V237	0.24528	0.03454	0.00331	0.71687
V238	0.17455	0.55714	0.24341	0.0249
V239	0.12056	0.44045	0	0.43899
V240	0.5109	0.06916	0.38413	0.03581
V241	0.06544	0.05737	0.81814	0.05906
V242	0.17639	0.73652	0.0871	0
V243	0.27834	0.08582	0.57449	0.06135
V244	0.24934	0.0347	0.64534	0.07062
V245	0.61508	0.30464	0.03519	0.04508
V246	0.10156	0.19935	0.68778	0.01131
V247	0.19584	0.06928	0.73488	0
V248	0.10433	0.08159	0.01743	0.79664
V249	0.02106	0.10623	0.80802	0.06469
V250	0.77439	0.00528	0.21016	0.01017
V251	0.9219	0.05738	0	0.02072
V252	0.04258	0.81831	0.13911	0
V253	0.41732	0.1027	0.13591	0.34407
V254	0.06419	0.88427	0.05154	0
V255	0.09707	0.87149	0	0.03144
V256	0.21588	0.25287	0.46672	0.06453
V257	0.45896	0.13333	0.20679	0.20093
V258	0.21721	0.30132	0.38345	0.09802
V259	0.0791	0.33072	0.56985	0.02033
V260	0.0235	0.32488	0.65162	0
V261	0.6366	0.05226	0.17779	0.13336
V262	0.17836	0.09097	0	0.73067
V263	0.07476	0.90094	0	0.0243
V264	0.21482	0.08056	0.39615	0.30847
V265	0.10985	0.01867	0.11399	0.7575
V266	0.66552	0.33448	0	0
V267	0.02805	0.23926	0.25749	0.47519
V268	0.44364	0.04798	0.11741	0.39097
V269	0.04412	0.56902	0.36094	0.02593
V270	0.65654	0.04539	0.2234	0.07467
V271	0.80654	0.08177	0.01375	0.09793
V272	0.10579	0.81359	0	0.08062
V273	0.14764	0.06354	0.01106	0.77777
V274	0.72105	0.00303	0.17385	0.10208
V275	0.03056	0.09354	0.84348	0.03241
V276	0.53013	0.34323	0	0.12664
V277	0.08699	0.26314	0.12965	0.52021
V278	0.09539	0.10786	0.25941	0.53734
V279	0.70314	0.07636	0.09442	0.12607
V280	0.11167	0.00508	0.04146	0.84179
V281	0.58108	0.05274	0.11856	0.24763
V282	0.10191	0.12455	0.72484	0.0487
V283	0.2541	0.5854	0.04508	0.11541
V284	0.08087	0.86232	0.0568	0
V285	0.1142	0.05355	0.83225	0
V286	0.28434	0.55004	0.09416	0.07145
V287	0.14886	0.83451	0.00408	0.01255
V288	0.0538	0.32792	0.39209	0.22619
V289	0.31369	0.25428	0.37787	0.05416
V290	0.8398	0.1602	0	0
V291	0.50719	0.09944	0.39219	0.00118
V292	0.91446	0.01341	0	0.07213
V293	0.32961	0.0563	0.58632	0.02777
V294	0.13843	0.38742	0	0.47415
V295	0.06612	0.23353	0.15987	0.54048
V296	0.21665	0.16673	0.54962	0.067
V297	0.16593	0.01463	0.05553	0.76391
V298	0.32886	0.14112	0.53001	0
V299	0.12595	0.30778	0	0.56627
V300	0.04106	0.08187	0.1999	0.67717
V301	0.16402	0.16175	0.58142	0.09281
V302	0.66582	0.32541	0	0.00876
V303	0.03141	0.60489	0.35222	0.01148
V304	0.10213	0.08118	0.67937	0.13732
V305	0.16358	0.20842	0.41817	0.20983
V306	0.80592	0.10953	0.03428	0.05027
V307	0.07767	0.8967	0.01206	0.01357
V308	0.26778	0.2694	0.26391	0.19891
V309	0.37732	0.34142	0	0.28126
V310	0.12673	0.36433	0.12255	0.38639
V311	0.53966	0.46034	0	0
V312	0.14808	0.71633	0.13509	0.00051
V313	0.03723	0.15618	0	0.80659
V314	0.0577	0.52203	0.08576	0.33451
V315	0.1688	0.63665	0.0163	0.17825
V316	0.34051	0.17306	0.34956	0.13687
V317	0.13524	0.69947	0.03235	0.13293
V318	0.08522	0.57856	0	0.33622
V319	0.10275	0.11755	0.75113	0.02857
V320	0.11932	0.19407	0.58383	0.10278
V321	0.65532	0.34468	0	0
V322	0.24471	0.36286	0.03782	0.35461
V323	0.13618	0.06088	0.0542	0.74874
V324	0.67056	0.2637	0.05467	0.01108
V325	0.33549	0.62033	0.04419	0
V326	0.02802	0.60246	0.07326	0.29625
V327	0.07467	0.2009	0.06687	0.65756
V328	0.09189	0.08225	0.68047	0.14539
V329	0.23054	0.15646	0.13719	0.47581
V330	0.4281	0.03888	0.30376	0.22925
V331	0.40449	0.12306	0.00509	0.46735
V332	0.06474	0.09933	0.14751	0.68842
V333	0.44587	0.10776	0.35311	0.09325
V334	0.39475	0.04125	0.32415	0.23985
V335	0.06452	0.37079	0.46497	0.09973
V336	0.22056	0.69394	0.00396	0.08154
V337	0.31523	0.41452	0.26546	0.00479
V338	0.03958	0.9307	0.01063	0.01908
V339	0.16597	0.04674	0.78113	0.00616
V340	0.09485	0.27337	0.47795	0.15383
V341	0.10064	0.08047	0.03065	0.78824
V342	0.2825	0.03635	0.56793	0.11323
V343	0.93107	0.03968	0	0.02925
V344	0.68355	0.16151	0.15493	0
V345	0.06882	0.0912	0.83998	0
V346	0.2755	0.15617	0.25124	0.31709
V347	0.12085	0.04814	0.09174	0.73926
V348	0.0983	0.65553	0.13067	0.1155
V349	0.36954	0.20044	0.34697	0.08305
V350	0.06131	0.78216	0.15653	0
V351	0.07016	0.08358	0.36051	0.48576
V352	0.09157	0.07411	0.76801	0.06632
V353	0.87009	0.03574	0.02172	0.07245
V354	0.09153	0.67967	0.20951	0.01929
V355	0.30769	0.11716	0.41945	0.15569
V356	0.11166	0.06382	0.06224	0.76228
V357	0.15121	0.37066	0.24874	0.22938
V358	0.57399	0.13048	0.0212	0.27433
V359	0.60832	0.08034	0	0.31134
V360	0.56705	0.4227	0.00661	0.00364
V361	0.0225	0.47059	0.5069	0
V362	0.02674	0.93344	0.02196	0.01785
V363	0.20889	0.16468	0.42561	0.20082
V364	0.1962	0.11219	0.61513	0.07647
V365	0.32955	0.04171	0	0.62875
V366	0.12338	0.68142	0.07197	0.12324
V367	0.59415	0.14774	0	0.25811
V368	0.13534	0.71807	0.0752	0.07139
V369	0.05481	0.41815	0.52704	0
V370	0.32443	0.30087	0.3676	0.0071
V371	0.23079	0.70582	0.01633	0.04706
V372	0.23106	0.09391	0.08694	0.58808
V373	0.12284	0.19121	0.42975	0.25619
V374	0.7871	0.02713	0.18577	0
V375	0.11221	0.08532	0.10606	0.69641
V376	0.10938	0.0774	0.05947	0.75375
V377	0.80833	0	0	0.19167
V378	0.055	0.08507	0.37278	0.48716
V379	0.3803	0.21529	0	0.40441
V380	0.20939	0.11702	0.1668	0.50678
V381	0.7461	0.02518	0.07674	0.15197
V382	0.1301	0.08956	0.78034	0
V383	0.83588	0.01386	0.03625	0.114
V384	0.57671	0.10271	0.10894	0.21164
V385	0.84714	0.02573	0.06476	0.06238
V386	0.35842	0.04126	0.11869	0.48162
V387	0.58988	0.17268	0.16845	0.069
V388	0.39667	0.35335	0.12253	0.12745
V389	0.44019	0.51169	0	0.04812
V390	0.31341	0.27781	0.40878	0
V391	0.46146	0.12531	0	0.41323
V392	0.44466	0.25182	0.14064	0.16288
V393	0.30695	0.26424	0.31304	0.11578
V394	0.14824	0.27635	0.07939	0.49603
V395	0.25461	0.41653	0.17803	0.15082
V396	0.06477	0.90908	0.0018	0.02435
V397	0.7706	0.10313	0.0886	0.03767
V398	0.47818	0.16822	0.06861	0.28498
V399	0.22949	0.55638	0.13524	0.07889
V400	0.02943	0.61965	0.04485	0.30607
V401	0.07339	0.20883	0.65611	0.06166
V402	0.80908	0.17642	0.0145	0
V403	0.10176	0.06827	0.04048	0.78949
V404	0.12976	0.24211	0.55456	0.07357
V405	0.28139	0.0678	0.13807	0.51274
V406	0.64919	0.26257	0	0.08824
V407	0.03958	0.9307	0.01063	0.01908
V408	0.12962	0.29068	0.3611	0.21861
V409	0.05493	0.07277	0.01197	0.86033
V410	0.13902	0.82636	0.02441	0.01021
V411	0.48579	0.00933	0	0.50488
V412	0.1993	0.12438	0.4564	0.21992
V413	0.09909	0.515	0.15943	0.22649
V414	0.07603	0.52516	0.30232	0.0965
V415	0.47578	0.06171	0.20542	0.25709
V416	0.04961	0.13341	0.81698	0
V417	0.40728	0.59272	0	0
V418	0.13505	0.15353	0.10697	0.60444
V419	0.10506	0.00762	0.04594	0.84138
V420	0.02144	0.89123	0.0093	0.07802
V421	0.19621	0.09087	0.61815	0.09477
V422	0.12881	0.09765	0	0.77354
V423	0.12515	0.07406	0.77684	0.02395
V424	0.01935	0.11362	0.58474	0.28228
V425	0.09608	0.28284	0.53854	0.08254
V426	0.13417	0.10159	0.70992	0.05432
V427	0.11056	0.43565	0.16718	0.2866
V428	0.13575	0.75262	0.04666	0.06497
V429	0.10129	0.02124	0.04324	0.83423
V430	0.74979	0.18114	0	0.06907
V431	0.22486	0.07053	0.41566	0.28896
V432	0.1821	0.13955	0.0092	0.66915
V433	0.10231	0.72423	0	0.17347
V434	0.39255	0.11335	0.01587	0.47822
V435	0.54575	0.03244	0.09857	0.32324
V436	0.43418	0.03684	0.08924	0.43974
V437	0.28142	0.24781	0	0.47077
V438	0.62691	0.18572	0.00366	0.18371
V439	0.10496	0.13227	0	0.76277
V440	0.53014	0.06358	0	0.40628
V441	0.1089	0.18364	0.54357	0.1639
V442	0.3469	0.37151	0.11092	0.17067
V443	0.75502	0.01597	0.07615	0.15286
V444	0.06882	0.0912	0.83998	0
V445	0.61976	0.04357	0.31436	0.02231
V446	0.08196	0.80753	0.05245	0.05805
V447	0.63019	0.12013	0.15973	0.08995
V448	0.07549	0.11857	0.15795	0.648
V449	0.56867	0.07053	0.27156	0.08925
V450	0.17933	0.82004	0.00063	0
V451	0.90186	0.05624	0	0.0419
V452	0.11778	0.05012	0.04514	0.78695
V453	0.79751	0.09233	0.05181	0.05834
V454	0.03244	0.89621	0.05471	0.01663
V455	0.6049	0.06007	0.27941	0.05562
V456	0.35142	0.16212	0.34913	0.13734
V457	0.05135	0.08992	0	0.85874
V458	0.31287	0.24575	0	0.44138
V459	0.05641	0.7802	0.08993	0.07346
V460	0.91491	0.01971	0.02858	0.03679
V461	0.14804	0.07109	0	0.78087
V462	0.38336	0.25457	0	0.36207
V463	0.28379	0.48615	0.1408	0.08926
V464	0.53834	0.11057	0	0.35109
V465	0.42962	0.44143	0.00282	0.12613
V466	0.59768	0.19589	0	0.20644
V467	0.34575	0.56517	0.06965	0.01943
V468	0.51467	0.40743	0.03668	0.04122
V469	0.06232	0.2353	0.25501	0.44738
V470	0.55606	0.15393	0.15928	0.13073
V471	0.32736	0.14517	0	0.52747
V472	0.35704	0.33714	0	0.30582
V473	0.14306	0.54777	0.30916	0
V474	0.19918	0.00909	0.08619	0.70554
V475	0.22791	0.435	0.05192	0.28516
V476	0.24134	0.04866	0.02701	0.68299
V477	0.60895	0.06401	0.18668	0.14035
V478	0.17641	0.59189	0	0.2317
V479	0.05229	0.14714	0.72691	0.07366
V480	0.13601	0.35846	0.0095	0.49603
V481	0.18602	0.07063	0.73381	0.00954
V482	0.69109	0.18141	0.0975	0.02999
V483	0.19743	0.15835	0.03624	0.60798
V484	0.0962	0.11786	0	0.78594
V485	0.16952	0.72652	0	0.10396
V486	0.30888	0.30435	0.10183	0.28494
V487	0.15211	0.09036	0.05042	0.70711
V488	0.02928	0.05693	0.81931	0.09448
V489	0.24607	0.14887	0.60506	0
V490	0.37515	0.34811	0.04057	0.23617
V491	0.46368	0.46962	0.01834	0.04836
V492	0.07188	0.80149	0.12664	0
V493	0.13528	0	0	0.86472
V494	0.22717	0.20367	0.469	0.10016
V495	0.26065	0.61024	0.1291	0
V496	0.30963	0.65993	0	0.03044
V497	0.0718	0.05017	0.85203	0.026
V498	0.37058	0.14515	0.01546	0.46881
V499	0.61677	0.27627	0.10696	0
V500	0.14414	0.17562	0.65336	0.02688
V501	0.04598	0.02423	0.05095	0.87884
V502	0.5556	0.29648	0.13562	0.0123
V503	0.25093	0.14539	0.16814	0.43554
V504	0.2722	0.68059	0	0.04722
V505	0.23758	0.2622	0.22336	0.27686
V506	0.12788	0.30078	0.40967	0.16167
V507	0.61978	0.12904	0.10257	0.14861
V508	0.74706	0.18379	0.02468	0.04447
V509	0.26378	0.11118	0.46105	0.16399
V510	0.2498	0.51328	0.23692	0
V511	0.09893	0.46431	0.01445	0.4223
V512	0.30761	0.08782	0.04768	0.5569
V513	0.12194	0.63683	0.19796	0.04328
V514	0.08159	0.10264	0	0.81577
V515	0.76766	0.08302	0.0294	0.11991
V516	0.89618	0.08878	0	0.01504
V517	0.10293	0.07617	0.21631	0.60459
V518	0.92646	0.04707	0	0.02646
V519	0.07434	0.84565	0	0.08002
V520	0.07611	0.04405	0.58589	0.29395
V521	0.56986	0.07529	0.33466	0.02019
V522	0.04148	0.18789	0.53163	0.23901
V523	0.38282	0.1686	0.22874	0.21984
V524	0.04819	0.7525	0.18328	0.01603
V525	0.30858	0.24344	0	0.44798
V526	0.65499	0.10722	0.05384	0.18395
V527	0.25111	0.06765	0.36332	0.31791
V528	0.14511	0.82118	0	0.03371
V529	0.12153	0.11473	0.1873	0.57644
V530	0.04238	0.25857	0.61531	0.08374
V531	0.05511	0.8421	0.10279	0
V532	0.22244	0.36577	0	0.41179
V533	0.31412	0.38368	0.11283	0.18938
V534	0.05138	0.07767	0.65432	0.21663
V535	0.59544	0	0	0.40456
V536	0.2441	0.01361	0.35741	0.38487
V537	0.59261	0.27302	0.13437	0
V538	0.49631	0.08507	0.0594	0.35922
V539	0.29783	0.4491	0.13796	0.11511
V540	0.24126	0.67412	0.06528	0.01934
V541	0.0588	0.5496	0.03871	0.3529
V542	0.24388	0.17907	0.22037	0.35667
V543	0.87727	0.01448	0	0.10825
V544	0.16686	0.14143	0.13714	0.55457
V545	0.40823	0.18191	0.03802	0.37183
V546	0.09651	0.84033	0.06316	0
V547	0.07885	0.62957	0.29157	0
V548	0.19191	0.73297	0.07512	0
V549	0.34942	0.07713	0.57202	0.00143
V550	0.61486	0.02958	0	0.35556
V551	0.22001	0.71594	0.02558	0.03847
V552	0.02388	0.56432	0	0.41181
V553	0.25978	0.19487	0.5444	0.00095
V554	0.13156	0.12824	0	0.7402
V555	0.1327	0.28173	0.29833	0.28725
V556	0.01787	0.0994	0.83522	0.04751
V557	0.81933	0.03781	0	0.14286
V558	0.11581	0.77259	0.01479	0.09681
V559	0.04169	0.78449	0.17382	0
V560	0.69148	0.30418	0	0.00434
V561	0.03056	0.09354	0.84348	0.03241
V562	0.78038	0.01715	0.10617	0.0963
V563	0.27428	0.04352	0.6781	0.00411
V564	0.10608	0.13752	0.74796	0.00845
V565	0.1616	0.30836	0.33907	0.19097
V566	0.70504	0.10546	0	0.1895
V567	0.26103	0.47513	0	0.26384
V568	0.31363	0.02883	0.02664	0.6309
V569	0.69657	0.02775	0	0.27568
V570	0.06491	0.33178	0.55449	0.04882
V571	0.80853	0.12719	0	0.06428
V572	0.46403	0.04273	0.40612	0.08712
V573	0.12511	0.2004	0	0.67449
V574	0.08265	0.75366	0.16369	0
V575	0.07798	0.13911	0.08727	0.69564
V576	0.19892	0.76981	0.03127	0
V577	0.10313	0.09532	0.1769	0.62465
V578	0.10006	0.12855	0.61627	0.15512
V579	0.05463	0.83689	0.09484	0.01363
V580	0.22627	0.03694	0.08235	0.65444
V581	0.14485	0.10541	0	0.74974
V582	0.60019	0.17825	0.00161	0.21995
V583	0.04434	0.11052	0.54947	0.29567
V584	0.5245	0.18866	0.26512	0.02172
V585	0.06218	0.06674	0.4096	0.46148
V586	0.26858	0.05806	0.59431	0.07905
V587	0.29725	0.05947	0.62307	0.02022
V588	0.65364	0.0648	0	0.28155
V589	0.10405	0.78673	0.06066	0.04856
V590	0.0877	0.73387	0.17843	0
V591	0.04207	0.09074	0.17068	0.69652
V592	0.18573	0.08693	0.72734	0
V593	0.6096	0.0047	0.17232	0.21338
V594	0.35812	0.3174	0.30053	0.02396
V595	0.11722	0.07578	0	0.807
V596	0.08073	0.33807	0.19404	0.38716
V597	0.02408	0.5947	0.3167	0.06452
V598	0.06428	0.17646	0.74961	0.00965
V599	0.63188	0.3282	0.02101	0.01891
V600	0.38346	0.48385	0.0326	0.10008
V601	0.21408	0.3233	0.0486	0.41403
V602	0.12013	0.07384	0	0.80603
V603	0.05491	0.40739	0	0.5377
V604	0.5217	0.15221	0.31065	0.01544
V605	0.10615	0.37263	0.36065	0.16057
V606	0.72429	0.16728	0	0.10843
V607	0.66798	0.02817	0.09211	0.21174
V608	0.25449	0.21085	0.34477	0.1899
V609	0.0719	0.29744	0.20332	0.42735
V610	0.76733	0.03573	0.07738	0.11955
V611	0.35586	0.02782	0.02433	0.59199
V612	0.06318	0.15592	0.72295	0.05795
V613	0.07952	0.36737	0.53291	0.02021
V614	0.75999	0.08359	0.02885	0.12757
V615	0.20585	0.08249	0	0.71165
V616	0.12482	0.70102	0.03219	0.14197
V617	0.47902	0.18716	0.33382	0
V618	0.74001	0.00509	0	0.2549
V619	0.4168	0.0674	0.28587	0.22994
V620	0.04602	0.64448	0.3095	0
V621	0.45032	0.19251	0.14902	0.20815
V622	0.37838	0.25844	0.35602	0.00716
V623	0.07759	0.12903	0.10741	0.68598
V624	0.78685	0.19162	0	0.02153
V625	0.29737	0.50612	0.08035	0.11616
V626	0.91991	0.0389	0	0.04119
V627	0.03979	0.07538	0.04612	0.83871
V628	0.03916	0.2666	0	0.69424
V629	0.16566	0.33933	0.24678	0.24823
V630	0.07782	0.36805	0.52532	0.02882
V631	0.07021	0.2518	0.06889	0.6091
V632	0.61386	0.00515	0.12173	0.25926
V633	0.01797	0.10371	0.76924	0.10909
V634	0.40885	0.28828	0.30287	0
V635	0.0735	0.75352	0	0.17298
V636	0.16398	0.16125	0.57293	0.10184
V637	0.34921	0.23916	0.05835	0.35329
V638	0.41039	0.29421	0.03961	0.2558
V639	0.28646	0.4362	0.27733	0
V640	0.07566	0.20897	0.67755	0.03782
V641	0.86801	0.05473	0.01191	0.06535
V642	0.75679	0.17361	0	0.0696
V643	0.04399	0.24781	0.41248	0.29573
V644	0.88949	0.0847	0	0.02581
V645	0.29116	0.4245	0.28434	0
V646	0.07353	0.91161	0.00531	0.00954
V647	0.18513	0.14344	0.6284	0.04302
V648	0.43116	0.4385	0.12041	0.00994
V649	0.06623	0.12846	0.75389	0.05141
V650	0.1001	0.15211	0.69258	0.05521
V651	0.33493	0.04257	0.6198	0.00269
V652	0.13766	0.14774	0.39819	0.31641
V653	0.16735	0.65445	0.09089	0.08731
V654	0.69313	0.21638	0.04246	0.04803
V655	0.08571	0.59637	0	0.31792
V656	0.25753	0.29678	0	0.44569
V657	0.0971	0.11092	0	0.79197
V658	0.60713	0.23519	0.03583	0.12185
V659	0.35645	0.13289	0.32901	0.18165
V660	0.08399	0.89377	0	0.02224
V661	0.10907	0.46253	0.02517	0.40324
V662	0.43305	0.05327	0.42777	0.08591
V663	0.27065	0.12298	0.51246	0.09391
V664	0.23709	0.1204	0.60859	0.03392
V665	0.68795	0.20806	0.02014	0.08385
V666	0.6155	0.00339	0.08472	0.29639
V667	0.7705	0.08596	0.14353	0
V668	0.15378	0.77483	0.07139	0
V669	0.26169	0.43052	0.22759	0.08021
V670	0.12844	0.85598	0	0.01559
V671	0.3805	0.31521	0.23157	0.07271
V672	0.06682	0.09348	0.80214	0.03756
V673	0.2646	0.39567	0.20634	0.13339
V674	0.71997	0.16318	0	0.11685
V675	0.17466	0.36688	0.28888	0.16957
V676	0.08776	0.16915	0.06707	0.67602
V677	0.40559	0.41675	0.078	0.09966
V678	0.53249	0.46751	0	0
V679	0.08766	0.34674	0.56561	0
V680	0.33601	0.54016	0.12383	0
V681	0.8774	0.07903	0	0.04357
V682	0.15339	0.33493	0.4949	0.01678
V683	0.06338	0.93085	0.00577	0
V684	0.69246	0.18034	0.07894	0.04826
V685	0.50522	0.357	0.10709	0.03069
V686	0.14696	0.23663	0.11877	0.49764
V687	0.12283	0.05961	0.00518	0.81237
V688	0.39758	0.49646	0	0.10596
V689	0.32629	0	0.0283	0.64541
V690	0.48217	0.07945	0.38617	0.05222
V691	0.19613	0.05116	0.75068	0.00203
V692	0.12092	0.19511	0.63214	0.05183
V693	0.26916	0.15822	0.3335	0.23912
V694	0.06109	0.0813	0.25854	0.59908
V695	0.30576	0.03352	0.12893	0.53179
V696	0.15306	0.12053	0	0.7264
V697	0.08428	0.1001	0	0.81562
V698	0.83035	0.01092	0	0.15873
V699	0.57008	0.30259	0.04941	0.07793
V700	0.29804	0.04101	0	0.66095
V701	0.15621	0.54574	0.09089	0.20716
V702	0.57067	0.09459	0	0.33475
V703	0.17903	0.10603	0.44721	0.26773
V704	0.81771	0.06289	0.00516	0.11424
V705	0.92597	0	0.01773	0.0563
V706	0.12273	0.11021	0.69558	0.07147
V707	0.0809	0.45207	0.45042	0.0166
V708	0.08501	0.84376	0.01295	0.05828
V709	0.17202	0.30439	0.46859	0.05501
V710	0.60798	0.23458	0.02645	0.13099
V711	0.13716	0.75945	0.08936	0.01403
V712	0.81212	0.06028	0	0.1276
V713	0.4613	0.32692	0.0045	0.20727
V714	0.04913	0.68878	0.0011	0.26099
V715	0.32598	0.35791	0.27272	0.0434
V716	0.11695	0.08986	0.01342	0.77976
V717	0.12977	0.86279	0	0.00744
V718	0.1866	0.56096	0.16431	0.08814
V719	0.10437	0.70655	0.02168	0.1674
V720	0.70405	0.01098	0.21614	0.06882
V721	0.16301	0.21845	0.42788	0.19066
V722	0.14381	0.36917	0	0.48703
V723	0.18332	0.11185	0	0.70483
V724	0.60541	0.04985	0.06132	0.28343
V725	0.03044	0.16075	0.77387	0.03494
V726	0.08346	0.42955	0.09234	0.39465
V727	0.29387	0.62658	0.07954	0
V728	0.07557	0.83307	0.09137	0
V729	0.45266	0.03877	0.13564	0.37292
V730	0.87754	0.0465	0.03182	0.04415
V731	0.06663	0.25624	0.36034	0.31679
V732	0.37905	0.12057	0.31788	0.1825
V733	0.64832	0.21152	0.008	0.13216
V734	0.25985	0.3287	0.41145	0
V735	0.06627	0.08677	0.44451	0.40244
V736	0.22456	0.02716	0	0.74827
V737	0.35145	0.3187	0.21301	0.11683
V738	0.1168	0.36844	0.40719	0.10757
V739	0.01328	0.07766	0.57521	0.33385
V740	0.83095	0.10325	0.05414	0.01165
V741	0.50923	0.13671	0.09881	0.25525
V742	0.42303	0.57697	0	0
V743	0.17739	0.1931	0.62619	0.00331
V744	0.53055	0.07335	0.30126	0.09484
V745	0.05637	0.68381	0.17117	0.08865
V746	0.94944	0	0	0.05056
V747	0.10388	0.04189	0.67	0.18423
V748	0.16373	0.16008	0.53084	0.14535
V749	0.33308	0.22031	0.01429	0.43232
V750	0.4366	0.46478	0	0.09862
V751	0.09543	0.82883	0.03341	0.04233
V752	0.47561	0.25692	0.11241	0.15506
V753	0.11715	0.06628	0	0.81656
V754	0.05906	0.88999	0	0.05095
V755	0.18861	0.24607	0.30652	0.2588
V756	0.11108	0.05303	0.02861	0.80728
V757	0.36643	0.57001	0.0516	0.01196
V758	0.08879	0.73822	0.11623	0.05676
V759	0.17307	0.11421	0.36629	0.34643
V760	0.33339	0.09966	0.24943	0.31753
V761	0.10872	0.57496	0.25471	0.06161
V762	0.03019	0.42352	0	0.54629
V763	0.41598	0.3779	0	0.20612
V764	0.059	0.89085	0	0.05015
V765	0.67732	0.09038	0	0.2323
V766	0.05413	0.36663	0.40117	0.17807
V767	0.49343	0.16005	0.2181	0.12842
V768	0.1112	0.85925	0.01536	0.0142
V769	0.18949	0.78747	0.02304	0
V770	0.07353	0.91161	0.00531	0.00954
V771	0.20526	0.06909	0.71599	0.00967
V772	0.17435	0.10246	0.72319	0
V773	0.20864	0.79053	0	0.00083
V774	0.06898	0.05343	0.83585	0.04173
V775	0.17197	0.09018	0.24961	0.48824
V776	0.44803	0.42916	0.03176	0.09104
V777	0.23215	0.16613	0.10717	0.49455
V778	0.54411	0.29712	0.04698	0.1118
V779	0.21138	0.09388	0.4554	0.23933
V780	0.14361	0.73861	0.11778	0
V781	0.13636	0.08032	0	0.78332
V782	0.04455	0.18468	0.71388	0.05688
V783	0.79038	0.03503	0.03037	0.14423
V784	0.15656	0.83757	0.00587	0
V785	0.09246	0.88279	0.00586	0.01889
V786	0.71023	0.17847	0.07088	0.04042
V787	0.02426	0.8141	0.16163	0
V788	0.51561	0.31786	0.13639	0.03014
V789	0.12292	0.40494	0	0.47214
V790	0.49869	0.05463	0.04952	0.39716
V791	0.17179	0.40382	0.29952	0.12487
V792	0.17725	0.54425	0	0.2785
V793	0.16881	0.65335	0.01781	0.16003
V794	0.08858	0.14383	0.70503	0.06256
V795	0.18719	0.08878	0.02225	0.70179
V796	0.07266	0.14816	0.75741	0.02177
V797	0.75831	0.00782	0.21773	0.01615
V798	0.62328	0.30475	0.06408	0.00789
V799	0.17933	0.74935	0.01555	0.05576
V800	0.1187	0.0812	0.47701	0.32309
V801	0.18389	0.17516	0.29455	0.3464
V802	0.09134	0.13948	0.23973	0.52945
V803	0.24348	0.51378	0.24274	0
V804	0.53387	0.0468	0.35659	0.06275
V805	0.07785	0.04857	0.87359	0
V806	0.09936	0.86684	0.00407	0.02974
V807	0.31403	0.19714	0	0.48883
V808	0.66212	0.28137	0.02741	0.02911
V809	0.08353	0.10358	0.81289	0
V810	0.07385	0.91192	0	0.01423
V811	0.4538	0.11178	0.17644	0.25798
V812	0.55743	0.28678	0.02657	0.12922
V813	0.59613	0.21977	0.17025	0.01385
V814	0.45127	0.5158	0.03293	0
V815	0.03503	0.88272	0.08224	0
V816	0.94057	0.0023	0.05713	0
V817	0.07667	0.14017	0.77003	0.01313
V818	0.04675	0.11087	0.00667	0.83571
V819	0.81382	0.10092	0.03398	0.05128
V820	0.20063	0.13693	0	0.66244
V821	0.24882	0.34618	0.35203	0.05297
V822	0.11488	0.08685	0.77396	0.02432
V823	0.06292	0.24743	0.61433	0.07532
V824	0.11476	0.3951	0.49014	0
V825	0.25482	0.32922	0.22509	0.19087
V826	0.44693	0.41596	0.13711	0
V827	0.40625	0.57839	0	0.01536
V828	0.27431	0.21401	0.07832	0.43336
V829	0.09738	0.29707	0	0.60555
V830	0.27469	0.26657	0	0.45874
V831	0.76788	0.11099	0.00968	0.11144
V832	0.29789	0.42103	0.14672	0.13436
V833	0.18739	0.5184	0.16224	0.13197
V834	0.34819	0.11649	0.04662	0.4887
V835	0.38159	0.45536	0.10032	0.06273
V836	0.05271	0.6811	0	0.26619
V837	0.25476	0.40727	0.16719	0.17079
V838	0.91007	0.05934	0.01848	0.01211
V839	0.32473	0.58842	0.08685	0
V840	0.31727	0.68273	0	0
V841	0.02561	0.11541	0.80081	0.05817
V842	0.37955	0.20759	0.2308	0.18207
V843	0.06248	0.0917	0.77956	0.06627
V844	0.16162	0.14584	0.34587	0.34667
V845	0.1101	0.16839	0.6671	0.05441
V846	0.01849	0.08342	0.71122	0.18687
V847	0.0554	0.02415	0.04058	0.87988
V848	0.13143	0.52732	0.15196	0.18929
V849	0.02615	0.92789	0.00469	0.04127
V850	0.9297	0	0.0245	0.04581
V851	0.35188	0.52243	0.12569	0
V852	0.17581	0.09834	0.09701	0.62884
V853	0.27222	0.26802	0.36244	0.09731
V854	0.5966	0.19743	0.08438	0.12158
V855	0.0554	0.02415	0.04058	0.87988
V856	0.08616	0.39466	0.32095	0.19823
V857	0.67506	0.20042	0.00822	0.1163
V858	0.5596	0.0426	0.39326	0.00454
V859	0.65876	0.2523	0	0.08894
V860	0.25258	0.16398	0.01523	0.56821
V861	0.12761	0.37959	0.4928	0
V862	0.17475	0.14472	0.64483	0.0357
V863	0.26222	0.07761	0	0.66017
V864	0.15	0.08289	0.01882	0.74828
V865	0.17668	0.04593	0.23945	0.53794
V866	0.7205	0.03937	0.22848	0.01165
V867	0.71964	0.0505	0.2276	0.00226
V868	0.51828	0.29884	0.11604	0.06684
V869	0.08393	0.90835	0.00165	0.00607
V870	0.15553	0.37449	0	0.46998
V871	0.02615	0.92789	0.00469	0.04127
V872	0.06714	0.06956	0.21671	0.64658
V873	0.86535	0.04561	0.03912	0.04993
V874	0.22625	0.75919	0.01456	0
V875	0.06502	0.25566	0.16996	0.50935
V876	0.19337	0.3606	0.37397	0.07206
V877	0.08652	0.43445	0.2715	0.20753
V878	0.16553	0.7805	0.05396	0
V879	0.2311	0.67191	0.03266	0.06432
V880	0.33667	0.53974	0	0.12358
V881	0.18635	0.0987	0.55036	0.1646
V882	0.79427	0	0.1203	0.08542
V883	0.29654	0.2309	0.47256	0
V884	0.07042	0.29861	0	0.63097
V885	0.71344	0.2213	0.06526	0
V886	0.05374	0.40225	0.42802	0.11599
V887	0.63672	0.09128	0.13926	0.13274
V888	0.14403	0.10783	0.66985	0.07829
V889	0.89073	0.06489	0.00665	0.03773
V890	0.07352	0.20677	0.5639	0.15581
V891	0.62325	0.07935	0.2591	0.0383
V892	0.32718	0.20929	0	0.46353
V893	0.57721	0.23783	0.13351	0.05145
V894	0.10998	0.34709	0.52338	0.01955
V895	0.59638	0.09453	0.1768	0.13229
V896	0.09314	0.88824	0	0.01862
V897	0.68597	0.25776	0	0.05627
V898	0.51071	0	0	0.48929
V899	0.0785	0.25292	0.10842	0.56016
V900	0.11776	0.34257	0.33077	0.2089
V901	0.08361	0.81338	0	0.103
V902	0.09973	0.85452	0.04575	0
V903	0.0434	0.44731	0.48261	0.02668
V904	0.08266	0.90843	0	0.00891
V905	0.22084	0.00232	0.16612	0.61071
V906	0.43949	0.13052	0.07795	0.35204
V907	0.45253	0.50661	0.00168	0.03918
V908	0.07536	0.10228	0.03555	0.7868
V909	0.17638	0.77031	0	0.05331
V910	0.23735	0.00372	0.10605	0.65288
V911	0.52711	0.39824	0.01645	0.05819
V912	0.40891	0.35211	0.10347	0.13551
V913	0.20432	0	0	0.79568
V914	0.21788	0.4982	0.26902	0.0149
V915	0.29508	0	0	0.70492
V916	0.27797	0.10696	0.58035	0.03471
V917	0.70669	0.04876	0.15066	0.0939
V918	0.08695	0.62475	0.21707	0.07122
V919	0.23386	0.28238	0.26533	0.21843
V920	0.61188	0.22417	0.0772	0.08676
V921	0.0932	0.21099	0	0.69581
V922	0.1417	0.47646	0.35666	0.02518
V923	0.16635	0.05881	0.0166	0.75824
V924	0.08192	0.65342	0.25566	0.00901
V925	0.24859	0.06167	0	0.68974
V926	0.27309	0.05757	0	0.66934
V927	0.09702	0.0909	0.02219	0.78989
V928	0.09715	0.85225	0	0.0506
V929	0.09903	0.63991	0.11904	0.14202
V930	0.51969	0.38183	0.01373	0.08475
V931	0.17216	0.31411	0.45916	0.05457
V932	0.07411	0.17699	0.5575	0.1914
V933	0.60476	0.38912	0	0.00612
V934	0.05224	0.21514	0.2434	0.48922
V935	0.55785	0.19426	0.18791	0.05998
V936	0.53807	0.29018	0	0.17175
V937	0.55743	0.16212	0.0609	0.21955
V938	0.40673	0.0862	0.27826	0.22881
V939	0.75479	0.03528	0.05769	0.15224
V940	0.06942	0.75972	0.1463	0.02456
V941	0.03604	0.05913	0.86815	0.03667
V942	0.728	0.2055	0.05348	0.01302
V943	0.40907	0.17007	0.38146	0.0394
V944	0.06753	0.32428	0.02925	0.57894
V945	0.56562	0.35808	0	0.0763
V946	0.4636	0.28795	0.23063	0.01782
V947	0.14327	0.10259	0.19697	0.55717
V948	0.36013	0.07494	0.55412	0.01081
V949	0.02269	0.17595	0.17482	0.62654
V950	0.09708	0.54905	0.1933	0.16057
V951	0.81704	0.0345	0.14059	0.00787
V952	0.11986	0.18874	0.23197	0.45942
V953	0.0612	0.12162	0.7813	0.03588
V954	0.08955	0.24089	0.10888	0.56068
V955	0.17018	0.611	0.00303	0.21578
V956	0.0872	0.08462	0.47511	0.35307
V957	0.3874	0.01864	0	0.59397
V958	0.13528	0	0	0.86472
V959	0.25909	0.29686	0.38997	0.05409
V960	0.27979	0.31829	0.04731	0.35461
V961	0.17174	0.41208	0.31854	0.09763
V962	0.37931	0.2104	0.35542	0.05487
V963	0.59014	0.19976	0.14163	0.06848
V964	0.81932	0.04762	0.08909	0.04397
V965	0.09873	0.52328	0.17087	0.20711
V966	0.92293	0.03598	0	0.04109
V967	0.10589	0.10359	0.48715	0.30337
V968	0.02144	0.21474	0.70575	0.05807
V969	0.05674	0.34413	0.00021	0.59892
V970	0.07882	0.18371	0.38999	0.34748
V971	0.50559	0.12319	0.30235	0.06888
V972	0.52654	0.23266	0.02206	0.21873
V973	0.30422	0.44376	0.05436	0.19765
V974	0.04664	0.76219	0.12663	0.06454
V975	0.13319	0.32193	0.54488	0
V976	0.45657	0.2785	0.09292	0.17202
V977	0.33513	0.36801	0.29685	0
V978	0.13677	0.14404	0.0282	0.69098
V979	0.79149	0.03642	0.16585	0.00624
V980	0.94944	0	0	0.05056
V981	0.36593	0.0739	0.3967	0.16347
V982	0.45701	0.40932	0.06054	0.07312
V983	0.70785	0.06763	0	0.22452
V984	0.06044	0.80106	0.11083	0.02767
V985	0.13347	0.21907	0	0.64746
V986	0.35144	0.52443	0.03446	0.08967
V987	0.27731	0.7167	0	0.00599
V988	0.28176	0.03679	0	0.68145
V989	0.46036	0.46867	0.06692	0.00405
V990	0.01723	0.11996	0.73723	0.12558
V991	0.6474	0.34472	0	0.00788
V992	0.24308	0.05335	0.48228	0.22129
V993	0.11157	0.69629	0.16263	0.0295
V994	0.22866	0.74949	0.02184	0
V995	0.73371	0.1309	0.00793	0.12746
V996	0.32133	0.14925	0	0.52941
V997	0.06197	0.07921	0.75528	0.10354
V998	0.85359	0.02565	0.05575	0.06501
V999	0.16493	0.83507	0	0
V1000	0.36667	0.02949	0	0.60384
