B_cells	NK_cells	T_cells_CD4.	Monocytes
V1	0.59295	0.00411	0.17517	0.22777
V2	0.23497	0.09936	0.05226	0.61341
V3	0.10912	0.62615	0.0141	0.25062
V4	0.86539	0.10245	0	0.03215
V5	0.1513	0.46732	0.26359	0.11779
V6	0.12856	0.8156	0.04122	0.01461
V7	0.20196	0.37328	0.08764	0.33713
V8	0.1673	0.01979	0.78512	0.02778
V9	0.30576	0.25261	0.02814	0.41349
V10	0.05697	0.02651	0.86662	0.0499
V11	0.23598	0.34408	0.41994	0
V12	0.06671	0.55811	0.37519	0
V13	0.31208	0.66689	0.01208	0.00896
V14	0.12326	0.85467	0.02207	0
V15	0.16644	0.57937	0.1362	0.11799
V16	0.88943	0.04044	0.02108	0.04905
V17	0.13832	0.81856	0.02879	0.01433
V18	0.59324	0.33397	0.04608	0.0267
V19	0.20935	0.76949	0.01692	0.00425
V20	0.22288	0.47293	0.01483	0.28937
V21	0.16798	0.07808	0.73226	0.02167
V22	0.07768	0.11089	0.22016	0.59127
V23	0.40249	0.05369	0.54382	0
V24	0.9378	0.02896	0.03324	0
V25	0.38847	0.24496	0.1315	0.23507
V26	0.43857	0.38738	0.01102	0.16303
V27	0.19783	0.07092	0.01493	0.71632
V28	0.01395	0.07925	0.9068	0
V29	0.46116	0.0384	0.4805	0.01993
V30	0.15001	0.23546	0.28507	0.32947
V31	0.24918	0.20717	0.29932	0.24433
V32	0.18181	0.03302	0.0476	0.73757
V33	0.0856	0.48654	0.36126	0.0666
V34	0.16725	0.05771	0.74988	0.02515
V35	0.2096	0.67786	0.10129	0.01125
V36	0.04966	0.06159	0.49399	0.39476
V37	0.58529	0.07129	0.09829	0.24513
V38	0.48654	0	0.17684	0.33663
V39	0.20962	0.54495	0.14335	0.10208
V40	0.13802	0.76699	0.09499	0
V41	0.0485	0.67643	0.06202	0.21305
V42	0.29577	0.03279	0.22049	0.45095
V43	0.17051	0.3385	0.48637	0.00463
V44	0.04869	0.10107	0.72126	0.12897
V45	0.14215	0.56453	0.23411	0.05922
V46	0.80442	0.07279	0.12278	0
V47	0.47103	0.19263	0.3089	0.02744
V48	0.81377	0.16141	0	0.02482
V49	0.75039	0.17457	0	0.07504
V50	0.11389	0.77913	0.10698	0
V51	0.34472	0.3891	0.26143	0.00475
V52	0.0616	0.13322	0.77803	0.02716
V53	0.73671	0.11522	0.14807	0
V54	0.44706	0.19571	0.35678	0.00045
V55	0.2704	0.14097	0.2497	0.33893
V56	0.13954	0.01342	0.109	0.73805
V57	0.14984	0.80676	0.04164	0.00176
V58	0.69297	0	0.03669	0.27034
V59	0.46202	0.39504	0.11415	0.02878
V60	0.18388	0.17085	0.33489	0.31037
V61	0.81566	0.10268	0.00021	0.08145
V62	0.87341	0.03494	0.06956	0.02209
V63	0.06384	0.77882	0.14684	0.01049
V64	0.05888	0.84116	0	0.09996
V65	0.09907	0	0.1267	0.77422
V66	0.26342	0.66183	0.02794	0.04681
V67	0.18597	0.32348	0.49055	0
V68	0.2437	0.1643	0.01026	0.58174
V69	0.06222	0.31542	0.5939	0.02846
V70	0.56236	0.15407	0.18418	0.0994
V71	0.21867	0.08622	0.38432	0.31079
V72	0.60039	0.159	0.09764	0.14297
V73	0.19794	0.58832	0.15539	0.05835
V74	0.08438	0.22502	0.6906	0
V75	0.72281	0	0.19427	0.08292
V76	0.03893	0.19922	0.20236	0.55948
V77	0.10562	0.31499	0	0.5794
V78	0.36276	0.12432	0.19409	0.31882
V79	0.03825	0.12341	0.76823	0.0701
V80	0.38316	0.03064	0.52096	0.06524
V81	0.09298	0.17479	0.73222	0
V82	0.02239	0.09812	0.8627	0.01679
V83	0.20971	0.19349	0.07869	0.51811
V84	0.45351	0.04689	0.17186	0.32774
V85	0.14886	0.32357	0.40036	0.12721
V86	0.08407	0.07509	0.8031	0.03774
V87	0.08271	0.78695	0.08033	0.05001
V88	0.23136	0.07009	0.28317	0.41539
V89	0.0945	0.02395	0.22146	0.66009
V90	0.08037	0.82944	0.08465	0.00555
V91	0.08045	0.69633	0.20907	0.01415
V92	0.48765	0.0288	0.37667	0.10688
V93	0.89147	0.00818	0	0.10035
V94	0.07067	0.47444	0.02304	0.43185
V95	0.29813	0.4261	0.16649	0.10927
V96	0.1663	0.11863	0.02313	0.69194
V97	0.69137	0.104	0.20463	0
V98	0.70903	0.27707	0	0.0139
V99	0.80355	0.04775	0.14835	0.00034
V100	0.11669	0.05164	0.80918	0.02249
V101	0.12299	0.07206	0	0.80494
V102	0.91304	0.05382	0	0.03314
V103	0.0843	0.05907	0.11051	0.74612
V104	0.08966	0.87958	0.02682	0.00393
V105	0.11291	0.85209	0.03499	0
V106	0.16166	0.49661	0.32756	0.01417
V107	0.22237	0.21228	0.53929	0.02606
V108	0.18778	0.70347	0.10875	0
V109	0.04904	0.18369	0.58643	0.18084
V110	0.10848	0.81455	0.0634	0.01357
V111	0.90819	0	0.073	0.01881
V112	0.18259	0.0802	0.43625	0.30096
V113	0.25796	0.11837	0.1906	0.43308
V114	0.32894	0.04998	0.09029	0.53078
V115	0.04805	0.70624	0.2457	0
V116	0.1825	0.3211	0.36923	0.12717
V117	0.69038	0.24381	0.03468	0.03113
V118	0.21535	0.5726	0.04076	0.17128
V119	0.20464	0.09034	0.05661	0.64841
V120	0.11824	0.09485	0.7805	0.00641
V121	0.62297	0.12971	0.09674	0.15059
V122	0.92284	0.00717	0.0252	0.04479
V123	0.05237	0.5367	0.05536	0.35557
V124	0.68041	0.27198	0	0.04761
V125	0.41826	0.40035	0.18136	3e-05
V126	0.11694	0.16885	0.05671	0.6575
V127	0.23345	0.05881	0.27336	0.43438
V128	0.12184	0.01873	0.12953	0.72989
V129	0.59316	0.22798	0.16533	0.01353
V130	0.0453	0.61642	0.33828	0
V131	0.07836	0.86098	0.00233	0.05833
V132	0.90946	0.00221	0.04	0.04832
V133	0.89827	0.01548	0.05743	0.02882
V134	0.16274	0.40707	0.1403	0.28989
V135	0.16103	0.02636	0.19976	0.61285
V136	0.30462	0.41433	0.00106	0.27999
V137	0.66114	0.0385	0.24431	0.05606
V138	0.25455	0.40347	0.18783	0.15415
V139	0.39414	0.21504	0.20138	0.18944
V140	0.11234	0.10799	0.06543	0.71424
V141	0.10559	0.17926	0.53438	0.18078
V142	0.80066	0	0.19934	0
V143	0.47326	0.26715	0.06884	0.19075
V144	0.23291	0.17391	0.17988	0.41331
V145	0.03078	0.72075	0.24847	0
V146	0.16446	0.01612	0.06284	0.75658
V147	0.89502	0.02332	0.02305	0.05861
V148	0.1728	0.09571	0.56772	0.16377
V149	0.29169	0.48453	0.22378	0
V150	0.12644	0.25588	0.56591	0.05177
V151	0.25552	0.60726	0.04343	0.09378
V152	0.27146	0.43391	0.22812	0.06651
V153	0.15991	0.72342	0.03038	0.08629
V154	0.27995	0.4414	0.27483	0.00382
V155	0.49618	0.15178	0.28083	0.07122
V156	0.06905	0.16589	0.6685	0.09657
V157	0.34567	0.17073	0.31171	0.1719
V158	0.12304	0	0.07965	0.79731
V159	0.88001	0.05922	0	0.06077
V160	0.72988	0	0.06726	0.20286
V161	0.30766	0.00523	0.04117	0.64593
V162	0.12858	0.32655	0.09173	0.45314
V163	0.14409	0.4925	0.18436	0.17906
V164	0.3844	0.31525	0.11085	0.1895
V165	0.07344	0.29056	0	0.63601
V166	0.07895	0.12084	0.08546	0.71474
V167	0.44157	0	0	0.55843
V168	0.32579	0.54642	0.09248	0.03531
V169	0.28042	0.06608	0.04191	0.61159
V170	0.15775	0.04353	0.52707	0.27165
V171	0.16984	0.25381	0.5595	0.01684
V172	0.72232	0	0.26718	0.0105
V173	0.10518	0.17	0.04832	0.6765
V174	0.08256	0.19179	0.08806	0.63758
V175	0.1075	0.03304	0.76338	0.09609
V176	0.05037	0.75761	0.19202	0
V177	0.06796	0.9025	0.00542	0.02413
V178	0.05579	0.75945	0.01787	0.16688
V179	0.22397	0.02424	0.39409	0.35769
V180	0.07183	0.82916	0.099	0
V181	0.20338	0.15345	0.52239	0.12078
V182	0.33016	0.19425	0.44083	0.03476
V183	0.22721	0.75442	0.01837	0
V184	0.97011	0	0.02989	0
V185	0.59445	0.39002	0.01553	0
V186	0.16282	0.47343	0.27151	0.09224
V187	0.92631	0.00785	0.04082	0.02502
V188	0.13125	0.2529	0	0.61586
V189	0.83325	0.01927	0.01407	0.13341
V190	0.66341	0.02024	0.30771	0.00865
V191	0.22312	0.22246	0.53882	0.01559
V192	0.34701	0.46277	0.05416	0.13605
V193	0.62197	0.03746	0.2381	0.10248
V194	0.0922	0.86583	0.02034	0.02163
V195	0.05952	0.06592	0.85401	0.02055
V196	0.09574	0.10398	0.01364	0.78664
V197	0.49025	0.05791	0.01606	0.43578
V198	0.10928	0.49137	0.36814	0.03121
V199	0.24542	0.03293	0.19441	0.52724
V200	0.18508	0.57	0.02063	0.22429
V201	0.14187	0.54334	0.20476	0.11004
V202	0.05611	0.05291	0.75503	0.13595
V203	0.20219	0.41738	0.38043	0
V204	0.06147	0.56147	0.00712	0.36993
V205	0.06011	0.09181	0.82826	0.01982
V206	0.08637	0.12536	0.78827	0
V207	0.21026	0.2155	0.05576	0.51848
V208	0.2806	0.08789	0.6315	0
V209	0.34492	0.46153	0.07465	0.1189
V210	0.13551	0.72103	0.11317	0.03029
V211	0.50194	0.01456	0.03016	0.45335
V212	0.52155	0.0534	0.4113	0.01376
V213	0.66759	0.03023	0.11616	0.18602
V214	0.38063	0.17463	0.17274	0.272
V215	0.37496	0.11624	0.00522	0.50358
V216	0.1509	0	0.0665	0.78259
V217	0.08742	0.49554	0.24742	0.16962
V218	0.14533	0.45642	0.18333	0.21492
V219	0.16228	0.63573	0.01411	0.18787
V220	0.05682	0.80669	0.02149	0.11499
V221	0.83806	0.00063	0	0.16132
V222	0.35167	0.15108	0.35924	0.13801
V223	0.03911	0.16898	0.73325	0.05866
V224	0.96104	0	0.03896	0
V225	0.10733	0.81081	0.08187	0
V226	0.3331	0.10217	0.56473	0
V227	0.79107	0	0.19309	0.01583
V228	0.77911	0.06695	0.06786	0.08608
V229	0.06147	0.05837	0.84701	0.03314
V230	0.10847	0.04922	0.05323	0.78908
V231	0.06893	0.31186	0.1248	0.49441
V232	0.09793	0.6616	0	0.24048
V233	0.58545	0.09528	0.20226	0.11701
V234	0.09177	0.84285	0.05684	0.00854
V235	0.39991	0.07882	0.50602	0.01525
V236	0.08318	0.10119	0.75417	0.06146
V237	0.2567	0.00717	0.0494	0.68673
V238	0.17348	0.53227	0.2712	0.02304
V239	0.12907	0.43072	0.01648	0.42373
V240	0.50707	0.0516	0.40721	0.03411
V241	0.05721	0.03416	0.85175	0.05687
V242	0.17652	0.71116	0.11232	0
V243	0.2732	0.06452	0.60423	0.05804
V244	0.24306	0.01468	0.67497	0.06729
V245	0.61601	0.28756	0.05285	0.04358
V246	0.0953	0.17587	0.71963	0.0092
V247	0.18966	0.04942	0.76091	0
V248	0.11592	0.0483	0.07324	0.76254
V249	0.01708	0.08123	0.83917	0.06253
V250	0.76865	0	0.21987	0.01149
V251	0.92691	0.0478	0.00282	0.02247
V252	0.04595	0.78373	0.17032	0
V253	0.42066	0.07902	0.17248	0.32784
V254	0.0636	0.8573	0.0791	0
V255	0.09925	0.8658	0	0.03495
V256	0.21265	0.23065	0.49701	0.05969
V257	0.45957	0.11182	0.23727	0.19134
V258	0.21508	0.27857	0.41401	0.09234
V259	0.07456	0.30565	0.60073	0.01906
V260	0.02143	0.29838	0.68019	0
V261	0.63647	0.03413	0.20195	0.12745
V262	0.19629	0.08002	0.01342	0.71027
V263	0.0753	0.89725	0	0.02744
V264	0.21557	0.05672	0.43518	0.29253
V265	0.11867	0	0.16123	0.7201
V266	0.66993	0.32588	0.00419	0
V267	0.03132	0.21199	0.30604	0.45066
V268	0.44815	0.02459	0.15476	0.3725
V269	0.04197	0.54153	0.39152	0.02498
V270	0.65493	0.02842	0.24527	0.07137
V271	0.80711	0.0657	0.03134	0.09585
V272	0.10668	0.78982	0.02451	0.07899
V273	0.15907	0.03209	0.06389	0.74495
V274	0.71772	0	0.1853	0.09698
V275	0.02471	0.06993	0.87469	0.03067
V276	0.53863	0.33618	0.00173	0.12346
V277	0.0922	0.23624	0.17679	0.49477
V278	0.09872	0.08016	0.30962	0.5115
V279	0.70353	0.059	0.11546	0.12201
V280	0.12304	0	0.07965	0.79731
V281	0.58348	0.03269	0.14735	0.23649
V282	0.09481	0.10133	0.75645	0.04742
V283	0.25555	0.56237	0.07132	0.11076
V284	0.08033	0.83506	0.08461	0
V285	0.10537	0.03348	0.86114	0
V286	0.28496	0.52655	0.12084	0.06765
V287	0.14812	0.80893	0.02866	0.0143
V288	0.05291	0.30323	0.43006	0.2138
V289	0.31096	0.23345	0.40568	0.0499
V290	0.84042	0.15046	0.00913	0
V291	0.5025	0.08198	0.41409	0.00143
V292	0.9217	0.00386	0	0.07444
V293	0.32319	0.03654	0.61384	0.02643
V294	0.1515	0.3869	0	0.4616
V295	0.0704	0.2062	0.20902	0.51439
V296	0.21221	0.14491	0.58054	0.06233
V297	0.17624	0	0.09986	0.72389
V298	0.32275	0.12071	0.55654	0
V299	0.14059	0.30655	0.00203	0.55084
V300	0.0479	0.05157	0.25448	0.64605
V301	0.15931	0.139	0.61385	0.08785
V302	0.67211	0.3167	0	0.0112
V303	0.03012	0.5756	0.38153	0.01275
V304	0.09645	0.05727	0.71673	0.12954
V305	0.16282	0.1851	0.45304	0.19904
V306	0.80518	0.09355	0.05116	0.05011
V307	0.07508	0.86819	0.03967	0.01706
V308	0.26783	0.24652	0.29672	0.18894
V309	0.38437	0.32794	0.0165	0.27118
V310	0.131	0.33867	0.16355	0.36678
V311	0.54382	0.44696	0.00809	0.00114
V312	0.14672	0.69156	0.16072	0.00101
V313	0.05179	0.13997	0.02709	0.78115
V314	0.06001	0.4977	0.12405	0.31824
V315	0.17138	0.61383	0.04432	0.17047
V316	0.33944	0.15237	0.37905	0.12914
V317	0.13697	0.67651	0.05971	0.12681
V318	0.09097	0.57149	0.01285	0.32469
V319	0.09497	0.09459	0.7829	0.02754
V320	0.11523	0.17055	0.61766	0.09655
V321	0.65985	0.33542	0.00473	0
V322	0.24974	0.33919	0.07355	0.33752
V323	0.14632	0.02814	0.11018	0.71537
V324	0.6691	0.24623	0.07258	0.0121
V325	0.33677	0.59691	0.06632	0
V326	0.03135	0.57962	0.1088	0.28023
V327	0.08192	0.172	0.1178	0.62828
V328	0.08636	0.05851	0.7185	0.13663
V329	0.23645	0.13006	0.18121	0.45228
V330	0.42773	0.01795	0.33584	0.21847
V331	0.41279	0.1002	0.0406	0.44641
V332	0.07146	0.06889	0.20145	0.65819
V333	0.44379	0.08826	0.3799	0.08805
V334	0.39471	0.01984	0.35727	0.22819
V335	0.06229	0.34593	0.49861	0.09317
V336	0.22255	0.67193	0.02714	0.07838
V337	0.3121	0.39165	0.29151	0.00473
V338	0.03802	0.90044	0.03888	0.02267
V339	0.15732	0.02447	0.8131	0.00511
V340	0.09276	0.24914	0.51266	0.14544
V341	0.1114	0.04646	0.08793	0.75421
V342	0.27899	0.01612	0.59981	0.10508
V343	0.9328	0.02661	0.00841	0.03218
V344	0.67822	0.14459	0.17719	0
V345	0.0619	0.06922	0.86887	0
V346	0.27784	0.13219	0.28917	0.3008
V347	0.13012	0.01621	0.14714	0.70653
V348	0.09901	0.6299	0.16067	0.11041
V349	0.36737	0.17997	0.37437	0.07829
V350	0.06467	0.74744	0.18789	0
V351	0.07042	0.05659	0.41081	0.46219
V352	0.08389	0.05067	0.80145	0.06399
V353	0.869	0.01983	0.03736	0.07381
V354	0.09057	0.65293	0.23759	0.0189
V355	0.30576	0.09549	0.45112	0.14763
V356	0.12163	0.03082	0.11942	0.72813
V357	0.15317	0.34594	0.28414	0.21674
V358	0.57853	0.11107	0.04773	0.26268
V359	0.6149	0.06202	0.02549	0.2976
V360	0.56745	0.40387	0.02337	0.0053
V361	0.02145	0.44291	0.53564	0
V362	0.02804	0.90155	0.05058	0.01983
V363	0.20785	0.14182	0.46017	0.19016
V364	0.19088	0.08998	0.64715	0.07198
V365	0.35075	0.03565	0.00136	0.61224
V366	0.12451	0.657	0.10084	0.11765
V367	0.60767	0.14081	0	0.25151
V368	0.13535	0.69239	0.10188	0.07039
V369	0.05249	0.39157	0.55594	0
V370	0.32077	0.27984	0.39411	0.00528
V371	0.23139	0.68183	0.03977	0.04701
V372	0.23961	0.06596	0.13366	0.56077
V373	0.12168	0.16714	0.4679	0.24328
V374	0.78067	0.01424	0.2051	0
V375	0.1207	0.05452	0.15971	0.66507
V376	0.11921	0.04447	0.11631	0.72001
V377	0.81544	0	0	0.18456
V378	0.05548	0.05803	0.42282	0.46367
V379	0.39604	0.21133	0	0.39263
V380	0.2155	0.09009	0.21282	0.48159
V381	0.74766	0.00839	0.09788	0.14607
V382	0.11985	0.0671	0.81305	0
V383	0.835	0	0.0526	0.1124
V384	0.57833	0.08276	0.13667	0.20224
V385	0.84602	0.01027	0.08031	0.06341
V386	0.36552	0.01599	0.16036	0.45812
V387	0.58849	0.15405	0.1915	0.06597
V388	0.39737	0.33145	0.15043	0.12076
V389	0.44401	0.49793	0.01132	0.04673
V390	0.30952	0.25635	0.43413	0
V391	0.47767	0.11908	0.00285	0.4004
V392	0.4449	0.23052	0.16911	0.15547
V393	0.30564	0.24254	0.34214	0.10967
V394	0.15442	0.25034	0.12306	0.47219
V395	0.25509	0.39294	0.20866	0.14331
V396	0.06308	0.88198	0.02823	0.02671
V397	0.76922	0.0872	0.1058	0.03778
V398	0.48118	0.14651	0.0996	0.2727
V399	0.22967	0.53196	0.16277	0.0756
V400	0.03248	0.59776	0.07907	0.2907
V401	0.06877	0.18444	0.68863	0.05816
V402	0.80444	0.16102	0.03454	0
V403	0.11251	0.03409	0.09846	0.75495
V404	0.12548	0.2185	0.58657	0.06945
V405	0.28816	0.04107	0.18224	0.48852
V406	0.65425	0.25046	0.00971	0.08559
V407	0.03802	0.90044	0.03888	0.02267
V408	0.12978	0.26671	0.39685	0.20667
V409	0.06677	0.03867	0.07079	0.82376
V410	0.13787	0.79956	0.05123	0.01133
V411	0.50847	0	0	0.49153
V412	0.19789	0.10146	0.49223	0.20842
V413	0.10054	0.48944	0.19492	0.2151
V414	0.07511	0.49986	0.33414	0.09089
V415	0.47686	0.0402	0.23785	0.24509
V416	0.04593	0.10996	0.84412	0
V417	0.41125	0.57633	0.01242	0
V418	0.1425	0.12526	0.15626	0.57598
V419	0.11648	0	0.08667	0.79685
V420	0.02499	0.86176	0.03736	0.07589
V421	0.19106	0.06829	0.65102	0.08964
V422	0.14798	0.09213	0.00357	0.75633
V423	0.11669	0.05164	0.80918	0.02249
V424	0.01913	0.08833	0.62748	0.26506
V425	0.09258	0.2583	0.57092	0.07819
V426	0.12674	0.07858	0.74167	0.053
V427	0.11331	0.41025	0.20497	0.27147
V428	0.13607	0.72668	0.0736	0.06365
V429	0.1128	0	0.09371	0.79349
V430	0.75286	0.16853	0.0102	0.06841
V431	0.22509	0.04722	0.45375	0.27394
V432	0.19176	0.11171	0.05609	0.64044
V433	0.108	0.72327	0	0.16873
V434	0.40107	0.09007	0.05202	0.45684
V435	0.54999	0.01151	0.13017	0.30834
V436	0.44104	0.0132	0.12706	0.4187
V437	0.29775	0.24412	0	0.45813
V438	0.6293	0.16749	0.02632	0.1769
V439	0.1237	0.12914	0.00109	0.74607
V440	0.53973	0.04497	0.02659	0.38871
V441	0.10577	0.15987	0.57978	0.15458
V442	0.34821	0.34872	0.14159	0.16148
V443	0.75591	0	0.09664	0.14745
V444	0.0619	0.06922	0.86887	0
V445	0.61485	0.02723	0.33517	0.02275
V446	0.08251	0.78005	0.07987	0.05756
V447	0.6293	0.10211	0.18231	0.08627
V448	0.08189	0.08895	0.21009	0.61908
V449	0.56726	0.05208	0.29614	0.08452
V450	0.18188	0.78995	0.02817	0
V451	0.90829	0.04654	0	0.04516
V452	0.12885	0.0163	0.10304	0.7518
V453	0.79692	0.07635	0.06881	0.05791
V454	0.03306	0.86733	0.08214	0.01748
V455	0.60209	0.04293	0.30178	0.0532
V456	0.35	0.14113	0.37836	0.1305
V457	0.06445	0.06555	0.04159	0.82841
V458	0.32941	0.24191	0	0.42868
V459	0.05729	0.75332	0.11745	0.07194
V460	0.91611	0.00435	0.04072	0.03881
V461	0.16705	0.06284	0.00886	0.76126
V462	0.39846	0.24915	0	0.35239
V463	0.28426	0.46305	0.16858	0.08411
V464	0.55432	0.10373	0	0.34195
V465	0.43238	0.42316	0.02329	0.12118
V466	0.60982	0.18912	0	0.20106
V467	0.34565	0.54257	0.09271	0.01907
V468	0.51531	0.38878	0.05575	0.04015
V469	0.06384	0.20899	0.30152	0.42565
V470	0.5556	0.13433	0.1849	0.12517
V471	0.3386	0.12573	0.03018	0.50549
V472	0.37008	0.33237	0	0.29755
V473	0.14096	0.52205	0.33699	0
V474	0.20842	0	0.1245	0.66708
V475	0.23207	0.41132	0.08593	0.27068
V476	0.25156	0.01947	0.07542	0.65354
V477	0.60835	0.04542	0.21167	0.13456
V478	0.18571	0.58888	0.00129	0.22413
V479	0.04706	0.12257	0.76007	0.0703
V480	0.14304	0.33539	0.04856	0.47301
V481	0.17787	0.04927	0.76452	0.00834
V482	0.69009	0.16428	0.11693	0.02871
V483	0.20583	0.13108	0.08221	0.58088
V484	0.10912	0.09262	0.04115	0.75711
V485	0.17193	0.70871	0.01806	0.1013
V486	0.31185	0.28079	0.1357	0.27166
V487	0.1622	0.05947	0.10319	0.67515
V488	0.02386	0.03358	0.85361	0.08895
V489	0.23937	0.12783	0.6328	0
V490	0.37824	0.32648	0.0703	0.22498
V491	0.46485	0.45107	0.03739	0.04669
V492	0.07274	0.77315	0.15411	0
V493	0.15601	0	0	0.84399
V494	0.22422	0.18156	0.50021	0.09401
V495	0.26	0.58553	0.15447	0
V496	0.31521	0.65399	0	0.0308
V497	0.06166	0.02796	0.88678	0.02359
V498	0.37804	0.12203	0.05195	0.44798
V499	0.6144	0.2578	0.12781	0
V500	0.13776	0.15296	0.68463	0.02465
V501	0.05777	0	0.10558	0.83665
V502	0.55395	0.27721	0.15801	0.01083
V503	0.25584	0.11956	0.21065	0.41394
V504	0.27405	0.66083	0.01817	0.04694
V505	0.23962	0.23809	0.25963	0.26266
V506	0.12666	0.27683	0.44322	0.15329
V507	0.62092	0.11026	0.12668	0.14214
V508	0.74661	0.16734	0.04197	0.04408
V509	0.26152	0.08914	0.49397	0.15537
V510	0.24922	0.48756	0.26322	0
V511	0.10295	0.4423	0.05101	0.40374
V512	0.31655	0.06153	0.09023	0.5317
V513	0.12086	0.61016	0.22665	0.04233
V514	0.09954	0.09914	0	0.80132
V515	0.76875	0.06646	0.04875	0.11604
V516	0.90267	0.07971	0	0.01762
V517	0.10788	0.04716	0.26842	0.57654
V518	0.93419	0.03756	0	0.02826
V519	0.07606	0.8269	0.01839	0.07864
V520	0.07224	0.01949	0.62991	0.27836
V521	0.56475	0.05819	0.35607	0.02098
V522	0.03953	0.16283	0.57183	0.22581
V523	0.38365	0.14665	0.26085	0.20884
V524	0.04766	0.7248	0.2116	0.01594
V525	0.32041	0.23091	0.0175	0.43117
V526	0.65767	0.08882	0.07747	0.17604
V527	0.25219	0.04405	0.40226	0.30151
V528	0.14876	0.81473	0.00084	0.03566
V529	0.12698	0.08631	0.23748	0.54923
V530	0.0385	0.23337	0.64901	0.07912
V531	0.05913	0.80685	0.13403	0
V532	0.23199	0.35192	0.02048	0.39561
V533	0.31558	0.36027	0.14389	0.18025
V534	0.04716	0.05294	0.69584	0.20406
V535	0.61125	0	0	0.38875
V536	0.24631	0	0.39112	0.36257
V537	0.58976	0.25429	0.15595	0
V538	0.50115	0.06336	0.09215	0.34334
V539	0.29813	0.4261	0.16649	0.10927
V540	0.24115	0.64984	0.08958	0.01943
V541	0.06203	0.52688	0.07461	0.33648
V542	0.24686	0.15428	0.26025	0.33861
V543	0.88045	0.00144	0.01032	0.10779
V544	0.17314	0.1141	0.18473	0.52804
V545	0.41367	0.15941	0.07217	0.35476
V546	0.09664	0.81224	0.09112	0
V547	0.07825	0.60192	0.31982	0
V548	0.19328	0.70515	0.10157	0
V549	0.34209	0.05763	0.59777	0.00251
V550	0.63451	0.01945	0	0.34604
V551	0.22073	0.69106	0.05045	0.03776
V552	0.03287	0.55884	0.01074	0.39755
V553	0.25379	0.17354	0.57267	0
V554	0.14651	0.10941	0.02982	0.71427
V555	0.13399	0.257	0.33642	0.27258
V556	0.01418	0.07482	0.86537	0.04563
V557	0.82818	0.02999	0.0011	0.14073
V558	0.11611	0.74677	0.04279	0.09432
V559	0.04453	0.7497	0.20576	0
V560	0.69729	0.29494	0	0.00777
V561	0.02471	0.06993	0.87469	0.03067
V562	0.77988	0.00151	0.12449	0.09412
V563	0.26648	0.02367	0.7049	0.00495
V564	0.09786	0.11502	0.78094	0.00618
V565	0.16207	0.28468	0.373	0.18024
V566	0.71663	0.09792	0	0.18545
V567	0.26662	0.45704	0.02357	0.25277
V568	0.32453	0.00221	0.0699	0.60335
V569	0.71412	0.01806	0	0.26782
V570	0.06133	0.30665	0.58647	0.04555
V571	0.81724	0.11852	0	0.06425
V572	0.4614	0.02431	0.43225	0.08203
V573	0.143	0.19873	0	0.65827
V574	0.08238	0.72644	0.19118	0
V575	0.08631	0.10902	0.14038	0.66428
V576	0.19938	0.74397	0.05665	0
V577	0.10945	0.06633	0.22855	0.59567
V578	0.09586	0.10479	0.65377	0.14558
V579	0.05353	0.8111	0.12031	0.01506
V580	0.23525	0.00782	0.13167	0.62527
V581	0.16456	0.10031	0	0.73513
V582	0.60404	0.15975	0.02559	0.21062
V583	0.04246	0.08564	0.59234	0.27956
V584	0.52123	0.16984	0.28833	0.0206
V585	0.0608	0.03986	0.45995	0.4394
V586	0.2637	0.03709	0.625	0.07421
V587	0.29056	0.03912	0.65047	0.01985
V588	0.66294	0.05142	0.01491	0.27072
V589	0.10366	0.76011	0.08746	0.04878
V590	0.08814	0.70515	0.20671	0
V591	0.04932	0.06026	0.22533	0.66509
V592	0.17968	0.06624	0.75408	0
V593	0.60884	0	0.18986	0.2013
V594	0.35514	0.29674	0.32622	0.0219
V595	0.13044	0.04675	0.0482	0.77462
V596	0.08317	0.31218	0.23734	0.36731
V597	0.02412	0.56737	0.34856	0.05995
V598	0.05642	0.15302	0.78233	0.00823
V599	0.63128	0.3111	0.03703	0.02059
V600	0.38554	0.46413	0.05505	0.09528
V601	0.22	0.29914	0.08668	0.39418
V602	0.13701	0.05771	0.02414	0.78113
V603	0.06405	0.40284	0.01216	0.52095
V604	0.51845	0.13389	0.33355	0.01412
V605	0.1054	0.34813	0.39471	0.15176
V606	0.73301	0.16011	0	0.10688
V607	0.67032	0.01019	0.11643	0.20306
V608	0.25398	0.18823	0.37738	0.18041
V609	0.07473	0.2711	0.24866	0.40552
V610	0.76833	0.01919	0.09705	0.11543
V611	0.36696	0.00278	0.06431	0.56596
V612	0.05795	0.13157	0.75562	0.05487
V613	0.07541	0.34206	0.56332	0.01921
V614	0.76168	0.067	0.04834	0.12298
V615	0.22614	0.07785	0	0.69601
V616	0.12654	0.678	0.06006	0.1354
V617	0.47426	0.16835	0.3574	0
V618	0.75344	0	0	0.24656
V619	0.41705	0.04599	0.31818	0.21877
V620	0.0453	0.61642	0.33828	0
V621	0.45107	0.17105	0.17925	0.19863
V622	0.37403	0.23819	0.38144	0.00635
V623	0.08533	0.09881	0.16085	0.65501
V624	0.79402	0.18254	0	0.02344
V625	0.29872	0.48309	0.10815	0.11004
V626	0.92718	0.02872	0	0.0441
V627	0.05315	0.03963	0.1071	0.80012
V628	0.05119	0.25805	0.01655	0.67421
V629	0.16734	0.31468	0.28301	0.23497
V630	0.0743	0.34292	0.55591	0.02686
V631	0.07692	0.22449	0.11783	0.58076
V632	0.61506	0	0.14014	0.2448
V633	0.01508	0.07863	0.80366	0.10264
V634	0.40551	0.26765	0.32684	0
V635	0.07707	0.74396	0.01174	0.16723
V636	0.15955	0.13848	0.60553	0.09644
V637	0.35372	0.21593	0.09325	0.33711
V638	0.41365	0.27273	0.0697	0.24392
V639	0.28535	0.40996	0.30469	0
V640	0.07035	0.18476	0.70899	0.0359
V641	0.86678	0.0394	0.02678	0.06705
V642	0.76535	0.16454	0	0.07011
V643	0.04293	0.22293	0.45373	0.28042
V644	0.89521	0.07664	0	0.02814
V645	0.28845	0.40115	0.3104	0
V646	0.07038	0.88365	0.03278	0.01318
V647	0.1792	0.12131	0.65945	0.04004
V648	0.42943	0.41669	0.14425	0.00963
V649	0.05983	0.10474	0.7857	0.04973
V650	0.09381	0.1285	0.72501	0.05269
V651	0.32731	0.02321	0.64468	0.0048
V652	0.13787	0.12348	0.43896	0.2997
V653	0.16767	0.63008	0.11805	0.0842
V654	0.69211	0.19906	0.06095	0.04788
V655	0.08951	0.58093	0.025	0.30456
V656	0.27289	0.29449	0	0.43262
V657	0.11555	0.10309	0.00826	0.77309
V658	0.60849	0.21679	0.05805	0.11667
V659	0.35554	0.111	0.36052	0.17294
V660	0.08471	0.88982	0.00019	0.02529
V661	0.11344	0.44051	0.06135	0.3847
V662	0.42971	0.03461	0.45446	0.08122
V663	0.26679	0.10161	0.54318	0.08842
V664	0.23124	0.09878	0.63881	0.03117
V665	0.68889	0.19068	0.03932	0.0811
V666	0.6184	0	0.10162	0.27998
V667	0.76444	0.07118	0.16439	0
V668	0.15692	0.74156	0.10152	0
V669	0.26133	0.40767	0.25619	0.0748
V670	0.1303	0.85162	0	0.01808
V671	0.37938	0.29413	0.25815	0.06834
V672	0.05822	0.0699	0.83488	0.037
V673	0.26458	0.37237	0.23669	0.12636
V674	0.72549	0.15242	0.0075	0.11459
V675	0.1747	0.34302	0.32155	0.16074
V676	0.09666	0.13958	0.11893	0.64483
V677	0.40598	0.39513	0.10352	0.09537
V678	0.53407	0.44867	0.01726	0
V679	0.08392	0.32148	0.5946	0
V680	0.33462	0.51674	0.14864	0
V681	0.88043	0.06769	0.00683	0.04505
V682	0.14895	0.31131	0.52407	0.01566
V683	0.06623	0.8922	0.04157	0
V684	0.69211	0.16309	0.09857	0.04623
V685	0.50435	0.33667	0.13031	0.02868
V686	0.15273	0.21006	0.16379	0.47343
V687	0.13502	0.02795	0.0586	0.77843
V688	0.40594	0.49047	0	0.10359
V689	0.33615	0	0.05277	0.61108
V690	0.47919	0.06129	0.41084	0.04868
V691	0.18769	0.03062	0.78019	0.0015
V692	0.11541	0.17161	0.6643	0.04867
V693	0.26923	0.13498	0.36843	0.22737
V694	0.06474	0.05248	0.31178	0.571
V695	0.31323	0.00724	0.17295	0.50658
V696	0.17071	0.11185	0.01061	0.70684
V697	0.10075	0.08744	0.01815	0.79366
V698	0.83902	0	0.00623	0.15475
V699	0.57089	0.28411	0.07058	0.07442
V700	0.31993	0.03523	0	0.64484
V701	0.15872	0.5217	0.12346	0.19612
V702	0.58688	0.0886	0	0.32452
V703	0.17845	0.0825	0.48532	0.25373
V704	0.81897	0.04695	0.02247	0.11162
V705	0.92255	0	0.01927	0.05819
V706	0.11625	0.08704	0.72873	0.06798
V707	0.0774	0.42622	0.48034	0.01604
V708	0.08545	0.816	0.04038	0.05817
V709	0.16904	0.28128	0.49921	0.05047
V710	0.60947	0.21655	0.04764	0.12633
V711	0.13633	0.73481	0.11466	0.0142
V712	0.82213	0.05205	0	0.12581
V713	0.46484	0.30851	0.02773	0.19892
V714	0.05181	0.66578	0.03352	0.24889
V715	0.32432	0.33652	0.29985	0.03931
V716	0.12831	0.0572	0.0677	0.74679
V717	0.13147	0.85677	0.00196	0.0098
V718	0.18645	0.53608	0.19294	0.08453
V719	0.10549	0.6835	0.05056	0.16046
V720	0.70114	0	0.23307	0.06578
V721	0.16193	0.19529	0.46221	0.18057
V722	0.15735	0.36858	0.00103	0.47304
V723	0.20241	0.10788	0	0.68971
V724	0.60946	0.03058	0.08856	0.2714
V725	0.02531	0.13642	0.8055	0.03278
V726	0.08642	0.40463	0.13375	0.37521
V727	0.29476	0.60064	0.1046	0
V728	0.07594	0.80605	0.11801	0
V729	0.45666	0.01575	0.17242	0.35516
V730	0.87696	0.03105	0.04664	0.04535
V731	0.06686	0.23117	0.40193	0.30004
V732	0.37828	0.09902	0.34927	0.17344
V733	0.65052	0.19387	0.02846	0.12715
V734	0.25684	0.30579	0.43737	0
V735	0.06426	0.06101	0.4921	0.38264
V736	0.24598	0.0213	0.00293	0.7298
V737	0.35147	0.29684	0.24149	0.11019
V738	0.11517	0.34421	0.4395	0.10113
V739	0.01436	0.05175	0.61936	0.31453
V740	0.83031	0.08779	0.07026	0.01164
V741	0.51121	0.11525	0.12937	0.24417
V742	0.42587	0.55516	0.01897	0
V743	0.17093	0.171	0.65656	0.0015
V744	0.52806	0.05457	0.32667	0.0907
V745	0.05629	0.65742	0.20153	0.08477
V746	0.95026	0	0	0.04974
V747	0.09905	0.01825	0.71073	0.17197
V748	0.16044	0.13736	0.56466	0.13754
V749	0.33965	0.19695	0.05056	0.41285
V750	0.44026	0.44914	0.01555	0.09505
V751	0.09506	0.80039	0.06113	0.04342
V752	0.47595	0.23607	0.13948	0.14849
V753	0.13675	0.06124	0	0.80201
V754	0.06152	0.88508	0.00099	0.05241
V755	0.18991	0.22223	0.3428	0.24506
V756	0.12275	0.01965	0.08579	0.77182
V757	0.36643	0.5483	0.07274	0.01253
V758	0.08915	0.71224	0.14347	0.05514
V759	0.17448	0.08961	0.4075	0.32841
V760	0.33584	0.07578	0.28654	0.30184
V761	0.10838	0.54939	0.2846	0.05764
V762	0.04011	0.4166	0.01521	0.52808
V763	0.42131	0.36242	0.01842	0.19785
V764	0.05849	0.86516	0.0248	0.05154
V765	0.69209	0.082	0	0.22591
V766	0.05265	0.34193	0.43706	0.16836
V767	0.49262	0.13999	0.24484	0.12254
V768	0.10973	0.83185	0.04244	0.01597
V769	0.18979	0.76205	0.04816	0
V770	0.07038	0.88365	0.03278	0.01318
V771	0.19757	0.04768	0.74582	0.00893
V772	0.16648	0.08066	0.75286	0
V773	0.20935	0.76949	0.01692	0.00425
V774	0.05977	0.02972	0.86966	0.04085
V775	0.17648	0.06305	0.29665	0.46382
V776	0.44937	0.40968	0.05369	0.08726
V777	0.23885	0.13996	0.151	0.47019
V778	0.54537	0.27826	0.0696	0.10678
V779	0.21058	0.0706	0.49246	0.22636
V780	0.14605	0.70704	0.14691	0
V781	0.14891	0.05074	0.04916	0.75119
V782	0.03912	0.15992	0.74696	0.05399
V783	0.79198	0.01853	0.04983	0.13966
V784	0.15749	0.81077	0.03175	0
V785	0.09114	0.85509	0.03335	0.02042
V786	0.70946	0.16157	0.08925	0.03972
V787	0.02747	0.7842	0.18834	0
V788	0.51388	0.29778	0.15939	0.02895
V789	0.13095	0.39006	0.02582	0.45316
V790	0.50516	0.03303	0.08253	0.37928
V791	0.17168	0.38018	0.33078	0.11736
V792	0.18795	0.54291	0	0.26914
V793	0.17113	0.6306	0.04535	0.15292
V794	0.0824	0.12007	0.73757	0.05996
V795	0.19745	0.05877	0.07261	0.67118
V796	0.06472	0.12507	0.78986	0.02035
V797	0.75446	0	0.23003	0.01551
V798	0.62125	0.2862	0.08343	0.00912
V799	0.17966	0.72328	0.04128	0.05578
V800	0.11728	0.05654	0.51997	0.30621
V801	0.18622	0.15018	0.33517	0.32843
V802	0.09519	0.11173	0.28951	0.50357
V803	0.24405	0.48552	0.27043	0
V804	0.53108	0.02913	0.38043	0.05936
V805	0.06851	0.02909	0.9024	0
V806	0.09854	0.83865	0.03092	0.03189
V807	0.32416	0.17876	0.02831	0.46878
V808	0.66149	0.26442	0.04411	0.02998
V809	0.0757	0.08114	0.84316	0
V810	0.07299	0.90717	0.00201	0.01784
V811	0.45547	0.08972	0.2094	0.24541
V812	0.55935	0.26843	0.0486	0.12361
V813	0.59395	0.20159	0.19221	0.01225
V814	0.4521	0.49566	0.05224	0
V815	0.03627	0.85408	0.10843	0.00123
V816	0.93423	0	0.06577	0
V817	0.06788	0.11732	0.8035	0.01131
V818	0.05789	0.07673	0.06498	0.8004
V819	0.81313	0.08496	0.05078	0.05113
V820	0.21677	0.12599	0.01529	0.64195
V821	0.24679	0.3239	0.38073	0.04859
V822	0.10654	0.06401	0.80703	0.02242
V823	0.05882	0.22253	0.64725	0.07141
V824	0.11535	0.36781	0.51683	0
V825	0.25586	0.30579	0.25766	0.18068
V826	0.44503	0.39379	0.16118	0
V827	0.40739	0.55917	0.01639	0.01705
V828	0.2802	0.1891	0.11787	0.41283
V829	0.10567	0.2744	0.04002	0.57991
V830	0.28637	0.25417	0.018	0.44146
V831	0.7683	0.09449	0.02867	0.10853
V832	0.29857	0.39794	0.1759	0.12758
V833	0.18775	0.49374	0.19245	0.12606
V834	0.35657	0.09184	0.08565	0.46594
V835	0.38153	0.43366	0.12564	0.05918
V836	0.05764	0.67269	0.01292	0.25674
V837	0.25602	0.38378	0.19849	0.16172
V838	0.91083	0.04443	0.03254	0.0122
V839	0.32523	0.56321	0.11156	0
V840	0.32261	0.66245	0.01495	0
V841	0.02093	0.09054	0.83233	0.0562
V842	0.37953	0.18609	0.26116	0.17321
V843	0.05467	0.0678	0.81396	0.06357
V844	0.16299	0.12093	0.38692	0.32916
V845	0.10413	0.14491	0.69915	0.05181
V846	0.01645	0.05853	0.75019	0.17483
V847	0.06618	0	0.09397	0.83985
V848	0.1331	0.50238	0.18483	0.17968
V849	0.02783	0.89848	0.03143	0.04226
V850	0.92715	0	0.02517	0.04768
V851	0.35131	0.49482	0.15387	0
V852	0.18403	0.06935	0.14626	0.60036
V853	0.27015	0.24624	0.3917	0.09192
V854	0.5965	0.17851	0.10757	0.11742
V855	0.06618	0	0.09397	0.83985
V856	0.08618	0.37009	0.35652	0.18721
V857	0.67705	0.1832	0.02799	0.11176
V858	0.55391	0.02609	0.41359	0.00641
V859	0.6632	0.24007	0.00963	0.0871
V860	0.26163	0.13856	0.05721	0.54261
V861	0.12448	0.35446	0.52106	0
V862	0.16853	0.12262	0.67585	0.03299
V863	0.28229	0.07135	0	0.64636
V864	0.16104	0.05122	0.07179	0.71595
V865	0.1822	0.01823	0.28823	0.51134
V866	0.71573	0.02393	0.24642	0.01391
V867	0.71618	0.03502	0.24579	0.003
V868	0.51754	0.27901	0.13961	0.06384
V869	0.08055	0.88093	0.02912	0.0094
V870	0.16704	0.36642	0.01329	0.45325
V871	0.02783	0.89848	0.03143	0.04226
V872	0.07163	0.04	0.27077	0.6176
V873	0.86444	0.03005	0.05429	0.05122
V874	0.22936	0.72749	0.04315	0
V875	0.06866	0.22871	0.21831	0.48433
V876	0.19176	0.33754	0.40405	0.06665
V877	0.08703	0.4097	0.30703	0.19623
V878	0.16807	0.74816	0.08377	0
V879	0.23202	0.64848	0.05738	0.06212
V880	0.34496	0.53406	0.00102	0.11996
V881	0.18299	0.07608	0.58493	0.156
V882	0.79119	0	0.12728	0.08153
V883	0.29256	0.21003	0.49741	0
V884	0.08285	0.29909	0	0.61806
V885	0.70871	0.20369	0.08759	0
V886	0.05184	0.37708	0.46206	0.10903
V887	0.63709	0.07277	0.1631	0.12704
V888	0.13794	0.08474	0.70317	0.07414
V889	0.89058	0.05019	0.0199	0.03933
V890	0.07059	0.18257	0.60012	0.14672
V891	0.61963	0.06218	0.28076	0.03743
V892	0.34408	0.20557	0	0.45035
V893	0.57623	0.21899	0.15618	0.0486
V894	0.10599	0.32247	0.55351	0.01803
V895	0.59609	0.0756	0.20161	0.12671
V896	0.0922	0.86583	0.02034	0.02163
V897	0.69404	0.25008	0	0.05588
V898	0.52956	0	0	0.47044
V899	0.08435	0.22562	0.15696	0.53306
V900	0.11829	0.3184	0.36628	0.19702
V901	0.08613	0.7977	0.01517	0.101
V902	0.09911	0.82671	0.07418	0
V903	0.0409	0.42028	0.51284	0.02599
V904	0.08271	0.90486	0	0.01243
V905	0.22683	0	0.19708	0.57609
V906	0.44417	0.10765	0.1123	0.33587
V907	0.45337	0.48733	0.02102	0.03828
V908	0.08558	0.06889	0.09381	0.75172
V909	0.1807	0.76447	0	0.05483
V910	0.24497	0	0.13787	0.61716
V911	0.52873	0.38079	0.03454	0.05594
V912	0.40964	0.33045	0.13119	0.12872
V913	0.22113	0	0.01359	0.76528
V914	0.21599	0.47429	0.29651	0.01321
V915	0.31423	0	0.00237	0.68339
V916	0.27202	0.08596	0.60883	0.0332
V917	0.70629	0.0319	0.17146	0.09035
V918	0.08692	0.59838	0.2473	0.0674
V919	0.23457	0.25894	0.29925	0.20724
V920	0.61206	0.2058	0.09896	0.08319
V921	0.10408	0.19075	0.03534	0.66983
V922	0.13956	0.45176	0.38614	0.02254
V923	0.17731	0.02739	0.06928	0.72603
V924	0.08022	0.62589	0.2839	0.00999
V925	0.26784	0.05409	0.00669	0.67138
V926	0.28555	0.03465	0.03621	0.64359
V927	0.10866	0.05722	0.07865	0.75547
V928	0.09826	0.83274	0.01728	0.05172
V929	0.10012	0.61514	0.14959	0.13515
V930	0.52173	0.3646	0.03222	0.08145
V931	0.16917	0.29089	0.48952	0.05043
V932	0.07135	0.15261	0.595	0.18104
V933	0.60594	0.37258	0.01333	0.00815
V934	0.05457	0.18816	0.29237	0.46489
V935	0.55646	0.17519	0.21174	0.05662
V936	0.54554	0.28013	0.00788	0.16646
V937	0.55989	0.1422	0.08787	0.21004
V938	0.40675	0.06474	0.31054	0.21798
V939	0.75699	0.01856	0.07776	0.1467
V940	0.06942	0.73348	0.17301	0.02409
V941	0.0286	0.03723	0.89959	0.03458
V942	0.72664	0.18852	0.07129	0.01354
V943	0.40569	0.15048	0.40702	0.03681
V944	0.07332	0.29909	0.07432	0.55327
V945	0.5722	0.34906	0.00411	0.07462
V946	0.46157	0.26804	0.25481	0.01558
V947	0.14913	0.07454	0.24624	0.53009
V948	0.35292	0.05537	0.57995	0.01176
V949	0.03108	0.14667	0.22677	0.59548
V950	0.09784	0.52325	0.22639	0.15251
V951	0.81515	0.02006	0.15589	0.0089
V952	0.12392	0.16208	0.27805	0.43594
V953	0.05368	0.09798	0.81358	0.03477
V954	0.09591	0.2136	0.15707	0.53343
V955	0.17326	0.58872	0.03176	0.20626
V956	0.08564	0.05944	0.52027	0.33466
V957	0.4096	0.00951	0	0.58088
V958	0.15601	0	0	0.84399
V959	0.25644	0.27494	0.41864	0.04998
V960	0.28478	0.29477	0.08307	0.33738
V961	0.17095	0.38816	0.34897	0.09192
V962	0.37644	0.1902	0.38223	0.05113
V963	0.58927	0.18083	0.16474	0.06516
V964	0.81896	0.03211	0.10494	0.044
V965	0.10027	0.49833	0.20575	0.19564
V966	0.92546	0.02438	0.00529	0.04487
V967	0.10405	0.07922	0.52925	0.28748
V968	0.01856	0.18904	0.73645	0.05596
V969	0.0636	0.32082	0.04239	0.57319
V970	0.07951	0.15835	0.43316	0.32898
V971	0.50334	0.10425	0.32733	0.06507
V972	0.52976	0.2135	0.04756	0.20918
V973	0.30654	0.42081	0.08417	0.18848
V974	0.04669	0.73556	0.15458	0.06316
V975	0.13043	0.29709	0.57248	0
V976	0.45746	0.25734	0.12057	0.16463
V977	0.33244	0.34534	0.32223	0
V978	0.14644	0.11451	0.07887	0.66018
V979	0.78803	0.02149	0.18217	0.00831
V980	0.95026	0	0	0.04974
V981	0.36405	0.05316	0.42731	0.15548
V982	0.45773	0.38916	0.08376	0.06935
V983	0.72162	0.05991	0	0.21847
V984	0.06061	0.77434	0.13746	0.02759
V985	0.15074	0.21739	0	0.63187
V986	0.35282	0.50395	0.05771	0.08552
V987	0.28181	0.70824	0	0.00995
V988	0.30128	0.02761	0.00876	0.66235
V989	0.45944	0.44838	0.08749	0.00469
V990	0.01459	0.09488	0.77248	0.11804
V991	0.65253	0.33592	0	0.01154
V992	0.24175	0.03098	0.51791	0.20937
V993	0.11088	0.66964	0.19015	0.02934
V994	0.22957	0.7249	0.04553	0
V995	0.73515	0.11415	0.02774	0.12296
V996	0.34011	0.14514	0	0.51476
V997	0.05508	0.05504	0.79207	0.09781
V998	0.85284	0.00991	0.0714	0.06585
V999	0.16952	0.83048	0	0
V1000	0.38882	0.02051	0	0.59067
