B_cells	NK_cells	T_cells_CD4.	Monocytes
V1	0.56309	0.01433	0.17532	0.24726
V2	0.19103	0.11366	0.06035	0.63495
V3	0.07759	0.62879	0.02723	0.2664
V4	0.8519	0.11343	0	0.03467
V5	0.11927	0.47458	0.27426	0.13189
V6	0.10186	0.82227	0.05347	0.0224
V7	0.16623	0.37976	0.09745	0.35656
V8	0.12993	0.02458	0.80942	0.03607
V9	0.26742	0.26228	0.03642	0.43388
V10	0.01696	0.03054	0.89423	0.05827
V11	0.20928	0.35586	0.43486	0
V12	0.03768	0.5681	0.39063	0.00358
V13	0.28628	0.67695	0.02079	0.01598
V14	0.09721	0.86094	0.03505	0.0068
V15	0.13613	0.58579	0.14681	0.13126
V16	0.87788	0.05423	0.01431	0.05357
V17	0.11207	0.82458	0.04118	0.02217
V18	0.57092	0.3475	0.04781	0.03377
V19	0.18341	0.77759	0.02778	0.01121
V20	0.18902	0.47793	0.02579	0.30726
V21	0.13098	0.0817	0.7557	0.03162
V22	0.03518	0.12222	0.2293	0.6133
V23	0.37629	0.06088	0.56002	0.00281
V24	0.92838	0.0446	0.02702	0
V25	0.35477	0.25513	0.1367	0.2534
V26	0.40797	0.39693	0.01687	0.17824
V27	0.15271	0.08688	0.02539	0.73501
V28	0	0.07893	0.92107	0
V29	0.43389	0.04576	0.49212	0.02823
V30	0.11234	0.2434	0.29403	0.35022
V31	0.21266	0.2159	0.307	0.26444
V32	0.13572	0.05046	0.0557	0.75811
V33	0.05366	0.49413	0.37437	0.07784
V34	0.13046	0.06121	0.77483	0.03351
V35	0.18213	0.68629	0.11154	0.02003
V36	0.00755	0.0688	0.50526	0.4184
V37	0.55511	0.08318	0.0976	0.2641
V38	0.45307	0	0.18594	0.361
V39	0.18002	0.55328	0.15315	0.11355
V40	0.11543	0.7764	0.10817	0
V41	0.0185	0.67805	0.07512	0.22833
V42	0.25398	0.04481	0.22487	0.47635
V43	0.13767	0.34617	0.50109	0.01507
V44	0.0086	0.10467	0.74164	0.14509
V45	0.11209	0.57226	0.24545	0.0702
V46	0.79143	0.08509	0.12046	0.00302
V47	0.44412	0.20292	0.3159	0.03706
V48	0.79804	0.17289	0	0.02907
V49	0.73061	0.18609	0	0.08331
V50	0.09061	0.78889	0.1205	0
V51	0.31659	0.4	0.27001	0.0134
V52	0.023	0.13626	0.8035	0.03724
V53	0.7225	0.12905	0.14845	0
V54	0.42044	0.20551	0.36583	0.00822
V55	0.23181	0.15146	0.25577	0.36096
V56	0.09417	0.03287	0.11715	0.75581
V57	0.12323	0.81288	0.05329	0.01059
V58	0.66392	0.01192	0.03402	0.29013
V59	0.43646	0.4073	0.11932	0.03692
V60	0.14554	0.17955	0.34325	0.33167
V61	0.79749	0.11325	0	0.08926
V62	0.86065	0.04872	0.06362	0.02701
V63	0.03682	0.78432	0.15961	0.01926
V64	0.03346	0.84745	0.00807	0.11102
V65	0.05325	0.00099	0.1492	0.79655
V66	0.23621	0.67025	0.03785	0.05569
V67	0.15788	0.3345	0.50761	0
V68	0.20151	0.17652	0.02031	0.60166
V69	0.027	0.32269	0.61211	0.03819
V70	0.53631	0.16567	0.186	0.11203
V71	0.17926	0.09512	0.39264	0.33298
V72	0.57446	0.17124	0.09785	0.15645
V73	0.16847	0.59577	0.16549	0.07027
V74	0.05344	0.23298	0.71358	0
V75	0.70538	0	0.20008	0.09453
V76	0	0.20862	0.21191	0.57946
V77	0.068	0.32794	0.00541	0.59864
V78	0.32551	0.13543	0.19843	0.34063
V79	0	0.12701	0.79175	0.08124
V80	0.35233	0.03721	0.53425	0.07621
V81	0.05961	0.18171	0.75868	0
V82	0	0.0988	0.88202	0.01919
V83	0.16965	0.20483	0.08706	0.53847
V84	0.41761	0.05911	0.17359	0.34969
V85	0.11462	0.33093	0.41227	0.14218
V86	0.04438	0.07763	0.83063	0.04736
V87	0.05603	0.79215	0.09273	0.05909
V88	0.19033	0.08131	0.28946	0.4389
V89	0.04881	0.03931	0.22987	0.68202
V90	0.0539	0.83458	0.09692	0.01461
V91	0.05242	0.70377	0.22181	0.022
V92	0.45849	0.03727	0.38349	0.12075
V93	0.87633	0.01628	0	0.10739
V94	0.03479	0.47857	0.03561	0.45103
V95	0.26715	0.43485	0.17454	0.12346
V96	0.12279	0.13335	0.03471	0.70915
V97	0.6765	0.11701	0.20649	0
V98	0.69251	0.29135	0	0.01614
V99	0.7891	0.05936	0.1458	0.00575
V100	0.07733	0.05436	0.83656	0.03175
V101	0.08081	0.09844	0	0.82075
V102	0.89979	0.06405	0	0.03616
V103	0.04083	0.07644	0.12109	0.76164
V104	0.06312	0.88326	0.04034	0.01328
V105	0.08772	0.85911	0.04795	0.00522
V106	0.13132	0.50534	0.33972	0.02362
V107	0.18907	0.21952	0.55504	0.03637
V108	0.16487	0.71397	0.12115	0
V109	0.01017	0.18932	0.60246	0.19806
V110	0.08169	0.82055	0.07536	0.0224
V111	0.90002	0.00278	0.0737	0.0235
V112	0.14279	0.08831	0.44583	0.32308
V113	0.21737	0.13015	0.19621	0.45627
V114	0.28617	0.06421	0.0946	0.55502
V115	0.02261	0.71628	0.26022	0.00089
V116	0.14853	0.3286	0.38026	0.14261
V117	0.67073	0.25767	0.03354	0.03806
V118	0.18477	0.57848	0.05142	0.18533
V119	0.16074	0.10539	0.06538	0.6685
V120	0.07978	0.09779	0.80702	0.01541
V121	0.5966	0.14164	0.09618	0.16557
V122	0.91331	0.02179	0.01641	0.04849
V123	0.01897	0.53966	0.06824	0.37312
V124	0.66054	0.28587	0	0.05359
V125	0.39265	0.41242	0.18828	0.00665
V126	0.07544	0.18107	0.06849	0.675
V127	0.19196	0.0702	0.27931	0.45853
V128	0.07656	0.03732	0.13849	0.74762
V129	0.57106	0.24055	0.16755	0.02084
V130	0.01852	0.6271	0.35362	0.00076
V131	0.05267	0.86325	0.0176	0.06649
V132	0.9003	0.01681	0.03115	0.05173
V133	0.88607	0.02987	0.05024	0.03382
V134	0.128	0.41312	0.15037	0.30851
V135	0.1165	0.04195	0.20606	0.63549
V136	0.27014	0.4211	0.01056	0.2982
V137	0.64029	0.04928	0.24542	0.06501
V138	0.22274	0.41207	0.19623	0.16897
V139	0.36082	0.22508	0.20639	0.20771
V140	0.06966	0.12351	0.07645	0.73039
V141	0.06758	0.18535	0.54868	0.19839
V142	0.79136	0.00409	0.20455	0
V143	0.44215	0.27784	0.07287	0.20714
V144	0.19304	0.18424	0.18668	0.43605
V145	0.00208	0.72992	0.26292	0.00508
V146	0.11892	0.03524	0.06991	0.77594
V147	0.88461	0.03724	0.0153	0.06284
V148	0.13499	0.10167	0.58231	0.18103
V149	0.26762	0.49809	0.23429	0
V150	0.09084	0.26219	0.58223	0.06474
V151	0.22668	0.61474	0.05332	0.10527
V152	0.24127	0.44332	0.2369	0.0785
V153	0.13201	0.72945	0.04233	0.09621
V154	0.25088	0.4513	0.28481	0.01301
V155	0.46785	0.16203	0.28563	0.08449
V156	0.03093	0.17076	0.68733	0.11097
V157	0.3114	0.18002	0.31834	0.19025
V158	0.07907	0	0.10172	0.81921
V159	0.86565	0.06944	0	0.06492
V160	0.70643	0.00986	0.06419	0.21952
V161	0.26264	0.02082	0.04583	0.67071
V162	0.09067	0.3335	0.10263	0.47321
V163	0.11173	0.49859	0.19477	0.1949
V164	0.35195	0.32492	0.11671	0.20642
V165	0.03575	0.30814	0	0.65611
V166	0.03628	0.13508	0.09708	0.73156
V167	0.40245	0	0.00914	0.58841
V168	0.29818	0.5563	0.10056	0.04496
V169	0.23688	0.08085	0.04846	0.63381
V170	0.11731	0.05017	0.53925	0.29327
V171	0.13583	0.26054	0.5767	0.02694
V172	0.70713	3e-04	0.2752	0.01736
V173	0.06368	0.18251	0.06042	0.69339
V174	0.04196	0.20243	0.09989	0.65572
V175	0.06654	0.03676	0.78463	0.11206
V176	0.02565	0.76696	0.20642	0.00096
V177	0.04259	0.90727	0.02063	0.02952
V178	0.02753	0.76126	0.03167	0.17954
V179	0.18254	0.03348	0.40181	0.38218
V180	0.05029	0.836	0.11371	0
V181	0.16759	0.16016	0.5363	0.13595
V182	0.29946	0.20262	0.45266	0.04526
V183	0.20302	0.76461	0.02907	0.00329
V184	0.96454	0.00361	0.03185	0
V185	0.57295	0.40417	0.01692	0.00596
V186	0.13124	0.48115	0.28251	0.1051
V187	0.91559	0.02307	0.03257	0.02878
V188	0.09408	0.27158	0	0.63435
V189	0.81671	0.03154	0.00726	0.14449
V190	0.64535	0.02861	0.31227	0.01378
V191	0.1896	0.22938	0.55449	0.02653
V192	0.31642	0.4712	0.06191	0.15047
V193	0.59768	0.04793	0.23925	0.11514
V194	0.06622	0.87012	0.03416	0.0295
V195	0.01974	0.06761	0.88332	0.02934
V196	0.05162	0.12183	0.02617	0.80038
V197	0.45197	0.06989	0.01877	0.45936
V198	0.07752	0.49895	0.38116	0.04237
V199	0.20245	0.04669	0.19978	0.55108
V200	0.15356	0.57468	0.03192	0.23983
V201	0.11113	0.55002	0.21586	0.12299
V202	0.01458	0.0563	0.7772	0.15191
V203	0.17389	0.42864	0.39424	0.00322
V204	0.02732	0.56407	0.01995	0.38866
V205	0.02119	0.0936	0.8563	0.02891
V206	0.05173	0.1304	0.81787	0
V207	0.1704	0.22619	0.06486	0.53855
V208	0.24868	0.09324	0.65101	0.00707
V209	0.31475	0.47024	0.08236	0.13265
V210	0.10763	0.72749	0.12471	0.04017
V211	0.46295	0.02796	0.03184	0.47725
V212	0.49691	0.06178	0.42017	0.02115
V213	0.64249	0.04143	0.1138	0.20228
V214	0.34543	0.18548	0.17711	0.29198
V215	0.3331	0.12823	0.01174	0.52694
V216	0.10543	0	0.08632	0.80825
V217	0.0546	0.50145	0.25876	0.18519
V218	0.1121	0.46222	0.19348	0.2322
V219	0.13194	0.64012	0.02609	0.20185
V220	0.02946	0.80818	0.0354	0.12696
V221	0.81635	0.00962	0	0.17403
V222	0.31833	0.16	0.36706	0.15461
V223	0	0.17317	0.75525	0.07158
V224	0.9557	0.00268	0.04162	0
V225	0.08424	0.82059	0.09517	0
V226	0.30436	0.10953	0.58187	0.00425
V227	0.77649	0.00422	0.19532	0.02397
V228	0.76113	0.07949	0.06357	0.09581
V229	0.02183	0.06077	0.87601	0.04139
V230	0.06465	0.06941	0.06284	0.8031
V231	0.03017	0.31892	0.13599	0.51492
V232	0.06907	0.67408	0	0.25685
V233	0.5593	0.10655	0.2035	0.13065
V234	0.06531	0.84819	0.06894	0.01756
V235	0.37045	0.08595	0.51887	0.02474
V236	0.0443	0.10485	0.77814	0.0727
V237	0.21106	0.0229	0.05483	0.71122
V238	0.14361	0.54074	0.28247	0.03318
V239	0.09304	0.43589	0.02902	0.44205
V240	0.48054	0.06017	0.41534	0.04395
V241	0.01592	0.03742	0.87723	0.06943
V242	0.15258	0.7225	0.12432	0.00059
V243	0.23972	0.07032	0.62139	0.06858
V244	0.20749	0.02021	0.6934	0.0789
V245	0.59349	0.30088	0.05383	0.0518
V246	0.05831	0.18062	0.74269	0.01838
V247	0.15819	0.05439	0.78742	0
V248	0.07178	0.06784	0.08263	0.77774
V249	0	0.08239	0.85144	0.06617
V250	0.75542	0.00259	0.22407	0.01792
V251	0.91579	0.05997	0	0.02424
V252	0.02357	0.79081	0.18561	0
V253	0.3841	0.091	0.17531	0.34959
V254	0.03787	0.86287	0.09206	0.0072
V255	0.07455	0.87366	0.01078	0.04101
V256	0.17857	0.23795	0.51073	0.07276
V257	0.42722	0.12245	0.24083	0.20951
V258	0.18102	0.28636	0.42538	0.10724
V259	0.03907	0.31242	0.6189	0.02962
V260	0	0.30309	0.69487	0.00204
V261	0.61162	0.04515	0.20169	0.14154
V262	0.15143	0.0959	0.02412	0.72854
V263	0.0501	0.90122	0.01587	0.0328
V264	0.1762	0.06511	0.44428	0.31441
V265	0.07341	0.00795	0.17732	0.74132
V266	0.65299	0.34226	0.00475	0
V267	0	0.2182	0.31289	0.46891
V268	0.41026	0.0367	0.15605	0.39698
V269	0.01051	0.54859	0.40574	0.03517
V270	0.63291	0.03898	0.24626	0.08185
V271	0.79039	0.07879	0.02615	0.10467
V272	0.07927	0.79443	0.03741	0.08889
V273	0.11378	0.05098	0.072	0.76324
V274	0.69872	0	0.19065	0.11063
V275	0	0.07056	0.89453	0.03491
V276	0.51155	0.34796	0.00466	0.13583
V277	0.05299	0.24486	0.18691	0.51524
V278	0.05575	0.09101	0.31847	0.53477
V279	0.68221	0.07065	0.11277	0.13437
V280	0.07907	0	0.10172	0.81921
V281	0.5531	0.04431	0.14679	0.25581
V282	0.05598	0.10498	0.78109	0.05796
V283	0.22604	0.56993	0.08087	0.12316
V284	0.0577	0.84383	0.09831	0.00015
V285	0.06982	0.03861	0.89156	0
V286	0.25585	0.5355	0.1295	0.07915
V287	0.12214	0.81583	0.04074	0.02128
V288	0.01468	0.309	0.44271	0.23362
V289	0.27906	0.24203	0.41623	0.06268
V290	0.82951	0.1641	0.00639	0
V291	0.4775	0.09069	0.42332	0.00849
V292	0.91104	0.01161	0	0.07735
V293	0.29117	0.04191	0.63105	0.03586
V294	0.11705	0.40141	0	0.48154
V295	0.0298	0.21561	0.21903	0.53555
V296	0.17679	0.15087	0.59659	0.07574
V297	0.12939	0.00429	0.11639	0.74993
V298	0.29492	0.12888	0.57419	0.00201
V299	0.10154	0.3145	0.01504	0.56892
V300	0.00345	0.06474	0.26388	0.66794
V301	0.12243	0.14464	0.63128	0.10165
V302	0.65308	0.33133	0	0.0156
V303	0	0.58388	0.3961	0.02002
V304	0.05643	0.06125	0.73752	0.14481
V305	0.12592	0.19225	0.46489	0.21694
V306	0.79001	0.10619	0.04692	0.05688
V307	0.04906	0.87334	0.05257	0.02502
V308	0.23285	0.25494	0.30475	0.20745
V309	0.34996	0.33691	0.02357	0.28956
V310	0.09456	0.3452	0.17356	0.38667
V311	0.52121	0.46103	0.01066	0.00709
V312	0.11878	0.69917	0.17227	0.00979
V313	0.00921	0.15571	0.03963	0.79545
V314	0.02596	0.50181	0.13606	0.33617
V315	0.14115	0.61912	0.05566	0.18406
V316	0.30621	0.16102	0.38767	0.14509
V317	0.10786	0.68174	0.07148	0.13892
V318	0.05712	0.57472	0.02591	0.34224
V319	0.056	0.09753	0.80884	0.03762
V320	0.07814	0.17637	0.63578	0.10972
V321	0.64295	0.35169	0.00536	0
V322	0.21369	0.34668	0.08277	0.35687
V323	0.10128	0.04626	0.11872	0.73374
V324	0.64991	0.26008	0.07227	0.01774
V325	0.31438	0.61041	0.07521	0
V326	0	0.58128	0.12088	0.29784
V327	0.04104	0.18301	0.12885	0.64709
V328	0.04578	0.06216	0.73874	0.15331
V329	0.19596	0.14183	0.18731	0.4749
V330	0.39338	0.02701	0.34132	0.23829
V331	0.37256	0.11219	0.04473	0.47052
V332	0.02845	0.08274	0.21103	0.67778
V333	0.41358	0.09684	0.38765	0.10193
V334	0.35981	0.02875	0.36383	0.24762
V335	0.02649	0.35311	0.51381	0.10658
V336	0.19451	0.67862	0.03803	0.08884
V337	0.28348	0.40232	0.30135	0.01285
V338	0.01259	0.90632	0.05183	0.02926
V339	0.11996	0.02887	0.83963	0.01153
V340	0.05613	0.25553	0.52696	0.16137
V341	0.06705	0.06534	0.09764	0.76997
V342	0.24288	0.02227	0.6138	0.12105
V343	0.92227	0.0407	0.00136	0.03566
V344	0.66245	0.15843	0.17913	0
V345	0.02731	0.07275	0.89993	0
V346	0.23984	0.14213	0.29563	0.3224
V347	0.08505	0.03417	0.15563	0.72515
V348	0.06936	0.6355	0.17236	0.12278
V349	0.33616	0.1891	0.3833	0.09144
V350	0.04172	0.7558	0.20248	0
V351	0.02729	0.06584	0.42074	0.48614
V352	0.04432	0.05374	0.82752	0.07443
V353	0.85598	0.0333	0.03023	0.08049
V354	0.06142	0.6599	0.25022	0.02846
V355	0.27102	0.10314	0.46149	0.16436
V356	0.07685	0.04915	0.12867	0.74533
V357	0.11854	0.35314	0.29396	0.23436
V358	0.54752	0.12305	0.0477	0.28173
V359	0.58367	0.07356	0.02469	0.31808
V360	0.54515	0.41777	0.02562	0.01146
V361	0	0.44913	0.54861	0.00226
V362	0.00387	0.90555	0.06379	0.02679
V363	0.1708	0.14905	0.47142	0.20873
V364	0.15405	0.09488	0.66568	0.08539
V365	0.30686	0.0495	0.00794	0.63571
V366	0.09488	0.66211	0.11239	0.13062
V367	0.57707	0.15253	0	0.2704
V368	0.10699	0.69931	0.11335	0.08035
V369	0.02202	0.40205	0.57593	0
V370	0.29112	0.28959	0.40533	0.01396
V371	0.20407	0.68996	0.05005	0.05591
V372	0.19576	0.07988	0.13969	0.58467
V373	0.08288	0.17392	0.47981	0.26339
V374	0.76918	0.02516	0.20566	0
V375	0.07641	0.06947	0.16871	0.68541
V376	0.07467	0.06187	0.12598	0.73748
V377	0.79864	0	0.00183	0.19954
V378	0.01283	0.06701	0.43279	0.48736
V379	0.35943	0.22527	0.00119	0.41411
V380	0.17406	0.10216	0.21922	0.50456
V381	0.72623	0.02008	0.09374	0.15995
V382	0.08098	0.06958	0.84142	0.00802
V383	0.82011	0.01086	0.04701	0.12201
V384	0.54939	0.09448	0.13694	0.21918
V385	0.83161	0.02348	0.07422	0.07068
V386	0.32456	0.02949	0.16306	0.48288
V387	0.56366	0.1655	0.19344	0.07739
V388	0.36741	0.34195	0.15628	0.13436
V389	0.41794	0.50931	0.01727	0.05549
V390	0.28365	0.2679	0.44845	0
V391	0.44008	0.1302	0.00686	0.42287
V392	0.41374	0.24106	0.17342	0.17178
V393	0.27261	0.25136	0.35068	0.12536
V394	0.11532	0.25921	0.1325	0.49298
V395	0.22262	0.40121	0.21686	0.15932
V396	0.03747	0.88671	0.04184	0.03398
V397	0.75336	0.09882	0.10314	0.04469
V398	0.44829	0.15836	0.10184	0.2915
V399	0.20004	0.54033	0.17225	0.08738
V400	0	0.60087	0.09183	0.3073
V401	0.03145	0.18925	0.70906	0.07025
V402	0.79242	0.17579	0.03179	0
V403	0.06775	0.0532	0.1079	0.77114
V404	0.08925	0.22443	0.6034	0.08292
V405	0.246	0.05431	0.18673	0.51296
V406	0.63072	0.26317	0.00956	0.09655
V407	0.01259	0.90632	0.05183	0.02926
V408	0.09321	0.27357	0.4078	0.22543
V409	0.02222	0.06027	0.07999	0.83752
V410	0.11106	0.8055	0.06296	0.02048
V411	0.46958	0.01485	0	0.51557
V412	0.15995	0.1085	0.50399	0.22756
V413	0.06746	0.49491	0.20618	0.23145
V414	0.04242	0.50615	0.34683	0.1046
V415	0.44338	0.05105	0.24035	0.26522
V416	0.01192	0.11378	0.8743	0
V417	0.38713	0.5891	0.0186	0.00517
V418	0.10063	0.13763	0.16454	0.59719
V419	0.07232	0.00059	0.1086	0.81849
V420	0	0.86266	0.05156	0.08577
V421	0.15412	0.07337	0.66956	0.10296
V422	0.1033	0.10908	0.0163	0.77132
V423	0.07733	0.05436	0.83656	0.03175
V424	0	0.09202	0.63037	0.2776
V425	0.05672	0.26472	0.58722	0.09134
V426	0.08829	0.08211	0.76507	0.06452
V427	0.07888	0.41623	0.21559	0.2893
V428	0.10852	0.73339	0.08546	0.07264
V429	0.06754	0.01268	0.10704	0.81274
V430	0.73433	0.18165	0.00698	0.07704
V431	0.18603	0.05519	0.46333	0.29545
V432	0.14833	0.12636	0.06514	0.66016
V433	0.07942	0.73053	0.00778	0.18226
V434	0.3613	0.10254	0.05611	0.48005
V435	0.51764	0.0226	0.12922	0.33054
V436	0.40206	0.0262	0.1284	0.44335
V437	0.2599	0.25962	0	0.48048
V438	0.60264	0.18002	0.02584	0.1915
V439	0.08004	0.14439	0.01477	0.76079
V440	0.50374	0.05721	0.02766	0.41139
V441	0.06756	0.16576	0.59573	0.17095
V442	0.31579	0.35759	0.14836	0.17826
V443	0.73581	0.01116	0.09274	0.16029
V444	0.02731	0.07275	0.89993	0
V445	0.59317	0.03617	0.3401	0.03056
V446	0.05572	0.78539	0.09219	0.0667
V447	0.60609	0.11383	0.1826	0.09748
V448	0.03884	0.10162	0.21924	0.6403
V449	0.54229	0.06207	0.30003	0.09561
V450	0.15973	0.79934	0.04094	0
V451	0.89629	0.0567	0	0.04701
V452	0.0835	0.03598	0.11146	0.76906
V453	0.78144	0.08887	0.06467	0.06502
V454	0.00788	0.87262	0.095	0.02449
V455	0.57892	0.05311	0.30541	0.06256
V456	0.31744	0.15016	0.387	0.1454
V457	0.01824	0.08572	0.05275	0.84329
V458	0.29179	0.25704	0	0.45117
V459	0.03006	0.75823	0.13012	0.08159
V460	0.90578	0.01913	0.03206	0.04303
V461	0.12174	0.07954	0.02042	0.7783
V462	0.36348	0.26351	0	0.37301
V463	0.25441	0.47214	0.17711	0.09633
V464	0.52083	0.11604	0	0.36314
V465	0.40362	0.43356	0.02917	0.13365
V466	0.58198	0.20186	0	0.21616
V467	0.31846	0.5529	0.10049	0.02815
V468	0.49065	0.40168	0.05948	0.0482
V469	0.02355	0.2167	0.31151	0.44825
V470	0.52863	0.14586	0.18667	0.13884
V471	0.29762	0.1382	0.0367	0.52749
V472	0.33769	0.34675	0	0.31556
V473	0.1122	0.53202	0.35049	0.00529
V474	0.16234	0	0.14248	0.69518
V475	0.1977	0.4177	0.09533	0.28928
V476	0.20624	0.0358	0.08107	0.6769
V477	0.5821	0.05615	0.21219	0.14955
V478	0.15439	0.59305	0.01293	0.23962
V479	0.00827	0.12628	0.78396	0.0815
V480	0.1054	0.34315	0.05946	0.49198
V481	0.14095	0.05245	0.78935	0.01725
V482	0.67001	0.17676	0.11628	0.03696
V483	0.16345	0.14419	0.09039	0.60197
V484	0.06599	0.11036	0.05241	0.77124
V485	0.14332	0.71374	0.03002	0.11292
V486	0.27681	0.29026	0.14209	0.29084
V487	0.11781	0.07596	0.1116	0.69463
V488	0	0.03664	0.86934	0.09402
V489	0.20892	0.13497	0.65411	0.002
V490	0.34492	0.33584	0.07656	0.24269
V491	0.43905	0.46289	0.04258	0.05548
V492	0.0494	0.78244	0.16816	0
V493	0.11687	0	0	0.88313
V494	0.18922	0.1886	0.51332	0.10885
V495	0.23321	0.596	0.16434	0.00645
V496	0.29091	0.66968	0.00025	0.03916
V497	0.02056	0.032	0.91334	0.0341
V498	0.33804	0.13375	0.05697	0.47124
V499	0.59686	0.27285	0.13029	0
V500	0.101	0.15773	0.70594	0.03533
V501	0.01691	0.01721	0.11718	0.8487
V502	0.53027	0.28959	0.16114	0.01901
V503	0.21539	0.13085	0.21647	0.43729
V504	0.24688	0.66932	0.02794	0.05586
V505	0.20346	0.24682	0.26746	0.28225
V506	0.09074	0.28345	0.45529	0.17053
V507	0.59471	0.12208	0.12612	0.15709
V508	0.72924	0.1809	0.03865	0.05121
V509	0.22522	0.0959	0.50592	0.17297
V510	0.22438	0.50082	0.2748	0
V511	0.06711	0.44702	0.06333	0.42253
V512	0.27427	0.07559	0.09499	0.55516
V513	0.09136	0.61721	0.23858	0.05284
V514	0.05778	0.12557	0	0.81665
V515	0.74948	0.07906	0.04432	0.12715
V516	0.89159	0.09103	0	0.01737
V517	0.06397	0.05972	0.27628	0.60003
V518	0.92316	0.04821	0	0.02863
V519	0.04979	0.82978	0.03239	0.08805
V520	0.02877	0.0262	0.64322	0.30181
V521	0.54144	0.06769	0.36234	0.02853
V522	0	0.16859	0.58673	0.24468
V523	0.34955	0.15678	0.26617	0.22749
V524	0.01982	0.73169	0.22472	0.02376
V525	0.28071	0.24081	0.02581	0.45267
V526	0.63167	0.10072	0.07529	0.19232
V527	0.21266	0.05277	0.4104	0.32416
V528	0.12239	0.81939	0.01425	0.04397
V529	0.08446	0.09837	0.24504	0.57212
V530	0.00024	0.23887	0.6683	0.09259
V531	0.03743	0.81355	0.14902	0
V532	0.19554	0.35916	0.03107	0.41422
V533	0.28322	0.36942	0.15103	0.19632
V534	0.0054	0.05665	0.71471	0.22324
V535	0.5773	0	0.00745	0.41525
V536	0.20632	0.00104	0.40551	0.38713
V537	0.57009	0.26823	0.15894	0.00274
V538	0.46535	0.07494	0.093	0.36672
V539	0.26715	0.43485	0.17454	0.12346
V540	0.21368	0.6584	0.09947	0.02845
V541	0.02855	0.52974	0.08738	0.35433
V542	0.2081	0.16428	0.26684	0.36078
V543	0.86776	0.01417	0.00243	0.11564
V544	0.13094	0.12607	0.19158	0.55141
V545	0.37667	0.17101	0.07611	0.37622
V546	0.07392	0.82129	0.10479	0
V547	0.05077	0.61212	0.33473	0.00238
V548	0.16999	0.71661	0.1134	0
V549	0.31097	0.06285	0.61464	0.01154
V550	0.60093	0.03256	0	0.3665
V551	0.19339	0.69875	0.06092	0.04693
V552	0	0.56092	0.02379	0.41529
V553	0.22122	0.18016	0.58984	0.00878
V554	0.10299	0.12514	0.04133	0.73053
V555	0.09707	0.26438	0.34641	0.29214
V556	0	0.07538	0.87762	0.047
V557	0.80916	0.03913	0	0.15171
V558	0.08797	0.75213	0.05527	0.10462
V559	0.02162	0.75729	0.22109	0
V560	0.67992	0.30952	0	0.01056
V561	0	0.07056	0.89453	0.03491
V562	0.76178	0.013	0.12063	0.10458
V563	0.23331	0.02869	0.72704	0.01096
V564	0.05966	0.11816	0.80816	0.01402
V565	0.12671	0.29212	0.38371	0.19746
V566	0.69184	0.10854	0	0.19963
V567	0.23352	0.46343	0.03349	0.26955
V568	0.28088	0.01748	0.07302	0.62863
V569	0.6856	0.02968	0	0.28472
V570	0.02602	0.31379	0.60446	0.05573
V571	0.79897	0.12899	0	0.07205
V572	0.43254	0.03198	0.44137	0.09411
V573	0.10309	0.21509	0.0058	0.67602
V574	0.05639	0.73469	0.20433	0.00459
V575	0.04418	0.12244	0.1509	0.68248
V576	0.17346	0.75275	0.06753	0.00626
V577	0.06587	0.07918	0.23683	0.61813
V578	0.05635	0.10941	0.67231	0.16193
V579	0.02659	0.8172	0.13302	0.02319
V580	0.19041	0.02452	0.13686	0.64821
V581	0.12235	0.124	0	0.75365
V582	0.57532	0.17193	0.02562	0.22713
V583	0.00126	0.0908	0.60684	0.3011
V584	0.49619	0.18057	0.29401	0.02923
V585	0.01699	0.04819	0.47028	0.46454
V586	0.22911	0.04192	0.64275	0.08622
V587	0.25775	0.0437	0.67011	0.02845
V588	0.63383	0.06344	0.01295	0.28978
V589	0.07628	0.76619	0.09951	0.05803
V590	0.06382	0.71548	0.22071	0
V591	0.00517	0.07387	0.23506	0.6859
V592	0.14831	0.07187	0.77982	0
V593	0.58181	0	0.19712	0.22107
V594	0.3259	0.30678	0.33546	0.03187
V595	0.08554	0.06639	0.05738	0.79069
V596	0.0458	0.31889	0.24766	0.38765
V597	0	0.57223	0.35954	0.06823
V598	0.01835	0.15654	0.80873	0.01638
V599	0.61005	0.32506	0.03757	0.02731
V600	0.35697	0.47422	0.06208	0.10674
V601	0.18256	0.30733	0.09574	0.41437
V602	0.09154	0.07607	0.03503	0.79736
V603	0.0269	0.40834	0.02541	0.53936
V604	0.49369	0.14402	0.34028	0.022
V605	0.07022	0.35424	0.4065	0.16904
V606	0.7118	0.17147	0	0.11673
V607	0.6449	0.02144	0.11385	0.21981
V608	0.21823	0.19623	0.38658	0.19895
V609	0.03592	0.27808	0.25877	0.42723
V610	0.74824	0.03096	0.09286	0.12794
V611	0.32384	0.01728	0.06739	0.5915
V612	0.01975	0.13522	0.77941	0.06562
V613	0.04079	0.34983	0.58135	0.02802
V614	0.74156	0.07957	0.04406	0.13481
V615	0.18273	0.09748	0.00239	0.7174
V616	0.09732	0.68312	0.07192	0.14763
V617	0.4523	0.1804	0.3673	0
V618	0.72982	0.00624	0	0.26394
V619	0.38283	0.05564	0.32341	0.23812
V620	0.01852	0.6271	0.35362	0.00076
V621	0.41807	0.18177	0.18256	0.2176
V622	0.34513	0.24787	0.3917	0.0153
V623	0.04253	0.11195	0.1708	0.67473
V624	0.779	0.19476	0	0.02624
V625	0.26851	0.49166	0.11636	0.12347
V626	0.91619	0.03858	0	0.04524
V627	0.01079	0.05913	0.11746	0.81262
V628	0.01071	0.26896	0.02944	0.69089
V629	0.13204	0.32219	0.29249	0.25328
V630	0.03952	0.35032	0.57335	0.0368
V631	0.03671	0.23401	0.1288	0.60049
V632	0.58753	0	0.14637	0.2661
V633	0	0.08035	0.81216	0.1075
V634	0.38219	0.28047	0.33733	0
V635	0.04778	0.74566	0.02583	0.18073
V636	0.1228	0.14439	0.62287	0.10994
V637	0.31731	0.2268	0.09865	0.35724
V638	0.3802	0.28301	0.07486	0.26193
V639	0.26065	0.42264	0.31672	0
V640	0.03315	0.18951	0.73074	0.0466
V641	0.85426	0.05281	0.02037	0.07256
V642	0.74727	0.17626	0	0.07647
V643	0.00319	0.22905	0.46632	0.30144
V644	0.88217	0.08742	0	0.03041
V645	0.26126	0.41283	0.32178	0.00414
V646	0.04429	0.88884	0.04578	0.02109
V647	0.14285	0.12606	0.67914	0.05194
V648	0.40385	0.4289	0.1504	0.01685
V649	0.02053	0.1077	0.81151	0.06026
V650	0.05564	0.13267	0.74816	0.06353
V651	0.29659	0.02879	0.6639	0.01073
V652	0.09785	0.13104	0.44937	0.32173
V653	0.13829	0.63669	0.12893	0.0961
V654	0.67237	0.21244	0.05953	0.05566
V655	0.05598	0.58337	0.03802	0.32263
V656	0.23545	0.30598	0.00579	0.45278
V657	0.07173	0.12031	0.02137	0.7866
V658	0.58282	0.22909	0.0586	0.12949
V659	0.32152	0.11979	0.368	0.19069
V660	0.05926	0.89376	0.01566	0.03132
V661	0.07794	0.44585	0.07321	0.403
V662	0.39962	0.04208	0.46451	0.0938
V663	0.23233	0.10807	0.55762	0.10198
V664	0.19621	0.10381	0.65745	0.04253
V665	0.66797	0.20399	0.03765	0.09039
V666	0.59104	0	0.10779	0.30117
V667	0.75134	0.08452	0.16414	0
V668	0.13474	0.75068	0.11458	0
V669	0.23043	0.41673	0.26545	0.08739
V670	0.10415	0.85749	0.01375	0.0246
V671	0.35	0.3046	0.26538	0.08002
V672	0.01875	0.07221	0.86327	0.04578
V673	0.2322	0.38081	0.24517	0.14182
V674	0.70467	0.16544	0.00454	0.12535
V675	0.14022	0.35021	0.33162	0.17795
V676	0.05533	0.15195	0.12954	0.66319
V677	0.37758	0.40605	0.10946	0.10691
V678	0.5119	0.463	0.02018	0.00492
V679	0.05249	0.3309	0.61513	0.00147
V680	0.30836	0.52827	0.15707	0.0063
V681	0.86762	0.08118	0.00116	0.05003
V682	0.11526	0.31859	0.54006	0.02609
V683	0.04496	0.89806	0.05698	0
V684	0.67135	0.17554	0.09726	0.05585
V685	0.47928	0.34892	0.13449	0.03731
V686	0.1131	0.21945	0.17275	0.49471
V687	0.08996	0.0483	0.06652	0.79522
V688	0.37978	0.50553	0	0.11469
V689	0.29346	0	0.06702	0.63952
V690	0.45128	0.06994	0.41917	0.05961
V691	0.15055	0.03488	0.80398	0.01058
V692	0.07835	0.1769	0.68443	0.06031
V693	0.23269	0.1439	0.37679	0.24661
V694	0.02128	0.06363	0.32106	0.59404
V695	0.27082	0.02132	0.17678	0.53109
V696	0.12683	0.12707	0.02271	0.7234
V697	0.05715	0.10632	0.03025	0.80628
V698	0.82004	0.01233	0	0.16763
V699	0.54607	0.29659	0.07254	0.0848
V700	0.2768	0.05336	0	0.66984
V701	0.12642	0.52702	0.13397	0.21259
V702	0.554	0.1	0	0.346
V703	0.13924	0.08963	0.49638	0.27474
V704	0.80297	0.05987	0.01652	0.12064
V705	0.91828	0	0.01811	0.06361
V706	0.07778	0.09118	0.75154	0.0795
V707	0.04378	0.43399	0.49593	0.02631
V708	0.0591	0.82071	0.05322	0.06697
V709	0.13491	0.28849	0.51356	0.06305
V710	0.5841	0.22909	0.04809	0.13872
V711	0.10891	0.74206	0.12612	0.02291
V712	0.80309	0.06181	0	0.1351
V713	0.43313	0.31867	0.03242	0.21577
V714	0.02135	0.66734	0.04671	0.2646
V715	0.29396	0.34617	0.30879	0.05109
V716	0.08421	0.07595	0.07722	0.76263
V717	0.10521	0.8625	0.01579	0.0165
V718	0.15648	0.54429	0.20342	0.09582
V719	0.07562	0.68745	0.0631	0.17383
V720	0.6818	0.00492	0.23693	0.07635
V721	0.12515	0.20211	0.47424	0.1985
V722	0.11982	0.37518	0.01347	0.49153
V723	0.15935	0.12756	0.00315	0.70994
V724	0.57955	0.04187	0.08674	0.29185
V725	0	0.13824	0.823	0.03876
V726	0.05017	0.4093	0.14504	0.39549
V727	0.27173	0.6139	0.11437	0
V728	0.05309	0.81487	0.13205	0
V729	0.42016	0.02749	0.17366	0.37869
V730	0.86431	0.04481	0.04004	0.05084
V731	0.02777	0.23779	0.41354	0.32089
V732	0.34461	0.1082	0.35608	0.19111
V733	0.62614	0.2065	0.02771	0.13964
V734	0.23006	0.31756	0.45238	0
V735	0.02139	0.06798	0.50318	0.40745
V736	0.19931	0.03589	0.01266	0.75213
V737	0.32017	0.30653	0.24841	0.12489
V738	0.08062	0.35105	0.45236	0.11597
V739	0	0.05557	0.61907	0.32536
V740	0.8167	0.10049	0.0662	0.01661
V741	0.47854	0.12703	0.13061	0.26381
V742	0.40474	0.56947	0.02579	0
V743	0.13534	0.17608	0.67682	0.01176
V744	0.50055	0.0639	0.33161	0.10394
V745	0.02667	0.66309	0.21401	0.09623
V746	0.9475	0	0	0.0525
V747	0.05729	0.02368	0.72816	0.19087
V748	0.12319	0.14338	0.57985	0.15357
V749	0.3012	0.20807	0.05713	0.4336
V750	0.4121	0.45956	0.0214	0.10693
V751	0.06842	0.80625	0.07339	0.05194
V752	0.44672	0.24763	0.14275	0.16289
V753	0.09324	0.0865	0	0.82026
V754	0.03565	0.8866	0.01746	0.0603
V755	0.15337	0.23015	0.35228	0.2642
V756	0.07767	0.04038	0.09372	0.78824
V757	0.34	0.55909	0.08035	0.02057
V758	0.06128	0.71831	0.1556	0.06481
V759	0.13395	0.09796	0.41631	0.35178
V760	0.29856	0.08653	0.29167	0.32325
V761	0.07768	0.55621	0.29672	0.06939
V762	0.00294	0.42221	0.02875	0.5461
V763	0.38904	0.37154	0.0246	0.21482
V764	0.03247	0.86839	0.0389	0.06024
V765	0.66488	0.09276	0	0.24236
V766	0.01532	0.3478	0.44998	0.1869
V767	0.46331	0.15055	0.24861	0.13753
V768	0.08305	0.83753	0.05488	0.02455
V769	0.16327	0.76972	0.05906	0.00795
V770	0.04429	0.88884	0.04578	0.02109
V771	0.16189	0.05118	0.77055	0.01638
V772	0.13365	0.08591	0.78045	0
V773	0.18341	0.77759	0.02778	0.01121
V774	0.01986	0.03364	0.89792	0.04857
V775	0.13438	0.0745	0.30332	0.4878
V776	0.42152	0.42056	0.0592	0.09872
V777	0.19806	0.15164	0.15739	0.49291
V778	0.5188	0.29014	0.07201	0.11905
V779	0.17196	0.07751	0.50381	0.24673
V780	0.123	0.71683	0.16018	0
V781	0.10367	0.06931	0.05843	0.76859
V782	0	0.16425	0.77092	0.06483
V783	0.77256	0.03082	0.04425	0.15237
V784	0.13408	0.82042	0.04421	0.00129
V785	0.06503	0.85993	0.04643	0.0286
V786	0.68995	0.17449	0.08752	0.04804
V787	0.00037	0.79155	0.20223	0.00585
V788	0.48919	0.31032	0.16326	0.03722
V789	0.09367	0.39613	0.03792	0.47228
V790	0.46835	0.04475	0.08292	0.40398
V791	0.1382	0.38709	0.34153	0.13319
V792	0.15545	0.54753	0.01044	0.28657
V793	0.14125	0.63601	0.05669	0.16605
V794	0.04369	0.12374	0.76032	0.07225
V795	0.15263	0.07523	0.08059	0.69155
V796	0.02619	0.1279	0.81627	0.02964
V797	0.73991	0.00365	0.23362	0.02282
V798	0.6006	0.30002	0.08455	0.01483
V799	0.15249	0.73045	0.05262	0.06445
V800	0.07505	0.06294	0.53145	0.33056
V801	0.14681	0.15899	0.34295	0.35125
V802	0.0531	0.12207	0.29829	0.52654
V803	0.21969	0.49795	0.28236	0
V804	0.50559	0.03802	0.38748	0.06891
V805	0.03181	0.03457	0.93362	0
V806	0.07226	0.84377	0.04401	0.03996
V807	0.28347	0.18967	0.03576	0.4911
V808	0.64141	0.27822	0.04387	0.03651
V809	0.0415	0.0852	0.87331	0
V810	0.04728	0.91153	0.01774	0.02344
V811	0.42163	0.10085	0.21225	0.26527
V812	0.53236	0.28028	0.05066	0.1367
V813	0.5708	0.21335	0.19483	0.02102
V814	0.43102	0.51041	0.05857	0
V815	0.01043	0.86026	0.12158	0.00773
V816	0.92839	0.0048	0.06682	0
V817	0.02939	0.11988	0.83057	0.02016
V818	0.01531	0.09566	0.07598	0.81305
V819	0.79827	0.09782	0.0462	0.05771
V820	0.17317	0.13978	0.02573	0.66131
V821	0.21482	0.33246	0.392	0.06072
V822	0.06714	0.06662	0.83449	0.03175
V823	0.02147	0.22786	0.66564	0.08503
V824	0.08684	0.37824	0.53493	0
V825	0.22204	0.31454	0.26579	0.19762
V826	0.42336	0.40847	0.16817	0
V827	0.38236	0.57118	0.02297	0.02349
V828	0.24131	0.20011	0.12413	0.43446
V829	0.06641	0.28371	0.05195	0.59794
V830	0.24726	0.26366	0.02722	0.46186
V831	0.74923	0.10734	0.02444	0.11899
V832	0.26753	0.40716	0.18375	0.14157
V833	0.15621	0.50098	0.20234	0.14047
V834	0.31524	0.10425	0.09018	0.49033
V835	0.35296	0.44402	0.13233	0.07069
V836	0.02695	0.67436	0.02668	0.27202
V837	0.22342	0.39235	0.20658	0.17765
V838	0.89977	0.05846	0.02632	0.01545
V839	0.30248	0.57673	0.12079	0
V840	0.30068	0.67505	0.02427	0
V841	0	0.09215	0.84773	0.06011
V842	0.34671	0.19636	0.26676	0.19017
V843	0.01431	0.07033	0.8409	0.07446
V844	0.12317	0.12933	0.39604	0.35146
V845	0.06641	0.1498	0.72105	0.06274
V846	0	0.06038	0.75585	0.18377
V847	0.02094	0.0168	0.10534	0.85692
V848	0.10107	0.50877	0.19541	0.19475
V849	0.00395	0.90189	0.04555	0.04861
V850	0.92224	0	0.02546	0.05231
V851	0.32865	0.50805	0.1633	0
V852	0.14036	0.08413	0.15308	0.62243
V853	0.23653	0.25427	0.40179	0.10741
V854	0.57113	0.19083	0.10804	0.12999
V855	0.02094	0.0168	0.10534	0.85692
V856	0.05068	0.37612	0.3682	0.205
V857	0.65373	0.19588	0.02667	0.12372
V858	0.5315	0.03347	0.42282	0.01221
V859	0.64083	0.25331	0.00885	0.09702
V860	0.21927	0.15084	0.06517	0.56473
V861	0.09523	0.36511	0.53965	0
V862	0.13222	0.12715	0.69663	0.04399
V863	0.24042	0.0909	0	0.66868
V864	0.11616	0.06914	0.08052	0.73418
V865	0.13885	0.0307	0.29457	0.53588
V866	0.6987	0.03436	0.2475	0.01944
V867	0.69934	0.04517	0.24723	0.00826
V868	0.49165	0.29097	0.14297	0.07441
V869	0.05453	0.88625	0.04241	0.01681
V870	0.12986	0.37291	0.02539	0.47184
V871	0.00395	0.90189	0.04555	0.04861
V872	0.02783	0.05288	0.2797	0.6396
V873	0.85109	0.04373	0.04779	0.05739
V874	0.20749	0.73737	0.05513	0
V875	0.02829	0.23697	0.2284	0.50635
V876	0.15882	0.34548	0.41614	0.07956
V877	0.0525	0.41563	0.31843	0.21344
V878	0.14615	0.75713	0.09672	0
V879	0.20404	0.65645	0.0676	0.07191
V880	0.31588	0.54274	0.00903	0.13235
V881	0.14547	0.08184	0.60033	0.17236
V882	0.77802	0	0.13184	0.09014
V883	0.26603	0.22028	0.51369	0
V884	0.04546	0.31693	0	0.63761
V885	0.6936	0.21866	0.08773	0
V886	0.01602	0.38383	0.47627	0.12388
V887	0.61231	0.08426	0.16261	0.14083
V888	0.09988	0.08906	0.7244	0.08666
V889	0.87879	0.06392	0.01363	0.04367
V890	0.03249	0.1883	0.61694	0.16227
V891	0.59754	0.0727	0.28396	0.0458
V892	0.30608	0.21964	0.00187	0.47241
V893	0.55213	0.23126	0.15812	0.05849
V894	0.07188	0.32975	0.57074	0.02762
V895	0.57048	0.08683	0.20249	0.14019
V896	0.06622	0.87012	0.03416	0.0295
V897	0.67337	0.26314	0	0.06349
V898	0.49544	0	0.00477	0.49979
V899	0.04455	0.23497	0.16692	0.55356
V900	0.08257	0.32508	0.37732	0.21503
V901	0.05879	0.80009	0.02892	0.1122
V902	0.07632	0.83607	0.08761	0
V903	0.00716	0.42788	0.52937	0.03559
V904	0.05697	0.90893	0.01501	0.01909
V905	0.18358	0	0.21331	0.6031
V906	0.408	0.11974	0.11461	0.35765
V907	0.42739	0.4987	0.02667	0.04724
V908	0.04214	0.08648	0.10441	0.76697
V909	0.15461	0.77371	0.00706	0.06462
V910	0.20068	0	0.15442	0.6449
V911	0.50339	0.39307	0.03802	0.06551
V912	0.3795	0.34084	0.13657	0.14309
V913	0.17499	0	0.03386	0.79115
V914	0.18613	0.48377	0.30747	0.02263
V915	0.2697	0	0.0201	0.7102
V916	0.23902	0.09162	0.62678	0.04258
V917	0.68635	0.04274	0.16959	0.10132
V918	0.05665	0.60473	0.25959	0.07904
V919	0.19919	0.26709	0.3077	0.22603
V920	0.58721	0.21797	0.09941	0.09541
V921	0.06311	0.20274	0.04799	0.68616
V922	0.10799	0.46011	0.39891	0.03299
V923	0.1315	0.04563	0.07681	0.74606
V924	0.05069	0.63325	0.29726	0.0188
V925	0.22271	0.06783	0.01513	0.69433
V926	0.24038	0.04935	0.04181	0.66846
V927	0.06498	0.07587	0.08866	0.7705
V928	0.07199	0.83751	0.03077	0.05973
V929	0.06982	0.62034	0.16129	0.14854
V930	0.49618	0.3768	0.03586	0.09116
V931	0.13535	0.29833	0.50378	0.06254
V932	0.0323	0.15813	0.61099	0.19858
V933	0.58476	0.38685	0.01461	0.01379
V934	0.01316	0.19639	0.30221	0.48824
V935	0.53125	0.18649	0.21475	0.06752
V936	0.517	0.29172	0.0105	0.18078
V937	0.53015	0.1543	0.08841	0.22713
V938	0.37189	0.07453	0.3155	0.23808
V939	0.73607	0.03071	0.07322	0.16
V940	0.04201	0.73959	0.18579	0.03261
V941	0	0.04018	0.92067	0.03914
V942	0.70874	0.20192	0.06953	0.01982
V943	0.37651	0.15927	0.41704	0.04719
V944	0.03455	0.30701	0.08641	0.57204
V945	0.5477	0.36177	0.00644	0.08409
V946	0.43464	0.27898	0.26101	0.02537
V947	0.10647	0.08675	0.25368	0.5531
V948	0.32256	0.06124	0.59639	0.0198
V949	0	0.15651	0.23354	0.60995
V950	0.06582	0.52886	0.23787	0.16745
V951	0.80159	0.03174	0.15287	0.0138
V952	0.0838	0.17154	0.28672	0.45794
V953	0.01495	0.10061	0.84122	0.04322
V954	0.05641	0.22327	0.16707	0.55326
V955	0.14218	0.59342	0.04327	0.22113
V956	0.0427	0.06621	0.53255	0.35854
V957	0.36779	0.02735	0	0.60486
V958	0.11687	0	0	0.88313
V959	0.22423	0.28343	0.43039	0.06195
V960	0.24815	0.30342	0.09109	0.35734
V961	0.13806	0.3957	0.36028	0.10596
V962	0.34571	0.19907	0.39142	0.0638
V963	0.56408	0.19256	0.16615	0.07721
V964	0.80381	0.04455	0.10057	0.05107
V965	0.067	0.50329	0.21684	0.21287
V966	0.91523	0.03706	0	0.04771
V967	0.06227	0.08545	0.54157	0.31072
V968	0	0.19189	0.74782	0.06029
V969	0.02513	0.32807	0.05557	0.59122
V970	0.03916	0.1655	0.44435	0.35099
V971	0.47642	0.11417	0.33319	0.07623
V972	0.4991	0.22506	0.04969	0.22616
V973	0.27417	0.42879	0.09228	0.20477
V974	0.0183	0.74094	0.16761	0.07315
V975	0.1006	0.30675	0.59265	0
V976	0.42699	0.26838	0.12433	0.1803
V977	0.30796	0.35854	0.33349	0
V978	0.10323	0.12876	0.08897	0.67904
V979	0.77431	0.03244	0.18024	0.013
V980	0.9475	0	0	0.0525
V981	0.32972	0.06091	0.43607	0.17329
V982	0.43004	0.40021	0.08889	0.08085
V983	0.69557	0.07021	0	0.23423
V984	0.03377	0.78004	0.15014	0.03604
V985	0.11156	0.2337	0.00422	0.65052
V986	0.3241	0.51335	0.06541	0.09714
V987	0.25601	0.7174	0.00994	0.01665
V988	0.25532	0.04163	0.01635	0.6867
V989	0.43466	0.46077	0.09294	0.01163
V990	0	0.09716	0.77918	0.12367
V991	0.63422	0.35141	0	0.01438
V992	0.20395	0.03747	0.53004	0.22854
V993	0.08268	0.67732	0.20199	0.03801
V994	0.20353	0.73353	0.05597	0.00698
V995	0.71466	0.12649	0.02457	0.13428
V996	0.30007	0.16042	0.00214	0.53738
V997	0.01394	0.05805	0.81744	0.11057
V998	0.83976	0.02336	0.06497	0.07192
V999	0.14444	0.8375	0.01314	0.00493
V1000	0.34698	0.03833	0	0.61469
