CD19B	CD56NK	CD4MemoryT	CD14
V1	0.43915	0.07429	0.18951	0.29705
V2	0.17272	0.14825	0.10067	0.57836
V3	0.09788	0.52564	0.06542	0.31106
V4	0.68283	0.14239	0.06164	0.11314
V5	0.13822	0.42369	0.2304	0.2077
V6	0.10645	0.71183	0.07147	0.11026
V7	0.16377	0.34253	0.11733	0.37637
V8	0.16508	0.08653	0.62625	0.12214
V9	0.22432	0.25432	0.08865	0.4327
V10	0.08416	0.09464	0.68451	0.13668
V11	0.20698	0.33688	0.36038	0.09576
V12	0.0775	0.50299	0.31567	0.10384
V13	0.23973	0.59006	0.06083	0.10937
V14	0.10015	0.74186	0.06195	0.09605
V15	0.14268	0.50671	0.14404	0.20657
V16	0.71371	0.08024	0.08371	0.12235
V17	0.11432	0.7097	0.06613	0.10985
V18	0.45013	0.33113	0.09483	0.1239
V19	0.16684	0.67014	0.06212	0.10089
V20	0.17465	0.41281	0.07178	0.34076
V21	0.16425	0.11568	0.59881	0.12126
V22	0.08896	0.15655	0.20074	0.55374
V23	0.33135	0.09516	0.47274	0.10075
V24	0.75051	0.0626	0.09159	0.09529
V25	0.28885	0.25509	0.15225	0.3038
V26	0.31978	0.36294	0.07331	0.24397
V27	0.14258	0.12056	0.08043	0.65643
V28	0.07452	0.10244	0.7285	0.09454
V29	0.37061	0.0832	0.42436	0.12183
V30	0.137	0.24374	0.24643	0.37282
V31	0.20404	0.22573	0.26065	0.30958
V32	0.12955	0.10222	0.08803	0.6802
V33	0.09315	0.43852	0.30146	0.16687
V34	0.16431	0.10085	0.61292	0.12191
V35	0.16939	0.5968	0.11819	0.11563
V36	0.07884	0.11465	0.38476	0.42174
V37	0.42898	0.12471	0.13511	0.3112
V38	0.35514	0.07254	0.18993	0.38239
V39	0.17274	0.48403	0.15055	0.19268
V40	0.12283	0.67482	0.11373	0.08862
V41	0.06344	0.56415	0.08951	0.28291
V42	0.22336	0.10421	0.20886	0.46357
V43	0.15639	0.32386	0.40208	0.11767
V44	0.08275	0.13825	0.5593	0.2197
V45	0.12769	0.50202	0.21133	0.15896
V46	0.6299	0.10966	0.16178	0.09866
V47	0.36588	0.21415	0.28706	0.13291
V48	0.63195	0.19018	0.0665	0.11138
V49	0.57155	0.20797	0.05931	0.16117
V50	0.10062	0.68354	0.1196	0.09624
V51	0.27104	0.36971	0.2419	0.11735
V52	0.09045	0.1585	0.62924	0.12181
V53	0.57721	0.15182	0.17882	0.09216
V54	0.3496	0.2153	0.32316	0.11194
V55	0.21358	0.17908	0.22634	0.38099
V56	0.10957	0.09945	0.12184	0.66914
V57	0.1217	0.7041	0.07154	0.10266
V58	0.50349	0.06716	0.09764	0.33171
V59	0.34985	0.37947	0.13961	0.13107
V60	0.16225	0.19799	0.28138	0.35838
V61	0.6262	0.13971	0.07154	0.16255
V62	0.69327	0.07461	0.12533	0.10679
V63	0.06586	0.68022	0.14401	0.10991
V64	0.05973	0.6948	0.05445	0.19102
V65	0.09035	0.09398	0.13002	0.68566
V66	0.20474	0.58004	0.07196	0.14326
V67	0.17216	0.31442	0.41057	0.10285
V68	0.1783	0.18791	0.08207	0.55173
V69	0.08588	0.30609	0.47628	0.13174
V70	0.42866	0.18516	0.19717	0.189
V71	0.18612	0.13728	0.31682	0.35978
V72	0.4502	0.18921	0.1351	0.22548
V73	0.16522	0.51963	0.15737	0.15777
V74	0.10948	0.23912	0.56025	0.09115
V75	0.5601	0.05692	0.21285	0.17013
V76	0.07222	0.21552	0.18571	0.52656
V77	0.09652	0.29417	0.06653	0.54278
V78	0.27066	0.16658	0.19509	0.36767
V79	0.07297	0.15249	0.60982	0.16473
V80	0.31112	0.0823	0.44332	0.16326
V81	0.1114	0.19466	0.5953	0.09864
V82	0.0728	0.12265	0.70352	0.10103
V83	0.16272	0.21414	0.11599	0.50715
V84	0.33096	0.10947	0.18344	0.37613
V85	0.14157	0.3122	0.32987	0.21635
V86	0.10723	0.11357	0.65059	0.12861
V87	0.07887	0.67752	0.09936	0.14424
V88	0.18776	0.12929	0.24692	0.43603
V89	0.09284	0.1007	0.20142	0.60504
V90	0.07179	0.72362	0.10022	0.10437
V91	0.08077	0.6124	0.18902	0.11781
V92	0.38047	0.08549	0.33731	0.19673
V93	0.6997	0.05833	0.06425	0.17772
V94	0.07708	0.40854	0.07266	0.44172
V95	0.23322	0.3941	0.17127	0.20141
V96	0.1257	0.15676	0.08503	0.63251
V97	0.54227	0.14041	0.21912	0.0982
V98	0.54605	0.2919	0.05992	0.10213
V99	0.63141	0.08716	0.18155	0.09988
V100	0.12917	0.09828	0.65795	0.1146
V101	0.09304	0.10507	0.07184	0.73005
V102	0.7352	0.08611	0.07075	0.10794
V103	0.08871	0.11895	0.12891	0.66343
V104	0.07229	0.76902	0.06171	0.09698
V105	0.09116	0.74467	0.06735	0.09682
V106	0.14491	0.44967	0.28232	0.12309
V107	0.19742	0.22499	0.44553	0.13206
V108	0.1609	0.62397	0.12674	0.08839
V109	0.08089	0.20388	0.45497	0.26026
V110	0.09262	0.71109	0.086	0.11029
V111	0.73	0.04186	0.1266	0.10155
V112	0.16452	0.13225	0.35074	0.35248
V113	0.1996	0.16333	0.18788	0.44918
V114	0.23735	0.11581	0.12345	0.52339
V115	0.0596	0.62505	0.21842	0.09693
V116	0.16438	0.31024	0.30916	0.21622
V117	0.5279	0.25803	0.08846	0.12561
V118	0.17247	0.49696	0.08194	0.24863
V119	0.15391	0.14205	0.10131	0.60273
V120	0.1271	0.12666	0.63944	0.10681
V121	0.46536	0.1671	0.13478	0.23276
V122	0.76826	0.04542	0.07725	0.10906
V123	0.06746	0.45449	0.09082	0.38724
V124	0.51819	0.28699	0.05787	0.13694
V125	0.32101	0.38054	0.18858	0.10987
V126	0.10212	0.19463	0.09972	0.60353
V127	0.18764	0.1209	0.24135	0.45011
V128	0.10046	0.09857	0.14288	0.65808
V129	0.45433	0.24293	0.18354	0.11921
V130	0.06233	0.55431	0.2879	0.09547
V131	0.06993	0.72278	0.05469	0.1526
V132	0.74549	0.04744	0.09148	0.11559
V133	0.7221	0.0563	0.11396	0.10764
V134	0.14083	0.36663	0.1507	0.34184
V135	0.13335	0.104	0.18852	0.57413
V136	0.22633	0.37249	0.06704	0.33414
V137	0.51541	0.09025	0.24657	0.14778
V138	0.20552	0.37455	0.18342	0.23651
V139	0.29725	0.23345	0.20062	0.26868
V140	0.09934	0.15345	0.10212	0.64508
V141	0.11522	0.20244	0.42171	0.26063
V142	0.63302	0.05067	0.22243	0.09388
V143	0.34598	0.27166	0.11457	0.26779
V144	0.18481	0.20116	0.17997	0.43407
V145	0.05326	0.6324	0.21755	0.09679
V146	0.11628	0.09664	0.08977	0.69731
V147	0.72254	0.06437	0.08377	0.12932
V148	0.16283	0.13882	0.45175	0.2466
V149	0.23963	0.45215	0.21318	0.09504
V150	0.12998	0.25969	0.45806	0.15227
V151	0.19951	0.5336	0.08119	0.1857
V152	0.21908	0.4039	0.20992	0.1671
V153	0.13062	0.61974	0.07047	0.17918
V154	0.22596	0.40957	0.2477	0.11677
V155	0.38297	0.18136	0.2663	0.16938
V156	0.09637	0.18883	0.52538	0.18942
V157	0.27028	0.19918	0.27705	0.25349
V158	0.0933	0.09328	0.08245	0.73097
V159	0.69996	0.10174	0.06299	0.13531
V160	0.54114	0.06521	0.11776	0.27589
V161	0.21705	0.08914	0.0897	0.60411
V162	0.11447	0.30602	0.11992	0.45958
V163	0.12977	0.43704	0.17631	0.25688
V164	0.28715	0.30786	0.13829	0.2667
V165	0.08008	0.28018	0.06026	0.57949
V166	0.08593	0.16124	0.1136	0.63923
V167	0.30667	0.07275	0.07111	0.54948
V168	0.25225	0.49403	0.11882	0.13491
V169	0.20079	0.12406	0.09608	0.57907
V170	0.1504	0.10131	0.41627	0.33202
V171	0.15899	0.25653	0.45907	0.12541
V172	0.57347	0.05515	0.27042	0.10096
V173	0.09679	0.19417	0.09521	0.61382
V174	0.08797	0.21132	0.1173	0.58341
V175	0.12103	0.09022	0.59748	0.19127
V176	0.05776	0.6674	0.17741	0.09744
V177	0.05565	0.78298	0.05691	0.10446
V178	0.05984	0.63233	0.06038	0.24745
V179	0.18851	0.09138	0.32438	0.39574
V180	0.07275	0.72377	0.11377	0.08971
V181	0.18345	0.18099	0.42497	0.21059
V182	0.27066	0.21322	0.37791	0.13821
V183	0.18114	0.66228	0.06176	0.09482
V184	0.79269	0.03787	0.07297	0.09647
V185	0.45395	0.38037	0.06956	0.09612
V186	0.14576	0.42903	0.23821	0.187
V187	0.76043	0.04616	0.09124	0.10217
V188	0.11406	0.25654	0.06078	0.56862
V189	0.63657	0.0727	0.07792	0.21281
V190	0.52941	0.06663	0.30363	0.10033
V191	0.1966	0.23151	0.44617	0.12572
V192	0.26201	0.4215	0.09433	0.22216
V193	0.47836	0.09282	0.2387	0.19012
V194	0.07884	0.74906	0.06182	0.11028
V195	0.07949	0.10149	0.71785	0.10117
V196	0.08998	0.1385	0.07598	0.69554
V197	0.34478	0.11262	0.08734	0.45525
V198	0.10752	0.44558	0.30936	0.13754
V199	0.18844	0.1063	0.18885	0.51642
V200	0.14938	0.48905	0.07047	0.29111
V201	0.12895	0.48242	0.18764	0.201
V202	0.08496	0.10045	0.58765	0.22694
V203	0.1767	0.38957	0.3233	0.11043
V204	0.06676	0.4718	0.06223	0.39921
V205	0.08554	0.1216	0.68432	0.10854
V206	0.10648	0.15042	0.64384	0.09927
V207	0.16224	0.22811	0.10314	0.5065
V208	0.24381	0.12486	0.52526	0.10607
V209	0.2615	0.42006	0.11116	0.20728
V210	0.11555	0.6295	0.12532	0.12962
V211	0.35278	0.0849	0.0922	0.47012
V212	0.41818	0.09772	0.37203	0.11207
V213	0.4974	0.08897	0.15152	0.26212
V214	0.28389	0.20316	0.18096	0.33199
V215	0.26292	0.15623	0.07871	0.50214
V216	0.10574	0.09184	0.08214	0.72028
V217	0.09356	0.4403	0.21553	0.25061
V218	0.13047	0.40699	0.17645	0.28609
V219	0.13316	0.5397	0.06545	0.2617
V220	0.06017	0.67507	0.05941	0.20535
V221	0.63524	0.05587	0.06834	0.24056
V222	0.2784	0.18259	0.31318	0.22583
V223	0.07291	0.19062	0.58117	0.15529
V224	0.78229	0.03803	0.08356	0.09612
V225	0.09262	0.70973	0.10141	0.09624
V226	0.2799	0.13751	0.47711	0.10548
V227	0.62564	0.05223	0.21444	0.10769
V228	0.59953	0.11104	0.12003	0.16939
V229	0.08615	0.10103	0.69681	0.11602
V230	0.09243	0.10575	0.08263	0.71919
V231	0.08299	0.29234	0.14002	0.48464
V232	0.08976	0.55296	0.05336	0.30392
V233	0.44626	0.14007	0.21047	0.2032
V234	0.07822	0.7373	0.07976	0.10473
V235	0.32356	0.11839	0.43686	0.1212
V236	0.10542	0.13609	0.60269	0.1558
V237	0.18271	0.09032	0.09341	0.63356
V238	0.15286	0.47986	0.23808	0.12919
V239	0.11227	0.37828	0.07286	0.43659
V240	0.4023	0.09734	0.36623	0.13413
V241	0.08484	0.09464	0.6708	0.14972
V242	0.14727	0.62564	0.12648	0.10062
V243	0.2375	0.1104	0.49766	0.15444
V244	0.21702	0.08239	0.53779	0.1628
V245	0.46756	0.29323	0.10241	0.1368
V246	0.10958	0.19454	0.58162	0.11426
V247	0.18827	0.09209	0.6268	0.09285
V248	0.09671	0.11195	0.09939	0.69195
V249	0.07062	0.11648	0.66308	0.14982
V250	0.61078	0.05323	0.23463	0.10136
V251	0.75036	0.07719	0.07138	0.10107
V252	0.0581	0.68819	0.16456	0.08914
V253	0.30811	0.13464	0.18182	0.37543
V254	0.05565	0.75117	0.09594	0.09725
V255	0.08514	0.73669	0.05475	0.12342
V256	0.18872	0.23932	0.41012	0.16185
V257	0.34467	0.15563	0.22967	0.27003
V258	0.18755	0.27894	0.34533	0.18818
V259	0.09254	0.29739	0.48378	0.12629
V260	0.06635	0.29253	0.54375	0.09736
V261	0.48493	0.09116	0.21193	0.21197
V262	0.14221	0.12719	0.08037	0.65023
V263	0.06489	0.76854	0.05663	0.10994
V264	0.18671	0.11491	0.35214	0.34623
V265	0.10178	0.09257	0.15979	0.64586
V266	0.51466	0.33095	0.06466	0.08974
V267	0.07027	0.22521	0.25101	0.45351
V268	0.32358	0.09545	0.17057	0.4104
V269	0.06212	0.4841	0.32212	0.13166
V270	0.50761	0.08406	0.24574	0.16258
V271	0.62255	0.10937	0.09119	0.17688
V272	0.09286	0.66971	0.06451	0.17293
V273	0.11589	0.10341	0.09462	0.68609
V274	0.55261	0.05736	0.20611	0.18392
V275	0.07391	0.10235	0.72271	0.10104
V276	0.39725	0.32699	0.06716	0.20861
V277	0.09596	0.24364	0.17223	0.48817
V278	0.10079	0.13518	0.2609	0.50313
V279	0.53563	0.1089	0.1516	0.20386
V280	0.0933	0.09328	0.08245	0.73097
V281	0.42998	0.09318	0.17198	0.30487
V282	0.11229	0.13604	0.61039	0.14128
V283	0.20052	0.49635	0.10369	0.19945
V284	0.07238	0.72996	0.1004	0.09726
V285	0.1227	0.0907	0.69262	0.09397
V286	0.22242	0.4732	0.13819	0.16618
V287	0.1211	0.70331	0.06642	0.10917
V288	0.07657	0.2937	0.34215	0.28758
V289	0.25538	0.24437	0.34771	0.15254
V290	0.6529	0.18001	0.07414	0.09295
V291	0.40125	0.12156	0.37172	0.10547
V292	0.7442	0.04712	0.06649	0.14219
V293	0.27478	0.08468	0.51281	0.12773
V294	0.12709	0.3518	0.05848	0.46263
V295	0.0843	0.22272	0.19203	0.50094
V296	0.19163	0.17299	0.47371	0.16167
V297	0.12976	0.09079	0.11535	0.6641
V298	0.27203	0.15271	0.46998	0.10528
V299	0.11752	0.28695	0.07165	0.52388
V300	0.07831	0.11407	0.22196	0.58566
V301	0.1552	0.1687	0.49331	0.18278
V302	0.5149	0.32238	0.06017	0.10255
V303	0.05707	0.51073	0.31427	0.11793
V304	0.11297	0.10541	0.56121	0.22041
V305	0.15364	0.20692	0.3647	0.27474
V306	0.62737	0.13233	0.10647	0.13383
V307	0.06474	0.76206	0.06869	0.10451
V308	0.2177	0.25409	0.26133	0.26688
V309	0.27834	0.31263	0.07928	0.32974
V310	0.11942	0.31757	0.16384	0.39917
V311	0.41425	0.42755	0.06208	0.09612
V312	0.12292	0.60969	0.15767	0.10973
V313	0.08252	0.1667	0.08059	0.67019
V314	0.07339	0.42867	0.13616	0.36179
V315	0.14134	0.52856	0.08128	0.24882
V316	0.27075	0.1832	0.32712	0.21893
V317	0.11663	0.5803	0.0884	0.21467
V318	0.08616	0.48133	0.06566	0.36686
V319	0.11253	0.1275	0.63805	0.12192
V320	0.12541	0.19329	0.49244	0.18886
V321	0.50697	0.33878	0.06443	0.08981
V322	0.19316	0.31766	0.11211	0.37706
V323	0.11522	0.10449	0.12855	0.65174
V324	0.51395	0.25993	0.11602	0.1101
V325	0.26418	0.54059	0.10009	0.09514
V326	0.059	0.48603	0.12338	0.3316
V327	0.08794	0.19574	0.13819	0.57813
V328	0.10579	0.10551	0.56162	0.22708
V329	0.18604	0.17133	0.18028	0.46235
V330	0.32585	0.08154	0.30105	0.29156
V331	0.29156	0.14632	0.09892	0.46321
V332	0.08442	0.12829	0.18888	0.5984
V333	0.34595	0.13266	0.33734	0.18405
V334	0.30312	0.08401	0.31338	0.29948
V335	0.08376	0.32974	0.39895	0.18755
V336	0.17642	0.58024	0.07155	0.17179
V337	0.24957	0.37132	0.262	0.11712
V338	0.04917	0.79023	0.06327	0.09733
V339	0.15937	0.08783	0.65194	0.10086
V340	0.10725	0.25442	0.40708	0.23125
V341	0.09579	0.11278	0.11019	0.68125
V342	0.23847	0.08069	0.48345	0.19739
V343	0.77404	0.05213	0.07231	0.10151
V344	0.53252	0.17761	0.19795	0.09192
V345	0.0795	0.10111	0.7247	0.09469
V346	0.2205	0.17172	0.25415	0.35363
V347	0.10758	0.09808	0.1544	0.63994
V348	0.09568	0.54715	0.15655	0.20062
V349	0.29176	0.20523	0.32747	0.17554
V350	0.07287	0.66056	0.17692	0.08965
V351	0.08733	0.11491	0.3283	0.46946
V352	0.107	0.10002	0.63646	0.15652
V353	0.68711	0.06848	0.09523	0.14917
V354	0.09066	0.57473	0.21123	0.12339
V355	0.25094	0.13925	0.37721	0.2326
V356	0.10072	0.10556	0.1345	0.65921
V357	0.14222	0.32688	0.24413	0.28677
V358	0.4183	0.15334	0.10384	0.32451
V359	0.44277	0.11469	0.0903	0.35223
V360	0.43191	0.3907	0.07585	0.10154
V361	0.05989	0.40934	0.43402	0.09675
V362	0.04937	0.78466	0.0687	0.09727
V363	0.18416	0.17388	0.3743	0.26765
V364	0.17892	0.1298	0.52169	0.16959
V365	0.24398	0.10039	0.07634	0.57929
V366	0.10952	0.56516	0.1179	0.20742
V367	0.44001	0.17931	0.06471	0.31597
V368	0.11542	0.59965	0.11888	0.16605
V369	0.07495	0.3718	0.45674	0.09651
V370	0.25944	0.28102	0.34011	0.11943
V371	0.18358	0.59676	0.07654	0.14312
V372	0.18089	0.1289	0.1486	0.5416
V373	0.12453	0.19427	0.37157	0.30963
V374	0.61807	0.05991	0.22816	0.09385
V375	0.10573	0.11866	0.1653	0.6103
V376	0.10002	0.11264	0.13439	0.65294
V377	0.61363	0.05033	0.0742	0.26183
V378	0.08115	0.11477	0.33516	0.46892
V379	0.28077	0.2279	0.07079	0.42054
V380	0.17284	0.14421	0.2	0.48296
V381	0.56377	0.07004	0.13992	0.22626
V382	0.12826	0.10454	0.66672	0.10048
V383	0.64469	0.05531	0.10845	0.19155
V384	0.42847	0.13235	0.16317	0.27601
V385	0.66632	0.06098	0.13197	0.14073
V386	0.2663	0.09284	0.17028	0.47059
V387	0.45105	0.18347	0.20387	0.16161
V388	0.30077	0.32252	0.16715	0.20956
V389	0.3314	0.45862	0.06676	0.14322
V390	0.2616	0.26501	0.37804	0.09535
V391	0.33438	0.15824	0.07897	0.42841
V392	0.33322	0.24438	0.18286	0.23954
V393	0.24723	0.25214	0.29738	0.20324
V394	0.13252	0.25455	0.1392	0.47374
V395	0.20569	0.367	0.19711	0.2302
V396	0.0571	0.77106	0.06155	0.11029
V397	0.59975	0.12789	0.14567	0.12669
V398	0.34942	0.1816	0.13524	0.33374
V399	0.18724	0.4762	0.16417	0.1724
V400	0.05898	0.49964	0.10268	0.33871
V401	0.0946	0.20387	0.54715	0.15438
V402	0.6247	0.1915	0.0917	0.0921
V403	0.09585	0.10683	0.11588	0.68144
V404	0.13022	0.22877	0.47171	0.1693
V405	0.21518	0.11102	0.18272	0.49108
V406	0.49032	0.25936	0.07617	0.17416
V407	0.04917	0.79023	0.06327	0.09733
V408	0.12893	0.26736	0.3232	0.2805
V409	0.08715	0.1003	0.08261	0.72994
V410	0.11519	0.69725	0.07774	0.10983
V411	0.3584	0.07429	0.06514	0.50217
V412	0.17805	0.14455	0.39553	0.28187
V413	0.1001	0.43217	0.18157	0.28617
V414	0.08619	0.44554	0.28101	0.18726
V415	0.35414	0.10041	0.23173	0.31372
V416	0.07858	0.13781	0.68944	0.09417
V417	0.31314	0.53017	0.06105	0.09565
V418	0.12355	0.16656	0.16334	0.54655
V419	0.09303	0.09235	0.08997	0.72465
V420	0.05128	0.71674	0.0662	0.16578
V421	0.17973	0.11431	0.52263	0.18332
V422	0.1089	0.13065	0.07551	0.68494
V423	0.12917	0.09828	0.65795	0.1146
V424	0.07092	0.12963	0.47638	0.32307
V425	0.10621	0.26079	0.45732	0.17568
V426	0.13595	0.1185	0.59735	0.1482
V427	0.10904	0.37379	0.18745	0.32972
V428	0.11466	0.62621	0.0995	0.15962
V429	0.09258	0.09312	0.09465	0.71966
V430	0.57406	0.19433	0.0785	0.15311
V431	0.19391	0.1047	0.36913	0.33227
V432	0.1462	0.15631	0.10095	0.59654
V433	0.09492	0.60322	0.05408	0.24777
V434	0.28499	0.14073	0.10415	0.47013
V435	0.39939	0.08232	0.15762	0.36067
V436	0.3166	0.08813	0.15134	0.44394
V437	0.21726	0.25199	0.06473	0.46601
V438	0.46458	0.19553	0.08793	0.25196
V439	0.10041	0.15785	0.0752	0.66654
V440	0.38176	0.10402	0.09218	0.42205
V441	0.11632	0.18737	0.45701	0.23931
V442	0.26465	0.33296	0.15766	0.24472
V443	0.57128	0.06078	0.14116	0.22678
V444	0.0795	0.10111	0.7247	0.09469
V445	0.48548	0.07687	0.31691	0.12074
V446	0.07855	0.67055	0.09958	0.15133
V447	0.48262	0.14468	0.19625	0.17645
V448	0.0903	0.1428	0.19363	0.57327
V449	0.4396	0.10057	0.28282	0.17701
V450	0.15179	0.69198	0.06725	0.08898
V451	0.73565	0.08679	0.06264	0.11492
V452	0.1023	0.1006	0.1151	0.68199
V453	0.62204	0.11849	0.11957	0.1399
V454	0.04953	0.75022	0.09589	0.10436
V455	0.47065	0.09236	0.28927	0.14772
V456	0.27838	0.17523	0.32736	0.21902
V457	0.08713	0.10584	0.07738	0.72965
V458	0.23764	0.25189	0.06416	0.44631
V459	0.06566	0.64255	0.12561	0.16618
V460	0.75251	0.04704	0.09138	0.10907
V461	0.11611	0.10985	0.07648	0.69756
V462	0.28595	0.26361	0.05823	0.39222
V463	0.2249	0.42393	0.17084	0.18034
V464	0.3952	0.15374	0.06513	0.38594
V465	0.31958	0.39443	0.07797	0.20801
V466	0.44608	0.21671	0.06382	0.27339
V467	0.2661	0.49213	0.11921	0.12256
V468	0.38862	0.37403	0.10034	0.13701
V469	0.08343	0.22495	0.25135	0.44028
V470	0.42076	0.17126	0.19702	0.21096
V471	0.24127	0.16532	0.09102	0.50238
V472	0.2699	0.32428	0.05632	0.34949
V473	0.12897	0.47144	0.28928	0.11032
V474	0.15506	0.08803	0.13949	0.61742
V475	0.18322	0.37184	0.11676	0.32818
V476	0.18198	0.09936	0.1078	0.61085
V477	0.4625	0.09861	0.21987	0.21902
V478	0.14875	0.50125	0.05933	0.29066
V479	0.08181	0.15211	0.60211	0.16397
V480	0.12251	0.31263	0.09215	0.47271
V481	0.17325	0.09386	0.62594	0.10695
V482	0.53214	0.19254	0.14966	0.12565
V483	0.1586	0.17069	0.11731	0.5534
V484	0.09501	0.13898	0.08735	0.67866
V485	0.13913	0.60446	0.06411	0.19231
V486	0.23839	0.28054	0.15068	0.33039
V487	0.12756	0.1234	0.12655	0.62249
V488	0.06948	0.09482	0.65719	0.17851
V489	0.21388	0.15663	0.52418	0.10531
V490	0.27881	0.3136	0.11243	0.29516
V491	0.35058	0.42222	0.08436	0.14285
V492	0.07256	0.67872	0.15179	0.09693
V493	0.09371	0.09224	0.07326	0.74079
V494	0.19782	0.20337	0.41042	0.18839
V495	0.20736	0.52536	0.15799	0.10929
V496	0.24107	0.57598	0.05462	0.12833
V497	0.0797	0.09481	0.72442	0.10106
V498	0.2703	0.16367	0.10351	0.46253
V499	0.4761	0.2721	0.1556	0.0962
V500	0.13938	0.17888	0.55471	0.12703
V501	0.08694	0.09324	0.09477	0.72505
V502	0.42256	0.28315	0.17567	0.11862
V503	0.20001	0.1643	0.19992	0.43577
V504	0.21171	0.57895	0.06591	0.14343
V505	0.19627	0.24902	0.23107	0.32363
V506	0.12821	0.2756	0.35806	0.23813
V507	0.4669	0.15231	0.15603	0.22475
V508	0.57514	0.19526	0.09691	0.13269
V509	0.22146	0.13382	0.40483	0.23989
V510	0.21052	0.45475	0.23938	0.09536
V511	0.09683	0.38858	0.09103	0.42355
V512	0.22885	0.12356	0.12382	0.52377
V513	0.11169	0.53968	0.20352	0.14512
V514	0.09102	0.13081	0.07185	0.70633
V515	0.58473	0.11187	0.1067	0.19669
V516	0.72046	0.11778	0.06193	0.09982
V517	0.1032	0.11279	0.23454	0.54947
V518	0.76577	0.06723	0.0658	0.10121
V519	0.07238	0.69543	0.05979	0.17239
V520	0.09322	0.09084	0.47747	0.33846
V521	0.44633	0.10017	0.33225	0.12125
V522	0.0732	0.19072	0.44006	0.29602
V523	0.29304	0.18208	0.24206	0.28282
V524	0.05795	0.63353	0.19052	0.118
V525	0.23123	0.23993	0.08116	0.44768
V526	0.48818	0.13478	0.1233	0.25375
V527	0.20886	0.10489	0.332	0.35425
V528	0.12175	0.69456	0.05437	0.12932
V529	0.11696	0.14125	0.21301	0.52878
V530	0.07011	0.24063	0.51273	0.17653
V531	0.06487	0.70813	0.13793	0.08907
V532	0.17918	0.32381	0.07965	0.41736
V533	0.24334	0.34088	0.15722	0.25857
V534	0.07715	0.10046	0.53965	0.28273
V535	0.43501	0.06391	0.07294	0.42813
V536	0.20273	0.08462	0.3165	0.39615
V537	0.4555	0.26633	0.17695	0.10122
V538	0.36102	0.12173	0.12912	0.38812
V539	0.23322	0.3941	0.17127	0.20141
V540	0.19131	0.57373	0.11265	0.1223
V541	0.07372	0.448	0.10376	0.37452
V542	0.19883	0.18753	0.2327	0.38094
V543	0.68816	0.05196	0.0746	0.18527
V544	0.14473	0.15972	0.18032	0.51523
V545	0.29809	0.19196	0.11507	0.39489
V546	0.08569	0.71043	0.1072	0.09668
V547	0.08406	0.5377	0.27539	0.10285
V548	0.16074	0.62412	0.12024	0.0949
V549	0.28885	0.09861	0.50634	0.1062
V550	0.4559	0.08984	0.06137	0.39289
V551	0.17742	0.60508	0.08183	0.13568
V552	0.06123	0.46456	0.06213	0.41208
V553	0.21872	0.19351	0.47508	0.11268
V554	0.11317	0.15104	0.08632	0.64948
V555	0.12887	0.26014	0.28055	0.33043
V556	0.07167	0.10858	0.69633	0.12342
V557	0.62853	0.07938	0.07215	0.21994
V558	0.10129	0.63653	0.07596	0.18622
V559	0.05803	0.6612	0.19083	0.08993
V560	0.53741	0.306	0.06005	0.09653
V561	0.07391	0.10235	0.72271	0.10104
V562	0.60171	0.05877	0.16237	0.17715
V563	0.23854	0.08124	0.5802	0.10002
V564	0.11294	0.14333	0.63696	0.10676
V565	0.15089	0.28056	0.3092	0.25935
V566	0.52987	0.14402	0.06576	0.26035
V567	0.20374	0.40587	0.07728	0.31311
V568	0.2304	0.08893	0.10628	0.57439
V569	0.52308	0.08437	0.06127	0.33128
V570	0.08512	0.29859	0.47056	0.14573
V571	0.63213	0.15976	0.06064	0.14747
V572	0.36296	0.07791	0.38103	0.17809
V573	0.1158	0.21394	0.06946	0.6008
V574	0.08117	0.63909	0.17644	0.1033
V575	0.0901	0.15493	0.15094	0.60403
V576	0.16122	0.65495	0.08305	0.10077
V577	0.10322	0.12756	0.20766	0.56157
V578	0.11093	0.14193	0.51403	0.23311
V579	0.05856	0.70531	0.12612	0.11001
V580	0.1759	0.09265	0.1463	0.58515
V581	0.12015	0.14223	0.07	0.66762
V582	0.44136	0.18868	0.08849	0.28146
V583	0.07741	0.12981	0.4551	0.33768
V584	0.40432	0.19477	0.27447	0.12644
V585	0.08105	0.1	0.36355	0.4554
V586	0.22976	0.08813	0.51119	0.17091
V587	0.25327	0.08773	0.53832	0.12068
V588	0.48022	0.10296	0.08554	0.33128
V589	0.09288	0.65574	0.10692	0.14447
V590	0.08852	0.62458	0.19017	0.09674
V591	0.07918	0.12206	0.20063	0.59813
V592	0.18105	0.10709	0.61929	0.09258
V593	0.45542	0.06553	0.20283	0.27622
V594	0.28096	0.29583	0.29086	0.13235
V595	0.09814	0.10536	0.08248	0.71401
V596	0.0928	0.29792	0.20991	0.39937
V597	0.055	0.49723	0.28811	0.15965
V598	0.08306	0.17426	0.63468	0.108
V599	0.481	0.31446	0.08665	0.11789
V600	0.2903	0.42553	0.09793	0.18625
V601	0.17303	0.28865	0.11973	0.41858
V602	0.09844	0.10469	0.07757	0.7193
V603	0.07417	0.35457	0.0697	0.50157
V604	0.40531	0.16545	0.30825	0.12099
V605	0.11197	0.32881	0.32237	0.23685
V606	0.55181	0.18684	0.07267	0.18868
V607	0.49788	0.0767	0.14978	0.27565
V608	0.21199	0.21008	0.31759	0.26035
V609	0.0884	0.26813	0.21686	0.42662
V610	0.58633	0.07618	0.14095	0.19655
V611	0.25879	0.08572	0.10591	0.54958
V612	0.09093	0.1593	0.6024	0.14737
V613	0.09112	0.32708	0.45569	0.12611
V614	0.57762	0.11216	0.10655	0.20367
V615	0.16215	0.12518	0.07411	0.63856
V616	0.10947	0.58026	0.08868	0.22159
V617	0.38277	0.19782	0.32899	0.09042
V618	0.5592	0.0621	0.06155	0.31715
V619	0.31713	0.10292	0.28845	0.2915
V620	0.06233	0.55431	0.2879	0.09547
V621	0.33567	0.20022	0.18778	0.27633
V622	0.29689	0.24851	0.33436	0.12023
V623	0.09003	0.14824	0.16377	0.59796
V624	0.61571	0.21392	0.05989	0.11048
V625	0.23223	0.43646	0.13116	0.20014
V626	0.76585	0.05931	0.06618	0.10866
V627	0.08453	0.10764	0.11626	0.69158
V628	0.07484	0.24992	0.07688	0.59837
V629	0.15043	0.30322	0.24515	0.30121
V630	0.09146	0.32784	0.44889	0.13181
V631	0.08584	0.23329	0.13551	0.54536
V632	0.45329	0.06481	0.1708	0.3111
V633	0.06892	0.11558	0.62405	0.19145
V634	0.32548	0.2771	0.30069	0.09673
V635	0.07447	0.61813	0.06008	0.24733
V636	0.15517	0.16895	0.48656	0.18932
V637	0.2603	0.23274	0.12722	0.37974
V638	0.30139	0.27368	0.11498	0.30996
V639	0.24113	0.39169	0.2781	0.08907
V640	0.09549	0.20382	0.56657	0.13412
V641	0.68828	0.08318	0.08753	0.14101
V642	0.58768	0.19995	0.05951	0.15287
V643	0.07338	0.23476	0.35539	0.33647
V644	0.71347	0.10999	0.06907	0.10746
V645	0.2341	0.37825	0.27724	0.11041
V646	0.05584	0.7848	0.06222	0.09714
V647	0.1704	0.15369	0.53605	0.13985
V648	0.32712	0.39549	0.15996	0.11743
V649	0.09084	0.13784	0.63014	0.14118
V650	0.11106	0.15837	0.58296	0.1476
V651	0.28216	0.07726	0.53978	0.10079
V652	0.13332	0.16403	0.35027	0.35238
V653	0.14203	0.54929	0.12969	0.17899
V654	0.53007	0.22232	0.10953	0.13808
V655	0.08555	0.48994	0.07085	0.35366
V656	0.20118	0.28404	0.06946	0.44532
V657	0.09618	0.13872	0.07529	0.68982
V658	0.45535	0.23409	0.10899	0.20157
V659	0.27944	0.15422	0.31162	0.25473
V660	0.07078	0.76331	0.05555	0.11036
V661	0.10281	0.38839	0.09848	0.41032
V662	0.3397	0.0872	0.39508	0.17802
V663	0.22822	0.14156	0.44661	0.18361
V664	0.20794	0.13515	0.52355	0.13336
V665	0.52233	0.21455	0.09525	0.16787
V666	0.45247	0.06449	0.14417	0.33887
V667	0.60076	0.11217	0.19413	0.09294
V668	0.13732	0.6537	0.12052	0.08846
V669	0.21241	0.38114	0.23313	0.17332
V670	0.10656	0.72749	0.056	0.10995
V671	0.29501	0.29393	0.24288	0.16818
V672	0.08478	0.10749	0.6844	0.12334
V673	0.2141	0.35164	0.21856	0.2157
V674	0.54562	0.18111	0.07827	0.195
V675	0.15731	0.32569	0.2732	0.2438
V676	0.09522	0.17549	0.13791	0.59138
V677	0.30571	0.37389	0.13233	0.18806
V678	0.40703	0.42946	0.06717	0.09634
V679	0.09915	0.31231	0.4846	0.10394
V680	0.26011	0.47306	0.15872	0.10812
V681	0.70028	0.10249	0.07504	0.12219
V682	0.14248	0.30223	0.43042	0.12488
V683	0.05584	0.78401	0.06913	0.09103
V684	0.53267	0.19369	0.13494	0.1387
V685	0.38368	0.33287	0.15253	0.13092
V686	0.13386	0.22638	0.16523	0.47453
V687	0.09847	0.09935	0.08215	0.72003
V688	0.30175	0.45012	0.05539	0.19274
V689	0.23845	0.07927	0.10227	0.58001
V690	0.37955	0.108	0.36541	0.14704
V691	0.18116	0.08534	0.63316	0.10034
V692	0.12474	0.19451	0.53384	0.14691
V693	0.22042	0.1726	0.30966	0.29732
V694	0.08314	0.11389	0.26126	0.5417
V695	0.23049	0.08925	0.17634	0.50393
V696	0.12677	0.15	0.07852	0.64471
V697	0.09123	0.12416	0.07706	0.70755
V698	0.63608	0.05604	0.07364	0.23424
V699	0.42936	0.2895	0.11379	0.16734
V700	0.2232	0.10115	0.07177	0.60387
V701	0.13621	0.45731	0.13548	0.27099
V702	0.41719	0.13644	0.07368	0.37269
V703	0.16381	0.13139	0.38724	0.31756
V704	0.62889	0.09412	0.08641	0.19058
V705	0.76079	0.03996	0.0766	0.12265
V706	0.12691	0.12636	0.58235	0.16439
V707	0.08957	0.39308	0.39194	0.12541
V708	0.07855	0.69839	0.07125	0.15181
V709	0.15897	0.28055	0.40909	0.15139
V710	0.4553	0.23404	0.10162	0.20904
V711	0.11534	0.64166	0.12621	0.11679
V712	0.62887	0.10051	0.06648	0.20414
V713	0.33758	0.30297	0.08546	0.274
V714	0.06312	0.55558	0.07073	0.31057
V715	0.25896	0.3276	0.26887	0.14457
V716	0.1023	0.11752	0.09942	0.68076
V717	0.10627	0.73375	0.05573	0.10425
V718	0.15903	0.47904	0.18191	0.18003
V719	0.09654	0.57966	0.08177	0.24204
V720	0.5463	0.05848	0.24019	0.15502
V721	0.15279	0.21383	0.37342	0.25997
V722	0.12843	0.33148	0.06903	0.47106
V723	0.14711	0.14819	0.07255	0.63215
V724	0.44466	0.09278	0.13078	0.33179
V725	0.06928	0.15979	0.64822	0.12271
V726	0.09007	0.36098	0.14477	0.40418
V727	0.23612	0.54312	0.1269	0.09386
V728	0.07251	0.70417	0.12575	0.09757
V729	0.33161	0.08786	0.18396	0.39657
V730	0.69926	0.07476	0.10406	0.12191
V731	0.08742	0.24078	0.32097	0.35082
V732	0.29385	0.14527	0.306	0.25489
V733	0.48572	0.21727	0.08738	0.20962
V734	0.22217	0.30542	0.37663	0.09578
V735	0.08647	0.11421	0.38461	0.41471
V736	0.17029	0.09205	0.07501	0.66266
V737	0.27411	0.29596	0.22707	0.20286
V738	0.12063	0.32744	0.35707	0.19485
V739	0.0724	0.09946	0.46925	0.3589
V740	0.64867	0.12259	0.12221	0.10652
V741	0.37509	0.15941	0.15391	0.31159
V742	0.32803	0.51536	0.06734	0.08927
V743	0.16133	0.19083	0.53409	0.11375
V744	0.41009	0.10303	0.30335	0.18354
V745	0.06698	0.57064	0.18153	0.18085
V746	0.79208	0.03753	0.06813	0.10227
V747	0.11347	0.09033	0.54099	0.25521
V748	0.15478	0.16885	0.45101	0.22536
V749	0.24651	0.2169	0.10214	0.43445
V750	0.3254	0.41514	0.07272	0.18674
V751	0.08542	0.69259	0.08471	0.13728
V752	0.35554	0.25179	0.15962	0.23305
V753	0.09329	0.09898	0.07191	0.73583
V754	0.05832	0.74199	0.05504	0.14465
V755	0.16755	0.23556	0.28753	0.30937
V756	0.09747	0.09997	0.09894	0.70362
V757	0.27962	0.49705	0.10702	0.11632
V758	0.08672	0.61641	0.14453	0.15234
V759	0.15799	0.1395	0.3291	0.37342
V760	0.25827	0.13154	0.25549	0.3547
V761	0.10522	0.49073	0.24424	0.15981
V762	0.0677	0.36205	0.06931	0.50094
V763	0.30613	0.34152	0.07935	0.27299
V764	0.0584	0.73641	0.06049	0.1447
V765	0.50766	0.13786	0.05931	0.29518
V766	0.0765	0.32348	0.34954	0.25048
V767	0.37619	0.17572	0.23674	0.21135
V768	0.09107	0.7256	0.07254	0.11078
V769	0.15336	0.66829	0.07751	0.10085
V770	0.05584	0.7848	0.06222	0.09714
V771	0.18752	0.09265	0.61325	0.10657
V772	0.16525	0.116	0.61885	0.0999
V773	0.16684	0.67014	0.06212	0.10089
V774	0.08575	0.09446	0.69645	0.12334
V775	0.15298	0.12414	0.25317	0.4697
V776	0.33439	0.38577	0.09913	0.18071
V777	0.1854	0.17797	0.16037	0.47626
V778	0.40823	0.28345	0.11419	0.19412
V779	0.18631	0.12158	0.39543	0.29668
V780	0.13235	0.62831	0.15077	0.08857
V781	0.10997	0.11027	0.08828	0.69148
V782	0.0736	0.18323	0.59523	0.14794
V783	0.59947	0.07479	0.10625	0.21949
V784	0.12792	0.70989	0.06634	0.09585
V785	0.07901	0.74337	0.06732	0.11029
V786	0.54635	0.19166	0.12962	0.13237
V787	0.05235	0.68129	0.16955	0.0968
V788	0.39201	0.30082	0.1758	0.13137
V789	0.11448	0.34914	0.07916	0.45722
V790	0.36103	0.09949	0.12378	0.4157
V791	0.1561	0.35615	0.27993	0.20782
V792	0.1502	0.46459	0.05916	0.32606
V793	0.14093	0.54302	0.08148	0.23457
V794	0.10466	0.15106	0.58874	0.15554
V795	0.1482	0.12137	0.10792	0.62251
V796	0.09087	0.15081	0.643	0.11531
V797	0.59663	0.05489	0.24054	0.10793
V798	0.47519	0.29436	0.12103	0.10943
V799	0.14678	0.62546	0.07662	0.15114
V800	0.11997	0.1128	0.40679	0.36045
V801	0.16307	0.18289	0.28106	0.37299
V802	0.10049	0.15803	0.24514	0.49633
V803	0.21029	0.45448	0.24734	0.08788
V804	0.41851	0.08264	0.34504	0.15381
V805	0.07986	0.09528	0.73025	0.09461
V806	0.08552	0.72379	0.06733	0.12336
V807	0.23267	0.20089	0.09077	0.47566
V808	0.50448	0.27483	0.09554	0.12515
V809	0.10046	0.11383	0.69159	0.09412
V810	0.05569	0.79026	0.05693	0.09713
V811	0.33735	0.14096	0.20898	0.31271
V812	0.41547	0.27322	0.10188	0.20943
V813	0.4561	0.22227	0.20205	0.11957
V814	0.34738	0.46383	0.0936	0.09519
V815	0.04997	0.73913	0.11362	0.09728
V816	0.74517	0.04028	0.11945	0.0951
V817	0.09179	0.14444	0.65602	0.10774
V818	0.08395	0.12558	0.09421	0.69626
V819	0.63474	0.12462	0.1068	0.13384
V820	0.15963	0.16043	0.08466	0.59529
V821	0.20784	0.31556	0.32583	0.15076
V822	0.12179	0.10515	0.65878	0.11429
V823	0.08797	0.23216	0.51088	0.16899
V824	0.12658	0.35456	0.42923	0.08963
V825	0.20909	0.30042	0.23113	0.25936
V826	0.34304	0.37932	0.17602	0.10162
V827	0.30751	0.50978	0.06608	0.11663
V828	0.21123	0.21418	0.13967	0.43492
V829	0.09757	0.26727	0.08955	0.54562
V830	0.20963	0.25507	0.08204	0.45325
V831	0.58471	0.13545	0.09026	0.18959
V832	0.23412	0.37264	0.17725	0.21599
V833	0.15971	0.44335	0.18186	0.21508
V834	0.25686	0.14369	0.12262	0.47683
V835	0.29119	0.40519	0.14471	0.15891
V836	0.06307	0.56067	0.05969	0.31657
V837	0.20591	0.36036	0.18899	0.24474
V838	0.72896	0.07913	0.09128	0.10064
V839	0.25829	0.5137	0.13323	0.09478
V840	0.25373	0.59625	0.06139	0.08863
V841	0.0701	0.12326	0.66474	0.1419
V842	0.29177	0.21268	0.2418	0.25374
V843	0.0834	0.10724	0.65228	0.15708
V844	0.14827	0.16219	0.31622	0.37333
V845	0.11725	0.17334	0.56175	0.14767
V846	0.07103	0.10207	0.57243	0.25447
V847	0.08786	0.09308	0.07774	0.74132
V848	0.12123	0.44538	0.17619	0.2572
V849	0.04995	0.76476	0.0616	0.12369
V850	0.77458	0.0391	0.07732	0.109
V851	0.28174	0.46438	0.16542	0.08846
V852	0.1471	0.12961	0.15785	0.56545
V853	0.22486	0.25392	0.33275	0.18847
V854	0.45009	0.20695	0.1404	0.20255
V855	0.08786	0.09308	0.07774	0.74132
V856	0.09567	0.34399	0.29471	0.26563
V857	0.50949	0.20858	0.08716	0.19476
V858	0.44707	0.07127	0.3821	0.09956
V859	0.49796	0.25153	0.07634	0.17416
V860	0.1922	0.17505	0.10448	0.52827
V861	0.12726	0.34075	0.42927	0.10272
V862	0.16309	0.15402	0.54926	0.13363
V863	0.20246	0.12851	0.06683	0.60219
V864	0.12178	0.11677	0.10389	0.65756
V865	0.15444	0.09564	0.24671	0.50321
V866	0.56656	0.07289	0.25307	0.10749
V867	0.56663	0.08019	0.25301	0.10016
V868	0.39307	0.28734	0.15915	0.16044
V869	0.06406	0.77729	0.06154	0.09712
V870	0.13697	0.33192	0.07407	0.45705
V871	0.04995	0.76476	0.0616	0.12369
V872	0.08508	0.10794	0.23321	0.57377
V873	0.68579	0.07507	0.11114	0.128
V874	0.18968	0.64423	0.07775	0.08834
V875	0.08338	0.23775	0.19784	0.48103
V876	0.17185	0.32434	0.3374	0.16641
V877	0.095	0.37482	0.25767	0.2725
V878	0.14576	0.65894	0.10694	0.08837
V879	0.18465	0.56911	0.08883	0.15742
V880	0.25886	0.4753	0.05988	0.20596
V881	0.17183	0.12286	0.46557	0.23974
V882	0.61664	0.05111	0.16882	0.16343
V883	0.2544	0.22727	0.42734	0.09098
V884	0.0852	0.28731	0.06011	0.56738
V885	0.5508	0.22832	0.12904	0.09184
V886	0.07408	0.35207	0.37207	0.20178
V887	0.48289	0.12211	0.18369	0.21131
V888	0.14169	0.12521	0.5626	0.1705
V889	0.71497	0.08806	0.08304	0.11393
V890	0.09548	0.20254	0.47029	0.23169
V891	0.48482	0.10661	0.27547	0.1331
V892	0.24557	0.22198	0.07161	0.46085
V893	0.44164	0.23767	0.1763	0.14439
V894	0.11192	0.31242	0.45022	0.12544
V895	0.45388	0.1245	0.21033	0.2113
V896	0.07884	0.74906	0.06182	0.11028
V897	0.52648	0.26303	0.06617	0.14431
V898	0.37441	0.06735	0.06934	0.4889
V899	0.09014	0.23524	0.15989	0.51473
V900	0.12023	0.30533	0.30121	0.27323
V901	0.08003	0.66851	0.05967	0.19179
V902	0.08523	0.72324	0.09488	0.09665
V903	0.06463	0.38864	0.41476	0.13197
V904	0.06405	0.78231	0.05668	0.09696
V905	0.17609	0.08651	0.18846	0.54893
V906	0.32151	0.15535	0.14077	0.38237
V907	0.33934	0.45121	0.07359	0.13586
V908	0.08911	0.1266	0.11495	0.66934
V909	0.14521	0.65033	0.05355	0.15091
V910	0.18274	0.0853	0.1525	0.57946
V911	0.39651	0.36652	0.08528	0.15169
V912	0.30805	0.32272	0.15197	0.21725
V913	0.15129	0.08687	0.07626	0.68559
V914	0.1826	0.43339	0.26129	0.12273
V915	0.21818	0.0805	0.07274	0.62859
V916	0.23629	0.12609	0.50439	0.13323
V917	0.54314	0.08672	0.19289	0.17725
V918	0.091	0.52626	0.21674	0.16601
V919	0.19591	0.26301	0.26073	0.28035
V920	0.46292	0.22751	0.13452	0.17505
V921	0.09608	0.2087	0.08759	0.60762
V922	0.12976	0.41513	0.32445	0.13066
V923	0.12923	0.10279	0.09902	0.66896
V924	0.08295	0.55286	0.24655	0.11764
V925	0.1886	0.11078	0.07857	0.62205
V926	0.20349	0.10356	0.08944	0.60351
V927	0.0958	0.11841	0.10452	0.68126
V928	0.08427	0.71109	0.05986	0.14478
V929	0.09689	0.53176	0.1489	0.22245
V930	0.38903	0.35194	0.08551	0.17351
V931	0.15883	0.28823	0.40158	0.15137
V932	0.09625	0.17996	0.46312	0.26068
V933	0.46252	0.3658	0.07026	0.10143
V934	0.07746	0.20921	0.24562	0.46772
V935	0.42871	0.20242	0.21631	0.15255
V936	0.39944	0.28237	0.07425	0.24393
V937	0.41229	0.17675	0.12913	0.28183
V938	0.30901	0.11929	0.28088	0.29082
V939	0.57137	0.0772	0.12484	0.22658
V940	0.07342	0.63808	0.16466	0.12385
V941	0.07437	0.09522	0.72925	0.10116
V942	0.55993	0.21277	0.11721	0.11009
V943	0.32263	0.17944	0.35844	0.13949
V944	0.0836	0.28329	0.10862	0.52449
V945	0.42603	0.34	0.06753	0.16644
V946	0.35482	0.27439	0.24431	0.12647
V947	0.13156	0.1335	0.21912	0.51582
V948	0.29611	0.09881	0.49262	0.11247
V949	0.074	0.17974	0.20005	0.54621
V950	0.09942	0.46196	0.20228	0.23633
V951	0.6451	0.06442	0.18986	0.10063
V952	0.11993	0.19288	0.23871	0.44848
V953	0.0837	0.13045	0.66263	0.12322
V954	0.0969	0.22802	0.15995	0.51513
V955	0.14177	0.50474	0.07684	0.27665
V956	0.09912	0.11305	0.40688	0.38095
V957	0.28514	0.08894	0.06485	0.56107
V958	0.09371	0.09224	0.07326	0.74079
V959	0.21691	0.27705	0.35449	0.15155
V960	0.21457	0.28636	0.12071	0.37837
V961	0.15485	0.36221	0.29568	0.18727
V962	0.29906	0.21275	0.33512	0.15306
V963	0.44944	0.2069	0.18279	0.16087
V964	0.64476	0.07967	0.14785	0.12773
V965	0.09987	0.44059	0.18749	0.27205
V966	0.76716	0.0526	0.07132	0.10892
V967	0.11212	0.12736	0.41435	0.34617
V968	0.06626	0.20536	0.58042	0.14796
V969	0.07743	0.29739	0.08845	0.53673
V970	0.09682	0.18884	0.34203	0.37231
V971	0.39178	0.14417	0.30176	0.16229
V972	0.38711	0.23164	0.10039	0.28086
V973	0.2335	0.38447	0.11702	0.26501
V974	0.05895	0.63052	0.15071	0.15982
V975	0.13583	0.29561	0.47146	0.09711
V976	0.33968	0.26771	0.14647	0.24615
V977	0.27248	0.34021	0.2922	0.09511
V978	0.11874	0.15925	0.11284	0.60917
V979	0.62422	0.06879	0.20618	0.10081
V980	0.79208	0.03753	0.06813	0.10227
V981	0.2882	0.10677	0.36412	0.24091
V982	0.34175	0.37086	0.12028	0.16711
V983	0.531	0.11466	0.06583	0.28852
V984	0.06647	0.67264	0.13734	0.12355
V985	0.12151	0.22878	0.06707	0.58265
V986	0.26819	0.45621	0.09651	0.17909
V987	0.21773	0.61792	0.05518	0.10916
V988	0.21037	0.09595	0.0778	0.61589
V989	0.34938	0.4213	0.12008	0.10924
V990	0.06782	0.13016	0.5957	0.20632
V991	0.49952	0.33895	0.05928	0.10226
V992	0.20873	0.08893	0.41904	0.2833
V993	0.10177	0.59183	0.17633	0.13007
V994	0.18303	0.63802	0.07776	0.10119
V995	0.55415	0.15277	0.09014	0.20295
V996	0.24037	0.17836	0.07318	0.50809
V997	0.08517	0.10098	0.62223	0.19162
V998	0.67394	0.06073	0.12453	0.1408
V999	0.13524	0.71386	0.05513	0.09578
V1000	0.27207	0.09615	0.0648	0.56698
