CD14.pos.CD16.neg.classical.monocyte	mature.neutrophil	memory.B.cell	cytotoxic.CD56.dim.NK.cell	memory.CD4.pos.AB.T.cell	macrophage
V1	0.07981	0.05611	0.73867	0.02776	0.02387	0.07377
V2	0.35548	0.1562	0.09331	0.11641	0.15389	0.1247
V3	0.16785	0.1012	0.23755	0.03139	0.06439	0.39762
V4	0.15641	0.37653	0.07744	0.1074	0.154	0.12821
V5	0.02709	0.08013	0.03098	0.50368	0.31222	0.0459
V6	0.17199	0.06751	0.19809	0.06132	0.18747	0.31362
V7	0.05384	0.33603	0.04644	0.05725	0.44245	0.06399
V8	0.42865	0.10614	0.10817	0.12526	0.06638	0.1654
V9	0.1945	0.18037	0.07159	0.23477	0.10221	0.21656
V10	0.2875	0.08606	0.11655	0.29479	0.09543	0.11967
V11	0.0834	0.58952	0.08904	0.06517	0.10151	0.07136
V12	0.17619	0.07849	0.12806	0.04003	0.07222	0.50501
V13	0.07515	0.43242	0.28904	0.05996	0.07381	0.06962
V14	0.05945	0.06084	0.05275	0.67533	0.0941	0.05752
V15	0.30231	0.12025	0.07678	0.12874	0.23394	0.13798
V16	0.05985	0.05443	0.04498	0.34377	0.36443	0.13254
V17	0.16431	0.08536	0.19649	0.03145	0.06096	0.46144
V18	0.43993	0.18141	0.11477	0.05652	0.05935	0.14803
V19	0.36304	0.10749	0.22747	0.04048	0.12923	0.13229
V20	0.38085	0.11497	0.15769	0.12378	0.06412	0.1586
V21	0.17989	0.08729	0.09741	0.04049	0.10556	0.48936
V22	0.13055	0.0942	0.05019	0.08714	0.54453	0.09339
V23	0.05408	0.05378	0.30617	0.03745	0.49249	0.05603
V24	0.10999	0.06106	0.03898	0.12355	0.57318	0.09323
V25	0.27996	0.27091	0.08204	0.14343	0.10723	0.11642
V26	0.18622	0.07073	0.05699	0.03601	0.5662	0.08384
V27	0.14904	0.06769	0.21738	0.03745	0.0666	0.46184
V28	0.09751	0.24212	0.18317	0.21082	0.0992	0.16718
V29	0.07856	0.47105	0.14255	0.10023	0.07943	0.12818
V30	0.16454	0.20796	0.14937	0.0373	0.24716	0.19368
V31	0.40131	0.08735	0.23768	0.0561	0.04734	0.17022
V32	0.02882	0.05663	0.32338	0.45353	0.06086	0.07678
V33	0.16556	0.35596	0.24642	0.05949	0.06339	0.10919
V34	0.01319	0.04172	0.44953	0.04383	0.39245	0.05928
V35	0.02947	0.08728	0.18753	0.44565	0.17958	0.07048
V36	0.08457	0.40315	0.14726	0.05289	0.23484	0.07728
V37	0.05394	0.0524	0.68228	0.03348	0.02891	0.14898
V38	0.16274	0.06268	0.19139	0.03037	0.06039	0.49243
V39	0.35263	0.09652	0.0919	0.25066	0.07168	0.13662
V40	0.07528	0.40503	0.07083	0.15697	0.17985	0.11204
V41	0.41758	0.09201	0.12096	0.0428	0.06437	0.26228
V42	0.17798	0.06733	0.49548	0.02975	0.07749	0.15196
V43	0.1446	0.34597	0.07064	0.06619	0.25907	0.11352
V44	0.08824	0.59608	0.08586	0.0607	0.08963	0.07949
V45	0.25916	0.29573	0.12169	0.06051	0.08124	0.18166
V46	0.07581	0.05532	0.05968	0.24249	0.35784	0.20887
V47	0.07285	0.35066	0.05888	0.15029	0.2713	0.09602
V48	0.0615	0.48031	0.2041	0.05012	0.14158	0.06238
V49	0.08162	0.56835	0.07988	0.05785	0.14242	0.06987
V50	0.02644	0.04291	0.2494	0.03595	0.5532	0.09209
V51	0.01203	0.04539	0.02277	0.04098	0.82737	0.05146
V52	0.06349	0.44172	0.25261	0.07316	0.09843	0.07058
V53	0.10422	0.05326	0.10947	0.05533	0.61259	0.06512
V54	0.06772	0.14048	0.5004	0.06898	0.11422	0.1082
V55	0.01503	0.07432	0.11899	0.0549	0.68559	0.05118
V56	0.01601	0.07195	0.66902	0.12462	0.06633	0.05207
V57	0.13721	0.31015	0.10316	0.04189	0.17957	0.22803
V58	0.0266	0.05039	0.76683	0.04249	0.02521	0.08848
V59	0.0468	0.0525	0.03781	0.69277	0.11941	0.05071
V60	0.30551	0.07266	0.08209	0.35513	0.07481	0.10979
V61	0.21763	0.15418	0.08423	0.16168	0.12207	0.2602
V62	0.31121	0.09284	0.13912	0.12939	0.13864	0.18879
V63	0.10511	0.40278	0.08462	0.10466	0.09268	0.21015
V64	0.02064	0.12608	0.02733	0.03634	0.73775	0.05185
V65	0.32101	0.16841	0.11481	0.05655	0.09971	0.23952
V66	0.29368	0.08871	0.16775	0.05241	0.28509	0.11237
V67	0.07569	0.16178	0.29651	0.22186	0.06686	0.1773
V68	0.49169	0.09966	0.11881	0.07614	0.05511	0.15859
V69	0.34759	0.09975	0.10146	0.04058	0.08494	0.32567
V70	0.0409	0.05054	0.21995	0.50133	0.13271	0.05457
V71	0.06957	0.23695	0.07291	0.11564	0.35964	0.14529
V72	0.3434	0.16258	0.14694	0.05708	0.11175	0.17825
V73	0.05213	0.04471	0.11643	0.61801	0.11244	0.05628
V74	0.03295	0.158	0.05074	0.61045	0.10121	0.04665
V75	0.07297	0.59212	0.07583	0.07629	0.11418	0.06861
V76	0.023	0.04171	0.63131	0.05118	0.1934	0.0594
V77	0.08815	0.15377	0.13147	0.4437	0.08225	0.10066
V78	0.30502	0.15757	0.1283	0.13603	0.07774	0.19535
V79	0.11841	0.41994	0.09136	0.0476	0.07877	0.24393
V80	0.11334	0.43467	0.08364	0.05459	0.09279	0.22096
V81	0.40825	0.15699	0.15771	0.05285	0.071	0.1532
V82	0.07063	0.54117	0.0746	0.08477	0.1565	0.07234
V83	0.1104	0.16297	0.0688	0.33792	0.20598	0.11393
V84	0.2175	0.07115	0.13506	0.36683	0.0967	0.11276
V85	0.4723	0.09723	0.17275	0.05288	0.05082	0.15401
V86	0.18035	0.08258	0.16948	0.26368	0.07888	0.22504
V87	0.02673	0.05729	0.05632	0.7071	0.09739	0.05517
V88	0.09656	0.07207	0.0605	0.42365	0.13191	0.21531
V89	0.09742	0.1747	0.40708	0.03837	0.04797	0.23446
V90	0.08406	0.48521	0.15887	0.05782	0.131	0.08303
V91	0.03765	0.05407	0.06263	0.11474	0.66654	0.06438
V92	0.02126	0.09674	0.03284	0.04165	0.74663	0.06089
V93	0.15979	0.1046	0.07192	0.10819	0.28757	0.26794
V94	0.01872	0.04835	0.25559	0.55906	0.0719	0.04638
V95	0.01172	0.04965	0.28247	0.1223	0.48675	0.04712
V96	0.08214	0.30948	0.06709	0.07621	0.31527	0.14981
V97	0.01179	0.05237	0.02945	0.08508	0.7752	0.04611
V98	0.0427	0.10203	0.04299	0.59067	0.16888	0.05274
V99	0.02376	0.05691	0.04222	0.72703	0.10435	0.04572
V100	0.0258	0.0481	0.42161	0.24343	0.18259	0.07848
V101	0.04525	0.30909	0.39448	0.11794	0.06394	0.0693
V102	0.45916	0.10273	0.1849	0.05245	0.05014	0.15061
V103	0.37468	0.09947	0.10241	0.16822	0.10826	0.14695
V104	0.03742	0.04245	0.22054	0.55206	0.08886	0.05866
V105	0.1722	0.06406	0.15087	0.03174	0.063	0.51813
V106	0.07669	0.04819	0.55118	0.02452	0.04434	0.25507
V107	0.09128	0.47876	0.23683	0.05075	0.07238	0.07
V108	0.13469	0.08079	0.10045	0.0381	0.24763	0.39834
V109	0.14346	0.06676	0.08557	0.03035	0.23155	0.44231
V110	0.05654	0.17123	0.61439	0.03108	0.04289	0.08387
V111	0.01368	0.05735	0.78465	0.04355	0.04042	0.06036
V112	0.05682	0.27681	0.04711	0.46031	0.10146	0.05748
V113	0.03368	0.11369	0.55738	0.06044	0.1713	0.06351
V114	0.10414	0.04853	0.58787	0.15034	0.03478	0.07434
V115	0.27519	0.11883	0.09764	0.06044	0.17949	0.26841
V116	0.48323	0.09807	0.1168	0.09039	0.0556	0.15591
V117	0.31547	0.08379	0.07432	0.11394	0.29624	0.11626
V118	0.06921	0.49246	0.14355	0.07652	0.13934	0.07891
V119	0.07745	0.56909	0.08623	0.08602	0.09519	0.08602
V120	0.08394	0.19601	0.12921	0.35094	0.15907	0.08083
V121	0.22769	0.07231	0.08582	0.24629	0.06771	0.30018
V122	0.18697	0.07554	0.06216	0.48048	0.11356	0.08128
V123	0.24221	0.0762	0.08347	0.07252	0.18986	0.33576
V124	0.01642	0.04334	0.26747	0.03722	0.58218	0.05337
V125	0.04707	0.16168	0.56773	0.08454	0.03932	0.09967
V126	0.14188	0.24428	0.12351	0.04507	0.07644	0.36883
V127	0.04159	0.04254	0.70644	0.10868	0.03674	0.06402
V128	0.20693	0.24745	0.15108	0.16351	0.12745	0.10358
V129	0.01746	0.05633	0.73382	0.0926	0.03573	0.06406
V130	0.29946	0.16412	0.08564	0.23204	0.09846	0.12029
V131	0.04976	0.04758	0.05377	0.04576	0.67078	0.13236
V132	0.05752	0.37785	0.35386	0.04259	0.10306	0.06512
V133	0.06262	0.19215	0.48743	0.10172	0.09294	0.06313
V134	0.13891	0.46998	0.08042	0.0601	0.15245	0.09814
V135	0.06533	0.05363	0.63985	0.0262	0.08092	0.13408
V136	0.1023	0.51117	0.12576	0.06696	0.11367	0.08015
V137	0.0457	0.16841	0.47689	0.04726	0.20596	0.05578
V138	0.11757	0.05156	0.07373	0.33691	0.15115	0.26908
V139	0.07349	0.08715	0.16529	0.03736	0.41513	0.22157
V140	0.3299	0.23756	0.12492	0.10333	0.07101	0.1333
V141	0.16289	0.24838	0.15831	0.23462	0.09922	0.09658
V142	0.11814	0.50612	0.08818	0.09706	0.08454	0.10597
V143	0.06254	0.09297	0.54203	0.09287	0.13053	0.07906
V144	0.1494	0.1821	0.09381	0.12975	0.07773	0.36721
V145	0.02737	0.04269	0.04977	0.7298	0.09035	0.06002
V146	0.08876	0.05901	0.09536	0.03933	0.61344	0.10409
V147	0.29183	0.12831	0.17713	0.07589	0.05742	0.26942
V148	0.03667	0.18424	0.64733	0.03163	0.0341	0.06603
V149	0.12078	0.38506	0.07894	0.06521	0.07866	0.27134
V150	0.02717	0.04307	0.03568	0.72793	0.11956	0.04658
V151	0.13356	0.33214	0.08087	0.05032	0.09552	0.30758
V152	0.07042	0.22173	0.37825	0.06401	0.17001	0.09557
V153	0.01868	0.07202	0.55026	0.23654	0.06736	0.05513
V154	0.27136	0.22487	0.10178	0.04251	0.06676	0.29272
V155	0.06808	0.30371	0.11356	0.04063	0.38633	0.0877
V156	0.04639	0.38165	0.05404	0.0461	0.41592	0.05589
V157	0.11618	0.13449	0.1017	0.24022	0.08695	0.32046
V158	0.03046	0.09155	0.7561	0.02803	0.02606	0.0678
V159	0.11143	0.22529	0.30692	0.16983	0.09707	0.08946
V160	0.03151	0.0427	0.76311	0.03383	0.02394	0.10491
V161	0.05454	0.38801	0.05155	0.27881	0.17056	0.05653
V162	0.06553	0.41353	0.05478	0.13708	0.25427	0.0748
V163	0.02377	0.04278	0.8161	0.02653	0.02151	0.06932
V164	0.04713	0.30082	0.32683	0.12475	0.13644	0.06403
V165	0.0444	0.06202	0.0594	0.04674	0.67486	0.11258
V166	0.08057	0.0567	0.04659	0.14367	0.44283	0.22965
V167	0.02333	0.0405	0.37667	0.4265	0.07978	0.05321
V168	0.38121	0.09266	0.09617	0.22844	0.06259	0.13894
V169	0.0314	0.04844	0.60877	0.19701	0.04575	0.06862
V170	0.26148	0.09083	0.14903	0.26567	0.12463	0.10836
V171	0.14309	0.36992	0.0928	0.04614	0.08886	0.25919
V172	0.07664	0.10127	0.47272	0.17131	0.05412	0.12393
V173	0.04079	0.05971	0.68775	0.02566	0.04564	0.14045
V174	0.34872	0.15682	0.09122	0.05098	0.22868	0.12359
V175	0.09012	0.48903	0.15907	0.06479	0.12457	0.07243
V176	0.01167	0.04122	0.81264	0.03501	0.03811	0.06135
V177	0.11732	0.11363	0.30621	0.05285	0.20591	0.20409
V178	0.0285	0.07574	0.05416	0.03276	0.74608	0.06276
V179	0.05118	0.04516	0.07517	0.51	0.17281	0.14567
V180	0.17535	0.06483	0.21001	0.33709	0.06018	0.15255
V181	0.29878	0.15808	0.13362	0.09205	0.12269	0.19478
V182	0.03299	0.1139	0.66063	0.08428	0.03315	0.07505
V183	0.03255	0.04343	0.04302	0.74441	0.08917	0.04742
V184	0.22733	0.34223	0.08436	0.06934	0.17144	0.10531
V185	0.1124	0.40442	0.08672	0.05399	0.18671	0.15576
V186	0.01438	0.03947	0.54171	0.30315	0.05171	0.04957
V187	0.1834	0.39509	0.07326	0.06351	0.19309	0.09165
V188	0.12773	0.44141	0.08483	0.06871	0.08051	0.19681
V189	0.04353	0.09872	0.17603	0.05301	0.50135	0.12736
V190	0.05807	0.17988	0.04768	0.04986	0.51932	0.14519
V191	0.10992	0.43958	0.0776	0.0551	0.09379	0.22401
V192	0.29884	0.23589	0.1539	0.06598	0.11401	0.13138
V193	0.16442	0.15022	0.09889	0.0428	0.07665	0.46703
V194	0.02321	0.0603	0.04675	0.12236	0.68611	0.06126
V195	0.01867	0.04062	0.63117	0.10784	0.14369	0.058
V196	0.02334	0.04249	0.05516	0.70334	0.12538	0.05029
V197	0.1324	0.05703	0.06226	0.04149	0.62606	0.08076
V198	0.098	0.33015	0.08571	0.152	0.25624	0.0779
V199	0.04339	0.21385	0.11906	0.11605	0.44779	0.05986
V200	0.06604	0.05134	0.50061	0.21265	0.05129	0.11807
V201	0.034	0.04327	0.03725	0.7297	0.09016	0.06562
V202	0.08739	0.09502	0.3837	0.05899	0.17932	0.19558
V203	0.32518	0.09957	0.08776	0.30113	0.06651	0.11985
V204	0.16169	0.0968	0.11587	0.15979	0.07549	0.39036
V205	0.01905	0.05803	0.79428	0.04337	0.02353	0.06174
V206	0.02852	0.07938	0.1281	0.605	0.11251	0.04649
V207	0.2306	0.19908	0.10683	0.22231	0.09138	0.14979
V208	0.23342	0.12792	0.37078	0.07397	0.09291	0.10099
V209	0.18928	0.38412	0.08206	0.07525	0.08269	0.1866
V210	0.08024	0.06449	0.72857	0.02813	0.02486	0.07371
V211	0.29948	0.10027	0.16134	0.04491	0.19159	0.2024
V212	0.04536	0.2422	0.20397	0.31886	0.12514	0.06447
V213	0.04311	0.09961	0.24702	0.05453	0.49798	0.05776
V214	0.44123	0.10857	0.12266	0.0892	0.08751	0.15083
V215	0.11018	0.46716	0.0771	0.076	0.08196	0.18759
V216	0.1106	0.39856	0.28282	0.05267	0.07876	0.07658
V217	0.16433	0.05915	0.09977	0.10011	0.2976	0.27904
V218	0.06901	0.27898	0.05455	0.43409	0.10726	0.05613
V219	0.44599	0.09605	0.12289	0.04448	0.06359	0.227
V220	0.08003	0.05555	0.05557	0.6582	0.08479	0.06586
V221	0.10368	0.52161	0.09708	0.10913	0.09182	0.07668
V222	0.07642	0.25043	0.07758	0.1515	0.36467	0.07938
V223	0.10164	0.27176	0.2639	0.04368	0.08205	0.23697
V224	0.01506	0.04252	0.36418	0.0289	0.50014	0.04921
V225	0.20687	0.07479	0.11048	0.04105	0.06522	0.50159
V226	0.17093	0.09651	0.21985	0.24988	0.15588	0.10694
V227	0.35281	0.08082	0.09468	0.21352	0.07024	0.18794
V228	0.10547	0.22613	0.40773	0.08018	0.08079	0.0997
V229	0.11583	0.0584	0.33825	0.22799	0.168	0.09152
V230	0.05492	0.17098	0.62146	0.03889	0.03487	0.07888
V231	0.05269	0.06032	0.04495	0.68057	0.10983	0.05164
V232	0.25172	0.07637	0.0792	0.25498	0.07501	0.26272
V233	0.44669	0.10093	0.12473	0.09633	0.07123	0.16009
V234	0.26826	0.0717	0.06494	0.05212	0.43151	0.11146
V235	0.06967	0.04698	0.06076	0.65874	0.09989	0.06396
V236	0.06772	0.04714	0.19195	0.04446	0.48076	0.16798
V237	0.01918	0.04045	0.71846	0.11669	0.04553	0.05969
V238	0.34888	0.08082	0.12873	0.10685	0.08952	0.2452
V239	0.29664	0.09669	0.16327	0.14408	0.16162	0.13772
V240	0.03358	0.22353	0.03497	0.12967	0.52511	0.05314
V241	0.30724	0.1934	0.0886	0.17944	0.10526	0.12606
V242	0.20298	0.10155	0.1091	0.16967	0.13769	0.27901
V243	0.05376	0.32876	0.39327	0.07584	0.08543	0.06294
V244	0.11658	0.06922	0.0571	0.03193	0.51529	0.20989
V245	0.41169	0.09049	0.11319	0.04236	0.07294	0.26934
V246	0.02681	0.08051	0.21615	0.32272	0.29717	0.05664
V247	0.20833	0.12474	0.08815	0.17627	0.08447	0.31804
V248	0.15923	0.08178	0.04903	0.20749	0.39887	0.1036
V249	0.16125	0.18041	0.35326	0.10281	0.05071	0.15157
V250	0.03046	0.05759	0.04334	0.7267	0.09061	0.0513
V251	0.06535	0.4361	0.16658	0.17732	0.08609	0.06855
V252	0.02474	0.04999	0.07027	0.67405	0.12576	0.05518
V253	0.09087	0.09404	0.06021	0.33263	0.18505	0.23721
V254	0.06107	0.23648	0.10354	0.18019	0.32933	0.0894
V255	0.21813	0.27986	0.13057	0.09309	0.1192	0.15915
V256	0.07647	0.59249	0.07767	0.06516	0.10813	0.08008
V257	0.0709	0.33904	0.07611	0.0633	0.35442	0.09623
V258	0.0495	0.21954	0.15366	0.43577	0.07669	0.06484
V259	0.05848	0.43741	0.30143	0.05928	0.06637	0.07703
V260	0.09062	0.0818	0.05398	0.04789	0.59365	0.13205
V261	0.28646	0.09041	0.10608	0.06773	0.24186	0.20747
V262	0.06152	0.05352	0.69944	0.03559	0.0863	0.06363
V263	0.03553	0.08909	0.55305	0.20407	0.05049	0.06777
V264	0.33153	0.09562	0.16888	0.06885	0.111	0.22413
V265	0.03268	0.04696	0.02505	0.05478	0.78559	0.05495
V266	0.20128	0.09656	0.1084	0.04153	0.07371	0.47852
V267	0.1358	0.50392	0.07704	0.11019	0.09192	0.08113
V268	0.48685	0.10046	0.11353	0.05416	0.05565	0.18934
V269	0.0398	0.08061	0.1369	0.58628	0.10295	0.05347
V270	0.18183	0.39518	0.09333	0.06343	0.17117	0.09506
V271	0.12157	0.15386	0.26381	0.04671	0.0716	0.34245
V272	0.03321	0.04626	0.02775	0.09916	0.69752	0.09608
V273	0.04869	0.04767	0.0729	0.09976	0.64566	0.08532
V274	0.14286	0.06601	0.20683	0.07546	0.0677	0.44115
V275	0.36995	0.22131	0.10657	0.06184	0.07019	0.17015
V276	0.13597	0.24524	0.13298	0.10223	0.10607	0.2775
V277	0.28668	0.09048	0.09481	0.04413	0.17942	0.30447
V278	0.10026	0.14252	0.12087	0.22077	0.33468	0.0809
V279	0.16295	0.09816	0.23269	0.07711	0.07188	0.35721
V280	0.08573	0.04889	0.04942	0.6528	0.09129	0.07187
V281	0.07809	0.58091	0.09835	0.08152	0.0888	0.07233
V282	0.02778	0.0755	0.03279	0.08607	0.72042	0.05744
V283	0.04718	0.3586	0.04709	0.05188	0.43232	0.06293
V284	0.06136	0.12238	0.29167	0.29411	0.09946	0.13102
V285	0.03044	0.05766	0.03682	0.72528	0.09849	0.05131
V286	0.36312	0.1049	0.1521	0.19131	0.0586	0.12995
V287	0.02893	0.05329	0.0555	0.09983	0.68142	0.08104
V288	0.13555	0.25714	0.08686	0.04563	0.17427	0.30054
V289	0.02398	0.11274	0.62435	0.11652	0.06032	0.06208
V290	0.0234	0.04135	0.21884	0.57369	0.08188	0.06084
V291	0.04249	0.06637	0.03785	0.69817	0.09687	0.05825
V292	0.1059	0.11837	0.05782	0.47101	0.17983	0.06708
V293	0.01784	0.08213	0.05307	0.04098	0.75017	0.05581
V294	0.29079	0.09781	0.07594	0.05291	0.30393	0.17862
V295	0.21129	0.06832	0.11117	0.03347	0.07223	0.50352
V296	0.06842	0.31601	0.11965	0.24159	0.12894	0.12539
V297	0.17228	0.11486	0.0949	0.04198	0.07629	0.49968
V298	0.07149	0.54365	0.17656	0.06113	0.08063	0.06654
V299	0.10753	0.11523	0.62301	0.03856	0.03918	0.0765
V300	0.38835	0.16811	0.13045	0.05209	0.05894	0.20206
V301	0.26706	0.35252	0.12715	0.0649	0.07697	0.11139
V302	0.04761	0.25276	0.09678	0.41217	0.1266	0.06409
V303	0.06873	0.50408	0.11216	0.06452	0.17966	0.07084
V304	0.02733	0.04632	0.04551	0.03241	0.79409	0.05433
V305	0.06744	0.05302	0.18742	0.36367	0.14747	0.18099
V306	0.26994	0.14889	0.09633	0.04711	0.06535	0.37238
V307	0.11647	0.06193	0.04847	0.04829	0.61048	0.11436
V308	0.02353	0.0499	0.0358	0.74655	0.09843	0.04579
V309	0.05756	0.41534	0.06229	0.3101	0.08972	0.065
V310	0.10192	0.32438	0.25954	0.04722	0.07691	0.19003
V311	0.31587	0.08079	0.1071	0.04556	0.06225	0.38844
V312	0.09327	0.0586	0.03785	0.31378	0.41718	0.07931
V313	0.23501	0.07836	0.0955	0.07226	0.06565	0.45322
V314	0.16142	0.06475	0.05896	0.55416	0.08561	0.0751
V315	0.12803	0.50422	0.08306	0.05558	0.12769	0.10142
V316	0.20554	0.07382	0.1032	0.09316	0.08141	0.44286
V317	0.07227	0.04748	0.05108	0.56138	0.11849	0.1493
V318	0.02719	0.05016	0.06377	0.71005	0.08879	0.06003
V319	0.21292	0.19983	0.25664	0.15022	0.06537	0.11503
V320	0.16164	0.20193	0.31216	0.12602	0.06212	0.13613
V321	0.06409	0.47516	0.06148	0.24219	0.09639	0.06069
V322	0.04979	0.04692	0.10659	0.04489	0.61743	0.13437
V323	0.05334	0.2584	0.04258	0.31789	0.27148	0.05632
V324	0.08307	0.07966	0.0788	0.19772	0.38768	0.17306
V325	0.10329	0.57375	0.09704	0.05942	0.08752	0.07898
V326	0.13307	0.52874	0.09191	0.05751	0.10312	0.08565
V327	0.06783	0.04657	0.7638	0.02733	0.02257	0.07191
V328	0.1235	0.20296	0.19258	0.14752	0.25667	0.07677
V329	0.02045	0.04205	0.49371	0.02733	0.34979	0.06667
V330	0.01861	0.04188	0.79817	0.03496	0.03887	0.06752
V331	0.36891	0.13578	0.13732	0.10897	0.06633	0.18269
V332	0.09147	0.10335	0.16921	0.03764	0.36597	0.23236
V333	0.03131	0.05623	0.40544	0.308	0.12501	0.074
V334	0.0461	0.34606	0.35342	0.132	0.06138	0.06104
V335	0.09676	0.065	0.64309	0.03514	0.02975	0.13026
V336	0.20277	0.45088	0.10448	0.05595	0.08352	0.1024
V337	0.06528	0.18776	0.08429	0.04426	0.5617	0.05672
V338	0.39147	0.0875	0.12599	0.04902	0.18911	0.15691
V339	0.0899	0.11769	0.35266	0.23254	0.0778	0.12941
V340	0.32919	0.26284	0.09358	0.08311	0.08874	0.14254
V341	0.16197	0.08744	0.08783	0.4649	0.11299	0.08487
V342	0.07143	0.05481	0.05885	0.53025	0.12574	0.15892
V343	0.15976	0.17956	0.17343	0.05711	0.07759	0.35254
V344	0.07518	0.46112	0.06476	0.06901	0.20833	0.12159
V345	0.01546	0.04567	0.02992	0.04134	0.81991	0.0477
V346	0.10607	0.05939	0.05507	0.36081	0.33204	0.08663
V347	0.26723	0.16741	0.09226	0.10643	0.25547	0.11119
V348	0.09139	0.15168	0.54796	0.04682	0.08629	0.07585
V349	0.39061	0.13888	0.12856	0.11718	0.08996	0.13481
V350	0.24917	0.09915	0.17728	0.21942	0.0607	0.19429
V351	0.20073	0.11911	0.12394	0.05711	0.08003	0.41908
V352	0.09226	0.28464	0.06626	0.03952	0.29945	0.21787
V353	0.0351	0.18415	0.65445	0.03181	0.03355	0.06095
V354	0.1231	0.09099	0.23584	0.02986	0.30615	0.21406
V355	0.01813	0.06627	0.79979	0.03548	0.02355	0.05677
V356	0.28561	0.16251	0.10567	0.2178	0.08965	0.13877
V357	0.18629	0.06722	0.37443	0.04715	0.22541	0.09951
V358	0.16476	0.06306	0.13919	0.06127	0.07201	0.4997
V359	0.10643	0.11819	0.05273	0.50075	0.14102	0.08089
V360	0.27875	0.07095	0.07702	0.19586	0.24525	0.13217
V361	0.07571	0.60435	0.07867	0.0713	0.09694	0.07303
V362	0.06297	0.41807	0.0812	0.28486	0.09411	0.05879
V363	0.39387	0.13348	0.13686	0.04357	0.13385	0.15838
V364	0.13661	0.19766	0.08905	0.06499	0.16106	0.35062
V365	0.23287	0.34225	0.08643	0.15598	0.07605	0.10641
V366	0.08469	0.23773	0.40103	0.08789	0.11282	0.07585
V367	0.03619	0.04391	0.04585	0.48987	0.31333	0.07086
V368	0.12226	0.15969	0.13314	0.06252	0.18249	0.33989
V369	0.04045	0.06904	0.03013	0.08515	0.67845	0.09678
V370	0.04693	0.10596	0.54874	0.14773	0.05688	0.09376
V371	0.0808	0.23596	0.05923	0.40036	0.08149	0.14214
V372	0.0801	0.48876	0.06609	0.07072	0.19462	0.09971
V373	0.43897	0.10402	0.11019	0.04507	0.05763	0.24412
V374	0.12849	0.05998	0.24278	0.416	0.08445	0.06829
V375	0.23934	0.07333	0.22241	0.08052	0.27011	0.11429
V376	0.13726	0.0955	0.09786	0.12867	0.13165	0.40906
V377	0.04808	0.05317	0.36421	0.02875	0.4356	0.07017
V378	0.15308	0.11376	0.22664	0.03101	0.08929	0.38622
V379	0.28776	0.08357	0.19758	0.03595	0.0552	0.33993
V380	0.01707	0.07447	0.05273	0.0479	0.75207	0.05576
V381	0.20969	0.08517	0.30427	0.25247	0.06017	0.08823
V382	0.02162	0.06691	0.03253	0.1963	0.63157	0.05107
V383	0.13478	0.08426	0.36476	0.26832	0.06695	0.08093
V384	0.04198	0.05969	0.72074	0.04353	0.06922	0.06484
V385	0.19007	0.0731	0.11756	0.03292	0.06592	0.52043
V386	0.335	0.10335	0.2857	0.04597	0.09466	0.13532
V387	0.15228	0.0634	0.09311	0.5412	0.07663	0.07338
V388	0.41993	0.12108	0.21612	0.04359	0.05719	0.14209
V389	0.24615	0.13074	0.10241	0.03781	0.07281	0.41009
V390	0.06011	0.0755	0.04902	0.58589	0.11254	0.11694
V391	0.04507	0.05256	0.04835	0.48256	0.2897	0.08175
V392	0.08214	0.0795	0.42158	0.12234	0.04745	0.24699
V393	0.07578	0.1629	0.34302	0.08396	0.16514	0.16921
V394	0.02776	0.04268	0.06289	0.68325	0.13218	0.05123
V395	0.01637	0.08987	0.77692	0.03604	0.02559	0.0552
V396	0.2841	0.11661	0.07981	0.30653	0.10755	0.10539
V397	0.15241	0.19154	0.11085	0.04363	0.1059	0.39567
V398	0.07968	0.48423	0.07591	0.07083	0.21315	0.0762
V399	0.023	0.04143	0.74906	0.0675	0.04209	0.07692
V400	0.11712	0.07553	0.06575	0.3409	0.08248	0.31822
V401	0.10347	0.06568	0.56368	0.03611	0.12667	0.10439
V402	0.06162	0.05394	0.04667	0.68336	0.08731	0.06711
V403	0.1129	0.05379	0.07002	0.06038	0.36165	0.34126
V404	0.01563	0.05011	0.8279	0.02735	0.02133	0.05768
V405	0.20964	0.31165	0.13907	0.08724	0.15582	0.09658
V406	0.12821	0.10067	0.20177	0.10727	0.20494	0.25714
V407	0.06788	0.06207	0.63462	0.0258	0.03887	0.17077
V408	0.05663	0.12646	0.06957	0.55962	0.08155	0.10617
V409	0.48241	0.12308	0.11337	0.04806	0.05696	0.17611
V410	0.49563	0.10818	0.11334	0.04784	0.0705	0.16451
V411	0.13858	0.06317	0.08435	0.23318	0.07126	0.40946
V412	0.31225	0.20917	0.13132	0.08008	0.15241	0.11477
V413	0.03604	0.13024	0.06405	0.61269	0.10569	0.05128
V414	0.08143	0.10045	0.05411	0.48713	0.21057	0.06631
V415	0.04916	0.05041	0.30588	0.33731	0.14789	0.10935
V416	0.05326	0.15762	0.0457	0.23181	0.39656	0.11505
V417	0.18066	0.0616	0.14183	0.12997	0.06421	0.42172
V418	0.02944	0.10431	0.36031	0.13822	0.28963	0.07808
V419	0.178	0.08616	0.0972	0.03354	0.07553	0.52956
V420	0.18569	0.0658	0.09747	0.04039	0.07499	0.53565
V421	0.04239	0.08411	0.07952	0.09274	0.63175	0.06949
V422	0.14011	0.26963	0.05454	0.05007	0.40753	0.07812
V423	0.05877	0.16785	0.04201	0.5831	0.09188	0.05639
V424	0.42157	0.15764	0.11712	0.09717	0.05951	0.14699
V425	0.02234	0.12639	0.04126	0.03553	0.71788	0.05659
V426	0.1428	0.09045	0.22176	0.03811	0.06678	0.44011
V427	0.27396	0.16206	0.18603	0.14403	0.08287	0.15105
V428	0.17676	0.06642	0.05467	0.54552	0.07766	0.07896
V429	0.02406	0.05711	0.11802	0.48542	0.2559	0.05949
V430	0.05117	0.10696	0.49091	0.19554	0.06158	0.09384
V431	0.01107	0.049	0.81003	0.05163	0.02267	0.0556
V432	0.04986	0.35906	0.06931	0.36212	0.10117	0.05848
V433	0.02683	0.04284	0.07048	0.72575	0.0875	0.04661
V434	0.04084	0.26022	0.17387	0.3941	0.07684	0.05413
V435	0.05141	0.04762	0.04323	0.03041	0.6605	0.16684
V436	0.44599	0.16788	0.11505	0.06285	0.05936	0.14887
V437	0.14918	0.25583	0.27542	0.05313	0.14872	0.11771
V438	0.06221	0.32557	0.0529	0.09038	0.4035	0.06544
V439	0.0173	0.05218	0.11136	0.0319	0.73499	0.05228
V440	0.10709	0.08903	0.37271	0.07636	0.22027	0.13454
V441	0.07352	0.10109	0.41432	0.15438	0.0641	0.19259
V442	0.25473	0.16124	0.20774	0.09073	0.1041	0.18146
V443	0.03233	0.0426	0.08555	0.65769	0.11615	0.06567
V444	0.39225	0.10998	0.12268	0.06465	0.13488	0.17556
V445	0.49987	0.10848	0.12831	0.04785	0.05428	0.16119
V446	0.06565	0.43026	0.2621	0.06571	0.08973	0.08654
V447	0.13683	0.22165	0.06923	0.18642	0.11908	0.2668
V448	0.02816	0.05879	0.74252	0.02735	0.0853	0.05788
V449	0.32205	0.1001	0.09619	0.26501	0.0651	0.15156
V450	0.06893	0.05397	0.59674	0.02778	0.18472	0.06785
V451	0.07915	0.07986	0.1607	0.15414	0.46276	0.06338
V452	0.10316	0.06502	0.08457	0.37417	0.12084	0.25222
V453	0.21019	0.0618	0.46134	0.12807	0.04654	0.09206
V454	0.13303	0.09893	0.13632	0.47346	0.08007	0.07819
V455	0.10255	0.5533	0.10048	0.07531	0.08655	0.08181
V456	0.44586	0.09349	0.13263	0.05163	0.09288	0.18351
V457	0.15231	0.06752	0.08299	0.03858	0.24704	0.41156
V458	0.05513	0.04517	0.37155	0.03488	0.37193	0.12134
V459	0.0275	0.05632	0.51765	0.30199	0.04536	0.0512
V460	0.22634	0.11173	0.25748	0.14226	0.08585	0.17635
V461	0.178	0.08965	0.06906	0.37555	0.18129	0.10645
V462	0.01819	0.04168	0.78325	0.04245	0.03201	0.08242
V463	0.0132	0.06709	0.03713	0.07006	0.76621	0.0463
V464	0.09241	0.56072	0.08099	0.07523	0.1185	0.07215
V465	0.22941	0.1365	0.39499	0.03515	0.08311	0.12085
V466	0.06773	0.06155	0.05328	0.60085	0.14443	0.07216
V467	0.50551	0.10244	0.12217	0.04795	0.05461	0.16732
V468	0.21258	0.14016	0.13238	0.23168	0.191	0.0922
V469	0.04084	0.14528	0.56011	0.10766	0.04871	0.0974
V470	0.33809	0.08738	0.11521	0.0997	0.2316	0.12802
V471	0.05998	0.2075	0.45096	0.08596	0.08696	0.10863
V472	0.0765	0.39737	0.05575	0.07294	0.30779	0.08966
V473	0.08005	0.61187	0.08537	0.06119	0.09071	0.07081
V474	0.05625	0.04329	0.34153	0.43526	0.06477	0.0589
V475	0.06158	0.16124	0.25108	0.17598	0.27611	0.07401
V476	0.2807	0.08841	0.08884	0.19529	0.10483	0.24193
V477	0.09548	0.4382	0.11134	0.1195	0.10021	0.13527
V478	0.02655	0.0502	0.744	0.04235	0.03394	0.10296
V479	0.05393	0.14797	0.61591	0.0382	0.07521	0.06878
V480	0.04055	0.22386	0.04401	0.27801	0.36012	0.05345
V481	0.24016	0.13559	0.15288	0.09731	0.25572	0.11834
V482	0.33068	0.08175	0.1157	0.04658	0.06128	0.36401
V483	0.07259	0.58658	0.12057	0.06404	0.0876	0.06862
V484	0.44692	0.09415	0.15907	0.04393	0.09896	0.15697
V485	0.1694	0.15166	0.42556	0.09566	0.05161	0.10611
V486	0.14196	0.05352	0.58284	0.06035	0.03209	0.12925
V487	0.04632	0.29776	0.04805	0.04863	0.49785	0.06139
V488	0.17685	0.47096	0.09338	0.0867	0.07972	0.0924
V489	0.42601	0.10724	0.16372	0.0511	0.09965	0.15228
V490	0.18187	0.09434	0.08934	0.07737	0.09147	0.46561
V491	0.07686	0.24911	0.30581	0.03638	0.2496	0.08224
V492	0.12956	0.07822	0.23315	0.09921	0.13147	0.32838
V493	0.42701	0.18676	0.10606	0.07022	0.06089	0.14906
V494	0.11977	0.07781	0.33108	0.05082	0.05142	0.3691
V495	0.15789	0.41203	0.20883	0.06267	0.07587	0.08269
V496	0.14558	0.14824	0.27383	0.03269	0.22895	0.1707
V497	0.03874	0.193	0.16119	0.06444	0.48729	0.05535
V498	0.07384	0.12387	0.31222	0.2955	0.11366	0.08091
V499	0.07569	0.47502	0.1767	0.10099	0.09112	0.08048
V500	0.26861	0.20444	0.12512	0.08528	0.1847	0.13185
V501	0.09427	0.56909	0.07834	0.07599	0.09474	0.08757
V502	0.02251	0.05214	0.03345	0.24147	0.59458	0.05585
V503	0.09753	0.2839	0.07834	0.38773	0.08949	0.06301
V504	0.08753	0.5728	0.11063	0.05861	0.09881	0.07162
V505	0.02811	0.04037	0.42416	0.34054	0.08319	0.08362
V506	0.23026	0.07394	0.10772	0.15557	0.1205	0.31202
V507	0.17968	0.0647	0.09766	0.03258	0.083	0.54238
V508	0.07226	0.42766	0.09439	0.11212	0.22411	0.06946
V509	0.04114	0.05169	0.04226	0.63561	0.18025	0.04906
V510	0.49659	0.10074	0.11307	0.04744	0.0777	0.16446
V511	0.1611	0.06646	0.07853	0.21925	0.0784	0.39626
V512	0.07266	0.20917	0.49247	0.05553	0.06704	0.10313
V513	0.02415	0.05904	0.21265	0.07595	0.57472	0.05348
V514	0.08801	0.54113	0.12202	0.05536	0.0837	0.10978
V515	0.0827	0.31813	0.06024	0.36932	0.0846	0.08501
V516	0.01917	0.08105	0.66941	0.03552	0.13173	0.06312
V517	0.01398	0.04108	0.34987	0.21775	0.32535	0.05198
V518	0.20591	0.32276	0.10144	0.12847	0.10933	0.13208
V519	0.12795	0.40934	0.08078	0.11316	0.0865	0.18227
V520	0.36625	0.14936	0.11576	0.13066	0.061	0.17698
V521	0.06801	0.05037	0.03788	0.04786	0.72006	0.07581
V522	0.22778	0.20033	0.08789	0.06176	0.2329	0.18934
V523	0.23876	0.19347	0.12762	0.15605	0.07428	0.20982
V524	0.05753	0.04707	0.09313	0.167	0.50107	0.1342
V525	0.28307	0.07625	0.13223	0.05129	0.06098	0.39617
V526	0.0671	0.51891	0.13736	0.05968	0.15199	0.06496
V527	0.21742	0.07157	0.49536	0.03959	0.07634	0.09973
V528	0.45556	0.09454	0.19153	0.05175	0.05714	0.14948
V529	0.07407	0.10594	0.06175	0.59128	0.10317	0.06378
V530	0.08417	0.21452	0.30059	0.13096	0.12026	0.1495
V531	0.5001	0.10886	0.11446	0.05527	0.05567	0.16564
V532	0.08766	0.04899	0.09697	0.52031	0.17826	0.06781
V533	0.09952	0.04953	0.26695	0.051	0.30047	0.23252
V534	0.06854	0.04721	0.05212	0.49259	0.15817	0.18137
V535	0.30289	0.10548	0.24195	0.15232	0.06122	0.13615
V536	0.02621	0.04017	0.62978	0.18104	0.03484	0.08796
V537	0.06852	0.451	0.06725	0.23738	0.09564	0.0802
V538	0.12022	0.05239	0.07477	0.33374	0.07374	0.34513
V539	0.03462	0.04363	0.04808	0.60164	0.21039	0.06164
V540	0.19976	0.06922	0.32113	0.04758	0.23606	0.12625
V541	0.05027	0.22968	0.05032	0.49203	0.10588	0.07182
V542	0.0571	0.42369	0.07384	0.23928	0.14105	0.06503
V543	0.01382	0.04097	0.55156	0.05128	0.28118	0.06119
V544	0.16828	0.08545	0.09651	0.06221	0.09096	0.4966
V545	0.05857	0.45937	0.11314	0.06833	0.23373	0.06687
V546	0.32551	0.12245	0.08829	0.2493	0.08864	0.12582
V547	0.06274	0.11394	0.03909	0.35335	0.32336	0.10753
V548	0.17946	0.07882	0.09794	0.03311	0.07541	0.53526
V549	0.0958	0.04772	0.54434	0.10825	0.0612	0.1427
V550	0.02319	0.05082	0.3168	0.02929	0.52501	0.05489
V551	0.13851	0.10284	0.11443	0.12937	0.14644	0.3684
V552	0.04638	0.0753	0.15927	0.26893	0.362	0.08811
V553	0.45494	0.09499	0.1319	0.07441	0.08567	0.15809
V554	0.08443	0.57043	0.09491	0.05795	0.09337	0.09891
V555	0.24249	0.06758	0.09989	0.24846	0.06606	0.27553
V556	0.06005	0.05137	0.41022	0.34125	0.06711	0.07
V557	0.09906	0.52545	0.13908	0.0615	0.08741	0.08751
V558	0.25165	0.20863	0.09153	0.14168	0.06872	0.23779
V559	0.01346	0.04494	0.02417	0.15984	0.70685	0.05073
V560	0.39929	0.11115	0.11089	0.05787	0.13497	0.18584
V561	0.01122	0.05788	0.82534	0.02765	0.02162	0.05629
V562	0.29082	0.24097	0.12703	0.10889	0.07243	0.15986
V563	0.17322	0.06342	0.09158	0.09164	0.06822	0.51191
V564	0.12929	0.11596	0.06976	0.03967	0.28444	0.36088
V565	0.17967	0.0649	0.10474	0.03255	0.0748	0.54334
V566	0.15892	0.13567	0.10459	0.07833	0.09901	0.42347
V567	0.2157	0.27173	0.07853	0.22523	0.09585	0.11297
V568	0.04603	0.04792	0.04012	0.06281	0.74993	0.0532
V569	0.41583	0.12169	0.10457	0.07356	0.06655	0.2178
V570	0.38103	0.18803	0.12436	0.09656	0.0685	0.14151
V571	0.03399	0.21951	0.56726	0.04823	0.07179	0.05922
V572	0.02433	0.04947	0.70898	0.04304	0.11345	0.06073
V573	0.12828	0.53651	0.08595	0.05797	0.10365	0.08764
V574	0.10886	0.05176	0.36926	0.06583	0.08049	0.3238
V575	0.07665	0.46772	0.12075	0.14423	0.09581	0.09485
V576	0.20797	0.14736	0.07183	0.03825	0.44216	0.09244
V577	0.21891	0.10398	0.06683	0.08892	0.3941	0.12726
V578	0.05141	0.04762	0.04323	0.03041	0.6605	0.16684
V579	0.04285	0.06798	0.17867	0.24611	0.40875	0.05564
V580	0.09544	0.06542	0.11474	0.34719	0.26939	0.10781
V581	0.37415	0.11527	0.1528	0.1092	0.11963	0.12895
V582	0.37036	0.09108	0.10307	0.20571	0.06975	0.16003
V583	0.08735	0.08743	0.29962	0.02749	0.24091	0.2572
V584	0.09001	0.06463	0.05457	0.31192	0.28657	0.1923
V585	0.07804	0.36049	0.24136	0.11188	0.08196	0.12626
V586	0.12601	0.52491	0.11358	0.06274	0.08928	0.08347
V587	0.16202	0.06261	0.28913	0.33182	0.06359	0.09083
V588	0.03726	0.05115	0.07154	0.69604	0.09549	0.04852
V589	0.09006	0.25086	0.27645	0.10207	0.06757	0.21299
V590	0.10999	0.08362	0.35723	0.09113	0.05824	0.2998
V591	0.4188	0.08967	0.12375	0.16223	0.06566	0.13988
V592	0.06644	0.28842	0.12094	0.3473	0.11607	0.06084
V593	0.02823	0.05028	0.0428	0.74213	0.08991	0.04665
V594	0.09376	0.04908	0.07054	0.51766	0.08571	0.18325
V595	0.08013	0.24522	0.09327	0.13704	0.26156	0.18277
V596	0.03563	0.21744	0.04699	0.10166	0.54868	0.0496
V597	0.24978	0.06949	0.08182	0.04401	0.45697	0.09791
V598	0.47329	0.12872	0.11182	0.04786	0.06502	0.17329
V599	0.13994	0.06436	0.0747	0.15818	0.15675	0.40605
V600	0.26376	0.15392	0.08797	0.08298	0.12634	0.28503
V601	0.1059	0.16267	0.10137	0.32222	0.07442	0.23342
V602	0.04981	0.06177	0.12477	0.03706	0.56828	0.15831
V603	0.12292	0.32229	0.10537	0.08977	0.10203	0.25762
V604	0.05147	0.37037	0.04819	0.05239	0.41743	0.06015
V605	0.04968	0.07058	0.04985	0.03301	0.72511	0.07177
V606	0.29526	0.09831	0.27726	0.09041	0.04931	0.18944
V607	0.14211	0.09002	0.07687	0.04675	0.22435	0.4199
V608	0.1057	0.45859	0.07808	0.10702	0.10215	0.14845
V609	0.03305	0.04879	0.60715	0.21356	0.03833	0.05913
V610	0.05442	0.14604	0.42312	0.17806	0.09042	0.10794
V611	0.07271	0.5891	0.08658	0.08159	0.1019	0.06813
V612	0.03612	0.19272	0.04621	0.59154	0.08594	0.04747
V613	0.33134	0.19096	0.10639	0.04395	0.06368	0.26367
V614	0.07005	0.14122	0.46631	0.03647	0.10795	0.17801
V615	0.02379	0.08969	0.0758	0.0407	0.71308	0.05694
V616	0.23073	0.342	0.08431	0.08275	0.09456	0.16565
V617	0.01812	0.05309	0.02393	0.04168	0.81102	0.05216
V618	0.13933	0.06972	0.56423	0.03692	0.05705	0.13275
V619	0.06054	0.46946	0.1856	0.07491	0.13658	0.07291
V620	0.13888	0.0645	0.28999	0.04316	0.05318	0.41029
V621	0.03044	0.04252	0.0998	0.65108	0.1151	0.06106
V622	0.28444	0.19144	0.09065	0.04287	0.27382	0.11678
V623	0.13281	0.50836	0.08649	0.05547	0.09534	0.12153
V624	0.06545	0.45021	0.06059	0.26317	0.08907	0.07151
V625	0.06364	0.14435	0.20949	0.40529	0.09097	0.08626
V626	0.05831	0.07752	0.05368	0.18922	0.44924	0.17203
V627	0.33677	0.07822	0.08165	0.31095	0.06525	0.12716
V628	0.10805	0.0971	0.30876	0.10706	0.14263	0.23639
V629	0.05009	0.36362	0.05155	0.37967	0.09598	0.05908
V630	0.33688	0.08807	0.11611	0.08416	0.09098	0.28381
V631	0.14464	0.05682	0.12819	0.1438	0.10583	0.42073
V632	0.03869	0.06716	0.1489	0.2994	0.3777	0.06814
V633	0.02783	0.18356	0.66077	0.03939	0.03349	0.05496
V634	0.40265	0.09524	0.107	0.19909	0.06047	0.13556
V635	0.02842	0.07966	0.24882	0.5205	0.07037	0.05224
V636	0.073	0.45948	0.0627	0.1063	0.19718	0.10134
V637	0.15571	0.10539	0.09193	0.03323	0.15271	0.46102
V638	0.04885	0.12643	0.08532	0.46977	0.21013	0.05949
V639	0.18264	0.10747	0.1211	0.06438	0.37972	0.14468
V640	0.06675	0.15474	0.42843	0.04478	0.15947	0.14582
V641	0.01949	0.10408	0.45324	0.0529	0.31572	0.05459
V642	0.1697	0.08904	0.30766	0.17156	0.05347	0.20856
V643	0.44568	0.10034	0.10281	0.11792	0.0735	0.15974
V644	0.41325	0.09661	0.1006	0.12442	0.06719	0.19793
V645	0.37952	0.10023	0.11287	0.1159	0.0591	0.23239
V646	0.02295	0.05057	0.4081	0.02856	0.43376	0.05606
V647	0.1563	0.06486	0.0967	0.2844	0.09367	0.30407
V648	0.1269	0.29104	0.17869	0.08944	0.08875	0.22517
V649	0.10444	0.05847	0.07218	0.59937	0.09454	0.07101
V650	0.15497	0.20051	0.22015	0.04468	0.2985	0.08119
V651	0.12225	0.2965	0.12506	0.06879	0.19573	0.19167
V652	0.04846	0.04406	0.13865	0.60468	0.10403	0.06013
V653	0.1063	0.35645	0.09316	0.07007	0.16031	0.21371
V654	0.4429	0.10053	0.16666	0.05154	0.08286	0.15551
V655	0.17943	0.06107	0.08773	0.08546	0.30454	0.28177
V656	0.08295	0.11071	0.53439	0.06945	0.12931	0.07318
V657	0.24668	0.07581	0.07018	0.12597	0.28501	0.19636
V658	0.03017	0.10133	0.1794	0.56494	0.07725	0.04691
V659	0.07872	0.58932	0.08373	0.06505	0.09582	0.08736
V660	0.44356	0.10375	0.10943	0.05966	0.05759	0.226
V661	0.1209	0.05381	0.19115	0.13779	0.17581	0.32055
V662	0.40818	0.09536	0.11215	0.13943	0.06653	0.17836
V663	0.05585	0.1724	0.04753	0.07257	0.59335	0.05831
V664	0.10042	0.09842	0.62685	0.0297	0.05469	0.08993
V665	0.01724	0.04578	0.02339	0.04131	0.81999	0.05229
V666	0.23863	0.29293	0.08622	0.13551	0.10102	0.14569
V667	0.16457	0.06224	0.11735	0.06885	0.08131	0.50569
V668	0.42933	0.19403	0.11365	0.05664	0.06046	0.14588
V669	0.15571	0.13891	0.07255	0.24807	0.0806	0.30416
V670	0.08879	0.30973	0.07757	0.28193	0.09617	0.14582
V671	0.20199	0.0622	0.06476	0.51108	0.07526	0.0847
V672	0.07443	0.43413	0.06	0.27693	0.08879	0.06571
V673	0.13114	0.16244	0.23723	0.04001	0.05873	0.37044
V674	0.42062	0.09118	0.10029	0.04318	0.20444	0.14029
V675	0.16978	0.15793	0.10297	0.03614	0.09052	0.44266
V676	0.03554	0.04297	0.11467	0.66708	0.09132	0.04842
V677	0.15152	0.32691	0.1974	0.04271	0.0651	0.21635
V678	0.13208	0.1154	0.0972	0.04017	0.40377	0.21139
V679	0.15822	0.13469	0.1233	0.05605	0.07443	0.45331
V680	0.02987	0.04344	0.33912	0.02828	0.4696	0.08969
V681	0.09722	0.52021	0.10033	0.0604	0.08382	0.13802
V682	0.09895	0.42519	0.07077	0.06108	0.16107	0.18294
V683	0.03744	0.04667	0.03601	0.031	0.73762	0.11126
V684	0.10807	0.52612	0.07495	0.1147	0.09458	0.08158
V685	0.05487	0.45715	0.25694	0.04749	0.11848	0.06507
V686	0.18737	0.06849	0.40514	0.03816	0.05777	0.24307
V687	0.09673	0.23058	0.27124	0.11584	0.06098	0.22462
V688	0.27003	0.07267	0.08166	0.0436	0.31384	0.21819
V689	0.0681	0.06085	0.58349	0.12503	0.06142	0.10111
V690	0.07196	0.05659	0.06762	0.05362	0.58361	0.1666
V691	0.08977	0.37686	0.20717	0.10518	0.10605	0.11497
V692	0.31376	0.07451	0.07645	0.28772	0.12722	0.12035
V693	0.41671	0.17905	0.11867	0.06196	0.05977	0.16384
V694	0.4139	0.17797	0.11042	0.08325	0.06061	0.15384
V695	0.43281	0.09323	0.10006	0.059	0.13393	0.18097
V696	0.08841	0.38876	0.0946	0.09272	0.25899	0.07653
V697	0.05684	0.06082	0.65938	0.06819	0.06344	0.09133
V698	0.07703	0.60732	0.07907	0.0662	0.09705	0.07333
V699	0.14597	0.07055	0.49543	0.0611	0.10432	0.12263
V700	0.10324	0.06152	0.03677	0.04162	0.67826	0.07859
V701	0.46473	0.09882	0.11858	0.04544	0.05633	0.2161
V702	0.15168	0.07305	0.13007	0.15889	0.07456	0.41175
V703	0.14944	0.39832	0.08021	0.04918	0.23519	0.08767
V704	0.23969	0.27353	0.23277	0.04314	0.07395	0.13691
V705	0.04661	0.12934	0.25667	0.16894	0.33209	0.06635
V706	0.11102	0.12325	0.3121	0.02941	0.14925	0.27497
V707	0.33196	0.09801	0.10177	0.04007	0.07041	0.35778
V708	0.04573	0.33477	0.44398	0.05443	0.05919	0.0619
V709	0.02601	0.04329	0.03441	0.67742	0.17234	0.04653
V710	0.2543	0.11536	0.16527	0.08189	0.23193	0.15125
V711	0.05745	0.21297	0.37113	0.18384	0.06342	0.11119
V712	0.03737	0.25157	0.05028	0.04675	0.5556	0.05841
V713	0.19009	0.40916	0.10547	0.07785	0.09571	0.12172
V714	0.05337	0.39578	0.37251	0.05009	0.06734	0.06092
V715	0.03133	0.05958	0.78856	0.02694	0.0238	0.0698
V716	0.11663	0.075	0.06403	0.26582	0.22968	0.24883
V717	0.03633	0.05442	0.0483	0.03201	0.75041	0.07854
V718	0.04166	0.33462	0.04952	0.04372	0.47699	0.05349
V719	0.0787	0.56499	0.0975	0.06279	0.11178	0.08424
V720	0.17425	0.05669	0.24877	0.28368	0.08798	0.14863
V721	0.10182	0.25215	0.23441	0.03606	0.13801	0.23755
V722	0.01528	0.04565	0.03689	0.0337	0.82071	0.04777
V723	0.0706	0.48942	0.10016	0.06415	0.19264	0.08302
V724	0.07621	0.27725	0.34075	0.11854	0.12619	0.06107
V725	0.05629	0.09224	0.09261	0.13724	0.50344	0.11818
V726	0.03181	0.05846	0.47238	0.05132	0.29417	0.09185
V727	0.14785	0.05721	0.15948	0.1444	0.07164	0.41943
V728	0.03691	0.05141	0.0381	0.708	0.09015	0.07544
V729	0.15359	0.39346	0.08744	0.07539	0.19382	0.0963
V730	0.11824	0.05174	0.13336	0.34812	0.0761	0.27245
V731	0.12613	0.09181	0.40204	0.02927	0.2003	0.15047
V732	0.09426	0.34748	0.07689	0.07802	0.26855	0.13479
V733	0.15037	0.05461	0.27548	0.18684	0.1036	0.22909
V734	0.15399	0.05946	0.26974	0.02866	0.06899	0.41916
V735	0.0468	0.10982	0.05355	0.60992	0.09033	0.08958
V736	0.10266	0.40942	0.11656	0.07893	0.08972	0.20272
V737	0.0102	0.04534	0.02924	0.04126	0.82718	0.04679
V738	0.21923	0.10202	0.13053	0.32415	0.08203	0.14203
V739	0.12667	0.27975	0.18869	0.06879	0.22971	0.10638
V740	0.04977	0.2394	0.3391	0.07235	0.2271	0.07229
V741	0.25247	0.18141	0.19247	0.10629	0.1674	0.09997
V742	0.19412	0.06852	0.08584	0.36392	0.17199	0.11561
V743	0.03809	0.12735	0.24845	0.29158	0.23092	0.06361
V744	0.24821	0.14404	0.09946	0.15536	0.0664	0.28653
V745	0.06909	0.41245	0.06024	0.08005	0.31313	0.06503
V746	0.45109	0.1103	0.11329	0.06769	0.07236	0.18526
V747	0.13684	0.06372	0.13887	0.06307	0.51102	0.08648
V748	0.12444	0.09433	0.24776	0.05268	0.15439	0.3264
V749	0.2764	0.081	0.08737	0.15735	0.15123	0.24666
V750	0.03338	0.10854	0.03728	0.6769	0.09683	0.04707
V751	0.03192	0.05081	0.06362	0.68785	0.11811	0.04768
V752	0.14105	0.06459	0.07166	0.0943	0.54136	0.08704
V753	0.12512	0.05419	0.08756	0.10618	0.3391	0.28785
V754	0.09057	0.35863	0.15625	0.09693	0.11501	0.1826
V755	0.21691	0.09618	0.07466	0.058	0.40216	0.1521
V756	0.16764	0.07051	0.09732	0.03967	0.11359	0.51127
V757	0.11898	0.36186	0.07982	0.06441	0.12497	0.24997
V758	0.19618	0.47669	0.08612	0.06343	0.07992	0.09767
V759	0.10223	0.06676	0.08381	0.14584	0.48163	0.11972
V760	0.17648	0.06415	0.10261	0.05454	0.06779	0.53444
V761	0.01082	0.04983	0.33813	0.04507	0.50805	0.04811
V762	0.06094	0.04485	0.67467	0.05907	0.05254	0.10791
V763	0.04297	0.15989	0.05943	0.5583	0.11291	0.06651
