CD14.pos.CD16.neg.classical.monocyte	mature.neutrophil	memory.B.cell	cytotoxic.CD56.dim.NK.cell	memory.CD4.pos.AB.T.cell	macrophage
V1	0.07086	0.0474	0.73389	0.01401	0.05761	0.07623
V2	0.33854	0.15191	0.08136	0.12017	0.18639	0.12164
V3	0.1585	0.09945	0.2377	0.02402	0.08388	0.39644
V4	0.14521	0.37202	0.07107	0.10904	0.17624	0.12643
V5	0.02417	0.06777	0.01996	0.49875	0.34592	0.04342
V6	0.16037	0.06359	0.19353	0.06065	0.21439	0.30748
V7	0.04815	0.31813	0.03971	0.06405	0.46805	0.06191
V8	0.41278	0.10402	0.09621	0.12808	0.09644	0.16247
V9	0.1802	0.17667	0.06313	0.24041	0.12853	0.21106
V10	0.2692	0.08077	0.10375	0.30116	0.12981	0.11531
V11	0.07562	0.58845	0.08546	0.06206	0.11569	0.07273
V12	0.1662	0.07871	0.12751	0.03433	0.08809	0.50517
V13	0.06659	0.4276	0.28704	0.0543	0.09307	0.0714
V14	0.05315	0.05097	0.03928	0.66744	0.13436	0.05479
V15	0.28492	0.11426	0.06517	0.13421	0.26833	0.13311
V16	0.05375	0.04497	0.03517	0.34592	0.39586	0.12434
V17	0.15495	0.08451	0.19719	0.02425	0.07803	0.46107
V18	0.42708	0.18074	0.10402	0.05499	0.08677	0.14638
V19	0.34765	0.10318	0.2187	0.03885	0.16147	0.13015
V20	0.36478	0.11243	0.14757	0.12528	0.09411	0.15583
V21	0.17	0.08726	0.09558	0.03671	0.12232	0.48812
V22	0.11944	0.08283	0.04056	0.09646	0.57308	0.08763
V23	0.04845	0.04252	0.28913	0.04231	0.52325	0.05434
V24	0.10026	0.05042	0.02959	0.13276	0.60006	0.08691
V25	0.26532	0.26769	0.07253	0.14664	0.1337	0.11411
V26	0.17075	0.06069	0.04611	0.04638	0.59767	0.0784
V27	0.13954	0.06631	0.21861	0.03023	0.08454	0.46076
V28	0.08777	0.2355	0.17663	0.21251	0.12359	0.164
V29	0.06985	0.46894	0.1394	0.09801	0.09541	0.12839
V30	0.15268	0.20197	0.14309	0.03811	0.27502	0.18913
V31	0.38771	0.08426	0.2302	0.05236	0.07701	0.16845
V32	0.02363	0.04734	0.30617	0.44902	0.09865	0.07518
V33	0.15484	0.35326	0.24318	0.05448	0.08465	0.10958
V34	0.01002	0.03085	0.43045	0.04406	0.42602	0.0586
V35	0.0248	0.07635	0.17255	0.4427	0.21561	0.06798
V36	0.07602	0.3934	0.14169	0.05328	0.25871	0.0769
V37	0.04545	0.0449	0.68076	0.02028	0.05926	0.14935
V38	0.15294	0.06197	0.19261	0.02297	0.07719	0.49232
V39	0.33517	0.09195	0.07876	0.25699	0.1044	0.13273
V40	0.06731	0.39605	0.06499	0.1599	0.20138	0.11036
V41	0.40576	0.09092	0.1119	0.04012	0.09039	0.26091
V42	0.16535	0.06146	0.49244	0.02131	0.10855	0.1509
V43	0.1338	0.33745	0.0637	0.06907	0.28492	0.11106
V44	0.08046	0.59663	0.08265	0.05724	0.10212	0.0809
V45	0.24695	0.29578	0.11544	0.05834	0.10318	0.1803
V46	0.06774	0.04759	0.0513	0.24789	0.38792	0.19757
V47	0.06534	0.33774	0.05207	0.15469	0.29652	0.09366
V48	0.05377	0.47388	0.2009	0.04664	0.16099	0.06382
V49	0.0738	0.5647	0.07583	0.05579	0.15905	0.07082
V50	0.02341	0.03208	0.23428	0.04278	0.57997	0.08748
V51	0.01255	0.03226	0.01537	0.0564	0.83615	0.04726
V52	0.0553	0.43611	0.24998	0.0692	0.1173	0.07212
V53	0.0949	0.04232	0.09743	0.06545	0.63887	0.06104
V54	0.0597	0.13183	0.49384	0.06236	0.14407	0.10819
V55	0.01384	0.0607	0.10723	0.06556	0.70448	0.04819
V56	0.01059	0.06188	0.65655	0.11541	0.10104	0.05454
V57	0.12682	0.30727	0.099	0.04095	0.201	0.22495
V58	0.01979	0.04134	0.76118	0.02857	0.05843	0.09069
V59	0.04186	0.0425	0.02478	0.68266	0.15996	0.04824
V60	0.28603	0.06758	0.0682	0.3628	0.11012	0.10527
V61	0.20389	0.15158	0.07681	0.16553	0.14729	0.2549
V62	0.29551	0.08872	0.12917	0.13232	0.16976	0.18452
V63	0.09498	0.40268	0.08087	0.10416	0.10864	0.20867
V64	0.01934	0.10926	0.01994	0.05003	0.75326	0.04816
V65	0.30915	0.16698	0.10744	0.05544	0.12392	0.23707
V66	0.27539	0.08223	0.15635	0.05567	0.32235	0.10801
V67	0.06652	0.15499	0.28977	0.22099	0.09384	0.1739
V68	0.47708	0.09819	0.10606	0.07629	0.08575	0.15663
V69	0.33597	0.09935	0.09419	0.03796	0.10821	0.32432
V70	0.03555	0.04086	0.20275	0.49636	0.17136	0.05311
V71	0.06207	0.22497	0.06614	0.12106	0.38611	0.13965
V72	0.32878	0.16062	0.13866	0.0563	0.13996	0.17568
V73	0.04634	0.03541	0.10124	0.61104	0.15196	0.05401
V74	0.02841	0.14423	0.03877	0.60509	0.1384	0.04512
V75	0.06551	0.58967	0.07202	0.07422	0.12874	0.06983
V76	0.01786	0.03163	0.61592	0.04442	0.22945	0.06072
V77	0.07907	0.14367	0.11957	0.44559	0.11479	0.09732
V78	0.29025	0.15544	0.11981	0.13802	0.10444	0.19204
V79	0.10815	0.42394	0.08907	0.04346	0.09169	0.24369
V80	0.10329	0.4373	0.08085	0.05146	0.10671	0.22039
V81	0.39474	0.15532	0.14864	0.05093	0.09899	0.15139
V82	0.06318	0.53522	0.0702	0.0843	0.17418	0.07292
V83	0.10006	0.15254	0.05846	0.34224	0.23763	0.10908
V84	0.20195	0.06442	0.12182	0.37165	0.13159	0.10856
V85	0.45815	0.09537	0.16235	0.05053	0.08122	0.15238
V86	0.16717	0.07786	0.16052	0.26735	0.10807	0.21903
V87	0.02345	0.04698	0.0429	0.69613	0.13792	0.05262
V88	0.087	0.06536	0.05078	0.42781	0.16339	0.20566
V89	0.08683	0.17141	0.40863	0.0291	0.07073	0.2333
V90	0.07546	0.481	0.15547	0.05518	0.14901	0.08388
V91	0.03456	0.04189	0.05256	0.12477	0.68637	0.05985
V92	0.01999	0.08159	0.02542	0.05511	0.76142	0.05647
V93	0.14837	0.09868	0.0646	0.11286	0.31666	0.25883
V94	0.01496	0.03863	0.23732	0.55222	0.11096	0.04591
V95	0.00968	0.03798	0.26459	0.12592	0.51592	0.04591
V96	0.07367	0.29895	0.06134	0.08028	0.34048	0.14529
V97	0.01204	0.03912	0.02167	0.09782	0.7867	0.04265
V98	0.03776	0.09007	0.03107	0.58527	0.2055	0.05033
V99	0.02095	0.04633	0.02908	0.71422	0.14573	0.0437
V100	0.02091	0.03849	0.4047	0.24049	0.21814	0.07727
V101	0.03781	0.30038	0.38979	0.11243	0.08862	0.07097
V102	0.44494	0.10082	0.17537	0.04983	0.08029	0.14875
V103	0.3573	0.09562	0.09008	0.17316	0.14057	0.14326
V104	0.03233	0.03324	0.20323	0.54622	0.12791	0.05708
V105	0.16226	0.06399	0.15131	0.02496	0.07862	0.51886
V106	0.06652	0.04304	0.55341	0.01264	0.07109	0.2533
V107	0.08246	0.47589	0.23487	0.04506	0.08999	0.07174
V108	0.12517	0.07719	0.09675	0.03839	0.27246	0.39004
V109	0.13374	0.06398	0.08235	0.02987	0.25544	0.43463
V110	0.04855	0.16285	0.61121	0.01905	0.07237	0.08597
V111	0.00781	0.04751	0.77623	0.02995	0.0751	0.06339
V112	0.0502	0.26228	0.03686	0.46223	0.13232	0.05611
V113	0.02744	0.10331	0.54624	0.05425	0.20402	0.06473
V114	0.09401	0.0403	0.57734	0.14272	0.07039	0.07525
V115	0.26116	0.11617	0.09022	0.06148	0.20763	0.26333
V116	0.46821	0.09634	0.10426	0.09124	0.08642	0.15353
V117	0.2958	0.07754	0.06186	0.12042	0.3335	0.11087
V118	0.06134	0.48679	0.13971	0.07476	0.15768	0.07971
V119	0.06962	0.5677	0.08265	0.08394	0.10903	0.08706
V120	0.07548	0.18421	0.11798	0.35348	0.1904	0.07846
V121	0.21225	0.07027	0.07758	0.25226	0.09421	0.29343
V122	0.17164	0.06763	0.04831	0.48379	0.15136	0.07727
V123	0.22885	0.07364	0.07684	0.07404	0.21719	0.32944
V124	0.01441	0.03158	0.25011	0.04433	0.60832	0.05126
V125	0.03948	0.15327	0.56286	0.07472	0.0688	0.10086
V126	0.13096	0.24681	0.12245	0.04032	0.09162	0.36785
V127	0.03468	0.03327	0.69547	0.098	0.07237	0.06621
V128	0.19355	0.24121	0.14237	0.16632	0.15494	0.10162
V129	0.0117	0.04661	0.72352	0.08084	0.0708	0.06653
V130	0.28325	0.15884	0.07393	0.2379	0.12922	0.11684
V131	0.04522	0.03703	0.04558	0.05741	0.69154	0.12321
V132	0.04993	0.37029	0.35143	0.0363	0.12498	0.06707
V133	0.05465	0.18272	0.48015	0.09572	0.12208	0.06467
V134	0.12921	0.46634	0.07494	0.05919	0.17245	0.09787
V135	0.05687	0.04572	0.6355	0.01533	0.11258	0.13401
V136	0.09335	0.50834	0.12186	0.06445	0.13099	0.08101
V137	0.03889	0.15735	0.46657	0.04272	0.23752	0.05695
V138	0.10745	0.04615	0.06509	0.34208	0.18064	0.2586
V139	0.06579	0.07866	0.15742	0.04185	0.44433	0.21195
V140	0.31514	0.23643	0.116	0.10392	0.09716	0.13135
V141	0.15047	0.24082	0.14905	0.23773	0.12715	0.09479
V142	0.10887	0.50525	0.08359	0.09568	0.10029	0.10632
V143	0.0547	0.08371	0.53191	0.08687	0.16319	0.07962
V144	0.13865	0.18176	0.09009	0.13016	0.09583	0.36352
V145	0.0241	0.03314	0.03645	0.71784	0.13144	0.05704
V146	0.08094	0.0481	0.08478	0.04958	0.63914	0.09745
V147	0.2798	0.12666	0.17156	0.07319	0.08159	0.26721
V148	0.02935	0.17532	0.64406	0.01892	0.06357	0.06878
V149	0.11039	0.38851	0.07627	0.06223	0.09203	0.27056
V150	0.02417	0.03316	0.02276	0.71476	0.16078	0.04435
V151	0.12321	0.33483	0.07828	0.04715	0.11023	0.3063
V152	0.06232	0.21246	0.37186	0.06028	0.19762	0.09545
V153	0.0134	0.06202	0.53457	0.23007	0.10345	0.05649
V154	0.2597	0.22697	0.09635	0.03882	0.08631	0.29185
V155	0.06097	0.28964	0.1065	0.04517	0.41239	0.08533
V156	0.04107	0.36369	0.04777	0.05195	0.44079	0.05473
V157	0.10505	0.13129	0.09613	0.24428	0.10996	0.31329
V158	0.02335	0.08223	0.75135	0.01381	0.05848	0.07077
V159	0.10101	0.21713	0.29912	0.16862	0.12511	0.08901
V160	0.02447	0.034	0.75868	0.01963	0.05661	0.10662
V161	0.04804	0.37364	0.04368	0.28285	0.19575	0.05603
V162	0.05828	0.40093	0.04856	0.14093	0.27765	0.07366
V163	0.01719	0.03333	0.80999	0.01135	0.05581	0.07232
V164	0.04011	0.29032	0.32013	0.12234	0.16214	0.06497
V165	0.04035	0.05039	0.05079	0.05844	0.69528	0.10476
V166	0.07243	0.04879	0.03934	0.15072	0.47177	0.21695
V167	0.01864	0.03114	0.35762	0.42121	0.11833	0.05306
V168	0.3634	0.08884	0.08301	0.23477	0.09482	0.13517
V169	0.02532	0.03914	0.59476	0.18925	0.08171	0.06982
V170	0.24418	0.08472	0.13661	0.27074	0.15938	0.10436
V171	0.13208	0.37294	0.08985	0.04244	0.10422	0.25847
V172	0.06783	0.09352	0.46476	0.16624	0.08472	0.12294
V173	0.03323	0.05168	0.68489	0.01248	0.07679	0.14093
V174	0.33198	0.15143	0.07981	0.05384	0.26281	0.12013
V175	0.08149	0.48456	0.15537	0.06217	0.14294	0.07347
V176	0.00598	0.03138	0.80399	0.0208	0.07337	0.06447
V177	0.10608	0.10762	0.30092	0.05091	0.23497	0.19951
V178	0.02646	0.06188	0.04532	0.04644	0.76168	0.05821
V179	0.04513	0.037	0.06361	0.50846	0.20804	0.13777
V180	0.16177	0.05876	0.1983	0.34012	0.0932	0.14783
V181	0.28464	0.15515	0.12555	0.09306	0.15022	0.19137
V182	0.02602	0.10474	0.65377	0.07313	0.06514	0.07719
V183	0.02893	0.03375	0.02966	0.73153	0.13089	0.04525
V184	0.21372	0.3385	0.07651	0.07046	0.19729	0.10353
V185	0.10251	0.40029	0.08215	0.05377	0.20738	0.1539
V186	0.00979	0.02992	0.52331	0.29624	0.08981	0.05094
V187	0.17242	0.38893	0.06606	0.06458	0.21744	0.09057
V188	0.11789	0.44367	0.08144	0.06612	0.0945	0.19639
V189	0.03832	0.08721	0.16515	0.0595	0.52891	0.12092
V190	0.05185	0.16647	0.04102	0.05836	0.5448	0.1375
V191	0.10049	0.44196	0.07474	0.05204	0.10721	0.22356
V192	0.28476	0.23328	0.14601	0.06527	0.14102	0.12967
V193	0.15563	0.15142	0.09737	0.03789	0.09091	0.46678
V194	0.02178	0.04731	0.03734	0.13254	0.70428	0.05676
V195	0.01365	0.03074	0.61559	0.10063	0.17988	0.0595
V196	0.02054	0.0326	0.0416	0.69097	0.16641	0.04788
V197	0.12095	0.04634	0.05186	0.05278	0.65283	0.07524
V198	0.08905	0.31779	0.07783	0.1561	0.28289	0.07635
V199	0.03829	0.19791	0.10931	0.12204	0.47477	0.05768
V200	0.05817	0.04327	0.48943	0.20742	0.08494	0.11677
V201	0.03018	0.03389	0.02447	0.71848	0.13083	0.06215
V202	0.07792	0.08835	0.37843	0.05542	0.20814	0.19174
V203	0.30727	0.09434	0.07421	0.30804	0.10037	0.11578
V204	0.15246	0.09417	0.11125	0.16106	0.09575	0.38531
V205	0.01272	0.04838	0.78698	0.02905	0.05801	0.06487
V206	0.0245	0.06828	0.11291	0.59769	0.15149	0.04513
V207	0.21625	0.19413	0.09729	0.2269	0.11916	0.14626
V208	0.21899	0.12235	0.3647	0.07033	0.12354	0.10009
V209	0.17747	0.38586	0.07688	0.07359	0.10065	0.18554
V210	0.07111	0.05589	0.72406	0.01458	0.05819	0.07616
V211	0.28477	0.09589	0.15274	0.04524	0.22305	0.1983
V212	0.03899	0.22954	0.19304	0.31985	0.15476	0.06383
V213	0.03819	0.08683	0.23238	0.0602	0.5266	0.05582
V214	0.42567	0.10616	0.11125	0.09066	0.11825	0.14801
V215	0.1002	0.46945	0.07371	0.07363	0.09589	0.18712
V216	0.10113	0.39399	0.28031	0.04704	0.09966	0.07788
V217	0.15263	0.05362	0.09226	0.10438	0.32777	0.26933
V218	0.06157	0.26482	0.04414	0.43656	0.13801	0.05491
V219	0.43392	0.09473	0.1131	0.04212	0.09083	0.2253
V220	0.07206	0.04644	0.04209	0.6526	0.12414	0.06268
V221	0.09533	0.5183	0.09238	0.10827	0.10813	0.0776
V222	0.06897	0.23584	0.06904	0.15716	0.39248	0.07651
V223	0.09149	0.26992	0.26386	0.03785	0.10118	0.23571
V224	0.01257	0.0311	0.34511	0.03283	0.53006	0.04833
V225	0.19708	0.07503	0.10867	0.03558	0.08154	0.50209
V226	0.15699	0.08902	0.20783	0.25282	0.18984	0.1035
V227	0.33575	0.0777	0.08313	0.21927	0.1009	0.18325
V228	0.09559	0.2191	0.40336	0.07435	0.10752	0.10007
V229	0.10509	0.05015	0.32464	0.22792	0.20291	0.08929
V230	0.04687	0.16261	0.61828	0.02696	0.06411	0.08117
V231	0.04709	0.05013	0.03167	0.67158	0.15037	0.04917
V232	0.23551	0.07387	0.06977	0.26171	0.10297	0.25617
V233	0.43136	0.09862	0.1131	0.09758	0.10204	0.1573
V234	0.24921	0.06403	0.0533	0.06007	0.46804	0.10534
V235	0.06257	0.03786	0.04701	0.65171	0.14006	0.06078
V236	0.06065	0.03824	0.18101	0.05028	0.51056	0.15926
V237	0.01356	0.03084	0.70611	0.1061	0.08134	0.06205
V238	0.33411	0.07879	0.12028	0.10833	0.11699	0.24149
V239	0.28001	0.09133	0.15249	0.14743	0.19487	0.13386
V240	0.02978	0.2054	0.02738	0.13764	0.54926	0.05054
V241	0.29135	0.18924	0.07773	0.18412	0.13462	0.12294
V242	0.1899	0.09798	0.10175	0.17342	0.16441	0.27253
V243	0.04606	0.32046	0.38961	0.06973	0.10923	0.0649
V244	0.10604	0.06085	0.04959	0.0403	0.54489	0.19833
V245	0.39927	0.08982	0.1042	0.04002	0.09872	0.26797
V246	0.02279	0.06895	0.20046	0.32207	0.33085	0.05489
V247	0.19671	0.1223	0.08142	0.17966	0.10702	0.3129
V248	0.14528	0.07259	0.03841	0.21428	0.43187	0.09757
V249	0.14913	0.17567	0.34919	0.09804	0.0776	0.15036
V250	0.02693	0.04729	0.03021	0.71507	0.13156	0.04894
V251	0.05748	0.42828	0.16114	0.17764	0.10613	0.06933
V252	0.02161	0.03996	0.05651	0.66382	0.16547	0.05263
V253	0.08127	0.0874	0.0519	0.33783	0.21445	0.22715
V254	0.05435	0.22239	0.09459	0.18478	0.3577	0.08619
V255	0.20525	0.27722	0.12413	0.09337	0.14303	0.157
V256	0.06908	0.59113	0.07409	0.06234	0.12204	0.08132
V257	0.0639	0.32519	0.06973	0.06787	0.37963	0.09368
V258	0.04299	0.2069	0.14187	0.43626	0.10827	0.06371
V259	0.05044	0.43247	0.29987	0.05288	0.08546	0.07888
V260	0.0824	0.07075	0.0456	0.05804	0.61948	0.12373
V261	0.27067	0.0855	0.09621	0.07091	0.27507	0.20165
V262	0.05351	0.04431	0.69118	0.02511	0.12003	0.06586
V263	0.02905	0.07954	0.54039	0.19746	0.08467	0.0689
V264	0.31729	0.09282	0.16121	0.06817	0.13961	0.2209
V265	0.03074	0.03442	0.01736	0.06882	0.79799	0.05067
V266	0.19174	0.09688	0.10641	0.03656	0.08977	0.47865
V267	0.12628	0.50169	0.07149	0.10996	0.10899	0.08158
V268	0.47439	0.09912	0.10199	0.05268	0.08434	0.18749
V269	0.03463	0.06989	0.12179	0.58053	0.14143	0.05173
V270	0.17081	0.39005	0.08667	0.06362	0.19475	0.0941
V271	0.11179	0.15211	0.26447	0.04023	0.09117	0.34023
V272	0.03055	0.0348	0.0199	0.11038	0.71557	0.08879
V273	0.0443	0.03649	0.06285	0.1097	0.66721	0.07945
V274	0.13353	0.06396	0.20643	0.07091	0.08681	0.43835
V275	0.35793	0.22065	0.09765	0.06054	0.09476	0.16846
V276	0.12508	0.24374	0.12947	0.10189	0.12549	0.27433
V277	0.27322	0.08802	0.08763	0.0443	0.20751	0.29932
V278	0.09102	0.13057	0.1095	0.22521	0.36617	0.07753
V279	0.15208	0.09603	0.23123	0.07309	0.09347	0.35409
V280	0.07738	0.04008	0.03601	0.64731	0.131	0.06822
V281	0.07038	0.57965	0.09501	0.07896	0.10232	0.07369
V282	0.02592	0.06163	0.02444	0.09813	0.7367	0.05318
V283	0.04192	0.3405	0.04074	0.05826	0.45747	0.0611
V284	0.05376	0.11344	0.28048	0.29383	0.13077	0.12772
V285	0.02696	0.04731	0.02395	0.71351	0.13939	0.04887
V286	0.34647	0.10072	0.14022	0.19509	0.0904	0.12709
V287	0.02665	0.04117	0.04604	0.11052	0.70052	0.07509
V288	0.12474	0.25583	0.08333	0.04478	0.19478	0.29654
V289	0.01765	0.10293	0.61463	0.10775	0.09292	0.06412
V290	0.01945	0.03207	0.20151	0.56683	0.12099	0.05915
V291	0.03776	0.05592	0.02497	0.68852	0.13746	0.05536
V292	0.096	0.10746	0.04569	0.4718	0.21497	0.06409
V293	0.01691	0.06765	0.0444	0.05432	0.7649	0.05181
V294	0.27412	0.09186	0.06535	0.05759	0.33877	0.17231
V295	0.20147	0.06838	0.10935	0.02797	0.08883	0.50401
V296	0.06006	0.30669	0.11257	0.24473	0.1531	0.12285
V297	0.1635	0.11561	0.09349	0.03688	0.09056	0.49996
V298	0.06382	0.54107	0.17427	0.05632	0.09615	0.06837
V299	0.09781	0.10706	0.61835	0.02713	0.07134	0.07832
V300	0.37625	0.16747	0.12168	0.04952	0.08443	0.20066
V301	0.25507	0.35198	0.12032	0.0628	0.09905	0.11078
V302	0.04151	0.23866	0.08609	0.41362	0.15754	0.06258
V303	0.06137	0.49654	0.10783	0.06356	0.19925	0.07145
V304	0.02599	0.03359	0.03679	0.04721	0.80627	0.05015
V305	0.05944	0.04584	0.17598	0.36515	0.18012	0.17345
V306	0.25895	0.15031	0.0914	0.04331	0.08424	0.37179
V307	0.1062	0.05146	0.03914	0.05916	0.63735	0.10669
V308	0.0208	0.03969	0.02284	0.73293	0.14001	0.04373
V309	0.05074	0.40345	0.05468	0.31403	0.11233	0.06478
V310	0.09197	0.32228	0.25896	0.04142	0.0959	0.18947
V311	0.30434	0.08104	0.1015	0.04178	0.08325	0.38809
V312	0.08434	0.04839	0.0272	0.31717	0.44874	0.07415
V313	0.22439	0.07819	0.09139	0.06959	0.08414	0.4523
V314	0.1478	0.05657	0.04498	0.55501	0.12412	0.07152
V315	0.11872	0.50253	0.07848	0.05357	0.1451	0.10159
V316	0.19463	0.07299	0.09943	0.0921	0.10058	0.44027
V317	0.06455	0.03975	0.03947	0.55995	0.15503	0.14126
V318	0.02374	0.04037	0.05016	0.69925	0.12927	0.05722
V319	0.19955	0.19476	0.24949	0.1496	0.09295	0.11366
V320	0.14948	0.19684	0.3069	0.12315	0.08868	0.13494
V321	0.0569	0.46512	0.0547	0.24548	0.11674	0.06106
V322	0.04482	0.03675	0.09677	0.05465	0.64115	0.12587
V323	0.04724	0.24242	0.0335	0.32139	0.30104	0.05441
V324	0.07444	0.07065	0.06981	0.2034	0.41792	0.16377
V325	0.09521	0.57403	0.09356	0.05583	0.10102	0.08035
V326	0.12407	0.52798	0.08737	0.05458	0.11956	0.08644
V327	0.05927	0.03769	0.75859	0.01313	0.05684	0.07447
V328	0.11252	0.19231	0.18233	0.15037	0.28758	0.07489
V329	0.01628	0.03148	0.47557	0.0259	0.38465	0.06612
V330	0.0125	0.03227	0.79011	0.02092	0.07386	0.07034
V331	0.35421	0.13378	0.12757	0.1099	0.09433	0.18021
V332	0.08185	0.09605	0.16269	0.04089	0.39506	0.22347
V333	0.02591	0.04668	0.38867	0.30447	0.16121	0.07305
V334	0.03873	0.33737	0.34868	0.12741	0.08496	0.06284
V335	0.08655	0.05791	0.64123	0.02292	0.06054	0.13084
V336	0.19239	0.45134	0.0989	0.0531	0.10166	0.10261
V337	0.059	0.17164	0.07509	0.05356	0.58671	0.05401
V338	0.37415	0.08349	0.11472	0.05048	0.22413	0.15302
V339	0.07998	0.11006	0.34313	0.23126	0.10856	0.12701
V340	0.31607	0.26183	0.08468	0.08359	0.11307	0.14076
V341	0.14819	0.07901	0.07421	0.46757	0.14998	0.08104
V342	0.06383	0.0469	0.0474	0.52965	0.16161	0.1506
V343	0.14999	0.17885	0.1718	0.05282	0.09606	0.35048
V344	0.06705	0.45435	0.06012	0.06988	0.22836	0.12024
V345	0.01558	0.03251	0.02198	0.05651	0.82958	0.04385
V346	0.09604	0.04992	0.04351	0.36338	0.3656	0.08156
V347	0.25076	0.1603	0.08135	0.11127	0.28905	0.10726
V348	0.08218	0.14321	0.54244	0.0384	0.11642	0.07734
V349	0.37476	0.13575	0.11749	0.11948	0.12035	0.13216
V350	0.23488	0.09473	0.16798	0.22236	0.08998	0.19007
V351	0.191	0.11868	0.12108	0.05365	0.09802	0.41757
V352	0.083	0.27733	0.06167	0.04213	0.3238	0.21207
V353	0.02784	0.17506	0.65085	0.01892	0.06352	0.06382
V354	0.11176	0.08439	0.22891	0.03079	0.33701	0.20715
V355	0.0118	0.05653	0.79308	0.02088	0.05755	0.06016
V356	0.27005	0.15779	0.09489	0.22283	0.11913	0.13532
V357	0.17263	0.05966	0.36406	0.04554	0.26065	0.09747
V358	0.15537	0.06219	0.13822	0.05687	0.08893	0.49842
V359	0.09654	0.10769	0.04059	0.50126	0.1767	0.07722
V360	0.25978	0.06513	0.06492	0.20262	0.28145	0.12611
V361	0.06822	0.60354	0.07509	0.06846	0.11024	0.07445
V362	0.05581	0.40641	0.07355	0.2883	0.11706	0.05887
V363	0.37843	0.13084	0.12706	0.04328	0.16491	0.15548
V364	0.12672	0.19595	0.08556	0.06451	0.1813	0.34597
V365	0.21922	0.34002	0.07803	0.15847	0.09921	0.10504
V366	0.07585	0.22896	0.39487	0.08324	0.14041	0.07667
V367	0.03237	0.03385	0.03437	0.48589	0.34701	0.06651
V368	0.11227	0.15673	0.13012	0.06194	0.20485	0.33409
V369	0.037	0.05662	0.0222	0.09667	0.69781	0.0897
V370	0.03977	0.09702	0.53968	0.14069	0.08862	0.09421
V371	0.07177	0.22625	0.05009	0.40478	0.10971	0.1374
V372	0.07216	0.482	0.06133	0.07115	0.21417	0.09919
V373	0.42724	0.10319	0.10026	0.04258	0.084	0.24273
V374	0.11721	0.05155	0.22714	0.41596	0.12164	0.06651
V375	0.2231	0.06632	0.21103	0.08315	0.30619	0.1102
V376	0.12863	0.09255	0.09384	0.13004	0.15226	0.40268
V377	0.04246	0.04237	0.34728	0.03143	0.4682	0.06825
V378	0.14362	0.112	0.2268	0.02495	0.10833	0.38431
V379	0.27731	0.0818	0.19392	0.03015	0.07789	0.33893
V380	0.01631	0.06033	0.04388	0.06124	0.76651	0.05173
V381	0.19498	0.07845	0.29255	0.25339	0.09419	0.08644
V382	0.02017	0.05383	0.02369	0.20351	0.65128	0.04752
V383	0.12319	0.07624	0.35189	0.26717	0.10155	0.07995
V384	0.0347	0.05028	0.71232	0.03202	0.10344	0.06723
V385	0.18063	0.07334	0.11674	0.02667	0.08106	0.52157
V386	0.32	0.0993	0.27894	0.04275	0.12532	0.13369
V387	0.13917	0.05523	0.07865	0.54208	0.11465	0.07022
V388	0.4061	0.11866	0.20793	0.04007	0.08665	0.14059
V389	0.23463	0.13235	0.09882	0.03339	0.09096	0.40985
V390	0.05346	0.06617	0.03731	0.58314	0.14909	0.11083
V391	0.0403	0.0425	0.03682	0.47965	0.32386	0.07688
V392	0.07216	0.07455	0.41935	0.11631	0.074	0.24362
V393	0.06716	0.15552	0.33767	0.08133	0.19199	0.16633
V394	0.02452	0.03286	0.04917	0.67199	0.17263	0.04883
V395	0.01007	0.08011	0.77085	0.02175	0.05858	0.05864
V396	0.26632	0.11047	0.06674	0.31336	0.14171	0.1014
V397	0.14252	0.1922	0.10911	0.04012	0.12227	0.39378
V398	0.07179	0.47555	0.07066	0.07169	0.23431	0.076
V399	0.01677	0.03208	0.73997	0.05523	0.0769	0.07905
V400	0.10682	0.07122	0.05811	0.34663	0.10896	0.30826
V401	0.09352	0.05762	0.55655	0.02841	0.1596	0.1043
V402	0.05518	0.04457	0.03352	0.67585	0.12712	0.06377
V403	0.10371	0.04826	0.0645	0.06487	0.39017	0.3285
V404	0.00948	0.0403	0.82101	0.01203	0.05604	0.06115
V405	0.1968	0.30632	0.13159	0.08803	0.18201	0.09525
V406	0.11735	0.0953	0.19584	0.10827	0.2329	0.25034
V407	0.05877	0.05517	0.63383	0.013	0.06876	0.17047
V408	0.05004	0.11582	0.0579	0.55857	0.1161	0.10156
V409	0.4696	0.12226	0.1017	0.04631	0.08564	0.17448
V410	0.48186	0.10698	0.10116	0.04672	0.10078	0.1625
V411	0.12863	0.06045	0.07898	0.23724	0.09293	0.40177
V412	0.29698	0.20501	0.12155	0.08151	0.1824	0.11256
V413	0.03117	0.11764	0.05156	0.60694	0.14329	0.0494
V414	0.07334	0.08931	0.04207	0.48616	0.24601	0.06311
V415	0.04272	0.04174	0.29106	0.33586	0.1828	0.10582
V416	0.04734	0.14446	0.03747	0.237	0.42478	0.10894
V417	0.17025	0.05968	0.13831	0.12939	0.08459	0.41777
V418	0.02445	0.09309	0.34599	0.13802	0.32186	0.0766
V419	0.16909	0.08658	0.09611	0.02783	0.08999	0.5304
V420	0.17679	0.06575	0.09606	0.03512	0.08981	0.53647
V421	0.0385	0.07096	0.06957	0.10241	0.65343	0.06512
V422	0.12911	0.25642	0.04633	0.05638	0.43641	0.07536
V423	0.05222	0.15468	0.03022	0.5804	0.12822	0.05426
V424	0.40748	0.15576	0.10609	0.09789	0.08807	0.14471
V425	0.02065	0.10989	0.03326	0.0485	0.735	0.0527
V426	0.13369	0.08905	0.22277	0.03093	0.08465	0.43891
V427	0.25979	0.1579	0.17771	0.14532	0.11081	0.14847
V428	0.16216	0.05855	0.04062	0.54753	0.11601	0.07513
V429	0.02086	0.04642	0.10381	0.48075	0.29145	0.05672
V430	0.04382	0.09799	0.48038	0.19046	0.09362	0.09373
V431	0.00531	0.0391	0.80129	0.03728	0.05806	0.05895
V432	0.04338	0.34515	0.0605	0.36552	0.12753	0.05792
V433	0.0236	0.03314	0.05618	0.71326	0.12911	0.04471
V434	0.03453	0.24707	0.16268	0.39473	0.10718	0.05381
V435	0.04634	0.03765	0.03594	0.04199	0.68271	0.15538
V436	0.43318	0.16662	0.10382	0.06184	0.08731	0.14723
V437	0.13731	0.25013	0.27065	0.0504	0.17488	0.11663
V438	0.05575	0.30884	0.04584	0.09645	0.42966	0.06346
V439	0.0163	0.03936	0.09965	0.04436	0.75143	0.0489
V440	0.09699	0.08105	0.3635	0.07468	0.25225	0.13154
V441	0.06447	0.09471	0.40894	0.15006	0.09225	0.18956
V442	0.24148	0.15749	0.20124	0.0899	0.13104	0.17884
V443	0.02836	0.03322	0.07148	0.64891	0.15549	0.06254
V444	0.376	0.10743	0.11232	0.06559	0.16656	0.1721
V445	0.48646	0.10744	0.11654	0.04602	0.08408	0.15945
V446	0.05739	0.42521	0.25992	0.06101	0.10868	0.08779
V447	0.12475	0.21892	0.06334	0.19051	0.1411	0.26139
V448	0.02174	0.04901	0.73384	0.01581	0.11897	0.06063
V449	0.30557	0.09556	0.08395	0.2714	0.09615	0.14737
V450	0.06106	0.04448	0.58479	0.021	0.21986	0.0688
V451	0.07152	0.06833	0.14728	0.15952	0.493	0.06035
V452	0.09314	0.05934	0.07571	0.37903	0.1504	0.24237
V453	0.19576	0.05539	0.45329	0.12324	0.08092	0.0914
V454	0.12128	0.08997	0.12246	0.47509	0.11578	0.07543
V455	0.09432	0.55248	0.09672	0.07252	0.10095	0.08302
V456	0.43147	0.09145	0.12243	0.05089	0.12305	0.18071
V457	0.14218	0.06426	0.07886	0.03912	0.27235	0.40324
V458	0.04846	0.0359	0.3576	0.03594	0.40489	0.11721
V459	0.02193	0.0467	0.50065	0.29589	0.0824	0.05243
V460	0.21253	0.10711	0.25037	0.14216	0.11453	0.1733
V461	0.16334	0.08167	0.05664	0.38038	0.21667	0.1013
V462	0.01202	0.03235	0.77586	0.02842	0.06665	0.0847
V463	0.01312	0.05302	0.02898	0.08302	0.77892	0.04294
V464	0.08428	0.55797	0.0767	0.07353	0.13437	0.07315
V465	0.21523	0.13176	0.39124	0.02886	0.1129	0.12002
V466	0.06091	0.05186	0.04051	0.59599	0.18225	0.06848
V467	0.4925	0.10121	0.11017	0.04617	0.08437	0.16557
V468	0.1974	0.13199	0.12056	0.23642	0.22474	0.08889
V469	0.03364	0.13653	0.55383	0.09907	0.07862	0.09832
V470	0.31971	0.08181	0.1031	0.10415	0.2677	0.12353
V471	0.05208	0.19935	0.44631	0.07968	0.11365	0.10893
V472	0.06854	0.38533	0.04994	0.07679	0.33159	0.08781
V473	0.07264	0.61198	0.08214	0.05767	0.10316	0.07241
V474	0.04938	0.03435	0.32373	0.43122	0.10303	0.05829
V475	0.05427	0.14941	0.23904	0.17776	0.30718	0.07234
V476	0.26539	0.08527	0.07925	0.20048	0.13329	0.23631
V477	0.08641	0.43492	0.10694	0.11933	0.11769	0.1347
V478	0.0198	0.04135	0.73823	0.02877	0.06737	0.10448
V479	0.0462	0.1388	0.61031	0.02783	0.10597	0.07089
V480	0.03561	0.20737	0.03529	0.28199	0.38845	0.05129
V481	0.22423	0.12859	0.14253	0.10086	0.28949	0.1143
V482	0.31857	0.08203	0.10993	0.04291	0.0832	0.36336
V483	0.0652	0.58547	0.11785	0.06029	0.10082	0.07036
V484	0.43204	0.09151	0.14895	0.04258	0.13055	0.15438
V485	0.1571	0.14549	0.4201	0.08999	0.08148	0.10585
V486	0.12998	0.04701	0.57959	0.05029	0.06413	0.129
V487	0.04137	0.27918	0.0411	0.05656	0.5228	0.05899
V488	0.16686	0.46996	0.08746	0.08516	0.09793	0.09264
V489	0.41107	0.10439	0.15369	0.05004	0.13099	0.14984
V490	0.17214	0.09388	0.08639	0.0757	0.10843	0.46346
V491	0.0688	0.23821	0.29811	0.03497	0.27811	0.08179
V492	0.11971	0.07427	0.23008	0.09777	0.15527	0.3229
V493	0.4139	0.1859	0.09496	0.06964	0.08817	0.14744
V494	0.11097	0.07462	0.33247	0.04293	0.07218	0.36683
V495	0.14775	0.40908	0.20489	0.05864	0.09613	0.08351
V496	0.13334	0.14187	0.26771	0.0314	0.25878	0.16689
V497	0.03399	0.17735	0.15041	0.07089	0.51385	0.0535
V498	0.0656	0.11405	0.29923	0.29497	0.14655	0.07961
V499	0.06693	0.47089	0.17335	0.09883	0.10856	0.08143
V500	0.25385	0.19921	0.11603	0.08729	0.21483	0.12879
V501	0.08621	0.56847	0.07442	0.07359	0.1087	0.08861
V502	0.02084	0.04008	0.02432	0.24633	0.61651	0.05192
V503	0.08812	0.27178	0.06794	0.39154	0.1188	0.06182
V504	0.07977	0.57147	0.10743	0.05501	0.11328	0.07305
V505	0.02279	0.0315	0.40721	0.33633	0.11978	0.08238
V506	0.21636	0.07141	0.10076	0.15889	0.1466	0.30599
V507	0.17104	0.06453	0.09663	0.02703	0.09765	0.54312
V508	0.06459	0.41668	0.08831	0.1144	0.24688	0.06914
V509	0.03677	0.0415	0.02963	0.62708	0.21839	0.04663
V510	0.48248	0.09941	0.1008	0.04671	0.10818	0.16241
V511	0.15062	0.06379	0.07265	0.22352	0.10027	0.38915
V512	0.06407	0.20166	0.48934	0.0471	0.0937	0.10413
V513	0.02145	0.04687	0.19736	0.08321	0.59995	0.05116
V514	0.08008	0.54101	0.11951	0.05098	0.09761	0.11081
V515	0.07434	0.30652	0.05123	0.37364	0.11098	0.08329
V516	0.01357	0.07091	0.6591	0.02624	0.16509	0.0651
V517	0.0108	0.03063	0.33095	0.21686	0.35954	0.05121
V518	0.19295	0.31988	0.09436	0.13011	0.13257	0.13013
V519	0.11738	0.40918	0.07619	0.11304	0.1033	0.18091
V520	0.35123	0.14748	0.1052	0.1327	0.08903	0.17436
V521	0.06232	0.0387	0.02919	0.06105	0.73861	0.07013
V522	0.21438	0.19508	0.07984	0.06419	0.26181	0.18471
V523	0.22471	0.19148	0.12054	0.15829	0.09871	0.20627
V524	0.05145	0.03755	0.08312	0.17333	0.52865	0.12591
V525	0.27222	0.07562	0.1278	0.04719	0.08173	0.39544
V526	0.05958	0.51268	0.1335	0.05743	0.17066	0.06614
V527	0.20327	0.06537	0.49028	0.03206	0.10941	0.09962
V528	0.44151	0.09199	0.1819	0.04925	0.08767	0.14768
V529	0.06636	0.09502	0.04896	0.58777	0.14088	0.06102
V530	0.07521	0.20719	0.29497	0.12913	0.14599	0.14751
V531	0.48686	0.10773	0.10225	0.05405	0.08535	0.16376
V532	0.07916	0.03988	0.08294	0.5177	0.21573	0.06458
V533	0.08944	0.04312	0.25952	0.05163	0.33167	0.22462
V534	0.06077	0.03997	0.04164	0.49354	0.19243	0.17167
V535	0.28724	0.10113	0.23294	0.15285	0.09207	0.13377
V536	0.02031	0.0312	0.61696	0.17245	0.0705	0.08858
V537	0.06101	0.4418	0.06061	0.24071	0.11592	0.07995
V538	0.10922	0.04893	0.06773	0.33991	0.09916	0.33504
V539	0.0308	0.03381	0.03568	0.59409	0.24733	0.05828
V540	0.1856	0.06225	0.31147	0.04693	0.27074	0.12301
V541	0.04417	0.21575	0.03985	0.49262	0.13821	0.0694
V542	0.05026	0.41174	0.06684	0.24266	0.16366	0.06484
V543	0.00973	0.03057	0.5337	0.04753	0.31694	0.06154
V544	0.15835	0.08541	0.09469	0.05926	0.10712	0.49517
V545	0.0516	0.44865	0.10796	0.06916	0.25573	0.0669
V546	0.30855	0.11734	0.07572	0.25562	0.12071	0.12205
V547	0.0561	0.10234	0.02951	0.35591	0.3546	0.10154
V548	0.17073	0.079	0.09687	0.02733	0.0899	0.53618
V549	0.08561	0.04072	0.53811	0.101	0.0931	0.14147
V550	0.02012	0.03911	0.29894	0.03456	0.55401	0.05326
V551	0.12807	0.09992	0.11012	0.13103	0.16918	0.36168
V552	0.04096	0.06442	0.14609	0.27105	0.39366	0.08382
V553	0.44	0.09252	0.12083	0.07503	0.11632	0.15529
V554	0.07666	0.57051	0.09191	0.05444	0.10642	0.10006
V555	0.22767	0.06473	0.09084	0.25406	0.09357	0.26914
V556	0.05273	0.0424	0.39364	0.3374	0.1044	0.06942
V557	0.09052	0.5242	0.13608	0.05767	0.10286	0.08866
V558	0.23907	0.20745	0.08411	0.14345	0.09129	0.23462
V559	0.01337	0.03246	0.01561	0.16903	0.7227	0.04683
V560	0.38349	0.10877	0.10034	0.05861	0.1664	0.18238
V561	0.00527	0.04799	0.81854	0.01235	0.05601	0.05985
V562	0.2766	0.23994	0.11927	0.10941	0.09702	0.15775
V563	0.16319	0.0631	0.0892	0.08954	0.08474	0.51022
V564	0.11919	0.11182	0.0654	0.04165	0.31036	0.35158
V565	0.17098	0.06476	0.10389	0.02662	0.08948	0.54427
V566	0.14955	0.13503	0.10194	0.0765	0.11635	0.42063
V567	0.20226	0.26582	0.06885	0.23001	0.12254	0.11051
V568	0.04257	0.03558	0.03151	0.07595	0.76519	0.0492
V569	0.40238	0.12071	0.09424	0.07328	0.09382	0.21557
V570	0.3669	0.18623	0.11433	0.09718	0.09581	0.13954
V571	0.02707	0.20999	0.56258	0.03837	0.10028	0.06171
V572	0.01852	0.0396	0.69795	0.033	0.14798	0.06295
V573	0.11927	0.53602	0.08145	0.05505	0.11979	0.08843
V574	0.09891	0.04767	0.36921	0.05967	0.10457	0.31997
V575	0.06806	0.46261	0.116	0.14457	0.11373	0.09503
V576	0.19258	0.13703	0.06147	0.04572	0.47533	0.08787
V577	0.20229	0.09587	0.05633	0.0962	0.4284	0.12091
V578	0.04634	0.03765	0.03594	0.04199	0.68271	0.15538
V579	0.03799	0.05654	0.16399	0.24835	0.43981	0.05331
V580	0.0863	0.05624	0.10225	0.34946	0.30333	0.10242
V581	0.35773	0.11119	0.14175	0.11133	0.15177	0.12623
V582	0.35303	0.08769	0.09085	0.21125	0.10109	0.15608
V583	0.07779	0.08159	0.29543	0.02534	0.26903	0.25082
V584	0.08093	0.05687	0.04533	0.31659	0.31802	0.18226
V585	0.0691	0.3553	0.23806	0.10906	0.10243	0.12605
V586	0.11711	0.52423	0.10961	0.05957	0.10499	0.08449
V587	0.14848	0.05545	0.27532	0.33252	0.09976	0.08846
V588	0.03297	0.04125	0.05739	0.68563	0.13626	0.0465
V589	0.08022	0.24727	0.27461	0.09806	0.08878	0.21105
V590	0.09996	0.07972	0.35646	0.08529	0.08216	0.29641
V591	0.40162	0.08656	0.11146	0.16629	0.0974	0.13667
V592	0.05901	0.27537	0.11091	0.34983	0.14476	0.06011
V593	0.02497	0.04017	0.02949	0.72915	0.13166	0.04456
V594	0.08401	0.04251	0.05937	0.51975	0.11988	0.17447
V595	0.07148	0.23629	0.08717	0.14086	0.2871	0.17711
V596	0.03174	0.19947	0.03906	0.11026	0.5722	0.04728
V597	0.2318	0.06103	0.0701	0.05195	0.49259	0.09252
V598	0.46032	0.12788	0.10028	0.04633	0.09352	0.17167
V599	0.12987	0.06128	0.0697	0.16152	0.18011	0.39753
V600	0.25226	0.15182	0.08091	0.08367	0.15011	0.28122
V601	0.09564	0.15679	0.09356	0.32697	0.10044	0.2266
V602	0.04433	0.05161	0.11498	0.0457	0.59455	0.14883
V603	0.11259	0.322	0.10211	0.08895	0.11897	0.25538
V604	0.04596	0.35264	0.04186	0.05845	0.44244	0.05864
V605	0.0456	0.05763	0.04134	0.04608	0.74269	0.06665
V606	0.28182	0.09455	0.27108	0.08719	0.07797	0.18739
V607	0.13352	0.08664	0.073	0.04697	0.24757	0.41229
V608	0.09638	0.45677	0.07346	0.10673	0.11896	0.1477
V609	0.02683	0.03943	0.59252	0.20584	0.07468	0.0607
V610	0.04677	0.13709	0.41427	0.17447	0.12021	0.10718
V611	0.06515	0.58689	0.08287	0.0793	0.11634	0.06946
V612	0.03117	0.17815	0.03467	0.58788	0.12211	0.04602
V613	0.3195	0.19224	0.09948	0.04072	0.08572	0.26234
V614	0.06134	0.13461	0.4642	0.02887	0.13442	0.17655
V615	0.02201	0.07521	0.06624	0.05297	0.73037	0.0532
V616	0.21851	0.34223	0.07772	0.08257	0.11469	0.16428
V617	0.01786	0.03963	0.0164	0.0566	0.82157	0.04794
V618	0.12722	0.06336	0.5616	0.02701	0.0885	0.13231
V619	0.053	0.46282	0.18202	0.07257	0.15562	0.07397
V620	0.12922	0.0622	0.29187	0.03536	0.07288	0.40846
V621	0.02661	0.03307	0.08521	0.64218	0.15458	0.05836
V622	0.26839	0.18471	0.0804	0.04624	0.30726	0.11299
V623	0.1234	0.50926	0.08237	0.0525	0.11061	0.12186
V624	0.05801	0.44017	0.05355	0.26683	0.1101	0.07134
V625	0.05605	0.13379	0.19658	0.40539	0.12417	0.08401
V626	0.05165	0.06779	0.04553	0.19544	0.47782	0.16177
V627	0.3182	0.07337	0.06778	0.31816	0.0998	0.12269
V628	0.0976	0.0918	0.30437	0.1053	0.16941	0.23153
V629	0.0436	0.34949	0.04276	0.38331	0.12243	0.05841
V630	0.32354	0.08644	0.10819	0.08439	0.11676	0.28068
V631	0.13406	0.05452	0.12487	0.145	0.12699	0.41456
V632	0.03415	0.05592	0.1349	0.30046	0.40977	0.0648
V633	0.02084	0.17418	0.65643	0.02668	0.06381	0.05805
V634	0.38479	0.09196	0.09396	0.20455	0.09256	0.13218
V635	0.02351	0.06932	0.23206	0.51578	0.10779	0.05153
V636	0.06514	0.45134	0.05743	0.10819	0.21751	0.1004
V637	0.14547	0.10476	0.08993	0.0305	0.17186	0.45747
V638	0.04298	0.11397	0.07308	0.46822	0.24466	0.05709
V639	0.16848	0.09929	0.11136	0.06996	0.41234	0.13857
V640	0.05869	0.1467	0.4233	0.03955	0.18748	0.14428
V641	0.01515	0.09216	0.43755	0.05149	0.3488	0.05485
V642	0.15712	0.08438	0.30165	0.17015	0.08166	0.20504
V643	0.42938	0.09837	0.09064	0.12066	0.10448	0.15646
V644	0.39765	0.09493	0.08932	0.12718	0.09621	0.1947
V645	0.36463	0.09885	0.10275	0.11732	0.087	0.22946
V646	0.01924	0.03933	0.38945	0.03048	0.46626	0.05524
V647	0.14458	0.06088	0.08884	0.28973	0.12028	0.2957
V648	0.1164	0.28906	0.17579	0.08717	0.10834	0.22324
V649	0.09476	0.04954	0.05829	0.59618	0.13354	0.06769
V650	0.14284	0.19053	0.21056	0.04652	0.33021	0.07934
V651	0.11171	0.29151	0.12027	0.06919	0.21911	0.18821
V652	0.04281	0.03488	0.12305	0.5983	0.14316	0.0578
V653	0.09657	0.35365	0.08935	0.06971	0.17959	0.21114
V654	0.42797	0.09836	0.157	0.05025	0.11326	0.15315
V655	0.16726	0.05572	0.08021	0.08976	0.33493	0.27212
V656	0.07409	0.10163	0.52556	0.06308	0.1616	0.07405
V657	0.23069	0.07	0.05997	0.13194	0.31866	0.18874
V658	0.02543	0.09007	0.1639	0.55988	0.11458	0.04613
V659	0.07123	0.58911	0.08051	0.0619	0.10862	0.08864
V660	0.43123	0.1026	0.099	0.05823	0.08478	0.22417
V661	0.11085	0.0493	0.18602	0.13912	0.20219	0.31252
V662	0.39217	0.09298	0.10074	0.14264	0.09648	0.17499
V663	0.05049	0.1561	0.03939	0.08239	0.61659	0.05504
V664	0.09094	0.0903	0.62236	0.01853	0.08651	0.09136
V665	0.01714	0.03272	0.01594	0.05647	0.82971	0.04802
V666	0.22529	0.29032	0.07809	0.13782	0.12502	0.14346
V667	0.1539	0.062	0.11617	0.0656	0.09817	0.50416
V668	0.41677	0.19333	0.10303	0.05506	0.08743	0.14438
V669	0.14337	0.13612	0.06578	0.25344	0.10397	0.29732
V670	0.07976	0.30147	0.0701	0.28637	0.11977	0.14253
V671	0.1862	0.0549	0.05053	0.51476	0.11292	0.08069
V672	0.06688	0.42348	0.05245	0.28073	0.11079	0.06567
V673	0.12206	0.16147	0.23801	0.03264	0.07666	0.36915
V674	0.40316	0.08681	0.08814	0.04527	0.24033	0.13629
V675	0.16005	0.15924	0.10141	0.03155	0.10575	0.442
V676	0.03116	0.03357	0.09932	0.65784	0.13138	0.04673
V677	0.14109	0.32713	0.19567	0.037	0.08312	0.21599
V678	0.12069	0.10751	0.08996	0.04556	0.43387	0.20241
V679	0.14853	0.13522	0.12211	0.05175	0.09023	0.45216
V680	0.02584	0.03286	0.32251	0.03192	0.50064	0.08622
V681	0.08835	0.52154	0.09752	0.05668	0.09748	0.13843
V682	0.08937	0.42317	0.06692	0.06045	0.17894	0.18114
V683	0.03444	0.03531	0.02864	0.04448	0.75421	0.10291
V684	0.09918	0.52356	0.06987	0.11444	0.11075	0.08219
V685	0.04726	0.45097	0.2545	0.04265	0.13782	0.06679
V686	0.17489	0.06453	0.40456	0.03016	0.08484	0.24102
V687	0.08702	0.22692	0.269	0.11225	0.0824	0.22242
V688	0.25359	0.06747	0.07203	0.04795	0.34832	0.21064
V689	0.05992	0.05241	0.57451	0.11737	0.09444	0.10135
V690	0.06514	0.04685	0.0595	0.06296	0.60934	0.15621
V691	0.0808	0.37127	0.20324	0.1034	0.12657	0.11472
V692	0.29451	0.0692	0.06296	0.29483	0.16313	0.11537
V693	0.40386	0.17827	0.10831	0.06055	0.08662	0.16239
V694	0.40053	0.17666	0.09966	0.08324	0.08798	0.15193
V695	0.4167	0.09084	0.08878	0.06004	0.16643	0.1772
V696	0.07989	0.37746	0.08811	0.09551	0.28347	0.07556
V697	0.04895	0.05208	0.65183	0.05805	0.09652	0.09256
V698	0.06949	0.60699	0.07567	0.06306	0.11003	0.07476
V699	0.13347	0.06389	0.48973	0.05467	0.13673	0.12152
V700	0.09437	0.04988	0.02743	0.05448	0.70098	0.07285
V701	0.4528	0.09757	0.10806	0.04309	0.084	0.21447
V702	0.14259	0.07036	0.12607	0.15973	0.09482	0.40643
V703	0.13906	0.39034	0.07352	0.05058	0.25992	0.08658
V704	0.22741	0.27171	0.22866	0.03866	0.09719	0.13637
V705	0.04065	0.11705	0.243	0.17098	0.3637	0.06462
V706	0.10085	0.11904	0.31083	0.02466	0.17357	0.27104
V707	0.31988	0.09868	0.09562	0.03661	0.0921	0.3571
V708	0.03838	0.32681	0.44152	0.04586	0.08309	0.06434
V709	0.02318	0.03319	0.02188	0.66567	0.21188	0.04419
V710	0.23862	0.10944	0.15565	0.08443	0.26508	0.14679
V711	0.04953	0.20445	0.36407	0.18047	0.09083	0.11066
V712	0.03328	0.23308	0.04313	0.05586	0.5789	0.05575
V713	0.17907	0.40827	0.09993	0.07668	0.11487	0.12119
V714	0.0458	0.38911	0.37087	0.04255	0.08835	0.06332
V715	0.02421	0.05027	0.78314	0.01223	0.05738	0.07277
V716	0.10637	0.0687	0.05577	0.27128	0.25947	0.23842
V717	0.03366	0.04201	0.03983	0.04569	0.76615	0.07266
V718	0.03681	0.3154	0.04281	0.05117	0.50203	0.05178
V719	0.07103	0.56308	0.09415	0.05992	0.12645	0.08538
V720	0.16007	0.05075	0.23745	0.28607	0.12158	0.14408
V721	0.09162	0.24912	0.23304	0.03195	0.15926	0.23502
V722	0.01534	0.03254	0.02862	0.04894	0.83055	0.044
V723	0.06302	0.48175	0.09564	0.06374	0.21275	0.08309
V724	0.06782	0.26749	0.33372	0.11581	0.15308	0.06208
V725	0.05049	0.08065	0.0831	0.14399	0.53041	0.11135
V726	0.02644	0.04844	0.45776	0.04915	0.32785	0.09036
V727	0.13781	0.05486	0.15657	0.14421	0.09214	0.41442
V728	0.03262	0.04187	0.02549	0.69854	0.13009	0.0714
V729	0.14339	0.38655	0.08076	0.07654	0.21744	0.09532
V730	0.10767	0.04684	0.12458	0.352	0.1055	0.26341
V731	0.11501	0.08475	0.39538	0.02543	0.23168	0.14775
V732	0.08515	0.33823	0.0712	0.08099	0.2928	0.13163
V733	0.13779	0.04979	0.26854	0.18749	0.13275	0.22365
V734	0.1448	0.057	0.27106	0.02086	0.08879	0.41749
V735	0.04111	0.0989	0.04173	0.60602	0.12682	0.08542
V736	0.0926	0.40968	0.11372	0.07658	0.10561	0.2018
V737	0.01091	0.03213	0.02145	0.05655	0.83588	0.04307
V738	0.20351	0.09621	0.1189	0.32943	0.11473	0.13723
V739	0.11599	0.27104	0.18169	0.0696	0.25711	0.10457
V740	0.04276	0.22794	0.3306	0.0706	0.25585	0.07225
V741	0.23745	0.17525	0.18327	0.1078	0.19846	0.09776
V742	0.17899	0.06124	0.07304	0.36878	0.20764	0.1103
V743	0.03253	0.11542	0.23426	0.29147	0.26415	0.06217
V744	0.23615	0.14203	0.09202	0.15746	0.08973	0.28262
V745	0.06195	0.39867	0.05412	0.08395	0.33716	0.06415
V746	0.43742	0.10868	0.10266	0.06744	0.10121	0.18259
V747	0.12508	0.05364	0.12666	0.07091	0.54199	0.08173
V748	0.11479	0.09042	0.24572	0.04982	0.17777	0.32147
V749	0.26136	0.07736	0.07795	0.16178	0.181	0.24055
V750	0.0292	0.0962	0.02486	0.66822	0.13635	0.04518
V751	0.02826	0.04067	0.04974	0.67698	0.15877	0.04558
V752	0.12901	0.05424	0.0608	0.1033	0.57111	0.08156
V753	0.11484	0.04832	0.08055	0.11131	0.36858	0.2764
V754	0.08133	0.35491	0.15279	0.09571	0.13415	0.1811
V755	0.20024	0.0889	0.06486	0.06478	0.43626	0.14496
V756	0.15755	0.07027	0.09602	0.03597	0.13034	0.50985
V757	0.10825	0.36227	0.07644	0.0629	0.14234	0.24779
V758	0.18597	0.47761	0.08017	0.06088	0.09743	0.09796
V759	0.09306	0.05668	0.07355	0.15282	0.51121	0.11269
V760	0.1672	0.06406	0.10133	0.04977	0.08292	0.53471
V761	0.00874	0.03803	0.31934	0.04951	0.53721	0.04716
V762	0.05281	0.0365	0.66807	0.04812	0.08587	0.10864
V763	0.03752	0.14677	0.0477	0.55541	0.14873	0.06387
V764	0.13099	0.05542	0.11948	0.19722	0.29735	0.19954
