Neutrophils	T_cells_.gamma.delta.	Monocytes_CD14.CD16.	Macrophage	T_cells_.CD4..	Fibroblasts	Endothelial_cells	Keratinocytes	CD34.	Platelets
V1	0.01108	0.04343	0.02223	0.00727	0.10203	0.0025	0.02777	0.00264	0.00091	0.78015
V2	0.63013	0.01566	0.02558	0.00841	0.02776	0.22377	0.06268	0.00601	0	0
V3	0.11002	0.10539	0.08598	0.01111	0.41104	0.00915	0.11745	0.10991	5e-04	0.03944
V4	0	0.11118	0.04292	0	0.01935	0.09294	0.02619	0.01609	0.4163	0.27502
V5	0.00043	0.12124	0.02783	0.06021	0	0.0621	0.02951	0.00203	0	0.69665
V6	0	0.13634	0.16551	0.01656	0.56654	0.02498	0.01976	0.05171	0	0.01859
V7	0	0.56494	0.01123	0.00618	0.27443	0.00853	0.07123	0.05501	0	0.00845
V8	0	0.61575	0.0661	0.00214	0.04109	0.02295	0.02787	0.20687	0.00716	0.01008
V9	0.00513	0.00285	0.09896	0.10928	0.03966	0.02077	0.28816	0.40661	0.01126	0.01733
V10	0	0.14976	0	0	0.6313	0.05983	0.03616	0.10756	0	0.0154
V11	0	0.6122	0.0321	0	0.03841	0.04707	0.02966	0.19071	0.02717	0.02268
V12	0.01715	0.03725	0.16347	0.42194	0.02255	0.00025	0.10924	0.00989	0.02182	0.19643
V13	0.09451	0.01461	0.11436	0.01221	0.05122	0.11727	0.48343	0.01363	0.06863	0.03014
V14	0.06295	0.47425	0.14039	0.05428	0.05842	0.0447	0.13896	0.01301	0.00855	0.0045
V15	0.28679	0.01603	0.12119	0.47299	0.01654	0.01638	0.03245	0.01087	0.02676	0
V16	0.01965	0.07225	0.21137	0.49332	0.03263	0.04904	0.00471	0.00269	0.09772	0.01661
V17	0.01683	0.13915	0.00372	0.00791	0	0.06952	0.05827	0.0069	0.00219	0.69552
V18	0.07125	0.0767	0.05477	0.23336	0	0.00819	0.01135	0.00238	0.00991	0.5321
V19	0.00111	0	0.00711	0.04978	0	0.07399	0.0286	0.00786	0.00144	0.83012
V20	0	0.2402	0.01287	0.01306	0.02157	0.00199	0.54931	0.03841	0	0.12258
V21	0.08911	0.45637	0.03661	0	0.0344	0.29892	0.05589	0.02483	0	0.00388
V22	0.00038	0	0.0051	0	0	0.01588	0.03773	0.19633	0.0232	0.72139
V23	0.26203	0.0334	0.47045	0.04444	0.00662	0.00849	0.01073	0.00738	0.02563	0.13085
V24	0.0101	0.65845	0.064	0.00647	0.0535	0.00256	0.0865	0.05716	0.05534	0.00589
V25	0.02012	0.13923	0.02633	0.01847	0.03478	0.11682	0.05159	0.00167	0.09269	0.4983
V26	0.00313	0	0.09113	0	0.02929	0.02794	0.09139	0.75258	0	0.00454
V27	0	0.09563	0	0	0.30898	0.00077	0.0386	0.00159	0	0.55442
V28	0.25762	0	0.00943	0.00787	0	0.01754	0.04246	0.02109	0	0.644
V29	0	0.69573	0.02497	0.00732	0.04118	0.0887	0.02497	0.01612	0	0.10099
V30	0	0.01001	0.10957	0.01067	0.03102	0.2939	0.35664	0.00615	0.15462	0.02741
V31	0	0.39812	0.21316	0.01277	0.08755	0.00853	0.02874	0.2286	0.00986	0.01266
V32	0.49686	0.063	0.02594	0.00954	0.24346	0.03371	0.04818	0.00348	0.04825	0.02757
V33	0.04576	0.02154	0.21544	0.4309	0.02492	0	0.22418	0.0051	0.02409	0.00808
V34	0	0.07959	0	0.00233	0.15022	0.00264	0.02787	0.01258	0.02049	0.70429
V35	0	0.85305	0.02789	0.00579	0.06038	0.00933	0.02165	0.01757	0.00295	0.00139
V36	0.05052	0.02026	0.01193	0.01085	0.04858	0.00023	0.8013	0.03121	0	0.02512
V37	0	0.57013	0.01835	0.00654	0.05779	0	0.29763	0.02678	0.00019	0.02259
V38	0.13603	0.00358	0.04995	0.14616	0.03324	0	0.59952	0.00907	0.0036	0.01885
V39	0.08305	0.01036	0.05653	0.14087	0.06441	0	0.58804	0.02146	0.00263	0.03263
V40	0.10592	0.04046	0.6119	0.0532	0.11484	0.0027	0.00883	0.00716	0.03381	0.02118
V41	0.64646	0.07153	0.05478	0.01505	0.01103	0.00193	0.01754	0.00954	0.14953	0.02261
V42	0	0.64591	0.00953	0.00303	0.27236	0.00095	0.0095	0.0056	0	0.05312
V43	0.13981	0.05635	0.10942	0.07116	0.2049	0.03409	0.25939	0.0241	0.08417	0.01662
V44	0.0162	0.00442	0.56267	0.03871	0.02643	0.01178	0.03313	0.27427	0.03013	0.00225
V45	0.00079	0.00275	0.04673	0.01064	0.02301	0.00553	0.36016	0.00415	0.44169	0.10455
V46	0.17278	0.10676	0.05755	0.18232	0	0.00124	0.0119	0.0128	0.00715	0.4475
V47	0	0	0.01154	0.01205	0.0312	0.00091	0.88833	0.01195	0	0.04402
V48	0.01058	0	0.00097	0.00538	0	0.00429	0.02916	0.00288	0.05546	0.89128
V49	0.22895	0	0.03561	0	0.02213	0.02057	0.06636	0.62638	0	0
V50	0.30403	0.18218	0.03197	0	0.03598	0.39037	0.05098	0.00449	0	0
V51	0.15806	0.02373	0.52997	0.04325	0.0844	0.00391	0.01981	0.0492	0.05734	0.03033
V52	0.0128	0.00621	0.1796	0.2902	0.02703	0	0.43628	0.01362	0.01882	0.01544
V53	0.44029	0.0156	0.10873	0.08343	0	0.00267	0.02596	0.09743	0.00397	0.22193
V54	0	0.0464	0.00696	0	0.20086	0.66562	0.07419	0.00597	0	0
V55	0.02305	0.03131	0.12969	0.63074	0.07798	0.01059	0.03344	0.00408	0.02945	0.02966
V56	0.14012	0.03218	0.4805	0.05511	0.09132	0.13136	0.02152	0.0018	0.02087	0.02521
V57	0.02093	0.01091	0.54074	0.20754	0.02254	0.01262	0.01609	0.02734	0.09466	0.04663
V58	0.008	0.20644	0.08973	0.10936	0.04035	0.47207	0.06967	0.00439	0	0
V59	0.0239	0.05974	0.01265	0.01146	0.03546	0.00019	0.81875	0.01082	0	0.02702
V60	0.75748	0.02478	0.03069	0.01652	0.06255	0.00046	0.01147	0.00523	0.082	0.00882
V61	0	0	0.04981	0.00614	0.03935	0.80846	0.08795	0.00829	0	0
V62	0.02236	0	0.0058	0.01814	0	0	0.43225	0.01194	0.01391	0.4956
V63	0	0.26262	0.02657	0	0.17509	0.45115	0.06348	0.00332	0	0.01777
V64	0.08178	0.0079	0.31497	0.22971	0.01203	0.0163	0.02645	0.21612	0.01926	0.07548
V65	0.08424	0.03008	0.11313	0.31721	0.01632	0.00776	0.095	0.21181	0.08075	0.0437
V66	0	0.15513	0	0	0.55199	0.02257	0.0418	0.01833	0	0.21018
V67	0.00852	0.1896	0.44612	0.07361	0.03579	0.04073	0.09559	0.01274	0.05276	0.04455
V68	0.01772	0.02143	0.05522	0	0.04844	0.02045	0.04466	0.33733	0.43771	0.01704
V69	0.02283	0.02219	0.76759	0.07745	0.03875	0.00388	0.00698	0.00149	0.04759	0.01125
V70	0.71781	0.01749	0.10253	0.02215	0.01057	0.02442	0.04266	0.01004	0.05232	0
V71	0.02982	0	0.03487	0	0.02425	0.02817	0.08371	0.76681	0	0.03236
V72	0.24374	0.04671	0.05671	0.20957	0.1387	5e-04	0.0108	0.00847	0.01084	0.27396
V73	0.01305	0.19444	0	0.00389	0.71077	0.01471	0.02352	0.00682	0	0.0328
V74	0.01468	0	0.0342	0.14333	0	0.03482	0.02067	0.00779	0.00617	0.73834
V75	0.01771	0.0986	0.23506	0.41506	0.04426	0.01348	0.00331	0.00928	0.15594	0.0073
V76	0	0.00391	0.0159	0	0.03331	0.85022	0.08759	0.00908	0	0
V77	0.00706	0.00341	0.06439	0.25633	0.02697	0.26702	0.35023	0.0077	0	0.01689
V78	0	0.47809	0.04434	0.00964	0.0508	0.00376	0.31373	0.00307	0	0.09657
V79	0.00745	0.03082	0.09664	0.2621	0.02299	0.29921	0.04764	0.00352	0.18341	0.04622
V80	0.38923	0	0.01276	0.0155	0	6e-04	0.0433	0.00372	0.02991	0.50499
V81	0	0.04488	0.03932	0.11697	0.1757	0.5553	0.06253	0.0053	0	0
V82	0.05458	0.53804	0.0753	0.20307	0.04354	0.01702	0.00915	0.04993	0.00937	0
V83	0.04318	0.07097	0.13411	0.43102	0.04701	0.00865	0.02201	0.22605	0.017	0
V84	0.01773	0.02061	0.02936	0.0162	0.13008	0.50912	0.26979	0.00711	0	0
V85	0.19908	0	0.38948	0.044	0	0.00231	0.01259	0.00257	0.02125	0.32871
V86	0.31273	0.0153	0.29627	0.30302	0.01735	0.00869	0.00458	0.00397	0.02757	0.0105
V87	0	0.05251	0.07254	0.0076	0.08094	0.01468	0.01523	4e-04	0.71775	0.03835
V88	0.00981	0.37154	0.12029	0.4291	0.03502	0.00173	0.00693	0.00227	0.02284	0.00049
V89	3e-04	0	0.01773	0.03698	0.03923	0	0.79576	0.08529	0	0.02471
V90	0.00882	0.05402	0.3292	0.03564	0	0.02217	0.01626	0.0013	0.01783	0.51477
V91	0.03272	0.01433	0.74958	0.06936	0.04273	0.00391	0.0079	0.00731	0.04965	0.02251
V92	0	0.00639	0.01459	0.0121	0.03529	0.00172	0.86161	0.01149	0.02524	0.03157
V93	0.00071	0.0581	0.11278	0.00791	0.04326	0.00532	0.3198	0.02032	0.40106	0.03074
V94	0.81339	0.01124	0.04805	0.01823	0.00713	0.02271	0.03244	0.02949	0.0064	0.01091
V95	0	0.00925	0.01891	0.00238	0.04614	0.00291	0.635	0.26919	0	0.01621
V96	0.03093	0.1357	0.3585	0.34873	0.02733	0.01898	0.00446	0.01454	0.04558	0.01525
V97	0	0	0.0093	0.01081	0.01346	0	0.79055	0.01029	0	0.16559
V98	0	0.33154	0.02889	0.04409	0.17637	0.02022	0.06005	0.07619	0.09636	0.16627
V99	0.63026	0.01086	0.04552	0.01494	0.01772	0.00123	0.08876	0.0104	0.16444	0.01587
V100	0.21977	0.02196	0.07614	0.17521	0.04271	0.30759	0.05758	0.00448	0.07477	0.01979
V101	0	0	0	0.00097	0	0.06921	0.17707	0.02932	0	0.72343
V102	0.03665	0.23979	0.01951	0	0.10757	0.29308	0.19179	0.08989	0	0.02171
V103	0.1093	0.02473	0.07144	0.00911	0.02789	0.01349	0.01534	0.01015	0.66797	0.05059
V104	0.03378	0.01133	0.7679	0.06599	0.03119	0.00417	0.0073	0.00141	0.06518	0.01174
V105	0.37255	0.00227	0.12366	0.01211	0.02178	0.14403	0.04985	0.27377	0	0
V106	0.00191	0.66731	0.20744	0.01966	0.04647	0.02272	0.0077	0	0.01206	0.01474
V107	0.27239	0.25365	0.03082	0.01122	0.27592	0.01604	0.02226	0.03151	0.07692	0.00927
V108	0.00146	0	0.03621	0.11263	0	0.37805	0.05359	0.02151	0	0.39656
V109	0	0.02575	0.01959	0	0.0412	0.81183	0.09335	0.00828	0	0
V110	0	0.19004	0	0	0.69933	0.00065	0.01948	0.05902	0	0.03147
V111	0	0.01813	0.00774	0.01711	0.1217	0	0.7826	0.01008	0	0.04263
V112	0.00026	0.00473	0.00915	0.00924	0	0	0.65311	0.00865	0.02562	0.28924
V113	0.01646	0.00332	0.04923	0	0	0.07775	0.04652	0.0261	0.50497	0.27564
V114	0.01961	0.02521	0.08621	0	0.03118	0.01519	0.01647	0.01047	0.7385	0.05718
V115	0	0.84917	0.03028	0.00693	0.05926	0.00183	0.02639	0.00014	0.0122	0.01378
V116	0.47949	0.09242	0.04569	0.00492	0.01956	0.01488	0.04828	0.29476	0	0
V117	0.013	0	0.01206	0.0123	0.0326	0	0.88829	0.01183	0	0.02993
V118	0.01602	0	0.01932	0	0.029	0.82691	0.09363	0.01513	0	0
V119	0.01586	0.0355	0.12239	0.47497	0.0342	0.19756	0.04618	0.00415	0.06918	0
V120	0.63273	0.01031	0.20483	0.02875	0.01244	0.07518	0.01756	0.00496	0.00955	0.00369
V121	0.03818	0.10374	0.24129	0.02731	0.03858	0.10798	0.3464	0.01675	0.00586	0.07392
V122	0.00192	0.03322	0.17369	0.01009	0.04026	0.07372	0.19053	0.00209	0.43069	0.04378
V123	0.0077	0.09714	0.01386	0	0.42836	0.01232	0.04802	0.37852	0.005	0.00907
V124	0.71106	0.05197	0.03072	0.01209	0.00784	0.00341	0.02826	0.15465	0	0
V125	0	0.19037	0.12614	0.01691	0.04532	0.14406	0.07583	0.40139	0	0
V126	0	0.23466	0	0	0.67289	0.00092	0.01889	0.04678	0.00484	0.02102
V127	0.01425	0.01496	0.53739	0.04576	0.02894	0.00086	0.23597	0.00278	0.0894	0.02969
V128	0.00187	0.2234	0.36742	0.02878	0.28667	0.04673	0.0143	0.0059	0.01316	0.01178
V129	0.02202	0.10946	0.11675	0.21814	0.11298	0.01733	0.00904	0.00089	0.34295	0.05044
V130	0.01387	0.01247	0.48478	0.03011	0.02635	0.01433	0.04058	0.35767	0.01985	0
V131	0.02716	0.39505	0.38492	0.08618	0.03823	0.00955	0.01232	0.00028	0.0408	0.0055
V132	0.11422	0.01169	0.02031	0.00876	0.08867	0	0.65934	0.07715	0	0.01986
V133	0.00349	0.03385	0.06249	0.15938	0.03165	0.14309	0.13342	0.43262	0	0
V134	0.01392	0.0823	0.18294	0.05318	0.20794	0	0.18384	0.00824	0.01137	0.25628
V135	5e-04	0.24158	0.22261	0.01576	0.04796	0.00875	0.02934	0	0.41049	0.02301
V136	0	0.60986	0.04248	0.12216	0.02142	0.00142	0.00662	0.00044	0.0072	0.1884
V137	0	0.01188	0.02775	0.00714	0.05812	0.32579	0.5296	0.00932	0.01862	0.01177
V138	0.01138	0.02926	0.01504	0.00964	0.00489	0	0.56906	0.00777	0.01503	0.33792
V139	0.6278	0.03177	0.04185	0.01765	0.07258	0.07228	0.01847	0.00423	0.11338	0
V140	0.04675	0.0215	0.34071	0.4093	0.05192	0.05294	0.01433	0.0028	0.03202	0.02774
V141	0.0384	0.02	0.13735	0.65961	0.02334	0.02953	0.00092	0.00424	0.03227	0.05434
V142	0.00693	0.001	0.05617	0.1958	0.02621	0	0.65377	0.00923	0.00127	0.04962
V143	0	0.81854	0.03154	0.04551	0.06359	0.00958	0.0058	0.00011	0.02206	0.00326
V144	0	0	0.01617	0.00616	0.03132	0.33266	0.58034	0.02416	0	0.00919
V145	0.05533	0.11148	0.11994	0.44989	0.03144	0.03269	0.01759	0.15967	0.02196	0
V146	0.01198	0.00079	0.43197	0.03426	0	0.01943	0.06382	0.09258	0.02302	0.32216
V147	0	0.04256	0.03606	0.00603	0.14537	0.00931	0.02028	0.02418	0.38977	0.32643
V148	0.01765	0.03695	0.06711	0	0.03372	0.07575	0.06688	0.00072	0.66776	0.03346
V149	0.02113	0.02651	0.12948	0.54185	0.02052	0.00659	0.0092	0.09881	0.12883	0.01708
V150	0.07073	0.02298	0	0.00592	0.01521	0.00904	0.02928	0.00773	0.01849	0.82061
V151	0.0089	0	0.01579	0.00468	0	0.06594	0.02955	0.00345	0.00328	0.86841
V152	0.00035	0	0.02566	0	0.01456	0.0239	0.08358	0.67248	0	0.17947
V153	0	0.17896	0	0	0.69929	0.00143	0.02115	0.07988	0	0.0193
V154	0.08148	0.02299	0.53703	0.26257	0.02614	0.01853	0.00503	0.0023	0.03891	0.00502
V155	0.05943	0	0.0419	0	0.02121	0.13675	0.0693	0.49628	0.16236	0.01278
V156	0.11527	0.02924	0.18499	0.01737	0.0279	0.45178	0.0849	0.03592	0.04773	0.0049
V157	0	0.46862	0.0292	0.03276	0.21405	0.20612	0.03023	0.00107	0.0042	0.01374
V158	0.2724	0.55151	0.03441	0.01427	0.07676	0.00044	0.02142	0.02716	0.00145	0.00019
V159	0.02522	0.10204	0.2174	0.04508	0.294	0.02475	0.02851	0.0692	0.00328	0.1905
V160	0.00436	0.86726	0.03126	0.00696	0.05894	0.00214	0.00609	6e-04	0.00949	0.0129
V161	0.02685	0.02155	0.14574	0.6992	0.02959	0.01187	0	0.00456	0.04637	0.01428
V162	0.00013	0	0.00441	0.00635	0	0.00471	0.02582	0.00442	0.0121	0.94207
V163	0.10763	0.01877	0.67556	0.05722	0.02501	0.01798	0.01062	0.0187	0.03886	0.02965
V164	0.02193	0.01008	0.75469	0.06957	0.02958	0.01881	0.02282	0.00122	0.04901	0.0223
V165	0.00828	0	0.25314	0.02492	0	0.00374	0.01818	0.01215	0.01884	0.66075
V166	0.06959	0.12281	0.11442	0.47932	0.01714	0.01149	0.02261	0.05875	0.05095	0.05293
V167	0.85141	0.01517	0.032	0.02424	0.01465	0	0.0113	0.00665	0.04458	0
V168	0.06726	0.01894	0.03555	0	0.02328	0.31735	0.08436	0.32069	0.11028	0.0223
V169	0.0035	0	0.03468	0.11933	0	0.164	0.03418	0.01353	0	0.63078
V170	0.02007	0.01089	0.07736	0	0.03381	0.01602	0.01591	0.00067	0.78473	0.04053
V171	0.00349	0.00732	0.2477	0.06265	0.05219	0.40513	0.09729	0.04482	0.06842	0.01099
V172	0	0.01838	0.02388	0.00705	0.04302	0.14789	0.7132	0.01735	0.0076	0.02161
V173	0.01082	0	0.00433	0.00807	0	0.01042	0.53432	0.00777	0.00917	0.41509
V174	0.01291	0.10858	0.24266	0.31879	0.12103	0.02508	0.01572	0.014	0.02032	0.12092
V175	0.77691	0.0147	0.11789	0.02601	0.01649	0	0.02767	0.01097	0.00935	0
V176	0.19644	0.00091	0.02496	0	0.03201	0.65669	0.07891	0.00693	0.00314	0
V177	0.67296	0.00926	0.03839	0.08652	0	0	0.01189	0.01422	0.008	0.15875
V178	0.2045	0.01097	0.02594	0.0143	0.06278	0.54562	0.07675	0.00593	0	0.05321
V179	0.16383	0.15344	0.00485	0.00759	0.62578	0	0.01312	0.00163	0	0.02975
V180	0.48416	0.12778	0.07746	0.25177	0.02165	0.00634	0.01093	0.00412	0.0158	0
V181	0.01157	0.17211	0.56863	0.04824	0.05349	0.00877	0.08522	0.00085	0.02983	0.02129
V182	0	0.08102	0.02069	0.01679	0.36628	0.0403	0.05102	0.38135	0.02185	0.02069
V183	0.02663	0.1874	0.10806	0.4777	0.02827	0.00822	0.13527	0.00387	0.02114	0.00344
V184	0.18886	0.00669	0.0227	0.00353	0	0.50469	0.07067	0.02707	0	0.17578
V185	0.63305	0.01274	0.06283	0.15124	0.01417	0.00166	0.01346	0.06551	0.04096	0.00438
V186	0.78851	0.02207	0.04342	0.09017	0.01438	0	0.02048	0.01103	0.00995	0
V187	0.72091	0.01162	0.11773	0.02955	0.0049	2e-05	0.01703	0.00987	0.04409	0.04428
V188	0.07376	0.24152	0.01157	0.05328	0.54073	0	0.02635	0.01258	0	0.04021
V189	0.80509	0.01362	0.04077	0.06998	0.00617	0.01078	0.01237	0.01095	0.00991	0.02036
V190	0	0.0423	0.05629	0	0.12041	0.13465	0.02641	0.00058	0.5897	0.02966
V191	0.01968	0.09475	0.10587	0.29513	0.37352	0	0.05606	0.02201	0.00748	0.0255
V192	0.00079	0.04516	0.0086	0.00517	0.11007	0.00932	0.02339	0.01282	0	0.78468
V193	0.10369	0.04501	0.20641	0.2589	0.1341	0.00049	0.151	0.05708	0.02279	0.02053
V194	0	0	0.01842	0	0.03044	0.69662	0.23896	0.01556	0	0
V195	0.03331	0.05408	0.02096	0.00421	0.10244	0.12253	0.59199	0.04193	0	0.02854
V196	0.73436	0.02219	0.05579	0.15112	0.00882	0	0.00807	0.0062	0.01045	0.003
V197	0.02214	0.02111	0.07933	0.18271	0.04242	0.0165	0.06316	0.39375	0.17612	0.00277
V198	0	0.13253	0.01667	0.00062	0.52667	0.23177	0.06063	0.00189	0.01458	0.01464
V199	0.01995	0.071	0.04574	0.01819	0.18499	0.00576	0.15552	0.00263	0	0.49622
V200	0	0.08927	0.00497	0	0.41255	0.10491	0.28059	0.07829	0	0.02942
V201	0.28257	0.05353	0.04701	0.00636	0.01641	0.00546	0.13361	0.01001	0.36533	0.07973
V202	0.01779	0.30527	0.42825	0.06033	0.03618	0.00166	0.08586	0.00652	0.04929	0.00886
V203	0.01281	0.08632	0.38513	0.15858	0.03504	0.01135	0.11733	0.00158	0.15101	0.04085
V204	0.00987	0.22251	0.28792	0.24848	0.03898	0.08821	0.01727	0.05398	0.03249	0.00028
V205	0.0651	0.06371	0.02826	0.00895	0.04007	0.01267	0.65516	0.05868	0.04605	0.02135
V206	0.2947	0.01531	0.5014	0.04796	0.03479	0.00185	0.01527	0.00276	0.02934	0.05662
V207	0.0116	0.15971	0.03441	0.05756	0	0.00424	0.02307	0.00128	0.12431	0.58382
V208	0	0	0.04448	0.03308	0.04079	0.7658	0.0843	0.00783	0.02321	0.00051
V209	0.0276	0.17282	0.07393	0.00516	0.66497	0.00701	0.01465	0.00072	0	0.03315
V210	0.05449	0.14297	0.05983	0.00133	0.55493	0.00996	0.03115	0.10072	0.00288	0.04173
V211	0.01538	0.07613	0.61061	0.04919	0.03745	0.01103	0.0781	0.03166	0.06786	0.02258
V212	0.12522	0.10225	0.04931	0	0.02656	0.0164	0.05254	0.34404	0.27682	0.00686
V213	0.12115	0.02903	0.0204	0.00078	0.15461	0.5672	0.08361	0.01139	0	0.01183
V214	0	0.06267	0	0.00396	0.25107	0.02679	0.51947	0.0064	0	0.12963
V215	0	0	0.012	0.01238	0.03326	0.00107	0.89865	0.01229	0	0.03035
V216	0	0.70362	0.02075	0.00416	0.22529	0.0012	0.0156	0.01145	0	0.01791
V217	0.01696	0.24222	0.0569	0.06427	0.16767	0.23827	0.04119	0.0386	0.00454	0.12938
V218	0.0286	0	0.01629	0	0.03014	0.58284	0.27892	0.00819	0	0.05502
V219	0.00293	0	0.04455	0.04673	0.02953	0.0244	0.15967	0.69219	0	0
V220	0.01385	0.02663	0.11502	0.36014	0.02594	0.00965	0.0108	0.06345	0.35959	0.01493
V221	0.16544	0.10908	0.31574	0.03335	0.01771	0.00465	0.04475	0.06523	0.12002	0.12402
V222	0.02896	0.00722	0.65936	0.0518	0.03005	0.16102	0.02258	0.00169	0.03259	0.00472
V223	0.01931	0.00861	0.68017	0.05522	0.03745	0.0729	0.07959	0.00162	0.03565	0.0095
V224	0.01834	0.01877	0.61699	0.09337	0.02893	0.01458	0.01335	0.06133	0.12436	0.01
V225	0.02032	0.00953	0.36725	0.30263	0.02249	0.02543	0.02288	0.19178	0.02555	0.01214
V226	0	0.75569	0.02898	0.00213	0.06576	0.005	0.02405	0.11796	0	0.00043
V227	0.01501	0.05523	0.59568	0.0557	0.21544	0.00267	0.00878	0.00094	0.03624	0.0143
V228	0.0112	0.64116	0.08971	0.01237	0.04925	0.00504	0.02435	0.11577	0.03778	0.01336
V229	0.65773	0.01165	0.0267	0.00927	0.00979	0.21454	0.05028	0.02003	0	0
V230	0.00999	0	0.05914	0.27837	0	0.00763	0.13063	0.00376	0.01911	0.49138
V231	0.02367	0.30657	0.0548	0.01344	0.03619	0.12401	0.02336	0.00802	0.37869	0.03124
V232	0.01377	0.38688	0.40618	0.03277	0.04242	0.0108	0.0124	0.05906	0.02071	0.01502
V233	0	0.14853	0.0099	0.02519	0.59953	0.01126	0.01584	0.00023	0.14895	0.04057
V234	0.00843	0.05566	0.02232	0	0.23184	0.00783	0.30761	0.34329	0	0.02302
V235	0.02445	0.02152	0.43255	0.02594	0.02274	0.01372	0.05664	0.36174	0.01596	0.02475
V236	0.0095	0.01728	0.25268	0.21945	0.03533	0.38846	0.05172	0.00443	0.02114	0
V237	0.03473	0.07614	0.3748	0.14203	0.26603	0.03369	0.01321	0.02589	0.02294	0.01055
V238	0.0077	0.05799	0.36405	0.01959	0.0489	0.01509	0.05371	0.41115	0.01067	0.01114
V239	0.03567	0.17777	0.09579	0.41163	0.03918	0.02466	0.04314	0.00254	0.02189	0.14774
V240	0.07095	0	0.02339	0.00309	0.0321	0.2495	0.56311	0.00928	0	0.04859
V241	0.23978	0.01988	0.11575	0.50006	0.03083	0.03395	0.00553	0.02348	0.02242	0.00833
V242	0.0215	0.01104	0.09416	0.04784	0.03229	0.02732	0.01503	0.00057	0.71458	0.03567
V243	0.02009	0.00725	0.0718	0.124	0.0085	0.09564	0.08229	0.00168	0.41234	0.17642
V244	0.03382	0.00082	0.34331	0.03937	0.02934	0	0.47495	0.03864	0.02029	0.01945
V245	0.16119	0.13862	0.17049	0.00688	0.02779	0.41359	0.06095	0.0205	0	0
V246	0	0.22606	0.01443	0.01041	0.04675	0	0.65764	0.00815	0.01221	0.02436
V247	0.02181	0.02927	0.76666	0.06543	0.0303	0.00394	0.00719	0.00126	0.05139	0.02277
V248	0.53292	0.06821	0.04732	0.01105	0.03329	0.0145	0.16951	0.1232	0	0
V249	0.02686	0.02571	0.61174	0.05162	0.07821	0.00334	0.00989	0.00102	0.04211	0.14951
V250	0.01803	0.06022	0.07407	0.24497	0.0398	0.2908	0.0698	0.18549	0	0.01683
V251	0.59101	0.17614	0.03314	0.03217	0.07676	0.00067	0.01317	0.04475	0.02561	0.00658
V252	0.05405	0.53314	0.03604	0.03182	0.0367	0.22042	0.04094	0.04216	0	0.00474
V253	0.00998	0.00812	0.38561	0.03361	0.03151	0.10176	0.02891	0.00054	0.38042	0.01954
V254	0	0.17338	0.00111	0.03412	0.66219	0.00686	0.0151	0.00051	0	0.10674
V255	0	0.18829	0	0	0.76052	0	0.02219	0.00713	0	0.02186
V256	0.02542	0.02904	0.142	0.6804	0.02178	0.0496	0.00197	0.00449	0.03299	0.01232
V257	0.4008	0.00832	0.34603	0.05418	0.01904	0.12021	0.03267	0.0038	0.01496	0
V258	0	0.15625	0	0	0.62385	0	0.02933	0.00054	0	0.19004
V259	0.08274	0.03621	0.04297	0.08118	0.17323	0.01462	0.08572	0.47285	0	0.01048
V260	0	0.24451	0.04028	0	0.0297	0.02161	0.06363	0.60027	0	0
V261	0.22825	0.01879	0.02118	0.00329	0.02978	0.25607	0.38482	0.0077	0.02085	0.02927
V262	0	0.45323	0.09905	0.00819	0.04122	0.30617	0.0403	0.01275	0	0.0391
V263	0.42598	0.39815	0.02503	0.01196	0.03506	0.0047	0.04871	0.00272	0.00041	0.04729
V264	0.02658	0.07226	0.09428	0.45835	0.26295	0.01775	0.02857	0.00286	0.01575	0.02065
V265	0.02405	0.31565	0.06408	0.22746	0.01123	0.02193	0.15851	0.00286	0.01193	0.16231
V266	0	0.71858	0.12565	0.01254	0.05232	0.00266	0.01456	0.01747	0.05173	0.0045
V267	0	0.16674	0.00919	0.01921	0	0.01452	0.0198	0.00178	0.00168	0.76709
V268	0	0.38747	0.03474	0.10082	0.3818	0.00029	0.02477	0.0124	0.02039	0.0373
V269	0.05153	0.01932	0.32045	0.51166	0.03164	0.00301	0.00058	0.01052	0.04844	0.00285
V270	0.00845	0.18572	0	0	0.74988	0	0.0149	0.00726	0	0.03379
V271	0.03837	0.03186	0.23808	0.0149	0.07098	0.02103	0.05416	0.00044	0.50157	0.02861
V272	0.00907	0.2048	0.09384	0.00616	0.0257	0.17573	0.07149	0.14908	0.14209	0.12203
V273	0	0.01517	0.0596	0.15268	0.08875	0.61198	0.06552	0.00629	0	0
V274	0.07431	0	0.06119	0.02054	0	0.13993	0.03642	0.03404	0.0105	0.62308
V275	0	0.2167	0	0	0.44836	0.05089	0.02056	0.00579	0	0.25771
V276	0.02164	0.13222	0.0857	0.3313	0.05419	0.00017	0.15487	0.01663	0.07943	0.12386
V277	0.02588	0.23746	0.42036	0.22705	0.04029	0.00263	0.00357	0.00722	0.03103	0.00451
V278	0.11158	0	0.03053	0.0099	0	0.00252	0.0259	0.00313	0.00344	0.813
V279	0.01319	0.20646	0.05472	0.22374	0.22146	0.0054	0.25422	0.00399	0.00241	0.01441
V280	0.09987	0.03606	0.03482	0.04909	0.14514	0.22316	0.32778	0.06654	0	0.01755
V281	0	0.03692	0.03227	0	0.02791	0.66193	0.09261	0.01209	0	0.13628
V282	0.026	0.02969	0.14445	0.6838	0.02116	0.00333	0	0.02677	0.05078	0.01401
V283	0.07846	0.11011	0.04584	0.05467	0.45803	0.04748	0.01927	0.02165	0.14485	0.01965
V284	0.00475	0	0.15561	0.01767	0	0.00338	0.02622	0.00726	0.01149	0.77363
V285	0.00833	0.12668	0.01973	0	0	0.00714	0.10014	0.21285	0.00955	0.51558
V286	0.01939	0	0.0612	0.03007	0	0.38189	0.06123	0.00421	0	0.44202
V287	0.02087	0	0.00154	0.00727	0	0.00987	0.4484	0.00662	0	0.50542
V288	0.01053	0.02517	0.05479	0	0.02432	0.30073	0.09327	0.49119	0	0
V289	0.01143	0.19494	0.56788	0.04786	0.07661	0.00283	0.00785	0.00582	0.03129	0.0535
V290	0.00102	0.01647	0.14899	0.01982	0.03179	0.19723	0.54396	0.01473	0	0.02599
V291	0.73291	0.01561	0.07692	0.06748	0.02595	0.04784	0.02043	0.0056	0.0047	0.00256
V292	0.022	0.00566	0.49036	0.03329	0.03651	0.3515	0.04298	0.00325	0.01445	0
V293	0.04248	0.01147	0.72314	0.06024	0.03137	0.00444	0.01047	0.03084	0.04194	0.04361
V294	0.04207	0.27829	0.19949	0.03791	0.04403	0.00532	0.08934	0.00782	0.27816	0.01757
V295	0.02684	0.0703	0.60598	0.05368	0.01741	0.02565	0.02136	0.0475	0.03146	0.09982
V296	0.00245	0.09142	0.11662	0.13545	0.27822	0.01599	0.04653	0.08935	0.20634	0.01762
V297	0.20081	0.05728	0.00988	0.00907	0	4e-05	0.07076	0.00756	0	0.64461
V298	0.0262	0.0292	0.16839	0.66646	0.02357	0.01203	0.01652	0.01168	0.04551	0.00044
V299	0.33436	0.02311	0.02064	0.00266	0.10828	0.42847	0.05753	0.00536	0	0.01959
V300	0.00491	0.04729	0.06969	0.20038	0.20632	0.02097	0.06784	0.3682	0	0.01441
V301	0.00244	0	0.04608	0	0.01889	0.04133	0.0878	0.80347	0	0
V302	0.29111	0.00933	0.13572	0.0044	0.01579	0.02301	0.05259	0.46804	0	0
V303	0	0.54562	0.12234	0.00711	0.04178	0.24011	0.03208	0.00122	0.00207	0.00767
V304	0.1687	0	0.03376	0	0.01564	0.03121	0.08828	0.6606	0.00182	0
V305	0.02691	0.08489	0.32699	0.03081	0.30872	0.06183	0.01863	0.00624	0.01333	0.12166
V306	0.00656	0.01412	0.07663	0.27062	0.0271	0.46509	0.07182	0.04783	0.02024	0
V307	0	0.29654	0	0	0.65807	0	0.01316	5e-04	0	0.03173
V308	0	0.80083	0.04064	0.02233	0.05355	0.02367	0.0228	0.01683	0.00646	0.0129
V309	0	0.32759	0	0.00413	0.60965	0	0.01372	0.00037	0.01221	0.03233
V310	0.24317	0.14463	0.01549	0.00801	0.39676	0.02798	0.02068	0.05353	0	0.08974
V311	0.8646	0.01356	0.03047	0.02334	0.0084	0	0.01462	0.04024	0.00477	0
V312	0.0122	0	0.08962	0.00815	0	0.01873	0.04228	0.10926	0.01537	0.7044
V313	0	0	0.01968	0	0.01591	0.52364	0.10008	0.27909	0	0.06159
V314	0.10909	0.38651	0.16563	0.04945	0.22689	0.02098	0.01671	0.00065	0.00589	0.0182
V315	0.02336	0.01188	0.42978	0.0397	0.03034	0	0.41747	0.00551	0.02238	0.01959
V316	0.00492	0	0.02055	0	0.02762	0.75531	0.09004	0.09492	0	0.00664
V317	0.00325	0.0062	0.05091	0.05115	0	0.00651	0.17813	0.00371	0.00035	0.69978
V318	0	0.52553	0.274	0.02514	0.05375	0.00766	0.08231	4e-04	0.01355	0.01766
V319	0.01063	5e-04	0.0051	0.00825	0.01605	0.01734	0.62827	0.00862	0	0.30524
V320	0.04781	0.01496	0.50024	0.3123	0.03402	0.00264	0.03386	0.00892	0.03904	0.00621
V321	0.0387	0.01216	0.0407	0	0.03262	0.54928	0.06585	0.0046	0.25462	0.00147
V322	0.00381	0	0.10709	0.06671	0	0.08454	0.07127	0.00272	0.00652	0.65735
V323	0.0194	0.01478	0.1251	0.52823	0.01873	0.14008	0.0171	0.02422	0.02031	0.09205
V324	0.33956	0.00711	0.04736	4e-05	0.03702	0.30694	0.05605	0.03035	0.17556	0
V325	0.01386	0	0.01686	0.03219	0.04057	0	0.83377	0.03276	0.00193	0.02806
V326	0.03601	0.01294	0.66722	0.19013	0.02886	0.00362	0.00498	0.00208	0.04539	0.00877
V327	0	0.03938	0.01221	0	0.09715	0.73059	0.08842	0.03225	0	0
V328	0.08121	0.13742	0.18909	0.00513	0.02427	0.01668	0.05319	0.48685	0.00011	0.00605
V329	0	0.80652	0.02291	0.0115	0.05668	0.00086	0.08388	0.01195	0.00148	0.00422
V330	0.01863	0	0.05662	0.09262	0.02007	0.0941	0.07376	0.62592	0.01826	0
V331	8e-04	0	0.01005	0	0	0.00987	0.03728	0.19767	0.07161	0.67271
V332	0.02865	0.1632	0.01019	0.07145	0.62617	0.03193	0.0182	0.03276	0	0.01745
V333	0.04239	0.14663	0.13275	0.01457	0.52879	0.03065	0.03258	0.0309	0	0.04074
V334	0.00473	0.01981	0.07206	0.13985	0.02332	0.00511	0.25997	0.00347	0.3929	0.07878
V335	0.06648	0.1826	0.16849	0.06551	0	0.01426	0.03181	0.00118	0.02422	0.44545
V336	0.00373	0.01141	0.08245	0.12198	0.03851	0.14336	0.02517	0.0101	0.52328	0.04
V337	0.01899	0.01211	0.114	0.49752	0.00323	0	0.15645	0.01129	0.02712	0.15929
V338	0.37155	0.00822	0.14987	0.01905	0.00915	0.00222	0.11246	0.01533	0.1718	0.14035
V339	0.15763	0.05897	0.06245	0.09524	0.1766	0.04631	0.01546	0.00125	0.35191	0.03417
V340	0	0.0048	0.0334	0	0.02244	0.15687	0.08755	0.69493	0	0
V341	0.15927	0.18069	0.00285	0.00614	0.51092	0	0.07978	0.04363	0	0.01673
V342	0	0.1006	0	0.00379	0.36711	0.00106	0.01938	0.0015	0	0.50657
V343	0.0757	0.01655	0.12722	0.02587	0.05808	0.01236	0.21502	0.00292	0.26904	0.19723
V344	0.82778	0.0214	0.06969	0.02716	0.01042	0	0.01107	0.00672	0.02577	0
V345	0	0.81601	0.04388	0.00626	0.07089	0.00275	0.0083	0.02358	0.02498	0.00336
V346	0.06316	0.03461	0.08577	0.0176	0.00892	0.02816	0.04962	0.38107	0	0.33109
V347	0.02492	0	0	0.00119	0	0.11838	0.03322	0.00332	0	0.81898
V348	0	0.13722	0	0	0.58796	0.20058	0.04204	0.01968	0	0.01253
V349	0	0.71758	0.02788	0.00742	0.05275	0	0.18049	0.0016	0.00423	0.00806
V350	0.03439	0.00301	0.09352	0.15518	0.02872	0.00659	0.50804	0.01431	0.13349	0.02274
V351	0.01544	0.00374	0.15276	0.0418	0.0432	0.1024	0.5247	0.00737	0.01057	0.09804
V352	0.02044	0.03573	0.02533	0.01402	0.09155	0.28501	0.04813	0.00294	0.06798	0.40888
V353	0	0	0.0263	0	0.01675	0.47878	0.12397	0.23415	0	0.12004
V354	0	0.04532	0.059	0.00167	0.0344	0.26562	0.06043	0.00187	0.51093	0.02077
V355	0.80918	0.01409	0.0259	0.019	0.00149	0	0.01281	0.0065	0.0088	0.10223
V356	0.00258	0.00387	0.07233	0.03317	0.03631	0.03114	0.08229	0.4104	0.31745	0.01047
V357	0.01449	0.02089	0.01749	0	0.13231	0.72202	0.07976	0.01304	0	0
V358	0.02896	0.00646	0.64443	0.05481	0.02717	0.10015	0.02303	0.06309	0.03578	0.01612
V359	0.34393	0.00694	0.05433	0.02779	0.02175	0.24526	0.03949	0.01631	0.19158	0.05261
V360	0	0.21037	0.02301	0.00656	0.65802	0.00696	0.03041	0.00638	0	0.05828
V361	0	0	0.0158	0	0.03021	0.8497	0.09503	0.00925	0	0
V362	0.00782	0.06821	0.02789	0	0.30421	0.01289	0.05073	0.41627	0	0.11198
V363	0.32607	0.08211	0.04	0.00587	0.00801	0.27412	0.05114	0.08467	0	0.128
V364	0	0.79332	0.03034	0.00907	0.05195	0.00412	0.01388	0.08453	0.00161	0.01118
V365	0	0.00559	0.01047	0.00707	0.02867	0.04323	0.52411	0.01343	0	0.36741
V366	0.08604	0.01838	0.61011	0.05195	0.01414	0.01111	0.00969	0.00103	0.08289	0.11466
V367	0.50417	0.00989	0.04204	0.08065	0	0.11966	0.03022	0.0689	0	0.14448
V368	0.12872	0.02027	0.00183	0.00965	0	0.0653	0.03269	0.00746	0	0.73408
V369	0.29005	0.10461	0.04502	0.0084	0.02415	0.22535	0.03514	0.00283	0.2474	0.01705
V370	0.01586	0.28009	0.01466	0.01234	0.08849	0	0.47805	0.03028	0	0.08024
V371	0.02449	0.0182	0.13668	0.64406	0.01129	0.00305	0	0.01111	0.06498	0.08614
V372	0.43619	0.11778	0.01533	0.00893	0.39729	0	0.01193	0.00338	0	0.00918
V373	0.46717	0	0.01564	0.0154	0	0.00578	0.04462	0.03588	0	0.41551
V374	0.00576	0.27332	0.45644	0.03416	0.04213	0.07339	0.02035	0.06745	0.02423	0.00277
V375	0.00453	0.34737	0.10749	0.28609	0.00578	0.01607	0.00665	0.00707	0.01525	0.20372
V376	0.03612	0.83717	0.03777	0.00781	0.05507	0.00179	0.00596	0.00061	0.00529	0.01242
V377	0.05644	0.10698	0.04787	0.00974	0	0.01318	0.02795	0.11431	0.0731	0.55043
V378	0.32629	0.26737	0.09793	0.07298	0.07947	0.01883	0.02967	0.0122	0.00798	0.0873
V379	0	0.34007	0.02285	0	0.02303	0.40753	0.05321	0.00833	0	0.14498
V380	0.31917	0.01578	0.02508	0.05473	0	0.03119	0.34248	0.00686	0	0.20471
V381	0.13668	0.00241	0.03467	0.00162	0.04597	0.64669	0.11344	0.01853	0	0
V382	0.08871	0	0.14386	0.01199	0	0.01709	0.01737	0.00106	0.3464	0.37352
V383	0.122	0.00631	0.03796	0.01835	0.02649	0.69116	0.09054	0.0072	0	0
V384	0.00839	0	0.00046	0	0	0.06627	0.1751	0.09463	0	0.65516
V385	0.02463	0.03409	0.10096	0.34884	0.08925	0.00929	0.2685	0.09374	0.00917	0.02153
V386	0.36422	0.01022	0.35628	0.0887	0.0241	0.00455	0.01794	0.11508	0.0189	0
V387	0	0.02754	0.0219	0.01128	0.032	0.03871	0.79729	0.01042	0.00603	0.05482
V388	0.17133	0.00567	0.20207	0.12899	0.02222	0.02762	0.05617	0.34728	0.00636	0.0323
V389	0.01832	0	0.29871	0.03171	0	0.05502	0.02107	0.00189	0.01477	0.55851
V390	0.10553	0.00979	0.01682	0.01133	0.02971	0	0.67514	0.00896	0.06198	0.08074
V391	0.02461	0.01159	0.01226	0.01721	0.05569	0.00093	0.80642	0.03147	0	0.03982
V392	0.07703	0.00747	0.10963	0	0.01218	0.58699	0.0798	0.00571	0	0.1212
V393	0	0	0.01096	0	0	0.19387	0.06396	0.30307	0	0.42814
V394	0.03395	0.01284	0.11496	0.54654	0.02381	0	0.2314	0.00595	0.0236	0.00694
V395	0	0.13541	0.2049	0.01574	0.5543	0.01537	0.03622	0.00044	0.00446	0.03316
V396	0.00301	0.18477	0.00907	0.01815	0.74733	0	0.01393	0.00109	0	0.02265
V397	0.00571	0	0.02692	0.01006	0.01391	0.73162	0.08268	0.00744	0	0.12167
V398	0.02047	0.02199	0.50293	0.23631	0.06691	0.00409	0.01264	0.00148	0.12209	0.01108
V399	0.00036	0.04754	0.01776	0.00289	0.0946	0.00503	0.02945	0.01984	0.14359	0.63894
V400	0.00052	0.00809	0.03241	0.03917	0.03505	0.00947	0.46998	0.39813	0	0.00717
V401	0.01695	0.03881	0.22157	0.00709	0.00545	0.05796	0.06387	0.43537	0.00522	0.14771
V402	0.01888	0.01603	0.67116	0.05221	0.02819	0.01454	0.03355	0.12364	0.03509	0.00671
V403	0.00673	0.01776	0.21977	0.07215	0.06773	0.01858	0.11633	0.00946	0.42828	0.04321
V404	0.02107	0.05688	0.33178	0.42391	0.11264	0.00219	0.00951	0.00279	0.03332	0.00592
V405	0.81404	0.01053	0.0265	0.01956	0.00887	0.00315	0.109	0.00681	0.00154	0
V406	0.02612	0.01626	0.45047	0.41415	0.02568	0.00308	0.0091	0.00302	0.04712	0.00499
V407	0.44249	0.13523	0.11306	0.07831	0.08543	0.00629	0.06159	0.00331	0.05052	0.02376
V408	0	0.57419	0.01765	0.00598	0.02175	0.00626	0.18879	0.00717	0.02263	0.15558
V409	0.00074	0	0.051	0.01164	0	0.06685	0.08864	0.00323	0.00076	0.77714
V410	0.00167	0.00485	0.02291	0.0146	0	0.01225	0.0245	0.03548	0.09539	0.78836
V411	0.01897	0.06732	0.11828	0.54686	0.01189	0.05452	0.04752	0.01017	0.0286	0.09587
V412	0.26918	0.00269	0.04333	0.02294	0.02355	0.35748	0.08772	0.0383	0.15481	0
V413	0.01221	0.02641	0.06048	0.01327	0.10293	0	0.68013	0.00865	0.00164	0.09428
V414	0.14546	0.03258	0.04691	0.01578	0.12664	0.00224	0.39123	0.22937	0	0.00978
V415	0.01575	0.01801	0.04161	0	0.01996	0.02869	0.08405	0.77401	0	0.01792
V416	0.01509	0.27148	0.13309	0.51139	0.03115	0.0019	0	0.00945	0.02645	0
V417	0.00154	0	0.01917	0.02135	0	0.004	0.02937	0.0038	0.0096	0.91118
V418	0.02192	0.01088	0.01335	0.02	0	0.02411	0.02423	0.01272	0.05803	0.81476
V419	0	0.6722	0.21941	0.02108	0.04944	0.00208	0.01244	0.00543	0.01332	0.00459
V420	0.69247	0.04035	0.09545	0.02279	0.03396	0.00515	0.01237	0.00935	0.00827	0.07986
V421	0.04596	0.22744	0.13509	0.01882	0.03092	0	0.48773	0.01201	0	0.04203
V422	0	0.05442	0.01664	0.01086	0.19795	0	0.43217	0.00494	0.14788	0.13515
V423	0.03999	0.01879	0.27916	0.58988	0.02379	0.0027	0	0.00428	0.03963	0.00178
V424	0	0.82031	0.02389	0.01016	0.05716	0.03907	0.03101	0.01148	0.00492	0.002
V425	0.66639	0.1181	0.03466	0.01315	0.01233	0.00184	0.02043	0.05778	0.07531	0
V426	0	0.1717	0	0.02688	0.6654	0.06742	0.0211	0.00056	0.0139	0.03302
V427	0	0.24916	0.02121	0	0.03686	0.61261	0.07489	0.00527	0	0
V428	0.15274	0.28556	0.02875	0.01277	0.03303	0	0.32579	0.07954	0	0.0818
V429	0.87662	0.016	0.04322	0.02193	0.01088	0	0.012	0.00782	0.01153	0
V430	0.0925	0.01696	0.14561	0.52798	0.0215	0.00294	0.04398	0.00366	0.13929	0.00557
V431	0.01246	0.05627	0.09843	0.36538	0.07601	0.01085	0.03811	0.27592	0.06656	0
V432	0.85481	0.01452	0.02971	0.01966	0.0147	0	0.0551	0.00714	0.00436	0
V433	0	0.09716	0.0598	0.01033	0.02064	0.00692	0.21752	0.01045	0.44328	0.1339
V434	0.80721	0.02199	0.10379	0.02661	0.01172	0	0.01114	0.00686	0.01069	0
V435	0.3505	0.02063	0.15451	0.02966	0.01054	0.01446	0.01291	0.00216	0.30944	0.09518
V436	0.45756	0.00288	0.03078	0.04182	0.0162	0.16056	0.26401	0.01254	0.00369	0.00996
V437	0.00054	0	0.01075	0.01002	0	0.02891	0.02703	0.00844	0.00723	0.90706
V438	0.02721	0.03054	0.14724	0.70927	0.0216	0.00236	0	0.01214	0.03615	0.0135
V439	0.06549	0.00931	0.12404	0.3521	0	0.0296	0.03637	0.1356	0.01409	0.2334
V440	0	0.04486	0	0.0105	0	0.00369	0.02854	0.00325	0.00611	0.90305
V441	0.41865	0.05196	0.07587	0.27216	0.13984	0.01374	0.0134	0.00411	0.01026	0
V442	0.44858	0.00333	0.06182	0.00924	0.02171	0.39877	0.0507	0.00585	0	0
V443	0.01164	0	0.00775	0.01039	0.00714	0	0.75052	0.00986	0	0.2027
V444	0.52413	0.00618	0.17782	0.04577	0	0.00473	0.0958	0.00459	0.00813	0.13286
V445	0.0013	0.45859	0.0833	0.28881	0.03225	0.00209	0.01741	0.00116	0.07348	0.0416
V446	0	0.70983	0.02953	0.00634	0.10841	0	0.12692	0.00105	0	0.01792
V447	0.02764	0.06968	0.01717	0	0.33032	0.32818	0.0691	0.15791	0	0
V448	0	0.74338	0.05864	0.00983	0.05518	0	0.11899	0.00082	0.00713	0.00604
V449	0	0.18216	0	0.0111	0.70919	0.00757	0.02508	0.03254	0	0.03237
V450	0.38982	0.00085	0.03966	0.00451	0.01753	0.47982	0.06148	0.00632	0	0
V451	0.11711	0	0.01976	0.00975	0.02392	0.05264	0.57368	0.19214	0	0.01101
V452	0.21943	0.01126	0.04873	0.09443	0.03399	0.01097	0.0507	0.3579	0.0153	0.15729
V453	0.59662	0.06906	0.05216	0.13355	0.04727	0.00481	0.03191	0.0045	0.00439	0.05574
V454	0	0.07614	0.0242	0.1158	0.34339	0.03935	0.36177	0.00479	0	0.03455
V455	0.21526	0.11892	0	0.00269	0.47868	0.00565	0.01515	0.00177	0	0.16189
V456	0.79431	0.02775	0.09252	0.0239	0.01077	0.00489	0.02329	0.01094	0.0081	0.00353
V457	0.01943	0.17937	0.13744	0.59129	0.02846	0.01071	0	0.00343	0.02987	0
V458	0.02225	0.02635	0.13206	0.62055	0.02265	0.12473	0.0101	0.00453	0.02674	0.01005
V459	0.00777	0.11092	0.01056	0.00483	0.26565	0	0.49158	0.00591	0.06063	0.04216
V460	0	0	0.03045	0.00309	0	0.02636	0.1128	0.49321	0.04137	0.29272
V461	0.0115	0.04894	0.02315	0.01036	0.03326	0.02011	0.77501	0.03858	0	0.0391
V462	0.01911	0.00751	0.17923	0	0.02248	0.02481	0.07253	0.67433	0	0
V463	0.00332	0	0.1033	0.01796	0	0.00308	0.04982	0.00753	0.00793	0.80706
V464	0	0.82779	0.06993	0.02099	0.05951	0.00231	0.00537	0.00021	0.01119	0.00271
V465	0.02067	0.44992	0.06771	0.19462	0.04465	0.12218	0.04036	0.00767	0.05215	6e-05
V466	0.09973	0.0778	0	0.00365	0.22933	0.00086	0.01962	0.00709	0	0.56192
V467	0.01554	0.04117	0.05377	0.03005	0.02219	0.05512	0.07801	0.70416	0	0
V468	0.00664	0	0.0236	0	0.03106	0.75489	0.149	0.02166	0.01314	0
V469	0.0939	0.08926	0.03394	0.11239	0.04416	0.01029	0.02337	0.09241	0.00323	0.49706
V470	0	0.09375	0.10369	0.03674	0.03287	0.65006	0.07112	0.01177	0	0
V471	0.01144	0.02273	0.4206	0.03371	0.02555	0.01256	0.02136	0.08546	0.03201	0.33458
V472	0	0.13289	0.0181	0.10512	0.5526	0.07753	0.03199	0.05425	0	0.02751
V473	0.0167	0.00653	0.59547	0.04906	0	0.04616	0.01526	0.00655	0.03542	0.22886
V474	0	0	0	0.00361	0	0.03516	0.03375	0.00387	0.0071	0.91651
V475	0	0.27389	0.08498	0.0188	0.16166	0	0.4358	0.00504	0	0.01983
V476	0.15258	0.10238	0.23704	0.02214	0.41608	0	0.02521	0.00137	0.00527	0.03793
V477	0.01348	0.2815	0.02969	0	0.03162	0.33603	0.08564	0.22204	0	0
V478	0.02949	0.0609	0.66609	0.0671	0.04715	0.00368	0.00799	0.00655	0.06556	0.04547
V479	0.02239	0.07468	0.2023	0.5684	0.03429	0.00321	0	0.01056	0.08137	0.0028
V480	0.20341	0.19335	0.03199	0.06005	0.3043	0.00163	0.01225	0.00739	0.10935	0.07628
V481	0.04189	0.00818	0.02675	0.07323	0.02974	0	0.73938	0.01664	0.0245	0.03968
V482	0.0106	0.00503	0.04536	0	0.02375	0.31286	0.18024	0.40359	0	0.01856
V483	0	0.40193	0.04121	0	0.03379	0.01627	0.04968	0.45712	0	0
V484	0.01292	0.00867	0.04158	0.07265	0.07195	0.31529	0.3156	0.09042	0.06598	0.00494
V485	0.0062	0.30088	0.02281	0.00879	0.03875	0	0.52978	0.00624	0.06483	0.02171
V486	0.00792	0.00559	0.02143	0	0.03504	0.54902	0.36884	0.00922	0.00285	8e-05
V487	0.43534	0.06648	0.17243	0.03249	0.25029	0.00618	0.0118	0.00331	0.00572	0.01596
V488	0.01356	0.00417	0.43419	0.05476	0	0.01054	0.01354	0.00126	0.05425	0.41372
V489	0.1277	0.05243	0.05411	0.02511	0.0202	0.02081	0.07463	0.61453	0.00653	0.00394
V490	0	0.57348	0.03209	0.01245	0.0706	0.07218	0.02788	0.04581	0.1213	0.04421
V491	0.00974	0	0.0011	3e-04	0	0.00678	0.06405	0.14345	0.00387	0.7707
V492	0.01314	0.09138	0.04591	0.01391	0.00863	0.113	0.13659	0.00191	0.36934	0.2062
V493	0.15052	0.16812	0.33426	0.10037	0.17163	0.01582	0.00993	0.01259	0.02991	0.00685
V494	0.00638	0.02491	0.28971	0.02849	0.02772	0.0406	0.08673	0.32921	0.10488	0.06135
V495	0	0.15418	0.01128	0.02861	0.48487	0.16984	0.04121	0.03823	0	0.07179
V496	0.0112	0.15145	0.52967	0.03893	0.03087	0.00797	0.02958	0.1725	0.0246	0.00323
V497	0.00134	0.02632	0	0.01044	0.01317	0.00374	0.025	0.0085	0.0043	0.9072
V498	0.02303	0.01946	0.15623	0.59219	0.03662	0.00574	0.00937	0.11727	0.02819	0.01191
V499	0.2091	0	0.00157	0.0083	0	0.00178	0.02547	0.00811	0.00029	0.74538
V500	0.40198	0.01581	0.12429	0.01584	0.0278	0.14833	0.17888	0.00522	0.00474	0.0771
V501	0.00566	0	0.20569	0.018	0	0.01052	0.03882	0.27061	0.0133	0.4374
V502	0.02137	0.01323	0.12468	0.55258	0.01954	0.01617	0.04142	0.1605	0.03872	0.0118
V503	0.03037	0	0.04856	0	0.01391	0.03228	0.10531	0.58893	0.11952	0.06112
V504	0.10306	0	0.02433	0.0022	0.00686	0.08767	0.35134	0.31251	0	0.11203
V505	0.05342	0.03307	0.29134	0.01727	0.12141	0.1884	0.13819	0.10309	0.001	0.05281
V506	0	0.04807	0.01688	0	0.06658	0.04967	0.06289	0.3128	0	0.44311
V507	0.00214	0.44415	0.02686	0.00467	0.03857	0	0.34484	0.10041	0.02684	0.01152
V508	0.39052	0.00308	0.05569	0.001	0.0238	0.44442	0.05988	0.02161	0	0
V509	0.00631	0.68764	0.03421	0.0052	0.05006	0.0597	0.1506	0.0017	0	0.00458
V510	0.03783	0.59225	0.04727	0.00875	0.00048	0.0014	0.01067	0.00531	0.00348	0.29258
V511	0.05142	0.25525	0.01964	0.01185	0	0.00197	0.01523	0.00147	0.00388	0.63928
V512	0.00846	0.33514	0.27933	0.01959	0.04262	0.2105	0.03111	0.00658	0.01038	0.05628
V513	0.62251	0.00506	0.01553	0.01453	0	0.00098	0.0173	0.04545	0	0.27865
V514	0.01524	0	0.03737	0.00119	0	0.00992	0.0198	0.00122	0.41644	0.49881
V515	0.01011	0.12449	0.04308	0	0.02975	0.11409	0.21215	0.40934	0.05698	2e-05
V516	0.02244	0.42665	0.08234	0.21572	0.0948	0.00108	0.06793	0.03921	0.02178	0.02806
V517	0	0.02452	0.00368	0.01364	0.11246	0	0.55414	0.00743	0	0.28413
V518	0.0121	0.00151	0.07048	0.32846	0	0.05588	0.05896	0.00335	0.01713	0.45215
V519	0.03388	0.00869	0.02291	0.00817	0.08231	0.2188	0.55855	0.02843	0	0.03826
V520	0.00075	0.02882	0.17061	0	0.03315	0.19972	0.0744	0.49256	0	0
V521	0.002	0	0.00543	0.04825	0	0.00406	0.02312	0.00388	0.00946	0.9038
V522	0.0251	0.07555	0.17262	0.03791	0.20731	0.01558	0.06031	0.02403	0.01532	0.36627
V523	0	0.18858	0	0	0.75935	0.0072	0.01603	0.00729	0	0.02155
V524	0.00826	0.06618	0.15759	0.01107	0.03998	0.63903	0.07219	0.0057	0	0
