CD14.pos.CD16.neg.classical.monocyte	mature.neutrophil	memory.B.cell	cytotoxic.CD56.dim.NK.cell	memory.CD4.pos.AB.T.cell	macrophage
V1	0.07609	0.04823	0.74359	0.02142	0.03412	0.07655
V2	0.35449	0.14513	0.08924	0.12092	0.16695	0.12327
V3	0.16952	0.09452	0.23926	0.02698	0.0664	0.40333
V4	0.15487	0.36786	0.07538	0.11171	0.16122	0.12896
V5	0.02338	0.0703	0.02099	0.50461	0.33647	0.04426
V6	0.17169	0.05945	0.19449	0.06294	0.19774	0.31368
V7	0.05074	0.31896	0.03818	0.06768	0.46204	0.06241
V8	0.43077	0.09591	0.10594	0.12776	0.07484	0.16477
V9	0.19306	0.17155	0.06858	0.23989	0.11047	0.21645
V10	0.28439	0.07651	0.11159	0.30034	0.10898	0.11819
V11	0.08062	0.58825	0.09	0.06614	0.10181	0.07318
V12	0.17955	0.07203	0.12895	0.03573	0.0717	0.51204
V13	0.07152	0.42839	0.29247	0.05966	0.07625	0.07171
V14	0.05424	0.05311	0.045	0.67564	0.11556	0.05646
V15	0.2992	0.10903	0.07076	0.13484	0.25071	0.13546
V16	0.05646	0.04555	0.03513	0.34838	0.38621	0.12827
V17	0.16677	0.07897	0.19835	0.02647	0.06088	0.46856
V18	0.4443	0.17126	0.11379	0.05676	0.06587	0.14802
V19	0.36351	0.0972	0.22469	0.04196	0.14086	0.13177
V20	0.38231	0.1051	0.15572	0.12586	0.07268	0.15833
V21	0.183	0.08064	0.09746	0.03789	0.10594	0.49506
V22	0.126	0.08175	0.03861	0.09877	0.56561	0.08925
V23	0.05102	0.04345	0.28768	0.04688	0.51648	0.05449
V24	0.10574	0.0499	0.02701	0.13476	0.59385	0.08875
V25	0.27961	0.26122	0.0797	0.14785	0.11536	0.11626
V26	0.18019	0.05851	0.04485	0.04887	0.58797	0.07962
V27	0.15104	0.06126	0.21898	0.03267	0.06764	0.46841
V28	0.09467	0.23411	0.18092	0.2153	0.10667	0.16832
V29	0.07574	0.46759	0.14385	0.10191	0.07998	0.13093
V30	0.16291	0.1976	0.1447	0.04146	0.26034	0.19298
V31	0.40424	0.07757	0.23704	0.05496	0.05553	0.17065
V32	0.02399	0.04946	0.31458	0.45673	0.07814	0.07709
V33	0.16459	0.35007	0.24863	0.05885	0.06667	0.1112
V34	0.0104	0.03257	0.4317	0.04964	0.41683	0.05886
V35	0.0251	0.0786	0.17717	0.44916	0.20029	0.06968
V36	0.08143	0.3928	0.14391	0.05761	0.24662	0.07763
V37	0.05034	0.04517	0.68741	0.02714	0.03715	0.15279
V38	0.1656	0.05628	0.19319	0.02498	0.06009	0.49986
V39	0.35115	0.08662	0.08813	0.25558	0.08329	0.13523
V40	0.07206	0.39575	0.06794	0.16304	0.18858	0.11264
V41	0.42247	0.08239	0.12017	0.04167	0.06982	0.26349
V42	0.17671	0.05904	0.49618	0.02683	0.08728	0.15395
V43	0.14222	0.33417	0.06626	0.07217	0.27221	0.11296
V44	0.08573	0.59604	0.0873	0.06129	0.08799	0.08165
V45	0.26074	0.28817	0.12153	0.06089	0.08518	0.18349
V46	0.07316	0.04665	0.05074	0.24878	0.37707	0.20359
V47	0.06945	0.3379	0.05354	0.15792	0.28586	0.09534
V48	0.05767	0.47501	0.20482	0.05163	0.14701	0.06386
V49	0.07865	0.56446	0.07961	0.05985	0.1462	0.07122
V50	0.02465	0.03309	0.23108	0.0467	0.57541	0.08907
V51	0.01204	0.03381	0.00731	0.05906	0.84023	0.04755
V52	0.05961	0.43716	0.25481	0.07436	0.10156	0.0725
V53	0.09998	0.04209	0.09416	0.06832	0.63371	0.06175
V54	0.06419	0.13252	0.49933	0.06847	0.12537	0.11011
V55	0.01384	0.06221	0.10175	0.06895	0.70481	0.04843
V56	0.0111	0.06432	0.66757	0.12303	0.07967	0.05431
V57	0.13637	0.302	0.10133	0.04402	0.18662	0.22965
V58	0.02194	0.04297	0.77182	0.03614	0.03535	0.09178
V59	0.04185	0.04489	0.02977	0.69156	0.14234	0.04959
V60	0.30189	0.06323	0.07715	0.36087	0.08881	0.10805
V61	0.2174	0.14557	0.08161	0.1654	0.12956	0.26046
V62	0.31041	0.08318	0.13531	0.13305	0.15027	0.18779
V63	0.10356	0.39806	0.08467	0.10673	0.09346	0.21352
V64	0.01966	0.11065	0.01344	0.05289	0.75484	0.04852
V65	0.32357	0.15951	0.11373	0.05726	0.10516	0.24077
V66	0.28998	0.0774	0.15953	0.05845	0.3047	0.10994
V67	0.07251	0.15436	0.29443	0.22468	0.07515	0.17887
V68	0.49574	0.08894	0.11711	0.07685	0.06339	0.15796
V69	0.35186	0.09101	0.10073	0.0394	0.089	0.328
V70	0.03614	0.04292	0.20914	0.50377	0.15385	0.05418
V71	0.06671	0.22412	0.06554	0.12395	0.37666	0.14302
V72	0.34499	0.15282	0.14509	0.05845	0.12027	0.17838
V73	0.04711	0.03742	0.10723	0.61887	0.13394	0.05543
V74	0.02797	0.14791	0.04378	0.61349	0.12072	0.04614
V75	0.06984	0.59014	0.07624	0.07822	0.11534	0.07022
V76	0.01901	0.03342	0.62274	0.05111	0.21297	0.06075
V77	0.08367	0.14476	0.1258	0.44984	0.09577	0.10017
V78	0.30582	0.14848	0.12649	0.13858	0.08488	0.19575
V79	0.11796	0.41719	0.09269	0.0465	0.07666	0.24899
V80	0.11254	0.43145	0.08447	0.05447	0.09178	0.22529
V81	0.41148	0.14707	0.15676	0.05315	0.0782	0.15335
V82	0.06731	0.53562	0.0736	0.08825	0.16173	0.0735
V83	0.10626	0.1523	0.06212	0.3444	0.22274	0.11218
V84	0.21328	0.06234	0.12906	0.37241	0.11155	0.11136
V85	0.4764	0.08673	0.17165	0.05244	0.05902	0.15376
V86	0.17835	0.07471	0.16576	0.26758	0.08882	0.22478
V87	0.02207	0.04979	0.04812	0.7061	0.11972	0.0542
V88	0.09329	0.06441	0.05474	0.42842	0.14649	0.21265
V89	0.09576	0.16855	0.41091	0.03411	0.05172	0.23894
V90	0.08095	0.48035	0.15946	0.0596	0.13491	0.08471
V91	0.03576	0.04297	0.04766	0.12739	0.68551	0.06072
V92	0.02036	0.08291	0.01863	0.05805	0.76292	0.05712
V93	0.15802	0.09503	0.06584	0.11387	0.30259	0.26465
V94	0.01375	0.04133	0.24564	0.56184	0.09082	0.04663
V95	0.00938	0.03988	0.26362	0.13059	0.51063	0.04589
V96	0.07953	0.29702	0.0615	0.08343	0.3299	0.14862
V97	0.01138	0.0408	0.01446	0.10062	0.78994	0.04281
V98	0.03802	0.09268	0.03493	0.59239	0.19034	0.05164
V99	0.01914	0.04934	0.034	0.72494	0.12773	0.04485
V100	0.02172	0.04024	0.41064	0.24664	0.20202	0.07874
V101	0.04067	0.30276	0.39651	0.11855	0.0701	0.0714
V102	0.46309	0.09232	0.18394	0.05197	0.05823	0.15045
V103	0.37406	0.08921	0.09876	0.17261	0.11978	0.14558
V104	0.03252	0.03538	0.21062	0.55455	0.10851	0.05842
V105	0.17565	0.05768	0.15232	0.02654	0.0619	0.5259
V106	0.07469	0.04136	0.55523	0.01833	0.05063	0.25976
V107	0.08822	0.47583	0.24022	0.05008	0.07362	0.07203
V108	0.13496	0.0729	0.09648	0.0402	0.25808	0.39739
V109	0.1445	0.05918	0.08223	0.03138	0.24063	0.44208
V110	0.05245	0.16434	0.61926	0.02606	0.05116	0.08673
V111	0.00863	0.04978	0.7882	0.03781	0.05228	0.06331
V112	0.05203	0.26559	0.04198	0.46748	0.11572	0.0572
V113	0.02959	0.1051	0.55235	0.06085	0.18714	0.06498
V114	0.1004	0.0406	0.58628	0.14898	0.04767	0.07607
V115	0.27563	0.10941	0.09434	0.06301	0.18973	0.26788
V116	0.48677	0.08743	0.11492	0.09151	0.06415	0.15521
V117	0.31085	0.07237	0.0667	0.12112	0.31593	0.11304
V118	0.06572	0.48712	0.14351	0.07915	0.14408	0.08042
V119	0.07444	0.56762	0.08717	0.08788	0.09481	0.08808
V120	0.07958	0.18547	0.12266	0.35735	0.17474	0.08019
V121	0.22741	0.06456	0.08318	0.24983	0.07479	0.30022
V122	0.18143	0.06649	0.05537	0.4851	0.13211	0.07949
V123	0.24286	0.0675	0.08002	0.0748	0.19983	0.33499
V124	0.01469	0.03315	0.24679	0.0487	0.60525	0.05142
V125	0.04283	0.15471	0.57054	0.08142	0.04806	0.10245
V126	0.14317	0.239	0.12466	0.04261	0.07562	0.37495
V127	0.03698	0.03494	0.70668	0.10542	0.04953	0.06645
V128	0.20481	0.23767	0.14802	0.16854	0.13746	0.1035
V129	0.01257	0.0488	0.73524	0.08856	0.04807	0.06675
V130	0.29765	0.1539	0.08198	0.23766	0.10959	0.11923
V131	0.04796	0.03712	0.0402	0.05971	0.68887	0.12614
V132	0.05358	0.37209	0.35673	0.04213	0.10838	0.0671
V133	0.05849	0.1843	0.48717	0.10212	0.10301	0.06491
V134	0.1372	0.46318	0.07927	0.06282	0.15836	0.09918
V135	0.06203	0.04596	0.64144	0.02206	0.0916	0.13691
V136	0.09971	0.50714	0.12643	0.06859	0.11638	0.08176
V137	0.04162	0.159	0.47104	0.04902	0.22246	0.05686
V138	0.11512	0.04428	0.06833	0.34155	0.16439	0.26634
V139	0.07155	0.0772	0.15475	0.0451	0.43417	0.21723
V140	0.33134	0.22839	0.12375	0.10549	0.07743	0.13359
V141	0.15993	0.23894	0.15508	0.24023	0.10909	0.09671
V142	0.11619	0.50286	0.08876	0.09914	0.08503	0.10803
V143	0.05865	0.08475	0.53838	0.09323	0.14443	0.08056
V144	0.15011	0.17563	0.09328	0.1305	0.07941	0.37108
V145	0.02272	0.03576	0.04171	0.72811	0.11279	0.05891
V146	0.08548	0.04781	0.08091	0.05243	0.634	0.09936
V147	0.29422	0.12003	0.17694	0.07488	0.06228	0.27165
V148	0.03195	0.17759	0.65324	0.02622	0.04209	0.06891
V149	0.12064	0.38146	0.07982	0.06467	0.07691	0.2765
V150	0.02256	0.03591	0.0274	0.72519	0.14337	0.04557
V151	0.13405	0.32738	0.08134	0.04956	0.09499	0.31268
V152	0.06687	0.21299	0.37555	0.06586	0.18192	0.09681
V153	0.01376	0.06446	0.54488	0.2378	0.08232	0.05678
V154	0.27467	0.21767	0.10199	0.04085	0.06848	0.29634
V155	0.06496	0.2894	0.10575	0.04922	0.40418	0.08647
V156	0.0432	0.36485	0.04654	0.05587	0.43475	0.0548
V157	0.11499	0.12742	0.09936	0.24388	0.0928	0.32156
V158	0.02558	0.08424	0.76222	0.02145	0.03556	0.07095
V159	0.10799	0.21684	0.30479	0.17315	0.10672	0.0905
V160	0.02712	0.03531	0.76841	0.02707	0.03369	0.10839
V161	0.05024	0.3765	0.04727	0.28679	0.18266	0.05654
V162	0.06197	0.40156	0.05035	0.14441	0.2671	0.07461
V163	0.01892	0.03521	0.82197	0.0192	0.03214	0.07256
V164	0.04284	0.29249	0.32514	0.12794	0.14624	0.06534
V165	0.04268	0.05069	0.04532	0.061	0.69323	0.10708
V166	0.07844	0.04738	0.03714	0.15185	0.46218	0.22301
V167	0.01841	0.03342	0.36673	0.42962	0.09798	0.05383
V168	0.38051	0.08267	0.09281	0.23313	0.07321	0.13767
V169	0.02673	0.04103	0.60556	0.19665	0.05945	0.07058
V170	0.258	0.0811	0.14323	0.27102	0.1397	0.10694
V171	0.14335	0.36548	0.09357	0.04525	0.08858	0.26377
V172	0.07305	0.09381	0.47138	0.17172	0.0642	0.12583
V173	0.03692	0.05241	0.69201	0.01948	0.05513	0.14405
V174	0.34694	0.14485	0.08599	0.056	0.24467	0.12154
V175	0.08701	0.4842	0.15969	0.06662	0.12856	0.07394
V176	0.00665	0.0336	0.81646	0.02863	0.05028	0.06438
V177	0.11533	0.10499	0.30156	0.05504	0.21877	0.20432
V178	0.02731	0.06296	0.03879	0.04934	0.76273	0.05887
V179	0.0473	0.03789	0.06702	0.51251	0.1925	0.14278
V180	0.17205	0.05688	0.205	0.34158	0.07247	0.15202
V181	0.29922	0.14859	0.13126	0.09461	0.1315	0.19482
V182	0.02821	0.10671	0.66357	0.0804	0.04328	0.07782
V183	0.02768	0.03642	0.03497	0.74213	0.11226	0.04653
V184	0.22637	0.33225	0.0817	0.07325	0.18122	0.10522
V185	0.1105	0.39637	0.08477	0.0572	0.19411	0.15706
V186	0.00937	0.03233	0.53467	0.30467	0.06786	0.05109
V187	0.18183	0.38504	0.07047	0.0678	0.20322	0.09164
V188	0.12713	0.43818	0.08577	0.06903	0.07917	0.20071
V189	0.04132	0.08737	0.16216	0.06304	0.52238	0.12374
V190	0.05583	0.16568	0.03772	0.06113	0.53889	0.14074
V191	0.10906	0.43654	0.0784	0.05504	0.09253	0.22843
V192	0.29942	0.22639	0.1523	0.06796	0.12234	0.13159
V193	0.16725	0.1443	0.0997	0.03936	0.07527	0.47413
V194	0.02196	0.04872	0.0319	0.13518	0.70468	0.05756
V195	0.01436	0.03271	0.62424	0.10771	0.16139	0.05958
V196	0.01884	0.03532	0.04633	0.7011	0.14916	0.04925
V197	0.12752	0.0454	0.0487	0.05538	0.64657	0.07643
V198	0.09442	0.31761	0.08026	0.15938	0.27104	0.07729
V199	0.04022	0.19928	0.108	0.12578	0.46846	0.05826
V200	0.06226	0.04396	0.49723	0.21325	0.06365	0.11965
V201	0.02929	0.03634	0.02962	0.72825	0.11216	0.06433
V202	0.08499	0.087	0.3798	0.06015	0.19149	0.19658
V203	0.32271	0.08976	0.08352	0.30657	0.07903	0.1184
V204	0.1624	0.08995	0.11477	0.16081	0.07884	0.39322
V205	0.01395	0.05055	0.79919	0.03692	0.03457	0.06482
V206	0.02372	0.07117	0.1188	0.60655	0.13372	0.04604
V207	0.22891	0.18975	0.10386	0.22748	0.10039	0.14961
V208	0.23226	0.11886	0.36963	0.0747	0.10283	0.10172
V209	0.18972	0.3786	0.08214	0.07612	0.08412	0.18931
V210	0.07646	0.05669	0.73358	0.02196	0.0348	0.0765
V211	0.2989	0.09028	0.15711	0.04773	0.20465	0.20133
V212	0.04079	0.23229	0.19849	0.32519	0.13842	0.06482
V213	0.04025	0.0879	0.23061	0.06452	0.52059	0.05613
V214	0.44345	0.09801	0.12035	0.09142	0.09675	0.15002
V215	0.10895	0.46432	0.07785	0.07666	0.08088	0.19134
V216	0.108	0.39331	0.28557	0.05217	0.08252	0.07844
V217	0.16249	0.05034	0.09298	0.10555	0.31338	0.27526
V218	0.06425	0.2677	0.04942	0.44135	0.12143	0.05585
V219	0.4508	0.08603	0.12188	0.04375	0.06994	0.2276
V220	0.07463	0.04801	0.04824	0.65962	0.10485	0.06466
V221	0.10117	0.51795	0.09759	0.11208	0.09295	0.07825
V222	0.07289	0.23631	0.06935	0.16027	0.38344	0.07775
V223	0.10035	0.26614	0.26623	0.04195	0.08415	0.24119
V224	0.01282	0.03278	0.34382	0.03788	0.52453	0.04818
V225	0.21091	0.06806	0.11115	0.03669	0.06487	0.50833
V226	0.16713	0.08718	0.21289	0.25503	0.17178	0.10599
V227	0.3526	0.07135	0.09155	0.21759	0.07997	0.18695
V228	0.10251	0.21868	0.40878	0.07984	0.08855	0.10164
V229	0.11189	0.04992	0.32975	0.23209	0.18513	0.09122
V230	0.05067	0.16422	0.6268	0.03402	0.04253	0.08176
V231	0.0476	0.05247	0.03695	0.68019	0.13224	0.05056
V232	0.25099	0.06817	0.07617	0.25929	0.08319	0.26218
V233	0.44925	0.09046	0.12253	0.09805	0.08031	0.1594
V234	0.26241	0.05988	0.05512	0.06204	0.4533	0.10725
V235	0.06443	0.03958	0.0528	0.65914	0.12136	0.0627
V236	0.06542	0.03767	0.17788	0.05368	0.50207	0.16328
V237	0.01432	0.03295	0.71801	0.1138	0.05877	0.06215
V238	0.35079	0.07162	0.12677	0.10861	0.09674	0.24547
V239	0.29454	0.08661	0.15821	0.14857	0.17571	0.13636
V240	0.03087	0.20705	0.02451	0.1408	0.54573	0.05103
V241	0.30637	0.18323	0.08549	0.18438	0.1152	0.12533
V242	0.20225	0.09323	0.10578	0.17332	0.14675	0.27865
V243	0.04945	0.32252	0.39576	0.07579	0.09152	0.06497
V244	0.11391	0.05859	0.04671	0.04259	0.53504	0.20316
V245	0.41646	0.08092	0.11229	0.04152	0.07825	0.27056
V246	0.02307	0.07103	0.20298	0.32744	0.31978	0.0557
V247	0.20885	0.117	0.0864	0.17898	0.08927	0.31949
V248	0.15408	0.07088	0.03946	0.21539	0.4202	0.09998
V249	0.15965	0.17285	0.35397	0.10222	0.05772	0.1536
V250	0.02568	0.05011	0.03545	0.72528	0.11312	0.05037
V251	0.06138	0.43003	0.16645	0.18206	0.0901	0.06998
V252	0.02025	0.04261	0.0614	0.6732	0.14838	0.05416
V253	0.08813	0.08582	0.0544	0.33799	0.19928	0.23439
V254	0.05754	0.2233	0.09524	0.18824	0.34778	0.08791
V255	0.2178	0.27131	0.12913	0.09581	0.12586	0.16009
V256	0.0736	0.59114	0.07838	0.06632	0.10855	0.08201
V257	0.06784	0.3249	0.06953	0.07154	0.37109	0.0951
V258	0.04467	0.20992	0.14821	0.44232	0.08986	0.06501
V259	0.05451	0.43379	0.30531	0.05835	0.0686	0.07944
V260	0.08754	0.06994	0.04191	0.06054	0.61351	0.12656
V261	0.28463	0.08009	0.1004	0.0725	0.25737	0.20501
V262	0.05746	0.04551	0.70014	0.03235	0.09863	0.06592
V263	0.03077	0.08158	0.55026	0.20459	0.06315	0.06964
V264	0.33291	0.08626	0.1668	0.06992	0.11973	0.22438
V265	0.03142	0.0356	0.01037	0.07141	0.80008	0.05111
V266	0.20492	0.08987	0.10903	0.03785	0.07331	0.48502
V267	0.13405	0.49956	0.07706	0.11332	0.09352	0.08249
V268	0.49184	0.08991	0.11221	0.05396	0.06288	0.1892
V269	0.03484	0.07244	0.12799	0.58868	0.12309	0.05296
V270	0.1805	0.386	0.0912	0.06697	0.17994	0.09539
V271	0.12166	0.14769	0.2657	0.04354	0.07378	0.34765
V272	0.03182	0.03561	0.01417	0.1125	0.71513	0.09077
V273	0.04644	0.03712	0.05828	0.11215	0.66498	0.08102
V274	0.14423	0.05957	0.20759	0.07246	0.06963	0.44653
V275	0.3733	0.21219	0.1058	0.06247	0.07533	0.17091
V276	0.13547	0.23844	0.13247	0.10389	0.10927	0.28045
V277	0.28781	0.08126	0.09167	0.04587	0.18937	0.30403
V278	0.09604	0.13076	0.11098	0.22821	0.35503	0.07898
V279	0.16374	0.09128	0.23314	0.07525	0.07539	0.3612
V280	0.08031	0.04144	0.04201	0.65384	0.11197	0.07043
V281	0.07506	0.58004	0.09976	0.08308	0.08784	0.07422
V282	0.02643	0.06287	0.01843	0.10073	0.73778	0.05377
V283	0.04412	0.34154	0.03918	0.06206	0.45158	0.06152
V284	0.05746	0.11429	0.28614	0.29845	0.11228	0.13137
V285	0.0257	0.05012	0.02898	0.72366	0.12123	0.05032
V286	0.36286	0.095	0.14917	0.19494	0.06886	0.12917
V287	0.02753	0.04223	0.04063	0.11299	0.70007	0.07655
V288	0.13538	0.24948	0.08515	0.0472	0.18007	0.30271
V289	0.01905	0.10526	0.62452	0.11508	0.07167	0.06442
V290	0.01861	0.03446	0.20889	0.57585	0.10157	0.06062
V291	0.03757	0.05851	0.0302	0.69761	0.119	0.05712
V292	0.1007	0.1084	0.05032	0.47559	0.19934	0.06564
V293	0.01705	0.06904	0.0377	0.05728	0.76663	0.0523
V294	0.28771	0.08661	0.06909	0.05938	0.32201	0.1752
V295	0.21545	0.06147	0.1118	0.02919	0.07194	0.51016
V296	0.06487	0.3069	0.11648	0.24791	0.13782	0.12603
V297	0.1757	0.10864	0.09567	0.03808	0.07483	0.50709
V298	0.06811	0.54205	0.17925	0.0611	0.08094	0.06855
V299	0.10443	0.10736	0.62627	0.0339	0.04925	0.07878
V300	0.39235	0.1588	0.12988	0.05148	0.06438	0.20311
V301	0.2684	0.34519	0.12726	0.06579	0.08098	0.11237
V302	0.04298	0.24183	0.09096	0.41895	0.14142	0.06385
V303	0.06537	0.49711	0.11087	0.06788	0.18689	0.07188
V304	0.02645	0.03485	0.02957	0.04996	0.80864	0.05053
V305	0.06399	0.04571	0.17974	0.36796	0.16333	0.17926
V306	0.27382	0.14158	0.09646	0.04472	0.06657	0.37685
V307	0.11241	0.05041	0.03582	0.06147	0.63093	0.10895
V308	0.01886	0.04265	0.0278	0.74401	0.12175	0.04493
V309	0.05324	0.40652	0.05971	0.31817	0.09669	0.06566
V310	0.10018	0.31916	0.2622	0.0458	0.07892	0.19375
V311	0.3206	0.0727	0.107	0.04288	0.0645	0.39231
V312	0.08868	0.04869	0.02717	0.31943	0.44002	0.07601
V313	0.23863	0.07121	0.09544	0.06981	0.0667	0.45822
V314	0.15567	0.05636	0.05227	0.55793	0.10421	0.07357
V315	0.12648	0.49947	0.08292	0.05729	0.13081	0.10304
V316	0.20814	0.06678	0.10275	0.09207	0.08323	0.44703
V317	0.06796	0.04033	0.04402	0.56365	0.13753	0.14651
V318	0.02249	0.04302	0.05561	0.70926	0.11058	0.05904
V319	0.21135	0.19135	0.25547	0.15262	0.07336	0.11584
V320	0.15976	0.19417	0.31207	0.127	0.06923	0.13777
V321	0.0599	0.46782	0.05963	0.24936	0.10175	0.06154
V322	0.04789	0.03679	0.09201	0.05746	0.637	0.12885
V323	0.04918	0.24483	0.0354	0.3253	0.28999	0.0553
V324	0.08006	0.06976	0.06909	0.20507	0.40752	0.16851
V325	0.10114	0.57301	0.09859	0.05991	0.08638	0.08097
V326	0.13166	0.52541	0.09248	0.05844	0.10468	0.08732
V327	0.0639	0.0387	0.76879	0.02062	0.0332	0.07478
V328	0.11966	0.19149	0.18509	0.15394	0.27378	0.07604
V329	0.01737	0.03303	0.47767	0.03176	0.37363	0.06655
V330	0.01375	0.03427	0.80191	0.0287	0.05083	0.07054
V331	0.37102	0.12616	0.13576	0.11059	0.0736	0.18288
V332	0.08957	0.09358	0.16051	0.04412	0.38314	0.22908
V333	0.02687	0.04857	0.39608	0.31124	0.14274	0.07449
V334	0.04146	0.33997	0.3553	0.13332	0.06696	0.06299
V335	0.09384	0.05746	0.64748	0.02955	0.0382	0.13346
V336	0.20317	0.44601	0.10515	0.05661	0.08514	0.10392
V337	0.06217	0.17206	0.07194	0.05706	0.58243	0.05434
V338	0.39068	0.0766	0.12122	0.05245	0.20406	0.15499
V339	0.08632	0.10985	0.34899	0.23559	0.08886	0.1304
V340	0.33113	0.25379	0.09242	0.08537	0.09431	0.14298
V341	0.15675	0.07838	0.08089	0.46971	0.13091	0.08336
V342	0.0673	0.04743	0.05177	0.53301	0.14437	0.15611
V343	0.16091	0.17316	0.17433	0.05512	0.0791	0.35738
V344	0.07239	0.45271	0.06233	0.07342	0.2166	0.12255
V345	0.01523	0.03404	0.01403	0.0593	0.8334	0.044
V346	0.10114	0.05	0.0452	0.36556	0.35437	0.08373
V347	0.26395	0.15538	0.08594	0.11289	0.27271	0.10913
V348	0.08791	0.14383	0.54919	0.04497	0.09623	0.07787
V349	0.39154	0.12856	0.12602	0.12022	0.09956	0.1341
V350	0.24803	0.09058	0.17443	0.22272	0.0699	0.19433
V351	0.20333	0.1123	0.12426	0.05494	0.08098	0.42419
V352	0.09045	0.27364	0.06156	0.04514	0.31229	0.21693
V353	0.03026	0.17747	0.66029	0.02631	0.04188	0.06378
V354	0.12101	0.08164	0.22791	0.03459	0.32274	0.21211
V355	0.01294	0.05884	0.80544	0.0288	0.03411	0.05987
V356	0.28424	0.15276	0.10244	0.22286	0.09954	0.13815
V357	0.18327	0.0576	0.36654	0.05019	0.24339	0.09902
V358	0.16749	0.05664	0.1398	0.05778	0.07229	0.506
V359	0.10132	0.1086	0.04579	0.50511	0.15982	0.07937
V360	0.2744	0.0606	0.06987	0.2023	0.2637	0.12913
V361	0.0727	0.60375	0.07959	0.07246	0.09654	0.07497
V362	0.05869	0.40932	0.07873	0.29249	0.10132	0.05944
V363	0.39525	0.12287	0.1341	0.04554	0.14461	0.15762
V364	0.13683	0.19024	0.08736	0.06621	0.16637	0.35298
V365	0.23234	0.33418	0.08517	0.16013	0.08119	0.107
V366	0.0811	0.22966	0.40039	0.08891	0.12261	0.07735
V367	0.03252	0.03562	0.03546	0.49082	0.33718	0.06841
V368	0.12202	0.15193	0.13078	0.0641	0.18984	0.34134
V369	0.03876	0.05722	0.01687	0.09886	0.69667	0.09163
V370	0.04267	0.09851	0.54787	0.14726	0.0678	0.09588
V371	0.07695	0.22663	0.05517	0.40735	0.09213	0.14178
V372	0.07726	0.48099	0.06406	0.07483	0.20219	0.10068
V373	0.4441	0.09425	0.10935	0.04399	0.06319	0.24511
V374	0.12367	0.05183	0.23482	0.42051	0.1013	0.06787
V375	0.2357	0.06293	0.21356	0.08609	0.28943	0.11229
V376	0.13774	0.08854	0.09595	0.1302	0.13661	0.41097
V377	0.04509	0.04331	0.34682	0.03643	0.45946	0.06889
V378	0.15433	0.10713	0.22795	0.02791	0.09123	0.39146
V379	0.29127	0.07555	0.19824	0.03248	0.05884	0.34361
V380	0.01633	0.06176	0.03719	0.0641	0.76842	0.05221
V381	0.20668	0.07641	0.29989	0.25619	0.07259	0.08824
V382	0.01997	0.0555	0.01915	0.20629	0.651	0.04809
V383	0.13084	0.076	0.35953	0.27165	0.0806	0.08138
V384	0.0375	0.05187	0.72221	0.03943	0.08162	0.06737
V385	0.19405	0.0666	0.11861	0.028	0.06466	0.52808
V386	0.33585	0.09372	0.28441	0.04629	0.10414	0.13558
V387	0.14674	0.05517	0.08623	0.5455	0.0942	0.07216
V388	0.42321	0.11098	0.21549	0.04292	0.06521	0.14218
V389	0.25005	0.12363	0.10277	0.03488	0.07334	0.41533
V390	0.05561	0.06756	0.042	0.58835	0.13162	0.11486
V391	0.04119	0.04408	0.0385	0.48427	0.31275	0.0792
V392	0.08	0.07274	0.42212	0.12037	0.05458	0.25019
V393	0.07301	0.15466	0.34001	0.0859	0.17599	0.17043
V394	0.02323	0.03543	0.05387	0.68152	0.15578	0.05017
V395	0.01106	0.08262	0.78287	0.02963	0.03552	0.05829
V396	0.28057	0.10648	0.07481	0.31255	0.12181	0.10378
V397	0.15399	0.18537	0.1112	0.04207	0.10632	0.40106
V398	0.07664	0.47509	0.07324	0.07552	0.22279	0.07672
V399	0.01833	0.03389	0.7511	0.06281	0.05412	0.07976
V400	0.11537	0.06865	0.06218	0.34522	0.09129	0.31728
V401	0.10042	0.05736	0.5616	0.0347	0.13988	0.10603
V402	0.05644	0.04652	0.03924	0.68378	0.10818	0.06585
V403	0.112	0.04527	0.06288	0.06627	0.37771	0.33586
V404	0.01048	0.04254	0.83378	0.02001	0.03233	0.06086
V405	0.20818	0.30186	0.13657	0.09116	0.16557	0.09666
V406	0.12658	0.0923	0.19693	0.11056	0.21713	0.25649
V407	0.06483	0.05483	0.63887	0.01957	0.04734	0.17456
V408	0.05196	0.11777	0.06329	0.56419	0.09781	0.10497
V409	0.48741	0.11256	0.11218	0.04782	0.06402	0.17601
V410	0.50016	0.09732	0.11168	0.04817	0.07875	0.16392
V411	0.13868	0.05666	0.0824	0.23547	0.07579	0.411
V412	0.31168	0.19857	0.12806	0.08372	0.16391	0.11407
V413	0.03105	0.12083	0.05663	0.61521	0.12561	0.05066
V414	0.07643	0.09074	0.04582	0.49065	0.23164	0.06472
V415	0.04511	0.04283	0.29645	0.34116	0.16557	0.10889
V416	0.05012	0.14519	0.03667	0.23962	0.4165	0.1119
V417	0.18222	0.05478	0.14128	0.12923	0.06712	0.42536
V418	0.02591	0.09466	0.34843	0.14328	0.30992	0.07778
V419	0.18193	0.07978	0.09802	0.02897	0.07398	0.53733
V420	0.18969	0.05929	0.09811	0.03606	0.07381	0.54304
V421	0.04013	0.07189	0.06509	0.1053	0.6515	0.06609
V422	0.13637	0.2544	0.0467	0.05964	0.42679	0.07611
V423	0.05375	0.15761	0.03564	0.58719	0.11014	0.05567
V424	0.42439	0.14749	0.11554	0.09875	0.06712	0.14671
V425	0.0212	0.1112	0.02704	0.05158	0.73577	0.05321
V426	0.14438	0.08414	0.22345	0.03356	0.06791	0.44657
V427	0.27354	0.15285	0.184	0.14699	0.09131	0.15131
V428	0.17108	0.05793	0.04828	0.54971	0.09563	0.07737
V429	0.02021	0.0487	0.10661	0.48711	0.27931	0.05808
V430	0.0469	0.09942	0.48844	0.19674	0.07294	0.09556
V431	0.00586	0.04146	0.81437	0.0453	0.03438	0.05863
V432	0.04526	0.34866	0.06546	0.37024	0.11162	0.05876
V433	0.02205	0.03587	0.06183	0.72397	0.11042	0.04587
V434	0.03585	0.2506	0.16903	0.40087	0.08901	0.05464
V435	0.04989	0.03729	0.03035	0.0443	0.67887	0.15931
V436	0.45014	0.15762	0.11391	0.06334	0.06628	0.14871
V437	0.1472	0.24712	0.27401	0.05488	0.15803	0.11876
V438	0.05886	0.30963	0.0451	0.10005	0.42231	0.06405
V439	0.01637	0.04078	0.09324	0.04769	0.75279	0.04912
V440	0.10414	0.08012	0.36569	0.0793	0.23627	0.13447
V441	0.07065	0.09398	0.41329	0.1545	0.07274	0.19484
V442	0.25468	0.15234	0.20615	0.09243	0.11218	0.18222
V443	0.02772	0.03553	0.07672	0.65758	0.13793	0.06452
V444	0.39332	0.09949	0.11959	0.06707	0.14596	0.17457
V445	0.50488	0.09771	0.12704	0.04759	0.06196	0.16081
V446	0.06203	0.42581	0.26466	0.06612	0.09261	0.08877
V447	0.13567	0.21383	0.06698	0.1907	0.1249	0.26792
V448	0.02354	0.05096	0.74407	0.02335	0.09762	0.06046
V449	0.32067	0.09065	0.09272	0.27013	0.07533	0.1505
V450	0.06527	0.04535	0.59038	0.02748	0.20244	0.06908
V451	0.07532	0.0688	0.14643	0.1629	0.48542	0.06114
V452	0.10045	0.05776	0.07943	0.37903	0.13319	0.25014
V453	0.20819	0.0531	0.45965	0.12777	0.05832	0.09297
V454	0.12805	0.09025	0.12974	0.47888	0.09568	0.0774
V455	0.10029	0.55154	0.10174	0.07651	0.0861	0.0838
V456	0.44906	0.08305	0.13067	0.0525	0.10167	0.18305
V457	0.15288	0.05963	0.07903	0.04061	0.25754	0.41031
V458	0.05232	0.03613	0.35731	0.04072	0.3938	0.11972
V459	0.02248	0.04901	0.51158	0.30392	0.06033	0.05268
V460	0.22531	0.10316	0.25533	0.14447	0.09473	0.177
V461	0.17308	0.08006	0.06193	0.38111	0.19962	0.10419
V462	0.01347	0.03417	0.78706	0.03606	0.04369	0.08556
V463	0.01266	0.05467	0.02197	0.0859	0.78172	0.04307
V464	0.0897	0.55752	0.08115	0.07743	0.12057	0.07363
V465	0.22883	0.1278	0.39537	0.03381	0.09205	0.12215
V466	0.06277	0.05353	0.04526	0.60226	0.16558	0.07059
V467	0.51062	0.09164	0.12083	0.04765	0.06234	0.16693
V468	0.20858	0.12941	0.12573	0.23789	0.20763	0.09077
V469	0.03647	0.13814	0.56165	0.10577	0.05797	0.09999
V470	0.33503	0.07631	0.10875	0.1053	0.24909	0.12553
V471	0.05622	0.20028	0.45199	0.08562	0.09497	0.11093
V472	0.07337	0.38447	0.05071	0.0803	0.32204	0.08911
V473	0.07728	0.61211	0.08676	0.0618	0.08921	0.07283
V474	0.05128	0.03605	0.33252	0.43861	0.08225	0.05929
V475	0.05769	0.15041	0.24141	0.1822	0.29486	0.07344
V476	0.28019	0.0796	0.08563	0.19931	0.11405	0.24123
V477	0.09306	0.43288	0.11127	0.12271	0.10262	0.13746
V478	0.02209	0.0428	0.74785	0.0362	0.04483	0.10623
V479	0.04977	0.14043	0.61829	0.0349	0.08545	0.07116
V480	0.03682	0.2097	0.0354	0.28583	0.38019	0.05205
V481	0.23701	0.1244	0.14597	0.10318	0.27295	0.1165
V482	0.33543	0.07341	0.11558	0.04411	0.06402	0.36745
V483	0.0694	0.5863	0.12261	0.06468	0.08639	0.07061
V484	0.44954	0.08353	0.15686	0.04472	0.10907	0.15628
V485	0.16745	0.14355	0.42599	0.09488	0.06048	0.10765
V486	0.13983	0.04556	0.58501	0.0562	0.04169	0.13172
V487	0.04347	0.28016	0.0386	0.06016	0.51813	0.05947
V488	0.1763	0.46618	0.09367	0.08847	0.08159	0.09379
V489	0.4282	0.09675	0.16149	0.05215	0.10973	0.15169
V490	0.18453	0.08768	0.08917	0.07599	0.09192	0.47071
V491	0.07342	0.23856	0.30024	0.04018	0.26499	0.0826
V492	0.12905	0.07101	0.23138	0.09992	0.13837	0.33027
V493	0.43088	0.17673	0.10492	0.07101	0.06742	0.14904
V494	0.11989	0.07142	0.33348	0.04636	0.0542	0.37465
V495	0.1565	0.40664	0.21061	0.06301	0.07901	0.08423
V496	0.14351	0.13869	0.26873	0.03568	0.24287	0.17053
V497	0.03583	0.17858	0.14833	0.07495	0.50849	0.05381
V498	0.06954	0.11524	0.30563	0.30021	0.12815	0.08122
V499	0.07214	0.47102	0.1781	0.10326	0.09309	0.08238
V500	0.26714	0.19369	0.12107	0.08959	0.19756	0.13094
V501	0.0918	0.56757	0.07916	0.07742	0.09444	0.08961
V502	0.02058	0.04182	0.02041	0.24941	0.615	0.05277
V503	0.09302	0.27352	0.07406	0.39546	0.101	0.06294
V504	0.08486	0.57132	0.11204	0.05927	0.09907	0.07345
V505	0.02353	0.03332	0.41584	0.34352	0.09944	0.08434
V506	0.23047	0.06583	0.105	0.15833	0.12822	0.31215
V507	0.1837	0.05819	0.09834	0.02813	0.08173	0.54991
V508	0.06881	0.41709	0.09079	0.11823	0.23535	0.06973
V509	0.03651	0.04383	0.03346	0.63483	0.20356	0.04782
V510	0.50088	0.08986	0.11129	0.04813	0.08606	0.16379
V511	0.1614	0.05967	0.07658	0.22181	0.08288	0.39766
V512	0.06913	0.20227	0.49544	0.0533	0.07415	0.10571
V513	0.02206	0.04832	0.19412	0.08715	0.59695	0.0514
V514	0.0857	0.53981	0.12396	0.05515	0.08281	0.11256
V515	0.0785	0.30826	0.05666	0.37733	0.0941	0.08516
V516	0.01477	0.07301	0.66728	0.03338	0.14633	0.06524
V517	0.01058	0.03261	0.33384	0.22256	0.34888	0.05154
V518	0.2051	0.31437	0.09992	0.13228	0.11547	0.13286
V519	0.12674	0.40427	0.08069	0.11551	0.0877	0.18508
V520	0.36804	0.13974	0.11396	0.13282	0.06842	0.17702
V521	0.06536	0.03899	0.02374	0.06345	0.73721	0.07124
V522	0.22641	0.18959	0.08343	0.06645	0.24601	0.18812
V523	0.23879	0.18514	0.12618	0.15897	0.08005	0.21088
V524	0.05489	0.03764	0.08053	0.17569	0.52186	0.12939
V525	0.2871	0.06843	0.13235	0.04842	0.06339	0.40031
V526	0.06356	0.5135	0.13718	0.06197	0.15755	0.06624
V527	0.21617	0.0627	0.4952	0.03752	0.08746	0.10096
V528	0.45918	0.08413	0.1904	0.05145	0.06562	0.14923
V529	0.06879	0.097	0.05453	0.59417	0.12278	0.06274
V530	0.08115	0.20657	0.29879	0.13343	0.12905	0.15102
V531	0.505	0.09805	0.11303	0.05531	0.06342	0.16519
V532	0.08251	0.04096	0.08773	0.52277	0.19972	0.0663
V533	0.09758	0.04113	0.25828	0.05528	0.31741	0.23033
V534	0.06481	0.04002	0.04505	0.49572	0.1764	0.178
V535	0.30244	0.09622	0.2397	0.15447	0.07095	0.13622
V536	0.02166	0.03291	0.62751	0.17971	0.04805	0.09015
V537	0.06468	0.44357	0.06547	0.24426	0.1008	0.08122
V538	0.1189	0.0459	0.07158	0.33787	0.08114	0.34461
V539	0.03039	0.03597	0.03887	0.6012	0.23357	0.06
V540	0.19698	0.05959	0.31357	0.05107	0.25346	0.12534
V541	0.04561	0.21879	0.04465	0.49821	0.12152	0.07121
V542	0.05293	0.41422	0.07085	0.24659	0.14986	0.06555
V543	0.01029	0.03236	0.53793	0.05383	0.30384	0.06176
V544	0.17115	0.07901	0.09667	0.05982	0.09075	0.5026
V545	0.05508	0.44936	0.10995	0.07341	0.24489	0.06732
V546	0.32366	0.11237	0.08439	0.25477	0.10031	0.12451
V547	0.05891	0.10326	0.03037	0.35875	0.34416	0.10456
V548	0.18349	0.07237	0.09875	0.02843	0.07389	0.54307
V549	0.09284	0.04011	0.5437	0.10658	0.0719	0.14487
V550	0.02093	0.04059	0.29684	0.03925	0.54901	0.05338
V551	0.13843	0.09551	0.11198	0.1315	0.15309	0.36948
V552	0.04289	0.06559	0.14669	0.27485	0.38414	0.08585
V553	0.45766	0.08445	0.12976	0.07613	0.09464	0.15735
V554	0.08184	0.5697	0.09638	0.0585	0.0922	0.10137
V555	0.24189	0.05969	0.09703	0.25211	0.07396	0.27531
V556	0.05542	0.04387	0.40255	0.34412	0.08332	0.07071
V557	0.0967	0.52313	0.14092	0.062	0.0876	0.08965
V558	0.25262	0.20058	0.09033	0.14391	0.07323	0.23932
V559	0.01265	0.03417	0.0098	0.17163	0.72442	0.04733
V560	0.40066	0.10065	0.10786	0.06008	0.14587	0.18489
V561	0.00595	0.05039	0.83146	0.02035	0.03235	0.05949
V562	0.29189	0.23238	0.12609	0.11102	0.07786	0.16075
V563	0.17624	0.057	0.09161	0.08914	0.06822	0.51779
V564	0.12908	0.10713	0.06502	0.0434	0.29664	0.35872
V565	0.18372	0.05842	0.1056	0.0277	0.07341	0.55116
V566	0.16056	0.12917	0.10442	0.07743	0.10022	0.4282
V567	0.21377	0.26208	0.07568	0.23111	0.10453	0.11283
V568	0.04406	0.03657	0.02515	0.07868	0.76596	0.04958
V569	0.41959	0.1119	0.10321	0.07407	0.07303	0.21821
V570	0.38333	0.17828	0.12305	0.09845	0.07536	0.14152
V571	0.02928	0.21254	0.57048	0.04547	0.08059	0.06164
V572	0.01993	0.04151	0.70725	0.04028	0.12808	0.06295
V573	0.12678	0.53341	0.08647	0.05888	0.10507	0.08939
V574	0.10818	0.04494	0.37001	0.06327	0.08603	0.32757
V575	0.07324	0.46256	0.12068	0.14834	0.09859	0.09659
V576	0.20312	0.13368	0.06219	0.04852	0.4633	0.08919
V577	0.21422	0.0921	0.05788	0.09786	0.41448	0.12346
V578	0.04989	0.03729	0.03035	0.0443	0.67887	0.15931
V579	0.03936	0.05803	0.16421	0.25254	0.43186	0.054
V580	0.09104	0.05642	0.10491	0.35225	0.29007	0.10531
V581	0.37403	0.1048	0.14942	0.11255	0.13129	0.12792
V582	0.37011	0.08129	0.09993	0.20987	0.07983	0.15897
V583	0.08578	0.07923	0.29434	0.02949	0.25408	0.25709
V584	0.08672	0.05599	0.04653	0.31743	0.30533	0.18798
V585	0.07497	0.35457	0.24249	0.1135	0.08585	0.12862
V586	0.12438	0.52224	0.1149	0.06359	0.08959	0.0853
V587	0.158	0.05436	0.28278	0.33564	0.07859	0.09063
V588	0.03232	0.04381	0.06305	0.6953	0.11778	0.04773
V589	0.08796	0.2447	0.27779	0.10189	0.07131	0.21635
V590	0.10895	0.07695	0.35824	0.08876	0.06354	0.30357
V591	0.41952	0.07946	0.12094	0.16561	0.0756	0.13886
V592	0.06191	0.2779	0.11619	0.35449	0.12854	0.06097
V593	0.02344	0.04301	0.03474	0.73991	0.11311	0.04579
V594	0.08983	0.04209	0.06453	0.5217	0.10092	0.18092
V595	0.07753	0.23446	0.08798	0.14342	0.2749	0.18171
V596	0.033	0.20092	0.03588	0.11353	0.56913	0.04755
V597	0.24375	0.0577	0.07114	0.05436	0.47904	0.09401
V598	0.47803	0.11822	0.11057	0.04796	0.07204	0.17318
V599	0.14011	0.05722	0.07165	0.16074	0.16433	0.40596
V600	0.26511	0.1453	0.08605	0.08468	0.13284	0.28602
V601	0.10337	0.15481	0.09813	0.32761	0.08251	0.23357
V602	0.04804	0.05132	0.1107	0.04869	0.58862	0.15264
V603	0.12231	0.31646	0.10536	0.09126	0.10346	0.26115
V604	0.04834	0.35359	0.04066	0.06229	0.4362	0.05891
V605	0.04769	0.05827	0.03535	0.04893	0.74215	0.06761
V606	0.29619	0.08953	0.27665	0.0898	0.05725	0.19058
V607	0.14282	0.08226	0.07356	0.04836	0.23327	0.41974
V608	0.10367	0.45372	0.07782	0.10979	0.1042	0.1508
V609	0.02824	0.04138	0.60375	0.21338	0.05219	0.06105
V610	0.05041	0.13819	0.42047	0.18014	0.10128	0.1095
V611	0.06949	0.5875	0.08733	0.08336	0.10249	0.06982
V612	0.03119	0.18204	0.03989	0.5958	0.104	0.04708
V613	0.33539	0.18275	0.10622	0.04262	0.06683	0.26618
V614	0.06735	0.13392	0.4673	0.03455	0.11601	0.18086
V615	0.02257	0.07651	0.06016	0.05614	0.73096	0.05366
V616	0.23155	0.33491	0.08382	0.08481	0.09757	0.16734
V617	0.01774	0.04107	0.00861	0.05938	0.82493	0.04827
V618	0.13729	0.06169	0.5661	0.03307	0.06671	0.13515
V619	0.05681	0.46387	0.18591	0.07731	0.14164	0.07446
V620	0.14002	0.05801	0.29222	0.03834	0.05511	0.4163
V621	0.02579	0.03545	0.09066	0.65105	0.13696	0.06008
V622	0.28177	0.17898	0.08465	0.04888	0.29102	0.11469
V623	0.13164	0.50547	0.08729	0.05613	0.09554	0.12393
V624	0.06136	0.44246	0.05856	0.27056	0.09468	0.07238
V625	0.05907	0.13552	0.20293	0.41081	0.10549	0.08618
V626	0.05588	0.06736	0.04338	0.19724	0.46956	0.16659
V627	0.33417	0.06863	0.07727	0.31618	0.07824	0.1255
V628	0.10621	0.08944	0.30599	0.10867	0.15211	0.23758
V629	0.0454	0.3532	0.04774	0.38802	0.10633	0.05931
V630	0.33955	0.07911	0.11461	0.08495	0.09697	0.28482
V631	0.14536	0.0501	0.12668	0.14473	0.11006	0.42307
V632	0.03522	0.05747	0.13542	0.30472	0.40105	0.06611
V633	0.02272	0.1769	0.66638	0.03417	0.04207	0.05776
V634	0.40261	0.08513	0.10392	0.20322	0.0707	0.13442
V635	0.02334	0.07203	0.24007	0.52443	0.08764	0.05249
V636	0.06989	0.45072	0.06011	0.1116	0.20558	0.1021
V637	0.15776	0.09838	0.0909	0.03203	0.15609	0.46484
V638	0.04425	0.11629	0.07663	0.47382	0.23059	0.05842
V639	0.17887	0.09617	0.11185	0.07262	0.39912	0.14138
V640	0.06371	0.14661	0.42619	0.04514	0.17087	0.14748
V641	0.01601	0.09411	0.44024	0.05739	0.33739	0.05486
V642	0.1682	0.08137	0.30617	0.17259	0.06162	0.21005
V643	0.44786	0.08989	0.10037	0.12036	0.08267	0.15885
V644	0.41568	0.08667	0.09852	0.12661	0.07494	0.19758
V645	0.38213	0.09077	0.11117	0.11703	0.06616	0.23273
V646	0.02021	0.04087	0.38954	0.03578	0.45828	0.05532
V647	0.15485	0.05766	0.09321	0.28854	0.10227	0.30346
V648	0.12591	0.28462	0.17909	0.09017	0.09199	0.22822
V649	0.09887	0.05059	0.06462	0.60167	0.11459	0.06966
V650	0.15147	0.18858	0.21231	0.05074	0.31663	0.08026
V651	0.12054	0.28744	0.12233	0.07233	0.2049	0.19245
V652	0.04354	0.03686	0.12935	0.60617	0.1247	0.05938
V653	0.10488	0.34927	0.09184	0.07265	0.16552	0.21584
V654	0.44597	0.09009	0.16502	0.05228	0.09152	0.15513
V655	0.17769	0.05206	0.08107	0.091	0.32034	0.27783
V656	0.07931	0.10228	0.53163	0.06939	0.14274	0.07465
V657	0.24342	0.06566	0.06329	0.13242	0.3025	0.19271
V658	0.02506	0.09309	0.17101	0.56859	0.09531	0.04695
V659	0.07597	0.5888	0.08495	0.06593	0.09477	0.08958
V660	0.44818	0.0938	0.10829	0.0593	0.06391	0.22653
V661	0.11987	0.04645	0.18702	0.14043	0.18602	0.32021
V662	0.40992	0.08535	0.10984	0.14209	0.07501	0.17779
V663	0.05303	0.15679	0.03558	0.08556	0.61345	0.05559
V664	0.09731	0.09054	0.62975	0.0253	0.06474	0.09236
V665	0.01694	0.03419	0.00798	0.05919	0.83334	0.04835
V666	0.2383	0.28419	0.08444	0.13932	0.10747	0.14627
V667	0.16736	0.05582	0.11761	0.06606	0.0815	0.51166
V668	0.43357	0.18406	0.11273	0.0569	0.06679	0.14596
V669	0.15485	0.13145	0.0702	0.25225	0.08631	0.30495
V670	0.0855	0.30101	0.0748	0.28869	0.10355	0.14646
V671	0.19652	0.05369	0.05858	0.51603	0.09211	0.08308
V672	0.07039	0.4258	0.05773	0.2845	0.09516	0.06642
V673	0.13188	0.1565	0.23943	0.03584	0.0599	0.37646
V674	0.41952	0.07973	0.09524	0.04719	0.22035	0.13798
V675	0.17236	0.15186	0.10364	0.03332	0.08974	0.44908
V676	0.03054	0.03601	0.1056	0.66735	0.11263	0.04787
V677	0.15143	0.32177	0.19949	0.04076	0.06623	0.22032
V678	0.12969	0.10437	0.08851	0.04832	0.42201	0.2071
V679	0.16056	0.12856	0.12409	0.05305	0.07396	0.45979
V680	0.02754	0.03386	0.32084	0.03665	0.49345	0.08766
V681	0.09528	0.51858	0.10178	0.06046	0.08272	0.14118
V682	0.09714	0.41882	0.0696	0.06366	0.16566	0.18511
V683	0.03627	0.0358	0.02203	0.04695	0.75376	0.10519
V684	0.10569	0.52238	0.07504	0.11792	0.09584	0.08313
V685	0.05088	0.45241	0.2589	0.04799	0.12291	0.0669
V686	0.18741	0.06072	0.4066	0.0346	0.06457	0.2461
V687	0.09485	0.22426	0.27236	0.11575	0.0648	0.22799
V688	0.26735	0.06222	0.07469	0.0498	0.33162	0.21432
V689	0.06432	0.05318	0.58248	0.1238	0.07302	0.10321
V690	0.06974	0.04618	0.0553	0.06548	0.60312	0.16018
V691	0.08693	0.37036	0.20747	0.10762	0.11075	0.11686
V692	0.31003	0.06463	0.07092	0.29327	0.14299	0.11816
V693	0.42058	0.1693	0.11776	0.06221	0.066	0.16415
V694	0.4172	0.16807	0.10916	0.08437	0.06736	0.15385
V695	0.43431	0.08252	0.09683	0.06125	0.14542	0.17967
V696	0.08516	0.37696	0.09014	0.09921	0.27216	0.07637
V697	0.05285	0.05311	0.66032	0.06504	0.07485	0.09383
V698	0.0741	0.60702	0.0801	0.06711	0.09636	0.07532
V699	0.14362	0.06217	0.49382	0.06016	0.11614	0.12409
V700	0.09928	0.04947	0.02323	0.05683	0.69719	0.07399
V701	0.46993	0.08862	0.11761	0.04456	0.06273	0.21655
V702	0.15247	0.06641	0.12904	0.15944	0.07788	0.41476
V703	0.14726	0.3873	0.07667	0.05415	0.24707	0.08756
V704	0.24033	0.26604	0.23395	0.0426	0.07847	0.13861
V705	0.043	0.11838	0.24442	0.17562	0.35312	0.06546
V706	0.10997	0.11583	0.31119	0.02877	0.15683	0.27741
V707	0.33675	0.08967	0.10155	0.03793	0.07295	0.36115
V708	0.04122	0.32935	0.44845	0.05225	0.06447	0.06426
V709	0.02166	0.03583	0.02556	0.67482	0.1968	0.04533
V710	0.25183	0.10489	0.15914	0.08678	0.24782	0.14955
V711	0.05339	0.20559	0.3703	0.18585	0.07181	0.11306
V712	0.03488	0.23417	0.03958	0.05933	0.57581	0.05622
V713	0.18986	0.40308	0.10552	0.07984	0.0984	0.12329
V714	0.04913	0.3913	0.37705	0.04854	0.07086	0.06313
V715	0.02652	0.05207	0.79446	0.01997	0.034	0.07298
V716	0.1141	0.06666	0.05773	0.27125	0.24492	0.24533
V717	0.03504	0.04285	0.03325	0.04845	0.76656	0.07385
V718	0.0387	0.31671	0.04057	0.05497	0.49711	0.05195
V719	0.07581	0.56285	0.09834	0.06402	0.11276	0.08621
V720	0.17108	0.04858	0.24329	0.28781	0.10113	0.14812
V721	0.10044	0.24518	0.23448	0.03594	0.14345	0.24051
V722	0.01502	0.03407	0.02075	0.05175	0.83428	0.04414
V723	0.06744	0.48168	0.09834	0.0679	0.20067	0.08397
V724	0.0723	0.26879	0.33915	0.12126	0.13627	0.06224
V725	0.05355	0.08094	0.08048	0.1468	0.52407	0.11415
V726	0.0285	0.04959	0.46016	0.05482	0.31511	0.09181
V727	0.14869	0.05066	0.15878	0.14422	0.07481	0.42285
V728	0.03223	0.04422	0.03068	0.70753	0.11133	0.074
V729	0.15164	0.38364	0.0847	0.07988	0.20361	0.09654
V730	0.11586	0.0449	0.12891	0.35193	0.08696	0.27144
V731	0.12372	0.083	0.39696	0.03053	0.21486	0.15093
V732	0.09165	0.33604	0.07248	0.08422	0.28117	0.13445
V733	0.14856	0.04702	0.27193	0.18936	0.11359	0.22954
V734	0.15553	0.05278	0.2715	0.02399	0.07131	0.42489
V735	0.04199	0.10127	0.04683	0.61295	0.10863	0.08833
V736	0.10107	0.40516	0.11729	0.07976	0.09038	0.20635
V737	0.01024	0.03376	0.01339	0.05929	0.84016	0.04317
V738	0.21603	0.09309	0.12578	0.32953	0.09458	0.14099
V739	0.12385	0.26903	0.18414	0.07358	0.2431	0.10631
V740	0.04588	0.22929	0.33349	0.0761	0.24231	0.07293
V741	0.25048	0.17093	0.18818	0.11052	0.18051	0.09938
V742	0.18933	0.05936	0.07866	0.36925	0.19008	0.11332
V743	0.03392	0.11744	0.23798	0.29689	0.2506	0.06317
V744	0.24924	0.13598	0.09796	0.15723	0.07157	0.28804
V745	0.06569	0.39896	0.05493	0.08771	0.32817	0.06453
V746	0.4548	0.09998	0.11164	0.06849	0.08007	0.18503
V747	0.13225	0.05258	0.12516	0.0739	0.533	0.0831
V748	0.12398	0.08702	0.24628	0.0528	0.16131	0.3286
V749	0.27553	0.07194	0.08343	0.16134	0.16246	0.2453
V750	0.0284	0.09953	0.02995	0.67766	0.11809	0.04636
V751	0.02723	0.04331	0.05484	0.6866	0.14125	0.04676
V752	0.13611	0.05314	0.0591	0.10563	0.56299	0.08303
V753	0.12334	0.04558	0.07994	0.11238	0.35576	0.28301
V754	0.08835	0.35229	0.15604	0.09913	0.11907	0.18512
V755	0.21268	0.08467	0.06574	0.06689	0.42204	0.14797
V756	0.17068	0.06391	0.09727	0.03706	0.11408	0.51701
V757	0.11834	0.35597	0.07934	0.06553	0.1275	0.25332
V758	0.19646	0.47242	0.08663	0.06423	0.08108	0.09918
V759	0.09847	0.05616	0.07204	0.15505	0.50289	0.11539
V760	0.18017	0.05772	0.10323	0.05033	0.06684	0.54171
V761	0.00868	0.03983	0.31794	0.05432	0.53225	0.04699
V762	0.05722	0.0372	0.67615	0.05499	0.06384	0.1106
V763	0.03817	0.14977	0.05253	0.56229	0.13158	0.06567
V764	0.14038	0.05299	0.12106	0.1982	0.28252	0.20484
