Neutrophils	Monocytes_CD14.CD16.	Macrophage	T_cells_.CD4..	NK_cells
V1	0.38545	0.10199	0.24659	0.13126	0.1347
V2	0.0884	0.77185	0.03397	0.04323	0.06255
V3	0.08762	0	0.43664	0.4232	0.05254
V4	0.0185	0	0.24313	0.09531	0.64306
V5	0.01865	0	0.05398	0.15264	0.77473
V6	0.38992	0	0.26793	0.22442	0.11773
V7	0.02452	0	0.44342	0.09938	0.43269
V8	0.02081	0	0.88746	0.05755	0.03418
V9	0.07519	0	0.24845	0.61893	0.05743
V10	0.52447	0	0.45069	0	0.02484
V11	0.04803	0	0.10478	0.11441	0.73278
V12	0.10123	0	0.21629	0.33005	0.35243
V13	0.16078	0.02585	0.03213	0.44175	0.33949
V14	0.18208	0	0.05953	0.63605	0.12233
V15	0.04566	0.00626	0	0.85417	0.09391
V16	0.61608	0.05514	0	0.29637	0.0324
V17	0.09101	0.24416	0.00773	0.09173	0.56537
V18	0.12183	0.40561	0.24125	0.19176	0.03954
V19	0.036	0	0	0.16655	0.79746
V20	0.00611	0	0.72863	0.21779	0.04747
V21	0.04495	0.24969	0.12727	0.18488	0.3932
V22	0.86453	0.05833	0.05258	0	0.02457
V23	0.09696	0	0.01739	0.18334	0.70231
V24	0.5136	0.10605	0.0081	0.05202	0.32023
V25	0.04323	0.00775	0.0118	0.45793	0.4793
V26	0.53074	0.18901	0.04803	0.03698	0.19524
V27	0.1607	0.49431	0.16895	0.00537	0.17068
V28	0.05617	0.04888	0.19724	0.61618	0.08154
V29	0.01536	0	0.31877	0.59845	0.06742
V30	0.79178	0.08657	0.01422	0.0099	0.09753
V31	0.46919	0.13042	0	0.22571	0.17469
V32	0.95127	0	0	0	0.04873
V33	0.04252	0.19174	0.00966	0.15558	0.6005
V34	0.14848	0.82158	0	0	0.02994
V35	0.12962	0.59942	0.23365	0.01089	0.02643
V36	0.04957	0.15781	0.17031	0.12201	0.5003
V37	0.78804	0	0	0.00736	0.2046
V38	0.15339	0	0.4828	0.20451	0.1593
V39	0.38874	0	0.33574	0.01352	0.26201
V40	0.25997	0.60218	0	0.08436	0.05349
V41	0.08237	0.83002	0	0	0.08761
V42	0.91611	0.01341	0.00851	0	0.06197
V43	0.54912	0.08903	0.33843	0.0012	0.02222
V44	0.06319	0.25813	0.55964	0	0.11904
V45	0.07206	0.66192	0.07724	0.12306	0.06572
V46	0.14838	0.74758	0.04854	0.01504	0.04046
V47	0.00627	0	0.95638	0	0.03734
V48	0.20618	0.10312	0.2154	0.33003	0.14527
V49	0.52468	0.11769	0.21273	0.11731	0.02759
V50	0.03761	0	0.93534	0	0.02706
V51	0.13844	0.25233	0.19244	0.07814	0.33864
V52	0.08423	0.88188	0	0	0.03389
V53	0.05422	0.15938	0.00139	0.71339	0.07162
V54	0.24122	0	0	0.55423	0.20455
V55	0.09285	0	0	0.82708	0.08007
V56	0.08742	0	0	0.7502	0.16238
V57	0.19933	0.08499	0.57241	0.01632	0.12694
V58	0.08079	0	0.12816	0.24614	0.54491
V59	0.90874	0	0.07536	0	0.0159
V60	0.47917	0.18533	0.11044	0.11253	0.11254
V61	0.22345	0	0.01786	0.25914	0.49956
V62	0.07951	0	0.30688	0.16795	0.44566
V63	0.44886	0.24638	0.04889	0.03465	0.22123
V64	0.97323	0	0.00899	0	0.01778
V65	0.11477	0.06061	0.03261	0.6191	0.1729
V66	0.04481	0	0.12273	0.75606	0.0764
V67	0.01674	0	0.34719	0.13211	0.50396
V68	0.51713	0	0.38109	0.01875	0.08303
V69	0.65999	0.08679	0.18687	0.00144	0.06491
V70	0.09546	0.69852	0.02583	0.13323	0.04696
V71	0.12912	0.76481	0.02476	0.04476	0.03655
V72	0.0671	0.40406	0.0151	0.061	0.45274
V73	0.07655	0	0.09168	0.59195	0.23981
V74	0.03643	0.04541	0.00397	0.77613	0.13805
V75	0.53125	0.15103	0.29315	0	0.02457
V76	0.0278	0	0.01079	0.8313	0.13012
V77	0.02868	0	0.91721	0.02115	0.03296
V78	0.01028	0	0.95035	0	0.03937
V79	0.1123	0.39944	0.02913	0.15321	0.30592
V80	0.15676	0.7107	0	0.0403	0.09224
V81	0.01807	0	0.95324	0	0.02869
V82	0.27326	0.14488	0.01895	0.50796	0.05495
V83	0.12664	0.0599	0.01537	0.55469	0.2434
V84	0.12092	0.15548	0	0.10247	0.62114
V85	0.0068	0	0.96054	0	0.03266
V86	0.05411	0.22929	0.29445	0.3702	0.05195
V87	0.4993	0	0.02947	0.41923	0.052
V88	0.35641	0.14521	0.04262	0.20264	0.25312
V89	0.07356	0.05084	0.82562	0.01944	0.03053
V90	0.0404	0.16959	0.05433	0.15205	0.58363
V91	0.02628	0	0.07159	0.82289	0.07924
V92	0.28176	0.0111	0.02311	0.09761	0.58641
V93	0.03461	0.05935	0.1596	0.53135	0.21509
V94	0.06291	0.15762	0.01687	0.28085	0.48175
V95	0.0897	0.22316	0.0157	0.14644	0.525
V96	0.8446	0	0.0098	0.01483	0.13078
V97	0.19652	0.00073	0.04233	0.16701	0.59342
V98	0.08608	0.36558	0.17024	0.13262	0.24548
V99	0.5549	0.1131	0	0.20765	0.12436
V100	0.58913	0.14318	0.03929	0.04932	0.17907
V101	0.09304	0.8744	0	0	0.03256
V102	0.35983	0.22524	0.12377	0.10539	0.18576
V103	0.14109	0	0	0.11511	0.7438
V104	0.07815	0.41024	0.07492	0.0547	0.38198
V105	0.02324	0	0.03807	0.16282	0.77587
V106	0.08563	0.73672	0.12556	0	0.05209
V107	0.08106	0.1764	0.67932	0.02797	0.03526
V108	0.043	0.12924	0.80233	0	0.02542
V109	0.08871	0.20315	0.04991	0.30268	0.35556
V110	0.21711	0.4894	0.1643	0.0902	0.03899
V111	0.33703	0.1884	0.4604	0	0.01416
V112	0.20326	0	0.09265	0.48477	0.21932
V113	0.2708	0	0.09406	0.18871	0.44643
V114	0.6266	0.05197	0.03875	0.1628	0.11987
V115	0.89898	0	0	0	0.10102
V116	0.02105	0	0	0.13842	0.84053
V117	0.06542	0	0.81697	0.06618	0.05143
V118	0.06055	0	0	0.84107	0.09837
V119	0.37705	0	0.37883	0.21668	0.02743
V120	0.01529	0	0.82262	0.09853	0.06356
V121	0.22534	0.69878	0	0	0.07588
V122	0.06592	0.38288	0.07474	0.24058	0.23587
V123	0.55032	0.01236	0.06672	0.19095	0.17964
V124	0.25434	0.08901	0.05581	0.24962	0.35122
V125	0.07373	0.42085	0.47491	0	0.03051
V126	0.19654	0.16126	0.21491	0.13246	0.29482
V127	0.31606	0	0.6313	0.02639	0.02626
V128	0.23282	0.73195	0	0	0.03522
V129	0.31833	0	0.26715	0.18471	0.22981
V130	0.06357	0.50225	0.0295	0.22251	0.18217
V131	0.03232	0	0.22003	0.68283	0.06482
V132	0.39111	0	0	0.35069	0.2582
V133	0.02583	0.00529	0.57941	0.10704	0.28243
V134	0.09307	0	0.79359	0.0125	0.10084
V135	0.04972	0.04907	0.75234	0.02026	0.12861
V136	0.98004	0	0	0	0.01996
V137	0.94253	0.00678	0	0.00843	0.04226
V138	0.29466	0.12256	0.07241	0.16017	0.35021
V139	0.14151	0	0.14207	0.65236	0.06407
V140	0.03389	0	0.15379	0.10705	0.70526
V141	0.04675	0.17886	0.65357	0.08198	0.03884
V142	0.24318	0	0.32011	0.14776	0.28895
V143	0.04623	0.16186	0.48814	0.14611	0.15765
V144	0.55342	0.20002	0.05475	0.10412	0.08769
V145	0.01017	0	0.94047	0	0.04936
V146	0.06443	0.34006	0	0.32252	0.27299
V147	0.13267	0.01343	0.70289	0.09354	0.05747
V148	0.18792	0.75503	0	0.01572	0.04133
V149	0.0291	0	0	0.84475	0.12615
V150	0.1859	0.15172	0.5819	0	0.08048
V151	0.47421	0	0	0.39396	0.13183
V152	0.0305	0	0.10213	0.73739	0.12998
V153	0.21699	0.14768	0.45716	0.04369	0.13449
V154	0.15464	0.58979	0.01046	0.03823	0.20687
V155	0.05557	0	0.12182	0.74746	0.07515
V156	0.12864	0	0.40566	0.17406	0.29163
V157	0.12407	0.01071	0.17034	0.31586	0.37901
V158	0.22683	0	0.44128	0.0587	0.27319
V159	0.14651	0.21001	0.00501	0.55605	0.08242
V160	0.51326	0.13918	0.08376	0.04822	0.21559
V161	0.25286	0	0.05634	0.08375	0.60705
V162	0.01112	0	0.9585	0	0.03037
V163	0.06573	0	0.00493	0.15156	0.77779
V164	0.95311	0.02976	0.00303	0	0.01411
V165	0.65548	0.19092	0.06919	0.03101	0.05341
V166	0.07039	0	0.22625	0.57997	0.12339
V167	0.07155	0.64013	0.00464	0.12653	0.15715
V168	0.01112	0	0.9585	0	0.03037
V169	0.09258	0.66926	0.13532	0.06079	0.04205
V170	0.28661	0.3743	0.04098	0.17794	0.12017
V171	0.36818	0.04315	0.35775	0.16338	0.06754
V172	0.22129	0.21172	0.06435	0.06813	0.43451
V173	0.25343	0.07963	0.08285	0.40316	0.18093
V174	0.24302	0	0.34204	0.20944	0.2055
V175	0.10655	0.12365	0.11758	0.22279	0.42942
V176	0.4038	0	0	0.54595	0.05025
V177	0.23779	0	0.5695	0.15832	0.03438
V178	0.33713	0	0.46154	0.10518	0.09616
V179	0.1162	0	0	0.11968	0.76412
V180	0.03864	0	0.35723	0.07096	0.53316
V181	0.09302	0.27053	0	0.11828	0.51817
V182	0.60121	0.20761	0	0.13547	0.05571
V183	0.10191	0.86176	0	0	0.03634
V184	0.36175	0	0.2801	0.30555	0.0526
V185	0.13903	0.47969	0.01093	0.14992	0.22044
V186	0.1697	0.16775	0.02159	0.28126	0.3597
V187	0.11421	0.66349	0	0.17872	0.04358
V188	0.88907	0.0028	0.02261	0.06178	0.02374
V189	0.49819	0.22302	0.02238	0.22097	0.03543
V190	0.48195	0.03028	0.2127	0.02794	0.24714
V191	0.2535	0.2068	0	0.40266	0.13703
V192	0.37172	0.16986	0.11466	0.20544	0.13832
V193	0.10635	0.17045	0.52661	0.0412	0.1554
V194	0.31345	0.02079	0.08374	0.14871	0.43332
V195	0.62806	0.13647	0.21889	0	0.01658
V196	0.01477	0	0.05153	0.15365	0.78005
V197	0.10182	0.84068	0	0.01789	0.03961
V198	0.27173	0.2115	0.02661	0.2186	0.27156
V199	0.80548	0	0.19108	0	0.00344
V200	0.8108	0	0.01175	0.01914	0.15831
V201	0.05399	0	0.01168	0.70934	0.225
V202	0.94373	0.03483	0	0	0.02144
V203	0.5775	0.23506	0.01434	0.04733	0.12577
V204	0.3929	0.05507	0.02774	0.05507	0.46922
V205	0.14711	0	0.12	0.14724	0.58566
V206	0.07165	0.08342	0	0.74287	0.10206
V207	0.04566	0.00626	0	0.85417	0.09391
V208	0.20408	0.18256	0.47377	0.03746	0.10212
V209	0.1919	0	0.09513	0.11066	0.6023
V210	0.00606	0	0.95428	0	0.03966
V211	0.1915	0	0.20482	0.09036	0.51333
V212	0.09772	0.74101	0.05804	0.02961	0.07362
V213	0.1178	0	0.05045	0.31648	0.51527
V214	0.06023	0.52757	0.36413	0.00032	0.04776
V215	0.29881	0.20335	0.12736	0.09747	0.27301
V216	0.08345	0	0.34344	0.09627	0.47684
V217	0.02344	0	0.01652	0.80925	0.15079
V218	0.10914	0.16173	0.27929	0.33403	0.1158
V219	0.17168	0.24221	0.3724	0.17672	0.03699
V220	0.22518	0.70603	0.0395	0	0.02928
V221	0.07397	0.01558	0.52316	0.04218	0.34511
V222	0.03191	0	0	0.14354	0.82455
V223	0.58029	0	0.29178	0.09746	0.03047
V224	0.07616	0.54865	0.01295	0.09984	0.2624
V225	0.74709	0.13325	0.1079	0	0.01176
V226	0.48301	0.4943	0	0	0.02269
V227	0.12593	0.2512	0	0.54043	0.08244
V228	0.64955	0	0.25274	0.05077	0.04694
V229	0.3175	0.37013	0.23988	0.02603	0.04646
V230	0.0277	0	0	0.14386	0.82843
V231	0.10047	0.59857	0.04369	0.15612	0.10115
V232	0.83705	0	0.15746	0	0.00548
V233	0.08167	0	0.14951	0.1707	0.59813
V234	0.05228	0.3614	0.19848	0.32447	0.06338
V235	0.97894	0	0	0	0.02106
V236	0.10314	0	0.63748	0.18314	0.07623
V237	0.16499	0.04404	0.26288	0.32763	0.20046
V238	0.02195	0	0	0.35764	0.62042
V239	0.10135	0.40099	0.03775	0.19076	0.26915
V240	0.10125	0.81455	0	0.00918	0.07502
V241	0.08393	0.8784	0	0	0.03768
V242	0.0693	0.30055	0.28214	0.25964	0.08836
V243	0.53521	0	0.3086	0.02086	0.13533
V244	0.0651	0.39726	0.17969	0.09948	0.25847
V245	0.08317	0.86049	0.01288	0.00985	0.03361
V246	0.6498	0.24619	0.01368	0	0.09033
V247	0.24547	0.0481	0.62123	0.03499	0.05021
V248	0.1329	0.6	0.01139	0.02713	0.22858
V249	0.30643	0.03126	0.20344	0.12811	0.33076
V250	0.03976	0	0.6703	0.04921	0.24072
V251	0.25318	0	0.08148	0.57085	0.09448
V252	0.05271	0.07724	0.5626	0.15534	0.1521
V253	0.33346	0.54368	0.0625	0.02508	0.03529
V254	0.54743	0.35799	0	0.05976	0.03482
V255	0.85227	0.054	0	0.00868	0.08505
V256	0.07764	0.74726	0.00411	0.01622	0.15477
V257	0.49257	0.27576	0.12505	0.02333	0.08329
V258	0.19887	0.31029	0.03501	0.40547	0.05037
V259	0.57814	0.24	0.15367	0	0.02819
V260	0.31166	0	0.10294	0.13325	0.45215
V261	0.03914	0	0.51032	0.29794	0.15261
V262	0.94364	0	0.03816	0	0.0182
V263	0.8363	0.05905	0.00013	0.0842	0.02031
V264	0.10165	0.84071	0	0.02409	0.03355
V265	0.86156	0.0586	0.0612	0	0.01863
V266	0.02475	0	0.07807	0.13826	0.75892
V267	0.06547	0	0	0.24619	0.68833
V268	0.24073	0.41113	0.12103	0.15851	0.06861
V269	0.12704	0.30021	0.33996	0.17373	0.05905
V270	0.07052	0	0.02419	0.82725	0.07803
V271	0.25547	0.68488	0	0.00883	0.05081
V272	0.13933	0.78556	0.00974	0.00522	0.06016
V273	0.33167	0	0.16357	0.33044	0.17433
V274	0.12401	0.01349	0.03471	0.26918	0.55861
V275	0.08292	0.67855	0.12661	0.06909	0.04282
V276	0.02125	0	0.69607	0.22176	0.06092
V277	0.40612	0	0.55823	0	0.03565
V278	0.02926	0	0.34087	0.46662	0.16326
V279	0.17007	0	0.00237	0.71798	0.10958
V280	0.22712	0	0.02954	0.60616	0.13717
V281	0.05683	0.21149	0.03328	0.62911	0.06929
V282	0.09272	0.87038	0	0	0.0369
V283	0.40649	0	0.09933	0.06919	0.42498
V284	0.05329	0.08703	0.54884	0.02337	0.28748
V285	0.53666	0.42715	0	0.00817	0.02802
V286	0.10549	0	0.842	0.01788	0.03463
V287	0.29351	0.03347	0.16218	0.30124	0.20961
V288	0.23687	0	0.62435	0	0.13878
V289	0.19306	0.20983	0.0119	0.52722	0.05799
V290	0.46102	0.41747	0.10934	0	0.01217
V291	0.44605	0.18882	0	0.32275	0.04239
V292	0.15237	0	0.41447	0.07081	0.36235
V293	0.02796	0.06399	0.82698	0.03347	0.0476
V294	0.02095	0	9e-04	0.13782	0.84032
V295	0.03661	0	0.32362	0.51643	0.12334
V296	0.87468	0.08537	0	0	0.03995
V297	0.03057	0	0.78097	0.11774	0.07072
V298	0.32044	0	0	0.53462	0.14494
V299	0.29141	0	0	0.65074	0.05785
V300	0.98241	0	0	0	0.01759
V301	0.96907	0	0	0.00568	0.02524
V302	0.02327	0	0	0.46757	0.50916
V303	0.14582	0.14853	0.20812	0.20291	0.29463
V304	0.22636	0	0.73665	0	0.03699
V305	0.25177	0.30366	0.07906	0.11959	0.24593
V306	0.35134	0.61205	0	0	0.03662
V307	0.2707	0	0.25221	0.43619	0.0409
V308	0.27218	0	0.64555	0.05367	0.02861
V309	0.70367	0.03745	0.0383	0.10707	0.1135
V310	0.05161	0	0.00286	0.20231	0.74323
V311	0.03395	0	0.03312	0.84331	0.08963
V312	0.12385	0.2293	0.24488	0.03864	0.36334
V313	0.09466	0.28853	0.00537	0.32864	0.2828
V314	0.10511	0	0	0.43097	0.46392
V315	0.96403	0	0	0	0.03597
V316	0.1496	0.5319	0.22164	0.01967	0.07719
V317	0.44515	0.03376	0.49093	0	0.03015
V318	0.92074	0	0	0	0.07926
V319	0.14064	0.00298	0.83155	0	0.02483
V320	0.09975	0	0	0.81563	0.08462
V321	0.1758	0.31006	0.28512	0.17836	0.05065
V322	0.03848	0.2271	0.57057	0.04524	0.1186
V323	0.30281	0.1779	0.42116	0.00886	0.08927
V324	0.06712	0.02244	0.03658	0.79243	0.08143
V325	0.68229	0.0785	0.07096	0.09774	0.07051
V326	0.068	0	0.05092	0.22239	0.65869
V327	0.36977	0.46202	0.08839	0.00855	0.07128
V328	0.08131	0.27247	0.15068	0.43419	0.06134
V329	0.03002	0.01163	0.38959	0.5068	0.06196
V330	0.10326	0	0.83351	0	0.06323
V331	0.16737	0	0.08628	0.16459	0.58176
V332	0.53072	0.00094	0.43338	0	0.03496
V333	0.46417	0	0.29395	0.14735	0.09454
V334	0.07509	0.24973	0.54318	0.06798	0.06403
V335	0.77365	0.02634	0.07028	0.02445	0.10528
V336	0.19998	0.54095	0.22957	0	0.02949
V337	0.02087	0	0.00771	0.25471	0.71671
V338	0.77057	0	0.13484	0.00502	0.08957
V339	0.2478	0.50915	0.16014	0	0.0829
V340	0.06064	0.14633	0.11061	0.12526	0.55717
V341	0.05534	0.45894	0.41152	0	0.07421
V342	0.34848	0.10919	0.4335	0.0862	0.02263
V343	0.73339	0	0.25928	0	0.00733
V344	0.13763	0.72833	0.02485	0.01774	0.09145
V345	0.25719	0.02317	0	0.32385	0.39579
V346	0.06847	0.28857	0.30225	0.27364	0.06708
V347	0.11814	0.5058	0.01074	0.29112	0.07419
V348	0.04378	0.10231	0.4499	0.24678	0.15722
V349	0.0999	0.27041	0.5186	0.00704	0.10405
V350	0.14767	0.40394	0.07064	0.22704	0.1507
V351	0.21672	0	0.42844	0.3053	0.04954
V352	0.14519	0.50784	0.31967	0	0.02731
V353	0.29652	0.31748	0.02525	0.06753	0.29322
V354	0.61281	0	0.38199	0	0.0052
V355	0.11336	0	0.32577	0.50509	0.05577
V356	0.11721	0	0.82433	0.00382	0.05464
V357	0.06982	0	0.53326	0.0592	0.33771
V358	0.05583	0.01341	0.02914	0.81625	0.08537
V359	0.08322	0.09611	0.00123	0.74699	0.07245
V360	0.76004	0.01766	0.07826	0.12417	0.01986
V361	0.37775	0.45759	0.07071	0	0.09396
V362	0.85069	0	0.07565	0	0.07365
V363	0.05406	0.00591	0.00358	0.24108	0.69537
V364	0.07169	0.27726	0.0145	0.43535	0.2012
V365	0.02892	0	0.00343	0.85712	0.11053
V366	0.25486	0	0.59719	0.05235	0.0956
V367	0.27497	0.19638	0.19724	0.1681	0.1633
V368	0.79399	0.05628	0.10985	0	0.03988
V369	0.07819	0.62254	0.21	0.05911	0.03016
V370	0.0497	0.13725	0.11854	0.38803	0.30648
V371	0.0919	0.85132	0.02834	0	0.02845
V372	0.70624	0.03659	0.13188	0.08899	0.03631
V373	0.15451	0.6297	0.10803	0.07337	0.03439
V374	0.1356	0.00929	0.37915	0.43083	0.04514
V375	0.34663	0	0.58307	0.04994	0.02036
V376	0.01843	0	0.4136	0.07187	0.4961
V377	0.12622	0.48648	0.18805	0.16105	0.0382
V378	0.17353	0.53047	0.15679	0.00019	0.13902
V379	0.03917	0	0.10709	0.1705	0.68323
V380	0.0431	0.02505	0.1709	0.52027	0.24069
V381	0.18478	0.02387	0.00044	0.10372	0.68719
V382	0.44622	0	0	0.30431	0.24947
V383	0.05267	0	0.25968	0.62808	0.05956
V384	0.3388	0.01356	0.15819	0.40716	0.08229
V385	0.11686	0.07942	0.00101	0.10792	0.6948
V386	0.69422	0	0	0.27519	0.03059
V387	0.30632	0	0	0.617	0.07668
V388	0.0907	0.80536	0.0185	0.04671	0.03873
V389	0.15869	0.74603	0.00126	0.02163	0.07239
V390	0.20309	0	0	0.65609	0.14082
V391	0.74549	0.12911	0	0.05679	0.06861
V392	0.97177	0.0125	0	0	0.01573
V393	0.13186	0	0.14403	0.53825	0.18585
V394	0.75785	0	0.00889	0.14083	0.09242
V395	0.01791	0	0.36536	0.55241	0.06432
V396	0.59935	0	0.38934	0	0.01131
V397	0.71937	0.11623	0.02176	0.09213	0.05051
V398	0.08314	0	0.15506	0.63572	0.12608
V399	0.06599	0.00489	0	0.34195	0.58717
V400	0.2062	0.50801	0.1367	0.12055	0.02854
V401	0.36211	0	0.61098	0.00807	0.01884
V402	0.43022	0	0.43391	0.05433	0.08154
V403	0.1858	0.05267	0	0.20601	0.55552
V404	0.02829	0.00893	0.49216	0.3848	0.08582
V405	0.3932	0.24331	0.05729	0.20133	0.10487
V406	0.0364	0	0.92274	0	0.04087
V407	0.9274	0.01485	0.02378	0.0168	0.01717
V408	0.06625	0.3724	0	0.27037	0.29098
V409	0.13508	0	0.05254	0.66948	0.1429
V410	0.16696	0.10003	0.32629	0.0752	0.33152
V411	0.02087	0	0	0.1464	0.83273
V412	0.04773	0.12403	0.13184	0.10483	0.59156
V413	0.05685	0.24004	0.14478	0.36695	0.19139
V414	0.06993	0.06939	0	0.4962	0.36448
V415	0.18662	0	0	0.1059	0.70748
V416	0.14	0.06747	0.016	0.21907	0.55746
V417	0.0193	0	0.77186	0.12178	0.08706
V418	0.58048	0.37147	0.00642	0	0.04164
V419	0.28922	0	0.01127	0.18516	0.51435
V420	0.26352	0	0.09171	0.11134	0.53343
V421	0.01671	0	0.1292	0.14729	0.7068
V422	0.03941	0	0.04409	0.71462	0.20188
V423	0.34414	0.1594	0.27484	0.17497	0.04665
V424	0.0111	0	0.50421	0.05137	0.43333
V425	0.37746	0.35894	0	0.02458	0.23901
V426	0.27682	0.16659	0.01018	0.43788	0.10853
V427	0.243	0.60379	0.12949	0	0.02372
V428	0.13417	0.63284	0.05904	0.07917	0.09478
V429	0.15733	0.74684	0	0.04684	0.04899
V430	0.05064	0	0.41422	0.22136	0.31379
V431	0.15538	0.35373	0.18495	0.23049	0.07545
V432	0.35454	0.03536	0.11872	0.34233	0.14905
V433	0.23025	0	0.50875	0.21052	0.05047
V434	0.29284	0.25469	0.36241	0.00159	0.08847
V435	0.62001	0.00246	0.34869	0.00733	0.02151
V436	0.09901	0.58346	0.08715	0.05606	0.17432
V437	0.22853	0	0.02081	0.23453	0.51612
V438	0.17662	0.28782	0.18671	0.26435	0.0845
V439	0.65223	0	0.02854	0.2783	0.04092
V440	0.05716	0.32311	0.54823	0.00212	0.06938
V441	0.07073	0.51683	0.36464	0.01312	0.03469
V442	0.09299	0.87653	0	0	0.03047
V443	0.9617	0	0	0.01876	0.01954
V444	0.19266	0.42387	0.01759	0.30046	0.06543
V445	0.10129	0.40412	0.02839	0.40528	0.06092
V446	0.14708	0.00506	0.09649	0.57287	0.17849
V447	0.08975	0	0.00287	0.49815	0.40922
V448	0.19434	0	0.0088	0.11825	0.6786
V449	0.01112	0	0.9585	0	0.03037
V450	0.25671	0.05457	0.24819	0.15806	0.28248
V451	0.31923	0.18004	0.05102	0.32676	0.12296
V452	0.03317	0	0.15204	0.71059	0.1042
V453	0.03818	0	0	0.51109	0.45073
V454	0.01949	0	0.70125	0.03978	0.23948
V455	0.09867	0.20683	0.27971	0.07844	0.33634
V456	0.95512	0	0	0.00179	0.04308
V457	0.70668	0.18638	0.02129	0.03773	0.04792
V458	0.05864	0.33593	0.49958	0.04261	0.06325
V459	0.17334	0.03685	0.04885	0.50106	0.2399
V460	0.73733	0.00402	0.18587	0.03954	0.03323
V461	0.23655	0.28462	0.23492	0.02668	0.21723
V462	0.08064	0.06084	0.00857	0.53142	0.31853
V463	0.25234	0.03925	0.00539	0.63834	0.06469
V464	0.20761	0.13896	0.62671	0	0.02672
V465	0.0699	0.08091	0.01063	0.1298	0.70876
V466	0.03847	0	0	0.21205	0.74949
V467	0.09185	0.24428	0.01404	0.52299	0.12684
V468	0.59886	0.27618	0.09208	0	0.03288
V469	0.0514	0.3244	0.04935	0.29255	0.2823
V470	0.87538	0.03114	0.01509	0.05461	0.02378
V471	0.43509	0.2788	0.01476	0.13479	0.13656
V472	0.03006	0.00525	0.04273	0.12883	0.79313
V473	0.06439	0.19561	0.23888	0.31921	0.18192
V474	0.33735	0.11336	0.05155	0.42178	0.07597
V475	0.19948	0	0.59892	0.03154	0.17006
V476	0.19491	0.00525	0.09433	0.6001	0.10541
V477	0.08406	0.88472	0	0	0.03122
V478	0.20388	0	0	0.1031	0.69302
V479	0.87674	0.03075	0.02253	0.04679	0.02319
V480	0.17716	0.63492	0.04026	0.09323	0.05443
V481	0.28727	0.3545	0.04973	0.17357	0.13493
V482	0.15127	0.65026	0.16603	0	0.03245
V483	0.35012	0.50099	0	0.08448	0.06441
V484	0.2624	0.49323	0.09953	0.10565	0.03919
V485	0.71378	0.04782	0.10459	0.09709	0.03672
V486	0.10003	0.04098	0.30931	0.06137	0.4883
V487	0.17788	0.09018	0.40785	0.28136	0.04273
V488	0.45691	0.04218	0	0.33394	0.16698
V489	0.03641	0.18847	0.67174	0.05762	0.04576
V490	0.02056	0	0.74589	0.18858	0.04498
V491	0.07083	0.46281	0.03869	0.12549	0.30217
V492	0.06248	0.12678	0.02564	0.69611	0.08898
V493	0.0361	0	0	0.86828	0.09562
V494	0.35589	0	0.00281	0.52875	0.11255
V495	0.38301	0.19187	0.20042	0.15177	0.07293
V496	0.17193	0.00037	0.0534	0.09981	0.67449
V497	0.13446	0	0.14977	0.17692	0.53885
V498	0.11122	0.82921	0.0111	0	0.04847
V499	0.07518	0.20565	0.26043	0.10183	0.35691
V500	0.14992	0.47634	0.09536	0.19793	0.08045
V501	0.10668	0.31944	0.00616	0.07627	0.49145
V502	0.16837	0.76392	0.02522	0.01327	0.02922
V503	0.4989	0	0.19531	0.14273	0.16307
V504	0.52865	0.18241	0	0.02634	0.2626
V505	0.67144	0	0.00724	0.09646	0.22487
V506	0.06312	0.52206	0.05623	0.04368	0.31492
V507	0.87539	0	0.01224	0.07132	0.04105
V508	0.06804	0.61862	0.19383	0.03169	0.08781
V509	0.09174	0.45011	0.12725	0.18924	0.14166
V510	0.44684	0.47299	0.02955	0.02249	0.02813
V511	0.1008	0.28206	0.50677	0.02805	0.08232
V512	0.19377	0.44544	0.16036	0.04926	0.15117
V513	0.20796	0.65523	0.05595	0.03014	0.05072
V514	0.02123	0	0.22457	0.12825	0.62594
V515	0.10653	0.11264	0	0.71139	0.06944
V516	0.20194	0.34767	0.09616	0.30406	0.05016
V517	0.0446	0.01287	0.04739	0.81082	0.08431
V518	0.46759	0	0.3094	0.17236	0.05066
V519	0.82793	0.03599	0	0.10837	0.02771
V520	0.11107	0.81466	0.00343	0.03801	0.03283
V521	0.2379	0	0.1191	0.5856	0.05741
V522	0.08083	0.15891	0.56943	0.12369	0.06714
V523	0.19104	0.00204	0.75076	0.02427	0.03189
V524	0.38827	0	0.54755	0	0.06417
V525	0.04222	0.19157	0.02768	0.10681	0.63172
V526	0.06347	0	0.87077	0.00681	0.05895
V527	0.12141	0.45774	0.37722	0	0.04363
V528	0.17725	0	0.00846	0.74683	0.06747
V529	0.24993	0	0.72079	0	0.02928
V530	0.03605	0	0.87657	0.03344	0.05393
V531	0.21938	0.50669	0.07586	0.0222	0.17587
V532	0.0998	0.24172	0.29723	0.03229	0.32895
V533	0.30476	0	0	0.08496	0.61028
V534	0.15905	0.04866	0	0.70473	0.08756
V535	0.85131	0.09751	0.03752	0	0.01365
V536	0.16891	0.14817	0.38701	0.04889	0.24702
V537	0.04003	0	0.01336	0.13217	0.81444
V538	0.67457	0.08512	0	0.03769	0.20262
V539	0.04212	0.10963	0.66234	0.09412	0.09179
V540	0.2069	0.46134	0.0772	0.05836	0.1962
V541	0.06738	0.40525	0.01467	0.08227	0.43043
V542	0.07389	0.32653	0.102	0.40147	0.09612
V543	0.0988	0.06062	0.68905	0.04163	0.1099
V544	0.39701	0.16836	0.17207	0.07061	0.19195
V545	0.64853	0.33607	0	0	0.0154
V546	0.10758	0.75414	0.06627	0	0.072
V547	0.12845	0.74308	0	0.07748	0.05099
V548	0.03689	0.04721	0.00469	0.82202	0.08919
V549	0.02057	0	0.01631	0.26852	0.69461
V550	0.07999	0.80912	0.07558	0	0.03532
V551	0.03647	0	0	0.87275	0.09078
V552	0.25898	0	0.00974	0.12039	0.61089
V553	0.81685	0	0.00209	0.12329	0.05777
V554	0.14827	0.00584	0.49364	0.29998	0.05226
V555	0.08294	0.86788	0	0	0.04918
V556	0.1124	0.02978	0.05091	0.69911	0.10779
V557	0.35252	0.23116	0.02392	0.31594	0.07646
V558	0.0239	0	0.78347	0.13499	0.05763
V559	0.13914	0.39333	0.42056	0	0.04697
V560	0.66458	0.21192	0.11587	0	0.00763
V561	0.75705	0	0.1171	0.00306	0.12278
V562	0.16151	0.02028	0.15865	0.15791	0.50165
V563	0.26282	0.24107	0.19639	0.11602	0.1837
V564	0.39386	0	0.05104	0.34971	0.2054
V565	0.02028	0	0.0087	0.16802	0.80299
V566	0.34026	0.12312	0.01759	0.32408	0.19496
V567	0.02848	0	0.93785	0	0.03367
V568	0.06169	0.19545	0.42335	0.27951	0.03999
V569	0.68268	0.06913	0.0965	0.10126	0.05044
V570	0.16791	0	0.27735	0.44908	0.10566
V571	0.30048	0	0.22262	0.33477	0.14213
V572	0.87011	0	0	0.00137	0.12853
V573	0.11323	0.03233	0.34005	0.37748	0.13692
V574	0.56439	0.26764	0.06167	0.06803	0.03827
V575	0.41988	0	0.11466	0.08774	0.37772
V576	0.08271	0.83832	0	0.00282	0.07615
V577	0.44657	0.47309	0.02155	0.03016	0.02862
V578	0.05601	0.12529	0.52125	0.21609	0.08136
V579	0.05919	0.49631	0.30551	0.02106	0.11794
V580	0.25013	0.52369	0.00045	0.17444	0.05128
V581	0.08942	0.46274	0.35252	0.06033	0.035
V582	0.02355	0	0.94388	0	0.03257
V583	0.6672	0	0.31981	0	0.01299
V584	0.26405	0.48464	0.09159	0.02866	0.13105
V585	0.08759	0.74209	0.05009	0.04533	0.07491
V586	0.07617	0.75041	0.14336	0	0.03006
V587	0.09307	0.66869	0	0.03882	0.19942
V588	0.27208	0.36874	0.33906	0	0.02013
V589	0.13451	0.39643	0.03556	0.36973	0.06377
V590	0.08794	0.75019	0	0.01494	0.14693
V591	0.48822	0.46705	0.022	0	0.02273
V592	0.02569	0	0.7684	0.03544	0.17048
V593	0.44685	0	0	0.46787	0.08528
V594	0.02964	0.08684	0.66451	0.13933	0.07968
V595	0.57636	0.01397	0.05668	0.28969	0.0633
V596	0.51141	0.16134	0.19291	0.09472	0.03962
V597	0.05295	0.18059	0.00059	0.18778	0.5781
V598	0.62827	0	0	0.02989	0.34183
V599	0.11159	0.38992	0.08034	0.34849	0.06966
V600	0.31783	0	0.17385	0.37265	0.13567
V601	0.17484	0.07905	0	0.48482	0.26129
V602	0.84438	0.14098	0	0	0.01463
V603	0.16697	0.12219	0.02299	0.194	0.49385
V604	0.03517	0	0.71913	0.10433	0.14136
V605	0.05339	0.03372	0.1342	0.15773	0.62096
V606	0.86338	0	0	0.00228	0.13434
V607	0.20127	0.08757	0.01524	0.09486	0.60106
V608	0.80137	0	0.01912	0.07119	0.10832
V609	0.22262	0.29758	0.00168	0.37292	0.1052
V610	0.12296	0.63589	0	0.19711	0.04404
V611	0.32097	0	0.60877	0.0028	0.06746
V612	0.4435	0.00693	0.3109	0.02199	0.21668
V613	0.44149	0.50598	0.02239	0.00734	0.02279
V614	0.59504	0.0014	0.0086	0.09709	0.29788
V615	0.03566	0.07123	0.12882	0.57299	0.19129
V616	0.70521	0	0.13056	0.11502	0.04922
V617	0.27753	0.02843	0.46792	0.08856	0.13757
V618	0.77424	0.06591	0.05362	0.00254	0.1037
V619	0.61198	0.00663	0.1477	0.01463	0.21907
V620	0.07038	0	0.35324	0.51737	0.059
V621	0.18368	0.19547	0.29564	0.02516	0.30004
V622	0.04898	0.18232	0.3573	0.04845	0.36294
V623	0.09073	0	0	0.68837	0.2209
V624	0.92303	0	0	0.00523	0.07174
V625	0.03525	0.04212	0.09169	0.75221	0.07873
V626	0.10235	0	0.55585	0.28186	0.05994
V627	0.14313	0.13401	0.11691	0.09383	0.51212
V628	0.97465	0	0	0.00536	0.01999
V629	0.16472	0.19797	0.60637	5e-05	0.0309
V630	0.04091	0.16975	0.0192	0.11972	0.65043
V631	0.01366	0	0.28042	0.09684	0.60908
V632	0.0876	0.74269	0	0.03495	0.13477
V633	0.0763	0	0.08239	0.54494	0.29637
V634	0.4448	0.41346	0.12733	0	0.01441
V635	0.0674	0.07724	0.19304	0.09719	0.56512
V636	0.24618	0.13925	0.30661	0.18136	0.12661
V637	0.25236	0	0.40396	0.23723	0.10645
V638	0.11553	0.45882	0.01215	0.10831	0.3052
V639	0.55385	0.36942	0.05993	0	0.0168
V640	0.14624	0.16966	0.07617	0.26202	0.34592
V641	0.13665	0.69375	0.00948	0.10886	0.05127
V642	0.7763	0.00828	0	0.18925	0.02616
V643	0.09126	0.818	0.05115	0.0081	0.0315
V644	0.08075	0.42334	0.01267	0.40726	0.07598
V645	0.19722	0.7145	0.001	0.05746	0.02982
V646	0.174	0.51609	0.0173	0.20457	0.08804
V647	0.94792	0	0	0.03254	0.01954
V648	0.4872	0.08488	0	0.26692	0.16099
V649	0.31666	0.06531	0.07312	0.1495	0.39541
V650	0.04393	0	0.04918	0.8281	0.07878
V651	0.17868	0.1922	0	0.57304	0.05608
V652	0.39601	0	0.02082	0.52297	0.06021
V653	0.38144	0	0.04	0.49869	0.07987
V654	0.05748	0.05832	0	0.16901	0.71519
V655	0.19913	0.02214	0.29942	0.42898	0.05033
V656	0.13757	0	0	0.19264	0.66979
V657	0.07345	0.47951	0.02062	0.29987	0.12655
V658	0.05501	0.00874	0.02792	0.62305	0.28528
V659	0.04339	0	0.07386	0.75796	0.1248
V660	0.09611	0.33076	0.01419	0.0961	0.46283
V661	0.08181	0.63936	0.00382	0.15872	0.11629
V662	0.06963	0.43484	0.01482	0.05556	0.42515
V663	0.98528	0	0	0	0.01472
V664	0.03681	0	0.11055	0.43854	0.41411
V665	0.06788	0.60965	0.19372	0.06628	0.06247
V666	0.12952	0.81544	0.02671	0	0.02833
V667	0.07284	0.527	0.24583	0.08445	0.06989
V668	0.67494	0.21757	0.03682	0.03516	0.03551
V669	0.50842	0.29203	0.01428	0.07681	0.10846
V670	0.13339	0.61301	0.03473	0.04082	0.17805
V671	0.80648	0	0.17014	0.00502	0.01836
V672	0.12638	0.04602	0.08864	0.34529	0.39367
V673	0.02945	0	0	0.21558	0.75497
V674	0.42129	0.05582	0.481	0	0.0419
V675	0.72729	0	0.02158	0.13797	0.11316
V676	0.3098	0.06117	0.49579	0	0.13324
V677	0.0794	0.25253	0.21279	0.36131	0.09396
V678	0.08367	0.30957	0.00687	0.09735	0.50254
V679	0.03058	0	0.45707	0.45464	0.05771
V680	0.19456	0	0.00759	0.38764	0.41022
V681	0.57517	0.00386	0.03199	0.28212	0.10686
V682	0.01112	0	0.9585	0	0.03037
V683	0.1023	0.14196	0.63722	0	0.11852
V684	0.08284	0	0	0.83658	0.08058
V685	0.02439	0	0.84804	0.08588	0.04169
V686	0.32007	0.58622	0.05495	0.00333	0.03543
V687	0.01301	0	0.58451	0.34181	0.06067
V688	0.00992	0	0.94325	0	0.04682
V689	0.55843	0.0196	0.18827	0.09921	0.13448
V690	0.1397	0.81164	0.0031	0.00868	0.03688
V691	0.17635	0.11312	0.03876	0.58904	0.08274
V692	0.09972	7e-04	0.0098	0.74341	0.14637
V693	0.05665	0.4777	0.41655	0.01357	0.03553
V694	0.12152	0.17921	0.03057	0.55608	0.11262
V695	0.16487	0.08783	0.14705	0.08445	0.51581
V696	0.14324	0	0.73843	0	0.11833
V697	0.14125	0.07919	0.31511	0.33217	0.13228
V698	0.03052	0	0.1809	0.11146	0.67712
V699	0.06031	0	0.04177	0.66083	0.23708
V700	0.09889	0.77371	0.0573	0	0.0701
V701	0.04107	0.17019	0.01068	0.11356	0.6645
V702	0.05055	0.10596	0.00121	0.65483	0.18745
V703	0.04227	0	0.0209	0.84633	0.0905
V704	0.07422	0.01658	0.41168	0.06825	0.42927
V705	0.95823	0	0	0	0.04177
V706	0.19303	0.12662	0.1517	0.41848	0.11017
V707	0.17898	0.1014	0.06707	0.30242	0.35012
V708	0.06161	0.55634	0.35609	0	0.02596
V709	0.02367	0	0.0297	0.13208	0.81454
V710	0.16415	0	0.49015	0.02541	0.3203
V711	0.07266	0	0.0105	0.14098	0.77587
V712	0.08273	0	0.70271	0.16743	0.04713
V713	0.29759	0.39174	0.29217	0	0.0185
V714	0.06556	0	0	0.13004	0.8044
V715	0.04034	0.24735	0.5915	0.08166	0.03915
V716	0.77001	0.1659	0	0.02842	0.03567
V717	0.45465	0.14171	0.11314	0.03864	0.25186
V718	0.71402	0	0.24379	0	0.04219
V719	0.45416	0.21863	0.0921	0.10773	0.12738
V720	0.16071	0.01004	0.0905	0.12452	0.61423
V721	0.04125	0	0.04237	0.1421	0.77429
V722	0.05672	0.22501	0.05003	0.47883	0.18941
V723	0.147	0.20373	0.1014	0.47918	0.0687
V724	0.16598	0.63288	0.02443	0.13819	0.03852
V725	0.04334	0	0	0.13357	0.82309
V726	0.26442	0.48243	0.04063	0.05752	0.15501
V727	0.02098	0	0.93421	0	0.04481
V728	0.82816	0	0.10743	0.04371	0.0207
V729	0.6556	0.09174	0.01426	0.20581	0.03259
V730	0.15436	0	0.37767	0.37455	0.09342
V731	0.03053	0	0.05659	0.832	0.08087
V732	0.03639	0	0.00043	0.874	0.08917
V733	0.0518	0	0.90863	0	0.03957
V734	0.56524	0.04668	0.34221	0.01721	0.02865
V735	0.10625	0.13481	0.22028	0.08262	0.45604
V736	0.03163	0.01844	0.00605	0.13256	0.81132
V737	0.98535	0	0	0	0.01465
V738	0.06013	0.45421	0.00686	0.06307	0.41573
V739	0.04412	0	0	0.86713	0.08875
V740	0.26382	0.05325	0.10448	0.07923	0.49922
V741	0.54714	0	0	0.30588	0.14698
V742	0.10237	0	0.54107	0.17938	0.17718
V743	0.05381	0.02425	0.07569	0.20168	0.64458
V744	0.23722	0.0353	0.16144	0.48398	0.08207
V745	0.20241	0	0.03987	0.69009	0.06763
V746	0.4005	0.52786	0.02198	0	0.04966
V747	0.05174	0	0.89898	0	0.04929
V748	0.20967	0.18474	0.27441	0.0773	0.25388
V749	0.22873	0.0799	0.11243	0.42079	0.15816
V750	0.7844	0.17123	0	0.0254	0.01897
V751	0.06993	0.34123	0.55033	0.00371	0.03479
V752	0.0487	0.11464	0.01998	0.11894	0.69773
V753	0.61484	0.01572	0.23234	0.01876	0.11835
V754	0.15182	0.31296	0	0.47774	0.05748
V755	0.27162	0.67898	0.02327	0	0.02613
V756	0.04746	0.09217	0.01984	0.16139	0.67915
V757	0.20079	0	0.08338	0.65318	0.06265
V758	0.10256	0.42105	0	0.41984	0.05656
V759	0.12305	0	0.10259	0.10021	0.67415
V760	0.11038	0	0.2132	0.29677	0.37966
V761	0.09354	0.21754	0.65944	0	0.02948
V762	0.04143	0.01318	0.1729	0.43214	0.34036
V763	0.05838	0.26603	0.00067	0.0888	0.58612
V764	0.14787	0.03898	0.07627	0.66367	0.07321
V765	0.21015	0	0.64942	0.03668	0.10375
V766	0.1135	0.46864	0.23026	0.0483	0.13931
V767	0.31822	0.45895	0.04807	0.04401	0.13075
V768	0.10058	0.79738	0.0339	0.03074	0.03741
V769	0.79544	0	0.16261	0	0.04195
V770	0.35444	0	0.48402	0.13198	0.02955
V771	0.10623	0.70112	0	0.08302	0.10962
V772	0.07099	0	0.90319	0	0.02581
V773	0.04262	0	0	0.26608	0.69131
V774	0.19041	0	0.53428	0.01319	0.26211
V775	0.93704	0	0.00024	0.03327	0.02945
V776	0.40392	0.40158	0.14036	0.00977	0.04438
V777	0.26203	0.35816	0.22676	0.08854	0.06452
V778	0.58413	0.03413	0	0.21157	0.17017
V779	0.10555	0.38329	0.47357	0	0.03759
V780	0.02919	0	0.94168	0	0.02913
V781	0.22552	0.29354	0.1661	0.02422	0.29062
V782	0.27986	0.22897	0.01073	0.05753	0.42292
V783	0.00897	0	0.64804	0.05112	0.29186
V784	0.07041	0.59928	0	0.22343	0.10687
V785	0.74777	0.11008	0	0.07851	0.06363
V786	0.20336	0.18785	0.00385	0.5324	0.07255
V787	0.17516	0.57365	0	0.16529	0.0859
V788	0.42431	0.39799	0.05465	0	0.12305
V789	0.04081	0.14808	0.00088	0.43194	0.37829
V790	0.33346	0.21114	0.05152	0.13258	0.2713
V791	0.22313	0.20341	0.0636	0.21633	0.29353
V792	0.96839	0	0.00825	0	0.02336
V793	0.38	0.25258	0.04094	0.10359	0.22288
V794	0.03696	0	0.10294	0.26078	0.59932
V795	0.16825	0.78976	0.00236	0	0.03963
V796	0.34196	0.3915	0.09054	0.12484	0.05116
V797	0.16233	0	0	0.12585	0.71182
V798	0.17239	0.50048	0	0.09881	0.22832
V799	0.06348	0.14772	0.042	0.64072	0.10609
V800	0.04699	0	0.00829	0.22616	0.71856
V801	0.41953	0	0.10698	0.40875	0.06474
V802	0.06485	0.19083	0.00922	0.10564	0.62946
V803	0.34518	0.00679	0	0.5746	0.07344
V804	0.24476	0.13823	0.18947	0.34719	0.08035
V805	0.19157	0.10173	0.43364	0.16089	0.11217
V806	0.53379	0	0.18288	0.07072	0.21261
V807	0.76906	0	0.0447	0.04549	0.14075
V808	0.87788	0	0.02986	0	0.09226
V809	0.24105	0.58994	0.00782	0.03045	0.13074
V810	0.05561	0.03901	0.03595	0.49837	0.37107
V811	0.08164	0.08005	0.01812	0.19642	0.62377
V812	0.06925	0.63549	0.17451	0.06477	0.05598
V813	0.06355	0.2032	0.21893	0.05745	0.45687
V814	0.24072	0.53016	0.04839	0.13254	0.04819
V815	0.26817	0.65037	0.01493	0.03395	0.03258
V816	0.06439	0.49918	0	0.36186	0.07457
V817	0.85065	0	0.13591	0	0.01344
V818	0.07261	0.18299	0.3573	0.06692	0.32018
V819	0.97483	0	0.00114	0.0047	0.01933
V820	0.10893	0.34908	0.10906	0.36235	0.07058
V821	0.02105	0	0	0.13842	0.84053
V822	0.22052	0	0.00455	0.71111	0.06382
V823	0.07743	0.05384	0.23497	0.07648	0.55728
V824	0.10041	0.00337	0.02032	0.11955	0.75634
V825	0.17592	0	0.63808	0.15699	0.029
V826	0.056	0	0.91081	0.0021	0.03109
V827	0.38944	0.12605	0	0.36118	0.12332
V828	0.29428	0.12227	0.10066	0.10057	0.38222
V829	0.12728	0.05436	0.30973	0.20696	0.30167
V830	0.17883	0	0.68777	0.01373	0.11967
V831	0.07481	0.70916	0.03486	0.12731	0.05386
V832	0.23991	0	0.05482	0.29003	0.41524
V833	0.22429	0.72188	0	0	0.05383
V834	0.78625	0.11656	0.02154	0.0111	0.06454
V835	0.29811	0.27001	0.07718	0.25163	0.10308
V836	0.4352	0.02821	0.43258	0.07709	0.02692
V837	0.08004	0.79397	0.00291	0.03418	0.08889
V838	0.02247	0	0.06898	0.82147	0.08708
V839	0.06405	0.00199	0.07757	0.11647	0.73992
V840	0.96155	0	0.01161	0.00374	0.0231
V841	0.25597	0	0.72211	0	0.02192
V842	0.58839	0.00962	0.19424	0.17185	0.03589
V843	0.51323	0	0.13238	0.08974	0.26465
V844	0.0435	0.13088	0.76714	0.0069	0.05159
V845	0.04627	0	0	0.62977	0.32397
V846	0.1484	0.01031	0.10027	0.14901	0.59201
V847	0.24389	0	0.04029	0.19604	0.51978
V848	0.78639	0.00578	0	0.08354	0.12429
V849	0.17963	0.00019	0.71747	0	0.10271
V850	0.26482	0	0.29215	0.17499	0.26804
V851	0.9771	0	0	0	0.0229
V852	0.2897	0.03223	0.07454	0.21742	0.38611
V853	0.06487	0.08674	0.61498	0.13291	0.1005
V854	0.08319	0.33368	0.24168	0.09653	0.24492
V855	0.14538	0.37177	0.08002	0.29379	0.10904
V856	0.20319	0.38483	0.04454	0.03474	0.33271
V857	0.11189	0.01246	0.16918	0.44506	0.26142
V858	0.06148	0.33296	0.18238	0.21835	0.20482
V859	0.16332	0	0.01325	0.72848	0.09494
V860	0.07312	0.12593	0.05957	0.62942	0.11196
V861	0.17944	0	0.12169	0.63604	0.06284
V862	0.08846	0	0.01176	0.20052	0.69927
V863	0.08325	0.86084	0.00489	0	0.05103
V864	0.05069	0	0.87283	0.04544	0.03104
V865	0.10374	0	0.63141	0.23015	0.03471
V866	0.06056	0.00497	0.65164	0.22297	0.05985
V867	0.63916	0	0	0.02879	0.33204
V868	0.27989	0.19247	0.39059	0.09322	0.04383
V869	0.02693	0	0.01413	0.14102	0.81791
V870	0.3214	0.14677	0.07036	0.25313	0.20834
V871	0.065	0.02316	0.1041	0.18655	0.62119
V872	0.43243	0.01757	0.00213	0.462	0.08588
V873	0.09486	0.30789	0.14012	0.35679	0.10034
V874	0.12554	0.02505	0.00172	0.12272	0.72497
V875	0.0426	0.16929	0.01704	0.50463	0.26643
V876	0.542	0.03113	0.05057	0.04424	0.33206
V877	0.27064	0.60183	0.02287	0.0654	0.03925
V878	0.0724	0.66424	0.02808	0.18454	0.05073
V879	0.94999	0.01859	0.00209	0.00504	0.02429
V880	0.11531	0.05897	0.02434	0.46073	0.34065
V881	0.02171	0	0.54924	0.04151	0.38754
V882	0.08304	0.45999	0.00502	0.40276	0.04919
V883	0.55882	0.15596	0	0.17038	0.11484
V884	0.01694	0	0	0.14733	0.83573
V885	0.21519	0.02889	0.39604	0.12913	0.23074
V886	0.01674	0	0.02251	0.31506	0.64568
V887	0.12935	0.81844	0	0	0.05221
V888	0.09298	0.08242	0.05049	0.66094	0.11318
V889	0.15869	0.76732	0.02501	0.0081	0.04088
V890	0.05824	0	0.13425	0.64524	0.16226
V891	0.02372	0	0.94118	0	0.0351
V892	0.64676	0.2181	0.00649	0.00171	0.12695
V893	0.19087	0.14679	0.51159	0.06876	0.08199
V894	0.14013	0.51011	0.0344	0.23855	0.07681
V895	0.72777	0	0.25466	0	0.01756
V896	0.25799	0.19563	0.2257	0.28039	0.04028
V897	0.02237	0	0.03247	0.76132	0.18384
V898	0.44148	0	0	0.08041	0.47811
V899	0.60877	0.28412	0.06755	0	0.03956
V900	0.30781	0.20575	0.26383	0.17536	0.04726
V901	0.71792	0.02601	0	0.16654	0.08953
V902	0.89393	0.02141	0.00788	0.0237	0.05308
V903	0.32201	0.04778	0.06216	0.48763	0.08042
V904	0.77068	0.06477	0.14201	0	0.02254
V905	0.06101	0.3033	0.05786	0.34084	0.23699
V906	0.19986	0.00281	0.47724	0.09048	0.22962
V907	0.76274	0.08594	0.05299	0.04515	0.05319
V908	0.06345	0.32076	0.03956	0.47459	0.10165
V909	0.05011	0.09583	0.00986	0.70749	0.1367
V910	0.72047	0.14568	0	0.05227	0.08159
V911	0.07339	0.22749	0.52856	0.00897	0.16159
V912	0.05785	0	0.16139	0.15693	0.62383
V913	0.17956	0	0.06582	0.64612	0.1085
V914	0.81521	0.00966	0.00013	0.11023	0.06476
V915	0.24274	0.16536	0.04673	0.06773	0.47744
V916	0.83529	0	0.09871	0	0.066
V917	0.51086	0.00814	0	0.06201	0.41899
V918	0.64364	0.10831	0.20448	0.01032	0.03325
V919	0.47908	0.14077	0	0.26514	0.11501
V920	0.21786	0	0.10414	0.61816	0.05984
V921	0.24427	0.16712	0.11141	0.04852	0.42868
V922	0.05347	0	0.71121	0.00906	0.22626
V923	0.19486	0.46517	0.01011	0.07162	0.25824
V924	0.56055	0.08029	0	0.24041	0.11875
V925	0.1904	0.0766	0.47973	0.15726	0.09601
V926	0.04059	0	0.00454	0.14119	0.81369
V927	0.58114	0.22554	0.0962	0.06576	0.03136
V928	0.16363	0.24409	0.21182	0.18715	0.19332
V929	0.09227	0.26443	0	0.08232	0.56098
V930	0.09863	0	0.05683	0.11296	0.73158
V931	0.54826	0.11496	0	0.0675	0.26929
V932	0.08185	0.09147	0.04284	0.36766	0.41618
V933	0.33989	0	0.03464	0.30467	0.3208
V934	0.72314	0.02282	0.24473	0	0.0093
V935	0.64378	0.07965	0.1161	0.04975	0.11072
V936	0.36213	0.03623	0.10757	0.41902	0.07505
V937	0.1775	0.66723	0.08143	0.0229	0.05092
V938	0.12064	0.83758	0.01198	0	0.0298
V939	0.01817	0	0.00524	0.39633	0.58026
V940	0.63092	0.0499	0.07317	0.05797	0.18803
V941	0.04822	0.10365	0.11844	0.4855	0.24418
V942	0.77354	0.20842	0	0	0.01804
V943	0.08074	0.07916	0.05498	0.11235	0.67277
V944	0.39159	0	0.10518	0.44866	0.05456
V945	0.0849	0.22476	0.58661	0.02719	0.07655
V946	0.065	0.4512	0.45259	0	0.03121
V947	0.44962	0	0.01635	0.15955	0.37448
V948	0.11487	0.67598	0.02535	0.10074	0.08306
V949	0.89976	0.07202	0.01636	0	0.01186
V950	0.09653	0	0.0171	0.81062	0.07574
V951	0.35324	0	0	0.49679	0.14997
V952	0.1695	0.00712	0.04055	0.62708	0.15575
V953	0.52612	0.0648	0	0.34032	0.06876
V954	0.28497	0.50826	0.04806	0.05506	0.10365
V955	0.09352	0	0.54374	0.31637	0.04636
V956	0.07087	0.45162	0.08107	0.33261	0.06384
V957	0.14743	0.71806	0.04049	0.0525	0.04152
V958	0.09073	0.80887	0	0.03673	0.06367
V959	0.09621	0	0.80087	0.04725	0.05567
V960	0.59246	0.01952	0.13861	0.10149	0.14792
V961	0.09205	0.82994	0	0.00243	0.07558
V962	0.23503	0.08285	0	0.12921	0.55291
V963	0.03753	0	0.42185	0.46811	0.07251
V964	0.02098	0	0.93421	0	0.04481
V965	0.01163	0	0.43929	0.45263	0.09646
V966	0.04043	0	0.50373	0.11573	0.34011
V967	0.39356	0.47487	0	0	0.13157
V968	0.09294	0.86377	0	0.00361	0.03968
V969	0.16126	0.47818	0.12282	0.11889	0.11885
V970	0.20442	0.34384	0.41698	0	0.03477
V971	0.77679	0.02505	0.16466	0.00792	0.02558
V972	0.11978	0.80251	0	0.03896	0.03874
V973	0.06131	0	0.56743	0.24021	0.13105
V974	0.07257	0.67971	0.08551	0.09154	0.07066
V975	0.08393	0.87736	0	0.00375	0.03496
V976	0.03161	0	0	0.19044	0.77795
V977	0.04702	0.11297	0.15091	0.19795	0.49115
V978	0.43471	0.11248	0.20167	0.1269	0.12424
V979	0.91466	0.07	0	0	0.01534
V980	0.38242	0.06684	0.11795	0.14533	0.28745
V981	0.10109	0.02327	0.05539	0.12502	0.69523
V982	0.42717	0.39047	0.10544	0.00715	0.06977
V983	0.68951	0.19134	0	5e-04	0.11864
V984	0.19656	0.01501	0.10379	0.56492	0.11972
V985	0.05756	0.05225	0.0806	0.74025	0.06934
V986	0.56377	0.07587	0.33277	0	0.0276
V987	0.06865	0.15352	0.68728	0.04722	0.04333
V988	0.11036	0.00602	0.52991	0.28578	0.06792
V989	0.04344	0.01722	0	0.13949	0.79984
V990	0.14408	0.36511	0	0.14963	0.34118
V991	0.07953	0.06694	0.10275	0.11363	0.63714
