Neutrophils	Monocytes_CD14.CD16.	Macrophage	T_cells_.CD4..	NK_cells
V1	0.39931	0.10808	0.2284	0.13017	0.13404
V2	0.14423	0.67943	0.04339	0	0.13295
V3	0.08129	0.02381	0.4067	0.38185	0.10636
V4	0	0.09867	0.25976	0.21129	0.43028
V5	0	0.09802	0.07435	0.30277	0.52486
V6	0.39682	0.01412	0.24567	0.21792	0.12548
V7	0.00318	0.09914	0.43482	0.16397	0.29888
V8	0.0161	0.04562	0.81015	0.04987	0.07826
V9	0.06705	0.00352	0.2325	0.57102	0.12591
V10	0.53577	0	0.41789	0	0.04635
V11	0.0277	0.11339	0.1168	0.25061	0.49151
V12	0.09508	0.05068	0.21099	0.37086	0.27238
V13	0.15746	0.06794	0.01804	0.4758	0.28076
V14	0.18376	0	0.04225	0.60775	0.16623
V15	0.0255	0.00027	0	0.79736	0.17686
V16	0.63288	0.00793	0	0.26863	0.09055
V17	0.09793	0.29842	0.01134	0.18327	0.40905
V18	0.14685	0.35894	0.23427	0.15619	0.10375
V19	0.01464	0.10618	0.01101	0.32447	0.5437
V20	0.00234	0.02664	0.68126	0.19612	0.09363
V21	0.04418	0.28653	0.12944	0.23418	0.30567
V22	0.88014	0.01365	0.04553	0	0.06067
V23	0.08328	0.09843	0.02274	0.31384	0.48171
V24	0.54752	0.11203	0.00232	0.09857	0.23956
V25	0.02003	0.07586	0.00693	0.52669	0.37049
V26	0.56842	0.16629	0.04195	0.05296	0.17038
V27	0.20072	0.45175	0.17575	0	0.17178
V28	0.04035	0.06899	0.1763	0.57084	0.14352
V29	0.00298	0.00366	0.30702	0.55373	0.1326
V30	0.81169	0.05178	0.00751	0.01987	0.10915
V31	0.49582	0.10238	0	0.23168	0.17012
V32	0.92718	0	0	0	0.07282
V33	0.03497	0.25969	0.01448	0.25718	0.43369
V34	0.21609	0.69224	0	0	0.09166
V35	0.17208	0.50914	0.23826	0	0.08052
V36	0.0419	0.22864	0.17508	0.19742	0.35696
V37	0.79882	0	0	0.03855	0.16263
V38	0.15125	0.04663	0.44998	0.20475	0.14739
V39	0.39846	0.04516	0.31913	0.04765	0.1896
V40	0.32289	0.50867	0	0.04939	0.11905
V41	0.14163	0.72141	0.00564	0	0.13133
V42	0.91238	0	0	0.00021	0.08741
V43	0.55766	0.07661	0.31024	0	0.05549
V44	0.07103	0.26805	0.53741	0	0.1235
V45	0.11434	0.58302	0.08308	0.08666	0.1329
V46	0.20857	0.63639	0.05516	0	0.09988
V47	0.00364	0.0433	0.8732	0	0.07987
V48	0.21194	0.11923	0.19553	0.31686	0.15645
V49	0.54126	0.09442	0.19426	0.09565	0.07442
V50	0.0302	0.05326	0.84794	0	0.0686
V51	0.15322	0.27768	0.19368	0.11494	0.26048
V52	0.14812	0.75013	0.00254	0	0.09922
V53	0.0478	0.1285	0	0.66775	0.15595
V54	0.24463	0	0	0.54847	0.2069
V55	0.07137	0	0	0.76721	0.16142
V56	0.07238	0	0	0.72465	0.20298
V57	0.20307	0.12757	0.53046	0.01809	0.1208
V58	0.07749	0.05503	0.14091	0.34134	0.38522
V59	0.89531	0	0.05149	0	0.0532
V60	0.50856	0.15746	0.0996	0.10737	0.12701
V61	0.23344	0.04853	0.01531	0.34362	0.35911
V62	0.06877	0.08039	0.30471	0.23439	0.31174
V63	0.49045	0.22351	0.04473	0.05243	0.18887
V64	0.94224	0	0	0	0.05776
V65	0.10855	0.07385	0.01405	0.60341	0.20014
V66	0.03043	0	0.10914	0.70756	0.15287
V67	0	0.08458	0.35495	0.21471	0.34576
V68	0.53113	0	0.35731	0.02111	0.09046
V69	0.67326	0.06936	0.17211	0	0.08527
V70	0.14525	0.60822	0.02926	0.09143	0.12585
V71	0.18955	0.66252	0.03259	0	0.11534
V72	0.08424	0.42352	0.02157	0.12107	0.3496
V73	0.06766	0.01814	0.08356	0.59736	0.23327
V74	0.01784	0.0455	0	0.74051	0.19615
V75	0.55105	0.12163	0.27278	0	0.05453
V76	0.00878	0	0.00247	0.7924	0.19635
V77	0.02651	0.03907	0.83846	0.01982	0.07613
V78	0.00439	0.05174	0.86286	0	0.08102
V79	0.1366	0.39114	0.02803	0.18058	0.26364
V80	0.22023	0.62428	0	0.00735	0.14814
V81	0.01559	0.04096	0.86998	0	0.07348
V82	0.29013	0.11541	0	0.46932	0.12515
V83	0.12203	0.08046	0	0.56059	0.23692
V84	0.12488	0.22578	0.00239	0.20989	0.43705
V85	0.00375	0.04365	0.87334	0	0.07926
V86	0.05492	0.22167	0.27758	0.32996	0.11587
V87	0.5075	0	0.00141	0.38352	0.10757
V88	0.38021	0.14689	0.03204	0.2265	0.21435
V89	0.06507	0.10666	0.74673	0.00767	0.07387
V90	0.03079	0.24276	0.0598	0.2483	0.41835
V91	0.00723	0	0.05908	0.77031	0.16337
V92	0.29378	0.08553	0.02123	0.20176	0.3977
V93	0.01563	0.0962	0.14626	0.52574	0.21617
V94	0.05682	0.21045	0.01321	0.35385	0.36567
V95	0.09441	0.27452	0.0161	0.22941	0.38556
V96	0.84632	0	0	0.03222	0.12146
V97	0.19661	0.08531	0.03976	0.27048	0.40784
V98	0.10269	0.36103	0.17149	0.14538	0.21942
V99	0.58363	0.07214	0	0.20505	0.13919
V100	0.62145	0.12276	0.03132	0.0652	0.15926
V101	0.15682	0.73894	0.008	0	0.09624
V102	0.38971	0.21	0.11637	0.11299	0.17093
V103	0.14626	0.07191	0.00974	0.26493	0.50715
V104	0.09772	0.42006	0.08315	0.09675	0.30232
V105	0	0.10708	0.0545	0.31168	0.52673
V106	0.136	0.63093	0.13514	0	0.09792
V107	0.08353	0.19714	0.6308	0.00828	0.08024
V108	0.04067	0.15847	0.73593	0	0.06493
V109	0.0915	0.23109	0.04355	0.34298	0.29088
V110	0.26086	0.41949	0.16362	0.05504	0.10099
V111	0.35528	0.16688	0.43102	0	0.04682
V112	0.21381	0	0.0857	0.49178	0.20871
V113	0.28955	0.03409	0.09739	0.26263	0.31634
V114	0.64653	0.0344	0.02502	0.16498	0.12907
V115	0.88961	0	0	0.00681	0.10357
V116	0	0.10359	0.01989	0.30884	0.56767
V117	0.0646	0.04004	0.75299	0.05869	0.08368
V118	0.03818	0	0	0.78598	0.17584
V119	0.38535	0	0.34825	0.19196	0.07445
V120	0.01396	0.03622	0.76357	0.09196	0.09428
V121	0.29457	0.5888	0	0	0.11663
V122	0.07996	0.36892	0.0733	0.25168	0.22615
V123	0.56595	0.0159	0.05221	0.20405	0.16189
V124	0.26678	0.1226	0.04542	0.29294	0.27226
V125	0.09491	0.37138	0.46308	0	0.07063
V126	0.20837	0.19132	0.20728	0.16218	0.23084
V127	0.32882	0.00124	0.58989	0.01837	0.06167
V128	0.30437	0.60832	0	0	0.08731
V129	0.32142	0.0423	0.24732	0.20341	0.18554
V130	0.08819	0.46157	0.02794	0.22016	0.20215
V131	0.01733	0.00474	0.20647	0.63324	0.13821
V132	0.40631	0	0	0.37227	0.22142
V133	0.00673	0.09506	0.54703	0.13829	0.21289
V134	0.09148	0.05168	0.73301	0.01865	0.10517
V135	0.04034	0.11879	0.69097	0.02543	0.12447
V136	0.94101	0	0	0	0.05899
V137	0.91625	0	0	0.00879	0.07496
V138	0.31315	0.15032	0.06528	0.20546	0.26579
V139	0.13872	0	0.12349	0.6058	0.13199
V140	0.02224	0.08427	0.17799	0.24162	0.47388
V141	0.04667	0.19995	0.60806	0.05894	0.08637
V142	0.25884	0.02071	0.31754	0.18676	0.21616
V143	0.0433	0.19638	0.46236	0.14382	0.15415
V144	0.58838	0.15662	0.04498	0.09593	0.11408
V145	0.00418	0.05228	0.85362	0.00443	0.08549
V146	0.07483	0.3273	0	0.34258	0.25529
V147	0.12543	0.07396	0.63493	0.07912	0.08656
V148	0.25512	0.64093	0	0	0.10394
V149	0.00712	0	0	0.79795	0.19493
V150	0.19514	0.17007	0.54471	0	0.09009
V151	0.47752	0	0	0.37326	0.14922
V152	0.01555	0	0.09357	0.70735	0.18353
V153	0.22765	0.16905	0.43026	0.04304	0.13
V154	0.20447	0.53805	0.01373	0.03562	0.20812
V155	0.04254	0	0.10738	0.69923	0.15085
V156	0.12451	0.062	0.38802	0.2055	0.21997
V157	0.11488	0.07786	0.15993	0.3602	0.28714
V158	0.24245	0.02639	0.43386	0.0978	0.1995
V159	0.15729	0.17355	0	0.51998	0.14918
V160	0.54397	0.13136	0.07669	0.06949	0.17848
V161	0.26421	0.07457	0.06059	0.19308	0.40755
V162	0.00582	0.04976	0.8688	0	0.07561
V163	0.05181	0.09334	0.02213	0.30437	0.52835
V164	0.9386	0	0	0	0.0614
V165	0.68756	0.14114	0.06115	0.02084	0.0893
V166	0.06528	0.00293	0.21679	0.55433	0.16067
V167	0.11185	0.57845	0.00624	0.11335	0.19011
V168	0.00582	0.04976	0.8688	0	0.07561
V169	0.13842	0.58534	0.14492	0.01774	0.11358
V170	0.3271	0.32374	0.03342	0.16578	0.14997
V171	0.37338	0.0595	0.32452	0.14711	0.09549
V172	0.24382	0.24427	0.06534	0.13007	0.3165
V173	0.26287	0.09023	0.06562	0.39787	0.18341
V174	0.25796	0.01046	0.33237	0.22598	0.17322
V175	0.10561	0.18015	0.11446	0.28044	0.31934
V176	0.397	0	0	0.4898	0.1132
V177	0.23919	0.02883	0.51968	0.13678	0.07552
V178	0.33984	0.0341	0.42063	0.10101	0.10443
V179	0.10869	0.09533	0.01047	0.26892	0.51659
V180	0.02572	0.08862	0.3672	0.16121	0.35725
V181	0.10333	0.31079	0	0.19991	0.38597
V182	0.63877	0.14126	0	0.11989	0.10008
V183	0.16735	0.7351	0.00023	0	0.09733
V184	0.3715	0	0.25624	0.27757	0.0947
V185	0.17554	0.44272	0.00808	0.15623	0.21743
V186	0.18166	0.19349	0.01185	0.32472	0.28828
V187	0.16497	0.56957	0	0.13897	0.12648
V188	0.878	0	0.00032	0.0539	0.06778
V189	0.53407	0.16586	0.00985	0.19468	0.09554
V190	0.49678	0.05798	0.20171	0.05826	0.18528
V191	0.27579	0.16879	0	0.38782	0.16759
V192	0.39471	0.15429	0.10215	0.20119	0.14766
V193	0.11032	0.20282	0.49895	0.04346	0.14445
V194	0.3258	0.07579	0.07686	0.21559	0.30597
V195	0.64623	0.10009	0.20323	0	0.05045
V196	0	0.08819	0.07634	0.30712	0.52834
V197	0.16562	0.72472	0	0	0.10966
V198	0.2966	0.21058	0.01678	0.2436	0.23244
V199	0.80227	0	0.16354	0	0.03419
V200	0.82135	0	0	0.04188	0.13677
V201	0.04201	0.00251	0.00603	0.70998	0.23948
V202	0.93325	0	0	0	0.06675
V203	0.62043	0.18809	0.00758	0.04885	0.13505
V204	0.41938	0.09851	0.02506	0.1333	0.32375
V205	0.14119	0.09335	0.12036	0.24685	0.39825
V206	0.06127	0.0641	0	0.7024	0.17223
V207	0.0255	0.00027	0	0.79736	0.17686
V208	0.21705	0.19356	0.44636	0.0291	0.11394
V209	0.19572	0.08127	0.09989	0.21729	0.40583
V210	0.00312	0.04432	0.87022	0	0.08235
V211	0.19571	0.07514	0.20837	0.17583	0.34495
V212	0.15105	0.65051	0.06745	0	0.13099
V213	0.11945	0.04255	0.05716	0.4053	0.37554
V214	0.08794	0.46007	0.36378	0	0.08821
V215	0.32331	0.21053	0.12257	0.1239	0.21969
V216	0.07041	0.09609	0.33985	0.17016	0.32349
V217	0.00527	0	0.00991	0.77905	0.20577
V218	0.1106	0.1741	0.25992	0.31136	0.14402
V219	0.18623	0.22698	0.35074	0.14512	0.09093
V220	0.29147	0.5842	0.04364	0	0.0807
V221	0.06119	0.10726	0.50003	0.089	0.24251
V222	0.01203	0.10126	0.02203	0.30779	0.55688
V223	0.58632	0	0.26409	0.08288	0.06671
V224	0.10853	0.51767	0.0155	0.11246	0.24585
V225	0.7722	0.07972	0.09934	0	0.04874
V226	0.55135	0.37814	0	0	0.07051
V227	0.13785	0.20577	0	0.50548	0.1509
V228	0.65224	0	0.22931	0.04468	0.07377
V229	0.35581	0.31753	0.23439	0	0.09227
V230	0.01082	0.09177	0.02444	0.31237	0.5606
V231	0.14186	0.53016	0.04421	0.13105	0.15273
V232	0.83085	0	0.13064	0	0.0385
V233	0.06877	0.09269	0.15538	0.27359	0.40957
V234	0.06328	0.32813	0.19066	0.29071	0.12722
V235	0.93611	0	0	0	0.06389
V236	0.10489	0.02895	0.59451	0.16994	0.10171
V237	0.16199	0.08559	0.24154	0.32691	0.18397
V238	0.00144	0.06926	0.01125	0.46842	0.44963
V239	0.1236	0.38676	0.03569	0.2099	0.24405
V240	0.16216	0.70764	0.00328	0	0.12692
V241	0.14812	0.75026	0.00197	0	0.09966
V242	0.07822	0.28539	0.27065	0.23417	0.13157
V243	0.55269	0	0.29368	0.03407	0.11955
V244	0.08113	0.39272	0.18417	0.11471	0.22727
V245	0.14402	0.73226	0.02257	0	0.10115
V246	0.69294	0.18721	0.00946	0	0.11039
V247	0.24587	0.08797	0.56506	0.02227	0.07883
V248	0.18065	0.55289	0.01609	0.02855	0.22183
V249	0.31428	0.08085	0.19286	0.17047	0.24154
V250	0.02924	0.07469	0.63281	0.07872	0.18454
V251	0.25679	0.00375	0.06045	0.53546	0.14355
V252	0.04387	0.13223	0.52391	0.15342	0.14656
V253	0.39439	0.44841	0.06357	0	0.09363
V254	0.60434	0.26741	0	0.03634	0.09191
V255	0.86706	0.01017	0	0.02079	0.10198
V256	0.12942	0.6724	0.01345	0	0.18474
V257	0.53342	0.22792	0.11879	0.01101	0.10885
V258	0.22484	0.2605	0.02127	0.3699	0.12349
V259	0.61312	0.18142	0.14528	0	0.06018
V260	0.32274	0.06071	0.0976	0.20526	0.31368
V261	0.02845	0.04504	0.48305	0.28999	0.15348
V262	0.92478	0	0.01674	0	0.05848
V263	0.84487	0.00829	0	0.07616	0.07069
V264	0.16482	0.72167	0.00548	0	0.10803
V265	0.86979	0.01639	0.05258	0	0.06125
V266	0.00901	0.08856	0.10171	0.28683	0.5139
V267	0.05293	0.07821	0.00765	0.37842	0.48278
V268	0.27913	0.35402	0.11593	0.13191	0.11901
V269	0.14285	0.27995	0.3249	0.14541	0.10689
V270	0.05431	0	0.00713	0.77615	0.16241
V271	0.3254	0.57124	0	0	0.10335
V272	0.20235	0.67053	0.01583	0	0.11129
V273	0.34317	0.00814	0.15012	0.33151	0.16706
V274	0.11508	0.09393	0.03063	0.36218	0.39818
V275	0.12806	0.59408	0.13647	0.02586	0.11554
V276	0.01518	0.03494	0.64912	0.20094	0.09981
V277	0.42182	0	0.52262	0	0.05556
V278	0.00661	0.05468	0.31673	0.44696	0.17501
V279	0.16048	0	0	0.67404	0.16548
V280	0.2292	0.00692	0.00862	0.5821	0.17317
V281	0.05542	0.18815	0.01754	0.58894	0.14995
V282	0.15769	0.74294	0.00097	0	0.0984
V283	0.43698	0.02415	0.10476	0.14205	0.29206
V284	0.04539	0.15903	0.52505	0.05684	0.21369
V285	0.59664	0.3225	0	0	0.08086
V286	0.10236	0.04582	0.76818	0.01183	0.0718
V287	0.29902	0.06143	0.14442	0.30829	0.18685
V288	0.24923	0.02761	0.58846	0.01359	0.12112
V289	0.2087	0.17121	0	0.48757	0.13253
V290	0.51619	0.32155	0.10824	0	0.05402
V291	0.47665	0.12671	0	0.29114	0.1055
V292	0.15202	0.07016	0.40325	0.12257	0.25201
V293	0.01823	0.12123	0.75129	0.0233	0.08594
V294	0	0.10324	0.02666	0.30534	0.56476
V295	0.0181	0.03826	0.30193	0.48548	0.15623
V296	0.8911	0.02864	0	0.00025	0.08002
V297	0.02722	0.04217	0.72346	0.10921	0.09793
V298	0.32148	0	0	0.51029	0.16823
V299	0.28288	0	0	0.59046	0.12666
V300	0.93944	0	0	0	0.06056
V301	0.93224	0	0	0.00277	0.06499
V302	0.0034	0.05183	0.00603	0.54771	0.39103
V303	0.15092	0.18468	0.19887	0.22946	0.23607
V304	0.22862	0.03627	0.67446	0	0.06065
V305	0.2827	0.29064	0.07564	0.13691	0.21411
V306	0.42183	0.491	0	0	0.08717
V307	0.27667	0	0.22895	0.39579	0.09859
V308	0.28163	0.01318	0.59742	0.04265	0.06512
V309	0.7192	0.02037	0.02588	0.11359	0.12095
V310	0.0289	0.10684	0.01177	0.34272	0.50976
V311	0.01496	0	0.01969	0.79298	0.17237
V312	0.13539	0.26613	0.24778	0.08125	0.26945
V313	0.10588	0.28573	0	0.3515	0.25689
V314	0.09603	0.04537	0	0.50167	0.35693
V315	0.93456	0	0	0	0.06544
V316	0.19046	0.46811	0.22541	0	0.11601
V317	0.45077	0.04804	0.44864	0	0.05255
V318	0.90866	0	0	0	0.09134
V319	0.13106	0.06336	0.74602	0	0.05957
V320	0.07969	0	0	0.75825	0.16207
V321	0.19751	0.27972	0.27181	0.14829	0.10268
V322	0.04101	0.24711	0.54379	0.03853	0.12956
V323	0.32024	0.17878	0.39712	0	0.10386
V324	0.05088	0.02732	0.01739	0.74263	0.16177
V325	0.69998	0.05176	0.05816	0.09286	0.09723
V326	0.05386	0.08687	0.05905	0.34304	0.45718
V327	0.42536	0.38206	0.08752	0	0.10506
V328	0.08808	0.24799	0.13822	0.3963	0.12941
V329	0.01006	0.05218	0.35815	0.45809	0.12151
V330	0.10246	0.04731	0.76883	0	0.0814
V331	0.16722	0.07977	0.08854	0.26572	0.39875
V332	0.53348	0.01623	0.39537	0	0.05493
V333	0.47309	0.00794	0.27048	0.14194	0.10655
V334	0.08233	0.25379	0.51562	0.04743	0.10083
V335	0.78508	0.01051	0.05964	0.0355	0.10928
V336	0.24697	0.45226	0.23215	0	0.06862
V337	0	0.08549	0.02469	0.39027	0.49955
V338	0.77447	0	0.11747	0.01245	0.0956
V339	0.29795	0.4335	0.16281	0	0.10573
V340	0.05356	0.22272	0.11566	0.21461	0.39345
V341	0.07759	0.41305	0.40743	0	0.10193
V342	0.35929	0.11054	0.39767	0.06353	0.06897
V343	0.73176	0	0.2302	0	0.03805
V344	0.19693	0.63487	0.03148	0	0.13672
V345	0.26472	0.05606	0	0.37683	0.30239
V346	0.07635	0.27306	0.28858	0.24222	0.11979
V347	0.15289	0.43926	0.00332	0.26259	0.14194
V348	0.03404	0.14699	0.42195	0.23921	0.15781
V349	0.11122	0.27339	0.49755	0	0.11784
V350	0.17633	0.366	0.06596	0.21811	0.1736
V351	0.21718	0.02374	0.39185	0.27317	0.09406
V352	0.18165	0.43179	0.31815	0	0.06841
V353	0.33583	0.30447	0.02258	0.09614	0.24098
V354	0.6182	0	0.34918	0	0.03263
V355	0.10808	0.01552	0.30248	0.45946	0.11446
V356	0.11526	0.04679	0.75486	0.00266	0.08043
V357	0.05733	0.08829	0.51033	0.10523	0.23883
V358	0.03717	0.01944	0.01096	0.76548	0.16695
V359	0.07516	0.0723	0	0.69737	0.15517
V360	0.76241	0	0.05989	0.10969	0.06801
V361	0.43649	0.37904	0.07082	0	0.11366
V362	0.85746	0	0.05736	0	0.08518
V363	0.03118	0.10858	0.00821	0.36791	0.48412
V364	0.07792	0.26657	0.00286	0.43611	0.21654
V365	0.00714	0	0	0.80545	0.18741
V366	0.25528	0.04697	0.5456	0.05093	0.10122
V367	0.29352	0.19292	0.18525	0.16826	0.16005
V368	0.8064	0.02581	0.09853	0	0.06926
V369	0.11793	0.5448	0.21828	0.01564	0.10334
V370	0.03986	0.17462	0.11068	0.41163	0.26321
V371	0.15387	0.71923	0.03833	0	0.08856
V372	0.71453	0.01703	0.11504	0.07894	0.07447
V373	0.20597	0.5423	0.11364	0.03103	0.10706
V374	0.12636	0.04344	0.34292	0.38462	0.10266
V375	0.35802	0.00366	0.54066	0.03814	0.05953
V376	0.00912	0.06883	0.42862	0.15772	0.33572
V377	0.15932	0.42442	0.18598	0.12419	0.10609
V378	0.21779	0.47114	0.16256	0	0.14852
V379	0.02403	0.08749	0.12341	0.29798	0.46709
V380	0.02258	0.07238	0.15659	0.52087	0.22758
V381	0.18503	0.11511	0.00311	0.23103	0.46572
V382	0.46466	0	0	0.3247	0.21064
V383	0.04143	0.00595	0.24401	0.57993	0.12868
V384	0.34386	0.02181	0.13487	0.37747	0.122
V385	0.11204	0.16995	0.00582	0.23466	0.47754
V386	0.67985	0	0	0.23893	0.08122
V387	0.29983	0	0	0.56406	0.13611
V388	0.14916	0.70252	0.02778	0	0.12054
V389	0.22221	0.64395	0.00637	0	0.12747
V390	0.19722	0	0	0.62487	0.17791
V391	0.77395	0.07171	0	0.05554	0.0988
V392	0.93959	0	0	0	0.06041
V393	0.12451	0.02926	0.1269	0.52581	0.19352
V394	0.75553	0	0	0.13658	0.10789
V395	0.0041	0.01478	0.34764	0.50686	0.12662
V396	0.60591	0	0.357	0	0.03709
V397	0.74191	0.07347	0.01091	0.08414	0.08957
V398	0.07798	0	0.14474	0.60922	0.16807
V399	0.04617	0.08553	0	0.44205	0.42625
V400	0.25078	0.43213	0.13625	0.08214	0.0987
V401	0.37457	0	0.56939	0	0.05604
V402	0.43893	0.01583	0.40015	0.05234	0.09276
V403	0.19009	0.11363	0	0.3013	0.39498
V404	0.00898	0.06289	0.45373	0.34985	0.12455
V405	0.42559	0.20471	0.0461	0.18955	0.13406
V406	0.02954	0.05479	0.84057	0	0.0751
V407	0.91426	0	0.00754	0.01495	0.06325
V408	0.08008	0.36039	0	0.29497	0.26455
V409	0.13272	0	0.03823	0.64681	0.18224
V410	0.17064	0.15702	0.31578	0.11468	0.24188
V411	0	0.10259	0.01876	0.31506	0.56359
V412	0.03611	0.21054	0.13953	0.2026	0.41122
V413	0.0566	0.24488	0.1366	0.3626	0.19931
V414	0.05789	0.0992	0	0.53523	0.30768
V415	0.20065	0.06237	0.00637	0.24802	0.48258
V416	0.13835	0.13894	0.0121	0.31246	0.39815
V417	0.01469	0.04409	0.71704	0.11674	0.10743
V418	0.63372	0.28118	0.00323	0	0.08187
V419	0.3033	0.05476	0.00695	0.27361	0.36138
V420	0.28776	0.03757	0.10347	0.2079	0.3633
V421	0	0.09231	0.14888	0.28022	0.47859
V422	0.01943	0.0206	0.03215	0.7026	0.22521
V423	0.36111	0.14457	0.25319	0.14981	0.09133
V424	0	0.07386	0.50684	0.12323	0.29606
V425	0.43164	0.31659	0	0.0423	0.20947
V426	0.2962	0.1375	0	0.41491	0.1514
V427	0.30185	0.49654	0.13345	0	0.06815
V428	0.18447	0.55802	0.06295	0.05004	0.14451
V429	0.22336	0.64865	0	0.00301	0.12498
V430	0.0399	0.0613	0.40342	0.25665	0.23873
V431	0.17968	0.31643	0.17605	0.20343	0.12441
V432	0.36369	0.04599	0.09984	0.33364	0.15683
V433	0.23896	0.00953	0.47297	0.19117	0.08737
V434	0.31684	0.23552	0.34545	0	0.10219
V435	0.61872	0.00867	0.31595	0	0.05666
V436	0.13906	0.53342	0.09451	0.04528	0.18774
V437	0.23543	0.06029	0.0161	0.32142	0.36676
V438	0.1968	0.26137	0.175	0.23855	0.12828
V439	0.65821	0	0	0.25246	0.08933
V440	0.06823	0.30881	0.52612	0	0.09684
V441	0.09858	0.45215	0.36376	0	0.08551
V442	0.15743	0.74027	0.00887	0	0.09343
V443	0.92556	0	0	0.01223	0.06221
V444	0.22911	0.36178	0.00745	0.27033	0.13132
V445	0.1235	0.3505	0.0182	0.37138	0.13642
V446	0.1398	0.03249	0.07706	0.55704	0.19361
V447	0.0811	0.03386	0	0.55449	0.33054
V448	0.20346	0.06821	0.01924	0.24836	0.46073
V449	0.00582	0.04976	0.8688	0	0.07561
V450	0.26203	0.10029	0.2334	0.18722	0.21706
V451	0.34151	0.15804	0.03618	0.31322	0.15105
V452	0.01722	0.006	0.1401	0.67206	0.16462
V453	0.01922	0.04621	0	0.57491	0.35966
V454	0.01356	0.05923	0.66991	0.07286	0.18444
V455	0.10423	0.24782	0.27801	0.11492	0.25503
V456	0.92394	0	0	0.00201	0.07405
V457	0.73932	0.12974	0.01379	0.02907	0.08808
V458	0.0706	0.32252	0.48291	0.01995	0.10402
V459	0.17267	0.06326	0.0317	0.50618	0.2262
V460	0.73619	0	0.16379	0.03278	0.06724
V461	0.26387	0.28009	0.23246	0.03767	0.18591
V462	0.06895	0.09251	0	0.55673	0.28181
V463	0.25653	0.01709	0	0.59104	0.13535
V464	0.21406	0.15005	0.57753	0	0.05836
V465	0.05692	0.17783	0.01715	0.25932	0.48878
V466	0.02518	0.07971	0.00896	0.36412	0.52203
V467	0.09888	0.22252	0	0.50207	0.17653
V468	0.64338	0.20516	0.08669	0	0.06476
V469	0.05816	0.32596	0.04602	0.31428	0.25557
V470	0.87752	0	0.00274	0.05012	0.06963
V471	0.47694	0.23427	0.00582	0.13223	0.15074
V472	0.00302	0.12876	0.05527	0.27936	0.53359
V473	0.06229	0.21273	0.22641	0.31348	0.18509
V474	0.35458	0.0933	0.03266	0.39216	0.1273
V475	0.20235	0.05087	0.55873	0.0475	0.14054
V476	0.19241	0.0188	0.072	0.56405	0.15275
V477	0.14784	0.74761	0.00982	0	0.09474
V478	0.21618	0.0681	0.00438	0.23974	0.4716
V479	0.87863	0	0.01021	0.04273	0.06842
V480	0.23287	0.54742	0.04233	0.0559	0.12148
V481	0.32544	0.30994	0.04255	0.1652	0.15688
V482	0.20383	0.54707	0.17275	0	0.07635
V483	0.41463	0.40887	0	0.05723	0.11927
V484	0.31188	0.41628	0.09791	0.07085	0.10307
V485	0.72491	0.02297	0.08932	0.08663	0.07617
V486	0.09173	0.13369	0.30824	0.13616	0.33019
V487	0.17856	0.10897	0.3725	0.24628	0.09369
V488	0.47721	0.01822	0	0.33458	0.16999
V489	0.03598	0.21049	0.62605	0.03775	0.08973
V490	0.01528	0.03623	0.69132	0.16748	0.08969
V491	0.09349	0.44994	0.04158	0.15033	0.26466
V492	0.05458	0.11753	0.00764	0.65726	0.16299
V493	0.01331	0	0	0.80853	0.17816
V494	0.35684	0	0	0.49517	0.14799
V495	0.40635	0.16793	0.18518	0.13399	0.10655
V496	0.16892	0.09977	0.05673	0.22226	0.45232
V497	0.127	0.0893	0.14884	0.26391	0.37094
V498	0.17343	0.70539	0.01877	0	0.10241
V499	0.0768	0.25084	0.25972	0.1429	0.26973
V500	0.1859	0.41667	0.09252	0.17111	0.13381
V501	0.12403	0.35093	0.00932	0.14821	0.36751
V502	0.23222	0.64325	0.03124	0	0.0933
V503	0.51561	0	0.18378	0.15534	0.14527
V504	0.57128	0.16048	0	0.05837	0.20987
V505	0.69176	0	0	0.12792	0.18032
V506	0.09048	0.5066	0.06521	0.06723	0.27048
V507	0.86379	0	0	0.06174	0.07447
V508	0.10588	0.55409	0.20439	0.00029	0.13534
V509	0.11678	0.41195	0.12633	0.17673	0.1682
V510	0.5084	0.37641	0.02862	0	0.08657
V511	0.11298	0.28013	0.486	0.01147	0.10941
V512	0.23327	0.40423	0.16208	0.0396	0.16082
V513	0.26925	0.55988	0.06011	0	0.11076
V514	0.00859	0.07713	0.24682	0.24326	0.4242
V515	0.10333	0.08097	0	0.66503	0.15067
V516	0.23075	0.29745	0.08629	0.26953	0.11598
V517	0.02449	0.02149	0.02936	0.75898	0.16567
V518	0.47744	0	0.283	0.15588	0.08368
V519	0.82866	0	0	0.0971	0.07424
V520	0.173	0.70244	0.01173	0	0.11283
V521	0.24159	0	0.09695	0.53984	0.12161
V522	0.08198	0.1831	0.53018	0.10346	0.10128
V523	0.18381	0.0599	0.67596	0.01204	0.0683
V524	0.39885	0.01901	0.50911	0	0.07302
V525	0.03456	0.26664	0.03563	0.21492	0.44825
V526	0.05496	0.06242	0.79032	0.00649	0.08582
V527	0.1501	0.39867	0.37096	0	0.08027
V528	0.16648	0	0	0.69033	0.14319
V529	0.25263	0.03218	0.66021	0	0.05499
V530	0.02902	0.05559	0.79916	0.03045	0.08579
V531	0.26844	0.45638	0.08007	0.01567	0.17944
V532	0.10927	0.2753	0.29864	0.0673	0.24949
V533	0.33454	0.04269	0	0.20498	0.41779
V534	0.15621	0.02613	0	0.66155	0.15611
V535	0.87098	0.04085	0.03239	0	0.05578
V536	0.17645	0.18658	0.37195	0.0705	0.19452
V537	0.01492	0.11966	0.02774	0.28986	0.54782
V538	0.70247	0.06265	0	0.0647	0.17017
V539	0.03642	0.156	0.61242	0.08323	0.11193
V540	0.25014	0.42151	0.07862	0.05867	0.19106
V541	0.08426	0.42104	0.01941	0.13782	0.33746
V542	0.0843	0.29754	0.09282	0.37388	0.15145
V543	0.09336	0.11955	0.63281	0.04001	0.11427
V544	0.42222	0.16503	0.16352	0.08236	0.16686
V545	0.69745	0.23864	0	0	0.06391
V546	0.16321	0.6487	0.07449	0	0.1136
V547	0.18898	0.64769	0	0.03469	0.12864
V548	0.01859	0.03883	0	0.7697	0.17287
V549	0	0.0827	0.03169	0.39886	0.48674
V550	0.1358	0.68762	0.08548	0	0.09111
V551	0.01305	0	0	0.81134	0.17561
V552	0.27402	0.06199	0.01362	0.23401	0.41637
V553	0.80308	0	0	0.1104	0.08652
V554	0.13957	0.05105	0.44745	0.26534	0.09659
V555	0.14594	0.74151	0.00714	0	0.10541
V556	0.10271	0.039	0.03021	0.66155	0.16653
V557	0.38194	0.18919	0.0091	0.29266	0.12711
V558	0.01681	0.0494	0.72027	0.12074	0.09279
V559	0.16507	0.34816	0.409	0	0.07776
V560	0.69842	0.14547	0.10956	0	0.04655
V561	0.76779	0	0.10248	0.0167	0.11302
V562	0.15926	0.10166	0.15612	0.23606	0.3469
V563	0.28634	0.23415	0.18805	0.12089	0.17057
V564	0.40811	0.00875	0.03564	0.35802	0.18948
V565	0	0.09859	0.03089	0.32571	0.54481
V566	0.36047	0.11701	0.00197	0.32998	0.19057
V567	0.02648	0.03967	0.8604	0	0.07345
V568	0.06231	0.19918	0.39702	0.24172	0.09977
V569	0.698	0.04272	0.08225	0.09184	0.0852
V570	0.16488	0.02548	0.25346	0.41912	0.13707
V571	0.31342	0.00084	0.20945	0.32806	0.14824
V572	0.86473	0	0	0.01676	0.11851
V573	0.10426	0.07565	0.31185	0.35685	0.15139
V574	0.60621	0.20489	0.05415	0.0476	0.08715
V575	0.44122	0.03596	0.11144	0.1468	0.26459
V576	0.1426	0.72615	0.00553	0	0.12573
V577	0.50932	0.37849	0.0209	0	0.09129
V578	0.05115	0.15676	0.48438	0.1931	0.11462
V579	0.08426	0.45773	0.31217	0.00209	0.14374
V580	0.30285	0.43645	0	0.14109	0.11961
V581	0.11569	0.41308	0.35036	0.02505	0.09583
V582	0.00968	0.07286	0.84242	0	0.07505
V583	0.66515	0	0.28908	0	0.04578
V584	0.31469	0.42631	0.09402	0.01388	0.1511
V585	0.13985	0.65625	0.0597	0.00581	0.13839
V586	0.12551	0.63547	0.1534	0	0.08561
V587	0.14175	0.61313	0.0021	0.03111	0.21191
V588	0.30715	0.30824	0.32969	0	0.05491
V589	0.16091	0.34202	0.02535	0.33755	0.13417
V590	0.14343	0.67633	0	0	0.18024
V591	0.55025	0.36036	0.02075	0	0.06864
V592	0.02521	0.04551	0.7269	0.05635	0.14603
V593	0.44521	0	0	0.42781	0.12698
V594	0.0208	0.13625	0.61185	0.12319	0.10791
V595	0.58929	0	0.03714	0.26895	0.10462
V596	0.53481	0.13075	0.17741	0.07506	0.08196
V597	0.04689	0.24415	0.00275	0.28452	0.42169
V598	0.66326	0	0	0.0917	0.24504
V599	0.13367	0.34271	0.07231	0.3167	0.13462
V600	0.32806	0.00444	0.15796	0.36114	0.14839
V601	0.1781	0.08542	0	0.49594	0.24054
V602	0.86724	0.06884	0	0	0.06392
V603	0.17513	0.17596	0.018	0.27139	0.35952
V604	0.02833	0.05581	0.6709	0.11067	0.13429
V605	0.03466	0.13634	0.13878	0.26386	0.42636
V606	0.86035	0	0	0.0182	0.12144
V607	0.21063	0.1596	0.01554	0.19941	0.41483
V608	0.80548	0	0.00099	0.08012	0.11341
V609	0.24967	0.24686	0	0.35119	0.15228
V610	0.17215	0.54421	0	0.15804	0.1256
V611	0.32596	0.03096	0.56002	0.00058	0.08249
V612	0.45249	0.04401	0.29148	0.04663	0.16539
V613	0.50384	0.39716	0.02186	0	0.07715
V614	0.6181	0.01504	0	0.14357	0.22329
V615	0.01806	0.09942	0.11521	0.56011	0.2072
V616	0.70872	0	0.10705	0.10462	0.07961
V617	0.27974	0.07203	0.42895	0.0913	0.12798
V618	0.7908	0.04121	0.0453	0.01316	0.10953
V619	0.62627	0.02354	0.13763	0.04416	0.16841
V620	0.05719	0.02946	0.32525	0.46951	0.11859
V621	0.19768	0.22613	0.29217	0.05651	0.22751
V622	0.04566	0.23868	0.35572	0.09285	0.2671
V623	0.081	0	0	0.68543	0.23357
V624	0.90405	0	0	0.00852	0.08744
V625	0.01633	0.05087	0.07394	0.70184	0.15703
V626	0.09564	0.04032	0.51137	0.2527	0.09997
V627	0.1495	0.19955	0.1193	0.17285	0.3588
V628	0.93332	0	0	0.00337	0.06331
V629	0.17302	0.19844	0.56294	0	0.0656
V630	0.0309	0.24942	0.0268	0.23321	0.45967
V631	0	0.08591	0.29937	0.2065	0.40821
V632	0.14147	0.66894	0.00349	0.0093	0.1768
V633	0.06725	0.02577	0.0768	0.56702	0.26315
V634	0.49695	0.32136	0.12518	0	0.05651
V635	0.05576	0.16955	0.1983	0.18926	0.38714
V636	0.25684	0.14951	0.28543	0.17267	0.13555
V637	0.25897	0.01881	0.37597	0.22646	0.11978
V638	0.14605	0.44252	0.01254	0.13371	0.26518
V639	0.60762	0.27707	0.05708	0	0.05823
V640	0.15478	0.19977	0.06917	0.29996	0.27632
V641	0.1928	0.60108	0.01137	0.0685	0.12625
V642	0.7613	0	0	0.16344	0.07525
V643	0.14893	0.69571	0.0606	0	0.09475
V644	0.10139	0.37003	0.00264	0.37797	0.14797
V645	0.26343	0.60884	0.00529	0.01146	0.11098
V646	0.21785	0.44735	0.01187	0.1795	0.14343
V647	0.9151	0	0	0.02283	0.06207
V648	0.51091	0.05669	0	0.26912	0.16328
V649	0.3322	0.10726	0.06606	0.20737	0.28711
V650	0.02634	0	0.03388	0.77695	0.16283
V651	0.19167	0.14312	0	0.53087	0.13434
V652	0.4007	0	0	0.48024	0.11906
V653	0.39017	0	0.0151	0.46553	0.1292
V654	0.04057	0.15851	0.0016	0.30263	0.4967
V655	0.19579	0.04473	0.2688	0.38515	0.10553
V656	0.13628	0.07557	0	0.3221	0.46606
V657	0.09755	0.42979	0.01487	0.28448	0.17332
V658	0.03469	0.04794	0.01444	0.63572	0.26722
V659	0.02163	0.0205	0.05597	0.71942	0.18248
V660	0.11233	0.35854	0.01658	0.16123	0.35133
V661	0.12407	0.56852	0.0037	0.13673	0.16698
V662	0.08943	0.44637	0.02128	0.10828	0.33463
V663	0.94271	0	0	0	0.05729
V664	0.02444	0.03801	0.11625	0.49638	0.32492
V665	0.10414	0.54148	0.20207	0.03039	0.12193
V666	0.19276	0.68551	0.03455	0	0.08718
V667	0.10215	0.47278	0.24939	0.05375	0.12192
V668	0.71087	0.15625	0.02961	0.02137	0.08189
V669	0.55691	0.23549	0.00724	0.06977	0.1306
V670	0.18256	0.55587	0.03992	0.0298	0.19185
V671	0.80108	0	0.14458	0	0.05434
V672	0.12079	0.10218	0.07937	0.39422	0.30344
V673	0.00345	0.10884	0.00921	0.3591	0.5194
V674	0.43098	0.06738	0.44273	0	0.05891
V675	0.73683	0	0.00123	0.14173	0.12021
V676	0.31866	0.09742	0.46241	0	0.12152
V677	0.08446	0.24235	0.19957	0.33291	0.14071
V678	0.09515	0.34607	0.00989	0.17261	0.37627
V679	0.01717	0.02889	0.4288	0.41149	0.11364
V680	0.20246	0.02786	0.00298	0.44895	0.31774
V681	0.58756	0	0.01126	0.27259	0.12859
V682	0.00582	0.04976	0.8688	0	0.07561
V683	0.10519	0.17951	0.59748	0	0.11782
V684	0.0614	0	0	0.77574	0.16286
V685	0.01717	0.05209	0.774	0.07403	0.08271
V686	0.38259	0.47789	0.05548	0	0.08404
V687	0.00362	0.02831	0.55018	0.30979	0.10809
V688	0.00421	0.05253	0.85871	0	0.08456
V689	0.56857	0.02764	0.17078	0.10559	0.12741
V690	0.20419	0.68673	0.00956	0	0.09952
V691	0.18222	0.10228	0.01828	0.55107	0.14615
V692	0.08496	0.00897	0	0.71277	0.19331
V693	0.08003	0.42196	0.41236	0	0.08565
V694	0.1274	0.16569	0.01299	0.52823	0.16569
V695	0.1703	0.16106	0.14867	0.16518	0.35478
V696	0.15315	0.0294	0.6956	0.00957	0.11229
V697	0.13905	0.1099	0.29015	0.3135	0.1474
V698	0.01216	0.10017	0.19731	0.23533	0.45503
V699	0.04413	0.02396	0.02994	0.6616	0.24038
V700	0.15495	0.66638	0.06682	0	0.11184
V701	0.03112	0.25041	0.019	0.23088	0.46859
V702	0.03835	0.1041	0	0.64066	0.21689
V703	0.02245	0.00303	0.00643	0.79428	0.17382
V704	0.06044	0.11324	0.40152	0.13096	0.29385
V705	0.92658	0	0	0	0.07342
V706	0.20053	0.12772	0.13328	0.39282	0.14564
V707	0.18552	0.13854	0.05668	0.3422	0.27706
V708	0.093	0.47602	0.35805	0	0.07294
V709	0	0.11211	0.04875	0.29121	0.54792
V710	0.16484	0.06724	0.47286	0.07088	0.22418
V711	0.06374	0.08337	0.03094	0.29516	0.52678
V712	0.07988	0.03911	0.64708	0.14755	0.08638
V713	0.3352	0.32271	0.28348	0	0.05861
V714	0.05276	0.09624	0.01013	0.29328	0.54759
V715	0.04457	0.2507	0.55906	0.05592	0.08975
V716	0.79752	0.10077	0	0.02113	0.08058
V717	0.48355	0.14459	0.10768	0.06612	0.19806
V718	0.72045	0	0.21993	0	0.05962
V719	0.48733	0.18755	0.08312	0.10449	0.13751
V720	0.15712	0.10403	0.09175	0.23135	0.41575
V721	0.02433	0.09719	0.06102	0.29289	0.52456
V722	0.05585	0.22327	0.03854	0.47374	0.20861
V723	0.15723	0.18384	0.08547	0.44077	0.1327
V724	0.22	0.54191	0.02446	0.09755	0.11609
V725	0.02524	0.10075	0.02046	0.29776	0.5558
V726	0.31584	0.42619	0.04012	0.04927	0.16858
V727	0.01579	0.05055	0.8523	0	0.08136
V728	0.82137	0	0.0832	0.03439	0.06104
V729	0.67695	0.04987	0.00034	0.1864	0.08644
V730	0.15099	0.03135	0.34751	0.3462	0.12395
V731	0.00985	0.00449	0.04219	0.77786	0.16561
V732	0.01343	0	0	0.81198	0.17459
V733	0.04297	0.0604	0.82445	0	0.07218
V734	0.57136	0.04713	0.31261	0.00478	0.06413
V735	0.10708	0.20158	0.22171	0.14806	0.32158
V736	0.00558	0.13773	0.02037	0.28868	0.54763
V737	0.94259	0	0	0	0.05741
V738	0.0798	0.46226	0.01296	0.11336	0.33163
V739	0.02104	0	0	0.80483	0.17413
V740	0.27597	0.11877	0.10346	0.15999	0.34181
V741	0.55191	0	0	0.29738	0.15071
V742	0.09616	0.05593	0.50593	0.18549	0.1565
V743	0.03358	0.12612	0.079	0.31436	0.44694
V744	0.23917	0.046	0.13819	0.44723	0.12942
V745	0.20029	0	0.01701	0.64261	0.14009
V746	0.46636	0.42357	0.02144	0	0.08863
V747	0.04283	0.06248	0.81557	0	0.07912
V748	0.22412	0.20766	0.26626	0.09842	0.20354
V749	0.23503	0.09124	0.09434	0.40805	0.17135
V750	0.81121	0.10032	0	0.01628	0.07219
V751	0.08289	0.31444	0.52625	0	0.07642
V752	0.03524	0.20766	0.02803	0.24511	0.48395
V753	0.62163	0.02464	0.21441	0.0271	0.11222
V754	0.17266	0.25328	0	0.4398	0.13426
V755	0.34189	0.55487	0.02669	0	0.07656
V756	0.03162	0.18557	0.02568	0.28332	0.47381
V757	0.20111	0	0.06122	0.60592	0.13175
V758	0.12733	0.3501	0	0.38561	0.13696
V759	0.11327	0.10683	0.108	0.22086	0.45104
V760	0.09871	0.07269	0.20234	0.34161	0.28465
V761	0.10066	0.21889	0.61578	0	0.06466
V762	0.01947	0.07801	0.16282	0.46147	0.27823
V763	0.06116	0.32121	0.007	0.18515	0.42549
V764	0.14377	0.04235	0.05466	0.61674	0.14248
V765	0.21289	0.04442	0.59832	0.03922	0.10514
V766	0.14446	0.43209	0.2333	0.03441	0.15574
V767	0.37269	0.3973	0.04728	0.03168	0.15105
V768	0.1587	0.68871	0.04276	0	0.10983
V769	0.79773	0	0.14001	0	0.06226
V770	0.3665	0	0.44839	0.11547	0.06965
V771	0.15922	0.62385	0	0.0554	0.16153
V772	0.06539	0.04866	0.82103	0	0.06492
V773	0.02714	0.07977	0.00351	0.4006	0.48897
V774	0.20056	0.04153	0.51712	0.05061	0.19019
V775	0.90846	0	0	0.02496	0.06658
V776	0.45237	0.32576	0.13723	0	0.08464
V777	0.29607	0.31341	0.21966	0.06384	0.10702
V778	0.60304	0.0144	0	0.22153	0.16103
V779	0.12602	0.34222	0.45726	0	0.0745
V780	0.02651	0.04012	0.86039	0	0.07298
V781	0.25398	0.29658	0.16834	0.05056	0.23054
V782	0.31176	0.24813	0.00943	0.11873	0.31195
V783	0.00036	0.06323	0.62703	0.09406	0.21532
V784	0.10689	0.52709	0	0.20151	0.16451
V785	0.7736	0.05467	0	0.07564	0.09609
V786	0.21805	0.14797	0	0.49445	0.13953
V787	0.22606	0.49155	0	0.13857	0.14381
V788	0.48096	0.33199	0.054	0	0.13305
V789	0.0305	0.17739	0	0.47596	0.31616
V790	0.36301	0.2088	0.04458	0.15956	0.22405
V791	0.24249	0.21323	0.0559	0.24513	0.24324
V792	0.93974	0	0	0	0.06026
V793	0.41713	0.23217	0.03448	0.11992	0.19631
V794	0.01473	0.0926	0.10778	0.36319	0.4217
V795	0.23451	0.6634	0.00799	0	0.0941
V796	0.38748	0.32512	0.08504	0.09697	0.10539
V797	0.17347	0.06438	0	0.27166	0.49049
V798	0.21706	0.45694	0	0.10607	0.21994
V799	0.05749	0.14113	0.02486	0.60823	0.16829
V800	0.027	0.09482	0.01918	0.3616	0.4974
V801	0.42902	0	0.08321	0.37643	0.11134
V802	0.06175	0.26278	0.01505	0.21377	0.44665
V803	0.34225	0	0	0.52656	0.13119
V804	0.25593	0.13277	0.16987	0.31833	0.12309
V805	0.19562	0.12985	0.40075	0.15003	0.12376
V806	0.55415	0.00365	0.17628	0.09808	0.16785
V807	0.78021	0	0.02972	0.06204	0.12804
V808	0.88108	0	0.0134	0.00559	0.09994
V809	0.30151	0.51621	0.00997	0.01184	0.16047
V810	0.03835	0.08934	0.02589	0.5375	0.30893
V811	0.07096	0.16416	0.01894	0.30551	0.44044
V812	0.10855	0.56205	0.18338	0.02628	0.11975
V813	0.06331	0.26249	0.22577	0.12154	0.32688
V814	0.29293	0.44935	0.04583	0.09809	0.11381
V815	0.3353	0.54478	0.01792	0	0.10201
V816	0.08907	0.42998	0	0.33214	0.14882
V817	0.83733	0	0.11081	0	0.05186
V818	0.07276	0.23166	0.35174	0.10111	0.24273
V819	0.93437	0	0	0.00282	0.06281
V820	0.12675	0.30992	0.09989	0.33005	0.13339
V821	0	0.10359	0.01989	0.30884	0.56767
V822	0.21055	0	0	0.65193	0.13752
V823	0.0659	0.15051	0.23972	0.16686	0.37701
V824	0.08502	0.11587	0.02743	0.26204	0.50964
V825	0.18159	0.01783	0.59035	0.13695	0.07327
V826	0.05181	0.04508	0.82878	0.00144	0.07289
V827	0.41283	0.08671	0	0.34827	0.15219
V828	0.31369	0.15756	0.09675	0.15349	0.27851
V829	0.12193	0.11563	0.29379	0.2357	0.23296
V830	0.18385	0.04171	0.6395	0.02232	0.11262
V831	0.12272	0.62065	0.03985	0.08657	0.13022
V832	0.25812	0.0202	0.05694	0.35597	0.30877
V833	0.29488	0.60558	0	0	0.09954
V834	0.80862	0.07175	0.01459	0.01275	0.09229
V835	0.32707	0.23396	0.06606	0.23488	0.13803
V836	0.43827	0.04356	0.39222	0.05963	0.06633
V837	0.13644	0.70205	0.0123	0	0.14921
V838	0.00332	0	0.05712	0.7717	0.16786
V839	0.04347	0.12063	0.08606	0.25315	0.49668
V840	0.93328	0	0	0.00257	0.06416
V841	0.26197	0.02174	0.6655	0	0.05079
V842	0.59353	0.0037	0.17184	0.15339	0.07753
V843	0.54069	0	0.1312	0.12848	0.19963
V844	0.03976	0.16892	0.70479	0	0.08654
V845	0.0316	0.01534	0	0.6593	0.29376
V846	0.14319	0.10236	0.10048	0.24991	0.40406
V847	0.26038	0.04313	0.04378	0.28751	0.36519
V848	0.78533	0	0	0.09174	0.12293
V849	0.17419	0.06863	0.65317	0	0.10401
V850	0.26661	0.0521	0.27323	0.2019	0.20615
V851	0.93776	0	0	0	0.06224
V852	0.30001	0.07916	0.06484	0.27081	0.28518
V853	0.05872	0.1352	0.56755	0.12144	0.1171
V854	0.09677	0.33811	0.24201	0.11016	0.21296
V855	0.17068	0.3314	0.07237	0.27371	0.15184
V856	0.24049	0.37704	0.04758	0.0676	0.26729
V857	0.10101	0.06156	0.1531	0.45428	0.23005
V858	0.07057	0.32777	0.1795	0.22192	0.20023
V859	0.15584	0	0	0.68469	0.15947
V860	0.06653	0.12542	0.04206	0.59728	0.16871
V861	0.17606	0.00666	0.09986	0.587	0.13041
V862	0.07963	0.07951	0.02349	0.33426	0.48311
V863	0.14435	0.73467	0.01383	0	0.10716
V864	0.05059	0.03391	0.80252	0.03906	0.07392
V865	0.10458	0.0225	0.58622	0.20397	0.08272
V866	0.04675	0.06649	0.59207	0.19673	0.09795
V867	0.66412	0.01039	0	0.08706	0.23843
V868	0.29659	0.18271	0.36474	0.07031	0.08566
V869	0.00989	0.09217	0.04001	0.30534	0.55259
V870	0.34102	0.14592	0.05815	0.26311	0.1918
V871	0.047	0.12361	0.10679	0.29357	0.42903
V872	0.4405	0	0	0.42889	0.13061
V873	0.10679	0.28354	0.13042	0.33157	0.14768
V874	0.11651	0.12651	0.00662	0.25775	0.49262
V875	0.03467	0.18414	0.00616	0.51953	0.25549
V876	0.56808	0.05358	0.04417	0.09555	0.23862
V877	0.33389	0.50717	0.02373	0.02676	0.10845
V878	0.11558	0.57954	0.02912	0.14572	0.13004
V879	0.92718	0	0	0.00579	0.06703
V880	0.10876	0.09849	0.0113	0.4945	0.28696
V881	0.01207	0.07053	0.54468	0.1042	0.26852
V882	0.10751	0.39267	0	0.366	0.13383
V883	0.58999	0.11078	0	0.16626	0.13297
V884	0	0.09104	0.02233	0.32031	0.56633
V885	0.21479	0.08552	0.36888	0.14776	0.18305
V886	0	0.06571	0.0393	0.43454	0.46045
V887	0.19506	0.69809	0.0029	0	0.10394
V888	0.08555	0.08637	0.03142	0.62714	0.16952
V889	0.22189	0.6491	0.0307	0	0.0983
V890	0.04303	0.02101	0.12044	0.62423	0.1913
V891	0.00939	0.07413	0.83861	0	0.07787
V892	0.68685	0.17049	0.00212	0.00831	0.13223
V893	0.19883	0.16589	0.47616	0.05614	0.10298
V894	0.17862	0.44327	0.02917	0.21053	0.13841
V895	0.72476	0	0.2266	0	0.04864
V896	0.27471	0.17444	0.20693	0.24562	0.09831
V897	0.00585	0	0.02845	0.74541	0.22028
V898	0.47855	0.0212	0	0.16997	0.33028
V899	0.65467	0.21164	0.06289	0	0.07081
V900	0.328	0.18375	0.24511	0.14872	0.09442
V901	0.72628	0	0	0.1623	0.11142
V902	0.89021	0	0	0.02697	0.08282
V903	0.33165	0.04121	0.04083	0.45493	0.13138
V904	0.78684	0.03017	0.13002	0	0.05297
V905	0.06775	0.29987	0.05167	0.35035	0.23035
V906	0.19622	0.07148	0.44309	0.11183	0.17738
V907	0.78004	0.05014	0.04253	0.04188	0.08541
V908	0.07211	0.28903	0.0283	0.44832	0.16224
V909	0.03724	0.09257	0	0.67885	0.19135
V910	0.74797	0.09418	0	0.05193	0.10593
V911	0.07946	0.25047	0.50804	0.01184	0.1502
V912	0.04088	0.09943	0.16924	0.26607	0.42438
V913	0.17658	0.00872	0.04501	0.61037	0.15933
V914	0.8059	0	0	0.10262	0.09148
V915	0.26423	0.20811	0.04701	0.14122	0.33942
V916	0.83614	0	0.08016	0	0.0837
V917	0.53958	0.03269	0	0.13475	0.29298
V918	0.65801	0.08371	0.18877	0	0.06951
V919	0.50546	0.0999	0	0.25499	0.13965
V920	0.21965	0	0.08254	0.57104	0.12677
V921	0.26498	0.20682	0.11309	0.1096	0.30551
V922	0.05222	0.05591	0.67725	0.04122	0.1734
V923	0.23826	0.43351	0.00936	0.08637	0.2325
V924	0.58719	0.03928	0	0.23646	0.13707
V925	0.19135	0.11081	0.4406	0.14395	0.11329
V926	0.01529	0.11848	0.01898	0.29925	0.54799
V927	0.61537	0.1719	0.08696	0.04564	0.08013
V928	0.17847	0.2455	0.203	0.1908	0.18223
V929	0.10142	0.31428	0.00368	0.17266	0.40796
V930	0.09337	0.08711	0.07337	0.25307	0.49308
V931	0.58113	0.10442	0	0.10266	0.21178
V932	0.07344	0.14294	0.03505	0.42261	0.32595
V933	0.36446	0	0.03215	0.34917	0.25423
V934	0.72521	0.00708	0.22387	0	0.04384
V935	0.66241	0.06402	0.10402	0.05418	0.11537
V936	0.37137	0.03365	0.08622	0.38779	0.12096
V937	0.23474	0.57118	0.08715	0	0.10693
V938	0.18474	0.70476	0.02015	0	0.09035
V939	0.00057	0.0539	0.01951	0.49795	0.42807
V940	0.65173	0.04727	0.0635	0.07929	0.15822
V941	0.03537	0.13507	0.10689	0.49	0.23267
V942	0.80311	0.12919	0	0	0.0677
V943	0.07041	0.17527	0.06126	0.23166	0.46141
V944	0.39828	0	0.08134	0.41106	0.10932
V945	0.09142	0.23773	0.55446	0.01258	0.10381
V946	0.08779	0.39546	0.44424	0	0.07251
V947	0.47361	0.02582	0.00862	0.219	0.27294
V948	0.16618	0.59386	0.02871	0.06806	0.14319
V949	0.90879	0.01818	0.01342	0	0.05962
V950	0.08213	0	0	0.75907	0.15879
V951	0.3548	0	0	0.47631	0.16889
V952	0.16554	0.0229	0.01992	0.6051	0.18654
V953	0.54689	0.02126	0	0.31668	0.11517
V954	0.34081	0.43803	0.04772	0.03435	0.1391
V955	0.09241	0.01958	0.50888	0.28415	0.09498
V956	0.09201	0.39729	0.0761	0.29997	0.13463
V957	0.2069	0.62202	0.04703	0.00747	0.11657
V958	0.15072	0.71105	0.00409	0	0.13414
V959	0.1006	0.02883	0.74377	0.0436	0.0832
V960	0.60494	0.02364	0.12358	0.11174	0.1361
V961	0.15275	0.71823	0.00453	0	0.12448
V962	0.24918	0.13794	0	0.22438	0.3885
V963	0.02804	0.01977	0.39939	0.4305	0.12229
V964	0.01579	0.05055	0.8523	0	0.08136
V965	0.00159	0.01605	0.42283	0.42371	0.13582
V966	0.03648	0.05149	0.50075	0.16532	0.24596
V967	0.45914	0.39514	0	0	0.14572
V968	0.15578	0.73509	0.00635	0	0.10278
V969	0.19946	0.4262	0.12295	0.10131	0.15008
V970	0.23198	0.30063	0.40284	0	0.06454
V971	0.77955	0.00662	0.14775	0.00318	0.0629
V972	0.1842	0.69752	0	0	0.11828
V973	0.05431	0.04462	0.53216	0.23241	0.13651
