Neutrophils	Monocytes_CD14.CD16.	Macrophage	T_cells_.CD4..	NK_cells
V1	0.37432	0.12972	0.21215	0.14264	0.14116
V2	0.08556	0.75096	0.03074	0.03213	0.10061
V3	0.08943	0.01126	0.38156	0.42834	0.0894
V4	0.00778	0.04222	0.22377	0.16322	0.56301
V5	0.0084	0.03142	0.05382	0.23048	0.67588
V6	0.38218	0.01927	0.23293	0.23594	0.12968
V7	0.01017	0.06248	0.39279	0.14935	0.38521
V8	0.02251	0.03794	0.79885	0.08024	0.06045
V9	0.07577	0	0.21381	0.6094	0.10102
V10	0.52749	0.02613	0.40384	0	0.04254
V11	0.03283	0.05141	0.09383	0.18617	0.63576
V12	0.09837	0.01626	0.19295	0.36495	0.32748
V13	0.15124	0.04495	0.02377	0.46048	0.31956
V14	0.17721	0	0.04688	0.62315	0.15276
V15	0.04294	0	0	0.81304	0.14402
V16	0.59663	0.05257	0	0.2855	0.0653
V17	0.07764	0.28007	0.00406	0.13896	0.49928
V18	0.11732	0.40963	0.20782	0.18741	0.07781
V19	0.02275	0.04021	0	0.24442	0.69262
V20	0.01298	0.01198	0.65698	0.23957	0.0785
V21	0.03286	0.27974	0.11001	0.21692	0.36047
V22	0.84216	0.06593	0.05001	0	0.0419
V23	0.08334	0.04201	0.01436	0.24947	0.61082
V24	0.50139	0.12847	0.00708	0.07703	0.28602
V25	0.03201	0.03498	0.00655	0.49185	0.43462
V26	0.51921	0.20313	0.04221	0.04888	0.18656
V27	0.15457	0.50698	0.14879	0.01179	0.17786
V28	0.05152	0.0593	0.16472	0.60261	0.12184
V29	0.01756	0	0.27779	0.59491	0.10974
V30	0.76931	0.09607	0.01515	0.01573	0.10375
V31	0.45518	0.13533	0	0.23174	0.17775
V32	0.93568	0	0	0	0.06432
V33	0.02773	0.22965	0.00573	0.20683	0.53006
V34	0.14575	0.78643	0	0	0.06783
V35	0.12533	0.60014	0.20694	0.00314	0.06445
V36	0.03506	0.2043	0.1492	0.16789	0.44356
V37	0.78353	0	0	0.02696	0.18951
V38	0.15085	0.03337	0.42278	0.22795	0.16506
V39	0.38013	0.04568	0.29511	0.04265	0.23644
V40	0.25576	0.58099	0	0.07426	0.08899
V41	0.07879	0.80439	0	0	0.11682
V42	0.89056	0.02252	0.01267	0	0.07425
V43	0.5367	0.12069	0.29513	0.0042	0.04327
V44	0.05438	0.30843	0.49564	0.00925	0.1323
V45	0.06807	0.64647	0.06743	0.11448	0.10355
V46	0.14564	0.72795	0.04378	0.00246	0.08017
V47	0.00914	0.04024	0.87546	0.00796	0.06721
V48	0.19793	0.12367	0.18233	0.33639	0.15967
V49	0.51168	0.13437	0.18361	0.11635	0.05399
V50	0.03509	0.05732	0.8476	0.00222	0.05778
V51	0.12824	0.28635	0.16816	0.10664	0.31061
V52	0.08241	0.84364	0	0	0.07396
V53	0.05232	0.1424	0	0.68363	0.12165
V54	0.23368	0	0	0.55178	0.21454
V55	0.0852	0	0	0.78587	0.12894
V56	0.08117	0	0	0.72929	0.18954
V57	0.1911	0.14245	0.49993	0.03501	0.13151
V58	0.08161	0.00429	0.12367	0.3041	0.48633
V59	0.88721	0.00545	0.07194	0	0.0354
V60	0.46757	0.19616	0.09541	0.11684	0.12402
V61	0.21907	0.01485	0.01778	0.30503	0.44327
V62	0.07094	0.04088	0.27365	0.21691	0.39763
V63	0.43886	0.26073	0.04269	0.04795	0.20977
V64	0.94431	9e-04	0.0162	0	0.03859
V65	0.10902	0.0633	0.02305	0.60978	0.19486
V66	0.0432	0	0.10073	0.73236	0.12371
V67	0.0085	0.03787	0.31639	0.18953	0.4477
V68	0.52401	0.00553	0.34505	0.03356	0.09186
V69	0.64311	0.11009	0.1635	0.00633	0.07697
V70	0.09275	0.67456	0.02193	0.12086	0.0899
V71	0.12637	0.74048	0.02287	0.03103	0.07925
V72	0.05554	0.42883	0.0117	0.09421	0.40972
V73	0.07502	0	0.07881	0.5995	0.24666
V74	0.03373	0.0408	0	0.7502	0.17527
V75	0.52094	0.17668	0.25682	0	0.04557
V76	0.02463	0	0.00436	0.80011	0.1709
V77	0.03337	0.0308	0.83238	0.04523	0.05821
V78	0.00981	0.04833	0.86063	0.01504	0.06619
V79	0.10378	0.40984	0.0235	0.17153	0.29136
V80	0.15405	0.6915	0	0.03205	0.12241
V81	0.0216	0.03949	0.87349	0.00537	0.06005
V82	0.26527	0.1352	0.01261	0.48993	0.09699
V83	0.11942	0.06729	0.00853	0.55651	0.24826
V84	0.10693	0.19508	0	0.15604	0.54196
V85	0.00943	0.03966	0.87414	0.01511	0.06166
V86	0.0487	0.24209	0.25138	0.36583	0.092
V87	0.48366	0	0.02341	0.40755	0.08538
V88	0.34484	0.15985	0.03528	0.21939	0.24065
V89	0.06403	0.11928	0.72566	0.03551	0.05552
V90	0.02533	0.21108	0.04554	0.20275	0.51529
V91	0.02404	0	0.05587	0.79007	0.13002
V92	0.26924	0.05467	0.01845	0.15093	0.5067
V93	0.0274	0.07691	0.13428	0.53625	0.22515
V94	0.05121	0.18484	0.01113	0.31886	0.43396
V95	0.07717	0.25552	0.01072	0.18986	0.46673
V96	0.82917	0	0.01577	0.02681	0.12825
V97	0.1831	0.04493	0.03459	0.22139	0.51599
V98	0.07682	0.3849	0.14784	0.14948	0.24096
V99	0.53985	0.11515	0	0.20917	0.13584
V100	0.57459	0.15776	0.0347	0.06042	0.17252
V101	0.09079	0.83602	9e-04	0	0.0723
V102	0.35032	0.24136	0.10667	0.11708	0.18456
V103	0.14052	0.01511	0.00082	0.19093	0.65263
V104	0.0671	0.4349	0.06555	0.08167	0.35078
V105	0.00958	0.0411	0.03606	0.23887	0.6744
V106	0.08125	0.72264	0.1114	0	0.08471
V107	0.07333	0.22971	0.5966	0.03849	0.06187
V108	0.03432	0.19553	0.7138	0	0.05635
V109	0.07899	0.22163	0.0403	0.32671	0.33236
V110	0.21269	0.48628	0.14308	0.08392	0.07403
V111	0.33075	0.225	0.40492	0	0.03933
V112	0.20103	0	0.08035	0.49449	0.22412
V113	0.27222	0.00616	0.0905	0.23374	0.39738
V114	0.60793	0.06338	0.03376	0.16734	0.1276
V115	0.88752	0	0	0.00706	0.10543
V116	0.0095	0.03735	0	0.22308	0.73007
V117	0.07022	0.02995	0.73772	0.08892	0.0732
V118	0.05441	0	0	0.80029	0.1453
V119	0.37661	0.01045	0.33284	0.22313	0.05697
V120	0.02153	0.02143	0.74674	0.12426	0.08604
V121	0.22159	0.67549	0	0	0.10292
V122	0.05782	0.38825	0.06353	0.25215	0.23825
V123	0.53343	0.03056	0.05742	0.20264	0.17596
V124	0.24357	0.11326	0.04606	0.27614	0.32098
V125	0.06713	0.44955	0.42111	0	0.06222
V126	0.18658	0.19531	0.18601	0.15864	0.27347
V127	0.33035	0.00567	0.5743	0.04173	0.04793
V128	0.22894	0.70292	0	0	0.06815
V129	0.30758	0.03635	0.23056	0.20788	0.21762
V130	0.05698	0.49577	0.0237	0.22589	0.19766
V131	0.03253	0	0.18815	0.66815	0.11116
V132	0.38292	0.0026	0	0.36558	0.2489
V133	0.01221	0.07358	0.50775	0.14424	0.26222
V134	0.09431	0.04264	0.71414	0.03828	0.11063
V135	0.03861	0.12017	0.6619	0.04452	0.13479
V136	0.95616	0	0.00169	0	0.04215
V137	0.91302	0.01417	0.00108	0.01259	0.05915
V138	0.28307	0.14932	0.0617	0.18863	0.31729
V139	0.13896	0	0.11813	0.63611	0.1068
V140	0.02989	0.02051	0.14931	0.18146	0.61883
V141	0.03862	0.22898	0.57197	0.09288	0.06754
V142	0.25166	0	0.29465	0.18525	0.26844
V143	0.03715	0.2077	0.42397	0.16523	0.16595
V144	0.54022	0.20339	0.04782	0.10478	0.10379
V145	0.00978	0.04594	0.84798	0.02473	0.07156
V146	0.05679	0.33929	0	0.3335	0.27042
V147	0.12442	0.07607	0.61152	0.11003	0.07796
V148	0.18547	0.73066	0	0.00255	0.08131
V149	0.02493	0	0	0.80688	0.16819
V150	0.18005	0.20653	0.51525	0	0.09818
V151	0.45985	0	0	0.39184	0.14831
V152	0.0288	0	0.08376	0.72197	0.16547
V153	0.20904	0.19278	0.39809	0.05995	0.14014
V154	0.14879	0.58802	0.00813	0.04339	0.21166
V155	0.05372	0	0.09991	0.72422	0.12215
V156	0.12363	0.03776	0.35767	0.20994	0.27099
V157	0.11307	0.04728	0.14589	0.34796	0.34579
V158	0.23745	0.00749	0.40556	0.09682	0.25268
V159	0.1422	0.19656	0	0.5378	0.12345
V160	0.50116	0.1595	0.07339	0.06367	0.20228
V161	0.24391	0.03782	0.05155	0.14166	0.52507
V162	0.01063	0.05092	0.87069	0.00622	0.06154
V163	0.05689	0.02807	0.00922	0.22834	0.67748
V164	0.92063	0.03355	0.00937	0	0.03645
V165	0.63912	0.19622	0.06178	0.03049	0.07239
V166	0.07121	0	0.19591	0.58097	0.1519
V167	0.06652	0.62775	0.00229	0.12588	0.17756
V168	0.01063	0.05092	0.87069	0.00622	0.06154
V169	0.08854	0.65906	0.11946	0.05142	0.08152
V170	0.27938	0.369	0.03383	0.17782	0.13997
V171	0.35796	0.07688	0.30656	0.17089	0.0877
V172	0.21086	0.24368	0.05552	0.10374	0.38619
V173	0.24433	0.09047	0.06817	0.40646	0.19058
V174	0.25051	0	0.30961	0.23741	0.20247
V175	0.09501	0.15875	0.1008	0.25899	0.38645
V176	0.38695	0	0	0.52355	0.0895
V177	0.23735	0.03138	0.49953	0.17064	0.0611
V178	0.33046	0.04139	0.40008	0.12069	0.10738
V179	0.10579	0.03686	0.00053	0.19384	0.66298
V180	0.03082	0.04159	0.32671	0.13057	0.47032
V181	0.08097	0.29789	0	0.15982	0.46131
V182	0.58676	0.20235	0	0.13085	0.08004
V183	0.09953	0.82629	0	0	0.07418
V184	0.36213	0	0.24684	0.30953	0.08151
V185	0.13256	0.47846	0.00724	0.15786	0.22388
V186	0.16049	0.18594	0.01522	0.30584	0.33251
V187	0.11229	0.6343	0	0.16475	0.08865
V188	0.86032	0.00952	0.02319	0.06142	0.04556
V189	0.48575	0.21443	0.01894	0.21213	0.06874
V190	0.46932	0.06874	0.18583	0.05209	0.22402
V191	0.24588	0.19804	0	0.39686	0.15923
V192	0.3611	0.18037	0.09793	0.2114	0.14921
V193	0.09722	0.2227	0.4604	0.06067	0.15901
V194	0.30123	0.05772	0.0719	0.18762	0.38152
V195	0.61336	0.15689	0.19227	0	0.03748
V196	0.00772	0.02133	0.05498	0.23384	0.68213
V197	0.10077	0.81243	0	0.00329	0.0835
V198	0.26191	0.22354	0.02044	0.23493	0.25918
V199	0.80106	0	0.17694	0	0.02201
V200	0.79896	0	0.01696	0.03393	0.15014
V201	0.0504	0	0.00614	0.7039	0.23956
V202	0.91553	0.04091	0	0	0.04356
V203	0.56441	0.23846	0.01313	0.05138	0.13262
V204	0.38164	0.09056	0.02366	0.09674	0.4074
V205	0.13334	0.04952	0.10425	0.20312	0.50977
V206	0.06874	0.07169	0	0.7145	0.14507
V207	0.04294	0	0	0.81304	0.14402
V208	0.19695	0.22533	0.41297	0.05003	0.11472
V209	0.18264	0.03914	0.08597	0.16902	0.52323
V210	0.00896	0.03848	0.8696	0.01614	0.06682
V211	0.18428	0.03949	0.18513	0.14305	0.44805
V212	0.09387	0.72586	0.05195	0.02054	0.10779
V213	0.11856	0	0.05135	0.36752	0.46256
V214	0.05413	0.5439	0.32209	0	0.07988
V215	0.28871	0.22788	0.1102	0.1186	0.2546
V216	0.07056	0.05738	0.30409	0.14804	0.41993
V217	0.02057	0	0.00963	0.78417	0.18564
V218	0.102	0.18306	0.23768	0.33814	0.13913
V219	0.16585	0.26419	0.32138	0.17835	0.07022
V220	0.22103	0.68062	0.0355	0	0.06286
V221	0.06018	0.0857	0.46009	0.08401	0.31002
V222	0.02089	0.03373	0.00457	0.22528	0.71553
V223	0.58058	0	0.26266	0.10468	0.05207
V224	0.06858	0.55161	0.00952	0.11142	0.25888
V225	0.72915	0.14206	0.09707	0	0.03171
V226	0.47409	0.4749	0	0	0.051
V227	0.12197	0.23259	0	0.52147	0.12397
V228	0.64048	0.01463	0.22446	0.05767	0.06276
V229	0.31106	0.38182	0.20987	0.02409	0.07316
V230	0.02049	0.02341	0.00579	0.22838	0.72192
V231	0.09644	0.58438	0.03659	0.15101	0.13158
V232	0.82879	0	0.14656	0	0.02465
V233	0.07021	0.04177	0.13392	0.23018	0.52393
V234	0.04722	0.36121	0.16964	0.31926	0.10267
V235	0.9519	0	0	0.00445	0.04366
V236	0.10971	0.01563	0.57103	0.20516	0.09847
V237	0.15591	0.07568	0.22337	0.3422	0.20285
V238	0.01527	0.0163	0.00298	0.41495	0.5505
V239	0.09325	0.40717	0.03085	0.2053	0.26343
V240	0.0985	0.79165	0	0	0.10986
V241	0.08193	0.84197	0	0	0.0761
V242	0.06288	0.31426	0.24239	0.26234	0.11813
V243	0.54045	0.00446	0.28125	0.03952	0.13433
V244	0.05534	0.41839	0.15687	0.11769	0.25172
V245	0.08141	0.82787	0.01363	0	0.07708
V246	0.63514	0.24841	0.01392	0	0.10253
V247	0.23778	0.10432	0.54124	0.0476	0.06906
V248	0.12685	0.60052	0.009	0.03428	0.22935
V249	0.29437	0.07222	0.17646	0.15944	0.2975
V250	0.03352	0.0533	0.60006	0.08594	0.22718
V251	0.24735	0	0.06747	0.55764	0.12755
V252	0.04304	0.1315	0.48853	0.1771	0.15983
V253	0.32863	0.53076	0.0557	0.01568	0.06924
V254	0.53797	0.34508	0	0.05215	0.0648
V255	0.82943	0.06235	0	0.01442	0.09379
V256	0.0728	0.73521	0.00398	0.01408	0.17393
V257	0.48333	0.28389	0.10935	0.02446	0.09898
V258	0.19412	0.29411	0.02707	0.39124	0.09346
V259	0.56604	0.24943	0.13552	0	0.04901
V260	0.30016	0.03883	0.08972	0.17537	0.39593
V261	0.03814	0.02393	0.45108	0.32114	0.16571
V262	0.91606	0.00643	0.03915	0	0.03836
V263	0.80896	0.06066	0.00331	0.08165	0.04542
V264	0.10046	0.81159	0	0.0091	0.07886
V265	0.83722	0.06633	0.05721	0	0.03925
V266	0.01889	0.02067	0.07915	0.21686	0.66444
V267	0.05912	0.02024	0.00041	0.31428	0.60596
V268	0.23527	0.40743	0.10391	0.1545	0.09889
V269	0.12108	0.31912	0.29367	0.17628	0.08986
V270	0.06583	0	0.01373	0.79224	0.12821
V271	0.25278	0.66205	0	0	0.08517
V272	0.13612	0.75985	0.00975	0	0.09427
V273	0.32864	0.00278	0.14521	0.34303	0.18034
V274	0.1109	0.05183	0.02715	0.31831	0.49181
V275	0.07902	0.66679	0.11189	0.05947	0.08284
V276	0.02494	0.02042	0.62302	0.24276	0.08887
V277	0.42537	0.00391	0.51458	0	0.05613
V278	0.02115	0.03277	0.29062	0.47534	0.18012
V279	0.16197	0	0	0.6923	0.14573
V280	0.2207	0	0.02174	0.594	0.16357
V281	0.05441	0.19786	0.02406	0.60634	0.11734
V282	0.09057	0.83432	0	0	0.07511
V283	0.40909	0.00897	0.09671	0.11202	0.37321
V284	0.04058	0.15364	0.48294	0.0581	0.26473
V285	0.5276	0.41306	0	2e-05	0.05932
V286	0.10669	0.04299	0.75529	0.03791	0.05712
V287	0.28254	0.05792	0.13762	0.31464	0.20728
V288	0.24645	0.02187	0.56642	0.02523	0.14004
V289	0.18771	0.19555	0.00598	0.50793	0.10283
V290	0.45279	0.41086	0.09728	0	0.03907
V291	0.43429	0.1769	0	0.31006	0.07874
V292	0.14745	0.04405	0.36947	0.11414	0.32489
V293	0.01747	0.13278	0.72735	0.05138	0.07101
V294	0.00873	0.03633	0.00657	0.2212	0.72718
V295	0.03304	0.01793	0.27839	0.51989	0.15075
V296	0.85169	0.08923	0	0	0.05908
V297	0.0342	0.02787	0.70366	0.14224	0.09202
V298	0.30943	0	0	0.52578	0.16479
V299	0.27792	0	0	0.62178	0.1003
V300	0.95825	0	0	0	0.04175
V301	0.94362	0	0	0.01033	0.04605
V302	0.01894	0.00796	0.0022	0.50887	0.46202
V303	0.13582	0.1811	0.17902	0.2279	0.27616
V304	0.22938	0.04739	0.66282	0.00034	0.06007
V305	0.24297	0.31691	0.06768	0.13525	0.23719
V306	0.34558	0.58691	0	0	0.06751
V307	0.27	0	0.21863	0.43336	0.07801
V308	0.28213	0.01607	0.581	0.06945	0.05134
V309	0.68229	0.05154	0.03396	0.11295	0.11926
V310	0.03574	0.04621	0.0012	0.27213	0.64472
V311	0.0307	0	0.02186	0.80828	0.13916
V312	0.1128	0.27158	0.21552	0.07094	0.32916
V313	0.08694	0.29339	0.00076	0.34167	0.27724
V314	0.09949	0.01061	0	0.46749	0.42241
V315	0.94198	0	0.00469	0	0.05333
V316	0.14456	0.53977	0.1945	0.01761	0.10356
V317	0.43849	0.08159	0.43051	0	0.04941
V318	0.91079	0	0	0	0.08921
V319	0.13225	0.07514	0.73425	0.00846	0.0499
V320	0.09187	0	0	0.77674	0.1314
V321	0.1703	0.32301	0.24544	0.1782	0.08305
V322	0.02907	0.27652	0.50107	0.06151	0.13183
V323	0.29551	0.21657	0.3674	0.01859	0.10194
V324	0.06439	0.0178	0.02634	0.7613	0.13016
V325	0.6621	0.0904	0.06229	0.09937	0.08583
V326	0.05865	0.02973	0.0472	0.28646	0.57796
V327	0.36421	0.45854	0.07799	0.00443	0.09483
V328	0.07679	0.26905	0.12706	0.42376	0.10334
V329	0.02386	0.0407	0.33102	0.50296	0.10145
V330	0.10591	0.04664	0.75817	0.00526	0.08401
V331	0.15785	0.03633	0.07711	0.22039	0.50832
V332	0.52244	0.04623	0.37969	0	0.05164
V333	0.4568	0.02128	0.25651	0.15852	0.10688
V334	0.06724	0.29134	0.47554	0.07732	0.08858
V335	0.7518	0.04437	0.06305	0.03239	0.10838
V336	0.19483	0.5433	0.20254	0	0.05933
V337	0.01186	0.0244	0.01158	0.32429	0.62787
V338	0.75774	0.00995	0.12351	0.01446	0.09435
V339	0.24246	0.51242	0.14148	0	0.10365
V340	0.04592	0.19218	0.09577	0.17551	0.49061
V341	0.04829	0.48631	0.36462	0.00017	0.10061
V342	0.34083	0.14386	0.37502	0.09085	0.04944
V343	0.73434	0	0.23843	0	0.02723
V344	0.13425	0.71228	0.02242	0.0099	0.12115
V345	0.24578	0.04433	0	0.35174	0.35815
V346	0.06248	0.30267	0.25949	0.27408	0.10128
V347	0.11466	0.48484	0.00648	0.28058	0.11345
V348	0.03457	0.14547	0.38715	0.2642	0.16861
V349	0.09149	0.31481	0.45616	0.01884	0.11871
V350	0.1418	0.40097	0.05972	0.22917	0.16834
V351	0.21478	0.02193	0.371	0.31197	0.08032
V352	0.1396	0.51935	0.2821	0	0.05894
V353	0.28743	0.33183	0.02061	0.08654	0.27359
V354	0.61693	0.01163	0.34675	0	0.02469
V355	0.11481	0.00344	0.2831	0.50339	0.09526
V356	0.11863	0.04357	0.74006	0.02523	0.07251
V357	0.05888	0.06231	0.47196	0.10168	0.30517
V358	0.05345	0.00876	0.02005	0.78302	0.13472
V359	0.08062	0.08241	0	0.71496	0.12201
V360	0.73585	0.0286	0.06915	0.12181	0.04458
V361	0.37197	0.4549	0.06258	0	0.11054
V362	0.84349	0	0.07449	0	0.08201
V363	0.03764	0.05241	0.00018	0.30426	0.60551
V364	0.06569	0.27388	0.00824	0.43634	0.21585
V365	0.02504	0	0	0.81793	0.15703
V366	0.25038	0.04969	0.52316	0.07122	0.10555
V367	0.26565	0.21584	0.16971	0.17949	0.16931
V368	0.77431	0.07153	0.09851	0	0.05565
V369	0.07432	0.61957	0.18461	0.05109	0.07043
V370	0.04055	0.15847	0.10006	0.40613	0.29479
V371	0.08902	0.81727	0.02682	0	0.06689
V372	0.68554	0.05325	0.11479	0.08974	0.05668
V373	0.151	0.61628	0.09499	0.06345	0.07428
V374	0.12895	0.03874	0.32115	0.42826	0.0829
V375	0.35657	0.0121	0.52465	0.06305	0.04363
V376	0.01765	0.02132	0.38602	0.13254	0.44247
V377	0.12231	0.48331	0.16227	0.15458	0.07754
V378	0.16789	0.53838	0.13842	0.00243	0.15288
V379	0.03221	0.02532	0.10195	0.2404	0.60013
V380	0.03522	0.04728	0.1439	0.52949	0.2441
V381	0.16992	0.07103	0	0.1664	0.59265
V382	0.43926	0	0	0.32142	0.23933
V383	0.05361	0	0.2239	0.61891	0.10358
V384	0.32775	0.02697	0.1329	0.40219	0.11019
V385	0.10116	0.12644	0	0.1701	0.60229
V386	0.67168	0	0	0.2677	0.06062
V387	0.29328	0	0	0.59197	0.11475
V388	0.08842	0.77894	0.01758	0.03237	0.08269
V389	0.15604	0.72438	0.00185	0.01135	0.10639
V390	0.19424	0	0	0.63826	0.1675
V391	0.72628	0.13121	0	0.05785	0.08466
V392	0.93859	0.01837	0.00442	0	0.03861
V393	0.12719	0.00993	0.1222	0.54088	0.19979
V394	0.73963	0	0.01126	0.14577	0.10334
V395	0.02108	0	0.32056	0.55272	0.10564
V396	0.59934	0.02164	0.34922	0	0.0298
V397	0.69785	0.12037	0.02014	0.0908	0.07084
V398	0.08216	0	0.13139	0.63016	0.15629
V399	0.05235	0.03918	0	0.39061	0.51786
V400	0.20203	0.49924	0.11894	0.11209	0.0677
V401	0.37662	0.00479	0.55629	0.02168	0.04063
V402	0.42783	0.02859	0.38207	0.06867	0.09284
V403	0.17342	0.08635	0	0.2533	0.48693
V404	0.02026	0.05065	0.42204	0.39189	0.11516
V405	0.38266	0.24334	0.04833	0.20124	0.12443
V406	0.03436	0.05535	0.83774	0.00451	0.06805
V407	0.89671	0.02076	0.0257	0.0178	0.03903
V408	0.05813	0.3738	0	0.28432	0.28375
V409	0.13102	0	0.04063	0.65741	0.17095
V410	0.15619	0.15049	0.28411	0.10922	0.3
V411	0.00955	0.03639	0	0.23019	0.72386
V412	0.03167	0.17511	0.11534	0.15937	0.51851
V413	0.04922	0.25061	0.12283	0.37337	0.20397
V414	0.06149	0.08172	0	0.51288	0.34391
V415	0.18892	0.01169	0.00015	0.17794	0.62129
V416	0.12696	0.10453	0.01054	0.26723	0.49073
V417	0.02226	0.02856	0.69544	0.14778	0.10596
V418	0.56664	0.36075	0.00767	0	0.06494
V419	0.28052	0.02693	0.00989	0.23175	0.45091
V420	0.26919	0.00306	0.09251	0.16654	0.4687
V421	0.00813	0.02953	0.12286	0.22018	0.6193
V422	0.03671	0	0.03497	0.7063	0.22202
V423	0.33536	0.17849	0.23553	0.17596	0.07466
V424	0.00709	0.03507	0.46321	0.10659	0.38804
V425	0.37024	0.36479	0	0.03667	0.2283
V426	0.26853	0.16055	0.00501	0.42882	0.13709
V427	0.23854	0.59216	0.11453	0	0.05477
V428	0.13011	0.62132	0.05091	0.0739	0.12377
V429	0.15554	0.72187	0	0.03382	0.08877
V430	0.04737	0.02833	0.37002	0.26089	0.29339
V431	0.15027	0.35636	0.15835	0.22827	0.10676
V432	0.34263	0.0507	0.10004	0.34595	0.16068
V433	0.23811	0.00592	0.45329	0.22551	0.07716
V434	0.28606	0.28607	0.31638	0.00847	0.10303
V435	0.60513	0.03912	0.30314	0.01235	0.04027
V436	0.09292	0.58485	0.07618	0.05986	0.18619
V437	0.2198	0.02681	0.01774	0.28092	0.45473
V438	0.17069	0.29329	0.15938	0.26291	0.11374
V439	0.63416	0	0.02444	0.27293	0.06848
V440	0.04851	0.36428	0.48411	0.01054	0.09255
V441	0.06486	0.53256	0.32222	0.01057	0.0698
V442	0.09068	0.83824	0.00123	0	0.06985
V443	0.93613	0	0	0.02219	0.04168
V444	0.18846	0.40596	0.01231	0.28951	0.10376
V445	0.09801	0.38439	0.02159	0.39075	0.10526
V446	0.14004	0.0166	0.07862	0.56955	0.19519
V447	0.08737	0	0.00395	0.52765	0.38103
V448	0.19102	0.01939	0.01352	0.18487	0.59119
V449	0.01063	0.05092	0.87069	0.00622	0.06154
V450	0.24566	0.09469	0.21406	0.18503	0.26056
V451	0.30933	0.18043	0.04154	0.32507	0.14364
V452	0.03217	0	0.12805	0.69587	0.1439
V453	0.03268	0.01	0	0.54217	0.41516
V454	0.01987	0.03409	0.63927	0.07917	0.22759
V455	0.08763	0.24985	0.24437	0.10992	0.30823
V456	0.93248	0	0	0.00771	0.05981
V457	0.68781	0.18693	0.02051	0.03629	0.06845
V458	0.05042	0.3716	0.43922	0.04951	0.08926
V459	0.1654	0.04896	0.03793	0.50571	0.24201
V460	0.7166	0.02777	0.16195	0.04273	0.05094
V461	0.22871	0.31336	0.20529	0.04308	0.20956
V462	0.07267	0.07323	0.00266	0.54276	0.30867
V463	0.24432	0.03327	0.00039	0.61394	0.10808
V464	0.20176	0.19201	0.55303	0	0.0532
V465	0.05315	0.13028	0.00671	0.19358	0.61629
V466	0.03443	0.01522	0	0.28958	0.66077
V467	0.08784	0.23408	0.00738	0.51197	0.15872
V468	0.5864	0.27853	0.08231	0	0.05276
V469	0.04286	0.33261	0.04045	0.30747	0.27661
V470	0.84753	0.03576	0.01677	0.05388	0.04606
V471	0.42463	0.27831	0.0119	0.1379	0.14725
V472	0.01068	0.06441	0.03603	0.20424	0.68465
V473	0.05602	0.21713	0.20393	0.32956	0.19336
V474	0.32723	0.11132	0.0414	0.41141	0.10864
V475	0.19873	0.04366	0.53261	0.05895	0.16606
V476	0.18822	0.01115	0.07661	0.58608	0.13793
V477	0.08192	0.84563	0.00163	0	0.07082
V478	0.20208	0.0203	0	0.17204	0.60559
V479	0.84923	0.03609	0.0233	0.04634	0.04503
V480	0.17369	0.61657	0.03462	0.08371	0.0914
V481	0.27962	0.35201	0.04159	0.17569	0.15109
V482	0.14675	0.64199	0.14688	0	0.06438
V483	0.3455	0.48327	0	0.07668	0.09455
V484	0.25754	0.48356	0.08635	0.09759	0.07496
V485	0.69275	0.06124	0.09155	0.0969	0.05756
V486	0.08568	0.10269	0.27266	0.11131	0.42766
V487	0.17064	0.12129	0.34809	0.28391	0.07607
V488	0.44264	0.0458	0	0.33675	0.1748
V489	0.02768	0.24098	0.58931	0.06941	0.07261
V490	0.02428	0.02347	0.6687	0.20917	0.07437
V491	0.06164	0.47282	0.03234	0.14342	0.28978
V492	0.05998	0.11724	0.01701	0.67167	0.13409
V493	0.03137	0	0	0.82372	0.14491
V494	0.34406	0	0	0.51773	0.13822
V495	0.37358	0.20568	0.17221	0.1536	0.09492
V496	0.15702	0.0525	0.04532	0.1628	0.58235
V497	0.12141	0.04743	0.13066	0.22875	0.47174
V498	0.10799	0.79751	0.01111	0	0.08339
V499	0.0633	0.24818	0.22752	0.13484	0.32617
V500	0.14559	0.46724	0.08165	0.19274	0.11279
V501	0.09532	0.34748	0.00311	0.1147	0.43939
V502	0.1657	0.73913	0.02384	0	0.07133
V503	0.49478	0.00854	0.17527	0.15992	0.16149
V504	0.51794	0.19718	0	0.04411	0.24077
V505	0.66315	0	0.01208	0.11656	0.20821
V506	0.05324	0.53666	0.04898	0.06172	0.29939
V507	0.85329	0	0.01483	0.07313	0.05875
V508	0.0626	0.62172	0.17062	0.02899	0.11607
V509	0.08548	0.45154	0.10924	0.19218	0.16157
V510	0.44002	0.45832	0.02744	0.01337	0.06085
V511	0.09291	0.32278	0.44477	0.03745	0.1021
V512	0.18806	0.45533	0.13991	0.05477	0.16193
V513	0.2047	0.63987	0.04928	0.02016	0.08599
V514	0.0183	0.01783	0.21374	0.19719	0.55295
V515	0.10341	0.09709	0	0.68137	0.11812
V516	0.19709	0.3382	0.08107	0.29434	0.0893
V517	0.04244	0.00966	0.03565	0.77843	0.13382
V518	0.46566	0.0084	0.27319	0.17993	0.07282
V519	0.80165	0.04027	0	0.10614	0.05193
V520	0.10896	0.78563	0.00459	0.02298	0.07784
V521	0.23312	0	0.09878	0.57041	0.09768
V522	0.07322	0.20509	0.49513	0.13539	0.09117
V523	0.18277	0.06747	0.65713	0.03896	0.05366
V524	0.3928	0.03609	0.49169	0	0.07943
V525	0.02641	0.23472	0.02223	0.16197	0.55467
V526	0.05879	0.05845	0.77647	0.0292	0.07709
V527	0.11569	0.47769	0.33301	0	0.07361
V528	0.1694	0	0	0.71671	0.11388
V529	0.25325	0.04568	0.64823	0	0.05284
V530	0.03439	0.04829	0.78605	0.05662	0.07466
V531	0.21321	0.51078	0.06622	0.02716	0.18264
V532	0.08893	0.28592	0.26113	0.06255	0.30147
V533	0.30846	0.01175	0	0.14541	0.53438
V534	0.15379	0.03877	0	0.6774	0.13004
V535	0.82818	0.10077	0.03716	0	0.03389
V536	0.15926	0.19609	0.33743	0.07524	0.23199
V537	0.02208	0.05391	0.01114	0.21006	0.70281
V538	0.65719	0.10116	0	0.05214	0.18951
V539	0.03276	0.16746	0.57852	0.11186	0.1094
V540	0.20065	0.46739	0.06686	0.06596	0.19914
V541	0.05618	0.4274	0.01094	0.11347	0.39202
V542	0.06888	0.32015	0.08554	0.39397	0.13147
V543	0.08948	0.12533	0.60314	0.06243	0.11962
V544	0.38661	0.19258	0.14941	0.08547	0.18594
V545	0.6318	0.32631	0	0	0.04189
V546	0.10349	0.73571	0.05903	0	0.10177
V547	0.12597	0.71734	0	0.06449	0.0922
V548	0.03514	0.03864	0	0.78644	0.13977
V549	0.01207	0.02269	0.01907	0.33621	0.60996
V550	0.0762	0.78356	0.06792	0	0.07232
V551	0.0317	0	0	0.82695	0.14135
V552	0.25385	0.02441	0.01176	0.17899	0.53099
V553	0.7951	0	0.00538	0.1247	0.07482
V554	0.14029	0.04843	0.4221	0.30641	0.08277
V555	0.08061	0.83424	0	0	0.08515
V556	0.10792	0.02951	0.03848	0.67825	0.14584
V557	0.34251	0.22364	0.01826	0.30819	0.10739
V558	0.02349	0.03826	0.69934	0.15676	0.08214
V559	0.13357	0.42107	0.37132	0	0.07404
V560	0.64857	0.21752	0.10397	0	0.02994
V561	0.75197	0	0.11105	0.01632	0.12065
V562	0.14877	0.06788	0.13809	0.20559	0.43967
V563	0.25425	0.26207	0.16985	0.12915	0.18468
V564	0.38364	0.00783	0.04379	0.35939	0.20535
V565	0.00922	0.03257	0.01299	0.24734	0.69788
V566	0.32882	0.12917	0.01229	0.33036	0.19936
V567	0.03305	0.03664	0.86203	0.00486	0.06342
V568	0.05548	0.22183	0.36391	0.28107	0.07771
V569	0.66287	0.0817	0.08438	0.1015	0.06955
V570	0.16473	0.01415	0.238	0.45123	0.13189
V571	0.30112	0	0.19727	0.34671	0.1549
V572	0.85878	0	0	0.01417	0.12705
V573	0.10518	0.06532	0.28894	0.38581	0.15475
V574	0.55216	0.26544	0.05471	0.06322	0.06448
V575	0.41257	0.02707	0.10382	0.12369	0.33284
V576	0.07975	0.81141	0	0	0.10884
V577	0.43972	0.45733	0.02049	0.02081	0.06166
V578	0.04835	0.16762	0.45001	0.22747	0.10656
V579	0.05164	0.51629	0.26942	0.02578	0.13687
V580	0.245	0.50183	0	0.16366	0.08951
V581	0.08383	0.47809	0.30947	0.05846	0.07016
V582	0.01266	0.07935	0.83643	0.01143	0.06014
V583	0.6663	0.00766	0.28945	0.00317	0.03342
V584	0.25816	0.48642	0.08015	0.02981	0.14546
V585	0.08386	0.72558	0.04462	0.03621	0.10972
V586	0.07202	0.73298	0.12733	0	0.06767
V587	0.08799	0.66165	0	0.04179	0.20857
V588	0.26638	0.38742	0.29898	0	0.04722
V589	0.13095	0.37845	0.02804	0.35723	0.10533
V590	0.08393	0.73683	0	0.01155	0.16769
V591	0.47816	0.45045	0.02109	0	0.05031
V592	0.03127	0.02358	0.7041	0.07033	0.17072
V593	0.43051	0	0	0.45581	0.11368
V594	0.02034	0.1435	0.57881	0.15571	0.10163
V595	0.55841	0.02087	0.04792	0.28451	0.08829
V596	0.49972	0.17535	0.16693	0.09422	0.06378
V597	0.03913	0.21385	0	0.23607	0.51094
V598	0.6327	0	0	0.06314	0.30417
V599	0.10742	0.37776	0.0674	0.3387	0.10871
V600	0.31537	0.00024	0.15328	0.37978	0.15132
V601	0.16683	0.08485	0	0.48922	0.2591
V602	0.82125	0.1401	0	0	0.03866
V603	0.15554	0.15427	0.01691	0.23532	0.43797
V604	0.0343	0.03834	0.64497	0.13388	0.14851
V605	0.03707	0.08703	0.11679	0.21669	0.54242
V606	0.85299	0	0	0.01559	0.13143
V607	0.18817	0.13032	0.01098	0.14832	0.52222
V608	0.78328	0.0029	0.02152	0.07955	0.11276
V609	0.21642	0.28364	0	0.36465	0.13529
V610	0.12088	0.60716	0	0.18325	0.08871
V611	0.32181	0.03867	0.54027	0.01907	0.08018
V612	0.43191	0.05245	0.27078	0.04552	0.19934
V613	0.43415	0.48827	0.02155	0	0.05602
V614	0.57945	0.02476	0.00777	0.1218	0.26621
V615	0.02955	0.08322	0.1074	0.57161	0.20821
V616	0.69496	0	0.11888	0.1193	0.06686
V617	0.2685	0.07877	0.4039	0.10759	0.14123
V618	0.75272	0.08095	0.04914	0.00966	0.10753
V619	0.5966	0.03961	0.12988	0.03508	0.19883
V620	0.06798	0.01616	0.30273	0.51446	0.09867
V621	0.17357	0.23867	0.25928	0.05317	0.27531
V622	0.03569	0.23598	0.31396	0.08471	0.32966
V623	0.08558	0	0	0.67998	0.23444
V624	0.9056	0	0	0.01302	0.08138
V625	0.03289	0.04106	0.07393	0.72519	0.12693
V626	0.10034	0.03114	0.48492	0.29461	0.08899
V627	0.13059	0.17812	0.10159	0.13968	0.45002
V628	0.94481	6e-05	0.00355	0.00938	0.04219
V629	0.15745	0.24563	0.53264	0.00767	0.05661
V630	0.02485	0.21361	0.01454	0.17699	0.57001
V631	0.00681	0.03181	0.2615	0.1639	0.53598
V632	0.08347	0.72778	0	0.03056	0.15818
V633	0.07501	0	0.07261	0.56159	0.29079
V634	0.43654	0.4089	0.11279	0	0.04177
V635	0.05167	0.13275	0.16985	0.15133	0.49439
V636	0.2376	0.16792	0.26291	0.19225	0.13931
V637	0.25413	0.01389	0.35566	0.25327	0.12305
V638	0.10724	0.46762	0.00865	0.12559	0.29089
V639	0.54218	0.3619	0.05433	0	0.04159
V640	0.13679	0.19185	0.06393	0.28679	0.32064
V641	0.13406	0.66938	0.00762	0.09699	0.09195
V642	0.75043	0.01185	0	0.18408	0.05364
V643	0.08832	0.79159	0.04683	0	0.07326
V644	0.07735	0.40279	0.00771	0.39388	0.11827
V645	0.19481	0.68747	0.00163	0.04345	0.07264
V646	0.16995	0.49952	0.01282	0.19726	0.12045
V647	0.92318	0	0	0.03495	0.04187
V648	0.47254	0.08893	0	0.27086	0.16767
V649	0.30448	0.09756	0.06261	0.18348	0.35187
V650	0.04063	0	0.03537	0.7949	0.12909
V651	0.17394	0.17365	0	0.54967	0.10274
V652	0.38283	0	0.01364	0.50693	0.09661
V653	0.37016	0	0.03142	0.48691	0.1115
V654	0.04072	0.10462	0	0.23345	0.62121
V655	0.19191	0.0447	0.25285	0.424	0.08655
V656	0.13071	0.02479	0	0.25768	0.58681
V657	0.06834	0.46531	0.01524	0.29566	0.15545
V658	0.04795	0.02085	0.01931	0.62719	0.28469
V659	0.04004	0.00284	0.05846	0.73614	0.16251
V660	0.0849	0.35673	0.01018	0.13173	0.41646
V661	0.0778	0.62135	0.0015	0.15372	0.14563
V662	0.05819	0.45733	0.01169	0.08529	0.3875
V663	0.95883	0	0.00306	0	0.03811
V664	0.03664	0	0.10265	0.47648	0.38423
V665	0.06281	0.60943	0.16983	0.06132	0.09661
V666	0.12618	0.78291	0.02496	0	0.06595
V667	0.06692	0.53417	0.21473	0.08303	0.10116
V668	0.65799	0.21687	0.03389	0.03205	0.0592
V669	0.49836	0.28974	0.01249	0.07748	0.12193
V670	0.12791	0.60987	0.02972	0.04323	0.18927
V671	0.79743	0	0.15633	0.00927	0.03697
V672	0.11578	0.07493	0.07404	0.37528	0.35997
V673	0.013	0.04714	0	0.28595	0.65392
V674	0.41536	0.10305	0.42233	0	0.05926
V675	0.71231	0	0.02241	0.14561	0.11968
V676	0.30327	0.11521	0.43502	0.01011	0.1364
V677	0.07342	0.26101	0.18074	0.35919	0.12564
V678	0.0714	0.33821	0.00354	0.13724	0.44962
V679	0.03118	0.01308	0.40019	0.4597	0.09586
V680	0.19318	0	0.00936	0.42145	0.37602
V681	0.55696	0.01241	0.02662	0.28181	0.12221
V682	0.01063	0.05092	0.87069	0.00622	0.06154
V683	0.09401	0.20311	0.56296	0.01109	0.12883
V684	0.0757	0	0	0.79454	0.12976
V685	0.02316	0.04447	0.75782	0.10739	0.06716
V686	0.31476	0.56916	0.04894	0	0.06715
V687	0.01679	0.01225	0.51987	0.35677	0.09432
V688	0.00963	0.0476	0.85478	0.01642	0.07157
V689	0.5428	0.04767	0.16261	0.11114	0.13578
V690	0.13739	0.78099	0.00439	0	0.07724
V691	0.17105	0.10795	0.02859	0.57023	0.12218
V692	0.09502	0.00037	0.00348	0.72319	0.17794
V693	0.05039	0.4987	0.3684	0.01293	0.06958
V694	0.11735	0.17222	0.0217	0.54221	0.14652
V695	0.15236	0.13631	0.12865	0.13198	0.4507
V696	0.15521	0.01809	0.6768	0.02454	0.12537
V697	0.13326	0.10888	0.26789	0.34026	0.1497
V698	0.01956	0.04067	0.1671	0.18102	0.59165
V699	0.05761	0	0.03375	0.6608	0.24785
V700	0.09432	0.75414	0.05163	0	0.09991
V701	0.02485	0.21442	0.00709	0.17211	0.58153
V702	0.04613	0.10179	0	0.64238	0.2097
V703	0.03868	0	0.01187	0.80912	0.14034
V704	0.05951	0.08257	0.36203	0.11606	0.37983
V705	0.93817	0	0	0.00148	0.06034
V706	0.18633	0.13499	0.12704	0.41508	0.13656
V707	0.1694	0.12451	0.05535	0.32742	0.32332
V708	0.05596	0.5677	0.31553	0	0.06081
V709	0.00908	0.04444	0.02913	0.21206	0.70529
V710	0.16018	0.04714	0.43829	0.06587	0.28852
V711	0.06792	0.01752	0.01741	0.21925	0.6779
V712	0.085	0.02987	0.62516	0.18626	0.07371
V713	0.29178	0.40395	0.25677	0	0.0475
V714	0.05726	0.02983	0	0.21066	0.70225
V715	0.0326	0.28963	0.51822	0.08999	0.06957
V716	0.74886	0.16399	0.00236	0.02674	0.05805
V717	0.44332	0.16749	0.09907	0.05843	0.23169
V718	0.71801	0	0.22541	0	0.05658
V719	0.44324	0.22768	0.0796	0.11254	0.13693
V720	0.14643	0.06078	0.07788	0.18218	0.53273
V721	0.03202	0.03002	0.04324	0.21952	0.6752
V722	0.051	0.22451	0.03935	0.47834	0.20679
V723	0.1425	0.19931	0.08367	0.46588	0.10863
V724	0.16312	0.60959	0.02046	0.1258	0.08102
V725	0.03273	0.03329	0.00391	0.21514	0.71493
V726	0.25812	0.48084	0.03482	0.06032	0.1659
V727	0.02152	0.04574	0.84826	0.01474	0.06973
V728	0.81038	0.00383	0.09901	0.04552	0.04126
V729	0.63518	0.09155	0.01286	0.19898	0.06143
V730	0.15203	0.02075	0.32575	0.38223	0.11922
V731	0.02789	0	0.04302	0.79728	0.13182
V732	0.03169	0	0	0.82834	0.13998
V733	0.04695	0.06399	0.81982	0.00274	0.06651
V734	0.55214	0.0808	0.29742	0.02168	0.04796
V735	0.09337	0.18397	0.19303	0.12571	0.40392
V736	0.01232	0.07549	0.00371	0.20905	0.69944
V737	0.95711	0	0.00495	0	0.03794
V738	0.04903	0.47454	0.00458	0.09127	0.38058
V739	0.03911	0	0	0.82116	0.13973
V740	0.25181	0.0976	0.09108	0.12507	0.43444
V741	0.534	0	0	0.3098	0.1562
V742	0.09877	0.03891	0.4761	0.20697	0.17925
V743	0.0377	0.07345	0.06414	0.26146	0.56326
V744	0.22936	0.04655	0.13469	0.47498	0.11442
V745	0.19541	0	0.02867	0.6639	0.11202
V746	0.39354	0.5113	0.02029	0	0.07487
V747	0.04673	0.06222	0.80695	0.01202	0.07208
V748	0.20024	0.22169	0.23863	0.1007	0.23874
V749	0.22028	0.09114	0.09351	0.42184	0.17324
V750	0.76321	0.1691	0	0.02252	0.04517
V751	0.06212	0.37832	0.48615	0.00848	0.06494
V752	0.03191	0.16322	0.01529	0.18166	0.60793
V753	0.59909	0.04894	0.20217	0.03082	0.11899
V754	0.14809	0.29043	0	0.45854	0.10293
V755	0.26745	0.65257	0.0215	0	0.05848
V756	0.03098	0.1391	0.0147	0.22251	0.5927
V757	0.19534	0	0.06622	0.63272	0.10572
V758	0.10003	0.39418	0	0.40281	0.10298
V759	0.1074	0.05586	0.08929	0.16427	0.58318
V760	0.09954	0.03962	0.18385	0.33109	0.34589
V761	0.08665	0.27014	0.58464	0	0.05857
V762	0.03137	0.04429	0.14725	0.45596	0.32113
V763	0.0442	0.30098	0	0.13755	0.51726
V764	0.14331	0.03835	0.06061	0.64117	0.11656
V765	0.21036	0.04206	0.57655	0.05861	0.11242
V766	0.10725	0.48403	0.20094	0.05391	0.15388
V767	0.312	0.4567	0.04171	0.04489	0.1447
V768	0.09779	0.77351	0.03127	0.01694	0.08049
V769	0.79211	8e-05	0.15184	0	0.05597
V770	0.36246	0.00563	0.43277	0.14426	0.05488
V771	0.10257	0.68224	0	0.07662	0.13857
V772	0.07039	0.05172	0.8171	0.00665	0.05413
V773	0.03627	0.0193	0	0.3346	0.60984
V774	0.19689	0.02406	0.48695	0.05035	0.24175
V775	0.90965	0	0.006	0.03563	0.04872
V776	0.3979	0.40223	0.12366	0.00504	0.07116
V777	0.25583	0.36871	0.19653	0.0884	0.09053
V778	0.56625	0.04389	0	0.21949	0.17037
V779	0.09909	0.41424	0.4189	0	0.06777
V780	0.0333	0.03607	0.8608	0.01184	0.05799
V781	0.21665	0.32194	0.14588	0.0462	0.26933
V782	0.27002	0.25513	0.00775	0.09052	0.37658
V783	0.00769	0.03477	0.59112	0.0948	0.27162
V784	0.06684	0.57738	0	0.21613	0.13965
V785	0.72764	0.1126	0	0.07876	0.08099
V786	0.19764	0.1748	0	0.51385	0.11371
V787	0.17161	0.55237	0	0.15733	0.11869
V788	0.41839	0.39906	0.04869	0	0.13386
V789	0.03205	0.16075	0	0.452	0.35521
V790	0.32276	0.22789	0.04344	0.1513	0.2546
V791	0.21382	0.22006	0.05317	0.23644	0.27651
V792	0.94126	0.00037	0.01548	0	0.04289
V793	0.37005	0.26363	0.03462	0.11671	0.215
V794	0.02441	0.03869	0.09075	0.318	0.52815
V795	0.16434	0.75794	0.00339	0	0.07433
V796	0.33541	0.38506	0.07822	0.11911	0.0822
V797	0.16433	0.00956	0	0.19885	0.62727
V798	0.16654	0.49816	0	0.10693	0.22838
V799	0.06021	0.14118	0.03118	0.62252	0.14491
V800	0.03511	0.03386	0.0088	0.29485	0.62737
V801	0.41041	0	0.09176	0.40284	0.09498
V802	0.04971	0.23261	0.00541	0.16008	0.55219
V803	0.33306	0.0019	0	0.55433	0.11072
V804	0.23707	0.149	0.15993	0.34441	0.10959
V805	0.18355	0.14256	0.37279	0.17455	0.12654
V806	0.53074	0.01163	0.16624	0.09343	0.19795
V807	0.75835	0	0.04573	0.05857	0.13735
V808	0.86536	0	0.03382	0.00267	0.09816
V809	0.23594	0.58026	0.00653	0.02843	0.14883
V810	0.04678	0.05873	0.02686	0.51848	0.34916
V811	0.06673	0.12241	0.01262	0.25149	0.54674
V812	0.06467	0.6319	0.15317	0.05817	0.09209
V813	0.0497	0.25132	0.19307	0.09931	0.4066
V814	0.23598	0.5145	0.04119	0.12342	0.08492
V815	0.26475	0.62802	0.01418	0.02177	0.07128
V816	0.06116	0.47315	0	0.3483	0.11739
V817	0.82742	0.01676	0.12135	0.00086	0.03361
V818	0.06081	0.23305	0.31259	0.09884	0.29471
V819	0.9419	0	0.00896	0.00815	0.04098
V820	0.1046	0.34094	0.09191	0.35355	0.10899
V821	0.0095	0.03735	0	0.22308	0.73007
V822	0.21053	0	0	0.68004	0.10943
V823	0.06177	0.1132	0.20735	0.13117	0.48651
V824	0.08306	0.05817	0.01555	0.19023	0.65299
V825	0.18434	0.01322	0.57125	0.17375	0.05743
V826	0.05777	0.04011	0.82193	0.02495	0.05525
V827	0.37763	0.12142	0	0.35705	0.1439
V828	0.28286	0.15588	0.08732	0.13308	0.34087
V829	0.11646	0.0995	0.26714	0.23694	0.27996
V830	0.18332	0.03479	0.6181	0.03874	0.12504
V831	0.07206	0.68624	0.03018	0.11593	0.09559
V832	0.24098	0	0.05374	0.32929	0.37599
V833	0.22048	0.69585	0	0	0.08366
V834	0.76445	0.12208	0.02161	0.01345	0.07841
V835	0.28974	0.26861	0.06489	0.25011	0.12665
V836	0.42504	0.06786	0.37371	0.0835	0.04989
V837	0.07673	0.77233	0.0037	0.02491	0.12233
V838	0.02015	0	0.05358	0.79017	0.1361
V839	0.04595	0.06064	0.06672	0.18688	0.63981
V840	0.93257	0	0.01718	0.00716	0.04309
V841	0.26402	0.0346	0.65464	0	0.04674
V842	0.5708	0.0305	0.16683	0.1718	0.06007
V843	0.51449	0.00136	0.12541	0.11717	0.24156
V844	0.0339	0.19386	0.67557	0.02233	0.07433
V845	0.04298	0	0	0.63992	0.31711
V846	0.13423	0.05959	0.08632	0.20447	0.51539
V847	0.24383	0.00837	0.04155	0.247	0.45925
V848	0.76312	0.01891	0	0.09164	0.12633
V849	0.17117	0.0705	0.63043	0.0168	0.1111
V850	0.25551	0.03964	0.25335	0.20294	0.24856
V851	0.95442	0	0	0	0.04558
V852	0.27761	0.06338	0.06307	0.24953	0.34641
V853	0.05593	0.14171	0.53482	0.15035	0.1172
V854	0.07358	0.36133	0.21063	0.11609	0.23837
V855	0.14029	0.36495	0.0674	0.29044	0.13692
V856	0.19497	0.40343	0.03811	0.05633	0.30716
V857	0.10338	0.03807	0.14276	0.45925	0.25653
V858	0.05288	0.34767	0.15727	0.23088	0.2113
V859	0.15661	0	0.00507	0.7029	0.13543
V860	0.06933	0.12281	0.04635	0.61321	0.14829
V861	0.17542	0.00018	0.1014	0.6172	0.10579
V862	0.08201	0.02099	0.01508	0.26964	0.61228
V863	0.08067	0.82639	0.00598	0	0.08696
V864	0.05752	0.02465	0.79286	0.0683	0.05667
V865	0.11035	0.01251	0.56358	0.24706	0.06649
V866	0.05182	0.06008	0.56424	0.23715	0.08672
V867	0.62469	0.02552	0	0.05801	0.29178
V868	0.27286	0.22197	0.33796	0.09762	0.06959
V869	0.01975	0.02255	0.02108	0.22405	0.71257
V870	0.31016	0.1594	0.05898	0.26415	0.2073
V871	0.04915	0.0734	0.0894	0.24501	0.54305
V872	0.41803	0.01644	0	0.45009	0.11545
V873	0.08935	0.30727	0.11865	0.35302	0.13172
V874	0.10927	0.07553	0	0.18883	0.62638
V875	0.03607	0.17414	0.0105	0.51082	0.26847
V876	0.52894	0.0612	0.0446	0.07259	0.29267
V877	0.26634	0.5825	0.02018	0.05438	0.07659
V878	0.06974	0.64015	0.02322	0.17229	0.09461
V879	0.9166	0.02309	0.0077	0.00761	0.045
V880	0.10624	0.07599	0.01666	0.47821	0.3229
V881	0.0192	0.03484	0.50339	0.09285	0.34972
V882	0.08042	0.43476	0.00119	0.38599	0.09764
V883	0.54382	0.15715	0	0.1716	0.12743
V884	0.00978	0.02549	0.00081	0.23394	0.72998
V885	0.20497	0.07958	0.34151	0.15573	0.21821
V886	0.01259	0.00885	0.02731	0.37901	0.57224
V887	0.12652	0.78804	0	0	0.08544
V888	0.08883	0.08065	0.03825	0.6425	0.14976
V889	0.15559	0.74228	0.02322	0	0.07891
V890	0.0573	0	0.11465	0.64139	0.18666
V891	0.01257	0.07808	0.8297	0.01955	0.0601
V892	0.63133	0.22332	0.00729	0.0071	0.13096
V893	0.18324	0.19187	0.44489	0.08101	0.099
V894	0.13652	0.493	0.02757	0.23011	0.11279
V895	0.72669	0	0.23338	0.00323	0.0367
V896	0.25114	0.20486	0.19217	0.2757	0.07613
V897	0.0196	0	0.02424	0.74641	0.20975
V898	0.44407	0.00739	0.00299	0.1269	0.41866
V899	0.5954	0.28488	0.06092	0	0.0588
V900	0.30007	0.22145	0.22629	0.17562	0.07657
V901	0.69529	0.03326	0	0.1682	0.10325
V902	0.86568	0.02876	0.01098	0.02689	0.0677
V903	0.31169	0.0495	0.05006	0.47534	0.1134
V904	0.75326	0.08111	0.12647	0	0.03916
V905	0.0536	0.30777	0.04754	0.34981	0.24129
V906	0.18933	0.06202	0.41364	0.11967	0.21534
V907	0.74086	0.09504	0.04799	0.04637	0.06974
V908	0.05945	0.3077	0.03066	0.46302	0.13918
V909	0.04677	0.09023	0.0036	0.68738	0.17202
V910	0.70032	0.14977	0.00068	0.05435	0.09488
V911	0.06384	0.27855	0.46498	0.02785	0.16479
V912	0.04522	0.04511	0.14487	0.21938	0.54541
V913	0.17454	0	0.05281	0.62993	0.14272
V914	0.78905	0.01702	0.00209	0.11167	0.08016
V915	0.23177	0.20046	0.0398	0.10814	0.41983
V916	0.82205	0.00715	0.09264	0.00164	0.07652
V917	0.49901	0.03764	0	0.09848	0.36486
V918	0.62752	0.12912	0.17887	0.01196	0.05253
V919	0.46471	0.13965	0	0.26342	0.13223
V920	0.21282	0	0.08542	0.59993	0.10183
V921	0.2338	0.20491	0.09768	0.08496	0.37865
V922	0.05596	0.03382	0.64893	0.04662	0.21467
V923	0.18809	0.47046	0.00704	0.0839	0.25052
V924	0.54536	0.0816	0	0.24084	0.13219
V925	0.18206	0.12141	0.41296	0.17068	0.11288
V926	0.0226	0.05342	0.00327	0.21898	0.70173
V927	0.56761	0.22876	0.08441	0.06187	0.05735
V928	0.15535	0.26463	0.1823	0.20112	0.19659
V929	0.07918	0.29733	0	0.12851	0.49498
V930	0.09242	0.02674	0.05708	0.18592	0.63784
V931	0.53478	0.13233	8e-05	0.08703	0.24579
V932	0.0715	0.11617	0.03353	0.39746	0.38134
V933	0.33705	0	0.03354	0.33169	0.29771
V934	0.70575	0.04996	0.2153	0	0.02899
V935	0.62675	0.09866	0.10146	0.05726	0.11587
V936	0.35069	0.04347	0.08976	0.41067	0.1054
V937	0.17394	0.65447	0.07212	0.01318	0.08629
V938	0.11777	0.80192	0.0123	0	0.06801
V939	0.01555	0.00323	0.0115	0.45039	0.51933
V940	0.614	0.07201	0.06455	0.07237	0.17706
V941	0.04092	0.11913	0.09898	0.49326	0.24771
V942	0.75252	0.20424	0	0	0.04323
V943	0.06456	0.13017	0.04648	0.17373	0.58506
V944	0.38146	0.00119	0.08942	0.43868	0.08925
V945	0.07667	0.27309	0.51503	0.03894	0.09626
V946	0.05839	0.47653	0.40152	0	0.06355
V947	0.43942	0.01963	0.01532	0.19241	0.33322
V948	0.11129	0.65768	0.02126	0.093	0.11676
V949	0.87194	0.07437	0.01974	0	0.03395
V950	0.09101	0	0.00789	0.7759	0.1252
V951	0.3418	0	0	0.49038	0.16782
V952	0.163	0.01153	0.03015	0.61574	0.17959
V953	0.51038	0.06132	0	0.33122	0.09709
V954	0.27932	0.50148	0.0416	0.05242	0.12519
V955	0.0993	0.00748	0.48319	0.32991	0.08012
