CD56NK	CD4MemoryT	CD19B	CD14
V1	0.55631	0.00086	0.11741	0.32542
V2	0.12404	0.04051	0.02474	0.81072
V3	0.04534	0.56794	0.00213	0.38458
V4	0.88538	0.09292	0	0.0217
V5	0.10916	0.46191	0.21385	0.21509
V6	0.0721	0.89369	0.01123	0.02297
V7	0.13313	0.29485	0.04939	0.52263
V8	0.14595	0.00808	0.80421	0.04176
V9	0.22044	0.16981	0.01626	0.5935
V10	0.01734	0.01019	0.90241	0.07006
V11	0.24051	0.35299	0.40221	0.00428
V12	0.02131	0.62226	0.34259	0.01384
V13	0.28027	0.69784	0	0.0219
V14	0.06315	0.92855	0.00308	0.00523
V15	0.11744	0.59108	0.08583	0.20566
V16	0.93048	0.03165	0.00698	0.03089
V17	0.08262	0.88849	0.00591	0.02298
V18	0.61815	0.31644	0.02348	0.04193
V19	0.16385	0.82167	0.00131	0.01317
V20	0.15588	0.39996	0.00579	0.43837
V21	0.14631	0.03218	0.78075	0.04076
V22	0.0117	0.0436	0.142	0.8027
V23	0.44379	0.02533	0.52481	0.00606
V24	0.95041	0.03209	0.01666	0.00085
V25	0.35631	0.18209	0.08644	0.37516
V26	0.40552	0.33755	0.00562	0.2513
V27	0.07698	0.01854	0.00833	0.89616
V28	0.00964	0.03582	0.95198	0.00256
V29	0.50448	0.0136	0.44654	0.03538
V30	0.09152	0.1564	0.21662	0.53545
V31	0.207	0.14238	0.23917	0.41145
V32	0.06043	0.00152	0.0155	0.92255
V33	0.04052	0.50489	0.32325	0.13134
V34	0.14592	0.01813	0.79494	0.041
V35	0.16738	0.74398	0.05494	0.03369
V36	0.00404	0.00982	0.39141	0.59473
V37	0.54887	0.03877	0.0576	0.35477
V38	0.41202	0	0.11686	0.47113
V39	0.17192	0.55636	0.09385	0.17786
V40	0.09965	0.84345	0.0569	0
V41	0.00116	0.63694	0.02414	0.33776
V42	0.20653	0.00592	0.14548	0.64206
V43	0.14711	0.33181	0.48343	0.03766
V44	0.01267	0.04242	0.71172	0.2332
V45	0.09674	0.60603	0.18455	0.11268
V46	0.85501	0.05582	0.08436	0.0048
V47	0.51833	0.15344	0.27021	0.05801
V48	0.83477	0.14438	0	0.02085
V49	0.7565	0.15207	0	0.09144
V50	0.06292	0.87252	0.06014	0.00441
V51	0.35385	0.39375	0.21827	0.03414
V52	0.02646	0.0805	0.85059	0.04245
V53	0.78697	0.10052	0.11251	0
V54	0.49286	0.15976	0.32425	0.02312
V55	0.20741	0.07895	0.18213	0.53152
V56	0.03157	0	0.04938	0.91905
V57	0.09494	0.8804	0.01158	0.01307
V58	0.62287	0	0.01917	0.35796
V59	0.47908	0.39088	0.07463	0.05541
V60	0.12763	0.10076	0.26353	0.50809
V61	0.83365	0.07442	9e-04	0.09103
V62	0.91927	0.02649	0.04132	0.01291
V63	0.01085	0.87347	0.09247	0.0232
V64	0.00284	0.83713	0	0.16004
V65	0.01016	0	0.06114	0.92869
V66	0.22289	0.69019	0.00805	0.07887
V67	0.17559	0.32132	0.48897	0.01411
V68	0.13438	0.0876	0.00806	0.76997
V69	0.02186	0.29727	0.61444	0.06644
V70	0.59754	0.11135	0.13723	0.15388
V71	0.16058	0.03546	0.30672	0.49723
V72	0.61396	0.1138	0.05996	0.21229
V73	0.16003	0.62529	0.10465	0.11003
V74	0.0627	0.2115	0.72579	2e-05
V75	0.75148	0.00166	0.14131	0.10554
V76	0	0.10849	0.12748	0.76403
V77	0.02834	0.21455	0.00071	0.75641
V78	0.30721	0.06949	0.13279	0.4905
V79	0.00666	0.06547	0.80466	0.12321
V80	0.39801	0.00693	0.48492	0.11014
V81	0.06089	0.13591	0.79624	0.00696
V82	0.00318	0.04984	0.93696	0.01001
V83	0.11563	0.11472	0.04252	0.72713
V84	0.38937	0.01918	0.11199	0.47947
V85	0.11281	0.28467	0.36547	0.23705
V86	0.0467	0.0278	0.86964	0.05585
V87	0.02803	0.85696	0.0338	0.08121
V88	0.15297	0.02436	0.20189	0.62078
V89	0.01382	0	0.14059	0.84559
V90	0.02099	0.92846	0.03707	0.01348
V91	0.02877	0.78169	0.15434	0.03521
V92	0.50167	0.00841	0.32113	0.16879
V93	0.87944	0.01379	0	0.10677
V94	0.00933	0.37288	0.00849	0.60929
V95	0.27781	0.41103	0.11923	0.19193
V96	0.05507	0.0514	0.01142	0.88212
V97	0.75589	0.08004	0.15946	0.00462
V98	0.71692	0.2704	0	0.01268
V99	0.8539	0.03495	0.1062	0.00495
V100	0.08551	0.01515	0.86953	0.02981
V101	0.0162	0.00861	0.00683	0.96836
V102	0.94291	0.04349	0	0.01359
V103	0.0087	0.01288	0.05626	0.92217
V104	0.02257	0.96822	0.00349	0.00572
V105	0.05307	0.93429	0.00762	0.00502
V106	0.12791	0.53447	0.2889	0.04872
V107	0.217	0.16843	0.54993	0.06464
V108	0.15985	0.76959	0.07055	0
V109	0.01082	0.11485	0.55001	0.32431
V110	0.04972	0.90429	0.02291	0.02309
V111	0.94152	0.00878	0.04362	0.00609
V112	0.12497	0.02901	0.36011	0.48591
V113	0.17588	0.05785	0.12392	0.64236
V114	0.22154	0.01591	0.04711	0.71545
V115	0.00383	0.79777	0.19377	0.00463
V116	0.15136	0.28214	0.33073	0.23577
V117	0.72577	0.21651	0.01667	0.04106
V118	0.16134	0.54538	0.01716	0.27612
V119	0.09455	0.03475	0.0263	0.8444
V120	0.08617	0.04593	0.85009	0.01782
V121	0.63152	0.08785	0.05908	0.22155
V122	0.96887	0.01374	0.00356	0.01383
V123	0.00185	0.44844	0.02401	0.5257
V124	0.68607	0.25224	0	0.06169
V125	0.43593	0.40358	0.13854	0.02195
V126	0.02872	0.08904	0.02669	0.85554
V127	0.15111	0.01796	0.19115	0.63979
V128	0.02229	0	0.07028	0.90743
V129	0.64704	0.19888	0.12185	0.03223
V130	0.00349	0.69863	0.29321	0.00467
V131	0.01921	0.89038	0	0.09041
V132	0.95474	0.01101	0.01252	0.02173
V133	0.9419	0.01591	0.02909	0.0131
V134	0.10208	0.33891	0.09029	0.46873
V135	0.0633	0	0.12338	0.81332
V136	0.2376	0.34148	0.00122	0.4197
V137	0.71321	0.02138	0.18916	0.07625
V138	0.22518	0.36984	0.13804	0.26694
V139	0.37936	0.15841	0.14898	0.31325
V140	0.0212	0.04502	0.02919	0.90459
V141	0.06112	0.11367	0.49892	0.32629
V142	0.8327	0.01029	0.15645	0.00056
V143	0.45339	0.20995	0.04007	0.29659
V144	0.15515	0.10098	0.11831	0.62556
V145	0	0.80156	0.19356	0.00488
V146	0.04297	0	0.01725	0.93977
V147	0.93343	0.01954	0.00696	0.04008
V148	0.13618	0.04312	0.53035	0.29035
V149	0.29148	0.52368	0.18126	0.00358
V150	0.09244	0.21631	0.58241	0.10884
V151	0.21308	0.61314	0.01791	0.15587
V152	0.2583	0.43449	0.18146	0.12574
V153	0.10242	0.74832	0.00826	0.141
V154	0.27455	0.45963	0.23116	0.03466
V155	0.53684	0.10835	0.2345	0.12031
V156	0.03165	0.10447	0.68341	0.18047
V157	0.3336	0.11464	0.25844	0.29333
V158	0.01533	0	0.0164	0.96827
V159	0.89864	0.05186	0	0.04949
V160	0.69376	5e-04	0.03573	0.27001
V161	0.18514	0	0.01533	0.79953
V162	0.05533	0.23189	0.04935	0.66343
V163	0.09301	0.46686	0.12947	0.31066
V164	0.35969	0.26143	0.07148	0.3074
V165	0.00746	0.19757	0	0.79497
V166	0.00769	0.05249	0.04222	0.8976
V167	0.31373	0	3e-04	0.68597
V168	0.30876	0.57013	0.05241	0.06869
V169	0.16661	0.02233	0.01855	0.79251
V170	0.10208	0.00572	0.4488	0.4434
V171	0.14784	0.21993	0.58005	0.05218
V172	0.77459	0.00845	0.21132	0.00565
V173	0.02144	0.08997	0.02163	0.86696
V174	0.01304	0.10612	0.04492	0.83592
V175	0.06516	0.00545	0.75541	0.17398
V176	0.0034	0.85402	0.13787	0.00472
V177	0.00485	0.97965	0	0.0155
V178	0.0016	0.73741	0	0.26099
V179	0.15363	0	0.30575	0.54062
V180	0.02471	0.91611	0.05917	0
V181	0.17991	0.09812	0.50158	0.22039
V182	0.35107	0.14919	0.42487	0.07487
V183	0.18724	0.80653	0.00157	0.00466
V184	0.97528	0.01977	0.00355	0.00141
V185	0.60359	0.38833	0.00383	0.00425
V186	0.12306	0.47871	0.22605	0.17218
V187	0.96489	0.01459	0.01417	0.00635
V188	0.0466	0.16915	0	0.78425
V189	0.81815	0.01399	0.00502	0.16284
V190	0.72393	0.01181	0.25869	0.00557
V191	0.21749	0.18133	0.54992	0.05127
V192	0.31693	0.43188	0.02866	0.22253
V193	0.65087	0.01814	0.18301	0.14798
V194	0.0308	0.94334	0.00199	0.02386
V195	0.01243	0.0246	0.95264	0.01032
V196	0.01124	0.03646	0.00748	0.94481
V197	0.38356	0.02374	0.01095	0.58174
V198	0.06454	0.52419	0.33513	0.07613
V199	0.14803	0.00474	0.12172	0.72551
V200	0.12247	0.52067	0.00606	0.35081
V201	0.09528	0.55496	0.15288	0.19689
V202	0.01402	0.00837	0.73474	0.24286
V203	0.18508	0.43602	0.35491	0.024
V204	0.00244	0.46721	0	0.53035
V205	0.01836	0.04169	0.92074	0.01921
V206	0.04977	0.07748	0.86482	0.00793
V207	0.11509	0.13117	0.03	0.72374
V208	0.29555	0.04721	0.64173	0.01552
V209	0.32165	0.43749	0.04307	0.19778
V210	0.08358	0.79502	0.06346	0.05794
V211	0.38882	0.00178	0.01621	0.59318
V212	0.57818	0.02662	0.37192	0.02328
V213	0.65375	0.01441	0.07112	0.26071
V214	0.339	0.11482	0.118	0.42817
V215	0.26392	0.05548	0.00747	0.67313
V216	0.02927	0	0.0145	0.95623
V217	0.03743	0.47269	0.19031	0.29956
V218	0.09256	0.4137	0.12806	0.36568
V219	0.10037	0.60109	0.00211	0.29643
V220	0.00148	0.81139	0	0.18713
V221	0.79427	0.005	0	0.20073
V222	0.35221	0.09853	0.31211	0.23715
V223	0.00561	0.11131	0.77349	0.10959
V224	0.96933	0.01676	0.01273	0.00117
V225	0.05273	0.90516	0.03759	0.00451
V226	0.35976	0.06328	0.56217	0.01479
V227	0.8354	0.00795	0.14365	0.013
V228	0.8142	0.04477	0.03755	0.10347
V229	0.01835	0.01887	0.93106	0.03172
V230	0.01423	0.00634	0.01432	0.96511
V231	0.01043	0.21063	0.0728	0.70615
V232	0.03546	0.60362	0	0.36092
V233	0.6133	0.05955	0.15085	0.1763
V234	0.03075	0.93761	0.01806	0.01358
V235	0.43676	0.04316	0.48387	0.03621
V236	0.04548	0.04728	0.79823	0.10901
V237	0.13563	0	0.01706	0.84731
V238	0.13882	0.57633	0.22449	0.06035
V239	0.05426	0.3327	0.00739	0.60566
V240	0.55252	0.02406	0.36595	0.05747
V241	0.01627	0.00979	0.87871	0.09523
V242	0.133	0.78879	0.06577	0.01244
V243	0.27503	0.02652	0.59636	0.10209
V244	0.2311	0.00462	0.64952	0.11476
V245	0.64667	0.26095	0.02811	0.06427
V246	0.05932	0.12976	0.78263	0.02829
V247	0.1958	0.02148	0.78149	0.00123
V248	0.01712	0.00847	0.02822	0.94619
V249	0.00078	0.02817	0.87523	0.09581
V250	0.8165	0.00897	0.16898	0.00555
V251	0.95263	0.04102	0	0.00635
V252	0.00565	0.86972	0.12463	0
V253	0.36029	0.03846	0.11329	0.48795
V254	0.00423	0.95828	0.03231	0.00518
V255	0.03983	0.91463	0	0.04554
V256	0.20039	0.1861	0.49344	0.12007
V257	0.44713	0.06707	0.18136	0.30444
V258	0.1959	0.23711	0.39003	0.17695
V259	0.03217	0.28793	0.62674	0.05316
V260	0.00087	0.28984	0.70241	0.00688
V261	0.65541	0.01642	0.14552	0.18265
V262	0.07707	0.02447	0.0083	0.89016
V263	0.01271	0.96222	0	0.02507
V264	0.16	0.01606	0.35722	0.46671
V265	0.02219	0	0.09064	0.88717
V266	0.67256	0.32628	0.00116	0
V267	0	0.12334	0.21618	0.66047
V268	0.36747	0.00659	0.09529	0.53064
V269	0.00249	0.58278	0.35226	0.06247
V270	0.69797	0.01401	0.18945	0.09857
V271	0.82765	0.0451	0.01435	0.1129
V272	0.04722	0.82018	0.004	0.1286
V273	0.04131	0.00209	0.02159	0.93501
V274	0.73752	0.00089	0.13315	0.12844
V275	0.00516	0.02786	0.95607	0.01091
V276	0.52136	0.29499	0.00104	0.18261
V277	0.0264	0.14445	0.11146	0.71769
V278	0.02729	0.02389	0.21756	0.73126
V279	0.72593	0.03666	0.07218	0.16522
V280	0.01533	0	0.0164	0.96827
V281	0.55005	0.01377	0.09462	0.34156
V282	0.05699	0.04829	0.81238	0.08234
V283	0.21611	0.56159	0.0372	0.1851
V284	0.02183	0.93513	0.03836	0.00468
V285	0.08684	0.021	0.89021	0.00195
V286	0.25943	0.54297	0.07633	0.12128
V287	0.09356	0.87782	0.00568	0.02295
V288	0.00948	0.23843	0.37377	0.37832
V289	0.32477	0.18996	0.38311	0.10216
V290	0.84474	0.14963	0.00539	0.00024
V291	0.55807	0.05126	0.37712	0.01355
V292	0.93106	0.01054	0	0.0584
V293	0.33877	0.00942	0.60199	0.04982
V294	0.07426	0.29542	0	0.63032
V295	0.01057	0.11781	0.13577	0.73586
V296	0.19828	0.09376	0.58835	0.1196
V297	0.05797	0	0.04209	0.89994
V298	0.34825	0.08176	0.55527	0.01472
V299	0.05481	0.20481	0.00421	0.73617
V300	0.00139	0.00719	0.16623	0.82518
V301	0.12839	0.0848	0.62238	0.16444
V302	0.67823	0.30912	0	0.01265
V303	0	0.62519	0.33786	0.03695
V304	0.05241	0.01281	0.70407	0.2307
V305	0.12047	0.12045	0.40742	0.35166
V306	0.85179	0.07086	0.02684	0.05051
V307	0.01229	0.96569	0.00764	0.01437
V308	0.23811	0.1861	0.24536	0.33042
V309	0.326	0.25474	0.00997	0.4093
V310	0.06676	0.2546	0.10446	0.57418
V311	0.54437	0.45121	0	0.00443
V312	0.09738	0.77144	0.10838	0.02279
V313	0.00356	0.06475	0.0113	0.92039
V314	0.00837	0.42186	0.07406	0.49571
V315	0.11357	0.59277	0.0174	0.27626
V316	0.34027	0.1	0.33473	0.22499
V317	0.07973	0.68508	0.02482	0.21036
V318	0.02486	0.49084	0.00235	0.48195
V319	0.05827	0.04338	0.85582	0.04254
V320	0.07674	0.11352	0.62943	0.18032
V321	0.66255	0.33617	0.00128	0
V322	0.18069	0.25941	0.04139	0.51851
V323	0.03852	9e-05	0.05455	0.90684
V324	0.71511	0.2224	0.04161	0.02088
V325	0.32321	0.63937	0.03362	0.00379
V326	0	0.50864	0.0587	0.43266
V327	0.01277	0.0892	0.06541	0.83262
V328	0.04256	0.01204	0.70067	0.24474
V329	0.15245	0.0651	0.11663	0.66582
V330	0.39559	0.00261	0.26557	0.33623
V331	0.31329	0.04904	0.02138	0.61629
V332	0.00643	0.01769	0.1269	0.84898
V333	0.46799	0.04973	0.33341	0.14888
V334	0.35912	0.00187	0.28595	0.35306
V335	0.02036	0.31779	0.48253	0.17932
V336	0.1732	0.69026	0.00786	0.12868
V337	0.31749	0.3982	0.24958	0.03472
V338	0	0.98941	0.00427	0.00632
V339	0.1403	0.013	0.83827	0.00843
V340	0.05095	0.19203	0.48678	0.27023
V341	0.01555	0.00726	0.03871	0.93849
V342	0.26559	0.00269	0.55314	0.17858
V343	0.97116	0.02201	3e-05	0.0068
V344	0.73286	0.129	0.13813	0
V345	0.01835	0.0308	0.94852	0.00233
V346	0.22416	0.07214	0.22085	0.48285
V347	0.03009	0	0.08231	0.8876
V348	0.04837	0.65509	0.10452	0.19201
V349	0.38644	0.13316	0.33983	0.14057
V350	0.02381	0.83511	0.14108	0
V351	0.01122	0.00816	0.31029	0.67032
V352	0.04563	0.01234	0.83438	0.10765
V353	0.89839	0.01744	0.01536	0.06881
V354	0.04008	0.72823	0.18402	0.04768
V355	0.29293	0.04957	0.40479	0.25271
V356	0.02251	0.00018	0.0623	0.91501
V357	0.1067	0.28942	0.22813	0.37576
V358	0.5312	0.06719	0.02484	0.37677
V359	0.54586	0.0309	0.01361	0.40962
V360	0.57826	0.40167	0.0081	0.01198
V361	0	0.47185	0.52242	0.00574
V362	0	0.98462	0.00933	0.00605
V363	0.1728	0.08127	0.41278	0.33315
V364	0.16631	0.04261	0.65744	0.13364
V365	0.22487	0.00664	0.00458	0.76391
V366	0.06931	0.67636	0.05292	0.20142
V367	0.55235	0.09698	0	0.35067
V368	0.08134	0.74455	0.05366	0.12045
V369	0.01327	0.41713	0.56391	0.00569
V370	0.33619	0.25655	0.37165	0.03561
V371	0.18654	0.7201	0.01394	0.07942
V372	0.13529	0.02169	0.07627	0.76675
V373	0.07082	0.09778	0.41082	0.42058
V374	0.82084	0.01441	0.16429	0.00046
V375	0.02918	0.01077	0.09508	0.86496
V376	0.02226	0.00607	0.06183	0.90984
V377	0.76543	0.00015	0.00088	0.23353
V378	0.00448	0.00849	0.31866	0.66837
V379	0.3083	0.13995	0.00109	0.55066
V380	0.12784	0.03597	0.14039	0.6958
V381	0.74402	0.00609	0.05664	0.19325
V382	0.08956	0.02557	0.87643	0.00845
V383	0.83714	0.0059	0.02559	0.13137
V384	0.56346	0.04814	0.08903	0.29937
V385	0.88313	0.0123	0.04476	0.05981
V386	0.26919	0.00096	0.09521	0.63464
V387	0.63718	0.11396	0.146	0.10286
V388	0.39776	0.29237	0.10771	0.20216
V389	0.42798	0.49265	0.00232	0.07705
V390	0.3337	0.24285	0.41907	0.00438
V391	0.38214	0.06453	0.00545	0.54788
V392	0.44654	0.1767	0.12205	0.25471
V393	0.30422	0.19364	0.30226	0.19987
V394	0.07477	0.16266	0.072	0.69057
V395	0.2258	0.36247	0.15792	0.25382
V396	0.00425	0.96826	0.00287	0.02463
V397	0.82872	0.06396	0.0666	0.04072
V398	0.43941	0.09321	0.05957	0.40781
V399	0.19947	0.5509	0.11252	0.1371
V400	0	0.52417	0.03764	0.43819
V401	0.03428	0.13111	0.72533	0.10929
V402	0.82237	0.15705	0.02058	0
V403	0.01641	0.00188	0.04458	0.93713
V404	0.09158	0.16895	0.60227	0.13719
V405	0.19241	0.01011	0.11348	0.684
V406	0.66577	0.20949	0.00514	0.11961
V407	0	0.98941	0.00427	0.00632
V408	0.08404	0.20307	0.34444	0.36845
V409	0.00891	0.00203	0.01692	0.97215
V410	0.08258	0.87806	0.01662	0.02274
V411	0.38991	0	0	0.61009
V412	0.15618	0.04764	0.43802	0.35816
V413	0.0465	0.44979	0.13789	0.36582
V414	0.02874	0.50982	0.28771	0.17372
V415	0.44125	0.01506	0.17335	0.37034
V416	0.0131	0.07268	0.91257	0.00165
V417	0.39479	0.60051	0.00038	0.00431
V418	0.05468	0.05698	0.09264	0.79571
V419	0.01457	0	0.02122	0.96421
V420	0	0.88113	0.00534	0.11353
V421	0.16383	0.02598	0.64961	0.16058
V422	0.03353	0.02728	0.00691	0.93228
V423	0.08551	0.01515	0.86953	0.02981
V424	0	0.02734	0.5448	0.42787
V425	0.05328	0.21313	0.58037	0.15322
V426	0.09305	0.03072	0.78221	0.09402
V427	0.05693	0.34821	0.14424	0.45062
V428	0.08073	0.78106	0.03254	0.10567
V429	0.01403	0	0.02589	0.96009
V430	0.77987	0.13254	0.00543	0.08216
V431	0.17307	0.01151	0.37642	0.439
V432	0.08416	0.04922	0.02595	0.84067
V433	0.04634	0.69301	0	0.26064
V434	0.30117	0.04173	0.02765	0.62945
V435	0.48475	0.00404	0.07872	0.43249
V436	0.34641	0.00181	0.07277	0.57901
V437	0.20227	0.16806	0	0.62967
V438	0.61523	0.11708	0.01405	0.25364
V439	0.02299	0.05539	0.00586	0.91576
V440	0.44338	0.0181	0.01513	0.52339
V441	0.06301	0.09712	0.55623	0.28363
V442	0.32764	0.3017	0.09842	0.27224
V443	0.74998	0.00203	0.05637	0.19162
V444	0.01835	0.0308	0.94852	0.00233
V445	0.6714	0.01246	0.283	0.03313
V446	0.02807	0.84491	0.03355	0.09347
V447	0.67365	0.06866	0.13287	0.12482
V448	0.01219	0.02929	0.13354	0.82498
V449	0.60449	0.02699	0.2403	0.12822
V450	0.14631	0.84474	0.00895	0
V451	0.93422	0.04353	0	0.02225
V452	0.02446	0	0.04446	0.93109
V453	0.84517	0.05527	0.03853	0.06103
V454	0	0.95444	0.03151	0.01405
V455	0.6521	0.02155	0.24798	0.07837
V456	0.35314	0.09037	0.33276	0.22372
V457	0.0092	0.00852	0.01174	0.97054
V458	0.23711	0.16757	0	0.59533
V459	0.00916	0.80828	0.0622	0.12037
V460	0.9615	0.01185	0.0131	0.01355
V461	0.04363	0.00884	0.00699	0.94053
V462	0.31799	0.18875	0	0.49326
V463	0.26543	0.46179	0.12123	0.15155
V464	0.47123	0.06558	0	0.46319
V465	0.40987	0.38934	0.01142	0.18936
V466	0.5748	0.14188	0	0.28332
V467	0.33253	0.57013	0.0527	0.04464
V468	0.52682	0.37794	0.02931	0.06593
V469	0.00974	0.12181	0.21835	0.65009
V470	0.5794	0.092	0.13595	0.19264
V471	0.23378	0.06348	0.01712	0.68562
V472	0.30132	0.27116	0	0.42752
V473	0.10078	0.5755	0.29979	0.02392
V474	0.093	0	0.06492	0.84208
V475	0.17266	0.34504	0.04874	0.43355
V476	0.13399	0	0.03306	0.83295
V477	0.62294	0.02317	0.15599	0.1979
V478	0.12122	0.53646	0	0.34232
V479	0.01506	0.06501	0.79706	0.12287
V480	0.06402	0.23925	0.0234	0.67333
V481	0.16417	0.01506	0.80331	0.01746
V482	0.74919	0.13173	0.07724	0.04184
V483	0.10391	0.06403	0.04311	0.78895
V484	0.01567	0.03308	0.01581	0.93545
V485	0.11306	0.71838	0.00307	0.1655
V486	0.26373	0.21319	0.08741	0.43568
V487	0.05458	0.01685	0.05245	0.87613
V488	0.00066	0.00932	0.84239	0.14763
V489	0.24392	0.08543	0.65519	0.01545
V490	0.33867	0.2645	0.04027	0.35657
V491	0.46075	0.44387	0.01767	0.07771
V492	0.02126	0.87116	0.10307	0.00451
V493	0.01878	0	0.0086	0.97262
V494	0.20969	0.1303	0.48358	0.17643
V495	0.23751	0.63415	0.10604	0.02229
V496	0.27533	0.6699	0	0.05477
V497	0.01285	0.01972	0.95681	0.01061
V498	0.28159	0.06405	0.02733	0.62703
V499	0.66346	0.24359	0.08896	0.00399
V500	0.10853	0.10372	0.73397	0.05378
V501	0.00846	0	0.02835	0.96319
V502	0.59874	0.25321	0.11584	0.03221
V503	0.17798	0.05863	0.14241	0.62099
V504	0.23411	0.68445	0.00295	0.07848
V505	0.19256	0.16852	0.2004	0.43852
V506	0.08612	0.22225	0.40864	0.28299
V507	0.63605	0.07193	0.08169	0.21033
V508	0.79201	0.13498	0.02176	0.05124
V509	0.23865	0.04152	0.44984	0.26998
V510	0.24369	0.53263	0.21992	0.00376
V511	0.03474	0.34942	0.02367	0.59217
V512	0.21115	0.0214	0.04734	0.72011
V513	0.07332	0.66522	0.17497	0.08648
V514	0.01337	0.03237	0.00462	0.94964
V515	0.78372	0.04324	0.02525	0.14779
V516	0.91509	0.07878	0	0.00613
V517	0.02791	0.00579	0.17975	0.78654
V518	0.95609	0.03698	0	0.00694
V519	0.01841	0.85493	0	0.12667
V520	0.01917	0	0.53367	0.44715
V521	0.62406	0.03223	0.31009	0.03361
V522	0.00271	0.09306	0.51401	0.39022
V523	0.36362	0.09217	0.20413	0.34008
V524	0.0018	0.80767	0.15517	0.03536
V525	0.22899	0.14806	0.01105	0.6119
V526	0.64917	0.0543	0.04421	0.25232
V527	0.19559	0.00971	0.32084	0.47386
V528	0.09212	0.85178	0	0.0561
V529	0.04501	0.02935	0.15725	0.7684
V530	0.00353	0.18137	0.6638	0.1513
V531	0.01448	0.89535	0.09017	0
V532	0.15109	0.26194	0.0116	0.57537
V533	0.28496	0.31357	0.09891	0.30255
V534	0.00409	0.00601	0.64296	0.34694
V535	0.49921	0	0.00188	0.49891
V536	0.17671	0	0.29192	0.53136
V537	0.64138	0.23208	0.11451	0.01202
V538	0.42755	0.03144	0.0513	0.48971
V539	0.27781	0.41103	0.11923	0.19193
V540	0.20413	0.7042	0.04654	0.04513
V541	0.00878	0.44487	0.03716	0.50919
V542	0.18455	0.08747	0.19206	0.53591
V543	0.87304	0.00762	0.00173	0.1176
V544	0.08443	0.04927	0.11721	0.74908
V545	0.34098	0.09965	0.03972	0.51965
V546	0.04194	0.90769	0.04584	0.00453
V547	0.0308	0.67973	0.27593	0.01355
V548	0.15712	0.78065	0.05836	0.00388
V549	0.36868	0.02351	0.59255	0.01526
V550	0.53981	0.01343	0	0.44676
V551	0.17585	0.73578	0.01998	0.06839
V552	0	0.45291	0	0.54709
V553	0.25812	0.13029	0.58574	0.02585
V554	0.0388	0.04569	0.01285	0.90266
V555	0.08202	0.18298	0.27176	0.46324
V556	0.00217	0.02622	0.92632	0.04529
V557	0.80686	0.01858	0.00059	0.17397
V558	0.05732	0.77443	0.01407	0.15418
V559	0.00527	0.83462	0.16011	0
V560	0.70147	0.29342	0	0.00512
V561	0.00516	0.02786	0.95607	0.01091
V562	0.80366	0.00475	0.07792	0.11367
V563	0.27786	0.01077	0.70415	0.00722
V564	0.06053	0.06526	0.85633	0.01787
V565	0.12246	0.22923	0.3242	0.32411
V566	0.68389	0.06835	0	0.24776
V567	0.20546	0.3928	0.01105	0.39068
V568	0.20484	0	0.02954	0.76562
V569	0.64026	0.01529	0	0.34444
V570	0.02096	0.28253	0.60209	0.09442
V571	0.8289	0.10155	0	0.06955
V572	0.48025	0.00489	0.38293	0.13193
V573	0.04647	0.11629	0.00146	0.83578
V574	0.03045	0.81871	0.13784	0.013
V575	0.0131	0.04382	0.08064	0.86244
V576	0.15301	0.812	0.02238	0.01262
V577	0.02761	0.01685	0.14851	0.80703
V578	0.05154	0.04648	0.63832	0.26365
V579	0.00276	0.90659	0.06724	0.02342
V580	0.12224	0	0.07017	0.80759
V581	0.04956	0.04159	0.00223	0.90663
V582	0.57545	0.10734	0.01386	0.30335
V583	0.00321	0.02604	0.51297	0.45778
V584	0.57947	0.13164	0.24377	0.04511
V585	0.00459	0	0.35564	0.63977
V586	0.25794	0.00819	0.60613	0.12774
V587	0.30024	0.01093	0.6505	0.03833
V588	0.60025	0.02449	0.00872	0.36654
V589	0.04884	0.82931	0.04042	0.08144
V590	0.04274	0.79594	0.15714	0.00418
V591	0.00157	0.01232	0.14267	0.84344
V592	0.18344	0.03504	0.78049	0.00103
V593	0.58067	0	0.13273	0.2866
V594	0.37655	0.27277	0.29093	0.05975
V595	0.02069	0.00441	0.01387	0.96104
V596	0.02477	0.22633	0.16911	0.57979
V597	0	0.59241	0.29365	0.11394
V598	0.01723	0.10495	0.8598	0.01802
V599	0.659	0.29249	0.01746	0.03106
V600	0.36817	0.447	0.02921	0.15563
V601	0.1424	0.215	0.04861	0.594
V602	0.02157	0.00637	0.00917	0.96289
V603	0.00489	0.29359	0.00522	0.6963
V604	0.57524	0.0976	0.29329	0.03386
V605	0.06163	0.3045	0.35229	0.28158
V606	0.74128	0.12031	8e-04	0.13761
V607	0.64405	0.00432	0.07043	0.2812
V608	0.22636	0.12902	0.32807	0.31655
V609	0.01712	0.18032	0.17594	0.62662
V610	0.78286	0.01292	0.05688	0.14734
V611	0.24515	0	0.02916	0.72569
V612	0.025	0.07504	0.80427	0.0957
V613	0.03179	0.33671	0.57886	0.05264
V614	0.77293	0.04275	0.02506	0.15926
V615	0.10575	0.02496	0.00294	0.86635
V616	0.06787	0.68358	0.02467	0.22388
V617	0.53045	0.14579	0.32376	0
V618	0.68217	0.0014	0	0.31643
V619	0.3911	0.01661	0.24959	0.3427
V620	0.00349	0.69863	0.29321	0.00467
V621	0.43601	0.11758	0.1274	0.31901
V622	0.40321	0.20534	0.35628	0.03517
V623	0.01302	0.03629	0.09512	0.85557
V624	0.8073	0.17145	0	0.02126
V625	0.27186	0.47334	0.06671	0.18809
V626	0.95926	0.02643	0	0.0143
V627	0.00489	0.00366	0.04735	0.9441
V628	0.00158	0.16128	0.00688	0.83025
V629	0.11823	0.25295	0.22567	0.40316
V630	0.03134	0.33402	0.56899	0.06565
V631	0.01175	0.13238	0.06513	0.79074
V632	0.56568	0	0.0926	0.34172
V633	0.00031	0.02462	0.79896	0.17611
V634	0.44748	0.25357	0.29486	0.00409
V635	0.01718	0.72029	0	0.26254
V636	0.12805	0.08387	0.61012	0.17797
V637	0.29017	0.14567	0.05407	0.51009
V638	0.37199	0.2093	0.03997	0.37874
V639	0.29426	0.43534	0.2704	0
V640	0.03541	0.13588	0.76074	0.06796
V641	0.9008	0.02919	0.01072	0.05929
V642	0.77549	0.14422	0	0.0803
V643	0.00154	0.14592	0.38306	0.46948
V644	0.9228	0.0641	0	0.0131
V645	0.29101	0.41305	0.27278	0.02317
V646	0.00492	0.98505	0.00394	0.00609
V647	0.15801	0.0707	0.69174	0.07955
V648	0.44406	0.42141	0.10162	0.03291
V649	0.02499	0.0497	0.84272	0.08259
V650	0.05701	0.07398	0.77359	0.09542
V651	0.35431	0.00985	0.629	0.00683
V652	0.0787	0.05965	0.36646	0.49518
V653	0.1183	0.663	0.0693	0.14941
V654	0.73613	0.16703	0.03367	0.06317
V655	0.0248	0.50755	0.00702	0.46063
V656	0.18199	0.2068	0.00164	0.60956
V657	0.01781	0.03527	0.00695	0.93997
V658	0.62388	0.17106	0.03325	0.17182
V659	0.34283	0.06332	0.30422	0.28963
V660	0.02164	0.95375	0	0.02462
V661	0.04447	0.35235	0.02966	0.57352
V662	0.44833	0.00992	0.40744	0.13431
V663	0.26358	0.05476	0.52315	0.15851
V664	0.22659	0.05199	0.65676	0.06466
V665	0.7194	0.15123	0.02143	0.10794
V666	0.55432	0	0.06301	0.38267
V667	0.81049	0.06186	0.12764	0
V668	0.12281	0.8127	0.06449	0
V669	0.24488	0.40029	0.21322	0.14161
V670	0.07272	0.90339	0	0.02389
V671	0.39696	0.26103	0.21757	0.12444
V672	0.01754	0.02284	0.91575	0.04386
V673	0.24152	0.34248	0.18955	0.22646
V674	0.73364	0.11072	0.00519	0.15046
V675	0.13659	0.29895	0.2723	0.29215
V676	0.02028	0.06539	0.06585	0.84848
V677	0.40389	0.37284	0.06496	0.15832
V678	0.53737	0.45452	0.0039	0.00421
V679	0.047	0.31874	0.61883	0.01544
V680	0.32699	0.54651	0.1044	0.0221
V681	0.91387	0.05263	0.00263	0.03087
V682	0.12028	0.29485	0.5331	0.05177
V683	0.00771	0.98013	0.01216	0
V684	0.74629	0.1283	0.06173	0.06368
V685	0.53269	0.3216	0.09049	0.05522
V686	0.07456	0.12727	0.10216	0.69601
V687	0.0212	0	0.01413	0.96467
V688	0.37284	0.4691	0	0.15805
V689	0.21273	0	0.02425	0.76302
V690	0.51817	0.02932	0.36969	0.08282
V691	0.1798	0.01214	0.80008	0.00798
V692	0.08081	0.12005	0.70434	0.0948
V693	0.23339	0.07719	0.30747	0.38195
V694	0.005	0.00661	0.2152	0.77319
V695	0.21082	0	0.10405	0.68512
V696	0.056	0.04518	0.0076	0.89122
V697	0.01296	0.02395	0.00846	0.95463
V698	0.80223	0.00491	0.00096	0.19189
V699	0.59561	0.25008	0.04125	0.11306
V700	0.19565	0.00622	0.00147	0.79666
V701	0.1024	0.49173	0.07511	0.33076
V702	0.50753	0.05081	0.00042	0.44124
V703	0.12836	0.03078	0.41742	0.42343
V704	0.82636	0.03089	0.01007	0.13268
V705	0.95847	0.00711	0.00321	0.03121
V706	0.07903	0.03763	0.76171	0.12163
V707	0.03119	0.44571	0.47169	0.05141
V708	0.028	0.87071	0.00973	0.09157
V709	0.1456	0.25001	0.49759	0.1068
V710	0.61988	0.16973	0.02678	0.18362
V711	0.0844	0.81723	0.06414	0.03422
V712	0.80977	0.03786	0	0.15238
V713	0.43169	0.24882	0.01493	0.30456
V714	0.00102	0.60991	0.00754	0.38152
V715	0.33346	0.31805	0.26126	0.08723
V716	0.0244	0.01367	0.02687	0.93506
V717	0.07383	0.91185	0	0.01432
V718	0.14721	0.55683	0.14208	0.15388
V719	0.04603	0.67376	0.01829	0.26191
V720	0.73637	0.00255	0.17643	0.08466
V721	0.12217	0.13167	0.42165	0.32451
V722	0.074	0.26724	0.00306	0.6557
V723	0.08567	0.04572	0.00287	0.86574
V724	0.55631	0.01343	0.04967	0.38059
V725	0.00113	0.08197	0.87341	0.0435
V726	0.02482	0.31578	0.08158	0.57782
V727	0.27904	0.65349	0.06394	0.00353
V728	0.02135	0.90342	0.07062	0.00461
V729	0.38073	0.00282	0.11129	0.50516
V730	0.92174	0.02517	0.02222	0.03087
V731	0.01769	0.15275	0.33009	0.49947
V732	0.36761	0.05459	0.29119	0.2866
V733	0.65785	0.14741	0.01497	0.17977
V734	0.26778	0.30433	0.42355	0.00434
V735	0.01111	0.00924	0.39405	0.58559
V736	0.11782	0	0.00529	0.87689
V737	0.35451	0.25527	0.1965	0.19371
V738	0.07576	0.3146	0.41597	0.19367
V739	0	0.00305	0.51833	0.47862
V740	0.87766	0.06895	0.04079	0.0126
V741	0.47847	0.06962	0.08246	0.36945
V742	0.4165	0.57656	0.00695	0
V743	0.149	0.12446	0.69932	0.02721
V744	0.55816	0.02617	0.2725	0.14316
V745	0.00846	0.69643	0.14385	0.15126
V746	0.97656	0.01583	0	0.00761
V747	0.05084	0.00194	0.65233	0.29489
V748	0.12467	0.07951	0.54432	0.25149
V749	0.25575	0.12306	0.02743	0.59376
V750	0.42161	0.4225	0.00575	0.15015
V751	0.03856	0.87152	0.02109	0.06884
V752	0.48122	0.18605	0.09526	0.23747
V753	0.01678	0.00373	0.00766	0.97184
V754	0.00352	0.91761	0	0.07887
V755	0.14443	0.15467	0.28209	0.41882
V756	0.01933	0	0.02873	0.95195
V757	0.35493	0.57351	0.03885	0.03271
V758	0.0382	0.77831	0.08751	0.09598
V759	0.11139	0.03525	0.32798	0.52538
V760	0.28501	0.03322	0.21366	0.4681
V761	0.06293	0.58672	0.23548	0.11487
V762	0	0.3053	0.00546	0.68924
V763	0.38019	0.30446	0.01006	0.30529
V764	0.00299	0.91699	0.00083	0.07918
V765	0.63915	0.0598	0	0.30106
V766	0.0102	0.29051	0.39098	0.30832
V767	0.51301	0.09454	0.19448	0.19797
V768	0.05037	0.91467	0.01179	0.02316
V769	0.14049	0.83042	0.01648	0.01261
V770	0.00492	0.98505	0.00394	0.00609
V771	0.19109	0.01477	0.77705	0.01709
V772	0.15185	0.03825	0.80249	0.00742
V773	0.16385	0.82167	0.00131	0.01317
V774	0.01821	0.0125	0.92449	0.0448
V775	0.09463	0.01839	0.20888	0.67809
V776	0.44487	0.38599	0.02878	0.14037
V777	0.15055	0.07365	0.09205	0.68375
V778	0.55745	0.23823	0.04072	0.1636
V779	0.16671	0.02474	0.42841	0.38014
V780	0.11293	0.78285	0.10422	0
V781	0.03448	0.00815	0.01668	0.94069
V782	0.0069	0.10327	0.79396	0.09587
V783	0.78541	0.01257	0.0247	0.17732
V784	0.1074	0.88105	0.00682	0.00473
V785	0.03008	0.93981	0.00669	0.02343
V786	0.76463	0.12948	0.05398	0.05192
V787	0	0.86591	0.12921	0.00488
V788	0.55113	0.27691	0.11638	0.05558
V789	0.05466	0.28996	0.01268	0.64271
V790	0.41647	0.01229	0.04463	0.52661
V791	0.13857	0.3565	0.28566	0.21927
V792	0.11964	0.47339	0	0.40697
V793	0.11421	0.61834	0.01764	0.2498
V794	0.0455	0.06384	0.78147	0.10919
V795	0.08422	0.01648	0.03364	0.86566
V796	0.02711	0.07283	0.87026	0.0298
V797	0.80317	0.00761	0.17601	0.0132
V798	0.66021	0.26982	0.04905	0.02092
V799	0.12689	0.76728	0.01412	0.09172
V800	0.05656	0.01025	0.43614	0.49705
V801	0.12612	0.08089	0.25976	0.53323
V802	0.02676	0.04488	0.20237	0.72598
V803	0.24294	0.52716	0.22991	0
V804	0.56824	0.01012	0.32974	0.0919
V805	0.02058	0.02588	0.95096	0.00258
V806	0.03905	0.90988	0.00567	0.04539
V807	0.22621	0.10366	0.01705	0.65308
V808	0.69625	0.23979	0.02269	0.04127
V809	0.04646	0.04208	0.90984	0.00162
V810	0.00571	0.98758	5e-05	0.00665
V811	0.42352	0.04853	0.14978	0.37818
V812	0.56268	0.22304	0.02738	0.18691
V813	0.65231	0.1666	0.14875	0.03234
V814	0.45502	0.51479	0.02637	0.00381
V815	0	0.93891	0.05599	0.0051
V816	0.94361	0.01343	0.04205	9e-04
V817	0.02755	0.06653	0.88754	0.01837
V818	0.00485	0.02314	0.02342	0.94859
V819	0.8596	0.06295	0.02704	0.0504
V820	0.1034	0.05869	0.0096	0.82831
V821	0.23973	0.30073	0.35627	0.10327
V822	0.07254	0.02178	0.87579	0.02989
V823	0.02147	0.17034	0.67011	0.13808
V824	0.0969	0.39102	0.51208	0
V825	0.22501	0.25413	0.20669	0.31417
V826	0.46911	0.3999	0.11895	0.01204
V827	0.39096	0.57361	0.00319	0.03224
V828	0.19903	0.11627	0.0702	0.6145
V829	0.02757	0.17834	0.01889	0.7752
V830	0.19439	0.16809	0.01115	0.62637
V831	0.78377	0.0655	0.01451	0.13622
V832	0.27875	0.37125	0.12806	0.22193
V833	0.14664	0.48753	0.14084	0.225
V834	0.2593	0.04185	0.0467	0.65215
V835	0.38104	0.42884	0.08322	0.1069
V836	0.00173	0.61129	0	0.38698
V837	0.22482	0.34656	0.14712	0.2815
V838	0.94266	0.03813	0.01334	0.00586
V839	0.31851	0.60661	0.07121	0.00367
V840	0.30317	0.69396	0.00287	0
V841	0.00075	0.03519	0.88147	0.08258
V842	0.37081	0.1324	0.20843	0.28837
V843	0.01551	0.01827	0.85765	0.10857
V844	0.10115	0.05742	0.30994	0.5315
V845	0.06969	0.09093	0.74439	0.09499
V846	0	0.00852	0.6979	0.29358
V847	0.01124	0	0.01426	0.9745
V848	0.08138	0.47781	0.13017	0.31063
V849	0	0.95172	0.00268	0.0456
V850	0.97216	0.00964	0.00412	0.01408
V851	0.35984	0.52495	0.11521	0
V852	0.08337	0.02251	0.08408	0.81004
V853	0.26604	0.19847	0.36158	0.17392
V854	0.62127	0.13439	0.06904	0.1753
V855	0.01124	0	0.01426	0.9745
V856	0.03746	0.32301	0.30174	0.3378
V857	0.69132	0.13929	0.01526	0.15412
V858	0.61259	0.0122	0.36944	0.00578
V859	0.6757	0.19972	0.00535	0.11923
V860	0.15771	0.07097	0.02968	0.74164
V861	0.09548	0.36285	0.52703	0.01464
V862	0.14506	0.07182	0.71688	0.06623
V863	0.1671	0.03075	0	0.80215
V864	0.04758	0.0119	0.03061	0.90991
V865	0.09387	0	0.19526	0.71087
V866	0.77715	0.01535	0.19457	0.01293
V867	0.77507	0.02243	0.19724	0.00526
V868	0.5492	0.24859	0.09761	0.1046
V869	0.0136	0.977	0.00364	0.00576
V870	0.08394	0.26983	0.00713	0.6391
V871	0	0.95172	0.00268	0.0456
V872	0.00646	2e-04	0.18143	0.81192
V873	0.90897	0.02405	0.027	0.03998
V874	0.20237	0.77862	0.01901	0
V875	0.01035	0.13606	0.14566	0.70792
V876	0.16941	0.31512	0.38274	0.13274
V877	0.03704	0.36602	0.24899	0.34795
V878	0.1353	0.81772	0.04698	0
V879	0.18875	0.68066	0.02537	0.10522
V880	0.30406	0.50899	0	0.18695
V881	0.14738	0.0291	0.54996	0.27356
V882	0.82034	0.00281	0.08547	0.09138
V883	0.31833	0.19324	0.48843	0
V884	0.01354	0.20644	0	0.78002
V885	0.74734	0.19242	0.06024	0
V886	0.01062	0.35124	0.43195	0.2062
V887	0.65931	0.04322	0.11346	0.18401
V888	0.10343	0.03668	0.72486	0.13503
V889	0.93182	0.03972	0.00715	0.02132
V890	0.02936	0.11843	0.58304	0.26916
V891	0.67928	0.0366	0.22979	0.05433
V892	0.24816	0.12963	0.00186	0.62035
V893	0.62521	0.18336	0.11259	0.07884
V894	0.0672	0.30964	0.57055	0.05261
V895	0.61952	0.04305	0.14931	0.18812
V896	0.0308	0.94334	0.00199	0.02386
V897	0.70644	0.22123	0	0.07233
V898	0.40924	0	0	0.59076
V899	0.01877	0.13375	0.09445	0.75303
V900	0.07145	0.26309	0.31264	0.35283
V901	0.0273	0.80883	0	0.16388
V902	0.04181	0.92227	0.03134	0.00458
V903	0.00359	0.43076	0.50069	0.06496
V904	0.01421	0.9794	0	0.00639
V905	0.12275	0	0.11964	0.75761
V906	0.37814	0.06033	0.06707	0.49446
V907	0.44358	0.48373	0.00707	0.06562
V908	0.00861	0.01907	0.0438	0.92852
V909	0.12499	0.78501	0	0.09
V910	0.13179	0	0.0769	0.79131
V911	0.53491	0.3602	0.01683	0.08805
V912	0.40725	0.28895	0.08947	0.21434
V913	0.09083	0	0.00704	0.90213
V914	0.19426	0.5039	0.25374	0.04811
V915	0.18433	0	0.00294	0.81273
V916	0.2801	0.04289	0.61388	0.06314
V917	0.74186	0.01931	0.1198	0.11902
V918	0.03889	0.64015	0.19399	0.12697
V919	0.19818	0.19726	0.24501	0.35955
V920	0.64834	0.16448	0.0619	0.12528
V921	0.02158	0.1064	0.01613	0.85589
V922	0.1024	0.47588	0.35909	0.06263
V923	0.05832	0.00098	0.02563	0.91507
V924	0.0302	0.70008	0.23378	0.03594
V925	0.14677	0.0112	0.00646	0.83557
V926	0.16675	0.00475	0.01535	0.81315
V927	0.01555	0.01385	0.0328	0.9378
V928	0.03833	0.88203	0.00041	0.07923
V929	0.04739	0.62523	0.09421	0.23318
V930	0.52227	0.33634	0.01623	0.12516
V931	0.14541	0.26098	0.48705	0.10656
V932	0.02923	0.08709	0.55944	0.32424
V933	0.61924	0.36557	0.00301	0.01218
V934	0.00393	0.10165	0.20576	0.68865
V935	0.60633	0.13382	0.16777	0.09209
V936	0.52129	0.22793	0.00515	0.24563
V937	0.53974	0.09424	0.05244	0.31357
V938	0.38007	0.03009	0.24401	0.34583
V939	0.75345	0.01096	0.04306	0.19253
V940	0.01905	0.8166	0.11733	0.04702
V941	0.00698	0.02262	0.95889	0.01152
V942	0.77693	0.1617	0.04051	0.02085
V943	0.43924	0.10837	0.37958	0.07281
V944	0.01168	0.19795	0.03732	0.75306
V945	0.57046	0.31848	0.00134	0.10972
V946	0.50078	0.24149	0.21218	0.04555
V947	0.0639	0.02281	0.1662	0.74709
V948	0.38093	0.02207	0.57126	0.02574
V949	0	0.0676	0.14344	0.78896
V950	0.04795	0.5126	0.17035	0.2691
V951	0.86382	0.01699	0.11387	0.00533
V952	0.05529	0.08434	0.19851	0.66186
V953	0.01706	0.04479	0.89473	0.04342
V954	0.02657	0.12513	0.09427	0.75403
V955	0.11231	0.54906	0.01183	0.3268
V956	0.02723	0.00966	0.43052	0.53258
V957	0.28564	0.00222	0	0.71214
V958	0.01878	0	0.0086	0.97262
V959	0.25525	0.2404	0.40072	0.10363
V960	0.21651	0.21749	0.048	0.51799
V961	0.14001	0.37269	0.31158	0.17572
V962	0.402	0.14441	0.3536	0.09998
V963	0.63735	0.1399	0.12018	0.10256
V964	0.86984	0.02378	0.06608	0.0403
V965	0.04703	0.46567	0.14837	0.33893
V966	0.96712	0.01897	0	0.01391
V967	0.0473	0.02347	0.45277	0.47646
V968	0	0.13423	0.77012	0.09565
V969	0.00492	0.21623	0.01964	0.75921
V970	0.02722	0.08313	0.35432	0.53533
V971	0.54547	0.06618	0.28144	0.10691
V972	0.50451	0.15539	0.02547	0.31463
V973	0.2657	0.3764	0.04926	0.30863
V974	0.00094	0.79371	0.09765	0.1077
V975	0.10924	0.29291	0.59243	0.00542
V976	0.45222	0.20539	0.07921	0.26317
V977	0.35275	0.35228	0.29103	0.00394
V978	0.04609	0.05055	0.03894	0.86442
V979	0.83977	0.01717	0.13782	0.00524
V980	0.97656	0.01583	0	0.00761
V981	0.35146	0.01958	0.37186	0.2571
V982	0.46346	0.37019	0.04984	0.11651
V983	0.67202	0.03887	0	0.28911
V984	0.01031	0.86085	0.08212	0.04672
V985	0.05501	0.13266	0.00093	0.8114
V986	0.33096	0.49614	0.02967	0.14323
V987	0.24245	0.7349	0	0.02266
V988	0.17576	0.00093	0.00632	0.81699
V989	0.47025	0.45697	0.05137	0.02141
V990	0	0.03728	0.75887	0.20385
V991	0.65986	0.32756	0	0.01258
V992	0.20348	0.00286	0.44999	0.34368
V993	0.06144	0.744	0.13535	0.0592
V994	0.1899	0.78141	0.01615	0.01254
V995	0.74413	0.07937	0.0147	0.1618
V996	0.23257	0.07846	0.00314	0.68583
V997	0.01518	0.01115	0.79825	0.17541
V998	0.88929	0.01303	0.0382	0.05948
V999	0.12097	0.87379	0	0.00524
V1000	0.26602	0.00696	0	0.72702
