Neutrophils	Monocytes_CD14.CD16.	Macrophage	T_cells_.CD4..	NK_cells
V1	0.40165	0.1056	0.22754	0.122	0.14321
V2	0.10351	0.766	0.02428	0.03322	0.07298
V3	0.09823	0	0.41172	0.41986	0.07019
V4	0.02185	0	0.23592	0.08065	0.66158
V5	0.02208	0	0.05528	0.1347	0.78794
V6	0.40707	0	0.24967	0.21564	0.12762
V7	0.02592	0.00921	0.42452	0.08924	0.4511
V8	0.02762	0	0.86383	0.05915	0.04941
V9	0.08566	0	0.23116	0.60672	0.07646
V10	0.54769	0	0.42326	0	0.02905
V11	0.05185	0.00146	0.10282	0.09698	0.74689
V12	0.10997	0	0.20497	0.31827	0.36679
V13	0.17105	0.02475	0.0307	0.42326	0.35025
V14	0.19387	0	0.05445	0.61355	0.13813
V15	0.05933	0.00083	0.00022	0.82044	0.11918
V16	0.62813	0.05012	0.00034	0.27993	0.04149
V17	0.09679	0.24958	0.00548	0.07427	0.57388
V18	0.13489	0.40625	0.22138	0.18473	0.05274
V19	0.04121	0	0	0.14861	0.81018
V20	0.01245	0	0.7018	0.22036	0.06539
V21	0.05049	0.25441	0.118	0.17132	0.40578
V22	0.87038	0.05832	0.04763	0	0.02367
V23	0.10312	0.00028	0.0197	0.16499	0.7119
V24	0.52724	0.10667	0.00718	0.03837	0.32053
V25	0.04966	0.00936	0.01253	0.43737	0.49107
V26	0.54678	0.18716	0.04255	0.02552	0.19799
V27	0.17318	0.49558	0.15312	0	0.17812
V28	0.06667	0.04667	0.18359	0.60267	0.1004
V29	0.0241	0	0.29924	0.58878	0.08788
V30	0.80185	0.08596	0.01243	0.00107	0.09869
V31	0.4835	0.12534	0	0.21071	0.18045
V32	0.95348	0	0	0	0.04652
V33	0.04633	0.19734	0.00814	0.13763	0.61056
V34	0.16327	0.80145	0	0	0.03528
V35	0.14358	0.60288	0.21377	0.0032	0.03656
V36	0.05287	0.16659	0.1599	0.10721	0.51342
V37	0.79831	0	0	0	0.20169
V38	0.16621	0	0.45855	0.20081	0.17442
V39	0.40542	0.00546	0.31566	0.00366	0.26981
V40	0.27743	0.58678	0	0.0734	0.06239
V41	0.09574	0.81177	0	0	0.09249
V42	0.91742	0.01473	0.00833	0	0.05952
V43	0.56558	0.09625	0.31137	0	0.02681
V44	0.06751	0.27484	0.52823	0	0.12943
V45	0.0855	0.65741	0.06586	0.11341	0.07781
V46	0.16457	0.74169	0.03808	0.00569	0.04997
V47	0.01147	0	0.93661	0	0.05192
V48	0.21915	0.10413	0.19936	0.3196	0.15777
V49	0.5419	0.11895	0.19459	0.10911	0.03545
V50	0.04486	0	0.91461	0	0.04053
V51	0.14729	0.25878	0.17863	0.06559	0.34972
V52	0.09887	0.86114	0	0	0.03999
V53	0.06819	0.14887	0.00142	0.68891	0.09262
V54	0.25265	0	0	0.53115	0.2162
V55	0.10443	0	0	0.79291	0.10266
V56	0.09825	0	0	0.72073	0.18103
V57	0.21002	0.10083	0.54006	0.0105	0.13859
V58	0.08761	0	0.12334	0.23103	0.55802
V59	0.91476	0	0.06958	0	0.01566
V60	0.496	0.18317	0.10008	0.10187	0.11888
V61	0.23437	0	0.01838	0.2418	0.50545
V62	0.0867	0	0.29411	0.15719	0.462
V63	0.46494	0.24442	0.04299	0.02271	0.22494
V64	0.97273	0	0.01044	0	0.01683
V65	0.12706	0.0549	0.03085	0.59831	0.18889
V66	0.05546	0	0.11342	0.73283	0.0983
V67	0.02074	0	0.33527	0.12101	0.52298
V68	0.54024	0	0.35701	0.01257	0.09017
V69	0.67347	0.09002	0.16983	0	0.06667
V70	0.11079	0.69	0.01732	0.12297	0.05892
V71	0.14525	0.75706	0.01578	0.03511	0.0468
V72	0.07389	0.40773	0.0109	0.04532	0.46216
V73	0.0859	0	0.08556	0.57321	0.25533
V74	0.04921	0.03863	0.00543	0.74703	0.1597
V75	0.54768	0.15584	0.26861	0	0.02787
V76	0.03875	0	0.01085	0.7971	0.15329
V77	0.0358	0	0.89444	0.02223	0.04753
V78	0.01585	0	0.92999	0	0.05416
V79	0.12285	0.398	0.02365	0.13924	0.31625
V80	0.17258	0.69705	0	0.02941	0.10095
V81	0.02419	0	0.93333	0	0.04248
V82	0.28869	0.13567	0.017	0.48911	0.06952
V83	0.13796	0.05556	0.0149	0.53442	0.25715
V84	0.12666	0.1613	0	0.08413	0.6279
V85	0.01222	0	0.94033	0	0.04744
V86	0.06363	0.23094	0.27338	0.36354	0.06851
V87	0.5108	0	0.02649	0.39952	0.06319
V88	0.37083	0.14305	0.03854	0.18841	0.25916
V89	0.07679	0.07209	0.78949	0.01827	0.04335
V90	0.04372	0.17615	0.05031	0.13478	0.59505
V91	0.03728	0	0.06642	0.79296	0.10333
V92	0.29138	0.01734	0.0224	0.08019	0.58869
V93	0.04271	0.05899	0.14945	0.5173	0.23155
V94	0.06936	0.15951	0.01514	0.26364	0.49234
V95	0.09611	0.22693	0.01321	0.12941	0.53434
V96	0.85398	0	0.00992	0.00585	0.13026
V97	0.20392	0.00691	0.04049	0.14929	0.59939
V98	0.09474	0.36927	0.15646	0.1215	0.25802
V99	0.56895	0.10789	0	0.19334	0.12982
V100	0.60412	0.14172	0.03488	0.03795	0.18133
V101	0.10769	0.85375	0	0	0.03855
V102	0.37603	0.22437	0.11282	0.09397	0.1928
V103	0.14966	0	0	0.09657	0.75377
V104	0.08561	0.41456	0.06706	0.04022	0.39255
V105	0.02693	0	0.0402	0.14461	0.78825
V106	0.09853	0.7327	0.11001	0	0.05876
V107	0.08686	0.19516	0.64516	0.02515	0.04768
V108	0.0446	0.15155	0.76724	0	0.03661
V109	0.09746	0.20273	0.04546	0.2874	0.36694
V110	0.23388	0.48694	0.14824	0.08171	0.04922
V111	0.35282	0.1984	0.42884	0	0.01994
V112	0.21497	0	0.0861	0.46754	0.23139
V113	0.28377	0	0.08983	0.17342	0.45298
V114	0.63997	0.05053	0.03527	0.15011	0.12412
V115	0.90276	0	0	0	0.09724
V116	0.02578	0	0	0.12057	0.85366
V117	0.07504	0	0.79178	0.06675	0.06643
V118	0.07209	0	0	0.80577	0.12214
V119	0.39636	0	0.35342	0.21124	0.03898
V120	0.0218	0	0.79825	0.09981	0.08013
V121	0.24036	0.68009	0	0	0.07955
V122	0.07553	0.38075	0.0667	0.22838	0.24864
V123	0.56413	0.01268	0.06173	0.17744	0.18401
V124	0.26643	0.08952	0.05183	0.23372	0.35851
V125	0.08134	0.43394	0.44532	0	0.0394
V126	0.20756	0.16656	0.19985	0.12069	0.30533
V127	0.33811	0	0.60146	0.02378	0.03665
V128	0.24811	0.71267	0	0	0.03922
V129	0.33311	0.00312	0.24988	0.17465	0.23924
V130	0.07487	0.49714	0.02287	0.21028	0.19484
V131	0.04217	0	0.20489	0.66702	0.08591
V132	0.40376	0	0	0.33193	0.26431
V133	0.02586	0.02153	0.55197	0.10068	0.29995
V134	0.10424	0	0.76965	0.01043	0.11569
V135	0.05111	0.07005	0.71884	0.01662	0.14338
V136	0.98075	0	0	0	0.01925
V137	0.94627	0.00867	0	0.00147	0.04358
V138	0.30727	0.12401	0.06691	0.14554	0.35627
V139	0.15339	0	0.13083	0.63353	0.08225
V140	0.03792	0	0.15008	0.09049	0.72151
V141	0.05103	0.19661	0.61988	0.07987	0.05262
V142	0.25808	0	0.30294	0.13837	0.30061
V143	0.05067	0.1749	0.46037	0.14111	0.17295
V144	0.56997	0.19502	0.04839	0.0934	0.09322
V145	0.01583	0	0.91957	0	0.0646
V146	0.0744	0.33399	0	0.30675	0.28486
V147	0.13995	0.0305	0.66665	0.09186	0.07104
V148	0.20446	0.73969	0	0.00597	0.04988
V149	0.04053	0	0	0.80912	0.15034
V150	0.19582	0.16732	0.54786	0	0.089
V151	0.48572	0	0	0.37397	0.14031
V152	0.04048	0	0.09471	0.714	0.15081
V153	0.22948	0.15964	0.4284	0.03694	0.14553
V154	0.16852	0.58597	0.00398	0.02584	0.21567
V155	0.0663	0	0.11243	0.72469	0.09659
V156	0.13919	0	0.38664	0.16686	0.3073
V157	0.13163	0.01499	0.16039	0.30187	0.39111
V158	0.24267	0	0.42043	0.05045	0.28644
V159	0.16118	0.19972	0.00343	0.53692	0.09875
V160	0.52893	0.13937	0.0763	0.03659	0.21881
V161	0.26443	0	0.05605	0.06666	0.61286
V162	0.01681	0	0.93855	0	0.04464
V163	0.07093	0	0.0086	0.13274	0.78773
V164	0.95209	0.03017	0.00423	0	0.01351
V165	0.67103	0.18763	0.06145	0.02223	0.05766
V166	0.08034	0	0.21084	0.56785	0.14097
V167	0.0841	0.63273	0	0.11453	0.16864
V168	0.01681	0	0.93855	0	0.04464
V169	0.10652	0.66782	0.12026	0.05218	0.05322
V170	0.30355	0.3667	0.03426	0.16615	0.12935
V171	0.38478	0.04947	0.33144	0.15644	0.07786
V172	0.23221	0.21513	0.05881	0.05294	0.44092
V173	0.26727	0.07665	0.07671	0.38759	0.19177
V174	0.25845	0	0.32216	0.20171	0.21768
V175	0.11383	0.12791	0.10987	0.20815	0.44025
V176	0.41503	0	0	0.52077	0.0642
V177	0.25569	0	0.53986	0.15681	0.04764
V178	0.35564	0.00416	0.43325	0.10004	0.10691
V179	0.12329	0	0.00213	0.10105	0.77353
V180	0.04345	0	0.34558	0.05855	0.55243
V181	0.09974	0.27295	0	0.10117	0.52615
V182	0.61567	0.19901	0	0.12358	0.06174
V183	0.11641	0.84182	0	0	0.04177
V184	0.37907	0	0.25976	0.29659	0.06457
V185	0.15212	0.47471	0.00559	0.13689	0.23068
V186	0.18065	0.16673	0.01917	0.26493	0.36853
V187	0.12994	0.64726	0	0.16698	0.05581
V188	0.89515	0.00374	0.02108	0.05302	0.02701
V189	0.5146	0.21403	0.0187	0.20813	0.04454
V190	0.49702	0.03685	0.19732	0.01719	0.25162
V191	0.26866	0.19762	0	0.38529	0.14843
V192	0.38797	0.16711	0.10473	0.19361	0.14658
V193	0.11295	0.18637	0.49706	0.03502	0.16861
V194	0.32518	0.02509	0.07865	0.13304	0.43804
V195	0.64273	0.13903	0.19937	0	0.01887
V196	0.01816	0	0.05309	0.13572	0.79302
V197	0.11759	0.82524	0	0.00808	0.04909
V198	0.28543	0.20869	0.02307	0.2037	0.27912
V199	0.81956	0	0.17643	0	0.00401
V200	0.82163	0	0.01161	0.00932	0.15744
V201	0.06382	0	0.01113	0.68261	0.24244
V202	0.94342	0.03565	0	0	0.02093
V203	0.59353	0.22984	0.01097	0.03659	0.12907
V204	0.40543	0.05933	0.02613	0.03972	0.46939
V205	0.15321	0.00674	0.11404	0.13065	0.59536
V206	0.08535	0.07525	0	0.7167	0.1227
V207	0.05933	0.00083	0.00022	0.82044	0.11918
V208	0.21654	0.1949	0.44395	0.03144	0.11316
V209	0.20183	0	0.09272	0.09408	0.61137
V210	0.01134	0	0.93412	0	0.05454
V211	0.20266	0	0.19677	0.07615	0.52442
V212	0.11226	0.7371	0.0471	0.01969	0.08385
V213	0.12607	0	0.04907	0.29945	0.52541
V214	0.06879	0.5365	0.33797	0	0.05674
V215	0.31292	0.20487	0.11703	0.08489	0.28029
V216	0.08806	0.00733	0.32766	0.08423	0.49271
V217	0.03418	0	0.01621	0.77666	0.17296
V218	0.11932	0.1647	0.25935	0.32604	0.13058
V219	0.18481	0.24795	0.34606	0.17123	0.04995
V220	0.24144	0.6946	0.02975	0	0.03421
V221	0.07607	0.03192	0.49754	0.03283	0.36164
V222	0.03624	0	0.00413	0.12483	0.83479
V223	0.60077	0	0.27054	0.09083	0.03786
V224	0.08684	0.54669	0.00683	0.08657	0.27307
V225	0.758	0.13229	0.09741	0	0.01231
V226	0.49729	0.47798	0	0	0.02474
V227	0.14032	0.23923	0	0.52154	0.0989
V228	0.66922	0	0.23421	0.04394	0.05262
V229	0.33516	0.3721	0.21952	0.01836	0.05487
V230	0.03235	0	0.00207	0.12552	0.84007
V231	0.11472	0.59179	0.03489	0.14552	0.11308
V232	0.84899	0	0.14508	0	0.00593
V233	0.08792	0	0.14465	0.15522	0.6122
V234	0.06322	0.35971	0.18209	0.31606	0.07893
V235	0.97904	0	0	0	0.02096
V236	0.11469	0	0.60974	0.18322	0.09234
V237	0.1755	0.04819	0.24503	0.31757	0.21372
V238	0.02771	0	0.00269	0.33814	0.63146
V239	0.112	0.39849	0.03171	0.17738	0.28042
V240	0.11617	0.8003	0	0	0.08353
V241	0.09837	0.85831	0	0	0.04332
V242	0.07876	0.30381	0.26144	0.25275	0.10324
V243	0.55662	0	0.28866	0.01311	0.14161
V244	0.07264	0.40239	0.16535	0.08838	0.27124
V245	0.09888	0.8526	0.00424	0.00053	0.04375
V246	0.66122	0.23927	0.01003	0	0.08948
V247	0.25856	0.06374	0.58525	0.03129	0.06116
V248	0.14591	0.59734	0.00476	0.01452	0.23747
V249	0.31896	0.03744	0.18997	0.11549	0.33813
V250	0.04617	0	0.64972	0.04467	0.25944
V251	0.26572	0	0.0748	0.55048	0.10901
V252	0.05645	0.09161	0.53236	0.15175	0.16784
V253	0.35222	0.53578	0.05268	0.01609	0.04322
V254	0.56371	0.34569	0	0.04988	0.04071
V255	0.85992	0.05394	0	0.00048	0.08567
V256	0.09048	0.74057	0	0.00464	0.1643
V257	0.51085	0.27338	0.11259	0.0143	0.08888
V258	0.21487	0.29937	0.02993	0.39126	0.06457
V259	0.59344	0.23778	0.13863	0	0.03015
V260	0.3238	0.00359	0.09747	0.11787	0.45727
V261	0.04646	0	0.48709	0.29582	0.17062
V262	0.94584	0.00045	0.03601	0	0.0177
V263	0.84348	0.05718	0.00022	0.07459	0.02452
V264	0.11746	0.825	0	0.01426	0.04328
V265	0.86728	0.05856	0.05528	0	0.01888
V266	0.02845	0	0.0778	0.12064	0.77311
V267	0.07205	0	0	0.22819	0.69976
V268	0.2576	0.40595	0.10849	0.14873	0.07922
V269	0.13857	0.30587	0.31555	0.16784	0.07218
V270	0.08195	0	0.02214	0.79491	0.101
V271	0.27272	0.66915	0	0	0.05813
V272	0.15502	0.77593	0.00142	0	0.06763
V273	0.34658	0	0.15199	0.31756	0.18387
V274	0.13042	0.01795	0.03338	0.25139	0.56686
V275	0.09665	0.67669	0.11206	0.06041	0.05419
V276	0.02824	0	0.66934	0.22372	0.07871
V277	0.42924	0	0.52853	0	0.04223
V278	0.03525	0.00462	0.32004	0.45903	0.18106
V279	0.18172	0	0.0017	0.68946	0.12712
V280	0.23893	0	0.02686	0.58281	0.1514
V281	0.07034	0.20154	0.03	0.60953	0.08859
V282	0.10722	0.85033	0	0	0.04245
V283	0.42233	0	0.09478	0.0549	0.42798
V284	0.05497	0.10488	0.52177	0.01487	0.30351
V285	0.55289	0.41396	0	0	0.03315
V286	0.11769	0	0.81649	0.01766	0.04816
V287	0.30724	0.03485	0.15054	0.28843	0.21895
V288	0.25456	0	0.59612	0	0.14933
V289	0.20842	0.19911	0.00978	0.50875	0.07394
V290	0.47768	0.41027	0.09711	0	0.01495
V291	0.46148	0.17869	0	0.30666	0.05317
V292	0.16401	0	0.39705	0.0611	0.37784
V293	0.02854	0.08569	0.79193	0.03228	0.06155
V294	0.02457	0	0.00632	0.11911	0.85
V295	0.04503	0	0.3044	0.50859	0.14197
V296	0.87774	0.08318	0	0	0.03908
V297	0.03793	0	0.75588	0.11892	0.08726
V298	0.33243	0	0	0.51114	0.15644
V299	0.30313	0	0	0.62266	0.07421
V300	0.98281	0	0	0	0.01719
V301	0.97312	0	0	0	0.02688
V302	0.03003	0	0.00198	0.44643	0.52155
V303	0.15522	0.15332	0.19365	0.1914	0.30641
V304	0.24456	0	0.70834	0	0.0471
V305	0.26597	0.30206	0.07095	0.10686	0.25415
V306	0.36677	0.59309	0	0	0.04015
V307	0.28582	0	0.23346	0.42541	0.05531
V308	0.2929	0	0.61547	0.05166	0.03997
V309	0.71577	0.03749	0.03474	0.09564	0.11637
V310	0.05537	0.00367	0.00563	0.1834	0.75193
V311	0.0454	0	0.03067	0.80979	0.11413
V312	0.13145	0.23864	0.22887	0.02579	0.37525
V313	0.1053	0.28448	0.00273	0.31293	0.29456
V314	0.11369	0	0	0.41143	0.47488
V315	0.96573	0	0	0	0.03427
V316	0.16367	0.53554	0.20241	0.01105	0.08732
V317	0.4619	0.04618	0.4567	0	0.03521
V318	0.92416	0	0	0	0.07584
V319	0.14669	0.02406	0.79354	0	0.03571
V320	0.11122	0	0	0.78206	0.10671
V321	0.18981	0.31254	0.26302	0.17159	0.06304
V322	0.04199	0.24459	0.54046	0.04032	0.13263
V323	0.31846	0.1884	0.39266	0.00211	0.09836
V324	0.08069	0.01549	0.03536	0.7647	0.10375
V325	0.69625	0.07762	0.06398	0.08729	0.07486
V326	0.07378	0	0.0509	0.20507	0.67025
V327	0.38824	0.45649	0.07739	0	0.07788
V328	0.09374	0.26732	0.1382	0.42326	0.07749
V329	0.03713	0.01619	0.36508	0.50043	0.08117
V330	0.11486	0	0.8092	0	0.07594
V331	0.17658	0	0.08394	0.14823	0.59125
V332	0.54736	0.01255	0.40127	0	0.03882
V333	0.48356	0	0.27369	0.13943	0.10332
V334	0.08183	0.26492	0.51234	0.06383	0.07708
V335	0.78506	0.02891	0.06384	0.01538	0.10681
V336	0.21443	0.54113	0.20915	0	0.03528
V337	0.02539	0	0.01134	0.23589	0.72738
V338	0.78487	0	0.12435	0	0.09078
V339	0.26265	0.50618	0.14381	0	0.08735
V340	0.06433	0.15404	0.10353	0.10916	0.56894
V341	0.06227	0.47033	0.38407	0	0.08333
V342	0.36575	0.11785	0.40271	0.08127	0.03243
V343	0.75086	0	0.24	0	0.00914
V344	0.15323	0.72266	0.01606	0.00723	0.10083
V345	0.26852	0.02385	0	0.30554	0.40208
V346	0.078	0.29212	0.2803	0.26733	0.08225
V347	0.13319	0.49497	0.00521	0.27891	0.08772
V348	0.04854	0.11255	0.42331	0.24205	0.17356
V349	0.10737	0.28634	0.48926	0.00077	0.11626
V350	0.1615	0.39869	0.06213	0.2155	0.16217
V351	0.23227	0	0.40219	0.30135	0.06419
V352	0.15725	0.51333	0.29483	0	0.03459
V353	0.31086	0.31554	0.02066	0.05383	0.29911
V354	0.63475	0	0.35716	0	0.00808
V355	0.1246	0	0.30471	0.49732	0.07337
V356	0.12998	0	0.79927	0.00256	0.06819
V357	0.07464	0.00764	0.51118	0.05093	0.35562
V358	0.06936	0.00664	0.02874	0.78668	0.10858
V359	0.09753	0.0866	0.00199	0.72035	0.09354
V360	0.77092	0.0185	0.07123	0.11404	0.02531
V361	0.39362	0.44956	0.0606	0	0.09622
V362	0.85921	0	0.06946	0	0.07133
V363	0.05698	0.01316	0.00481	0.22154	0.70352
V364	0.08309	0.2706	0.01149	0.41942	0.2154
V365	0.04011	0	0.00429	0.82031	0.13529
V366	0.27194	0.00483	0.56713	0.04849	0.10761
V367	0.28989	0.19744	0.18158	0.15787	0.17321
V368	0.80289	0.05796	0.09923	0	0.03992
V369	0.09085	0.62504	0.19105	0.05141	0.04165
V370	0.05718	0.13783	0.11061	0.37393	0.32044
V371	0.10639	0.8404	0.01862	0	0.03459
V372	0.72014	0.03865	0.1198	0.07998	0.04143
V373	0.17051	0.62516	0.09472	0.06454	0.04508
V374	0.14608	0.01394	0.35351	0.42475	0.06172
V375	0.36931	0	0.55295	0.04723	0.03051
V376	0.02247	0	0.40052	0.06083	0.51618
V377	0.1403	0.48492	0.17081	0.15316	0.05081
V378	0.18624	0.52882	0.14075	0	0.14419
V379	0.04369	0	0.10475	0.15374	0.69782
V380	0.05075	0.02582	0.16023	0.50649	0.25671
V381	0.19082	0.03148	0.00158	0.08457	0.69155
V382	0.45889	0	0	0.28655	0.25456
V383	0.06259	0	0.24204	0.61611	0.07926
V384	0.35385	0.01237	0.1461	0.39314	0.09455
V385	0.12117	0.08713	0.00152	0.08863	0.70156
V386	0.70266	0	0	0.25885	0.03849
V387	0.31792	0	0	0.59015	0.09192
V388	0.10626	0.79785	0.00964	0.03689	0.04936
V389	0.17479	0.73293	0	0.01115	0.08113
V390	0.21466	0	0	0.62936	0.15598
V391	0.7564	0.125	0	0.04707	0.07153
V392	0.9702	0.01468	0	0	0.01512
V393	0.14231	0	0.13427	0.52276	0.20066
V394	0.76741	0	0.00833	0.12854	0.09571
V395	0.0264	0	0.34392	0.54521	0.08447
V396	0.62141	0	0.36416	0	0.01443
V397	0.73147	0.11308	0.01876	0.08175	0.05494
V398	0.09348	0	0.14377	0.61886	0.1439
V399	0.07118	0.00997	0	0.32235	0.59649
V400	0.22308	0.50328	0.12239	0.11182	0.03943
V401	0.38556	0	0.58114	0.00518	0.02812
V402	0.45244	0	0.408	0.04894	0.09062
V403	0.194	0.05693	0	0.18788	0.56118
V404	0.03316	0.01761	0.46365	0.38156	0.10402
V405	0.40975	0.23696	0.05076	0.18919	0.11335
V406	0.04348	0	0.90195	0	0.05457
V407	0.93213	0.01604	0.02242	0.00995	0.01946
V408	0.07591	0.36683	0	0.25483	0.30243
V409	0.14613	0	0.04816	0.64614	0.15956
V410	0.17561	0.11054	0.30626	0.06403	0.34356
V411	0.02558	0	0	0.1285	0.84592
V412	0.05005	0.13319	0.12412	0.08832	0.60432
V413	0.06594	0.23898	0.13371	0.35515	0.20622
V414	0.07896	0.06785	0	0.47595	0.37724
V415	0.19684	0	0	0.08756	0.7156
V416	0.14702	0.07162	0.0152	0.20129	0.56487
V417	0.02583	0	0.74729	0.12267	0.10421
V418	0.59403	0.36043	0.00239	0	0.04315
V419	0.30132	0	0.01256	0.16776	0.51837
V420	0.27642	0	0.08842	0.0955	0.53967
V421	0.02005	0	0.12659	0.13086	0.7225
V422	0.04905	0	0.04118	0.68921	0.22057
V423	0.36126	0.16133	0.25297	0.16718	0.05726
V424	0.01481	0	0.48927	0.04176	0.45416
V425	0.39281	0.35257	0	0.01207	0.24254
V426	0.29224	0.15826	0.0085	0.42016	0.12083
V427	0.25904	0.59773	0.11459	0	0.02864
V428	0.1494	0.62769	0.04874	0.06899	0.10518
V429	0.17371	0.73149	0	0.03652	0.05828
V430	0.0575	0	0.39606	0.21464	0.3318
V431	0.16947	0.35189	0.1689	0.22158	0.08817
V432	0.36928	0.03412	0.10982	0.32813	0.15864
V433	0.24734	0	0.48028	0.20812	0.06425
V434	0.30739	0.26225	0.33524	0	0.09512
V435	0.63761	0.01198	0.32154	0.00181	0.02706
V436	0.11119	0.58289	0.07599	0.04493	0.18499
V437	0.23946	0	0.02142	0.21735	0.52176
V438	0.19094	0.28583	0.17103	0.25501	0.0972
V439	0.66301	0	0.02568	0.26252	0.04879
V440	0.06257	0.33942	0.51744	0	0.08057
V441	0.08027	0.52748	0.33955	0.00666	0.04603
V442	0.10747	0.85629	0	0	0.03624
V443	0.96627	0	0	0.01217	0.02155
V444	0.20932	0.41249	0.0124	0.28762	0.07817
V445	0.11555	0.39336	0.023	0.3918	0.07629
V446	0.15878	0.00205	0.09053	0.55521	0.19343
V447	0.0982	0	0.00386	0.47709	0.42084
V448	0.20378	0	0.01138	0.09974	0.6851
V449	0.01681	0	0.93855	0	0.04464
V450	0.26879	0.06084	0.2314	0.14681	0.29216
V451	0.33493	0.17358	0.0459	0.31233	0.13327
V452	0.04291	0	0.14121	0.69082	0.12506
V453	0.04609	0	0	0.48989	0.46402
V454	0.02473	0	0.68122	0.0354	0.25866
V455	0.10519	0.21685	0.26178	0.06703	0.34915
V456	0.95745	0	0	0	0.04255
V457	0.7202	0.18159	0.01771	0.0287	0.05181
V458	0.06508	0.35089	0.47052	0.03756	0.07595
V459	0.1852	0.03382	0.04596	0.48272	0.2523
V460	0.7511	0.00943	0.1696	0.03226	0.03761
V461	0.25007	0.29029	0.21715	0.01612	0.22637
V462	0.09035	0.05806	0.00863	0.51091	0.33206
V463	0.26693	0.03173	0.00593	0.61382	0.0816
V464	0.21876	0.15496	0.59093	0	0.03535
V465	0.07272	0.08906	0.01033	0.11066	0.71724
V466	0.04424	0	0	0.19412	0.76164
V467	0.10521	0.23523	0.01145	0.50553	0.14259
V468	0.61324	0.27099	0.08175	0	0.03403
V469	0.06034	0.32235	0.04373	0.27846	0.29512
V470	0.88216	0.03083	0.01403	0.04595	0.02704
V471	0.45169	0.272	0.01099	0.12259	0.14273
V472	0.03004	0.01643	0.04146	0.10962	0.80245
V473	0.07237	0.19875	0.22196	0.30976	0.19715
V474	0.35299	0.10656	0.04707	0.40508	0.0883
V475	0.21558	0	0.57397	0.02647	0.18397
V476	0.20826	0.0011	0.0882	0.58127	0.12118
V477	0.09845	0.86446	0	0	0.03709
V478	0.21452	0	0	0.08492	0.70057
V479	0.88373	0.0308	0.02073	0.03848	0.02626
V480	0.19385	0.62695	0.03117	0.0832	0.06483
V481	0.30392	0.34779	0.0427	0.16174	0.14386
V482	0.16545	0.64756	0.14858	0	0.03842
V483	0.36807	0.48638	0	0.07344	0.07211
V484	0.28029	0.48689	0.08752	0.09624	0.04908
V485	0.7272	0.04854	0.09489	0.08761	0.04176
V486	0.10374	0.05403	0.29266	0.04754	0.50203
V487	0.18985	0.0965	0.37986	0.27658	0.05722
V488	0.47058	0.0387	0	0.31649	0.17424
V489	0.03978	0.20754	0.63822	0.05515	0.0593
V490	0.02765	0	0.7192	0.19101	0.06214
V491	0.07998	0.46249	0.03209	0.11211	0.31333
V492	0.07612	0.11766	0.0239	0.6733	0.10901
V493	0.04784	0	0.00093	0.83024	0.12099
V494	0.368	0	0.00189	0.50559	0.12452
V495	0.40042	0.19141	0.18344	0.14263	0.0821
V496	0.17755	0.00886	0.05119	0.08139	0.68101
V497	0.14068	0.00611	0.14219	0.16135	0.54967
V498	0.12598	0.81743	0.00226	0	0.05432
V499	0.08057	0.2153	0.24373	0.09001	0.37039
V500	0.16488	0.4703	0.08431	0.18787	0.09263
V501	0.11423	0.32275	0.00331	0.05986	0.49985
V502	0.18537	0.75573	0.0163	0.00411	0.03849
V503	0.51655	0	0.18166	0.1323	0.16949
V504	0.54308	0.18002	0	0.01385	0.26305
V505	0.68395	0	0.00744	0.08367	0.22493
V506	0.07148	0.52445	0.04813	0.03013	0.3258
V507	0.88272	0	0.01156	0.0618	0.04392
V508	0.07922	0.62274	0.17616	0.02284	0.09904
V509	0.10327	0.44841	0.11472	0.17925	0.15435
V510	0.46566	0.46308	0.02278	0.01367	0.03482
V511	0.10892	0.29693	0.47728	0.02238	0.09448
V512	0.20853	0.44631	0.14547	0.03907	0.16063
V513	0.22545	0.64846	0.04562	0.02068	0.05979
V514	0.02499	0	0.21741	0.11386	0.64374
V515	0.12089	0.10309	0	0.68645	0.08957
V516	0.21823	0.33964	0.08625	0.29282	0.06307
V517	0.05781	0.00653	0.04553	0.7824	0.10773
V518	0.48733	0	0.28746	0.16507	0.06014
V519	0.83506	0.03493	0	0.09784	0.03217
V520	0.12689	0.80201	0	0.02814	0.04296
V521	0.25094	0	0.10931	0.56644	0.07331
V522	0.0874	0.17335	0.53722	0.12083	0.08121
V523	0.20076	0.02048	0.71313	0.02214	0.04349
V524	0.41016	0	0.51892	0	0.07092
V525	0.04523	0.1988	0.02513	0.08871	0.64212
V526	0.07154	0.00309	0.84581	0.00623	0.07333
V527	0.13207	0.4659	0.35022	0	0.05182
V528	0.18922	0	0.0072	0.71688	0.08669
V529	0.26911	0	0.69208	0	0.03881
V530	0.0435	0	0.85357	0.03392	0.069
V531	0.2347	0.50457	0.06591	0.01085	0.18397
V532	0.10635	0.25278	0.27863	0.02065	0.34159
V533	0.31828	0	0	0.0679	0.61383
V534	0.1733	0.04117	0	0.67923	0.1063
V535	0.85714	0.09573	0.03388	0	0.01325
V536	0.17832	0.15971	0.36318	0.03963	0.25916
V537	0.04203	0.00638	0.01537	0.11302	0.82319
V538	0.68652	0.08488	0	0.02625	0.20234
V539	0.04503	0.1276	0.62914	0.09155	0.10668
V540	0.22168	0.45928	0.06762	0.04672	0.2047
V541	0.07453	0.40799	0.0104	0.06701	0.44007
V542	0.08598	0.32039	0.09257	0.38958	0.11149
V543	0.1039	0.07923	0.65511	0.03799	0.12377
V544	0.41312	0.17042	0.15818	0.05984	0.19845
V545	0.65875	0.32459	0	0	0.01666
V546	0.12147	0.74625	0.0542	0	0.07808
V547	0.1442	0.72778	0	0.06684	0.06118
V548	0.05051	0.0394	0.00629	0.79044	0.11336
V549	0.02514	0	0.01914	0.25	0.70572
V550	0.09368	0.80145	0.06293	0	0.04194
V551	0.04852	0	0	0.83513	0.11635
V552	0.27036	0	0.01181	0.10284	0.61499
V553	0.8247	0	0.00213	0.11175	0.06142
V554	0.15799	0.01481	0.46267	0.29681	0.06773
V555	0.09726	0.84814	0	0	0.0546
V556	0.12566	0.02353	0.04807	0.67615	0.12659
V557	0.36879	0.22219	0.02025	0.30141	0.08736
V558	0.03092	0	0.75807	0.13671	0.0743
V559	0.14968	0.40358	0.39189	0	0.05485
V560	0.6775	0.20919	0.10441	0	0.00891
V561	0.77019	0	0.10777	0	0.12204
V562	0.16857	0.02773	0.14965	0.14264	0.51141
V563	0.27746	0.24303	0.18068	0.10578	0.19304
V564	0.40717	0	0.04739	0.33272	0.21273
V565	0.02407	0	0.01293	0.14935	0.81364
V566	0.35491	0.11834	0.01558	0.30787	0.2033
V567	0.03518	0	0.91736	0	0.04746
V568	0.06969	0.2026	0.396	0.27575	0.05596
V569	0.69699	0.06892	0.08738	0.09129	0.05542
V570	0.18052	0	0.25885	0.43969	0.12094
V571	0.31607	0	0.20694	0.32368	0.15331
V572	0.87529	0	0	0	0.12471
V573	0.12214	0.03758	0.31764	0.37018	0.15245
V574	0.58151	0.26155	0.05403	0.05863	0.04427
V575	0.43558	0	0.10904	0.07395	0.38142
V576	0.09673	0.82084	0	0	0.08243
V577	0.46537	0.46261	0.01545	0.02119	0.03537
V578	0.06174	0.13686	0.49094	0.21335	0.09711
V579	0.06738	0.50633	0.28369	0.0126	0.13001
V580	0.26729	0.50841	0	0.16241	0.06189
V581	0.10009	0.47127	0.32768	0.05415	0.04682
V582	0.02216	0.02392	0.90822	0	0.0457
V583	0.68682	0	0.29684	0	0.01634
V584	0.28055	0.48178	0.08047	0.01821	0.13899
V585	0.10201	0.73757	0.03967	0.03525	0.08551
V586	0.08899	0.74672	0.12691	0	0.03737
V587	0.10567	0.65983	0	0.02622	0.20827
V588	0.28705	0.37403	0.31319	0	0.02573
V589	0.14958	0.38573	0.02965	0.35684	0.0782
V590	0.1013	0.73957	0	0.00341	0.15572
V591	0.50403	0.45491	0.01582	0	0.02523
V592	0.03197	0	0.74714	0.03281	0.18808
V593	0.45808	0	0	0.4455	0.09643
V594	0.03205	0.10388	0.63073	0.1379	0.09543
V595	0.58994	0.01163	0.05223	0.27453	0.07168
V596	0.52914	0.16153	0.17603	0.08629	0.04701
V597	0.05767	0.18479	0	0.17001	0.58754
V598	0.64287	0	0	0.0173	0.33983
V599	0.12554	0.38188	0.07156	0.33703	0.08399
V600	0.33263	0	0.16115	0.35958	0.14663
V601	0.18696	0.07511	0	0.46509	0.27284
V602	0.84856	0.1367	0	0	0.01474
V603	0.17576	0.12503	0.02104	0.17706	0.50111
V604	0.04212	0	0.69576	0.10339	0.15873
V605	0.05558	0.04266	0.12707	0.14093	0.63376
V606	0.86933	0	0	0	0.13067
V607	0.20904	0.09373	0.01427	0.07704	0.60592
V608	0.81143	0	0.01799	0.06085	0.10973
V609	0.23842	0.28673	0	0.35742	0.11743
V610	0.13878	0.61955	0	0.18524	0.05642
V611	0.34257	0	0.5798	0	0.07763
V612	0.45897	0.01618	0.28925	0.01247	0.22313
V613	0.45986	0.49519	0.01609	0	0.02887
V614	0.60705	0.00372	0.00873	0.08332	0.29718
V615	0.04488	0.06891	0.12061	0.55738	0.20822
V616	0.72063	0	0.11963	0.10539	0.05435
V617	0.29148	0.03976	0.43786	0.08233	0.14856
V618	0.78258	0.06673	0.04809	0	0.10261
V619	0.6267	0.01235	0.13627	0.00419	0.2205
V620	0.08019	0	0.33136	0.51087	0.07758
V621	0.19364	0.20506	0.27655	0.01375	0.311
V622	0.05189	0.19593	0.33719	0.03704	0.37795
V623	0.10097	0	0	0.66169	0.23734
V624	0.92889	0	0	0	0.07111
V625	0.04761	0.03634	0.08607	0.72904	0.10094
V626	0.11348	0	0.52852	0.28146	0.07654
V627	0.15016	0.141	0.10936	0.07796	0.52151
V628	0.97832	0	0	0	0.02168
V629	0.17452	0.21365	0.57154	0	0.0403
V630	0.04375	0.17701	0.01736	0.10143	0.66044
V631	0.017	0	0.2718	0.0831	0.6281
V632	0.10106	0.7315	0	0.02334	0.1441
V633	0.08513	0	0.07737	0.52674	0.31075
V634	0.46143	0.40713	0.11375	0	0.01769
V635	0.06987	0.08771	0.18233	0.08169	0.5784
V636	0.26029	0.14387	0.28432	0.1734	0.13811
V637	0.26888	0	0.37964	0.23198	0.11949
V638	0.12636	0.45715	0.00719	0.09432	0.31498
V639	0.56879	0.36103	0.05159	0	0.01859
V640	0.15628	0.17012	0.07029	0.2472	0.35611
V641	0.15301	0.68426	0.00198	0.09845	0.0623
V642	0.78437	0.00733	0	0.17603	0.03227
V643	0.10634	0.81221	0.04027	0	0.04118
V644	0.09452	0.41236	0.00823	0.39344	0.09145
V645	0.21429	0.69888	0	0.04739	0.03944
V646	0.19021	0.50627	0.01104	0.19285	0.09963
V647	0.95295	0	0	0.0252	0.02185
V648	0.501	0.0806	0	0.25099	0.16741
V649	0.32882	0.06826	0.0683	0.13434	0.40028
V650	0.0553	0	0.04528	0.79708	0.10234
V651	0.19382	0.18091	0	0.55239	0.07289
V652	0.40808	0	0.01835	0.50025	0.07332
V653	0.39394	0	0.0361	0.47767	0.09229
V654	0.06014	0.06659	0	0.14969	0.72358
V655	0.21216	0.02434	0.27791	0.42006	0.06553
V656	0.14625	0	0	0.17474	0.67902
V657	0.08608	0.47136	0.01485	0.28751	0.14019
V658	0.06479	0.00584	0.02739	0.60073	0.30124
V659	0.05363	0	0.06843	0.73208	0.14587
V660	0.10369	0.33381	0.01059	0.08039	0.47151
V661	0.09551	0.62926	0	0.1471	0.12813
V662	0.07678	0.43808	0.01032	0.04027	0.43456
V663	0.98598	0	0	0	0.01402
V664	0.04365	0	0.10533	0.42282	0.4282
V665	0.07935	0.61247	0.17598	0.058	0.0742
V666	0.14459	0.80394	0.01715	0	0.03431
V667	0.0836	0.53184	0.22564	0.07685	0.08207
V668	0.68963	0.21233	0.0316	0.02648	0.03996
V669	0.52578	0.28475	0.01033	0.06584	0.11331
V670	0.14711	0.60987	0.02637	0.02908	0.18758
V671	0.82168	0	0.15677	0	0.02155
V672	0.13478	0.04779	0.0834	0.32952	0.40452
V673	0.03216	0.00679	0	0.19664	0.76441
V674	0.43769	0.06791	0.44757	0	0.04682
V675	0.73856	0	0.01978	0.1256	0.11606
V676	0.32313	0.07421	0.46299	0	0.13967
V677	0.09019	0.25185	0.19624	0.35245	0.10927
V678	0.09032	0.31302	0.00412	0.08074	0.51181
V679	0.03882	0	0.43254	0.45171	0.07693
V680	0.2049	0	0.00812	0.36859	0.41839
V681	0.58808	0.00189	0.02985	0.26632	0.11385
V682	0.01681	0	0.93855	0	0.04464
V683	0.10755	0.16031	0.6032	0	0.12894
V684	0.09436	0	0	0.80211	0.10353
V685	0.03144	0	0.82349	0.08754	0.05752
V686	0.33767	0.57605	0.04511	0	0.04116
V687	0.02011	0	0.55815	0.34228	0.07947
V688	0.01546	0	0.92292	0	0.06162
V689	0.57418	0.02371	0.17305	0.08929	0.13977
V690	0.15595	0.79833	0	0	0.04572
V691	0.1908	0.10522	0.03569	0.56937	0.09892
V692	0.11079	0	0.00927	0.71496	0.16498
V693	0.06497	0.49033	0.38994	0.00752	0.04723
V694	0.1353	0.17078	0.02756	0.53791	0.12844
V695	0.17214	0.09599	0.13821	0.06878	0.52488
V696	0.15696	0	0.71207	0	0.13098
V697	0.15161	0.08362	0.29351	0.32447	0.14678
V698	0.03429	0	0.176	0.09558	0.69413
V699	0.06981	0	0.03896	0.63739	0.25385
V700	0.11231	0.76584	0.04588	0	0.07598
V701	0.04383	0.17752	0.00948	0.09507	0.6741
V702	0.06236	0.09911	0.00169	0.63188	0.20496
V703	0.0537	0	0.01957	0.81182	0.11491
V704	0.07641	0.03124	0.39051	0.05676	0.44508
V705	0.95942	0	0	0	0.04058
V706	0.20678	0.12356	0.13994	0.40598	0.12374
V707	0.18965	0.10168	0.06243	0.28681	0.35942
V708	0.07049	0.56452	0.33063	0	0.03436
V709	0.02718	0	0.03279	0.11369	0.82633
V710	0.1768	0	0.4708	0.01654	0.33587
V711	0.0781	0	0.01373	0.12212	0.78604
V712	0.09337	0	0.67494	0.1687	0.063
V713	0.31346	0.39425	0.26814	0	0.02414
V714	0.07157	0	0	0.11185	0.81657
V715	0.04526	0.26357	0.55962	0.07878	0.05278
V716	0.78076	0.16027	0	0.01985	0.03912
V717	0.46967	0.14368	0.10396	0.02681	0.25588
V718	0.73132	0	0.22529	0	0.04339
V719	0.47106	0.21555	0.08301	0.0967	0.13368
V720	0.16665	0.01817	0.08568	0.10719	0.62231
V721	0.04561	0	0.04387	0.12376	0.78675
V722	0.0676	0.21921	0.04527	0.46338	0.20453
V723	0.16115	0.19672	0.09281	0.46511	0.08422
V724	0.18279	0.62287	0.01657	0.12781	0.04995
V725	0.048	0	0.0034	0.11484	0.83376
V726	0.2809	0.47729	0.03298	0.04619	0.16264
V727	0.02724	0	0.91346	0	0.0593
V728	0.84051	0	0.09871	0.03622	0.02456
V729	0.668	0.08705	0.01256	0.19248	0.03991
V730	0.16715	0	0.35469	0.36913	0.10903
V731	0.0416	0	0.0526	0.80083	0.10497
V732	0.04819	0	0.00141	0.83589	0.1145
V733	0.05752	0.00672	0.88323	0	0.05253
V734	0.58325	0.05503	0.31559	0.01132	0.03481
V735	0.11181	0.14461	0.20685	0.06864	0.46809
V736	0.03198	0.0294	0.00713	0.11304	0.81845
V737	0.98598	0	0	0	0.01402
V738	0.06733	0.45681	0.00268	0.0478	0.42538
V739	0.056	0	0	0.83003	0.11397
V740	0.27418	0.05984	0.09803	0.0634	0.50455
V741	0.55846	0	0	0.28841	0.15312
V742	0.11259	0	0.51718	0.17659	0.19364
V743	0.05651	0.03187	0.07187	0.18403	0.65572
V744	0.25136	0.03314	0.14944	0.46971	0.09635
V745	0.21441	0	0.03609	0.66402	0.08548
V746	0.41667	0.51566	0.01512	0	0.05254
V747	0.05802	0.00549	0.87366	0	0.06283
V748	0.22138	0.19194	0.25544	0.06684	0.2644
V749	0.24231	0.07715	0.10412	0.40623	0.1702
V750	0.79432	0.16562	0	0.01739	0.02267
V751	0.07669	0.35735	0.51974	0	0.04622
V752	0.05107	0.12275	0.01878	0.10012	0.70728
V753	0.63075	0.02242	0.21385	0.01051	0.12248
V754	0.16702	0.29964	0	0.46019	0.07315
V755	0.28852	0.66604	0.01514	0	0.03031
V756	0.05017	0.09966	0.01871	0.14276	0.6887
V757	0.21328	0	0.07615	0.63052	0.08005
V758	0.11708	0.40644	0	0.40435	0.07213
V759	0.12703	0.00903	0.09772	0.08225	0.68398
V760	0.11765	0.00418	0.20116	0.28406	0.39294
V761	0.09976	0.23582	0.6251	0	0.03932
V762	0.04737	0.01612	0.16283	0.41844	0.35524
V763	0.06293	0.27121	0	0.07109	0.59477
V764	0.16179	0.03281	0.07128	0.64265	0.09147
V765	0.22746	0	0.62226	0.03326	0.11703
V766	0.12496	0.47412	0.2114	0.03908	0.15044
V767	0.33581	0.45323	0.03998	0.03318	0.13779
V768	0.11596	0.79106	0.02408	0.02129	0.04762
V769	0.80859	0	0.14951	0	0.04191
V770	0.37569	0	0.45515	0.12857	0.04059
V771	0.12052	0.68836	0	0.07146	0.11966
V772	0.0805	0	0.88067	0	0.03883
V773	0.0488	0	0	0.24809	0.70312
V774	0.20542	0	0.51239	0.00537	0.27682
V775	0.94154	0	0.00143	0.02547	0.03157
V776	0.42277	0.39818	0.1262	0.00142	0.05143
V777	0.27871	0.35914	0.20752	0.08041	0.07424
V778	0.59658	0.03247	8e-05	0.19655	0.17432
V779	0.11448	0.39561	0.44345	0	0.04646
V780	0.03606	0	0.92083	0	0.0431
V781	0.23804	0.2979	0.15305	0.01184	0.29916
V782	0.29206	0.23046	0.00832	0.04222	0.42694
V783	0.01327	0	0.62902	0.04558	0.31212
V784	0.0837	0.58616	0	0.21072	0.11942
V785	0.75834	0.10641	0	0.06823	0.06702
V786	0.21855	0.17754	0.0026	0.51331	0.088
V787	0.19109	0.55926	0	0.15313	0.09652
V788	0.43977	0.38994	0.04632	0	0.12397
V789	0.04889	0.14619	0.00068	0.41317	0.39107
V790	0.34811	0.2095	0.04618	0.11887	0.27733
V791	0.23598	0.20214	0.0578	0.20196	0.3021
V792	0.96822	0	0.00961	0	0.02217
V793	0.39574	0.24925	0.03573	0.09076	0.22853
V794	0.04191	0	0.1002	0.24477	0.61313
V795	0.18325	0.77211	0	0	0.04464
V796	0.36048	0.38431	0.08005	0.11487	0.06029
V797	0.17166	0	0	0.10763	0.72071
V798	0.18612	0.49223	0	0.08533	0.23632
V799	0.07641	0.13949	0.03869	0.62085	0.12456
V800	0.05206	0	0.01147	0.20744	0.72903
V801	0.43354	0	0.098	0.39221	0.07624
V802	0.06876	0.19753	0.00769	0.08741	0.63861
V803	0.35951	0.0011	0	0.5512	0.08818
V804	0.25981	0.13625	0.17435	0.33643	0.09316
V805	0.20323	0.11111	0.40523	0.15546	0.12497
V806	0.55186	0	0.17084	0.06018	0.21712
V807	0.78157	0	0.04153	0.03531	0.14159
V808	0.88314	0	0.02779	0	0.08907
V809	0.25779	0.58282	0.00147	0.01938	0.13854
V810	0.06381	0.03812	0.03438	0.47923	0.38446
V811	0.08611	0.08584	0.01712	0.17809	0.63284
V812	0.08143	0.63714	0.15752	0.05637	0.06754
V813	0.06733	0.21391	0.20547	0.04339	0.4699
V814	0.25858	0.52106	0.03966	0.12223	0.05846
V815	0.28682	0.63983	0.00766	0.02451	0.04118
V816	0.07797	0.4849	0	0.3475	0.08962
V817	0.85811	0.00399	0.12354	0	0.01435
V818	0.07713	0.19561	0.33627	0.05641	0.33458
V819	0.97611	0	0.00326	0	0.02063
V820	0.12244	0.34247	0.09866	0.35119	0.08524
V821	0.02578	0	0	0.12057	0.85366
V822	0.23224	0	0.00366	0.6821	0.082
V823	0.07996	0.06566	0.22232	0.06116	0.57091
V824	0.10317	0.01283	0.02018	0.10009	0.76373
V825	0.19173	0	0.60823	0.15699	0.04305
V826	0.06476	0	0.88774	0.00257	0.04494
V827	0.40435	0.11875	0	0.34379	0.1331
V828	0.30659	0.12579	0.09347	0.0861	0.38805
V829	0.13463	0.06271	0.29046	0.19714	0.31505
V830	0.1948	0	0.66186	0.00989	0.13345
V831	0.08939	0.70173	0.02577	0.11717	0.06594
V832	0.25178	0	0.05247	0.27335	0.42241
V833	0.23956	0.70278	0	0	0.05767
V834	0.79727	0.11442	0.01875	0.00279	0.06677
V835	0.31461	0.26347	0.0691	0.23952	0.11329
V836	0.45279	0.03786	0.40153	0.07204	0.03578
V837	0.09448	0.78336	0	0.02339	0.09878
V838	0.03333	0	0.06408	0.79142	0.11117
V839	0.06538	0.01256	0.07395	0.09789	0.75022
V840	0.96391	0	0.01214	0	0.02395
V841	0.27564	0	0.69318	0	0.03118
V842	0.60347	0.01233	0.17806	0.16234	0.0438
V843	0.53006	0	0.12413	0.07761	0.2682
V844	0.04578	0.15238	0.73272	0.00434	0.06478
V845	0.05532	0	0	0.60504	0.33963
V846	0.15416	0.0179	0.09495	0.13202	0.60097
V847	0.25564	0	0.03954	0.17918	0.52564
V848	0.79508	0.00715	0	0.07243	0.12534
V849	0.18747	0.01911	0.68021	0	0.1132
V850	0.27883	0.00275	0.27468	0.16505	0.27869
V851	0.97758	0	0	0	0.02242
V852	0.30148	0.03478	0.06996	0.20154	0.39223
V853	0.06931	0.10251	0.58218	0.1303	0.1157
V854	0.09085	0.34089	0.22412	0.08642	0.25772
V855	0.15965	0.36503	0.07129	0.28229	0.12174
V856	0.2158	0.38534	0.03826	0.02062	0.33997
V857	0.12097	0.01386	0.1585	0.43153	0.27514
V858	0.06977	0.33533	0.16797	0.20845	0.21848
V859	0.1749	0	0.01174	0.7001	0.11325
V860	0.0857	0.11867	0.05513	0.6106	0.1299
V861	0.19146	0	0.11207	0.61618	0.08029
V862	0.09469	0	0.01431	0.18214	0.70886
V863	0.09775	0.84524	0	0	0.05701
V864	0.05942	0	0.84851	0.0465	0.04558
V865	0.1155	0	0.60251	0.23118	0.05081
V866	0.06489	0.01886	0.61739	0.2227	0.07616
V867	0.65148	0.00273	0	0.01626	0.32953
V868	0.2958	0.19986	0.36259	0.0875	0.05425
V869	0.03099	0	0.01783	0.12235	0.82883
V870	0.33603	0.14399	0.06431	0.23934	0.21634
V871	0.06793	0.03115	0.0986	0.16953	0.6328
V872	0.44645	0.01221	0.00282	0.44113	0.09739
V873	0.10701	0.30376	0.12807	0.34621	0.11494
V874	0.12954	0.03351	0.00275	0.10309	0.73112
V875	0.0524	0.16469	0.01542	0.48636	0.28113
V876	0.55531	0.03466	0.04714	0.03091	0.33198
V877	0.28903	0.59181	0.01533	0.05555	0.04828
V878	0.08693	0.65543	0.0198	0.17412	0.06372
V879	0.95173	0.01948	0.00314	0	0.02564
V880	0.1249	0.05728	0.02315	0.44214	0.35253
V881	0.02618	0	0.53275	0.03281	0.40826
V882	0.09748	0.44767	0.00081	0.38893	0.06511
V883	0.57322	0.14971	0	0.15709	0.11998
V884	0.02176	0	0	0.12952	0.84872
V885	0.22615	0.03909	0.37098	0.12087	0.24292
V886	0.02163	0	0.02472	0.29657	0.65709
V887	0.1439	0.79915	0	0	0.05695
V888	0.10596	0.07562	0.04716	0.64005	0.13121
V889	0.17538	0.75914	0.01589	0	0.04959
V890	0.06775	0	0.1249	0.62726	0.18009
V891	0.02259	0.02338	0.90539	0	0.04864
V892	0.65807	0.21253	0.00383	0	0.12557
V893	0.20243	0.15977	0.48022	0.06383	0.09375
V894	0.1555	0.50075	0.02712	0.22729	0.08934
V895	0.74481	0	0.23521	0	0.01998
V896	0.2742	0.19413	0.20738	0.27137	0.05293
V897	0.03227	0	0.0308	0.7327	0.20423
V898	0.45682	0	0	0.06508	0.4781
V899	0.62258	0.27799	0.059	0	0.04043
V900	0.3247	0.20692	0.24263	0.16755	0.0582
V901	0.72796	0.02488	0	0.15349	0.09367
V902	0.89999	0.0221	0.00764	0.01565	0.0546
V903	0.33691	0.04241	0.05761	0.46948	0.09359
V904	0.78123	0.06719	0.12891	0	0.02267
V905	0.07086	0.29992	0.05181	0.32703	0.25038
V906	0.2096	0.01579	0.44918	0.08302	0.24241
V907	0.7745	0.08529	0.04743	0.03625	0.05653
V908	0.07613	0.31163	0.0345	0.45985	0.11789
V909	0.0629	0.08798	0.00981	0.68309	0.15622
V910	0.73201	0.14131	0	0.04228	0.0844
V911	0.07847	0.24458	0.49994	0.00209	0.17492
V912	0.06308	0	0.15642	0.1414	0.6391
V913	0.19111	0	0.06039	0.62358	0.12492
V914	0.82301	0.00952	0.00045	0.09904	0.06798
V915	0.25353	0.16953	0.04281	0.0518	0.48233
V916	0.8446	0	0.09051	0	0.06489
V917	0.52317	0.01247	0	0.04736	0.41701
V918	0.66026	0.11163	0.18666	0.00332	0.03813
V919	0.49346	0.13402	0	0.24986	0.12266
V920	0.23043	0	0.09552	0.59755	0.0765
V921	0.25549	0.17232	0.10343	0.03383	0.43494
V922	0.06111	0	0.69057	0.00405	0.24427
V923	0.20887	0.46158	0.00498	0.05828	0.2663
V924	0.57414	0.0758	0	0.22528	0.12479
V925	0.20161	0.08731	0.44923	0.15269	0.10916
V926	0.04261	0.00669	0.00706	0.12195	0.8217
V927	0.59804	0.22165	0.08606	0.05689	0.03736
V928	0.17527	0.24673	0.19559	0.17733	0.20508
V929	0.09823	0.26846	0	0.06476	0.56855
V930	0.10492	0	0.05728	0.09474	0.74306
V931	0.56181	0.11394	0	0.05433	0.26993
V932	0.08954	0.09209	0.04013	0.35069	0.42756
V933	0.35301	0	0.03276	0.28743	0.32679
V934	0.73577	0.02938	0.22383	0	0.01101
V935	0.65904	0.08101	0.10563	0.04012	0.1142
V936	0.37733	0.03295	0.09936	0.40318	0.08718
V937	0.19419	0.66257	0.06935	0.01356	0.06032
V938	0.13579	0.82502	0.00336	0	0.03584
V939	0.02405	0	0.00825	0.37627	0.59142
V940	0.64506	0.05168	0.06695	0.04657	0.18974
V941	0.05687	0.1023	0.11062	0.47088	0.25932
V942	0.7805	0.20058	0	0	0.01893
V943	0.0839	0.08758	0.05197	0.09399	0.68257
V944	0.40495	0	0.0964	0.43149	0.06716
V945	0.09132	0.24195	0.555	0.02254	0.08919
V946	0.07249	0.46361	0.42373	0	0.04017
V947	0.46307	0	0.01671	0.14395	0.37628
V948	0.12999	0.66878	0.0169	0.09019	0.09415
V949	0.90235	0.07077	0.01529	0	0.01159
V950	0.10802	0	0.01563	0.77865	0.0977
V951	0.36507	0	0	0.47429	0.16065
V952	0.18257	0.00216	0.03866	0.60534	0.17126
V953	0.53982	0.05902	0	0.32287	0.0783
V954	0.30243	0.50189	0.03946	0.04453	0.11169
V955	0.10443	0	0.51624	0.31595	0.06339
V956	0.08379	0.44402	0.0717	0.32178	0.07872
V957	0.16377	0.71094	0.03071	0.04291	0.05168
V958	0.10595	0.7945	0	0.02619	0.07336
V959	0.10795	0	0.77525	0.0469	0.06989
V960	0.60735	0.0225	0.12735	0.09062	0.15218
V961	0.10613	0.81232	0	0	0.08155
V962	0.24436	0.08728	0	0.11193	0.55643
V963	0.04612	0	0.39817	0.46421	0.09149
V964	0.02724	0	0.91346	0	0.0593
V965	0.01902	0	0.41624	0.44883	0.11591
V966	0.04657	0	0.48539	0.1086	0.35945
V967	0.40782	0.46036	0	0	0.13181
V968	0.108	0.84511	0	0	0.0469
V969	0.1758	0.47564	0.10992	0.10894	0.1297
V970	0.21711	0.35316	0.38825	0	0.04147
V971	0.78981	0.02963	0.15009	0.0013	0.02917
V972	0.13569	0.78701	0	0.02883	0.04847
V973	0.06988	0	0.54241	0.23918	0.14853
V974	0.08592	0.67647	0.07342	0.08194	0.08225
V975	0.09894	0.8585	0	0	0.04257
V976	0.03696	0	0	0.17252	0.79051
V977	0.05073	0.11991	0.14187	0.1834	0.5041
V978	0.45136	0.11435	0.18535	0.11714	0.1318
V979	0.91548	0.06942	0	0	0.0151
V980	0.39649	0.06915	0.1095	0.13183	0.29303
V981	0.10444	0.03213	0.05283	0.10655	0.70405
V982	0.4451	0.38581	0.09367	0	0.07541
V983	0.69819	0.1853	0	0	0.11651
V984	0.20978	0.01141	0.09681	0.54751	0.13448
V985	0.0706	0.04568	0.07554	0.71741	0.09077
V986	0.57994	0.08337	0.30609	0	0.0306
V987	0.07348	0.17247	0.653	0.04466	0.05638
V988	0.11804	0.0162	0.49848	0.28343	0.08385
V989	0.04443	0.02836	0	0.12003	0.80718
V990	0.15499	0.36106	0	0.13445	0.34949
V991	0.08264	0.07585	0.09692	0.09621	0.64838
V992	0.88546	0.09557	0	0	0.01897
V993	0.03178	0	0.56786	0.16676	0.23361
