Neutrophils	Monocytes_CD14.CD16.	Macrophage	T_cells_.CD4..	NK_cells
V1	0.37545	0.1215	0.22048	0.13793	0.14463
V2	0.08722	0.76709	0.01843	0.03583	0.09144
V3	0.09106	0.00141	0.39546	0.43042	0.08165
V4	0.01921	0.00663	0.23625	0.13386	0.60405
V5	0.01809	0	0.06229	0.19372	0.72589
V6	0.38219	0.00947	0.24436	0.23326	0.13072
V7	0.02059	0.03115	0.40734	0.13026	0.41067
V8	0.03015	0.0155	0.81451	0.0778	0.06204
V9	0.07419	0	0.22317	0.61316	0.08948
V10	0.52611	0.01483	0.41667	0	0.0424
V11	0.04349	0.01539	0.10473	0.15274	0.68365
V12	0.10125	0	0.20361	0.35256	0.34259
V13	0.15219	0.0337	0.03071	0.45186	0.33155
V14	0.17392	0	0.05385	0.62739	0.14483
V15	0.0421	0.00499	0	0.81978	0.13313
V16	0.5961	0.05949	0	0.28742	0.05699
V17	0.08449	0.26007	0.00678	0.1158	0.53286
V18	0.11846	0.41242	0.20889	0.19159	0.06863
V19	0.03363	0.00711	0.00413	0.20736	0.74776
V20	0.01757	0	0.66901	0.23692	0.07649
V21	0.03943	0.2643	0.11427	0.20339	0.3786
V22	0.843	0.07315	0.04767	0	0.03619
V23	0.09145	0.01109	0.02331	0.21791	0.65624
V24	0.50399	0.12018	0.00847	0.0603	0.30706
V25	0.03725	0.01755	0.014	0.4739	0.45731
V26	0.52184	0.20127	0.04208	0.0385	0.1963
V27	0.15742	0.50658	0.14659	0.0082	0.1812
V28	0.05191	0.05712	0.17319	0.60676	0.11102
V29	0.01752	0	0.28706	0.5958	0.09962
V30	0.77479	0.10029	0.01307	0.00474	0.10711
V31	0.45555	0.13597	0	0.22659	0.1819
V32	0.9409	0	0	0	0.0591
V33	0.03611	0.20712	0.00983	0.18214	0.56479
V34	0.14492	0.7982	0	0	0.05688
V35	0.12691	0.60813	0.20194	0.00702	0.05601
V36	0.04335	0.18021	0.1565	0.14808	0.47187
V37	0.78694	0	0	0.00909	0.20397
V38	0.1539	0.01472	0.43885	0.22286	0.16967
V39	0.3829	0.02545	0.30805	0.029	0.25459
V40	0.25373	0.59105	0	0.07567	0.07955
V41	0.08078	0.81004	0	0	0.10918
V42	0.8927	0.02789	0.00899	0	0.07043
V43	0.53766	0.11666	0.30377	0.00032	0.04159
V44	0.06083	0.29295	0.50352	0.0066	0.1361
V45	0.07022	0.65773	0.05908	0.11851	0.09446
V46	0.14622	0.74546	0.03172	0.0063	0.0703
V47	0.01754	0.01592	0.89202	0.00312	0.07141
V48	0.1979	0.11702	0.1906	0.33607	0.15841
V49	0.51216	0.13423	0.18917	0.11528	0.04917
V50	0.04254	0.03434	0.86271	0	0.06042
V51	0.13294	0.27157	0.1731	0.09437	0.32802
V52	0.0833	0.85407	0	0	0.06263
V53	0.05085	0.15078	0	0.69032	0.10805
V54	0.23123	0	9e-04	0.5528	0.21507
V55	0.08567	0	0	0.79677	0.11756
V56	0.08089	0	0	0.73398	0.18513
V57	0.19464	0.12383	0.51389	0.03002	0.13762
V58	0.07984	0	0.127	0.27833	0.51482
V59	0.88917	0.01069	0.07127	0	0.02886
V60	0.46863	0.19625	0.09761	0.11256	0.12495
V61	0.2197	0	0.02399	0.28421	0.4721
V62	0.07809	0.01366	0.28693	0.19816	0.42316
V63	0.44128	0.25843	0.042	0.03747	0.22082
V64	0.94875	0.00903	0.01163	0	0.03059
V65	0.108	0.06154	0.02869	0.61168	0.19009
V66	0.04235	0	0.10916	0.737	0.11149
V67	0.01901	0.00627	0.32991	0.16691	0.47791
V68	0.52208	0	0.35587	0.02593	0.09612
V69	0.64551	0.10784	0.16866	0	0.07799
V70	0.09374	0.69027	0.01166	0.12572	0.07862
V71	0.12698	0.75925	0.00998	0.03549	0.06829
V72	0.06196	0.41677	0.01037	0.07737	0.43354
V73	0.07286	0	0.0849	0.59434	0.24789
V74	0.03324	0.04345	0.00368	0.75243	0.1672
V75	0.5205	0.17497	0.26213	0	0.04241
V76	0.02457	0	0.01043	0.80228	0.16271
V77	0.04089	0.00775	0.84821	0.04227	0.06087
V78	0.01819	0.02434	0.87658	0.01084	0.07005
V79	0.10717	0.4055	0.02203	0.16255	0.30275
V80	0.15414	0.69823	0	0.03276	0.11487
V81	0.02953	0.0157	0.89024	0.00088	0.06365
V82	0.26155	0.14217	0.01448	0.49714	0.08465
V83	0.11906	0.06251	0.01408	0.55425	0.2501
V84	0.11378	0.17318	0.00134	0.12974	0.58196
V85	0.01768	0.01584	0.89072	0.01063	0.06513
V86	0.05085	0.24003	0.25724	0.36982	0.08207
V87	0.48244	0	0.02809	0.41256	0.07691
V88	0.34564	0.15447	0.0382	0.21091	0.25077
V89	0.06992	0.09991	0.73936	0.03464	0.05618
V90	0.03391	0.18715	0.05103	0.17892	0.54899
V91	0.0239	0	0.0635	0.79469	0.11791
V92	0.27336	0.02988	0.02556	0.12436	0.54685
V93	0.03017	0.06885	0.14237	0.53341	0.2252
V94	0.05686	0.16808	0.01586	0.30137	0.45782
V95	0.08327	0.23725	0.01406	0.16908	0.49634
V96	0.83609	0	0.01529	0.0128	0.13583
V97	0.18814	0.01904	0.04307	0.19552	0.55424
V98	0.08135	0.37743	0.14968	0.14322	0.24832
V99	0.54036	0.11831	0	0.20505	0.13627
V100	0.57768	0.15598	0.03492	0.05009	0.18133
V101	0.0916	0.84727	0	0	0.06113
V102	0.35145	0.23741	0.10961	0.11057	0.19096
V103	0.14143	0	0.00364	0.15322	0.70171
V104	0.07314	0.42409	0.06458	0.06856	0.36963
V105	0.02083	0.0053	0.04573	0.20292	0.72521
V106	0.08369	0.73637	0.10169	0	0.07824
V107	0.0784	0.21504	0.60683	0.03899	0.06073
V108	0.04109	0.1779	0.7246	0	0.05641
V109	0.08264	0.21081	0.04419	0.31628	0.34608
V110	0.21266	0.49449	0.14017	0.08676	0.06592
V111	0.33077	0.21954	0.41276	0	0.03692
V112	0.19665	0	0.08637	0.49112	0.22586
V113	0.26867	0	0.09471	0.2134	0.42323
V114	0.61025	0.06296	0.03553	0.16164	0.12962
V115	0.89251	0	0	0	0.10749
V116	0.02137	0.00031	0.00703	0.18255	0.78874
V117	0.07629	0.00762	0.75396	0.08656	0.07557
V118	0.05519	0	0	0.80929	0.13552
V119	0.37594	0.00202	0.3461	0.22389	0.05204
V120	0.02883	0	0.76175	0.12092	0.08849
V121	0.22002	0.68446	0	0	0.09552
V122	0.06153	0.38581	0.063	0.24747	0.24219
V123	0.53499	0.02503	0.06202	0.19516	0.1828
V124	0.24487	0.10094	0.0518	0.26425	0.33813
V125	0.07176	0.44613	0.42327	0	0.05884
V126	0.18972	0.18099	0.19355	0.14805	0.28769
V127	0.32637	0	0.587	0.03825	0.04839
V128	0.22646	0.7149	0	0	0.05865
V129	0.30905	0.02093	0.2424	0.19943	0.22819
V130	0.05989	0.49978	0.01948	0.22418	0.19666
V131	0.03216	0	0.19701	0.67142	0.09941
V132	0.38165	0	0	0.35944	0.25891
V133	0.0216	0.04609	0.52295	0.1322	0.27715
V134	0.1004	0.01813	0.73083	0.03367	0.11696
V135	0.04653	0.09608	0.67611	0.0398	0.14148
V136	0.96595	0	0	0	0.03405
V137	0.92121	0.02116	0	0.00058	0.05705
V138	0.28516	0.13695	0.06654	0.17512	0.33623
V139	0.13593	0	0.12683	0.64235	0.09489
V140	0.035	0	0.1555	0.14727	0.66222
V141	0.04449	0.21459	0.58199	0.09354	0.06539
V142	0.24561	0	0.30062	0.17074	0.28304
V143	0.04313	0.19141	0.4348	0.16101	0.16964
V144	0.54159	0.20796	0.04699	0.10077	0.10269
V145	0.01821	0.02181	0.86349	0.02073	0.07575
V146	0.05963	0.33709	0	0.32755	0.27573
V147	0.12816	0.0573	0.62752	0.10829	0.07872
V148	0.18423	0.7405	0	0.00519	0.07009
V149	0.026	0	0	0.81317	0.16083
V150	0.18318	0.19088	0.52566	0	0.10028
V151	0.45961	0	0.00037	0.39305	0.14697
V152	0.02803	0	0.09147	0.723	0.1575
V153	0.21194	0.17857	0.40937	0.0551	0.14503
V154	0.15094	0.59376	0.00075	0.03883	0.21573
V155	0.05262	0	0.10838	0.72928	0.10973
V156	0.12827	0.01469	0.37301	0.19833	0.28569
V157	0.11654	0.02888	0.15607	0.33531	0.3632
V158	0.23413	0	0.41461	0.0823	0.26896
V159	0.13966	0.20386	0.00075	0.54406	0.11167
V160	0.50389	0.15386	0.07573	0.05239	0.21413
V161	0.24883	0.01003	0.06021	0.11357	0.56736
V162	0.0188	0.02741	0.88705	0.00175	0.06499
V163	0.06437	0	0.0162	0.19102	0.72841
V164	0.92454	0.04357	0.004	0	0.02789
V165	0.6413	0.20302	0.06037	0.02511	0.0702
V166	0.06929	0	0.20449	0.58101	0.14521
V167	0.06904	0.63179	0	0.12461	0.17456
V168	0.0188	0.02741	0.88705	0.00175	0.06499
V169	0.09072	0.66991	0.11151	0.05578	0.07208
V170	0.27908	0.37544	0.03126	0.17691	0.13731
V171	0.35822	0.06773	0.31856	0.16949	0.08599
V172	0.21458	0.22854	0.05867	0.08604	0.41217
V173	0.24313	0.08654	0.07395	0.40571	0.19067
V174	0.24489	0	0.31729	0.2282	0.20962
V175	0.09989	0.14025	0.10775	0.2437	0.40841
V176	0.38697	0	0	0.53386	0.07918
V177	0.23843	0.01703	0.51556	0.17025	0.05872
V178	0.3316	0.0264	0.4154	0.11643	0.11016
V179	0.11438	0.00325	0.00907	0.15761	0.71569
V180	0.04127	0.00715	0.34088	0.10643	0.50428
V181	0.08689	0.28281	0	0.13948	0.49081
V182	0.58654	0.21007	0	0.12823	0.07516
V183	0.09999	0.83651	0	0	0.06351
V184	0.35764	0	0.25604	0.31065	0.07567
V185	0.13431	0.48127	0.00316	0.15325	0.22801
V186	0.16237	0.17589	0.01908	0.29455	0.34811
V187	0.11173	0.64387	0	0.1686	0.0758
V188	0.86717	0.01612	0.02156	0.05379	0.04137
V189	0.48468	0.22447	0.01682	0.21356	0.06047
V190	0.47228	0.05388	0.1947	0.03868	0.24047
V191	0.24381	0.20282	0	0.39867	0.15469
V192	0.36087	0.17911	0.10154	0.20861	0.14987
V193	0.10244	0.20491	0.47159	0.05606	0.165
V194	0.30368	0.03872	0.07951	0.16928	0.40881
V195	0.61316	0.15767	0.19588	0	0.0333
V196	0.01398	0	0.05996	0.19539	0.73067
V197	0.10101	0.82081	0	0.007	0.07118
V198	0.26277	0.21895	0.02237	0.22669	0.26923
V199	0.80089	0	0.18178	0	0.01733
V200	0.80377	0	0.01682	0.01894	0.16047
V201	0.04925	0	0.01173	0.7	0.23902
V202	0.9166	0.04845	0	0	0.03495
V203	0.56663	0.24365	0.01011	0.04395	0.13566
V204	0.38437	0.07272	0.02849	0.07426	0.44016
V205	0.13948	0.02113	0.11459	0.17769	0.54711
V206	0.06705	0.07828	0	0.72059	0.13407
V207	0.0421	0.00499	0	0.81978	0.13313
V208	0.19972	0.21322	0.42305	0.04696	0.11705
V209	0.18834	0.0102	0.09582	0.14193	0.56371
V210	0.01732	0.01425	0.88595	0.01158	0.07089
V211	0.18955	0.01152	0.19676	0.12009	0.48207
V212	0.09584	0.73972	0.0408	0.02343	0.10022
V213	0.11456	0	0.05347	0.34389	0.48808
V214	0.05848	0.5442	0.32076	0.00161	0.07495
V215	0.29094	0.21872	0.11426	0.10811	0.26797
V216	0.07865	0.02701	0.3178	0.12727	0.44927
V217	0.02043	0	0.01572	0.78466	0.17919
V218	0.10355	0.17671	0.24569	0.3391	0.13494
V219	0.16692	0.26064	0.32808	0.18065	0.06371
V220	0.22032	0.70143	0.02379	0	0.05446
V221	0.06865	0.05544	0.47541	0.06917	0.33134
V222	0.03125	0	0.01218	0.1855	0.77107
V223	0.57863	0	0.27105	0.10055	0.04978
V224	0.07251	0.55222	0.00415	0.10495	0.26617
V225	0.72873	0.14905	0.09619	0	0.02603
V226	0.46934	0.48845	0	0	0.04221
V227	0.11987	0.24059	0	0.52753	0.112
V228	0.64296	0.0079	0.2343	0.05191	0.06293
V229	0.3112	0.38505	0.21089	0.02386	0.06899
V230	0.02721	0	0.01001	0.18672	0.77606
V231	0.09776	0.59416	0.02988	0.15328	0.12492
V232	0.83012	0	0.15049	0	0.01939
V233	0.07814	0.01155	0.14521	0.20435	0.56075
V234	0.04934	0.36341	0.17097	0.32341	0.09287
V235	0.96302	0.00048	0	0	0.0365
V236	0.11245	0	0.5864	0.20258	0.09856
V237	0.15726	0.0638	0.23433	0.33839	0.20622
V238	0.02008	0	0.00805	0.38666	0.58521
V239	0.09627	0.40469	0.02947	0.19859	0.27099
V240	0.09981	0.79857	0	0.00039	0.10123
V241	0.08294	0.85182	0	0	0.06524
V242	0.06571	0.31117	0.24703	0.26403	0.11206
V243	0.53839	0	0.29007	0.02918	0.14237
V244	0.06065	0.41027	0.15801	0.11074	0.26033
V245	0.08291	0.85002	0	0	0.06707
V246	0.63474	0.25554	0.00919	0	0.10053
V247	0.23976	0.0887	0.55589	0.04562	0.07003
V248	0.12942	0.605	0.00156	0.02877	0.23524
V249	0.29688	0.05405	0.18648	0.14573	0.31686
V250	0.04262	0.02444	0.61607	0.07556	0.2413
V251	0.24382	0	0.07433	0.56337	0.11848
V252	0.04923	0.11234	0.50195	0.17241	0.16407
V253	0.32756	0.54631	0.04791	0.01671	0.06151
V254	0.5358	0.35695	0	0.04964	0.05761
V255	0.83499	0.06708	0	0.00238	0.09555
V256	0.07579	0.74007	0	0.0128	0.17134
V257	0.48436	0.28771	0.10939	0.02005	0.0985
V258	0.19153	0.30407	0.02604	0.39724	0.08112
V259	0.56516	0.25477	0.13556	0	0.04451
V260	0.30283	0.01778	0.09829	0.15573	0.42537
V261	0.04379	0.00581	0.46652	0.31633	0.16755
V262	0.91894	0.01346	0.03648	0	0.03113
V263	0.81445	0.06981	7e-05	0.07566	0.04002
V264	0.10063	0.82024	0	0.01307	0.06606
V265	0.83849	0.07368	0.05526	0	0.03257
V266	0.02449	0	0.08456	0.17942	0.71152
V267	0.06402	0	0.00606	0.28192	0.64801
V268	0.23496	0.41378	0.10249	0.15655	0.09222
V269	0.123	0.31561	0.29905	0.17828	0.08405
V270	0.06499	0	0.02096	0.79839	0.11566
V271	0.25046	0.67319	0	0	0.07634
V272	0.13696	0.7767	0	0	0.08634
V273	0.3254	0	0.15238	0.33944	0.18278
V274	0.11609	0.02852	0.03539	0.29588	0.52412
V275	0.08118	0.67803	0.10359	0.06404	0.07316
V276	0.03147	0.00153	0.63851	0.24076	0.08772
V277	0.41902	0	0.52441	0	0.05658
V278	0.02529	0.02109	0.30265	0.47255	0.17842
V279	0.16057	0	0.0019	0.70073	0.13681
V280	0.21737	0	0.02766	0.59793	0.15703
V281	0.05336	0.20457	0.02585	0.61251	0.10371
V282	0.0913	0.84436	0	0	0.06434
V283	0.40651	0	0.10099	0.09016	0.40234
V284	0.04911	0.12629	0.49649	0.04687	0.28123
V285	0.52384	0.42565	0	0	0.0505
V286	0.11164	0.02156	0.77162	0.03592	0.05926
V287	0.28245	0.04861	0.14622	0.3101	0.21262
V288	0.24906	0	0.58393	0.01754	0.14947
V289	0.18453	0.20377	0.00689	0.51528	0.08953
V290	0.45092	0.42438	0.09241	0	0.0323
V291	0.43149	0.18602	0	0.31339	0.06909
V292	0.15285	0.01619	0.38516	0.09804	0.34777
V293	0.02518	0.1125	0.74011	0.04984	0.07237
V294	0.02026	0	0.01458	0.18067	0.78449
V295	0.03598	0.0087	0.29037	0.51952	0.14543
V296	0.85093	0.09673	0	0	0.05234
V297	0.04136	0.00573	0.71953	0.13914	0.09423
V298	0.30769	0	0	0.53058	0.16173
V299	0.2771	0	0	0.63424	0.08866
V300	0.9648	0.00263	0	0	0.03257
V301	0.95801	0	0	0	0.04199
V302	0.02099	0	0.00609	0.48649	0.48643
V303	0.13907	0.16697	0.18678	0.21877	0.28839
V304	0.23109	0.02778	0.67909	0	0.06204
V305	0.24463	0.31318	0.06838	0.12723	0.24659
V306	0.34202	0.59962	0	0	0.05835
V307	0.2659	0	0.22822	0.43755	0.06833
V308	0.28283	0	0.59827	0.06725	0.05164
V309	0.68601	0.05071	0.03536	0.10528	0.12264
V310	0.04553	0.01398	0.0097	0.23822	0.69257
V311	0.03049	0	0.02897	0.8127	0.12784
V312	0.11863	0.25307	0.22171	0.05708	0.34951
V313	0.08905	0.29004	0.00164	0.33541	0.28387
V314	0.10107	0	0.00326	0.45063	0.44504
V315	0.95027	0	0.00237	0	0.04736
V316	0.1466	0.54329	0.19199	0.01877	0.09935
V317	0.43802	0.07019	0.44271	0	0.04907
V318	0.9132	0	0	0	0.0868
V319	0.13648	0.05511	0.75011	0.00672	0.05157
V320	0.09205	0	0	0.78736	0.12059
V321	0.17105	0.32243	0.2497	0.18062	0.0762
V322	0.036	0.26042	0.50993	0.05895	0.1347
V323	0.29687	0.20708	0.37683	0.01493	0.1043
V324	0.0626	0.02141	0.03213	0.76663	0.11723
V325	0.66515	0.09196	0.06376	0.09414	0.085
V326	0.06671	0	0.05703	0.25746	0.61879
V327	0.36401	0.46892	0.07308	0.00268	0.09132
V328	0.07706	0.27245	0.1296	0.42908	0.09182
V329	0.02693	0.03301	0.343	0.5049	0.09216
V330	0.11153	0.02318	0.77453	0.00154	0.08922
V331	0.16338	0.00903	0.08689	0.1951	0.5456
V332	0.52144	0.03556	0.39154	0	0.05146
V333	0.45779	0.01102	0.26823	0.15457	0.10839
V334	0.07223	0.27995	0.48334	0.07755	0.08694
V335	0.75678	0.04351	0.06485	0.02176	0.11311
V336	0.19575	0.55138	0.19903	0	0.05384
V337	0.01934	0	0.01808	0.29069	0.67189
V338	0.7627	0.0059	0.12873	0.00381	0.09886
V339	0.24288	0.51869	0.13767	0	0.10076
V340	0.05411	0.16696	0.10264	0.15299	0.5233
V341	0.05362	0.48123	0.36577	0.00125	0.09813
V342	0.34072	0.13699	0.38593	0.09036	0.04599
V343	0.73188	0	0.24484	0	0.02328
V344	0.13554	0.72709	0.01097	0.01143	0.11497
V345	0.24715	0.03406	0	0.3395	0.37929
V346	0.06505	0.29991	0.26449	0.2768	0.09374
V347	0.11426	0.49646	0.00118	0.28492	0.10319
V348	0.03996	0.13023	0.39931	0.26025	0.17025
V349	0.0967	0.30182	0.46362	0.01709	0.12077
V350	0.14254	0.4044	0.05805	0.22874	0.16625
V351	0.2148	0.01154	0.38531	0.31369	0.07466
V352	0.14189	0.52337	0.28088	0	0.05386
V353	0.28941	0.3277	0.01967	0.0751	0.28812
V354	0.61579	0.00338	0.35805	0	0.02278
V355	0.11361	0	0.29438	0.50668	0.08533
V356	0.12358	0.0211	0.75676	0.02245	0.07613
V357	0.06729	0.0322	0.48792	0.08681	0.32577
V358	0.05186	0.01238	0.02578	0.7878	0.12218
V359	0.07822	0.09054	0	0.72261	0.10863
V360	0.73899	0.03188	0.07112	0.11838	0.03964
V361	0.37097	0.46366	0.05713	0	0.10824
V362	0.84362	0	0.07535	0	0.08103
V363	0.04656	0.02297	0.00835	0.27341	0.64871
V364	0.06681	0.27451	0.00928	0.4351	0.2143
V365	0.02548	0	0.00388	0.82285	0.14778
V366	0.25259	0.03077	0.54004	0.06669	0.10992
V367	0.26679	0.2102	0.17517	0.17541	0.17242
V368	0.77485	0.07391	0.0994	0	0.05184
V369	0.07663	0.62747	0.17916	0.05566	0.06107
V370	0.04458	0.14717	0.10625	0.39867	0.30333
V371	0.09034	0.84058	0.01158	0	0.05749
V372	0.68806	0.05361	0.11916	0.08536	0.0538
V373	0.15166	0.62911	0.08735	0.06754	0.06434
V374	0.12895	0.03152	0.33387	0.43191	0.07376
V375	0.35587	0	0.54049	0.06048	0.04317
V376	0.02396	0	0.39556	0.10825	0.47223
V377	0.12321	0.4895	0.16048	0.159	0.06781
V378	0.17026	0.5412	0.13471	0.00037	0.15346
V379	0.03915	0	0.11029	0.20868	0.64189
V380	0.03808	0.03711	0.15307	0.52517	0.24656
V381	0.17651	0.04323	0.00523	0.13478	0.64025
V382	0.43673	0	0	0.31338	0.24989
V383	0.05258	0	0.23321	0.622	0.09221
V384	0.32556	0.0245	0.14082	0.40555	0.10357
V385	0.10907	0.09855	0.00479	0.13929	0.6483
V386	0.67672	0	0	0.26932	0.05396
V387	0.29243	0	0	0.60276	0.10481
V388	0.08965	0.79806	0.00366	0.03723	0.07141
V389	0.15596	0.73328	0	0.01314	0.09762
V390	0.19298	0	0	0.64484	0.16218
V391	0.72858	0.13788	0	0.05018	0.08336
V392	0.94286	0.02751	0	0	0.02963
V393	0.12684	0.00262	0.13149	0.54073	0.19832
V394	0.74386	0	0.01242	0.139	0.10472
V395	0.02119	0	0.32992	0.55301	0.09588
V396	0.59814	0.01292	0.36059	0	0.02836
V397	0.7009	0.1269	0.01849	0.08593	0.06778
V398	0.07996	0	0.13962	0.63154	0.14889
V399	0.05897	0.01976	0	0.36802	0.55325
V400	0.2018	0.50942	0.11493	0.11599	0.05786
V401	0.37218	0	0.56897	0.01791	0.04093
V402	0.42908	0.01479	0.39677	0.06337	0.09599
V403	0.17798	0.06824	0	0.23127	0.52251
V404	0.02506	0.03814	0.43527	0.39123	0.1103
V405	0.38215	0.24751	0.04835	0.20022	0.12177
V406	0.04214	0.03176	0.85311	0.00075	0.07224
V407	0.90484	0.02956	0.02283	0.00816	0.03461
V408	0.06152	0.3704	0	0.27688	0.2912
V409	0.12819	0	0.04754	0.66019	0.16407
V410	0.16095	0.1289	0.29525	0.09587	0.31902
V411	0.02126	0	0.00671	0.19015	0.78189
V412	0.0409	0.1469	0.12322	0.13479	0.5542
V413	0.05206	0.2459	0.12698	0.37156	0.2035
V414	0.06414	0.07438	0	0.50418	0.35729
V415	0.18783	0	0.00217	0.14176	0.66824
V416	0.13217	0.08236	0.0172	0.24461	0.52365
V417	0.0301	0.00555	0.71144	0.14397	0.10894
V418	0.56564	0.37571	0	0	0.05866
V419	0.28324	0.00607	0.01706	0.20968	0.48396
V420	0.26349	0	0.09439	0.14017	0.50195
V421	0.01717	0	0.13206	0.18729	0.66348
V422	0.03613	0	0.04098	0.70363	0.21927
V423	0.33489	0.17588	0.24281	0.17694	0.06948
V424	0.01841	0.00043	0.47925	0.08627	0.41564
V425	0.37077	0.36455	0	0.02598	0.23871
V426	0.26597	0.16506	0.00664	0.43238	0.12996
V427	0.23804	0.60697	0.10713	0	0.04786
V428	0.13144	0.6319	0.0433	0.07561	0.11774
V429	0.15475	0.73082	0	0.03668	0.07775
V430	0.05437	0.00414	0.38509	0.24814	0.30826
V431	0.15066	0.35888	0.15992	0.23095	0.09959
V432	0.34141	0.04617	0.10672	0.34526	0.16044
V433	0.2357	0	0.46597	0.22424	0.07409
V434	0.28727	0.28002	0.323	0.00538	0.10433
V435	0.60666	0.03237	0.31438	0.00713	0.03946
V436	0.09606	0.58829	0.07059	0.05764	0.18743
V437	0.22295	0.00577	0.02554	0.25976	0.48598
V438	0.17087	0.2944	0.16238	0.26528	0.10707
V439	0.63594	0	0.02806	0.2736	0.06239
V440	0.05463	0.35316	0.48948	0.01095	0.09178
V441	0.06863	0.53324	0.32083	0.01386	0.06345
V442	0.09137	0.84984	0	0	0.05879
V443	0.95133	0	0	0.01109	0.03758
V444	0.18694	0.41696	0.00868	0.29387	0.09355
V445	0.0971	0.39471	0.01882	0.39644	0.09293
V446	0.13898	0.01144	0.08675	0.57051	0.19231
V447	0.08491	0	0.00708	0.51155	0.39646
V448	0.19305	0	0.0187	0.15184	0.63642
V449	0.0188	0.02741	0.88705	0.00175	0.06499
V450	0.24806	0.07787	0.22462	0.17448	0.27498
V451	0.30802	0.1826	0.04368	0.32584	0.13986
V452	0.03155	0	0.13622	0.69792	0.13431
V453	0.03611	0	0	0.52696	0.43692
V454	0.02979	0.00412	0.65547	0.06831	0.24231
V455	0.0935	0.23129	0.25209	0.09766	0.32545
V456	0.94354	0	0	0	0.05646
V457	0.69065	0.19663	0.01702	0.03032	0.06538
V458	0.05596	0.36259	0.44416	0.05037	0.08692
V459	0.16471	0.04253	0.04453	0.50343	0.2448
V460	0.71979	0.0257	0.16855	0.03648	0.04949
V461	0.23127	0.30446	0.20975	0.03542	0.2191
V462	0.07446	0.06479	0.00845	0.53558	0.31673
V463	0.24007	0.03847	0.00418	0.62195	0.09534
V464	0.20406	0.1792	0.56427	0	0.05247
V465	0.06238	0.10037	0.01353	0.16221	0.6615
V466	0.03857	0	0	0.2527	0.70874
V467	0.08695	0.23873	0.00864	0.51543	0.15025
V468	0.58525	0.28744	0.07934	0	0.04798
V469	0.04684	0.32745	0.04128	0.30092	0.28351
V470	0.85408	0.04372	0.01425	0.04626	0.04169
V471	0.42502	0.28343	0.00954	0.13358	0.14843
V472	0.02224	0.0282	0.04526	0.16756	0.73674
V473	0.0594	0.20902	0.21069	0.3273	0.19359
V474	0.32453	0.11508	0.04455	0.41595	0.09989
V475	0.20256	0.01994	0.54999	0.0511	0.1764
V476	0.1854	0.01017	0.08394	0.59143	0.12906
V477	0.08288	0.8574	0	0	0.05972
V478	0.20461	0	0.00428	0.13779	0.65332
V479	0.85565	0.044	0.02102	0.03853	0.0408
V480	0.17374	0.63125	0.02592	0.08694	0.08215
V481	0.27972	0.35684	0.0397	0.17388	0.14986
V482	0.14808	0.65451	0.13961	0	0.0578
V483	0.34286	0.49363	0	0.07615	0.08737
V484	0.25674	0.49481	0.08174	0.10036	0.06634
V485	0.69537	0.06308	0.09444	0.09271	0.0544
V486	0.09356	0.07292	0.28474	0.09027	0.45851
V487	0.17109	0.11379	0.35938	0.28655	0.06919
V488	0.44179	0.04679	0	0.33453	0.17689
V489	0.03426	0.22564	0.59904	0.06971	0.07135
V490	0.03107	0.00405	0.68417	0.20747	0.07324
V491	0.06625	0.46878	0.02961	0.13488	0.30049
V492	0.05868	0.1219	0.02058	0.6771	0.12174
V493	0.03229	0	0.00032	0.83215	0.13523
V494	0.3416	0	0.00292	0.52284	0.13265
V495	0.37345	0.20465	0.17705	0.15303	0.09182
V496	0.16379	0.02199	0.05426	0.13191	0.62805
V497	0.12715	0.02061	0.14139	0.20628	0.50457
V498	0.10897	0.81617	0	0	0.07486
V499	0.06979	0.2291	0.23486	0.12187	0.34438
V500	0.14591	0.47468	0.07841	0.19571	0.10529
V501	0.10079	0.33301	0.00383	0.09527	0.4671
V502	0.16571	0.75988	0.01045	0.00347	0.06049
V503	0.49534	0	0.18415	0.15192	0.16859
V504	0.52037	0.19354	0	0.02971	0.25637
V505	0.66343	0	0.01265	0.1019	0.22201
V506	0.05897	0.53177	0.04487	0.05237	0.31201
V507	0.86249	0	0.01542	0.06535	0.05675
V508	0.06613	0.62619	0.1656	0.03087	0.11121
V509	0.08805	0.45299	0.10794	0.19211	0.15891
V510	0.43876	0.47593	0.01915	0.01281	0.05334
V511	0.09762	0.31167	0.4518	0.03686	0.10205
V512	0.18999	0.45567	0.13885	0.05199	0.16351
V513	0.20452	0.65514	0.03994	0.0228	0.07761
V514	0.02315	0	0.22004	0.167	0.58981
V515	0.10055	0.1056	0	0.6893	0.10456
V516	0.19556	0.34574	0.08064	0.29928	0.07878
V517	0.04123	0.01269	0.04175	0.78295	0.12138
V518	0.46584	7e-05	0.28525	0.17829	0.07054
V519	0.80598	0.04679	0	0.10032	0.04691
V520	0.10917	0.79809	0	0.02726	0.06548
V521	0.22931	0	0.1069	0.57764	0.08615
V522	0.07766	0.19123	0.50617	0.13515	0.08978
V523	0.18543	0.04907	0.67345	0.03749	0.05457
V524	0.39236	0.01954	0.50615	0	0.08195
V525	0.03557	0.20953	0.02676	0.13543	0.59272
V526	0.06573	0.03522	0.7919	0.02616	0.08099
V527	0.11882	0.47728	0.3341	0	0.0698
V528	0.16698	0	0.00671	0.72521	0.1011
V529	0.25438	0.02708	0.66427	0	0.05427
V530	0.042	0.02505	0.8014	0.05363	0.07791
V531	0.21498	0.51451	0.06177	0.02284	0.18591
V532	0.09513	0.26724	0.26811	0.05061	0.31891
V533	0.3073	0	0	0.11506	0.57765
V534	0.15047	0.04568	0	0.6854	0.11846
V535	0.82883	0.1108	0.03339	0	0.02697
V536	0.16356	0.17764	0.34818	0.06592	0.2447
V537	0.03357	0.01725	0.01991	0.17185	0.75742
V538	0.66105	0.09877	0	0.03864	0.20154
V539	0.03952	0.14849	0.59122	0.10972	0.11104
V540	0.20234	0.46898	0.06379	0.06104	0.20385
V541	0.06228	0.41647	0.00965	0.09789	0.41372
V542	0.06972	0.32396	0.08634	0.39758	0.12239
V543	0.09508	0.10397	0.61764	0.05884	0.12448
V544	0.3883	0.18531	0.15446	0.07734	0.19459
V545	0.62802	0.3388	0	0	0.03318
V546	0.10549	0.751	0.0478	0	0.09571
V547	0.12605	0.72571	0	0.06758	0.08066
V548	0.03398	0.0436	0.00408	0.79087	0.12747
V549	0.019	0	0.02551	0.30364	0.65186
V550	0.07841	0.80258	0.05506	0	0.06394
V551	0.03271	0	0	0.83596	0.13134
V552	0.25763	0	0.019	0.15057	0.57281
V553	0.80201	0	0.00599	0.11861	0.07339
V554	0.14172	0.03651	0.43659	0.30775	0.07743
V555	0.0818	0.84292	0	0	0.07528
V556	0.10583	0.03077	0.04472	0.68337	0.13531
V557	0.34053	0.23075	0.018	0.3109	0.09982
V558	0.03084	0.01713	0.71466	0.15448	0.0829
V559	0.13659	0.4176	0.37437	0	0.07144
V560	0.64767	0.22627	0.10221	0	0.02385
V561	0.75371	0	0.11433	0.00361	0.12835
V562	0.15375	0.04292	0.14822	0.18482	0.47029
V563	0.25586	0.25593	0.17441	0.12368	0.19011
V564	0.38271	0.00162	0.04987	0.3556	0.2102
V565	0.0194	0	0.02071	0.20898	0.7509
V566	0.32799	0.12764	0.01503	0.32716	0.20219
V567	0.04081	0.01262	0.87844	0.00063	0.0675
V568	0.05847	0.21541	0.37239	0.28392	0.06981
V569	0.66557	0.08332	0.08675	0.09726	0.0671
V570	0.16408	0.0065	0.24982	0.45328	0.12632
V571	0.29627	0	0.205	0.34403	0.1547
V572	0.86598	0	0	0	0.13402
V573	0.1069	0.05445	0.30118	0.38502	0.15246
V574	0.55276	0.27511	0.0519	0.06105	0.05918
V575	0.41497	0.00874	0.11188	0.10571	0.35871
V576	0.08155	0.81802	0	0	0.10043
V577	0.43844	0.4753	0.01195	0.0204	0.05391
V578	0.05295	0.15446	0.46159	0.22714	0.10387
V579	0.05669	0.51259	0.2691	0.0255	0.13612
V580	0.24309	0.51174	0	0.16609	0.07908
V581	0.08699	0.47794	0.30996	0.06165	0.06345
V582	0.02072	0.05708	0.8512	0.00807	0.06293
V583	0.66734	0.00127	0.30007	0	0.03132
V584	0.25888	0.49227	0.07607	0.02712	0.14566
V585	0.08589	0.73946	0.03352	0.03928	0.10186
V586	0.0745	0.74864	0.1173	0	0.05957
V587	0.09057	0.66188	0	0.03791	0.20964
V588	0.26659	0.38948	0.30067	0	0.04325
V589	0.12961	0.38848	0.02551	0.36242	0.09398
V590	0.0863	0.73937	0	0.01043	0.1639
V591	0.47614	0.46888	0.01215	0	0.04283
V592	0.03863	0	0.71837	0.06187	0.18114
V593	0.43052	0	0	0.46202	0.10745
V594	0.02728	0.1253	0.59152	0.1541	0.1018
V595	0.55821	0.02223	0.05139	0.2851	0.08307
V596	0.50037	0.17602	0.17119	0.09254	0.05988
V597	0.0466	0.19427	0.00147	0.21321	0.54446
V598	0.63009	0	0	0.04081	0.32911
V599	0.10713	0.3851	0.06592	0.3435	0.09835
V600	0.31122	0	0.16046	0.37876	0.14956
V601	0.16643	0.08212	0	0.48712	0.26433
V602	0.81949	0.1507	0	0	0.02981
V603	0.15945	0.13613	0.02224	0.21606	0.46612
V604	0.04223	0.01361	0.66126	0.12774	0.15516
V605	0.04632	0.05654	0.12689	0.19007	0.58019
V606	0.86038	0	0	0	0.13962
V607	0.19341	0.10619	0.01681	0.12182	0.56177
V608	0.7889	0.00264	0.02224	0.06925	0.11697
V609	0.21446	0.29066	0	0.36723	0.12765
V610	0.12007	0.61666	0	0.18719	0.07609
V611	0.32313	0.02094	0.55736	0.01453	0.08404
V612	0.43454	0.03539	0.28261	0.03378	0.21369
V613	0.4323	0.50782	0.01213	0	0.04775
V614	0.58207	0.01563	0.01081	0.10544	0.28605
V615	0.0316	0.07762	0.11454	0.57067	0.20556
V616	0.69643	0	0.12387	0.11426	0.06543
V617	0.27061	0.06173	0.41889	0.10184	0.14693
V618	0.75727	0.08218	0.04914	0	0.11141
V619	0.60069	0.02793	0.13652	0.02097	0.21388
V620	0.06914	0.00933	0.31518	0.51743	0.08892
V621	0.17807	0.22126	0.26722	0.04148	0.29197
V622	0.04413	0.21204	0.32335	0.07105	0.34943
V623	0.08495	0	0	0.68023	0.23483
V624	0.91682	0	0	0	0.08318
V625	0.03229	0.04321	0.08032	0.72985	0.11432
V626	0.1032	0.01658	0.50044	0.29476	0.08503
V627	0.13628	0.15506	0.10846	0.11858	0.48162
V628	0.95452	0.00876	0	0	0.03672
V629	0.16061	0.23409	0.5421	0.00805	0.05515
V630	0.03412	0.18756	0.01949	0.14932	0.60951
V631	0.01698	0	0.273	0.13567	0.57435
V632	0.08572	0.73077	0	0.02999	0.15352
V633	0.07274	0	0.07781	0.55276	0.2967
V634	0.43503	0.42116	0.10866	0	0.03515
V635	0.06049	0.10346	0.17952	0.12767	0.52887
V636	0.23872	0.15922	0.27215	0.18981	0.14009
V637	0.25497	0	0.3707	0.25112	0.12321
V638	0.11059	0.46487	0.00539	0.11651	0.30264
V639	0.54062	0.37631	0.0482	0	0.03487
V640	0.13931	0.18029	0.06872	0.2763	0.33538
V641	0.13402	0.68398	0	0.10083	0.08116
V642	0.7533	0.01762	0	0.18163	0.04745
V643	0.09008	0.81277	0.03314	0	0.06401
V644	0.07707	0.41286	0.00444	0.39882	0.10682
V645	0.19326	0.69939	0	0.04679	0.06057
V646	0.16957	0.5106	0.00713	0.19996	0.11274
V647	0.93757	0	0	0.02477	0.03766
V648	0.47238	0.09027	0	0.267	0.17035
V649	0.30668	0.08169	0.06886	0.16728	0.3755
V650	0.0401	0	0.043	0.80012	0.11678
V651	0.17052	0.18318	0	0.55734	0.08896
V652	0.38019	0	0.01915	0.51405	0.08661
V653	0.36722	0	0.03709	0.49235	0.10334
V654	0.05008	0.0783	0	0.20251	0.66911
V655	0.19065	0.03979	0.26384	0.4285	0.07722
V656	0.1377	4e-05	0	0.22856	0.6337
V657	0.06978	0.47264	0.0112	0.29736	0.14903
V658	0.04979	0.01309	0.02639	0.62131	0.28941
V659	0.03966	0.00243	0.06573	0.73846	0.15371
V660	0.09038	0.34356	0.01066	0.11414	0.44126
V661	0.07939	0.62723	0	0.15448	0.1389
V662	0.06438	0.4471	0.00931	0.07011	0.4091
V663	0.9705	0	6e-05	0	0.02944
V664	0.03501	0	0.10644	0.45857	0.39998
V665	0.06582	0.61516	0.16498	0.06464	0.0894
V666	0.12684	0.80596	0.01057	0	0.05663
V667	0.07029	0.53601	0.21296	0.0856	0.09514
V668	0.65982	0.22776	0.03032	0.02731	0.05479
V669	0.49929	0.29729	0.00874	0.07278	0.1219
V670	0.13016	0.61651	0.02226	0.04044	0.19063
V671	0.80168	0	0.16211	0.00106	0.03515
V672	0.11881	0.05874	0.0821	0.36287	0.37749
V673	0.02323	0.01683	0.00386	0.25206	0.70402
V674	0.41494	0.09148	0.43391	0	0.05967
V675	0.71512	0	0.02407	0.13782	0.12299
V676	0.30543	0.09856	0.4486	0.00318	0.14424
V677	0.07503	0.25965	0.18514	0.36195	0.11823
V678	0.07765	0.32266	0.00462	0.11764	0.47743
V679	0.03482	0.00276	0.41349	0.4607	0.08824
V680	0.1886	0	0.0122	0.40519	0.39401
V681	0.55708	0.01202	0.02985	0.27998	0.12107
V682	0.0188	0.02741	0.88705	0.00175	0.06499
V683	0.09965	0.18355	0.57497	0.0074	0.13443
V684	0.07619	0	0	0.80541	0.1184
V685	0.03068	0.02266	0.77301	0.10531	0.06834
V686	0.31365	0.58652	0.04008	0	0.05975
V687	0.02143	0	0.53359	0.35539	0.08959
V688	0.01813	0.02332	0.87045	0.01213	0.07597
V689	0.54518	0.03942	0.17058	0.10358	0.14123
V690	0.13739	0.79559	0	0	0.06702
V691	0.16805	0.11187	0.03251	0.57694	0.11063
V692	0.09328	0.0011	0.00938	0.72566	0.17059
V693	0.05503	0.4968	0.36824	0.01594	0.06399
V694	0.11556	0.17591	0.02451	0.54694	0.13707
V695	0.15786	0.1113	0.13702	0.11023	0.48359
V696	0.15717	0	0.69159	0.01801	0.13322
V697	0.13453	0.09907	0.2788	0.33995	0.14765
V698	0.03055	0.00496	0.179	0.15032	0.63517
V699	0.05639	0	0.0394	0.65611	0.2481
V700	0.09646	0.7701	0.0396	0	0.09384
V701	0.03423	0.18803	0.01184	0.14362	0.62227
V702	0.04638	0.10354	0.00022	0.64383	0.20603
V703	0.03854	0	0.01861	0.81403	0.12882
V704	0.06802	0.05227	0.37611	0.09749	0.4061
V705	0.94127	0.00471	0	0	0.05402
V706	0.1849	0.13348	0.13332	0.41801	0.13028
V707	0.1711	0.11228	0.06142	0.31673	0.33847
V708	0.05997	0.57145	0.31331	0	0.05526
V709	0.02093	0.00695	0.03851	0.17364	0.75997
V710	0.16579	0.01868	0.45471	0.05109	0.30973
V711	0.07127	0	0.02119	0.18069	0.72685
V712	0.08947	0.01119	0.64154	0.18496	0.07284
V713	0.29155	0.4086	0.2574	0	0.04245
V714	0.06622	0	0.00281	0.17221	0.75876
V715	0.0384	0.27791	0.52603	0.09129	0.06636
V716	0.75175	0.17477	0	0.01957	0.05391
V717	0.44585	0.1586	0.10282	0.04611	0.24661
V718	0.71397	0	0.2309	0	0.05513
V719	0.44434	0.22839	0.08066	0.10787	0.13874
V720	0.15264	0.03208	0.08728	0.15512	0.57288
V721	0.04069	0	0.05131	0.18263	0.72537
V722	0.0524	0.22391	0.04193	0.47779	0.20396
V723	0.14054	0.20341	0.08692	0.47184	0.09729
V724	0.16266	0.62572	0.01148	0.13044	0.0697
V725	0.04272	0	0.01147	0.17528	0.77052
V726	0.25883	0.48747	0.02978	0.05663	0.16729
V727	0.02967	0.02167	0.86386	0.0108	0.074
V728	0.81558	0.00597	0.10185	0.03853	0.03806
V729	0.63632	0.09845	0.01193	0.19855	0.05475
V730	0.1525	0.00985	0.33974	0.38326	0.11466
V731	0.02786	0	0.05032	0.80224	0.11958
V732	0.03256	0	0.00073	0.8371	0.12961
V733	0.05419	0.04102	0.83468	0	0.07011
V734	0.55345	0.07494	0.30735	0.01742	0.04685
V735	0.09993	0.16018	0.20168	0.1072	0.43101
V736	0.02388	0.03999	0.01159	0.17118	0.75336
V737	0.96567	0.00477	0.00051	0	0.02905
V738	0.05528	0.46529	0.00162	0.07674	0.40108
V739	0.04029	0	0	0.83056	0.12915
V740	0.25569	0.0748	0.09876	0.10331	0.46744
V741	0.53445	0	0	0.30723	0.15831
V742	0.10359	0.01771	0.49257	0.20035	0.18578
V743	0.04652	0.04402	0.07338	0.23379	0.6023
V744	0.22714	0.04445	0.1427	0.47987	0.10583
V745	0.19265	0	0.03565	0.67237	0.09933
V746	0.39164	0.52838	0.01117	0	0.06881
V747	0.05407	0.039	0.82209	0.00876	0.07608
V748	0.20337	0.20747	0.24657	0.09148	0.2511
V749	0.21901	0.08736	0.10002	0.42252	0.17109
V750	0.76527	0.18014	0	0.01541	0.03918
V751	0.06734	0.36995	0.49061	0.01044	0.06166
V752	0.04158	0.13392	0.02158	0.15112	0.65181
V753	0.60224	0.03984	0.21102	0.02155	0.12535
V754	0.1454	0.30027	0	0.46471	0.08962
V755	0.266	0.67416	0.00969	0	0.05015
V756	0.04031	0.11046	0.02146	0.19314	0.63463
V757	0.192	0	0.07417	0.6405	0.09334
V758	0.09852	0.40425	0	0.40753	0.0897
V759	0.11532	0.02347	0.0995	0.13371	0.628
V760	0.10374	0.01966	0.195	0.3179	0.3637
V761	0.09147	0.25724	0.59357	0	0.05772
V762	0.03601	0.02853	0.15696	0.44573	0.33278
V763	0.05209	0.28167	3e-04	0.11367	0.55226
V764	0.14037	0.04058	0.06681	0.64825	0.10399
V765	0.2135	0.02077	0.59404	0.05362	0.11806
V766	0.11058	0.48191	0.20087	0.0524	0.15424
V767	0.31241	0.46446	0.0367	0.04146	0.14497
V768	0.09905	0.79203	0.01771	0.02165	0.06955
V769	0.79101	0	0.15553	0	0.05346
V770	0.35963	0	0.44546	0.1424	0.05251
V771	0.10382	0.68735	0	0.07718	0.13166
V772	0.07673	0.02968	0.83303	0.00378	0.05677
V773	0.04233	0	0.00042	0.30314	0.65411
V774	0.20039	0	0.50273	0.03749	0.25939
V775	0.92285	0	0.00533	0.02591	0.04591
V776	0.39716	0.41131	0.12105	0.00402	0.06646
V777	0.25629	0.37027	0.19849	0.08881	0.08614
V778	0.56774	0.04297	0.00097	0.21249	0.17584
V779	0.10309	0.40958	0.42215	5e-04	0.06468
V780	0.04096	0.01245	0.87728	0.00793	0.06138
V781	0.21987	0.31176	0.14875	0.03516	0.28446
V782	0.27278	0.24328	0.00907	0.07245	0.40243
V783	0.01829	0.00362	0.60715	0.08153	0.28941
V784	0.06811	0.58316	0	0.21729	0.13144
V785	0.72994	0.11908	0	0.07182	0.07916
V786	0.19436	0.18272	0.00017	0.52102	0.10173
V787	0.1708	0.56023	0	0.15869	0.11028
V788	0.41736	0.40517	0.04392	0	0.13355
V789	0.03598	0.15235	7e-04	0.44177	0.3692
V790	0.32453	0.22189	0.04523	0.14119	0.26716
V791	0.21531	0.21262	0.05628	0.2275	0.28829
V792	0.9452	0.0082	0.0111	0	0.0355
V793	0.37146	0.26164	0.03452	0.10811	0.22427
V794	0.03293	0.01052	0.10105	0.29251	0.56299
V795	0.16377	0.77151	0	0	0.06472
V796	0.33462	0.39413	0.0756	0.12042	0.07524
V797	0.16329	0	0	0.16274	0.67397
V798	0.1677	0.49835	0	0.10071	0.23324
V799	0.05939	0.1444	0.0349	0.6271	0.13421
V800	0.04457	0.00237	0.01776	0.26233	0.67297
V801	0.40742	0	0.09831	0.40668	0.08758
V802	0.05811	0.20826	0.00965	0.13347	0.5905
V803	0.32939	0.00777	0	0.56224	0.1006
V804	0.23599	0.14756	0.16634	0.34746	0.10266
V805	0.18565	0.12977	0.38505	0.17221	0.12733
V806	0.53257	0	0.17492	0.08127	0.21123
V807	0.7615	0	0.04706	0.04599	0.14545
V808	0.86815	0	0.03326	0	0.09859
V809	0.23622	0.59045	0	0.02626	0.14707
V810	0.05008	0.04623	0.03387	0.50776	0.36205
V811	0.07425	0.09667	0.01951	0.22538	0.58419
V812	0.06756	0.63929	0.14716	0.06195	0.08404
V813	0.05768	0.22836	0.19971	0.08115	0.4331
V814	0.23534	0.52764	0.03495	0.12644	0.07563
V815	0.26346	0.6479	0.00281	0.02429	0.06154
V816	0.06159	0.48132	0	0.35146	0.10562
V817	0.8291	0.01935	0.12368	0	0.02787
V818	0.06771	0.21163	0.32206	0.08732	0.31128
V819	0.95159	0.00817	0.00481	0	0.03544
V820	0.10444	0.34656	0.09206	0.35814	0.09881
V821	0.02137	0.00031	0.00703	0.18255	0.78874
V822	0.20875	0	0.00375	0.69063	0.09687
V823	0.07055	0.08265	0.21816	0.1072	0.52144
V824	0.09219	0.02455	0.02429	0.15544	0.70352
V825	0.18502	0	0.58683	0.17294	0.0552
V826	0.06449	0.01748	0.83792	0.0222	0.0579
V827	0.37574	0.12585	0	0.35785	0.14056
V828	0.28582	0.14036	0.09281	0.11719	0.36382
V829	0.12069	0.08033	0.27896	0.22629	0.29373
V830	0.18712	0.01123	0.63605	0.03294	0.13266
V831	0.07355	0.70119	0.01984	0.12056	0.08486
V832	0.23549	0	0.05655	0.31142	0.39654
V833	0.21862	0.70607	0	0	0.07531
V834	0.76927	0.12928	0.0189	0.00429	0.07825
V835	0.28886	0.27256	0.06562	0.25088	0.12207
V836	0.42529	0.05863	0.38669	0.08151	0.04787
V837	0.0788	0.78025	0	0.02686	0.11409
V838	0.01997	0	0.06119	0.79414	0.1247
V839	0.05619	0.02561	0.07674	0.15329	0.68816
V840	0.94512	0	0.01641	0	0.03848
V841	0.26484	0.01627	0.67104	0	0.04785
V842	0.57163	0.02743	0.17444	0.17067	0.05583
V843	0.51109	0	0.12899	0.1022	0.25772
V844	0.04092	0.17527	0.68679	0.0216	0.07542
V845	0.04273	0	0	0.63126	0.32601
V846	0.14031	0.03177	0.09597	0.17893	0.55302
V847	0.24144	0	0.04539	0.223	0.49016
V848	0.76822	0.01918	0	0.08116	0.13144
V849	0.17514	0.04803	0.64736	0.01209	0.11737
V850	0.25773	0.02121	0.266	0.19274	0.26232
V851	0.96269	0	0	0	0.03731
V852	0.27925	0.04753	0.07032	0.2351	0.3678
V853	0.06152	0.12366	0.54816	0.14803	0.11864
V854	0.0786	0.35064	0.21445	0.10933	0.24698
V855	0.14019	0.36985	0.06648	0.29281	0.13067
V856	0.19791	0.39729	0.03666	0.04413	0.32401
V857	0.10495	0.02625	0.15246	0.45414	0.26219
V858	0.05702	0.34197	0.15991	0.22734	0.21376
V859	0.1542	0	0.01178	0.70962	0.1244
V860	0.0685	0.1246	0.05092	0.61771	0.13827
V861	0.17225	0.00064	0.10927	0.6244	0.09345
V862	0.08644	0	0.02114	0.2366	0.65583
V863	0.08214	0.84015	0	0	0.0777
V864	0.06405	0.00222	0.80925	0.066	0.05848
V865	0.11226	0	0.57837	0.24658	0.06279
V866	0.05697	0.0432	0.57901	0.23634	0.08449
V867	0.62947	0.01603	0	0.03766	0.31684
V868	0.27327	0.21638	0.34656	0.09753	0.06626
V869	0.02614	0	0.02558	0.18326	0.76502
V870	0.31049	0.15511	0.06262	0.25935	0.21244
V871	0.05771	0.04415	0.09921	0.21836	0.58057
V872	0.41519	0.02006	0.00219	0.45451	0.10805
V873	0.09017	0.30913	0.12058	0.35596	0.12415
V874	0.1174	0.04502	0.00667	0.15573	0.67518
V875	0.03829	0.16986	0.01394	0.50616	0.27177
V876	0.53194	0.04868	0.04882	0.05454	0.31602
V877	0.26538	0.59983	0.01069	0.05686	0.06724
V878	0.07082	0.65467	0.01414	0.17738	0.08299
V879	0.92423	0.03259	0.00325	0	0.03992
V880	0.10788	0.06548	0.02292	0.46968	0.33404
V881	0.02989	0.00107	0.51969	0.07476	0.37459
V882	0.07968	0.44526	0	0.39115	0.0839
V883	0.54452	0.16106	0	0.16701	0.12741
V884	0.01756	0	0.00474	0.19186	0.78584
V885	0.20817	0.05979	0.35566	0.14684	0.22954
V886	0.01477	0	0.03002	0.34744	0.60777
V887	0.12656	0.79716	0	0	0.07629
V888	0.08738	0.08208	0.04352	0.64735	0.13968
V889	0.15628	0.76329	0.01015	0	0.07027
V890	0.05581	0	0.12192	0.64086	0.18142
V891	0.02061	0.05592	0.84427	0.01654	0.06266
V892	0.63361	0.2286	0.00344	0	0.13434
V893	0.18603	0.17893	0.45626	0.079	0.09978
V894	0.13623	0.5036	0.02261	0.23389	0.10367
V895	0.72557	0	0.24028	0	0.03414
V896	0.25011	0.20551	0.19766	0.27964	0.06708
V897	0.01931	0	0.03027	0.74454	0.20589
V898	0.44125	0	0.00485	0.10171	0.45219
V899	0.59439	0.29461	0.05684	0	0.05416
V900	0.29958	0.22026	0.23237	0.17694	0.07085
V901	0.69818	0.03585	0	0.16296	0.10301
V902	0.87343	0.03511	0.00823	0.01654	0.06668
V903	0.30852	0.05141	0.05494	0.48073	0.1044
V904	0.75305	0.08366	0.12829	0	0.035
V905	0.05643	0.30476	0.04884	0.34614	0.24384
V906	0.19321	0.03957	0.42946	0.1099	0.22786
V907	0.74486	0.09988	0.04758	0.03933	0.06835
V908	0.05964	0.31366	0.03049	0.46722	0.12899
V909	0.04629	0.09254	0.00763	0.69014	0.16341
V910	0.70315	0.15542	0	0.04654	0.09489
V911	0.07014	0.26126	0.47419	0.02322	0.17118
V912	0.05452	0.01295	0.15635	0.19211	0.58407
V913	0.17161	0	0.05975	0.6352	0.13344
V914	0.79429	0.02097	0.00094	0.10462	0.07918
V915	0.2355	0.18308	0.04384	0.08772	0.44985
V916	0.82388	0.0062	0.09464	0	0.07528
V917	0.50213	0.02503	0	0.07689	0.39595
V918	0.62951	0.1292	0.18381	0.00664	0.05084
V919	0.4642	0.14348	0	0.26207	0.13025
V920	0.2093	0	0.09335	0.60755	0.0898
V921	0.23753	0.18731	0.10261	0.0669	0.40566
V922	0.06457	0.00386	0.66583	0.03623	0.22952
V923	0.19008	0.47127	0.00289	0.076	0.25976
V924	0.54549	0.08509	0	0.23759	0.13183
V925	0.18431	0.10756	0.42621	0.16885	0.11306
V926	0.03399	0.01736	0.0117	0.18067	0.75628
V927	0.56846	0.236	0.08378	0.05958	0.05218
V928	0.15741	0.25781	0.18743	0.19692	0.20041
V929	0.08589	0.27954	0	0.10578	0.52879
V930	0.09832	0	0.06469	0.1511	0.6859
V931	0.53763	0.1273	0.00039	0.0726	0.26209
V932	0.0754	0.10115	0.03994	0.38404	0.39947
V933	0.33186	0	0.03663	0.31933	0.31218
V934	0.70548	0.04802	0.22161	0	0.02489
V935	0.63	0.096	0.10511	0.04916	0.11973
V936	0.3482	0.04364	0.09573	0.41484	0.09758
V937	0.17457	0.66837	0.06298	0.01607	0.07802
V938	0.1183	0.82349	0	0	0.05821
V939	0.01593	0	0.01307	0.42233	0.54867
V940	0.61799	0.06598	0.06761	0.06069	0.18773
V941	0.04352	0.11113	0.10566	0.48964	0.25005
V942	0.75027	0.21515	0	0	0.03458
V943	0.07333	0.10027	0.05414	0.14407	0.62818
V944	0.37826	0.00191	0.09583	0.4441	0.07991
V945	0.08198	0.25887	0.52416	0.03824	0.09675
V946	0.06311	0.47451	0.40256	0	0.05982
V947	0.44088	0.006	0.02068	0.17539	0.35705
V948	0.11254	0.67121	0.01177	0.09553	0.10895
V949	0.87402	0.08516	0.0149	0	0.02592
V950	0.08981	0	0.01492	0.78295	0.11232
V951	0.34036	0	0	0.49388	0.16576
V952	0.16086	0.00969	0.03671	0.61868	0.17405
V953	0.50891	0.06707	0	0.33332	0.0907
V954	0.27938	0.51174	0.03555	0.0511	0.12223
V955	0.09972	0	0.49606	0.32982	0.07441
V956	0.06763	0.4451	0.06553	0.32732	0.09442
V957	0.14512	0.71436	0.02472	0.04412	0.07168
V958	0.0897	0.79095	0	0.0273	0.09204
V959	0.10939	0	0.74444	0.06776	0.07841
V960	0.57871	0.03707	0.12655	0.1047	0.15298
V961	0.09051	0.81005	0	0	0.09944
V962	0.22726	0.09975	0	0.15383	0.51917
V963	0.04171	0	0.38236	0.47511	0.10083
V964	0.02967	0.02167	0.86386	0.0108	0.074
V965	0.01643	0	0.39937	0.46188	0.12231
V966	0.04769	0	0.47356	0.14669	0.33207
V967	0.38587	0.4726	0	0	0.14153
V968	0.0918	0.83931	0	0	0.06888
V969	0.15761	0.48185	0.10363	0.11973	0.13718
