Neutrophils	Monocytes_CD14.CD16.	Macrophage	T_cells_.CD4..	NK_cells
V1	0.40292	0.09723	0.23782	0.11793	0.1441
V2	0.10904	0.76037	0.02619	0.03107	0.07333
V3	0.0984	0	0.42728	0.41669	0.05763
V4	0.01796	0	0.24133	0.07169	0.66901
V5	0.01707	0	0.05894	0.12445	0.79954
V6	0.40569	0	0.25848	0.21063	0.12519
V7	0.02632	0	0.43565	0.08259	0.45544
V8	0.02643	0	0.87398	0.05622	0.04337
V9	0.0867	0	0.24321	0.6104	0.05969
V10	0.53923	0	0.43075	0	0.03001
V11	0.04773	0	0.10735	0.08709	0.75783
V12	0.10802	0	0.21282	0.31091	0.36825
V13	0.17286	0.0206	0.03477	0.41933	0.35244
V14	0.1972	0	0.05818	0.61882	0.1258
V15	0.0604	0	0	0.84298	0.09662
V16	0.63601	0.04843	0.00138	0.27812	0.03606
V17	0.09701	0.24148	0.00974	0.06691	0.58487
V18	0.14028	0.39978	0.23115	0.18138	0.04741
V19	0.03594	0	0.00076	0.13868	0.82462
V20	0.01136	0	0.71757	0.21548	0.05559
V21	0.05303	0.24631	0.1248	0.16444	0.41142
V22	0.86821	0.05365	0.05047	0	0.02768
V23	0.09852	0	0.02263	0.15472	0.72413
V24	0.52485	0.10177	0.01022	0.03357	0.32959
V25	0.04936	0.00368	0.01628	0.43342	0.49726
V26	0.54551	0.18221	0.04617	0.02203	0.20408
V27	0.17584	0.48453	0.15909	0	0.18054
V28	0.07034	0.04119	0.19547	0.60745	0.08555
V29	0.02357	0	0.31337	0.59208	0.07098
V30	0.80042	0.08158	0.01463	0	0.10337
V31	0.48666	0.12388	0.00091	0.20651	0.18204
V32	0.94915	0	0	0	0.05085
V33	0.0466	0.18972	0.01258	0.12946	0.62163
V34	0.16828	0.79546	0	0	0.03626
V35	0.14883	0.59229	0.22071	0.00206	0.03612
V36	0.05445	0.15585	0.16803	0.09982	0.52186
V37	0.79196	0	0	0	0.20804
V38	0.16401	0	0.47071	0.19429	0.17099
V39	0.40025	0	0.32455	0	0.2752
V40	0.2811	0.5859	0	0.07081	0.0622
V41	0.10102	0.80478	0	0	0.09419
V42	0.9152	0.01058	0.01008	0	0.06414
V43	0.56541	0.08502	0.32203	0	0.02755
V44	0.07293	0.25587	0.54169	0	0.12951
V45	0.09119	0.65353	0.06934	0.11024	0.0757
V46	0.1695	0.73542	0.04019	0.00412	0.05077
V47	0.01041	0	0.94262	0	0.04697
V48	0.22282	0.09745	0.21008	0.31553	0.15412
V49	0.54479	0.11191	0.2033	0.10625	0.03375
V50	0.0435	0	0.92019	0	0.0363
V51	0.14911	0.24842	0.1867	0.0602	0.35556
V52	0.1048	0.85453	0	0	0.04067
V53	0.07157	0.15131	0.00208	0.70068	0.07436
V54	0.25604	0	0.00032	0.53298	0.21066
V55	0.10674	0	0	0.81238	0.08089
V56	0.0996	0	0	0.73363	0.16677
V57	0.21245	0.08356	0.55608	0.00824	0.13967
V58	0.08388	0	0.12856	0.2218	0.56576
V59	0.90968	0	0.07148	0	0.01883
V60	0.49745	0.17842	0.10544	0.09823	0.12046
V61	0.23107	0	0.02103	0.23333	0.51457
V62	0.08347	0	0.30156	0.14859	0.46637
V63	0.46395	0.2391	0.04666	0.01912	0.23117
V64	0.96891	0	0.0105	0	0.02058
V65	0.1305	0.05313	0.03415	0.60263	0.17959
V66	0.05615	0	0.12015	0.74569	0.07801
V67	0.01765	0	0.34221	0.11257	0.52757
V68	0.53292	0	0.36548	0.01023	0.09137
V69	0.67187	0.08192	0.17683	0	0.06938
V70	0.11633	0.68833	0.01912	0.12005	0.05617
V71	0.1506	0.75245	0.01723	0.03314	0.04658
V72	0.07592	0.39921	0.0147	0.03947	0.4707
V73	0.0858	0	0.09071	0.57469	0.2488
V74	0.05094	0.03675	0.00654	0.7629	0.14286
V75	0.54736	0.14547	0.27775	0	0.02942
V76	0.03848	0	0.01105	0.81682	0.13366
V77	0.03435	0	0.90317	0.02014	0.04234
V78	0.01479	0	0.93611	0	0.0491
V79	0.12563	0.39301	0.02721	0.13361	0.32055
V80	0.17667	0.69377	0	0.02704	0.10253
V81	0.02289	0	0.93918	0	0.03793
V82	0.29544	0.13666	0.01888	0.49094	0.05807
V83	0.14078	0.05338	0.01763	0.53541	0.2528
V84	0.12573	0.15403	0.00334	0.07623	0.64067
V85	0.01115	0	0.94665	0	0.0422
V86	0.06877	0.2244	0.28708	0.36132	0.05842
V87	0.51791	0	0.02838	0.39911	0.0546
V88	0.37204	0.13935	0.04239	0.18312	0.2631
V89	0.08308	0.04973	0.80981	0.01708	0.0403
V90	0.0443	0.16776	0.05583	0.12666	0.60545
V91	0.0375	0	0.07013	0.81152	0.08084
V92	0.28814	0.01049	0.02716	0.07221	0.60201
V93	0.04515	0.05318	0.15895	0.51732	0.2254
V94	0.07016	0.1542	0.01922	0.25612	0.5003
V95	0.09661	0.21994	0.01749	0.12178	0.54418
V96	0.84998	0	0.01102	0.00273	0.13627
V97	0.20197	0	0.04574	0.14052	0.61178
V98	0.09849	0.36082	0.16387	0.11657	0.26025
V99	0.57307	0.10677	0	0.1898	0.13037
V100	0.60331	0.13704	0.03823	0.03437	0.18705
V101	0.1135	0.84723	0	0	0.03927
V102	0.37675	0.21861	0.11876	0.08978	0.19609
V103	0.14405	0	0	0.08747	0.76848
V104	0.0882	0.40527	0.07182	0.03511	0.3996
V105	0.022	0	0.04353	0.13424	0.80022
V106	0.10415	0.72256	0.1139	0	0.05939
V107	0.09287	0.17538	0.66296	0.02364	0.04516
V108	0.05162	0.12873	0.78512	0	0.03454
V109	0.0995	0.19837	0.05009	0.28127	0.37078
V110	0.23787	0.48096	0.1545	0.0791	0.04757
V111	0.35414	0.1842	0.44139	0	0.02027
V112	0.2161	0	0.09116	0.46533	0.22741
V113	0.27945	0	0.094	0.16557	0.46097
V114	0.64294	0.0467	0.03844	0.14613	0.12579
V115	0.89776	0	0	0	0.10224
V116	0.01992	0	0.00117	0.11071	0.8682
V117	0.07296	0	0.80234	0.06339	0.06131
V118	0.07309	0	0	0.82658	0.10034
V119	0.39489	0	0.36523	0.20705	0.03283
V120	0.02035	0	0.80995	0.0959	0.0738
V121	0.24327	0.67514	0	0	0.08159
V122	0.07934	0.37716	0.07136	0.22305	0.24908
V123	0.56598	0.00811	0.06615	0.17291	0.18685
V124	0.26725	0.08442	0.05661	0.2274	0.36432
V125	0.08756	0.41706	0.45695	0	0.03843
V126	0.20891	0.15726	0.2091	0.11516	0.30957
V127	0.332	0	0.6121	0.02173	0.03416
V128	0.25163	0.70736	0	0	0.04101
V129	0.33115	0	0.25908	0.16874	0.24103
V130	0.07926	0.49525	0.02581	0.20571	0.19397
V131	0.04239	0	0.216	0.67466	0.06695
V132	0.40574	0	0	0.32815	0.26611
V133	0.0299	0.00359	0.56953	0.09568	0.30129
V134	0.10109	0	0.7778	0.00779	0.11332
V135	0.05672	0.04837	0.73775	0.01442	0.14273
V136	0.97715	0	0	0	0.02285
V137	0.94703	0.00539	0	0	0.04758
V138	0.30719	0.11818	0.07201	0.13931	0.36331
V139	0.15599	0	0.13857	0.63991	0.06553
V140	0.03318	0	0.15489	0.08111	0.73081
V141	0.0574	0.17765	0.63892	0.07752	0.0485
V142	0.25348	0	0.31162	0.13182	0.30309
V143	0.05552	0.15979	0.47688	0.13665	0.17116
V144	0.57161	0.19184	0.05182	0.09006	0.09468
V145	0.01468	0	0.92593	0	0.05939
V146	0.07756	0.33419	0	0.30249	0.28577
V147	0.14446	0.01137	0.68771	0.08898	0.06747
V148	0.20893	0.73566	0	0.00431	0.0511
V149	0.04015	0	0	0.83017	0.12968
V150	0.19878	0.14941	0.56235	0	0.08946
V151	0.4913	0	0	0.37246	0.13625
V152	0.04024	0	0.10043	0.72532	0.13401
V153	0.23158	0.14495	0.4427	0.03405	0.14672
V154	0.1716	0.57974	0.00645	0.0225	0.21971
V155	0.06731	0	0.1192	0.73688	0.07662
V156	0.13631	0	0.3963	0.15955	0.30784
V157	0.13295	0.00663	0.16951	0.29535	0.39556
V158	0.23676	0	0.42903	0.04542	0.28878
V159	0.16632	0.20226	0.00476	0.53987	0.08679
V160	0.5275	0.13375	0.08093	0.03277	0.22505
V161	0.25807	0	0.05925	0.05832	0.62436
V162	0.01573	0	0.94444	0	0.03983
V163	0.0654	0	0.0115	0.12254	0.80056
V164	0.95119	0.02638	0.00522	0	0.01722
V165	0.67162	0.18295	0.06514	0.01993	0.06035
V166	0.08051	0	0.22179	0.56898	0.12872
V167	0.08887	0.63107	1e-05	0.11077	0.16928
V168	0.01573	0	0.94444	0	0.03983
V169	0.11221	0.66068	0.12512	0.04996	0.05203
V170	0.30644	0.36514	0.03738	0.16215	0.12889
V171	0.38703	0.03905	0.34584	0.15285	0.07523
V172	0.23154	0.20748	0.06379	0.0468	0.45039
V173	0.27109	0.07334	0.08209	0.38461	0.18886
V174	0.25506	0	0.33245	0.19566	0.21683
V175	0.11491	0.12028	0.11686	0.20067	0.44728
V176	0.42326	0	0	0.52504	0.0517
V177	0.25294	0	0.55328	0.15205	0.04174
V178	0.35266	0	0.446	0.09585	0.10549
V179	0.11748	0	0.00474	0.0911	0.78667
V180	0.03976	0	0.35152	0.05105	0.55768
V181	0.10055	0.26799	0	0.09429	0.53718
V182	0.61956	0.19823	0	0.12058	0.06163
V183	0.12188	0.83519	0	0	0.04293
V184	0.37932	0	0.2702	0.29298	0.0575
V185	0.15542	0.4713	0.00823	0.13218	0.23286
V186	0.18209	0.16271	0.02289	0.25868	0.37362
V187	0.13534	0.64865	0	0.16423	0.05178
V188	0.89755	0	0.02311	0.05038	0.02896
V189	0.51957	0.21369	0.02069	0.20523	0.04082
V190	0.49468	0.02774	0.2058	0.01341	0.25838
V191	0.27346	0.19915	0	0.38367	0.14371
V192	0.39055	0.16299	0.11062	0.18935	0.14649
V193	0.11726	0.16905	0.51235	0.032	0.16933
V194	0.32364	0.0182	0.08441	0.12606	0.44769
V195	0.64193	0.13045	0.20675	0	0.02087
V196	0.01297	0	0.05674	0.12554	0.80475
V197	0.12317	0.8205	0	0.00652	0.0498
V198	0.28711	0.20519	0.02651	0.19832	0.28287
V199	0.8126	0	0.18065	0	0.00675
V200	0.81698	0	0.01299	0.00616	0.16387
V201	0.06348	0	0.01252	0.6916	0.2324
V202	0.94308	0.03231	0	0	0.02461
V203	0.59372	0.22625	0.0133	0.0335	0.13323
V204	0.4018	0.05308	0.03039	0.03333	0.48141
V205	0.15122	0	0.12053	0.12191	0.60633
V206	0.08857	0.07568	0	0.7304	0.10534
V207	0.0604	0	0	0.84298	0.09662
V208	0.21922	0.17986	0.45845	0.02893	0.11355
V209	0.19643	0	0.09651	0.08524	0.62182
V210	0.01023	0	0.94044	0	0.04933
V211	0.19731	0	0.20184	0.06827	0.53259
V212	0.11769	0.73019	0.04973	0.01764	0.08475
V213	0.12294	0	0.05275	0.29096	0.53336
V214	0.07507	0.52162	0.34727	0	0.05604
V215	0.31302	0.19791	0.12333	0.07996	0.28578
V216	0.08693	0	0.33714	0.07689	0.49904
V217	0.03359	0	0.0169	0.79433	0.15518
V218	0.12374	0.15674	0.27244	0.32231	0.12477
V219	0.18946	0.23765	0.36017	0.16797	0.04475
V220	0.24496	0.68805	0.0315	0	0.03549
V221	0.07895	0.01471	0.51222	0.02826	0.36587
V222	0.03033	0	0.00689	0.11465	0.84813
V223	0.5976	0	0.27857	0.08767	0.03616
V224	0.09045	0.541	0.00975	0.08204	0.27676
V225	0.75643	0.12643	0.10161	0	0.01554
V226	0.49832	0.47428	0	0	0.0274
V227	0.14532	0.24323	0	0.5243	0.08714
V228	0.66482	0	0.24075	0.04106	0.05337
V229	0.33737	0.36295	0.22774	0.01655	0.05539
V230	0.02623	0	0.00477	0.1155	0.8535
V231	0.11963	0.5896	0.03771	0.14171	0.11135
V232	0.84262	0	0.14871	0	0.00867
V233	0.08399	0	0.14962	0.1456	0.6208
V234	0.06844	0.35618	0.19136	0.3132	0.07081
V235	0.97606	0	0	0	0.02394
V236	0.11275	0	0.62388	0.17754	0.08584
V237	0.17863	0.03916	0.25773	0.31284	0.21164
V238	0.02371	0	0.0045	0.33056	0.64123
V239	0.11531	0.39448	0.03535	0.17185	0.28301
V240	0.12126	0.79402	0	0	0.08471
V241	0.10421	0.85141	0	0	0.04438
V242	0.08388	0.29624	0.27341	0.24878	0.09768
V243	0.54942	0	0.29592	0.01023	0.14443
V244	0.07657	0.39286	0.17277	0.08363	0.27417
V245	0.10483	0.84615	0.00497	0	0.04405
V246	0.65962	0.23479	0.01208	0	0.09351
V247	0.26097	0.04642	0.60337	0.02938	0.05986
V248	0.14908	0.59033	0.00735	0.01117	0.24208
V249	0.31836	0.02835	0.19903	0.10958	0.34468
V250	0.04384	0	0.65793	0.03986	0.25838
V251	0.27019	0	0.07921	0.55308	0.09753
V252	0.06116	0.07502	0.55127	0.14719	0.16536
V253	0.35487	0.53117	0.05542	0.01424	0.0443
V254	0.566	0.34466	0	0.04751	0.04183
V255	0.859	0.05076	0	0	0.09024
V256	0.09551	0.7348	0	0.00219	0.1675
V257	0.51113	0.26726	0.11786	0.01202	0.09172
V258	0.22043	0.30178	0.0325	0.39007	0.05522
V259	0.59277	0.23061	0.14404	0	0.03258
V260	0.32025	0	0.10251	0.11052	0.46673
V261	0.04539	0	0.50093	0.28975	0.16392
V262	0.94199	0	0.03699	0	0.02102
V263	0.84705	0.05402	0.00149	0.0719	0.02555
V264	0.12319	0.82049	0	0.01266	0.04366
V265	0.86604	0.05373	0.05834	0	0.02189
V266	0.02332	0	0.08193	0.11062	0.78414
V267	0.06754	0	0.00178	0.21858	0.7121
V268	0.26134	0.40244	0.11398	0.14522	0.07702
V269	0.14353	0.296	0.32846	0.16419	0.06781
V270	0.0836	0	0.02345	0.814	0.07895
V271	0.27574	0.66483	0	0	0.05943
V272	0.15958	0.76911	0.00255	0	0.06876
V273	0.34667	0	0.15875	0.31282	0.18176
V274	0.12976	0.01125	0.03849	0.24271	0.57779
V275	0.10241	0.67008	0.11667	0.05808	0.05277
V276	0.0272	0	0.68477	0.21837	0.06966
V277	0.42114	0	0.53701	0	0.04185
V278	0.03633	0	0.33474	0.45637	0.17256
V279	0.18567	0	0.00241	0.70037	0.11155
V280	0.24294	0	0.02911	0.58682	0.14113
V281	0.07422	0.20404	0.03256	0.61623	0.07296
V282	0.11291	0.84355	0	0	0.04354
V283	0.41531	0	0.09861	0.0485	0.43758
V284	0.05896	0.08635	0.53668	0.01129	0.30672
V285	0.55378	0.41121	0	0	0.03501
V286	0.11485	0	0.8254	0.01551	0.04424
V287	0.3096	0.02841	0.15911	0.28368	0.21919
V288	0.24763	0	0.6039	0	0.14847
V289	0.21433	0.20169	0.01129	0.51114	0.06154
V290	0.47845	0.40374	0.10075	0	0.01706
V291	0.4682	0.17998	0	0.30501	0.04682
V292	0.15939	0	0.40456	0.05481	0.38124
V293	0.03541	0.06295	0.8127	0.03079	0.05815
V294	0.01878	0	0.00894	0.10898	0.8633
V295	0.04484	0	0.31754	0.50728	0.13034
V296	0.87689	0.08024	0	0	0.04287
V297	0.03642	0	0.76815	0.11435	0.08107
V298	0.33758	0	0	0.51352	0.1489
V299	0.30995	0	0	0.63162	0.05843
V300	0.97936	0	0	0	0.02064
V301	0.9703	0	0	0	0.0297
V302	0.02691	0	0.00337	0.44255	0.52716
V303	0.1574	0.14454	0.20326	0.18535	0.30945
V304	0.23902	0	0.71589	0	0.04509
V305	0.26723	0.29687	0.07564	0.102	0.25826
V306	0.36908	0.58904	0	0	0.04188
V307	0.28792	0	0.24424	0.42372	0.04412
V308	0.28755	0	0.62692	0.04892	0.03662
V309	0.71763	0.03302	0.03791	0.092	0.11944
V310	0.0518	0	0.00922	0.17343	0.76554
V311	0.04543	0	0.0323	0.83085	0.09143
V312	0.13318	0.22615	0.23798	0.02103	0.38166
V313	0.10815	0.28279	0.00539	0.30805	0.29562
V314	0.1121	0	0.00063	0.40643	0.48084
V315	0.96159	0	0	0	0.03841
V316	0.16781	0.52503	0.2098	0.00921	0.08814
V317	0.46127	0.03172	0.47082	0	0.03619
V318	0.9193	0	0	0	0.0807
V319	0.15165	0.00176	0.81301	0	0.03358
V320	0.11366	0	0	0.80082	0.08552
V321	0.19432	0.30454	0.27439	0.16805	0.05869
V322	0.04788	0.22628	0.55632	0.03764	0.13187
V323	0.3196	0.17468	0.40554	0.00031	0.09986
V324	0.08372	0.01302	0.03837	0.7815	0.08337
V325	0.69815	0.07303	0.06813	0.08421	0.07649
V326	0.06961	0	0.05447	0.1949	0.68103
V327	0.38914	0.4501	0.08105	0	0.07971
V328	0.09873	0.26601	0.14614	0.42215	0.06696
V329	0.04111	0.00503	0.38495	0.50178	0.06714
V330	0.1114	0	0.81541	0	0.07318
V331	0.17199	0	0.08781	0.13887	0.60133
V332	0.54558	0	0.41403	0	0.04039
V333	0.48056	0	0.28238	0.13506	0.10201
V334	0.08757	0.24821	0.52821	0.06129	0.07472
V335	0.7842	0.02332	0.06806	0.01266	0.11176
V336	0.21793	0.5303	0.21564	0	0.03614
V337	0.02069	0	0.01383	0.22642	0.73907
V338	0.77807	0	0.12785	0	0.09408
V339	0.26477	0.49666	0.14915	0	0.08941
V340	0.06505	0.14451	0.11026	0.10121	0.57897
V341	0.06836	0.45421	0.3944	0	0.08304
V342	0.36791	0.10541	0.418	0.07877	0.02991
V343	0.74373	0	0.2454	0	0.01087
V344	0.15764	0.71643	0.01798	0.00524	0.1027
V345	0.26953	0.0203	0.00125	0.29976	0.40916
V346	0.08332	0.28442	0.29318	0.26373	0.07535
V347	0.13823	0.49716	0.00693	0.27575	0.08192
V348	0.05297	0.09913	0.44089	0.23724	0.16978
V349	0.11223	0.26868	0.50275	0	0.11634
V350	0.16555	0.39634	0.0663	0.21098	0.16083
V351	0.23175	0	0.4161	0.29662	0.05554
V352	0.16193	0.50011	0.30344	0	0.03451
V353	0.31074	0.31021	0.02411	0.04919	0.30574
V354	0.62669	0	0.36388	0	0.00943
V355	0.12564	0	0.31825	0.49653	0.05959
V356	0.12668	0	0.80741	0.00065	0.06526
V357	0.07423	0	0.52215	0.04554	0.35809
V358	0.0719	0.00374	0.03121	0.80568	0.08748
V359	0.10133	0.08732	0.00269	0.73417	0.07449
V360	0.77523	0.01335	0.07547	0.11127	0.02469
V361	0.39388	0.44303	0.06385	0	0.09924
V362	0.85234	0	0.07186	0	0.0758
V363	0.05534	0.00545	0.00948	0.21242	0.71731
V364	0.08656	0.27121	0.01395	0.41712	0.21117
V365	0.04004	0	0.00381	0.84279	0.11335
V366	0.2687	0	0.57967	0.04516	0.10647
V367	0.29191	0.19062	0.19036	0.15336	0.17374
V368	0.80092	0.05184	0.10396	0	0.04329
V369	0.09692	0.61594	0.19793	0.04942	0.03979
V370	0.05949	0.13255	0.11772	0.3693	0.32094
V371	0.11224	0.83255	0.01971	0	0.03551
V372	0.72243	0.03232	0.126	0.07728	0.04198
V373	0.1753	0.61992	0.09893	0.06219	0.04366
V374	0.15105	0.0033	0.37218	0.42352	0.04994
V375	0.36353	0	0.56409	0.04471	0.02767
V376	0.01896	0	0.40707	0.05381	0.52016
V377	0.14561	0.47962	0.17838	0.14988	0.0465
V378	0.18908	0.5183	0.14623	0	0.14639
V379	0.03925	0	0.10922	0.14376	0.70777
V380	0.05299	0.01891	0.17043	0.5057	0.25197
V381	0.188	0.0239	0.00619	0.07595	0.70596
V382	0.46063	0	0	0.28241	0.25696
V383	0.06321	0	0.25455	0.62023	0.062
V384	0.35911	0.00702	0.15495	0.39168	0.08725
V385	0.11935	0.07912	0.00617	0.07993	0.71543
V386	0.70972	0	0	0.25669	0.0336
V387	0.32491	0	0	0.59669	0.07839
V388	0.11207	0.79307	0.01086	0.03495	0.04905
V389	0.17912	0.72887	0	0.00923	0.08279
V390	0.21879	0	0	0.63695	0.14426
V391	0.75816	0.12282	0	0.04435	0.07467
V392	0.96989	0.01119	0	0	0.01892
V393	0.14341	0	0.14127	0.52205	0.19327
V394	0.76882	0	0.00934	0.12477	0.09707
V395	0.026	0	0.35908	0.54646	0.06846
V396	0.61334	0	0.3709	0	0.01577
V397	0.7342	0.10957	0.0211	0.07885	0.05628
V398	0.09425	0	0.15209	0.62307	0.13059
V399	0.07038	0.00478	0.00025	0.31568	0.60891
V400	0.2275	0.499	0.1279	0.10901	0.0366
V401	0.3788	0	0.59113	0.00368	0.02639
V402	0.44644	0	0.4176	0.04565	0.09031
V403	0.19323	0.05252	0	0.18014	0.5741
V404	0.03758	0.0037	0.48538	0.37947	0.09386
V405	0.41311	0.23497	0.05432	0.18529	0.11231
V406	0.042	0	0.9075	0	0.05051
V407	0.93327	0.01196	0.0244	0.00758	0.02278
V408	0.07905	0.36621	0	0.25	0.30474
V409	0.14854	0	0.05164	0.6528	0.14702
V410	0.1767	0.09776	0.31785	0.05881	0.34888
V411	0.0199	0	0.00082	0.11871	0.86057
V412	0.05075	0.12283	0.13136	0.08038	0.61468
V413	0.06969	0.23492	0.14143	0.35131	0.20265
V414	0.08007	0.0658	0	0.47492	0.37921
V415	0.19102	0	0	0.07882	0.73016
V416	0.14632	0.06526	0.01966	0.19273	0.57603
V417	0.02437	0	0.7595	0.11794	0.09819
V418	0.5939	0.35648	0.00376	0	0.04586
V419	0.29702	0	0.01497	0.15936	0.52865
V420	0.27014	0	0.09241	0.08754	0.54991
V421	0.01569	0	0.13115	0.12093	0.73223
V422	0.04886	0	0.04401	0.69824	0.20889
V423	0.36442	0.1536	0.26447	0.16384	0.05368
V424	0.01185	0	0.4958	0.03577	0.45658
V425	0.39255	0.34934	0	0.00867	0.24944
V426	0.29757	0.15881	0.01037	0.41935	0.1139
V427	0.26211	0.58936	0.1186	0	0.02992
V428	0.15384	0.62299	0.05186	0.0659	0.1054
V429	0.17828	0.72865	0	0.03443	0.05864
V430	0.05529	0	0.40635	0.20689	0.33147
V431	0.17413	0.34716	0.17711	0.21777	0.08383
V432	0.37316	0.02943	0.11664	0.32463	0.15613
V433	0.24495	0	0.49425	0.2032	0.05761
V434	0.30843	0.24918	0.34609	0	0.09629
V435	0.63744	0.00061	0.33324	0.00046	0.02826
V436	0.11541	0.57537	0.08025	0.04161	0.18737
V437	0.2359	0	0.02407	0.20857	0.53146
V438	0.19538	0.28122	0.17965	0.25116	0.09259
V439	0.66851	0	0.02738	0.26014	0.04397
V440	0.06869	0.32105	0.53071	0	0.07955
V441	0.08668	0.51339	0.34944	0.00543	0.04505
V442	0.11336	0.84943	0	0	0.03721
V443	0.96564	0	0	0.00952	0.02484
V444	0.21415	0.41455	0.01436	0.28468	0.07226
V445	0.12076	0.39666	0.0252	0.39049	0.06689
V446	0.16157	0	0.09636	0.5565	0.18557
V447	0.09677	0	0.00564	0.47425	0.42334
V448	0.19771	0	0.01429	0.09054	0.69746
V449	0.01573	0	0.94444	0	0.03983
V450	0.26941	0.05113	0.24205	0.14108	0.29632
V451	0.33919	0.17248	0.04949	0.30899	0.12985
V452	0.0431	0	0.14932	0.70002	0.10757
V453	0.04384	0	0	0.48844	0.46772
V454	0.0224	0	0.68932	0.03104	0.25723
V455	0.10774	0.20413	0.27221	0.0617	0.35422
V456	0.95408	0	0	0	0.04592
V457	0.72119	0.17815	0.01989	0.02628	0.05449
V458	0.07126	0.33446	0.48449	0.03549	0.0743
V459	0.18837	0.03052	0.05036	0.4814	0.24936
V460	0.752	0.00131	0.17733	0.02999	0.03937
V461	0.25112	0.27961	0.22577	0.01281	0.2307
V462	0.09186	0.05516	0.01142	0.51051	0.33106
V463	0.27409	0.03089	0.00716	0.6213	0.06657
V464	0.22214	0.13671	0.60683	0	0.03432
V465	0.07143	0.08081	0.01533	0.10146	0.73097
V466	0.03918	0	0	0.1849	0.77592
V467	0.10927	0.23723	0.0135	0.50665	0.13335
V468	0.61234	0.26513	0.08544	0	0.03709
V469	0.06352	0.31915	0.04779	0.27326	0.29628
V470	0.88439	0.02718	0.01582	0.04342	0.02919
V471	0.45364	0.26981	0.01336	0.11859	0.1446
V472	0.02827	0.00683	0.04768	0.1	0.81721
V473	0.07641	0.19115	0.23333	0.30535	0.19376
V474	0.35892	0.10568	0.05065	0.40427	0.08047
V475	0.21048	0	0.58289	0.02272	0.18391
V476	0.21244	0	0.0936	0.58475	0.10922
V477	0.10446	0.85751	0	0	0.03803
V478	0.20881	0	0	0.07619	0.715
V479	0.88565	0.02689	0.02281	0.03599	0.02866
V480	0.19826	0.62398	0.03354	0.08034	0.06387
V481	0.3066	0.34569	0.04616	0.15759	0.14397
V482	0.1699	0.63732	0.1535	0	0.03927
V483	0.37078	0.4859	0	0.07074	0.07258
V484	0.28394	0.4833	0.09187	0.09347	0.04743
V485	0.72973	0.04304	0.1001	0.08488	0.04225
V486	0.10459	0.0403	0.30351	0.04133	0.51026
V487	0.19468	0.08542	0.39726	0.27327	0.04937
V488	0.47567	0.03738	0	0.31372	0.17323
V489	0.04643	0.18762	0.65686	0.0531	0.05599
V490	0.02657	0	0.73414	0.18602	0.05327
V491	0.08337	0.45647	0.03586	0.10681	0.31749
V492	0.0795	0.11859	0.02624	0.68328	0.09238
V493	0.04775	0	0.00022	0.85428	0.09776
V494	0.37359	0	0.00308	0.50777	0.11556
V495	0.40302	0.18527	0.19206	0.1391	0.08054
V496	0.17498	0.00047	0.05707	0.07269	0.69478
V497	0.13904	0	0.14914	0.15267	0.55914
V498	0.13115	0.81017	0.00325	0	0.05543
V499	0.08338	0.20292	0.25395	0.08423	0.37552
V500	0.1695	0.46812	0.08899	0.18404	0.08936
V501	0.11508	0.31504	0.00717	0.05334	0.50937
V502	0.19012	0.75034	0.01768	0.0026	0.03926
V503	0.51327	0	0.18799	0.1276	0.17114
V504	0.54175	0.17672	0	0.01	0.27153
V505	0.68118	0	0.00895	0.07898	0.23089
V506	0.07501	0.51558	0.0522	0.02583	0.33138
V507	0.88266	0	0.01257	0.05902	0.04576
V508	0.08496	0.61223	0.18263	0.0207	0.09947
V509	0.10788	0.44376	0.12079	0.17479	0.15278
V510	0.46747	0.45968	0.02471	0.01179	0.03634
V511	0.11406	0.28031	0.49125	0.0204	0.09398
V512	0.2112	0.43794	0.15191	0.03597	0.16298
V513	0.22919	0.64326	0.04824	0.01867	0.06064
V514	0.02094	0	0.22326	0.1046	0.65121
V515	0.12545	0.1046	0	0.6983	0.07166
V516	0.22321	0.33927	0.09117	0.28998	0.05637
V517	0.0601	0.00331	0.04916	0.80085	0.08658
V518	0.48526	0	0.29698	0.16112	0.05664
V519	0.83996	0.03221	0	0.09514	0.03269
V520	0.13258	0.79814	0	0.02636	0.04292
V521	0.25499	0	0.11565	0.57036	0.059
V522	0.09287	0.15677	0.55568	0.11737	0.07732
V523	0.20447	0.00053	0.73309	0.02071	0.0412
V524	0.40223	0	0.52664	0	0.07113
V525	0.04545	0.19001	0.03017	0.08059	0.65378
V526	0.07059	0	0.85525	0.0042	0.06996
V527	0.13701	0.45155	0.36008	0	0.05137
V528	0.19376	0	0.00806	0.73049	0.06769
V529	0.26326	0	0.6998	0	0.03694
V530	0.04206	0	0.86238	0.03121	0.06435
V531	0.23683	0.4974	0.06982	0.008	0.18796
V532	0.10898	0.23901	0.28862	0.01634	0.34706
V533	0.3122	0	0	0.06019	0.62761
V534	0.17863	0.04092	0	0.69044	0.09
V535	0.85543	0.09147	0.0361	0	0.01701
V536	0.18027	0.14578	0.37565	0.03569	0.26261
V537	0.03872	0	0.02019	0.10309	0.838
V538	0.68622	0.08142	0	0.02268	0.20967
V539	0.05083	0.10821	0.64883	0.08837	0.10375
V540	0.22385	0.45283	0.07182	0.04309	0.20841
V541	0.07673	0.40023	0.01413	0.06095	0.44796
V542	0.09073	0.32021	0.09814	0.38745	0.10346
V543	0.1086	0.05939	0.67379	0.03541	0.12281
V544	0.41293	0.16291	0.16551	0.0561	0.20255
V545	0.65913	0.32134	0	0	0.01953
V546	0.12636	0.73754	0.05689	0	0.07922
V547	0.14928	0.72579	0	0.06441	0.06052
V548	0.05256	0.03786	0.00707	0.81073	0.09178
V549	0.02069	0	0.02181	0.24053	0.71698
V550	0.09959	0.79261	0.06527	0	0.04253
V551	0.04822	0	0	0.85901	0.09276
V552	0.26436	0	0.01446	0.09409	0.62709
V553	0.82641	0	0.00281	0.10853	0.06225
V554	0.16272	0.00126	0.48328	0.29346	0.05928
V555	0.10288	0.84123	0	0	0.05589
V556	0.12971	0.02116	0.05214	0.68556	0.11142
V557	0.37396	0.22253	0.02253	0.2986	0.08238
V558	0.02978	0	0.771	0.13203	0.0672
V559	0.15411	0.38834	0.4028	0	0.05476
V560	0.6766	0.20301	0.10863	0	0.01176
V561	0.76258	0	0.11122	0	0.1262
V562	0.16819	0.01829	0.15771	0.13481	0.521
V563	0.27907	0.23539	0.18902	0.10142	0.19511
V564	0.40872	0	0.05037	0.32854	0.21237
V565	0.01869	0	0.01572	0.13917	0.82642
V566	0.35819	0.11659	0.01834	0.3038	0.20308
V567	0.03365	0	0.92334	0	0.04301
V568	0.07519	0.19184	0.41311	0.2726	0.04725
V569	0.69927	0.06376	0.09235	0.08842	0.05619
V570	0.18137	0	0.27022	0.43656	0.11185
V571	0.31564	0	0.2158	0.31923	0.14933
V572	0.86999	0	0	0	0.13001
V573	0.12611	0.02728	0.33372	0.36665	0.14623
V574	0.58344	0.25804	0.05733	0.05608	0.04512
V575	0.42968	0	0.11294	0.06762	0.38975
V576	0.10212	0.81415	0	0	0.08374
V577	0.46732	0.45964	0.01716	0.01915	0.03672
V578	0.06695	0.12234	0.51018	0.20921	0.09133
V579	0.07313	0.49275	0.29279	0.01046	0.13088
V580	0.27158	0.51002	0	0.15945	0.05895
V581	0.10599	0.45902	0.33833	0.05213	0.04454
V582	0.02912	0	0.92857	0	0.04231
V583	0.67968	0	0.30333	0	0.01699
V584	0.28262	0.47508	0.08476	0.01559	0.14195
V585	0.10743	0.73147	0.04214	0.03297	0.08599
V586	0.09505	0.73668	0.13103	0	0.03724
V587	0.10973	0.65508	0	0.02317	0.21201
V588	0.28946	0.3615	0.3226	0	0.02644
V589	0.15473	0.38828	0.0322	0.35475	0.07004
V590	0.10606	0.73405	0	0.00108	0.15881
V591	0.50471	0.45031	0.01738	0	0.0276
V592	0.02967	0	0.7556	0.02914	0.18559
V593	0.46532	0	0	0.44674	0.08794
V594	0.03798	0.08486	0.65212	0.13433	0.09071
V595	0.59619	0.0082	0.05597	0.27203	0.06761
V596	0.53129	0.15497	0.18385	0.0835	0.04639
V597	0.05783	0.17824	0.00378	0.16172	0.59843
V598	0.63749	0	0	0.01241	0.3501
V599	0.13065	0.38251	0.07592	0.33445	0.07647
V600	0.33366	0	0.16854	0.35587	0.14193
V601	0.19009	0.07398	0.00029	0.46411	0.27153
V602	0.84805	0.13376	0	0	0.01818
V603	0.17553	0.11901	0.02543	0.16921	0.51083
V604	0.04037	0	0.70658	0.09831	0.15473
V605	0.05543	0.03284	0.13484	0.13218	0.6447
V606	0.86397	0	0	0	0.13603
V607	0.2071	0.08627	0.01888	0.06907	0.61869
V608	0.80997	0	0.01923	0.05728	0.11351
V609	0.24332	0.28909	6e-04	0.35524	0.11175
V610	0.14415	0.62153	0	0.18233	0.052
V611	0.33539	0	0.58828	0	0.07633
V612	0.45695	0.00495	0.30036	0.00918	0.22856
V613	0.46129	0.4909	0.01758	0	0.03023
V614	0.60517	0	0.0114	0.07798	0.30545
V615	0.04734	0.06456	0.12866	0.55936	0.20007
V616	0.71945	0	0.12412	0.1022	0.05422
V617	0.29259	0.02599	0.45386	0.07855	0.14902
V618	0.78004	0.06133	0.05147	0	0.10716
V619	0.62394	0.00453	0.14289	0.00079	0.22784
V620	0.08092	0	0.34584	0.51022	0.06302
V621	0.19476	0.19234	0.28658	0.00982	0.3165
V622	0.05513	0.18088	0.34852	0.0322	0.38326
V623	0.10197	0	0	0.66995	0.22808
V624	0.92492	0	0	0	0.07508
V625	0.05032	0.03323	0.09229	0.74287	0.08129
V626	0.11287	0	0.54369	0.27598	0.06747
V627	0.14998	0.13168	0.11599	0.07072	0.53163
V628	0.97545	0	0	0	0.02455
V629	0.17886	0.19541	0.58687	0	0.03885
V630	0.04366	0.16851	0.02227	0.09308	0.67248
V631	0.01319	0	0.27768	0.07453	0.63461
V632	0.10593	0.72684	0	0.02077	0.14646
V633	0.08448	0	0.08211	0.52572	0.30769
V634	0.46256	0.40016	0.11788	0	0.0194
V635	0.07063	0.07621	0.19106	0.07393	0.58817
V636	0.26294	0.13454	0.29693	0.16894	0.13665
V637	0.26672	0	0.39181	0.22657	0.11489
V638	0.12913	0.4515	0.01024	0.0892	0.31994
V639	0.56877	0.35572	0.05415	0	0.02135
V640	0.15799	0.16485	0.07565	0.24081	0.3607
V641	0.15801	0.68238	0.00336	0.09564	0.06061
V642	0.79156	0.00447	0	0.17367	0.03029
V643	0.11229	0.80443	0.04201	0	0.04126
V644	0.09946	0.41604	0.00986	0.39213	0.08251
V645	0.21878	0.69687	0	0.04532	0.03902
V646	0.19463	0.50628	0.01312	0.18918	0.0968
V647	0.95273	0	0	0.02262	0.02464
V648	0.50541	0.07949	0	0.24742	0.16769
V649	0.32783	0.06196	0.07356	0.12775	0.40891
V650	0.0558	0	0.04798	0.81629	0.07993
V651	0.19972	0.1841	0	0.55701	0.05917
V652	0.41506	0	0.0201	0.50287	0.06197
V653	0.39993	0	0.03871	0.47879	0.08256
V654	0.05873	0.06048	0.00043	0.14091	0.73945
V655	0.21734	0.01578	0.29307	0.41892	0.05489
V656	0.14178	0	0	0.1656	0.69262
V657	0.09079	0.47218	0.01723	0.2839	0.13591
V658	0.06591	0.00189	0.03098	0.60474	0.29649
V659	0.05434	0	0.07254	0.74459	0.12853
V660	0.10504	0.32636	0.01448	0.07371	0.48041
V661	0.10045	0.62919	0	0.14346	0.12689
V662	0.07916	0.42954	0.01394	0.03476	0.4426
V663	0.98224	0	0	0	0.01776
V664	0.04131	0	0.1108	0.4172	0.43069
V665	0.08531	0.60342	0.18265	0.05551	0.07312
V666	0.1498	0.79671	0.01834	0	0.03515
V667	0.08931	0.52214	0.23408	0.07399	0.08047
V668	0.69075	0.20863	0.03419	0.02421	0.04221
V669	0.52689	0.28199	0.01255	0.06257	0.116
V670	0.1507	0.60337	0.02927	0.02591	0.19075
V671	0.81589	0	0.16096	0	0.02314
V672	0.136	0.04177	0.08963	0.32312	0.40947
V673	0.02957	0	0.00377	0.18745	0.77921
V674	0.43707	0.05347	0.46124	0	0.04822
V675	0.73886	0	0.02137	0.1217	0.11807
V676	0.32254	0.05886	0.477	0	0.1416
V677	0.09496	0.24706	0.20667	0.34937	0.10193
V678	0.09135	0.30551	0.00804	0.07379	0.5213
V679	0.03858	0	0.44891	0.44955	0.06295
V680	0.20366	0	0.01034	0.36257	0.42342
V681	0.59285	0	0.03235	0.26306	0.11174
V682	0.01573	0	0.94444	0	0.03983
V683	0.112	0.14042	0.61847	0	0.12912
V684	0.0964	0	0	0.82216	0.08144
V685	0.03032	0	0.83473	0.08388	0.05106
V686	0.33988	0.57034	0.04743	0	0.04234
V687	0.01931	0	0.57493	0.33806	0.0677
V688	0.01434	0	0.92891	0	0.05675
V689	0.57461	0.01597	0.18143	0.08558	0.14241
V690	0.16088	0.79284	0	0	0.04628
V691	0.19615	0.10526	0.03883	0.57345	0.08632
V692	0.11294	0	0.01017	0.72658	0.15032
V693	0.0715	0.47524	0.401	0.00636	0.04589
V694	0.13974	0.17179	0.0303	0.54024	0.11792
V695	0.17152	0.08606	0.14554	0.06161	0.53527
V696	0.15187	0	0.71928	0	0.12885
V697	0.15562	0.07418	0.30811	0.32038	0.14171
V698	0.03014	0	0.18096	0.08613	0.70277
V699	0.0698	0	0.04197	0.64274	0.24548
V700	0.11756	0.75686	0.04822	0	0.07736
V701	0.04359	0.16905	0.01423	0.08672	0.68641
V702	0.06457	0.09875	0.00316	0.6386	0.19492
V703	0.05425	0	0.0204	0.83301	0.09233
V704	0.07838	0.01584	0.40351	0.05086	0.45141
V705	0.95581	0	0	0	0.04419
V706	0.21135	0.11975	0.14829	0.40378	0.11682
V707	0.19112	0.09664	0.06761	0.28059	0.36404
V708	0.07707	0.54986	0.33944	0	0.03363
V709	0.0219	0	0.03593	0.10331	0.83887
V710	0.17175	0	0.47788	0.01173	0.33864
V711	0.07237	0	0.01682	0.11207	0.79873
V712	0.09183	0	0.68898	0.16357	0.05562
V713	0.31577	0.38314	0.2766	0	0.0245
V714	0.0661	0	0	0.1021	0.8318
V715	0.05176	0.24613	0.57688	0.07644	0.04879
V716	0.78209	0.15822	0	0.01763	0.04206
V717	0.46814	0.13681	0.10949	0.02281	0.26275
V718	0.72347	0	0.23068	0	0.04585
V719	0.47227	0.21126	0.08775	0.093	0.13572
V720	0.16497	0.00947	0.09222	0.09869	0.63465
V721	0.04027	0	0.04752	0.11349	0.79873
V722	0.07082	0.21895	0.04927	0.46218	0.19879
V723	0.16621	0.1964	0.09869	0.46517	0.07352
V724	0.18774	0.62192	0.01836	0.12492	0.04706
V725	0.0421	0	0.00611	0.10467	0.84712
V726	0.28286	0.47242	0.03603	0.04291	0.16577
V727	0.02587	0	0.9195	0	0.05463
V728	0.83833	0	0.10189	0.03364	0.02614
V729	0.67412	0.08471	0.01435	0.18967	0.03715
V730	0.16699	0	0.36806	0.36446	0.10049
V731	0.04203	0	0.05538	0.82017	0.08242
V732	0.04813	0	6e-04	0.86027	0.091
V733	0.05814	0	0.89272	0	0.04914
V734	0.58354	0.04386	0.32712	0.00973	0.03575
V735	0.11284	0.13285	0.21594	0.06216	0.47621
V736	0.02987	0.02014	0.01249	0.1035	0.834
V737	0.98226	0	0	0	0.01774
V738	0.06992	0.44858	0.00609	0.04233	0.43308
V739	0.05639	0	0	0.85297	0.09064
V740	0.272	0.05146	0.10429	0.05644	0.51582
V741	0.56279	0	0	0.28529	0.15192
V742	0.11066	0	0.5291	0.16996	0.19028
V743	0.05582	0.02327	0.07846	0.17485	0.6676
V744	0.25688	0.0282	0.15873	0.46954	0.08666
V745	0.21949	0	0.03858	0.67331	0.06862
V746	0.4179	0.51045	0.01679	0	0.05487
V747	0.05806	0	0.88274	0	0.0592
V748	0.22263	0.18089	0.2658	0.06233	0.26835
V749	0.24644	0.07343	0.11078	0.40367	0.16568
V750	0.79612	0.16339	0	0.01527	0.02523
V751	0.08302	0.3394	0.53313	0	0.04445
V752	0.05024	0.11426	0.02396	0.09123	0.72031
V753	0.62955	0.01324	0.22269	0.008	0.12652
V754	0.17252	0.30419	0	0.46138	0.06191
V755	0.29129	0.66024	0.01643	0	0.03203
V756	0.04935	0.09168	0.02382	0.13357	0.70158
V757	0.21737	0	0.081	0.63795	0.06368
V758	0.12236	0.41163	0	0.40397	0.06204
V759	0.12517	0	0.10452	0.07354	0.69677
V760	0.11713	0	0.20986	0.27666	0.39635
V761	0.1055	0.2159	0.64066	0	0.03794
V762	0.04894	0.00817	0.17274	0.41413	0.35603
V763	0.06352	0.26345	0.003	0.06378	0.60626
V764	0.16679	0.03045	0.07654	0.65067	0.07555
V765	0.22247	0	0.63204	0.02993	0.11556
V766	0.12919	0.46326	0.21966	0.03612	0.15178
V767	0.33718	0.44851	0.04315	0.03029	0.14087
V768	0.12182	0.7852	0.02572	0.01953	0.04775
V769	0.80155	0	0.15342	0	0.04503
V770	0.3717	0	0.46754	0.12464	0.03612
V771	0.12531	0.68596	0	0.06845	0.12028
V772	0.0784	0	0.88683	0	0.03478
V773	0.0444	0	0	0.23934	0.71625
V774	0.1995	0	0.52026	0.00154	0.2787
V775	0.94088	0	0.00182	0.02286	0.03444
V776	0.42418	0.39145	0.13131	0	0.05306
V777	0.28169	0.3512	0.21614	0.07752	0.07345
V778	0.59992	0.02946	0.00197	0.19228	0.17637
V779	0.11993	0.37923	0.45533	0	0.04551
V780	0.03456	0	0.92706	0	0.03838
V781	0.23855	0.28823	0.15987	0.00797	0.30538
V782	0.29077	0.22403	0.01199	0.0364	0.43681
V783	0.0109	0	0.63706	0.0406	0.31144
V784	0.08879	0.5876	0	0.2074	0.1162
V785	0.761	0.10413	0	0.06543	0.06944
V786	0.22433	0.17979	0.00384	0.51563	0.07642
V787	0.19548	0.56003	0	0.14983	0.09466
V788	0.439	0.38395	0.04939	0	0.12766
V789	0.05009	0.14346	0.00343	0.40932	0.3937
V790	0.34834	0.20489	0.05032	0.11373	0.28272
V791	0.23747	0.19773	0.06247	0.19617	0.30616
V792	0.96424	0	0.00971	0	0.02604
V793	0.3961	0.24516	0.03924	0.08629	0.23321
V794	0.03856	0	0.10462	0.23503	0.62179
V795	0.18773	0.76634	0	0	0.04593
V796	0.36351	0.38154	0.08431	0.11177	0.05887
V797	0.1662	0	0	0.09868	0.73512
V798	0.18886	0.48959	0	0.08131	0.24024
V799	0.07988	0.14014	0.04205	0.62717	0.11075
V800	0.04739	0	0.01413	0.19741	0.74106
V801	0.43781	0	0.10313	0.39094	0.06812
V802	0.06865	0.1892	0.01227	0.07931	0.65056
V803	0.36773	0	0	0.55636	0.0759
V804	0.26443	0.13145	0.18394	0.33347	0.0867
V805	0.20649	0.09834	0.42139	0.15109	0.12269
V806	0.54623	0	0.17623	0.05573	0.22181
V807	0.77769	0	0.04366	0.03197	0.14667
V808	0.87699	0	0.02919	0	0.09382
V809	0.26022	0.57806	0.00341	0.01669	0.14161
V810	0.06456	0.0338	0.03878	0.47691	0.38595
V811	0.08534	0.07873	0.02194	0.16911	0.64489
V812	0.08737	0.62864	0.16361	0.05397	0.06641
V813	0.06942	0.20118	0.21417	0.03745	0.47778
V814	0.26249	0.51952	0.04243	0.11915	0.0564
V815	0.29034	0.63635	0.00894	0.02256	0.04181
V816	0.08291	0.48952	0	0.34599	0.08158
V817	0.85527	0	0.12805	0	0.01668
V818	0.08037	0.18119	0.348	0.05156	0.33889
V819	0.9734	0	0.00311	0	0.0235
V820	0.12752	0.34202	0.10434	0.3488	0.07732
V821	0.01992	0	0.00117	0.11071	0.8682
V822	0.23793	0	0.00424	0.69343	0.0644
V823	0.08058	0.05319	0.23169	0.05398	0.58055
V824	0.10078	0.00433	0.0257	0.09065	0.77854
V825	0.18904	0	0.62234	0.1523	0.03632
V826	0.06293	0	0.89556	9e-04	0.04061
V827	0.40971	0.11924	0	0.34179	0.12926
V828	0.30563	0.11848	0.0993	0.08003	0.39656
V829	0.13692	0.05125	0.30338	0.19083	0.31762
V830	0.18977	0	0.67075	0.00712	0.13235
V831	0.09507	0.69942	0.02781	0.11423	0.06347
V832	0.24907	0	0.05607	0.26601	0.42886
V833	0.24272	0.69759	0	0	0.05969
V834	0.79697	0.11051	0.02105	0.00047	0.07101
V835	0.31829	0.2619	0.07346	0.23574	0.1106
V836	0.45441	0.02524	0.41674	0.06959	0.03402
V837	0.09989	0.77879	0	0.02122	0.10009
V838	0.03323	0	0.06768	0.81007	0.08902
V839	0.06389	0.00284	0.08078	0.0885	0.76399
V840	0.9607	0	0.01249	0	0.0268
V841	0.26963	0	0.70112	0	0.02925
V842	0.60748	0.00519	0.18681	0.15925	0.04127
V843	0.5246	0	0.12862	0.07256	0.27422
V844	0.05241	0.13039	0.75129	0.0032	0.06271
V845	0.05415	0	0	0.60989	0.33597
V846	0.15294	0.0092	0.10172	0.12343	0.61271
V847	0.25111	0	0.0428	0.17065	0.53544
V848	0.79746	0.00365	0	0.06899	0.1299
V849	0.18983	0	0.69714	0	0.11303
V850	0.27623	0	0.28401	0.15861	0.28115
V851	0.97424	0	0	0	0.02576
V852	0.30138	0.02871	0.07541	0.19475	0.39976
V853	0.07458	0.0847	0.60209	0.12637	0.11226
V854	0.0947	0.32989	0.23347	0.08172	0.26023
V855	0.16419	0.36409	0.07573	0.27853	0.11746
V856	0.21644	0.37778	0.04225	0.01626	0.34728
V857	0.1235	0.00683	0.16825	0.42805	0.27337
V858	0.07403	0.32845	0.17633	0.20329	0.2179
V859	0.17901	0	0.0129	0.71157	0.09653
V860	0.08925	0.11842	0.0595	0.616	0.11683
V861	0.19538	0	0.11841	0.62166	0.06455
V862	0.08979	0	0.01723	0.17199	0.721
V863	0.10342	0.83853	0	0	0.05805
V864	0.05758	0	0.85839	0.04392	0.04011
V865	0.11419	0	0.6181	0.22598	0.04173
V866	0.07024	0.00129	0.64088	0.21884	0.06876
V867	0.64829	0	0	0.01143	0.34029
V868	0.29861	0.18824	0.37636	0.0847	0.05209
V869	0.0251	0	0.02094	0.11227	0.84169
V870	0.33841	0.14054	0.0689	0.23437	0.21778
V871	0.06745	0.02217	0.10576	0.16049	0.64413
V872	0.45415	0.01056	0.00421	0.44178	0.0893
V873	0.11182	0.30151	0.13524	0.3431	0.10833
V874	0.1272	0.02549	0.0076	0.09393	0.74578
V875	0.05453	0.16356	0.01828	0.48553	0.2781
V876	0.5521	0.0287	0.05144	0.02604	0.34171
V877	0.29255	0.58907	0.01704	0.05316	0.04817
V878	0.09256	0.65512	0.02176	0.17104	0.05952
V879	0.95142	0.01561	0.00427	0	0.0287
V880	0.12662	0.05372	0.02687	0.43873	0.35406
V881	0.02324	0	0.53952	0.02741	0.40983
V882	0.10273	0.4523	0.00191	0.38806	0.05501
V883	0.57682	0.14862	0	0.15348	0.12109
V884	0.01587	0	0	0.11997	0.86416
V885	0.22747	0.02622	0.3856	0.11574	0.24497
V886	0.01746	0	0.02747	0.28778	0.6673
V887	0.14873	0.79274	0	0	0.05853
V888	0.10979	0.0745	0.0511	0.64712	0.1175
V889	0.17984	0.75259	0.01731	0	0.05026
V890	0.06817	0	0.132	0.63164	0.16819
V891	0.02934	0	0.92576	0	0.0449
V892	0.65588	0.20805	0.00586	0	0.13021
V893	0.20583	0.14423	0.49635	0.06095	0.09264
V894	0.16041	0.50111	0.0297	0.22368	0.0851
V895	0.73808	0	0.24076	0	0.02116
V896	0.27885	0.18891	0.21776	0.2683	0.04618
V897	0.03144	0	0.03276	0.74597	0.18984
V898	0.45113	0	0.00041	0.05826	0.49019
V899	0.62159	0.27259	0.06216	0	0.04366
V900	0.32803	0.19967	0.25363	0.16419	0.05448
V901	0.73323	0.0221	0	0.15018	0.09449
V902	0.90065	0.01824	0.0094	0.01305	0.05866
V903	0.34342	0.0403	0.06188	0.47021	0.08419
V904	0.77908	0.06042	0.13434	0	0.02616
V905	0.07429	0.29787	0.05606	0.32249	0.24929
V906	0.21111	0.00092	0.46492	0.07835	0.24469
V907	0.77548	0.08068	0.0508	0.03368	0.05936
V908	0.08047	0.31413	0.03746	0.45967	0.10828
V909	0.06543	0.08787	0.01146	0.69332	0.14192
V910	0.73372	0.13882	0	0.03954	0.08792
V911	0.08338	0.22639	0.51406	0	0.17617
V912	0.05918	0	0.16143	0.13169	0.64769
V913	0.19497	0	0.06422	0.6292	0.11161
V914	0.82642	0.00587	0.00206	0.09594	0.06971
V915	0.25207	0.16193	0.04757	0.04526	0.49317
V916	0.8382	0	0.09327	0	0.06853
V917	0.52053	0.00851	0	0.0416	0.42936
V918	0.66037	0.1035	0.19428	0.00163	0.04022
V919	0.49844	0.13368	9e-05	0.24666	0.12113
V920	0.23456	0	0.10116	0.60301	0.06127
V921	0.25428	0.16358	0.10944	0.02808	0.44462
V922	0.05806	0	0.69781	0.00059	0.24354
V923	0.21072	0.4562	0.0078	0.05399	0.2713
V924	0.57903	0.07469	0	0.222	0.12429
V925	0.20512	0.07356	0.46661	0.14846	0.10625
V926	0.03937	0	0.01178	0.11208	0.83677
V927	0.59999	0.21709	0.09046	0.0544	0.03806
V928	0.17833	0.23902	0.20496	0.17225	0.20544
V929	0.09862	0.26164	0.00163	0.0578	0.58031
V930	0.0993	0	0.06096	0.08503	0.75471
V931	0.56053	0.11004	0.00193	0.04978	0.27773
V932	0.09059	0.08738	0.04489	0.34441	0.43273
V933	0.3517	0	0.03575	0.28174	0.33081
V934	0.73463	0.02007	0.23207	0	0.01323
V935	0.65884	0.07488	0.11119	0.03713	0.11795
V936	0.38329	0.02931	0.10566	0.40232	0.07942
V937	0.19827	0.65621	0.07266	0.01177	0.06108
V938	0.14114	0.8181	0.00411	0	0.03665
V939	0.02025	0	0.01011	0.36989	0.59974
V940	0.64388	0.04606	0.07142	0.04285	0.19579
V941	0.05938	0.098	0.11795	0.469	0.25567
V942	0.78047	0.19784	0	0	0.02169
V943	0.0829	0.0787	0.05787	0.0853	0.69523
V944	0.41023	0	0.10139	0.43098	0.0574
V945	0.09681	0.22366	0.57074	0.02062	0.08818
V946	0.07884	0.44713	0.43482	0	0.03921
V947	0.45955	0	0.01889	0.13708	0.38448
V948	0.13488	0.66556	0.019	0.08711	0.09345
V949	0.90112	0.06686	0.01678	0	0.01523
V950	0.11066	0	0.01653	0.79638	0.07643
V951	0.37036	0	0	0.47519	0.15444
V952	0.18658	0	0.04216	0.61013	0.16113
V953	0.54722	0.0584	0	0.3214	0.07298
V954	0.30475	0.49753	0.04244	0.04167	0.1136
V955	0.10381	0	0.53221	0.3112	0.05278
V956	0.08894	0.4449	0.07598	0.31924	0.07094
V957	0.16863	0.70644	0.0328	0.04073	0.0514
V958	0.11145	0.79022	0	0.02421	0.07412
V959	0.10494	0	0.78541	0.04398	0.06567
V960	0.60778	0.01586	0.13399	0.08678	0.15558
V961	0.11136	0.8057	0	0	0.08294
V962	0.24299	0.08276	0	0.10434	0.56991
V963	0.04578	0	0.41402	0.46211	0.0781
V964	0.02587	0	0.9195	0	0.05463
V965	0.01812	0	0.43203	0.4464	0.10345
V966	0.04362	0	0.49435	0.10186	0.36017
V967	0.40773	0.45655	0	0	0.13572
V968	0.11358	0.83889	0	0	0.04753
V969	0.17961	0.47024	0.11546	0.1051	0.12959
V970	0.22033	0.33862	0.39919	0	0.04186
V971	0.78963	0.02206	0.15664	0	0.03166
V972	0.141	0.78336	0	0.02703	0.04861
V973	0.06858	0	0.55626	0.23283	0.14234
V974	0.09156	0.67109	0.07713	0.07906	0.08116
V975	0.10479	0.85222	0	0	0.04299
V976	0.03181	0	0	0.16296	0.80524
V977	0.05205	0.11053	0.14987	0.17545	0.51211
V978	0.45273	0.10717	0.19405	0.11323	0.13282
V979	0.91528	0.06602	0	0	0.0187
V980	0.39621	0.0627	0.11577	0.12633	0.29898
V981	0.10277	0.02335	0.05893	0.09739	0.71755
V982	0.44549	0.37927	0.09782	0	0.07741
V983	0.69673	0.18198	0	0	0.1213
V984	0.21477	0.00742	0.10355	0.54969	0.12457
V985	0.07387	0.04341	0.08107	0.73027	0.07138
V986	0.5789	0.07222	0.31639	0	0.03249
V987	0.07957	0.15248	0.67168	0.04276	0.05351
V988	0.12287	0.00167	0.51974	0.27966	0.07606
V989	0.04218	0.02021	0.00325	0.11064	0.82372
V990	0.15708	0.35836	0	0.12892	0.35563
V991	0.08208	0.06638	0.10377	0.08773	0.66004
V992	0.88488	0.09252	0	0	0.0226
V993	0.03003	0	0.57959	0.16009	0.23028
V994	0.10461	0.83792	0	0.00694	0.05052
V995	0.03592	0.07444	0.60484	0.11116	0.17364
V996	0.04677	0	0.07284	0.57776	0.30264
V997	0.29779	0.03992	0.15065	0.03896	0.47269
V998	0.0625	0.02656	0	0.78953	0.12141
V999	0.16103	0	0.10602	0.53113	0.20182
