Neutrophils	Monocytes_CD14.CD16.	Macrophage	T_cells_.CD4..	NK_cells
V1	0.39514	0.07535	0.25037	0.14346	0.13568
V2	0.13256	0.67069	0.04755	0	0.14919
V3	0.04075	0.03134	0.42572	0.3927	0.10949
V4	0	0.10273	0.26818	0.24502	0.38407
V5	0.00057	0.10261	0.08165	0.34623	0.46895
V6	0.38174	0	0.25832	0.23371	0.12622
V7	0	0.10176	0.44975	0.18069	0.26781
V8	0	0.06232	0.84336	0.03047	0.06385
V9	0.02512	0.00888	0.23417	0.59359	0.13824
V10	0.53224	0	0.44012	0	0.02764
V11	0.02629	0.11486	0.12367	0.29294	0.44224
V12	0.06916	0.05115	0.21676	0.40111	0.26182
V13	0.13708	0.05713	0.0106	0.51498	0.28021
V14	0.15119	0	0.02677	0.64129	0.18074
V15	0	0	0	0.80949	0.19051
V16	0.62567	0	0	0.27378	0.10055
V17	0.09298	0.28253	0.01521	0.22117	0.38811
V18	0.11988	0.35307	0.25357	0.15676	0.11672
V19	0.02083	0.10605	0.02014	0.36867	0.4843
V20	0	0.03158	0.70292	0.18453	0.08096
V21	0.02337	0.28165	0.13522	0.26145	0.29831
V22	0.90738	0	0.03426	0	0.05836
V23	0.08141	0.09364	0.02683	0.35874	0.43938
V24	0.56598	0.05853	0.01045	0.12787	0.23716
V25	0.00329	0.07803	0.00214	0.56218	0.35436
V26	0.59076	0.11171	0.05346	0.06891	0.17516
V27	0.19027	0.43644	0.19533	0	0.17795
V28	0	0.07306	0.17406	0.59547	0.15741
V29	0	0	0.30605	0.5591	0.13485
V30	0.84871	0	0.01093	0.02555	0.11481
V31	0.50548	0.05217	0	0.26175	0.1806
V32	0.93895	0	0	0	0.06105
V33	0.02877	0.25042	0.01708	0.29643	0.4073
V34	0.21731	0.67499	0	0	0.1077
V35	0.15804	0.49566	0.26256	0	0.08374
V36	0.02665	0.2251	0.18463	0.22744	0.33618
V37	0.80725	0	0	0.03671	0.15604
V38	0.12166	0.04711	0.47768	0.21398	0.13956
V39	0.39669	0.01684	0.34791	0.06113	0.17743
V40	0.3262	0.48527	2e-04	0.04702	0.14131
V41	0.13572	0.70979	0.0076	0	0.1469
V42	0.92198	0	0	0	0.07802
V43	0.57445	0.02758	0.34741	0	0.05056
V44	0.04632	0.26794	0.57616	0	0.10959
V45	0.09407	0.5807	0.08969	0.08175	0.1538
V46	0.20409	0.6209	0.06143	0	0.11358
V47	0	0.05227	0.89426	0	0.05347
V48	0.18645	0.10508	0.2051	0.34042	0.16294
V49	0.55402	0.04655	0.21817	0.10085	0.0804
V50	0.00775	0.0677	0.88029	0	0.04425
V51	0.13785	0.2646	0.20895	0.13421	0.2544
V52	0.14393	0.73694	0.00414	0	0.11498
V53	0.01193	0.11484	0	0.69529	0.17794
V54	0.21333	0	0	0.5741	0.21257
V55	0.0344	0	0	0.78725	0.17835
V56	0.03785	0	0	0.7486	0.21355
V57	0.18338	0.12254	0.57249	0.01112	0.11046
V58	0.06383	0.05543	0.14452	0.37901	0.3572
V59	0.9183	0	0.03474	0	0.04696
V60	0.52072	0.11028	0.11293	0.12095	0.13511
V61	0.22581	0.03071	0.01459	0.38749	0.34139
V62	0.0483	0.08399	0.31823	0.261	0.28848
V63	0.50558	0.17649	0.05523	0.0687	0.194
V64	0.95257	0	0	0	0.04743
V65	0.07718	0.06808	0.00101	0.63898	0.21474
V66	0	0.00103	0.09936	0.73162	0.16799
V67	0	0.08658	0.36511	0.23853	0.30977
V68	0.52788	0	0.37815	0.01157	0.0824
V69	0.70447	0.00818	0.20002	0	0.08733
V70	0.12899	0.60344	0.03032	0.0869	0.15036
V71	0.18198	0.64984	0.03597	0	0.1322
V72	0.07612	0.40725	0.02614	0.1488	0.3417
V73	0.03555	0.01994	0.07604	0.6304	0.23807
V74	0	0.03075	0	0.76053	0.20871
V75	0.57028	0.07153	0.30738	0	0.05081
V76	0	0	0	0.79671	0.20329
V77	0.00049	0.06211	0.87568	0	0.06172
V78	0	0.05992	0.88539	0	0.05469
V79	0.12209	0.37558	0.02856	0.20477	0.269
V80	0.21768	0.61066	0	0.00085	0.17081
V81	0	0.05512	0.8964	0	0.04849
V82	0.27061	0.08212	0	0.50139	0.14588
V83	0.09533	0.06465	0	0.59546	0.24455
V84	0.12275	0.20972	0.00652	0.25225	0.40876
V85	0	0.05279	0.89391	0	0.05331
V86	0.01493	0.22482	0.29205	0.3412	0.127
V87	0.48657	0	0	0.39625	0.11718
V88	0.37856	0.11033	0.03419	0.25776	0.21917
V89	0.03811	0.11716	0.78838	0	0.05635
V90	0.02174	0.23651	0.06324	0.28585	0.39266
V91	0	0	0.0425	0.78166	0.17583
V92	0.29501	0.06027	0.02693	0.24691	0.37087
V93	0	0.09087	0.1424	0.54851	0.21822
V94	0.04187	0.20314	0.01038	0.39148	0.35313
V95	0.08563	0.26087	0.01757	0.26662	0.3693
V96	0.85764	0	0	0.02409	0.11827
V97	0.19235	0.07007	0.04293	0.31479	0.37986
V98	0.08029	0.35362	0.18376	0.15941	0.22291
V99	0.60311	0.01383	0	0.23218	0.15089
V100	0.64794	0.06306	0.04227	0.08226	0.16448
V101	0.15272	0.72585	0.00985	0	0.11158
V102	0.3901	0.17484	0.12901	0.12973	0.17633
V103	0.14935	0.0631	0.01726	0.3139	0.45638
V104	0.08589	0.40637	0.09141	0.11757	0.29876
V105	0.00246	0.10945	0.06172	0.35512	0.47125
V106	0.12359	0.62113	0.14912	0	0.10617
V107	0.05598	0.20176	0.67413	0	0.06813
V108	0.01693	0.16372	0.77532	0	0.04403
V109	0.07	0.22263	0.04036	0.3767	0.2903
V110	0.25069	0.40327	0.18141	0.04892	0.11571
V111	0.35281	0.13733	0.47354	0	0.03632
V112	0.18588	0	0.07599	0.52507	0.21305
V113	0.28242	0.01214	0.10294	0.30212	0.30038
V114	0.661	0	0.02071	0.18226	0.13603
V115	0.90313	0	0	0	0.09687
V116	0.01073	0.10548	0.03104	0.35339	0.49936
V117	0.035	0.05793	0.79405	0.04277	0.07025
V118	0.00266	0	0	0.80583	0.19151
V119	0.36437	0	0.36622	0.19514	0.07427
V120	0	0.05009	0.79431	0.07679	0.07881
V121	0.30197	0.56466	0	0	0.13337
V122	0.05502	0.36169	0.074	0.27383	0.23546
V123	0.56706	0	0.04379	0.22416	0.16499
V124	0.25607	0.0988	0.04571	0.32975	0.26967
V125	0.07267	0.36408	0.50188	0	0.06136
V126	0.19215	0.17525	0.22244	0.18367	0.2265
V127	0.31254	0	0.63177	0.00473	0.05095
V128	0.31358	0.58283	0.00112	0	0.10247
V129	0.30805	0.01918	0.265	0.22681	0.18096
V130	0.06519	0.45355	0.02569	0.2375	0.21807
V131	0	0.00189	0.20205	0.64801	0.14806
V132	0.38517	0	0	0.39438	0.22045
V133	0	0.09884	0.56819	0.14314	0.18983
V134	0.06541	0.06603	0.77458	0.00502	0.08896
V135	0.01255	0.13423	0.73064	0.01302	0.10957
V136	0.95132	0	0	0	0.04868
V137	0.92927	0	0	0	0.07073
V138	0.30799	0.1213	0.07032	0.23842	0.26196
V139	0.10134	0	0.11599	0.63536	0.14731
V140	0.01906	0.08944	0.1858	0.28183	0.42388
V141	0.01511	0.21103	0.65001	0.04266	0.08118
V142	0.2421	0.00709	0.33777	0.20912	0.20392
V143	0.01014	0.2037	0.49286	0.1448	0.14851
V144	0.61129	0.10073	0.05456	0.10864	0.12478
V145	0	0.06175	0.87745	0	0.0608
V146	0.05205	0.31244	0	0.37166	0.26386
V147	0.09612	0.08118	0.67767	0.06809	0.07695
V148	0.25735	0.62139	0.00016	0	0.12111
V149	0	0	0	0.79878	0.20122
V150	0.17724	0.15974	0.58811	0	0.07492
V151	0.45741	0	0	0.38783	0.15475
V152	0	0	0.08146	0.72637	0.19216
V153	0.20919	0.15886	0.46713	0.04031	0.1245
V154	0.19892	0.52005	0.01751	0.04127	0.22225
V155	0.00201	0.00427	0.09835	0.7278	0.16757
V156	0.09875	0.06297	0.40949	0.22261	0.20619
V157	0.09209	0.07407	0.16335	0.39328	0.27722
V158	0.22612	0.01764	0.46301	0.11039	0.18283
V159	0.12852	0.15003	0	0.55089	0.17055
V160	0.56171	0.07967	0.09039	0.08778	0.18045
V161	0.26422	0.05383	0.068	0.23757	0.37638
V162	0	0.05929	0.89082	0	0.04989
V163	0.05516	0.09137	0.0294	0.35057	0.4735
V164	0.94682	0	0	0	0.05318
V165	0.72401	0.07646	0.07691	0.02423	0.0984
V166	0.02601	0.00822	0.2176	0.57954	0.16863
V167	0.09548	0.57003	0.00534	0.11997	0.20918
V168	0	0.05929	0.89082	0	0.04989
V169	0.12096	0.58317	0.16029	0.00338	0.13219
V170	0.32265	0.29425	0.0353	0.18214	0.16566
V171	0.36289	0.03286	0.35328	0.15497	0.09599
V172	0.24012	0.21913	0.07275	0.16138	0.30662
V173	0.24333	0.06837	0.06295	0.43202	0.19333
V174	0.23605	0	0.35238	0.24522	0.16635
V175	0.08765	0.17222	0.1182	0.31407	0.30785
V176	0.36925	0	0	0.5047	0.12605
V177	0.21489	0.02221	0.55825	0.13429	0.07036
V178	0.32656	0.01422	0.45616	0.10415	0.09891
V179	0.11202	0.08824	0.01776	0.31722	0.46475
V180	0.01148	0.09757	0.38179	0.1875	0.32165
V181	0.09739	0.29495	0	0.23667	0.37098
V182	0.66884	0.08132	0	0.13491	0.11494
V183	0.16493	0.72065	0.00171	0	0.11271
V184	0.34784	0	0.26338	0.29027	0.09851
V185	0.16245	0.42552	0.00724	0.1744	0.2304
V186	0.16676	0.17582	0.00786	0.36166	0.2879
V187	0.15094	0.55661	0	0.14027	0.15218
V188	0.89115	0	0	0.03912	0.06972
V189	0.54823	0.11494	0.01139	0.21315	0.11228
V190	0.50551	0.01532	0.22501	0.07504	0.17913
V191	0.26108	0.1348	0	0.41982	0.1843
V192	0.39153	0.1184	0.11062	0.22302	0.15643
V193	0.08457	0.20437	0.53674	0.03814	0.13618
V194	0.3224	0.04783	0.08326	0.25344	0.29307
V195	0.67722	0.03891	0.23392	0	0.04996
V196	2e-05	0.09437	0.084	0.35053	0.47108
V197	0.16088	0.71225	0	0	0.12687
V198	0.289	0.18136	0.01629	0.27491	0.23844
V199	0.82037	0	0.15893	0	0.0207
V200	0.83106	0	0	0.03689	0.13204
V201	0.01183	0.00202	0	0.73973	0.24643
V202	0.94115	0	0	0	0.05885
V203	0.64976	0.12856	0.01633	0.06035	0.14499
V204	0.42729	0.05913	0.0333	0.17171	0.30856
V205	0.13327	0.08502	0.12631	0.28699	0.36842
V206	0.02767	0.04999	0	0.73108	0.19126
V207	0	0	0	0.80949	0.19051
V208	0.19804	0.1846	0.48563	0.02211	0.10962
V209	0.19131	0.06775	0.10692	0.25967	0.37435
V210	0	0.05307	0.89112	0	0.05581
V211	0.18654	0.06388	0.22083	0.21001	0.31874
V212	0.13952	0.64078	0.07447	0	0.14523
V213	0.10648	0.03769	0.05607	0.44597	0.35379
V214	0.06591	0.45326	0.39634	0	0.08449
V215	0.31893	0.18107	0.13443	0.14585	0.21972
V216	0.053	0.09976	0.35592	0.19539	0.29593
V217	0	0	0	0.78814	0.21186
V218	0.07608	0.17153	0.27358	0.328	0.15081
V219	0.1601	0.21905	0.38032	0.1444	0.09613
V220	0.29693	0.55945	0.05055	0	0.09307
V221	0.03887	0.11539	0.52685	0.09926	0.21963
V222	0.0194	0.10174	0.03197	0.35349	0.49341
V223	0.58531	0	0.27446	0.07568	0.06455
V224	0.09441	0.50503	0.01701	0.12729	0.25626
V225	0.81884	0.0057	0.1223	0	0.05317
V226	0.58515	0.33006	0	0	0.08478
V227	0.10901	0.18322	0	0.5351	0.17267
V228	0.65735	0	0.23622	0.03517	0.07126
V229	0.35474	0.28873	0.26135	0	0.09519
V230	0.01892	0.09298	0.03509	0.35781	0.4952
V231	0.12329	0.52216	0.04577	0.13558	0.1732
V232	0.85083	0	0.12226	0	0.02691
V233	0.05818	0.0926	0.16121	0.31186	0.37615
V234	0.02718	0.32842	0.19973	0.30194	0.14273
V235	0.94535	0	0	0	0.05465
V236	0.07192	0.03829	0.63015	0.1668	0.09283
V237	0.13326	0.07838	0.25267	0.35101	0.18469
V238	0	0.07085	0.01298	0.50331	0.41287
V239	0.10516	0.3738	0.03546	0.23324	0.25233
V240	0.15677	0.69518	0.00465	0	0.1434
V241	0.14427	0.73701	0.00362	0	0.11509
V242	0.04358	0.28565	0.28826	0.24196	0.14055
V243	0.55021	0	0.30793	0.03024	0.11162
V244	0.05901	0.38687	0.19837	0.12615	0.22959
V245	0.13712	0.72129	0.02524	0	0.11635
V246	0.7326	0.12298	0.02184	0	0.12258
V247	0.22756	0.08067	0.61082	0.01058	0.07037
V248	0.17428	0.53601	0.02055	0.03465	0.23451
V249	0.30564	0.05648	0.20746	0.19809	0.23234
V250	0.00315	0.09064	0.66451	0.07812	0.16359
V251	0.22698	0	0.04663	0.5679	0.15849
V252	0.01025	0.14296	0.55554	0.15332	0.13793
V253	0.40538	0.4147	0.07362	0	0.10631
V254	0.63721	0.21424	0	0.0394	0.10916
V255	0.88405	0	0	0.01246	0.10349
V256	0.11999	0.66221	0.01675	0	0.20105
V257	0.55345	0.18011	0.13802	0.01141	0.11701
V258	0.20274	0.24111	0.01421	0.39601	0.14593
V259	0.64456	0.12231	0.17009	0	0.06304
V260	0.31919	0.03434	0.10551	0.24312	0.29784
V261	0	0.05486	0.50339	0.29659	0.14517
V262	0.94631	0	0	0	0.05369
V263	0.85834	0	0	0.06581	0.07585
V264	0.15905	0.70927	0.00653	0	0.12515
V265	0.8969	0	0.04303	0	0.06007
V266	0.01008	0.09263	0.10864	0.32985	0.4588
V267	0.05078	0.07712	0.01115	0.42088	0.44007
V268	0.26848	0.33252	0.12645	0.1384	0.13414
V269	0.11421	0.27529	0.35203	0.14522	0.11324
V270	0.01628	0	0	0.80232	0.1814
V271	0.33474	0.54512	0	0	0.12013
V272	0.19988	0.65496	0.01846	0	0.1267
V273	0.32278	0	0.14922	0.35784	0.17016
V274	0.10502	0.08645	0.02995	0.40399	0.3746
V275	0.10965	0.59265	0.15073	0.01227	0.1347
V276	0	0.04326	0.67536	0.19267	0.08871
V277	0.41064	0	0.55426	0	0.0351
V278	0	0.0497	0.32127	0.45807	0.17096
V279	0.12284	0	0	0.69759	0.17957
V280	0.19898	0	0	0.61436	0.18666
V281	0.0175	0.18594	0.00402	0.61924	0.1733
V282	0.15445	0.72917	0.00253	0	0.11384
V283	0.4382	0	0.11172	0.17479	0.27529
V284	0.02181	0.16716	0.55581	0.06036	0.19487
V285	0.63217	0.27123	0	0	0.09659
V286	0.07636	0.05748	0.81125	0	0.05491
V287	0.28275	0.03798	0.15118	0.33819	0.1899
V288	0.23262	0.02195	0.63096	0.00855	0.10591
V289	0.18315	0.14415	0	0.51809	0.15461
V290	0.54146	0.27188	0.12724	0	0.05942
V291	0.48245	0.07594	0	0.31739	0.12422
V292	0.13309	0.06862	0.42698	0.13999	0.23131
V293	0	0.13467	0.78856	0.00366	0.07312
V294	0.00814	0.10543	0.0374	0.35063	0.4984
V295	0	0.03761	0.30642	0.49868	0.15729
V296	0.91806	0	0	0	0.08194
V297	0	0.05975	0.75884	0.09679	0.08461
V298	0.29195	0	0	0.53145	0.17661
V299	0.24884	0	0	0.60983	0.14133
V300	0.94858	0	0	0	0.05142
V301	0.9437	0	0	0	0.0563
V302	0	0.05221	0.00362	0.57786	0.36632
V303	0.12886	0.17447	0.21015	0.25372	0.23279
V304	0.21103	0.02819	0.72072	0	0.04007
V305	0.27602	0.26409	0.08266	0.15764	0.21959
V306	0.44212	0.45496	0	0	0.10292
V307	0.24521	0	0.23245	0.41519	0.10716
V308	0.26449	0.00434	0.64335	0.03241	0.05541
V309	0.73566	0	0.01608	0.12221	0.12605
V310	0.02987	0.10587	0.01726	0.3861	0.4609
V311	0	0	0.00372	0.8098	0.18648
V312	0.12009	0.25582	0.26715	0.09869	0.25824
V313	0.08409	0.26908	0	0.3824	0.26443
V314	0.081	0.03716	0	0.53961	0.34223
V315	0.94626	0	0	0	0.05374
V316	0.17661	0.45423	0.24875	0	0.12041
V317	0.45505	0.01175	0.493	0	0.04019
V318	0.92023	0	0	0	0.07977
V319	0.10785	0.06546	0.78925	0	0.03744
V320	0.04198	0	0	0.77959	0.17843
V321	0.17385	0.26891	0.29526	0.15049	0.11148
V322	0.01162	0.25583	0.5823	0.02736	0.12288
V323	0.31128	0.15682	0.43489	0	0.09701
V324	0.01282	0.02933	0.00156	0.77393	0.18237
V325	0.72725	0	0.06513	0.10302	0.10461
V326	0.04771	0.08659	0.06168	0.38489	0.41914
V327	0.43869	0.34431	0.10168	0	0.11532
V328	0.0512	0.24505	0.13925	0.41738	0.14712
V329	0	0.04771	0.36498	0.46406	0.12325
V330	0.07884	0.05463	0.80959	0	0.05694
V331	0.16034	0.069	0.09306	0.3076	0.37
V332	0.53568	0	0.42398	0	0.04034
V333	0.46329	0	0.2838	0.14803	0.10488
V334	0.05275	0.25916	0.55593	0.03397	0.09818
V335	0.80483	0	0.0508	0.03375	0.11062
V336	0.24199	0.43024	0.25811	0	0.06966
V337	0	0.08879	0.02982	0.43008	0.45131
V338	0.79068	0	0.11174	0.00395	0.09363
V339	0.29786	0.40783	0.18308	0	0.11123
V340	0.04235	0.21694	0.12194	0.24973	0.36904
V341	0.05418	0.40807	0.44214	0	0.0956
V342	0.35019	0.08754	0.43591	0.0582	0.06817
V343	0.74369	0	0.23288	0	0.02343
V344	0.19168	0.62018	0.03583	0	0.15231
V345	0.25561	0.02961	0	0.41838	0.2964
V346	0.04037	0.27417	0.30762	0.24881	0.12903
V347	0.13062	0.4258	0	0.27833	0.16525
V348	0	0.15447	0.44524	0.2463	0.15399
V349	0.08709	0.26995	0.5363	0	0.10666
V350	0.15644	0.3517	0.06725	0.2362	0.18841
V351	0.18712	0.0165	0.41706	0.28391	0.09541
V352	0.16808	0.41633	0.35002	0	0.06557
V353	0.33805	0.27037	0.0282	0.11871	0.24469
V354	0.62133	0	0.36454	0	0.01413
V355	0.06815	0.01799	0.31312	0.47848	0.12226
V356	0.09014	0.05439	0.79679	0	0.05868
V357	0.034	0.09794	0.5367	0.1155	0.21586
V358	0	0.01948	0	0.79389	0.18664
V359	0.04003	0.05696	0	0.72656	0.17645
V360	0.77551	0	0.04454	0.10632	0.07363
V361	0.45246	0.33964	0.08404	0	0.12385
V362	0.87893	0	0.04294	0	0.07814
V363	0.02878	0.10733	0.01167	0.40985	0.44236
V364	0.049	0.25427	0	0.46624	0.23049
V365	0	0	0	0.80544	0.19456
V366	0.23669	0.03901	0.58758	0.04583	0.09088
V367	0.28066	0.16885	0.20082	0.18485	0.16482
V368	0.83422	0	0.09867	0	0.06711
V369	0.09704	0.54422	0.24038	0	0.11836
V370	0.01024	0.17477	0.10933	0.44222	0.26343
V371	0.1488	0.70656	0.04303	0	0.1016
V372	0.73057	0	0.11418	0.077	0.07825
V373	0.19412	0.53347	0.126	0.01998	0.12642
V374	0.08828	0.04409	0.35952	0.39937	0.10875
V375	0.34293	0	0.57995	0.02628	0.05084
V376	0	0.07775	0.44341	0.17971	0.29913
V377	0.13638	0.41727	0.20234	0.12248	0.12153
V378	0.20948	0.45382	0.18133	0	0.15537
V379	0.01891	0.09131	0.12865	0.33831	0.42283
V380	0	0.07175	0.15384	0.54627	0.22814
V381	0.18643	0.09926	0.00893	0.27873	0.42665
V382	0.4483	0	0	0.34368	0.20801
V383	0	0.01344	0.24565	0.60052	0.14039
V384	0.32498	0	0.13688	0.40529	0.13285
V385	0.11244	0.15757	0.01137	0.28034	0.43829
V386	0.67621	0	0	0.23636	0.08744
V387	0.26599	0	0	0.58377	0.15024
V388	0.13872	0.69312	0.03034	0	0.13781
V389	0.22031	0.62688	0.00833	0	0.14448
V390	0.16256	0	0	0.64839	0.18904
V391	0.81868	0.00251	0	0.0687	0.11011
V392	0.94841	0	0	0	0.05159
V393	0.09222	0.02513	0.12343	0.55829	0.20093
V394	0.75878	0	0	0.13239	0.10883
V395	0	0.00954	0.351	0.51174	0.12771
V396	0.60787	0	0.37307	0	0.01906
V397	0.78069	0.00195	0.02048	0.09649	0.10038
V398	0.04085	0.00012	0.14093	0.63895	0.17915
V399	0.03804	0.08301	0	0.48085	0.39809
V400	0.23931	0.41677	0.14996	0.0783	0.11566
V401	0.3587	0	0.60428	0	0.03702
V402	0.43264	0	0.43197	0.04948	0.08591
V403	0.18584	0.09583	0	0.34516	0.37317
V404	0	0.06054	0.46791	0.35124	0.12031
V405	0.42805	0.16451	0.05021	0.20986	0.14737
V406	0.00584	0.06955	0.87445	0	0.05015
V407	0.93345	0	0	0.00017	0.06638
V408	0.05963	0.34535	0	0.32286	0.27216
V409	0.09905	0	0.02374	0.68075	0.19646
V410	0.15279	0.14814	0.33807	0.13199	0.229
V411	0.01005	0.10428	0.02978	0.35925	0.49665
V412	0.0265	0.20689	0.14719	0.2381	0.38131
V413	0.02313	0.24311	0.13839	0.38692	0.20844
V414	0.037	0.08919	0	0.56969	0.30411
V415	0.20326	0.04874	0.01348	0.29736	0.43715
V416	0.13041	0.12663	0.01216	0.3545	0.37631
V417	0	0.05616	0.74677	0.10501	0.09206
V418	0.67174	0.22075	0.01292	0	0.09459
V419	0.30114	0.02933	0.00895	0.31811	0.34247
V420	0.28457	0.01652	0.11176	0.24955	0.3376
V421	0	0.09702	0.15492	0.31921	0.42886
V422	0	0.01907	0.02017	0.72829	0.23247
V423	0.35128	0.1172	0.27677	0.15734	0.09741
V424	0	0.07964	0.52236	0.13781	0.26019
V425	0.44632	0.27644	0	0.05932	0.21791
V426	0.28046	0.10311	0	0.44739	0.16904
V427	0.30512	0.46986	0.15046	0	0.07457
V428	0.17251	0.54798	0.06951	0.04616	0.16384
V429	0.22087	0.63327	0	0	0.14587
V430	0.0107	0.07125	0.42102	0.27393	0.2231
V431	0.15513	0.30521	0.18838	0.21343	0.13784
V432	0.35227	0.01423	0.10343	0.36514	0.16493
V433	0.21303	0.00196	0.50636	0.19498	0.08367
V434	0.30996	0.21157	0.38061	0	0.09786
V435	0.6229	0	0.33241	0	0.04469
V436	0.12401	0.52442	0.10444	0.04637	0.20075
V437	0.22889	0.04175	0.01611	0.36559	0.34765
V438	0.17226	0.24779	0.1862	0.25312	0.14064
V439	0.65104	0	0	0.25418	0.09478
V440	0.04246	0.30726	0.56558	0	0.0847
V441	0.07613	0.44525	0.39621	0	0.08241
V442	0.15397	0.72662	0.01106	0	0.10835
V443	0.94032	0	0	0	0.05968
V444	0.21233	0.34236	0.0018	0.28966	0.15385
V445	0.09443	0.34113	0.00982	0.39423	0.16039
V446	0.10889	0.02581	0.06963	0.59192	0.20375
V447	0.0619	0.02732	0	0.59025	0.32053
V448	0.20419	0.05354	0.02501	0.29657	0.42069
V449	0	0.05929	0.89082	0	0.04989
V450	0.24666	0.08179	0.24984	0.21104	0.21066
V451	0.33148	0.12626	0.03446	0.3425	0.1653
V452	0	0.00284	0.13188	0.69094	0.17435
V453	0.00299	0.04647	0	0.60653	0.34402
V454	0	0.07168	0.69726	0.07097	0.16009
V455	0.08401	0.24195	0.29762	0.1314	0.24501
V456	0.93516	0	0	0	0.06484
V457	0.78123	0.05933	0.02548	0.03489	0.09907
V458	0.04216	0.32789	0.52272	0.00349	0.10373
V459	0.14818	0.05123	0.02304	0.54389	0.23366
V460	0.74899	0	0.1625	0.02161	0.0669
V461	0.25479	0.25932	0.25596	0.04445	0.18547
V462	0.04417	0.08219	0	0.59102	0.28262
V463	0.22653	0	0	0.61958	0.15389
V464	0.19663	0.13756	0.62325	0	0.04256
V465	0.05659	0.17012	0.02221	0.30397	0.44712
V466	0.02892	0.08087	0.01647	0.40623	0.46751
V467	0.06737	0.20567	0	0.53164	0.19532
V468	0.68063	0.14276	0.10583	0	0.07077
V469	0.03284	0.31989	0.043	0.34219	0.26208
V470	0.89103	0	0	0.03619	0.07278
V471	0.48876	0.18817	0.00879	0.15059	0.16369
V472	0.00717	0.1293	0.06288	0.32396	0.47669
V473	0.02808	0.21293	0.23659	0.33259	0.18981
V474	0.34206	0.06096	0.02836	0.42432	0.1443
V475	0.18221	0.04817	0.59777	0.04611	0.12574
V476	0.1624	0.00672	0.06407	0.59903	0.16778
V477	0.14373	0.73449	0.01209	0	0.10969
V478	0.21835	0.05244	0.01119	0.2889	0.42913
V479	0.89657	0	0	0.03095	0.07248
V480	0.22544	0.53371	0.04665	0.0508	0.1434
V481	0.3206	0.28033	0.04558	0.18237	0.17112
V482	0.1969	0.52999	0.19194	0	0.08117
V483	0.42769	0.37313	0	0.06009	0.13909
V484	0.30796	0.3943	0.10868	0.06865	0.12041
V485	0.74389	0	0.08764	0.08701	0.08145
V486	0.077	0.13268	0.32506	0.16199	0.30328
V487	0.147	0.10327	0.39836	0.25396	0.09742
V488	0.46619	0	0	0.35702	0.17678
V489	0.00558	0.22268	0.66836	0.01981	0.08356
V490	0	0.04644	0.71973	0.15571	0.07812
V491	0.07703	0.43824	0.04396	0.17015	0.27062
V492	0.01725	0.11106	0	0.68785	0.18385
V493	0	0	0	0.81225	0.18775
V494	0.32785	0	0	0.51471	0.15744
V495	0.40397	0.13374	0.20398	0.14404	0.11427
V496	0.16782	0.08762	0.06292	0.26787	0.41377
V497	0.11518	0.08295	0.15499	0.30166	0.34522
V498	0.1694	0.69197	0.02154	0	0.11709
V499	0.05566	0.24695	0.27661	0.16182	0.25896
V500	0.16654	0.40404	0.09817	0.17971	0.15154
V501	0.11806	0.33211	0.01286	0.18166	0.35532
V502	0.23136	0.62501	0.03557	0	0.10806
V503	0.50687	0	0.18414	0.16614	0.14285
V504	0.59548	0.10937	0	0.08197	0.21318
V505	0.69092	0	0	0.13402	0.17506
V506	0.07764	0.49437	0.07266	0.08091	0.27441
V507	0.87777	0	0	0.04764	0.07459
V508	0.08579	0.54806	0.2239	0	0.14224
V509	0.09181	0.40488	0.1342	0.18755	0.18156
V510	0.53199	0.33057	0.03715	0	0.10029
V511	0.08753	0.28079	0.52613	0	0.10554
V512	0.22299	0.38695	0.17972	0.04056	0.16978
V513	0.26806	0.53902	0.06778	0	0.12514
V514	0	0.08515	0.25508	0.27815	0.38163
V515	0.07057	0.06196	0	0.6952	0.17227
V516	0.21053	0.27936	0.08854	0.28689	0.13468
V517	0	0.01925	0.01459	0.78304	0.18312
V518	0.46482	0	0.29408	0.15805	0.08305
V519	0.8367	0	0	0.08506	0.07824
V520	0.16623	0.69025	0.01304	0	0.13047
V521	0.20915	0	0.08569	0.56892	0.13623
V522	0.04963	0.18958	0.56845	0.09507	0.09727
V523	0.16108	0.06144	0.72226	0	0.05521
V524	0.39326	0	0.54974	0	0.057
V525	0.03039	0.25712	0.04046	0.25465	0.41738
V526	0.02839	0.07715	0.82964	0	0.06482
V527	0.13177	0.387	0.40578	0	0.07544
V528	0.12762	0	0	0.71279	0.15959
V529	0.23683	0.02105	0.70707	0	0.03505
V530	0.00105	0.07705	0.83891	0.01175	0.07124
V531	0.26543	0.43445	0.09135	0.01808	0.1907
V532	0.09096	0.26904	0.32155	0.07949	0.23897
V533	0.33915	0.02023	0	0.25439	0.38622
V534	0.12704	0.00299	0	0.69399	0.17598
V535	0.90856	0	0.03278	0	0.05866
V536	0.15698	0.17837	0.40128	0.07795	0.18543
V537	0.02089	0.11888	0.03661	0.33563	0.48799
V538	0.73726	0.00041	0	0.0873	0.17503
V539	0.00405	0.169	0.65125	0.07251	0.10319
V540	0.24407	0.39983	0.08828	0.0665	0.20132
V541	0.0745	0.4054	0.0228	0.16517	0.33213
V542	0.05023	0.29326	0.09072	0.39619	0.1696
V543	0.06574	0.12827	0.67483	0.02884	0.10232
V544	0.42505	0.12808	0.18193	0.09645	0.1685
V545	0.74185	0.17741	0.00312	0	0.07762
V546	0.15501	0.63677	0.08284	0	0.12539
V547	0.18204	0.63797	0	0.02607	0.15392
V548	0	0.02329	0	0.78795	0.18876
V549	0	0.08522	0.03575	0.43787	0.44116
V550	0.12622	0.67727	0.09457	0	0.10194
V551	0	0	0	0.81418	0.18582
V552	0.27447	0.03993	0.01888	0.28126	0.38546
V553	0.81142	0	0	0.10053	0.08806
V554	0.10451	0.0527	0.47495	0.2716	0.09624
V555	0.14109	0.72953	0.009	0	0.12038
V556	0.06746	0.03526	0.01649	0.69598	0.18481
V557	0.37696	0.15313	0.00562	0.31932	0.14496
V558	0	0.06176	0.75153	0.10705	0.07966
V559	0.14754	0.33547	0.4467	0	0.0703
V560	0.73937	0.07764	0.13248	0	0.0505
V561	0.78337	0	0.09606	0.01129	0.10928
V562	0.14731	0.09188	0.16381	0.27191	0.32509
V563	0.27532	0.21067	0.20529	0.13446	0.17426
V564	0.39341	0	0.02287	0.38898	0.19474
V565	0.00452	0.10131	0.03987	0.36966	0.48464
V566	0.35329	0.08126	0	0.36462	0.20083
V567	0.00386	0.0556	0.89194	0	0.0486
V568	0.0238	0.20449	0.42303	0.24387	0.1048
V569	0.72179	0	0.08814	0.09829	0.09178
V570	0.13112	0.01993	0.26288	0.44275	0.14333
V571	0.28741	0	0.21165	0.34999	0.15095
V572	0.8782	0	0	0.00702	0.11478
V573	0.06798	0.07703	0.32624	0.37509	0.15367
V574	0.6342	0.14883	0.06648	0.051	0.09949
V575	0.44537	0	0.12272	0.17893	0.25298
V576	0.13625	0.71481	0.0073	0	0.14164
V577	0.53236	0.33311	0.02855	0	0.10598
V578	0.0142	0.16554	0.51521	0.19223	0.11283
V579	0.0609	0.45409	0.34044	0	0.14457
V580	0.29926	0.41021	0	0.14847	0.14207
V581	0.09088	0.4131	0.38348	0.00909	0.10345
V582	0	0.08086	0.86902	0	0.05013
V583	0.67047	0	0.29832	0	0.03122
V584	0.31459	0.40151	0.10704	0.01324	0.16362
V585	0.1267	0.6503	0.06617	0	0.15683
V586	0.1122	0.62584	0.16873	0	0.09323
V587	0.13263	0.60088	0.00451	0.03409	0.22789
V588	0.30426	0.2805	0.36537	0	0.04987
V589	0.13521	0.32945	0.01875	0.35972	0.15686
V590	0.13623	0.66616	0	0	0.1976
V591	0.58158	0.30812	0.03027	0	0.08003
V592	0	0.065	0.76061	0.04845	0.12594
V593	0.42248	0	0	0.4416	0.13592
V594	0	0.14345	0.64483	0.1132	0.09852
V595	0.58465	0	0.01755	0.28369	0.11411
V596	0.54886	0.08336	0.20016	0.07896	0.08865
V597	0.03937	0.23467	0.00383	0.32396	0.39816
V598	0.66306	0	0	0.10554	0.2314
V599	0.10501	0.33385	0.07057	0.3357	0.15488
V600	0.30398	0	0.1558	0.38624	0.15398
V601	0.15715	0.06274	0	0.53253	0.24758
V602	0.91906	0	0.00318	0	0.07776
V603	0.16646	0.15855	0.01823	0.31149	0.34526
V604	0	0.07258	0.70454	0.10425	0.11862
V605	0.02521	0.1366	0.14452	0.30198	0.39169
V606	0.87379	0	0	0.00908	0.11713
V607	0.20972	0.13909	0.02028	0.24301	0.3879
V608	0.81325	0	0	0.07392	0.11283
V609	0.23292	0.21667	0	0.37875	0.17166
V610	0.15696	0.53054	0	0.16169	0.15082
V611	0.31439	0.01369	0.60451	0	0.06742
V612	0.45517	0.00902	0.32076	0.05792	0.15712
V613	0.52893	0.35081	0.03001	0	0.09026
V614	0.62064	0	0	0.16255	0.21681
V615	0	0.09431	0.10879	0.58408	0.21283
V616	0.71824	0	0.09854	0.10215	0.08107
V617	0.2625	0.05813	0.46382	0.09465	0.12091
V618	0.82295	0	0.04845	0.01586	0.11274
V619	0.63805	0	0.14524	0.05358	0.16313
V620	0.01442	0.03766	0.33595	0.48613	0.12584
V621	0.1839	0.21229	0.31687	0.06855	0.21838
V622	0.02443	0.23977	0.37823	0.10647	0.2511
V623	0.04841	0	0	0.71183	0.23975
V624	0.91851	0	0	0	0.08149
V625	0	0.0442	0.06176	0.72194	0.17211
V626	0.05875	0.04849	0.54103	0.25518	0.09655
V627	0.14055	0.18589	0.12761	0.20723	0.33872
V628	0.94407	0	0	0	0.05593
V629	0.15245	0.18925	0.60718	0	0.05112
V630	0.02767	0.24046	0.03146	0.27409	0.42632
V631	0	0.09068	0.30838	0.2373	0.36365
V632	0.13202	0.66069	0.00583	0.00407	0.19739
V633	0.03842	0.02722	0.07007	0.60129	0.263
V634	0.51895	0.27409	0.14547	0	0.06149
V635	0.04401	0.16779	0.20841	0.22242	0.35738
V636	0.23726	0.13227	0.30836	0.18452	0.13759
V637	0.23455	0.00695	0.40171	0.23918	0.11762
V638	0.1346	0.42564	0.01353	0.15468	0.27154
V639	0.64331	0.21815	0.07236	0	0.06617
V640	0.13643	0.18612	0.06919	0.33332	0.27494
V641	0.1826	0.59148	0.01165	0.06358	0.15068
V642	0.76429	0	0	0.15548	0.08023
V643	0.14035	0.68507	0.06681	0	0.10777
V644	0.07186	0.35694	0	0.39995	0.17126
V645	0.26305	0.59332	0.00773	0.00051	0.1354
V646	0.20439	0.43018	0.00924	0.1916	0.16459
V647	0.9321	0	0	0.00478	0.06312
V648	0.52082	0.00374	0	0.30129	0.17415
V649	0.32919	0.07733	0.07172	0.24317	0.27859
V650	0	0	0.01985	0.80029	0.17986
V651	0.16603	0.11471	0	0.56212	0.15714
V652	0.37201	0	0	0.49714	0.13085
V653	0.36597	0	0	0.49141	0.14262
V654	0.04091	0.15317	0.00651	0.34645	0.45295
V655	0.16314	0.03576	0.28174	0.40529	0.11407
V656	0.13554	0.06845	0	0.36848	0.42753
V657	0.07145	0.42222	0.00895	0.30374	0.19364
V658	0.00568	0.05096	0.00357	0.66894	0.27086
V659	0	0.01808	0.04334	0.7433	0.19529
V660	0.10386	0.34155	0.01945	0.19293	0.34221
V661	0.10651	0.56048	0.0013	0.14285	0.18886
V662	0.08106	0.42988	0.02589	0.13359	0.32958
V663	0.95229	0	0	0	0.04771
V664	0.00076	0.04407	0.11414	0.52947	0.31155
V665	0.08214	0.54111	0.2221	0.01798	0.13667
V666	0.19019	0.6699	0.03917	0	0.10074
V667	0.07725	0.47226	0.2728	0.04431	0.13338
V668	0.75068	0.08923	0.04251	0.0241	0.09348
V669	0.57988	0.18272	0.01343	0.08082	0.14315
V670	0.17375	0.54221	0.04554	0.03136	0.20713
V671	0.8176	0	0.13814	0	0.04426
V672	0.10018	0.09519	0.07748	0.4312	0.29596
V673	0.00694	0.1099	0.0161	0.40049	0.46657
V674	0.43408	0.0327	0.48643	0	0.04679
V675	0.73863	0	0	0.14087	0.1205
V676	0.30891	0.07845	0.50274	0	0.1099
V677	0.04871	0.24044	0.20791	0.35	0.15294
V678	0.08781	0.32984	0.01268	0.20671	0.36295
V679	0	0.03011	0.44118	0.41529	0.11342
V680	0.1885	0.01194	0	0.49056	0.309
V681	0.57898	0	0	0.28596	0.13507
V682	0	0.05929	0.89082	0	0.04989
V683	0.08122	0.18	0.63832	0	0.10046
V684	0.0233	0	0	0.79658	0.18012
V685	0	0.06705	0.80758	0.05646	0.06891
V686	0.39526	0.44419	0.06468	0	0.09588
V687	0	0.02826	0.56601	0.30559	0.10014
V688	0	0.06078	0.88152	0	0.05769
V689	0.57516	0	0.18197	0.11556	0.12731
V690	0.20228	0.67085	0.0114	0	0.11547
V691	0.15282	0.08803	0.00599	0.58637	0.16678
V692	0.05107	0	0	0.74172	0.20721
V693	0.05578	0.41692	0.44701	0	0.08029
V694	0.09602	0.15601	0.00067	0.5618	0.18549
V695	0.16172	0.14737	0.1588	0.19947	0.33265
V696	0.13039	0.03708	0.73767	0	0.09486
V697	0.10599	0.1062	0.3057	0.33138	0.15072
V698	0.00633	0.10587	0.20518	0.27362	0.40901
V699	0.0124	0.0272	0.01858	0.69423	0.24758
V700	0.14709	0.65465	0.0746	0	0.12366
V701	0.02919	0.24084	0.02405	0.27252	0.4334
V702	0.00665	0.09338	0	0.67036	0.22961
V703	0	0	0	0.8114	0.1886
V704	0.0411	0.11848	0.422	0.1503	0.26812
V705	0.93687	0	0	0	0.06313
V706	0.17252	0.11368	0.13513	0.4204	0.15827
V707	0.16814	0.12348	0.05479	0.37873	0.27487
V708	0.0731	0.46715	0.39047	0	0.06927
V709	0.00575	0.11401	0.05748	0.33619	0.48657
V710	0.14679	0.06629	0.50199	0.08174	0.20319
V711	0.06683	0.08145	0.03827	0.34194	0.4715
V712	0.04614	0.0523	0.68512	0.13908	0.07735
V713	0.33511	0.29296	0.31532	0	0.0566
V714	0.05948	0.09435	0.01912	0.34033	0.48672
V715	0.01319	0.26014	0.59962	0.0399	0.08714
V716	0.84539	0.02908	0.00524	0.02797	0.09232
V717	0.49501	0.0995	0.12321	0.08509	0.1972
V718	0.73185	0	0.22231	0	0.04584
V719	0.49836	0.14203	0.09465	0.11861	0.14634
V720	0.15179	0.09322	0.09765	0.27342	0.38393
V721	0.02653	0.09816	0.06823	0.33772	0.46935
V722	0.02306	0.21992	0.02989	0.50451	0.22261
V723	0.1256	0.17302	0.08133	0.4686	0.15145
V724	0.20965	0.52921	0.02544	0.0959	0.13978
V725	0.03231	0.10048	0.03011	0.34421	0.49289
V726	0.31639	0.39928	0.04665	0.05509	0.18259
V727	0	0.06336	0.88103	0	0.05561
V728	0.84194	0	0.07243	0.02297	0.06266
V729	0.69821	0	0	0.20245	0.09935
V730	0.11625	0.02985	0.36527	0.36255	0.12608
V731	0	0	0.02739	0.79289	0.17972
V732	0	0	0	0.8152	0.1848
V733	0.01902	0.07293	0.86066	0	0.04739
V734	0.58768	2e-05	0.35023	0	0.06207
V735	0.09227	0.19441	0.23561	0.17492	0.30278
V736	0.01217	0.13636	0.02929	0.3339	0.48828
V737	0.95203	0	0	0	0.04797
V738	0.07068	0.44638	0.01681	0.13825	0.32788
V739	0	0	0	0.81311	0.18689
V740	0.27307	0.09503	0.11273	0.19701	0.32216
V741	0.53808	0	0	0.30798	0.15394
V742	0.06482	0.06321	0.53521	0.1913	0.14546
V743	0.02606	0.12562	0.08228	0.35491	0.41112
V744	0.21193	0.02924	0.13927	0.47712	0.14245
V745	0.16555	0	0	0.67495	0.1595
V746	0.48906	0.38056	0.02913	0	0.10125
V747	0.01784	0.07558	0.85222	0	0.05436
V748	0.20892	0.19158	0.28886	0.11159	0.19904
V749	0.21172	0.07314	0.09288	0.44042	0.18183
V750	0.86023	0.03096	0.00121	0.02248	0.08512
V751	0.05777	0.31074	0.56661	0	0.06488
V752	0.03419	0.20051	0.03338	0.28813	0.44379
V753	0.63319	0	0.23088	0.02674	0.10919
V754	0.14732	0.22815	0	0.46686	0.15766
V755	0.35369	0.52455	0.03267	0	0.08909
V756	0.02853	0.18033	0.02949	0.32555	0.4361
V757	0.16723	0	0.0467	0.63732	0.14874
V758	0.10119	0.32991	0	0.40741	0.16149
V759	0.10983	0.10065	0.11505	0.26374	0.41073
V760	0.07471	0.07157	0.20873	0.37231	0.27269
V761	0.07723	0.21528	0.65967	0	0.04781
V762	0	0.07882	0.16214	0.48921	0.26984
V763	0.05676	0.30696	0.01134	0.22308	0.40186
V764	0.10907	0.03478	0.04359	0.65086	0.1617
V765	0.19184	0.04237	0.6412	0.03207	0.09252
V766	0.12525	0.42487	0.25619	0.03067	0.16302
V767	0.37894	0.36568	0.05546	0.03496	0.16496
V768	0.14955	0.67807	0.0471	0	0.12529
V769	0.81526	0	0.13317	0	0.05157
V770	0.34728	0	0.47722	0.11086	0.06464
V771	0.14857	0.61429	0	0.05332	0.18382
V772	0.04156	0.05945	0.85824	0	0.04075
V773	0.02624	0.08078	0.00788	0.44089	0.44421
V774	0.18353	0.03836	0.55072	0.05677	0.17061
V775	0.92575	0	0	0.0074	0.06685
V776	0.46643	0.2853	0.157	0	0.09127
V777	0.28618	0.29305	0.24287	0.06178	0.11611
V778	0.6002	0	0	0.23587	0.16393
V779	0.10456	0.33362	0.49642	0	0.0654
V780	0.00361	0.05608	0.89171	0	0.04861
V781	0.24744	0.27364	0.1858	0.06477	0.22835
V782	0.31404	0.21521	0.01481	0.15117	0.30478
V783	0	0.06942	0.64743	0.09658	0.18657
V784	0.0869	0.51423	0	0.21195	0.18692
V785	0.80927	0	0	0.0846	0.10614
V786	0.19402	0.11909	0	0.52617	0.16073
V787	0.2174	0.47068	0	0.14582	0.1661
V788	0.50084	0.28845	0.06657	0	0.14414
V789	0.00893	0.16875	0	0.50981	0.31251
V790	0.36302	0.1736	0.04972	0.18627	0.2274
V791	0.22992	0.19046	0.05755	0.27569	0.24639
V792	0.95044	0	0	0	0.04956
V793	0.42342	0.19151	0.04044	0.14148	0.20315
V794	0.00322	0.09649	0.11016	0.40087	0.38926
V795	0.23629	0.64411	0.01034	0	0.10925
V796	0.38994	0.29296	0.09483	0.10151	0.12076
V797	0.17616	0.05353	0.00644	0.32052	0.44335
V798	0.21087	0.43493	0	0.12146	0.23273
V799	0.02039	0.13936	0.01169	0.64015	0.18841
V800	0.02611	0.09494	0.02371	0.40392	0.45132
V801	0.41012	0	0.06949	0.39877	0.12162
V802	0.05838	0.25046	0.01944	0.25457	0.41715
V803	0.31023	0	0	0.54492	0.14485
V804	0.23309	0.11345	0.17834	0.34063	0.1345
V805	0.16972	0.12256	0.43158	0.15464	0.1215
V806	0.55202	0	0.17815	0.10802	0.16181
V807	0.79569	0	0.01422	0.06305	0.12704
V808	0.90216	0	0	0	0.09784
V809	0.30426	0.4922	0.01427	0.01125	0.17802
V810	0.01404	0.09008	0.01809	0.57316	0.30463
V811	0.06482	0.15694	0.02065	0.34733	0.41027
V812	0.0875	0.56179	0.20177	0.01301	0.13592
V813	0.04797	0.25731	0.24073	0.14565	0.30835
V814	0.28819	0.42789	0.0501	0.09981	0.13402
V815	0.34214	0.51743	0.02183	0	0.1186
V816	0.06157	0.41591	0	0.34969	0.17283
V817	0.85616	0	0.10003	0	0.04382
V818	0.04986	0.23116	0.37521	0.11312	0.23065
V819	0.94496	0	0	0	0.05504
V820	0.09617	0.30197	0.10027	0.34952	0.15206
V821	0.01073	0.10548	0.03104	0.35339	0.49936
V822	0.17252	0	0	0.67354	0.15395
V823	0.05388	0.14982	0.2521	0.19824	0.34595
V824	0.08691	0.11007	0.03392	0.30897	0.46014
V825	0.15366	0.01894	0.63023	0.13135	0.06582
V826	0.02668	0.05909	0.86473	0	0.0495
V827	0.4117	0.03985	0	0.38132	0.16713
V828	0.31031	0.129	0.10588	0.18446	0.27036
V829	0.09659	0.11256	0.30966	0.25753	0.22367
V830	0.16213	0.04403	0.68226	0.01397	0.09761
V831	0.10475	0.61783	0.04213	0.08125	0.15404
V832	0.24712	0.00124	0.05696	0.39729	0.29738
V833	0.30291	0.58189	0	0	0.1152
V834	0.8539	0	0.02671	0.01913	0.10026
V835	0.31768	0.20463	0.06883	0.25638	0.15248
V836	0.43653	0.01246	0.4311	0.05639	0.06351
V837	0.12656	0.69259	0.014	0	0.16685
V838	0	0	0.04041	0.78087	0.17872
V839	0.04283	0.11956	0.0925	0.29693	0.44818
V840	0.94447	0	0	0	0.05553
V841	0.24687	0.01004	0.71244	0	0.03065
V842	0.59192	0	0.17152	0.15566	0.08089
V843	0.53651	0	0.1271	0.14432	0.19208
V844	0.01248	0.17624	0.74475	0	0.06654
V845	0.00869	0.01287	0	0.688	0.29044
V846	0.13579	0.09326	0.10564	0.29086	0.37444
V847	0.2551	0.02333	0.04654	0.33121	0.34382
V848	0.79121	0	0	0.08622	0.12258
V849	0.15275	0.06735	0.69578	0	0.08412
V850	0.24965	0.03577	0.29128	0.2251	0.1982
V851	0.94769	0	0	0	0.05231
V852	0.29223	0.05344	0.06799	0.30862	0.27773
V853	0.02543	0.14577	0.60404	0.11538	0.10938
V854	0.07364	0.33265	0.26091	0.12013	0.21268
V855	0.14698	0.31833	0.07224	0.29336	0.16909
V856	0.23765	0.35138	0.05532	0.08739	0.26826
V857	0.07101	0.05958	0.15307	0.48569	0.23065
V858	0.04191	0.32438	0.18945	0.23785	0.20641
V859	0.11638	0	0	0.70845	0.17517
V860	0.02944	0.12357	0.03024	0.62936	0.1874
V861	0.14161	0	0.09193	0.61922	0.14724
V862	0.0776	0.0764	0.02738	0.37881	0.43981
V863	0.13833	0.7234	0.01603	0	0.12223
V864	0.02275	0.05416	0.84286	0.02007	0.06017
V865	0.06978	0.03181	0.62099	0.20056	0.07686
V866	0.0099	0.08093	0.62546	0.19209	0.09162
V867	0.66873	0	0	0.10347	0.22779
V868	0.28264	0.16468	0.39963	0.06584	0.08721
V869	0.01634	0.09397	0.04946	0.35068	0.48955
V870	0.33329	0.11401	0.06043	0.29312	0.19916
V871	0.03783	0.12266	0.11085	0.33317	0.39549
V872	0.41481	0	0	0.44417	0.14102
V873	0.07442	0.2777	0.13322	0.35159	0.16307
V874	0.11776	0.1164	0.01257	0.30505	0.44823
V875	0.00552	0.17929	0	0.55214	0.26306
V876	0.58683	0	0.05586	0.12506	0.23225
V877	0.33825	0.48358	0.02823	0.01996	0.12997
V878	0.09472	0.57586	0.02829	0.14652	0.1546
V879	0.93823	0	0	0	0.06177
V880	0.08627	0.09162	0.00262	0.53254	0.28695
V881	0	0.08144	0.56546	0.11572	0.23737
V882	0.07882	0.37723	0	0.38519	0.15875
V883	0.61187	0.05356	0	0.18935	0.14522
V884	0.01102	0.0941	0.03443	0.36366	0.49679
V885	0.19368	0.07604	0.39486	0.16119	0.17423
V886	0	0.06791	0.04193	0.47065	0.41951
V887	0.19408	0.6822	0.00457	0	0.11915
V888	0.04973	0.08327	0.01826	0.66067	0.18807
V889	0.2204	0.63178	0.03489	0	0.11293
V890	0.00536	0.0257	0.11367	0.65401	0.20126
V891	0	0.08201	0.8651	0	0.05289
V892	0.72349	0.10513	0.0134	0.01726	0.14072
V893	0.1763	0.15972	0.51609	0.04928	0.0986
V894	0.15942	0.43014	0.02698	0.22321	0.16025
V895	0.73548	0	0.22905	0	0.03547
V896	0.25434	0.15409	0.22215	0.25999	0.10943
V897	0	0	0.01437	0.7607	0.22494
V898	0.48141	0	0	0.20741	0.31118
V899	0.6935	0.14841	0.07959	0	0.0785
V900	0.31578	0.15925	0.26801	0.1553	0.10166
V901	0.72538	0	0	0.15975	0.11488
V902	0.90385	0	0	0.0125	0.08365
V903	0.31504	0.01196	0.0352	0.4899	0.14789
V904	0.81594	0	0.13539	0	0.04867
V905	0.03968	0.29394	0.04774	0.37847	0.24017
V906	0.17484	0.06614	0.47371	0.12047	0.16484
V907	0.81502	0	0.0476	0.04514	0.09225
V908	0.03798	0.28453	0.01859	0.47559	0.1833
V909	0.00217	0.08252	0	0.70765	0.20766
V910	0.79037	0.02759	0.00048	0.06464	0.11692
V911	0.05433	0.254	0.54638	0.00352	0.14178
V912	0.03137	0.10159	0.17584	0.30388	0.38732
V913	0.14541	0	0.033	0.64577	0.17582
V914	0.81343	0	0	0.09299	0.09358
V915	0.2629	0.18144	0.05369	0.17657	0.3254
V916	0.85532	0	0.0674	0	0.07727
V917	0.55044	0	0	0.16915	0.28041
V918	0.68756	0.0237	0.21754	0	0.07119
V919	0.51496	0.04802	0	0.28346	0.15356
V920	0.18592	0	0.06974	0.60155	0.1428
V921	0.26135	0.18179	0.1245	0.13901	0.29336
V922	0.02839	0.07148	0.71097	0.03808	0.15108
V923	0.23394	0.40925	0.01233	0.1026	0.24189
V924	0.59561	0	0	0.25762	0.14678
V925	0.16462	0.1054	0.47404	0.146	0.10994
V926	0.02142	0.11748	0.02796	0.34484	0.4883
V927	0.64286	0.11535	0.10305	0.04811	0.09063
V928	0.15625	0.23312	0.21718	0.20713	0.18633
V929	0.09736	0.29712	0.00766	0.21017	0.38768
V930	0.09325	0.08356	0.07994	0.29876	0.44449
V931	0.60359	0.05196	0	0.13056	0.21389
V932	0.05318	0.13817	0.03025	0.45994	0.31846
V933	0.34815	0	0.01893	0.38265	0.25027
V934	0.73828	0	0.229	0	0.03272
V935	0.69115	0.00151	0.12275	0.06532	0.11928
V936	0.3582	0.00136	0.08687	0.41905	0.13452
V937	0.22982	0.55368	0.0971	0	0.1194
V938	0.18197	0.68995	0.02326	0	0.10483
V939	0	0.05502	0.01988	0.53043	0.39467
V940	0.67346	0	0.07152	0.09565	0.15937
V941	0.00169	0.13716	0.10284	0.52048	0.23784
V942	0.85321	0.06023	0.00469	0	0.08186
V943	0.06717	0.16812	0.06652	0.27422	0.42397
V944	0.37587	0	0.0671	0.435	0.12204
V945	0.06435	0.24203	0.59679	0	0.09684
V946	0.06548	0.38843	0.48178	0	0.0643
V947	0.47525	0	0.00559	0.25428	0.26488
V948	0.15317	0.58542	0.03098	0.06497	0.16546
V949	0.93677	0	0.00229	0	0.06094
V950	0.04151	0	0	0.78173	0.17676
V951	0.32712	0	0	0.49618	0.17671
V952	0.13669	0.01283	0.00739	0.64203	0.20106
V953	0.54008	0	0	0.33324	0.12668
V954	0.34428	0.41087	0.0552	0.03444	0.15521
V955	0.05441	0.02849	0.53681	0.28759	0.0927
V956	0.06091	0.39301	0.07477	0.3154	0.15592
V957	0.19933	0.61126	0.05259	0	0.13681
V958	0.14241	0.70072	0.00478	0	0.1521
V959	0.07293	0.04304	0.78645	0.02842	0.06916
V960	0.61322	0	0.12743	0.12269	0.13666
V961	0.14716	0.7063	0.00614	0	0.1404
V962	0.24921	0.11464	0	0.26835	0.3678
V963	0	0.02528	0.41194	0.43918	0.12361
V964	0	0.06336	0.88103	0	0.05561
V965	0	0.01225	0.43078	0.42623	0.13075
V966	0.01154	0.06459	0.52318	0.17826	0.22243
V967	0.47967	0.35819	0	0	0.16214
V968	0.15083	0.72291	0.00764	0	0.11861
V969	0.18386	0.41237	0.13421	0.10574	0.16382
V970	0.22035	0.28147	0.44184	0	0.05635
V971	0.79687	0	0.14499	0	0.05814
V972	0.17917	0.68396	0	0	0.13687
V973	0.01854	0.05732	0.56006	0.23598	0.12809
V974	0.0983	0.59836	0.10177	0.04698	0.15458
V975	0.14266	0.73569	0.00316	0	0.1185
V976	0.01868	0.09492	0.0195	0.38912	0.47778
V977	0.01672	0.18538	0.15837	0.30393	0.3356
V978	0.45477	0.06899	0.20564	0.13824	0.13235
V979	0.93676	0	0	0	0.06324
V980	0.39874	0.05583	0.11807	0.20791	0.21945
V981	0.08663	0.12213	0.06578	0.29522	0.43024
V982	0.49585	0.27557	0.11938	0	0.10919
V983	0.76897	0.07606	0	0.01885	0.13612
V984	0.16534	0.01832	0.07572	0.569	0.17161
V985	0.0022	0.05925	0.04913	0.71942	0.17
V986	0.59718	0.01201	0.34466	0	0.04615
V987	0.03888	0.19303	0.67988	0.01058	0.07763
V988	0.06263	0.06467	0.51059	0.25962	0.10249
V989	0.0256	0.13205	0.01838	0.3395	0.48447
V990	0.16261	0.33383	0	0.21613	0.28743
V991	0.06192	0.15888	0.11452	0.26349	0.40118
V992	0.9299	0	0	0	0.0701
V993	0	0.06604	0.58415	0.18854	0.16127
V994	0.13629	0.72241	0.01559	0	0.12571
V995	0	0.14214	0.60411	0.11797	0.13577
V996	0	0.02198	0.06365	0.64829	0.26608
V997	0.29871	0.07975	0.1639	0.16447	0.29318
V998	0	0.01699	0	0.7813	0.20172
V999	0.10954	0.02906	0.0813	0.57144	0.20866
V1000	0	0.05357	0.89053	0	0.0559
