CD56NK	CD4MemoryT	CD19B	CD14
V1	0.55508	0.00157	0.1252	0.31815
V2	0.12646	0.04328	0.02814	0.80213
V3	0.04607	0.57254	0.00346	0.37793
V4	0.88619	0.09294	0	0.02087
V5	0.10898	0.46098	0.22124	0.20881
V6	0.07178	0.8932	0.01244	0.02257
V7	0.13423	0.30086	0.05353	0.51139
V8	0.14458	0.00928	0.80737	0.03877
V9	0.22134	0.17558	0.01925	0.58382
V10	0.01913	0.01158	0.90361	0.06569
V11	0.23733	0.3505	0.40869	0.00347
V12	0.02183	0.61715	0.34815	0.01288
V13	0.27873	0.69857	0.00121	0.02149
V14	0.0628	0.92902	0.00307	0.00511
V15	0.11701	0.59179	0.09042	0.20078
V16	0.92956	0.03098	0.00966	0.0298
V17	0.08231	0.88846	0.00666	0.02257
V18	0.61564	0.31722	0.02636	0.04078
V19	0.16319	0.82206	0.00193	0.01281
V20	0.15709	0.40461	0.00758	0.43073
V21	0.14531	0.03285	0.78394	0.03789
V22	0.01356	0.04672	0.14984	0.78989
V23	0.43722	0.02515	0.53293	0.0047
V24	0.95083	0.03003	0.0189	0.00025
V25	0.35519	0.1869	0.09213	0.36579
V26	0.40407	0.34124	0.00784	0.24685
V27	0.07909	0.02069	0.01101	0.88921
V28	0.01163	0.03692	0.95019	0.00126
V29	0.49797	0.01376	0.45506	0.03321
V30	0.09323	0.16071	0.22471	0.52134
V31	0.2068	0.14596	0.24761	0.39963
V32	0.06281	0.00362	0.01868	0.91488
V33	0.041	0.50214	0.32996	0.1269
V34	0.1443	0.01873	0.79884	0.03813
V35	0.1663	0.74277	0.05801	0.03292
V36	0.00578	0.01198	0.40289	0.57935
V37	0.5495	0.04007	0.0625	0.34793
V38	0.41303	0	0.12458	0.46239
V39	0.17125	0.55658	0.09868	0.17348
V40	0.09901	0.84219	0.05879	0
V41	0.00179	0.64083	0.02649	0.33088
V42	0.20791	0.00742	0.15415	0.63051
V43	0.1458	0.33058	0.48817	0.03545
V44	0.01452	0.04402	0.71849	0.22297
V45	0.09641	0.60338	0.19098	0.10923
V46	0.85096	0.05535	0.08969	0.004
V47	0.51219	0.15533	0.27688	0.05559
V48	0.83463	0.14481	0.00049	0.02007
V49	0.75581	0.15448	0	0.08971
V50	0.06258	0.87071	0.06252	0.00419
V51	0.35013	0.39191	0.22536	0.03261
V52	0.02799	0.08049	0.85199	0.03953
V53	0.78129	0.10083	0.11788	0
V54	0.48571	0.16144	0.33115	0.02169
V55	0.20826	0.08195	0.19085	0.51894
V56	0.03349	0	0.05425	0.91226
V57	0.09453	0.88008	0.01264	0.01275
V58	0.62496	0.00012	0.02273	0.35219
V59	0.47644	0.39079	0.079	0.05377
V60	0.12841	0.10434	0.27236	0.49489
V61	0.83246	0.07512	0.0033	0.08912
V62	0.91712	0.02575	0.04519	0.01194
V63	0.01089	0.87001	0.09639	0.02272
V64	0.00297	0.83944	0	0.15759
V65	0.01198	0	0.06661	0.9214
V66	0.22244	0.69053	0.00991	0.07712
V67	0.17325	0.31964	0.49434	0.01277
V68	0.1367	0.09119	0.0106	0.76151
V69	0.02327	0.29571	0.61823	0.06279
V70	0.59301	0.11289	0.14448	0.14962
V71	0.16196	0.0374	0.3167	0.48394
V72	0.61175	0.11616	0.0648	0.20729
V73	0.1591	0.62395	0.10988	0.10707
V74	0.06289	0.20988	0.72723	0
V75	0.74719	0.00192	0.1485	0.10238
V76	0.00088	0.11286	0.13466	0.75161
V77	0.02986	0.2209	0.00224	0.747
V78	0.3077	0.07201	0.14082	0.47947
V79	0.00872	0.06649	0.80783	0.11697
V80	0.39275	0.0076	0.494	0.10564
V81	0.06147	0.13632	0.79664	0.00556
V82	0.00529	0.05075	0.93569	0.00826
V83	0.1179	0.11924	0.04675	0.71611
V84	0.38964	0.0209	0.11943	0.47003
V85	0.11258	0.28684	0.37231	0.22827
V86	0.04816	0.02929	0.87034	0.05221
V87	0.02789	0.85664	0.03605	0.07941
V88	0.15521	0.02644	0.21125	0.6071
V89	0.01594	0	0.14832	0.83574
V90	0.02088	0.92742	0.03849	0.01322
V91	0.02874	0.77721	0.15984	0.0342
V92	0.49747	0.00905	0.33054	0.16293
V93	0.88184	0.0132	0	0.10496
V94	0.0107	0.37846	0.01041	0.60043
V95	0.27669	0.41149	0.12515	0.18667
V96	0.05736	0.05454	0.0142	0.8739
V97	0.75012	0.07993	0.16611	0.00384
V98	0.71793	0.27006	0	0.012
V99	0.84922	0.03466	0.112	0.00412
V100	0.08608	0.0162	0.87058	0.02713
V101	0.01798	0.01063	0.0093	0.96209
V102	0.94382	0.04202	0.00138	0.01278
V103	0.01053	0.01509	0.06118	0.9132
V104	0.02238	0.96867	0.00337	0.00558
V105	0.05264	0.93438	0.00803	0.00495
V106	0.12717	0.53075	0.29509	0.04699
V107	0.21363	0.17026	0.55483	0.06128
V108	0.15869	0.76792	0.07339	0
V109	0.01248	0.11789	0.55789	0.31174
V110	0.04999	0.9029	0.02444	0.02267
V111	0.93954	0.00768	0.0475	0.00527
V112	0.1259	0.03126	0.3708	0.47204
V113	0.17788	0.06099	0.13193	0.62921
V114	0.22391	0.01807	0.05199	0.70604
V115	0.00427	0.79365	0.19773	0.00436
V116	0.15048	0.28522	0.33697	0.22733
V117	0.72237	0.21821	0.01949	0.03993
V118	0.16145	0.54838	0.01962	0.27054
V119	0.09654	0.03745	0.02987	0.83615
V120	0.08645	0.04706	0.8507	0.01579
V121	0.63044	0.08917	0.06379	0.2166
V122	0.96833	0.01259	0.00612	0.01296
V123	0.00286	0.45365	0.02661	0.51687
V124	0.68596	0.25368	0	0.06036
V125	0.4317	0.40285	0.14452	0.02093
V126	0.03066	0.09305	0.03013	0.84615
V127	0.15319	0.01965	0.20046	0.6267
V128	0.0246	0	0.07627	0.89912
V129	0.64079	0.20025	0.12808	0.03088
V130	0.00423	0.6927	0.29891	0.00417
V131	0.01919	0.8916	0	0.08921
V132	0.9539	0.00999	0.01541	0.0207
V133	0.94045	0.01495	0.03246	0.01215
V134	0.10275	0.34337	0.09578	0.45809
V135	0.06587	0.00196	0.13112	0.80105
V136	0.2385	0.34634	0.00285	0.41231
V137	0.708	0.02156	0.19714	0.07331
V138	0.22388	0.37257	0.14444	0.25911
V139	0.37695	0.16177	0.15659	0.30468
V140	0.02323	0.04781	0.03293	0.89603
V141	0.06226	0.11634	0.50773	0.31367
V142	0.82831	0.00959	0.1621	0
V143	0.45155	0.21417	0.04409	0.29018
V144	0.15679	0.10498	0.12576	0.61247
V145	0	0.79786	0.19753	0.00461
V146	0.04548	0	0.0204	0.93412
V147	0.93273	0.01887	0.00968	0.03873
V148	0.13635	0.04497	0.53934	0.27934
V149	0.28867	0.52081	0.18743	0.00309
V150	0.09275	0.21766	0.5862	0.10339
V151	0.2125	0.6145	0.0202	0.1528
V152	0.25623	0.43343	0.18854	0.1218
V153	0.10231	0.74915	0.01	0.13854
V154	0.27222	0.45681	0.23782	0.03315
V155	0.53211	0.10919	0.24246	0.11624
V156	0.03324	0.10614	0.68864	0.17198
V157	0.33144	0.11736	0.26682	0.28438
V158	0.01718	0	0.01952	0.9633
V159	0.90029	0.05138	0	0.04833
V160	0.69413	0.00116	0.03999	0.26473
V161	0.18809	0	0.01853	0.79338
V162	0.05722	0.23758	0.05378	0.65142
V163	0.09362	0.46815	0.13583	0.3024
V164	0.35834	0.26532	0.07624	0.30009
V165	0.00906	0.20314	0	0.7878
V166	0.00945	0.05543	0.04649	0.88864
V167	0.31656	0	0.00257	0.68086
V168	0.30668	0.57035	0.05594	0.06703
V169	0.16891	0.02485	0.02178	0.78446
V170	0.10337	0.00785	0.45968	0.4291
V171	0.1463	0.22021	0.58422	0.04927
V172	0.7693	0.008	0.21808	0.00462
V173	0.0235	0.09403	0.02476	0.85772
V174	0.01477	0.11081	0.0494	0.82501
V175	0.06654	0.00765	0.76026	0.16555
V176	0.0036	0.85016	0.14178	0.00446
V177	0.00459	0.98013	0	0.01528
V178	0.00178	0.74154	3e-05	0.25664
V179	0.15546	0.00151	0.31614	0.52688
V180	0.02434	0.91463	0.06103	0
V181	0.17915	0.10018	0.50927	0.2114
V182	0.34578	0.15087	0.43179	0.07156
V183	0.18657	0.80673	0.00226	0.00444
V184	0.97703	0.017	0.00518	0.00079
V185	0.60193	0.38846	0.0058	0.0038
V186	0.12238	0.47799	0.23296	0.16667
V187	0.96422	0.01345	0.01679	0.00554
V188	0.04857	0.1748	0	0.77663
V189	0.81891	0.01341	0.00779	0.1599
V190	0.71785	0.01134	0.26631	0.0045
V191	0.21424	0.18255	0.5547	0.04851
V192	0.31601	0.43452	0.03159	0.21788
V193	0.64683	0.01832	0.19106	0.14379
V194	0.03083	0.94314	0.00244	0.0236
V195	0.01455	0.02641	0.95052	0.00851
V196	0.01276	0.03915	0.00981	0.93829
V197	0.38596	0.02564	0.01399	0.57441
V198	0.06472	0.52051	0.34144	0.07333
V199	0.15039	0.00643	0.12943	0.71375
V200	0.12317	0.52487	0.00778	0.34418
V201	0.0951	0.55398	0.15948	0.19144
V202	0.01587	0.01047	0.74137	0.23229
V203	0.18316	0.43249	0.36173	0.02262
V204	0.00344	0.47376	0.00048	0.52231
V205	0.02013	0.04318	0.9196	0.0171
V206	0.051	0.07763	0.86502	0.00635
V207	0.11735	0.13662	0.03353	0.7125
V208	0.29105	0.04773	0.64749	0.01372
V209	0.3202	0.43975	0.04652	0.19354
V210	0.08322	0.79343	0.06656	0.05678
V211	0.3917	0.00301	0.01962	0.58567
V212	0.57139	0.02649	0.38057	0.02155
V213	0.65338	0.01474	0.0768	0.25508
V214	0.3387	0.11798	0.12531	0.418
V215	0.26684	0.05821	0.01004	0.6649
V216	0.03131	0	0.01744	0.95125
V217	0.03794	0.47329	0.19762	0.29115
V218	0.09326	0.4165	0.13437	0.35587
V219	0.10095	0.60494	0.0035	0.29061
V220	0.00178	0.8136	0.00066	0.18396
V221	0.79756	0.00454	0	0.1979
V222	0.34931	0.10074	0.32061	0.22934
V223	0.00754	0.11223	0.7764	0.10383
V224	0.97035	0.01448	0.01462	0.00056
V225	0.05227	0.90436	0.03901	0.00435
V226	0.35345	0.06314	0.57031	0.01311
V227	0.83051	0.00722	0.15042	0.01185
V228	0.81217	0.04538	0.04149	0.10097
V229	0.02021	0.01999	0.93078	0.02901
V230	0.01588	0.00839	0.0172	0.95852
V231	0.01204	0.21645	0.07817	0.69335
V232	0.03616	0.60862	0	0.35522
V233	0.60942	0.06067	0.15843	0.17148
V234	0.03062	0.93691	0.01904	0.01342
V235	0.43035	0.04336	0.49234	0.03396
V236	0.04683	0.04858	0.80144	0.10315
V237	0.13866	0	0.02031	0.84103
V238	0.13799	0.57249	0.23122	0.0583
V239	0.05578	0.33939	0.00927	0.59556
V240	0.54655	0.02401	0.37464	0.0548
V241	0.01816	0.01121	0.88058	0.09005
V242	0.13192	0.78732	0.06868	0.01208
V243	0.27145	0.02712	0.60441	0.09702
V244	0.22754	0.00631	0.65688	0.10927
V245	0.64339	0.26288	0.03112	0.06261
V246	0.06008	0.12993	0.78397	0.02601
V247	0.19298	0.02218	0.78477	7e-05
V248	0.01878	0.01046	0.03165	0.93911
V249	0.00283	0.02977	0.87672	0.09067
V250	0.81164	0.00848	0.17532	0.00456
V251	0.95313	0.03943	0.00179	0.00565
V252	0.00573	0.86625	0.12801	0
V253	0.36035	0.04047	0.12108	0.4781
V254	0.00399	0.95804	0.03284	0.00513
V255	0.03971	0.91543	0	0.04486
V256	0.19799	0.18808	0.49931	0.11463
V257	0.44435	0.06885	0.19031	0.29649
V258	0.19378	0.23927	0.39693	0.17002
V259	0.03296	0.28645	0.63034	0.05026
V260	0.00248	0.28703	0.7048	0.00568
V261	0.65233	0.01648	0.15323	0.17797
V262	0.07913	0.02655	0.01097	0.88335
V263	0.01251	0.96266	0	0.02483
V264	0.16117	0.01777	0.36793	0.45313
V265	0.02457	0	0.09701	0.87842
V266	0.67195	0.32534	0.00271	0
V267	0	0.128	0.22499	0.64701
V268	0.36856	0.0079	0.10241	0.52113
V269	0.00369	0.57825	0.35805	0.06002
V270	0.69332	0.01406	0.19731	0.09531
V271	0.82658	0.04538	0.01751	0.11053
V272	0.0471	0.82122	0.00519	0.12649
V273	0.04328	0.00409	0.0251	0.92754
V274	0.73358	0.00143	0.14018	0.1248
V275	0.0073	0.02891	0.95469	0.00911
V276	0.51987	0.29782	0.00307	0.17925
V277	0.02824	0.14982	0.11851	0.70342
V278	0.02941	0.02666	0.22646	0.71746
V279	0.7244	0.03645	0.07767	0.16148
V280	0.01718	0	0.01952	0.9633
V281	0.54961	0.01447	0.10161	0.33431
V282	0.05815	0.04934	0.81507	0.07744
V283	0.21515	0.56324	0.04019	0.18141
V284	0.02171	0.9342	0.03942	0.00466
V285	0.08718	0.02183	0.89029	7e-04
V286	0.25865	0.5426	0.08035	0.1184
V287	0.0931	0.87771	0.00666	0.02253
V288	0.01095	0.24241	0.3818	0.36485
V289	0.32095	0.19155	0.38976	0.09774
V290	0.84419	0.14857	0.00725	0
V291	0.55104	0.05118	0.38569	0.01209
V292	0.93329	0.00965	0	0.05706
V293	0.33344	0.01014	0.60958	0.04684
V294	0.07558	0.30179	0	0.62264
V295	0.01237	0.12217	0.14362	0.72184
V296	0.19659	0.09517	0.59429	0.11395
V297	0.06065	0	0.04664	0.89271
V298	0.34232	0.08176	0.56287	0.01304
V299	0.05663	0.21087	0.0063	0.7262
V300	0.00319	0.00969	0.17405	0.81306
V301	0.1277	0.08605	0.62922	0.15703
V302	0.67923	0.30879	0	0.01199
V303	0	0.6209	0.3437	0.0354
V304	0.05394	0.01486	0.71082	0.22039
V305	0.12071	0.12344	0.41646	0.33939
V306	0.84974	0.07101	0.03025	0.049
V307	0.01208	0.96578	0.00798	0.01415
V308	0.23669	0.19006	0.25309	0.32015
V309	0.32615	0.26001	0.01258	0.40125
V310	0.06835	0.25972	0.1111	0.56083
V311	0.54323	0.45137	0.00141	0.004
V312	0.09678	0.76784	0.11311	0.02227
V313	0.00518	0.06779	0.01393	0.91309
V314	0.00947	0.42633	0.07862	0.48558
V315	0.11401	0.59577	0.01967	0.27055
V316	0.33725	0.10211	0.3432	0.21745
V317	0.07981	0.68683	0.02717	0.20619
V318	0.02572	0.49658	0.00367	0.47404
V319	0.05939	0.04442	0.85669	0.03951
V320	0.07758	0.1151	0.63518	0.17214
V321	0.66178	0.3354	0.00282	0
V322	0.18155	0.26522	0.04543	0.50779
V323	0.04068	0.0024	0.05956	0.89736
V324	0.71103	0.22383	0.04511	0.02003
V325	0.32095	0.63942	0.03621	0.00342
V326	0	0.51324	0.06238	0.42438
V327	0.01459	0.09376	0.07064	0.82102
V328	0.04396	0.0142	0.7078	0.23404
V329	0.15434	0.06858	0.1244	0.65268
V330	0.39374	0.004	0.27501	0.32726
V331	0.31559	0.05147	0.02482	0.60812
V332	0.00827	0.02022	0.13414	0.83737
V333	0.46306	0.0502	0.34295	0.14379
V334	0.35801	0.00321	0.29528	0.34351
V335	0.02156	0.31865	0.488	0.1718
V336	0.17257	0.69134	0.00975	0.12634
V337	0.31438	0.39639	0.25616	0.03307
V338	0	0.98994	0.00389	0.00616
V339	0.13896	0.01436	0.83997	0.00671
V340	0.05173	0.19514	0.49377	0.25936
V341	0.01742	0.00942	0.04263	0.93053
V342	0.2623	0.00456	0.56198	0.17116
V343	0.97174	0.01996	0.00228	0.00603
V344	0.72663	0.12975	0.14362	0
V345	0.02008	0.03183	0.94706	0.00102
V346	0.22454	0.07498	0.23002	0.47046
V347	0.03245	0	0.08878	0.87877
V348	0.04862	0.65455	0.10966	0.18717
V349	0.38195	0.13462	0.34793	0.13551
V350	0.02398	0.83138	0.14464	0
V351	0.01325	0.01041	0.3209	0.65543
V352	0.04701	0.01388	0.83706	0.10205
V353	0.89794	0.01653	0.01841	0.06712
V354	0.03997	0.72392	0.18984	0.04627
V355	0.29024	0.05137	0.41441	0.24399
V356	0.02463	0.00258	0.06769	0.90509
V357	0.10736	0.29328	0.23537	0.36399
V358	0.53202	0.06911	0.02854	0.37033
V359	0.54795	0.03196	0.01686	0.40324
V360	0.57655	0.4018	0.01029	0.01136
V361	0	0.46655	0.52853	0.00492
V362	0	0.98487	0.00925	0.00587
V363	0.17293	0.08338	0.42212	0.32157
V364	0.16526	0.04346	0.66413	0.12716
V365	0.22795	0.00826	0.00704	0.75676
V366	0.06939	0.67746	0.05622	0.19693
V367	0.55456	0.09985	0	0.34559
V368	0.08127	0.74393	0.05693	0.11787
V369	0.01433	0.41247	0.56843	0.00477
V370	0.33127	0.25721	0.3778	0.03373
V371	0.18564	0.72053	0.01616	0.07767
V372	0.13764	0.02399	0.08245	0.75592
V373	0.07231	0.10064	0.4206	0.40645
V374	0.81625	0.01369	0.17007	0
V375	0.03134	0.01338	0.10175	0.85353
V376	0.02437	0.00848	0.0671	0.90004
V377	0.76714	0	0.00327	0.22959
V378	0.00635	0.01079	0.32934	0.65352
V379	0.3097	0.14525	0.00315	0.5419
V380	0.12987	0.03875	0.14871	0.68267
V381	0.74325	0.00634	0.06132	0.18909
V382	0.08941	0.02694	0.87692	0.00673
V383	0.83716	0.0053	0.0289	0.12864
V384	0.5623	0.04925	0.09566	0.29279
V385	0.88145	0.01168	0.0488	0.05807
V386	0.27173	0.00247	0.10232	0.62347
V387	0.63198	0.11552	0.15281	0.09969
V388	0.39432	0.29494	0.11371	0.19702
V389	0.42677	0.49391	0.00411	0.0752
V390	0.32802	0.24322	0.42522	0.00354
V391	0.38392	0.06814	0.00794	0.54
V392	0.44303	0.18022	0.12898	0.24777
V393	0.30147	0.19644	0.30943	0.19267
V394	0.07699	0.16845	0.07734	0.67722
V395	0.22427	0.3643	0.16523	0.2462
V396	0.00407	0.96863	0.00293	0.02438
V397	0.82471	0.0644	0.07159	0.03929
V398	0.43917	0.09591	0.06469	0.40024
V399	0.19789	0.55027	0.11832	0.13351
V400	0	0.5291	0.04078	0.43012
V401	0.03555	0.1321	0.72876	0.10358
V402	0.82052	0.15626	0.02321	0
V403	0.01837	0.0041	0.04898	0.92856
V404	0.09191	0.17017	0.60711	0.13081
V405	0.19393	0.0114	0.12159	0.67308
V406	0.66319	0.21215	0.00765	0.11701
V407	0	0.98994	0.00389	0.00616
V408	0.08511	0.20738	0.35187	0.35565
V409	0.01049	0.00407	0.02001	0.96542
V410	0.08224	0.87738	0.01802	0.02235
V411	0.39441	0.00019	0	0.6054
V412	0.15637	0.04949	0.44836	0.34578
V413	0.04725	0.45182	0.14453	0.3564
V414	0.02945	0.50769	0.29452	0.16834
V415	0.44018	0.01621	0.18205	0.36155
V416	0.01483	0.07267	0.91203	0.00048
V417	0.39336	0.60081	0.00182	0.004
V418	0.05707	0.06057	0.09937	0.78299
V419	0.01636	0	0.02461	0.95903
V420	0	0.88198	0.0063	0.11172
V421	0.16304	0.02727	0.65651	0.15318
V422	0.03527	0.02976	0.00924	0.92573
V423	0.08608	0.0162	0.87058	0.02713
V424	0	0.02942	0.55646	0.41412
V425	0.05382	0.21478	0.58499	0.14641
V426	0.09343	0.03181	0.78606	0.0887
V427	0.05794	0.35175	0.15149	0.43882
V428	0.08048	0.78099	0.03494	0.1036
V429	0.01588	0	0.02938	0.95473
V430	0.77659	0.13513	0.00808	0.08021
V431	0.17404	0.01329	0.38679	0.42588
V432	0.08648	0.05199	0.02943	0.8321
V433	0.04705	0.69659	0	0.25637
V434	0.30367	0.04434	0.03139	0.62059
V435	0.48531	0.0051	0.08518	0.42441
V436	0.34801	0.00336	0.07885	0.56979
V437	0.20403	0.17384	0	0.62213
V438	0.61409	0.11984	0.01737	0.2487
V439	0.02491	0.05872	0.00802	0.90835
V440	0.44598	0.01951	0.01844	0.51607
V441	0.06425	0.09917	0.56435	0.27223
V442	0.32578	0.3052	0.10412	0.2649
V443	0.74924	0.00238	0.06099	0.18739
V444	0.02008	0.03183	0.94706	0.00102
V445	0.66507	0.01245	0.29119	0.03129
V446	0.02811	0.84442	0.03576	0.09171
V447	0.66975	0.06923	0.13979	0.12123
V448	0.01415	0.03242	0.14102	0.81241
V449	0.60006	0.02701	0.24866	0.12426
V450	0.14578	0.84517	0.00905	0
V451	0.93632	0.04233	0	0.02135
V452	0.02647	0	0.04903	0.9245
V453	0.84253	0.0556	0.04259	0.05928
V454	0	0.95362	0.03253	0.01385
V455	0.64709	0.02162	0.25599	0.0753
V456	0.35019	0.09228	0.3413	0.21623
V457	0.01078	0.01061	0.01454	0.96406
V458	0.23953	0.17334	0	0.58713
V459	0.00924	0.80727	0.06544	0.11805
V460	0.96078	0.01066	0.01591	0.01264
V461	0.04602	0.01065	0.00933	0.93401
V462	0.31941	0.1941	0	0.48649
V463	0.26394	0.46177	0.1269	0.14739
V464	0.47411	0.06786	0	0.45804
V465	0.40801	0.39195	0.014	0.18603
V466	0.57558	0.14554	0	0.27888
V467	0.33017	0.57002	0.05629	0.04352
V468	0.52494	0.37841	0.03226	0.06438
V469	0.01147	0.12636	0.22686	0.63531
V470	0.57596	0.09289	0.14338	0.18777
V471	0.23645	0.06668	0.02027	0.6766
V472	0.30246	0.27596	0	0.42157
V473	0.10021	0.57158	0.3054	0.02282
V474	0.0955	0	0.07078	0.83372
V475	0.17344	0.34965	0.05303	0.42389
V476	0.13654	0.00147	0.03692	0.82507
V477	0.61992	0.0233	0.16392	0.19286
V478	0.12193	0.54164	0	0.33644
V479	0.01702	0.066	0.80034	0.11664
V480	0.06607	0.24593	0.02648	0.66152
V481	0.16244	0.01585	0.80628	0.01542
V482	0.74349	0.13377	0.08234	0.0404
V483	0.10615	0.06719	0.04759	0.77907
V484	0.01756	0.03598	0.01876	0.92771
V485	0.11288	0.71981	0.0046	0.16271
V486	0.26363	0.21825	0.09305	0.42508
V487	0.05698	0.01934	0.05744	0.86624
V488	0.00277	0.0109	0.84578	0.14055
V489	0.23989	0.08559	0.66082	0.0137
V490	0.33777	0.26926	0.04417	0.3488
V491	0.45934	0.44446	0.02037	0.07582
V492	0.02127	0.8678	0.1066	0.00432
V493	0.02085	0.00075	0.01122	0.96718
V494	0.20793	0.13147	0.49124	0.16936
V495	0.23603	0.63139	0.11102	0.02156
V496	0.27444	0.67173	0	0.05383
V497	0.015	0.02114	0.95506	0.0088
V498	0.2841	0.06727	0.03093	0.6177
V499	0.65852	0.24401	0.09409	0.00339
V500	0.10806	0.10398	0.73752	0.05044
V501	0.01033	0	0.03175	0.95792
V502	0.59289	0.25441	0.12174	0.03096
V503	0.17949	0.06182	0.15059	0.6081
V504	0.23327	0.68535	0.00455	0.07683
V505	0.19259	0.17318	0.20866	0.42557
V506	0.0868	0.22488	0.41612	0.2722
V507	0.63399	0.07295	0.08773	0.20533
V508	0.78831	0.13711	0.02479	0.04979
V509	0.23688	0.04305	0.45972	0.26035
V510	0.24142	0.52996	0.22535	0.00327
V511	0.03591	0.35535	0.02645	0.5823
V512	0.21298	0.02379	0.05223	0.711
V513	0.07319	0.66205	0.1811	0.08365
V514	0.01484	0.03485	0.0068	0.94351
V515	0.78291	0.04376	0.02863	0.1447
V516	0.9166	0.07787	0	0.00553
V517	0.03015	0.00818	0.18806	0.77362
V518	0.95876	0.035	0	0.00625
V519	0.01842	0.85632	0.00069	0.12457
V520	0.02083	0.00123	0.54512	0.43282
V521	0.61757	0.03182	0.31887	0.03174
V522	0.00429	0.0954	0.52358	0.37673
V523	0.36203	0.09501	0.21238	0.33058
V524	0.00218	0.8033	0.16009	0.03443
V525	0.23034	0.154	0.01376	0.6019
V526	0.64904	0.05507	0.04868	0.24722
V527	0.19634	0.01127	0.33142	0.46097
V528	0.09187	0.85296	0	0.05517
V529	0.04717	0.03231	0.1654	0.75512
V530	0.00526	0.18293	0.66772	0.14409
V531	0.0145	0.89263	0.09288	0
V532	0.1526	0.26835	0.0142	0.56484
V533	0.2843	0.31684	0.10456	0.29431
V534	0.00592	0.0082	0.65209	0.33379
V535	0.50242	0	0.0044	0.49318
V536	0.17848	0	0.30236	0.51916
V537	0.63563	0.23302	0.12027	0.01108
V538	0.42907	0.03316	0.05618	0.48159
V539	0.27669	0.41149	0.12515	0.18667
V540	0.20319	0.70295	0.0497	0.04417
V541	0.00993	0.45023	0.04028	0.49955
V542	0.18549	0.09111	0.20092	0.52248
V543	0.87321	0.00719	0.00428	0.11532
V544	0.08651	0.05248	0.12454	0.73647
V545	0.34182	0.10309	0.04418	0.51092
V546	0.04218	0.90605	0.04738	0.00439
V547	0.03092	0.67504	0.28138	0.01266
V548	0.15584	0.77946	0.06097	0.00374
V549	0.36291	0.02402	0.59962	0.01345
V550	0.54364	0.0143	0	0.44207
V551	0.17482	0.73601	0.02219	0.06699
V552	0	0.45986	0.00061	0.53953
V553	0.2535	0.13102	0.5916	0.02388
V554	0.04075	0.04884	0.01576	0.89465
V555	0.08356	0.1875	0.27964	0.44931
V556	0.00428	0.02779	0.92591	0.04202
V557	0.80762	0.01832	0.00308	0.17098
V558	0.05752	0.77515	0.01601	0.15132
V559	0.00557	0.83055	0.16388	0
V560	0.7025	0.29287	0	0.00463
V561	0.0073	0.02891	0.95469	0.00911
V562	0.80069	0.00476	0.0838	0.11075
V563	0.27373	0.0115	0.70916	0.0056
V564	0.06138	0.06559	0.85714	0.01589
V565	0.12242	0.2329	0.33155	0.31313
V566	0.68626	0.06971	0	0.24403
V567	0.20586	0.39704	0.01327	0.38383
V568	0.20813	0	0.03347	0.7584
V569	0.64387	0.01533	0	0.3408
V570	0.02225	0.28239	0.60592	0.08944
V571	0.8295	0.10229	0	0.06821
V572	0.47517	0.00553	0.39217	0.12713
V573	0.04853	0.12097	0.00338	0.82712
V574	0.03042	0.81448	0.14256	0.01254
V575	0.01488	0.04708	0.08689	0.85115
V576	0.15194	0.81164	0.02416	0.01225
V577	0.02974	0.01944	0.15646	0.79435
V578	0.05284	0.04816	0.64646	0.25254
V579	0.00281	0.90436	0.06986	0.02296
V580	0.12488	0	0.07624	0.79888
V581	0.05166	0.04416	0.00436	0.89982
V582	0.57547	0.10989	0.0171	0.29754
V583	0.00511	0.02815	0.52358	0.44316
V584	0.57292	0.13333	0.25053	0.04322
V585	0.00648	0.00133	0.36734	0.62485
V586	0.25463	0.00951	0.61406	0.1218
V587	0.29588	0.01132	0.65709	0.03572
V588	0.60221	0.02528	0.01178	0.36074
V589	0.04885	0.82864	0.04289	0.07962
V590	0.04272	0.79174	0.16155	0.00399
V591	0.00335	0.01515	0.14986	0.83164
V592	0.18065	0.0353	0.78406	0
V593	0.57983	0	0.14017	0.28001
V594	0.37099	0.27422	0.29742	0.05736
V595	0.02259	0.00644	0.01675	0.95422
V596	0.0264	0.23177	0.17662	0.56521
V597	0	0.58993	0.2998	0.11026
V598	0.01886	0.10565	0.85938	0.01611
V599	0.65681	0.29293	0.02019	0.03007
V600	0.36622	0.44919	0.03209	0.1525
V601	0.14394	0.22121	0.0528	0.58205
V602	0.02348	0.00836	0.01174	0.95642
V603	0.00628	0.29976	0.00692	0.68704
V604	0.56899	0.09797	0.301	0.03204
V605	0.06247	0.3073	0.35901	0.27123
V606	0.73957	0.12261	0.00314	0.13469
V607	0.64398	0.00489	0.07616	0.27497
V608	0.22518	0.13144	0.33671	0.30667
V609	0.01882	0.18593	0.1835	0.61175
V610	0.78147	0.01296	0.06161	0.14396
V611	0.24863	0	0.03314	0.71823
V612	0.02663	0.07608	0.80698	0.09032
V613	0.03244	0.33486	0.58282	0.04987
V614	0.77239	0.04328	0.02838	0.15595
V615	0.10789	0.02733	0.00516	0.85962
V616	0.06813	0.68539	0.02699	0.21949
V617	0.52279	0.14715	0.33005	0
V618	0.68565	0.0019	0	0.31246
V619	0.38963	0.01803	0.25865	0.3337
V620	0.00423	0.6927	0.29891	0.00417
V621	0.43378	0.12006	0.13483	0.31133
V622	0.39637	0.20731	0.36305	0.03327
V623	0.01481	0.03923	0.1021	0.84386
V624	0.80745	0.17206	0	0.02049
V625	0.27132	0.47397	0.0709	0.18382
V626	0.96169	0.02474	0	0.01357
V627	0.0068	0.00598	0.05198	0.93523
V628	0.00312	0.16674	0.00894	0.82119
V629	0.11847	0.25754	0.23308	0.39092
V630	0.03209	0.33292	0.57276	0.06223
V631	0.01347	0.13727	0.07024	0.77901
V632	0.56578	0	0.09947	0.33475
V633	0.00258	0.02597	0.80337	0.16808
V634	0.44135	0.25402	0.30128	0.00335
V635	0.01738	0.72439	0	0.25823
V636	0.12741	0.08557	0.61688	0.17013
V637	0.29105	0.15037	0.05874	0.49984
V638	0.37088	0.21458	0.04399	0.37056
V639	0.29114	0.4319	0.27696	0
V640	0.03659	0.13674	0.76266	0.06401
V641	0.89994	0.02874	0.01362	0.0577
V642	0.77479	0.14651	0	0.0787
V643	0.00315	0.14973	0.39229	0.45483
V644	0.92327	0.0633	0.00112	0.0123
V645	0.28828	0.41057	0.27923	0.02192
V646	0.00473	0.98565	0.00372	0.00591
V647	0.15691	0.0714	0.6965	0.0752
V648	0.44012	0.42095	0.10723	0.0317
V649	0.02655	0.05119	0.84456	0.0777
V650	0.0581	0.07476	0.77708	0.09006
V651	0.34819	0.0103	0.63619	0.00532
V652	0.08054	0.06216	0.37681	0.48049
V653	0.11796	0.66304	0.07299	0.146
V654	0.73146	0.16987	0.0372	0.06146
V655	0.02565	0.51318	0.00869	0.45248
V656	0.18327	0.21266	0.00356	0.60052
V657	0.01949	0.03792	0.00927	0.93331
V658	0.62074	0.17468	0.03671	0.16787
V659	0.34122	0.06452	0.31318	0.28109
V660	0.02143	0.95417	0	0.02439
V661	0.04582	0.35852	0.0326	0.56306
V662	0.44288	0.01085	0.41693	0.12934
V663	0.26021	0.05583	0.53178	0.15219
V664	0.22305	0.05279	0.66321	0.06094
V665	0.716	0.15424	0.02457	0.10519
V666	0.55555	0	0.06851	0.37594
V667	0.80552	0.06133	0.13316	0
V668	0.12196	0.81097	0.06707	0
V669	0.24207	0.4008	0.2201	0.13703
V670	0.07235	0.90401	0	0.02364
V671	0.39156	0.26363	0.22461	0.12021
V672	0.01936	0.02401	0.9159	0.04072
V673	0.2393	0.34453	0.1966	0.21958
V674	0.73187	0.11284	0.00785	0.14744
V675	0.13597	0.30211	0.27979	0.28213
V676	0.02222	0.06869	0.07126	0.83782
V677	0.40108	0.37508	0.06937	0.15447
V678	0.53597	0.45443	0.00584	0.00376
V679	0.04778	0.31637	0.62191	0.01394
V680	0.32383	0.54544	0.10941	0.02131
V681	0.91347	0.05167	0.00502	0.02984
V682	0.119	0.29452	0.53735	0.04912
V683	0.00762	0.98089	0.01149	0
V684	0.7415	0.13059	0.06601	0.0619
V685	0.52857	0.32211	0.09585	0.05347
V686	0.0767	0.13182	0.10916	0.68233
V687	0.02308	0.00181	0.01702	0.9581
V688	0.3722	0.47208	0	0.15572
V689	0.21631	0	0.02787	0.75581
V690	0.51299	0.02919	0.37859	0.07923
V691	0.17766	0.01329	0.80275	0.0063
V692	0.08158	0.1206	0.70822	0.08959
V693	0.23283	0.07938	0.31707	0.37072
V694	0.00679	0.00901	0.22393	0.76027
V695	0.2128	0	0.11192	0.67528
V696	0.0581	0.04825	0.01016	0.8835
V697	0.01462	0.0265	0.01093	0.94795
V698	0.80352	0.00448	0.00346	0.18854
V699	0.59216	0.25262	0.04502	0.11021
V700	0.19864	0.00772	0.00362	0.79002
V701	0.10279	0.49436	0.07935	0.3235
V702	0.50976	0.05226	0.00271	0.43527
V703	0.12908	0.03314	0.42808	0.4097
V704	0.82639	0.03063	0.01298	0.13
V705	0.95805	0.00613	0.00577	0.03006
V706	0.0799	0.03885	0.76591	0.11535
V707	0.03161	0.44147	0.47785	0.04907
V708	0.02801	0.87077	0.01117	0.09005
V709	0.14414	0.25099	0.50313	0.10174
V710	0.61711	0.17347	0.02996	0.17946
V711	0.08392	0.81527	0.06732	0.03349
V712	0.81184	0.03819	0	0.14997
V713	0.43058	0.25262	0.01799	0.2988
V714	0.00176	0.61442	0.00924	0.37459
V715	0.3296	0.31888	0.26756	0.08396
V716	0.0262	0.01574	0.03059	0.92747
V717	0.07326	0.91265	0	0.01409
V718	0.1463	0.55593	0.14809	0.14967
V719	0.04654	0.67628	0.02053	0.25665
V720	0.73122	0.00278	0.18426	0.08175
V721	0.12226	0.13461	0.43038	0.31274
V722	0.07567	0.27311	0.00493	0.64629
V723	0.08774	0.04838	0.00507	0.85881
V724	0.55749	0.01421	0.05459	0.37371
V725	0.00312	0.08244	0.87386	0.04058
V726	0.02624	0.32094	0.08672	0.5661
V727	0.27741	0.65196	0.06745	0.00318
V728	0.02131	0.90106	0.0732	0.00443
V729	0.38137	0.00436	0.11886	0.49541
V730	0.92038	0.02454	0.02536	0.02973
V731	0.01919	0.15622	0.33958	0.48501
V732	0.36551	0.0559	0.30049	0.2781
V733	0.65546	0.15072	0.0179	0.17592
V734	0.26416	0.30296	0.42937	0.00351
V735	0.01292	0.01156	0.40548	0.57005
V736	0.12094	0	0.00785	0.8712
V737	0.35047	0.2583	0.20387	0.18736
V738	0.07633	0.31571	0.42205	0.18591
V739	0	0.00543	0.53045	0.46412
V740	0.87494	0.0689	0.0445	0.01166
V741	0.4778	0.07221	0.08869	0.3613
V742	0.41524	0.5766	0.00817	0
V743	0.14746	0.12485	0.70264	0.02506
V744	0.55386	0.02619	0.28134	0.13861
V745	0.00915	0.6945	0.14922	0.14713
V746	0.97974	0.01343	0	0.00683
V747	0.05257	0.00425	0.66035	0.28282
V748	0.12474	0.08126	0.55266	0.24134
V749	0.25767	0.1275	0.03099	0.58385
V750	0.42025	0.42451	0.0079	0.14734
V751	0.03853	0.871	0.02296	0.06751
V752	0.47768	0.18971	0.10145	0.23116
V753	0.01859	0.00583	0.01024	0.96534
V754	0.00354	0.91852	0	0.07794
V755	0.1447	0.15845	0.29043	0.40642
V756	0.02122	0.00016	0.03229	0.94633
V757	0.35216	0.5739	0.04216	0.03178
V758	0.03807	0.77608	0.09205	0.09379
V759	0.11268	0.03743	0.33875	0.51115
V760	0.28544	0.03537	0.22283	0.45636
V761	0.0632	0.58386	0.24184	0.1111
V762	0.00077	0.31125	0.00721	0.68077
V763	0.3796	0.30817	0.01279	0.29944
V764	0.00293	0.91759	0.00143	0.07806
V765	0.64205	0.06125	0	0.29669
V766	0.01148	0.29289	0.39856	0.29707
V767	0.50925	0.096	0.20256	0.19219
V768	0.05005	0.91441	0.01274	0.0228
V769	0.13955	0.83019	0.01799	0.01228
V770	0.00473	0.98565	0.00372	0.00591
V771	0.18877	0.01557	0.78059	0.01507
V772	0.15065	0.03882	0.80472	0.0058
V773	0.16319	0.82206	0.00193	0.01281
V774	0.02007	0.01392	0.92437	0.04164
V775	0.09674	0.02052	0.21822	0.66453
V776	0.44317	0.38766	0.03176	0.13741
V777	0.15282	0.07711	0.09897	0.67109
V778	0.55412	0.24166	0.04445	0.15977
V779	0.16707	0.02671	0.43874	0.36748
V780	0.11207	0.78043	0.1075	0
V781	0.03637	0.01009	0.01976	0.93378
V782	0.00893	0.10396	0.79651	0.09059
V783	0.78592	0.01204	0.02816	0.17388
V784	0.10649	0.88118	0.0077	0.00463
V785	0.02991	0.93956	0.00733	0.0232
V786	0.76	0.13175	0.05791	0.05034
V787	0	0.86223	0.13317	0.0046
V788	0.54611	0.27782	0.12237	0.0537
V789	0.05627	0.29602	0.01524	0.63247
V790	0.41821	0.01363	0.04931	0.51885
V791	0.13773	0.35771	0.2926	0.21196
V792	0.12095	0.47839	0	0.40066
V793	0.11455	0.62079	0.01994	0.24472
V794	0.0466	0.06499	0.78509	0.10332
V795	0.08626	0.01884	0.03753	0.85737
V796	0.02849	0.07316	0.87115	0.0272
V797	0.79832	0.00703	0.18264	0.01202
V798	0.65647	0.271	0.0525	0.02002
V799	0.12624	0.76752	0.01614	0.09009
V800	0.05839	0.01226	0.44712	0.48223
V801	0.12721	0.08405	0.26876	0.51997
V802	0.02868	0.04793	0.21113	0.71225
V803	0.24051	0.52432	0.23518	0
V804	0.56319	0.01012	0.33842	0.08827
V805	0.02221	0.02657	0.94996	0.00125
V806	0.03921	0.90957	0.00655	0.04467
V807	0.22821	0.10772	0.02025	0.64382
V808	0.69343	0.24076	0.0257	0.04011
V809	0.04783	0.04284	0.90892	0.00041
V810	0.00564	0.98787	0	0.00649
V811	0.42227	0.05016	0.15817	0.36939
V812	0.56012	0.22663	0.03048	0.18278
V813	0.64486	0.16916	0.15508	0.0309
V814	0.45294	0.5146	0.0291	0.00336
V815	0	0.93725	0.05773	0.00502
V816	0.94276	0.01173	0.04527	0.00025
V817	0.02895	0.06705	0.88763	0.01637
V818	0.00672	0.02563	0.0267	0.94095
V819	0.85752	0.06333	0.03025	0.0489
V820	0.10568	0.06162	0.01231	0.82039
V821	0.23628	0.30189	0.36287	0.09896
V822	0.07331	0.02289	0.87657	0.02722
V823	0.02284	0.17169	0.67411	0.13136
V824	0.09641	0.38652	0.51707	0
V825	0.22327	0.25842	0.21411	0.3042
V826	0.46514	0.39892	0.12477	0.01118
V827	0.38932	0.57429	0.00497	0.03142
V828	0.20056	0.12052	0.07561	0.60331
V829	0.02917	0.18419	0.02188	0.76476
V830	0.19535	0.17392	0.01383	0.61691
V831	0.78307	0.06599	0.01762	0.13332
V832	0.27711	0.37286	0.1343	0.21574
V833	0.14626	0.48769	0.14706	0.21898
V834	0.26219	0.04454	0.05139	0.64188
V835	0.37787	0.43003	0.08795	0.10415
V836	0.00236	0.61645	0	0.3812
V837	0.22345	0.3496	0.15382	0.27313
V838	0.94206	0.03677	0.01605	0.00512
V839	0.31613	0.60545	0.07519	0.00323
V840	0.30284	0.69387	0.00328	0
V841	0.0029	0.0368	0.88255	0.07775
V842	0.36847	0.13486	0.21661	0.28006
V843	0.01729	0.01943	0.86028	0.103
V844	0.10267	0.06006	0.31985	0.51741
V845	0.07061	0.09164	0.74809	0.08966
V846	0.00184	0.01052	0.70591	0.28174
V847	0.01312	0.00074	0.01721	0.96892
V848	0.08213	0.47906	0.13655	0.30225
V849	0	0.95226	0.00275	0.04499
V850	0.9718	0.00832	0.00665	0.01324
V851	0.35681	0.52323	0.11996	0
V852	0.08559	0.02511	0.0905	0.7988
V853	0.26224	0.20103	0.36926	0.16747
V854	0.618	0.13715	0.07366	0.17118
V855	0.01312	0.00074	0.01721	0.96892
V856	0.0382	0.32657	0.30904	0.32619
V857	0.68908	0.14211	0.01826	0.15055
V858	0.60579	0.01172	0.37789	0.0046
V859	0.6729	0.20261	0.00778	0.11672
V860	0.15971	0.07435	0.03341	0.73253
V861	0.09513	0.35985	0.5318	0.01321
V862	0.14376	0.07249	0.72149	0.06227
V863	0.16951	0.03346	4e-05	0.79699
V864	0.04965	0.01415	0.03435	0.90185
V865	0.09658	0	0.20421	0.69921
V866	0.77231	0.01444	0.20156	0.01169
V867	0.77008	0.02157	0.20406	0.0043
V868	0.54433	0.25101	0.10323	0.10142
V869	0.01339	0.97754	0.0034	0.00567
V870	0.08528	0.27576	0.00939	0.62957
V871	0	0.95226	0.00275	0.04499
V872	0.00819	0.00246	0.18932	0.80003
V873	0.90741	0.0235	0.03035	0.03875
V874	0.20166	0.77849	0.01985	0
V875	0.01212	0.14073	0.15364	0.6935
V876	0.16786	0.31551	0.38935	0.12728
V877	0.03775	0.36836	0.25656	0.33733
V878	0.13412	0.81729	0.04859	0
V879	0.18762	0.68153	0.0278	0.10305
V880	0.30357	0.51251	0	0.18392
V881	0.14731	0.03079	0.55895	0.26295
V882	0.81697	0.00279	0.09143	0.08881
V883	0.31255	0.19313	0.49431	0
V884	0.01536	0.21245	0	0.77219
V885	0.74349	0.19205	0.06446	0
V886	0.01195	0.35181	0.43805	0.19818
V887	0.65622	0.04393	0.12043	0.17943
V888	0.10366	0.03796	0.73008	0.12831
V889	0.9304	0.03945	0.00987	0.02028
V890	0.0309	0.12076	0.59026	0.25808
V891	0.67422	0.03604	0.23759	0.05215
V892	0.2505	0.13468	0.00404	0.61079
V893	0.61872	0.18664	0.11841	0.07623
V894	0.06744	0.30851	0.57424	0.04981
V895	0.61622	0.04368	0.15695	0.18315
V896	0.03083	0.94314	0.00244	0.0236
V897	0.70653	0.22274	0	0.07073
V898	0.4131	0	0.00175	0.58515
V899	0.02056	0.13841	0.10102	0.74002
V900	0.07228	0.26729	0.31975	0.34068
V901	0.02745	0.81064	6e-04	0.16131
V902	0.04211	0.92112	0.03224	0.00454
V903	0.0049	0.4265	0.50665	0.06195
V904	0.01414	0.97966	0	0.0062
V905	0.12539	0	0.12737	0.74723
V906	0.37919	0.06277	0.07232	0.48572
V907	0.44179	0.48468	0.00925	0.06428
V908	0.01047	0.02145	0.04806	0.92002
V909	0.12431	0.78704	0	0.08866
V910	0.13448	0	0.08335	0.78217
V911	0.53293	0.36154	0.0196	0.08594
V912	0.40422	0.2919	0.09478	0.2091
V913	0.09334	0	0.00952	0.89714
V914	0.19214	0.501	0.26038	0.04648
V915	0.18764	0	0.00533	0.80703
V916	0.27604	0.04345	0.62094	0.05958
V917	0.73834	0.01942	0.12649	0.11575
V918	0.03901	0.63732	0.20039	0.12328
V919	0.1978	0.20151	0.25251	0.34817
V920	0.6443	0.16772	0.06603	0.12195
V921	0.0236	0.11082	0.01898	0.8466
V922	0.1018	0.47216	0.36596	0.06008
V923	0.06055	0.00312	0.02929	0.90703
V924	0.03021	0.69594	0.23935	0.0345
V925	0.14904	0.01315	0.00902	0.82879
V926	0.16906	0.00645	0.01843	0.80606
V927	0.01742	0.0159	0.03645	0.93023
V928	0.03827	0.88266	0.00113	0.07794
V929	0.04773	0.62587	0.09913	0.22727
V930	0.52067	0.33789	0.019	0.12244
V931	0.14393	0.26201	0.49251	0.10155
V932	0.03085	0.08899	0.56812	0.31204
V933	0.61789	0.36557	0.00502	0.01152
V934	0.00568	0.10589	0.21417	0.67426
V935	0.60041	0.13587	0.17483	0.0889
V936	0.52053	0.23102	0.00743	0.24102
V937	0.5394	0.09618	0.05714	0.30728
V938	0.37856	0.03171	0.25302	0.3367
V939	0.75302	0.01109	0.04736	0.18853
V940	0.01893	0.81292	0.12211	0.04603
V941	0.00925	0.0237	0.95733	0.00971
V942	0.77245	0.1636	0.04405	0.01991
V943	0.43306	0.1092	0.38797	0.06977
V944	0.01345	0.20372	0.04125	0.74158
V945	0.56899	0.32002	0.00342	0.10757
V946	0.49392	0.24347	0.21897	0.04364
V947	0.06616	0.02533	0.17465	0.73386
V948	0.37479	0.02258	0.57907	0.02356
V949	0.00137	0.07061	0.15106	0.77696
V950	0.04838	0.51302	0.1771	0.2615
V951	0.85962	0.01615	0.11982	0.0044
V952	0.05729	0.08786	0.20765	0.64721
V953	0.01879	0.04618	0.89467	0.04036
V954	0.02864	0.12984	0.10079	0.74072
V955	0.11289	0.55267	0.01392	0.32052
V956	0.02913	0.01196	0.44181	0.5171
V957	0.28853	0.00362	0	0.70785
V958	0.02085	0.00075	0.01122	0.96718
V959	0.25125	0.24241	0.4072	0.09915
V960	0.21686	0.22352	0.0525	0.50712
V961	0.13903	0.37324	0.31831	0.16942
V962	0.3961	0.14624	0.36173	0.09593
V963	0.63199	0.14196	0.12658	0.09947
V964	0.86667	0.02322	0.07124	0.03887
V965	0.0476	0.46721	0.15531	0.32988
V966	0.96769	0.0174	0.00184	0.01307
V967	0.04889	0.02568	0.46387	0.46156
V968	0.00111	0.13597	0.77236	0.09056
V969	0.0065	0.22247	0.02228	0.74875
V970	0.02916	0.08627	0.36483	0.51974
V971	0.54031	0.06706	0.28959	0.10303
V972	0.50404	0.15895	0.02887	0.30814
V973	0.26579	0.37935	0.05327	0.30159
V974	0.00126	0.79132	0.10219	0.10523
V975	0.1083	0.29101	0.59629	0.00439
V976	0.44927	0.20949	0.08447	0.25677
V977	0.34812	0.35095	0.29774	0.00319
V978	0.04822	0.05361	0.04309	0.85508
V979	0.83499	0.01649	0.14422	0.00429
V980	0.97974	0.01343	0	0.00683
V981	0.34909	0.02081	0.38143	0.24867
V982	0.461	0.37157	0.05368	0.11374
V983	0.67535	0.03944	0	0.28521
V984	0.01043	0.85819	0.08556	0.04583
V985	0.05704	0.13829	0.00279	0.80188
V986	0.32933	0.49772	0.03261	0.14034
V987	0.24167	0.73612	0	0.02221
V988	0.17821	0.00267	0.00891	0.81022
V989	0.46775	0.45666	0.05494	0.02065
V990	0.00183	0.03906	0.76441	0.1947
V991	0.66061	0.32742	0	0.01197
V992	0.20245	0.00477	0.46062	0.33216
V993	0.06115	0.74059	0.14072	0.05754
V994	0.18924	0.78085	0.0177	0.01221
V995	0.74312	0.08037	0.01789	0.15862
V996	0.23534	0.08205	0.00542	0.67719
V997	0.01706	0.01321	0.80261	0.16712
V998	0.88772	0.01244	0.04211	0.05773
V999	0.12028	0.87454	0	0.00518
V1000	0.26918	0.00856	0	0.72227
