Neutrophils	Monocytes_CD14.CD16.	Macrophage	T_cells_.CD4..	NK_cells
V1	0.21889	0.06924	0.4563	0.09326	0.16231
V2	0.08514	0.73135	0.07705	0.04294	0.06353
V3	0.02579	0	0.65395	0.31672	0.00353
V4	0.00166	0	0.32227	0	0.67607
V5	0.00288	0	0.0873	0.02117	0.88865
V6	0.21273	0	0.49022	0.17305	0.124
V7	9e-04	0	0.55652	0.02055	0.42203
V8	0.00104	0	0.96159	0.03737	0
V9	0.01905	0	0.43649	0.54446	0
V10	0.27306	0	0.70688	0	0.02006
V11	0.01584	0	0.15223	0	0.83193
V12	0.03859	0	0.35551	0.20675	0.39914
V13	0.08279	0.02936	0.06782	0.36511	0.45492
V14	0.1009	0	0.14175	0.65334	0.10401
V15	0	0.03115	0	0.96104	0.00782
V16	0.51473	0.0832	0.02689	0.37518	0
V17	0.04957	0.17548	0.01889	0.00421	0.75185
V18	0.07164	0.29825	0.44701	0.1746	0.0085
V19	0.01121	0	0	0.03258	0.95621
V20	0	0	0.85651	0.13969	0.0038
V21	0.01959	0.17206	0.21181	0.09798	0.49856
V22	0.73329	0.08283	0.15091	0	0.03297
V23	0.04293	0	0.03501	0.05558	0.86648
V24	0.34077	0.09379	0.03646	0.00724	0.52173
V25	0.00537	0.01493	0.02259	0.34813	0.60898
V26	0.37806	0.1734	0.11907	0.01118	0.31829
V27	0.10321	0.35265	0.31139	0	0.23275
V28	0.00719	0.04263	0.35354	0.57168	0.02496
V29	0	0	0.50807	0.4885	0.00343
V30	0.66414	0.1109	0.06117	0	0.1638
V31	0.35169	0.13447	0.02335	0.21947	0.27101
V32	0.90007	0.00391	0.01799	0	0.07804
V33	0.01822	0.1391	0.01969	0.04848	0.77451
V34	0.14163	0.8486	0	0	0.00978
V35	0.09214	0.46645	0.42461	0.01339	0.0034
V36	0.01895	0.09553	0.25642	0.03228	0.59681
V37	0.63628	0	0	0	0.36372
V38	0.05888	0	0.6729	0.12123	0.14699
V39	0.18335	0	0.50707	0	0.30958
V40	0.22241	0.61163	0.01698	0.09723	0.05175
V41	0.0858	0.80126	0	0	0.11294
V42	0.80703	0.04408	0.04927	0	0.09961
V43	0.31985	0.06759	0.60149	0.00475	0.00631
V44	0.02672	0.13615	0.72639	0	0.11074
V45	0.06193	0.58825	0.16265	0.12735	0.05982
V46	0.13075	0.71433	0.11056	0.01605	0.02832
V47	0	0	0.99472	0	0.00528
V48	0.10502	0.07456	0.39844	0.26658	0.15539
V49	0.34242	0.09832	0.43821	0.11484	0.00621
V50	0.00745	0	0.99255	0	0
V51	0.07111	0.15889	0.31879	0.02192	0.42929
V52	0.09175	0.89694	0	0	0.01131
V53	0.01046	0.17197	0.00462	0.81295	0
V54	0.15492	0	0.02294	0.55959	0.26255
V55	0.03461	0.01004	0	0.95535	0
V56	0.03395	0	0.00686	0.80927	0.14991
V57	0.08438	0.03989	0.75273	0.00359	0.11941
V58	0.03321	0	0.21035	0.11569	0.64076
V59	0.76652	0.02019	0.20506	0	0.00823
V60	0.3346	0.16237	0.24795	0.09825	0.15684
V61	0.12142	0	0.04803	0.15164	0.67891
V62	0.02663	0	0.4356	0.06316	0.47461
V63	0.31468	0.2107	0.11565	0.00544	0.35353
V64	0.90861	0.02462	0.05555	0	0.01123
V65	0.05146	0.06452	0.07089	0.62448	0.18865
V66	0	0	0.2406	0.7547	0.00469
V67	0	0	0.45558	0.03343	0.51099
V68	0.27462	0	0.62943	0.00904	0.08691
V69	0.44764	0.08006	0.3903	0	0.082
V70	0.08567	0.67168	0.06291	0.15236	0.02739
V71	0.11693	0.75099	0.06268	0.05143	0.01797
V72	0.04307	0.29691	0.02987	0	0.63014
V73	0.02508	0	0.18405	0.51953	0.27134
V74	0	0.06064	0.00618	0.83584	0.09734
V75	0.32675	0.11619	0.54103	0	0.01603
V76	0	0.00798	0.02497	0.89565	0.0714
V77	0.00552	0	0.98004	0.01444	0
V78	0	0	0.99461	0	0.00539
V79	0.07217	0.32043	0.06186	0.09884	0.4467
V80	0.14038	0.69994	0	0.03496	0.12472
V81	0.00111	0	0.99889	0	0
V82	0.19144	0.15348	0.05595	0.59244	0.00669
V83	0.06186	0.06274	0.03678	0.52728	0.31133
V84	0.06333	0.11025	0.00731	0.00479	0.81432
V85	0	0	1	0	0
V86	0.01788	0.15816	0.50385	0.31385	0.00626
V87	0.38178	0.00853	0.09654	0.49608	0.01707
V88	0.23595	0.12467	0.10103	0.15734	0.381
V89	0.02235	0.02102	0.9411	0.01554	0
V90	0.01571	0.11672	0.08857	0.04551	0.73349
V91	0	0.00284	0.14195	0.8552	0
V92	0.15138	0.01109	0.04657	0.00789	0.78306
V93	0	0.04905	0.27642	0.44463	0.22991
V94	0.02684	0.12158	0.03364	0.17653	0.64141
V95	0.04735	0.16403	0.0325	0.05271	0.70342
V96	0.69996	0.00979	0.06177	0	0.22847
V97	0.09891	0.004	0.07571	0.05683	0.76456
V98	0.04826	0.25384	0.29879	0.08007	0.31904
V99	0.44225	0.13333	0.0091	0.22496	0.19037
V100	0.43139	0.14071	0.10404	0.02651	0.29734
V101	0.09903	0.89006	0	0	0.01091
V102	0.23629	0.17432	0.25281	0.07101	0.26557
V103	0.07279	0	0.00742	0	0.91979
V104	0.04883	0.29408	0.13065	0.00052	0.52592
V105	0.00391	0	0.06226	0.02953	0.90429
V106	0.07517	0.63478	0.24282	0	0.04724
V107	0.03104	0.09162	0.84984	0.02104	0.00646
V108	0.01207	0.06326	0.92467	0	0
V109	0.04377	0.16003	0.09496	0.21997	0.48127
V110	0.15013	0.39927	0.3406	0.08948	0.02052
V111	0.17858	0.11789	0.70353	0	0
V112	0.11222	0	0.20027	0.41894	0.26857
V113	0.14392	0	0.17519	0.09069	0.5902
V114	0.47631	0.06596	0.11089	0.16518	0.18167
V115	0.80424	0	0.01505	0	0.18071
V116	0.00495	0	0	0.00429	0.99076
V117	0.01992	0	0.92185	0.03992	0.01831
V118	0.00884	0.01105	0	0.95971	0.0204
V119	0.19426	0	0.63342	0.17232	0
V120	0	0	0.91458	0.05899	0.02644
V121	0.19433	0.7057	0	0	0.09997
V122	0.03833	0.3034	0.14349	0.19313	0.32165
V123	0.38098	0.02375	0.15949	0.16719	0.2686
V124	0.1462	0.07217	0.11214	0.17215	0.49733
V125	0.04145	0.26519	0.68384	0	0.00953
V126	0.09895	0.10062	0.36386	0.06706	0.36952
V127	0.13698	0	0.84153	0.0182	0.00329
V128	0.20786	0.7616	5e-05	0	0.03049
V129	0.16076	0	0.45512	0.11275	0.27137
V130	0.04604	0.43283	0.06252	0.20315	0.25545
V131	0	0	0.38422	0.61578	0
V132	0.27047	0.01269	0	0.32742	0.38942
V133	0.00045	0	0.69395	0.04109	0.2645
V134	0.03105	0	0.8926	0.0028	0.07356
V135	0.01273	0.01982	0.85588	0.00599	0.10558
V136	0.95785	0.00911	0.02051	0	0.01254
V137	0.88353	0.04363	0.01663	0.00524	0.05097
V138	0.17387	0.09303	0.14217	0.09059	0.50034
V139	0.06713	0	0.29246	0.63701	0.00339
V140	0.01171	0	0.22152	0	0.76677
V141	0.01482	0.09435	0.82659	0.05781	0.00643
V142	0.11178	0	0.5021	0.06758	0.31854
V143	0.01409	0.08394	0.67096	0.08456	0.14645
V144	0.42174	0.20001	0.14778	0.10617	0.1243
V145	0	0	0.98727	0	0.01273
V146	0.03613	0.29552	0.00394	0.28044	0.38397
V147	0.04743	0.00323	0.86157	0.05998	0.02779
V148	0.1735	0.77801	0	0.01749	0.031
V149	0	0.01141	0	0.92863	0.05996
V150	0.08206	0.07558	0.77025	0	0.07211
V151	0.35773	0.00773	0.02521	0.43736	0.17196
V152	0	0	0.20191	0.71226	0.08583
V153	0.09976	0.07659	0.66586	0.02037	0.13741
V154	0.12125	0.50914	0.03061	0.01195	0.32705
V155	0.00662	0	0.24135	0.74759	0.00444
V156	0.04749	0	0.57137	0.08239	0.29876
V157	0.05091	0.00864	0.28153	0.1997	0.45923
V158	0.09718	0	0.60685	0.01303	0.28295
V159	0.08754	0.21414	0.01987	0.63359	0.04486
V160	0.34362	0.11813	0.18392	0.01826	0.33606
V161	0.12915	0	0.0985	0	0.77235
V162	0	0	1	0	0
V163	0.02868	0	0.02124	0.02112	0.92896
V164	0.8977	0.06669	0.03561	0	0
V165	0.52044	0.19681	0.18287	0.03116	0.06872
V166	0.0193	0	0.4047	0.48852	0.08747
V167	0.06358	0.57985	0.0146	0.11401	0.22797
V168	0	0	1	0	0
V169	0.07487	0.56832	0.27059	0.06188	0.02433
V170	0.21589	0.33981	0.10292	0.17552	0.16586
V171	0.19219	0.02754	0.604	0.12472	0.05155
V172	0.12419	0.14712	0.11723	0.00535	0.60612
V173	0.15162	0.07265	0.17609	0.37062	0.22901
V174	0.11376	0	0.54605	0.12345	0.21674
V175	0.0491	0.08438	0.19864	0.1222	0.54568
V176	0.30697	0.01304	0.00865	0.67135	0
V177	0.10226	0	0.78317	0.11066	0.00391
V178	0.1591	0	0.68601	0.06706	0.08783
V179	0.05605	0	0.00848	7e-05	0.9354
V180	0.0101	0	0.45501	0	0.53489
V181	0.05242	0.20605	0	0.0316	0.70993
V182	0.51351	0.24801	0.00847	0.16725	0.06275
V183	0.10502	0.87291	0	0	0.02207
V184	0.19775	0	0.52455	0.25633	0.02137
V185	0.10101	0.41468	0.03188	0.11948	0.33296
V186	0.09742	0.13737	0.04946	0.20642	0.50933
V187	0.10157	0.66975	0	0.21262	0.01607
V188	0.78906	0.03535	0.08643	0.08064	0.00853
V189	0.40226	0.24253	0.07685	0.2695	0.00886
V190	0.26766	0.0217	0.37829	0	0.33235
V191	0.17886	0.21167	0.00563	0.43245	0.17138
V192	0.24741	0.14094	0.24708	0.18139	0.18318
V193	0.04331	0.08643	0.69965	0.0165	0.15411
V194	0.1702	0.01754	0.15094	0.06446	0.59685
V195	0.43086	0.12041	0.44104	0	0.0077
V196	0.00202	0	0.0863	0.02103	0.89065
V197	0.10399	0.85427	0	0.02033	0.02142
V198	0.17846	0.17974	0.06643	0.16991	0.40545
V199	0.57798	0	0.42202	0	0
V200	0.64891	0	0.07517	0	0.27592
V201	0.00977	0	0.0389	0.70347	0.24785
V202	0.90766	0.07986	0	0	0.01248
V203	0.45586	0.24253	0.05668	0.036	0.20893
V204	0.22234	0.03953	0.05979	0	0.67833
V205	0.06545	0	0.18645	0.03958	0.70852
V206	0.01984	0.10003	0	0.83449	0.04564
V207	0	0.03115	0	0.96104	0.00782
V208	0.09702	0.09887	0.68592	0.0205	0.09768
V209	0.09163	0	0.15404	0.01342	0.74091
V210	0	0	0.99479	0	0.00521
V211	0.08452	0	0.30754	0.00993	0.59801
V212	0.08837	0.67603	0.12532	0.02535	0.08492
V213	0.05596	0	0.1043	0.19011	0.64963
V214	0.04007	0.35623	0.57399	0.00072	0.02898
V215	0.17832	0.14619	0.2403	0.04899	0.3862
V216	0.02751	0	0.45892	0.01544	0.49812
V217	0	0	0.04084	0.85111	0.10804
V218	0.04654	0.1069	0.48093	0.26486	0.10077
V219	0.08768	0.15171	0.61104	0.14321	0.00637
V220	0.19147	0.69615	0.09539	0	0.01699
V221	0.02194	0.00158	0.64562	0	0.33086
V222	0.01052	0	0.0092	0.00987	0.97042
V223	0.34912	0	0.55283	0.08536	0.01269
V224	0.05975	0.45335	0.03016	0.0608	0.39593
V225	0.59508	0.14075	0.25534	0	0.00883
V226	0.41868	0.56494	0	0	0.01638
V227	0.0747	0.25743	0.00373	0.61842	0.04572
V228	0.41591	0.00052	0.49536	0.04415	0.04406
V229	0.20785	0.27919	0.45139	0.0231	0.03847
V230	0.00956	0	0.00864	0.00979	0.972
V231	0.08139	0.53928	0.09715	0.15835	0.12383
V232	0.63089	0	0.36911	0	0
V233	0.03096	0	0.22448	0.05267	0.69189
V234	0.02492	0.27523	0.36901	0.30281	0.02804
V235	0.97571	0.02266	0.00163	0	0
V236	0.03586	0	0.80633	0.11406	0.04375
V237	0.07238	0.02894	0.44516	0.23503	0.21849
V238	0	0	0.00833	0.22188	0.76979
V239	0.06494	0.32515	0.0777	0.14323	0.38898
V240	0.10088	0.80495	0	0.00345	0.09072
V241	0.09062	0.88673	0	0	0.02265
V242	0.03166	0.20245	0.48784	0.21097	0.06708
V243	0.2927	0	0.53748	0.00432	0.16549
V244	0.03771	0.27089	0.30729	0.05063	0.33348
V245	0.08795	0.85983	0.03022	0.01183	0.01016
V246	0.53353	0.25872	0.05711	0	0.15064
V247	0.10554	0.02233	0.82045	0.0236	0.02808
V248	0.10516	0.50659	0.03007	0	0.35818
V249	0.15647	0.02006	0.34326	0.05857	0.42164
V250	0.00839	0	0.76039	0.01114	0.22008
V251	0.1525	0.00933	0.1817	0.5913	0.06518
V252	0.01323	0.0367	0.72886	0.08876	0.13246
V253	0.26723	0.52559	0.15332	0.02875	0.0251
V254	0.4777	0.41654	0	0.07925	0.02651
V255	0.76329	0.09392	0	0	0.14279
V256	0.07586	0.67874	0.01378	0	0.23162
V257	0.34848	0.23828	0.28084	0.01653	0.11587
V258	0.13884	0.30087	0.08875	0.4628	0.00873
V259	0.41809	0.2154	0.3368	0	0.0297
V260	0.1637	0.00221	0.17685	0.04892	0.60832
V261	0.00495	0	0.6861	0.18559	0.12336
V262	0.84027	0.02661	0.12371	0	0.00941
V263	0.76059	0.09739	0.02977	0.11225	0
V264	0.10459	0.85628	0	0.02925	0.00989
V265	0.73527	0.08492	0.17074	0	0.00906
V266	0.00735	0	0.12401	0.01244	0.8562
V267	0.02743	0	0.00788	0.11241	0.85228
V268	0.16651	0.34831	0.26232	0.15602	0.06684
V269	0.06509	0.19469	0.5672	0.13846	0.03457
V270	0.01601	0.0061	0.05962	0.91827	0
V271	0.22542	0.7141	0.00069	0.00684	0.05295
V272	0.12942	0.77419	0.02954	0.00116	0.06568
V273	0.19133	0	0.32927	0.26892	0.21047
V274	0.05711	0.01359	0.06356	0.14775	0.71799
V275	0.0691	0.58052	0.25482	0.07092	0.02465
V276	0	0	0.8359	0.14502	0.01908
V277	0.18796	0	0.78708	0	0.02496
V278	0	0.00079	0.52137	0.34016	0.13768
V279	0.09741	0.00121	0.02323	0.80794	0.0702
V280	0.13779	0.01329	0.07355	0.63869	0.13669
V281	0.0169	0.20896	0.07043	0.696	0.00771
V282	0.09851	0.8792	0	0	0.0223
V283	0.22184	0	0.18721	0.0069	0.58406
V284	0.01535	0.03687	0.67102	0	0.27677
V285	0.47548	0.49779	0	0.01112	0.01561
V286	0.03602	0	0.9473	0.01239	0.00429
V287	0.16428	0.029	0.30724	0.23436	0.26511
V288	0.09612	0	0.77836	0	0.12552
V289	0.12637	0.21545	0.03699	0.61369	0.00751
V290	0.34931	0.39865	0.24987	0	0.00216
V291	0.36588	0.21837	0.00696	0.40015	0.00864
V292	0.05863	0	0.55864	0.01163	0.37111
V293	0.00303	0.028	0.93308	0.02222	0.01367
V294	0.00457	0	0.0095	0.0035	0.98243
V295	0	0	0.51346	0.40183	0.08471
V296	0.81647	0.13237	0	0	0.05116
V297	0.00511	0	0.88957	0.07044	0.03488
V298	0.23137	0	0.0083	0.59031	0.17002
V299	0.20635	0	0.02363	0.77001	0
V300	0.97541	0.02291	0.00168	0	0
V301	0.95261	0.00888	0.01992	0.00689	0.01171
V302	0	0	0.00822	0.35111	0.64067
V303	0.06902	0.09507	0.35288	0.12145	0.36158
V304	0.08889	0	0.89362	0	0.01749
V305	0.16366	0.23639	0.16147	0.07591	0.36257
V306	0.30704	0.66341	0	0	0.02954
V307	0.14349	0	0.47406	0.38245	0
V308	0.11458	0	0.84685	0.03516	0.00341
V309	0.55136	0.05737	0.11021	0.10383	0.17723
V310	0.01743	0	0.00937	0.06841	0.90479
V311	0	0	0.07727	0.9164	0.00633
V312	0.05893	0.1306	0.3786	0	0.43187
V313	0.05342	0.24958	0.01855	0.28076	0.39769
V314	0.04767	0	0.00805	0.32866	0.61562
V315	0.908	0.00412	0.03664	0	0.05125
V316	0.09932	0.39777	0.40623	0.01329	0.08339
V317	0.2232	0.02002	0.73609	0	0.02069
V318	0.84309	0.00023	0.01592	0	0.14076
V319	0.04903	0	0.95097	0	0
V320	0.04261	0	0.00754	0.94365	0.0062
V321	0.0983	0.2133	0.51121	0.15149	0.0257
V322	0.01374	0.12049	0.73793	0.02318	0.10466
V323	0.15535	0.10342	0.64939	0.00225	0.08959
V324	0.01158	0.03976	0.07512	0.86775	0.00579
V325	0.52783	0.0917	0.18543	0.10191	0.09314
V326	0.02649	0	0.0892	0.09047	0.79384
V327	0.27952	0.42093	0.20326	0.00327	0.09302
V328	0.0384	0.22574	0.29351	0.42499	0.01736
V329	0	0.00808	0.59302	0.39443	0.00447
V330	0.03501	0	0.92475	0	0.04024
V331	0.07927	0	0.14309	0.05332	0.72432
V332	0.28101	0.00418	0.68522	0	0.0296
V333	0.2569	0	0.53289	0.11235	0.09787
V334	0.03238	0.14096	0.73822	0.04733	0.04111
V335	0.59325	0.045	0.17999	0.01264	0.16912
V336	0.13591	0.42212	0.42107	0	0.0209
V337	0.00142	0	0.02217	0.11478	0.86163
V338	0.55309	0.00685	0.30775	0	0.13231
V339	0.16976	0.40268	0.32008	0	0.10748
V340	0.02553	0.09299	0.1727	0.0282	0.68058
V341	0.03373	0.28664	0.61577	0	0.06386
V342	0.18113	0.06663	0.68266	0.06958	0
V343	0.48659	0	0.51341	0	0
V344	0.1212	0.68648	0.06082	0.00922	0.12229
V345	0.14957	0.02858	0.00797	0.24193	0.57195
V346	0.03042	0.19405	0.51314	0.22725	0.03514
V347	0.08846	0.48732	0.03269	0.33	0.06154
V348	0.00895	0.05496	0.63976	0.15631	0.14002
V349	0.04676	0.14994	0.70687	0	0.09644
V350	0.09798	0.33973	0.15159	0.20906	0.20164
V351	0.0959	0	0.66432	0.22815	0.01163
V352	0.09232	0.36083	0.53608	0	0.01078
V353	0.20271	0.25498	0.0629	0.0239	0.45551
V354	0.34973	0	0.65027	0	0
V355	0.0405	0	0.54071	0.4153	0.00349
V356	0.04134	0	0.9309	0.00211	0.02565
V357	0.02001	0	0.65232	0.00736	0.32031
V358	0.00246	0.03318	0.05902	0.89907	0.00628
V359	0.02886	0.11098	0.00536	0.8548	0
V360	0.6074	0.04092	0.20519	0.14649	0
V361	0.28278	0.41188	0.16407	0	0.14127
V362	0.66626	0	0.21006	0	0.12368
V363	0.01729	0.00784	0.00894	0.10703	0.8589
V364	0.03569	0.25215	0.03424	0.4182	0.25973
V365	0	0.01091	0.00815	0.94724	0.0337
V366	0.10771	0	0.78311	0.02852	0.08066
V367	0.15873	0.13807	0.37493	0.12298	0.20528
V368	0.61708	0.06944	0.26116	0	0.05232
V369	0.05857	0.49374	0.38574	0.05836	0.00358
V370	0.01428	0.10354	0.20898	0.2969	0.3763
V371	0.09435	0.83544	0.06037	0	0.00984
V372	0.52212	0.04983	0.30516	0.09483	0.02808
V373	0.12222	0.5549	0.22978	0.07946	0.01364
V374	0.04988	0.00715	0.60355	0.33942	0
V375	0.15599	0	0.80823	0.03578	0
V376	0.00323	0	0.51837	0	0.47839
V377	0.08269	0.38212	0.36884	0.15635	0.01
V378	0.11582	0.399	0.29707	0	0.18811
V379	0.01267	0	0.16536	0.04339	0.77858
V380	0.00217	0.0229	0.29093	0.42009	0.26391
V381	0.09271	0.01788	0.00859	0	0.88081
V382	0.32283	0	0.00886	0.28264	0.38567
V383	0.00616	0	0.44584	0.548	0
V384	0.20476	0.01907	0.3266	0.38862	0.06095
V385	0.05652	0.05483	0.00806	0	0.88059
V386	0.61663	0.01689	0.01129	0.35519	0
V387	0.21483	0.02091	0.00763	0.72603	0.0306
V388	0.08917	0.79275	0.04541	0.05354	0.01913
V389	0.14365	0.7349	0.01437	0.01797	0.0891
V390	0.12764	0	0.00734	0.72554	0.13949
V391	0.66273	0.17179	0	0.06343	0.10205
V392	0.93087	0.05031	0.01882	0	0
V393	0.05692	0.00211	0.27199	0.46867	0.20032
V394	0.63771	0.0098	0.06107	0.15252	0.1389
V395	0	0	0.56141	0.43499	0.0036
V396	0.33998	0	0.65497	0	0.00505
V397	0.60947	0.14365	0.07944	0.10853	0.05891
V398	0.02758	0	0.29868	0.58011	0.09363
V399	0.02224	0.01147	0	0.21668	0.74961
V400	0.14848	0.43258	0.29015	0.1272	0.00159
V401	0.15884	0	0.83363	0.00753	0
V402	0.21441	0	0.6741	0.03438	0.07711
V403	0.09986	0.04629	0	0.09937	0.75449
V404	0	0.00378	0.68524	0.27155	0.03944
V405	0.29289	0.22497	0.14228	0.20357	0.13629
V406	0.00737	0	0.98009	0	0.01255
V407	0.8402	0.04893	0.08811	0.02275	0
V408	0.03985	0.31941	0.0038	0.22157	0.41537
V409	0.0657	0	0.12293	0.68063	0.13074
V410	0.07283	0.05206	0.48251	0.01884	0.37376
V411	0.00466	0	0	0.01145	0.98389
V412	0.01798	0.07444	0.19687	0.0097	0.70102
V413	0.02221	0.18407	0.26351	0.30599	0.22422
V414	0.02418	0.06933	0	0.42375	0.48274
V415	0.09853	0	0.00724	0	0.89424
V416	0.07018	0.0521	0.03437	0.10745	0.73589
V417	0.00051	0	0.8763	0.0714	0.05179
V418	0.49927	0.40934	0.04049	0	0.0509
V419	0.16324	0.00029	0.03497	0.08658	0.71491
V420	0.13572	0	0.16438	0.02168	0.67823
V421	0.00164	0	0.18968	0.02374	0.78495
V422	0	0.00596	0.08911	0.69824	0.20669
V423	0.20152	0.11136	0.51188	0.15087	0.02436
V424	0	0	0.59622	0	0.40378
V425	0.2822	0.32279	0	0	0.39502
V426	0.19464	0.17041	0.03838	0.4823	0.11428
V427	0.1855	0.5345	0.26626	0	0.01374
V428	0.10882	0.56448	0.12999	0.07496	0.12175
V429	0.14515	0.76113	0	0.05215	0.04158
V430	0.01227	0	0.56988	0.10959	0.30826
V431	0.0928	0.27121	0.36375	0.21004	0.0622
V432	0.2201	0.03562	0.25105	0.30968	0.18355
V433	0.10232	0	0.73164	0.1473	0.01873
V434	0.16005	0.15839	0.58813	0	0.09344
V435	0.36112	0.01055	0.61333	0.00954	0.00545
V436	0.07509	0.46794	0.17267	0.03261	0.25169
V437	0.123	0.00018	0.04866	0.12778	0.70039
V438	0.10282	0.21983	0.36703	0.23732	0.073
V439	0.5369	0	0.11396	0.33196	0.01717
V440	0.02745	0.18599	0.73542	0.00027	0.05087
V441	0.04515	0.35149	0.57964	0.01296	0.01077
V442	0.09864	0.89039	0	0	0.01097
V443	0.94463	0.0086	0.01932	0.02744	0
V444	0.14431	0.41299	0.05153	0.34398	0.04719
V445	0.06705	0.38814	0.06813	0.45518	0.0215
V446	0.06886	0.01404	0.19166	0.53059	0.19485
V447	0.03773	0	0.02162	0.4057	0.53494
V448	0.09997	0	0.0323	0.00945	0.85828
V449	0	0	1	0	0
V450	0.12563	0.03301	0.41306	0.08481	0.34349
V451	0.22325	0.16803	0.12548	0.33171	0.15153
V452	0	0	0.28386	0.66731	0.04883
V453	0.00313	0.00271	0	0.41375	0.58041
V454	0.00227	0	0.77816	0.0056	0.21396
V455	0.04395	0.11663	0.4266	0.02057	0.39224
V456	0.92883	0.01762	0.00068	0	0.05287
V457	0.60587	0.21365	0.07866	0.04162	0.0602
V458	0.02879	0.19904	0.69982	0.02978	0.04258
V459	0.09262	0.03994	0.10408	0.4552	0.30816
V460	0.51508	0.02098	0.39824	0.03935	0.02634
V461	0.13184	0.18019	0.4065	0.00017	0.2813
V462	0.02983	0.06086	0.02154	0.47266	0.4151
V463	0.16593	0.05807	0.02276	0.74736	0.00588
V464	0.09239	0.07123	0.83037	0	0.00601
V465	0.03019	0.05557	0.02081	0.01367	0.87976
V466	0.01466	0	0	0.07598	0.90936
V467	0.04717	0.23614	0.03517	0.55654	0.12499
V468	0.46732	0.26679	0.22219	0	0.04371
V469	0.02577	0.2637	0.09504	0.23266	0.38283
V470	0.78578	0.06622	0.06738	0.07162	0.00901
V471	0.33469	0.26808	0.05441	0.12927	0.21356
V472	0.00645	0.00387	0.06326	0.00227	0.92416
V473	0.02359	0.13163	0.40799	0.2405	0.19628
V474	0.23795	0.11599	0.12972	0.46093	0.05541
V475	0.0777	0	0.75352	0.00783	0.16095
V476	0.10423	0.01626	0.1967	0.60547	0.07734
V477	0.09232	0.89643	0	0	0.01126
V478	0.10684	0	0.00771	0	0.88545
V479	0.77988	0.06454	0.08593	0.06074	0.00891
V480	0.14653	0.6021	0.09854	0.10342	0.04942
V481	0.21139	0.31276	0.11956	0.16428	0.19202
V482	0.1146	0.54108	0.32069	0	0.02363
V483	0.29975	0.52672	0	0.0963	0.07723
V484	0.19834	0.44335	0.2227	0.11353	0.02209
V485	0.5469	0.06239	0.25471	0.10681	0.02919
V486	0.03701	0.01676	0.41993	0	0.52631
V487	0.07922	0.05507	0.64281	0.21805	0.00485
V488	0.34114	0.06124	0	0.3518	0.24582
V489	0.01053	0.10028	0.83387	0.04075	0.01456
V490	0	0	0.87265	0.12327	0.00408
V491	0.04882	0.36525	0.07503	0.07479	0.43612
V492	0.01556	0.13376	0.05523	0.76437	0.03108
V493	0	0.00165	0.0085	0.98211	0.00774
V494	0.25872	0	0.04009	0.59054	0.11066
V495	0.24365	0.14665	0.40375	0.13423	0.07172
V496	0.08151	0.00105	0.08571	0	0.83174
V497	0.05738	0	0.23062	0.06536	0.64665
V498	0.10923	0.81788	0.02954	0	0.04335
V499	0.03274	0.11983	0.39742	0.03413	0.41588
V500	0.10552	0.40862	0.20612	0.1988	0.08094
V501	0.06275	0.23509	0.01812	0.00282	0.68121
V502	0.15147	0.76087	0.06327	0.0169	0.00749
V503	0.29578	0	0.39111	0.10143	0.21168
V504	0.37567	0.17412	0.0082	0	0.44201
V505	0.50077	0	0.05625	0.0671	0.37588
V506	0.04739	0.39927	0.10267	0.00036	0.45031
V507	0.77942	0	0.08542	0.08914	0.04602
V508	0.05208	0.4737	0.35604	0.02232	0.09586
V509	0.05892	0.35413	0.24835	0.16243	0.17617
V510	0.36956	0.49779	0.08961	0.02893	0.01411
V511	0.04775	0.1607	0.70544	0.01666	0.06944
V512	0.1262	0.33334	0.30783	0.02738	0.20525
V513	0.17163	0.6179	0.13079	0.03053	0.04914
V514	0.00481	0	0.31365	0.01897	0.66257
V515	0.04855	0.1301	0	0.82136	0
V516	0.13551	0.30755	0.21316	0.32463	0.01915
V517	0	0.03054	0.09318	0.87023	0.00605
V518	0.26175	0	0.56532	0.14138	0.03155
V519	0.75682	0.07835	0.0128	0.143	0.00903
V520	0.10936	0.82195	0.0139	0.04591	0.00889
V521	0.13919	0	0.26597	0.59139	0.00345
V522	0.03016	0.08401	0.76229	0.08389	0.03965
V523	0.073	0	0.90495	0.01734	0.00471
V524	0.17774	0	0.76213	0	0.06013
V525	0.01846	0.13251	0.04595	0.00595	0.79712
V526	0.01791	0	0.95098	0.00389	0.02723
V527	0.07065	0.30094	0.6012	0	0.02721
V528	0.10423	0	0.03989	0.85589	0
V529	0.09838	0	0.89101	0	0.01061
V530	0.00702	0	0.95273	0.02045	0.0198
V531	0.15723	0.41542	0.15963	0.00127	0.26645
V532	0.04554	0.13409	0.44379	0	0.37658
V533	0.17282	0	0	0	0.82718
V534	0.08807	0.06959	0	0.8111	0.03124
V535	0.74677	0.12708	0.11597	0	0.01018
V536	0.07394	0.0754	0.56566	0.01158	0.27342
V537	0.0123	0	0.02297	0.00275	0.96198
V538	0.52334	0.10262	0.0103	0.0108	0.35294
V539	0.01042	0.05473	0.81271	0.0571	0.06505
V540	0.1438	0.37305	0.15994	0.03061	0.2926
V541	0.04344	0.30456	0.03035	0.01615	0.6055
V542	0.03771	0.27914	0.20749	0.39689	0.07878
V543	0.03429	0.02644	0.8293	0.0206	0.08937
V544	0.24098	0.12068	0.33446	0.03796	0.26592
V545	0.59362	0.39551	0.00838	0	0.0025
V546	0.09544	0.68258	0.13837	0	0.0836
V547	0.11794	0.75189	0	0.08906	0.04111
V548	0	0.06666	0.00637	0.91945	0.00752
V549	0.00085	0	0.03525	0.12895	0.83494
V550	0.07852	0.74989	0.15287	0	0.01872
V551	0	0.00436	0	0.99564	0
V552	0.14036	0	0.03349	0.02134	0.80481
V553	0.71833	0.01432	0.04695	0.14867	0.07173
V554	0.05609	0.00291	0.71074	0.21812	0.01214
V555	0.08942	0.86564	0	0	0.04494
V556	0.04658	0.04146	0.10853	0.73597	0.06746
V557	0.2698	0.23141	0.07279	0.35457	0.07143
V558	0.00099	0	0.89498	0.08462	0.0194
V559	0.07602	0.24829	0.64111	0	0.03458
V560	0.52411	0.20962	0.26628	0	0
V561	0.53359	0	0.2776	0	0.18881
V562	0.07283	0.01194	0.24763	0.05673	0.61087
V563	0.15335	0.16663	0.36607	0.0749	0.23906
V564	0.2599	0.00736	0.12361	0.32024	0.28889
V565	0.00346	0	0.02233	0.03168	0.94254
V566	0.23516	0.11929	0.05416	0.3084	0.28299
V567	0.00575	0	0.98933	0	0.00491
V568	0.02061	0.11757	0.64481	0.217	0
V569	0.52014	0.08041	0.23741	0.10859	0.05345
V570	0.07361	0	0.48677	0.36261	0.07701
V571	0.16359	0	0.42306	0.26319	0.15017
V572	0.76243	0.00615	0	0	0.23142
V573	0.04053	0.01999	0.54406	0.27776	0.11767
V574	0.44814	0.2722	0.16674	0.07939	0.03353
V575	0.23191	0	0.2103	0.02592	0.53187
V576	0.08735	0.8221	0	0	0.09055
V577	0.37158	0.50253	0.07295	0.03866	0.01428
V578	0.01577	0.06799	0.71763	0.14941	0.04921
V579	0.03878	0.32801	0.49624	0.00804	0.12893
V580	0.20976	0.53016	0.01747	0.20535	0.03727
V581	0.05308	0.31145	0.57404	0.05195	0.00947
V582	0	0	1	0	0
V583	0.40842	0	0.59018	0.0014	0
V584	0.1903	0.4086	0.19627	0.01381	0.19102
V585	0.08217	0.67973	0.10927	0.04283	0.08599
V586	0.0689	0.65177	0.27139	0.00118	0.00677
V587	0.0821	0.59374	3e-04	0.01376	0.3101
V588	0.16288	0.25342	0.57481	0	0.00889
V589	0.09127	0.37695	0.08577	0.41287	0.03314
V590	0.08517	0.69685	0	0	0.21797
V591	0.41056	0.50295	0.07172	0	0.01477
V592	0.00571	0	0.84398	0.00929	0.14101
V593	0.35005	0.00262	0.00952	0.56553	0.07228
V594	0.00324	0.04373	0.81737	0.08867	0.04698
V595	0.43697	0.03132	0.15194	0.3248	0.05498
V596	0.34032	0.13341	0.40803	0.09106	0.02718
V597	0.02373	0.13432	0.00674	0.0788	0.75641
V598	0.42638	0	0.00958	0	0.56404
V599	0.07082	0.34566	0.17215	0.36798	0.04339
V600	0.18343	0	0.35197	0.31949	0.14511
V601	0.10028	0.0809	0.00669	0.45492	0.35721
V602	0.79995	0.19963	0	0	0.00042
V603	0.08929	0.09171	0.04733	0.09637	0.67529
V604	0.00652	0	0.82576	0.05437	0.11334
V605	0.01721	0.01928	0.19859	0.04218	0.72273
V606	0.75622	0	0	0	0.24378
V607	0.10698	0.06272	0.03353	0.00298	0.7938
V608	0.6601	0.01736	0.07896	0.06655	0.17701
V609	0.15979	0.29391	0.01964	0.41144	0.11523
V610	0.1077	0.63993	0	0.23679	0.01558
V611	0.14002	0	0.80846	0.00011	0.05141
V612	0.22405	0.00435	0.50607	0	0.26553
V613	0.36951	0.54346	0.07218	0.01095	0.0039
V614	0.40737	0.01538	0.03864	0.05181	0.4868
V615	0	0.06134	0.23319	0.50866	0.19681
V616	0.51552	0	0.31942	0.11657	0.04849
V617	0.12536	0.01248	0.67514	0.04884	0.13816
V618	0.60528	0.0814	0.14356	0	0.16975
V619	0.3788	0.01329	0.28818	0	0.31973
V620	0.015	0	0.56349	0.41762	0.00389
V621	0.08754	0.1065	0.4526	0	0.35337
V622	0.01823	0.09499	0.49482	0	0.39195
V623	0.03591	0	0.00738	0.70313	0.25358
V624	0.86325	0.00231	0.01666	0	0.11778
V625	0	0.04931	0.17483	0.77027	0.00559
V626	0.03299	0	0.75303	0.19445	0.01954
V627	0.06902	0.08339	0.18637	0.01304	0.64817
V628	0.94472	0.02953	0.01927	0.00648	0
V629	0.07457	0.10675	0.80876	0.00331	0.00662
V630	0.01714	0.11757	0.03308	0.01315	0.81906
V631	5e-04	0	0.3693	0.00168	0.62852
V632	0.08421	0.69697	0	0.02102	0.19781
V633	0.02618	0	0.16319	0.4517	0.35892
V634	0.32957	0.384	0.28459	0	0.00184
V635	0.02521	0.04151	0.27926	0.00796	0.64606
V636	0.12647	0.08658	0.52493	0.12928	0.13274
V637	0.116	0	0.63286	0.16216	0.08898
V638	0.08018	0.37385	0.03115	0.05992	0.4549
V639	0.45257	0.37895	0.15605	0	0.01244
V640	0.07704	0.12857	0.14303	0.18003	0.47134
V641	0.12133	0.68299	0.03053	0.12516	0.03999
V642	0.69301	0.04627	0.01189	0.24883	0
V643	0.08885	0.78397	0.10846	0.00996	0.00877
V644	0.05286	0.4096	0.03339	0.45672	0.04743
V645	0.17666	0.73132	0.01557	0.07015	0.0063
V646	0.13733	0.48848	0.04967	0.22313	0.10139
V647	0.92751	0.00731	0.01836	0.04682	0
V648	0.37178	0.09933	0.00864	0.27508	0.24517
V649	0.17916	0.04919	0.13815	0.07345	0.56005
V650	0	0	0.11111	0.88889	0
V651	0.11442	0.2087	0	0.67688	0
V652	0.29278	0	0.0778	0.61253	0.01689
V653	0.27013	0.00524	0.11259	0.55722	0.05482
V654	0.02241	0.04412	0	0.04396	0.8895
V655	0.0926	0.01809	0.52232	0.36277	0.00421
V656	0.06921	0	0	0.06907	0.86172
V657	0.05133	0.43797	0.04844	0.31112	0.15115
V658	0.00795	0.01917	0.05388	0.57199	0.34702
V659	0	0.01557	0.14095	0.76496	0.07852
V660	0.05647	0.24488	0.03091	0.02243	0.64531
V661	0.07221	0.59813	0.01462	0.16281	0.15223
V662	0.04658	0.32356	0.02956	0	0.6003
V663	0.96799	0.01083	0.02119	0	0
V664	0.00625	0	0.19553	0.30623	0.49199
V665	0.05163	0.47556	0.36059	0.0588	0.05342
V666	0.1224	0.80719	0.06148	0	0.00893
V667	0.04919	0.38086	0.43782	0.07108	0.06104
V668	0.57137	0.24053	0.11217	0.04166	0.03428
V669	0.40337	0.29467	0.05635	0.07451	0.1711
V670	0.10695	0.52517	0.07622	0.01871	0.27295
V671	0.59383	0	0.39226	0.00789	0.00602
V672	0.05707	0.03631	0.15801	0.24049	0.50813
V673	0.00478	0.00205	0	0.07873	0.91444
V674	0.21023	0.03204	0.72016	0	0.03757
V675	0.59106	0	0.09314	0.14025	0.17554
V676	0.14044	0.02794	0.69123	0	0.14039
V677	0.03535	0.18627	0.39125	0.31663	0.07049
V678	0.04839	0.22847	0.0183	0.01709	0.68774
V679	0	0	0.6598	0.33638	0.00382
V680	0.10764	0	0.03479	0.29471	0.56285
V681	0.43656	0.0234	0.09514	0.30583	0.13907
V682	0	0	1	0	0
V683	0.03928	0.06698	0.78717	0	0.10656
V684	0.02575	0.00924	0.00737	0.95764	0
V685	0.00143	0	0.93914	0.05474	0.00468
V686	0.2598	0.57578	0.13414	0.00408	0.0262
V687	0	0	0.75869	0.22995	0.01136
V688	0	0	0.98734	0	0.01266
V689	0.34508	0.02212	0.3807	0.0718	0.1803
V690	0.13348	0.82132	0.01467	0.01022	0.02031
V691	0.10248	0.11755	0.09069	0.64701	0.04226
V692	0.03666	0.01985	0.02302	0.79606	0.1244
V693	0.03527	0.30918	0.63236	0.01293	0.01026
V694	0.06449	0.17298	0.0704	0.59634	0.09579
V695	0.07718	0.05149	0.22607	0.00632	0.63894
V696	0.05395	0	0.85065	0	0.0954
V697	0.05941	0.05037	0.52032	0.24959	0.12031
V698	0.00751	0	0.2533	0.00343	0.73576
V699	0.01205	0.00227	0.08701	0.63007	0.26859
V700	0.08944	0.70522	0.12163	0	0.08371
V701	0.01751	0.11852	0.01998	0.00684	0.83716
V702	0.00758	0.10975	0.00557	0.67419	0.20291
V703	0	0.01725	0.04267	0.9333	0.00679
V704	0.02302	0.00308	0.53395	0.00438	0.43556
V705	0.91999	0.02689	0.00037	0	0.05275
V706	0.10546	0.10438	0.30104	0.38764	0.10147
V707	0.09574	0.08062	0.12906	0.21798	0.4766
V708	0.04285	0.38848	0.56524	0	0.00343
V709	0.00478	0	0.04862	0.00221	0.94438
V710	0.06101	0	0.6252	0	0.31379
V711	0.0335	0	0.03339	0.01304	0.92008
V712	0.02592	0	0.8549	0.10801	0.01117
V713	0.18912	0.28775	0.52202	0	0.00111
V714	0.03007	0	0	0.00199	0.96793
V715	0.01451	0.13904	0.77973	0.05958	0.00714
V716	0.69423	0.20675	0.02806	0.03437	0.03659
V717	0.28514	0.10768	0.2266	0.00499	0.37559
V718	0.46617	0	0.48134	0	0.05249
V719	0.32102	0.19174	0.21054	0.09079	0.18591
V720	0.07462	0.00703	0.1428	0.0212	0.75435
V721	0.01512	0	0.07398	0.01353	0.89737
V722	0.02105	0.19972	0.10106	0.45403	0.22414
V723	0.08112	0.18124	0.21582	0.49324	0.02857
V724	0.14032	0.61706	0.0655	0.16244	0.01468
V725	0.01701	0	0.00896	0.00224	0.97179
V726	0.19918	0.4242	0.09695	0.03916	0.24051
V727	0.00182	0	0.98563	0	0.01255
V728	0.6576	0.01435	0.2704	0.05099	0.00666
V729	0.55017	0.11938	0.06209	0.26044	0.00793
V730	0.06136	0	0.6005	0.27794	0.06019
V731	0	0.01283	0.10932	0.87786	0
V732	0	0.00263	0.00856	0.98881	0
V733	0.01308	0	0.97429	0	0.01263
V734	0.32546	0.03815	0.60487	0.01723	0.01429
V735	0.04622	0.07524	0.32928	0.01132	0.53793
V736	0.00783	0.01374	0.00983	0.00342	0.96518
V737	0.95898	0.02058	0.02044	0	0
V738	0.04248	0.34858	0.01675	0.00245	0.58974
V739	0	0.02239	0	0.97761	0
V740	0.13575	0.03396	0.17296	0.0053	0.65203
V741	0.4243	0.01761	0.00996	0.3302	0.21794
V742	0.03389	0	0.70694	0.09818	0.161
V743	0.01728	0.01614	0.11809	0.07463	0.77387
V744	0.13059	0.03579	0.32251	0.46192	0.04918
V745	0.11675	0.01626	0.09298	0.76914	0.00487
V746	0.3273	0.54173	0.06872	0	0.06226
V747	0.01296	0	0.96741	0	0.01963
V748	0.10414	0.10716	0.44968	0.03074	0.30827
V749	0.12989	0.07055	0.23017	0.38523	0.18416
V750	0.73054	0.22296	0.01162	0.03488	0
V751	0.03445	0.20438	0.74695	0.00565	0.00857
V752	0.01972	0.07848	0.03383	0.00685	0.86112
V753	0.37765	0.0195	0.43849	0.00538	0.15899
V754	0.10282	0.3212	0.00321	0.56342	0.00935
V755	0.23024	0.68884	0.06405	0	0.01687
V756	0.01741	0.06412	0.03412	0.04157	0.84278
V757	0.1154	0	0.19516	0.68573	0.00371
V758	0.07117	0.42471	0	0.49276	0.01136
V759	0.05287	0	0.15189	0	0.79524
V760	0.04181	0	0.34067	0.17598	0.44154
V761	0.0397	0.11605	0.8372	0	0.00705
V762	0.00365	0.01285	0.28391	0.30791	0.39168
V763	0.03152	0.19039	0.00599	0	0.7721
V764	0.07273	0.04736	0.16137	0.70271	0.01583
V765	0.08371	0	0.81378	0.01682	0.08569
V766	0.07038	0.3264	0.40596	0.0271	0.17016
V767	0.24354	0.41104	0.11592	0.02956	0.19995
V768	0.09466	0.77416	0.07778	0.03469	0.01871
V769	0.57475	0	0.367	0	0.05824
V770	0.1724	0	0.72759	0.09652	0.00349
V771	0.09719	0.67258	0	0.07976	0.15047
V772	0.02174	0	0.97826	0	0
V773	0.0144	0	0	0.1306	0.855
V774	0.07467	0	0.66764	0	0.25769
V775	0.87714	0.00285	0.05336	0.04409	0.02256
V776	0.29087	0.3474	0.30907	0.00974	0.04293
V777	0.16512	0.26456	0.43426	0.07592	0.06014
V778	0.44457	0.05051	0.02529	0.20946	0.27017
V779	0.05652	0.23788	0.68862	0	0.01698
V780	0.00583	0	0.99417	0	0
V781	0.12857	0.19173	0.28798	0	0.39172
V782	0.17123	0.17133	0.03218	0	0.62527
V783	0	0	0.73176	0.00657	0.26168
V784	0.06027	0.57258	0	0.24068	0.12647
V785	0.6662	0.15297	0	0.09295	0.08788
V786	0.13546	0.1958	0.02058	0.61651	0.03165
V787	0.1474	0.56819	0	0.18241	0.102
V788	0.31403	0.35509	0.13379	0	0.19709
V789	0.00941	0.12843	0.00615	0.35441	0.5016
V790	0.21975	0.17238	0.11313	0.0848	0.40995
V791	0.13203	0.16113	0.13006	0.15496	0.42182
V792	0.89804	0.02319	0.05463	0	0.02414
V793	0.2693	0.21497	0.09963	0.06959	0.34651
V794	0.00701	0	0.16001	0.12598	0.707
V795	0.15508	0.79883	0.01479	0	0.03131
V796	0.25862	0.35332	0.21159	0.13242	0.04404
V797	0.08617	0	0	0.01133	0.9025
V798	0.13082	0.43962	0.00257	0.06812	0.35887
V799	0.01826	0.14515	0.08842	0.67981	0.06836
V800	0.01568	0	0.02213	0.09026	0.87193
V801	0.28147	0	0.2581	0.42263	0.03779
V802	0.03162	0.13393	0.01954	0.00575	0.80916
V803	0.25059	0.03007	0.00768	0.68095	0.0307
V804	0.13903	0.10733	0.37572	0.31778	0.06013
V805	0.08575	0.0556	0.65184	0.10537	0.10144
V806	0.31593	0	0.35933	0.03412	0.29062
V807	0.59566	0	0.14156	0.02919	0.23359
V808	0.72704	0.00079	0.11299	0	0.15918
V809	0.19574	0.55277	0.03198	0.01696	0.20255
V810	0.01333	0.0387	0.06794	0.40641	0.47362
V811	0.03582	0.05847	0.03432	0.07784	0.79354
V812	0.05399	0.51041	0.33151	0.06039	0.0437
V813	0.0271	0.11552	0.32152	0	0.53586
V814	0.19276	0.50335	0.11916	0.1491	0.03563
V815	0.22868	0.66536	0.04969	0.0401	0.01618
V816	0.04654	0.48806	0.00073	0.41537	0.0493
V817	0.65952	0.0227	0.31616	0.00162	0
V818	0.02941	0.0976	0.50926	0.01456	0.34918
V819	0.92886	0.02741	0.03776	0.00596	0
V820	0.06439	0.29732	0.22792	0.36876	0.04162
V821	0.00495	0	0	0.00429	0.99076
V822	0.1381	0.01234	0.02345	0.82611	0
V823	0.02826	0.02546	0.32759	0	0.61869
V824	0.0443	0.00331	0.03484	0.00044	0.9171
V825	0.07084	0	0.82472	0.10444	0
V826	0.0163	0	0.98041	0.00329	0
V827	0.29929	0.14212	0	0.40146	0.15714
V828	0.16461	0.08402	0.18205	0.03555	0.53377
V829	0.05059	0.02928	0.47403	0.1121	0.33401
V830	0.06965	0	0.8276	0.00177	0.10097
V831	0.07074	0.67052	0.07868	0.14104	0.03902
V832	0.13213	0	0.12064	0.18659	0.56063
V833	0.19717	0.73792	0	0	0.06491
V834	0.67393	0.14265	0.08024	0.00511	0.09807
V835	0.21112	0.23918	0.17825	0.25059	0.12085
V836	0.22711	0.01887	0.68722	0.06186	0.00494
V837	0.08183	0.76363	0.01319	0.0284	0.11294
V838	0	0	0.14145	0.85277	0.00578
V839	0.02346	0.00077	0.11501	7e-05	0.86069
V840	0.89864	0.01325	0.07335	0.0045	0.01026
V841	0.10179	0	0.89437	0	0.00385
V842	0.38489	0.0192	0.4139	0.16723	0.01478
V843	0.31022	0	0.27169	0.04306	0.37503
V844	0.01231	0.06441	0.89615	0.00547	0.02165
V845	0.00632	0	0	0.5886	0.40508
V846	0.06715	0.00705	0.1578	0.04051	0.7275
V847	0.13219	0	0.08843	0.09017	0.68921
V848	0.66119	0.03814	0.01205	0.07902	0.2096
V849	0.06677	0	0.84994	0	0.08329
V850	0.12475	0	0.47042	0.0957	0.30913
V851	0.97381	0.01136	0.00178	0	0.01304
V852	0.16364	0.02818	0.14085	0.13083	0.5365
V853	0.01914	0.04293	0.78138	0.08179	0.07476
V854	0.04311	0.21052	0.39892	0.04702	0.30042
V855	0.09464	0.32074	0.17278	0.29156	0.12028
V856	0.13095	0.29065	0.08843	0	0.48996
V857	0.0436	0.01322	0.29507	0.3417	0.30641
V858	0.03114	0.23583	0.32128	0.16005	0.2517
V859	0.08908	0.00969	0.03994	0.81824	0.04305
V860	0.02367	0.12075	0.12278	0.65285	0.07995
V861	0.09093	0.00795	0.25194	0.6449	0.00427
V862	0.0403	0	0.0338	0.06917	0.85673
V863	0.08851	0.85306	0.01373	0	0.04469
V864	0.01454	0	0.95625	0.0292	0
V865	0.03527	0	0.80957	0.15515	0
V866	0.01288	0	0.8164	0.15043	0.02029
V867	0.42708	0.01407	0.01004	0	0.54881
V868	0.14794	0.11827	0.63792	0.07259	0.02328
V869	0.0089	0	0.0345	0.00846	0.94814
V870	0.2088	0.12534	0.1547	0.21497	0.29619
V871	0.02295	0.01442	0.15926	0.06459	0.73878
V872	0.32449	0.03777	0.02473	0.54103	0.07198
V873	0.04999	0.25004	0.27427	0.33672	0.08898
V874	0.05981	0.01862	0.00879	0.00651	0.90627
V875	0.00899	0.15258	0.03505	0.46029	0.34308
V876	0.33862	0.03074	0.10963	0	0.52101
V877	0.22739	0.60238	0.06696	0.07651	0.02676
V878	0.06529	0.63364	0.06357	0.21071	0.02679
V879	0.89266	0.05529	0.0357	0.00531	0.01104
V880	0.05343	0.05582	0.05185	0.38602	0.45288
V881	0.00309	0	0.63875	0	0.35816
V882	0.05784	0.45278	0.01681	0.47185	0.00071
V883	0.44331	0.17322	0.02458	0.18396	0.17493
V884	0.00365	0	0	0.01156	0.98479
V885	0.09196	0.0131	0.5833	0.06387	0.24777
V886	0	0	0.0481	0.17444	0.77746
V887	0.12493	0.82003	0	0	0.05504
V888	0.03538	0.08471	0.10713	0.69237	0.08042
V889	0.14374	0.755	0.06293	0.00845	0.02987
V890	0.00977	0	0.25195	0.59092	0.14736
V891	0	0	0.99934	0.00066	0
V892	0.51788	0.2267	0.03957	0	0.21586
V893	0.08793	0.07841	0.72124	0.04457	0.06784
V894	0.10616	0.47607	0.08375	0.26052	0.0735
V895	0.48494	0	0.50893	0.00078	0.00535
V896	0.14976	0.14571	0.4391	0.25933	0.00611
V897	0	0	0.07182	0.76107	0.16711
V898	0.25826	0	0.0209	0.01024	0.7106
V899	0.48777	0.28221	0.17335	0	0.05667
V900	0.1808	0.14422	0.4969	0.15294	0.02514
V901	0.61396	0.05839	0.01083	0.18922	0.1276
V902	0.79683	0.05527	0.04998	0.0234	0.07452
V903	0.21608	0.05619	0.14864	0.52509	0.05401
V904	0.58227	0.07224	0.31745	0	0.02804
V905	0.03027	0.25151	0.11311	0.29113	0.31398
V906	0.07934	0	0.64722	0.03777	0.23568
V907	0.62748	0.1063	0.14982	0.04733	0.06908
V908	0.03088	0.29904	0.08527	0.50122	0.08359
V909	0.00498	0.10354	0.02145	0.75887	0.11117
V910	0.61968	0.17362	0.02612	0.0526	0.12797
V911	0.03019	0.11685	0.69093	0	0.16204
V912	0.01922	0	0.23582	0.04019	0.70477
V913	0.09437	0.01093	0.14366	0.67222	0.07881
V914	0.71353	0.04265	0.02881	0.12909	0.08592
V915	0.13593	0.11518	0.08686	0	0.66203
V916	0.64259	0.01154	0.24569	0	0.10019
V917	0.31828	0.01903	0	0.00282	0.65987
V918	0.44223	0.09806	0.42174	0.01091	0.02705
V919	0.37547	0.15296	0.02379	0.29082	0.15696
V920	0.12545	0	0.23365	0.63709	0.00381
V921	0.13009	0.10695	0.1873	0	0.57565
V922	0.0158	0	0.78108	0	0.20312
V923	0.14055	0.39031	0.03161	0.03374	0.4038
V924	0.45081	0.10587	0	0.26926	0.17407
V925	0.08285	0.04068	0.694	0.10359	0.07887
V926	0.01249	0	0.00998	0.01024	0.96729
V927	0.44377	0.22511	0.23585	0.07521	0.02006
V928	0.08592	0.16545	0.38039	0.13044	0.2378
V929	0.0512	0.19147	0.00593	0	0.7514
V930	0.04504	0	0.09756	0	0.8574
V931	0.38608	0.11159	0.02346	0.02954	0.44933
V932	0.03311	0.07365	0.07978	0.26647	0.54698
V933	0.2129	0	0.09642	0.23314	0.45754
V934	0.48556	0.03286	0.48157	0	0
V935	0.45426	0.0794	0.26382	0.03724	0.16527
V936	0.23656	0.04139	0.24023	0.43001	0.05181
V937	0.14431	0.60756	0.17794	0.02228	0.0479
V938	0.11831	0.84167	0.0303	0	0.00972
V939	0	0	0.0215	0.26172	0.71678
V940	0.44119	0.05445	0.17243	0.03185	0.30009
V941	0.00939	0.0838	0.21433	0.40478	0.28771
V942	0.72226	0.2657	0.01137	0	0.00068
V943	0.03496	0.05054	0.08692	0.0051	0.82249
V944	0.25964	0.00889	0.24138	0.47479	0.0153
V945	0.0358	0.12057	0.76966	0.01624	0.05773
V946	0.03854	0.28629	0.66522	0	0.00994
V947	0.27674	0.00347	0.05063	0.09267	0.57649
V948	0.09987	0.63388	0.06235	0.10389	0.10002
V949	0.82158	0.10977	0.06865	0	0
V950	0.03448	0.01507	0.04113	0.90932	0
V951	0.25418	0.01722	0	0.54387	0.18472
V952	0.0893	0.02013	0.08973	0.64012	0.16072
V953	0.42588	0.09043	0.00902	0.41476	0.05992
V954	0.2228	0.46593	0.11624	0.04663	0.14839
V955	0.03038	0	0.74667	0.21958	0.00337
V956	0.04543	0.39804	0.16927	0.35471	0.03254
V957	0.12869	0.68935	0.09568	0.0587	0.02759
V958	0.09169	0.80415	0	0.03726	0.06691
V959	0.03434	0	0.9132	0.0272	0.02525
V960	0.38997	0.02598	0.29666	0.07543	0.21196
V961	0.09424	0.81505	0	0	0.09071
V962	0.13084	0.06704	0	0.03641	0.76571
V963	0.00178	0	0.62714	0.35071	0.02037
V964	0.00182	0	0.98563	0	0.01255
V965	0	0	0.62985	0.32283	0.04731
V966	0.01098	0	0.63206	0.03813	0.31883
V967	0.31473	0.46558	0.00372	0	0.21597
V968	0.09798	0.87698	0	0.00297	0.02207
V969	0.11041	0.38475	0.25115	0.10139	0.15229
V970	0.11217	0.21913	0.6438	0	0.0249
V971	0.56874	0.04013	0.36484	0.00929	0.017
V972	0.11682	0.81721	0	0.04581	0.02015
V973	0.01543	0	0.73583	0.14728	0.10147
V974	0.06331	0.598	0.17705	0.09063	0.07102
V975	0.09134	0.89353	0	0.00393	0.01119
V976	0.00967	0	0	0.05472	0.93561
V977	0.01535	0.07207	0.23318	0.08952	0.58989
V978	0.26321	0.08316	0.39997	0.09708	0.15658
V979	0.87923	0.12077	0	0	0
V980	0.22568	0.05075	0.22927	0.08614	0.40816
V981	0.04407	0.01461	0.08753	0.01166	0.84212
V982	0.31346	0.35011	0.24149	0.00265	0.09228
V983	0.57493	0.21316	0.0088	0	0.20311
V984	0.10536	0.0236	0.21432	0.55328	0.10343
V985	0.00644	0.0592	0.15935	0.775	0
V986	0.32791	0.05769	0.5909	0	0.02351
V987	0.02422	0.07884	0.85018	0.0329	0.01387
V988	0.03588	0.00147	0.73325	0.20021	0.02919
V989	0.01412	0.0143	0	0.01024	0.96133
V990	0.09437	0.30488	0	0.09166	0.50909
V991	0.03281	0.04033	0.15491	0.01022	0.76173
V992	0.82778	0.14548	0.01463	0	0.01211
V993	0.00167	0	0.71934	0.08494	0.19405
V994	0.08839	0.85582	0.01384	0.02055	0.0214
V995	0.0033	0.03521	0.7597	0.06337	0.13842
V996	0.00358	0	0.14551	0.5066	0.34431
V997	0.14301	0.02394	0.2437	0	0.58935
V998	0	0.05461	0	0.88649	0.0589
