CD56NK	CD4MemoryT	CD19B	CD14
V1	0.56687	0	0.14507	0.28806
V2	0.13701	0.03988	0.04457	0.77854
V3	0.06659	0.57207	0.00956	0.35178
V4	0.9092	0.07695	0	0.01384
V5	0.12403	0.43934	0.25854	0.17809
V6	0.09294	0.87424	0.01967	0.01315
V7	0.15279	0.29045	0.07203	0.48473
V8	0.13153	0.01136	0.82422	0.03289
V9	0.24249	0.16569	0.02932	0.5625
V10	0.02408	0.01489	0.90645	0.05459
V11	0.23655	0.31773	0.445	0.00073
V12	0.03431	0.57224	0.38595	0.00749
V13	0.30223	0.68158	0.00374	0.01244
V14	0.08815	0.90174	0.01011	0
V15	0.13691	0.57674	0.11278	0.17358
V16	0.95201	0.01813	0.00807	0.02178
V17	0.10544	0.86831	0.01286	0.01339
V18	0.64246	0.2992	0.029	0.02934
V19	0.18296	0.80573	0.00577	0.00554
V20	0.18136	0.39981	0.01314	0.4057
V21	0.13207	0.03192	0.80481	0.0312
V22	0.02064	0.04425	0.18518	0.74993
V23	0.40678	0.02342	0.56566	0.00414
V24	0.96079	0.01979	0.01941	0
V25	0.37665	0.17451	0.11397	0.33487
V26	0.43797	0.33097	0.0099	0.22116
V27	0.08663	0.02248	0.0269	0.86399
V28	0.02723	0.04503	0.9195	0.00824
V29	0.47178	0.00964	0.49233	0.02625
V30	0.10203	0.14927	0.2706	0.4781
V31	0.21431	0.13331	0.29349	0.35888
V32	0.06977	0.00726	0.03806	0.88491
V33	0.0521	0.46987	0.37553	0.10249
V34	0.13117	0.01943	0.81755	0.03185
V35	0.18912	0.71638	0.07332	0.02117
V36	0.00886	0.01074	0.459	0.52141
V37	0.57322	0.03094	0.07679	0.31905
V38	0.42246	0	0.14851	0.42903
V39	0.19033	0.54011	0.12179	0.14777
V40	0.12201	0.8071	0.07089	0
V41	0.01838	0.63628	0.04072	0.30461
V42	0.21634	0.0026	0.18608	0.59497
V43	0.14741	0.29387	0.53235	0.02638
V44	0.01627	0.04052	0.76004	0.18317
V45	0.11375	0.57519	0.22285	0.08821
V46	0.85914	0.04163	0.09871	0.00052
V47	0.50847	0.13799	0.31068	0.04286
V48	0.85958	0.12769	0	0.01274
V49	0.78852	0.13716	0	0.07432
V50	0.0813	0.84142	0.07728	0
V51	0.35783	0.36511	0.25467	0.0224
V52	0.03033	0.07428	0.86258	0.03282
V53	0.78501	0.08653	0.12846	0
V54	0.47781	0.14265	0.36419	0.01535
V55	0.21796	0.07469	0.22833	0.47902
V56	0.03998	0.00192	0.07871	0.87938
V57	0.11663	0.85764	0.02027	0.00546
V58	0.64671	0	0.02834	0.32495
V59	0.49736	0.36916	0.09317	0.04032
V60	0.13424	0.09561	0.32283	0.44733
V61	0.86354	0.06082	0.00129	0.07435
V62	0.93004	0.01379	0.04905	0.00712
V63	0.02833	0.8434	0.11448	0.01379
V64	0.02252	0.83808	0.00256	0.13684
V65	0.01862	0	0.09327	0.88811
V66	0.2492	0.67614	0.01481	0.05985
V67	0.17244	0.2837	0.53491	0.00895
V68	0.15115	0.08583	0.02148	0.74153
V69	0.02849	0.26099	0.66162	0.0489
V70	0.60713	0.1008	0.16577	0.12629
V71	0.16245	0.03277	0.36899	0.43579
V72	0.63655	0.104	0.07736	0.1821
V73	0.17863	0.60155	0.13337	0.08646
V74	0.06735	0.18664	0.74486	0.00116
V75	0.74839	0	0.1659	0.0857
V76	0.00765	0.10669	0.16861	0.71705
V77	0.04342	0.21524	0.01098	0.73036
V78	0.32053	0.06401	0.17128	0.44418
V79	0.01008	0.06045	0.83574	0.09372
V80	0.37175	0.00283	0.53947	0.08595
V81	0.06246	0.12223	0.80868	0.00663
V82	0.01553	0.05141	0.92146	0.0116
V83	0.1311	0.11192	0.06382	0.69317
V84	0.40455	0.01368	0.14507	0.4367
V85	0.11952	0.26156	0.42539	0.19353
V86	0.04722	0.02972	0.88025	0.04282
V87	0.04712	0.84078	0.04985	0.06225
V88	0.15895	0.0228	0.25305	0.56521
V89	0.0211	0	0.18522	0.79369
V90	0.0402	0.90143	0.05253	0.00584
V91	0.04653	0.7449	0.18569	0.02287
V92	0.48748	0.00317	0.37165	0.1377
V93	0.91023	0.00047	0	0.0893
V94	0.02531	0.37568	0.02015	0.57886
V95	0.2968	0.39326	0.14974	0.1602
V96	0.06734	0.05246	0.03012	0.85008
V97	0.74892	0.06736	0.18342	0.00031
V98	0.74401	0.25038	0	0.00561
V99	0.85298	0.02331	0.12293	0.00079
V100	0.08105	0.01929	0.8752	0.02446
V101	0.02725	0.02006	0.0307	0.92199
V102	0.96361	0.02888	0	0.00752
V103	0.0173	0.01889	0.08679	0.87702
V104	0.04782	0.94071	0.01144	3e-05
V105	0.07601	0.90795	0.01604	0
V106	0.13706	0.49491	0.33375	0.03428
V107	0.20555	0.15084	0.59612	0.04749
V108	0.17776	0.73646	0.08578	0
V109	0.01728	0.10539	0.61387	0.26346
V110	0.07004	0.88188	0.03481	0.01327
V111	0.94695	0	0.05102	0.00203
V112	0.12576	0.02646	0.42579	0.42199
V113	0.18728	0.056	0.16224	0.59448
V114	0.23673	0.01269	0.06978	0.6808
V115	0.01972	0.75504	0.22524	0
V116	0.15781	0.26083	0.38842	0.19294
V117	0.74931	0.20074	0.02077	0.02917
V118	0.18602	0.54284	0.0284	0.24275
V119	0.10565	0.03522	0.04658	0.81254
V120	0.08116	0.04521	0.85854	0.0151
V121	0.65449	0.07814	0.07636	0.19101
V122	0.98781	0	0.00412	0.00807
V123	0.01644	0.45156	0.04125	0.49075
V124	0.71669	0.23655	0	0.04677
V125	0.4464	0.37738	0.16343	0.01278
V126	0.03993	0.08991	0.04803	0.82213
V127	0.15804	0.01616	0.24118	0.58463
V128	0.03061	0	0.10291	0.86648
V129	0.65344	0.1809	0.14428	0.02139
V130	0.01716	0.64867	0.3337	0.00048
V131	0.04072	0.8844	0.00233	0.07255
V132	0.97096	0	0.01449	0.01456
V133	0.95485	0.0027	0.03492	0.00753
V134	0.12038	0.33162	0.1214	0.4266
V135	0.07064	0.00065	0.16464	0.76407
V136	0.26642	0.34025	0.00591	0.38742
V137	0.70528	0.01358	0.22173	0.05941
V138	0.24247	0.35496	0.17442	0.22815
V139	0.39232	0.14983	0.18593	0.27192
V140	0.03108	0.04685	0.05385	0.86822
V141	0.06479	0.10479	0.56464	0.26578
V142	0.82123	0.00164	0.17713	0
V143	0.48124	0.20054	0.05634	0.26188
V144	0.16667	0.09827	0.156	0.57906
V145	0.01213	0.76294	0.22482	0.00011
V146	0.05313	0.00552	0.0413	0.90005
V147	0.95597	0.00631	0.00793	0.0298
V148	0.13117	0.04048	0.59393	0.23443
V149	0.30075	0.48855	0.2107	0
V150	0.09333	0.19233	0.63282	0.08151
V151	0.23954	0.60232	0.028	0.13014
V152	0.27142	0.41065	0.21861	0.09932
V153	0.125	0.74167	0.0164	0.11693
V154	0.28057	0.42721	0.26956	0.02265
V155	0.5321	0.09744	0.27546	0.095
V156	0.03557	0.09342	0.73205	0.13896
V157	0.33584	0.10618	0.30984	0.24814
V158	0.02632	0.00778	0.04262	0.92328
V159	0.92506	0.03744	0	0.0375
V160	0.71319	0	0.0478	0.23901
V161	0.19662	0	0.03276	0.77061
V162	0.07019	0.22924	0.07401	0.62656
V163	0.11164	0.4545	0.16509	0.26877
V164	0.38422	0.25068	0.09535	0.26975
V165	0.0196	0.20068	0.0103	0.76943
V166	0.01644	0.05411	0.06965	0.85979
V167	0.33256	0	0.00995	0.65748
V168	0.33127	0.54874	0.06912	0.05087
V169	0.17975	0.02086	0.03664	0.76275
V170	0.10083	0.00453	0.51872	0.37593
V171	0.14283	0.19384	0.62565	0.03768
V172	0.75801	0	0.24005	0.00194
V173	0.03176	0.09151	0.0426	0.83413
V174	0.02358	0.10583	0.07165	0.79894
V175	0.0609	0.00839	0.79577	0.13495
V176	0.02032	0.81637	0.16331	0
V177	0.02865	0.9563	0.00662	0.00843
V178	0.019	0.74226	0.0063	0.23244
V179	0.15423	0	0.36679	0.47898
V180	0.04869	0.87762	0.07369	0
V181	0.17204	0.0889	0.56348	0.17558
V182	0.33565	0.13484	0.4733	0.05621
V183	0.20737	0.78597	0.00666	0
V184	0.98611	0.00917	0.00472	0
V185	0.62658	0.3679	0.00552	0
V186	0.13634	0.45422	0.27042	0.13902
V187	0.98007	0.00128	0.01674	0.00191
V188	0.06187	0.17052	0.00874	0.75887
V189	0.8495	0.00202	0.00788	0.14059
V190	0.70231	0.00402	0.29149	0.00218
V191	0.20586	0.1611	0.59584	0.0372
V192	0.34491	0.42237	0.04109	0.19163
V193	0.65053	0.01067	0.21694	0.12186
V194	0.0524	0.92399	0.00906	0.01455
V195	0.02439	0.03015	0.93329	0.01217
V196	0.02121	0.04342	0.02946	0.9059
V197	0.41039	0.01797	0.02086	0.55078
V198	0.07495	0.48384	0.38498	0.05623
V199	0.15635	0.00304	0.15883	0.68178
V200	0.14577	0.52163	0.01477	0.31782
V201	0.11397	0.53394	0.18931	0.16278
V202	0.01642	0.01172	0.77991	0.19195
V203	0.18854	0.39747	0.39859	0.0154
V204	0.01767	0.4737	0.00747	0.50116
V205	0.02619	0.04253	0.91372	0.01755
V206	0.0531	0.07259	0.86589	0.00842
V207	0.13231	0.12862	0.0479	0.69117
V208	0.26561	0.04443	0.6783	0.01167
V209	0.34714	0.42587	0.05877	0.16821
V210	0.1026	0.77056	0.08512	0.04172
V211	0.41164	0	0.02737	0.56099
V212	0.5479	0.0215	0.41389	0.01672
V213	0.67499	0.00567	0.0911	0.22825
V214	0.35513	0.10769	0.15171	0.38547
V215	0.2869	0.05099	0.0174	0.64471
V216	0.04028	0.00459	0.03995	0.91519
V217	0.05384	0.45531	0.23528	0.25557
V218	0.11078	0.40216	0.16399	0.32307
V219	0.12334	0.60232	0.00892	0.26543
V220	0.0191	0.81355	0.00672	0.16063
V221	0.82403	0	0	0.17597
V222	0.34783	0.08964	0.36632	0.19621
V223	0.01069	0.10018	0.80629	0.08284
V224	0.97876	0.00573	0.01551	0
V225	0.07266	0.87538	0.05196	0
V226	0.32885	0.05765	0.60278	0.01073
V227	0.82789	0	0.16448	0.00763
V228	0.83424	0.03331	0.04749	0.08495
V229	0.02579	0.02305	0.9244	0.02676
V230	0.0242	0.01536	0.03951	0.92094
V231	0.02248	0.20776	0.10241	0.66735
V232	0.05614	0.61194	6e-04	0.33133
V233	0.62007	0.05091	0.18179	0.14723
V234	0.0512	0.91358	0.02929	0.00593
V235	0.40398	0.03955	0.52998	0.02649
V236	0.04396	0.04475	0.82869	0.0826
V237	0.14543	0	0.03665	0.81792
V238	0.15083	0.53959	0.26594	0.04364
V239	0.07266	0.33413	0.01832	0.57488
V240	0.52782	0.01909	0.4098	0.0433
V241	0.02267	0.01382	0.88985	0.07366
V242	0.15097	0.75962	0.0847	0.0047
V243	0.2511	0.0252	0.64592	0.07778
V244	0.20819	0.00446	0.69846	0.0889
V245	0.67168	0.24405	0.03573	0.04854
V246	0.0584	0.11477	0.80516	0.02166
V247	0.17986	0.02454	0.79207	0.00352
V248	0.02612	0.01492	0.05517	0.90378
V249	0.00731	0.03096	0.88785	0.07388
V250	0.80611	0	0.19216	0.00173
V251	0.97286	0.02542	0	0.00171
V252	0.02659	0.82733	0.14608	0
V253	0.37424	0.0338	0.14677	0.44519
V254	0.02661	0.92673	0.04666	0
V255	0.06264	0.90093	0.00364	0.03278
V256	0.19346	0.16739	0.54801	0.09115
V257	0.45642	0.05958	0.22128	0.26271
V258	0.19691	0.21651	0.44642	0.14015
V259	0.03834	0.25185	0.67115	0.03866
V260	0.00802	0.25357	0.73272	0.00569
V261	0.66202	0.00877	0.17508	0.15414
V262	0.08776	0.02726	0.02611	0.85887
V263	0.03532	0.94313	0.00548	0.01608
V264	0.15914	0.01461	0.42154	0.40472
V265	0.03001	0	0.12735	0.84264
V266	0.6896	0.30833	0.00207	0
V267	0.00568	0.11826	0.27164	0.60442
V268	0.38346	0.00109	0.1252	0.49025
V269	0.0154	0.53672	0.40189	0.04598
V270	0.6925	0.0057	0.22301	0.07878
V271	0.85443	0.03281	0.019	0.09377
V272	0.06855	0.81438	0.01137	0.10569
V273	0.05063	0.00869	0.04541	0.89528
V274	0.73698	0	0.15761	0.10542
V275	0.01934	0.03411	0.93337	0.01318
V276	0.55834	0.28218	0.00246	0.15702
V277	0.03839	0.14127	0.1481	0.67223
V278	0.03453	0.02454	0.27184	0.6691
V279	0.7426	0.02684	0.09072	0.13984
V280	0.02632	0.00778	0.04262	0.92328
V281	0.56822	0.00628	0.12018	0.30533
V282	0.05518	0.04561	0.8375	0.0617
V283	0.24116	0.55033	0.05205	0.15646
V284	0.04217	0.90421	0.05362	0
V285	0.08803	0.02595	0.88015	0.00588
V286	0.2826	0.52241	0.09878	0.09621
V287	0.11649	0.85769	0.01256	0.01326
V288	0.01959	0.22084	0.43896	0.3206
V289	0.31538	0.17327	0.43367	0.07768
V290	0.8609	0.13298	0.00612	0
V291	0.52764	0.04463	0.41861	0.00912
V292	0.95365	0	0	0.04635
V293	0.3065	0.00979	0.64603	0.03768
V294	0.09364	0.29959	0.00157	0.6052
V295	0.02061	0.1141	0.17709	0.6882
V296	0.18717	0.08461	0.63744	0.09077
V297	0.0657	0	0.07009	0.86421
V298	0.3196	0.07263	0.59719	0.01058
V299	0.07089	0.20457	0.01539	0.70915
V300	0.00817	0.00924	0.21336	0.76923
V301	0.12172	0.07718	0.67479	0.1263
V302	0.70456	0.29012	0	0.00532
V303	0.00844	0.57985	0.38577	0.02594
V304	0.05114	0.01476	0.75247	0.18163
V305	0.1226	0.11102	0.47253	0.29385
V306	0.87208	0.0563	0.03348	0.03814
V307	0.03388	0.94301	0.01649	0.00662
V308	0.24729	0.17485	0.29694	0.28091
V309	0.35619	0.24947	0.01851	0.37583
V310	0.08214	0.24831	0.14133	0.52823
V311	0.5666	0.43182	0.00158	0
V312	0.11394	0.73967	0.13332	0.01307
V313	0.01366	0.07106	0.03215	0.88312
V314	0.02261	0.41846	0.10402	0.4549
V315	0.13685	0.59089	0.02922	0.24304
V316	0.33356	0.09091	0.39064	0.18489
V317	0.10178	0.67902	0.03871	0.18049
V318	0.04327	0.49615	0.01123	0.44936
V319	0.05801	0.04298	0.86599	0.03301
V320	0.07727	0.10209	0.68154	0.13911
V321	0.68003	0.31776	0.00221	0
V322	0.20299	0.2545	0.06198	0.48053
V323	0.04699	0.00243	0.08483	0.86575
V324	0.73128	0.2047	0.05178	0.01224
V325	0.34084	0.61373	0.04543	0
V326	0.00905	0.50979	0.08575	0.39542
V327	0.02306	0.08795	0.09634	0.79264
V328	0.04236	0.01428	0.7502	0.19316
V329	0.16406	0.06345	0.15342	0.61908
V330	0.39147	0	0.31792	0.29061
V331	0.33613	0.04453	0.03577	0.58357
V332	0.01414	0.01936	0.16835	0.79816
V333	0.45215	0.04429	0.38495	0.11861
V334	0.35368	0	0.34139	0.30493
V335	0.0289	0.28753	0.54305	0.14052
V336	0.19919	0.68075	0.01437	0.10569
V337	0.32004	0.36749	0.28969	0.02278
V338	0.02123	0.96462	0.01271	0.00144
V339	0.12962	0.01565	0.84554	0.00918
V340	0.05719	0.175	0.55066	0.21715
V341	0.02505	0.01351	0.06737	0.89408
V342	0.24634	0	0.61098	0.14268
V343	0.98902	0.00891	0	0.00207
V344	0.72833	0.1137	0.15796	0
V345	0.03359	0.03901	0.91983	0.00758
V346	0.23212	0.06798	0.27245	0.42746
V347	0.03851	0	0.1165	0.84499
V348	0.06845	0.63514	0.13549	0.16092
V349	0.37713	0.12056	0.39149	0.11082
V350	0.04425	0.79177	0.16398	0
V351	0.01631	0.00959	0.37207	0.60203
V352	0.04358	0.01602	0.858	0.0824
V353	0.922	0.00378	0.01931	0.05491
V354	0.057	0.68992	0.21971	0.03336
V355	0.28311	0.04477	0.46458	0.20754
V356	0.03114	0.00412	0.09406	0.87067
V357	0.11991	0.27363	0.28072	0.32574
V358	0.56122	0.059	0.03685	0.34293
V359	0.57744	0.02242	0.02323	0.37691
V360	0.60308	0.38165	0.01101	0.00426
V361	0.00764	0.42255	0.56656	0.00324
V362	0.02072	0.95907	0.01934	0.00087
V363	0.16979	0.07519	0.47776	0.27726
V364	0.15358	0.04004	0.70448	0.1019
V365	0.24251	0.00456	0.01817	0.73476
V366	0.09115	0.66317	0.0748	0.17088
V367	0.5892	0.08941	0	0.32139
V368	0.10188	0.72607	0.07501	0.09705
V369	0.02383	0.36832	0.60475	0.00309
V370	0.32673	0.23145	0.41734	0.02449
V371	0.21285	0.70454	0.02228	0.06033
V372	0.1465	0.01979	0.10614	0.72757
V373	0.07566	0.09061	0.47769	0.35604
V374	0.8073	0.00656	0.18614	0
V375	0.03704	0.01341	0.13102	0.81854
V376	0.03129	0.00833	0.09324	0.86714
V377	0.79111	0	0.00198	0.20691
V378	0.00925	0.01013	0.38114	0.59948
V379	0.33634	0.13461	0.00803	0.52102
V380	0.13753	0.03485	0.18055	0.64706
V381	0.76206	0	0.07138	0.16656
V382	0.08646	0.0285	0.87561	0.00943
V383	0.85757	0	0.03201	0.11042
V384	0.58361	0.03979	0.11357	0.26303
V385	0.89896	0	0.05452	0.04651
V386	0.28138	0	0.12564	0.59298
V387	0.64305	0.10228	0.17332	0.08135
V388	0.41652	0.27801	0.1357	0.16977
V389	0.4585	0.47838	0.00443	0.05869
V390	0.32137	0.21564	0.46187	0.00112
V391	0.41028	0.05847	0.01324	0.518
V392	0.46142	0.16778	0.15265	0.21815
V393	0.30455	0.17935	0.3539	0.1622
V394	0.0893	0.15893	0.10126	0.65051
V395	0.242	0.34577	0.19639	0.21584
V396	0.02559	0.94875	0.01024	0.01543
V397	0.83899	0.05044	0.08073	0.02984
V398	0.46166	0.0864	0.08114	0.3708
V399	0.21666	0.53052	0.14268	0.11015
V400	0.00903	0.52806	0.05844	0.40447
V401	0.03641	0.11597	0.76527	0.08235
V402	0.83577	0.13969	0.02454	0
V403	0.02541	0.00772	0.07461	0.89226
V404	0.0917	0.15091	0.65292	0.10447
V405	0.20413	0.00762	0.14821	0.64004
V406	0.69806	0.19641	0.00734	0.09819
V407	0.02123	0.96462	0.01271	0.00144
V408	0.09261	0.1889	0.40757	0.31091
V409	0.01999	0.0136	0.04355	0.92286
V410	0.10368	0.85694	0.02641	0.01297
V411	0.41428	0	0.00126	0.58446
V412	0.15244	0.0442	0.50416	0.2992
V413	0.06358	0.43811	0.17603	0.32229
V414	0.04197	0.47878	0.33956	0.13969
V415	0.44905	0.00921	0.21353	0.32821
V416	0.02703	0.07062	0.89667	0.00568
V417	0.41685	0.57999	0.00317	0
V418	0.06489	0.05649	0.12763	0.75099
V419	0.02506	0.00579	0.04855	0.9206
V420	0.01391	0.87855	0.01373	0.09381
V421	0.15149	0.02542	0.6992	0.1239
V422	0.04451	0.03272	0.02723	0.89553
V423	0.08105	0.01929	0.8752	0.02446
V424	0.00202	0.0283	0.61151	0.35816
V425	0.05907	0.19029	0.63374	0.1169
V426	0.08422	0.03015	0.81459	0.07104
V427	0.07191	0.33841	0.18557	0.4041
V428	0.10167	0.76641	0.04819	0.08373
V429	0.02415	0.00526	0.05441	0.91618
V430	0.80852	0.11864	0.00738	0.06546
V431	0.16985	0.01008	0.44175	0.37832
V432	0.09596	0.04896	0.04655	0.80853
V433	0.06805	0.69901	0	0.23294
V434	0.32276	0.03761	0.04329	0.59634
V435	0.50301	0	0.10334	0.39365
V436	0.36255	0	0.09854	0.53891
V437	0.22662	0.16341	0.004	0.60597
V438	0.64803	0.10839	0.02117	0.22241
V439	0.03433	0.06066	0.02457	0.88043
V440	0.47083	0.01121	0.02565	0.49232
V441	0.06615	0.0895	0.6175	0.22685
V442	0.34831	0.28859	0.12747	0.23562
V443	0.76471	0	0.07064	0.16465
V444	0.03359	0.03901	0.91983	0.00758
V445	0.64804	0.00615	0.3217	0.02411
V446	0.04746	0.82962	0.04983	0.07309
V447	0.68062	0.05914	0.1589	0.10135
V448	0.02148	0.03027	0.17643	0.77183
V449	0.59518	0.02004	0.28164	0.10314
V450	0.16675	0.81627	0.01698	0
V451	0.95643	0.02871	0	0.01486
V452	0.03317	0.00248	0.07443	0.88992
V453	0.86379	0.04144	0.04772	0.04705
V454	0.01567	0.93128	0.04634	0.00671
V455	0.63731	0.01518	0.28686	0.06065
V456	0.34616	0.08129	0.38849	0.18406
V457	0.0195	0.0202	0.03674	0.92356
V458	0.26384	0.16341	0.00316	0.56959
V459	0.02677	0.79013	0.08633	0.09677
V460	0.97729	0	0.01486	0.00785
V461	0.05435	0.0167	0.02837	0.90058
V462	0.35031	0.18329	0	0.4664
V463	0.28458	0.44203	0.15084	0.12255
V464	0.50604	0.0588	0.00032	0.43483
V465	0.44144	0.37966	0.01653	0.16237
V466	0.61209	0.13365	0	0.25426
V467	0.35296	0.54762	0.06856	0.03086
V468	0.55275	0.36005	0.03793	0.04927
V469	0.0194	0.11692	0.27438	0.58929
V470	0.59027	0.08284	0.16536	0.16153
V471	0.25365	0.05942	0.03103	0.65589
V472	0.33291	0.26867	0	0.39842
V473	0.11188	0.53027	0.34313	0.01473
V474	0.10062	0	0.09425	0.80512
V475	0.19548	0.33954	0.07014	0.39484
V476	0.14458	4e-05	0.05474	0.80064
V477	0.62928	0.01566	0.18749	0.16756
V478	0.14585	0.53907	0.00232	0.31276
V479	0.01768	0.0594	0.82997	0.09295
V480	0.08022	0.23685	0.04057	0.64236
V481	0.14662	0.01721	0.82119	0.01498
V482	0.75928	0.11707	0.09346	0.03019
V483	0.11705	0.06276	0.06639	0.75379
V484	0.0254	0.03901	0.03852	0.89706
V485	0.1367	0.7144	0.0086	0.1403
V486	0.2837	0.20576	0.11653	0.39402
V487	0.06411	0.01809	0.0809	0.83691
V488	0.00886	0.01359	0.86175	0.1158
V489	0.22091	0.07564	0.69187	0.01157
V490	0.36659	0.25556	0.05796	0.3199
V491	0.48948	0.42774	0.02374	0.05904
V492	0.04029	0.83556	0.12416	0
V493	0.03159	0.01191	0.0334	0.92309
V494	0.20189	0.11609	0.5435	0.13851
V495	0.25513	0.60242	0.12978	0.01267
V496	0.30206	0.65803	0	0.03991
V497	0.02653	0.02668	0.93376	0.01303
V498	0.30428	0.05977	0.04349	0.59246
V499	0.67138	0.22274	0.10587	0
V500	0.1006	0.09137	0.76811	0.03992
V501	0.01879	0.0077	0.05722	0.91629
V502	0.60794	0.23334	0.13745	0.02127
V503	0.18758	0.0568	0.18381	0.57182
V504	0.26	0.67237	0.00786	0.05977
V505	0.20353	0.16076	0.24804	0.38767
V506	0.09334	0.20391	0.47126	0.23149
V507	0.65445	0.06267	0.1032	0.17968
V508	0.81376	0.1205	0.0276	0.03814
V509	0.22847	0.0378	0.51309	0.22063
V510	0.25339	0.49321	0.2534	0
V511	0.051	0.34987	0.04043	0.55869
V512	0.22658	0.01814	0.07009	0.68519
V513	0.09092	0.63301	0.21109	0.06498
V514	0.02374	0.04093	0.02726	0.90808
V515	0.80977	0.03166	0.03329	0.12528
V516	0.93622	0.06234	0	0.00144
V517	0.03512	0.00668	0.23014	0.72806
V518	0.97557	0.02219	0	0.00224
V519	0.03824	0.85058	0.00634	0.10484
V520	0.02331	0.00057	0.60055	0.37557
V521	0.59948	0.02585	0.35059	0.02408
V522	0.00877	0.0863	0.58126	0.32367
V523	0.37076	0.0844	0.24982	0.29502
V524	0.01788	0.77294	0.18567	0.02351
V525	0.25227	0.14464	0.0221	0.58099
V526	0.67589	0.04471	0.05894	0.22046
V527	0.1946	0.00797	0.38377	0.41365
V528	0.11515	0.84273	0.00056	0.04156
V529	0.05249	0.02936	0.20349	0.71466
V530	0.00964	0.16083	0.71388	0.11565
V531	0.03709	0.85414	0.10877	0
V532	0.17356	0.2591	0.02276	0.54458
V533	0.30641	0.30111	0.12896	0.26352
V534	0.0082	0.00947	0.69954	0.28279
V535	0.52454	0	0.00703	0.46843
V536	0.17662	0	0.35115	0.47222
V537	0.64717	0.21309	0.13452	0.00521
V538	0.44998	0.02489	0.0724	0.45274
V539	0.2968	0.39326	0.14974	0.1602
V540	0.22602	0.67942	0.06348	0.03108
V541	0.0248	0.44493	0.05785	0.47242
V542	0.19282	0.08408	0.24084	0.48226
V543	0.89928	0	0.00194	0.09878
V544	0.09512	0.04864	0.15372	0.70253
V545	0.36357	0.095	0.0585	0.48293
V546	0.06073	0.87803	0.06124	0
V547	0.04655	0.63109	0.31558	0.00678
V548	0.17467	0.74968	0.07565	0
V549	0.33305	0.02384	0.63158	0.01152
V550	0.57304	0.00613	0	0.42082
V551	0.20081	0.71885	0.02983	0.0505
V552	0.01034	0.46189	0.00803	0.51975
V553	0.23805	0.11567	0.62748	0.01879
V554	0.04899	0.04871	0.03266	0.86964
V555	0.09164	0.17256	0.3321	0.4037
V556	0.01114	0.03003	0.92254	0.03629
V557	0.84078	0.00647	0.00171	0.15104
V558	0.07906	0.76708	0.02449	0.12937
V559	0.02497	0.79015	0.18488	0
V560	0.72706	0.27294	0	0
V561	0.01934	0.03411	0.93337	0.01318
V562	0.81233	0	0.09379	0.09388
V563	0.2507	0.01147	0.73115	0.00668
V564	0.06007	0.06237	0.86226	0.0153
V565	0.1295	0.21257	0.38604	0.27189
V566	0.7211	0.05789	0	0.22101
V567	0.23167	0.391	0.01995	0.35738
V568	0.21744	0	0.04983	0.73273
V569	0.67619	0.00617	0	0.31764
V570	0.02837	0.24915	0.65247	0.07001
V571	0.85894	0.08571	0	0.05535
V572	0.46052	0	0.43437	0.10511
V573	0.0586	0.11677	0.01493	0.8097
V574	0.04699	0.7832	0.16412	0.00569
V575	0.02292	0.04443	0.11392	0.81872
V576	0.17335	0.78905	0.03284	0.00476
V577	0.03662	0.01763	0.19329	0.75247
V578	0.05256	0.04408	0.69416	0.20919
V579	0.01989	0.87946	0.08673	0.01392
V580	0.13067	0	0.10043	0.76889
V581	0.06105	0.04744	0.01926	0.87225
V582	0.60837	0.09911	0.02167	0.27085
V583	0.00788	0.0265	0.58078	0.38484
V584	0.56785	0.1177	0.28189	0.03256
V585	0.00978	5e-04	0.4212	0.56852
V586	0.23464	0.00733	0.65877	0.09926
V587	0.26923	0.01208	0.68967	0.02902
V588	0.63231	0.01586	0.01584	0.33599
V589	0.06828	0.81184	0.05805	0.06183
V590	0.05994	0.75665	0.1834	0
V591	0.00833	0.01521	0.18659	0.78988
V592	0.16867	0.03743	0.79065	0.00325
V593	0.58827	0	0.16126	0.25047
V594	0.37232	0.24932	0.33469	0.04367
V595	0.0311	0.01394	0.03827	0.91668
V596	0.0378	0.21658	0.21703	0.52858
V597	0.00783	0.55698	0.34543	0.08976
V598	0.02413	0.09562	0.86476	0.01548
V599	0.68254	0.27612	0.02127	0.02007
V600	0.39585	0.4344	0.0404	0.12936
V601	0.16091	0.2103	0.07247	0.55632
V602	0.03238	0.01522	0.03323	0.91918
V603	0.01851	0.29674	0.0162	0.66855
V604	0.55725	0.08594	0.33325	0.02356
V605	0.07188	0.28082	0.41409	0.23321
V606	0.77443	0.10783	0.00128	0.11646
V607	0.66233	0	0.08969	0.24798
V608	0.22878	0.11842	0.38728	0.26552
V609	0.02906	0.17349	0.22448	0.57297
V610	0.80256	0.00173	0.07095	0.12476
V611	0.25934	0	0.04742	0.69324
V612	0.02668	0.06866	0.83268	0.07197
V613	0.03804	0.29721	0.62656	0.03819
V614	0.79944	0.03156	0.03332	0.13568
V615	0.11736	0.02653	0.01939	0.83672
V616	0.09009	0.67779	0.03882	0.19331
V617	0.50767	0.13225	0.36008	0
V618	0.71157	0	0	0.28843
V619	0.38836	0.01266	0.30226	0.29672
V620	0.01716	0.64867	0.3337	0.00048
V621	0.451	0.1095	0.16117	0.27833
V622	0.38938	0.1864	0.3999	0.02433
V623	0.02249	0.03773	0.13104	0.80874
V624	0.83316	0.15386	0	0.01298
V625	0.29565	0.45815	0.08848	0.15772
V626	0.97897	0.01275	0	0.00829
V627	0.01288	0.0122	0.07797	0.89695
V628	0.01198	0.16241	0.02327	0.80234
V629	0.13106	0.23844	0.27846	0.35203
V630	0.03837	0.29447	0.61886	0.0483
V631	0.02349	0.13127	0.09479	0.75045
V632	0.57951	0	0.11547	0.30502
V633	0.00403	0.02677	0.83253	0.13667
V634	0.43857	0.22993	0.33149	0
V635	0.03748	0.72353	0.00501	0.23398
V636	0.12176	0.07603	0.66389	0.13832
V637	0.312	0.14098	0.07623	0.4708
V638	0.39961	0.2013	0.05701	0.34208
V639	0.29689	0.39893	0.30418	0
V640	0.03715	0.11931	0.79263	0.05091
V641	0.92489	0.01583	0.01316	0.04612
V642	0.8068	0.12868	0	0.06451
V643	0.00876	0.13556	0.45095	0.40473
V644	0.94411	0.04885	0	0.00704
V645	0.29136	0.38097	0.31353	0.01415
V646	0.02907	0.95785	0.01232	0.00076
V647	0.145	0.06467	0.73099	0.05935
V648	0.45759	0.39798	0.12327	0.02116
V649	0.02725	0.04799	0.86276	0.062
V650	0.05461	0.06716	0.80689	0.07134
V651	0.31964	0.00976	0.66484	0.00576
V652	0.08384	0.05645	0.432	0.42771
V653	0.13863	0.64593	0.09322	0.12222
V654	0.75701	0.15185	0.04268	0.04846
V655	0.04417	0.51134	0.01798	0.42651
V656	0.20665	0.20399	0.0096	0.57976
V657	0.0276	0.0427	0.02853	0.90117
V658	0.65181	0.15889	0.04361	0.14568
V659	0.33822	0.05794	0.35986	0.24397
V660	0.04509	0.93402	0.00516	0.01574
V661	0.06147	0.35256	0.0478	0.53818
V662	0.42639	0.00498	0.46203	0.1066
V663	0.24632	0.05037	0.58012	0.12319
V664	0.20503	0.04942	0.69721	0.04835
V665	0.7459	0.13844	0.02765	0.08801
V666	0.57224	0	0.08181	0.34595
V667	0.80548	0.04978	0.14474	0
V668	0.14301	0.77806	0.07893	0
V669	0.25562	0.37626	0.2554	0.11272
V670	0.09707	0.88486	0.00323	0.01484
V671	0.40157	0.24201	0.25826	0.09815
V672	0.02403	0.02687	0.91417	0.03492
V673	0.25659	0.32287	0.23065	0.18989
V674	0.76573	0.09933	0.00726	0.12768
V675	0.1473	0.27996	0.32744	0.24531
V676	0.03049	0.06546	0.09655	0.8075
V677	0.42701	0.35729	0.08487	0.13083
V678	0.55961	0.43318	0.00721	0
V679	0.05092	0.27794	0.66041	0.01073
V680	0.34249	0.51806	0.12696	0.01249
V681	0.93878	0.03717	0.00244	0.02161
V682	0.12017	0.26135	0.58119	0.03729
V683	0.03434	0.94368	0.02197	0
V684	0.76087	0.11474	0.07556	0.04882
V685	0.54958	0.29942	0.11063	0.04037
V686	0.08791	0.12332	0.13705	0.65172
V687	0.03198	0.00951	0.03931	0.9192
V688	0.40432	0.46105	0	0.13463
V689	0.22515	0	0.04296	0.73189
V690	0.49616	0.02394	0.41647	0.06342
V691	0.16185	0.01409	0.81548	0.00858
V692	0.0778	0.10584	0.74585	0.07051
V693	0.23458	0.07119	0.3671	0.32713
V694	0.01187	0.00819	0.26819	0.71175
V695	0.22078	0	0.13635	0.64287
V696	0.06772	0.04753	0.02608	0.85867
V697	0.02322	0.03195	0.0311	0.91373
V698	0.83074	0	0.00176	0.1675
V699	0.6213	0.23499	0.05286	0.09086
V700	0.21007	0.00595	0.01431	0.76967
V701	0.12454	0.48211	0.1025	0.29085
V702	0.54046	0.04329	0.00556	0.41069
V703	0.12649	0.02866	0.48512	0.35972
V704	0.85551	0.01889	0.01328	0.11232
V705	0.97461	0	0.00288	0.02251
V706	0.07373	0.03573	0.79823	0.09231
V707	0.0411	0.39939	0.52252	0.03699
V708	0.04822	0.86043	0.01925	0.0721
V709	0.14393	0.22333	0.55239	0.08035
V710	0.64907	0.15809	0.03578	0.15706
V711	0.1026	0.79036	0.08505	0.02199
V712	0.84272	0.02638	0	0.1309
V713	0.46397	0.24078	0.0233	0.27194
V714	0.01776	0.61384	0.01948	0.34891
V715	0.33569	0.29322	0.30527	0.06582
V716	0.03333	0.01911	0.05167	0.8959
V717	0.09835	0.89089	0.00391	0.00686
V718	0.16391	0.53483	0.17698	0.12428
V719	0.06803	0.67101	0.0318	0.22916
V720	0.72708	0	0.20588	0.06705
V721	0.12477	0.12078	0.48681	0.26764
V722	0.09255	0.26668	0.01217	0.62859
V723	0.09781	0.04672	0.01875	0.83672
V724	0.5818	0.00487	0.06701	0.34632
V725	0.00807	0.07746	0.88026	0.03421
V726	0.04024	0.31109	0.11285	0.53582
V727	0.29387	0.62492	0.08121	0
V728	0.0403	0.87171	0.08799	0
V729	0.3939	0	0.1431	0.463
V730	0.9399	0.01165	0.02676	0.02169
V731	0.02633	0.14313	0.39523	0.43531
V732	0.36298	0.04943	0.34553	0.24206
V733	0.68949	0.13582	0.0207	0.15399
V734	0.25979	0.27188	0.4673	0.00103
V735	0.01596	0.01015	0.46145	0.51244
V736	0.12821	0.00176	0.02263	0.8474
V737	0.36381	0.23951	0.23666	0.16002
V738	0.08352	0.28754	0.47482	0.15412
V739	0.00239	0.00633	0.58391	0.40737
V740	0.89064	0.05409	0.04869	0.00657
V741	0.49919	0.06173	0.10789	0.33118
V742	0.43369	0.55445	0.01186	0
V743	0.13758	0.11002	0.73211	0.02029
V744	0.54728	0.02036	0.31715	0.11522
V745	0.02569	0.67103	0.17995	0.12334
V746	0.99274	0.00372	0	0.00354
V747	0.04997	0.00382	0.70899	0.23723
V748	0.12159	0.07256	0.60563	0.20022
V749	0.27772	0.11918	0.0438	0.5593
V750	0.45241	0.41215	0.00952	0.12592
V751	0.05864	0.8567	0.03329	0.05138
V752	0.4995	0.1756	0.12134	0.20356
V753	0.02867	0.01566	0.03189	0.92378
V754	0.02372	0.9102	0.00366	0.06242
V755	0.15183	0.14348	0.3421	0.36259
V756	0.02786	0.00597	0.0566	0.90957
V757	0.37562	0.55275	0.05095	0.02068
V758	0.05727	0.75269	0.11533	0.07471
V759	0.11446	0.03412	0.39216	0.45925
V760	0.29097	0.02937	0.2639	0.41576
V761	0.07899	0.55166	0.28031	0.08905
V762	0.01142	0.30863	0.01685	0.66309
V763	0.41404	0.29593	0.01683	0.2732
V764	0.02198	0.90789	0.00805	0.06209
V765	0.67608	0.05028	0	0.27365
V766	0.01992	0.26708	0.45706	0.25593
V767	0.51645	0.08562	0.23281	0.16511
V768	0.071	0.89464	0.02072	0.01364
V769	0.16125	0.8083	0.02551	0.00494
V770	0.02907	0.95785	0.01232	0.00076
V771	0.17005	0.01568	0.79988	0.01439
V772	0.13849	0.03768	0.81642	0.00741
V773	0.18296	0.80573	0.00577	0.00554
V774	0.02578	0.01729	0.92098	0.03595
V775	0.10151	0.01807	0.26164	0.61878
V776	0.47292	0.372	0.03909	0.116
V777	0.16336	0.0713	0.12457	0.64077
V778	0.58427	0.22448	0.05393	0.13732
V779	0.16159	0.02201	0.49638	0.32002
V780	0.13111	0.74575	0.12314	0
V781	0.04412	0.01437	0.04077	0.90074
V782	0.01101	0.09327	0.82354	0.07218
V783	0.81216	0.00102	0.03314	0.15367
V784	0.13058	0.85505	0.01438	0
V785	0.05136	0.91929	0.01532	0.01403
V786	0.78008	0.11462	0.06653	0.03877
V787	0.01423	0.83151	0.15425	0
V788	0.564	0.25603	0.13896	0.04101
V789	0.07085	0.29	0.0262	0.61295
V790	0.43861	0.00583	0.06389	0.49168
V791	0.14886	0.33062	0.34085	0.17966
V792	0.14388	0.47816	0.00212	0.37584
V793	0.13722	0.61509	0.02954	0.21815
V794	0.04489	0.05851	0.81418	0.08242
V795	0.09504	0.01714	0.05636	0.83146
V796	0.03113	0.06893	0.87593	0.02401
V797	0.79077	0	0.20126	0.00797
V798	0.67747	0.24994	0.0604	0.01219
V799	0.1513	0.7536	0.02315	0.07195
V800	0.05977	0.00996	0.50556	0.42471
V801	0.13293	0.07767	0.31886	0.47055
V802	0.03563	0.04477	0.25446	0.66514
V803	0.25036	0.48782	0.26182	0
V804	0.54893	0.00461	0.37493	0.07154
V805	0.03541	0.03513	0.92157	0.0079
V806	0.06034	0.89413	0.01374	0.03179
V807	0.24697	0.10058	0.03038	0.62207
V808	0.71944	0.22344	0.0279	0.02922
V809	0.0543	0.04533	0.89494	0.00543
V810	0.03104	0.95996	0.0072	0.00181
V811	0.43506	0.04227	0.18687	0.3358
V812	0.59288	0.21024	0.03718	0.1597
V813	0.65359	0.15027	0.1743	0.02185
V814	0.47447	0.4903	0.03524	0
V815	0.01693	0.91063	0.07244	0
V816	0.94969	0.00224	0.04807	0
V817	0.0334	0.06371	0.88685	0.01604
V818	0.01423	0.03108	0.04942	0.90528
V819	0.87942	0.04886	0.03365	0.03807
V820	0.11595	0.05841	0.02601	0.79963
V821	0.24011	0.27371	0.40786	0.07832
V822	0.07093	0.0247	0.87995	0.02442
V823	0.02704	0.15087	0.71715	0.10495
V824	0.10046	0.34887	0.55067	0
V825	0.23839	0.24048	0.25224	0.26888
V826	0.47967	0.37448	0.14111	0.00475
V827	0.41677	0.55592	0.00654	0.02077
V828	0.21693	0.11339	0.09717	0.57251
V829	0.04158	0.17707	0.03687	0.74448
V830	0.2175	0.16405	0.02296	0.59549
V831	0.81245	0.05304	0.01942	0.11509
V832	0.2963	0.35492	0.16106	0.18772
V833	0.16297	0.4711	0.17648	0.18945
V834	0.27818	0.03812	0.06807	0.61563
V835	0.40036	0.41009	0.10564	0.08391
V836	0.01848	0.62042	0.0063	0.3548
V837	0.24176	0.33135	0.18496	0.24193
V838	0.95933	0.02392	0.01536	0.00139
V839	0.33341	0.57793	0.08866	0
V840	0.32148	0.67091	0.00761	0
V841	0.00851	0.0377	0.8899	0.06388
V842	0.37725	0.12343	0.25289	0.24643
V843	0.0197	0.02191	0.87519	0.0832
V844	0.10584	0.0556	0.37264	0.46593
V845	0.06579	0.08062	0.78277	0.07082
V846	0.00298	0.01313	0.74866	0.23523
V847	0.0237	0.01166	0.03997	0.92467
V848	0.09964	0.46605	0.16585	0.26846
V849	0.01531	0.94117	0.01029	0.03323
V850	0.98739	0	0.00426	0.00835
V851	0.37019	0.49397	0.13584	0
V852	0.09297	0.02317	0.1171	0.76677
V853	0.2629	0.18257	0.41646	0.13807
V854	0.64212	0.12311	0.0871	0.14767
V855	0.0237	0.01166	0.03997	0.92467
V856	0.05114	0.3008	0.36302	0.28503
V857	0.7217	0.12719	0.02079	0.13033
V858	0.57952	0.00665	0.4108	0.00303
V859	0.70803	0.18661	0.00728	0.09808
V860	0.17396	0.06883	0.04806	0.70914
V861	0.09716	0.3217	0.57167	0.00946
V862	0.1328	0.06514	0.75271	0.04936
V863	0.18112	0.03132	0.01019	0.77737
V864	0.0572	0.01457	0.05493	0.8733
V865	0.1	0	0.24556	0.65444
V866	0.76427	0.00504	0.22287	0.00782
V867	0.76158	0.01265	0.22448	0.0013
V868	0.56552	0.2317	0.12059	0.0822
V869	0.03803	0.94988	0.01199	1e-04
V870	0.10292	0.26905	0.01746	0.61057
V871	0.01531	0.94117	0.01029	0.03323
V872	0.01373	0.00184	0.23145	0.75298
V873	0.92665	0.01066	0.03297	0.02971
V874	0.22202	0.74983	0.02815	0
V875	0.0201	0.1326	0.18869	0.65861
V876	0.17206	0.28782	0.43726	0.10286
V877	0.05118	0.34586	0.30452	0.29843
V878	0.15507	0.78436	0.06057	0
V879	0.21481	0.66499	0.03668	0.08352
V880	0.33505	0.50384	0	0.16111
V881	0.14053	0.0275	0.61158	0.22039
V882	0.82461	0	0.10139	0.074
V883	0.30177	0.17105	0.52719	0
V884	0.02659	0.20968	0.00946	0.75427
V885	0.75422	0.1747	0.07108	0
V886	0.01993	0.32027	0.49441	0.16539
V887	0.67161	0.03451	0.1384	0.15549
V888	0.09522	0.03454	0.76733	0.10291
V889	0.95262	0.02543	0.00823	0.01372
V890	0.03578	0.10784	0.64187	0.21451
V891	0.66474	0.02843	0.2657	0.04113
V892	0.27195	0.12616	0.00904	0.59285
V893	0.63584	0.16818	0.1355	0.06048
V894	0.07187	0.27302	0.61714	0.03797
V895	0.62657	0.03534	0.17993	0.15815
V896	0.0524	0.92399	0.00906	0.01455
V897	0.73841	0.20562	0	0.05596
V898	0.43232	0	0.00512	0.56256
V899	0.03056	0.13156	0.1282	0.70967
V900	0.08226	0.2446	0.37464	0.2985
V901	0.04765	0.80788	0.00604	0.13843
V902	0.06262	0.89228	0.0451	0
V903	0.01264	0.38636	0.55333	0.04767
V904	0.04022	0.9513	0.007	0.00148
V905	0.12912	0	0.15808	0.7128
V906	0.39996	0.05345	0.09172	0.45487
V907	0.47211	0.46814	0.0107	0.04905
V908	0.0179	0.02503	0.07204	0.88503
V909	0.1494	0.77892	0.00022	0.07146
V910	0.13926	0	0.10785	0.75289
V911	0.56468	0.34456	0.02198	0.06879
V912	0.4278	0.27565	0.11458	0.18197
V913	0.10088	0.00092	0.0277	0.8705
V914	0.20236	0.46809	0.29598	0.03357
V915	0.19707	0	0.01783	0.78511
V916	0.25358	0.04103	0.65808	0.04732
V917	0.74914	0.00982	0.14344	0.0976
V918	0.05652	0.60793	0.23491	0.10064
V919	0.20727	0.18552	0.29851	0.30869
V920	0.66846	0.15124	0.07857	0.10173
V921	0.0322	0.10713	0.0354	0.82526
V922	0.11035	0.43775	0.40642	0.04548
V923	0.06684	0.00574	0.04869	0.87872
V924	0.04578	0.65673	0.27343	0.02405
V925	0.15874	0.01195	0.02145	0.80786
V926	0.17834	0.00471	0.03279	0.78416
V927	0.02534	0.01946	0.05923	0.89597
V928	0.05963	0.87198	0.00676	0.06163
V929	0.06795	0.60847	0.12493	0.19864
V930	0.55401	0.32222	0.02175	0.10202
V931	0.14505	0.23359	0.54116	0.0802
V932	0.03499	0.08037	0.62231	0.26233
V933	0.64482	0.34675	0.00394	0.00449
V934	0.01289	0.09845	0.25953	0.62913
V935	0.60898	0.12128	0.19823	0.07151
V936	0.55747	0.21692	0.0091	0.2165
V937	0.56568	0.08596	0.0704	0.27796
V938	0.37959	0.02585	0.29536	0.29921
V939	0.77644	0.00087	0.05576	0.16693
V940	0.03621	0.78543	0.14561	0.03275
V941	0.0218	0.03184	0.93186	0.0145
V942	0.79173	0.14548	0.05029	0.0125
V943	0.42085	0.09655	0.42762	0.05498
V944	0.02395	0.19593	0.05946	0.72066
V945	0.60399	0.3048	0.00202	0.0892
V946	0.50053	0.21993	0.24721	0.03234
V947	0.072	0.02278	0.21184	0.69338
V948	0.34669	0.02182	0.61257	0.01892
V949	0.0064	0.06742	0.18777	0.73841
V950	0.06512	0.49432	0.21198	0.22858
V951	0.86255	0.00515	0.13113	0.00117
V952	0.06467	0.08211	0.25123	0.602
V953	0.02335	0.04595	0.89647	0.03423
V954	0.0387	0.12272	0.12793	0.71066
V955	0.13477	0.54879	0.02214	0.2943
V956	0.03224	0.01059	0.49949	0.45768
V957	0.30634	0.00089	0.00644	0.68633
V958	0.03159	0.01191	0.0334	0.92309
V959	0.25001	0.21887	0.45247	0.07865
V960	0.23891	0.21187	0.07029	0.47894
V961	0.14763	0.34617	0.3654	0.1408
V962	0.38941	0.13134	0.40274	0.07652
V963	0.64672	0.12822	0.14403	0.08104
V964	0.87956	0.01141	0.07905	0.02998
V965	0.06398	0.45281	0.1884	0.29481
V966	0.98586	0.00607	0	0.00806
V967	0.05091	0.02276	0.5227	0.40364
V968	0.00438	0.12064	0.80282	0.07216
V969	0.0166	0.2166	0.0376	0.7292
V970	0.03387	0.07979	0.42083	0.46551
V971	0.53322	0.05772	0.32559	0.08347
V972	0.53562	0.14693	0.03743	0.28002
V973	0.29234	0.36658	0.06888	0.2722
V974	0.01733	0.77177	0.1255	0.0854
V975	0.1079	0.25638	0.63248	0.00323
V976	0.47384	0.19527	0.10255	0.22835
V977	0.34958	0.32265	0.32778	0
V978	0.05619	0.05044	0.06426	0.82912
V979	0.83561	0.00516	0.15798	0.00126
V980	0.99274	0.00372	0	0.00354
V981	0.33998	0.0159	0.43026	0.21387
V982	0.48743	0.35413	0.0649	0.09353
V983	0.70844	0.02951	0	0.26205
V984	0.02753	0.83466	0.1052	0.03261
V985	0.06857	0.13341	0.01416	0.78387
V986	0.35693	0.48367	0.04169	0.1177
V987	0.26575	0.72073	0	0.01352
V988	0.1892	0.00063	0.02094	0.78923
V989	0.4892	0.43297	0.06608	0.01174
V990	0.00283	0.03792	0.79995	0.1593
V991	0.68574	0.30914	0	0.00511
V992	0.19524	0	0.51671	0.28805
V993	0.07889	0.71246	0.1658	0.04285
V994	0.20912	0.76141	0.02482	0.00466
V995	0.77419	0.06797	0.01994	0.13791
V996	0.25433	0.07478	0.01159	0.65929
V997	0.01775	0.01471	0.83158	0.13596
V998	0.9073	0	0.04639	0.04631
V999	0.14328	0.85254	0.00418	0
V1000	0.28677	0.00543	0.00659	0.70121
