Neutrophils	Monocytes_CD14.CD16.	Macrophage	T_cells_.CD4..	NK_cells
V1	0.29471	0.1305	0.29269	0.11036	0.17174
V2	0.00061	0.8167	0.08292	0.04349	0.05628
V3	0.04502	0.03024	0.48901	0.3842	0.05152
V4	0	0.00955	0.22416	0.03401	0.73228
V5	0	0	0.05315	0.07047	0.87638
V6	0.31066	0.02356	0.31632	0.19957	0.14988
V7	0	0.03998	0.41368	0.05066	0.49568
V8	0	0.05458	0.89252	0.0481	0.00479
V9	0.03822	0.01037	0.29406	0.59027	0.06707
V10	0.43406	0.03086	0.51865	0	0.01643
V11	0.01341	0.01075	0.09716	0.04402	0.83467
V12	0.05569	0.01059	0.22958	0.256	0.44815
V13	0.10024	0.03938	0.04036	0.36824	0.45178
V14	0.13714	0	0.08151	0.6126	0.16875
V15	0.00599	0.02226	0	0.8542	0.11755
V16	0.57022	0.06912	0.02362	0.30383	0.03321
V17	0.03038	0.21979	0.0198	0.04037	0.68965
V18	0.04657	0.43678	0.30313	0.1843	0.02922
V19	0.00824	0	0	0.08147	0.91029
V20	0	0.02885	0.75621	0.1858	0.02914
V21	0	0.24045	0.13923	0.12849	0.49183
V22	0.8122	0.07672	0.09236	0	0.01872
V23	0.04976	0.0058	0.01993	0.09922	0.82529
V24	0.40398	0.10851	0.02846	0.02322	0.43583
V25	0.00507	0.02053	0.01303	0.35754	0.60382
V26	0.43429	0.20083	0.07925	0.01994	0.26569
V27	0.07503	0.49759	0.21387	0	0.21351
V28	0.00875	0.08158	0.22792	0.58211	0.09964
V29	0	0.00489	0.36423	0.55635	0.07453
V30	0.72504	0.10155	0.04552	0	0.12789
V31	0.38982	0.14255	0.0217	0.20334	0.24259
V32	0.9306	0	0.01816	0	0.05125
V33	0	0.17347	0.01777	0.08718	0.72158
V34	0.05861	0.90211	0.03421	0	0.00507
V35	0.04612	0.63565	0.30241	0.01325	0.00256
V36	0.00197	0.15746	0.16984	0.06588	0.60485
V37	0.71155	0	0.00386	0	0.28458
V38	0.09387	0.03794	0.5133	0.16545	0.18944
V39	0.28283	0.03283	0.35548	0	0.32886
V40	0.17288	0.65108	0.04189	0.08423	0.04992
V41	0	0.8687	0.04104	0	0.09027
V42	0.86751	0.02307	0.03787	0	0.07155
V43	0.45633	0.13069	0.40746	0	0.00552
V44	0.0055	0.28621	0.58599	0	0.1223
V45	0	0.69176	0.12553	0.11884	0.06388
V46	0.05734	0.79983	0.10182	0.01736	0.02365
V47	0	0.05011	0.94332	0	0.00658
V48	0.13364	0.1328	0.25044	0.29498	0.18814
V49	0.44477	0.15049	0.27367	0.11248	0.01859
V50	0.006	0.06937	0.92463	0	0
V51	0.06474	0.25047	0.21109	0.04509	0.4286
V52	0	0.95614	0.03653	0.00053	0.00679
V53	0.00293	0.18388	0.01146	0.71368	0.08806
V54	0.18997	0	0.01259	0.51316	0.28428
V55	0.05846	0	0	0.83797	0.10357
V56	0.05295	0	0.00214	0.72132	0.22359
V57	0.12129	0.13537	0.59842	0.00746	0.13745
V58	0.04341	0	0.13206	0.16108	0.66345
V59	0.86801	0.00874	0.1207	0	0.00255
V60	0.39265	0.20649	0.15385	0.09966	0.14735
V61	0.15382	0	0.02796	0.18196	0.63627
V62	0.03508	0.02315	0.30015	0.10468	0.53695
V63	0.34945	0.25415	0.07977	0.01694	0.29969
V64	0.95567	0	0.04219	0	0.00213
V65	0.06206	0.07744	0.04403	0.57973	0.23674
V66	0.01102	0.00538	0.15014	0.73683	0.09663
V67	0	0.01585	0.32846	0.07083	0.58485
V68	0.43571	0.00747	0.45035	0.01139	0.09507
V69	0.57039	0.11512	0.24124	0	0.07324
V70	0.01062	0.74556	0.07136	0.13514	0.03733
V71	0.03829	0.82128	0.07458	0.04755	0.0183
V72	0.00491	0.36738	0.03425	0.02449	0.56897
V73	0.03964	0	0.10979	0.52779	0.32279
V74	0	0.06105	0.00706	0.74905	0.18284
V75	0.43888	0.18847	0.36054	0	0.01211
V76	0	0.00032	0.01615	0.81296	0.17057
V77	0.00612	0.04838	0.92589	0.01804	0.00157
V78	0	0.05859	0.93377	0	0.00764
V79	0.0397	0.38783	0.05391	0.11608	0.40248
V80	0.06848	0.76133	0.02783	0.03781	0.10455
V81	0	0.05217	0.94783	0	0
V82	0.21062	0.16769	0.04025	0.51361	0.06782
V83	0.07177	0.07321	0.02431	0.49809	0.33262
V84	0.05786	0.14191	0.00891	0.04435	0.74698
V85	0	0.05082	0.94918	0	0
V86	0	0.26494	0.34216	0.34453	0.04836
V87	0.4528	0	0.05651	0.42464	0.06605
V88	0.26641	0.15417	0.06506	0.16709	0.34728
V89	0.02333	0.1289	0.83116	0.01605	0.00057
V90	0	0.15671	0.05919	0.08433	0.69978
V91	0	0.00347	0.08857	0.80991	0.09805
V92	0.18869	0.02072	0.02936	0.04163	0.71961
V93	0	0.08211	0.17552	0.46397	0.2784
V94	0.01281	0.15199	0.02524	0.20336	0.60659
V95	0.03005	0.20495	0.02717	0.08689	0.65093
V96	0.77983	0	0.04024	0	0.17993
V97	0.12268	0.01422	0.04522	0.09555	0.72233
V98	0.01834	0.36396	0.20119	0.10152	0.31498
V99	0.48773	0.12961	0.01495	0.19564	0.17208
V100	0.49815	0.15559	0.06943	0.03183	0.245
V101	0.00168	0.94734	0.04474	0	0.00624
V102	0.26724	0.23937	0.16086	0.08428	0.24825
V103	0.08946	0	0.00012	0.04403	0.86638
V104	0.01165	0.38345	0.09656	0.02444	0.48389
V105	0	0	0.03776	0.07855	0.88369
V106	0	0.77543	0.18464	0	0.03993
V107	0.02334	0.23103	0.71122	0.02412	0.01029
V108	0	0.19394	0.80606	0	0
V109	0.02939	0.20291	0.06365	0.24	0.46405
V110	0.13055	0.52675	0.22609	0.08839	0.02823
V111	0.24441	0.23235	0.52324	0	0
V112	0.15189	0	0.1163	0.43186	0.29995
V113	0.1925	0	0.10693	0.12608	0.57449
V114	0.55383	0.06649	0.0674	0.14802	0.16426
V115	0.85453	0	0.01403	0	0.13144
V116	0	0	0	0.05667	0.94333
V117	0.03243	0.04613	0.83457	0.05455	0.03232
V118	0.02718	0	0	0.84509	0.12772
V119	0.3069	0.02221	0.44894	0.20321	0.01874
V120	0	0.03766	0.83513	0.08083	0.04638
V121	0.1352	0.75631	0.02876	0	0.07974
V122	0.00194	0.3832	0.10143	0.20348	0.30995
V123	0.46537	0.02851	0.09291	0.16529	0.24792
V124	0.17231	0.09777	0.06983	0.19345	0.46664
V125	0.0061	0.45149	0.53492	0	0.0075
V126	0.11647	0.17515	0.2359	0.09408	0.3784
V127	0.25049	0.01892	0.69956	0.02321	0.00782
V128	0.14337	0.79729	0.03952	0	0.01981
V129	0.23042	0.03232	0.29492	0.14493	0.29741
V130	0	0.50486	0.06049	0.19735	0.2373
V131	0	0.01117	0.25721	0.6556	0.07601
V132	0.3191	0.00614	2e-05	0.31161	0.36313
V133	0	0.05958	0.55322	0.06725	0.31994
V134	0.05056	0.05075	0.79764	0.00601	0.09504
V135	0.00464	0.11684	0.74101	0.01006	0.12746
V136	0.97503	0	0.02183	0	0.00314
V137	0.92315	0.01574	0.02245	0	0.03866
V138	0.20322	0.12881	0.08932	0.11409	0.46455
V139	0.10212	0	0.17941	0.63617	0.0823
V140	0.01042	0	0.14615	0.04021	0.80321
V141	0	0.23039	0.68396	0.0698	0.01585
V142	0.1779	0	0.34829	0.10558	0.36824
V143	0	0.19725	0.51049	0.11421	0.17805
V144	0.47564	0.22248	0.09382	0.09566	0.1124
V145	0	0.05668	0.9242	0	0.01912
V146	0.0037	0.3398	0.01628	0.27822	0.362
V147	0.07124	0.08602	0.72249	0.07693	0.04332
V148	0.09795	0.81913	0.03988	0.01806	0.02498
V149	0	0.00086	0	0.83622	0.16292
V150	0.10884	0.19674	0.61608	0	0.07835
V151	0.41692	0	0.01739	0.38093	0.18475
V152	0.00064	0	0.12548	0.70182	0.17207
V153	0.13526	0.18458	0.49546	0.0304	0.15431
V154	0.06828	0.59031	0.04625	0.02457	0.2706
V155	0.02086	0.00484	0.15003	0.72847	0.09579
V156	0.07278	0.03071	0.41449	0.12437	0.35766
V157	0.06587	0.03603	0.17598	0.24017	0.48195
V158	0.16294	0.00252	0.46576	0.03341	0.33536
V159	0.08384	0.23402	0.02221	0.55427	0.10566
V160	0.41259	0.15115	0.11532	0.02864	0.29229
V161	0.16802	0.00528	0.06172	0.02955	0.73543
V162	0	0.06019	0.93981	0	0
V163	0.03105	0	0.00957	0.06926	0.89012
V164	0.92755	0.03876	0.03369	0	0
V165	0.5833	0.21712	0.11497	0.02541	0.05921
V166	0.0375	0	0.26655	0.53577	0.16018
V167	0	0.64938	0.03972	0.11239	0.19851
V168	0	0.06019	0.93981	0	0
V169	0.00876	0.70727	0.19527	0.06124	0.02746
V170	0.20334	0.39653	0.07726	0.16591	0.15697
V171	0.28248	0.08471	0.4144	0.14604	0.07237
V172	0.13289	0.20065	0.07921	0.03017	0.55708
V173	0.18216	0.09902	0.10451	0.36713	0.24717
V174	0.18296	0	0.38378	0.16975	0.26351
V175	0.04643	0.12944	0.12533	0.15603	0.54277
V176	0.36387	0.00038	0.00959	0.56182	0.06434
V177	0.1699	0.04517	0.62431	0.13988	0.02074
V178	0.25035	0.04457	0.51136	0.08649	0.10724
V179	0.06715	0	0.00324	0.04593	0.88367
V180	0.00963	0.01654	0.33462	0.02345	0.61577
V181	0.03101	0.25015	0.0055	0.06606	0.64729
V182	0.54281	0.23716	0.0214	0.13411	0.06452
V183	0.01121	0.93929	0.03519	0	0.01431
V184	0.30074	0.00539	0.34449	0.29055	0.05883
V185	0.06014	0.48067	0.04112	0.12522	0.29285
V186	0.0985	0.16869	0.03551	0.22199	0.47531
V187	0.03141	0.72485	0.02573	0.18393	0.03408
V188	0.86011	0.01316	0.05578	0.05642	0.01452
V189	0.43283	0.2511	0.0568	0.22536	0.0339
V190	0.37229	0.05529	0.24072	0.00783	0.32388
V191	0.18361	0.22708	0.01371	0.3879	0.18769
V192	0.28718	0.19031	0.15191	0.18555	0.18505
V193	0.04188	0.20764	0.54967	0.02671	0.17411
V194	0.21752	0.0353	0.09265	0.09405	0.56048
V195	0.54289	0.17146	0.28271	0	0.00294
V196	0	0	0.05128	0.07046	0.87826
V197	0.01109	0.91509	0.03428	0.02168	0.01786
V198	0.18731	0.21584	0.0481	0.17986	0.36888
V199	0.74409	0	0.25591	0	0
V200	0.73459	0	0.04348	0.00204	0.21989
V201	0.02138	0	0.02052	0.65309	0.30502
V202	0.93036	0.04816	0.01645	0	0.00503
V203	0.49507	0.25418	0.04719	0.03552	0.16805
V204	0.28088	0.05809	0.04022	0.01578	0.60503
V205	0.08253	0.01899	0.11672	0.07881	0.70294
V206	0.02417	0.10417	0	0.73583	0.13583
V207	0.00599	0.02226	0	0.8542	0.11755
V208	0.12394	0.21918	0.51993	0.02774	0.10921
V209	0.12022	0.00798	0.0966	0.05038	0.72482
V210	0	0.0496	0.94248	0	0.00792
V211	0.11905	0.01454	0.20229	0.04039	0.62373
V212	0.00994	0.77883	0.10898	0.02875	0.0735
V213	0.07216	0	0.05953	0.22525	0.64306
V214	0	0.54653	0.42383	0.00111	0.02853
V215	0.20558	0.21017	0.15428	0.06758	0.36239
V216	0.03451	0.03327	0.32518	0.04616	0.56087
V217	0	0	0.02369	0.77754	0.19876
V218	0.04636	0.19363	0.31955	0.29971	0.14075
V219	0.09746	0.27895	0.43526	0.16342	0.02491
V220	0.13469	0.76328	0.0917	0	0.01032
V221	0.02424	0.06565	0.49931	0.01452	0.39629
V222	0.00661	0	0.0023	0.06107	0.93002
V223	0.5147	0.00171	0.3684	0.09072	0.02447
V224	0.00408	0.53506	0.04336	0.07493	0.34257
V225	0.68	0.16161	0.15824	0	0.00014
V226	0.407	0.56165	0.02443	0	0.00692
V227	0.06266	0.27808	0.01488	0.5395	0.10487
V228	0.57233	0.01783	0.31789	0.04364	0.04831
V229	0.2282	0.40397	0.30579	0.02362	0.03843
V230	0.0053	0	0.00071	0.06122	0.93277
V231	0.02101	0.62484	0.08534	0.1485	0.12031
V232	0.78176	0	0.21824	0	0
V233	0.037	0.01315	0.14398	0.09543	0.71044
V234	0	0.38487	0.24486	0.30581	0.06446
V235	0.98555	0	0.01445	0	0
V236	0.06208	0.03019	0.67967	0.15514	0.07293
V237	0.09823	0.07772	0.2886	0.27698	0.25847
V238	0	0	0.0023	0.25116	0.74654
V239	0.03076	0.39541	0.0635	0.15471	0.35563
V240	0.01066	0.86562	0.04081	0.00971	0.0732
V241	0	0.94927	0.03597	0	0.01477
V242	0.00723	0.32793	0.33111	0.23619	0.09754
V243	0.44949	0.00144	0.36763	0.00929	0.17215
V244	0.00055	0.39026	0.21003	0.07108	0.32808
V245	0	0.91817	0.06123	0.01349	0.00711
V246	0.56794	0.26917	0.04907	0	0.11381
V247	0.16493	0.10998	0.66052	0.02806	0.03651
V248	0.04927	0.59409	0.04588	0.01305	0.29771
V249	0.21232	0.05581	0.2179	0.0856	0.42837
V250	0.00614	0.04788	0.65045	0.02569	0.26985
V251	0.19778	0.01601	0.10499	0.55436	0.12686
V252	0.00486	0.12874	0.5764	0.1215	0.1685
V253	0.24388	0.59386	0.11485	0.02529	0.02212
V254	0.48125	0.41205	0.01986	0.06007	0.02678
V255	0.80782	0.07155	0.01262	0	0.10801
V256	0	0.75636	0.0445	0.00933	0.1898
V257	0.40302	0.30254	0.17697	0.01706	0.1004
V258	0.12793	0.34072	0.06583	0.40921	0.0563
V259	0.49279	0.27456	0.21171	0	0.02094
V260	0.21515	0.01715	0.10979	0.07944	0.57847
V261	0.00636	0.03337	0.53767	0.24587	0.17673
V262	0.9125	0.00787	0.07609	0	0.00354
V263	0.8054	0.07435	0.02968	0.08176	0.00881
V264	0.01104	0.90911	0.04291	0.02818	0.00876
V265	0.81362	0.07843	0.10337	0	0.00458
V266	0.0031	0	0.07684	0.06027	0.85978
V267	0.03091	0	0.00131	0.15259	0.81519
V268	0.15635	0.44238	0.1722	0.15251	0.07657
V269	0.05531	0.33212	0.39862	0.15898	0.05498
V270	0.03534	0.00039	0.03583	0.82769	0.10074
V271	0.1667	0.74499	0.03692	0.00943	0.04196
V272	0.04814	0.83616	0.05712	0.00637	0.05221
V273	0.26222	0.00693	0.19888	0.29478	0.23719
V274	0.06728	0.02551	0.03758	0.1814	0.68824
V275	0	0.7167	0.18553	0.06926	0.02851
V276	0	0.03755	0.72461	0.1895	0.04834
V277	0.33272	0.01092	0.62882	0	0.02754
V278	0	0.04159	0.35945	0.40017	0.19879
V279	0.12915	0	0.01376	0.70615	0.15094
V280	0.17308	0.01284	0.04295	0.581	0.19012
V281	0.00148	0.23855	0.05188	0.62415	0.08393
V282	0.00185	0.94781	0.0357	0	0.01464
V283	0.3026	0	0.11599	0.0301	0.55131
V284	0.00614	0.1283	0.53343	0.00323	0.3289
V285	0.46739	0.49146	0.02255	0.00684	0.01177
V286	0.06158	0.05711	0.85801	0.0147	0.0086
V287	0.21431	0.05883	0.18747	0.25869	0.2807
V288	0.17092	0.02425	0.65116	0	0.15367
V289	0.12857	0.23527	0.0325	0.5333	0.07036
V290	0.37154	0.46326	0.1652	0	0
V291	0.38644	0.21664	0.01714	0.3332	0.04658
V292	0.08987	0.0289	0.41172	0.03534	0.43417
V293	0	0.13529	0.81825	0.02569	0.02076
V294	0	0	0.00287	0.05563	0.9415
V295	0	0.03371	0.35475	0.46112	0.15042
V296	0.8432	0.10622	0.01529	0	0.03529
V297	0.00487	0.0434	0.79763	0.09644	0.05765
V298	0.2721	0	0.00531	0.518	0.20459
V299	0.25251	0	0.01338	0.65762	0.07648
V300	0.98484	0	0.01516	0	0
V301	0.97054	0	0.02028	0	0.00919
V302	0	0	0.00269	0.36308	0.63424
V303	0.07566	0.1649	0.22717	0.15407	0.3782
V304	0.15774	0.05492	0.76736	0	0.01999
V305	0.1639	0.30625	0.1085	0.09169	0.32967
V306	0.26723	0.68351	0.0277	0	0.02155
V307	0.21803	0.00576	0.30948	0.4218	0.04493
V308	0.20825	0.02958	0.705	0.04666	0.01051
V309	0.62987	0.0531	0.06829	0.09379	0.15495
V310	0.01592	0.00668	0.00397	0.11191	0.86152
V311	0.00273	0	0.04566	0.83775	0.11387
V312	0.05361	0.22959	0.25665	0.01102	0.44914
V313	0.03093	0.28869	0.02281	0.281	0.37657
V314	0.06087	0	0.00366	0.33849	0.59698
V315	0.94099	0	0.02769	0	0.03132
V316	0.06582	0.55602	0.28222	0.01687	0.07907
V317	0.3476	0.08596	0.54775	0	0.01869
V318	0.88506	0	0.01547	0	0.09946
V319	0.07964	0.08496	0.83541	0	0
V320	0.06614	0	0.00337	0.81907	0.11143
V321	0.09858	0.34215	0.34652	0.16699	0.04576
V322	0	0.25778	0.59039	0.03205	0.11978
V323	0.21169	0.21341	0.47607	0.0037	0.09513
V324	0.02307	0.04228	0.04627	0.78309	0.10529
V325	0.61237	0.0989	0.11052	0.08991	0.0883
V326	0.03066	0	0.05367	0.13378	0.78189
V327	0.27787	0.49869	0.14018	0.00537	0.07789
V328	0.01823	0.30362	0.19009	0.42035	0.06771
V329	0	0.05803	0.42302	0.45677	0.06219
V330	0.05929	0.05435	0.83655	0	0.04981
V331	0.10218	0.00822	0.08849	0.09347	0.70764
V332	0.43035	0.04999	0.49225	0	0.02742
V333	0.38048	0.02498	0.34965	0.12974	0.11516
V334	0.01455	0.28724	0.58852	0.05741	0.05228
V335	0.69681	0.04312	0.10712	0.01226	0.14069
V336	0.11272	0.57595	0.29666	0	0.01467
V337	0	0	0.01056	0.15598	0.83346
V338	0.69405	0.00751	0.18371	0	0.11472
V339	0.15609	0.53449	0.21644	0	0.09297
V340	0.01129	0.14131	0.11204	0.06525	0.67011
V341	0	0.47214	0.46282	0	0.06504
V342	0.2612	0.15434	0.50062	0.07829	0.00556
V343	0.66604	0	0.33396	0	0
V344	0.04819	0.76464	0.07057	0.01541	0.1012
V345	0.18166	0.03344	0.00611	0.25452	0.52427
V346	0.00709	0.32012	0.35313	0.25252	0.06715
V347	0.04131	0.53988	0.04488	0.28879	0.08514
V348	0	0.14309	0.47253	0.20196	0.18242
V349	0.03352	0.30044	0.5583	0.00244	0.1053
V350	0.07014	0.41942	0.10594	0.20644	0.19806
V351	0.15326	0.03774	0.48468	0.27728	0.04704
V352	0.06401	0.54048	0.38833	0	0.00717
V353	0.20188	0.31279	0.05181	0.04098	0.39254
V354	0.52807	0.01741	0.45452	0	0
V355	0.06756	0.02321	0.37489	0.47266	0.06168
V356	0.07078	0.05506	0.83741	0.00171	0.03504
V357	0.0243	0.04685	0.5121	0.02789	0.38885
V358	0.01361	0.03246	0.0365	0.80806	0.10936
V359	0.03406	0.11665	0.00907	0.74836	0.09185
V360	0.70821	0.03646	0.12066	0.123	0.01167
V361	0.28253	0.48611	0.11773	0	0.11363
V362	0.78528	0	0.11936	0	0.09536
V363	0.01544	0.01601	0.00409	0.14619	0.81828
V364	0.01175	0.28843	0.03239	0.39739	0.27004
V365	0	0.00112	0.00658	0.85155	0.14075
V366	0.17687	0.05407	0.6309	0.03919	0.09898
V367	0.19038	0.21691	0.23658	0.14287	0.21326
V368	0.72511	0.07748	0.15744	0	0.03996
V369	0	0.65832	0.27433	0.05913	0.00822
V370	0.00125	0.14967	0.13217	0.32022	0.39669
V371	0.00125	0.91615	0.07896	0	0.00364
V372	0.63763	0.06174	0.18164	0.08399	0.03499
V373	0.06839	0.67212	0.16601	0.0746	0.01887
V374	0.07729	0.05797	0.42534	0.39672	0.04268
V375	0.27582	0.02471	0.65338	0.04459	0.0015
V376	0.00128	0.00361	0.3947	0.02712	0.57329
V377	0.04772	0.52018	0.24781	0.15756	0.02673
V378	0.0847	0.54038	0.20591	0	0.16901
V379	0.01175	0	0.1051	0.08976	0.79339
V380	0.00048	0.05265	0.18477	0.44879	0.31332
V381	0.11259	0.02952	0.00541	0.03864	0.81384
V382	0.37874	0	0.00395	0.26731	0.35
V383	0.01838	0.0119	0.30459	0.59632	0.0688
V384	0.26882	0.04088	0.19419	0.39045	0.10565
V385	0.0581	0.07545	0.00651	0.04178	0.81815
V386	0.66942	0	0.01334	0.28548	0.03176
V387	0.25725	0.01173	0.00792	0.61984	0.10326
V388	0.00067	0.86261	0.06718	0.04986	0.01968
V389	0.06786	0.7918	0.0462	0.02112	0.07302
V390	0.16058	0	0.00438	0.6378	0.19724
V391	0.69585	0.15622	0.01302	0.05009	0.08482
V392	0.95477	0.01986	0.02537	0	0
V393	0.08003	0.01996	0.16555	0.48517	0.24929
V394	0.70512	0	0.03839	0.13079	0.12569
V395	0	0.01682	0.40912	0.50592	0.06815
V396	0.51208	0.0274	0.46052	0	0
V397	0.66187	0.13726	0.05531	0.0877	0.05786
V398	0.0479	0	0.18798	0.59681	0.16731
V399	0.02419	0.01651	0	0.24181	0.71749
V400	0.12074	0.54935	0.19577	0.12066	0.01348
V401	0.29299	0.01672	0.68316	0.00712	0
V402	0.34161	0.032	0.4941	0.04288	0.08941
V403	0.1152	0.05833	0	0.13269	0.69378
V404	0	0.06276	0.51848	0.33114	0.08762
V405	0.31358	0.26526	0.09317	0.19064	0.13735
V406	0.00547	0.06711	0.91267	0	0.01475
V407	0.90503	0.02671	0.05875	0.00899	0.00053
V408	0.00388	0.36784	0.0177	0.2266	0.38398
V409	0.09297	0	0.07119	0.63866	0.19718
V410	0.09197	0.12455	0.3341	0.04154	0.40785
V411	0	0	0	0.06323	0.93677
V412	0.00316	0.12228	0.12881	0.04655	0.69921
V413	0	0.25686	0.17129	0.32311	0.24874
V414	0.02334	0.07874	0	0.41744	0.48047
V415	0.12417	0	0.00034	0.03955	0.83594
V416	0.07652	0.07007	0.02231	0.14161	0.68949
V417	0	0.04189	0.78182	0.09797	0.07831
V418	0.50369	0.41467	0.04565	0	0.03599
V419	0.20315	0.00321	0.02105	0.11822	0.65438
V420	0.18291	0	0.10124	0.05541	0.66044
V421	0	0	0.12303	0.07052	0.80645
V422	0.00325	0.00846	0.05328	0.66272	0.2723
V423	0.26209	0.19357	0.3362	0.16397	0.04416
V424	0	0.01731	0.47629	0.01532	0.49108
V425	0.28248	0.37008	0.01433	0.0079	0.32521
V426	0.20897	0.18599	0.03068	0.42787	0.1465
V427	0.15363	0.64948	0.19035	0	0.00653
V428	0.04932	0.66247	0.10486	0.07405	0.1093
V429	0.0683	0.81424	0.0301	0.04918	0.03817
V430	0.01663	0.02268	0.41974	0.16042	0.38053
V431	0.07862	0.38147	0.23691	0.21787	0.08512
V432	0.27688	0.05763	0.14796	0.3144	0.20313
V433	0.17269	0.01983	0.57355	0.18807	0.04586
V434	0.20143	0.28528	0.41873	0	0.09456
V435	0.52803	0.04565	0.41655	0.00385	0.00592
V436	0.02001	0.58651	0.12869	0.04297	0.22182
V437	0.1546	0.00491	0.02882	0.15879	0.65289
V438	0.10106	0.31598	0.23504	0.24818	0.09974
V439	0.61077	0	0.06192	0.27924	0.04807
V440	0	0.35247	0.59104	0.00068	0.0558
V441	0	0.54522	0.42923	0.01406	0.01149
V442	0.00142	0.94918	0.04467	0	0.00473
V443	0.96818	0	0.01999	0.01025	0.00159
V444	0.11529	0.4573	0.05138	0.30092	0.0751
V445	0.0314	0.43687	0.05941	0.40457	0.06774
V446	0.09194	0.0277	0.11284	0.52518	0.24234
V447	0.04991	0	0.01046	0.40746	0.53216
V448	0.12694	0	0.01737	0.05031	0.80538
V449	0	0.06019	0.93981	0	0
V450	0.17143	0.0819	0.2672	0.1159	0.36356
V451	0.24368	0.19948	0.07933	0.31162	0.16589
V452	0.00083	0.00645	0.18113	0.6774	0.13419
V453	0.00624	0.00175	0	0.41594	0.57607
V454	0	0.03204	0.68182	0.01907	0.26707
V455	0.03476	0.21448	0.29192	0.04434	0.41451
V456	0.95014	0	0.01195	0	0.03791
V457	0.64524	0.21332	0.05823	0.03229	0.05092
V458	0	0.36463	0.54895	0.03602	0.0504
V459	0.11277	0.05326	0.06144	0.44529	0.32724
V460	0.66236	0.03289	0.24252	0.03374	0.02848
V461	0.14728	0.29348	0.27175	0.01106	0.27643
V462	0.03205	0.07127	0.01477	0.45712	0.42479
V463	0.20018	0.0564	0.01751	0.64178	0.08413
V464	0.1303	0.19328	0.67183	0	0.00459
V465	0.02311	0.07731	0.01429	0.05769	0.8276
V466	0.0132	0	0	0.12065	0.86616
V467	0.03092	0.26506	0.0323	0.50304	0.16868
V468	0.51749	0.30987	0.14306	0	0.02957
V469	0	0.32018	0.06956	0.24235	0.36791
V470	0.84539	0.04377	0.04764	0.0493	0.01391
V471	0.35041	0.29755	0.04645	0.12111	0.18448
V472	0	0.01716	0.0382	0.05043	0.89421
V473	0.00802	0.21854	0.26888	0.27372	0.23084
V474	0.26992	0.13504	0.0786	0.41769	0.09875
V475	0.13047	0.04225	0.61612	0.0172	0.19396
V476	0.13821	0.02852	0.11559	0.57669	0.14099
V477	0	0.95006	0.04509	0	0.00485
V478	0.13592	0	0.00211	0.03807	0.8239
V479	0.84552	0.04405	0.05686	0.04086	0.01272
V480	0.08966	0.67841	0.08794	0.09338	0.05062
V481	0.20317	0.37374	0.08563	0.15882	0.17864
V482	0.06457	0.68962	0.22901	0	0.0168
V483	0.26931	0.55509	0.02225	0.08329	0.07006
V484	0.17608	0.53478	0.15348	0.10504	0.03062
V485	0.64915	0.07018	0.15141	0.09268	0.03658
V486	0.04326	0.06848	0.29372	0.01922	0.57531
V487	0.10839	0.13784	0.46146	0.25681	0.03549
V488	0.38894	0.05798	0.00248	0.31489	0.23572
V489	0	0.23613	0.69338	0.0477	0.02279
V490	0	0.0414	0.77147	0.16113	0.026
V491	0.00344	0.44607	0.0655	0.09272	0.39226
V492	0.01189	0.14927	0.03872	0.68518	0.11494
V493	0.00467	0	0.0047	0.87084	0.11979
V494	0.30597	0	0.02168	0.51593	0.15641
V495	0.29914	0.22058	0.25484	0.14095	0.08449
V496	0.10166	0.01424	0.05309	0.03656	0.79445
V497	0.07344	0.02161	0.14559	0.105	0.65436
V498	0.02008	0.88729	0.05944	0	0.03319
V499	0.01745	0.21214	0.26934	0.06196	0.43911
V500	0.06991	0.50543	0.14141	0.19016	0.0931
V501	0.03894	0.29047	0.02266	0.03388	0.61405
V502	0.07731	0.8247	0.07571	0.0167	0.00558
V503	0.41666	0.00626	0.23988	0.1186	0.2186
V504	0.42821	0.18886	0.01673	0.00556	0.36065
V505	0.58465	0	0.03273	0.07045	0.31218
V506	0	0.49499	0.08461	0.02052	0.39988
V507	0.8444	0	0.04792	0.06424	0.04343
V508	0	0.63277	0.24881	0.02749	0.09093
V509	0.01916	0.46339	0.16858	0.16953	0.17935
V510	0.36313	0.52547	0.0766	0.02242	0.01239
V511	0.03376	0.31289	0.55375	0.02182	0.07778
V512	0.10723	0.45796	0.20708	0.03707	0.19066
V513	0.11833	0.70106	0.10749	0.03037	0.04275
V514	0.00186	0	0.21433	0.06088	0.72293
V515	0.05496	0.13735	0.001	0.71899	0.08769
V516	0.12541	0.38088	0.13933	0.30159	0.05279
V517	0.0029	0.03336	0.05739	0.79892	0.10743
V518	0.39497	0.01594	0.37631	0.15976	0.05303
V519	0.79941	0.05252	0.01984	0.10699	0.02123
V520	0.01992	0.87782	0.0507	0.04191	0.00965
V521	0.19315	0	0.15659	0.57622	0.07404
V522	0.02301	0.20717	0.60776	0.10438	0.05769
V523	0.12098	0.07776	0.77358	0.01954	0.00814
V524	0.29888	0.03905	0.597	0	0.06506
V525	0	0.17165	0.03428	0.04591	0.74815
V526	0.02376	0.06966	0.86603	0.00364	0.03691
V527	0.04455	0.48557	0.44286	0	0.02702
V528	0.13956	0	0.02225	0.74865	0.08955
V529	0.17748	0.05451	0.75719	0	0.01082
V530	0.00508	0.06253	0.87561	0.02628	0.03051
V531	0.12795	0.51481	0.11732	0.01153	0.22839
V532	0.03463	0.24465	0.31024	0.00837	0.40211
V533	0.21864	0	0	0.03074	0.75063
V534	0.10945	0.06845	0	0.70527	0.11683
V535	0.80534	0.11744	0.07634	0	0.00088
V536	0.0918	0.17396	0.40555	0.02692	0.30176
V537	0.0079	0.00711	0.01266	0.05222	0.92012
V538	0.5864	0.09685	0.01617	0.01836	0.28221
V539	0	0.16583	0.67518	0.07414	0.08485
V540	0.11792	0.46729	0.11494	0.0427	0.25715
V541	0.00457	0.37194	0.03459	0.04378	0.54513
V542	0.00965	0.35117	0.13626	0.3849	0.11802
V543	0.04113	0.12484	0.69578	0.02923	0.10902
V544	0.2999	0.18611	0.20973	0.05084	0.25342
V545	0.58523	0.38558	0.02919	0	0
V546	0.01865	0.79295	0.1188	0	0.0696
V547	0.03958	0.80877	0.02929	0.08033	0.04203
V548	0	0.0646	0.00785	0.81579	0.11176
V549	0	0	0.01893	0.16924	0.81183
V550	0	0.8552	0.13165	0	0.01315
V551	0.00587	0	0	0.88301	0.11112
V552	0.17758	0	0.01947	0.05865	0.7443
V553	0.77937	0	0.03196	0.11769	0.07098
V554	0.08579	0.06357	0.53722	0.26694	0.04647
V555	0	0.9232	0.04374	0	0.03306
V556	0.06289	0.05052	0.06477	0.67663	0.14519
V557	0.28009	0.25518	0.05359	0.31425	0.09689
V558	0	0.0535	0.79533	0.11153	0.03964
V559	0.06288	0.42235	0.48103	0	0.03375
V560	0.5874	0.24417	0.16843	0	0
V561	0.67338	0	0.1633	0	0.16332
V562	0.09228	0.0408	0.15643	0.09333	0.61715
V563	0.17543	0.25725	0.235	0.09285	0.23947
V564	0.31849	0.00935	0.07166	0.31409	0.28641
V565	0	0	0.01081	0.08114	0.90804
V566	0.26159	0.13556	0.0375	0.29431	0.27104
V567	0.00603	0.05056	0.93793	0	0.00548
V568	0.00583	0.23756	0.47486	0.25452	0.02723
V569	0.61422	0.09176	0.1412	0.09555	0.05727
V570	0.11133	0.02826	0.31762	0.41052	0.13227
V571	0.2392	0.00084	0.26853	0.30258	0.18885
V572	0.82068	0	0.00659	0	0.17274
V573	0.05585	0.07472	0.37171	0.32961	0.16811
V574	0.49075	0.30119	0.10795	0.06558	0.03452
V575	0.31293	0.00861	0.13126	0.0485	0.4987
V576	0	0.88258	0.04181	0.00307	0.07254
V577	0.36351	0.52566	0.0673	0.03021	0.01332
V578	0.00481	0.17392	0.55671	0.18567	0.07889
V579	0	0.50145	0.35499	0.01428	0.12927
V580	0.16715	0.56876	0.03834	0.17569	0.05006
V581	0.01668	0.49187	0.41889	0.05711	0.01545
V582	0	0.08697	0.91303	0	0
V583	0.59055	0.01314	0.39631	0	0
V584	0.17114	0.50557	0.13773	0.02061	0.16494
V585	0.00095	0.77954	0.09985	0.04411	0.07554
V586	0	0.78917	0.204	0.00291	0.00391
V587	0.01244	0.67266	0.03236	0.02637	0.25617
V588	0.18423	0.40436	0.40816	0	0.00325
V589	0.06137	0.42805	0.06881	0.36843	0.07334
V590	0.0034	0.7782	0.02815	0.00931	0.18094
V591	0.40566	0.52063	0.06699	0	0.00672
V592	0.00582	0.02979	0.76111	0.02079	0.1825
V593	0.4044	0	0.00735	0.47074	0.11751
V594	0	0.14395	0.67504	0.11235	0.06867
V595	0.51665	0.03016	0.08687	0.28584	0.08048
V596	0.43047	0.19232	0.25195	0.08944	0.03582
V597	0.00518	0.16588	0.00927	0.1154	0.70426
V598	0.52468	0	0.00751	0.0014	0.46641
V599	0.03957	0.41972	0.11851	0.34212	0.08008
V600	0.25315	0.00842	0.21264	0.34331	0.18248
V601	0.11344	0.09056	0.00753	0.43024	0.35823
V602	0.81261	0.16973	0.01767	0	0
V603	0.09501	0.11961	0.03239	0.12828	0.62471
V604	0.00522	0.04565	0.72166	0.07849	0.14898
V605	0.01174	0.04847	0.12675	0.08378	0.72925
V606	0.81354	0	0.0048	0	0.18167
V607	0.12191	0.08496	0.02314	0.03966	0.73033
V608	0.74254	0.00015	0.05033	0.05843	0.14855
V609	0.14988	0.32036	0.02612	0.36496	0.13868
V610	0.04134	0.68988	0.03255	0.2008	0.03543
V611	0.23867	0.04453	0.655	0	0.0618
V612	0.33525	0.0425	0.34208	0.00499	0.27517
V613	0.35722	0.56417	0.06871	0.00766	0.00224
V614	0.49105	0.01039	0.02647	0.06343	0.40866
V615	0	0.09146	0.14496	0.51331	0.25027
V616	0.64831	0	0.18569	0.10877	0.05723
V617	0.19116	0.07627	0.50424	0.0676	0.16073
V618	0.69353	0.08205	0.08903	0	0.13539
V619	0.50315	0.02822	0.17684	0	0.2918
V620	0.02637	0.0366	0.39589	0.47785	0.06329
V621	0.10199	0.20651	0.3144	0.00416	0.37294
V622	0	0.19455	0.35589	0.01859	0.43098
V623	0.05328	0	0.00336	0.63981	0.30355
V624	0.89834	0	0.01584	0	0.08582
V625	0	0.06527	0.10869	0.729	0.09704
V626	0.05338	0.04641	0.59961	0.24621	0.05439
V627	0.07282	0.13273	0.12111	0.04384	0.6295
V628	0.97545	0	0.02455	0	0
V629	0.09139	0.24624	0.65468	0.00064	0.00705
V630	0	0.15231	0.02535	0.05503	0.76731
V631	0	0.00335	0.26133	0.03775	0.69757
V632	0.00247	0.76818	0.03623	0.02882	0.1643
V633	0.03911	0	0.09696	0.46855	0.39537
V634	0.35577	0.4581	0.18613	0	0
V635	0.01894	0.08783	0.18426	0.04172	0.66725
V636	0.16523	0.17089	0.35297	0.15583	0.15508
V637	0.18683	0.0228	0.45717	0.20721	0.12598
V638	0.04037	0.44333	0.03852	0.07761	0.40016
V639	0.47328	0.41512	0.10837	0	0.00323
V640	0.07713	0.17376	0.09104	0.20447	0.4536
V641	0.04904	0.74318	0.0533	0.11008	0.0444
V642	0.7451	0.0219	0.01736	0.19444	0.0212
V643	0.00052	0.87638	0.10495	0.01207	0.00608
V644	0.01238	0.45387	0.04074	0.40367	0.08934
V645	0.10843	0.77453	0.04635	0.06067	0.01002
V646	0.09209	0.54861	0.0551	0.19887	0.10533
V647	0.95297	0	0.01877	0.02512	0.00314
V648	0.41494	0.10004	0.01185	0.24766	0.22552
V649	0.2203	0.07465	0.08577	0.09943	0.51985
V650	0.0123	0	0.06585	0.82194	0.09991
V651	0.1183	0.22349	0.00484	0.58587	0.06749
V652	0.34952	0	0.04398	0.52702	0.07948
V653	0.32901	0.00152	0.06495	0.49606	0.10844
V654	0.01557	0.05953	0	0.08857	0.83632
V655	0.13486	0.06372	0.34515	0.40318	0.05308
V656	0.08507	0	0	0.11046	0.80447
V657	0.00328	0.49881	0.05164	0.28511	0.16116
V658	0.01312	0.02475	0.03226	0.5495	0.38037
V659	0.00209	0.02213	0.08595	0.725	0.16483
V660	0.02993	0.30274	0.03129	0.05224	0.5838
V661	0.00327	0.66454	0.04036	0.15001	0.14182
V662	0.00489	0.39852	0.03605	0.02241	0.53813
V663	0.97737	0	0.02263	0	0
V664	0.00934	0	0.12061	0.34422	0.52583
V665	0	0.63094	0.25157	0.06191	0.05558
V666	0.03854	0.87988	0.07759	0	0.004
V667	0	0.54864	0.3063	0.07787	0.06719
V668	0.61008	0.24975	0.07801	0.0314	0.03075
V669	0.42595	0.31564	0.04888	0.06763	0.1419
V670	0.04935	0.61956	0.07327	0.02925	0.22857
V671	0.75744	0	0.23657	0	0.00599
V672	0.06715	0.06073	0.0959	0.26799	0.50822
V673	0	0.00745	0	0.12278	0.86977
V674	0.32298	0.1051	0.53602	0	0.0359
V675	0.66591	0	0.05326	0.12439	0.15644
V676	0.21506	0.10622	0.52663	0	0.15209
V677	0.01733	0.28112	0.25489	0.33542	0.11125
V678	0.02198	0.28105	0.02218	0.05	0.62479
V679	0	0.0326	0.50292	0.40892	0.05557
V680	0.13577	0	0.0188	0.30617	0.53925
V681	0.51056	0.01735	0.05609	0.27006	0.14593
V682	0	0.06019	0.93981	0	0
V683	0.04043	0.18992	0.64884	0	0.12081
V684	0.04771	0	0.00566	0.843	0.10363
V685	0	0.05981	0.85256	0.07136	0.01627
V686	0.23053	0.63819	0.10678	0.00421	0.02029
V687	0	0.02884	0.62271	0.29597	0.05247
V688	0	0.05705	0.92547	0	0.01748
V689	0.46651	0.04604	0.22945	0.08074	0.17725
V690	0.04837	0.87367	0.05062	0.01194	0.01541
V691	0.11698	0.13553	0.05756	0.58126	0.10867
V692	0.0546	0.01662	0.01454	0.71397	0.20028
V693	0	0.49928	0.47593	0.01355	0.01123
V694	0.06153	0.20109	0.04889	0.53911	0.14939
V695	0.09098	0.09533	0.14696	0.03553	0.6312
V696	0.09774	0.025	0.75586	0	0.1214
V697	0.07682	0.11767	0.35076	0.2919	0.16285
V698	0.00392	0.00661	0.16853	0.04497	0.77597
V699	0.02228	0.00628	0.05145	0.5997	0.32029
V700	0.00922	0.81286	0.10961	0	0.06831
V701	0	0.15192	0.0172	0.04937	0.78151
V702	0.00346	0.12042	0.00817	0.61434	0.25361
V703	0.00444	0.01212	0.02669	0.84194	0.11482
V704	0.02513	0.05716	0.38863	0.02863	0.50045
V705	0.94955	0	0.01396	0	0.03649
V706	0.12499	0.15401	0.18506	0.39349	0.14245
V707	0.10823	0.11107	0.07959	0.24022	0.46089
V708	0	0.58091	0.41909	0	0
V709	0	0	0.0293	0.05224	0.91846
V710	0.09853	0.0338	0.4857	0.00342	0.37855
V711	0.0375	0	0.01599	0.0607	0.88581
V712	0.04209	0.04635	0.73636	0.14311	0.03209
V713	0.20818	0.42976	0.36206	0	0
V714	0.03214	0	0	0.05157	0.9163
V715	0	0.28583	0.62825	0.06984	0.01608
V716	0.72253	0.19165	0.03227	0.0227	0.03084
V717	0.3492	0.15277	0.14245	0.01757	0.33801
V718	0.64085	0	0.31336	0	0.04579
V719	0.36675	0.23766	0.13273	0.09362	0.16924
V720	0.09224	0.02593	0.08865	0.06024	0.73294
V721	0.01321	0	0.04358	0.06247	0.88074
V722	0.00138	0.24047	0.06852	0.43779	0.25184
V723	0.08108	0.23157	0.13365	0.4701	0.0836
V724	0.08059	0.68149	0.06943	0.14129	0.02721
V725	0.01505	0	0.00211	0.05348	0.92936
V726	0.17246	0.49928	0.08018	0.04558	0.2025
V727	0	0.05821	0.92485	0	0.01694
V728	0.78268	0.00849	0.15933	0.03863	0.01087
V729	0.60563	0.10972	0.04403	0.20875	0.03188
V730	0.09798	0.03386	0.42341	0.3354	0.10934
V731	0	0.0128	0.0682	0.81923	0.09977
V732	0.0049	0	0.00498	0.88053	0.10959
V733	0.0144	0.0751	0.89642	0	0.01409
V734	0.47209	0.0885	0.41018	0.01324	0.016
V735	0.04424	0.14196	0.21969	0.03868	0.55543
V736	0	0.0253	0.00514	0.05293	0.91663
V737	0.9758	0	0.0242	0	0
V738	0	0.41658	0.02896	0.02929	0.52517
V739	0.00645	0.01207	0	0.8725	0.10898
V740	0.17093	0.06318	0.10944	0.033	0.62345
V741	0.48755	0.00519	0.01032	0.28974	0.2072
V742	0.0524	0.04224	0.55977	0.13945	0.20614
V743	0.01288	0.03673	0.07262	0.11721	0.76057
V744	0.17231	0.06503	0.19474	0.46355	0.10436
V745	0.15305	0.01656	0.0549	0.68627	0.08922
V746	0.31055	0.57639	0.0672	0	0.04586
V747	0.01439	0.07294	0.88775	0	0.02492
V748	0.1259	0.20052	0.30165	0.05063	0.3213
V749	0.15911	0.10275	0.13769	0.38711	0.21334
V750	0.74816	0.20307	0.02513	0.02092	0.00272
V751	0.00628	0.37723	0.60249	0.00464	0.00937
V752	0.00578	0.10589	0.02362	0.05069	0.81402
V753	0.51577	0.04621	0.27953	0.00746	0.15104
V754	0.08451	0.34596	0.01793	0.48558	0.06602
V755	0.18218	0.73716	0.07223	0	0.00843
V756	0.00558	0.0883	0.02289	0.08468	0.79854
V757	0.15916	0	0.11333	0.64507	0.08244
V758	0.03294	0.46336	0.01437	0.42814	0.06119
V759	0.06429	0.01783	0.09611	0.03733	0.78444
V760	0.05532	0.02863	0.21711	0.22178	0.47717
V761	0.03201	0.26664	0.69592	0	0.00543
V762	0.00122	0.03998	0.17937	0.34711	0.43231
V763	0.00538	0.23699	0.01265	0.0367	0.70829
V764	0.0947	0.06257	0.09652	0.6511	0.09511
V765	0.14231	0.04819	0.67647	0.02572	0.1073
V766	0.03639	0.47907	0.27985	0.03717	0.16752
V767	0.22637	0.48186	0.0895	0.03464	0.16764
V768	0.00967	0.8537	0.0852	0.03401	0.01741
V769	0.73118	7e-04	0.22166	0	0.04647
V770	0.2857	0.01729	0.55917	0.11961	0.01822
V771	0.02106	0.7362	0.03474	0.0777	0.13029
V772	0.03333	0.06529	0.90138	0	0
V773	0.01416	0	0	0.16929	0.81655
V774	0.12778	0.01788	0.54339	0	0.31095
V775	0.91997	0	0.03429	0.02476	0.02097
V776	0.31321	0.44063	0.20032	0.00823	0.03761
V777	0.17563	0.38825	0.28838	0.08147	0.06627
V778	0.50883	0.04387	0.02023	0.18915	0.23791
V779	0.03425	0.41514	0.53346	0	0.01715
V780	0.00632	0.05128	0.9424	0	0
V781	0.13583	0.29147	0.1932	0.00451	0.37499
V782	0.18351	0.21521	0.02909	0.02263	0.54956
V783	0	0.02651	0.62242	0.02421	0.32686
V784	0	0.63225	0.0226	0.21594	0.12921
V785	0.7023	0.13444	0.01226	0.07339	0.0776
V786	0.13997	0.21131	0.02212	0.5345	0.09211
V787	0.09248	0.62111	0.02239	0.16319	0.10084
V788	0.32742	0.41974	0.09631	0	0.15654
V789	0	0.14855	0.0087	0.35296	0.48978
V790	0.24006	0.21541	0.0761	0.10067	0.36775
V791	0.14136	0.20851	0.08412	0.17251	0.3935
V792	0.94724	0	0.04111	0	0.01165
V793	0.28659	0.2599	0.07007	0.07994	0.3035
V794	0.00379	0.01233	0.09956	0.16865	0.71567
V795	0.07722	0.85058	0.04976	0	0.02244
V796	0.25774	0.42797	0.14058	0.122	0.05171
V797	0.10654	0	0	0.0551	0.83836
V798	0.08941	0.50319	0.02514	0.07774	0.30452
V799	0.0109	0.17045	0.05862	0.62146	0.13857
V800	0.01518	0	0.01159	0.13329	0.83994
V801	0.36479	0	0.14798	0.40299	0.08423
V802	0.01376	0.17145	0.01774	0.04579	0.75126
V803	0.29265	0.02186	0.00866	0.57875	0.09808
V804	0.17118	0.16861	0.2329	0.32895	0.09837
V805	0.1168	0.14437	0.47684	0.13478	0.12721
V806	0.44142	0.00368	0.22193	0.04791	0.28506
V807	0.69533	0	0.08068	0.02921	0.19478
V808	0.81518	0	0.06538	0	0.11944
V809	0.14946	0.61462	0.04839	0.0233	0.16423
V810	0.01262	0.05172	0.04111	0.41162	0.48294
V811	0.03107	0.07936	0.02245	0.11743	0.74969
V812	0	0.65941	0.23276	0.06176	0.04607
V813	0.00957	0.19975	0.21932	0.01983	0.55153
V814	0.15544	0.57314	0.09462	0.13236	0.04444
V815	0.17951	0.70705	0.06215	0.0358	0.01549
V816	0	0.53023	0.02641	0.35905	0.08431
V817	0.7914	0.02099	0.1876	0	0
V818	0.01628	0.19891	0.36402	0.03593	0.38486
V819	0.96695	0	0.03305	0	0
V820	0.03884	0.37768	0.14952	0.35251	0.08145
V821	0	0	0	0.05667	0.94333
V822	0.17751	0.00455	0.01603	0.71764	0.08427
V823	0.02694	0.07198	0.22072	0.02635	0.65401
V824	0.04971	0.01405	0.02035	0.04597	0.86993
V825	0.12449	0.03055	0.69414	0.13872	0.0121
V826	0.02493	0.05673	0.91661	0.00172	0
V827	0.32372	0.14757	0.00442	0.35391	0.17038
V828	0.19802	0.12709	0.11601	0.05976	0.49912
V829	0.06414	0.08624	0.32081	0.15188	0.37693
V830	0.11986	0.04027	0.70845	0.00593	0.1255
V831	0	0.74713	0.08046	0.1263	0.04611
V832	0.17274	0	0.06913	0.21702	0.54111
V833	0.13388	0.77996	0.03797	0	0.04819
V834	0.72812	0.13648	0.05643	0.00205	0.07692
V835	0.21947	0.29367	0.1142	0.23961	0.13305
V836	0.34449	0.07624	0.49763	0.06868	0.01297
V837	0	0.82624	0.04768	0.03194	0.09414
V838	0	0	0.08668	0.80488	0.10844
V839	0.02222	0.01763	0.07112	0.04445	0.84457
V840	0.94508	0	0.04736	0	0.00756
V841	0.18764	0.04519	0.76525	0	0.00192
V842	0.51571	0.03824	0.2473	0.16467	0.03408
V843	0.41897	0	0.16396	0.05993	0.35714
V844	0	0.19302	0.77521	0.0044	0.02737
V845	0.01438	0	0	0.55482	0.43079
V846	0.08289	0.02695	0.09811	0.08003	0.71202
V847	0.16971	0	0.05124	0.12547	0.65358
V848	0.72418	0.01815	0.01625	0.06938	0.17204
V849	0.10798	0.07098	0.72095	0	0.10009
V850	0.18249	0.03279	0.31262	0.13043	0.34167
V851	0.98176	0	0.01275	0	0.00549
V852	0.20251	0.04637	0.08549	0.15855	0.50708
V853	0.01334	0.14326	0.63604	0.10745	0.09992
V854	0.01754	0.33466	0.27113	0.06853	0.30814
V855	0.07047	0.39484	0.11692	0.27948	0.13829
V856	0.11593	0.36849	0.07034	0.01075	0.43448
V857	0.05753	0.03972	0.18338	0.37577	0.3436
V858	6e-05	0.34117	0.21431	0.18283	0.26163
V859	0.11993	0.00553	0.02443	0.72061	0.12951
V860	0.02055	0.14802	0.07752	0.60672	0.14719
V861	0.12701	0.02131	0.14919	0.62236	0.08012
V862	0.04755	0	0.01742	0.11311	0.82193
V863	0	0.91288	0.05219	0.00076	0.03417
V864	0.0241	0.04298	0.89112	0.03879	0.00302
V865	0.06285	0.03149	0.68286	0.20322	0.01959
V866	0.01373	0.0746	0.67379	0.19006	0.04782
V867	0.52758	0.00724	0.01156	0.00082	0.4528
V868	0.19567	0.23061	0.45542	0.08382	0.03449
V869	0.00446	0	0.01726	0.05901	0.91927
V870	0.23763	0.16134	0.09543	0.22095	0.28465
V871	0.02073	0.03826	0.09934	0.10662	0.73504
V872	0.3753	0.0301	0.01872	0.45996	0.11593
V873	0.02801	0.33394	0.17854	0.33607	0.12345
V874	0.06776	0.03067	0.00497	0.05064	0.84597
V875	0	0.17609	0.02778	0.4416	0.35452
V876	0.42669	0.04178	0.06898	0.01507	0.44748
V877	0.18286	0.65336	0.06951	0.0663	0.02796
V878	0	0.70334	0.06996	0.18361	0.0431
V879	0.93171	0.02703	0.03268	0	0.00859
V880	0.06038	0.06976	0.03235	0.3857	0.4518
V881	0	0.02146	0.52479	0.01204	0.44171
V882	0.01274	0.49685	0.03413	0.40776	0.04853
V883	0.48744	0.17223	0.02539	0.15945	0.1555
V884	0	0	0	0.06371	0.93629
V885	0.13582	0.07155	0.41484	0.09359	0.28419
V886	0	0	0.02596	0.21128	0.76276
V887	0.03875	0.8785	0.0415	0	0.04126
V888	0.04116	0.10325	0.06602	0.63834	0.15124
V889	0.06757	0.82301	0.07522	0.0107	0.0235
V890	0.02002	0.0123	0.15597	0.59533	0.21638
V891	0	0.08672	0.91328	0	0
V892	0.55908	0.23504	0.03845	0	0.16743
V893	0.11414	0.19103	0.55722	0.05608	0.08153
V894	0.06067	0.5435	0.07331	0.23384	0.08868
V895	0.66402	0	0.33168	0	0.0043
V896	0.18184	0.2286	0.28128	0.27061	0.03767
V897	0	0	0.04208	0.71257	0.24535
V898	0.33264	0	0.01188	0.03533	0.62016
V899	0.52861	0.31711	0.11475	0	0.03954
V900	0.22613	0.23859	0.32543	0.16524	0.04461
V901	0.66421	0.04069	0.01547	0.15925	0.12038
V902	0.85681	0.03216	0.03826	0.01363	0.05914
V903	0.2586	0.06817	0.08656	0.47995	0.10672
V904	0.69894	0.08974	0.19408	0	0.01724
V905	0.00136	0.30907	0.07956	0.29598	0.31402
V906	0.12246	0.05481	0.48668	0.06065	0.2754
V907	0.70163	0.10721	0.09237	0.03796	0.06082
V908	0.00158	0.34518	0.06445	0.46026	0.12853
V909	0.00306	0.11404	0.01777	0.68178	0.18334
V910	0.65745	0.16515	0.0291	0.04368	0.10463
V911	0.01451	0.25599	0.54968	0.00025	0.17956
V912	0.01987	0.01388	0.15242	0.08284	0.73099
V913	0.12762	0.01698	0.0836	0.62437	0.14742
V914	0.76995	0.01989	0.02589	0.10376	0.0805
V915	0.15184	0.15688	0.05938	0.0263	0.6056
V916	0.76912	0.00615	0.14447	0	0.08026
V917	0.39641	0.01829	0.00209	0.024	0.5592
V918	0.56145	0.14081	0.2658	0.00635	0.02559
V919	0.40874	0.15664	0.02306	0.25526	0.1563
V920	0.1732	0	0.13706	0.61152	0.07822
V921	0.15207	0.16416	0.12392	0.01437	0.54549
V922	0.02316	0.03259	0.69289	0	0.25136
V923	0.10847	0.45905	0.04016	0.04904	0.34327
V924	0.49953	0.09871	0.0058	0.23129	0.16466
V925	0.11622	0.1255	0.5223	0.13263	0.10336
V926	0.00819	0.00692	0.00439	0.05976	0.92074
V927	0.50652	0.25843	0.14751	0.06354	0.02401
V928	0.08716	0.2605	0.24713	0.15575	0.24945
V929	0.03088	0.23727	0.01257	0.03336	0.68591
V930	0.05495	0	0.05912	0.04252	0.84341
V931	0.44688	0.11947	0.0219	0.04114	0.37061
V932	0.03004	0.09756	0.05038	0.28556	0.53645
V933	0.26363	0	0.05381	0.24828	0.43427
V934	0.63648	0.05694	0.30658	0	0
V935	0.55671	0.10101	0.15849	0.03761	0.14618
V936	0.29371	0.05936	0.1402	0.40933	0.0974
V937	0.08764	0.71063	0.13625	0.02347	0.042
V938	0.02971	0.90456	0.06101	0	0.00473
V939	0	0	0.00947	0.28746	0.70306
V940	0.53575	0.06512	0.10361	0.0379	0.25762
V941	0.00091	0.1218	0.13365	0.4217	0.32194
V942	0.72992	0.24347	0.02661	0	0
V943	0.03013	0.07915	0.05585	0.04676	0.78811
V944	0.33076	0.01625	0.13956	0.44484	0.0686
V945	0.0235	0.26492	0.62332	0.02091	0.06735
V946	0	0.47942	0.51266	0	0.00792
V947	0.34821	0.00329	0.032	0.11179	0.50471
V948	0.02977	0.7115	0.06917	0.09735	0.09221
V949	0.86136	0.08809	0.05055	0	0
V950	0.05645	0.00924	0.02539	0.81052	0.09841
V951	0.29787	0.0086	0	0.48187	0.21166
V952	0.11596	0.0248	0.05273	0.59183	0.21468
V953	0.47197	0.08213	0.01271	0.3438	0.08939
V954	0.19511	0.53794	0.09205	0.04821	0.12669
V955	0.0537	0.0262	0.59971	0.28147	0.03891
V956	0.00096	0.48241	0.12091	0.32686	0.06886
V957	0.05799	0.7694	0.09086	0.05419	0.02757
V958	0.00116	0.86325	0.04055	0.0379	0.05713
V959	0.06102	0.03406	0.82707	0.03856	0.03929
V960	0.50251	0.04156	0.17509	0.0818	0.19904
V961	0.00159	0.88092	0.04159	0.00302	0.07288
V962	0.15183	0.08421	5e-04	0.0709	0.69257
V963	0.00721	0.02043	0.47115	0.4229	0.07831
V964	0	0.05821	0.92485	0	0.01694
V965	0	0.01049	0.48315	0.39903	0.10733
V966	0.01613	0.00995	0.50173	0.07244	0.39976
V967	0.3007	0.50278	0.02849	0	0.16804
V968	0.00115	0.93124	0.04399	0.00727	0.01634
V969	0.07838	0.49792	0.1701	0.10696	0.14664
V970	0.12209	0.37733	0.47915	0	0.02143
