Neutrophils	Monocytes_CD14.CD16.	Macrophage	T_cells_.CD4..	NK_cells
V1	0.26683	0.06714	0.3523	0.13818	0.17555
V2	0.03094	0.75528	0.0774	0.06819	0.06819
V3	0.03593	0	0.53232	0.42831	0.00345
V4	0	0	0.24134	0.02729	0.73137
V5	0.00039	0	0.05567	0.06289	0.88105
V6	0.26327	0	0.36855	0.23752	0.13066
V7	0	0	0.45061	0.05098	0.49841
V8	0	0	0.94204	0.05796	0
V9	0.02718	0	0.32345	0.64936	0
V10	0.37723	0	0.60303	0	0.01974
V11	0.01462	0	0.10412	0.0367	0.84455
V12	0.04612	0	0.25731	0.27669	0.41988
V13	0.08792	0.01535	0.04431	0.42316	0.42926
V14	0.11197	0	0.09112	0.70053	0.09638
V15	0	0.01775	0	0.97285	0.00941
V16	0.5436	0.04098	0.01548	0.39994	0
V17	0.03744	0.15772	0.01374	0.04031	0.75078
V18	0.05795	0.32816	0.36425	0.24022	0.00942
V19	0.0092	0	0	0.07472	0.91608
V20	0	0	0.7906	0.20653	0.00287
V21	0.00393	0.16775	0.15904	0.14782	0.52147
V22	0.82598	0.04361	0.10121	0	0.0292
V23	0.04455	0	0.01834	0.0987	0.83841
V24	0.37711	0.06596	0.02253	0.03158	0.50282
V25	0.00528	0.00445	0.01315	0.39666	0.58047
V26	0.42506	0.14364	0.08465	0.03174	0.31491
V27	0.09127	0.38892	0.25779	0.00191	0.2601
V28	0.007	0.04258	0.25829	0.66596	0.02616
V29	0	0	0.3904	0.6058	0.0038
V30	0.73044	0.0663	0.03845	0.00981	0.155
V31	0.36925	0.09809	0.0153	0.26374	0.25362
V32	0.93454	0	0	0	0.06546
V33	0.00574	0.12218	0.01354	0.09122	0.76733
V34	0.09672	0.88179	0.00453	0.00679	0.01017
V35	0.06861	0.53224	0.36986	0.0265	0.00278
V36	0.00997	0.09473	0.19109	0.06859	0.63561
V37	0.67238	0	0	0	0.32762
V38	0.07904	0	0.56684	0.18496	0.16916
V39	0.23922	0	0.40908	0	0.3517
V40	0.20325	0.58962	0.02633	0.128	0.0528
V41	0.02589	0.83118	0.01731	0.00338	0.12223
V42	0.88047	2e-04	0.02746	0	0.09187
V43	0.42493	0.06554	0.49508	0.00986	0.00459
V44	0.01676	0.17941	0.66995	0	0.13388
V45	0.01507	0.60996	0.14124	0.17009	0.06365
V46	0.09069	0.74141	0.10339	0.03401	0.0305
V47	0	0	0.99599	0	0.00401
V48	0.11983	0.07266	0.29509	0.35066	0.16177
V49	0.42047	0.08842	0.33314	0.15261	0.00535
V50	0.00972	0.00171	0.98857	0	0
V51	0.06818	0.16541	0.24638	0.05173	0.46831
V52	0.02797	0.94443	0.00605	0.00971	0.01184
V53	0.00247	0.14392	0.00748	0.84612	0
V54	0.16268	0	0.01069	0.59318	0.23345
V55	0.04335	0	0	0.95665	0
V56	0.04078	0	0.00247	0.81987	0.13687
V57	0.1094	0.05875	0.67615	0.01322	0.14249
V58	0.03718	0	0.14475	0.16725	0.65082
V59	0.86009	0	0.1356	0	0.00431
V60	0.37776	0.14333	0.18514	0.1345	0.15927
V61	0.13126	0	0.02649	0.19781	0.64444
V62	0.03153	0	0.33113	0.1079	0.52944
V63	0.34346	0.1871	0.08553	0.02712	0.35679
V64	0.96768	0	0.02638	0	0.00594
V65	0.05349	0.04855	0.04854	0.67312	0.1763
V66	0.00399	0	0.16743	0.82295	0.00564
V67	0	0	0.35344	0.0689	0.57767
V68	0.36931	0	0.51667	0.01933	0.09469
V69	0.55311	0.06301	0.29348	0.00537	0.08503
V70	0.03648	0.67405	0.06483	0.19559	0.02905
V71	0.06989	0.7686	0.06574	0.07666	0.01912
V72	0.01866	0.28206	0.02668	0.026	0.6466
V73	0.03037	0	0.12284	0.58647	0.26033
V74	0	0.04503	0.00574	0.85721	0.09201
V75	0.42355	0.11742	0.44345	0	0.01558
V76	0	0	0.01717	0.91461	0.06822
V77	0.00729	0	0.96834	0.02438	0
V78	0	0	0.9956	0	0.0044
V79	0.05071	0.3023	0.05134	0.14351	0.45213
V80	0.09968	0.7047	0.00496	0.05934	0.13131
V81	0.00056	0	0.99944	0	0
V82	0.19417	0.12045	0.04027	0.63761	0.0075
V83	0.06331	0.04523	0.02503	0.57763	0.2888
V84	0.05876	0.09348	0.00323	0.04239	0.80215
V85	0	0	1	0	0
V86	0.00539	0.17699	0.39659	0.41395	0.00709
V87	0.40022	0	0.05811	0.52662	0.01504
V88	0.25016	0.10131	0.0707	0.2068	0.37104
V89	0.02577	0.04949	0.90076	0.02398	0
V90	0.00462	0.1051	0.06244	0.08802	0.73982
V91	0	0	0.0977	0.9023	0
V92	0.16653	0	0.02779	0.04203	0.76365
V93	0	0.04477	0.19932	0.52678	0.22913
V94	0.01785	0.10353	0.02353	0.22801	0.62709
V95	0.03621	0.14506	0.02342	0.09465	0.70066
V96	0.75048	0	0.03107	0.00956	0.20889
V97	0.10757	0	0.04723	0.09947	0.74574
V98	0.03033	0.26452	0.23717	0.1238	0.34417
V99	0.47116	0.09081	0.00491	0.25955	0.17357
V100	0.48839	0.1062	0.07154	0.04717	0.2867
V101	0.03719	0.92459	0.01838	0.00862	0.01122
V102	0.2585	0.16406	0.19159	0.10887	0.27698
V103	0.07862	0	0	0.03729	0.88409
V104	0.02565	0.28983	0.10317	0.02776	0.55359
V105	0.00131	0	0.03785	0.07247	0.88837
V106	0.02902	0.69625	0.21599	0.00569	0.05305
V107	0.02932	0.13208	0.79902	0.03397	0.00561
V108	0.00521	0.10371	0.89107	0	0
V109	0.03394	0.14205	0.06817	0.28007	0.47577
V110	0.14658	0.42704	0.27736	0.12661	0.02242
V111	0.22947	0.1426	0.62793	0	0
V112	0.12604	0	0.13161	0.48741	0.25493
V113	0.16242	0	0.11703	0.13534	0.58521
V114	0.53069	0.03242	0.07219	0.19592	0.16877
V115	0.84056	0	0	0	0.15944
V116	0.00251	0	0	0.04588	0.95161
V117	0.02878	0	0.88542	0.06439	0.02141
V118	0.01626	0	0	0.96309	0.02065
V119	0.25035	0	0.51064	0.23901	0
V120	0	0	0.87629	0.09217	0.03154
V121	0.17127	0.71057	0.00402	0.00744	0.1067
V122	0.01421	0.29409	0.11181	0.25302	0.32686
V123	0.42821	0	0.10657	0.2081	0.25713
V124	0.15708	0.05526	0.07666	0.22651	0.48448
V125	0.02318	0.33467	0.63241	0	0.00974
V126	0.10975	0.10235	0.27749	0.10926	0.40115
V127	0.20095	0	0.76659	0.03141	0.00105
V128	0.18536	0.76689	0.01561	0	0.03214
V129	0.19749	0	0.34191	0.16689	0.29371
V130	0.01045	0.41846	0.05683	0.25802	0.25624
V131	0	0	0.2797	0.7203	0
V132	0.27932	0	0	0.37093	0.34975
V133	0	0.00802	0.60059	0.07277	0.31861
V134	0.04474	0	0.8523	0.01054	0.09242
V135	0.01054	0.04409	0.80193	0.01481	0.12862
V136	0.99381	0	0.00011	0	0.00608
V137	0.93888	0	0.004	0.01287	0.04425
V138	0.18805	0.07682	0.09979	0.13395	0.50139
V139	0.07993	0	0.20135	0.71496	0.00376
V140	0.01113	0	0.15685	0.03219	0.79983
V141	0.00536	0.13381	0.76794	0.0871	0.00579
V142	0.14396	0	0.38657	0.11213	0.35734
V143	0.00546	0.11212	0.57652	0.13348	0.17242
V144	0.47222	0.16616	0.10535	0.13532	0.12094
V145	0	0	0.98377	0.0018	0.01444
V146	0.01354	0.26526	0.00825	0.34117	0.37178
V147	0.06435	0.01983	0.792	0.09187	0.03194
V148	0.13556	0.78034	0.01615	0.03553	0.03243
V149	0	0.00094	0	0.94166	0.05741
V150	0.1026	0.10471	0.70678	0	0.08591
V151	0.3693	0	0.01121	0.46922	0.15027
V152	0	0	0.13927	0.77661	0.08412
V153	0.125	0.09835	0.57572	0.03941	0.16151
V154	0.08981	0.50346	0.03545	0.03574	0.33553
V155	0.01233	0	0.16778	0.81456	0.00532
V156	0.06185	0	0.45714	0.13374	0.34727
V157	0.05822	0.00382	0.20133	0.26617	0.47046
V158	0.12993	0	0.50387	0.03526	0.33095
V159	0.07911	0.17795	0.01813	0.68196	0.04285
V160	0.39279	0.0961	0.13199	0.04087	0.33825
V161	0.14455	0	0.06337	0.02675	0.76533
V162	0	0	1	0	0
V163	0.0291	0	0.00758	0.06306	0.90026
V164	0.96474	0.01768	0.01758	0	0
V165	0.59536	0.16166	0.13013	0.04599	0.06687
V166	0.02667	0	0.29519	0.58787	0.09027
V167	0.01643	0.57082	0.02622	0.15435	0.23217
V168	0	0	1	0	0
V169	0.03378	0.61519	0.23319	0.09118	0.02666
V170	0.2135	0.31588	0.08169	0.22372	0.16522
V171	0.24567	0.027	0.49151	0.1794	0.05643
V172	0.12827	0.13334	0.08484	0.03395	0.6196
V173	0.16392	0.05634	0.12053	0.44058	0.21862
V174	0.14722	0	0.42418	0.18624	0.24236
V175	0.04681	0.0764	0.14251	0.17454	0.55975
V176	0.31705	0	0.00301	0.67994	0
V177	0.14092	0	0.69233	0.16407	0.00268
V178	0.21105	0	0.58648	0.10358	0.09889
V179	0.05904	0	0	0.03912	0.90184
V180	0.01041	0	0.35688	0.01956	0.61315
V181	0.03828	0.18378	0	0.07107	0.70687
V182	0.55471	0.19103	0.00687	0.18972	0.05767
V183	0.04803	0.92317	0.00477	0	0.02403
V184	0.24688	0	0.39233	0.33903	0.02176
V185	0.07456	0.39449	0.03291	0.16348	0.33456
V186	0.09459	0.11542	0.03493	0.26106	0.494
V187	0.05559	0.6588	0.00547	0.2627	0.01744
V188	0.85141	0	0.05119	0.09191	0.00549
V189	0.42755	0.19794	0.05576	0.3102	0.00854
V190	0.33221	0.01145	0.28382	0.01417	0.35835
V191	0.17549	0.17086	0.00683	0.48833	0.1585
V192	0.27149	0.12525	0.18216	0.23626	0.18484
V193	0.04509	0.11495	0.62405	0.03379	0.18212
V194	0.19174	0.00421	0.10341	0.10503	0.5956
V195	0.53812	0.10998	0.34603	0	0.00587
V196	0	0	0.05451	0.06309	0.8824
V197	0.04604	0.88624	0.00509	0.03978	0.02286
V198	0.18179	0.1536	0.0483	0.22134	0.39498
V199	0.69515	0	0.30485	0	0
V200	0.69793	0	0.03851	0.01103	0.25252
V201	0.01457	0	0.02336	0.73364	0.22843
V202	0.96401	0.02763	0	0	0.00836
V203	0.5048	0.19878	0.04086	0.05554	0.20001
V204	0.25009	0.02269	0.03901	0.01812	0.67008
V205	0.07262	0	0.12949	0.07984	0.71805
V206	0.01887	0.07913	0	0.85811	0.04389
V207	0	0.01775	0	0.97285	0.00941
V208	0.11737	0.12499	0.60626	0.03756	0.11383
V209	0.10297	0	0.10408	0.04833	0.74462
V210	0	0	0.99595	0	0.00405
V211	0.10056	0	0.22395	0.03944	0.63605
V212	0.03941	0.70653	0.11491	0.04711	0.09204
V213	0.06145	0	0.06518	0.24178	0.6316
V214	0.01019	0.4343	0.51279	0.00915	0.03357
V215	0.19639	0.13768	0.18084	0.08264	0.40245
V216	0.0324	0	0.35715	0.04551	0.56494
V217	0	0	0.02642	0.87209	0.10149
V218	0.04651	0.117	0.37155	0.35577	0.10917
V219	0.09665	0.17957	0.51143	0.2059	0.00645
V220	0.17258	0.71699	0.09078	0.00171	0.01794
V221	0.02552	0.01121	0.5468	0.01505	0.40142
V222	0.00862	0	0	0.05179	0.93959
V223	0.44886	0	0.42574	0.11452	0.01088
V224	0.02278	0.4441	0.03371	0.09608	0.40333
V225	0.69377	0.11209	0.1879	0	0.00624
V226	0.45828	0.52619	0.00024	0	0.0153
V227	0.06206	0.21645	0.00806	0.66945	0.04398
V228	0.52031	0	0.37443	0.06174	0.04351
V229	0.23484	0.30573	0.37708	0.03996	0.04238
V230	0.00787	0	0	0.05173	0.9404
V231	0.04172	0.53716	0.0875	0.20569	0.12793
V232	0.74134	0	0.25866	0	0
V233	0.0335	0	0.15836	0.09544	0.71269
V234	0.00198	0.28948	0.29134	0.38662	0.03058
V235	0.99933	0	0	0.00067	0
V236	0.05047	0	0.72498	0.17391	0.05064
V237	0.08613	0.02933	0.33309	0.31768	0.23377
V238	0	0	0.00048	0.26719	0.73234
V239	0.04228	0.30813	0.06339	0.19383	0.39237
V240	0.04389	0.82143	0.0168	0.02114	0.09673
V241	0.02792	0.94128	0.00615	0	0.02464
V242	0.01721	0.22672	0.39011	0.29142	0.07454
V243	0.38344	0	0.42174	0.01602	0.17879
V244	0.01526	0.28721	0.24603	0.08624	0.36527
V245	0.02565	0.89264	0.04249	0.02878	0.01045
V246	0.59699	0.21537	0.04148	0	0.14615
V247	0.14451	0.03789	0.74734	0.03826	0.032
V248	0.07067	0.50459	0.03528	0.02005	0.3694
V249	0.18698	0.01365	0.25325	0.09735	0.44877
V250	0.009	0	0.69292	0.02853	0.26954
V251	0.16888	0	0.1205	0.64936	0.06127
V252	0.01034	0.05707	0.63758	0.13838	0.15663
V253	0.273	0.52487	0.12963	0.04674	0.02577
V254	0.51695	0.36105	0	0.09737	0.02463
V255	0.81629	0.04392	0	0.0089	0.13088
V256	0.02205	0.68898	0.02762	0.01774	0.24361
V257	0.40546	0.22752	0.21527	0.03236	0.11939
V258	0.12765	0.2648	0.06865	0.52912	0.00979
V259	0.50818	0.20486	0.25742	0	0.02953
V260	0.18531	0	0.12109	0.08608	0.60751
V261	0.00623	0	0.58052	0.27002	0.14322
V262	0.91928	0	0.07548	0	0.00524
V263	0.81172	0.04729	0.01611	0.12488	0
V264	0.04562	0.87737	0.01742	0.04944	0.01014
V265	0.83146	0.04498	0.11711	0	0.00646
V266	0.00565	0	0.08235	0.05256	0.85945
V267	0.02817	0	0	0.15629	0.81554
V268	0.16605	0.34841	0.20711	0.20843	0.07
V269	0.06192	0.22745	0.47019	0.20135	0.0391
V270	0.02355	0	0.04003	0.93643	0
V271	0.20408	0.702	0.0153	0.02346	0.05517
V272	0.08284	0.78949	0.03999	0.01765	0.07003
V273	0.22077	0	0.22961	0.34044	0.20918
V274	0.0611	0.00268	0.04051	0.19669	0.69902
V275	0.025	0.62591	0.22009	0.10202	0.02698
V276	0	0	0.76497	0.21325	0.02178
V277	0.27204	0	0.70076	0	0.0272
V278	0	0.00566	0.3989	0.44595	0.14948
V279	0.10631	0	0.01331	0.81653	0.06385
V280	0.14798	0	0.0474	0.67975	0.12486
V281	0.00437	0.18234	0.05379	0.75042	0.00908
V282	0.0383	0.93173	0.0057	0	0.02427
V283	0.2563	0	0.12627	0.03268	0.58475
V284	0.01253	0.0571	0.58702	0.00396	0.33939
V285	0.51739	0.44531	0	0.02312	0.01418
V286	0.05408	0	0.92107	0.02185	0.003
V287	0.18868	0.01937	0.2204	0.30479	0.26675
V288	0.13824	0	0.70823	0	0.15354
V289	0.12047	0.17757	0.0296	0.66378	0.00857
V290	0.40159	0.3973	0.20072	0	0.00039
V291	0.37214	0.16788	0.00707	0.44422	0.0087
V292	0.076	0	0.45101	0.03667	0.43632
V293	0	0.0578	0.89315	0.03445	0.0146
V294	0.00211	0	0	0.04502	0.95288
V295	0	8e-05	0.3936	0.5149	0.09141
V296	0.87604	0.07835	0	0	0.04561
V297	0.00614	0	0.84206	0.10993	0.04187
V298	0.23664	0	0.00117	0.61277	0.14942
V299	0.21605	0	0.01176	0.77219	0
V300	1	0	0	0	0
V301	0.98374	0	0	0.01027	0.00599
V302	0	0	0.00132	0.39668	0.60199
V303	0.07275	0.09635	0.26526	0.17803	0.38761
V304	0.13325	0	0.84668	0	0.02007
V305	0.16624	0.22344	0.12252	0.11613	0.37168
V306	0.30998	0.64677	0.0029	0.01015	0.0302
V307	0.17529	0	0.34563	0.47908	0
V308	0.16826	0	0.77306	0.05719	0.00149
V309	0.61187	0.02184	0.0715	0.12853	0.16626
V310	0.01614	0	0.00098	0.11134	0.87154
V311	0	0	0.05141	0.94108	0.00752
V312	0.05748	0.14423	0.29697	0.01276	0.48856
V313	0.03716	0.21968	0.01712	0.34182	0.38423
V314	0.05102	0	0.00088	0.3738	0.57431
V315	0.94789	0	0.01075	0	0.04136
V316	0.08408	0.44795	0.34493	0.02916	0.09387
V317	0.30608	0.02456	0.64754	0	0.02183
V318	0.87679	0	0	0	0.12321
V319	0.0716	0.01535	0.91305	0	0
V320	0.0511	0	0.0037	0.93818	0.00703
V321	0.1022	0.23954	0.41483	0.21481	0.02861
V322	1e-05	0.15997	0.67382	0.04149	0.12471
V323	0.19608	0.12403	0.56498	0.01145	0.10346
V324	0.01545	0.02766	0.05185	0.89791	0.00713
V325	0.60055	0.05799	0.12628	0.12627	0.08891
V326	0.02729	0	0.05612	0.13536	0.78123
V327	0.29901	0.42008	0.16496	0.01767	0.09828
V328	0.02422	0.21966	0.22131	0.51616	0.01866
V329	0	0.01672	0.46482	0.51362	0.00484
V330	0.05257	0	0.89697	0	0.05047
V331	0.08775	0	0.09585	0.09555	0.72085
V332	0.38373	0	0.58493	0	0.03134
V333	0.32527	0	0.41182	0.15882	0.10409
V334	0.02409	0.18138	0.67373	0.07316	0.04764
V335	0.67785	0.01144	0.12072	0.02659	0.1634
V336	0.133	0.47833	0.36565	0	0.02302
V337	0	0	0.00924	0.15912	0.83164
V338	0.6511	0	0.21425	0.00428	0.13037
V339	0.17507	0.43897	0.26604	0	0.11991
V340	0.0178	0.08641	0.12475	0.06646	0.70457
V341	0.00834	0.35942	0.5545	0.00165	0.07609
V342	0.23227	0.07672	0.59022	0.10079	0
V343	0.60793	0	0.39207	0	0
V344	0.0785	0.69975	0.06281	0.02856	0.13038
V345	0.16084	0.01084	0.00241	0.29217	0.53374
V346	0.01665	0.21975	0.41277	0.31156	0.03927
V347	0.05586	0.45656	0.03623	0.3898	0.06155
V348	0.00315	0.0734	0.52981	0.23182	0.16182
V349	0.04194	0.19228	0.64341	0.00807	0.1143
V350	0.08028	0.3281	0.1187	0.26871	0.20422
V351	0.12655	0	0.54356	0.31763	0.01226
V352	0.08281	0.43105	0.47471	0	0.01143
V353	0.20474	0.23365	0.04908	0.05259	0.45994
V354	0.46656	0	0.53344	0	0
V355	0.05351	0	0.41243	0.53037	0.0037
V356	0.06175	0	0.89984	0.00729	0.03111
V357	0.02449	0	0.55737	0.0291	0.38904
V358	0.00649	0.02142	0.04094	0.92349	0.00766
V359	0.02777	0.08839	0.00645	0.87739	0
V360	0.68472	0.00693	0.1378	0.17054	0
V361	0.30528	0.41072	0.13454	0	0.14947
V362	0.74894	0	0.13467	0	0.11639
V363	0.01646	0	0.00207	0.15175	0.82973
V364	0.01842	0.22032	0.02904	0.48556	0.24665
V365	0	0.00058	0.00642	0.95972	0.03328
V366	0.14989	0	0.70679	0.0485	0.09482
V367	0.17992	0.13896	0.28538	0.17666	0.21908
V368	0.72302	0.03899	0.18745	0	0.05053
V369	0.02178	0.55556	0.33255	0.08676	0.00335
V370	0.00622	0.09546	0.15078	0.36879	0.37875
V371	0.03642	0.88604	0.06732	0	0.01021
V372	0.6139	0.0232	0.21741	0.11905	0.02644
V373	0.09293	0.58489	0.19657	0.11094	0.01468
V374	0.06459	0.01254	0.47339	0.44949	0
V375	0.22236	0	0.72218	0.05545	0
V376	0.00178	0	0.41418	0.02273	0.56131
V377	0.06247	0.41179	0.30094	0.21367	0.01113
V378	0.10386	0.43636	0.24954	0	0.21025
V379	0.01187	0	0.11246	0.08579	0.78988
V380	0.00128	0.02053	0.21004	0.50332	0.26483
V381	0.10129	0.0055	0.0015	0.03534	0.85637
V382	0.33468	0	0	0.32132	0.344
V383	0.01116	0	0.33384	0.655	0
V384	0.23357	0.00744	0.22928	0.46953	0.06018
V385	0.05632	0.04156	0.0023	0.03768	0.86214
V386	0.63086	0	0.00073	0.36841	0
V387	0.2244	0.00054	0.00438	0.74215	0.02853
V388	0.03224	0.81459	0.05344	0.0793	0.02043
V389	0.10135	0.73909	0.02771	0.03781	0.09404
V390	0.13482	0	0.00208	0.73908	0.12402
V391	0.7106	0.11753	0	0.07827	0.0936
V392	0.99348	0.00117	0.00535	0	0
V393	0.06609	0	0.18886	0.54903	0.19602
V394	0.67357	0	0.03126	0.17232	0.12285
V395	0	0	0.43974	0.55628	0.00398
V396	0.45555	0	0.54265	0	0.00181
V397	0.66734	0.09799	0.05221	0.12798	0.05447
V398	0.03547	0	0.20929	0.66297	0.09226
V399	0.02303	0.00029	0	0.26253	0.71415
V400	0.13773	0.45207	0.2375	0.17129	0.00141
V401	0.23499	0	0.75069	0.01432	0
V402	0.28572	0	0.57364	0.05511	0.08552
V403	0.10396	0.02932	0	0.14426	0.72246
V404	0	0.0149	0.56875	0.37194	0.04441
V405	0.3088	0.19779	0.10508	0.25369	0.13464
V406	0.00944	0.00045	0.97607	0	0.01404
V407	0.91371	0.00262	0.05382	0.02985	0
V408	0.0151	0.29011	0.0086	0.27856	0.40763
V409	0.07424	0	0.07948	0.72444	0.12184
V410	0.08531	0.05914	0.38134	0.0463	0.42791
V411	0.00224	0	0	0.05325	0.9445
V412	0.01045	0.07044	0.14345	0.04397	0.73169
V413	0.00792	0.17846	0.19869	0.38639	0.22854
V414	0.02196	0.05118	0	0.47549	0.45137
V415	0.10758	0	0	0.03366	0.85876
V416	0.07134	0.03729	0.02121	0.15454	0.71562
V417	0	0	0.82628	0.11114	0.06258
V418	0.55213	0.36277	0.03386	0.00221	0.04903
V419	0.17524	0	0.01714	0.12749	0.68014
V420	0.15453	0	0.11016	0.05573	0.67958
V421	0	0	0.13149	0.06399	0.80452
V422	0	0	0.05985	0.74481	0.19534
V423	0.24175	0.11721	0.40499	0.20983	0.02622
V424	0	0	0.5016	0.0128	0.4856
V425	0.29015	0.29784	0	0.01526	0.39675
V426	0.19537	0.13435	0.02827	0.53661	0.1054
V427	0.18255	0.57423	0.2289	0	0.01433
V428	0.07286	0.57704	0.11416	0.10749	0.12845
V429	0.10277	0.77022	0.00449	0.07825	0.04427
V430	0.01495	0	0.45528	0.17017	0.3596
V431	0.08586	0.28131	0.28585	0.28063	0.06634
V432	0.24537	0.02081	0.17495	0.38031	0.17856
V433	0.13778	0	0.62955	0.21276	0.01991
V434	0.19487	0.18695	0.5058	0.00489	0.10749
V435	0.48027	0	0.50075	0.01564	0.00334
V436	0.04082	0.48632	0.14513	0.05944	0.26831
V437	0.13296	0	0.02734	0.17232	0.66738
V438	0.10243	0.22451	0.28259	0.31341	0.07706
V439	0.56664	0	0.06473	0.35516	0.01348
V440	0.01133	0.23981	0.68208	0.00671	0.06006
V441	0.01819	0.4284	0.51655	0.02529	0.01156
V442	0.03756	0.93262	0.01842	0	0.0114
V443	0.9699	0	0	0.0301	0
V444	0.12488	0.37714	0.04668	0.40418	0.04712
V445	0.04117	0.35316	0.05764	0.52559	0.02244
V446	0.07726	0.00498	0.13004	0.60135	0.18637
V447	0.04149	0	0.00999	0.45176	0.49676
V448	0.10967	0	0.01471	0.04667	0.82894
V449	0	0	1	0	0
V450	0.15243	0.0307	0.31151	0.13225	0.3731
V451	0.23063	0.13969	0.08852	0.39616	0.145
V452	0	0	0.20088	0.75013	0.04899
V453	0.00396	0	0	0.45735	0.53869
V454	0.00055	0	0.71511	0.02072	0.26362
V455	0.04003	0.13092	0.33572	0.04944	0.44389
V456	0.95447	0	0	0.00223	0.0433
V457	0.66822	0.16489	0.05368	0.05672	0.05649
V458	0.01168	0.2519	0.63777	0.04883	0.04982
V459	0.09867	0.02556	0.06905	0.51783	0.2889
V460	0.6296	0	0.29061	0.05478	0.025
V461	0.14584	0.19679	0.32498	0.01736	0.31503
V462	0.02912	0.04447	0.01417	0.52342	0.38882
V463	0.17461	0.03545	0.01552	0.76774	0.00669
V464	0.12195	0.10242	0.77082	0	0.00481
V465	0.02635	0.04364	0.01158	0.05407	0.86437
V466	0.01397	0	0	0.11853	0.86749
V467	0.03375	0.20277	0.02954	0.61533	0.11861
V468	0.54554	0.24422	0.16725	0	0.04299
V469	0.00427	0.24505	0.07316	0.29531	0.38221
V470	0.85055	0.0194	0.04042	0.08322	0.0064
V471	0.35198	0.23286	0.04213	0.16628	0.20674
V472	0.00357	0	0.03997	0.04279	0.91367
V473	0.01447	0.13883	0.31369	0.32242	0.2106
V474	0.24737	0.08859	0.08867	0.52288	0.05249
V475	0.10856	0	0.67606	0.02181	0.19357
V476	0.11682	0.00594	0.13323	0.67044	0.07357
V477	0.02825	0.94109	0.01894	0	0.01171
V478	0.117	0	0	0.03303	0.84997
V479	0.85005	0.01868	0.05325	0.07176	0.00626
V480	0.11587	0.60406	0.09004	0.13827	0.05176
V481	0.21101	0.29203	0.09338	0.21195	0.19163
V482	0.09149	0.60358	0.2787	0	0.02624
V483	0.29814	0.49554	0.00207	0.12651	0.07774
V484	0.19544	0.44749	0.18168	0.15203	0.02337
V485	0.63123	0.03232	0.17827	0.13098	0.02721
V486	0.04198	0.02017	0.32538	0.01816	0.59431
V487	0.09692	0.06746	0.52725	0.30373	0.00464
V488	0.3536	0.03034	0	0.3952	0.22086
V489	0	0.14108	0.78134	0.06176	0.01582
V490	0	0	0.81357	0.18319	0.00324
V491	0.01894	0.35468	0.06362	0.11507	0.44769
V492	0.01033	0.11158	0.04097	0.80632	0.0308
V493	0	0	0.00543	0.98543	0.00913
V494	0.26678	0	0.02091	0.61472	0.09759
V495	0.28365	0.14525	0.31024	0.18496	0.0759
V496	0.0892	0	0.05481	0.03237	0.82362
V497	0.06449	0	0.16272	0.10936	0.66342
V498	0.05502	0.84883	0.04136	0.00805	0.04674
V499	0.02496	0.1312	0.31007	0.06827	0.46549
V500	0.08436	0.40946	0.16563	0.25626	0.0843
V501	0.04715	0.2155	0.01526	0.03537	0.68673
V502	0.11349	0.77931	0.06568	0.034	0.00751
V503	0.35901	0	0.27872	0.14303	0.21924
V504	0.41625	0.139	0.00461	0.01238	0.42775
V505	0.54392	0	0.02688	0.08935	0.33986
V506	0.01324	0.40026	0.08657	0.026	0.47392
V507	0.8202	0	0.04362	0.09828	0.03789
V508	0.01379	0.53183	0.30334	0.04271	0.10833
V509	0.03362	0.36264	0.19855	0.21929	0.1859
V510	0.39781	0.46884	0.07509	0.04482	0.01344
V511	0.04226	0.20345	0.64181	0.03097	0.08151
V512	0.11967	0.35414	0.25016	0.05206	0.22397
V513	0.14844	0.63139	0.11619	0.05168	0.0523
V514	0.00324	0	0.23056	0.05524	0.71096
V515	0.04723	0.10459	0	0.84818	0
V516	0.12879	0.29266	0.16299	0.39534	0.02022
V517	0	0.02055	0.06426	0.90773	0.00745
V518	0.3328	0	0.44018	0.19464	0.03238
V519	0.80241	0.02943	0.00436	0.15704	0.00676
V520	0.05385	0.83858	0.02943	0.069	0.00915
V521	0.15822	0	0.17786	0.66041	0.00351
V522	0.02796	0.11491	0.68526	0.12628	0.04559
V523	0.10516	0.01134	0.8519	0.02843	0.00317
V524	0.2518	0	0.67862	0	0.06957
V525	0.0062	0.11881	0.03226	0.0436	0.79914
V526	0.02441	0.00394	0.9291	0.00941	0.03314
V527	0.05933	0.36813	0.53468	0.00655	0.03131
V528	0.11435	0	0.02395	0.8617	0
V529	0.14947	0	0.83955	0	0.01098
V530	0.0086	0	0.93359	0.03429	0.02351
V531	0.14573	0.42095	0.13105	0.02068	0.2816
V532	0.04125	0.15422	0.35757	0.00986	0.43709
V533	0.18804	0	0	0.0273	0.78466
V534	0.09289	0.04811	0	0.829	0.03
V535	0.83206	0.08337	0.07764	0	0.00692
V536	0.08713	0.09229	0.4655	0.03252	0.32256
V537	0.01003	0	0.01022	0.04359	0.93617
V538	0.57526	0.06152	0.00336	0.02979	0.33007
V539	0.00356	0.08486	0.74604	0.0885	0.07704
V540	0.13189	0.37413	0.12909	0.05828	0.30662
V541	0.01826	0.28682	0.0271	0.0493	0.61852
V542	0.01817	0.26459	0.15657	0.48152	0.07915
V543	0.04122	0.0499	0.7645	0.03663	0.10775
V544	0.2809	0.116	0.2523	0.06641	0.28438
V545	0.64747	0.34258	0.00946	0	0.00049
V546	0.04937	0.72364	0.12708	0.00795	0.09195
V547	0.06999	0.75943	0.00518	0.12157	0.04382
V548	0	0.04964	0.00639	0.93496	0.00901
V549	0	0	0.01863	0.17434	0.80703
V550	0.0234	0.80757	0.14245	0.00618	0.0204
V551	0	0	0	1	0
V552	0.15334	0	0.01568	0.05797	0.77301
V553	0.75346	0	0.02164	0.1624	0.06251
V554	0.07363	0.01076	0.59659	0.30608	0.01294
V555	0.02707	0.90604	0.0179	8e-05	0.04891
V556	0.05174	0.02889	0.0737	0.78159	0.06409
V557	0.27124	0.19293	0.05406	0.41353	0.06823
V558	0	0	0.84832	0.12905	0.02263
V559	0.07452	0.30892	0.5762	0	0.04036
V560	0.61363	0.18545	0.20092	0	0
V561	0.62486	0	0.18956	0	0.18558
V562	0.08222	0.00623	0.17719	0.09912	0.63524
V563	0.17075	0.17151	0.28244	0.11627	0.25904
V564	0.27755	0	0.07868	0.37566	0.26811
V565	0.00111	0	0.00898	0.07463	0.91528
V566	0.24282	0.08987	0.03726	0.36583	0.26421
V567	0.00779	0	0.98873	0	0.00348
V568	0.01251	0.1459	0.53719	0.3044	0
V569	0.59998	0.05005	0.16528	0.13377	0.05092
V570	0.09196	0	0.36161	0.46599	0.08044
V571	0.19703	0	0.30381	0.34529	0.15386
V572	0.79494	0	0	0	0.20506
V573	0.0492	0.02572	0.42016	0.37647	0.12844
V574	0.50674	0.23782	0.12238	0.10087	0.0322
V575	0.26669	0	0.14546	0.05471	0.53314
V576	0.02589	0.84756	0.01727	0.01188	0.0974
V577	0.39751	0.47052	0.06268	0.05574	0.01355
V578	0.01084	0.09349	0.61997	0.21907	0.05663
V579	0.01004	0.38884	0.42744	0.02335	0.15033
V580	0.18959	0.49664	0.02504	0.251	0.03772
V581	0.033	0.37525	0.50221	0.07935	0.01019
V582	0	0.01786	0.98214	0	0
V583	0.53012	0	0.46598	0.00391	0
V584	0.18865	0.41462	0.16039	0.03392	0.20241
V585	0.0305	0.70672	0.1022	0.06818	0.0924
V586	0.01983	0.71906	0.24122	0.01315	0.00674
V587	0.03692	0.59041	0.01506	0.03821	0.31939
V588	0.18983	0.29968	0.50203	0	0.00846
V589	0.06958	0.34437	0.07005	0.48241	0.03359
V590	0.03259	0.71248	0.00523	0.01753	0.23218
V591	0.45143	0.47335	0.06146	0	0.01375
V592	0.00633	0	0.79439	0.02342	0.17586
V593	0.35855	0	0.00115	0.5776	0.0627
V594	0	0.07001	0.74303	0.13252	0.05444
V595	0.47802	0.00307	0.09889	0.36928	0.05074
V596	0.41462	0.1254	0.30771	0.12457	0.02771
V597	0.01249	0.11592	0.00414	0.12386	0.74358
V598	0.47846	0	0	0.00426	0.51728
V599	0.04937	0.32932	0.13299	0.44372	0.0446
V600	0.21265	0	0.24495	0.39833	0.14406
V601	0.10142	0.05842	0.0043	0.50704	0.32881
V602	0.85948	0.14052	0	0	0
V603	0.08935	0.07406	0.03152	0.14241	0.66266
V604	0.00733	0	0.7668	0.08812	0.13775
V605	0.01518	0.01505	0.14153	0.08405	0.74419
V606	0.78524	0	0	0	0.21476
V607	0.11281	0.04745	0.02048	0.03867	0.78059
V608	0.7107	0	0.04434	0.08319	0.16177
V609	0.14915	0.24996	0.01941	0.47284	0.10865
V610	0.06413	0.61865	0.01586	0.28475	0.01661
V611	0.19913	0	0.73441	0.00564	0.06082
V612	0.28902	0	0.40305	0.01092	0.29701
V613	0.39694	0.51303	0.06293	0.02431	0.00279
V614	0.44965	0	0.01947	0.07864	0.45224
V615	0	0.05432	0.16494	0.58648	0.19426
V616	0.5973	0	0.2156	0.14232	0.04477
V617	0.1655	0.01737	0.57783	0.08048	0.15881
V618	0.69082	0.04604	0.09753	0.00047	0.16515
V619	0.46168	0	0.2064	0.00189	0.33003
V620	0.02127	3e-04	0.43628	0.53778	0.00437
V621	0.09877	0.12242	0.36419	0.00655	0.40808
V622	0.00891	0.11442	0.40098	0.01953	0.45616
V623	0.04167	0	0.00269	0.72447	0.23118
V624	0.89427	0	0	0.00387	0.10186
V625	0	0.04142	0.12233	0.8294	0.00685
V626	0.04524	0	0.6547	0.27816	0.0219
V627	0.07031	0.07623	0.13577	0.04492	0.67277
V628	0.98665	0	0.00266	0.01069	0
V629	0.09037	0.14621	0.74954	0.00816	0.00572
V630	0.00603	0.10392	0.02246	0.05254	0.81505
V631	0	0	0.27911	0.03189	0.689
V632	0.03108	0.7013	0.01613	0.04426	0.20723
V633	0.03083	0	0.10794	0.51705	0.34418
V634	0.38178	0.38843	0.2295	0	0.00028
V635	0.02286	0.04043	0.20637	0.03968	0.69065
V636	0.15194	0.09511	0.4159	0.18978	0.14726
V637	0.15274	0	0.51319	0.23536	0.09871
V638	0.05411	0.35618	0.0306	0.09663	0.46248
V639	0.51359	0.35461	0.12093	0	0.01087
V640	0.07514	0.11473	0.10199	0.23886	0.46929
V641	0.07722	0.67855	0.04022	0.16235	0.04166
V642	0.72664	0.00309	0.00381	0.26646	0
V643	0.0333	0.82709	0.10463	0.02606	0.00893
V644	0.02336	0.37146	0.03384	0.52424	0.0471
V645	0.14231	0.72648	0.02842	0.09629	0.00649
V646	0.11005	0.46541	0.04885	0.27429	0.1014
V647	0.95016	0	0	0.04984	0
V648	0.38857	0.06338	0.00425	0.31899	0.22481
V649	0.19825	0.03418	0.0953	0.11425	0.55802
V650	0.00402	0	0.07433	0.92165	0
V651	0.10934	0.1712	0	0.71947	0
V652	0.3031	0	0.04602	0.63579	0.01509
V653	0.28388	0	0.07009	0.59657	0.04946
V654	0.01862	0.03147	0	0.08752	0.86239
V655	0.11416	0.01907	0.39423	0.46812	0.00442
V656	0.07329	0	0	0.11164	0.81507
V657	0.01748	0.41183	0.04591	0.3745	0.15027
V658	0.00986	0.00933	0.03595	0.61939	0.32546
V659	0	0.00861	0.09708	0.81782	0.07649
V660	0.03916	0.22537	0.02531	0.05766	0.65251
V661	0.0255	0.58564	0.02646	0.20738	0.15502
V662	0.01982	0.30962	0.02757	0.02475	0.61824
V663	0.99947	0	0.00053	0	0
V664	0.00733	0	0.13334	0.37169	0.48765
V665	0.01315	0.53052	0.307	0.08948	0.05985
V666	0.07471	0.84427	0.06645	0.00542	0.00914
V667	0.01876	0.43502	0.37106	0.10643	0.06874
V668	0.63578	0.19612	0.07961	0.05637	0.03211
V669	0.43601	0.25493	0.04339	0.10025	0.16543
V670	0.07187	0.52975	0.07069	0.04292	0.28477
V671	0.70725	0	0.27765	0.01284	0.00226
V672	0.06074	0.02698	0.10861	0.30218	0.50149
V673	0.00247	0	0	0.12169	0.87583
V674	0.28546	0.03882	0.63399	0	0.04172
V675	0.62923	0	0.05168	0.16134	0.15775
V676	0.18827	0.03839	0.60821	0	0.16512
V677	0.02388	0.19371	0.30071	0.40692	0.07478
V678	0.03145	0.20851	0.01518	0.05253	0.69233
V679	0	0	0.54326	0.45274	0.004
V680	0.11536	0	0.01781	0.34207	0.52475
V681	0.46976	0	0.05888	0.34508	0.12628
V682	0	0	1	0	0
V683	0.04343	0.09951	0.72726	0	0.12979
V684	0.03397	0	0.00527	0.96075	0
V685	0.00038	0	0.91116	0.0846	0.00386
V686	0.26223	0.57694	0.11609	0.01767	0.02708
V687	0	0	0.66202	0.32544	0.01254
V688	0	0	0.98566	0	0.01434
V689	0.42623	0.00596	0.27584	0.1046	0.18737
V690	0.08439	0.83812	0.02966	0.02663	0.0212
V691	0.10408	0.09386	0.06311	0.69852	0.04043
V692	0.04298	0.00733	0.01535	0.81913	0.1152
V693	0.00831	0.38584	0.57047	0.02451	0.01087
V694	0.05814	0.14649	0.05171	0.65267	0.091
V695	0.08402	0.04615	0.16496	0.03587	0.669
V696	0.07938	0	0.80081	0	0.11981
V697	0.06955	0.05729	0.40184	0.34048	0.13084
V698	0.00574	0	0.18121	0.03741	0.77565
V699	0.01598	0	0.05736	0.67424	0.25241
V700	0.04089	0.75179	0.11437	0	0.09295
V701	0.00637	0.1041	0.0129	0.04574	0.83089
V702	0.00287	0.08804	0.00579	0.71423	0.18907
V703	0	0.00726	0.02962	0.95478	0.00834
V704	0.02613	0.00911	0.42794	0.02855	0.50827
V705	0.95612	0	0	0	0.04388
V706	0.11278	0.09488	0.21831	0.47326	0.10078
V707	0.09924	0.06569	0.08924	0.27879	0.46704
V708	0.0116	0.47401	0.512	0	0.0024
V709	0.00208	0	0.02828	0.04253	0.92712
V710	0.08287	0	0.53069	0.00385	0.38259
V711	0.03493	0	0.01554	0.05396	0.89556
V712	0.03638	0	0.788	0.16367	0.01196
V713	0.21834	0.33031	0.44989	0.00146	0
V714	0.03008	0	0	0.04264	0.92728
V715	0	0.18384	0.7196	0.08975	0.00681
V716	0.75232	0.15113	0.01778	0.04589	0.03288
V717	0.32587	0.09339	0.16762	0.02633	0.38678
V718	0.58294	0	0.36531	0	0.05176
V719	0.35717	0.17135	0.15699	0.1268	0.18769
V720	0.08252	0	0.09814	0.05984	0.7595
V721	0.01395	0	0.04525	0.05474	0.88606
V722	0.00712	0.17653	0.07406	0.52558	0.21672
V723	0.0769	0.163	0.15435	0.57679	0.02897
V724	0.10586	0.60835	0.06471	0.20537	0.01571
V725	0.01582	0	0	0.0435	0.94068
V726	0.19098	0.41428	0.08261	0.06597	0.24618
V727	0.00098	0	0.98488	0	0.01414
V728	0.74889	0	0.18393	0.06366	0.00352
V729	0.59634	0.07399	0.03943	0.28355	0.00669
V730	0.08085	0	0.473	0.38	0.06615
V731	0	0.00517	0.07566	0.91917	0
V732	0	0	0.00567	0.99433	0
V733	0.01725	0.00665	0.96235	0	0.01375
V734	0.43233	0.03144	0.49617	0.02652	0.01354
V735	0.04589	0.07775	0.25011	0.04052	0.58574
V736	0.00479	0.00476	0.00272	0.04493	0.94279
V737	0.99838	0	0.00162	0	0
V738	0.01255	0.33103	0.01853	0.03337	0.60451
V739	0	0.01037	0	0.98963	0
V740	0.15283	0.0236	0.1222	0.03475	0.66662
V741	0.44426	0	0.00151	0.36306	0.19117
V742	0.04535	0	0.61178	0.15369	0.18918
V743	0.01561	0.0093	0.08019	0.12045	0.77446
V744	0.14887	0.02723	0.22703	0.54828	0.04858
V745	0.12866	0.00295	0.06173	0.80085	0.00582
V746	0.34911	0.52466	0.06194	0	0.06429
V747	0.01717	0.00547	0.95393	0	0.02343
V748	0.11936	0.11869	0.3548	0.06003	0.34713
V749	0.14177	0.05718	0.16071	0.46233	0.17801
V750	0.78423	0.16449	0.00655	0.04472	0
V751	0.0199	0.26213	0.6971	0.01254	0.00833
V752	0.0122	0.06617	0.02167	0.0464	0.85357
V753	0.47706	0.00386	0.3335	0.01761	0.16797
V754	0.08569	0.27625	0.00929	0.61821	0.01056
V755	0.22217	0.69609	0.06436	0	0.01738
V756	0.01115	0.0522	0.02155	0.08483	0.83026
V757	0.12965	0	0.12834	0.73805	0.00397
V758	0.04306	0.38441	0.00071	0.55902	0.01279
V759	0.05769	0	0.10391	0.03222	0.80619
V760	0.04856	0	0.24684	0.24218	0.46241
V761	0.03931	0.16309	0.79141	0	0.00619
V762	0.00282	0.00984	0.20428	0.38413	0.39893
V763	0.0156	0.17295	0.00488	0.03472	0.77185
V764	0.07946	0.03515	0.11042	0.75873	0.01623
V765	0.11956	0	0.74378	0.0326	0.10406
V766	0.05188	0.36672	0.33785	0.05111	0.19243
V767	0.24516	0.40018	0.0958	0.05325	0.2056
V768	0.04136	0.80318	0.07863	0.05682	0.02002
V769	0.6844	0	0.26002	0	0.05557
V770	0.23113	0	0.62699	0.14031	0.00157
V771	0.0479	0.66779	0.01635	0.11221	0.15574
V772	0.03237	0	0.96763	0	0
V773	0.01378	0	0	0.17345	0.81277
V774	0.10347	0	0.58461	0	0.31193
V775	0.913	0	0.02205	0.04883	0.01612
V776	0.32847	0.35677	0.2466	0.02263	0.04553
V777	0.18061	0.28755	0.35382	0.11205	0.06598
V778	0.4798	0.01722	0.01351	0.2434	0.24607
V779	0.04711	0.29941	0.62972	0.0048	0.01896
V780	0.008	0	0.992	0	0
V781	0.13607	0.19896	0.22713	0.00793	0.42991
V782	0.17648	0.15003	0.02309	0.02646	0.62394
V783	0	0	0.65556	0.02439	0.32004
V784	0.0146	0.55619	0.00439	0.29655	0.12826
V785	0.71155	0.09926	0	0.10892	0.08027
V786	0.13028	0.15897	0.01781	0.66241	0.03053
V787	0.11522	0.54731	0.00362	0.23039	0.10347
V788	0.34454	0.34577	0.10669	0	0.20301
V789	2e-04	0.1073	0.00508	0.40831	0.47911
V790	0.23162	0.15063	0.0822	0.12566	0.40989
V791	0.1358	0.14288	0.09355	0.20848	0.41929
V792	0.95637	0	0.02576	0	0.01786
V793	0.2825	0.19129	0.07423	0.10481	0.34717
V794	0.00556	0	0.10893	0.17592	0.7096
V795	0.1154	0.81702	0.0285	0.00573	0.03336
V796	0.27001	0.34376	0.16704	0.1736	0.04559
V797	0.09259	0	0	0.04985	0.85756
V798	0.10548	0.41899	0.01163	0.10309	0.36081
V799	0.01121	0.1246	0.06399	0.73428	0.06593
V800	0.01464	0	0.00931	0.13456	0.8415
V801	0.30972	0	0.17052	0.48467	0.03508
V802	0.02096	0.11829	0.013	0.04342	0.80432
V803	0.25808	0.00747	0.00445	0.70135	0.02865
V804	0.15618	0.10313	0.27785	0.40096	0.06187
V805	0.10632	0.07002	0.54777	0.16016	0.11572
V806	0.38434	0	0.25465	0.05869	0.30233
V807	0.65493	0	0.08492	0.04419	0.21597
V808	0.78988	0	0.06481	0	0.14531
V809	0.17596	0.54055	0.03693	0.03848	0.20808
V810	0.0122	0.02714	0.0455	0.46434	0.45081
V811	0.03265	0.0452	0.02153	0.12358	0.77705
V812	0.01346	0.56449	0.28287	0.0905	0.04868
V813	0.01815	0.12357	0.24947	0.01962	0.58919
V814	0.17763	0.4928	0.10172	0.19086	0.03699
V815	0.21443	0.65552	0.05172	0.06165	0.01669
V816	0.00857	0.44972	0.01289	0.47957	0.04925
V817	0.77029	0	0.22383	0.00588	0
V818	0.02347	0.11659	0.41242	0.03947	0.40804
V819	0.97535	0	0.01456	0.01009	0
V820	0.04695	0.28729	0.1736	0.44905	0.04311
V821	0.00251	0	0	0.04588	0.95161
V822	0.14884	0	0.01477	0.8364	0
V823	0.02881	0.02631	0.24664	0.02372	0.67451
V824	0.04613	0	0.01901	0.03925	0.89561
V825	0.09974	0	0.74299	0.15727	0
V826	0.02374	0	0.969	0.00726	0
V827	0.30248	0.10358	0	0.45037	0.14357
V828	0.18202	0.07208	0.13161	0.06873	0.54555
V829	0.05919	0.03298	0.36517	0.16954	0.37311
V830	0.09975	0	0.76638	0.01027	0.1236
V831	0.01809	0.67941	0.07718	0.18392	0.0414
V832	0.14651	0	0.07573	0.23895	0.53881
V833	0.17263	0.74301	0.0154	0	0.06896
V834	0.74196	0.09666	0.05252	0.01627	0.09259
V835	0.21705	0.2173	0.1325	0.3132	0.11994
V836	0.29895	0.01849	0.58924	0.08987	0.00344
V837	0.02323	0.77655	0.02849	0.05166	0.12007
V838	0	0	0.09621	0.89692	0.00687
V839	0.02304	0	0.07678	0.03762	0.86256
V840	0.94929	0	0.03673	0.00876	0.00522
V841	0.15582	0	0.84234	0	0.00184
V842	0.47393	0.00109	0.29686	0.21398	0.01415
V843	0.3645	0	0.18679	0.07109	0.37762
V844	0.00495	0.10314	0.85583	0.01098	0.02509
V845	0.00932	0	0	0.61898	0.3717
V846	0.0744	0	0.10923	0.08184	0.73453
V847	0.14478	0	0.05345	0.13351	0.66825
V848	0.70816	0	0.00257	0.09839	0.19088
V849	0.09484	0.00856	0.79372	0	0.10288
V850	0.15604	0	0.35835	0.14638	0.33923
V851	0.99347	0	0	0	0.00653
V852	0.181	0.01397	0.09555	0.18142	0.52806
V853	0.01772	0.06706	0.70154	0.1261	0.08758
V854	0.02877	0.23219	0.31941	0.08196	0.33766
V855	0.07849	0.30616	0.13295	0.36106	0.12134
V856	0.1232	0.28027	0.07075	0.01449	0.5113
V857	0.04989	0.00831	0.2105	0.4235	0.3078
V858	0.0118	0.24523	0.25239	0.22197	0.26861
V859	0.09896	0	0.0259	0.83473	0.04041
V860	0.01926	0.1038	0.08673	0.71313	0.07707
V861	0.10493	0.00027	0.17161	0.71807	0.00512
V862	0.04245	0	0.01654	0.11277	0.82825
V863	0.02615	0.88594	0.03005	0.00973	0.04813
V864	0.02108	0	0.9322	0.04672	0
V865	0.05023	0	0.72283	0.22694	0
V866	0.0149	0.0147	0.72941	0.21837	0.02261
V867	0.486	0	0	0.00435	0.50964
V868	0.18307	0.14034	0.54187	0.10905	0.02567
V869	0.00718	0	0.01684	0.04961	0.92637
V870	0.22309	0.10467	0.10914	0.27339	0.28971
V871	0.02247	0.00847	0.11068	0.11001	0.74837
V872	0.33674	0.01099	0.0148	0.57248	0.06498
V873	0.03522	0.24537	0.21024	0.41811	0.09107
V874	0.06304	0.00717	0.00183	0.0461	0.88185
V875	0	0.12987	0.02672	0.51782	0.32558
V876	0.38883	0.00872	0.07309	0.02139	0.50798
V877	0.2134	0.59123	0.0643	0.10351	0.02757
V878	0.01534	0.63109	0.06499	0.26026	0.02832
V879	0.95786	0.00554	0.01746	0.01161	0.00752
V880	0.05438	0.04019	0.03451	0.44252	0.42839
V881	0.00181	0	0.55334	0.00972	0.43513
V882	0.02512	0.41281	0.02314	0.5368	0.00213
V883	0.47761	0.1279	0.01654	0.21631	0.16164
V884	0.00147	0	0	0.05347	0.94506
V885	0.11881	0.01702	0.47291	0.10596	0.2853
V886	0	0	0.02749	0.22161	0.7509
V887	0.07537	0.84857	0.01654	0	0.05952
V888	0.03544	0.06886	0.074	0.74503	0.07667
V889	0.10335	0.77465	0.06525	0.0249	0.03185
V890	0.01404	0	0.17547	0.66587	0.14463
V891	0	0.01776	0.98093	0.00131	0
V892	0.57924	0.18385	0.02815	0	0.20876
V893	0.10729	0.10282	0.6411	0.07044	0.07835
V894	0.07679	0.45748	0.07383	0.31784	0.07406
V895	0.60616	0	0.38797	0.00399	0.00188
V896	0.16944	0.14828	0.33723	0.3386	0.00643
V897	0	0	0.04701	0.79587	0.15712
V898	0.28635	0	0.00521	0.0391	0.66934
V899	0.56066	0.25383	0.12985	0	0.05567
V900	0.21271	0.15417	0.39344	0.21256	0.02712
V901	0.65036	0.01683	0.00356	0.21399	0.11526
V902	0.86174	0.00884	0.02788	0.03384	0.06769
V903	0.22978	0.03554	0.09921	0.58454	0.05093
V904	0.69282	0.0468	0.23424	0	0.02614
V905	0.01093	0.23232	0.08571	0.36088	0.31016
V906	0.10567	0.00216	0.54635	0.06831	0.2775
V907	0.70351	0.06718	0.10128	0.06268	0.06536
V908	0.00939	0.26905	0.06683	0.57352	0.08121
V909	0.00137	0.08401	0.01695	0.79313	0.10455
V910	0.67173	0.12383	0.01636	0.06903	0.11904
V911	0.02344	0.1535	0.62517	0.00413	0.19375
V912	0.01964	0	0.1674	0.08087	0.73209
V913	0.10634	9e-05	0.09557	0.72384	0.07415
V914	0.76081	0	0.0142	0.14729	0.0777
V915	0.1428	0.09966	0.06116	0.02873	0.66765
V916	0.73751	0	0.16665	0	0.09584
V917	0.352	0	0	0.0286	0.6194
V918	0.54836	0.08303	0.32159	0.02018	0.02683
V919	0.3898	0.11204	0.01621	0.33641	0.14554
V920	0.14101	0	0.15432	0.70054	0.00413
V921	0.14238	0.09971	0.13932	0.01613	0.60247
V922	0.02092	0	0.72637	0	0.25271
V923	0.12191	0.37324	0.03177	0.06394	0.40914
V924	0.47647	0.06405	0	0.30265	0.15683
V925	0.10461	0.05529	0.5932	0.15719	0.08972
V926	0.01022	0	0.00117	0.0517	0.9369
V927	0.51398	0.19609	0.17395	0.09703	0.01894
V928	0.08776	0.17259	0.29475	0.18842	0.25647
V929	0.03818	0.17275	0.00474	0.03227	0.75206
V930	0.04868	0	0.0619	0.03567	0.85375
V931	0.42593	0.07798	0.01349	0.05526	0.42734
V932	0.0302	0.05935	0.05446	0.32386	0.53213
V933	0.22829	0	0.05806	0.28512	0.42853
V934	0.61173	0.01453	0.37374	0	0
V935	0.53564	0.05453	0.18868	0.0565	0.16464
V936	0.25974	0.02443	0.1651	0.50084	0.04989
V937	0.1162	0.6359	0.15502	0.04126	0.05162
V938	0.06591	0.87543	0.04217	0.00654	0.00994
V939	0	0	0.00927	0.30837	0.68237
V940	0.50849	0.0276	0.11732	0.05332	0.29327
V941	0.00378	0.07555	0.15262	0.48388	0.28417
V942	0.78232	0.20598	0.00689	0.0048	0
V943	0.03231	0.04125	0.05908	0.04324	0.82412
V944	0.28519	0	0.16207	0.53808	0.01466
V945	0.03113	0.16158	0.70971	0.02924	0.06834
V946	0.01619	0.36307	0.61032	0	0.01041
V947	0.30196	0	0.02791	0.12884	0.54129
V948	0.05509	0.63627	0.06409	0.14069	0.10386
V949	0.89707	0.06076	0.04217	0	0
V950	0.0426	0.00342	0.02791	0.92607	0
V951	0.26036	0	0	0.57633	0.1633
V952	0.09798	0.00728	0.05948	0.68574	0.14953
V953	0.44176	0.05069	0.00478	0.44889	0.05388
V954	0.21738	0.45777	0.09841	0.07291	0.15352
V955	0.04235	0	0.64305	0.31191	0.00269
V956	0.01475	0.38936	0.13485	0.42695	0.03409
V957	0.08836	0.70647	0.09049	0.08518	0.02951
V958	0.03329	0.81822	0.01628	0.06107	0.07114
V959	0.05083	0	0.87318	0.046	0.02999
V960	0.46523	0.00472	0.21029	0.10666	0.2131
V961	0.03505	0.83868	0.01727	0.01162	0.09737
V962	0.13848	0.04813	0	0.07456	0.73884
V963	0.00392	0	0.50798	0.46537	0.02272
V964	0.00098	0	0.98488	0	0.01414
V965	0	0	0.51337	0.43368	0.05295
V966	0.01331	0	0.53038	0.07309	0.38322
V967	0.32748	0.44165	0.01187	0	0.219
V968	0.03617	0.90358	0.01806	0.01895	0.02324
V969	0.09362	0.39695	0.2025	0.14497	0.16197
V970	0.1268	0.26914	0.57606	0	0.028
V971	0.68671	0.01427	0.2668	0.01704	0.01518
V972	0.0642	0.83899	0.00511	0.07023	0.02147
V973	0.02068	0	0.64151	0.21928	0.11853
V974	0.016	0.62689	0.15356	0.12722	0.07633
V975	0.02745	0.93478	0.0062	0.01994	0.01163
V976	0.00799	0	0	0.09699	0.89501
V977	0.0084	0.06758	0.17002	0.13784	0.61615
V978	0.31583	0.07653	0.30126	0.14042	0.16596
V979	0.9343	0.0657	0	0	0
V980	0.25632	0.03704	0.16489	0.12839	0.41336
V981	0.04588	0.00624	0.05798	0.0505	0.83939
V982	0.35112	0.34583	0.19138	0.01541	0.09626
V983	0.6347	0.16548	0.00535	0	0.19448
V984	0.11727	0.01299	0.14576	0.62512	0.09886
V985	0.00696	0.04984	0.11154	0.83166	0
V986	0.43549	0.05443	0.48632	0	0.02375
V987	0.02075	0.11667	0.79641	0.05117	0.015
V988	0.04698	0.01144	0.62428	0.28445	0.03285
V989	0.01175	0.00428	0	0.05193	0.93205
V990	0.07708	0.27844	0	0.13481	0.50968
V991	0.03109	0.03378	0.10959	0.04676	0.77879
V992	0.89431	0.09102	0.00607	0	0.00859
V993	0.00024	0	0.63319	0.1356	0.23097
V994	0.02542	0.88226	0.0302	0.03953	0.0226
V995	0	0.05698	0.67752	0.10107	0.16443
V996	0.00609	0	0.09628	0.56913	0.3285
V997	0.16759	0.01634	0.17763	0.02269	0.61575
