Neutrophils	Monocytes_CD14.CD16.	Macrophage	T_cells_.CD4..	NK_cells
V1	0.32532	0.13249	0.25192	0.13548	0.1548
V2	0.06249	0.78243	0.05178	0.0563	0.04699
V3	0.06326	0.00292	0.45732	0.43308	0.04341
V4	0.0023	0	0.21011	0.08173	0.70585
V5	0.00069	0	0.04454	0.12506	0.82971
V6	0.33881	0.01816	0.2783	0.22932	0.13541
V7	0.00309	0.01854	0.39798	0.09217	0.48821
V8	0.01081	0	0.9114	0.07129	0.0065
V9	0.04971	0	0.26613	0.6315	0.05266
V10	0.48376	0.0149	0.4829	0	0.01844
V11	0.02192	0.00476	0.0872	0.09504	0.79109
V12	0.06951	0	0.20871	0.30501	0.41677
V13	0.11516	0.04034	0.03095	0.40803	0.40553
V14	0.14814	0	0.06809	0.63982	0.14395
V15	0.01557	0.01968	0	0.8678	0.09695
V16	0.57239	0.08352	0.00625	0.3121	0.02574
V17	0.0545	0.22862	0.00955	0.08105	0.62627
V18	0.08911	0.43499	0.25423	0.19854	0.02313
V19	0.01355	0	0	0.13631	0.85014
V20	0	0	0.7449	0.22668	0.02842
V21	0.01741	0.24685	0.11958	0.1675	0.44866
V22	0.82801	0.08667	0.06436	0	0.02096
V23	0.05924	0.0053	0.01403	0.15178	0.76965
V24	0.42546	0.12346	0.01194	0.05395	0.38518
V25	0.01413	0.01902	0.00883	0.40592	0.55211
V26	0.45556	0.21151	0.05488	0.04388	0.23417
V27	0.12026	0.50044	0.17368	0.01731	0.1883
V28	0.02491	0.07114	0.20409	0.61754	0.08232
V29	0	0	0.33431	0.60349	0.0622
V30	0.7298	0.11472	0.02252	0.01877	0.11419
V31	0.40423	0.15427	0.00569	0.22518	0.21063
V32	0.94432	0	0.00133	0	0.05435
V33	0.01577	0.18079	0.0096	0.13214	0.6617
V34	0.12206	0.8523	0.00952	0.01136	0.00476
V35	0.09965	0.62551	0.24681	0.02595	0.00208
V36	0.02124	0.15858	0.15148	0.10796	0.56074
V37	0.72637	0	0	0.01437	0.25925
V38	0.11855	0.01252	0.4821	0.20504	0.1818
V39	0.31882	0.02585	0.32284	0.02145	0.31104
V40	0.21787	0.62943	0.01638	0.09497	0.04135
V41	0.05883	0.83466	0.01574	0.01376	0.07702
V42	0.8756	0.03782	0.01649	0	0.07009
V43	0.49527	0.12777	0.35663	0.01357	0.00676
V44	0.03833	0.28537	0.54696	0.00835	0.12099
V45	0.04619	0.67688	0.09253	0.13088	0.0535
V46	0.11761	0.76648	0.06615	0.03023	0.01953
V47	0	0	0.98791	0	0.01209
V48	0.15992	0.12867	0.21962	0.32567	0.16612
V49	0.47234	0.15423	0.22831	0.1292	0.01592
V50	0.02542	0.01171	0.96261	0	0.00026
V51	0.09569	0.25652	0.18225	0.07628	0.38926
V52	0.06317	0.90465	0.01206	0.01412	0.00599
V53	0.02383	0.18241	0.00561	0.72006	0.06808
V54	0.20121	0	0.00531	0.54355	0.24992
V55	0.0664	0	0	0.85045	0.08316
V56	0.05972	0	0	0.74697	0.19332
V57	0.15634	0.11895	0.56239	0.02774	0.13459
V58	0.05045	0	0.11617	0.21277	0.62061
V59	0.88411	0.01794	0.09035	0	0.0076
V60	0.41621	0.21481	0.12093	0.11954	0.12851
V61	0.16892	0	0.01964	0.22896	0.58248
V62	0.04935	0.00681	0.28112	0.15088	0.51185
V63	0.37477	0.2643	0.05579	0.04158	0.26356
V64	0.95525	0.01643	0.01909	0	0.00923
V65	0.0778	0.07734	0.03474	0.60588	0.20424
V66	0.01956	0	0.13323	0.76931	0.0779
V67	0.0013	0	0.31275	0.11791	0.56804
V68	0.47295	0	0.40576	0.03036	0.09093
V69	0.59916	0.12095	0.19963	0.01231	0.06794
V70	0.06811	0.71766	0.04312	0.14166	0.02945
V71	0.10005	0.7841	0.04294	0.05843	0.01447
V72	0.03772	0.37801	0.0202	0.05872	0.50535
V73	0.04799	0	0.09505	0.56817	0.28878
V74	0.0066	0.06071	0.00437	0.77224	0.15607
V75	0.48101	0.19162	0.3119	0.0011	0.01437
V76	0.00215	0	0.01375	0.8379	0.14621
V77	0.01926	0	0.94134	0.03574	0.00367
V78	0.00257	3e-05	0.98056	0.00387	0.01296
V79	0.07584	0.39215	0.03601	0.14421	0.35179
V80	0.12271	0.7313	0.00536	0.05263	0.088
V81	0.01101	0	0.98796	0	0.00103
V82	0.23109	0.1725	0.02582	0.5192	0.0514
V83	0.08738	0.07459	0.01664	0.52985	0.29154
V84	0.07734	0.14911	0.00065	0.08794	0.68496
V85	0	0	0.99372	0.00298	0.0033
V86	0.02543	0.25881	0.30491	0.37207	0.03878
V87	0.46018	0.01073	0.03882	0.43742	0.05284
V88	0.28963	0.16386	0.04618	0.19544	0.30489
V89	0.04842	0.08855	0.82778	0.033	0.00224
V90	0.01393	0.16297	0.0481	0.12942	0.64558
V91	0.00103	0	0.07892	0.84036	0.07969
V92	0.20666	0.02525	0.01935	0.085	0.66374
V93	0.00628	0.07696	0.15744	0.50805	0.25126
V94	0.03136	0.15732	0.01663	0.24609	0.5486
V95	0.05323	0.21334	0.01665	0.12806	0.58873
V96	0.78932	0.00356	0.02153	0.02289	0.1627
V97	0.13765	0.0153	0.03556	0.14265	0.66885
V98	0.05391	0.36883	0.16881	0.12877	0.27968
V99	0.49633	0.14267	0	0.21286	0.14815
V100	0.51484	0.16729	0.04622	0.05562	0.21604
V101	0.07099	0.89185	0.01874	0.01317	0.00526
V102	0.29683	0.24649	0.12979	0.10821	0.21867
V103	0.09682	0	0	0.09468	0.80851
V104	0.04712	0.39138	0.07545	0.05536	0.43069
V105	0.00362	0	0.03109	0.13329	0.832
V106	0.06071	0.75194	0.14036	0.01232	0.03467
V107	0.05456	0.21197	0.68109	0.04137	0.011
V108	0.02269	0.16712	0.8102	0	0
V109	0.05266	0.2072	0.05021	0.27618	0.41374
V110	0.17652	0.52012	0.17894	0.10097	0.02345
V111	0.2933	0.22808	0.47862	0	0
V112	0.16402	0	0.09854	0.46996	0.26748
V113	0.21033	0	0.09143	0.17019	0.52804
V114	0.56313	0.07927	0.04528	0.16869	0.14364
V115	0.8705	0	0	0.00428	0.12522
V116	0.00269	0	0	0.11219	0.88512
V117	0.0512	0	0.83572	0.07894	0.03414
V118	0.03461	0	0	0.85963	0.10576
V119	0.34082	0.00979	0.40434	0.2302	0.01486
V120	0.00561	0	0.83615	0.10985	0.04839
V121	0.18762	0.72552	0.0045	0.0148	0.06757
V122	0.03624	0.38583	0.07985	0.22802	0.27006
V123	0.47924	0.03795	0.07057	0.19188	0.22036
V124	0.19403	0.10356	0.05475	0.23008	0.41757
V125	0.05018	0.45485	0.48128	0.00479	0.0089
V126	0.14558	0.17715	0.20648	0.12652	0.34426
V127	0.28565	0	0.66565	0.03979	0.00891
V128	0.19953	0.76504	0.01414	0.00271	0.01858
V129	0.25803	0.02423	0.26312	0.18015	0.27447
V130	0.03654	0.50518	0.04044	0.2152	0.20264
V131	0.00887	0	0.23462	0.69583	0.06068
V132	0.33126	0.01149	0	0.33888	0.31837
V133	0.00243	0.03531	0.53794	0.10465	0.31968
V134	0.07421	0.0039	0.79731	0.02588	0.09869
V135	0.02506	0.08345	0.73022	0.03149	0.12978
V136	0.98378	0	0.00414	0	0.01207
V137	0.91091	0.03268	0.00138	0.01641	0.03863
V138	0.22834	0.13672	0.07086	0.14924	0.41483
V139	0.11268	0	0.15582	0.66685	0.06465
V140	0.014	0	0.13072	0.08951	0.76577
V141	0.02268	0.21421	0.65452	0.09275	0.01584
V142	0.19686	0	0.31433	0.14295	0.34586
V143	0.01974	0.18839	0.47415	0.14699	0.17073
V144	0.49334	0.23167	0.06551	0.11245	0.09703
V145	0.00173	0	0.96125	0.01352	0.02351
V146	0.03463	0.34282	0.00521	0.30231	0.31503
V147	0.09907	0.05048	0.70367	0.10316	0.04362
V148	0.15477	0.77975	0.0139	0.03082	0.02075
V149	0.0036	0	0	0.85646	0.13994
V150	0.14918	0.18733	0.58346	0	0.08004
V151	0.4262	0.00927	0.00488	0.39968	0.15997
V152	0.0061	0	0.10925	0.7363	0.14835
V153	0.17118	0.17943	0.45042	0.05278	0.14619
V154	0.11515	0.58355	0.02395	0.04616	0.2312
V155	0.02973	0	0.1326	0.76078	0.07689
V156	0.09288	0.00974	0.38928	0.16585	0.34225
V157	0.08209	0.02868	0.15823	0.28695	0.44405
V158	0.18445	0	0.42895	0.06361	0.32299
V159	0.10942	0.23481	0.01167	0.55953	0.08457
V160	0.43479	0.16206	0.08863	0.0541	0.26042
V161	0.18524	0.00621	0.05036	0.07331	0.68488
V162	0.00341	0.00175	0.99278	0	0.00207
V163	0.0368	0	0.00375	0.1241	0.83535
V164	0.93133	0.05484	0.01147	0	0.00236
V165	0.59884	0.22534	0.08162	0.04186	0.05234
V166	0.04507	0	0.23718	0.57763	0.14011
V167	0.04482	0.63816	0.01995	0.12865	0.16841
V168	0.00341	0.00175	0.99278	0	0.00207
V169	0.06589	0.68895	0.1496	0.07298	0.02257
V170	0.23582	0.39779	0.05274	0.18085	0.13279
V171	0.31633	0.0786	0.3676	0.17117	0.0663
V172	0.16161	0.21194	0.06173	0.06525	0.49947
V173	0.20294	0.10086	0.08605	0.39423	0.21591
V174	0.20172	0	0.34592	0.20686	0.2455
V175	0.06659	0.13151	0.10827	0.19872	0.49491
V176	0.37129	0.00962	0	0.57006	0.04903
V177	0.20368	0.01549	0.59208	0.16958	0.01917
V178	0.28761	0.02902	0.46841	0.11266	0.10231
V179	0.07597	0	0	0.09779	0.82624
V180	0.01924	0	0.31803	0.06513	0.5976
V181	0.05693	0.25714	0	0.10515	0.58078
V182	0.55181	0.245	0.00178	0.14632	0.05509
V183	0.07993	0.88873	0.01116	0.00718	0.013
V184	0.32636	0	0.30386	0.31933	0.05045
V185	0.10084	0.47918	0.02228	0.1465	0.2512
V186	0.12193	0.17469	0.02373	0.25719	0.42247
V187	0.0854	0.69602	0.0054	0.18706	0.02612
V188	0.85366	0.02781	0.03136	0.07228	0.01488
V189	0.44838	0.25918	0.03321	0.23258	0.02665
V190	0.40198	0.05792	0.20821	0.03437	0.29752
V191	0.20765	0.23272	0.00109	0.4002	0.15834
V192	0.31311	0.19605	0.12246	0.20735	0.16103
V193	0.07233	0.19898	0.5104	0.05021	0.16807
V194	0.23984	0.03873	0.07714	0.13484	0.50946
V195	0.58044	0.17628	0.23734	0	0.00594
V196	0	0	0.04211	0.12523	0.83267
V197	0.07792	0.86416	0.00932	0.034	0.0146
V198	0.21355	0.22411	0.03143	0.20795	0.32296
V199	0.78104	0	0.21896	0	0
V200	0.7495	0	0.02422	0.02678	0.19951
V201	0.0273	0	0.01484	0.68793	0.26993
V202	0.92487	0.06304	0	0	0.01209
V203	0.51179	0.26247	0.02433	0.05541	0.146
V204	0.30513	0.0697	0.02607	0.05239	0.54672
V205	0.0976	0.01514	0.10356	0.12594	0.65776
V206	0.0398	0.10271	0	0.74689	0.1106
V207	0.01557	0.01968	0	0.8678	0.09695
V208	0.16147	0.21499	0.47141	0.04808	0.10405
V209	0.13641	0.00535	0.08426	0.09592	0.67805
V210	0	0	0.98313	0.00369	0.01318
V211	0.13926	0.00621	0.18476	0.0819	0.58788
V212	0.07013	0.75048	0.07444	0.04309	0.06186
V213	0.08065	0	0.04821	0.27684	0.59431
V214	0.03746	0.5504	0.36958	0.01569	0.02686
V215	0.23532	0.21793	0.12721	0.0967	0.32285
V216	0.04971	0.01689	0.30631	0.08775	0.53934
V217	0	0	0.01947	0.80742	0.17311
V218	0.07299	0.18721	0.28446	0.33116	0.12417
V219	0.13409	0.27741	0.38305	0.1846	0.02085
V220	0.18959	0.73556	0.0581	0.00703	0.00972
V221	0.04208	0.04336	0.47666	0.04608	0.39183
V222	0.01076	0	0	0.11656	0.87268
V223	0.54492	0	0.32151	0.11082	0.02276
V224	0.04754	0.53356	0.0245	0.0988	0.2956
V225	0.70514	0.16842	0.1232	0	0.00324
V226	0.4439	0.5463	0.00065	0	0.00915
V227	0.09071	0.27773	0.00464	0.54304	0.08389
V228	0.60137	0.0167	0.27426	0.06215	0.04553
V229	0.26958	0.40389	0.25302	0.0388	0.03471
V230	0.00806	0	0	0.1168	0.87514
V231	0.07016	0.61074	0.05849	0.16027	0.10034
V232	0.81627	0	0.18373	0	0
V233	0.04855	0.00534	0.13118	0.14543	0.6695
V234	0.0248	0.38766	0.20878	0.32526	0.0535
V235	0.97725	0.00789	0	0.00707	0.00779
V236	0.08211	0	0.65398	0.19213	0.07177
V237	0.12063	0.0679	0.2602	0.31648	0.2348
V238	0.00135	0	0	0.30604	0.69261
V239	0.06703	0.39819	0.04473	0.18049	0.30955
V240	0.07509	0.82404	0.01486	0.02462	0.06138
V241	0.06324	0.9034	0.01181	0.00802	0.01353
V242	0.0398	0.32602	0.28885	0.25991	0.08542
V243	0.48221	0	0.32514	0.03109	0.16156
V244	0.03671	0.39595	0.1767	0.09822	0.29242
V245	0.06097	0.8745	0.03245	0.02632	0.00576
V246	0.58846	0.27874	0.02439	0.00638	0.10203
V247	0.20292	0.08582	0.62752	0.04681	0.03694
V248	0.09638	0.58766	0.02449	0.03572	0.25574
V249	0.23914	0.05377	0.19286	0.12152	0.3927
V250	0.02079	0.01247	0.63909	0.05571	0.27194
V251	0.21254	0.0137	0.08858	0.57897	0.10621
V252	0.02477	0.10877	0.54582	0.15663	0.16401
V253	0.28671	0.57716	0.07855	0.03871	0.01886
V254	0.50033	0.40438	0	0.07186	0.02343
V255	0.80217	0.08299	0	0.01696	0.09789
V256	0.052	0.73684	0.02079	0.02857	0.16179
V257	0.43181	0.30779	0.13802	0.03436	0.08802
V258	0.16016	0.34108	0.04565	0.41101	0.0421
V259	0.5278	0.28074	0.16983	0	0.02163
V260	0.2376	0.01821	0.09401	0.12062	0.52956
V261	0.02	0.00239	0.51144	0.2957	0.17048
V262	0.91893	0.02273	0.04904	0	0.00931
V263	0.79901	0.08767	0.00845	0.09556	0.00932
V264	0.07759	0.85933	0.01657	0.03969	0.00682
V265	0.82615	0.08762	0.07359	0.00405	0.00859
V266	0.00614	0	0.06539	0.11348	0.81499
V267	0.03684	0	0	0.20641	0.75675
V268	0.19563	0.44015	0.13399	0.1658	0.06442
V269	0.0926	0.33116	0.34809	0.17982	0.04833
V270	0.04332	0	0.02988	0.84656	0.08024
V271	0.21627	0.71355	0.01096	0.02374	0.03549
V272	0.10927	0.79774	0.02839	0.02078	0.04383
V273	0.28317	0.00268	0.17371	0.32867	0.21178
V274	0.07989	0.02564	0.02935	0.23142	0.6337
V275	0.05726	0.69769	0.14097	0.08068	0.0234
V276	0.008	0	0.71298	0.23132	0.04771
V277	0.37464	0	0.59511	0	0.03025
V278	0.00235	0.02264	0.33837	0.45283	0.1838
V279	0.13885	0	0.00818	0.72712	0.12586
V280	0.18583	0.01358	0.03305	0.60504	0.1625
V281	0.02614	0.23599	0.04008	0.63264	0.06514
V282	0.07158	0.89613	0.01151	0.00756	0.01322
V283	0.32874	0	0.09849	0.06709	0.50567
V284	0.02592	0.11178	0.50768	0.03113	0.32349
V285	0.49147	0.47545	0	0.02138	0.01169
V286	0.08784	0.00565	0.86354	0.03224	0.01073
V287	0.23662	0.057	0.16258	0.29261	0.25118
V288	0.20342	0	0.62998	0.01226	0.15434
V289	0.15488	0.23758	0.01949	0.53501	0.05304
V290	0.41476	0.45954	0.1257	0	0
V291	0.40066	0.22537	0.00065	0.33716	0.03616
V292	0.11196	0.00844	0.38786	0.07071	0.42101
V293	0.00643	0.1009	0.82331	0.04611	0.02324
V294	0.00226	0	0	0.11189	0.88586
V295	0.01136	0.01219	0.33066	0.51035	0.13544
V296	0.84192	0.11799	0	0.00317	0.03692
V297	0.01855	0	0.79424	0.12806	0.05914
V298	0.28229	0	0	0.54079	0.17692
V299	0.26129	0	0.00528	0.67426	0.05917
V300	0.98477	0.00899	0	0	0.00624
V301	0.96824	0	0.00206	0.01445	0.01525
V302	0.00141	0	0	0.41378	0.58481
V303	0.10137	0.16348	0.20049	0.19026	0.3444
V304	0.19851	0.01442	0.76273	0	0.02433
V305	0.19609	0.31364	0.08356	0.11799	0.28872
V306	0.31016	0.65486	0.00255	0.01325	0.01918
V307	0.23788	0	0.27527	0.45274	0.0341
V308	0.24425	0	0.67785	0.06669	0.0112
V309	0.63835	0.06502	0.04532	0.11463	0.13668
V310	0.02332	0.00621	0.00017	0.16722	0.80308
V311	0.00856	0	0.03841	0.8594	0.09363
V312	0.08336	0.23369	0.22781	0.04142	0.41373
V313	0.05993	0.29255	0.01112	0.3073	0.3291
V314	0.07031	0	0	0.38571	0.54398
V315	0.95445	0	0.0095	0	0.03606
V316	0.11417	0.55168	0.2318	0.03266	0.06969
V317	0.39599	0.07098	0.51183	0	0.0212
V318	0.90248	0	0	0	0.09752
V319	0.11179	0.0407	0.84173	0.00577	0
V320	0.0732	0	0	0.8364	0.0904
V321	0.13716	0.3417	0.29665	0.18537	0.03912
V322	0.01522	0.25477	0.55649	0.05534	0.11819
V323	0.25263	0.21127	0.42488	0.02128	0.08994
V324	0.03508	0.03882	0.03913	0.80281	0.08416
V325	0.62411	0.10959	0.08126	0.10748	0.07755
V326	0.03834	0	0.04493	0.18688	0.72986
V327	0.31732	0.49123	0.10214	0.02157	0.06774
V328	0.0491	0.30082	0.16068	0.4359	0.0535
V329	0.00238	0.03761	0.39866	0.50869	0.05266
V330	0.08667	0.00532	0.85238	0	0.05563
V331	0.11703	0.00552	0.07704	0.14175	0.65866
V332	0.4785	0.03845	0.45363	0	0.02942
V333	0.41113	0.02015	0.30729	0.15569	0.10574
V334	0.04801	0.28194	0.5413	0.07845	0.05031
V335	0.70856	0.05429	0.07857	0.0328	0.12578
V336	0.16475	0.5755	0.24479	0	0.01496
V337	0.00125	0	0.00574	0.21266	0.78036
V338	0.71679	0.01265	0.15033	0.01459	0.10563
V339	0.20417	0.53553	0.1724	0.00441	0.08349
V340	0.02961	0.14485	0.09718	0.10866	0.6197
V341	0.03279	0.48123	0.41208	0.01188	0.06201
V342	0.30141	0.14766	0.4489	0.09719	0.00484
V343	0.70741	0	0.29259	0	0
V344	0.1047	0.73661	0.04179	0.03129	0.08561
V345	0.19714	0.03802	0	0.29468	0.47017
V346	0.0394	0.31684	0.31054	0.27553	0.05768
V347	0.08575	0.52912	0.02487	0.29178	0.06848
V348	0.01659	0.12983	0.43994	0.24147	0.17217
V349	0.06955	0.29845	0.51014	0.02046	0.10141
V350	0.10923	0.4191	0.0799	0.22348	0.16829
V351	0.18108	0.01487	0.44727	0.31567	0.0411
V352	0.11466	0.54022	0.33287	0.00413	0.00812
V353	0.23274	0.32237	0.03211	0.069	0.34379
V354	0.5786	0.00401	0.41739	0	0
V355	0.08559	0.00218	0.34613	0.51591	0.05018
V356	0.09792	0.00549	0.84026	0.01827	0.03806
V357	0.04092	0.02146	0.49058	0.06132	0.38571
V358	0.02457	0.02874	0.0309	0.82761	0.08818
V359	0.05095	0.1164	0.00413	0.75749	0.07102
V360	0.71617	0.04701	0.08995	0.13711	0.00975
V361	0.32464	0.48588	0.08374	0.00478	0.10097
V362	0.81461	0	0.09397	0	0.09142
V363	0.02367	0.01586	0.00011	0.2009	0.75946
V364	0.03999	0.28981	0.02064	0.41702	0.23254
V365	0.00297	0	0.00587	0.87174	0.11942
V366	0.21253	0.02643	0.60097	0.06232	0.09775
V367	0.22126	0.22082	0.2012	0.16803	0.18869
V368	0.748	0.08765	0.12361	0.00058	0.04017
V369	0.05199	0.64566	0.22418	0.07188	0.0063
V370	0.02021	0.149	0.11423	0.35912	0.35743
V371	0.07016	0.87251	0.04806	0.0053	0.00398
V372	0.6543	0.06813	0.14578	0.10046	0.03133
V373	0.12146	0.65501	0.12358	0.08508	0.01487
V374	0.09897	0.03809	0.39175	0.43769	0.03351
V375	0.31607	0	0.61871	0.06305	0.00216
V376	0.00435	0	0.37058	0.06738	0.55768
V377	0.09373	0.51483	0.20135	0.16917	0.02092
V378	0.13272	0.5406	0.16457	0.0132	0.14892
V379	0.01684	0	0.09245	0.14244	0.74826
V380	0.01363	0.04267	0.16651	0.4937	0.28349
V381	0.12668	0.03275	0	0.08639	0.75418
V382	0.39101	0	0	0.29769	0.31129
V383	0.0287	0	0.27721	0.63964	0.05445
V384	0.28998	0.03915	0.16688	0.41467	0.08933
V385	0.07314	0.08023	0	0.08951	0.75711
V386	0.66881	0.00895	0	0.29643	0.02581
V387	0.26704	0.01623	0.00022	0.63315	0.08337
V388	0.06631	0.82066	0.03714	0.06039	0.0155
V389	0.12559	0.75849	0.01952	0.03536	0.06104
V390	0.1703	0	0	0.66048	0.16922
V391	0.69435	0.16448	0	0.0666	0.07457
V392	0.95489	0.0371	0.00421	0	0.00381
V393	0.09517	0.01192	0.1468	0.52487	0.22125
V394	0.71304	0.00369	0.02079	0.15092	0.11156
V395	0	0	0.38388	0.55848	0.05764
V396	0.56189	0.01433	0.42251	0	0.00127
V397	0.66737	0.14803	0.03152	0.10262	0.05046
V398	0.05595	0	0.16463	0.6344	0.14502
V399	0.03331	0.01525	0	0.29273	0.6587
V400	0.16727	0.53988	0.15203	0.13107	0.00975
V401	0.33136	0	0.6471	0.02155	0
V402	0.38122	0.01774	0.45061	0.06449	0.08593
V403	0.13078	0.06142	0	0.17754	0.63026
V404	0.00175	0.03913	0.49259	0.38472	0.08181
V405	0.33699	0.27222	0.0674	0.2065	0.11688
V406	0.02444	0.00941	0.94636	0	0.01979
V407	0.89737	0.03939	0.0333	0.02579	0.00415
V408	0.03658	0.37104	0.00567	0.25174	0.33497
V409	0.10328	0	0.0595	0.66769	0.16952
V410	0.1188	0.11918	0.30454	0.0746	0.38289
V411	0.00244	0	0	0.11877	0.8788
V412	0.01963	0.12395	0.11382	0.09039	0.6522
V413	0.02618	0.25558	0.14656	0.35272	0.21895
V414	0.03727	0.07942	0	0.4541	0.42921
V415	0.13354	0	0	0.08827	0.77819
V416	0.09256	0.07434	0.0139	0.18841	0.6308
V417	0.00821	0	0.78052	0.13103	0.08024
V418	0.52817	0.41024	0.02002	0.00792	0.03364
V419	0.2201	0.00731	0.01197	0.16299	0.59763
V420	0.20009	0	0.08602	0.0989	0.61499
V421	0	0	0.10988	0.12291	0.76721
V422	0.01232	0.00319	0.04659	0.69781	0.24009
V423	0.2947	0.19449	0.28873	0.18388	0.0382
V424	0	0	0.45735	0.05211	0.49054
V425	0.31107	0.37475	0	0.03256	0.28162
V426	0.23049	0.19184	0.01674	0.43868	0.12225
V427	0.20704	0.63876	0.14671	0	0.0075
V428	0.10035	0.64562	0.07402	0.08811	0.09191
V429	0.12642	0.77582	0.00587	0.06043	0.03147
V430	0.02937	0	0.39662	0.20776	0.36625
V431	0.1176	0.38113	0.19588	0.23355	0.07185
V432	0.29814	0.06018	0.12323	0.34109	0.17736
V433	0.20086	0	0.53436	0.22207	0.04271
V434	0.24311	0.28587	0.36784	0.01478	0.08841
V435	0.56647	0.03779	0.36971	0.01889	0.00714
V436	0.06752	0.58141	0.09726	0.06305	0.19076
V437	0.16998	0.00706	0.02012	0.20549	0.59736
V438	0.13644	0.31579	0.19655	0.26635	0.08487
V439	0.62026	0	0.04287	0.29644	0.04043
V440	0.03345	0.35224	0.54315	0.01672	0.05444
V441	0.04647	0.54304	0.37185	0.02802	0.01062
V442	0.0718	0.89756	0.0192	0.00651	0.00494
V443	0.96245	0	0.00175	0.02825	0.00756
V444	0.15317	0.45174	0.03087	0.30411	0.06012
V445	0.07005	0.4319	0.04022	0.40562	0.05221
V446	0.10675	0.02308	0.09801	0.55949	0.21267
V447	0.05777	0	0.0052	0.45294	0.48409
V448	0.13902	0	0.00926	0.09944	0.75227
V449	0.00341	0.00175	0.99278	0	0.00207
V450	0.19829	0.07767	0.2386	0.15118	0.33426
V451	0.26711	0.20643	0.05825	0.32729	0.14093
V452	0.00891	0	0.16214	0.7149	0.11405
V453	0.01368	0	0	0.46092	0.5254
V454	0.00785	0	0.67376	0.0478	0.27058
V455	0.06219	0.21521	0.2617	0.07667	0.38423
V456	0.94465	0.00479	0	0.00999	0.04056
V457	0.65373	0.22051	0.03213	0.0484	0.04522
V458	0.03397	0.3656	0.49789	0.05439	0.04816
V459	0.12914	0.05352	0.04956	0.47892	0.28887
V460	0.68578	0.03547	0.20151	0.05036	0.02687
V461	0.18392	0.29921	0.23269	0.03483	0.24935
V462	0.04604	0.07259	0.00883	0.49423	0.37831
V463	0.21391	0.059	0.00888	0.65282	0.06539
V464	0.17181	0.17709	0.63845	0.00555	0.0071
V465	0.03653	0.08075	0.00774	0.10732	0.76765
V466	0.0165	0	0	0.1751	0.8084
V467	0.05813	0.26494	0.02082	0.51523	0.14089
V468	0.54827	0.31597	0.10708	0	0.02868
V469	0.02333	0.32588	0.0535	0.2721	0.32518
V470	0.83908	0.05751	0.02398	0.06495	0.01448
V471	0.37243	0.30451	0.02519	0.13956	0.15831
V472	0.00594	0.01522	0.03174	0.10449	0.84262
V473	0.03286	0.21449	0.23848	0.30767	0.2065
V474	0.28986	0.14091	0.05897	0.4296	0.08067
V475	0.16213	0.01137	0.59282	0.0415	0.19217
V476	0.15384	0.02483	0.09917	0.60324	0.11892
V477	0.06343	0.90487	0.01955	0.00692	0.00523
V478	0.14723	0	0	0.08656	0.76621
V479	0.8405	0.05709	0.03192	0.05698	0.01352
V480	0.14069	0.6577	0.05675	0.10338	0.04148
V481	0.23492	0.37663	0.06051	0.17573	0.15221
V482	0.12135	0.6798	0.18182	0.00059	0.01645
V483	0.30419	0.54156	0	0.0953	0.05894
V484	0.21871	0.52516	0.11488	0.11626	0.025
V485	0.66211	0.07962	0.11758	0.10851	0.03218
V486	0.06142	0.05788	0.27363	0.05786	0.54922
V487	0.13821	0.12469	0.41899	0.2885	0.02961
V488	0.39778	0.0671	0	0.33251	0.20261
V489	0.01394	0.22281	0.67042	0.06932	0.02351
V490	0.00848	0	0.76655	0.19943	0.02554
V491	0.04177	0.4496	0.04593	0.11974	0.34296
V492	0.03091	0.14806	0.03005	0.6983	0.09268
V493	0.01063	0	0.0026	0.88674	0.10003
V494	0.31705	0	0.01128	0.53796	0.13372
V495	0.32878	0.22486	0.21253	0.15985	0.07397
V496	0.11571	0.01423	0.0434	0.0838	0.74285
V497	0.08854	0.01573	0.13143	0.15272	0.61159
V498	0.08564	0.84237	0.03043	0.01372	0.02784
V499	0.04255	0.21167	0.24245	0.09643	0.40689
V500	0.11332	0.49955	0.10797	0.20173	0.07744
V501	0.06824	0.30069	0.01049	0.07069	0.54989
V502	0.1368	0.7861	0.04397	0.02884	0.0043
V503	0.44065	0.00655	0.20667	0.1474	0.19873
V504	0.44864	0.20214	0	0.03234	0.31688
V505	0.60138	0	0.01745	0.09914	0.28204
V506	0.03636	0.50079	0.06245	0.04769	0.35272
V507	0.84926	0	0.02685	0.0826	0.04128
V508	0.04234	0.62974	0.20368	0.04405	0.08019
V509	0.06065	0.46309	0.13517	0.18754	0.15355
V510	0.39795	0.51028	0.04508	0.03566	0.01102
V511	0.07076	0.31188	0.50279	0.04026	0.07432
V512	0.14942	0.45912	0.16714	0.05733	0.16699
V513	0.17015	0.67766	0.07277	0.0435	0.03592
V514	0.00473	0	0.1953	0.10913	0.69083
V515	0.0733	0.13598	0	0.72335	0.06737
V516	0.16111	0.37928	0.10848	0.30984	0.04129
V517	0.01391	0.02827	0.0498	0.82129	0.08673
V518	0.42613	0.00924	0.33192	0.18468	0.04802
V519	0.79293	0.06547	0.00083	0.12083	0.01995
V520	0.08475	0.83253	0.02295	0.0525	0.00727
V521	0.20602	0	0.13363	0.60286	0.05749
V522	0.05133	0.19353	0.56817	0.13133	0.05563
V523	0.15562	0.03892	0.75879	0.03701	0.00966
V524	0.34707	0.01506	0.57095	0	0.06692
V525	0.01571	0.17896	0.02474	0.09088	0.68971
V526	0.04482	0.01762	0.87657	0.02088	0.0401
V527	0.09149	0.48569	0.38427	0.01311	0.02543
V528	0.14805	0	0.01519	0.76717	0.06958
V529	0.22047	0.01502	0.74978	0	0.01473
V530	0.02258	0.00759	0.88958	0.04694	0.03331
V531	0.17138	0.51334	0.08603	0.03228	0.19696
V532	0.06428	0.24808	0.27717	0.03737	0.3731
V533	0.23327	0	0	0.07438	0.69234
V534	0.12339	0.06813	0	0.71467	0.09382
V535	0.81721	0.12868	0.04894	0	0.00517
V536	0.12315	0.17067	0.3691	0.05405	0.28302
V537	0.01463	0.00609	0.0082	0.10729	0.86379
V538	0.59653	0.11085	0	0.04364	0.24898
V539	0.01737	0.14399	0.65202	0.10186	0.08476
V540	0.15873	0.46758	0.08595	0.06451	0.22323
V541	0.03776	0.38158	0.02032	0.0774	0.48294
V542	0.04276	0.35024	0.11113	0.39772	0.09815
V543	0.06708	0.09622	0.67522	0.05208	0.10941
V544	0.32928	0.19273	0.17551	0.07572	0.22675
V545	0.60901	0.38322	0.0062	0	0.00157
V546	0.07926	0.76368	0.08257	0.01519	0.0593
V547	0.09924	0.77143	0.00567	0.08952	0.03414
V548	0.007	0.0638	0.00539	0.83248	0.09134
V549	0.00098	0	0.01342	0.2251	0.7605
V550	0.05786	0.82583	0.09334	0.0115	0.01147
V551	0.01172	0	0	0.8956	0.09268
V552	0.19349	0	0.01129	0.10416	0.69105
V553	0.78164	0.00559	0.01384	0.13516	0.06377
V554	0.11072	0.03927	0.50187	0.30693	0.04121
V555	0.06114	0.88289	0.01797	0.00906	0.02894
V556	0.07693	0.0477	0.05415	0.70061	0.12061
V557	0.3028	0.2612	0.03359	0.32251	0.0799
V558	0.01054	0.00573	0.79739	0.14536	0.04098
V559	0.10787	0.42618	0.42698	0.00557	0.0334
V560	0.61745	0.25143	0.13112	0	0
V561	0.70189	0	0.13389	0.0124	0.15182
V562	0.1105	0.03663	0.14088	0.13879	0.57321
V563	0.20873	0.2618	0.19888	0.11793	0.21265
V564	0.33458	0.01423	0.05522	0.34355	0.25241
V565	0.00163	0	0.00583	0.13742	0.85513
V566	0.28157	0.14478	0.02219	0.31698	0.23449
V567	0.02076	0	0.96921	0	0.01003
V568	0.03337	0.22865	0.43148	0.28473	0.02176
V569	0.62784	0.10118	0.1086	0.11202	0.05037
V570	0.13173	0.0129	0.28851	0.45028	0.11657
V571	0.25819	0	0.23614	0.33681	0.16886
V572	0.83069	0	0	0.00914	0.16017
V573	0.07637	0.0587	0.34115	0.37132	0.15246
V574	0.51081	0.30497	0.0752	0.07909	0.02992
V575	0.33915	0.01288	0.11147	0.08433	0.45216
V576	0.05936	0.84446	0.01605	0.01873	0.0614
V577	0.39776	0.51037	0.03703	0.04306	0.01177
V578	0.0279	0.15839	0.51949	0.21961	0.0746
V579	0.03488	0.50773	0.30651	0.03304	0.11783
V580	0.20758	0.55409	0.01574	0.18226	0.04032
V581	0.06237	0.49028	0.3616	0.07231	0.01344
V582	0.00474	0.03574	0.95408	0.00282	0.00261
V583	0.63317	0.00473	0.35338	0.00871	0
V584	0.21336	0.50166	0.10287	0.03932	0.14279
V585	0.06117	0.75107	0.06664	0.05769	0.06343
V586	0.05296	0.76897	0.15858	0.01612	0.00337
V587	0.0634	0.65797	0.01265	0.0473	0.21868
V588	0.23213	0.40811	0.35481	0	0.00495
V589	0.10034	0.4237	0.04762	0.37096	0.05738
V590	0.06167	0.75062	0.0067	0.02792	0.15309
V591	0.44387	0.50921	0.03768	0.00039	0.00886
V592	0.01482	0	0.75345	0.0457	0.18603
V593	0.41442	0	0	0.48666	0.09891
V594	0.00604	0.12202	0.65731	0.14566	0.06897
V595	0.52511	0.04091	0.06399	0.30189	0.06811
V596	0.45699	0.19797	0.20763	0.10575	0.03165
V597	0.02384	0.17231	0.00189	0.16003	0.64193
V598	0.54505	0	0	0.03353	0.42142
V599	0.07867	0.41583	0.09185	0.34941	0.06425
V600	0.27379	0.00269	0.18652	0.37561	0.16139
V601	0.13063	0.09434	0.00019	0.46066	0.31418
V602	0.8187	0.1787	0	0	0.00259
V603	0.11558	0.12633	0.022	0.17048	0.56561
V604	0.02039	0.00299	0.71401	0.11121	0.15139
V605	0.02356	0.04417	0.11394	0.13281	0.68552
V606	0.82224	0	0	0.00986	0.16789
V607	0.14107	0.0917	0.01349	0.08249	0.67126
V608	0.74635	0.01354	0.02895	0.07914	0.13202
V609	0.17957	0.3229	0.0108	0.37198	0.11475
V610	0.09257	0.66401	0.0124	0.20397	0.02705
V611	0.28042	0.0144	0.62685	0.0159	0.06244
V612	0.37032	0.03818	0.30419	0.02967	0.25763
V613	0.39387	0.544	0.03809	0.0213	0.00273
V614	0.50544	0.02411	0.01082	0.09529	0.36434
V615	0.00715	0.08841	0.12885	0.55267	0.22292
V616	0.66728	0	0.15276	0.12824	0.05172
V617	0.22602	0.06264	0.46335	0.09455	0.15344
V618	0.70986	0.09318	0.06249	0.01158	0.12289
V619	0.52844	0.0342	0.14853	0.02176	0.26708
V620	0.04201	0.01381	0.36885	0.52338	0.05195
V621	0.13457	0.2097	0.2793	0.0315	0.34492
V622	0.02196	0.19108	0.32762	0.05038	0.40895
V623	0.06151	0	0	0.6711	0.26738
V624	0.90356	0	0	0.01363	0.08281
V625	0.00538	0.06052	0.0963	0.75923	0.07857
V626	0.07475	0.01608	0.56894	0.28964	0.0506
V627	0.09542	0.13743	0.10449	0.08432	0.57835
V628	0.96032	0.01666	0.00308	0.01353	0.00641
V629	0.13086	0.23395	0.61237	0.01471	0.00811
V630	0.01472	0.15927	0.01682	0.1008	0.70839
V631	0	0	0.24445	0.08385	0.6717
V632	0.06105	0.74099	0.01336	0.04612	0.13848
V633	0.0472	0	0.08376	0.51237	0.35668
V634	0.39953	0.45635	0.14412	0	0
V635	0.03505	0.08515	0.16702	0.08513	0.62765
V636	0.19766	0.16885	0.31022	0.18308	0.14018
V637	0.21605	0.00176	0.42069	0.24376	0.11774
V638	0.07934	0.4465	0.02125	0.10464	0.34827
V639	0.5073	0.41183	0.07544	0	0.00543
V640	0.10148	0.17792	0.07476	0.2405	0.40535
V641	0.10489	0.71383	0.02707	0.1185	0.03572
V642	0.73997	0.03717	0	0.20471	0.01815
V643	0.06759	0.83388	0.06943	0.02447	0.00463
V644	0.05143	0.44848	0.02411	0.40503	0.07095
V645	0.16226	0.74063	0.01948	0.0701	0.00753
V646	0.13561	0.5378	0.03189	0.20766	0.08704
V647	0.94807	0	0.00082	0.04284	0.00827
V648	0.42578	0.11128	0	0.26782	0.19512
V649	0.24421	0.08142	0.06917	0.13753	0.46766
V650	0.01831	0	0.05597	0.84546	0.08026
V651	0.14212	0.22245	0	0.58507	0.05036
V652	0.36195	0	0.03128	0.54336	0.06341
V653	0.34134	0.00647	0.04932	0.51333	0.08954
V654	0.02686	0.06051	0	0.13965	0.77298
V655	0.15872	0.05024	0.31197	0.43666	0.04241
V656	0.09461	0	0	0.16138	0.74401
V657	0.04483	0.49341	0.03267	0.29458	0.13451
V658	0.02346	0.02205	0.02647	0.58854	0.33947
V659	0.01252	0.01513	0.07589	0.75611	0.14036
V660	0.05999	0.31288	0.01812	0.0883	0.52071
V661	0.05432	0.64644	0.01973	0.16125	0.11826
V662	0.04005	0.40813	0.02108	0.05503	0.47571
V663	0.99054	0.00061	0.00502	0	0.00384
V664	0.01415	0	0.10535	0.39534	0.48516
V665	0.04225	0.6265	0.20547	0.07725	0.04853
V666	0.10321	0.83696	0.04595	0.01028	0.0036
V667	0.04689	0.54571	0.25504	0.09364	0.05872
V668	0.62292	0.25401	0.049	0.04642	0.02765
V669	0.44676	0.32086	0.02579	0.0847	0.12189
V670	0.09796	0.60949	0.0478	0.04934	0.19541
V671	0.77935	0	0.19693	0.01587	0.00785
V672	0.08374	0.05981	0.08264	0.31185	0.46196
V673	0.00612	0.00577	0	0.17758	0.81053
V674	0.37136	0.09271	0.49861	0	0.03732
V675	0.67822	0	0.03478	0.14709	0.13992
V676	0.25739	0.09591	0.49244	0.00453	0.14973
V677	0.04728	0.27843	0.22041	0.3587	0.09519
V678	0.04967	0.29063	0.01069	0.08806	0.56094
V679	0.01043	0.00318	0.47499	0.46328	0.04812
V680	0.1482	0	0.01104	0.3519	0.48886
V681	0.51746	0.02911	0.03701	0.2895	0.12691
V682	0.00341	0.00175	0.99278	0	0.00207
V683	0.07199	0.17451	0.62437	0.00647	0.12266
V684	0.05563	0	0.00342	0.85774	0.08322
V685	0.01132	0.00791	0.86456	0.09835	0.01785
V686	0.27524	0.61746	0.07154	0.01821	0.01755
V687	0	0	0.60159	0.34932	0.04909
V688	0.00214	0	0.96983	0.00487	0.02316
V689	0.49022	0.05012	0.1947	0.10497	0.15999
V690	0.11111	0.82876	0.0228	0.02468	0.01265
V691	0.13712	0.13594	0.04457	0.59495	0.08742
V692	0.06534	0.01522	0.01037	0.73824	0.17083
V693	0.03454	0.5052	0.42102	0.02836	0.01088
V694	0.08505	0.20115	0.03657	0.55316	0.12406
V695	0.11259	0.09672	0.13052	0.07617	0.584
V696	0.12109	0	0.74319	0.0107	0.12502
V697	0.10116	0.1059	0.31793	0.32842	0.1466
V698	0.01084	0	0.15508	0.09408	0.74001
V699	0.03189	0.00181	0.04442	0.63742	0.28446
V700	0.07333	0.78467	0.0739	0.0092	0.0589
V701	0.01493	0.15901	0.00944	0.09541	0.72121
V702	0.02001	0.12117	0.00329	0.63654	0.21899
V703	0.01356	0.0081	0.02313	0.86112	0.0941
V704	0.04162	0.0392	0.36855	0.06546	0.48518
V705	0.94284	0.01444	0	0.00278	0.03995
V706	0.15042	0.15246	0.15866	0.41679	0.12167
V707	0.12946	0.11383	0.06518	0.27802	0.41352
V708	0.04037	0.58549	0.36627	0.00631	0.00156
V709	0.00417	0	0.02336	0.10742	0.86505
V710	0.12351	0.01016	0.4614	0.03269	0.37224
V711	0.04265	0	0.0087	0.11507	0.83358
V712	0.06345	0.00406	0.7227	0.17835	0.03145
V713	0.25541	0.43037	0.30831	0.00591	0
V714	0.03731	0	0	0.10601	0.85668
V715	0.01718	0.28211	0.5922	0.09247	0.01604
V716	0.72323	0.20026	0.00908	0.03878	0.02865
V717	0.37638	0.16178	0.11505	0.04425	0.30254
V718	0.68047	0	0.2732	0	0.04633
V719	0.39085	0.24656	0.10194	0.11365	0.147
V720	0.10752	0.02435	0.07675	0.10643	0.68494
V721	0.01803	0	0.03512	0.11623	0.83062
V722	0.02575	0.24082	0.05459	0.46066	0.21818
V723	0.10919	0.23096	0.11054	0.48307	0.06625
V724	0.13188	0.65876	0.04131	0.14728	0.02078
V725	0.01959	0	0	0.10871	0.8717
V726	0.21231	0.49601	0.05296	0.06501	0.1737
V727	0.01258	0	0.96126	0.00406	0.0221
V728	0.79358	0.01523	0.12513	0.05484	0.01122
V729	0.60925	0.12329	0.02267	0.21898	0.0258
V730	0.11997	0.01284	0.39057	0.37805	0.09858
V731	0.0027	0.00751	0.06097	0.84769	0.08114
V732	0.01092	0	0.00301	0.89513	0.09094
V733	0.0354	0.02078	0.92497	0	0.01885
V734	0.51077	0.08377	0.36031	0.02898	0.01617
V735	0.06661	0.14194	0.1982	0.07633	0.51692
V736	0.00716	0.02549	0.00117	0.10765	0.85853
V737	0.98239	0.00932	0.00495	0	0.00334
V738	0.03267	0.42623	0.01435	0.06174	0.46502
V739	0.01529	0.00953	0	0.88533	0.08985
V740	0.19425	0.06685	0.09342	0.07245	0.57303
V741	0.49179	0.0175	0	0.31046	0.18025
V742	0.07315	0.01336	0.53284	0.17942	0.20123
V743	0.02348	0.0342	0.06311	0.16892	0.71029
V744	0.19358	0.05977	0.16974	0.48981	0.0871
V745	0.16549	0.01558	0.04439	0.70469	0.06985
V746	0.35281	0.56182	0.03778	0.00612	0.04147
V747	0.03501	0.01932	0.91179	0.00388	0.02998
V748	0.15857	0.20323	0.26535	0.079	0.29386
V749	0.18109	0.10223	0.11625	0.41447	0.18597
V750	0.74669	0.20949	0.00274	0.03608	0.005
V751	0.0458	0.37363	0.55189	0.01892	0.00975
V752	0.02034	0.11005	0.01609	0.09922	0.7543
V753	0.54586	0.04844	0.23891	0.02802	0.13878
V754	0.1171	0.34406	0.00523	0.4838	0.04981
V755	0.23524	0.7135	0.04199	0	0.00926
V756	0.01908	0.09138	0.01578	0.13421	0.73956
V757	0.1696	0	0.0953	0.67045	0.06465
V758	0.0726	0.45596	0.00081	0.42431	0.04632
V759	0.07708	0.01414	0.08503	0.08447	0.73929
V760	0.07097	0.01808	0.19747	0.26964	0.44383
V761	0.06825	0.25421	0.66754	0.00176	0.00823
V762	0.01304	0.02972	0.16223	0.39665	0.39836
V763	0.02894	0.2455	0.00339	0.078	0.64416
V764	0.11092	0.05936	0.08187	0.67244	0.07541
V765	0.17567	0.01343	0.65563	0.04795	0.10732
V766	0.0803	0.47994	0.23447	0.05692	0.14837
V767	0.26344	0.47835	0.06074	0.05324	0.14423
V768	0.07483	0.81358	0.05224	0.04557	0.01379
V769	0.76324	0.00307	0.18702	0	0.04667
V770	0.32273	0	0.51615	0.14447	0.01664
V771	0.07694	0.7104	0.01212	0.09136	0.10918
V772	0.05735	0.0096	0.93244	0	6e-04
V773	0.01895	0	0	0.22338	0.75767
V774	0.15351	0	0.51747	0.02313	0.30588
V775	0.91984	0	0.01419	0.04309	0.02288
V776	0.35212	0.43657	0.15486	0.02311	0.03334
V777	0.21602	0.38836	0.23922	0.09804	0.05836
V778	0.51646	0.05884	0.00399	0.21225	0.20846
V779	0.07747	0.41574	0.47793	0.01171	0.01714
V780	0.02131	0	0.97547	0.00134	0.00188
V781	0.17089	0.29926	0.16209	0.03109	0.33668
V782	0.21202	0.22821	0.01449	0.05633	0.48895
V783	0	0	0.61182	0.05637	0.33181
V784	0.04424	0.6185	0.00537	0.22448	0.10741
V785	0.6985	0.14491	0	0.08858	0.06801
V786	0.1644	0.21391	0.01051	0.5386	0.07257
V787	0.13878	0.60321	0.00277	0.1719	0.08333
V788	0.36412	0.42355	0.06645	0.00777	0.1381
V789	0.01306	0.1535	0.00258	0.39173	0.43913
V790	0.2668	0.22521	0.05549	0.12922	0.32327
V791	0.16891	0.21486	0.06536	0.20364	0.34723
V792	0.94841	0.01583	0.01842	0	0.01733
V793	0.3122	0.26932	0.04801	0.10498	0.2655
V794	0.01244	0.00568	0.08978	0.22172	0.67038
V795	0.1379	0.80977	0.02209	0.01094	0.01931
V796	0.29207	0.42565	0.10472	0.13435	0.04321
V797	0.11455	0	0	0.10449	0.78095
V798	0.13004	0.50141	0.00745	0.09988	0.26121
V799	0.03162	0.16894	0.04702	0.63799	0.11444
V800	0.02158	0	0.00673	0.18856	0.78313
V801	0.38205	0	0.12341	0.42468	0.06986
V802	0.03334	0.17844	0.00922	0.08999	0.68901
V803	0.30323	0.02759	0	0.58993	0.07926
V804	0.19915	0.16774	0.19913	0.35079	0.08319
V805	0.1483	0.13435	0.43343	0.16465	0.11927
V806	0.46656	0.00508	0.1908	0.07602	0.26155
V807	0.71222	0	0.05846	0.05309	0.17623
V808	0.83959	0	0.04469	0.0017	0.11402
V809	0.19489	0.60152	0.02281	0.04117	0.13961
V810	0.02461	0.0504	0.03349	0.45506	0.43644
V811	0.04546	0.08267	0.01495	0.16571	0.6912
V812	0.04359	0.65304	0.18735	0.07616	0.03986
V813	0.03273	0.20212	0.19685	0.05551	0.51279
V814	0.19811	0.55982	0.06413	0.14189	0.03604
V815	0.22743	0.67996	0.03233	0.04763	0.01265
V816	0.03772	0.52368	0.01065	0.36031	0.06764
V817	0.81233	0.0277	0.15143	0.00839	0.00015
V818	0.0411	0.19503	0.33297	0.06739	0.36351
V819	0.95506	0.01603	0.01056	0.01278	0.00556
V820	0.07551	0.37567	0.11995	0.36305	0.06582
V821	0.00269	0	0	0.11219	0.88512
V822	0.18777	0.00604	0.00963	0.7315	0.06506
V823	0.04288	0.06593	0.20295	0.06832	0.61992
V824	0.05962	0.01433	0.01417	0.09743	0.81446
V825	0.15204	0	0.66767	0.16958	0.01071
V826	0.04469	0	0.93639	0.0171	0.00182
V827	0.33735	0.1546	0	0.36416	0.14389
V828	0.22547	0.13521	0.09574	0.09475	0.44883
V829	0.08558	0.07562	0.29357	0.19324	0.35199
V830	0.15136	0.00074	0.69446	0.02645	0.127
V831	0.0496	0.72534	0.05198	0.13542	0.03766
V832	0.18679	0	0.05587	0.26285	0.49449
V833	0.189	0.75064	0.01259	0.00534	0.04242
V834	0.73215	0.14675	0.03132	0.02057	0.0692
V835	0.24767	0.29787	0.08721	0.25462	0.11263
V836	0.38409	0.06557	0.45017	0.08791	0.01226
V837	0.05584	0.79675	0.0211	0.04689	0.07942
V838	0	0	0.07569	0.83473	0.08958
V839	0.03158	0.01412	0.06209	0.09573	0.79649
V840	0.94537	0.00465	0.02525	0.01226	0.01248
V841	0.23133	0.00363	0.75947	0	0.00558
V842	0.53668	0.04166	0.20841	0.184	0.02925
V843	0.44234	0	0.13948	0.09159	0.32659
V844	0.0207	0.16567	0.76311	0.02103	0.02949
V845	0.02079	0	0	0.59268	0.38653
V846	0.09815	0.02481	0.08603	0.12712	0.6639
V847	0.18498	0	0.04001	0.1721	0.6029
V848	0.72495	0.03264	0	0.09038	0.15202
V849	0.14146	0.03675	0.70954	0.00871	0.10353
V850	0.20838	0.02138	0.28363	0.1681	0.31851
V851	0.98519	0	0	0	0.01481
V852	0.22304	0.04945	0.07028	0.19863	0.45861
V853	0.03627	0.12104	0.60606	0.13854	0.0981
V854	0.05162	0.3393	0.23535	0.09601	0.27772
V855	0.10804	0.39358	0.09025	0.29236	0.11577
V856	0.15135	0.37668	0.04978	0.0394	0.38278
V857	0.07331	0.03157	0.16396	0.42031	0.31085
V858	0.03213	0.34357	0.18258	0.21014	0.23157
V859	0.13066	0.00512	0.01825	0.74017	0.1058
V860	0.04021	0.14668	0.06441	0.62594	0.12277
V861	0.14299	0.01484	0.13042	0.64934	0.06241
V862	0.05463	0	0.01067	0.16663	0.76808
V863	0.06075	0.87037	0.02467	0.01528	0.02893
V864	0.0391	0	0.8971	0.05935	0.00445
V865	0.08337	0	0.65758	0.24202	0.01702
V866	0.03222	0.041	0.65194	0.22883	0.04602
V867	0.54289	0.02134	0	0.03183	0.40394
V868	0.23436	0.2294	0.4012	0.1033	0.03173
V869	0.00741	0	0.01054	0.11464	0.86741
V870	0.26178	0.16825	0.07413	0.2464	0.24943
V871	0.03221	0.03449	0.08806	0.15713	0.68811
V872	0.38463	0.04064	0.00599	0.4724	0.09634
V873	0.0615	0.33245	0.14852	0.35353	0.104
V874	0.07951	0.03274	0	0.10074	0.787
V875	0.0138	0.1802	0.01948	0.47419	0.31233
V876	0.44888	0.0529	0.05032	0.04652	0.40138
V877	0.22832	0.63173	0.03972	0.0774	0.02284
V878	0.04677	0.68376	0.04485	0.19047	0.03415
V879	0.9212	0.04275	0.00999	0.0132	0.01286
V880	0.07564	0.07137	0.02387	0.42479	0.40434
V881	0.008	0	0.50473	0.04561	0.44165
V882	0.05444	0.48796	0.01756	0.40459	0.03545
V883	0.49864	0.18371	0.00715	0.1763	0.13419
V884	0	0	0	0.11934	0.88066
V885	0.16397	0.05781	0.38194	0.12749	0.2688
V886	0	0	0.01924	0.26686	0.7139
V887	0.10288	0.83776	0.01576	0.00788	0.03572
V888	0.05849	0.10191	0.05446	0.65908	0.12605
V889	0.12751	0.78572	0.04353	0.02376	0.01948
V890	0.03127	0.00167	0.14033	0.636	0.19072
V891	0.00451	0.03498	0.94614	0.01139	0.00297
V892	0.57772	0.24624	0.01616	0.01156	0.14831
V893	0.15024	0.18219	0.51128	0.07809	0.07819
V894	0.10495	0.53311	0.04873	0.24103	0.07218
V895	0.69772	0	0.2866	0.00896	0.00672
V896	0.21362	0.22938	0.23926	0.28848	0.02927
V897	0	0	0.03543	0.74826	0.21632
V898	0.35702	0	0.00188	0.07482	0.56628
V899	0.55734	0.32308	0.08189	0	0.03769
V900	0.25999	0.24035	0.27747	0.18398	0.03821
V901	0.66381	0.05448	0	0.17657	0.10514
V902	0.85014	0.04665	0.01591	0.03239	0.05491
V903	0.27605	0.07168	0.06844	0.49629	0.08754
V904	0.72643	0.09738	0.15758	0	0.01862
V905	0.03081	0.31088	0.06239	0.32199	0.27393
V906	0.15068	0.03478	0.45627	0.09256	0.2657
V907	0.71007	0.1162	0.06396	0.0553	0.05446
V908	0.03337	0.34282	0.0484	0.46965	0.10575
V909	0.01928	0.11344	0.01215	0.70007	0.15506
V910	0.66215	0.17721	0.00785	0.06138	0.0914
V911	0.04545	0.25158	0.50892	0.02088	0.17316
V912	0.03016	0.00497	0.13998	0.13288	0.692
V913	0.14125	0.01402	0.07076	0.65009	0.12387
V914	0.7666	0.03484	0.00675	0.12029	0.07152
V915	0.17797	0.1677	0.04438	0.06334	0.54661
V916	0.79131	0.01395	0.11418	0.00385	0.07672
V917	0.41418	0.02867	0	0.05928	0.49786
V918	0.58913	0.14464	0.22001	0.02193	0.0243
V919	0.42151	0.16858	0.00616	0.27005	0.1337
V920	0.18614	0	0.11733	0.63595	0.06058
V921	0.18086	0.1731	0.10363	0.04847	0.49393
V922	0.03766	0	0.68679	0.02049	0.25505
V923	0.14753	0.46111	0.02083	0.07385	0.29668
V924	0.50311	0.10992	0	0.24612	0.14085
V925	0.14786	0.1115	0.48008	0.16261	0.09795
V926	0.01487	0.00637	0.00068	0.11486	0.86322
V927	0.52807	0.26236	0.11118	0.07732	0.02106
V928	0.12036	0.2627	0.21213	0.18308	0.22173
V929	0.05591	0.24647	0.00272	0.07345	0.62144
V930	0.06272	0	0.04873	0.09323	0.79532
V931	0.46451	0.1339	0.00526	0.06955	0.32678
V932	0.04636	0.10007	0.04026	0.32876	0.48455
V933	0.28013	0	0.0401	0.28755	0.39223
V934	0.67851	0.05625	0.26524	0	0
V935	0.57607	0.10995	0.12568	0.0581	0.13021
V936	0.31351	0.06215	0.11561	0.42825	0.08049
V937	0.14172	0.68824	0.09768	0.037	0.03536
V938	0.09578	0.85698	0.03186	0.01121	0.00418
V939	0	0	0.00441	0.34212	0.65346
V940	0.55269	0.07596	0.07804	0.06333	0.22998
V941	0.0182	0.1191	0.11667	0.45916	0.28687
V942	0.73675	0.24826	0.00383	0.00799	0.00318
V943	0.04474	0.08135	0.04579	0.09377	0.73437
V944	0.3479	0.01865	0.11567	0.4635	0.05428
V945	0.05657	0.25652	0.58132	0.0397	0.0659
V946	0.04249	0.48393	0.45886	0.00553	0.00919
V947	0.36734	0.01423	0.01838	0.14908	0.45097
V948	0.0847	0.68848	0.04168	0.10884	0.0763
V949	0.87198	0.10108	0.02639	0	0.00055
V950	0.0664	0.00669	0.02083	0.82841	0.07767
V951	0.30714	0.01248	0	0.49896	0.18143
V952	0.12934	0.02379	0.04259	0.61926	0.18502
V953	0.47776	0.09469	0	0.35307	0.07448
