CD56NK	CD4MemoryT	CD19B	CD14
V1	0.58506	0.00131	0.18332	0.23031
V2	0.22821	0.04021	0.11817	0.61341
V3	0.17509	0.50993	0.07691	0.23807
V4	0.8688	0.11182	0.01938	0
V5	0.20286	0.40308	0.28397	0.11009
V6	0.18514	0.73144	0.08342	0
V7	0.23949	0.28052	0.13636	0.34363
V8	0.16268	0.04515	0.75576	0.0364
V9	0.31412	0.17232	0.09402	0.41953
V10	0.06876	0.05294	0.81975	0.05856
V11	0.26438	0.30928	0.42634	0
V12	0.11788	0.50126	0.38086	0
V13	0.34679	0.5955	0.05772	0
V14	0.17898	0.74329	0.07773	0
V15	0.22301	0.51109	0.163	0.1029
V16	0.9094	0.0517	0.03273	0.00616
V17	0.1941	0.72916	0.07674	0
V18	0.62263	0.30946	0.06746	0.00046
V19	0.25333	0.68149	0.06518	0
V20	0.26698	0.37265	0.07718	0.28319
V21	0.1654	0.06901	0.73428	0.03131
V22	0.11866	0.04342	0.24688	0.59104
V23	0.39532	0.05933	0.5434	0.00194
V24	0.90069	0.05119	0.04812	0
V25	0.40992	0.192	0.16102	0.23706
V26	0.46664	0.33075	0.05586	0.14676
V27	0.18895	0.01396	0.10412	0.69297
V28	0.0773	0.09162	0.79679	0.03429
V29	0.45731	0.03988	0.48487	0.01794
V30	0.1842	0.15711	0.30864	0.35006
V31	0.27205	0.14856	0.32014	0.25925
V32	0.17316	0	0.11345	0.71339
V33	0.13725	0.42486	0.37919	0.0587
V34	0.16354	0.05598	0.74676	0.03372
V35	0.2579	0.61537	0.12673	0
V36	0.08488	0.01591	0.48047	0.41874
V37	0.58715	0.05086	0.11703	0.24496
V38	0.4582	0	0.1934	0.3484
V39	0.26148	0.48453	0.16909	0.0849
V40	0.19885	0.67294	0.12821	0
V41	0.13063	0.55928	0.10838	0.20171
V42	0.28162	0.00542	0.24083	0.47213
V43	0.19609	0.29428	0.50055	0.00907
V44	0.07425	0.06388	0.71233	0.14954
V45	0.1957	0.5079	0.25271	0.04369
V46	0.79772	0.07717	0.1251	0
V47	0.49226	0.16953	0.3191	0.0191
V48	0.81613	0.15774	0.02613	0
V49	0.76851	0.16938	0.01762	0.04449
V50	0.16964	0.69783	0.13252	0
V51	0.37426	0.35303	0.2727	0
V52	0.08051	0.10869	0.77627	0.03452
V53	0.72696	0.11994	0.1531	0
V54	0.46229	0.1741	0.36361	0
V55	0.27892	0.0889	0.27251	0.35967
V56	0.14453	0	0.15052	0.70495
V57	0.2007	0.71686	0.08244	0
V58	0.66815	0	0.0647	0.26715
V59	0.49869	0.36189	0.13175	0.00768
V60	0.20517	0.1092	0.35292	0.3327
V61	0.83343	0.0967	0.02413	0.04574
V62	0.87641	0.04725	0.07634	0
V63	0.12996	0.70264	0.1674	0
V64	0.13538	0.71622	0.0669	0.08149
V65	0.12428	0	0.16235	0.71337
V66	0.31236	0.59669	0.07143	0.01952
V67	0.21404	0.28485	0.50111	0
V68	0.24099	0.08661	0.0942	0.57821
V69	0.09669	0.26495	0.60609	0.03227
V70	0.59049	0.13204	0.19306	0.08441
V71	0.22571	0.04429	0.39506	0.33494
V72	0.62727	0.13429	0.11206	0.12639
V73	0.249	0.53301	0.17832	0.03967
V74	0.11788	0.207	0.67038	0.00474
V75	0.73454	0.00988	0.19246	0.06313
V76	0.10682	0.10648	0.23263	0.55406
V77	0.15475	0.19732	0.08891	0.55902
V78	0.36529	0.08111	0.21846	0.33514
V79	0.06394	0.0906	0.76435	0.08111
V80	0.37626	0.02554	0.5295	0.0687
V81	0.11003	0.15454	0.72473	0.0107
V82	0.06366	0.0971	0.811	0.02823
V83	0.22163	0.1145	0.1358	0.52807
V84	0.44154	0.02383	0.19261	0.34202
V85	0.18767	0.26293	0.41943	0.12996
V86	0.0928	0.06533	0.79696	0.04492
V87	0.15415	0.71067	0.1127	0.02247
V88	0.23093	0.02964	0.29927	0.44016
V89	0.11534	0	0.24406	0.6406
V90	0.14189	0.74247	0.11564	0
V91	0.14334	0.62985	0.22681	0
V92	0.48733	0.02354	0.38329	0.10584
V93	0.89533	0.02593	0.01204	0.06669
V94	0.13932	0.34072	0.09507	0.42489
V95	0.33938	0.37379	0.19011	0.09673
V96	0.17434	0.04604	0.10816	0.67146
V97	0.69467	0.1032	0.20213	0
V98	0.70929	0.2628	0.02791	0
V99	0.79527	0.05652	0.1482	0
V100	0.11848	0.05801	0.79151	0.03201
V101	0.15201	0.00157	0.1087	0.73772
V102	0.91214	0.0626	0.02526	0
V103	0.12823	0.00769	0.16129	0.70279
V104	0.15091	0.76719	0.08189	0
V105	0.17044	0.7458	0.08376	0
V106	0.20536	0.44668	0.34097	0.007
V107	0.23616	0.17552	0.55848	0.02984
V108	0.23846	0.62284	0.1387	0
V109	0.08391	0.12449	0.59286	0.19874
V110	0.16693	0.73448	0.09858	0
V111	0.89749	0.0247	0.0778	0
V112	0.19155	0.0376	0.44377	0.32708
V113	0.26039	0.06543	0.2201	0.45408
V114	0.30572	0.01575	0.13618	0.54236
V115	0.11197	0.63275	0.25528	0
V116	0.2204	0.26299	0.38795	0.12866
V117	0.71576	0.22652	0.05481	0.00291
V118	0.26796	0.48971	0.08746	0.15488
V119	0.20216	0.03207	0.12284	0.64293
V120	0.12086	0.0849	0.77231	0.02193
V121	0.64533	0.10797	0.1106	0.1361
V122	0.93869	0.03067	0.03064	0
V123	0.1286	0.407	0.11375	0.35065
V124	0.69978	0.25711	0.02386	0.01925
V125	0.44396	0.36308	0.19297	0
V126	0.14769	0.08367	0.12747	0.64117
V127	0.23071	0.02125	0.29	0.45804
V128	0.13465	0	0.17155	0.6938
V129	0.62066	0.20827	0.17107	0
V130	0.10593	0.55338	0.3407	0
V131	0.14877	0.74951	0.06807	0.03365
V132	0.92882	0.02789	0.04074	0.00255
V133	0.90468	0.03424	0.06108	0
V134	0.21056	0.3157	0.17844	0.2953
V135	0.1621	0	0.22695	0.61096
V136	0.33389	0.32818	0.06488	0.27305
V137	0.678	0.04146	0.24208	0.03846
V138	0.29877	0.34151	0.21345	0.14627
V139	0.41599	0.1702	0.22214	0.19167
V140	0.14199	0.03893	0.13217	0.68691
V141	0.12981	0.12398	0.54778	0.19843
V142	0.77222	0.03102	0.19676	0
V143	0.49834	0.21997	0.1	0.18169
V144	0.24414	0.10752	0.21372	0.43462
V145	0.10483	0.64008	0.25509	0
V146	0.15895	0	0.11589	0.72516
V147	0.91724	0.03725	0.03183	0.01369
V148	0.18035	0.06079	0.57813	0.18073
V149	0.327	0.44032	0.23268	0
V150	0.14841	0.20858	0.58707	0.05594
V151	0.30362	0.54138	0.08391	0.07109
V152	0.31442	0.38633	0.24627	0.05299
V153	0.21905	0.64176	0.07792	0.06128
V154	0.31357	0.39974	0.28669	0
V155	0.51843	0.12843	0.29157	0.06157
V156	0.09346	0.1192	0.67966	0.10769
V157	0.36377	0.1296	0.32902	0.17761
V158	0.14507	0	0.11695	0.73799
V159	0.8924	0.07183	0.01566	0.02011
V160	0.7235	0.00255	0.08075	0.1932
V161	0.26997	0	0.10016	0.62987
V162	0.17209	0.22209	0.14468	0.46113
V163	0.20018	0.41373	0.21133	0.17476
V164	0.41433	0.26038	0.14142	0.18387
V165	0.13545	0.17655	0.08948	0.59852
V166	0.12691	0.04575	0.14674	0.68059
V167	0.38774	0	0.0659	0.54637
V168	0.36855	0.50051	0.11794	0.013
V169	0.26215	0.0196	0.10823	0.61002
V170	0.16294	0.01414	0.52457	0.29835
V171	0.18588	0.21351	0.57773	0.02288
V172	0.71435	0.02785	0.2578	0
V173	0.14086	0.08344	0.12252	0.65318
V174	0.1304	0.09965	0.14863	0.62132
V175	0.10892	0.02944	0.74521	0.11642
V176	0.11683	0.6776	0.20557	0
V177	0.13802	0.78361	0.07837	0
V178	0.13402	0.64155	0.07361	0.15082
V179	0.21974	0	0.39649	0.38377
V180	0.14589	0.71962	0.13449	0
V181	0.21665	0.11313	0.54065	0.12956
V182	0.34607	0.16425	0.45725	0.03243
V183	0.26742	0.66439	0.06819	0
V184	0.9186	0.04239	0.03577	0.00323
V185	0.59974	0.35424	0.04602	0
V186	0.21171	0.4143	0.29178	0.08221
V187	0.92404	0.03149	0.04447	0
V188	0.17038	0.15585	0.08545	0.58831
V189	0.83749	0.02653	0.02895	0.10703
V190	0.66178	0.03388	0.30435	0
V191	0.23547	0.18664	0.55626	0.02164
V192	0.38745	0.40138	0.09203	0.11914
V193	0.63562	0.03393	0.24036	0.0901
V194	0.15506	0.76789	0.07705	0
V195	0.07087	0.07814	0.82162	0.02937
V196	0.13862	0.02763	0.10869	0.72507
V197	0.45721	0.02668	0.07506	0.44105
V198	0.15557	0.43662	0.3829	0.0249
V199	0.234	0.00315	0.22067	0.54218
V200	0.23857	0.47247	0.07678	0.21218
V201	0.19916	0.47707	0.22709	0.09668
V202	0.07154	0.03158	0.73659	0.1603
V203	0.23546	0.3724	0.39214	0
V204	0.13249	0.42506	0.08019	0.36226
V205	0.07332	0.08527	0.81279	0.02861
V206	0.0979	0.11249	0.77341	0.0162
V207	0.22395	0.13068	0.12017	0.5252
V208	0.27709	0.08265	0.62998	0.01029
V209	0.38629	0.40365	0.10835	0.10171
V210	0.19562	0.65683	0.14142	0.00613
V211	0.45961	0	0.08298	0.45741
V212	0.52455	0.05415	0.41435	0.00695
V213	0.67453	0.02397	0.12442	0.17708
V214	0.39251	0.12687	0.19811	0.28251
V215	0.3522	0.06004	0.08052	0.50724
V216	0.15087	0	0.11369	0.73544
V217	0.14832	0.41483	0.26961	0.16724
V218	0.19934	0.37223	0.2128	0.21562
V219	0.21934	0.53738	0.07165	0.17163
V220	0.13334	0.69685	0.07273	0.09707
V221	0.82781	0.01186	0.01826	0.14208
V222	0.36818	0.11598	0.37514	0.14071
V223	0.06826	0.12936	0.73308	0.06931
V224	0.91729	0.03852	0.0442	0
V225	0.16489	0.72159	0.11353	0
V226	0.33217	0.09332	0.56854	0.00597
V227	0.78684	0.02457	0.18859	0
V228	0.80576	0.06441	0.07438	0.05544
V229	0.07245	0.06496	0.82484	0.03774
V230	0.14249	0	0.11706	0.74045
V231	0.12724	0.2003	0.17404	0.49842
V232	0.16702	0.54137	0.06596	0.22566
V233	0.60733	0.07947	0.20871	0.10449
V234	0.15205	0.75299	0.09495	0
V235	0.39812	0.07156	0.51379	0.01652
V236	0.09518	0.0754	0.75739	0.07202
V237	0.22833	0	0.1074	0.66427
V238	0.21951	0.48196	0.28679	0.01174
V239	0.17981	0.30911	0.0911	0.41999
V240	0.5113	0.04917	0.41112	0.02842
V241	0.06899	0.04648	0.81169	0.07283
V242	0.22486	0.6396	0.13554	0
V243	0.27061	0.05124	0.61503	0.06312
V244	0.23403	0.02625	0.66337	0.07634
V245	0.64766	0.26431	0.07098	0.01705
V246	0.10999	0.14641	0.72208	0.02152
V247	0.19846	0.06771	0.71631	0.01752
V248	0.1392	0.00225	0.13196	0.72658
V249	0.05469	0.06613	0.80772	0.07146
V250	0.76121	0.02631	0.21249	0
V251	0.91418	0.05846	0.02737	0
V252	0.12367	0.68393	0.1924	0
V253	0.41353	0.04721	0.19596	0.3433
V254	0.12929	0.75663	0.11407	0
V255	0.16478	0.75973	0.07074	0.00475
V256	0.23238	0.18853	0.51818	0.06091
V257	0.47019	0.08293	0.25245	0.19442
V258	0.24391	0.22954	0.43325	0.0933
V259	0.10415	0.25829	0.61216	0.0254
V260	0.07164	0.25839	0.66255	0.00743
V261	0.65045	0.03052	0.20405	0.11497
V262	0.18929	0.01992	0.10326	0.68752
V263	0.14368	0.78001	0.07631	0
V264	0.21909	0.0241	0.4403	0.3165
V265	0.12979	0	0.19033	0.67989
V266	0.65349	0.30473	0.04178	0
V267	0.098	0.12138	0.31891	0.46171
V268	0.42699	0.00754	0.17638	0.38909
V269	0.10081	0.47942	0.40041	0.01935
V270	0.66949	0.03105	0.244	0.05546
V271	0.82877	0.06412	0.04411	0.06299
V272	0.17504	0.69637	0.07492	0.05368
V273	0.15819	0	0.12162	0.72019
V274	0.72683	0.00848	0.18498	0.07971
V275	0.06987	0.08105	0.81677	0.03231
V276	0.56476	0.29373	0.0406	0.1009
V277	0.13874	0.14179	0.21392	0.50555
V278	0.12374	0.02652	0.32208	0.52767
V279	0.72621	0.05327	0.11976	0.10076
V280	0.14507	0	0.11695	0.73799
V281	0.58098	0.02191	0.15888	0.23823
V282	0.10309	0.0789	0.7621	0.05591
V283	0.30445	0.49792	0.1068	0.09084
V284	0.142	0.74044	0.11756	0
V285	0.12507	0.07082	0.77796	0.02615
V286	0.3315	0.47527	0.14584	0.04739
V287	0.20301	0.7214	0.07559	0
V288	0.10117	0.22442	0.44367	0.23074
V289	0.33341	0.19678	0.42313	0.04668
V290	0.80543	0.15482	0.03975	0
V291	0.50508	0.07855	0.41637	0
V292	0.92939	0.02442	0.01484	0.03135
V293	0.3142	0.03812	0.61556	0.03212
V294	0.19801	0.2782	0.07236	0.45143
V295	0.12018	0.11593	0.23974	0.52414
V296	0.21839	0.11329	0.60093	0.0674
V297	0.16329	0	0.14019	0.69651
V298	0.32482	0.10866	0.56183	0.00469
V299	0.17742	0.19257	0.09109	0.53892
V300	0.10468	0.00495	0.27119	0.61919
V301	0.16686	0.10216	0.63398	0.097
V302	0.67406	0.29603	0.02991	0
V303	0.09557	0.5123	0.38625	0.00588
V304	0.10535	0.03376	0.71119	0.1497
V305	0.1853	0.13001	0.46878	0.21591
V306	0.83103	0.09318	0.06077	0.01502
V307	0.1394	0.77429	0.08631	0
V308	0.29556	0.1904	0.31749	0.19655
V309	0.40428	0.25646	0.07283	0.26644
V310	0.17784	0.24085	0.2007	0.3806
V311	0.55088	0.40439	0.04473	0
V312	0.19713	0.62384	0.17903	0
V313	0.12843	0.05447	0.11317	0.70392
V314	0.13035	0.38112	0.16855	0.31998
V315	0.22854	0.52608	0.09071	0.15468
V316	0.35489	0.11698	0.39648	0.13164
V317	0.20032	0.59231	0.09968	0.10769
V318	0.156	0.44584	0.08067	0.31749
V319	0.10191	0.08029	0.7822	0.03559
V320	0.1311	0.12639	0.63717	0.10535
V321	0.64474	0.31282	0.04244	0
V322	0.27889	0.25319	0.12411	0.34381
V323	0.15054	0	0.157	0.69246
V324	0.68844	0.22731	0.08425	0
V325	0.36833	0.53558	0.0961	0
V326	0.11818	0.45629	0.15093	0.27461
V327	0.1279	0.08531	0.1708	0.616
V328	0.09783	0.03279	0.71045	0.15893
V329	0.24209	0.07197	0.21324	0.4727
V330	0.41792	0.00585	0.34527	0.23096
V331	0.39258	0.05527	0.09518	0.45697
V332	0.11323	0.01522	0.23266	0.63888
V333	0.45248	0.07117	0.39056	0.08579
V334	0.38424	0.00596	0.36751	0.24229
V335	0.1038	0.2843	0.5161	0.0958
V336	0.27538	0.59913	0.07228	0.05321
V337	0.34322	0.354	0.30279	0
V338	0.12935	0.78571	0.08494	0
V339	0.15658	0.05803	0.76481	0.02058
V340	0.12644	0.18913	0.52905	0.15537
V341	0.13602	0.00245	0.14378	0.71775
V342	0.27	0.01669	0.5963	0.11701
V343	0.93126	0.04165	0.02709	0
V344	0.67339	0.14571	0.18091	0
V345	0.0812	0.08589	0.80204	0.03088
V346	0.28704	0.08404	0.30857	0.32035
V347	0.13728	0	0.18402	0.6787
V348	0.16648	0.55606	0.18343	0.09403
V349	0.38628	0.1492	0.39058	0.07394
V350	0.13571	0.65795	0.20634	0
V351	0.09805	0.01116	0.40865	0.48214
V352	0.09115	0.04408	0.78839	0.07638
V353	0.89069	0.03294	0.04209	0.03429
V354	0.15052	0.59252	0.25388	0.00308
V355	0.31125	0.0683	0.46391	0.15654
V356	0.13723	0	0.16586	0.69691
V357	0.19863	0.27003	0.30758	0.22375
V358	0.5793	0.08148	0.07864	0.26058
V359	0.59846	0.04026	0.06417	0.29711
V360	0.58072	0.36796	0.05131	0
V361	0.08319	0.39139	0.52542	0
V362	0.12977	0.77919	0.09105	0
V363	0.22153	0.09683	0.4752	0.20644
V364	0.19026	0.06636	0.66171	0.08166
V365	0.31482	0.0012	0.08512	0.59887
V366	0.18896	0.57844	0.13193	0.10068
V367	0.60676	0.11445	0.03377	0.24502
V368	0.19786	0.62409	0.13183	0.04621
V369	0.09521	0.34924	0.55555	0
V370	0.34034	0.24822	0.40701	0.00443
V371	0.28382	0.61633	0.08024	0.01961
V372	0.23069	0.02128	0.17412	0.57391
V373	0.14531	0.1079	0.47983	0.26696
V374	0.75721	0.03755	0.20524	0
V375	0.1373	0.0073	0.20096	0.65444
V376	0.13745	0.00149	0.16718	0.69388
V377	0.80108	0.0028	0.02615	0.16997
V378	0.09144	0.01173	0.4159	0.48093
V379	0.39365	0.1469	0.0648	0.39465
V380	0.21853	0.04066	0.23953	0.50128
V381	0.75704	0.01415	0.10012	0.12869
V382	0.12198	0.07216	0.78516	0.0207
V383	0.84622	0.01419	0.05649	0.0831
V384	0.58989	0.06196	0.14992	0.19822
V385	0.86627	0.02768	0.07819	0.02787
V386	0.34051	0	0.18441	0.47508
V387	0.61687	0.13496	0.19884	0.04932
V388	0.43284	0.28663	0.17345	0.10707
V389	0.47644	0.45355	0.04905	0.02096
V390	0.3278	0.23274	0.43946	0
V391	0.45629	0.07306	0.06575	0.4049
V392	0.47179	0.19091	0.18866	0.14864
V393	0.33152	0.19941	0.35989	0.10918
V394	0.18562	0.16017	0.16913	0.48508
V395	0.29715	0.33367	0.23169	0.13749
V396	0.13337	0.78535	0.08128	0
V397	0.79647	0.08648	0.10827	0.00878
V398	0.48848	0.10772	0.12836	0.27545
V399	0.27959	0.4776	0.18445	0.05837
V400	0.12068	0.47085	0.12742	0.28105
V401	0.09337	0.14255	0.69882	0.06526
V402	0.78063	0.16183	0.05754	0
V403	0.1345	0	0.14884	0.71666
V404	0.14507	0.17171	0.60727	0.07594
V405	0.27399	0.01091	0.20829	0.50681
V406	0.68048	0.22192	0.03929	0.0583
V407	0.12935	0.78571	0.08494	0
V408	0.16557	0.19937	0.41308	0.22198
V409	0.14282	0	0.11938	0.7378
V410	0.19259	0.71838	0.08903	0
V411	0.45957	0	0.05308	0.48735
V412	0.20627	0.06293	0.50244	0.22836
V413	0.1613	0.3993	0.2241	0.2153
V414	0.13182	0.43211	0.35176	0.08431
V415	0.4714	0.02377	0.24956	0.25528
V416	0.07897	0.11255	0.78367	0.02481
V417	0.43125	0.51694	0.05181	0
V418	0.16273	0.05666	0.19674	0.58387
V419	0.14084	0	0.12206	0.7371
V420	0.12565	0.74482	0.08063	0.04891
V421	0.18911	0.04843	0.66236	0.10011
V422	0.15609	0.02081	0.10575	0.71735
V423	0.11848	0.05801	0.79151	0.03201
V424	0.06844	0.04265	0.60251	0.2864
V425	0.12103	0.20506	0.59046	0.08344
V426	0.128	0.06311	0.74583	0.06306
V427	0.16638	0.31968	0.23472	0.27922
V428	0.19896	0.65456	0.10941	0.03708
V429	0.13657	0	0.12788	0.73555
V430	0.77717	0.1527	0.03428	0.03585
V431	0.2261	0.01906	0.45743	0.29741
V432	0.19439	0.04633	0.12279	0.63649
V433	0.17685	0.60846	0.06353	0.15116
V434	0.38132	0.04697	0.10428	0.46744
V435	0.53256	0.00307	0.14831	0.31606
V436	0.41196	0	0.15376	0.43428
V437	0.30503	0.16731	0.06897	0.45869
V438	0.64594	0.13813	0.05585	0.16008
V439	0.14851	0.04658	0.10404	0.70087
V440	0.50874	0.02051	0.07564	0.39511
V441	0.126	0.11085	0.59274	0.17041
V442	0.38233	0.29247	0.17076	0.15443
V443	0.76328	0.00842	0.09939	0.12891
V444	0.0812	0.08589	0.80204	0.03088
V445	0.61943	0.0356	0.33344	0.01154
V446	0.15387	0.70309	0.11299	0.03005
V447	0.6572	0.08996	0.18533	0.06751
V448	0.11974	0.02837	0.23977	0.61212
V449	0.58028	0.04532	0.30024	0.07417
V450	0.23848	0.6814	0.08012	0
V451	0.91674	0.06211	0.01875	0.00241
V452	0.13821	0	0.14705	0.71474
V453	0.82568	0.07648	0.0746	0.02324
V454	0.12207	0.76431	0.11362	0
V455	0.61423	0.04312	0.30207	0.04058
V456	0.3646	0.10893	0.39477	0.1317
V457	0.14478	0.00149	0.11495	0.73877
V458	0.33499	0.16959	0.06488	0.43053
V459	0.13495	0.67168	0.146	0.04738
V460	0.92743	0.02996	0.04261	0
V461	0.16448	0.00317	0.10709	0.72526
V462	0.40651	0.19287	0.04994	0.35068
V463	0.33033	0.41187	0.18958	0.06822
V464	0.53783	0.07691	0.04352	0.34175
V465	0.46684	0.37064	0.06228	0.10024
V466	0.62182	0.16141	0.03038	0.18639
V467	0.38461	0.49803	0.11736	0
V468	0.54812	0.35812	0.07936	0.0144
V469	0.11229	0.12247	0.31913	0.44611
V470	0.58065	0.11243	0.1944	0.11252
V471	0.32324	0.06806	0.0967	0.512
V472	0.39143	0.26816	0.04904	0.29137
V473	0.18375	0.47042	0.34583	0
V474	0.18708	0	0.16172	0.6512
V475	0.27196	0.32629	0.13049	0.27126
V476	0.22834	0	0.12566	0.646
V477	0.62104	0.03834	0.21611	0.1245
V478	0.23912	0.48723	0.06443	0.20922
V479	0.07216	0.08933	0.75814	0.08037
V480	0.1833	0.22744	0.11411	0.47515
V481	0.17314	0.05671	0.74858	0.02157
V482	0.72029	0.1523	0.1212	0.00622
V483	0.21003	0.06261	0.13954	0.58783
V484	0.14048	0.02701	0.11725	0.71526
V485	0.22974	0.62172	0.06972	0.07882
V486	0.33773	0.21547	0.1683	0.27849
V487	0.16481	0.01355	0.15587	0.66576
V488	0.05695	0.04423	0.79277	0.10605
V489	0.24083	0.11395	0.63595	0.00927
V490	0.405	0.26461	0.1093	0.22109
V491	0.49873	0.41226	0.06806	0.02095
V492	0.13431	0.69236	0.17333	0
V493	0.15244	0	0.11144	0.73613
V494	0.24011	0.14056	0.5191	0.10023
V495	0.29895	0.53019	0.17086	0
V496	0.35387	0.58738	0.05111	0.00764
V497	0.07621	0.0733	0.81815	0.03234
V498	0.3645	0.07109	0.10447	0.45994
V499	0.62672	0.23745	0.13583	0
V500	0.145	0.12493	0.69621	0.03386
V501	0.13776	0	0.12978	0.73246
V502	0.58081	0.25268	0.1665	0
V503	0.25916	0.06688	0.23762	0.43634
V504	0.32156	0.59469	0.064	0.01976
V505	0.26668	0.17232	0.28345	0.27754
V506	0.16149	0.21494	0.46142	0.16215
V507	0.64345	0.09287	0.13535	0.12833
V508	0.77411	0.15671	0.05704	0.01214
V509	0.26507	0.06006	0.50676	0.16812
V510	0.28599	0.44392	0.27009	0
V511	0.16076	0.32204	0.11271	0.40449
V512	0.29699	0.02253	0.1374	0.54308
V513	0.17806	0.55227	0.24369	0.02598
V514	0.14308	0.02321	0.10567	0.72804
V515	0.79053	0.0609	0.05963	0.08894
V516	0.88175	0.09536	0.02289	0
V517	0.12754	0.00327	0.28612	0.58307
V518	0.92123	0.05518	0.02359	0
V519	0.14971	0.72399	0.07152	0.05478
V520	0.09011	0.00649	0.59736	0.30604
V521	0.5726	0.05811	0.35835	0.01093
V522	0.07731	0.10409	0.57065	0.24795
V523	0.398	0.10696	0.27868	0.21636
V524	0.11831	0.65355	0.22814	0
V525	0.32312	0.15353	0.08638	0.43698
V526	0.67182	0.07137	0.09243	0.16439
V527	0.2508	0.01516	0.40875	0.32529
V528	0.20683	0.71987	0.06332	0.00998
V529	0.14577	0.03052	0.26224	0.56148
V530	0.07194	0.18091	0.65927	0.08787
V531	0.13332	0.70366	0.16302	0
V532	0.25988	0.25309	0.08982	0.39722
V533	0.3511	0.30034	0.17411	0.17445
V534	0.07026	0.02302	0.67541	0.23131
V535	0.55955	0	0.04909	0.39136
V536	0.23622	0	0.38242	0.38136
V537	0.60691	0.23168	0.16141	0
V538	0.48573	0.03805	0.12147	0.35475
V539	0.33938	0.37379	0.19011	0.09673
V540	0.28807	0.5942	0.11774	0
V541	0.13502	0.40261	0.12792	0.33444
V542	0.2588	0.09758	0.28337	0.36025
V543	0.88593	0.01695	0.02303	0.07409
V544	0.18524	0.05189	0.21823	0.54464
V545	0.41201	0.10928	0.11396	0.36475
V546	0.15617	0.72204	0.12178	0
V547	0.13119	0.54207	0.32674	0
V548	0.23938	0.63394	0.12668	0
V549	0.33509	0.05897	0.5962	0.00975
V550	0.60014	0.01889	0.0347	0.34627
V551	0.27384	0.62525	0.0888	0.0121
V552	0.12518	0.41326	0.08246	0.3791
V553	0.25904	0.14887	0.58153	0.01057
V554	0.15895	0.03971	0.112	0.68933
V555	0.17115	0.18168	0.35713	0.29004
V556	0.06107	0.07143	0.82155	0.04595
V557	0.82978	0.03225	0.02277	0.11521
V558	0.18238	0.65883	0.08844	0.07035
V559	0.12025	0.65666	0.22309	0
V560	0.6889	0.28052	0.03058	0
V561	0.06987	0.08105	0.81677	0.03231
V562	0.79571	0.01401	0.12198	0.0683
V563	0.2589	0.04963	0.67874	0.01274
V564	0.10452	0.10016	0.77357	0.02176
V565	0.19786	0.22103	0.39174	0.18937
V566	0.72141	0.08721	0.02352	0.16786
V567	0.30528	0.36978	0.08065	0.24429
V568	0.28687	0	0.11611	0.59703
V569	0.69299	0.02296	0.02432	0.25973
V570	0.09569	0.25415	0.60183	0.04834
V571	0.83121	0.12183	0.0151	0.03185
V572	0.45864	0.02041	0.43865	0.0823
V573	0.16745	0.10646	0.09359	0.63251
V574	0.14095	0.65337	0.20568	0
V575	0.12607	0.0404	0.18705	0.64648
V576	0.24294	0.66616	0.09091	0
V577	0.13309	0.01444	0.2535	0.59897
V578	0.11	0.06414	0.66127	0.16459
V579	0.12389	0.73078	0.14534	0
V580	0.21272	0	0.1668	0.62048
V581	0.17128	0.03474	0.09698	0.697
V582	0.61464	0.12709	0.05847	0.19981
V583	0.07533	0.03891	0.57924	0.30652
V584	0.54261	0.15175	0.29403	0.01161
V585	0.08883	0.00151	0.44902	0.46064
V586	0.25686	0.02891	0.63156	0.08267
V587	0.28265	0.04278	0.64782	0.02675
V588	0.64794	0.03415	0.05163	0.26628
V589	0.17138	0.68793	0.11926	0.02143
V590	0.14641	0.6333	0.22029	0
V591	0.10755	0.01012	0.24803	0.63429
V592	0.19062	0.08017	0.71406	0.01515
V593	0.60124	0	0.19687	0.20189
V594	0.38115	0.26214	0.33994	0.01676
V595	0.14661	0	0.11558	0.73782
V596	0.13443	0.21349	0.26738	0.3847
V597	0.09739	0.49547	0.35676	0.05037
V598	0.07437	0.13129	0.77253	0.02181
V599	0.65517	0.28705	0.05778	0
V600	0.42555	0.41234	0.08856	0.07355
V601	0.24634	0.21057	0.1374	0.4057
V602	0.1498	0	0.11106	0.73914
V603	0.13127	0.27006	0.09382	0.50485
V604	0.53338	0.1207	0.33942	0.0065
V605	0.14958	0.27842	0.41371	0.15829
V606	0.75379	0.14054	0.02832	0.07736
V607	0.66967	0.00863	0.12496	0.19673
V608	0.27396	0.13991	0.39483	0.1913
V609	0.12463	0.17477	0.27549	0.42512
V610	0.78512	0.02487	0.09814	0.09188
V611	0.32342	0	0.11166	0.56493
V612	0.08041	0.10055	0.75585	0.06319
V613	0.10804	0.29321	0.57649	0.02226
V614	0.7819	0.06005	0.06011	0.09793
V615	0.21327	0.02061	0.09411	0.67202
V616	0.19124	0.59124	0.10089	0.11663
V617	0.48151	0.16175	0.35674	0
V618	0.73256	0.00499	0.0217	0.24075
V619	0.4139	0.02679	0.32964	0.22967
V620	0.10593	0.55338	0.3407	0
V621	0.46833	0.13249	0.1987	0.20048
V622	0.39144	0.21121	0.39211	0.00523
V623	0.12449	0.03401	0.20117	0.64033
V624	0.79486	0.18219	0.02295	0
V625	0.34429	0.42606	0.13656	0.09309
V626	0.93468	0.0445	0.02046	0.00036
V627	0.12503	0	0.1539	0.72107
V628	0.12654	0.14302	0.10452	0.62593
V629	0.20741	0.24004	0.30708	0.24548
V630	0.10808	0.29127	0.57176	0.02889
V631	0.12711	0.12696	0.16905	0.57689
V632	0.59987	0	0.1537	0.24643
V633	0.0555	0.05549	0.77146	0.11755
V634	0.42399	0.24443	0.33158	0
V635	0.15115	0.62648	0.07175	0.15062
V636	0.16777	0.10069	0.6259	0.10564
V637	0.36444	0.15482	0.13399	0.34674
V638	0.4329	0.21732	0.10719	0.24258
V639	0.31772	0.37276	0.30952	0
V640	0.09245	0.14952	0.71507	0.04296
V641	0.88942	0.04764	0.03693	0.02601
V642	0.78415	0.16155	0.01689	0.03741
V643	0.0895	0.14584	0.46131	0.30336
V644	0.89169	0.08287	0.02545	0
V645	0.31789	0.36192	0.32019	0
V646	0.13685	0.77908	0.08407	0
V647	0.18231	0.09572	0.67396	0.04802
V648	0.45943	0.38218	0.1584	0
V649	0.07817	0.08102	0.78301	0.0578
V650	0.10621	0.09856	0.73427	0.06096
V651	0.31731	0.04649	0.62719	0.009
V652	0.15641	0.06917	0.44724	0.32718
V653	0.22337	0.56572	0.14587	0.06504
V654	0.72497	0.18174	0.07373	0.01956
V655	0.15648	0.45825	0.0868	0.29847
V656	0.28741	0.20449	0.07518	0.43291
V657	0.14267	0.02859	0.10766	0.72108
V658	0.63832	0.18686	0.07911	0.0957
V659	0.36434	0.07981	0.37492	0.18093
V660	0.15075	0.77491	0.07435	0
V661	0.16857	0.32589	0.11876	0.38678
V662	0.42667	0.02781	0.46268	0.08284
V663	0.26983	0.07583	0.56039	0.09395
V664	0.23006	0.08038	0.65038	0.03918
V665	0.72019	0.1689	0.05873	0.05218
V666	0.59592	0	0.12191	0.28217
V667	0.74885	0.08331	0.16784	0
V668	0.2138	0.65224	0.13396	0
V669	0.30174	0.35895	0.27548	0.06383
V670	0.18879	0.74124	0.06997	0
V671	0.4108	0.25784	0.27488	0.05648
V672	0.06985	0.06763	0.8199	0.04263
V673	0.30439	0.31667	0.25854	0.1204
V674	0.74735	0.13097	0.03514	0.08654
V675	0.21523	0.27781	0.342	0.16496
V676	0.13568	0.06167	0.17057	0.63208
V677	0.44506	0.35044	0.12817	0.07633
V678	0.54457	0.40486	0.05056	0
V679	0.11451	0.28019	0.60103	0.00427
V680	0.36451	0.46996	0.16554	0
V681	0.89417	0.07406	0.02741	0.00435
V682	0.17226	0.26697	0.54158	0.01919
V683	0.14035	0.7688	0.09085	0
V684	0.72509	0.14939	0.10423	0.02129
V685	0.53827	0.3075	0.14497	0.00926
V686	0.18158	0.12717	0.20206	0.48919
V687	0.1461	0	0.11544	0.73847
V688	0.44014	0.44086	0.03832	0.08068
V689	0.2921	0	0.10823	0.59968
V690	0.48435	0.05316	0.41831	0.04419
V691	0.1816	0.05638	0.74367	0.01835
V692	0.12793	0.13488	0.68186	0.05532
V693	0.28168	0.0906	0.38404	0.24368
V694	0.10251	0.00529	0.3208	0.5714
V695	0.28527	0	0.19591	0.51882
V696	0.17459	0.03951	0.10411	0.68179
V697	0.13955	0.01622	0.11146	0.73277
V698	0.83055	0.0121	0.02357	0.13378
V699	0.6047	0.2549	0.08957	0.05083
V700	0.28691	0.00233	0.08427	0.62649
V701	0.21517	0.43589	0.15826	0.19068
V702	0.56811	0.06181	0.0462	0.32389
V703	0.18691	0.04351	0.49117	0.27841
V704	0.83512	0.04874	0.03624	0.0799
V705	0.93981	0.02065	0.02884	0.01069
V706	0.12031	0.06624	0.73448	0.07897
V707	0.11585	0.3727	0.49527	0.01619
V708	0.15602	0.72929	0.08432	0.03037
V709	0.1945	0.23475	0.51929	0.05145
V710	0.63848	0.18605	0.07101	0.10446
V711	0.19373	0.66595	0.14031	0
V712	0.82947	0.05623	0.01727	0.09703
V713	0.48794	0.25427	0.06951	0.18829
V714	0.13195	0.54228	0.08849	0.23728
V715	0.3565	0.29675	0.3157	0.03105
V716	0.14554	0.00736	0.12959	0.71751
V717	0.18989	0.73987	0.07024	0
V718	0.23805	0.47881	0.21444	0.0687
V719	0.17331	0.58669	0.09575	0.14425
V720	0.70999	0.01193	0.23016	0.04793
V721	0.18546	0.14028	0.47881	0.19546
V722	0.19657	0.25155	0.08499	0.46689
V723	0.19864	0.04007	0.09503	0.66626
V724	0.59946	0.01872	0.1085	0.27332
V725	0.05796	0.11398	0.78989	0.03817
V726	0.1445	0.29299	0.17793	0.38457
V727	0.33101	0.5414	0.1276	0
V728	0.13799	0.71722	0.1448	0
V729	0.43607	0.00131	0.19241	0.3702
V730	0.89741	0.04508	0.05239	0.00512
V731	0.11043	0.15243	0.41453	0.3226
V732	0.38624	0.07069	0.36289	0.18018
V733	0.67609	0.16696	0.0532	0.10376
V734	0.28044	0.2756	0.44396	0
V735	0.09015	0.01595	0.48261	0.41129
V736	0.21757	0	0.09463	0.6878
V737	0.38319	0.25253	0.26096	0.10332
V738	0.15402	0.2848	0.45891	0.10227
V739	0.07053	0.01392	0.5845	0.33105
V740	0.83513	0.08802	0.07685	0
V741	0.51814	0.08453	0.14994	0.24739
V742	0.44259	0.49591	0.0615	0
V743	0.17633	0.14318	0.66363	0.01686
V744	0.53767	0.04559	0.33271	0.08403
V745	0.12714	0.58255	0.22194	0.06836
V746	0.93801	0.03544	0.02448	0.00208
V747	0.10777	0.01524	0.68153	0.19545
V748	0.17307	0.09522	0.58054	0.15117
V749	0.34075	0.1304	0.10677	0.42208
V750	0.47374	0.39879	0.05523	0.07224
V751	0.16316	0.72444	0.09739	0.01501
V752	0.50549	0.19911	0.15857	0.13683
V753	0.15263	0	0.10906	0.73831
V754	0.13481	0.76631	0.07144	0.02744
V755	0.21822	0.15755	0.36298	0.26125
V756	0.13749	0	0.13155	0.73096
V757	0.40006	0.5002	0.09973	0
V758	0.15906	0.64194	0.16779	0.0312
V759	0.18514	0.04324	0.41559	0.35604
V760	0.33491	0.04327	0.30214	0.31969
V761	0.16435	0.48994	0.30014	0.04558
V762	0.12453	0.27807	0.09527	0.50213
V763	0.4462	0.30128	0.06569	0.18683
V764	0.13298	0.7659	0.07536	0.02576
V765	0.68775	0.07641	0.02161	0.21423
V766	0.10155	0.26574	0.45315	0.17957
V767	0.51378	0.11478	0.2555	0.11594
V768	0.16932	0.74485	0.08583	0
V769	0.2341	0.68109	0.08481	0
V770	0.13685	0.77908	0.08407	0
V771	0.19233	0.05438	0.73289	0.02039
V772	0.16704	0.07984	0.73898	0.01414
V773	0.25333	0.68149	0.06518	0
V774	0.07304	0.05675	0.82421	0.046
V775	0.18235	0.02142	0.31013	0.48611
V776	0.48582	0.366	0.08291	0.06526
V777	0.24374	0.07885	0.1881	0.48931
V778	0.57794	0.24459	0.09109	0.08638
V779	0.21395	0.03833	0.49929	0.24844
V780	0.20267	0.62759	0.16974	0
V781	0.1545	0.00218	0.11804	0.72528
V782	0.0671	0.12323	0.74754	0.06214
V783	0.80091	0.02332	0.05883	0.11694
V784	0.20927	0.71149	0.07924	0
V785	0.15467	0.76285	0.08248	0
V786	0.74182	0.14967	0.09536	0.01315
V787	0.11203	0.68778	0.20019	0
V788	0.54668	0.27183	0.17034	0.01115
V789	0.17729	0.27254	0.09931	0.45086
V790	0.47905	0.01402	0.11498	0.39195
V791	0.21569	0.31981	0.3494	0.1151
V792	0.23924	0.43616	0.06516	0.25945
V793	0.22823	0.54565	0.0907	0.13542
V794	0.09665	0.09042	0.74243	0.0705
V795	0.1919	0.01269	0.13218	0.66323
V796	0.07888	0.10626	0.78571	0.02915
V797	0.75196	0.02526	0.22278	0
V798	0.64026	0.26435	0.09539	0
V799	0.23677	0.6509	0.08394	0.02839
V800	0.12914	0.0187	0.51497	0.33719
V801	0.2045	0.09084	0.35134	0.35333
V802	0.12673	0.04787	0.3063	0.5191
V803	0.28454	0.4383	0.27716	0
V804	0.53507	0.02916	0.38306	0.0527
V805	0.08463	0.08057	0.80108	0.03371
V806	0.16301	0.75539	0.07954	0.00205
V807	0.31882	0.10926	0.09542	0.47649
V808	0.68938	0.24577	0.06282	0.00203
V809	0.09901	0.08938	0.7872	0.02441
V810	0.13827	0.78273	0.07899	0
V811	0.45889	0.06081	0.22605	0.25425
V812	0.58874	0.23256	0.07492	0.10378
V813	0.61935	0.1826	0.19806	0
V814	0.47203	0.44706	0.08091	0
V815	0.12052	0.74442	0.13506	0
V816	0.89075	0.03391	0.07534	0
V817	0.08013	0.10249	0.79313	0.02425
V818	0.1299	0.01558	0.12759	0.72692
V819	0.8392	0.08519	0.05993	0.01568
V820	0.21324	0.05399	0.10159	0.63118
V821	0.27764	0.28019	0.39859	0.04358
V822	0.11022	0.06419	0.79389	0.0317
V823	0.08859	0.17193	0.66028	0.07921
V824	0.15809	0.33209	0.50982	0
V825	0.29038	0.24694	0.27996	0.18271
V826	0.4685	0.35991	0.17159	0
V827	0.43775	0.50635	0.05589	0
V828	0.28869	0.12287	0.15894	0.42951
V829	0.14965	0.1661	0.11484	0.56941
V830	0.29493	0.16976	0.08898	0.44633
V831	0.79039	0.08466	0.04614	0.0788
V832	0.33871	0.34397	0.20049	0.11683
V833	0.23891	0.4294	0.21617	0.11553
V834	0.3407	0.04707	0.13082	0.48142
V835	0.4216	0.39144	0.14689	0.04007
V836	0.13379	0.54541	0.07632	0.24448
V837	0.29782	0.32214	0.22283	0.15721
V838	0.90047	0.05549	0.04404	0
V839	0.35834	0.50871	0.13295	0
V840	0.35419	0.58175	0.06406	0
V841	0.05546	0.07432	0.80735	0.06286
V842	0.40052	0.14637	0.27873	0.17438
V843	0.06788	0.05318	0.80146	0.07748
V844	0.17915	0.06707	0.39815	0.35562
V845	0.11661	0.11223	0.71244	0.05873
V846	0.0599	0.03231	0.71283	0.19496
V847	0.14588	0	0.11838	0.73574
V848	0.19061	0.42263	0.21205	0.17472
V849	0.12656	0.78513	0.08196	0.00636
V850	0.94417	0.02477	0.03039	0.00067
V851	0.3813	0.44658	0.17212	0
V852	0.18704	0.02038	0.18677	0.60581
V853	0.29564	0.20187	0.41005	0.09243
V854	0.62698	0.15385	0.12086	0.09831
V855	0.14588	0	0.11838	0.73574
V856	0.13545	0.2921	0.37642	0.19603
V857	0.70248	0.15902	0.05246	0.08604
V858	0.55001	0.03859	0.4114	0
V859	0.69038	0.21261	0.03826	0.05875
V860	0.25812	0.072	0.11931	0.55056
V861	0.15564	0.31364	0.53073	0
V862	0.17151	0.09826	0.68903	0.0412
V863	0.2657	0.0288	0.07979	0.62571
V864	0.16301	0.007	0.1316	0.69839
V865	0.17792	0	0.29662	0.52545
V866	0.72038	0.03724	0.24238	0
V867	0.71305	0.04588	0.24107	0
V868	0.5525	0.25097	0.15248	0.04406
V869	0.14335	0.77347	0.08318	0
V870	0.20404	0.25527	0.08998	0.45071
V871	0.12656	0.78513	0.08196	0.00636
V872	0.10626	0	0.28725	0.60648
V873	0.88612	0.04265	0.05915	0.01209
V874	0.27792	0.63499	0.08709	0
V875	0.11887	0.13439	0.24886	0.49789
V876	0.22569	0.28843	0.42295	0.06292
V877	0.14109	0.32798	0.32851	0.20242
V878	0.22415	0.65752	0.11833	0
V879	0.2836	0.58526	0.09443	0.03672
V880	0.38385	0.46922	0.04906	0.09787
V881	0.18582	0.04741	0.59465	0.17212
V882	0.80725	0.01089	0.12953	0.05233
V883	0.30943	0.19576	0.4948	0
V884	0.14163	0.18638	0.08778	0.58422
V885	0.70109	0.19577	0.10314	0
V886	0.09988	0.31039	0.47744	0.11229
V887	0.65724	0.06175	0.169	0.11202
V888	0.14104	0.06124	0.71213	0.08559
V889	0.90557	0.06035	0.03408	0
V890	0.09894	0.1281	0.61174	0.16122
V891	0.63513	0.05976	0.28239	0.02271
V892	0.34111	0.13503	0.07214	0.45173
V893	0.60962	0.19663	0.16478	0.02897
V894	0.1337	0.27634	0.5691	0.02086
V895	0.61539	0.06218	0.20783	0.1146
V896	0.15506	0.76789	0.07705	0
V897	0.71729	0.22979	0.02672	0.0262
V898	0.47522	0	0.05446	0.47032
V899	0.13212	0.13018	0.19835	0.53934
V900	0.16117	0.24518	0.38523	0.20842
V901	0.15847	0.69158	0.07064	0.07931
V902	0.15861	0.73258	0.1088	0
V903	0.08855	0.36261	0.52238	0.02646
V904	0.14524	0.7773	0.07746	0
V905	0.20651	0	0.21759	0.5759
V906	0.43922	0.06971	0.14283	0.34824
V907	0.4863	0.44563	0.05502	0.01304
V908	0.12943	0.01416	0.14876	0.70765
V909	0.23527	0.67548	0.05814	0.03111
V910	0.2173	0	0.17202	0.61068
V911	0.5607	0.34579	0.06308	0.03043
V912	0.44412	0.28492	0.15489	0.11607
V913	0.19447	0	0.09932	0.70621
V914	0.25541	0.42871	0.3107	0.00518
V915	0.27155	0	0.08391	0.64454
V916	0.26991	0.07181	0.62026	0.03803
V917	0.7267	0.03563	0.16913	0.06854
V918	0.1502	0.53323	0.26436	0.05221
V919	0.26452	0.19767	0.3207	0.21711
V920	0.64565	0.18172	0.11084	0.06179
V921	0.1423	0.09801	0.11522	0.64447
V922	0.18027	0.40097	0.40108	0.01768
V923	0.17067	0	0.12396	0.70536
V924	0.13761	0.5656	0.29679	0
V925	0.24525	0.00678	0.09489	0.65307
V926	0.26011	6e-05	0.10388	0.63595
V927	0.13808	0.00765	0.13666	0.71761
V928	0.16548	0.73993	0.07096	0.02363
V929	0.16734	0.53502	0.17614	0.12149
V930	0.55453	0.32649	0.0628	0.05618
V931	0.19597	0.24358	0.51	0.05044
V932	0.09862	0.10015	0.60131	0.19992
V933	0.61699	0.33997	0.04304	0
V934	0.10587	0.10311	0.30924	0.48178
V935	0.58571	0.15328	0.22042	0.04059
V936	0.56737	0.23691	0.0473	0.14842
V937	0.57485	0.11177	0.10929	0.20408
V938	0.40589	0.0425	0.32238	0.22923
V939	0.76736	0.02171	0.08372	0.12722
V940	0.13796	0.66503	0.19512	0.00188
V941	0.07263	0.07751	0.81418	0.03568
V942	0.74251	0.17618	0.0813	0
V943	0.41954	0.12798	0.42029	0.03218
V944	0.13208	0.18527	0.1369	0.54576
V945	0.59991	0.31419	0.03793	0.04797
V946	0.48768	0.24017	0.26483	0.00732
V947	0.16125	0.02454	0.26903	0.54518
V948	0.34645	0.0548	0.5836	0.01516
V949	0.10555	0.06655	0.24888	0.57902
V950	0.15897	0.44468	0.25093	0.14542
V951	0.80787	0.03717	0.15496	0
V952	0.15432	0.08939	0.29866	0.45764
V953	0.0702	0.08445	0.80618	0.03917
V954	0.14026	0.12184	0.19748	0.54041
V955	0.22824	0.49434	0.08435	0.19306
V956	0.10326	0.01879	0.51253	0.36542
V957	0.36855	0	0.06696	0.56449
V958	0.15244	0	0.11144	0.73613
V959	0.28176	0.23409	0.43736	0.04679
V960	0.30715	0.21672	0.13059	0.34554
V961	0.21319	0.33235	0.36713	0.08732
V962	0.39407	0.16129	0.39769	0.04695
V963	0.62034	0.16015	0.17218	0.04733
V964	0.83967	0.0441	0.10356	0.01267
V965	0.16084	0.41076	0.23269	0.19571
V966	0.937	0.03777	0.02523	0
V967	0.12047	0.03444	0.52736	0.31773
V968	0.06181	0.14781	0.72888	0.06151
V969	0.12699	0.19994	0.11678	0.55629
V970	0.11459	0.09142	0.43902	0.35498
V971	0.52005	0.08861	0.33586	0.05547
V972	0.54868	0.17126	0.07957	0.20049
V973	0.34527	0.35194	0.12258	0.18022
V974	0.12309	0.65698	0.17954	0.04039
V975	0.15949	0.26379	0.57672	0
V976	0.48624	0.2156	0.14336	0.15479
V977	0.35624	0.31574	0.32802	0
V978	0.1603	0.04616	0.14121	0.65233
V979	0.78156	0.03796	0.18049	0
V980	0.93801	0.03544	0.02448	0.00208
V981	0.36085	0.03546	0.43806	0.16563
V982	0.49431	0.35016	0.10667	0.04886
V983	0.71575	0.05404	0.02476	0.20545
V984	0.13275	0.7028	0.16262	0.00183
V985	0.17574	0.12299	0.09136	0.60991
V986	0.39435	0.45042	0.09188	0.06335
V987	0.31837	0.62668	0.05495	0
V988	0.267	0	0.09138	0.64162
V989	0.48482	0.40827	0.1069	0
V990	0.0576	0.06405	0.74481	0.13354
V991	0.65746	0.31155	0.03099	0
V992	0.23822	0.01168	0.52114	0.22896
V993	0.17178	0.61055	0.20953	0.00814
V994	0.27065	0.64698	0.08238	0
V995	0.75624	0.0996	0.04767	0.0965
V996	0.32596	0.0821	0.07665	0.5153
V997	0.0697	0.03816	0.77484	0.11731
V998	0.8743	0.0272	0.07072	0.02777
V999	0.22215	0.70923	0.06862	0
V1000	0.35251	0.00288	0.06982	0.57478
