CD56NK	CD4MemoryT	CD19B	CD14
V1	0.56875	0	0.12934	0.3019
V2	0.14356	0.03536	0.03321	0.78788
V3	0.0603	0.56608	0.00581	0.36781
V4	0.8996	0.08121	0	0.01919
V5	0.12113	0.4443	0.23687	0.1977
V6	0.08265	0.88391	0.01451	0.01893
V7	0.15238	0.28435	0.05968	0.50359
V8	0.13775	0.00986	0.81675	0.03564
V9	0.24396	0.15892	0.02236	0.57476
V10	0.01705	0.01228	0.90976	0.06092
V11	0.24162	0.33049	0.4254	0.00249
V12	0.0268	0.59654	0.3662	0.01046
V13	0.29459	0.68557	0.00166	0.01817
V14	0.07324	0.91826	0.00482	0.00368
V15	0.13084	0.57988	0.09839	0.19089
V16	0.94151	0.0225	0.00854	0.02746
V17	0.09368	0.87869	0.00858	0.01906
V18	0.63746	0.2982	0.02764	0.03669
V19	0.1749	0.81135	0.00319	0.01057
V20	0.1758	0.39308	0.00981	0.42131
V21	0.13913	0.03046	0.79598	0.03443
V22	0.02621	0.03902	0.16288	0.77189
V23	0.42932	0.02213	0.54359	0.00496
V24	0.95529	0.0248	0.01897	0.00095
V25	0.37921	0.16732	0.09896	0.35452
V26	0.4318	0.32357	0.00854	0.2361
V27	0.09592	0.0161	0.01698	0.87099
V28	0.00842	0.04496	0.94241	0.00421
V29	0.49201	0.00983	0.46794	0.03023
V30	0.10545	0.1449	0.24353	0.50612
V31	0.21951	0.13007	0.26594	0.38447
V32	0.0785	0	0.02647	0.89503
V33	0.04807	0.48357	0.35101	0.11735
V34	0.13863	0.01831	0.8082	0.03487
V35	0.18059	0.72819	0.06285	0.02837
V36	0.0128	0.00866	0.42506	0.55348
V37	0.57105	0.02987	0.06613	0.33295
V38	0.42745	0	0.13031	0.44224
V39	0.18567	0.54392	0.10649	0.16392
V40	0.10866	0.82949	0.06185	0
V41	0.01287	0.63362	0.03156	0.32195
V42	0.22322	0.00095	0.16472	0.61111
V43	0.14965	0.30802	0.51098	0.03135
V44	0.01576	0.03919	0.73824	0.20681
V45	0.10694	0.58773	0.20403	0.10131
V46	0.85963	0.04555	0.09077	0.00405
V47	0.52123	0.13749	0.29051	0.05077
V48	0.85128	0.13054	0	0.01818
V49	0.77784	0.13845	0	0.08371
V50	0.07197	0.85852	0.06689	0.00263
V51	0.36333	0.37142	0.23665	0.02861
V52	0.02584	0.07494	0.8632	0.03601
V53	0.79009	0.08892	0.12099	0
V54	0.49248	0.14326	0.34479	0.01947
V55	0.22361	0.07007	0.20408	0.50223
V56	0.04792	0	0.06311	0.88897
V57	0.10506	0.86983	0.01465	0.01046
V58	0.64138	0	0.02308	0.33553
V59	0.49753	0.37004	0.08381	0.04862
V60	0.13908	0.09206	0.2928	0.47606
V61	0.85204	0.06282	0.0021	0.08304
V62	0.92592	0.01772	0.04501	0.01136
V63	0.01874	0.86062	0.10153	0.01911
V64	0.01292	0.83922	0	0.14786
V65	0.02618	0	0.07613	0.89769
V66	0.24075	0.67674	0.01149	0.07102
V67	0.17595	0.29771	0.51533	0.011
V68	0.15558	0.08065	0.01376	0.75001
V69	0.02543	0.27469	0.64323	0.05665
V70	0.61132	0.09783	0.15081	0.14005
V71	0.17054	0.02877	0.33723	0.46346
V72	0.63543	0.10038	0.06809	0.1961
V73	0.17264	0.60956	0.11814	0.09966
V74	0.06226	0.19851	0.73923	0
V75	0.7528	0	0.15191	0.09529
V76	0.01227	0.1012	0.14803	0.7385
V77	0.04499	0.21103	0.00519	0.73879
V78	0.32621	0.0597	0.15052	0.46357
V79	0.00815	0.06093	0.8238	0.10712
V80	0.39031	0.00281	0.50982	0.09706
V81	0.05955	0.12669	0.80835	0.00541
V82	0.00285	0.05251	0.93532	0.00932
V83	0.13494	0.10676	0.05283	0.70548
V84	0.40831	0.01259	0.12648	0.45263
V85	0.12111	0.26432	0.39811	0.21646
V86	0.04504	0.02744	0.87961	0.04791
V87	0.03694	0.85	0.04023	0.07283
V88	0.16649	0.01893	0.22647	0.5881
V89	0.02833	0	0.16188	0.80978
V90	0.03019	0.91594	0.04319	0.01068
V91	0.03663	0.76435	0.16931	0.02972
V92	0.5014	0.00267	0.34399	0.15194
V93	0.89596	0.00591	0	0.09814
V94	0.02414	0.37065	0.01423	0.59097
V95	0.29581	0.39276	0.13429	0.17715
V96	0.07391	0.04675	0.02009	0.85924
V97	0.75632	0.06889	0.17115	0.00363
V98	0.73508	0.25435	0	0.01057
V99	0.85485	0.02625	0.1147	0.0042
V100	0.08089	0.01625	0.87741	0.02545
V101	0.03319	0.01	0.01947	0.93735
V102	0.95386	0.03403	0	0.01211
V103	0.02508	0.01109	0.07085	0.89299
V104	0.03199	0.95829	0.00544	0.00428
V105	0.06253	0.92407	0.00987	0.00352
V106	0.13418	0.5117	0.31251	0.04161
V107	0.21455	0.15261	0.57758	0.05526
V108	0.16905	0.75467	0.07628	0
V109	0.0164	0.10424	0.58616	0.29319
V110	0.05984	0.89381	0.02732	0.01903
V111	0.94518	0.00162	0.0476	0.0056
V112	0.13337	0.02346	0.39266	0.45051
V113	0.19286	0.05093	0.14169	0.61452
V114	0.24278	0.01085	0.05738	0.68899
V115	0.00976	0.78031	0.20718	0.00275
V116	0.16102	0.26196	0.36168	0.21534
V117	0.74372	0.20025	0.0198	0.03623
V118	0.17926	0.53798	0.02287	0.25989
V119	0.11364	0.03015	0.03534	0.82087
V120	0.08247	0.04242	0.86015	0.01496
V121	0.65274	0.07532	0.06703	0.20492
V122	0.97691	0.00603	0.00466	0.0124
V123	0.01501	0.44598	0.03187	0.50714
V124	0.70659	0.23765	0	0.05576
V125	0.44934	0.38164	0.15087	0.01816
V126	0.04609	0.08315	0.0363	0.83446
V127	0.16505	0.01286	0.21496	0.60713
V128	0.0382	0	0.08548	0.87632
V129	0.659	0.18133	0.13192	0.02775
V130	0.00792	0.67615	0.31316	0.00276
V131	0.02981	0.88868	0	0.08151
V132	0.96291	0.00335	0.01431	0.01944
V133	0.94769	0.00827	0.03233	0.0117
V134	0.11948	0.32721	0.10482	0.4485
V135	0.07819	0	0.14263	0.77918
V136	0.26205	0.33177	0.00415	0.40204
V137	0.71448	0.01421	0.20321	0.06809
V138	0.24261	0.35263	0.15604	0.24872
V139	0.39713	0.14477	0.16658	0.29152
V140	0.03833	0.04183	0.04029	0.87956
V141	0.06783	0.10261	0.53425	0.29531
V142	0.82688	0.00555	0.16682	0.00075
V143	0.47898	0.19453	0.04783	0.27866
V144	0.17199	0.09277	0.13575	0.59949
V145	0.00303	0.78702	0.20688	0.00307
V146	0.06073	0	0.02844	0.91083
V147	0.94401	0.0112	0.00853	0.03626
V148	0.13816	0.03766	0.56299	0.26119
V149	0.30146	0.50153	0.19542	0.00159
V150	0.0943	0.19762	0.61282	0.09526
V151	0.23207	0.60078	0.02345	0.1437
V152	0.27185	0.41414	0.20068	0.11333
V153	0.1159	0.74232	0.01215	0.12963
V154	0.2827	0.43718	0.25115	0.02897
V155	0.54391	0.09455	0.2539	0.10764
V156	0.03492	0.0943	0.71169	0.15909
V157	0.34467	0.10246	0.28281	0.27006
V158	0.03232	0	0.03012	0.93756
V159	0.91314	0.04199	0	0.04488
V160	0.70704	0	0.0417	0.25126
V161	0.20526	0	0.02341	0.77133
V162	0.07244	0.22313	0.0614	0.64303
V163	0.10741	0.45463	0.14643	0.29152
V164	0.38305	0.2451	0.08274	0.28911
V165	0.0233	0.19659	0.00358	0.77653
V166	0.0242	0.04858	0.05485	0.87237
V167	0.33573	0	0.00433	0.65994
V168	0.3266	0.55171	0.06058	0.06111
V169	0.18769	0.01721	0.02633	0.76877
V170	0.10799	0.00274	0.48348	0.40579
V171	0.14696	0.19974	0.60919	0.04411
V172	0.76696	0.00261	0.22551	0.00492
V173	0.03843	0.08575	0.03124	0.84457
V174	0.02937	0.09919	0.05706	0.81437
V175	0.06415	0.00735	0.77559	0.15291
V176	0.01032	0.83827	0.14857	0.00284
V177	0.01382	0.97216	0.00111	0.01292
V178	0.01205	0.73919	0.00187	0.24689
V179	0.16231	0	0.33395	0.50374
V180	0.03333	0.90305	0.06362	0
V181	0.18171	0.08667	0.5343	0.19732
V182	0.35087	0.13385	0.44996	0.06532
V183	0.1971	0.79645	0.00336	0.00309
V184	0.97817	0.01484	0.0053	0.00169
V185	0.61964	0.37195	0.00586	0.00256
V186	0.1341	0.46003	0.24932	0.15655
V187	0.97116	0.00697	0.01611	0.00576
V188	0.06564	0.16459	0.00216	0.76761
V189	0.83636	0.00578	0.00729	0.15058
V190	0.71433	0.0063	0.27464	0.00473
V191	0.21523	0.16479	0.57653	0.04345
V192	0.33942	0.41776	0.03535	0.20747
V193	0.65815	0.0105	0.19722	0.13413
V194	0.04073	0.93523	0.00411	0.01993
V195	0.01125	0.02885	0.95	0.0099
V196	0.0285	0.0349	0.0179	0.9187
V197	0.40996	0.01711	0.01553	0.5574
V198	0.07164	0.49999	0.36197	0.0664
V199	0.16398	0.00086	0.13952	0.69563
V200	0.13981	0.51523	0.01042	0.33454
V201	0.1078	0.54041	0.17077	0.18102
V202	0.01642	0.0098	0.75845	0.21533
V203	0.18901	0.41179	0.37961	0.01959
V204	0.01614	0.46707	0.00351	0.51328
V205	0.01706	0.04168	0.92469	0.01657
V206	0.04769	0.07357	0.87201	0.00673
V207	0.13539	0.12263	0.03858	0.7034
V208	0.2841	0.04283	0.66032	0.01276
V209	0.34284	0.42256	0.05106	0.18353
V210	0.09411	0.78218	0.07252	0.05119
V211	0.41195	0	0.02169	0.56637
V212	0.56839	0.02101	0.39069	0.01991
V213	0.67174	0.00643	0.07992	0.24191
V214	0.36011	0.10369	0.13253	0.40367
V215	0.28968	0.04769	0.01238	0.65025
V216	0.04665	0	0.02682	0.92653
V217	0.04894	0.45867	0.21302	0.27936
V218	0.10773	0.40097	0.1451	0.34621
V219	0.11635	0.59661	0.0056	0.28144
V220	0.01103	0.81266	0.00263	0.17368
V221	0.81333	0	0	0.18667
V222	0.35975	0.08612	0.33809	0.21604
V223	0.0074	0.10271	0.79455	0.09534
V224	0.97214	0.01108	0.01541	0.00137
V225	0.06181	0.89216	0.04319	0.00284
V226	0.3491	0.05587	0.58287	0.01215
V227	0.83349	0.00124	0.15397	0.01129
V228	0.82782	0.03499	0.04289	0.09429
V229	0.01706	0.02056	0.93477	0.02761
V230	0.03138	0.00613	0.02647	0.93602
V231	0.02567	0.20231	0.08688	0.68514
V232	0.04963	0.60505	0	0.34532
V233	0.62513	0.04857	0.16536	0.16094
V234	0.04043	0.92702	0.02173	0.01081
V235	0.42559	0.03782	0.5058	0.0308
V236	0.04467	0.04383	0.81694	0.09457
V237	0.15462	0	0.02585	0.81953
V238	0.14626	0.55534	0.24595	0.05246
V239	0.07138	0.32867	0.01252	0.58744
V240	0.54567	0.01868	0.38574	0.04992
V241	0.01609	0.01215	0.88858	0.08318
V242	0.14312	0.77377	0.07358	0.00953
V243	0.26753	0.02247	0.62084	0.08916
V244	0.22329	0.00367	0.67245	0.1006
V245	0.66654	0.2429	0.03284	0.05772
V246	0.0583	0.11891	0.79933	0.02345
V247	0.18555	0.02288	0.79031	0.00126
V248	0.03433	0.00727	0.04115	0.91725
V249	0.00132	0.02844	0.88667	0.08357
V250	0.81194	0.00239	0.1809	0.00477
V251	0.96276	0.03147	9e-05	0.00568
V252	0.01406	0.85372	0.13221	0
V253	0.37994	0.03082	0.12832	0.46093
V254	0.01292	0.94609	0.03744	0.00355
V255	0.05054	0.90919	0	0.04027
V256	0.20075	0.16844	0.52501	0.10579
V257	0.4618	0.05657	0.19973	0.2819
V258	0.20187	0.21709	0.42174	0.15931
V259	0.03544	0.26541	0.65432	0.04482
V260	0.00187	0.27165	0.72131	0.00517
V261	0.66568	0.00881	0.15867	0.16684
V262	0.09622	0.02206	0.01633	0.86539
V263	0.02196	0.95586	0.00079	0.02139
V264	0.16745	0.01173	0.38891	0.43191
V265	0.0378	0	0.10831	0.8539
V266	0.68273	0.31479	0.00248	0
V267	0.00861	0.11487	0.24454	0.63198
V268	0.38727	0.00078	0.10812	0.50384
V269	0.00805	0.55843	0.37948	0.05405
V270	0.7012	0.00653	0.20382	0.08845
V271	0.84362	0.03552	0.0176	0.10326
V272	0.05922	0.81626	0.0072	0.11732
V273	0.05929	0.00098	0.03298	0.90675
V274	0.73989	0	0.14392	0.11619
V275	0.00445	0.03405	0.9509	0.0106
V276	0.54898	0.27859	0.00289	0.16954
V277	0.042	0.13552	0.12909	0.6934
V278	0.04036	0.02037	0.24417	0.6951
V279	0.74075	0.02676	0.08044	0.15205
V280	0.03232	0	0.03012	0.93756
V281	0.56855	0.00652	0.10555	0.31938
V282	0.05564	0.0449	0.82864	0.07083
V283	0.23414	0.54968	0.04481	0.17136
V284	0.03116	0.92194	0.04392	0.00298
V285	0.08069	0.02607	0.8905	0.00274
V286	0.27707	0.52608	0.08693	0.10992
V287	0.10452	0.86813	0.00836	0.01899
V288	0.01844	0.22152	0.40948	0.35056
V289	0.3279	0.17181	0.41002	0.09027
V290	0.85501	0.13853	0.00646	0
V291	0.54895	0.04384	0.39577	0.01144
V292	0.94387	0.00278	0	0.05335
V293	0.32718	0.00891	0.62131	0.04259
V294	0.09295	0.29281	0	0.61424
V295	0.02432	0.10957	0.15654	0.70957
V296	0.19614	0.08266	0.61659	0.10462
V297	0.07469	0	0.05524	0.87007
V298	0.33876	0.07231	0.57692	0.01201
V299	0.07399	0.19842	0.00944	0.71816
V300	0.01464	0.00443	0.1897	0.79123
V301	0.12795	0.07499	0.6523	0.14476
V302	0.69621	0.29339	0	0.0104
V303	0.00132	0.6034	0.36414	0.03113
V304	0.05384	0.01193	0.72967	0.20456
V305	0.12799	0.10902	0.44137	0.32162
V306	0.86429	0.05927	0.03088	0.04556
V307	0.02106	0.95718	0.01012	0.01164
V308	0.25128	0.17077	0.27119	0.30677
V309	0.35334	0.24148	0.01423	0.39095
V310	0.08256	0.24357	0.12104	0.55283
V311	0.5604	0.43556	0.0014	0.00264
V312	0.10644	0.7553	0.11973	0.01852
V313	0.02042	0.06294	0.02113	0.89551
V314	0.02139	0.41583	0.08762	0.47517
V315	0.12965	0.58596	0.02345	0.26094
V316	0.34592	0.0879	0.36218	0.20399
V317	0.09392	0.6779	0.03144	0.19674
V318	0.03958	0.48971	0.00601	0.4647
V319	0.05632	0.04086	0.8668	0.03602
V320	0.07947	0.10182	0.65988	0.15883
V321	0.67296	0.32447	0.00257	0
V322	0.20204	0.24792	0.05065	0.49939
V323	0.05506	0	0.068	0.87694
V324	0.72927	0.20573	0.04722	0.01778
V325	0.33677	0.62242	0.03887	0.00194
V326	0.00645	0.50708	0.07105	0.41541
V327	0.02856	0.08304	0.07927	0.80913
V328	0.04439	0.01131	0.72718	0.21712
V329	0.16976	0.05805	0.13397	0.63821
V330	0.40203	0	0.28819	0.30977
V331	0.33826	0.04149	0.02794	0.5923
V332	0.02107	0.01403	0.1476	0.81729
V333	0.46766	0.04114	0.35789	0.13331
V334	0.36524	0	0.31039	0.32437
V335	0.02624	0.2969	0.51688	0.15998
V336	0.18963	0.68078	0.01156	0.11803
V337	0.32574	0.37496	0.27033	0.02897
V338	0.00595	0.98235	0.00645	0.00525
V339	0.13192	0.01372	0.84691	0.00745
V340	0.05784	0.17505	0.523	0.24411
V341	0.03261	0.00622	0.05271	0.90846
V342	0.26085	0	0.5805	0.15865
V343	0.97839	0.01482	0.00063	0.00615
V344	0.73537	0.11609	0.14854	0
V345	0.01604	0.03857	0.94179	0.00361
V346	0.2384	0.06308	0.24576	0.45276
V347	0.04599	0	0.09818	0.85583
V348	0.06029	0.6431	0.11868	0.17794
V349	0.39062	0.1185	0.36552	0.12537
V350	0.03187	0.81796	0.15018	0
V351	0.02236	0.00621	0.34174	0.62969
V352	0.044	0.01388	0.84844	0.09367
V353	0.91098	0.00832	0.01804	0.06266
V354	0.04797	0.70879	0.20204	0.0412
V355	0.29624	0.04174	0.4336	0.22842
V356	0.03887	0	0.07715	0.88398
V357	0.11964	0.27287	0.25478	0.35271
V358	0.55687	0.05649	0.03071	0.35593
V359	0.57219	0.02225	0.01778	0.38778
V360	0.59569	0.38452	0.01048	0.00931
V361	0.00042	0.44903	0.54662	0.00393
V362	0.00585	0.97666	0.01262	0.00488
V363	0.17788	0.07248	0.44556	0.30407
V364	0.16248	0.03754	0.68311	0.11688
V365	0.2476	0.002	0.01047	0.73992
V366	0.08264	0.66654	0.06332	0.18749
V367	0.58105	0.08662	0	0.33233
V368	0.09339	0.73371	0.0631	0.1098
V369	0.01676	0.39139	0.58804	0.00382
V370	0.33933	0.23522	0.39539	0.03007
V371	0.20315	0.70708	0.01813	0.07164
V372	0.15302	0.01679	0.08984	0.74035
V373	0.07938	0.08826	0.44566	0.3867
V374	0.81437	0.00965	0.17552	0.00046
V375	0.04509	0.00769	0.11283	0.8344
V376	0.03888	0.00294	0.07619	0.88199
V377	0.78072	0	0.0022	0.21708
V378	0.01506	0.00682	0.35053	0.62759
V379	0.33531	0.12906	0.00444	0.53119
V380	0.14382	0.03057	0.15999	0.66562
V381	0.75794	0	0.06367	0.17839
V382	0.08423	0.02611	0.88227	0.00739
V383	0.84996	0	0.02959	0.12045
V384	0.58297	0.03839	0.09981	0.27883
V385	0.8924	0.0038	0.04954	0.05426
V386	0.28753	0	0.10847	0.60401
V387	0.64935	0.09929	0.15887	0.09249
V388	0.41816	0.27463	0.12044	0.18677
V389	0.44943	0.47688	0.00434	0.06935
V390	0.33259	0.22326	0.44139	0.00276
V391	0.40908	0.05565	0.00917	0.52609
V392	0.46595	0.16104	0.13646	0.23655
V393	0.31373	0.17643	0.32848	0.18136
V394	0.09257	0.15274	0.08595	0.66873
V395	0.24247	0.34431	0.17727	0.23595
V396	0.01284	0.96151	0.00488	0.02077
V397	0.83766	0.05322	0.07295	0.03617
V398	0.463	0.08198	0.06939	0.38563
V399	0.21272	0.536	0.12644	0.12484
V400	0.00658	0.52383	0.04732	0.42227
V401	0.03583	0.11897	0.7498	0.09539
V402	0.83179	0.14507	0.02314	0
V403	0.0333	0.00072	0.05906	0.90692
V404	0.09368	0.15323	0.63267	0.12041
V405	0.21015	0.00515	0.12986	0.65483
V406	0.6894	0.19378	0.00713	0.1097
V407	0.00595	0.98235	0.00645	0.00525
V408	0.09396	0.18766	0.378	0.34038
V409	0.0259	0.00306	0.03115	0.93989
V410	0.09311	0.86744	0.02067	0.01877
V411	0.41409	0	0	0.58591
V412	0.16061	0.04137	0.47134	0.32668
V413	0.05972	0.43874	0.15605	0.34549
V414	0.03705	0.49064	0.31508	0.15723
V415	0.45554	0.00839	0.19139	0.34468
V416	0.01237	0.07444	0.91072	0.00247
V417	0.40898	0.58678	0.00169	0.00255
V418	0.07117	0.0511	0.10855	0.76918
V419	0.03149	0	0.03535	0.93316
V420	0.00467	0.88239	0.0089	0.10405
V421	0.16061	0.02283	0.67552	0.14104
V422	0.05158	0.02559	0.01668	0.90615
V423	0.08089	0.01625	0.87741	0.02545
V424	0.00408	0.02562	0.58006	0.39023
V425	0.0576	0.1947	0.61253	0.13517
V426	0.08991	0.02902	0.79951	0.08155
V427	0.07091	0.33604	0.16384	0.42921
V428	0.09222	0.77258	0.03934	0.09586
V429	0.03075	0	0.04029	0.92897
V430	0.79903	0.11866	0.00734	0.07497
V431	0.17941	0.00746	0.40848	0.40466
V432	0.10312	0.04339	0.03504	0.81845
V433	0.06015	0.69304	0	0.24681
V434	0.32581	0.03488	0.03471	0.60461
V435	0.50409	0	0.08935	0.40656
V436	0.36625	0	0.08385	0.5499
V437	0.22755	0.15775	0.0012	0.6135
V438	0.6414	0.10433	0.01787	0.23639
V439	0.04091	0.0528	0.01437	0.89191
V440	0.46885	0.01092	0.02001	0.50022
V441	0.06783	0.0872	0.59022	0.25476
V442	0.34846	0.28498	0.11195	0.25461
V443	0.76069	0	0.06299	0.17632
V444	0.01604	0.03857	0.94179	0.00361
V445	0.66314	0.00704	0.301	0.02882
V446	0.03763	0.83798	0.04018	0.08421
V447	0.68524	0.05708	0.14481	0.11287
V448	0.02726	0.02521	0.15422	0.79331
V449	0.60739	0.01891	0.2585	0.1152
V450	0.1556	0.83275	0.01164	0
V451	0.94594	0.03424	0	0.01982
V452	0.04072	0	0.05873	0.90055
V453	0.85685	0.04471	0.04331	0.05513
V454	0.00533	0.94619	0.03706	0.01142
V455	0.65083	0.01468	0.26509	0.06941
V456	0.35842	0.07845	0.36015	0.20298
V457	0.02619	0.01002	0.02506	0.93873
V458	0.26389	0.15738	0.00026	0.57847
V459	0.01775	0.80028	0.07247	0.1095
V460	0.96865	0.00444	0.01478	0.01213
V461	0.06194	0.00832	0.01735	0.91239
V462	0.34579	0.17788	0	0.47633
V463	0.28204	0.44397	0.13567	0.13833
V464	0.50021	0.05624	0	0.44355
V465	0.43536	0.37371	0.01495	0.17598
V466	0.60336	0.12977	0	0.26688
V467	0.34989	0.55109	0.06048	0.03854
V468	0.54845	0.35801	0.03466	0.05888
V469	0.02159	0.11274	0.24629	0.61938
V470	0.59401	0.07951	0.14983	0.17665
V471	0.25719	0.0556	0.0237	0.66351
V472	0.3286	0.26097	0	0.41043
V473	0.10713	0.54974	0.32373	0.0194
V474	0.10957	0	0.07839	0.81203
V475	0.19279	0.33285	0.05929	0.41507
V476	0.15275	0	0.04323	0.80402
V477	0.63373	0.01513	0.17003	0.18111
V478	0.13896	0.53326	0.00032	0.32745
V479	0.01605	0.06002	0.81725	0.10669
V480	0.08236	0.2308	0.03171	0.65513
V481	0.15483	0.01526	0.815	0.01491
V482	0.7617	0.11666	0.08481	0.03683
V483	0.1227	0.05791	0.05414	0.76525
V484	0.03289	0.03102	0.02624	0.90985
V485	0.12799	0.71252	0.00587	0.15362
V486	0.28527	0.19972	0.10088	0.41412
V487	0.07211	0.01306	0.06619	0.84864
V488	0.00179	0.01183	0.85636	0.13001
V489	0.23551	0.07642	0.6755	0.01257
V490	0.36368	0.24953	0.04874	0.33805
V491	0.48193	0.42658	0.02163	0.06986
V492	0.02964	0.85607	0.11156	0.00273
V493	0.03573	0.00163	0.02284	0.93981
V494	0.21123	0.11591	0.5155	0.15736
V495	0.25207	0.61305	0.11675	0.01812
V496	0.29304	0.65836	0	0.0486
V497	0.01185	0.02535	0.95248	0.01032
V498	0.30672	0.0556	0.03451	0.60317
V499	0.67394	0.2268	0.09663	0.00263
V500	0.10522	0.0936	0.75572	0.04545
V501	0.02523	0	0.04384	0.93094
V502	0.61229	0.23462	0.12562	0.02748
V503	0.19367	0.05147	0.16231	0.59255
V504	0.25196	0.67168	0.0056	0.07076
V505	0.20738	0.15603	0.22396	0.41262
V506	0.09437	0.20414	0.44348	0.25801
V507	0.6546	0.06035	0.09134	0.19372
V508	0.80809	0.12032	0.02575	0.04585
V509	0.24064	0.03443	0.48135	0.24358
V510	0.25208	0.50969	0.23651	0.00171
V511	0.05084	0.34431	0.03153	0.57332
V512	0.23234	0.01619	0.05767	0.6938
V513	0.08279	0.64687	0.19321	0.07714
V514	0.03037	0.03143	0.01558	0.92262
V515	0.80056	0.03368	0.02969	0.13608
V516	0.92573	0.06885	0	0.00542
V517	0.04155	0.00322	0.20365	0.75158
V518	0.96515	0.02861	0	0.00624
V519	0.02909	0.85271	0.0025	0.11571
V520	0.0253	0	0.56749	0.40721
V521	0.61691	0.02566	0.3285	0.02893
V522	0.00951	0.08431	0.55053	0.35565
V523	0.37845	0.08032	0.22529	0.31594
V524	0.00802	0.79247	0.16945	0.03006
V525	0.25338	0.13776	0.01642	0.59244
V526	0.67139	0.04339	0.05096	0.23426
V527	0.20371	0.00561	0.3511	0.43958
V528	0.10417	0.84605	0	0.04979
V529	0.05927	0.02528	0.17928	0.73616
V530	0.0067	0.16593	0.69422	0.13315
V531	0.02298	0.88054	0.09648	0
V532	0.17246	0.25205	0.017	0.55848
V533	0.30621	0.29712	0.11281	0.28385
V534	0.0086	0.00717	0.67272	0.31151
V535	0.52133	0	0.00493	0.47374
V536	0.18512	0	0.31935	0.49553
V537	0.65164	0.21505	0.12365	0.00966
V538	0.45139	0.02341	0.06053	0.46466
V539	0.29581	0.39276	0.13429	0.17715
V540	0.21899	0.688	0.05398	0.03903
V541	0.02251	0.44112	0.04664	0.48973
V542	0.19877	0.07903	0.21571	0.50649
V543	0.88866	0	0.00313	0.10821
V544	0.10114	0.04387	0.13449	0.7205
V545	0.36543	0.08961	0.04809	0.49688
V546	0.05075	0.89472	0.05171	0.00282
V547	0.03738	0.65509	0.29736	0.01017
V548	0.16676	0.76606	0.06515	0.00203
V549	0.35502	0.02098	0.61126	0.01275
V550	0.56645	0.00707	0	0.42648
V551	0.19103	0.72304	0.02488	0.06104
V552	0.01018	0.45558	0.00361	0.53063
V553	0.25182	0.11817	0.60855	0.02146
V554	0.05675	0.04269	0.02176	0.8788
V555	0.09422	0.16942	0.30279	0.43356
V556	0.00173	0.02843	0.93038	0.03946
V557	0.82717	0.0098	0.00184	0.16119
V558	0.06968	0.76912	0.01887	0.14233
V559	0.0127	0.81728	0.17002	0
V560	0.71737	0.27887	0	0.00376
V561	0.00445	0.03405	0.9509	0.0106
V562	0.81133	0	0.08506	0.10361
V563	0.26574	0.01071	0.71758	0.00597
V564	0.05816	0.06151	0.8653	0.01503
V565	0.13236	0.21161	0.35697	0.29906
V566	0.70911	0.05821	0	0.23267
V567	0.22728	0.38394	0.01583	0.37295
V568	0.22497	0	0.03854	0.73649
V569	0.66531	0.00834	0	0.32636
V570	0.02459	0.26075	0.63272	0.08194
V571	0.84827	0.0882	0	0.06353
V572	0.47586	0	0.40633	0.11781
V573	0.06496	0.11078	0.00744	0.81681
V574	0.03757	0.80314	0.1493	0.00999
V575	0.02924	0.03906	0.09673	0.83497
V576	0.16381	0.79981	0.0265	0.00988
V577	0.04239	0.01339	0.16979	0.77443
V578	0.05456	0.04143	0.66888	0.23513
V579	0.01045	0.89495	0.07524	0.01936
V580	0.13851	0	0.0835	0.77799
V581	0.06812	0.0393	0.00994	0.88264
V582	0.60145	0.09564	0.01779	0.28512
V583	0.00962	0.02383	0.54829	0.41826
V584	0.58147	0.1173	0.26192	0.03931
V585	0.01416	0	0.38875	0.59708
V586	0.2502	0.0062	0.63126	0.11233
V587	0.28795	0.01044	0.66907	0.03253
V588	0.6258	0.01607	0.01174	0.3464
V589	0.05831	0.82118	0.04731	0.0732
V590	0.05051	0.77847	0.16866	0.00236
V591	0.01503	0.00953	0.16459	0.81085
V592	0.17421	0.03575	0.78901	0.00103
V593	0.59062	0	0.14519	0.26419
V594	0.38273	0.25163	0.31358	0.05205
V595	0.03777	0.00447	0.02585	0.93192
V596	0.0391	0.21308	0.193	0.55482
V597	0.00193	0.57404	0.32147	0.10256
V598	0.01688	0.09856	0.86935	0.01522
V599	0.67712	0.27543	0.02069	0.02677
V600	0.39049	0.43103	0.03555	0.14293
V601	0.16212	0.20396	0.05953	0.5744
V602	0.03876	0.00606	0.02077	0.93441
V603	0.0194	0.2915	0.01029	0.67881
V604	0.57263	0.08573	0.31256	0.02908
V605	0.07099	0.28405	0.3862	0.25876
V606	0.76441	0.10678	0.00196	0.12686
V607	0.66025	0	0.0788	0.26095
V608	0.23505	0.11607	0.35806	0.29083
V609	0.0308	0.16905	0.20026	0.59989
V610	0.79591	0.00539	0.06336	0.13534
V611	0.26536	0	0.03738	0.69726
V612	0.02552	0.06907	0.82249	0.08292
V613	0.03509	0.31337	0.60723	0.04431
V614	0.79037	0.03323	0.02959	0.14682
V615	0.12504	0.02229	0.01021	0.84246
V616	0.08159	0.67704	0.03145	0.20992
V617	0.52529	0.13289	0.34183	0
V618	0.7026	0	0	0.2974
V619	0.4003	0.01067	0.27256	0.31646
V620	0.00792	0.67615	0.31316	0.00276
V621	0.45497	0.10491	0.14271	0.29741
V622	0.40474	0.18656	0.37887	0.02983
V623	0.0289	0.03186	0.11187	0.82737
V624	0.82448	0.15703	0	0.01849
V625	0.2911	0.45774	0.07733	0.17383
V626	0.96888	0.01835	0	0.01277
V627	0.02125	0.00311	0.062	0.91364
V628	0.01734	0.15759	0.0137	0.81137
V629	0.13192	0.2366	0.25212	0.37936
V630	0.03522	0.30939	0.59938	0.05602
V631	0.02772	0.12495	0.07874	0.76859
V632	0.57967	0	0.10268	0.31765
V633	0.0018	0.02439	0.81879	0.15502
V634	0.44925	0.23428	0.31401	0.00246
V635	0.02956	0.72036	0.00157	0.24851
V636	0.12813	0.07384	0.64066	0.15738
V637	0.31367	0.13455	0.06436	0.48742
V638	0.39833	0.19468	0.04797	0.35902
V639	0.29867	0.41346	0.28787	0
V640	0.0362	0.12362	0.7817	0.05847
V641	0.91351	0.01985	0.01287	0.05377
V642	0.7959	0.13078	0	0.07332
V643	0.01018	0.13403	0.419	0.43678
V644	0.93502	0.05335	0	0.01163
V645	0.29691	0.38982	0.29438	0.01889
V646	0.0137	0.97536	0.00607	0.00487
V647	0.15364	0.06347	0.7144	0.06849
V648	0.45935	0.40152	0.11128	0.02786
V649	0.02478	0.04632	0.85773	0.07118
V650	0.05625	0.06716	0.79407	0.08253
V651	0.3395	0.00943	0.64551	0.00557
V652	0.08824	0.05335	0.39965	0.45875
V653	0.13146	0.65116	0.08033	0.13705
V654	0.7528	0.15111	0.03896	0.05713
V655	0.03965	0.50575	0.01162	0.44298
V656	0.20543	0.19747	0.00558	0.59152
V657	0.03518	0.0337	0.0174	0.91372
V658	0.64707	0.15575	0.03881	0.15837
V659	0.35049	0.05425	0.32999	0.26527
V660	0.0315	0.94715	0.00045	0.0209
V661	0.06086	0.34672	0.03814	0.55429
V662	0.44359	0.00457	0.43214	0.1197
V663	0.25987	0.04752	0.55205	0.14057
V664	0.21895	0.04693	0.67855	0.05557
V665	0.73934	0.13666	0.02544	0.09856
V666	0.57098	0	0.07145	0.35757
V667	0.81038	0.05295	0.13667	0
V668	0.13157	0.79874	0.06969	0
V669	0.25744	0.37949	0.23504	0.12802
V670	0.08387	0.89603	0	0.0201
V671	0.40939	0.2405	0.23804	0.11207
V672	0.01676	0.02387	0.92154	0.03783
V673	0.257	0.32315	0.21089	0.20897
V674	0.75606	0.09805	0.00695	0.13894
V675	0.14798	0.28003	0.30144	0.27055
V676	0.03675	0.05978	0.07945	0.82402
V677	0.42553	0.35456	0.07476	0.14515
V678	0.55289	0.43837	0.00634	0.00241
V679	0.04801	0.29639	0.64337	0.01223
V680	0.34099	0.52631	0.11462	0.01808
V681	0.92704	0.04179	0.00375	0.02741
V682	0.12153	0.27331	0.56138	0.04378
V683	0.01795	0.96696	0.01509	0
V684	0.76017	0.1137	0.06867	0.05746
V685	0.5507	0.30104	0.09979	0.04848
V686	0.09172	0.11861	0.11843	0.67125
V687	0.03828	8e-05	0.02629	0.93535
V688	0.39651	0.45708	0	0.14642
V689	0.23264	0	0.03236	0.735
V690	0.51288	0.02265	0.39166	0.07281
V691	0.16963	0.01281	0.81057	0.00699
V692	0.0804	0.10846	0.72902	0.08212
V693	0.24252	0.0677	0.33625	0.35353
V694	0.01742	0.00414	0.24184	0.7366
V695	0.22793	0	0.11899	0.65308
V696	0.07489	0.04206	0.01589	0.86717
V697	0.03	0.0229	0.0191	0.92799
V698	0.81995	0	0.00217	0.17788
V699	0.6182	0.23181	0.04746	0.10253
V700	0.21796	0.00172	0.00744	0.77288
V701	0.11845	0.48139	0.08809	0.31207
V702	0.5358	0.04106	0.00258	0.42057
V703	0.13459	0.02624	0.45103	0.38814
V704	0.84377	0.02135	0.01273	0.12216
V705	0.96758	0	0.00408	0.02834
V706	0.07732	0.03501	0.782	0.10568
V707	0.03567	0.41975	0.50101	0.04357
V708	0.03796	0.86571	0.01368	0.08265
V709	0.14763	0.22883	0.52956	0.09398
V710	0.64392	0.15461	0.03177	0.1697
V711	0.09432	0.80371	0.07303	0.02894
V712	0.82996	0.02902	0	0.14101
V713	0.45856	0.23446	0.01964	0.28734
V714	0.01292	0.60913	0.01209	0.36587
V715	0.34285	0.29622	0.28367	0.07726
V716	0.04135	0.01212	0.03849	0.90804
V717	0.08414	0.90402	8e-05	0.01176
V718	0.15893	0.54186	0.15901	0.1402
V719	0.05999	0.66854	0.02452	0.24695
V720	0.73478	0	0.18927	0.07595
V721	0.12933	0.11889	0.456	0.29579
V722	0.09263	0.26137	0.00789	0.63811
V723	0.10496	0.04203	0.00971	0.84331
V724	0.57854	0.00577	0.05731	0.35838
V725	0.00111	0.07803	0.88333	0.03754
V726	0.03981	0.30673	0.09604	0.55743
V727	0.29157	0.63573	0.07111	0.00159
V728	0.0304	0.88964	0.07707	0.00289
V729	0.39786	0	0.12494	0.4772
V730	0.93141	0.01602	0.02519	0.02739
V731	0.02793	0.14073	0.36414	0.4672
V732	0.37492	0.04642	0.31611	0.26255
V733	0.68165	0.13345	0.01842	0.16649
V734	0.26754	0.2834	0.44646	0.0026
V735	0.02011	0.00786	0.4277	0.54433
V736	0.13632	0	0.01336	0.85032
V737	0.36947	0.23636	0.21667	0.1775
V738	0.08297	0.29347	0.44916	0.17441
V739	0.00456	0.00363	0.55308	0.43873
V740	0.88672	0.05742	0.04499	0.01087
V741	0.50068	0.05877	0.09331	0.34723
V742	0.42584	0.56499	0.00917	0
V743	0.14457	0.11329	0.71968	0.02246
V744	0.56032	0.01851	0.2926	0.12857
V745	0.01707	0.68331	0.16115	0.13847
V746	0.98366	0.0093	0	0.00703
V747	0.05305	0.00227	0.6812	0.26348
V748	0.12714	0.07057	0.57713	0.22517
V749	0.27941	0.11363	0.03486	0.5721
V750	0.4464	0.40684	0.00865	0.13811
V751	0.04827	0.86407	0.02635	0.06131
V752	0.5028	0.16979	0.10686	0.22055
V753	0.03386	0.00519	0.02088	0.94007
V754	0.01283	0.91628	0	0.07088
V755	0.15556	0.14157	0.31224	0.39064
V756	0.03634	0	0.04165	0.92201
V757	0.37273	0.55467	0.04491	0.02768
V758	0.04762	0.76576	0.10003	0.08658
V759	0.12174	0.03044	0.35928	0.48854
V760	0.29885	0.02657	0.23687	0.43771
V761	0.07219	0.56639	0.25876	0.10266
V762	0.01294	0.304	0.01076	0.6723
V763	0.40752	0.28994	0.01402	0.28852
V764	0.01206	0.91359	0.00327	0.07109
V765	0.66502	0.0508	0	0.28418
V766	0.01812	0.27068	0.42766	0.28354
V767	0.52488	0.08194	0.21228	0.18091
V768	0.06102	0.90465	0.01507	0.01925
V769	0.15143	0.81836	0.02019	0.01002
V770	0.0137	0.97536	0.00607	0.00487
V771	0.18098	0.01484	0.7899	0.01428
V772	0.14416	0.03573	0.81417	0.00594
V773	0.1749	0.81135	0.00319	0.01057
V774	0.01718	0.01527	0.92852	0.03902
V775	0.10841	0.01437	0.23417	0.64305
V776	0.46846	0.36826	0.0347	0.12858
V777	0.16845	0.06635	0.10697	0.65823
V778	0.58136	0.22093	0.0474	0.15031
V779	0.17074	0.01991	0.46204	0.3473
V780	0.12078	0.76721	0.11201	0
V781	0.05208	0.00689	0.02823	0.9128
V782	0.00813	0.09546	0.81319	0.08322
V783	0.8023	0.00458	0.02911	0.16401
V784	0.11824	0.86965	0.00906	0.00306
V785	0.04026	0.93088	0.0093	0.01957
V786	0.77868	0.11462	0.06043	0.04626
V787	0.0033	0.85421	0.13929	0.0032
V788	0.56666	0.25734	0.12703	0.04897
V789	0.07226	0.28401	0.01937	0.62436
V790	0.44019	0.00557	0.0531	0.50114
V791	0.14936	0.33494	0.31505	0.20065
V792	0.13768	0.47054	0.00034	0.39144
V793	0.12994	0.61148	0.02341	0.23517
V794	0.04526	0.05831	0.80173	0.0947
V795	0.10321	0.01254	0.04446	0.83979
V796	0.02639	0.06887	0.87945	0.02529
V797	0.79849	0.00126	0.18866	0.0116
V798	0.67497	0.25193	0.0554	0.01771
V799	0.14103	0.75757	0.0184	0.083
V800	0.06423	0.00831	0.47025	0.45721
V801	0.13801	0.07361	0.28886	0.49951
V802	0.04024	0.04005	0.22826	0.69145
V803	0.24995	0.50363	0.24641	0
V804	0.56303	0.0042	0.35132	0.08145
V805	0.01804	0.03533	0.94265	0.00398
V806	0.04962	0.90211	0.00857	0.0397
V807	0.25015	0.09546	0.02321	0.63118
V808	0.7142	0.22314	0.02641	0.03625
V809	0.0431	0.04564	0.90895	0.00231
V810	0.01462	0.97801	0.00169	0.00568
V811	0.44056	0.04004	0.16649	0.35291
V812	0.58794	0.20633	0.0327	0.17302
V813	0.66147	0.14949	0.16119	0.02786
V814	0.4708	0.49615	0.03107	0.00198
V815	0.00537	0.92928	0.06171	0.00364
V816	0.9456	0.00769	0.04558	0.00113
V817	0.0263	0.06356	0.89444	0.0157
V818	0.02183	0.02211	0.03595	0.9201
V819	0.8715	0.05209	0.03095	0.04546
V820	0.12332	0.05267	0.01666	0.80735
V821	0.24544	0.27881	0.3843	0.09146
V822	0.06921	0.02178	0.88365	0.02536
V823	0.02469	0.15519	0.69925	0.12087
V824	0.09783	0.36858	0.53359	0
V825	0.24006	0.23712	0.2299	0.29291
V826	0.48201	0.37931	0.12937	0.00931
V827	0.40969	0.55751	0.00528	0.02752
V828	0.21981	0.10695	0.08274	0.5905
V829	0.04474	0.17168	0.0266	0.75698
V830	0.21822	0.15783	0.01677	0.60718
V831	0.80221	0.05493	0.0175	0.12536
V832	0.29737	0.35277	0.14413	0.20572
V833	0.15959	0.47317	0.15883	0.20841
V834	0.28177	0.0352	0.05695	0.62607
V835	0.39952	0.40961	0.09418	0.09669
V836	0.01354	0.61412	0.00154	0.3708
V837	0.24213	0.32899	0.16588	0.263
V838	0.95029	0.02933	0.01516	0.00522
V839	0.33221	0.5874	0.07872	0.00166
V840	0.31095	0.68419	0.00486	0
V841	0.00103	0.03569	0.89142	0.07185
V842	0.38478	0.11908	0.22958	0.26656
V843	0.01583	0.01952	0.87019	0.09445
V844	0.11198	0.05171	0.34075	0.49556
V845	0.06875	0.0816	0.7674	0.08226
V846	0.00328	0.00979	0.72539	0.26154
V847	0.02799	0.00101	0.02911	0.94188
V848	0.09561	0.46616	0.14701	0.29122
V849	0.00512	0.94956	0.00494	0.04038
V850	0.98031	0.00194	0.00513	0.01262
V851	0.36965	0.50544	0.12491	0
V852	0.10053	0.01843	0.09921	0.78184
V853	0.27204	0.1807	0.39077	0.1565
V854	0.64239	0.11914	0.07735	0.16112
V855	0.02799	0.00101	0.02911	0.94188
V856	0.04875	0.30416	0.33431	0.31278
V857	0.71383	0.12525	0.01877	0.14215
V858	0.59855	0.00825	0.38829	0.00491
V859	0.69913	0.18437	0.00721	0.10929
V860	0.17873	0.06444	0.03802	0.71881
V861	0.09653	0.33872	0.55326	0.01149
V862	0.13985	0.06504	0.73846	0.05665
V863	0.18915	0.02689	0.00371	0.78025
V864	0.06566	0.00898	0.04188	0.88347
V865	0.10692	0	0.21908	0.674
V866	0.77204	0.00868	0.20811	0.01117
V867	0.77013	0.01487	0.21061	0.0044
V868	0.56755	0.23009	0.10784	0.09453
V869	0.02282	0.96708	0.00573	0.00436
V870	0.10335	0.26283	0.01227	0.62155
V871	0.00512	0.94956	0.00494	0.04038
V872	0.01983	0	0.20591	0.77426
V873	0.91851	0.0148	0.03058	0.03611
V874	0.21063	0.76668	0.02268	0
V875	0.02375	0.12702	0.16755	0.68168
V876	0.17526	0.29356	0.41309	0.1181
V877	0.04858	0.3488	0.27755	0.32507
V878	0.14361	0.80448	0.05191	0
V879	0.2059	0.66724	0.03144	0.09543
V880	0.32764	0.4981	0	0.17426
V881	0.14822	0.02499	0.58147	0.24532
V882	0.82503	0	0.09247	0.0825
V883	0.31325	0.17756	0.5092	0
V884	0.02972	0.20507	0.00269	0.76253
V885	0.75568	0.17889	0.06543	0
V886	0.01744	0.32931	0.46675	0.1865
V887	0.67358	0.03334	0.12445	0.16863
V888	0.1011	0.03278	0.74831	0.11782
V889	0.9416	0.03084	0.00867	0.01889
V890	0.03464	0.10691	0.61704	0.24142
V891	0.67815	0.02817	0.24591	0.04777
V892	0.27369	0.12031	0.00537	0.60063
V893	0.64029	0.1663	0.1227	0.07071
V894	0.06963	0.28603	0.60005	0.04429
V895	0.63105	0.03357	0.16347	0.17191
V896	0.04073	0.93523	0.00411	0.01993
V897	0.7285	0.20574	0	0.06577
V898	0.4327	0	0.00229	0.56502
V899	0.0345	0.12565	0.11029	0.72956
V900	0.08198	0.24506	0.34556	0.32739
V901	0.03874	0.80773	0.00218	0.15135
V902	0.05118	0.9093	0.03664	0.00288
V903	0.00754	0.40578	0.53095	0.05574
V904	0.02346	0.96963	0.00152	0.00539
V905	0.13749	0	0.13748	0.72503
V906	0.4015	0.05091	0.07791	0.46967
V907	0.46494	0.46634	0.00992	0.0588
V908	0.02546	0.01756	0.05742	0.89956
V909	0.13816	0.78054	0	0.0813
V910	0.14754	0	0.09042	0.76203
V911	0.5579	0.34161	0.02065	0.07983
V912	0.4286	0.27165	0.10112	0.19864
V913	0.10874	0	0.01703	0.87422
V914	0.20086	0.482	0.27591	0.04123
V915	0.20443	0	0.00974	0.78583
V916	0.271	0.03875	0.63603	0.05422
V917	0.75025	0.01087	0.13058	0.1083
V918	0.0483	0.62182	0.21512	0.11476
V919	0.21071	0.18186	0.27182	0.3356
V920	0.66773	0.14842	0.06994	0.1139
V921	0.03851	0.10175	0.02449	0.83525
V922	0.10859	0.452	0.38557	0.05384
V923	0.07619	0	0.03642	0.88738
V924	0.03707	0.6782	0.25436	0.03038
V925	0.16741	0.00723	0.01349	0.81187
V926	0.18738	0.00037	0.02361	0.78865
V927	0.03271	0.01237	0.0453	0.90962
V928	0.04901	0.87694	0.00287	0.07118
V929	0.06021	0.61394	0.10814	0.21771
V930	0.54645	0.319	0.02025	0.1143
V931	0.14794	0.23914	0.51905	0.09387
V932	0.03492	0.07868	0.59413	0.29227
V933	0.63701	0.34888	0.00455	0.00956
V934	0.01602	0.09391	0.23273	0.65734
V935	0.6169	0.11843	0.18203	0.08265
V936	0.54968	0.21265	0.00765	0.23002
V937	0.56312	0.082	0.06086	0.29402
V938	0.39058	0.0232	0.26648	0.31974
V939	0.76897	0.00359	0.04932	0.17812
V940	0.02648	0.80305	0.12964	0.04083
V941	0.00601	0.03126	0.95138	0.01135
V942	0.79006	0.14619	0.04582	0.01793
V943	0.43755	0.095	0.40374	0.06372
V944	0.02753	0.19053	0.04754	0.73439
V945	0.59547	0.3014	0.00298	0.10015
V946	0.50953	0.22095	0.22994	0.03958
V947	0.07846	0.01882	0.18865	0.71407
V948	0.36763	0.01973	0.591	0.02165
V949	0.01232	0.06209	0.16487	0.76072
V950	0.06005	0.49903	0.19051	0.2504
V951	0.86386	0.00926	0.1223	0.00458
V952	0.06931	0.077	0.2243	0.62939
V953	0.01614	0.04415	0.90249	0.03722
V954	0.04272	0.11669	0.11007	0.73051
V955	0.12803	0.54355	0.01701	0.31141
V956	0.03561	0.00793	0.46506	0.4914
V957	0.30985	0	0.00109	0.68906
V958	0.03573	0.00163	0.02284	0.93981
V959	0.25841	0.22091	0.42903	0.09164
V960	0.23895	0.20545	0.05773	0.49788
V961	0.14902	0.35103	0.34082	0.15913
V962	0.40441	0.12854	0.37853	0.08852
V963	0.65157	0.12497	0.13098	0.09248
V964	0.87718	0.01492	0.07179	0.03611
V965	0.05973	0.45401	0.1677	0.31856
V966	0.9762	0.01135	1e-05	0.01244
V967	0.05467	0.02035	0.48786	0.43713
V968	0.00088	0.12391	0.79183	0.08338
V969	0.02047	0.21169	0.0274	0.74044
V970	0.03716	0.07559	0.3884	0.49885
V971	0.54747	0.05515	0.3023	0.09508
V972	0.53098	0.1416	0.03149	0.29592
V973	0.28808	0.36206	0.05859	0.29127
V974	0.00846	0.78396	0.11023	0.09736
V975	0.10805	0.27209	0.61609	0.00376
V976	0.47461	0.18943	0.09006	0.24591
V977	0.35726	0.32962	0.31102	0.0021
V978	0.06361	0.04495	0.05087	0.84058
V979	0.83809	0.00962	0.14782	0.00447
V980	0.98366	0.0093	0	0.00703
V981	0.35392	0.01389	0.39908	0.23311
V982	0.48504	0.35131	0.05785	0.1058
V983	0.69673	0.03028	0	0.27299
V984	0.01799	0.84972	0.09169	0.0406
V985	0.07397	0.12687	0.00624	0.79292
V986	0.35139	0.48139	0.03612	0.1311
V987	0.2556	0.72543	0	0.01897
V988	0.19687	0	0.01297	0.79016
V989	0.48677	0.43671	0.0588	0.01772
V990	0.00195	0.03593	0.7822	0.17992
V991	0.67649	0.31322	0	0.01029
V992	0.20559	0	0.48161	0.3128
V993	0.07052	0.72754	0.15014	0.0518
V994	0.20194	0.76845	0.01983	0.00979
V995	0.76436	0.06844	0.0179	0.1493
V996	0.25708	0.07082	0.00752	0.66458
V997	0.01599	0.01247	0.81731	0.15424
V998	0.89908	0.00441	0.04248	0.05403
V999	0.1308	0.86518	0.00014	0.00389
V1000	0.29081	0.00332	0.00106	0.7048
