CD56NK	CD4MemoryT	CD19B	CD14
V1	0.56676	0	0.15056	0.28269
V2	0.14195	0.03639	0.06145	0.76021
V3	0.0827	0.56555	0.01297	0.33878
V4	0.90846	0.07844	0	0.0131
V5	0.13535	0.43753	0.25665	0.17048
V6	0.11068	0.86013	0.01696	0.01222
V7	0.16326	0.28959	0.07943	0.46771
V8	0.1247	0.01335	0.8214	0.04055
V9	0.24847	0.16524	0.03917	0.54712
V10	0.01957	0.019	0.89916	0.06227
V11	0.23649	0.31816	0.44097	0.00439
V12	0.04472	0.56377	0.37989	0.01162
V13	0.31373	0.67457	8e-05	0.01162
V14	0.10411	0.88686	0.00903	0
V15	0.15167	0.57119	0.1122	0.16494
V16	0.95078	0.02059	0.00717	0.02146
V17	0.12209	0.85535	0.01002	0.01254
V18	0.64455	0.30172	0.02583	0.02791
V19	0.19816	0.79467	0.00208	0.00509
V20	0.19338	0.39857	0.01732	0.39073
V21	0.1259	0.03489	0.8007	0.03851
V22	0.02728	0.03945	0.19942	0.73385
V23	0.39691	0.02651	0.5661	0.01048
V24	0.95782	0.02192	0.02026	0
V25	0.3799	0.17843	0.11776	0.32392
V26	0.44388	0.3341	0.01022	0.21181
V27	0.09196	0.01772	0.04684	0.84348
V28	0.01739	0.05245	0.90928	0.02088
V29	0.46459	0.00967	0.49566	0.03008
V30	0.10854	0.14795	0.27817	0.46534
V31	0.21762	0.13475	0.29809	0.34954
V32	0.07437	0.00157	0.05918	0.86488
V33	0.06428	0.46471	0.37101	0.1
V34	0.12395	0.02273	0.81399	0.03933
V35	0.20206	0.70712	0.07041	0.02041
V36	0.01061	0.00748	0.46944	0.51246
V37	0.57486	0.03181	0.08198	0.31135
V38	0.41883	0	0.15745	0.42372
V39	0.20285	0.53624	0.12045	0.14047
V40	0.13529	0.79276	0.07195	0
V41	0.03504	0.62878	0.04393	0.29224
V42	0.21623	0	0.19747	0.5863
V43	0.15102	0.2939	0.52571	0.02936
V44	0.01592	0.04081	0.76027	0.183
V45	0.12686	0.56898	0.2198	0.08436
V46	0.8555	0.04466	0.09865	0.00119
V47	0.5045	0.14242	0.30936	0.04371
V48	0.85917	0.12927	0	0.01156
V49	0.78886	0.14026	0	0.07088
V50	0.09746	0.82636	0.07617	0
V51	0.35946	0.3663	0.2512	0.02304
V52	0.0277	0.07818	0.85335	0.04078
V53	0.78276	0.0894	0.12784	0
V54	0.47317	0.14684	0.36198	0.01801
V55	0.21984	0.07463	0.23718	0.46835
V56	0.04483	0	0.09841	0.85676
V57	0.13241	0.84482	0.01752	0.00526
V58	0.64741	0	0.03344	0.31916
V59	0.50094	0.3707	0.08978	0.03858
V60	0.13807	0.09483	0.33011	0.43699
V61	0.86309	0.06522	0	0.07168
V62	0.92819	0.01584	0.04834	0.00763
V63	0.0453	0.82745	0.11378	0.01347
V64	0.04148	0.82581	0.00192	0.13079
V65	0.02358	0	0.11357	0.86286
V66	0.26146	0.67005	0.0118	0.05669
V67	0.17361	0.28395	0.52923	0.0132
V68	0.1574	0.08209	0.03617	0.72434
V69	0.03265	0.2609	0.65423	0.05221
V70	0.60667	0.10421	0.16634	0.12278
V71	0.16337	0.03045	0.37817	0.428
V72	0.63793	0.10736	0.07882	0.17589
V73	0.19199	0.59561	0.13048	0.08192
V74	0.06586	0.18855	0.7359	0.00969
V75	0.74702	0	0.16851	0.08447
V76	0.01383	0.10204	0.18315	0.70097
V77	0.05464	0.20867	0.02571	0.71099
V78	0.32198	0.06456	0.17913	0.43433
V79	0.00889	0.06256	0.83089	0.09766
V80	0.36551	0.00167	0.54456	0.08827
V81	0.05902	0.12608	0.79941	0.0155
V82	0.0093	0.05825	0.9102	0.02225
V83	0.1368	0.10929	0.07722	0.67669
V84	0.40508	0.01145	0.15361	0.42987
V85	0.12605	0.26277	0.42326	0.18792
V86	0.04286	0.03305	0.87366	0.05043
V87	0.06581	0.82737	0.04771	0.05911
V88	0.1597	0.02001	0.26418	0.55611
V89	0.02496	0	0.19985	0.77519
V90	0.05765	0.88427	0.05216	0.00592
V91	0.06121	0.73266	0.18294	0.02318
V92	0.48417	0.00147	0.37674	0.13762
V93	0.91194	0.00123	0	0.08683
V94	0.03807	0.37	0.02944	0.56249
V95	0.30395	0.39415	0.1488	0.1531
V96	0.07426	0.04782	0.04906	0.82886
V97	0.74568	0.06957	0.18295	0.00179
V98	0.7448	0.25027	0	0.00493
V99	0.84979	0.02522	0.12309	0.00189
V100	0.07448	0.02291	0.86902	0.0336
V101	0.03574	0.0132	0.05531	0.89575
V102	0.96115	0.03114	0	0.00771
V103	0.02334	0.01318	0.10677	0.85671
V104	0.06429	0.92272	0.012	0.00099
V105	0.09234	0.89234	0.01532	0
V106	0.1466	0.48986	0.32855	0.035
V107	0.2038	0.15324	0.59212	0.05084
V108	0.1892	0.72499	0.0858	0
V109	0.02	0.10608	0.61623	0.2577
V110	0.08828	0.86571	0.0335	0.01252
V111	0.94582	0	0.05108	0.00309
V112	0.12669	0.02333	0.43542	0.41456
V113	0.18948	0.05439	0.17401	0.58213
V114	0.2391	0.009	0.08326	0.66864
V115	0.03313	0.74124	0.22391	0.00171
V116	0.1643	0.26259	0.38592	0.18719
V117	0.75044	0.20437	0.01793	0.02727
V118	0.20004	0.54022	0.02847	0.23128
V119	0.11062	0.03074	0.06523	0.79341
V120	0.07581	0.04988	0.84969	0.02462
V121	0.65593	0.08113	0.07814	0.18481
V122	0.98606	0.0017	0.00354	0.00869
V123	0.0305	0.44636	0.04803	0.47511
V124	0.71827	0.23785	0	0.04388
V125	0.44858	0.37862	0.15971	0.01308
V126	0.04827	0.08451	0.06633	0.80088
V127	0.15881	0.01241	0.25272	0.57606
V128	0.03435	0	0.12173	0.84392
V129	0.65223	0.18463	0.14251	0.02064
V130	0.02726	0.63725	0.33105	0.00444
V131	0.05991	0.8703	0.00058	0.06921
V132	0.97112	0	0.01418	0.01471
V133	0.95339	0.00418	0.03434	0.00808
V134	0.13253	0.3308	0.12625	0.41042
V135	0.07318	0	0.18039	0.74643
V136	0.27544	0.34062	0.00986	0.37408
V137	0.70276	0.01451	0.22375	0.05898
V138	0.25126	0.35584	0.17466	0.21824
V139	0.39419	0.1533	0.18936	0.26315
V140	0.03833	0.04165	0.0737	0.84632
V141	0.06735	0.10577	0.56742	0.25945
V142	0.8191	0.0025	0.17771	0.00069
V143	0.48382	0.20524	0.0589	0.25203
V144	0.17088	0.09734	0.16625	0.56554
V145	0.02511	0.74895	0.22346	0.00248
V146	0.05925	0	0.06275	0.87801
V147	0.95528	0.00819	0.00729	0.02924
V148	0.12985	0.03976	0.59928	0.23112
V149	0.30556	0.48632	0.20812	0
V150	0.09533	0.19389	0.62718	0.0836
V151	0.25215	0.59802	0.02573	0.1241
V152	0.27795	0.411	0.21596	0.09509
V153	0.14191	0.73269	0.01379	0.11161
V154	0.28387	0.42667	0.26655	0.02292
V155	0.52958	0.10054	0.27643	0.09345
V156	0.0364	0.09551	0.72803	0.14005
V157	0.33585	0.10894	0.31311	0.2421
V158	0.03359	0.00072	0.06738	0.89831
V159	0.92472	0.03924	0	0.03603
V160	0.71533	0	0.05145	0.23322
V161	0.19528	0	0.04969	0.75502
V162	0.07971	0.22705	0.08507	0.60817
V163	0.12498	0.45241	0.16641	0.2562
V164	0.38821	0.25507	0.09747	0.25925
V165	0.03003	0.19283	0.02636	0.75078
V166	0.02432	0.04851	0.08909	0.83808
V167	0.32932	0	0.02335	0.64733
V168	0.34007	0.54564	0.06631	0.04798
V169	0.18311	0.01681	0.05303	0.74706
V170	0.10027	0.00129	0.52797	0.37046
V171	0.14328	0.19631	0.61857	0.04184
V172	0.75523	0	0.24011	0.00466
V173	0.04021	0.08578	0.06096	0.81304
V174	0.03171	0.10053	0.08969	0.77807
V175	0.05774	0.00854	0.79633	0.13739
V176	0.03601	0.79996	0.16292	0.00111
V177	0.04604	0.9377	0.00727	0.00899
V178	0.03656	0.73256	0.00802	0.22286
V179	0.15138	0	0.37623	0.47238
V180	0.06379	0.86096	0.07526	0
V181	0.17176	0.09012	0.565	0.17312
V182	0.33253	0.1386	0.47104	0.05783
V183	0.22137	0.77476	0.00387	0
V184	0.98143	0.01195	0.00602	6e-04
V185	0.63172	0.36579	0.00249	0
V186	0.14715	0.45153	0.26796	0.13336
V187	0.97816	0.00269	0.01636	0.00279
V188	0.07163	0.16454	0.0237	0.74013
V189	0.85186	0.00323	0.00851	0.1364
V190	0.69899	0.00407	0.29179	0.00515
V191	0.20433	0.16406	0.59054	0.04108
V192	0.35251	0.42439	0.04022	0.18288
V193	0.64883	0.01056	0.22041	0.1202
V194	0.0702	0.90875	0.00713	0.01391
V195	0.01713	0.03765	0.92225	0.02296
V196	0.02893	0.03677	0.05104	0.88326
V197	0.41053	0.01616	0.03101	0.5423
V198	0.08596	0.47863	0.37903	0.05637
V199	0.15709	0	0.17364	0.66927
V200	0.16018	0.51866	0.01629	0.30487
V201	0.12723	0.53008	0.18755	0.15514
V202	0.01462	0.01195	0.78194	0.19148
V203	0.19299	0.39575	0.3935	0.01776
V204	0.03173	0.46756	0.01426	0.48646
V205	0.02134	0.04761	0.90348	0.02757
V206	0.04854	0.07718	0.85582	0.01846
V207	0.13867	0.12573	0.06091	0.6747
V208	0.25789	0.04719	0.6762	0.01871
V209	0.35421	0.42758	0.05748	0.16073
V210	0.11917	0.75911	0.08204	0.03968
V211	0.41006	0	0.03824	0.5517
V212	0.54287	0.02253	0.41437	0.02023
V213	0.67704	0.00506	0.09525	0.22265
V214	0.35626	0.1103	0.15811	0.37534
V215	0.28932	0.04954	0.02921	0.63192
V216	0.04692	0	0.0633	0.88978
V217	0.06746	0.45284	0.23583	0.24388
V218	0.12371	0.40098	0.16621	0.3091
V219	0.13984	0.59709	0.00916	0.2539
V220	0.03872	0.80157	0.00625	0.15346
V221	0.82815	0	0	0.17185
V222	0.34674	0.09153	0.3691	0.19263
V223	0.01057	0.10276	0.79963	0.08703
V224	0.97465	0.00865	0.0165	2e-04
V225	0.08883	0.85962	0.05154	0
V226	0.32111	0.06	0.60196	0.01692
V227	0.82563	0	0.16524	0.00912
V228	0.83337	0.03637	0.04776	0.0825
V229	0.0207	0.02776	0.91549	0.03605
V230	0.03218	0.00826	0.06328	0.89628
V231	0.03088	0.20483	0.11419	0.6501
V232	0.07222	0.60455	0.00349	0.31974
V233	0.61958	0.05299	0.18344	0.14399
V234	0.06855	0.89747	0.02813	0.00585
V235	0.39719	0.03986	0.53238	0.03056
V236	0.04179	0.04685	0.82424	0.08712
V237	0.14611	0	0.05448	0.79941
V238	0.16195	0.53357	0.26132	0.04316
V239	0.08499	0.32963	0.02751	0.55787
V240	0.52345	0.01911	0.41189	0.04555
V241	0.0191	0.01638	0.8846	0.07993
V242	0.16513	0.74817	0.0819	0.00479
V243	0.24465	0.02511	0.64877	0.08147
V244	0.20084	0.00334	0.70239	0.09344
V245	0.67334	0.24793	0.03303	0.04571
V246	0.05614	0.11818	0.79617	0.02951
V247	0.16708	0.0299	0.78928	0.01374
V248	0.03271	0.00927	0.0765	0.88151
V249	0.00363	0.03441	0.88215	0.07981
V250	0.80403	0	0.1921	0.00387
V251	0.97009	0.02756	0	0.00235
V252	0.04079	0.81251	0.14671	0
V253	0.37496	0.03315	0.15515	0.43674
V254	0.04218	0.90962	0.04793	0.00027
V255	0.08037	0.88713	0.00159	0.03091
V256	0.19428	0.1705	0.54347	0.09175
V257	0.45645	0.06121	0.22605	0.25629
V258	0.19971	0.21973	0.44277	0.13779
V259	0.04166	0.25269	0.66262	0.04303
V260	0.00847	0.25361	0.72393	0.01399
V261	0.66172	0.00841	0.17874	0.15113
V262	0.09293	0.02216	0.04479	0.84012
V263	0.05249	0.92621	0.00558	0.01572
V264	0.15897	0.01102	0.43149	0.39853
V265	0.03327	0	0.14459	0.82214
V266	0.69292	0.30676	0.00031	0
V267	0.01097	0.11415	0.28352	0.59136
V268	0.38232	0	0.13529	0.48239
V269	0.02735	0.52846	0.39687	0.04732
V270	0.69103	0.00526	0.22599	0.07772
V271	0.85437	0.03594	0.01882	0.09086
V272	0.08831	0.80257	0.00878	0.10034
V273	0.05618	0.003	0.06669	0.87413
V274	0.7358	0	0.16049	0.10371
V275	0.01133	0.04181	0.92228	0.02458
V276	0.56369	0.28479	0.00102	0.1505
V277	0.04588	0.13773	0.16052	0.65587
V278	0.03871	0.01922	0.28533	0.65674
V279	0.74326	0.02825	0.09255	0.13593
V280	0.03359	0.00072	0.06738	0.89831
V281	0.56958	0.00522	0.12612	0.29909
V282	0.05209	0.04819	0.83253	0.0672
V283	0.25317	0.54776	0.05001	0.14907
V284	0.05857	0.88815	0.05328	0
V285	0.07661	0.0326	0.87373	0.01707
V286	0.29144	0.5207	0.09661	0.09124
V287	0.13253	0.84544	0.00963	0.01241
V288	0.02632	0.21975	0.44327	0.31066
V289	0.31384	0.1772	0.43106	0.0779
V290	0.86014	0.13399	0.00587	0
V291	0.5222	0.04708	0.41771	0.01302
V292	0.95477	0	0	0.04523
V293	0.2989	0.00979	0.64837	0.04294
V294	0.10497	0.29527	0.01109	0.58866
V295	0.02694	0.11002	0.19096	0.67208
V296	0.18391	0.0866	0.63659	0.09289
V297	0.06846	0	0.08984	0.8417
V298	0.31242	0.07605	0.59517	0.01636
V299	0.08139	0.19948	0.02887	0.69026
V300	0.01344	0.00394	0.2285	0.75412
V301	0.12017	0.078	0.67402	0.12782
V302	0.70623	0.28912	0	0.00464
V303	0.01977	0.57042	0.38065	0.02916
V304	0.04953	0.01421	0.7545	0.18176
V305	0.12565	0.11231	0.47544	0.28659
V306	0.87182	0.05925	0.03251	0.03642
V307	0.05108	0.92647	0.01558	0.00686
V308	0.25102	0.17746	0.29943	0.27209
V309	0.36232	0.25219	0.02249	0.36301
V310	0.09192	0.24623	0.14963	0.51222
V311	0.57267	0.42733	0	0
V312	0.12852	0.72757	0.13036	0.01355
V313	0.02103	0.06452	0.05322	0.86124
V314	0.03637	0.41389	0.11035	0.43939
V315	0.1528	0.58624	0.02935	0.23162
V316	0.3325	0.09347	0.3928	0.18123
V317	0.11923	0.67124	0.03779	0.17174
V318	0.05868	0.49003	0.01675	0.43454
V319	0.05331	0.04664	0.85891	0.04114
V320	0.07728	0.10343	0.67958	0.13971
V321	0.68344	0.31592	0.00064	0
V322	0.21124	0.25461	0.06921	0.46494
V323	0.05171	0	0.10354	0.84475
V324	0.73224	0.20757	0.04892	0.01128
V325	0.35015	0.60689	0.04296	0
V326	0.02362	0.50436	0.09077	0.38124
V327	0.03076	0.08303	0.11361	0.7726
V328	0.04071	0.01344	0.75322	0.19263
V329	0.16716	0.06136	0.16501	0.60647
V330	0.38851	0	0.32508	0.28641
V331	0.33751	0.04332	0.04658	0.5726
V332	0.02012	0.01411	0.18475	0.78102
V333	0.44914	0.04462	0.38796	0.11828
V334	0.35021	0	0.34898	0.30082
V335	0.03572	0.2862	0.53984	0.13824
V336	0.21293	0.67468	0.01185	0.10054
V337	0.32182	0.36801	0.28647	0.0237
V338	0.03755	0.94588	0.0142	0.00237
V339	0.11889	0.02069	0.84077	0.01965
V340	0.06174	0.17605	0.55069	0.21152
V341	0.03166	0.00824	0.08842	0.87168
V342	0.23904	0	0.61686	0.14409
V343	0.98603	0.01108	0	0.00289
V344	0.72616	0.11654	0.15729	0
V345	0.02413	0.04656	0.90956	0.01975
V346	0.23312	0.06766	0.2806	0.41863
V347	0.04236	0	0.13399	0.82365
V348	0.0839	0.62885	0.13378	0.15347
V349	0.37493	0.12366	0.39135	0.11005
V350	0.05839	0.77762	0.16399	0
V351	0.01875	0.00495	0.38443	0.59187
V352	0.03984	0.01781	0.85482	0.08753
V353	0.92174	0.00541	0.0196	0.05326
V354	0.07166	0.67867	0.21657	0.03309
V355	0.28044	0.04522	0.46972	0.20462
V356	0.03619	0	0.11343	0.85037
V357	0.12891	0.27463	0.28277	0.3137
V358	0.5628	0.06081	0.04159	0.3348
V359	0.57934	0.02234	0.02882	0.3695
V360	0.60712	0.38102	0.00784	0.00402
V361	0.01356	0.41818	0.55829	0.00997
V362	0.03673	0.94037	0.02112	0.00178
V363	0.17033	0.07578	0.48266	0.27123
V364	0.14936	0.0409	0.70485	0.10489
V365	0.24365	5e-05	0.03442	0.72188
V366	0.10819	0.65556	0.07379	0.16247
V367	0.59347	0.09228	0.00095	0.3133
V368	0.1196	0.71498	0.07314	0.09228
V369	0.02877	0.36609	0.59514	0.01001
V370	0.32509	0.23491	0.41295	0.02705
V371	0.22594	0.69776	0.01927	0.05704
V372	0.15028	0.01505	0.12081	0.71386
V373	0.07811	0.09056	0.48388	0.34746
V374	0.80588	0.00695	0.18689	0.00028
V375	0.04304	0.00755	0.14883	0.80059
V376	0.03691	0.00352	0.11223	0.84734
V377	0.79396	0	0.00355	0.20249
V378	0.01228	0.0054	0.39307	0.58925
V379	0.34059	0.13474	0.01639	0.50829
V380	0.14002	0.0316	0.19323	0.63515
V381	0.76379	0	0.07396	0.16224
V382	0.07847	0.03363	0.86764	0.02026
V383	0.8584	0	0.03365	0.10794
V384	0.58462	0.04111	0.11802	0.25625
V385	0.8994	0.00016	0.05482	0.04562
V386	0.27963	0	0.13728	0.5831
V387	0.64197	0.1058	0.17287	0.07936
V388	0.41991	0.28157	0.13552	0.16299
V389	0.46646	0.47782	0.00098	0.05474
V390	0.31808	0.21842	0.45814	0.00536
V391	0.4118	0.05858	0.02214	0.50748
V392	0.4629	0.17236	0.15462	0.21012
V393	0.30462	0.18319	0.35353	0.15866
V394	0.09731	0.15613	0.11311	0.63345
V395	0.25043	0.34666	0.19618	0.20673
V396	0.04259	0.93266	0.00961	0.01514
V397	0.8373	0.05364	0.07997	0.02909
V398	0.46395	0.08849	0.08651	0.36105
V399	0.22732	0.5275	0.14029	0.10489
V400	0.02397	0.52178	0.06391	0.39034
V401	0.03649	0.11835	0.75865	0.0865
V402	0.83622	0.13955	0.02423	0
V403	0.03181	0.00222	0.09548	0.87049
V404	0.09273	0.15271	0.64841	0.10616
V405	0.20505	0.00344	0.16134	0.63017
V406	0.69955	0.20111	0.00565	0.09369
V407	0.03755	0.94588	0.0142	0.00237
V408	0.0985	0.1895	0.41068	0.30133
V409	0.02852	0.00608	0.06821	0.89719
V410	0.12092	0.84308	0.02385	0.01215
V411	0.41163	0	0.01236	0.576
V412	0.15212	0.0434	0.51104	0.29344
V413	0.0777	0.4354	0.17833	0.30857
V414	0.05478	0.47375	0.33671	0.13476
V415	0.44944	0.00744	0.22057	0.32256
V416	0.02033	0.07712	0.88539	0.01716
V417	0.4262	0.57375	5e-05	0
V418	0.07092	0.05167	0.14349	0.73392
V419	0.03221	0	0.07308	0.89471
V420	0.03307	0.86465	0.01293	0.08935
V421	0.14785	0.02412	0.70192	0.12611
V422	0.05103	0.02716	0.04871	0.87311
V423	0.07448	0.02291	0.86902	0.0336
V424	0.00269	0.02674	0.61749	0.35307
V425	0.06241	0.1907	0.62935	0.11754
V426	0.0803	0.03211	0.81158	0.07602
V427	0.08363	0.33677	0.191	0.38861
V428	0.11942	0.75483	0.04585	0.0799
V429	0.03153	0	0.07816	0.89032
V430	0.80857	0.12335	0.00539	0.06269
V431	0.16865	0.00657	0.45209	0.37269
V432	0.10186	0.04452	0.06519	0.78843
V433	0.08565	0.69012	0.00102	0.22321
V434	0.32439	0.03605	0.0545	0.58506
V435	0.50206	0	0.11046	0.38747
V436	0.36067	0	0.10905	0.53027
V437	0.23342	0.16194	0.01452	0.59012
V438	0.65067	0.11172	0.02309	0.21452
V439	0.04167	0.05443	0.04492	0.85898
V440	0.471	0.00936	0.03502	0.48461
V441	0.0675	0.09026	0.61959	0.22265
V442	0.35314	0.29217	0.12862	0.22607
V443	0.76643	0	0.07308	0.16049
V444	0.02413	0.04656	0.90956	0.01975
V445	0.64499	0.00614	0.32262	0.02625
V446	0.06641	0.81641	0.04758	0.06959
V447	0.6799	0.06181	0.15975	0.09854
V448	0.02785	0.0249	0.19254	0.75471
V449	0.5921	0.02014	0.28549	0.10227
V450	0.17977	0.80272	0.01751	0
V451	0.95467	0.03069	0	0.01464
V452	0.03854	0	0.09469	0.86677
V453	0.86282	0.04459	0.04732	0.04527
V454	0.03191	0.91376	0.04721	0.00712
V455	0.63472	0.01463	0.28975	0.06091
V456	0.34474	0.08373	0.39084	0.1807
V457	0.02711	0.01363	0.06144	0.89782
V458	0.26996	0.16236	0.01263	0.55505
V459	0.04415	0.77803	0.08545	0.09237
V460	0.97601	0.00084	0.01472	0.00843
V461	0.06133	0.01052	0.05018	0.87797
V462	0.35695	0.18408	0.00336	0.4556
V463	0.2921	0.44262	0.1485	0.11678
V464	0.50752	0.05949	0.00633	0.42667
V465	0.44762	0.38189	0.01518	0.15532
V466	0.61722	0.13707	0	0.24571
V467	0.36124	0.54402	0.06548	0.02926
V468	0.55565	0.36236	0.03511	0.04687
V469	0.02535	0.11372	0.28518	0.57575
V470	0.59	0.08604	0.16693	0.15703
V471	0.25746	0.05802	0.04333	0.64119
V472	0.34182	0.26996	0	0.38822
V473	0.12207	0.52351	0.33715	0.01727
V474	0.10163	0	0.11166	0.78671
V475	0.20578	0.33984	0.07484	0.37954
V476	0.14534	0	0.07257	0.78209
V477	0.62849	0.01582	0.19136	0.16433
V478	0.16059	0.53556	0.00353	0.30032
V479	0.01702	0.06198	0.824	0.097
V480	0.09024	0.23421	0.05231	0.62324
V481	0.13774	0.02198	0.81604	0.02424
V482	0.75816	0.12133	0.09138	0.02914
V483	0.1232	0.05831	0.08174	0.73675
V484	0.03289	0.03368	0.05979	0.87363
V485	0.15337	0.7068	0.0064	0.13343
V486	0.28893	0.20877	0.12151	0.38079
V487	0.06911	0.01308	0.09981	0.81799
V488	0.00577	0.01577	0.85895	0.1195
V489	0.2145	0.08013	0.68671	0.01866
V490	0.3713	0.25981	0.06097	0.30792
V491	0.4948	0.42908	0.0206	0.05551
V492	0.05614	0.8193	0.12456	0
V493	0.03925	0.0052	0.06067	0.89487
V494	0.20148	0.11884	0.5421	0.13758
V495	0.26343	0.59706	0.12667	0.01284
V496	0.31258	0.65027	0	0.03716
V497	0.01854	0.03371	0.92359	0.02416
V498	0.30621	0.05918	0.05457	0.58003
V499	0.67173	0.22405	0.10421	0
V500	0.09802	0.09465	0.76124	0.04609
V501	0.0264	0.00076	0.0817	0.89114
V502	0.60786	0.23696	0.13472	0.02047
V503	0.18963	0.05543	0.19431	0.56064
V504	0.27238	0.66642	0.00462	0.05658
V505	0.20804	0.16237	0.25312	0.37648
V506	0.09863	0.20538	0.47105	0.22494
V507	0.65494	0.06542	0.10537	0.17428
V508	0.81368	0.12496	0.02528	0.03608
V509	0.22616	0.03821	0.51839	0.21724
V510	0.25815	0.49107	0.25003	0.00076
V511	0.0641	0.34495	0.04931	0.54164
V512	0.22879	0.01481	0.08382	0.67258
V513	0.10502	0.62432	0.20807	0.06259
V514	0.03214	0.03323	0.05134	0.8833
V515	0.80995	0.03496	0.03403	0.12106
V516	0.93529	0.06312	0	0.00159
V517	0.03999	0.00032	0.24528	0.71441
V518	0.9725	0.02459	0	0.00292
V519	0.05788	0.83771	0.00464	0.09977
V520	0.02267	0	0.60644	0.37089
V521	0.59468	0.02718	0.35133	0.02681
V522	0.01153	0.08655	0.58575	0.31617
V523	0.3716	0.08637	0.25455	0.28749
V524	0.03293	0.75924	0.1844	0.02343
V525	0.25762	0.14411	0.03202	0.56626
V526	0.67701	0.04724	0.06199	0.21376
V527	0.19301	0.00458	0.39379	0.40863
V528	0.1319	0.8289	0	0.0392
V529	0.05695	0.02424	0.21794	0.70087
V530	0.01175	0.16221	0.70886	0.11719
V531	0.05219	0.83771	0.1101	0
V532	0.1824	0.25792	0.0318	0.52788
V533	0.31267	0.30426	0.13081	0.25227
V534	0.00758	0.00864	0.70393	0.27985
V535	0.52231	0	0.01525	0.46244
V536	0.17218	0	0.36093	0.46689
V537	0.64571	0.21664	0.13223	0.00542
V538	0.45043	0.0241	0.08019	0.44529
V539	0.30395	0.39415	0.1488	0.1531
V540	0.23709	0.67239	0.06094	0.02957
V541	0.03915	0.43992	0.0643	0.45662
V542	0.19527	0.08385	0.24965	0.47123
V543	0.9015	0	0.00209	0.09641
V544	0.09951	0.04451	0.1678	0.68818
V545	0.36613	0.09581	0.06643	0.47164
V546	0.07727	0.86198	0.06075	0
V547	0.05734	0.62087	0.31186	0.00993
V548	0.18731	0.73946	0.07323	0
V549	0.32421	0.02526	0.63248	0.01805
V550	0.57483	0.00566	0.00389	0.41562
V551	0.21387	0.71097	0.02736	0.0478
V552	0.02368	0.45515	0.01574	0.50542
V553	0.23336	0.11975	0.62234	0.02455
V554	0.05558	0.0433	0.05263	0.84849
V555	0.0978	0.17264	0.33759	0.39197
V556	0.00649	0.03468	0.91404	0.04479
V557	0.84329	0.00811	0.00224	0.14636
V558	0.09809	0.75612	0.02277	0.12302
V559	0.03814	0.77654	0.18532	0
V560	0.72832	0.27168	0	0
V561	0.01133	0.04181	0.92228	0.02458
V562	0.81211	0	0.09577	0.09212
V563	0.23913	0.01581	0.72979	0.01527
V564	0.055	0.06684	0.85357	0.02459
V565	0.13584	0.21369	0.38699	0.26348
V566	0.72431	0.06159	0	0.2141
V567	0.24263	0.39127	0.02326	0.34283
V568	0.21629	0	0.0649	0.71882
V569	0.6801	0.00668	0	0.31322
V570	0.03239	0.24905	0.64601	0.07255
V571	0.85854	0.08859	0	0.05287
V572	0.45533	0	0.43802	0.10666
V573	0.06747	0.11117	0.03238	0.78898
V574	0.06271	0.768	0.16274	0.00655
V575	0.03003	0.03875	0.13181	0.79941
V576	0.18719	0.77859	0.02981	0.00441
V577	0.04232	0.01198	0.20817	0.73752
V578	0.0525	0.04432	0.69597	0.20721
V579	0.0377	0.86289	0.08576	0.01366
V580	0.13145	0	0.11727	0.75128
V581	0.06778	0.04225	0.03997	0.85
V582	0.61068	0.10277	0.02456	0.262
V583	0.00865	0.02516	0.58777	0.37842
V584	0.56442	0.12125	0.28098	0.03335
V585	0.01167	0	0.43097	0.55736
V586	0.22804	0.00621	0.66313	0.10262
V587	0.26138	0.01275	0.69014	0.03573
V588	0.63491	0.01551	0.02064	0.32894
V589	0.08649	0.79921	0.05565	0.05866
V590	0.07396	0.74364	0.18202	0.00037
V591	0.01409	0.00956	0.2023	0.77405
V592	0.1575	0.04274	0.78645	0.01331
V593	0.58701	0	0.16686	0.24612
V594	0.37127	0.25304	0.3313	0.04439
V595	0.03828	0.00686	0.06239	0.89247
V596	0.04669	0.21395	0.22525	0.51411
V597	0.02058	0.54849	0.34252	0.08841
V598	0.02087	0.09885	0.85577	0.02451
V599	0.68497	0.27812	0.01807	0.01885
V600	0.40252	0.43569	0.03853	0.12326
V601	0.16909	0.20965	0.08176	0.5395
V602	0.0403	0.0081	0.05709	0.89451
V603	0.02951	0.28998	0.02948	0.65103
V604	0.5538	0.08847	0.33221	0.02552
V605	0.0804	0.28117	0.41357	0.22487
V606	0.77562	0.1121	1e-04	0.11218
V607	0.66348	0	0.09405	0.24247
V608	0.2297	0.12106	0.38981	0.25943
V609	0.03685	0.17015	0.23347	0.55953
V610	0.8026	0.00301	0.07261	0.12178
V611	0.25852	0	0.06149	0.67998
V612	0.02549	0.07127	0.82656	0.07667
V613	0.04336	0.29558	0.61886	0.04219
V614	0.79953	0.0349	0.03433	0.13124
V615	0.12203	0.02168	0.0376	0.81869
V616	0.10795	0.66999	0.03822	0.18385
V617	0.50287	0.13701	0.35899	0.00112
V618	0.71493	0	0	0.28507
V619	0.38743	0.01049	0.3097	0.29239
V620	0.02726	0.63725	0.33105	0.00444
V621	0.45204	0.11273	0.16537	0.26986
V622	0.38598	0.19047	0.39686	0.02669
V623	0.02919	0.03278	0.14791	0.79012
V624	0.83324	0.15471	0	0.01205
V625	0.30455	0.45846	0.08698	0.15001
V626	0.97576	0.01542	0	0.00882
V627	0.01956	0.00644	0.1	0.87401
V628	0.02165	0.15523	0.04088	0.78224
V629	0.13927	0.23917	0.28176	0.3398
V630	0.04415	0.29271	0.61199	0.05114
V631	0.03169	0.1259	0.11016	0.73225
V632	0.57889	0	0.12116	0.29995
V633	0.00146	0.029	0.83066	0.13888
V634	0.4357	0.23313	0.32828	0.00288
V635	0.05495	0.71443	0.0063	0.22432
V636	0.12029	0.07711	0.66359	0.13901
V637	0.31612	0.14226	0.08301	0.45861
V638	0.40375	0.20471	0.0608	0.33074
V639	0.29972	0.39859	0.30169	0
V640	0.03692	0.12139	0.785	0.05669
V641	0.92407	0.01841	0.01298	0.04455
V642	0.80676	0.13161	0	0.06163
V643	0.01418	0.13351	0.45808	0.39423
V644	0.94337	0.04983	0	0.00679
V645	0.29326	0.38093	0.31006	0.01575
V646	0.04587	0.93917	0.01337	0.00159
V647	0.14131	0.06653	0.72794	0.06422
V648	0.46166	0.39866	0.11941	0.02027
V649	0.025	0.05165	0.85538	0.06797
V650	0.05259	0.06972	0.80156	0.07614
V651	0.30743	0.01362	0.66526	0.01369
V652	0.08648	0.05461	0.44007	0.41883
V653	0.15453	0.63806	0.09149	0.11592
V654	0.75661	0.15672	0.04078	0.04588
V655	0.05963	0.50548	0.02307	0.41182
V656	0.21384	0.2022	0.01939	0.56458
V657	0.03486	0.03636	0.04994	0.87883
V658	0.65364	0.16261	0.04405	0.1397
V659	0.33765	0.05814	0.3649	0.23931
V660	0.06212	0.91825	0.00421	0.01542
V661	0.07464	0.34814	0.05613	0.52109
V662	0.4218	0.00384	0.46644	0.10792
V663	0.24207	0.05065	0.58289	0.12438
V664	0.19923	0.05128	0.69645	0.05305
V665	0.74638	0.14308	0.02626	0.08428
V666	0.57135	0	0.08782	0.34083
V667	0.80357	0.05201	0.14442	0
V668	0.15463	0.76525	0.08012	0
V669	0.26218	0.37669	0.25254	0.10858
V670	0.11412	0.87091	0.001	0.01397
V671	0.40248	0.2461	0.25591	0.09551
V672	0.01966	0.03135	0.90512	0.04388
V673	0.26318	0.32443	0.22961	0.18278
V674	0.76636	0.10419	0.00648	0.12297
V675	0.15525	0.28107	0.32726	0.23642
V676	0.03784	0.0602	0.11416	0.7878
V677	0.43115	0.35952	0.08374	0.12559
V678	0.566	0.42994	0.00406	0
V679	0.05394	0.27719	0.65165	0.01722
V680	0.34839	0.51578	0.12373	0.0121
V681	0.93798	0.03991	0.00126	0.02085
V682	0.12294	0.26244	0.57409	0.04053
V683	0.05084	0.92518	0.02398	0
V684	0.75978	0.11982	0.07365	0.04674
V685	0.55141	0.30241	0.10743	0.03875
V686	0.09441	0.12053	0.14933	0.63573
V687	0.03974	0.00249	0.06317	0.8946
V688	0.41146	0.4606	0	0.12794
V689	0.22339	0	0.05884	0.71778
V690	0.49138	0.02436	0.41894	0.06532
V691	0.15051	0.01876	0.81245	0.01828
V692	0.07672	0.10833	0.73984	0.07511
V693	0.23502	0.07191	0.37218	0.32089
V694	0.01708	0.00238	0.28238	0.69816
V695	0.21897	0	0.14925	0.63178
V696	0.07449	0.04268	0.04462	0.83821
V697	0.03151	0.02483	0.05447	0.88918
V698	0.83407	0	0.00271	0.16321
V699	0.62323	0.23821	0.052	0.08655
V700	0.21131	0.0018	0.03153	0.75536
V701	0.1386	0.47988	0.10365	0.27787
V702	0.54204	0.04389	0.01099	0.40308
V703	0.12639	0.02677	0.4938	0.35304
V704	0.8565	0.02158	0.01307	0.10885
V705	0.97502	0	0.00283	0.02215
V706	0.07076	0.03732	0.79551	0.09642
V707	0.04954	0.39547	0.51564	0.03935
V708	0.06719	0.84705	0.01745	0.06832
V709	0.14673	0.22505	0.54705	0.08117
V710	0.65144	0.16172	0.03593	0.1509
V711	0.11905	0.7781	0.08172	0.02113
V712	0.84452	0.02904	0	0.12644
V713	0.46773	0.24486	0.02561	0.2618
V714	0.03416	0.60604	0.02353	0.33627
V715	0.33703	0.29598	0.30203	0.06496
V716	0.03988	0.01397	0.07255	0.87361
V717	0.11412	0.87644	0.00269	0.00675
V718	0.17674	0.53076	0.17396	0.11854
V719	0.08544	0.66356	0.03229	0.21871
V720	0.72547	0	0.20807	0.06647
V721	0.12758	0.12207	0.48939	0.26096
V722	0.10376	0.26344	0.0228	0.61
V723	0.10364	0.04202	0.03701	0.81733
V724	0.58302	0.00376	0.07361	0.33962
V725	0.00495	0.08082	0.87205	0.04218
V726	0.05126	0.30872	0.12086	0.51916
V727	0.30319	0.61834	0.07848	0
V728	0.05712	0.85533	0.08755	0
V729	0.39157	0	0.15214	0.45628
V730	0.93823	0.01425	0.02618	0.02134
V731	0.03214	0.14156	0.40268	0.42362
V732	0.36175	0.04953	0.3511	0.23763
V733	0.69202	0.13941	0.02069	0.14789
V734	0.25836	0.27287	0.46366	0.00511
V735	0.01769	0.00723	0.47146	0.50361
V736	0.13003	0	0.04267	0.8273
V737	0.366	0.243	0.23586	0.15514
V738	0.09019	0.28694	0.47236	0.15051
V739	0.00238	0.0044	0.59071	0.40251
V740	0.88874	0.05666	0.04809	0.00652
V741	0.50039	0.06367	0.11297	0.32297
V742	0.44179	0.54834	0.00987	0
V743	0.13457	0.11334	0.72492	0.02716
V744	0.54438	0.0201	0.32119	0.11433
V745	0.04156	0.66111	0.179	0.11832
V746	0.9886	0.00664	0	0.00476
V747	0.04804	0.00188	0.71445	0.23562
V748	0.12156	0.07336	0.60777	0.19731
V749	0.2815	0.1191	0.05384	0.54556
V750	0.45914	0.41337	0.00736	0.12013
V751	0.07704	0.84366	0.03103	0.04827
V752	0.50084	0.18035	0.12293	0.19587
V753	0.0365	0.00896	0.05876	0.89579
V754	0.04209	0.89571	0.00244	0.05975
V755	0.15622	0.14447	0.34693	0.35237
V756	0.035	7e-05	0.0793	0.88564
V757	0.38344	0.5493	0.04777	0.0195
V758	0.07453	0.74153	0.11258	0.07136
V759	0.11637	0.03054	0.40194	0.45114
V760	0.29103	0.02803	0.27269	0.40826
V761	0.0927	0.5449	0.27651	0.08589
V762	0.02229	0.30106	0.02973	0.64691
V763	0.41943	0.29908	0.01857	0.26292
V764	0.04105	0.89328	0.00639	0.05928
V765	0.67973	0.05346	0	0.26681
V766	0.02765	0.26576	0.45919	0.24741
V767	0.51525	0.08864	0.23494	0.16118
V768	0.08901	0.87909	0.01904	0.01286
V769	0.17563	0.79732	0.02253	0.00452
V770	0.04587	0.93917	0.01337	0.00159
V771	0.16144	0.01896	0.79674	0.02287
V772	0.13042	0.04287	0.80968	0.01703
V773	0.19816	0.79467	0.00208	0.00509
V774	0.02094	0.02125	0.91303	0.04478
V775	0.10342	0.01313	0.27427	0.60917
V776	0.47756	0.37437	0.03737	0.1107
V777	0.16713	0.06906	0.13661	0.6272
V778	0.58608	0.22825	0.05388	0.13178
V779	0.16058	0.01993	0.5051	0.31439
V780	0.14326	0.73347	0.12327	0
V781	0.0498	0.00868	0.06242	0.87909
V782	0.01066	0.09561	0.81699	0.07673
V783	0.8137	0.00217	0.03477	0.14937
V784	0.14524	0.84188	0.01289	0
V785	0.06887	0.90391	0.0138	0.01342
V786	0.77935	0.11892	0.06468	0.03705
V787	0.02936	0.81451	0.15434	0.00178
V788	0.56493	0.25933	0.13644	0.0393
V789	0.0824	0.28615	0.03647	0.59498
V790	0.4386	0.0035	0.07396	0.48395
V791	0.15767	0.33087	0.33833	0.17313
V792	0.15753	0.47473	0.00578	0.36196
V793	0.15374	0.60975	0.02926	0.20725
V794	0.04317	0.06118	0.80884	0.08682
V795	0.09944	0.0125	0.07506	0.81301
V796	0.02748	0.07331	0.86647	0.03274
V797	0.78862	0	0.20161	0.00977
V798	0.6786	0.25255	0.05741	0.01144
V799	0.16672	0.74422	0.02038	0.06869
V800	0.06093	0.00732	0.51429	0.41746
V801	0.13625	0.07651	0.32737	0.45988
V802	0.04008	0.03974	0.26763	0.65256
V803	0.2555	0.48465	0.25984	0
V804	0.54503	0.00305	0.37897	0.07294
V805	0.02558	0.04332	0.91094	0.02017
V806	0.07909	0.87928	0.01193	0.02969
V807	0.2519	0.0994	0.04187	0.60683
V808	0.72098	0.2266	0.02492	0.0275
V809	0.04611	0.05224	0.885	0.01665
V810	0.04806	0.94067	0.00851	0.00276
V811	0.43512	0.04318	0.19307	0.32863
V812	0.59513	0.21418	0.03763	0.15306
V813	0.6524	0.15363	0.17273	0.02124
V814	0.48106	0.48662	0.03232	0
V815	0.03201	0.89368	0.0736	7e-04
V816	0.94604	0.00457	0.04939	0
V817	0.02888	0.06757	0.87807	0.02548
V818	0.02137	0.02459	0.07119	0.88285
V819	0.87865	0.05193	0.03301	0.03641
V820	0.12171	0.05389	0.04328	0.78112
V821	0.24224	0.27652	0.40329	0.07796
V822	0.06516	0.02881	0.87234	0.03368
V823	0.02927	0.15147	0.71204	0.10721
V824	0.10268	0.34783	0.54507	0.00442
V825	0.24422	0.24305	0.25373	0.259
V826	0.4819	0.37549	0.13745	0.00515
V827	0.42586	0.55191	0.00284	0.01939
V828	0.2206	0.11296	0.10739	0.55905
V829	0.05181	0.17159	0.05216	0.72444
V830	0.22347	0.16323	0.03334	0.57996
V831	0.81273	0.05651	0.01944	0.11132
V832	0.30329	0.35645	0.16033	0.17994
V833	0.17577	0.46804	0.1756	0.18059
V834	0.27998	0.03646	0.07974	0.60382
V835	0.40509	0.41162	0.10311	0.08017
V836	0.03411	0.61241	0.01002	0.34346
V837	0.24999	0.33272	0.18583	0.23146
V838	0.9582	0.02499	0.01493	0.00188
V839	0.34099	0.57285	0.08616	0
V840	0.33188	0.66114	0.00698	0
V841	0.00474	0.0413	0.88356	0.0704
V842	0.3776	0.12677	0.25601	0.23962
V843	0.01647	0.02442	0.87029	0.08881
V844	0.1086	0.05343	0.38089	0.45708
V845	0.06385	0.08401	0.77648	0.07567
V846	0.00173	0.01328	0.75171	0.23328
V847	0.03177	0.00501	0.06809	0.89513
V848	0.11343	0.46369	0.16683	0.25605
V849	0.03303	0.92481	0.00991	0.03225
V850	0.98714	0	0.00387	0.00899
V851	0.37551	0.49057	0.13393	0
V852	0.09769	0.01807	0.13347	0.75077
V853	0.26347	0.18592	0.41471	0.1359
V854	0.64239	0.12704	0.08812	0.14245
V855	0.03177	0.00501	0.06809	0.89513
V856	0.06037	0.30065	0.36511	0.27386
V857	0.72367	0.13095	0.02018	0.1252
V858	0.5718	0.00788	0.41319	0.00713
V859	0.70949	0.1912	0.00565	0.09367
V860	0.17933	0.06587	0.0624	0.6924
V861	0.10104	0.32128	0.56306	0.01461
V862	0.12908	0.0674	0.74825	0.05527
V863	0.18466	0.02749	0.02741	0.76043
V864	0.0622	0.00973	0.07459	0.85347
V865	0.10002	0	0.2574	0.64258
V866	0.76147	0.00567	0.22296	0.0099
V867	0.75861	0.01345	0.22432	0.00362
V868	0.56651	0.23562	0.1192	0.07866
V869	0.05489	0.93151	0.01257	0.00103
V870	0.11365	0.26595	0.02806	0.59234
V871	0.03303	0.92481	0.00991	0.03225
V872	0.01783	0	0.24578	0.73639
V873	0.92524	0.01311	0.0326	0.02904
V874	0.23421	0.73775	0.02804	0
V875	0.02633	0.12896	0.20156	0.64315
V876	0.17766	0.28906	0.43193	0.10135
V877	0.06198	0.34495	0.30649	0.28659
V878	0.16803	0.77107	0.0609	0
V879	0.22822	0.6581	0.03451	0.07917
V880	0.34419	0.50252	0	0.15329
V881	0.13831	0.02653	0.61718	0.21798
V882	0.82428	0	0.10299	0.07273
V883	0.29576	0.1759	0.52381	0.00453
V884	0.03762	0.20217	0.02557	0.73465
V885	0.75333	0.17604	0.07063	0
V886	0.02764	0.31806	0.4925	0.16179
V887	0.67133	0.03589	0.14121	0.15158
V888	0.09239	0.03476	0.76631	0.10653
V889	0.95142	0.02767	0.00727	0.01365
V890	0.03782	0.10878	0.64295	0.21044
V891	0.66107	0.02988	0.26707	0.04198
V892	0.27715	0.12501	0.01913	0.57871
V893	0.63593	0.17234	0.13385	0.05788
V894	0.07597	0.27253	0.61006	0.04145
V895	0.62608	0.03655	0.18277	0.15459
V896	0.0702	0.90875	0.00713	0.01391
V897	0.73954	0.20783	0	0.05263
V898	0.42966	0	0.01573	0.55461
V899	0.03804	0.12732	0.14275	0.69189
V900	0.08992	0.24515	0.37689	0.28804
V901	0.06712	0.79596	0.00513	0.13179
V902	0.07907	0.87624	0.04469	0
V903	0.01985	0.38253	0.54751	0.05011
V904	0.05661	0.93268	0.00809	0.00261
V905	0.12893	0	0.17216	0.6989
V906	0.40173	0.05396	0.09929	0.44503
V907	0.47958	0.46792	0.0069	0.0456
V908	0.02435	0.01982	0.09251	0.86333
V909	0.16518	0.76686	0	0.06796
V910	0.13937	0	0.12371	0.73692
V911	0.56772	0.34723	0.01958	0.06548
V912	0.43109	0.27927	0.11491	0.17473
V913	0.10364	0	0.04841	0.84795
V914	0.20903	0.46478	0.29255	0.03364
V915	0.19613	0	0.03449	0.76938
V916	0.24675	0.04256	0.6586	0.05209
V917	0.74777	0.01131	0.14527	0.09565
V918	0.07131	0.59981	0.23187	0.097
V919	0.21186	0.1875	0.30118	0.29946
V920	0.66862	0.15586	0.07788	0.09764
V921	0.04117	0.10131	0.05361	0.80392
V922	0.1193	0.43356	0.40067	0.04647
V923	0.07145	0.00022	0.06969	0.85864
V924	0.05883	0.64503	0.27066	0.02547
V925	0.16143	0.00744	0.03954	0.79159
V926	0.18025	0.00012	0.05052	0.76911
V927	0.03216	0.01406	0.08058	0.8732
V928	0.07901	0.85796	0.00457	0.05846
V929	0.08401	0.60241	0.12451	0.18908
V930	0.55815	0.32455	0.01996	0.09734
V931	0.14814	0.23507	0.53589	0.0809
V932	0.03679	0.08057	0.62533	0.25731
V933	0.64867	0.34623	0.00093	0.00417
V934	0.01816	0.09431	0.2714	0.61612
V935	0.60816	0.12516	0.19732	0.06936
V936	0.56181	0.22062	0.00988	0.20768
V937	0.56739	0.08914	0.07423	0.26924
V938	0.3788	0.02481	0.30224	0.29415
V939	0.77783	0.00191	0.05806	0.1622
V940	0.05261	0.77248	0.14322	0.03169
V941	0.01306	0.03971	0.92095	0.02627
V942	0.79041	0.14985	0.04775	0.01199
V943	0.41632	0.09977	0.42752	0.05639
V944	0.03368	0.19132	0.07362	0.70138
V945	0.60673	0.30833	0	0.08494
V946	0.49858	0.22354	0.24542	0.03247
V947	0.07532	0.01746	0.22658	0.68063
V948	0.33867	0.02212	0.61445	0.02476
V949	0.01357	0.06271	0.20209	0.72164
V950	0.07899	0.49145	0.2118	0.21776
V951	0.86008	0.00627	0.13103	0.00262
V952	0.06972	0.07935	0.26183	0.58909
V953	0.01952	0.04979	0.88817	0.04252
V954	0.04614	0.1188	0.14148	0.69358
V955	0.14973	0.54546	0.02331	0.2815
V956	0.03302	0.00798	0.5083	0.4507
V957	0.30426	0	0.02123	0.67451
V958	0.03925	0.0052	0.06067	0.89487
V959	0.25042	0.22187	0.44879	0.07892
V960	0.24568	0.21265	0.07762	0.46405
V961	0.15588	0.34586	0.36173	0.13653
V962	0.38619	0.13566	0.40157	0.07658
V963	0.64592	0.13236	0.14335	0.07837
V964	0.87839	0.01322	0.07884	0.02955
V965	0.07845	0.45019	0.18967	0.2817
V966	0.98383	0.00767	0	0.0085
V967	0.05238	0.02005	0.53082	0.39674
V968	0.00432	0.12267	0.79635	0.07666
V969	0.02633	0.21042	0.05265	0.7106
V970	0.03816	0.07776	0.42922	0.45485
V971	0.52985	0.05928	0.32739	0.08348
V972	0.53851	0.15076	0.0401	0.27063
V973	0.3008	0.36847	0.07041	0.26033
V974	0.03412	0.75898	0.1249	0.082
V975	0.10978	0.25665	0.62449	0.00907
V976	0.47623	0.19993	0.10409	0.21974
V977	0.34884	0.32447	0.32428	0.0024
V978	0.06287	0.0452	0.08291	0.80902
V979	0.83291	0.00596	0.15812	0.00301
V980	0.9886	0.00664	0	0.00476
V981	0.3374	0.01442	0.43666	0.21153
V982	0.49109	0.35656	0.06294	0.08941
V983	0.71254	0.03182	0	0.25564
V984	0.04564	0.81897	0.1044	0.03098
V985	0.07787	0.12809	0.03001	0.76403
V986	0.36548	0.48355	0.03925	0.11171
V987	0.27789	0.70934	0	0.01277
V988	0.18948	0	0.03801	0.77251
V989	0.49331	0.43322	0.06229	0.01117
V990	0.0014	0.03892	0.79998	0.1597
V991	0.68757	0.30785	0	0.00458
V992	0.19086	0	0.52546	0.28368
V993	0.0938	0.70183	0.16301	0.04135
V994	0.22268	0.75133	0.02161	0.00438
V995	0.77523	0.07207	0.01985	0.13286
V996	0.25902	0.07289	0.02346	0.64463
V997	0.01504	0.01517	0.83158	0.1382
V998	0.90765	0.00017	0.04676	0.04543
V999	0.15753	0.83929	0.00298	0.00021
V1000	0.2865	0.00089	0.02196	0.69065
