CD56NK	CD4MemoryT	CD19B	CD14
V1	0.56452	0	0.1383	0.29718
V2	0.13605	0.03652	0.03432	0.79311
V3	0.05756	0.57755	0.00749	0.3574
V4	0.90801	0.0769	0	0.01508
V5	0.11553	0.45045	0.24846	0.18556
V6	0.08188	0.88295	0.02062	0.01455
V7	0.14611	0.2935	0.06385	0.49654
V8	0.12656	0.01354	0.827	0.0329
V9	0.23717	0.16537	0.02337	0.57408
V10	0.0132	0.01843	0.91309	0.05528
V11	0.22949	0.33116	0.43873	0.00061
V12	0.02569	0.58994	0.37633	0.00804
V13	0.29036	0.69056	0.00513	0.01394
V14	0.07538	0.91188	0.01252	0.00022
V15	0.12618	0.58766	0.10614	0.18002
V16	0.95303	0.01691	0.00687	0.02318
V17	0.09355	0.87728	0.01444	0.01473
V18	0.63642	0.30381	0.02821	0.03157
V19	0.17092	0.81461	0.00777	0.0067
V20	0.17163	0.40445	0.00998	0.41393
V21	0.12779	0.03516	0.80559	0.03146
V22	0.01875	0.04138	0.17213	0.76774
V23	0.41063	0.02501	0.56093	0.00343
V24	0.96247	0.01875	0.01879	0
V25	0.37176	0.17533	0.10616	0.34675
V26	0.42877	0.33424	0.00797	0.22902
V27	0.0873	0.01844	0.01515	0.8791
V28	0.00821	0.05008	0.93726	0.00445
V29	0.47492	0.00996	0.4882	0.02691
V30	0.09763	0.15067	0.25827	0.49344
V31	0.2096	0.13507	0.28252	0.3728
V32	0.07035	0.00199	0.02503	0.90263
V33	0.04474	0.48345	0.36493	0.10689
V34	0.1272	0.02241	0.81831	0.03207
V35	0.17794	0.72837	0.07058	0.02311
V36	0.00561	0.00933	0.44658	0.53847
V37	0.5706	0.02881	0.07083	0.32975
V38	0.42013	0	0.13938	0.44049
V39	0.18	0.55157	0.11498	0.15345
V40	0.10851	0.82062	0.07087	0
V41	0.01008	0.6428	0.03683	0.31029
V42	0.21438	0	0.17536	0.61026
V43	0.14024	0.30699	0.52534	0.02744
V44	0.01095	0.04285	0.75412	0.19208
V45	0.10358	0.59041	0.21422	0.09178
V46	0.86119	0.04231	0.09571	0.00079
V47	0.50773	0.14136	0.30526	0.04564
V48	0.85764	0.12835	0	0.01401
V49	0.78466	0.1376	0	0.07774
V50	0.07084	0.85321	0.07595	0
V51	0.35128	0.37682	0.24788	0.02403
V52	0.02117	0.0797	0.86621	0.03292
V53	0.78591	0.0881	0.12599	0
V54	0.47746	0.14764	0.35869	0.0162
V55	0.21402	0.0735	0.21793	0.49456
V56	0.04016	0	0.0646	0.89524
V57	0.1049	0.86696	0.02143	0.00671
V58	0.64346	0	0.02359	0.33295
V59	0.49045	0.37732	0.08932	0.04292
V60	0.13004	0.0959	0.31072	0.46334
V61	0.86181	0.06029	0	0.07789
V62	0.93277	0.01257	0.04682	0.00785
V63	0.01939	0.85462	0.11092	0.01508
V64	0.01277	0.84404	0.00333	0.13986
V65	0.01895	0	0.07715	0.9039
V66	0.23737	0.68453	0.01513	0.06298
V67	0.16661	0.29669	0.52775	0.00895
V68	0.1483	0.08342	0.01338	0.7549
V69	0.02116	0.27356	0.6543	0.05098
V70	0.60579	0.10136	0.16011	0.13274
V71	0.15963	0.0317	0.35696	0.45171
V72	0.63381	0.10349	0.07267	0.19002
V73	0.16807	0.61471	0.12692	0.0903
V74	0.05817	0.19776	0.74407	0
V75	0.75025	0	0.1605	0.08925
V76	0.00499	0.10596	0.15628	0.73277
V77	0.03919	0.216	0.00406	0.74075
V78	0.31751	0.06207	0.16217	0.45824
V79	0.00445	0.06512	0.83323	0.09721
V80	0.37272	0.0031	0.53417	0.09001
V81	0.0539	0.13053	0.81042	0.00516
V82	0.00072	0.05811	0.93206	0.00911
V83	0.12747	0.11007	0.05587	0.70659
V84	0.40344	0.01084	0.13587	0.44985
V85	0.11299	0.26965	0.41435	0.20301
V86	0.03919	0.03266	0.88445	0.0437
V87	0.03752	0.8499	0.04773	0.06485
V88	0.15604	0.02052	0.24145	0.58199
V89	0.02012	0	0.17073	0.80915
V90	0.03023	0.91053	0.05219	0.00706
V91	0.03705	0.75878	0.17972	0.02445
V92	0.48957	0.00209	0.36398	0.14435
V93	0.90717	0	0	0.09283
V94	0.01936	0.379	0.01504	0.58659
V95	0.28762	0.40202	0.14315	0.16722
V96	0.06666	0.04955	0.01924	0.86456
V97	0.75146	0.06847	0.17961	0.00047
V98	0.73751	0.2559	0	0.00659
V99	0.85569	0.02321	0.12007	0.00102
V100	0.07244	0.02238	0.88164	0.02354
V101	0.02821	0.01464	0.01586	0.94129
V102	0.96389	0.02781	0	0.0083
V103	0.01761	0.01405	0.07252	0.89581
V104	0.0346	0.95025	0.01424	9e-04
V105	0.06388	0.91795	0.01806	0.00011
V106	0.12819	0.51033	0.32512	0.03636
V107	0.20124	0.15721	0.59172	0.04983
V108	0.16516	0.75047	0.08437	0
V109	0.01161	0.10906	0.6043	0.27503
V110	0.05905	0.89119	0.03505	0.01471
V111	0.9485	0	0.04923	0.00226
V112	0.12295	0.02555	0.4137	0.4378
V113	0.18403	0.05338	0.15197	0.61062
V114	0.23492	0.00862	0.06075	0.69571
V115	0.01084	0.77013	0.21878	0.00025
V116	0.15132	0.26837	0.37795	0.20235
V117	0.74652	0.20257	0.01961	0.0313
V118	0.17496	0.5497	0.02563	0.24971
V119	0.10502	0.03183	0.03595	0.8272
V120	0.07404	0.04899	0.863	0.01397
V121	0.65206	0.07725	0.07152	0.19918
V122	0.98787	0	0.0035	0.00863
V123	0.00989	0.45572	0.03527	0.49913
V124	0.7113	0.23925	0	0.04945
V125	0.43948	0.38783	0.15851	0.01417
V126	0.03838	0.08771	0.03695	0.83696
V127	0.15553	0.0137	0.22953	0.60124
V128	0.03025	0	0.08782	0.88193
V129	0.65261	0.18467	0.13952	0.0232
V130	0.00862	0.66609	0.32452	0.00077
V131	0.03052	0.89114	0.00389	0.07445
V132	0.97085	0	0.01358	0.01557
V133	0.95712	0.00164	0.03308	0.00815
V134	0.11353	0.33645	0.11263	0.43739
V135	0.06938	0	0.15122	0.7794
V136	0.25689	0.34329	0.00344	0.39638
V137	0.70912	0.01248	0.21609	0.06231
V138	0.23421	0.36217	0.1661	0.23752
V139	0.38826	0.15078	0.17798	0.28298
V140	0.03076	0.0439	0.04082	0.88452
V141	0.06045	0.10728	0.55461	0.27765
V142	0.8251	0.00089	0.17401	0
V143	0.47442	0.20245	0.05126	0.27187
V144	0.16283	0.09685	0.14549	0.59483
V145	0.00358	0.77773	0.21811	0.00058
V146	0.05402	0	0.02712	0.91886
V147	0.95654	0.00505	0.00683	0.03158
V148	0.12639	0.04138	0.58595	0.24628
V149	0.29255	0.50231	0.20514	0
V150	0.08633	0.20052	0.62716	0.08599
V151	0.22811	0.61068	0.0267	0.13452
V152	0.26323	0.42198	0.21078	0.10401
V153	0.11359	0.74925	0.01667	0.12049
V154	0.27228	0.4406	0.26273	0.02439
V155	0.53269	0.09867	0.26885	0.09979
V156	0.0295	0.0983	0.72626	0.14594
V157	0.33285	0.10721	0.30031	0.25964
V158	0.02715	0.00196	0.02783	0.94307
V159	0.92384	0.03663	0	0.03952
V160	0.71025	0	0.04356	0.2462
V161	0.19575	0	0.02275	0.78149
V162	0.06555	0.23057	0.06544	0.63845
V163	0.10293	0.46248	0.15624	0.27835
V164	0.3764	0.25469	0.08859	0.28031
V165	0.01631	0.20156	0.00167	0.78046
V166	0.01619	0.05143	0.05602	0.87636
V167	0.33096	0	0.00217	0.66687
V168	0.31999	0.5595	0.06647	0.05405
V169	0.17906	0.01682	0.027	0.77711
V170	0.0973	0.00309	0.50874	0.39086
V171	0.13695	0.20261	0.6211	0.03934
V172	0.76178	0	0.23613	0.00209
V173	0.0306	0.08964	0.03126	0.8485
V174	0.02193	0.10437	0.05966	0.81403
V175	0.05617	0.01062	0.79205	0.14116
V176	0.01122	0.82915	0.15947	0.00016
V177	0.01634	0.96468	0.00977	0.00921
V178	0.01079	0.74686	0.00588	0.23647
V179	0.15135	0	0.35356	0.49509
V180	0.03591	0.891	0.0731	0
V181	0.16882	0.09156	0.55533	0.18429
V182	0.33376	0.1389	0.46803	0.05931
V183	0.19436	0.79677	0.00887	0
V184	0.98858	0.00706	0.00435	0
V185	0.61879	0.375	0.00621	0
V186	0.12811	0.4661	0.26063	0.14516
V187	0.98201	0	0.01566	0.00234
V188	0.05843	0.17012	0.00025	0.77121
V189	0.84764	0.00047	0.00568	0.14621
V190	0.70672	0.00423	0.28705	0.002
V191	0.20173	0.16833	0.59116	0.03878
V192	0.3344	0.42876	0.03817	0.19867
V193	0.65338	0.00902	0.21037	0.12723
V194	0.04096	0.93218	0.01111	0.01575
V195	0.00891	0.03546	0.94593	0.00969
V196	0.02119	0.03872	0.01543	0.92466
V197	0.4075	0.01466	0.01561	0.56223
V198	0.06772	0.49867	0.37458	0.05903
V199	0.15412	0	0.14811	0.69776
V200	0.13531	0.52743	0.01231	0.32495
V201	0.10393	0.54609	0.1808	0.16919
V202	0.01158	0.01364	0.77432	0.20047
V203	0.17992	0.41244	0.39129	0.01636
V204	0.0115	0.47768	0.00383	0.50698
V205	0.01384	0.04754	0.92303	0.01559
V206	0.04279	0.07914	0.87159	0.00648
V207	0.12836	0.12686	0.04041	0.70438
V208	0.2652	0.04709	0.67633	0.01138
V209	0.33725	0.43293	0.05491	0.1749
V210	0.09201	0.78232	0.08141	0.04426
V211	0.40767	0	0.02181	0.57052
V212	0.55193	0.022	0.40904	0.01703
V213	0.67424	0.00299	0.08557	0.2372
V214	0.35181	0.1075	0.14294	0.39775
V215	0.28378	0.04783	0.01168	0.65671
V216	0.04094	0	0.02447	0.93458
V217	0.04534	0.46524	0.22453	0.26489
V218	0.10269	0.40958	0.15485	0.33289
V219	0.11265	0.60874	0.00769	0.27092
V220	0.01035	0.81801	0.00722	0.16442
V221	0.81889	0	0	0.18111
V222	0.34631	0.09043	0.35716	0.20611
V223	0.00459	0.10627	0.80288	0.08626
V224	0.98109	0.00374	0.01517	0
V225	0.06156	0.88635	0.05209	0
V226	0.32989	0.06052	0.59909	0.0105
V227	0.83102	0	0.16098	0.00799
V228	0.83451	0.03196	0.04463	0.0889
V229	0.01361	0.02704	0.93364	0.02571
V230	0.02475	0.00972	0.02403	0.9415
V231	0.01828	0.20825	0.09283	0.68064
V232	0.04765	0.61639	0	0.33596
V233	0.62015	0.05024	0.17553	0.15408
V234	0.03997	0.92269	0.03021	0.00714
V235	0.40588	0.041	0.52574	0.02738
V236	0.03813	0.04837	0.82759	0.08592
V237	0.14556	0	0.02503	0.82941
V238	0.1406	0.55575	0.25741	0.04624
V239	0.06614	0.33758	0.01278	0.58351
V240	0.53029	0.0194	0.40504	0.04527
V241	0.01223	0.01723	0.89466	0.07588
V242	0.14071	0.77105	0.08219	0.00604
V243	0.24973	0.02646	0.6421	0.08172
V244	0.20679	0.00595	0.69465	0.09261
V245	0.66721	0.24726	0.03395	0.05159
V246	0.05218	0.12251	0.80378	0.02153
V247	0.17362	0.02803	0.79726	0.00109
V248	0.02686	0.00958	0.04013	0.92343
V249	0	0.03413	0.88996	0.07591
V250	0.80934	0	0.18887	0.0018
V251	0.97318	0.02463	0	0.00219
V252	0.01638	0.84094	0.14268	0
V253	0.37239	0.03088	0.13819	0.45853
V254	0.01388	0.93822	0.04758	0.00032
V255	0.05107	0.90867	0.00573	0.03453
V256	0.18871	0.17353	0.54172	0.09605
V257	0.45421	0.0588	0.21295	0.27405
V258	0.19151	0.223	0.4378	0.14768
V259	0.03103	0.2641	0.6647	0.04017
V260	0	0.26776	0.7277	0.00454
V261	0.663	0.00692	0.16904	0.16105
V262	0.08804	0.02335	0.01446	0.87415
V263	0.02308	0.95161	0.00815	0.01716
V264	0.15658	0.01325	0.41004	0.42014
V265	0.02995	0	0.11262	0.85743
V266	0.68235	0.31487	0.00278	0
V267	0.00127	0.11884	0.25881	0.62109
V268	0.3811	0	0.11587	0.50303
V269	0.00626	0.55409	0.39178	0.04787
V270	0.69642	0.00421	0.2171	0.08228
V271	0.85343	0.03179	0.01692	0.09786
V272	0.05818	0.82079	0.01226	0.10876
V273	0.05201	0.00296	0.03183	0.9132
V274	0.73829	0	0.15194	0.10976
V275	0.00291	0.04028	0.94642	0.0104
V276	0.55002	0.28563	0.00114	0.1632
V277	0.03454	0.14106	0.13747	0.68693
V278	0.03235	0.02164	0.25901	0.687
V279	0.74315	0.02469	0.08618	0.14597
V280	0.02715	0.00196	0.02783	0.94307
V281	0.56692	0.00362	0.11364	0.31582
V282	0.04874	0.04964	0.83763	0.06399
V283	0.22966	0.55901	0.04919	0.16215
V284	0.03125	0.91494	0.05382	0
V285	0.07538	0.03103	0.89072	0.00287
V286	0.27197	0.53359	0.09379	0.10065
V287	0.10447	0.86686	0.01406	0.0146
V288	0.01353	0.2265	0.42671	0.33327
V289	0.31297	0.17849	0.42644	0.0821
V290	0.85993	0.1342	0.00587	0
V291	0.53152	0.04541	0.41398	0.00909
V292	0.95163	0	0	0.04837
V293	0.30801	0.011	0.64203	0.03897
V294	0.08743	0.30031	0	0.61226
V295	0.01716	0.11334	0.16538	0.70413
V296	0.18314	0.08811	0.63339	0.09536
V297	0.06567	0	0.05642	0.87791
V298	0.3198	0.07627	0.59359	0.01034
V299	0.06725	0.20358	0.00871	0.72047
V300	0.00725	0.00635	0.1996	0.7868
V301	0.11682	0.08053	0.66986	0.13279
V302	0.6978	0.29578	0	0.00642
V303	0	0.59766	0.37547	0.02686
V304	0.0465	0.01628	0.74682	0.19041
V305	0.11842	0.11348	0.46126	0.30684
V306	0.87223	0.05588	0.03145	0.04044
V307	0.02196	0.95184	0.01843	0.00777
V308	0.24155	0.17783	0.28688	0.29374
V309	0.34844	0.25121	0.01476	0.38558
V310	0.07631	0.25105	0.13016	0.54249
V311	0.55743	0.44008	0.0025	0
V312	0.10347	0.75337	0.12868	0.01447
V313	0.01352	0.0671	0.01888	0.90049
V314	0.0165	0.42453	0.095	0.46397
V315	0.12603	0.59752	0.02667	0.24978
V316	0.332	0.09219	0.3815	0.19431
V317	0.0909	0.68667	0.03645	0.18598
V318	0.03607	0.50039	0.00718	0.45636
V319	0.05004	0.04653	0.87034	0.03308
V320	0.07138	0.10649	0.67593	0.1462
V321	0.67244	0.32452	0.00304	0
V322	0.19648	0.257	0.05431	0.49221
V323	0.04709	0	0.07038	0.88253
V324	0.72895	0.20741	0.04997	0.01367
V325	0.3302	0.62523	0.04457	0
V326	0.00136	0.5169	0.07827	0.40346
V327	0.02145	0.08646	0.08378	0.80831
V328	0.03767	0.01575	0.74423	0.20234
V329	0.16099	0.06105	0.14344	0.63452
V330	0.3914	0	0.30713	0.30147
V331	0.3334	0.04118	0.02946	0.59597
V332	0.01347	0.01629	0.15477	0.81547
V333	0.4534	0.04432	0.37739	0.12489
V334	0.35345	0	0.33029	0.31626
V335	0.02225	0.29738	0.53327	0.1471
V336	0.18743	0.68859	0.0145	0.10947
V337	0.31337	0.37954	0.28268	0.02441
V338	0.00896	0.9728	0.01608	0.00215
V339	0.12189	0.01915	0.85188	0.00708
V340	0.05104	0.18015	0.54094	0.22786
V341	0.02549	0.00856	0.05271	0.91324
V342	0.24456	0.00027	0.60565	0.14952
V343	0.99	0.00749	0	0.00252
V344	0.72919	0.11583	0.15498	0
V345	0.01553	0.04453	0.93604	0.0039
V346	0.22816	0.06687	0.26206	0.44291
V347	0.03828	0	0.10178	0.85994
V348	0.05811	0.64722	0.12786	0.16681
V349	0.37632	0.12343	0.38355	0.11671
V350	0.03295	0.80687	0.16018	0
V351	0.01474	0.00712	0.35926	0.61888
V352	0.0377	0.01806	0.85905	0.08519
V353	0.92214	0.00247	0.01773	0.05766
V354	0.04762	0.70473	0.21234	0.03531
V355	0.28197	0.04475	0.45566	0.21763
V356	0.03129	0	0.07955	0.88916
V357	0.11267	0.28008	0.2691	0.33814
V358	0.55723	0.0571	0.03241	0.35325
V359	0.57433	0.01997	0.01831	0.38739
V360	0.5938	0.38948	0.01126	0.00546
V361	0	0.44076	0.55656	0.00268
V362	0.00881	0.96729	0.02219	0.0017
V363	0.1664	0.0766	0.4669	0.29009
V364	0.14989	0.04219	0.70087	0.10704
V365	0.24174	0.00108	0.00906	0.74812
V366	0.08048	0.67304	0.07017	0.17632
V367	0.58313	0.08753	0	0.32934
V368	0.09106	0.73717	0.07099	0.10078
V369	0.01535	0.38619	0.59594	0.00252
V370	0.32385	0.23951	0.41049	0.02614
V371	0.20087	0.71312	0.02259	0.06343
V372	0.14474	0.01588	0.09598	0.74339
V373	0.07193	0.09243	0.46563	0.37001
V374	0.81124	0.00579	0.18297	0
V375	0.03656	0.00976	0.11807	0.83561
V376	0.03123	0.00461	0.07879	0.88536
V377	0.78717	0	2e-05	0.2128
V378	0.00773	0.00768	0.36838	0.6162
V379	0.33052	0.13362	0.00325	0.53261
V380	0.13514	0.03173	0.16958	0.66355
V381	0.76022	0	0.06683	0.17295
V382	0.0767	0.03264	0.8836	0.00706
V383	0.85566	0	0.02953	0.11482
V384	0.58102	0.0381	0.10703	0.27385
V385	0.89918	0	0.05192	0.04889
V386	0.27859	0	0.11622	0.60519
V387	0.6432	0.10324	0.16806	0.0855
V388	0.40967	0.28371	0.1291	0.17753
V389	0.44728	0.48653	0.00432	0.06187
V390	0.31727	0.22512	0.45662	0.00099
V391	0.40619	0.05617	0.00836	0.52927
V392	0.45741	0.16861	0.14569	0.22828
V393	0.30101	0.18296	0.34557	0.17046
V394	0.08496	0.1591	0.09173	0.66421
V395	0.23405	0.35342	0.18759	0.22493
V396	0.01379	0.95708	0.01248	0.01665
V397	0.84029	0.05064	0.07745	0.03161
V398	0.45861	0.08474	0.07455	0.38209
V399	0.20605	0.5433	0.13567	0.11499
V400	0.00154	0.53441	0.05209	0.41196
V401	0.03038	0.12236	0.76125	0.08601
V402	0.8345	0.14154	0.02396	0
V403	0.0259	0.0027	0.05961	0.91178
V404	0.08496	0.15753	0.64754	0.10997
V405	0.20167	0.00419	0.13834	0.6558
V406	0.6932	0.19784	0.00581	0.10315
V407	0.00896	0.9728	0.01608	0.00215
V408	0.08684	0.19345	0.39565	0.32405
V409	0.0209	0.00798	0.02868	0.94245
V410	0.09228	0.86634	0.02694	0.01444
V411	0.40968	0	0	0.59032
V412	0.14919	0.04478	0.49394	0.31209
V413	0.05558	0.44637	0.16645	0.3316
V414	0.03334	0.49247	0.32877	0.14542
V415	0.44816	0.00688	0.20535	0.33961
V416	0.01145	0.07887	0.90697	0.00271
V417	0.4054	0.59013	0.00447	0
V418	0.0631	0.05347	0.11526	0.76817
V419	0.02565	0	0.03344	0.9409
V420	0.00432	0.88494	0.01442	0.09631
V421	0.14829	0.02688	0.69487	0.12996
V422	0.0447	0.02782	0.01389	0.91359
V423	0.07244	0.02238	0.88164	0.02354
V424	0	0.02917	0.59947	0.37135
V425	0.05155	0.19791	0.62737	0.12317
V426	0.07996	0.03286	0.81308	0.07411
V427	0.0654	0.34469	0.17468	0.41523
V428	0.09076	0.77636	0.04586	0.08701
V429	0.02455	0	0.03888	0.93657
V430	0.80665	0.11874	0.00595	0.06867
V431	0.16776	0.00844	0.4308	0.393
V432	0.09482	0.04612	0.0358	0.82326
V433	0.05843	0.7038	1e-04	0.23767
V434	0.32016	0.03423	0.03668	0.60892
V435	0.49989	0	0.09548	0.40463
V436	0.35999	0	0.08967	0.55033
V437	0.22123	0.16227	0	0.6165
V438	0.64332	0.10761	0.0181	0.23097
V439	0.03393	0.05678	0.01184	0.89745
V440	0.46765	0.0082	0.02044	0.5037
V441	0.06014	0.09236	0.60929	0.23821
V442	0.34077	0.29371	0.12013	0.24538
V443	0.76307	0	0.06609	0.17084
V444	0.01553	0.04453	0.93604	0.0039
V445	0.65249	0.00623	0.31624	0.02505
V446	0.03781	0.83862	0.04777	0.0758
V447	0.68111	0.05883	0.15383	0.10623
V448	0.02	0.02731	0.1628	0.78989
V449	0.59732	0.01926	0.27521	0.10821
V450	0.15388	0.82717	0.01895	0
V451	0.95618	0.02784	0	0.01597
V452	0.03358	0	0.05949	0.90693
V453	0.864	0.04117	0.0452	0.04964
V454	0.00593	0.9394	0.04684	0.00783
V455	0.64082	0.01475	0.28089	0.06353
V456	0.34475	0.08245	0.37932	0.19349
V457	0.02033	0.01486	0.02198	0.94283
V458	0.25802	0.16214	0	0.57984
V459	0.01724	0.80078	0.08178	0.1002
V460	0.97756	0	0.01399	0.00844
V461	0.05476	0.01147	0.0145	0.91927
V462	0.34233	0.18266	0	0.47501
V463	0.27478	0.45235	0.14442	0.12845
V464	0.49975	0.05653	0	0.44372
V465	0.43182	0.38465	0.01493	0.1686
V466	0.60516	0.13269	0	0.26215
V467	0.3422	0.55841	0.06625	0.03313
V468	0.54457	0.36655	0.03645	0.05242
V469	0.0149	0.117	0.26107	0.60702
V470	0.58827	0.08306	0.15941	0.16926
V471	0.25041	0.05636	0.0246	0.66864
V472	0.32428	0.26983	0	0.40588
V473	0.10319	0.54618	0.33476	0.01587
V474	0.10032	0	0.08168	0.818
V475	0.18727	0.34372	0.06335	0.40566
V476	0.14415	0	0.04404	0.81182
V477	0.6296	0.01395	0.18131	0.17513
V478	0.13554	0.54452	0.00093	0.319
V479	0.01212	0.06384	0.82724	0.0968
V480	0.07537	0.2376	0.03354	0.65349
V481	0.14206	0.01965	0.82447	0.01383
V482	0.75955	0.11851	0.08976	0.03218
V483	0.11454	0.05989	0.05658	0.76899
V484	0.02594	0.03411	0.025	0.91495
V485	0.12528	0.72116	0.00897	0.14458
V486	0.27815	0.20734	0.10809	0.40641
V487	0.0635	0.01459	0.06867	0.85324
V488	0	0.01652	0.86327	0.12021
V489	0.21864	0.08027	0.6898	0.01129
V490	0.35832	0.25887	0.05228	0.33052
V491	0.47936	0.43544	0.02267	0.06253
V492	0.02974	0.84866	0.1216	0
V493	0.03348	0.0057	0.01914	0.94168
V494	0.19847	0.1198	0.53594	0.1458
V495	0.24499	0.61574	0.12517	0.0141
V496	0.28948	0.66806	0	0.04246
V497	0.01036	0.03208	0.94738	0.01017
V498	0.30097	0.05694	0.03663	0.60546
V499	0.6698	0.22795	0.10225	0
V500	0.0955	0.09726	0.76603	0.04121
V501	0.0194	0.00191	0.04214	0.93655
V502	0.6051	0.23889	0.13298	0.02303
V503	0.1842	0.05444	0.17285	0.58851
V504	0.24812	0.68037	0.00861	0.06289
V505	0.19841	0.16208	0.23775	0.40175
V506	0.08713	0.20942	0.46053	0.24292
V507	0.65308	0.06173	0.09759	0.1876
V508	0.81281	0.12057	0.02606	0.04056
V509	0.22631	0.03785	0.50429	0.23155
V510	0.244	0.50862	0.24738	0
V511	0.04559	0.35316	0.03384	0.5674
V512	0.22429	0.01438	0.06108	0.70025
V513	0.08104	0.64735	0.20324	0.06837
V514	0.02399	0.03623	0.0122	0.92757
V515	0.80892	0.03014	0.03053	0.1304
V516	0.93593	0.06211	0	0.00196
V517	0.03329	0.00316	0.21666	0.74689
V518	0.97589	0.02147	0	0.00264
V519	0.02898	0.85626	0.00699	0.10777
V520	0.01885	0.00032	0.59043	0.39039
V521	0.60321	0.02655	0.34523	0.02501
V522	0.00401	0.08885	0.57061	0.33653
V523	0.36756	0.08459	0.24059	0.30727
V524	0.00892	0.78617	0.17987	0.02504
V525	0.24746	0.14338	0.01653	0.59263
V526	0.67355	0.04309	0.0542	0.22916
V527	0.19232	0.00619	0.37216	0.42933
V528	0.10392	0.84998	0.00263	0.04347
V529	0.05079	0.02592	0.19082	0.73248
V530	0.00316	0.16883	0.7069	0.12111
V531	0.02487	0.86803	0.1071	0
V532	0.16728	0.26006	0.01727	0.55539
V533	0.299	0.30579	0.12132	0.27388
V534	0.0038	0.01069	0.69141	0.29409
V535	0.52151	0	0.00304	0.47545
V536	0.17429	0	0.33806	0.48765
V537	0.64604	0.21746	0.13047	0.00603
V538	0.44772	0.02193	0.06479	0.46556
V539	0.28762	0.40202	0.14315	0.16722
V540	0.21479	0.691	0.06087	0.03335
V541	0.01774	0.45045	0.051	0.4808
V542	0.18898	0.08321	0.23013	0.49768
V543	0.89656	0	0.00074	0.1027
V544	0.09222	0.04521	0.14288	0.71969
V545	0.35946	0.09343	0.05128	0.49583
V546	0.04984	0.88925	0.06091	0
V547	0.03702	0.64772	0.30778	0.00748
V548	0.16326	0.76259	0.07414	0
V549	0.33523	0.02533	0.62822	0.01123
V550	0.56857	0.00342	0	0.42801
V551	0.18882	0.72782	0.02996	0.0534
V552	0.00491	0.46586	0.0042	0.52503
V553	0.2357	0.12149	0.62385	0.01896
V554	0.04904	0.04529	0.02044	0.88524
V555	0.0865	0.17543	0.31962	0.41845
V556	0	0.03459	0.9294	0.03601
V557	0.83808	0.00505	0	0.15687
V558	0.0682	0.77472	0.02372	0.13335
V559	0.01474	0.80484	0.18042	0
V560	0.72053	0.27947	0	0
V561	0.00291	0.04028	0.94642	0.0104
V562	0.81273	0	0.08974	0.09753
V563	0.24958	0.01335	0.73168	0.00539
V564	0.05185	0.06714	0.86701	0.014
V565	0.12383	0.21733	0.37451	0.28433
V566	0.71577	0.05631	0	0.22793
V567	0.22185	0.39558	0.01665	0.36592
V568	0.21656	0	0.0396	0.74384
V569	0.67156	0.00399	0	0.32445
V570	0.02083	0.26039	0.6453	0.07348
V571	0.856	0.08599	0	0.05801
V572	0.46155	0	0.42805	0.1104
V573	0.05727	0.11491	0.00575	0.82207
V574	0.03779	0.79592	0.15947	0.00682
V575	0.02167	0.04193	0.10113	0.83526
V576	0.16111	0.79966	0.03311	0.00612
V577	0.03512	0.01408	0.18008	0.77072
V578	0.04726	0.04586	0.6873	0.21958
V579	0.0114	0.88917	0.08423	0.0152
V580	0.12988	0	0.08804	0.78208
V581	0.06096	0.04261	0.00704	0.88939
V582	0.6036	0.09799	0.01807	0.28034
V583	0.00351	0.02729	0.56947	0.39973
V584	0.56923	0.12	0.27618	0.03458
V585	0.00722	0	0.40812	0.58466
V586	0.2332	0.00844	0.65452	0.10384
V587	0.26962	0.01361	0.68712	0.02965
V588	0.63002	0.01305	0.01146	0.34547
V589	0.05783	0.82184	0.05561	0.06473
V590	0.04989	0.77098	0.17914	0
V591	0.00739	0.01225	0.17305	0.8073
V592	0.16209	0.04136	0.7957	0.00085
V593	0.58699	0	0.15428	0.25873
V594	0.36809	0.25728	0.32821	0.04642
V595	0.0315	0.00826	0.02345	0.93679
V596	0.03234	0.21934	0.2046	0.54371
V597	0	0.57207	0.33488	0.09305
V598	0.01347	0.10323	0.86921	0.01409
V599	0.67711	0.28039	0.02056	0.02194
V600	0.38559	0.44164	0.03806	0.13471
V601	0.15498	0.21108	0.06389	0.57005
V602	0.03298	0.00947	0.01781	0.93974
V603	0.01385	0.29905	0.00994	0.67716
V604	0.55967	0.08784	0.32749	0.02501
V605	0.06516	0.28902	0.40209	0.24373
V606	0.77151	0.10725	0	0.12125
V607	0.65987	0	0.08394	0.25619
V608	0.22442	0.12072	0.37684	0.27802
V609	0.02412	0.17491	0.21212	0.58885
V610	0.80283	0	0.06726	0.12991
V611	0.25708	0	0.03841	0.70451
V612	0.02055	0.07373	0.83089	0.07483
V613	0.03069	0.31127	0.61834	0.0397
V614	0.79834	0.02998	0.03044	0.14124
V615	0.11717	0.02285	0.00803	0.85196
V616	0.07909	0.68526	0.03645	0.1992
V617	0.5087	0.13633	0.35497	0
V618	0.70569	0	0	0.29431
V619	0.38859	0.01065	0.29223	0.30853
V620	0.00862	0.66609	0.32452	0.00077
V621	0.44747	0.10957	0.15323	0.28973
V622	0.38811	0.19256	0.39338	0.02595
V623	0.02122	0.03517	0.11737	0.82624
V624	0.83017	0.15563	0	0.01421
V625	0.28562	0.46692	0.08324	0.16423
V626	0.97947	0.01157	0	0.00896
V627	0.01394	0.00691	0.06257	0.91658
V628	0.0098	0.16206	0.01315	0.81499
V629	0.12443	0.24332	0.26702	0.36524
V630	0.03081	0.30793	0.61086	0.0504
V631	0.02045	0.13059	0.08364	0.76532
V632	0.5769	0	0.1092	0.3139
V633	0	0.02854	0.82917	0.1423
V634	0.43607	0.23773	0.3262	0
V635	0.02842	0.72839	0.00492	0.23827
V636	0.1168	0.07912	0.65866	0.14541
V637	0.3069	0.14054	0.06897	0.48359
V638	0.39265	0.20286	0.05157	0.35293
V639	0.28883	0.41273	0.29845	0
V640	0.03045	0.1265	0.79029	0.05277
V641	0.92518	0.01456	0.01173	0.04853
V642	0.80313	0.12932	0	0.06754
V643	0.0048	0.13761	0.43825	0.41935
V644	0.94419	0.04802	0	0.0078
V645	0.28503	0.39293	0.30671	0.01534
V646	0.01647	0.96648	0.01544	0.00161
V647	0.14169	0.0682	0.728	0.06211
V648	0.45045	0.40793	0.11856	0.02306
V649	0.02008	0.05132	0.86443	0.06417
V650	0.04891	0.07165	0.80482	0.07462
V651	0.3215	0.01196	0.66183	0.00471
V652	0.08052	0.05615	0.41969	0.44364
V653	0.12719	0.65742	0.08835	0.12704
V654	0.7553	0.15282	0.04056	0.05132
V655	0.03597	0.51666	0.01349	0.43388
V656	0.20019	0.20393	0.00495	0.59093
V657	0.02774	0.03778	0.01475	0.91974
V658	0.64758	0.16014	0.04034	0.15195
V659	0.33688	0.05809	0.34968	0.25535
V660	0.03231	0.9432	0.00766	0.01683
V661	0.05565	0.35576	0.04074	0.54785
V662	0.42743	0.00482	0.45573	0.11202
V663	0.24394	0.05156	0.57475	0.12975
V664	0.20301	0.05202	0.6945	0.05047
V665	0.74343	0.13863	0.02549	0.09245
V666	0.5688	0	0.07592	0.35529
V667	0.80711	0.05079	0.1421	0
V668	0.13041	0.79143	0.07816	0
V669	0.24816	0.3868	0.24693	0.11811
V670	0.08449	0.89391	0.00564	0.01595
V671	0.39743	0.24818	0.25101	0.10338
V672	0.01284	0.03084	0.92171	0.0346
V673	0.24876	0.33082	0.22212	0.19829
V674	0.7629	0.09857	0.00548	0.13305
V675	0.13988	0.28695	0.31656	0.25661
V676	0.02904	0.06361	0.08356	0.82379
V677	0.41883	0.36436	0.08002	0.1368
V678	0.55052	0.44197	0.00751	0
V679	0.04405	0.29303	0.65236	0.01056
V680	0.33303	0.5308	0.12228	0.01388
V681	0.93832	0.03698	0.00166	0.02304
V682	0.11314	0.27319	0.57473	0.03894
V683	0.0215	0.95369	0.02482	0
V684	0.76009	0.11567	0.07245	0.05178
V685	0.54412	0.30679	0.10608	0.04301
V686	0.0837	0.12268	0.12671	0.66691
V687	0.03254	0.00372	0.02382	0.93993
V688	0.39319	0.46743	0	0.13938
V689	0.22449	0	0.03283	0.74268
V690	0.49829	0.02403	0.41097	0.06672
V691	0.15658	0.01716	0.81972	0.00654
V692	0.07227	0.11199	0.74174	0.074
V693	0.23137	0.07184	0.35579	0.34099
V694	0.00994	0.00508	0.25462	0.73036
V695	0.21795	0	0.12634	0.65571
V696	0.06751	0.04437	0.01422	0.8739
V697	0.02344	0.02697	0.01634	0.93325
V698	0.82701	0	0	0.17299
V699	0.61601	0.23864	0.04987	0.09547
V700	0.21051	0.0016	0.00536	0.78252
V701	0.11439	0.49041	0.09507	0.30012
V702	0.53663	0.04096	0.00116	0.42124
V703	0.12359	0.028	0.47416	0.37425
V704	0.85422	0.01746	0.01131	0.11701
V705	0.97411	0	0.00217	0.02372
V706	0.06892	0.0384	0.79635	0.09634
V707	0.03205	0.41629	0.51307	0.03859
V708	0.03843	0.86768	0.01918	0.07471
V709	0.1378	0.23175	0.54565	0.0848
V710	0.64445	0.1592	0.03269	0.16367
V711	0.09193	0.80232	0.08209	0.02365
V712	0.83929	0.02498	0	0.13573
V713	0.45592	0.24268	0.02028	0.28112
V714	0.00983	0.61987	0.01577	0.35453
V715	0.33092	0.30211	0.29731	0.06966
V716	0.03397	0.01439	0.03764	0.91401
V717	0.08576	0.89963	0.00672	0.00789
V718	0.15354	0.5476	0.16912	0.12974
V719	0.05813	0.67766	0.02924	0.23497
V720	0.72966	0	0.20054	0.06981
V721	0.11957	0.12373	0.47624	0.28046
V722	0.08688	0.2681	0.0072	0.63782
V723	0.09704	0.04384	0.00744	0.85168
V724	0.57973	0.00218	0.06125	0.35684
V725	0	0.08342	0.88256	0.03401
V726	0.03447	0.31441	0.10288	0.54824
V727	0.28408	0.63704	0.07887	0
V728	0.03047	0.88279	0.08674	0
V729	0.39128	0	0.13365	0.47506
V730	0.94104	0.01049	0.02533	0.02315
V731	0.02205	0.14492	0.38219	0.45084
V732	0.36171	0.04916	0.33586	0.25327
V733	0.68531	0.13632	0.01805	0.16032
V734	0.25399	0.28368	0.46153	0.00081
V735	0.01262	0.00878	0.44905	0.52955
V736	0.12895	0	0.01057	0.86048
V737	0.35919	0.24443	0.2288	0.16758
V738	0.07669	0.29724	0.46473	0.16134
V739	0	0.00624	0.57225	0.4215
V740	0.89129	0.05433	0.04707	0.00731
V741	0.49669	0.06013	0.10081	0.34237
V742	0.4215	0.56551	0.01299	0
V743	0.13387	0.11634	0.72945	0.02035
V744	0.54905	0.01955	0.31045	0.12095
V745	0.01595	0.68458	0.17188	0.12758
V746	0.9943	0.00184	0	0.00386
V747	0.04603	0.00503	0.70145	0.24749
V748	0.1161	0.07473	0.59859	0.21059
V749	0.27325	0.11758	0.03685	0.57233
V750	0.44284	0.41766	0.00865	0.13085
V751	0.04836	0.86494	0.03281	0.05389
V752	0.49532	0.17714	0.11467	0.21287
V753	0.0299	0.00975	0.01747	0.94288
V754	0.01342	0.91692	0.00553	0.06413
V755	0.14664	0.14603	0.33039	0.37694
V756	0.02905	3e-04	0.04106	0.92959
V757	0.36499	0.56255	0.04978	0.02267
V758	0.04689	0.76609	0.10955	0.07748
V759	0.11196	0.03272	0.37925	0.47607
V760	0.28816	0.02765	0.25391	0.43028
V761	0.06928	0.56733	0.27065	0.09273
V762	0.00695	0.31106	0.01069	0.6713
V763	0.405	0.29894	0.01401	0.28205
V764	0.01261	0.91416	0.00928	0.06394
V765	0.67066	0.04867	0	0.28067
V766	0.01342	0.27502	0.44445	0.2671
V767	0.51554	0.08592	0.22562	0.17291
V768	0.05957	0.9036	0.02193	0.0149
V769	0.14948	0.81801	0.02628	0.00622
V770	0.01647	0.96648	0.01544	0.00161
V771	0.16577	0.01912	0.80184	0.01327
V772	0.13284	0.04126	0.82024	0.00566
V773	0.17092	0.81461	0.00777	0.0067
V774	0.01396	0.02145	0.92889	0.03569
V775	0.0988	0.01517	0.24929	0.63675
V776	0.46375	0.37804	0.03691	0.1213
V777	0.16036	0.06871	0.11479	0.65613
V778	0.5787	0.22788	0.05018	0.14324
V779	0.15898	0.02165	0.48589	0.33348
V780	0.11917	0.75991	0.12091	0
V781	0.04468	0.00892	0.02658	0.91981
V782	0.00513	0.09957	0.8204	0.0749
V783	0.81039	0	0.02999	0.15962
V784	0.11812	0.86561	0.01626	0
V785	0.03992	0.92807	0.01678	0.01524
V786	0.77959	0.11557	0.06367	0.04117
V787	0.00446	0.8449	0.15007	0.00058
V788	0.55999	0.26193	0.13449	0.04359
V789	0.06584	0.2919	0.02015	0.62211
V790	0.43635	0.00275	0.05656	0.50435
V791	0.1415	0.34022	0.3304	0.18788
V792	0.13397	0.48245	0.00035	0.38322
V793	0.12593	0.62243	0.02714	0.2245
V794	0.0392	0.06242	0.81245	0.08592
V795	0.09475	0.01359	0.04519	0.84647
V796	0.02186	0.07445	0.88035	0.02334
V797	0.79425	0	0.19735	0.0084
V798	0.67303	0.25491	0.05846	0.01361
V799	0.13946	0.76249	0.02316	0.07489
V800	0.05653	0.00868	0.49405	0.44074
V801	0.12868	0.07733	0.30675	0.48723
V802	0.03245	0.04222	0.24199	0.68334
V803	0.24132	0.50232	0.25635	0
V804	0.55105	0.00447	0.36941	0.07507
V805	0.01768	0.0404	0.93774	0.00418
V806	0.04944	0.90221	0.01468	0.03367
V807	0.24328	0.09846	0.02396	0.6343
V808	0.71569	0.22619	0.02677	0.03134
V809	0.0403	0.05104	0.90617	0.00249
V810	0.01826	0.9683	0.01097	0.00247
V811	0.43389	0.04046	0.17828	0.34736
V812	0.5865	0.21307	0.034	0.16643
V813	0.65393	0.15317	0.16934	0.02355
V814	0.46509	0.50018	0.03472	0
V815	0.0063	0.92098	0.07216	0.00056
V816	0.95223	0.00074	0.04703	0
V817	0.02203	0.06951	0.8939	0.01457
V818	0.01451	0.02586	0.03462	0.92501
V819	0.87962	0.04849	0.03156	0.04033
V820	0.11513	0.05529	0.01605	0.81352
V821	0.23469	0.28314	0.39947	0.08271
V822	0.06191	0.02799	0.88662	0.02348
V823	0.02068	0.15805	0.71135	0.10992
V824	0.09298	0.36473	0.54228	0
V825	0.2314	0.24493	0.24311	0.28056
V826	0.4732	0.3845	0.13653	0.00577
V827	0.40518	0.56475	0.00738	0.02269
V828	0.21266	0.11179	0.08787	0.58768
V829	0.0382	0.17693	0.02807	0.75679
V830	0.21226	0.16364	0.01724	0.60686
V831	0.81102	0.05206	0.01703	0.11989
V832	0.28845	0.3624	0.15362	0.19552
V833	0.15368	0.48066	0.16872	0.19694
V834	0.27531	0.03474	0.06048	0.62947
V835	0.39181	0.41905	0.10084	0.0883
V836	0.01076	0.62532	0.004	0.35992
V837	0.23392	0.33789	0.17631	0.25187
V838	0.9604	0.02295	0.0148	0.00185
V839	0.32428	0.59005	0.08567	0
V840	0.30845	0.68213	0.00942	0
V841	0	0.04181	0.89306	0.06513
V842	0.37363	0.12468	0.2443	0.25739
V843	0.01143	0.02472	0.87796	0.08589
V844	0.10268	0.0549	0.36015	0.48227
V845	0.06051	0.0854	0.77997	0.07412
V846	0	0.01349	0.74202	0.24449
V847	0.02511	0.00541	0.02566	0.94381
V848	0.09128	0.47402	0.15704	0.27766
V849	0.00542	0.94777	0.01197	0.03484
V850	0.98737	0	0.00375	0.00888
V851	0.36149	0.50565	0.13287	0
V852	0.09164	0.01955	0.1053	0.78351
V853	0.25905	0.18712	0.4081	0.14573
V854	0.63999	0.12341	0.08228	0.15432
V855	0.02511	0.00541	0.02566	0.94381
V856	0.04341	0.30909	0.35073	0.29678
V857	0.71825	0.12753	0.01837	0.13585
V858	0.58468	0.00687	0.4058	0.00265
V859	0.70331	0.18792	0.00579	0.10298
V860	0.17121	0.06604	0.03987	0.72288
V861	0.09009	0.33661	0.56386	0.00943
V862	0.12906	0.06897	0.75062	0.05135
V863	0.18072	0.02782	0.00119	0.79027
V864	0.05761	0.01042	0.0418	0.89017
V865	0.09677	0	0.23311	0.67012
V866	0.76808	0.00496	0.21874	0.00823
V867	0.76533	0.01276	0.22047	0.00145
V868	0.56161	0.23658	0.11508	0.08673
V869	0.02506	0.95907	0.0149	0.00097
V870	0.09779	0.27029	0.01201	0.6199
V871	0.00542	0.94777	0.01197	0.03484
V872	0.01251	0	0.21704	0.77044
V873	0.92826	0.00922	0.03101	0.03151
V874	0.20796	0.76258	0.02946	0
V875	0.01631	0.13263	0.17699	0.67407
V876	0.1661	0.29751	0.42843	0.10796
V877	0.04346	0.35502	0.29207	0.30945
V878	0.1417	0.79789	0.0604	0
V879	0.20289	0.67432	0.03578	0.08701
V880	0.32368	0.50994	0	0.16638
V881	0.13622	0.02797	0.60443	0.23138
V882	0.82551	0	0.09753	0.07696
V883	0.29887	0.17912	0.522	0
V884	0.02305	0.21076	0.00099	0.7652
V885	0.75315	0.17802	0.06884	0
V886	0.01339	0.33081	0.48286	0.17294
V887	0.67165	0.03269	0.13311	0.16255
V888	0.09078	0.03686	0.76471	0.10765
V889	0.95303	0.02496	0.00721	0.0148
V890	0.02945	0.11171	0.63359	0.22526
V891	0.66869	0.02802	0.26024	0.04305
V892	0.26783	0.12441	0.00403	0.60372
V893	0.63371	0.1715	0.13074	0.06406
V894	0.06421	0.2854	0.6108	0.03959
V895	0.62704	0.0336	0.17377	0.16559
V896	0.04096	0.93218	0.01111	0.01575
V897	0.73358	0.20741	0	0.05901
V898	0.42951	0	0	0.57049
V899	0.02694	0.1306	0.11739	0.72506
V900	0.07597	0.2506	0.36204	0.31138
V901	0.03806	0.81323	0.00671	0.142
V902	0.05128	0.903	0.04572	0
V903	0.00458	0.40294	0.5428	0.04967
V904	0.02706	0.96002	0.01069	0.00223
V905	0.1278	0	0.14567	0.72653
V906	0.39784	0.0509	0.08342	0.46783
V907	0.46146	0.47606	0.01041	0.05206
V908	0.01846	0.02033	0.05828	0.90293
V909	0.13742	0.78696	0.00156	0.07406
V910	0.13826	0	0.0953	0.76644
V911	0.55595	0.35087	0.02068	0.0725
V912	0.42088	0.28103	0.10809	0.19001
V913	0.10175	0	0.01406	0.88419
V914	0.19297	0.48314	0.28804	0.03585
V915	0.19722	0	0.00724	0.79554
V916	0.2527	0.04328	0.65466	0.04936
V917	0.75121	0.00779	0.13872	0.10227
V918	0.04688	0.62296	0.22556	0.1046
V919	0.20096	0.18855	0.28785	0.32263
V920	0.66585	0.15267	0.07445	0.10703
V921	0.03088	0.10574	0.02457	0.83881
V922	0.10345	0.45185	0.39697	0.04773
V923	0.06759	0.0012	0.03595	0.89525
V924	0.03671	0.67249	0.26522	0.02558
V925	0.15897	0.00759	0.01193	0.82152
V926	0.17851	0.00065	0.02324	0.79759
V927	0.02579	0.01468	0.04529	0.91425
V928	0.04872	0.87976	0.00778	0.06374
V929	0.05792	0.61932	0.11732	0.20545
V930	0.5453	0.32755	0.02005	0.10709
V931	0.13827	0.24227	0.53474	0.08472
V932	0.02935	0.08341	0.6131	0.27413
V933	0.63668	0.35329	0.00435	0.00568
V934	0.00873	0.09794	0.24661	0.64672
V935	0.60884	0.12298	0.19253	0.07564
V936	0.54998	0.21896	0.00676	0.22431
V937	0.56149	0.08504	0.06509	0.28838
V938	0.37914	0.02437	0.28523	0.31126
V939	0.77485	0	0.05163	0.17352
V940	0.02688	0.7978	0.14052	0.0348
V941	0.00485	0.0373	0.94661	0.01124
V942	0.79104	0.14666	0.04844	0.01387
V943	0.4216	0.09914	0.4213	0.05797
V944	0.02041	0.19603	0.05051	0.73305
V945	0.59594	0.30937	0.00121	0.09348
V946	0.49757	0.22637	0.24155	0.0345
V947	0.06959	0.01942	0.20015	0.71084
V948	0.34871	0.02324	0.60892	0.01913
V949	0.00448	0.06579	0.1743	0.75543
V950	0.05667	0.50468	0.20147	0.23718
V951	0.86579	0.00472	0.12813	0.00136
V952	0.06099	0.08122	0.23857	0.61922
V953	0.0124	0.05048	0.90308	0.03403
V954	0.03498	0.12155	0.11715	0.72631
V955	0.12402	0.55498	0.01966	0.30134
V956	0.02838	0.0096	0.48758	0.47444
V957	0.30476	0	0	0.69524
V958	0.03348	0.0057	0.01914	0.94168
V959	0.2455	0.22658	0.44488	0.08304
V960	0.23282	0.21311	0.06204	0.49202
V961	0.14071	0.35652	0.35525	0.14753
V962	0.38919	0.13415	0.39571	0.08095
V963	0.64593	0.12942	0.13922	0.08542
V964	0.88202	0.0104	0.07582	0.03176
V965	0.05578	0.46137	0.17859	0.30426
V966	0.98701	0.00424	0	0.00874
V967	0.04711	0.02255	0.51107	0.41927
V968	0	0.1277	0.79753	0.07476
V969	0.01342	0.21689	0.02897	0.74073
V970	0.03029	0.0801	0.40754	0.48207
V971	0.53496	0.05809	0.31906	0.08789
V972	0.52965	0.14699	0.0333	0.29006
V973	0.28244	0.37246	0.06321	0.28189
V974	0.00829	0.78375	0.11957	0.0884
V975	0.10105	0.27044	0.62594	0.00258
V976	0.4684	0.19722	0.09629	0.23809
V977	0.34405	0.33367	0.32228	0
V978	0.05501	0.0479	0.05276	0.84433
V979	0.83832	0.00551	0.15479	0.00139
V980	0.9943	0.00184	0	0.00386
V981	0.33952	0.0151	0.42131	0.22408
V982	0.47936	0.36089	0.06167	0.09808
V983	0.70362	0.02755	0	0.26883
V984	0.01824	0.84603	0.10113	0.0346
V985	0.06627	0.13177	0.00486	0.7971
V986	0.34599	0.49209	0.03933	0.12259
V987	0.25292	0.73044	0.00175	0.01488
V988	0.18843	0	0.01127	0.8003
V989	0.48024	0.44232	0.06407	0.01337
V990	0	0.03946	0.79455	0.16599
V991	0.67855	0.3152	0	0.00624
V992	0.1929	0	0.50736	0.29975
V993	0.06886	0.72624	0.15957	0.04533
V994	0.1973	0.77134	0.02539	0.00596
V995	0.77172	0.0672	0.01747	0.14361
V996	0.25099	0.07216	0.00624	0.67061
V997	0.01175	0.01617	0.8301	0.14197
V998	0.90737	0	0.04395	0.04868
V999	0.12951	0.86314	0.00693	0.00042
V1000	0.28587	0.00205	0	0.71208
