Neutrophils	Monocytes_CD14.CD16.	Macrophage	T_cells_.CD4..	NK_cells
V1	0.37064	0.12964	0.2151	0.1497	0.13491
V2	0.10376	0.72825	0.02794	0.03664	0.10341
V3	0.08001	0.01931	0.38388	0.42459	0.09221
V4	0.00356	0.05183	0.22683	0.19126	0.52652
V5	0.00121	0.04411	0.0476	0.26855	0.63852
V6	0.37321	0.02552	0.23536	0.24202	0.12389
V7	0.00771	0.06768	0.3987	0.16549	0.36042
V8	0.02186	0.03675	0.78483	0.08151	0.07506
V9	0.06613	0	0.2185	0.61346	0.10191
V10	0.5154	0.02747	0.40783	0	0.04931
V11	0.02804	0.06292	0.09024	0.22082	0.59798
V12	0.09006	0.02732	0.19388	0.38181	0.30693
V13	0.14277	0.05633	0.0157	0.48423	0.30097
V14	0.16871	0	0.04469	0.63941	0.14719
V15	0.02598	0.00431	0	0.82755	0.14217
V16	0.59013	0.05286	0	0.29365	0.06337
V17	0.0808	0.28247	0	0.16562	0.4711
V18	0.12241	0.39486	0.21162	0.19031	0.08079
V19	0.01547	0.04755	0	0.28354	0.65344
V20	0.00913	0.01552	0.65231	0.23498	0.08806
V21	0.03374	0.28081	0.10903	0.23638	0.34004
V22	0.84262	0.06658	0.04608	0	0.04471
V23	0.078	0.0544	0.00536	0.28559	0.57665
V24	0.50533	0.13262	2e-05	0.09363	0.2684
V25	0.02046	0.04571	0	0.52245	0.41138
V26	0.52304	0.20232	0.03871	0.05945	0.17648
V27	0.16676	0.48994	0.15182	0.01939	0.17209
V28	0.03937	0.06831	0.1641	0.60821	0.12001
V29	0.0078	0	0.28366	0.59662	0.11192
V30	0.76997	0.09699	0.00926	0.02393	0.09985
V31	0.45345	0.13429	0	0.24528	0.16697
V32	0.93468	0	0	0	0.06532
V33	0.02699	0.23494	0	0.23726	0.5008
V34	0.16624	0.75999	0	0	0.07377
V35	0.13938	0.57289	0.21136	0.00546	0.07092
V36	0.03507	0.20821	0.14996	0.19055	0.41621
V37	0.78232	0	0	0.04012	0.17756
V38	0.14492	0.0387	0.42647	0.23116	0.15876
V39	0.37581	0.04929	0.2999	0.05345	0.22155
V40	0.26946	0.562	0	0.07905	0.08949
V41	0.09942	0.78025	0	0	0.12033
V42	0.89044	0.02575	0.00572	0.00455	0.07354
V43	0.52849	0.11729	0.29848	0.00746	0.04828
V44	0.06083	0.29097	0.49948	0.01518	0.13354
V45	0.08157	0.62635	0.06682	0.12017	0.1051
V46	0.16418	0.70408	0.04195	0.00543	0.08436
V47	0.00979	0.03744	0.8541	0.01391	0.08475
V48	0.19265	0.12787	0.18352	0.3436	0.15236
V49	0.50541	0.13286	0.1856	0.12015	0.05597
V50	0.03511	0.05297	0.82923	0.00785	0.07484
V51	0.13289	0.28299	0.17073	0.121	0.29238
V52	0.10394	0.81532	0	0	0.08074
V53	0.0408	0.14406	0	0.69562	0.11951
V54	0.22543	0	0	0.57193	0.20265
V55	0.07011	0	0	0.80271	0.12718
V56	0.06746	0	0	0.74988	0.18266
V57	0.19018	0.13677	0.50267	0.04052	0.12986
V58	0.07423	0.01672	0.12159	0.33181	0.45564
V59	0.88376	0.00896	0.06835	0	0.03894
V60	0.46741	0.19409	0.09473	0.12484	0.11893
V61	0.21434	0.02668	0.00894	0.33389	0.41614
V62	0.06653	0.0496	0.27781	0.23511	0.37096
V63	0.44511	0.25797	0.03927	0.05942	0.19823
V64	0.9434	0.00529	0.00932	0	0.04199
V65	0.09747	0.0738	0.01525	0.6272	0.18628
V66	0.03109	0	0.1014	0.74415	0.12336
V67	0.00441	0.04613	0.32163	0.20981	0.41802
V68	0.51157	0.00953	0.34871	0.03893	0.09126
V69	0.63734	0.10902	0.16506	0.01173	0.07685
V70	0.10709	0.6551	0.01896	0.12625	0.0926
V71	0.1446	0.71766	0.01962	0.03449	0.08362
V72	0.06306	0.42724	0.00546	0.11557	0.38866
V73	0.06475	0.00353	0.07727	0.61947	0.23498
V74	0.01798	0.04648	0	0.76554	0.17
V75	0.5173	0.17074	0.26091	0	0.05105
V76	0.01036	0	0	0.82092	0.16872
V77	0.03233	0.02969	0.81561	0.04826	0.0741
V78	0.01048	0.04507	0.84093	0.02041	0.08312
V79	0.11001	0.40651	0.0185	0.18802	0.27696
V80	0.17146	0.66926	0	0.03773	0.12155
V81	0.02162	0.03682	0.85231	0.01102	0.07823
V82	0.25932	0.14054	0.00508	0.5004	0.09466
V83	0.10935	0.07759	0	0.57748	0.23558
V84	0.10809	0.19733	0	0.18515	0.50943
V85	0.00974	0.03706	0.85288	0.02037	0.07995
V86	0.04656	0.23803	0.25426	0.36716	0.09399
V87	0.47872	0	0.01872	0.41976	0.08281
V88	0.34508	0.16353	0.0297	0.23543	0.22626
V89	0.06464	0.11089	0.71743	0.03819	0.06886
V90	0.02413	0.21785	0.04008	0.2319	0.48605
V91	0.01017	0	0.05424	0.80515	0.13044
V92	0.27004	0.06455	0.01032	0.17959	0.47551
V93	0.01655	0.08606	0.13283	0.54973	0.21484
V94	0.04741	0.19303	0.00288	0.34647	0.4102
V95	0.07861	0.26104	0.00304	0.21653	0.44078
V96	0.82895	0.00161	0.01001	0.03746	0.12196
V97	0.18047	0.05594	0.02739	0.25162	0.48458
V98	0.08253	0.3771	0.14982	0.16098	0.22957
V99	0.53772	0.11337	0	0.22075	0.12817
V100	0.5767	0.15858	0.03045	0.07108	0.16319
V101	0.11228	0.80868	0	0	0.07904
V102	0.35284	0.23838	0.10661	0.1273	0.17488
V103	0.13636	0.02282	0	0.22735	0.61347
V104	0.07553	0.42965	0.06347	0.09876	0.33259
V105	0.00239	0.05366	0.02873	0.27734	0.63788
V106	0.09945	0.69688	0.11315	0	0.09053
V107	0.07676	0.21451	0.59564	0.0411	0.07199
V108	0.03872	0.18068	0.70809	0	0.0725
V109	0.07675	0.22686	0.03469	0.3478	0.31389
V110	0.22182	0.46852	0.14552	0.08753	0.07661
V111	0.32941	0.21298	0.40971	0	0.0479
V112	0.19479	0	0.0801	0.51291	0.2122
V113	0.26837	0.01656	0.08704	0.25703	0.37101
V114	0.60504	0.06727	0.02837	0.17813	0.12118
V115	0.88346	0	0	0.01659	0.09994
V116	0.00199	0.04507	0	0.26361	0.68932
V117	0.06755	0.03052	0.72848	0.08992	0.08353
V118	0.03891	0	0	0.81771	0.14338
V119	0.36521	0.01535	0.33557	0.22408	0.05979
V120	0.02007	0.02289	0.73705	0.12416	0.09583
V121	0.24048	0.65445	0	0	0.10507
V122	0.0609	0.38422	0.06093	0.26651	0.22743
V123	0.52884	0.03693	0.05292	0.21581	0.1655
V124	0.24132	0.12067	0.04034	0.29655	0.30111
V125	0.07755	0.423	0.42702	0	0.07243
V126	0.18741	0.19552	0.18856	0.17158	0.25693
V127	0.31817	0.00865	0.5727	0.04434	0.05614
V128	0.24823	0.67911	0	0	0.07266
V129	0.30136	0.04267	0.23338	0.21833	0.20426
V130	0.06345	0.48766	0.01926	0.23877	0.19087
V131	0.0215	0	0.19194	0.67433	0.11223
V132	0.37636	0.00593	0	0.38551	0.2322
V133	0.01105	0.07503	0.51174	0.15332	0.24886
V134	0.09222	0.0423	0.70731	0.04332	0.11485
V135	0.04066	0.11417	0.65872	0.05	0.13645
V136	0.95463	0	0	0	0.04537
V137	0.90784	0.01413	0	0.02026	0.05777
V138	0.2838	0.15405	0.05768	0.20708	0.2974
V139	0.12905	0	0.11959	0.64573	0.10563
V140	0.02438	0.03218	0.14881	0.21439	0.58024
V141	0.04223	0.215	0.57197	0.09377	0.07704
V142	0.24551	0.00772	0.29895	0.19703	0.25078
V143	0.03893	0.20078	0.42873	0.16962	0.16194
V144	0.54124	0.20151	0.04449	0.11249	0.10027
V145	0.01042	0.0431	0.82983	0.02974	0.08691
V146	0.05675	0.33513	0	0.35158	0.25654
V147	0.12123	0.0742	0.60952	0.11071	0.08435
V148	0.20425	0.70548	0	0.00554	0.08473
V149	0.00901	0	0	0.82549	0.1655
V150	0.18166	0.19497	0.51798	0.00361	0.10178
V151	0.45369	0	0	0.4065	0.1398
V152	0.01637	0	0.08366	0.73787	0.16211
V153	0.20952	0.18528	0.40324	0.06529	0.13667
V154	0.16357	0.57531	0.00354	0.05364	0.20395
V155	0.04188	0	0.10045	0.73601	0.12165
V156	0.11906	0.04435	0.36253	0.21967	0.2544
V157	0.10601	0.05763	0.14509	0.36724	0.32403
V158	0.23209	0.01368	0.41043	0.1072	0.23659
V159	0.13562	0.19661	0	0.54843	0.11933
V160	0.50265	0.16026	0.07131	0.07521	0.19057
V161	0.24389	0.0479	0.04586	0.17036	0.49199
V162	0.01149	0.04701	0.8497	0.01203	0.07977
V163	0.05055	0.04098	0	0.26775	0.64073
V164	0.92085	0.03656	0.00241	0	0.04018
V165	0.64012	0.19247	0.05937	0.03593	0.0721
V166	0.06198	0	0.20059	0.58945	0.14798
V167	0.07919	0.61193	0	0.13594	0.17294
V168	0.01149	0.04701	0.8497	0.01203	0.07977
V169	0.1036	0.63449	0.12122	0.05498	0.08571
V170	0.28532	0.36267	0.03003	0.18709	0.13489
V171	0.35027	0.07815	0.30992	0.17432	0.08734
V172	0.21585	0.2458	0.05173	0.12377	0.36286
V173	0.23821	0.09795	0.06371	0.42021	0.17992
V174	0.24471	0.00308	0.31552	0.24569	0.19101
V175	0.09284	0.16536	0.09872	0.28021	0.36287
V176	0.37795	0	0	0.5356	0.08645
V177	0.22889	0.03416	0.5005	0.16997	0.06648
V178	0.32226	0.04384	0.40347	0.12471	0.10572
V179	0.10146	0.04431	0	0.23054	0.62369
V180	0.02802	0.04923	0.33261	0.15186	0.43828
V181	0.08397	0.29608	0	0.18513	0.43482
V182	0.58777	0.19667	0	0.13789	0.07767
V183	0.12103	0.79869	0	0	0.08028
V184	0.35324	0.00147	0.2512	0.31319	0.08091
V185	0.14155	0.47134	0.00173	0.17098	0.21439
V186	0.15903	0.19235	0.00751	0.3278	0.31331
V187	0.12483	0.61406	0	0.1709	0.09021
V188	0.85599	0.01308	0.01674	0.06838	0.0458
V189	0.48607	0.21286	0.01334	0.2197	0.06804
V190	0.46645	0.07199	0.18861	0.06288	0.21007
V191	0.2429	0.19643	0	0.4098	0.15088
V192	0.35995	0.18064	0.09664	0.22101	0.14175
V193	0.10026	0.21283	0.46501	0.06644	0.15545
V194	0.29989	0.06636	0.06788	0.20959	0.35628
V195	0.61001	0.15232	0.19506	0	0.04261
V196	9e-05	0.03419	0.04882	0.27227	0.64463
V197	0.121	0.78451	0	0.00617	0.08831
V198	0.26365	0.22603	0.01402	0.25189	0.24442
V199	0.79345	0	0.17927	0	0.02728
V200	0.79982	0	0.01219	0.04568	0.14231
V201	0.03862	0	0.00144	0.72917	0.23076
V202	0.91396	0.03979	0	0	0.04625
V203	0.56963	0.23562	0.00798	0.05976	0.12701
V204	0.385	0.09771	0.01697	0.119	0.38132
V205	0.1302	0.05993	0.10174	0.23098	0.47716
V206	0.05478	0.07564	0	0.72882	0.14076
V207	0.02598	0.00431	0	0.82755	0.14217
V208	0.19851	0.21475	0.41781	0.05444	0.11449
V209	0.1808	0.04954	0.0825	0.19754	0.48962
V210	0.00942	0.03618	0.84892	0.02156	0.08392
V211	0.18216	0.04826	0.1871	0.16543	0.41706
V212	0.11146	0.70307	0.05061	0.02508	0.10979
V213	0.11115	0.01064	0.04556	0.39747	0.43519
V214	0.06681	0.5155	0.32838	0.00227	0.08704
V215	0.29168	0.22698	0.10999	0.13189	0.23946
V216	0.06807	0.06438	0.30939	0.16671	0.39145
V217	0.00645	0	0.00538	0.80587	0.1823
V218	0.09862	0.18346	0.24036	0.34238	0.13518
V219	0.16624	0.25449	0.32579	0.17935	0.07413
V220	0.23923	0.65927	0.03332	0	0.06818
V221	0.06002	0.08705	0.46556	0.09619	0.29118
V222	0.01367	0.04422	0	0.26553	0.67658
V223	0.56924	0.00076	0.26671	0.10862	0.05467
V224	0.07944	0.54239	0.00441	0.12528	0.24847
V225	0.72907	0.13883	0.09634	0	0.03576
V226	0.48855	0.45697	0	0	0.05448
V227	0.11658	0.23076	0	0.53245	0.12021
V228	0.62878	0.01802	0.22681	0.06265	0.06374
V229	0.31677	0.36602	0.21399	0.02746	0.07576
V230	0.01288	0.03478	0	0.26933	0.68301
V231	0.10761	0.56963	0.0341	0.15894	0.12972
V232	0.82256	0	0.14783	0	0.02961
V233	0.0652	0.05283	0.13288	0.2585	0.49059
V234	0.04852	0.35282	0.17123	0.32395	0.10347
V235	0.94394	0	0	0.01257	0.04349
V236	0.10417	0.01999	0.57047	0.20384	0.10153
V237	0.14941	0.08236	0.22559	0.35069	0.19195
V238	0.00413	0.02581	0	0.44985	0.52021
V239	0.09845	0.40351	0.0264	0.2209	0.25074
V240	0.1185	0.7664	0	0.00237	0.11273
V241	0.10359	0.81392	0	0	0.08249
V242	0.06435	0.30604	0.24603	0.26624	0.11735
V243	0.53065	0.00894	0.28507	0.04671	0.12863
V244	0.06256	0.4086	0.15928	0.12951	0.24006
V245	0.10229	0.80369	0.00963	0	0.08439
V246	0.64197	0.24393	0.00917	0.00406	0.10086
V247	0.23305	0.10023	0.54162	0.05042	0.07469
V248	0.1419	0.58781	0.00431	0.04511	0.22088
V249	0.2917	0.07789	0.17813	0.17469	0.27759
V250	0.03305	0.05461	0.60061	0.09436	0.21736
V251	0.23581	0.01076	0.06241	0.56868	0.12234
V252	0.04264	0.12883	0.49173	0.18038	0.15642
V253	0.34129	0.5134	0.05412	0.01913	0.07206
V254	0.54559	0.33237	0	0.05694	0.06511
V255	0.82773	0.05972	0	0.02283	0.08972
V256	0.09103	0.71596	0	0.02169	0.17132
V257	0.48667	0.27616	0.10988	0.02995	0.09734
V258	0.19344	0.29235	0.02173	0.40021	0.09228
V259	0.56843	0.24146	0.13722	0	0.05289
V260	0.29835	0.04789	0.08666	0.19768	0.36941
V261	0.03199	0.03019	0.45414	0.32201	0.16168
V262	0.91421	0.01028	0.03379	0	0.04172
V263	0.80552	0.06055	0	0.08823	0.0457
V264	0.12041	0.78367	0	0.01179	0.08412
V265	0.83565	0.0674	0.05348	0.00103	0.04244
V266	0.0121	0.03326	0.07445	0.2538	0.62638
V267	0.05094	0.02824	0	0.35021	0.57061
V268	0.24116	0.39621	0.1044	0.16023	0.098
V269	0.12369	0.30754	0.29833	0.17851	0.09193
V270	0.05249	0	0.00975	0.80997	0.12779
V271	0.27048	0.64007	0	0.00135	0.0881
V272	0.15627	0.73883	0.00598	0	0.09892
V273	0.31987	0.01188	0.14432	0.35421	0.16972
V274	0.10501	0.06359	0.01921	0.34922	0.46297
V275	0.09393	0.64243	0.11334	0.06325	0.08706
V276	0.0208	0.02368	0.62031	0.23923	0.09598
V277	0.41268	0.00726	0.51649	0	0.06358
V278	0.0111	0.04175	0.29327	0.4798	0.17409
V279	0.15024	0	0	0.70937	0.1404
V280	0.20906	0.01125	0.01369	0.60992	0.15607
V281	0.04579	0.20248	0.01739	0.61826	0.11608
V282	0.11219	0.80647	0	0	0.08134
V283	0.4077	0.01778	0.09451	0.13237	0.34764
V284	0.04322	0.14936	0.48778	0.0688	0.25084
V285	0.53787	0.39712	0	0.00375	0.06125
V286	0.10338	0.04155	0.74464	0.04085	0.06958
V287	0.27608	0.06527	0.13678	0.32699	0.19487
V288	0.24031	0.02434	0.56667	0.03171	0.13697
V289	0.18249	0.19835	0	0.51855	0.1006
V290	0.46244	0.39543	0.09805	0	0.04408
V291	0.43188	0.17313	0	0.31863	0.07637
V292	0.14485	0.04957	0.37517	0.1276	0.30281
V293	0.02015	0.1232	0.71924	0.05408	0.08333
V294	0.00122	0.04783	0	0.26223	0.68872
V295	0.02188	0.02769	0.28067	0.52245	0.14731
V296	0.85181	0.08516	0	0.00388	0.05915
V297	0.03217	0.02952	0.69684	0.14182	0.09964
V298	0.30122	0	0	0.54291	0.15587
V299	0.26729	0	0	0.63541	0.09729
V300	0.95423	0	0	0.0013	0.04447
V301	0.93635	0	0	0.01803	0.04562
V302	0.00595	0.01685	0	0.5401	0.4371
V303	0.13468	0.18354	0.18074	0.24129	0.25976
V304	0.22265	0.04589	0.65761	0.00456	0.06929
V305	0.24853	0.3132	0.06573	0.14805	0.22448
V306	0.36249	0.56628	0	0	0.07122
V307	0.2618	0	0.22318	0.43673	0.07828
V308	0.27203	0.01841	0.57921	0.07113	0.05922
V309	0.67952	0.05522	0.02904	0.1226	0.11362
V310	0.02857	0.05426	0	0.30953	0.60764
V311	0.01642	0	0.01835	0.82614	0.13909
V312	0.1178	0.26778	0.21992	0.08515	0.30935
V313	0.08605	0.29172	0	0.36017	0.26206
V314	0.08882	0.01812	0	0.4962	0.39686
V315	0.94408	0	0	0	0.05592
V316	0.15681	0.51759	0.19899	0.0217	0.10491
V317	0.43005	0.07919	0.43441	0	0.05635
V318	0.90818	0	0	0.0055	0.08632
V319	0.12951	0.07034	0.72488	0.01226	0.06302
V320	0.0771	0	0	0.7936	0.12931
V321	0.17261	0.31192	0.24973	0.18079	0.08494
V322	0.03442	0.26147	0.50476	0.06628	0.13307
V323	0.29497	0.20706	0.37237	0.02344	0.10216
V324	0.04843	0.02899	0.01891	0.77512	0.12855
V325	0.65883	0.09192	0.05925	0.10671	0.0833
V326	0.05167	0.04229	0.04053	0.32104	0.54446
V327	0.37492	0.44372	0.07757	0.00899	0.09481
V328	0.07346	0.26759	0.12649	0.4296	0.10287
V329	0.01421	0.04766	0.33343	0.50079	0.10392
V330	0.10356	0.04472	0.74796	0.01081	0.09296
V331	0.15432	0.04735	0.07278	0.24926	0.4763
V332	0.51117	0.04712	0.38417	0	0.05755
V333	0.44692	0.02602	0.2596	0.16374	0.1037
V334	0.07164	0.27549	0.47923	0.07992	0.09372
V335	0.74847	0.04718	0.05972	0.0407	0.10392
V336	0.20803	0.5192	0.20755	0	0.06521
V337	0.00247	0.03723	0.00259	0.3627	0.59501
V338	0.75012	0.01384	0.12277	0.02181	0.09145
V339	0.25535	0.49464	0.14477	0	0.10524
V340	0.04543	0.19839	0.09363	0.20168	0.46087
V341	0.05958	0.45997	0.37064	0.00452	0.1053
V342	0.33515	0.13901	0.37834	0.09278	0.05472
V343	0.72423	0	0.24235	0	0.03341
V344	0.15242	0.69173	0.01923	0.0151	0.12152
V345	0.24028	0.04913	0	0.37607	0.33452
V346	0.06347	0.2943	0.26333	0.27657	0.10234
V347	0.1205	0.47634	0.00109	0.28984	0.11223
V348	0.03242	0.1447	0.39126	0.26787	0.16376
V349	0.09729	0.29769	0.46095	0.02383	0.12024
V350	0.14646	0.39452	0.05747	0.23967	0.16188
V351	0.20564	0.02806	0.37389	0.31032	0.0821
V352	0.15178	0.49349	0.28818	0	0.06655
V353	0.29585	0.32908	0.01554	0.10093	0.25859
V354	0.6042	0.01314	0.35048	0	0.03218
V355	0.10347	0.01338	0.28518	0.50191	0.09606
V356	0.11531	0.04218	0.73087	0.0294	0.08224
V357	0.05775	0.06516	0.47701	0.11338	0.28671
V358	0.03676	0.01993	0.01235	0.79764	0.13331
V359	0.06705	0.08634	0	0.72715	0.11946
V360	0.72866	0.03193	0.06587	0.12817	0.04538
V361	0.38476	0.44238	0.06205	0	0.11081
V362	0.84398	0	0.07332	0	0.0827
V363	0.03014	0.05966	0	0.33987	0.57033
V364	0.06238	0.27696	0.00092	0.45346	0.20629
V365	0.00922	0	0	0.83522	0.15556
V366	0.24388	0.05048	0.5246	0.07513	0.1059
V367	0.26565	0.21357	0.17164	0.18794	0.1612
V368	0.77179	0.07254	0.09738	0	0.05829
V369	0.08795	0.59339	0.18831	0.05398	0.07638
V370	0.03438	0.1652	0.09744	0.42419	0.2788
V371	0.11033	0.7919	0.02377	0	0.074
V372	0.6781	0.0554	0.11392	0.09543	0.05715
V373	0.16495	0.59454	0.09565	0.06694	0.07792
V374	0.11943	0.04581	0.32344	0.42624	0.08508
V375	0.34424	0.01478	0.52461	0.0651	0.05127
V376	0.01437	0.02905	0.39224	0.15176	0.41258
V377	0.12989	0.46606	0.16523	0.15836	0.08047
V378	0.18113	0.51959	0.1412	0.00879	0.14929
V379	0.02561	0.03753	0.09871	0.2741	0.56406
V380	0.02378	0.05789	0.1427	0.54357	0.23206
V381	0.16863	0.07641	0	0.19893	0.55602
V382	0.43484	0	0	0.34132	0.22384
V383	0.04347	0.00071	0.22835	0.62268	0.10478
V384	0.31807	0.03505	0.13144	0.40956	0.10589
V385	0.09994	0.13091	0	0.203	0.56615
V386	0.66493	0	0	0.27637	0.0587
V387	0.28385	0	0	0.60593	0.11022
V388	0.10726	0.75554	0.01385	0.03589	0.08746
V389	0.17457	0.7018	0	0.0159	0.10772
V390	0.18341	0	0	0.65687	0.15972
V391	0.72633	0.1266	0	0.06542	0.08166
V392	0.93719	0.02075	0	0	0.04207
V393	0.11557	0.02157	0.11975	0.55346	0.18965
V394	0.73817	0	0.00625	0.15646	0.09912
V395	0.01008	0.0069	0.32394	0.5509	0.10818
V396	0.58716	0.02286	0.35313	0	0.03685
V397	0.69706	0.12065	0.01475	0.09783	0.06972
V398	0.0722	0	0.13357	0.64245	0.15178
V399	0.04315	0.04565	0	0.42364	0.48756
V400	0.21121	0.48196	0.1203	0.11576	0.07077
V401	0.3634	0.00739	0.55513	0.02471	0.04936
V402	0.4173	0.0316	0.38549	0.07302	0.09259
V403	0.17054	0.09038	0	0.28264	0.45644
V404	0.01323	0.05574	0.42457	0.38944	0.11702
V405	0.38405	0.24123	0.04484	0.21053	0.11935
V406	0.03445	0.05162	0.8206	0.01028	0.08305
V407	0.89248	0.02363	0.01932	0.02462	0.03995
V408	0.06007	0.36864	0	0.3019	0.26939
V409	0.12145	0	0.03814	0.6757	0.16472
V410	0.15691	0.1512	0.28936	0.12175	0.28078
V411	0.00189	0.04418	0	0.2703	0.68363
V412	0.03084	0.18148	0.11419	0.18659	0.48689
V413	0.04626	0.25159	0.12214	0.38498	0.19503
V414	0.05137	0.0864	0	0.5377	0.32453
V415	0.18607	0.01872	0	0.21246	0.58275
V416	0.12388	0.11469	0.00177	0.29745	0.4622
V417	0.02042	0.03029	0.6893	0.148	0.11199
V418	0.57774	0.35157	0.00294	0	0.06775
V419	0.27879	0.0375	0.00066	0.25994	0.4231
V420	0.26724	0.0136	0.08938	0.19236	0.43743
V421	0.00157	0.04127	0.12075	0.25413	0.58229
V422	0.02174	0.00915	0.02886	0.72642	0.21383
V423	0.3318	0.17484	0.23883	0.17898	0.07555
V424	0.00491	0.04023	0.46908	0.12292	0.36286
V425	0.38072	0.35506	0	0.04842	0.21579
V426	0.26426	0.16365	0	0.44122	0.13087
V427	0.25381	0.56956	0.11646	0	0.06017
V428	0.14443	0.6031	0.04961	0.08018	0.12267
V429	0.17356	0.69748	0	0.03781	0.09114
V430	0.04191	0.03606	0.37476	0.27131	0.27596
V431	0.15309	0.34752	0.16007	0.23352	0.10581
V432	0.33558	0.05798	0.09736	0.35736	0.15173
V433	0.22864	0.01153	0.45507	0.22476	0.08
V434	0.28836	0.27338	0.32185	0.01328	0.10313
V435	0.59283	0.0401	0.30608	0.01612	0.04488
V436	0.10631	0.56858	0.07615	0.0685	0.18046
V437	0.21597	0.03815	0.00911	0.30974	0.42703
V438	0.17126	0.28778	0.1609	0.2684	0.11166
V439	0.63002	0	0.01997	0.28299	0.06702
V440	0.05641	0.34213	0.4879	0.01486	0.0987
V441	0.07676	0.5045	0.328	0.01341	0.07734
V442	0.11242	0.81088	0	0	0.0767
V443	0.92884	0	0	0.02964	0.04152
V444	0.19269	0.39972	0.00703	0.29814	0.10241
V445	0.09872	0.38009	0.01635	0.40056	0.10428
V446	0.12844	0.02805	0.07405	0.58394	0.18551
V447	0.07598	0.00855	0	0.55583	0.35964
V448	0.18895	0.03121	0.00446	0.21882	0.55656
V449	0.01149	0.04701	0.8497	0.01203	0.07977
V450	0.24272	0.09884	0.21683	0.19758	0.24402
V451	0.30723	0.18278	0.03664	0.33646	0.13688
V452	0.02066	0	0.12974	0.70766	0.14195
V453	0.01973	0.01692	0	0.57105	0.3923
V454	0.01922	0.03617	0.63827	0.08794	0.2184
V455	0.09099	0.24682	0.24916	0.12309	0.28995
V456	0.92605	0	0	0.01594	0.05802
V457	0.69019	0.18403	0.01537	0.04237	0.06804
V458	0.05772	0.35077	0.44388	0.05275	0.09488
V459	0.15618	0.05967	0.03106	0.52455	0.22854
V460	0.70669	0.03037	0.16257	0.04797	0.05241
V461	0.23449	0.30437	0.20968	0.05209	0.19937
V462	0.06204	0.0805	0	0.56579	0.29167
V463	0.23241	0.03865	0	0.62463	0.10431
V464	0.20125	0.17975	0.55341	0.00303	0.06255
V465	0.05045	0.13924	0	0.22846	0.58185
V466	0.02599	0.02296	0	0.32806	0.62299
V467	0.08237	0.23789	0	0.52637	0.15337
V468	0.59224	0.27007	0.0819	0	0.05579
V469	0.04311	0.33285	0.03574	0.3251	0.26319
V470	0.84441	0.03839	0.01011	0.06059	0.04649
V471	0.42945	0.27554	0.00635	0.148	0.14064
V472	0.00487	0.07633	0.02881	0.2427	0.64729
V473	0.05347	0.21748	0.20592	0.33793	0.18519
V474	0.32136	0.11675	0.03574	0.42177	0.10439
V475	0.19413	0.04534	0.53477	0.06569	0.16008
V476	0.17615	0.02241	0.07188	0.59707	0.13249
V477	0.10368	0.81848	0	0	0.07784
V478	0.19983	0.02688	0	0.20554	0.56775
V479	0.84584	0.03866	0.01701	0.05296	0.04554
V480	0.18778	0.59849	0.0323	0.08871	0.09272
V481	0.28503	0.34639	0.03822	0.18528	0.14508
V482	0.16337	0.61619	0.15021	0	0.07024
V483	0.35706	0.46713	0	0.08259	0.09322
V484	0.26691	0.46821	0.08631	0.10193	0.07664
V485	0.68663	0.06302	0.08978	0.10286	0.05771
V486	0.08523	0.10764	0.27781	0.1305	0.39883
V487	0.16533	0.12147	0.35133	0.28305	0.07882
V488	0.43711	0.04715	0	0.35202	0.16372
V489	0.03204	0.22572	0.58867	0.07148	0.08209
V490	0.02115	0.02578	0.66347	0.2054	0.0842
V491	0.06949	0.46658	0.02828	0.15922	0.27642
V492	0.04805	0.12531	0.00937	0.68587	0.13141
V493	0.0153	0	0	0.84064	0.14405
V494	0.3358	0	0	0.53261	0.1316
V495	0.37178	0.20191	0.17418	0.15902	0.09311
V496	0.15554	0.06351	0.03892	0.19495	0.54708
V497	0.11721	0.05791	0.12968	0.25425	0.44095
V498	0.12866	0.77496	0.00729	0	0.0891
V499	0.06598	0.24625	0.2316	0.14934	0.30684
V500	0.15262	0.45519	0.08115	0.19966	0.11138
V501	0.10121	0.34644	0	0.13736	0.41499
V502	0.18465	0.71596	0.02068	0.00213	0.07658
V503	0.48683	0.01502	0.17654	0.16914	0.15247
V504	0.52308	0.1938	0	0.05725	0.22587
V505	0.66488	0	0.00734	0.13174	0.19603
V506	0.06475	0.52665	0.04654	0.07614	0.28591
V507	0.85131	0	0.00948	0.0812	0.05801
V508	0.07708	0.59712	0.17442	0.0338	0.11757
V509	0.09178	0.44065	0.10975	0.20105	0.15677
V510	0.45104	0.44432	0.02415	0.01691	0.06357
V511	0.09842	0.30541	0.44954	0.04127	0.10536
V512	0.19795	0.44104	0.14237	0.06215	0.15649
V513	0.22069	0.61937	0.04773	0.02404	0.08817
V514	0.01275	0.02876	0.2162	0.2253	0.51699
V515	0.09101	0.10003	0	0.69375	0.11521
V516	0.19875	0.3322	0.07965	0.30042	0.08898
V517	0.02567	0.02087	0.02881	0.79203	0.13262
V518	0.45431	0.01332	0.27597	0.18312	0.07328
V519	0.79662	0.03914	0	0.11305	0.05119
V520	0.12829	0.76239	6e-05	0.0262	0.08306
V521	0.22457	0	0.09931	0.58008	0.09604
V522	0.07469	0.19563	0.49778	0.13635	0.09554
V523	0.17784	0.0645	0.65246	0.0414	0.06381
V524	0.38342	0.03734	0.49503	0	0.0842
V525	0.02669	0.24121	0.01522	0.19251	0.52437
V526	0.05809	0.05549	0.76482	0.03352	0.08808
V527	0.12632	0.45321	0.33939	0.00014	0.08095
V528	0.1571	0	0	0.73148	0.11142
V529	0.24589	0.04457	0.64446	0.00165	0.06342
V530	0.03402	0.04635	0.77345	0.05957	0.08661
V531	0.22592	0.49734	0.0654	0.03549	0.17585
V532	0.09431	0.27947	0.26687	0.07504	0.28432
V533	0.30823	0.01669	0	0.17537	0.4997
V534	0.14039	0.0435	0	0.69084	0.12526
V535	0.83034	0.09974	0.0326	0	0.03731
V536	0.16111	0.1917	0.34324	0.08438	0.21958
V537	0.01594	0.06637	0.00204	0.25018	0.66546
V538	0.65861	0.09952	0	0.06396	0.17791
V539	0.03479	0.15954	0.57847	0.11396	0.11324
V540	0.2113	0.45654	0.06563	0.07584	0.19069
V541	0.06326	0.42564	0.00472	0.13433	0.37205
V542	0.06742	0.31752	0.08357	0.40296	0.12852
V543	0.08964	0.11964	0.60269	0.06657	0.12146
V544	0.38752	0.19045	0.15118	0.09488	0.17598
V545	0.6406	0.31398	0	0	0.04543
V546	0.12258	0.71328	0.05834	0	0.1058
V547	0.14289	0.69368	0	0.06916	0.09427
V548	0.01876	0.04398	0	0.7993	0.13796
V549	0.00255	0.03554	0.01054	0.37378	0.5776
V550	0.09628	0.75723	0.06718	0	0.07931
V551	0.01528	0	0	0.84421	0.1405
V552	0.25315	0.03536	0.0027	0.20982	0.49896
V553	0.79313	0	0	0.13411	0.07276
V554	0.13311	0.05261	0.42468	0.30375	0.08585
V555	0.1022	0.80698	0	0	0.09082
V556	0.09413	0.04082	0.0317	0.69223	0.14111
V557	0.3422	0.22384	0.01216	0.31815	0.10365
V558	0.02184	0.03898	0.6924	0.15541	0.09137
V559	0.14265	0.39846	0.37778	0	0.08112
V560	0.65067	0.21058	0.10416	0	0.03459
V561	0.74744	0	0.11161	0.02525	0.1157
V562	0.14595	0.07688	0.13779	0.22884	0.41054
V563	0.25663	0.25731	0.17219	0.13823	0.17564
V564	0.37693	0.01706	0.03741	0.37572	0.19289
V565	0.00121	0.04547	0.00419	0.2877	0.66142
V566	0.32628	0.13456	0.00466	0.34634	0.18816
V567	0.03252	0.03442	0.84248	0.01058	0.08001
V568	0.05493	0.21514	0.36769	0.28	0.08224
V569	0.65784	0.08317	0.0825	0.10786	0.06863
V570	0.15423	0.02391	0.2397	0.45457	0.12758
V571	0.29376	0.00313	0.20053	0.35536	0.14721
V572	0.85551	0	0	0.02473	0.11976
V573	0.09768	0.07197	0.29181	0.38923	0.14931
V574	0.55505	0.25942	0.05225	0.06812	0.06517
V575	0.41078	0.03497	0.10209	0.14212	0.31004
V576	0.10044	0.78654	0	0	0.11302
V577	0.45078	0.44377	0.01675	0.0245	0.06419
V578	0.04787	0.16282	0.45317	0.2273	0.10885
V579	0.0634	0.49284	0.27553	0.03148	0.13675
V580	0.2549	0.48631	0	0.16976	0.08903
V581	0.09329	0.45419	0.31518	0.06083	0.07651
V582	0.01433	0.07299	0.81903	0.01653	0.07713
V583	0.65204	0.01025	0.29209	0.0072	0.03842
V584	0.26971	0.47234	0.08012	0.03671	0.14113
V585	0.10119	0.70323	0.04293	0.04115	0.1115
V586	0.09037	0.70491	0.12942	0	0.0753
V587	0.1038	0.64308	0	0.05137	0.20175
V588	0.2732	0.36778	0.30479	0	0.05423
V589	0.13236	0.37385	0.02331	0.36644	0.10404
V590	0.10239	0.71418	0	0.01869	0.16474
V591	0.49116	0.43684	0.01752	0	0.05448
V592	0.03032	0.02565	0.69865	0.07669	0.16869
V593	0.42269	0	0	0.46921	0.1081
V594	0.02113	0.13761	0.57848	0.15616	0.10661
V595	0.55118	0.02696	0.04273	0.29427	0.08486
V596	0.49597	0.17196	0.16871	0.09843	0.06493
V597	0.03757	0.21591	0	0.26523	0.48129
V598	0.63316	0.00195	0	0.08125	0.28364
V599	0.10885	0.37195	0.06514	0.34656	0.1075
V600	0.30558	0.00961	0.15253	0.38889	0.14339
V601	0.15858	0.08901	0	0.50895	0.24346
V602	0.82393	0.13437	0	0	0.0417
V603	0.155	0.1623	0.00906	0.26158	0.41206
V604	0.03261	0.04	0.64226	0.13692	0.14821
V605	0.03277	0.09702	0.11501	0.24638	0.50881
V606	0.84986	0	0	0.02631	0.12384
V607	0.18973	0.13889	0.00254	0.17748	0.49136
V608	0.78005	0.00772	0.01521	0.08949	0.10752
V609	0.21601	0.27882	0	0.37556	0.1296
V610	0.13242	0.5882	0	0.18946	0.08992
V611	0.31254	0.03953	0.54062	0.02344	0.08386
V612	0.42672	0.05548	0.27505	0.055	0.18775
V613	0.44724	0.47355	0.01799	0.00078	0.06044
V614	0.57986	0.03142	0	0.13931	0.24941
V615	0.01821	0.09227	0.10462	0.5853	0.1996
V616	0.68778	0	0.1196	0.12645	0.06617
V617	0.26349	0.07917	0.40808	0.11273	0.13652
V618	0.75147	0.08237	0.04517	0.01767	0.10332
V619	0.59272	0.04429	0.13037	0.04567	0.18695
V620	0.0571	0.02522	0.30498	0.51256	0.10013
V621	0.17761	0.23375	0.2648	0.06456	0.25928
V622	0.03923	0.23176	0.32009	0.09863	0.31028
V623	0.07336	0	0	0.70282	0.22382
V624	0.90072	0	0	0.02157	0.07771
V625	0.01796	0.05101	0.06928	0.73581	0.12594
V626	0.09402	0.03568	0.48646	0.29116	0.09268
V627	0.13223	0.18347	0.10005	0.16271	0.42153
V628	0.93827	0.00206	0	0.01726	0.04241
V629	0.15951	0.23002	0.53404	0.01078	0.06566
V630	0.02419	0.22109	0.00679	0.20889	0.53903
V631	0.00248	0.04112	0.26564	0.19003	0.50073
V632	0.10114	0.70544	0	0.03756	0.15586
V633	0.06439	0.00705	0.06945	0.58342	0.27569
V634	0.44549	0.39354	0.11401	0	0.04697
V635	0.05058	0.13919	0.17133	0.17616	0.46274
V636	0.23529	0.16593	0.26687	0.19769	0.13422
V637	0.24542	0.02026	0.35893	0.25584	0.11956
V638	0.1161	0.46244	0.00297	0.14127	0.27722
V639	0.55162	0.35008	0.05255	0	0.04575
V640	0.13541	0.19721	0.05983	0.30592	0.30163
V641	0.14938	0.65083	0.00343	0.10235	0.09402
V642	0.74364	0.01215	0	0.19155	0.05266
V643	0.10833	0.76642	0.04492	0	0.08033
V644	0.07829	0.39835	0.0015	0.40519	0.11667
V645	0.21177	0.6651	0	0.04684	0.07629
V646	0.17858	0.4889	0.00833	0.20587	0.11831
V647	0.91627	0	0	0.04215	0.04159
V648	0.46887	0.0891	0	0.28469	0.15733
V649	0.30404	0.10458	0.05827	0.20407	0.32903
V650	0.02678	0	0.03265	0.8114	0.12917
V651	0.16685	0.17294	0	0.56028	0.09992
V652	0.37673	0	0.00862	0.52076	0.0939
V653	0.36424	0	0.02764	0.50077	0.10735
V654	0.03611	0.10979	0	0.26889	0.58521
V655	0.18211	0.05186	0.2548	0.42444	0.08679
V656	0.12543	0.03113	0	0.29219	0.55125
V657	0.07265	0.45854	0.01004	0.3074	0.15138
V658	0.03409	0.03293	0.01095	0.65087	0.27117
V659	0.02374	0.0147	0.05277	0.7502	0.15858
V660	0.09039	0.35804	0.00335	0.15416	0.39407
V661	0.08986	0.60463	0	0.16254	0.14297
V662	0.06661	0.45416	0.00569	0.10535	0.36819
V663	0.95805	0	0	0	0.04195
V664	0.02691	0.00712	0.10124	0.50194	0.36279
V665	0.07612	0.58519	0.1734	0.06569	0.0996
V666	0.14668	0.75886	0.02186	0	0.0726
V667	0.07757	0.5121	0.21945	0.08735	0.10354
V668	0.66054	0.2125	0.02983	0.03723	0.0599
V669	0.5045	0.28524	0.00749	0.08529	0.11748
V670	0.14302	0.59463	0.02699	0.05212	0.18325
V671	0.7882	0	0.15759	0.01465	0.03956
V672	0.10908	0.08514	0.06948	0.39834	0.33797
V673	0.005	0.05409	0	0.32382	0.61708
V674	0.40862	0.09945	0.42681	0	0.06512
V675	0.71105	0	0.01824	0.15667	0.11404
V676	0.2997	0.11175	0.43907	0.01653	0.13295
V677	0.07144	0.25854	0.18209	0.36445	0.12349
V678	0.07589	0.33815	0	0.16118	0.42478
V679	0.0218	0.02099	0.40233	0.45545	0.09943
V680	0.18589	0.01017	0.00044	0.44975	0.35375
V681	0.55077	0.01928	0.01972	0.29415	0.11608
V682	0.01149	0.04701	0.8497	0.01203	0.07977
V683	0.09709	0.19158	0.56441	0.01709	0.12983
V684	0.0607	0	0	0.81101	0.12829
V685	0.02246	0.0433	0.74699	0.10733	0.07992
V686	0.32978	0.55146	0.04717	0	0.07159
V687	0.01	0.01812	0.52036	0.35158	0.09994
V688	0.01041	0.04455	0.83588	0.0219	0.08726
V689	0.5362	0.05158	0.16379	0.1193	0.12912
V690	0.15776	0.75881	0	0	0.08343
V691	0.16207	0.11574	0.02167	0.58197	0.11856
V692	0.07932	0.00985	0	0.73985	0.17098
V693	0.06162	0.47069	0.37411	0.01578	0.0778
V694	0.11014	0.1784	0.0147	0.55527	0.14148
V695	0.1533	0.14235	0.12849	0.15469	0.42117
V696	0.15075	0.02012	0.67213	0.03064	0.12636
V697	0.12758	0.11278	0.27109	0.34425	0.1443
V698	0.01479	0.05123	0.16762	0.21205	0.5543
V699	0.04339	0.01091	0.02689	0.68216	0.23665
V700	0.114	0.73127	0.05063	0	0.1041
V701	0.02425	0.2213	0	0.20443	0.55003
V702	0.03381	0.10604	0	0.65983	0.20032
V703	0.02408	0.00215	0.00691	0.82703	0.13983
V704	0.05838	0.08696	0.36798	0.13193	0.35475
V705	0.93147	0	0	0.00991	0.05862
V706	0.18009	0.13997	0.12601	0.42286	0.13107
V707	0.16576	0.13261	0.05009	0.34795	0.3036
V708	0.06961	0.53803	0.32199	0	0.07038
V709	0.00232	0.05706	0.0213	0.25197	0.66736
V710	0.15777	0.05104	0.44354	0.07769	0.26995
V711	0.06171	0.03072	0.00853	0.25843	0.6406
V712	0.08057	0.03226	0.62218	0.18368	0.0813
V713	0.29887	0.38485	0.26184	0	0.05445
V714	0.05098	0.03727	0	0.2499	0.66185
V715	0.03764	0.2723	0.52033	0.09132	0.07841
V716	0.74997	0.15958	0	0.03244	0.05801
V717	0.44567	0.16772	0.09844	0.0705	0.21768
V718	0.71002	0	0.22986	0	0.06011
V719	0.44498	0.22473	0.07834	0.12107	0.13089
V720	0.14424	0.07106	0.07376	0.21163	0.49931
V721	0.02555	0.04281	0.03622	0.25786	0.63756
V722	0.04539	0.22907	0.03374	0.49396	0.19784
V723	0.13729	0.20212	0.08091	0.47331	0.10638
V724	0.17619	0.59243	0.01711	0.13098	0.08329
V725	0.02597	0.04334	0	0.25539	0.6753
V726	0.26986	0.46947	0.03187	0.06897	0.15982
V727	0.0218	0.04296	0.83015	0.02015	0.08494
V728	0.80188	0.00751	0.09678	0.05124	0.04258
V729	0.63234	0.09363	0.00639	0.2069	0.06074
V730	0.14282	0.02891	0.32853	0.38268	0.11706
V731	0.01306	0.00307	0.03957	0.81237	0.13191
V732	0.01554	0	0	0.84515	0.13931
V733	0.04691	0.05955	0.80435	0.00826	0.08093
V734	0.54203	0.08006	0.30065	0.02512	0.05215
V735	0.09487	0.18676	0.19591	0.14457	0.3779
V736	0.00644	0.08446	0	0.24813	0.66097
V737	0.95799	0	0	0	0.04201
V738	0.05754	0.46967	0	0.11098	0.36181
V739	0.02341	0	0	0.8379	0.13869
V740	0.25271	0.10497	0.08854	0.14791	0.40587
V741	0.52721	0.00226	0	0.32408	0.14645
V742	0.09435	0.04326	0.47935	0.2105	0.17254
V743	0.03196	0.08471	0.05892	0.29405	0.53036
V744	0.21968	0.05479	0.13332	0.4816	0.11061
V745	0.18313	0.00775	0.02239	0.67729	0.10943
V746	0.40865	0.49673	0.01695	0	0.07767
V747	0.04668	0.05835	0.79269	0.01722	0.08505
V748	0.2025	0.21813	0.24319	0.11091	0.22527
V749	0.2134	0.09857	0.09046	0.43344	0.16413
V750	0.76376	0.16232	0	0.02778	0.04614
V751	0.06993	0.35448	0.48948	0.01164	0.07447
V752	0.02989	0.17232	0.00726	0.21578	0.57474
V753	0.59136	0.05142	0.2048	0.03778	0.11463
V754	0.14551	0.28548	0	0.46837	0.10064
V755	0.28579	0.63217	0.01849	0	0.06356
V756	0.02746	0.14897	0.00638	0.25679	0.56039
V757	0.18601	0	0.06513	0.64503	0.10383
V758	0.10059	0.38484	0	0.41289	0.10168
V759	0.10482	0.06655	0.08585	0.19579	0.54699
V760	0.09254	0.04988	0.18466	0.34895	0.32397
V761	0.09162	0.25202	0.58566	0	0.0707
V762	0.02119	0.05517	0.14626	0.47437	0.30301
V763	0.04712	0.30016	0	0.16482	0.48789
V764	0.13069	0.04885	0.05525	0.65151	0.1137
V765	0.20463	0.04315	0.57618	0.06312	0.11291
V766	0.1175	0.466	0.20547	0.06043	0.1506
V767	0.32329	0.44521	0.03915	0.05245	0.13989
V768	0.11684	0.74922	0.02843	0.02013	0.08538
V769	0.78487	0.00379	0.15271	0	0.05862
V770	0.35066	0.00978	0.4348	0.14526	0.0595
V771	0.11831	0.66131	0	0.0837	0.13668
V772	0.06882	0.0482	0.80178	0.01151	0.06967
V773	0.02713	0.0267	0	0.3712	0.57497
V774	0.19295	0.02819	0.491	0.06041	0.22746
V775	0.9078	0	0	0.04357	0.04864
V776	0.4053	0.38759	0.12513	0.00867	0.07331
V777	0.26082	0.35518	0.20039	0.09252	0.09109
V778	0.56179	0.04541	0	0.23297	0.15983
V779	0.10773	0.39017	0.42424	0.00164	0.07622
V780	0.03264	0.03389	0.84112	0.01703	0.07532
V781	0.22355	0.31578	0.14804	0.05823	0.25441
V782	0.27683	0.25737	5e-04	0.11091	0.35439
V783	0.00681	0.03762	0.59252	0.10536	0.2577
V784	0.07595	0.56119	0	0.22596	0.1369
V785	0.72689	0.10857	0	0.08648	0.07806
V786	0.19138	0.17494	0	0.52398	0.10969
V787	0.18265	0.53585	0	0.16528	0.11622
V788	0.42912	0.38922	0.04692	0.00379	0.13095
V789	0.02463	0.16381	0	0.47622	0.33533
V790	0.32643	0.2285	0.03912	0.16633	0.23962
V791	0.21475	0.22257	0.049	0.2532	0.26048
V792	0.94064	0.00477	0.00865	0	0.04595
V793	0.37551	0.26183	0.03035	0.12912	0.20318
V794	0.0165	0.05075	0.08692	0.34898	0.49686
V795	0.18453	0.73568	0	0	0.0798
V796	0.34156	0.37437	0.07744	0.12447	0.08216
V797	0.16039	0.01613	0	0.23447	0.58901
V798	0.17731	0.4858	0	0.11913	0.21776
V799	0.04971	0.14838	0.02461	0.63615	0.14115
V800	0.02731	0.04629	0	0.33297	0.59343
V801	0.40383	0	0.09143	0.41288	0.09186
V802	0.05056	0.23766	0	0.19049	0.52129
V803	0.3217	0.00669	0	0.5659	0.10571
V804	0.23189	0.15136	0.16046	0.34972	0.10657
V805	0.18103	0.14009	0.37719	0.17776	0.12393
V806	0.52432	0.0178	0.16774	0.10426	0.18588
V807	0.75728	0	0.04291	0.06942	0.13039
V808	0.86446	0	0.02949	0.01181	0.09424
V809	0.25136	0.56567	0.00218	0.03558	0.14521
V810	0.03587	0.0701	0.01909	0.54414	0.3308
V811	0.06308	0.13262	0.00403	0.28437	0.51591
V812	0.07863	0.60731	0.15614	0.06236	0.09555
V813	0.05299	0.25102	0.1963	0.1182	0.38149
V814	0.24656	0.50039	0.03873	0.12869	0.08562
V815	0.28068	0.60917	0.01026	0.02516	0.07474
V816	0.06457	0.46147	0	0.35805	0.11591
V817	0.81867	0.01896	0.1201	0.00615	0.03613
V818	0.06401	0.22863	0.31848	0.11081	0.27806
V819	0.93722	0.00339	0.00157	0.01615	0.04168
V820	0.10476	0.33622	0.0906	0.36075	0.10767
V821	0.00199	0.04507	0	0.26361	0.68932
V822	0.1992	0	0	0.69418	0.10662
V823	0.06082	0.11949	0.21047	0.15469	0.45453
V824	0.07926	0.07001	0.00678	0.22724	0.61671
V825	0.17636	0.01684	0.56992	0.17188	0.065
V826	0.05627	0.03801	0.80602	0.02884	0.07086
V827	0.37348	0.12043	0	0.3703	0.13579
V828	0.28473	0.15974	0.08511	0.15141	0.31901
V829	0.11284	0.10462	0.27075	0.24906	0.26273
V830	0.17835	0.03624	0.61624	0.04429	0.12487
V831	0.08667	0.66616	0.02759	0.12147	0.09811
V832	0.23842	0.00257	0.05068	0.35549	0.35284
V833	0.23983	0.67318	0	0	0.08699
V834	0.765	0.12163	0.01619	0.02031	0.07686
V835	0.29084	0.26599	0.06222	0.25918	0.12177
V836	0.41493	0.06762	0.37711	0.0858	0.05453
V837	0.09569	0.75042	0	0.0302	0.12369
V838	0.00604	0	0.05189	0.8057	0.13636
V839	0.04164	0.07213	0.06159	0.22206	0.60258
V840	0.92983	0	0.01143	0.01504	0.04369
V841	0.25596	0.03447	0.65072	0.00014	0.05871
V842	0.56066	0.03457	0.16751	0.17689	0.06036
V843	0.50946	0.00894	0.12492	0.13104	0.22564
V844	0.03787	0.17982	0.67091	0.02633	0.08507
V845	0.03081	0	0	0.66718	0.30201
V846	0.13135	0.06988	0.08277	0.23308	0.48292
V847	0.24032	0.01967	0.03473	0.27482	0.43045
V848	0.75946	0.01929	0	0.1019	0.11935
V849	0.16791	0.06822	0.6282	0.02239	0.11328
V850	0.25029	0.04619	0.25653	0.21432	0.23267
V851	0.95056	0	0	0.00169	0.04775
V852	0.2749	0.07206	0.05821	0.27082	0.32401
V853	0.05614	0.13696	0.53616	0.1519	0.11884
V854	0.07946	0.35208	0.21478	0.1265	0.22719
V855	0.14255	0.35974	0.06518	0.29962	0.13291
V856	0.20523	0.39823	0.03461	0.07102	0.29091
V857	0.09362	0.04885	0.1416	0.4741	0.24184
V858	0.05547	0.34169	0.15892	0.24181	0.20211
V859	0.14643	0	7e-05	0.72143	0.13207
V860	0.05872	0.13065	0.04056	0.62623	0.14384
V861	0.16229	0.01163	0.09783	0.6249	0.10335
V862	0.07549	0.03381	0.00597	0.30629	0.57844
V863	0.10186	0.80339	0.00163	0	0.09313
V864	0.05528	0.02466	0.77936	0.06987	0.07083
V865	0.10377	0.01702	0.56262	0.24292	0.07367
V866	0.04837	0.06118	0.5637	0.23432	0.09242
V867	0.62507	0.02777	0	0.07508	0.27208
V868	0.27143	0.21307	0.34248	0.1	0.07303
V869	0.01233	0.03573	0.01271	0.26469	0.67454
V870	0.30873	0.16282	0.05491	0.2782	0.19534
V871	0.04411	0.0842	0.08581	0.27571	0.51017
V872	0.40894	0.02008	0	0.46146	0.10951
V873	0.08842	0.30417	0.11824	0.3606	0.12857
V874	0.10626	0.08156	0	0.22337	0.5888
V875	0.02818	0.18155	0.00244	0.53191	0.25591
V876	0.53013	0.0671	0.03998	0.0893	0.2735
V877	0.28061	0.5655	0.01653	0.0586	0.07877
V878	0.08195	0.62276	0.0199	0.17865	0.09675
V879	0.91327	0.02597	0.00028	0.01505	0.04543
V880	0.09758	0.08678	0.00821	0.50246	0.30497
V881	0.01744	0.03931	0.50817	0.1073	0.32778
V882	0.08229	0.42533	0	0.39481	0.09756
V883	0.54298	0.15455	0	0.18163	0.12084
V884	0.00183	0.03411	0	0.27479	0.68927
V885	0.20158	0.08227	0.34625	0.16389	0.20601
V886	0.00201	0.02181	0.0194	0.41515	0.54163
V887	0.14729	0.76264	0	0	0.09008
V888	0.07669	0.09032	0.03172	0.65634	0.14494
V889	0.17504	0.72039	0.02023	0	0.08434
V890	0.04366	0.01017	0.11233	0.65435	0.17949
V891	0.01409	0.07208	0.81295	0.02412	0.07676
V892	0.63702	0.22003	0.00184	0.01523	0.12587
V893	0.18294	0.18372	0.44868	0.08412	0.10054
V894	0.14382	0.4825	0.02403	0.23816	0.11149
V895	0.71478	0	0.23659	0.00811	0.04052
V896	0.24817	0.20216	0.19412	0.27867	0.07688
V897	0.00632	0	0.02084	0.76874	0.2041
V898	0.4447	0.01352	0	0.15115	0.39063
V899	0.60234	0.27696	0.05934	0	0.06136
V900	0.29839	0.21568	0.22975	0.17865	0.07753
V901	0.69113	0.03328	0	0.17765	0.09794
V902	0.86355	0.03179	0.00374	0.03475	0.06617
V903	0.30293	0.05774	0.04433	0.48624	0.10877
V904	0.74992	0.08054	0.12682	0	0.04272
V905	0.05261	0.30862	0.04313	0.36581	0.22983
V906	0.18565	0.0649	0.41839	0.12757	0.20349
V907	0.7386	0.09563	0.04415	0.05294	0.06867
V908	0.05634	0.30759	0.02536	0.47492	0.1358
V909	0.03354	0.09673	0	0.70336	0.16636
V910	0.70094	0.1458	0	0.0618	0.09146
V911	0.06951	0.26443	0.46983	0.03462	0.1616
V912	0.04016	0.05606	0.14435	0.24862	0.5108
V913	0.1616	0.01162	0.04681	0.64273	0.13724
V914	0.78426	0.0184	0	0.12026	0.07708
V915	0.23617	0.2048	0.03451	0.13043	0.3941
V916	0.81555	0.01068	0.09025	0.00868	0.07484
V917	0.50038	0.03995	0	0.11968	0.33999
V918	0.62167	0.12635	0.18077	0.01634	0.05488
V919	0.46199	0.13817	0	0.27475	0.12509
V920	0.20422	0	0.08523	0.61048	0.10007
V921	0.23795	0.20694	0.09655	0.10395	0.35461
V922	0.05501	0.03559	0.64737	0.05589	0.20615
V923	0.19929	0.46333	0.00161	0.09681	0.23896
V924	0.54189	0.08048	0	0.253	0.12463
V925	0.17867	0.11955	0.41676	0.17295	0.11207
V926	0.01618	0.06271	0	0.25842	0.66269
V927	0.56763	0.22369	0.08347	0.06632	0.05888
V928	0.15661	0.26108	0.18481	0.21029	0.18722
V929	0.0829	0.29634	0	0.15438	0.46638
V930	0.08819	0.03886	0.05114	0.22127	0.60053
V931	0.53666	0.13188	0	0.10134	0.23012
V932	0.06468	0.12593	0.02651	0.42319	0.3597
V933	0.33564	0	0.02972	0.35489	0.27976
V934	0.69675	0.05063	0.21786	0	0.03476
V935	0.62344	0.09971	0.10072	0.06491	0.11122
V936	0.3419	0.05102	0.08634	0.41956	0.10117
V937	0.19022	0.63211	0.07183	0.01679	0.08905
V938	0.13866	0.77819	0.00842	0	0.07474
V939	0.00352	0.01605	0.00263	0.48535	0.49244
V940	0.61266	0.07547	0.06165	0.08345	0.16678
V941	0.03201	0.12732	0.09607	0.50922	0.23539
V942	0.7565	0.19696	0	0	0.04654
V943	0.06278	0.13969	0.04052	0.20588	0.55114
V944	0.37108	0.01001	0.08568	0.44688	0.08635
V945	0.08114	0.2573	0.51778	0.04275	0.10103
V946	0.06955	0.44907	0.40776	0	0.07363
V947	0.43879	0.02818	0.00709	0.21428	0.31166
V948	0.12605	0.63947	0.01827	0.09945	0.11676
V949	0.87358	0.07507	0.01374	0	0.03762
V950	0.07852	0	0.00342	0.79379	0.12427
V951	0.33418	0	0	0.50741	0.1584
V952	0.1507	0.02329	0.02256	0.63202	0.17143
V953	0.50412	0.06152	0	0.342	0.09236
V954	0.29146	0.48813	0.03911	0.05904	0.12226
V955	0.09168	0.01382	0.4845	0.32509	0.08491
V956	0.06978	0.42804	0.06656	0.33016	0.10546
V957	0.16173	0.67544	0.03356	0.044	0.08527
