Neutrophils	Monocytes_CD14.CD16.	Macrophage	T_cells_.CD4..	NK_cells
V1	0.29588	0.14312	0.27561	0.12093	0.16445
V2	0.01603	0.80627	0.07958	0.04511	0.05302
V3	0.04772	0.02043	0.47274	0.40672	0.05239
V4	0	0.00398	0.21857	0.06048	0.71697
V5	0	0	0.04809	0.10242	0.84949
V6	0.31088	0.03281	0.2977	0.21348	0.14513
V7	0	0.03258	0.4079	0.07184	0.48768
V8	2e-05	0.03478	0.90148	0.05611	0.0076
V9	0.03858	0.0026	0.27958	0.61201	0.06723
V10	0.44073	0.03636	0.50285	0	0.02005
V11	0.01389	0.00864	0.09236	0.07378	0.81134
V12	0.05693	0.00711	0.22059	0.28454	0.43083
V13	0.09926	0.04174	0.03605	0.39396	0.42898
V14	0.13288	0	0.07421	0.63024	0.16267
V15	0.00505	0.01787	0	0.86031	0.11678
V16	0.54897	0.08851	0.01527	0.30905	0.0382
V17	0.03465	0.22758	0.01832	0.06343	0.65602
V18	0.05542	0.44053	0.28714	0.18778	0.02913
V19	0.00741	0	0	0.11398	0.87861
V20	0	0.01124	0.75276	0.20411	0.0319
V21	0	0.2471	0.13478	0.14973	0.46839
V22	0.79987	0.09381	0.08037	0	0.02595
V23	0.04951	0.00621	0.01685	0.13085	0.79658
V24	0.39975	0.12804	0.02154	0.03816	0.41251
V25	0.00495	0.01905	0.0109	0.38762	0.57748
V26	0.42736	0.21829	0.07121	0.03032	0.25281
V27	0.08404	0.5076	0.20413	0.00405	0.20018
V28	0.01062	0.0769	0.21555	0.59981	0.09712
V29	0	0	0.34625	0.57903	0.07472
V30	0.7097	0.12195	0.03574	0.00497	0.12763
V31	0.38011	0.15897	0.01533	0.21544	0.23015
V32	0.92714	0	0.01115	0	0.06171
V33	0.00018	0.17897	0.01645	0.11378	0.69062
V34	0.07247	0.88704	0.03357	0	0.00692
V35	0.05879	0.63793	0.28489	0.01444	0.00395
V36	0.00559	0.16089	0.16444	0.08902	0.58006
V37	0.71639	0	0	0	0.28361
V38	0.09842	0.03122	0.5006	0.18383	0.18592
V39	0.29051	0.04178	0.34239	0.00699	0.31833
V40	0.17695	0.64892	0.03981	0.08573	0.04858
V41	0.01115	0.86314	0.04032	0.00017	0.08521
V42	0.85267	0.04186	0.02764	0	0.07783
V43	0.45705	0.14165	0.38843	0.00234	0.01053
V44	0.01448	0.29318	0.57189	0	0.12045
V45	0.00411	0.69149	0.12183	0.12181	0.06076
V46	0.07144	0.79165	0.09527	0.0183	0.02333
V47	0	0.02793	0.96237	0	0.0097
V48	0.13579	0.13638	0.23778	0.31093	0.17911
V49	0.43805	0.16478	0.25617	0.11839	0.02261
V50	0.01106	0.04918	0.93976	0	0
V51	0.07135	0.26128	0.20239	0.06009	0.40489
V52	0.01115	0.94342	0.03628	0.00082	0.00832
V53	0.00558	0.18029	0.0108	0.71711	0.08622
V54	0.18498	0	0.00882	0.5343	0.27189
V55	0.05426	0	0	0.84272	0.10302
V56	0.04913	0	0	0.73608	0.21479
V57	0.12941	0.13558	0.58522	0.01445	0.13534
V58	0.04291	0	0.12468	0.19175	0.64066
V59	0.85568	0.026	0.10664	0	0.01167
V60	0.38541	0.22286	0.14196	0.10832	0.14146
V61	0.15388	0	0.02422	0.2111	0.61081
V62	0.03734	0.01875	0.29274	0.1299	0.52126
V63	0.34526	0.27141	0.07286	0.02755	0.28292
V64	0.93692	0.01877	0.03073	0	0.01358
V65	0.06155	0.0776	0.04003	0.59614	0.22468
V66	0.01028	0	0.14019	0.75395	0.09558
V67	0	0.00819	0.32248	0.09615	0.57318
V68	0.43874	0.01576	0.43138	0.01805	0.09606
V69	0.56671	0.1314	0.22611	0.00016	0.07562
V70	0.02508	0.73594	0.06905	0.13427	0.03565
V71	0.05354	0.81024	0.07007	0.04776	0.0184
V72	0.01233	0.37801	0.03375	0.04165	0.53425
V73	0.03791	0	0.10157	0.55268	0.30784
V74	0	0.0575	0.00611	0.76027	0.17611
V75	0.43964	0.20167	0.34229	0	0.0164
V76	0	0	0.01316	0.82133	0.16551
V77	0.01048	0.02597	0.93615	0.02305	0.00436
V78	0	0.03734	0.95178	0	0.01088
V79	0.04682	0.39622	0.05225	0.13023	0.37448
V80	0.07911	0.75343	0.02895	0.04084	0.09767
V81	0.00136	0.03034	0.96831	0	0
V82	0.20607	0.17498	0.03494	0.51707	0.06694
V83	0.07113	0.07441	0.0212	0.51894	0.31432
V84	0.06033	0.14789	0.00688	0.06987	0.71503
V85	0	0.02857	0.96981	0	0.00162
V86	0.003	0.26472	0.32793	0.35666	0.04769
V87	0.43683	0.01695	0.04646	0.43201	0.06775
V88	0.26511	0.16911	0.05756	0.18241	0.32581
V89	0.02957	0.1162	0.83098	0.02036	0.00289
V90	0	0.16215	0.05654	0.11064	0.67067
V91	0	0	0.08123	0.82123	0.09754
V92	0.18945	0.0275	0.02463	0.06669	0.69173
V93	0	0.07951	0.16685	0.48776	0.26588
V94	0.01549	0.15593	0.02337	0.22961	0.57561
V95	0.03396	0.21205	0.02541	0.11062	0.61796
V96	0.77119	0.0086	0.03195	0.00876	0.1795
V97	0.1229	0.01762	0.04068	0.12364	0.69516
V98	0.02638	0.37267	0.1927	0.11384	0.2944
V99	0.47274	0.14832	0.0082	0.20511	0.16563
V100	0.48839	0.17368	0.06094	0.04236	0.23463
V101	0.01968	0.92906	0.04373	0	0.00753
V102	0.26734	0.25401	0.15032	0.09488	0.23344
V103	0.08838	0	0	0.07422	0.8374
V104	0.01962	0.3945	0.09344	0.03914	0.45329
V105	0	0	0.0339	0.11081	0.85529
V106	0.01543	0.772	0.17415	0	0.03841
V107	0.03109	0.2296	0.69894	0.02846	0.01191
V108	0.00268	0.18805	0.80927	0	0
V109	0.03296	0.20729	0.06046	0.26139	0.4379
V110	0.137	0.53144	0.21248	0.09062	0.02846
V111	0.25312	0.24048	0.5064	0	0
V112	0.1494	0	0.10762	0.45623	0.28676
V113	0.19436	0	0.10078	0.15209	0.55277
V114	0.53863	0.08626	0.05698	0.15881	0.15931
V115	0.85473	0	0.00744	0	0.13783
V116	0	0	0	0.0889	0.9111
V117	0.03749	0.02816	0.83601	0.0635	0.03484
V118	0.024	0	0	0.85018	0.12582
V119	0.30942	0.02901	0.42622	0.21346	0.0219
V120	0	0.01855	0.83931	0.09287	0.04928
V121	0.14362	0.75096	0.02799	0.00179	0.07564
V122	0.00934	0.38868	0.09787	0.21587	0.28824
V123	0.45504	0.04554	0.08203	0.17971	0.23769
V124	0.17286	0.10673	0.06387	0.21473	0.4418
V125	0.01741	0.45868	0.51531	0	0.00859
V126	0.12135	0.18431	0.22561	0.11026	0.35846
V127	0.25942	0.01155	0.68932	0.0284	0.01131
V128	0.15136	0.78969	0.03845	0	0.02049
V129	0.23336	0.03721	0.28151	0.1628	0.28512
V130	0.00408	0.51033	0.05995	0.20567	0.21997
V131	0.00038	0.00231	0.24408	0.6772	0.07603
V132	0.31197	0.01602	0	0.32886	0.34315
V133	0	0.05201	0.54694	0.08467	0.31637
V134	0.05662	0.03525	0.79862	0.01267	0.09684
V135	0.00974	0.10638	0.73828	0.0175	0.12809
V136	0.96893	0.00011	0.01431	0	0.01665
V137	0.90065	0.03724	0.01188	0.00224	0.04798
V138	0.20519	0.14113	0.08225	0.13301	0.43843
V139	0.09907	0	0.16659	0.65301	0.08133
V140	0.00957	0	0.13883	0.06817	0.78344
V141	0.00188	0.22943	0.67366	0.07746	0.01757
V142	0.18074	0	0.33694	0.12536	0.35696
V143	0.00129	0.19763	0.4984	0.12856	0.17411
V144	0.46363	0.24021	0.08402	0.10267	0.10946
V145	0	0.03581	0.94051	0.00091	0.02277
V146	0.0098	0.34402	0.01676	0.29181	0.33761
V147	0.07744	0.07557	0.71494	0.08683	0.04522
V148	0.10855	0.8086	0.03877	0.01897	0.0251
V149	0	0	0	0.84092	0.15908
V150	0.11854	0.20119	0.60196	0	0.07831
V151	0.40471	0.01411	0.01044	0.39265	0.1781
V152	0	0	0.11495	0.71895	0.1661
V153	0.14288	0.19198	0.47719	0.03846	0.14949
V154	0.07692	0.59428	0.04595	0.03266	0.25019
V155	0.01982	0	0.13987	0.74561	0.0947
V156	0.07646	0.02541	0.40482	0.14547	0.34785
V157	0.06728	0.03551	0.16839	0.2675	0.46132
V158	0.168	0	0.45581	0.04771	0.32847
V159	0.08492	0.2351	0.02038	0.55812	0.10147
V160	0.40729	0.16956	0.10522	0.04008	0.27784
V161	0.16907	0.00977	0.05637	0.05466	0.71013
V162	0	0.03911	0.96089	0	0
V163	0.03008	0	0.00602	0.10197	0.86193
V164	0.91253	0.05804	0.02324	0	0.00619
V165	0.57044	0.23558	0.10277	0.03014	0.06107
V166	0.03581	0	0.25073	0.55872	0.15473
V167	0.0055	0.64954	0.04213	0.11864	0.18419
V168	0	0.03911	0.96089	0	0
V169	0.02374	0.70424	0.18333	0.06214	0.02655
V170	0.20358	0.40505	0.07235	0.17191	0.1471
V171	0.28533	0.09393	0.39267	0.15561	0.07246
V172	0.13765	0.21438	0.07391	0.04817	0.52589
V173	0.18029	0.10522	0.0967	0.38368	0.23411
V174	0.18504	0	0.37059	0.18917	0.2552
V175	0.04943	0.13354	0.11979	0.18027	0.51698
V176	0.35029	0.01205	0.00388	0.56745	0.06633
V177	0.17633	0.03895	0.60978	0.15158	0.02336
V178	0.25646	0.04862	0.49209	0.09659	0.10624
V179	0.06682	0	0.00042	0.07675	0.85601
V180	0.01147	0.00946	0.32904	0.04587	0.60416
V181	0.03571	0.258	0.00469	0.08839	0.6132
V182	0.52537	0.25267	0.01581	0.13965	0.0665
V183	0.02845	0.92167	0.03507	0	0.01481
V184	0.30021	0.01058	0.32484	0.30431	0.06006
V185	0.06719	0.48604	0.04103	0.1347	0.27103
V186	0.1005	0.17554	0.03236	0.24315	0.44845
V187	0.04308	0.71412	0.02762	0.18189	0.03328
V188	0.8378	0.03372	0.04385	0.06146	0.02317
V189	0.41879	0.26703	0.04895	0.22833	0.03689
V190	0.37308	0.06908	0.22786	0.01966	0.31032
V191	0.18194	0.23531	0.01069	0.39527	0.17679
V192	0.28501	0.20356	0.14029	0.19589	0.17525
V193	0.04901	0.21028	0.53552	0.03539	0.16981
V194	0.21901	0.04369	0.08575	0.11637	0.53518
V195	0.54035	0.18631	0.26511	0	0.00823
V196	0	0	0.0456	0.10262	0.85177
V197	0.02837	0.89791	0.03355	0.02197	0.0182
V198	0.18852	0.22797	0.04316	0.19506	0.34529
V199	0.74942	0.0081	0.24248	0	0
V200	0.73323	0	0.03604	0.01254	0.21819
V201	0.01872	0	0.01626	0.67359	0.29143
V202	0.90932	0.06725	0.00678	0	0.01665
V203	0.48329	0.27079	0.04074	0.04337	0.1618
V204	0.28245	0.0735	0.0336	0.03462	0.57582
V205	0.08395	0.02007	0.11121	0.10595	0.67882
V206	0.02446	0.10149	0	0.74289	0.13115
V207	0.00505	0.01787	0	0.86031	0.11678
V208	0.132	0.22632	0.50053	0.03446	0.1067
V209	0.12153	0.01018	0.09115	0.07679	0.70035
V210	0	0.02743	0.9612	0	0.01137
V211	0.12224	0.01513	0.19574	0.06318	0.60372
V212	0.02472	0.77163	0.10394	0.03107	0.06864
V213	0.07117	0	0.05358	0.25726	0.61799
V214	0.00177	0.55745	0.40806	0.00387	0.02884
V215	0.20849	0.22433	0.14509	0.08155	0.34054
V216	0.03736	0.02929	0.31824	0.06829	0.54683
V217	0	0	0.01929	0.78869	0.19203
V218	0.05073	0.19387	0.30591	0.31464	0.13485
V219	0.10468	0.28553	0.41441	0.16959	0.02579
V220	0.14366	0.7587	0.08599	0	0.01165
V221	0.02819	0.05983	0.49252	0.02924	0.39023
V222	0.00554	0	0	0.09398	0.90048
V223	0.51127	0.0136	0.3477	0.0984	0.02903
V224	0.0138	0.53987	0.04411	0.0855	0.31672
V225	0.67078	0.17798	0.14469	0	0.00656
V226	0.40196	0.56688	0.01993	0	0.01123
V227	0.0652	0.27784	0.01408	0.54239	0.10049
V228	0.56796	0.0305	0.29935	0.05013	0.05205
V229	0.23172	0.41377	0.28822	0.02711	0.03918
V230	0.00378	0	0	0.09413	0.90209
V231	0.03103	0.62215	0.08363	0.15158	0.11161
V232	0.78463	0.01101	0.20436	0	0
V233	0.03809	0.01135	0.1383	0.12406	0.6882
V234	0	0.38947	0.23438	0.31373	0.06241
V235	0.97068	0.01041	0.00559	0	0.01332
V236	0.06708	0.01752	0.66964	0.17136	0.07441
V237	0.1005	0.0772	0.27688	0.29829	0.24713
V238	0	0	0	0.28354	0.71646
V239	0.03786	0.40238	0.0616	0.16769	0.33046
V240	0.02778	0.85249	0.03937	0.01176	0.0686
V241	0.01089	0.938	0.03565	0	0.01546
V242	0.01447	0.33077	0.3161	0.24535	0.0933
V243	0.45077	0.0118	0.35052	0.01793	0.16899
V244	0.00904	0.3992	0.2017	0.08312	0.30694
V245	0.01067	0.90828	0.05883	0.01397	0.00826
V246	0.55791	0.28848	0.04117	0	0.11244
V247	0.17318	0.10759	0.64687	0.03386	0.0385
V248	0.05847	0.59778	0.04623	0.02183	0.27569
V249	0.21575	0.06312	0.20795	0.10407	0.40911
V250	0.00973	0.03614	0.64702	0.03842	0.26869
V251	0.19222	0.0182	0.09625	0.57005	0.12329
V252	0.00915	0.12338	0.56435	0.13702	0.16609
V253	0.24482	0.59745	0.10678	0.02737	0.02357
V254	0.46798	0.42299	0.0157	0.06256	0.03077
V255	0.79022	0.09114	0.00406	0.00306	0.11152
V256	0.00895	0.75552	0.0445	0.01516	0.17587
V257	0.39606	0.31852	0.16511	0.02251	0.0978
V258	0.13018	0.34595	0.0609	0.40845	0.05452
V259	0.4875	0.29114	0.19685	0	0.02451
V260	0.2171	0.0241	0.10277	0.10182	0.55421
V261	0.00904	0.0223	0.5245	0.26971	0.17446
V262	0.89511	0.02826	0.06303	0	0.0136
V263	0.78203	0.09417	0.02002	0.08632	0.01746
V264	0.02837	0.89224	0.04146	0.02815	0.00978
V265	0.80021	0.09597	0.09059	0	0.01323
V266	0.00195	0	0.07055	0.09166	0.83585
V267	0.02968	0	0	0.18553	0.7848
V268	0.16031	0.4489	0.16156	0.1561	0.07313
V269	0.06336	0.33803	0.37958	0.16532	0.05371
V270	0.03234	0	0.03144	0.83621	0.10001
V271	0.17288	0.73985	0.03483	0.01129	0.04115
V272	0.06255	0.82557	0.05421	0.0081	0.04956
V273	0.26004	0.01276	0.18677	0.31362	0.22681
V274	0.0674	0.02713	0.03377	0.21243	0.65927
V275	0.01509	0.71314	0.17419	0.0701	0.02749
V276	0	0.02224	0.71905	0.20801	0.0507
V277	0.34202	0.00971	0.61742	0	0.03085
V278	0	0.03358	0.34724	0.42641	0.19276
V279	0.12396	0	0.01032	0.71937	0.14635
V280	0.16756	0.01559	0.03755	0.59705	0.18225
V281	0.00515	0.23541	0.04922	0.62871	0.08151
V282	0.01979	0.92982	0.03531	0	0.01508
V283	0.30857	7e-05	0.10985	0.04983	0.53169
V284	0.01064	0.1254	0.52578	0.01517	0.32302
V285	0.45716	0.49805	0.01876	0.00901	0.01702
V286	0.06847	0.0401	0.86071	0.0196	0.01112
V287	0.21386	0.0654	0.17642	0.27752	0.2668
V288	0.18023	0.01638	0.64853	5e-05	0.15481
V289	0.12856	0.239	0.02934	0.53443	0.06868
V290	0.37062	0.47562	0.15376	0	0
V291	0.37376	0.23059	0.01192	0.33504	0.04869
V292	0.09433	0.02424	0.404	0.05295	0.42448
V293	0	0.12409	0.82097	0.0317	0.02325
V294	0	0	0	0.08854	0.91146
V295	0.00023	0.02525	0.3411	0.48671	0.14671
V296	0.82394	0.1259	0.00645	0	0.04371
V297	0.00868	0.02512	0.79714	0.1092	0.05985
V298	0.26465	0	0.00177	0.53587	0.19772
V299	0.24341	0	0.00889	0.66976	0.07795
V300	0.97297	0.0105	0.00636	0	0.01017
V301	0.96399	0.00026	0.01283	0	0.02291
V302	0	0	0	0.39261	0.60739
V303	0.07954	0.16917	0.21882	0.173	0.35946
V304	0.1677	0.04406	0.76558	0	0.02266
V305	0.16763	0.31881	0.10176	0.1042	0.30761
V306	0.268	0.68322	0.02444	0.00043	0.0239
V307	0.21642	0.00525	0.29349	0.4384	0.04644
V308	0.21664	0.02169	0.69456	0.05348	0.01363
V309	0.61494	0.0715	0.05782	0.10392	0.15183
V310	0.01562	0.00602	0.00184	0.1451	0.83142
V311	0.00028	0	0.03987	0.84714	0.1127
V312	0.06007	0.23873	0.24839	0.02526	0.42755
V313	0.03592	0.2937	0.0218	0.29641	0.35216
V314	0.05952	0	0.00123	0.36864	0.57061
V315	0.93733	0	0.02023	0	0.04244
V316	0.07504	0.56045	0.2686	0.02061	0.0753
V317	0.3544	0.09114	0.53252	0	0.02195
V318	0.88412	0	0.00863	0	0.10725
V319	0.08818	0.07176	0.84006	0	0
V320	0.06156	0	0.00033	0.82763	0.11049
V321	0.10535	0.34905	0.32831	0.17224	0.04505
V322	0	0.26159	0.57968	0.04011	0.11862
V323	0.21894	0.22341	0.45533	0.00902	0.09329
V324	0.02234	0.03894	0.04229	0.79315	0.10329
V325	0.59768	0.11737	0.09842	0.09756	0.08896
V326	0.03027	0	0.04941	0.16599	0.75432
V327	0.27761	0.50704	0.13052	0.00928	0.07555
V328	0.02385	0.30384	0.18007	0.427	0.06525
V329	0	0.04885	0.40848	0.48009	0.06259
V330	0.06657	0.03825	0.84293	0	0.05225
V331	0.10296	0.00977	0.08326	0.12168	0.68233
V332	0.43585	0.05772	0.47547	0	0.03096
V333	0.37979	0.03598	0.32967	0.14093	0.11363
V334	0.02324	0.29137	0.56939	0.06388	0.05211
V335	0.6849	0.06192	0.09439	0.01982	0.13898
V336	0.12228	0.58242	0.28	0	0.01531
V337	0	0	0.00714	0.18932	0.80355
V338	0.68995	0.02247	0.16965	0.00162	0.11631
V339	0.16334	0.54401	0.20421	0	0.08844
V340	0.01458	0.14576	0.10766	0.08946	0.64254
V341	3e-04	0.48634	0.44877	0	0.06458
V342	0.2669	0.1628	0.47772	0.08379	0.00878
V343	0.67234	0.00873	0.31893	0	0
V344	0.06043	0.7582	0.06829	0.01862	0.09445
V345	0.17936	0.03956	0.00246	0.27989	0.49873
V346	0.01424	0.32261	0.33715	0.26112	0.06489
V347	0.04966	0.53717	0.04462	0.28861	0.07994
V348	0.00097	0.14103	0.46033	0.22013	0.17753
V349	0.04273	0.30663	0.54006	0.00768	0.1029
V350	0.07683	0.42554	0.10058	0.21351	0.18354
V351	0.15662	0.03247	0.46782	0.2945	0.04859
V352	0.07445	0.54602	0.37112	0	0.0084
V353	0.20438	0.32742	0.04785	0.05387	0.36647
V354	0.53581	0.02369	0.4405	0	0
V355	0.06877	0.01629	0.35872	0.49423	0.062
V356	0.07787	0.03889	0.83943	0.00629	0.03752
V357	0.02803	0.03962	0.50511	0.0437	0.38354
V358	0.01284	0.02857	0.03322	0.81764	0.10773
V359	0.0343	0.11433	0.00792	0.7533	0.09014
V360	0.6912	0.05534	0.10639	0.1287	0.01837
V361	0.2834	0.49878	0.10901	0	0.10882
V362	0.78594	0.00568	0.10912	0	0.09927
V363	0.0153	0.01566	0.00205	0.17932	0.78766
V364	0.01657	0.28968	0.0311	0.40989	0.25276
V365	0	0	0.00455	0.8571	0.13835
V366	0.18447	0.05032	0.61833	0.04767	0.09922
V367	0.19293	0.22877	0.2234	0.15396	0.20094
V368	0.71517	0.09694	0.14283	0	0.04505
V369	0.01075	0.65764	0.26158	0.06093	0.0091
V370	0.00438	0.15064	0.12555	0.34341	0.37602
V371	0.01923	0.90119	0.07503	0	0.00455
V372	0.62586	0.07765	0.16661	0.09035	0.03953
V373	0.07919	0.67072	0.15614	0.07494	0.01902
V374	0.07988	0.05187	0.40862	0.41614	0.04349
V375	0.284	0.02149	0.63881	0.05048	0.00521
V376	0.00143	0	0.38667	0.04865	0.56324
V377	0.05731	0.52257	0.2341	0.15948	0.02654
V378	0.09427	0.55024	0.19615	0.00023	0.15912
V379	0.01107	0	0.09892	0.12074	0.76927
V380	0.00186	0.0485	0.17566	0.47465	0.29933
V381	0.1128	0.03348	0.00231	0.06706	0.78435
V382	0.37554	0	0	0.28836	0.33609
V383	0.01896	0.00314	0.28993	0.61911	0.06885
V384	0.26505	0.04825	0.18066	0.40306	0.10299
V385	0.05935	0.07945	0.0042	0.07	0.787
V386	0.64895	0.01388	0.0058	0.29295	0.03842
V387	0.24709	0.0167	0.00397	0.62998	0.10226
V388	0.01863	0.84845	0.06361	0.04986	0.01946
V389	0.08067	0.78333	0.04428	0.02324	0.06847
V390	0.15462	0	0.00136	0.6538	0.19022
V391	0.67695	0.17468	0.00562	0.05584	0.08692
V392	0.93816	0.03919	0.01498	0	0.00767
V393	0.07961	0.01827	0.15594	0.50816	0.23802
V394	0.69307	0.00909	0.03026	0.14141	0.12617
V395	0	0.00506	0.39479	0.53131	0.06884
V396	0.51797	0.03395	0.44461	0	0.00347
V397	0.64438	0.15459	0.04622	0.09371	0.06111
V398	0.04575	0	0.1752	0.61779	0.16126
V399	0.02385	0.01553	0	0.2731	0.68752
V400	0.12739	0.55204	0.18391	0.12194	0.01472
V401	0.30284	0.01095	0.67335	0.01114	0.00172
V402	0.34642	0.03818	0.47505	0.05054	0.08981
V403	0.11515	0.0628	0	0.15977	0.66228
V404	0	0.0534	0.50366	0.35518	0.08776
V405	0.30764	0.27931	0.08478	0.19767	0.13059
V406	0.01039	0.04664	0.9257	0	0.01727
V407	0.88444	0.04472	0.04703	0.01278	0.01103
V408	0.01065	0.37287	0.01833	0.24035	0.35779
V409	0.0898	0	0.06456	0.65659	0.18905
V410	0.09736	0.12842	0.32467	0.05733	0.39223
V411	0	0	0	0.09563	0.90437
V412	0.00615	0.12564	0.12401	0.07083	0.67337
V413	0.00491	0.25812	0.16355	0.33911	0.23431
V414	0.02402	0.07896	0	0.4417	0.45532
V415	0.1234	0	0	0.06875	0.80784
V416	0.07752	0.07437	0.0191	0.16999	0.65902
V417	0	0.02448	0.7831	0.11184	0.08059
V418	0.49363	0.42685	0.03997	0	0.03955
V419	0.20242	0.00936	0.01638	0.14482	0.62702
V420	0.18538	0	0.09497	0.08032	0.63934
V421	0	0	0.1161	0.1004	0.7835
V422	0.00267	0.00444	0.04893	0.6833	0.26066
V423	0.2632	0.20443	0.31658	0.17069	0.04511
V424	0	0.00629	0.47177	0.03407	0.48787
V425	0.28057	0.38392	0.01258	0.01824	0.30469
V426	0.20533	0.19454	0.02607	0.43464	0.13941
V427	0.16124	0.65187	0.17895	0	0.00794
V428	0.05865	0.66015	0.10217	0.07741	0.10162
V429	0.08103	0.80255	0.02963	0.04982	0.03697
V430	0.01904	0.01439	0.41029	0.18521	0.37107
V431	0.08552	0.38774	0.22319	0.22281	0.08075
V432	0.27385	0.06795	0.13594	0.32904	0.19322
V433	0.17791	0.01264	0.5582	0.20312	0.04813
V434	0.20838	0.29555	0.40066	0.00268	0.09274
V435	0.52861	0.05482	0.39759	0.00761	0.01138
V436	0.03027	0.58995	0.12454	0.05013	0.20511
V437	0.15405	0.00912	0.0244	0.18683	0.6256
V438	0.10619	0.32268	0.22136	0.25499	0.09479
V439	0.60119	0	0.05435	0.29119	0.05326
V440	0.00699	0.35994	0.57291	0.00456	0.0556
V441	0.01045	0.55051	0.41048	0.0163	0.01225
V442	0.01951	0.93079	0.04385	0	0.00584
V443	0.9576	6e-05	0.01247	0.01493	0.01494
V444	0.11873	0.45892	0.0494	0.30131	0.07164
V445	0.0386	0.4363	0.05714	0.40348	0.06449
V446	0.09063	0.02725	0.10516	0.54601	0.23095
V447	0.04804	0	0.00717	0.43652	0.50827
V448	0.12705	0	0.01324	0.07978	0.77993
V449	0	0.03911	0.96089	0	0
V450	0.17506	0.08783	0.25605	0.13387	0.34719
V451	0.24099	0.21208	0.0711	0.31927	0.15656
V452	0.00064	0	0.17048	0.69816	0.13072
V453	0.00542	0	0	0.44407	0.55052
V454	0.00092	0.01781	0.6822	0.03153	0.26754
V455	0.04064	0.22102	0.28319	0.05975	0.3954
V456	0.93788	0.009	0.00369	0	0.04943
V457	0.62956	0.23026	0.04898	0.03692	0.05427
V458	0.00689	0.37206	0.52982	0.04115	0.05009
V459	0.11149	0.05573	0.05594	0.46689	0.30996
V460	0.65505	0.04694	0.22543	0.03893	0.03366
V461	0.15359	0.30609	0.25928	0.02069	0.26035
V462	0.03236	0.07165	0.0126	0.48086	0.40253
V463	0.19301	0.05937	0.01371	0.65024	0.08368
V464	0.1401	0.19525	0.65762	0	0.00703
V465	0.02439	0.07996	0.01212	0.087	0.79653
V466	0.01151	0	0	0.1531	0.83539
V467	0.03458	0.26482	0.03059	0.51079	0.15921
V468	0.51022	0.32665	0.13072	0	0.03241
V469	0	0.32745	0.06753	0.25935	0.34567
V470	0.82303	0.06367	0.03672	0.05403	0.02256
V471	0.34265	0.31159	0.04135	0.12958	0.17483
V472	0	0.01587	0.03496	0.08221	0.86696
V473	0.01247	0.21914	0.25858	0.29091	0.2189
V474	0.2646	0.14579	0.06989	0.42412	0.0956
V475	0.13786	0.03469	0.60852	0.02677	0.19217
V476	0.13502	0.0293	0.10698	0.59256	0.13614
V477	0.0109	0.93879	0.04415	0	0.00616
V478	0.13576	0	0	0.06729	0.79695
V479	0.82388	0.06381	0.04542	0.04552	0.02137
V480	0.09864	0.67512	0.084	0.09412	0.04812
V481	0.20368	0.38377	0.07991	0.16564	0.167
V482	0.07676	0.69063	0.21569	0	0.01691
V483	0.26679	0.55876	0.02025	0.08592	0.06827
V484	0.17946	0.53812	0.14422	0.10719	0.03102
V485	0.63477	0.08917	0.13652	0.09867	0.04086
V486	0.04678	0.06744	0.28713	0.03978	0.55887
V487	0.11311	0.13716	0.44328	0.26983	0.03661
V488	0.3771	0.07361	0	0.32579	0.2235
V489	0	0.23621	0.68494	0.05432	0.02453
V490	0	0.02435	0.76964	0.17749	0.02852
V491	0.01173	0.45336	0.06446	0.10573	0.36472
V492	0.01375	0.14694	0.03604	0.69232	0.11096
V493	0.002	0	0.00196	0.87671	0.11933
V494	0.29849	0	0.01647	0.5323	0.15274
V495	0.2973	0.23337	0.23896	0.14782	0.08255
V496	0.10239	0.01675	0.04862	0.06445	0.7678
V497	0.07508	0.02182	0.13965	0.13252	0.63092
V498	0.0368	0.87377	0.05667	0.00062	0.03215
V499	0.02257	0.21717	0.26182	0.07893	0.41951
V500	0.07715	0.50799	0.1341	0.19338	0.0874
V501	0.04456	0.30098	0.02175	0.05351	0.5792
V502	0.08982	0.81474	0.07133	0.01706	0.00705
V503	0.41259	0.01937	0.22492	0.13244	0.21068
V504	0.42202	0.20728	0.01132	0.01744	0.34194
V505	0.58292	0.00086	0.02693	0.08586	0.30343
V506	0.00459	0.50584	0.08358	0.03259	0.3734
V507	0.83663	0	0.0397	0.07225	0.05142
V508	0.00285	0.63979	0.23897	0.03183	0.08656
V509	0.02816	0.46861	0.16096	0.17609	0.16619
V510	0.35752	0.53223	0.06968	0.02462	0.01596
V511	0.04326	0.31973	0.53364	0.02714	0.07623
V512	0.11431	0.46632	0.1967	0.04418	0.1785
V513	0.12629	0.6981	0.10204	0.03222	0.04135
V514	0.00096	0	0.20586	0.08816	0.70502
V515	0.05478	0.13573	0.00025	0.7228	0.08644
V516	0.12878	0.38592	0.13034	0.30362	0.05135
V517	0.00266	0.02885	0.05282	0.8099	0.10576
V518	0.39362	0.02599	0.35524	0.16988	0.05527
V519	0.777	0.06988	0.0112	0.11261	0.0293
V520	0.03658	0.8627	0.04839	0.04177	0.01056
V521	0.18821	0	0.14499	0.59284	0.07395
V522	0.0295	0.20609	0.59207	0.11431	0.05803
V523	0.12934	0.06677	0.76877	0.02447	0.01065
V524	0.30832	0.04008	0.58497	0	0.06663
V525	0.00019	0.17745	0.03239	0.07212	0.71785
V526	0.02927	0.05223	0.87063	0.00844	0.03942
V527	0.05527	0.49289	0.42281	0.00157	0.02746
V528	0.13331	0	0.01756	0.75976	0.08937
V529	0.18809	0.04484	0.75349	0	0.01358
V530	0.00952	0.0436	0.88085	0.03285	0.03318
V531	0.1342	0.52306	0.11169	0.01891	0.21215
V532	0.04147	0.25369	0.30056	0.02136	0.38292
V533	0.21937	0	0	0.05624	0.72439
V534	0.10573	0.06823	0	0.71207	0.11397
V535	0.79014	0.13608	0.06464	0	0.00914
V536	0.0987	0.18073	0.39323	0.0385	0.28884
V537	0.00776	0.00617	0.01023	0.08474	0.8911
V538	0.57446	0.11609	0.0088	0.02969	0.27095
V539	0.00016	0.16085	0.66829	0.08503	0.08567
V540	0.12369	0.47583	0.11011	0.05129	0.23908
V541	0.01202	0.38224	0.03422	0.06053	0.51099
V542	0.01598	0.35233	0.12983	0.39063	0.11123
V543	0.04712	0.11725	0.68883	0.03743	0.10938
V544	0.29978	0.2014	0.19744	0.06154	0.23984
V545	0.57589	0.39663	0.02363	0	0.00384
V546	0.03332	0.786	0.11279	0.0024	0.0655
V547	0.05425	0.79627	0.02917	0.08016	0.04015
V548	0	0.06039	0.00698	0.82229	0.11034
V549	0	0	0.01518	0.20209	0.78274
V550	0.00952	0.85247	0.12429	0	0.01372
V551	0.00298	0	0	0.88543	0.11159
V552	0.17886	0	0.01587	0.08581	0.71946
V553	0.76348	0.01092	0.02341	0.12637	0.07582
V554	0.08978	0.05685	0.52081	0.28476	0.0478
V555	0.01044	0.91453	0.04268	0	0.03235
V556	0.06163	0.04917	0.05934	0.69025	0.13961
V557	0.27507	0.26664	0.04734	0.31773	0.09322
V558	0	0.03648	0.79598	0.12535	0.04219
V559	0.07265	0.43094	0.46227	0	0.03415
V560	0.58267	0.26258	0.15475	0	0
V561	0.68093	0	0.154	0	0.16507
V562	0.09447	0.04274	0.15023	0.11897	0.59358
V563	0.17929	0.26924	0.22263	0.10376	0.22508
V564	0.31292	0.01991	0.06302	0.33178	0.27238
V565	0	0	0.00733	0.11408	0.87859
V566	0.25807	0.14871	0.03131	0.30733	0.25458
V567	0.01066	0.0285	0.95272	0	0.00812
V568	0.01177	0.23706	0.45711	0.26618	0.02787
V569	0.6003	0.10984	0.12754	0.10227	0.06005
V570	0.11203	0.02483	0.30357	0.43108	0.1285
V571	0.23814	0.00214	0.25525	0.32215	0.18233
V572	0.81989	0.00275	0.00054	0	0.17683
V573	0.05879	0.07059	0.35746	0.35061	0.16254
V574	0.47789	0.31772	0.09751	0.06941	0.03747
V575	0.31471	0.02135	0.12174	0.06682	0.47538
V576	0.01089	0.87429	0.04085	0.00544	0.06853
V577	0.3577	0.5321	0.06087	0.03242	0.01691
V578	0.0096	0.17031	0.5415	0.20005	0.07854
V579	0.0014	0.51265	0.34214	0.02003	0.12378
V580	0.16963	0.5673	0.03737	0.17662	0.04909
V581	0.02766	0.49658	0.39927	0.06043	0.01606
V582	0	0.06935	0.92985	0	8e-04
V583	0.59493	0.02284	0.37956	0	0.00267
V584	0.17559	0.51306	0.13019	0.02661	0.15456
V585	0.01626	0.77178	0.09521	0.04626	0.07049
V586	0.00687	0.79061	0.19342	0.00396	0.00514
V587	0.0231	0.67081	0.03493	0.03395	0.23721
V588	0.19165	0.41365	0.38962	0	0.00508
V589	0.06791	0.42943	0.06531	0.36784	0.0695
V590	0.01804	0.77118	0.0293	0.01439	0.16709
V591	0.40083	0.52763	0.06062	0	0.01092
V592	0.00941	0.01199	0.76359	0.03091	0.18409
V593	0.39379	0.00338	0.0029	0.48312	0.1168
V594	0	0.13719	0.6675	0.12539	0.06992
V595	0.5004	0.04782	0.07537	0.29501	0.0814
V596	0.4233	0.20715	0.23605	0.0949	0.0386
V597	0.00822	0.17036	0.00813	0.14186	0.67144
V598	0.52681	0	0.00284	0.01768	0.45266
V599	0.04685	0.42122	0.11218	0.34402	0.07573
V600	0.2503	0.01279	0.2	0.36125	0.17566
V601	0.11204	0.09383	0.00515	0.4507	0.33827
V602	0.79751	0.1869	0.00955	0	0.00603
V603	0.09688	0.12621	0.02919	0.15312	0.59459
V604	0.00894	0.0307	0.71847	0.09215	0.14974
V605	0.01323	0.04815	0.12154	0.11202	0.70506
V606	0.81439	0	0	0	0.18561
V607	0.12356	0.09206	0.01967	0.06441	0.70031
V608	0.7267	0.0189	0.03979	0.06749	0.14712
V609	0.15076	0.32702	0.02354	0.36819	0.13049
V610	0.05067	0.6802	0.03504	0.19937	0.03472
V611	0.24748	0.04145	0.64307	0.00431	0.06369
V612	0.33934	0.05333	0.32628	0.01546	0.26559
V613	0.35309	0.56841	0.06239	0.00943	0.00668
V614	0.48289	0.02896	0.01835	0.0801	0.3897
V615	0	0.08947	0.13733	0.53457	0.23862
V616	0.64221	0.00502	0.17302	0.11827	0.06149
V617	0.19783	0.07961	0.48719	0.07847	0.15691
V618	0.68577	0.1002	0.07833	0	0.1357
V619	0.50063	0.04407	0.16523	0.00755	0.28253
V620	0.02823	0.02804	0.38047	0.49987	0.0634
V621	0.10901	0.21749	0.30286	0.01608	0.35456
V622	0.00429	0.19812	0.34804	0.03347	0.41609
V623	0.05034	0	0.00076	0.6592	0.28971
V624	0.89603	0	0.00892	0	0.09505
V625	0	0.06046	0.10159	0.74224	0.09571
V626	0.05757	0.03688	0.58475	0.26514	0.05565
V627	0.07648	0.13951	0.11597	0.06567	0.60237
V628	0.95359	0.01951	0.01375	0	0.01315
V629	0.10073	0.24979	0.63703	0.00349	0.00896
V630	0.00035	0.15756	0.02336	0.08198	0.73676
V631	0	0	0.25449	0.06329	0.68222
V632	0.01729	0.76111	0.03668	0.0335	0.15142
V633	0.03756	0	0.08971	0.4959	0.37682
V634	0.3551	0.47112	0.17333	0	0.00045
V635	0.02181	0.08957	0.17844	0.06564	0.64455
V636	0.16982	0.17914	0.33561	0.16704	0.14839
V637	0.19033	0.01955	0.44195	0.2239	0.12426
V638	0.04809	0.45164	0.03842	0.09045	0.3714
V639	0.46647	0.42687	0.09901	0	0.00765
V640	0.08013	0.1798	0.0861	0.2255	0.42846
V641	0.06092	0.73429	0.05235	0.1101	0.04234
V642	0.72096	0.04231	0.0083	0.1996	0.02883
V643	0.01877	0.86339	0.09861	0.01226	0.00697
V644	0.02044	0.45221	0.04009	0.40309	0.08416
V645	0.11811	0.7658	0.04423	0.06043	0.01143
V646	0.0982	0.54822	0.05352	0.20135	0.09872
V647	0.94217	0	0.01146	0.0304	0.01597
V648	0.40308	0.1166	0.0056	0.25974	0.21498
V649	0.22212	0.08579	0.07872	0.1201	0.49327
V650	0.00958	0	0.05862	0.83249	0.09931
V651	0.11755	0.22451	0.00368	0.58732	0.06695
V652	0.34134	0.00133	0.03775	0.539	0.08058
V653	0.31939	0.01116	0.05625	0.50682	0.10638
V654	0.01643	0.06058	0	0.11901	0.80398
V655	0.13603	0.06183	0.32914	0.41954	0.05347
V656	0.08438	0	0	0.14146	0.77416
V657	0.01224	0.49832	0.05117	0.28892	0.14935
V658	0.01272	0.02252	0.02919	0.57363	0.36195
V659	0.00192	0.01731	0.07971	0.7418	0.15926
V660	0.03593	0.3133	0.03034	0.07118	0.54925
V661	0.01445	0.65907	0.04225	0.15308	0.13115
V662	0.01288	0.4094	0.03591	0.03816	0.50366
V663	0.97578	0.00127	0.01504	0	0.00791
V664	0.00783	0	0.11234	0.3753	0.50454
V665	0.00285	0.63698	0.24091	0.06576	0.05351
V666	0.05407	0.86739	0.07319	0	0.00535
V667	0.01104	0.55189	0.29144	0.08168	0.06396
V668	0.59581	0.26549	0.06821	0.03527	0.03522
V669	0.41523	0.33052	0.04344	0.07442	0.13639
V670	0.05847	0.62127	0.07214	0.03637	0.21175
V671	0.7542	0.00617	0.22176	0.00399	0.01388
V672	0.06827	0.06268	0.09032	0.29469	0.48405
V673	0	0.00555	0	0.15542	0.83903
V674	0.33024	0.11127	0.52039	0	0.0381
V675	0.65905	0.0018	0.04605	0.13721	0.15588
V676	0.22421	0.11262	0.51313	0	0.15003
V677	0.02301	0.28246	0.24293	0.34559	0.106
V678	0.02736	0.29017	0.02142	0.07086	0.5902
V679	0	0.02084	0.4876	0.43475	0.0568
V680	0.13425	0	0.01476	0.33547	0.51552
V681	0.49444	0.03554	0.04615	0.28136	0.14251
V682	0	0.03911	0.96089	0	0
V683	0.0484	0.18987	0.64087	0	0.12086
V684	0.04403	0	0.00333	0.84949	0.10315
V685	0	0.0424	0.85704	0.08155	0.01901
V686	0.23238	0.63985	0.09991	0.00609	0.02177
V687	0	0.01477	0.6108	0.32004	0.05439
V688	0	0.03627	0.94284	0	0.0209
V689	0.4605	0.06128	0.21486	0.09177	0.17158
V690	0.06303	0.86012	0.04836	0.01248	0.01601
V691	0.11518	0.13683	0.05268	0.59029	0.10501
V692	0.05244	0.01499	0.01208	0.7285	0.19199
V693	0.00095	0.51142	0.45889	0.01645	0.01229
V694	0.06306	0.20124	0.04552	0.54814	0.14205
V695	0.09431	0.10058	0.14157	0.05744	0.6061
V696	0.10562	0.01059	0.75984	0	0.12395
V697	0.08008	0.11594	0.33709	0.30996	0.15692
V698	0.00463	0.00236	0.16304	0.073	0.75696
V699	0.02127	0.00328	0.04714	0.62264	0.30568
V700	0.02669	0.80655	0.10269	0	0.06408
V701	0.00066	0.15707	0.0155	0.07637	0.75041
V702	0.00512	0.11897	0.00724	0.62822	0.24045
V703	0.00346	0.00767	0.02408	0.85108	0.11371
V704	0.02855	0.05287	0.38191	0.04758	0.48909
V705	0.93044	0.01833	0.00411	0	0.04713
V706	0.12624	0.15742	0.17407	0.40639	0.13588
V707	0.1096	0.11649	0.07433	0.26293	0.43666
V708	0.00243	0.59185	0.40411	0	0.00161
V709	0	0	0.02578	0.0846	0.88962
V710	0.10419	0.0282	0.47846	0.01671	0.37244
V711	0.03636	0	0.01158	0.09296	0.85909
V712	0.04695	0.03211	0.72912	0.15756	0.03426
V713	0.21484	0.43999	0.34463	0	0.00055
V714	0.03085	0	0	0.08378	0.88537
V715	0	0.2901	0.61507	0.07709	0.01773
V716	0.7031	0.2101	0.02346	0.02659	0.03675
V717	0.34809	0.16955	0.13218	0.02967	0.32051
V718	0.64443	0.00749	0.29768	0	0.0504
V719	0.36006	0.25429	0.12236	0.10226	0.16104
V720	0.09349	0.02816	0.08361	0.08739	0.70736
V721	0.01233	0	0.03891	0.09432	0.85444
V722	0.00534	0.24035	0.06522	0.45203	0.23705
V723	0.08361	0.2335	0.12545	0.477	0.08044
V724	0.08999	0.67617	0.06682	0.14006	0.02696
V725	0.01393	0	0	0.08611	0.89996
V726	0.17595	0.50673	0.07609	0.05259	0.18863
V727	0.00073	0.03765	0.94147	0	0.02015
V728	0.7694	0.02478	0.14395	0.0435	0.01838
V729	0.58502	0.12965	0.03479	0.21387	0.03667
V730	0.10051	0.02806	0.4078	0.356	0.10763
V731	0	0.00708	0.06299	0.83057	0.09936
V732	0.0022	0	0.00222	0.88558	0.11
V733	0.01991	0.05666	0.90695	0	0.01648
V734	0.47221	0.09915	0.39058	0.01753	0.02053
V735	0.0485	0.14646	0.21354	0.05846	0.53303
V736	0	0.02486	0.00317	0.08535	0.88662
V737	0.96732	0.01012	0.01518	0	0.00738
V738	0.00483	0.42805	0.02917	0.04511	0.49283
V739	0.00524	0.00755	0	0.87789	0.10932
V740	0.174	0.07128	0.10311	0.05407	0.59754
V741	0.47144	0.02307	0.00299	0.30295	0.19955
V742	0.05669	0.03384	0.54833	0.15801	0.20313
V743	0.01371	0.03653	0.06851	0.14801	0.73324
V744	0.17061	0.06697	0.18252	0.47842	0.10148
V745	0.14736	0.01747	0.04893	0.69792	0.08831
V746	0.30929	0.5823	0.06173	0	0.04667
V747	0.01983	0.05476	0.89767	0	0.02774
V748	0.13221	0.21136	0.28905	0.06314	0.30423
V749	0.15828	0.107	0.12864	0.40344	0.20265
V750	0.7278	0.22007	0.01682	0.02397	0.01135
V751	0.01682	0.38266	0.5827	0.00723	0.01059
V752	0.00779	0.10891	0.0214	0.07914	0.78276
V753	0.51265	0.06034	0.26365	0.01518	0.14818
V754	0.08775	0.3468	0.01723	0.48409	0.06413
V755	0.18781	0.73421	0.06793	0	0.01005
V756	0.00724	0.09056	0.02061	0.11402	0.76757
V757	0.15371	0	0.10352	0.66055	0.08222
V758	0.04031	0.46083	0.01552	0.42451	0.05883
V759	0.06537	0.01823	0.0913	0.06453	0.76056
V760	0.05692	0.02643	0.20886	0.24916	0.45862
V761	0.04103	0.26828	0.68368	0	0.00701
V762	0.00234	0.03597	0.17114	0.37623	0.41432
V763	0.00978	0.24367	0.01186	0.06015	0.67454
V764	0.0929	0.06191	0.0892	0.6629	0.0931
V765	0.1499	0.03983	0.6687	0.03376	0.10781
V766	0.04571	0.48512	0.26806	0.04369	0.15742
V767	0.22722	0.48981	0.08453	0.04095	0.15749
V768	0.02713	0.84111	0.0801	0.03432	0.01734
V769	0.72753	0.01419	0.20677	0	0.0515
V770	0.29143	0.01924	0.53908	0.12876	0.02148
V771	0.03443	0.72909	0.03557	0.08075	0.12016
V772	0.03981	0.0468	0.91339	0	0
V773	0.01279	0	0	0.2021	0.78511
V774	0.13487	0.01043	0.53851	0.00861	0.30758
V775	0.91133	0	0.02628	0.03078	0.03161
V776	0.31196	0.45149	0.18649	0.0113	0.03875
V777	0.18035	0.39683	0.27226	0.08604	0.06451
V778	0.49427	0.06405	0.01213	0.20194	0.22761
V779	0.04514	0.4228	0.51353	0.00021	0.01832
V780	0.01109	0.02896	0.95964	0	0.00031
V781	0.1418	0.30491	0.18445	0.01604	0.3528
V782	0.18702	0.23022	0.02517	0.03958	0.51801
V783	0	0.01334	0.62109	0.0387	0.32688
V784	0.00591	0.62906	0.02594	0.21859	0.1205
V785	0.68194	0.15412	0.00455	0.07912	0.08027
V786	0.13893	0.21508	0.01916	0.53774	0.08909
V787	0.09907	0.6172	0.02397	0.16506	0.0947
V788	0.32547	0.43534	0.08942	0	0.14977
V789	0	0.15057	0.00772	0.37738	0.46432
V790	0.24069	0.23031	0.06944	0.11484	0.34472
V791	0.14414	0.21897	0.07822	0.18947	0.36921
V792	0.92943	0.01838	0.02984	0	0.02235
V793	0.28442	0.2751	0.06395	0.09178	0.28475
V794	0.00421	0.00964	0.09473	0.20015	0.69126
V795	0.08965	0.83987	0.04777	0	0.02272
V796	0.25643	0.43658	0.13065	0.12517	0.05117
V797	0.10546	0	0	0.0845	0.81004
V798	0.09581	0.50883	0.02602	0.08744	0.2819
V799	0.0135	0.16862	0.05475	0.63074	0.1324
V800	0.01442	0	0.00874	0.16663	0.81021
V801	0.35882	0.00575	0.13573	0.41558	0.08412
V802	0.01688	0.17684	0.01623	0.07156	0.71849
V803	0.28194	0.02896	0.00412	0.58765	0.09733
V804	0.17221	0.17511	0.21859	0.33922	0.09487
V805	0.12263	0.14666	0.45952	0.14714	0.12406
V806	0.43836	0.01747	0.20831	0.06127	0.27458
V807	0.69411	0	0.07286	0.0402	0.19283
V808	0.81514	0.00377	0.05717	0	0.12392
V809	0.15551	0.61744	0.0458	0.02862	0.15263
V810	0.01312	0.05093	0.0377	0.43905	0.45919
V811	0.03241	0.08225	0.01989	0.14652	0.71892
V812	0.00291	0.66456	0.22284	0.06508	0.04461
V813	0.01424	0.20548	0.21345	0.03796	0.52887
V814	0.15901	0.5734	0.09002	0.13406	0.04352
V815	0.18465	0.70381	0.05805	0.03665	0.01684
V816	0.00395	0.52915	0.02767	0.35926	0.07998
V817	0.78425	0.03926	0.17138	0	0.00511
V818	0.02165	0.20261	0.35511	0.05046	0.37017
V819	0.94637	0.01958	0.02188	0	0.01217
V820	0.04556	0.38002	0.14103	0.35611	0.07728
V821	0	0	0	0.0889	0.9111
V822	0.17007	0.00626	0.01238	0.72694	0.08434
V823	0.02979	0.07232	0.21457	0.04929	0.63403
V824	0.04979	0.01501	0.01729	0.0762	0.8417
V825	0.13089	0.01813	0.68466	0.15154	0.01477
V826	0.03034	0.03627	0.92603	0.00527	0.00209
V827	0.31553	0.16155	0	0.36071	0.16221
V828	0.20158	0.14005	0.10824	0.07779	0.47233
V829	0.06786	0.08545	0.31107	0.17329	0.36232
V830	0.12736	0.0293	0.70396	0.01324	0.12615
V831	0.0064	0.7432	0.0787	0.12755	0.04415
V832	0.17205	0	0.06285	0.24556	0.51953
V833	0.14274	0.774	0.03665	0	0.0466
V834	0.71132	0.15507	0.04653	0.00732	0.07976
V835	0.21837	0.30389	0.10591	0.24601	0.12583
V836	0.34813	0.08438	0.47613	0.07483	0.01654
V837	0.0102	0.821	0.04619	0.0348	0.08781
V838	0	0	0.07795	0.81485	0.1072
V839	0.02268	0.01674	0.0669	0.07443	0.81924
V840	0.93395	0.00896	0.03759	0	0.0195
V841	0.19837	0.03498	0.76188	0	0.00476
V842	0.50602	0.05288	0.23018	0.17307	0.03784
V843	0.41932	0.00505	0.15475	0.07651	0.34437
V844	0.00185	0.18652	0.77363	0.00864	0.02935
V845	0.01228	0	0	0.57766	0.41006
V846	0.08424	0.02885	0.09295	0.10749	0.68647
V847	0.17026	0	0.04623	0.15387	0.62964
V848	0.70696	0.03708	0.00761	0.07914	0.16921
V849	0.1166	0.06214	0.71907	0	0.10219
V850	0.18571	0.03427	0.30149	0.14956	0.32897
V851	0.97421	0.00076	0.00549	0	0.01954
V852	0.2026	0.05375	0.07889	0.18161	0.48314
V853	0.01836	0.13739	0.62445	0.12	0.0998
V854	0.02568	0.34365	0.26064	0.0805	0.28952
V855	0.07647	0.39917	0.11061	0.2846	0.12915
V856	0.12156	0.38151	0.06724	0.02385	0.40584
V857	0.05845	0.03795	0.17425	0.40198	0.32737
V858	0.00707	0.34662	0.20576	0.19559	0.24497
V859	0.11513	0.0058	0.02067	0.73235	0.12605
V860	0.02258	0.14682	0.07251	0.61764	0.14046
V861	0.12438	0.02048	0.13893	0.63714	0.07908
V862	0.04667	0	0.01358	0.14547	0.79428
V863	0.01072	0.90354	0.05037	0.00206	0.03331
V864	0.02902	0.02238	0.89727	0.04569	0.00565
V865	0.0678	0.01844	0.67196	0.21994	0.02186
V866	0.0179	0.06369	0.66234	0.20661	0.04945
V867	0.52108	0.02592	0.00397	0.01584	0.43318
V868	0.20168	0.24016	0.43274	0.08964	0.03578
V869	0.00314	0	0.01286	0.09196	0.89204
V870	0.23695	0.17419	0.08691	0.23454	0.26741
V871	0.02178	0.03797	0.09447	0.13628	0.7095
V872	0.36276	0.04432	0.01198	0.46762	0.11331
V873	0.03427	0.33617	0.16938	0.34378	0.1164
V874	0.06788	0.03295	0.00239	0.08031	0.81648
V875	0	0.17748	0.02601	0.46201	0.3345
V876	0.42346	0.05898	0.06036	0.03053	0.42667
V877	0.18654	0.65207	0.06533	0.06761	0.02845
V878	0.00479	0.69882	0.07025	0.1845	0.04165
V879	0.91037	0.04782	0.02178	0	0.02004
V880	0.06059	0.07158	0.02892	0.41081	0.42811
V881	0.00214	0.01035	0.51996	0.02857	0.43897
V882	0.0213	0.49319	0.03425	0.40435	0.0469
V883	0.47296	0.18944	0.01895	0.16828	0.15036
V884	0	0	0	0.09576	0.90424
V885	0.14085	0.07179	0.40319	0.10959	0.27458
V886	0	0	0.02124	0.24379	0.73496
V887	0.05393	0.86608	0.04037	0	0.03962
V888	0.04182	0.10224	0.06109	0.65034	0.14451
V889	0.08078	0.81313	0.07109	0.01165	0.02336
V890	0.01984	0.00735	0.14692	0.61819	0.20771
V891	0	0.06901	0.92831	0	0.00268
V892	0.55014	0.25496	0.0315	0	0.1634
V893	0.12227	0.19592	0.53763	0.0635	0.08068
V894	0.06805	0.54253	0.07097	0.23532	0.08313
V895	0.66548	0.00924	0.31387	0	0.01141
V896	0.18401	0.2374	0.26374	0.27676	0.03809
V897	0	0	0.03641	0.72832	0.23527
V898	0.33741	0	0.00777	0.05694	0.59788
V899	0.52048	0.33378	0.10383	0	0.04191
V900	0.22811	0.2494	0.3061	0.17127	0.04512
V901	0.64423	0.05943	0.00743	0.16857	0.12034
V902	0.83572	0.05208	0.02766	0.01928	0.06525
V903	0.2522	0.07636	0.07769	0.48997	0.10378
V904	0.69086	0.10789	0.17857	0	0.02268
V905	0.00704	0.31255	0.07643	0.31036	0.29363
V906	0.12822	0.05147	0.47644	0.07506	0.26881
V907	0.68694	0.12408	0.08107	0.04372	0.06419
V908	0.00738	0.34426	0.06226	0.46492	0.12119
V909	0.00454	0.11163	0.01618	0.69256	0.17508
V910	0.63975	0.18481	0.0212	0.04992	0.10433
V911	0.02261	0.261	0.53459	0.00729	0.1745
V912	0.02083	0.01118	0.14693	0.11139	0.70966
V913	0.12394	0.0173	0.0764	0.64	0.14236
V914	0.7488	0.03958	0.0165	0.11115	0.08397
V915	0.15555	0.16962	0.05453	0.04581	0.57448
V916	0.76205	0.02254	0.13103	0	0.08438
V917	0.39243	0.034	0	0.04222	0.53135
V918	0.55559	0.15556	0.24852	0.01033	0.03001
V919	0.39633	0.17354	0.01645	0.26359	0.15009
V920	0.16857	0	0.127	0.62671	0.07773
V921	0.1569	0.17719	0.11719	0.03146	0.51726
V922	0.0276	0.01837	0.69529	0.0062	0.25254
V923	0.1143	0.46797	0.03938	0.05999	0.31836
V924	0.48257	0.11783	0	0.24054	0.15906
V925	0.12247	0.12567	0.50499	0.14487	0.102
V926	0.008	0.00607	0.00232	0.09242	0.89119
V927	0.4957	0.27329	0.13543	0.06765	0.02794
V928	0.09323	0.26939	0.23527	0.16798	0.23413
V929	0.03528	0.24521	0.01155	0.05578	0.65218
V930	0.05459	0	0.05405	0.07239	0.81897
V931	0.43931	0.13884	0.01515	0.05501	0.35169
V932	0.03175	0.09994	0.04679	0.31235	0.50917
V933	0.26321	0	0.04757	0.27318	0.41604
V934	0.64045	0.06855	0.291	0	0
V935	0.54758	0.11844	0.14555	0.04586	0.14257
V936	0.28842	0.06919	0.12808	0.41932	0.09498
V937	0.09733	0.70774	0.12932	0.02526	0.04035
V938	0.0457	0.88996	0.05823	0	0.00611
V939	0	0	0.00556	0.31933	0.6751
V940	0.52728	0.08339	0.09238	0.04961	0.24734
V941	0.00345	0.12118	0.12662	0.44382	0.30493
V942	0.71483	0.25871	0.01871	0	0.00776
V943	0.0319	0.08216	0.05228	0.0744	0.75927
V944	0.32324	0.02645	0.1268	0.45467	0.06885
V945	0.03183	0.26828	0.60656	0.02636	0.06697
V946	0.00906	0.4877	0.4942	0	0.00905
V947	0.3453	0.01906	0.02457	0.13238	0.47869
V948	0.04259	0.70599	0.06736	0.09887	0.0852
V949	0.84833	0.10741	0.0401	0	0.00416
V950	0.0536	0.00665	0.02234	0.81972	0.09769
V951	0.28777	0.01548	0	0.49435	0.2024
V952	0.11283	0.02569	0.04733	0.60916	0.205
V953	0.45501	0.10015	0.00564	0.34975	0.08945
V954	0.19737	0.54232	0.08734	0.05335	0.11962
V955	0.05754	0.0148	0.58497	0.30217	0.04051
V956	0.01029	0.48155	0.11537	0.32758	0.0652
