Neutrophils	Monocytes_CD14.CD16.	Macrophage	T_cells_.CD4..	NK_cells
V1	0.3721	0.10436	0.25068	0.13185	0.14101
V2	0.09061	0.7787	0.03191	0.04304	0.05574
V3	0.08146	0	0.45502	0.42955	0.03397
V4	0.01763	0	0.21999	0.08668	0.6757
V5	0.0196	0	0.04747	0.1329	0.80004
V6	0.37964	0	0.27555	0.22528	0.11954
V7	0.02058	0	0.41875	0.09522	0.46546
V8	0.01016	0	0.9161	0.06495	0.0088
V9	0.07064	0	0.2624	0.62773	0.03923
V10	0.51648	0	0.46968	0	0.01384
V11	0.04449	0	0.09317	0.10124	0.7611
V12	0.09309	0	0.21073	0.31192	0.38426
V13	0.15044	0.02958	0.03143	0.41701	0.37154
V14	0.1788	0	0.06434	0.63508	0.12179
V15	0.04288	0.00975	0	0.86699	0.08038
V16	0.62118	0.05868	0.00269	0.29963	0.01782
V17	0.08382	0.22993	0.00473	0.08199	0.59953
V18	0.11922	0.41726	0.24702	0.19181	0.02469
V19	0.03507	0	0	0.14376	0.82117
V20	0	0	0.75148	0.22278	0.02574
V21	0.04275	0.24181	0.11925	0.1709	0.42529
V22	0.86891	0.05783	0.05783	0	0.01543
V23	0.088	0	0.01559	0.16098	0.73543
V24	0.48188	0.10589	0.00853	0.05098	0.35271
V25	0.03929	0.01276	0.00988	0.41963	0.51844
V26	0.50909	0.18988	0.04875	0.03845	0.21383
V27	0.15405	0.49063	0.16517	0.00806	0.18209
V28	0.05184	0.05256	0.20659	0.62017	0.06883
V29	0.0101	0	0.33458	0.60537	0.04994
V30	0.77974	0.08824	0.01689	0.01354	0.10158
V31	0.4558	0.13404	0.00111	0.22012	0.18893
V32	0.95661	0	0	0	0.04339
V33	0.04048	0.18173	0.00644	0.13722	0.63414
V34	0.15252	0.83007	0	0	0.01741
V35	0.1292	0.60999	0.23532	0.01379	0.01171
V36	0.04546	0.15116	0.1564	0.1116	0.53539
V37	0.76232	0	0	0.01054	0.22714
V38	0.14326	0	0.48675	0.20455	0.16543
V39	0.36457	0	0.33036	0.01822	0.28685
V40	0.25779	0.61325	0	0.08317	0.04579
V41	0.08631	0.82852	0	0	0.08517
V42	0.91662	0.01175	0.01209	0	0.05955
V43	0.54248	0.09054	0.3528	0.00738	0.0068
V44	0.05905	0.25882	0.56182	8e-04	0.11951
V45	0.07354	0.67143	0.0762	0.1204	0.05844
V46	0.14958	0.75693	0.0469	0.01654	0.03004
V47	0	0	0.98643	0	0.01357
V48	0.19721	0.10695	0.21937	0.32639	0.15009
V49	0.52105	0.12178	0.22277	0.12117	0.01323
V50	0.02694	0	0.97025	0	0.00282
V51	0.12792	0.24592	0.18308	0.07467	0.36842
V52	0.09031	0.88897	0	0	0.02072
V53	0.0524	0.17185	0.0014	0.71784	0.05649
V54	0.23552	0	0.00167	0.54256	0.22025
V55	0.093	0	0	0.84143	0.06557
V56	0.08605	0	0	0.74573	0.16823
V57	0.18869	0.08409	0.57668	0.02269	0.12785
V58	0.07368	0	0.11973	0.22298	0.58361
V59	0.91549	0	0.08126	0	0.00326
V60	0.4669	0.18965	0.11375	0.1131	0.11661
V61	0.20488	0	0.01809	0.2361	0.54093
V62	0.07146	0	0.28998	0.15694	0.48162
V63	0.42726	0.24565	0.0488	0.03581	0.24248
V64	0.98367	0	0.01166	0	0.00466
V65	0.11021	0.06561	0.03388	0.60899	0.1813
V66	0.04117	0	0.13133	0.76586	0.06165
V67	0.01463	0	0.32369	0.12277	0.53891
V68	0.50378	0	0.39104	0.02463	0.08055
V69	0.64928	0.08869	0.19425	0.00659	0.06119
V70	0.09728	0.71149	0.02452	0.13022	0.03649
V71	0.13135	0.77582	0.02291	0.04479	0.02514
V72	0.06471	0.38263	0.01159	0.0559	0.48517
V73	0.07234	0	0.09409	0.57424	0.25932
V74	0.03328	0.05139	0.00382	0.77473	0.13678
V75	0.52573	0.15555	0.30555	0	0.01317
V76	0.02528	0	0.01229	0.83667	0.12576
V77	0.01776	0	0.94607	0.02939	0.00678
V78	0	0	0.98409	0	0.01591
V79	0.10711	0.39053	0.02679	0.14269	0.33288
V80	0.15589	0.71337	0	0.03962	0.09111
V81	0.00721	0	0.98918	0	0.00361
V82	0.27191	0.15472	0.02109	0.51145	0.04082
V83	0.12052	0.0643	0.01558	0.53591	0.2637
V84	0.10889	0.14678	0	0.09064	0.65369
V85	0	0	0.99326	0	0.00674
V86	0.05089	0.23853	0.30439	0.3713	0.03489
V87	0.50222	0	0.03425	0.4239	0.03963
V88	0.33813	0.14672	0.04279	0.19429	0.27807
V89	0.06601	0.04585	0.85417	0.02742	0.00655
V90	0.03807	0.16134	0.04753	0.13506	0.61799
V91	0.0227	0	0.07761	0.83638	0.06332
V92	0.25099	0.01518	0.02032	0.08852	0.62499
V93	0.03077	0.06247	0.16091	0.51673	0.22911
V94	0.05848	0.15426	0.01423	0.2544	0.51862
V95	0.0826	0.21268	0.01261	0.13137	0.56074
V96	0.82722	0	0.01276	0.01844	0.14158
V97	0.17533	0.0058	0.03785	0.14937	0.63164
V98	0.08218	0.36074	0.16516	0.12645	0.26547
V99	0.54634	0.11814	0	0.20505	0.13047
V100	0.56829	0.14468	0.04076	0.05052	0.19575
V101	0.09875	0.88158	0	0	0.01967
V102	0.34418	0.22675	0.12398	0.10365	0.20144
V103	0.12659	0	0	0.1007	0.77271
V104	0.07464	0.3929	0.06883	0.0512	0.41243
V105	0.02355	0	0.0332	0.1416	0.80166
V106	0.08774	0.74405	0.12394	0	0.04427
V107	0.07513	0.17687	0.69802	0.03455	0.01542
V108	0.03722	0.12672	0.83194	0	0.00411
V109	0.08279	0.20102	0.04717	0.28202	0.38699
V110	0.21394	0.50094	0.16701	0.09087	0.02724
V111	0.3315	0.1916	0.4769	0	0
V112	0.19517	0	0.09572	0.47197	0.23715
V113	0.24756	0	0.09062	0.17487	0.48695
V114	0.61545	0.05424	0.04192	0.16225	0.12615
V115	0.89273	0	0	0.00028	0.10698
V116	0.02242	0	0	0.11877	0.8588
V117	0.05548	0	0.83832	0.07315	0.03306
V118	0.05955	0	0	0.85313	0.08732
V119	0.37237	0	0.39653	0.22205	0.00905
V120	0.00629	0	0.84281	0.10464	0.04627
V121	0.22358	0.70234	0	0.00155	0.07253
V122	0.06428	0.38091	0.07243	0.22792	0.25446
V123	0.53342	0.0139	0.06927	0.18785	0.19557
V124	0.2358	0.0905	0.05397	0.23459	0.38514
V125	0.07184	0.42888	0.48387	0	0.01541
V126	0.1823	0.16029	0.20853	0.12692	0.32196
V127	0.30553	0	0.65288	0.0337	0.00789
V128	0.23333	0.74072	0	0	0.02595
V129	0.30188	0	0.26683	0.18097	0.25032
V130	0.06382	0.50283	0.02791	0.21187	0.19357
V131	0.02766	0	0.23314	0.69238	0.04682
V132	0.37708	0	0	0.33834	0.28458
V133	0.02044	0.00438	0.56545	0.106	0.30372
V134	0.08254	0	0.80337	0.02056	0.09353
V135	0.04219	0.04588	0.75871	0.02716	0.12606
V136	0.99324	0	0	0	0.00676
V137	0.94964	0.00569	0	0.0121	0.03258
V138	0.27293	0.12253	0.0697	0.15065	0.38419
V139	0.13876	0	0.15183	0.66065	0.04876
V140	0.0319	0	0.13767	0.09559	0.73485
V141	0.0414	0.18037	0.67207	0.0869	0.01925
V142	0.22622	0	0.31397	0.14378	0.31603
V143	0.04152	0.16229	0.48825	0.14566	0.16229
V144	0.54398	0.20568	0.05774	0.10495	0.08765
V145	0	0	0.96688	0.00719	0.02593
V146	0.06298	0.33801	0	0.30358	0.29543
V147	0.12444	0.01015	0.72354	0.09966	0.04221
V148	0.18917	0.76305	0	0.01676	0.03102
V149	0.02693	0	0	0.85315	0.11992
V150	0.1784	0.15206	0.59286	0	0.07668
V151	0.47032	0	0.00107	0.39133	0.13728
V152	0.02718	0	0.1082	0.73702	0.1276
V153	0.20632	0.14848	0.45925	0.04794	0.13801
V154	0.1497	0.58156	0.00852	0.03703	0.22319
V155	0.05206	0	0.13044	0.75693	0.06057
V156	0.1175	0	0.39662	0.16868	0.3172
V157	0.11321	0.0137	0.16375	0.29642	0.41292
V158	0.20975	0	0.43191	0.06124	0.2971
V159	0.14445	0.22171	0.00565	0.55518	0.07302
V160	0.48957	0.13995	0.08404	0.04932	0.23712
V161	0.22572	0	0.05205	0.07641	0.64583
V162	0	0	0.99507	0	0.00493
V163	0.06084	0	0.00405	0.13172	0.80339
V164	0.96645	0.02728	0.00627	0	0
V165	0.64809	0.19678	0.07278	0.03454	0.04781
V166	0.06589	0	0.23515	0.57818	0.12078
V167	0.07291	0.6389	0.00271	0.12025	0.16523
V168	0	0	0.99507	0	0.00493
V169	0.09336	0.67996	0.13488	0.061	0.03081
V170	0.27902	0.38101	0.0419	0.17403	0.12403
V171	0.36008	0.04422	0.36997	0.16677	0.05895
V172	0.20152	0.20428	0.05928	0.06398	0.47094
V173	0.24375	0.08349	0.08481	0.39495	0.193
V174	0.22955	0	0.34257	0.20647	0.22141
V175	0.09702	0.12189	0.11036	0.20546	0.46526
V176	0.41063	0	0	0.55472	0.03464
V177	0.22957	0	0.5907	0.16396	0.01577
V178	0.32551	0	0.47246	0.10905	0.09298
V179	0.10434	0	0	0.10449	0.79117
V180	0.03415	0	0.33017	0.06775	0.56793
V181	0.08647	0.25555	0	0.10564	0.55233
V182	0.59848	0.21627	0	0.13622	0.04903
V183	0.10739	0.86775	0	0	0.02486
V184	0.35697	0	0.29302	0.31034	0.03967
V185	0.13404	0.47589	0.00967	0.14186	0.23854
V186	0.1581	0.16681	0.02025	0.26213	0.39271
V187	0.1158	0.67836	0	0.17412	0.03172
V188	0.89624	0.00068	0.02713	0.06571	0.01023
V189	0.49779	0.23291	0.02506	0.22166	0.02257
V190	0.45531	0.03096	0.21051	0.03113	0.27209
V191	0.24761	0.21539	0	0.3955	0.1415
V192	0.36024	0.17372	0.11739	0.20293	0.14571
V193	0.09882	0.17013	0.52508	0.04532	0.16065
V194	0.28561	0.02382	0.07933	0.13841	0.47282
V195	0.62514	0.14071	0.22969	0	0.00446
V196	0.01632	0	0.04528	0.13366	0.80474
V197	0.10653	0.8473	0	0.01854	0.02763
V198	0.2567	0.21178	0.02615	0.20781	0.29755
V199	0.79997	0	0.20003	0	0
V200	0.78833	0	0.01497	0.02259	0.17412
V201	0.05168	0	0.01345	0.69336	0.2415
V202	0.95748	0.03403	0	0	0.00849
V203	0.56298	0.2392	0.01574	0.04868	0.1334
V204	0.35702	0.05609	0.02566	0.05241	0.50882
V205	0.131	0.00334	0.10947	0.13273	0.62346
V206	0.0693	0.0916	0	0.7451	0.094
V207	0.04288	0.00975	0	0.86699	0.08038
V208	0.19522	0.18378	0.4791	0.04219	0.09971
V209	0.17184	0	0.08747	0.10034	0.64035
V210	0	0	0.98423	0	0.01577
V211	0.17212	0	0.19078	0.08484	0.55226
V212	0.0987	0.74604	0.05601	0.0302	0.06904
V213	0.10825	0	0.04865	0.28766	0.55544
V214	0.05942	0.53448	0.36685	0.00446	0.0348
V215	0.27986	0.20203	0.12436	0.0943	0.29945
V216	0.0744	0	0.32146	0.09142	0.51271
V217	0.02095	0	0.0184	0.80958	0.15107
V218	0.10343	0.16622	0.28466	0.33209	0.11361
V219	0.16633	0.25032	0.38367	0.1792	0.02048
V220	0.2253	0.71739	0.03857	0	0.01874
V221	0.06528	0.0152	0.50145	0.04513	0.37294
V222	0.0315	0	0	0.12392	0.84458
V223	0.5746	0	0.30584	0.10249	0.01707
V224	0.07521	0.53705	0.01069	0.09305	0.284
V225	0.74839	0.13614	0.11492	0	0.00055
V226	0.48066	0.50714	0	0	0.01221
V227	0.12442	0.2644	0	0.53798	0.0732
V228	0.64133	0	0.26426	0.05594	0.03847
V229	0.31167	0.37752	0.24458	0.02958	0.03664
V230	0.02809	0	0	0.12399	0.84792
V231	0.10041	0.60524	0.04278	0.15148	0.10009
V232	0.8341	0	0.1659	0	0
V233	0.07368	0	0.13723	0.15363	0.63545
V234	0.05102	0.3725	0.20335	0.32205	0.05107
V235	0.99203	0	0	0.0028	0.00517
V236	0.09463	0	0.65293	0.18774	0.06471
V237	0.15505	0.04637	0.26372	0.32087	0.21399
V238	0.02205	0	0	0.31872	0.65923
V239	0.09759	0.39534	0.0356	0.17919	0.29228
V240	0.10424	0.81533	0	0.01022	0.07021
V241	0.08984	0.88419	0	0	0.02596
V242	0.06627	0.308	0.28683	0.25769	0.08121
V243	0.51662	0	0.3139	0.02603	0.14345
V244	0.06275	0.38999	0.17322	0.09468	0.27935
V245	0.0885	0.87016	0.01	0.01098	0.02036
V246	0.63882	0.25208	0.01517	0	0.09393
V247	0.23671	0.04606	0.63951	0.04166	0.03606
V248	0.12901	0.58847	0.00901	0.02653	0.24697
V249	0.28366	0.03294	0.19717	0.12304	0.36319
V250	0.03211	0	0.65797	0.05333	0.25658
V251	0.25031	0	0.08745	0.57412	0.08812
V252	0.0464	0.07703	0.56555	0.15613	0.15489
V253	0.32968	0.55504	0.06321	0.0273	0.02477
V254	0.54413	0.37026	0	0.06121	0.0244
V255	0.84671	0.05531	0	0.01205	0.08593
V256	0.07967	0.73989	0.0015	0.01639	0.16254
V257	0.48119	0.28147	0.12811	0.02671	0.08253
V258	0.19703	0.32486	0.03695	0.4046	0.03655
V259	0.57254	0.24797	0.15991	0	0.01958
V260	0.28336	0.00235	0.09757	0.12427	0.49246
V261	0.03303	0	0.51598	0.2962	0.1548
V262	0.95253	0	0.04234	0	0.00513
V263	0.84336	0.05986	0.0033	0.08748	0.006
V264	0.10633	0.84873	0	0.02448	0.02047
V265	0.86846	0.05818	0.06704	0	0.00632
V266	0.02478	0	0.06936	0.12104	0.78482
V267	0.06103	0	0	0.21625	0.72272
V268	0.23567	0.42107	0.1233	0.15754	0.06242
V269	0.12241	0.30822	0.34712	0.17479	0.04747
V270	0.06889	0	0.02762	0.84029	0.0632
V271	0.25368	0.69267	0	0.01062	0.04303
V272	0.14108	0.79117	0.00753	0.00684	0.05338
V273	0.31971	0	0.16779	0.32592	0.18659
V274	0.11155	0.01787	0.03113	0.24203	0.59742
V275	0.08406	0.68941	0.12602	0.06881	0.0317
V276	0.01347	0	0.71651	0.22679	0.04324
V277	0.39619	0	0.57845	0	0.02536
V278	0.02431	0.00053	0.3474	0.46102	0.16673
V279	0.16965	0	0.00485	0.72064	0.10486
V280	0.22375	0	0.03281	0.60356	0.13988
V281	0.05521	0.2243	0.03497	0.63033	0.05519
V282	0.09841	0.87624	0	0	0.02535
V283	0.37281	0	0.09583	0.06695	0.46441
V284	0.04677	0.08415	0.53171	0.02808	0.3093
V285	0.53343	0.4394	0	0.01104	0.01613
V286	0.0951	0	0.86625	0.02615	0.0125
V287	0.27952	0.03604	0.16335	0.29419	0.22689
V288	0.22282	0	0.62781	0.00709	0.14228
V289	0.19204	0.22217	0.01326	0.52869	0.04384
V290	0.45756	0.4297	0.11228	0	0.00046
V291	0.44772	0.19926	0	0.32371	0.02932
V292	0.13792	0	0.39735	0.07071	0.39402
V293	0.02056	0.05937	0.85257	0.04081	0.02668
V294	0.0222	0	0	0.11861	0.85919
V295	0.03162	0	0.33386	0.51509	0.11943
V296	0.88019	0.08792	0	0	0.03189
V297	0.02196	0	0.79911	0.12323	0.05569
V298	0.31736	0	0	0.53154	0.1511
V299	0.29544	0	6e-04	0.66112	0.04284
V300	0.99743	0	0	0	0.00257
V301	0.97941	0	0	0.00959	0.01099
V302	0.02277	0	0	0.42721	0.55002
V303	0.13494	0.14793	0.20256	0.19336	0.3212
V304	0.21685	0	0.76035	0	0.0228
V305	0.23784	0.30157	0.07723	0.11457	0.2688
V306	0.34929	0.6232	0	0.00082	0.0267
V307	0.26681	0	0.26643	0.44392	0.02284
V308	0.26257	0	0.66716	0.06032	0.00994
V309	0.69085	0.03923	0.04153	0.10856	0.11984
V310	0.04791	0.00179	0.00147	0.17624	0.77259
V311	0.03132	0	0.03684	0.85573	0.07612
V312	0.11353	0.22208	0.23192	0.03871	0.39375
V313	0.09064	0.28769	0.0042	0.30999	0.30749
V314	0.0986	0	0	0.39669	0.50471
V315	0.97236	0	0	0	0.02764
V316	0.14603	0.53747	0.22164	0.0222	0.07266
V317	0.43833	0.03163	0.51144	0	0.0186
V318	0.9189	0	0	0	0.0811
V319	0.13267	0	0.8636	0.00031	0.00342
V320	0.09996	0	0	0.82812	0.07192
V321	0.17051	0.31942	0.29233	0.17944	0.03829
V322	0.03455	0.22712	0.57298	0.04933	0.11602
V323	0.29234	0.1794	0.4277	0.01468	0.08588
V324	0.06399	0.02681	0.0395	0.80177	0.06793
V325	0.67483	0.08148	0.07545	0.1005	0.06775
V326	0.06251	0	0.04654	0.19682	0.69413
V327	0.36207	0.46906	0.08917	0.01166	0.06803
V328	0.07899	0.28424	0.15601	0.43324	0.04752
V329	0.02443	0.01174	0.40733	0.51302	0.04349
V330	0.09324	0	0.85421	0	0.05255
V331	0.15069	0	0.08001	0.1484	0.6209
V332	0.5235	0	0.45132	0	0.02519
V333	0.45354	0	0.3032	0.15023	0.09303
V334	0.07066	0.25296	0.55271	0.07172	0.05195
V335	0.75985	0.02674	0.07426	0.02821	0.11094
V336	0.19788	0.55109	0.23189	0	0.01914
V337	0.02155	0	0.00645	0.22278	0.74922
V338	0.75722	0	0.14089	0.00989	0.092
V339	0.24237	0.51492	0.16008	0	0.08263
V340	0.05524	0.13976	0.09987	0.113	0.59213
V341	0.05392	0.46372	0.41383	0.00161	0.06693
V342	0.34263	0.11113	0.45065	0.09096	0.00463
V343	0.72852	0	0.27148	0	0
V344	0.1374	0.73059	0.02286	0.01867	0.09047
V345	0.23881	0.02699	0	0.30132	0.43287
V346	0.06542	0.29729	0.30909	0.2731	0.05511
V347	0.11763	0.51973	0.01063	0.285	0.06701
V348	0.03871	0.10394	0.45227	0.24412	0.16096
V349	0.09426	0.27147	0.52103	0.01286	0.10038
V350	0.14298	0.40864	0.07032	0.21978	0.15827
V351	0.21009	0	0.44563	0.31122	0.03306
V352	0.14362	0.51765	0.32437	0	0.01437
V353	0.27831	0.31201	0.02401	0.06452	0.32115
V354	0.60305	0	0.39695	0	0
V355	0.1079	0	0.34154	0.51218	0.03839
V356	0.10645	0	0.84336	0.01246	0.03773
V357	0.06136	0	0.51267	0.06094	0.36503
V358	0.05265	0.01728	0.03154	0.82661	0.07192
V359	0.08134	0.10532	0.00161	0.75448	0.05726
V360	0.76344	0.0179	0.08496	0.1286	0.0051
V361	0.36889	0.46339	0.07086	0	0.09686
V362	0.8427	0	0.08103	0	0.07628
V363	0.04877	0.01151	0.00105	0.21094	0.72772
V364	0.06957	0.28232	0.01389	0.41965	0.21457
V365	0.02642	0	0.00432	0.8686	0.10066
V366	0.24306	0	0.60793	0.05814	0.09086
V367	0.26277	0.19957	0.19847	0.16538	0.17381
V368	0.79272	0.05651	0.11708	0	0.0337
V369	0.0784	0.6343	0.21182	0.06006	0.01543
V370	0.04608	0.13848	0.11539	0.36721	0.33284
V371	0.09719	0.86101	0.02579	0	0.01601
V372	0.70361	0.03732	0.14007	0.0933	0.02569
V373	0.15397	0.64204	0.10828	0.07341	0.0223
V374	0.12979	0.00978	0.39698	0.43824	0.02521
V375	0.33743	0	0.60512	0.05638	0.00107
V376	0.01571	0	0.38512	0.06936	0.5298
V377	0.12426	0.49927	0.19149	0.16067	0.0243
V378	0.16747	0.5295	0.15418	0.00312	0.14573
V379	0.03677	0	0.09679	0.15108	0.71535
V380	0.0386	0.02775	0.17138	0.50362	0.25864
V381	0.16308	0.02678	0	0.09115	0.719
V382	0.43126	0	0	0.2936	0.27514
V383	0.04789	0	0.27416	0.63685	0.04111
V384	0.33318	0.0155	0.16582	0.41037	0.07513
V385	0.10408	0.07701	0	0.09426	0.72466
V386	0.70379	0	0	0.27974	0.01647
V387	0.30849	0.00063	0	0.62454	0.06634
V388	0.09458	0.81582	0.01605	0.04626	0.02728
V389	0.15897	0.75074	0	0.02224	0.06805
V390	0.20195	0	0	0.6537	0.14435
V391	0.74024	0.13454	0	0.05926	0.06597
V392	0.98873	0.01036	0	0	0.00091
V393	0.12583	0	0.14805	0.5295	0.19662
V394	0.75084	0	0.01238	0.14236	0.09441
V395	0.01238	0	0.3826	0.55877	0.04626
V396	0.59315	0	0.40685	0	0
V397	0.71588	0.12054	0.02503	0.09485	0.0437
V398	0.07899	0	0.16249	0.63421	0.12431
V399	0.05989	0.00996	0	0.3052	0.62495
V400	0.20408	0.5215	0.13935	0.12064	0.01442
V401	0.35182	0	0.63271	0.01547	0
V402	0.41771	0	0.44567	0.05944	0.07718
V403	0.16761	0.05424	0	0.1843	0.59385
V404	0.02232	0.00868	0.50767	0.38805	0.07327
V405	0.38516	0.2498	0.05989	0.19906	0.10608
V406	0.02578	0	0.95356	0	0.02066
V407	0.93694	0.0122	0.02837	0.02078	0.00171
V408	0.06486	0.36744	0	0.25229	0.31541
V409	0.13185	0	0.05674	0.66571	0.14571
V410	0.15237	0.09912	0.31343	0.07399	0.36108
V411	0.02221	0	0	0.12583	0.85197
V412	0.04364	0.11825	0.11829	0.09441	0.62541
V413	0.05408	0.2434	0.14453	0.3553	0.20268
V414	0.06521	0.07262	0	0.46517	0.397
V415	0.16671	0	0	0.09338	0.7399
V416	0.12626	0.06821	0.01351	0.19645	0.59557
V417	0.01113	0	0.78695	0.12663	0.07528
V418	0.57564	0.38243	0.00725	0	0.03469
V419	0.26328	0	0.01168	0.16878	0.55626
V420	0.23723	0	0.08635	0.10232	0.57411
V421	0.01712	0	0.11593	0.13037	0.73659
V422	0.03669	0	0.04648	0.70283	0.21401
V423	0.3382	0.16491	0.28504	0.17771	0.03414
V424	0.00815	0	0.47451	0.05237	0.46498
V425	0.35894	0.35506	0	0.02504	0.26095
V426	0.27201	0.17523	0.01145	0.43409	0.10721
V427	0.24171	0.61493	0.13042	0	0.01294
V428	0.13264	0.63817	0.0578	0.07757	0.09382
V429	0.15868	0.75505	0	0.04631	0.03996
V430	0.04465	0	0.40306	0.21238	0.33991
V431	0.15105	0.36311	0.18876	0.22876	0.06832
V432	0.344	0.03816	0.12242	0.33873	0.15669
V433	0.22221	0	0.52672	0.21547	0.0356
V434	0.2833	0.257	0.36723	0.00711	0.08536
V435	0.61466	1e-05	0.36583	0.01366	0.00584
V436	0.09731	0.57868	0.0842	0.0543	0.1855
V437	0.20865	0	0.02054	0.21328	0.55754
V438	0.17137	0.29636	0.1911	0.26244	0.07873
V439	0.65501	0	0.03353	0.28204	0.02943
V440	0.05345	0.32606	0.55408	0.00809	0.05832
V441	0.0694	0.52586	0.36871	0.01689	0.01913
V442	0.09875	0.88351	0	0	0.01773
V443	0.97335	0	0	0.02253	0.00413
V444	0.19011	0.43805	0.01848	0.29639	0.05698
V445	0.10107	0.42036	0.02935	0.40056	0.04866
V446	0.1407	0.00785	0.09948	0.56386	0.18811
V447	0.08471	0	0.00391	0.46442	0.44696
V448	0.17358	0	0.00845	0.10492	0.71305
V449	0	0	0.99507	0	0.00493
V450	0.23907	0.05593	0.24314	0.15277	0.30909
V451	0.31126	0.1869	0.05322	0.32265	0.12597
V452	0.02912	0	0.16077	0.71418	0.09593
V453	0.03663	0	0	0.4734	0.48997
V454	0.01276	0	0.68815	0.04467	0.25442
V455	0.09044	0.20193	0.26691	0.07555	0.36517
V456	0.96126	0	0	0.00548	0.03325
V457	0.70183	0.19223	0.02385	0.04092	0.04116
V458	0.05524	0.34062	0.50626	0.04631	0.05158
V459	0.165	0.04062	0.04956	0.48457	0.26025
V460	0.73451	0.00252	0.19644	0.04454	0.022
V461	0.22294	0.28222	0.23049	0.02895	0.23541
V462	0.07549	0.06477	0.00788	0.5042	0.34765
V463	0.253	0.04394	0.00718	0.64524	0.05064
V464	0.20197	0.13925	0.64841	0	0.01038
V465	0.06304	0.07886	0.00715	0.11341	0.73754
V466	0.03753	0	0	0.18416	0.77832
V467	0.08954	0.25419	0.01447	0.51488	0.12692
V468	0.59299	0.28499	0.09588	0	0.02615
V469	0.05028	0.32171	0.0471	0.275	0.30591
V470	0.88179	0.03034	0.01909	0.05834	0.01044
V471	0.42322	0.28371	0.01619	0.1322	0.14468
V472	0.02774	0.01064	0.03507	0.11171	0.81483
V473	0.0602	0.19816	0.23913	0.31103	0.19148
V474	0.33394	0.1202	0.05521	0.42267	0.06798
V475	0.18593	0	0.59848	0.03748	0.17811
V476	0.19048	0.00769	0.09956	0.60162	0.10065
V477	0.09004	0.89165	0	0	0.0183
V478	0.18211	0	0	0.09126	0.72663
V479	0.88309	0.02969	0.02684	0.05067	0.00971
V480	0.17598	0.64587	0.03967	0.09194	0.04654
V481	0.27857	0.35992	0.05062	0.16939	0.14151
V482	0.15109	0.66019	0.16626	0	0.02246
V483	0.34598	0.51162	0	0.08337	0.05904
V484	0.25951	0.50519	0.10142	0.10577	0.02811
V485	0.71165	0.0493	0.11169	0.10105	0.02631
V486	0.08885	0.04116	0.28683	0.05926	0.5239
V487	0.17179	0.09374	0.42351	0.28605	0.02491
V488	0.44713	0.04674	0	0.32729	0.17885
V489	0.0314	0.18938	0.68893	0.06301	0.02728
V490	0.0123	0	0.76999	0.19427	0.02344
V491	0.06928	0.45114	0.03557	0.11645	0.32756
V492	0.06	0.13649	0.02717	0.69774	0.0786
V493	0.03402	0	0.00096	0.88276	0.08227
V494	0.35381	0	0.00612	0.52832	0.11175
V495	0.37474	0.19762	0.20688	0.15328	0.06748
V496	0.15132	0.00564	0.04661	0.08876	0.70768
V497	0.12031	0.00266	0.13849	0.16106	0.57749
V498	0.11516	0.83657	0.00851	0	0.03975
V499	0.06905	0.19993	0.24779	0.09648	0.38674
V500	0.14686	0.48647	0.09633	0.19469	0.07565
V501	0.0989	0.30252	0.00354	0.06933	0.52572
V502	0.17031	0.7751	0.02352	0.01471	0.01636
V503	0.48194	0	0.19933	0.14283	0.17589
V504	0.50158	0.18188	0	0.02722	0.28932
V505	0.64551	0	0.01005	0.09511	0.24933
V506	0.06253	0.50459	0.05153	0.04126	0.34008
V507	0.87655	0	0.01616	0.07491	0.03238
V508	0.06812	0.62236	0.1922	0.03294	0.08438
V509	0.08962	0.45376	0.12646	0.18331	0.14685
V510	0.44313	0.48516	0.0304	0.02502	0.01629
V511	0.09568	0.28466	0.512	0.03272	0.07493
V512	0.18566	0.44598	0.15861	0.04956	0.16019
V513	0.20645	0.66411	0.05535	0.0313	0.04279
V514	0.0201	0	0.20427	0.11576	0.65987
V515	0.1053	0.12288	0	0.71788	0.05394
V516	0.19858	0.36097	0.09961	0.30297	0.03787
V517	0.041	0.01636	0.05084	0.82118	0.07061
V518	0.46128	0	0.32264	0.17661	0.03947
V519	0.83578	0.03766	0	0.11183	0.01473
V520	0.11473	0.82609	0.00108	0.03802	0.02008
V521	0.2364	0	0.12791	0.59351	0.04218
V522	0.07493	0.1611	0.58201	0.1272	0.05476
V523	0.18194	0	0.77478	0.03205	0.01123
V524	0.37658	0	0.56369	0	0.05973
V525	0.04013	0.17995	0.02249	0.0942	0.66323
V526	0.05269	0	0.89118	0.01532	0.0408
V527	0.11837	0.46519	0.38203	0.00263	0.03177
V528	0.17859	0	0.01167	0.75768	0.05205
V529	0.24037	0	0.746	0	0.01363
V530	0.02561	0	0.89915	0.04131	0.03394
V531	0.21064	0.50339	0.07383	0.02332	0.18882
V532	0.09192	0.23506	0.28312	0.03352	0.35639
V533	0.27381	0	0	0.07705	0.64914
V534	0.15814	0.05482	0	0.70976	0.07728
V535	0.85711	0.09904	0.04198	0	0.00187
V536	0.1563	0.14705	0.3786	0.05073	0.26732
V537	0.03772	0.00212	0.01017	0.11451	0.83548
V538	0.64957	0.08749	0	0.03922	0.22371
V539	0.03576	0.10915	0.67385	0.09831	0.08294
V540	0.19743	0.4582	0.07515	0.05697	0.21225
V541	0.06508	0.38568	0.01147	0.07494	0.46283
V542	0.07211	0.33725	0.10437	0.3958	0.09046
V543	0.09005	0.05872	0.69791	0.04779	0.10552
V544	0.37843	0.16954	0.17209	0.07126	0.20868
V545	0.64934	0.34767	0	0	0.00299
V546	0.10859	0.75818	0.06414	0.00161	0.06748
V547	0.13014	0.75244	0	0.0755	0.04192
V548	0.03385	0.05377	0.00476	0.83155	0.07606
V549	0.02114	0	0.01448	0.23566	0.72872
V550	0.08425	0.81822	0.0736	0	0.02393
V551	0.03477	0	0	0.88961	0.07563
V552	0.23231	0	0.00976	0.10822	0.64971
V553	0.81627	0	0.0054	0.12608	0.05225
V554	0.14141	0.00498	0.51266	0.30601	0.03494
V555	0.08824	0.87161	0	0	0.04015
V556	0.10902	0.03418	0.05415	0.70054	0.10211
V557	0.34875	0.24046	0.02618	0.31409	0.07052
V558	0.01524	0	0.80512	0.14058	0.03907
V559	0.13519	0.40027	0.42744	0	0.0371
V560	0.66119	0.2174	0.12141	0	0
V561	0.73791	0	0.12191	0.00785	0.13233
V562	0.1447	0.02302	0.14733	0.14498	0.53997
V563	0.24988	0.24263	0.19575	0.11403	0.19771
V564	0.38075	0	0.05396	0.34155	0.22375
V565	0.02144	0	0.00684	0.14534	0.82638
V566	0.32797	0.12764	0.01855	0.31497	0.21088
V567	0.01799	0	0.97063	0	0.01138
V568	0.05752	0.20204	0.4373	0.28271	0.02044
V569	0.67795	0.0718	0.10246	0.10469	0.04311
V570	0.16162	0	0.28718	0.4504	0.1008
V571	0.29032	0	0.2289	0.33302	0.14776
V572	0.85674	0	0	0.00496	0.1383
V573	0.10601	0.03412	0.34694	0.37543	0.1375
V574	0.55942	0.27675	0.06486	0.07041	0.02856
V575	0.38878	0	0.11155	0.08453	0.41514
V576	0.08682	0.83807	0	0.00404	0.07108
V577	0.44309	0.48535	0.02235	0.03239	0.01682
V578	0.05054	0.12757	0.53296	0.21837	0.07057
V579	0.05796	0.49722	0.30298	0.02361	0.11822
V580	0.24834	0.53779	0.00035	0.1715	0.04202
V581	0.08701	0.4722	0.35842	0.06266	0.01971
V582	0.01252	0	0.98018	0	0.00731
V583	0.66213	0	0.33533	0.00255	0
V584	0.25587	0.48614	0.09067	0.0299	0.13741
V585	0.0891	0.74743	0.04805	0.04504	0.07038
V586	0.07896	0.76046	0.14243	0.00195	0.0162
V587	0.09267	0.65715	0	0.03687	0.21331
V588	0.2684	0.37666	0.34748	0	0.00746
V589	0.13335	0.41103	0.03686	0.36545	0.05331
V590	0.08972	0.74201	0	0.01501	0.15326
V591	0.48571	0.4797	0.02257	0	0.01202
V592	0.01778	0	0.76574	0.04162	0.17486
V593	0.44973	0	0	0.47041	0.07985
V594	0.02354	0.08628	0.67955	0.14318	0.06746
V595	0.57537	0.015	0.06173	0.29219	0.05571
V596	0.50574	0.1668	0.20093	0.09799	0.02854
V597	0.04959	0.17181	0	0.16621	0.61239
V598	0.59126	0	0	0.03074	0.378
V599	0.11017	0.4027	0.08244	0.34467	0.06003
V600	0.30876	0	0.18011	0.37098	0.14015
V601	0.16684	0.08326	0	0.46536	0.28454
V602	0.8534	0.1454	0	0	0.0012
V603	0.1516	0.11987	0.02039	0.17604	0.5321
V604	0.02721	0	0.72353	0.10806	0.1412
V605	0.04761	0.03543	0.1206	0.14089	0.65547
V606	0.84891	0	0	0.0059	0.14519
V607	0.17957	0.08563	0.0125	0.08515	0.63715
V608	0.78972	0	0.02262	0.07347	0.11418
V609	0.21838	0.30854	0.0021	0.36709	0.10387
V610	0.12371	0.6516	0	0.19262	0.03207
V611	0.30805	0	0.62347	0.01047	0.058
V612	0.42063	0.00718	0.30957	0.02635	0.23628
V613	0.43858	0.51882	0.02274	0.01031	0.00955
V614	0.56322	0.00382	0.00986	0.09359	0.32951
V615	0.03191	0.0751	0.13083	0.56067	0.2015
V616	0.70007	0	0.13883	0.11919	0.04191
V617	0.26477	0.02811	0.47348	0.09182	0.14183
V618	0.76059	0.0663	0.0572	0.00672	0.1092
V619	0.58419	0.00747	0.14818	0.01839	0.24177
V620	0.06469	0	0.37009	0.52406	0.04116
V621	0.16905	0.19221	0.28457	0.02758	0.32659
V622	0.04455	0.17625	0.33906	0.04848	0.39166
V623	0.08828	0	0	0.67373	0.23799
V624	0.92148	0	0	0.009	0.06951
V625	0.03127	0.04683	0.09738	0.76025	0.06427
V626	0.09487	0	0.57424	0.28707	0.04381
V627	0.12863	0.1292	0.10694	0.08631	0.54892
V628	0.98696	0	0	0.00912	0.00393
V629	0.15865	0.19924	0.62249	0.0072	0.01242
V630	0.03878	0.16002	0.01477	0.10516	0.68127
V631	0.01296	0	0.25565	0.08872	0.64267
V632	0.08921	0.7372	0	0.03391	0.13967
V633	0.07171	0	0.08334	0.5214	0.32356
V634	0.44156	0.42566	0.1306	0	0.00218
V635	0.06031	0.07512	0.17538	0.08903	0.60017
V636	0.23587	0.14303	0.31088	0.18098	0.12923
V637	0.24276	0	0.41419	0.23922	0.10382
V638	0.11053	0.44699	0.01	0.10065	0.33183
V639	0.55063	0.3806	0.06232	0	0.00645
V640	0.13584	0.16832	0.07312	0.24521	0.3775
V641	0.13728	0.70575	0.00814	0.10643	0.0424
V642	0.7851	0.00999	0	0.19311	0.0118
V643	0.09536	0.82782	0.04891	0.00962	0.01829
V644	0.0809	0.43891	0.01267	0.40074	0.06679
V645	0.19802	0.72777	0	0.0568	0.0174
V646	0.17126	0.52691	0.0172	0.19967	0.08496
V647	0.95952	0	0	0.03612	0.00436
V648	0.47616	0.08926	0	0.26167	0.17291
V649	0.29084	0.06649	0.06978	0.13983	0.43306
V650	0.04138	0	0.0542	0.84097	0.06345
V651	0.17835	0.20515	0	0.576	0.0405
V652	0.39849	0	0.02516	0.52861	0.04773
V653	0.38081	0	0.04484	0.50224	0.07211
V654	0.05208	0.05804	0	0.14684	0.74305
V655	0.19424	0.02372	0.31367	0.43547	0.0329
V656	0.12469	0	0	0.16941	0.7059
V657	0.07341	0.48756	0.02002	0.29062	0.12839
V658	0.05075	0.01291	0.0277	0.59887	0.30977
V659	0.03937	0.0024	0.07797	0.7592	0.12106
V660	0.08987	0.31447	0.01122	0.08726	0.49718
V661	0.08304	0.64454	0.00223	0.15245	0.11774
V662	0.06748	0.41326	0.01145	0.0511	0.45671
V663	1	0	0	0	0
V664	0.03411	0	0.1076	0.40777	0.45052
V665	0.06799	0.61761	0.19369	0.06648	0.05423
V666	0.13343	0.82609	0.02448	0	0.01601
V667	0.07202	0.53421	0.24697	0.08445	0.06235
V668	0.67107	0.22478	0.03973	0.03855	0.02588
V669	0.4971	0.2979	0.01579	0.07689	0.11232
V670	0.13044	0.60726	0.03231	0.03982	0.19017
V671	0.80538	0	0.18	0.01023	0.00438
V672	0.11607	0.04848	0.08491	0.32155	0.42899
V673	0.02835	0.00223	0	0.18676	0.78266
V674	0.41323	0.05445	0.49877	0	0.03355
V675	0.71577	0	0.02547	0.13905	0.1197
V676	0.29706	0.06057	0.50208	0	0.14029
V677	0.07624	0.26067	0.21758	0.35822	0.08729
V678	0.07836	0.29302	0.00408	0.08787	0.53666
V679	0.02444	0	0.47593	0.46088	0.03875
V680	0.18234	0	0.00899	0.36014	0.44853
V681	0.56919	0.005	0.03553	0.28145	0.10883
V682	0	0	0.99507	0	0.00493
V683	0.09559	0.14106	0.64386	3e-05	0.11946
V684	0.0822	0	0.00099	0.85095	0.06587
V685	0.01451	0	0.87395	0.09273	0.01881
V686	0.31678	0.59695	0.0551	0.00634	0.02484
V687	0.00622	0	0.60512	0.34655	0.0421
V688	0	0	0.97453	0	0.02547
V689	0.54304	0.02027	0.19298	0.1009	0.14282
V690	0.14288	0.8209	0.00086	0.01011	0.02524
V691	0.17362	0.12085	0.0415	0.59083	0.0732
V692	0.09644	0.00438	0.0107	0.74018	0.1483
V693	0.05536	0.48577	0.42201	0.0177	0.01917
V694	0.1183	0.18831	0.03199	0.55194	0.10946
V695	0.14732	0.08576	0.13513	0.07847	0.55333
V696	0.13215	0	0.74518	0.00553	0.11713
V697	0.13366	0.08197	0.32076	0.33054	0.13306
V698	0.02854	0	0.16266	0.09992	0.70888
V699	0.05711	0	0.04374	0.64352	0.25563
V700	0.10099	0.77796	0.05476	0	0.06629
V701	0.03901	0.1602	0.00691	0.09952	0.69436
V702	0.04779	0.11262	0.00085	0.64147	0.19727
V703	0.03981	0	0.02348	0.85958	0.07713
V704	0.0655	0.01739	0.3879	0.06686	0.46234
V705	0.96695	0	0	0	0.03305
V706	0.18684	0.1326	0.15667	0.41622	0.10767
V707	0.16635	0.10242	0.06474	0.2838	0.38268
V708	0.06193	0.56671	0.36084	0	0.01053
V709	0.02418	0	0.0253	0.11456	0.83595
V710	0.14866	0	0.47335	0.03009	0.34791
V711	0.06684	0	0.00925	0.1227	0.80121
V712	0.074	0	0.72409	0.17339	0.02852
V713	0.29454	0.40089	0.30004	0	0.00452
V714	0.06088	0	0	0.11264	0.82648
V715	0.03646	0.25151	0.6062	0.08564	0.0202
V716	0.76976	0.17142	0.00126	0.03164	0.02592
V717	0.42957	0.14113	0.11175	0.04014	0.27741
V718	0.70766	0	0.25515	0	0.03719
V719	0.44126	0.22275	0.09447	0.10744	0.13409
V720	0.14239	0.01398	0.08136	0.11185	0.65043
V721	0.03931	0	0.03732	0.12395	0.79942
V722	0.0545	0.2311	0.0501	0.4641	0.20021
V723	0.14375	0.21391	0.10598	0.47944	0.05692
V724	0.16579	0.64753	0.02395	0.13595	0.02677
V725	0.04141	0	0	0.11553	0.84306
V726	0.25538	0.48282	0.03992	0.0565	0.16537
V727	0.01039	0	0.96553	0	0.02408
V728	0.82954	0	0.11503	0.0483	0.00714
V729	0.658	0.09645	0.01759	0.20824	0.01972
V730	0.14717	0	0.38996	0.3771	0.08577
V731	0.02714	0	0.06151	0.84609	0.06527
V732	0.03434	0	0.00134	0.89043	0.07389
V733	0.04144	0	0.93868	0	0.01988
V734	0.55867	0.04659	0.35707	0.02318	0.0145
V735	0.09583	0.13031	0.20487	0.07767	0.49132
V736	0.02936	0.02288	0.00223	0.11441	0.83111
V737	1	0	0	0	0
V738	0.05931	0.43239	0.00388	0.0576	0.44682
V739	0.04232	0	0	0.88417	0.07351
V740	0.23698	0.05388	0.0965	0.07417	0.53847
V741	0.54067	0	0	0.30263	0.15669
V742	0.09342	0	0.542	0.17913	0.18545
V743	0.04835	0.02742	0.06713	0.1783	0.6788
V744	0.23214	0.03841	0.16914	0.48723	0.07309
V745	0.20225	0.00061	0.04427	0.69933	0.05354
V746	0.39576	0.5381	0.02197	0	0.04417
V747	0.04143	0	0.9271	0	0.03147
V748	0.19541	0.18408	0.26798	0.07639	0.27614
V749	0.22037	0.08388	0.11544	0.4147	0.16561
V750	0.78872	0.17763	0	0.02863	0.00502
V751	0.06657	0.34625	0.56078	0.00968	0.01672
V752	0.04485	0.10936	0.0154	0.10424	0.72615
V753	0.59736	0.01612	0.23818	0.02368	0.12466
V754	0.15139	0.32854	0	0.47639	0.04368
V755	0.27088	0.69065	0.02259	0	0.01588
V756	0.04359	0.08956	0.01556	0.14132	0.70997
V757	0.19961	0	0.09068	0.66141	0.0483
V758	0.10337	0.43878	0	0.41476	0.04309
V759	0.10833	0.00444	0.091	0.08945	0.70677
V760	0.10068	0.00132	0.20542	0.27921	0.41337
V761	0.08933	0.2193	0.67903	0	0.01233
V762	0.03679	0.01585	0.16858	0.40867	0.37011
V763	0.0553	0.24799	0	0.07861	0.6181
V764	0.14502	0.04342	0.08144	0.66971	0.06041
V765	0.1981	0	0.65879	0.04322	0.09988
V766	0.10958	0.46892	0.2279	0.04886	0.14474
V767	0.30841	0.46172	0.04795	0.04434	0.13759
V768	0.10366	0.80749	0.03166	0.03137	0.02582
V769	0.79137	0	0.17153	0	0.0371
V770	0.34692	0	0.50331	0.13732	0.01244
V771	0.10693	0.70256	0	0.07981	0.1107
V772	0.06104	0	0.93609	0	0.00286
V773	0.04098	0	0	0.23354	0.72548
V774	0.17471	0	0.52261	0.01926	0.28343
V775	0.94253	0	0.00341	0.03693	0.01713
V776	0.39726	0.41059	0.14306	0.01352	0.03557
V777	0.25601	0.36547	0.23111	0.08999	0.05741
V778	0.56982	0.03659	0.00176	0.20742	0.18441
V779	0.10231	0.38995	0.4823	0.00197	0.02346
V780	0.01861	0	0.97667	0	0.00472
V781	0.21001	0.28733	0.15963	0.02584	0.3172
V782	0.25641	0.22116	0.00909	0.05403	0.45931
V783	0.00402	0	0.62883	0.05429	0.31286
V784	0.07209	0.60718	0	0.21518	0.10555
V785	0.74436	0.11513	0	0.08081	0.0597
V786	0.20205	0.19899	0.00476	0.53273	0.06146
V787	0.1735	0.58341	0	0.16048	0.08261
V788	0.41215	0.40201	0.05507	0	0.13076
V789	0.03856	0.14887	0	0.40187	0.41071
V790	0.31432	0.21018	0.05074	0.1267	0.29806
V791	0.20903	0.20288	0.06181	0.20485	0.32143
V792	0.97723	0	0.01096	0	0.0118
V793	0.36241	0.25231	0.04107	0.10023	0.24398
V794	0.03448	0	0.09495	0.23325	0.63732
V795	0.1708	0.79872	0.00039	0	0.03009
V796	0.33707	0.40234	0.09314	0.1249	0.04255
V797	0.14587	0	0	0.11032	0.74381
V798	0.16545	0.49393	0	0.09314	0.24749
V799	0.06084	0.15697	0.04395	0.63841	0.09984
V800	0.04443	0	0.00712	0.19796	0.75049
V801	0.41784	0	0.11461	0.41259	0.05496
V802	0.06	0.17954	0.00595	0.09301	0.6615
V803	0.34624	0.01046	0	0.58045	0.06285
V804	0.23807	0.14466	0.19638	0.34787	0.07302
V805	0.18238	0.10384	0.44053	0.16248	0.11078
V806	0.51015	0	0.184	0.07221	0.23365
V807	0.7499	0	0.04836	0.04823	0.15351
V808	0.86893	0	0.03375	0	0.09733
V809	0.23496	0.59095	0.00675	0.03067	0.13669
V810	0.05101	0.04263	0.03435	0.46759	0.40442
V811	0.07376	0.07905	0.0147	0.17352	0.65897
V812	0.06976	0.64438	0.17441	0.06486	0.04659
V813	0.05821	0.19395	0.20267	0.05471	0.49047
V814	0.23817	0.54278	0.04913	0.13121	0.03871
V815	0.26665	0.66284	0.01425	0.03498	0.02127
V816	0.06576	0.51475	0	0.35393	0.06555
V817	0.85254	0	0.14424	0.00323	0
V818	0.06615	0.17873	0.34266	0.06584	0.34663
V819	0.98475	0	0.00357	0.00851	0.00318
V820	0.10677	0.36103	0.11232	0.35922	0.06066
V821	0.02242	0	0	0.11877	0.8588
V822	0.22242	0	0.00717	0.72201	0.0484
V823	0.06865	0.05333	0.21419	0.07125	0.59257
V824	0.08866	0.00901	0.01585	0.10428	0.7822
V825	0.16774	0	0.66096	0.16313	0.00816
V826	0.04524	0	0.93881	0.01076	0.00519
V827	0.38388	0.1331	0	0.35666	0.12636
V828	0.27026	0.1208	0.0957	0.09519	0.41805
V829	0.11668	0.05542	0.30161	0.19795	0.32834
V830	0.16683	0	0.69381	0.02129	0.11807
V831	0.07709	0.7209	0.03343	0.12409	0.04449
V832	0.22203	0	0.05444	0.26945	0.45408
V833	0.22384	0.72801	0	0	0.04814
V834	0.77994	0.11902	0.02465	0.01486	0.06153
V835	0.29108	0.27803	0.07972	0.24838	0.10279
V836	0.4292	0.02718	0.45089	0.08232	0.01041
V837	0.08334	0.79621	0.00022	0.03375	0.08648
V838	0.01899	0	0.07476	0.83332	0.07293
V839	0.0568	0.00728	0.06704	0.10227	0.76661
V840	0.96875	0	0.01478	0.00767	0.00879
V841	0.24684	0	0.74841	0	0.00475
V842	0.58637	0.00965	0.20482	0.17638	0.02278
V843	0.48582	0	0.13253	0.08888	0.29277
V844	0.0368	0.12822	0.78702	0.01451	0.03346
V845	0.0445	0	0	0.60183	0.35367
V846	0.13186	0.01416	0.09083	0.13386	0.62928
V847	0.22169	0	0.03898	0.17834	0.56099
V848	0.77468	0.0074	0	0.08505	0.13288
V849	0.16843	0	0.72844	0.00386	0.09927
V850	0.24793	0	0.28857	0.1704	0.2931
V851	0.99043	0	0	0	0.00957
V852	0.2669	0.03482	0.07167	0.2034	0.4232
V853	0.05804	0.08632	0.62551	0.13627	0.09386
V854	0.07866	0.32888	0.23507	0.09293	0.26445
V855	0.14159	0.38049	0.08128	0.28836	0.10828
V856	0.18953	0.37266	0.04131	0.03405	0.36246
V857	0.10393	0.01523	0.16836	0.42884	0.28363
V858	0.05904	0.3329	0.17977	0.20963	0.21867
V859	0.16302	0	0.01625	0.73425	0.08647
V860	0.06996	0.13377	0.06223	0.62682	0.10721
V861	0.17734	0	0.13017	0.6451	0.04739
V862	0.08082	0	0.01081	0.17596	0.7324
V863	0.08826	0.8676	0.00207	6e-05	0.042
V864	0.04022	0	0.90013	0.0532	0.00646
V865	0.09585	0	0.65441	0.23644	0.01329
V866	0.05347	0.00251	0.6729	0.22829	0.04283
V867	0.60195	0.00134	0	0.02965	0.36706
V868	0.27291	0.19717	0.40227	0.09689	0.03075
V869	0.02729	0	0.01186	0.122	0.83884
V870	0.30732	0.14993	0.07105	0.24517	0.22654
V871	0.05799	0.02614	0.09345	0.16585	0.65658
V872	0.43176	0.02088	0.00435	0.46325	0.07976
V873	0.09206	0.3172	0.14302	0.35179	0.09593
V874	0.11095	0.02828	0	0.10704	0.75373
V875	0.04047	0.17339	0.01611	0.48204	0.28799
V876	0.50668	0.03272	0.04982	0.04433	0.36645
V877	0.26881	0.61396	0.02275	0.06541	0.02906
V878	0.07461	0.67852	0.02704	0.18012	0.03972
V879	0.95986	0.01586	0.00542	0.00888	0.00997
V880	0.10771	0.06239	0.02345	0.4345	0.37195
V881	0.01733	0	0.52153	0.04429	0.41685
V882	0.08412	0.47874	0.00473	0.39812	0.03429
V883	0.54988	0.16099	0.001	0.16868	0.11944
V884	0.01885	0	0	0.1263	0.85484
V885	0.20042	0.03	0.39197	0.128	0.2496
V886	0.01746	0	0.02068	0.27894	0.68292
V887	0.13243	0.8228	0	0	0.04476
V888	0.08957	0.08892	0.05314	0.65948	0.10889
V889	0.16031	0.77624	0.02317	0.00975	0.03052
V890	0.0542	0	0.13965	0.63894	0.16721
V891	0.01237	0	0.97374	0.00563	0.00826
V892	0.62958	0.22188	0.00784	0.00517	0.13554
V893	0.18288	0.14854	0.52071	0.07291	0.07497
V894	0.13831	0.52245	0.03465	0.23379	0.07081
V895	0.72516	0	0.26766	0.00343	0.00375
V896	0.25308	0.20428	0.23488	0.28299	0.02477
V897	0.01993	0	0.03481	0.75333	0.19193
V898	0.40466	0	0	0.0752	0.52014
V899	0.60276	0.29242	0.07054	0	0.03429
V900	0.30174	0.2127	0.27297	0.1776	0.03499
V901	0.71329	0.02882	0	0.16768	0.09021
V902	0.89411	0.02029	0.01146	0.02728	0.04686
V903	0.31862	0.05201	0.06661	0.49033	0.07243
V904	0.77068	0.06483	0.15082	0	0.01367
V905	0.059	0.30434	0.05649	0.32466	0.25551
V906	0.18551	0.00286	0.47236	0.09169	0.24759
V907	0.75845	0.08773	0.05751	0.04878	0.04753
V908	0.06275	0.33263	0.04049	0.46757	0.09656
V909	0.04739	0.10356	0.0101	0.70239	0.13656
V910	0.71201	0.15078	0.00091	0.05466	0.08164
V911	0.06808	0.22584	0.52433	0.0145	0.16726
V912	0.05248	0	0.14713	0.14065	0.65973
V913	0.17668	0	0.07084	0.64799	0.10449
V914	0.8139	0.00938	0.00319	0.11296	0.06057
V915	0.21965	0.15969	0.0424	0.06312	0.51514
V916	0.82956	0	0.10479	0	0.06565
V917	0.47128	0.01201	0	0.05873	0.45798
V918	0.63744	0.11109	0.21389	0.01554	0.02204
V919	0.47236	0.1463	0.00104	0.26215	0.11816
V920	0.21643	0	0.11223	0.62652	0.04482
V921	0.22208	0.16201	0.10377	0.04707	0.46507
V922	0.04469	0	0.69934	0.01621	0.23976
V923	0.18536	0.45699	0.00867	0.06767	0.28132
V924	0.55357	0.08529	0	0.23788	0.12326
V925	0.18152	0.07798	0.48972	0.15987	0.0909
V926	0.03814	0.00266	0.00219	0.12193	0.83507
V927	0.57669	0.23334	0.10114	0.06886	0.01997
V928	0.15514	0.24559	0.21044	0.18176	0.20706
V929	0.08517	0.24732	0	0.07342	0.59409
V930	0.08885	0	0.05082	0.09974	0.76059
V931	0.52023	0.11543	0.00099	0.06607	0.29728
V932	0.07538	0.0928	0.04014	0.33948	0.45219
V933	0.32035	0	0.03651	0.28946	0.35369
V934	0.72184	0.02077	0.25739	0	0
V935	0.62864	0.08198	0.1203	0.05279	0.11629
V936	0.35821	0.03939	0.11376	0.42206	0.06658
V937	0.17649	0.67555	0.08066	0.02448	0.04283
V938	0.12536	0.84778	0.00954	0	0.01732
V939	0.01852	0	0.00482	0.35622	0.62044
V940	0.60767	0.05141	0.07488	0.0594	0.20664
V941	0.04444	0.10694	0.11799	0.46763	0.26301
V942	0.77855	0.21587	0	0.00103	0.00456
V943	0.0723	0.07716	0.04748	0.09921	0.70384
V944	0.3912	0	0.11298	0.45456	0.04126
V945	0.07937	0.22597	0.59511	0.03276	0.06679
V946	0.06361	0.45974	0.46038	0	0.01627
V947	0.41992	0	0.01773	0.15018	0.41217
V948	0.11532	0.68304	0.02379	0.09801	0.07984
V949	0.90786	0.07217	0.01997	0	0
V950	0.09566	0	0.02002	0.82358	0.06074
V951	0.3496	0	0	0.49329	0.15712
V952	0.16462	0.01039	0.04278	0.62086	0.16136
V953	0.52688	0.07009	0	0.34137	0.06167
V954	0.27846	0.51313	0.04793	0.05497	0.10551
V955	0.08637	0	0.56425	0.32224	0.02713
V956	0.07093	0.46571	0.08258	0.32791	0.05286
V957	0.14806	0.72889	0.03936	0.0524	0.03129
V958	0.09426	0.81265	0	0.03631	0.05678
V959	0.08613	0	0.81993	0.05445	0.03949
V960	0.57556	0.02029	0.14229	0.10254	0.15933
V961	0.09573	0.82992	0	0.00376	0.0706
V962	0.21137	0.08188	0	0.11601	0.59074
V963	0.03166	0	0.43835	0.47257	0.05742
V964	0.01039	0	0.96553	0	0.02408
V965	0.00616	0	0.45322	0.45438	0.08624
V966	0.03474	0	0.48491	0.11276	0.36759
V967	0.38206	0.47722	0	0.0017	0.13902
V968	0.0981	0.86934	0	0.00499	0.02756
V969	0.15614	0.4828	0.12252	0.11668	0.12186
V970	0.1997	0.35026	0.426	0	0.02403
V971	0.77631	0.02318	0.17452	0.01303	0.01297
V972	0.12306	0.811	0	0.03873	0.02721
V973	0.05395	0	0.57522	0.24109	0.12973
V974	0.07388	0.68756	0.08417	0.08972	0.06466
V975	0.08975	0.88403	0	0.00485	0.02136
V976	0.03134	0	0	0.1646	0.80405
V977	0.04282	0.11019	0.13935	0.18066	0.52697
V978	0.42186	0.11486	0.20622	0.12775	0.12931
V979	0.92746	0.07128	0	0	0.00126
V980	0.35944	0.06799	0.11603	0.13988	0.31666
V981	0.08943	0.02652	0.04787	0.11002	0.72615
V982	0.41836	0.39751	0.10701	0.01067	0.06645
V983	0.67407	0.19582	0	0.00394	0.12618
V984	0.19148	0.01779	0.10875	0.56398	0.118
V985	0.05403	0.05777	0.08607	0.74903	0.0531
V986	0.55776	0.07713	0.34769	0	0.01741
V987	0.06229	0.15323	0.70612	0.05326	0.0251
V988	0.10317	0.0054	0.54716	0.29063	0.05364
V989	0.03962	0.0208	0	0.12004	0.81953
V990	0.13621	0.35507	0	0.13788	0.37083
