mature.neutrophil	CD14.pos.CD16.neg.classical.monocyte	macrophage	memory.CD4.pos.AB.T.cell	cytotoxic.CD56.dim.NK.cell
V1	0.24769	0.21665	0.26009	0.16791	0.10766
V2	0.04702	0.70049	0.10875	0.10047	0.04328
V3	0.04131	0.14552	0.39843	0.3817	0.03304
V4	0.00704	0.11901	0.26479	0.08581	0.52334
V5	0.017	0.07403	0.10072	0.1323	0.67595
V6	0.25021	0.14262	0.27189	0.24279	0.0925
V7	0	0.16494	0.41314	0.10057	0.32134
V8	0	0.207	0.68091	0.09614	0.01594
V9	0.04099	0.1022	0.25848	0.56346	0.03486
V10	0.32599	0.18447	0.41011	0.05107	0.02835
V11	0.03196	0.10072	0.14352	0.09853	0.62527
V12	0.06321	0.1112	0.23672	0.30678	0.28209
V13	0.11293	0.10294	0.06799	0.42771	0.28843
V14	0.13139	0.06962	0.09498	0.60864	0.09538
V15	0.02422	0.05695	0.02392	0.84079	0.05411
V16	0.44814	0.14145	0.03822	0.34519	0.027
V17	0.062	0.27172	0.05908	0.09622	0.51099
V18	0.06151	0.4131	0.27494	0.22636	0.02409
V19	0.03137	0.06999	0.03812	0.15005	0.71046
V20	0	0.173	0.59114	0.2105	0.02536
V21	0.0153	0.29163	0.17183	0.18819	0.33306
V22	0.62707	0.18104	0.0899	0.07016	0.03183
V23	0.07361	0.08251	0.05995	0.1673	0.61664
V24	0.38387	0.18536	0.05333	0.09889	0.27855
V25	0.02525	0.07653	0.04671	0.43722	0.41429
V26	0.38447	0.25594	0.09429	0.09468	0.17063
V27	0.09719	0.48392	0.22334	0.05284	0.14272
V28	0.02117	0.14191	0.2133	0.57049	0.05313
V29	0	0.10503	0.31698	0.53811	0.03987
V30	0.57863	0.18769	0.05529	0.08995	0.08844
V31	0.34833	0.19259	0.04342	0.26493	0.15073
V32	0.71848	0.1146	0.03206	0.08344	0.05142
V33	0.02355	0.22705	0.05832	0.15002	0.54106
V34	0.10824	0.75617	0.06289	0.06045	0.01224
V35	0.07035	0.56074	0.28594	0.0711	0.01187
V36	0.02086	0.23394	0.20629	0.12204	0.41687
V37	0.60614	0.10085	0.02526	0.08273	0.18502
V38	0.08174	0.16735	0.43217	0.20457	0.11417
V39	0.24531	0.1657	0.32547	0.06103	0.20249
V40	0.19206	0.55719	0.06411	0.14801	0.03863
V41	0.04565	0.7608	0.07233	0.05293	0.06828
V42	0.66902	0.14166	0.04595	0.08278	0.06059
V43	0.3444	0.23428	0.32623	0.07592	0.01917
V44	0.01355	0.35134	0.50579	0.04456	0.08476
V45	0.02985	0.6035	0.14542	0.17514	0.04609
V46	0.09786	0.67874	0.12261	0.07715	0.02365
V47	0	0.21262	0.72551	0.04199	0.01988
V48	0.12723	0.20036	0.23303	0.32651	0.11287
V49	0.34324	0.22759	0.23179	0.17409	0.02329
V50	0	0.22706	0.71616	0.0419	0.01487
V51	0.08175	0.30858	0.22969	0.09965	0.28033
V52	0.0511	0.80903	0.06746	0.06025	0.01216
V53	0.02726	0.17879	0.03747	0.7156	0.04088
V54	0.18399	0.06053	0.03789	0.54759	0.17
V55	0.06737	0.04465	0.02212	0.81913	0.04673
V56	0.06576	0.03931	0.03026	0.74051	0.12417
V57	0.10286	0.24927	0.49187	0.06565	0.09034
V58	0.06119	0.08162	0.17015	0.22876	0.45827
V59	0.64526	0.14169	0.10827	0.08257	0.02221
V60	0.33251	0.25726	0.15014	0.16494	0.09516
V61	0.1724	0.0786	0.06089	0.25745	0.43066
V62	0.04329	0.1379	0.31196	0.1592	0.34765
V63	0.32625	0.2952	0.09818	0.08762	0.19275
V64	0.71565	0.13123	0.04674	0.08152	0.02486
V65	0.07481	0.11971	0.06659	0.60065	0.13824
V66	0.02298	0.07274	0.15007	0.70747	0.04675
V67	0.00156	0.13565	0.34728	0.12406	0.39144
V68	0.32838	0.15791	0.36144	0.08454	0.06774
V69	0.44076	0.21515	0.20976	0.07713	0.05719
V70	0.05243	0.63125	0.0957	0.19226	0.02836
V71	0.08273	0.69241	0.09882	0.10722	0.01882
V72	0.03745	0.3997	0.07364	0.07792	0.41128
V73	0.05048	0.07118	0.12561	0.55938	0.19335
V74	0.01545	0.08976	0.03384	0.76338	0.09757
V75	0.34229	0.27102	0.29881	0.06431	0.02357
V76	0.01359	0.0446	0.04072	0.81456	0.08653
V77	0	0.20963	0.70305	0.0718	0.01551
V78	0	0.21555	0.71701	0.04762	0.01981
V79	0.06961	0.39559	0.08583	0.17666	0.27232
V80	0.11089	0.65917	0.05619	0.09828	0.07548
V81	0	0.21558	0.72738	0.04208	0.01496
V82	0.19454	0.18919	0.05851	0.51872	0.03905
V83	0.08602	0.11757	0.05072	0.54347	0.20222
V84	0.08897	0.20376	0.0476	0.10211	0.55756
V85	0	0.21224	0.72477	0.04797	0.01501
V86	0.01345	0.28776	0.30511	0.36252	0.03115
V87	0.36204	0.09057	0.06642	0.43849	0.04248
V88	0.25773	0.20877	0.0869	0.22977	0.21682
V89	0.01676	0.25287	0.64444	0.07126	0.01467
V90	0.01988	0.2189	0.10146	0.14454	0.51522
V91	0.00968	0.05872	0.10004	0.78702	0.04454
V92	0.21245	0.10982	0.06445	0.10685	0.50643
V93	0.00756	0.14376	0.1839	0.49731	0.16748
V94	0.03824	0.19841	0.06134	0.27653	0.42547
V95	0.05998	0.25475	0.06541	0.14957	0.47028
V96	0.61945	0.11575	0.05198	0.09498	0.11785
V97	0.14503	0.09969	0.08209	0.16195	0.51124
V98	0.04075	0.3836	0.21623	0.15533	0.20409
V99	0.41363	0.18448	0.03457	0.25913	0.10819
V100	0.42697	0.2239	0.08326	0.10916	0.15671
V101	0.05839	0.79549	0.07471	0.05946	0.01196
V102	0.24761	0.28383	0.16538	0.1468	0.15638
V103	0.12269	0.06116	0.04309	0.10912	0.66395
V104	0.04104	0.41216	0.1337	0.07631	0.3368
V105	0.01827	0.07807	0.08274	0.14197	0.67894
V106	0.04082	0.67223	0.19897	0.05332	0.03466
V107	0.02344	0.31134	0.56733	0.07869	0.0192
V108	0	0.29871	0.6462	0.04127	0.01383
V109	0.05354	0.24061	0.09519	0.304	0.30666
V110	0.13794	0.47446	0.21594	0.14556	0.02611
V111	0.20038	0.30803	0.4265	0.05211	0.01299
V112	0.14864	0.07439	0.13105	0.46626	0.17966
V113	0.20187	0.09258	0.1371	0.19497	0.37347
V114	0.44827	0.15398	0.07762	0.21571	0.10442
V115	0.68105	0.10623	0.03104	0.08724	0.09444
V116	0.02279	0.06384	0.04015	0.12334	0.74989
V117	0.02107	0.2002	0.6447	0.10291	0.03112
V118	0.04113	0.04239	0.02276	0.83307	0.06065
V119	0.23176	0.1541	0.35366	0.23933	0.02115
V120	0	0.19033	0.64968	0.12287	0.03712
V121	0.172	0.64971	0.05521	0.06243	0.06066
V122	0.02867	0.38125	0.1283	0.26151	0.20027
V123	0.38972	0.12702	0.10222	0.22816	0.15288
V124	0.18166	0.16636	0.09654	0.25681	0.29863
V125	0.02199	0.45076	0.46164	0.04806	0.01756
V126	0.12259	0.2471	0.2413	0.15032	0.23868
V127	0.18311	0.18073	0.52944	0.08685	0.01986
V128	0.17999	0.67744	0.06474	0.05409	0.02374
V129	0.20299	0.14738	0.27172	0.19842	0.17949
V130	0.02658	0.4719	0.08872	0.25764	0.15515
V131	0.01033	0.0929	0.23434	0.62525	0.03718
V132	0.30066	0.08304	0.02428	0.36876	0.22326
V133	0	0.18888	0.50081	0.11331	0.197
V134	0.03679	0.20479	0.63022	0.06195	0.06625
V135	0.00358	0.24445	0.60476	0.06301	0.08419
V136	0.73547	0.11954	0.03311	0.08569	0.02618
V137	0.68923	0.13449	0.03203	0.1037	0.04055
V138	0.20934	0.19852	0.11507	0.17922	0.29784
V139	0.09766	0.07786	0.1712	0.6103	0.04299
V140	0.02768	0.08898	0.19489	0.09411	0.59434
V141	0.00148	0.30681	0.55256	0.11826	0.02089
V142	0.16078	0.12775	0.32523	0.16143	0.22482
V143	0.00476	0.27778	0.44785	0.15785	0.11175
V144	0.39583	0.26228	0.09979	0.16606	0.07605
V145	0	0.21293	0.70874	0.05353	0.0248
V146	0.03335	0.33581	0.04849	0.34323	0.23912
V147	0.05602	0.21835	0.56414	0.12471	0.03679
V148	0.13776	0.69125	0.06553	0.08098	0.02448
V149	0.01533	0.04086	0.02406	0.83827	0.08149
V150	0.09506	0.29287	0.50691	0.0449	0.06027
V151	0.35387	0.08244	0.03664	0.41566	0.11138
V152	0.01546	0.06049	0.13349	0.69748	0.09308
V153	0.11949	0.27226	0.42153	0.08722	0.0995
V154	0.1049	0.55222	0.07578	0.08215	0.18495
V155	0.03131	0.07339	0.14948	0.69975	0.04607
V156	0.07052	0.1561	0.38235	0.17318	0.21785
V157	0.07652	0.12552	0.19398	0.29653	0.30745
V158	0.14204	0.14902	0.4144	0.09031	0.20423
V159	0.09927	0.22802	0.04638	0.56646	0.05986
V160	0.3642	0.22405	0.12561	0.10119	0.18495
V161	0.1898	0.10116	0.09906	0.09074	0.51924
V162	0	0.21883	0.72427	0.04204	0.01487
V163	0.05717	0.06626	0.05385	0.13567	0.68705
V164	0.70087	0.15272	0.04073	0.08611	0.01957
V165	0.46705	0.26541	0.11241	0.10687	0.04826
V166	0.04171	0.09213	0.24386	0.53204	0.09027
V167	0.03451	0.58718	0.07029	0.17264	0.13538
V168	0	0.21883	0.72427	0.04204	0.01487
V169	0.04414	0.61076	0.20331	0.11708	0.02472
V170	0.20352	0.37729	0.09485	0.22351	0.10082
V171	0.22266	0.19374	0.33773	0.19384	0.05202
V172	0.15727	0.26291	0.1136	0.09084	0.37537
V173	0.17359	0.15887	0.11784	0.40197	0.14772
V174	0.1579	0.12986	0.33901	0.2156	0.15763
V175	0.06619	0.19894	0.15652	0.21817	0.36019
V176	0.3036	0.07553	0.02851	0.55642	0.03594
V177	0.13085	0.18322	0.48109	0.181	0.02384
V178	0.19641	0.18055	0.4098	0.14154	0.07171
V179	0.09567	0.07533	0.04443	0.10971	0.67487
V180	0.01733	0.14032	0.35495	0.07376	0.41364
V181	0.06385	0.29219	0.0427	0.12654	0.47471
V182	0.44802	0.26117	0.03787	0.2046	0.04834
V183	0.06721	0.79559	0.06623	0.05287	0.01809
V184	0.23492	0.12844	0.284	0.31142	0.04124
V185	0.09144	0.45703	0.0706	0.18631	0.19462
V186	0.12017	0.21276	0.06626	0.28762	0.3132
V187	0.0726	0.60608	0.05295	0.24349	0.02488
V188	0.63663	0.13289	0.05804	0.14757	0.02487
V189	0.36077	0.26476	0.06839	0.27783	0.02825
V190	0.32016	0.17123	0.23038	0.07777	0.20046
V191	0.18419	0.2349	0.0386	0.42806	0.11426
V192	0.25503	0.23926	0.15307	0.2381	0.11454
V193	0.04327	0.29262	0.47323	0.07937	0.11151
V194	0.22465	0.12979	0.12107	0.16219	0.3623
V195	0.41955	0.25391	0.23978	0.06769	0.01907
V196	0.01688	0.06614	0.10078	0.13324	0.68297
V197	0.06511	0.77081	0.06404	0.08133	0.01871
V198	0.19646	0.25195	0.07404	0.24162	0.23593
V199	0.56091	0.14522	0.21573	0.0626	0.01554
V200	0.60199	0.10133	0.0589	0.09541	0.14236
V201	0.03829	0.04232	0.04808	0.69246	0.17884
V202	0.70334	0.15644	0.02747	0.08762	0.02513
V203	0.42744	0.28556	0.06253	0.11355	0.11092
V204	0.29427	0.14777	0.07115	0.08457	0.40224
V205	0.1012	0.11373	0.1537	0.13957	0.49181
V206	0.04319	0.12123	0.02611	0.74083	0.06864
V207	0.02422	0.05695	0.02392	0.84079	0.05411
V208	0.11019	0.29558	0.43459	0.08498	0.07466
V209	0.13949	0.1052	0.13486	0.11016	0.51029
V210	0	0.21074	0.7216	0.04778	0.01989
V211	0.12989	0.12678	0.22985	0.09917	0.41431
V212	0.05278	0.67535	0.13222	0.08482	0.05482
V213	0.09324	0.06489	0.09666	0.30197	0.44325
V214	0.01328	0.51413	0.3883	0.05575	0.02853
V215	0.20424	0.2679	0.16842	0.13005	0.22938
V216	0.04252	0.15296	0.33725	0.09881	0.36846
V217	0.01282	0.039	0.04901	0.79303	0.10614
V218	0.05407	0.24516	0.28956	0.32562	0.08559
V219	0.09163	0.31521	0.36545	0.20396	0.02375
V220	0.16525	0.64885	0.11081	0.05777	0.01732
V221	0.02652	0.19383	0.46533	0.06414	0.25019
V222	0.03089	0.06491	0.04781	0.12646	0.72993
V223	0.37639	0.14502	0.29362	0.15684	0.02812
V224	0.03946	0.51537	0.07614	0.13243	0.2366
V225	0.53416	0.2389	0.14464	0.06247	0.01983
V226	0.38278	0.49066	0.04514	0.0617	0.01972
V227	0.08318	0.25801	0.04035	0.55876	0.0597
V228	0.42241	0.15493	0.26081	0.11952	0.04234
V229	0.20333	0.401	0.27307	0.08775	0.03486
V230	0.03081	0.05692	0.04784	0.12783	0.7366
V231	0.0556	0.55019	0.10849	0.20492	0.08079
V232	0.58734	0.14044	0.18599	0.07017	0.01606
V233	0.05344	0.10886	0.18245	0.15605	0.4992
V234	0.0127	0.37109	0.23534	0.33897	0.04189
V235	0.72758	0.12173	0.02604	0.10324	0.0214
V236	0.04835	0.17499	0.53567	0.18975	0.05123
V237	0.09638	0.16717	0.26965	0.31287	0.15392
V238	0.01828	0.05457	0.0413	0.34044	0.54542
V239	0.05927	0.39502	0.09389	0.21506	0.23676
V240	0.06218	0.74486	0.0706	0.06675	0.05562
V241	0.051	0.81042	0.0675	0.05291	0.01817
V242	0.02342	0.34021	0.30209	0.27128	0.06299
V243	0.34902	0.1472	0.31008	0.08309	0.11061
V244	0.02404	0.40883	0.22706	0.12417	0.2159
V245	0.04674	0.77888	0.08994	0.07241	0.01203
V246	0.48341	0.29886	0.06255	0.07257	0.08261
V247	0.1291	0.23362	0.51505	0.08732	0.03491
V248	0.0876	0.56051	0.0773	0.06841	0.20618
V249	0.20285	0.16099	0.22377	0.14708	0.26531
V250	0.00446	0.19361	0.56045	0.07607	0.16541
V251	0.1754	0.09294	0.11128	0.54844	0.07194
V252	0.00863	0.23415	0.49041	0.16238	0.10443
V253	0.24203	0.51631	0.12445	0.09298	0.02422
V254	0.42014	0.37687	0.03762	0.13733	0.02805
V255	0.63446	0.16559	0.02674	0.09524	0.07796
V256	0.03972	0.68576	0.07632	0.06286	0.13535
V257	0.34218	0.32924	0.16779	0.08987	0.07093
V258	0.13517	0.3135	0.08304	0.43367	0.03463
V259	0.401	0.31519	0.19246	0.0622	0.02915
V260	0.22188	0.11842	0.13796	0.14671	0.37503
V261	0.00801	0.15827	0.45669	0.27166	0.10537
V262	0.67832	0.13774	0.07331	0.08721	0.02342
V263	0.60817	0.16474	0.03913	0.16774	0.02022
V264	0.06417	0.7634	0.07177	0.08805	0.01261
V265	0.61464	0.18042	0.0965	0.08665	0.02178
V266	0.02371	0.0725	0.12621	0.12036	0.65721
V267	0.05582	0.06006	0.04198	0.23073	0.61141
V268	0.15849	0.41137	0.17221	0.2047	0.05324
V269	0.06229	0.3496	0.34668	0.20083	0.04059
V270	0.04662	0.05087	0.05556	0.80174	0.04522
V271	0.19594	0.63103	0.0613	0.07558	0.03614
V272	0.09452	0.71395	0.08386	0.06542	0.04225
V273	0.2276	0.11161	0.18884	0.33107	0.14089
V274	0.08877	0.09936	0.07364	0.25509	0.48314
V275	0.03635	0.61798	0.19583	0.12478	0.02506
V276	0	0.1776	0.57181	0.21439	0.03619
V277	0.24777	0.17749	0.4874	0.05392	0.03342
V278	0	0.13865	0.32668	0.4177	0.11697
V279	0.127	0.05409	0.03708	0.70176	0.08007
V280	0.16299	0.07913	0.06188	0.58738	0.10862
V281	0.02604	0.22781	0.07303	0.63023	0.0429
V282	0.05918	0.80279	0.06694	0.05296	0.01814
V283	0.30037	0.10359	0.14189	0.10041	0.35374
V284	0.01076	0.2426	0.48661	0.05344	0.2066
V285	0.41524	0.43409	0.0411	0.08886	0.02072
V286	0.04226	0.21301	0.65361	0.07134	0.01978
V287	0.1955	0.14774	0.18561	0.30241	0.16874
V288	0.13536	0.18271	0.52748	0.05453	0.09992
V289	0.13387	0.2316	0.05398	0.54093	0.03961
V290	0.33396	0.43538	0.16344	0.0545	0.01272
V291	0.32998	0.23078	0.03657	0.36973	0.03293
V292	0.08786	0.16131	0.39045	0.08882	0.27156
V293	0	0.25364	0.64415	0.07745	0.02476
V294	0.02181	0.0654	0.04913	0.1207	0.74297
V295	0.00685	0.12919	0.31534	0.46262	0.086
V296	0.65523	0.1882	0.02828	0.08885	0.03945
V297	0.00039	0.19336	0.62552	0.13739	0.04334
V298	0.24739	0.0638	0.02912	0.54061	0.11908
V299	0.22348	0.05531	0.03567	0.6465	0.03904
V300	0.73529	0.124	0.02674	0.0925	0.02147
V301	0.71965	0.115	0.03184	0.1074	0.02611
V302	0.01702	0.05081	0.03848	0.45112	0.44257
V303	0.08666	0.23396	0.23375	0.2076	0.23803
V304	0.11935	0.21067	0.59208	0.04951	0.02839
V305	0.1741	0.33136	0.12996	0.15306	0.21152
V306	0.27602	0.57807	0.05013	0.0711	0.02468
V307	0.17603	0.11651	0.26098	0.41707	0.02941
V308	0.15362	0.18579	0.53507	0.10503	0.0205
V309	0.5026	0.15071	0.07624	0.17024	0.10021
V310	0.03896	0.07742	0.04476	0.18339	0.65547
V311	0.0199	0.04318	0.06522	0.81907	0.05264
V312	0.0696	0.29924	0.27345	0.06336	0.29435
V313	0.05864	0.29631	0.05414	0.34407	0.24684
V314	0.07935	0.06226	0.03606	0.41763	0.40469
V315	0.72025	0.11719	0.03898	0.0828	0.04078
V316	0.08496	0.51211	0.27079	0.07367	0.05847
V317	0.26571	0.21872	0.43293	0.05437	0.02827
V318	0.69819	0.11026	0.03147	0.08219	0.07789
V319	0.05858	0.23084	0.64287	0.05352	0.01419
V320	0.07492	0.03933	0.02969	0.80384	0.05222
V321	0.09921	0.35196	0.30376	0.21	0.03506
V322	0	0.32738	0.50845	0.08323	0.08094
V323	0.17748	0.29182	0.39624	0.06699	0.06748
V324	0.03813	0.08333	0.06536	0.7635	0.04968
V325	0.47959	0.18565	0.10765	0.16416	0.06295
V326	0.05108	0.07939	0.09421	0.20357	0.57175
V327	0.26376	0.45854	0.14534	0.07392	0.05844
V328	0.03758	0.29748	0.18738	0.43705	0.04051
V329	0	0.15269	0.36	0.45128	0.03603
V330	0.04225	0.21431	0.65679	0.04251	0.04414
V331	0.12145	0.10042	0.12597	0.15753	0.49463
V332	0.32399	0.19311	0.39221	0.05707	0.03362
V333	0.29694	0.15134	0.29135	0.1849	0.07548
V334	0.02109	0.34023	0.48947	0.10764	0.04157
V335	0.54623	0.15485	0.10488	0.09962	0.09443
V336	0.12598	0.52506	0.28081	0.04605	0.02211
V337	0.01895	0.0606	0.05303	0.23457	0.63285
V338	0.53258	0.14038	0.16374	0.08298	0.08031
V339	0.16563	0.49824	0.21659	0.05012	0.06942
V340	0.0332	0.21504	0.15313	0.12194	0.4767
V341	0.00904	0.47042	0.41984	0.04964	0.05107
V342	0.20452	0.24805	0.39517	0.13613	0.01613
V343	0.49341	0.15136	0.27022	0.0698	0.01521
V344	0.08985	0.66566	0.09774	0.07311	0.07364
V345	0.19346	0.10271	0.03545	0.32664	0.34174
V346	0.02226	0.33299	0.31651	0.2832	0.04504
V347	0.07184	0.46703	0.06875	0.33767	0.0547
V348	0.00504	0.23139	0.41455	0.2376	0.11142
V349	0.03832	0.35525	0.47593	0.05706	0.07345
V350	0.09222	0.39805	0.12516	0.25948	0.12508
V351	0.12378	0.15946	0.38736	0.29498	0.03441
V352	0.07883	0.50277	0.35146	0.05012	0.01682
V353	0.21742	0.33862	0.0795	0.10545	0.25901
V354	0.39691	0.17219	0.363	0.05366	0.01424
V355	0.06246	0.12669	0.31703	0.45754	0.03628
V356	0.05002	0.21119	0.64458	0.05999	0.03423
V357	0.02553	0.18068	0.4726	0.07711	0.24408
V358	0.02995	0.07284	0.05714	0.78912	0.05095
V359	0.05151	0.13149	0.03428	0.74066	0.04205
V360	0.52852	0.14653	0.11027	0.19458	0.02009
V361	0.27441	0.45747	0.12957	0.05612	0.08244
V362	0.61407	0.12536	0.11607	0.07008	0.07443
V363	0.03828	0.08321	0.04359	0.2222	0.61272
V364	0.03839	0.28367	0.0606	0.44931	0.16804
V365	0.01444	0.04262	0.03233	0.84259	0.06801
V366	0.13833	0.19688	0.4996	0.09688	0.0683
V367	0.17685	0.26885	0.22637	0.19584	0.13209
V368	0.55555	0.18522	0.14185	0.07609	0.04129
V369	0.03013	0.57612	0.26641	0.11407	0.01326
V370	0.02009	0.1987	0.15471	0.37276	0.25374
V371	0.05489	0.7766	0.10683	0.05033	0.01134
V372	0.48065	0.16902	0.15853	0.15797	0.03383
V373	0.09555	0.57848	0.17403	0.13239	0.01954
V374	0.06968	0.15802	0.35021	0.39424	0.02785
V375	0.20202	0.18172	0.49413	0.10643	0.01569
V376	0.00638	0.13571	0.40275	0.07698	0.37817
V377	0.06769	0.46772	0.23608	0.20547	0.02303
V378	0.10747	0.51116	0.21444	0.05142	0.1155
V379	0.02994	0.08443	0.14965	0.1509	0.58508
V380	0.01456	0.12313	0.19188	0.48209	0.18834
V381	0.14226	0.1089	0.04319	0.10126	0.60439
V382	0.35177	0.06748	0.03063	0.33199	0.21813
V383	0.02446	0.10283	0.26765	0.57002	0.03504
V384	0.22502	0.13018	0.17823	0.40204	0.06453
V385	0.08774	0.14681	0.04627	0.1013	0.61789
V386	0.51408	0.09566	0.02875	0.33443	0.02709
V387	0.22638	0.07599	0.0291	0.61218	0.05635
V388	0.05057	0.72835	0.09379	0.10825	0.01903
V389	0.11021	0.68019	0.07337	0.08106	0.05517
V390	0.1553	0.05507	0.02931	0.64864	0.11168
V391	0.55942	0.21328	0.02846	0.13625	0.06259
V392	0.71619	0.14096	0.03371	0.08879	0.02036
V393	0.08315	0.09978	0.16833	0.50284	0.14591
V394	0.55321	0.10537	0.05074	0.20681	0.08387
V395	0	0.12029	0.34927	0.49256	0.03788
V396	0.38331	0.17852	0.36628	0.05311	0.01877
V397	0.5195	0.20525	0.06309	0.16605	0.04611
V398	0.05394	0.07749	0.18322	0.59175	0.0936
V399	0.04636	0.07745	0.0321	0.32714	0.51696
V400	0.13194	0.48436	0.19171	0.17596	0.01602
V401	0.21292	0.18117	0.51582	0.07536	0.01474
V402	0.26141	0.17447	0.39261	0.10807	0.06345
V403	0.14185	0.12626	0.03279	0.20612	0.49298
V404	0	0.17012	0.43403	0.34192	0.05393
V405	0.27892	0.28282	0.10407	0.24588	0.08831
V406	0	0.2241	0.7095	0.04166	0.02474
V407	0.6656	0.14462	0.05938	0.11131	0.01909
V408	0.03468	0.36401	0.05067	0.29152	0.25912
V409	0.09657	0.06446	0.0878	0.64028	0.11089
V410	0.09609	0.22459	0.32658	0.09569	0.25704
V411	0.02259	0.06336	0.03977	0.1309	0.74338
V412	0.02325	0.20212	0.17156	0.09974	0.50333
V413	0.02057	0.2783	0.18279	0.36516	0.15318
V414	0.04473	0.11939	0.02971	0.48955	0.31662
V415	0.15875	0.06328	0.0416	0.10594	0.63045
V416	0.10197	0.13787	0.05843	0.21253	0.48921
V417	0	0.18889	0.61913	0.13811	0.05388
V418	0.43849	0.38957	0.06006	0.07535	0.03652
V419	0.2215	0.0896	0.05315	0.19043	0.44532
V420	0.20196	0.08732	0.13878	0.12157	0.45038
V421	0.01205	0.08872	0.1695	0.12808	0.60165
V422	0.01967	0.06208	0.07483	0.68671	0.15671
V423	0.21521	0.25555	0.28348	0.21018	0.03558
V424	0	0.15485	0.46436	0.06409	0.31671
V425	0.29197	0.37575	0.0404	0.07685	0.21503
V426	0.19863	0.20607	0.05206	0.45528	0.08796
V427	0.16991	0.57095	0.19374	0.04869	0.01671
V428	0.08242	0.58373	0.12609	0.13176	0.07601
V429	0.11192	0.68794	0.0575	0.11085	0.03179
V430	0.02036	0.1464	0.39203	0.20622	0.23499
V431	0.08981	0.37115	0.22404	0.25878	0.05621
V432	0.24239	0.14042	0.14745	0.34808	0.12166
V433	0.13427	0.16085	0.44712	0.22142	0.03634
V434	0.17589	0.33549	0.35991	0.0611	0.06761
V435	0.38743	0.18214	0.32728	0.08334	0.0198
V436	0.05262	0.54716	0.15288	0.09814	0.1492
V437	0.17327	0.0871	0.06176	0.23261	0.44526
V438	0.10576	0.32353	0.22118	0.28554	0.06399
V439	0.47522	0.08871	0.07191	0.32687	0.03729
V440	0.00842	0.38983	0.50155	0.05499	0.04521
V441	0.02071	0.50622	0.38658	0.06874	0.01774
V442	0.05875	0.80149	0.07535	0.05252	0.01189
V443	0.71475	0.11351	0.0315	0.11905	0.02119
V444	0.13186	0.40396	0.0719	0.34375	0.04854
V445	0.05813	0.38306	0.08048	0.43781	0.04052
V446	0.09544	0.09734	0.12423	0.54177	0.14121
V447	0.0682	0.05416	0.04283	0.4823	0.35252
V448	0.15699	0.07358	0.05754	0.11602	0.59588
V449	0	0.21883	0.72427	0.04204	0.01487
V450	0.16246	0.18118	0.26129	0.17211	0.22296
V451	0.22492	0.22888	0.09428	0.35	0.10193
V452	0.01309	0.07879	0.17639	0.6614	0.07033
V453	0.02608	0.05569	0.02873	0.49834	0.39116
V454	0	0.18338	0.58441	0.06921	0.163
V455	0.04931	0.28689	0.29922	0.0963	0.26828
V456	0.71372	0.11815	0.02524	0.10129	0.0416
V457	0.51649	0.25606	0.06619	0.1173	0.04396
V458	0.00981	0.39207	0.46938	0.08798	0.04076
V459	0.11942	0.11374	0.08343	0.48497	0.19845
V460	0.49115	0.15971	0.20204	0.11539	0.03171
V461	0.14824	0.34037	0.26563	0.06969	0.17607
V462	0.05145	0.11447	0.04447	0.51876	0.27084
V463	0.18229	0.10455	0.03843	0.63067	0.04406
V464	0.10728	0.28856	0.53109	0.05496	0.01811
V465	0.04943	0.14641	0.05567	0.11859	0.6299
V466	0.03948	0.05178	0.03579	0.19761	0.67534
V467	0.05467	0.25445	0.05737	0.53387	0.09964
V468	0.43283	0.33372	0.13955	0.05908	0.03483
V469	0.02037	0.33166	0.10012	0.30429	0.24356
V470	0.63083	0.15108	0.05231	0.14122	0.02456
V471	0.32103	0.30822	0.06507	0.18753	0.11816
V472	0.01926	0.09568	0.08415	0.10962	0.69129
V473	0.02344	0.26297	0.26029	0.31272	0.14059
V474	0.23749	0.17759	0.08978	0.43484	0.0603
V475	0.10771	0.18943	0.50745	0.07423	0.12118
V476	0.13022	0.09917	0.12166	0.56928	0.07967
V477	0.05089	0.80859	0.07608	0.05257	0.01188
V478	0.16847	0.07145	0.04148	0.10412	0.61448
V479	0.62962	0.15279	0.0593	0.13413	0.02416
V480	0.11888	0.58239	0.10732	0.15275	0.03866
V481	0.20259	0.36422	0.10268	0.21634	0.11417
V482	0.09366	0.60639	0.23173	0.04609	0.02213
V483	0.26915	0.4844	0.04411	0.15105	0.05129
V484	0.17869	0.47377	0.15687	0.16367	0.02701
V485	0.49217	0.17135	0.1356	0.16655	0.03433
V486	0.05431	0.17934	0.31335	0.07113	0.38186
V487	0.09501	0.21991	0.37729	0.28008	0.02771
V488	0.34391	0.12332	0.02486	0.36509	0.14282
V489	0	0.3129	0.5638	0.09813	0.02517
V490	0	0.18453	0.6006	0.19032	0.02455
V491	0.03474	0.44609	0.09861	0.15082	0.26975
V492	0.03274	0.16133	0.06099	0.686	0.05894
V493	0.02297	0.03525	0.03162	0.85525	0.05491
V494	0.27084	0.06203	0.04355	0.53229	0.0913
V495	0.25056	0.27004	0.2263	0.19446	0.05864
V496	0.12689	0.10349	0.09388	0.09548	0.58027
V497	0.08928	0.11814	0.17958	0.1669	0.4461
V498	0.07076	0.75432	0.08739	0.05772	0.02981
V499	0.0332	0.28277	0.28379	0.11356	0.28668
V500	0.09099	0.45445	0.15234	0.24036	0.06185
V501	0.07268	0.33197	0.06079	0.08965	0.44492
V502	0.11769	0.69332	0.09836	0.07862	0.01201
V503	0.33811	0.12976	0.21717	0.18052	0.13444
V504	0.40242	0.24304	0.04045	0.08202	0.23208
V505	0.50096	0.09546	0.05337	0.15286	0.19735
V506	0.02751	0.49814	0.11987	0.07151	0.28298
V507	0.64011	0.10638	0.05659	0.15569	0.04122
V508	0.02213	0.57726	0.2535	0.08113	0.06597
V509	0.04464	0.43865	0.18083	0.22096	0.11492
V510	0.33212	0.4634	0.08813	0.09676	0.0196
V511	0.03875	0.3604	0.46832	0.07554	0.05698
V512	0.12206	0.44636	0.21155	0.09488	0.12516
V513	0.14512	0.60227	0.12456	0.09218	0.03588
V514	0.01486	0.10107	0.25443	0.11577	0.51387
V515	0.07061	0.14677	0.02675	0.71473	0.04114
V516	0.13089	0.35382	0.14427	0.33548	0.03553
V517	0.02005	0.0764	0.07463	0.77838	0.05054
V518	0.29913	0.14687	0.30381	0.20876	0.04144
V519	0.60497	0.14807	0.03143	0.18904	0.0265
V520	0.07009	0.73737	0.07765	0.10191	0.01299
V521	0.16888	0.08011	0.15141	0.55873	0.04087
V522	0.02533	0.28533	0.49693	0.14884	0.04358
V523	0.09102	0.21996	0.5911	0.07841	0.01951
V524	0.22963	0.19304	0.47446	0.04878	0.05409
V525	0.02299	0.23236	0.07707	0.10197	0.56561
V526	0.01349	0.22144	0.67056	0.05975	0.03475
V527	0.05812	0.46621	0.39169	0.0559	0.02808
V528	0.13428	0.04901	0.04448	0.73024	0.04198
V529	0.1345	0.20943	0.58295	0.04979	0.02334
V530	0	0.2144	0.67719	0.07787	0.03055
V531	0.14992	0.48964	0.13742	0.07074	0.15228
V532	0.04927	0.31315	0.31639	0.05946	0.26174
V533	0.25053	0.07479	0.03146	0.09978	0.54344
V534	0.11308	0.1022	0.02395	0.70087	0.05989
V535	0.62623	0.20419	0.07724	0.07055	0.02178
V536	0.09207	0.26464	0.37411	0.08136	0.18782
V537	0.03041	0.08287	0.05682	0.11426	0.71564
V538	0.50337	0.1782	0.03557	0.10269	0.18017
V539	0	0.26669	0.55317	0.12098	0.05917
V540	0.13989	0.45272	0.13625	0.10146	0.16969
V541	0.03704	0.39969	0.07301	0.09972	0.39054
V542	0.03323	0.33328	0.14749	0.41442	0.07158
V543	0.03519	0.24451	0.56482	0.08179	0.07369
V544	0.26732	0.25342	0.20427	0.11573	0.15925
V545	0.50134	0.36641	0.0446	0.0721	0.01555
V546	0.06174	0.68734	0.14149	0.05588	0.05356
V547	0.08511	0.68329	0.05727	0.14141	0.03292
V548	0.01567	0.08959	0.03379	0.80862	0.05234
V549	0.01806	0.06157	0.06115	0.24827	0.61096
V550	0.03977	0.73504	0.15349	0.05465	0.01705
V551	0.02406	0.03355	0.02337	0.86996	0.04905
V552	0.20306	0.08331	0.05549	0.126	0.53213
V553	0.59713	0.10873	0.04307	0.19711	0.05397
V554	0.07223	0.17886	0.43116	0.28401	0.03374
V555	0.04872	0.79422	0.07466	0.05204	0.03037
V556	0.07193	0.09847	0.08146	0.66993	0.07821
V557	0.25363	0.26198	0.07012	0.35203	0.06224
V558	0	0.19619	0.62129	0.14957	0.03295
V559	0.0698	0.42887	0.4185	0.04944	0.0334
V560	0.47605	0.29299	0.15706	0.05965	0.01426
V561	0.53636	0.11883	0.15587	0.07933	0.10961
V562	0.1074	0.13746	0.18804	0.15501	0.4121
V563	0.1692	0.30229	0.22915	0.14989	0.14947
V564	0.28479	0.09807	0.08715	0.35831	0.17169
V565	0.02035	0.06499	0.05637	0.14899	0.70929
V566	0.24811	0.18187	0.05961	0.34466	0.16575
V567	0	0.21579	0.72235	0.0419	0.01995
V568	0.01554	0.28495	0.3986	0.27896	0.02194
V569	0.47363	0.18292	0.12997	0.16798	0.0455
V570	0.1001	0.12875	0.27834	0.41518	0.07763
V571	0.20142	0.11532	0.24068	0.33035	0.11224
V572	0.66245	0.10778	0.0247	0.08771	0.11736
V573	0.05624	0.16821	0.32692	0.34901	0.09962
V574	0.40461	0.31434	0.10888	0.13931	0.03286
V575	0.30035	0.11989	0.15002	0.1184	0.31135
V576	0.04582	0.76665	0.07247	0.05943	0.05563
V577	0.33301	0.46246	0.08036	0.10419	0.01998
V578	0.01053	0.25585	0.46289	0.21753	0.0532
V579	0.01333	0.49017	0.34056	0.06657	0.08937
V580	0.18153	0.48763	0.06019	0.23374	0.03691
V581	0.03449	0.46504	0.37135	0.10998	0.01915
V582	0	0.23166	0.70623	0.04748	0.01462
V583	0.43066	0.16292	0.31261	0.07874	0.01508
V584	0.18273	0.47295	0.15084	0.08243	0.11106
V585	0.04413	0.67593	0.12422	0.10007	0.05564
V586	0.03304	0.68034	0.2155	0.05974	0.01137
V587	0.05529	0.61916	0.06445	0.08201	0.17909
V588	0.16872	0.41287	0.35532	0.04602	0.01707
V589	0.08406	0.37914	0.08808	0.40337	0.04535
V590	0.05063	0.69675	0.06017	0.06389	0.12856
V591	0.37068	0.46474	0.08057	0.06499	0.01902
V592	0.00073	0.18762	0.6272	0.07152	0.11292
V593	0.34079	0.07159	0.02837	0.48927	0.06999
V594	0	0.24755	0.54958	0.15366	0.0492
V595	0.40613	0.12335	0.091	0.32514	0.05438
V596	0.33923	0.25507	0.21812	0.1545	0.03308
V597	0.03277	0.2153	0.04818	0.18244	0.52132
V598	0.48617	0.09203	0.03393	0.08569	0.30219
V599	0.06266	0.38069	0.13138	0.37521	0.05007
V600	0.21539	0.11226	0.19611	0.36767	0.10857
V601	0.12577	0.13379	0.03524	0.48334	0.22186
V602	0.64218	0.22743	0.03074	0.08153	0.01812
V603	0.12129	0.18232	0.06757	0.19645	0.43238
V604	0.00229	0.19166	0.5895	0.12285	0.0937
V605	0.02974	0.13593	0.1682	0.14256	0.52357
V606	0.66243	0.10148	0.02447	0.08843	0.12318
V607	0.15079	0.16103	0.06029	0.09963	0.52825
V608	0.58088	0.11842	0.05863	0.14423	0.09784
V609	0.15749	0.30223	0.05018	0.40466	0.08545
V610	0.07913	0.57718	0.05898	0.25939	0.02533
V611	0.18088	0.19593	0.50889	0.06474	0.04957
V612	0.28097	0.17034	0.30557	0.07269	0.17043
V613	0.33193	0.48837	0.08227	0.0836	0.01384
V614	0.44098	0.1114	0.04827	0.14262	0.25673
V615	0.00898	0.14464	0.15699	0.54093	0.14846
V616	0.48855	0.12134	0.16407	0.18006	0.04598
V617	0.15799	0.20102	0.41688	0.12254	0.10157
V618	0.55342	0.18087	0.09154	0.08087	0.0933
V619	0.41862	0.14896	0.17442	0.07411	0.18389
V620	0.02918	0.13533	0.3347	0.46433	0.03646
V621	0.1083	0.28452	0.31016	0.05911	0.23791
V622	0.0121	0.27941	0.35902	0.06761	0.28187
V623	0.06647	0.04813	0.03131	0.6759	0.17818
V624	0.6936	0.10845	0.03095	0.09947	0.06754
V625	0.01	0.10977	0.11895	0.71427	0.04702
V626	0.04471	0.17365	0.47729	0.26576	0.03859
V627	0.09557	0.21183	0.15805	0.10162	0.43294
V628	0.71359	0.12676	0.03241	0.1065	0.02074
V629	0.07928	0.31958	0.52229	0.06067	0.01817
V630	0.02309	0.21374	0.06767	0.11195	0.58355
V631	0.00495	0.11856	0.29856	0.08934	0.48859
V632	0.04877	0.68359	0.06717	0.08464	0.11582
V633	0.05184	0.07002	0.11839	0.51526	0.24449
V634	0.31624	0.43198	0.17939	0.0596	0.01279
V635	0.03586	0.18154	0.22169	0.09503	0.46587
V636	0.14741	0.24415	0.30956	0.20221	0.09667
V637	0.15207	0.15238	0.37559	0.24131	0.07865
V638	0.07318	0.44297	0.07192	0.13639	0.27555
V639	0.41181	0.39673	0.11388	0.05864	0.01894
V640	0.09665	0.22489	0.11945	0.26442	0.29458
V641	0.08906	0.62912	0.07801	0.17016	0.03365
V642	0.56554	0.12191	0.02991	0.25863	0.02402
V643	0.04982	0.7403	0.12843	0.06985	0.0116
V644	0.0424	0.39599	0.06506	0.4428	0.05375
V645	0.14341	0.64807	0.07041	0.12418	0.01393
V646	0.11738	0.48146	0.0771	0.25435	0.06971
V647	0.70573	0.11159	0.03103	0.13037	0.0213
V648	0.36359	0.1587	0.03381	0.30459	0.13931
V649	0.22675	0.15925	0.11336	0.16735	0.3333
V650	0.02726	0.04799	0.08168	0.79797	0.0451
V651	0.12638	0.21554	0.02966	0.59232	0.03609
V652	0.29364	0.07533	0.05882	0.52608	0.04612
V653	0.27725	0.08536	0.07559	0.49815	0.06365
V654	0.04108	0.125	0.03797	0.15493	0.64102
V655	0.11589	0.15581	0.29232	0.40181	0.03416
V656	0.11243	0.07049	0.03292	0.18495	0.59921
V657	0.03453	0.44731	0.07766	0.33787	0.10263
V658	0.03067	0.07574	0.05913	0.59948	0.23498
V659	0.01822	0.07494	0.10018	0.71915	0.08752
V660	0.06241	0.34175	0.0693	0.1105	0.41603
V661	0.04276	0.5831	0.06922	0.20959	0.09534
V662	0.03809	0.42579	0.07439	0.07529	0.38643
V663	0.73822	0.12067	0.03345	0.08638	0.02129
V664	0.02528	0.06992	0.14895	0.4099	0.34596
V665	0.0216	0.56747	0.25209	0.11628	0.04257
V666	0.08682	0.74161	0.10293	0.05716	0.01149
V667	0.02451	0.50556	0.29095	0.12971	0.04927
V668	0.49004	0.28027	0.08247	0.11486	0.03237
V669	0.37744	0.32325	0.06501	0.14007	0.09423
V670	0.08521	0.57089	0.10196	0.08576	0.15618
V671	0.55328	0.13776	0.19576	0.09207	0.02114
V672	0.08316	0.13199	0.12403	0.33113	0.3297
V673	0.02139	0.0753	0.03722	0.19682	0.66927
V674	0.25221	0.23093	0.42993	0.0486	0.03833
V675	0.53137	0.10031	0.06578	0.2006	0.10194
V676	0.1785	0.23011	0.43982	0.05005	0.10153
V677	0.03397	0.29587	0.24057	0.36095	0.06864
V678	0.05371	0.32288	0.06079	0.10644	0.45617
V679	0.00232	0.14498	0.41432	0.40431	0.03407
V680	0.15094	0.06395	0.05015	0.38112	0.35383
V681	0.41271	0.11052	0.06783	0.3175	0.09144
V682	0	0.21883	0.72427	0.04204	0.01487
V683	0.03893	0.28933	0.54315	0.04504	0.08355
V684	0.05776	0.04567	0.03038	0.8198	0.04638
V685	0	0.2058	0.65743	0.11529	0.02148
V686	0.23543	0.54963	0.11887	0.07255	0.02352
V687	0	0.15756	0.50135	0.30628	0.03481
V688	0	0.21418	0.71349	0.04759	0.02475
V689	0.37168	0.16002	0.20754	0.14909	0.11168
V690	0.09657	0.7354	0.07709	0.07277	0.01817
V691	0.12037	0.16457	0.07499	0.57954	0.06054
V692	0.06585	0.06438	0.03908	0.72192	0.10879
V693	0.01011	0.48035	0.42341	0.06804	0.01808
V694	0.07825	0.20971	0.07058	0.55506	0.0864
V695	0.11047	0.18581	0.18196	0.09314	0.42862
V696	0.07465	0.18909	0.60283	0.0517	0.08173
V697	0.07599	0.19752	0.31161	0.31716	0.09773
V698	0.01817	0.10749	0.21294	0.09843	0.56297
V699	0.03711	0.06419	0.07451	0.63273	0.19145
V700	0.05534	0.70705	0.13481	0.04919	0.05361
V701	0.02394	0.2121	0.05921	0.10591	0.59884
V702	0.02571	0.14001	0.03625	0.64934	0.14869
V703	0.02158	0.05472	0.0487	0.82207	0.05293
V704	0.03158	0.17884	0.38755	0.07896	0.32307
V705	0.71328	0.12475	0.02562	0.09505	0.0413
V706	0.12182	0.20196	0.17992	0.41151	0.0848
V707	0.12324	0.17263	0.10684	0.30091	0.29639
V708	0.0156	0.53747	0.38588	0.04922	0.01184
V709	0.01958	0.07796	0.07536	0.1133	0.71379
V710	0.09128	0.17352	0.4428	0.05785	0.23455
V711	0.06547	0.06106	0.06212	0.12674	0.68461
V712	0.03166	0.18936	0.57169	0.17818	0.02911
V713	0.18877	0.42258	0.31692	0.05939	0.01234
V714	0.05992	0.0645	0.03765	0.11765	0.72029
V715	0	0.34017	0.52009	0.11919	0.02054
V716	0.57105	0.23888	0.04344	0.11335	0.03328
V717	0.3186	0.2294	0.15233	0.08742	0.21225
V718	0.48246	0.14747	0.26014	0.06487	0.04506
V719	0.31855	0.2777	0.13591	0.15928	0.10857
V720	0.11354	0.11725	0.12815	0.11922	0.52184
V721	0.03567	0.07314	0.09052	0.12376	0.67691
V722	0.02559	0.24723	0.0927	0.48034	0.15414
V723	0.09135	0.2436	0.13939	0.47676	0.0489
V724	0.11134	0.57658	0.09065	0.19887	0.02257
V725	0.04034	0.06554	0.04747	0.11734	0.7293
V726	0.18883	0.46727	0.10116	0.1082	0.13454
V727	0	0.21578	0.71192	0.04751	0.02479
V728	0.57477	0.13877	0.13755	0.12634	0.02258
V729	0.47305	0.17666	0.05443	0.2671	0.02876
V730	0.08595	0.14684	0.3539	0.34636	0.06695
V731	0.01099	0.06221	0.08341	0.79826	0.04514
V732	0.02303	0.03527	0.03167	0.86147	0.04856
V733	0.00613	0.2287	0.69899	0.04159	0.02459
V734	0.35319	0.20699	0.32592	0.08904	0.02486
V735	0.06109	0.22878	0.24694	0.09297	0.37022
V736	0.02244	0.09719	0.04897	0.11496	0.71644
V737	0.73414	0.12562	0.03363	0.08556	0.02105
V738	0.03026	0.44028	0.06678	0.08292	0.37976
V739	0.02423	0.04912	0.02369	0.85454	0.04842
V740	0.18677	0.15765	0.1425	0.09539	0.41769
V741	0.4085	0.09317	0.03003	0.34197	0.12634
V742	0.0461	0.1746	0.47398	0.1802	0.12512
V743	0.03298	0.11483	0.11431	0.18304	0.55484
V744	0.15325	0.14	0.18198	0.46371	0.06107
V745	0.14223	0.07864	0.06983	0.664	0.0453
V746	0.30291	0.50837	0.0843	0.06339	0.04102
V747	0.00611	0.22645	0.69021	0.04758	0.02965
V748	0.12668	0.27388	0.29173	0.10667	0.20105
V749	0.15222	0.16329	0.14394	0.41367	0.12688
V750	0.58616	0.24454	0.03718	0.11429	0.01782
V751	0.01716	0.40188	0.50246	0.06045	0.01805
V752	0.03122	0.17255	0.06628	0.1083	0.62166
V753	0.40151	0.17056	0.24427	0.08484	0.09882
V754	0.10317	0.30807	0.04287	0.50799	0.0379
V755	0.20796	0.62863	0.09279	0.0531	0.01752
V756	0.03011	0.15419	0.06452	0.14823	0.60294
V757	0.14567	0.06917	0.11849	0.62313	0.04354
V758	0.06246	0.39577	0.04048	0.46542	0.03588
V759	0.08589	0.11102	0.1394	0.09275	0.57093
V760	0.06493	0.12571	0.22977	0.27593	0.30366
V761	0.03308	0.33803	0.56334	0.04746	0.01808
V762	0.01512	0.11797	0.19488	0.39708	0.27494
V763	0.03615	0.2862	0.05272	0.09121	0.53372
V764	0.09662	0.11445	0.10633	0.63268	0.04992
V765	0.1117	0.19581	0.5363	0.08327	0.07292
V766	0.05718	0.46621	0.2743	0.09131	0.11101
V767	0.23023	0.45082	0.107	0.09963	0.11232
V768	0.05776	0.72158	0.10991	0.09245	0.0183
V769	0.55223	0.14278	0.19003	0.069	0.04595
V770	0.21294	0.16484	0.4289	0.16998	0.02334
V771	0.06446	0.64384	0.06382	0.13694	0.09094
V772	0.02008	0.22265	0.69516	0.04743	0.01468
V773	0.03843	0.05709	0.03416	0.25141	0.61892
V774	0.11151	0.16821	0.47509	0.05479	0.1904
V775	0.68731	0.11099	0.04385	0.12723	0.03062
V776	0.2791	0.41818	0.18958	0.07838	0.03477
V777	0.16467	0.38717	0.26071	0.13838	0.04907
V778	0.43045	0.12742	0.03944	0.2551	0.14759
V779	0.04393	0.42384	0.45454	0.05483	0.02285
V780	0	0.21552	0.72149	0.04786	0.01513
V781	0.1471	0.33925	0.2086	0.06195	0.24309
V782	0.20912	0.26961	0.06182	0.0864	0.37305
V783	0	0.17348	0.55171	0.07259	0.20223
V784	0.03356	0.55257	0.05104	0.27731	0.08552
V785	0.55945	0.19848	0.02752	0.15677	0.05777
V786	0.14316	0.21446	0.04497	0.54482	0.05259
V787	0.12301	0.53623	0.04856	0.22364	0.06856
V788	0.31069	0.41126	0.11062	0.05932	0.10811
V789	0.01994	0.1794	0.0418	0.42819	0.33067
V790	0.24006	0.26098	0.09918	0.16557	0.23421
V791	0.15482	0.25128	0.10962	0.23305	0.25123
V792	0.71212	0.13069	0.04637	0.08094	0.02988
V793	0.27691	0.292	0.09082	0.1465	0.19376
V794	0.0211	0.09409	0.13898	0.23736	0.50846
V795	0.12144	0.7202	0.07573	0.05887	0.02377
V796	0.23831	0.39757	0.14288	0.18141	0.03983
V797	0.1414	0.05966	0.03368	0.12381	0.64144
V798	0.12174	0.47859	0.05522	0.13953	0.20492
V799	0.0322	0.18212	0.07883	0.63073	0.07613
V800	0.03739	0.06996	0.05234	0.20643	0.63388
V801	0.29568	0.09681	0.14015	0.41465	0.05272
V802	0.04248	0.22967	0.0587	0.10242	0.56672
V803	0.25403	0.08607	0.02935	0.57578	0.05477
V804	0.15461	0.22017	0.21266	0.351	0.06157
V805	0.10347	0.23623	0.39947	0.1795	0.08133
V806	0.3654	0.13072	0.20879	0.11914	0.17595
V807	0.55841	0.11001	0.08839	0.11704	0.12615
V808	0.64197	0.11773	0.07259	0.08033	0.08737
V809	0.17604	0.552	0.07328	0.08554	0.11314
V810	0.03169	0.10483	0.07096	0.47715	0.31538
V811	0.05643	0.14534	0.06158	0.1851	0.55155
V812	0.02335	0.58727	0.23622	0.11647	0.0367
V813	0.02817	0.27604	0.25091	0.06994	0.37494
V814	0.16729	0.49849	0.10944	0.19043	0.03435
V815	0.20025	0.59696	0.08231	0.10149	0.01898
V816	0.0289	0.45727	0.05292	0.40883	0.05207
V817	0.58328	0.15245	0.15945	0.08832	0.0165
V818	0.02799	0.28019	0.35768	0.08592	0.24822
V819	0.70823	0.12727	0.039	0.10513	0.02036
V820	0.05946	0.35268	0.15572	0.38184	0.0503
V821	0.02279	0.06384	0.04015	0.12334	0.74989
V822	0.16238	0.06461	0.03681	0.69543	0.04077
V823	0.04173	0.17397	0.25525	0.07788	0.45118
V824	0.07546	0.09376	0.06261	0.10629	0.66187
V825	0.09441	0.17836	0.53081	0.17781	0.01861
V826	0.01235	0.21604	0.69715	0.05944	0.01503
V827	0.29157	0.18164	0.02739	0.39495	0.10446
V828	0.20678	0.20573	0.14191	0.12467	0.32091
V829	0.06941	0.18452	0.31043	0.2029	0.23274
V830	0.09359	0.19453	0.56466	0.06446	0.08276
V831	0.03482	0.64106	0.10515	0.1847	0.03426
V832	0.1852	0.07275	0.10104	0.288	0.35301
V833	0.17167	0.66839	0.06419	0.05414	0.04162
V834	0.57288	0.21003	0.06329	0.09402	0.05978
V835	0.20611	0.30017	0.12346	0.28621	0.08405
V836	0.25926	0.20085	0.38794	0.13066	0.0213
V837	0.04167	0.72249	0.07767	0.0889	0.06927
V838	0.00947	0.05096	0.09977	0.78839	0.05141
V839	0.04313	0.10334	0.11661	0.10034	0.63658
V840	0.69831	0.12242	0.05177	0.10279	0.02472
V841	0.14081	0.20481	0.58596	0.04981	0.01861
V842	0.38605	0.15276	0.20971	0.22009	0.0314
V843	0.36411	0.11387	0.16927	0.13241	0.22034
V844	0	0.29232	0.61874	0.05963	0.02932
V845	0.03308	0.04529	0.02577	0.62259	0.27328
V846	0.10307	0.11757	0.13677	0.14128	0.50131
V847	0.18917	0.07958	0.08682	0.19686	0.44756
V848	0.5783	0.12463	0.03116	0.15476	0.11114
V849	0.08551	0.21708	0.57546	0.05112	0.07083
V850	0.16585	0.14961	0.29246	0.18467	0.20741
V851	0.73661	0.11793	0.02625	0.09259	0.02663
V852	0.20687	0.13248	0.11189	0.2241	0.32466
V853	0.0148	0.24764	0.52105	0.15007	0.06643
V854	0.03599	0.36852	0.2765	0.12075	0.19823
V855	0.08933	0.37097	0.13101	0.32194	0.08675
V856	0.14298	0.3923	0.10191	0.068	0.29481
V857	0.06594	0.12057	0.19056	0.41554	0.2074
V858	0.02132	0.35637	0.22316	0.23334	0.16581
V859	0.11776	0.06259	0.04548	0.70752	0.06665
V860	0.03902	0.17076	0.09501	0.61311	0.0821
V861	0.118	0.09613	0.14619	0.5973	0.04239
V862	0.07303	0.06615	0.05916	0.18523	0.61643
V863	0.04727	0.78233	0.08175	0.05831	0.03034
V864	0.01223	0.20413	0.67788	0.0899	0.01586
V865	0.04849	0.17321	0.5288	0.22876	0.02074
V866	0.01209	0.19925	0.53501	0.21736	0.03629
V867	0.4794	0.11279	0.03464	0.08414	0.28903
V868	0.16363	0.29196	0.37432	0.13844	0.03165
V869	0.02907	0.0601	0.0655	0.12363	0.7217
V870	0.22616	0.21223	0.11224	0.27403	0.17535
V871	0.03994	0.12159	0.14029	0.16934	0.52884
V872	0.31703	0.10093	0.03724	0.47589	0.06891
V873	0.04793	0.32658	0.18187	0.36782	0.0758
V874	0.09582	0.1064	0.04466	0.11256	0.64055
V875	0.01826	0.19725	0.05735	0.50258	0.22456
V876	0.39434	0.14236	0.09045	0.09092	0.28192
V877	0.19769	0.55798	0.08802	0.13058	0.02573
V878	0.03333	0.59996	0.09434	0.24177	0.0306
V879	0.68995	0.14308	0.0394	0.10284	0.02473
V880	0.07788	0.12238	0.06132	0.4475	0.29091
V881	0.00154	0.16332	0.49467	0.06012	0.28035
V882	0.04429	0.42344	0.05845	0.44548	0.02834
V883	0.41334	0.21788	0.04359	0.2257	0.0995
V884	0.0226	0.05536	0.03996	0.13258	0.7495
V885	0.12342	0.18797	0.37011	0.14578	0.17271
V886	0.0165	0.05361	0.06818	0.29548	0.56623
V887	0.08969	0.75133	0.07056	0.05237	0.03605
V888	0.05593	0.13751	0.08407	0.63923	0.08326
V889	0.10925	0.69707	0.09865	0.07135	0.02368
V890	0.03092	0.08447	0.16003	0.60211	0.12247
V891	0	0.23067	0.70126	0.05339	0.01469
V892	0.48077	0.27618	0.05448	0.07481	0.11375
V893	0.09883	0.27656	0.45622	0.11012	0.05826
V894	0.08831	0.47464	0.09369	0.28524	0.05812
V895	0.48386	0.14885	0.26552	0.08154	0.02023
V896	0.16051	0.26514	0.24626	0.29965	0.02845
V897	0.01159	0.04364	0.06617	0.74042	0.13819
V898	0.3474	0.08355	0.04353	0.11196	0.41355
V899	0.44583	0.33597	0.11703	0.06052	0.04064
V900	0.19173	0.2838	0.27826	0.21067	0.03553
V901	0.52679	0.13218	0.03103	0.23029	0.07971
V902	0.64733	0.14473	0.04549	0.11192	0.05053
V903	0.22517	0.1316	0.09565	0.48494	0.06264
V904	0.53834	0.19806	0.17146	0.0622	0.02993
