mature.neutrophil	CD14.pos.CD16.neg.classical.monocyte	macrophage	memory.CD4.pos.AB.T.cell	cytotoxic.CD56.dim.NK.cell
V1	0.24945	0.21755	0.261	0.16436	0.10764
V2	0.051	0.69798	0.1077	0.09729	0.04604
V3	0.04355	0.15019	0.39881	0.36719	0.04026
V4	0.01154	0.1258	0.26967	0.07835	0.51464
V5	0.02401	0.07719	0.10297	0.12296	0.67287
V6	0.25203	0.14322	0.27349	0.23653	0.09472
V7	0.00118	0.17396	0.41664	0.09473	0.31349
V8	0	0.21429	0.67484	0.09432	0.01654
V9	0.04472	0.10434	0.26099	0.54336	0.0466
V10	0.32479	0.18352	0.40832	0.0555	0.02787
V11	0.03821	0.1052	0.14678	0.09016	0.61965
V12	0.0673	0.11527	0.24041	0.29568	0.28135
V13	0.11932	0.10339	0.06978	0.41496	0.29256
V14	0.13665	0.06808	0.09735	0.59058	0.10734
V15	0.03122	0.05462	0.02568	0.81602	0.07246
V16	0.45203	0.13435	0.03967	0.33928	0.03467
V17	0.06882	0.27771	0.05974	0.08889	0.50485
V18	0.06407	0.41428	0.27435	0.21809	0.02922
V19	0.03969	0.07159	0.03879	0.14076	0.70917
V20	0	0.18103	0.58768	0.20287	0.02842
V21	0.01974	0.2984	0.17398	0.17914	0.32874
V22	0.62846	0.16883	0.09131	0.07868	0.03271
V23	0.08142	0.08443	0.06127	0.15875	0.61413
V24	0.39119	0.18241	0.05433	0.09876	0.27332
V25	0.032	0.07775	0.04809	0.42413	0.41803
V26	0.3886	0.25259	0.09537	0.09567	0.16776
V27	0.09981	0.48591	0.22338	0.05138	0.13951
V28	0.02529	0.14431	0.21565	0.54982	0.06492
V29	0.00228	0.10931	0.31921	0.51835	0.05085
V30	0.58151	0.17757	0.0567	0.09581	0.08841
V31	0.35417	0.1887	0.04447	0.25962	0.15304
V32	0.72204	0.09876	0.03363	0.09368	0.05189
V33	0.0303	0.23314	0.059	0.14092	0.53664
V34	0.11225	0.74982	0.06166	0.06067	0.0156
V35	0.07266	0.55927	0.28361	0.07025	0.01421
V36	0.02559	0.24139	0.20933	0.11427	0.40942
V37	0.61257	0.09066	0.02656	0.08826	0.18195
V38	0.08312	0.17264	0.43256	0.19746	0.11423
V39	0.24734	0.16809	0.32702	0.06121	0.19635
V40	0.19576	0.55328	0.06375	0.14485	0.04236
V41	0.04938	0.75812	0.07116	0.05174	0.06961
V42	0.67234	0.12787	0.04748	0.09141	0.0609
V43	0.34348	0.23202	0.32517	0.07927	0.02006
V44	0.01524	0.35652	0.50235	0.04384	0.08205
V45	0.03341	0.60293	0.1449	0.16865	0.05012
V46	0.10095	0.67489	0.12156	0.07604	0.02656
V47	0	0.22058	0.71746	0.04294	0.01902
V48	0.13016	0.20306	0.2349	0.31506	0.11682
V49	0.34372	0.22504	0.23221	0.17228	0.02675
V50	0	0.23459	0.70799	0.04315	0.01427
V51	0.08564	0.31432	0.23161	0.09469	0.27375
V52	0.05547	0.80308	0.06603	0.05969	0.01573
V53	0.03352	0.178	0.03889	0.69255	0.05704
V54	0.19051	0.05739	0.03952	0.5331	0.17949
V55	0.07421	0.04148	0.02395	0.79544	0.06491
V56	0.07249	0.03696	0.03205	0.7198	0.1387
V57	0.1034	0.25389	0.48972	0.06527	0.08772
V58	0.06684	0.08489	0.17387	0.21961	0.45479
V59	0.6462	0.1293	0.10977	0.09122	0.02352
V60	0.33501	0.25491	0.15126	0.16278	0.09604
V61	0.1803	0.07802	0.06248	0.24985	0.42936
V62	0.0468	0.14435	0.31609	0.15164	0.34112
V63	0.33068	0.2933	0.09916	0.08765	0.1892
V64	0.71826	0.11502	0.04828	0.09237	0.02607
V65	0.08055	0.1195	0.06844	0.58201	0.1495
V66	0.02802	0.07304	0.15258	0.68434	0.06203
V67	0.00495	0.14347	0.35171	0.11666	0.38322
V68	0.32779	0.15742	0.36135	0.08677	0.06668
V69	0.44056	0.21034	0.2108	0.08119	0.05711
V70	0.05757	0.62915	0.09486	0.18494	0.03347
V71	0.08626	0.68849	0.09778	0.10473	0.02273
V72	0.04314	0.4067	0.07399	0.07154	0.40462
V73	0.05566	0.07212	0.12834	0.54161	0.20228
V74	0.02205	0.08879	0.03547	0.7403	0.1134
V75	0.34143	0.26801	0.29822	0.06812	0.02422
V76	0.02038	0.04287	0.0426	0.79067	0.10347
V77	0	0.21711	0.69599	0.07137	0.01552
V78	0	0.22339	0.70933	0.04817	0.01911
V79	0.07476	0.39978	0.08648	0.16919	0.2698
V80	0.11504	0.65657	0.0554	0.09586	0.07713
V81	0	0.22338	0.71905	0.04325	0.01432
V82	0.19951	0.18669	0.06006	0.50294	0.0508
V83	0.09219	0.11758	0.05225	0.52707	0.2109
V84	0.0966	0.20825	0.04816	0.09479	0.55219
V85	0	0.22015	0.7167	0.04866	0.0145
V86	0.01657	0.2914	0.30544	0.34795	0.03864
V87	0.36679	0.08484	0.06824	0.42831	0.05182
V88	0.2632	0.20798	0.08834	0.22413	0.21634
V89	0.01748	0.25869	0.63806	0.07084	0.01494
V90	0.026	0.22572	0.10307	0.13549	0.50972
V91	0.01561	0.05805	0.10231	0.76224	0.06178
V92	0.22133	0.10976	0.06587	0.1021	0.50095
V93	0.01199	0.14733	0.18658	0.47928	0.17481
V94	0.0447	0.20307	0.06242	0.26583	0.42398
V95	0.0665	0.26051	0.06631	0.14144	0.46523
V96	0.62363	0.10526	0.05343	0.10091	0.11677
V97	0.15284	0.10099	0.08391	0.15517	0.50709
V98	0.04455	0.38858	0.21725	0.14836	0.20125
V99	0.4186	0.17921	0.03565	0.25506	0.11148
V100	0.43106	0.21945	0.08442	0.11045	0.15462
V101	0.06258	0.78977	0.07323	0.059	0.01542
V102	0.25084	0.28406	0.16663	0.14366	0.15481
V103	0.13218	0.06108	0.04402	0.10188	0.66084
V104	0.04585	0.41837	0.13478	0.07087	0.33012
V105	0.02555	0.08099	0.08453	0.13258	0.67635
V106	0.04375	0.67015	0.19729	0.05245	0.03635
V107	0.02459	0.31601	0.5621	0.07751	0.01979
V108	0	0.30457	0.63958	0.0422	0.01365
V109	0.05892	0.245	0.0967	0.29281	0.30656
V110	0.13993	0.47291	0.21544	0.14211	0.02961
V111	0.20022	0.30853	0.42299	0.05476	0.01349
V112	0.15366	0.07409	0.13378	0.45224	0.18623
V113	0.20833	0.09285	0.14	0.18918	0.36964
V114	0.45203	0.14854	0.07906	0.21391	0.10646
V115	0.68552	0.09259	0.03256	0.09551	0.09382
V116	0.03157	0.06525	0.04085	0.11407	0.74827
V117	0.02161	0.20708	0.6393	0.10077	0.03124
V118	0.04812	0.0397	0.02456	0.8088	0.07883
V119	0.23228	0.15474	0.35374	0.23348	0.02576
V120	0	0.19813	0.64498	0.11939	0.0375
V121	0.17529	0.64533	0.05449	0.06283	0.06206
V122	0.03307	0.38561	0.12934	0.25081	0.20116
V123	0.39438	0.12312	0.10396	0.22484	0.1537
V124	0.18765	0.16746	0.09837	0.24921	0.29731
V125	0.02373	0.45274	0.45719	0.04807	0.01826
V126	0.12616	0.25143	0.24338	0.14472	0.23431
V127	0.18192	0.18352	0.52628	0.08791	0.02037
V128	0.18337	0.6713	0.06374	0.05537	0.02622
V129	0.20543	0.14953	0.27405	0.19308	0.17791
V130	0.03105	0.47452	0.08912	0.24751	0.1578
V131	0.01445	0.09506	0.23692	0.60318	0.05038
V132	0.30818	0.07877	0.02551	0.36065	0.22689
V133	0	0.19779	0.50183	0.10849	0.19189
V134	0.03712	0.21181	0.62562	0.06154	0.06392
V135	0.00462	0.25162	0.60063	0.06174	0.08139
V136	0.73858	0.10225	0.0347	0.09708	0.02738
V137	0.6924	0.11961	0.03357	0.11252	0.0419
V138	0.21515	0.19987	0.11691	0.17382	0.29425
V139	0.10204	0.07762	0.1739	0.59054	0.0559
V140	0.03323	0.09384	0.19925	0.08613	0.58754
V141	0.00304	0.31179	0.54794	0.11486	0.02236
V142	0.16331	0.13136	0.32797	0.15674	0.22062
V143	0.00681	0.28376	0.447	0.15157	0.11086
V144	0.39821	0.25718	0.10101	0.16548	0.07811
V145	0	0.22087	0.70148	0.05363	0.02402
V146	0.03899	0.33954	0.04901	0.33063	0.24184
V147	0.0565	0.22361	0.56062	0.12176	0.03751
V148	0.14187	0.68584	0.06449	0.08023	0.02757
V149	0.02254	0.03866	0.02579	0.81391	0.0991
V150	0.09537	0.29676	0.50372	0.04577	0.05838
V151	0.36025	0.07675	0.03821	0.40636	0.11843
V152	0.02066	0.06097	0.13618	0.67515	0.10704
V153	0.12042	0.27609	0.42045	0.08571	0.09732
V154	0.10896	0.55364	0.0756	0.07916	0.18264
V155	0.03628	0.07363	0.15206	0.67678	0.06125
V156	0.07283	0.16219	0.3847	0.16658	0.21369
V157	0.08111	0.12923	0.19731	0.286	0.30635
V158	0.14358	0.15364	0.41608	0.0882	0.19849
V159	0.10459	0.22706	0.04767	0.54818	0.0725
V160	0.36834	0.22194	0.12695	0.10136	0.18141
V161	0.19805	0.10191	0.10132	0.08573	0.513
V162	0	0.22663	0.71602	0.0431	0.01425
V163	0.06535	0.0677	0.05501	0.12688	0.68506
V164	0.70346	0.13655	0.04226	0.09655	0.02119
V165	0.46789	0.25793	0.11379	0.11051	0.04989
V166	0.04546	0.09451	0.24678	0.51322	0.10003
V167	0.03919	0.58876	0.07001	0.16544	0.1366
V168	0	0.22663	0.71602	0.0431	0.01425
V169	0.04704	0.60932	0.20213	0.11345	0.02806
V170	0.20722	0.37616	0.0956	0.21731	0.10371
V171	0.22336	0.19484	0.33784	0.18944	0.05451
V172	0.1633	0.26703	0.11517	0.08618	0.36832
V173	0.17844	0.15872	0.11989	0.38959	0.15335
V174	0.15991	0.133	0.34105	0.20921	0.15682
V175	0.07145	0.20414	0.15904	0.20909	0.35628
V176	0.30947	0.06941	0.03025	0.54269	0.04819
V177	0.13081	0.18676	0.47916	0.17665	0.02662
V178	0.19661	0.18295	0.4093	0.13924	0.0719
V179	0.10455	0.07629	0.04527	0.10188	0.672
V180	0.02079	0.14809	0.3596	0.06771	0.40381
V181	0.07059	0.29802	0.04291	0.11901	0.46947
V182	0.4511	0.2534	0.03887	0.20408	0.05256
V183	0.07142	0.78973	0.06489	0.05273	0.02123
V184	0.23637	0.12838	0.2855	0.30273	0.04701
V185	0.09632	0.45927	0.07076	0.17936	0.19428
V186	0.12635	0.21504	0.0675	0.27817	0.31294
V187	0.07668	0.60374	0.05261	0.23529	0.03168
V188	0.63884	0.12043	0.05966	0.15334	0.02774
V189	0.364	0.25946	0.06944	0.27245	0.03464
V190	0.32332	0.17131	0.23224	0.07807	0.19506
V191	0.18988	0.23366	0.03961	0.4149	0.12194
V192	0.2583	0.23867	0.15454	0.23191	0.11658
V193	0.04479	0.29824	0.47131	0.0771	0.10856
V194	0.23127	0.1302	0.12352	0.15728	0.35773
V195	0.4185	0.24845	0.24028	0.07261	0.02016
V196	0.02395	0.06906	0.10305	0.12391	0.68004
V197	0.06953	0.76565	0.06278	0.07973	0.0223
V198	0.20197	0.25291	0.07513	0.23455	0.23544
V199	0.55993	0.13676	0.21669	0.07028	0.01633
V200	0.60662	0.09176	0.06043	0.10066	0.14053
V201	0.04473	0.04125	0.04999	0.67267	0.19135
V202	0.70632	0.14016	0.02895	0.09792	0.02666
V203	0.43075	0.27932	0.06349	0.11558	0.11087
V204	0.3027	0.14707	0.07253	0.08228	0.39542
V205	0.10736	0.11723	0.1571	0.13241	0.4859
V206	0.04966	0.11979	0.02762	0.71809	0.08485
V207	0.03122	0.05462	0.02568	0.81602	0.07246
V208	0.11087	0.29901	0.43287	0.08376	0.07348
V209	0.14657	0.10748	0.13794	0.10407	0.50393
V210	0	0.21873	0.71375	0.04835	0.01917
V211	0.13485	0.13072	0.234	0.09394	0.40648
V212	0.05611	0.67348	0.13133	0.08233	0.05674
V213	0.09993	0.06614	0.09902	0.29212	0.4428
V214	0.01549	0.51527	0.38493	0.05489	0.02944
V215	0.20824	0.27024	0.17013	0.12624	0.22515
V216	0.04593	0.16002	0.34155	0.09277	0.35974
V217	0.01942	0.03757	0.05098	0.76978	0.12225
V218	0.05686	0.24914	0.29078	0.31289	0.09033
V219	0.09321	0.31766	0.36418	0.19714	0.02781
V220	0.16856	0.64342	0.1096	0.05858	0.01983
V221	0.02858	0.20165	0.46674	0.06082	0.24221
V222	0.03924	0.06651	0.04871	0.11729	0.72825
V223	0.37582	0.14293	0.29393	0.1568	0.03052
V224	0.04421	0.51936	0.07611	0.12622	0.2341
V225	0.53405	0.22937	0.14588	0.06968	0.02102
V226	0.38492	0.48216	0.04507	0.06609	0.02177
V227	0.08862	0.25739	0.04142	0.5404	0.07217
V228	0.42182	0.15185	0.26134	0.12157	0.04342
V229	0.20428	0.39938	0.27214	0.088	0.0362
V230	0.03931	0.05822	0.04878	0.11861	0.73508
V231	0.05967	0.55035	0.10843	0.19724	0.08431
V232	0.58667	0.13096	0.18723	0.07809	0.01705
V233	0.05892	0.11352	0.18632	0.14775	0.49348
V234	0.01607	0.37377	0.23575	0.32533	0.04908
V235	0.73059	0.10483	0.02763	0.11376	0.02319
V236	0.0493	0.18111	0.53331	0.1834	0.05288
V237	0.09945	0.17101	0.27192	0.30158	0.15604
V238	0.02569	0.05564	0.04241	0.32911	0.54714
V239	0.06419	0.39888	0.09468	0.20649	0.23576
V240	0.06576	0.7417	0.06953	0.06541	0.05761
V241	0.05537	0.80465	0.06607	0.05257	0.02136
V242	0.02634	0.34393	0.3021	0.26024	0.06739
V243	0.34976	0.14656	0.31072	0.08493	0.10803
V244	0.02782	0.41404	0.22792	0.11817	0.21205
V245	0.05112	0.77387	0.08834	0.07101	0.01566
V246	0.48583	0.29071	0.06351	0.07739	0.08256
V247	0.12864	0.23731	0.51194	0.08713	0.03498
V248	0.09189	0.56265	0.07704	0.06545	0.20297
V249	0.20683	0.16343	0.22664	0.14278	0.26032
V250	0.0058	0.20196	0.55922	0.0732	0.15983
V251	0.18022	0.09122	0.11365	0.53183	0.08307
V252	0.01039	0.2405	0.48919	0.1562	0.10371
V253	0.24399	0.51135	0.1242	0.09349	0.02697
V254	0.42244	0.36854	0.03819	0.13934	0.03149
V255	0.6384	0.15305	0.02801	0.10231	0.07823
V256	0.04477	0.68586	0.07532	0.05998	0.13407
V257	0.34335	0.32527	0.16864	0.0916	0.07114
V258	0.13955	0.3126	0.08411	0.41919	0.04455
V259	0.40074	0.30915	0.19317	0.06684	0.03011
V260	0.22842	0.11907	0.14075	0.14209	0.36968
V261	0.01004	0.16506	0.45721	0.26062	0.10706
V262	0.68017	0.12355	0.07489	0.09656	0.02483
V263	0.61063	0.1526	0.04056	0.17228	0.02392
V264	0.0686	0.75824	0.07045	0.08616	0.01654
V265	0.61552	0.16882	0.09792	0.09434	0.02339
V266	0.03033	0.07602	0.12915	0.11129	0.65321
V267	0.06382	0.06102	0.043	0.22122	0.61094
V268	0.16142	0.41083	0.17238	0.19838	0.05698
V269	0.06434	0.35242	0.34568	0.19352	0.04405
V270	0.05289	0.04876	0.0576	0.77773	0.06302
V271	0.19951	0.6258	0.06046	0.07575	0.03847
V272	0.09779	0.71019	0.08285	0.06467	0.04449
V273	0.23126	0.11121	0.1915	0.32173	0.1443
V274	0.09589	0.1014	0.07538	0.24592	0.4814
V275	0.03934	0.61663	0.19467	0.12072	0.02864
V276	0	0.18554	0.56889	0.20663	0.03894
V277	0.24629	0.17866	0.48512	0.05731	0.03261
V278	0.00254	0.14421	0.32896	0.40144	0.12284
V279	0.13327	0.05093	0.03897	0.68203	0.09479
V280	0.16871	0.07669	0.06383	0.57067	0.1201
V281	0.0315	0.2284	0.07454	0.60867	0.0569
V282	0.06343	0.79706	0.06551	0.0527	0.0213
V283	0.30739	0.10232	0.14467	0.09834	0.34728
V284	0.01268	0.25043	0.48654	0.05085	0.1995
V285	0.41726	0.42593	0.04122	0.0924	0.0232
V286	0.04231	0.21916	0.64759	0.07125	0.01969
V287	0.19919	0.14865	0.18808	0.29334	0.17074
V288	0.135	0.18741	0.5258	0.05533	0.09647
V289	0.13906	0.23004	0.05531	0.52354	0.05205
V290	0.33499	0.42937	0.16291	0.05837	0.01436
V291	0.3345	0.22599	0.03767	0.36046	0.04138
V292	0.09029	0.16737	0.39321	0.08513	0.26401
V293	0	0.2604	0.63851	0.07626	0.02483
V294	0.03026	0.06706	0.05005	0.1114	0.74122
V295	0.01004	0.1337	0.31744	0.44487	0.09395
V296	0.6582	0.17415	0.02957	0.09731	0.04078
V297	0.00135	0.20093	0.62082	0.13308	0.04383
V298	0.25381	0.05927	0.03073	0.52698	0.12921
V299	0.22945	0.0503	0.03758	0.62935	0.05332
V300	0.73838	0.10651	0.02832	0.10378	0.02301
V301	0.72263	0.09885	0.03344	0.11722	0.02786
V302	0.02413	0.05128	0.03973	0.43812	0.44673
V303	0.09028	0.23869	0.23608	0.19961	0.23534
V304	0.11838	0.21504	0.58767	0.05139	0.02752
V305	0.17824	0.33334	0.13118	0.14823	0.20901
V306	0.27905	0.57107	0.04967	0.07308	0.02714
V307	0.17848	0.11672	0.26303	0.40378	0.03798
V308	0.15263	0.18917	0.53199	0.10475	0.02147
V309	0.50587	0.14406	0.07769	0.17112	0.10126
V310	0.04679	0.07934	0.04568	0.17393	0.65426
V311	0.02628	0.0416	0.06735	0.79436	0.07041
V312	0.07317	0.30557	0.27544	0.05947	0.28636
V313	0.06412	0.29946	0.05491	0.33202	0.2495
V314	0.08679	0.06216	0.03733	0.40573	0.40799
V315	0.72342	0.10116	0.04057	0.09337	0.04149
V316	0.08682	0.51212	0.26978	0.07234	0.05894
V317	0.26457	0.21897	0.43066	0.05784	0.02795
V318	0.70234	0.09563	0.03302	0.09145	0.07755
V319	0.05835	0.23667	0.6364	0.05461	0.01397
V320	0.08159	0.03625	0.03158	0.78064	0.06994
V321	0.10133	0.35364	0.30314	0.2028	0.0391
V322	0	0.334	0.5058	0.08069	0.07952
V323	0.17778	0.29355	0.39473	0.06767	0.06626
V324	0.04416	0.08204	0.06738	0.73979	0.06663
V325	0.48126	0.1795	0.10916	0.16508	0.06501
V326	0.05797	0.08202	0.09638	0.19433	0.56929
V327	0.26551	0.45467	0.14539	0.07521	0.05922
V328	0.04146	0.29977	0.18875	0.42015	0.04987
V329	0.00083	0.15837	0.36154	0.43416	0.04511
V330	0.04226	0.22086	0.65108	0.04354	0.04226
V331	0.12836	0.10272	0.12886	0.15036	0.4897
V332	0.32292	0.19213	0.39074	0.06104	0.03317
V333	0.29799	0.15119	0.29216	0.18182	0.07685
V334	0.0227	0.34453	0.48596	0.10456	0.04226
V335	0.54818	0.14727	0.10656	0.10406	0.09394
V336	0.12725	0.52313	0.27912	0.04716	0.02333
V337	0.02648	0.06233	0.05428	0.22441	0.6325
V338	0.53328	0.13382	0.16543	0.08795	0.07952
V339	0.16763	0.49684	0.21584	0.05078	0.06892
V340	0.0387	0.22195	0.15581	0.11381	0.46973
V341	0.0111	0.47296	0.41655	0.04879	0.0506
V342	0.20464	0.2489	0.39323	0.13466	0.01857
V343	0.49177	0.1458	0.27044	0.07599	0.016
V344	0.09373	0.66346	0.09683	0.07135	0.07463
V345	0.20131	0.1016	0.03658	0.31794	0.34257
V346	0.02515	0.3365	0.3163	0.27176	0.05029
V347	0.07628	0.46655	0.06911	0.32576	0.06229
V348	0.00741	0.23777	0.41464	0.2277	0.11248
V349	0.03971	0.3594	0.47298	0.05622	0.0717
V350	0.09615	0.39977	0.12595	0.25008	0.12805
V351	0.12499	0.16241	0.3878	0.28516	0.03965
V352	0.0803	0.50215	0.34889	0.05055	0.01811
V353	0.22278	0.34	0.08019	0.10244	0.25459
V354	0.39501	0.16943	0.36183	0.05925	0.01447
V355	0.06521	0.12975	0.31885	0.44076	0.04543
V356	0.04995	0.21726	0.63917	0.0604	0.03321
V357	0.02759	0.1885	0.47401	0.0734	0.23651
V358	0.03616	0.07131	0.05913	0.76498	0.06841
V359	0.0578	0.1299	0.03586	0.71764	0.05881
V360	0.52952	0.13846	0.11192	0.19592	0.02418
V361	0.27657	0.45379	0.12976	0.05793	0.08194
V362	0.61576	0.11562	0.11767	0.07727	0.07369
V363	0.04588	0.08528	0.04454	0.21235	0.61196
V364	0.04373	0.28611	0.06161	0.43356	0.17499
V365	0.0215	0.04053	0.03415	0.81777	0.08605
V366	0.138	0.20087	0.49787	0.096	0.06726
V367	0.17971	0.27058	0.22755	0.18992	0.13223
V368	0.55575	0.17637	0.14335	0.08258	0.04195
V369	0.03306	0.57528	0.26439	0.11057	0.0167
V370	0.02485	0.20345	0.15699	0.35886	0.25585
V371	0.05903	0.77127	0.10506	0.05019	0.01445
V372	0.48075	0.16318	0.16009	0.15949	0.03649
V373	0.09894	0.57622	0.17287	0.12861	0.02337
V374	0.07191	0.16161	0.35112	0.37955	0.0358
V375	0.20113	0.18383	0.49137	0.10673	0.01693
V376	0.00936	0.14383	0.40711	0.07127	0.36844
V377	0.07028	0.46772	0.23569	0.19831	0.028
V378	0.11001	0.51198	0.21397	0.05053	0.11351
V379	0.03589	0.08845	0.15319	0.14198	0.58049
V380	0.01895	0.12656	0.19478	0.46494	0.19476
V381	0.15127	0.11009	0.04402	0.09471	0.59991
V382	0.35957	0.06205	0.03202	0.32557	0.22078
V383	0.02822	0.10521	0.27004	0.54963	0.04691
V384	0.22824	0.12919	0.18054	0.39001	0.07202
V385	0.09587	0.14994	0.04699	0.09366	0.61354
V386	0.5179	0.08668	0.03038	0.33067	0.03437
V387	0.23246	0.07137	0.03081	0.59577	0.06958
V388	0.05413	0.7248	0.09267	0.10532	0.02309
V389	0.11388	0.6767	0.07251	0.07968	0.05723
V390	0.16178	0.05157	0.031	0.6311	0.12453
V391	0.56246	0.20273	0.02962	0.14058	0.0646
V392	0.71895	0.12423	0.03526	0.09961	0.02195
V393	0.08764	0.10124	0.17121	0.48608	0.15383
V394	0.55679	0.0967	0.05231	0.2078	0.0864
V395	0.00071	0.12564	0.3514	0.47453	0.04772
V396	0.38152	0.1762	0.36505	0.05841	0.01882
V397	0.52157	0.19647	0.06449	0.16832	0.04915
V398	0.05833	0.07858	0.18629	0.57189	0.10492
V399	0.05395	0.07869	0.03298	0.3162	0.51817
V400	0.13473	0.48263	0.191	0.17094	0.0207
V401	0.2115	0.1831	0.5127	0.07752	0.01517
V402	0.26113	0.17527	0.39209	0.10838	0.06313
V403	0.15029	0.12731	0.03346	0.19873	0.49022
V404	0	0.17719	0.43461	0.32871	0.05948
V405	0.2825	0.28076	0.10513	0.2399	0.09171
V406	0	0.23184	0.70181	0.04265	0.02369
V407	0.6677	0.13067	0.06096	0.11939	0.02127
V408	0.04037	0.36836	0.05101	0.28024	0.26002
V409	0.10217	0.06337	0.09011	0.62087	0.12348
V410	0.09887	0.23015	0.32891	0.09174	0.25032
V411	0.03129	0.06477	0.04046	0.1216	0.74188
V412	0.02861	0.20932	0.17467	0.09183	0.49557
V413	0.02449	0.28258	0.18459	0.3509	0.15744
V414	0.05154	0.12057	0.0307	0.47481	0.32238
V415	0.1686	0.06249	0.04256	0.0996	0.62675
V416	0.10937	0.1405	0.05966	0.20419	0.48628
V417	0	0.19721	0.61514	0.13362	0.05403
V418	0.44013	0.38162	0.06047	0.07977	0.03801
V419	0.23008	0.08853	0.05446	0.18492	0.44201
V420	0.2092	0.08781	0.1419	0.11686	0.44423
V421	0.0178	0.09349	0.17336	0.1192	0.59615
V422	0.02558	0.06195	0.07697	0.66603	0.16947
V423	0.21637	0.25593	0.28352	0.20477	0.03941
V424	0	0.16454	0.46778	0.0597	0.30797
V425	0.29748	0.3738	0.04062	0.07666	0.21144
V426	0.20397	0.20419	0.05339	0.44158	0.09687
V427	0.17161	0.5669	0.19259	0.05026	0.01864
V428	0.08568	0.58278	0.12587	0.12756	0.07811
V429	0.11559	0.68363	0.05669	0.10867	0.03542
V430	0.02296	0.15355	0.39471	0.19756	0.23122
V431	0.0928	0.37252	0.22439	0.24933	0.06095
V432	0.24642	0.13919	0.14978	0.3383	0.12631
V433	0.13456	0.16427	0.44653	0.21501	0.03963
V434	0.17642	0.3367	0.35851	0.06188	0.06649
V435	0.38586	0.17979	0.32656	0.08708	0.02072
V436	0.05621	0.54923	0.1529	0.09398	0.14769
V437	0.18129	0.08691	0.0633	0.22549	0.44301
V438	0.10873	0.32523	0.2219	0.27514	0.069
V439	0.4785	0.08167	0.07363	0.32219	0.04401
V440	0.01011	0.3934	0.49768	0.05424	0.04458
V441	0.02286	0.50702	0.38326	0.06749	0.01938
V442	0.06295	0.79557	0.07385	0.05242	0.01522
V443	0.71756	0.09764	0.03309	0.12835	0.02336
V444	0.13608	0.4029	0.0725	0.33227	0.05625
V445	0.06264	0.38335	0.08124	0.42211	0.05066
V446	0.10048	0.09773	0.12681	0.52455	0.15043
V447	0.07522	0.05383	0.04435	0.46878	0.35782
V448	0.16608	0.07358	0.05888	0.10966	0.5918
V449	0	0.22663	0.71602	0.0431	0.01425
V450	0.16556	0.18464	0.26366	0.16678	0.21937
V451	0.22927	0.22766	0.09569	0.33968	0.1077
V452	0.01777	0.08007	0.17922	0.63914	0.0838
V453	0.03323	0.05578	0.02983	0.48433	0.39683
V454	0	0.19268	0.58324	0.06666	0.15743
V455	0.0527	0.29336	0.30119	0.09128	0.26147
V456	0.71715	0.10229	0.02679	0.11097	0.04281
V457	0.51801	0.24698	0.06743	0.12158	0.04601
V458	0.01179	0.39568	0.46578	0.08553	0.04122
V459	0.12519	0.11391	0.08541	0.4702	0.2053
V460	0.49039	0.15415	0.20323	0.11892	0.03332
V461	0.15079	0.34324	0.26636	0.06802	0.1716
V462	0.05787	0.1154	0.04583	0.50295	0.27795
V463	0.18805	0.10102	0.04013	0.61268	0.05812
V464	0.10705	0.29182	0.52663	0.05626	0.01824
V465	0.05693	0.1505	0.05663	0.10997	0.62596
V466	0.04785	0.05247	0.03655	0.18818	0.67495
V467	0.06	0.25512	0.05854	0.51602	0.11032
V468	0.43319	0.32645	0.1404	0.06423	0.03573
V469	0.02506	0.33636	0.10124	0.29245	0.24489
V470	0.63313	0.1384	0.05386	0.14714	0.02747
V471	0.32514	0.30501	0.06586	0.18449	0.1195
V472	0.02651	0.09918	0.08589	0.10046	0.68796
V473	0.02689	0.26797	0.26188	0.29995	0.14331
V474	0.24187	0.1753	0.09149	0.42218	0.06916
V475	0.10814	0.19472	0.50644	0.07329	0.11741
V476	0.13489	0.09828	0.12416	0.55162	0.09104
V477	0.05523	0.80265	0.07454	0.05236	0.01523
V478	0.17828	0.07086	0.04242	0.09802	0.61042
V479	0.63168	0.14026	0.06086	0.14033	0.02687
V480	0.1225	0.57987	0.10682	0.14836	0.04245
V481	0.20634	0.36341	0.10352	0.21039	0.11634
V482	0.09602	0.60384	0.22984	0.04653	0.02377
V483	0.27286	0.47982	0.04397	0.14894	0.05441
V484	0.18109	0.47118	0.15676	0.15992	0.03105
V485	0.49269	0.16484	0.13717	0.168	0.0373
V486	0.05797	0.18651	0.31732	0.06583	0.37236
V487	0.09665	0.22296	0.3771	0.27019	0.0331
V488	0.35052	0.11863	0.02604	0.35696	0.14784
V489	0	0.3186	0.5596	0.09569	0.02611
V490	0	0.19237	0.5969	0.18364	0.02709
V491	0.03952	0.45122	0.09912	0.14358	0.26656
V492	0.03866	0.16108	0.06268	0.66365	0.07393
V493	0.03004	0.03282	0.03348	0.83028	0.07338
V494	0.27676	0.05724	0.04538	0.51882	0.1018
V495	0.25224	0.26942	0.22693	0.19006	0.06136
V496	0.13481	0.10558	0.09599	0.08889	0.57474
V497	0.0948	0.12217	0.18331	0.15922	0.4405
V498	0.07497	0.7497	0.08599	0.057	0.03234
V499	0.03675	0.28977	0.28596	0.10751	0.28001
V500	0.09439	0.45466	0.15268	0.23182	0.06644
V501	0.07919	0.33794	0.06125	0.0832	0.43842
V502	0.1216	0.68808	0.0971	0.07782	0.01539
V503	0.34076	0.12831	0.2191	0.17801	0.13381
V504	0.4088	0.2392	0.04115	0.08314	0.2277
V505	0.50705	0.08902	0.0548	0.15381	0.19532
V506	0.03189	0.50353	0.12032	0.06668	0.27758
V507	0.64286	0.09425	0.05828	0.16095	0.04365
V508	0.02548	0.57775	0.25193	0.07835	0.06649
V509	0.04818	0.44109	0.18151	0.21221	0.11702
V510	0.33386	0.4566	0.08823	0.09883	0.02248
V511	0.04013	0.36405	0.46536	0.07402	0.05643
V512	0.12463	0.44762	0.2118	0.09228	0.12368
V513	0.14771	0.5989	0.12393	0.09097	0.03848
V514	0.01941	0.10704	0.25933	0.10793	0.50629
V515	0.077	0.14507	0.02822	0.69251	0.05719
V516	0.13434	0.35332	0.14519	0.32404	0.0431
V517	0.02605	0.0754	0.07669	0.7541	0.06777
V518	0.2997	0.14633	0.30439	0.20497	0.04462
V519	0.60786	0.13625	0.03289	0.19259	0.03042
V520	0.0735	0.73286	0.07662	0.09978	0.01724
V521	0.173	0.07849	0.15405	0.54154	0.05293
V522	0.02682	0.29035	0.49398	0.14387	0.04498
V523	0.0905	0.22476	0.58644	0.07851	0.01979
V524	0.22879	0.19473	0.47238	0.05169	0.05241
V525	0.02961	0.23909	0.07812	0.0935	0.55968
V526	0.01408	0.22823	0.66432	0.05967	0.0337
V527	0.05967	0.46725	0.3886	0.05567	0.02881
V528	0.14038	0.04546	0.04651	0.70947	0.05818
V529	0.13344	0.21328	0.57861	0.05195	0.02271
V530	0	0.22187	0.6712	0.07683	0.0301
V531	0.15313	0.49016	0.13765	0.06915	0.14991
V532	0.05252	0.31953	0.31789	0.05594	0.25411
V533	0.26122	0.07234	0.03226	0.09574	0.53844
V534	0.11947	0.09951	0.02557	0.68037	0.07508
V535	0.62778	0.19122	0.07854	0.07934	0.02311
V536	0.09411	0.26999	0.37478	0.07859	0.18252
V537	0.03833	0.08531	0.05793	0.10514	0.71329
V538	0.50891	0.17142	0.03657	0.10547	0.17763
V539	0.00076	0.27308	0.5499	0.11715	0.0591
V540	0.14354	0.45403	0.13675	0.09827	0.16741
V541	0.04265	0.40641	0.07338	0.09299	0.38456
V542	0.03747	0.33566	0.14875	0.39848	0.07964
V543	0.03593	0.25068	0.56137	0.08007	0.07195
V544	0.2701	0.25373	0.20561	0.11409	0.15647
V545	0.50263	0.35626	0.04514	0.07834	0.01763
V546	0.06473	0.68497	0.1405	0.0549	0.0549
V547	0.08944	0.67967	0.05647	0.13729	0.03713
V548	0.02234	0.08802	0.03546	0.78389	0.0703
V549	0.02535	0.06347	0.06259	0.23791	0.61068
V550	0.04241	0.73151	0.15205	0.05412	0.01992
V551	0.0314	0.03084	0.02521	0.84464	0.06791
V552	0.21226	0.08259	0.05681	0.12078	0.52757
V553	0.60027	0.09833	0.04467	0.19961	0.05712
V554	0.07376	0.1831	0.43076	0.27376	0.03862
V555	0.05317	0.78935	0.07314	0.05138	0.03295
V556	0.07751	0.0977	0.08357	0.64893	0.09229
V557	0.25792	0.25961	0.07126	0.34192	0.06928
V558	0	0.204	0.61694	0.1448	0.03426
V559	0.07123	0.43044	0.41518	0.04964	0.0335
V560	0.4757	0.28458	0.15807	0.06595	0.01571
V561	0.53796	0.11236	0.15773	0.08421	0.10774
V562	0.11273	0.14149	0.19162	0.14802	0.40614
V563	0.17197	0.30409	0.23029	0.14565	0.14799
V564	0.29037	0.0952	0.08906	0.34958	0.17579
V565	0.02827	0.06697	0.05755	0.13947	0.70773
V566	0.25373	0.18009	0.06098	0.3354	0.1698
V567	0	0.22371	0.71418	0.04306	0.01906
V568	0.01806	0.28896	0.39742	0.26801	0.02756
V569	0.47446	0.17701	0.1315	0.16882	0.04821
V570	0.10283	0.13114	0.28066	0.40063	0.08474
V571	0.20413	0.11586	0.2432	0.32055	0.11626
V572	0.66737	0.09501	0.02613	0.09528	0.11621
V573	0.05878	0.17266	0.32864	0.3357	0.10422
V574	0.40574	0.30816	0.10989	0.14047	0.03575
V575	0.30653	0.11894	0.1527	0.11619	0.30564
V576	0.04946	0.76348	0.07126	0.05822	0.05758
V577	0.33503	0.45549	0.08046	0.10599	0.02302
V578	0.0124	0.26108	0.46149	0.20913	0.0559
V579	0.01595	0.49298	0.33879	0.06424	0.08804
V580	0.1851	0.48437	0.06036	0.22745	0.04273
V581	0.03667	0.46614	0.36875	0.10685	0.02159
V582	0	0.23912	0.69851	0.04813	0.01423
V583	0.42899	0.1593	0.31212	0.08355	0.01604
V584	0.18505	0.47208	0.15116	0.08143	0.11029
V585	0.04773	0.67425	0.12336	0.09676	0.0579
V586	0.03594	0.67764	0.21342	0.05884	0.01416
V587	0.05977	0.62089	0.06389	0.07833	0.17712
V588	0.16932	0.41198	0.35279	0.04806	0.01786
V589	0.08844	0.37921	0.08896	0.38907	0.05433
V590	0.05553	0.69623	0.05911	0.06135	0.12777
V591	0.37222	0.45693	0.0806	0.06911	0.02113
V592	0.0016	0.19606	0.62377	0.06958	0.109
V593	0.34687	0.06523	0.03004	0.478	0.07986
V594	0	0.25468	0.54665	0.14834	0.05033
V595	0.40975	0.11816	0.09273	0.31878	0.06057
V596	0.33983	0.25207	0.21874	0.15356	0.0358
V597	0.03966	0.22078	0.04871	0.17311	0.51774
V598	0.4951	0.08545	0.03509	0.08768	0.29668
V599	0.06667	0.38155	0.13227	0.36136	0.05816
V600	0.21866	0.11185	0.19872	0.35693	0.11384
V601	0.13239	0.13359	0.03647	0.46912	0.22843
V602	0.64459	0.21307	0.0319	0.09041	0.02003
V603	0.12821	0.18533	0.06882	0.18887	0.42877
V604	0.00336	0.19982	0.58623	0.11866	0.09192
V605	0.03517	0.14136	0.17171	0.13402	0.51774
V606	0.66751	0.08882	0.02591	0.09591	0.12184
V607	0.15887	0.16353	0.06143	0.09368	0.5225
V608	0.58435	0.10939	0.06015	0.14771	0.09839
V609	0.16254	0.30142	0.05106	0.39163	0.09336
V610	0.08343	0.57507	0.05867	0.25049	0.03234
V611	0.18005	0.19887	0.50629	0.06635	0.04843
V612	0.28295	0.1716	0.3067	0.0732	0.16555
V613	0.33377	0.4812	0.08214	0.08626	0.01662
V614	0.44855	0.10649	0.04952	0.1424	0.25303
V615	0.01367	0.14759	0.15956	0.52179	0.15739
V616	0.48907	0.11591	0.16576	0.18063	0.04862
V617	0.15842	0.20446	0.41673	0.12027	0.10012
V618	0.55556	0.17239	0.09312	0.08631	0.09262
V619	0.42208	0.14622	0.17625	0.07615	0.1793
V620	0.03212	0.13936	0.33628	0.44657	0.04567
V621	0.11115	0.2898	0.31146	0.05674	0.23085
V622	0.01517	0.28693	0.36094	0.0632	0.27377
V623	0.0732	0.04642	0.03293	0.65691	0.19055
V624	0.69751	0.09399	0.03251	0.10807	0.06792
V625	0.01541	0.11023	0.12114	0.69059	0.06263
V626	0.04616	0.17896	0.47629	0.25592	0.04266
V627	0.10105	0.21721	0.16085	0.09532	0.42557
V628	0.71634	0.11048	0.03402	0.11647	0.02269
V629	0.07953	0.32292	0.51774	0.06122	0.01858
V630	0.02998	0.22002	0.06859	0.10328	0.57812
V631	0.00909	0.12557	0.30351	0.08226	0.47956
V632	0.05375	0.68297	0.06624	0.08124	0.1158
V633	0.05729	0.07118	0.12107	0.49916	0.2513
V634	0.31678	0.42594	0.17934	0.06332	0.01463
V635	0.04065	0.18838	0.2255	0.08789	0.45756
V636	0.14937	0.24697	0.30987	0.19594	0.09786
V637	0.1531	0.15542	0.37649	0.23394	0.08105
V638	0.07834	0.4469	0.07218	0.13029	0.2723
V639	0.41243	0.38903	0.11421	0.06376	0.02057
V640	0.10192	0.22867	0.12137	0.25478	0.29327
V641	0.09361	0.62642	0.0773	0.16445	0.03822
V642	0.56865	0.11161	0.03148	0.2586	0.02967
V643	0.05296	0.73621	0.12706	0.06871	0.01506
V644	0.0471	0.39653	0.06574	0.42686	0.06376
V645	0.14685	0.6431	0.06972	0.122	0.01832
V646	0.12175	0.4806	0.07724	0.24567	0.07474
V647	0.70862	0.09606	0.03266	0.13894	0.02372
V648	0.36984	0.15418	0.03492	0.29828	0.14278
V649	0.23324	0.16013	0.11544	0.16238	0.3288
V650	0.03334	0.0466	0.08386	0.77348	0.06272
V651	0.13212	0.21339	0.03088	0.57397	0.04964
V652	0.29892	0.07019	0.06072	0.51273	0.05744
V653	0.28228	0.08122	0.07763	0.485	0.07387
V654	0.04884	0.12819	0.03848	0.14594	0.63855
V655	0.11827	0.15799	0.29385	0.38769	0.0422
V656	0.12133	0.07079	0.03365	0.17698	0.59726
V657	0.0391	0.44894	0.0781	0.32516	0.10871
V658	0.0368	0.07609	0.06099	0.58162	0.2445
V659	0.02374	0.0749	0.10254	0.69647	0.10236
V660	0.06851	0.34784	0.06992	0.10365	0.41007
V661	0.04762	0.58347	0.06889	0.20135	0.09867
V662	0.04357	0.43226	0.07471	0.06937	0.38009
V663	0.74128	0.10304	0.03504	0.09799	0.02265
V664	0.03052	0.0725	0.15221	0.39647	0.34829
V665	0.02505	0.56772	0.25037	0.11205	0.04481
V666	0.09068	0.73623	0.1014	0.05706	0.01463
V667	0.02713	0.50667	0.28974	0.12509	0.05136
V668	0.49119	0.27145	0.08365	0.11892	0.03479
V669	0.38075	0.31806	0.06578	0.14019	0.09521
V670	0.08901	0.57212	0.10179	0.08255	0.15454
V671	0.55242	0.12996	0.19702	0.09805	0.02254
V672	0.08879	0.13475	0.12658	0.31994	0.32994
V673	0.02937	0.07718	0.03792	0.18699	0.66853
V674	0.2513	0.23147	0.4278	0.05194	0.0375
V675	0.53513	0.09277	0.06736	0.20112	0.10361
V676	0.17841	0.23345	0.43872	0.05124	0.09817
V677	0.03732	0.29918	0.24164	0.34669	0.07516
V678	0.0599	0.32929	0.0613	0.09928	0.45023
V679	0.00481	0.15047	0.41467	0.38835	0.04169
V680	0.15834	0.06296	0.05172	0.37079	0.35618
V681	0.41745	0.10505	0.06945	0.31158	0.09647
V682	0	0.22663	0.71602	0.0431	0.01425
V683	0.03992	0.29528	0.5395	0.04474	0.08057
V684	0.06446	0.04283	0.03225	0.79591	0.06454
V685	0	0.21341	0.65192	0.11233	0.02235
V686	0.23715	0.54439	0.11857	0.07393	0.02595
V687	0	0.16471	0.50077	0.29462	0.0399
V688	0	0.22211	0.70602	0.04803	0.02384
V689	0.37354	0.15808	0.20906	0.14819	0.11112
V690	0.10059	0.73016	0.0759	0.07191	0.02144
V691	0.12545	0.16353	0.07683	0.56107	0.07312
V692	0.07228	0.06261	0.04089	0.70076	0.12346
V693	0.01214	0.48206	0.41955	0.06677	0.0195
V694	0.08361	0.20976	0.0721	0.53658	0.09794
V695	0.11596	0.19086	0.18516	0.08744	0.42059
V696	0.07461	0.19546	0.59925	0.05206	0.07863
V697	0.07853	0.20149	0.31318	0.30523	0.10156
V698	0.02333	0.11311	0.21736	0.09051	0.55568
V699	0.04303	0.06417	0.07663	0.61364	0.20253
V700	0.05813	0.70467	0.13382	0.04844	0.05494
V701	0.03097	0.21823	0.05993	0.09724	0.59363
V702	0.0319	0.14037	0.03763	0.62902	0.16108
V703	0.02814	0.05293	0.05063	0.7974	0.0709
V704	0.03441	0.18655	0.39084	0.074	0.3142
V705	0.71675	0.10877	0.02716	0.10491	0.04241
V706	0.12542	0.20333	0.18203	0.39722	0.092
V707	0.12904	0.17489	0.10878	0.29104	0.29625
V708	0.01787	0.53775	0.3821	0.04894	0.01335
V709	0.02719	0.08074	0.07695	0.10404	0.71108
V710	0.09304	0.17979	0.44432	0.05595	0.22691
V711	0.07367	0.06238	0.06348	0.11818	0.68229
V712	0.03251	0.19569	0.56821	0.17225	0.03135
V713	0.18927	0.42072	0.3151	0.06115	0.01376
V714	0.06879	0.06546	0.03832	0.109	0.71843
V715	0	0.34576	0.5162	0.11572	0.02232
V716	0.57292	0.22768	0.04468	0.1191	0.03563
V717	0.3227	0.22882	0.15393	0.08709	0.20746
V718	0.4815	0.1427	0.26063	0.07046	0.0447
V719	0.32152	0.27547	0.13703	0.1571	0.10889
V720	0.12034	0.12034	0.131	0.1125	0.51582
V721	0.04298	0.07583	0.09255	0.11479	0.67384
V722	0.03063	0.24995	0.09422	0.46333	0.16188
V723	0.09539	0.24416	0.14115	0.4601	0.0592
V724	0.11457	0.57385	0.09044	0.19297	0.02817
V725	0.04882	0.06701	0.04837	0.10838	0.72743
V726	0.19199	0.46649	0.10162	0.10599	0.13391
V727	0	0.22363	0.70444	0.04807	0.02387
V728	0.57484	0.12965	0.13922	0.13133	0.02496
V729	0.47589	0.16917	0.05583	0.26447	0.03464
V730	0.08801	0.15059	0.35515	0.33382	0.07243
V731	0.01709	0.06127	0.08554	0.77343	0.06267
V732	0.03014	0.0328	0.03355	0.83633	0.06719
V733	0.00662	0.23611	0.69109	0.04262	0.02355
V734	0.3521	0.20516	0.32513	0.09183	0.02578
V735	0.06526	0.2356	0.25017	0.08705	0.36191
V736	0.03036	0.10005	0.04978	0.10576	0.71405
V737	0.73709	0.1082	0.0352	0.09707	0.02244
V738	0.03578	0.44688	0.06686	0.07681	0.37368
V739	0.03132	0.04664	0.02549	0.82945	0.0671
V740	0.19324	0.15997	0.14528	0.09094	0.41057
V741	0.41502	0.08672	0.03146	0.33573	0.13107
V742	0.04755	0.18093	0.47393	0.17366	0.12393
V743	0.03916	0.11913	0.11677	0.17371	0.55123
V744	0.15687	0.1402	0.18437	0.44834	0.07022
V745	0.14772	0.07595	0.07197	0.6445	0.05987
V746	0.3052	0.50234	0.08407	0.06595	0.04245
V747	0.00672	0.23365	0.68302	0.04811	0.02849
V748	0.12946	0.27814	0.29296	0.10306	0.19637
V749	0.15648	0.16379	0.14625	0.40027	0.13322
V750	0.58785	0.2326	0.03832	0.12059	0.02063
V751	0.01864	0.40492	0.49775	0.0599	0.0188
V752	0.03819	0.17784	0.06738	0.09959	0.617
V753	0.40219	0.16839	0.2451	0.08734	0.09699
V754	0.10831	0.30715	0.04376	0.4911	0.04968
V755	0.2109	0.62255	0.0918	0.05484	0.01991
V756	0.03707	0.15897	0.06564	0.1391	0.59922
V757	0.15045	0.06716	0.12105	0.60437	0.05696
V758	0.06772	0.39536	0.04093	0.44907	0.04693
V759	0.09258	0.11481	0.14251	0.08557	0.56453
V760	0.06912	0.1301	0.23346	0.26563	0.30169
V761	0.03379	0.34217	0.55786	0.04803	0.01814
V762	0.01962	0.12206	0.19804	0.38299	0.27729
V763	0.04285	0.29303	0.05309	0.08346	0.52757
V764	0.10174	0.11361	0.10865	0.61249	0.0635
V765	0.11155	0.20068	0.53395	0.08262	0.07119
V766	0.05981	0.46869	0.27366	0.08812	0.10973
V767	0.23312	0.44889	0.10743	0.09856	0.112
V768	0.06117	0.71788	0.10878	0.09024	0.02193
V769	0.5518	0.13515	0.19147	0.07559	0.04598
V770	0.2128	0.16632	0.42769	0.16723	0.02596
V771	0.06902	0.64277	0.06322	0.13202	0.09296
V772	0.02041	0.22963	0.68724	0.04852	0.01421
V773	0.04644	0.05799	0.03495	0.24137	0.61925
V774	0.1124	0.17409	0.47576	0.0539	0.18385
V775	0.69007	0.09665	0.04551	0.13509	0.03267
V776	0.27997	0.41394	0.18963	0.08021	0.03624
V777	0.16636	0.38695	0.26023	0.13535	0.05112
V778	0.43623	0.12193	0.04066	0.25158	0.1496
V779	0.04537	0.42581	0.45064	0.05474	0.02344
V780	0	0.22334	0.71327	0.04878	0.0146
V781	0.15079	0.34276	0.21002	0.0597	0.23673
V782	0.21616	0.2718	0.06258	0.0828	0.36667
V783	0	0.18291	0.55205	0.0694	0.19564
V784	0.03841	0.55294	0.05076	0.26693	0.09096
V785	0.5625	0.18802	0.02873	0.16037	0.06038
V786	0.14843	0.2126	0.04631	0.52781	0.06485
V787	0.12749	0.53461	0.04829	0.21645	0.07315
V788	0.31321	0.40737	0.11122	0.06136	0.10684
V789	0.02636	0.18263	0.04275	0.41403	0.33423
V790	0.24534	0.26158	0.10046	0.16119	0.23143
V791	0.15978	0.25361	0.11119	0.22548	0.24993
V792	0.71481	0.11478	0.04791	0.09159	0.0309
V793	0.28167	0.29144	0.0918	0.14352	0.19157
V794	0.02678	0.09807	0.14215	0.22726	0.50575
V795	0.12531	0.71461	0.07463	0.05898	0.02647
V796	0.24041	0.39484	0.14339	0.1777	0.04365
V797	0.15126	0.05899	0.0344	0.11696	0.63839
V798	0.12697	0.48017	0.05506	0.13452	0.20328
V799	0.0377	0.18299	0.08063	0.60939	0.08929
V800	0.04498	0.07183	0.05353	0.19673	0.63293
V801	0.29938	0.09336	0.14249	0.40379	0.06098
V802	0.04945	0.23566	0.05936	0.09428	0.56125
V803	0.25983	0.08104	0.03103	0.56085	0.06725
V804	0.15761	0.22137	0.21413	0.33897	0.06792
V805	0.10488	0.24008	0.39899	0.17385	0.08219
V806	0.36854	0.12904	0.2109	0.11891	0.17261
V807	0.56192	0.10213	0.09012	0.12073	0.1251
V808	0.64502	0.1065	0.07418	0.08765	0.08664
V809	0.17921	0.5503	0.07311	0.08427	0.11311
V810	0.03779	0.10668	0.07276	0.46215	0.32062
V811	0.06346	0.14916	0.06277	0.17619	0.54843
V812	0.02665	0.58681	0.23478	0.11241	0.03935
V813	0.0323	0.2839	0.25372	0.06421	0.36586
V814	0.17016	0.49575	0.10956	0.18549	0.03904
V815	0.20293	0.5918	0.08174	0.10107	0.02246
V816	0.03383	0.45776	0.05316	0.39387	0.06138
V817	0.58286	0.14284	0.16087	0.09536	0.01806
V818	0.03089	0.28696	0.35929	0.08141	0.24146
V819	0.7108	0.11134	0.04062	0.11496	0.02229
V820	0.06332	0.35405	0.15682	0.36749	0.05832
V821	0.03157	0.06525	0.04085	0.11407	0.74827
V822	0.16842	0.06063	0.0387	0.67599	0.05626
V823	0.04618	0.18082	0.25946	0.07143	0.44211
V824	0.08353	0.09595	0.06386	0.09828	0.65838
V825	0.09457	0.18303	0.52792	0.17311	0.02137
V826	0.01288	0.22305	0.68953	0.05978	0.01477
V827	0.29751	0.17779	0.0285	0.38476	0.11144
V828	0.21232	0.208	0.14407	0.12043	0.31518
V829	0.07247	0.1903	0.31292	0.19489	0.22942
V830	0.09354	0.20008	0.56188	0.06438	0.08012
V831	0.03811	0.63951	0.10477	0.17831	0.03929
V832	0.19205	0.07227	0.10339	0.28008	0.3522
V833	0.17543	0.66307	0.0632	0.05493	0.04337
V834	0.57493	0.19951	0.06475	0.10004	0.06077
V835	0.2096	0.29956	0.12468	0.27749	0.08867
V836	0.25881	0.201	0.38667	0.13028	0.02325
V837	0.04599	0.72038	0.07656	0.08596	0.0711
V838	0.0154	0.0503	0.10207	0.76372	0.0685
V839	0.04989	0.10733	0.11921	0.09195	0.63162
V840	0.70062	0.10741	0.05339	0.11216	0.02642
V841	0.13967	0.20858	0.58143	0.05217	0.01815
V842	0.38682	0.14967	0.21095	0.21711	0.03545
V843	0.36883	0.11182	0.17166	0.13141	0.21628
V844	0	0.29829	0.61349	0.05926	0.02896
V845	0.04005	0.04439	0.0271	0.60549	0.28298
V846	0.10957	0.12093	0.13978	0.13403	0.49569
V847	0.19693	0.07936	0.08884	0.19076	0.44411
V848	0.58281	0.1152	0.0325	0.15781	0.11168
V849	0.08546	0.22259	0.57194	0.0517	0.06831
V850	0.16842	0.1529	0.29496	0.17921	0.20451
V851	0.73985	0.10054	0.02785	0.10375	0.02801
V852	0.21303	0.13298	0.11412	0.21778	0.32209
V853	0.01613	0.25377	0.51854	0.14477	0.06679
V854	0.0394	0.37376	0.27725	0.11522	0.19437
V855	0.09323	0.37215	0.13202	0.31032	0.09229
V856	0.14816	0.39575	0.10263	0.06477	0.28868
V857	0.07029	0.1234	0.19355	0.4012	0.21155
V858	0.0249	0.36141	0.2242	0.22335	0.16614
V859	0.12386	0.05975	0.04747	0.68716	0.08177
V860	0.04445	0.17188	0.09696	0.59216	0.09455
V861	0.12243	0.0954	0.14885	0.5782	0.05512
V862	0.08092	0.06752	0.06051	0.1765	0.61455
V863	0.05173	0.77776	0.08027	0.0573	0.03295
V864	0.01293	0.21084	0.67136	0.08862	0.01626
V865	0.0495	0.17891	0.52623	0.22088	0.02449
V866	0.01347	0.20572	0.53225	0.20931	0.03925
V867	0.48791	0.10697	0.03571	0.08602	0.28339
V868	0.16418	0.2934	0.37288	0.13588	0.03366
V869	0.03705	0.06194	0.06691	0.11442	0.71968
V870	0.23075	0.21207	0.11383	0.26644	0.17691
V871	0.04583	0.12613	0.14336	0.16039	0.52429
V872	0.32278	0.09563	0.03887	0.46413	0.0786
V873	0.05171	0.32911	0.18309	0.35363	0.08247
V874	0.10438	0.10839	0.04544	0.10487	0.63692
V875	0.02427	0.19981	0.05859	0.48569	0.23163
V876	0.40124	0.13946	0.09201	0.09114	0.27614
V877	0.20044	0.55353	0.0877	0.12878	0.02955
V878	0.03739	0.59883	0.09403	0.23275	0.037
V879	0.69252	0.12787	0.04095	0.11206	0.0266
V880	0.0842	0.12349	0.06292	0.43375	0.29564
V881	0.00359	0.17211	0.49651	0.05639	0.2714
V882	0.04922	0.4232	0.05889	0.42945	0.03923
V883	0.41766	0.21253	0.04459	0.22294	0.10227
V884	0.03151	0.05637	0.04068	0.12339	0.74804
V885	0.12519	0.19241	0.37154	0.14137	0.16949
V886	0.02353	0.05528	0.06987	0.28464	0.56668
V887	0.09382	0.74646	0.06932	0.05216	0.03824
V888	0.06143	0.13764	0.08609	0.61841	0.09643
V889	0.11218	0.69261	0.09772	0.07088	0.0266
V890	0.03561	0.08592	0.16291	0.58207	0.13349
V891	0	0.23811	0.69378	0.05369	0.01442
V892	0.48399	0.26873	0.05539	0.07907	0.11282
V893	0.09968	0.28034	0.454	0.10773	0.05824
V894	0.09221	0.4743	0.09405	0.27518	0.06427
V895	0.48246	0.14364	0.26582	0.08689	0.02119
V896	0.16285	0.26566	0.24684	0.28978	0.03487
V897	0.01782	0.04295	0.0683	0.71864	0.1523
V898	0.35753	0.07954	0.04474	0.1101	0.40809
V899	0.44648	0.32858	0.1179	0.06565	0.04138
V900	0.19325	0.28406	0.27827	0.20495	0.03947
V901	0.53083	0.12399	0.0324	0.22977	0.08301
V902	0.65038	0.13176	0.04701	0.11898	0.05187
V903	0.22969	0.12906	0.09766	0.47098	0.07261
V904	0.53788	0.18954	0.17282	0.06923	0.03054
V905	0.03208	0.31852	0.10798	0.33859	0.20282
