mature.neutrophil	CD14.pos.CD16.neg.classical.monocyte	macrophage	memory.CD4.pos.AB.T.cell	cytotoxic.CD56.dim.NK.cell
V1	0.27803	0.20742	0.22377	0.17621	0.11457
V2	0.05731	0.69769	0.0874	0.11871	0.03889
V3	0.05538	0.142	0.35959	0.41646	0.02658
V4	0.00997	0.11183	0.21925	0.0933	0.56565
V5	0.01433	0.0698	0.07131	0.13964	0.70493
V6	0.28048	0.13565	0.23447	0.25356	0.09584
V7	0.00641	0.15914	0.36565	0.10928	0.35952
V8	0.00852	0.21659	0.6534	0.10679	0.0147
V9	0.04886	0.09863	0.2248	0.60317	0.02453
V10	0.37982	0.17856	0.36242	0.04829	0.0309
V11	0.03192	0.0937	0.10868	0.10575	0.65995
V12	0.0713	0.10525	0.19991	0.32142	0.30212
V13	0.1177	0.09736	0.04961	0.43899	0.29635
V14	0.13929	0.0669	0.07564	0.63027	0.08791
V15	0.02152	0.05635	0.0149	0.86631	0.04092
V16	0.47433	0.13009	0.02581	0.34825	0.02151
V17	0.06312	0.25382	0.0376	0.10545	0.54002
V18	0.07802	0.41004	0.24332	0.25084	0.01778
V19	0.02732	0.06627	0.01769	0.15712	0.73161
V20	0.00059	0.17851	0.55878	0.23844	0.02367
V21	0.0197	0.27963	0.13917	0.20238	0.35911
V22	0.66986	0.16401	0.06907	0.06361	0.03345
V23	0.07274	0.07664	0.03777	0.17326	0.63959
V24	0.40304	0.17033	0.03513	0.09968	0.29181
V25	0.02229	0.07275	0.02987	0.44857	0.42652
V26	0.41372	0.23818	0.07105	0.09619	0.18087
V27	0.11509	0.47616	0.19124	0.06205	0.15546
V28	0.02618	0.1371	0.18311	0.61005	0.04356
V29	0.00398	0.10318	0.27985	0.58226	0.03073
V30	0.61304	0.1709	0.03847	0.08529	0.0923
V31	0.36848	0.17947	0.02874	0.26954	0.15376
V32	0.75382	0.09918	0.0193	0.07364	0.05406
V33	0.0225	0.21292	0.03672	0.15945	0.56841
V34	0.12593	0.75205	0.04492	0.07344	0.00367
V35	0.09045	0.5648	0.25604	0.08275	0.00596
V36	0.02546	0.22311	0.16883	0.13211	0.45049
V37	0.62817	0.09025	0.01228	0.07644	0.19286
V38	0.10225	0.16287	0.38986	0.22063	0.12438
V39	0.2764	0.1575	0.27907	0.06291	0.22412
V40	0.21523	0.54109	0.04711	0.16235	0.03422
V41	0.05462	0.75779	0.0529	0.06705	0.06765
V42	0.70444	0.12595	0.03087	0.07517	0.06357
V43	0.39536	0.22579	0.28389	0.07561	0.01935
V44	0.03043	0.35693	0.46836	0.04972	0.09456
V45	0.03836	0.59974	0.12149	0.19926	0.04114
V46	0.11584	0.67496	0.10053	0.09116	0.01751
V47	0.00022	0.22787	0.70858	0.04313	0.0202
V48	0.14465	0.19271	0.2004	0.34707	0.11517
V49	0.38527	0.21604	0.19713	0.18037	0.02119
V50	0.01833	0.23594	0.68986	0.04231	0.01356
V51	0.09445	0.29668	0.19239	0.10947	0.30701
V52	0.06098	0.81235	0.04878	0.07529	0.00259
V53	0.02668	0.17057	0.02616	0.74899	0.02761
V54	0.19091	0.05812	0.0256	0.55852	0.16685
V55	0.06699	0.04449	0.01366	0.84149	0.03337
V56	0.06545	0.03939	0.01985	0.76045	0.11486
V57	0.1317	0.24841	0.44814	0.07008	0.10167
V58	0.06485	0.07654	0.13561	0.23703	0.48598
V59	0.68939	0.12685	0.08503	0.07515	0.02358
V60	0.3654	0.24321	0.12226	0.17044	0.09868
V61	0.1772	0.07322	0.04128	0.26105	0.44725
V62	0.05196	0.13064	0.26817	0.16874	0.38048
V63	0.35228	0.2769	0.0742	0.09114	0.20548
V64	0.75594	0.11417	0.03196	0.07175	0.02618
V65	0.07794	0.11441	0.05058	0.62435	0.13272
V66	0.02473	0.07073	0.12495	0.74424	0.03535
V67	0.00715	0.12873	0.3003	0.13328	0.43054
V68	0.37671	0.1513	0.3139	0.08419	0.0739
V69	0.4861	0.20272	0.17513	0.07535	0.0607
V70	0.06198	0.62372	0.0761	0.21763	0.02057
V71	0.09737	0.68798	0.07871	0.12487	0.01108
V72	0.03997	0.38015	0.05084	0.0898	0.43923
V73	0.05323	0.06867	0.10159	0.58222	0.19429
V74	0.01282	0.08678	0.02286	0.79046	0.08707
V75	0.39165	0.2617	0.25884	0.06384	0.02397
V76	0.01053	0.04511	0.02889	0.84029	0.07517
V77	0.01678	0.217	0.67432	0.07756	0.01434
V78	0.00049	0.2307	0.69876	0.04996	0.02008
V79	0.07631	0.3789	0.06364	0.19097	0.29019
V80	0.12567	0.64669	0.03917	0.11333	0.07513
V81	0.00891	0.2278	0.70668	0.04268	0.01392
V82	0.20736	0.17937	0.044	0.54051	0.02876
V83	0.08897	0.112	0.03615	0.56116	0.20172
V84	0.08991	0.18858	0.02739	0.10947	0.58466
V85	3e-04	0.22755	0.70781	0.05021	0.01414
V86	0.02301	0.28439	0.27132	0.39821	0.02307
V87	0.38493	0.08464	0.05027	0.44489	0.03527
V88	0.27423	0.19637	0.06519	0.23683	0.22739
V89	0.0379	0.25984	0.61188	0.0773	0.01307
V90	0.02017	0.2062	0.07403	0.15432	0.54527
V91	0.00866	0.05799	0.08066	0.82112	0.03157
V92	0.21775	0.10049	0.04249	0.11086	0.52841
V93	0.00996	0.13873	0.15417	0.52755	0.16959
V94	0.03803	0.18749	0.04144	0.28798	0.44506
V95	0.06129	0.23902	0.04373	0.15916	0.4968
V96	0.64872	0.10379	0.03535	0.08875	0.12339
V97	0.14883	0.09221	0.05767	0.16644	0.53485
V98	0.05065	0.37433	0.18296	0.17088	0.22118
V99	0.43878	0.1707	0.02148	0.26086	0.10819
V100	0.45661	0.20705	0.06171	0.10933	0.1653
V101	0.06991	0.79788	0.05542	0.07421	0.00259
V102	0.27224	0.27057	0.13555	0.15473	0.16691
V103	0.12245	0.05686	0.0227	0.11354	0.68445
V104	0.04706	0.39603	0.10432	0.08822	0.36437
V105	0.01519	0.07356	0.05595	0.14943	0.70588
V106	0.05391	0.67726	0.17246	0.06567	0.03069
V107	0.04406	0.31924	0.53236	0.08683	0.01751
V108	0.01623	0.31101	0.61769	0.04335	0.01171
V109	0.05721	0.22863	0.07197	0.31897	0.32322
V110	0.16182	0.46855	0.18687	0.1612	0.02157
V111	0.24203	0.30772	0.38504	0.05352	0.01169
V112	0.15938	0.07155	0.10552	0.48172	0.18183
V113	0.21337	0.08658	0.10634	0.19962	0.39409
V114	0.47851	0.14192	0.05783	0.2156	0.10614
V115	0.71053	0.09369	0.01807	0.07899	0.09872
V116	0.01825	0.06108	0.0186	0.12905	0.77301
V117	0.042	0.20434	0.60798	0.11294	0.03273
V118	0.03916	0.04286	0.01396	0.85634	0.04768
V119	0.26749	0.1489	0.31168	0.25402	0.01791
V120	0.008	0.1973	0.6175	0.13737	0.03983
V121	0.19444	0.63519	0.03813	0.07265	0.0596
V122	0.03433	0.36964	0.10251	0.28255	0.21096
V123	0.41618	0.11836	0.07825	0.22924	0.15797
V124	0.19203	0.15615	0.07283	0.26526	0.31374
V125	0.03976	0.46317	0.42807	0.05477	0.01424
V126	0.13875	0.23673	0.20433	0.16034	0.25985
V127	0.2256	0.17909	0.48463	0.09021	0.02047
V128	0.20522	0.66577	0.04722	0.06355	0.01824
V129	0.22662	0.13987	0.2332	0.20688	0.19343
V130	0.03185	0.45916	0.06818	0.28066	0.16016
V131	0.0141	0.08997	0.20177	0.6679	0.02626
V132	0.31198	0.07796	0.01271	0.3709	0.22644
V133	0.00427	0.18754	0.45786	0.12535	0.22499
V134	0.06007	0.20729	0.59182	0.06546	0.07535
V135	0.02075	0.24841	0.56683	0.06825	0.09576
V136	0.77422	0.10269	0.0204	0.07515	0.02754
V137	0.72428	0.11862	0.01936	0.09564	0.04209
V138	0.22271	0.18651	0.08825	0.18621	0.31633
V139	0.10691	0.07486	0.14389	0.64183	0.03251
V140	0.02901	0.08292	0.15442	0.1012	0.63245
V141	0.01764	0.3139	0.51716	0.13281	0.01849
V142	0.18195	0.12111	0.28137	0.1689	0.24667
V143	0.01817	0.27598	0.40869	0.1747	0.12247
V144	0.43027	0.24556	0.07739	0.16952	0.07727
V145	0.00031	0.2271	0.68916	0.05716	0.02627
V146	0.03536	0.32135	0.03255	0.3633	0.24744
V147	0.08069	0.21922	0.52472	0.13697	0.03839
V148	0.15823	0.68136	0.04798	0.09429	0.01814
V149	0.01173	0.04185	0.01469	0.86219	0.06954
V150	0.12466	0.2949	0.46644	0.04727	0.06672
V151	0.37242	0.07755	0.02435	0.41835	0.10732
V152	0.01574	0.05925	0.10976	0.73075	0.08449
V153	0.1473	0.26908	0.37916	0.09408	0.11038
V154	0.11673	0.53547	0.05574	0.09453	0.19753
V155	0.03372	0.07117	0.12435	0.73582	0.03494
V156	0.08626	0.14945	0.33781	0.18524	0.24124
V157	0.08415	0.11865	0.15974	0.30959	0.32787
V158	0.16711	0.14342	0.36519	0.09544	0.22884
V159	0.1051	0.21763	0.03366	0.59441	0.04919
V160	0.39331	0.20857	0.09806	0.10288	0.19719
V161	0.19608	0.09254	0.07118	0.0955	0.5447
V162	0.00084	0.2345	0.70755	0.04319	0.01392
V163	0.05473	0.06222	0.03146	0.14184	0.70974
V164	0.74117	0.13434	0.0269	0.07727	0.02032
V165	0.50848	0.24753	0.08865	0.10619	0.04915
V166	0.04885	0.08864	0.21094	0.56604	0.08553
V167	0.03984	0.57372	0.05168	0.19387	0.14089
V168	0.00084	0.2345	0.70755	0.04319	0.01392
V169	0.05733	0.61194	0.17643	0.13566	0.01865
V170	0.22338	0.36311	0.0739	0.23765	0.10197
V171	0.25693	0.18786	0.29741	0.20516	0.05264
V172	0.16743	0.24695	0.0859	0.09869	0.40103
V173	0.18738	0.15093	0.09407	0.41848	0.14915
V174	0.18098	0.1238	0.29702	0.22724	0.17097
V175	0.07223	0.18879	0.12481	0.22976	0.38441
V176	0.31805	0.07094	0.01866	0.56592	0.02643
V177	0.16249	0.18075	0.43821	0.19648	0.02206
V178	0.23176	0.17609	0.36473	0.14988	0.07755
V179	0.09476	0.06996	0.02362	0.11484	0.69682
V180	0.02457	0.13287	0.30556	0.08076	0.45623
V181	0.06473	0.27391	0.02406	0.13616	0.50114
V182	0.47991	0.24233	0.02445	0.207	0.04631
V183	0.07969	0.79643	0.0476	0.06654	0.00975
V184	0.26541	0.12246	0.24647	0.32805	0.03762
V185	0.10059	0.44079	0.05146	0.20216	0.20499
V186	0.12604	0.20042	0.04692	0.29873	0.32789
V187	0.08202	0.59408	0.03749	0.27064	0.01577
V188	0.67231	0.11866	0.04187	0.14232	0.02484
V189	0.39062	0.24824	0.05137	0.28661	0.02315
V190	0.35164	0.16029	0.19168	0.07896	0.21744
V191	0.19519	0.22357	0.02599	0.44505	0.1102
V192	0.27975	0.22758	0.12541	0.24906	0.11822
V193	0.06272	0.29268	0.43217	0.08734	0.12509
V194	0.23686	0.12088	0.09243	0.16689	0.38295
V195	0.47006	0.24142	0.20349	0.06588	0.01915
V196	0.01411	0.06259	0.07119	0.14067	0.71144
V197	0.07684	0.76875	0.04601	0.09813	0.01027
V198	0.20866	0.23794	0.05417	0.25153	0.2477
V199	0.61427	0.13353	0.17933	0.05601	0.01686
V200	0.62965	0.09112	0.04077	0.08928	0.14919
V201	0.03676	0.04197	0.03438	0.71295	0.17394
V202	0.74206	0.13764	0.01548	0.07879	0.02603
V203	0.45947	0.26587	0.04451	0.11472	0.11543
V204	0.30584	0.13587	0.04896	0.0873	0.42204
V205	0.10673	0.10549	0.11955	0.14621	0.52202
V206	0.04232	0.11591	0.01651	0.76856	0.0567
V207	0.02152	0.05635	0.0149	0.86631	0.04092
V208	0.13832	0.29441	0.39329	0.09217	0.08182
V209	0.14529	0.09696	0.10206	0.11585	0.53984
V210	1e-04	0.2257	0.70398	0.05004	0.02018
V211	0.14142	0.11829	0.18872	0.10497	0.4466
V212	0.06476	0.67291	0.10891	0.10063	0.0528
V213	0.09601	0.06106	0.07163	0.30869	0.46262
V214	0.02735	0.52488	0.35645	0.06539	0.02593
V215	0.22338	0.25471	0.1368	0.13757	0.24754
V216	0.05223	0.14509	0.2906	0.10603	0.40605
V217	0.00985	0.03983	0.03579	0.81859	0.09594
V218	0.06711	0.23975	0.25502	0.35285	0.08527
V219	0.11456	0.31344	0.32871	0.22396	0.01933
V220	0.19104	0.64094	0.08933	0.06735	0.01134
V221	0.04009	0.18852	0.4165	0.07073	0.28416
V222	0.02693	0.06169	0.02548	0.13265	0.75326
V223	0.42293	0.1367	0.25266	0.15969	0.02802
V224	0.04548	0.49853	0.05535	0.14828	0.25236
V225	0.58293	0.22156	0.117	0.05823	0.02027
V226	0.42242	0.46688	0.03017	0.06416	0.01637
V227	0.08803	0.24682	0.02828	0.58814	0.04873
V228	0.46978	0.14557	0.22113	0.11918	0.04434
V229	0.23703	0.39478	0.23909	0.09487	0.03423
V230	0.02679	0.05448	0.02545	0.13386	0.75942
V231	0.06507	0.54094	0.08687	0.22779	0.07932
V232	0.63802	0.12809	0.15318	0.0634	0.01731
V233	0.05705	0.1014	0.14532	0.16404	0.53218
V234	0.02095	0.36677	0.20516	0.37269	0.03442
V235	0.76463	0.10514	0.01451	0.09346	0.02226
V236	0.06962	0.17328	0.49484	0.20857	0.0537
V237	0.11124	0.16067	0.23361	0.33245	0.16203
V238	0.01396	0.05282	0.02329	0.34897	0.56095
V239	0.06586	0.38045	0.07133	0.23161	0.25075
V240	0.07341	0.74024	0.05183	0.08158	0.05295
V241	0.06091	0.81354	0.04873	0.06721	0.00961
V242	0.03489	0.33736	0.2686	0.29845	0.0607
V243	0.39212	0.13933	0.26521	0.08234	0.121
V244	0.03324	0.3994	0.19305	0.13867	0.23564
V245	0.05665	0.78166	0.07024	0.08882	0.00264
V246	0.52093	0.27757	0.04462	0.07094	0.08594
V247	0.16406	0.23371	0.47234	0.09291	0.03697
V248	0.09788	0.5434	0.0566	0.08072	0.22139
V249	0.22201	0.15155	0.18645	0.15295	0.28705
V250	0.0191	0.19162	0.51582	0.08299	0.19047
V251	0.18818	0.08887	0.08988	0.56921	0.06386
V252	0.02296	0.23238	0.45016	0.17937	0.11513
V253	0.27412	0.50281	0.10121	0.10141	0.02046
V254	0.45694	0.35316	0.02398	0.14076	0.02516
V255	0.66599	0.14915	0.01447	0.08931	0.08108
V256	0.04701	0.67622	0.05605	0.07736	0.14335
V257	0.38135	0.31339	0.13874	0.0926	0.07392
V258	0.14786	0.3016	0.06535	0.46065	0.02454
V259	0.44793	0.29993	0.16104	0.06167	0.02943
V260	0.23462	0.11014	0.10675	0.15114	0.39735
V261	0.01933	0.15466	0.41668	0.29683	0.11251
V262	0.72014	0.12134	0.05483	0.079	0.0247
V263	0.64215	0.14914	0.02579	0.16386	0.01906
V264	0.07579	0.76196	0.05329	0.10558	0.00338
V265	0.65782	0.16388	0.075	0.08071	0.0226
V266	0.02225	0.06813	0.09338	0.12717	0.68907
V267	0.0533	0.05686	0.02291	0.23673	0.6302
V268	0.18066	0.40165	0.14518	0.22191	0.0506
V269	0.08064	0.34777	0.31178	0.22202	0.0378
V270	0.0464	0.05011	0.04208	0.82924	0.03217
V271	0.22183	0.616	0.04409	0.08585	0.03223
V272	0.11022	0.70825	0.06444	0.07885	0.03823
V273	0.2487	0.10617	0.15774	0.34273	0.14467
V274	0.09044	0.0928	0.05147	0.26132	0.50397
V275	0.04817	0.61908	0.16956	0.14449	0.0187
V276	0.00908	0.17973	0.53504	0.24038	0.03577
V277	0.29699	0.17403	0.43981	0.05229	0.03688
V278	0.00546	0.13492	0.28979	0.45073	0.1191
V279	0.13106	0.05241	0.02605	0.72078	0.0697
V280	0.17133	0.07536	0.04678	0.6047	0.10182
V281	0.0274	0.2185	0.05679	0.66681	0.0305
V282	0.0705	0.80478	0.04807	0.06693	0.00973
V283	0.31833	0.09575	0.10968	0.10155	0.37469
V284	0.02451	0.23936	0.44126	0.05961	0.23526
V285	0.45484	0.40962	0.02673	0.09107	0.01773
V286	0.06831	0.2165	0.61941	0.0761	0.01968
V287	0.21353	0.14028	0.15427	0.31564	0.17628
V288	0.16929	0.18034	0.48041	0.05588	0.11408
V289	0.14278	0.22088	0.04022	0.5679	0.02822
V290	0.37673	0.42045	0.13644	0.05648	0.0099
V291	0.35269	0.21624	0.02449	0.38092	0.02566
V292	0.10518	0.15411	0.34179	0.09533	0.30358
V293	0.00422	0.26682	0.61755	0.08615	0.02527
V294	0.01751	0.06243	0.02628	0.12672	0.76707
V295	0.01332	0.12545	0.27859	0.49941	0.08322
V296	0.69154	0.16958	0.016	0.08226	0.04062
V297	0.01683	0.19565	0.58824	0.15299	0.04629
V298	0.25719	0.06079	0.01851	0.55026	0.11325
V299	0.2329	0.05278	0.02499	0.66094	0.02839
V300	0.77363	0.10676	0.01502	0.08214	0.02246
V301	0.75606	0.09933	0.01946	0.09801	0.02713
V302	0.01282	0.04963	0.02246	0.46107	0.45403
V303	0.09936	0.22429	0.19777	0.22112	0.25746
V304	0.15622	0.21192	0.55171	0.04952	0.03062
V305	0.19068	0.31678	0.10279	0.16351	0.22623
V306	0.30784	0.55905	0.03446	0.07818	0.02047
V307	0.19861	0.11161	0.22658	0.44153	0.02168
V308	0.19239	0.18465	0.49089	0.11144	0.02063
V309	0.53456	0.13819	0.05628	0.16806	0.10291
V310	0.03557	0.07278	0.02431	0.19051	0.67684
V311	0.01822	0.04348	0.05031	0.84825	0.03974
V312	0.08249	0.28866	0.23255	0.07193	0.32437
V313	0.06201	0.28249	0.03734	0.36212	0.25604
V314	0.0788	0.05912	0.0211	0.42534	0.41564
V315	0.75759	0.10123	0.02523	0.07294	0.043
V316	0.10524	0.51083	0.2395	0.08452	0.05992
V317	0.31511	0.21463	0.38641	0.05347	0.03037
V318	0.73037	0.09637	0.01852	0.0731	0.08164
V319	0.08782	0.23521	0.60843	0.0553	0.01324
V320	0.07513	0.03962	0.02003	0.82595	0.03927
V321	0.12065	0.3483	0.26959	0.23012	0.03133
V322	0.01161	0.33387	0.47147	0.09332	0.08973
V323	0.21242	0.28902	0.35375	0.07099	0.07382
V324	0.03814	0.08053	0.05046	0.79403	0.03684
V325	0.51673	0.17131	0.08424	0.16372	0.06401
V326	0.05051	0.07423	0.06764	0.21027	0.59735
V327	0.29689	0.44455	0.11961	0.07956	0.0594
V328	0.04562	0.2903	0.15988	0.47324	0.03096
V329	0.00532	0.15002	0.32321	0.49367	0.02777
V330	0.06825	0.21793	0.62169	0.04289	0.04923
V331	0.12658	0.09307	0.09513	0.16334	0.52188
V332	0.37624	0.18671	0.34523	0.05519	0.03663
V333	0.33461	0.14394	0.25152	0.19117	0.07877
V334	0.03869	0.34576	0.45262	0.12046	0.04247
V335	0.58335	0.14128	0.08091	0.09539	0.09907
V336	0.15344	0.52474	0.24992	0.053	0.0189
V337	0.01483	0.05789	0.03172	0.24217	0.6534
V338	0.57555	0.12868	0.13233	0.07813	0.0853
V339	0.1935	0.49097	0.18608	0.05695	0.07251
V340	0.03617	0.20346	0.11954	0.13139	0.50944
V341	0.02319	0.48036	0.38559	0.05769	0.05317
V342	0.24286	0.24425	0.35295	0.14577	0.01418
V343	0.54839	0.1414	0.22921	0.06475	0.01626
V344	0.10473	0.65755	0.07665	0.0868	0.07427
V345	0.19896	0.09603	0.0209	0.33206	0.35206
V346	0.03403	0.33068	0.28273	0.31222	0.04035
V347	0.08074	0.45402	0.05196	0.36595	0.04734
V348	0.01659	0.2277	0.37632	0.26021	0.11919
V349	0.05824	0.36013	0.43724	0.06349	0.0809
V350	0.10413	0.38688	0.10087	0.27984	0.12827
V351	0.14841	0.15577	0.34629	0.31903	0.0305
V352	0.10255	0.50828	0.31869	0.05757	0.01291
V353	0.23294	0.32013	0.05782	0.11267	0.27644
V354	0.45394	0.16457	0.31674	0.04953	0.01523
V355	0.07546	0.12259	0.28026	0.49362	0.02808
V356	0.07711	0.2144	0.60852	0.06268	0.03729
V357	0.03895	0.1754	0.42391	0.08449	0.27725
V358	0.02896	0.07072	0.04334	0.81892	0.03806
V359	0.05172	0.12547	0.02372	0.77026	0.02883
V360	0.56717	0.1341	0.08698	0.19321	0.01854
V361	0.30666	0.44198	0.10466	0.06075	0.08594
V362	0.65388	0.11297	0.09072	0.06321	0.07922
V363	0.03503	0.07827	0.0241	0.22901	0.63359
V364	0.0409	0.2723	0.04428	0.47422	0.1683
V365	0.0112	0.0434	0.02193	0.86795	0.05553
V366	0.17234	0.19427	0.45472	0.10278	0.07588
V367	0.19916	0.25895	0.19307	0.20831	0.14051
V368	0.60132	0.16994	0.11394	0.07143	0.04337
V369	0.04346	0.58049	0.23763	0.13221	0.0062
V370	0.02328	0.19055	0.12578	0.39399	0.26641
V371	0.0669	0.78113	0.08595	0.06368	0.00234
V372	0.52318	0.15637	0.12938	0.15762	0.03344
V373	0.11415	0.5741	0.14844	0.15028	0.01303
V374	0.0859	0.15376	0.31274	0.4274	0.02019
V375	0.24495	0.17935	0.44858	0.11179	0.01534
V376	0.01411	0.1293	0.35196	0.08403	0.42061
V377	0.08379	0.46419	0.20688	0.2288	0.01635
V378	0.12715	0.50413	0.18366	0.06048	0.12458
V379	0.02988	0.07882	0.11506	0.1587	0.61754
V380	0.01743	0.11834	0.16111	0.50987	0.19324
V381	0.14316	0.09993	0.02348	0.10599	0.62744
V382	0.3656	0.06348	0.0178	0.33149	0.22164
V383	0.03084	0.09961	0.2332	0.61166	0.02469
V384	0.24724	0.12384	0.14974	0.41973	0.05945
V385	0.08755	0.13569	0.02572	0.1075	0.64354
V386	0.5393	0.0871	0.01778	0.33304	0.02279
V387	0.23625	0.07202	0.01925	0.62627	0.04621
V388	0.06136	0.72635	0.07385	0.12781	0.01063
V389	0.12669	0.67054	0.05482	0.09508	0.05287
V390	0.16056	0.05319	0.01911	0.66348	0.10365
V391	0.59239	0.19479	0.01611	0.13326	0.06346
V392	0.75578	0.12281	0.02091	0.07927	0.02123
V393	0.09117	0.09574	0.14028	0.52742	0.1454
V394	0.58201	0.09593	0.03504	0.20238	0.08464
V395	0.00395	0.11819	0.3115	0.53683	0.02954
V396	0.43942	0.17122	0.31978	0.04944	0.02014
V397	0.55495	0.18867	0.04576	0.16485	0.04576
V398	0.0597	0.07464	0.15455	0.62384	0.08726
V399	0.04337	0.07313	0.01603	0.33491	0.53255
V400	0.1541	0.4774	0.16451	0.19464	0.00935
V401	0.25927	0.17899	0.47033	0.0766	0.01482
V402	0.30434	0.16847	0.34649	0.11169	0.06901
V403	0.14334	0.11726	0.01652	0.21055	0.51232
V404	0.00422	0.1692	0.39764	0.37745	0.05149
V405	0.30403	0.26871	0.08192	0.25699	0.08835
V406	0.01785	0.23257	0.68159	0.04227	0.02572
V407	0.70457	0.12857	0.04304	0.10436	0.01945
V408	0.03709	0.34848	0.03387	0.30948	0.27107
V409	0.10146	0.06211	0.06937	0.66352	0.10354
V410	0.11316	0.21576	0.28295	0.10353	0.28459
V411	0.01802	0.06064	0.0184	0.13694	0.76599
V412	0.0259	0.19051	0.1354	0.10876	0.53944
V413	0.02645	0.27046	0.15341	0.39183	0.15785
V414	0.04313	0.11347	0.01667	0.50346	0.32327
V415	0.15958	0.05839	0.0219	0.10957	0.65056
V416	0.10392	0.12831	0.03817	0.21872	0.51089
V417	0.00876	0.193	0.584	0.15484	0.05941
V418	0.47922	0.36598	0.04308	0.07605	0.03567
V419	0.22719	0.08271	0.03408	0.19321	0.4628
V420	0.21197	0.08075	0.1059	0.12552	0.47587
V421	0.01171	0.08304	0.1322	0.13595	0.63711
V422	0.01826	0.06047	0.05761	0.71264	0.15103
V423	0.24685	0.24807	0.24806	0.22389	0.03313
V424	0.00482	0.1511	0.41513	0.07077	0.35818
V425	0.31238	0.35304	0.02438	0.08229	0.22791
V426	0.21149	0.19598	0.03781	0.47316	0.08156
V427	0.20023	0.56526	0.16652	0.05589	0.01211
V428	0.0961	0.57564	0.10292	0.14901	0.07633
V429	0.1281	0.67787	0.04084	0.12757	0.02561
V430	0.03022	0.13988	0.34825	0.22149	0.26016
V431	0.10648	0.36459	0.19386	0.28226	0.05281
V432	0.26322	0.1334	0.12019	0.36078	0.12242
V433	0.16371	0.15756	0.40448	0.23906	0.0352
V434	0.20949	0.33225	0.31975	0.06531	0.07319
V435	0.44026	0.17396	0.28328	0.08191	0.02059
V436	0.06347	0.53799	0.12596	0.11274	0.15984
V437	0.17807	0.08088	0.04172	0.23631	0.46303
V438	0.12296	0.31602	0.19078	0.30905	0.06119
V439	0.50353	0.08152	0.05421	0.32739	0.03336
V440	0.02476	0.3995	0.46641	0.06186	0.04747
V441	0.03604	0.51637	0.35442	0.07988	0.01329
V442	0.07045	0.80463	0.05595	0.06643	0.00254
V443	0.75053	0.09828	0.01926	0.11005	0.02189
V444	0.1453	0.3901	0.05474	0.36875	0.04111
V445	0.06525	0.37119	0.06277	0.47085	0.02994
V446	0.10257	0.0933	0.10081	0.56491	0.13841
V447	0.06766	0.05204	0.02766	0.49232	0.36033
V448	0.1589	0.0675	0.03585	0.11966	0.61809
V449	0.00084	0.2345	0.70755	0.04319	0.01392
V450	0.18179	0.17257	0.22266	0.18065	0.24234
V451	0.24307	0.21784	0.07371	0.36554	0.09983
V452	0.01502	0.07654	0.14835	0.69871	0.06138
V453	0.02221	0.05408	0.01498	0.50874	0.39999
V454	0.00982	0.18338	0.54239	0.07536	0.18906
V455	0.06121	0.27788	0.25791	0.10621	0.29679
V456	0.74831	0.10263	0.01368	0.09207	0.04331
V457	0.55546	0.23612	0.04835	0.11586	0.04421
V458	0.02539	0.4004	0.43308	0.09972	0.04142
V459	0.12625	0.1083	0.06409	0.50095	0.20041
V460	0.53809	0.14796	0.16808	0.11326	0.03262
V461	0.17119	0.33065	0.22816	0.07657	0.19343
V462	0.05111	0.10896	0.02996	0.53507	0.27489
V463	0.19085	0.09888	0.02726	0.65018	0.03283
V464	0.14072	0.29213	0.49207	0.05765	0.01743
V465	0.04788	0.13615	0.03358	0.12577	0.65661
V466	0.03558	0.04961	0.01655	0.20448	0.69378
V467	0.05813	0.24434	0.04256	0.5629	0.09207
V468	0.478	0.31517	0.11329	0.05824	0.0353
V469	0.02349	0.3191	0.07727	0.32417	0.25596
V470	0.66686	0.13564	0.0368	0.13622	0.02448
V471	0.34617	0.29059	0.04711	0.19446	0.12167
V472	0.01633	0.08974	0.05684	0.11698	0.72011
V473	0.03219	0.25645	0.22619	0.33788	0.14728
V474	0.25579	0.16852	0.07066	0.45192	0.05311
V475	0.13603	0.18583	0.46167	0.0786	0.13787
V476	0.14013	0.09505	0.09916	0.59403	0.07164
V477	0.06105	0.81305	0.05676	0.06674	0.0024
V478	0.16963	0.06555	0.02201	0.10761	0.63521
V479	0.66673	0.13712	0.04287	0.12908	0.0242
V480	0.13665	0.57264	0.08621	0.1707	0.0338
V481	0.22222	0.35038	0.08055	0.22969	0.11715
V482	0.11568	0.60807	0.20345	0.05519	0.0176
V483	0.29505	0.46461	0.02977	0.16179	0.04878
V484	0.20389	0.46358	0.1315	0.17897	0.02207
V485	0.53342	0.15793	0.10905	0.16591	0.03369
V486	0.0646	0.17033	0.26728	0.07797	0.41982
V487	0.11682	0.2169	0.33862	0.30493	0.02274
V488	0.36014	0.11557	0.01373	0.36853	0.14203
V489	0.00971	0.32439	0.53094	0.11071	0.02425
V490	0.00895	0.18802	0.56586	0.21431	0.02286
V491	0.04026	0.42992	0.07453	0.16623	0.28907
V492	0.03323	0.15442	0.04635	0.71885	0.04715
V493	0.02017	0.03649	0.02151	0.88008	0.04175
V494	0.28396	0.05909	0.03087	0.54183	0.08425
V495	0.28206	0.25994	0.19406	0.20538	0.05856
V496	0.12976	0.09526	0.0663	0.10068	0.60801
V497	0.09571	0.11025	0.14369	0.1742	0.47614
V498	0.08414	0.75294	0.0676	0.07152	0.0238
V499	0.04292	0.27326	0.24322	0.12464	0.31595
V500	0.10557	0.44592	0.127	0.26307	0.05845
V501	0.07578	0.31247	0.03966	0.10001	0.47207
V502	0.1378	0.68756	0.07819	0.09221	0.00424
V503	0.37071	0.12163	0.18144	0.18378	0.14244
V504	0.42421	0.22432	0.02442	0.0831	0.24395
V505	0.52317	0.08702	0.03595	0.14903	0.20483
V506	0.03372	0.48244	0.09295	0.08463	0.30627
V507	0.67278	0.09485	0.04052	0.14993	0.04192
V508	0.03375	0.57934	0.22398	0.09546	0.06747
V509	0.05492	0.43064	0.15268	0.24296	0.1188
V510	0.369	0.44439	0.06847	0.10205	0.01608
V511	0.05866	0.36582	0.43026	0.08422	0.06104
V512	0.14185	0.4378	0.18023	0.10554	0.13458
V513	0.16789	0.59312	0.10184	0.10498	0.03218
V514	0.01775	0.09475	0.21017	0.12365	0.55368
V515	0.07199	0.13956	0.01722	0.743	0.02824
V516	0.14779	0.34301	0.11972	0.3616	0.02787
V517	0.01914	0.07425	0.05851	0.81045	0.03764
V518	0.33915	0.14006	0.26309	0.21686	0.04085
V519	0.63591	0.13415	0.01933	0.18538	0.02524
V520	0.0827	0.73441	0.05887	0.12015	0.00387
V521	0.18304	0.07681	0.12576	0.58324	0.03115
V522	0.04346	0.28796	0.45842	0.16583	0.04433
V523	0.12306	0.22215	0.55222	0.0832	0.01937
V524	0.2753	0.1896	0.42688	0.04767	0.06055
V525	0.02243	0.21777	0.05209	0.11081	0.5969
V526	0.03462	0.22685	0.63761	0.06327	0.03766
V527	0.07944	0.47302	0.3573	0.06392	0.02633
V528	0.13889	0.04765	0.03268	0.75086	0.02992
V529	0.17338	0.21075	0.54154	0.04953	0.02481
V530	0.01715	0.22089	0.6447	0.08496	0.0323
V531	0.16894	0.47623	0.11132	0.08022	0.16329
V532	0.06223	0.30407	0.27414	0.06819	0.29137
V533	0.25397	0.06808	0.0143	0.10243	0.56123
V534	0.11637	0.09727	0.01492	0.72311	0.04833
V535	0.66933	0.18576	0.05809	0.06429	0.02253
V536	0.11238	0.25841	0.3304	0.08889	0.20991
V537	0.02697	0.07786	0.03334	0.12091	0.74093
V538	0.52786	0.1627	0.02095	0.10015	0.18834
V539	0.01486	0.27113	0.51501	0.13485	0.06415
V540	0.15692	0.43919	0.1097	0.11246	0.18173
V541	0.03986	0.38074	0.05071	0.11192	0.41677
V542	0.03976	0.32435	0.12289	0.44776	0.06524
V543	0.05651	0.24683	0.5249	0.08898	0.08278
V544	0.29548	0.24062	0.17088	0.12122	0.17179
V545	0.54376	0.34227	0.02972	0.0707	0.01356
V546	0.07574	0.68616	0.11749	0.06862	0.052
V547	0.09729	0.67398	0.04074	0.16173	0.02627
V548	0.01308	0.08679	0.02324	0.83792	0.03897
V549	0.01417	0.05868	0.03895	0.25656	0.63164
V550	0.05111	0.74138	0.12998	0.06816	0.00936
V551	0.02098	0.03511	0.01445	0.89386	0.0356
V552	0.20689	0.07619	0.03484	0.12908	0.553
V553	0.6263	0.09847	0.02892	0.19236	0.05394
V554	0.0925	0.17569	0.39149	0.31045	0.02988
V555	0.05844	0.79599	0.05535	0.0663	0.02392
V556	0.07524	0.09438	0.06426	0.69803	0.06809
V557	0.27345	0.2487	0.05315	0.3678	0.0569
V558	0.00907	0.20133	0.58746	0.16823	0.03391
V559	0.09345	0.43528	0.38238	0.05564	0.03325
V560	0.52454	0.27567	0.12914	0.05711	0.01354
V561	0.57594	0.10864	0.12475	0.07419	0.11648
V562	0.11604	0.12848	0.15164	0.16204	0.4418
V563	0.19132	0.29163	0.19513	0.16083	0.16109
V564	0.30181	0.09245	0.06643	0.36479	0.17453
V565	0.01621	0.06182	0.03307	0.15614	0.73276
V566	0.26216	0.17163	0.04288	0.35503	0.1683
V567	0.01723	0.22414	0.69654	0.04223	0.01986
V568	0.02881	0.28392	0.36285	0.30911	0.01531
V569	0.51321	0.16911	0.10412	0.16809	0.04547
V570	0.11594	0.12422	0.24352	0.44211	0.07421
V571	0.22393	0.10973	0.20672	0.34511	0.11451
V572	0.6892	0.0959	0.01242	0.07994	0.12253
V573	0.06963	0.1631	0.29026	0.37564	0.10137
V574	0.4437	0.29633	0.08612	0.14266	0.03118
V575	0.32029	0.11121	0.11764	0.11995	0.3309
V576	0.05498	0.76467	0.0532	0.07419	0.05296
V577	0.36919	0.44294	0.06169	0.10988	0.0163
V578	0.02493	0.25545	0.42534	0.24109	0.05319
V579	0.02615	0.49314	0.30663	0.07774	0.09633
V580	0.20067	0.47142	0.0443	0.25283	0.03077
V581	0.0515	0.47003	0.33828	0.12562	0.01458
V582	0.00201	0.24734	0.68712	0.05003	0.01349
V583	0.48577	0.15421	0.26868	0.07547	0.01586
V584	0.20631	0.46063	0.12424	0.09114	0.11768
V585	0.05469	0.67274	0.10156	0.11773	0.05328
V586	0.04554	0.6889	0.18914	0.07287	0.00355
V587	0.06261	0.6039	0.04545	0.09677	0.19126
V588	0.20419	0.4132	0.31815	0.0496	0.01486
V589	0.09379	0.36718	0.06945	0.43347	0.03611
V590	0.0586	0.68603	0.04148	0.07835	0.13554
V591	0.41137	0.44374	0.06134	0.06749	0.01605
V592	0.01685	0.18857	0.58669	0.07721	0.13068
V593	0.3576	0.06752	0.01803	0.49417	0.06268
V594	0.00573	0.25453	0.51446	0.17323	0.05206
V595	0.43533	0.11433	0.07048	0.32927	0.0506
V596	0.3806	0.24254	0.18488	0.15997	0.03201
V597	0.03155	0.20234	0.02863	0.19157	0.54589
V598	0.50278	0.08313	0.01852	0.08246	0.31311
V599	0.07237	0.37124	0.10835	0.40592	0.04212
V600	0.23678	0.10696	0.1656	0.38221	0.10845
V601	0.12996	0.12685	0.02253	0.4967	0.22396
V602	0.68209	0.20641	0.01809	0.07532	0.01809
V603	0.12537	0.17026	0.04634	0.20398	0.45404
V604	0.01788	0.19102	0.54922	0.13582	0.10606
V605	0.03153	0.12723	0.13222	0.15143	0.55759
V606	0.68835	0.0902	0.01223	0.08064	0.1286
V607	0.15419	0.1483	0.03846	0.10539	0.55366
V608	0.61129	0.10728	0.04138	0.13916	0.10089
V609	0.16908	0.28909	0.03607	0.42612	0.07965
V610	0.08896	0.56447	0.04302	0.28716	0.0164
V611	0.22144	0.19408	0.46339	0.06603	0.05506
V612	0.31523	0.16201	0.2612	0.07411	0.18745
V613	0.36966	0.46891	0.06323	0.08848	0.00972
V614	0.46019	0.10196	0.03128	0.14049	0.26607
V615	0.01077	0.13928	0.13036	0.57268	0.14691
V616	0.52913	0.11189	0.1337	0.17895	0.04633
V617	0.18888	0.19625	0.37214	0.13068	0.11205
V618	0.59053	0.16521	0.06945	0.07656	0.09826
V619	0.45187	0.13752	0.1409	0.07262	0.19709
V620	0.03921	0.13134	0.29743	0.50384	0.02818
V621	0.12686	0.27542	0.26799	0.06581	0.26392
V622	0.02227	0.27172	0.31436	0.07658	0.31507
V623	0.06616	0.0471	0.02013	0.69363	0.17298
V624	0.72557	0.09495	0.01828	0.09071	0.07049
V625	0.01023	0.10594	0.0973	0.75152	0.03501
V626	0.06302	0.171	0.43775	0.29205	0.03618
V627	0.1029	0.19941	0.12421	0.10966	0.46382
V628	0.75084	0.11034	0.01995	0.0974	0.02147
V629	0.10819	0.32437	0.48526	0.06527	0.01691
V630	0.02198	0.19969	0.04388	0.12083	0.61362
V631	0.00876	0.11214	0.25084	0.09663	0.53163
V632	0.05677	0.6736	0.04814	0.10075	0.12074
V633	0.05402	0.0673	0.09439	0.5345	0.2498
V634	0.35845	0.41832	0.15122	0.06218	0.00984
V635	0.04098	0.17138	0.1814	0.10347	0.50277
V636	0.17216	0.23765	0.27185	0.21635	0.10199
V637	0.17889	0.14763	0.33363	0.25781	0.08205
V638	0.08041	0.42444	0.05113	0.14984	0.29418
V639	0.45674	0.37644	0.09064	0.05909	0.01708
V640	0.10435	0.21294	0.09299	0.27749	0.31224
V641	0.10205	0.61907	0.05978	0.19194	0.02717
V642	0.59399	0.11063	0.0184	0.2557	0.02127
V643	0.06215	0.74374	0.10627	0.08503	0.00281
V644	0.04731	0.3836	0.04907	0.47615	0.04386
V645	0.16378	0.63685	0.05277	0.14041	0.00619
V646	0.13091	0.46815	0.05888	0.27608	0.06599
V647	0.74027	0.09714	0.01891	0.12191	0.02177
V648	0.38288	0.14787	0.02094	0.3083	0.14002
V649	0.23964	0.14865	0.0861	0.17249	0.35311
V650	0.02666	0.04761	0.06462	0.82906	0.03205
V651	0.13306	0.20486	0.01949	0.61887	0.02372
V652	0.31046	0.07086	0.04422	0.53705	0.03742
V653	0.29453	0.08075	0.05849	0.51028	0.05594
V654	0.03821	0.11658	0.01851	0.1623	0.6644
V655	0.13492	0.15055	0.25722	0.43072	0.02659
V656	0.11196	0.06565	0.0154	0.18897	0.618
V657	0.04006	0.43518	0.05924	0.36555	0.09998
V658	0.02918	0.073	0.04306	0.61911	0.23566
V659	0.01778	0.0728	0.08044	0.75116	0.07782
V660	0.06559	0.32326	0.04731	0.12163	0.44222
V661	0.04923	0.57098	0.05128	0.23353	0.09499
V662	0.04162	0.40639	0.05166	0.08745	0.41287
V663	0.77773	0.10347	0.02075	0.07566	0.0224
V664	0.02597	0.06678	0.1195	0.4255	0.36225
V665	0.03308	0.56957	0.22311	0.13447	0.03976
V666	0.10325	0.74127	0.08244	0.06999	0.00306
V667	0.03715	0.50702	0.25978	0.14814	0.0479
V668	0.53064	0.26044	0.06282	0.11438	0.03172
V669	0.40859	0.30368	0.04693	0.14408	0.09672
V670	0.09692	0.55766	0.07951	0.09917	0.16674
V671	0.60267	0.12626	0.16177	0.087	0.0223
V672	0.08812	0.12473	0.09698	0.34315	0.34703
V673	0.01702	0.07124	0.01763	0.2046	0.68951
V674	0.29986	0.22671	0.38376	0.04783	0.04184
V675	0.56061	0.09152	0.04752	0.19656	0.1038
V676	0.2142	0.22633	0.3935	0.05168	0.11428
V677	0.04362	0.2906	0.20936	0.39223	0.06418
V678	0.05551	0.3039	0.0396	0.11717	0.48382
V679	0.01162	0.14207	0.37611	0.4431	0.0271
V680	0.1549	0.06036	0.03348	0.38697	0.36429
V681	0.43837	0.10262	0.05008	0.31933	0.08961
V682	0.00084	0.2345	0.70755	0.04319	0.01392
V683	0.06061	0.29307	0.50357	0.04834	0.09442
V684	0.05714	0.04552	0.02064	0.84362	0.03308
V685	0.00892	0.21409	0.62681	0.12918	0.02101
V686	0.2675	0.53608	0.09649	0.08028	0.01966
V687	0.00184	0.15926	0.46518	0.34207	0.03164
V688	0.00042	0.22877	0.69459	0.04998	0.02624
V689	0.40854	0.1496	0.17296	0.15082	0.11808
V690	0.11317	0.731	0.05824	0.08715	0.01044
V691	0.12811	0.15682	0.05854	0.60626	0.05028
V692	0.06629	0.06219	0.02747	0.7447	0.09934
V693	0.02455	0.49228	0.39053	0.07866	0.01398
V694	0.08348	0.20092	0.05428	0.58353	0.07779
V695	0.11956	0.17456	0.14552	0.10031	0.46004
V696	0.10298	0.18913	0.56099	0.05315	0.09375
V697	0.09159	0.19183	0.27505	0.34151	0.10002
V698	0.01997	0.10027	0.1714	0.1059	0.60246
V699	0.03666	0.06219	0.05698	0.65488	0.18929
V700	0.06816	0.70661	0.11134	0.06182	0.05207
V701	0.02243	0.19795	0.0365	0.11458	0.62854
V702	0.02432	0.13393	0.02425	0.67493	0.14256
V703	0.01963	0.05416	0.03606	0.85037	0.03978
V704	0.04259	0.1717	0.33956	0.08626	0.3599
V705	0.74847	0.10868	0.01395	0.08583	0.04306
V706	0.13648	0.19466	0.15176	0.43634	0.08076
V707	0.13115	0.16276	0.08211	0.31267	0.3113
V708	0.02979	0.55103	0.3549	0.05807	0.00621
V709	0.01621	0.07354	0.04903	0.12007	0.74116
V710	0.11195	0.16747	0.39312	0.06248	0.26498
V711	0.06372	0.05722	0.03846	0.13256	0.70804
V712	0.05201	0.18944	0.53239	0.19785	0.02831
V713	0.22485	0.41994	0.28174	0.06434	0.00913
V714	0.05686	0.06081	0.01717	0.1229	0.74226
V715	0.01241	0.34905	0.48587	0.13495	0.01773
V716	0.60895	0.21884	0.02904	0.11011	0.03306
V717	0.34574	0.21474	0.12161	0.08988	0.22802
V718	0.53444	0.13773	0.219	0.06007	0.04876
V719	0.34931	0.26305	0.10916	0.16529	0.1132
V720	0.11828	0.10821	0.09631	0.12529	0.55192
V721	0.03359	0.06868	0.06264	0.13056	0.70454
V722	0.02777	0.23792	0.07272	0.50847	0.15311
V723	0.1017	0.23528	0.11564	0.5077	0.03968
V724	0.1267	0.56567	0.07164	0.22114	0.01486
V725	0.03688	0.06198	0.02522	0.12343	0.75248
V726	0.2093	0.45132	0.07879	0.11836	0.14223
V727	0.00886	0.22692	0.68867	0.04948	0.02606
V728	0.61812	0.12638	0.1104	0.12208	0.02301
V729	0.50457	0.16261	0.03906	0.26877	0.02499
V730	0.10409	0.14222	0.31587	0.37282	0.06499
V731	0.00948	0.06126	0.06606	0.83131	0.03189
V732	0.02028	0.0366	0.02161	0.88645	0.03506
V733	0.02691	0.236	0.66944	0.04215	0.0255
V734	0.40346	0.19869	0.28304	0.08918	0.02562
V735	0.07041	0.21773	0.20623	0.10161	0.40402
V736	0.01845	0.09131	0.02652	0.12201	0.7417
V737	0.77361	0.10825	0.02087	0.07517	0.0221
V738	0.03335	0.42015	0.04513	0.09556	0.4058
V739	0.02141	0.04926	0.01477	0.87989	0.03468
V740	0.19799	0.14648	0.1098	0.10069	0.44504
V741	0.4284	0.08649	0.01808	0.34212	0.12491
V742	0.06366	0.17036	0.43183	0.19591	0.13824
V743	0.03264	0.10735	0.08482	0.19119	0.58401
V744	0.16942	0.13366	0.15389	0.4888	0.05423
V745	0.14951	0.07514	0.05431	0.68708	0.03395
V746	0.33767	0.48988	0.06453	0.06832	0.0396
V747	0.02656	0.23316	0.65934	0.04931	0.03162
V748	0.14677	0.26497	0.25195	0.11517	0.22115
V749	0.16627	0.1559	0.11773	0.43353	0.12657
V750	0.62413	0.22399	0.02385	0.11114	0.01689
V751	0.03507	0.4127	0.46889	0.06804	0.01531
V752	0.02958	0.16043	0.04234	0.11635	0.65129
V753	0.44429	0.16028	0.20496	0.08371	0.10676
V754	0.1106	0.2951	0.03028	0.53758	0.02645
V755	0.237	0.61678	0.07293	0.06117	0.01212
V756	0.02828	0.14365	0.04139	0.15643	0.63024
V757	0.15586	0.0665	0.09667	0.64798	0.033
V758	0.06806	0.38185	0.02772	0.49829	0.02408
V759	0.08923	0.1025	0.10531	0.09893	0.60403
V760	0.07294	0.1189	0.19298	0.28917	0.32601
V761	0.0555	0.34709	0.52976	0.05114	0.01651
V762	0.01759	0.11266	0.16172	0.41782	0.29021
V763	0.03585	0.26805	0.03174	0.10087	0.56349
V764	0.10354	0.10942	0.08611	0.662	0.03894
V765	0.14334	0.19435	0.49199	0.08823	0.08209
V766	0.07305	0.46253	0.2409	0.10363	0.11989
V767	0.25547	0.43467	0.08406	0.10788	0.11792
V768	0.07041	0.72076	0.08865	0.10986	0.01031
V769	0.60058	0.13078	0.15611	0.0633	0.04922
V770	0.25201	0.16062	0.38379	0.18122	0.02236
V771	0.07367	0.63239	0.04613	0.15612	0.09169
V772	0.0436	0.22905	0.66521	0.04855	0.0136
V773	0.03455	0.05464	0.01618	0.25804	0.63659
V774	0.13666	0.16405	0.42503	0.05806	0.2162
V775	0.72196	0.09734	0.02973	0.11951	0.03147
V776	0.31686	0.40569	0.16037	0.08319	0.03389
V777	0.19204	0.38094	0.22763	0.15063	0.04876
V778	0.45264	0.11761	0.02535	0.25436	0.15004
V779	0.06477	0.43333	0.41923	0.06179	0.02087
V780	0.01729	0.22387	0.69571	0.04916	0.01397
V781	0.16538	0.32609	0.17343	0.06932	0.26579
V782	0.21922	0.25175	0.04136	0.09301	0.39465
V783	0.00244	0.1741	0.50879	0.0801	0.23458
V784	0.03838	0.53948	0.03527	0.30479	0.08208
V785	0.59137	0.18119	0.01546	0.1539	0.05807
V786	0.15187	0.20403	0.03232	0.56984	0.04193
V787	0.13611	0.52096	0.03336	0.24458	0.06499
V788	0.34301	0.39304	0.08679	0.06304	0.11411
V789	0.01824	0.17053	0.02638	0.4439	0.34095
V790	0.25711	0.24588	0.07531	0.17273	0.24897
V791	0.16651	0.23827	0.08481	0.24421	0.26621
V792	0.75174	0.11378	0.03167	0.0714	0.03141
V793	0.29816	0.27525	0.06842	0.15308	0.20509
V794	0.02072	0.08866	0.10747	0.24691	0.53624
V795	0.14094	0.71347	0.0573	0.07089	0.01739
V796	0.26633	0.38461	0.11791	0.19437	0.03679
V797	0.14128	0.0554	0.01519	0.12764	0.66048
V798	0.13243	0.4601	0.03783	0.15288	0.21676
V799	0.0335	0.17463	0.06176	0.66401	0.06609
V800	0.03417	0.06599	0.03114	0.21322	0.65548
V801	0.32049	0.09126	0.11448	0.42697	0.04679
V802	0.04192	0.21446	0.03656	0.11088	0.59618
V803	0.26568	0.08117	0.01934	0.58865	0.04515
V804	0.17484	0.21211	0.18237	0.37338	0.05729
V805	0.12744	0.23252	0.35887	0.19464	0.08653
V806	0.39812	0.12152	0.17219	0.11956	0.18861
V807	0.59043	0.10004	0.06598	0.11189	0.13165
V808	0.67611	0.10534	0.05327	0.07323	0.09205
V809	0.19608	0.53545	0.05432	0.09614	0.11801
V810	0.03081	0.09978	0.0519	0.49343	0.32408
V811	0.05579	0.1354	0.03983	0.19233	0.57666
V812	0.03485	0.58962	0.20786	0.13496	0.03271
V813	0.03563	0.26455	0.20991	0.07932	0.41058
V814	0.18845	0.4861	0.08819	0.20819	0.02907
V815	0.22701	0.58322	0.06339	0.11321	0.01317
V816	0.0328	0.4445	0.03803	0.44219	0.04249
V817	0.63122	0.13903	0.12983	0.08268	0.01723
V818	0.03993	0.27326	0.31417	0.09558	0.27706
V819	0.74609	0.11099	0.02559	0.09622	0.02111
V820	0.0693	0.3443	0.13062	0.41321	0.04258
V821	0.01825	0.06108	0.0186	0.12905	0.77301
V822	0.16874	0.0618	0.02611	0.71434	0.02901
V823	0.0484	0.16446	0.21203	0.08543	0.48967
V824	0.07472	0.08704	0.0391	0.11252	0.68663
V825	0.12297	0.17696	0.48878	0.1949	0.01639
V826	0.03429	0.22212	0.66709	0.06262	0.01388
V827	0.30751	0.17106	0.01629	0.40458	0.10056
V828	0.2215	0.19319	0.11115	0.13051	0.34365
V829	0.08258	0.17628	0.26968	0.21658	0.25487
V830	0.12333	0.19356	0.52117	0.06755	0.09438
V831	0.04265	0.63514	0.0845	0.2106	0.02711
V832	0.1939	0.06863	0.0761	0.29344	0.36793
V833	0.19555	0.65567	0.04658	0.06389	0.03831
V834	0.61048	0.19194	0.04567	0.08986	0.06206
V835	0.22626	0.28814	0.09967	0.30312	0.08281
V836	0.30364	0.19495	0.34362	0.13704	0.02075
V837	0.04962	0.71757	0.0583	0.10626	0.06825
V838	0.0083	0.05086	0.08042	0.82171	0.03872
V839	0.0428	0.09596	0.08507	0.10762	0.66854
V840	0.73671	0.10699	0.03642	0.09402	0.02586
V841	0.18094	0.20588	0.5446	0.04925	0.01933
V842	0.42577	0.14312	0.17657	0.22518	0.02936
V843	0.39182	0.10586	0.13591	0.13242	0.23399
V844	0.01557	0.30209	0.58705	0.06506	0.03022
V845	0.02994	0.04497	0.01408	0.63749	0.27352
V846	0.1079	0.10899	0.10437	0.14798	0.53076
V847	0.19583	0.07389	0.0624	0.20027	0.46761
V848	0.60497	0.11295	0.01824	0.14973	0.11412
V849	0.11527	0.21777	0.53383	0.0527	0.08043
V850	0.18664	0.14223	0.25184	0.1936	0.22569
V851	0.77418	0.10122	0.01459	0.08212	0.02788
V852	0.21847	0.1242	0.0855	0.22987	0.34195
V853	0.0315	0.24892	0.48128	0.16663	0.07166
V854	0.04743	0.36113	0.23923	0.13425	0.21796
V855	0.10148	0.36032	0.107	0.3469	0.0843
V856	0.15519	0.37389	0.07661	0.07715	0.31717
V857	0.07323	0.1152	0.15922	0.4367	0.21565
V858	0.02967	0.34874	0.19079	0.25438	0.17642
V859	0.1219	0.06028	0.03329	0.7288	0.05573
V860	0.04129	0.16392	0.07596	0.64594	0.07288
V861	0.12809	0.09204	0.1214	0.62674	0.03173
V862	0.07186	0.06178	0.03721	0.19088	0.63827
V863	0.05682	0.78368	0.06235	0.07321	0.02394
V864	0.03337	0.20879	0.64512	0.09813	0.01459
V865	0.06958	0.17183	0.48828	0.25285	0.01745
V866	0.0279	0.19914	0.49605	0.24184	0.03507
V867	0.49725	0.10224	0.01924	0.08139	0.29988
V868	0.19588	0.28832	0.33512	0.14986	0.03082
V869	0.02559	0.0571	0.04061	0.12993	0.74677
V870	0.24331	0.20091	0.08785	0.28536	0.18257
V871	0.04108	0.11358	0.10773	0.17778	0.55983
V872	0.33377	0.09479	0.02544	0.48414	0.06187
V873	0.05711	0.3191	0.15441	0.39797	0.0714
V874	0.09556	0.09841	0.02427	0.11822	0.66355
V875	0.01769	0.18859	0.04112	0.52488	0.22772
V876	0.41578	0.13065	0.06617	0.09053	0.29686
V877	0.2232	0.54393	0.06864	0.14366	0.02057
V878	0.04017	0.59192	0.07501	0.27077	0.02213
V879	0.72804	0.126	0.02574	0.09469	0.02553
V880	0.08017	0.11583	0.04396	0.46126	0.29878
V881	0.01207	0.15889	0.44373	0.06641	0.3189
V882	0.04967	0.41077	0.04329	0.48003	0.01624
V883	0.44071	0.20202	0.02908	0.22809	0.1001
V884	0.01797	0.05356	0.01842	0.1383	0.77175
V885	0.14561	0.18167	0.32602	0.1558	0.1909
V886	0.01295	0.0515	0.04576	0.30369	0.5861
V887	0.10484	0.74731	0.05177	0.06506	0.03103
V888	0.0586	0.13146	0.06636	0.66984	0.07374
V889	0.12833	0.69153	0.07819	0.08459	0.01736
V890	0.03374	0.08151	0.13322	0.63358	0.11794
V891	0.00187	0.24606	0.6814	0.05715	0.01352
V892	0.51462	0.25568	0.03729	0.07341	0.119
V893	0.12629	0.27645	0.41467	0.11999	0.0626
V894	0.09978	0.46254	0.07411	0.31085	0.05272
V895	0.53733	0.13926	0.22461	0.0774	0.0214
V896	0.1841	0.25738	0.21413	0.32208	0.02232
V897	0.0092	0.04374	0.0503	0.76627	0.13049
V898	0.35779	0.07633	0.02583	0.11175	0.42831
V899	0.48983	0.31613	0.09289	0.05967	0.04148
