mature.neutrophil	CD14.pos.CD16.neg.classical.monocyte	macrophage	memory.CD4.pos.AB.T.cell	cytotoxic.CD56.dim.NK.cell
V1	0.26692	0.20018	0.24188	0.18016	0.11086
V2	0.05504	0.68841	0.09905	0.11855	0.03894
V3	0.05233	0.13341	0.37317	0.4027	0.03838
V4	0.01372	0.10907	0.24293	0.10565	0.52863
V5	0.02035	0.06719	0.08129	0.15836	0.6728
V6	0.26797	0.1273	0.25194	0.25621	0.09658
V7	0.00809	0.15371	0.39216	0.11582	0.33022
V8	0.00696	0.20282	0.66673	0.10312	0.02037
V9	0.04744	0.09356	0.2351	0.5832	0.04071
V10	0.35841	0.16728	0.39079	0.05154	0.03198
V11	0.03724	0.09178	0.12329	0.12191	0.62577
V12	0.07102	0.10007	0.2155	0.32895	0.28446
V13	0.11685	0.094	0.0548	0.44946	0.28489
V14	0.1345	0.06302	0.08114	0.62287	0.09848
V15	0.02433	0.05575	0.016	0.84437	0.05955
V16	0.45932	0.12508	0.03	0.35439	0.0312
V17	0.06742	0.25955	0.0445	0.11906	0.50948
V18	0.0735	0.39813	0.25779	0.24561	0.02496
V19	0.03419	0.0637	0.02113	0.17791	0.70306
V20	0.00043	0.16733	0.5724	0.22858	0.03125
V21	0.02149	0.27853	0.15404	0.21165	0.33429
V22	0.65725	0.15837	0.07853	0.07109	0.03475
V23	0.07848	0.0744	0.04366	0.19283	0.61064
V24	0.40123	0.16865	0.04183	0.11095	0.27734
V25	0.02637	0.07096	0.0333	0.46339	0.40598
V26	0.40596	0.23643	0.08173	0.10448	0.1714
V27	0.11134	0.47166	0.20867	0.06528	0.14305
V28	0.02644	0.13216	0.19228	0.59146	0.05766
V29	0.00556	0.09743	0.29091	0.56041	0.0457
V30	0.60402	0.16655	0.04551	0.09406	0.08985
V31	0.35996	0.17583	0.03373	0.27959	0.1509
V32	0.7468	0.09176	0.02372	0.08325	0.05447
V33	0.02686	0.21665	0.04313	0.17602	0.53735
V34	0.12024	0.7431	0.05505	0.07523	0.00638
V35	0.08467	0.55079	0.27244	0.08243	0.00967
V36	0.02777	0.22234	0.18735	0.14303	0.41951
V37	0.62801	0.08336	0.01596	0.08768	0.18499
V38	0.09698	0.15273	0.41083	0.21988	0.11958
V39	0.26835	0.14931	0.3062	0.0684	0.20775
V40	0.20648	0.53732	0.0553	0.16458	0.03632
V41	0.05314	0.7509	0.0636	0.06937	0.06299
V42	0.69633	0.11968	0.03673	0.08414	0.06311
V43	0.3747	0.21636	0.30797	0.07886	0.0221
V44	0.02798	0.34358	0.48942	0.05117	0.08786
V45	0.03707	0.5895	0.13349	0.19649	0.04345
V46	0.1101	0.66583	0.11267	0.092	0.01939
V47	0	0.21295	0.71913	0.04359	0.02433
V48	0.13841	0.1856	0.21412	0.34618	0.11568
V49	0.36667	0.20908	0.21447	0.18316	0.02662
V50	0.0157	0.22086	0.70225	0.04278	0.01841
V51	0.09352	0.29454	0.2119	0.11605	0.28399
V52	0.05877	0.79963	0.05955	0.07651	0.00554
V53	0.02827	0.16796	0.0287	0.72965	0.04542
V54	0.18613	0.0542	0.02811	0.56254	0.16902
V55	0.06721	0.04339	0.01459	0.82213	0.05267
V56	0.06588	0.03768	0.02121	0.75003	0.1252
V57	0.12327	0.23698	0.47287	0.07188	0.095
V58	0.06765	0.07249	0.15026	0.25239	0.4572
V59	0.67578	0.11978	0.09575	0.08266	0.02603
V60	0.35249	0.23869	0.13562	0.1764	0.0968
V61	0.1791	0.06952	0.047	0.27912	0.42525
V62	0.05299	0.12524	0.29081	0.17791	0.35305
V63	0.34581	0.27634	0.08546	0.09901	0.19338
V64	0.74573	0.10733	0.03769	0.08072	0.02852
V65	0.07687	0.11108	0.05468	0.61863	0.13874
V66	0.02596	0.06815	0.1313	0.72179	0.0528
V67	0.00978	0.12432	0.32572	0.14227	0.39791
V68	0.3576	0.14066	0.34195	0.0881	0.0717
V69	0.46978	0.19611	0.19347	0.08088	0.05976
V70	0.05984	0.61442	0.08579	0.21457	0.02538
V71	0.09259	0.67861	0.08977	0.12465	0.01439
V72	0.04264	0.38714	0.05973	0.09967	0.41083
V73	0.0536	0.06507	0.10869	0.57971	0.19292
V74	0.01578	0.08557	0.02463	0.77437	0.09965
V75	0.3721	0.25319	0.28142	0.06746	0.02584
V76	0.01385	0.04433	0.03067	0.82113	0.09002
V77	0.01428	0.20321	0.68723	0.07568	0.0196
V78	0	0.21574	0.71006	0.04997	0.02423
V79	0.07663	0.38017	0.07264	0.19916	0.2714
V80	0.12144	0.64362	0.04776	0.11572	0.07146
V81	0.00707	0.21309	0.71768	0.0432	0.01896
V82	0.19913	0.17491	0.04845	0.5345	0.04301
V83	0.08816	0.10895	0.03952	0.56323	0.20014
V84	0.09502	0.19213	0.03291	0.12514	0.5548
V85	0	0.21263	0.71796	0.05011	0.0193
V86	0.02215	0.27406	0.28411	0.38554	0.03414
V87	0.36995	0.07873	0.05583	0.44835	0.04715
V88	0.26914	0.19335	0.07391	0.24682	0.21679
V89	0.03406	0.24473	0.62759	0.07574	0.01788
V90	0.02405	0.20836	0.08454	0.16952	0.51354
V91	0.01137	0.05672	0.08492	0.79631	0.05068
V92	0.22322	0.09818	0.04965	0.12574	0.5032
V93	0.01186	0.13402	0.16427	0.52128	0.16856
V94	0.04123	0.18757	0.04729	0.30331	0.4206
V95	0.06491	0.24252	0.05088	0.17395	0.46775
V96	0.64335	0.09697	0.04189	0.09855	0.11924
V97	0.15286	0.08942	0.06609	0.18386	0.50777
V98	0.05016	0.37002	0.19933	0.17481	0.20568
V99	0.42733	0.1667	0.02585	0.27104	0.10909
V100	0.44807	0.20472	0.07142	0.1182	0.1576
V101	0.06701	0.78562	0.06643	0.07537	0.00556
V102	0.26444	0.26654	0.1502	0.16062	0.15819
V103	0.13007	0.05286	0.02693	0.13231	0.65784
V104	0.04841	0.39955	0.11832	0.09572	0.338
V105	0.02131	0.07125	0.06407	0.16879	0.67457
V106	0.05092	0.66437	0.18737	0.06661	0.03074
V107	0.03975	0.30347	0.55	0.08526	0.02152
V108	0.01394	0.29379	0.63241	0.04376	0.0161
V109	0.05843	0.227	0.08034	0.32916	0.30507
V110	0.15334	0.45887	0.20154	0.16067	0.02559
V111	0.22678	0.29422	0.40904	0.05518	0.01479
V112	0.15446	0.0662	0.11443	0.48466	0.18025
V113	0.2129	0.08149	0.11958	0.21345	0.37258
V114	0.46554	0.13676	0.06617	0.22539	0.10613
V115	0.70626	0.08614	0.02244	0.08895	0.09621
V116	0.02551	0.05799	0.02221	0.15092	0.74338
V117	0.03823	0.19074	0.62534	0.1099	0.0358
V118	0.041	0.0421	0.01492	0.83634	0.06565
V119	0.25198	0.13848	0.33229	0.25108	0.02617
V120	0.00694	0.18429	0.63327	0.1329	0.04259
V121	0.18726	0.63301	0.04688	0.07621	0.05665
V122	0.03484	0.36595	0.11339	0.28621	0.19961
V123	0.40528	0.1119	0.08869	0.23986	0.15428
V124	0.19027	0.1532	0.08198	0.27712	0.29743
V125	0.03641	0.44494	0.44653	0.05483	0.01728
V126	0.13571	0.2323	0.22294	0.16693	0.24212
V127	0.21004	0.16628	0.50929	0.09027	0.02411
V128	0.19654	0.66106	0.05662	0.06656	0.01923
V129	0.21916	0.13244	0.25181	0.21301	0.18358
V130	0.0323	0.4552	0.07656	0.28273	0.1532
V131	0.01533	0.08616	0.21068	0.64433	0.04349
V132	0.30674	0.0731	0.01507	0.38416	0.22092
V133	0.00503	0.17898	0.48288	0.1269	0.20621
V134	0.05535	0.19445	0.61252	0.06596	0.07172
V135	0.01868	0.23567	0.58726	0.06886	0.08952
V136	0.76531	0.09528	0.02484	0.08462	0.02996
V137	0.71552	0.1121	0.02385	0.10477	0.04376
V138	0.221	0.18407	0.09987	0.19697	0.29809
V139	0.10265	0.07059	0.15204	0.62585	0.04887
V140	0.03376	0.07993	0.17344	0.11576	0.59711
V141	0.0155	0.2987	0.53358	0.12878	0.02344
V142	0.17685	0.11324	0.30429	0.17531	0.23031
V143	0.0169	0.26554	0.42884	0.17302	0.1157
V144	0.41655	0.24209	0.08772	0.17633	0.07731
V145	0	0.21261	0.70117	0.05671	0.02951
V146	0.03687	0.31993	0.03749	0.36951	0.2362
V147	0.07433	0.20663	0.54411	0.13378	0.04114
V148	0.15111	0.67543	0.05748	0.0961	0.01989
V149	0.01531	0.04124	0.0157	0.84258	0.08518
V150	0.11601	0.28182	0.4896	0.04907	0.0635
V151	0.36051	0.07168	0.02772	0.42721	0.11287
V152	0.01794	0.05693	0.11561	0.7129	0.09663
V153	0.13883	0.25853	0.40345	0.09584	0.10335
V154	0.115	0.53737	0.06496	0.09967	0.183
V155	0.03433	0.06849	0.13087	0.71406	0.05225
V156	0.08389	0.14196	0.36072	0.18913	0.22429
V157	0.08399	0.1141	0.17429	0.31913	0.30849
V158	0.16114	0.13407	0.39412	0.09968	0.21099
V159	0.1021	0.21357	0.0371	0.58518	0.06205
V160	0.38504	0.20577	0.11142	0.11128	0.18648
V161	0.20118	0.08965	0.08216	0.10935	0.51766
V162	0	0.2194	0.71798	0.04363	0.01899
V163	0.06148	0.05915	0.03659	0.16177	0.68101
V164	0.73033	0.12838	0.0322	0.08597	0.02312
V165	0.49343	0.24371	0.10005	0.11284	0.04998
V166	0.04789	0.08361	0.22142	0.55282	0.09427
V167	0.04013	0.57112	0.06021	0.19585	0.1327
V168	0	0.2194	0.71798	0.04363	0.01899
V169	0.05409	0.59951	0.19073	0.13384	0.02184
V170	0.21569	0.35864	0.08312	0.24185	0.1007
V171	0.24296	0.17779	0.31805	0.20534	0.05585
V172	0.16869	0.24833	0.09825	0.10853	0.37621
V173	0.181	0.14595	0.10291	0.42124	0.1489
V174	0.17378	0.11511	0.3176	0.23067	0.16284
V175	0.07337	0.18634	0.13861	0.24116	0.36052
V176	0.3067	0.06646	0.02089	0.56472	0.04124
V177	0.15125	0.1692	0.45857	0.19247	0.02851
V178	0.21894	0.1649	0.38969	0.15038	0.07608
V179	0.10189	0.06703	0.02801	0.13378	0.66928
V180	0.02691	0.12866	0.3337	0.08942	0.42131
V181	0.06857	0.27935	0.02938	0.15046	0.47225
V182	0.46631	0.2395	0.02961	0.21463	0.04995
V183	0.07628	0.78548	0.05827	0.06832	0.01166
V184	0.25145	0.11391	0.26321	0.32544	0.046
V185	0.09956	0.44021	0.05913	0.20821	0.19289
V186	0.12604	0.19918	0.05319	0.31089	0.31071
V187	0.07929	0.58636	0.0448	0.26716	0.02239
V188	0.65986	0.1123	0.04846	0.1505	0.02887
V189	0.37588	0.24431	0.05845	0.2906	0.03075
V190	0.34299	0.15444	0.21231	0.08608	0.20418
V191	0.18926	0.21935	0.02959	0.4473	0.1145
V192	0.26977	0.22199	0.13802	0.25376	0.11647
V193	0.05879	0.28157	0.45506	0.08862	0.11596
V194	0.23655	0.11715	0.10477	0.17969	0.36184
V195	0.45066	0.23429	0.22321	0.0704	0.02145
V196	0.02019	0.05957	0.08114	0.15955	0.67954
V197	0.07353	0.7587	0.05621	0.0987	0.01285
V198	0.20588	0.23614	0.06164	0.26129	0.23505
V199	0.59485	0.12521	0.19859	0.06191	0.01945
V200	0.62509	0.08377	0.04805	0.09956	0.14353
V201	0.03896	0.04022	0.03683	0.70669	0.1773
V202	0.73215	0.13194	0.01973	0.08777	0.02841
V203	0.44944	0.26444	0.05223	0.12271	0.11118
V204	0.30901	0.1338	0.05728	0.09958	0.40032
V205	0.10981	0.10271	0.1346	0.16073	0.49215
V206	0.0435	0.11407	0.01812	0.75218	0.07212
V207	0.02433	0.05575	0.016	0.84437	0.05955
V208	0.12976	0.28295	0.4162	0.09323	0.07786
V209	0.14937	0.09402	0.1164	0.12977	0.51044
V210	0	0.21091	0.71471	0.05002	0.02437
V211	0.14241	0.11424	0.20987	0.11555	0.41793
V212	0.06185	0.6642	0.12158	0.10137	0.05099
V213	0.09825	0.05729	0.0801	0.32612	0.43824
V214	0.02532	0.50829	0.37377	0.06528	0.02734
V215	0.21937	0.25187	0.1524	0.14502	0.23134
V216	0.05339	0.1404	0.31644	0.11455	0.37522
V217	0.01319	0.03893	0.03796	0.80146	0.10845
V218	0.06414	0.23103	0.2693	0.34702	0.08851
V219	0.10697	0.3009	0.3465	0.21946	0.02617
V220	0.18197	0.63401	0.10091	0.06975	0.01336
V221	0.03972	0.18137	0.44528	0.07473	0.2589
V222	0.03394	0.05871	0.02994	0.15358	0.72383
V223	0.40235	0.12762	0.27429	0.16307	0.03266
V224	0.04597	0.50053	0.06434	0.15439	0.23477
V225	0.5659	0.21678	0.13089	0.06423	0.02221
V226	0.40828	0.46665	0.03765	0.06945	0.01798
V227	0.0859	0.24228	0.03155	0.57869	0.06158
V228	0.45045	0.13691	0.24257	0.12384	0.04622
V229	0.22478	0.3856	0.25747	0.09672	0.03543
V230	0.03389	0.05102	0.02985	0.15519	0.73005
V231	0.06313	0.5339	0.09709	0.2273	0.07858
V232	0.62017	0.1202	0.16988	0.06975	0.02
V233	0.06043	0.09853	0.1622	0.17864	0.50019
V234	0.02034	0.35618	0.21755	0.36285	0.04308
V235	0.75536	0.09801	0.01835	0.1029	0.02538
V236	0.06462	0.16217	0.51302	0.20354	0.05665
V237	0.10712	0.15345	0.249	0.3331	0.15733
V238	0.01942	0.05024	0.02648	0.3692	0.53466
V239	0.0659	0.37937	0.08051	0.23856	0.23567
V240	0.07071	0.73328	0.06215	0.08349	0.05038
V241	0.05869	0.80143	0.05953	0.06881	0.01154
V242	0.03321	0.32643	0.28291	0.29266	0.06479
V243	0.3765	0.1301	0.29071	0.08784	0.11485
V244	0.03333	0.3959	0.21035	0.1427	0.21771
V245	0.05439	0.76902	0.08145	0.08919	0.00595
V246	0.51026	0.2758	0.05267	0.07841	0.08286
V247	0.15226	0.22096	0.49531	0.0928	0.03868
V248	0.09702	0.54633	0.06619	0.08612	0.20434
V249	0.21831	0.14644	0.20495	0.16173	0.26857
V250	0.0184	0.18215	0.5409	0.08486	0.1737
V251	0.18037	0.08397	0.09672	0.56331	0.07562
V252	0.02161	0.22177	0.47027	0.17691	0.10944
V253	0.26188	0.49788	0.11327	0.1043	0.02267
V254	0.44252	0.35245	0.03	0.14673	0.0283
V255	0.65905	0.144	0.0187	0.09858	0.07968
V256	0.0467	0.67425	0.06635	0.08086	0.13185
V257	0.36702	0.30991	0.15351	0.09778	0.07178
V258	0.14162	0.29519	0.07176	0.45452	0.03691
V259	0.43062	0.29495	0.17757	0.06638	0.03049
V260	0.23458	0.10589	0.12075	0.16372	0.37504
V261	0.01903	0.14557	0.43334	0.29125	0.11081
V262	0.70803	0.11479	0.06274	0.08723	0.02721
V263	0.6296	0.14342	0.03088	0.17215	0.02395
V264	0.07255	0.75124	0.06365	0.10566	0.00689
V265	0.64398	0.15808	0.08485	0.08804	0.02505
V266	0.02798	0.06512	0.10594	0.14517	0.65578
V267	0.05906	0.05384	0.02654	0.25806	0.6025
V268	0.17228	0.39408	0.15806	0.22213	0.05345
V269	0.07564	0.33594	0.3281	0.21794	0.04239
V270	0.0473	0.04905	0.04474	0.80775	0.05116
V271	0.21272	0.61296	0.053	0.08893	0.03239
V272	0.1056	0.70114	0.07509	0.08077	0.03739
V273	0.23948	0.09929	0.17051	0.34718	0.14354
V274	0.09369	0.09043	0.05821	0.28015	0.47753
V275	0.04556	0.60663	0.18337	0.14239	0.02205
V276	0.00832	0.16873	0.54935	0.23173	0.04187
V277	0.27809	0.16191	0.46768	0.05478	0.03754
V278	0.00684	0.12795	0.30276	0.44157	0.12088
V279	0.12764	0.04982	0.02804	0.71083	0.08367
V280	0.16587	0.07166	0.05074	0.60117	0.11056
V281	0.02825	0.21433	0.06147	0.64936	0.0466
V282	0.06759	0.79328	0.05888	0.06861	0.01164
V283	0.31765	0.09014	0.12476	0.1134	0.35405
V284	0.02382	0.23105	0.46822	0.06272	0.21419
V285	0.44051	0.40925	0.03356	0.09667	0.02002
V286	0.06202	0.203	0.63617	0.075	0.02381
V287	0.20682	0.1343	0.16762	0.32037	0.17089
V288	0.15894	0.16914	0.50768	0.05844	0.10579
V289	0.13756	0.21631	0.04432	0.55895	0.04286
V290	0.36082	0.41582	0.15072	0.06041	0.01222
V291	0.33968	0.21223	0.02861	0.38371	0.03577
V292	0.10305	0.14735	0.36953	0.10095	0.27913
V293	0.00304	0.25155	0.63256	0.08411	0.02873
V294	0.02456	0.05942	0.03088	0.14798	0.73716
V295	0.01422	0.11896	0.29087	0.4857	0.09025
V296	0.68222	0.16453	0.02053	0.09087	0.04185
V297	0.01523	0.18344	0.60494	0.14793	0.04846
V298	0.24987	0.05652	0.02055	0.55283	0.12023
V299	0.22496	0.0493	0.02726	0.65372	0.04476
V300	0.76457	0.09949	0.01896	0.09166	0.02533
V301	0.74681	0.09216	0.02372	0.10728	0.03003
V302	0.01769	0.04728	0.02509	0.47742	0.43252
V303	0.09744	0.21928	0.21473	0.22747	0.24108
V304	0.14433	0.19835	0.57425	0.05075	0.03233
V305	0.18708	0.31478	0.1155	0.17045	0.21219
V306	0.29654	0.55716	0.04237	0.08218	0.02174
V307	0.18777	0.10413	0.23959	0.43352	0.03498
V308	0.17861	0.17186	0.51441	0.11028	0.02484
V309	0.5228	0.13276	0.06488	0.17767	0.10189
V310	0.04181	0.07063	0.02847	0.21115	0.64794
V311	0.02074	0.04264	0.05319	0.82498	0.05845
V312	0.0818	0.28614	0.25522	0.07777	0.29907
V313	0.06272	0.28101	0.0425	0.36954	0.24422
V314	0.08153	0.05641	0.02374	0.44169	0.39663
V315	0.74946	0.09389	0.03021	0.08229	0.04414
V316	0.09976	0.50048	0.25657	0.08557	0.05762
V317	0.29581	0.20292	0.41372	0.05597	0.03158
V318	0.72529	0.08881	0.02293	0.08291	0.08006
V319	0.07991	0.22068	0.62642	0.05537	0.01762
V320	0.07485	0.03831	0.02135	0.80768	0.0578
V321	0.11359	0.33733	0.28543	0.22691	0.03674
V322	0.01019	0.3206	0.49143	0.09319	0.08459
V323	0.20069	0.27745	0.37856	0.07309	0.07021
V324	0.03915	0.07883	0.05372	0.77323	0.05507
V325	0.50196	0.1664	0.09479	0.17137	0.06548
V326	0.05539	0.07167	0.07663	0.22963	0.56668
V327	0.28494	0.44071	0.13311	0.08362	0.05762
V328	0.04413	0.28216	0.17006	0.46072	0.04293
V329	0.00608	0.14245	0.33488	0.47546	0.04114
V330	0.06221	0.20445	0.64058	0.04403	0.04872
V331	0.12987	0.08988	0.10788	0.17899	0.49339
V332	0.35543	0.17577	0.37318	0.05843	0.03718
V333	0.31908	0.13477	0.27184	0.19484	0.07947
V334	0.03544	0.33144	0.47113	0.11816	0.04383
V335	0.57215	0.13559	0.09194	0.1038	0.09653
V336	0.14448	0.51316	0.26734	0.0546	0.02043
V337	0.02083	0.05519	0.03635	0.26343	0.62419
V338	0.56128	0.12175	0.14815	0.08555	0.08326
V339	0.18448	0.48422	0.20293	0.05988	0.06849
V340	0.03938	0.20406	0.13459	0.14447	0.47751
V341	0.02153	0.4645	0.40458	0.05835	0.05104
V342	0.22806	0.23254	0.37568	0.14436	0.01937
V343	0.52667	0.13258	0.25174	0.06986	0.01915
V344	0.10057	0.65247	0.08796	0.08906	0.06995
V345	0.19859	0.09287	0.02413	0.34755	0.33686
V346	0.03215	0.31937	0.29654	0.30475	0.04719
V347	0.07807	0.44725	0.05874	0.36204	0.05389
V348	0.01579	0.21847	0.39309	0.257	0.11565
V349	0.0541	0.34655	0.45875	0.06454	0.07606
V350	0.10081	0.38116	0.11141	0.28188	0.12474
V351	0.13926	0.14548	0.36453	0.31146	0.03927
V352	0.09554	0.49353	0.33711	0.05828	0.01553
V353	0.23099	0.32163	0.06702	0.12147	0.25889
V354	0.4311	0.15411	0.34358	0.0533	0.01792
V355	0.07167	0.11564	0.29281	0.47837	0.04151
V356	0.07032	0.2008	0.6275	0.06276	0.03863
V357	0.03868	0.16787	0.45227	0.08824	0.25293
V358	0.03073	0.06958	0.04616	0.79726	0.05627
V359	0.05212	0.12338	0.02577	0.75153	0.0472
V360	0.55051	0.12778	0.09728	0.20006	0.02437
V361	0.29602	0.43942	0.11764	0.06548	0.08143
V362	0.64325	0.10539	0.10268	0.07124	0.07743
V363	0.04079	0.07651	0.02802	0.25012	0.60456
V364	0.04156	0.26851	0.04921	0.47418	0.16655
V365	0.01458	0.04285	0.0233	0.84647	0.0728
V366	0.16113	0.18293	0.47929	0.10349	0.07317
V367	0.1919	0.25251	0.20891	0.21209	0.13459
V368	0.5857	0.16418	0.12788	0.07814	0.04411
V369	0.04073	0.5658	0.25285	0.12961	0.01101
V370	0.0249	0.18665	0.13685	0.39803	0.25356
V371	0.06406	0.76797	0.09782	0.06493	0.00522
V372	0.50556	0.14996	0.14335	0.16378	0.03735
V373	0.10802	0.56389	0.16171	0.14914	0.01723
V374	0.08079	0.14525	0.32611	0.41476	0.0331
V375	0.22849	0.16681	0.4736	0.11116	0.01994
V376	0.01624	0.12419	0.38071	0.09152	0.38733
V377	0.07912	0.45256	0.22086	0.22455	0.0229
V378	0.1223	0.4987	0.20037	0.06346	0.11517
V379	0.03478	0.07604	0.12947	0.17555	0.58416
V380	0.01919	0.11377	0.17174	0.50577	0.18953
V381	0.15011	0.09861	0.02805	0.12318	0.60004
V382	0.35941	0.05767	0.02094	0.34575	0.21623
V383	0.03068	0.09459	0.24362	0.59018	0.04093
V384	0.23579	0.11725	0.16054	0.41793	0.06848
V385	0.09358	0.13673	0.03077	0.12475	0.61416
V386	0.52497	0.08083	0.02116	0.34117	0.03187
V387	0.2282	0.06846	0.02119	0.62161	0.06054
V388	0.05851	0.71558	0.08489	0.12698	0.01404
V389	0.12168	0.66564	0.06466	0.09709	0.05093
V390	0.15637	0.05009	0.02072	0.65938	0.11345
V391	0.5817	0.19142	0.02063	0.14217	0.06407
V392	0.74569	0.11644	0.02555	0.08827	0.02406
V393	0.08865	0.09066	0.14974	0.52316	0.1478
V394	0.57056	0.08909	0.04108	0.21311	0.08616
V395	0.00515	0.11187	0.32311	0.51644	0.04344
V396	0.41687	0.16065	0.34698	0.05318	0.02232
V397	0.54116	0.18424	0.05321	0.1728	0.0486
V398	0.05862	0.07043	0.1632	0.61032	0.09742
V399	0.04825	0.07123	0.0186	0.35493	0.50699
V400	0.14611	0.46761	0.17799	0.19283	0.01546
V401	0.24154	0.1662	0.49596	0.07753	0.01877
V402	0.2877	0.15787	0.37289	0.1139	0.06764
V403	0.14773	0.11604	0.01983	0.22956	0.48684
V404	0.00467	0.1599	0.41124	0.36508	0.0591
V405	0.293	0.26411	0.0918	0.26157	0.08953
V406	0.01545	0.21767	0.69542	0.04278	0.02869
V407	0.6925	0.12232	0.04975	0.11255	0.02287
V408	0.03859	0.34798	0.03929	0.3178	0.25634
V409	0.09892	0.05903	0.07435	0.65456	0.11314
V410	0.11066	0.21043	0.30702	0.10914	0.26274
V411	0.02521	0.05756	0.02196	0.15874	0.73653
V412	0.0294	0.19124	0.15231	0.12143	0.50563
V413	0.02673	0.26409	0.16521	0.3899	0.15406
V414	0.04582	0.11157	0.01887	0.51317	0.31056
V415	0.16728	0.0543	0.02608	0.12776	0.62459
V416	0.10738	0.12753	0.04393	0.23707	0.4841
V417	0.00788	0.18125	0.60117	0.14992	0.05979
V418	0.46507	0.36551	0.05113	0.08206	0.03623
V419	0.23034	0.07917	0.03957	0.21035	0.44057
V420	0.21436	0.07599	0.12044	0.13903	0.45019
V421	0.01671	0.08038	0.14842	0.15213	0.60236
V422	0.02097	0.05874	0.06153	0.7023	0.15646
V423	0.23384	0.23921	0.26489	0.22345	0.0386
V424	0.00653	0.14473	0.44502	0.07632	0.3274
V425	0.30886	0.35646	0.03039	0.09032	0.21397
V426	0.20402	0.19136	0.04219	0.473	0.08943
V427	0.18931	0.55679	0.18169	0.05812	0.01409
V428	0.09249	0.56908	0.11468	0.15005	0.07371
V429	0.12264	0.67183	0.04973	0.12852	0.02728
V430	0.03064	0.1332	0.36901	0.22528	0.24187
V431	0.10107	0.35512	0.20754	0.27898	0.05727
V432	0.25335	0.12723	0.13133	0.36423	0.12385
V433	0.15291	0.14633	0.42453	0.23488	0.04135
V434	0.19834	0.32134	0.34312	0.06772	0.06947
V435	0.4187	0.1641	0.30816	0.08553	0.02352
V436	0.062	0.53442	0.13978	0.11581	0.14799
V437	0.18038	0.07742	0.04767	0.25442	0.44011
V438	0.11697	0.30751	0.2041	0.30574	0.06567
V439	0.48761	0.0746	0.06119	0.33468	0.04193
V440	0.02241	0.38348	0.48546	0.06204	0.04661
V441	0.03327	0.49969	0.37151	0.07896	0.01657
V442	0.06746	0.79217	0.06713	0.06792	0.00533
V443	0.741	0.091	0.02348	0.11913	0.02539
V444	0.13961	0.38416	0.06162	0.36593	0.04868
V445	0.06305	0.36404	0.06934	0.46208	0.04149
V446	0.09961	0.08884	0.10816	0.56084	0.14256
V447	0.06988	0.04922	0.03051	0.50486	0.34553
V448	0.16547	0.06399	0.04184	0.13751	0.59119
V449	0	0.2194	0.71798	0.04363	0.01899
V450	0.17712	0.16639	0.24196	0.18759	0.22695
V451	0.23428	0.21273	0.08168	0.36806	0.10326
V452	0.01678	0.07327	0.15585	0.6788	0.0753
V453	0.0265	0.05197	0.01678	0.52264	0.38212
V454	0.00962	0.17378	0.56708	0.07733	0.17219
V455	0.06065	0.2738	0.28054	0.11165	0.27336
V456	0.74055	0.0954	0.01749	0.10166	0.0449
V457	0.54173	0.23313	0.05635	0.12312	0.04566
V458	0.02316	0.38441	0.45221	0.09816	0.04205
V459	0.12354	0.10421	0.07001	0.50468	0.19756
V460	0.51966	0.14067	0.1854	0.11885	0.03542
V461	0.16571	0.3256	0.24865	0.08106	0.17898
V462	0.05291	0.10664	0.03297	0.54116	0.26631
V463	0.18422	0.0957	0.02978	0.64152	0.04877
V464	0.13014	0.27727	0.5138	0.05828	0.02051
V465	0.05364	0.1373	0.03952	0.14361	0.62593
V466	0.04221	0.04616	0.01955	0.22595	0.66612
V467	0.05746	0.23982	0.04682	0.55576	0.10014
V468	0.4622	0.31191	0.12668	0.06359	0.03562
V469	0.02491	0.31667	0.08598	0.33013	0.2423
V470	0.65458	0.12957	0.04319	0.1444	0.02827
V471	0.33674	0.28842	0.05458	0.20191	0.11835
V472	0.02247	0.08826	0.0654	0.13563	0.68823
V473	0.03156	0.24906	0.24072	0.33559	0.14308
V474	0.2452	0.16306	0.07745	0.45089	0.0634
V475	0.12817	0.17561	0.48796	0.0808	0.12746
V476	0.13482	0.09039	0.10611	0.58569	0.08299
V477	0.05875	0.79997	0.06794	0.06814	0.00522
V478	0.1772	0.06194	0.02625	0.12558	0.60902
V479	0.65414	0.13121	0.04972	0.13712	0.02781
V480	0.13053	0.56555	0.09673	0.17099	0.0362
V481	0.21487	0.34599	0.09037	0.23444	0.11434
V482	0.10885	0.59604	0.21942	0.05663	0.01906
V483	0.28512	0.46307	0.03623	0.1658	0.04979
V484	0.19423	0.45614	0.14392	0.17928	0.02643
V485	0.51619	0.15195	0.12147	0.17257	0.03782
V486	0.06574	0.16677	0.29329	0.08605	0.38816
V487	0.10925	0.20597	0.35566	0.29729	0.03182
V488	0.35097	0.11062	0.01648	0.37892	0.14301
V489	0.00812	0.30831	0.54798	0.10769	0.02791
V490	0.00807	0.17643	0.57987	0.2057	0.02994
V491	0.04109	0.43159	0.08491	0.17334	0.26906
V492	0.03425	0.15147	0.04994	0.70163	0.0627
V493	0.02309	0.03599	0.0228	0.85728	0.06082
V494	0.27443	0.05427	0.03414	0.54334	0.09382
V495	0.26909	0.25273	0.20959	0.2076	0.061
V496	0.13545	0.0931	0.07647	0.11669	0.5783
V497	0.09783	0.10701	0.16011	0.18799	0.44706
V498	0.08028	0.74352	0.07876	0.07312	0.02431
V499	0.0432	0.26985	0.26492	0.13071	0.29132
V500	0.1009	0.43758	0.13854	0.26154	0.06144
V501	0.07891	0.31867	0.04704	0.11153	0.44385
V502	0.13084	0.67897	0.08941	0.09332	0.00746
V503	0.35798	0.11415	0.19877	0.19113	0.13798
V504	0.42126	0.22433	0.03018	0.09291	0.23131
V505	0.51823	0.08021	0.04252	0.16152	0.19751
V506	0.03441	0.4858	0.10589	0.09065	0.28324
V507	0.66175	0.08738	0.04696	0.15887	0.04504
V508	0.03215	0.56798	0.23997	0.09575	0.06415
V509	0.05329	0.42341	0.16563	0.24304	0.11463
V510	0.35464	0.44192	0.07837	0.10629	0.01877
V511	0.05425	0.35188	0.4507	0.08412	0.05906
V512	0.1367	0.43222	0.19664	0.10879	0.12564
V513	0.15987	0.58685	0.11385	0.10648	0.03295
V514	0.02158	0.09122	0.23253	0.13658	0.51809
V515	0.07132	0.13718	0.01905	0.72641	0.04605
V516	0.14093	0.33551	0.13018	0.35649	0.03689
V517	0.02132	0.07285	0.06207	0.78787	0.0559
V518	0.32152	0.1304	0.28367	0.21854	0.04587
V519	0.62389	0.12811	0.0236	0.19409	0.03031
V520	0.07881	0.72417	0.06928	0.11998	0.00776
V521	0.17479	0.07158	0.13412	0.57304	0.04646
V522	0.03991	0.27467	0.47681	0.16177	0.04685
V523	0.11324	0.20818	0.57287	0.08241	0.0233
V524	0.25859	0.17771	0.45509	0.05038	0.05824
V525	0.02686	0.22214	0.06074	0.12634	0.56392
V526	0.03096	0.21325	0.6537	0.06299	0.03911
V527	0.07403	0.45754	0.37653	0.06424	0.02765
V528	0.13492	0.04526	0.03508	0.73665	0.0481
V529	0.16031	0.19702	0.56473	0.05081	0.02712
V530	0.01486	0.20704	0.66012	0.08299	0.03497
V531	0.16437	0.47463	0.12453	0.08484	0.15162
V532	0.06144	0.30044	0.29819	0.07275	0.26719
V533	0.26199	0.0641	0.01769	0.11848	0.53774
V534	0.11369	0.09495	0.01638	0.71103	0.06395
V535	0.65627	0.18077	0.06672	0.07164	0.02459
V536	0.10831	0.25086	0.35526	0.09246	0.19312
V537	0.03369	0.07593	0.03894	0.1406	0.71085
V538	0.52383	0.15948	0.02596	0.11068	0.18005
V539	0.01311	0.25787	0.53355	0.1321	0.06337
V540	0.15306	0.4372	0.12282	0.11739	0.16953
V541	0.04225	0.38689	0.05933	0.12195	0.38959
V542	0.03906	0.31699	0.13222	0.43911	0.07262
V543	0.05215	0.23394	0.54636	0.08896	0.07859
V544	0.28678	0.23612	0.18784	0.12721	0.16204
V545	0.52935	0.34123	0.03659	0.07697	0.01586
V546	0.07203	0.67731	0.13087	0.07028	0.04951
V547	0.09359	0.66691	0.04934	0.16147	0.02868
V548	0.01599	0.08584	0.025	0.8159	0.05727
V549	0.01989	0.05614	0.04429	0.2771	0.60258
V550	0.04839	0.72752	0.14338	0.06895	0.01176
V551	0.02405	0.03462	0.0154	0.87052	0.05541
V552	0.21291	0.07288	0.04079	0.14588	0.52754
V553	0.61499	0.09144	0.03417	0.20209	0.05731
V554	0.08647	0.16524	0.40808	0.30165	0.03855
V555	0.05636	0.7852	0.06635	0.06793	0.02416
V556	0.07391	0.0915	0.06872	0.68437	0.0815
V557	0.26307	0.24395	0.05965	0.36944	0.0639
V558	0.00807	0.18885	0.60299	0.16193	0.03815
V559	0.08716	0.41986	0.40298	0.05633	0.03367
V560	0.50726	0.27103	0.14349	0.06234	0.01588
V561	0.56428	0.1011	0.1401	0.08217	0.11236
V562	0.1173	0.12522	0.16879	0.17481	0.41387
V563	0.18494	0.28619	0.21222	0.16478	0.15188
V564	0.2934	0.08681	0.07401	0.37359	0.17219
V565	0.02289	0.05897	0.03836	0.17676	0.70302
V566	0.25562	0.16769	0.04847	0.3626	0.16562
V567	0.01469	0.20981	0.70884	0.04278	0.02389
V568	0.02665	0.27201	0.37684	0.29921	0.02529
V569	0.49685	0.16362	0.11614	0.17484	0.04855
V570	0.11006	0.11697	0.25622	0.4349	0.08185
V571	0.21428	0.10221	0.22096	0.34654	0.11601
V572	0.68645	0.08837	0.01618	0.09038	0.11861
V573	0.06655	0.15511	0.30444	0.37023	0.10367
V574	0.42771	0.29296	0.09712	0.14802	0.03419
V575	0.31756	0.10596	0.13296	0.13131	0.31222
V576	0.05335	0.75658	0.0638	0.0761	0.05016
V577	0.35515	0.44053	0.07102	0.11411	0.01919
V578	0.02294	0.24369	0.44147	0.23491	0.05698
V579	0.02479	0.48142	0.32554	0.07867	0.08958
V580	0.19293	0.46687	0.05132	0.25303	0.03586
V581	0.04772	0.45536	0.35528	0.12287	0.01877
V582	0.00092	0.23178	0.69886	0.04994	0.0185
V583	0.46366	0.14464	0.29291	0.07973	0.01906
V584	0.19911	0.45731	0.138	0.09523	0.11034
V585	0.05251	0.66402	0.11378	0.11787	0.05182
V586	0.04286	0.67322	0.20394	0.07303	0.00695
V587	0.06257	0.60538	0.0544	0.10117	0.17647
V588	0.19165	0.39969	0.34006	0.05143	0.01718
V589	0.09012	0.36017	0.07657	0.42701	0.04613
V590	0.05797	0.68465	0.05097	0.08185	0.12456
V591	0.39636	0.4422	0.07113	0.07241	0.01789
V592	0.01561	0.17761	0.60858	0.07803	0.12017
V593	0.34526	0.06209	0.02046	0.49881	0.07338
V594	0.00464	0.2418	0.5316	0.16808	0.05388
V595	0.41954	0.10823	0.07883	0.3355	0.0579
V596	0.36303	0.23645	0.20147	0.16331	0.03574
V597	0.03591	0.20486	0.03378	0.20907	0.51637
V598	0.50522	0.07706	0.02303	0.09494	0.29975
V599	0.06946	0.36321	0.11755	0.39898	0.0508
V600	0.22674	0.1	0.17761	0.38384	0.1118
V601	0.12849	0.1238	0.02511	0.50335	0.21925
V602	0.67045	0.20261	0.02306	0.08331	0.02057
V603	0.1279	0.17017	0.05326	0.21961	0.42906
V604	0.01654	0.18057	0.56916	0.13364	0.10009
V605	0.03544	0.12593	0.14826	0.16615	0.52422
V606	0.68608	0.08243	0.01595	0.0912	0.12434
V607	0.15953	0.14907	0.0453	0.12035	0.52574
V608	0.60192	0.10061	0.04837	0.14941	0.09968
V609	0.16366	0.2844	0.04067	0.42539	0.08588
V610	0.08605	0.55722	0.05036	0.28302	0.02335
V611	0.20729	0.18179	0.48929	0.06776	0.05387
V612	0.30498	0.15375	0.28652	0.07966	0.17509
V613	0.35546	0.4664	0.07285	0.0927	0.01259
V614	0.45742	0.09652	0.03717	0.15362	0.25527
V615	0.0127	0.13493	0.13877	0.56404	0.14955
V616	0.51177	0.10416	0.14808	0.18601	0.04998
V617	0.17882	0.18579	0.3973	0.13191	0.10618
V618	0.58013	0.1604	0.07957	0.08473	0.09516
V619	0.44293	0.1317	0.158	0.08071	0.18666
V620	0.03783	0.12452	0.30945	0.48649	0.04172
V621	0.12387	0.27052	0.29205	0.07068	0.24287
V622	0.02266	0.26752	0.33985	0.08147	0.28851
V623	0.06694	0.0451	0.02168	0.68976	0.17651
V624	0.71934	0.08739	0.02257	0.10054	0.07017
V625	0.01237	0.10348	0.10278	0.72898	0.05239
V626	0.05878	0.16056	0.45367	0.28331	0.04369
V627	0.10496	0.19931	0.14009	0.12101	0.43463
V628	0.74112	0.10338	0.02434	0.10644	0.02473
V629	0.09954	0.30941	0.50559	0.06529	0.02017
V630	0.02672	0.20368	0.05143	0.13706	0.58111
V631	0.01221	0.10854	0.27665	0.10806	0.49454
V632	0.056	0.6708	0.05774	0.10353	0.11193
V633	0.05491	0.06383	0.1017	0.53689	0.24268
V634	0.34245	0.41312	0.16618	0.06587	0.01237
V635	0.04377	0.1703	0.20176	0.1147	0.46947
V636	0.16366	0.22888	0.28998	0.21758	0.0999
V637	0.16909	0.13742	0.35408	0.25598	0.08342
V638	0.08083	0.42742	0.05949	0.15781	0.27445
V639	0.44029	0.37429	0.10251	0.06405	0.01886
V640	0.10391	0.21069	0.10371	0.28751	0.29418
V641	0.09797	0.6119	0.06887	0.19079	0.03047
V642	0.58026	0.1044	0.02226	0.2646	0.02848
V643	0.05877	0.73084	0.11881	0.08537	0.00622
V644	0.04635	0.37685	0.05483	0.46801	0.05395
V645	0.15637	0.6303	0.06194	0.14102	0.01036
V646	0.12614	0.46243	0.06671	0.27629	0.06843
V647	0.73065	0.0898	0.02306	0.13097	0.02552
V648	0.37381	0.14341	0.02478	0.31841	0.1396
V649	0.23865	0.14567	0.09776	0.18471	0.33321
V650	0.02853	0.04659	0.0683	0.8054	0.05118
V651	0.12879	0.20092	0.022	0.60854	0.03975
V652	0.29826	0.06582	0.04852	0.53627	0.05114
V653	0.28276	0.07543	0.06394	0.51016	0.0677
V654	0.04421	0.11669	0.02239	0.18171	0.63501
V655	0.12725	0.14248	0.2701	0.42106	0.03911
V656	0.11798	0.06258	0.01845	0.20968	0.59131
V657	0.03963	0.4291	0.0664	0.36354	0.10133
V658	0.03167	0.07088	0.04655	0.61935	0.23156
V659	0.02001	0.07085	0.08514	0.73301	0.09099
V660	0.06829	0.32851	0.05541	0.13293	0.41487
V661	0.0487	0.56585	0.05952	0.23348	0.09245
V662	0.04384	0.41321	0.06075	0.09645	0.38576
V663	0.76847	0.096	0.02519	0.08515	0.02519
V664	0.02887	0.06323	0.12982	0.43504	0.34305
V665	0.03143	0.55684	0.23831	0.13271	0.04071
V666	0.09807	0.73055	0.09402	0.07144	0.00592
V667	0.03538	0.4944	0.27588	0.1459	0.04844
V668	0.51578	0.25733	0.07198	0.12086	0.03405
V669	0.39726	0.30246	0.05491	0.15112	0.09426
V670	0.09504	0.55691	0.09058	0.10316	0.1543
V671	0.58408	0.11839	0.1793	0.09308	0.02515
V672	0.08855	0.12139	0.10712	0.35473	0.32821
V673	0.02339	0.06916	0.02093	0.22573	0.6608
V674	0.28173	0.21512	0.4111	0.05049	0.04156
V675	0.54923	0.08433	0.055	0.20749	0.10395
V676	0.20284	0.21551	0.42091	0.05466	0.10608
V677	0.04214	0.28158	0.22179	0.38394	0.07055
V678	0.0589	0.31017	0.0469	0.12932	0.4547
V679	0.01182	0.13388	0.38823	0.42651	0.03956
V680	0.15499	0.05656	0.03757	0.40265	0.34824
V681	0.42491	0.0963	0.05695	0.3281	0.09374
V682	0	0.2194	0.71798	0.04363	0.01899
V683	0.05615	0.27959	0.52635	0.05003	0.08788
V684	0.0578	0.04452	0.02203	0.82328	0.05236
V685	0.00754	0.20053	0.64142	0.12436	0.02615
V686	0.25576	0.53147	0.10824	0.08319	0.02133
V687	0.00219	0.14926	0.47879	0.32902	0.04074
V688	0	0.21409	0.70645	0.05006	0.0294
V689	0.39417	0.14299	0.19012	0.15789	0.11483
V690	0.10784	0.72214	0.06875	0.08843	0.01284
V691	0.12375	0.15273	0.06331	0.59647	0.06374
V692	0.06638	0.06042	0.02944	0.7332	0.11057
V693	0.02242	0.47451	0.40809	0.07761	0.01736
V694	0.0815	0.19655	0.05907	0.57505	0.08783
V695	0.12134	0.17321	0.16336	0.11117	0.43092
V696	0.0957	0.17722	0.58455	0.05481	0.08773
V697	0.0873	0.18354	0.2902	0.33747	0.10149
V698	0.02425	0.09793	0.19174	0.11977	0.56632
V699	0.03848	0.05987	0.06117	0.65049	0.18998
V700	0.06508	0.6977	0.12441	0.06353	0.04928
V701	0.02743	0.20207	0.04322	0.13098	0.59631
V702	0.02658	0.1316	0.02651	0.66734	0.14797
V703	0.02217	0.05344	0.03832	0.82768	0.0584
V704	0.04317	0.16649	0.36667	0.09257	0.3311
V705	0.74068	0.10169	0.01784	0.09529	0.0445
V706	0.13039	0.18783	0.16227	0.43198	0.08753
V707	0.13012	0.15983	0.09151	0.32341	0.29513
V708	0.02754	0.53259	0.37188	0.05808	0.0099
V709	0.02269	0.07126	0.05657	0.13954	0.70995
V710	0.10857	0.15922	0.42322	0.06661	0.24237
V711	0.07039	0.05372	0.04454	0.15226	0.67909
V712	0.0478	0.17739	0.54949	0.1912	0.03413
V713	0.2117	0.40822	0.30178	0.06604	0.01226
V714	0.06428	0.0576	0.0206	0.14365	0.71388
V715	0.0108	0.33351	0.50231	0.13079	0.02259
V716	0.59633	0.2155	0.03499	0.11783	0.03534
V717	0.33903	0.21172	0.13698	0.09798	0.21429
V718	0.51476	0.12894	0.24183	0.06568	0.04879
V719	0.33766	0.25905	0.12198	0.17146	0.10985
V720	0.12238	0.10617	0.1098	0.14003	0.52163
V721	0.03973	0.06588	0.07165	0.1493	0.67343
V722	0.02884	0.23363	0.07915	0.50495	0.15343
V723	0.0975	0.22868	0.12396	0.49796	0.0519
V724	0.12138	0.55822	0.08084	0.21908	0.02048
V725	0.04398	0.05894	0.02969	0.1439	0.72348
V726	0.20341	0.45007	0.08948	0.12342	0.13363
V727	0.00721	0.21247	0.70152	0.04961	0.02919
V728	0.60184	0.11921	0.12341	0.12885	0.02669
V729	0.48867	0.15782	0.04518	0.27601	0.03231
V730	0.09816	0.13363	0.33089	0.36572	0.07159
V731	0.01225	0.06016	0.0698	0.80668	0.05112
V732	0.02322	0.03608	0.0229	0.86285	0.05495
V733	0.02362	0.22158	0.6836	0.04276	0.02843
V734	0.38302	0.18927	0.30697	0.09251	0.02824
V735	0.0714	0.21603	0.2276	0.11031	0.37466
V736	0.0251	0.09026	0.03139	0.14177	0.71148
V737	0.76427	0.10102	0.02536	0.08448	0.02487
V738	0.03552	0.42738	0.05354	0.10469	0.37887
V739	0.02426	0.04871	0.01581	0.85686	0.05437
V740	0.19953	0.14451	0.12491	0.11232	0.41873
V741	0.41766	0.08073	0.02137	0.35302	0.12723
V742	0.0604	0.1609	0.45278	0.19494	0.13099
V743	0.03718	0.10601	0.09594	0.20885	0.55203
V744	0.16144	0.12778	0.16384	0.48188	0.06506
V745	0.14438	0.07196	0.05837	0.67473	0.05057
V746	0.32529	0.488	0.07464	0.07283	0.03924
V747	0.02341	0.21906	0.67425	0.04956	0.03371
V748	0.14243	0.25916	0.27328	0.11998	0.20515
V749	0.15992	0.15038	0.12775	0.43329	0.12866
V750	0.6115	0.22069	0.02925	0.11842	0.02014
V751	0.03176	0.39553	0.48666	0.06733	0.01872
V752	0.03499	0.16305	0.04964	0.13326	0.61906
V753	0.42909	0.15255	0.22656	0.08967	0.10213
V754	0.10701	0.28984	0.03419	0.52889	0.04008
V755	0.22688	0.61158	0.08364	0.06406	0.01383
V756	0.03347	0.14504	0.04817	0.17445	0.59887
V757	0.14951	0.06238	0.10308	0.63579	0.04925
V758	0.0662	0.3754	0.03219	0.48944	0.03677
V759	0.09394	0.10066	0.12022	0.11371	0.57148
V760	0.07299	0.11392	0.2091	0.29806	0.30594
V761	0.05044	0.33077	0.5476	0.05143	0.01976
V762	0.01986	0.10848	0.17435	0.42201	0.2753
V763	0.04023	0.2746	0.03814	0.11512	0.53191
V764	0.10001	0.10569	0.09194	0.64763	0.05473
V765	0.13355	0.18276	0.51651	0.08901	0.07816
V766	0.06981	0.4544	0.25898	0.10529	0.11153
V767	0.2474	0.43311	0.09531	0.11282	0.11136
V768	0.0667	0.70975	0.10053	0.10966	0.01337
V769	0.58385	0.12324	0.17373	0.06977	0.04941
V770	0.23646	0.14907	0.40717	0.1792	0.0281
V771	0.07188	0.62845	0.05489	0.15752	0.08726
V772	0.03885	0.21491	0.67928	0.04871	0.01825
V773	0.04056	0.05172	0.01889	0.27989	0.60893
V774	0.1309	0.15409	0.45561	0.06165	0.19776
V775	0.71217	0.08979	0.03507	0.12843	0.03454
V776	0.30255	0.40027	0.17576	0.08665	0.03477
V777	0.18241	0.37171	0.24464	0.15129	0.04994
V778	0.44326	0.1123	0.0299	0.2664	0.14814
V779	0.0598	0.41655	0.4387	0.06181	0.02315
V780	0.01472	0.20947	0.70764	0.04922	0.01894
V781	0.16273	0.32432	0.19206	0.07518	0.24571
V782	0.22104	0.25424	0.04893	0.10371	0.37208
V783	0.00317	0.16529	0.53562	0.08271	0.21322
V784	0.03818	0.53374	0.04211	0.30308	0.08288
V785	0.58029	0.17732	0.01977	0.16295	0.05968
V786	0.14661	0.19989	0.03587	0.56237	0.05526
V787	0.13175	0.51657	0.04002	0.24536	0.06631
V788	0.3328	0.39238	0.09881	0.0686	0.10741
V789	0.02148	0.16918	0.02984	0.45433	0.32517
V790	0.25325	0.24418	0.08571	0.18218	0.23468
V791	0.16438	0.2359	0.09511	0.25351	0.25109
V792	0.74194	0.10701	0.03731	0.08036	0.03338
V793	0.29209	0.27392	0.07836	0.1614	0.19423
V794	0.02504	0.0861	0.11965	0.26377	0.50544
V795	0.13466	0.70613	0.06754	0.07304	0.01863
V796	0.25495	0.3788	0.12995	0.19607	0.04022
V797	0.14887	0.05127	0.01845	0.14671	0.6347
V798	0.13115	0.46179	0.04471	0.15944	0.20292
V799	0.03434	0.17098	0.06649	0.64942	0.07877
V800	0.04011	0.0635	0.03589	0.23419	0.6263
V801	0.30601	0.08485	0.12424	0.42765	0.05725
V802	0.04663	0.21913	0.0433	0.12668	0.56426
V803	0.2568	0.07723	0.02147	0.58571	0.05879
V804	0.16646	0.20455	0.19468	0.36974	0.06457
V805	0.11989	0.2218	0.37979	0.19344	0.08508
V806	0.38741	0.11455	0.191	0.12771	0.17934
V807	0.58177	0.09289	0.07575	0.12186	0.12773
V808	0.66867	0.09795	0.06148	0.0822	0.0897
V809	0.19039	0.53508	0.06335	0.10052	0.11066
V810	0.03348	0.09743	0.05697	0.50156	0.31057
V811	0.06049	0.1358	0.04607	0.21111	0.54653
V812	0.03281	0.57684	0.22283	0.13312	0.0344
V813	0.03711	0.26437	0.23182	0.08687	0.37983
V814	0.18042	0.47974	0.09841	0.20821	0.03322
V815	0.21698	0.57845	0.07318	0.1153	0.01609
V816	0.03267	0.43713	0.04356	0.43502	0.05161
V817	0.61407	0.13192	0.14458	0.08911	0.02032
V818	0.0395	0.26788	0.33844	0.09991	0.25426
V819	0.73586	0.10411	0.03054	0.10512	0.02437
V820	0.06662	0.33586	0.14058	0.40537	0.05157
V821	0.02551	0.05799	0.02221	0.15092	0.74338
V822	0.16342	0.05906	0.02824	0.70282	0.04645
V823	0.05085	0.16244	0.235	0.09567	0.45604
V824	0.08112	0.08522	0.04555	0.13039	0.65773
V825	0.11377	0.16503	0.50833	0.18939	0.02349
V826	0.03033	0.20831	0.68072	0.06182	0.01882
V827	0.29808	0.1668	0.01925	0.41051	0.10536
V828	0.22028	0.19116	0.12556	0.14083	0.32216
V829	0.08086	0.1701	0.28961	0.22165	0.23778
V830	0.11498	0.18139	0.54632	0.06884	0.08847
V831	0.04142	0.62533	0.09491	0.20733	0.03101
V832	0.19272	0.06367	0.08537	0.30813	0.3501
V833	0.18757	0.65216	0.05594	0.06711	0.03721
V834	0.59913	0.18792	0.0534	0.09791	0.06163
V835	0.21765	0.28233	0.11005	0.30474	0.08524
V836	0.28552	0.18424	0.36792	0.13715	0.02517
V837	0.04849	0.71068	0.06873	0.10749	0.06461
V838	0.01112	0.0496	0.0846	0.79751	0.05717
V839	0.04832	0.09454	0.09728	0.12416	0.6357
V840	0.7263	0.09981	0.04234	0.10283	0.02872
V841	0.16733	0.19223	0.56752	0.05052	0.0224
V842	0.40683	0.13564	0.19232	0.22945	0.03576
V843	0.38379	0.09889	0.15226	0.1427	0.22236
V844	0.01354	0.28621	0.60353	0.06444	0.03228
V845	0.03325	0.043	0.01539	0.64113	0.26723
V846	0.11138	0.1066	0.11823	0.16289	0.50089
V847	0.19798	0.06965	0.07114	0.21727	0.44396
V848	0.59742	0.10671	0.02253	0.16091	0.11242
V849	0.10691	0.20495	0.55804	0.05429	0.07582
V850	0.18119	0.13497	0.27204	0.1998	0.212
V851	0.76564	0.09375	0.01845	0.09175	0.03041
V852	0.21686	0.1203	0.09623	0.2429	0.32371
V853	0.0289	0.23694	0.50016	0.16315	0.07085
V854	0.04677	0.35553	0.25882	0.1376	0.20129
V855	0.09756	0.35353	0.11701	0.34478	0.08712
V856	0.15495	0.37708	0.08809	0.0846	0.29528
V857	0.07222	0.11007	0.17096	0.43815	0.20859
V858	0.02953	0.3421	0.20556	0.25579	0.16701
V859	0.11861	0.05782	0.0358	0.7167	0.07107
V860	0.04162	0.15997	0.0814	0.63237	0.08464
V861	0.1228	0.08749	0.12911	0.61276	0.04784
V862	0.07767	0.05874	0.04281	0.21129	0.60949
V863	0.05472	0.77298	0.0734	0.07451	0.02438
V864	0.02966	0.19552	0.65945	0.09533	0.02004
V865	0.06436	0.16048	0.50497	0.24413	0.02607
V866	0.02568	0.18775	0.51161	0.23375	0.04122
V867	0.49884	0.09705	0.02385	0.09348	0.28678
V868	0.18431	0.27679	0.35612	0.14861	0.03417
V869	0.03241	0.05379	0.04694	0.1502	0.71667
V870	0.23695	0.19667	0.09816	0.29216	0.17607
V871	0.04517	0.11194	0.12126	0.19403	0.52761
V872	0.32188	0.08969	0.02863	0.48753	0.07228
V873	0.05533	0.31093	0.16529	0.39138	0.07707
V874	0.102	0.09723	0.02888	0.13633	0.63556
V875	0.02007	0.18592	0.04537	0.52676	0.22189
V876	0.41346	0.12651	0.0767	0.10161	0.28171
V877	0.21349	0.53899	0.07827	0.14561	0.02364
V878	0.03912	0.58216	0.08428	0.26617	0.02827
V879	0.71743	0.11983	0.03091	0.10351	0.02833
V880	0.08075	0.11313	0.04854	0.47053	0.28706
V881	0.01332	0.15159	0.47402	0.07078	0.29029
V882	0.04834	0.40316	0.04891	0.47046	0.02913
V883	0.4289	0.19888	0.03445	0.2374	0.10037
V884	0.0253	0.04988	0.02197	0.16041	0.74245
V885	0.13999	0.17303	0.34998	0.15891	0.17808
V886	0.01833	0.04872	0.05151	0.32397	0.55747
V887	0.10032	0.73956	0.06234	0.06727	0.03051
V888	0.05811	0.12811	0.07115	0.65653	0.0861
V889	0.12184	0.68347	0.08958	0.08607	0.01905
V890	0.03459	0.07773	0.14102	0.62163	0.12502
V891	0.00063	0.23069	0.69347	0.05658	0.01863
V892	0.50593	0.25415	0.0446	0.08152	0.1138
V893	0.11776	0.26412	0.43704	0.11948	0.0616
V894	0.09611	0.45578	0.08254	0.3084	0.05717
V895	0.51594	0.13041	0.24698	0.08248	0.02419
V896	0.17453	0.24878	0.22807	0.31718	0.03144
V897	0.0125	0.04237	0.05339	0.7529	0.13884
V898	0.36202	0.07122	0.03088	0.12656	0.40931
V899	0.4747	0.31366	0.105	0.06537	0.04127
V900	0.20943	0.26757	0.25992	0.22492	0.03816
V901	0.54256	0.11517	0.02273	0.2379	0.08163
