mature.neutrophil	CD14.pos.CD16.neg.classical.monocyte	macrophage	memory.CD4.pos.AB.T.cell	cytotoxic.CD56.dim.NK.cell
V1	0.25026	0.22619	0.24784	0.1682	0.10751
V2	0.04095	0.67632	0.11107	0.10971	0.06195
V3	0.05282	0.14629	0.39523	0.36652	0.03915
V4	0.00581	0.15832	0.24444	0.09976	0.49168
V5	0.01757	0.12774	0.08595	0.14095	0.62779
V6	0.25794	0.15177	0.26113	0.23515	0.09401
V7	0	0.18611	0.39497	0.11099	0.30793
V8	0	0.19246	0.68931	0.10429	0.01395
V9	0.05626	0.10865	0.2571	0.53197	0.04602
V10	0.33369	0.17614	0.39738	0.0639	0.0289
V11	0.03042	0.15029	0.12651	0.11144	0.58135
V12	0.0686	0.1381	0.2241	0.29572	0.27348
V13	0.1192	0.13693	0.06391	0.39887	0.28109
V14	0.14648	0.08736	0.09476	0.56445	0.10694
V15	0.04778	0.07284	0.02975	0.77657	0.07307
V16	0.44735	0.14872	0.04442	0.3209	0.0386
V17	0.05698	0.31164	0.05204	0.10981	0.46953
V18	0.06403	0.41345	0.26709	0.21879	0.03665
V19	0.0322	0.12703	0.02881	0.15614	0.65582
V20	0	0.16457	0.59727	0.21221	0.02595
V21	0.01375	0.32137	0.15983	0.18792	0.31713
V22	0.60535	0.17447	0.09461	0.08703	0.03854
V23	0.07221	0.13576	0.04944	0.17168	0.57091
V24	0.37045	0.20899	0.05184	0.11023	0.25849
V25	0.03223	0.11924	0.0413	0.40831	0.39892
V26	0.37167	0.26861	0.09158	0.1049	0.16324
V27	0.09122	0.4859	0.21229	0.0676	0.14297
V28	0.03415	0.15386	0.21127	0.53471	0.066
V29	0.01179	0.10945	0.3168	0.51212	0.04984
V30	0.55552	0.19046	0.06068	0.10313	0.0902
V31	0.34234	0.21016	0.04543	0.25154	0.15053
V32	0.68836	0.10987	0.04346	0.10174	0.05658
V33	0.02132	0.27173	0.05016	0.15636	0.50044
V34	0.09665	0.71495	0.07291	0.079	0.0365
V35	0.0679	0.54764	0.27551	0.08288	0.02607
V36	0.01873	0.26919	0.18995	0.13087	0.39126
V37	0.58102	0.11463	0.03066	0.09845	0.17524
V38	0.08916	0.17293	0.42058	0.20371	0.11362
V39	0.24755	0.17918	0.30817	0.07428	0.19082
V40	0.18206	0.54231	0.07008	0.14987	0.05568
V41	0.03726	0.72688	0.0786	0.07184	0.08542
V42	0.64352	0.13905	0.05412	0.09881	0.06451
V43	0.34693	0.22841	0.31476	0.08674	0.02316
V44	0.01437	0.35093	0.49176	0.05749	0.08546
V45	0.02803	0.59267	0.14326	0.17297	0.06306
V46	0.08895	0.65384	0.12423	0.0898	0.04318
V47	0	0.19363	0.73543	0.05403	0.0169
V48	0.13382	0.21568	0.22431	0.30921	0.11698
V49	0.34576	0.22846	0.22332	0.17203	0.03042
V50	0.00407	0.20874	0.72122	0.05397	0.012
V51	0.07889	0.33122	0.21479	0.10977	0.26533
V52	0.04272	0.7622	0.07728	0.07973	0.03807
V53	0.04389	0.19494	0.04297	0.657	0.0612
V54	0.19556	0.08493	0.03866	0.50526	0.17558
V55	0.09023	0.05984	0.02785	0.75625	0.06583
V56	0.08451	0.06108	0.03284	0.68408	0.13749
V57	0.10716	0.24922	0.47877	0.07639	0.08846
V58	0.06284	0.12274	0.15525	0.22617	0.43299
V59	0.62748	0.13487	0.11141	0.09755	0.02869
V60	0.328	0.26585	0.14429	0.16436	0.09751
V61	0.17233	0.12069	0.05383	0.24988	0.40328
V62	0.04455	0.16613	0.29422	0.16418	0.33093
V63	0.31456	0.30833	0.09469	0.09886	0.18357
V64	0.68659	0.12255	0.05758	0.10044	0.03284
V65	0.08707	0.1436	0.06672	0.55417	0.14844
V66	0.04107	0.08401	0.15056	0.66198	0.06237
V67	0.00146	0.16422	0.32868	0.133	0.37264
V68	0.33437	0.1569	0.34792	0.0942	0.0666
V69	0.43414	0.21542	0.20175	0.08873	0.05997
V70	0.04995	0.61537	0.09879	0.18706	0.04883
V71	0.07508	0.66616	0.10291	0.11563	0.04022
V72	0.03165	0.42532	0.06823	0.09338	0.38142
V73	0.06211	0.09634	0.12118	0.5215	0.19887
V74	0.03423	0.11047	0.03743	0.70353	0.11434
V75	0.34172	0.26481	0.28816	0.07671	0.02859
V76	0.0356	0.0626	0.04435	0.75411	0.10334
V77	0.00353	0.19285	0.70973	0.08121	0.01267
V78	0	0.19766	0.72626	0.05904	0.01704
V79	0.06562	0.41495	0.082	0.17671	0.26071
V80	0.10116	0.63747	0.06239	0.1091	0.08988
V81	0	0.19716	0.73668	0.05427	0.01189
V82	0.20471	0.20265	0.06241	0.47557	0.05467
V83	0.09582	0.14691	0.05001	0.50092	0.20633
V84	0.08358	0.24949	0.04011	0.11559	0.51123
V85	0	0.19322	0.73503	0.05968	0.01208
V86	0.02039	0.29491	0.29892	0.34347	0.0423
V87	0.37055	0.10174	0.06925	0.40527	0.05319
V88	0.25397	0.23232	0.08315	0.22191	0.20865
V89	0.02196	0.24022	0.64325	0.08072	0.01384
V90	0.01766	0.26282	0.08995	0.15134	0.47824
V91	0.03069	0.07125	0.10267	0.7335	0.06189
V92	0.20594	0.15346	0.05613	0.11935	0.46512
V93	0.01607	0.16646	0.17822	0.46558	0.17367
V94	0.03882	0.24036	0.05505	0.2651	0.40067
V95	0.05619	0.29516	0.05829	0.15537	0.43499
V96	0.59807	0.12291	0.05626	0.10764	0.11512
V97	0.14197	0.14593	0.07168	0.16708	0.47334
V98	0.03886	0.3995	0.20418	0.15801	0.19944
V99	0.40591	0.19851	0.03849	0.24551	0.11158
V100	0.41291	0.23634	0.0821	0.11762	0.15103
V101	0.04952	0.75159	0.08341	0.07823	0.03725
V102	0.2433	0.29732	0.15675	0.14966	0.15296
V103	0.11864	0.11567	0.03367	0.12175	0.61026
V104	0.03582	0.43275	0.12436	0.09053	0.31654
V105	0.019	0.13236	0.06945	0.14909	0.6301
V106	0.03543	0.65094	0.19325	0.06914	0.05124
V107	0.02719	0.30343	0.56039	0.08776	0.02123
V108	0.00194	0.28569	0.64403	0.05403	0.01432
V109	0.05464	0.27328	0.08915	0.28819	0.29475
V110	0.13625	0.4685	0.20886	0.14697	0.03942
V111	0.20478	0.29988	0.41372	0.06473	0.01689
V112	0.15947	0.09723	0.12577	0.43583	0.1817
V113	0.20164	0.1274	0.12555	0.19555	0.34986
V114	0.44134	0.16647	0.07766	0.20894	0.10559
V115	0.65379	0.10866	0.03978	0.1034	0.09437
V116	0.02474	0.1218	0.03076	0.13342	0.68928
V117	0.02732	0.18789	0.64537	0.11004	0.02938
V118	0.06428	0.05885	0.02822	0.76948	0.07916
V119	0.24413	0.15222	0.34502	0.23308	0.02554
V120	0	0.17966	0.65517	0.12929	0.03587
V121	0.15754	0.62465	0.06273	0.07923	0.07586
V122	0.02874	0.39978	0.1226	0.24949	0.19939
V123	0.38695	0.14459	0.09863	0.22056	0.14927
V124	0.1806	0.19811	0.09007	0.24772	0.2835
V125	0.02228	0.44214	0.44898	0.06152	0.02508
V126	0.12225	0.26892	0.22673	0.15424	0.22786
V127	0.19436	0.16969	0.52185	0.09541	0.01869
V128	0.16531	0.64515	0.07311	0.07239	0.04403
V129	0.20739	0.16404	0.2582	0.19702	0.17335
V130	0.02563	0.48027	0.08793	0.2453	0.16087
V131	0.02596	0.10021	0.23446	0.58945	0.04992
V132	0.30233	0.10985	0.02515	0.34455	0.21812
V133	0	0.19771	0.48822	0.1222	0.19187
V134	0.04211	0.19637	0.62642	0.07186	0.06324
V135	0.00652	0.23964	0.59847	0.07329	0.08207
V136	0.70359	0.1103	0.04637	0.10522	0.03451
V137	0.6623	0.12985	0.04278	0.11786	0.04721
V138	0.20578	0.22757	0.10703	0.17937	0.28025
V139	0.11482	0.08793	0.17057	0.57066	0.05602
V140	0.02664	0.13484	0.17581	0.10747	0.55524
V141	0.00538	0.30024	0.54641	0.1241	0.02387
V142	0.16573	0.14489	0.30951	0.16532	0.21456
V143	0.0072	0.28331	0.43487	0.16151	0.11311
V144	0.38644	0.26729	0.09934	0.16552	0.08141
V145	0	0.19626	0.71732	0.06422	0.0222
V146	0.03515	0.36018	0.04836	0.32012	0.23619
V147	0.06305	0.21078	0.55929	0.13007	0.0368
V148	0.12619	0.66085	0.0733	0.09435	0.0453
V149	0.03898	0.05865	0.02929	0.77391	0.09917
V150	0.0984	0.28957	0.49441	0.05719	0.06043
V151	0.35918	0.10006	0.03952	0.38463	0.11662
V152	0.03214	0.07635	0.13296	0.65146	0.10709
V153	0.12229	0.27633	0.40622	0.0966	0.09855
V154	0.09614	0.54983	0.076	0.09499	0.18305
V155	0.04919	0.08482	0.14993	0.65436	0.06169
V156	0.07473	0.1722	0.36695	0.17628	0.20984
V157	0.08045	0.15661	0.18181	0.28531	0.29583
V158	0.14691	0.1601	0.3976	0.10087	0.19452
V159	0.10957	0.24463	0.05066	0.51826	0.07689
V160	0.35509	0.24023	0.11926	0.11023	0.17519
V161	0.18445	0.14525	0.08743	0.10511	0.47775
V162	0	0.19977	0.73373	0.05444	0.01206
V163	0.0561	0.1222	0.0428	0.14389	0.635
V164	0.6715	0.14341	0.05233	0.10413	0.02863
V165	0.45189	0.26434	0.11287	0.11558	0.05531
V166	0.05484	0.10383	0.24018	0.50165	0.09951
V167	0.02967	0.58205	0.07275	0.17211	0.14342
V168	0	0.19977	0.73373	0.05444	0.01206
V169	0.0412	0.59675	0.19752	0.12276	0.04176
V170	0.19857	0.38372	0.09451	0.21516	0.10805
V171	0.23095	0.19585	0.32599	0.19149	0.05572
V172	0.15051	0.29444	0.10426	0.10351	0.34728
V173	0.18028	0.18032	0.11389	0.37419	0.15132
V174	0.16552	0.14164	0.32567	0.21348	0.15369
V175	0.06618	0.23412	0.14444	0.21463	0.34063
V176	0.31611	0.0873	0.03433	0.51205	0.05021
V177	0.14139	0.17725	0.47432	0.18167	0.02538
V178	0.20505	0.18088	0.39701	0.14525	0.0718
V179	0.09233	0.13033	0.03465	0.12203	0.62066
V180	0.01668	0.1695	0.33494	0.08729	0.3916
V181	0.059	0.32948	0.03787	0.13594	0.43771
V182	0.43453	0.26278	0.0449	0.19905	0.05874
V183	0.05745	0.75085	0.07596	0.07308	0.04266
V184	0.24704	0.13235	0.27635	0.29719	0.04708
V185	0.08662	0.46622	0.07007	0.18393	0.19316
V186	0.12014	0.24573	0.06212	0.2737	0.2983
V187	0.06995	0.59177	0.06034	0.23108	0.04687
V188	0.61903	0.12986	0.0652	0.15307	0.03285
V189	0.35723	0.26885	0.0724	0.26056	0.04096
V190	0.31809	0.18727	0.21678	0.08941	0.18845
V191	0.18833	0.25393	0.04163	0.39269	0.12341
V192	0.25501	0.25313	0.14665	0.22849	0.11672
V193	0.04543	0.29654	0.45845	0.08941	0.11016
V194	0.2213	0.16381	0.11093	0.16607	0.33789
V195	0.41465	0.24779	0.23181	0.08048	0.02526
V196	0.01768	0.12029	0.08587	0.1417	0.63447
V197	0.05661	0.73177	0.07306	0.09587	0.0427
V198	0.19303	0.27656	0.07133	0.232	0.22707
V199	0.55371	0.1378	0.21046	0.07801	0.02002
V200	0.58207	0.11203	0.06145	0.1078	0.13666
V201	0.05436	0.0682	0.04819	0.64044	0.1888
V202	0.67207	0.14736	0.04047	0.10579	0.03431
V203	0.4106	0.28998	0.06552	0.12177	0.11213
V204	0.28473	0.18242	0.06477	0.09877	0.36931
V205	0.09954	0.1569	0.1386	0.1475	0.45747
V206	0.06082	0.14039	0.03091	0.68085	0.08703
V207	0.04778	0.07284	0.02975	0.77657	0.07307
V208	0.11286	0.2968	0.42035	0.09409	0.07591
V209	0.13647	0.14905	0.12058	0.12196	0.47194
V210	0	0.19243	0.73142	0.0592	0.01695
V211	0.12894	0.16139	0.21208	0.11095	0.38664
V212	0.04631	0.65497	0.13154	0.09629	0.07088
V213	0.09598	0.10813	0.08639	0.29008	0.41942
V214	0.01181	0.50545	0.37496	0.06888	0.03889
V215	0.20002	0.28828	0.15798	0.13577	0.21796
V216	0.04271	0.18076	0.31827	0.10976	0.3485
V217	0.03365	0.05835	0.0515	0.73496	0.12154
V218	0.06022	0.25717	0.2803	0.30973	0.09258
V219	0.09685	0.31603	0.35503	0.20044	0.03165
V220	0.15314	0.62242	0.11391	0.07408	0.03644
V221	0.02747	0.20835	0.44791	0.07696	0.2393
V222	0.03147	0.12237	0.03716	0.13571	0.67328
V223	0.38315	0.14348	0.2836	0.15826	0.03152
V224	0.03416	0.52223	0.07471	0.1388	0.2301
V225	0.51754	0.23163	0.14449	0.07867	0.02767
V226	0.36011	0.46888	0.05539	0.07953	0.03609
V227	0.09298	0.27407	0.04526	0.51035	0.07734
V228	0.42394	0.15441	0.25107	0.12551	0.04507
V229	0.20145	0.39644	0.26188	0.09693	0.0433
V230	0.03179	0.11492	0.03714	0.13687	0.67929
V231	0.05246	0.54604	0.10859	0.19884	0.09407
V232	0.57708	0.13359	0.183	0.08524	0.02108
V233	0.05293	0.1517	0.16562	0.16205	0.46771
V234	0.01739	0.37812	0.22967	0.31915	0.05566
V235	0.69656	0.11343	0.03965	0.11977	0.0306
V236	0.05693	0.16988	0.53101	0.19046	0.05173
V237	0.10315	0.18467	0.2586	0.29923	0.15434
V238	0.02385	0.10463	0.03394	0.3217	0.51589
V239	0.0569	0.41334	0.09017	0.20922	0.23036
V240	0.05336	0.71239	0.07726	0.08293	0.07405
V241	0.04238	0.76373	0.0771	0.07355	0.04324
V242	0.02735	0.34761	0.29254	0.26023	0.07227
V243	0.35259	0.15211	0.29598	0.09334	0.10598
V244	0.02154	0.42308	0.21421	0.13104	0.21014
V245	0.03942	0.73989	0.09609	0.08816	0.03643
V246	0.46078	0.29731	0.06752	0.08754	0.08685
V247	0.13616	0.22721	0.50577	0.09567	0.0352
V248	0.07912	0.55888	0.07698	0.08358	0.20144
V249	0.20281	0.18521	0.20959	0.15191	0.25048
V250	0.00662	0.19613	0.55054	0.08647	0.16024
V251	0.18946	0.10807	0.1107	0.50815	0.08361
V252	0.01239	0.23667	0.4802	0.16592	0.10483
V253	0.2307	0.5018	0.12531	0.10291	0.03928
V254	0.40145	0.36723	0.0467	0.1426	0.04202
V255	0.60787	0.16565	0.03607	0.10929	0.08112
V256	0.03276	0.66673	0.07888	0.07938	0.14224
V257	0.33411	0.32861	0.16197	0.09971	0.0756
V258	0.14141	0.3233	0.0858	0.39822	0.05126
V259	0.39124	0.30848	0.18712	0.07623	0.03692
V260	0.21901	0.15278	0.12631	0.15285	0.34905
V261	0.01429	0.16228	0.44973	0.26671	0.107
V262	0.65572	0.13053	0.08025	0.10288	0.03062
V263	0.58964	0.16173	0.04828	0.17025	0.0301
V264	0.05617	0.72579	0.07991	0.10121	0.03693
V265	0.59476	0.17428	0.10074	0.10078	0.02943
V266	0.02346	0.12468	0.10983	0.13016	0.61187
V267	0.05686	0.11377	0.03299	0.22631	0.57008
V268	0.15676	0.41248	0.16741	0.19862	0.06472
V269	0.06572	0.35233	0.33563	0.19732	0.04901
V270	0.06825	0.06524	0.05933	0.74367	0.06352
V271	0.1815	0.60626	0.06877	0.08961	0.05386
V272	0.08423	0.68442	0.08924	0.08103	0.06107
V273	0.23512	0.12868	0.18121	0.31397	0.14102
V274	0.08919	0.14575	0.06441	0.24768	0.45296
V275	0.03384	0.60339	0.19056	0.12963	0.04259
V276	0.00189	0.17134	0.57451	0.2151	0.03717
V277	0.25785	0.1674	0.47694	0.06574	0.03207
V278	0.0072	0.15091	0.32051	0.39882	0.12257
V279	0.14502	0.07199	0.04036	0.64781	0.09483
V280	0.17654	0.09898	0.06293	0.54245	0.11909
V281	0.03906	0.24363	0.07657	0.57901	0.06174
V282	0.04989	0.75729	0.07654	0.07337	0.04291
V283	0.2958	0.13385	0.13068	0.1119	0.32777
V284	0.01121	0.25267	0.47021	0.06661	0.1993
V285	0.39351	0.41753	0.05094	0.1022	0.03582
V286	0.04927	0.19848	0.65428	0.08054	0.01743
V287	0.20023	0.16788	0.177	0.28794	0.16694
V288	0.14215	0.17962	0.51664	0.06617	0.09542
V289	0.1441	0.24566	0.05841	0.49493	0.0569
V290	0.32234	0.42102	0.16086	0.07039	0.02539
V291	0.32994	0.23881	0.04291	0.34119	0.04716
V292	0.09006	0.17968	0.37232	0.10005	0.25789
V293	0	0.24291	0.64578	0.08676	0.02455
V294	0.0233	0.12305	0.03841	0.13101	0.68423
V295	0.01671	0.13866	0.31098	0.43979	0.09386
V296	0.62654	0.18175	0.03948	0.10472	0.0475
V297	0.00606	0.18326	0.62605	0.14234	0.04228
V298	0.25799	0.08361	0.03188	0.49877	0.12775
V299	0.24051	0.06821	0.04078	0.59594	0.05457
V300	0.70252	0.11429	0.04101	0.11138	0.03079
V301	0.69126	0.10823	0.04389	0.12227	0.03434
V302	0.02546	0.09487	0.03334	0.42073	0.4256
V303	0.08788	0.25765	0.22017	0.20483	0.22946
V304	0.12752	0.19904	0.58645	0.06057	0.02642
V305	0.16875	0.34889	0.12314	0.15535	0.20388
V306	0.2581	0.55309	0.05966	0.08663	0.04252
V307	0.19085	0.1211	0.25638	0.39408	0.0376
V308	0.16435	0.17543	0.52833	0.11217	0.01971
V309	0.49065	0.16086	0.07732	0.1703	0.10087
V310	0.03927	0.13242	0.03514	0.1854	0.60777
V311	0.04239	0.0573	0.06872	0.76131	0.07029
V312	0.06666	0.322	0.25588	0.07769	0.27778
V313	0.06021	0.32305	0.053	0.32138	0.24237
V314	0.08574	0.10468	0.03127	0.39048	0.38783
V315	0.69098	0.11096	0.04992	0.10126	0.04688
V316	0.08198	0.50634	0.25919	0.08479	0.0677
V317	0.27254	0.21102	0.42067	0.06647	0.02929
V318	0.66973	0.1096	0.0413	0.09966	0.07971
V319	0.06546	0.21668	0.6413	0.06426	0.0123
V320	0.09711	0.05471	0.03451	0.7431	0.07057
V321	0.10249	0.35432	0.29378	0.20479	0.04462
V322	0	0.32841	0.49633	0.09277	0.08248
V323	0.17991	0.29194	0.38137	0.078	0.06877
V324	0.05753	0.09911	0.06855	0.707	0.0678
V325	0.46938	0.19114	0.10726	0.16447	0.06775
V326	0.05116	0.12998	0.08156	0.20304	0.53426
V327	0.25305	0.45052	0.14249	0.08633	0.06761
V328	0.04531	0.30894	0.18459	0.40621	0.05496
V329	0.00827	0.1571	0.35876	0.43114	0.04473
V330	0.04817	0.20153	0.65553	0.05367	0.0411
V331	0.11974	0.14472	0.11243	0.16331	0.4598
V332	0.33053	0.18674	0.37888	0.06934	0.03451
V333	0.30395	0.1566	0.27943	0.18327	0.07675
V334	0.02369	0.33815	0.47813	0.1143	0.04574
V335	0.53071	0.16102	0.10456	0.10978	0.09393
V336	0.12217	0.51255	0.27017	0.06091	0.03419
V337	0.02175	0.11467	0.04313	0.22937	0.59108
V338	0.52194	0.14447	0.15876	0.0948	0.08002
V339	0.15915	0.49142	0.20762	0.06483	0.07698
V340	0.03059	0.25574	0.13854	0.13136	0.44377
V341	0.00803	0.46569	0.40509	0.06309	0.0581
V342	0.21227	0.2438	0.38355	0.14	0.02038
V343	0.49274	0.14465	0.2615	0.08262	0.01849
V344	0.08107	0.64512	0.09981	0.08676	0.08725
V345	0.1947	0.13961	0.0325	0.309	0.32419
V346	0.02688	0.33909	0.30777	0.27114	0.05513
V347	0.07292	0.46883	0.07268	0.31327	0.07231
V348	0.00923	0.23946	0.40392	0.2337	0.1137
V349	0.03921	0.35478	0.46188	0.06879	0.07534
V350	0.09141	0.40911	0.12148	0.24679	0.1312
V351	0.13558	0.15962	0.38087	0.28483	0.03909
V352	0.07649	0.49243	0.33939	0.06392	0.02777
V353	0.20712	0.3567	0.07631	0.1152	0.24467
V354	0.40178	0.16278	0.352	0.06734	0.0161
V355	0.07593	0.13118	0.31382	0.43448	0.04459
V356	0.05656	0.19839	0.64346	0.06991	0.03168
V357	0.02693	0.19423	0.45616	0.0889	0.23379
V358	0.05051	0.08854	0.06068	0.73098	0.0693
V359	0.06954	0.14805	0.03953	0.68123	0.06165
V360	0.5211	0.14757	0.11163	0.19151	0.02818
V361	0.26209	0.45034	0.12748	0.07149	0.0886
V362	0.59751	0.12617	0.11595	0.08543	0.07495
V363	0.03913	0.13687	0.03462	0.21864	0.57074
V364	0.04367	0.30708	0.06088	0.41371	0.17467
V365	0.03821	0.05903	0.03725	0.77953	0.08597
V366	0.14615	0.19332	0.48884	0.10476	0.06694
V367	0.1778	0.28205	0.21535	0.19259	0.13221
V368	0.54051	0.18313	0.14042	0.08979	0.04615
V369	0.0295	0.56383	0.25753	0.12013	0.029
V370	0.02442	0.22828	0.14643	0.35125	0.24962
V371	0.04668	0.73654	0.11145	0.06998	0.03535
V372	0.47473	0.1709	0.15528	0.15918	0.03992
V373	0.09206	0.56548	0.17011	0.13585	0.03651
V374	0.08194	0.16119	0.34572	0.37568	0.03546
V375	0.21406	0.17127	0.48568	0.11342	0.01557
V376	0.00621	0.15976	0.38393	0.08998	0.36012
V377	0.06824	0.46517	0.22936	0.19976	0.03748
V378	0.10198	0.50888	0.2041	0.06625	0.11879
V379	0.02949	0.1329	0.13315	0.15737	0.54708
V380	0.02308	0.14663	0.185	0.45282	0.19247
V381	0.13627	0.15942	0.03502	0.11544	0.55384
V382	0.35233	0.09272	0.03122	0.31206	0.21166
V383	0.03924	0.10879	0.26663	0.53908	0.04625
V384	0.23547	0.14192	0.17397	0.37619	0.07244
V385	0.08321	0.19733	0.03774	0.11482	0.56689
V386	0.51115	0.10203	0.03611	0.31304	0.03766
V387	0.24096	0.09116	0.03385	0.5628	0.07123
V388	0.04404	0.69862	0.09882	0.117	0.04152
V389	0.09994	0.65502	0.07884	0.09417	0.07202
V390	0.17102	0.07555	0.03209	0.5977	0.12363
V391	0.53623	0.21419	0.03718	0.14311	0.06929
V392	0.68522	0.13144	0.04651	0.10732	0.02951
V393	0.09443	0.1202	0.16328	0.4703	0.15179
V394	0.54164	0.11491	0.05467	0.20231	0.08647
V395	0.00931	0.12404	0.34933	0.47071	0.04661
V396	0.38834	0.16994	0.3547	0.06651	0.02051
V397	0.50382	0.20729	0.06816	0.16684	0.05388
V398	0.06861	0.09185	0.18065	0.55424	0.10465
V399	0.04996	0.12684	0.02569	0.30989	0.48762
V400	0.13096	0.47792	0.18662	0.17335	0.03115
V401	0.22468	0.16891	0.50743	0.0853	0.01368
V402	0.26956	0.17305	0.37934	0.11484	0.06322
V403	0.13882	0.17225	0.02712	0.20532	0.4565
V404	0.00239	0.17424	0.43149	0.33207	0.0598
V405	0.27537	0.29255	0.10293	0.23431	0.09485
V406	0.00345	0.20775	0.71371	0.05319	0.0219
V407	0.64375	0.13825	0.06747	0.12307	0.02745
V408	0.03494	0.38705	0.04992	0.27514	0.25295
V409	0.11192	0.08416	0.08745	0.59386	0.1226
V410	0.09631	0.2447	0.30876	0.10625	0.24397
V411	0.02466	0.12124	0.03043	0.13967	0.684
V412	0.02059	0.24384	0.15534	0.11207	0.46817
V413	0.02452	0.29869	0.17586	0.34288	0.15805
V414	0.05268	0.15698	0.02764	0.4529	0.3098
V415	0.15339	0.1156	0.03308	0.11939	0.57854
V416	0.10005	0.1843	0.05066	0.21042	0.45457
V417	0	0.18186	0.62123	0.14378	0.05313
V418	0.41672	0.378	0.06711	0.0901	0.04807
V419	0.21757	0.13126	0.04668	0.19175	0.41273
V420	0.19919	0.12643	0.12547	0.13178	0.41713
V421	0.01185	0.13637	0.15179	0.13738	0.56261
V422	0.03514	0.08599	0.07433	0.63655	0.168
V423	0.22063	0.25805	0.27356	0.2048	0.04295
V424	0	0.1715	0.44706	0.07734	0.30409
V425	0.27613	0.38423	0.04291	0.0913	0.20543
V426	0.20479	0.22338	0.05469	0.41788	0.09926
V427	0.16085	0.55311	0.18903	0.06493	0.03209
V428	0.07724	0.57414	0.12448	0.13577	0.08836
V429	0.10248	0.6599	0.06565	0.11945	0.05252
V430	0.02386	0.16292	0.37848	0.20664	0.22811
V431	0.09257	0.37677	0.21644	0.24692	0.06729
V432	0.24845	0.15772	0.14228	0.32721	0.12434
V433	0.1452	0.1578	0.44006	0.21836	0.03857
V434	0.17566	0.33549	0.34555	0.07303	0.07028
V435	0.39144	0.17646	0.31601	0.09353	0.02256
V436	0.04693	0.5461	0.14713	0.10778	0.15205
V437	0.17218	0.1299	0.05442	0.22827	0.41523
V438	0.10951	0.33202	0.21394	0.27057	0.07396
V439	0.47656	0.09671	0.07466	0.30618	0.04589
V440	0.00936	0.38526	0.48918	0.06686	0.04934
V441	0.01979	0.49729	0.37396	0.08035	0.02861
V442	0.04985	0.75573	0.08415	0.07297	0.03732
V443	0.68747	0.10711	0.04363	0.13201	0.02979
V444	0.13286	0.4083	0.07549	0.31829	0.06505
V445	0.06376	0.39162	0.08371	0.4021	0.05881
V446	0.10729	0.11913	0.12114	0.50383	0.14861
V447	0.0768	0.09292	0.03877	0.44875	0.34276
V448	0.15196	0.12396	0.04789	0.12817	0.54803
V449	0	0.19977	0.73373	0.05444	0.01206
V450	0.16455	0.20202	0.24646	0.17383	0.21315
V451	0.22721	0.24505	0.09325	0.32545	0.10905
V452	0.02893	0.0915	0.17571	0.61965	0.08421
V453	0.03566	0.09687	0.02526	0.46246	0.37975
V454	0	0.18461	0.57698	0.08001	0.1584
V455	0.04796	0.30813	0.28165	0.10676	0.25549
V456	0.68416	0.11321	0.03745	0.11696	0.04822
V457	0.49625	0.25436	0.07171	0.12559	0.05209
V458	0.01108	0.38922	0.4566	0.09672	0.04638
V459	0.12795	0.14125	0.08067	0.44976	0.20037
V460	0.4865	0.15907	0.19583	0.12232	0.03628
V461	0.14505	0.35166	0.251	0.08205	0.17023
V462	0.06014	0.14886	0.04254	0.47938	0.26908
V463	0.19783	0.11939	0.04319	0.57918	0.06041
V464	0.11217	0.28071	0.52114	0.06634	0.01964
V465	0.04676	0.19796	0.04609	0.12919	0.58001
V466	0.0411	0.10819	0.02695	0.19737	0.6264
V467	0.06316	0.2744	0.05975	0.48903	0.11367
V468	0.41763	0.32584	0.13848	0.07458	0.04347
V469	0.02114	0.35618	0.09583	0.28751	0.23933
V470	0.61169	0.14737	0.06012	0.1477	0.03311
V471	0.31132	0.31718	0.06653	0.18404	0.12093
V472	0.01899	0.14969	0.07066	0.12118	0.63948
V473	0.02746	0.2799	0.2502	0.29786	0.14458
V474	0.24484	0.1917	0.09066	0.40134	0.07146
V475	0.11338	0.19014	0.49542	0.08461	0.11645
V476	0.14436	0.11543	0.12053	0.5282	0.09148
V477	0.04254	0.76186	0.08482	0.07328	0.03751
V478	0.16236	0.12256	0.03327	0.11812	0.56368
V479	0.6107	0.14885	0.06646	0.14154	0.03244
V480	0.11299	0.56904	0.10891	0.15344	0.05563
V481	0.19784	0.37228	0.10116	0.20932	0.1194
V482	0.08798	0.58849	0.2241	0.06208	0.03735
V483	0.25666	0.47359	0.05124	0.15309	0.06542
V484	0.17445	0.46725	0.15416	0.16274	0.04141
V485	0.48465	0.17357	0.13412	0.16655	0.04112
V486	0.05329	0.20927	0.29329	0.08503	0.35912
V487	0.10432	0.2218	0.36929	0.2703	0.03429
V488	0.34396	0.14416	0.02774	0.339	0.14514
V489	0	0.30737	0.55855	0.10591	0.02817
V490	0.00093	0.17635	0.60543	0.19256	0.02474
V491	0.03084	0.46178	0.09395	0.15449	0.25893
V492	0.04796	0.17902	0.06418	0.63167	0.07717
V493	0.04764	0.05025	0.03694	0.79196	0.07321
V494	0.28237	0.079	0.04628	0.49101	0.10134
V495	0.25204	0.27462	0.2178	0.19041	0.06512
V496	0.12239	0.15232	0.08131	0.10974	0.53424
V497	0.08879	0.15831	0.16398	0.17129	0.41762
V498	0.06168	0.71895	0.09293	0.07531	0.05113
V499	0.03185	0.30666	0.26637	0.12233	0.27279
V500	0.09039	0.45624	0.14907	0.22949	0.07481
V501	0.06638	0.36429	0.05537	0.10387	0.41009
V502	0.10796	0.66355	0.10304	0.09189	0.03357
V503	0.34056	0.14258	0.20664	0.17974	0.13049
V504	0.38453	0.26021	0.042	0.09561	0.21765
V505	0.48842	0.11549	0.05326	0.15613	0.18669
V506	0.02185	0.50858	0.11368	0.08643	0.26945
V507	0.62373	0.10632	0.06298	0.1598	0.04718
V508	0.01993	0.56845	0.24297	0.09204	0.07661
V509	0.04411	0.44624	0.17396	0.2138	0.12189
V510	0.3173	0.44871	0.09252	0.10709	0.03438
V511	0.04011	0.35904	0.45492	0.08545	0.06047
V512	0.1173	0.44945	0.20161	0.10424	0.12739
V513	0.13564	0.58502	0.12486	0.10231	0.05218
V514	0.01424	0.1407	0.23483	0.12638	0.48384
V515	0.08767	0.16338	0.03253	0.65566	0.06076
V516	0.13469	0.35967	0.14267	0.31278	0.0502
V517	0.04014	0.09145	0.07755	0.72222	0.06864
V518	0.30861	0.14839	0.29328	0.20438	0.04534
V519	0.5875	0.14722	0.0407	0.18851	0.03607
V520	0.06203	0.70407	0.08498	0.11222	0.0367
V521	0.18551	0.09007	0.15071	0.52049	0.05321
V522	0.02986	0.28352	0.48769	0.15205	0.04688
V523	0.0987	0.20915	0.58654	0.08728	0.01833
V524	0.23833	0.18625	0.46203	0.06101	0.05238
V525	0.01982	0.27715	0.06706	0.1148	0.52117
V526	0.01858	0.20779	0.6717	0.0696	0.03233
V527	0.05675	0.45984	0.37801	0.06847	0.03694
V528	0.15446	0.06311	0.04875	0.6749	0.05879
V529	0.14331	0.19735	0.57676	0.06103	0.02155
V530	0.00385	0.20045	0.6806	0.08672	0.02838
V531	0.14141	0.49063	0.13213	0.08384	0.15199
V532	0.04729	0.33187	0.29809	0.07368	0.24907
V533	0.24201	0.12057	0.02596	0.11437	0.49709
V534	0.13008	0.12012	0.0289	0.64364	0.07727
V535	0.60226	0.19523	0.084	0.08808	0.03044
V536	0.09288	0.27741	0.35671	0.09224	0.18076
V537	0.03021	0.13882	0.04549	0.12526	0.66023
V538	0.48339	0.19215	0.03912	0.11356	0.17178
V539	0.00273	0.26359	0.54632	0.12709	0.06026
V540	0.13214	0.4585	0.13083	0.11053	0.168
V541	0.03189	0.42477	0.06788	0.11176	0.3637
V542	0.03896	0.34641	0.14536	0.3841	0.08517
V543	0.03924	0.24114	0.55628	0.09078	0.07257
V544	0.26391	0.26671	0.19319	0.12266	0.15353
V545	0.47448	0.35181	0.05496	0.08927	0.02948
V546	0.05414	0.66439	0.14018	0.07205	0.06924
V547	0.07796	0.65787	0.06526	0.14492	0.054
V548	0.037	0.10612	0.03893	0.74633	0.07161
V549	0.02084	0.11472	0.05074	0.24144	0.57227
V550	0.03302	0.70367	0.15305	0.07205	0.03821
V551	0.0499	0.04807	0.02975	0.80428	0.068
V552	0.19751	0.12947	0.04736	0.13646	0.4892
V553	0.5824	0.11333	0.04954	0.19488	0.05985
V554	0.0825	0.17849	0.42509	0.27575	0.03816
V555	0.04051	0.75252	0.08227	0.07165	0.05304
V556	0.08767	0.11676	0.0827	0.61981	0.09306
V557	0.25438	0.27301	0.07277	0.32599	0.07385
V558	0	0.18781	0.62511	0.15441	0.03267
V559	0.06954	0.42329	0.40463	0.0623	0.04024
V560	0.46132	0.28379	0.15574	0.07571	0.02345
V561	0.52596	0.12588	0.1505	0.09179	0.10587
V562	0.10674	0.17476	0.1726	0.16045	0.38545
V563	0.16787	0.31474	0.21733	0.15266	0.14739
V564	0.28914	0.12026	0.08418	0.33588	0.17055
V565	0.02185	0.12157	0.04512	0.15497	0.65649
V566	0.24885	0.20441	0.05936	0.32114	0.16625
V567	0.00297	0.19786	0.72888	0.05364	0.01665
V568	0.02204	0.28675	0.39133	0.26983	0.03005
V569	0.46561	0.18679	0.12833	0.16757	0.0517
V570	0.112	0.13888	0.27175	0.39312	0.08425
V571	0.21114	0.12801	0.23189	0.31455	0.11441
V572	0.63504	0.11304	0.03318	0.10343	0.11531
V573	0.06471	0.17941	0.31806	0.33353	0.10429
V574	0.39298	0.31121	0.10992	0.14281	0.04307
V575	0.29648	0.14761	0.13901	0.12698	0.28992
V576	0.03749	0.7314	0.07914	0.07728	0.07469
V577	0.3183	0.44788	0.08547	0.11346	0.03489
V578	0.0159	0.25651	0.45476	0.21521	0.05762
V579	0.01098	0.48923	0.32596	0.07891	0.09493
V580	0.17616	0.48131	0.06563	0.22272	0.05419
V581	0.03461	0.45995	0.3594	0.11638	0.02965
V582	0	0.21471	0.71352	0.05925	0.01251
V583	0.43374	0.15566	0.30275	0.08984	0.01801
V584	0.17396	0.47155	0.14594	0.09357	0.11497
V585	0.03859	0.65574	0.12425	0.10935	0.07207
V586	0.02853	0.65615	0.20979	0.07505	0.03048
V587	0.04782	0.6101	0.06672	0.09547	0.1799
V588	0.16777	0.40435	0.34261	0.06019	0.02507
V589	0.08878	0.38735	0.09039	0.37132	0.06216
V590	0.04296	0.67439	0.06507	0.08067	0.13691
V591	0.35198	0.44684	0.08641	0.08094	0.03383
V592	0.00389	0.18254	0.6231	0.08126	0.10921
V593	0.34966	0.08602	0.03303	0.45092	0.08036
V594	0	0.24474	0.5463	0.15776	0.0512
V595	0.40847	0.1332	0.09155	0.30442	0.06237
V596	0.33883	0.25581	0.21	0.15505	0.0403
V597	0.03084	0.26057	0.04114	0.18413	0.48332
V598	0.46906	0.11747	0.03443	0.1002	0.27883
V599	0.06705	0.38889	0.13042	0.34802	0.06561
V600	0.22489	0.12674	0.1896	0.34666	0.11211
V601	0.13283	0.16408	0.03527	0.44578	0.22203
V602	0.6119	0.21626	0.04316	0.09937	0.02931
V603	0.1183	0.22337	0.0604	0.19605	0.40188
V604	0.00632	0.18797	0.58472	0.12928	0.09172
V605	0.02837	0.18045	0.15183	0.15002	0.48933
V606	0.63527	0.10763	0.03273	0.104	0.12038
V607	0.1443	0.20587	0.05209	0.11331	0.48442
V608	0.56426	0.12675	0.06213	0.14904	0.09782
V609	0.16085	0.31613	0.05357	0.37151	0.09794
V610	0.07749	0.56623	0.06541	0.24431	0.04657
V611	0.1897	0.18884	0.49823	0.07526	0.04796
V612	0.28327	0.18156	0.28929	0.08463	0.16125
V613	0.31592	0.47022	0.08769	0.09635	0.0298
V614	0.42894	0.13575	0.04748	0.14821	0.23963
V615	0.01873	0.16702	0.15298	0.50419	0.15708
V616	0.48591	0.1256	0.15973	0.17841	0.05036
V617	0.164	0.20436	0.40295	0.1288	0.09989
V618	0.53436	0.18509	0.09287	0.09432	0.09335
V619	0.41234	0.16421	0.16441	0.08639	0.17265
V620	0.04151	0.13958	0.33248	0.44145	0.04498
V621	0.10665	0.30171	0.29246	0.07312	0.22606
V622	0.01073	0.29947	0.34009	0.08098	0.26874
V623	0.08203	0.07468	0.03223	0.62355	0.18752
V624	0.66677	0.10779	0.04075	0.11404	0.07065
V625	0.02721	0.1238	0.12022	0.66442	0.06435
V626	0.05417	0.17104	0.47302	0.26004	0.04173
V627	0.09181	0.24923	0.14395	0.11328	0.40173
V628	0.68504	0.11913	0.04461	0.12166	0.02955
V629	0.08312	0.31244	0.51188	0.0717	0.02086
V630	0.02038	0.26012	0.05811	0.12367	0.53772
V631	0.00397	0.15456	0.27772	0.10295	0.4608
V632	0.04203	0.66356	0.07119	0.0977	0.12552
V633	0.06178	0.0991	0.11267	0.48122	0.24523
V634	0.30631	0.41827	0.1758	0.07454	0.02509
V635	0.03369	0.22017	0.20331	0.10766	0.43517
V636	0.15182	0.25307	0.29682	0.19906	0.09922
V637	0.16163	0.15674	0.36486	0.23613	0.08064
V638	0.06738	0.45777	0.06932	0.14246	0.26307
V639	0.39389	0.38367	0.11599	0.0752	0.03125
V640	0.09716	0.25583	0.11148	0.25393	0.28161
V641	0.08399	0.61149	0.08273	0.16837	0.05343
V642	0.55482	0.12499	0.03836	0.24755	0.03427
V643	0.04281	0.70747	0.1306	0.08506	0.03407
V644	0.04784	0.40517	0.06905	0.40599	0.07196
V645	0.13394	0.62299	0.0775	0.13015	0.03542
V646	0.11439	0.48093	0.07978	0.24094	0.08395
V647	0.68007	0.10616	0.0427	0.14112	0.02995
V648	0.3597	0.17704	0.03658	0.28602	0.14066
V649	0.22296	0.1913	0.10446	0.16985	0.31142
V650	0.0489	0.0611	0.08448	0.74283	0.06268
V651	0.13854	0.22977	0.03581	0.54112	0.05475
V652	0.30604	0.08747	0.06217	0.48555	0.05877
V653	0.28838	0.09919	0.07725	0.46063	0.07455
V654	0.03994	0.17817	0.02959	0.16106	0.59125
V655	0.12853	0.16174	0.28694	0.38033	0.04247
V656	0.11052	0.12318	0.02514	0.18734	0.55382
V657	0.03632	0.45555	0.07906	0.31408	0.11498
V658	0.04253	0.10666	0.05721	0.55458	0.23902
V659	0.03535	0.09251	0.10076	0.66855	0.10282
V660	0.057	0.37247	0.06355	0.12121	0.38576
V661	0.03937	0.57651	0.07267	0.20303	0.10842
V662	0.03201	0.44742	0.06975	0.09112	0.3597
V663	0.70585	0.11044	0.04713	0.10626	0.03032
V664	0.03175	0.1044	0.13924	0.38786	0.33674
V665	0.02045	0.55868	0.24264	0.12206	0.05618
V666	0.07728	0.70568	0.10777	0.07487	0.0344
V667	0.02318	0.50171	0.28036	0.13416	0.06059
V668	0.47216	0.27604	0.08674	0.12313	0.04193
V669	0.36386	0.32591	0.06779	0.14373	0.0987
V670	0.07761	0.56656	0.10018	0.0975	0.15816
V671	0.54629	0.13377	0.19116	0.10308	0.0257
V672	0.08662	0.16761	0.11495	0.31439	0.31644
V673	0.02352	0.13069	0.02858	0.19674	0.62047
V674	0.25811	0.22475	0.41677	0.06128	0.03909
V675	0.52164	0.112	0.06753	0.19677	0.10206
V676	0.18269	0.23128	0.42534	0.06266	0.09804
V677	0.0398	0.30734	0.2338	0.33972	0.07934
V678	0.04855	0.3568	0.05502	0.11844	0.42118
V679	0.01243	0.14525	0.41312	0.38876	0.04045
V680	0.15574	0.10209	0.0455	0.35834	0.33834
V681	0.41292	0.12429	0.06902	0.29773	0.09604
V682	0	0.19977	0.73373	0.05444	0.01206
V683	0.04145	0.28785	0.53139	0.05704	0.08227
V684	0.08048	0.06077	0.03546	0.75807	0.06522
V685	0	0.19413	0.66346	0.12224	0.02017
V686	0.22254	0.53147	0.12056	0.08607	0.03936
V687	0	0.15551	0.50429	0.30168	0.03853
V688	0	0.19701	0.72213	0.05881	0.02206
V689	0.37096	0.17002	0.19784	0.15157	0.10961
V690	0.0864	0.70071	0.08437	0.08782	0.0407
V691	0.13256	0.18109	0.07724	0.53331	0.0758
V692	0.08338	0.08559	0.04142	0.66636	0.12325
V693	0.00981	0.47273	0.41039	0.07952	0.02755
V694	0.08836	0.22893	0.07239	0.50951	0.10081
V695	0.10728	0.22274	0.16636	0.1058	0.39782
V696	0.08111	0.18186	0.59659	0.06257	0.07787
V697	0.08343	0.20929	0.30168	0.30329	0.10231
V698	0.01701	0.15133	0.1935	0.11107	0.52709
V699	0.05061	0.0909	0.07281	0.58663	0.19904
V700	0.04729	0.6816	0.13445	0.06664	0.07001
V701	0.02109	0.2593	0.05019	0.11862	0.55079
V702	0.03889	0.16569	0.03826	0.59649	0.16067
V703	0.04393	0.06996	0.0528	0.76207	0.07123
V704	0.0315	0.20145	0.36876	0.09123	0.30706
V705	0.68321	0.11901	0.03798	0.11172	0.04809
V706	0.13028	0.21692	0.17503	0.3841	0.09367
V707	0.12515	0.20481	0.09972	0.28621	0.28411
V708	0.01429	0.5249	0.37321	0.06382	0.02379
V709	0.01998	0.13375	0.06223	0.1246	0.65944
V710	0.09402	0.18647	0.42532	0.07112	0.22307
V711	0.06395	0.11675	0.05032	0.13608	0.6329
V712	0.03973	0.18092	0.57037	0.17965	0.02932
V713	0.18672	0.41308	0.30612	0.07239	0.02169
V714	0.05879	0.12169	0.02818	0.1285	0.66284
V715	6e-04	0.33663	0.51228	0.12532	0.02517
V716	0.54722	0.23399	0.05219	0.1237	0.0429
V717	0.31076	0.24693	0.14375	0.09863	0.19994
V718	0.48084	0.14485	0.25018	0.07782	0.0463
V719	0.31271	0.2869	0.13092	0.15969	0.10978
V720	0.1106	0.16248	0.11393	0.1301	0.4829
V721	0.0351	0.12742	0.07627	0.13339	0.62782
V722	0.0323	0.27084	0.09143	0.4431	0.16233
V723	0.10049	0.25697	0.13841	0.44093	0.0632
V724	0.10693	0.5635	0.09442	0.19298	0.04216
V725	0.04016	0.12287	0.0368	0.12806	0.67211
V726	0.17904	0.46793	0.09978	0.11635	0.1369
V727	0	0.19995	0.7194	0.05867	0.02198
V728	0.56406	0.13664	0.13711	0.1334	0.02878
V729	0.46655	0.1814	0.05971	0.25286	0.03947
V730	0.09695	0.15283	0.34613	0.33193	0.07215
V731	0.03232	0.07561	0.08649	0.74255	0.06304
V732	0.04818	0.04966	0.03726	0.79774	0.06716
V733	0.01106	0.21258	0.70156	0.05306	0.02174
V734	0.35699	0.20259	0.31408	0.09818	0.02815
V735	0.05885	0.25998	0.22925	0.10479	0.34714
V736	0.0225	0.1528	0.0386	0.12619	0.6599
V737	0.70187	0.11546	0.04715	0.10534	0.03017
V738	0.0245	0.46034	0.06305	0.09782	0.35429
V739	0.04882	0.06417	0.02986	0.78951	0.06764
V740	0.18198	0.19397	0.1298	0.10785	0.3864
V741	0.40829	0.11095	0.03325	0.3193	0.12821
V742	0.05226	0.17896	0.463	0.18233	0.12344
V743	0.03236	0.16361	0.1005	0.18508	0.51846
V744	0.16527	0.15237	0.17835	0.43263	0.07139
V745	0.15973	0.09294	0.07264	0.6135	0.06118
V746	0.28638	0.49188	0.0887	0.07882	0.05422
V747	0.01095	0.21115	0.69252	0.05837	0.02702
V748	0.1261	0.29009	0.27546	0.1154	0.19295
V749	0.15987	0.18281	0.1392	0.38579	0.13234
V750	0.56115	0.23682	0.04754	0.12516	0.02933
V751	0.01861	0.39459	0.49128	0.07179	0.02373
V752	0.02853	0.2226	0.05604	0.12025	0.57258
V753	0.39963	0.17607	0.23279	0.09518	0.09633
V754	0.11126	0.31988	0.04848	0.46374	0.05665
V755	0.19334	0.60153	0.09794	0.07075	0.03644
V756	0.02843	0.20509	0.0544	0.15472	0.55736
V757	0.16318	0.08099	0.11903	0.57924	0.05756
V758	0.06894	0.40289	0.04697	0.42487	0.05633
V759	0.08271	0.1585	0.1235	0.10667	0.52863
V760	0.06889	0.15494	0.21632	0.26762	0.29223
V761	0.03607	0.32881	0.55494	0.05954	0.02063
V762	0.02104	0.14731	0.18477	0.37653	0.27035
V763	0.03165	0.32617	0.04611	0.10582	0.49025
V764	0.11242	0.12918	0.10746	0.58574	0.0652
V765	0.11881	0.19135	0.5271	0.09216	0.07057
V766	0.05408	0.46881	0.26145	0.10095	0.11471
V767	0.21957	0.44951	0.10574	0.10883	0.11635
V768	0.05074	0.69237	0.11336	0.10336	0.04017
V769	0.54287	0.14101	0.18481	0.08297	0.04835
V770	0.22522	0.15932	0.41982	0.17056	0.02508
V771	0.05826	0.62791	0.06859	0.14126	0.10399
V772	0.02613	0.20529	0.69813	0.05864	0.01181
V773	0.0409	0.11107	0.02604	0.24389	0.57809
V774	0.11554	0.17591	0.45952	0.06749	0.18154
V775	0.66489	0.10714	0.05301	0.13709	0.03787
V776	0.27143	0.41018	0.18365	0.08978	0.04497
V777	0.16347	0.38659	0.25097	0.1414	0.05758
V778	0.42348	0.14542	0.0418	0.24334	0.14596
V779	0.04446	0.41732	0.44175	0.0669	0.02957
V780	0.00335	0.19716	0.72829	0.0593	0.0119
V781	0.14186	0.35596	0.1956	0.07626	0.23033
V782	0.19872	0.29929	0.05758	0.10024	0.34416
V783	0	0.17794	0.54186	0.08394	0.19625
V784	0.03276	0.54885	0.05615	0.26118	0.10106
V785	0.53798	0.20021	0.03623	0.16037	0.06521
V786	0.15332	0.22986	0.0494	0.49829	0.06913
V787	0.11845	0.5294	0.0541	0.21416	0.08388
V788	0.29728	0.40816	0.10947	0.07458	0.11052
V789	0.02541	0.21655	0.03913	0.39786	0.32104
V790	0.23382	0.28293	0.09403	0.16651	0.22271
V791	0.1529	0.27727	0.10341	0.22533	0.24108
V792	0.68356	0.12277	0.05682	0.09961	0.03725
V793	0.26785	0.30804	0.08798	0.14974	0.18638
V794	0.02222	0.13973	0.125	0.23296	0.48008
V795	0.1098	0.68595	0.08299	0.07619	0.04507
V796	0.234	0.3959	0.14024	0.17795	0.05191
V797	0.13686	0.11356	0.02562	0.135	0.58897
V798	0.11392	0.48433	0.05645	0.14432	0.20099
V799	0.04496	0.20148	0.0807	0.58059	0.09227
V800	0.03816	0.12439	0.04224	0.20501	0.5902
V801	0.3065	0.10691	0.13814	0.38707	0.06138
V802	0.03854	0.2747	0.05035	0.11541	0.521
V803	0.2665	0.10075	0.03423	0.52948	0.06904
V804	0.16238	0.23117	0.20644	0.3296	0.07041
V805	0.10952	0.24083	0.3866	0.17958	0.08347
V806	0.36447	0.14569	0.19724	0.12582	0.16678
V807	0.54366	0.12087	0.08809	0.1253	0.12208
V808	0.62114	0.12005	0.07633	0.09532	0.08717
V809	0.16403	0.54275	0.07599	0.09746	0.11976
V810	0.03932	0.14136	0.06614	0.44401	0.30917
V811	0.05458	0.19462	0.05243	0.18669	0.51169
V812	0.022	0.57638	0.22779	0.12227	0.05156
V813	0.02524	0.30567	0.23299	0.08446	0.35165
V814	0.16241	0.49134	0.11042	0.18554	0.05029
V815	0.1879	0.57576	0.08783	0.11085	0.03765
V816	0.03328	0.46206	0.05818	0.37521	0.07126
V817	0.57147	0.14711	0.1579	0.10108	0.02244
V818	0.02741	0.2983	0.33945	0.09713	0.23772
V819	0.68096	0.1198	0.05027	0.12007	0.0289
V820	0.06482	0.36217	0.15336	0.3547	0.06495
V821	0.02474	0.1218	0.03076	0.13342	0.68928
V822	0.18104	0.07877	0.04158	0.6409	0.05771
V823	0.03973	0.20996	0.23604	0.09195	0.42232
V824	0.07251	0.14763	0.0513	0.11876	0.60979
V825	0.10502	0.16945	0.52708	0.17929	0.01916
V826	0.01839	0.19865	0.70125	0.06966	0.01205
V827	0.29316	0.19916	0.03149	0.36393	0.11225
V828	0.20192	0.23481	0.13132	0.13227	0.29968
V829	0.07245	0.20633	0.29462	0.20204	0.22456
V830	0.09999	0.18953	0.55623	0.07469	0.07956
V831	0.03195	0.62501	0.1076	0.18119	0.05426
V832	0.18759	0.10828	0.09264	0.2773	0.3342
V833	0.15751	0.6395	0.07155	0.07216	0.05927
V834	0.55055	0.20899	0.06886	0.10653	0.06508
V835	0.20603	0.31099	0.12098	0.26943	0.09257
V836	0.26809	0.19598	0.37682	0.13503	0.02408
V837	0.03515	0.69548	0.08257	0.10106	0.08574
V838	0.03057	0.06378	0.10219	0.73508	0.06838
V839	0.04123	0.15455	0.10123	0.11318	0.58981
V840	0.67354	0.11598	0.06108	0.11704	0.03235
V841	0.15015	0.19159	0.58048	0.06115	0.01663
V842	0.3908	0.15654	0.20279	0.21258	0.0373
V843	0.36214	0.13383	0.15888	0.13802	0.20713
V844	0.00163	0.2833	0.61479	0.0702	0.03008
V845	0.04675	0.07866	0.02493	0.57457	0.27509
V846	0.10111	0.16189	0.12241	0.149	0.46558
V847	0.18748	0.1213	0.07733	0.19754	0.41635
V848	0.55934	0.13453	0.03696	0.15846	0.11072
V849	0.09146	0.21118	0.56705	0.06217	0.06814
V850	0.17006	0.1678	0.27765	0.18541	0.19907
V851	0.70418	0.10904	0.0403	0.11125	0.03523
V852	0.20573	0.16526	0.10339	0.2199	0.30573
V853	0.01936	0.24617	0.51277	0.15377	0.06793
V854	0.03468	0.38311	0.26102	0.12774	0.19345
V855	0.09169	0.38131	0.12825	0.30096	0.09779
V856	0.13431	0.40952	0.09631	0.08324	0.27663
V857	0.07375	0.14526	0.18201	0.39165	0.20733
V858	0.02167	0.37251	0.21249	0.22636	0.16697
V859	0.13595	0.07952	0.04879	0.65331	0.08243
V860	0.05159	0.19025	0.09578	0.5656	0.09678
V861	0.13443	0.10773	0.146	0.55591	0.05593
V862	0.07223	0.11961	0.04857	0.18732	0.57226
V863	0.03932	0.74353	0.08825	0.07635	0.05255
V864	0.01882	0.18733	0.68271	0.09787	0.01327
V865	0.05858	0.16562	0.52704	0.22651	0.02224
V866	0.01919	0.19406	0.53243	0.21595	0.03836
V867	0.46169	0.13728	0.0354	0.0985	0.26713
V868	0.16812	0.29124	0.36169	0.14181	0.03713
V869	0.02957	0.11695	0.053	0.1332	0.66728
V870	0.22592	0.23339	0.10742	0.2602	0.17306
V871	0.03904	0.16784	0.12537	0.1735	0.49425
V872	0.32482	0.11602	0.04135	0.43803	0.07978
V873	0.05287	0.33906	0.17692	0.34372	0.08744
V874	0.09192	0.15936	0.03553	0.12459	0.58861
V875	0.02577	0.22711	0.05636	0.46346	0.22729
V876	0.38382	0.16696	0.08501	0.10306	0.26116
V877	0.18748	0.54207	0.09217	0.13512	0.04315
V878	0.03266	0.58929	0.09749	0.22961	0.05095
V879	0.66328	0.13624	0.05008	0.11726	0.03313
V880	0.08433	0.15711	0.05766	0.4163	0.28461
V881	0.0018	0.17701	0.47865	0.07327	0.26928
V882	0.05033	0.42887	0.06411	0.40778	0.04891
V883	0.40348	0.22895	0.04724	0.21681	0.10351
V884	0.02514	0.11369	0.03068	0.14139	0.68911
V885	0.12771	0.20056	0.35418	0.15067	0.16688
V886	0.02068	0.10412	0.05807	0.28317	0.53396
V887	0.07889	0.71495	0.07817	0.07124	0.05675
V888	0.06975	0.15695	0.08522	0.59012	0.09796
V889	0.09909	0.66827	0.10295	0.08568	0.04401
V890	0.0443	0.10291	0.15713	0.56293	0.13273
V891	0	0.214	0.7088	0.06454	0.01265
V892	0.45864	0.27888	0.05906	0.08936	0.11406
V893	0.10341	0.27624	0.44354	0.11652	0.06029
V894	0.0875	0.47511	0.09543	0.2679	0.07405
V895	0.48384	0.14366	0.25645	0.09265	0.0234
V896	0.1674	0.27065	0.23939	0.28369	0.03886
V897	0.02975	0.06526	0.06691	0.68707	0.15101
V898	0.33707	0.11953	0.03955	0.12342	0.38043
V899	0.42791	0.32879	0.11791	0.07628	0.0491
V900	0.19607	0.2861	0.26898	0.20523	0.04362
V901	0.51457	0.1421	0.03696	0.22204	0.08433
V902	0.62499	0.1429	0.0533	0.12284	0.05597
V903	0.23535	0.14591	0.09604	0.44849	0.0742
