mature.neutrophil	CD14.pos.CD16.neg.classical.monocyte	macrophage	memory.CD4.pos.AB.T.cell	cytotoxic.CD56.dim.NK.cell
V1	0.32609	0.18307	0.20788	0.15332	0.12964
V2	0.06995	0.70752	0.0677	0.10213	0.05269
V3	0.07325	0.13461	0.35106	0.42056	0.02052
V4	0.01156	0.09992	0.19608	0.0362	0.65624
V5	0.01468	0.06137	0.05962	0.06631	0.79802
V6	0.32786	0.11768	0.21885	0.23226	0.10334
V7	0.01033	0.14667	0.34618	0.06871	0.4281
V8	0.01842	0.22054	0.65194	0.10094	0.00817
V9	0.06479	0.0909	0.21467	0.61273	0.01692
V10	0.44691	0.15767	0.33592	0.03378	0.02572
V11	0.03391	0.0819	0.09285	0.03902	0.75232
V12	0.0843	0.09336	0.1848	0.28289	0.35465
V13	0.13605	0.08355	0.04003	0.39579	0.34458
V14	0.16758	0.05694	0.06581	0.61686	0.0928
V15	0.03018	0.04963	0.00623	0.8803	0.03366
V16	0.54206	0.10831	0.01649	0.32138	0.01176
V17	0.068	0.2232	0.02605	0.04675	0.63601
V18	0.09944	0.39743	0.23513	0.25157	0.01644
V19	0.02808	0.05779	0.0121	0.07864	0.82338
V20	0.00806	0.17907	0.5548	0.23994	0.01813
V21	0.0225	0.25401	0.12379	0.16074	0.43896
V22	0.74085	0.13515	0.05492	0.04326	0.02582
V23	0.07802	0.0654	0.02952	0.10308	0.72397
V24	0.4454	0.14217	0.02527	0.05923	0.32793
V25	0.02612	0.06328	0.02176	0.39123	0.49761
V26	0.4687	0.20451	0.05716	0.06456	0.20507
V27	0.13986	0.45187	0.17613	0.03416	0.19799
V28	0.03639	0.12763	0.17349	0.62082	0.04167
V29	0.01122	0.09765	0.27089	0.59534	0.0249
V30	0.67892	0.13957	0.02779	0.05914	0.09458
V31	0.41934	0.15353	0.01897	0.23646	0.1717
V32	0.81554	0.07845	0.01144	0.04862	0.04596
V33	0.02283	0.18746	0.02593	0.09706	0.66672
V34	0.15844	0.76279	0.02153	0.05248	0.00475
V35	0.115	0.56519	0.24666	0.06847	0.00469
V36	0.02862	0.19957	0.15169	0.082	0.53812
V37	0.67769	0.07003	0.00627	0.04305	0.20295
V38	0.12609	0.14954	0.37779	0.20345	0.14313
V39	0.31656	0.13562	0.25712	0.03321	0.2575
V40	0.26388	0.51932	0.02856	0.14812	0.04012
V41	0.06481	0.77069	0.02989	0.04075	0.09386
V42	0.76791	0.10107	0.02157	0.05081	0.05864
V43	0.46679	0.19962	0.26026	0.06069	0.01263
V44	0.04139	0.34849	0.46355	0.03007	0.1165
V45	0.04737	0.60067	0.10525	0.19344	0.05328
V46	0.14499	0.67664	0.08205	0.07384	0.02248
V47	0.00808	0.23636	0.7079	0.03154	0.01613
V48	0.17405	0.17347	0.18842	0.33201	0.13206
V49	0.4536	0.18927	0.17901	0.16366	0.01446
V50	0.03077	0.24296	0.68776	0.03111	0.00739
V51	0.10989	0.26887	0.17609	0.07125	0.37391
V52	0.07389	0.84348	0.02411	0.05378	0.00474
V53	0.03552	0.15873	0.01481	0.77003	0.02091
V54	0.22257	0.04789	0.0178	0.52519	0.18654
V55	0.08483	0.03771	0.00554	0.84813	0.02378
V56	0.08131	0.03299	0.01207	0.74827	0.12535
V57	0.16279	0.23254	0.43471	0.05131	0.11865
V58	0.07325	0.06675	0.11994	0.17981	0.56025
V59	0.75892	0.10327	0.06953	0.05481	0.01347
V60	0.42473	0.21306	0.10698	0.14601	0.10922
V61	0.19671	0.06073	0.03274	0.20144	0.50838
V62	0.06123	0.11734	0.24883	0.12498	0.44763
V63	0.40206	0.24064	0.06001	0.05834	0.23895
V64	0.82235	0.09185	0.02198	0.04894	0.01488
V65	0.09507	0.10157	0.04076	0.61197	0.15063
V66	0.03508	0.06409	0.11522	0.75701	0.02859
V67	0.01016	0.11762	0.27883	0.0862	0.50719
V68	0.43907	0.13075	0.28855	0.06504	0.07659
V69	0.5557	0.17321	0.15485	0.05514	0.0611
V70	0.07704	0.62564	0.05664	0.21529	0.02539
V71	0.12189	0.69389	0.05863	0.11155	0.01403
V72	0.04305	0.34598	0.03591	0.03822	0.53684
V73	0.06587	0.05987	0.09087	0.55878	0.22461
V74	0.01897	0.07798	0.01354	0.79628	0.09324
V75	0.46392	0.23172	0.23686	0.04825	0.01925
V76	0.01685	0.03907	0.02022	0.84674	0.07712
V77	0.02882	0.22243	0.67134	0.06963	0.00778
V78	0.00833	0.23868	0.69807	0.03899	0.01593
V79	0.08804	0.34884	0.04861	0.15403	0.36049
V80	0.1542	0.63725	0.01811	0.09171	0.09873
V81	0.01919	0.23629	0.70524	0.03152	0.00776
V82	0.24959	0.16035	0.03279	0.53453	0.02275
V83	0.10609	0.0983	0.02664	0.53435	0.23462
V84	0.09636	0.16255	0.01804	0.04732	0.67574
V85	0.0082	0.23634	0.70772	0.03976	0.00798
V86	0.0323	0.27363	0.2648	0.40915	0.02012
V87	0.4441	0.06917	0.04029	0.41909	0.02735
V88	0.31323	0.17064	0.05324	0.20041	0.26248
V89	0.05416	0.26146	0.60891	0.0685	0.00697
V90	0.02081	0.18214	0.06087	0.0949	0.64128
V91	0.01544	0.052	0.0711	0.83864	0.02282
V92	0.23598	0.0831	0.03327	0.05308	0.59457
V93	0.01557	0.1272	0.14269	0.51472	0.19982
V94	0.04225	0.16611	0.03089	0.23444	0.52631
V95	0.06685	0.21125	0.03215	0.10272	0.58702
V96	0.70566	0.08163	0.02622	0.05985	0.12664
V97	0.16271	0.0774	0.04718	0.10564	0.60707
V98	0.06065	0.3508	0.16915	0.14264	0.27676
V99	0.49974	0.14371	0.01228	0.22893	0.11534
V100	0.51491	0.17447	0.04874	0.07794	0.18394
V101	0.0855	0.82533	0.03174	0.05293	0.00451
V102	0.31721	0.23977	0.12042	0.12649	0.19611
V103	0.13044	0.04815	0.01662	0.04283	0.76196
V104	0.05269	0.36352	0.08781	0.04362	0.45237
V105	0.01542	0.06434	0.04584	0.07496	0.79944
V106	0.06625	0.68872	0.15852	0.0452	0.04131
V107	0.06053	0.3177	0.53001	0.07744	0.01432
V108	0.02675	0.31567	0.61979	0.03114	0.00665
V109	0.06576	0.20506	0.05928	0.27934	0.39057
V110	0.20239	0.45089	0.17325	0.15103	0.02244
V111	0.29777	0.28737	0.36919	0.04008	0.00559
V112	0.18729	0.0603	0.09413	0.45133	0.20695
V113	0.23828	0.07176	0.09248	0.14872	0.44876
V114	0.54081	0.11719	0.04615	0.18442	0.11142
V115	0.76734	0.07317	0.01093	0.05138	0.09718
V116	0.01806	0.05395	0.01311	0.04874	0.86613
V117	0.05915	0.20423	0.60079	0.10507	0.03077
V118	0.05137	0.03651	0.00579	0.86461	0.04172
V119	0.31989	0.13134	0.29542	0.24392	0.00943
V120	0.01739	0.19826	0.61323	0.131	0.04013
V121	0.2388	0.61827	0.01778	0.04858	0.07656
V122	0.04086	0.34715	0.08789	0.26053	0.26356
V123	0.46857	0.09731	0.06588	0.19511	0.17313
V124	0.21805	0.13416	0.06086	0.22068	0.36625
V125	0.0534	0.46613	0.42698	0.0401	0.01339
V126	0.16241	0.21142	0.18915	0.12603	0.311
V127	0.27553	0.16622	0.46613	0.07858	0.01354
V128	0.25513	0.65496	0.02598	0.04176	0.02218
V129	0.2629	0.12178	0.2172	0.17663	0.2215
V130	0.03734	0.44123	0.05154	0.26563	0.20426
V131	0.02282	0.08377	0.19184	0.68289	0.01868
V132	0.35179	0.06286	0.00624	0.32684	0.25227
V133	0.00974	0.17689	0.44383	0.09783	0.27172
V134	0.07967	0.20328	0.58119	0.05028	0.08557
V135	0.03126	0.24371	0.55975	0.0513	0.11397
V136	0.83863	0.08211	0.01209	0.05145	0.01571
V137	0.78952	0.09504	0.01132	0.07059	0.03353
V138	0.25159	0.1608	0.07466	0.14332	0.36963
V139	0.13267	0.06635	0.13348	0.64241	0.02508
V140	0.03151	0.07309	0.13456	0.03773	0.72312
V141	0.02773	0.31252	0.5171	0.1273	0.01534
V142	0.21048	0.10601	0.26251	0.13534	0.28567
V143	0.02605	0.26329	0.40292	0.15939	0.14835
V144	0.49684	0.21323	0.06315	0.14466	0.08212
V145	0.008	0.23431	0.6873	0.04642	0.02397
V146	0.04116	0.29687	0.01895	0.33806	0.30495
V147	0.10471	0.21168	0.5174	0.12815	0.03807
V148	0.19717	0.67748	0.0266	0.07587	0.02289
V149	0.01812	0.03612	0.00639	0.86998	0.06939
V150	0.15675	0.28055	0.45543	0.03057	0.07669
V151	0.42475	0.06229	0.01648	0.38381	0.11266
V152	0.02363	0.05301	0.10002	0.73359	0.08975
V153	0.1802	0.24859	0.36667	0.07465	0.12989
V154	0.13881	0.50923	0.03755	0.0618	0.25261
V155	0.04586	0.06431	0.11463	0.74703	0.02816
V156	0.10372	0.13548	0.32201	0.15415	0.28465
V157	0.09795	0.10444	0.14479	0.26739	0.38542
V158	0.19675	0.12702	0.34409	0.06532	0.26682
V159	0.12892	0.19992	0.0216	0.59963	0.04994
V160	0.44461	0.17863	0.08299	0.07042	0.22334
V161	0.21242	0.07678	0.05899	0.0382	0.61361
V162	0.00882	0.24341	0.70799	0.03189	0.00788
V163	0.05794	0.05391	0.02432	0.06666	0.79718
V164	0.81027	0.10911	0.01725	0.05461	0.00876
V165	0.58185	0.21263	0.07306	0.08442	0.04803
V166	0.06364	0.08097	0.20051	0.56246	0.09242
V167	0.04656	0.5622	0.03205	0.17427	0.18491
V168	0.00882	0.24341	0.70799	0.03189	0.00788
V169	0.07204	0.61548	0.16396	0.12535	0.02318
V170	0.26683	0.33369	0.05921	0.21941	0.12086
V171	0.30676	0.16686	0.28271	0.1907	0.05296
V172	0.18888	0.21532	0.07129	0.05122	0.47329
V173	0.22086	0.13246	0.08232	0.39372	0.17064
V174	0.21332	0.10976	0.28009	0.20103	0.1958
V175	0.08221	0.16702	0.11036	0.18317	0.45724
V176	0.3715	0.05757	0.01069	0.54384	0.01639
V177	0.2017	0.16817	0.42535	0.18924	0.01554
V178	0.27716	0.15687	0.34883	0.13338	0.08377
V179	0.10067	0.05968	0.01722	0.0433	0.77913
V180	0.02948	0.12044	0.2818	0.03285	0.53543
V181	0.07044	0.24262	0.01297	0.07936	0.59461
V182	0.55098	0.20907	0.01338	0.18255	0.04401
V183	0.09843	0.82027	0.02323	0.04362	0.01445
V184	0.31455	0.1071	0.23155	0.31446	0.03235
V185	0.11883	0.41355	0.03528	0.17457	0.25778
V186	0.14371	0.17612	0.03576	0.25443	0.38998
V187	0.10159	0.59079	0.01708	0.27299	0.01755
V188	0.74067	0.09558	0.03164	0.11742	0.01469
V189	0.45653	0.21953	0.03862	0.26845	0.01687
V190	0.3989	0.13624	0.17143	0.04765	0.24578
V191	0.23244	0.20088	0.01478	0.42686	0.12504
V192	0.32694	0.20151	0.11157	0.2256	0.13438
V193	0.07995	0.27765	0.42338	0.06738	0.15164
V194	0.26384	0.10127	0.07906	0.1181	0.43772
V195	0.54658	0.21033	0.18109	0.04952	0.01247
V196	0.01442	0.05518	0.0595	0.06663	0.80427
V197	0.09466	0.78839	0.02212	0.08025	0.01458
V198	0.24049	0.2103	0.0421	0.21507	0.29203
V199	0.68729	0.11132	0.1552	0.03942	0.00677
V200	0.68365	0.07074	0.03133	0.05864	0.15563
V201	0.0468	0.03582	0.02616	0.69242	0.19881
V202	0.81065	0.11161	0.00724	0.05539	0.01511
V203	0.52504	0.2288	0.03197	0.08664	0.12754
V204	0.33358	0.11261	0.03849	0.03866	0.47666
V205	0.11768	0.09075	0.1041	0.08866	0.59882
V206	0.05434	0.10501	0.00686	0.778	0.0558
V207	0.03018	0.04963	0.00623	0.8803	0.03366
V208	0.17125	0.2756	0.38282	0.07512	0.09521
V209	0.15886	0.08165	0.08712	0.0581	0.61428
V210	0.00793	0.23392	0.70295	0.03914	0.01606
V211	0.15886	0.10191	0.16944	0.05582	0.51397
V212	0.07909	0.6777	0.09099	0.08134	0.07088
V213	0.10792	0.05199	0.06092	0.24803	0.53113
V214	0.03632	0.52976	0.3536	0.04936	0.03096
V215	0.25787	0.22476	0.12105	0.10286	0.29346
V216	0.0611	0.13044	0.2689	0.06125	0.4783
V217	0.01598	0.0342	0.02711	0.82008	0.10263
V218	0.08432	0.22362	0.24635	0.34763	0.09809
V219	0.14466	0.29666	0.32197	0.22076	0.01595
V220	0.23862	0.63042	0.0704	0.04779	0.01278
V221	0.05004	0.1744	0.39693	0.03711	0.34152
V222	0.02762	0.05415	0.01907	0.05439	0.84477
V223	0.49007	0.11721	0.23024	0.14182	0.02067
V224	0.05138	0.47372	0.03781	0.11408	0.32301
V225	0.6609	0.1883	0.09824	0.03996	0.01261
V226	0.50366	0.42575	0.01348	0.04357	0.01354
V227	0.10817	0.22973	0.01566	0.59602	0.05043
V228	0.53769	0.1234	0.19906	0.09977	0.04009
V229	0.2908	0.36856	0.22471	0.07935	0.03657
V230	0.02751	0.04803	0.01917	0.05488	0.85041
V231	0.07975	0.53032	0.06948	0.21876	0.10169
V232	0.70929	0.10603	0.13174	0.04593	0.007
V233	0.06348	0.08864	0.12824	0.10581	0.61382
V234	0.02832	0.35619	0.19622	0.38217	0.03709
V235	0.83026	0.08411	0.0069	0.06899	0.00974
V236	0.09081	0.16608	0.48624	0.20132	0.05555
V237	0.1336	0.14466	0.22115	0.31138	0.18921
V238	0.01565	0.04629	0.01648	0.27758	0.644
V239	0.07664	0.35371	0.05635	0.2011	0.31221
V240	0.0893	0.75019	0.02908	0.05861	0.07282
V241	0.07364	0.84367	0.02406	0.04395	0.01468
V242	0.04587	0.32364	0.26132	0.29849	0.07068
V243	0.45096	0.11819	0.24055	0.05875	0.13155
V244	0.03949	0.37637	0.1791	0.10784	0.2972
V245	0.06877	0.80845	0.04771	0.07058	0.00449
V246	0.59252	0.23775	0.03151	0.04626	0.09196
V247	0.20411	0.22029	0.45891	0.08061	0.03609
V248	0.11528	0.51736	0.0382	0.0454	0.28376
V249	0.25243	0.13054	0.16903	0.11473	0.33327
V250	0.028	0.18244	0.50024	0.05848	0.23084
V251	0.22509	0.07592	0.0793	0.55615	0.06354
V252	0.03265	0.22168	0.44414	0.16499	0.13654
V253	0.33392	0.4757	0.08429	0.08494	0.02115
V254	0.53444	0.31268	0.01045	0.12071	0.02172
V255	0.73009	0.12051	0.00679	0.06286	0.07976
V256	0.05481	0.67149	0.03483	0.04677	0.19211
V257	0.44839	0.27736	0.1215	0.07086	0.08189
V258	0.18156	0.28045	0.05178	0.46501	0.0212
V259	0.52495	0.26333	0.1417	0.04379	0.02623
V260	0.26071	0.09204	0.09231	0.1019	0.45304
V261	0.02887	0.14693	0.4083	0.28647	0.12943
V262	0.78838	0.09788	0.04244	0.05728	0.01403
V263	0.71352	0.12208	0.01652	0.13886	0.00901
V264	0.09384	0.78167	0.02994	0.08958	0.00497
V265	0.73009	0.13548	0.06046	0.06055	0.01343
V266	0.02347	0.06004	0.07922	0.05626	0.78101
V267	0.05745	0.04921	0.0165	0.16252	0.71433
V268	0.222	0.37759	0.13114	0.21153	0.05774
V269	0.10258	0.33347	0.30562	0.21747	0.04085
V270	0.06055	0.04346	0.03325	0.83995	0.02279
V271	0.27311	0.59803	0.02416	0.06525	0.03945
V272	0.13683	0.71108	0.04332	0.05724	0.05153
V273	0.28852	0.09057	0.14365	0.31515	0.16211
V274	0.1003	0.07955	0.04186	0.19948	0.57882
V275	0.06052	0.62445	0.15653	0.13501	0.02348
V276	0.01824	0.17798	0.53013	0.23994	0.0337
V277	0.35617	0.15723	0.41473	0.03844	0.03344
V278	0.01184	0.12683	0.28036	0.4441	0.13688
V279	0.15849	0.04393	0.01783	0.71006	0.06968
V280	0.20379	0.06391	0.0376	0.58539	0.1093
V281	0.03625	0.20506	0.0446	0.68744	0.02666
V282	0.08633	0.83168	0.02356	0.04385	0.01458
V283	0.3496	0.07818	0.09426	0.05625	0.42171
V284	0.03268	0.22399	0.42579	0.02994	0.2876
V285	0.53668	0.36658	0.01176	0.07119	0.01379
V286	0.09169	0.21567	0.61157	0.06665	0.01443
V287	0.24889	0.12187	0.14052	0.28725	0.20148
V288	0.20557	0.16655	0.46085	0.03651	0.13052
V289	0.17393	0.20227	0.02807	0.57224	0.02349
V290	0.45287	0.38406	0.11866	0.03909	0.00531
V291	0.41306	0.19079	0.01349	0.36335	0.01931
V292	0.12374	0.13749	0.32116	0.05913	0.35848
V293	0.01198	0.27033	0.61713	0.0772	0.02336
V294	0.01736	0.05502	0.01974	0.0476	0.86028
V295	0.02146	0.11739	0.2696	0.49984	0.09171
V296	0.76119	0.13932	0.00733	0.05869	0.03347
V297	0.02772	0.19478	0.58312	0.14634	0.04804
V298	0.2988	0.04902	0.01113	0.51997	0.12108
V299	0.27689	0.04293	0.01683	0.64512	0.01822
V300	0.83895	0.08572	0.00722	0.05819	0.00991
V301	0.82132	0.07887	0.01142	0.07297	0.01542
V302	0.01548	0.04335	0.01537	0.39974	0.52606
V303	0.117	0.20205	0.18338	0.18872	0.30885
V304	0.19566	0.20332	0.5363	0.03692	0.0278
V305	0.22406	0.2845	0.08801	0.13076	0.27268
V306	0.37363	0.5308	0.01566	0.05812	0.0218
V307	0.2397	0.09866	0.21363	0.43486	0.01315
V308	0.23762	0.17285	0.47448	0.10103	0.01402
V309	0.59796	0.1126	0.04467	0.13792	0.10685
V310	0.03731	0.06299	0.01759	0.11573	0.76638
V311	0.02667	0.03779	0.04127	0.86199	0.03228
V312	0.09607	0.26102	0.21492	0.03306	0.39493
V313	0.07215	0.25841	0.02477	0.33293	0.31174
V314	0.08922	0.05056	0.01408	0.36656	0.47958
V315	0.82065	0.08048	0.01654	0.0488	0.03353
V316	0.13177	0.49899	0.22852	0.06573	0.07499
V317	0.37804	0.19281	0.36351	0.03929	0.02634
V318	0.78919	0.07574	0.0111	0.04668	0.0773
V319	0.11557	0.23328	0.59984	0.04471	0.0066
V320	0.09451	0.03302	0.01185	0.82941	0.03122
V321	0.15092	0.33053	0.26074	0.22556	0.03225
V322	0.01863	0.3269	0.46798	0.07707	0.10942
V323	0.25845	0.26614	0.33851	0.05307	0.08383
V324	0.05035	0.07187	0.04097	0.8069	0.02991
V325	0.58469	0.14316	0.07022	0.13862	0.06331
V326	0.05505	0.0641	0.05658	0.14225	0.68201
V327	0.35714	0.4107	0.10312	0.05921	0.06983
V328	0.05886	0.2764	0.14876	0.48592	0.03006
V329	0.01252	0.14334	0.3164	0.5051	0.02264
V330	0.09094	0.21615	0.61087	0.02914	0.0529
V331	0.1396	0.07884	0.08143	0.10476	0.59537
V332	0.44305	0.16506	0.31916	0.03989	0.03284
V333	0.38988	0.12454	0.23293	0.17038	0.08226
V334	0.05248	0.33893	0.45049	0.11033	0.04778
V335	0.64711	0.11504	0.06656	0.06912	0.10217
V336	0.1933	0.51298	0.23794	0.03508	0.02069
V337	0.01555	0.05075	0.02432	0.16635	0.74303
V338	0.63987	0.10498	0.1137	0.05498	0.08647
V339	0.23731	0.46785	0.17046	0.03494	0.08944
V340	0.03959	0.17984	0.10416	0.07559	0.60081
V341	0.03136	0.47995	0.38253	0.03964	0.06651
V342	0.29562	0.22369	0.33806	0.13537	0.00725
V343	0.62285	0.1197	0.20186	0.04898	0.00662
V344	0.12894	0.6519	0.05679	0.06359	0.09878
V345	0.22379	0.08007	0.01344	0.27812	0.40458
V346	0.0453	0.31848	0.27678	0.31564	0.0438
V347	0.09942	0.4403	0.03521	0.36956	0.0555
V348	0.02425	0.21611	0.3693	0.24886	0.14149
V349	0.07562	0.34857	0.43165	0.04557	0.09858
V350	0.12569	0.36405	0.08641	0.2658	0.15806
V351	0.18327	0.14187	0.33479	0.31465	0.02543
V352	0.13072	0.5046	0.31058	0.04142	0.01269
V353	0.26692	0.28346	0.04395	0.07442	0.33126
V354	0.52671	0.14379	0.28772	0.03558	0.00621
V355	0.09652	0.1136	0.27032	0.49771	0.02185
V356	0.10164	0.21169	0.59875	0.05085	0.03707
V357	0.04896	0.16256	0.40469	0.0515	0.33228
V358	0.03937	0.06292	0.03412	0.83266	0.03093
V359	0.06622	0.11456	0.01353	0.78452	0.02117
V360	0.63908	0.11006	0.07266	0.1695	0.00871
V361	0.36658	0.40466	0.08793	0.0375	0.10333
V362	0.71632	0.09067	0.07514	0.04049	0.07739
V363	0.03727	0.06781	0.01711	0.15598	0.72183
V364	0.04937	0.25262	0.03137	0.4621	0.20454
V365	0.0177	0.03765	0.01332	0.87961	0.05172
V366	0.21118	0.17963	0.43902	0.08701	0.08316
V367	0.23678	0.23343	0.17892	0.18495	0.16591
V368	0.67262	0.1413	0.09629	0.05126	0.03853
V369	0.05576	0.58671	0.22879	0.12322	0.00552
V370	0.02886	0.17292	0.11309	0.36497	0.32016
V371	0.08224	0.80702	0.06452	0.04214	0.00408
V372	0.59418	0.13084	0.11222	0.13574	0.02702
V373	0.14321	0.56822	0.1339	0.14051	0.01417
V374	0.10916	0.14344	0.30386	0.43079	0.01275
V375	0.2977	0.16394	0.43008	0.10107	0.00721
V376	0.01854	0.11919	0.3279	0.03922	0.49515
V377	0.10626	0.45358	0.19662	0.22758	0.01596
V378	0.15562	0.48207	0.16846	0.03454	0.1593
V379	0.03247	0.06896	0.09957	0.09266	0.70634
V380	0.02415	0.10785	0.1494	0.49094	0.22765
V381	0.15311	0.08398	0.01636	0.041	0.70555
V382	0.40866	0.04983	0.0113	0.2864	0.24381
V383	0.04321	0.09231	0.22329	0.62396	0.01722
V384	0.29227	0.10764	0.13683	0.40427	0.05899
V385	0.09312	0.11585	0.01765	0.04097	0.73241
V386	0.60697	0.06914	0.01003	0.30195	0.01191
V387	0.27961	0.05989	0.01108	0.60891	0.0405
V388	0.07487	0.74295	0.05287	0.11487	0.01444
V389	0.15703	0.66561	0.03374	0.07393	0.06968
V390	0.19093	0.04415	0.01139	0.64289	0.11064
V391	0.66323	0.16159	0.00715	0.10632	0.06172
V392	0.82335	0.09926	0.01215	0.05604	0.0092
V393	0.11114	0.08493	0.12896	0.50968	0.16529
V394	0.64523	0.07539	0.02588	0.16997	0.08353
V395	0.01117	0.11294	0.30341	0.54862	0.02385
V396	0.51149	0.14967	0.29135	0.03516	0.01232
V397	0.62699	0.15768	0.03405	0.13974	0.04154
V398	0.07615	0.06705	0.14388	0.61924	0.09368
V399	0.04809	0.06361	0.00957	0.26681	0.61193
V400	0.19243	0.46177	0.15056	0.18833	0.00692
V401	0.31455	0.16482	0.44879	0.06514	0.0067
V402	0.35952	0.14828	0.32601	0.09409	0.07211
V403	0.15738	0.09956	0.00956	0.14864	0.58486
V404	0.0114	0.16272	0.39149	0.38106	0.05333
V405	0.35725	0.23969	0.06832	0.23635	0.09839
V406	0.02993	0.23816	0.67829	0.03027	0.02334
V407	0.77388	0.10414	0.03214	0.08155	0.00829
V408	0.04244	0.32224	0.01963	0.27943	0.33626
V409	0.12404	0.05344	0.05997	0.65023	0.11232
V410	0.13271	0.19265	0.2655	0.06839	0.34076
V411	0.01785	0.05351	0.01295	0.05659	0.8591
V412	0.02795	0.16795	0.11841	0.05152	0.63417
V413	0.03335	0.25191	0.14126	0.38122	0.19227
V414	0.05066	0.10023	0.00837	0.45994	0.3808
V415	0.1702	0.04873	0.0159	0.04197	0.72319
V416	0.11443	0.11027	0.02899	0.15813	0.58818
V417	0.0177	0.19241	0.57781	0.14715	0.06492
V418	0.55896	0.32289	0.02841	0.05496	0.03478
V419	0.24933	0.06786	0.02602	0.1355	0.52128
V420	0.23303	0.06665	0.09108	0.07176	0.53748
V421	0.01255	0.07339	0.11467	0.06938	0.73
V422	0.02548	0.05329	0.04823	0.7006	0.1724
V423	0.29836	0.22357	0.23463	0.2128	0.03065
V424	0.00888	0.1408	0.39206	0.03141	0.42684
V425	0.35705	0.31325	0.01189	0.04653	0.27128
V426	0.2522	0.1745	0.02675	0.45789	0.08867
V427	0.24957	0.55003	0.15056	0.03746	0.01238
V428	0.11881	0.56436	0.08563	0.13233	0.09887
V429	0.15963	0.67621	0.01908	0.11213	0.03296
V430	0.03894	0.1293	0.33253	0.19029	0.30894
V431	0.13234	0.34646	0.18238	0.27872	0.0601
V432	0.30618	0.11471	0.1075	0.33587	0.13574
V433	0.20166	0.14377	0.39238	0.23101	0.03119
V434	0.25578	0.30699	0.30559	0.04683	0.08482
V435	0.51104	0.15175	0.25783	0.06656	0.01281
V436	0.07651	0.5202	0.10943	0.08596	0.20791
V437	0.19693	0.06727	0.033	0.17709	0.5257
V438	0.15175	0.29539	0.17928	0.30428	0.06931
V439	0.57069	0.06446	0.04348	0.297	0.02437
V440	0.03474	0.39724	0.46508	0.04645	0.05649
V441	0.04749	0.52095	0.35158	0.06643	0.01355
V442	0.08642	0.83307	0.03207	0.04397	0.00448
V443	0.81647	0.07801	0.01129	0.0847	0.00953
V444	0.17777	0.3691	0.03979	0.36833	0.04501
V445	0.08095	0.35634	0.04814	0.48418	0.03039
V446	0.12445	0.0816	0.09007	0.54779	0.15608
V447	0.07801	0.04454	0.02015	0.43939	0.41791
V448	0.17018	0.05619	0.02791	0.05479	0.69093
V449	0.00882	0.24341	0.70799	0.03189	0.00788
V450	0.21137	0.15122	0.20647	0.14714	0.28381
V451	0.28687	0.19412	0.06127	0.34602	0.11173
V452	0.02325	0.06991	0.13813	0.70681	0.0619
V453	0.02643	0.04702	0.00826	0.4525	0.46579
V454	0.01724	0.17655	0.52663	0.051	0.22857
V455	0.07231	0.25335	0.2417	0.06985	0.36279
V456	0.81173	0.08131	0.00649	0.06659	0.03388
V457	0.62952	0.20136	0.03564	0.09259	0.04089
V458	0.03533	0.39623	0.43215	0.08795	0.04833
V459	0.149	0.09397	0.05387	0.47124	0.23192
V460	0.60974	0.12373	0.1474	0.09321	0.02592
V461	0.20424	0.30008	0.21245	0.04768	0.23555
V462	0.06088	0.09627	0.02098	0.49944	0.32243
V463	0.22935	0.08521	0.01803	0.64213	0.02528
V464	0.17816	0.28158	0.48182	0.04535	0.0131
V465	0.05034	0.11744	0.02476	0.05686	0.7506
V466	0.03747	0.04338	0.01121	0.12631	0.78163
V467	0.0715	0.22707	0.03007	0.56502	0.10634
V468	0.55548	0.27645	0.09567	0.03897	0.03344
V469	0.02759	0.29463	0.06308	0.29765	0.31705
V470	0.73638	0.11022	0.0268	0.11192	0.01468
V471	0.40156	0.25731	0.03431	0.1675	0.13932
V472	0.01629	0.07833	0.04635	0.04341	0.81562
V473	0.04091	0.23948	0.21568	0.32553	0.1784
V474	0.30305	0.14871	0.05902	0.437	0.05223
V475	0.16515	0.1712	0.44501	0.0573	0.16135
V476	0.16942	0.0828	0.08854	0.58534	0.0739
V477	0.07392	0.84472	0.03264	0.0442	0.00452
V478	0.18088	0.05448	0.01576	0.04169	0.7072
V479	0.73683	0.11124	0.03218	0.10531	0.01444
V480	0.1696	0.56114	0.0683	0.15962	0.04134
V481	0.26475	0.32025	0.06604	0.2094	0.13956
V482	0.14542	0.6067	0.19051	0.03609	0.02128
V483	0.35439	0.43253	0.01306	0.14402	0.056
V484	0.2519	0.44076	0.11623	0.16847	0.02264
V485	0.60477	0.13158	0.09312	0.14335	0.02718
V486	0.07436	0.15238	0.24518	0.03278	0.4953
V487	0.14674	0.20176	0.32979	0.30407	0.01764
V488	0.40943	0.09619	0.00626	0.33241	0.15571
V489	0.01768	0.32463	0.5313	0.10309	0.0233
V490	0.01828	0.18829	0.56175	0.21426	0.01743
V491	0.04525	0.40239	0.05842	0.12961	0.36434
V492	0.04371	0.14245	0.03547	0.73289	0.04547
V493	0.02877	0.03096	0.01299	0.89314	0.03413
V494	0.32961	0.04739	0.02265	0.51445	0.0859
V495	0.33615	0.23286	0.17927	0.18938	0.06234
V496	0.13968	0.08021	0.05452	0.03847	0.68712
V497	0.10716	0.09589	0.12714	0.12006	0.54974
V498	0.10416	0.76755	0.04553	0.04962	0.03314
V499	0.05057	0.24903	0.227	0.087	0.3864
V500	0.13073	0.42866	0.11262	0.25778	0.07022
V501	0.08351	0.27884	0.02685	0.04602	0.56478
V502	0.17272	0.68942	0.05798	0.07531	0.00456
V503	0.42297	0.10241	0.16358	0.15423	0.1568
V504	0.47456	0.18952	0.01447	0.04629	0.27516
V505	0.57419	0.06834	0.02706	0.11077	0.21963
V506	0.03686	0.45417	0.07528	0.04395	0.38974
V507	0.73771	0.07486	0.03089	0.12296	0.03359
V508	0.04226	0.57908	0.21379	0.07652	0.08835
V509	0.06736	0.41317	0.13933	0.23068	0.14945
V510	0.443	0.40717	0.05166	0.08475	0.01342
V511	0.07659	0.35596	0.42549	0.06925	0.0727
V512	0.1726	0.41171	0.16555	0.08133	0.16881
V513	0.20832	0.57986	0.08434	0.08787	0.03962
V514	0.0204	0.08481	0.18847	0.06577	0.64056
V515	0.0903	0.12753	0.00703	0.7546	0.02054
V516	0.18231	0.32229	0.10624	0.36215	0.02701
V517	0.02763	0.06646	0.04892	0.82634	0.03065
V518	0.39847	0.12121	0.24395	0.19995	0.03642
V519	0.70544	0.10897	0.01099	0.15892	0.01569
V520	0.10267	0.74928	0.03658	0.10638	0.00509
V521	0.22045	0.06606	0.11441	0.57591	0.02317
V522	0.05863	0.27942	0.45544	0.15847	0.04805
V523	0.15627	0.21529	0.54169	0.07299	0.01377
V524	0.32919	0.17086	0.40482	0.03192	0.06321
V525	0.02245	0.19103	0.04017	0.04724	0.69912
V526	0.05014	0.22836	0.63134	0.05172	0.03844
V527	0.10181	0.46824	0.35169	0.04841	0.02985
V528	0.16871	0.03967	0.02413	0.74712	0.02038
V529	0.2161	0.20148	0.52489	0.03728	0.02026
V530	0.02875	0.22409	0.63993	0.07588	0.03135
V531	0.20307	0.44572	0.09431	0.05129	0.20561
V532	0.07364	0.27958	0.2573	0.03213	0.35734
V533	0.27178	0.05547	0.00905	0.04169	0.62202
V534	0.14246	0.08582	0.00606	0.72117	0.04449
V535	0.74292	0.15456	0.04482	0.04418	0.01352
V536	0.13505	0.23533	0.31517	0.06034	0.25411
V537	0.02753	0.06774	0.0257	0.045	0.83404
V538	0.5837	0.13321	0.0124	0.06576	0.20493
V539	0.024	0.26531	0.51191	0.12498	0.0738
V540	0.18729	0.40938	0.09356	0.08299	0.22678
V541	0.04299	0.34692	0.03563	0.06226	0.5122
V542	0.05049	0.30815	0.1103	0.45531	0.07575
V543	0.07459	0.23829	0.5169	0.07391	0.0963
V544	0.34272	0.21152	0.15402	0.0924	0.19934
V545	0.62844	0.29823	0.01614	0.05037	0.00682
V546	0.09322	0.69098	0.09958	0.04595	0.07027
V547	0.12102	0.67565	0.019	0.15037	0.03395
V548	0.01978	0.07861	0.01365	0.85555	0.0324
V549	0.01513	0.05141	0.03082	0.18234	0.7203
V550	0.06228	0.76346	0.1126	0.04821	0.01344
V551	0.02975	0.02966	0.00611	0.90832	0.02617
V552	0.22296	0.06258	0.02674	0.06787	0.61986
V553	0.69124	0.07758	0.02047	0.16276	0.04796
V554	0.11771	0.16449	0.38336	0.3088	0.02564
V555	0.07059	0.82093	0.03152	0.04252	0.03445
V556	0.09378	0.08404	0.05459	0.69764	0.06995
V557	0.32368	0.2235	0.04063	0.35293	0.05926
V558	0.01838	0.2013	0.58365	0.16423	0.03244
V559	0.11958	0.42643	0.37674	0.03955	0.03769
V560	0.60585	0.23891	0.10965	0.03955	0.00605
V561	0.63621	0.08704	0.10662	0.04896	0.12118
V562	0.13071	0.11167	0.13519	0.11124	0.51119
V563	0.22779	0.26373	0.18049	0.13519	0.1928
V564	0.34469	0.07574	0.05563	0.3295	0.19444
V565	0.01636	0.0544	0.0257	0.07815	0.8254
V566	0.30278	0.14891	0.03249	0.32397	0.19185
V567	0.02942	0.23083	0.69353	0.03075	0.01547
V568	0.04022	0.27363	0.36013	0.31567	0.01034
V569	0.58269	0.14201	0.08874	0.14509	0.04147
V570	0.1426	0.11246	0.23287	0.43331	0.07875
V571	0.26363	0.09514	0.19259	0.32272	0.12592
V572	0.7441	0.0747	0.00617	0.05087	0.12417
V573	0.08783	0.15049	0.28025	0.36662	0.1148
V574	0.51768	0.26003	0.07093	0.12326	0.0281
V575	0.35516	0.09167	0.10164	0.07706	0.37446
V576	0.06568	0.78058	0.03005	0.0499	0.07379
V577	0.44287	0.40575	0.04493	0.09284	0.01361
V578	0.03559	0.24573	0.42243	0.23778	0.05847
V579	0.03343	0.48596	0.29971	0.05663	0.12427
V580	0.24636	0.44803	0.02696	0.24506	0.03359
V581	0.06684	0.46738	0.33479	0.11681	0.01418
V582	0.01004	0.25488	0.68813	0.03935	0.00759
V583	0.55903	0.13253	0.24163	0.06018	0.00663
V584	0.24937	0.43033	0.10768	0.06656	0.14606
V585	0.06648	0.67848	0.08321	0.10024	0.0716
V586	0.05578	0.70781	0.17667	0.05556	0.00418
V587	0.07317	0.58696	0.02536	0.06391	0.2506
V588	0.25439	0.39426	0.30488	0.03406	0.01241
V589	0.11599	0.34999	0.05519	0.44077	0.03806
V590	0.06915	0.68175	0.01977	0.04784	0.1815
V591	0.49064	0.40379	0.04455	0.04809	0.01293
V592	0.02661	0.18485	0.57426	0.05829	0.15599
V593	0.41172	0.05409	0.01052	0.46424	0.05943
V594	0.01304	0.25037	0.51216	0.16708	0.05734
V595	0.49904	0.09452	0.05852	0.30198	0.04594
V596	0.44911	0.21361	0.16664	0.14248	0.02816
V597	0.03305	0.17784	0.01856	0.13042	0.64013
V598	0.54153	0.06505	0.01204	0.04122	0.34016
V599	0.09027	0.35564	0.09493	0.41267	0.04649
V600	0.27825	0.09196	0.15208	0.35962	0.11809
V601	0.15184	0.11047	0.01367	0.46368	0.26034
V602	0.75767	0.17225	0.00826	0.05359	0.00823
V603	0.13998	0.14792	0.03595	0.14898	0.52718
V604	0.02784	0.18682	0.5398	0.12135	0.12419
V605	0.03453	0.11177	0.11573	0.09147	0.6465
V606	0.74231	0.0699	0.00613	0.05094	0.13072
V607	0.16704	0.1257	0.02892	0.04613	0.63222
V608	0.67189	0.08504	0.03151	0.1093	0.10225
V609	0.20422	0.26581	0.023	0.41648	0.0905
V610	0.11062	0.55858	0.02343	0.28967	0.01771
V611	0.26891	0.17837	0.44475	0.05093	0.05704
V612	0.36101	0.13935	0.23947	0.04631	0.21387
V613	0.44461	0.43291	0.04603	0.07067	0.00578
V614	0.50539	0.08133	0.02282	0.09891	0.29156
V615	0.01647	0.12766	0.11941	0.56491	0.17156
V616	0.59672	0.09158	0.11624	0.15473	0.04073
V617	0.22772	0.1762	0.35712	0.11122	0.12774
V618	0.65563	0.13518	0.05595	0.05149	0.10175
V619	0.50457	0.11405	0.1221	0.04219	0.21709
V620	0.05329	0.12335	0.2887	0.51225	0.02241
V621	0.14915	0.24844	0.25062	0.03241	0.31938
V622	0.02744	0.25057	0.2977	0.03891	0.38538
V623	0.08071	0.04003	0.01246	0.66954	0.19726
V624	0.78571	0.07464	0.01089	0.06391	0.06485
V625	0.01705	0.09731	0.08741	0.76916	0.02907
V626	0.08283	0.16178	0.4313	0.29063	0.03345
V627	0.11504	0.17435	0.10824	0.05824	0.54412
V628	0.81775	0.08827	0.01164	0.07302	0.00932
V629	0.13906	0.31657	0.47781	0.05324	0.01332
V630	0.02182	0.17461	0.03289	0.05581	0.71486
V631	0.01071	0.10052	0.22685	0.04233	0.61958
V632	0.06751	0.67072	0.02678	0.07362	0.16136
V633	0.06578	0.05864	0.08367	0.50104	0.29087
V634	0.43282	0.38304	0.13362	0.04522	0.0053
V635	0.04573	0.15134	0.16233	0.0499	0.5907
V636	0.20845	0.21548	0.25959	0.19949	0.11698
V637	0.21618	0.13224	0.3196	0.24353	0.08845
V638	0.09205	0.39273	0.03535	0.11134	0.36853
V639	0.5382	0.33554	0.07326	0.04039	0.0126
V640	0.12025	0.18884	0.07988	0.23737	0.37365
V641	0.12699	0.61545	0.03978	0.184	0.03377
V642	0.66348	0.08889	0.01037	0.22661	0.01065
V643	0.07647	0.7646	0.08707	0.06765	0.00421
V644	0.05861	0.36956	0.03372	0.48915	0.04896
V645	0.20396	0.62976	0.03245	0.12806	0.00577
V646	0.1601	0.44873	0.0422	0.26881	0.08015
V647	0.80606	0.07693	0.01115	0.09634	0.00952
V648	0.4346	0.1245	0.01235	0.27456	0.154
V649	0.26842	0.12609	0.07303	0.12595	0.40651
V650	0.03707	0.04172	0.05538	0.84301	0.02283
V651	0.16254	0.18752	0.00808	0.62476	0.0171
V652	0.36184	0.05771	0.03491	0.51582	0.02972
V653	0.34386	0.06648	0.04858	0.48848	0.0526
V654	0.03975	0.10065	0.01167	0.09033	0.7576
V655	0.16629	0.13703	0.24652	0.42995	0.02021
V656	0.12065	0.05557	0.00981	0.11849	0.69548
V657	0.04864	0.41988	0.04306	0.36385	0.12457
V658	0.03664	0.06394	0.03397	0.5906	0.27485
V659	0.02575	0.06524	0.07082	0.7564	0.08179
V660	0.07273	0.29096	0.03392	0.06964	0.53275
V661	0.05931	0.56294	0.03159	0.22263	0.12352
V662	0.04464	0.372	0.0362	0.03779	0.50936
V663	0.84277	0.08298	0.01228	0.05217	0.0098
V664	0.03197	0.05867	0.10653	0.37845	0.42438
V665	0.04207	0.57094	0.21377	0.12243	0.0508
V666	0.1295	0.75509	0.06133	0.04998	0.0041
V667	0.0477	0.5027	0.25268	0.13726	0.05966
V668	0.60755	0.22394	0.04846	0.09292	0.02713
V669	0.47351	0.26693	0.03366	0.11806	0.10784
V670	0.11632	0.53629	0.06107	0.06993	0.21639
V671	0.67322	0.10511	0.14035	0.06836	0.01295
V672	0.10143	0.10881	0.08455	0.29704	0.40817
V673	0.01722	0.06207	0.0117	0.1275	0.78151
V674	0.36004	0.20441	0.36199	0.03272	0.04084
V675	0.62125	0.07202	0.03737	0.16362	0.10573
V676	0.25712	0.20452	0.37516	0.03151	0.13169
V677	0.05611	0.2757	0.20009	0.395	0.0731
V678	0.06031	0.2717	0.02685	0.06222	0.57891
V679	0.02043	0.13707	0.36883	0.45213	0.02153
V680	0.17482	0.05006	0.02554	0.33238	0.41719
V681	0.4986	0.08322	0.03968	0.28701	0.09149
V682	0.00882	0.24341	0.70799	0.03189	0.00788
V683	0.07891	0.28355	0.49448	0.02976	0.11329
V684	0.0732	0.03884	0.01224	0.85216	0.02356
V685	0.01859	0.21695	0.62413	0.12419	0.01614
V686	0.3275	0.51045	0.07879	0.06224	0.02102
V687	0.0093	0.15478	0.461	0.3471	0.02781
V688	0.00815	0.23635	0.69297	0.03851	0.02402
V689	0.4674	0.12638	0.15448	0.12384	0.12791
V690	0.14124	0.74033	0.03625	0.06836	0.01383
V691	0.15599	0.14106	0.04778	0.6058	0.04937
V692	0.08263	0.05403	0.0189	0.73721	0.10723
V693	0.03332	0.49701	0.3899	0.06596	0.01381
V694	0.10245	0.18416	0.04269	0.58457	0.08613
V695	0.13399	0.15162	0.12846	0.05	0.53593
V696	0.1296	0.18129	0.54595	0.03581	0.10736
V697	0.11338	0.17649	0.26486	0.33128	0.114
V698	0.02189	0.08871	0.1507	0.04459	0.69412
V699	0.04638	0.05432	0.0477	0.63297	0.21864
V700	0.08326	0.71466	0.09279	0.03812	0.07118
V701	0.02219	0.17307	0.02621	0.04841	0.73011
V702	0.03152	0.12155	0.01439	0.66768	0.16487
V703	0.02815	0.04758	0.02707	0.86462	0.03258
V704	0.05116	0.15553	0.31945	0.04592	0.42795
V705	0.81252	0.08641	0.0066	0.06067	0.03379
V706	0.16599	0.17583	0.14036	0.42851	0.08931
V707	0.15044	0.14208	0.06995	0.26979	0.36774
V708	0.03958	0.56056	0.35271	0.04234	0.00481
V709	0.01616	0.0643	0.03962	0.04467	0.83525
V710	0.13288	0.15067	0.37212	0.03061	0.31372
V711	0.06763	0.04958	0.03073	0.05858	0.79349
V712	0.07069	0.18491	0.52565	0.19458	0.02417
V713	0.2785	0.39878	0.26807	0.04956	0.0051
V714	0.05976	0.05271	0.0119	0.04616	0.82948
V715	0.02041	0.3491	0.48575	0.12942	0.01533
V716	0.68391	0.18384	0.01809	0.08704	0.02712
V717	0.39221	0.18488	0.1052	0.05624	0.26147
V718	0.60468	0.1154	0.19335	0.04194	0.04463
V719	0.40644	0.23122	0.09432	0.1399	0.12811
V720	0.12888	0.09215	0.08188	0.06587	0.63123
V721	0.03534	0.05982	0.05192	0.05788	0.79504
V722	0.03486	0.22064	0.06054	0.50005	0.18391
V723	0.12615	0.21777	0.10359	0.51367	0.03883
V724	0.15815	0.55621	0.05311	0.21679	0.01574
V725	0.0383	0.05419	0.01886	0.04609	0.84257
V726	0.24998	0.41906	0.06228	0.09209	0.17658
V727	0.01874	0.23375	0.68576	0.03808	0.02366
V728	0.68848	0.10354	0.09355	0.10084	0.01359
V729	0.57629	0.13574	0.0283	0.24313	0.01655
V730	0.1294	0.13107	0.30582	0.36558	0.06813
V731	0.01621	0.05485	0.05647	0.84935	0.02312
V732	0.02898	0.03111	0.01305	0.90123	0.02562
V733	0.04111	0.24054	0.6652	0.03014	0.02301
V734	0.47322	0.17467	0.25912	0.07344	0.01955
V735	0.08061	0.19433	0.18832	0.05592	0.48082
V736	0.01806	0.07935	0.01936	0.04552	0.83771
V737	0.83937	0.08703	0.01226	0.0517	0.00964
V738	0.03488	0.38687	0.02957	0.04627	0.50241
V739	0.03017	0.043	0.00619	0.89517	0.02546
V740	0.2201	0.12443	0.09458	0.05046	0.51043
V741	0.48221	0.0694	0.01084	0.3049	0.13266
V742	0.08106	0.15822	0.42146	0.17773	0.16152
V743	0.03529	0.0934	0.07187	0.12625	0.6732
V744	0.2047	0.11907	0.14217	0.48032	0.05373
V745	0.18138	0.06456	0.04483	0.68308	0.02615
V746	0.40606	0.45484	0.04698	0.04727	0.04484
V747	0.04059	0.23661	0.65451	0.0373	0.031
V748	0.17371	0.239	0.23669	0.08479	0.26581
V749	0.19814	0.13826	0.1058	0.41433	0.14347
V750	0.70126	0.18872	0.01309	0.08894	0.008
V751	0.04813	0.4139	0.46853	0.05562	0.01381
V752	0.03023	0.13936	0.03228	0.04844	0.74969
V753	0.50678	0.13571	0.18288	0.06013	0.11451
V754	0.13591	0.27661	0.01657	0.54758	0.02334
V755	0.29354	0.59954	0.05343	0.04065	0.01283
V756	0.02924	0.12483	0.03169	0.0885	0.72574
V757	0.18895	0.05691	0.08663	0.64254	0.02497
V758	0.0841	0.36767	0.01214	0.51326	0.02283
V759	0.09639	0.08767	0.08977	0.03755	0.68862
V760	0.08543	0.10524	0.17756	0.24819	0.38358
V761	0.07468	0.34512	0.52823	0.03832	0.01364
V762	0.02313	0.10161	0.14824	0.38314	0.34387
V763	0.037	0.2365	0.02019	0.04038	0.66592
V764	0.12823	0.09762	0.07597	0.66438	0.03379
V765	0.17699	0.18243	0.47698	0.07199	0.09162
V766	0.09046	0.44499	0.23022	0.08171	0.15262
V767	0.30479	0.40022	0.06777	0.08312	0.1441
V768	0.08681	0.73572	0.06869	0.09489	0.01388
V769	0.66879	0.10835	0.1348	0.04376	0.0443
V770	0.30357	0.14421	0.36666	0.17048	0.01508
V771	0.0897	0.62635	0.0253	0.13752	0.12114
V772	0.0622	0.23264	0.66016	0.03792	0.00708
V773	0.03699	0.04752	0.01053	0.18258	0.72238
V774	0.16283	0.14799	0.40417	0.03048	0.25453
V775	0.78712	0.07696	0.02086	0.09399	0.02107
V776	0.3824	0.37243	0.14386	0.06552	0.0358
V777	0.23682	0.35609	0.21497	0.13707	0.05505
V778	0.50823	0.096	0.01683	0.21719	0.16175
V779	0.08494	0.42975	0.41605	0.04771	0.02155
V780	0.02958	0.23059	0.69348	0.03877	0.00757
V781	0.19366	0.29321	0.15599	0.03435	0.3228
V782	0.24493	0.21812	0.02969	0.04543	0.46183
V783	0.00792	0.16613	0.49105	0.05155	0.28335
V784	0.04599	0.53068	0.01606	0.3024	0.10486
V785	0.66148	0.15	0.00679	0.12659	0.05514
V786	0.18398	0.18546	0.02083	0.56966	0.04007
V787	0.16673	0.50336	0.01503	0.23463	0.08025
V788	0.40387	0.35211	0.07071	0.03793	0.13538
V789	0.02134	0.15231	0.01633	0.40218	0.40784
V790	0.29396	0.21568	0.06191	0.13608	0.29237
V791	0.19328	0.21077	0.07143	0.20796	0.31657
V792	0.81758	0.09131	0.02186	0.0484	0.02085
V793	0.34337	0.24172	0.05482	0.11979	0.24031
V794	0.02334	0.07788	0.09335	0.18429	0.62113
V795	0.17672	0.71516	0.03554	0.04973	0.02284
V796	0.32214	0.35458	0.10293	0.18144	0.03891
V797	0.15084	0.04656	0.01014	0.05751	0.73495
V798	0.1565	0.42959	0.0214	0.1207	0.27182
V799	0.04364	0.16128	0.05061	0.67369	0.07078
V800	0.0363	0.05716	0.02379	0.13883	0.74391
V801	0.37354	0.07636	0.10182	0.40632	0.04196
V802	0.04386	0.18721	0.0259	0.04749	0.69554
V803	0.31248	0.06741	0.01109	0.56968	0.03934
V804	0.21242	0.19209	0.17004	0.36562	0.05983
V805	0.15697	0.21508	0.34864	0.18067	0.09864
V806	0.4499	0.10099	0.15262	0.08782	0.20867
V807	0.64829	0.07888	0.05365	0.08182	0.13736
V808	0.7359	0.08329	0.04199	0.04784	0.09098
V809	0.23666	0.50813	0.03605	0.0699	0.14926
V810	0.03707	0.08789	0.04215	0.45095	0.38193
V811	0.06006	0.11699	0.03033	0.12714	0.66548
V812	0.0441	0.59326	0.19732	0.12361	0.04172
V813	0.04041	0.23886	0.19163	0.03373	0.49537
V814	0.23272	0.46474	0.0714	0.199	0.03214
V815	0.27994	0.56448	0.04459	0.09741	0.01358
V816	0.04006	0.4347	0.021	0.45518	0.04906
V817	0.70315	0.1151	0.11067	0.0639	0.00718
V818	0.04834	0.25198	0.299	0.06123	0.33945
V819	0.81302	0.08903	0.0166	0.07225	0.0091
V820	0.08697	0.32868	0.11835	0.41963	0.04637
V821	0.01806	0.05395	0.01311	0.04874	0.86613
V822	0.20343	0.05201	0.01756	0.70759	0.01941
V823	0.05457	0.14518	0.19118	0.0343	0.57477
V824	0.07932	0.07452	0.03065	0.04228	0.77323
V825	0.15529	0.16805	0.4784	0.18954	0.00872
V826	0.05057	0.22623	0.66263	0.05325	0.00732
V827	0.35631	0.14888	0.00728	0.3782	0.10932
V828	0.24966	0.16636	0.09602	0.08734	0.40062
V829	0.09834	0.15992	0.25456	0.18428	0.3029
V830	0.15326	0.1826	0.50649	0.0501	0.10755
V831	0.05222	0.64063	0.0653	0.20699	0.03487
V832	0.2181	0.05663	0.06468	0.24022	0.42038
V833	0.24224	0.64236	0.02556	0.04087	0.04897
V834	0.68076	0.159	0.03395	0.06595	0.06035
V835	0.27072	0.26105	0.08582	0.28834	0.09406
V836	0.36356	0.17424	0.32431	0.12392	0.01397
V837	0.05973	0.72617	0.03621	0.08468	0.09321
V838	0.015	0.04523	0.0709	0.83738	0.03149
V839	0.04548	0.0833	0.07163	0.03986	0.75973
V840	0.80317	0.08535	0.02638	0.07037	0.01472
V841	0.22536	0.19653	0.52758	0.0374	0.01313
V842	0.49254	0.12182	0.15858	0.20495	0.02211
V843	0.43771	0.08669	0.11881	0.09623	0.26056
V844	0.02552	0.30304	0.58718	0.05336	0.03089
V845	0.03721	0.03877	0.00711	0.59953	0.31739
V846	0.11849	0.0935	0.08987	0.08937	0.60877
V847	0.21599	0.06092	0.05182	0.14275	0.52852
V848	0.66475	0.08988	0.01073	0.11744	0.1172
V849	0.14438	0.20727	0.52106	0.03611	0.09119
V850	0.21723	0.12444	0.23501	0.16146	0.26186
V851	0.83811	0.08087	0.00709	0.05791	0.01602
V852	0.24538	0.10485	0.07287	0.18245	0.39445
V853	0.04389	0.24038	0.47699	0.15662	0.08212
V854	0.05756	0.33872	0.22607	0.10531	0.27235
V855	0.12437	0.3399	0.09339	0.34174	0.1006
V856	0.1786	0.33651	0.06111	0.03671	0.38707
V857	0.08841	0.10307	0.14695	0.40923	0.25235
V858	0.03665	0.32936	0.17862	0.23573	0.21963
V859	0.14865	0.05134	0.02458	0.72283	0.05259
V860	0.05301	0.151	0.06513	0.65182	0.07904
V861	0.15724	0.08126	0.11071	0.62628	0.02451
V862	0.07732	0.05301	0.02932	0.11923	0.72112
V863	0.06865	0.80713	0.03912	0.05085	0.03425
V864	0.04927	0.21123	0.64036	0.09136	0.00779
V865	0.09164	0.16525	0.48092	0.25227	0.00992
V866	0.04069	0.19353	0.49203	0.24059	0.03315
V867	0.53853	0.08118	0.01226	0.04103	0.327
V868	0.24149	0.26737	0.32294	0.13878	0.02943
V869	0.02636	0.05032	0.03244	0.05304	0.83783
V870	0.28149	0.17698	0.075	0.25578	0.21075
V871	0.045	0.09897	0.09308	0.11608	0.64687
V872	0.38671	0.07858	0.01691	0.45807	0.05973
V873	0.07184	0.3021	0.14298	0.39975	0.08332
V874	0.10175	0.08361	0.01716	0.04917	0.74831
V875	0.02224	0.17171	0.02996	0.50303	0.27307
V876	0.45798	0.10713	0.05393	0.05094	0.33003
V877	0.27499	0.52245	0.05043	0.12974	0.02239
V878	0.04934	0.59348	0.05598	0.27451	0.02669
V879	0.79582	0.1017	0.01666	0.07102	0.0148
V880	0.09332	0.10141	0.03423	0.42036	0.35068
V881	0.01787	0.14828	0.4213	0.03058	0.38198
V882	0.06164	0.39917	0.0271	0.4985	0.01359
V883	0.50431	0.17177	0.0186	0.19835	0.10696
V884	0.01786	0.04756	0.01307	0.05741	0.86409
V885	0.17361	0.1626	0.30966	0.12903	0.2251
V886	0.01437	0.04526	0.03714	0.23201	0.67122
V887	0.12989	0.75692	0.02917	0.04148	0.04254
V888	0.07382	0.1193	0.05599	0.67221	0.07868
V889	0.16049	0.69325	0.05808	0.06566	0.02252
V890	0.0446	0.07332	0.12265	0.62731	0.13211
V891	0.00992	0.25338	0.68183	0.04726	0.00762
V892	0.58119	0.21747	0.02532	0.04598	0.13002
V893	0.15799	0.26012	0.4051	0.10636	0.07043
V894	0.1231	0.44664	0.05783	0.30957	0.06286
V895	0.61053	0.11774	0.19847	0.06054	0.01272
V896	0.2261	0.2362	0.20197	0.31804	0.01769
V897	0.01497	0.03806	0.04134	0.75954	0.14608
V898	0.38556	0.06085	0.0188	0.06012	0.47466
V899	0.56748	0.27626	0.07617	0.03943	0.04067
