mature.neutrophil	CD14.pos.CD16.neg.classical.monocyte	macrophage	memory.CD4.pos.AB.T.cell	cytotoxic.CD56.dim.NK.cell
V1	0.25664	0.18684	0.21186	0.18709	0.15757
V2	0.05303	0.67235	0.06781	0.13482	0.07199
V3	0.05055	0.1306	0.32331	0.48038	0.01515
V4	0.00223	0.08362	0.17255	0.02013	0.72147
V5	0.0021	0.04353	0.04745	0.04811	0.85882
V6	0.2511	0.12908	0.21886	0.28144	0.11952
V7	0.0034	0.13222	0.31382	0.06327	0.48728
V8	0.01342	0.24013	0.62746	0.11422	0.00477
V9	0.04128	0.0836	0.19129	0.67588	0.00795
V10	0.37434	0.19942	0.35922	0.03519	0.03183
V11	0.01648	0.06338	0.07828	0.02109	0.82077
V12	0.05504	0.08209	0.16637	0.30575	0.39076
V13	0.09014	0.06828	0.03426	0.43261	0.37471
V14	0.11256	0.0539	0.05967	0.68345	0.09043
V15	0.01415	0.03488	0.00586	0.92405	0.02107
V16	0.43933	0.12905	0.01834	0.40421	0.00906
V17	0.04228	0.17261	0.01878	0.03378	0.73255
V18	0.07512	0.35626	0.2372	0.31553	0.01589
V19	0.0105	0.03778	0.00528	0.06035	0.88609
V20	0.00443	0.18419	0.52015	0.27676	0.01447
V21	0.0101	0.19696	0.11216	0.17199	0.50879
V22	0.66239	0.19061	0.06377	0.04809	0.03514
V23	0.04731	0.04899	0.02207	0.09157	0.79006
V24	0.3549	0.14891	0.02412	0.05813	0.41395
V25	0.0106	0.04357	0.01626	0.40402	0.52556
V26	0.3891	0.21351	0.05884	0.07118	0.26737
V27	0.1098	0.41734	0.18204	0.03337	0.25745
V28	0.0209	0.10465	0.1543	0.68554	0.03462
V29	0.00406	0.08925	0.23884	0.65163	0.01621
V30	0.59518	0.1785	0.03119	0.06788	0.12725
V31	0.32884	0.15416	0.01843	0.28941	0.20917
V32	0.72994	0.13987	0.01484	0.0529	0.06246
V33	0.00821	0.13786	0.01825	0.08818	0.74749
V34	0.13597	0.77209	0.01689	0.0681	0.00696
V35	0.0932	0.55002	0.26495	0.08667	0.00516
V36	0.01449	0.15697	0.13675	0.07603	0.61576
V37	0.57719	0.10889	0.00709	0.04117	0.26566
V38	0.09348	0.14885	0.3576	0.23784	0.16224
V39	0.24709	0.14826	0.25875	0.02822	0.31769
V40	0.22316	0.49889	0.02681	0.19791	0.05324
V41	0.0479	0.74749	0.02448	0.04797	0.13216
V42	0.67917	0.15689	0.02598	0.05739	0.08056
V43	0.39717	0.23572	0.27991	0.07264	0.01456
V44	0.03013	0.33226	0.46488	0.02914	0.1436
V45	0.03235	0.54339	0.10661	0.2507	0.06696
V46	0.121	0.66428	0.08648	0.09695	0.0313
V47	0.00588	0.2636	0.6862	0.0299	0.01442
V48	0.12662	0.15512	0.1812	0.39019	0.14686
V49	0.37598	0.20865	0.19024	0.20997	0.01515
V50	0.02338	0.2702	0.67168	0.03025	0.00449
V51	0.07911	0.22773	0.16901	0.07185	0.4523
V52	0.05657	0.84794	0.01815	0.07051	0.00683
V53	0.01842	0.11779	0.01267	0.84081	0.0103
V54	0.15312	0.04685	0.01615	0.58689	0.19699
V55	0.05251	0.02986	0.00569	0.90056	0.01138
V56	0.04971	0.02598	0.01065	0.7927	0.12095
V57	0.1283	0.23664	0.43463	0.05483	0.1456
V58	0.04559	0.05692	0.10484	0.18145	0.61121
V59	0.67358	0.16361	0.08086	0.06469	0.01726
V60	0.34772	0.21929	0.11253	0.18267	0.13779
V61	0.13519	0.0547	0.02737	0.21135	0.57138
V62	0.03937	0.10336	0.22587	0.12619	0.50521
V63	0.32846	0.2388	0.06085	0.06204	0.30985
V64	0.74181	0.15687	0.02724	0.05468	0.0194
V65	0.06043	0.0787	0.03543	0.67202	0.15343
V66	0.01916	0.05392	0.10131	0.80767	0.01794
V67	0.0025	0.10226	0.24934	0.07928	0.56661
V68	0.36171	0.16397	0.30285	0.0747	0.09677
V69	0.47634	0.20863	0.16985	0.06412	0.08106
V70	0.05703	0.57363	0.05478	0.28368	0.03089
V71	0.09995	0.67104	0.05924	0.15088	0.0189
V72	0.02454	0.27484	0.02778	0.02736	0.64548
V73	0.0397	0.04929	0.079	0.60217	0.22984
V74	0.00654	0.0549	0.0115	0.84093	0.08612
V75	0.39802	0.26576	0.25617	0.05599	0.02406
V76	0.00511	0.02716	0.01768	0.88285	0.0672
V77	0.02169	0.24721	0.64995	0.07654	0.00461
V78	0.00601	0.26393	0.67661	0.03919	0.01427
V79	0.06114	0.28366	0.04199	0.17543	0.43779
V80	0.12684	0.60622	0.01299	0.1179	0.13604
V81	0.01435	0.26565	0.68519	0.03025	0.00456
V82	0.18115	0.14143	0.03097	0.62894	0.0175
V83	0.06824	0.07609	0.02265	0.58639	0.24662
V84	0.06249	0.12529	0.01164	0.03281	0.76777
V85	0.00597	0.26398	0.68563	0.03985	0.00458
V86	0.01966	0.23273	0.25054	0.48104	0.01603
V87	0.34007	0.0857	0.04093	0.50777	0.02554
V88	0.23901	0.15887	0.05028	0.23624	0.31559
V89	0.04172	0.27796	0.59798	0.07777	0.00457
V90	0.00746	0.13645	0.0503	0.08655	0.71923
V91	0.00507	0.04081	0.06229	0.88127	0.01055
V92	0.16786	0.07548	0.02776	0.04082	0.68807
V93	0.00567	0.09907	0.12606	0.56265	0.20655
V94	0.02253	0.12145	0.02374	0.24688	0.58541
V95	0.04124	0.16181	0.02468	0.09912	0.67315
V96	0.60862	0.12675	0.02987	0.06716	0.1676
V97	0.11046	0.0662	0.03966	0.101	0.68268
V98	0.04128	0.29426	0.16431	0.16429	0.33586
V99	0.40705	0.15369	0.01258	0.28547	0.14121
V100	0.43041	0.18995	0.05066	0.08966	0.23932
V101	0.06738	0.82961	0.02743	0.06897	0.00661
V102	0.25112	0.22915	0.12296	0.15159	0.24519
V103	0.08419	0.03863	0.01057	0.02423	0.84238
V104	0.03336	0.29576	0.07955	0.03677	0.55456
V105	0.00246	0.04484	0.03525	0.05756	0.85989
V106	0.05047	0.66675	0.1705	0.05538	0.0569
V107	0.0465	0.32028	0.52827	0.0907	0.01424
V108	0.01975	0.329	0.61536	0.03145	0.00444
V109	0.04062	0.15684	0.05072	0.30955	0.44227
V110	0.16499	0.42915	0.183	0.19596	0.0269
V111	0.24579	0.31082	0.39287	0.04511	0.0054
V112	0.12911	0.05953	0.08559	0.50381	0.22196
V113	0.16965	0.07174	0.08473	0.15676	0.51712
V114	0.44413	0.13877	0.04845	0.22979	0.13886
V115	0.67314	0.12666	0.01363	0.05576	0.13081
V116	0.00281	0.034	0.00555	0.02607	0.93157
V117	0.04503	0.22134	0.58006	0.12132	0.03225
V118	0.02882	0.02658	0.00565	0.90914	0.02981
V119	0.24861	0.14916	0.29475	0.30087	0.00661
V120	0.0121	0.21306	0.58298	0.14975	0.0421
V121	0.20664	0.612	0.01348	0.05906	0.10882
V122	0.02424	0.27709	0.08049	0.30661	0.31157
V123	0.37223	0.11376	0.067	0.23577	0.21124
V124	0.15687	0.11697	0.0549	0.24705	0.4242
V125	0.04066	0.45752	0.44095	0.04569	0.01518
V126	0.11999	0.18618	0.18276	0.14065	0.37042
V127	0.21998	0.19827	0.47537	0.0929	0.01348
V128	0.2267	0.66608	0.02342	0.0515	0.0323
V129	0.19803	0.12471	0.2127	0.20426	0.2603
V130	0.02166	0.36262	0.04543	0.32326	0.24704
V131	0.01146	0.07371	0.16853	0.73778	0.00852
V132	0.26167	0.06701	0.00576	0.37729	0.28827
V133	0.0043	0.16626	0.41281	0.10305	0.31358
V134	0.06118	0.21905	0.56663	0.05282	0.10031
V135	0.02271	0.24527	0.54349	0.05367	0.13486
V136	0.75747	0.14921	0.01587	0.05714	0.02031
V137	0.70302	0.1523	0.0146	0.08521	0.04488
V138	0.18598	0.14393	0.0697	0.15874	0.44165
V139	0.0886	0.0636	0.1201	0.71119	0.01652
V140	0.0154	0.06016	0.11608	0.02038	0.78798
V141	0.01969	0.30658	0.50696	0.15232	0.01445
V142	0.15477	0.11045	0.25108	0.14987	0.33383
V143	0.01665	0.2379	0.3858	0.18686	0.17278
V144	0.41664	0.22698	0.06699	0.18395	0.10545
V145	0.00577	0.25758	0.66483	0.04796	0.02385
V146	0.02272	0.22649	0.01358	0.3886	0.34861
V147	0.08093	0.22044	0.50471	0.15205	0.04188
V148	0.17059	0.67282	0.02331	0.1009	0.03238
V149	0.00552	0.0239	0.00576	0.90638	0.05844
V150	0.1251	0.28613	0.4626	0.03044	0.09572
V151	0.32215	0.07539	0.01696	0.45809	0.12741
V152	0.01083	0.04342	0.08711	0.77615	0.08249
V153	0.14213	0.24499	0.36817	0.08486	0.15985
V154	0.1084	0.45703	0.03291	0.0687	0.33297
V155	0.02658	0.05465	0.10096	0.80007	0.01774
V156	0.07349	0.12834	0.30161	0.17003	0.32653
V157	0.06461	0.08829	0.1301	0.2889	0.42809
V158	0.14815	0.13516	0.3321	0.06642	0.31817
V159	0.08746	0.15889	0.01885	0.68796	0.04684
V160	0.36244	0.18763	0.08559	0.07792	0.28641
V161	0.14962	0.07087	0.05136	0.02389	0.70426
V162	0.00638	0.27117	0.68738	0.0305	0.00457
V163	0.0322	0.0383	0.01674	0.04912	0.86365
V164	0.73238	0.17203	0.02171	0.06327	0.01061
V165	0.50757	0.24208	0.08081	0.10546	0.06408
V166	0.04003	0.07384	0.17835	0.61857	0.08921
V167	0.02995	0.4905	0.02627	0.21757	0.23571
V168	0.00638	0.27117	0.68738	0.0305	0.00457
V169	0.05481	0.57804	0.17339	0.16435	0.02942
V170	0.21178	0.30287	0.05825	0.27666	0.15044
V171	0.24009	0.1779	0.28451	0.23585	0.06166
V172	0.13753	0.18322	0.0646	0.04371	0.57094
V173	0.15899	0.11698	0.07745	0.45715	0.18943
V174	0.15829	0.1154	0.2687	0.23291	0.2247
V175	0.05364	0.13226	0.09861	0.19519	0.5203
V176	0.27317	0.0664	0.01148	0.63917	0.00977
V177	0.15694	0.18233	0.41701	0.22977	0.01395
V178	0.21651	0.17294	0.34916	0.161	0.10039
V179	0.06303	0.04529	0.01076	0.02395	0.85698
V180	0.01624	0.10682	0.2527	0.02034	0.6039
V181	0.04415	0.18578	0.00675	0.07188	0.69144
V182	0.46857	0.22578	0.01413	0.23629	0.05523
V183	0.07962	0.8268	0.01756	0.05493	0.02109
V184	0.23924	0.12112	0.22903	0.37808	0.03253
V185	0.08801	0.35176	0.02988	0.2096	0.32074
V186	0.09883	0.14016	0.03014	0.2823	0.44857
V187	0.07704	0.5344	0.01206	0.35744	0.01906
V188	0.64705	0.14714	0.03733	0.15089	0.01759
V189	0.37263	0.22382	0.03995	0.34658	0.01702
V190	0.31835	0.151	0.17579	0.04664	0.30822
V191	0.17084	0.17163	0.01269	0.50523	0.13962
V192	0.25546	0.19266	0.11286	0.27715	0.16187
V193	0.06047	0.26272	0.419	0.07412	0.18369
V194	0.1909	0.09635	0.07325	0.12307	0.51643
V195	0.47759	0.24842	0.20055	0.05814	0.01529
V196	0.00187	0.03905	0.04736	0.04817	0.86355
V197	0.07563	0.78016	0.01652	0.10721	0.02048
V198	0.17999	0.18287	0.03826	0.25165	0.34724
V199	0.60519	0.16931	0.17426	0.04361	0.00764
V200	0.5846	0.11242	0.03467	0.06413	0.20418
V201	0.02538	0.02626	0.02225	0.72838	0.19773
V202	0.73321	0.17345	0.00995	0.06378	0.0196
V203	0.44903	0.24341	0.03334	0.10472	0.16949
V204	0.24984	0.1095	0.03447	0.02813	0.57806
V205	0.07839	0.07729	0.09181	0.08057	0.67195
V206	0.03126	0.07736	0.0059	0.83792	0.04756
V207	0.01415	0.03488	0.00586	0.92405	0.02107
V208	0.13524	0.27179	0.38765	0.08735	0.11797
V209	0.10789	0.07267	0.07692	0.0462	0.69633
V210	0.00575	0.26042	0.68029	0.03923	0.01431
V211	0.11068	0.09447	0.15596	0.04631	0.59258
V212	0.06091	0.64348	0.09384	0.10477	0.09701
V213	0.06931	0.04397	0.05129	0.25804	0.5774
V214	0.02559	0.50735	0.37001	0.05814	0.03891
V215	0.19855	0.20592	0.11938	0.11522	0.36093
V216	0.03978	0.11557	0.24543	0.05376	0.54546
V217	0.00458	0.02387	0.0235	0.8535	0.09455
V218	0.05908	0.19214	0.23366	0.40803	0.10709
V219	0.11161	0.27808	0.32214	0.27317	0.01499
V220	0.20946	0.63638	0.07523	0.06048	0.01846
V221	0.03386	0.16286	0.37149	0.03057	0.40122
V222	0.0101	0.03547	0.01128	0.03348	0.90968
V223	0.40405	0.15128	0.24175	0.17994	0.02298
V224	0.03293	0.39866	0.03132	0.13098	0.40611
V225	0.59278	0.2348	0.11125	0.04492	0.01624
V226	0.45833	0.45887	0.01251	0.05156	0.01872
V227	0.07258	0.18148	0.01302	0.68526	0.04766
V228	0.45154	0.16113	0.21297	0.12419	0.05017
V229	0.24241	0.37126	0.23973	0.0992	0.04741
V230	0.00991	0.0308	0.01129	0.03382	0.91418
V231	0.05829	0.46879	0.06676	0.2783	0.12787
V232	0.6252	0.16472	0.14967	0.05245	0.00795
V233	0.03866	0.07307	0.11255	0.09847	0.67725
V234	0.01634	0.29697	0.18952	0.45993	0.03723
V235	0.74719	0.14915	0.00992	0.08227	0.01147
V236	0.06782	0.17328	0.46075	0.238	0.06015
V237	0.09479	0.1292	0.20801	0.35703	0.21098
V238	0.00263	0.02938	0.01059	0.2784	0.679
V239	0.05252	0.28783	0.04962	0.23483	0.3752
V240	0.07029	0.72891	0.02409	0.07403	0.10268
V241	0.05633	0.84858	0.01804	0.05562	0.02142
V242	0.03063	0.27808	0.25255	0.36021	0.07853
V243	0.3703	0.14817	0.25061	0.06488	0.16604
V244	0.02466	0.31622	0.17422	0.12078	0.36411
V245	0.05208	0.80182	0.04587	0.09396	0.00628
V246	0.52382	0.26484	0.03403	0.05142	0.12589
V247	0.16267	0.23628	0.46408	0.09494	0.04204
V248	0.08802	0.46005	0.03303	0.04628	0.37261
V249	0.18748	0.12641	0.16282	0.12526	0.39802
V250	0.01885	0.18179	0.47121	0.05821	0.26993
V251	0.15758	0.07343	0.07397	0.63331	0.06172
V252	0.02211	0.20682	0.42314	0.19117	0.15676
V253	0.28815	0.48072	0.09187	0.11094	0.02833
V254	0.47104	0.33224	0.01009	0.159	0.02764
V255	0.64323	0.16709	0.00848	0.07297	0.10822
V256	0.03795	0.61868	0.02945	0.05272	0.2612
V257	0.38198	0.29218	0.13169	0.08544	0.10871
V258	0.13329	0.23887	0.04858	0.56166	0.0176
V259	0.45931	0.29691	0.15812	0.05054	0.03512
V260	0.18801	0.0896	0.08578	0.10332	0.53328
V261	0.01831	0.13969	0.37332	0.32838	0.1403
V262	0.70521	0.15888	0.05027	0.06753	0.01811
V263	0.6247	0.16681	0.01984	0.17937	0.00928
V264	0.07483	0.77259	0.02564	0.12034	0.0066
V265	0.65092	0.18914	0.06982	0.073	0.01712
V266	0.00871	0.04495	0.06528	0.0382	0.84286
V267	0.03184	0.03441	0.0105	0.15633	0.76692
V268	0.17733	0.34793	0.13461	0.26965	0.07048
V269	0.07789	0.30348	0.30447	0.26825	0.04591
V270	0.03576	0.03465	0.02999	0.88887	0.01072
V271	0.23952	0.59872	0.02146	0.08395	0.05634
V272	0.11393	0.69809	0.04166	0.07304	0.07328
V273	0.21383	0.09547	0.13912	0.36766	0.18392
V274	0.06428	0.06254	0.03413	0.20405	0.635
V275	0.04484	0.58373	0.16493	0.17687	0.02963
V276	0.0119	0.18183	0.49485	0.2787	0.03273
V277	0.29124	0.19478	0.43276	0.04065	0.04057
V278	0.00446	0.11013	0.25155	0.49305	0.14081
V279	0.10505	0.04006	0.01655	0.77496	0.06339
V280	0.14021	0.05959	0.03432	0.65513	0.11075
V281	0.01943	0.1551	0.039	0.76814	0.01833
V282	0.06824	0.83737	0.0178	0.05532	0.02128
V283	0.26328	0.08751	0.09025	0.05032	0.50864
V284	0.02159	0.20776	0.40409	0.02395	0.34261
V285	0.48532	0.39529	0.01128	0.08995	0.01816
V286	0.07122	0.23953	0.60096	0.07479	0.01351
V287	0.18274	0.1165	0.13537	0.33467	0.23073
V288	0.16138	0.18541	0.4599	0.03558	0.15773
V289	0.12234	0.16719	0.0256	0.66703	0.01784
V290	0.40244	0.41228	0.13296	0.04546	0.00686
V291	0.32627	0.18811	0.01354	0.45443	0.01766
V292	0.08923	0.1332	0.30154	0.05551	0.42053
V293	0.00821	0.27995	0.6007	0.08728	0.02385
V294	0.00267	0.0354	0.01156	0.02537	0.925
V295	0.01123	0.10318	0.23997	0.55528	0.09035
V296	0.68264	0.19345	0.00941	0.0689	0.0456
V297	0.01999	0.20457	0.55509	0.16886	0.0515
V298	0.2117	0.05309	0.01087	0.59671	0.12763
V299	0.19484	0.04861	0.01687	0.72978	0.00991
V300	0.75863	0.15263	0.01027	0.0667	0.01177
V301	0.7353	0.14202	0.01515	0.08806	0.01946
V302	0.00293	0.0276	0.01042	0.40789	0.55116
V303	0.08266	0.17133	0.17435	0.21323	0.35843
V304	0.1564	0.23004	0.54321	0.0386	0.03174
V305	0.17273	0.25176	0.08566	0.15253	0.33732
V306	0.33515	0.54689	0.01336	0.07385	0.03075
V307	0.1746	0.10479	0.20295	0.51004	0.00763
V308	0.18809	0.19879	0.4784	0.12123	0.01349
V309	0.50259	0.14131	0.04781	0.17191	0.13638
V310	0.01757	0.04306	0.0108	0.10311	0.82546
V311	0.01228	0.02888	0.03651	0.90232	0.02
V312	0.06856	0.22311	0.20615	0.02515	0.47704
V313	0.04612	0.19975	0.01948	0.38065	0.354
V314	0.05477	0.03799	0.01009	0.38395	0.51321
V315	0.73632	0.14395	0.02087	0.05348	0.04538
V316	0.10605	0.47515	0.24075	0.0796	0.09845
V317	0.31479	0.2259	0.38444	0.04271	0.03216
V318	0.69794	0.13349	0.01405	0.04965	0.10487
V319	0.09053	0.25781	0.59895	0.04813	0.00458
V320	0.0592	0.02753	0.01123	0.88229	0.01976
V321	0.11635	0.30431	0.26234	0.28135	0.03566
V322	0.01183	0.30813	0.461	0.08702	0.13202
V323	0.20951	0.27303	0.35111	0.05944	0.10691
V324	0.02892	0.05554	0.03662	0.85982	0.01909
V325	0.49549	0.17233	0.07613	0.17564	0.08041
V326	0.03116	0.04881	0.04619	0.13656	0.73729
V327	0.30568	0.41459	0.11216	0.0718	0.09577
V328	0.03854	0.22637	0.13914	0.56947	0.02648
V329	0.00546	0.12774	0.28716	0.56388	0.01576
V330	0.07066	0.23863	0.60123	0.02809	0.06139
V331	0.09362	0.06848	0.07129	0.09957	0.66705
V332	0.37099	0.20377	0.34045	0.04337	0.04141
V333	0.309	0.14463	0.23813	0.20941	0.09883
V334	0.03906	0.32366	0.44977	0.13188	0.05563
V335	0.55851	0.15281	0.07302	0.08107	0.13459
V336	0.16208	0.51293	0.25747	0.04007	0.02745
V337	0.00238	0.03299	0.0168	0.15689	0.79093
V338	0.5515	0.14772	0.12478	0.06223	0.11377
V339	0.19884	0.45866	0.1834	0.03817	0.12093
V340	0.02169	0.1392	0.09177	0.06651	0.68084
V341	0.0218	0.45657	0.39354	0.0439	0.08419
V342	0.23733	0.23765	0.34972	0.16949	0.00581
V343	0.54196	0.17217	0.22264	0.05626	0.00697
V344	0.10534	0.62217	0.05618	0.0794	0.13691
V345	0.15671	0.07015	0.01063	0.30629	0.45622
V346	0.0303	0.2753	0.26767	0.38059	0.04614
V347	0.07197	0.3716	0.03127	0.46207	0.06309
V348	0.01459	0.1913	0.34689	0.28937	0.15785
V349	0.05793	0.3348	0.43587	0.04917	0.12222
V350	0.09277	0.30788	0.08257	0.3267	0.19009
V351	0.13656	0.14544	0.32085	0.37378	0.02337
V352	0.10629	0.49617	0.33326	0.04867	0.01561
V353	0.20811	0.25394	0.04062	0.07916	0.41816
V354	0.45187	0.19206	0.31182	0.0379	0.00635
V355	0.06586	0.10753	0.24715	0.56402	0.01544
V356	0.07935	0.23474	0.58946	0.0548	0.04165
V357	0.03314	0.15415	0.37629	0.04707	0.38935
V358	0.02106	0.04758	0.03037	0.88146	0.01952
V359	0.04017	0.08652	0.01205	0.85085	0.01041
V360	0.54734	0.14759	0.07972	0.21731	0.00804
V361	0.31312	0.40903	0.09437	0.04086	0.14262
V362	0.62582	0.14296	0.08458	0.04267	0.10397
V363	0.0178	0.04683	0.01071	0.14885	0.77581
V364	0.02903	0.19281	0.02601	0.52767	0.22448
V365	0.00549	0.02568	0.01185	0.91716	0.03982
V366	0.16674	0.19616	0.43579	0.10123	0.10007
V367	0.18192	0.2154	0.17896	0.22293	0.20079
V368	0.59404	0.18742	0.10796	0.05905	0.05153
V369	0.04107	0.55381	0.24049	0.15934	0.00529
V370	0.01461	0.13154	0.1008	0.40241	0.35064
V371	0.06499	0.81016	0.06594	0.05277	0.00615
V372	0.50646	0.16568	0.12192	0.17322	0.03272
V373	0.11643	0.53861	0.1418	0.18604	0.01712
V374	0.0772	0.13569	0.28409	0.49596	0.00707
V375	0.23742	0.1944	0.44007	0.12253	0.00557
V376	0.00884	0.10949	0.29398	0.02835	0.55933
V377	0.08146	0.41157	0.20157	0.28905	0.01635
V378	0.12488	0.45307	0.17614	0.03548	0.21042
V379	0.01579	0.0542	0.08488	0.0797	0.76542
V380	0.0116	0.08597	0.13146	0.53286	0.23811
V381	0.10232	0.0677	0.01081	0.02424	0.79493
V382	0.30734	0.06211	0.01092	0.33482	0.28481
V383	0.026	0.08375	0.19741	0.68483	0.008
V384	0.21611	0.10944	0.13271	0.48023	0.0615
V385	0.05876	0.08759	0.01113	0.02366	0.81885
V386	0.49917	0.09986	0.01218	0.37934	0.00946
V387	0.19774	0.06078	0.01121	0.69476	0.03551
V388	0.05749	0.71637	0.05185	0.15495	0.01935
V389	0.13109	0.64491	0.03068	0.09556	0.09776
V390	0.129	0.04161	0.01062	0.7087	0.11007
V391	0.58214	0.1953	0.00819	0.13327	0.08111
V392	0.74529	0.16342	0.01583	0.06439	0.01107
V393	0.07351	0.07428	0.11561	0.56542	0.17117
V394	0.54215	0.11116	0.02897	0.21271	0.10501
V395	0.00432	0.10322	0.27133	0.60517	0.01596
V396	0.4379	0.19592	0.31454	0.03735	0.0143
V397	0.5413	0.18862	0.03761	0.17954	0.05293
V398	0.04801	0.05999	0.12737	0.67521	0.08941
V399	0.0255	0.044	0.00501	0.27145	0.65405
V400	0.1556	0.43453	0.15815	0.24546	0.00626
V401	0.25455	0.20107	0.46302	0.0759	0.00547
V402	0.28966	0.17395	0.33463	0.11283	0.08893
V403	0.10584	0.07937	0.00548	0.15034	0.65897
V404	0.00534	0.15093	0.35864	0.43294	0.05215
V405	0.28378	0.23054	0.0688	0.29708	0.1198
V406	0.0226	0.26241	0.66232	0.02903	0.02365
V407	0.6875	0.16201	0.03854	0.10233	0.00962
V408	0.02394	0.24918	0.01387	0.32117	0.39183
V409	0.081	0.04733	0.05319	0.70795	0.11052
V410	0.09689	0.17395	0.25496	0.06817	0.40603
V411	0.0028	0.03367	0.00551	0.03487	0.92316
V412	0.01321	0.12993	0.10407	0.03847	0.71431
V413	0.01877	0.19917	0.13009	0.43881	0.21315
V414	0.02794	0.07147	0.00533	0.49086	0.4044
V415	0.1137	0.04204	0.0105	0.02442	0.80934
V416	0.07518	0.08579	0.02267	0.1602	0.65616
V417	0.01193	0.2012	0.54697	0.16879	0.07111
V418	0.50218	0.35259	0.0307	0.06606	0.04847
V419	0.17569	0.06388	0.02178	0.13894	0.59972
V420	0.16533	0.06736	0.08278	0.0636	0.62094
V421	0.00186	0.05702	0.09758	0.05411	0.78943
V422	0.01126	0.03928	0.04101	0.73843	0.17002
V423	0.23548	0.2241	0.23923	0.26701	0.03418
V424	0.0027	0.13161	0.35728	0.02095	0.48746
V425	0.29206	0.29757	0.00876	0.04627	0.35535
V426	0.1847	0.15232	0.02489	0.5419	0.09619
V427	0.2166	0.55608	0.1658	0.04449	0.01704
V428	0.0938	0.51978	0.0863	0.17014	0.12998
V429	0.13373	0.65593	0.01413	0.15088	0.04532
V430	0.02436	0.11799	0.30344	0.20726	0.34695
V431	0.09963	0.30383	0.18221	0.34547	0.06886
V432	0.22946	0.1138	0.1049	0.39752	0.15432
V433	0.15385	0.15616	0.3807	0.27744	0.03184
V434	0.20801	0.31133	0.31959	0.05172	0.10935
V435	0.43495	0.19367	0.27667	0.08022	0.01451
V436	0.05587	0.46406	0.10889	0.10158	0.26959
V437	0.13579	0.05973	0.02754	0.18439	0.59255
V438	0.11344	0.25821	0.17714	0.37276	0.07845
V439	0.46227	0.09441	0.0464	0.37203	0.02489
V440	0.02505	0.38428	0.4703	0.05151	0.06885
V441	0.03507	0.50016	0.36791	0.08118	0.01568
V442	0.06845	0.84136	0.02787	0.05564	0.00669
V443	0.72961	0.14026	0.015	0.10427	0.01086
V444	0.13518	0.31725	0.0369	0.46071	0.04997
V445	0.05514	0.28944	0.04345	0.58376	0.02822
V446	0.08219	0.06986	0.08035	0.60722	0.16039
V447	0.04716	0.03368	0.0159	0.46273	0.44053
V448	0.11458	0.04908	0.02169	0.03963	0.77502
V449	0.00638	0.27117	0.68738	0.0305	0.00457
V450	0.15651	0.14219	0.20003	0.16648	0.33479
V451	0.21731	0.17665	0.05906	0.41872	0.12826
V452	0.01111	0.05863	0.12077	0.75593	0.05356
V453	0.01059	0.0307	0.00491	0.46599	0.48782
V454	0.01068	0.179	0.49515	0.049	0.26617
V455	0.05023	0.21493	0.23047	0.06989	0.43448
V456	0.72483	0.14192	0.00921	0.07872	0.04531
V457	0.55585	0.23339	0.03952	0.11694	0.0543
V458	0.02508	0.37663	0.43599	0.10468	0.05763
V459	0.10065	0.07831	0.04755	0.52377	0.24973
V460	0.52439	0.16572	0.16137	0.11636	0.03215
V461	0.16057	0.27799	0.21553	0.04834	0.29757
V462	0.03554	0.07045	0.01677	0.53767	0.33958
V463	0.16013	0.07694	0.01728	0.72771	0.01793
V464	0.14327	0.29664	0.49572	0.05051	0.01386
V465	0.02748	0.0859	0.01714	0.0399	0.82958
V466	0.01723	0.02765	0.00506	0.11297	0.83709
V467	0.04534	0.17525	0.02578	0.64368	0.10995
V468	0.49176	0.31123	0.10698	0.04372	0.0463
V469	0.01343	0.2276	0.05474	0.34126	0.36298
V470	0.64628	0.16048	0.03182	0.14372	0.01771
V471	0.32815	0.25053	0.034	0.2096	0.17773
V472	0.00304	0.05552	0.03568	0.02299	0.88277
V473	0.02535	0.19663	0.20248	0.3764	0.19914
V474	0.22558	0.13955	0.0568	0.52369	0.05437
V475	0.12759	0.18185	0.43671	0.06034	0.19351
V476	0.11546	0.07491	0.08099	0.65722	0.07143
V477	0.05672	0.85234	0.02822	0.05602	0.0067
V478	0.12226	0.04722	0.01055	0.0246	0.79538
V479	0.64782	0.16195	0.03797	0.13467	0.0176
V480	0.13818	0.52737	0.06948	0.21131	0.05367
V481	0.2092	0.29015	0.06514	0.26183	0.17368
V482	0.12118	0.59901	0.20781	0.04273	0.02927
V483	0.30153	0.42313	0.01073	0.19015	0.07446
V484	0.20871	0.41979	0.12279	0.22128	0.02744
V485	0.51728	0.16525	0.10132	0.18329	0.03285
V486	0.04966	0.13173	0.22463	0.02154	0.57244
V487	0.10911	0.19225	0.31841	0.3654	0.01482
V488	0.31242	0.10155	0.00632	0.39792	0.18179
V489	0.01181	0.31857	0.52365	0.12158	0.0244
V490	0.01224	0.19493	0.53052	0.24804	0.01426
V491	0.02758	0.3283	0.05098	0.14606	0.44707
V492	0.02443	0.10664	0.03117	0.80015	0.0376
V493	0.01316	0.02162	0.01185	0.93214	0.02124
V494	0.23764	0.05546	0.02214	0.59565	0.08912
V495	0.26792	0.23235	0.18603	0.23828	0.07543
V496	0.09308	0.06722	0.04562	0.02249	0.77159
V497	0.07111	0.08178	0.1134	0.11787	0.61584
V498	0.08462	0.76072	0.04391	0.06315	0.0476
V499	0.0326	0.20685	0.21353	0.08921	0.45781
V500	0.10009	0.37716	0.11214	0.3262	0.08441
V501	0.05501	0.21906	0.0197	0.03557	0.67065
V502	0.14768	0.68545	0.05993	0.10054	0.00639
V503	0.33376	0.12228	0.16814	0.18498	0.19085
V504	0.39306	0.19527	0.01324	0.04436	0.35408
V505	0.46887	0.09629	0.02832	0.12884	0.27768
V506	0.02146	0.37932	0.0685	0.03999	0.49073
V507	0.6372	0.12682	0.03631	0.15663	0.04305
V508	0.02947	0.53583	0.22446	0.09435	0.1159
V509	0.04701	0.352	0.13734	0.2831	0.18055
V510	0.38985	0.42658	0.05578	0.11032	0.01747
V511	0.05921	0.34177	0.42903	0.08041	0.08957
V512	0.13712	0.37933	0.17036	0.09581	0.21737
V513	0.17639	0.56484	0.08931	0.11496	0.0545
V514	0.00844	0.07227	0.16541	0.05264	0.70125
V515	0.0576	0.0976	0.00625	0.82829	0.01026
V516	0.1377	0.28164	0.10454	0.44931	0.0268
V517	0.0132	0.05049	0.04308	0.87389	0.01933
V518	0.31772	0.14385	0.24887	0.24842	0.04114
V519	0.61233	0.15134	0.01355	0.2051	0.01767
V520	0.08288	0.7331	0.03371	0.14381	0.0065
V521	0.15437	0.06889	0.10615	0.65422	0.01637
V522	0.04339	0.26638	0.44565	0.19051	0.05407
V523	0.12291	0.23631	0.54296	0.08441	0.01341
V524	0.26656	0.20223	0.42024	0.03168	0.0793
V525	0.00809	0.14277	0.03089	0.03214	0.78611
V526	0.03839	0.24799	0.61549	0.05554	0.04259
V527	0.08117	0.45662	0.36808	0.05656	0.03757
V528	0.11248	0.03863	0.02267	0.81613	0.01009
V529	0.17311	0.23079	0.53452	0.03925	0.02233
V530	0.02168	0.24311	0.61746	0.08469	0.03306
V531	0.16421	0.41324	0.09553	0.05571	0.27131
V532	0.05176	0.24117	0.24889	0.02519	0.433
V533	0.19314	0.05449	0.00542	0.02669	0.72025
V534	0.09468	0.0695	0.00579	0.79342	0.03661
V535	0.66907	0.21132	0.05216	0.04974	0.01771
V536	0.10175	0.21788	0.30979	0.06178	0.30879
V537	0.01042	0.0466	0.01728	0.024	0.9017
V538	0.4921	0.15659	0.01265	0.07181	0.26685
V539	0.01629	0.25689	0.49588	0.14608	0.08485
V540	0.14869	0.36934	0.09292	0.09621	0.29285
V541	0.02459	0.27447	0.02776	0.05644	0.61674
V542	0.03188	0.24847	0.10266	0.53715	0.07983
V543	0.05673	0.24117	0.50453	0.08292	0.11465
V544	0.27326	0.21054	0.15846	0.10702	0.25072
V545	0.57535	0.33919	0.01728	0.05961	0.00857
V546	0.0743	0.667	0.10477	0.0558	0.09812
V547	0.09785	0.64003	0.01379	0.20316	0.04518
V548	0.00714	0.05615	0.01202	0.90421	0.02048
V549	0.00233	0.03415	0.02256	0.17501	0.76594
V550	0.04673	0.75237	0.12052	0.06139	0.019
V551	0.01368	0.02011	0.00592	0.94796	0.01233
V552	0.15559	0.05788	0.02156	0.0567	0.70827
V553	0.59082	0.11904	0.02374	0.20622	0.06018
V554	0.08645	0.16269	0.36254	0.36494	0.02339
V555	0.05346	0.81739	0.02677	0.0528	0.04958
V556	0.05973	0.0676	0.04835	0.76042	0.06391
V557	0.25071	0.20729	0.03955	0.43562	0.06683
V558	0.0126	0.20986	0.55519	0.1897	0.03265
V559	0.0965	0.41987	0.39174	0.04433	0.04756
V560	0.54383	0.28067	0.12335	0.04483	0.00733
V561	0.54425	0.12913	0.11606	0.05286	0.1577
V562	0.08912	0.0961	0.12222	0.11032	0.58224
V563	0.17631	0.24262	0.18148	0.16181	0.23778
V564	0.25617	0.08153	0.05309	0.38625	0.22296
V565	0.00245	0.03554	0.01732	0.05972	0.88498
V566	0.22567	0.13743	0.0304	0.38352	0.22298
V567	0.02233	0.25946	0.67454	0.02955	0.01412
V568	0.02707	0.24418	0.34629	0.37634	0.00613
V569	0.49382	0.17296	0.09634	0.18511	0.05178
V570	0.10046	0.10708	0.21605	0.49611	0.0803
V571	0.19496	0.10161	0.1858	0.37745	0.14018
V572	0.64813	0.12352	0.00789	0.05422	0.16623
V573	0.06117	0.13538	0.26201	0.41896	0.12248
V574	0.44519	0.28083	0.07747	0.16066	0.03585
V575	0.27052	0.09987	0.09872	0.07754	0.45336
V576	0.04883	0.76057	0.02477	0.06168	0.10415
V577	0.38819	0.42429	0.048	0.12194	0.01759
V578	0.0243	0.22649	0.40306	0.2826	0.06354
V579	0.0224	0.44803	0.30737	0.06407	0.15813
V580	0.20101	0.41416	0.0248	0.31975	0.04028
V581	0.05085	0.44345	0.34383	0.1464	0.01546
V582	0.00709	0.27768	0.67092	0.03984	0.00447
V583	0.47942	0.17995	0.26264	0.07139	0.00659
V584	0.20619	0.40954	0.11187	0.07847	0.19394
V585	0.04974	0.63909	0.08442	0.12995	0.09681
V586	0.04174	0.6916	0.19062	0.07077	0.00527
V587	0.05267	0.52383	0.01905	0.07199	0.33246
V588	0.21299	0.40609	0.32775	0.03792	0.01525
V589	0.08346	0.28968	0.05096	0.53738	0.03851
V590	0.05025	0.63378	0.0131	0.05437	0.2485
V591	0.44217	0.43323	0.04836	0.05852	0.01771
V592	0.01869	0.19404	0.54669	0.05988	0.1807
V593	0.30804	0.06701	0.0113	0.55173	0.06192
V594	0.00791	0.24143	0.49097	0.19642	0.06326
V595	0.39844	0.11449	0.06057	0.37489	0.05161
V596	0.37533	0.23104	0.17793	0.18195	0.03375
V597	0.01554	0.13068	0.0118	0.12751	0.71448
V598	0.43645	0.08829	0.01143	0.03456	0.42927
V599	0.06371	0.29416	0.09049	0.50258	0.04906
V600	0.20527	0.09707	0.14697	0.42084	0.12985
V601	0.10257	0.08764	0.01108	0.51647	0.28224
V602	0.68885	0.22816	0.01029	0.06269	0.01
V603	0.09518	0.1175	0.02939	0.15391	0.60401
V604	0.0193	0.19027	0.51137	0.1372	0.14186
V605	0.01783	0.0875	0.10084	0.08135	0.71248
V606	0.6445	0.11893	0.00783	0.05403	0.17472
V607	0.115	0.10314	0.02275	0.03246	0.72665
V608	0.57422	0.12469	0.03512	0.13368	0.1323
V609	0.15109	0.22465	0.02032	0.50269	0.10126
V610	0.08417	0.50113	0.01914	0.3769	0.01866
V611	0.2147	0.20469	0.4555	0.05557	0.06954
V612	0.28595	0.15598	0.24487	0.04588	0.26731
V613	0.39634	0.45559	0.04946	0.09118	0.00743
V614	0.40588	0.09989	0.02273	0.1099	0.36159
V615	0.00609	0.09746	0.10434	0.61789	0.17422
V616	0.50142	0.12856	0.12473	0.19575	0.04955
V617	0.177	0.18394	0.35454	0.13091	0.1536
V618	0.57167	0.17342	0.06175	0.05712	0.13604
V619	0.41417	0.13958	0.12805	0.04103	0.27716
V620	0.03431	0.1133	0.26166	0.57517	0.01556
V621	0.11159	0.22399	0.24671	0.0264	0.39132
V622	0.0159	0.21295	0.28225	0.03209	0.4568
V623	0.04908	0.03061	0.01047	0.71122	0.19861
V624	0.69322	0.13133	0.01394	0.07417	0.08734
V625	0.00645	0.0753	0.07715	0.82267	0.01844
V626	0.0599	0.16262	0.40386	0.34119	0.03244
V627	0.07872	0.14301	0.09781	0.04882	0.63163
V628	0.73455	0.15061	0.01534	0.08861	0.01089
V629	0.1114	0.32434	0.48916	0.06094	0.01415
V630	0.00744	0.12881	0.02425	0.04094	0.79856
V631	0.00203	0.0862	0.19972	0.02789	0.68416
V632	0.04912	0.62005	0.02107	0.0902	0.21957
V633	0.03963	0.04795	0.07217	0.53718	0.30306
V634	0.38111	0.4082	0.14953	0.0545	0.00666
V635	0.02679	0.12209	0.14593	0.03775	0.66745
V636	0.15945	0.2036	0.25755	0.24197	0.13743
V637	0.1627	0.13848	0.3086	0.29096	0.09926
V638	0.06488	0.32542	0.02898	0.12361	0.45711
V639	0.48255	0.37136	0.08231	0.04671	0.01707
V640	0.08232	0.15169	0.07147	0.26488	0.42965
V641	0.10122	0.57378	0.03709	0.24478	0.04313
V642	0.56326	0.12531	0.0128	0.2892	0.00942
V643	0.05954	0.75377	0.09165	0.08922	0.00583
V644	0.03769	0.29521	0.0293	0.58759	0.05022
V645	0.17306	0.6165	0.03019	0.17339	0.00686
V646	0.12402	0.39531	0.03892	0.34364	0.09811
V647	0.71543	0.138	0.01483	0.121	0.01075
V648	0.3392	0.12989	0.01212	0.33365	0.18513
V649	0.19664	0.11654	0.06786	0.13521	0.48375
V650	0.01977	0.03352	0.04893	0.88715	0.01063
V651	0.11201	0.15211	0.00685	0.7195	0.00952
V652	0.26561	0.06765	0.03445	0.60655	0.02574
V653	0.25268	0.07408	0.04696	0.57379	0.05249
V654	0.01951	0.07077	0.00537	0.07615	0.82821
V655	0.11974	0.13128	0.23177	0.50171	0.01549
V656	0.07759	0.04311	0.00503	0.1098	0.76447
V657	0.03047	0.34217	0.03768	0.44465	0.14504
V658	0.01852	0.04617	0.0282	0.62595	0.28116
V659	0.01208	0.05044	0.06173	0.80141	0.07435
V660	0.04705	0.22823	0.02652	0.0642	0.63401
V661	0.04065	0.49458	0.02646	0.28211	0.1562
V662	0.02601	0.29834	0.0283	0.02803	0.61933
V663	0.76257	0.15143	0.01613	0.05809	0.01178
V664	0.01609	0.0471	0.09108	0.39747	0.44826
V665	0.02904	0.52746	0.22304	0.15585	0.06461
V666	0.10879	0.75731	0.06325	0.06447	0.00619
V667	0.03352	0.46014	0.26034	0.17207	0.07394
V668	0.53691	0.25577	0.05358	0.11841	0.03532
V669	0.40139	0.27299	0.03446	0.14943	0.14173
V670	0.09008	0.48472	0.05807	0.0808	0.28633
V671	0.58621	0.15761	0.1573	0.08336	0.01552
V672	0.06598	0.08696	0.07377	0.32219	0.45109
V673	0.00308	0.04025	0.00525	0.11407	0.83734
V674	0.29929	0.23305	0.38271	0.03362	0.05134
V675	0.51683	0.10633	0.0405	0.2033	0.13304
V676	0.20583	0.2185	0.38138	0.0299	0.16439
V677	0.03729	0.22959	0.19007	0.46536	0.07769
V678	0.0369	0.2107	0.01957	0.05359	0.67925
V679	0.01168	0.12937	0.33454	0.50907	0.01533
V680	0.11751	0.04479	0.02139	0.35838	0.45793
V681	0.39666	0.10217	0.04071	0.35326	0.10721
V682	0.00638	0.27117	0.68738	0.0305	0.00457
V683	0.06066	0.28213	0.48989	0.0284	0.13892
V684	0.04437	0.03046	0.01147	0.90246	0.01123
V685	0.01326	0.23227	0.59791	0.14258	0.01399
V686	0.28637	0.51948	0.08554	0.07958	0.02903
V687	0.00443	0.15268	0.42187	0.39727	0.02375
V688	0.00584	0.26015	0.67151	0.03858	0.02392
V689	0.38096	0.14752	0.16194	0.15057	0.15901
V690	0.11887	0.73638	0.03412	0.09087	0.01976
V691	0.10624	0.11589	0.04332	0.68908	0.04547
V692	0.05127	0.04216	0.01672	0.78689	0.10296
V693	0.02341	0.47855	0.403	0.07957	0.01547
V694	0.06798	0.14413	0.03791	0.66351	0.08646
V695	0.09255	0.12838	0.11742	0.03963	0.62202
V696	0.10012	0.19874	0.53853	0.03491	0.1277
V697	0.08087	0.15785	0.25015	0.38656	0.12457
V698	0.00901	0.07235	0.13098	0.02833	0.75933
V699	0.02547	0.04127	0.04048	0.67108	0.2217
V700	0.0651	0.6936	0.09697	0.0447	0.09963
V701	0.00747	0.12635	0.01805	0.03223	0.8159
V702	0.01515	0.08664	0.01142	0.72089	0.1659
V703	0.01316	0.03509	0.02415	0.90729	0.02031
V704	0.03313	0.1402	0.29401	0.03804	0.49462
V705	0.72884	0.14651	0.00928	0.0701	0.04528
V706	0.11863	0.15235	0.13252	0.50133	0.09516
V707	0.10401	0.11654	0.06216	0.30035	0.41694
V708	0.02835	0.54359	0.37341	0.04991	0.00474
V709	0.00258	0.04439	0.02952	0.02359	0.89993
V710	0.09812	0.15073	0.35336	0.02361	0.37418
V711	0.03943	0.03637	0.02261	0.04022	0.86138
V712	0.05254	0.19355	0.50182	0.22913	0.02295
V713	0.23448	0.41024	0.29029	0.0594	0.0056
V714	0.03309	0.03626	0.00527	0.02489	0.9005
V715	0.01356	0.33564	0.48026	0.15583	0.01472
V716	0.61036	0.22426	0.0207	0.10922	0.03545
V717	0.31472	0.18838	0.10783	0.05794	0.33113
V718	0.52111	0.16352	0.21105	0.04589	0.05843
V719	0.33108	0.23359	0.09813	0.1745	0.1627
V720	0.0866	0.07766	0.07145	0.05475	0.70954
V721	0.01659	0.04352	0.04098	0.03934	0.85958
V722	0.01856	0.16628	0.05269	0.56474	0.19772
V723	0.08796	0.18024	0.09667	0.59925	0.03587
V724	0.12732	0.51611	0.05196	0.28663	0.01796
V725	0.01773	0.03629	0.01121	0.0247	0.91006
V726	0.20442	0.39	0.06166	0.11103	0.2329
V727	0.0138	0.25786	0.66641	0.03825	0.02368
V728	0.5987	0.1526	0.10488	0.12784	0.01598
V729	0.48166	0.15884	0.0308	0.31191	0.01678
V730	0.09299	0.12726	0.28697	0.42235	0.07044
V731	0.00542	0.04177	0.04953	0.8925	0.01079
V732	0.01332	0.02176	0.01195	0.94093	0.01204
V733	0.03141	0.26511	0.65055	0.02928	0.02366
V734	0.39925	0.21072	0.27689	0.0898	0.02334
V735	0.05428	0.1614	0.17432	0.04833	0.56167
V736	0.00356	0.05409	0.01146	0.02443	0.90646
V737	0.75986	0.15476	0.01608	0.05767	0.01164
V738	0.01827	0.30959	0.02181	0.0383	0.61203
V739	0.01407	0.03012	0.00592	0.93787	0.01203
V740	0.15863	0.1121	0.08679	0.04078	0.6017
V741	0.37778	0.08594	0.01143	0.36891	0.15594
V742	0.05886	0.15608	0.39665	0.20471	0.18369
V743	0.0176	0.07051	0.05977	0.11934	0.73277
V744	0.1461	0.11027	0.13352	0.55726	0.05285
V745	0.12296	0.05966	0.04116	0.75854	0.01768
V746	0.35966	0.47013	0.04978	0.05679	0.06364
V747	0.03103	0.2594	0.63803	0.03812	0.03341
V748	0.13195	0.21722	0.23443	0.09261	0.32378
V749	0.14213	0.12163	0.0993	0.48012	0.15682
V750	0.62904	0.23381	0.01532	0.11269	0.00914
V751	0.03611	0.40684	0.47807	0.06422	0.01477
V752	0.0132	0.10148	0.02368	0.03149	0.83015
V753	0.42307	0.16592	0.1952	0.06813	0.14768
V754	0.09563	0.22423	0.01394	0.6479	0.01831
V755	0.26136	0.61369	0.05656	0.04977	0.01863
V756	0.01259	0.09046	0.02332	0.07558	0.79805
V757	0.12946	0.05738	0.07954	0.7166	0.01702
V758	0.05716	0.29619	0.00869	0.61911	0.01886
V759	0.06232	0.07248	0.07761	0.02141	0.76617
V760	0.05602	0.09065	0.15988	0.26724	0.42621
V761	0.0581	0.34994	0.536	0.04172	0.01425
V762	0.01072	0.08082	0.12983	0.41074	0.3679
V763	0.01865	0.18019	0.01268	0.02516	0.76331
V764	0.0853	0.08197	0.06872	0.7379	0.02612
V765	0.13828	0.19778	0.47349	0.08088	0.10958
V766	0.06888	0.4047	0.23637	0.09614	0.19391
V767	0.25387	0.38388	0.06944	0.1009	0.19191
V768	0.06832	0.71556	0.07031	0.12672	0.01909
V769	0.58352	0.15927	0.15003	0.04843	0.05876
V770	0.23787	0.16858	0.36909	0.21028	0.01418
V771	0.06852	0.5735	0.02012	0.17687	0.161
V772	0.04801	0.26004	0.64837	0.03908	0.00451
V773	0.01733	0.03116	0.00501	0.17544	0.77106
V774	0.12393	0.15662	0.38923	0.02491	0.30532
V775	0.69467	0.13485	0.02565	0.11794	0.0269
V776	0.32734	0.38535	0.15796	0.08109	0.04826
V777	0.19132	0.34233	0.22409	0.17364	0.06863
V778	0.4087	0.11223	0.01732	0.26493	0.19681
V779	0.06671	0.42435	0.42854	0.05486	0.02554
V780	0.02241	0.25931	0.67456	0.0392	0.00451
V781	0.14943	0.26254	0.15487	0.02911	0.40405
V782	0.18256	0.18918	0.02508	0.03738	0.56581
V783	0.0033	0.16301	0.45815	0.0478	0.32774
V784	0.02887	0.45255	0.01044	0.38077	0.12737
V785	0.57683	0.1833	0.008	0.16051	0.07137
V786	0.12914	0.1536	0.01871	0.6619	0.03666
V787	0.13174	0.45324	0.01057	0.30314	0.10131
V788	0.34495	0.35616	0.07476	0.03969	0.18443
V789	0.0077	0.10776	0.01146	0.43282	0.44027
V790	0.22659	0.19739	0.05911	0.15757	0.35934
V791	0.14243	0.17957	0.06603	0.23905	0.37292
V792	0.73576	0.15546	0.02704	0.05387	0.02788
V793	0.27333	0.22863	0.05359	0.14158	0.30287
V794	0.00949	0.05958	0.07899	0.18261	0.66933
V795	0.15219	0.7173	0.03359	0.0638	0.03311
V796	0.26344	0.34415	0.10835	0.2359	0.04817
V797	0.0989	0.03846	0.00511	0.04062	0.81691
V798	0.12009	0.37426	0.01601	0.14271	0.34694
V799	0.02449	0.12103	0.044	0.74416	0.06632
V800	0.01699	0.03919	0.01649	0.12907	0.79825
V801	0.28026	0.08932	0.10074	0.48726	0.04243
V802	0.02357	0.14021	0.01821	0.03254	0.78546
V803	0.22437	0.06925	0.0113	0.65982	0.03526
V804	0.15799	0.17513	0.16537	0.43742	0.06409
V805	0.12	0.20678	0.34123	0.21668	0.11531
V806	0.36179	0.12304	0.15638	0.09879	0.25999
V807	0.55073	0.11767	0.05829	0.09584	0.17747
V808	0.64167	0.13544	0.04782	0.0523	0.12277
V809	0.19796	0.48184	0.03367	0.08422	0.20232
V810	0.01898	0.06401	0.0347	0.47892	0.40338
V811	0.03484	0.0866	0.02285	0.12195	0.73376
V812	0.03088	0.55037	0.20668	0.15888	0.05319
V813	0.02392	0.1948	0.17717	0.02286	0.58125
V814	0.19061	0.43471	0.07283	0.26223	0.03962
V815	0.24373	0.56257	0.04533	0.13026	0.01811
V816	0.02322	0.35295	0.01629	0.55564	0.0519
V817	0.61903	0.1694	0.12559	0.07798	0.008
V818	0.03209	0.21699	0.28538	0.05977	0.40577
V819	0.72892	0.15134	0.02111	0.08797	0.01066
V820	0.06084	0.27212	0.11288	0.50605	0.04811
V821	0.00281	0.034	0.00555	0.02607	0.93157
V822	0.13912	0.04977	0.01691	0.78419	0.01
V823	0.03353	0.1201	0.17258	0.02099	0.6528
V824	0.04837	0.05611	0.02269	0.02313	0.8497
V825	0.11928	0.18312	0.46477	0.22726	0.00557
V826	0.03878	0.2519	0.64745	0.05734	0.00454
V827	0.2714	0.14181	0.00681	0.45557	0.12442
V828	0.18509	0.15089	0.09103	0.08966	0.48333
V829	0.06843	0.14083	0.23943	0.20504	0.34628
V830	0.11917	0.19823	0.50141	0.05237	0.12882
V831	0.03613	0.5851	0.06362	0.27172	0.04344
V832	0.15249	0.05616	0.05762	0.25996	0.47378
V833	0.21194	0.64496	0.02266	0.04936	0.07108
V834	0.60196	0.19985	0.03832	0.07869	0.08119
V835	0.2087	0.23778	0.0849	0.35755	0.11106
V836	0.29644	0.19932	0.33545	0.15457	0.01422
V837	0.04324	0.68746	0.03177	0.10899	0.12853
V838	0.00474	0.03588	0.06202	0.87785	0.01951
V839	0.02453	0.06364	0.05926	0.02151	0.83106
V840	0.71685	0.14674	0.03217	0.08562	0.01862
V841	0.17997	0.22741	0.53978	0.03949	0.01336
V842	0.401	0.14896	0.16761	0.25862	0.02381
V843	0.34425	0.10638	0.12089	0.10755	0.32093
V844	0.01848	0.30845	0.58038	0.05848	0.03421
V845	0.0183	0.02576	0.00497	0.62879	0.32217
V846	0.07893	0.07867	0.07864	0.08114	0.68262
V847	0.15137	0.05796	0.04489	0.14571	0.60008
V848	0.56748	0.12577	0.01241	0.14329	0.15105
V849	0.11221	0.22026	0.52229	0.03596	0.10928
V850	0.1604	0.12343	0.22738	0.18309	0.3057
V851	0.75625	0.14721	0.01011	0.06599	0.02045
V852	0.17661	0.09664	0.06699	0.20022	0.45954
V853	0.03167	0.23066	0.45893	0.18439	0.09435
V854	0.03959	0.28976	0.22106	0.11811	0.33147
V855	0.0911	0.28501	0.08934	0.41853	0.11602
V856	0.1359	0.28929	0.05609	0.03017	0.48854
V857	0.05775	0.08713	0.13219	0.4522	0.27074
V858	0.02223	0.27116	0.17114	0.27715	0.25832
V859	0.09835	0.04567	0.02263	0.78806	0.04528
V860	0.03139	0.11486	0.05732	0.7212	0.07523
V861	0.10658	0.07511	0.10101	0.70065	0.01666
V862	0.04664	0.03956	0.02196	0.1094	0.78243
V863	0.05187	0.79845	0.03578	0.06494	0.04896
V864	0.03754	0.23448	0.61917	0.10408	0.00473
V865	0.0681	0.17267	0.45492	0.29848	0.00583
V866	0.02885	0.1921	0.464	0.28227	0.03278
V867	0.43689	0.10242	0.01166	0.03489	0.41413
V868	0.19388	0.26924	0.32956	0.17338	0.03395
V869	0.00952	0.03371	0.02322	0.03246	0.90109
V870	0.21242	0.161	0.0721	0.30476	0.24972
V871	0.0251	0.07713	0.07961	0.10974	0.70842
V872	0.28912	0.08528	0.01727	0.5458	0.06254
V873	0.04888	0.24917	0.13599	0.47558	0.09038
V874	0.06441	0.06315	0.01083	0.03181	0.82979
V875	0.0088	0.1241	0.02433	0.55142	0.29136
V876	0.36415	0.12069	0.05351	0.04774	0.4139
V877	0.23522	0.51035	0.05135	0.17391	0.02917
V878	0.03297	0.52934	0.05265	0.35456	0.03048
V879	0.71238	0.16108	0.02096	0.08679	0.01879
V880	0.05936	0.07756	0.02858	0.45693	0.37758
V881	0.00968	0.14163	0.38618	0.02143	0.44108
V882	0.04029	0.32347	0.02307	0.60463	0.00853
V883	0.41685	0.18152	0.0191	0.24923	0.1333
V884	0.00257	0.02913	0.00553	0.03532	0.92744
V885	0.13059	0.15777	0.30011	0.14661	0.26493
V886	0.00207	0.03027	0.02842	0.22914	0.7101
V887	0.10885	0.75348	0.02509	0.0508	0.06177
V888	0.04605	0.09193	0.04918	0.73864	0.07421
V889	0.13633	0.68573	0.05975	0.08622	0.03197
V890	0.02543	0.06037	0.10712	0.67716	0.12991
V891	0.007	0.27607	0.66299	0.04944	0.0045
V892	0.50656	0.24119	0.02683	0.04975	0.17566
V893	0.1243	0.25698	0.40648	0.12742	0.08483
V894	0.09268	0.38625	0.05471	0.39227	0.07409
V895	0.52805	0.16773	0.21719	0.0722	0.01484
V896	0.17261	0.22042	0.20002	0.3913	0.01565
V897	0.00406	0.02758	0.03548	0.79227	0.14061
V898	0.28882	0.06966	0.01634	0.05247	0.57272
V899	0.50603	0.30913	0.08479	0.04392	0.05613
V900	0.2129	0.24606	0.23499	0.27143	0.03461
