mature.neutrophil	CD14.pos.CD16.neg.classical.monocyte	macrophage	memory.CD4.pos.AB.T.cell	cytotoxic.CD56.dim.NK.cell
V1	0.25936	0.19204	0.2742	0.17906	0.09535
V2	0.05861	0.59532	0.16243	0.11813	0.06551
V3	0.06512	0.11824	0.40306	0.38014	0.03343
V4	0.01801	0.17168	0.25208	0.13575	0.42247
V5	0.02597	0.16028	0.0996	0.18181	0.53235
V6	0.26432	0.12441	0.28188	0.24656	0.08283
V7	0.01336	0.17896	0.40228	0.13944	0.26596
V8	0.01999	0.1598	0.70703	0.11216	0.00102
V9	0.06302	0.08971	0.26706	0.53418	0.04602
V10	0.3542	0.14099	0.42876	0.0575	0.01855
V11	0.03963	0.1742	0.13924	0.15097	0.49596
V12	0.07643	0.13189	0.23571	0.32031	0.23565
V13	0.11939	0.1353	0.08576	0.41443	0.24513
V14	0.14267	0.07869	0.11604	0.56122	0.10138
V15	0.04807	0.07267	0.05749	0.74032	0.08144
V16	0.43606	0.1229	0.07821	0.31946	0.04337
V17	0.06571	0.30547	0.07917	0.14236	0.40729
V18	0.07964	0.35457	0.29876	0.23115	0.03588
V19	0.03837	0.16418	0.04796	0.19542	0.55407
V20	0.01349	0.13606	0.60731	0.22814	0.015
V21	0.02619	0.29673	0.18335	0.21686	0.27689
V22	0.61047	0.14676	0.13236	0.07188	0.03853
V23	0.07705	0.16109	0.06741	0.20801	0.48643
V24	0.36821	0.19569	0.08203	0.12164	0.23242
V25	0.03715	0.13287	0.06232	0.42622	0.34144
V26	0.3752	0.23879	0.12597	0.11064	0.14939
V27	0.1081	0.43146	0.25034	0.0801	0.13
V28	0.0417	0.13117	0.22608	0.53648	0.06458
V29	0.0216	0.09158	0.32168	0.51703	0.04811
V30	0.55663	0.16472	0.09712	0.0957	0.08583
V31	0.33585	0.18664	0.07715	0.261	0.13936
V32	0.68639	0.09302	0.07998	0.08359	0.05702
V33	0.03076	0.273	0.07503	0.19068	0.43053
V34	0.11159	0.63294	0.1295	0.08019	0.04579
V35	0.08672	0.48115	0.31782	0.0876	0.0267
V36	0.03108	0.25857	0.20853	0.16278	0.33904
V37	0.57538	0.10597	0.06187	0.0949	0.16188
V38	0.10374	0.14532	0.43285	0.22283	0.09527
V39	0.26141	0.15747	0.33038	0.08424	0.16649
V40	0.19187	0.47447	0.11829	0.15534	0.06003
V41	0.0554	0.6447	0.13326	0.07933	0.08731
V42	0.64399	0.11807	0.0905	0.08442	0.06302
V43	0.36385	0.18859	0.34858	0.08207	0.01691
V44	0.03625	0.30761	0.51815	0.0676	0.07039
V45	0.04433	0.51718	0.18835	0.18505	0.06508
V46	0.10529	0.57644	0.17562	0.09435	0.04829
V47	0.01275	0.16746	0.75806	0.0582	0.00352
V48	0.14073	0.1846	0.24502	0.32454	0.10512
V49	0.35362	0.18811	0.25597	0.17434	0.02796
V50	0.02791	0.17501	0.74096	0.05613	0
V51	0.09219	0.30093	0.24036	0.13353	0.23299
V52	0.06066	0.67412	0.1349	0.08191	0.04841
V53	0.04721	0.17047	0.07396	0.63889	0.06947
V54	0.18726	0.08394	0.06276	0.50666	0.15938
V55	0.08605	0.06005	0.05539	0.72416	0.07435
V56	0.082	0.06429	0.05769	0.66596	0.13005
V57	0.128	0.21289	0.50224	0.08532	0.07156
V58	0.07002	0.13389	0.16733	0.2582	0.37056
V59	0.63279	0.10918	0.14759	0.08152	0.02893
V60	0.3325	0.22806	0.17781	0.17121	0.09043
V61	0.17059	0.13143	0.07396	0.27554	0.34848
V62	0.05675	0.16068	0.30358	0.19411	0.28487
V63	0.31934	0.27613	0.12958	0.10766	0.16729
V64	0.68587	0.10284	0.09498	0.08027	0.03605
V65	0.08788	0.13118	0.09145	0.55253	0.13695
V66	0.04461	0.07461	0.16578	0.64963	0.06537
V67	0.01458	0.16467	0.33504	0.16506	0.32065
V68	0.35129	0.12527	0.37481	0.09421	0.05441
V69	0.44549	0.18018	0.23689	0.084	0.05344
V70	0.06466	0.53665	0.14737	0.19661	0.05472
V71	0.0913	0.58532	0.15535	0.1212	0.04684
V72	0.04397	0.39723	0.10103	0.12226	0.33552
V73	0.06537	0.09352	0.13827	0.52718	0.17566
V74	0.03687	0.10485	0.06453	0.68129	0.11246
V75	0.3587	0.22257	0.324	0.07167	0.02307
V76	0.03734	0.06526	0.06923	0.72386	0.10431
V77	0.02694	0.15874	0.72829	0.08603	0
V78	0.01283	0.17069	0.74912	0.0637	0.00366
V79	0.07651	0.37421	0.1158	0.20088	0.23259
V80	0.11506	0.56317	0.11362	0.11746	0.0907
V81	0.02001	0.16669	0.7565	0.0568	0
V82	0.1995	0.17261	0.09382	0.47491	0.05915
V83	0.09631	0.13899	0.07504	0.50535	0.18431
V84	0.08995	0.25538	0.06474	0.14913	0.4408
V85	0.01296	0.16665	0.75693	0.06346	0
V86	0.03411	0.24986	0.31868	0.35634	0.04102
V87	0.35858	0.08282	0.09798	0.40527	0.05535
V88	0.25277	0.20957	0.11219	0.23836	0.18711
V89	0.04497	0.202	0.66529	0.08612	0.00162
V90	0.0278	0.26224	0.11193	0.18631	0.41172
V91	0.03371	0.06699	0.12182	0.70906	0.06842
V92	0.20572	0.16582	0.07732	0.1477	0.40344
V93	0.02421	0.1506	0.19423	0.47678	0.15419
V94	0.0463	0.23553	0.07944	0.29265	0.34608
V95	0.0644	0.28669	0.08481	0.18693	0.37718
V96	0.59675	0.1059	0.08933	0.10059	0.10743
V97	0.14434	0.15916	0.09067	0.1985	0.40733
V98	0.05339	0.35488	0.23346	0.18065	0.17762
V99	0.3982	0.1731	0.07163	0.25069	0.10638
V100	0.4145	0.20873	0.11609	0.12193	0.13875
V101	0.06704	0.66493	0.14042	0.08064	0.04697
V102	0.25006	0.26073	0.18843	0.16258	0.1382
V103	0.12023	0.14833	0.05195	0.15866	0.52083
V104	0.04968	0.39716	0.15623	0.11672	0.28021
V105	0.02703	0.16464	0.08486	0.18966	0.53381
V106	0.05459	0.57591	0.2411	0.07539	0.05301
V107	0.04972	0.25928	0.58565	0.09458	0.01077
V108	0.0257	0.24597	0.66754	0.05742	0.00337
V109	0.0623	0.25294	0.11497	0.31188	0.25791
V110	0.15034	0.40581	0.24922	0.15512	0.03951
V111	0.22576	0.25508	0.44724	0.06257	0.00935
V112	0.1577	0.09054	0.14432	0.44612	0.16133
V113	0.2024	0.12979	0.14346	0.2205	0.30386
V114	0.43708	0.14161	0.10937	0.21301	0.09893
V115	0.65133	0.09357	0.07421	0.09082	0.09007
V116	0.03126	0.16425	0.04952	0.17418	0.58079
V117	0.04938	0.15373	0.66307	0.11941	0.01441
V118	0.06261	0.06102	0.05536	0.73545	0.08556
V119	0.2554	0.11866	0.36482	0.24137	0.01975
V120	0.01887	0.14879	0.6699	0.14144	0.021
V121	0.17006	0.55375	0.11515	0.08289	0.07815
V122	0.04072	0.35385	0.15454	0.27137	0.17952
V123	0.38263	0.12573	0.12638	0.22964	0.13562
V124	0.1811	0.18684	0.11412	0.26938	0.24856
V125	0.04448	0.38809	0.48191	0.06604	0.01947
V126	0.13303	0.2415	0.24958	0.17638	0.19951
V127	0.21652	0.13367	0.5465	0.0971	0.00622
V128	0.17762	0.57161	0.1276	0.07253	0.05063
V129	0.21483	0.14287	0.27681	0.21436	0.15113
V130	0.03869	0.42171	0.12629	0.26403	0.14928
V131	0.03334	0.08495	0.24414	0.58602	0.05155
V132	0.29057	0.10735	0.05099	0.35506	0.19603
V133	0.01205	0.17967	0.49867	0.14547	0.16414
V134	0.06461	0.16397	0.64633	0.0803	0.04479
V135	0.02851	0.20595	0.61765	0.0847	0.06319
V136	0.69994	0.09356	0.08379	0.08412	0.03859
V137	0.66015	0.10968	0.07974	0.10168	0.04875
V138	0.20792	0.21169	0.13261	0.20122	0.24656
V139	0.11514	0.07388	0.18634	0.56762	0.05703
V140	0.03686	0.15737	0.18513	0.14598	0.47466
V141	0.02694	0.25632	0.5678	0.13467	0.01428
V142	0.17586	0.12941	0.32354	0.18582	0.18537
V143	0.02554	0.24569	0.45152	0.18126	0.09599
V144	0.38857	0.22959	0.13558	0.16839	0.07787
V145	0.01234	0.16908	0.74042	0.06998	0.00819
V146	0.04396	0.32392	0.08146	0.33893	0.21173
V147	0.08389	0.17374	0.57797	0.14107	0.02332
V148	0.13978	0.58329	0.12751	0.09727	0.05215
V149	0.0401	0.06379	0.05611	0.73775	0.10225
V150	0.12061	0.24837	0.52283	0.06192	0.04627
V151	0.34604	0.08817	0.06742	0.38781	0.11057
V152	0.03597	0.07171	0.14877	0.64146	0.10209
V153	0.1411	0.23737	0.43068	0.10788	0.08297
V154	0.10915	0.49093	0.11971	0.11079	0.16942
V155	0.0523	0.07487	0.16538	0.64296	0.06449
V156	0.08842	0.15354	0.37771	0.19987	0.18046
V157	0.08741	0.15039	0.19666	0.31011	0.25543
V158	0.16269	0.14028	0.41268	0.11734	0.16702
V159	0.11022	0.21133	0.08304	0.51582	0.07958
V160	0.35881	0.21361	0.15087	0.11818	0.15854
V161	0.1865	0.15906	0.10618	0.13481	0.41345
V162	0.01347	0.17275	0.75585	0.05793	0
V163	0.06136	0.15635	0.0602	0.18323	0.53886
V164	0.67037	0.12162	0.09062	0.08475	0.03264
V165	0.45785	0.22592	0.15138	0.11121	0.05364
V166	0.06152	0.08907	0.25033	0.50829	0.09079
V167	0.04487	0.51321	0.1173	0.18848	0.13613
V168	0.01347	0.17275	0.75585	0.05793	0
V169	0.05915	0.52294	0.24222	0.13174	0.04395
V170	0.20425	0.33376	0.13216	0.22716	0.10267
V171	0.24325	0.16001	0.34865	0.20096	0.04712
V172	0.15707	0.27817	0.13124	0.12789	0.30564
V173	0.17974	0.1591	0.13868	0.38597	0.13651
V174	0.17523	0.12089	0.33961	0.23183	0.13244
V175	0.07452	0.22242	0.16459	0.24297	0.29549
V176	0.30083	0.07459	0.06348	0.50487	0.05624
V177	0.15869	0.14156	0.49201	0.19237	0.01537
V178	0.22136	0.14745	0.41756	0.15504	0.05859
V179	0.09563	0.1621	0.05319	0.15995	0.52912
V180	0.03058	0.17067	0.34279	0.11838	0.33758
V181	0.06729	0.31826	0.06683	0.16673	0.38089
V182	0.4316	0.22621	0.08337	0.19831	0.06052
V183	0.07466	0.66479	0.13326	0.07556	0.05173
V184	0.25259	0.10399	0.29539	0.30629	0.04174
V185	0.09715	0.41377	0.1086	0.2037	0.17679
V186	0.1233	0.23009	0.08887	0.29607	0.26167
V187	0.08233	0.51468	0.10937	0.23877	0.05485
V188	0.61728	0.10572	0.10108	0.14094	0.03497
V189	0.35488	0.22784	0.10973	0.26267	0.04488
V190	0.32711	0.16489	0.24326	0.09792	0.16682
V191	0.18617	0.22259	0.07432	0.39981	0.11712
V192	0.2579	0.21787	0.17665	0.24058	0.107
V193	0.06569	0.25783	0.48072	0.10333	0.09243
V194	0.22213	0.16083	0.13226	0.18958	0.2952
V195	0.42816	0.20811	0.26935	0.07267	0.02171
V196	0.02594	0.15469	0.0991	0.18271	0.53755
V197	0.07337	0.64623	0.12935	0.09952	0.05153
V198	0.19422	0.25042	0.10153	0.25098	0.20284
V199	0.56565	0.10844	0.24549	0.06375	0.01666
V200	0.58034	0.0971	0.09312	0.10304	0.12639
V201	0.05521	0.07342	0.07059	0.62992	0.17085
V202	0.66924	0.12657	0.07918	0.08656	0.03845
V203	0.41276	0.25467	0.10333	0.12318	0.10607
V204	0.28392	0.1819	0.0899	0.119	0.32528
V205	0.10639	0.16593	0.15407	0.1802	0.39341
V206	0.06146	0.12726	0.06027	0.66023	0.09078
V207	0.04807	0.07267	0.05749	0.74032	0.08144
V208	0.13288	0.25439	0.44645	0.10367	0.06261
V209	0.14172	0.16072	0.1372	0.15368	0.40668
V210	0.01256	0.166	0.75413	0.06382	0.00348
V211	0.13787	0.16212	0.22676	0.13852	0.33473
V212	0.06398	0.57764	0.18112	0.10538	0.07187
V213	0.09903	0.1213	0.10277	0.31748	0.35941
V214	0.03327	0.44556	0.41081	0.07566	0.03469
V215	0.20722	0.25868	0.18684	0.15338	0.19387
V216	0.05615	0.17575	0.32858	0.13883	0.30068
V217	0.03563	0.06253	0.07491	0.70874	0.11818
V218	0.07182	0.21931	0.29923	0.32631	0.08332
V219	0.11298	0.26732	0.38012	0.21256	0.02701
V220	0.16724	0.54983	0.16599	0.07486	0.04208
V221	0.0452	0.19057	0.45987	0.09848	0.20588
V222	0.03778	0.16157	0.05511	0.17678	0.56875
V223	0.39359	0.1104	0.31146	0.15914	0.02542
V224	0.04835	0.46722	0.11466	0.16099	0.20879
V225	0.52697	0.19616	0.18364	0.0661	0.02712
V226	0.36703	0.41425	0.10446	0.07248	0.04178
V227	0.09532	0.23667	0.07915	0.50825	0.0806
V228	0.4346	0.12212	0.28159	0.12353	0.03816
V229	0.21735	0.34275	0.29992	0.10034	0.03964
V230	0.03785	0.15607	0.05484	0.17793	0.5733
V231	0.06676	0.47661	0.15166	0.21262	0.09235
V232	0.58693	0.10534	0.21829	0.07062	0.01882
V233	0.06191	0.16237	0.17826	0.19652	0.40094
V234	0.03136	0.32367	0.2575	0.33261	0.05486
V235	0.69169	0.09608	0.07729	0.09934	0.03561
V236	0.0755	0.13766	0.54279	0.20629	0.03776
V237	0.1118	0.16052	0.2742	0.31824	0.13524
V238	0.02942	0.13231	0.05347	0.34767	0.43713
V239	0.06793	0.3693	0.124	0.23217	0.20661
V240	0.07056	0.63071	0.13175	0.08965	0.07733
V241	0.06037	0.67607	0.13479	0.07618	0.05259
V242	0.04251	0.29797	0.3166	0.27676	0.06616
V243	0.36631	0.12454	0.32227	0.09563	0.09125
V244	0.03732	0.37778	0.24419	0.1538	0.18691
V245	0.05745	0.65361	0.15181	0.09152	0.04561
V246	0.46545	0.26086	0.10779	0.08221	0.0837
V247	0.15774	0.18794	0.53079	0.10105	0.02247
V248	0.09263	0.50096	0.1205	0.10061	0.18529
V249	0.20958	0.16915	0.23018	0.17217	0.21891
V250	0.02615	0.17226	0.56318	0.10449	0.13392
V251	0.18484	0.09256	0.13318	0.50848	0.08095
V252	0.0309	0.20325	0.49356	0.1853	0.08699
V253	0.24262	0.43888	0.17202	0.10416	0.04232
V254	0.40388	0.32015	0.0908	0.13861	0.04656
V255	0.60614	0.144	0.07257	0.0982	0.0791
V256	0.04962	0.59336	0.1287	0.09278	0.13555
V257	0.34428	0.28399	0.20047	0.10076	0.0705
V258	0.14434	0.2755	0.12099	0.40366	0.05552
V259	0.40366	0.26488	0.22719	0.06963	0.03464
V260	0.2207	0.15181	0.14633	0.1768	0.30437
V261	0.02931	0.13723	0.45572	0.28782	0.08992
V262	0.65827	0.10722	0.11704	0.08542	0.03205
V263	0.5856	0.13544	0.08554	0.15935	0.03407
V264	0.07279	0.64034	0.1358	0.10469	0.04638
V265	0.59938	0.14544	0.13841	0.08655	0.03022
V266	0.03201	0.15519	0.12173	0.17116	0.51991
V267	0.06144	0.14311	0.05173	0.25988	0.48385
V268	0.16732	0.35575	0.20469	0.20925	0.06298
V269	0.08211	0.30117	0.36189	0.21117	0.04366
V270	0.06711	0.06219	0.08338	0.71643	0.07089
V271	0.19287	0.53587	0.12101	0.09126	0.05898
V272	0.10037	0.60539	0.14286	0.08619	0.06519
V273	0.23487	0.11077	0.20154	0.32743	0.12539
V274	0.09303	0.15756	0.08345	0.27768	0.38828
V275	0.05176	0.52865	0.23551	0.13894	0.04513
V276	0.02075	0.13977	0.58322	0.23121	0.02505
V277	0.28077	0.13245	0.50516	0.06241	0.01921
V278	0.01826	0.13114	0.32759	0.41497	0.10805
V279	0.13803	0.06848	0.06582	0.63297	0.0947
V280	0.1701	0.09005	0.0875	0.54001	0.11234
V281	0.04462	0.20973	0.10673	0.57159	0.06733
V282	0.06748	0.67048	0.13403	0.07588	0.05213
V283	0.29737	0.13231	0.15201	0.13023	0.28807
V284	0.03038	0.22717	0.48617	0.08544	0.17084
V285	0.39861	0.36655	0.09801	0.0956	0.04123
V286	0.07246	0.16252	0.67629	0.08558	0.00315
V287	0.20211	0.14746	0.19823	0.30444	0.14776
V288	0.16379	0.14973	0.53773	0.07277	0.07598
V289	0.14309	0.2101	0.0912	0.49339	0.06223
V290	0.33515	0.3673	0.20612	0.06449	0.02694
V291	0.32302	0.20362	0.07874	0.34232	0.05229
V292	0.10488	0.16512	0.3848	0.12244	0.22277
V293	0.01508	0.20946	0.66833	0.09508	0.01205
V294	0.0302	0.16406	0.05627	0.17221	0.57726
V295	0.02721	0.11805	0.31815	0.4523	0.0843
V296	0.62525	0.15734	0.07829	0.08956	0.04955
V297	0.02678	0.15074	0.63943	0.15579	0.02726
V298	0.2459	0.07811	0.05804	0.49773	0.12022
V299	0.22749	0.06029	0.06768	0.58374	0.0608
V300	0.69736	0.09775	0.07883	0.09006	0.03599
V301	0.68798	0.09006	0.08086	0.1031	0.03801
V302	0.03015	0.11633	0.05402	0.43649	0.36301
V303	0.09824	0.23172	0.24085	0.22851	0.20068
V304	0.15145	0.16249	0.61275	0.06138	0.01193
V305	0.17623	0.31128	0.1555	0.17386	0.18313
V306	0.26728	0.48853	0.11095	0.0846	0.04863
V307	0.19422	0.09584	0.27268	0.40172	0.03553
V308	0.1857	0.13917	0.55105	0.11666	0.00741
V309	0.48813	0.13652	0.10975	0.17108	0.09451
V310	0.0453	0.16305	0.0541	0.22224	0.51531
V311	0.0437	0.05695	0.09109	0.73151	0.07675
V312	0.08146	0.29508	0.27936	0.10047	0.24362
V313	0.06726	0.29223	0.0842	0.34013	0.21618
V314	0.08694	0.11888	0.05229	0.40875	0.33314
V315	0.68968	0.09306	0.08667	0.08215	0.04844
V316	0.09988	0.44466	0.29916	0.09334	0.06296
V317	0.29388	0.17298	0.4515	0.06285	0.01879
V318	0.66807	0.09369	0.07664	0.08454	0.07706
V319	0.08881	0.17956	0.66582	0.06581	0
V320	0.09245	0.05504	0.06085	0.71449	0.07717
V321	0.11717	0.30221	0.32265	0.21703	0.04095
V322	0.01947	0.28728	0.51913	0.10632	0.0678
V323	0.19936	0.24948	0.4112	0.08272	0.05724
V324	0.05825	0.08974	0.09286	0.68579	0.07336
V325	0.47016	0.15989	0.14167	0.16377	0.06451
V326	0.05766	0.15146	0.09734	0.23845	0.45509
V327	0.26561	0.394	0.18628	0.08843	0.06568
V328	0.05538	0.2625	0.21099	0.41485	0.05628
V329	0.02043	0.13056	0.3655	0.44215	0.04136
V330	0.07187	0.16713	0.67888	0.05807	0.02404
V331	0.12451	0.15604	0.12896	0.19528	0.39521
V332	0.35036	0.1509	0.41007	0.06421	0.02447
V333	0.31257	0.12652	0.30316	0.19106	0.06669
V334	0.04466	0.29105	0.50277	0.12582	0.0357
V335	0.53354	0.13576	0.13839	0.10539	0.08691
V336	0.14033	0.45096	0.31295	0.06297	0.0328
V337	0.02832	0.14664	0.06128	0.26378	0.49998
V338	0.52891	0.11819	0.19181	0.08878	0.07231
V339	0.17495	0.43264	0.25057	0.06968	0.07215
V340	0.0412	0.25242	0.15815	0.16482	0.3834
V341	0.02961	0.41068	0.438	0.07137	0.05033
V342	0.22942	0.20127	0.41085	0.1449	0.01356
V343	0.50673	0.11257	0.29596	0.07148	0.01325
V344	0.09708	0.57052	0.15015	0.09541	0.08684
V345	0.19	0.14201	0.05626	0.32819	0.28354
V346	0.04225	0.28945	0.33092	0.28634	0.05104
V347	0.08305	0.40446	0.11402	0.32326	0.0752
V348	0.02491	0.20634	0.41685	0.25454	0.09736
V349	0.0608	0.30947	0.48947	0.07826	0.062
V350	0.10137	0.35631	0.1566	0.26378	0.12194
V351	0.14733	0.12752	0.39489	0.29817	0.03209
V352	0.09693	0.43267	0.37818	0.06727	0.02495
V353	0.21273	0.32412	0.1105	0.13256	0.22008
V354	0.42008	0.1289	0.3851	0.05772	0.0082
V355	0.0846	0.10644	0.3236	0.4439	0.04145
V356	0.07974	0.16328	0.6662	0.07487	0.01591
V357	0.04427	0.17728	0.46681	0.11095	0.20068
V358	0.05136	0.08203	0.08535	0.70569	0.07556
V359	0.06982	0.13114	0.06898	0.6606	0.06946
V360	0.51995	0.11823	0.14574	0.18689	0.0292
V361	0.27447	0.39622	0.17115	0.07354	0.08463
V362	0.60292	0.10379	0.14997	0.07405	0.06928
V363	0.04508	0.16327	0.05424	0.25286	0.48456
V364	0.05107	0.27202	0.09256	0.4245	0.15985
V365	0.0396	0.06216	0.06341	0.74358	0.09125
V366	0.16626	0.15909	0.50992	0.1134	0.05132
V367	0.1866	0.24444	0.2427	0.20826	0.118
V368	0.54836	0.1524	0.17696	0.07916	0.04313
V369	0.04824	0.49358	0.29867	0.1286	0.03091
V370	0.03328	0.20941	0.16695	0.37205	0.2183
V371	0.06482	0.6519	0.16661	0.07271	0.04395
V372	0.47875	0.13812	0.18905	0.15644	0.03765
V373	0.10752	0.49361	0.21561	0.14347	0.03979
V374	0.09232	0.13101	0.35742	0.38747	0.03179
V375	0.235	0.13446	0.51027	0.1157	0.00457
V376	0.02078	0.15914	0.38987	0.11972	0.31049
V377	0.0837	0.40149	0.26565	0.21115	0.038
V378	0.1182	0.45073	0.24501	0.07671	0.10935
V379	0.03822	0.15485	0.14505	0.19563	0.46625
V380	0.03076	0.13489	0.19932	0.46591	0.16912
V381	0.13824	0.18089	0.05584	0.14946	0.47557
V382	0.3398	0.09014	0.05687	0.32252	0.19067
V383	0.04697	0.0903	0.2753	0.54092	0.04651
V384	0.23426	0.11732	0.19662	0.38379	0.06802
V385	0.08859	0.21533	0.05926	0.15084	0.48598
V386	0.49746	0.0823	0.06861	0.309	0.04263
V387	0.22894	0.08085	0.06181	0.55413	0.07427
V388	0.06149	0.61456	0.15226	0.12272	0.04897
V389	0.11484	0.57871	0.13114	0.10061	0.07471
V390	0.16274	0.073	0.05778	0.58881	0.11767
V391	0.53431	0.1852	0.07478	0.13641	0.06929
V392	0.68259	0.11181	0.08464	0.0869	0.03406
V393	0.09766	0.10785	0.1797	0.47907	0.13572
V394	0.53471	0.09527	0.08659	0.20053	0.08291
V395	0.02029	0.10298	0.35389	0.47898	0.04386
V396	0.40704	0.13535	0.3877	0.05774	0.01216
V397	0.50312	0.1751	0.10496	0.16259	0.05424
V398	0.07255	0.08085	0.19418	0.55532	0.09711
V399	0.0542	0.14777	0.04657	0.33612	0.41534
V400	0.14381	0.41325	0.22797	0.18126	0.03372
V401	0.24722	0.13273	0.53412	0.08403	0.0019
V402	0.28648	0.13972	0.40362	0.11931	0.05087
V403	0.13931	0.18269	0.04988	0.23432	0.3938
V404	0.01697	0.14499	0.43808	0.34914	0.05082
V405	0.27708	0.25213	0.13725	0.24328	0.09026
V406	0.02726	0.17411	0.73441	0.05703	0.0072
V407	0.6441	0.11397	0.10469	0.10714	0.03009
V408	0.04465	0.34907	0.08363	0.29674	0.22591
V409	0.10999	0.07804	0.10848	0.58855	0.11495
V410	0.11036	0.22194	0.32746	0.12794	0.2123
V411	0.0312	0.16311	0.04927	0.17994	0.57647
V412	0.03184	0.24448	0.17299	0.14705	0.40364
V413	0.03528	0.26188	0.19984	0.36091	0.14209
V414	0.05605	0.15789	0.05272	0.46376	0.26958
V415	0.15371	0.14496	0.05197	0.15373	0.49563
V416	0.10379	0.19153	0.0724	0.24088	0.3914
V417	0.01904	0.15121	0.63396	0.15843	0.03736
V418	0.42307	0.33108	0.11211	0.08337	0.05036
V419	0.21432	0.14164	0.06814	0.21775	0.35816
V420	0.20158	0.13521	0.14254	0.1592	0.36147
V421	0.02152	0.16021	0.16207	0.17676	0.47944
V422	0.03812	0.08603	0.09512	0.62757	0.15316
V423	0.23138	0.21512	0.30137	0.21364	0.03848
V424	0.01203	0.16713	0.45415	0.10389	0.2628
V425	0.28027	0.34781	0.08139	0.10165	0.18888
V426	0.20129	0.19365	0.08625	0.42276	0.09605
V427	0.17665	0.48736	0.23655	0.0651	0.03434
V428	0.09215	0.50354	0.17012	0.14775	0.08643
V429	0.11661	0.58065	0.11897	0.12482	0.05895
V430	0.0376	0.14791	0.38567	0.23307	0.19574
V431	0.10455	0.3232	0.24764	0.26084	0.06377
V432	0.24649	0.13555	0.16636	0.33849	0.11311
V433	0.1604	0.12484	0.45518	0.23101	0.02857
V434	0.19462	0.28987	0.37783	0.07746	0.06022
V435	0.40761	0.1407	0.34812	0.08786	0.01571
V436	0.06328	0.48393	0.18803	0.12451	0.14025
V437	0.17091	0.14045	0.07477	0.25532	0.35855
V438	0.11975	0.28384	0.24269	0.28439	0.06933
V439	0.46643	0.07534	0.10499	0.30596	0.04729
V440	0.03157	0.33685	0.51781	0.07484	0.03893
V441	0.04108	0.43696	0.40961	0.08677	0.02559
V442	0.06742	0.66893	0.1413	0.07513	0.04721
V443	0.68363	0.08858	0.08057	0.11326	0.03396
V444	0.13906	0.35118	0.11479	0.32704	0.06793
V445	0.07198	0.33513	0.12105	0.40829	0.06354
V446	0.10835	0.1078	0.14088	0.50845	0.13451
V447	0.07786	0.10518	0.05966	0.46147	0.29583
V448	0.15324	0.14822	0.06656	0.16151	0.47048
V449	0.01347	0.17275	0.75585	0.05793	0
V450	0.17321	0.18064	0.26567	0.1944	0.18608
V451	0.22614	0.21152	0.12405	0.33596	0.10233
V452	0.03444	0.08131	0.18883	0.61351	0.08191
V453	0.03946	0.11424	0.04751	0.47323	0.32556
V454	0.01761	0.16334	0.58957	0.0976	0.13188
V455	0.06298	0.28001	0.30298	0.13084	0.22318
V456	0.68067	0.0957	0.07424	0.09922	0.05018
V457	0.49946	0.21811	0.11102	0.11883	0.05259
V458	0.03228	0.33895	0.484	0.10721	0.03756
V459	0.1276	0.13167	0.10337	0.45894	0.17841
V460	0.4947	0.12666	0.22954	0.11687	0.03223
V461	0.15985	0.31154	0.2816	0.09573	0.15128
V462	0.06291	0.14668	0.0668	0.48761	0.236
V463	0.18887	0.10417	0.07179	0.56968	0.06549
V464	0.13477	0.23777	0.55075	0.0678	0.00891
V465	0.0542	0.21691	0.06667	0.16658	0.49564
V466	0.04617	0.14524	0.04583	0.23351	0.52925
V467	0.06831	0.23898	0.09164	0.49138	0.10969
V468	0.42787	0.28236	0.18034	0.06701	0.04242
V469	0.03202	0.31967	0.12601	0.30942	0.21288
V470	0.61026	0.12187	0.0968	0.13539	0.03568
V471	0.3123	0.2775	0.10356	0.19244	0.1142
V472	0.02758	0.18063	0.08652	0.16257	0.5427
V473	0.03981	0.24404	0.26973	0.31796	0.12845
V474	0.24041	0.16281	0.11998	0.40598	0.07082
V475	0.13317	0.1611	0.51414	0.09602	0.09557
V476	0.14257	0.10002	0.14155	0.52815	0.08771
V477	0.06052	0.67433	0.14207	0.0755	0.04759
V478	0.16239	0.14973	0.05271	0.15137	0.4838
V479	0.61019	0.12294	0.10315	0.12903	0.0347
V480	0.12639	0.49678	0.15627	0.16184	0.05871
V481	0.20369	0.32448	0.13757	0.22229	0.11197
V482	0.10604	0.51989	0.27014	0.06553	0.03839
V483	0.26288	0.41446	0.09699	0.15703	0.06863
V484	0.18573	0.40446	0.19648	0.16991	0.04342
V485	0.48704	0.14129	0.16835	0.16362	0.03971
V486	0.06687	0.20228	0.30688	0.11299	0.31099
V487	0.11725	0.18306	0.38675	0.28387	0.02908
V488	0.33258	0.12968	0.05723	0.34534	0.13518
V489	0.01938	0.26518	0.58165	0.11589	0.01791
V490	0.02077	0.14355	0.61567	0.2069	0.01312
V491	0.04421	0.41559	0.12937	0.17928	0.23156
V492	0.05124	0.15679	0.09207	0.61925	0.08065
V493	0.04767	0.05406	0.06309	0.75376	0.08142
V494	0.26996	0.0704	0.07233	0.48962	0.09769
V495	0.26083	0.2318	0.2488	0.19874	0.05983
V496	0.12688	0.17101	0.09891	0.14409	0.4591
V497	0.09638	0.16302	0.17849	0.2028	0.35932
V498	0.07882	0.63617	0.14816	0.07963	0.05722
V499	0.04643	0.27993	0.2869	0.14861	0.23813
V500	0.10269	0.3943	0.18687	0.2427	0.07345
V501	0.0759	0.34588	0.08575	0.13337	0.3591
V502	0.12289	0.58518	0.15642	0.09448	0.04103
V503	0.34431	0.11931	0.23138	0.1892	0.1158
V504	0.38368	0.23885	0.07584	0.10298	0.19865
V505	0.48244	0.10429	0.0819	0.16126	0.17011
V506	0.03727	0.46062	0.15066	0.10995	0.24149
V507	0.62114	0.08504	0.09729	0.14905	0.04748
V508	0.03882	0.5011	0.28399	0.10347	0.07262
V509	0.05809	0.38905	0.20815	0.23184	0.11286
V510	0.32692	0.39117	0.139	0.10457	0.03835
V511	0.06142	0.31171	0.48236	0.09548	0.04903
V512	0.13225	0.39543	0.23865	0.11746	0.11621
V513	0.15	0.51415	0.17349	0.10732	0.05503
V514	0.02563	0.15449	0.24223	0.16275	0.41489
V515	0.08674	0.14385	0.06333	0.63745	0.06863
V516	0.1419	0.30662	0.17687	0.32254	0.05207
V517	0.04238	0.08385	0.10032	0.69925	0.0742
V518	0.31725	0.11662	0.31678	0.21079	0.03857
V519	0.58129	0.12288	0.07704	0.17904	0.03974
V520	0.0787	0.61987	0.13969	0.11631	0.04543
V521	0.18187	0.07423	0.17005	0.51968	0.05417
V522	0.04979	0.24085	0.50753	0.16584	0.036
V523	0.12152	0.17146	0.61026	0.09158	0.00517
V524	0.26079	0.15138	0.48997	0.0596	0.03825
V525	0.03015	0.27984	0.09066	0.15086	0.44848
V526	0.04191	0.17279	0.69296	0.07567	0.01666
V527	0.07785	0.40318	0.41366	0.07378	0.03153
V528	0.14618	0.05826	0.0742	0.65586	0.06551
V529	0.16709	0.16072	0.60362	0.06081	0.00777
V530	0.02687	0.16616	0.6993	0.09438	0.01329
V531	0.15402	0.43581	0.17333	0.09636	0.14047
V532	0.06342	0.30189	0.32117	0.09536	0.21815
V533	0.23802	0.14204	0.04723	0.14187	0.43084
V534	0.12486	0.10845	0.05785	0.6274	0.08143
V535	0.60634	0.16624	0.12307	0.07223	0.03212
V536	0.10954	0.24554	0.3786	0.10949	0.15684
V537	0.03737	0.1739	0.06319	0.16647	0.55907
V538	0.48038	0.17388	0.07193	0.11542	0.15838
V539	0.02365	0.22493	0.56415	0.14128	0.04599
V540	0.14457	0.40687	0.16908	0.12588	0.1536
V541	0.04389	0.39458	0.10077	0.14039	0.32037
V542	0.04918	0.29722	0.1754	0.39508	0.08312
V543	0.06063	0.20519	0.57659	0.10205	0.05554
V544	0.27222	0.23345	0.22323	0.13375	0.13735
V545	0.47809	0.30897	0.10051	0.07793	0.03451
V546	0.07245	0.58782	0.19032	0.07921	0.07019
V547	0.09286	0.57734	0.11775	0.15168	0.06037
V548	0.0392	0.09878	0.06675	0.71598	0.07929
V549	0.02762	0.14432	0.06836	0.27525	0.48444
V550	0.0524	0.6226	0.20455	0.07621	0.04424
V551	0.04946	0.05336	0.05707	0.76206	0.07806
V552	0.19647	0.14738	0.06738	0.16607	0.42269
V553	0.57602	0.09246	0.08303	0.1889	0.05959
V554	0.09667	0.14496	0.43702	0.29111	0.03024
V555	0.05846	0.6665	0.13897	0.07575	0.06032
V556	0.08742	0.10423	0.10597	0.61069	0.09169
V557	0.25235	0.23389	0.10713	0.33292	0.0737
V558	0.02004	0.15483	0.63804	0.16781	0.01928
V559	0.09111	0.36996	0.43893	0.06708	0.03291
V560	0.47127	0.24366	0.19659	0.06493	0.02354
V561	0.5316	0.10363	0.18193	0.0873	0.09553
V562	0.11424	0.1743	0.18861	0.18982	0.33302
V563	0.17862	0.27504	0.24622	0.16852	0.13161
V564	0.28197	0.10851	0.10881	0.34724	0.15347
V565	0.02889	0.15926	0.06241	0.19504	0.5544
V566	0.24384	0.18282	0.08866	0.33344	0.15124
V567	0.02684	0.16501	0.74879	0.057	0.00235
V568	0.03854	0.24171	0.40934	0.28425	0.02616
V569	0.46762	0.1541	0.16252	0.16633	0.04943
V570	0.11863	0.11548	0.28489	0.40514	0.07586
V571	0.21427	0.10677	0.24951	0.32788	0.10157
V572	0.63075	0.09996	0.06692	0.09339	0.10898
V573	0.07555	0.15199	0.33048	0.35052	0.09146
V574	0.39842	0.26662	0.14987	0.14134	0.04376
V575	0.29813	0.14055	0.16154	0.14426	0.25552
V576	0.05584	0.64774	0.13428	0.08386	0.07828
V577	0.32734	0.39024	0.13205	0.11112	0.03926
V578	0.0337	0.21715	0.46969	0.23227	0.04719
V579	0.03117	0.43178	0.36018	0.09179	0.08509
V580	0.18304	0.41754	0.11039	0.23004	0.05899
V581	0.0548	0.4005	0.39296	0.12559	0.02616
V582	0.01415	0.18585	0.73633	0.06353	0.00015
V583	0.44951	0.12162	0.33556	0.08161	0.0117
V584	0.18657	0.41569	0.18745	0.10277	0.10753
V585	0.05635	0.57734	0.17378	0.11925	0.07327
V586	0.04817	0.58014	0.25722	0.07953	0.03494
V587	0.06277	0.54464	0.11298	0.11196	0.16765
V588	0.18713	0.3521	0.38049	0.05958	0.02069
V589	0.09605	0.33179	0.12733	0.37955	0.06528
V590	0.05944	0.59993	0.11601	0.09302	0.1316
V591	0.36111	0.39244	0.1338	0.07478	0.03787
V592	0.02498	0.15623	0.63694	0.09535	0.0865
V593	0.33456	0.07451	0.06166	0.44875	0.08052
V594	0.01583	0.20957	0.56261	0.17346	0.03853
V595	0.40125	0.10878	0.1213	0.30729	0.06138
V596	0.34777	0.21349	0.24429	0.15737	0.03708
V597	0.03948	0.26142	0.06626	0.21682	0.41602
V598	0.46285	0.11711	0.06178	0.10772	0.25054
V599	0.07662	0.33304	0.16486	0.35874	0.06674
V600	0.22492	0.10651	0.20971	0.35785	0.10101
V601	0.13096	0.15522	0.06158	0.45428	0.19796
V602	0.61081	0.18844	0.08403	0.08253	0.0342
V603	0.12205	0.22049	0.08453	0.22452	0.34842
V604	0.02647	0.15849	0.59709	0.14591	0.07204
V605	0.03831	0.19046	0.16598	0.18595	0.41929
V606	0.63083	0.09531	0.06616	0.09429	0.1134
V607	0.14747	0.21415	0.07505	0.14407	0.41927
V608	0.56133	0.10649	0.0949	0.14528	0.09199
V609	0.16227	0.27368	0.08876	0.37947	0.09583
V610	0.08891	0.49153	0.11309	0.25237	0.05411
V611	0.21199	0.15354	0.52385	0.07719	0.03343
V612	0.29625	0.15685	0.31391	0.0923	0.14068
V613	0.32525	0.41178	0.13573	0.09234	0.0349
V614	0.42281	0.12812	0.07532	0.15789	0.21585
V615	0.02622	0.15035	0.17113	0.51082	0.14147
V616	0.48782	0.09776	0.19058	0.1773	0.04655
V617	0.18075	0.17165	0.42318	0.14091	0.0835
V618	0.53826	0.15837	0.12835	0.08796	0.08705
V619	0.41792	0.14406	0.19334	0.09015	0.15453
V620	0.05196	0.11442	0.34056	0.45126	0.0418
V621	0.12175	0.272	0.31662	0.09141	0.19823
V622	0.0274	0.27518	0.35807	0.10529	0.23406
V623	0.08057	0.07907	0.05615	0.61439	0.16983
V624	0.66439	0.09106	0.07599	0.09931	0.06926
V625	0.03197	0.10914	0.14019	0.65032	0.06838
V626	0.07021	0.13875	0.48282	0.27656	0.03167
V627	0.10088	0.2424	0.16503	0.14267	0.34903
V628	0.68181	0.09981	0.08216	0.10236	0.03386
V629	0.10562	0.26713	0.54132	0.07486	0.01108
V630	0.03023	0.26675	0.08133	0.16032	0.46136
V631	0.01644	0.16518	0.28414	0.13775	0.39649
V632	0.05828	0.5884	0.12152	0.11029	0.12151
V633	0.06533	0.09966	0.12959	0.49147	0.21395
V634	0.31998	0.36414	0.2201	0.06966	0.02612
V635	0.04545	0.21982	0.21836	0.14071	0.37566
V636	0.16376	0.21522	0.31973	0.21401	0.08727
V637	0.17349	0.1275	0.37995	0.25075	0.0683
V638	0.07911	0.41328	0.10578	0.16584	0.23598
V639	0.40348	0.33523	0.16075	0.06708	0.03347
V640	0.10346	0.23592	0.13599	0.27801	0.24661
V641	0.09752	0.53466	0.13247	0.17677	0.05859
V642	0.54433	0.1025	0.07295	0.24148	0.03874
V643	0.06137	0.62477	0.18334	0.08904	0.04148
V644	0.0567	0.34823	0.10736	0.41234	0.07537
V645	0.14636	0.54674	0.12998	0.13383	0.04308
V646	0.12415	0.4171	0.12197	0.25272	0.08406
V647	0.676	0.08711	0.07937	0.12352	0.03399
V648	0.35052	0.15709	0.06758	0.29362	0.13118
V649	0.22369	0.18305	0.12794	0.19211	0.27321
V650	0.04988	0.05831	0.10539	0.71699	0.06942
V651	0.13636	0.19793	0.06951	0.53406	0.06213
V652	0.2934	0.07329	0.08922	0.48257	0.06151
V653	0.27826	0.08371	0.10326	0.46108	0.07369
V654	0.04677	0.20154	0.05073	0.19777	0.50318
V655	0.1358	0.13196	0.30227	0.39051	0.03945
V656	0.11225	0.1496	0.04478	0.22038	0.47298
V657	0.04782	0.39546	0.11785	0.32787	0.111
V658	0.04561	0.10871	0.07907	0.55552	0.21109
V659	0.03845	0.08599	0.12041	0.65509	0.10006
V660	0.06707	0.35022	0.09411	0.1505	0.3381
V661	0.05377	0.50478	0.11798	0.21698	0.10648
V662	0.04484	0.41472	0.10386	0.11881	0.31778
V663	0.70176	0.09393	0.08456	0.08455	0.0352
V664	0.03809	0.11171	0.15237	0.40927	0.28855
V665	0.03905	0.48946	0.28317	0.13341	0.05491
V666	0.09384	0.62444	0.16224	0.07731	0.04218
V667	0.04221	0.43811	0.31613	0.1467	0.05684
V668	0.47679	0.23653	0.12693	0.11669	0.04306
V669	0.36634	0.28477	0.10704	0.14698	0.09488
V670	0.09193	0.50356	0.14438	0.11267	0.14746
V671	0.55586	0.10418	0.22534	0.09205	0.02255
V672	0.09136	0.16316	0.13388	0.33769	0.2739
V673	0.03029	0.16419	0.04824	0.23277	0.52451
V674	0.27977	0.18643	0.44743	0.05844	0.02793
V675	0.51605	0.09292	0.09815	0.19719	0.09569
V676	0.20315	0.19662	0.4513	0.06766	0.08127
V677	0.05158	0.2628	0.25737	0.35394	0.07431
V678	0.05854	0.33977	0.08473	0.14918	0.36778
V679	0.02573	0.11883	0.41809	0.40204	0.03531
V680	0.15308	0.11049	0.06623	0.37682	0.29338
V681	0.40375	0.10464	0.09829	0.30204	0.09128
V682	0.01347	0.17275	0.75585	0.05793	0
V683	0.06347	0.24963	0.55589	0.06573	0.06528
V684	0.07754	0.05995	0.06219	0.72678	0.07354
V685	0.02014	0.1608	0.6798	0.1323	0.00696
V686	0.23478	0.4673	0.16901	0.08596	0.04295
V687	0.01533	0.12724	0.50896	0.3185	0.02997
V688	0.01249	0.17017	0.74529	0.06406	0.00799
V689	0.3766	0.14206	0.22607	0.15758	0.09768
V690	0.10188	0.61916	0.13962	0.09096	0.04838
V691	0.13119	0.15604	0.10505	0.53087	0.07685
V692	0.08164	0.08261	0.06664	0.65085	0.11826
V693	0.03136	0.41535	0.44357	0.08628	0.02344
V694	0.09094	0.1987	0.10171	0.51039	0.09826
V695	0.11605	0.21841	0.18565	0.13448	0.3454
V696	0.10372	0.1511	0.61734	0.06977	0.05808
V697	0.09417	0.17756	0.31755	0.32046	0.09026
V698	0.028	0.169	0.20289	0.1486	0.4515
V699	0.05279	0.09155	0.0935	0.58433	0.17783
V700	0.06589	0.60393	0.18536	0.07354	0.07128
V701	0.03093	0.26738	0.07393	0.15547	0.4723
V702	0.04245	0.15306	0.06611	0.58959	0.1488
V703	0.04507	0.06798	0.07762	0.73111	0.07822
V704	0.04693	0.19059	0.37975	0.11753	0.26519
V705	0.67989	0.10124	0.07513	0.09363	0.0501
V706	0.1347	0.18458	0.19848	0.39497	0.08727
V707	0.1283	0.19249	0.12266	0.3084	0.24814
V708	0.03581	0.46356	0.4099	0.06846	0.02226
V709	0.02804	0.1693	0.07807	0.16613	0.55846
V710	0.11131	0.16785	0.43999	0.08874	0.19211
V711	0.06895	0.15102	0.06677	0.17553	0.53774
V712	0.0594	0.14648	0.58351	0.19369	0.01692
V713	0.2052	0.35908	0.34476	0.07181	0.01915
V714	0.0631	0.16021	0.04677	0.16841	0.56152
V715	0.02199	0.28955	0.53543	0.1359	0.01712
V716	0.54815	0.20107	0.09213	0.11345	0.0452
V717	0.31657	0.22127	0.17399	0.10877	0.1794
V718	0.49445	0.11421	0.2837	0.06905	0.03859
V719	0.31723	0.24814	0.16524	0.16759	0.10179
V720	0.11655	0.174	0.13091	0.16306	0.41549
V721	0.04257	0.1593	0.0909	0.17413	0.5331
V722	0.04002	0.23948	0.11955	0.45269	0.14827
V723	0.10513	0.21823	0.16581	0.44703	0.0638
V724	0.11923	0.48988	0.14187	0.20093	0.04809
V725	0.04595	0.16172	0.0547	0.16917	0.56845
V726	0.18888	0.41375	0.14116	0.12811	0.12811
V727	0.01955	0.169	0.74065	0.06339	0.0074
V728	0.56844	0.10811	0.17174	0.12388	0.02784
V729	0.45967	0.15109	0.095	0.25169	0.04255
V730	0.10721	0.12545	0.35769	0.34719	0.06246
V731	0.03505	0.07112	0.10765	0.71602	0.07016
V732	0.04816	0.05332	0.06356	0.75823	0.07673
V733	0.03479	0.17822	0.72314	0.0567	0.00715
V734	0.37303	0.16466	0.34628	0.09491	0.02113
V735	0.0714	0.24609	0.24795	0.13274	0.30182
V736	0.03035	0.18637	0.05763	0.16707	0.55859
V737	0.69785	0.09841	0.08483	0.08389	0.03502
V738	0.03753	0.42566	0.09803	0.12537	0.31341
V739	0.04885	0.06565	0.05754	0.75061	0.07735
V740	0.18677	0.19235	0.15065	0.13334	0.33689
V741	0.39538	0.09798	0.06206	0.32398	0.12059
V742	0.06909	0.15199	0.47348	0.20248	0.10297
V743	0.04072	0.17921	0.11657	0.22096	0.44254
V744	0.16642	0.12742	0.19919	0.439	0.06797
V745	0.15329	0.08134	0.09725	0.60288	0.06524
V746	0.29725	0.43291	0.13648	0.07691	0.05645
V747	0.03451	0.17652	0.71414	0.06303	0.0118
V748	0.13951	0.25763	0.2997	0.13374	0.16942
V749	0.16124	0.15896	0.16264	0.39702	0.12014
V750	0.56088	0.20408	0.08838	0.11294	0.03371
V751	0.04089	0.34369	0.52154	0.0774	0.01647
V752	0.03758	0.23748	0.07716	0.15826	0.48952
V753	0.41041	0.14663	0.26288	0.09525	0.08482
V754	0.11354	0.27422	0.08497	0.4641	0.06317
V755	0.20565	0.53218	0.15017	0.06971	0.04228
V756	0.03689	0.22028	0.07506	0.19163	0.47614
V757	0.15837	0.06886	0.13951	0.57343	0.05983
V758	0.07579	0.34624	0.08691	0.42757	0.0635
V759	0.09028	0.17533	0.13844	0.14209	0.45387
V760	0.07712	0.14807	0.22917	0.29359	0.25206
V761	0.05912	0.28369	0.58328	0.06323	0.01068
V762	0.02905	0.14187	0.19805	0.39774	0.23328
V763	0.04185	0.32034	0.07372	0.13952	0.42456
V764	0.11164	0.11127	0.13007	0.57971	0.0673
V765	0.13984	0.15811	0.54765	0.10085	0.05355
V766	0.07208	0.41254	0.29638	0.11515	0.10386
V767	0.22939	0.39578	0.14749	0.11748	0.10987
V768	0.06839	0.60974	0.16621	0.10861	0.04705
V769	0.55294	0.11279	0.21917	0.07215	0.04294
V770	0.24179	0.12407	0.44051	0.17747	0.01615
V771	0.07318	0.55308	0.11754	0.15333	0.10286
V772	0.04966	0.17039	0.71972	0.06024	0
V773	0.04588	0.14288	0.04559	0.27632	0.48933
V774	0.13418	0.1541	0.476	0.08124	0.15447
V775	0.66279	0.08671	0.08907	0.12158	0.03984
V776	0.28503	0.35582	0.22585	0.08962	0.04368
V777	0.17804	0.33304	0.28579	0.15008	0.05306
V778	0.41435	0.12887	0.07168	0.24983	0.13527
V779	0.06626	0.36471	0.47434	0.07191	0.02279
V780	0.02709	0.16401	0.74738	0.06152	0
V781	0.15449	0.32099	0.22623	0.09338	0.20491
V782	0.20272	0.28333	0.08757	0.12205	0.30434
V783	0.01033	0.16392	0.5538	0.1049	0.16706
V784	0.04603	0.47854	0.10079	0.27363	0.101
V785	0.53484	0.17218	0.07319	0.15411	0.06567
V786	0.1511	0.19803	0.08177	0.4967	0.07239
V787	0.12791	0.46218	0.09969	0.22453	0.08569
V788	0.30775	0.3598	0.1511	0.07734	0.104
V789	0.0317	0.20932	0.06558	0.41436	0.27905
V790	0.23655	0.25544	0.12469	0.18378	0.19953
V791	0.1574	0.2512	0.13122	0.24673	0.21346
V792	0.68332	0.1028	0.09418	0.07999	0.03971
V793	0.27101	0.27477	0.12171	0.16316	0.16934
V794	0.03061	0.1548	0.13852	0.26671	0.40937
V795	0.12453	0.60717	0.13811	0.07855	0.05164
V796	0.24243	0.34059	0.17994	0.18467	0.05236
V797	0.13732	0.14488	0.04455	0.16989	0.50336
V798	0.12411	0.43239	0.0966	0.16261	0.18429
V799	0.04961	0.17573	0.10783	0.57501	0.09183
V800	0.04439	0.15372	0.06056	0.24087	0.50046
V801	0.30116	0.0859	0.16222	0.39127	0.05946
V802	0.04775	0.27785	0.07511	0.15067	0.44862
V803	0.25377	0.08818	0.06289	0.52323	0.07194
V804	0.16786	0.1942	0.23083	0.34117	0.06594
V805	0.12497	0.20341	0.40605	0.19489	0.07068
V806	0.36966	0.12572	0.22287	0.13409	0.14766
V807	0.54314	0.10219	0.11932	0.12317	0.11218
V808	0.62286	0.10059	0.11049	0.08432	0.08175
V809	0.17548	0.48071	0.12227	0.10664	0.11489
V810	0.04411	0.14266	0.08743	0.45812	0.26767
V811	0.06139	0.20622	0.07343	0.22047	0.43848
V812	0.04062	0.50484	0.2701	0.13293	0.0515
V813	0.03943	0.2879	0.25332	0.11287	0.30648
V814	0.17264	0.42606	0.15451	0.19348	0.05331
V815	0.19933	0.50563	0.13855	0.11282	0.04367
V816	0.04394	0.3985	0.09946	0.38227	0.07584
V817	0.57972	0.11776	0.19335	0.08804	0.02112
V818	0.04398	0.27018	0.35864	0.12033	0.20686
V819	0.67875	0.09974	0.08761	0.1011	0.03279
V820	0.07454	0.30944	0.18503	0.36576	0.06522
V821	0.03126	0.16425	0.04952	0.17418	0.58079
V822	0.17124	0.07082	0.06855	0.62532	0.06407
V823	0.05212	0.20962	0.2497	0.12387	0.36469
V824	0.07806	0.17544	0.06911	0.15736	0.52003
V825	0.1238	0.13439	0.5429	0.19053	0.00837
V826	0.04176	0.16404	0.72164	0.07256	0
V827	0.28476	0.17488	0.06341	0.36923	0.10772
V828	0.2066	0.21954	0.1562	0.15391	0.26375
V829	0.08436	0.18574	0.30882	0.22624	0.19485
V830	0.12179	0.15784	0.57679	0.08287	0.06071
V831	0.04825	0.54554	0.15584	0.19124	0.05913
V832	0.18579	0.1131	0.11112	0.30014	0.28984
V833	0.17009	0.56695	0.12516	0.07403	0.06378
V834	0.55325	0.1791	0.10678	0.09732	0.06354
V835	0.20944	0.26739	0.15441	0.28088	0.08788
V836	0.28487	0.15744	0.40337	0.13808	0.01624
V837	0.05272	0.61462	0.13506	0.11057	0.08703
V838	0.03352	0.06133	0.12095	0.7106	0.0736
V839	0.04957	0.17879	0.11587	0.15259	0.50318
V840	0.67329	0.09498	0.09786	0.09924	0.03463
V841	0.17395	0.15516	0.60761	0.06016	0.00313
V842	0.39431	0.1237	0.23213	0.21562	0.03425
V843	0.36405	0.11948	0.1834	0.14925	0.18383
V844	0.02469	0.24291	0.63818	0.07679	0.01744
V845	0.04853	0.09086	0.04839	0.57094	0.24128
V846	0.10744	0.17159	0.13888	0.18172	0.40037
V847	0.18683	0.13209	0.09611	0.22525	0.35972
V848	0.55362	0.11643	0.06976	0.15547	0.10472
V849	0.11401	0.1771	0.59019	0.0684	0.05031
V850	0.179	0.14865	0.29408	0.20541	0.17285
V851	0.69924	0.09295	0.07788	0.09029	0.03964
V852	0.20531	0.1596	0.12525	0.24252	0.26732
V853	0.03904	0.2089	0.52874	0.16984	0.05348
V854	0.05049	0.34107	0.28773	0.14961	0.17111
V855	0.10072	0.32878	0.16225	0.31491	0.09334
V856	0.1444	0.37396	0.13068	0.10335	0.24761
V857	0.07946	0.13373	0.19738	0.40838	0.18105
V858	0.03578	0.32747	0.23925	0.24815	0.14936
V859	0.12991	0.07354	0.07409	0.63801	0.08445
V860	0.05591	0.16606	0.12112	0.5624	0.09451
V861	0.13336	0.09073	0.16517	0.55324	0.05749
V862	0.07679	0.14705	0.06605	0.223	0.48711
V863	0.05728	0.65813	0.14431	0.0809	0.05937
V864	0.04174	0.15279	0.70105	0.10442	0
V865	0.07635	0.13214	0.53804	0.24116	0.01232
V866	0.03772	0.1597	0.54355	0.23213	0.0269
V867	0.45644	0.13377	0.06371	0.10553	0.24055
V868	0.18514	0.24542	0.38961	0.14971	0.03012
V869	0.03632	0.15566	0.06908	0.17483	0.5641
V870	0.22579	0.20662	0.13565	0.2762	0.15575
V871	0.04768	0.17989	0.14052	0.20923	0.42269
V872	0.31248	0.09968	0.07071	0.43754	0.0796
V873	0.0634	0.29078	0.20521	0.35721	0.08339
V874	0.09612	0.18412	0.05546	0.16131	0.50299
V875	0.03218	0.2092	0.08357	0.47274	0.20231
V876	0.38311	0.15677	0.1127	0.11399	0.23344
V877	0.19841	0.47393	0.14054	0.13907	0.04805
V878	0.04726	0.51192	0.14408	0.23973	0.05701
V879	0.66174	0.11456	0.08777	0.09982	0.0361
V880	0.08651	0.15364	0.08069	0.43109	0.24807
V881	0.01904	0.16617	0.48614	0.09725	0.23139
V882	0.05941	0.36777	0.10445	0.41165	0.05672
V883	0.39839	0.19884	0.08206	0.22132	0.09939
V884	0.03142	0.15769	0.04924	0.18147	0.58017
V885	0.14136	0.17451	0.37102	0.1693	0.14381
V886	0.02695	0.13198	0.07493	0.31369	0.45245
V887	0.09489	0.63355	0.13397	0.07507	0.06252
V888	0.07203	0.13801	0.1099	0.5843	0.09575
V889	0.11479	0.58988	0.15612	0.08934	0.04987
V890	0.04913	0.09371	0.17214	0.56383	0.1212
V891	0.01391	0.18468	0.73182	0.06936	0.00023
V892	0.46163	0.2466	0.09746	0.0864	0.10791
V893	0.12309	0.23424	0.46763	0.12722	0.04782
V894	0.0982	0.41033	0.13647	0.2797	0.0753
V895	0.49731	0.11128	0.29001	0.08356	0.01783
V896	0.17571	0.22688	0.2662	0.29384	0.03737
V897	0.03248	0.06905	0.08806	0.66986	0.14055
V898	0.3313	0.12787	0.0632	0.14272	0.3349
V899	0.43695	0.28591	0.16003	0.06872	0.04839
V900	0.20739	0.24057	0.29764	0.21465	0.03975
V901	0.50593	0.12064	0.06999	0.22109	0.08234
