mature.neutrophil	CD14.pos.CD16.neg.classical.monocyte	macrophage	memory.CD4.pos.AB.T.cell	cytotoxic.CD56.dim.NK.cell
V1	0.26207	0.22322	0.24904	0.16534	0.10033
V2	0.0465	0.6877	0.10733	0.09856	0.0599
V3	0.05947	0.14014	0.3975	0.37191	0.03098
V4	0.01006	0.1787	0.2382	0.11093	0.46211
V5	0.01941	0.15819	0.0771	0.15703	0.58827
V6	0.2692	0.14659	0.26253	0.23474	0.08695
V7	0.00386	0.1965	0.39401	0.11834	0.2873
V8	0.0063	0.18449	0.70537	0.10384	0
V9	0.05995	0.10551	0.25653	0.53622	0.04178
V10	0.35463	0.16495	0.40618	0.05507	0.01917
V11	0.03343	0.17729	0.11824	0.12465	0.54639
V12	0.07335	0.14604	0.22069	0.30284	0.25707
V13	0.12204	0.14807	0.05937	0.40345	0.26708
V14	0.14882	0.08895	0.09348	0.56518	0.10357
V15	0.04779	0.07789	0.02886	0.77238	0.07308
V16	0.45836	0.14228	0.04458	0.31506	0.03972
V17	0.06054	0.33492	0.04377	0.11548	0.4453
V18	0.07135	0.41337	0.26787	0.2157	0.03171
V19	0.03347	0.15994	0.02039	0.17275	0.61344
V20	0.00145	0.15954	0.60883	0.21832	0.01186
V21	0.01757	0.33533	0.15435	0.19234	0.30041
V22	0.62925	0.16499	0.09582	0.07246	0.03748
V23	0.07466	0.16277	0.04134	0.18386	0.53738
V24	0.3807	0.21672	0.04772	0.10615	0.24871
V25	0.03346	0.13856	0.03549	0.4166	0.37589
V26	0.3848	0.27105	0.08915	0.09731	0.15768
V27	0.09993	0.49426	0.21065	0.06012	0.13505
V28	0.03677	0.15307	0.21012	0.5381	0.06195
V29	0.0153	0.10648	0.31634	0.51819	0.04369
V30	0.57481	0.1856	0.06003	0.09122	0.08835
V31	0.35042	0.21236	0.04267	0.24803	0.14653
V32	0.71308	0.09943	0.04424	0.08707	0.05618
V33	0.0238	0.29657	0.04195	0.16481	0.47287
V34	0.10385	0.72686	0.06921	0.064	0.03608
V35	0.07618	0.55334	0.27737	0.07267	0.02044
V36	0.02308	0.2859	0.18431	0.13695	0.36976
V37	0.59784	0.11364	0.02868	0.08999	0.16985
V38	0.09816	0.16966	0.42346	0.20718	0.10155
V39	0.26138	0.17916	0.30989	0.07126	0.1783
V40	0.19077	0.54797	0.06682	0.13917	0.05527
V41	0.04261	0.7416	0.07378	0.05905	0.08296
V42	0.66661	0.1304	0.05441	0.08491	0.06367
V43	0.36654	0.21906	0.32088	0.0774	0.01612
V44	0.02273	0.35197	0.49962	0.05388	0.07181
V45	0.03285	0.60062	0.14044	0.16557	0.06052
V46	0.0961	0.66402	0.12149	0.07706	0.04134
V47	0	0.18963	0.75741	0.05296	0
V48	0.14059	0.21494	0.22346	0.31087	0.11014
V49	0.36098	0.22037	0.22645	0.16573	0.02647
V50	0.01389	0.1995	0.73722	0.04939	0
V51	0.08589	0.34111	0.21158	0.1102	0.25122
V52	0.04842	0.77589	0.07329	0.06491	0.03749
V53	0.04447	0.19766	0.04136	0.65463	0.06188
V54	0.19755	0.09081	0.03637	0.50617	0.1691
V55	0.09041	0.06334	0.02749	0.75235	0.06641
V56	0.08467	0.06768	0.03144	0.68306	0.13316
V57	0.11952	0.24531	0.48651	0.07333	0.07532
V58	0.06674	0.14028	0.1492	0.2358	0.40798
V59	0.65224	0.12323	0.11348	0.08339	0.02765
V60	0.34029	0.26383	0.14397	0.15836	0.09354
V61	0.17617	0.13746	0.04791	0.2562	0.38226
V62	0.05051	0.17644	0.29093	0.17165	0.31047
V63	0.32608	0.31339	0.0915	0.09185	0.17719
V64	0.71243	0.11079	0.05894	0.08486	0.03299
V65	0.08864	0.14883	0.06431	0.55508	0.14314
V66	0.04224	0.08493	0.14893	0.6635	0.0604
V67	0.00623	0.1773	0.32518	0.14228	0.34901
V68	0.35305	0.14756	0.35374	0.08795	0.05769
V69	0.45368	0.2081	0.20458	0.07838	0.05527
V70	0.05479	0.6235	0.09527	0.17835	0.0481
V71	0.0816	0.67612	0.09967	0.1035	0.0391
V72	0.03556	0.44584	0.06044	0.09488	0.36328
V73	0.06379	0.10319	0.11841	0.52584	0.18877
V74	0.03429	0.11681	0.03572	0.70182	0.11135
V75	0.36107	0.25701	0.29354	0.06629	0.02209
V76	0.03562	0.06892	0.04305	0.75149	0.10092
V77	0.01313	0.18282	0.72554	0.0785	0
V78	0	0.19382	0.748	0.05818	0
V79	0.07034	0.42799	0.0758	0.17644	0.24944
V80	0.10784	0.64845	0.05782	0.09795	0.08794
V81	0.0057	0.18959	0.75443	0.05028	0
V82	0.20859	0.20097	0.06145	0.47399	0.05501
V83	0.09755	0.15515	0.04677	0.50309	0.19744
V84	0.08729	0.27407	0.03191	0.12303	0.48369
V85	0	0.18848	0.755	0.05652	0
V86	0.02541	0.29278	0.29933	0.34583	0.03665
V87	0.37838	0.09644	0.06942	0.40246	0.0533
V88	0.26119	0.238	0.07949	0.22063	0.20069
V89	0.03204	0.23253	0.65765	0.07779	0
V90	0.02038	0.28578	0.0821	0.15976	0.45198
V91	0.03133	0.07397	0.10107	0.73254	0.06109
V92	0.21154	0.17297	0.04944	0.1249	0.44115
V93	0.01823	0.17172	0.17542	0.47064	0.164
V94	0.04113	0.25943	0.04809	0.27196	0.3794
V95	0.05952	0.31613	0.05065	0.16099	0.41271
V96	0.61749	0.11764	0.05567	0.09703	0.11217
V97	0.14635	0.16612	0.06485	0.17476	0.44792
V98	0.04445	0.4078	0.20109	0.15761	0.18905
V99	0.41587	0.19754	0.03651	0.24039	0.1097
V100	0.42669	0.23705	0.08007	0.10995	0.14624
V101	0.05533	0.76506	0.07954	0.06347	0.0366
V102	0.25339	0.29971	0.15503	0.14548	0.14638
V103	0.12156	0.14414	0.02559	0.13469	0.57402
V104	0.04055	0.44952	0.11802	0.09032	0.30159
V105	0.02061	0.16327	0.0607	0.16505	0.59037
V106	0.04163	0.66212	0.19177	0.05731	0.04717
V107	0.03693	0.29878	0.57202	0.08465	0.00762
V108	0.01131	0.28062	0.65834	0.04973	0
V109	0.05791	0.28605	0.08344	0.29239	0.28022
V110	0.1454	0.47047	0.20922	0.1392	0.03571
V111	0.22102	0.29373	0.42223	0.05595	0.00707
V112	0.16303	0.10114	0.12354	0.43902	0.17326
V113	0.20777	0.13947	0.12085	0.19984	0.33207
V114	0.45397	0.16321	0.07679	0.20316	0.10288
V115	0.67551	0.10136	0.03954	0.09093	0.09267
V116	0.02578	0.15696	0.02218	0.15191	0.64318
V117	0.0374	0.17898	0.6596	0.11072	0.01331
V118	0.06423	0.06388	0.02742	0.76566	0.07881
V119	0.25752	0.14245	0.34906	0.23239	0.01858
V120	0.00611	0.17281	0.6696	0.13202	0.01945
V121	0.16643	0.63465	0.05867	0.06586	0.07438
V122	0.0323	0.40903	0.11792	0.25026	0.19049
V123	0.39731	0.14379	0.09724	0.21752	0.14414
V124	0.18591	0.20832	0.0854	0.25006	0.27031
V125	0.03084	0.44431	0.45635	0.05401	0.01449
V126	0.13008	0.27487	0.22452	0.15536	0.21517
V127	0.21108	0.15802	0.53349	0.09136	0.00605
V128	0.17457	0.65475	0.06991	0.05743	0.04334
V129	0.21723	0.1642	0.25783	0.19805	0.16268
V130	0.0291	0.4894	0.08299	0.24335	0.15516
V131	0.0285	0.09857	0.23333	0.59332	0.04629
V132	0.30716	0.11637	0.02183	0.34497	0.20967
V133	0.00119	0.20294	0.49293	0.12795	0.17499
V134	0.05294	0.18935	0.63998	0.0711	0.04663
V135	0.01537	0.23596	0.60998	0.07312	0.06557
V136	0.72961	0.09817	0.0477	0.08968	0.03483
V137	0.68562	0.12003	0.04339	0.10354	0.04741
V138	0.21254	0.23723	0.10248	0.18026	0.26749
V139	0.1179	0.08588	0.16981	0.57259	0.05381
V140	0.03016	0.1595	0.16819	0.12023	0.52191
V141	0.01378	0.29604	0.55645	0.12298	0.01075
V142	0.17542	0.14661	0.30932	0.1682	0.20045
V143	0.01422	0.28361	0.43798	0.1638	0.10039
V144	0.39995	0.2647	0.09845	0.15768	0.07921
V145	0	0.19247	0.73916	0.06432	0.00404
V146	0.03747	0.3717	0.04269	0.32196	0.22618
V147	0.07386	0.20306	0.56991	0.13012	0.02306
V148	0.13399	0.67088	0.06978	0.08065	0.0447
V149	0.03907	0.06555	0.02825	0.77002	0.09711
V150	0.11087	0.28573	0.50403	0.05183	0.04754
V151	0.36573	0.09916	0.0383	0.38258	0.11424
V152	0.03299	0.07989	0.13105	0.65358	0.1025
V153	0.13402	0.27417	0.41087	0.09373	0.08722
V154	0.10245	0.56261	0.07051	0.08777	0.17667
V155	0.0505	0.08544	0.14839	0.65587	0.05981
V156	0.0827	0.17456	0.36695	0.18124	0.19456
V157	0.08511	0.16645	0.17774	0.29157	0.27912
V158	0.15831	0.16003	0.40019	0.10195	0.17952
V159	0.11206	0.24601	0.04868	0.51683	0.07643
V160	0.36752	0.24255	0.11722	0.10425	0.16845
V161	0.19027	0.16509	0.08069	0.11143	0.45251
V162	0	0.19538	0.75363	0.05098	0
V163	0.05793	0.15323	0.03422	0.15886	0.59576
V164	0.69648	0.13249	0.05344	0.08856	0.02904
V165	0.46976	0.25953	0.11313	0.10414	0.05343
V166	0.05822	0.10324	0.23902	0.50655	0.09297
V167	0.03409	0.59346	0.06707	0.16633	0.13905
V168	0	0.19538	0.75363	0.05098	0
V169	0.0475	0.60432	0.19647	0.11365	0.03806
V170	0.20641	0.38684	0.0915	0.21017	0.10509
V171	0.24392	0.18879	0.32931	0.18964	0.04833
V172	0.15706	0.30935	0.0982	0.10415	0.33123
V173	0.18511	0.18278	0.11173	0.37518	0.1452
V174	0.17519	0.13995	0.32641	0.21626	0.14218
V175	0.07054	0.24781	0.13892	0.22004	0.32269
V176	0.32066	0.08426	0.0344	0.5094	0.05128
V177	0.1539	0.16778	0.48194	0.18177	0.01461
V178	0.21903	0.17364	0.40196	0.14358	0.06179
V179	0.09476	0.1598	0.02633	0.13569	0.58342
V180	0.0224	0.1831	0.33196	0.0955	0.36704
V181	0.06256	0.35133	0.02974	0.14071	0.41566
V182	0.44824	0.25933	0.04363	0.19001	0.05877
V183	0.06353	0.7645	0.07192	0.05813	0.04192
V184	0.25784	0.12461	0.27851	0.29743	0.04161
V185	0.09195	0.47642	0.06446	0.18094	0.18622
V186	0.12409	0.25815	0.05663	0.27692	0.28422
V187	0.07496	0.59876	0.05634	0.22289	0.04705
V188	0.64038	0.11957	0.06625	0.14058	0.03322
V189	0.36849	0.26473	0.07176	0.25371	0.04131
V190	0.33179	0.18757	0.21719	0.08492	0.17852
V191	0.19266	0.25702	0.03867	0.39115	0.1205
V192	0.26396	0.25273	0.14554	0.22578	0.11198
V193	0.05479	0.29611	0.46424	0.088	0.09687
V194	0.22805	0.17552	0.10614	0.16874	0.32154
V195	0.43505	0.23947	0.23607	0.0688	0.0206
V196	0.01944	0.15111	0.07702	0.15827	0.59415
V197	0.06249	0.74437	0.06897	0.08204	0.04212
V198	0.19882	0.28478	0.06682	0.23166	0.21792
V199	0.5787	0.12483	0.21524	0.06517	0.01607
V200	0.60046	0.10788	0.06058	0.09835	0.13274
V201	0.05453	0.07735	0.04577	0.64177	0.18058
V202	0.69664	0.13699	0.04133	0.09039	0.03466
V203	0.42506	0.29003	0.06336	0.11218	0.10936
V204	0.29271	0.1962	0.05926	0.09935	0.35248
V205	0.10459	0.17552	0.13218	0.1554	0.43231
V206	0.06121	0.14449	0.02948	0.67858	0.08624
V207	0.04779	0.07789	0.02886	0.77238	0.07308
V208	0.12482	0.29398	0.42603	0.09034	0.06483
V209	0.14202	0.16825	0.11411	0.12922	0.4464
V210	0	0.18833	0.75327	0.05839	0
V211	0.13633	0.17441	0.20777	0.11613	0.36536
V212	0.0523	0.66618	0.12821	0.08539	0.06792
V213	0.09902	0.12592	0.08024	0.29892	0.39591
V214	0.01911	0.51094	0.3792	0.06082	0.02993
V215	0.20868	0.29453	0.15505	0.13375	0.20798
V216	0.04917	0.1919	0.31557	0.11637	0.327
V217	0.03366	0.06533	0.04992	0.73355	0.11754
V218	0.06626	0.2561	0.27989	0.3124	0.08535
V219	0.1064	0.31217	0.35834	0.1989	0.02419
V220	0.16237	0.63109	0.11169	0.05983	0.03503
V221	0.0354	0.21342	0.45012	0.08045	0.22061
V222	0.03256	0.15619	0.02847	0.15323	0.62955
V223	0.4009	0.13225	0.28846	0.15278	0.02562
V224	0.03857	0.53637	0.06837	0.13579	0.22089
V225	0.5402	0.22328	0.1466	0.06445	0.02547
V226	0.37559	0.47083	0.05348	0.06407	0.03603
V227	0.09547	0.27594	0.04293	0.50872	0.07694
V228	0.44311	0.14408	0.25532	0.11791	0.03957
V229	0.21418	0.39562	0.26458	0.08799	0.03763
V230	0.03275	0.14917	0.0285	0.15483	0.63474
V231	0.05767	0.55368	0.10455	0.19276	0.09135
V232	0.6019	0.12081	0.18712	0.0722	0.01797
V233	0.05714	0.17101	0.15918	0.17165	0.44103
V234	0.0217	0.37902	0.22875	0.31936	0.05117
V235	0.72175	0.10151	0.04093	0.1045	0.03131
V236	0.06662	0.16225	0.5387	0.19374	0.03869
V237	0.10964	0.18555	0.25733	0.30301	0.14447
V238	0.02505	0.1306	0.02697	0.33382	0.48356
V239	0.06121	0.42447	0.08452	0.20921	0.22058
V240	0.05901	0.72601	0.07269	0.07013	0.07216
V241	0.04813	0.77778	0.07305	0.05866	0.04238
V242	0.03314	0.3477	0.29281	0.26097	0.06537
V243	0.37006	0.14547	0.29971	0.0875	0.09726
V244	0.02702	0.43295	0.21098	0.13011	0.19894
V245	0.04486	0.75289	0.09245	0.07414	0.03566
V246	0.47827	0.29584	0.06609	0.0749	0.08488
V247	0.14995	0.21917	0.51595	0.09212	0.0228
V248	0.08496	0.57322	0.07104	0.07684	0.19394
V249	0.21176	0.19057	0.20748	0.1531	0.2371
V250	0.01456	0.19573	0.55789	0.08952	0.1423
V251	0.19309	0.10683	0.11003	0.50871	0.08134
V252	0.01977	0.23506	0.48469	0.16918	0.0913
V253	0.24242	0.5053	0.12401	0.09059	0.03769
V254	0.41658	0.36575	0.04507	0.13024	0.04237
V255	0.6286	0.15945	0.0354	0.09644	0.08012
V256	0.03764	0.68177	0.07343	0.06971	0.13745
V257	0.34923	0.32672	0.16236	0.08992	0.07177
V258	0.14617	0.32291	0.08386	0.39588	0.05117
V259	0.41	0.30359	0.1895	0.06368	0.03323
V260	0.22606	0.16461	0.12173	0.15582	0.33179
V261	0.02042	0.15973	0.45189	0.27362	0.09435
V262	0.6807	0.11914	0.08176	0.08809	0.03031
V263	0.60922	0.15296	0.04868	0.15805	0.03109
V264	0.06197	0.7379	0.07611	0.0875	0.03652
V265	0.61805	0.16441	0.10221	0.08664	0.0287
V266	0.02582	0.15367	0.10107	0.14562	0.57382
V267	0.05855	0.14154	0.02522	0.23935	0.53535
V268	0.16524	0.41372	0.1664	0.19299	0.06165
V269	0.07391	0.35076	0.33796	0.19568	0.04169
V270	0.06852	0.06803	0.05842	0.74114	0.0639
V271	0.19081	0.6147	0.06542	0.07591	0.05315
V272	0.09091	0.69645	0.08542	0.06774	0.05948
V273	0.24251	0.12793	0.1806	0.31521	0.13375
V274	0.09214	0.16602	0.05757	0.25647	0.42779
V275	0.03976	0.6113	0.18918	0.12067	0.03909
V276	0.00919	0.16412	0.58324	0.22013	0.02333
V277	0.27701	0.15587	0.488	0.05904	0.02007
V278	0.01098	0.1513	0.31952	0.40579	0.11242
V279	0.14606	0.07483	0.03928	0.64635	0.09348
V280	0.1787	0.10132	0.06154	0.54267	0.11576
V281	0.04043	0.24531	0.07457	0.57832	0.06138
V282	0.05579	0.77115	0.07248	0.05844	0.04214
V283	0.30515	0.14332	0.1269	0.11247	0.31216
V284	0.01879	0.2567	0.47439	0.06827	0.18186
V285	0.40948	0.41738	0.04941	0.08775	0.03597
V286	0.06086	0.18873	0.67047	0.07882	0.00112
V287	0.20728	0.16933	0.17557	0.28948	0.15833
V288	0.15636	0.17334	0.52595	0.0634	0.08094
V289	0.14734	0.24538	0.05689	0.49303	0.05736
V290	0.33865	0.42013	0.16194	0.05647	0.02282
V291	0.33846	0.23576	0.04175	0.33597	0.04806
V292	0.09918	0.18453	0.3723	0.10352	0.24047
V293	0.00092	0.2409	0.66307	0.08651	0.0086
V294	0.02444	0.15768	0.02967	0.14918	0.63902
V295	0.02045	0.13747	0.31025	0.44615	0.08568
V296	0.64899	0.17392	0.03951	0.09	0.04757
V297	0.01461	0.17565	0.63802	0.14508	0.02663
V298	0.26088	0.08589	0.03053	0.49824	0.12447
V299	0.243	0.06678	0.04078	0.59392	0.05552
V300	0.72818	0.10229	0.04235	0.09584	0.03134
V301	0.71614	0.09646	0.04509	0.10739	0.03492
V302	0.02642	0.11649	0.02743	0.42962	0.40004
V303	0.09427	0.26414	0.21736	0.2076	0.21663
V304	0.14236	0.18908	0.6009	0.05598	0.01168
V305	0.17629	0.35617	0.11933	0.15279	0.19541
V306	0.26998	0.55889	0.05679	0.07215	0.04219
V307	0.19873	0.11428	0.25768	0.39592	0.03339
V308	0.17949	0.16453	0.53952	0.10941	0.00704
V309	0.50571	0.1566	0.07664	0.16258	0.09846
V310	0.04081	0.16236	0.02698	0.19952	0.57033
V311	0.04256	0.0612	0.06747	0.75902	0.06975
V312	0.07416	0.33242	0.25327	0.07803	0.26212
V313	0.06304	0.33412	0.04756	0.32344	0.23184
V314	0.08738	0.12274	0.02566	0.39778	0.36644
V315	0.71633	0.09959	0.05102	0.08627	0.0468
V316	0.09056	0.5119	0.26005	0.07612	0.06137
V317	0.2915	0.20132	0.42989	0.0584	0.0189
V318	0.69292	0.10099	0.04147	0.08618	0.07843
V319	0.07743	0.20717	0.65623	0.05918	0
V320	0.09731	0.05803	0.03402	0.73983	0.07082
V321	0.11132	0.35238	0.29549	0.20212	0.03868
V322	0.0059	0.32955	0.50399	0.09149	0.06907
V323	0.19402	0.28824	0.38709	0.07184	0.05882
V324	0.05788	0.10163	0.06732	0.70545	0.06772
V325	0.48532	0.18516	0.10759	0.15607	0.06585
V326	0.05367	0.15473	0.07378	0.21512	0.5027
V327	0.26581	0.45316	0.14156	0.07492	0.06455
V328	0.04937	0.30849	0.18311	0.40672	0.05231
V329	0.01261	0.15326	0.35937	0.4373	0.03746
V330	0.05981	0.19306	0.6717	0.05151	0.02392
V331	0.12444	0.16365	0.10589	0.17123	0.43479
V332	0.35081	0.17635	0.38679	0.06077	0.02528
V333	0.31775	0.14959	0.28221	0.18066	0.0698
V334	0.03229	0.33619	0.48549	0.11196	0.03407
V335	0.54949	0.15514	0.10485	0.0997	0.09082
V336	0.13248	0.51733	0.27235	0.04951	0.02834
V337	0.0229	0.14398	0.03537	0.24404	0.55371
V338	0.54213	0.13663	0.16075	0.08464	0.07585
V339	0.16952	0.49686	0.20781	0.05404	0.07177
V340	0.03443	0.27573	0.13157	0.13837	0.4199
V341	0.01551	0.47044	0.40997	0.05624	0.04784
V342	0.22697	0.2357	0.39002	0.13554	0.01177
V343	0.51636	0.13167	0.26748	0.07146	0.01302
V344	0.08768	0.65679	0.09573	0.07532	0.08448
V345	0.19831	0.15259	0.02747	0.31291	0.30871
V346	0.03279	0.33809	0.30857	0.27202	0.04853
V347	0.07733	0.47317	0.06899	0.30913	0.07139
V348	0.01521	0.23911	0.40558	0.23817	0.10192
V349	0.04862	0.35501	0.46896	0.06447	0.06293
V350	0.09694	0.41425	0.11794	0.24452	0.12635
V351	0.14523	0.15203	0.3842	0.2875	0.03104
V352	0.08621	0.49632	0.34328	0.05397	0.02023
V353	0.21516	0.36716	0.07107	0.11151	0.23511
V354	0.42439	0.15028	0.36019	0.05727	0.00787
V355	0.08161	0.12603	0.31458	0.43905	0.03872
V356	0.06831	0.18929	0.65914	0.06803	0.01524
V357	0.03472	0.19849	0.45854	0.09298	0.21527
V358	0.05064	0.09178	0.05952	0.72883	0.06922
V359	0.07022	0.15043	0.03832	0.6786	0.06242
V360	0.53893	0.13776	0.11321	0.18251	0.02758
V361	0.27509	0.45417	0.12583	0.05973	0.08518
V362	0.61984	0.11748	0.11717	0.07323	0.07228
V363	0.04071	0.16495	0.02672	0.23158	0.53604
V364	0.0459	0.31448	0.05682	0.4147	0.16811
V365	0.03828	0.06495	0.03621	0.77571	0.08484
V366	0.15974	0.18601	0.49728	0.10274	0.05423
V367	0.18674	0.28289	0.21464	0.19095	0.12479
V368	0.56242	0.17447	0.14232	0.07709	0.0437
V369	0.03596	0.57006	0.25803	0.11178	0.02416
V370	0.02721	0.23764	0.14225	0.3568	0.2361
V371	0.05271	0.74968	0.10813	0.05545	0.03402
V372	0.49287	0.16163	0.15751	0.1505	0.0375
V373	0.09949	0.5713	0.16891	0.12633	0.03397
V374	0.08871	0.15521	0.34749	0.37982	0.02878
V375	0.23108	0.15948	0.49597	0.10938	0.00408
V376	0.01186	0.17115	0.38228	0.09823	0.33648
V377	0.07539	0.46723	0.2291	0.19473	0.03355
V378	0.11051	0.517	0.20286	0.05753	0.1121
V379	0.03248	0.15769	0.12538	0.17016	0.5143
V380	0.02533	0.1526	0.18207	0.45859	0.18141
V381	0.14014	0.18486	0.02726	0.12481	0.52292
V382	0.3584	0.09738	0.02843	0.31191	0.20389
V383	0.04255	0.10596	0.26593	0.54379	0.04177
V384	0.24241	0.13788	0.17437	0.37644	0.06889
V385	0.08634	0.22456	0.02926	0.12512	0.53471
V386	0.52358	0.09438	0.03647	0.30655	0.03902
V387	0.24356	0.09058	0.03351	0.56106	0.07129
V388	0.0495	0.70998	0.09521	0.1048	0.04051
V389	0.10702	0.66606	0.07481	0.08185	0.07027
V390	0.1724	0.07937	0.03075	0.59698	0.1205
V391	0.55415	0.20927	0.03617	0.13156	0.06884
V392	0.71058	0.12	0.04771	0.09169	0.03002
V393	0.0977	0.12299	0.16128	0.47389	0.14414
V394	0.55676	0.10908	0.05422	0.19467	0.08528
V395	0.01337	0.12032	0.34958	0.47712	0.03962
V396	0.41056	0.15793	0.36275	0.05657	0.01218
V397	0.52094	0.20109	0.06795	0.15653	0.05349
V398	0.071	0.09269	0.17911	0.55771	0.09949
V399	0.05154	0.15099	0.01867	0.32025	0.45855
V400	0.1393	0.47981	0.18651	0.16581	0.02857
V401	0.24282	0.15667	0.51923	0.07988	0.00141
V402	0.28608	0.1644	0.38532	0.11061	0.0536
V403	0.14233	0.19309	0.01996	0.21234	0.43229
V404	0.00776	0.17	0.4339	0.33878	0.04955
V405	0.28466	0.29238	0.10105	0.22964	0.09227
V406	0.01336	0.19936	0.73196	0.05162	0.0037
V407	0.66748	0.12726	0.06878	0.10875	0.02773
V408	0.0376	0.39989	0.04365	0.2769	0.24196
V409	0.11341	0.08735	0.08582	0.59486	0.11855
V410	0.10501	0.25057	0.30804	0.10773	0.22866
V411	0.02568	0.15616	0.02188	0.15783	0.63845
V412	0.02437	0.26487	0.14831	0.12022	0.44223
V413	0.02806	0.30356	0.17275	0.34578	0.14985
V414	0.05399	0.17182	0.02274	0.45797	0.29348
V415	0.15713	0.14188	0.02542	0.13025	0.54533
V416	0.10332	0.20501	0.04348	0.21788	0.43032
V417	0.00667	0.17571	0.63309	0.14723	0.0373
V418	0.43385	0.37704	0.06587	0.07582	0.04743
V419	0.22247	0.14807	0.04061	0.19688	0.39196
V420	0.20598	0.14168	0.11996	0.13704	0.39535
V421	0.01454	0.16217	0.14387	0.15117	0.52825
V422	0.03544	0.09375	0.07178	0.63823	0.1608
V423	0.23233	0.25236	0.27608	0.20167	0.03757
V424	0.00194	0.18206	0.44849	0.08458	0.28293
V425	0.28611	0.39335	0.03787	0.08395	0.19872
V426	0.20919	0.22431	0.05263	0.41651	0.09735
V427	0.17136	0.55906	0.18918	0.05159	0.0288
V428	0.08372	0.58259	0.12114	0.1272	0.08535
V429	0.10943	0.66979	0.06164	0.10721	0.05193
V430	0.02985	0.16704	0.37779	0.21403	0.21129
V431	0.09958	0.377	0.21584	0.24478	0.0628
V432	0.25542	0.15699	0.14125	0.32711	0.11922
V433	0.15677	0.14904	0.44558	0.2199	0.0287
V434	0.18911	0.33385	0.35	0.0657	0.06134
V435	0.41241	0.16503	0.32242	0.08454	0.0156
V436	0.05302	0.5569	0.14315	0.1015	0.14542
V437	0.17612	0.14734	0.04829	0.23469	0.39356
V438	0.11651	0.33141	0.21342	0.26933	0.06934
V439	0.48864	0.08881	0.07542	0.30131	0.04582
V440	0.01754	0.38605	0.49758	0.06194	0.0369
V441	0.02739	0.50175	0.3783	0.07246	0.0201
V442	0.05578	0.76931	0.08029	0.05801	0.0366
V443	0.71203	0.09522	0.04489	0.11734	0.03051
V444	0.13845	0.41049	0.07253	0.31406	0.06446
V445	0.06723	0.39348	0.08095	0.39986	0.05848
V446	0.11002	0.12251	0.11909	0.50615	0.14223
V447	0.07833	0.10872	0.03386	0.45491	0.32418
V448	0.15599	0.14841	0.04037	0.13762	0.51762
V449	0	0.19538	0.75363	0.05098	0
V450	0.1732	0.20543	0.24513	0.17547	0.20077
V451	0.23364	0.24538	0.09127	0.32393	0.10578
V452	0.03053	0.09272	0.17399	0.62251	0.08025
V453	0.03666	0.11598	0.0201	0.46975	0.35751
V454	0.00551	0.18507	0.58597	0.08356	0.13989
V455	0.05486	0.31688	0.27957	0.10844	0.24024
V456	0.70831	0.10264	0.03816	0.10246	0.04842
V457	0.51485	0.24908	0.07132	0.11323	0.05152
V458	0.01902	0.38964	0.46331	0.09294	0.03509
V459	0.13071	0.14784	0.07751	0.45249	0.19146
V460	0.50681	0.14858	0.19931	0.11269	0.03262
V461	0.15521	0.35626	0.25074	0.0776	0.16018
V462	0.06145	0.16108	0.03839	0.4834	0.25568
V463	0.20013	0.1189	0.0426	0.57737	0.06099
V464	0.1255	0.27422	0.53288	0.06038	0.00703
V465	0.04932	0.22639	0.0374	0.14066	0.54624
V466	0.04239	0.13946	0.01897	0.21279	0.58639
V467	0.06543	0.27817	0.05688	0.48874	0.11079
V468	0.43655	0.32218	0.13946	0.06086	0.04095
V469	0.02406	0.36699	0.09056	0.2902	0.22819
V470	0.63292	0.13765	0.06094	0.13485	0.03364
V471	0.32151	0.31893	0.06386	0.17769	0.11802
V472	0.02092	0.181	0.06165	0.13706	0.59937
V473	0.03218	0.28273	0.24838	0.30137	0.13533
V474	0.25074	0.18973	0.08963	0.39976	0.07013
V475	0.12572	0.18585	0.50279	0.08366	0.10197
V476	0.14746	0.11544	0.11931	0.52916	0.08864
V477	0.04828	0.77569	0.08097	0.05832	0.03674
V478	0.16634	0.14813	0.02565	0.12798	0.53191
V479	0.63235	0.13891	0.0674	0.12855	0.0328
V480	0.1202	0.57565	0.10601	0.14385	0.0543
V481	0.20577	0.37556	0.09811	0.20476	0.1158
V482	0.09651	0.5965	0.22444	0.0498	0.03275
V483	0.26706	0.47717	0.04796	0.14275	0.06506
V484	0.18373	0.46923	0.1533	0.15432	0.03943
V485	0.50239	0.16483	0.13573	0.15773	0.03933
V486	0.06003	0.22159	0.2903	0.09031	0.33778
V487	0.1132	0.21577	0.37228	0.272	0.02675
V488	0.35039	0.14563	0.02553	0.33696	0.14149
V489	0.00562	0.30531	0.56997	0.10457	0.01453
V490	0.00878	0.16826	0.61602	0.19668	0.01025
V491	0.03499	0.47588	0.08772	0.15381	0.24761
V492	0.04876	0.18178	0.06241	0.6307	0.07635
V493	0.0476	0.0556	0.03608	0.78761	0.07311
V494	0.28615	0.07876	0.04546	0.49015	0.09949
V495	0.2639	0.27047	0.21917	0.18599	0.06047
V496	0.12683	0.17599	0.0737	0.1189	0.50458
V497	0.09387	0.17447	0.15835	0.17884	0.39446
V498	0.06774	0.732	0.08922	0.06131	0.04972
V499	0.03782	0.31644	0.26362	0.12526	0.25686
V500	0.09695	0.45943	0.14658	0.22503	0.07201
V501	0.0706	0.38488	0.04753	0.10662	0.39036
V502	0.11543	0.67349	0.10023	0.07821	0.03265
V503	0.35294	0.1389	0.2076	0.17718	0.12338
V504	0.39623	0.26657	0.03795	0.0888	0.21044
V505	0.50135	0.11571	0.05111	0.15111	0.18071
V506	0.02638	0.52507	0.10735	0.08375	0.25745
V507	0.64443	0.0963	0.06382	0.14826	0.04719
V508	0.02594	0.57718	0.24236	0.08404	0.07048
V509	0.04939	0.45196	0.17101	0.21137	0.11627
V510	0.33178	0.44934	0.09133	0.09392	0.03363
V511	0.04954	0.3585	0.46184	0.08137	0.04877
V512	0.12613	0.4552	0.20017	0.09788	0.12063
V513	0.14424	0.59256	0.1225	0.09043	0.05027
V514	0.01829	0.16046	0.22873	0.13771	0.45481
V515	0.08861	0.16543	0.03136	0.65306	0.06154
V516	0.14129	0.3592	0.14117	0.30978	0.04856
V517	0.04047	0.09448	0.07608	0.72088	0.06808
V518	0.32293	0.13933	0.29685	0.20183	0.03907
V519	0.60597	0.13878	0.04097	0.17723	0.03705
V520	0.06811	0.71537	0.08123	0.09916	0.03613
V521	0.18978	0.08671	0.15053	0.52148	0.0515
V522	0.03849	0.27963	0.49468	0.15212	0.03508
V523	0.11179	0.19977	0.60007	0.08445	0.00392
V524	0.25651	0.1767	0.47196	0.05441	0.04041
V525	0.02262	0.30284	0.05868	0.12372	0.49214
V526	0.02881	0.19944	0.68811	0.06849	0.01515
V527	0.06613	0.46275	0.38295	0.06018	0.02799
V528	0.15552	0.06394	0.0482	0.67272	0.05962
V529	0.15874	0.18707	0.59107	0.05592	0.00721
V530	0.01328	0.19206	0.6967	0.08679	0.01117
V531	0.14972	0.49955	0.12876	0.0759	0.14607
V532	0.05468	0.34105	0.29669	0.07368	0.23389
V533	0.24746	0.14178	0.01907	0.12087	0.47083
V534	0.13127	0.12236	0.02785	0.64128	0.07725
V535	0.62587	0.18635	0.08499	0.07293	0.02986
V536	0.1026	0.2803	0.35838	0.09156	0.16716
V537	0.03166	0.17173	0.03662	0.14181	0.61818
V538	0.49748	0.19366	0.03646	0.10565	0.16676
V539	0.01072	0.25997	0.55526	0.12787	0.04618
V540	0.14023	0.46685	0.12703	0.1046	0.1613
V541	0.03562	0.44427	0.06019	0.11332	0.34661
V542	0.04246	0.3483	0.14289	0.38428	0.08206
V543	0.04925	0.23659	0.56643	0.09	0.05773
V544	0.27555	0.26783	0.19258	0.11817	0.14586
V545	0.49337	0.34903	0.05437	0.07359	0.02964
V546	0.06068	0.67622	0.13716	0.05993	0.06601
V547	0.08397	0.66775	0.0611	0.13374	0.05345
V548	0.03717	0.11047	0.03776	0.74288	0.07172
V549	0.02208	0.14277	0.0431	0.25568	0.53637
V550	0.039	0.71612	0.15048	0.05863	0.03577
V551	0.04987	0.05355	0.0292	0.7992	0.06819
V552	0.2024	0.1504	0.04047	0.14339	0.46335
V553	0.59974	0.1053	0.0497	0.18545	0.0598
V554	0.09119	0.17159	0.42889	0.27952	0.02882
V555	0.04595	0.76685	0.07812	0.05728	0.05179
V556	0.08887	0.11925	0.0811	0.61989	0.09089
V557	0.26139	0.27219	0.07103	0.3226	0.07278
V558	0.00762	0.18048	0.63711	0.15738	0.01741
V559	0.07985	0.42447	0.41084	0.05439	0.03046
V560	0.48214	0.2774	0.15787	0.06168	0.02091
V561	0.54545	0.11926	0.15185	0.08254	0.10089
V562	0.11255	0.18896	0.16756	0.16651	0.36441
V563	0.17713	0.31716	0.21646	0.14999	0.13925
V564	0.29523	0.12252	0.08206	0.33621	0.16398
V565	0.02309	0.15453	0.03656	0.17186	0.61396
V566	0.25427	0.20831	0.05631	0.32047	0.16064
V567	0.01291	0.18872	0.7469	0.05147	0
V568	0.0287	0.28306	0.3943	0.27207	0.02186
V569	0.48221	0.17933	0.12945	0.15925	0.04975
V570	0.11801	0.13564	0.27172	0.39684	0.0778
V571	0.2195	0.1248	0.23194	0.31628	0.10748
V572	0.65501	0.10769	0.03241	0.09207	0.11282
V573	0.07085	0.17739	0.31816	0.3382	0.09541
V574	0.40863	0.3072	0.10988	0.1324	0.04189
V575	0.30587	0.15497	0.13582	0.12681	0.27652
V576	0.04285	0.74572	0.07454	0.06418	0.07272
V577	0.33258	0.44851	0.0841	0.10047	0.03435
V578	0.02297	0.25323	0.45907	0.21809	0.04664
V579	0.01782	0.49614	0.32743	0.07297	0.08565
V580	0.18355	0.48475	0.06264	0.21492	0.05415
V581	0.04264	0.46213	0.36316	0.11035	0.02173
V582	0	0.21106	0.73298	0.05596	0
V583	0.45609	0.14288	0.30945	0.08007	0.01151
V584	0.18348	0.47785	0.1437	0.08479	0.11019
V585	0.04423	0.66678	0.12066	0.09907	0.06927
V586	0.03465	0.66686	0.2089	0.06294	0.02665
V587	0.05287	0.6249	0.06046	0.08807	0.17369
V588	0.18112	0.40372	0.348	0.04986	0.0173
V589	0.09294	0.38896	0.0877	0.36894	0.06145
V590	0.04807	0.68925	0.05942	0.0706	0.13266
V591	0.3679	0.44766	0.08517	0.06605	0.03322
V592	0.01248	0.17856	0.6343	0.08344	0.09122
V593	0.3554	0.08375	0.03254	0.44834	0.07997
V594	0.00305	0.24275	0.55611	0.16039	0.0377
V595	0.41938	0.12729	0.09169	0.3003	0.06135
V596	0.35408	0.249	0.21266	0.14796	0.0363
V597	0.03327	0.28436	0.03315	0.19224	0.45698
V598	0.48116	0.12366	0.03078	0.09646	0.26794
V599	0.07142	0.39052	0.12804	0.34639	0.06363
V600	0.23205	0.12425	0.18951	0.34787	0.10632
V601	0.13514	0.17296	0.03154	0.44784	0.21253
V602	0.63463	0.20848	0.04341	0.08369	0.0298
V603	0.12236	0.24111	0.05373	0.20122	0.38158
V604	0.01448	0.18328	0.59418	0.13253	0.07553
V605	0.0319	0.20206	0.14473	0.15996	0.46135
V606	0.6551	0.10239	0.03194	0.0929	0.11767
V607	0.14911	0.22767	0.04462	0.11926	0.45934
V608	0.58192	0.12079	0.06175	0.13985	0.0957
V609	0.16554	0.31841	0.05059	0.36932	0.09614
V610	0.08249	0.57224	0.06174	0.23666	0.04688
V611	0.20599	0.17952	0.5087	0.07047	0.03532
V612	0.29789	0.17973	0.29143	0.08048	0.15047
V613	0.33036	0.47166	0.08636	0.08227	0.02935
V614	0.43953	0.14035	0.0442	0.14495	0.23097
V615	0.02048	0.17198	0.15027	0.50812	0.14915
V616	0.50323	0.11596	0.16196	0.17134	0.04751
V617	0.17649	0.19986	0.40732	0.12757	0.08876
V618	0.55401	0.17966	0.09293	0.08293	0.09048
V619	0.42778	0.16324	0.16435	0.07991	0.16472
V620	0.04642	0.1352	0.33298	0.44683	0.03857
V621	0.11594	0.30822	0.29197	0.07169	0.21218
V622	0.01693	0.30927	0.33891	0.08354	0.25134
V623	0.08236	0.08358	0.02975	0.62452	0.17979
V624	0.68959	0.09885	0.04099	0.10072	0.06986
V625	0.02816	0.12551	0.11853	0.66486	0.06294
V626	0.06262	0.16401	0.47791	0.26465	0.03081
V627	0.09754	0.26595	0.13785	0.11779	0.38088
V628	0.70978	0.10754	0.04582	0.10664	0.03023
V629	0.0951	0.30761	0.5227	0.06612	0.00847
V630	0.02287	0.28687	0.0496	0.13341	0.50725
V631	0.00839	0.1728	0.27229	0.11363	0.43289
V632	0.04707	0.67727	0.06583	0.08793	0.1219
V633	0.06357	0.10834	0.10923	0.48679	0.23207
V634	0.32242	0.41728	0.17703	0.06109	0.02219
V635	0.03854	0.23813	0.19753	0.11509	0.41072
V636	0.16145	0.25089	0.29806	0.19845	0.09116
V637	0.17201	0.15091	0.36758	0.23804	0.07146
V638	0.07241	0.4719	0.06272	0.14077	0.2522
V639	0.4119	0.38187	0.11608	0.06045	0.02969
V640	0.10164	0.26668	0.1064	0.25747	0.26781
V641	0.0898	0.6198	0.07907	0.15857	0.05276
V642	0.57027	0.11659	0.03876	0.23892	0.03546
V643	0.04881	0.71951	0.1276	0.0717	0.03238
V644	0.0507	0.40839	0.06584	0.40384	0.07124
V645	0.14169	0.63088	0.07445	0.11772	0.03527
V646	0.12046	0.48555	0.07613	0.2354	0.08247
V647	0.70398	0.0944	0.04395	0.12703	0.03065
V648	0.36748	0.1782	0.03419	0.28293	0.13721
V649	0.22971	0.20221	0.09977	0.17142	0.29689
V650	0.0493	0.06376	0.08318	0.74142	0.06234
V651	0.14125	0.23	0.03435	0.53868	0.05572
V652	0.31107	0.08408	0.06216	0.48399	0.05871
V653	0.29361	0.09645	0.07686	0.45962	0.07346
V654	0.04193	0.20748	0.02114	0.17368	0.55577
V655	0.13561	0.1561	0.28793	0.38307	0.0373
V656	0.11322	0.14906	0.01748	0.19833	0.52191
V657	0.03958	0.46181	0.0749	0.31186	0.11185
V658	0.04303	0.11795	0.05363	0.55804	0.22736
V659	0.03583	0.09658	0.09881	0.66939	0.09939
V660	0.06112	0.39185	0.05596	0.12379	0.36727
V661	0.04385	0.58587	0.06757	0.19682	0.10589
V662	0.03605	0.46728	0.06205	0.09158	0.34304
V663	0.73211	0.09803	0.04857	0.09054	0.03076
V664	0.03388	0.11839	0.13416	0.39676	0.31682
V665	0.02642	0.56578	0.24221	0.11477	0.05083
V666	0.08414	0.71758	0.10462	0.06049	0.03318
V667	0.02986	0.50679	0.28085	0.12837	0.05414
V668	0.49056	0.2709	0.08667	0.11068	0.04119
V669	0.37663	0.32632	0.0656	0.13483	0.09661
V670	0.08383	0.57856	0.09524	0.08987	0.1525
V671	0.56951	0.12143	0.19518	0.09149	0.02239
V672	0.0901	0.1801	0.10981	0.32027	0.29973
V673	0.02481	0.16192	0.02046	0.21186	0.58095
V674	0.27656	0.21625	0.42541	0.05316	0.02861
V675	0.53642	0.10675	0.06702	0.18999	0.09982
V676	0.19756	0.22676	0.43213	0.05767	0.08589
V677	0.04463	0.30742	0.23269	0.34127	0.07399
V678	0.05227	0.37785	0.04707	0.12221	0.40059
V679	0.01757	0.14012	0.41518	0.39531	0.03183
V680	0.15872	0.11591	0.04051	0.36385	0.321
V681	0.42268	0.12079	0.06833	0.29407	0.09413
V682	0	0.19538	0.75363	0.05098	0
V683	0.05151	0.28588	0.54099	0.05402	0.06761
V684	0.0806	0.06428	0.03492	0.75443	0.06577
V685	0.00688	0.18663	0.67872	0.1239	0.00388
V686	0.23397	0.53654	0.11895	0.07279	0.03775
V687	0.00524	0.14978	0.50916	0.30881	0.027
V688	0	0.1934	0.74419	0.05869	0.00372
V689	0.38533	0.16539	0.19904	0.14673	0.10351
V690	0.09304	0.7124	0.08084	0.0738	0.03992
V691	0.13524	0.18138	0.07583	0.53274	0.0748
V692	0.08368	0.09088	0.03996	0.66558	0.1199
V693	0.01732	0.47638	0.41576	0.07248	0.01807
V694	0.09072	0.23109	0.07026	0.50946	0.09847
V695	0.11364	0.23821	0.16095	0.11039	0.3768
V696	0.09351	0.17474	0.60916	0.06102	0.06157
V697	0.09019	0.20746	0.30177	0.30659	0.09399
V698	0.02072	0.1744	0.18624	0.12287	0.49577
V699	0.05103	0.09962	0.06992	0.58948	0.18994
V700	0.05351	0.6943	0.13112	0.0542	0.06687
V701	0.02362	0.28672	0.04157	0.12867	0.51942
V702	0.03945	0.17328	0.03545	0.597	0.15482
V703	0.04401	0.07413	0.05168	0.75918	0.071
V704	0.03844	0.21055	0.36766	0.09654	0.2868
V705	0.70741	0.10865	0.03869	0.09701	0.04824
V706	0.13561	0.21575	0.17405	0.38525	0.08934
V707	0.12943	0.21554	0.09492	0.2901	0.27001
V708	0.02176	0.53077	0.37738	0.05461	0.01548
V709	0.02156	0.16642	0.05327	0.14155	0.6172
V710	0.10437	0.18893	0.42814	0.07257	0.20599
V711	0.06604	0.14713	0.04179	0.1509	0.59414
V712	0.04918	0.17246	0.58016	0.1825	0.01571
V713	0.2003	0.4125	0.31025	0.06181	0.01514
V714	0.06031	0.1546	0.01965	0.14478	0.62067
V715	0.00846	0.33414	0.52094	0.12346	0.013
V716	0.56711	0.22766	0.05196	0.11023	0.04303
V717	0.32263	0.2507	0.1417	0.09349	0.19147
V718	0.50319	0.13374	0.25526	0.06731	0.0405
V719	0.32434	0.28636	0.12988	0.15369	0.10572
V720	0.11551	0.18295	0.10704	0.13801	0.45651
V721	0.03716	0.15754	0.06755	0.14881	0.58894
V722	0.03439	0.27701	0.08788	0.4449	0.15582
V723	0.10456	0.25608	0.13687	0.44107	0.06142
V724	0.11351	0.56915	0.09144	0.18407	0.04184
V725	0.04133	0.15643	0.02812	0.14527	0.62885
V726	0.18758	0.47531	0.0961	0.10863	0.13238
V727	0.00536	0.19358	0.73936	0.05801	0.00369
V728	0.58547	0.12554	0.13956	0.12219	0.02724
V729	0.47992	0.17485	0.05975	0.24551	0.03998
V730	0.10417	0.1481	0.34744	0.33628	0.064
V731	0.03282	0.07865	0.08499	0.74107	0.06247
V732	0.04818	0.05472	0.03652	0.79317	0.0674
V733	0.02131	0.20417	0.71947	0.05115	0.0039
V734	0.37657	0.19245	0.32021	0.08971	0.02106
V735	0.0651	0.27317	0.22509	0.10876	0.32789
V736	0.02402	0.18593	0.02977	0.1427	0.61759
V737	0.72788	0.10335	0.04853	0.0896	0.03064
V738	0.02822	0.48027	0.05525	0.09827	0.33799
V739	0.04885	0.0692	0.02913	0.78492	0.0679
V740	0.18908	0.2086	0.12436	0.11086	0.3671
V741	0.41645	0.11015	0.03166	0.31632	0.12542
V742	0.0609	0.17633	0.46657	0.1864	0.10979
V743	0.03504	0.18765	0.09273	0.19632	0.48826
V744	0.17054	0.14941	0.1782	0.43385	0.068
V745	0.16168	0.09274	0.07196	0.61256	0.06106
V746	0.2999	0.49561	0.08665	0.06494	0.05291
V747	0.02107	0.20275	0.71007	0.05684	0.00926
V748	0.1354	0.29418	0.275	0.11434	0.18108
V749	0.16479	0.18398	0.13743	0.38709	0.12671
V750	0.58151	0.2299	0.04763	0.11098	0.02998
V751	0.02721	0.39435	0.50047	0.06603	0.01194
V752	0.03105	0.2509	0.04728	0.13158	0.53919
V753	0.41741	0.16991	0.23541	0.08757	0.08971
V754	0.11438	0.32092	0.04609	0.46131	0.0573
V755	0.20364	0.60941	0.09563	0.0559	0.03542
V756	0.03078	0.2323	0.04596	0.166	0.52496
V757	0.16588	0.0794	0.11859	0.57967	0.05646
V758	0.07192	0.40539	0.04386	0.42196	0.05688
V759	0.08714	0.18183	0.11597	0.1164	0.49866
V760	0.07386	0.16391	0.21263	0.27439	0.27521
V761	0.04626	0.32542	0.56705	0.05425	0.00702
V762	0.02363	0.15711	0.18076	0.38432	0.25418
V763	0.03462	0.35114	0.03754	0.11238	0.46432
V764	0.11469	0.12901	0.1063	0.58587	0.06412
V765	0.13184	0.18412	0.53698	0.09038	0.05668
V766	0.06187	0.47497	0.26102	0.09534	0.10679
V767	0.22967	0.45497	0.10275	0.10004	0.11256
V768	0.05661	0.70374	0.11009	0.09084	0.03871
V769	0.56575	0.13045	0.18821	0.07117	0.04442
V770	0.24048	0.1485	0.42658	0.16865	0.01578
V771	0.06359	0.63909	0.06355	0.13226	0.10151
V772	0.03676	0.19535	0.71408	0.05381	0
V773	0.04224	0.13971	0.01849	0.25776	0.54181
V774	0.12724	0.17523	0.46455	0.06761	0.16537
V775	0.68812	0.09604	0.05412	0.12351	0.03821
V776	0.28572	0.40987	0.18456	0.07841	0.04144
V777	0.1742	0.38616	0.25232	0.13519	0.05212
V778	0.43319	0.14543	0.03968	0.23946	0.14225
V779	0.05391	0.41813	0.44919	0.05972	0.01905
V780	0.01317	0.18736	0.74444	0.05504	0
V781	0.15094	0.36443	0.19312	0.07271	0.21879
V782	0.20575	0.3146	0.0511	0.0996	0.32895
V783	0	0.18317	0.54996	0.08914	0.17773
V784	0.0366	0.55687	0.05126	0.25622	0.09906
V785	0.5555	0.19487	0.03532	0.14928	0.06504
V786	0.15638	0.23024	0.04775	0.49658	0.06905
V787	0.12448	0.53587	0.04978	0.20692	0.08296
V788	0.31085	0.41148	0.10736	0.06366	0.10665
V789	0.02684	0.23205	0.03359	0.4034	0.30413
V790	0.24169	0.29012	0.09	0.16426	0.21394
V791	0.15878	0.28589	0.09887	0.22617	0.23029
V792	0.70918	0.11124	0.05812	0.08422	0.03724
V793	0.27716	0.3134	0.08438	0.1452	0.17985
V794	0.02467	0.16174	0.11771	0.24438	0.45151
V795	0.11725	0.69749	0.07951	0.06168	0.04407
V796	0.24451	0.39555	0.13949	0.1705	0.04996
V797	0.14014	0.14075	0.01776	0.14679	0.55455
V798	0.12011	0.49586	0.05041	0.13956	0.19407
V799	0.04624	0.20435	0.07858	0.58075	0.09008
V800	0.03973	0.15306	0.03433	0.21886	0.55401
V801	0.31449	0.10159	0.13856	0.38614	0.05922
V802	0.04148	0.30042	0.0419	0.12375	0.49245
V803	0.27002	0.09951	0.03377	0.52761	0.06909
V804	0.16967	0.22802	0.20643	0.32972	0.06615
V805	0.11949	0.23728	0.38977	0.17994	0.07351
V806	0.37817	0.14388	0.19766	0.122	0.15829
V807	0.56131	0.11595	0.08773	0.11684	0.11816
V808	0.64294	0.1123	0.07666	0.08316	0.08495
V809	0.1725	0.55187	0.07176	0.08739	0.11649
V810	0.04071	0.15546	0.06129	0.45007	0.29246
V811	0.05731	0.21894	0.04455	0.19619	0.48302
V812	0.02794	0.58381	0.22719	0.11434	0.04672
V813	0.03067	0.32063	0.22859	0.08801	0.33211
V814	0.17063	0.49463	0.10831	0.17722	0.04921
V815	0.19747	0.58211	0.0853	0.09802	0.0371
V816	0.03611	0.46666	0.05442	0.37216	0.07066
V817	0.59517	0.13525	0.1611	0.08822	0.02027
V818	0.03431	0.3058	0.33899	0.09902	0.22188
V819	0.70581	0.10813	0.0515	0.10508	0.02948
V820	0.06928	0.36306	0.15132	0.35391	0.06243
V821	0.02578	0.15696	0.02218	0.15191	0.64318
V822	0.18255	0.07894	0.04107	0.63883	0.05861
V823	0.04525	0.22671	0.23093	0.09894	0.39818
V824	0.07528	0.17662	0.04273	0.13183	0.57355
V825	0.11692	0.15949	0.53609	0.18053	0.00697
V826	0.02866	0.18857	0.71709	0.06568	0
V827	0.29905	0.20016	0.02915	0.3614	0.11024
V828	0.20957	0.24513	0.12688	0.1327	0.28572
V829	0.07931	0.21086	0.29316	0.20647	0.21021
V830	0.11277	0.18277	0.56701	0.07293	0.06453
V831	0.03671	0.63381	0.10396	0.17253	0.05299
V832	0.19215	0.1205	0.08778	0.28253	0.31704
V833	0.16636	0.6495	0.06807	0.05786	0.0582
V834	0.5707	0.20293	0.06869	0.09362	0.06406
V835	0.2135	0.31134	0.11914	0.26647	0.08955
V836	0.28482	0.18588	0.3835	0.13027	0.01553
V837	0.04023	0.70879	0.07778	0.08985	0.08336
V838	0.03117	0.06692	0.10058	0.73426	0.06706
V839	0.04409	0.18227	0.09284	0.12621	0.55458
V840	0.69831	0.10434	0.06245	0.10234	0.03257
V841	0.16604	0.18068	0.59513	0.05589	0.00227
V842	0.40554	0.14721	0.20551	0.20789	0.03386
V843	0.37397	0.13493	0.15784	0.13558	0.19769
V844	0.01053	0.27882	0.62823	0.06783	0.01459
V845	0.04707	0.09296	0.02138	0.57808	0.26051
V846	0.10588	0.1814	0.11572	0.15701	0.43999
V847	0.19235	0.13787	0.07134	0.20378	0.39465
V848	0.57563	0.13033	0.03577	0.14972	0.10855
V849	0.10412	0.20456	0.57888	0.05942	0.05301
V850	0.17926	0.16947	0.27705	0.18758	0.18663
V851	0.72985	0.09706	0.04162	0.09589	0.03559
V852	0.21164	0.17572	0.09878	0.22273	0.29114
V853	0.02754	0.24232	0.51984	0.15548	0.05482
V854	0.04105	0.39056	0.25919	0.1272	0.18199
V855	0.09685	0.38415	0.12551	0.29918	0.0943
V856	0.14146	0.42342	0.09043	0.07981	0.26488
V857	0.07752	0.1508	0.17913	0.39698	0.19557
V858	0.02644	0.37858	0.20978	0.22747	0.15774
V859	0.13698	0.08163	0.04775	0.65177	0.08187
V860	0.05315	0.19277	0.09376	0.56629	0.09403
V861	0.13766	0.10574	0.14525	0.55705	0.05429
V862	0.0745	0.14666	0.04062	0.19975	0.53847
V863	0.04463	0.75752	0.08423	0.06241	0.05121
V864	0.02894	0.17715	0.69775	0.09616	0
V865	0.06812	0.15663	0.53481	0.23031	0.01013
V866	0.02706	0.18743	0.53993	0.21997	0.02562
V867	0.47394	0.1433	0.0317	0.09406	0.257
V868	0.1807	0.28618	0.36641	0.13769	0.02901
V869	0.03084	0.15006	0.04425	0.15063	0.62421
V870	0.23266	0.23698	0.10463	0.2595	0.16623
V871	0.04225	0.18989	0.11804	0.18381	0.466
V872	0.33061	0.1139	0.04062	0.43562	0.07926
V873	0.05734	0.34038	0.1749	0.34411	0.08328
V874	0.09488	0.18729	0.02723	0.13627	0.55433
V875	0.02698	0.23762	0.05204	0.46676	0.21659
V876	0.39516	0.17306	0.08179	0.09945	0.25054
V877	0.19685	0.54725	0.08968	0.12366	0.04256
V878	0.03682	0.5964	0.09395	0.2225	0.05033
V879	0.6873	0.12571	0.05104	0.10243	0.03351
V880	0.08653	0.16924	0.05296	0.42105	0.27021
V881	0.00856	0.18317	0.48084	0.07911	0.24832
V882	0.05338	0.43144	0.06109	0.40464	0.04945
V883	0.4145	0.22781	0.04532	0.21055	0.10182
V884	0.02613	0.14904	0.02217	0.15998	0.64268
V885	0.13759	0.20057	0.35554	0.15211	0.15419
V886	0.02196	0.1304	0.05074	0.29636	0.50053
V887	0.08535	0.72801	0.07418	0.05695	0.05551
V888	0.07124	0.15946	0.08333	0.59048	0.09549
V889	0.10644	0.67891	0.09983	0.0722	0.04263
V890	0.046	0.10636	0.15489	0.56637	0.12637
V891	0	0.21017	0.72827	0.06155	0
V892	0.47505	0.27872	0.05703	0.07798	0.11123
V893	0.11499	0.2719	0.45001	0.11402	0.04909
V894	0.09286	0.47913	0.09216	0.26331	0.07254
V895	0.50672	0.131	0.26198	0.08222	0.01808
V896	0.17604	0.26646	0.24044	0.28225	0.0348
V897	0.02993	0.07292	0.06476	0.68752	0.14488
V898	0.34473	0.13286	0.03428	0.125	0.36313
V899	0.4466	0.32582	0.11814	0.06241	0.04702
V900	0.20709	0.28151	0.27109	0.20196	0.03836
V901	0.52832	0.13719	0.03612	0.2147	0.08367
V902	0.64681	0.13417	0.05367	0.10965	0.0557
V903	0.24027	0.14372	0.09533	0.44817	0.07251
V904	0.54804	0.18409	0.17131	0.0642	0.03236
