mature.neutrophil	CD14.pos.CD16.neg.classical.monocyte	macrophage	memory.CD4.pos.AB.T.cell	cytotoxic.CD56.dim.NK.cell
V1	0.24892	0.21937	0.25789	0.16787	0.10595
V2	0.0478	0.70023	0.10959	0.10042	0.04196
V3	0.04299	0.15029	0.39714	0.37863	0.03095
V4	0.00899	0.12229	0.25959	0.09277	0.51637
V5	0.01909	0.07632	0.09569	0.14146	0.66744
V6	0.25197	0.14558	0.26997	0.24177	0.09071
V7	3e-04	0.16963	0.40849	0.10427	0.31731
V8	0	0.21322	0.67489	0.09581	0.01609
V9	0.04267	0.10643	0.25853	0.5608	0.03157
V10	0.32726	0.18682	0.40618	0.05159	0.02815
V11	0.03404	0.10323	0.13857	0.10699	0.61717
V12	0.06517	0.1148	0.234	0.30762	0.27841
V13	0.11523	0.10553	0.06602	0.42879	0.28443
V14	0.13394	0.07239	0.09439	0.60756	0.09172
V15	0.02552	0.0596	0.02346	0.84176	0.04966
V16	0.45181	0.14239	0.03801	0.3428	0.02498
V17	0.06382	0.27377	0.05603	0.10292	0.50346
V18	0.06272	0.41655	0.2737	0.22421	0.02283
V19	0.0336	0.07187	0.03306	0.15994	0.70152
V20	0	0.17906	0.5873	0.20897	0.02468
V21	0.01699	0.29492	0.16911	0.19075	0.32823
V22	0.62848	0.18033	0.08898	0.07093	0.03128
V23	0.07594	0.08438	0.05556	0.17497	0.60915
V24	0.38548	0.18611	0.05141	0.10246	0.27454
V25	0.02698	0.07907	0.04393	0.44084	0.40919
V26	0.38573	0.25678	0.09289	0.09662	0.16798
V27	0.09824	0.48537	0.22131	0.05486	0.14022
V28	0.0226	0.14642	0.21319	0.56805	0.04973
V29	0.00013	0.11011	0.31705	0.53585	0.03685
V30	0.58058	0.18723	0.05443	0.09101	0.08675
V31	0.35058	0.19423	0.04253	0.26469	0.14796
V32	0.72044	0.11309	0.03144	0.08456	0.05047
V33	0.02534	0.22967	0.05499	0.1565	0.5335
V34	0.10892	0.75383	0.06464	0.06085	0.01175
V35	0.07135	0.5618	0.28416	0.07106	0.01164
V36	0.02268	0.23695	0.20251	0.12674	0.41112
V37	0.60881	0.10046	0.02369	0.08539	0.18165
V38	0.08347	0.17134	0.42898	0.2039	0.1123
V39	0.24649	0.16825	0.32151	0.06377	0.19998
V40	0.19284	0.55761	0.06511	0.14719	0.03724
V41	0.0465	0.75922	0.07366	0.05416	0.06646
V42	0.67075	0.14066	0.04519	0.08388	0.05952
V43	0.3458	0.23607	0.32331	0.07592	0.01891
V44	0.01518	0.35515	0.5003	0.04579	0.08358
V45	0.03075	0.60513	0.1457	0.17393	0.04449
V46	0.09864	0.67802	0.12317	0.07726	0.02291
V47	0	0.21891	0.71824	0.04253	0.02033
V48	0.12895	0.20412	0.2318	0.32486	0.11027
V49	0.34503	0.22952	0.23026	0.17282	0.02237
V50	0.00037	0.23289	0.709	0.04235	0.01538
V51	0.08329	0.31119	0.22652	0.10269	0.27631
V52	0.0519	0.80644	0.06937	0.06067	0.01162
V53	0.02851	0.18275	0.03761	0.7141	0.03703
V54	0.18711	0.06252	0.0367	0.54755	0.16612
V55	0.0693	0.04695	0.02169	0.81965	0.04241
V56	0.06775	0.04159	0.02931	0.74147	0.11988
V57	0.10425	0.25316	0.48681	0.06656	0.08922
V58	0.06329	0.08441	0.16628	0.23299	0.45304
V59	0.64668	0.14119	0.10721	0.0831	0.02182
V60	0.33401	0.25894	0.14888	0.1648	0.09337
V61	0.17496	0.08029	0.05782	0.26129	0.42564
V62	0.04517	0.14147	0.30774	0.16234	0.34328
V63	0.32715	0.29628	0.09678	0.08995	0.18984
V64	0.71736	0.12973	0.0462	0.0823	0.02441
V65	0.07678	0.12307	0.06584	0.59997	0.13435
V66	0.02435	0.07631	0.14985	0.70652	0.04297
V67	0.00343	0.13946	0.34245	0.12835	0.38631
V68	0.33004	0.16021	0.35796	0.08498	0.06682
V69	0.44231	0.21616	0.20763	0.07766	0.05624
V70	0.05324	0.6324	0.09678	0.19065	0.02694
V71	0.08343	0.69189	0.09994	0.10673	0.018
V72	0.03897	0.40147	0.07159	0.08352	0.40446
V73	0.05234	0.07443	0.12436	0.55943	0.18945
V74	0.01667	0.09293	0.03326	0.76401	0.09313
V75	0.34356	0.27256	0.29607	0.06457	0.02324
V76	0.01479	0.0472	0.04003	0.81594	0.08204
V77	0	0.21572	0.6966	0.07183	0.01585
V78	0	0.22183	0.70994	0.04804	0.0202
V79	0.07092	0.39808	0.08457	0.17852	0.2679
V80	0.11155	0.65873	0.05743	0.09876	0.07353
V81	0	0.22175	0.72017	0.04256	0.01552
V82	0.19719	0.19219	0.05851	0.51616	0.03595
V83	0.08813	0.12061	0.04954	0.54355	0.19818
V84	0.09102	0.20565	0.04408	0.10944	0.54982
V85	0	0.21856	0.71757	0.04835	0.01552
V86	0.01487	0.29249	0.30421	0.35936	0.02908
V87	0.36594	0.09217	0.06592	0.43617	0.0398
V88	0.25947	0.21096	0.08538	0.23058	0.21362
V89	0.01853	0.25759	0.6379	0.07114	0.01484
V90	0.02169	0.22168	0.0979	0.15055	0.50819
V91	0.01084	0.06188	0.09983	0.78696	0.04049
V92	0.21482	0.11107	0.0608	0.11346	0.49986
V93	0.00899	0.14808	0.18291	0.49631	0.16371
V94	0.04	0.20134	0.05874	0.28003	0.41991
V95	0.06182	0.2571	0.06258	0.15489	0.46362
V96	0.62184	0.11527	0.05069	0.09648	0.11572
V97	0.14737	0.10142	0.07829	0.16786	0.50506
V98	0.04223	0.38654	0.21406	0.15644	0.20074
V99	0.41624	0.18559	0.03397	0.25845	0.10575
V100	0.4286	0.2246	0.08191	0.11071	0.1542
V101	0.05918	0.79306	0.07646	0.05986	0.01144
V102	0.24857	0.28603	0.16375	0.14766	0.15399
V103	0.12543	0.06249	0.03833	0.1182	0.65555
V104	0.0425	0.41411	0.13141	0.0807	0.33129
V105	0.02037	0.08031	0.07779	0.15111	0.67042
V106	0.04177	0.672	0.19839	0.05397	0.03386
V107	0.02507	0.31546	0.56182	0.07851	0.01914
V108	0	0.30396	0.64005	0.04174	0.01426
V109	0.0553	0.2439	0.09327	0.30524	0.30229
V110	0.1389	0.47633	0.21507	0.14452	0.02518
V111	0.20123	0.31071	0.42262	0.05238	0.01305
V112	0.1512	0.07717	0.12968	0.46576	0.17619
V113	0.20409	0.09462	0.13385	0.19834	0.36909
V114	0.45125	0.1549	0.07649	0.21515	0.10221
V115	0.68315	0.10529	0.03009	0.08878	0.09269
V116	0.02505	0.06566	0.03475	0.13424	0.7403
V117	0.02283	0.20547	0.63837	0.10249	0.03084
V118	0.04269	0.04475	0.0222	0.83413	0.05622
V119	0.23337	0.15744	0.35172	0.23739	0.02007
V120	0	0.19665	0.64421	0.12242	0.03672
V121	0.17256	0.64855	0.05638	0.06336	0.05915
V122	0.03	0.38485	0.12729	0.26134	0.19652
V123	0.39219	0.12849	0.10069	0.22827	0.15035
V124	0.18378	0.16869	0.09434	0.25851	0.29468
V125	0.02345	0.4535	0.45707	0.04844	0.01754
V126	0.12403	0.25007	0.2384	0.15207	0.23542
V127	0.18451	0.18469	0.52455	0.08655	0.01971
V128	0.18049	0.67566	0.06609	0.05473	0.02304
V129	0.20459	0.15049	0.26898	0.19888	0.17706
V130	0.02778	0.47492	0.08865	0.25699	0.15167
V131	0.01164	0.09709	0.23419	0.62318	0.0339
V132	0.30401	0.08434	0.02273	0.36926	0.21966
V133	0	0.19411	0.49624	0.1151	0.19455
V134	0.03858	0.20974	0.62346	0.06263	0.06558
V135	0.0054	0.24925	0.59833	0.06391	0.08311
V136	0.73737	0.11779	0.03268	0.08648	0.02568
V137	0.69113	0.13333	0.03152	0.10432	0.0397
V138	0.21115	0.20066	0.11268	0.18158	0.29393
V139	0.09981	0.08126	0.171	0.60836	0.03956
V140	0.02974	0.09173	0.18972	0.10205	0.58676
V141	0.00313	0.31137	0.54748	0.11745	0.02056
V142	0.16228	0.13098	0.32175	0.16289	0.2221
V143	0.00649	0.2821	0.44411	0.15754	0.10976
V144	0.39774	0.26323	0.099	0.16567	0.07436
V145	0	0.21919	0.70185	0.05393	0.02504
V146	0.03479	0.33948	0.04782	0.3432	0.23472
V147	0.05761	0.2231	0.55911	0.12399	0.03619
V148	0.13846	0.68988	0.06693	0.08109	0.02364
V149	0.01653	0.04326	0.02333	0.83997	0.0769
V150	0.09637	0.29648	0.50171	0.04582	0.05962
V151	0.3575	0.08386	0.03577	0.41451	0.10835
V152	0.0168	0.06384	0.13291	0.69726	0.0892
V153	0.12068	0.27567	0.4176	0.08793	0.09812
V154	0.10583	0.55274	0.07567	0.08437	0.18139
V155	0.03279	0.07691	0.14926	0.69863	0.04242
V156	0.07233	0.15998	0.3785	0.1742	0.21499
V157	0.07853	0.12882	0.19127	0.2978	0.30357
V158	0.14339	0.15252	0.40993	0.09241	0.20175
V159	0.10122	0.23191	0.04652	0.56409	0.05626
V160	0.36543	0.22529	0.12378	0.1032	0.1823
V161	0.19211	0.10262	0.09498	0.09768	0.5126
V162	0	0.22512	0.71696	0.04251	0.01541
V163	0.05958	0.06803	0.04892	0.14503	0.67843
V164	0.70246	0.15128	0.04035	0.08672	0.01918
V165	0.4689	0.26556	0.11146	0.10689	0.0472
V166	0.04345	0.09622	0.24342	0.53008	0.08684
V167	0.03544	0.58862	0.07093	0.17279	0.13222
V168	0	0.22512	0.71696	0.04251	0.01541
V169	0.04505	0.61177	0.20288	0.11644	0.02386
V170	0.20461	0.37967	0.09461	0.22264	0.09846
V171	0.22406	0.1969	0.33556	0.19266	0.05082
V172	0.15882	0.26471	0.11086	0.0956	0.37
V173	0.17591	0.16187	0.11681	0.40084	0.14458
V174	0.15945	0.13344	0.3362	0.21549	0.15542
V175	0.06803	0.20204	0.1536	0.22084	0.3555
V176	0.30758	0.0771	0.02821	0.5544	0.03271
V177	0.13232	0.18747	0.47757	0.17955	0.02309
V178	0.19771	0.18407	0.4065	0.14116	0.07056
V179	0.09825	0.07688	0.03965	0.11895	0.66627
V180	0.01927	0.14388	0.34964	0.07916	0.40805
V181	0.0656	0.29422	0.0402	0.13229	0.4677
V182	0.45043	0.26152	0.03789	0.20343	0.04673
V183	0.06797	0.79301	0.06807	0.0535	0.01745
V184	0.23697	0.1317	0.28269	0.30921	0.03944
V185	0.09259	0.45911	0.07033	0.18706	0.19091
V186	0.12206	0.21547	0.06436	0.28924	0.30887
V187	0.07338	0.60764	0.05455	0.2412	0.02323
V188	0.63898	0.1324	0.05739	0.14718	0.02405
V189	0.36294	0.26627	0.06842	0.2758	0.02656
V190	0.32133	0.17318	0.22732	0.08026	0.19791
V191	0.18645	0.23793	0.03835	0.42634	0.11093
V192	0.25655	0.24185	0.15191	0.23738	0.11231
V193	0.04485	0.29658	0.46839	0.0803	0.10988
V194	0.22667	0.13165	0.11803	0.16582	0.35783
V195	0.42098	0.25474	0.23761	0.06791	0.01876
V196	0.01898	0.06839	0.0957	0.14251	0.67442
V197	0.06588	0.76896	0.06586	0.08137	0.01793
V198	0.19828	0.25433	0.07268	0.24244	0.23227
V199	0.56235	0.14567	0.21353	0.06307	0.01538
V200	0.60458	0.10114	0.0573	0.09716	0.13981
V201	0.03993	0.04483	0.04678	0.69386	0.17459
V202	0.70494	0.1549	0.02722	0.08832	0.02461
V203	0.42914	0.28575	0.06191	0.1144	0.10881
V204	0.2962	0.14889	0.06814	0.09004	0.39673
V205	0.10329	0.11607	0.14953	0.14524	0.48587
V206	0.0447	0.12456	0.02585	0.7404	0.06448
V207	0.02552	0.0596	0.02346	0.84176	0.04966
V208	0.11143	0.29908	0.43047	0.08541	0.07361
V209	0.1416	0.10715	0.13066	0.11655	0.50404
V210	0	0.21704	0.71447	0.0482	0.02028
V211	0.13165	0.12939	0.22556	0.1042	0.4092
V212	0.05359	0.67525	0.13258	0.08518	0.0534
V213	0.09557	0.06713	0.09331	0.3057	0.43829
V214	0.01464	0.51622	0.38491	0.05611	0.02812
V215	0.20549	0.27008	0.16621	0.13209	0.22613
V216	0.04446	0.15638	0.3324	0.10308	0.36369
V217	0.01405	0.04158	0.0482	0.79452	0.10164
V218	0.0557	0.24951	0.28812	0.32344	0.08324
V219	0.09293	0.31908	0.36313	0.2021	0.02276
V220	0.16587	0.64774	0.11136	0.05819	0.01683
V221	0.02839	0.1977	0.45988	0.06732	0.2467
V222	0.03317	0.06677	0.04257	0.13688	0.72061
V223	0.37841	0.14717	0.29128	0.15584	0.0273
V224	0.04067	0.51703	0.07567	0.13448	0.23215
V225	0.53539	0.23873	0.14342	0.06298	0.01949
V226	0.38341	0.48916	0.04608	0.06218	0.01917
V227	0.0849	0.2621	0.04063	0.55625	0.05612
V228	0.42444	0.15661	0.25836	0.11912	0.04147
V229	0.20412	0.40279	0.27121	0.0877	0.03418
V230	0.03311	0.05872	0.04252	0.13842	0.72722
V231	0.0565	0.55228	0.10889	0.20384	0.07849
V232	0.58876	0.14065	0.18417	0.07058	0.01584
V233	0.05549	0.11166	0.17805	0.16164	0.49317
V234	0.014	0.37558	0.23478	0.33594	0.0397
V235	0.72954	0.1201	0.02572	0.10372	0.02091
V236	0.05009	0.17979	0.53144	0.1885	0.05018
V237	0.09819	0.17103	0.26771	0.31187	0.1512
V238	0.02014	0.05666	0.03745	0.34677	0.53899
V239	0.06063	0.3979	0.09288	0.21591	0.23268
V240	0.06304	0.74339	0.072	0.06751	0.05406
V241	0.05178	0.80777	0.0694	0.05356	0.0175
V242	0.02488	0.34441	0.30057	0.26912	0.06102
V243	0.35055	0.14935	0.30672	0.08418	0.1092
V244	0.0255	0.41159	0.22473	0.1259	0.21228
V245	0.04756	0.77702	0.09143	0.07253	0.01146
V246	0.48497	0.29825	0.0621	0.07371	0.08097
V247	0.1304	0.23768	0.51026	0.08716	0.0345
V248	0.08863	0.56091	0.07708	0.07117	0.20221
V249	0.20438	0.16359	0.22062	0.14937	0.26204
V250	0.00634	0.19825	0.55435	0.07787	0.16319
V251	0.1782	0.0958	0.11082	0.54663	0.06855
V252	0.01036	0.23883	0.48607	0.16205	0.10269
V253	0.24254	0.51665	0.12447	0.09283	0.02351
V254	0.42174	0.37634	0.03821	0.1367	0.02701
V255	0.63644	0.16467	0.02616	0.0963	0.07644
V256	0.04055	0.68533	0.07702	0.06479	0.13232
V257	0.34337	0.33016	0.16646	0.09037	0.06965
V258	0.13687	0.31721	0.0834	0.43056	0.03196
V259	0.40233	0.3156	0.19083	0.06263	0.02862
V260	0.22389	0.12032	0.13466	0.15067	0.37046
V261	0.00968	0.16307	0.45376	0.27022	0.10327
V262	0.67989	0.1368	0.07255	0.08778	0.02297
V263	0.6107	0.16426	0.03881	0.16693	0.01929
V264	0.06493	0.76172	0.07349	0.0879	0.01196
V265	0.61616	0.17991	0.0956	0.087	0.02133
V266	0.02583	0.07485	0.12116	0.12923	0.64893
V267	0.05809	0.06185	0.03768	0.23815	0.60423
V268	0.1596	0.41397	0.17163	0.20322	0.05158
V269	0.0636	0.35342	0.34446	0.19919	0.03934
V270	0.04826	0.05357	0.05522	0.80213	0.04082
V271	0.19638	0.63011	0.06248	0.07593	0.03509
V272	0.09529	0.71263	0.08497	0.06602	0.04109
V273	0.22999	0.11439	0.18733	0.33003	0.13826
V274	0.091	0.10158	0.07022	0.25978	0.47742
V275	0.03726	0.61904	0.19552	0.12404	0.02415
V276	0	0.1836	0.56812	0.21297	0.03531
V277	0.24908	0.18084	0.48254	0.05435	0.03319
V278	9e-04	0.14371	0.32556	0.41593	0.1139
V279	0.1296	0.05636	0.03647	0.70139	0.07619
V280	0.16587	0.08166	0.06116	0.58644	0.10486
V281	0.02729	0.23226	0.07329	0.62794	0.03923
V282	0.05994	0.80019	0.0688	0.05359	0.01748
V283	0.30232	0.10504	0.13854	0.10481	0.34928
V284	0.01262	0.24658	0.48098	0.05618	0.20365
V285	0.41626	0.433	0.04189	0.08885	0.02
V286	0.04398	0.21796	0.6469	0.07127	0.01989
V287	0.19758	0.15074	0.18394	0.30177	0.16598
V288	0.13667	0.1866	0.52214	0.05578	0.09881
V289	0.13592	0.23529	0.05422	0.53827	0.0363
V290	0.3347	0.43527	0.16263	0.0549	0.01249
V291	0.33269	0.23277	0.03674	0.3672	0.0306
V292	0.08961	0.16483	0.38568	0.09189	0.268
V293	0	0.25939	0.63838	0.07747	0.02476
V294	0.02406	0.0673	0.04378	0.13142	0.73345
V295	0.00832	0.13401	0.31448	0.46028	0.08291
V296	0.65684	0.18702	0.02801	0.08954	0.0386
V297	0.00217	0.19862	0.61993	0.13663	0.04265
V298	0.25099	0.06554	0.02824	0.53974	0.11547
V299	0.2271	0.05713	0.03531	0.64498	0.03547
V300	0.73717	0.12222	0.02644	0.09314	0.02103
V301	0.72179	0.11351	0.03137	0.10782	0.02551
V302	0.01873	0.05306	0.03542	0.45567	0.43713
V303	0.08837	0.23731	0.23104	0.20861	0.23467
V304	0.12082	0.21499	0.58593	0.0499	0.02836
V305	0.17547	0.33347	0.12838	0.1545	0.20819
V306	0.27635	0.57688	0.05135	0.07147	0.02396
V307	0.17831	0.12004	0.26036	0.41423	0.02705
V308	0.155	0.18995	0.5304	0.10442	0.02023
V309	0.50542	0.15119	0.07504	0.17017	0.09818
V310	0.04113	0.07937	0.04014	0.1919	0.64746
V311	0.02117	0.0459	0.06482	0.81979	0.04832
V312	0.07122	0.30188	0.26958	0.06727	0.29004
V313	0.06021	0.29985	0.05319	0.34418	0.24257
V314	0.08165	0.06433	0.03331	0.42084	0.39987
V315	0.72217	0.11566	0.03836	0.08379	0.04002
V316	0.08594	0.5136	0.26889	0.07416	0.0574
V317	0.26685	0.22157	0.42876	0.05476	0.02806
V318	0.70026	0.10907	0.03063	0.08363	0.07641
V319	0.06027	0.23539	0.63619	0.05369	0.01446
V320	0.07697	0.04159	0.02924	0.80432	0.04789
V321	0.1004	0.35555	0.30201	0.20823	0.03382
V322	0	0.33242	0.5039	0.08384	0.07984
V323	0.17856	0.29479	0.39248	0.06761	0.06655
V324	0.03962	0.08652	0.06513	0.76319	0.04554
V325	0.48212	0.18634	0.10647	0.16361	0.06145
V326	0.05323	0.08167	0.08996	0.21014	0.56501
V327	0.26415	0.45921	0.14479	0.07455	0.05729
V328	0.03896	0.30218	0.18726	0.43379	0.03781
V329	0	0.15832	0.35953	0.44871	0.03345
V330	0.044	0.21915	0.64968	0.04323	0.04394
V331	0.12363	0.10249	0.12202	0.16311	0.48876
V332	0.32528	0.19537	0.38852	0.05754	0.03329
V333	0.29874	0.15395	0.28907	0.18417	0.07406
V334	0.02261	0.34442	0.48494	0.10719	0.04083
V335	0.54848	0.15501	0.10329	0.10047	0.09275
V336	0.1268	0.52583	0.27892	0.04664	0.02181
V337	0.02096	0.06262	0.04849	0.24256	0.62537
V338	0.53454	0.14095	0.16164	0.08384	0.07904
V339	0.16636	0.49909	0.21514	0.05123	0.06817
V340	0.03504	0.21782	0.14931	0.12762	0.47022
V341	0.01053	0.47305	0.41575	0.05038	0.05029
V342	0.20576	0.25141	0.39216	0.13505	0.01562
V343	0.49496	0.15252	0.26754	0.06997	0.01502
V344	0.09056	0.66517	0.09843	0.07398	0.07187
V345	0.1961	0.10449	0.03321	0.32882	0.33737
V346	0.0237	0.33731	0.31498	0.28074	0.04326
V347	0.073	0.47037	0.06955	0.33493	0.05215
V348	0.00673	0.23581	0.41174	0.23647	0.10925
V349	0.03983	0.35885	0.47098	0.05793	0.07241
V350	0.09346	0.4012	0.12468	0.25842	0.12225
V351	0.1255	0.1636	0.38549	0.29256	0.03285
V352	0.0799	0.50431	0.34861	0.05049	0.01669
V353	0.21843	0.34006	0.07809	0.10835	0.25508
V354	0.39825	0.17396	0.3595	0.05404	0.01425
V355	0.06427	0.13118	0.31637	0.45456	0.03361
V356	0.0517	0.21607	0.63782	0.06028	0.03412
V357	0.02739	0.18478	0.46715	0.07997	0.24071
V358	0.03134	0.0759	0.05685	0.78925	0.04666
V359	0.05309	0.1349	0.03423	0.73969	0.0381
V360	0.53146	0.14699	0.10926	0.19323	0.01906
V361	0.27472	0.4579	0.12899	0.05743	0.08097
V362	0.61573	0.12521	0.11443	0.07134	0.07329
V363	0.04036	0.08529	0.03934	0.22961	0.6054
V364	0.03986	0.28789	0.06014	0.44801	0.1641
V365	0.01562	0.04512	0.03172	0.84399	0.06355
V366	0.13965	0.20081	0.49507	0.09705	0.06742
V367	0.17823	0.27177	0.22452	0.19563	0.12985
V368	0.55713	0.18526	0.14041	0.07665	0.04054
V369	0.03113	0.57762	0.26516	0.11335	0.01275
V370	0.02165	0.20261	0.1529	0.37293	0.24991
V371	0.05575	0.7744	0.10803	0.0509	0.01093
V372	0.48311	0.16996	0.15704	0.1571	0.03279
V373	0.09641	0.57949	0.17388	0.1315	0.01873
V374	0.07147	0.1626	0.34913	0.39112	0.02569
V375	0.20337	0.18543	0.48996	0.10578	0.01546
V376	0.00832	0.13968	0.39707	0.0818	0.37314
V377	0.06876	0.47051	0.2353	0.20358	0.02185
V378	0.10843	0.51221	0.2128	0.05311	0.11345
V379	0.03195	0.08703	0.14499	0.15809	0.57794
V380	0.01608	0.12722	0.19068	0.48141	0.18461
V381	0.14472	0.11025	0.03906	0.10933	0.59664
V382	0.35511	0.06853	0.029	0.33267	0.21469
V383	0.02597	0.10718	0.26771	0.56737	0.03177
V384	0.2276	0.13312	0.1775	0.39981	0.06196
V385	0.08998	0.14855	0.04215	0.10963	0.60968
V386	0.5184	0.09605	0.02838	0.33207	0.0251
V387	0.22996	0.07798	0.02871	0.61063	0.05271
V388	0.05132	0.7276	0.0951	0.1078	0.01819
V389	0.11088	0.67939	0.0745	0.08154	0.05369
V390	0.15825	0.05719	0.02851	0.64828	0.10778
V391	0.56162	0.21285	0.02819	0.13628	0.06106
V392	0.71792	0.13935	0.03338	0.08941	0.01994
V393	0.08521	0.10333	0.16735	0.50171	0.14241
V394	0.55654	0.10557	0.04973	0.20625	0.08191
V395	0	0.12574	0.34904	0.49012	0.0351
V396	0.38468	0.18035	0.36277	0.05352	0.01868
V397	0.52198	0.20532	0.06253	0.16539	0.04477
V398	0.05578	0.08115	0.18269	0.59037	0.09
V399	0.04841	0.07957	0.02862	0.33259	0.51081
V400	0.13296	0.48631	0.19128	0.1744	0.01506
V401	0.21429	0.18484	0.51096	0.07519	0.01473
V402	0.2629	0.17739	0.38906	0.10811	0.06254
V403	0.14424	0.12799	0.02965	0.21134	0.48677
V404	0	0.17573	0.43268	0.33966	0.05193
V405	0.2805	0.285	0.10352	0.24478	0.0862
V406	0.00034	0.22992	0.70247	0.04222	0.02505
V407	0.66739	0.1438	0.0588	0.11145	0.01856
V408	0.03607	0.36738	0.04992	0.2921	0.25452
V409	0.09884	0.06727	0.0871	0.63967	0.10712
V410	0.09769	0.22777	0.32251	0.09845	0.25357
V411	0.02483	0.06519	0.03441	0.14167	0.73389
V412	0.02512	0.2049	0.16728	0.10615	0.49654
V413	0.02208	0.28269	0.18174	0.36365	0.14984
V414	0.0465	0.12227	0.02781	0.49139	0.31204
V415	0.16148	0.06437	0.03711	0.11444	0.6226
V416	0.10418	0.13996	0.05516	0.21759	0.48312
V417	0	0.19486	0.61436	0.13768	0.0531
V418	0.43968	0.38859	0.0603	0.07582	0.03562
V419	0.22404	0.09098	0.04994	0.19514	0.4399
V420	0.20415	0.08911	0.13483	0.12692	0.44499
V421	0.01402	0.09149	0.16456	0.13582	0.59411
V422	0.02107	0.06507	0.07381	0.68747	0.15257
V423	0.21652	0.25867	0.28181	0.20863	0.03436
V424	0	0.1598	0.45914	0.06837	0.31269
V425	0.29268	0.37639	0.03981	0.07974	0.21137
V426	0.20113	0.20904	0.05181	0.45323	0.08479
V427	0.17063	0.57077	0.19296	0.04923	0.01641
V428	0.08321	0.58479	0.12624	0.13162	0.07415
V429	0.11259	0.68719	0.05906	0.11053	0.03063
V430	0.02214	0.15068	0.38814	0.20717	0.23187
V431	0.09104	0.37477	0.22319	0.25668	0.05432
V432	0.24484	0.14308	0.14629	0.34678	0.11901
V433	0.13581	0.16495	0.44429	0.21967	0.03527
V434	0.17683	0.33807	0.35659	0.06187	0.06664
V435	0.38911	0.18392	0.32425	0.08324	0.01948
V436	0.05366	0.54861	0.15202	0.09948	0.14623
V437	0.17578	0.08876	0.05859	0.23688	0.43999
V438	0.10706	0.3273	0.22031	0.28337	0.06196
V439	0.47918	0.08956	0.07121	0.32474	0.03531
V440	0.01003	0.3934	0.49638	0.05555	0.04464
V441	0.02199	0.50843	0.38332	0.06875	0.01751
V442	0.05953	0.79884	0.07713	0.05308	0.01141
V443	0.71692	0.11213	0.03107	0.11927	0.02062
V444	0.13322	0.40722	0.07247	0.341	0.04608
V445	0.0594	0.3873	0.08112	0.43453	0.03765
V446	0.0976	0.10064	0.12333	0.54084	0.13758
V447	0.07037	0.05636	0.04041	0.48491	0.34794
V448	0.15956	0.07484	0.05324	0.12384	0.58851
V449	0	0.22512	0.71696	0.04251	0.01541
V450	0.16402	0.18426	0.25826	0.17342	0.22005
V451	0.22698	0.23176	0.09373	0.34834	0.0992
V452	0.0144	0.08258	0.17612	0.66025	0.06665
V453	0.0278	0.05797	0.02606	0.50206	0.38611
V454	0	0.18891	0.57885	0.07118	0.16106
V455	0.05098	0.29001	0.29544	0.09917	0.2644
V456	0.71573	0.11673	0.02476	0.10204	0.04075
V457	0.51837	0.25572	0.06581	0.11724	0.04286
V458	0.01135	0.39581	0.46488	0.08789	0.04008
V459	0.1217	0.11664	0.08214	0.48472	0.1948
V460	0.49319	0.16074	0.20008	0.11505	0.03095
V461	0.14933	0.3427	0.26269	0.07182	0.17347
V462	0.05329	0.11749	0.04283	0.51992	0.26647
V463	0.18525	0.1071	0.03821	0.629	0.04044
V464	0.1087	0.29208	0.52592	0.05516	0.01815
V465	0.05152	0.14852	0.05142	0.12691	0.62162
V466	0.04174	0.0535	0.03095	0.20665	0.66716
V467	0.05618	0.25877	0.05733	0.53177	0.09596
V468	0.43414	0.33338	0.13854	0.05976	0.03418
V469	0.02182	0.33541	0.09893	0.30444	0.2394
V470	0.63312	0.15049	0.05176	0.14089	0.02375
V471	0.32241	0.30961	0.06463	0.18754	0.11582
V472	0.02138	0.09796	0.07914	0.11923	0.68229
V473	0.02505	0.26732	0.25867	0.31127	0.13769
V474	0.24025	0.18029	0.08942	0.43254	0.0575
V475	0.1092	0.19329	0.50233	0.07543	0.11975
V476	0.13268	0.10238	0.12121	0.56765	0.07608
V477	0.05171	0.80589	0.07788	0.05313	0.01139
V478	0.17116	0.07253	0.03714	0.11245	0.60672
V479	0.63181	0.1522	0.05873	0.13387	0.02339
V480	0.11969	0.58324	0.10795	0.15182	0.0373
V481	0.20366	0.36668	0.10224	0.21572	0.1117
V482	0.09456	0.60642	0.23059	0.0467	0.02172
V483	0.26979	0.48492	0.04504	0.15051	0.04975
V484	0.17957	0.47547	0.15666	0.16239	0.0259
V485	0.4947	0.17209	0.13436	0.16561	0.03324
V486	0.05626	0.18244	0.30849	0.0761	0.37672
V487	0.09653	0.2242	0.3754	0.27761	0.02626
V488	0.34686	0.12489	0.02399	0.36447	0.13979
V489	0	0.31821	0.559	0.09784	0.02494
V490	0	0.19044	0.59662	0.18894	0.02399
V491	0.03604	0.44835	0.09739	0.15304	0.26518
V492	0.0341	0.16522	0.06091	0.68466	0.05511
V493	0.02426	0.03762	0.03106	0.85658	0.05048
V494	0.27469	0.06368	0.04282	0.53096	0.08785
V495	0.25182	0.27262	0.22497	0.19339	0.05719
V496	0.1292	0.10519	0.08944	0.10325	0.57293
V497	0.09133	0.1208	0.17559	0.17148	0.44079
V498	0.07149	0.75257	0.08866	0.05835	0.02893
V499	0.03496	0.28596	0.2801	0.11642	0.28256
V500	0.09207	0.4574	0.15218	0.23855	0.0598
V501	0.07433	0.33377	0.05841	0.09548	0.438
V502	0.11845	0.69211	0.09936	0.07859	0.0115
V503	0.33996	0.13198	0.21496	0.18067	0.13243
V504	0.40378	0.24348	0.03915	0.08514	0.22844
V505	0.50381	0.09585	0.0516	0.15457	0.19417
V506	0.02884	0.49956	0.11839	0.07519	0.27802
V507	0.64275	0.10594	0.05577	0.15542	0.04012
V508	0.0232	0.57865	0.25198	0.0816	0.06457
V509	0.04588	0.44178	0.17997	0.22007	0.1123
V510	0.33276	0.46333	0.08844	0.09653	0.01894
V511	0.04024	0.36417	0.46363	0.07583	0.05614
V512	0.12311	0.4482	0.20987	0.09589	0.12292
V513	0.14586	0.60229	0.12482	0.09216	0.03486
V514	0.01679	0.10432	0.2495	0.12209	0.50731
V515	0.07239	0.15022	0.02678	0.71333	0.03729
V516	0.13233	0.35737	0.14426	0.33265	0.0334
V517	0.02133	0.07964	0.07441	0.77829	0.04634
V518	0.30104	0.14955	0.3018	0.20735	0.04025
V519	0.60775	0.14769	0.0311	0.18809	0.02537
V520	0.07081	0.73618	0.07922	0.10151	0.01228
V521	0.17169	0.0831	0.15115	0.55657	0.03749
V522	0.02694	0.2898	0.4927	0.14788	0.04268
V523	0.09257	0.22442	0.58532	0.07821	0.01948
V524	0.23078	0.19643	0.46964	0.04959	0.05356
V525	0.02481	0.23483	0.07335	0.10949	0.55752
V526	0.0153	0.22651	0.66345	0.06007	0.03467
V527	0.05943	0.46837	0.38823	0.05626	0.02772
V528	0.137	0.05125	0.04412	0.7296	0.03804
V529	0.13595	0.21369	0.57687	0.05012	0.02337
V530	0.00054	0.2202	0.67084	0.07793	0.03049
V531	0.15086	0.49062	0.13639	0.07263	0.14951
V532	0.0509	0.31601	0.3123	0.06291	0.25787
V533	0.25326	0.07556	0.02762	0.10715	0.53642
V534	0.11541	0.10498	0.02369	0.69986	0.05606
V535	0.62747	0.2033	0.07663	0.07122	0.02138
V536	0.09358	0.26779	0.36999	0.08338	0.18527
V537	0.03263	0.08489	0.05174	0.12438	0.70637
V538	0.50565	0.17815	0.03433	0.10478	0.17709
V539	0.00112	0.27172	0.54824	0.12069	0.05823
V540	0.14092	0.45416	0.13514	0.10305	0.16673
V541	0.03853	0.40168	0.07111	0.10457	0.38412
V542	0.03454	0.33787	0.1474	0.41158	0.06861
V543	0.03687	0.249	0.55922	0.0822	0.07271
V544	0.26836	0.25549	0.20208	0.11704	0.15702
V545	0.50222	0.36525	0.04501	0.07244	0.01508
V546	0.06258	0.68677	0.14165	0.05674	0.05226
V547	0.08578	0.68304	0.05891	0.14066	0.03161
V548	0.01684	0.09277	0.03351	0.80896	0.04792
V549	0.02004	0.06366	0.05672	0.2558	0.60379
V550	0.04071	0.73383	0.15383	0.05508	0.01654
V551	0.02537	0.03581	0.02282	0.87136	0.04464
V552	0.20562	0.08447	0.05167	0.1328	0.52544
V553	0.60033	0.1086	0.0423	0.19635	0.05242
V554	0.07394	0.18329	0.42888	0.28161	0.03228
V555	0.04954	0.79189	0.07632	0.05284	0.02941
V556	0.07383	0.10177	0.08109	0.669	0.07431
V557	0.25567	0.2646	0.07003	0.3499	0.05979
V558	0	0.2022	0.61663	0.14872	0.03245
V559	0.07112	0.43135	0.41455	0.04996	0.03302
V560	0.47716	0.29274	0.15597	0.06011	0.01403
V561	0.53848	0.11945	0.15356	0.08064	0.10788
V562	0.10933	0.14011	0.18423	0.1592	0.40714
V563	0.17035	0.30501	0.22709	0.15047	0.14709
V564	0.28765	0.09997	0.08574	0.35792	0.16873
V565	0.02252	0.06696	0.05126	0.15885	0.70042
V566	0.25041	0.18414	0.05859	0.34417	0.1627
V567	0	0.22182	0.71536	0.04243	0.02039
V568	0.01706	0.28954	0.39641	0.27637	0.02061
V569	0.47617	0.18374	0.12874	0.16713	0.04423
V570	0.10205	0.13288	0.27744	0.41275	0.07488
V571	0.20354	0.11855	0.23935	0.32877	0.10979
V572	0.66475	0.1069	0.02366	0.08951	0.11518
V573	0.05802	0.17267	0.32529	0.347	0.09702
V574	0.40635	0.31479	0.10836	0.13866	0.03185
V575	0.30219	0.12154	0.14693	0.12189	0.30745
V576	0.04665	0.76504	0.07392	0.06033	0.05406
V577	0.33367	0.46239	0.08081	0.10386	0.01927
V578	0.01218	0.26048	0.45966	0.21586	0.05182
V579	0.01477	0.49246	0.33752	0.06751	0.08774
V580	0.18252	0.48947	0.06114	0.23173	0.03514
V581	0.03573	0.46773	0.36861	0.10927	0.01865
V582	0	0.23777	0.69929	0.04784	0.0151
V583	0.43237	0.16456	0.30953	0.07867	0.01487
V584	0.18349	0.47403	0.14997	0.08353	0.10898
V585	0.04495	0.676	0.12475	0.10018	0.05413
V586	0.03403	0.68013	0.2148	0.05997	0.01107
V587	0.05613	0.61939	0.06486	0.08422	0.1754
V588	0.16951	0.41473	0.35227	0.04649	0.01699
V589	0.08542	0.38306	0.08859	0.40029	0.04264
V590	0.05136	0.69609	0.06119	0.06576	0.1256
V591	0.37144	0.46382	0.0809	0.06534	0.01851
V592	0.0026	0.19271	0.62058	0.07267	0.11143
V593	0.34485	0.07296	0.02779	0.48756	0.06684
V594	0	0.25331	0.54545	0.15293	0.04831
V595	0.40943	0.12483	0.09027	0.32324	0.05222
V596	0.34087	0.25685	0.21658	0.15359	0.03211
V597	0.03458	0.21788	0.04503	0.18826	0.51425
V598	0.48873	0.09214	0.0316	0.08991	0.29762
V599	0.06393	0.38484	0.13155	0.37222	0.04746
V600	0.21786	0.11524	0.19494	0.36602	0.10594
V601	0.12808	0.13651	0.03397	0.48347	0.21797
V602	0.64327	0.22623	0.03076	0.08205	0.01769
V603	0.12338	0.18448	0.0647	0.20067	0.42677
V604	0.00412	0.19653	0.58409	0.12295	0.09231
V605	0.03168	0.1388	0.16381	0.14869	0.51701
V606	0.66483	0.10057	0.02337	0.09033	0.1209
V607	0.15294	0.16259	0.05667	0.10657	0.52123
V608	0.5836	0.11841	0.05746	0.14461	0.09592
V609	0.15934	0.30551	0.05031	0.40242	0.08243
V610	0.07993	0.57911	0.06041	0.25696	0.02359
V611	0.18208	0.19972	0.50398	0.06517	0.04905
V612	0.28217	0.17272	0.30199	0.07477	0.16835
V613	0.33249	0.48788	0.08276	0.08354	0.01333
V614	0.44341	0.11199	0.04624	0.14531	0.25304
V615	0.01037	0.14889	0.15618	0.53989	0.14467
V616	0.49143	0.12245	0.16235	0.17906	0.04471
V617	0.15923	0.20463	0.41322	0.12277	0.10015
V618	0.55524	0.18073	0.09021	0.08209	0.09172
V619	0.42024	0.1502	0.17175	0.0765	0.18131
V620	0.03078	0.14015	0.33398	0.46132	0.03376
V621	0.10974	0.28719	0.30627	0.06227	0.23452
V622	0.01393	0.28276	0.35442	0.07122	0.27767
V623	0.06852	0.05047	0.03004	0.67697	0.174
V624	0.69579	0.10733	0.03017	0.10049	0.06622
V625	0.01119	0.11366	0.11886	0.71313	0.04316
V626	0.04643	0.17837	0.47441	0.26354	0.03725
V627	0.09738	0.2142	0.15433	0.10695	0.42715
V628	0.71558	0.12531	0.03201	0.10686	0.02023
V629	0.08074	0.32318	0.51716	0.06076	0.01817
V630	0.02496	0.2162	0.06386	0.11958	0.5754
V631	0.00688	0.12207	0.29334	0.09563	0.48207
V632	0.04956	0.68325	0.06812	0.08595	0.11313
V633	0.05375	0.0731	0.11674	0.51585	0.24056
V634	0.3169	0.43222	0.17844	0.05989	0.01254
V635	0.03777	0.1845	0.21727	0.10087	0.4596
V636	0.14876	0.2477	0.30724	0.20144	0.09487
V637	0.15362	0.15614	0.37325	0.23995	0.07705
V638	0.07441	0.44479	0.07097	0.13893	0.2709
V639	0.41279	0.39605	0.1135	0.05912	0.01854
V640	0.09841	0.22786	0.11739	0.26581	0.29053
V641	0.08978	0.62983	0.07921	0.16894	0.03224
V642	0.56922	0.12197	0.02955	0.25676	0.0225
V643	0.05068	0.73905	0.12919	0.06996	0.01112
V644	0.04355	0.40033	0.06576	0.43971	0.05064
V645	0.14404	0.64763	0.07176	0.12342	0.01314
V646	0.11842	0.48389	0.07766	0.25261	0.06741
V647	0.70797	0.11038	0.03059	0.13041	0.02065
V648	0.36627	0.16024	0.03297	0.30398	0.13654
V649	0.22863	0.16114	0.11062	0.17044	0.32918
V650	0.02865	0.05089	0.08141	0.79821	0.04084
V651	0.12851	0.21917	0.03	0.5898	0.03252
V652	0.29744	0.07705	0.05833	0.52411	0.04306
V653	0.28075	0.08733	0.07502	0.49623	0.06066
V654	0.04318	0.12715	0.03371	0.16309	0.63287
V655	0.11776	0.15995	0.29155	0.39888	0.03186
V656	0.11499	0.07194	0.0288	0.19227	0.592
V657	0.03562	0.45108	0.07805	0.33576	0.09949
V658	0.03228	0.07864	0.05756	0.60076	0.23076
V659	0.01955	0.07827	0.09968	0.71895	0.08355
V660	0.06399	0.34383	0.06709	0.11554	0.40955
V661	0.04366	0.58489	0.07013	0.20866	0.09266
V662	0.03955	0.42752	0.07255	0.08055	0.37984
V663	0.74013	0.11884	0.03305	0.0871	0.02089
V664	0.02701	0.07304	0.14632	0.41191	0.34172
V665	0.02265	0.56923	0.25082	0.11585	0.04146
V666	0.0875	0.73984	0.10405	0.05755	0.01106
V667	0.02571	0.50801	0.28915	0.12909	0.04804
V668	0.49178	0.28003	0.08207	0.11465	0.03147
V669	0.37877	0.32395	0.06467	0.14031	0.0923
V670	0.08611	0.57155	0.10179	0.08747	0.15308
V671	0.5551	0.13837	0.19379	0.09207	0.02067
V672	0.0852	0.13495	0.12161	0.33263	0.32562
V673	0.02345	0.0773	0.03251	0.20567	0.66107
V674	0.25336	0.23379	0.42566	0.04922	0.03798
V675	0.53456	0.10073	0.06453	0.20034	0.09983
V676	0.17959	0.23344	0.43522	0.05144	0.10031
V677	0.03544	0.30039	0.2399	0.35824	0.06603
V678	0.0554	0.32493	0.05832	0.11214	0.44921
V679	0.00379	0.15002	0.41318	0.40116	0.03185
V680	0.15365	0.06574	0.04769	0.38339	0.34952
V681	0.41598	0.1118	0.06689	0.31625	0.08907
V682	0	0.22512	0.71696	0.04251	0.01541
V683	0.0406	0.29342	0.53725	0.04623	0.08251
V684	0.05954	0.04808	0.02996	0.82033	0.04208
V685	0	0.21199	0.65187	0.11474	0.02139
V686	0.23593	0.54934	0.11905	0.07277	0.0229
V687	0	0.16347	0.49897	0.30413	0.03344
V688	0	0.22045	0.70645	0.04807	0.02503
V689	0.37354	0.16188	0.20535	0.14932	0.10992
V690	0.09728	0.73374	0.07853	0.07296	0.0175
V691	0.12257	0.16804	0.07486	0.57756	0.05696
V692	0.0678	0.06704	0.03835	0.72224	0.10457
V693	0.01155	0.48295	0.41954	0.06806	0.01789
V694	0.08004	0.21375	0.07046	0.55308	0.08267
V695	0.11229	0.18821	0.17804	0.09851	0.42296
V696	0.07626	0.19375	0.59637	0.05274	0.08088
V697	0.07773	0.20173	0.30977	0.31536	0.09541
V698	0.02014	0.11044	0.20794	0.10581	0.55568
V699	0.03875	0.0671	0.07324	0.63351	0.1874
V700	0.0562	0.70618	0.1351	0.05021	0.0523
V701	0.02581	0.21449	0.05536	0.11388	0.59046
V702	0.02711	0.14362	0.03553	0.64924	0.1445
V703	0.02285	0.0575	0.04829	0.82279	0.04857
V704	0.03349	0.18253	0.38243	0.08292	0.31863
V705	0.71522	0.12329	0.02516	0.09586	0.04047
V706	0.12366	0.20587	0.17926	0.40922	0.082
V707	0.1252	0.17549	0.10472	0.30214	0.29245
V708	0.01689	0.53911	0.38261	0.04956	0.01183
V709	0.02175	0.08009	0.07019	0.12338	0.70459
V710	0.09297	0.17706	0.43763	0.06095	0.2314
V711	0.06793	0.06279	0.05713	0.13612	0.67602
V712	0.03339	0.19434	0.56708	0.17675	0.02844
V713	0.18951	0.42418	0.31449	0.05957	0.01225
V714	0.06244	0.06615	0.03247	0.12785	0.71109
V715	0	0.34531	0.51595	0.11852	0.02022
V716	0.57305	0.23806	0.04325	0.11328	0.03235
V717	0.31976	0.23088	0.15007	0.08998	0.2093
V718	0.48419	0.1486	0.25733	0.06547	0.04441
V719	0.31996	0.27927	0.13471	0.15942	0.10665
V720	0.1157	0.11933	0.12399	0.12562	0.51536
V721	0.03787	0.07528	0.08551	0.13298	0.66836
V722	0.02703	0.25161	0.09208	0.47898	0.1503
V723	0.0931	0.24786	0.13933	0.47386	0.04585
V724	0.11218	0.57789	0.09165	0.19708	0.0212
V725	0.0427	0.06735	0.04224	0.12776	0.71994
V726	0.18957	0.46844	0.10075	0.10927	0.13197
V727	0	0.22187	0.70506	0.048	0.02508
V728	0.57704	0.13896	0.13616	0.12595	0.02189
V729	0.47644	0.17735	0.05408	0.26502	0.02711
V730	0.08779	0.15118	0.35238	0.34398	0.06468
V731	0.01214	0.06533	0.0832	0.79838	0.04094
V732	0.02431	0.03763	0.03116	0.86274	0.04417
V733	0.00799	0.2338	0.69128	0.04209	0.02483
V734	0.35475	0.20896	0.32296	0.08888	0.02444
V735	0.06287	0.23171	0.24282	0.09743	0.36517
V736	0.0246	0.09929	0.04394	0.1251	0.70707
V737	0.73598	0.12383	0.03324	0.08628	0.02066
V738	0.03168	0.44199	0.06516	0.08794	0.37322
V739	0.02553	0.05165	0.02323	0.85567	0.04392
V740	0.18856	0.15952	0.13888	0.10069	0.41235
V741	0.41205	0.0942	0.02907	0.34118	0.1235
V742	0.04788	0.17892	0.47	0.17999	0.1232
V743	0.03495	0.11746	0.11013	0.18941	0.54805
V744	0.15551	0.14349	0.18154	0.4613	0.05816
V745	0.14493	0.08132	0.06956	0.66255	0.04164
V746	0.3032	0.50799	0.08467	0.06407	0.04008
V747	0.00796	0.2315	0.68277	0.04804	0.02973
V748	0.12804	0.27684	0.28838	0.1085	0.19823
V749	0.1544	0.16664	0.14302	0.41215	0.12379
V750	0.58778	0.24371	0.03719	0.11414	0.01717
V751	0.0187	0.40527	0.49745	0.06057	0.01801
V752	0.0332	0.17487	0.06207	0.11662	0.61324
V753	0.40339	0.17207	0.24148	0.08573	0.09733
V754	0.10483	0.31199	0.04346	0.50493	0.03479
V755	0.20841	0.62735	0.09353	0.05365	0.01705
V756	0.03206	0.15661	0.06043	0.15582	0.59508
V757	0.14836	0.07201	0.11819	0.62137	0.04008
V758	0.06372	0.39985	0.04147	0.46206	0.0329
V759	0.08807	0.11322	0.13475	0.10035	0.56361
V760	0.06689	0.12922	0.22679	0.27726	0.29985
V761	0.03474	0.3418	0.55747	0.0478	0.01819
V762	0.01672	0.12177	0.19275	0.39769	0.27107
V763	0.03796	0.28839	0.04968	0.09836	0.52562
V764	0.09873	0.11789	0.10619	0.63089	0.0463
V765	0.11308	0.20001	0.53117	0.0837	0.07204
V766	0.05836	0.46848	0.27202	0.09215	0.10899
V767	0.23086	0.45186	0.10655	0.10055	0.11018
V768	0.05853	0.72076	0.11092	0.09223	0.01756
V769	0.55397	0.1432	0.18787	0.06969	0.04526
V770	0.2144	0.16843	0.42578	0.16874	0.02264
V771	0.06514	0.6443	0.06491	0.13702	0.08862
V772	0.02192	0.22773	0.68759	0.0477	0.01506
V773	0.04055	0.05893	0.02976	0.25913	0.61162
V774	0.11303	0.17185	0.46982	0.0573	0.18801
V775	0.68953	0.11001	0.04324	0.12739	0.02984
V776	0.27962	0.41923	0.18851	0.07858	0.03406
V777	0.1657	0.3896	0.25907	0.1377	0.04793
V778	0.4334	0.12842	0.03832	0.255	0.14487
V779	0.04534	0.42671	0.45013	0.05513	0.0227
V780	0	0.22153	0.71462	0.04823	0.01563
V781	0.14827	0.34128	0.20584	0.06519	0.23942
V782	0.21063	0.27093	0.0596	0.09131	0.36753
V783	0	0.17901	0.54619	0.07509	0.19972
V784	0.03453	0.55509	0.05215	0.27552	0.08272
V785	0.56196	0.19814	0.02722	0.15644	0.05624
V786	0.14533	0.21801	0.04509	0.54243	0.04914
V787	0.12391	0.53792	0.04967	0.22222	0.06628
V788	0.31118	0.41177	0.10993	0.06092	0.10619
V789	0.02146	0.1828	0.03999	0.42985	0.3259
V790	0.24134	0.26292	0.09753	0.16736	0.23084
V791	0.15658	0.25396	0.1079	0.23405	0.24749
V792	0.71388	0.12925	0.04578	0.08176	0.02933
V793	0.27807	0.29357	0.08958	0.14798	0.19081
V794	0.02298	0.09697	0.13506	0.24259	0.50241
V795	0.12207	0.71842	0.07708	0.0594	0.02303
V796	0.23931	0.39955	0.14255	0.18014	0.03846
V797	0.14417	0.06085	0.02916	0.13226	0.63354
V798	0.12281	0.47999	0.05508	0.14108	0.20104
V799	0.03359	0.18627	0.0787	0.62909	0.07235
V800	0.03952	0.07195	0.04782	0.21434	0.62638
V801	0.29891	0.09909	0.13943	0.41239	0.05018
V802	0.04435	0.23196	0.05513	0.1099	0.55866
V803	0.25767	0.08794	0.029	0.57407	0.05132
V804	0.15648	0.22383	0.21197	0.34849	0.05922
V805	0.10484	0.24009	0.39655	0.17871	0.07981
V806	0.36696	0.13256	0.20616	0.1207	0.17362
V807	0.56105	0.11025	0.08665	0.11809	0.12395
V808	0.64391	0.11722	0.07132	0.08166	0.08589
V809	0.17659	0.55218	0.07365	0.08677	0.11081
V810	0.03336	0.10788	0.06888	0.4789	0.31098
V811	0.05846	0.14763	0.05784	0.19141	0.54466
V812	0.02435	0.58873	0.23527	0.11598	0.03567
V813	0.03	0.27888	0.24671	0.07488	0.36953
V814	0.1682	0.50015	0.1099	0.18887	0.03289
V815	0.20083	0.59658	0.08324	0.10112	0.01823
V816	0.02993	0.46131	0.05392	0.40567	0.04916
V817	0.58492	0.15255	0.15795	0.08843	0.01614
V818	0.02977	0.28357	0.35337	0.0887	0.2446
V819	0.71013	0.12596	0.03855	0.10549	0.01987
V820	0.06083	0.35696	0.15565	0.37884	0.04772
V821	0.02505	0.06566	0.03475	0.13424	0.7403
V822	0.1654	0.06687	0.03649	0.69428	0.03697
V823	0.04366	0.17695	0.25056	0.08373	0.4451
V824	0.07783	0.09559	0.05786	0.11526	0.65346
V825	0.09601	0.18285	0.52684	0.17628	0.01802
V826	0.01421	0.22122	0.6897	0.05952	0.01535
V827	0.29426	0.18386	0.02698	0.39346	0.10143
V828	0.2084	0.20774	0.13908	0.12808	0.31671
V829	0.07123	0.18811	0.30723	0.20384	0.22959
V830	0.09506	0.19887	0.55896	0.06528	0.08182
V831	0.03564	0.64216	0.10615	0.18328	0.03278
V832	0.18775	0.07474	0.09831	0.2903	0.3489
V833	0.17229	0.66682	0.06538	0.05499	0.04053
V834	0.5747	0.20954	0.06261	0.0946	0.05855
V835	0.20757	0.30305	0.12297	0.28465	0.08176
V836	0.26072	0.20379	0.38491	0.12981	0.02076
V837	0.04237	0.72192	0.0789	0.08944	0.06737
V838	0.01063	0.05402	0.09951	0.78854	0.04729
V839	0.04526	0.10569	0.11176	0.10892	0.62837
V840	0.70024	0.12129	0.05113	0.10319	0.02416
V841	0.14229	0.20899	0.57988	0.0501	0.01874
V842	0.38851	0.15469	0.20819	0.21846	0.03015
V843	0.36589	0.11549	0.16659	0.13451	0.21752
V844	0.00013	0.29749	0.6131	0.05998	0.0293
V845	0.03478	0.04759	0.02383	0.62511	0.26869
V846	0.10518	0.1198	0.13268	0.14712	0.49523
V847	0.19168	0.08123	0.08337	0.20141	0.44231
V848	0.58135	0.12439	0.03016	0.15521	0.10889
V849	0.08701	0.22141	0.5695	0.05202	0.07006
V850	0.16741	0.15283	0.28939	0.18563	0.20474
V851	0.73859	0.11614	0.02588	0.0933	0.02609
V852	0.209	0.13463	0.1093	0.22646	0.32061
V853	0.01653	0.25238	0.51641	0.14942	0.06526
V854	0.03748	0.37159	0.27362	0.12225	0.19505
V855	0.09062	0.37466	0.13076	0.31981	0.08414
V856	0.14422	0.39365	0.10012	0.07197	0.29003
V857	0.06787	0.12417	0.18892	0.4151	0.20393
V858	0.02283	0.36007	0.22142	0.23299	0.16269
V859	0.12019	0.06503	0.04499	0.70693	0.06286
V860	0.04054	0.17487	0.09477	0.61149	0.07832
V861	0.12028	0.09947	0.14607	0.59525	0.03894
V862	0.07542	0.06796	0.05472	0.19287	0.60903
V863	0.04813	0.78031	0.08324	0.05894	0.02938
V864	0.01403	0.20935	0.67111	0.08953	0.01597
V865	0.05018	0.17802	0.52521	0.2267	0.01989
V866	0.01376	0.20431	0.53109	0.21559	0.03525
V867	0.48178	0.11296	0.03247	0.08819	0.28459
V868	0.16489	0.29527	0.3715	0.13747	0.03087
V869	0.03134	0.06203	0.06024	0.13382	0.71258
V870	0.22797	0.21484	0.11098	0.27381	0.1724
V871	0.04197	0.12425	0.13609	0.17539	0.5223
V872	0.32056	0.10267	0.03675	0.47412	0.0659
V873	0.04937	0.33095	0.18142	0.36519	0.07307
V874	0.09822	0.10805	0.04026	0.12109	0.63238
V875	0.01969	0.20116	0.05625	0.50259	0.2203
V876	0.3961	0.14331	0.08797	0.0946	0.27802
V877	0.19835	0.55834	0.08877	0.12982	0.02472
V878	0.03417	0.60195	0.09544	0.23953	0.0289
V879	0.69174	0.14187	0.03897	0.10326	0.02416
V880	0.0799	0.12525	0.05946	0.44866	0.28673
V881	0.00346	0.16771	0.48864	0.0638	0.27639
V882	0.04545	0.42769	0.05948	0.44186	0.02552
V883	0.41567	0.21891	0.04307	0.22508	0.09727
V884	0.02487	0.05713	0.03453	0.14349	0.73999
V885	0.12493	0.19152	0.36655	0.14662	0.17038
V886	0.01839	0.0558	0.06405	0.30214	0.55962
V887	0.09033	0.74939	0.07204	0.05322	0.03503
V888	0.05762	0.14122	0.08375	0.63795	0.07946
V889	0.11	0.69588	0.09959	0.0716	0.02293
V890	0.03249	0.08816	0.15931	0.60129	0.11875
V891	0	0.23679	0.69443	0.05365	0.01513
V892	0.48245	0.27576	0.05384	0.07635	0.1116
V893	0.1002	0.28042	0.45211	0.10993	0.05734
V894	0.0894	0.47749	0.09421	0.28306	0.05584
V895	0.4855	0.1501	0.26297	0.08156	0.01987
V896	0.16208	0.26876	0.24539	0.29703	0.02674
V897	0.01286	0.04639	0.06521	0.74167	0.13387
V898	0.35003	0.08419	0.04047	0.1173	0.40801
V899	0.44708	0.33549	0.11628	0.06127	0.03988
V900	0.193	0.28699	0.2767	0.20904	0.03427
V901	0.53024	0.13239	0.03036	0.22939	0.07761
V902	0.64944	0.14394	0.04481	0.11235	0.04945
V903	0.22807	0.13425	0.09525	0.48275	0.05967
V904	0.53965	0.19823	0.16979	0.06285	0.02948
V905	0.0289	0.31858	0.10581	0.35126	0.19545
