mature.neutrophil	CD14.pos.CD16.neg.classical.monocyte	macrophage	memory.CD4.pos.AB.T.cell	cytotoxic.CD56.dim.NK.cell
V1	0.2699	0.08144	0.25392	0.18226	0.21248
V2	0.08215	0.45217	0.11928	0.19787	0.14853
V3	0.05289	0.0726	0.38247	0.47545	0.01659
V4	0.00239	0.03478	0.1669	0.01528	0.78065
V5	0.00245	0.01298	0.04411	0.03761	0.90286
V6	0.25775	0.0563	0.2581	0.27117	0.15667
V7	0.00316	0.06336	0.32255	0.05188	0.55905
V8	0.01237	0.14804	0.73015	0.10563	0.00381
V9	0.04324	0.04269	0.22536	0.68213	0.00657
V10	0.39992	0.09828	0.43481	0.0258	0.04118
V11	0.01416	0.02119	0.07416	0.01612	0.87438
V12	0.05276	0.03428	0.17646	0.2687	0.4678
V13	0.0887	0.02096	0.03571	0.39608	0.45854
V14	0.11797	0.01814	0.0688	0.67951	0.11558
V15	0.01532	0.00919	0.00395	0.94874	0.0228
V16	0.50301	0.04041	0.02107	0.42637	0.00915
V17	0.03876	0.06159	0.01784	0.0275	0.8543
V18	0.09187	0.19319	0.32991	0.3635	0.02153
V19	0.00921	0.00824	0.00393	0.04739	0.93124
V20	0.00379	0.1122	0.60339	0.26471	0.0159
V21	0.00975	0.08179	0.12275	0.15665	0.62907
V22	0.76236	0.06957	0.08178	0.03757	0.04872
V23	0.04106	0.01241	0.02039	0.07399	0.85214
V24	0.3556	0.04557	0.02565	0.04783	0.52535
V25	0.01037	0.01187	0.01532	0.35368	0.60876
V26	0.423	0.0796	0.0702	0.06328	0.36392
V27	0.12965	0.20875	0.24341	0.02924	0.38895
V28	0.02204	0.05029	0.18408	0.70106	0.04253
V29	0.00441	0.04993	0.27912	0.6493	0.01724
V30	0.67147	0.0587	0.0371	0.05796	0.17477
V31	0.35235	0.05247	0.02039	0.28942	0.28537
V32	0.81396	0.04079	0.01718	0.0411	0.08696
V33	0.00769	0.04723	0.01706	0.075	0.85301
V34	0.25364	0.60842	0.02369	0.10182	0.01243
V35	0.12743	0.34003	0.4226	0.1035	0.00643
V36	0.0133	0.0628	0.14239	0.06459	0.71692
V37	0.59977	0.02478	0.00698	0.0295	0.33896
V38	0.09508	0.07565	0.40277	0.22113	0.20537
V39	0.23855	0.06359	0.28387	0.02038	0.39361
V40	0.32089	0.28177	0.03823	0.26333	0.09579
V41	0.07647	0.53173	0.03775	0.0612	0.29284
V42	0.75955	0.04896	0.03178	0.04672	0.113
V43	0.45023	0.11237	0.35333	0.06568	0.01838
V44	0.03065	0.17959	0.57097	0.02278	0.19601
V45	0.04333	0.32411	0.17111	0.34064	0.12081
V46	0.19443	0.45017	0.15594	0.13649	0.06296
V47	0.00427	0.16632	0.79176	0.02133	0.01632
V48	0.13498	0.0696	0.21548	0.38508	0.19487
V49	0.43122	0.09234	0.24234	0.21524	0.01886
V50	0.02202	0.16826	0.78434	0.02178	0.0036
V51	0.07933	0.09684	0.18913	0.06288	0.57183
V52	0.10808	0.73705	0.02705	0.1151	0.01272
V53	0.02039	0.0489	0.01259	0.90877	0.00935
V54	0.15647	0.01091	0.01656	0.56576	0.25031
V55	0.05569	0.00616	0.00394	0.92424	0.00997
V56	0.05147	0.00478	0.01004	0.78035	0.15336
V57	0.13156	0.12155	0.51019	0.04677	0.18994
V58	0.04123	0.02041	0.10504	0.15119	0.68212
V59	0.76238	0.05743	0.10334	0.05477	0.02208
V60	0.38766	0.09142	0.14153	0.18511	0.19428
V61	0.12426	0.01361	0.02698	0.1799	0.65526
V62	0.03611	0.04553	0.23125	0.10769	0.57941
V63	0.35354	0.09368	0.07297	0.05483	0.42497
V64	0.84675	0.05102	0.03385	0.0432	0.02518
V65	0.06324	0.02826	0.03942	0.66954	0.19954
V66	0.02045	0.02451	0.11912	0.81667	0.01925
V67	0.0025	0.04712	0.24993	0.0654	0.63504
V68	0.37885	0.07586	0.35506	0.06412	0.12611
V69	0.53429	0.08604	0.21226	0.05561	0.1118
V70	0.08402	0.35879	0.08932	0.41084	0.05702
V71	0.16432	0.46215	0.10624	0.23008	0.03722
V72	0.02337	0.11031	0.02868	0.02272	0.81493
V73	0.04	0.01866	0.08723	0.56799	0.28613
V74	0.00737	0.01855	0.01098	0.85274	0.11036
V75	0.45987	0.12708	0.33128	0.04901	0.03276
V76	0.00589	0.00685	0.01821	0.88546	0.0836
V77	0.02035	0.15344	0.7547	0.06782	0.00368
V78	0.00445	0.16514	0.78351	0.03071	0.0162
V79	0.06455	0.12081	0.04755	0.17343	0.59367
V80	0.19103	0.36848	0.01481	0.15961	0.26606
V81	0.01286	0.16761	0.79435	0.02161	0.00357
V82	0.20592	0.05629	0.03711	0.67993	0.02075
V83	0.07026	0.02527	0.02388	0.56553	0.31505
V84	0.05631	0.03987	0.01033	0.02606	0.86743
V85	0.00435	0.16702	0.7939	0.03115	0.00358
V86	0.02141	0.12265	0.32004	0.51661	0.01929
V87	0.37193	0.02555	0.04906	0.52206	0.0314
V88	0.24536	0.0569	0.05724	0.22607	0.41442
V89	0.04196	0.16534	0.71773	0.07103	0.00394
V90	0.00711	0.04913	0.05034	0.07354	0.81988
V91	0.00586	0.01672	0.07259	0.89586	0.00897
V92	0.14911	0.01984	0.02678	0.03134	0.77294
V93	0.00609	0.04329	0.14283	0.54396	0.26383
V94	0.02121	0.04254	0.02338	0.21844	0.69443
V95	0.0384	0.05773	0.02422	0.08605	0.79361
V96	0.65155	0.03427	0.03471	0.05574	0.22373
V97	0.09919	0.01845	0.03871	0.08285	0.76079
V98	0.04335	0.13654	0.19843	0.16263	0.45905
V99	0.45519	0.05064	0.01344	0.28689	0.19385
V100	0.4702	0.06651	0.05971	0.08157	0.32201
V101	0.12706	0.70226	0.04908	0.10948	0.01212
V102	0.26787	0.09712	0.14967	0.14836	0.33699
V103	0.07057	0.00727	0.00915	0.01786	0.89515
V104	0.03292	0.12458	0.08984	0.03164	0.72103
V105	0.00275	0.01273	0.03249	0.04536	0.90667
V106	0.07451	0.44297	0.30219	0.06777	0.11256
V107	0.04917	0.18422	0.66109	0.08785	0.01767
V108	0.01918	0.19708	0.75594	0.02396	0.00384
V109	0.03996	0.06105	0.05487	0.28731	0.55681
V110	0.21474	0.23552	0.27135	0.23607	0.04232
V111	0.27624	0.16635	0.51331	0.03841	0.00569
V112	0.13138	0.0206	0.09582	0.47231	0.27988
V113	0.15671	0.02217	0.08731	0.13308	0.60073
V114	0.48779	0.04406	0.05732	0.22395	0.18688
V115	0.72921	0.03321	0.01536	0.04395	0.17827
V116	0.00289	0.00709	0.00408	0.01941	0.96653
V117	0.04485	0.13109	0.67195	0.11249	0.03963
V118	0.03061	0.00524	0.00385	0.92579	0.03451
V119	0.26365	0.07442	0.35753	0.2983	0.0061
V120	0.01128	0.12863	0.66821	0.14019	0.05169
V121	0.31674	0.37927	0.01604	0.07141	0.21654
V122	0.02552	0.12737	0.0973	0.31529	0.43452
V123	0.38777	0.03518	0.07787	0.22237	0.2768
V124	0.15504	0.03953	0.05882	0.2227	0.52392
V125	0.04671	0.27136	0.61709	0.04334	0.02149
V126	0.12093	0.07809	0.20465	0.1282	0.46812
V127	0.22856	0.10874	0.56311	0.08396	0.01564
V128	0.37987	0.45425	0.03592	0.06301	0.06695
V129	0.19572	0.05216	0.23785	0.18662	0.32765
V130	0.02419	0.17783	0.05751	0.36367	0.3768
V131	0.01219	0.03849	0.19779	0.74451	0.00703
V132	0.2602	0.01599	0.00488	0.35636	0.36258
V133	0.00383	0.08496	0.44228	0.08952	0.37941
V134	0.06068	0.12481	0.64396	0.0442	0.12635
V135	0.02182	0.13722	0.62277	0.04577	0.17242
V136	0.86383	0.04632	0.01848	0.04519	0.02618
V137	0.79549	0.04701	0.01705	0.07793	0.06252
V138	0.18259	0.05052	0.0756	0.14192	0.54937
V139	0.09395	0.02782	0.14174	0.71862	0.01787
V140	0.01325	0.02244	0.10983	0.01548	0.83901
V141	0.02013	0.1761	0.63231	0.15378	0.01768
V142	0.14739	0.0485	0.26869	0.13087	0.40454
V143	0.01665	0.12209	0.45239	0.18155	0.22732
V144	0.48387	0.09123	0.08506	0.18911	0.15073
V145	0.00427	0.15966	0.76808	0.03949	0.0285
V146	0.02348	0.09523	0.01326	0.39419	0.47384
V147	0.08353	0.12419	0.59385	0.14535	0.05308
V148	0.28748	0.46207	0.03584	0.14709	0.06752
V149	0.00631	0.00442	0.00382	0.9136	0.07185
V150	0.13269	0.15321	0.56181	0.02331	0.12899
V151	0.33822	0.01912	0.0185	0.45543	0.16873
V152	0.01172	0.01873	0.10023	0.76584	0.10349
V153	0.14947	0.12115	0.43849	0.07772	0.21317
V154	0.13329	0.22592	0.0418	0.07187	0.52713
V155	0.02826	0.02456	0.11879	0.80936	0.01903
V156	0.07095	0.06037	0.32207	0.15033	0.39629
V157	0.06203	0.03416	0.13792	0.25375	0.51214
V158	0.14118	0.06375	0.35515	0.05461	0.38532
V159	0.09963	0.06639	0.02098	0.74988	0.06313
V160	0.38086	0.0687	0.10058	0.06947	0.3804
V161	0.13186	0.01982	0.05026	0.01757	0.7805
V162	0.0047	0.17106	0.79877	0.02189	0.00358
V163	0.02733	0.00854	0.01498	0.03827	0.91088
V164	0.84805	0.05906	0.02675	0.05375	0.01239
V165	0.60433	0.09755	0.10406	0.10284	0.09122
V166	0.04136	0.0363	0.20531	0.6052	0.11183
V167	0.03687	0.26281	0.03363	0.2686	0.3981
V168	0.0047	0.17106	0.79877	0.02189	0.00358
V169	0.07716	0.35937	0.2886	0.22222	0.05265
V170	0.25127	0.13998	0.07626	0.30526	0.22723
V171	0.25492	0.08498	0.34567	0.23274	0.08169
V172	0.13259	0.0665	0.06868	0.03562	0.69661
V173	0.16871	0.04416	0.09015	0.44686	0.25012
V174	0.15622	0.05334	0.29775	0.21138	0.28132
V175	0.05111	0.05012	0.10449	0.17203	0.62224
V176	0.29412	0.01744	0.01176	0.66756	0.00912
V177	0.16583	0.09856	0.49688	0.22277	0.01597
V178	0.22235	0.08509	0.40933	0.15275	0.13048
V179	0.05312	0.00994	0.00929	0.01785	0.9098
V180	0.01415	0.04851	0.25058	0.01526	0.6715
V181	0.04123	0.06693	0.00521	0.06193	0.8247
V182	0.56367	0.08784	0.01623	0.2529	0.07937
V183	0.15104	0.69292	0.02563	0.08053	0.04988
V184	0.25167	0.05602	0.2759	0.37575	0.04066
V185	0.10104	0.16512	0.03549	0.22574	0.47261
V186	0.0983	0.0498	0.03139	0.25936	0.56115
V187	0.11381	0.32644	0.01297	0.51437	0.0324
V188	0.7342	0.04621	0.04651	0.15081	0.02227
V189	0.44501	0.09411	0.05138	0.38728	0.02222
V190	0.31897	0.05743	0.19761	0.03673	0.38926
V191	0.19309	0.06748	0.01309	0.53104	0.19529
V192	0.27675	0.08016	0.13921	0.27967	0.22421
V193	0.06242	0.13397	0.4949	0.06693	0.24178
V194	0.17815	0.03012	0.07641	0.10523	0.61009
V195	0.55972	0.11197	0.25846	0.0501	0.01974
V196	0.00225	0.01152	0.04384	0.03752	0.90487
V197	0.1377	0.61618	0.02284	0.17735	0.04593
V198	0.18935	0.06852	0.04265	0.24189	0.45759
V199	0.67212	0.06869	0.2183	0.03259	0.00829
V200	0.6154	0.0283	0.03946	0.05185	0.26499
V201	0.02579	0.00612	0.02319	0.69736	0.24755
V202	0.85112	0.05824	0.01072	0.05413	0.02578
V203	0.52118	0.09482	0.04037	0.10155	0.24209
V204	0.23053	0.03112	0.03485	0.02061	0.68289
V205	0.07033	0.02593	0.09118	0.06593	0.74662
V206	0.03372	0.02787	0.00419	0.87377	0.06044
V207	0.01532	0.00919	0.00395	0.94874	0.0228
V208	0.14474	0.13976	0.47322	0.08178	0.16051
V209	0.09514	0.02257	0.07549	0.03612	0.77067
V210	0.00418	0.1639	0.78512	0.03062	0.01618
V211	0.10016	0.0355	0.1575	0.0363	0.67055
V212	0.09056	0.41468	0.16048	0.14254	0.19175
V213	0.06378	0.01229	0.05142	0.21903	0.65348
V214	0.02992	0.30215	0.54489	0.06092	0.06211
V215	0.2036	0.08239	0.1371	0.1064	0.47052
V216	0.03604	0.05092	0.24854	0.04311	0.62139
V217	0.00532	0.00589	0.02495	0.8455	0.11834
V218	0.06407	0.0939	0.28426	0.41301	0.14476
V219	0.1276	0.14743	0.41691	0.28935	0.01871
V220	0.33549	0.42049	0.1334	0.07535	0.03526
V221	0.03099	0.07912	0.39088	0.02347	0.47555
V222	0.00887	0.00768	0.00962	0.02559	0.94825
V223	0.439	0.06665	0.29103	0.17466	0.02865
V224	0.03608	0.18795	0.03714	0.13847	0.60036
V225	0.70354	0.09613	0.14406	0.03505	0.02122
V226	0.6582	0.24477	0.01455	0.05176	0.03072
V227	0.0835	0.07815	0.01355	0.75935	0.06545
V228	0.49283	0.06685	0.25784	0.11661	0.06586
V229	0.29527	0.19266	0.33445	0.10531	0.07231
V230	0.00868	0.0061	0.00961	0.02573	0.94988
V231	0.07631	0.25789	0.09754	0.35071	0.21755
V232	0.6976	0.06382	0.18839	0.04152	0.00867
V233	0.0344	0.02651	0.11132	0.0813	0.74646
V234	0.01828	0.15521	0.25475	0.51912	0.05264
V235	0.85553	0.04619	0.0106	0.07447	0.0132
V236	0.06926	0.09786	0.53073	0.22667	0.07549
V237	0.09746	0.05798	0.23677	0.33696	0.27084
V238	0.00297	0.00614	0.00923	0.23296	0.7487
V239	0.05639	0.12771	0.05804	0.23747	0.52039
V240	0.11649	0.51314	0.03745	0.1056	0.22732
V241	0.10668	0.73102	0.02674	0.08358	0.05198
V242	0.03367	0.14542	0.32564	0.38428	0.111
V243	0.3816	0.06309	0.28748	0.05414	0.21369
V244	0.02505	0.14709	0.2106	0.11828	0.49899
V245	0.09318	0.65124	0.0899	0.15474	0.01094
V246	0.62587	0.10538	0.04223	0.0435	0.18301
V247	0.17187	0.12701	0.5584	0.08812	0.0546
V248	0.10612	0.22434	0.04132	0.04555	0.58267
V249	0.18012	0.04837	0.1759	0.10974	0.48587
V250	0.0174	0.09664	0.50776	0.04851	0.32969
V251	0.16827	0.02632	0.08763	0.63884	0.07894
V252	0.02165	0.10847	0.48706	0.18203	0.20079
V253	0.40216	0.26921	0.14468	0.13556	0.04839
V254	0.61567	0.1509	0.01088	0.18086	0.0417
V255	0.72389	0.05238	0.00885	0.06387	0.15101
V256	0.05055	0.36288	0.04145	0.06078	0.48435
V257	0.44997	0.13124	0.17406	0.08396	0.16077
V258	0.16141	0.11114	0.06297	0.64198	0.02249
V259	0.55524	0.13752	0.21273	0.04375	0.05076
V260	0.17326	0.02836	0.08868	0.08685	0.62286
V261	0.01808	0.07656	0.42113	0.30741	0.17682
V262	0.80139	0.05356	0.0639	0.05784	0.02331
V263	0.72876	0.05417	0.02366	0.18314	0.01028
V264	0.13581	0.6077	0.04333	0.20178	0.01138
V265	0.75368	0.06977	0.08972	0.06467	0.02216
V266	0.00797	0.0144	0.06139	0.02954	0.88669
V267	0.02771	0.00699	0.00916	0.1285	0.82763
V268	0.21901	0.17583	0.18753	0.30923	0.1084
V269	0.08994	0.16035	0.39676	0.28851	0.06444
V270	0.0382	0.01043	0.03365	0.90844	0.00929
V271	0.37354	0.37526	0.03077	0.10913	0.1113
V272	0.18911	0.4801	0.07192	0.10106	0.15781
V273	0.21626	0.037	0.159	0.35099	0.23675
V274	0.05866	0.01807	0.03346	0.17281	0.717
V275	0.06308	0.36482	0.27643	0.24225	0.05341
V276	0.01161	0.10819	0.57335	0.26708	0.03976
V277	0.30327	0.10156	0.51227	0.03125	0.05165
V278	0.00472	0.05725	0.28747	0.4714	0.17916
V279	0.11057	0.00987	0.01741	0.78187	0.08028
V280	0.14808	0.01807	0.03855	0.6519	0.1434
V281	0.02184	0.06934	0.04706	0.84014	0.02163
V282	0.12934	0.7113	0.02619	0.08219	0.05098
V283	0.24249	0.02605	0.09405	0.03938	0.59803
V284	0.02003	0.10234	0.43915	0.01767	0.42081
V285	0.66741	0.19303	0.01268	0.09898	0.0279
V286	0.07174	0.14227	0.7043	0.0662	0.01549
V287	0.18616	0.04566	0.15409	0.3184	0.29569
V288	0.16119	0.09664	0.51752	0.02698	0.19766
V289	0.14189	0.07029	0.03033	0.73601	0.02148
V290	0.53582	0.21485	0.19835	0.04216	0.00882
V291	0.38304	0.0747	0.01499	0.50499	0.02228
V292	0.08406	0.06088	0.31502	0.04492	0.49512
V293	0.00699	0.16642	0.71591	0.08106	0.02962
V294	0.00281	0.00791	0.00979	0.01895	0.96053
V295	0.01173	0.05397	0.27715	0.54277	0.11438
V296	0.79691	0.06725	0.01012	0.06064	0.06508
V297	0.01923	0.12127	0.63616	0.15936	0.06398
V298	0.21761	0.01231	0.01076	0.59387	0.16545
V299	0.20813	0.01157	0.0181	0.75324	0.00895
V300	0.87101	0.04814	0.01093	0.05637	0.01355
V301	0.83456	0.0421	0.01762	0.08074	0.02498
V302	0.00337	0.00571	0.00919	0.3533	0.62843
V303	0.08341	0.07229	0.19504	0.19604	0.45321
V304	0.16095	0.13005	0.63899	0.03015	0.03985
V305	0.18616	0.10567	0.10184	0.14849	0.45785
V306	0.50954	0.32762	0.0161	0.08954	0.05719
V307	0.18719	0.04923	0.24603	0.5109	0.00664
V308	0.19589	0.1096	0.566	0.11296	0.01555
V309	0.55363	0.0436	0.05639	0.16393	0.18245
V310	0.01523	0.0103	0.00933	0.08295	0.88219
V311	0.01336	0.00903	0.04111	0.91502	0.02147
V312	0.06737	0.09589	0.2266	0.01937	0.59078
V313	0.04803	0.08142	0.0203	0.37774	0.47251
V314	0.05073	0.0084	0.00902	0.33605	0.5958
V315	0.82742	0.04325	0.02511	0.04165	0.06257
V316	0.13511	0.26444	0.35179	0.08749	0.16116
V317	0.34076	0.11405	0.46955	0.03374	0.0419
V318	0.76411	0.03642	0.01611	0.03795	0.14542
V319	0.09236	0.15175	0.71209	0.0398	0.00399
V320	0.06274	0.00542	0.01074	0.89974	0.02136
V321	0.13703	0.15918	0.34742	0.30609	0.05027
V322	0.01137	0.16723	0.56	0.08239	0.17902
V323	0.22801	0.1373	0.43486	0.05271	0.14713
V324	0.03132	0.02043	0.04218	0.88512	0.02094
V325	0.56226	0.06109	0.09401	0.1728	0.10985
V326	0.02746	0.01414	0.04444	0.11221	0.80174
V327	0.39187	0.21103	0.16355	0.07583	0.15771
V328	0.04381	0.11231	0.18026	0.62883	0.03479
V329	0.00567	0.07087	0.34177	0.56456	0.01711
V330	0.06999	0.13918	0.6934	0.02018	0.07726
V331	0.0841	0.02124	0.07051	0.08152	0.74262
V332	0.39851	0.09914	0.41396	0.03406	0.05433
V333	0.32432	0.06337	0.28189	0.20058	0.12984
V334	0.04166	0.1785	0.56996	0.1333	0.07659
V335	0.61471	0.0494	0.08671	0.07042	0.17877
V336	0.21703	0.30273	0.39614	0.03885	0.04525
V337	0.00271	0.0076	0.01513	0.12807	0.84649
V338	0.59825	0.05138	0.1485	0.05123	0.15063
V339	0.2541	0.2454	0.26672	0.03549	0.1983
V340	0.01971	0.05177	0.09388	0.05546	0.77919
V341	0.02407	0.25794	0.54626	0.04179	0.12994
V342	0.26004	0.12136	0.44144	0.17135	0.0058
V343	0.59968	0.07347	0.27374	0.04579	0.00733
V344	0.1574	0.3847	0.09081	0.1013	0.26579
V345	0.15114	0.01831	0.00979	0.27172	0.54904
V346	0.03346	0.14636	0.34627	0.40994	0.06396
V347	0.09211	0.19574	0.04113	0.57066	0.10036
V348	0.01472	0.09853	0.40283	0.27864	0.20528
V349	0.06221	0.17998	0.54446	0.04373	0.16962
V350	0.10795	0.14832	0.10642	0.35618	0.28113
V351	0.14527	0.07631	0.38306	0.36713	0.02824
V352	0.13611	0.29286	0.49868	0.04869	0.02366
V353	0.21933	0.09978	0.04615	0.07252	0.56222
V354	0.49263	0.09208	0.38089	0.02786	0.00654
V355	0.07013	0.05612	0.29422	0.56269	0.01684
V356	0.07933	0.13708	0.68516	0.04628	0.05215
V357	0.03033	0.07598	0.39532	0.03777	0.46059
V358	0.0228	0.01644	0.03425	0.90522	0.0213
V359	0.04422	0.03277	0.01196	0.90173	0.00933
V360	0.62649	0.05013	0.0986	0.21645	0.00834
V361	0.39444	0.20237	0.13402	0.03744	0.23173
V362	0.68031	0.04601	0.10262	0.03133	0.13973
V363	0.01563	0.01178	0.00931	0.1226	0.84067
V364	0.03114	0.0829	0.02908	0.54614	0.31073
V365	0.00626	0.00567	0.01116	0.9295	0.04742
V366	0.17124	0.1022	0.50572	0.09168	0.12916
V367	0.19481	0.09541	0.21629	0.21974	0.27375
V368	0.67533	0.07014	0.13499	0.04911	0.07044
V369	0.05492	0.34277	0.3879	0.20787	0.00654
V370	0.01455	0.05427	0.11206	0.37878	0.44033
V371	0.11787	0.66165	0.13536	0.07438	0.01075
V372	0.57423	0.06178	0.15069	0.17025	0.04305
V373	0.1667	0.3235	0.23191	0.24918	0.02871
V374	0.08288	0.07167	0.34184	0.49761	0.00601
V375	0.24732	0.10473	0.52762	0.11511	0.00523
V376	0.00798	0.05247	0.29382	0.02178	0.62395
V377	0.10451	0.22966	0.29407	0.34825	0.02352
V378	0.15338	0.23555	0.24645	0.03217	0.33245
V379	0.01385	0.01847	0.08134	0.0641	0.82224
V380	0.01189	0.03755	0.14673	0.50438	0.29944
V381	0.08866	0.01723	0.00949	0.01817	0.86644
V382	0.30241	0.01291	0.01077	0.3156	0.35832
V383	0.02696	0.04387	0.23218	0.6904	0.00658
V384	0.23212	0.0447	0.16008	0.48272	0.08038
V385	0.05116	0.02544	0.00973	0.01813	0.89553
V386	0.56498	0.02495	0.01311	0.38748	0.00948
V387	0.2114	0.01633	0.01123	0.71708	0.04396
V388	0.09614	0.51744	0.0956	0.25056	0.04026
V389	0.20679	0.41424	0.04811	0.13159	0.19928
V390	0.13475	0.00946	0.01026	0.70412	0.1414
V391	0.68181	0.06661	0.00839	0.1304	0.11279
V392	0.86042	0.05394	0.01858	0.05425	0.01282
V393	0.0757	0.03034	0.13134	0.54452	0.2181
V394	0.59429	0.0288	0.03356	0.20446	0.13888
V395	0.0046	0.05852	0.31928	0.60054	0.01706
V396	0.47705	0.09396	0.38416	0.02747	0.01737
V397	0.63279	0.06707	0.0462	0.18097	0.07297
V398	0.05022	0.02704	0.14663	0.66331	0.11279
V399	0.02303	0.01077	0.00371	0.2302	0.73229
V400	0.20583	0.24305	0.23896	0.3047	0.00745
V401	0.2641	0.1095	0.55483	0.06642	0.00516
V402	0.30091	0.08388	0.3953	0.10361	0.1163
V403	0.09675	0.02178	0.00427	0.12765	0.74955
V404	0.00531	0.08448	0.42272	0.42196	0.06552
V405	0.32297	0.09881	0.08798	0.31688	0.17337
V406	0.02109	0.16105	0.76857	0.02078	0.02851
V407	0.78751	0.05438	0.04907	0.09804	0.011
V408	0.02451	0.10555	0.01356	0.32326	0.53312
V409	0.08447	0.01571	0.06037	0.69839	0.14106
V410	0.09446	0.07542	0.27566	0.05736	0.4971
V411	0.00288	0.00696	0.00405	0.02655	0.95956
V412	0.01192	0.04833	0.10472	0.03088	0.80415
V413	0.01953	0.09179	0.1557	0.4438	0.28917
V414	0.02692	0.02228	0.00383	0.45372	0.49325
V415	0.09598	0.00788	0.00919	0.01793	0.86903
V416	0.06926	0.02604	0.02178	0.13645	0.74646
V417	0.01125	0.11862	0.62285	0.15854	0.08873
V418	0.65715	0.16132	0.04091	0.06432	0.0763
V419	0.15941	0.01554	0.02104	0.11672	0.68728
V420	0.14751	0.01995	0.08255	0.05077	0.69921
V421	0.00221	0.02063	0.09286	0.04281	0.8415
V422	0.01199	0.01314	0.04488	0.71529	0.2147
V423	0.2651	0.10804	0.30471	0.27603	0.04613
V424	0.00245	0.06586	0.36295	0.01531	0.55343
V425	0.32314	0.12292	0.00826	0.04023	0.50545
V426	0.2075	0.05939	0.02885	0.57109	0.13316
V427	0.31202	0.34041	0.2725	0.0461	0.02897
V428	0.12878	0.29281	0.13233	0.21659	0.2295
V429	0.22032	0.43937	0.01751	0.22858	0.09421
V430	0.02271	0.05812	0.32072	0.18214	0.41631
V431	0.11851	0.15326	0.24359	0.38406	0.10058
V432	0.23872	0.04281	0.12328	0.39122	0.20398
V433	0.16142	0.08277	0.44966	0.26689	0.03926
V434	0.233	0.15654	0.40847	0.04612	0.15588
V435	0.4808	0.09011	0.33952	0.0718	0.01777
V436	0.06758	0.2397	0.15099	0.1123	0.42943
V437	0.12429	0.01532	0.02705	0.15568	0.67766
V438	0.13059	0.12677	0.23006	0.40097	0.11162
V439	0.51451	0.02576	0.05516	0.37403	0.03054
V440	0.02645	0.2161	0.61118	0.04771	0.09858
V441	0.04198	0.29981	0.54443	0.09032	0.02347
V442	0.13067	0.72358	0.05036	0.08297	0.01241
V443	0.82975	0.04122	0.01741	0.09928	0.01234
V444	0.16989	0.15727	0.04831	0.54883	0.0757
V445	0.06728	0.14483	0.05691	0.69101	0.03997
V446	0.08532	0.02644	0.09192	0.59013	0.2062
V447	0.04441	0.00747	0.01527	0.4131	0.51975
V448	0.09851	0.0109	0.0201	0.03018	0.84032
V449	0.0047	0.17106	0.79877	0.02189	0.00358
V450	0.15474	0.05845	0.22038	0.14971	0.41671
V451	0.24055	0.07096	0.07213	0.43811	0.17825
V452	0.01193	0.02788	0.13995	0.75392	0.06631
V453	0.01035	0.00643	0.00345	0.41024	0.56954
V454	0.0097	0.0976	0.53034	0.03967	0.32268
V455	0.04897	0.09475	0.25381	0.06049	0.54197
V456	0.81581	0.04158	0.00985	0.06995	0.0628
V457	0.66734	0.08955	0.04967	0.11614	0.07731
V458	0.02703	0.21121	0.57212	0.10725	0.0824
V459	0.10346	0.02683	0.05264	0.49872	0.31835
V460	0.58506	0.06438	0.19906	0.10942	0.04209
V461	0.17119	0.12672	0.25811	0.04155	0.40243
V462	0.03517	0.02271	0.01663	0.50431	0.42118
V463	0.17521	0.02504	0.01874	0.76082	0.02019
V464	0.15555	0.16567	0.61795	0.04365	0.01717
V465	0.0239	0.02574	0.01552	0.03149	0.90335
V466	0.01478	0.00465	0.00376	0.09007	0.88674
V467	0.0508	0.07548	0.02958	0.69081	0.15332
V468	0.60582	0.14265	0.14561	0.03673	0.0692
V469	0.01373	0.09806	0.06271	0.33836	0.48714
V470	0.74249	0.05208	0.03944	0.14344	0.02255
V471	0.37603	0.10329	0.04165	0.2197	0.25933
V472	0.00318	0.01644	0.03285	0.01754	0.93
V473	0.02607	0.09313	0.24081	0.37309	0.26692
V474	0.25187	0.05428	0.06992	0.55064	0.07329
V475	0.1252	0.09287	0.48848	0.05073	0.24272
V476	0.1225	0.02852	0.0953	0.66221	0.09146
V477	0.10854	0.74268	0.05161	0.08464	0.01253
V478	0.10393	0.00959	0.00927	0.01806	0.85915
V479	0.74351	0.05347	0.04748	0.13312	0.02241
V480	0.19879	0.30921	0.11026	0.28458	0.09716
V481	0.24352	0.13198	0.08391	0.28246	0.25813
V482	0.17536	0.37837	0.34796	0.04527	0.05305
V483	0.40389	0.2198	0.01165	0.23757	0.12709
V484	0.27633	0.22544	0.18331	0.27145	0.04348
V485	0.58987	0.05986	0.12589	0.18113	0.04324
V486	0.04554	0.05568	0.22856	0.01615	0.65407
V487	0.11981	0.09943	0.39019	0.37329	0.01727
V488	0.32617	0.02875	0.00563	0.39639	0.24306
V489	0.01121	0.18353	0.65236	0.12115	0.03176
V490	0.01181	0.11785	0.616	0.23852	0.01583
V491	0.02849	0.14607	0.0595	0.14708	0.61887
V492	0.0268	0.04428	0.03614	0.845	0.04778
V493	0.01423	0.00369	0.01122	0.9481	0.02275
V494	0.24808	0.01333	0.02442	0.59877	0.11539
V495	0.30008	0.10779	0.23818	0.24765	0.1063
V496	0.08096	0.01911	0.04366	0.01687	0.83939
V497	0.06465	0.02922	0.11422	0.09832	0.69359
V498	0.14795	0.57141	0.08141	0.09023	0.10899
V499	0.03098	0.09047	0.23307	0.07866	0.56681
V500	0.12642	0.1975	0.15792	0.3851	0.13306
V501	0.05267	0.08224	0.01926	0.02954	0.81629
V502	0.24931	0.48218	0.10985	0.14841	0.01025
V503	0.34216	0.04628	0.19377	0.17151	0.24627
V504	0.41917	0.06553	0.01367	0.03527	0.46636
V505	0.48315	0.02262	0.03094	0.11415	0.34914
V506	0.02192	0.17293	0.08197	0.03647	0.68671
V507	0.70843	0.03532	0.04446	0.1538	0.058
V508	0.03657	0.31035	0.34225	0.11175	0.19908
V509	0.05448	0.17807	0.1828	0.31329	0.27136
V510	0.53582	0.22312	0.08353	0.12982	0.02771
V511	0.06506	0.18562	0.54514	0.07786	0.12631
V512	0.16102	0.18699	0.22655	0.09906	0.32638
V513	0.25963	0.34193	0.14707	0.14987	0.10151
V514	0.00774	0.0301	0.16059	0.04177	0.75981
V515	0.06384	0.03732	0.0046	0.88494	0.0093
V516	0.16774	0.13792	0.14088	0.51604	0.03742
V517	0.01448	0.01893	0.04975	0.89575	0.02109
V518	0.33985	0.06537	0.29971	0.24215	0.05291
V519	0.70749	0.04621	0.01537	0.20887	0.02206
V520	0.14552	0.54711	0.05972	0.23682	0.01083
V521	0.16516	0.02715	0.12612	0.66358	0.01798
V522	0.04538	0.14593	0.54597	0.1909	0.07182
V523	0.12718	0.13439	0.6461	0.07663	0.01571
V524	0.27477	0.10313	0.49576	0.02309	0.10325
V525	0.00747	0.04946	0.02986	0.02596	0.88725
V526	0.03752	0.14752	0.7145	0.0473	0.05316
V527	0.09927	0.2613	0.52487	0.05669	0.05786
V528	0.11952	0.00968	0.02507	0.83687	0.00886
V529	0.17983	0.13008	0.6319	0.0306	0.0276
V530	0.02053	0.14686	0.71545	0.07646	0.0407
V531	0.19724	0.20236	0.12805	0.05454	0.4178
V532	0.05064	0.10776	0.27695	0.01946	0.5452
V533	0.16798	0.01066	0.0044	0.01923	0.79773
V534	0.10308	0.02275	0.00432	0.82434	0.04551
V535	0.7893	0.07975	0.06765	0.03978	0.02351
V536	0.10297	0.1009	0.348	0.05309	0.39504
V537	0.00916	0.0119	0.01532	0.01807	0.94555
V538	0.52829	0.04713	0.01338	0.06127	0.34993
V539	0.0161	0.14245	0.58911	0.14097	0.11136
V540	0.17348	0.1742	0.12008	0.09851	0.43373
V541	0.02367	0.11094	0.02886	0.05019	0.78635
V542	0.03646	0.12212	0.13342	0.59331	0.11469
V543	0.05754	0.13208	0.58681	0.07488	0.1487
V544	0.28695	0.08701	0.18966	0.09993	0.33645
V545	0.76188	0.15129	0.02105	0.05505	0.01072
V546	0.11341	0.43714	0.18328	0.06877	0.19739
V547	0.15771	0.42359	0.01658	0.31003	0.09208
V548	0.00803	0.01941	0.01155	0.93851	0.02251
V549	0.00268	0.00842	0.02079	0.143	0.82511
V550	0.0762	0.56123	0.23789	0.08473	0.03995
V551	0.01471	0.00267	0.0039	0.96803	0.01069
V552	0.13615	0.01345	0.02034	0.04467	0.78539
V553	0.65985	0.03144	0.02769	0.2013	0.07973
V554	0.09221	0.08765	0.43287	0.35902	0.02824
V555	0.09576	0.66231	0.04621	0.07485	0.12087
V556	0.06404	0.02508	0.05602	0.77312	0.08173
V557	0.28956	0.08707	0.04943	0.47829	0.09565
V558	0.01192	0.1251	0.64222	0.181	0.03976
V559	0.11417	0.23552	0.53781	0.04107	0.07143
V560	0.66696	0.12388	0.16443	0.03628	0.00845
V561	0.5769	0.04198	0.13532	0.04123	0.20458
V562	0.08239	0.03484	0.12503	0.09254	0.6652
V563	0.18814	0.1092	0.21976	0.15825	0.32465
V564	0.25917	0.02478	0.05969	0.3697	0.28666
V565	0.0027	0.00834	0.01538	0.04679	0.92679
V566	0.237	0.04792	0.03419	0.38262	0.29827
V567	0.02081	0.16218	0.77993	0.02104	0.01605
V568	0.02903	0.13291	0.43794	0.39466	0.00546
V569	0.5624	0.06344	0.12006	0.18402	0.07008
V570	0.1061	0.05104	0.25372	0.48627	0.10287
V571	0.19879	0.04317	0.21504	0.36211	0.18089
V572	0.69572	0.03124	0.00807	0.04209	0.22288
V573	0.06444	0.06709	0.30603	0.40373	0.15871
V574	0.54574	0.12404	0.10465	0.17307	0.05249
V575	0.25523	0.03155	0.10506	0.06451	0.54365
V576	0.08029	0.55714	0.03925	0.08663	0.23669
V577	0.53361	0.22114	0.07118	0.14608	0.02799
V578	0.02501	0.12212	0.48778	0.28168	0.08341
V579	0.02492	0.24261	0.42272	0.06555	0.2442
V580	0.27254	0.22009	0.03325	0.40779	0.06633
V581	0.06163	0.25343	0.49425	0.1685	0.0222
V582	0.00543	0.17217	0.78725	0.03157	0.00358
V583	0.52838	0.08152	0.32151	0.06175	0.00684
V584	0.25364	0.2037	0.15473	0.08228	0.30565
V585	0.07318	0.4098	0.14386	0.18157	0.19159
V586	0.06243	0.4844	0.35181	0.09376	0.0076
V587	0.0655	0.27531	0.02254	0.08029	0.55637
V588	0.26007	0.22262	0.4624	0.03324	0.02167
V589	0.10289	0.14347	0.06768	0.6297	0.05626
V590	0.06911	0.37847	0.01437	0.06421	0.47384
V591	0.61512	0.22531	0.07139	0.06001	0.02818
V592	0.01735	0.1102	0.60037	0.05023	0.22184
V593	0.33096	0.01597	0.01173	0.56053	0.0808
V594	0.00729	0.13569	0.58209	0.19302	0.08191
V595	0.44087	0.03676	0.07329	0.38123	0.06785
V596	0.43393	0.10273	0.22926	0.18781	0.04626
V597	0.01422	0.04429	0.01053	0.11005	0.82092
V598	0.42722	0.01875	0.01126	0.02436	0.51841
V599	0.0771	0.14718	0.1221	0.58153	0.07209
V600	0.21215	0.0393	0.17159	0.40832	0.16864
V601	0.1056	0.0287	0.01058	0.4929	0.36223
V602	0.8348	0.0874	0.01111	0.05471	0.01197
V603	0.09047	0.03817	0.02932	0.1339	0.70814
V604	0.01829	0.10728	0.57254	0.12484	0.17704
V605	0.01583	0.03152	0.0998	0.06686	0.78599
V606	0.68717	0.02917	0.00798	0.0418	0.23387
V607	0.1031	0.03063	0.02165	0.02517	0.81945
V608	0.62607	0.03385	0.04095	0.12362	0.1755
V609	0.17794	0.09852	0.0234	0.55368	0.14646
V610	0.12191	0.29528	0.02502	0.52705	0.03074
V611	0.22115	0.10764	0.53517	0.04637	0.08968
V612	0.28322	0.0657	0.27498	0.03626	0.33985
V613	0.56198	0.24627	0.075	0.10655	0.01021
V614	0.40668	0.0249	0.02401	0.0957	0.44871
V615	0.0066	0.04221	0.12024	0.60569	0.22526
V616	0.55155	0.04465	0.15008	0.18921	0.06451
V617	0.18105	0.08995	0.40953	0.12098	0.19849
V618	0.63707	0.05848	0.07434	0.04635	0.18376
V619	0.42514	0.04758	0.14498	0.03083	0.35148
V620	0.03585	0.06107	0.31061	0.57552	0.01694
V621	0.11077	0.09885	0.27582	0.02014	0.49441
V622	0.01485	0.09695	0.30499	0.0257	0.55752
V623	0.04984	0.00655	0.00977	0.68374	0.25011
V624	0.76341	0.03562	0.01599	0.06425	0.12073
V625	0.00727	0.03291	0.09161	0.84797	0.02023
V626	0.06222	0.09082	0.4762	0.33094	0.03982
V627	0.07335	0.05197	0.10097	0.03962	0.73409
V628	0.84079	0.04714	0.01791	0.08166	0.01251
V629	0.12208	0.18302	0.62116	0.0559	0.01785
V630	0.00691	0.0436	0.02289	0.03316	0.89345
V631	0.00221	0.03757	0.19421	0.02155	0.74446
V632	0.06818	0.36913	0.02811	0.11627	0.41831
V633	0.03926	0.01712	0.07817	0.49519	0.37026
V634	0.50238	0.21344	0.22263	0.05305	0.00849
V635	0.02386	0.04727	0.14692	0.03004	0.75191
V636	0.17175	0.09511	0.3103	0.23803	0.1848
V637	0.16865	0.06857	0.35775	0.27765	0.12738
V638	0.06925	0.14262	0.03234	0.12254	0.63325
V639	0.63411	0.17994	0.11857	0.04201	0.02536
V640	0.0823	0.0575	0.07801	0.24328	0.53891
V641	0.15292	0.35616	0.05791	0.35155	0.08146
V642	0.64741	0.03541	0.01418	0.29316	0.00984
V643	0.10139	0.57148	0.18158	0.13607	0.00947
V644	0.04566	0.14727	0.03691	0.69521	0.07494
V645	0.27797	0.40575	0.048	0.25795	0.01034
V646	0.162	0.20571	0.05305	0.41948	0.15976
V647	0.81128	0.04014	0.01729	0.11905	0.01224
V648	0.35976	0.04092	0.01263	0.33569	0.25101
V649	0.18681	0.03789	0.07208	0.11859	0.58463
V650	0.02132	0.01192	0.05646	0.90122	0.00908
V651	0.12861	0.06277	0.00553	0.79406	0.00903
V652	0.28416	0.01929	0.04015	0.62535	0.03105
V653	0.26885	0.02308	0.05563	0.58443	0.06801
V654	0.01696	0.01975	0.00401	0.06172	0.89756
V655	0.12935	0.06473	0.28052	0.50801	0.01739
V656	0.0673	0.00887	0.00388	0.08876	0.83119
V657	0.03583	0.1727	0.04805	0.51902	0.2244
V658	0.01872	0.01445	0.02961	0.58908	0.34815
V659	0.01306	0.02005	0.07109	0.8019	0.0939
V660	0.04528	0.08803	0.02702	0.05608	0.78358
V661	0.05298	0.27538	0.03525	0.36317	0.27322
V662	0.02518	0.12175	0.02975	0.02353	0.79979
V663	0.87386	0.04767	0.01877	0.04615	0.01355
V664	0.0153	0.01779	0.09423	0.34919	0.52348
V665	0.03665	0.31096	0.34532	0.19594	0.11112
V666	0.19423	0.57839	0.12388	0.09294	0.01056
V667	0.0402	0.25786	0.37886	0.20412	0.11897
V668	0.65628	0.10412	0.06958	0.11972	0.0503
V669	0.47534	0.11464	0.04317	0.15644	0.21041
V670	0.11324	0.2503	0.07986	0.08897	0.46763
V671	0.65126	0.0603	0.19525	0.07411	0.01908
V672	0.06334	0.03066	0.07764	0.28607	0.54228
V673	0.00318	0.0094	0.00386	0.09157	0.892
V674	0.32223	0.11693	0.46754	0.02522	0.06809
V675	0.55843	0.02763	0.04675	0.1926	0.17459
V676	0.2127	0.10678	0.44466	0.02213	0.21374
V677	0.04121	0.11484	0.24167	0.49449	0.10779
V678	0.03463	0.0789	0.01902	0.04603	0.82142
V679	0.012	0.07396	0.394	0.50341	0.01663
V680	0.11085	0.01026	0.02103	0.31656	0.5413
V681	0.43069	0.02958	0.04729	0.35083	0.1416
V682	0.0047	0.17106	0.79877	0.02189	0.00358
V683	0.06253	0.1527	0.57934	0.02156	0.18388
V684	0.04742	0.00705	0.01101	0.9247	0.00982
V685	0.01248	0.14071	0.69602	0.13494	0.01584
V686	0.41169	0.30399	0.13837	0.09456	0.05139
V687	0.00417	0.09032	0.49312	0.3846	0.02778
V688	0.00431	0.1615	0.77544	0.03016	0.02859
V689	0.40246	0.05636	0.1909	0.14131	0.20897
V690	0.21045	0.54807	0.06028	0.1389	0.0423
V691	0.11747	0.04657	0.05144	0.72522	0.0593
V692	0.0541	0.01198	0.01739	0.78489	0.13163
V693	0.02676	0.28289	0.58134	0.08651	0.02249
V694	0.07549	0.06065	0.04467	0.70183	0.11735
V695	0.08554	0.04658	0.12057	0.03121	0.7161
V696	0.09797	0.11069	0.60557	0.02659	0.15919
V697	0.08617	0.07614	0.29539	0.37838	0.16393
V698	0.00819	0.02805	0.126	0.0219	0.81586
V699	0.02575	0.01319	0.04377	0.63951	0.27779
V700	0.1013	0.46501	0.17376	0.05324	0.20668
V701	0.00683	0.04177	0.01652	0.02574	0.90915
V702	0.01612	0.03197	0.01091	0.72323	0.21778
V703	0.01434	0.01071	0.02635	0.92664	0.02196
V704	0.03	0.06433	0.30341	0.03008	0.57218
V705	0.8232	0.04385	0.0099	0.06036	0.06268
V706	0.13001	0.06778	0.16175	0.5124	0.12806
V707	0.10292	0.04172	0.0668	0.27427	0.51429
V708	0.03408	0.33685	0.57197	0.05172	0.00538
V709	0.00279	0.01214	0.02683	0.01779	0.94045
V710	0.09255	0.07133	0.37335	0.01685	0.44591
V711	0.03332	0.00806	0.02055	0.03088	0.9072
V712	0.0535	0.11285	0.58473	0.22138	0.02754
V713	0.29296	0.22456	0.41682	0.0591	0.00657
V714	0.02765	0.00724	0.00396	0.01862	0.94254
V715	0.01352	0.19251	0.61466	0.1609	0.01842
V716	0.73491	0.08256	0.02517	0.10754	0.04981
V717	0.32297	0.07026	0.12488	0.04892	0.43296
V718	0.56486	0.06719	0.25513	0.03546	0.07735
V719	0.36923	0.09815	0.12334	0.17806	0.23121
V720	0.0772	0.02458	0.07033	0.04356	0.78434
V721	0.0143	0.01209	0.03807	0.03043	0.90512
V722	0.01979	0.07192	0.06163	0.57795	0.2687
V723	0.10057	0.08218	0.12286	0.64674	0.04765
V724	0.18675	0.30595	0.08143	0.39582	0.03005
V725	0.01503	0.0078	0.00958	0.01853	0.94906
V726	0.24691	0.18891	0.08223	0.11968	0.36228
V727	0.0124	0.15928	0.77015	0.0298	0.02837
V728	0.67404	0.05337	0.13057	0.12228	0.01975
V729	0.56386	0.0543	0.03725	0.32409	0.0205
V730	0.09813	0.06506	0.33654	0.41021	0.09006
V731	0.00625	0.01609	0.05741	0.911	0.00924
V732	0.01441	0.00378	0.0113	0.96007	0.01044
V733	0.03026	0.16139	0.75848	0.02116	0.02871
V734	0.44421	0.099	0.34327	0.08314	0.03039
V735	0.05107	0.06523	0.18261	0.03952	0.66157
V736	0.00348	0.01434	0.00974	0.01844	0.95399
V737	0.87235	0.04957	0.0188	0.04586	0.01342
V738	0.01777	0.12712	0.02238	0.03358	0.79915
V739	0.01521	0.00704	0.00395	0.96335	0.01045
V740	0.14628	0.03679	0.08884	0.03178	0.69631
V741	0.3981	0.02125	0.01179	0.36312	0.20574
V742	0.0585	0.081	0.44218	0.18875	0.22956
V743	0.01572	0.02315	0.05841	0.09876	0.80397
V744	0.15903	0.04721	0.16076	0.56475	0.06825
V745	0.13256	0.01972	0.0479	0.78029	0.01953
V746	0.5011	0.25255	0.07473	0.05999	0.11164
V747	0.02981	0.15683	0.74216	0.02995	0.04125
V748	0.13484	0.09525	0.26795	0.08355	0.41841
V749	0.15269	0.04848	0.11697	0.4739	0.20797
V750	0.76988	0.08877	0.018	0.11273	0.01062
V751	0.03964	0.23593	0.6413	0.06329	0.01984
V752	0.01174	0.03231	0.02193	0.02482	0.90921
V753	0.45094	0.06634	0.23017	0.05787	0.19468
V754	0.11472	0.10291	0.01505	0.74417	0.02315
V755	0.4143	0.39694	0.09659	0.05719	0.03499
V756	0.01132	0.02844	0.02172	0.06201	0.87651
V757	0.13787	0.02116	0.09429	0.72804	0.01864
V758	0.07075	0.14843	0.00758	0.74797	0.02527
V759	0.05422	0.02341	0.07491	0.01625	0.83121
V760	0.05342	0.03697	0.16877	0.23328	0.50755
V761	0.0629	0.20129	0.68234	0.03541	0.01806
V762	0.01064	0.03388	0.13946	0.37107	0.44495
V763	0.017	0.06408	0.01142	0.02018	0.88733
V764	0.0926	0.03251	0.08216	0.76138	0.03135
V765	0.13905	0.10558	0.54396	0.07133	0.14008
V766	0.0807	0.20908	0.31675	0.10067	0.2928
V767	0.31109	0.18576	0.09445	0.10787	0.30083
V768	0.11492	0.51453	0.133	0.19808	0.03947
V769	0.64133	0.05925	0.18343	0.03755	0.07843
V770	0.24761	0.08729	0.44427	0.20447	0.01637
V771	0.09785	0.33532	0.02651	0.23882	0.30151
V772	0.04714	0.15851	0.76009	0.03055	0.0037
V773	0.01516	0.00594	0.00371	0.14357	0.83161
V774	0.11815	0.07681	0.41746	0.01777	0.36981
V775	0.77924	0.03923	0.03154	0.11426	0.03573
V776	0.4139	0.19572	0.2283	0.08564	0.07644
V777	0.22892	0.17315	0.30455	0.1905	0.10287
V778	0.43714	0.03066	0.01886	0.25406	0.25927
V779	0.07842	0.24422	0.58702	0.05324	0.03711
V780	0.02096	0.16249	0.78234	0.03063	0.00358
V781	0.15527	0.11204	0.1795	0.02301	0.53018
V782	0.17776	0.06547	0.02563	0.03001	0.70112
V783	0.00284	0.08707	0.48245	0.03833	0.38931
V784	0.03642	0.24731	0.01	0.48881	0.21746
V785	0.67343	0.0608	0.00816	0.15923	0.09837
V786	0.14763	0.06238	0.02106	0.72043	0.04851
V787	0.18058	0.24639	0.01071	0.38821	0.17411
V788	0.41622	0.16431	0.10068	0.03468	0.28412
V789	0.00786	0.03829	0.01043	0.4004	0.54302
V790	0.23377	0.07448	0.06777	0.14942	0.47456
V791	0.14814	0.06873	0.07426	0.22577	0.48309
V792	0.83647	0.05002	0.03352	0.04238	0.03761
V793	0.29189	0.09073	0.06361	0.13848	0.41529
V794	0.00902	0.02074	0.07784	0.1515	0.74091
V795	0.26461	0.51692	0.05805	0.08805	0.07236
V796	0.3283	0.17008	0.15325	0.27382	0.07455
V797	0.08386	0.00665	0.00396	0.03089	0.87463
V798	0.14041	0.17453	0.01724	0.15178	0.51604
V799	0.02675	0.05188	0.05208	0.78121	0.08808
V800	0.01486	0.0093	0.01488	0.10443	0.85652
V801	0.30007	0.03222	0.12237	0.49102	0.05432
V802	0.0211	0.04715	0.01693	0.02631	0.88851
V803	0.23985	0.01954	0.01148	0.68506	0.04406
V804	0.17539	0.07949	0.20496	0.4539	0.08626
V805	0.12758	0.10306	0.40507	0.2113	0.15299
V806	0.36585	0.04433	0.17589	0.08625	0.32768
V807	0.58721	0.0322	0.06711	0.08395	0.22954
V808	0.69559	0.03947	0.05757	0.04072	0.16665
V809	0.26223	0.25177	0.04619	0.0955	0.3443
V810	0.01847	0.02127	0.03571	0.43782	0.48672
V811	0.03094	0.0268	0.02159	0.10209	0.81859
V812	0.04015	0.33009	0.33018	0.20588	0.09371
V813	0.02195	0.0814	0.18714	0.01783	0.69168
V814	0.25761	0.23638	0.10933	0.33094	0.06574
V815	0.37191	0.3464	0.07281	0.17661	0.03228
V816	0.02808	0.18662	0.0186	0.6859	0.0808
V817	0.69826	0.06419	0.15957	0.06916	0.00882
V818	0.03045	0.09947	0.31311	0.05105	0.50591
V819	0.83301	0.0479	0.02578	0.08104	0.01227
V820	0.07226	0.13502	0.15001	0.57348	0.06924
V821	0.00289	0.00709	0.00408	0.01941	0.96653
V822	0.14923	0.0136	0.01808	0.81018	0.00892
V823	0.02981	0.04765	0.17273	0.01599	0.73382
V824	0.04115	0.01468	0.02072	0.01745	0.90599
V825	0.12375	0.10364	0.54847	0.2193	0.00484
V826	0.03769	0.15434	0.75565	0.04863	0.00369
V827	0.29685	0.04978	0.00606	0.47516	0.17215
V828	0.17908	0.05392	0.0984	0.07758	0.59101
V829	0.06723	0.06209	0.26103	0.18379	0.42586
V830	0.11804	0.10743	0.56869	0.04335	0.16249
V831	0.05153	0.36666	0.10498	0.39487	0.08197
V832	0.14341	0.01538	0.05951	0.22516	0.55654
V833	0.33971	0.42168	0.03365	0.05845	0.14651
V834	0.69805	0.07053	0.04716	0.07072	0.11354
V835	0.23936	0.10603	0.10906	0.38532	0.16023
V836	0.32043	0.09916	0.41175	0.15156	0.0171
V837	0.0656	0.45661	0.0505	0.15765	0.26963
V838	0.00554	0.01448	0.07196	0.88707	0.02095
V839	0.02107	0.01997	0.05613	0.01637	0.88645
V840	0.81187	0.04579	0.04035	0.078	0.02399
V841	0.1868	0.12852	0.63851	0.03059	0.01558
V842	0.44455	0.06011	0.2067	0.25853	0.03011
V843	0.33841	0.03511	0.13383	0.0939	0.39875
V844	0.01813	0.18028	0.70488	0.05229	0.04443
V845	0.0181	0.00466	0.00346	0.58218	0.3916
V846	0.07081	0.02566	0.07792	0.06648	0.75912
V847	0.13728	0.01502	0.04469	0.12195	0.68106
V848	0.61935	0.03297	0.01345	0.13362	0.20061
V849	0.11197	0.11982	0.60121	0.02785	0.13915
V850	0.15709	0.05285	0.24887	0.16353	0.37766
V851	0.86263	0.04495	0.01074	0.05533	0.02635
V852	0.16855	0.03085	0.07086	0.17539	0.55436
V853	0.03194	0.12521	0.54104	0.17862	0.12319
V854	0.04087	0.13669	0.26284	0.11322	0.44637
V855	0.10768	0.13732	0.117	0.46639	0.17161
V856	0.14298	0.11818	0.0639	0.02459	0.65036
V857	0.05818	0.03601	0.14693	0.42065	0.33824
V858	0.02312	0.12879	0.20952	0.28128	0.35729
V859	0.10467	0.01287	0.02488	0.80112	0.05646
V860	0.03397	0.04847	0.06792	0.75037	0.09927
V861	0.11428	0.03097	0.12036	0.7161	0.01829
V862	0.04039	0.0091	0.02026	0.08831	0.84195
V863	0.09121	0.62847	0.06592	0.09733	0.11708
V864	0.0367	0.14303	0.72076	0.09565	0.00385
V865	0.07073	0.1	0.53568	0.28875	0.00483
V866	0.02911	0.10993	0.54654	0.27398	0.04043
V867	0.43301	0.02428	0.01159	0.02487	0.50625
V868	0.21767	0.13817	0.41958	0.17849	0.04609
V869	0.00844	0.00788	0.02084	0.02473	0.93811
V870	0.22342	0.06089	0.08444	0.29871	0.33255
V871	0.02246	0.02655	0.0784	0.09087	0.78172
V872	0.31261	0.025	0.01919	0.56052	0.08268
V873	0.0555	0.12202	0.17573	0.51777	0.12898
V874	0.05531	0.01631	0.0094	0.02434	0.89463
V875	0.00929	0.04871	0.0257	0.53855	0.37776
V876	0.35822	0.03533	0.05818	0.03717	0.5111
V877	0.34247	0.29467	0.08011	0.2313	0.05146
V878	0.04542	0.32115	0.08238	0.49741	0.05364
V879	0.81774	0.05254	0.02553	0.07978	0.02442
V880	0.05858	0.02528	0.02956	0.42156	0.46503
V881	0.00868	0.07186	0.39653	0.01551	0.50742
V882	0.05022	0.16805	0.02871	0.74402	0.00901
V883	0.47289	0.06451	0.02189	0.2541	0.18662
V884	0.0027	0.00544	0.00405	0.02677	0.96104
V885	0.13012	0.07301	0.33164	0.13247	0.33276
V886	0.0025	0.00754	0.0267	0.18927	0.774
V887	0.19234	0.55734	0.04085	0.0673	0.14216
V888	0.0501	0.03662	0.05754	0.75889	0.09684
V889	0.22774	0.47487	0.10814	0.12256	0.06669
V890	0.02609	0.02605	0.12198	0.66128	0.1646
V891	0.00538	0.17074	0.7789	0.04136	0.00363
V892	0.58772	0.09081	0.03195	0.0412	0.24831
V893	0.13303	0.13367	0.4952	0.12373	0.11437
V894	0.1197	0.20286	0.07626	0.48214	0.11904
V895	0.58272	0.07045	0.26663	0.06212	0.01807
V896	0.19715	0.10605	0.25751	0.42007	0.01921
V897	0.00483	0.00834	0.03858	0.7717	0.17655
V898	0.26165	0.01487	0.01584	0.04073	0.66691
V899	0.62873	0.13762	0.11348	0.03649	0.08368
V900	0.24218	0.12175	0.30322	0.2855	0.04736
