mature.neutrophil	CD14.pos.CD16.neg.classical.monocyte	macrophage	memory.CD4.pos.AB.T.cell	cytotoxic.CD56.dim.NK.cell
V1	0.29353	0.21151	0.20777	0.17292	0.11427
V2	0.05292	0.70195	0.08146	0.11359	0.05008
V3	0.06058	0.15006	0.33856	0.42358	0.02723
V4	0.0151	0.1271	0.2075	0.08346	0.56683
V5	0.01916	0.08332	0.0683	0.12708	0.70215
V6	0.29704	0.13907	0.21782	0.25149	0.09459
V7	0.01112	0.17504	0.34774	0.10414	0.36196
V8	0.01375	0.23671	0.62615	0.11065	0.01274
V9	0.05169	0.10284	0.21024	0.60856	0.02667
V10	0.40221	0.18405	0.33616	0.04798	0.0296
V11	0.03779	0.10705	0.10299	0.09377	0.65839
V12	0.07813	0.11403	0.18744	0.31852	0.30188
V13	0.12411	0.10139	0.04703	0.43216	0.29532
V14	0.14535	0.06743	0.0704	0.62783	0.089
V15	0.01947	0.05563	0.0138	0.86666	0.04444
V16	0.48746	0.12571	0.02504	0.33814	0.02365
V17	0.06674	0.26487	0.03687	0.09352	0.53801
V18	0.08014	0.4177	0.22764	0.25109	0.02343
V19	0.03217	0.07907	0.01851	0.14325	0.72699
V20	0.00409	0.19379	0.53395	0.24582	0.02234
V21	0.02069	0.29103	0.13109	0.19495	0.36223
V22	0.68199	0.15849	0.06484	0.06068	0.034
V23	0.07969	0.08739	0.03687	0.161	0.63504
V24	0.41803	0.17122	0.03437	0.09138	0.28499
V25	0.02424	0.07968	0.02874	0.44111	0.42622
V26	0.42856	0.2365	0.06665	0.08976	0.17853
V27	0.11893	0.48422	0.17862	0.05742	0.16081
V28	0.02664	0.1412	0.17111	0.6146	0.04645
V29	0.00451	0.1095	0.263	0.59058	0.03241
V30	0.62576	0.16559	0.03723	0.08044	0.09098
V31	0.38087	0.17795	0.02816	0.26069	0.15232
V32	0.76349	0.09492	0.02007	0.06902	0.05249
V33	0.02459	0.22466	0.03592	0.14752	0.56731
V34	0.12203	0.75107	0.04259	0.06803	0.01629
V35	0.09177	0.57467	0.2395	0.08053	0.01352
V36	0.02889	0.23686	0.15934	0.12313	0.45178
V37	0.64177	0.08824	0.01385	0.07016	0.18598
V38	0.11239	0.17342	0.36807	0.22235	0.12377
V39	0.2946	0.16531	0.2603	0.05869	0.22111
V40	0.21753	0.53799	0.04485	0.15691	0.04272
V41	0.04886	0.76083	0.04972	0.06112	0.07947
V42	0.71512	0.12103	0.0305	0.07102	0.06233
V43	0.41523	0.22829	0.26217	0.07444	0.01987
V44	0.03437	0.37535	0.44438	0.04881	0.09709
V45	0.03487	0.60558	0.11315	0.1957	0.0507
V46	0.11389	0.67714	0.09382	0.08695	0.02819
V47	0.00532	0.2502	0.68112	0.0452	0.01816
V48	0.15254	0.1974	0.18698	0.34652	0.11657
V49	0.40279	0.21577	0.18151	0.17723	0.02271
V50	0.02471	0.25759	0.66177	0.04433	0.0116
V51	0.10036	0.30744	0.18046	0.10261	0.30913
V52	0.05375	0.81429	0.04597	0.06957	0.01642
V53	0.024	0.17055	0.02438	0.74823	0.03284
V54	0.19895	0.05871	0.02452	0.55163	0.16619
V55	0.06771	0.04329	0.01273	0.83972	0.03655
V56	0.06708	0.0398	0.01869	0.75779	0.11664
V57	0.14402	0.26157	0.42282	0.06989	0.10169
V58	0.07218	0.08708	0.12778	0.22956	0.48339
V59	0.70269	0.12236	0.07901	0.07227	0.02367
V60	0.38015	0.24241	0.11342	0.165	0.09902
V61	0.18829	0.07936	0.03986	0.25095	0.44154
V62	0.05933	0.14358	0.25309	0.16303	0.38096
V63	0.36475	0.27659	0.0699	0.08457	0.2042
V64	0.76553	0.10935	0.03131	0.0677	0.02611
V65	0.08027	0.1158	0.04738	0.62187	0.13467
V66	0.02475	0.0724	0.11651	0.7484	0.03793
V67	0.01187	0.14387	0.28501	0.12658	0.43267
V68	0.39954	0.15575	0.29035	0.08268	0.07167
V69	0.50366	0.20145	0.16151	0.07285	0.06052
V70	0.05794	0.62651	0.07106	0.21333	0.03117
V71	0.09415	0.68981	0.07356	0.12006	0.02243
V72	0.04037	0.39115	0.0492	0.07878	0.4405
V73	0.05638	0.07255	0.09492	0.58135	0.19479
V74	0.01067	0.08735	0.02131	0.79033	0.09034
V75	0.40985	0.26336	0.23915	0.06244	0.02522
V76	0.00853	0.04518	0.02689	0.84123	0.07817
V77	0.02302	0.23772	0.64644	0.0807	0.01212
V78	0.00546	0.25267	0.67159	0.0522	0.01809
V79	0.0775	0.38584	0.06064	0.18218	0.29384
V80	0.12386	0.64684	0.03748	0.10703	0.08479
V81	0.01474	0.24999	0.67874	0.0448	0.01173
V82	0.2139	0.17738	0.04138	0.53445	0.0329
V83	0.09228	0.11417	0.03418	0.55663	0.20274
V84	0.09566	0.19853	0.02737	0.09673	0.58171
V85	0.0053	0.24989	0.68032	0.05255	0.01195
V86	0.02315	0.29258	0.25444	0.40264	0.02719
V87	0.39858	0.08216	0.04705	0.43585	0.03636
V88	0.28582	0.19811	0.06162	0.22919	0.22526
V89	0.04463	0.27997	0.58369	0.07966	0.01205
V90	0.02262	0.21841	0.07074	0.14353	0.5447
V91	0.00687	0.05846	0.07517	0.82481	0.0347
V92	0.23092	0.10795	0.04128	0.09914	0.52071
V93	0.01023	0.14476	0.14421	0.52907	0.17173
V94	0.04015	0.19613	0.04004	0.27891	0.44477
V95	0.06475	0.24916	0.04251	0.14768	0.49589
V96	0.66178	0.10071	0.03443	0.0836	0.11948
V97	0.15935	0.10087	0.05524	0.15524	0.52931
V98	0.05226	0.38497	0.17162	0.16571	0.22544
V99	0.45265	0.16732	0.02151	0.25121	0.10732
V100	0.47206	0.20453	0.05808	0.10279	0.16254
V101	0.06322	0.79978	0.05207	0.06884	0.01609
V102	0.28435	0.27336	0.12628	0.14895	0.16706
V103	0.1321	0.0679	0.02318	0.09984	0.67698
V104	0.04805	0.40635	0.09849	0.07903	0.36808
V105	0.0198	0.08671	0.05399	0.13663	0.70287
V106	0.05062	0.68573	0.16092	0.06194	0.0408
V107	0.04953	0.33778	0.50591	0.08844	0.01834
V108	0.02065	0.33268	0.59049	0.04458	0.0116
V109	0.05924	0.23572	0.06815	0.31183	0.32506
V110	0.16727	0.47249	0.17376	0.15854	0.02793
V111	0.25684	0.31704	0.3599	0.05322	0.01299
V112	0.16813	0.07455	0.09837	0.47785	0.1811
V113	0.22728	0.09307	0.09992	0.19088	0.38885
V114	0.49438	0.1396	0.05424	0.20764	0.10415
V115	0.72149	0.08991	0.01909	0.07403	0.09549
V116	0.02302	0.07492	0.01948	0.11485	0.76774
V117	0.04997	0.22253	0.57997	0.11658	0.03095
V118	0.03837	0.04202	0.01299	0.85582	0.0508
V119	0.28389	0.15341	0.29001	0.25476	0.01793
V120	0.01311	0.21566	0.59117	0.14184	0.03822
V121	0.1944	0.63267	0.03685	0.0671	0.06898
V122	0.03356	0.37716	0.09624	0.27738	0.21566
V123	0.43268	0.11786	0.07299	0.22181	0.15466
V124	0.20162	0.16051	0.06883	0.25701	0.31203
V125	0.04194	0.48111	0.40445	0.05417	0.01833
V126	0.14768	0.24569	0.19133	0.15491	0.26039
V127	0.24443	0.19007	0.45523	0.09152	0.01875
V128	0.20487	0.66264	0.04498	0.05875	0.02876
V129	0.24167	0.14587	0.21763	0.2035	0.19133
V130	0.02875	0.46486	0.06443	0.27506	0.1669
V131	0.0143	0.09365	0.18912	0.6743	0.02863
V132	0.32494	0.07797	0.01336	0.36121	0.22252
V133	0.0086	0.20403	0.43628	0.12406	0.22704
V134	0.06974	0.22476	0.56445	0.06678	0.07426
V135	0.02647	0.26742	0.5412	0.06897	0.09594
V136	0.78259	0.09834	0.0211	0.07071	0.02726
V137	0.73405	0.11333	0.02014	0.09073	0.04175
V138	0.23379	0.19122	0.08302	0.17769	0.31429
V139	0.11218	0.07643	0.13392	0.64301	0.03445
V140	0.03532	0.09691	0.14597	0.09017	0.63163
V141	0.02088	0.33189	0.49204	0.1357	0.01948
V142	0.19629	0.13022	0.26355	0.16502	0.24491
V143	0.02129	0.29078	0.38733	0.1761	0.1245
V144	0.44487	0.24183	0.07209	0.16307	0.07815
V145	0.00525	0.24875	0.66206	0.05953	0.02442
V146	0.03386	0.32688	0.03156	0.3566	0.2511
V147	0.09027	0.23379	0.4984	0.13998	0.03756
V148	0.15642	0.67961	0.04556	0.08921	0.0292
V149	0.00936	0.04162	0.0136	0.86271	0.07272
V150	0.1358	0.3098	0.43994	0.04703	0.06743
V151	0.38599	0.07567	0.02375	0.40823	0.10636
V152	0.0155	0.06138	0.10252	0.73407	0.08654
V153	0.15913	0.27985	0.35674	0.09329	0.11099
V154	0.11721	0.53895	0.05322	0.08705	0.20358
V155	0.03431	0.0727	0.11591	0.73956	0.03751
V156	0.09572	0.16109	0.31899	0.18289	0.24131
V157	0.09099	0.12678	0.14963	0.30491	0.32769
V158	0.18241	0.15474	0.34343	0.09206	0.22735
V159	0.10647	0.21703	0.03167	0.59087	0.05396
V160	0.40926	0.20894	0.09126	0.0965	0.19404
V161	0.20916	0.10113	0.06775	0.08403	0.53794
V162	0.00585	0.25683	0.6802	0.04526	0.01187
V163	0.06133	0.07452	0.03126	0.12838	0.70451
V164	0.75054	0.12868	0.02678	0.07299	0.02101
V165	0.52243	0.24224	0.08249	0.10205	0.05078
V166	0.05226	0.0936	0.19735	0.57015	0.08664
V167	0.03604	0.57812	0.04881	0.18726	0.14977
V168	0.00585	0.25683	0.6802	0.04526	0.01187
V169	0.05508	0.61969	0.16452	0.13279	0.02792
V170	0.22961	0.36293	0.06955	0.23198	0.10593
V171	0.27262	0.19317	0.27704	0.20465	0.05252
V172	0.17633	0.25443	0.08125	0.08902	0.39897
V173	0.19576	0.1527	0.08781	0.41394	0.14979
V174	0.19498	0.13188	0.27802	0.22583	0.1693
V175	0.07729	0.19812	0.11745	0.22197	0.38517
V176	0.32892	0.06809	0.01818	0.55611	0.0287
V177	0.17654	0.19046	0.41213	0.19964	0.02123
V178	0.24862	0.18382	0.34137	0.14995	0.07625
V179	0.10301	0.08151	0.02405	0.10141	0.69003
V180	0.03104	0.1485	0.28976	0.07284	0.45786
V181	0.06759	0.28423	0.0243	0.12424	0.49963
V182	0.49193	0.23574	0.02427	0.19938	0.04868
V183	0.07364	0.79745	0.04483	0.06099	0.0231
V184	0.28064	0.12521	0.22877	0.32769	0.03769
V185	0.10105	0.4451	0.04936	0.19456	0.20992
V186	0.13135	0.20533	0.04502	0.29019	0.32811
V187	0.07819	0.59447	0.03546	0.26552	0.02637
V188	0.68395	0.11343	0.04019	0.13693	0.02549
V189	0.40191	0.24345	0.04838	0.27941	0.02685
V190	0.37099	0.16437	0.17749	0.0738	0.21335
V191	0.20126	0.22284	0.0252	0.43765	0.11305
V192	0.29199	0.22854	0.11659	0.24401	0.11887
V193	0.06974	0.30769	0.40914	0.08686	0.12657
V194	0.25085	0.12661	0.087	0.1576	0.37794
V195	0.48737	0.24033	0.18751	0.06419	0.0206
V196	0.01903	0.07611	0.06817	0.12798	0.70871
V197	0.07091	0.77	0.04333	0.09247	0.02329
V198	0.21691	0.2406	0.05173	0.2435	0.24726
V199	0.63226	0.13181	0.16466	0.05463	0.01664
V200	0.64381	0.0888	0.03932	0.08381	0.14426
V201	0.03759	0.04396	0.03222	0.71117	0.17506
V202	0.75105	0.13153	0.01665	0.07425	0.02653
V203	0.47283	0.26066	0.04263	0.1085	0.11538
V204	0.3202	0.14034	0.04717	0.07748	0.41481
V205	0.11635	0.11613	0.11287	0.13612	0.51853
V206	0.04119	0.1156	0.01548	0.76716	0.06057
V207	0.01947	0.05563	0.0138	0.86666	0.04444
V208	0.1492	0.30598	0.37029	0.09165	0.08288
V209	0.15666	0.10681	0.09635	0.1051	0.53508
V210	0.00516	0.24762	0.67676	0.0523	0.01815
V211	0.15374	0.12928	0.17746	0.09613	0.44338
V212	0.06121	0.67822	0.10157	0.09587	0.06311
V213	0.10399	0.06905	0.06797	0.30001	0.45899
V214	0.02727	0.54101	0.33578	0.06401	0.03193
V215	0.23463	0.25985	0.12765	0.13102	0.24685
V216	0.06007	0.15919	0.27471	0.09917	0.40686
V217	0.00821	0.04039	0.03334	0.81959	0.09847
V218	0.07086	0.24739	0.23902	0.35485	0.08788
V219	0.12135	0.32223	0.30854	0.2256	0.02228
V220	0.19186	0.63995	0.08363	0.0632	0.02136
V221	0.04738	0.20473	0.39499	0.06666	0.28624
V222	0.03218	0.07507	0.02583	0.11889	0.74804
V223	0.44416	0.13851	0.23248	0.15746	0.02739
V224	0.04317	0.50539	0.05297	0.13988	0.25859
V225	0.59749	0.21656	0.10817	0.05588	0.0219
V226	0.42948	0.45746	0.02981	0.05988	0.02337
V227	0.08791	0.24673	0.02684	0.58446	0.05407
V228	0.49008	0.14659	0.20323	0.11672	0.04337
V229	0.24779	0.39882	0.22236	0.0928	0.03823
V230	0.03214	0.06798	0.02582	0.12028	0.75378
V231	0.06293	0.54442	0.08115	0.22363	0.08788
V232	0.65464	0.12555	0.14097	0.06159	0.01725
V233	0.06423	0.11339	0.13722	0.15479	0.53037
V234	0.01941	0.37427	0.19207	0.37412	0.04013
V235	0.77318	0.10033	0.01578	0.08827	0.02245
V236	0.07851	0.18634	0.46942	0.21324	0.05249
V237	0.11898	0.168	0.21853	0.33195	0.16255
V238	0.01678	0.06238	0.02308	0.33821	0.55955
V239	0.06633	0.38732	0.0676	0.22422	0.25453
V240	0.06843	0.7424	0.04868	0.0759	0.06458
V241	0.05378	0.81548	0.04589	0.06154	0.02331
V242	0.03576	0.34705	0.252	0.30021	0.06498
V243	0.41458	0.14342	0.24479	0.07949	0.11772
V244	0.03388	0.41095	0.18126	0.13313	0.24079
V245	0.05015	0.78476	0.06564	0.08364	0.01581
V246	0.53309	0.271	0.04276	0.06628	0.08687
V247	0.17886	0.24594	0.4448	0.09406	0.03634
V248	0.09757	0.54806	0.054	0.07294	0.22743
V249	0.23595	0.1581	0.17417	0.14669	0.28509
V250	0.02536	0.20868	0.49155	0.08218	0.19223
V251	0.19643	0.08904	0.08346	0.56575	0.06532
V252	0.0274	0.24747	0.42736	0.18175	0.11602
V253	0.27952	0.50025	0.0947	0.09777	0.02776
V254	0.46674	0.34405	0.02404	0.13501	0.03016
V255	0.67657	0.14335	0.01588	0.0844	0.0798
V256	0.04287	0.68091	0.05279	0.07038	0.15304
V257	0.39547	0.31162	0.12841	0.08872	0.07578
V258	0.15071	0.30104	0.06119	0.45657	0.03049
V259	0.46309	0.29704	0.14866	0.05933	0.03188
V260	0.24927	0.11655	0.10025	0.14188	0.39206
V261	0.02361	0.1667	0.39512	0.30195	0.11261
V262	0.73168	0.11636	0.05175	0.07536	0.02485
V263	0.65291	0.1427	0.02575	0.15781	0.02082
V264	0.07018	0.76331	0.05004	0.10013	0.01635
V265	0.67035	0.15827	0.07016	0.07759	0.02363
V266	0.02781	0.08161	0.08883	0.11485	0.68689
V267	0.05918	0.06724	0.02299	0.22452	0.62608
V268	0.18661	0.40376	0.13504	0.21875	0.05584
V269	0.08504	0.35725	0.29281	0.22341	0.04149
V270	0.04646	0.04949	0.03914	0.82959	0.03532
V271	0.2228	0.61247	0.04221	0.0808	0.04173
V272	0.1072	0.70922	0.06054	0.07365	0.04939
V273	0.26224	0.10871	0.14657	0.33894	0.14354
V274	0.09767	0.10138	0.04934	0.25163	0.49997
V275	0.04537	0.62691	0.15809	0.14145	0.02818
V276	0.01324	0.19431	0.51016	0.24751	0.03477
V277	0.31899	0.18332	0.40999	0.05268	0.03502
V278	0.00693	0.14389	0.27295	0.45598	0.12025
V279	0.13552	0.05176	0.02451	0.71642	0.07179
V280	0.17817	0.07519	0.04379	0.6	0.10286
V281	0.02494	0.21935	0.05292	0.66666	0.03613
V282	0.06389	0.80625	0.04528	0.06131	0.02327
V283	0.33574	0.10121	0.10271	0.09296	0.36737
V284	0.03	0.25678	0.41862	0.05652	0.23807
V285	0.46367	0.39933	0.02664	0.08657	0.02379
V286	0.07827	0.23482	0.5904	0.07863	0.01788
V287	0.22509	0.14361	0.14397	0.31231	0.17502
V288	0.18582	0.19305	0.4529	0.05562	0.11262
V289	0.14562	0.21939	0.03777	0.56381	0.03341
V290	0.38702	0.41667	0.12703	0.05388	0.0154
V291	0.36251	0.2119	0.02392	0.37218	0.02949
V292	0.1165	0.16686	0.32235	0.09042	0.30387
V293	0.0082	0.2879	0.59059	0.08867	0.02465
V294	0.02237	0.07628	0.0266	0.11286	0.7619
V295	0.0149	0.13305	0.26194	0.50559	0.08452
V296	0.7011	0.16255	0.01715	0.07789	0.04132
V297	0.0225	0.21225	0.5626	0.15777	0.04488
V298	0.26687	0.05982	0.01814	0.5417	0.11347
V299	0.24128	0.05085	0.02369	0.65319	0.03099
V300	0.78167	0.10219	0.01626	0.0773	0.02257
V301	0.76545	0.09472	0.02015	0.09277	0.02691
V302	0.01454	0.05709	0.02194	0.45319	0.45324
V303	0.10603	0.2334	0.1854	0.21682	0.25836
V304	0.17181	0.227	0.52147	0.05066	0.02906
V305	0.19858	0.32135	0.09647	0.15642	0.22718
V306	0.31071	0.55301	0.03363	0.07353	0.02912
V307	0.20994	0.11433	0.21064	0.44215	0.02293
V308	0.20962	0.19596	0.46193	0.11338	0.0191
V309	0.55006	0.13517	0.05296	0.16101	0.1008
V310	0.0405	0.08433	0.02446	0.17776	0.67295
V311	0.01677	0.04324	0.04679	0.85047	0.04273
V312	0.08857	0.30123	0.21822	0.06515	0.32683
V313	0.06232	0.28759	0.036	0.35539	0.2587
V314	0.08391	0.06505	0.02071	0.41679	0.41354
V315	0.76719	0.09684	0.02537	0.06863	0.04198
V316	0.10846	0.51974	0.22401	0.08153	0.06626
V317	0.33543	0.2218	0.35988	0.05327	0.02961
V318	0.74089	0.09242	0.01946	0.06839	0.07885
V319	0.09879	0.25321	0.57911	0.05713	0.01176
V320	0.07661	0.03856	0.0187	0.82395	0.04217
V321	0.1263	0.35596	0.2521	0.23037	0.03527
V322	0.01437	0.35188	0.44818	0.09355	0.09203
V323	0.22675	0.29764	0.33108	0.07	0.07453
V324	0.03763	0.08028	0.04685	0.79502	0.04022
V325	0.53212	0.16753	0.0783	0.15811	0.06395
V326	0.05666	0.08505	0.06452	0.19934	0.59443
V327	0.30482	0.44285	0.11175	0.07589	0.0647
V328	0.04538	0.29435	0.14903	0.47504	0.0362
V329	0.00613	0.15801	0.30465	0.50162	0.02958
V330	0.07859	0.23712	0.59232	0.04419	0.04779
V331	0.137	0.10267	0.08999	0.15311	0.51723
V332	0.39839	0.19172	0.31979	0.05456	0.03554
V333	0.35385	0.14703	0.23306	0.18882	0.07724
V334	0.04261	0.3616	0.42929	0.12177	0.04472
V335	0.59895	0.13823	0.07525	0.09077	0.09681
V336	0.15856	0.53209	0.23331	0.05064	0.0254
V337	0.0187	0.06933	0.03117	0.2301	0.6507
V338	0.59334	0.12688	0.12185	0.0748	0.08313
V339	0.2	0.49507	0.17319	0.05349	0.07825
V340	0.04012	0.21623	0.11316	0.12116	0.50933
V341	0.02405	0.49746	0.36388	0.05632	0.05829
V342	0.25823	0.25074	0.32976	0.14619	0.01508
V343	0.56888	0.14152	0.21016	0.06363	0.01581
V344	0.10294	0.65999	0.07179	0.08126	0.08402
V345	0.20883	0.09948	0.02084	0.32214	0.34871
V346	0.03487	0.34048	0.26546	0.31472	0.04446
V347	0.07875	0.45565	0.04902	0.36133	0.05525
V348	0.0193	0.24071	0.35635	0.26299	0.12065
V349	0.06359	0.37623	0.41391	0.06283	0.08345
V350	0.10582	0.3908	0.09448	0.27559	0.13331
V351	0.15931	0.16274	0.32458	0.32259	0.03077
V352	0.10626	0.52039	0.29862	0.05597	0.01875
V353	0.24115	0.32288	0.05532	0.10447	0.27618
V354	0.47593	0.16795	0.29253	0.04913	0.01446
V355	0.08073	0.12812	0.26243	0.49927	0.02946
V356	0.08792	0.23241	0.57942	0.06461	0.03564
V357	0.04641	0.19137	0.40227	0.08086	0.27909
V358	0.02783	0.07036	0.0403	0.82012	0.04139
V359	0.05095	0.12487	0.02213	0.76864	0.03341
V360	0.58199	0.1302	0.08054	0.18758	0.0197
V361	0.31452	0.43989	0.09817	0.0567	0.09072
V362	0.66878	0.11011	0.08413	0.06009	0.07688
V363	0.03959	0.08908	0.02411	0.21695	0.63028
V364	0.03956	0.27579	0.04198	0.46985	0.17282
V365	0.00881	0.04299	0.02036	0.86908	0.05876
V366	0.18834	0.20559	0.42802	0.1035	0.07455
V367	0.2096	0.26414	0.17969	0.20469	0.14188
V368	0.6169	0.16574	0.10523	0.0687	0.04343
V369	0.04202	0.591	0.22225	0.13023	0.0145
V370	0.02434	0.19843	0.11801	0.3911	0.26813
V371	0.06088	0.78473	0.08035	0.05883	0.01522
V372	0.54009	0.15349	0.11915	0.15343	0.03385
V373	0.11443	0.57826	0.13831	0.14716	0.02184
V374	0.092	0.16017	0.29335	0.43285	0.02163
V375	0.26407	0.18859	0.42006	0.11317	0.01411
V376	0.02009	0.14565	0.33464	0.0774	0.42222
V377	0.08498	0.47072	0.1932	0.22795	0.02314
V378	0.13108	0.51102	0.17112	0.05623	0.13055
V379	0.03557	0.09147	0.10889	0.14787	0.6162
V380	0.01866	0.12486	0.1509	0.51084	0.19474
V381	0.15276	0.10962	0.02382	0.09312	0.62068
V382	0.38043	0.06355	0.01813	0.3214	0.21648
V383	0.03262	0.10417	0.21836	0.61804	0.02681
V384	0.25906	0.1247	0.13904	0.41692	0.06028
V385	0.09426	0.14644	0.02587	0.09448	0.63895
V386	0.55206	0.08334	0.01792	0.32264	0.02403
V387	0.24457	0.07002	0.01853	0.61844	0.04844
V388	0.05586	0.72955	0.06899	0.12278	0.02283
V389	0.12504	0.67074	0.0517	0.08946	0.06307
V390	0.16651	0.05283	0.01831	0.65756	0.10479
V391	0.60388	0.18835	0.01711	0.12679	0.06386
V392	0.76459	0.11756	0.02146	0.07471	0.02168
V393	0.09652	0.09964	0.13079	0.52712	0.14594
V394	0.59662	0.09271	0.03373	0.19418	0.08276
V395	0.00479	0.12507	0.29365	0.54545	0.03104
V396	0.46136	0.17482	0.29552	0.04895	0.01935
V397	0.56803	0.18306	0.04353	0.15854	0.04684
V398	0.06305	0.07796	0.14414	0.62634	0.08851
V399	0.04753	0.0819	0.01632	0.32448	0.52977
V400	0.15794	0.48032	0.15297	0.19225	0.01651
V401	0.27958	0.1892	0.44018	0.07772	0.01332
V402	0.32423	0.17468	0.32297	0.11085	0.06728
V403	0.15203	0.12465	0.01713	0.19912	0.50706
V404	0.00622	0.17997	0.37618	0.38534	0.0523
V405	0.31484	0.2674	0.07645	0.25095	0.09036
V406	0.02431	0.25394	0.65365	0.04416	0.02394
V407	0.71558	0.12309	0.0412	0.09994	0.02019
V408	0.03575	0.35466	0.03282	0.30174	0.27503
V409	0.10589	0.06317	0.06453	0.66149	0.10493
V410	0.12277	0.22731	0.26578	0.09846	0.28568
V411	0.02273	0.07434	0.01929	0.12274	0.7609
V412	0.02983	0.20411	0.128	0.09831	0.53974
V413	0.0262	0.27746	0.14361	0.39094	0.16179
V414	0.04471	0.11833	0.01635	0.49669	0.32393
V415	0.17059	0.06834	0.02247	0.09617	0.64243
V416	0.11112	0.13669	0.03714	0.20836	0.50669
V417	0.01379	0.20975	0.55855	0.15964	0.05827
V418	0.48949	0.3569	0.04156	0.07194	0.04011
V419	0.24043	0.08852	0.03339	0.18224	0.45543
V420	0.22688	0.08892	0.09973	0.11534	0.46914
V421	0.01653	0.09678	0.12504	0.12468	0.63697
V422	0.01799	0.06267	0.05369	0.7128	0.15285
V423	0.25989	0.25171	0.23067	0.22278	0.03495
V424	0.01009	0.16861	0.39477	0.06533	0.3612
V425	0.32082	0.35166	0.02481	0.07451	0.2282
V426	0.2183	0.19462	0.03599	0.46662	0.08446
V427	0.204	0.56757	0.15533	0.05304	0.02005
V428	0.09568	0.57941	0.09615	0.14403	0.08474
V429	0.12558	0.67715	0.03872	0.12185	0.0367
V430	0.03592	0.15267	0.32974	0.22038	0.2613
V431	0.11009	0.37002	0.18073	0.28159	0.05758
V432	0.27571	0.13427	0.11166	0.35621	0.12215
V433	0.17732	0.16583	0.3801	0.2424	0.03435
V434	0.2221	0.34037	0.29882	0.06377	0.07495
V435	0.46109	0.17639	0.26138	0.08091	0.02023
V436	0.06285	0.54523	0.11786	0.10702	0.16704
V437	0.18918	0.08736	0.04033	0.22614	0.457
V438	0.12792	0.32091	0.1777	0.30835	0.06511
V439	0.51871	0.07876	0.05061	0.31819	0.03373
V440	0.02728	0.41817	0.44239	0.06159	0.05056
V441	0.03635	0.53189	0.33369	0.07886	0.01921
V442	0.06384	0.80652	0.05262	0.06093	0.01609
V443	0.75999	0.09364	0.01993	0.10442	0.02203
V444	0.14681	0.38976	0.05171	0.36392	0.04779
V445	0.06314	0.37271	0.05886	0.46809	0.0372
V446	0.10773	0.09584	0.09395	0.56335	0.13913
V447	0.07188	0.05726	0.0266	0.48498	0.35929
V448	0.16988	0.07702	0.03515	0.10717	0.61078
V449	0.00585	0.25683	0.6802	0.04526	0.01187
V450	0.19421	0.18013	0.20827	0.17606	0.24134
V451	0.25199	0.21718	0.069	0.35992	0.10191
V452	0.01497	0.07962	0.13857	0.70326	0.06358
V453	0.02376	0.06023	0.01484	0.50119	0.39996
V454	0.01562	0.20124	0.51798	0.07469	0.19047
V455	0.06638	0.29101	0.24219	0.10047	0.29996
V456	0.75768	0.09787	0.01506	0.08689	0.0425
V457	0.5676	0.22956	0.04598	0.11086	0.04599
V458	0.02745	0.41713	0.41049	0.10014	0.04479
V459	0.13215	0.11094	0.06012	0.49629	0.2005
V460	0.55625	0.14631	0.15474	0.11026	0.03245
V461	0.18087	0.33927	0.21287	0.07201	0.19498
V462	0.05311	0.11312	0.02857	0.53016	0.27505
V463	0.19713	0.0969	0.02577	0.64423	0.03597
V464	0.15275	0.30687	0.46425	0.05833	0.0178
V465	0.0529	0.14786	0.03314	0.11279	0.65332
V466	0.04078	0.06136	0.01727	0.19111	0.68948
V467	0.05732	0.24559	0.04006	0.56007	0.09696
V468	0.49086	0.31018	0.10532	0.0554	0.03824
V469	0.02241	0.32642	0.07291	0.31852	0.25974
V470	0.67796	0.1298	0.03574	0.13104	0.02546
V471	0.35675	0.28795	0.04508	0.18717	0.12305
V472	0.02096	0.10339	0.05489	0.10378	0.71698
V473	0.03357	0.2655	0.21214	0.33828	0.15051
V474	0.26522	0.1672	0.06596	0.44608	0.05553
V475	0.14985	0.1986	0.43633	0.0781	0.13712
V476	0.14633	0.09602	0.09216	0.59225	0.07325
V477	0.05391	0.81545	0.05329	0.06123	0.01611
V478	0.1808	0.07508	0.02249	0.09461	0.62702
V479	0.67827	0.13128	0.04116	0.12416	0.02513
V480	0.13692	0.5737	0.08053	0.16611	0.04273
V481	0.22896	0.35099	0.07569	0.22388	0.12049
V482	0.1162	0.61536	0.19005	0.05226	0.02613
V483	0.29999	0.45939	0.02912	0.15598	0.05552
V484	0.20966	0.46382	0.12228	0.17538	0.02886
V485	0.54947	0.15441	0.10068	0.16115	0.03428
V486	0.07274	0.18448	0.25186	0.07027	0.42065
V487	0.12474	0.22472	0.31776	0.30843	0.02434
V488	0.3726	0.11371	0.01426	0.35843	0.14101
V489	0.01253	0.34348	0.50564	0.11305	0.02531
V490	0.01329	0.20351	0.54059	0.22107	0.02153
V491	0.03926	0.43817	0.0706	0.15772	0.29425
V492	0.03185	0.15493	0.04317	0.71858	0.05147
V493	0.0183	0.03566	0.01996	0.88118	0.04489
V494	0.29491	0.05778	0.02941	0.53325	0.08465
V495	0.29538	0.26206	0.17969	0.20258	0.06028
V496	0.13972	0.10557	0.06329	0.08847	0.60295
V497	0.1047	0.12078	0.13547	0.16544	0.47361
V498	0.07938	0.75489	0.0633	0.06644	0.03599
V499	0.04683	0.28636	0.2286	0.11864	0.31958
V500	0.10702	0.44943	0.11834	0.26018	0.06503
V501	0.07887	0.32278	0.03884	0.08856	0.47094
V502	0.13557	0.68797	0.0733	0.08763	0.01554
V503	0.39027	0.12376	0.16761	0.17867	0.13968
V504	0.43823	0.22294	0.0247	0.07519	0.23894
V505	0.54034	0.08644	0.03476	0.14054	0.19791
V506	0.03214	0.49191	0.08769	0.07614	0.31213
V507	0.68498	0.09056	0.03896	0.14404	0.04147
V508	0.0321	0.59081	0.20958	0.09206	0.07544
V509	0.05471	0.43763	0.1428	0.23999	0.12486
V510	0.37676	0.43789	0.06471	0.09807	0.02257
V511	0.0637	0.38143	0.40703	0.0841	0.06374
V512	0.14732	0.44421	0.16807	0.10112	0.13928
V513	0.16924	0.59371	0.09514	0.1008	0.04112
V514	0.02339	0.10916	0.19888	0.11433	0.55425
V515	0.07193	0.13875	0.01617	0.74025	0.03291
V516	0.15162	0.34471	0.11139	0.35872	0.03356
V517	0.01764	0.07431	0.05439	0.81268	0.04097
V518	0.35853	0.14281	0.24333	0.21519	0.04015
V519	0.64673	0.12824	0.01992	0.17855	0.02656
V520	0.07782	0.73587	0.05517	0.11484	0.0163
V521	0.1916	0.0774	0.11648	0.58145	0.03307
V522	0.0484	0.30264	0.43477	0.16858	0.04561
V523	0.13586	0.23728	0.52367	0.08511	0.01808
V524	0.29552	0.19897	0.39904	0.04757	0.05891
V525	0.02495	0.23001	0.05035	0.09849	0.5962
V526	0.04213	0.24724	0.60908	0.06535	0.03621
V527	0.08301	0.48693	0.336	0.06281	0.03126
V528	0.14353	0.04648	0.03056	0.74666	0.03278
V529	0.18977	0.22511	0.51124	0.05066	0.02322
V530	0.02325	0.24137	0.61675	0.08792	0.03071
V531	0.17365	0.47928	0.10414	0.07461	0.16833
V532	0.06743	0.31801	0.25747	0.0623	0.29478
V533	0.26787	0.07553	0.01546	0.08974	0.5514
V534	0.11932	0.09612	0.01418	0.71874	0.05164
V535	0.68057	0.17925	0.05497	0.06125	0.02396
V536	0.12185	0.27063	0.31071	0.08552	0.2113
V537	0.03208	0.09117	0.03309	0.10719	0.73647
V538	0.54219	0.1602	0.02151	0.09277	0.18333
V539	0.01884	0.28812	0.4905	0.13761	0.06493
V540	0.16158	0.44339	0.10289	0.10611	0.18603
V541	0.03989	0.39081	0.049	0.10122	0.41907
V542	0.03859	0.32858	0.11457	0.44727	0.07099
V543	0.06448	0.26363	0.49901	0.09014	0.08274
V544	0.31062	0.24418	0.15847	0.11592	0.17079
V545	0.55318	0.33218	0.0295	0.06671	0.01843
V546	0.07285	0.69118	0.10958	0.06401	0.06238
V547	0.09399	0.67427	0.03857	0.15573	0.03745
V548	0.0104	0.08652	0.02155	0.83867	0.04286
V549	0.01793	0.0699	0.03781	0.24533	0.62903
V550	0.04596	0.74768	0.12127	0.06391	0.02118
V551	0.0189	0.03405	0.01332	0.89478	0.03894
V552	0.21964	0.08407	0.03419	0.11697	0.54515
V553	0.63888	0.09431	0.02844	0.18501	0.05337
V554	0.1006	0.1849	0.36868	0.31545	0.03037
V555	0.05193	0.79828	0.05201	0.06073	0.03705
V556	0.07729	0.09487	0.05974	0.69721	0.07089
V557	0.28224	0.24607	0.05006	0.36127	0.06036
V558	0.01378	0.21805	0.56185	0.1736	0.03271
V559	0.09899	0.44956	0.35981	0.05465	0.03699
V560	0.53906	0.27058	0.11925	0.05481	0.0163
V561	0.59415	0.10766	0.11504	0.07044	0.11271
V562	0.12587	0.13855	0.14281	0.15361	0.43916
V563	0.20157	0.29793	0.18181	0.15627	0.16242
V564	0.31528	0.09269	0.06225	0.35775	0.17203
V565	0.02083	0.07501	0.03274	0.1425	0.72891
V566	0.27223	0.17169	0.04096	0.34736	0.16776
V567	0.0238	0.24559	0.66858	0.0443	0.01773
V568	0.03069	0.2946	0.34251	0.31396	0.01825
V569	0.52913	0.16552	0.09632	0.16316	0.04587
V570	0.12368	0.12939	0.2274	0.44468	0.07485
V571	0.23743	0.11339	0.19202	0.34337	0.11379
V572	0.70077	0.09206	0.01407	0.07465	0.11845
V573	0.07524	0.17128	0.27254	0.37878	0.10215
V574	0.45657	0.29078	0.08022	0.13798	0.03445
V575	0.33752	0.11583	0.10985	0.11183	0.32497
V576	0.04902	0.7676	0.05	0.06836	0.06503
V577	0.3768	0.43609	0.05849	0.10575	0.02288
V578	0.02821	0.26874	0.40299	0.24538	0.05469
V579	0.02609	0.50742	0.28879	0.07524	0.10246
V580	0.20359	0.46858	0.04212	0.24715	0.03856
V581	0.05278	0.48353	0.31829	0.12539	0.02001
V582	0.00671	0.26953	0.65979	0.05219	0.01178
V583	0.50696	0.15595	0.24733	0.0744	0.01537
V584	0.21277	0.46239	0.11578	0.08643	0.12263
V585	0.05074	0.67802	0.09467	0.11284	0.06374
V586	0.04136	0.69821	0.17674	0.06969	0.014
V587	0.06	0.60848	0.04324	0.08898	0.1993
V588	0.21442	0.42138	0.29711	0.04839	0.01869
V589	0.09356	0.3684	0.06507	0.43013	0.04284
V590	0.05447	0.6897	0.03945	0.07107	0.14532
V591	0.41973	0.43584	0.05832	0.06368	0.02243
V592	0.02334	0.20674	0.56117	0.07808	0.13066
V593	0.37013	0.06521	0.01782	0.48368	0.06316
V594	0.00892	0.27083	0.49036	0.17732	0.05258
V595	0.45094	0.11176	0.06545	0.32101	0.05084
V596	0.39762	0.24187	0.17032	0.15658	0.03361
V597	0.03379	0.213	0.02832	0.18013	0.54476
V598	0.51891	0.08424	0.01937	0.07427	0.30321
V599	0.07191	0.37463	0.1011	0.40382	0.04854
V600	0.24945	0.1094	0.1539	0.37937	0.10788
V601	0.13501	0.12894	0.02196	0.49002	0.22407
V602	0.69103	0.1983	0.01904	0.07132	0.02031
V603	0.13274	0.17812	0.04476	0.19354	0.45085
V604	0.02374	0.20738	0.52441	0.13875	0.10572
V605	0.0367	0.14026	0.12503	0.14152	0.55649
V606	0.69999	0.08671	0.01389	0.0752	0.1242
V607	0.16357	0.15691	0.03765	0.09335	0.54852
V608	0.62513	0.10406	0.03969	0.13283	0.09828
V609	0.17313	0.28858	0.03448	0.41957	0.08423
V610	0.08612	0.56502	0.04054	0.28185	0.02646
V611	0.23966	0.20513	0.43527	0.06648	0.05345
V612	0.33453	0.168	0.24251	0.07032	0.18464
V613	0.37653	0.46205	0.05998	0.08462	0.01682
V614	0.47748	0.10213	0.03064	0.13158	0.25817
V615	0.01047	0.14406	0.12181	0.57434	0.14932
V616	0.54731	0.11027	0.12279	0.17418	0.04545
V617	0.20405	0.20582	0.34925	0.12995	0.11093
V618	0.60501	0.16113	0.06511	0.07229	0.09647
V619	0.4716	0.13908	0.13023	0.06737	0.19171
V620	0.04232	0.13766	0.27944	0.51084	0.02975
V621	0.13591	0.28711	0.25118	0.06059	0.2652
V622	0.026	0.28729	0.29688	0.07072	0.3191
V623	0.06828	0.04861	0.01912	0.68994	0.17405
V624	0.73612	0.09082	0.01918	0.08559	0.06829
V625	0.00856	0.10742	0.09073	0.75474	0.03855
V626	0.07009	0.18171	0.41419	0.29802	0.03599
V627	0.11062	0.21037	0.11723	0.09989	0.46189
V628	0.76017	0.10507	0.0206	0.09236	0.02179
V629	0.11737	0.34043	0.45825	0.06596	0.01799
V630	0.0246	0.21184	0.04264	0.10833	0.6126
V631	0.01394	0.12773	0.23752	0.08766	0.53314
V632	0.05283	0.67761	0.04556	0.09368	0.13032
V633	0.05769	0.07214	0.08838	0.53205	0.24973
V634	0.36899	0.41562	0.14052	0.05965	0.01523
V635	0.04663	0.18532	0.17117	0.09376	0.50312
V636	0.18319	0.24451	0.25425	0.21535	0.1027
V637	0.19229	0.15487	0.31265	0.25919	0.08099
V638	0.0807	0.43071	0.04922	0.14083	0.29853
V639	0.46815	0.36929	0.08459	0.0561	0.02187
V640	0.10952	0.2194	0.0876	0.27037	0.31311
V641	0.09963	0.61984	0.05613	0.18696	0.03744
V642	0.60608	0.10553	0.01876	0.24693	0.02269
V643	0.05695	0.74843	0.09906	0.08062	0.01495
V644	0.04408	0.3856	0.04616	0.47301	0.05116
V645	0.16265	0.63514	0.04991	0.13542	0.01689
V646	0.13147	0.46873	0.05555	0.27099	0.07325
V647	0.74999	0.09239	0.01963	0.116	0.02199
V648	0.39565	0.14576	0.021	0.29881	0.13878
V649	0.25273	0.15359	0.08119	0.16338	0.3491
V650	0.02588	0.04751	0.0601	0.83152	0.03499
V651	0.13495	0.20312	0.01857	0.61422	0.02914
V652	0.32202	0.06872	0.04147	0.52894	0.03886
V653	0.30603	0.07916	0.05466	0.50327	0.05688
V654	0.04256	0.128	0.01915	0.14903	0.66126
V655	0.14299	0.15515	0.23993	0.43375	0.02818
V656	0.12045	0.07528	0.01619	0.17603	0.61205
V657	0.03695	0.43897	0.0559	0.36108	0.10711
V658	0.02995	0.07648	0.04052	0.61649	0.23655
V659	0.01704	0.07407	0.07493	0.75354	0.08041
V660	0.06806	0.33369	0.04593	0.11056	0.44176
V661	0.04562	0.57414	0.0482	0.22788	0.10417
V662	0.04126	0.41638	0.04994	0.07671	0.41571
V663	0.78599	0.09912	0.02139	0.07112	0.02238
V664	0.02926	0.07462	0.11223	0.42175	0.36213
V665	0.03123	0.58029	0.20874	0.13186	0.04788
V666	0.09923	0.74308	0.07708	0.06539	0.01522
V667	0.0365	0.51854	0.24385	0.14651	0.0546
V668	0.54311	0.25376	0.059	0.10978	0.03435
V669	0.42057	0.29883	0.04484	0.13748	0.09828
V670	0.09671	0.56185	0.07471	0.09263	0.1741
V671	0.62025	0.12413	0.14878	0.08481	0.02203
V672	0.094	0.13146	0.09116	0.3366	0.34678
V673	0.02089	0.08324	0.01825	0.19147	0.68615
V674	0.31951	0.23417	0.35776	0.0474	0.04116
V675	0.57633	0.08907	0.04498	0.18871	0.1009
V676	0.2308	0.23631	0.36883	0.05064	0.11341
V677	0.04439	0.29749	0.19591	0.39386	0.06835
V678	0.05773	0.31477	0.03868	0.10574	0.48308
V679	0.01374	0.151	0.3553	0.45196	0.028
V680	0.16353	0.06487	0.03225	0.37834	0.36101
V681	0.45414	0.10014	0.04709	0.31015	0.08847
V682	0.00585	0.25683	0.6802	0.04526	0.01187
V683	0.06824	0.31065	0.47762	0.048	0.09548
V684	0.05742	0.04443	0.01923	0.84265	0.03628
V685	0.01388	0.23354	0.59973	0.13352	0.01933
V686	0.27217	0.53327	0.09029	0.07668	0.02759
V687	0.00443	0.17147	0.44175	0.35084	0.03152
V688	0.0054	0.25073	0.66741	0.05206	0.0244
V689	0.42838	0.15072	0.15924	0.1459	0.11576
V690	0.10921	0.73133	0.05488	0.08207	0.02251
V691	0.1317	0.15639	0.05461	0.6035	0.0538
V692	0.0678	0.06252	0.02573	0.74242	0.10154
V693	0.02475	0.50935	0.36868	0.07811	0.01911
V694	0.08459	0.20148	0.05075	0.58135	0.08183
V695	0.12898	0.18565	0.13724	0.09084	0.45729
V696	0.11578	0.20514	0.53303	0.05357	0.09248
V697	0.09794	0.19965	0.25776	0.34344	0.10121
V698	0.02551	0.11444	0.16175	0.0953	0.603
V699	0.03787	0.06509	0.05328	0.65343	0.19033
V700	0.06434	0.71172	0.10394	0.0571	0.0629
V701	0.02509	0.21035	0.03588	0.10174	0.62695
V702	0.02296	0.1357	0.02294	0.67276	0.14563
V703	0.01794	0.05369	0.03351	0.85177	0.04309
V704	0.04978	0.18677	0.32167	0.08045	0.36133
V705	0.75786	0.10366	0.01531	0.08082	0.04234
V706	0.14258	0.19734	0.14145	0.43547	0.08316
V707	0.13792	0.16818	0.07744	0.30538	0.31108
V708	0.02926	0.56742	0.33403	0.0566	0.0127
V709	0.02108	0.08729	0.04763	0.10674	0.73726
V710	0.12413	0.18107	0.37128	0.0585	0.26501
V711	0.071	0.06948	0.03778	0.11944	0.7023
V712	0.05977	0.20343	0.50625	0.20343	0.02711
V713	0.23511	0.42587	0.26256	0.06291	0.01355
V714	0.0635	0.07357	0.01813	0.10892	0.73589
V715	0.01445	0.3671	0.46121	0.13745	0.01978
V716	0.61952	0.2114	0.02879	0.1052	0.03508
V717	0.36146	0.21697	0.11315	0.08359	0.22483
V718	0.55503	0.13829	0.20093	0.05852	0.04723
V719	0.36272	0.26249	0.10154	0.15951	0.11375
V720	0.12797	0.11847	0.091	0.11426	0.5483
V721	0.03944	0.08174	0.06018	0.11791	0.70073
V722	0.02663	0.24213	0.06818	0.50596	0.1571
V723	0.10457	0.23688	0.10752	0.50703	0.044
V724	0.12626	0.56588	0.06685	0.21662	0.0244
V725	0.04264	0.07524	0.02563	0.10969	0.7468
V726	0.21451	0.45204	0.07421	0.11234	0.1469
V727	0.01462	0.24848	0.6611	0.05163	0.02417
V728	0.63332	0.12291	0.10203	0.11843	0.0233
V729	0.51794	0.15738	0.0372	0.26054	0.02695
V730	0.11211	0.14953	0.29664	0.37632	0.0654
V731	0.00748	0.06144	0.06151	0.83438	0.03519
V732	0.01834	0.03566	0.02004	0.88766	0.03831
V733	0.03398	0.25701	0.64124	0.04396	0.02381
V734	0.424	0.20145	0.26114	0.08779	0.02562
V735	0.07706	0.23058	0.19427	0.09354	0.40454
V736	0.0228	0.10467	0.02677	0.10787	0.73789
V737	0.78197	0.10373	0.02147	0.07067	0.02216
V738	0.03221	0.43035	0.04387	0.08478	0.40879
V739	0.0193	0.0484	0.01365	0.88048	0.03816
V740	0.21104	0.15464	0.1034	0.09103	0.43989
V741	0.44253	0.08443	0.01826	0.3317	0.12308
V742	0.07198	0.18325	0.40937	0.19765	0.13774
V743	0.03747	0.11898	0.08071	0.18054	0.58229
V744	0.17764	0.13555	0.14322	0.48757	0.05603
V745	0.15488	0.07415	0.05052	0.68388	0.03658
V746	0.34417	0.48427	0.06114	0.06412	0.04631
V747	0.03357	0.25411	0.63106	0.05118	0.03008
V748	0.15663	0.27504	0.23588	0.11055	0.2219
V749	0.17403	0.1584	0.10966	0.43028	0.12763
V750	0.63388	0.21594	0.02411	0.10634	0.01973
V751	0.03787	0.43125	0.4443	0.06822	0.01837
V752	0.03339	0.17267	0.04128	0.10354	0.64912
V753	0.46495	0.16196	0.18827	0.08043	0.1044
V754	0.11078	0.29433	0.02876	0.53311	0.03302
V755	0.239	0.61365	0.0686	0.05705	0.0217
V756	0.03206	0.15536	0.0403	0.14399	0.62829
V757	0.16263	0.06651	0.08978	0.64608	0.03499
V758	0.06521	0.38235	0.02643	0.49393	0.03208
V759	0.09787	0.11416	0.09948	0.08716	0.60133
V760	0.07981	0.12807	0.18103	0.28507	0.32602
V761	0.0614	0.36588	0.5032	0.05179	0.01773
V762	0.01984	0.1209	0.15167	0.41632	0.29127
V763	0.03789	0.27963	0.03143	0.08862	0.56243
V764	0.10715	0.10975	0.08001	0.66125	0.04185
V765	0.15791	0.20708	0.46525	0.08905	0.0807
V766	0.07549	0.4729	0.2258	0.10023	0.12558
V767	0.2623	0.43388	0.07899	0.10252	0.12231
V768	0.0656	0.72434	0.08276	0.10507	0.02223
V769	0.61843	0.12892	0.14355	0.06106	0.04804
V770	0.27	0.16742	0.35871	0.18246	0.02142
V771	0.07053	0.63493	0.04369	0.14953	0.10132
V772	0.05198	0.24967	0.63607	0.05071	0.01156
V773	0.03916	0.06518	0.01671	0.24593	0.63302
V774	0.15076	0.17743	0.40102	0.05528	0.21551
V775	0.73275	0.09264	0.02933	0.11404	0.03124
V776	0.32783	0.40473	0.14871	0.0803	0.03843
V777	0.20111	0.38554	0.21197	0.1486	0.05278
V778	0.46798	0.11566	0.02491	0.24477	0.14668
V779	0.06889	0.44975	0.39548	0.06134	0.02454
V780	0.02375	0.24518	0.66787	0.05151	0.01169
V781	0.1742	0.33413	0.16191	0.0629	0.26685
V782	0.22866	0.25714	0.0404	0.08287	0.39092
V783	0.00757	0.1916	0.48556	0.07826	0.23701
V784	0.03387	0.54239	0.03356	0.29907	0.09111
V785	0.60303	0.17504	0.0164	0.14694	0.05859
V786	0.15521	0.20273	0.03062	0.56499	0.04645
V787	0.13588	0.52051	0.03207	0.23844	0.0731
V788	0.3525	0.39006	0.08164	0.05864	0.11715
V789	0.0181	0.17677	0.02556	0.43689	0.34268
V790	0.26776	0.24854	0.07108	0.16493	0.24769
V791	0.17413	0.24298	0.07992	0.23691	0.26607
V792	0.76155	0.10892	0.03105	0.06738	0.0311
V793	0.30966	0.27598	0.0646	0.14544	0.20432
V794	0.02491	0.09982	0.10159	0.23841	0.53528
V795	0.1383	0.71275	0.05417	0.06591	0.02887
V796	0.27459	0.38336	0.10978	0.1904	0.04187
V797	0.15152	0.06567	0.01624	0.11394	0.65262
V798	0.134	0.46345	0.037	0.14437	0.22117
V799	0.03226	0.17589	0.05757	0.66401	0.07027
V800	0.03908	0.07724	0.0307	0.2009	0.65207
V801	0.33485	0.0906	0.10584	0.42149	0.04722
V802	0.04522	0.22606	0.03588	0.09849	0.59435
V803	0.27467	0.07875	0.01874	0.5806	0.04724
V804	0.18338	0.21487	0.16968	0.3725	0.05956
V805	0.13733	0.24235	0.33772	0.19549	0.08711
V806	0.41908	0.12409	0.15904	0.11395	0.18385
V807	0.60646	0.09789	0.06182	0.10625	0.12758
V808	0.68926	0.10174	0.05059	0.06909	0.08931
V809	0.19882	0.53457	0.05176	0.09015	0.12469
V810	0.03247	0.10535	0.04909	0.48836	0.32473
V811	0.06069	0.14564	0.03874	0.1807	0.57423
V812	0.03264	0.59966	0.19421	0.13224	0.04125
V813	0.03951	0.27871	0.19772	0.07117	0.41289
V814	0.19233	0.4851	0.08217	0.20378	0.03662
V815	0.22894	0.57999	0.05986	0.10871	0.02251
V816	0.02806	0.447	0.03594	0.43811	0.05089
V817	0.64688	0.13542	0.11968	0.08031	0.01771
V818	0.0445	0.28793	0.2966	0.09059	0.28038
V819	0.75569	0.10589	0.02559	0.09138	0.02144
V820	0.06956	0.3483	0.12187	0.41192	0.04836
V821	0.02302	0.07492	0.01948	0.11485	0.76774
V822	0.17431	0.06025	0.0246	0.70894	0.0319
V823	0.05502	0.17859	0.20002	0.07614	0.49023
V824	0.08213	0.09897	0.03831	0.09942	0.68118
V825	0.13502	0.18823	0.46222	0.19919	0.01533
V826	0.04194	0.24266	0.63838	0.06524	0.01177
V827	0.31741	0.16903	0.01662	0.39522	0.10173
V828	0.23355	0.19915	0.10433	0.12213	0.34084
V829	0.09025	0.18695	0.25349	0.21372	0.25558
V830	0.13707	0.20771	0.49399	0.06811	0.09312
V831	0.0381	0.63916	0.07861	0.20635	0.03777
V832	0.20604	0.07392	0.07163	0.28483	0.3636
V833	0.19544	0.65306	0.04437	0.05883	0.0483
V834	0.62288	0.18576	0.04375	0.08539	0.06223
V835	0.23438	0.28854	0.09281	0.29833	0.08594
V836	0.32248	0.20018	0.31992	0.1368	0.02062
V837	0.0449	0.72092	0.05458	0.10012	0.07949
V838	0.00662	0.05144	0.07498	0.82547	0.0415
V839	0.0491	0.1089	0.08107	0.09517	0.66575
V840	0.74722	0.10221	0.03527	0.08947	0.02583
V841	0.19779	0.22013	0.51402	0.05049	0.01758
V842	0.44431	0.14277	0.16236	0.22098	0.02958
V843	0.41123	0.1085	0.12615	0.12559	0.22853
V844	0.01979	0.32251	0.56076	0.06648	0.03047
V845	0.03087	0.04859	0.01367	0.63297	0.2739
V846	0.11723	0.11931	0.09864	0.13749	0.52733
V847	0.20875	0.08083	0.05946	0.1899	0.46105
V848	0.61821	0.10935	0.01897	0.14232	0.11115
V849	0.12797	0.23294	0.50647	0.05318	0.07945
V850	0.20023	0.15007	0.23568	0.18982	0.2242
V851	0.78234	0.09677	0.01593	0.07732	0.02763
V852	0.23054	0.1291	0.08038	0.22113	0.33886
V853	0.03656	0.26399	0.45753	0.16959	0.07233
V854	0.05007	0.37368	0.22441	0.12974	0.2221
V855	0.10314	0.36364	0.10002	0.34357	0.08964
V856	0.16064	0.37964	0.0727	0.06888	0.31814
V857	0.07838	0.12133	0.14905	0.43535	0.2159
V858	0.03003	0.35874	0.17877	0.25174	0.18072
V859	0.12601	0.05953	0.03115	0.7251	0.05821
V860	0.041	0.16555	0.07078	0.64607	0.0766
V861	0.13387	0.09298	0.11274	0.62637	0.03405
V862	0.07895	0.07257	0.03635	0.17867	0.63347
V863	0.05053	0.78644	0.05841	0.06779	0.03683
V864	0.04075	0.22828	0.61675	0.10171	0.01252
V865	0.07785	0.18379	0.46255	0.25914	0.01666
V866	0.03296	0.21281	0.47172	0.24788	0.03464
V867	0.51343	0.10276	0.01997	0.07336	0.29047
V868	0.20866	0.2957	0.31323	0.14987	0.03254
V869	0.03107	0.07062	0.03981	0.11659	0.74191
V870	0.25388	0.2025	0.08213	0.27975	0.18174
V871	0.04663	0.12547	0.10201	0.16766	0.55823
V872	0.34564	0.09216	0.02455	0.47476	0.06289
V873	0.05765	0.32412	0.14418	0.39763	0.07641
V874	0.10329	0.10927	0.02458	0.10495	0.65791
V875	0.01654	0.19323	0.039	0.5207	0.23053
V876	0.43332	0.13226	0.06247	0.0828	0.28915
V877	0.2264	0.54107	0.06453	0.13893	0.02908
V878	0.03559	0.59525	0.06982	0.26693	0.03241
V879	0.73798	0.12033	0.02575	0.08998	0.02596
V880	0.08415	0.12044	0.04175	0.45505	0.29861
V881	0.01795	0.17651	0.42188	0.06189	0.32178
V882	0.04582	0.41208	0.04077	0.47659	0.02474
V883	0.45446	0.19795	0.02843	0.21935	0.09981
V884	0.02279	0.06735	0.01931	0.12403	0.76652
V885	0.1578	0.19184	0.30612	0.15351	0.19072
V886	0.01638	0.06191	0.04411	0.29341	0.58419
V887	0.10051	0.74782	0.04892	0.05971	0.04304
V888	0.05946	0.13248	0.06174	0.66935	0.07696
V889	0.12614	0.69232	0.07325	0.07985	0.02844
V890	0.03526	0.08525	0.12425	0.6359	0.11934
V891	0.00653	0.26814	0.65395	0.05954	0.01185
V892	0.52729	0.25011	0.03615	0.06812	0.11834
V893	0.13705	0.2882	0.39053	0.12059	0.06363
V894	0.09914	0.46429	0.06954	0.30678	0.06025
V895	0.55772	0.13946	0.20592	0.07603	0.02087
V896	0.19307	0.26057	0.19904	0.32172	0.02559
V897	0.00812	0.04538	0.04694	0.76702	0.13254
V898	0.37351	0.08041	0.02598	0.10124	0.41886
V899	0.50242	0.31008	0.0867	0.05641	0.04438
