B_cells	NK_cells	T_cells_CD4.	Monocytes
V1	0.58647	0	0.1854	0.22813
V2	0.23464	0.10702	0.04591	0.61243
V3	0.09636	0.62546	0.0215	0.25669
V4	0.8769	0.10896	0.00279	0.01135
V5	0.13167	0.46611	0.28512	0.1171
V6	0.1067	0.83436	0.05894	0
V7	0.19236	0.36779	0.09303	0.34682
V8	0.14854	0.01021	0.82609	0.01516
V9	0.29881	0.24987	0.03115	0.42017
V10	0.03467	0.01695	0.90867	0.03971
V11	0.21282	0.33393	0.45325	0
V12	0.0344	0.56137	0.40423	0
V13	0.2926	0.67623	0.03117	0
V14	0.09568	0.86563	0.03869	0
V15	0.14647	0.58473	0.15237	0.11643
V16	0.8949	0.03105	0.04421	0.02984
V17	0.11735	0.8367	0.04595	0
V18	0.58865	0.33084	0.06943	0.01109
V19	0.1841	0.78106	0.03484	0
V20	0.21153	0.46881	0.02283	0.29683
V21	0.14757	0.06397	0.77668	0.01177
V22	0.07651	0.11288	0.21728	0.59333
V23	0.38376	0.03507	0.58117	0
V24	0.92088	0.01637	0.06274	0
V25	0.38048	0.23889	0.1425	0.23813
V26	0.42963	0.38285	0.02635	0.16117
V27	0.20433	0.08726	0.00745	0.70097
V28	0	0.06593	0.93407	0
V29	0.45182	0.02005	0.52212	0.006
V30	0.1401	0.22777	0.29338	0.33875
V31	0.23868	0.19705	0.31368	0.25059
V32	0.19061	0.04698	0.03723	0.72519
V33	0.05981	0.48855	0.38936	0.06228
V34	0.14758	0.0444	0.79464	0.01338
V35	0.18639	0.69046	0.12315	0
V36	0.04249	0.05101	0.49759	0.40891
V37	0.58095	0.06073	0.11153	0.24679
V38	0.4791	0	0.17955	0.34136
V39	0.19166	0.54842	0.1617	0.09823
V40	0.11283	0.76989	0.11728	0
V41	0.02985	0.67744	0.07324	0.21947
V42	0.28883	0.02921	0.22378	0.45817
V43	0.14632	0.33145	0.52223	0
V44	0.02734	0.08791	0.75295	0.1318
V45	0.11859	0.57083	0.25798	0.0526
V46	0.79169	0.05443	0.15387	0
V47	0.46052	0.18058	0.34225	0.01665
V48	0.81817	0.15492	0.02165	0.00525
V49	0.75934	0.1809	0	0.05976
V50	0.08619	0.78475	0.12906	0
V51	0.32695	0.38266	0.2904	0
V52	0.03699	0.12177	0.8235	0.01774
V53	0.72108	0.09937	0.17955	0
V54	0.4294	0.18139	0.38921	0
V55	0.26246	0.13429	0.25717	0.34607
V56	0.14329	0.03139	0.10615	0.71916
V57	0.12378	0.81801	0.0582	0
V58	0.68363	0	0.04573	0.27064
V59	0.45286	0.39367	0.13785	0.01562
V60	0.17366	0.16233	0.34429	0.31972
V61	0.81901	0.09365	0.02195	0.06539
V62	0.87214	0.02169	0.10228	0.00389
V63	0.03307	0.79623	0.17071	0
V64	0.0382	0.85848	0.00781	0.09551
V65	0.10741	0.00741	0.13685	0.74833
V66	0.24551	0.67388	0.04636	0.03424
V67	0.16189	0.31402	0.5241	0
V68	0.24123	0.16904	0.00812	0.58162
V69	0.03403	0.31208	0.63377	0.02013
V70	0.55732	0.14279	0.20785	0.09204
V71	0.20971	0.0755	0.39525	0.31954
V72	0.59744	0.15097	0.11472	0.13688
V73	0.17744	0.59554	0.17614	0.05087
V74	0.05935	0.21566	0.72498	0
V75	0.72088	0	0.20996	0.06916
V76	0.03746	0.1993	0.20155	0.5617
V77	0.10574	0.31337	0	0.58089
V78	0.35474	0.11674	0.20324	0.32528
V79	0.01151	0.11379	0.81012	0.06458
V80	0.3715	0.01371	0.55674	0.05804
V81	0.06625	0.16289	0.77087	0
V82	0	0.08626	0.9106	0.00314
V83	0.20555	0.1959	0.07525	0.52329
V84	0.44704	0.0375	0.18119	0.33427
V85	0.13045	0.3166	0.42535	0.1276
V86	0.06303	0.06268	0.84611	0.02818
V87	0.05893	0.80478	0.09883	0.03746
V88	0.22388	0.06426	0.28791	0.42395
V89	0.09773	0.03059	0.21829	0.65339
V90	0.0503	0.84448	0.10522	0
V91	0.05278	0.71238	0.23454	3e-04
V92	0.47946	0.01095	0.40729	0.1023
V93	0.90787	0.00635	0	0.08578
V94	0.0657	0.46517	0.02723	0.44191
V95	0.28439	0.42289	0.1862	0.10652
V96	0.16888	0.13649	0.01509	0.67953
V97	0.67829	0.08575	0.23596	0
V98	0.71338	0.28662	0	0
V99	0.79161	0.02806	0.18032	0
V100	0.09586	0.03951	0.85344	0.01119
V101	0.12824	0.09927	0	0.77249
V102	0.91804	0.04775	0.02148	0.01273
V103	0.08878	0.0775	0.11111	0.72261
V104	0.06169	0.8969	0.04141	0
V105	0.08579	0.86329	0.05093	0
V106	0.13901	0.49907	0.35833	0.00359
V107	0.20395	0.20221	0.5759	0.01795
V108	0.16161	0.70532	0.13307	0
V109	0.0284	0.17496	0.6088	0.18784
V110	0.08514	0.83281	0.08205	0
V111	0.9043	0	0.0957	0
V112	0.17263	0.06935	0.44773	0.31029
V113	0.25104	0.1161	0.19217	0.4407
V114	0.32402	0.05185	0.08774	0.53639
V115	0.01426	0.71489	0.27085	0
V116	0.16608	0.31315	0.39342	0.12735
V117	0.69019	0.23796	0.05774	0.01412
V118	0.19933	0.5755	0.05248	0.17268
V119	0.20661	0.10271	0.04909	0.6416
V120	0.09498	0.08242	0.8226	0
V121	0.61966	0.11929	0.11437	0.14667
V122	0.93111	0	0.04329	0.0256
V123	0.04148	0.52867	0.06322	0.36662
V124	0.68683	0.2816	0	0.03157
V125	0.3996	0.39241	0.20798	0
V126	0.11585	0.17879	0.05214	0.65322
V127	0.22661	0.05293	0.27768	0.44277
V128	0.12428	0.03169	0.13171	0.71232
V129	0.58664	0.21893	0.1944	3e-05
V130	0.01175	0.62261	0.36564	0
V131	0.05596	0.88315	0.01514	0.04575
V132	0.91536	0	0.05697	0.02767
V133	0.8992	0	0.08918	0.01162
V134	0.15015	0.40224	0.14837	0.29924
V135	0.16085	0.03163	0.19624	0.61127
V136	0.29408	0.40858	0.0108	0.28654
V137	0.66011	0.01997	0.27641	0.04351
V138	0.24175	0.39965	0.20491	0.15368
V139	0.38467	0.20552	0.21812	0.19169
V140	0.1149	0.12709	0.05962	0.69839
V141	0.08766	0.16966	0.55607	0.18661
V142	0.78274	0	0.21726	0
V143	0.46684	0.26141	0.08114	0.1906
V144	0.22561	0.16839	0.18352	0.42247
V145	0	0.72813	0.27187	0
V146	0.17582	0.03346	0.04952	0.7412
V147	0.90294	0.01269	0.04508	0.03929
V148	0.15731	0.08331	0.59171	0.16766
V149	0.26973	0.47965	0.25062	0
V150	0.1033	0.24865	0.60172	0.04633
V151	0.23922	0.61499	0.05887	0.08692
V152	0.25569	0.43166	0.25185	0.0608
V153	0.13922	0.7374	0.04512	0.07826
V154	0.26	0.43664	0.30336	0
V155	0.48703	0.13876	0.30973	0.06449
V156	0.04592	0.15591	0.70274	0.09543
V157	0.33485	0.15889	0.3324	0.17386
V158	0.13436	0.00855	0.08086	0.77623
V159	0.89419	0.06569	0	0.04012
V160	0.72587	0	0.07509	0.19903
V161	0.30912	0.01208	0.0375	0.6413
V162	0.12164	0.32314	0.09249	0.46273
V163	0.12663	0.49145	0.19871	0.18322
V164	0.3757	0.31	0.12314	0.19116
V165	0.07937	0.2899	0	0.63074
V166	0.0824	0.1366	0.08241	0.69859
V167	0.43546	0	0.00026	0.56428
V168	0.31058	0.55114	0.1142	0.02409
V169	0.28031	0.07339	0.03659	0.60972
V170	0.14599	0.03058	0.54163	0.2818
V171	0.14772	0.24556	0.59853	0.00819
V172	0.71279	0	0.28721	0
V173	0.10561	0.18198	0.04394	0.66847
V174	0.08287	0.19861	0.08494	0.63358
V175	0.08717	0.01469	0.8019	0.09624
V176	0.01726	0.76855	0.21419	0
V177	0.04148	0.94066	0.01438	0.00348
V178	0.03684	0.76654	0.02757	0.16905
V179	0.21569	0.01179	0.40434	0.36817
V180	0.04431	0.83322	0.12247	0
V181	0.18765	0.1411	0.55033	0.12092
V182	0.31667	0.18267	0.47438	0.02629
V183	0.19972	0.76285	0.03743	0
V184	0.95702	0	0.04298	0
V185	0.57901	0.38242	0.03857	0
V186	0.14193	0.47324	0.29533	0.08951
V187	0.92765	0	0.06517	0.00718
V188	0.1307	0.25663	0	0.61267
V189	0.83614	0.00528	0.03415	0.12442
V190	0.65611	0	0.34389	0
V191	0.20394	0.21269	0.57606	0.00731
V192	0.33479	0.46087	0.06979	0.13455
V193	0.61904	0.02	0.266	0.09496
V194	0.06992	0.89022	0.03656	0.0033
V195	0.03112	0.05441	0.90356	0.0109
V196	0.10132	0.1342	0.00834	0.75614
V197	0.48143	0.05224	0.02476	0.44157
V198	0.08218	0.49429	0.39939	0.02414
V199	0.24067	0.03438	0.19302	0.53192
V200	0.17	0.57027	0.0304	0.22933
V201	0.12034	0.5457	0.22555	0.10841
V202	0.03625	0.04008	0.78387	0.1398
V203	0.17747	0.41054	0.41198	0
V204	0.05365	0.55345	0.01154	0.38136
V205	0.03336	0.08013	0.87595	0.01056
V206	0.06089	0.11124	0.82787	0
V207	0.20615	0.2179	0.05238	0.52356
V208	0.25964	0.07055	0.66981	0
V209	0.33231	0.46112	0.0909	0.11567
V210	0.11207	0.73488	0.13485	0.0182
V211	0.49242	0.00855	0.03927	0.45976
V212	0.51348	0.03553	0.451	0
V213	0.66608	0.01649	0.13422	0.18321
V214	0.37246	0.16779	0.18289	0.27687
V215	0.36947	0.1137	0.00737	0.50946
V216	0.16841	0	0.06396	0.76764
V217	0.06529	0.49605	0.26488	0.17378
V218	0.12881	0.45354	0.19585	0.2218
V219	0.14467	0.6398	0.02482	0.1907
V220	0.03425	0.81937	0.03317	0.11321
V221	0.83745	0	0.00806	0.15449
V222	0.34026	0.13855	0.38376	0.13742
V223	0.01164	0.16049	0.77411	0.05375
V224	0.94572	0	0.05428	0
V225	0.07917	0.81874	0.10208	0
V226	0.31353	0.08485	0.60162	0
V227	0.78766	0	0.21234	0
V228	0.7804	0.05403	0.09243	0.07314
V229	0.03582	0.04586	0.8953	0.02302
V230	0.11375	0.07696	0.044	0.76529
V231	0.06348	0.30941	0.12402	0.5031
V232	0.08648	0.66733	0	0.24619
V233	0.58062	0.08237	0.22613	0.11088
V234	0.06548	0.85915	0.07537	0
V235	0.38782	0.06338	0.5457	0.0031
V236	0.06108	0.08906	0.79467	0.05519
V237	0.26368	0.01655	0.04238	0.67739
V238	0.15123	0.53662	0.29874	0.01341
V239	0.1223	0.42508	0.02016	0.43245
V240	0.4987	0.03417	0.44445	0.02269
V241	0.03338	0.0185	0.89703	0.05109
V242	0.1483	0.71698	0.13472	0
V243	0.25907	0.0497	0.64079	0.05044
V244	0.22791	0.00191	0.71021	0.05997
V245	0.6123	0.28278	0.075	0.02993
V246	0.07065	0.16803	0.76132	0
V247	0.16822	0.03463	0.79715	0
V248	0.11918	0.07302	0.06703	0.74077
V249	0	0.06874	0.87962	0.05164
V250	0.76089	0	0.23911	0
V251	0.92959	0.04197	0.02533	0.00311
V252	0.01807	0.78777	0.19416	0
V253	0.41356	0.06983	0.18176	0.33485
V254	0.02729	0.87251	0.1002	0
V255	0.0809	0.89328	0.01011	0.01571
V256	0.19494	0.22172	0.52853	0.0548
V257	0.45129	0.09915	0.25678	0.19278
V258	0.19786	0.26917	0.44277	0.09021
V259	0.04623	0.30235	0.64091	0.01051
V260	0	0.2873	0.7127	0
V261	0.63353	0.0185	0.22625	0.12172
V262	0.2014	0.09784	0.00605	0.69472
V263	0.05118	0.9265	0.0147	0.00763
V264	0.20688	0.04516	0.4474	0.30056
V265	0.1224	0.00945	0.16524	0.70292
V266	0.65434	0.31641	0.02925	0
V267	0.02201	0.20679	0.30997	0.46124
V268	0.44192	0.01671	0.16086	0.38052
V269	0.01386	0.54755	0.42266	0.01593
V270	0.65304	0.00972	0.27621	0.06102
V271	0.8104	0.0543	0.05222	0.08307
V272	0.08525	0.80599	0.03851	0.07025
V273	0.1666	0.05086	0.05329	0.72925
V274	0.71555	0	0.19988	0.08457
V275	0	0.05931	0.92341	0.01728
V276	0.53276	0.33063	0.01939	0.11722
V277	0.08733	0.23361	0.17656	0.50249
V278	0.09406	0.0772	0.3086	0.52014
V279	0.70358	0.04378	0.13853	0.11411
V280	0.13436	0.00855	0.08086	0.77623
V281	0.57933	0.01883	0.1629	0.23894
V282	0.07237	0.08984	0.79871	0.03908
V283	0.24	0.56715	0.08671	0.10615
V284	0.04962	0.8449	0.10548	0
V285	0.08416	0.01888	0.89696	0
V286	0.26926	0.52919	0.14108	0.06047
V287	0.12719	0.82738	0.04543	0
V288	0.03291	0.29517	0.44869	0.22324
V289	0.29682	0.22297	0.43674	0.04346
V290	0.82639	0.13529	0.03831	0
V291	0.48697	0.06311	0.44992	0
V292	0.94241	0.00216	0	0.05543
V293	0.31016	0.01955	0.65496	0.01534
V294	0.14575	0.38494	0	0.46931
V295	0.06674	0.20413	0.20812	0.52102
V296	0.19474	0.13294	0.61508	0.05724
V297	0.18166	0.00248	0.10158	0.71428
V298	0.30292	0.10399	0.59309	0
V299	0.13742	0.30489	0.00306	0.55464
V300	0.04494	0.05619	0.25541	0.64347
V301	0.13963	0.12695	0.6483	0.08512
V302	0.67297	0.32495	0.00209	0
V303	0	0.58815	0.41185	0
V304	0.07648	0.04356	0.74796	0.13201
V305	0.14857	0.17499	0.47213	0.20431
V306	0.80737	0.08243	0.07738	0.03281
V307	0.04853	0.89483	0.05664	0
V308	0.25594	0.23667	0.31522	0.19217
V309	0.37592	0.32147	0.02733	0.27527
V310	0.12121	0.33333	0.16819	0.37727
V311	0.5276	0.44249	0.02992	0
V312	0.1174	0.69934	0.18325	0
V313	0.05983	0.16497	0.02521	0.74999
V314	0.04663	0.49417	0.13087	0.32833
V315	0.15395	0.61903	0.05538	0.17164
V316	0.3277	0.13923	0.40458	0.12849
V317	0.11689	0.68521	0.07314	0.12476
V318	0.08184	0.56606	0.01838	0.33373
V319	0.07372	0.083	0.82613	0.01715
V320	0.09358	0.16139	0.65004	0.09499
V321	0.64411	0.3263	0.02959	0
V322	0.24177	0.33476	0.07819	0.34528
V323	0.14905	0.04269	0.10839	0.69987
V324	0.66386	0.23863	0.09751	0
V325	0.31425	0.59642	0.08933	0
V326	0.00679	0.58026	0.1201	0.29285
V327	0.08207	0.17757	0.11564	0.62472
V328	0.06648	0.04421	0.74847	0.14084
V329	0.23037	0.12765	0.18229	0.45969
V330	0.41888	0.00199	0.35702	0.22212
V331	0.40609	0.09754	0.04339	0.45298
V332	0.0748	0.07733	0.19873	0.64915
V333	0.43359	0.07201	0.41107	0.08333
V334	0.38446	0.00436	0.3784	0.23278
V335	0.03542	0.3423	0.52946	0.09282
V336	0.20381	0.68159	0.04427	0.07033
V337	0.29279	0.38589	0.32132	0
V338	0	0.93794	0.05969	0.00237
V339	0.13546	0.00951	0.85503	0
V340	0.07166	0.24072	0.53879	0.14882
V341	0.11394	0.06745	0.08535	0.73326
V342	0.26545	0	0.63057	0.10398
V343	0.93973	0.01661	0.02969	0.01396
V344	0.66199	0.13109	0.20692	0
V345	0.03605	0.05674	0.90721	0
V346	0.26877	0.12285	0.29993	0.30845
V347	0.13212	0.0284	0.14767	0.69182
V348	0.0762	0.63914	0.17722	0.10744
V349	0.35559	0.1668	0.40448	0.07313
V350	0.03557	0.75209	0.21234	0
V351	0.06533	0.05039	0.41032	0.47396
V352	0.06386	0.03838	0.84096	0.05679
V353	0.87559	0.00724	0.06107	0.05609
V354	0.06238	0.66678	0.26335	0.00749
V355	0.29416	0.08104	0.47669	0.14811
V356	0.1237	0.0471	0.11933	0.70987
V357	0.13905	0.33783	0.30007	0.22305
V358	0.57391	0.10158	0.05869	0.26582
V359	0.60782	0.05185	0.03936	0.30097
V360	0.55448	0.39891	0.04661	0
V361	0	0.43498	0.56502	0
V362	0	0.92863	0.07137	0
V363	0.19488	0.12885	0.48124	0.19503
V364	0.17236	0.07582	0.68401	0.06782
V365	0.34714	0.03774	0.0059	0.60921
V366	0.10309	0.66652	0.11493	0.11546
V367	0.60635	0.13949	0	0.25417
V368	0.11253	0.70544	0.12065	0.06137
V369	0.02055	0.38765	0.5918	0
V370	0.3029	0.26913	0.42797	0
V371	0.21259	0.69554	0.05749	0.03439
V372	0.23596	0.06826	0.1305	0.56528
V373	0.10698	0.15741	0.48355	0.25206
V374	0.76523	0	0.23477	0
V375	0.12114	0.06119	0.15913	0.65855
V376	0.1208	0.05956	0.11616	0.70349
V377	0.81366	0	0.00792	0.17842
V378	0.05109	0.0517	0.42232	0.47489
V379	0.3895	0.21131	0.00055	0.39864
V380	0.20972	0.08824	0.21351	0.48853
V381	0.74692	0	0.11389	0.13919
V382	0.09437	0.05187	0.85376	0
V383	0.83713	0	0.06467	0.0982
V384	0.57412	0.07177	0.1521	0.20201
V385	0.84883	0	0.10611	0.04506
V386	0.35954	0.01268	0.16198	0.46581
V387	0.5831	0.1427	0.21812	0.05607
V388	0.38745	0.32509	0.17003	0.11743
V389	0.43357	0.5003	0.03114	0.03499
V390	0.28917	0.24273	0.46811	0
V391	0.47011	0.11455	0.00971	0.40563
V392	0.43677	0.22284	0.18667	0.15371
V393	0.2926	0.23309	0.36712	0.1072
V394	0.14885	0.24846	0.12225	0.48043
V395	0.24112	0.38889	0.2262	0.1438
V396	0.03344	0.91202	0.04478	0.00976
V397	0.77026	0.0739	0.13493	0.02091
V398	0.47556	0.13998	0.10835	0.27612
V399	0.21235	0.53522	0.18363	0.0688
V400	0.01082	0.59879	0.08857	0.30182
V401	0.04444	0.17657	0.72667	0.05232
V402	0.78916	0.14883	0.06201	0
V403	0.1158	0.05262	0.0977	0.73388
V404	0.1034	0.20924	0.62175	0.0656
V405	0.2823	0.04023	0.18282	0.49465
V406	0.65143	0.244	0.02981	0.07476
V407	0	0.93794	0.05969	0.00237
V408	0.11328	0.2581	0.41496	0.21365
V409	0.069	0.07006	0.0687	0.79223
V410	0.11576	0.81621	0.06803	0
V411	0.49888	0.00355	0	0.49757
V412	0.18564	0.08949	0.51082	0.21405
V413	0.08208	0.48821	0.20809	0.22162
V414	0.0488	0.50167	0.36008	0.08944
V415	0.46982	0.02631	0.25503	0.24884
V416	0.01778	0.09901	0.88321	0
V417	0.39019	0.57652	0.03329	0
V418	0.14046	0.12975	0.1521	0.57769
V419	0.1265	0.00506	0.09201	0.77643
V420	0	0.87994	0.05442	0.06565
V421	0.17303	0.05273	0.68743	0.08681
V422	0.15111	0.11517	0	0.73373
V423	0.09586	0.03951	0.85344	0.01119
V424	0.00029	0.07879	0.64352	0.2774
V425	0.06793	0.25112	0.60607	0.07487
V426	0.10598	0.06601	0.78295	0.04506
V427	0.09781	0.40579	0.21535	0.28104
V428	0.11417	0.74112	0.09107	0.05364
V429	0.11938	0.01167	0.09544	0.77351
V430	0.75449	0.16073	0.03177	0.05301
V431	0.216	0.03394	0.46838	0.28169
V432	0.19318	0.12398	0.04864	0.6342
V433	0.09082	0.73917	0	0.17001
V434	0.39505	0.08754	0.05399	0.46341
V435	0.54474	0.00046	0.14067	0.31413
V436	0.43481	0.00724	0.13087	0.42708
V437	0.29103	0.24356	0	0.46541
V438	0.62686	0.15977	0.04032	0.17304
V439	0.12538	0.15024	0	0.72439
V440	0.53044	0.03756	0.03767	0.39433
V441	0.08608	0.1504	0.6046	0.15891
V442	0.33759	0.34212	0.15748	0.16281
V443	0.7545	0	0.10683	0.13867
V444	0.03605	0.05674	0.90721	0
V445	0.61133	0.00833	0.37294	0.00739
V446	0.05862	0.79727	0.09754	0.04657
V447	0.62646	0.08851	0.208	0.07703
V448	0.08268	0.09363	0.20709	0.61661
V449	0.56232	0.03417	0.32667	0.07684
V450	0.15564	0.79416	0.0502	0
V451	0.92318	0.05302	0.00055	0.02325
V452	0.13324	0.03322	0.10106	0.73248
V453	0.79909	0.06353	0.09595	0.04144
V454	0	0.89443	0.10557	0
V455	0.59775	0.02557	0.33494	0.04175
V456	0.33897	0.12845	0.40396	0.12862
V457	0.06876	0.10124	0.03629	0.7937
V458	0.32224	0.24116	0	0.4366
V459	0.03156	0.76897	0.1364	0.06307
V460	0.9199	0	0.06068	0.01942
V461	0.177	0.0803	0.00176	0.74095
V462	0.39211	0.24833	0	0.35956
V463	0.26994	0.46185	0.18928	0.07894
V464	0.54989	0.10304	0	0.34707
V465	0.42294	0.4216	0.03974	0.11571
V466	0.60945	0.18984	0.00047	0.20025
V467	0.3315	0.54732	0.11561	0.00557
V468	0.50768	0.38721	0.07815	0.02696
V469	0.05499	0.20307	0.30471	0.43723
V470	0.55083	0.1222	0.20693	0.12004
V471	0.33355	0.12743	0.02906	0.50995
V472	0.36259	0.33291	0	0.30449
V473	0.11191	0.52206	0.36603	0
V474	0.21229	0	0.12702	0.66068
V475	0.22127	0.40643	0.09406	0.27824
V476	0.25567	0.02687	0.06824	0.64921
V477	0.60487	0.02969	0.23573	0.12971
V478	0.17023	0.58868	0.0119	0.22919
V479	0.02203	0.11172	0.80124	0.065
V480	0.1375	0.33232	0.0488	0.48138
V481	0.1563	0.03454	0.80916	0
V482	0.68747	0.15395	0.14401	0.01457
V483	0.20467	0.13651	0.07742	0.5814
V484	0.11274	0.12171	0.03173	0.73381
V485	0.15094	0.71928	0.03367	0.09611
V486	0.30351	0.27669	0.14336	0.27644
V487	0.16393	0.07324	0.09741	0.66541
V488	0	0.02477	0.89024	0.08498
V489	0.21676	0.11302	0.67022	0
V490	0.37005	0.32241	0.07953	0.22801
V491	0.45559	0.45114	0.05852	0.03475
V492	0.04093	0.78171	0.17736	0
V493	0.19492	0	0	0.80508
V494	0.20858	0.16992	0.52956	0.09194
V495	0.23578	0.58679	0.17743	0
V496	0.30113	0.67125	0.01105	0.01656
V497	0.03448	0.02002	0.9316	0.0139
V498	0.3723	0.11977	0.05318	0.45475
V499	0.59951	0.24618	0.15431	0
V500	0.11534	0.14261	0.72564	0.01641
V501	0.07362	0.02194	0.10923	0.79521
V502	0.54488	0.26938	0.18574	0
V503	0.24876	0.11547	0.21377	0.422
V504	0.25663	0.67199	0.03692	0.03446
V505	0.22922	0.22865	0.27193	0.2702
V506	0.1083	0.26701	0.46773	0.15696
V507	0.61779	0.0982	0.14578	0.13823
V508	0.74763	0.16007	0.06505	0.02725
V509	0.24897	0.0737	0.51973	0.15761
V510	0.22576	0.48283	0.29141	0
V511	0.09528	0.43611	0.05519	0.41342
V512	0.31212	0.06319	0.08735	0.53734
V513	0.09611	0.61966	0.251	0.03323
V514	0.10463	0.13062	0	0.76475
V515	0.76963	0.05367	0.07051	0.1062
V516	0.91127	0.08702	0.00171	0
V517	0.10731	0.04853	0.26429	0.57987
V518	0.94707	0.04555	0	0.00738
V519	0.05368	0.84516	0.03088	0.07028
V520	0.06083	0.01001	0.63898	0.29018
V521	0.55961	0.04118	0.39376	0.00545
V522	0.02113	0.15465	0.58894	0.23528
V523	0.37414	0.13548	0.27825	0.21213
V524	0.01785	0.74272	0.23688	0.00255
V525	0.31338	0.22806	0.02071	0.43785
V526	0.65502	0.0764	0.09452	0.17406
V527	0.24362	0.03144	0.41516	0.30979
V528	0.13049	0.83464	0.01528	0.01959
V529	0.12409	0.08762	0.23429	0.554
V530	0.01221	0.22679	0.68444	0.07656
V531	0.02927	0.81222	0.15851	0
V532	0.22442	0.34724	0.02486	0.40348
V533	0.30523	0.35638	0.15681	0.18158
V534	0.03006	0.04059	0.7155	0.21385
V535	0.59972	0	0.00294	0.39734
V536	0.2386	0	0.39205	0.36935
V537	0.57503	0.24132	0.18366	0
V538	0.49493	0.05525	0.09957	0.35025
V539	0.28439	0.42289	0.1862	0.10652
V540	0.2214	0.66147	0.11092	0.00621
V541	0.05105	0.52096	0.08182	0.34618
V542	0.23828	0.1468	0.26828	0.34664
V543	0.8844	0	0.023	0.0926
V544	0.17016	0.11476	0.18247	0.53261
V545	0.40678	0.15666	0.07537	0.3612
V546	0.06815	0.81967	0.11218	0
V547	0.04549	0.60682	0.34769	0
V548	0.16596	0.70973	0.12431	0
V549	0.324	0.03944	0.63656	0
V550	0.62818	0.01974	0	0.35208
V551	0.20088	0.70463	0.06894	0.02555
V552	0.02485	0.55198	0.01674	0.40643
V553	0.23184	0.15889	0.60926	0
V554	0.14858	0.12948	0.02176	0.70017
V555	0.12032	0.24796	0.35013	0.28159
V556	0	0.06362	0.9055	0.03087
V557	0.83118	0.01756	0.01968	0.13158
V558	0.09437	0.76074	0.05757	0.08732
V559	0.0161	0.75337	0.23053	0
V560	0.69423	0.29845	0.00732	0
V561	0	0.05931	0.92341	0.01728
V562	0.77935	0	0.14021	0.08043
V563	0.24657	0.00896	0.74448	0
V564	0.07397	0.10316	0.82287	0
V565	0.14679	0.27568	0.39283	0.18471
V566	0.7202	0.09609	0.00168	0.18203
V567	0.25541	0.45324	0.03332	0.25803
V568	0.32388	0.00795	0.06407	0.6041
V569	0.71326	0.01735	0	0.26939
V570	0.0333	0.30288	0.62429	0.03953
V571	0.82848	0.12337	0	0.04815
V572	0.45133	0.007	0.46574	0.07592
V573	0.14239	0.20703	0	0.65058
V574	0.05023	0.73534	0.21443	0
V575	0.08749	0.11946	0.1385	0.65456
V576	0.17187	0.75291	0.07521	0
V577	0.10831	0.06912	0.22468	0.59789
V578	0.07527	0.09116	0.68271	0.15086
V579	0.02282	0.83307	0.14411	0
V580	0.23579	0.01605	0.12697	0.6212
V581	0.1664	0.11813	0	0.71547
V582	0.60063	0.15177	0.03752	0.21008
V583	0.02745	0.07556	0.60463	0.29236
V584	0.51277	0.15842	0.32073	0.00808
V585	0.05498	0.03128	0.46025	0.45349
V586	0.24889	0.02092	0.66129	0.0689
V587	0.27607	0.02334	0.69311	0.00748
V588	0.65726	0.03822	0.03114	0.27338
V589	0.08096	0.77564	0.1064	0.03699
V590	0.05703	0.71195	0.23102	0
V591	0.05196	0.06792	0.22368	0.65643
V592	0.15831	0.05132	0.79038	0
V593	0.60236	0	0.19776	0.19988
V594	0.34142	0.28783	0.35823	0.01252
V595	0.13721	0.07072	0.03736	0.75471
V596	0.07145	0.30626	0.24345	0.37883
V597	0	0.57431	0.37349	0.05219
V598	0.02718	0.14263	0.83018	0
V599	0.62897	0.30641	0.06129	0.00334
V600	0.37404	0.46377	0.07318	0.08901
V601	0.21253	0.29497	0.08909	0.40341
V602	0.14508	0.08053	0.01446	0.75993
V603	0.06332	0.39451	0.01429	0.52788
V604	0.5098	0.12087	0.36846	0.00087
V605	0.08475	0.34245	0.41744	0.15536
V606	0.73389	0.15291	0.01814	0.09505
V607	0.66793	0	0.13073	0.20134
V608	0.24162	0.17549	0.39886	0.18404
V609	0.06443	0.26427	0.25334	0.41796
V610	0.76933	0.00296	0.12115	0.10656
V611	0.36273	0.00501	0.0621	0.57015
V612	0.0345	0.12063	0.79685	0.04803
V613	0.04661	0.34093	0.60274	0.00973
V614	0.76214	0.05464	0.06907	0.11415
V615	0.23087	0.08699	0	0.68214
V616	0.1064	0.6869	0.07271	0.13399
V617	0.4557	0.15385	0.39045	0
V618	0.75216	0	0	0.24784
V619	0.40811	0.03094	0.33881	0.22213
V620	0.01175	0.62261	0.36564	0
V621	0.44308	0.16233	0.19456	0.20002
V622	0.35855	0.2267	0.41475	0
V623	0.08663	0.10567	0.1593	0.6484
V624	0.8044	0.19056	0.00195	0.00309
V625	0.28506	0.48413	0.12452	0.1063
V626	0.94425	0.0328	0	0.02295
V627	0.06418	0.0635	0.11025	0.76207
V628	0.05294	0.2627	0.01939	0.66497
V629	0.15389	0.30672	0.29781	0.24158
V630	0.04616	0.34086	0.59425	0.01873
V631	0.07435	0.22643	0.11504	0.58417
V632	0.60961	0	0.1448	0.24559
V633	0	0.06772	0.83444	0.09784
V634	0.38685	0.25394	0.35921	0
V635	0.05849	0.75057	0.02171	0.16922
V636	0.14046	0.12657	0.63858	0.09438
V637	0.34713	0.21234	0.09707	0.34347
V638	0.40623	0.26852	0.07789	0.24735
V639	0.264	0.40048	0.33552	0
V640	0.04509	0.1772	0.7501	0.0276
V641	0.87362	0.02809	0.04991	0.04838
V642	0.77474	0.17156	0	0.0537
V643	0.02662	0.21396	0.46692	0.2925
V644	0.89977	0.07078	0.02197	0.00747
V645	0.26623	0.39343	0.34034	0
V646	0.04035	0.91072	0.04893	0
V647	0.1593	0.10765	0.69997	0.03308
V648	0.41636	0.41476	0.16889	0
V649	0.03676	0.09353	0.82817	0.04154
V650	0.07062	0.11822	0.76557	0.04559
V651	0.30906	0.00426	0.68668	0
V652	0.12586	0.11342	0.45015	0.31057
V653	0.14608	0.63933	0.13635	0.07824
V654	0.6925	0.1917	0.08341	0.03239
V655	0.07904	0.57596	0.0318	0.31321
V656	0.26567	0.29358	0.00111	0.43964
V657	0.11868	0.13153	0.00208	0.74771
V658	0.60504	0.21017	0.07511	0.10968
V659	0.34529	0.09659	0.38356	0.17455
V660	0.06178	0.91478	0.01729	0.00615
V661	0.10363	0.43524	0.06546	0.39567
V662	0.41954	0.01656	0.48864	0.07526
V663	0.25205	0.0873	0.57569	0.08497
V664	0.21306	0.0849	0.67885	0.02318
V665	0.68911	0.18442	0.05808	0.06838
V666	0.61322	0	0.10478	0.282
V667	0.75012	0.05264	0.19724	0
V668	0.1316	0.74352	0.12488	0
V669	0.24481	0.4038	0.281	0.07039
V670	0.11092	0.87462	0.01446	0
V671	0.36786	0.2838	0.28614	0.0622
V672	0.03267	0.05841	0.88178	0.02714
V673	0.24983	0.36664	0.25775	0.12578
V674	0.72579	0.14457	0.02626	0.10338
V675	0.15825	0.33484	0.3427	0.16422
V676	0.09769	0.14756	0.11632	0.63843
V677	0.39652	0.39366	0.12124	0.08858
V678	0.51664	0.44377	0.03959	0
V679	0.05313	0.31502	0.63184	0
V680	0.31334	0.51418	0.17248	0
V681	0.88493	0.06093	0.02884	0.02531
V682	0.12548	0.30539	0.56237	0.00676
V683	0.03684	0.90038	0.06279	0
V684	0.69069	0.15226	0.12377	0.03328
V685	0.49612	0.33333	0.15451	0.01605
V686	0.14829	0.20814	0.16334	0.48024
V687	0.14416	0.04835	0.0475	0.75999
V688	0.3994	0.50348	0	0.09712
V689	0.33576	0	0.05236	0.61188
V690	0.46953	0.0447	0.44603	0.03974
V691	0.16501	0.00787	0.82711	0
V692	0.0927	0.16244	0.70269	0.04217
V693	0.25863	0.12371	0.38547	0.23219
V694	0.06555	0.05244	0.30716	0.57485
V695	0.30813	0.00642	0.17276	0.51268
V696	0.17373	0.1303	0.00425	0.69172
V697	0.10538	0.12155	0.01015	0.76292
V698	0.83638	0	0.01707	0.14655
V699	0.56652	0.27861	0.09027	0.0646
V700	0.32007	0.04	0	0.63992
V701	0.14128	0.52148	0.13555	0.20169
V702	0.58196	0.08379	0.00422	0.33003
V703	0.16707	0.07015	0.50076	0.26202
V704	0.82232	0.03604	0.04206	0.09958
V705	0.93543	0	0.02893	0.03564
V706	0.09522	0.07545	0.7669	0.06242
V707	0.04781	0.42671	0.51823	0.00725
V708	0.06212	0.83577	0.0556	0.04651
V709	0.14807	0.27376	0.5327	0.04546
V710	0.607	0.21046	0.06377	0.11878
V711	0.1123	0.74895	0.13737	0.00138
V712	0.82936	0.04818	0.00686	0.1156
V713	0.45765	0.30229	0.04118	0.19889
V714	0.0368	0.66472	0.04221	0.25626
V715	0.30917	0.32974	0.32847	0.03262
V716	0.13177	0.08108	0.05959	0.72756
V717	0.10892	0.87468	0.01641	0
V718	0.16662	0.5411	0.21339	0.0789
V719	0.08583	0.69037	0.06252	0.16128
V720	0.69816	0	0.25098	0.05086
V721	0.14665	0.18385	0.4837	0.1858
V722	0.15078	0.3649	0.00431	0.48001
V723	0.20447	0.1205	0	0.67503
V724	0.60496	0.01893	0.10131	0.27481
V725	0	0.1258	0.85291	0.02129
V726	0.07512	0.39969	0.13821	0.38699
V727	0.27121	0.60144	0.12734	0
V728	0.04438	0.81471	0.1409	0
V729	0.45087	0.00527	0.18089	0.36297
V730	0.87975	0.01875	0.07452	0.02699
V731	0.05129	0.2228	0.41394	0.31197
V732	0.36815	0.08443	0.37256	0.17486
V733	0.64868	0.18732	0.04448	0.11953
V734	0.23481	0.29499	0.4702	0
V735	0.05627	0.05081	0.49604	0.39689
V736	0.25411	0.02807	0.00736	0.71046
V737	0.33993	0.28856	0.26414	0.10737
V738	0.09268	0.33816	0.46853	0.10063
V739	0.00403	0.0421	0.62827	0.3256
V740	0.8254	0.07397	0.10062	0
V741	0.50553	0.10578	0.14131	0.24738
V742	0.40459	0.55174	0.04367	0
V743	0.14605	0.158	0.69595	0
V744	0.52161	0.03643	0.35781	0.08415
V745	0.03008	0.66906	0.22156	0.0793
V746	0.97214	0	0	0.02786
V747	0.0805	0.00952	0.73053	0.17945
V748	0.14372	0.12563	0.59122	0.13944
V749	0.33378	0.19632	0.05148	0.41842
V750	0.43091	0.44748	0.03387	0.08775
V751	0.07235	0.81955	0.07817	0.02994
V752	0.46867	0.22987	0.15633	0.14513
V753	0.14635	0.08084	0	0.77282
V754	0.03693	0.90877	0.01483	0.03947
V755	0.17816	0.21253	0.35727	0.25205
V756	0.12814	0.03952	0.08056	0.75177
V757	0.35114	0.5526	0.09626	0
V758	0.06518	0.72542	0.16396	0.04544
V759	0.16477	0.07789	0.41739	0.33994
V760	0.32702	0.06663	0.29805	0.3083
V761	0.08245	0.55451	0.31059	0.05245
V762	0.03642	0.40865	0.02086	0.53407
V763	0.4123	0.35655	0.0323	0.19885
V764	0.03234	0.88784	0.04057	0.03925
V765	0.69385	0.07931	0	0.22684
V766	0.02986	0.33583	0.4595	0.17481
V767	0.48483	0.12768	0.26852	0.11897
V768	0.08784	0.8528	0.05935	0
V769	0.1625	0.771	0.06651	0
V770	0.04035	0.91072	0.04893	0
V771	0.17678	0.0341	0.78912	0
V772	0.14218	0.06524	0.79257	0
V773	0.1841	0.78106	0.03484	0
V774	0.03702	0.01957	0.91458	0.02883
V775	0.17121	0.05861	0.29798	0.4722
V776	0.44035	0.40698	0.07297	0.07969
V777	0.2331	0.13979	0.14994	0.47717
V778	0.54043	0.27353	0.08632	0.09971
V779	0.19916	0.05599	0.51097	0.23388
V780	0.11908	0.70937	0.17155	0
V781	0.15533	0.07315	0.03829	0.73324
V782	0.01145	0.15135	0.78976	0.04744
V783	0.79428	0.00204	0.07138	0.13231
V784	0.13071	0.81965	0.04964	0
V785	0.0687	0.87896	0.04898	0.00336
V786	0.70886	0.15217	0.11437	0.0246
V787	0	0.79191	0.20809	0
V788	0.50612	0.29249	0.1852	0.01618
V789	0.12477	0.38458	0.02871	0.46194
V790	0.49817	0.02508	0.08964	0.38711
V791	0.1541	0.3738	0.35451	0.11759
V792	0.17473	0.54135	0.00739	0.27652
V793	0.15258	0.63716	0.0573	0.15297
V794	0.05968	0.10895	0.77743	0.05394
V795	0.19998	0.07193	0.06541	0.66269
V796	0.03943	0.11412	0.83571	0.01074
V797	0.74835	0	0.25165	0
V798	0.61339	0.27834	0.10828	0
V799	0.15947	0.73993	0.05739	0.04322
V800	0.10576	0.0431	0.53127	0.31987
V801	0.17646	0.14067	0.34422	0.33865
V802	0.09083	0.10805	0.28923	0.51188
V803	0.22126	0.48032	0.29842	0
V804	0.52448	0.00891	0.41635	0.05027
V805	0.04347	0.0183	0.93824	0
V806	0.07695	0.86151	0.04597	0.01557
V807	0.31854	0.17881	0.02813	0.47452
V808	0.66089	0.25833	0.06759	0.0132
V809	0.05565	0.06932	0.87503	0
V810	0.04625	0.93754	0.01621	0
V811	0.44813	0.07839	0.22393	0.24955
V812	0.55461	0.26325	0.06459	0.11756
V813	0.58664	0.19061	0.22275	0
V814	0.43274	0.49047	0.07678	0
V815	0	0.86962	0.13038	0
V816	0.91431	0	0.08569	0
V817	0.04261	0.10639	0.84906	0.00195
V818	0.06773	0.10952	0.05918	0.76357
V819	0.81555	0.07307	0.07753	0.03384
V820	0.21806	0.13734	0.00977	0.63483
V821	0.22931	0.31561	0.41221	0.04287
V822	0.08508	0.05118	0.85136	0.01238
V823	0.03286	0.21614	0.68351	0.0675
V824	0.08819	0.36143	0.55038	0
V825	0.24375	0.2975	0.27506	0.18369
V826	0.42726	0.38627	0.18646	0
V827	0.39587	0.56624	0.03777	0.00012
V828	0.27375	0.18823	0.11837	0.41964
V829	0.10319	0.27697	0.038	0.58184
V830	0.27918	0.252	0.02037	0.44844
V831	0.77078	0.08319	0.04866	0.09736
V832	0.28572	0.39368	0.19499	0.12561
V833	0.17008	0.49486	0.20997	0.12509
V834	0.35054	0.08973	0.08627	0.47345
V835	0.36958	0.4334	0.14645	0.05057
V836	0.04395	0.67179	0.02002	0.26424
V837	0.24259	0.3786	0.21522	0.16359
V838	0.90553	0.03517	0.0593	0
V839	0.30331	0.56156	0.13512	0
V840	0.29866	0.66248	0.03887	0
V841	0	0.08049	0.8741	0.04541
V842	0.36952	0.17708	0.27997	0.17343
V843	0.03109	0.05598	0.85538	0.05755
V844	0.15305	0.1118	0.39604	0.3391
V845	0.08113	0.13501	0.73905	0.04481
V846	0	0.04473	0.77597	0.1793
V847	0.07399	0.02033	0.09839	0.80729
V848	0.11412	0.50258	0.19948	0.18381
V849	0	0.92509	0.05044	0.02446
V850	0.93896	0	0.03592	0.02512
V851	0.33079	0.48848	0.18073	0
V852	0.18302	0.07519	0.14234	0.59946
V853	0.25617	0.23588	0.41912	0.08883
V854	0.59304	0.17026	0.12665	0.11005
V855	0.07399	0.02033	0.09839	0.80729
V856	0.0657	0.3634	0.37662	0.19427
V857	0.67616	0.17507	0.04594	0.10283
V858	0.54252	0.00574	0.45174	0
V859	0.66135	0.23343	0.02993	0.07529
V860	0.2581	0.14174	0.05316	0.547
V861	0.09541	0.34801	0.55658	0
V862	0.1483	0.11117	0.71584	0.02469
V863	0.28383	0.07908	0	0.6371
V864	0.16501	0.07022	0.06357	0.7012
V865	0.17853	0.01745	0.2872	0.51683
V866	0.71306	0.00426	0.28267	0
V867	0.70633	0.01312	0.28056	0
V868	0.51038	0.27333	0.16233	0.05395
V869	0.05278	0.90342	0.0438	0
V870	0.1601	0.36341	0.01545	0.46104
V871	0	0.92509	0.05044	0.02446
V872	0.07474	0.04393	0.26493	0.6164
V873	0.8676	0.01785	0.08188	0.03267
V874	0.20372	0.72993	0.06634	0
V875	0.06287	0.22432	0.21918	0.49363
V876	0.17306	0.33128	0.43331	0.06235
V877	0.06645	0.40476	0.32516	0.20364
V878	0.14265	0.75063	0.10672	0
V879	0.21321	0.66089	0.0737	0.0522
V880	0.33229	0.53516	0.01654	0.11602
V881	0.16733	0.06191	0.61166	0.1591
V882	0.79252	0	0.1428	0.06468
V883	0.2727	0.19708	0.53022	0
V884	0.08751	0.29974	0	0.61275
V885	0.69381	0.19093	0.11526	0
V886	0.02665	0.37511	0.48888	0.10936
V887	0.63457	0.05833	0.18588	0.12122
V888	0.11736	0.07203	0.74075	0.06986
V889	0.89419	0.04198	0.04388	0.01994
V890	0.04801	0.17314	0.62806	0.15079
V891	0.61593	0.04546	0.3149	0.02371
V892	0.33855	0.20546	0	0.45599
V893	0.57021	0.21088	0.18131	0.0376
V894	0.07979	0.3192	0.59243	0.00858
V895	0.5923	0.06068	0.22571	0.12131
V896	0.06992	0.89022	0.03656	0.0033
V897	0.69534	0.24731	0.01568	0.04167
V898	0.52005	0	0	0.47995
V899	0.08066	0.22487	0.15553	0.53894
V900	0.10052	0.31018	0.38526	0.20404
V901	0.06497	0.81245	0.02756	0.09502
V902	0.07083	0.83545	0.09371	0
V903	0.01296	0.42144	0.5488	0.01679
V904	0.05763	0.93028	0.01209	0
V905	0.22531	0	0.19671	0.57797
V906	0.43743	0.09973	0.11944	0.3434
V907	0.44313	0.49044	0.0411	0.02533
V908	0.08954	0.09099	0.092	0.72748
V909	0.16179	0.78273	0.01324	0.04223
V910	0.24617	0	0.13869	0.61513
V911	0.5217	0.37856	0.05531	0.04444
V912	0.4007	0.32527	0.14806	0.12596
V913	0.23527	0	0.02355	0.74118
V914	0.19581	0.47432	0.32664	0.00323
V915	0.31641	0	0.01296	0.67063
V916	0.25715	0.0728	0.64749	0.02256
V917	0.70589	0.01565	0.1982	0.08025
V918	0.06061	0.60693	0.27058	0.06187
V919	0.22235	0.24856	0.3166	0.21248
V920	0.60855	0.1976	0.1197	0.07415
V921	0.10511	0.20247	0.03123	0.66119
V922	0.11495	0.4529	0.4177	0.01446
V923	0.18404	0.04432	0.05954	0.71211
V924	0.05034	0.63868	0.31099	0
V925	0.27172	0.05943	0.00646	0.66238
V926	0.2874	0.03829	0.03295	0.64137
V927	0.1128	0.08068	0.07328	0.73323
V928	0.07527	0.85366	0.03267	0.0384
V929	0.07778	0.62185	0.16493	0.13544
V930	0.51484	0.36181	0.05181	0.07155
V931	0.14838	0.28311	0.52366	0.04485
V932	0.05259	0.14313	0.61716	0.18712
V933	0.59631	0.36735	0.03633	0
V934	0.0478	0.18326	0.2934	0.47554
V935	0.54957	0.16412	0.23939	0.04692
V936	0.5397	0.27301	0.02394	0.16335
V937	0.55514	0.13332	0.10091	0.21063
V938	0.39773	0.05129	0.3297	0.22128
V939	0.75752	0.00323	0.09915	0.14009
V940	0.04201	0.74952	0.19701	0.01146
V941	0	0.02866	0.94972	0.02162
V942	0.72422	0.17865	0.09713	0
V943	0.39397	0.13699	0.44182	0.02723
V944	0.0719	0.299	0.07182	0.55728
V945	0.56703	0.34526	0.02422	0.06349
V946	0.45056	0.25802	0.28614	0.00529
V947	0.14557	0.07548	0.24383	0.53512
V948	0.33974	0.03825	0.62201	0
V949	0.03947	0.14979	0.22202	0.58872
V950	0.07589	0.5257	0.24378	0.15463
V951	0.80935	0.00096	0.18969	0
V952	0.11689	0.15828	0.27954	0.44528
V953	0.02763	0.0871	0.86042	0.02485
V954	0.09287	0.21402	0.15497	0.53814
V955	0.15737	0.59156	0.04173	0.20933
V956	0.07509	0.04964	0.52683	0.34843
V957	0.40272	0.01801	0	0.57927
V958	0.19492	0	0	0.80508
V959	0.24006	0.26711	0.44932	0.04351
V960	0.27712	0.29127	0.08674	0.34487
V961	0.15205	0.38366	0.37495	0.08934
V962	0.36416	0.17885	0.41314	0.04385
V963	0.58352	0.17071	0.18986	0.0559
V964	0.82086	0.01628	0.136	0.02686
V965	0.0799	0.49732	0.22001	0.20276
V966	0.9351	0.01428	0.02581	0.02481
V967	0.09206	0.06823	0.54016	0.29955
V968	0	0.18082	0.77408	0.0451
V969	0.06373	0.31874	0.04212	0.57541
V970	0.0671	0.14899	0.44245	0.34146
V971	0.49522	0.09007	0.35817	0.05654
V972	0.52413	0.20711	0.05882	0.20994
V973	0.29499	0.41871	0.09596	0.19035
V974	0.01978	0.7498	0.17616	0.05426
V975	0.10375	0.28859	0.60766	0
V976	0.45023	0.25215	0.13476	0.16286
V977	0.31177	0.33484	0.35339	0
V978	0.14622	0.12721	0.07355	0.65302
V979	0.78257	0.00122	0.21621	0
V980	0.97214	0	0	0.02786
V981	0.3528	0.03643	0.45428	0.15649
V982	0.44881	0.38549	0.10432	0.06138
V983	0.72473	0.05675	0	0.21852
V984	0.03221	0.7927	0.16059	0.0145
V985	0.1495	0.22323	0	0.62727
V986	0.33949	0.50576	0.07597	0.07878
V987	0.26178	0.72265	0.01557	0
V988	0.30241	0.0313	0.012	0.65429
V989	0.44373	0.44494	0.11133	0
V990	0	0.0838	0.80141	0.11479
V991	0.65357	0.34634	9e-05	0
V992	0.23052	0.01581	0.53844	0.21523
V993	0.0861	0.68381	0.21306	0.01703
V994	0.20238	0.73198	0.06564	0
V995	0.73596	0.10454	0.04606	0.11343
V996	0.33491	0.14614	0	0.51895
V997	0.03344	0.04144	0.82758	0.09753
V998	0.85615	0	0.09689	0.04696
V999	0.14412	0.84263	0.01326	0
V1000	0.38356	0.02756	0	0.58888
