B_cells	NK_cells	T_cells_CD4.	Monocytes
V1	0.58552	0	0.18714	0.22733
V2	0.21916	0.09094	0.0737	0.61619
V3	0.09195	0.61731	0.03797	0.25277
V4	0.86833	0.10838	0.00409	0.0192
V5	0.13715	0.46774	0.27904	0.11607
V6	0.11043	0.82099	0.0615	0.00708
V7	0.18717	0.36297	0.10762	0.34224
V8	0.15681	0.0261	0.80138	0.01571
V9	0.29062	0.2407	0.05186	0.41682
V10	0.04234	0.03135	0.88542	0.04088
V11	0.22164	0.34693	0.43143	0
V12	0.04625	0.56604	0.38771	0
V13	0.29546	0.67019	0.03354	0.00081
V14	0.10126	0.85562	0.04311	0
V15	0.1505	0.5785	0.1542	0.1168
V16	0.88815	0.03696	0.03831	0.03657
V17	0.12052	0.82216	0.05047	0.00685
V18	0.58415	0.33201	0.06645	0.01739
V19	0.18963	0.77215	0.03822	0
V20	0.20641	0.46207	0.03822	0.29329
V21	0.15597	0.08057	0.75098	0.01249
V22	0.06557	0.10325	0.23627	0.59491
V23	0.39306	0.05168	0.55527	0
V24	0.92419	0.02534	0.05046	0
V25	0.37689	0.23779	0.14896	0.23636
V26	0.42565	0.379	0.03372	0.16163
V27	0.1817	0.06414	0.0404	0.71375
V28	0	0.08186	0.91814	0
V29	0.4575	0.03695	0.49594	0.00961
V30	0.13806	0.22846	0.29956	0.33393
V31	0.2381	0.20175	0.31343	0.24672
V32	0.16801	0.02819	0.06697	0.73683
V33	0.06972	0.49182	0.37615	0.06231
V34	0.15567	0.06016	0.76942	0.01475
V35	0.19191	0.68391	0.11986	0.00433
V36	0.03798	0.05346	0.50622	0.40234
V37	0.577	0.06364	0.11424	0.24512
V38	0.4768	0	0.18558	0.33762
V39	0.19472	0.54548	0.1611	0.0987
V40	0.11986	0.76761	0.11253	0
V41	0.03184	0.67057	0.08253	0.21506
V42	0.28228	0.02503	0.23554	0.45716
V43	0.15627	0.34367	0.50006	0
V44	0.03434	0.10041	0.73643	0.12882
V45	0.12612	0.56899	0.25024	0.05466
V46	0.79517	0.06761	0.13722	0
V47	0.464	0.19297	0.32404	0.01899
V48	0.80987	0.15914	0.01829	0.0127
V49	0.75049	0.1821	0	0.06741
V50	0.09426	0.78179	0.12395	0
V51	0.33239	0.39099	0.27663	0
V52	0.04704	0.13682	0.79628	0.01986
V53	0.72541	0.11169	0.1629	0
V54	0.43592	0.19452	0.36957	0
V55	0.25837	0.1348	0.26376	0.34306
V56	0.12916	0.01345	0.12614	0.73126
V57	0.12978	0.8093	0.06092	0
V58	0.68254	0	0.04933	0.26812
V59	0.45181	0.39449	0.13346	0.02025
V60	0.17223	0.16518	0.34782	0.31478
V61	0.81106	0.09586	0.02152	0.07157
V62	0.87112	0.03252	0.08712	0.00923
V63	0.04531	0.78712	0.16367	0.0039
V64	0.04064	0.84071	0.02106	0.09759
V65	0.09157	0	0.14686	0.76156
V66	0.24626	0.66316	0.0498	0.04078
V67	0.17092	0.3271	0.50198	0
V68	0.22668	0.15174	0.03751	0.58406
V69	0.04633	0.32362	0.60888	0.02117
V70	0.55629	0.15082	0.19965	0.09323
V71	0.20766	0.0798	0.39724	0.3153
V72	0.59343	0.15422	0.11384	0.13851
V73	0.18175	0.5907	0.17282	0.05472
V74	0.06953	0.23091	0.69956	0
V75	0.72232	0	0.20529	0.0724
V76	0.0281	0.19045	0.21919	0.56226
V77	0.09132	0.30447	0.02113	0.58307
V78	0.35112	0.11775	0.2087	0.32244
V79	0.02274	0.1262	0.78621	0.06485
V80	0.37805	0.02845	0.5359	0.0576
V81	0.07577	0.17861	0.74562	0
V82	0.00858	0.10268	0.88363	0.0051
V83	0.195	0.18398	0.09903	0.52198
V84	0.44337	0.03953	0.18659	0.33051
V85	0.13633	0.32351	0.41445	0.1257
V86	0.0695	0.07781	0.82305	0.02963
V87	0.06527	0.79107	0.09889	0.04477
V88	0.21897	0.06312	0.29731	0.4206
V89	0.08205	0.01867	0.2387	0.66058
V90	0.06117	0.83699	0.10185	0
V91	0.06222	0.70555	0.22552	0.0067
V92	0.48255	0.02431	0.39109	0.10205
V93	0.89725	0.01034	0	0.09241
V94	0.05506	0.46051	0.04646	0.43797
V95	0.28503	0.42377	0.18396	0.10725
V96	0.15118	0.11073	0.04798	0.69011
V97	0.68237	0.09949	0.21814	0
V98	0.70728	0.28464	0.00676	0.00131
V99	0.79542	0.0426	0.16198	0
V100	0.10235	0.05471	0.8299	0.01304
V101	0.11421	0.0842	0.00595	0.79564
V102	0.9099	0.04983	0.01962	0.02065
V103	0.07681	0.05822	0.12951	0.73546
V104	0.06814	0.88459	0.04727	0
V105	0.09148	0.8543	0.05423	0
V106	0.14694	0.50319	0.34237	0.0075
V107	0.21177	0.21583	0.55379	0.01862
V108	0.16895	0.70465	0.1264	0
V109	0.03487	0.18302	0.59958	0.18253
V110	0.09019	0.82094	0.08184	0.00703
V111	0.90878	0	0.08874	0.00248
V112	0.17135	0.07372	0.44927	0.30567
V113	0.24471	0.11122	0.20596	0.43811
V114	0.31353	0.04092	0.10943	0.53612
V115	0.02663	0.71381	0.25956	0
V116	0.17079	0.32015	0.38337	0.12569
V117	0.6839	0.24149	0.05341	0.02119
V118	0.19903	0.56748	0.06246	0.17103
V119	0.1899	0.08327	0.07747	0.64935
V120	0.10244	0.09745	0.8001	0
V121	0.61589	0.12373	0.11319	0.14718
V122	0.92548	0.0035	0.03896	0.03206
V123	0.03693	0.52507	0.07795	0.36005
V124	0.67904	0.28097	0.00256	0.03742
V125	0.40332	0.39861	0.19807	0
V126	0.10284	0.15956	0.0793	0.6583
V127	0.22101	0.05138	0.28759	0.44002
V128	0.11146	0.01699	0.14911	0.72244
V129	0.58686	0.22734	0.18206	0.00373
V130	0.0249	0.62515	0.34995	0
V131	0.05912	0.86022	0.02782	0.05284
V132	0.91193	0	0.05336	0.03471
V133	0.8965	0.01285	0.0743	0.01635
V134	0.1482	0.39852	0.15932	0.29397
V135	0.14818	0.02093	0.21585	0.61504
V136	0.28974	0.40289	0.02443	0.28295
V137	0.66023	0.03498	0.25926	0.04552
V138	0.2426	0.39996	0.20469	0.15275
V139	0.38367	0.20945	0.21697	0.18992
V140	0.10134	0.10345	0.08552	0.70969
V141	0.09301	0.17752	0.54739	0.18208
V142	0.79085	0	0.20915	0
V143	0.46196	0.25971	0.08834	0.18999
V144	0.21912	0.16524	0.19647	0.41918
V145	0.00718	0.72976	0.26307	0
V146	0.15365	0.01421	0.07824	0.7539
V147	0.89593	0.01911	0.03915	0.04581
V148	0.16189	0.09342	0.58117	0.16351
V149	0.2763	0.48597	0.23773	0
V150	0.11256	0.26003	0.58002	0.04739
V151	0.23899	0.60608	0.0647	0.09023
V152	0.25911	0.43502	0.24374	0.06212
V153	0.14166	0.72387	0.0523	0.08218
V154	0.26636	0.44413	0.28951	0
V155	0.48913	0.1499	0.29535	0.06562
V156	0.05528	0.16776	0.68305	0.09391
V157	0.33572	0.1667	0.32552	0.17206
V158	0.11793	0	0.09387	0.78819
V159	0.88394	0.06638	0	0.04968
V160	0.72443	0	0.07745	0.19813
V161	0.29174	0	0.0606	0.64766
V162	0.11325	0.31529	0.11205	0.45941
V163	0.12917	0.48906	0.2015	0.18027
V164	0.37223	0.30797	0.12998	0.18982
V165	0.06312	0.29061	0.00454	0.64173
V166	0.06858	0.11526	0.10582	0.71034
V167	0.42584	0	0.01155	0.56261
V168	0.31161	0.54764	0.11179	0.02896
V169	0.26461	0.05678	0.06393	0.61468
V170	0.14611	0.03726	0.54028	0.27635
V171	0.15709	0.2588	0.57477	0.00934
V172	0.72148	0	0.27852	0
V173	0.09134	0.16119	0.07099	0.67648
V174	0.06993	0.18204	0.10923	0.6388
V175	0.09343	0.03403	0.77963	0.09291
V176	0.02956	0.76445	0.206	0
V177	0.04591	0.90897	0.03036	0.01475
V178	0.03801	0.75598	0.03929	0.16672
V179	0.21226	0.01627	0.40732	0.36415
V180	0.05349	0.82986	0.11665	0
V181	0.19311	0.15215	0.5365	0.11824
V182	0.32252	0.19556	0.45494	0.02697
V183	0.20612	0.75557	0.03831	0
V184	0.95902	0	0.04098	0
V185	0.5794	0.38632	0.03428	0
V186	0.14809	0.47527	0.28711	0.08953
V187	0.926	0.00513	0.05629	0.01257
V188	0.12122	0.2573	0	0.62148
V189	0.83169	0.01198	0.03088	0.12545
V190	0.66184	0.015	0.32316	0
V191	0.21209	0.22595	0.55355	0.00841
V192	0.33268	0.45696	0.07585	0.13451
V193	0.61884	0.03238	0.253	0.09578
V194	0.07305	0.86977	0.04293	0.01425
V195	0.04133	0.06834	0.87845	0.01188
V196	0.0838	0.10364	0.03709	0.77548
V197	0.47582	0.04564	0.03955	0.43899
V198	0.09236	0.49821	0.38289	0.02654
V199	0.23137	0.02587	0.21052	0.53224
V200	0.16822	0.56261	0.04348	0.22569
V201	0.12639	0.54405	0.2215	0.10806
V202	0.04008	0.05135	0.77324	0.13533
V203	0.18613	0.42085	0.39302	0
V204	0.04445	0.54909	0.03031	0.37615
V205	0.04384	0.09455	0.84974	0.01187
V206	0.06858	0.12714	0.80428	0
V207	0.19514	0.20468	0.07811	0.52207
V208	0.26858	0.08807	0.64336	0
V209	0.33078	0.45688	0.0954	0.11694
V210	0.11768	0.72613	0.13116	0.02504
V211	0.48748	0.00444	0.05199	0.45609
V212	0.51927	0.05163	0.4269	0.0022
V213	0.66275	0.02342	0.13098	0.18285
V214	0.36973	0.16792	0.18844	0.27391
V215	0.35744	0.10362	0.03142	0.50752
V216	0.14279	0	0.07925	0.77796
V217	0.07137	0.4942	0.26366	0.17077
V218	0.13064	0.45113	0.2006	0.21763
V219	0.14435	0.63012	0.03724	0.1883
V220	0.03786	0.80612	0.04264	0.11338
V221	0.83498	0	0.00986	0.15516
V222	0.34268	0.14847	0.37275	0.1361
V223	0.02295	0.17301	0.74952	0.05452
V224	0.95007	0	0.04993	0
V225	0.08706	0.81418	0.09876	0
V226	0.32215	0.10233	0.57553	0
V227	0.79243	0	0.20574	0.00183
V228	0.7769	0.06213	0.08417	0.0768
V229	0.04531	0.06133	0.86973	0.02363
V230	0.10089	0.05298	0.06789	0.77824
V231	0.05355	0.30107	0.14439	0.50099
V232	0.08262	0.66217	0.01225	0.24296
V233	0.58	0.09127	0.21712	0.11161
V234	0.07298	0.85027	0.07501	0.00174
V235	0.39456	0.07929	0.52024	0.0059
V236	0.06899	0.10325	0.77233	0.05543
V237	0.2425	0	0.06935	0.68816
V238	0.15844	0.53797	0.28653	0.01706
V239	0.11231	0.4172	0.04126	0.42922
V240	0.50353	0.04982	0.42196	0.02469
V241	0.04191	0.03859	0.86962	0.04988
V242	0.15584	0.71505	0.12911	0
V243	0.26571	0.06508	0.61896	0.05024
V244	0.2353	0.01801	0.68739	0.0593
V245	0.60781	0.28493	0.07255	0.0347
V246	0.08082	0.18173	0.73693	0.00052
V247	0.17698	0.05103	0.77199	0
V248	0.10717	0.0506	0.08891	0.75332
V249	0.00319	0.08447	0.85698	0.05535
V250	0.76884	0	0.23116	0
V251	0.92391	0.0443	0.02253	0.00926
V252	0.028	0.78565	0.18635	0
V253	0.40969	0.07191	0.18742	0.33099
V254	0.04107	0.86333	0.09559	0
V255	0.08185	0.86855	0.02342	0.02619
V256	0.20169	0.23284	0.51071	0.05476
V257	0.45054	0.10694	0.25158	0.19093
V258	0.2035	0.27888	0.42792	0.08971
V259	0.05821	0.3135	0.61548	0.01281
V260	0.00166	0.30594	0.6924	0
V261	0.63278	0.02823	0.21632	0.12267
V262	0.18005	0.07323	0.03918	0.70754
V263	0.05508	0.8994	0.02749	0.01803
V264	0.20537	0.0504	0.44798	0.29626
V265	0.10843	0	0.17974	0.71183
V266	0.6548	0.32238	0.02282	0
V267	0.01879	0.20434	0.32034	0.45652
V268	0.43666	0.01586	0.17014	0.37734
V269	0.02443	0.55072	0.40549	0.01936
V270	0.6534	0.02405	0.2602	0.06235
V271	0.80477	0.06042	0.04843	0.08638
V272	0.08814	0.79055	0.04673	0.07457
V273	0.14741	0.0312	0.08	0.7414
V274	0.71636	0	0.19594	0.0877
V275	0.00955	0.07402	0.89598	0.02044
V276	0.52741	0.32965	0.02374	0.1192
V277	0.07939	0.22695	0.194	0.49966
V278	0.08532	0.07252	0.32415	0.51801
V279	0.70064	0.0537	0.1308	0.11486
V280	0.11793	0	0.09387	0.78819
V281	0.57617	0.02462	0.16254	0.23667
V282	0.08037	0.10367	0.77621	0.03975
V283	0.24009	0.55987	0.09163	0.1084
V284	0.05946	0.83922	0.10132	0
V285	0.08895	0.03886	0.87219	0
V286	0.2706	0.52638	0.13948	0.06354
V287	0.13075	0.81335	0.05025	0.00565
V288	0.03742	0.30066	0.44383	0.21809
V289	0.30169	0.23405	0.41982	0.04445
V290	0.82624	0.14335	0.03041	0
V291	0.49403	0.07993	0.42603	0
V292	0.93021	0.00641	0	0.06338
V293	0.3176	0.03656	0.62916	0.01668
V294	0.1405	0.39009	0	0.46941
V295	0.05712	0.19769	0.22553	0.51967
V296	0.20187	0.14605	0.59502	0.05706
V297	0.16348	0	0.11536	0.72116
V298	0.31154	0.12101	0.56745	0
V299	0.12385	0.29226	0.0297	0.55419
V300	0.03834	0.04548	0.27041	0.64576
V301	0.14728	0.13982	0.62912	0.08377
V302	0.66729	0.32223	0.01013	0.00036
V303	0.00985	0.58814	0.39678	0.00523
V304	0.08259	0.05582	0.7338	0.12779
V305	0.15131	0.18193	0.46648	0.20027
V306	0.80319	0.08929	0.06881	0.03872
V307	0.05514	0.87665	0.05852	0.00969
V308	0.25666	0.2414	0.31168	0.19026
V309	0.37046	0.31685	0.0396	0.2731
V310	0.11668	0.32935	0.1814	0.37258
V311	0.52807	0.44455	0.02738	0
V312	0.12663	0.69714	0.17623	0
V313	0.04609	0.13618	0.04968	0.76805
V314	0.04329	0.48953	0.14381	0.32337
V315	0.15398	0.61023	0.06548	0.17031
V316	0.33072	0.14997	0.39262	0.12669
V317	0.11919	0.67587	0.08	0.12494
V318	0.07365	0.56023	0.03715	0.32897
V319	0.08064	0.09719	0.80332	0.01884
V320	0.10205	0.17219	0.63279	0.09296
V321	0.64477	0.3321	0.02313	0
V322	0.23543	0.32848	0.0943	0.34179
V323	0.13458	0.02622	0.12852	0.71068
V324	0.66292	0.24456	0.09117	0.00136
V325	0.31906	0.59673	0.08421	0
V326	0.01272	0.57308	0.12896	0.28525
V327	0.06988	0.16283	0.13785	0.62943
V328	0.07197	0.05651	0.73491	0.13661
V329	0.22327	0.12215	0.19726	0.45733
V330	0.41929	0.01098	0.35011	0.21962
V331	0.39755	0.08948	0.06176	0.45121
V332	0.06135	0.06338	0.21884	0.65642
V333	0.43704	0.08549	0.39393	0.08353
V334	0.38617	0.01311	0.37147	0.22926
V335	0.04614	0.35047	0.51276	0.09063
V336	0.20512	0.67129	0.0495	0.07409
V337	0.29946	0.39414	0.3064	0
V338	0.01721	0.91317	0.05671	0.01291
V339	0.14297	0.02666	0.83037	0
V340	0.07954	0.24941	0.52611	0.14495
V341	0.10273	0.04751	0.10484	0.74493
V342	0.27175	0.0167	0.61144	0.10012
V343	0.93162	0.02248	0.02493	0.02098
V344	0.66685	0.14209	0.19106	0
V345	0.04316	0.07139	0.88544	0
V346	0.26666	0.12595	0.30286	0.30453
V347	0.11873	0.01402	0.16597	0.70129
V348	0.08192	0.63224	0.17729	0.10855
V349	0.35918	0.17922	0.38875	0.07285
V350	0.04596	0.75125	0.20279	0
V351	0.05762	0.04806	0.42463	0.46968
V352	0.0701	0.05239	0.82034	0.05716
V353	0.86875	0.01575	0.05325	0.06225
V354	0.07158	0.66173	0.25317	0.01352
V355	0.29742	0.09252	0.46412	0.14595
V356	0.11108	0.0293	0.13862	0.721
V357	0.14111	0.34131	0.29912	0.21846
V358	0.56834	0.10281	0.06568	0.26317
V359	0.60455	0.05132	0.04573	0.2984
V360	0.55468	0.40191	0.0434	0
V361	0.00248	0.45123	0.54629	0
V362	0.01392	0.90936	0.06735	0.00937
V363	0.19735	0.13835	0.47313	0.19117
V364	0.18	0.09046	0.66286	0.06667
V365	0.33348	0.02178	0.03052	0.61422
V366	0.10692	0.65741	0.11941	0.11626
V367	0.60044	0.1411	0.00482	0.25364
V368	0.11743	0.69642	0.12043	0.06572
V369	0.03256	0.39964	0.5678	0
V370	0.31004	0.28176	0.4082	0
V371	0.21375	0.6843	0.06105	0.0409
V372	0.22421	0.05844	0.15131	0.56604
V373	0.10903	0.1634	0.48057	0.247
V374	0.77249	0.00888	0.21863	0
V375	0.10839	0.04843	0.17882	0.66436
V376	0.10832	0.042	0.13568	0.714
V377	0.81294	0	0.01001	0.17704
V378	0.0438	0.04955	0.43607	0.47058
V379	0.3823	0.20274	0.0194	0.39555
V380	0.20271	0.08268	0.22827	0.48635
V381	0.74506	0.00189	0.1126	0.14045
V382	0.10152	0.06837	0.83011	0
V383	0.83418	0	0.06381	0.10201
V384	0.57107	0.07638	0.15206	0.20049
V385	0.84534	0.00696	0.09591	0.05179
V386	0.35233	0.00787	0.1764	0.4634
V387	0.58276	0.15088	0.20765	0.05871
V388	0.38631	0.32753	0.16864	0.11752
V389	0.43128	0.49657	0.03261	0.03954
V390	0.29702	0.2573	0.44568	0
V391	0.46232	0.10732	0.02714	0.40322
V392	0.43495	0.22561	0.18542	0.15402
V393	0.2958	0.24111	0.35624	0.10685
V394	0.14028	0.24032	0.1416	0.47779
V395	0.24235	0.39005	0.22454	0.14307
V396	0.04217	0.89015	0.04828	0.0194
V397	0.76847	0.08335	0.12202	0.02616
V398	0.47107	0.13959	0.11578	0.27356
V399	0.21533	0.53293	0.18021	0.07154
V400	0.01726	0.59013	0.09936	0.29325
V401	0.05463	0.18875	0.70361	0.053
V402	0.79048	0.15619	0.05333	0
V403	0.10371	0.03441	0.11611	0.74577
V404	0.11232	0.22122	0.60061	0.06585
V405	0.27447	0.03418	0.19799	0.49336
V406	0.64497	0.24448	0.03123	0.07932
V407	0.01721	0.91317	0.05671	0.01291
V408	0.11688	0.26327	0.41051	0.20934
V409	0.06291	0.04645	0.08352	0.80712
V410	0.12003	0.80445	0.07055	0.00496
V411	0.49993	0.0013	0	0.49876
V412	0.18754	0.09757	0.50488	0.21001
V413	0.08502	0.48502	0.21267	0.21728
V414	0.0582	0.50317	0.34907	0.08955
V415	0.46847	0.03292	0.25235	0.24627
V416	0.02828	0.11306	0.85865	0
V417	0.39326	0.57555	0.03119	0
V418	0.12961	0.11748	0.17352	0.57938
V419	0.11144	0	0.1017	0.78686
V420	0.00979	0.86101	0.05821	0.071
V421	0.18067	0.06846	0.66642	0.08445
V422	0.13342	0.08783	0.03075	0.748
V423	0.10235	0.05471	0.8299	0.01304
V424	0.00844	0.08351	0.63849	0.26956
V425	0.07801	0.26224	0.58534	0.0744
V426	0.11337	0.08036	0.75968	0.04659
V427	0.09879	0.40368	0.22216	0.27537
V428	0.1184	0.73016	0.09324	0.0582
V429	0.10717	0	0.10931	0.78352
V430	0.74689	0.16353	0.03042	0.05915
V431	0.21524	0.04077	0.46675	0.27724
V432	0.17698	0.10399	0.07718	0.64185
V433	0.09008	0.72213	0.01926	0.16852
V434	0.38659	0.08022	0.07222	0.46097
V435	0.54172	0.00244	0.14505	0.31079
V436	0.42893	0.0042	0.14295	0.42392
V437	0.28402	0.23972	0.01207	0.4642
V438	0.62024	0.16081	0.04552	0.17343
V439	0.10842	0.12225	0.02927	0.74005
V440	0.5272	0.03387	0.04782	0.39111
V441	0.09262	0.15934	0.59335	0.15469
V442	0.33555	0.34239	0.16045	0.16161
V443	0.75323	0	0.10691	0.13987
V444	0.04316	0.07139	0.88544	0
V445	0.61378	0.0242	0.35021	0.01181
V446	0.06508	0.78428	0.09843	0.05222
V447	0.62531	0.0985	0.19745	0.07874
V448	0.07069	0.0823	0.22643	0.62057
V449	0.56403	0.04839	0.31087	0.07672
V450	0.16222	0.78921	0.04857	0
V451	0.91277	0.0529	0.00205	0.03227
V452	0.11963	0.01687	0.11976	0.74375
V453	0.79599	0.0716	0.086	0.04641
V454	0.01651	0.87604	0.09947	0.00798
V455	0.60022	0.0399	0.31689	0.043
V456	0.34192	0.13931	0.39179	0.12699
V457	0.05618	0.07218	0.058	0.81365
V458	0.31601	0.23776	0.01135	0.43488
V459	0.04035	0.75752	0.13516	0.06697
V460	0.91736	0.00109	0.0555	0.02606
V461	0.15307	0.05685	0.03543	0.75465
V462	0.38995	0.2525	0	0.35755
V463	0.2715	0.46223	0.18601	0.08026
V464	0.5459	0.10322	0.00536	0.34551
V465	0.41976	0.41745	0.0454	0.11739
V466	0.60354	0.18926	0.00753	0.19967
V467	0.33195	0.5439	0.11188	0.01227
V468	0.50481	0.38746	0.07595	0.03178
V469	0.0497	0.20137	0.31627	0.43266
V470	0.54915	0.13052	0.19991	0.12043
V471	0.3226	0.11465	0.05389	0.50886
V472	0.36197	0.33633	0	0.3017
V473	0.12236	0.52754	0.35011	0
V474	0.19435	0	0.13941	0.66624
V475	0.21767	0.40168	0.10615	0.2745
V476	0.23689	0.01218	0.09438	0.65655
V477	0.60323	0.04051	0.22565	0.13061
V478	0.1686	0.58075	0.02495	0.22569
V479	0.03306	0.12501	0.77739	0.06454
V480	0.128	0.3235	0.07067	0.47784
V481	0.1654	0.05209	0.78251	0
V482	0.68531	0.16199	0.13352	0.01918
V483	0.19106	0.12209	0.10257	0.58429
V484	0.09866	0.09234	0.06047	0.74854
V485	0.1532	0.70721	0.04088	0.09872
V486	0.29968	0.2733	0.1527	0.27432
V487	0.14912	0.05559	0.12146	0.67383
V488	0.00686	0.04045	0.87043	0.08226
V489	0.22583	0.129	0.64517	0
V490	0.36534	0.31796	0.09065	0.22605
V491	0.453	0.44897	0.05874	0.03929
V492	0.05218	0.77828	0.16954	0
V493	0.15674	0	0.00826	0.835
V494	0.21404	0.18131	0.51426	0.0904
V495	0.2419	0.5877	0.1704	0
V496	0.29983	0.65982	0.01635	0.024
V497	0.04401	0.03519	0.90661	0.0142
V498	0.36289	0.11228	0.0724	0.45243
V499	0.60175	0.25454	0.14372	0
V500	0.12427	0.15696	0.70145	0.01732
V501	0.06249	0.00371	0.11981	0.81398
V502	0.54606	0.27651	0.17549	0.00194
V503	0.24258	0.11218	0.22573	0.41951
V504	0.25695	0.66188	0.04022	0.04095
V505	0.22803	0.23224	0.27419	0.26554
V506	0.11412	0.27561	0.45647	0.1538
V507	0.61472	0.10527	0.14184	0.13818
V508	0.74249	0.16414	0.05998	0.03339
V509	0.25205	0.08567	0.5073	0.15498
V510	0.23338	0.49007	0.27654	0
V511	0.08658	0.43015	0.07353	0.40974
V512	0.30131	0.0527	0.10929	0.53669
V513	0.10407	0.61575	0.24243	0.03775
V514	0.09034	0.10892	0.01076	0.78998
V515	0.76513	0.06059	0.06568	0.1086
V516	0.90529	0.08589	0.00531	0.00351
V517	0.09506	0.03926	0.28408	0.58161
V518	0.93894	0.04511	0.00085	0.0151
V519	0.05727	0.82733	0.04111	0.0743
V520	0.0579	0.01606	0.64154	0.28451
V521	0.56282	0.05636	0.37132	0.0095
V522	0.02496	0.16103	0.58447	0.22954
V523	0.37379	0.1418	0.27484	0.20957
V524	0.02932	0.73477	0.22727	0.00864
V525	0.30423	0.21835	0.04227	0.43515
V526	0.65097	0.08157	0.09391	0.17355
V527	0.24173	0.03681	0.41553	0.30594
V528	0.13121	0.81449	0.02576	0.02853
V529	0.11409	0.07928	0.25256	0.55408
V530	0.02247	0.23782	0.66345	0.07626
V531	0.04062	0.80836	0.15102	0
V532	0.21717	0.33895	0.04462	0.39926
V533	0.30319	0.35473	0.16211	0.17997
V534	0.03148	0.04827	0.71225	0.208
V535	0.5983	0	0.01141	0.39029
V536	0.23598	0	0.3993	0.36473
V537	0.57726	0.25104	0.17169	0
V538	0.48993	0.05409	0.1083	0.34767
V539	0.28503	0.42377	0.18396	0.10725
V540	0.22403	0.65415	0.10869	0.01314
V541	0.04614	0.51628	0.09617	0.34141
V542	0.23493	0.14737	0.27487	0.34284
V543	0.88007	0	0.02302	0.09691
V544	0.16003	0.10571	0.20099	0.53327
V545	0.40067	0.15103	0.08997	0.35833
V546	0.07684	0.81517	0.10799	0
V547	0.05785	0.60943	0.33273	0
V548	0.17333	0.70784	0.11883	0
V549	0.33297	0.05681	0.61023	0
V550	0.62786	0.02261	0	0.34952
V551	0.20298	0.69353	0.07118	0.03231
V552	0.02023	0.54489	0.03383	0.40104
V553	0.24033	0.17471	0.58496	0
V554	0.13221	0.10384	0.0527	0.71125
V555	0.12169	0.25158	0.35061	0.27612
V556	0.00382	0.07843	0.88229	0.03545
V557	0.82466	0.02217	0.01959	0.13358
V558	0.09755	0.74761	0.06437	0.09047
V559	0.02632	0.75306	0.22062	0
V560	0.69154	0.3007	0.00775	0
V561	0.00955	0.07402	0.89598	0.02044
V562	0.77865	0	0.13666	0.0847
V563	0.25564	0.02676	0.7176	0
V564	0.08176	0.11815	0.80008	0
V565	0.15038	0.28181	0.38685	0.18096
V566	0.71315	0.09827	0.00571	0.18286
V567	0.252	0.44758	0.04577	0.25464
V568	0.30918	0	0.08423	0.60659
V569	0.71131	0.02118	0	0.26751
V570	0.04537	0.31363	0.60174	0.03927
V571	0.81745	0.1229	0.00363	0.05602
V572	0.45714	0.02084	0.44683	0.07519
V573	0.12785	0.19105	0.02178	0.65933
V574	0.06136	0.73291	0.20573	0
V575	0.07576	0.10277	0.15965	0.66182
V576	0.17813	0.74655	0.07532	0
V577	0.09667	0.05912	0.2447	0.59951
V578	0.08198	0.10337	0.66915	0.1455
V579	0.0349	0.82022	0.13751	0.00738
V580	0.22099	0.00213	0.14929	0.62759
V581	0.15224	0.10641	0.00781	0.73354
V582	0.5943	0.15178	0.045	0.20891
V583	0.02895	0.07984	0.605	0.28621
V584	0.51546	0.17025	0.30304	0.01125
V585	0.04679	0.03025	0.4743	0.44866
V586	0.25596	0.03589	0.6403	0.06786
V587	0.28377	0.03994	0.66676	0.00953
V588	0.65349	0.04102	0.03523	0.27026
V589	0.08622	0.76419	0.10616	0.04343
V590	0.06781	0.71113	0.22105	0
V591	0.03998	0.05456	0.2425	0.66296
V592	0.16661	0.06838	0.76501	0
V593	0.603	0	0.19903	0.19797
V594	0.34603	0.29793	0.3422	0.01384
V595	0.12008	0.04772	0.06433	0.76787
V596	0.06878	0.30436	0.25368	0.37319
V597	0.00702	0.57536	0.36296	0.05466
V598	0.03958	0.15817	0.80225	0
V599	0.62277	0.30924	0.05686	0.01113
V600	0.37224	0.46053	0.0765	0.09073
V601	0.20529	0.28836	0.10674	0.39962
V602	0.12482	0.05578	0.04605	0.77334
V603	0.04925	0.38763	0.03728	0.52584
V604	0.51371	0.13428	0.34801	0.00401
V605	0.09144	0.34692	0.4086	0.15304
V606	0.7275	0.15471	0.01905	0.09874
V607	0.66542	0.00241	0.13139	0.20078
V608	0.24359	0.18423	0.39105	0.18114
V609	0.06009	0.26268	0.26461	0.41262
V610	0.76567	0.0138	0.112	0.10854
V611	0.35087	0	0.07919	0.56994
V612	0.0443	0.13441	0.77279	0.0485
V613	0.05854	0.35091	0.5795	0.01106
V614	0.75741	0.06114	0.06516	0.11628
V615	0.211	0.07192	0.02215	0.69492
V616	0.10869	0.67733	0.08025	0.13374
V617	0.46311	0.1679	0.36899	0
V618	0.75323	0	0	0.24677
V619	0.40858	0.03903	0.33281	0.21958
V620	0.0249	0.62515	0.34995	0
V621	0.44082	0.16529	0.19479	0.19909
V622	0.36466	0.23967	0.39567	0
V623	0.07452	0.09272	0.17897	0.65379
V624	0.79553	0.19024	0.00364	0.01059
V625	0.28475	0.48016	0.1273	0.10779
V626	0.93351	0.03498	0	0.03151
V627	0.05292	0.0426	0.12436	0.78013
V628	0.03964	0.24614	0.0417	0.67252
V629	0.15539	0.30908	0.2983	0.23722
V630	0.05798	0.35077	0.57099	0.02026
V631	0.06327	0.21466	0.13733	0.58474
V632	0.60744	0	0.14916	0.2434
V633	0.00344	0.07974	0.81933	0.0975
V634	0.39315	0.26688	0.33997	0
V635	0.05832	0.73892	0.03524	0.16752
V636	0.14767	0.13931	0.6208	0.09222
V637	0.34124	0.20749	0.11101	0.34026
V638	0.4013	0.26436	0.08939	0.24495
V639	0.27139	0.41115	0.31746	0
V640	0.05573	0.19003	0.72477	0.02947
V641	0.8659	0.03522	0.04372	0.05517
V642	0.76713	0.17252	0	0.06036
V643	0.02795	0.21827	0.46736	0.28642
V644	0.89242	0.07321	0.01973	0.01463
V645	0.27347	0.40264	0.32388	0
V646	0.0491	0.89381	0.05157	0.00552
V647	0.16735	0.12298	0.67626	0.03341
V648	0.41861	0.41768	0.16287	0.00084
V649	0.0458	0.1072	0.80408	0.04292
V650	0.07958	0.13117	0.7431	0.04615
V651	0.31869	0.02455	0.65677	0
V652	0.12531	0.11765	0.45197	0.30508
V653	0.15023	0.63195	0.13643	0.0814
V654	0.68686	0.19649	0.07834	0.03831
V655	0.07187	0.57032	0.04822	0.30959
V656	0.25743	0.28381	0.02187	0.43689
V657	0.10185	0.1013	0.03338	0.76348
V658	0.59988	0.21135	0.07677	0.11199
V659	0.34684	0.10686	0.37394	0.17236
V660	0.06503	0.89167	0.02718	0.01612
V661	0.09665	0.43008	0.08287	0.39041
V662	0.42461	0.0316	0.46894	0.07485
V663	0.25804	0.10145	0.55721	0.0833
V664	0.22124	0.10028	0.65472	0.02376
V665	0.68318	0.18692	0.05756	0.07233
V666	0.6109	0	0.11104	0.27806
V667	0.75438	0.0672	0.17842	0
V668	0.13881	0.74189	0.1193	0
V669	0.24883	0.40824	0.27181	0.07112
V670	0.11188	0.85279	0.02624	0.00909
V671	0.37001	0.29316	0.27427	0.06255
V672	0.04234	0.07223	0.8572	0.02823
V673	0.25216	0.37003	0.25251	0.1253
V674	0.71916	0.14606	0.02784	0.10695
V675	0.16202	0.34011	0.33633	0.16155
V676	0.0853	0.13132	0.13895	0.64442
V677	0.39451	0.39249	0.12247	0.09053
V678	0.51801	0.44623	0.03577	0
V679	0.06505	0.32796	0.60699	0
V680	0.31772	0.51642	0.16586	0
V681	0.87685	0.06311	0.02704	0.033
V682	0.13496	0.31724	0.5389	0.0089
V683	0.04586	0.89338	0.06076	0
V684	0.68704	0.15967	0.11528	0.038
V685	0.49481	0.33531	0.14918	0.02069
V686	0.13988	0.20083	0.18079	0.47851
V687	0.12578	0.02925	0.07301	0.77195
V688	0.39651	0.49764	0.00632	0.09953
V689	0.32061	0	0.06685	0.61254
V690	0.47459	0.05961	0.42541	0.04038
V691	0.17296	0.03209	0.79495	0
V692	0.10186	0.1757	0.67982	0.04262
V693	0.25896	0.13069	0.38168	0.22867
V694	0.05316	0.04455	0.32641	0.57588
V695	0.29944	0	0.18868	0.51187
V696	0.15499	0.10409	0.03727	0.70364
V697	0.08928	0.08945	0.03964	0.78163
V698	0.83491	0	0.01789	0.1472
V699	0.56208	0.28055	0.08953	0.06784
V700	0.30416	0.02641	0.02118	0.64825
V701	0.14275	0.51653	0.14238	0.19834
V702	0.57621	0.08139	0.01579	0.32661
V703	0.16749	0.07695	0.49824	0.25731
V704	0.81686	0.04134	0.03922	0.10258
V705	0.92784	0	0.02873	0.04344
V706	0.10274	0.0888	0.74659	0.06186
V707	0.05975	0.43509	0.49533	0.00983
V708	0.06711	0.81912	0.06084	0.05293
V709	0.15662	0.28512	0.5128	0.04546
V710	0.60113	0.2109	0.06661	0.12136
V711	0.11851	0.74132	0.13243	0.00774
V712	0.82195	0.05151	0.00843	0.11811
V713	0.45243	0.29926	0.04988	0.19844
V714	0.03567	0.65827	0.05468	0.25138
V715	0.31357	0.33753	0.31526	0.03365
V716	0.1179	0.05764	0.08447	0.73999
V717	0.11289	0.8587	0.02781	0.00061
V718	0.17126	0.53819	0.2099	0.08065
V719	0.08724	0.6811	0.07135	0.16031
V720	0.70012	0	0.24447	0.0554
V721	0.15014	0.19245	0.47555	0.18186
V722	0.14006	0.35388	0.02817	0.47788
V723	0.18706	0.10274	0.02158	0.68862
V724	0.60158	0.02188	0.10455	0.27199
V725	0.00799	0.14098	0.82585	0.02518
V726	0.07061	0.39435	0.15286	0.38217
V727	0.27675	0.60126	0.12199	0
V728	0.05519	0.80989	0.13493	0
V729	0.4462	0.00695	0.18742	0.35943
V730	0.87565	0.02821	0.06314	0.033
V731	0.05266	0.22578	0.41604	0.30552
V732	0.36961	0.09504	0.36267	0.17267
V733	0.64232	0.18788	0.04794	0.12187
V734	0.24314	0.30809	0.44877	0
V735	0.05106	0.05286	0.50446	0.39161
V736	0.23024	0.00782	0.03507	0.72687
V737	0.34124	0.29435	0.25728	0.10713
V738	0.10118	0.34581	0.45354	0.09947
V739	0.00727	0.0453	0.62847	0.31895
V740	0.82775	0.08424	0.08801	0
V741	0.50163	0.10849	0.14479	0.2451
V742	0.40871	0.55298	0.03831	0
V743	0.15556	0.17351	0.67094	0
V744	0.5233	0.05067	0.34113	0.0849
V745	0.03789	0.66218	0.21827	0.08166
V746	0.96342	0	0	0.03658
V747	0.08524	0.01964	0.72241	0.1727
V748	0.1489	0.13609	0.57872	0.13629
V749	0.32533	0.18682	0.07177	0.41608
V750	0.42726	0.44427	0.03772	0.09076
V751	0.07744	0.80508	0.08018	0.03731
V752	0.4668	0.23196	0.15593	0.14531
V753	0.12773	0.06996	0.00811	0.7942
V754	0.0409	0.88374	0.02866	0.0467
V755	0.17853	0.21713	0.35668	0.24767
V756	0.11468	0.02223	0.09952	0.76357
V757	0.35256	0.54956	0.09303	0.00485
V758	0.07245	0.71744	0.16039	0.04973
V759	0.16248	0.08298	0.42003	0.33451
V760	0.32551	0.06999	0.29979	0.30472
V761	0.09199	0.55422	0.29947	0.05433
V762	0.02743	0.4018	0.03989	0.53088
V763	0.40801	0.35263	0.04152	0.19784
V764	0.03872	0.86894	0.04589	0.04644
V765	0.68955	0.08474	0	0.22571
V766	0.03631	0.34096	0.45134	0.17139
V767	0.48511	0.13658	0.25918	0.11914
V768	0.09106	0.83713	0.06249	0.00932
V769	0.16871	0.76416	0.06713	0
V770	0.0491	0.89381	0.05157	0.00552
V771	0.18597	0.05013	0.7639	0
V772	0.15076	0.08178	0.76746	0
V773	0.18963	0.77215	0.03822	0
V774	0.04449	0.03534	0.88947	0.0307
V775	0.16455	0.05596	0.31023	0.46926
V776	0.43721	0.40559	0.07489	0.08232
V777	0.22485	0.13217	0.16771	0.47526
V778	0.53601	0.27336	0.08862	0.10201
V779	0.20034	0.06565	0.50482	0.22919
V780	0.12743	0.7092	0.16337	0
V781	0.13704	0.04973	0.0667	0.74653
V782	0.02319	0.16421	0.76464	0.04795
V783	0.7895	0.01211	0.06554	0.13285
V784	0.13684	0.81189	0.05127	0
V785	0.07235	0.86027	0.0542	0.01319
V786	0.70528	0.15918	0.10554	0.02999
V787	0.00705	0.79051	0.20244	0
V788	0.50558	0.29739	0.17671	0.02031
V789	0.11442	0.37643	0.05044	0.45871
V790	0.49321	0.02306	0.0997	0.38403
V791	0.15903	0.37934	0.34485	0.11677
V792	0.17117	0.5334	0.02272	0.27271
V793	0.15334	0.62785	0.06659	0.15222
V794	0.06818	0.12218	0.75466	0.05497
V795	0.18288	0.05384	0.09178	0.67151
V796	0.0495	0.12873	0.80957	0.0122
V797	0.7573	0	0.24232	0.00037
V798	0.61306	0.28505	0.1019	0
V799	0.16159	0.72617	0.06265	0.04959
V800	0.10372	0.04952	0.5326	0.31416
V801	0.17416	0.14377	0.34825	0.33383
V802	0.08266	0.10413	0.30388	0.50933
V803	0.22882	0.48768	0.2835	0
V804	0.52868	0.02578	0.39552	0.05002
V805	0.04838	0.03398	0.91764	0
V806	0.08027	0.84248	0.05209	0.02516
V807	0.30773	0.16713	0.05241	0.47274
V808	0.65462	0.26173	0.06348	0.02017
V809	0.06029	0.08319	0.85653	0
V810	0.0509	0.91264	0.02827	0.00819
V811	0.44584	0.08387	0.22361	0.24669
V812	0.5494	0.26246	0.06851	0.11963
V813	0.5874	0.20037	0.20889	0.00335
V814	0.43544	0.4932	0.07135	0
V815	0.01725	0.85869	0.12406	0
V816	0.9206	0	0.0794	0
V817	0.05227	0.12106	0.82399	0.00267
V818	0.05546	0.08076	0.08107	0.78271
V819	0.81124	0.08088	0.06833	0.03955
V820	0.20083	0.1152	0.04176	0.64221
V821	0.23553	0.32538	0.39562	0.04347
V822	0.09197	0.06729	0.82754	0.0132
V823	0.04401	0.22677	0.66131	0.06792
V824	0.09901	0.3736	0.52738	0
V825	0.24448	0.30192	0.2726	0.181
V826	0.4303	0.39188	0.17782	0
V827	0.39375	0.56051	0.03734	0.0084
V828	0.26667	0.18091	0.13493	0.41748
V829	0.09007	0.26308	0.06359	0.58326
V830	0.27014	0.2417	0.04263	0.44553
V831	0.76367	0.08859	0.04721	0.10053
V832	0.2864	0.39507	0.19319	0.12535
V833	0.17334	0.49231	0.20911	0.12523
V834	0.34169	0.08251	0.10452	0.47128
V835	0.36911	0.43264	0.14439	0.05386
V836	0.0405	0.66505	0.03521	0.25924
V837	0.24349	0.3803	0.2146	0.16162
V838	0.90761	0.04206	0.05034	0
V839	0.30845	0.56283	0.12872	0
V840	0.30338	0.6621	0.03452	0
V841	0.00721	0.09386	0.85123	0.0477
V842	0.37004	0.18263	0.27529	0.17205
V843	0.03914	0.06887	0.83464	0.05734
V844	0.15114	0.11419	0.40035	0.33433
V845	0.09039	0.14837	0.7162	0.04505
V846	0.00179	0.05602	0.76625	0.17595
V847	0.06267	0.00235	0.11013	0.82484
V848	0.11775	0.49982	0.20194	0.1805
V849	0.01289	0.90241	0.0514	0.03331
V850	0.93213	0	0.03491	0.03296
V851	0.33567	0.49316	0.17117	0
V852	0.17029	0.06317	0.16347	0.60307
V853	0.25978	0.24498	0.4058	0.08944
V854	0.58973	0.17431	0.12419	0.11177
V855	0.06267	0.00235	0.11013	0.82484
V856	0.07121	0.36744	0.37186	0.18949
V857	0.6694	0.1772	0.04791	0.10549
V858	0.55016	0.02197	0.42787	0
V859	0.65499	0.2347	0.03076	0.07956
V860	0.24526	0.12884	0.079	0.54691
V861	0.10687	0.36014	0.53298	0
V862	0.15643	0.1251	0.69302	0.02544
V863	0.2719	0.07791	0	0.65019
V864	0.14794	0.04891	0.08992	0.71323
V865	0.17012	0.01172	0.3018	0.51636
V866	0.71692	0.01992	0.26254	0.00062
V867	0.71092	0.02937	0.25971	0
V868	0.50901	0.27701	0.15696	0.05702
V869	0.05981	0.88986	0.04915	0.00119
V870	0.15041	0.35253	0.03895	0.4581
V871	0.01289	0.90241	0.0514	0.03331
V872	0.06048	0.03322	0.28604	0.62025
V873	0.8635	0.02719	0.07041	0.0389
V874	0.21036	0.72598	0.06366	0
V875	0.05485	0.21941	0.23501	0.49073
V876	0.17964	0.33956	0.41854	0.06226
V877	0.07176	0.40731	0.32221	0.19871
V878	0.14973	0.74841	0.10186	0
V879	0.2149	0.65012	0.07791	0.05707
V880	0.33033	0.53008	0.02283	0.11675
V881	0.17257	0.07362	0.59886	0.15495
V882	0.79207	0	0.13882	0.0691
V883	0.28122	0.2114	0.50739	0
V884	0.07331	0.30221	0.00137	0.62312
V885	0.69579	0.20044	0.10376	0
V886	0.03541	0.38044	0.47606	0.10809
V887	0.63233	0.06783	0.17784	0.12199
V888	0.12507	0.08611	0.72009	0.06873
V889	0.88826	0.04682	0.03809	0.02683
V890	0.05643	0.18315	0.61439	0.14602
V891	0.61741	0.05922	0.29643	0.02694
V892	0.32929	0.19613	0.02063	0.45395
V893	0.5695	0.21723	0.17261	0.04066
V894	0.09084	0.32981	0.56884	0.0105
V895	0.59121	0.07107	0.21623	0.12149
V896	0.07305	0.86977	0.04293	0.01425
V897	0.68827	0.24979	0.01493	0.04701
V898	0.51791	0	0.00738	0.47471
V899	0.07098	0.21629	0.17478	0.53795
V900	0.10537	0.31525	0.38045	0.19893
V901	0.06705	0.79634	0.03815	0.09846
V902	0.07874	0.83013	0.09113	0
V903	0.02372	0.42958	0.52766	0.01903
V904	0.06132	0.90739	0.02789	0.0034
V905	0.21297	0	0.20909	0.57793
V906	0.43278	0.09971	0.12845	0.33906
V907	0.44052	0.4858	0.04224	0.03143
V908	0.07794	0.06886	0.11195	0.74125
V909	0.16298	0.76659	0.02053	0.0499
V910	0.23033	0	0.1515	0.61817
V911	0.51795	0.37742	0.05602	0.04861
V912	0.39856	0.32596	0.14954	0.12595
V913	0.20686	0	0.03599	0.75715
V914	0.20254	0.47953	0.3117	0.00624
V915	0.29702	0	0.02343	0.67955
V916	0.2644	0.08733	0.62452	0.02375
V917	0.70481	0.02745	0.18568	0.08207
V918	0.06962	0.60318	0.26311	0.06409
V919	0.22319	0.25401	0.31372	0.20908
V920	0.60434	0.20247	0.11559	0.0776
V921	0.08966	0.18081	0.05919	0.67035
V922	0.12438	0.45863	0.40042	0.01656
V923	0.16393	0.02519	0.08618	0.72471
V924	0.06175	0.63535	0.29929	0.00361
V925	0.25106	0.04139	0.0353	0.67225
V926	0.26983	0.02357	0.05914	0.64745
V927	0.10055	0.05869	0.09508	0.74568
V928	0.07968	0.83495	0.03995	0.04542
V929	0.0828	0.61558	0.16708	0.13455
V930	0.5111	0.36046	0.05378	0.07466
V931	0.15681	0.29452	0.5035	0.04518
V932	0.05794	0.15163	0.60796	0.18247
V933	0.59538	0.37095	0.03367	0
V934	0.04026	0.18071	0.30687	0.47215
V935	0.55008	0.17317	0.22749	0.04926
V936	0.53449	0.27204	0.02975	0.16372
V937	0.55108	0.13545	0.10434	0.20913
V938	0.39739	0.05912	0.32404	0.21945
V939	0.75395	0.01211	0.09339	0.14055
V940	0.05184	0.74098	0.18947	0.01772
V941	0.01137	0.04517	0.92002	0.02344
V942	0.72166	0.18656	0.08902	0.00276
V943	0.39874	0.15103	0.42139	0.02884
V944	0.05855	0.2878	0.0961	0.55755
V945	0.56181	0.34466	0.02599	0.06754
V946	0.45351	0.26797	0.27097	0.00755
V947	0.13619	0.06757	0.26135	0.53488
V948	0.348	0.05583	0.5952	0.00097
V949	0.02733	0.13905	0.24106	0.59255
V950	0.0818	0.52235	0.24317	0.15268
V951	0.81315	0.01625	0.17059	0
V952	0.11165	0.15502	0.29202	0.44131
V953	0.03895	0.1009	0.83429	0.02585
V954	0.08316	0.20465	0.17481	0.53738
V955	0.15596	0.58248	0.05414	0.20742
V956	0.07116	0.05247	0.53353	0.34284
V957	0.39886	0.01386	0	0.58729
V958	0.15674	0	0.00826	0.835
V959	0.24614	0.27688	0.43272	0.04425
V960	0.27071	0.28494	0.10272	0.34162
V961	0.15801	0.38887	0.36351	0.08961
V962	0.36815	0.19006	0.39661	0.04518
V963	0.58253	0.17802	0.18074	0.05871
V964	0.81815	0.02909	0.12065	0.03211
V965	0.08433	0.4943	0.22278	0.19858
V966	0.92598	0.01912	0.0226	0.0323
V967	0.09047	0.07294	0.54231	0.29428
V968	0.00408	0.19438	0.75274	0.0488
V969	0.04946	0.30793	0.06619	0.57642
V970	0.06653	0.15263	0.44596	0.33488
V971	0.49854	0.1026	0.3416	0.05726
V972	0.5189	0.20591	0.06687	0.20832
V973	0.29272	0.41373	0.10452	0.18903
V974	0.02888	0.74071	0.1719	0.0585
V975	0.11445	0.30206	0.58349	0
V976	0.44727	0.25205	0.13783	0.16284
V977	0.31881	0.346	0.33518	0
V978	0.13238	0.10765	0.09925	0.66072
V979	0.78625	0.0173	0.19646	0
V980	0.96342	0	0	0.03658
V981	0.35596	0.04827	0.44102	0.15476
V982	0.44611	0.38606	0.10377	0.06406
V983	0.71859	0.05939	0.005	0.21702
V984	0.04309	0.78164	0.15431	0.02095
V985	0.1357	0.20963	0.02045	0.63422
V986	0.33849	0.50128	0.07882	0.0814
V987	0.26482	0.71023	0.02325	0.0017
V988	0.28427	0.01381	0.03809	0.66384
V989	0.44584	0.44729	0.10688	0
V990	0.00299	0.09632	0.78666	0.11403
V991	0.65076	0.34831	0.00093	0
V992	0.23282	0.02576	0.53089	0.21053
V993	0.09357	0.67718	0.20628	0.02296
V994	0.20869	0.72643	0.06488	0
V995	0.72963	0.10803	0.04651	0.11583
V996	0.32421	0.13607	0.02137	0.51835
V997	0.03937	0.05512	0.8117	0.0938
V998	0.85315	0.00675	0.08704	0.05307
V999	0.14813	0.82653	0.02534	0
V1000	0.37815	0.02468	0	0.59717
