cytotoxic.CD56.dim.NK.cell	memory.CD4.pos.AB.T.cell	memory.B.cell	CD14.pos.CD16.neg.classical.monocyte
V1	0.59519	0.00979	0.15623	0.23878
V2	0.16382	0.08074	0.05477	0.70067
V3	0.05382	0.65202	0.01309	0.28107
V4	0.86968	0.11319	0	0.01713
V5	0.11338	0.49058	0.24848	0.14756
V6	0.07415	0.88993	0.01776	0.01815
V7	0.15482	0.36577	0.0814	0.39802
V8	0.13911	0.03786	0.79441	0.02863
V9	0.25917	0.23027	0.03716	0.4734
V10	0.02057	0.04505	0.88848	0.04589
V11	0.22331	0.35874	0.41224	0.0057
V12	0.02535	0.61006	0.35229	0.0123
V13	0.27092	0.70687	0.00448	0.01773
V14	0.06741	0.92088	0.00605	0.00566
V15	0.12258	0.62345	0.11166	0.1423
V16	0.91795	0.04422	0.0147	0.02313
V17	0.08463	0.886	0.01125	0.01812
V18	0.59678	0.33655	0.03565	0.03103
V19	0.15975	0.82389	0.00494	0.01142
V20	0.17518	0.47449	0.0197	0.33063
V21	0.14005	0.06241	0.7689	0.02864
V22	0.01788	0.08462	0.22209	0.67541
V23	0.40828	0.04842	0.53718	0.00612
V24	0.92868	0.0431	0.02764	0.00057
V25	0.37859	0.22252	0.12284	0.27604
V26	0.42007	0.38366	0.01655	0.17973
V27	0.10866	0.05356	0.02743	0.81035
V28	0.00445	0.09379	0.89921	0.00256
V29	0.47132	0.03243	0.4704	0.02585
V30	0.10556	0.20408	0.28847	0.40188
V31	0.22261	0.1768	0.3021	0.2985
V32	0.08751	0.0273	0.04069	0.8445
V33	0.04398	0.51577	0.35164	0.08861
V34	0.13932	0.04832	0.78374	0.02862
V35	0.16378	0.74024	0.07078	0.0252
V36	0.00789	0.03637	0.506	0.44974
V37	0.59319	0.05767	0.08735	0.26178
V38	0.46629	0.00587	0.16655	0.36129
V39	0.17179	0.5849	0.12037	0.12294
V40	0.09814	0.83364	0.06789	0.00033
V41	0.0061	0.71	0.04267	0.24122
V42	0.24643	0.02361	0.21489	0.51507
V43	0.13913	0.34049	0.49282	0.02756
V44	0.01599	0.06972	0.75993	0.15436
V45	0.09886	0.61468	0.20884	0.07763
V46	0.81809	0.07244	0.10437	0.00511
V47	0.48909	0.1735	0.29614	0.04127
V48	0.81417	0.16551	0.00339	0.01692
V49	0.75723	0.17694	0	0.06583
V50	0.06546	0.85639	0.0729	0.00525
V51	0.33303	0.40056	0.2406	0.02582
V52	0.02796	0.11341	0.82915	0.02949
V53	0.74491	0.12196	0.13266	0.00047
V54	0.45798	0.17959	0.34408	0.01836
V55	0.23687	0.1123	0.24709	0.40373
V56	0.04927	0.01589	0.10286	0.83199
V57	0.09572	0.87463	0.0182	0.01144
V58	0.68343	0.0086	0.03803	0.26995
V59	0.46182	0.40396	0.09431	0.03991
V60	0.14403	0.13604	0.34191	0.37802
V61	0.83302	0.09336	0.00841	0.06522
V62	0.89348	0.03911	0.05664	0.01077
V63	0.01536	0.85979	0.10646	0.01839
V64	0.00719	0.88101	0.00098	0.11082
V65	0.01723	0.00876	0.12458	0.84943
V66	0.22028	0.70816	0.01625	0.05532
V67	0.1637	0.33069	0.49313	0.01247
V68	0.17447	0.14131	0.02665	0.65757
V69	0.02534	0.3119	0.61807	0.0447
V70	0.59238	0.133	0.16664	0.10798
V71	0.18039	0.05889	0.39178	0.36894
V72	0.62452	0.13973	0.08561	0.15014
V73	0.15738	0.63911	0.12762	0.07588
V74	0.06258	0.23323	0.70272	0.00147
V75	0.74424	0.00979	0.17121	0.07477
V76	0.00066	0.17098	0.19673	0.63163
V77	0.03922	0.30971	0.01294	0.63812
V78	0.34226	0.09879	0.18681	0.37214
V79	0.00827	0.09688	0.81483	0.08002
V80	0.37986	0.02447	0.52105	0.07462
V81	0.06138	0.16727	0.76426	0.00708
V82	0.00293	0.09392	0.89409	0.00905
V83	0.1482	0.17104	0.07799	0.60277
V84	0.43878	0.03624	0.15981	0.36517
V85	0.11556	0.31186	0.41178	0.16081
V86	0.04949	0.06082	0.85237	0.03732
V87	0.03238	0.86452	0.04714	0.05596
V88	0.18331	0.04859	0.2831	0.485
V89	0.02104	0.01568	0.2294	0.73389
V90	0.02511	0.91476	0.04849	0.01164
V91	0.03335	0.76883	0.17194	0.02587
V92	0.49554	0.02277	0.36528	0.11642
V93	0.90201	0.02123	0	0.07676
V94	0.0159	0.47672	0.02409	0.48329
V95	0.27815	0.43907	0.14879	0.13399
V96	0.07926	0.10096	0.03384	0.78593
V97	0.71223	0.09928	0.18333	0.00516
V98	0.6948	0.29418	0	0.01102
V99	0.81683	0.04952	0.12846	0.00518
V100	0.08396	0.04887	0.84531	0.02187
V101	0.03037	0.05985	0.01409	0.89569
V102	0.92775	0.0574	0.00376	0.0111
V103	0.01242	0.04933	0.11271	0.82554
V104	0.02812	0.95931	0.00673	0.00584
V105	0.05656	0.92495	0.01288	0.00561
V106	0.12436	0.5305	0.31044	0.0347
V107	0.20251	0.19077	0.56269	0.04403
V108	0.15248	0.76405	0.08313	0.00034
V109	0.0151	0.14772	0.61727	0.21991
V110	0.05365	0.89581	0.03235	0.01819
V111	0.92025	0.01528	0.05902	0.00545
V112	0.14117	0.05209	0.45029	0.35644
V113	0.2107	0.09318	0.18551	0.5106
V114	0.27482	0.0398	0.08547	0.59991
V115	0.00771	0.77912	0.20752	0.00566
V116	0.15369	0.3096	0.37616	0.16055
V117	0.70151	0.24001	0.02788	0.03059
V118	0.17053	0.60149	0.03259	0.19539
V119	0.12779	0.07365	0.05732	0.74123
V120	0.08434	0.07894	0.82239	0.01432
V121	0.64661	0.11109	0.08491	0.1574
V122	0.95762	0.02081	0.01032	0.01124
V123	0.00653	0.54567	0.0464	0.4014
V124	0.67577	0.2798	0	0.04444
V125	0.41151	0.4129	0.1577	0.0179
V126	0.04154	0.15285	0.05876	0.74686
V127	0.18345	0.04021	0.27228	0.50406
V128	0.03629	0.01603	0.13273	0.81495
V129	0.61605	0.21633	0.14316	0.02446
V130	0.00763	0.68135	0.30516	0.00586
V131	0.02446	0.91263	0.00075	0.06217
V132	0.94314	0.01775	0.02208	0.01704
V133	0.92101	0.02527	0.04284	0.01088
V134	0.11578	0.40493	0.12953	0.34977
V135	0.08758	0.01925	0.20028	0.6929
V136	0.26268	0.40909	0.0123	0.31592
V137	0.69078	0.03458	0.22107	0.05357
V138	0.23041	0.40925	0.17405	0.18628
V139	0.39372	0.19022	0.19186	0.2242
V140	0.03342	0.0938	0.06426	0.80852
V141	0.06809	0.14464	0.56462	0.22264
V142	0.79835	0.02136	0.17957	0.00072
V143	0.47378	0.24913	0.06373	0.21337
V144	0.186	0.14422	0.17533	0.49445
V145	0.00099	0.78648	0.20675	0.00578
V146	0.06787	0.01874	0.0455	0.86789
V147	0.92755	0.02836	0.01466	0.02943
V148	0.13982	0.06766	0.5967	0.19583
V149	0.27624	0.52077	0.19774	0.00526
V150	0.0912	0.23733	0.59972	0.07176
V151	0.21472	0.64586	0.03093	0.10849
V152	0.2512	0.45379	0.20836	0.08664
V153	0.10631	0.77876	0.01723	0.09769
V154	0.25851	0.46219	0.25317	0.02613
V155	0.51977	0.12897	0.26802	0.08324
V156	0.03536	0.13354	0.71264	0.11846
V157	0.33878	0.14286	0.31278	0.20559
V158	0.03059	0.00612	0.05564	0.90764
V159	0.89715	0.0667	0	0.03615
V160	0.73418	0.00993	0.05836	0.19753
V161	0.2403	0.01116	0.03912	0.70942
V162	0.07014	0.31369	0.08618	0.52998
V163	0.1012	0.51531	0.1653	0.21818
V164	0.37418	0.30283	0.10228	0.22072
V165	0.01066	0.29646	0.00768	0.6852
V166	0.01074	0.10625	0.08514	0.79788
V167	0.39256	0.00478	0.01269	0.58996
V168	0.29947	0.58139	0.07057	0.04857
V169	0.21384	0.05153	0.0451	0.68952
V170	0.11564	0.02578	0.54265	0.31593
V171	0.13988	0.23926	0.58472	0.03614
V172	0.73551	0.01866	0.24032	0.00551
V173	0.03079	0.15599	0.0508	0.76242
V174	0.01879	0.17464	0.08684	0.71973
V175	0.06837	0.03295	0.78505	0.11363
V176	0.00776	0.83519	0.15148	0.00557
V177	0.01022	0.97655	0.00079	0.01245
V178	0.00649	0.802	0.00689	0.18462
V179	0.17827	0.01573	0.39742	0.40858
V180	0.02869	0.90091	0.07005	0.00035
V181	0.17901	0.12229	0.55081	0.14789
V182	0.32904	0.17221	0.44702	0.05174
V183	0.18206	0.80737	0.00521	0.00535
V184	0.96347	0.02352	0.01228	0.00073
V185	0.57602	0.40906	0.00987	0.00505
V186	0.12561	0.50052	0.25674	0.11712
V187	0.94844	0.02211	0.02391	0.00554
V188	0.06358	0.25475	0.00703	0.67465
V189	0.84511	0.02309	0.01472	0.11708
V190	0.68154	0.02525	0.28762	0.00559
V191	0.20232	0.20267	0.55938	0.03563
V192	0.32315	0.47295	0.04696	0.15693
V193	0.64621	0.03264	0.21707	0.10408
V194	0.03518	0.94073	0.0057	0.01839
V195	0.01526	0.06541	0.91006	0.00926
V196	0.01674	0.09409	0.02489	0.86428
V197	0.45631	0.04449	0.02829	0.4709
V198	0.06599	0.5246	0.35731	0.05211
V199	0.18488	0.02468	0.18924	0.6012
V200	0.13438	0.59233	0.01884	0.25445
V201	0.0998	0.58295	0.18223	0.13503
V202	0.01704	0.03771	0.78517	0.16007
V203	0.17345	0.43922	0.3682	0.01914
V204	0.0071	0.5742	0.00954	0.40916
V205	0.02111	0.08019	0.88342	0.01528
V206	0.05204	0.11307	0.82727	0.00763
V207	0.14747	0.19421	0.05943	0.59889
V208	0.27078	0.07438	0.64194	0.01289
V209	0.32346	0.47395	0.06348	0.13912
V210	0.08471	0.79441	0.08013	0.04074
V211	0.46512	0.01518	0.03704	0.48267
V212	0.54067	0.04487	0.39621	0.01825
V213	0.68344	0.02898	0.10011	0.18747
V214	0.36791	0.1486	0.16364	0.31985
V215	0.32472	0.09256	0.02352	0.5592
V216	0.05287	0.00512	0.04542	0.89659
V217	0.04377	0.51781	0.22962	0.2088
V218	0.10222	0.46726	0.16767	0.26285
V219	0.10895	0.66797	0.012	0.21108
V220	0.00653	0.85843	0.00614	0.1289
V221	0.83808	0.01196	0.00437	0.14559
V222	0.34974	0.1238	0.36278	0.16367
V223	0.00778	0.14238	0.77848	0.07136
V224	0.95362	0.02191	0.02377	7e-04
V225	0.05529	0.89014	0.04922	0.00535
V226	0.33156	0.08759	0.56834	0.01251
V227	0.80649	0.01437	0.16818	0.01096
V228	0.8102	0.06009	0.05582	0.07389
V229	0.02165	0.05647	0.89898	0.0229
V230	0.02202	0.04331	0.04273	0.89195
V231	0.01594	0.29243	0.11821	0.57342
V232	0.04383	0.68996	0.0022	0.264
V233	0.61354	0.07809	0.18442	0.12395
V234	0.03497	0.92739	0.02599	0.01166
V235	0.40512	0.06367	0.50484	0.02637
V236	0.04715	0.0763	0.80567	0.07089
V237	0.18173	0.0125	0.04254	0.76323
V238	0.13569	0.57451	0.24716	0.04264
V239	0.06896	0.42823	0.02309	0.47972
V240	0.52427	0.04144	0.39383	0.04047
V241	0.01952	0.0421	0.87642	0.06197
V242	0.12997	0.77913	0.0796	0.0113
V243	0.26072	0.04851	0.62245	0.06832
V244	0.22085	0.02737	0.67565	0.07614
V245	0.62729	0.28408	0.04274	0.04589
V246	0.05946	0.15833	0.76102	0.02119
V247	0.17723	0.0551	0.76592	0.00175
V248	0.02844	0.04221	0.06492	0.86443
V249	0.00201	0.06472	0.87108	0.06218
V250	0.78314	0.01683	0.19464	0.00539
V251	0.93622	0.05395	0.00425	0.00558
V252	0.01007	0.8542	0.13525	0.00047
V253	0.40381	0.06109	0.16225	0.37285
V254	0.00868	0.94208	0.0436	0.00565
V255	0.04412	0.92303	0.00063	0.03222
V256	0.19158	0.20868	0.51949	0.08025
V257	0.46695	0.08856	0.22769	0.21681
V258	0.19291	0.26068	0.42715	0.11926
V259	0.03576	0.30118	0.62666	0.0364
V260	0.00183	0.30527	0.68578	0.00712
V261	0.6605	0.03074	0.18012	0.12865
V262	0.10805	0.06234	0.0269	0.80271
V263	0.01758	0.96309	0.00065	0.01868
V264	0.1785	0.03566	0.44508	0.34076
V265	0.0359	0.00806	0.16273	0.7933
V266	0.64106	0.3529	0.00566	0.00038
V267	0.00061	0.17593	0.30304	0.52043
V268	0.4237	0.02166	0.1417	0.41295
V269	0.00662	0.57972	0.3707	0.04295
V270	0.68229	0.02676	0.2217	0.06925
V271	0.83233	0.05982	0.02705	0.0808
V272	0.0521	0.84863	0.01123	0.08804
V273	0.06463	0.02885	0.05197	0.85456
V274	0.73711	0.00908	0.16305	0.09076
V275	0.00325	0.07155	0.91541	0.00979
V276	0.53327	0.32779	0.00936	0.12957
V277	0.03648	0.20926	0.17156	0.5827
V278	0.03735	0.05463	0.31556	0.59246
V279	0.73293	0.05173	0.09782	0.11751
V280	0.03059	0.00612	0.05564	0.90764
V281	0.58991	0.02798	0.13101	0.25109
V282	0.05834	0.0781	0.80986	0.0537
V283	0.21872	0.59644	0.05562	0.12922
V284	0.02619	0.91817	0.05015	0.00548
V285	0.07991	0.05465	0.86325	0.00219
V286	0.25713	0.55981	0.09892	0.08414
V287	0.09529	0.87547	0.01116	0.01808
V288	0.01467	0.27685	0.4423	0.26618
V289	0.30577	0.21238	0.41213	0.06971
V290	0.81664	0.17147	0.01143	0.00045
V291	0.51876	0.07043	0.39914	0.01166
V292	0.93963	0.0181	0	0.04227
V293	0.31467	0.03161	0.61909	0.03463
V294	0.09376	0.39146	0.00453	0.51025
V295	0.0165	0.17755	0.20531	0.60064
V296	0.18991	0.11835	0.61234	0.0794
V297	0.08429	0.00551	0.09074	0.81946
V298	0.3204	0.10485	0.56227	0.01249
V299	0.07226	0.29484	0.01881	0.61409
V300	0.00119	0.03856	0.25817	0.70208
V301	0.12723	0.10912	0.65546	0.10819
V302	0.65432	0.33463	0	0.01105
V303	0.00044	0.61979	0.35298	0.0268
V304	0.05703	0.03796	0.75228	0.15273
V305	0.12939	0.15079	0.47515	0.24467
V306	0.83553	0.08659	0.04117	0.03671
V307	0.01701	0.95811	0.01296	0.01193
V308	0.24901	0.22049	0.2986	0.2319
V309	0.35647	0.31154	0.02554	0.30645
V310	0.08075	0.32313	0.15392	0.44219
V311	0.51933	0.4712	0.00438	0.00509
V312	0.09705	0.76039	0.1242	0.01837
V313	0.00092	0.13293	0.03196	0.83419
V314	0.01461	0.50218	0.11034	0.37287
V315	0.12126	0.65102	0.03298	0.19474
V316	0.33579	0.12496	0.38449	0.15476
V317	0.08511	0.72839	0.04042	0.14608
V318	0.03415	0.58737	0.01451	0.36397
V319	0.06036	0.07583	0.83449	0.02933
V320	0.07938	0.1403	0.66143	0.11889
V321	0.63103	0.36296	0.00564	0.00037
V322	0.20725	0.32593	0.07149	0.39533
V323	0.05845	0.02462	0.10793	0.809
V324	0.68106	0.24372	0.05819	0.01704
V325	0.30982	0.63878	0.04638	0.00502
V326	2e-04	0.5908	0.08838	0.32063
V327	0.01851	0.14935	0.11652	0.71562
V328	0.04634	0.03838	0.75358	0.16169
V329	0.18635	0.10379	0.17664	0.53322
V330	0.41593	0.01383	0.32885	0.2414
V331	0.37588	0.07998	0.04553	0.4986
V332	0.0097	0.05071	0.20727	0.73232
V333	0.45472	0.06857	0.37493	0.10177
V334	0.37771	0.01457	0.35403	0.25369
V335	0.02418	0.34096	0.51571	0.11915
V336	0.17582	0.71814	0.01669	0.08936
V337	0.29639	0.40438	0.27314	0.02609
V338	9e-04	0.98455	0.0084	0.00616
V339	0.13132	0.04468	0.81617	0.00783
V340	0.05658	0.22183	0.54065	0.18094
V341	0.02662	0.03897	0.0838	0.85061
V342	0.25806	0.02257	0.59914	0.12022
V343	0.95784	0.03173	0.00467	0.00576
V344	0.68919	0.15064	0.15969	0.00048
V345	0.02039	0.08065	0.89662	0.00234
V346	0.24828	0.10222	0.29052	0.35899
V347	0.04611	0.01467	0.14876	0.79046
V348	0.05308	0.68543	0.13015	0.13133
V349	0.37239	0.15508	0.37628	0.09625
V350	0.02765	0.81906	0.15284	0.00046
V351	0.01712	0.03424	0.42179	0.52684
V352	0.04837	0.04164	0.83983	0.07016
V353	0.89717	0.02584	0.02727	0.04973
V354	0.04331	0.72057	0.20238	0.03374
V355	0.29392	0.06996	0.46314	0.17298
V356	0.03567	0.02663	0.12105	0.81664
V357	0.11651	0.33321	0.28155	0.26872
V358	0.58001	0.09359	0.04637	0.28004
V359	0.60771	0.04986	0.03146	0.31097
V360	0.55412	0.41939	0.01569	0.01081
V361	0.00121	0.47237	0.51991	0.0065
V362	0.00102	0.97754	0.01542	0.00601
V363	0.18048	0.10902	0.48018	0.23032
V364	0.16315	0.06658	0.68251	0.08777
V365	0.28764	0.02666	0.02027	0.66543
V366	0.07441	0.71258	0.07403	0.13897
V367	0.603	0.1295	0.0052	0.2623
V368	0.08495	0.75955	0.07262	0.08288
V369	0.0173	0.41959	0.55674	0.00638
V370	0.31326	0.27103	0.3891	0.02661
V371	0.1862	0.73467	0.02342	0.05571
V372	0.17432	0.04957	0.12934	0.64677
V373	0.07982	0.13138	0.49038	0.29842
V374	0.78312	0.02767	0.18855	0.00065
V375	0.04273	0.04009	0.16325	0.75394
V376	0.03477	0.0349	0.11889	0.81143
V377	0.81264	0.00643	0.01024	0.17068
V378	0.00807	0.0357	0.43202	0.5242
V379	0.35907	0.1913	0.01367	0.43596
V380	0.15934	0.0666	0.21079	0.56326
V381	0.76472	0.0163	0.08065	0.13833
V382	0.08654	0.06214	0.8434	0.00792
V383	0.85325	0.01184	0.04102	0.09389
V384	0.59527	0.0673	0.12193	0.2155
V385	0.87499	0.01978	0.06228	0.04295
V386	0.32255	0.01565	0.14883	0.51297
V387	0.62119	0.13389	0.17308	0.07185
V388	0.39668	0.32512	0.13693	0.14128
V389	0.42246	0.51367	0.00947	0.0544
V390	0.30811	0.25654	0.42966	0.0057
V391	0.44664	0.09758	0.02025	0.43553
V392	0.45549	0.20869	0.15661	0.17921
V393	0.29846	0.21959	0.34451	0.13744
V394	0.09516	0.2306	0.11677	0.55748
V395	0.23056	0.39825	0.19469	0.1765
V396	0.00852	0.96636	0.00653	0.01859
V397	0.80258	0.08022	0.08698	0.03022
V398	0.47855	0.12422	0.09154	0.30568
V399	0.19685	0.57046	0.13787	0.09482
V400	0.00029	0.61204	0.06134	0.32633
V401	0.0357	0.15875	0.73414	0.07142
V402	0.79015	0.17839	0.03105	0.00041
V403	0.02698	0.03	0.09535	0.84768
V404	0.09111	0.19277	0.62613	0.08999
V405	0.23519	0.03138	0.17486	0.55856
V406	0.6629	0.23723	0.01473	0.08514
V407	9e-04	0.98455	0.0084	0.00616
V408	0.0918	0.23968	0.41052	0.258
V409	0.00153	0.04145	0.05561	0.90141
V410	0.08459	0.87256	0.02478	0.01806
V411	0.47099	0.01269	0.00464	0.51168
V412	0.16634	0.07285	0.51082	0.24999
V413	0.05484	0.50565	0.17825	0.26125
V414	0.03344	0.52746	0.32216	0.11695
V415	0.47406	0.02886	0.22506	0.27202
V416	0.01634	0.11545	0.8661	0.0021
V417	0.37955	0.61068	0.0046	0.00517
V418	0.07379	0.09962	0.15461	0.67197
V419	0.02727	0.00732	0.0643	0.90111
V420	0.00043	0.90922	0.01206	0.07829
V421	0.16285	0.04839	0.6831	0.10566
V422	0.05237	0.07424	0.02191	0.85148
V423	0.08396	0.04887	0.84531	0.02187
V424	0.00113	0.05733	0.63903	0.3025
V425	0.05645	0.23689	0.60609	0.10057
V426	0.09223	0.05825	0.78777	0.06175
V427	0.06722	0.4082	0.19295	0.33162
V428	0.08444	0.79496	0.04725	0.07336
V429	0.02473	0.00773	0.07222	0.89531
V430	0.76953	0.15708	0.01433	0.05906
V431	0.19048	0.02871	0.46368	0.31712
V432	0.11417	0.09358	0.05695	0.7353
V433	0.05323	0.75983	0.00149	0.18545
V434	0.36329	0.07064	0.05431	0.51177
V435	0.54179	0.01422	0.11636	0.32764
V436	0.40982	0.01469	0.11498	0.46052
V437	0.24403	0.23284	0.00905	0.51408
V438	0.64177	0.14716	0.02947	0.1816
V439	0.03751	0.11471	0.0204	0.82738
V440	0.51584	0.03561	0.03456	0.41399
V441	0.06786	0.12552	0.61775	0.18887
V442	0.33482	0.34111	0.13103	0.19304
V443	0.77141	0.01096	0.08039	0.13724
V444	0.02039	0.08065	0.89662	0.00234
V445	0.63657	0.02703	0.31184	0.02456
V446	0.03229	0.85603	0.04733	0.06435
V447	0.6641	0.0865	0.16151	0.08788
V448	0.01855	0.066	0.21315	0.7023
V449	0.59226	0.04158	0.27755	0.08861
V450	0.14039	0.84518	0.01418	0.00025
V451	0.9258	0.05695	0	0.01725
V452	0.0395	0.01751	0.09629	0.8467
V453	0.83031	0.0698	0.05589	0.044
V454	0.00072	0.94475	0.04265	0.01188
V455	0.62861	0.03634	0.28058	0.05447
V456	0.34802	0.11475	0.38313	0.1541
V457	0.0013	0.06182	0.03786	0.89902
V458	0.28117	0.23001	0.00855	0.48028
V459	0.01422	0.82253	0.08138	0.08186
V460	0.94668	0.01948	0.02277	0.01107
V461	0.06793	0.04276	0.02375	0.86556
V462	0.3665	0.24588	0.0026	0.38503
V463	0.26267	0.48522	0.14741	0.1047
V464	0.5363	0.09563	0.00648	0.36159
V465	0.41688	0.42628	0.02285	0.13399
V466	0.61044	0.1777	0.00465	0.20721
V467	0.32161	0.57622	0.06974	0.03244
V468	0.51424	0.39541	0.04364	0.04671
V469	0.01562	0.17458	0.30331	0.50649
V470	0.58333	0.11434	0.1676	0.13474
V471	0.28697	0.10314	0.03991	0.56997
V472	0.33709	0.33374	0.00208	0.32709
V473	0.10039	0.56405	0.31646	0.01911
V474	0.12916	0.00549	0.12018	0.74517
V475	0.19149	0.40933	0.07843	0.32076
V476	0.17862	0.01983	0.06703	0.73451
V477	0.63106	0.03754	0.19198	0.13942
V478	0.13349	0.6102	0.00627	0.25004
V479	0.01667	0.0955	0.80772	0.08011
V480	0.08228	0.32498	0.04962	0.54312
V481	0.15222	0.04602	0.7877	0.01406
V482	0.71873	0.15296	0.09744	0.03087
V483	0.13649	0.10873	0.08147	0.67331
V484	0.02632	0.0834	0.0411	0.84918
V485	0.11775	0.75624	0.01095	0.11507
V486	0.28756	0.26213	0.12634	0.32397
V487	0.07836	0.04817	0.10073	0.77274
V488	0.00359	0.04279	0.85819	0.09543
V489	0.22498	0.11079	0.65127	0.01296
V490	0.35999	0.31269	0.06632	0.26099
V491	0.45387	0.46202	0.02929	0.05482
V492	0.02555	0.85297	0.11606	0.00542
V493	0.04777	0.00548	0.0163	0.93046
V494	0.2051	0.15273	0.52369	0.11848
V495	0.22633	0.6325	0.12304	0.01813
V496	0.2725	0.68833	7e-05	0.03911
V497	0.01696	0.05432	0.91908	0.00963
V498	0.33847	0.09986	0.05468	0.507
V499	0.62431	0.26241	0.10829	0.00498
V500	0.10406	0.12995	0.72942	0.03658
V501	0.0028	0.01262	0.08432	0.90025
V502	0.56976	0.27045	0.13525	0.02454
V503	0.2107	0.09334	0.20694	0.48901
V504	0.2309	0.70391	0.01009	0.0551
V505	0.21007	0.21004	0.25829	0.32161
V506	0.09126	0.25281	0.4636	0.19233
V507	0.64731	0.0934	0.11042	0.14888
V508	0.76917	0.15914	0.03443	0.03726
V509	0.24257	0.06391	0.50959	0.18394
V510	0.22984	0.52672	0.23808	0.00536
V511	0.0456	0.44197	0.04771	0.46472
V512	0.26252	0.04807	0.08582	0.6036
V513	0.07573	0.66908	0.19599	0.0592
V514	0.02076	0.09259	0.0134	0.87326
V515	0.7943	0.05822	0.04163	0.10585
V516	0.89702	0.09734	0	0.00564
V517	0.03914	0.03088	0.2743	0.65568
V518	0.94389	0.05026	0	0.00585
V519	0.02339	0.88414	0.00561	0.08686
V520	0.02646	0.02235	0.63213	0.31906
V521	0.58868	0.0489	0.3375	0.02492
V522	0.00674	0.12648	0.59599	0.27079
V523	0.37831	0.12013	0.25654	0.24501
V524	0.00654	0.79647	0.17121	0.02578
V525	0.2718	0.20744	0.02954	0.49121
V526	0.6772	0.0747	0.0675	0.1806
V527	0.21718	0.02724	0.40715	0.34843
V528	0.09462	0.8655	0.00045	0.03943
V529	0.06143	0.06218	0.23989	0.63649
V530	0.00704	0.20971	0.68391	0.09934
V531	0.0189	0.8787	0.10203	0.00037
V532	0.18014	0.33816	0.02935	0.45235
V533	0.29653	0.35645	0.13268	0.21433
V534	0.00829	0.0336	0.72079	0.23732
V535	0.58232	0.00449	0.01412	0.39908
V536	0.2023	0.01137	0.38172	0.4046
V537	0.60413	0.25105	0.13396	0.01086
V538	0.48817	0.05126	0.08403	0.37654
V539	0.27815	0.43907	0.14879	0.13399
V540	0.19906	0.70596	0.06239	0.03259
V541	0.01496	0.53632	0.06316	0.38557
V542	0.21061	0.12295	0.26008	0.40635
V543	0.8925	0.01367	0.00915	0.08468
V544	0.10943	0.08645	0.18278	0.62134
V545	0.39166	0.13681	0.06931	0.40223
V546	0.0452	0.89225	0.0572	0.00535
V547	0.03478	0.66399	0.2892	0.01203
V548	0.15254	0.77056	0.07175	0.00515
V549	0.33959	0.04785	0.5999	0.01265
V550	0.61539	0.0305	0.00218	0.35193
V551	0.17445	0.74707	0.03067	0.0478
V552	0.00039	0.56337	0.01017	0.42607
V553	0.23878	0.15358	0.58789	0.01975
V554	0.05799	0.0951	0.03598	0.81093
V555	0.09265	0.2272	0.34376	0.3364
V556	0.0025	0.06651	0.90027	0.03072
V557	0.83582	0.03017	0.00902	0.12499
V558	0.06247	0.80608	0.02467	0.10678
V559	0.00995	0.81917	0.17039	5e-04
V560	0.67625	0.3184	0	0.00536
V561	0.00325	0.07155	0.91541	0.00979
V562	0.80392	0.01291	0.10207	0.0811
V563	0.25644	0.03707	0.69947	0.00702
V564	0.06145	0.09784	0.82635	0.01437
V565	0.12971	0.26182	0.38378	0.22469
V566	0.72249	0.09198	0.00421	0.18132
V567	0.22522	0.46007	0.02597	0.28875
V568	0.26284	0.01019	0.06234	0.66463
V569	0.70526	0.03025	0.00121	0.26328
V570	0.02501	0.29859	0.61394	0.06246
V571	0.82707	0.12258	0	0.05034
V572	0.46607	0.02034	0.42365	0.08994
V573	0.06497	0.18921	0.01518	0.73064
V574	0.03405	0.80261	0.1517	0.01164
V575	0.01969	0.08842	0.1419	0.74999
V576	0.1499	0.80715	0.03171	0.01125
V577	0.03943	0.04695	0.23272	0.68091
V578	0.05644	0.07323	0.69496	0.17537
V579	0.00712	0.89361	0.08088	0.01839
V580	0.16376	0.01081	0.12424	0.70119
V581	0.07392	0.09226	0.01095	0.82287
V582	0.60985	0.1387	0.03008	0.22138
V583	0.00747	0.0538	0.61213	0.3266
V584	0.54537	0.15141	0.27059	0.03262
V585	0.00852	0.02369	0.4717	0.4961
V586	0.24674	0.02907	0.63928	0.08491
V587	0.27949	0.03455	0.65859	0.02737
V588	0.65801	0.04203	0.02372	0.27624
V589	0.05208	0.83627	0.05538	0.05626
V590	0.04537	0.77901	0.17022	0.00541
V591	0.00119	0.04559	0.22901	0.72422
V592	0.16637	0.06859	0.76338	0.00166
V593	0.6126	0.0069	0.17291	0.20759
V594	0.35257	0.28844	0.3166	0.04239
V595	0.03505	0.0386	0.03946	0.8869
V596	0.03495	0.28886	0.23134	0.44485
V597	0.00035	0.60083	0.32169	0.07713
V598	0.01931	0.14028	0.82591	0.0145
V599	0.63346	0.31455	0.02818	0.02381
V600	0.36874	0.47696	0.04585	0.10845
V601	0.17041	0.28121	0.08282	0.46555
V602	0.0375	0.04246	0.02956	0.89048
V603	0.00806	0.39935	0.01918	0.57341
V604	0.54188	0.11568	0.31722	0.02523
V605	0.06725	0.33686	0.40372	0.19216
V606	0.74635	0.14642	0.00864	0.09859
V607	0.68066	0.01474	0.10025	0.20435
V608	0.23436	0.15716	0.388	0.22047
V609	0.02506	0.2423	0.24517	0.48747
V610	0.7916	0.02343	0.07954	0.10543
V611	0.31182	0.00938	0.06008	0.61872
V612	0.02657	0.10518	0.80581	0.06244
V613	0.03543	0.34577	0.58259	0.0362
V614	0.78538	0.05837	0.04172	0.11453
V615	0.14555	0.05993	0.01699	0.77753
V616	0.07411	0.73028	0.04066	0.15495
V617	0.4878	0.17005	0.34142	0.00073
V618	0.74808	0.01177	0.00099	0.23915
V619	0.40876	0.03272	0.31247	0.24605
V620	0.00763	0.68135	0.30516	0.00586
V621	0.45677	0.14618	0.16732	0.22973
V622	0.37589	0.2233	0.37454	0.02626
V623	0.0196	0.07737	0.16271	0.74032
V624	0.78842	0.1945	0	0.01708
V625	0.27379	0.50385	0.09093	0.13144
V626	0.95132	0.03721	0	0.01147
V627	0.00142	0.03758	0.10326	0.85775
V628	0.00078	0.25308	0.02416	0.72198
V629	0.12974	0.29652	0.28234	0.2914
V630	0.03524	0.34477	0.57554	0.04444
V631	0.01757	0.2049	0.11328	0.66425
V632	0.61382	0.00534	0.12851	0.25233
V633	0.00163	0.0575	0.82694	0.11393
V634	0.41474	0.26804	0.31181	0.0054
V635	0.0235	0.78395	0.00647	0.18608
V636	0.12739	0.10815	0.64634	0.11811
V637	0.32811	0.19271	0.08841	0.39078
V638	0.40079	0.25356	0.06616	0.27949
V639	0.27623	0.43864	0.28452	0.00062
V640	0.0365	0.16384	0.7544	0.04525
V641	0.89663	0.04008	0.02046	0.04284
V642	0.77464	0.16738	0	0.05799
V643	0.00632	0.18696	0.46762	0.33911
V644	0.90394	0.08129	0.00373	0.01104
V645	0.27106	0.41789	0.29239	0.01866
V646	0.01012	0.9763	0.00758	0.00599
V647	0.15153	0.09601	0.69945	0.053
V648	0.42301	0.43125	0.12078	0.02495
V649	0.02733	0.08129	0.83729	0.05409
V650	0.05767	0.10132	0.77876	0.06226
V651	0.32261	0.03377	0.63693	0.00669
V652	0.09211	0.08972	0.45658	0.36159
V653	0.1205	0.68578	0.0914	0.10232
V654	0.71614	0.18857	0.04973	0.04556
V655	0.03393	0.5995	0.02129	0.34528
V656	0.21865	0.27864	0.01504	0.48766
V657	0.02905	0.08961	0.02332	0.85803
V658	0.62881	0.19759	0.05154	0.12207
V659	0.34946	0.08409	0.3639	0.20255
V660	0.02689	0.95387	0.00065	0.01859
V661	0.05642	0.44202	0.05566	0.44589
V662	0.43232	0.0263	0.44986	0.09152
V663	0.25277	0.07647	0.56445	0.10631
V664	0.21247	0.07758	0.66621	0.04374
V665	0.7119	0.17633	0.03478	0.077
V666	0.61281	0.00484	0.09462	0.28773
V667	0.77154	0.07932	0.14861	0.00053
V668	0.11944	0.80465	0.07558	0.00033
V669	0.24047	0.42042	0.24185	0.09726
V670	0.07549	0.90572	0.00049	0.0183
V671	0.38309	0.28304	0.24767	0.0862
V672	0.02026	0.06078	0.88874	0.03022
V673	0.24361	0.37355	0.22579	0.15705
V674	0.74189	0.13615	0.01464	0.10732
V675	0.14124	0.33346	0.32293	0.20237
V676	0.02928	0.11605	0.11802	0.73664
V677	0.40007	0.40088	0.08857	0.11048
V678	0.51221	0.47268	0.01009	0.00503
V679	0.04717	0.32912	0.6106	0.01311
V680	0.31136	0.5479	0.12265	0.01808
V681	0.90097	0.06706	0.00873	0.02324
V682	0.11469	0.30735	0.54197	0.036
V683	0.01325	0.96539	0.02102	0.00034
V684	0.72172	0.15089	0.08161	0.04578
V685	0.51297	0.33651	0.11077	0.03974
V686	0.09557	0.18308	0.15977	0.56158
V687	0.03762	0.02606	0.04272	0.8936
V688	0.37887	0.50799	2e-04	0.11294
V689	0.27521	0.00408	0.05423	0.66647
V690	0.49358	0.04724	0.40247	0.05671
V691	0.16538	0.04254	0.78454	0.00753
V692	0.07989	0.14597	0.71182	0.06232
V693	0.24651	0.10531	0.37628	0.27191
V694	0.00871	0.03487	0.31966	0.63676
V695	0.25902	0.01007	0.1638	0.5671
V696	0.081	0.093	0.02599	0.80002
V697	0.01908	0.07805	0.02673	0.87613
V698	0.84021	0.01154	0.00966	0.13858
V699	0.58577	0.27492	0.05939	0.07992
V700	0.25333	0.02928	0.01477	0.70262
V701	0.11239	0.54613	0.10571	0.23578
V702	0.57216	0.07643	0.01186	0.33955
V703	0.14061	0.0543	0.50322	0.30188
V704	0.84007	0.04414	0.02065	0.09513
V705	0.95453	0.01243	0.0098	0.02324
V706	0.08007	0.06472	0.77561	0.0796
V707	0.03477	0.44848	0.4811	0.03565
V708	0.0325	0.8865	0.01775	0.06325
V709	0.14016	0.2684	0.51981	0.07163
V710	0.62825	0.19736	0.04404	0.13035
V711	0.08499	0.8101	0.07956	0.02535
V712	0.83364	0.05294	0.00358	0.10985
V713	0.45541	0.29275	0.03123	0.22061
V714	0.00632	0.69612	0.02032	0.27724
V715	0.31553	0.33514	0.28952	0.05981
V716	0.03856	0.04953	0.06101	0.8509
V717	0.07652	0.91109	0.00049	0.0119
V718	0.14807	0.57733	0.16907	0.10553
V719	0.05282	0.73091	0.03342	0.18284
V720	0.72092	0.01119	0.20799	0.0599
V721	0.12928	0.16176	0.48538	0.22357
V722	0.09365	0.35875	0.01679	0.53081
V723	0.11889	0.09043	0.01669	0.77398
V724	0.61078	0.02715	0.07847	0.2836
V725	0.00193	0.12072	0.84748	0.02986
V726	0.03475	0.39683	0.12283	0.4456
V727	0.26699	0.64895	0.07898	0.00508
V728	0.02575	0.8868	0.08202	0.00542
V729	0.43492	0.01513	0.16011	0.38985
V730	0.90666	0.03611	0.03423	0.023
V731	0.02444	0.19615	0.41322	0.36619
V732	0.37448	0.0746	0.34991	0.20101
V733	0.66814	0.17532	0.02841	0.12813
V734	0.24857	0.31447	0.43123	0.00573
V735	0.01655	0.03524	0.50654	0.44167
V736	0.16302	0.01508	0.01964	0.80226
V737	0.34903	0.28427	0.23158	0.13513
V738	0.07869	0.33791	0.45403	0.12937
V739	0.00116	0.03197	0.62084	0.34603
V740	0.84739	0.0848	0.05715	0.01067
V741	0.51538	0.09508	0.11747	0.27207
V742	0.39808	0.58959	0.01203	0.00031
V743	0.14043	0.15139	0.68768	0.0205
V744	0.5485	0.0422	0.31065	0.09864
V745	0.01411	0.71565	0.16751	0.10273
V746	0.97418	0.01955	0	0.00626
V747	0.0569	0.02667	0.71759	0.19883
V748	0.1279	0.10488	0.60003	0.16719
V749	0.2993	0.17312	0.05424	0.47334
V750	0.42243	0.45556	0.01579	0.10623
V751	0.04193	0.87841	0.03194	0.04772
V752	0.49066	0.21646	0.12597	0.16692
V753	0.03548	0.04739	0.01454	0.90259
V754	0.00791	0.93706	0.00079	0.05424
V755	0.15625	0.19091	0.35134	0.30149
V756	0.03185	0.02162	0.07089	0.87564
V757	0.34118	0.58078	0.05324	0.0248
V758	0.04233	0.78401	0.10762	0.06604
V759	0.12991	0.06087	0.41939	0.38984
V760	0.31206	0.05503	0.28332	0.34959
V761	0.0651	0.59449	0.26228	0.07812
V762	0.00056	0.41131	0.01952	0.56861
V763	0.40205	0.35223	0.02414	0.22159
V764	0.0072	0.93237	0.00603	0.0544
V765	0.68949	0.08505	0.00085	0.22461
V766	0.01456	0.32565	0.44776	0.21203
V767	0.5131	0.11729	0.23201	0.1376
V768	0.05384	0.90987	0.01814	0.01816
V769	0.13902	0.82495	0.02475	0.01128
V770	0.01012	0.9763	0.00758	0.00599
V771	0.17598	0.04451	0.76571	0.01381
V772	0.14193	0.07056	0.78026	0.00725
V773	0.15975	0.82389	0.00494	0.01142
V774	0.02177	0.04773	0.90004	0.03046
V775	0.11983	0.04263	0.29932	0.53822
V776	0.44134	0.41473	0.04507	0.09885
V777	0.18606	0.1139	0.1458	0.55423
V778	0.55878	0.26542	0.06045	0.11534
V779	0.17871	0.04581	0.50807	0.26742
V780	0.10975	0.77248	0.11738	4e-04
V781	0.05326	0.04014	0.04319	0.8634
V782	0.00805	0.13457	0.79494	0.06244
V783	0.8076	0.02272	0.04182	0.12786
V784	0.10773	0.87484	0.01196	0.00546
V785	0.03462	0.93512	0.01195	0.01831
V786	0.73848	0.15071	0.07296	0.03784
V787	0.00091	0.85125	0.14214	0.0057
V788	0.52933	0.29358	0.13715	0.03994
V789	0.06994	0.38282	0.03183	0.51542
V790	0.48279	0.02828	0.07598	0.41294
V791	0.13986	0.38218	0.32851	0.14945
V792	0.13472	0.55587	0.0067	0.30271
V793	0.12055	0.67191	0.03268	0.17486
V794	0.0468	0.09293	0.78915	0.07111
V795	0.11726	0.04715	0.06935	0.76625
V796	0.02879	0.1079	0.8414	0.02191
V797	0.7707	0.01524	0.20301	0.01105
V798	0.62903	0.28749	0.06637	0.01711
V799	0.1289	0.7832	0.02374	0.06416
V800	0.06819	0.03299	0.53789	0.36093
V801	0.14445	0.11514	0.34293	0.39748
V802	0.03692	0.08045	0.29409	0.58854
V803	0.2277	0.52514	0.2466	0.00056
V804	0.54913	0.0246	0.36286	0.06342
V805	0.02342	0.06189	0.91221	0.00249
V806	0.04288	0.91359	0.01128	0.03225
V807	0.27357	0.15308	0.03896	0.53439
V808	0.67318	0.26107	0.03502	0.03072
V809	0.04695	0.08481	0.86618	0.00206
V810	0.0117	0.98119	0.00082	0.00629
V811	0.45401	0.06966	0.19753	0.27879
V812	0.56964	0.25357	0.04452	0.13226
V813	0.618	0.187	0.17043	0.02457
V814	0.43448	0.52263	0.03792	0.00497
V815	0.00088	0.92609	0.06736	0.00567
V816	0.92193	0.02027	0.05715	0.00064
V817	0.02992	0.10285	0.85249	0.01475
V818	0.00116	0.07434	0.0585	0.86601
V819	0.84382	0.07835	0.04116	0.03667
V820	0.13966	0.10328	0.03008	0.72697
V821	0.2295	0.31772	0.38247	0.07032
V822	0.07298	0.05638	0.84875	0.02189
V823	0.02516	0.19834	0.68654	0.08996
V824	0.09318	0.39402	0.51179	0.00101
V825	0.23487	0.29082	0.25335	0.22095
V826	0.44305	0.40868	0.13725	0.01102
V827	0.37804	0.5878	0.00972	0.02444
V828	0.23658	0.16469	0.11187	0.48686
V829	0.03834	0.26215	0.04487	0.65463
V830	0.23396	0.23222	0.03001	0.50381
V831	0.79092	0.08363	0.02728	0.09817
V832	0.28069	0.404	0.16044	0.15487
V833	0.14953	0.52209	0.1727	0.15568
V834	0.31333	0.07159	0.0826	0.53247
V835	0.37096	0.44809	0.10649	0.07446
V836	0.00665	0.70248	0.00803	0.28285
V837	0.23149	0.38596	0.18484	0.19771
V838	0.92108	0.05051	0.02306	0.00535
V839	0.3034	0.60436	0.08718	0.00506
V840	0.2873	0.70597	0.00644	3e-04
V841	0.00205	0.07294	0.87077	0.05424
V842	0.37877	0.16084	0.25627	0.20412
V843	0.01805	0.05169	0.85968	0.07058
V844	0.11774	0.08856	0.39881	0.39489
V845	0.06891	0.11784	0.75077	0.06248
V846	0.00154	0.04051	0.76207	0.19589
V847	0.00281	0.01152	0.06609	0.91959
V848	0.08915	0.5278	0.16513	0.21792
V849	0.00066	0.96052	0.00644	0.03239
V850	0.96364	0.01434	0.01068	0.01134
V851	0.33804	0.52922	0.13235	0.00039
V852	0.11232	0.05213	0.14429	0.69127
V853	0.2588	0.22246	0.40031	0.11842
V854	0.62291	0.15954	0.09402	0.12353
V855	0.00281	0.01152	0.06609	0.91959
V856	0.04454	0.36194	0.3599	0.23361
V857	0.69638	0.16568	0.02806	0.10988
V858	0.57021	0.02861	0.39539	0.00579
V859	0.67371	0.22654	0.01472	0.08503
V860	0.19964	0.11648	0.06004	0.62385
V861	0.09143	0.36893	0.52699	0.01266
V862	0.13924	0.0981	0.71813	0.04453
V863	0.21568	0.06608	0.00771	0.71052
V864	0.07076	0.04328	0.06551	0.82044
V865	0.12029	0.01343	0.28749	0.57879
V866	0.73709	0.0273	0.22449	0.01112
V867	0.73299	0.03691	0.22476	0.00534
V868	0.53679	0.26962	0.12064	0.07296
V869	0.01877	0.96818	0.00714	0.00591
V870	0.10573	0.35687	0.02339	0.51402
V871	0.00066	0.96052	0.00644	0.03239
V872	0.00967	0.02689	0.27828	0.68516
V873	0.89478	0.03484	0.04096	0.02941
V874	0.1938	0.77859	0.02733	0.00028
V875	0.01611	0.19908	0.21538	0.56942
V876	0.16491	0.33398	0.41135	0.08976
V877	0.0446	0.40988	0.30184	0.24368
V878	0.13	0.81021	0.05947	0.00032
V879	0.18881	0.69964	0.03852	0.07304
V880	0.31047	0.55208	0.00462	0.13283
V881	0.15145	0.05174	0.61309	0.18372
V882	0.81667	0.00868	0.10952	0.06512
V883	0.29306	0.21213	0.49379	0.00102
V884	0.02004	0.30483	0.00734	0.66778
V885	0.7086	0.2147	0.0763	4e-04
V886	0.0145	0.37498	0.47228	0.13824
V887	0.66566	0.06059	0.1441	0.12966
V888	0.10298	0.06241	0.74611	0.0885
V889	0.91505	0.05297	0.01504	0.01694
V890	0.03472	0.14908	0.63811	0.17809
V891	0.64854	0.05184	0.26035	0.03927
V892	0.29661	0.18521	0.01512	0.50307
V893	0.60451	0.20371	0.13626	0.05551
V894	0.06798	0.32122	0.57462	0.03618
V895	0.62321	0.06141	0.18373	0.13165
V896	0.03518	0.94073	0.0057	0.01839
V897	0.69739	0.24733	0.00331	0.05197
V898	0.49352	0.00481	0.01034	0.49132
V899	0.02689	0.19897	0.15274	0.6214
V900	0.07961	0.29931	0.37432	0.24676
V901	0.03244	0.84932	0.00549	0.11276
V902	0.0455	0.90717	0.0419	0.00543
V903	0.00697	0.43654	0.51244	0.04405
V904	0.02021	0.97284	0.00073	0.00622
V905	0.15982	0.00646	0.19315	0.64057
V906	0.4299	0.08717	0.10389	0.37904
V907	0.43445	0.50327	0.01551	0.04677
V908	0.01275	0.05981	0.09194	0.8355
V909	0.12716	0.80984	0.00049	0.06251
V910	0.17498	0.00544	0.13405	0.68553
V911	0.52598	0.38313	0.02862	0.06226
V912	0.40854	0.32318	0.11818	0.1501
V913	0.13093	0.00401	0.02361	0.84145
V914	0.18479	0.50324	0.27757	0.03441
V915	0.24352	0.00414	0.01739	0.73495
V916	0.26068	0.0671	0.62899	0.04322
V917	0.73692	0.03149	0.14726	0.08433
V918	0.04308	0.65198	0.2187	0.08624
V919	0.20979	0.23288	0.30117	0.25616
V920	0.63864	0.18918	0.08401	0.08818
V921	0.03047	0.17793	0.04079	0.75081
V922	0.10087	0.47798	0.37763	0.04352
V923	0.08484	0.02514	0.05774	0.83228
V924	0.03385	0.68843	0.25133	0.02638
V925	0.19316	0.0387	0.02345	0.74469
V926	0.21545	0.02765	0.03863	0.71827
V927	0.02619	0.05089	0.07214	0.85077
V928	0.04256	0.89756	0.00528	0.0546
V929	0.05335	0.66381	0.12201	0.16083
V930	0.52111	0.3621	0.02887	0.08792
V931	0.14017	0.27962	0.50866	0.07155
V932	0.03467	0.11657	0.6291	0.21966
V933	0.59295	0.38675	0.00945	0.01084
V934	0.00728	0.15411	0.29426	0.54434
V935	0.58694	0.15545	0.19331	0.06429
V936	0.54415	0.26392	0.01604	0.17588
V937	0.57182	0.12169	0.07932	0.22717
V938	0.39861	0.04748	0.30478	0.24912
V939	0.77497	0.02216	0.06482	0.13805
V940	0.02362	0.80978	0.13334	0.03325
V941	0.00391	0.06026	0.92548	0.01035
V942	0.74278	0.18275	0.05758	0.0169
V943	0.41459	0.12864	0.40617	0.05059
V944	0.0171	0.28484	0.07155	0.62651
V945	0.56792	0.34546	0.00892	0.0777
V946	0.47397	0.25701	0.23603	0.033
V947	0.08419	0.05245	0.24844	0.61492
V948	0.35305	0.04525	0.58222	0.01949
V949	0.00077	0.11664	0.22198	0.66061
V950	0.05453	0.55239	0.20678	0.18629
V951	0.83105	0.02755	0.13616	0.00524
V952	0.07059	0.12855	0.28123	0.51964
V953	0.01928	0.08133	0.86944	0.02994
V954	0.03727	0.1876	0.15246	0.62267
V955	0.1219	0.61713	0.02577	0.2352
V956	0.03575	0.03445	0.53887	0.39093
V957	0.35888	0.02064	0.00622	0.61426
V958	0.04777	0.00548	0.0163	0.93046
V959	0.24286	0.26049	0.4263	0.07035
V960	0.24702	0.27677	0.08038	0.39583
V961	0.13909	0.39493	0.34748	0.11851
V962	0.38211	0.16713	0.3824	0.06836
V963	0.62008	0.16258	0.14553	0.07181
V964	0.84997	0.03439	0.08587	0.02978
V965	0.05466	0.51776	0.18781	0.23976
V966	0.95633	0.02826	0.00409	0.01133
V967	0.05654	0.04885	0.55177	0.34285
V968	0.00136	0.16613	0.77038	0.06213
V969	0.00829	0.30979	0.0451	0.63682
V970	0.03505	0.12021	0.44804	0.39669
V971	0.52761	0.08385	0.31457	0.07397
V972	0.53388	0.19085	0.0463	0.22898
V973	0.2787	0.42519	0.07537	0.22074
V974	0.00616	0.80335	0.11652	0.07397
V975	0.10457	0.30516	0.58401	0.00626
V976	0.46467	0.23931	0.10896	0.18706
V977	0.32892	0.36043	0.30524	0.00541
V978	0.06495	0.09697	0.07838	0.7597
V979	0.80474	0.02772	0.16227	0.00527
V980	0.97418	0.01955	0	0.00626
V981	0.35456	0.03614	0.43107	0.17823
V982	0.45515	0.39366	0.06948	0.08171
V983	0.72159	0.05896	0.00468	0.21477
V984	0.01478	0.8549	0.09745	0.03286
V985	0.0761	0.20912	0.01399	0.70079
V986	0.32934	0.5245	0.04603	0.10014
V987	0.23559	0.74652	6e-05	0.01783
V988	0.22901	0.02048	0.02322	0.72728
V989	0.44962	0.4644	0.0685	0.01748
V990	0.00149	0.06883	0.79628	0.13341
V991	0.6342	0.35474	0	0.01105
V992	0.21246	0.02071	0.52696	0.23987
V993	0.06398	0.74085	0.15366	0.04151
V994	0.18326	0.78119	0.02433	0.01122
V995	0.75648	0.10022	0.02774	0.11556
V996	0.28587	0.12454	0.01671	0.57288
V997	0.01766	0.04104	0.82731	0.114
V998	0.88231	0.01978	0.05498	0.04293
V999	0.11925	0.87462	0.00041	0.00572
V1000	0.33446	0.02888	0.00653	0.63013
