cytotoxic.CD56.dim.NK.cell	memory.CD4.pos.AB.T.cell	memory.B.cell	CD14.pos.CD16.neg.classical.monocyte
V1	0.54302	0.02288	0.17827	0.25583
V2	0.14157	0.09297	0.07676	0.6887
V3	0.06453	0.62613	0.02227	0.28707
V4	0.83879	0.14183	0.0021	0.01728
V5	0.11353	0.47632	0.26305	0.14709
V6	0.08563	0.87806	0.01943	0.01688
V7	0.14617	0.35037	0.0949	0.40856
V8	0.12202	0.02662	0.82449	0.02687
V9	0.23196	0.22818	0.05403	0.48583
V10	0.02255	0.02901	0.90394	0.0445
V11	0.20801	0.34982	0.43808	0.00408
V12	0.03638	0.58843	0.36481	0.01038
V13	0.26109	0.7169	0.00551	0.0165
V14	0.08186	0.90462	0.00818	0.00534
V15	0.12443	0.61303	0.11973	0.14282
V16	0.8871	0.06906	0.02033	0.02351
V17	0.09511	0.87521	0.01271	0.01697
V18	0.57215	0.35703	0.04071	0.0301
V19	0.16131	0.82196	0.0063	0.01043
V20	0.16733	0.46093	0.03081	0.34092
V21	0.12251	0.05065	0.80081	0.02603
V22	0.02465	0.09042	0.229	0.65593
V23	0.36964	0.04776	0.57781	0.00478
V24	0.88801	0.07658	0.03484	0.00057
V25	0.3479	0.22664	0.13777	0.28769
V26	0.39624	0.39048	0.02328	0.19001
V27	0.09781	0.07498	0.05608	0.77113
V28	0.01271	0.09939	0.88599	0.00192
V29	0.42971	0.03337	0.5126	0.02432
V30	0.0992	0.19383	0.30141	0.40557
V31	0.20176	0.17247	0.32088	0.30489
V32	0.08229	0.05288	0.06944	0.79539
V33	0.05121	0.49458	0.36844	0.08577
V34	0.12184	0.03751	0.81437	0.02628
V35	0.16397	0.73828	0.07464	0.02311
V36	0.013	0.03898	0.50433	0.44369
V37	0.54314	0.0725	0.1034	0.28097
V38	0.41306	0.01853	0.18676	0.38164
V39	0.16904	0.5785	0.12916	0.1233
V40	0.10798	0.82252	0.06949	0
V41	0.02132	0.68301	0.05098	0.24468
V42	0.21179	0.03567	0.22988	0.52266
V43	0.13087	0.32387	0.52086	0.0244
V44	0.01777	0.05826	0.77341	0.15056
V45	0.10293	0.60198	0.21978	0.0753
V46	0.78437	0.09251	0.11909	0.00403
V47	0.45569	0.17934	0.32568	0.0393
V48	0.78572	0.1914	0.00636	0.01651
V49	0.7269	0.20177	0.00185	0.06949
V50	0.07747	0.84306	0.07512	0.00434
V51	0.31495	0.40195	0.25959	0.02351
V52	0.02823	0.09614	0.84886	0.02677
V53	0.70777	0.14478	0.14745	0
V54	0.42541	0.1837	0.37456	0.01633
V55	0.20962	0.11388	0.26378	0.41272
V56	0.05069	0.04117	0.12142	0.78672
V57	0.10432	0.86581	0.01953	0.01035
V58	0.62677	0.02847	0.05156	0.29321
V59	0.43943	0.41837	0.10365	0.03855
V60	0.13017	0.13182	0.35666	0.38136
V61	0.80146	0.11629	0.01307	0.06918
V62	0.86137	0.06188	0.06665	0.0101
V63	0.03201	0.84161	0.10966	0.01673
V64	0.02709	0.85735	0.0044	0.11116
V65	0.02683	0.03692	0.14152	0.79473
V66	0.21539	0.71167	0.01866	0.05428
V67	0.15247	0.31579	0.52154	0.01019
V68	0.15241	0.14594	0.04994	0.65171
V69	0.02992	0.28784	0.6411	0.04115
V70	0.55617	0.14464	0.18766	0.11153
V71	0.15923	0.05983	0.40731	0.37363
V72	0.58841	0.15345	0.09876	0.15938
V73	0.15672	0.63347	0.13552	0.07429
V74	0.06278	0.22201	0.71449	0.00073
V75	0.70432	0.02234	0.1947	0.07864
V76	0.01074	0.16559	0.20637	0.61729
V77	0.04645	0.29201	0.03547	0.62607
V78	0.30428	0.10474	0.20491	0.38607
V79	0.01107	0.08092	0.83194	0.07607
V80	0.3416	0.02225	0.56195	0.0742
V81	0.05811	0.15028	0.78599	0.00563
V82	0.00837	0.08075	0.90173	0.00915
V83	0.13196	0.16998	0.09631	0.60176
V84	0.38918	0.04778	0.17934	0.3837
V85	0.11077	0.29606	0.43358	0.15959
V86	0.04535	0.0463	0.87349	0.03486
V87	0.04744	0.84837	0.04994	0.05425
V88	0.15906	0.05536	0.29576	0.48983
V89	0.02692	0.03529	0.23461	0.70318
V90	0.04241	0.89651	0.05053	0.01054
V91	0.04625	0.75231	0.17792	0.02352
V92	0.45276	0.02682	0.40031	0.12011
V93	0.86426	0.04775	0.00393	0.08405
V94	0.02896	0.44509	0.04078	0.48517
V95	0.26453	0.43699	0.16268	0.1358
V96	0.07567	0.11285	0.06063	0.75085
V97	0.67609	0.11534	0.20471	0.00386
V98	0.66612	0.32251	9e-04	0.01047
V99	0.78168	0.06823	0.14596	0.00412
V100	0.07524	0.03515	0.86927	0.02034
V101	0.04049	0.09291	0.04752	0.81908
V102	0.89463	0.08607	0.00828	0.01102
V103	0.02192	0.06822	0.1296	0.78026
V104	0.04844	0.93649	0.00922	0.00585
V105	0.07204	0.90823	0.01455	0.00518
V106	0.12303	0.51896	0.32628	0.03174
V107	0.18398	0.18065	0.59468	0.04069
V108	0.15418	0.7603	0.08553	0
V109	0.01882	0.13333	0.63111	0.21673
V110	0.06789	0.88147	0.03385	0.01679
V111	0.88483	0.04064	0.06935	0.00518
V112	0.12507	0.05224	0.46291	0.35978
V113	0.18441	0.09802	0.20106	0.51651
V114	0.23426	0.05552	0.10496	0.60527
V115	0.02457	0.75932	0.21149	0.00463
V116	0.14489	0.29676	0.3984	0.15994
V117	0.67528	0.26164	0.03298	0.03009
V118	0.16748	0.5917	0.03975	0.20107
V119	0.11186	0.08714	0.08042	0.72058
V120	0.0757	0.06511	0.84668	0.01251
V121	0.60815	0.12537	0.09848	0.168
V122	0.92267	0.04984	0.0159	0.01159
V123	0.02038	0.51389	0.05981	0.40592
V124	0.6507	0.30255	9e-04	0.04585
V125	0.39018	0.42205	0.17189	0.01588
V126	0.04582	0.15311	0.0812	0.71988
V127	0.15867	0.04817	0.28444	0.50872
V128	0.03969	0.04048	0.14773	0.77211
V129	0.58511	0.23179	0.16016	0.02294
V130	0.02259	0.6595	0.31323	0.00468
V131	0.04243	0.89314	0.00283	0.06161
V132	0.90998	0.04404	0.02861	0.01736
V133	0.88785	0.05001	0.05163	0.01051
V134	0.11375	0.38666	0.14263	0.35696
V135	0.07875	0.0363	0.20929	0.67566
V136	0.24557	0.40234	0.023	0.32909
V137	0.6526	0.04502	0.24803	0.05436
V138	0.21811	0.40281	0.18835	0.19073
V139	0.36135	0.19435	0.21082	0.23348
V140	0.03876	0.10606	0.08854	0.76664
V141	0.06443	0.1324	0.58246	0.22071
V142	0.7548	0.04498	0.19976	0.00046
V143	0.44033	0.2581	0.0753	0.22627
V144	0.16471	0.14423	0.19116	0.4999
V145	0.01729	0.76707	0.21086	0.00478
V146	0.06738	0.04658	0.07498	0.81106
V147	0.8954	0.05336	0.02057	0.03067
V148	0.1235	0.06095	0.61949	0.19607
V149	0.2621	0.52441	0.20976	0.00372
V150	0.08577	0.22017	0.62638	0.06768
V151	0.20994	0.64486	0.03561	0.1096
V152	0.23976	0.45047	0.22419	0.08558
V153	0.11268	0.76896	0.02051	0.09785
V154	0.24534	0.46098	0.27008	0.0236
V155	0.48324	0.1359	0.2969	0.08396
V156	0.03509	0.11763	0.73317	0.11411
V157	0.30859	0.14285	0.3368	0.21177
V158	0.03991	0.03914	0.08654	0.83441
V159	0.86544	0.09384	0.00239	0.03832
V160	0.685	0.02821	0.07181	0.21498
V161	0.20349	0.03613	0.06383	0.69655
V162	0.07163	0.29463	0.10175	0.53199
V163	0.1033	0.49699	0.17767	0.22204
V164	0.34898	0.30481	0.11499	0.23122
V165	0.02475	0.28273	0.0328	0.65973
V166	0.0214	0.11487	0.10581	0.75791
V167	0.33429	0.03072	0.03537	0.59962
V168	0.28751	0.58934	0.07618	0.04697
V169	0.1821	0.06822	0.06847	0.68121
V170	0.10085	0.02568	0.55587	0.3176
V171	0.12871	0.22468	0.61396	0.03266
V172	0.69765	0.03092	0.26666	0.00477
V173	0.03764	0.15646	0.07484	0.73106
V174	0.02767	0.17018	0.10606	0.69609
V175	0.06091	0.02138	0.80702	0.11069
V176	0.0255	0.81533	0.15447	0.00471
V177	0.03325	0.95061	0.0031	0.01304
V178	0.02395	0.77545	0.01268	0.18792
V179	0.15479	0.02134	0.40975	0.41413
V180	0.04815	0.8795	0.07221	0.00015
V181	0.16069	0.11417	0.57881	0.14633
V182	0.3016	0.16858	0.48094	0.04888
V183	0.1809	0.80756	0.00686	0.00468
V184	0.91749	0.06027	0.0211	0.00115
V185	0.54892	0.43452	0.01242	0.00414
V186	0.1243	0.48766	0.27226	0.11579
V187	0.91306	0.05065	0.03084	0.00545
V188	0.06661	0.24603	0.03138	0.65598
V189	0.80494	0.04472	0.02238	0.12797
V190	0.64063	0.03594	0.31881	0.00462
V191	0.18383	0.19217	0.59164	0.03237
V192	0.30666	0.47669	0.05447	0.16218
V193	0.60548	0.04223	0.24363	0.10866
V194	0.05282	0.92195	0.00753	0.01769
V195	0.01862	0.0519	0.91983	0.00965
V196	0.02729	0.11551	0.05541	0.80178
V197	0.4003	0.06215	0.04657	0.49098
V198	0.07065	0.50649	0.37403	0.04884
V199	0.15814	0.03839	0.20314	0.60034
V200	0.13443	0.57611	0.02722	0.26223
V201	0.10325	0.56919	0.19299	0.13457
V202	0.01851	0.02756	0.79713	0.1568
V203	0.16592	0.42765	0.38978	0.01665
V204	0.02234	0.54188	0.02352	0.41225
V205	0.02259	0.0646	0.89868	0.01412
V206	0.04965	0.09747	0.84654	0.00635
V207	0.13206	0.1908	0.07826	0.59889
V208	0.2416	0.06731	0.68014	0.01095
V209	0.3076	0.47831	0.07158	0.1425
V210	0.09317	0.78471	0.08362	0.0385
V211	0.40572	0.036	0.05568	0.5026
V212	0.49852	0.04891	0.43581	0.01676
V213	0.63717	0.04388	0.11655	0.20241
V214	0.33363	0.15216	0.18148	0.33274
V215	0.28091	0.10411	0.04403	0.57095
V216	0.0594	0.03798	0.07638	0.82625
V217	0.05206	0.4945	0.24279	0.21065
V218	0.10324	0.44824	0.18082	0.2677
V219	0.11342	0.6519	0.01829	0.21638
V220	0.02518	0.83464	0.01029	0.12989
V221	0.7919	0.03478	0.01189	0.16144
V222	0.31779	0.12371	0.3911	0.1674
V223	0.01143	0.12481	0.79669	0.06707
V224	0.90969	0.05667	0.03275	0.00088
V225	0.06919	0.8751	0.05116	0.00454
V226	0.29905	0.08269	0.60769	0.01057
V227	0.76869	0.03069	0.19038	0.01024
V228	0.77675	0.07858	0.06648	0.07818
V229	0.023	0.04105	0.91393	0.02202
V230	0.0307	0.07048	0.07415	0.82468
V231	0.02608	0.27252	0.1332	0.56821
V232	0.05733	0.6625	0.01031	0.26987
V233	0.57386	0.0892	0.20717	0.12978
V234	0.05232	0.90945	0.02747	0.01076
V235	0.36776	0.0622	0.54577	0.02428
V236	0.04336	0.06232	0.82726	0.06707
V237	0.15548	0.03793	0.06867	0.73792
V238	0.13444	0.56536	0.26042	0.03978
V239	0.07317	0.40307	0.03955	0.48421
V240	0.48324	0.04456	0.43291	0.03929
V241	0.02137	0.02737	0.89154	0.05972
V242	0.13325	0.77425	0.08283	0.00967
V243	0.23063	0.04228	0.66092	0.06617
V244	0.19318	0.02053	0.71201	0.07428
V245	0.60238	0.30255	0.04909	0.04598
V246	0.05569	0.14076	0.78503	0.01853
V247	0.16203	0.05294	0.78389	0.00115
V248	0.03469	0.06583	0.09175	0.80773
V249	0.00545	0.05187	0.88303	0.05965
V250	0.74414	0.03303	0.21814	0.00469
V251	0.9006	0.08469	0.00919	0.00552
V252	0.03035	0.8305	0.1389	0.00025
V253	0.35815	0.07113	0.18104	0.38968
V254	0.02934	0.92024	0.04517	0.00525
V255	0.0609	0.9055	0.00209	0.03151
V256	0.17447	0.19802	0.55043	0.07708
V257	0.42546	0.09559	0.25063	0.22832
V258	0.17792	0.25173	0.45314	0.11722
V259	0.0387	0.27823	0.65017	0.0329
V260	0.0092	0.28545	0.69946	0.00589
V261	0.61829	0.04208	0.20315	0.13649
V262	0.09713	0.08203	0.05524	0.76561
V263	0.0388	0.93976	0.00267	0.01877
V264	0.15644	0.03758	0.4597	0.34627
V265	0.03998	0.03243	0.17463	0.75296
V266	0.60882	0.3816	0.0094	0.00017
V267	0.00902	0.16802	0.30846	0.5145
V268	0.37221	0.03532	0.16041	0.43206
V269	0.01793	0.55659	0.38525	0.04023
V270	0.642	0.03724	0.24933	0.07142
V271	0.79871	0.08059	0.03473	0.08597
V272	0.06575	0.83281	0.01384	0.08761
V273	0.06349	0.05342	0.08002	0.80307
V274	0.69619	0.02199	0.18586	0.09596
V275	0.00844	0.05993	0.92048	0.01115
V276	0.50675	0.34205	0.01419	0.13701
V277	0.04183	0.19788	0.18463	0.57566
V278	0.0389	0.06104	0.31848	0.58159
V279	0.69483	0.06692	0.11314	0.1251
V280	0.03991	0.03914	0.08654	0.83441
V281	0.53902	0.04102	0.15063	0.26933
V282	0.05308	0.06342	0.83337	0.05013
V283	0.21275	0.59458	0.06186	0.13081
V284	0.04405	0.89918	0.05192	0.00484
V285	0.08371	0.04854	0.86604	0.00171
V286	0.24702	0.56266	0.10667	0.08365
V287	0.10407	0.8665	0.0125	0.01693
V288	0.02144	0.25782	0.45518	0.26557
V289	0.28118	0.20956	0.44197	0.06729
V290	0.77968	0.20347	0.01654	0.00031
V291	0.47857	0.07422	0.43719	0.01002
V292	0.90413	0.04655	0.00348	0.04584
V293	0.28103	0.02705	0.65934	0.03258
V294	0.09429	0.37077	0.02211	0.51283
V295	0.02459	0.16982	0.21576	0.58984
V296	0.16958	0.10796	0.64623	0.07623
V297	0.07979	0.03181	0.11125	0.77715
V298	0.28952	0.10003	0.59998	0.01047
V299	0.07329	0.27782	0.04034	0.60856
V300	0.01058	0.05409	0.26211	0.67322
V301	0.11396	0.09724	0.68378	0.10501
V302	0.62651	0.36202	0.001	0.01047
V303	0.01225	0.59815	0.3651	0.0245
V304	0.05114	0.02904	0.77014	0.14968
V305	0.11797	0.14197	0.49443	0.24563
V306	0.80543	0.10804	0.04917	0.03737
V307	0.03739	0.93641	0.01469	0.01151
V308	0.22768	0.21629	0.31862	0.23741
V309	0.32853	0.31283	0.03698	0.32166
V310	0.08102	0.30543	0.16765	0.44589
V311	0.49392	0.4958	0.00597	0.00431
V312	0.10314	0.75092	0.12968	0.01627
V313	0.01584	0.14653	0.06161	0.77602
V314	0.02684	0.47362	0.12249	0.37704
V315	0.12397	0.63674	0.03985	0.19944
V316	0.30513	0.12373	0.41434	0.1568
V317	0.09316	0.71353	0.04579	0.14752
V318	0.04655	0.5569	0.02671	0.36983
V319	0.05505	0.06103	0.85713	0.0268
V320	0.0732	0.12584	0.68583	0.11513
V321	0.59998	0.39047	0.00938	0.00017
V322	0.19079	0.316	0.08521	0.408
V323	0.05732	0.0463	0.1261	0.77028
V324	0.65373	0.26462	0.06586	0.0158
V325	0.29593	0.65077	0.04943	0.00386
V326	0.01289	0.56228	0.10019	0.32464
V327	0.02697	0.14854	0.1332	0.69129
V328	0.0423	0.02942	0.76945	0.15883
V329	0.16261	0.10744	0.19216	0.53779
V330	0.37239	0.01955	0.35501	0.25306
V331	0.32778	0.09254	0.06388	0.51579
V332	0.0182	0.06442	0.21373	0.70366
V333	0.41644	0.07124	0.40927	0.10306
V334	0.33739	0.01955	0.37892	0.26415
V335	0.03001	0.31709	0.53739	0.11551
V336	0.17461	0.71624	0.01983	0.08933
V337	0.2801	0.40326	0.29305	0.0236
V338	0.02439	0.95672	0.01194	0.00694
V339	0.11858	0.03446	0.83987	0.00709
V340	0.05627	0.20457	0.56031	0.17884
V341	0.03279	0.06257	0.10631	0.79833
V342	0.22689	0.01729	0.63544	0.12038
V343	0.92066	0.06317	0.01012	0.00606
V344	0.65369	0.17036	0.17596	0
V345	0.02941	0.07597	0.89318	0.00143
V346	0.22107	0.10345	0.30787	0.36761
V347	0.04701	0.03754	0.16178	0.75367
V348	0.06337	0.66726	0.13812	0.13124
V349	0.34169	0.15504	0.40766	0.09561
V350	0.04487	0.79868	0.1563	0.00015
V351	0.02121	0.03964	0.42081	0.51835
V352	0.04379	0.02978	0.85915	0.06728
V353	0.86432	0.04824	0.03472	0.05272
V354	0.05436	0.70434	0.21014	0.03117
V355	0.26294	0.06904	0.49197	0.17606
V356	0.03943	0.0483	0.13743	0.77484
V357	0.11226	0.31835	0.29746	0.27192
V358	0.53151	0.10713	0.05997	0.30139
V359	0.55276	0.06726	0.04553	0.33445
V360	0.52934	0.44254	0.0185	0.00962
V361	0.01129	0.44786	0.53561	0.00524
V362	0.02383	0.95163	0.01804	0.0065
V363	0.16151	0.10308	0.50265	0.23277
V364	0.14349	0.05752	0.71413	0.08486
V365	0.24323	0.0498	0.04516	0.66181
V366	0.08308	0.69719	0.08004	0.13969
V367	0.55574	0.14614	0.01497	0.28315
V368	0.09289	0.74864	0.07705	0.08142
V369	0.02562	0.39349	0.57595	0.00494
V370	0.29062	0.26776	0.41759	0.02403
V371	0.18424	0.73532	0.02603	0.05441
V372	0.14964	0.06257	0.14608	0.64171
V373	0.07463	0.12209	0.50448	0.29879
V374	0.7401	0.05048	0.20915	0.00026
V375	0.04394	0.0559	0.1749	0.72526
V376	0.03865	0.0553	0.13573	0.77032
V377	0.76372	0.02881	0.01924	0.18824
V378	0.01406	0.04102	0.42992	0.51501
V379	0.32062	0.19611	0.02957	0.4537
V380	0.13888	0.0739	0.22391	0.56331
V381	0.72167	0.03358	0.09502	0.14973
V382	0.07947	0.04902	0.86457	0.00693
V383	0.81489	0.03242	0.05077	0.10191
V384	0.54872	0.07994	0.14018	0.23116
V385	0.84158	0.03988	0.07366	0.04487
V386	0.27763	0.03048	0.16684	0.52505
V387	0.58597	0.14639	0.19452	0.07313
V388	0.37325	0.32971	0.152	0.14504
V389	0.40252	0.53137	0.01161	0.0545
V390	0.28424	0.25242	0.45929	0.00406
V391	0.39579	0.11074	0.03683	0.45665
V392	0.42191	0.21572	0.17482	0.18755
V393	0.27469	0.21721	0.37038	0.13771
V394	0.09054	0.2194	0.13202	0.55805
V395	0.21819	0.39148	0.21014	0.1802
V396	0.02958	0.94348	0.00871	0.01823
V397	0.77076	0.09885	0.1005	0.02989
V398	0.43552	0.13371	0.10747	0.32331
V399	0.19161	0.56651	0.14794	0.09394
V400	0.01363	0.58235	0.07319	0.33083
V401	0.03562	0.13998	0.75687	0.06754
V402	0.75567	0.20649	0.03782	2e-05
V403	0.0331	0.05337	0.11543	0.79809
V404	0.08451	0.17678	0.65249	0.08621
V405	0.20168	0.04412	0.19065	0.56355
V406	0.63536	0.2567	0.01927	0.08867
V407	0.02439	0.95672	0.01194	0.00694
V408	0.08814	0.22649	0.42634	0.25903
V409	0.01576	0.07062	0.08633	0.82729
V410	0.0945	0.86254	0.02633	0.01662
V411	0.40774	0.03929	0.02428	0.52869
V412	0.14752	0.06856	0.53212	0.2518
V413	0.06221	0.4817	0.19068	0.26541
V414	0.04238	0.50582	0.33714	0.11466
V415	0.42619	0.03822	0.24893	0.28666
V416	0.02216	0.11248	0.8641	0.00125
V417	0.36035	0.62919	0.00612	0.00434
V418	0.06948	0.10533	0.16833	0.65685
V419	0.03641	0.03929	0.09428	0.83001
V420	0.01826	0.88829	0.01548	0.07796
V421	0.14245	0.04083	0.71339	0.10332
V422	0.05508	0.09572	0.05242	0.79678
V423	0.07524	0.03515	0.86927	0.02034
V424	0.00536	0.0534	0.6426	0.29864
V425	0.05606	0.21834	0.62948	0.09612
V426	0.08096	0.04638	0.81437	0.05829
V427	0.0714	0.38695	0.20596	0.33569
V428	0.09325	0.78418	0.05065	0.07191
V429	0.03353	0.03958	0.10073	0.82617
V430	0.74048	0.17895	0.01892	0.06165
V431	0.16662	0.03019	0.48061	0.32258
V432	0.10181	0.10399	0.07961	0.71458
V433	0.06636	0.73762	0.00674	0.18927
V434	0.31587	0.08418	0.07308	0.52686
V435	0.48566	0.02948	0.13502	0.34984
V436	0.35689	0.03061	0.13364	0.47886
V437	0.21833	0.23025	0.02732	0.52409
V438	0.60282	0.16279	0.03868	0.19571
V439	0.04338	0.12845	0.05	0.77817
V440	0.45701	0.05378	0.05143	0.43778
V441	0.06348	0.11363	0.63656	0.18633
V442	0.31356	0.34167	0.14493	0.19984
V443	0.72822	0.02795	0.09482	0.14901
V444	0.02941	0.07597	0.89318	0.00143
V445	0.59572	0.03474	0.34596	0.02359
V446	0.04729	0.83975	0.05025	0.06271
V447	0.62734	0.09911	0.18293	0.09061
V448	0.02512	0.07595	0.22068	0.67825
V449	0.55009	0.0489	0.30983	0.09117
V450	0.14727	0.83579	0.0167	0.00024
V451	0.89264	0.0866	0.00289	0.01787
V452	0.04324	0.04321	0.11577	0.79778
V453	0.79914	0.08985	0.06578	0.04523
V454	0.021	0.92316	0.04448	0.01137
V455	0.58749	0.04417	0.31337	0.05498
V456	0.31637	0.11418	0.41296	0.15649
V457	0.01636	0.09251	0.06992	0.82122
V458	0.25145	0.22934	0.02547	0.49374
V459	0.02987	0.80389	0.08591	0.08034
V460	0.91228	0.04718	0.02943	0.01111
V461	0.06803	0.07014	0.0548	0.80703
V462	0.33121	0.24854	0.0155	0.40475
V463	0.25104	0.4846	0.15992	0.10445
V464	0.48293	0.11165	0.01997	0.38545
V465	0.39484	0.43699	0.02859	0.13957
V466	0.57085	0.1939	0.01207	0.22318
V467	0.30747	0.58667	0.07517	0.0307
V468	0.49073	0.41347	0.04946	0.04633
V469	0.02272	0.16512	0.30968	0.50248
V470	0.54432	0.12509	0.18925	0.14134
V471	0.24867	0.1128	0.05977	0.57876
V472	0.31067	0.33446	0.01239	0.34248
V473	0.10232	0.55094	0.33008	0.01666
V474	0.11258	0.02808	0.13788	0.72146
V475	0.18097	0.39737	0.09082	0.33083
V476	0.15184	0.04145	0.08969	0.71703
V477	0.58814	0.04862	0.21569	0.14754
V478	0.13397	0.59392	0.01397	0.25815
V479	0.01857	0.07955	0.8258	0.07608
V480	0.08193	0.3057	0.06692	0.54545
V481	0.13483	0.03523	0.81732	0.01261
V482	0.68858	0.17057	0.11078	0.03007
V483	0.12063	0.1156	0.10071	0.66305
V484	0.03384	0.1013	0.06958	0.79528
V485	0.12267	0.74705	0.01424	0.11605
V486	0.2637	0.26003	0.14099	0.33528
V487	0.07291	0.06484	0.11996	0.74229
V488	0.00881	0.03184	0.86584	0.09351
V489	0.19996	0.10205	0.68709	0.0109
V490	0.33434	0.3144	0.07794	0.27332
V491	0.43242	0.47927	0.03347	0.05484
V492	0.04162	0.83522	0.11864	0.00453
V493	0.06962	0.04659	0.04978	0.83401
V494	0.18502	0.14414	0.55462	0.11622
V495	0.21874	0.63477	0.13045	0.01604
V496	0.2628	0.69802	0.00069	0.03848
V497	0.022	0.04031	0.92675	0.01094
V498	0.29553	0.11035	0.07265	0.52146
V499	0.59543	0.28059	0.12034	0.00364
V500	0.09364	0.11559	0.75762	0.03316
V501	0.01863	0.05296	0.11342	0.81499
V502	0.54097	0.28509	0.15103	0.02291
V503	0.18447	0.09728	0.22191	0.49634
V504	0.22519	0.70849	0.01197	0.05435
V505	0.19135	0.2045	0.27569	0.32846
V506	0.08773	0.23806	0.48252	0.1917
V507	0.60844	0.10689	0.12652	0.15815
V508	0.74043	0.18123	0.04089	0.03745
V509	0.21496	0.06074	0.53823	0.18607
V510	0.2192	0.52599	0.25098	0.00383
V511	0.0537	0.41467	0.06266	0.46897
V512	0.22411	0.06265	0.1051	0.60814
V513	0.08252	0.65509	0.20571	0.05668
V514	0.03182	0.12111	0.04557	0.8015
V515	0.75779	0.07761	0.05107	0.11353
V516	0.86274	0.12856	0.00305	0.00565
V517	0.04039	0.0428	0.27799	0.63883
V518	0.90687	0.08289	0.00375	0.00649
V519	0.04097	0.86396	0.00835	0.08672
V520	0.02759	0.01908	0.63754	0.3158
V521	0.54813	0.05508	0.37314	0.02365
V522	0.01115	0.11482	0.60606	0.26797
V523	0.34446	0.12315	0.27794	0.25446
V524	0.02244	0.77753	0.17632	0.02372
V525	0.24183	0.20774	0.04697	0.50346
V526	0.63408	0.09046	0.08052	0.19494
V527	0.18976	0.03108	0.42356	0.35561
V528	0.10372	0.85608	0.00168	0.03851
V529	0.05831	0.07	0.24731	0.62438
V530	0.01178	0.18822	0.70515	0.09485
V531	0.03879	0.85583	0.10518	0.00019
V532	0.16668	0.32519	0.04493	0.46319
V533	0.27771	0.35336	0.14641	0.22251
V534	0.01197	0.02634	0.72676	0.23493
V535	0.51658	0.02739	0.03098	0.42506
V536	0.17588	0.01679	0.39623	0.4111
V537	0.57507	0.26643	0.14926	0.00924
V538	0.43462	0.06533	0.10089	0.39916
V539	0.26453	0.43699	0.16268	0.1358
V540	0.19576	0.70765	0.06608	0.03052
V541	0.02795	0.50506	0.07591	0.39108
V542	0.18693	0.12298	0.27604	0.41404
V543	0.85539	0.03694	0.01549	0.09219
V544	0.09806	0.09274	0.19589	0.61331
V545	0.34922	0.14431	0.0849	0.42158
V546	0.06031	0.87608	0.05905	0.00456
V547	0.04575	0.64512	0.29896	0.01017
V548	0.15314	0.76795	0.07488	0.00403
V549	0.30458	0.04419	0.64028	0.01094
V550	0.55305	0.05412	0.01565	0.37718
V551	0.17379	0.74649	0.03345	0.04627
V552	0.01471	0.5314	0.02562	0.42827
V553	0.21431	0.14525	0.62324	0.0172
V554	0.05849	0.10898	0.06345	0.76907
V555	0.0889	0.21455	0.35795	0.3386
V556	0.00632	0.05274	0.91096	0.02999
V557	0.79501	0.05204	0.016	0.13695
V558	0.07398	0.79091	0.02845	0.10665
V559	0.0295	0.79693	0.17337	2e-04
V560	0.64597	0.34785	0.00136	0.00482
V561	0.00844	0.05993	0.92048	0.01115
V562	0.76583	0.02925	0.11876	0.08616
V563	0.22779	0.03164	0.73448	0.00609
V564	0.05696	0.08245	0.84809	0.0125
V565	0.1217	0.24908	0.40288	0.22634
V566	0.67961	0.11192	0.01138	0.19709
V567	0.21334	0.45046	0.03638	0.29983
V568	0.22158	0.03263	0.08413	0.66166
V569	0.64821	0.05358	0.01154	0.28667
V570	0.02928	0.27533	0.6368	0.05858
V571	0.79607	0.14886	0.00179	0.05328
V572	0.42483	0.022	0.4617	0.09147
V573	0.06599	0.18741	0.04123	0.70537
V574	0.04799	0.78592	0.15607	0.01001
V575	0.02714	0.09721	0.15548	0.72017
V576	0.152	0.80464	0.03347	0.00989
V577	0.04105	0.05815	0.23886	0.66194
V578	0.05171	0.06383	0.71232	0.17215
V579	0.02536	0.87436	0.0833	0.01698
V580	0.13952	0.0314	0.14147	0.68761
V581	0.07351	0.11212	0.04141	0.77296
V582	0.56777	0.15315	0.04072	0.23836
V583	0.01157	0.04986	0.61616	0.32241
V584	0.50962	0.1599	0.29943	0.03104
V585	0.0144	0.02948	0.46866	0.48745
V586	0.21624	0.02341	0.67666	0.08369
V587	0.24821	0.029	0.69761	0.02518
V588	0.60429	0.0602	0.0364	0.29911
V589	0.06493	0.82233	0.05829	0.05446
V590	0.05783	0.763	0.17485	0.00431
V591	0.01122	0.06088	0.23461	0.69329
V592	0.15178	0.0651	0.78211	0.00101
V593	0.5628	0.01876	0.19589	0.22254
V594	0.3294	0.28815	0.34256	0.03989
V595	0.04123	0.0661	0.07065	0.82203
V596	0.04128	0.26969	0.24385	0.44518
V597	0.01131	0.58091	0.3332	0.07458
V598	0.02183	0.12178	0.84364	0.01275
V599	0.6083	0.33626	0.03271	0.02273
V600	0.35065	0.48635	0.05206	0.11095
V601	0.15642	0.27145	0.09802	0.47411
V602	0.04422	0.0707	0.06123	0.82386
V603	0.02165	0.37186	0.03915	0.56734
V604	0.50411	0.1226	0.34977	0.02352
V605	0.06901	0.31745	0.42207	0.19146
V606	0.71461	0.16672	0.01365	0.10502
V607	0.63147	0.03105	0.11681	0.22068
V608	0.21222	0.15217	0.41122	0.22439
V609	0.03187	0.22695	0.25543	0.48576
V610	0.75286	0.04052	0.0933	0.11332
V611	0.26377	0.03128	0.08076	0.62419
V612	0.02683	0.08904	0.82557	0.05856
V613	0.03957	0.32146	0.6062	0.03277
V614	0.74815	0.07755	0.05145	0.12285
V615	0.12619	0.08129	0.04517	0.74734
V616	0.08336	0.71343	0.0461	0.15711
V617	0.4519	0.17911	0.36899	0
V618	0.69044	0.03735	0.01072	0.26149
V619	0.36722	0.0378	0.3379	0.25709
V620	0.02259	0.6595	0.31323	0.00468
V621	0.41861	0.15307	0.18699	0.24133
V622	0.34775	0.2241	0.40426	0.02389
V623	0.02661	0.08745	0.17372	0.71222
V624	0.76018	0.22173	0.0012	0.01689
V625	0.26157	0.50538	0.0998	0.13325
V626	0.91463	0.06959	0.00352	0.01226
V627	0.01431	0.06297	0.12363	0.79908
V628	0.01499	0.24343	0.05047	0.6911
V629	0.12309	0.2835	0.29859	0.29481
V630	0.03931	0.32103	0.59879	0.04086
V631	0.02659	0.195	0.12913	0.64928
V632	0.56014	0.01949	0.14856	0.27181
V633	0.00538	0.04672	0.83698	0.11092
V634	0.38724	0.27163	0.33733	0.0038
V635	0.03943	0.75894	0.01217	0.18946
V636	0.11403	0.09689	0.67411	0.11496
V637	0.29422	0.19467	0.10386	0.40725
V638	0.36845	0.25873	0.07892	0.29391
V639	0.26016	0.43995	0.29988	0
V640	0.03617	0.14441	0.77788	0.04154
V641	0.86473	0.06328	0.02698	0.04502
V642	0.745	0.19199	0.00168	0.06133
V643	0.01286	0.17295	0.47612	0.33806
V644	0.87186	0.10958	0.00783	0.01072
V645	0.2558	0.41542	0.31246	0.01632
V646	0.03278	0.9506	0.01029	0.00633
V647	0.13411	0.08462	0.73174	0.04953
V648	0.40235	0.44273	0.13196	0.02296
V649	0.02709	0.06637	0.85599	0.05055
V650	0.05285	0.08654	0.80216	0.05845
V651	0.29034	0.03024	0.6737	0.00572
V652	0.08441	0.08547	0.46704	0.36308
V653	0.12368	0.67714	0.0976	0.10157
V654	0.68773	0.20918	0.05737	0.04572
V655	0.04621	0.56969	0.03281	0.35129
V656	0.19798	0.27146	0.03219	0.49836
V657	0.03687	0.11021	0.05385	0.79907
V658	0.59628	0.21442	0.06095	0.12835
V659	0.3149	0.08568	0.3905	0.20892
V660	0.04668	0.93241	0.00247	0.01843
V661	0.06286	0.41594	0.07007	0.45113
V662	0.39218	0.02747	0.4882	0.09214
V663	0.22503	0.071	0.59944	0.10453
V664	0.18752	0.06879	0.70305	0.04064
V665	0.68274	0.19555	0.04182	0.07988
V666	0.55623	0.02082	0.11307	0.30987
V667	0.7333	0.10129	0.16537	4e-05
V668	0.12564	0.79669	0.07765	2e-05
V669	0.22823	0.41551	0.26014	0.09612
V670	0.08789	0.89246	0.0018	0.01785
V671	0.35863	0.28595	0.26977	0.08566
V672	0.02156	0.04522	0.9048	0.02842
V673	0.2299	0.3679	0.24328	0.15891
V674	0.70851	0.1565	0.02055	0.11444
V675	0.1345	0.31981	0.34145	0.20424
V676	0.03538	0.12164	0.13467	0.70832
V677	0.38003	0.40867	0.09865	0.11265
V678	0.48636	0.49721	0.0123	0.00414
V679	0.04937	0.30586	0.63392	0.01085
V680	0.29674	0.55584	0.1314	0.01602
V681	0.87043	0.09271	0.01337	0.02349
V682	0.10826	0.29001	0.56914	0.03259
V683	0.03816	0.93754	0.02398	0.00031
V684	0.69251	0.16885	0.09283	0.04581
V685	0.488	0.3504	0.12308	0.03853
V686	0.08942	0.17667	0.17371	0.5602
V687	0.044	0.05433	0.0743	0.82737
V688	0.35992	0.52086	0.00258	0.11664
V689	0.23248	0.02849	0.07681	0.66223
V690	0.45273	0.05022	0.44088	0.05617
V691	0.14727	0.03365	0.81228	0.0068
V692	0.07316	0.13014	0.73828	0.05842
V693	0.22069	0.1035	0.39782	0.27799
V694	0.01592	0.04597	0.31835	0.61977
V695	0.22084	0.02595	0.18015	0.57306
V696	0.07699	0.10747	0.05433	0.76121
V697	0.02888	0.10164	0.05805	0.81143
V698	0.79605	0.03347	0.01749	0.153
V699	0.55937	0.29074	0.06792	0.08197
V700	0.2145	0.05309	0.04077	0.69164
V701	0.11415	0.52937	0.11571	0.24078
V702	0.51759	0.09313	0.02532	0.36396
V703	0.12417	0.05229	0.51915	0.30438
V704	0.80343	0.06568	0.02814	0.10276
V705	0.92097	0.0392	0.01546	0.02437
V706	0.07099	0.05218	0.80103	0.0758
V707	0.04105	0.4228	0.50373	0.03242
V708	0.04856	0.86936	0.02018	0.0619
V709	0.13017	0.25362	0.54849	0.06773
V710	0.59521	0.21414	0.05264	0.13801
V711	0.09374	0.80011	0.08285	0.0233
V712	0.79617	0.0751	0.00907	0.11966
V713	0.42417	0.3007	0.04069	0.23443
V714	0.0223	0.66524	0.02975	0.2827
V715	0.29658	0.33363	0.31224	0.05756
V716	0.04246	0.0711	0.08779	0.79864
V717	0.09001	0.89626	0.00202	0.01171
V718	0.14662	0.56854	0.18045	0.10439
V719	0.06419	0.71042	0.03967	0.18573
V720	0.68145	0.02223	0.23438	0.06194
V721	0.11783	0.15239	0.50602	0.22377
V722	0.0926	0.33826	0.03517	0.53397
V723	0.10596	0.10614	0.04478	0.74312
V724	0.55636	0.04299	0.0947	0.30595
V725	0.00639	0.10333	0.86226	0.02802
V726	0.04317	0.37149	0.13649	0.44885
V727	0.25669	0.65609	0.08342	0.0038
V728	0.04281	0.86856	0.08399	0.00464
V729	0.38269	0.02879	0.17945	0.40908
V730	0.87555	0.05917	0.04201	0.02327
V731	0.0294	0.18282	0.42272	0.36505
V732	0.33792	0.07683	0.37712	0.20812
V733	0.63468	0.1931	0.03616	0.13606
V734	0.22932	0.3065	0.46008	0.00411
V735	0.01996	0.03765	0.5059	0.43649
V736	0.14204	0.04419	0.04918	0.76459
V737	0.32582	0.2856	0.25168	0.1369
V738	0.07839	0.31916	0.47535	0.1271
V739	0.00591	0.03328	0.62003	0.34078
V740	0.81651	0.10762	0.06615	0.00972
V741	0.47025	0.10566	0.13489	0.2892
V742	0.37504	0.60965	0.01531	0
V743	0.12605	0.13735	0.71882	0.01777
V744	0.50566	0.04787	0.34518	0.10129
V745	0.02798	0.69521	0.1757	0.10111
V746	0.93215	0.0542	0.00567	0.00797
V747	0.05212	0.01879	0.73299	0.1961
V748	0.11459	0.09546	0.62405	0.16589
V749	0.26582	0.17565	0.07092	0.48761
V750	0.40158	0.46893	0.02007	0.10941
V751	0.05677	0.86318	0.03402	0.04602
V752	0.45635	0.22671	0.14167	0.17527
V753	0.04654	0.08039	0.04793	0.82514
V754	0.02858	0.91456	0.00285	0.05402
V755	0.14304	0.18324	0.36884	0.30488
V756	0.0378	0.0482	0.0971	0.81691
V757	0.3261	0.5933	0.05752	0.02307
V758	0.05483	0.76826	0.1129	0.06401
V759	0.11528	0.06091	0.43034	0.39347
V760	0.27578	0.06017	0.30295	0.3611
V761	0.07143	0.57782	0.2753	0.07545
V762	0.0146	0.38357	0.04006	0.56177
V763	0.37612	0.35693	0.03275	0.2342
V764	0.02669	0.91115	0.00822	0.05393
V765	0.6416	0.10519	0.00889	0.24432
V766	0.02182	0.30348	0.46395	0.21075
V767	0.47539	0.12449	0.2569	0.14321
V768	0.06823	0.89507	0.01976	0.01693
V769	0.14207	0.82161	0.02628	0.01004
V770	0.03278	0.9506	0.01029	0.00633
V771	0.15508	0.03487	0.79769	0.01236
V772	0.12679	0.05957	0.80765	0.00599
V773	0.16131	0.82196	0.0063	0.01043
V774	0.02353	0.03262	0.91418	0.02967
V775	0.10572	0.04979	0.3067	0.53779
V776	0.41991	0.42723	0.0516	0.10125
V777	0.1629	0.11737	0.16201	0.55771
V778	0.53025	0.27948	0.06994	0.12034
V779	0.15678	0.04467	0.52794	0.27061
V780	0.11596	0.76306	0.12096	3e-05
V781	0.05498	0.06506	0.07222	0.80774
V782	0.01154	0.11685	0.81282	0.05879
V783	0.76707	0.04186	0.05229	0.13877
V784	0.11586	0.86564	0.01368	0.00482
V785	0.05203	0.917	0.01365	0.01732
V786	0.70908	0.16984	0.08341	0.03766
V787	0.01879	0.83088	0.14538	0.00495
V788	0.50224	0.30621	0.15296	0.0386
V789	0.07289	0.35887	0.04926	0.51897
V790	0.42697	0.04465	0.09324	0.43514
V791	0.13474	0.36792	0.34858	0.14875
V792	0.13384	0.53769	0.01647	0.31199
V793	0.12372	0.65925	0.03875	0.17828
V794	0.0435	0.07849	0.81095	0.06706
V795	0.10265	0.06526	0.09195	0.74014
V796	0.02897	0.09042	0.86081	0.0198
V797	0.73229	0.02908	0.2283	0.01033
V798	0.6036	0.30647	0.07424	0.01569
V799	0.13308	0.7776	0.02641	0.0629
V800	0.0621	0.03248	0.5455	0.35991
V801	0.12949	0.11319	0.35594	0.40138
V802	0.03921	0.08431	0.29846	0.57802
V803	0.21619	0.52699	0.25682	0
V804	0.50495	0.02957	0.40127	0.0642
V805	0.04216	0.05303	0.90282	0.00198
V806	0.0589	0.89714	0.013	0.03096
V807	0.24019	0.1583	0.05746	0.54405
V808	0.64762	0.28168	0.04066	0.03004
V809	0.05033	0.07755	0.87096	0.00117
V810	0.03623	0.95287	0.00348	0.00743
V811	0.41028	0.0778	0.21959	0.29232
V812	0.5393	0.26819	0.05315	0.13936
V813	0.58487	0.2018	0.1904	0.02293
V814	0.41225	0.54241	0.04152	0.00382
V815	0.0209	0.90496	0.06887	0.00528
V816	0.88	0.05146	0.06774	8e-04
V817	0.03034	0.08605	0.87038	0.01322
V818	0.01516	0.09633	0.08586	0.80265
V819	0.81338	0.09998	0.04925	0.0374
V820	0.12258	0.11442	0.05532	0.70767
V821	0.21357	0.30982	0.40904	0.06756
V822	0.06575	0.04234	0.87172	0.02019
V823	0.02762	0.17717	0.70944	0.08577
V824	0.0929	0.37809	0.5287	3e-04
V825	0.21737	0.28499	0.27134	0.22629
V826	0.4202	0.42054	0.15001	0.00924
V827	0.36099	0.60462	0.01125	0.02315
V828	0.21015	0.1653	0.12806	0.49649
V829	0.04465	0.24681	0.06595	0.6426
V830	0.20898	0.22926	0.04768	0.51407
V831	0.75717	0.10291	0.03519	0.10473
V832	0.26529	0.40196	0.17525	0.1575
V833	0.14724	0.5109	0.18511	0.15675
V834	0.27133	0.08357	0.10101	0.54409
V835	0.3536	0.45578	0.11632	0.0743
V836	0.02326	0.67133	0.0174	0.28801
V837	0.21817	0.37901	0.20036	0.20247
V838	0.88718	0.07866	0.0293	0.00485
V839	0.28956	0.6141	0.09258	0.00376
V840	0.27629	0.71423	0.00931	0.00017
V841	0.00541	0.05989	0.88292	0.05178
V842	0.34741	0.16301	0.27805	0.21153
V843	0.01915	0.03823	0.87506	0.06756
V844	0.10578	0.08583	0.41085	0.39753
V845	0.0628	0.10274	0.77599	0.05847
V846	0.00507	0.03429	0.76778	0.19286
V847	0.02057	0.04972	0.10285	0.82685
V848	0.09272	0.50858	0.17722	0.22148
V849	0.02056	0.93833	0.00918	0.03192
V850	0.92801	0.04361	0.01652	0.01185
V851	0.31927	0.54135	0.13938	0
V852	0.09898	0.06483	0.15908	0.67711
V853	0.23727	0.21756	0.42823	0.11694
V854	0.58949	0.17356	0.10716	0.12979
V855	0.02057	0.04972	0.10285	0.82685
V856	0.04964	0.3405	0.37495	0.23491
V857	0.66486	0.18372	0.03527	0.11616
V858	0.52732	0.03459	0.43333	0.00476
V859	0.64633	0.2457	0.01935	0.08862
V860	0.17292	0.12305	0.07985	0.62419
V861	0.08915	0.3489	0.55152	0.01043
V862	0.12329	0.08594	0.74969	0.04107
V863	0.18509	0.08639	0.03388	0.69464
V864	0.06754	0.06348	0.09027	0.77872
V865	0.10492	0.02586	0.29427	0.57494
V866	0.699	0.04016	0.2508	0.01003
V867	0.69544	0.0507	0.24955	0.00431
V868	0.50834	0.28282	0.13519	0.07366
V869	0.04077	0.94346	0.00971	0.00606
V870	0.10248	0.33745	0.04128	0.51879
V871	0.02056	0.93833	0.00918	0.03192
V872	0.01719	0.04135	0.27993	0.66154
V873	0.86379	0.05669	0.04946	0.03006
V874	0.19235	0.77758	0.03007	0
V875	0.02439	0.18829	0.22538	0.56193
V876	0.15539	0.32139	0.43636	0.08686
V877	0.05068	0.38729	0.31633	0.2457
V878	0.13521	0.80306	0.06172	1e-05
V879	0.18635	0.69916	0.04217	0.07232
V880	0.29676	0.55806	0.00826	0.13691
V881	0.13303	0.04592	0.63736	0.1837
V882	0.7789	0.0252	0.12688	0.06902
V883	0.26814	0.20921	0.52247	0.00018
V884	0.03202	0.28953	0.03146	0.64699
V885	0.67525	0.23887	0.08588	0
V886	0.02227	0.35053	0.4918	0.1354
V887	0.6255	0.07272	0.16422	0.13756
V888	0.09061	0.05081	0.77376	0.08482
V889	0.88396	0.07866	0.02047	0.01691
V890	0.0355	0.13389	0.65567	0.17494
V891	0.60991	0.06082	0.29094	0.03833
V892	0.26183	0.18891	0.03322	0.51604
V893	0.57315	0.21871	0.15287	0.05527
V894	0.06749	0.30017	0.59966	0.03269
V895	0.58228	0.07215	0.20657	0.139
V896	0.05282	0.92195	0.00753	0.01769
V897	0.67117	0.26924	0.00581	0.05378
V898	0.42905	0.0293	0.03009	0.51156
V899	0.03372	0.19036	0.16574	0.61018
V900	0.07879	0.28317	0.39022	0.24782
V901	0.0485	0.82936	0.00906	0.11308
V902	0.0613	0.89035	0.04363	0.00472
V903	0.01564	0.40878	0.53486	0.04072
V904	0.04395	0.94571	0.00324	0.00709
V905	0.13719	0.02294	0.20565	0.63422
V906	0.38298	0.0972	0.12103	0.39878
V907	0.41402	0.52146	0.01829	0.04623
V908	0.02256	0.07885	0.11219	0.7864
V909	0.1319	0.80437	0.00179	0.06194
V910	0.14929	0.02575	0.15001	0.67495
V911	0.50267	0.40059	0.03355	0.0632
V912	0.38465	0.3288	0.13128	0.15527
V913	0.11972	0.03805	0.05405	0.78818
V914	0.17792	0.49691	0.29363	0.03154
V915	0.20786	0.03446	0.04503	0.71265
V916	0.23142	0.06018	0.66783	0.04058
V917	0.69868	0.04506	0.16805	0.08821
V918	0.053	0.63381	0.22925	0.08394
V919	0.19195	0.22713	0.32016	0.26076
V920	0.60836	0.20499	0.09584	0.09081
V921	0.03779	0.17571	0.06576	0.72074
V922	0.10086	0.4616	0.39723	0.04031
V923	0.07931	0.04935	0.08446	0.78687
V924	0.04519	0.66988	0.26103	0.02391
V925	0.16486	0.06081	0.0506	0.72373
V926	0.18254	0.04965	0.06376	0.70405
V927	0.03294	0.07185	0.09692	0.79829
V928	0.05811	0.88096	0.00719	0.05374
V929	0.06341	0.64457	0.12999	0.16202
V930	0.49632	0.3787	0.03446	0.09052
V931	0.13054	0.26455	0.53711	0.0678
V932	0.03498	0.10467	0.64341	0.21694
V933	0.5673	0.41109	0.01176	0.00986
V934	0.01537	0.14823	0.29811	0.53829
V935	0.55243	0.1666	0.21637	0.06461
V936	0.51187	0.27711	0.02331	0.18772
V937	0.52935	0.13367	0.09346	0.24352
V938	0.35853	0.05269	0.32928	0.2595
V939	0.73276	0.04	0.07764	0.14959
V940	0.03826	0.79185	0.13887	0.03102
V941	0.01051	0.05433	0.92185	0.0133
V942	0.71391	0.20467	0.06564	0.01578
V943	0.38196	0.12838	0.44122	0.04843
V944	0.0274	0.26567	0.08994	0.61698
V945	0.54346	0.36429	0.01211	0.08014
V946	0.44458	0.26458	0.25974	0.0311
V947	0.07686	0.06035	0.25649	0.6063
V948	0.31684	0.04153	0.62414	0.01749
V949	0.01019	0.11914	0.22936	0.64131
V950	0.06199	0.53215	0.21828	0.18758
V951	0.79435	0.04668	0.15456	0.00441
V952	0.06734	0.12597	0.28933	0.51737
V953	0.02065	0.06553	0.88603	0.0278
V954	0.04221	0.18051	0.16581	0.61146
V955	0.12414	0.60009	0.0339	0.24186
V956	0.03561	0.03408	0.54243	0.38788
V957	0.30422	0.0474	0.02949	0.61888
V958	0.06962	0.04659	0.04978	0.83401
V959	0.22351	0.2536	0.45542	0.06746
V960	0.22529	0.27058	0.09461	0.40952
V961	0.13444	0.37988	0.36882	0.11687
V962	0.3518	0.16677	0.41479	0.06663
V963	0.58696	0.17603	0.16394	0.07307
V964	0.8167	0.05366	0.09958	0.03005
V965	0.06216	0.49462	0.20007	0.24314
V966	0.92148	0.05755	0.00926	0.01171
V967	0.05274	0.04614	0.55991	0.34121
V968	0.00557	0.14655	0.78917	0.05872
V969	0.02075	0.28888	0.06605	0.62432
V970	0.03709	0.11348	0.45487	0.39456
V971	0.48798	0.08994	0.348	0.07409
V972	0.49491	0.20358	0.05783	0.24368
V973	0.26298	0.42159	0.08566	0.22977
V974	0.02163	0.78418	0.122	0.07219
V975	0.09929	0.28722	0.60882	0.00468
V976	0.43208	0.24828	0.12289	0.19674
V977	0.30849	0.36101	0.32667	0.00383
V978	0.06371	0.10606	0.09924	0.73099
V979	0.76763	0.04585	0.18215	0.00437
V980	0.93215	0.0542	0.00567	0.00797
V981	0.31784	0.03765	0.46096	0.18356
V982	0.434	0.40545	0.07767	0.08288
V983	0.67363	0.07917	0.01341	0.23379
V984	0.03123	0.83649	0.10131	0.03097
V985	0.07486	0.20428	0.039	0.68187
V986	0.31449	0.53234	0.05175	0.10142
V987	0.22954	0.75265	0.00081	0.017
V988	0.19465	0.0456	0.0501	0.70965
V989	0.42748	0.48186	0.07481	0.01585
V990	0.00507	0.05773	0.80764	0.12956
V991	0.6069	0.38178	0.00087	0.01045
V992	0.18555	0.01994	0.55071	0.24379
V993	0.07328	0.72663	0.1611	0.03899
V994	0.18122	0.78282	0.02608	0.00988
V995	0.72135	0.1193	0.03577	0.12358
V996	0.24837	0.13364	0.03743	0.58056
V997	0.01873	0.02919	0.84122	0.11086
V998	0.84911	0.04057	0.06546	0.04486
V999	0.12667	0.86555	0.00216	0.00562
V1000	0.2842	0.05427	0.03008	0.63144
