B_cells	NK_cells	T_cells_CD4.	Monocytes
V1	0.56815	0.01446	0.1652	0.25219
V2	0.20962	0.12513	0.04058	0.62467
V3	0.09608	0.63443	0.00462	0.26486
V4	0.8332	0.11193	0	0.05488
V5	0.14167	0.47066	0.25245	0.13521
V6	0.12038	0.82322	0.03034	0.02606
V7	0.18381	0.38351	0.07778	0.35491
V8	0.16621	0.01282	0.77442	0.04656
V9	0.28239	0.26609	0.02238	0.42914
V10	0.05788	0.02003	0.85656	0.06553
V11	0.2371	0.34926	0.41365	0
V12	0.06436	0.5601	0.3644	0.01114
V13	0.29934	0.66932	0.00727	0.02406
V14	0.11494	0.8607	0.0137	0.01065
V15	0.15568	0.58363	0.1272	0.13348
V16	0.85702	0.05498	0.01467	0.07333
V17	0.13013	0.82481	0.01936	0.0257
V18	0.57202	0.33616	0.0425	0.04932
V19	0.19998	0.77296	0.00964	0.01743
V20	0.20347	0.48039	0.00957	0.30658
V21	0.16519	0.07457	0.71805	0.04219
V22	0.06231	0.13136	0.20472	0.60162
V23	0.39584	0.05355	0.5313	0.01931
V24	0.91208	0.04867	0.0304	0.00886
V25	0.36873	0.25296	0.12153	0.25678
V26	0.41673	0.39014	0.00911	0.18402
V27	0.16958	0.09961	0.00633	0.72448
V28	0.02368	0.0774	0.89892	0
V29	0.44903	0.03899	0.46693	0.04505
V30	0.1356	0.24421	0.27176	0.34843
V31	0.23358	0.21295	0.28724	0.26623
V32	0.15302	0.06339	0.03486	0.74873
V33	0.08036	0.48869	0.34992	0.08103
V34	0.16548	0.05404	0.73664	0.04385
V35	0.19993	0.68014	0.09332	0.02661
V36	0.04106	0.06885	0.47872	0.41137
V37	0.55927	0.08255	0.0908	0.26737
V38	0.46515	0	0.17568	0.35917
V39	0.19843	0.55011	0.13512	0.11634
V40	0.13711	0.77342	0.08947	0
V41	0.03762	0.68205	0.0536	0.22674
V42	0.27418	0.04846	0.20799	0.46937
V43	0.16402	0.33675	0.47475	0.02448
V44	0.04506	0.0998	0.70778	0.14737
V45	0.1338	0.56738	0.22343	0.07539
V46	0.77674	0.0807	0.11602	0.02654
V47	0.45602	0.19402	0.29851	0.05146
V48	0.78395	0.1675	0	0.04855
V49	0.72116	0.18144	0	0.0974
V50	0.11125	0.78753	0.10122	0
V51	0.33278	0.39004	0.25178	0.0254
V52	0.0599	0.12959	0.765	0.04551
V53	0.72674	0.12723	0.14603	0
V54	0.43391	0.19578	0.34673	0.02357
V55	0.25217	0.15078	0.23724	0.35981
V56	0.11454	0.04425	0.09211	0.7491
V57	0.14025	0.81205	0.03111	0.01659
V58	0.66184	0.01381	0.03148	0.29287
V59	0.44621	0.39826	0.1065	0.04903
V60	0.16956	0.17831	0.3218	0.33034
V61	0.7837	0.11109	0	0.10521
V62	0.84099	0.04721	0.06182	0.04999
V63	0.05704	0.78358	0.13756	0.02182
V64	0.05029	0.83911	0	0.1106
V65	0.07706	0.00406	0.12734	0.79153
V66	0.25135	0.66446	0.02349	0.0607
V67	0.18462	0.32559	0.48268	0.00712
V68	0.21866	0.18609	0.00418	0.59108
V69	0.05918	0.31437	0.58114	0.04531
V70	0.54267	0.16002	0.17401	0.1233
V71	0.20376	0.09311	0.37127	0.33186
V72	0.57782	0.16694	0.08994	0.1653
V73	0.18752	0.59009	0.14656	0.07584
V74	0.09244	0.22732	0.68024	0
V75	0.7004	0	0.19098	0.10861
V76	0.02928	0.21722	0.18558	0.56792
V77	0.08502	0.33	0	0.58498
V78	0.34191	0.13512	0.18257	0.3404
V79	0.03785	0.12055	0.75368	0.08792
V80	0.37386	0.03131	0.50834	0.08648
V81	0.09572	0.17479	0.72542	0.00407
V82	0.02353	0.09375	0.8511	0.03162
V83	0.18829	0.21385	0.06702	0.53084
V84	0.43053	0.06018	0.16059	0.3487
V85	0.13945	0.32541	0.38885	0.14629
V86	0.08209	0.07142	0.7896	0.05689
V87	0.07371	0.79358	0.07019	0.06252
V88	0.21366	0.08348	0.26935	0.43352
V89	0.07593	0.04791	0.20604	0.67013
V90	0.0718	0.83681	0.07409	0.01729
V91	0.07431	0.70036	0.19886	0.02647
V92	0.47187	0.03251	0.36447	0.13115
V93	0.85554	0.02206	0	0.1224
V94	0.05503	0.48789	0.01279	0.44429
V95	0.28364	0.42996	0.15679	0.12962
V96	0.14052	0.14636	0.01297	0.70015
V97	0.6723	0.11024	0.19634	0.02112
V98	0.68478	0.28118	0	0.03404
V99	0.77488	0.05559	0.14054	0.02899
V100	0.11513	0.04709	0.79589	0.0419
V101	0.09484	0.10034	0	0.80482
V102	0.87693	0.06508	0	0.05798
V103	0.06435	0.09043	0.09191	0.75331
V104	0.08121	0.88846	0.01505	0.01528
V105	0.10493	0.86188	0.02411	0.00909
V106	0.1544	0.49669	0.317	0.0319
V107	0.21561	0.21052	0.52712	0.04675
V108	0.18734	0.70887	0.10379	0
V109	0.04453	0.1848	0.57234	0.19834
V110	0.09967	0.82222	0.05237	0.02574
V111	0.87878	0	0.07397	0.04725
V112	0.17031	0.08618	0.42217	0.32134
V113	0.23796	0.13366	0.17765	0.45072
V114	0.30372	0.07182	0.07938	0.54508
V115	0.04554	0.71217	0.23609	0.0062
V116	0.1718	0.32309	0.35815	0.14696
V117	0.66579	0.24829	0.03107	0.05486
V118	0.20059	0.57754	0.03502	0.18685
V119	0.17947	0.1181	0.04364	0.65879
V120	0.11565	0.09046	0.76745	0.02644
V121	0.59842	0.1384	0.08911	0.17407
V122	0.88935	0.02406	0.01711	0.06947
V123	0.03927	0.54604	0.04604	0.36865
V124	0.65538	0.27634	0	0.06828
V125	0.40506	0.4026	0.17252	0.01983
V126	0.0953	0.1947	0.04392	0.66607
V127	0.21501	0.07293	0.25966	0.4524
V128	0.09973	0.04855	0.11205	0.73966
V129	0.57422	0.2315	0.15628	0.03801
V130	0.04366	0.62099	0.32841	0.00694
V131	0.06933	0.86168	0	0.06898
V132	0.8773	0.01839	0.03183	0.07248
V133	0.86524	0.03051	0.04872	0.05554
V134	0.14794	0.416	0.12862	0.30744
V135	0.13997	0.04919	0.18533	0.62552
V136	0.28262	0.41938	0	0.29801
V137	0.64091	0.04476	0.23394	0.08039
V138	0.24062	0.40913	0.17732	0.17293
V139	0.37548	0.22062	0.19073	0.21318
V140	0.08916	0.13802	0.04978	0.72304
V141	0.09852	0.18084	0.52119	0.19944
V142	0.78823	0.00269	0.20229	0.0068
V143	0.45155	0.27355	0.06206	0.21285
V144	0.21338	0.18779	0.16701	0.43182
V145	0.03013	0.72448	0.23683	0.00856
V146	0.13635	0.04745	0.04847	0.76774
V147	0.86306	0.03905	0.01599	0.08189
V148	0.16538	0.09616	0.55454	0.18392
V149	0.28898	0.4927	0.21744	0.00088
V150	0.12073	0.25455	0.5526	0.07211
V151	0.2421	0.61021	0.03832	0.10938
V152	0.25916	0.43691	0.2183	0.08563
V153	0.14941	0.72973	0.02268	0.09818
V154	0.26899	0.44243	0.26502	0.02355
V155	0.47898	0.15482	0.26945	0.09675
V156	0.06561	0.16431	0.65484	0.11524
V157	0.32984	0.17409	0.30008	0.196
V158	0.09741	6e-04	0.08434	0.81765
V159	0.84568	0.07092	0	0.0834
V160	0.7006	0.01045	0.06272	0.22623
V161	0.28044	0.03001	0.0318	0.65775
V162	0.11191	0.34129	0.08009	0.46671
V163	0.13259	0.49814	0.17346	0.19581
V164	0.36567	0.32202	0.10126	0.21105
V165	0.05418	0.3078	0	0.63802
V166	0.05954	0.15009	0.06819	0.72218
V167	0.41762	0.00023	0.00402	0.57812
V168	0.31205	0.54893	0.08572	0.0533
V169	0.25465	0.09223	0.03148	0.62164
V170	0.14876	0.04699	0.51239	0.29186
V171	0.16436	0.25158	0.54723	0.03683
V172	0.70233	0	0.26023	0.03745
V173	0.08441	0.196	0.03613	0.68347
V174	0.06495	0.2162	0.07356	0.64529
V175	0.10356	0.02947	0.7501	0.11687
V176	0.04741	0.76418	0.18242	0.00599
V177	0.06108	0.90791	0.00056	0.03045
V178	0.04474	0.76931	0.00762	0.17833
V179	0.20801	0.03316	0.37985	0.37898
V180	0.07203	0.83519	0.09278	0
V181	0.19524	0.15417	0.51005	0.14054
V182	0.31982	0.19349	0.4295	0.05719
V183	0.21943	0.7589	0.0112	0.01048
V184	0.94419	0.00451	0.03671	0.01459
V185	0.5739	0.39292	0.01135	0.02183
V186	0.15295	0.47673	0.26107	0.10926
V187	0.89164	0.02401	0.03275	0.0516
V188	0.11128	0.27137	0	0.61735
V189	0.80088	0.03363	0.00926	0.15624
V190	0.6449	0.02473	0.29591	0.03445
V191	0.21625	0.22035	0.52688	0.03652
V192	0.32961	0.46595	0.04896	0.15548
V193	0.60086	0.0441	0.22756	0.12748
V194	0.08335	0.87368	0.01138	0.03159
V195	0.05854	0.06268	0.83994	0.03884
V196	0.07177	0.13252	0.0071	0.78861
V197	0.4627	0.07653	0.00845	0.45232
V198	0.10373	0.49187	0.3569	0.04751
V199	0.22442	0.05213	0.18179	0.54166
V200	0.17008	0.57573	0.01435	0.23984
V201	0.13228	0.54748	0.19475	0.12548
V202	0.05304	0.05179	0.74089	0.15429
V203	0.19666	0.4191	0.37138	0.01286
V204	0.04514	0.57107	0	0.38378
V205	0.05841	0.0879	0.81523	0.03846
V206	0.08734	0.1231	0.78027	0.00929
V207	0.18849	0.23584	0.04489	0.53078
V208	0.27517	0.0851	0.61817	0.02155
V209	0.32838	0.4651	0.06789	0.13862
V210	0.12625	0.72337	0.10492	0.04546
V211	0.47359	0.03379	0.02296	0.46966
V212	0.5073	0.05485	0.39873	0.03911
V213	0.64116	0.04138	0.10834	0.20912
V214	0.36044	0.18382	0.16179	0.29394
V215	0.3473	0.13541	0	0.51729
V216	0.123	0.00355	0.06984	0.80361
V217	0.07957	0.49984	0.23535	0.18523
V218	0.13339	0.46251	0.17144	0.23266
V219	0.14904	0.64102	0.00822	0.20172
V220	0.04669	0.8166	0.01111	0.1256
V221	0.80167	0.01466	0	0.18367
V222	0.33763	0.15349	0.34767	0.16122
V223	0.03766	0.16579	0.71773	0.07882
V224	0.93244	0.00344	0.04491	0.01921
V225	0.10359	0.8224	0.07401	0
V226	0.32722	0.10172	0.55252	0.01854
V227	0.76491	0	0.18893	0.04616
V228	0.75067	0.07786	0.0606	0.11088
V229	0.06083	0.05531	0.8343	0.04956
V230	0.08252	0.08448	0.03659	0.79641
V231	0.05455	0.32848	0.11057	0.5064
V232	0.08468	0.66351	0	0.25181
V233	0.56463	0.10196	0.19226	0.14114
V234	0.08242	0.85147	0.04495	0.02116
V235	0.38901	0.07785	0.49209	0.04105
V236	0.08025	0.09832	0.74002	0.0814
V237	0.22834	0.03297	0.03934	0.69935
V238	0.16539	0.53357	0.26124	0.0398
V239	0.11211	0.4439	0.0075	0.43649
V240	0.4925	0.05335	0.39499	0.05915
V241	0.05637	0.02823	0.83794	0.07745
V242	0.1707	0.71687	0.10545	0.00698
V243	0.2667	0.06364	0.59091	0.07875
V244	0.23752	0.00935	0.66423	0.08891
V245	0.59401	0.29118	0.04887	0.06594
V246	0.09191	0.1725	0.70735	0.02823
V247	0.19916	0.05075	0.75009	0
V248	0.09148	0.08229	0.05585	0.77037
V249	0.0145	0.07828	0.82677	0.08044
V250	0.74587	0	0.21508	0.03906
V251	0.89114	0.06059	0.00033	0.04794
V252	0.04969	0.78646	0.16386	0
V253	0.39848	0.09191	0.16086	0.34876
V254	0.05792	0.8646	0.06778	0.0097
V255	0.09058	0.86684	0	0.04258
V256	0.20459	0.22962	0.48451	0.08128
V257	0.44005	0.11881	0.22572	0.21542
V258	0.20515	0.27932	0.40194	0.11359
V259	0.07148	0.30402	0.58737	0.03712
V260	0.02221	0.29646	0.66816	0.01317
V261	0.61387	0.0421	0.19219	0.15184
V262	0.16831	0.10851	0.00517	0.71801
V263	0.06789	0.89829	0	0.03382
V264	0.20192	0.0624	0.42198	0.3137
V265	0.09778	0.01067	0.15714	0.73441
V266	0.65902	0.33608	0.0049	0
V267	0.02015	0.22379	0.2903	0.46577
V268	0.42356	0.03927	0.1439	0.39327
V269	0.03833	0.54221	0.37928	0.04017
V270	0.634	0.03491	0.23483	0.09626
V271	0.77801	0.07786	0.02507	0.11906
V272	0.09691	0.79696	0.01598	0.09015
V273	0.13169	0.06441	0.04863	0.75527
V274	0.69377	0	0.18195	0.12428
V275	0.02564	0.0666	0.86111	0.04665
V276	0.51594	0.33993	1e-05	0.14413
V277	0.07833	0.25291	0.16194	0.50682
V278	0.08451	0.09588	0.29464	0.52497
V279	0.67798	0.06898	0.1076	0.14544
V280	0.09741	6e-04	0.08434	0.81765
V281	0.55813	0.04396	0.13789	0.26002
V282	0.09189	0.09832	0.74243	0.06736
V283	0.24191	0.56685	0.06468	0.12656
V284	0.07534	0.8451	0.07591	0.00365
V285	0.11106	0.03036	0.85859	0
V286	0.27197	0.53044	0.11243	0.08516
V287	0.13962	0.81589	0.01945	0.02504
V288	0.04554	0.30558	0.41632	0.23256
V289	0.29975	0.23321	0.39431	0.07272
V290	0.82308	0.16234	0.01287	0.00171
V291	0.48912	0.0826	0.4024	0.02588
V292	0.88763	0.01725	0	0.09513
V293	0.31632	0.03509	0.6001	0.04849
V294	0.13228	0.3977	0	0.47002
V295	0.05699	0.22323	0.19345	0.52632
V296	0.20529	0.14348	0.56691	0.08432
V297	0.14933	0.00995	0.09673	0.74398
V298	0.31795	0.12043	0.54556	0.01605
V299	0.12004	0.32191	0	0.55805
V300	0.03272	0.07358	0.23889	0.65481
V301	0.15388	0.13786	0.60052	0.10774
V302	0.64846	0.31932	0	0.03222
V303	0.02687	0.57698	0.36935	0.0268
V304	0.09337	0.05648	0.7023	0.14785
V305	0.15358	0.18763	0.44044	0.21835
V306	0.77685	0.10382	0.04401	0.07532
V307	0.06709	0.87904	0.02678	0.02709
V308	0.2533	0.25072	0.28488	0.21109
V309	0.3612	0.33392	0.01443	0.29045
V310	0.11652	0.34985	0.15044	0.38319
V311	0.52564	0.4501	0.00325	0.02101
V312	0.13847	0.69367	0.15232	0.01554
V313	0.02746	0.16769	0.01875	0.78611
V314	0.04856	0.50727	0.11132	0.33286
V315	0.15856	0.61933	0.03732	0.18479
V316	0.32618	0.15414	0.36756	0.15213
V317	0.12603	0.68276	0.05226	0.13895
V318	0.0769	0.58262	0.00151	0.33897
V319	0.09209	0.09113	0.76913	0.04765
V320	0.11032	0.16975	0.60497	0.11495
V321	0.64925	0.34542	0.00534	0
V322	0.22986	0.35007	0.06429	0.35578
V323	0.12167	0.05852	0.09327	0.72654
V324	0.64636	0.25061	0.06686	0.03617
V325	0.33043	0.60328	0.06322	0.00307
V326	0.02012	0.58571	0.09814	0.29604
V327	0.06526	0.19612	0.10236	0.63625
V328	0.08275	0.05743	0.70405	0.15577
V329	0.21665	0.14654	0.16798	0.46883
V330	0.4098	0.02445	0.32318	0.24256
V331	0.38558	0.1179	0.0335	0.46302
V332	0.05531	0.09361	0.18514	0.66593
V333	0.42929	0.0904	0.36809	0.11222
V334	0.378	0.02647	0.34437	0.25116
V335	0.0583	0.3466	0.48563	0.10948
V336	0.21093	0.6743	0.02221	0.09256
V337	0.30115	0.39277	0.28168	0.02439
V338	0.03159	0.91431	0.02412	0.02998
V339	0.15641	0.01744	0.80138	0.02477
V340	0.08665	0.25008	0.49966	0.16361
V341	0.08754	0.08021	0.06958	0.76267
V342	0.27005	0.01418	0.58711	0.12866
V343	0.89685	0.04304	0.00177	0.05834
V344	0.67066	0.15581	0.17352	0
V345	0.07071	0.07011	0.85918	0
V346	0.26051	0.14028	0.27662	0.32258
V347	0.10783	0.044	0.13133	0.71685
V348	0.0897	0.63512	0.15167	0.12352
V349	0.35471	0.1814	0.36287	0.10103
V350	0.06815	0.75139	0.18046	0
V351	0.05902	0.06808	0.39545	0.47746
V352	0.082	0.04713	0.78753	0.08334
V353	0.83688	0.03457	0.02983	0.09872
V354	0.08416	0.65513	0.22693	0.03378
V355	0.29377	0.09738	0.43854	0.17031
V356	0.09872	0.06154	0.10181	0.73793
V357	0.14092	0.35157	0.2721	0.23541
V358	0.55124	0.12233	0.04253	0.28389
V359	0.5859	0.07613	0.0193	0.31867
V360	0.54757	0.40605	0.0197	0.02668
V361	0.021	0.44332	0.52437	0.01131
V362	0.01847	0.91634	0.03672	0.02847
V363	0.19694	0.14406	0.4475	0.2115
V364	0.1858	0.08822	0.63261	0.09337
V365	0.32226	0.05677	0	0.62097
V366	0.11433	0.66238	0.09227	0.13102
V367	0.57767	0.15038	0	0.27195
V368	0.12605	0.69764	0.09352	0.08279
V369	0.05413	0.39297	0.54646	0.00643
V370	0.31086	0.2793	0.38373	0.02611
V371	0.2208	0.68504	0.03327	0.06089
V372	0.21616	0.08844	0.12016	0.57524
V373	0.11271	0.17061	0.45392	0.26276
V374	0.76667	0.02563	0.20178	0.00592
V375	0.1002	0.08112	0.14375	0.67493
V376	0.09649	0.07527	0.09854	0.7297
V377	0.78807	0	0.00541	0.20652
V378	0.04487	0.06913	0.40736	0.47864
V379	0.36917	0.22257	0	0.40826
V380	0.196	0.10709	0.19936	0.49755
V381	0.71987	0.0197	0.09064	0.16979
V382	0.11788	0.06253	0.79914	0.02045
V383	0.80575	0.01174	0.04729	0.13522
V384	0.55489	0.09272	0.12741	0.22498
V385	0.81495	0.02243	0.07289	0.08974
V386	0.34182	0.03309	0.14941	0.47568
V387	0.56787	0.15897	0.18145	0.09171
V388	0.38121	0.33662	0.1408	0.14138
V389	0.42708	0.49973	0.00855	0.06464
V390	0.30847	0.25987	0.42735	0.0043
V391	0.44923	0.13359	0	0.41717
V392	0.42616	0.23624	0.15899	0.17861
V393	0.29238	0.24428	0.33077	0.13257
V394	0.13578	0.26687	0.11064	0.48671
V395	0.241	0.39702	0.19831	0.16367
V396	0.0566	0.89255	0.01637	0.03447
V397	0.74235	0.09541	0.09818	0.06406
V398	0.45826	0.15758	0.09086	0.2933
V399	0.21808	0.53496	0.15403	0.09293
V400	0.02288	0.6045	0.06891	0.30371
V401	0.06534	0.18209	0.67479	0.07777
V402	0.79098	0.17467	0.03435	0
V403	0.08959	0.06717	0.08002	0.76322
V404	0.11959	0.21736	0.57317	0.08988
V405	0.26624	0.05907	0.17017	0.50451
V406	0.62799	0.25479	0.00842	0.1088
V407	0.03159	0.91431	0.02412	0.02998
V408	0.12046	0.26943	0.38399	0.22613
V409	0.04456	0.07563	0.05153	0.82827
V410	0.1289	0.80636	0.04022	0.02451
V411	0.47783	0.01983	0	0.50234
V412	0.18761	0.10371	0.47916	0.22951
V413	0.09022	0.49604	0.18271	0.23104
V414	0.06934	0.50168	0.32245	0.10654
V415	0.45576	0.04933	0.22644	0.26847
V416	0.05818	0.10968	0.83214	0
V417	0.39765	0.57983	0.00702	0.01549
V418	0.12276	0.14763	0.14163	0.58799
V419	0.09205	0.00306	0.08929	0.8156
V420	0.02129	0.86711	0.02643	0.08518
V421	0.18601	0.06713	0.63657	0.11029
V422	0.12013	0.11943	0	0.76044
V423	0.11513	0.04709	0.79589	0.0419
V424	0.01729	0.08971	0.61109	0.28191
V425	0.08733	0.25794	0.55786	0.09687
V426	0.12337	0.07545	0.72669	0.07449
V427	0.10193	0.41797	0.19225	0.28785
V428	0.12675	0.73305	0.06437	0.07582
V429	0.08868	0.0187	0.08479	0.80784
V430	0.72425	0.17538	0.00794	0.09243
V431	0.21181	0.05202	0.44073	0.29544
V432	0.16703	0.13875	0.04361	0.65061
V433	0.09615	0.72448	0	0.17937
V434	0.375	0.1083	0.04448	0.47221
V435	0.52427	0.02471	0.12129	0.32973
V436	0.41551	0.02951	0.11745	0.43754
V437	0.27173	0.25762	0	0.47064
V438	0.60305	0.17647	0.02176	0.19872
V439	0.09752	0.15306	0	0.74943
V440	0.51144	0.06206	0.01945	0.40704
V441	0.10013	0.16046	0.56636	0.17305
V442	0.3309	0.35413	0.13124	0.18373
V443	0.72879	0.01107	0.08982	0.17033
V444	0.07071	0.07011	0.85918	0
V445	0.59646	0.03061	0.32289	0.05004
V446	0.07376	0.7871	0.06969	0.06946
V447	0.60795	0.10846	0.17297	0.11061
V448	0.0645	0.11188	0.1942	0.62942
V449	0.54955	0.05708	0.28499	0.10838
V450	0.18065	0.79605	0.0233	0
V451	0.8728	0.05907	0	0.06813
V452	0.10411	0.04798	0.08567	0.76224
V453	0.76882	0.08686	0.06124	0.08308
V454	0.02999	0.87515	0.06978	0.02508
V455	0.58444	0.04728	0.29068	0.0776
V456	0.33709	0.14356	0.36691	0.15244
V457	0.04243	0.10084	0.02556	0.83118
V458	0.30309	0.25405	0	0.44287
V459	0.05033	0.75879	0.10807	0.08281
V460	0.8824	0.02044	0.03244	0.06473
V461	0.13822	0.09322	0	0.76856
V462	0.37244	0.25969	0	0.36787
V463	0.27084	0.46694	0.15942	0.10281
V464	0.52439	0.11617	0	0.35943
V465	0.41297	0.42549	0.02087	0.14067
V466	0.58237	0.1967	0	0.22093
V467	0.33145	0.54417	0.08615	0.03823
V468	0.49707	0.39116	0.05153	0.06024
V469	0.05315	0.21991	0.28616	0.44078
V470	0.53557	0.14074	0.17507	0.14861
V471	0.31331	0.14564	0.02253	0.51851
V472	0.34719	0.34005	0	0.31276
V473	0.13629	0.52344	0.32724	0.01303
V474	0.18335	0.00182	0.12696	0.68786
V475	0.21374	0.41975	0.07653	0.28998
V476	0.22467	0.04697	0.06254	0.66582
V477	0.58603	0.05296	0.2015	0.15951
V478	0.16973	0.59128	0	0.23898
V479	0.04668	0.11978	0.74576	0.08779
V480	0.12531	0.35062	0.03951	0.48456
V481	0.17599	0.04487	0.74972	0.02942
V482	0.66626	0.16988	0.10933	0.05452
V483	0.18278	0.15511	0.06931	0.59279
V484	0.08503	0.12418	0.02794	0.76285
V485	0.16034	0.71215	0.01306	0.11445
V486	0.2925	0.28949	0.12561	0.2924
V487	0.13791	0.08866	0.08694	0.68649
V488	0.02719	0.02669	0.8416	0.10452
V489	0.23709	0.12613	0.62103	0.01576
V490	0.35796	0.33363	0.06238	0.24603
V491	0.44749	0.45286	0.03407	0.06558
V492	0.07096	0.78142	0.1469	0.00072
V493	0.13148	0	0	0.86852
V494	0.21573	0.18165	0.48757	0.11505
V495	0.25002	0.58833	0.14617	0.01548
V496	0.30176	0.65245	0	0.04579
V497	0.06049	0.02043	0.87606	0.04302
V498	0.35209	0.13918	0.04447	0.46425
V499	0.59927	0.26331	0.12169	0.01573
V500	0.13357	0.14967	0.67061	0.04615
V501	0.03646	0.021	0.09569	0.84685
V502	0.53592	0.27985	0.14938	0.03484
V503	0.23621	0.13339	0.19787	0.43253
V504	0.26161	0.66299	0.01428	0.06112
V505	0.22369	0.245	0.24787	0.28344
V506	0.11809	0.27831	0.43067	0.17294
V507	0.59696	0.11882	0.11806	0.16615
V508	0.72028	0.17492	0.03626	0.06854
V509	0.25054	0.09063	0.4808	0.17803
V510	0.24796	0.49497	0.25707	0
V511	0.08718	0.45364	0.04191	0.41727
V512	0.29225	0.08349	0.07918	0.54508
V513	0.11309	0.61279	0.21623	0.05789
V514	0.07594	0.12512	0	0.79893
V515	0.74065	0.0781	0.04213	0.13911
V516	0.86815	0.0899	0	0.04196
V517	0.09117	0.06689	0.25331	0.58863
V518	0.8979	0.0509	0	0.0512
V519	0.06763	0.83473	0.00872	0.08893
V520	0.06467	0.02006	0.61584	0.29944
V521	0.54814	0.06081	0.3436	0.04746
V522	0.0341	0.16499	0.55768	0.24323
V523	0.36615	0.15252	0.24941	0.23192
V524	0.04262	0.72985	0.20073	0.0268
V525	0.29553	0.24499	0.01262	0.44686
V526	0.63045	0.09943	0.07056	0.19956
V527	0.23675	0.05071	0.38896	0.32358
V528	0.13841	0.81357	0	0.04802
V529	0.1103	0.10585	0.22214	0.56172
V530	0.03583	0.23178	0.63469	0.0977
V531	0.0624	0.81002	0.12758	0
V532	0.21066	0.36343	0.01534	0.41057
V533	0.29914	0.36676	0.13347	0.20063
V534	0.0411	0.05393	0.68146	0.2235
V535	0.58218	0	0.00669	0.41114
V536	0.23089	0	0.38491	0.3842
V537	0.57252	0.25788	0.14799	0.02161
V538	0.47466	0.07734	0.08405	0.36395
V539	0.28364	0.42996	0.15679	0.12962
V540	0.23022	0.65232	0.08196	0.03551
V541	0.04919	0.53593	0.06423	0.35065
V542	0.22914	0.16405	0.2473	0.3595
V543	0.84765	0.01658	0.0053	0.13048
V544	0.15312	0.13321	0.17098	0.5427
V545	0.38909	0.17265	0.06418	0.37407
V546	0.09265	0.82283	0.08406	0.00045
V547	0.07552	0.60464	0.31017	0.00967
V548	0.19103	0.71317	0.09579	0
V549	0.33417	0.0557	0.58312	0.02702
V550	0.60124	0.03605	0	0.36271
V551	0.2103	0.69429	0.0424	0.05301
V552	0.02258	0.56934	0	0.40809
V553	0.24771	0.17071	0.56059	0.02099
V554	0.1209	0.13811	0.0192	0.72178
V555	0.12305	0.26277	0.3232	0.29098
V556	0.01888	0.07139	0.8505	0.05922
V557	0.79507	0.04231	0	0.16263
V558	0.10651	0.75453	0.03355	0.10541
V559	0.04763	0.75416	0.1982	0
V560	0.67351	0.29855	0	0.02793
V561	0.02564	0.0666	0.86111	0.04665
V562	0.75235	0.01161	0.11707	0.11896
V563	0.26345	0.01835	0.69349	0.02472
V564	0.09523	0.11118	0.76979	0.0238
V565	0.15075	0.28799	0.36128	0.19999
V566	0.68635	0.10798	0	0.20566
V567	0.24732	0.46312	0.01917	0.27038
V568	0.29879	0.02598	0.05991	0.61532
V569	0.68091	0.03297	0	0.28612
V570	0.05866	0.30627	0.57403	0.06104
V571	0.78457	0.1264	0	0.08902
V572	0.44839	0.02685	0.42014	0.10461
V573	0.11878	0.21889	0	0.66233
V574	0.07736	0.73044	0.18168	0.01053
V575	0.06879	0.1349	0.1244	0.67191
V576	0.19039	0.74834	0.04769	0.01357
V577	0.09161	0.08773	0.21341	0.60725
V578	0.09141	0.10473	0.64034	0.16353
V579	0.04838	0.81637	0.11117	0.02408
V580	0.21131	0.03237	0.11855	0.63777
V581	0.13648	0.12593	0	0.73759
V582	0.57767	0.16943	0.02116	0.23174
V583	0.03661	0.08801	0.57728	0.29811
V584	0.50533	0.17208	0.27759	0.045
V585	0.05057	0.05008	0.44358	0.45577
V586	0.2573	0.03583	0.61146	0.09541
V587	0.28515	0.0367	0.63696	0.0412
V588	0.63328	0.06585	0.00852	0.29235
V589	0.09493	0.7653	0.07782	0.06195
V590	0.08805	0.71297	0.19898	0
V591	0.03284	0.08382	0.20967	0.67367
V592	0.18875	0.06742	0.74383	0
V593	0.58617	0	0.18681	0.22702
V594	0.34313	0.29708	0.31622	0.04357
V595	0.10295	0.08099	0.03277	0.78329
V596	0.07242	0.32243	0.22242	0.38274
V597	0.02425	0.56822	0.33553	0.07199
V598	0.05643	0.14883	0.76889	0.02585
V599	0.60877	0.3137	0.03396	0.04357
V600	0.36913	0.46705	0.05042	0.1134
V601	0.20008	0.31199	0.07679	0.41113
V602	0.10849	0.09079	0.01175	0.78896
V603	0.04681	0.42059	0.0019	0.5307
V604	0.50296	0.13541	0.32246	0.03917
V605	0.09851	0.34929	0.38131	0.17089
V606	0.70387	0.16708	0	0.12906
V607	0.64339	0.02136	0.10916	0.22609
V608	0.24041	0.19114	0.36538	0.20307
V609	0.06309	0.28223	0.23356	0.42112
V610	0.73962	0.03048	0.08961	0.14028
V611	0.34033	0.02432	0.05588	0.57947
V612	0.05531	0.12866	0.74181	0.07421
V613	0.07267	0.34102	0.55113	0.03519
V614	0.73327	0.07845	0.04201	0.14627
V615	0.19675	0.10158	0	0.70166
V616	0.11589	0.68444	0.05243	0.14724
V617	0.47257	0.17527	0.35216	0
V618	0.7218	0.01148	0	0.26672
V619	0.39932	0.05235	0.30599	0.24233
V620	0.04366	0.62099	0.32841	0.00694
V621	0.43053	0.17793	0.16857	0.22297
V622	0.36258	0.23721	0.3709	0.02932
V623	0.06767	0.12393	0.14453	0.66386
V624	0.76525	0.18921	0	0.04554
V625	0.28401	0.48763	0.09982	0.12854
V626	0.89028	0.04276	0	0.06696
V627	0.03573	0.07431	0.08707	0.80289
V628	0.03369	0.28054	0.00829	0.67747
V629	0.15425	0.32108	0.27036	0.25431
V630	0.07085	0.34162	0.54359	0.04394
V631	0.06085	0.2453	0.10344	0.5904
V632	0.59088	0	0.13954	0.26957
V633	0.01752	0.07616	0.78837	0.11796
V634	0.40104	0.27203	0.32035	0.00658
V635	0.066	0.75221	0.00219	0.1796
V636	0.15413	0.1378	0.59265	0.11543
V637	0.33176	0.22791	0.08406	0.35627
V638	0.39237	0.28092	0.0619	0.26481
V639	0.28589	0.41569	0.29842	0
V640	0.06691	0.18208	0.69592	0.0551
V641	0.83558	0.05329	0.02	0.09113
V642	0.73658	0.17209	0	0.09133
V643	0.03555	0.22698	0.4393	0.29817
V644	0.8613	0.08632	0	0.05237
V645	0.27963	0.4024	0.30133	0.01664
V646	0.06276	0.8953	0.01883	0.0231
V647	0.17431	0.11832	0.64485	0.06252
V648	0.41504	0.41911	0.13571	0.03014
V649	0.05744	0.10125	0.77226	0.06905
V650	0.09074	0.12553	0.71103	0.07269
V651	0.32248	0.0199	0.63232	0.02529
V652	0.12714	0.12878	0.4245	0.31957
V653	0.15744	0.63392	0.10981	0.09883
V654	0.66784	0.20549	0.05484	0.07183
V655	0.07531	0.5896	0.01478	0.32031
V656	0.24864	0.30576	0	0.4456
V657	0.09016	0.13177	0.0019	0.77617
V658	0.58494	0.22338	0.05199	0.13969
V659	0.34037	0.11494	0.34795	0.19674
V660	0.07677	0.89058	0	0.03265
V661	0.09804	0.45175	0.05191	0.3983
V662	0.41734	0.03647	0.44207	0.10411
V663	0.25837	0.10173	0.52994	0.10996
V664	0.22561	0.0964	0.62438	0.05361
V665	0.66397	0.19822	0.03389	0.10393
V666	0.59408	0	0.10348	0.30244
V667	0.75323	0.08473	0.16203	0
V668	0.15733	0.74543	0.09723	0
V669	0.24953	0.41005	0.24591	0.09451
V670	0.12188	0.84888	0.0013	0.02794
V671	0.36529	0.29653	0.24761	0.09058
V672	0.05757	0.06699	0.82195	0.05349
V673	0.25112	0.37581	0.22605	0.14702
V674	0.69745	0.16037	0.00546	0.13672
V675	0.1627	0.34605	0.31005	0.1812
V676	0.07901	0.16492	0.10329	0.65278
V677	0.38977	0.39959	0.0955	0.11514
V678	0.51632	0.45161	0.01269	0.01938
V679	0.08426	0.32096	0.58308	0.0117
V680	0.32288	0.51926	0.14043	0.01743
V681	0.84766	0.07972	0.00272	0.0699
V682	0.14322	0.30924	0.51175	0.03578
V683	0.06644	0.9013	0.03226	0
V684	0.66665	0.16898	0.09124	0.07313
V685	0.48709	0.33972	0.12174	0.05146
V686	0.13419	0.22661	0.15047	0.48872
V687	0.10731	0.06201	0.04263	0.78805
V688	0.3881	0.49222	0	0.11968
V689	0.3121	0	0.05988	0.62802
V690	0.46537	0.06326	0.39846	0.07291
V691	0.1856	0.02466	0.76629	0.02346
V692	0.11113	0.16926	0.65035	0.06926
V693	0.25488	0.13996	0.35599	0.24917
V694	0.05054	0.07048	0.29608	0.5829
V695	0.2904	0.02566	0.16167	0.52228
V696	0.144	0.13913	0.00324	0.71364
V697	0.07697	0.11754	0.00999	0.7955
V698	0.80521	0.01588	0.00105	0.17787
V699	0.5501	0.2887	0.06461	0.09659
V700	0.29034	0.05646	0	0.6532
V701	0.14612	0.52737	0.11327	0.21324
V702	0.55621	0.10019	0	0.34359
V703	0.16817	0.08595	0.47128	0.2746
V704	0.78944	0.06021	0.01692	0.13343
V705	0.89563	0	0.02242	0.08195
V706	0.11301	0.08435	0.7151	0.08753
V707	0.07357	0.4249	0.46761	0.03392
V708	0.07652	0.824	0.02989	0.06959
V709	0.16167	0.28019	0.48648	0.07166
V710	0.58607	0.22335	0.04264	0.14794
V711	0.12745	0.73748	0.1061	0.02897
V712	0.78958	0.06364	0	0.14679
V713	0.4415	0.31323	0.02484	0.22044
V714	0.03889	0.67442	0.02386	0.26284
V715	0.31256	0.33802	0.28972	0.0597
V716	0.10328	0.09049	0.05113	0.7551
V717	0.12298	0.85741	0.00016	0.01946
V718	0.1761	0.54024	0.18358	0.10008
V719	0.09493	0.68985	0.0424	0.17282
V720	0.67951	0.00127	0.22701	0.09221
V721	0.15274	0.19711	0.44969	0.20046
V722	0.13624	0.38007	0	0.48369
V723	0.17392	0.13134	0	0.69474
V724	0.58188	0.04327	0.0816	0.29325
V725	0.0233	0.13311	0.79369	0.04991
V726	0.07283	0.41592	0.1201	0.39116
V727	0.29057	0.6083	0.09952	0.0016
V728	0.07271	0.81381	0.11161	0.00188
V729	0.43318	0.02949	0.16155	0.37578
V730	0.84531	0.04474	0.0388	0.07115
V731	0.05848	0.23638	0.38733	0.3178
V732	0.36256	0.10311	0.33694	0.19739
V733	0.62519	0.20147	0.02413	0.1492
V734	0.25744	0.31068	0.43126	0.00062
V735	0.05493	0.06773	0.47667	0.40067
V736	0.2158	0.04403	0	0.74017
V737	0.33646	0.3004	0.23066	0.13248
V738	0.10908	0.34475	0.42651	0.11967
V739	0.01167	0.05487	0.60201	0.33144
V740	0.80097	0.09702	0.0634	0.03861
V741	0.48751	0.12584	0.11954	0.26711
V742	0.41995	0.5625	0.01755	0
V743	0.16643	0.16746	0.6435	0.02262
V744	0.51086	0.0588	0.31481	0.11553
V745	0.05002	0.66125	0.19152	0.09721
V746	0.92911	0	0	0.07089
V747	0.09463	0.01493	0.69851	0.19192
V748	0.1536	0.13789	0.55161	0.1569
V749	0.31633	0.21274	0.04217	0.42876
V750	0.42139	0.45115	0.0135	0.11396
V751	0.08592	0.80857	0.04987	0.05564
V752	0.45707	0.24237	0.1301	0.17046
V753	0.10773	0.08977	0	0.8025
V754	0.05366	0.8846	0	0.06174
V755	0.17702	0.22707	0.33083	0.26508
V756	0.09717	0.05299	0.06802	0.78183
V757	0.35229	0.54928	0.06762	0.03081
V758	0.08043	0.71637	0.13468	0.06853
V759	0.161	0.09626	0.39349	0.34925
V760	0.31733	0.08501	0.27426	0.3234
V761	0.10134	0.55127	0.27391	0.07348
V762	0.02359	0.43456	0.00513	0.53671
V763	0.39857	0.36591	0.01654	0.21898
V764	0.05109	0.87285	0.01386	0.0622
V765	0.66097	0.09335	0	0.24568
V766	0.04608	0.34346	0.42338	0.18708
V767	0.47422	0.1449	0.23406	0.14681
V768	0.10109	0.84035	0.03121	0.02735
V769	0.18057	0.76591	0.03893	0.01459
V770	0.06276	0.8953	0.01883	0.0231
V771	0.19562	0.04377	0.73145	0.02916
V772	0.16827	0.0786	0.74092	0.01221
V773	0.19998	0.77296	0.00964	0.01743
V774	0.0599	0.0238	0.86013	0.05617
V775	0.15937	0.07784	0.28219	0.48059
V776	0.43162	0.4128	0.04899	0.10658
V777	0.2181	0.15742	0.13832	0.48617
V778	0.52472	0.28347	0.06355	0.12827
V779	0.19916	0.07382	0.47864	0.24838
V780	0.14661	0.71175	0.14163	0
V781	0.12139	0.08337	0.03487	0.76038
V782	0.03848	0.1569	0.73198	0.07264
V783	0.76187	0.03169	0.04321	0.16324
V784	0.15067	0.81806	0.02333	0.00794
V785	0.08232	0.86554	0.02135	0.03079
V786	0.68383	0.16791	0.08243	0.06584
V787	0.02202	0.78975	0.179	0.00923
V788	0.49705	0.301	0.1506	0.05135
V789	0.11346	0.4042	0.01722	0.46513
V790	0.47746	0.04838	0.07494	0.39922
V791	0.16078	0.38234	0.3197	0.13718
V792	0.16989	0.5452	0	0.28491
V793	0.15887	0.63596	0.03844	0.16673
V794	0.07907	0.11689	0.72336	0.08067
V795	0.17156	0.08825	0.05802	0.68217
V796	0.06299	0.12118	0.77695	0.03888
V797	0.73147	0	0.22455	0.04398
V798	0.60062	0.28984	0.07704	0.03251
V799	0.16971	0.72856	0.0329	0.06884
V800	0.10727	0.06075	0.50442	0.32757
V801	0.17106	0.15796	0.32163	0.34935
V802	0.08084	0.12734	0.27444	0.51738
V803	0.24446	0.49123	0.2643	0
V804	0.51644	0.03228	0.36881	0.08246
V805	0.07533	0.02436	0.90031	0
V806	0.08967	0.84815	0.01969	0.04249
V807	0.2991	0.19576	0.02164	0.48351
V808	0.63837	0.26871	0.04001	0.05291
V809	0.08508	0.08256	0.83235	0
V810	0.06592	0.90899	0	0.02509
V811	0.43483	0.09881	0.19813	0.26823
V812	0.53689	0.27366	0.04363	0.14582
V813	0.57439	0.20457	0.18265	0.03838
V814	0.44167	0.50006	0.05019	0.00808
V815	0.03336	0.85831	0.09763	0.0107
V816	0.90704	0.00384	0.06988	0.01924
V817	0.06632	0.11315	0.79101	0.02952
V818	0.03462	0.1116	0.04755	0.80623
V819	0.78434	0.09569	0.04346	0.07651
V820	0.19088	0.15125	0.00724	0.65063
V821	0.23687	0.32441	0.37017	0.06856
V822	0.10458	0.0601	0.7936	0.04172
V823	0.0561	0.22091	0.63241	0.09058
V824	0.12197	0.37009	0.50794	0
V825	0.24169	0.31083	0.24622	0.20127
V826	0.43406	0.39816	0.15367	0.01411
V827	0.3925	0.56168	0.01169	0.03413
V828	0.25878	0.20407	0.10703	0.43012
V829	0.08683	0.29461	0.03064	0.58793
V830	0.26273	0.26879	0.01263	0.45585
V831	0.7401	0.1057	0.02251	0.13169
V832	0.28426	0.40259	0.16602	0.14712
V833	0.17595	0.49798	0.18258	0.1435
V834	0.33117	0.11054	0.07583	0.48245
V835	0.36671	0.43689	0.11731	0.07908
V836	0.04437	0.68298	0.00212	0.27053
V837	0.24169	0.38866	0.18799	0.18166
V838	0.87689	0.05795	0.0255	0.03966
V839	0.32025	0.57075	0.10682	0.00218
V840	0.31848	0.66906	0.01246	0
V841	0.02611	0.08711	0.81536	0.07142
V842	0.36304	0.19065	0.25015	0.19617
V843	0.05375	0.06488	0.79887	0.0825
V844	0.1499	0.12815	0.37324	0.34872
V845	0.10056	0.1425	0.68562	0.07132
V846	0.0105	0.0583	0.73843	0.19277
V847	0.04611	0.02272	0.0827	0.84847
V848	0.12209	0.50826	0.17422	0.19544
V849	0.02624	0.90671	0.01985	0.0472
V850	0.90006	0	0.02808	0.07186
V851	0.34917	0.50196	0.14888	0
V852	0.16146	0.09353	0.13186	0.61315
V853	0.25813	0.24659	0.38015	0.11513
V854	0.57476	0.18566	0.09975	0.13983
V855	0.04611	0.02272	0.0827	0.84847
V856	0.07862	0.3731	0.34351	0.20478
V857	0.65075	0.19089	0.02346	0.13491
V858	0.54034	0.02813	0.40076	0.03077
V859	0.63723	0.24485	0.00832	0.1096
V860	0.23761	0.16013	0.04679	0.55548
V861	0.12488	0.35592	0.51242	0.00678
V862	0.16404	0.11931	0.66131	0.05535
V863	0.25442	0.09422	0	0.65136
V864	0.13492	0.08243	0.05642	0.72623
V865	0.16373	0.03442	0.27451	0.52735
V866	0.69329	0.0299	0.23576	0.04105
V867	0.69351	0.04051	0.23542	0.03056
V868	0.49927	0.28275	0.13097	0.08701
V869	0.07248	0.8925	0.0159	0.01912
V870	0.14685	0.38129	0.00569	0.46617
V871	0.02624	0.90671	0.01985	0.0472
V872	0.05523	0.06094	0.25551	0.62832
V873	0.8331	0.04325	0.04647	0.07717
V874	0.22858	0.73206	0.03936	0
V875	0.05598	0.24413	0.20259	0.49729
V876	0.18247	0.33815	0.39264	0.08675
V877	0.07901	0.41346	0.29443	0.2131
V878	0.16807	0.75338	0.07855	0
V879	0.22052	0.6522	0.05061	0.07667
V880	0.32714	0.53549	0	0.13737
V881	0.17603	0.07674	0.57138	0.17585
V882	0.7669	0	0.12698	0.10611
V883	0.29531	0.21366	0.49103	0
V884	0.06336	0.31657	0	0.62007
V885	0.69855	0.21595	0.0855	0
V886	0.0467	0.37822	0.44902	0.12606
V887	0.61385	0.0814	0.15375	0.151
V888	0.13408	0.08276	0.68941	0.09375
V889	0.85829	0.06363	0.01349	0.06459
V890	0.06581	0.18304	0.58713	0.16402
V891	0.60061	0.06678	0.2692	0.06341
V892	0.31781	0.21897	0	0.46321
V893	0.5564	0.22327	0.14689	0.07344
V894	0.10217	0.32086	0.54044	0.03652
V895	0.57516	0.08324	0.1914	0.1502
V896	0.08335	0.87368	0.01138	0.03159
V897	0.66815	0.25452	0	0.07733
V898	0.50576	0	0.0018	0.49244
V899	0.06947	0.24446	0.14179	0.54428
V900	0.1091	0.32153	0.35353	0.21584
V901	0.07599	0.80435	0.00714	0.11253
V902	0.09436	0.83833	0.06556	0.00175
V903	0.03756	0.41999	0.50039	0.04206
V904	0.07384	0.90547	0	0.02068
V905	0.20685	0	0.19928	0.59387
V906	0.42023	0.12103	0.10292	0.35582
V907	0.43635	0.48904	0.01768	0.05693
V908	0.06505	0.10084	0.0752	0.75891
V909	0.16944	0.7623	0	0.06825
V910	0.22243	0	0.14166	0.63591
V911	0.50879	0.38299	0.03159	0.07664
V912	0.39238	0.33571	0.12169	0.15022
V913	0.19366	0	0.02114	0.7852
V914	0.20679	0.47578	0.28675	0.03069
V915	0.28839	0	0.01083	0.70078
V916	0.26571	0.08457	0.59539	0.05433
V917	0.68184	0.04043	0.16229	0.11544
V918	0.07997	0.60138	0.23645	0.0822
V919	0.22018	0.26372	0.28736	0.22874
V920	0.58917	0.2113	0.09175	0.10777
V921	0.08367	0.2152	0.02563	0.6755
V922	0.13411	0.4516	0.37483	0.03947
V923	0.14979	0.05861	0.05428	0.73732
V924	0.07469	0.62756	0.27292	0.02482
V925	0.23936	0.07962	0	0.68102
V926	0.25779	0.06086	0.02646	0.65488
V927	0.08437	0.09064	0.06129	0.76371
V928	0.08905	0.83852	0.00953	0.0629
V929	0.09078	0.62013	0.14011	0.14898
V930	0.50189	0.36739	0.02972	0.10099
V931	0.16216	0.29009	0.47733	0.07042
V932	0.06574	0.15353	0.58147	0.19926
V933	0.58517	0.37596	0.00944	0.02943
V934	0.04285	0.20081	0.27651	0.47983
V935	0.53757	0.17943	0.20129	0.08171
V936	0.52132	0.28473	0.0065	0.18746
V937	0.53575	0.15172	0.08034	0.23219
V938	0.38859	0.07054	0.29856	0.24232
V939	0.72834	0.03056	0.07128	0.16982
V940	0.06263	0.73788	0.16373	0.03576
V941	0.0293	0.02922	0.89228	0.0492
V942	0.7012	0.19466	0.06482	0.03932
V943	0.39337	0.15075	0.3956	0.06028
V944	0.05768	0.31818	0.06216	0.56198
V945	0.55041	0.35219	0.00268	0.09472
V946	0.44611	0.26927	0.24498	0.03964
V947	0.13162	0.09294	0.23176	0.54369
V948	0.34515	0.05408	0.56559	0.03518
V949	0.01874	0.16661	0.21035	0.60429
V950	0.08992	0.52763	0.21454	0.16792
V951	0.78611	0.02837	0.14786	0.03766
V952	0.10932	0.17479	0.26375	0.45214
V953	0.05286	0.09489	0.80094	0.05131
V954	0.08094	0.23272	0.14199	0.54435
V955	0.15957	0.5943	0.02492	0.22121
V956	0.07625	0.06487	0.50483	0.35405
V957	0.3803	0.03183	0	0.58788
V958	0.13148	0	0	0.86852
V959	0.24639	0.27456	0.40728	0.07177
V960	0.26409	0.30558	0.07388	0.35645
V961	0.16088	0.38989	0.33768	0.11156
V962	0.36393	0.19063	0.37098	0.07445
V963	0.56786	0.18579	0.15507	0.09127
V964	0.7898	0.04275	0.09723	0.07022
V965	0.08994	0.50352	0.19385	0.2127
V966	0.89081	0.04034	0	0.06886
V967	0.09462	0.08286	0.51394	0.30858
V968	0.02102	0.18579	0.72096	0.07223
V969	0.04687	0.33973	0.03234	0.58107
V970	0.06941	0.16437	0.41859	0.34763
V971	0.48812	0.10744	0.31587	0.08856
V972	0.5056	0.22105	0.04227	0.23108
V973	0.28906	0.4268	0.07583	0.2083
V974	0.04018	0.73938	0.14507	0.07537
V975	0.13438	0.30039	0.56523	0
V976	0.438	0.26362	0.11161	0.18677
V977	0.32979	0.35074	0.31531	0.00416
V978	0.12316	0.14206	0.06405	0.67072
V979	0.76134	0.02931	0.17308	0.03627
V980	0.92911	0	0	0.07089
V981	0.34978	0.05566	0.41451	0.18005
V982	0.44057	0.39296	0.07715	0.08932
V983	0.68949	0.07138	0	0.23913
V984	0.05396	0.77957	0.12791	0.03856
V985	0.12676	0.23661	0	0.63663
V986	0.33728	0.50664	0.05251	0.10357
V987	0.2695	0.70701	0	0.02349
V988	0.27281	0.05353	0	0.67366
V989	0.44353	0.44965	0.08187	0.02495
V990	0.01583	0.09264	0.75778	0.13374
V991	0.63098	0.33864	0	0.03039
V992	0.23057	0.03371	0.50446	0.23125
V993	0.10314	0.67315	0.18029	0.04342
V994	0.21993	0.72722	0.03796	0.01489
V995	0.70811	0.12428	0.02231	0.1453
V996	0.31261	0.16187	0	0.52552
V997	0.05373	0.05293	0.77826	0.11508
V998	0.82267	0.02299	0.06376	0.09058
V999	0.16037	0.82854	0	0.01108
V1000	0.35987	0.04275	0	0.59738
