cytotoxic.CD56.dim.NK.cell	memory.CD4.pos.AB.T.cell	memory.B.cell	CD14.pos.CD16.neg.classical.monocyte
V1	0.60958	0.01146	0.18316	0.19581
V2	0.19643	0.09221	0.06881	0.64255
V3	0.05996	0.6833	0.01575	0.241
V4	0.87016	0.11562	0	0.01422
V5	0.11781	0.47607	0.28508	0.12104
V6	0.07478	0.88931	0.02085	0.01506
V7	0.17322	0.38006	0.10236	0.34436
V8	0.1319	0.04892	0.79824	0.02093
V9	0.29363	0.24351	0.04711	0.41575
V10	0.0202	0.0586	0.8879	0.03331
V11	0.21609	0.345	0.43474	0.00418
V12	0.02601	0.58923	0.3751	0.00966
V13	0.27044	0.70915	0.00559	0.01482
V14	0.06648	0.92181	0.00708	0.00463
V15	0.129	0.61919	0.1331	0.1187
V16	0.9172	0.04542	0.01819	0.01919
V17	0.08495	0.88667	0.01338	0.01501
V18	0.59851	0.33233	0.04292	0.02624
V19	0.15882	0.82563	0.00605	0.0095
V20	0.19464	0.49479	0.02454	0.28603
V21	0.13311	0.06915	0.77662	0.02112
V22	0.02186	0.09647	0.2793	0.60238
V23	0.38753	0.05476	0.55352	0.00419
V24	0.92192	0.04794	0.02992	0.00023
V25	0.4	0.21907	0.14932	0.23161
V26	0.44177	0.38539	0.02088	0.15196
V27	0.13382	0.0676	0.02962	0.76897
V28	0.00469	0.11278	0.88224	0.00029
V29	0.45039	0.03742	0.4923	0.0199
V30	0.11541	0.2049	0.34409	0.3356
V31	0.23281	0.17167	0.35099	0.24453
V32	0.10769	0.03719	0.04625	0.80887
V33	0.04577	0.49464	0.38798	0.07161
V34	0.13244	0.0572	0.78933	0.02104
V35	0.16499	0.73223	0.0816	0.02118
V36	0.00904	0.044	0.57896	0.36799
V37	0.61889	0.05679	0.10608	0.21824
V38	0.49285	0.00879	0.19847	0.29988
V39	0.17827	0.57734	0.14219	0.10219
V40	0.0967	0.82993	0.07316	0.00021
V41	0.0069	0.73635	0.05209	0.20467
V42	0.27128	0.02674	0.26267	0.43931
V43	0.13612	0.32318	0.51896	0.02175
V44	0.01675	0.07423	0.7912	0.11782
V45	0.10136	0.59798	0.23666	0.064
V46	0.80549	0.07383	0.11664	0.00404
V47	0.47769	0.16491	0.32393	0.03347
V48	0.81456	0.16663	0.00462	0.01418
V49	0.76867	0.1763	0	0.05503
V50	0.06535	0.84947	0.08083	0.00435
V51	0.32873	0.38463	0.2654	0.02124
V52	0.02765	0.11706	0.83363	0.02166
V53	0.73195	0.12294	0.14498	0.00014
V54	0.44337	0.17204	0.3699	0.01468
V55	0.25494	0.11217	0.296	0.3369
V56	0.05972	0.02315	0.12681	0.79033
V57	0.09566	0.87368	0.02114	0.00953
V58	0.71825	0.00981	0.04595	0.22599
V59	0.46228	0.39422	0.10996	0.03354
V60	0.15364	0.13489	0.39968	0.31179
V61	0.84224	0.09235	0.01085	0.05456
V62	0.88544	0.04089	0.06483	0.00884
V63	0.01602	0.85021	0.11869	0.01508
V64	0.00756	0.89979	0.00109	0.09156
V65	0.02103	0.01598	0.15114	0.81185
V66	0.22471	0.70868	0.02027	0.04633
V67	0.1587	0.31579	0.51591	0.0096
V68	0.20852	0.15861	0.03242	0.60045
V69	0.02588	0.2962	0.6433	0.03462
V70	0.59241	0.12654	0.19206	0.08899
V71	0.18929	0.06035	0.45009	0.30027
V72	0.63749	0.13512	0.10241	0.12497
V73	0.16119	0.62727	0.14842	0.06312
V74	0.0602	0.23039	0.70918	0.00023
V75	0.73434	0.01267	0.19224	0.06075
V76	0.00118	0.18978	0.24702	0.56203
V77	0.04699	0.35445	0.01344	0.58512
V78	0.36555	0.09795	0.22535	0.31115
V79	0.00877	0.10096	0.83004	0.06023
V80	0.36422	0.02995	0.54768	0.05815
V81	0.05925	0.16726	0.76897	0.00453
V82	0.00362	0.10698	0.88405	0.00535
V83	0.17405	0.18664	0.1001	0.53921
V84	0.46511	0.03717	0.19277	0.30495
V85	0.11793	0.2967	0.45665	0.12872
V86	0.048	0.07061	0.8541	0.02729
V87	0.03412	0.8643	0.05512	0.04646
V88	0.20049	0.05153	0.33983	0.40815
V89	0.02559	0.02231	0.28685	0.66525
V90	0.02555	0.91036	0.05448	0.00962
V91	0.03454	0.75425	0.18995	0.02126
V92	0.48445	0.02573	0.39732	0.09249
V93	0.91368	0.0229	0	0.06342
V94	0.01903	0.52214	0.02898	0.42985
V95	0.28654	0.42767	0.17454	0.11125
V96	0.09788	0.12071	0.03938	0.74203
V97	0.69575	0.09925	0.20099	0.00401
V98	0.69417	0.29667	0	0.00917
V99	0.80236	0.05167	0.14194	0.00403
V100	0.08069	0.06066	0.84316	0.01549
V101	0.03557	0.08509	0.01023	0.8691
V102	0.92582	0.06006	0.00499	0.00912
V103	0.01578	0.06503	0.14028	0.77891
V104	0.02769	0.9601	0.00748	0.00474
V105	0.05626	0.92464	0.0145	0.0046
V106	0.12414	0.50905	0.3385	0.0283
V107	0.19565	0.18094	0.58904	0.03437
V108	0.15038	0.75876	0.09064	0.00021
V109	0.01609	0.14464	0.66708	0.1722
V110	0.05427	0.89339	0.03726	0.01508
V111	0.91074	0.01888	0.06613	0.00425
V112	0.14742	0.05408	0.51077	0.28773
V113	0.23494	0.09706	0.23022	0.43779
V114	0.31471	0.04481	0.10841	0.53207
V115	0.00803	0.76501	0.22253	0.00443
V116	0.15634	0.29457	0.41986	0.12924
V117	0.70288	0.23731	0.034	0.02581
V118	0.18298	0.61135	0.04045	0.16522
V119	0.15496	0.08648	0.07191	0.68665
V120	0.08104	0.08695	0.82212	0.00989
V121	0.66034	0.10745	0.10161	0.13061
V122	0.95455	0.02396	0.01231	0.00918
V123	0.00761	0.58271	0.05779	0.35188
V124	0.6827	0.28002	0	0.03728
V125	0.40686	0.40102	0.17719	0.01493
V126	0.05064	0.17833	0.07375	0.69729
V127	0.20173	0.04375	0.3286	0.42592
V128	0.04416	0.02311	0.16643	0.7663
V129	0.60854	0.20901	0.16211	0.02034
V130	0.00796	0.66393	0.32368	0.00443
V131	0.02539	0.92273	0.00086	0.05102
V132	0.94005	0.02001	0.02596	0.01398
V133	0.91411	0.02762	0.04936	0.00891
V134	0.12782	0.41297	0.1606	0.29861
V135	0.10347	0.02467	0.25219	0.61967
V136	0.28885	0.42365	0.01509	0.27241
V137	0.67617	0.03523	0.24517	0.04343
V138	0.2408	0.39932	0.2053	0.15458
V139	0.40626	0.18338	0.22575	0.18461
V140	0.04101	0.11406	0.07951	0.76542
V141	0.07002	0.14001	0.61511	0.17485
V142	0.78042	0.02731	0.19208	0.00019
V143	0.49613	0.2466	0.07805	0.17923
V144	0.20776	0.14891	0.21838	0.42495
V145	0.00107	0.77331	0.22115	0.00447
V146	0.08266	0.02747	0.05084	0.83903
V147	0.92799	0.02956	0.01811	0.02434
V148	0.13942	0.06869	0.63985	0.15204
V149	0.27184	0.50769	0.21628	0.00419
V150	0.09005	0.22387	0.63003	0.05604
V151	0.22326	0.64775	0.03809	0.09091
V152	0.25404	0.43733	0.23732	0.07131
V153	0.11124	0.78614	0.02133	0.08129
V154	0.25565	0.44441	0.27846	0.02148
V155	0.51143	0.12234	0.2986	0.06763
V156	0.03586	0.13055	0.74281	0.09078
V157	0.34333	0.13625	0.35481	0.16561
V158	0.03637	0.01174	0.05535	0.89654
V159	0.90185	0.06824	0	0.02991
V160	0.7555	0.01134	0.06989	0.16326
V161	0.28613	0.01518	0.0467	0.65199
V162	0.08169	0.33895	0.11052	0.46884
V163	0.10791	0.51239	0.19753	0.18217
V164	0.39285	0.29839	0.12413	0.18463
V165	0.01298	0.34668	0.006	0.63434
V166	0.0137	0.12829	0.10707	0.75095
V167	0.45243	0.00782	0.01228	0.52747
V168	0.30311	0.57306	0.08297	0.04086
V169	0.2539	0.06032	0.05544	0.63034
V170	0.11882	0.03122	0.60009	0.24988
V171	0.13599	0.22649	0.60941	0.02811
V172	0.71464	0.02388	0.25739	0.0041
V173	0.03785	0.18433	0.06288	0.71495
V174	0.02328	0.20107	0.1111	0.66456
V175	0.06745	0.04313	0.80397	0.08546
V176	0.00808	0.82394	0.16355	0.00443
V177	0.01001	0.97917	0.00086	0.00996
V178	0.00705	0.82965	0.0075	0.1558
V179	0.1881	0.02072	0.4575	0.33368
V180	0.02825	0.89745	0.0741	2e-04
V181	0.17681	0.11728	0.59013	0.11578
V182	0.31892	0.16285	0.47706	0.04117
V183	0.17968	0.80953	0.00635	0.00445
V184	0.95917	0.02975	0.01081	0.00027
V185	0.57266	0.41085	0.01224	0.00424
V186	0.12911	0.48378	0.29132	0.0958
V187	0.94257	0.02558	0.02744	0.00441
V188	0.07654	0.29456	0.00558	0.62332
V189	0.86097	0.02353	0.01827	0.09722
V190	0.65889	0.03054	0.30648	0.00409
V191	0.19528	0.19215	0.58474	0.02784
V192	0.33812	0.47183	0.05787	0.13219
V193	0.63809	0.0332	0.24404	0.08467
V194	0.03535	0.94283	0.00679	0.01503
V195	0.01463	0.08154	0.8984	0.00543
V196	0.02066	0.12312	0.0238	0.83242
V197	0.50703	0.0472	0.03457	0.4112
V198	0.06697	0.50201	0.38883	0.04219
V199	0.21033	0.02899	0.23587	0.52482
V200	0.14698	0.61204	0.02353	0.21746
V201	0.10417	0.57236	0.21206	0.1114
V202	0.01753	0.04763	0.81349	0.12135
V203	0.17009	0.41952	0.39506	0.01533
V204	0.00824	0.62175	0.00984	0.36017
V205	0.02069	0.09119	0.87784	0.01028
V206	0.05011	0.11957	0.8256	0.00472
V207	0.17363	0.21264	0.07591	0.53782
V208	0.25623	0.07847	0.65594	0.00937
V209	0.33623	0.46992	0.07714	0.11672
V210	0.08662	0.78689	0.09263	0.03385
V211	0.51718	0.01745	0.0448	0.42057
V212	0.5193	0.04789	0.41863	0.01418
V213	0.69767	0.02935	0.11901	0.15397
V214	0.38917	0.14626	0.19742	0.26714
V215	0.37315	0.10079	0.02864	0.49742
V216	0.06363	0.0096	0.04656	0.88022
V217	0.04773	0.51123	0.26803	0.17301
V218	0.11014	0.46744	0.20186	0.22056
V219	0.11805	0.6886	0.01461	0.17874
V220	0.00714	0.87856	0.00704	0.10726
V221	0.8607	0.01351	0.00513	0.12066
V222	0.34903	0.11736	0.40287	0.13074
V223	0.00823	0.14107	0.79666	0.05404
V224	0.94761	0.02756	0.02457	0.00027
V225	0.05523	0.88556	0.05479	0.00442
V226	0.31482	0.08931	0.58659	0.00928
V227	0.78952	0.01812	0.18365	0.00871
V228	0.81367	0.05888	0.06612	0.06133
V229	0.02114	0.07025	0.89262	0.01599
V230	0.02681	0.06166	0.04416	0.86738
V231	0.01922	0.31906	0.15088	0.51084
V232	0.04842	0.72436	0.00183	0.2254
V233	0.61312	0.07482	0.211	0.10106
V234	0.03531	0.92537	0.02971	0.00961
V235	0.38636	0.06561	0.52769	0.02035
V236	0.04647	0.08107	0.81908	0.05338
V237	0.22035	0.01733	0.05095	0.71137
V238	0.13631	0.55483	0.27374	0.03512
V239	0.08019	0.46524	0.02834	0.42623
V240	0.50535	0.0437	0.41895	0.032
V241	0.01959	0.05486	0.87978	0.04577
V242	0.12958	0.77091	0.09007	0.00944
V243	0.24914	0.05238	0.64579	0.05269
V244	0.21053	0.03564	0.69582	0.05801
V245	0.63071	0.27927	0.05139	0.03862
V246	0.05778	0.15588	0.77082	0.01552
V247	0.16651	0.06803	0.76525	0.00021
V248	0.03518	0.05767	0.07659	0.83055
V249	0.00263	0.07582	0.87558	0.04597
V250	0.76473	0.02134	0.20983	0.00409
V251	0.93259	0.05747	0.00546	0.00448
V252	0.01004	0.84574	0.144	0.00022
V253	0.43003	0.06133	0.19641	0.31224
V254	0.00886	0.93912	0.04744	0.00458
V255	0.04494	0.928	0.00074	0.02633
V256	0.18773	0.19642	0.55238	0.06347
V257	0.47506	0.08521	0.26307	0.17667
V258	0.19236	0.24556	0.46676	0.09532
V259	0.03597	0.28635	0.64956	0.02812
V260	0.00225	0.29756	0.69556	0.00463
V261	0.65869	0.03093	0.20581	0.10457
V262	0.13327	0.07789	0.02906	0.75979
V263	0.01738	0.96676	8e-04	0.01506
V264	0.18483	0.03868	0.50281	0.27368
V265	0.04337	0.01432	0.20461	0.7377
V266	0.63487	0.35833	0.0066	0.00019
V267	0.00103	0.18546	0.36742	0.4461
V268	0.45588	0.02339	0.17286	0.34787
V269	0.00711	0.55841	0.4	0.03448
V270	0.6694	0.02784	0.24672	0.05604
V271	0.84055	0.05889	0.0332	0.06736
V272	0.05466	0.8583	0.01377	0.07327
V273	0.07908	0.03978	0.061	0.82013
V274	0.72981	0.01186	0.18454	0.0738
V275	0.00394	0.08852	0.90187	0.00567
V276	0.55202	0.32674	0.01199	0.10925
V277	0.04316	0.22521	0.21708	0.51456
V278	0.04307	0.06192	0.38425	0.51076
V279	0.73778	0.05053	0.11486	0.09682
V280	0.03637	0.01174	0.05535	0.89654
V281	0.60852	0.02819	0.15594	0.20734
V282	0.05703	0.08303	0.81968	0.04026
V283	0.22842	0.59578	0.06741	0.10839
V284	0.02628	0.91392	0.05531	0.00449
V285	0.07605	0.07053	0.85317	0.00026
V286	0.26294	0.55024	0.11663	0.0702
V287	0.09561	0.87607	0.01332	0.01501
V288	0.01597	0.26916	0.49937	0.2155
V289	0.29954	0.19963	0.44497	0.05585
V290	0.81025	0.17635	0.01319	0.00021
V291	0.4982	0.07171	0.4211	0.00899
V292	0.94463	0.02072	0	0.03465
V293	0.29783	0.03885	0.63702	0.0263
V294	0.10964	0.43101	0.0036	0.45576
V295	0.0198	0.19285	0.25821	0.52915
V296	0.18356	0.11448	0.6403	0.06167
V297	0.10308	0.0101	0.11054	0.77627
V298	0.30456	0.10489	0.58123	0.00931
V299	0.08653	0.33264	0.02198	0.55885
V300	0.00188	0.05012	0.32033	0.62766
V301	0.12457	0.10643	0.68553	0.08348
V302	0.65291	0.33788	0	0.00921
V303	0.00079	0.59956	0.37827	0.02137
V304	0.05701	0.04536	0.7814	0.11624
V305	0.13259	0.14533	0.52746	0.19461
V306	0.83541	0.08513	0.04892	0.03054
V307	0.01708	0.95868	0.01451	0.00973
V308	0.25639	0.21194	0.3432	0.18847
V309	0.38686	0.31797	0.03225	0.26291
V310	0.09147	0.33548	0.19202	0.38103
V311	0.51571	0.47445	0.00556	0.00429
V312	0.09767	0.74762	0.13947	0.01524
V313	0.00159	0.16587	0.03419	0.79835
V314	0.01683	0.52316	0.13766	0.32235
V315	0.13042	0.66418	0.04073	0.16466
V316	0.33366	0.11852	0.42437	0.12345
V317	0.0905	0.73841	0.04888	0.1222
V318	0.0392	0.62617	0.01719	0.31744
V319	0.05836	0.08311	0.83707	0.02147
V320	0.0787	0.13542	0.69433	0.09155
V321	0.62487	0.36832	0.00662	0.00019
V322	0.23071	0.33813	0.0898	0.34136
V323	0.07129	0.03319	0.13555	0.75997
V324	0.67695	0.24075	0.0679	0.0144
V325	0.30763	0.63497	0.0532	0.00421
V326	0.00035	0.61518	0.10932	0.27516
V327	0.02291	0.17037	0.14978	0.65694
V328	0.04671	0.04603	0.78433	0.12294
V329	0.20998	0.10886	0.22074	0.46042
V330	0.41977	0.01707	0.3699	0.19327
V331	0.42173	0.08473	0.05672	0.43682
V332	0.01213	0.06256	0.26128	0.66403
V333	0.44425	0.06685	0.40775	0.08115
V334	0.38141	0.01811	0.39767	0.20281
V335	0.02534	0.32417	0.55625	0.09424
V336	0.18236	0.72193	0.02084	0.07487
V337	0.29196	0.38742	0.29923	0.02139
V338	0.001	0.98549	0.0086	0.0049
V339	0.12402	0.05785	0.81337	0.00476
V340	0.0585	0.21118	0.58768	0.14264
V341	0.03272	0.05285	0.10081	0.81362
V342	0.24919	0.0298	0.62832	0.09269
V343	0.95401	0.03569	0.00571	0.00459
V344	0.67475	0.15093	0.17419	0.00014
V345	0.01868	0.09828	0.88278	0.00026
V346	0.26219	0.10084	0.34124	0.29573
V347	0.05541	0.02117	0.18835	0.73507
V348	0.05655	0.68177	0.15299	0.10869
V349	0.36578	0.14625	0.41083	0.07714
V350	0.02745	0.80933	0.16301	0.00022
V351	0.0196	0.04184	0.49669	0.44188
V352	0.04727	0.05195	0.84847	0.05232
V353	0.89955	0.0267	0.03254	0.04121
V354	0.04458	0.70377	0.22393	0.02772
V355	0.2908	0.06849	0.5044	0.13631
V356	0.0435	0.03642	0.15209	0.768
V357	0.12372	0.32591	0.32881	0.22156
V358	0.61385	0.09342	0.05706	0.23567
V359	0.64746	0.05026	0.03889	0.26339
V360	0.55265	0.41891	0.01928	0.00916
V361	0.00161	0.45693	0.53695	0.00451
V362	0.00102	0.9779	0.01627	0.00481
V363	0.18253	0.10554	0.52972	0.18221
V364	0.15722	0.06902	0.70646	0.0673
V365	0.33781	0.03201	0.02253	0.60764
V366	0.07906	0.71595	0.08893	0.11606
V367	0.64111	0.13053	0.00611	0.22226
V368	0.08848	0.75692	0.08564	0.06896
V369	0.01766	0.40448	0.57343	0.00443
V370	0.30448	0.25726	0.41695	0.02131
V371	0.19042	0.73444	0.0285	0.04664
V372	0.20349	0.05618	0.16445	0.57588
V373	0.08364	0.1291	0.54875	0.23851
V374	0.76499	0.03318	0.20168	0.00015
V375	0.05113	0.05005	0.2076	0.69122
V376	0.04235	0.04612	0.1497	0.76183
V377	0.83783	0.00838	0.01203	0.14176
V378	0.00952	0.04384	0.50798	0.43866
V379	0.40102	0.20081	0.01643	0.38174
V380	0.18028	0.07123	0.26187	0.48661
V381	0.77384	0.01723	0.09512	0.11381
V382	0.08271	0.07452	0.83796	0.00482
V383	0.8606	0.01319	0.04869	0.07753
V384	0.61165	0.06551	0.14506	0.17778
V385	0.87141	0.02107	0.07218	0.03533
V386	0.35688	0.01834	0.18347	0.44131
V387	0.61599	0.1277	0.19735	0.05896
V388	0.4064	0.31491	0.1614	0.11729
V389	0.42872	0.51334	0.01205	0.04589
V390	0.29697	0.24681	0.45207	0.00415
V391	0.49461	0.10203	0.0249	0.37846
V392	0.46616	0.20134	0.18453	0.14797
V393	0.29879	0.20694	0.38358	0.1107
V394	0.11089	0.24769	0.14954	0.49188
V395	0.2396	0.38674	0.22777	0.14589
V396	0.00861	0.96908	0.00726	0.01505
V397	0.79589	0.07868	0.10037	0.02505
V398	0.50698	0.12345	0.11237	0.2572
V399	0.20214	0.55831	0.16084	0.0787
V400	0.00041	0.64246	0.07576	0.28137
V401	0.03588	0.15409	0.7556	0.05443
V402	0.78305	0.1815	0.03527	0.00018
V403	0.03309	0.04179	0.11606	0.80906
V404	0.08999	0.18272	0.6574	0.06988
V405	0.26367	0.03521	0.2174	0.48372
V406	0.67539	0.2342	0.01869	0.07172
V407	0.001	0.98549	0.0086	0.0049
V408	0.09583	0.23162	0.46415	0.20841
V409	0.00265	0.06167	0.05462	0.88107
V410	0.08508	0.87099	0.02893	0.01501
V411	0.5298	0.01647	0.00325	0.45048
V412	0.16835	0.07308	0.56135	0.19722
V413	0.06023	0.507	0.2138	0.21897
V414	0.03526	0.50958	0.36023	0.09492
V415	0.48687	0.02929	0.26152	0.22232
V416	0.01547	0.12697	0.85732	0.00024
V417	0.37631	0.61361	0.00574	0.00434
V418	0.08774	0.1111	0.19801	0.60315
V419	0.03265	0.01382	0.0673	0.88623
V420	0.00057	0.92095	0.01419	0.06429
V421	0.15745	0.05249	0.70921	0.08085
V422	0.06378	0.09568	0.02143	0.81911
V423	0.08069	0.06066	0.84316	0.01549
V424	0.00169	0.06368	0.6972	0.23743
V425	0.05701	0.22386	0.64048	0.07866
V426	0.08908	0.06424	0.80025	0.04643
V427	0.07446	0.41208	0.23353	0.27993
V428	0.08766	0.79531	0.05596	0.06107
V429	0.02969	0.01446	0.07893	0.87692
V430	0.77766	0.1547	0.01816	0.04949
V431	0.19557	0.03224	0.51942	0.25277
V432	0.1386	0.10849	0.07172	0.6812
V433	0.05711	0.78521	0.00127	0.15641
V434	0.4085	0.07479	0.06805	0.44866
V435	0.57096	0.01555	0.14067	0.27282
V436	0.44824	0.01672	0.14199	0.39305
V437	0.27997	0.25228	0.00969	0.45807
V438	0.66633	0.14483	0.03665	0.15219
V439	0.0461	0.14233	0.0199	0.79168
V440	0.56365	0.03725	0.04232	0.35677
V441	0.06888	0.12178	0.6626	0.14674
V442	0.34878	0.33365	0.15673	0.16085
V443	0.78013	0.01241	0.09469	0.11278
V444	0.01868	0.09828	0.88278	0.00026
V445	0.61527	0.03058	0.3347	0.01945
V446	0.03418	0.85687	0.05552	0.05344
V447	0.66036	0.08259	0.18483	0.07222
V448	0.02262	0.07765	0.26831	0.63142
V449	0.58059	0.04168	0.30628	0.07145
V450	0.13786	0.84642	0.01552	2e-04
V451	0.92639	0.05945	0	0.01415
V452	0.04833	0.02536	0.11706	0.80925
V453	0.82913	0.06858	0.06575	0.03654
V454	0.00084	0.94254	0.04695	0.00967
V455	0.61238	0.03754	0.30631	0.04378
V456	0.3456	0.10919	0.42242	0.1228
V457	0.00229	0.08851	0.03532	0.87387
V458	0.31994	0.24663	0.00918	0.42425
V459	0.01537	0.82182	0.09514	0.06767
V460	0.94215	0.02221	0.02658	0.00906
V461	0.08277	0.05806	0.02283	0.83635
V462	0.40543	0.25788	0.00205	0.33463
V463	0.26839	0.47275	0.17183	0.08703
V464	0.583	0.09911	0.0072	0.31069
V465	0.43314	0.42545	0.02869	0.11272
V466	0.64111	0.17819	0.00562	0.17508
V467	0.32348	0.56755	0.08164	0.02733
V468	0.51811	0.38991	0.05253	0.03945
V469	0.01823	0.18257	0.36704	0.43216
V470	0.5862	0.10938	0.194	0.11042
V471	0.32997	0.11197	0.04964	0.50841
V472	0.36908	0.34725	0.00168	0.28199
V473	0.09977	0.5429	0.34188	0.01545
V474	0.15477	0.00979	0.1509	0.68454
V475	0.21014	0.41775	0.09781	0.27431
V476	0.21422	0.02568	0.0837	0.6764
V477	0.63016	0.03723	0.21932	0.11329
V478	0.14588	0.63315	0.00716	0.21381
V479	0.01723	0.09903	0.82342	0.06032
V480	0.09684	0.35583	0.06278	0.48455
V481	0.14383	0.05693	0.78953	0.0097
V482	0.71288	0.14874	0.11265	0.02573
V483	0.16298	0.12149	0.10462	0.61091
V484	0.03241	0.10677	0.04686	0.81396
V485	0.12382	0.76642	0.01354	0.09622
V486	0.30926	0.26217	0.15495	0.27361
V487	0.09531	0.05924	0.12834	0.7171
V488	0.00358	0.05587	0.86951	0.07103
V489	0.21349	0.11142	0.66563	0.00946
V490	0.38413	0.31291	0.08182	0.22113
V491	0.45976	0.45815	0.03583	0.04626
V492	0.02584	0.84292	0.12684	0.0044
V493	0.05466	0.00966	0.01129	0.92439
V494	0.20168	0.14485	0.56017	0.0933
V495	0.22569	0.61986	0.13929	0.01515
V496	0.27512	0.69195	0.00028	0.03265
V497	0.0162	0.07077	0.90741	0.00562
V498	0.38102	0.1055	0.06861	0.44486
V499	0.6151	0.25878	0.12207	0.00405
V500	0.10033	0.12788	0.74422	0.02758
V501	0.00418	0.02321	0.08892	0.88369
V502	0.56375	0.26201	0.15373	0.02051
V503	0.23282	0.09642	0.25426	0.4165
V504	0.23552	0.70558	0.01271	0.0462
V505	0.22269	0.20591	0.30531	0.26608
V506	0.09366	0.24091	0.51235	0.15308
V507	0.65662	0.08974	0.13061	0.12304
V508	0.77118	0.15631	0.04132	0.03119
V509	0.24021	0.06406	0.55162	0.14411
V510	0.22555	0.5121	0.25813	0.00421
V511	0.05328	0.47599	0.05999	0.41075
V512	0.30133	0.05372	0.10904	0.53591
V513	0.07747	0.65274	0.22097	0.04882
V514	0.02496	0.12262	0.00971	0.8427
V515	0.80512	0.0567	0.05016	0.08802
V516	0.89399	0.10148	0	0.00452
V517	0.04571	0.0384	0.33952	0.57637
V518	0.94049	0.05487	0	0.00463
V519	0.02496	0.89662	0.00663	0.07179
V520	0.02792	0.0311	0.69001	0.25097
V521	0.56843	0.05061	0.36124	0.01972
V522	0.00741	0.12638	0.65263	0.21358
V523	0.38733	0.11589	0.29701	0.19977
V524	0.007	0.78349	0.18839	0.02111
V525	0.30922	0.22046	0.03712	0.4332
V526	0.69624	0.0726	0.08139	0.14977
V527	0.22515	0.03054	0.46315	0.28115
V528	0.0963	0.87058	0.00062	0.0325
V529	0.07152	0.07019	0.2994	0.55888
V530	0.00761	0.20145	0.71437	0.07657
V531	0.01859	0.87252	0.10868	0.00021
V532	0.20519	0.35983	0.03699	0.39799
V533	0.31152	0.35026	0.15953	0.1787
V534	0.00879	0.04316	0.7649	0.18315
V535	0.63478	0.0067	0.01575	0.34276
V536	0.21287	0.01674	0.43969	0.3307
V537	0.59537	0.24475	0.15084	0.00904
V538	0.52542	0.05215	0.10363	0.31879
V539	0.28654	0.42767	0.17454	0.11125
V540	0.20086	0.69911	0.07271	0.02732
V541	0.0175	0.56709	0.07958	0.33583
V542	0.2271	0.12291	0.31117	0.33883
V543	0.90323	0.01554	0.01113	0.0701
V544	0.12704	0.094	0.23052	0.54843
V545	0.4289	0.13969	0.0864	0.34502
V546	0.04535	0.88684	0.06339	0.00443
V547	0.03531	0.64437	0.31073	0.00959
V548	0.15142	0.76388	0.08043	0.00427
V549	0.32121	0.054	0.61555	0.00924
V550	0.66457	0.03314	0.00173	0.30057
V551	0.17775	0.74541	0.03678	0.04006
V552	0.00057	0.61281	0.01034	0.37628
V553	0.22828	0.14822	0.60847	0.01503
V554	0.07144	0.11651	0.04161	0.77044
V555	0.09916	0.22419	0.39968	0.27697
V556	0.0032	0.08023	0.89471	0.02186
V557	0.85412	0.0305	0.01127	0.10411
V558	0.06597	0.81507	0.02992	0.08904
V559	0.00992	0.80925	0.18061	0.00022
V560	0.67272	0.32287	0	0.00441
V561	0.00394	0.08852	0.90187	0.00567
V562	0.80102	0.01468	0.11782	0.06648
V563	0.24146	0.0479	0.70618	0.00447
V564	0.05942	0.10408	0.82656	0.00994
V565	0.1344	0.25095	0.43358	0.18107
V566	0.7515	0.09147	0.0052	0.15183
V567	0.24582	0.47388	0.03274	0.24756
V568	0.30682	0.01379	0.07781	0.60158
V569	0.74522	0.03171	0.00092	0.22215
V570	0.02562	0.2832	0.64243	0.04874
V571	0.8355	0.12248	0	0.04202
V572	0.45143	0.02474	0.45279	0.07104
V573	0.07945	0.22226	0.01543	0.68286
V574	0.03483	0.7895	0.16616	0.00952
V575	0.02439	0.10403	0.18148	0.6901
V576	0.1496	0.80437	0.03658	0.00945
V577	0.04672	0.05605	0.29159	0.60563
V578	0.05716	0.07545	0.73269	0.1347
V579	0.00748	0.8871	0.09034	0.01509
V580	0.19363	0.01494	0.15741	0.63402
V581	0.0908	0.1163	0.00804	0.78486
V582	0.63881	0.1373	0.03759	0.1863
V583	0.00834	0.05959	0.67349	0.25858
V584	0.53243	0.14482	0.29628	0.02646
V585	0.0097	0.0324	0.54732	0.41058
V586	0.23618	0.03588	0.66288	0.06506
V587	0.26416	0.04249	0.67291	0.02043
V588	0.69575	0.04225	0.02922	0.23279
V589	0.05406	0.83453	0.06466	0.04675
V590	0.04543	0.76576	0.18447	0.00434
V591	0.00189	0.05761	0.28605	0.65445
V592	0.15646	0.07931	0.76402	2e-04
V593	0.62143	0.00956	0.19996	0.16905
V594	0.34607	0.27353	0.3459	0.03449
V595	0.04293	0.05445	0.04131	0.86131
V596	0.03998	0.29756	0.2824	0.38005
V597	7e-04	0.58287	0.35392	0.0625
V598	0.01931	0.14382	0.82683	0.01004
V599	0.6339	0.3117	0.03424	0.02016
V600	0.38029	0.47295	0.05581	0.09095
V601	0.19287	0.29579	0.10508	0.40626
V602	0.04548	0.06004	0.02819	0.86629
V603	0.0098	0.44885	0.02192	0.51943
V604	0.52606	0.11163	0.34207	0.02024
V605	0.07021	0.32341	0.45199	0.15438
V606	0.76182	0.14432	0.01105	0.08281
V607	0.69744	0.01561	0.11908	0.16788
V608	0.23805	0.15007	0.43528	0.17659
V609	0.02916	0.2518	0.30061	0.41843
V610	0.79583	0.02395	0.09336	0.08686
V611	0.36001	0.01241	0.07472	0.55286
V612	0.02668	0.10748	0.81889	0.04695
V613	0.03579	0.32906	0.60696	0.02818
V614	0.79744	0.05687	0.05051	0.09518
V615	0.17816	0.07385	0.01692	0.73107
V616	0.07912	0.74198	0.04919	0.1297
V617	0.47095	0.16768	0.36121	0.00016
V618	0.78492	0.01384	0.00082	0.20043
V619	0.41418	0.03413	0.35384	0.19785
V620	0.00796	0.66393	0.32368	0.00443
V621	0.47078	0.14139	0.19802	0.18981
V622	0.36515	0.21206	0.40172	0.02107
V623	0.02417	0.09133	0.20715	0.67735
V624	0.7891	0.19667	0	0.01423
V625	0.28359	0.4977	0.10885	0.10986
V626	0.94991	0.04078	0	0.0093
V627	0.00242	0.05326	0.12264	0.82168
V628	0.00127	0.29837	0.02655	0.6738
V629	0.13781	0.29056	0.33076	0.24087
V630	0.03578	0.32754	0.60199	0.03469
V631	0.02175	0.23043	0.14623	0.6016
V632	0.63266	0.00754	0.15211	0.2077
V633	0.00222	0.06711	0.84532	0.08535
V634	0.40248	0.25875	0.33468	0.00409
V635	0.02582	0.80986	0.00723	0.15708
V636	0.12507	0.10528	0.67851	0.09114
V637	0.35934	0.19596	0.11028	0.33442
V638	0.42734	0.25411	0.08172	0.23683
V639	0.26924	0.42663	0.30393	2e-04
V640	0.03631	0.15981	0.76967	0.03422
V641	0.89929	0.04021	0.02496	0.03554
V642	0.78475	0.16681	0	0.04844
V643	0.00731	0.18608	0.53173	0.27487
V644	0.90222	0.08368	0.00497	0.00913
V645	0.26613	0.40085	0.31784	0.01518
V646	0.00991	0.97723	0.00804	0.00482
V647	0.14552	0.09597	0.71805	0.04046
V648	0.42065	0.42005	0.13834	0.02096
V649	0.02727	0.0872	0.84519	0.04034
V650	0.05669	0.10265	0.79366	0.047
V651	0.30414	0.04367	0.64784	0.00434
V652	0.09775	0.09038	0.51917	0.2927
V653	0.12566	0.6808	0.10828	0.08525
V654	0.71784	0.18465	0.05926	0.03825
V655	0.03882	0.63531	0.02577	0.3001
V656	0.25002	0.30037	0.01802	0.43159
V657	0.03582	0.11662	0.02247	0.82509
V658	0.64277	0.19265	0.06244	0.10214
V659	0.35085	0.0809	0.4066	0.16164
V660	0.02687	0.95735	0.00072	0.01506
V661	0.06528	0.47213	0.0704	0.39218
V662	0.41822	0.03003	0.47956	0.07219
V663	0.24521	0.07556	0.59636	0.08287
V664	0.20219	0.07938	0.68507	0.03336
V665	0.72069	0.17219	0.0425	0.06461
V666	0.64042	0.00692	0.11388	0.23877
V667	0.75622	0.08224	0.16139	0.00015
V668	0.11812	0.79999	0.08169	2e-04
V669	0.24303	0.40306	0.2742	0.07971
V670	0.07553	0.90884	0.00064	0.01499
V671	0.38184	0.26917	0.27863	0.07036
V672	0.02011	0.07318	0.885	0.0217
V673	0.25013	0.35967	0.26102	0.12919
V674	0.75779	0.13365	0.01862	0.08994
V675	0.14625	0.3211	0.36834	0.16431
V676	0.03589	0.13327	0.15201	0.67882
V677	0.40995	0.39182	0.10572	0.09251
V678	0.5085	0.47483	0.01243	0.00424
V679	0.04668	0.31542	0.62815	0.00975
V680	0.30958	0.53583	0.13944	0.01515
V681	0.90118	0.06831	0.01117	0.01935
V682	0.11241	0.29091	0.56842	0.02826
V683	0.01235	0.96771	0.01974	2e-04
V684	0.71981	0.14659	0.0954	0.03821
V685	0.51124	0.32706	0.12841	0.03329
V686	0.11069	0.19489	0.20238	0.49204
V687	0.04573	0.03841	0.04404	0.87182
V688	0.39241	0.51204	0.00038	0.09517
V689	0.32167	0.00716	0.06658	0.60459
V690	0.47653	0.04842	0.43009	0.04496
V691	0.15558	0.05499	0.7848	0.00463
V692	0.07797	0.14136	0.73302	0.04765
V693	0.25269	0.1024	0.42615	0.21877
V694	0.01055	0.04418	0.39033	0.55493
V695	0.29049	0.01353	0.20287	0.49311
V696	0.09993	0.11268	0.02853	0.75886
V697	0.0232	0.10458	0.02548	0.84674
V698	0.86036	0.01305	0.01161	0.11498
V699	0.59314	0.26876	0.07099	0.0671
V700	0.30173	0.03624	0.01462	0.64741
V701	0.12133	0.55093	0.12883	0.19891
V702	0.61795	0.07816	0.01434	0.28954
V703	0.14428	0.05627	0.55965	0.23981
V704	0.8517	0.04365	0.02553	0.07911
V705	0.95405	0.01513	0.0118	0.01902
V706	0.07803	0.06957	0.79226	0.06015
V707	0.03552	0.42716	0.50913	0.0282
V708	0.03424	0.89218	0.02126	0.05232
V709	0.13809	0.25304	0.55218	0.05669
V710	0.64418	0.19291	0.05381	0.10911
V711	0.08601	0.80178	0.09109	0.02112
V712	0.85086	0.05305	0.00464	0.09145
V713	0.48127	0.29265	0.03922	0.18686
V714	0.0072	0.73109	0.02469	0.23702
V715	0.31229	0.31844	0.32037	0.04891
V716	0.04719	0.06541	0.07297	0.81443
V717	0.07599	0.91364	0.00066	0.00971
V718	0.15241	0.56444	0.19579	0.08737
V719	0.05727	0.74821	0.04064	0.15389
V720	0.70677	0.01447	0.23032	0.04843
V721	0.13208	0.15478	0.53597	0.17716
V722	0.11018	0.39492	0.02004	0.47486
V723	0.14568	0.10826	0.01676	0.7293
V724	0.64085	0.02747	0.09517	0.2365
V725	0.00255	0.12597	0.84982	0.02166
V726	0.04029	0.41797	0.15449	0.38726
V727	0.26439	0.6416	0.0898	0.00421
V728	0.02594	0.87954	0.09008	0.00444
V729	0.46343	0.01708	0.19312	0.32636
V730	0.90345	0.03719	0.0403	0.01906
V731	0.02704	0.19543	0.47661	0.30093
V732	0.37525	0.07233	0.39185	0.16057
V733	0.68538	0.17169	0.03546	0.10748
V734	0.24005	0.30267	0.45311	0.00417
V735	0.01836	0.04228	0.57834	0.36102
V736	0.19955	0.02111	0.01893	0.7604
V737	0.35273	0.27164	0.2651	0.11053
V738	0.08018	0.32067	0.49598	0.10317
V739	0.00175	0.04164	0.68208	0.27453
V740	0.84001	0.08516	0.06597	0.00886
V741	0.53815	0.09342	0.14193	0.2265
V742	0.39275	0.59329	0.01377	0.00019
V743	0.13449	0.14782	0.70238	0.01531
V744	0.53713	0.04251	0.34103	0.07933
V745	0.01522	0.70766	0.19254	0.08458
V746	0.97089	0.02425	0	0.00486
V747	0.05749	0.03576	0.75442	0.15233
V748	0.12719	0.10214	0.64074	0.12992
V749	0.33656	0.18168	0.06827	0.41349
V750	0.43544	0.45513	0.01992	0.08951
V751	0.04374	0.87925	0.0375	0.03951
V752	0.50249	0.20932	0.14964	0.13855
V753	0.04122	0.06848	0.01038	0.87993
V754	0.00817	0.94684	0.00084	0.04416
V755	0.16384	0.18582	0.40469	0.24566
V756	0.03907	0.03187	0.08165	0.84741
V757	0.3424	0.57417	0.06245	0.02098
V758	0.04423	0.77635	0.12474	0.05468
V759	0.13748	0.06331	0.48186	0.31735
V760	0.32657	0.05574	0.33085	0.28683
V761	0.06709	0.57588	0.29305	0.06398
V762	8e-04	0.46251	0.0221	0.51459
V763	0.42716	0.35418	0.03039	0.18827
V764	0.00754	0.94111	0.00683	0.04453
V765	0.72446	0.08601	0.00068	0.18885
V766	0.01564	0.31431	0.49965	0.1704
V767	0.5125	0.11155	0.26416	0.11179
V768	0.0544	0.9095	0.02106	0.01504
V769	0.13858	0.82329	0.02865	0.00948
V770	0.00991	0.97723	0.00804	0.00482
V771	0.16597	0.05505	0.76937	0.00961
V772	0.13413	0.07944	0.78189	0.00454
V773	0.15882	0.82563	0.00605	0.0095
V774	0.02132	0.062	0.89496	0.02171
V775	0.13388	0.04759	0.36167	0.45687
V776	0.45262	0.40928	0.05493	0.08316
V777	0.2117	0.12022	0.18386	0.48422
V778	0.57063	0.2596	0.07285	0.09693
V779	0.18113	0.04813	0.56012	0.21062
V780	0.10847	0.76411	0.12721	0.00022
V781	0.06489	0.05435	0.04887	0.83189
V782	0.00847	0.13461	0.80985	0.04708
V783	0.8207	0.02324	0.0501	0.10596
V784	0.10678	0.87495	0.01375	0.00451
V785	0.03503	0.9361	0.01384	0.01503
V786	0.73655	0.14675	0.08516	0.03154
V787	0.00106	0.84109	0.15337	0.00449
V788	0.52596	0.2835	0.15721	0.03334
V789	0.08198	0.41813	0.03958	0.46032
V790	0.52362	0.03014	0.09377	0.35247
V791	0.14331	0.36521	0.37021	0.12127
V792	0.14888	0.58237	0.00761	0.26114
V793	0.12899	0.68334	0.04021	0.14746
V794	0.04629	0.09547	0.8045	0.05374
V795	0.14253	0.05778	0.08723	0.71246
V796	0.02826	0.11332	0.84274	0.01568
V797	0.75242	0.01935	0.21954	0.0087
V798	0.62561	0.28288	0.07708	0.01443
V799	0.13266	0.7849	0.02891	0.05353
V800	0.07207	0.03816	0.60127	0.28849
V801	0.15499	0.11498	0.40205	0.32798
V802	0.04285	0.08784	0.35996	0.50935
V803	0.22267	0.5128	0.26432	0.00021
V804	0.53192	0.02773	0.38994	0.05041
V805	0.02113	0.08042	0.89817	0.00029
V806	0.04406	0.91592	0.01349	0.02653
V807	0.3127	0.16414	0.04888	0.47428
V808	0.67432	0.25747	0.04229	0.02592
V809	0.04443	0.09858	0.85675	0.00024
V810	0.01108	0.98302	0.00091	0.00498
V811	0.46959	0.06816	0.23262	0.22963
V812	0.58518	0.24939	0.05457	0.11086
V813	0.6083	0.1802	0.19119	0.02032
V814	0.43048	0.52137	0.04396	0.00418
V815	0.00097	0.92171	0.07276	0.00456
V816	0.91307	0.02551	0.06118	0.00024
V817	0.02897	0.11029	0.85066	0.01008
V818	0.00208	0.09876	0.06624	0.83292
V819	0.84341	0.07721	0.04887	0.03051
V820	0.16973	0.11945	0.03576	0.67506
V821	0.22677	0.30016	0.41643	0.05664
V822	0.07027	0.06756	0.84665	0.01553
V823	0.02583	0.18982	0.71508	0.06927
V824	0.09009	0.38144	0.52825	0.00021
V825	0.24354	0.28092	0.29459	0.18095
V826	0.43737	0.39903	0.15443	0.00918
V827	0.37973	0.58745	0.0122	0.02063
V828	0.26517	0.17129	0.14137	0.42216
V829	0.0465	0.29795	0.05601	0.59954
V830	0.26769	0.24889	0.03775	0.44566
V831	0.80263	0.08169	0.03369	0.08199
V832	0.28997	0.3927	0.1887	0.12863
V833	0.15615	0.51289	0.20226	0.1287
V834	0.35323	0.07582	0.10467	0.46627
V835	0.37599	0.4369	0.12492	0.06219
V836	0.00753	0.74196	0.00852	0.24198
V837	0.24191	0.37635	0.21776	0.16399
V838	0.91547	0.05337	0.02688	0.00428
V839	0.30054	0.59636	0.0989	0.0042
V840	0.28261	0.70994	0.00724	2e-04
V841	0.00267	0.08284	0.87457	0.03993
V842	0.38554	0.15356	0.29495	0.16594
V843	0.01834	0.06203	0.86712	0.05251
V844	0.1255	0.08983	0.4614	0.32327
V845	0.06734	0.11674	0.76846	0.04747
V846	0.00209	0.05124	0.79712	0.14955
V847	0.00451	0.02163	0.05902	0.91484
V848	0.09532	0.52539	0.19738	0.18191
V849	0.00075	0.96582	0.00713	0.0263
V850	0.96078	0.01743	0.01256	0.00922
V851	0.33306	0.52213	0.14462	2e-04
V852	0.13315	0.06067	0.1841	0.62208
V853	0.25677	0.20904	0.43914	0.09505
V854	0.63205	0.1537	0.11164	0.10262
V855	0.00451	0.02163	0.05902	0.91484
V856	0.04797	0.35165	0.41039	0.18999
V857	0.71099	0.16199	0.03491	0.09211
V858	0.5468	0.03486	0.41423	0.00411
V859	0.68624	0.22344	0.01869	0.07163
V860	0.23391	0.12839	0.07633	0.56138
V861	0.08918	0.35269	0.54848	0.00965
V862	0.13335	0.09847	0.73447	0.03371
V863	0.25921	0.07902	0.00578	0.656
V864	0.08706	0.05556	0.08039	0.77699
V865	0.1355	0.01864	0.34871	0.49716
V866	0.71722	0.03069	0.24329	0.0088
V867	0.71287	0.04033	0.24276	0.00404
V868	0.53849	0.26025	0.14057	0.06069
V869	0.01825	0.9692	0.00777	0.00478
V870	0.12348	0.3894	0.02886	0.45826
V871	0.00075	0.96582	0.00713	0.0263
V872	0.01171	0.03589	0.34444	0.60796
V873	0.89166	0.03587	0.04809	0.02438
V874	0.19071	0.77891	0.03018	2e-04
V875	0.01916	0.21347	0.26977	0.4976
V876	0.16421	0.31569	0.44817	0.07192
V877	0.04841	0.40159	0.34985	0.20014
V878	0.12811	0.80718	0.06451	0.00021
V879	0.19445	0.69818	0.04624	0.06113
V880	0.3246	0.55772	0.00582	0.11186
V881	0.15001	0.0544	0.65361	0.14198
V882	0.81058	0.01094	0.12528	0.0532
V883	0.28037	0.20746	0.51197	0.00019
V884	0.024	0.35382	0.00568	0.61651
V885	0.69897	0.21525	0.08563	0.00015
V886	0.01547	0.35845	0.5159	0.11017
V887	0.66821	0.05879	0.1669	0.1061
V888	0.09992	0.06672	0.76604	0.06732
V889	0.91317	0.05441	0.0184	0.01402
V890	0.03605	0.1449	0.68074	0.1383
V891	0.6314	0.05189	0.28496	0.03175
V892	0.33795	0.19819	0.01807	0.44579
V893	0.60146	0.19568	0.15686	0.046
V894	0.06712	0.30462	0.6	0.02826
V895	0.62285	0.05945	0.21057	0.10712
V896	0.03535	0.94283	0.00679	0.01503
V897	0.70545	0.24615	0.00461	0.04379
V898	0.55215	0.00749	0.00996	0.4304
V899	0.03234	0.21795	0.19492	0.55479
V900	0.08388	0.28953	0.42635	0.20024
V901	0.03491	0.8646	0.00661	0.09387
V902	0.04553	0.90328	0.04671	0.00448
V903	0.00739	0.41675	0.54111	0.03475
V904	0.01946	0.9747	9e-04	0.00494
V905	0.1846	0.01084	0.23994	0.56462
V906	0.46276	0.08771	0.12839	0.32114
V907	0.43957	0.50141	0.01949	0.03953
V908	0.01619	0.07753	0.11269	0.79359
V909	0.13043	0.81702	0.00062	0.05193
V910	0.20587	0.00944	0.16867	0.61603
V911	0.53326	0.37897	0.03527	0.05249
V912	0.41984	0.31458	0.14063	0.12496
V913	0.16195	0.00731	0.02253	0.80822
V914	0.1836	0.48324	0.30486	0.0283
V915	0.2927	0.00723	0.0165	0.68357
V916	0.24829	0.0695	0.64908	0.03314
V917	0.73109	0.03162	0.16841	0.06888
V918	0.04532	0.63632	0.24753	0.07084
V919	0.21814	0.22482	0.3478	0.20924
V920	0.6441	0.18295	0.09926	0.07369
V921	0.03741	0.20946	0.04954	0.70359
V922	0.10084	0.45565	0.40841	0.0351
V923	0.10428	0.03388	0.06955	0.79229
V924	0.0349	0.66921	0.27441	0.02148
V925	0.23383	0.04778	0.02582	0.69258
V926	0.25847	0.03415	0.04627	0.66111
V927	0.03226	0.06741	0.08655	0.81377
V928	0.04416	0.90449	0.00636	0.04499
V929	0.05733	0.66358	0.14528	0.13382
V930	0.53243	0.35768	0.03585	0.07405
V931	0.13828	0.26368	0.54131	0.05674
V932	0.03623	0.11481	0.67778	0.17118
V933	0.59134	0.3876	0.0119	0.00917
V934	0.0087	0.16429	0.35951	0.4675
V935	0.58066	0.14807	0.21844	0.05283
V936	0.56849	0.26299	0.02023	0.14828
V937	0.59479	0.11931	0.0962	0.1897
V938	0.40469	0.04752	0.34686	0.20093
V939	0.78665	0.02252	0.0768	0.11404
V940	0.02477	0.79793	0.14993	0.02737
V941	0.00438	0.07856	0.91107	0.00599
V942	0.73855	0.18018	0.06706	0.01421
V943	0.40151	0.12273	0.43534	0.04042
V944	0.02108	0.3199	0.09142	0.56759
V945	0.57947	0.34336	0.01153	0.06564
V946	0.46568	0.24558	0.26162	0.02713
V947	0.09691	0.0592	0.30772	0.53617
V948	0.33452	0.05083	0.60002	0.01463
V949	0.00137	0.13177	0.27839	0.58847
V950	0.05845	0.54571	0.24171	0.15413
V951	0.816	0.03059	0.14935	0.00406
V952	0.07998	0.13463	0.34203	0.44335
V953	0.01929	0.08994	0.86907	0.0217
V954	0.04448	0.20541	0.19465	0.55546
V955	0.1327	0.63499	0.03204	0.20027
V956	0.03864	0.04054	0.60651	0.3143
V957	0.41659	0.02583	0.00448	0.5531
V958	0.05466	0.00966	0.01129	0.92439
V959	0.23872	0.24504	0.45991	0.05633
V960	0.2736	0.28515	0.10079	0.34046
V961	0.14126	0.37628	0.38669	0.09577
V962	0.37345	0.15765	0.41402	0.05488
V963	0.61793	0.1553	0.16754	0.05923
V964	0.84178	0.03511	0.09859	0.02452
V965	0.05964	0.51672	0.2236	0.20004
V966	0.95433	0.03119	0.00526	0.00922
V967	0.05986	0.05286	0.61414	0.27314
V968	0.00184	0.16341	0.78776	0.04699
V969	0.01021	0.35226	0.05602	0.58151
V970	0.03864	0.12142	0.51532	0.32463
V971	0.51557	0.08044	0.34439	0.0596
V972	0.56055	0.18895	0.05715	0.19334
V973	0.29631	0.42514	0.09263	0.18592
V974	0.00665	0.79794	0.13446	0.06095
V975	0.10121	0.2937	0.60077	0.00432
V976	0.48014	0.23282	0.13117	0.15587
V977	0.32011	0.34772	0.32804	0.00413
V978	0.07931	0.11388	0.10012	0.70669
V979	0.78803	0.0308	0.17711	0.00405
V980	0.97089	0.02425	0	0.00486
V981	0.35029	0.03783	0.47127	0.14061
V982	0.46277	0.38573	0.08297	0.06853
V983	0.75482	0.05939	0.00549	0.1803
V984	0.01555	0.84691	0.11048	0.02707
V985	0.09247	0.24293	0.01444	0.65016
V986	0.33918	0.52082	0.05592	0.08407
V987	0.23506	0.74981	0.00033	0.0148
V988	0.27538	0.02634	0.02529	0.67299
V989	0.44827	0.4575	0.07944	0.01478
V990	0.002	0.07586	0.82109	0.10106
V991	0.63305	0.3577	0	0.00925
V992	0.21236	0.02624	0.57341	0.188
V993	0.06543	0.72687	0.17336	0.03434
V994	0.18255	0.77959	0.02844	0.00942
V995	0.7714	0.09789	0.03429	0.09643
V996	0.3306	0.13614	0.01969	0.51357
V997	0.01796	0.05151	0.84504	0.08549
V998	0.87959	0.02106	0.06403	0.03532
V999	0.11767	0.87708	6e-04	0.00466
V1000	0.38892	0.03519	0.00464	0.57124
