cytotoxic.CD56.dim.NK.cell	memory.CD4.pos.AB.T.cell	memory.B.cell	CD14.pos.CD16.neg.classical.monocyte
V1	0.63012	0.0076	0.18312	0.17916
V2	0.2082	0.10439	0.07009	0.61733
V3	0.05607	0.72263	0.01402	0.20728
V4	0.86256	0.12512	0	0.01232
V5	0.11371	0.50689	0.27419	0.10521
V6	0.069	0.90048	0.01842	0.01209
V7	0.1718	0.41968	0.09807	0.31045
V8	0.13855	0.01018	0.83206	0.01921
V9	0.29821	0.27406	0.04524	0.3825
V10	0.02191	0.01134	0.93567	0.03108
V11	0.2146	0.3545	0.42741	0.00349
V12	0.0247	0.60752	0.35983	0.00795
V13	0.25506	0.72811	0.00477	0.01206
V14	0.06223	0.92786	0.00629	0.00362
V15	0.1223	0.65327	0.12329	0.10114
V16	0.91639	0.04995	0.01691	0.01676
V17	0.07859	0.89764	0.01171	0.01207
V18	0.58492	0.35341	0.03947	0.0222
V19	0.14899	0.8382	0.00521	0.0076
V20	0.18923	0.53637	0.0223	0.25211
V21	0.13878	0.03635	0.80565	0.01922
V22	0.02312	0.10192	0.29249	0.58248
V23	0.40033	0.03139	0.56451	0.00376
V24	0.92062	0.05064	0.02843	0.00031
V25	0.4036	0.24237	0.1453	0.20874
V26	0.43348	0.41587	0.01874	0.13191
V27	0.1445	0.07761	0.03075	0.74713
V28	0.00616	0.05695	0.93662	0.00028
V29	0.46361	0.01867	0.50001	0.01771
V30	0.11696	0.22434	0.34861	0.31009
V31	0.23677	0.18497	0.35411	0.22415
V32	0.11757	0.03972	0.04945	0.79327
V33	0.04347	0.51987	0.37484	0.06182
V34	0.13848	0.02144	0.82086	0.01922
V35	0.15484	0.75357	0.07431	0.01728
V36	0.0099	0.02582	0.61133	0.35295
V37	0.63582	0.06165	0.10354	0.19899
V38	0.51561	0.00417	0.20078	0.27944
V39	0.1698	0.61062	0.13245	0.08713
V40	0.09147	0.84151	0.06698	3e-05
V41	0.00639	0.77217	0.04699	0.17445
V42	0.28611	0.02228	0.27248	0.41912
V43	0.13478	0.33172	0.51473	0.01877
V44	0.01727	0.04685	0.82594	0.10995
V45	0.09576	0.62664	0.2235	0.05411
V46	0.80593	0.07649	0.11405	0.00354
V47	0.47969	0.17122	0.31985	0.02924
V48	0.80435	0.17948	0.00399	0.01218
V49	0.76121	0.19099	0	0.0478
V50	0.06085	0.86175	0.07404	0.00336
V51	0.32152	0.40434	0.25621	0.01794
V52	0.02869	0.08506	0.8665	0.01975
V53	0.73124	0.12755	0.14105	0.00016
V54	0.44505	0.17559	0.3667	0.01266
V55	0.26332	0.12025	0.30167	0.31476
V56	0.06635	0.01766	0.13513	0.78086
V57	0.08898	0.88471	0.01874	0.00757
V58	0.73908	0.0104	0.04416	0.20636
V59	0.45012	0.41829	0.10317	0.02842
V60	0.15794	0.14207	0.40944	0.29054
V61	0.84108	0.10123	0.00981	0.04788
V62	0.88636	0.0433	0.06265	0.00769
V63	0.01462	0.86414	0.1091	0.01214
V64	0.00695	0.91629	0.00092	0.07583
V65	0.02435	0.00566	0.16199	0.808
V66	0.21099	0.73297	0.01773	0.0383
V67	0.15802	0.3219	0.51188	0.00819
V68	0.21777	0.18088	0.03213	0.56922
V69	0.02547	0.29881	0.64528	0.03045
V70	0.59749	0.13521	0.18805	0.07925
V71	0.19726	0.05401	0.46561	0.28313
V72	0.64317	0.1476	0.09799	0.11123
V73	0.15236	0.65667	0.13798	0.053
V74	0.06261	0.21384	0.72339	0.00016
V75	0.74747	0.00808	0.19021	0.05424
V76	0.00162	0.20786	0.25416	0.53636
V77	0.04782	0.39539	0.0131	0.54369
V78	0.37775	0.10599	0.22727	0.28899
V79	0.0093	0.07079	0.86422	0.05569
V80	0.37583	0.00982	0.56134	0.05301
V81	0.06165	0.14269	0.79163	0.00403
V82	0.00468	0.05897	0.93132	0.00503
V83	0.1803	0.2117	0.10013	0.50787
V84	0.48455	0.03714	0.19477	0.28354
V85	0.11655	0.31511	0.45359	0.11475
V86	0.05043	0.03035	0.89404	0.02518
V87	0.03096	0.88191	0.04907	0.03806
V88	0.21058	0.04906	0.35247	0.38789
V89	0.02793	0.01403	0.30523	0.65282
V90	0.02347	0.91939	0.0495	0.00764
V91	0.03189	0.77399	0.17676	0.01737
V92	0.49929	0.01479	0.40164	0.08428
V93	0.91859	0.0253	0	0.0561
V94	0.01848	0.56891	0.02686	0.38574
V95	0.27876	0.45869	0.16592	0.09663
V96	0.10413	0.13753	0.04033	0.71802
V97	0.69852	0.10067	0.19732	0.00349
V98	0.67803	0.31421	0	0.00776
V99	0.80597	0.05111	0.13936	0.00356
V100	0.0852	0.0176	0.88293	0.01427
V101	0.0418	0.0944	0.01073	0.85307
V102	0.92173	0.06586	0.00447	0.00794
V103	0.01777	0.06724	0.14896	0.76603
V104	0.026	0.96359	0.00669	0.00371
V105	0.05259	0.93088	0.01295	0.00359
V106	0.11955	0.5316	0.325	0.02386
V107	0.19796	0.17663	0.59499	0.03042
V108	0.14291	0.77348	0.08355	6e-05
V109	0.01615	0.13783	0.68675	0.15927
V110	0.04994	0.90472	0.03325	0.0121
V111	0.91318	0.01883	0.06421	0.00378
V112	0.15323	0.04372	0.53174	0.27131
V113	0.2451	0.10542	0.23591	0.41357
V114	0.33245	0.04812	0.11046	0.50897
V115	0.00755	0.77997	0.20897	0.00351
V116	0.15459	0.31453	0.41572	0.11516
V117	0.69165	0.25507	0.03127	0.02202
V118	0.17405	0.64813	0.03645	0.14136
V119	0.16532	0.09774	0.07392	0.66301
V120	0.08519	0.04921	0.85661	0.00899
V121	0.66839	0.11716	0.09767	0.11678
V122	0.95386	0.02663	0.01145	0.00805
V123	0.00721	0.62845	0.05367	0.31068
V124	0.66946	0.29869	0	0.03185
V125	0.39667	0.42193	0.16892	0.01248
V126	0.05344	0.20107	0.07536	0.67012
V127	0.21264	0.0402	0.34182	0.40535
V128	0.04898	0.01628	0.17739	0.75735
V129	0.60378	0.2223	0.15654	0.01738
V130	0.00758	0.68055	0.30831	0.00356
V131	0.02307	0.93425	0.00072	0.04196
V132	0.94127	0.022	0.02449	0.01224
V133	0.91546	0.02909	0.04766	0.0078
V134	0.12532	0.45258	0.15487	0.26723
V135	0.11123	0.01945	0.26626	0.60306
V136	0.28316	0.46207	0.01362	0.24115
V137	0.68684	0.03105	0.24363	0.03848
V138	0.23544	0.43169	0.19728	0.13559
V139	0.41098	0.20001	0.22269	0.16631
V140	0.044	0.12789	0.08319	0.74492
V141	0.0707	0.13559	0.63242	0.16129
V142	0.78966	0.02031	0.18977	0.00025
V143	0.49619	0.27115	0.07362	0.15904
V144	0.2148	0.16521	0.22145	0.39853
V145	0.00116	0.78746	0.20783	0.00355
V146	0.09246	0.02714	0.05493	0.82547
V147	0.92898	0.0328	0.01688	0.02134
V148	0.14388	0.05258	0.66261	0.14093
V149	0.26254	0.52811	0.20596	0.00339
V150	0.09003	0.22397	0.63597	0.05003
V151	0.21075	0.67867	0.034	0.07658
V152	0.24636	0.46489	0.22755	0.06121
V153	0.1031	0.81074	0.01866	0.0675
V154	0.24824	0.46595	0.26776	0.01805
V155	0.51714	0.12683	0.2959	0.06014
V156	0.03638	0.11456	0.76549	0.08357
V157	0.34961	0.14324	0.35683	0.15032
V158	0.04335	0.00309	0.0603	0.89325
V159	0.89952	0.07439	0	0.0261
V160	0.7739	0.01098	0.06747	0.14765
V161	0.30707	0.0146	0.04802	0.63031
V162	0.08183	0.37839	0.1085	0.43128
V163	0.10345	0.54947	0.18841	0.15868
V164	0.39113	0.32698	0.11826	0.16363
V165	0.01378	0.38529	0.00583	0.5951
V166	0.01501	0.14253	0.11236	0.7301
V167	0.47801	0.00855	0.0121	0.50135
V168	0.28942	0.60047	0.07599	0.03412
V169	0.26998	0.06734	0.05612	0.60656
V170	0.12411	0.01225	0.62818	0.23547
V171	0.13675	0.22438	0.61412	0.02474
V172	0.72676	0.01413	0.25543	0.00369
V173	0.03985	0.2071	0.06439	0.68865
V174	0.02442	0.22554	0.11396	0.63608
V175	0.07035	0.00804	0.84176	0.07985
V176	0.00753	0.83653	0.15247	0.00347
V177	0.00953	0.98174	7e-04	0.00803
V178	0.00645	0.85616	0.00632	0.13107
V179	0.19797	0.00691	0.4775	0.31762
V180	0.02683	0.90559	0.06755	2e-05
V181	0.18037	0.11038	0.60327	0.10598
V182	0.32205	0.16246	0.47904	0.03645
V183	0.16933	0.82161	0.00556	0.0035
V184	0.95847	0.03189	0.00927	0.00036
V185	0.55487	0.43057	0.01105	0.00351
V186	0.12446	0.51281	0.27994	0.08279
V187	0.94201	0.02783	0.02626	0.00391
V188	0.07855	0.33011	0.00537	0.58597
V189	0.87023	0.02617	0.01699	0.08662
V190	0.67166	0.01895	0.30574	0.00366
V191	0.19723	0.18855	0.5897	0.02452
V192	0.32776	0.5049	0.05301	0.11433
V193	0.65124	0.02973	0.24275	0.07629
V194	0.03261	0.94936	0.00592	0.0121
V195	0.01667	0.02995	0.94825	0.00514
V196	0.0233	0.13609	0.02553	0.81508
V197	0.52822	0.05292	0.03365	0.38522
V198	0.06392	0.52488	0.37515	0.03604
V199	0.22355	0.02552	0.24599	0.50493
V200	0.13997	0.65128	0.02104	0.18771
V201	0.09874	0.60536	0.20055	0.09535
V202	0.01848	0.01271	0.85488	0.11394
V203	0.16638	0.43623	0.38449	0.0129
V204	0.00777	0.66626	0.00872	0.31724
V205	0.02244	0.04696	0.92112	0.00947
V206	0.05294	0.08391	0.85887	0.00428
V207	0.17926	0.24059	0.07514	0.50501
V208	0.2659	0.05382	0.6719	0.00838
V209	0.32608	0.50211	0.07122	0.10058
V210	0.08022	0.80778	0.08427	0.02774
V211	0.54191	0.0188	0.044	0.39529
V212	0.53176	0.03386	0.4219	0.01248
V213	0.71397	0.03025	0.11661	0.13916
V214	0.39783	0.16095	0.19618	0.24505
V215	0.38895	0.11521	0.02805	0.46779
V216	0.0733	0.00348	0.05138	0.87185
V217	0.04533	0.54575	0.25773	0.15119
V218	0.10655	0.50482	0.19408	0.19455
V219	0.11082	0.72455	0.01284	0.15178
V220	0.00652	0.89841	0.00589	0.08918
V221	0.87243	0.01516	0.00461	0.10781
V222	0.35599	0.11976	0.40583	0.11841
V223	0.00854	0.11887	0.82308	0.04951
V224	0.9472	0.02971	0.02273	0.00036
V225	0.0514	0.89526	0.04992	0.00342
V226	0.32365	0.07048	0.59766	0.00821
V227	0.79821	0.01251	0.18161	0.00767
V228	0.81907	0.06382	0.06296	0.05414
V229	0.02308	0.02119	0.94085	0.01488
V230	0.0309	0.06721	0.04868	0.85321
V231	0.01914	0.35537	0.15072	0.47477
V232	0.0451	0.76068	0.00161	0.19262
V233	0.62287	0.07782	0.20878	0.09053
V234	0.03258	0.93318	0.02661	0.00763
V235	0.39588	0.04876	0.53729	0.01808
V236	0.04798	0.04957	0.85317	0.04928
V237	0.23859	0.01683	0.05325	0.69133
V238	0.13034	0.57998	0.26018	0.0295
V239	0.07851	0.51096	0.02644	0.38409
V240	0.51778	0.03134	0.42232	0.02856
V241	0.02111	0.00991	0.92617	0.04281
V242	0.12143	0.78847	0.08258	0.00751
V243	0.25823	0.02959	0.66412	0.04806
V244	0.21972	0.0068	0.72005	0.05342
V245	0.61958	0.2999	0.0475	0.03301
V246	0.05944	0.13377	0.79286	0.01393
V247	0.17623	0.02945	0.79412	2e-04
V248	0.03924	0.06098	0.08186	0.81792
V249	0.00337	0.03402	0.91966	0.04295
V250	0.77448	0.01409	0.20776	0.00367
V251	0.92799	0.06307	0.00498	0.00396
V252	0.0098	0.85595	0.13421	4e-05
V253	0.44696	0.06481	0.19802	0.29021
V254	0.00823	0.94511	0.0431	0.00356
V255	0.04144	0.93649	0.00061	0.02147
V256	0.18912	0.19809	0.5561	0.05669
V257	0.48714	0.08918	0.26317	0.16051
V258	0.19226	0.25773	0.46506	0.08496
V259	0.03568	0.28716	0.6524	0.02476
V260	0.00279	0.28939	0.70376	0.00407
V261	0.67269	0.02869	0.20445	0.09417
V262	0.14375	0.08935	0.03017	0.73672
V263	0.01599	0.97117	0.00065	0.01219
V264	0.19282	0.02592	0.52343	0.25782
V265	0.04822	0.00494	0.21857	0.72827
V266	0.61999	0.37382	0.00602	0.00016
V267	0.0014	0.20035	0.37748	0.42078
V268	0.47709	0.02164	0.17533	0.32593
V269	0.00673	0.57933	0.38477	0.02917
V270	0.68168	0.02311	0.24524	0.04998
V271	0.84455	0.06476	0.03109	0.0596
V272	0.04986	0.87766	0.01195	0.06054
V273	0.08803	0.04115	0.06535	0.80548
V274	0.74379	0.0076	0.18249	0.06612
V275	0.00513	0.03621	0.95324	0.00542
V276	0.54283	0.35195	0.01059	0.09464
V277	0.0439	0.25132	0.2206	0.48418
V278	0.04526	0.05751	0.40356	0.49367
V279	0.74841	0.05359	0.11152	0.08648
V280	0.04335	0.00309	0.0603	0.89325
V281	0.62777	0.02791	0.15478	0.18954
V282	0.05906	0.05111	0.85277	0.03706
V283	0.21724	0.62922	0.06137	0.09217
V284	0.0244	0.92173	0.05039	0.00348
V285	0.08236	0.02211	0.89529	0.00024
V286	0.25157	0.5811	0.10791	0.05943
V287	0.08863	0.88764	0.01165	0.01208
V288	0.01555	0.28539	0.50302	0.19604
V289	0.30093	0.20625	0.44336	0.04946
V290	0.80061	0.18677	0.01238	0.00025
V291	0.50864	0.06013	0.42332	0.0079
V292	0.94636	0.02307	0	0.03057
V293	0.30904	0.01231	0.65482	0.02383
V294	0.10908	0.47423	0.00332	0.41337
V295	0.02032	0.21279	0.2651	0.50179
V296	0.18788	0.10096	0.65521	0.05595
V297	0.11284	0.0032	0.11741	0.76655
V298	0.31227	0.08845	0.59108	0.00821
V299	0.08761	0.37143	0.02123	0.51973
V300	0.00261	0.04198	0.34075	0.61466
V301	0.12759	0.0907	0.70516	0.07654
V302	0.63595	0.35629	0	0.00776
V303	0.00088	0.61836	0.36282	0.01795
V304	0.05901	0.01504	0.81719	0.10876
V305	0.13476	0.14687	0.53908	0.1793
V306	0.83488	0.0924	0.04613	0.02658
V307	0.01565	0.96377	0.01282	0.00776
V308	0.25821	0.22881	0.34248	0.17049
V309	0.38545	0.34981	0.0299	0.23484
V310	0.09091	0.37127	0.18967	0.34814
V311	0.49718	0.49441	0.00489	0.00351
V312	0.09123	0.76725	0.12918	0.01233
V313	0.00212	0.18281	0.03638	0.77868
V314	0.01601	0.56662	0.13119	0.28618
V315	0.12302	0.70021	0.03653	0.14023
V316	0.34002	0.11963	0.42827	0.11208
V317	0.08398	0.76968	0.04355	0.1028
V318	0.03711	0.66969	0.01543	0.27777
V319	0.061	0.04608	0.87325	0.01966
V320	0.07986	0.12324	0.71312	0.08379
V321	0.60949	0.38432	0.00603	0.00016
V322	0.23036	0.37502	0.08607	0.30856
V323	0.07855	0.03068	0.14401	0.74676
V324	0.66638	0.25755	0.06385	0.01222
V325	0.29302	0.655	0.04864	0.00333
V326	0.00044	0.65681	0.10234	0.24041
V327	0.02408	0.19067	0.15425	0.631
V328	0.04836	0.01544	0.82107	0.11512
V329	0.21929	0.11933	0.22613	0.43525
V330	0.4367	0.00661	0.3776	0.17909
V331	0.43919	0.09532	0.05588	0.40961
V332	0.01329	0.06281	0.27629	0.64761
V333	0.45435	0.06105	0.41117	0.07343
V334	0.39776	0.00666	0.40693	0.18864
V335	0.0245	0.33782	0.554	0.08367
V336	0.17076	0.74853	0.01824	0.06247
V337	0.28579	0.40665	0.28947	0.01809
V338	0.00101	0.98732	0.00779	0.00388
V339	0.13185	0.01379	0.84996	0.0044
V340	0.05814	0.21665	0.59575	0.12946
V341	0.03635	0.05388	0.10717	0.80259
V342	0.25908	0.00647	0.64869	0.08576
V343	0.95132	0.03934	0.00527	0.00408
V344	0.67428	0.15604	0.16953	0.00015
V345	0.02191	0.04583	0.93201	0.00024
V346	0.27043	0.10523	0.34912	0.27523
V347	0.06128	0.01424	0.20048	0.724
V348	0.05234	0.71422	0.14171	0.09174
V349	0.37045	0.14953	0.41089	0.06914
V350	0.02598	0.82162	0.15236	4e-05
V351	0.0209	0.02739	0.52528	0.42642
V352	0.04956	0.01264	0.88906	0.04873
V353	0.90399	0.02918	0.03054	0.03629
V354	0.04125	0.72613	0.20975	0.02287
V355	0.2993	0.05961	0.51624	0.12485
V356	0.04795	0.03294	0.16195	0.75715
V357	0.12212	0.35436	0.32441	0.19911
V358	0.62769	0.10393	0.05458	0.2138
V359	0.66561	0.05604	0.03716	0.24119
V360	0.53474	0.44025	0.01742	0.00759
V361	0.0019	0.46571	0.52859	0.0038
V362	0.00103	0.98044	0.01475	0.00378
V363	0.18709	0.10153	0.54352	0.16787
V364	0.16256	0.04597	0.72955	0.06192
V365	0.35831	0.03656	0.02271	0.58243
V366	0.0734	0.7481	0.08062	0.09787
V367	0.6494	0.14526	0.00547	0.19987
V368	0.082	0.78322	0.0774	0.05738
V369	0.01753	0.4111	0.56764	0.00373
V370	0.3038	0.26606	0.41178	0.01836
V371	0.17824	0.75817	0.02511	0.03848
V372	0.21576	0.06046	0.1705	0.55328
V373	0.08515	0.12769	0.56556	0.2216
V374	0.77438	0.02603	0.19938	0.00021
V375	0.05542	0.04911	0.21973	0.67574
V376	0.04642	0.04484	0.15926	0.74948
V377	0.8522	0.00945	0.0111	0.12725
V378	0.01047	0.02901	0.53755	0.42297
V379	0.40867	0.22556	0.01538	0.3504
V380	0.18981	0.07362	0.27197	0.4646
V381	0.78828	0.01686	0.09241	0.10245
V382	0.08802	0.03095	0.87659	0.00444
V383	0.87072	0.01398	0.04629	0.06902
V384	0.62665	0.07009	0.14233	0.16093
V385	0.87783	0.02148	0.06955	0.03114
V386	0.37618	0.01538	0.18848	0.41997
V387	0.61937	0.13562	0.19313	0.05188
V388	0.40216	0.34073	0.15441	0.1027
V389	0.41132	0.53969	0.01051	0.03848
V390	0.29813	0.24938	0.44897	0.00353
V391	0.51069	0.11548	0.02381	0.35002
V392	0.46913	0.21947	0.17958	0.13182
V393	0.30024	0.21931	0.38149	0.09896
V394	0.11294	0.27878	0.14985	0.45843
V395	0.23478	0.41738	0.2198	0.12804
V396	0.00792	0.97367	0.00626	0.01215
V397	0.7978	0.08357	0.09681	0.02182
V398	0.51891	0.13672	0.10937	0.235
V399	0.19305	0.58929	0.15076	0.0669
V400	0.00049	0.68388	0.07025	0.24539
V401	0.03633	0.13792	0.77625	0.0495
V402	0.77496	0.19126	0.03357	0.00021
V403	0.03689	0.0394	0.1239	0.79981
V404	0.09066	0.17769	0.66855	0.06309
V405	0.2786	0.03402	0.22507	0.46231
V406	0.66649	0.25435	0.01686	0.0623
V407	0.00101	0.98732	0.00779	0.00388
V408	0.09575	0.24681	0.46733	0.19011
V409	0.00361	0.06206	0.05928	0.87505
V410	0.07877	0.88358	0.0256	0.01204
V411	0.55527	0.0183	0.003	0.42343
V412	0.17381	0.06277	0.5798	0.18361
V413	0.05751	0.54469	0.20532	0.19248
V414	0.03323	0.53742	0.34728	0.08207
V415	0.50511	0.02566	0.26409	0.20514
V416	0.01768	0.08111	0.90101	2e-04
V417	0.35997	0.63153	0.00501	0.00349
V418	0.09223	0.12345	0.20546	0.57886
V419	0.03878	0.00443	0.07287	0.88392
V420	0.00061	0.93422	0.01226	0.05291
V421	0.16326	0.02776	0.73429	0.07469
V422	0.07032	0.10857	0.02286	0.79825
V423	0.0852	0.0176	0.88293	0.01427
V424	0.00225	0.04103	0.73233	0.22438
V425	0.05674	0.22457	0.64783	0.07086
V426	0.09239	0.03222	0.83266	0.04273
V427	0.07244	0.44973	0.22753	0.25029
V428	0.08092	0.8188	0.0498	0.05049
V429	0.03515	0.0049	0.08493	0.87502
V430	0.77178	0.16878	0.01651	0.04293
V431	0.20402	0.01798	0.54054	0.23746
V432	0.14745	0.12302	0.07343	0.6561
V433	0.05267	0.81446	0.00108	0.13179
V434	0.42653	0.08385	0.06728	0.42234
V435	0.59346	0.01394	0.14064	0.25197
V436	0.47052	0.0155	0.1439	0.37007
V437	0.28477	0.28266	0.00905	0.42352
V438	0.67043	0.16025	0.03423	0.13509
V439	0.0502	0.1601	0.02092	0.76878
V440	0.58537	0.04168	0.04113	0.33182
V441	0.06991	0.11228	0.68245	0.13537
V442	0.34486	0.36318	0.15026	0.1417
V443	0.79472	0.01143	0.09222	0.10162
V444	0.02191	0.04583	0.93201	0.00024
V445	0.62807	0.01995	0.33484	0.01714
V446	0.03102	0.87566	0.04938	0.04394
V447	0.66761	0.08665	0.18145	0.06429
V448	0.02419	0.08005	0.2818	0.61396
V449	0.59331	0.03648	0.30593	0.06428
V450	0.13074	0.85493	0.0143	3e-05
V451	0.92246	0.06519	0	0.01235
V452	0.0541	0.02014	0.12476	0.801
V453	0.83144	0.07384	0.06268	0.03205
V454	0.00086	0.94892	0.0425	0.00772
V455	0.62472	0.03081	0.30555	0.03892
V456	0.35275	0.1094	0.42636	0.11149
V457	0.00308	0.09351	0.04012	0.8633
V458	0.32503	0.27631	0.00855	0.39011
V459	0.01377	0.84395	0.08628	0.056
V460	0.94246	0.0244	0.02522	0.00793
V461	0.09193	0.06682	0.02459	0.81666
V462	0.40928	0.28599	0.00179	0.30295
V463	0.25945	0.50319	0.16249	0.07486
V464	0.59791	0.11128	0.00658	0.28423
V465	0.42208	0.45512	0.02583	0.09696
V466	0.64297	0.19671	0.00493	0.1554
V467	0.30908	0.59336	0.07491	0.02265
V468	0.50451	0.41391	0.04816	0.03342
V469	0.01852	0.19727	0.37691	0.4073
V470	0.59444	0.11661	0.19041	0.09854
V471	0.34365	0.1274	0.04898	0.47997
V472	0.36676	0.3801	0.00145	0.25169
V473	0.09555	0.56395	0.32767	0.01283
V474	0.16846	0.00341	0.15898	0.66915
V475	0.20651	0.45709	0.09249	0.24391
V476	0.23074	0.02568	0.08731	0.65626
V477	0.64457	0.03534	0.21813	0.10196
V478	0.13871	0.67119	0.00621	0.18389
V479	0.0179	0.06958	0.85686	0.05567
V480	0.09723	0.39699	0.06067	0.44511
V481	0.15146	0.01776	0.82194	0.00884
V482	0.71007	0.15958	0.10816	0.02219
V483	0.17167	0.13751	0.1068	0.58402
V484	0.0356	0.1193	0.04988	0.79522
V485	0.11522	0.79278	0.01173	0.08027
V486	0.31038	0.2908	0.15112	0.2477
V487	0.10224	0.06299	0.13499	0.69978
V488	0.00468	0.01272	0.91565	0.06694
V489	0.22085	0.09064	0.68009	0.00842
V490	0.38234	0.34379	0.07718	0.19668
V491	0.44411	0.48454	0.03236	0.03899
V492	0.02392	0.85538	0.11729	0.00342
V493	0.0666	0.00996	0.01159	0.91186
V494	0.20502	0.14152	0.5689	0.08457
V495	0.21443	0.64329	0.12991	0.01238
V496	0.25963	0.71319	2e-04	0.02697
V497	0.01871	0.01625	0.95968	0.00536
V498	0.39591	0.11915	0.06757	0.41736
V499	0.60613	0.27339	0.11707	0.00341
V500	0.1031	0.10716	0.76483	0.0249
V501	0.00586	0.01059	0.09474	0.88881
V502	0.55651	0.27865	0.14741	0.01743
V503	0.2426	0.10375	0.26043	0.39322
V504	0.22108	0.7297	0.01103	0.0382
V505	0.22533	0.22531	0.30588	0.24349
V506	0.09292	0.25303	0.5161	0.13796
V507	0.66569	0.0972	0.127	0.11011
V508	0.76535	0.16929	0.03849	0.02687
V509	0.24765	0.05229	0.56717	0.13289
V510	0.21804	0.53233	0.24621	0.00342
V511	0.05191	0.52186	0.05677	0.36946
V512	0.31816	0.05824	0.11109	0.51251
V513	0.07239	0.67948	0.20733	0.0408
V514	0.02866	0.13595	0.01003	0.82536
V515	0.81197	0.06222	0.04748	0.07834
V516	0.88668	0.10933	0	0.00399
V517	0.04881	0.02983	0.35956	0.56181
V518	0.93622	0.05965	0	0.00412
V519	0.02254	0.91255	0.00568	0.05923
V520	0.0292	0.00555	0.72677	0.23848
V521	0.57992	0.04126	0.36149	0.01733
V522	0.0077	0.11791	0.67565	0.19875
V523	0.39642	0.12274	0.29823	0.18261
V524	0.00633	0.80137	0.17506	0.01724
V525	0.31561	0.2485	0.03555	0.40034
V526	0.70801	0.07932	0.07832	0.13434
V527	0.23529	0.01845	0.48112	0.26514
V528	0.08926	0.88361	0.00052	0.02661
V529	0.0755	0.07037	0.31389	0.54024
V530	0.00773	0.19366	0.72888	0.06972
V531	0.01762	0.88214	0.10021	2e-05
V532	0.20524	0.39895	0.03494	0.36087
V533	0.30744	0.38171	0.15312	0.15774
V534	0.00955	0.01348	0.80359	0.17338
V535	0.65957	0.00747	0.01498	0.31798
V536	0.22391	0.00346	0.45805	0.31458
V537	0.58805	0.25923	0.14508	0.00763
V538	0.54562	0.057	0.10232	0.29506
V539	0.27876	0.45869	0.16592	0.09663
V540	0.18885	0.72267	0.06606	0.02242
V541	0.01666	0.61282	0.07448	0.29604
V542	0.23458	0.13175	0.31735	0.31633
V543	0.91014	0.0175	0.01013	0.06222
V544	0.13343	0.10176	0.23894	0.52587
V545	0.44137	0.15654	0.08431	0.31778
V546	0.04209	0.89661	0.05787	0.00343
V547	0.03331	0.66351	0.29538	0.00781
V548	0.14262	0.78022	0.07384	0.00332
V549	0.33319	0.02846	0.63007	0.00828
V550	0.68575	0.03643	0.00147	0.27635
V551	0.16621	0.76823	0.03262	0.03294
V552	0.00073	0.65803	0.0093	0.33194
V553	0.23329	0.13652	0.617	0.01319
V554	0.07739	0.13189	0.04305	0.74767
V555	0.0996	0.24284	0.40339	0.25417
V556	0.00413	0.03232	0.94311	0.02044
V557	0.86312	0.03364	0.01038	0.09286
V558	0.06043	0.83921	0.02634	0.07403
V559	0.00965	0.82073	0.16958	4e-05
V560	0.65615	0.34011	0	0.00374
V561	0.00513	0.03621	0.95324	0.00542
V562	0.81239	0.01297	0.11525	0.05938
V563	0.25349	0.0127	0.72973	0.00409
V564	0.06231	0.06874	0.85994	0.00902
V565	0.13445	0.2688	0.43342	0.16333
V566	0.759	0.10111	0.00457	0.13533
V567	0.23929	0.51335	0.02994	0.21742
V568	0.32762	0.01239	0.08017	0.57982
V569	0.76216	0.03513	0.00073	0.20198
V570	0.02523	0.28619	0.64532	0.04326
V571	0.82976	0.13371	0	0.03652
V572	0.46474	0.01017	0.46058	0.06451
V573	0.08289	0.25075	0.0155	0.65085
V574	0.03227	0.80538	0.15475	0.0076
V575	0.02605	0.11366	0.18984	0.67045
V576	0.14002	0.81971	0.03275	0.00752
V577	0.04985	0.05346	0.30747	0.58921
V578	0.05856	0.05414	0.76191	0.12539
V579	0.0068	0.89863	0.08244	0.01214
V580	0.20845	0.01049	0.16494	0.61613
V581	0.09855	0.13169	0.00813	0.76162
V582	0.64567	0.15237	0.03525	0.1667
V583	0.00899	0.0399	0.70654	0.24457
V584	0.53574	0.14939	0.29189	0.02298
V585	0.0107	0.01355	0.58035	0.39541
V586	0.24594	0.00988	0.68434	0.05984
V587	0.2755	0.01332	0.69267	0.01851
V588	0.71324	0.04719	0.02778	0.21178
V589	0.04939	0.85426	0.05798	0.03837
V590	0.04252	0.78155	0.17253	0.0034
V591	0.00261	0.05375	0.30327	0.64037
V592	0.16507	0.04323	0.79152	0.00018
V593	0.64142	0.00491	0.1996	0.15408
V594	0.34312	0.28801	0.33905	0.02982
V595	0.04869	0.05967	0.04543	0.84622
V596	0.03966	0.32828	0.28225	0.34981
V597	0.00081	0.60754	0.33835	0.0533
V598	0.02051	0.11134	0.85905	0.0091
V599	0.61947	0.33212	0.03139	0.01702
V600	0.3685	0.50283	0.05087	0.07779
V601	0.19486	0.33099	0.10229	0.37186
V602	0.05183	0.06747	0.03119	0.8495
V603	0.00986	0.49392	0.02072	0.4755
V604	0.53277	0.11018	0.33943	0.01761
V605	0.0686	0.34508	0.44854	0.13778
V606	0.75936	0.15804	0.00989	0.07271
V607	0.71578	0.01471	0.11699	0.15252
V608	0.24226	0.15619	0.44039	0.16116
V609	0.02934	0.27796	0.30394	0.38875
V610	0.80736	0.02434	0.0904	0.0779
V611	0.38234	0.01113	0.07633	0.5302
V612	0.02748	0.07922	0.8502	0.0431
V613	0.03526	0.33445	0.60562	0.02466
V614	0.80504	0.06247	0.0478	0.08469
V615	0.19136	0.08598	0.01748	0.70518
V616	0.0732	0.77389	0.04384	0.10906
V617	0.47538	0.16689	0.35758	0.00014
V618	0.80282	0.01525	0.00058	0.18136
V619	0.42988	0.02698	0.36028	0.18286
V620	0.00758	0.68055	0.30831	0.00356
V621	0.47915	0.15391	0.19522	0.17172
V622	0.36565	0.21818	0.39796	0.01822
V623	0.02587	0.0987	0.21754	0.65788
V624	0.7772	0.2106	0	0.0122
V625	0.27369	0.53069	0.10109	0.09453
V626	0.94688	0.04496	0	0.00817
V627	0.00335	0.05058	0.13094	0.81513
V628	0.0017	0.33243	0.02646	0.63941
V629	0.13713	0.31684	0.32843	0.21759
V630	0.03515	0.33372	0.60077	0.03036
V631	0.02246	0.25851	0.14889	0.57014
V632	0.6543	0.00447	0.15126	0.18996
V633	0.00286	0.03021	0.88702	0.07991
V634	0.40094	0.26743	0.32817	0.00346
V635	0.02366	0.83802	0.00625	0.13208
V636	0.12805	0.09013	0.69816	0.08366
V637	0.36605	0.21982	0.10748	0.30664
V638	0.42925	0.28096	0.07763	0.21216
V639	0.26458	0.44141	0.2939	1e-04
V640	0.037	0.14129	0.79073	0.03098
V641	0.90129	0.04427	0.02328	0.03116
V642	0.77723	0.18079	0	0.04198
V643	0.0075	0.19302	0.54485	0.25463
V644	0.89643	0.09122	0.00442	0.00793
V645	0.26034	0.4195	0.30741	0.01275
V646	0.0094	0.97966	0.00715	0.00379
V647	0.15022	0.07421	0.73874	0.03684
V648	0.40826	0.44316	0.13101	0.01757
V649	0.02832	0.05288	0.88154	0.03726
V650	0.05826	0.07673	0.822	0.04302
V651	0.31796	0.01265	0.66543	0.00396
V652	0.10078	0.08516	0.5391	0.27497
V653	0.11796	0.71143	0.099	0.07162
V654	0.71145	0.19988	0.0556	0.03307
V655	0.03667	0.67844	0.02311	0.26177
V656	0.25227	0.33493	0.01693	0.39587
V657	0.03981	0.13013	0.02404	0.80601
V658	0.64096	0.21081	0.05848	0.08974
V659	0.36067	0.07867	0.41274	0.14792
V660	0.02493	0.96228	0.00062	0.01218
V661	0.06365	0.5174	0.0665	0.35246
V662	0.43059	0.01494	0.48884	0.06563
V663	0.25209	0.06125	0.611	0.07566
V664	0.20936	0.05669	0.70372	0.03023
V665	0.71612	0.18793	0.03948	0.05647
V666	0.66306	0.00478	0.11253	0.21963
V667	0.75941	0.0828	0.1576	0.00019
V668	0.11219	0.81277	0.075	4e-05
V669	0.23673	0.42956	0.26462	0.06909
V670	0.07012	0.91725	0.00051	0.01212
V671	0.37912	0.28768	0.27162	0.06158
V672	0.02174	0.02753	0.93058	0.02014
V673	0.24575	0.38723	0.25339	0.11362
V674	0.75706	0.14671	0.01701	0.07923
V675	0.14442	0.34557	0.36364	0.14637
V676	0.03783	0.14839	0.1577	0.65608
V677	0.4011	0.42021	0.09873	0.07996
V678	0.49062	0.49471	0.0112	0.00347
V679	0.04654	0.31592	0.62911	0.00843
V680	0.297	0.55961	0.13091	0.01248
V681	0.89821	0.07478	0.01019	0.01683
V682	0.1118	0.29627	0.56728	0.02465
V683	0.01228	0.9704	0.0173	1e-05
V684	0.71743	0.15835	0.091	0.03322
V685	0.5015	0.34826	0.12188	0.02835
V686	0.11372	0.21835	0.20602	0.46191
V687	0.05239	0.0394	0.04863	0.85959
V688	0.37798	0.54059	0.00028	0.08115
V689	0.34382	0.00483	0.06853	0.58283
V690	0.48782	0.03717	0.43474	0.04027
V691	0.16459	0.01372	0.81743	0.00427
V692	0.07958	0.12532	0.75186	0.04325
V693	0.26025	0.10267	0.43467	0.20241
V694	0.01145	0.03435	0.41361	0.5406
V695	0.30828	0.00874	0.21032	0.47266
V696	0.1066	0.12892	0.02953	0.73495
V697	0.02647	0.11524	0.02769	0.83061
V698	0.87179	0.01466	0.01068	0.10286
V699	0.58548	0.29011	0.06623	0.05818
V700	0.32229	0.04136	0.01495	0.62141
V701	0.11624	0.59011	0.1205	0.17316
V702	0.63474	0.08752	0.01341	0.26433
V703	0.14971	0.04307	0.58233	0.22489
V704	0.85772	0.04829	0.02387	0.07012
V705	0.95531	0.01708	0.01088	0.01672
V706	0.08061	0.03967	0.82416	0.05557
V707	0.0343	0.44139	0.50011	0.0242
V708	0.03109	0.9075	0.01842	0.04299
V709	0.13774	0.259	0.55303	0.05022
V710	0.64269	0.21118	0.05021	0.09592
V711	0.07984	0.81999	0.08301	0.01716
V712	0.85632	0.05841	0.00406	0.08121
V713	0.47825	0.32061	0.03627	0.16488
V714	0.00675	0.76842	0.0219	0.20293
V715	0.30778	0.33739	0.31254	0.04229
V716	0.052	0.07172	0.07753	0.79875
V717	0.0709	0.92078	0.00052	0.0078
V718	0.14511	0.59574	0.18467	0.07449
V719	0.05272	0.78116	0.03612	0.13
V720	0.71998	0.00831	0.22855	0.04316
V721	0.13374	0.15711	0.54689	0.16226
V722	0.11014	0.43768	0.01898	0.43321
V723	0.15604	0.12432	0.01721	0.70243
V724	0.66169	0.02869	0.09305	0.21657
V725	0.00322	0.09106	0.88583	0.01989
V726	0.03933	0.45969	0.15035	0.35063
V727	0.2511	0.66227	0.0833	0.00333
V728	0.024	0.88984	0.08271	0.00345
V729	0.48485	0.01384	0.19599	0.30533
V730	0.9051	0.04006	0.03819	0.01665
V731	0.02698	0.20685	0.4868	0.27937
V732	0.38609	0.06929	0.39761	0.14701
V733	0.68408	0.18841	0.0328	0.09471
V734	0.24008	0.3086	0.4478	0.00352
V735	0.01943	0.02398	0.61047	0.34612
V736	0.21715	0.02387	0.02	0.73899
V737	0.35066	0.29267	0.25906	0.09761
V738	0.07856	0.33758	0.49242	0.09144
V739	0.00234	0.01518	0.72052	0.26195
V740	0.83755	0.09134	0.06346	0.00765
V741	0.55204	0.10195	0.13969	0.20632
V742	0.37805	0.60933	0.01253	9e-05
V743	0.13841	0.13071	0.71723	0.01364
V744	0.55041	0.03607	0.34174	0.07179
V745	0.0137	0.73586	0.17932	0.07112
V746	0.96837	0.02727	0	0.00437
V747	0.05989	0.00636	0.79026	0.14349
V748	0.13012	0.09077	0.65954	0.11957
V749	0.34483	0.20526	0.06635	0.38357
V750	0.42168	0.48401	0.01767	0.07664
V751	0.0398	0.89482	0.03309	0.0323
V752	0.50391	0.22853	0.14459	0.12297
V753	0.04893	0.07706	0.0108	0.86321
V754	0.00751	0.95559	0.00069	0.03621
V755	0.16625	0.19925	0.40904	0.22546
V756	0.04429	0.02852	0.08752	0.83967
V757	0.32672	0.59892	0.05703	0.01733
V758	0.0404	0.8001	0.11423	0.04527
V759	0.14334	0.05537	0.50179	0.2995
V760	0.3392	0.05383	0.33916	0.26781
V761	0.06317	0.60369	0.27883	0.05431
V762	0.00104	0.50807	0.02095	0.46995
V763	0.42187	0.3848	0.02775	0.16558
V764	0.00683	0.95098	0.00575	0.03644
V765	0.73495	0.09517	0.00048	0.16939
V766	0.01507	0.33259	0.49906	0.15328
V767	0.52078	0.11721	0.26183	0.10017
V768	0.05016	0.91915	0.0186	0.01209
V769	0.12952	0.83745	0.02549	0.00753
V770	0.0094	0.97966	0.00715	0.00379
V771	0.17449	0.01757	0.7992	0.00874
V772	0.14091	0.04282	0.81214	0.00412
V773	0.14899	0.8382	0.00521	0.0076
V774	0.02334	0.01198	0.94439	0.02028
V775	0.1415	0.0426	0.37836	0.43754
V776	0.44105	0.43719	0.05029	0.07148
V777	0.22052	0.13389	0.18749	0.4581
V778	0.56565	0.28157	0.06802	0.08475
V779	0.188	0.0343	0.58098	0.19672
V780	0.10303	0.77859	0.11833	5e-05
V781	0.07205	0.05951	0.05249	0.81595
V782	0.00884	0.10939	0.83866	0.04312
V783	0.83222	0.02532	0.04762	0.09484
V784	0.09995	0.88425	0.01229	0.00351
V785	0.0322	0.94358	0.01214	0.01208
V786	0.73338	0.15836	0.08101	0.02724
V787	0.00114	0.8523	0.14303	0.00353
V788	0.51862	0.30247	0.15039	0.02852
V789	0.08129	0.46195	0.03748	0.41928
V790	0.54593	0.03188	0.09327	0.32892
V791	0.14023	0.39067	0.36229	0.1068
V792	0.14282	0.62295	0.00667	0.22757
V793	0.12128	0.71778	0.03593	0.125
V794	0.04758	0.06765	0.83534	0.04943
V795	0.1536	0.06305	0.09119	0.69216
V796	0.02957	0.07893	0.87722	0.01428
V797	0.76288	0.01197	0.21748	0.00766
V798	0.61402	0.30136	0.07244	0.01219
V799	0.12314	0.80729	0.02542	0.04415
V800	0.07494	0.02009	0.63124	0.27373
V801	0.16015	0.11944	0.41364	0.30677
V802	0.04468	0.08873	0.37617	0.49042
V803	0.21669	0.5301	0.25312	9e-05
V804	0.54617	0.01565	0.39291	0.04526
V805	0.02508	0.0267	0.94795	0.00027
V806	0.04032	0.92638	0.01177	0.02154
V807	0.32237	0.18637	0.04749	0.44376
V808	0.66243	0.27636	0.03912	0.02208
V809	0.04861	0.05226	0.89892	0.00021
V810	0.01075	0.98455	0.00074	0.00396
V811	0.48461	0.07104	0.23348	0.21087
V812	0.58082	0.2717	0.0506	0.09689
V813	0.60556	0.19116	0.18584	0.01744
V814	0.41367	0.54264	0.04032	0.00338
V815	0.00102	0.92875	0.06667	0.00356
V816	0.91528	0.02575	0.05864	0.00033
V817	0.03056	0.07222	0.88802	0.0092
V818	0.00282	0.10568	0.07088	0.82062
V819	0.84359	0.08373	0.0461	0.02658
V820	0.17975	0.13658	0.03617	0.6475
V821	0.22449	0.31629	0.40969	0.04953
V822	0.07424	0.02551	0.88596	0.01428
V823	0.02594	0.18111	0.73006	0.0629
V824	0.09011	0.38637	0.52342	0.00011
V825	0.24231	0.3059	0.29024	0.16155
V826	0.42569	0.41965	0.14705	0.00761
V827	0.36247	0.60986	0.01066	0.01701
V828	0.27228	0.19308	0.14115	0.39349
V829	0.04761	0.33384	0.05513	0.56342
V830	0.27196	0.27985	0.0362	0.412
V831	0.80621	0.08965	0.03144	0.0727
V832	0.28354	0.42346	0.18045	0.11255
V833	0.15002	0.54644	0.19218	0.11136
V834	0.36952	0.08433	0.10529	0.44086
V835	0.36545	0.46436	0.11709	0.0531
V836	0.00707	0.77817	0.00736	0.20739
V837	0.23743	0.40775	0.21033	0.14449
V838	0.9127	0.05802	0.02551	0.00377
V839	0.28714	0.61751	0.09201	0.00334
V840	0.26995	0.72343	0.00654	8e-05
V841	0.00342	0.04121	0.91812	0.03725
V842	0.39179	0.16466	0.29358	0.14997
V843	0.01946	0.02199	0.9096	0.04895
V844	0.13031	0.08731	0.4782	0.30417
V845	0.06909	0.09475	0.7928	0.04336
V846	0.00273	0.01698	0.83897	0.14132
V847	0.00599	0.01006	0.06487	0.91908
V848	0.09115	0.56253	0.18805	0.15827
V849	0.00077	0.97167	0.00609	0.02147
V850	0.96075	0.01941	0.01173	0.00811
V851	0.32281	0.54057	0.13653	9e-05
V852	0.14212	0.06431	0.19282	0.60075
V853	0.2578	0.21875	0.43843	0.08501
V854	0.63502	0.16726	0.10687	0.09084
V855	0.00599	0.01006	0.06487	0.91908
V856	0.04667	0.37749	0.40564	0.17019
V857	0.70903	0.17759	0.0323	0.08108
V858	0.56173	0.0174	0.41717	0.00369
V859	0.67796	0.24292	0.01688	0.06223
V860	0.24466	0.14591	0.07655	0.53288
V861	0.0884	0.3591	0.54427	0.00823
V862	0.13766	0.07556	0.75618	0.0306
V863	0.27579	0.09058	0.00565	0.62798
V864	0.09478	0.0598	0.08495	0.76048
V865	0.14453	0.00805	0.36688	0.48053
V866	0.72695	0.02383	0.24147	0.00775
V867	0.72178	0.03383	0.24079	0.0036
V868	0.53276	0.2803	0.13432	0.05262
V869	0.01703	0.9723	0.00692	0.00375
V870	0.12325	0.4315	0.02738	0.41787
V871	0.00077	0.97167	0.00609	0.02147
V872	0.0129	0.02515	0.36671	0.59525
V873	0.89446	0.03852	0.04569	0.02133
V874	0.18076	0.79146	0.02774	5e-05
V875	0.01942	0.23631	0.27577	0.4685
V876	0.16194	0.33256	0.4423	0.06319
V877	0.04678	0.43191	0.34318	0.17814
V878	0.12146	0.81953	0.05897	4e-05
V879	0.18249	0.72542	0.04127	0.05083
V880	0.31099	0.58889	0.00497	0.09515
V881	0.15527	0.03573	0.67723	0.13177
V882	0.82123	0.00854	0.12288	0.04735
V883	0.28522	0.20135	0.51329	0.00015
V884	0.02479	0.39316	0.00547	0.57657
V885	0.69127	0.22634	0.08224	0.00015
V886	0.01483	0.37584	0.51158	0.09775
V887	0.67933	0.06148	0.16404	0.09514
V888	0.10346	0.03846	0.79571	0.06237
V889	0.91117	0.05949	0.01715	0.01219
V890	0.03631	0.13677	0.69973	0.12719
V891	0.64173	0.0474	0.28283	0.02804
V892	0.34578	0.2234	0.01721	0.41361
V893	0.59921	0.20976	0.1512	0.03983
V894	0.06638	0.30887	0.60001	0.02474
V895	0.6348	0.06061	0.20853	0.09605
V896	0.03261	0.94936	0.00592	0.0121
V897	0.69319	0.26531	0.00393	0.03757
V898	0.57882	0.00824	0.00952	0.40342
V899	0.03317	0.24425	0.19828	0.5243
V900	0.08285	0.31163	0.42452	0.181
V901	0.03172	0.88472	0.00566	0.0779
V902	0.04226	0.91173	0.04254	0.00346
V903	0.00718	0.42938	0.53338	0.03005
V904	0.01837	0.97698	0.00073	0.00393
V905	0.19812	0.00332	0.25155	0.54701
V906	0.47925	0.09635	0.12715	0.29724
V907	0.4223	0.52728	0.01727	0.03315
V908	0.01818	0.083	0.11936	0.77946
V909	0.12117	0.83543	0.00052	0.04287
V910	0.222	0.00366	0.1769	0.59745
V911	0.51995	0.40329	0.03204	0.04472
V912	0.41532	0.34098	0.13404	0.10967
V913	0.1787	0.00655	0.0242	0.79055
V914	0.1774	0.50637	0.29234	0.02389
V915	0.31509	0.00758	0.01695	0.66038
V916	0.25676	0.0477	0.66559	0.02995
V917	0.74224	0.03051	0.16578	0.06147
V918	0.0421	0.66477	0.23334	0.05978
V919	0.21923	0.24379	0.34726	0.18971
V920	0.6425	0.19858	0.09423	0.06469
V921	0.03923	0.23577	0.05006	0.67494
V922	0.09749	0.47589	0.39666	0.02996
V923	0.11345	0.03453	0.07387	0.77814
V924	0.03252	0.69068	0.25905	0.01775
V925	0.25098	0.05449	0.02648	0.66806
V926	0.27703	0.03733	0.04717	0.63847
V927	0.03559	0.07288	0.09203	0.7995
V928	0.04024	0.91754	0.00543	0.03679
V929	0.05325	0.69805	0.13478	0.11393
V930	0.52073	0.38305	0.03259	0.06364
V931	0.13758	0.27123	0.54104	0.05015
V932	0.03664	0.10358	0.70104	0.15874
V933	0.57354	0.4082	0.01062	0.00763
V934	0.00913	0.17722	0.37108	0.44257
V935	0.58284	0.15695	0.21392	0.04629
V936	0.56446	0.28734	0.01832	0.12989
V937	0.60531	0.13128	0.09248	0.17093
V938	0.41876	0.04351	0.35241	0.18533
V939	0.79975	0.02352	0.07415	0.10257
V940	0.02264	0.81646	0.13853	0.02237
V941	0.00572	0.02323	0.96525	0.0058
V942	0.73072	0.19357	0.06358	0.01214
V943	0.40687	0.11996	0.43731	0.03587
V944	0.0214	0.35639	0.0911	0.53111
V945	0.56659	0.36689	0.01014	0.05638
V946	0.462	0.25949	0.25524	0.02328
V947	0.10265	0.05753	0.32269	0.51713
V948	0.34553	0.02695	0.61445	0.01307
V949	0.0019	0.141	0.29019	0.56692
V950	0.05511	0.58045	0.23086	0.13358
V951	0.82201	0.02761	0.14678	0.00361
V952	0.08253	0.14543	0.35318	0.41885
V953	0.02059	0.04958	0.90981	0.02002
V954	0.04575	0.23039	0.19851	0.52535
V955	0.12593	0.67332	0.0287	0.17205
V956	0.04047	0.02123	0.63879	0.29951
V957	0.44045	0.02904	0.00426	0.52626
V958	0.0666	0.00996	0.01159	0.91186
V959	0.23877	0.25438	0.45713	0.04972
V960	0.27476	0.31827	0.09735	0.30962
V961	0.13801	0.40035	0.37771	0.08393
V962	0.37731	0.16103	0.41292	0.04874
V963	0.6193	0.16653	0.1623	0.05187
V964	0.84679	0.03577	0.09592	0.02152
V965	0.0567	0.5536	0.21435	0.17535
V966	0.95262	0.03453	0.00477	0.00808
V967	0.06185	0.03607	0.64392	0.25815
V968	0.00231	0.14286	0.81195	0.04288
V969	0.01046	0.39216	0.05489	0.54249
V970	0.03953	0.12062	0.53436	0.30549
V971	0.5249	0.07801	0.34381	0.05328
V972	0.56435	0.20905	0.05383	0.17277
V973	0.2898	0.46067	0.08678	0.16275
V974	0.00599	0.82006	0.12343	0.05052
V975	0.10192	0.29339	0.60101	0.00369
V976	0.48124	0.25505	0.12567	0.13804
V977	0.31557	0.36154	0.31945	0.00344
V978	0.08388	0.1284	0.10419	0.68353
V979	0.79482	0.02668	0.1749	0.00361
V980	0.96837	0.02727	0	0.00437
V981	0.36181	0.02613	0.48287	0.12918
V982	0.45112	0.41292	0.07711	0.05885
V983	0.76715	0.0658	0.00489	0.16216
V984	0.01404	0.86292	0.10101	0.02203
V985	0.09602	0.27376	0.01434	0.61588
V986	0.3259	0.55179	0.05075	0.07157
V987	0.22152	0.76615	0.00025	0.01207
V988	0.29552	0.02977	0.02599	0.64871
V989	0.43327	0.48066	0.07381	0.01226
V990	0.00257	0.0436	0.8593	0.09453
V991	0.61532	0.37691	0	0.00777
V992	0.22085	0.00802	0.5955	0.17562
V993	0.06047	0.75028	0.16095	0.0283
V994	0.1712	0.79595	0.02534	0.00751
V995	0.77525	0.1075	0.03195	0.08531
V996	0.34246	0.15565	0.01912	0.48277
V997	0.01909	0.01353	0.88729	0.08009
V998	0.88558	0.02185	0.06144	0.03113
V999	0.11115	0.88471	0.00046	0.00369
V1000	0.41129	0.0394	0.00442	0.54489
