cytotoxic.CD56.dim.NK.cell	memory.CD4.pos.AB.T.cell	memory.B.cell	CD14.pos.CD16.neg.classical.monocyte
V1	0.52099	0.02637	0.18712	0.26552
V2	0.13598	0.09698	0.09332	0.67372
V3	0.07713	0.59377	0.03785	0.29125
V4	0.81357	0.14648	0.02293	0.01702
V5	0.12294	0.46427	0.26212	0.15067
V6	0.10323	0.83653	0.04209	0.01814
V7	0.14811	0.34199	0.10639	0.4035
V8	0.1357	0.03467	0.78204	0.04759
V9	0.22371	0.22849	0.06824	0.47956
V10	0.04422	0.03871	0.84689	0.07019
V11	0.21443	0.34697	0.42665	0.01196
V12	0.0528	0.56362	0.36464	0.01894
V13	0.27239	0.68746	0.02431	0.01584
V14	0.1006	0.85792	0.03499	0.00649
V15	0.13507	0.58929	0.13071	0.14493
V16	0.85974	0.07642	0.04077	0.02307
V17	0.11285	0.83372	0.03543	0.01799
V18	0.55985	0.35709	0.05461	0.02845
V19	0.17692	0.78392	0.02847	0.01069
V20	0.17108	0.44411	0.04418	0.34064
V21	0.13436	0.06127	0.75938	0.04499
V22	0.0315	0.09461	0.22784	0.64605
V23	0.36575	0.05792	0.55927	0.01706
V24	0.85018	0.08335	0.06276	0.00371
V25	0.33368	0.23507	0.14525	0.286
V26	0.38745	0.38988	0.03314	0.18954
V27	0.09656	0.07776	0.07617	0.74951
V28	0.04849	0.10353	0.81961	0.02837
V29	0.42102	0.04266	0.50163	0.03468
V30	0.10289	0.19901	0.29376	0.40434
V31	0.19854	0.18247	0.31283	0.30617
V32	0.08374	0.05785	0.08876	0.76965
V33	0.06386	0.48099	0.3619	0.09325
V34	0.13438	0.04705	0.77273	0.04585
V35	0.17655	0.70725	0.092	0.0242
V36	0.02169	0.04511	0.47591	0.45729
V37	0.51752	0.08237	0.1143	0.28581
V38	0.39152	0.02005	0.1952	0.39322
V39	0.1768	0.55943	0.13894	0.12484
V40	0.12716	0.77659	0.0942	0.00204
V41	0.03479	0.64676	0.06821	0.25024
V42	0.20188	0.04148	0.23133	0.52532
V43	0.14095	0.32409	0.49978	0.03519
V44	0.03041	0.06828	0.73114	0.17017
V45	0.11502	0.58016	0.22551	0.07931
V46	0.75868	0.10148	0.13528	0.00456
V47	0.44148	0.19216	0.32291	0.04346
V48	0.7646	0.19483	0.02524	0.01532
V49	0.70835	0.2085	0.01412	0.06904
V50	0.09532	0.80078	0.09785	0.00605
V51	0.31291	0.399	0.26155	0.02654
V52	0.047	0.10578	0.79985	0.04736
V53	0.6845	0.1511	0.16277	0.00164
V54	0.41391	0.19519	0.36909	0.02181
V55	0.20242	0.12344	0.26129	0.41285
V56	0.05503	0.04764	0.13469	0.76263
V57	0.12162	0.8241	0.0431	0.01117
V58	0.59965	0.03067	0.06576	0.30392
V59	0.43093	0.41601	0.11505	0.038
V60	0.13081	0.14133	0.34453	0.38333
V61	0.77828	0.12614	0.02746	0.06813
V62	0.83336	0.06961	0.08669	0.01033
V63	0.04959	0.80088	0.12956	0.01996
V64	0.04582	0.81364	0.02387	0.11666
V65	0.03531	0.0452	0.15313	0.76637
V66	0.22606	0.68526	0.03435	0.05433
V67	0.16184	0.31539	0.50191	0.02086
V68	0.14778	0.1467	0.06734	0.63818
V69	0.04447	0.28872	0.61083	0.05598
V70	0.53469	0.15893	0.19333	0.11305
V71	0.15725	0.06913	0.3923	0.38131
V72	0.56423	0.16723	0.1086	0.15994
V73	0.16633	0.61077	0.14638	0.07652
V74	0.0834	0.22011	0.67813	0.01835
V75	0.68673	0.02471	0.20541	0.08314
V76	0.01743	0.16349	0.20985	0.60924
V77	0.05482	0.27325	0.05529	0.61663
V78	0.28907	0.11518	0.20849	0.38725
V79	0.02715	0.0907	0.78534	0.09682
V80	0.33678	0.02906	0.54735	0.08681
V81	0.07696	0.15651	0.7422	0.02432
V82	0.03543	0.08974	0.84084	0.03399
V83	0.13039	0.16995	0.10994	0.58973
V84	0.36831	0.05554	0.18668	0.38947
V85	0.11858	0.29953	0.41535	0.16654
V86	0.06368	0.05675	0.82306	0.0565
V87	0.06448	0.80863	0.06999	0.0569
V88	0.15492	0.06313	0.29033	0.49163
V89	0.03447	0.0418	0.232	0.69174
V90	0.06107	0.85175	0.0747	0.01248
V91	0.06235	0.71761	0.19191	0.02814
V92	0.43977	0.03339	0.3972	0.12964
V93	0.83964	0.05391	0.021	0.08545
V94	0.03936	0.41794	0.05906	0.48364
V95	0.26271	0.43236	0.16851	0.13642
V96	0.07748	0.11337	0.07945	0.72969
V97	0.65563	0.12468	0.21442	0.00527
V98	0.65381	0.3158	0.02066	0.00973
V99	0.75661	0.07718	0.16081	0.0054
V100	0.09357	0.0454	0.81896	0.04206
V101	0.04624	0.09143	0.07234	0.78999
V102	0.86345	0.09229	0.03261	0.01165
V103	0.02854	0.07145	0.14141	0.7586
V104	0.06917	0.88589	0.03729	0.00765
V105	0.09124	0.86103	0.04136	0.00638
V106	0.1344	0.50342	0.32419	0.03799
V107	0.18887	0.19081	0.56767	0.05266
V108	0.1705	0.72056	0.10735	0.00158
V109	0.02886	0.143	0.59717	0.23097
V110	0.08545	0.83906	0.05691	0.01858
V111	0.85245	0.04825	0.09166	0.00764
V112	0.12586	0.0612	0.44314	0.36979
V113	0.17722	0.10602	0.2045	0.51226
V114	0.21978	0.06128	0.1186	0.60034
V115	0.04255	0.72022	0.22697	0.01026
V116	0.15062	0.30067	0.38326	0.16545
V117	0.65706	0.26681	0.04786	0.02827
V118	0.17526	0.56996	0.05247	0.20231
V119	0.10967	0.09109	0.09703	0.7022
V120	0.09385	0.07623	0.79708	0.03285
V121	0.58372	0.13857	0.10883	0.16888
V122	0.88868	0.05691	0.04135	0.01307
V123	0.03171	0.48395	0.07694	0.40741
V124	0.63739	0.30385	0.01403	0.04474
V125	0.38536	0.41721	0.18071	0.01673
V126	0.05164	0.15007	0.09784	0.70045
V127	0.15387	0.05561	0.28027	0.51024
V128	0.04531	0.04688	0.1565	0.75132
V129	0.56645	0.24107	0.16935	0.02314
V130	0.04027	0.62738	0.31988	0.01247
V131	0.06119	0.85033	0.02305	0.06542
V132	0.88013	0.05077	0.05134	0.01777
V133	0.85827	0.05759	0.07296	0.01118
V134	0.11941	0.37641	0.1505	0.35368
V135	0.08021	0.04239	0.21071	0.66669
V136	0.24288	0.39353	0.03478	0.32882
V137	0.63322	0.05458	0.25444	0.05775
V138	0.21846	0.39847	0.19217	0.19091
V139	0.3463	0.2068	0.21276	0.23414
V140	0.04433	0.10648	0.10482	0.74437
V141	0.07259	0.14334	0.55187	0.2322
V142	0.72671	0.05317	0.2139	0.00622
V143	0.42332	0.26655	0.08514	0.22499
V144	0.16017	0.15063	0.19509	0.4941
V145	0.03501	0.72718	0.22681	0.011
V146	0.07091	0.05246	0.09403	0.7826
V147	0.8686	0.06067	0.04047	0.03026
V148	0.12808	0.07184	0.58987	0.21021
V149	0.26788	0.50693	0.21938	0.00581
V150	0.09748	0.22754	0.59434	0.08064
V151	0.21781	0.62308	0.04881	0.1103
V152	0.24095	0.44452	0.2264	0.08813
V153	0.12743	0.73586	0.03667	0.10004
V154	0.24842	0.45203	0.2721	0.02746
V155	0.46616	0.15027	0.29597	0.0876
V156	0.04734	0.12824	0.6934	0.13102
V157	0.29842	0.15609	0.32941	0.21609
V158	0.04706	0.04893	0.10627	0.79773
V159	0.83977	0.10121	0.0209	0.03813
V160	0.66102	0.02996	0.08554	0.22348
V161	0.1899	0.04146	0.08254	0.6861
V162	0.07742	0.28462	0.11504	0.52291
V163	0.11291	0.481	0.18344	0.22266
V164	0.33716	0.30934	0.12333	0.23017
V165	0.03484	0.26078	0.05421	0.65017
V166	0.02823	0.11441	0.12039	0.73697
V167	0.30972	0.03451	0.05551	0.60026
V168	0.29107	0.57261	0.08962	0.0467
V169	0.17141	0.07404	0.08557	0.66899
V170	0.10502	0.03167	0.52939	0.33392
V171	0.13836	0.23141	0.58473	0.0455
V172	0.67691	0.0388	0.27429	0.01
V173	0.04387	0.15213	0.09228	0.71171
V174	0.03462	0.16549	0.12025	0.67965
V175	0.07487	0.02613	0.76668	0.13232
V176	0.04398	0.77308	0.17392	0.00902
V177	0.05456	0.89769	0.03087	0.01689
V178	0.03889	0.73491	0.03054	0.19565
V179	0.15236	0.0251	0.39601	0.42653
V180	0.06961	0.82884	0.09816	0.00339
V181	0.1636	0.12696	0.55166	0.15779
V182	0.29687	0.18133	0.46442	0.05738
V183	0.19647	0.76816	0.03052	0.00486
V184	0.86941	0.0687	0.05472	0.00717
V185	0.54397	0.42067	0.03298	0.00239
V186	0.1339	0.47558	0.27076	0.11976
V187	0.87721	0.05875	0.05678	0.00727
V188	0.07281	0.23124	0.05107	0.64487
V189	0.78227	0.05	0.03698	0.13076
V190	0.62297	0.04434	0.32251	0.01019
V191	0.18907	0.2013	0.56518	0.04445
V192	0.30396	0.46895	0.0654	0.16169
V193	0.58614	0.05094	0.24934	0.11358
V194	0.07191	0.87648	0.03187	0.01974
V195	0.04658	0.06216	0.85637	0.03489
V196	0.03289	0.11328	0.0774	0.77644
V197	0.37447	0.06896	0.06213	0.49444
V198	0.08385	0.4919	0.36767	0.05657
V199	0.15169	0.04432	0.20634	0.59765
V200	0.14362	0.55165	0.04098	0.26375
V201	0.11467	0.54865	0.19912	0.13757
V202	0.03287	0.03347	0.7541	0.17956
V203	0.17388	0.41995	0.38221	0.02397
V204	0.03493	0.50679	0.04206	0.41622
V205	0.04645	0.07524	0.84128	0.03703
V206	0.07079	0.10685	0.79519	0.02718
V207	0.13089	0.18888	0.09308	0.58715
V208	0.24564	0.07876	0.64995	0.02564
V209	0.30506	0.47078	0.08206	0.1421
V210	0.10843	0.74941	0.10144	0.04072
V211	0.3789	0.03974	0.07185	0.50951
V212	0.4856	0.05972	0.43001	0.02467
V213	0.61279	0.05059	0.12822	0.2084
V214	0.31749	0.16332	0.1867	0.33249
V215	0.26312	0.1107	0.06033	0.56585
V216	0.06588	0.04706	0.09619	0.79088
V217	0.06353	0.4788	0.24382	0.21385
V218	0.11171	0.4356	0.18576	0.26693
V219	0.12539	0.6226	0.03261	0.21941
V220	0.04183	0.79361	0.0299	0.13467
V221	0.76851	0.03782	0.02656	0.16711
V222	0.3086	0.13704	0.38024	0.17412
V223	0.02698	0.1334	0.75309	0.08653
V224	0.86516	0.06505	0.06341	0.00638
V225	0.08738	0.83123	0.07549	0.00591
V226	0.2985	0.09508	0.58362	0.0228
V227	0.74668	0.0366	0.20309	0.01363
V228	0.75278	0.08877	0.08022	0.07822
V229	0.04693	0.05147	0.85509	0.04651
V230	0.03644	0.0727	0.09375	0.79712
V231	0.03374	0.26268	0.14447	0.55912
V232	0.07187	0.62718	0.02516	0.27579
V233	0.55207	0.10158	0.21322	0.13313
V234	0.07073	0.86418	0.05263	0.01245
V235	0.36148	0.07393	0.52963	0.03496
V236	0.05858	0.07283	0.78165	0.08694
V237	0.14714	0.04398	0.08743	0.72145
V238	0.14517	0.54711	0.26343	0.04429
V239	0.08128	0.38245	0.05626	0.48001
V240	0.47001	0.05496	0.42784	0.04719
V241	0.04172	0.03666	0.83673	0.0849
V242	0.14853	0.73839	0.10227	0.01081
V243	0.23227	0.05277	0.63395	0.08101
V244	0.19807	0.02491	0.6848	0.09221
V245	0.58631	0.30741	0.06191	0.04437
V246	0.07233	0.14947	0.7415	0.0367
V247	0.17734	0.06131	0.73936	0.022
V248	0.04033	0.06906	0.10874	0.78187
V249	0.02473	0.06145	0.82914	0.08468
V250	0.72151	0.04016	0.22932	0.00901
V251	0.86599	0.09111	0.03599	0.0069
V252	0.0526	0.78239	0.16012	0.00489
V253	0.33907	0.08024	0.18753	0.39316
V254	0.04895	0.8717	0.07178	0.00757
V255	0.08001	0.86129	0.0242	0.03451
V256	0.17859	0.20876	0.52491	0.08774
V257	0.40696	0.10833	0.25195	0.23276
V258	0.1813	0.25997	0.43425	0.12448
V259	0.05381	0.27941	0.61892	0.04786
V260	0.02991	0.2786	0.66735	0.02414
V261	0.59697	0.05016	0.2111	0.14178
V262	0.09601	0.08463	0.07514	0.74421
V263	0.05898	0.89055	0.02818	0.02229
V264	0.15542	0.04517	0.44163	0.35777
V265	0.04685	0.03869	0.18008	0.73438
V266	0.59801	0.36716	0.03435	0.00048
V267	0.01533	0.16976	0.30125	0.51367
V268	0.35078	0.04097	0.16932	0.43893
V269	0.03193	0.53621	0.38197	0.04988
V270	0.62344	0.04569	0.25567	0.0752
V271	0.77532	0.09003	0.04908	0.08557
V272	0.08244	0.79468	0.03193	0.09095
V273	0.06668	0.05833	0.09802	0.77698
V274	0.67795	0.02377	0.19696	0.10132
V275	0.03787	0.06974	0.85369	0.03871
V276	0.49354	0.3459	0.02384	0.13673
V277	0.04843	0.19629	0.18953	0.56574
V278	0.04485	0.06734	0.30832	0.57948
V279	0.67096	0.07679	0.12494	0.12731
V280	0.04706	0.04893	0.10627	0.79773
V281	0.51474	0.04833	0.16031	0.27662
V282	0.06844	0.07443	0.78715	0.06998
V283	0.21864	0.57558	0.07429	0.13149
V284	0.06338	0.85256	0.07726	0.0068
V285	0.1107	0.05877	0.8037	0.02683
V286	0.25028	0.54788	0.11757	0.08428
V287	0.12166	0.8257	0.03475	0.01788
V288	0.03051	0.26058	0.43552	0.27339
V289	0.27795	0.22076	0.42698	0.0743
V290	0.75416	0.20153	0.04263	0.00168
V291	0.46638	0.08619	0.42984	0.01759
V292	0.87579	0.05315	0.02435	0.04671
V293	0.28226	0.0352	0.63531	0.04723
V294	0.10036	0.35155	0.03856	0.50953
V295	0.03134	0.16921	0.21769	0.58177
V296	0.17425	0.1207	0.61527	0.08979
V297	0.0819	0.03935	0.12599	0.75276
V298	0.2893	0.11228	0.57606	0.02236
V299	0.07912	0.26367	0.0586	0.59861
V300	0.01959	0.05837	0.25574	0.66629
V301	0.12195	0.10978	0.64851	0.11976
V302	0.61734	0.35289	0.02022	0.00954
V303	0.02641	0.57317	0.36615	0.03427
V304	0.06293	0.03682	0.73022	0.17002
V305	0.12233	0.15297	0.47152	0.25318
V306	0.78086	0.11799	0.06509	0.03606
V307	0.0571	0.88797	0.04118	0.01374
V308	0.22399	0.22569	0.31079	0.23953
V309	0.31768	0.31343	0.04838	0.3205
V310	0.0872	0.29894	0.17429	0.43957
V311	0.49257	0.47737	0.02719	0.00287
V312	0.11846	0.71698	0.14575	0.01881
V313	0.02321	0.14086	0.08212	0.75381
V314	0.03677	0.45184	0.13445	0.37695
V315	0.13517	0.60971	0.05374	0.20138
V316	0.2977	0.13716	0.40126	0.16388
V317	0.10689	0.68201	0.06088	0.15022
V318	0.05833	0.52516	0.0437	0.37282
V319	0.07265	0.07188	0.80784	0.04762
V320	0.08336	0.13752	0.6492	0.12992
V321	0.5895	0.37571	0.03413	0.00066
V322	0.18832	0.31174	0.09688	0.40307
V323	0.06058	0.05193	0.13785	0.74964
V324	0.63632	0.26843	0.08098	0.01427
V325	0.30365	0.62389	0.06944	0.00302
V326	0.02346	0.53262	0.11502	0.3289
V327	0.03389	0.14662	0.14425	0.67524
V328	0.05427	0.03713	0.72917	0.17943
V329	0.15732	0.11496	0.19599	0.53173
V330	0.35897	0.0232	0.35263	0.26519
V331	0.30712	0.10011	0.07847	0.5143
V332	0.02594	0.06893	0.21425	0.69089
V333	0.40367	0.08368	0.40189	0.11075
V334	0.32564	0.02341	0.37415	0.27679
V335	0.0418	0.31773	0.51354	0.12693
V336	0.18604	0.68858	0.03486	0.09052
V337	0.28	0.40018	0.29214	0.02767
V338	0.04457	0.90318	0.04186	0.01039
V339	0.13591	0.04438	0.79118	0.02853
V340	0.06578	0.21277	0.53182	0.18963
V341	0.03844	0.06648	0.1217	0.77338
V342	0.22827	0.02072	0.6136	0.13742
V343	0.88278	0.07081	0.03843	0.00798
V344	0.63391	0.17583	0.18839	0.00186
V345	0.06145	0.08216	0.82933	0.02707
V346	0.21399	0.11438	0.30144	0.37019
V347	0.05208	0.04403	0.16888	0.73501
V348	0.07716	0.63795	0.14982	0.13507
V349	0.33258	0.16892	0.39626	0.10225
V350	0.06598	0.75361	0.17555	0.00486
V351	0.02895	0.04546	0.39972	0.52587
V352	0.06046	0.03797	0.81193	0.08964
V353	0.84101	0.05474	0.05188	0.05236
V354	0.06971	0.67328	0.22089	0.03612
V355	0.2579	0.08055	0.47497	0.18658
V356	0.04449	0.05367	0.14783	0.75401
V357	0.1186	0.31774	0.2913	0.27236
V358	0.50546	0.1177	0.07194	0.3049
V359	0.52482	0.07552	0.05847	0.3412
V360	0.52356	0.43233	0.03648	0.00763
V361	0.02908	0.43019	0.52144	0.0193
V362	0.04424	0.89865	0.04767	0.00944
V363	0.16247	0.11522	0.48015	0.24217
V364	0.15005	0.06824	0.68068	0.10103
V365	0.22597	0.05496	0.06429	0.65479
V366	0.09667	0.66623	0.09477	0.14233
V367	0.53119	0.15589	0.02565	0.28727
V368	0.10757	0.71546	0.09307	0.08389
V369	0.04408	0.38172	0.55551	0.01869
V370	0.28848	0.27439	0.40611	0.03102
V371	0.19598	0.7069	0.04238	0.05474
V372	0.14357	0.06892	0.15519	0.63233
V373	0.08108	0.13214	0.4797	0.30707
V374	0.71419	0.0591	0.22136	0.00535
V375	0.04892	0.06127	0.18056	0.70926
V376	0.04375	0.06003	0.1462	0.75002
V377	0.74094	0.02911	0.03445	0.19549
V378	0.02249	0.04672	0.4075	0.52329
V379	0.30532	0.20044	0.04317	0.45107
V380	0.13556	0.08115	0.22457	0.55872
V381	0.69957	0.03761	0.10819	0.15462
V382	0.09964	0.05913	0.81267	0.02856
V383	0.79365	0.03547	0.06653	0.10435
V384	0.5247	0.09122	0.14929	0.2348
V385	0.81874	0.04582	0.09024	0.04519
V386	0.26132	0.03559	0.17491	0.52819
V387	0.5647	0.1603	0.20036	0.07464
V388	0.36241	0.3346	0.15801	0.14498
V389	0.40218	0.51995	0.02472	0.05315
V390	0.28453	0.25726	0.44607	0.01215
V391	0.37245	0.11864	0.05112	0.45778
V392	0.40489	0.2276	0.17961	0.1879
V393	0.2693	0.22879	0.35919	0.14271
V394	0.09387	0.2167	0.14236	0.54707
V395	0.2187	0.38844	0.21188	0.18099
V396	0.04893	0.89521	0.03472	0.02114
V397	0.74648	0.10938	0.11454	0.0296
V398	0.41331	0.14499	0.11761	0.32409
V399	0.19804	0.54967	0.15663	0.09566
V400	0.0248	0.55004	0.08974	0.33542
V401	0.05001	0.14932	0.71552	0.08516
V402	0.7317	0.20686	0.06075	0.00069
V403	0.03875	0.05823	0.13029	0.77274
V404	0.09567	0.18658	0.61803	0.09973
V405	0.19146	0.05011	0.19539	0.56305
V406	0.61713	0.26495	0.03066	0.08726
V407	0.04457	0.90318	0.04186	0.01039
V408	0.09529	0.23292	0.40821	0.26359
V409	0.02464	0.07278	0.10611	0.79647
V410	0.11193	0.82172	0.04871	0.01764
V411	0.37949	0.04252	0.04218	0.53581
V412	0.14906	0.07909	0.50879	0.26306
V413	0.07263	0.46562	0.19581	0.26595
V414	0.0546	0.49094	0.33271	0.12174
V415	0.40661	0.04646	0.2518	0.29514
V416	0.05158	0.11748	0.80597	0.02498
V417	0.36666	0.60227	0.0277	0.00338
V418	0.07297	0.10933	0.17463	0.64306
V419	0.0434	0.04874	0.11308	0.79478
V420	0.03491	0.84464	0.03742	0.08303
V421	0.14863	0.05082	0.68039	0.12016
V422	0.05891	0.09594	0.07393	0.77122
V423	0.09357	0.0454	0.81896	0.04206
V424	0.01446	0.0615	0.60624	0.3178
V425	0.06762	0.22586	0.59705	0.10946
V426	0.0942	0.0566	0.77153	0.07767
V427	0.0797	0.37714	0.20901	0.33415
V428	0.10851	0.7496	0.06795	0.07394
V429	0.04107	0.04861	0.11875	0.79157
V430	0.7193	0.18792	0.03259	0.06019
V431	0.16533	0.03751	0.46154	0.33563
V432	0.10109	0.10671	0.09617	0.69604
V433	0.08151	0.70085	0.0212	0.19644
V434	0.29548	0.0919	0.08757	0.52504
V435	0.46035	0.03435	0.14572	0.35959
V436	0.33527	0.03524	0.14445	0.48505
V437	0.21066	0.22773	0.04273	0.51889
V438	0.57844	0.17535	0.04965	0.19656
V439	0.04835	0.12533	0.0715	0.75482
V440	0.42985	0.06009	0.0663	0.44376
V441	0.07248	0.12528	0.60261	0.19962
V442	0.30576	0.34399	0.1514	0.19885
V443	0.70638	0.03085	0.10835	0.15442
V444	0.06145	0.08216	0.82933	0.02707
V445	0.57945	0.04304	0.34803	0.02948
V446	0.06409	0.80078	0.06983	0.0653
V447	0.60484	0.11233	0.19037	0.09246
V448	0.03177	0.08038	0.22035	0.6675
V449	0.53278	0.05889	0.31154	0.09678
V450	0.16481	0.7891	0.04409	0.002
V451	0.86202	0.09304	0.02621	0.01873
V452	0.04822	0.04965	0.13044	0.77169
V453	0.77481	0.1001	0.08083	0.04425
V454	0.03884	0.8762	0.0706	0.01435
V455	0.57025	0.05371	0.31623	0.05981
V456	0.30819	0.12786	0.40039	0.16355
V457	0.02416	0.09125	0.09041	0.79418
V458	0.24172	0.22878	0.03981	0.48969
V459	0.04512	0.76661	0.10385	0.08442
V460	0.87987	0.05437	0.0533	0.01246
V461	0.07114	0.07268	0.07643	0.77974
V462	0.31781	0.24995	0.02677	0.40547
V463	0.25168	0.47594	0.16678	0.1056
V464	0.45755	0.11959	0.03299	0.38987
V465	0.38837	0.434	0.03915	0.13849
V466	0.54928	0.20385	0.02177	0.2251
V467	0.3104	0.56954	0.0896	0.03046
V468	0.48161	0.41164	0.06217	0.04458
V469	0.02982	0.16811	0.3018	0.50027
V470	0.52281	0.13877	0.19476	0.14366
V471	0.23419	0.11838	0.07576	0.57167
V472	0.30229	0.33114	0.02244	0.34413
V473	0.11551	0.53131	0.32982	0.02335
V474	0.11025	0.03374	0.14822	0.70779
V475	0.18222	0.38837	0.10159	0.32782
V476	0.14426	0.04702	0.10574	0.70298
V477	0.56651	0.0582	0.22234	0.15294
V478	0.14464	0.56794	0.02672	0.2607
V479	0.03407	0.0896	0.78012	0.09621
V480	0.08742	0.29346	0.08279	0.53633
V481	0.14824	0.04509	0.77402	0.03265
V482	0.66591	0.18136	0.12302	0.02971
V483	0.11833	0.11884	0.11468	0.64816
V484	0.03915	0.10104	0.08868	0.77113
V485	0.13722	0.71514	0.02955	0.11808
V486	0.2549	0.26448	0.1484	0.33222
V487	0.07491	0.06948	0.13202	0.72359
V488	0.02716	0.04375	0.80863	0.12046
V489	0.2062	0.11349	0.65473	0.02557
V490	0.32353	0.31718	0.08831	0.27097
V491	0.42742	0.47305	0.04643	0.05309
V492	0.06023	0.79255	0.1396	0.00762
V493	0.08146	0.05559	0.07611	0.78684
V494	0.18725	0.15704	0.52906	0.12665
V495	0.22691	0.61184	0.14392	0.01733
V496	0.2736	0.6717	0.01633	0.03837
V497	0.05185	0.05247	0.85736	0.03832
V498	0.27778	0.11727	0.08693	0.51802
V499	0.58018	0.28219	0.1346	0.00302
V500	0.10627	0.12643	0.71694	0.05037
V501	0.02966	0.06035	0.13196	0.77803
V502	0.52508	0.2914	0.16047	0.02306
V503	0.17778	0.1058	0.22326	0.49317
V504	0.23584	0.68261	0.02734	0.05422
V505	0.18862	0.21252	0.27132	0.32754
V506	0.09605	0.24456	0.46007	0.19932
V507	0.58383	0.11986	0.13598	0.16032
V508	0.71837	0.18989	0.0558	0.03595
V509	0.21307	0.07165	0.51722	0.19806
V510	0.2271	0.50789	0.2579	0.00711
V511	0.06305	0.39391	0.07884	0.4642
V512	0.21039	0.06903	0.11858	0.60199
V513	0.09624	0.62908	0.21421	0.06047
V514	0.03769	0.11752	0.07042	0.77437
V515	0.73383	0.08736	0.06456	0.11425
V516	0.83098	0.13244	0.02952	0.00707
V517	0.04609	0.0483	0.27104	0.63457
V518	0.86906	0.08963	0.03258	0.00873
V519	0.0587	0.82263	0.0276	0.09108
V520	0.03849	0.02269	0.60183	0.33698
V521	0.53249	0.06579	0.37201	0.02971
V522	0.01978	0.12408	0.57276	0.28338
V523	0.32996	0.13591	0.27628	0.25785
V524	0.03854	0.74074	0.19182	0.0289
V525	0.23214	0.20898	0.06168	0.49719
V526	0.60849	0.10183	0.09193	0.19776
V527	0.18556	0.03756	0.40946	0.36743
V528	0.12161	0.81624	0.02136	0.04079
V529	0.06234	0.07585	0.24448	0.61732
V530	0.02492	0.19555	0.66853	0.111
V531	0.06044	0.80714	0.1285	0.00393
V532	0.16616	0.31701	0.05943	0.4574
V533	0.27193	0.35365	0.15274	0.22167
V534	0.02395	0.03249	0.68609	0.25747
V535	0.48677	0.0283	0.0476	0.43732
V536	0.17219	0.01866	0.3845	0.42465
V537	0.55896	0.27128	0.16041	0.00935
V538	0.40993	0.07347	0.11285	0.40375
V539	0.26271	0.43236	0.16851	0.13642
V540	0.20658	0.67979	0.08256	0.03107
V541	0.03889	0.4777	0.09148	0.39194
V542	0.18208	0.13247	0.27185	0.4136
V543	0.83337	0.04119	0.03198	0.09345
V544	0.09857	0.0989	0.19911	0.60343
V545	0.32995	0.15317	0.09696	0.41992
V546	0.07868	0.83188	0.08309	0.00634
V547	0.06227	0.61613	0.30458	0.01701
V548	0.16776	0.73186	0.09574	0.00464
V549	0.30484	0.05495	0.61549	0.02471
V550	0.52488	0.05819	0.02924	0.38769
V551	0.1863	0.7165	0.05037	0.04683
V552	0.0267	0.49585	0.04525	0.4322
V553	0.21881	0.15573	0.59539	0.03008
V554	0.06191	0.10905	0.0826	0.74644
V555	0.09446	0.2203	0.34545	0.33979
V556	0.03021	0.06261	0.85065	0.05653
V557	0.77236	0.05777	0.03007	0.1398
V558	0.08963	0.75488	0.04567	0.10982
V559	0.05065	0.75115	0.19261	0.00559
V560	0.6354	0.33594	0.02372	0.00495
V561	0.03787	0.06974	0.85369	0.03871
V562	0.74556	0.033	0.13258	0.08886
V563	0.23502	0.04025	0.70054	0.02419
V564	0.07598	0.09311	0.79797	0.03294
V565	0.12691	0.25539	0.38676	0.23094
V566	0.65559	0.12154	0.02223	0.20064
V567	0.2142	0.43843	0.04857	0.2988
V568	0.20657	0.03772	0.10069	0.65503
V569	0.62044	0.05848	0.02412	0.29696
V570	0.04305	0.27712	0.60681	0.07303
V571	0.77494	0.15588	0.01663	0.05255
V572	0.41459	0.02765	0.45543	0.10234
V573	0.07042	0.17909	0.0613	0.68919
V574	0.06566	0.7474	0.17292	0.01402
V575	0.03365	0.09934	0.16386	0.70315
V576	0.16724	0.76744	0.05503	0.01029
V577	0.04656	0.06375	0.23652	0.65318
V578	0.0622	0.07368	0.67503	0.18909
V579	0.04341	0.8312	0.10536	0.02003
V580	0.13357	0.03694	0.15141	0.67807
V581	0.07601	0.11105	0.06368	0.74926
V582	0.54327	0.16549	0.05172	0.23952
V583	0.02066	0.05785	0.58179	0.3397
V584	0.49289	0.17306	0.29961	0.03444
V585	0.02386	0.03388	0.44244	0.49982
V586	0.21909	0.02953	0.65167	0.09971
V587	0.25159	0.03745	0.67004	0.04092
V588	0.57619	0.0676	0.04935	0.30685
V589	0.08135	0.78451	0.07733	0.05681
V590	0.07503	0.72546	0.19123	0.00828
V591	0.01975	0.06518	0.23205	0.68302
V592	0.16738	0.07427	0.73703	0.02132
V593	0.54254	0.01964	0.20498	0.23284
V594	0.32341	0.29501	0.33683	0.04476
V595	0.04625	0.06866	0.09064	0.79445
V596	0.04891	0.26647	0.24335	0.44127
V597	0.0232	0.55905	0.33437	0.08338
V598	0.04295	0.12978	0.79383	0.03345
V599	0.59504	0.33637	0.04769	0.0209
V600	0.3469	0.47925	0.06369	0.11016
V601	0.15478	0.26843	0.11003	0.46676
V602	0.0494	0.07287	0.0825	0.79523
V603	0.03171	0.34669	0.05904	0.56256
V604	0.48775	0.13619	0.34775	0.02831
V605	0.07845	0.31836	0.40525	0.19794
V606	0.69293	0.177	0.02558	0.1045
V607	0.6073	0.03502	0.12918	0.2285
V608	0.20961	0.16417	0.39615	0.23007
V609	0.03922	0.2256	0.25381	0.48137
V610	0.73067	0.04641	0.10678	0.11614
V611	0.24526	0.03609	0.09749	0.62116
V612	0.04307	0.09917	0.77942	0.07834
V613	0.05405	0.32014	0.579	0.04681
V614	0.72439	0.08706	0.06458	0.12397
V615	0.12181	0.08436	0.06603	0.72781
V616	0.09737	0.68124	0.06147	0.15992
V617	0.44269	0.18561	0.36548	0.00622
V618	0.66284	0.04034	0.02452	0.27231
V619	0.35299	0.04574	0.33459	0.26668
V620	0.04027	0.62738	0.31988	0.01247
V621	0.40003	0.16595	0.19141	0.24261
V622	0.34131	0.23371	0.39476	0.03022
V623	0.03327	0.09071	0.1796	0.69642
V624	0.7407	0.22344	0.01976	0.01609
V625	0.26212	0.49491	0.10964	0.13334
V626	0.87833	0.07715	0.03043	0.01409
V627	0.02391	0.06616	0.13774	0.77219
V628	0.02444	0.22611	0.07103	0.67843
V629	0.12797	0.2853	0.29192	0.29481
V630	0.05356	0.32015	0.57195	0.05434
V631	0.03369	0.18923	0.1408	0.63628
V632	0.5368	0.02001	0.15965	0.28354
V633	0.02064	0.05608	0.78957	0.13371
V634	0.38052	0.27617	0.33482	0.00849
V635	0.05505	0.72006	0.02876	0.19613
V636	0.12184	0.10919	0.63958	0.1294
V637	0.28073	0.20127	0.11413	0.40386
V638	0.35423	0.26459	0.08931	0.29187
V639	0.26699	0.42554	0.30281	0.00466
V640	0.05219	0.15274	0.7352	0.05987
V641	0.84027	0.07105	0.04467	0.04401
V642	0.72533	0.19969	0.01462	0.06036
V643	0.02064	0.17857	0.45386	0.34693
V644	0.84261	0.11555	0.03104	0.01081
V645	0.25804	0.40987	0.31117	0.02092
V646	0.05356	0.89817	0.03948	0.00879
V647	0.14292	0.09657	0.6946	0.06591
V648	0.3967	0.43721	0.14292	0.02317
V649	0.04476	0.07682	0.80696	0.07146
V650	0.06736	0.0974	0.75802	0.07722
V651	0.29341	0.03892	0.64582	0.02185
V652	0.08859	0.09541	0.44527	0.37074
V653	0.13597	0.64977	0.11071	0.10354
V654	0.66687	0.21802	0.07084	0.04427
V655	0.05833	0.53811	0.04951	0.35405
V656	0.19286	0.26671	0.04708	0.49335
V657	0.04161	0.10876	0.07541	0.77422
V658	0.57439	0.22635	0.07176	0.12749
V659	0.30478	0.09854	0.3805	0.21618
V660	0.06643	0.88454	0.02737	0.02166
V661	0.0716	0.39636	0.08542	0.44662
V662	0.38302	0.03483	0.47884	0.10331
V663	0.2251	0.08311	0.57449	0.1173
V664	0.19291	0.08063	0.67056	0.05589
V665	0.66047	0.20667	0.05415	0.07871
V666	0.53129	0.021	0.1255	0.32221
V667	0.70671	0.11109	0.17944	0.00275
V668	0.14375	0.75336	0.10104	0.00185
V669	0.22976	0.41197	0.25919	0.09908
V670	0.1066	0.84848	0.02527	0.01965
V671	0.34923	0.29441	0.2681	0.08825
V672	0.04341	0.05529	0.84909	0.05221
V673	0.22955	0.36767	0.24236	0.16042
V674	0.68593	0.16753	0.0325	0.11404
V675	0.14018	0.32125	0.33163	0.20694
V676	0.04178	0.12218	0.14531	0.69074
V677	0.37176	0.40801	0.10823	0.11199
V678	0.48535	0.47934	0.03291	0.0024
V679	0.0658	0.30282	0.60567	0.02571
V680	0.29967	0.53959	0.14393	0.01681
V681	0.84396	0.1002	0.0334	0.02243
V682	0.1198	0.29231	0.54341	0.04448
V683	0.06164	0.87912	0.05541	0.00383
V684	0.66967	0.1803	0.105	0.04503
V685	0.47535	0.3533	0.13313	0.03823
V686	0.09278	0.1779	0.17924	0.55009
V687	0.04938	0.05948	0.09393	0.79721
V688	0.36064	0.50974	0.01234	0.11727
V689	0.21572	0.03304	0.09432	0.65692
V690	0.441	0.06115	0.43337	0.06448
V691	0.16187	0.04297	0.76781	0.02735
V692	0.08566	0.14091	0.69846	0.07497
V693	0.21619	0.11505	0.38473	0.28404
V694	0.02457	0.05099	0.30647	0.61798
V695	0.20874	0.03041	0.18664	0.57421
V696	0.07856	0.10832	0.07391	0.73922
V697	0.03445	0.10069	0.07973	0.78514
V698	0.77314	0.0362	0.03232	0.15834
V699	0.54196	0.29851	0.07888	0.08065
V700	0.19966	0.05803	0.06099	0.68132
V701	0.12363	0.51005	0.12588	0.24045
V702	0.49076	0.10125	0.03836	0.36963
V703	0.12645	0.06187	0.49574	0.31594
V704	0.78114	0.07327	0.04216	0.10343
V705	0.89068	0.0448	0.03893	0.02559
V706	0.08361	0.06263	0.75897	0.09479
V707	0.05524	0.41386	0.48692	0.04399
V708	0.06626	0.82895	0.04068	0.06412
V709	0.13837	0.25999	0.52336	0.07828
V710	0.57321	0.226	0.06346	0.13733
V711	0.10983	0.76322	0.10179	0.02517
V712	0.77363	0.08262	0.02255	0.1212
V713	0.40956	0.30611	0.05118	0.23315
V714	0.03568	0.62758	0.04753	0.28921
V715	0.29317	0.33684	0.3083	0.06169
V716	0.04718	0.07406	0.10469	0.77407
V717	0.10866	0.85096	0.02697	0.01342
V718	0.15575	0.55019	0.18722	0.10684
V719	0.07837	0.67637	0.05562	0.18964
V720	0.66495	0.02517	0.24345	0.06643
V721	0.12293	0.16293	0.48193	0.23221
V722	0.09799	0.32173	0.05217	0.52811
V723	0.10446	0.10753	0.06498	0.72304
V724	0.52897	0.04963	0.10688	0.31452
V725	0.02646	0.11183	0.81131	0.0504
V726	0.05181	0.35745	0.1466	0.44414
V727	0.26531	0.62905	0.10198	0.00366
V728	0.06158	0.82402	0.10713	0.00727
V729	0.36178	0.03356	0.18719	0.41748
V730	0.84887	0.06681	0.06144	0.02288
V731	0.03718	0.18814	0.40434	0.37034
V732	0.32643	0.08962	0.36879	0.21515
V733	0.61184	0.20519	0.04725	0.13572
V734	0.23405	0.30679	0.44668	0.01247
V735	0.02824	0.04372	0.47804	0.44999
V736	0.13613	0.04985	0.07082	0.74319
V737	0.3171	0.29331	0.25087	0.13872
V738	0.08871	0.32056	0.45508	0.13565
V739	0.01658	0.03786	0.58423	0.36133
V740	0.78978	0.11608	0.08468	0.00946
V741	0.44722	0.1174	0.14374	0.29165
V742	0.38137	0.57931	0.03932	0
V743	0.13735	0.14739	0.6817	0.03357
V744	0.48947	0.05777	0.34466	0.1081
V745	0.04164	0.66489	0.18728	0.10619
V746	0.88851	0.06177	0.03655	0.01318
V747	0.06363	0.02256	0.69652	0.21729
V748	0.12073	0.10776	0.59241	0.1791
V749	0.25319	0.18062	0.0844	0.4818
V750	0.39732	0.46347	0.03076	0.10844
V751	0.0741	0.82296	0.05468	0.04827
V752	0.43806	0.23798	0.14866	0.1753
V753	0.05291	0.08103	0.07271	0.79335
V754	0.04796	0.86917	0.02441	0.05846
V755	0.14472	0.19225	0.3556	0.30743
V756	0.04357	0.05439	0.11418	0.78785
V757	0.32968	0.5749	0.07316	0.02226
V758	0.07051	0.73336	0.12882	0.0673
V759	0.11649	0.06994	0.41231	0.40126
V760	0.26382	0.06993	0.29898	0.36727
V761	0.08458	0.55784	0.27679	0.08079
V762	0.02472	0.35697	0.06073	0.55758
V763	0.36586	0.35785	0.04317	0.23313
V764	0.04511	0.8673	0.03012	0.05748
V765	0.61636	0.11382	0.01912	0.2507
V766	0.03187	0.30399	0.44467	0.21947
V767	0.45688	0.13836	0.25807	0.14669
V768	0.08633	0.85184	0.04329	0.01854
V769	0.15812	0.78304	0.0484	0.01044
V770	0.05356	0.89817	0.03948	0.00879
V771	0.16676	0.04444	0.7572	0.03159
V772	0.14129	0.07048	0.76286	0.02536
V773	0.17692	0.78392	0.02847	0.01069
V774	0.04746	0.04267	0.85405	0.05582
V775	0.10542	0.05686	0.29925	0.53847
V776	0.41169	0.42572	0.06254	0.10005
V777	0.15788	0.12391	0.1687	0.54951
V778	0.51196	0.28844	0.0803	0.11931
V779	0.15735	0.05374	0.50573	0.28319
V780	0.13359	0.7227	0.14108	0.00263
V781	0.05883	0.06867	0.09146	0.78104
V782	0.02759	0.12583	0.76806	0.07852
V783	0.7447	0.04695	0.06648	0.14186
V784	0.1336	0.8222	0.03887	0.00533
V785	0.07086	0.87206	0.03765	0.01943
V786	0.68596	0.18067	0.09658	0.03679
V787	0.03722	0.78735	0.16571	0.00972
V788	0.48747	0.31242	0.16117	0.03894
V789	0.07995	0.34146	0.0662	0.5124
V790	0.4016	0.05068	0.10664	0.44108
V791	0.14193	0.36614	0.33878	0.15316
V792	0.14232	0.51372	0.02986	0.3141
V793	0.13565	0.63082	0.05286	0.18067
V794	0.05839	0.08885	0.7665	0.08627
V795	0.101	0.06998	0.10739	0.72164
V796	0.04915	0.10046	0.80977	0.04062
V797	0.71115	0.03609	0.23858	0.01418
V798	0.58844	0.30838	0.0888	0.01438
V799	0.14719	0.74523	0.04342	0.06417
V800	0.06818	0.03963	0.51748	0.37471
V801	0.12963	0.12271	0.3437	0.40396
V802	0.0454	0.09027	0.29083	0.5735
V803	0.22644	0.50516	0.26464	0.00376
V804	0.49152	0.03722	0.39898	0.07229
V805	0.07808	0.06439	0.8278	0.02974
V806	0.07733	0.85448	0.03509	0.03311
V807	0.22844	0.16169	0.07266	0.53721
V808	0.6302	0.28629	0.05503	0.02849
V809	0.07819	0.08529	0.81185	0.02467
V810	0.0583	0.89726	0.03338	0.01106
V811	0.39085	0.08917	0.22336	0.29662
V812	0.52084	0.27699	0.06349	0.13868
V813	0.56644	0.21216	0.19779	0.02361
V814	0.41301	0.52364	0.06107	0.00227
V815	0.04051	0.85597	0.09467	0.00884
V816	0.8413	0.06067	0.09306	0.00497
V817	0.05212	0.09594	0.81728	0.03465
V818	0.02264	0.09567	0.10383	0.77786
V819	0.78866	0.10979	0.06535	0.0362
V820	0.11953	0.11625	0.07374	0.69047
V821	0.21576	0.31462	0.39561	0.07401
V822	0.08435	0.05242	0.82153	0.0417
V823	0.04084	0.18577	0.67175	0.10164
V824	0.11004	0.3668	0.51098	0.01217
V825	0.21556	0.28974	0.26738	0.22732
V826	0.41421	0.41489	0.16151	0.0094
V827	0.3651	0.58544	0.02779	0.02167
V828	0.20187	0.17058	0.13788	0.48967
V829	0.05196	0.23529	0.0833	0.62945
V830	0.20196	0.22785	0.06266	0.50753
V831	0.73339	0.11371	0.04831	0.10459
V832	0.26265	0.39956	0.17994	0.15786
V833	0.15511	0.49637	0.19021	0.15831
V834	0.2549	0.09136	0.11364	0.5401
V835	0.34868	0.45144	0.12589	0.07399
V836	0.03685	0.6326	0.0349	0.29566
V837	0.2181	0.377	0.20294	0.20195
V838	0.85497	0.08596	0.05364	0.00543
V839	0.29602	0.59007	0.11034	0.00357
V840	0.28867	0.67498	0.03514	0.0012
V841	0.02458	0.06921	0.82988	0.07633
V842	0.33424	0.17612	0.27548	0.21416
V843	0.03729	0.04726	0.82479	0.09066
V844	0.10796	0.0953	0.3939	0.40284
V845	0.07636	0.11415	0.73309	0.0764
V846	0.01899	0.04002	0.72547	0.21552
V847	0.03188	0.05822	0.12345	0.78645
V848	0.10322	0.49122	0.18321	0.22235
V849	0.03903	0.89053	0.03446	0.03598
V850	0.89234	0.05088	0.04288	0.0139
V851	0.32409	0.51988	0.15532	0.00071
V852	0.09833	0.07044	0.16664	0.6646
V853	0.23548	0.22887	0.41211	0.12354
V854	0.56643	0.18672	0.1169	0.12994
V855	0.03188	0.05822	0.12345	0.78645
V856	0.05951	0.33751	0.36289	0.24009
V857	0.64231	0.19538	0.04679	0.11551
V858	0.51483	0.04363	0.4282	0.01334
V859	0.62699	0.25491	0.03088	0.08722
V860	0.16568	0.12682	0.09523	0.61227
V861	0.10299	0.34434	0.53032	0.02235
V862	0.13356	0.09786	0.71046	0.05812
V863	0.17426	0.09058	0.05429	0.68087
V864	0.06968	0.06781	0.10652	0.75599
V865	0.10437	0.03053	0.28839	0.57671
V866	0.67936	0.04888	0.25841	0.01334
V867	0.67467	0.05988	0.25771	0.00775
V868	0.49139	0.29162	0.14349	0.0735
V869	0.06147	0.89221	0.03818	0.00814
V870	0.107	0.32305	0.05774	0.51221
V871	0.03903	0.89053	0.03446	0.03598
V872	0.02585	0.04686	0.27178	0.65552
V873	0.83812	0.06445	0.06757	0.02985
V874	0.20809	0.73547	0.05524	0.00121
V875	0.03116	0.18719	0.22606	0.55559
V876	0.16173	0.3238	0.41991	0.09456
V877	0.06052	0.38054	0.30997	0.24897
V878	0.15272	0.75984	0.08582	0.00162
V879	0.19673	0.67283	0.05729	0.07316
V880	0.29992	0.54353	0.01904	0.13751
V881	0.13798	0.05528	0.6082	0.19855
V882	0.75951	0.02748	0.14104	0.07196
V883	0.27217	0.21338	0.50359	0.01086
V884	0.04113	0.26854	0.05244	0.63789
V885	0.6559	0.23949	0.10461	0
V886	0.03343	0.34837	0.47205	0.14615
V887	0.60246	0.08385	0.17283	0.14086
V888	0.10143	0.06105	0.73479	0.10273
V889	0.85548	0.08614	0.04194	0.01644
V890	0.04603	0.14393	0.6206	0.18943
V891	0.59115	0.07213	0.29447	0.04225
V892	0.24979	0.19094	0.04818	0.51109
V893	0.55326	0.23025	0.16103	0.05546
V894	0.08114	0.3012	0.57186	0.0458
V895	0.56059	0.0833	0.21306	0.14305
V896	0.07191	0.87648	0.03187	0.01974
V897	0.65497	0.27437	0.01853	0.05214
V898	0.39975	0.03184	0.04791	0.5205
V899	0.04032	0.18752	0.17331	0.59886
V900	0.08702	0.28523	0.37571	0.25203
V901	0.06553	0.79035	0.02702	0.1171
V902	0.07998	0.84507	0.06873	0.00621
V903	0.02978	0.40049	0.51599	0.05373
V904	0.0661	0.89092	0.03285	0.01012
V905	0.133	0.02737	0.2085	0.63112
V906	0.36163	0.10695	0.13111	0.4003
V907	0.41263	0.51076	0.03198	0.04463
V908	0.02893	0.08081	0.12652	0.76374
V909	0.14805	0.76963	0.01847	0.06385
V910	0.14293	0.02999	0.15967	0.66741
V911	0.49255	0.4004	0.04549	0.06157
V912	0.37294	0.33355	0.13876	0.15475
V913	0.1189	0.04479	0.07615	0.76015
V914	0.18564	0.48436	0.29356	0.03644
V915	0.19383	0.04025	0.0664	0.69952
V916	0.23376	0.07182	0.63935	0.05507
V917	0.67729	0.05289	0.17852	0.0913
V918	0.0666	0.60849	0.23572	0.08919
V919	0.19054	0.23547	0.31194	0.26204
V920	0.58627	0.21801	0.10579	0.08993
V921	0.04451	0.1692	0.08395	0.70234
V922	0.11267	0.45097	0.38812	0.04824
V923	0.0807	0.0547	0.10156	0.76304
V924	0.06098	0.64036	0.26857	0.03009
V925	0.15533	0.06543	0.07026	0.70899
V926	0.17174	0.05488	0.08194	0.69143
V927	0.03856	0.0744	0.11308	0.77396
V928	0.07656	0.84	0.02718	0.05626
V929	0.0765	0.61668	0.14168	0.16515
V930	0.48482	0.38064	0.04555	0.08899
V931	0.1387	0.27062	0.51257	0.07811
V932	0.04481	0.11522	0.60883	0.23115
V933	0.56035	0.4017	0.03009	0.00786
V934	0.02245	0.15085	0.29132	0.53538
V935	0.5326	0.18085	0.22049	0.06605
V936	0.49459	0.28471	0.03342	0.18728
V937	0.50541	0.14624	0.10383	0.24452
V938	0.34453	0.06227	0.32579	0.26742
V939	0.70962	0.04551	0.09105	0.15383
V940	0.05448	0.75532	0.15518	0.03502
V941	0.04131	0.06308	0.84889	0.04672
V942	0.69297	0.21099	0.08146	0.01458
V943	0.37219	0.14255	0.4294	0.05586
V944	0.0351	0.25302	0.10596	0.60592
V945	0.53195	0.36595	0.02335	0.07875
V946	0.43192	0.27358	0.26103	0.03348
V947	0.07907	0.06701	0.25311	0.60081
V948	0.31563	0.05233	0.60101	0.03104
V949	0.01777	0.12132	0.22855	0.63236
V950	0.07406	0.51308	0.22225	0.19061
V951	0.76858	0.05529	0.16973	0.00639
V952	0.07217	0.13183	0.28302	0.51298
V953	0.04128	0.07624	0.83237	0.05011
V954	0.04846	0.17823	0.17322	0.60008
V955	0.13466	0.57452	0.04757	0.24325
V956	0.04272	0.04117	0.5129	0.40321
V957	0.28249	0.05148	0.04927	0.61677
V958	0.08146	0.05559	0.07611	0.78684
V959	0.22447	0.26198	0.43829	0.07527
V960	0.21933	0.27058	0.10544	0.40466
V961	0.14237	0.37715	0.35797	0.12251
V962	0.34314	0.18011	0.4037	0.07305
V963	0.56568	0.18958	0.17113	0.07361
V964	0.79339	0.06144	0.115	0.03016
V965	0.07305	0.47791	0.20471	0.24433
V966	0.88616	0.06563	0.03505	0.01317
V967	0.05965	0.05441	0.5305	0.35544
V968	0.02065	0.15405	0.74641	0.07889
V969	0.02902	0.27192	0.08436	0.6147
V970	0.04408	0.12209	0.43322	0.40061
V971	0.47207	0.10336	0.34528	0.07929
V972	0.4734	0.21474	0.06834	0.24352
V973	0.26037	0.41583	0.09527	0.22853
V974	0.0364	0.74791	0.1388	0.07689
V975	0.11374	0.28557	0.58272	0.01796
V976	0.41547	0.25807	0.13053	0.19593
V977	0.30803	0.35764	0.32591	0.00842
V978	0.06743	0.10781	0.11376	0.711
V979	0.74366	0.05449	0.19511	0.00674
V980	0.88851	0.06177	0.03655	0.01318
V981	0.30973	0.04647	0.44899	0.1948
V982	0.42411	0.40539	0.08857	0.08193
V983	0.6479	0.08684	0.02512	0.24014
V984	0.04817	0.79683	0.12047	0.03452
V985	0.07888	0.19452	0.05875	0.66785
V986	0.31416	0.52165	0.06348	0.10071
V987	0.24228	0.72054	0.02016	0.01703
V988	0.18204	0.05079	0.0699	0.69728
V989	0.42311	0.47266	0.08953	0.01471
V990	0.01859	0.06678	0.76266	0.15196
V991	0.59866	0.37189	0.02003	0.00942
V992	0.18527	0.02381	0.53046	0.26046
V993	0.08846	0.69468	0.17445	0.04241
V994	0.19517	0.74776	0.04716	0.00991
V995	0.69739	0.13066	0.04812	0.12383
V996	0.23435	0.13757	0.05418	0.5739
V997	0.03506	0.03689	0.79459	0.13346
V998	0.82601	0.04669	0.08227	0.04502
V999	0.145	0.81937	0.02873	0.00689
V1000	0.26408	0.05878	0.04953	0.62761
