B_cells	NK_cells	T_cells_CD4.	Monocytes
V1	0.57599	0	0.18827	0.23574
V2	0.23315	0.11006	0.04836	0.60844
V3	0.09965	0.61775	0.01759	0.26501
V4	0.86624	0.11616	0	0.01761
V5	0.13059	0.45986	0.28484	0.12471
V6	0.10951	0.83057	0.05495	0.00497
V7	0.19293	0.36481	0.08938	0.35288
V8	0.14037	0.00443	0.83343	0.02177
V9	0.2974	0.2498	0.02817	0.42463
V10	0.02789	0.01104	0.91499	0.04608
V11	0.2103	0.33143	0.45827	0
V12	0.03509	0.55621	0.40871	0
V13	0.29616	0.67704	0.02681	0
V14	0.10051	0.86638	0.03311	0
V15	0.14748	0.57903	0.14967	0.12382
V16	0.88121	0.03899	0.04214	0.03766
V17	0.1205	0.83249	0.04266	0.00435
V18	0.58353	0.33242	0.06576	0.01829
V19	0.18823	0.78042	0.03135	0
V20	0.21256	0.46406	0.01943	0.30394
V21	0.13957	0.05924	0.78222	0.01897
V22	0.07816	0.11377	0.21797	0.59011
V23	0.37601	0.03462	0.58937	0
V24	0.91255	0.02585	0.0616	0
V25	0.37531	0.23785	0.14105	0.24579
V26	0.42656	0.38198	0.02214	0.16932
V27	0.20508	0.0911	0.0128	0.69102
V28	0	0.06248	0.93752	0
V29	0.44045	0.01836	0.52783	0.01336
V30	0.13865	0.2251	0.29167	0.34458
V31	0.23498	0.19544	0.3118	0.25777
V32	0.19225	0.0519	0.04221	0.71364
V33	0.05876	0.48175	0.39009	0.06939
V34	0.13941	0.03899	0.80102	0.02058
V35	0.18792	0.6881	0.11918	0.00481
V36	0.04145	0.05188	0.4941	0.41257
V37	0.5717	0.06367	0.11054	0.25409
V38	0.47036	0	0.18309	0.34656
V39	0.19215	0.54486	0.15763	0.10536
V40	0.11622	0.76735	0.11642	0
V41	0.03435	0.67205	0.06591	0.22769
V42	0.2845	0.03223	0.22241	0.46085
V43	0.14299	0.32636	0.52709	0.00356
V44	0.02291	0.08396	0.75388	0.13925
V45	0.11831	0.56497	0.25693	0.05979
V46	0.78377	0.0605	0.15573	0
V47	0.45243	0.17957	0.34437	0.02363
V48	0.80841	0.16125	0.01815	0.01218
V49	0.75023	0.18325	0	0.06651
V50	0.08956	0.7832	0.12724	0
V51	0.32523	0.3821	0.29185	0.00082
V52	0.02982	0.11656	0.82899	0.02463
V53	0.71415	0.10235	0.1835	0
V54	0.42452	0.182	0.39348	0
V55	0.259	0.13497	0.25414	0.3519
V56	0.14393	0.03553	0.11209	0.70846
V57	0.12803	0.81718	0.05479	0
V58	0.67221	0	0.04933	0.27846
V59	0.44884	0.39319	0.13542	0.02256
V60	0.17114	0.16007	0.34328	0.32551
V61	0.80724	0.09953	0.02011	0.07313
V62	0.85813	0.02718	0.10301	0.01168
V63	0.0348	0.7924	0.16988	0.00292
V64	0.04172	0.84629	0.00679	0.1052
V65	0.10915	0.01023	0.145	0.73562
V66	0.24697	0.67021	0.04144	0.04138
V67	0.15911	0.31035	0.53054	0
V68	0.24023	0.17111	0.00896	0.5797
V69	0.02988	0.30488	0.63787	0.02737
V70	0.54866	0.14353	0.20834	0.09948
V71	0.20539	0.07395	0.39503	0.32563
V72	0.58885	0.15207	0.11453	0.14455
V73	0.17741	0.58995	0.1743	0.05834
V74	0.05564	0.20989	0.73447	0
V75	0.70786	0	0.2162	0.07594
V76	0.04037	0.19662	0.20273	0.56028
V77	0.10921	0.31106	0	0.57973
V78	0.3494	0.11778	0.20124	0.33158
V79	0.00538	0.10928	0.81336	0.07198
V80	0.36201	0.01208	0.56122	0.06469
V81	0.06161	0.15945	0.77894	0
V82	0	0.08004	0.91192	0.00804
V83	0.20585	0.19762	0.07233	0.52419
V84	0.43927	0.0401	0.18059	0.34004
V85	0.12798	0.31222	0.42479	0.13501
V86	0.05537	0.05668	0.85195	0.03601
V87	0.06043	0.79835	0.09525	0.04597
V88	0.2204	0.06451	0.28751	0.42758
V89	0.0987	0.03442	0.21985	0.64704
V90	0.05317	0.84296	0.10387	0
V91	0.05271	0.70333	0.23597	0.00798
V92	0.46992	0.01219	0.40914	0.10875
V93	0.89295	0.01317	0	0.09388
V94	0.07015	0.46187	0.02084	0.44714
V95	0.28258	0.42132	0.18206	0.11404
V96	0.16999	0.13958	0.01952	0.67092
V97	0.67142	0.08904	0.23954	0
V98	0.71046	0.28954	0	0
V99	0.78337	0.03379	0.18284	0
V100	0.08792	0.03309	0.86074	0.01825
V101	0.13219	0.10825	0	0.75956
V102	0.90682	0.05775	0.01598	0.01945
V103	0.09097	0.08212	0.11548	0.71143
V104	0.06543	0.8955	0.03906	0
V105	0.08992	0.86131	0.04877	0
V106	0.13649	0.49213	0.35958	0.01181
V107	0.19775	0.19706	0.58059	0.0246
V108	0.16439	0.70331	0.1323	0
V109	0.02575	0.17054	0.60882	0.1949
V110	0.08695	0.82677	0.08047	0.00581
V111	0.89309	0	0.10316	0.00375
V112	0.16956	0.06908	0.44471	0.31665
V113	0.24844	0.11712	0.19031	0.44412
V114	0.32018	0.0557	0.08784	0.53628
V115	0.01637	0.71119	0.27244	0
V116	0.16264	0.30805	0.39446	0.13485
V117	0.68347	0.24108	0.05451	0.02094
V118	0.2009	0.57106	0.04764	0.1804
V119	0.20651	0.10666	0.05059	0.63624
V120	0.08844	0.07908	0.82847	0.00401
V121	0.61136	0.12183	0.11258	0.15423
V122	0.91921	0.00068	0.04621	0.0339
V123	0.04577	0.52379	0.05729	0.37315
V124	0.68046	0.28186	0	0.03769
V125	0.39881	0.39447	0.20672	0
V126	0.11799	0.18083	0.05532	0.64587
V127	0.22369	0.05452	0.27577	0.44602
V128	0.12542	0.03623	0.13644	0.70191
V129	0.57952	0.2208	0.19272	0.00696
V130	0.01335	0.61901	0.36765	0
V131	0.05879	0.87522	0.01102	0.05497
V132	0.90277	0	0.06129	0.03594
V133	0.88585	0.00611	0.08901	0.01903
V134	0.15052	0.39637	0.14743	0.30569
V135	0.16056	0.03553	0.1964	0.6075
V136	0.29314	0.40581	0.00748	0.29357
V137	0.6491	0.02189	0.27879	0.05022
V138	0.23984	0.39593	0.20303	0.1612
V139	0.3785	0.20423	0.21788	0.19939
V140	0.11717	0.13273	0.06095	0.68915
V141	0.08395	0.1651	0.55734	0.19361
V142	0.77349	0	0.22651	0
V143	0.46172	0.26244	0.07741	0.19843
V144	0.22353	0.16877	0.18122	0.42648
V145	0	0.72374	0.27626	0
V146	0.17825	0.039	0.05353	0.72922
V147	0.8882	0.01887	0.04534	0.04759
V148	0.15226	0.07975	0.59306	0.17493
V149	0.26987	0.47855	0.25158	0
V150	0.0983	0.24258	0.60562	0.05351
V151	0.24048	0.61226	0.05276	0.0945
V152	0.25339	0.42862	0.25011	0.06788
V153	0.14134	0.73264	0.03905	0.08698
V154	0.25905	0.43475	0.3055	7e-04
V155	0.4789	0.13862	0.31093	0.07155
V156	0.04122	0.1513	0.70465	0.10283
V157	0.32902	0.15798	0.33163	0.18136
V158	0.13682	0.01599	0.08411	0.76307
V159	0.88076	0.07151	0	0.04773
V160	0.71537	0	0.0778	0.20683
V161	0.30648	0.01825	0.03998	0.63529
V162	0.12365	0.31967	0.09088	0.46581
V163	0.12693	0.4856	0.19691	0.19056
V164	0.3719	0.30948	0.1197	0.19892
V165	0.08365	0.28943	0	0.62691
V166	0.08563	0.14171	0.08401	0.68865
V167	0.42858	0	0.00788	0.56354
V168	0.30981	0.54991	0.10946	0.03082
V169	0.27862	0.0785	0.03622	0.60666
V170	0.14204	0.03003	0.53976	0.28817
V171	0.14197	0.23968	0.60356	0.01479
V172	0.70594	0	0.29406	0
V173	0.10788	0.18423	0.04744	0.66045
V174	0.08603	0.20098	0.08439	0.6286
V175	0.08176	0.00504	0.80992	0.10329
V176	0.01953	0.76598	0.21449	0
V177	0.04276	0.93193	0.01411	0.01121
V178	0.04092	0.75867	0.02278	0.17764
V179	0.21069	0.01264	0.40387	0.3728
V180	0.04727	0.82905	0.12368	0
V181	0.18249	0.1381	0.55128	0.12813
V182	0.30967	0.18007	0.47698	0.03328
V183	0.20361	0.76163	0.03475	0
V184	0.94855	0	0.05145	0
V185	0.57788	0.38516	0.03696	0
V186	0.14037	0.46702	0.29593	0.09668
V187	0.91541	5e-05	0.06913	0.01542
V188	0.13354	0.25694	0	0.60952
V189	0.82272	0.01197	0.03284	0.13246
V190	0.64894	0.00176	0.3493	0
V191	0.19751	0.20763	0.58052	0.01434
V192	0.33438	0.46091	0.06288	0.14182
V193	0.60793	0.02181	0.26803	0.10222
V194	0.07164	0.88289	0.03431	0.01116
V195	0.02186	0.04887	0.91094	0.01833
V196	0.10436	0.1414	0.01148	0.74276
V197	0.47416	0.0583	0.02196	0.44558
V198	0.08041	0.48728	0.40037	0.03194
V199	0.23801	0.0375	0.19273	0.53175
V200	0.17224	0.56635	0.02423	0.23718
V201	0.12076	0.541	0.22293	0.11531
V202	0.03184	0.03682	0.78414	0.1472
V203	0.17602	0.40706	0.41692	0
V204	0.05819	0.5481	0.00505	0.38866
V205	0.02458	0.07439	0.88334	0.01769
V206	0.05541	0.10776	0.83684	0
V207	0.20613	0.21772	0.05176	0.52439
V208	0.25338	0.06833	0.67829	0
V209	0.33092	0.45905	0.08699	0.12305
V210	0.1127	0.72862	0.13308	0.0256
V211	0.48353	0.01375	0.04006	0.46266
V212	0.50311	0.03559	0.45609	0.00521
V213	0.65503	0.0199	0.13431	0.19076
V214	0.36655	0.16733	0.18232	0.28381
V215	0.36503	0.11724	0.00716	0.51057
V216	0.17169	0.00513	0.07034	0.75284
V217	0.06585	0.48881	0.26395	0.18138
V218	0.12941	0.44783	0.1937	0.22906
V219	0.14716	0.63287	0.02108	0.19889
V220	0.03738	0.81021	0.02952	0.12289
V221	0.82523	0	0.0114	0.16337
V222	0.33345	0.13583	0.38597	0.14474
V223	0.00627	0.15647	0.77624	0.06101
V224	0.93876	0	0.06124	0
V225	0.08266	0.81709	0.10026	0
V226	0.30733	0.0829	0.60977	0
V227	0.77889	0	0.21958	0.00153
V228	0.76862	0.059	0.09165	0.08073
V229	0.02713	0.03916	0.90311	0.0306
V230	0.11543	0.08271	0.05001	0.75185
V231	0.06672	0.30497	0.12415	0.50417
V232	0.08888	0.65727	0	0.25385
V233	0.57119	0.0835	0.22696	0.11835
V234	0.06889	0.8567	0.0744	0
V235	0.3778	0.06123	0.55084	0.01014
V236	0.05454	0.08406	0.7986	0.0628
V237	0.26336	0.02267	0.04525	0.66872
V238	0.14945	0.5304	0.29901	0.02114
V239	0.12462	0.4202	0.01772	0.43745
V240	0.48809	0.03401	0.44804	0.02986
V241	0.02661	0.01208	0.90251	0.05881
V242	0.1513	0.71509	0.13361	0
V243	0.25116	0.04647	0.64529	0.05707
V244	0.2208	0	0.71305	0.06616
V245	0.60593	0.28398	0.07305	0.03704
V246	0.06376	0.16223	0.76737	0.00664
V247	0.16185	0.03236	0.80579	0
V248	0.12034	0.07802	0.07249	0.72915
V249	0	0.06184	0.88102	0.05714
V250	0.75257	0	0.24743	0
V251	0.91665	0.05107	0.02199	0.01029
V252	0.02054	0.78283	0.19663	0
V253	0.40619	0.07065	0.18264	0.34052
V254	0.02999	0.87085	0.09916	0
V255	0.08342	0.88547	0.00749	0.02361
V256	0.1892	0.21659	0.53223	0.06198
V257	0.44355	0.09922	0.25719	0.20004
V258	0.19362	0.26524	0.44389	0.09725
V259	0.04136	0.29472	0.64591	0.01801
V260	0	0.27909	0.72091	0
V261	0.62335	0.02125	0.2265	0.1289
V262	0.20259	0.10232	0.00952	0.68557
V263	0.05294	0.91977	0.01197	0.01533
V264	0.20242	0.04471	0.44606	0.30681
V265	0.12398	0.01217	0.17008	0.69376
V266	0.6524	0.3203	0.0273	0
V267	0.0232	0.20284	0.31057	0.4634
V268	0.43379	0.02044	0.1603	0.38548
V269	0.01302	0.53928	0.42365	0.02405
V270	0.64265	0.01289	0.27694	0.06751
V271	0.79823	0.06007	0.05094	0.09075
V272	0.08761	0.7977	0.03508	0.07961
V273	0.16786	0.05501	0.05921	0.71791
V274	0.70318	0	0.20507	0.09176
V275	0	0.05188	0.92638	0.02174
V276	0.52908	0.3325	0.01425	0.12416
V277	0.08954	0.23258	0.17423	0.50366
V278	0.09407	0.07878	0.30647	0.52068
V279	0.69313	0.04783	0.13778	0.12126
V280	0.13682	0.01599	0.08411	0.76307
V281	0.56908	0.02129	0.16372	0.24591
V282	0.06555	0.08525	0.80259	0.04662
V283	0.24052	0.56397	0.08185	0.11366
V284	0.0522	0.84126	0.10653	0
V285	0.07893	0.00983	0.91124	0
V286	0.26852	0.52708	0.13681	0.06759
V287	0.13088	0.82604	0.03973	0.00335
V288	0.03232	0.28895	0.44826	0.23046
V289	0.29054	0.21999	0.43884	0.05064
V290	0.8195	0.14263	0.03787	0
V291	0.47981	0.06398	0.45621	0
V292	0.92719	0.00912	0	0.06369
V293	0.30104	0.01791	0.65898	0.02208
V294	0.14748	0.37967	0	0.47285
V295	0.06896	0.20296	0.2063	0.52178
V296	0.18779	0.1284	0.61901	0.0648
V297	0.18266	0.00784	0.10624	0.70325
V298	0.29716	0.102	0.60084	0
V299	0.14044	0.30311	0.00203	0.55442
V300	0.04874	0.05991	0.25527	0.63607
V301	0.13386	0.12279	0.65093	0.09242
V302	0.67118	0.32882	0	0
V303	0	0.57834	0.41565	0.00601
V304	0.0716	0.03901	0.74999	0.1394
V305	0.14495	0.17031	0.47326	0.21147
V306	0.79627	0.08881	0.07489	0.04002
V307	0.04965	0.88987	0.05371	0.00677
V308	0.25154	0.23366	0.31471	0.20009
V309	0.37309	0.32134	0.02292	0.28265
V310	0.12204	0.33037	0.16472	0.38287
V311	0.52755	0.44519	0.02726	0
V312	0.11963	0.69602	0.18436	0
V313	0.06549	0.16977	0.03048	0.73426
V314	0.04966	0.48702	0.12838	0.33495
V315	0.15558	0.61299	0.05161	0.17982
V316	0.32131	0.13728	0.40547	0.13593
V317	0.11918	0.67826	0.06959	0.13296
V318	0.08565	0.5592	0.01375	0.34139
V319	0.06611	0.07779	0.83141	0.02468
V320	0.08842	0.15598	0.65344	0.10217
V321	0.64176	0.32911	0.02914	0
V322	0.24058	0.33146	0.07652	0.35144
V323	0.14937	0.04609	0.11409	0.69045
V324	0.66034	0.2424	0.0965	0.00077
V325	0.31623	0.59644	0.08734	0
V326	0.01351	0.57046	0.11727	0.29876
V327	0.08459	0.17915	0.11634	0.61993
V328	0.06194	0.04063	0.74925	0.14818
V329	0.22804	0.12773	0.18181	0.46243
V330	0.41017	0.00426	0.35651	0.22906
V331	0.40024	0.10012	0.04312	0.45653
V332	0.07646	0.08029	0.20042	0.64283
V333	0.42562	0.07239	0.41192	0.09008
V334	0.37661	0.00649	0.37747	0.23943
V335	0.03337	0.33569	0.53115	0.09979
V336	0.20506	0.67685	0.03987	0.07821
V337	0.2908	0.38413	0.32416	9e-04
V338	0	0.92942	0.06107	0.00952
V339	0.12938	0.00404	0.86658	0
V340	0.06865	0.23463	0.54066	0.15606
V341	0.11556	0.07355	0.08859	0.7223
V342	0.25758	0	0.63289	0.10953
V343	0.92668	0.02556	0.02635	0.02141
V344	0.65578	0.13301	0.21121	0
V345	0.0289	0.05172	0.91937	0
V346	0.26419	0.12148	0.29965	0.31468
V347	0.1327	0.03223	0.15246	0.68261
V348	0.07737	0.63111	0.17617	0.11536
V349	0.34854	0.16475	0.40662	0.08009
V350	0.03816	0.75002	0.21183	0
V351	0.0651	0.05208	0.40694	0.47588
V352	0.05694	0.03298	0.84539	0.06469
V353	0.86083	0.01232	0.06254	0.06431
V354	0.06226	0.65927	0.26357	0.0149
V355	0.28826	0.08049	0.47612	0.15513
V356	0.12457	0.05153	0.12405	0.69985
V357	0.138	0.33363	0.29812	0.23025
V358	0.5652	0.10405	0.05786	0.2729
V359	0.59862	0.05815	0.03531	0.30793
V360	0.55379	0.40194	0.04427	0
V361	0	0.42863	0.57137	0
V362	0.00247	0.91984	0.07179	0.00589
V363	0.19012	0.12545	0.48217	0.20226
V364	0.16561	0.07126	0.68823	0.07489
V365	0.34315	0.04467	0.00613	0.60604
V366	0.10524	0.66097	0.11044	0.12336
V367	0.59775	0.14075	0	0.2615
V368	0.11371	0.69868	0.11798	0.06962
V369	0.01908	0.38286	0.59806	0
V370	0.29846	0.26722	0.43125	0.00306
V371	0.21396	0.69206	0.05209	0.04189
V372	0.23367	0.07067	0.13202	0.56364
V373	0.10428	0.15472	0.48199	0.25901
V374	0.75685	0	0.24315	0
V375	0.12196	0.06499	0.16157	0.65148
V376	0.12158	0.06324	0.12167	0.69351
V377	0.80302	0	0.01073	0.18625
V378	0.05061	0.0521	0.42079	0.4765
V379	0.3851	0.21095	0	0.40395
V380	0.20805	0.09004	0.21166	0.49026
V381	0.73589	0	0.11707	0.14704
V382	0.08898	0.04881	0.8622	0
V383	0.8243	0	0.06904	0.10666
V384	0.56539	0.07405	0.15112	0.20943
V385	0.83549	0	0.11097	0.05354
V386	0.35344	0.01658	0.16207	0.46791
V387	0.57486	0.1445	0.21733	0.06332
V388	0.38363	0.32508	0.16666	0.12463
V389	0.43188	0.49963	0.02668	0.04181
V390	0.28547	0.24123	0.4733	0
V391	0.46344	0.11769	0.00814	0.41073
V392	0.43051	0.22241	0.18545	0.16162
V393	0.28731	0.23069	0.36707	0.11493
V394	0.14944	0.24685	0.12097	0.48274
V395	0.2388	0.38471	0.22517	0.15132
V396	0.03461	0.90501	0.04285	0.01752
V397	0.75931	0.07901	0.13364	0.02803
V398	0.46924	0.14235	0.10524	0.28317
V399	0.21163	0.53075	0.18128	0.07634
V400	0.0162	0.59018	0.08562	0.30799
V401	0.03919	0.17157	0.72992	0.05933
V402	0.78472	0.15658	0.0587	0
V403	0.11698	0.05714	0.10364	0.72224
V404	0.09831	0.20408	0.62479	0.07281
V405	0.27871	0.0433	0.18203	0.49596
V406	0.64442	0.24506	0.02831	0.08221
V407	0	0.92942	0.06107	0.00952
V408	0.11155	0.25485	0.41273	0.22087
V409	0.07301	0.07475	0.07722	0.77502
V410	0.11938	0.81543	0.06282	0.00237
V411	0.48865	0.01171	0	0.49965
V412	0.18095	0.08712	0.51065	0.22128
V413	0.08365	0.48298	0.20427	0.22909
V414	0.04892	0.49674	0.35761	0.09673
V415	0.46076	0.02766	0.25583	0.25574
V416	0.01195	0.09685	0.8912	0
V417	0.39167	0.57728	0.03106	0
V418	0.14054	0.13148	0.15197	0.57602
V419	0.12878	0.0109	0.09722	0.7631
V420	0.00022	0.87253	0.05256	0.07469
V421	0.16664	0.05014	0.68949	0.09373
V422	0.15372	0.12215	0.00177	0.72236
V423	0.08792	0.03309	0.86074	0.01825
V424	0	0.07754	0.64012	0.28235
V425	0.06404	0.24527	0.60861	0.08208
V426	0.09878	0.06015	0.78796	0.05312
V427	0.09888	0.40129	0.21201	0.28782
V428	0.11546	0.73413	0.08828	0.06213
V429	0.12119	0.01716	0.10183	0.75982
V430	0.74566	0.16496	0.0293	0.06008
V431	0.2112	0.03406	0.46671	0.28803
V432	0.19295	0.12707	0.05046	0.62952
V433	0.09391	0.72852	0	0.17757
V434	0.38934	0.09054	0.0538	0.46631
V435	0.53489	0.00493	0.14012	0.32005
V436	0.42704	0.01114	0.13122	0.43059
V437	0.28878	0.24258	0	0.46864
V438	0.61833	0.16124	0.03955	0.18088
V439	0.12882	0.15766	0	0.71352
V440	0.5208	0.04216	0.03746	0.39958
V441	0.08214	0.14558	0.60652	0.16576
V442	0.33422	0.34018	0.15539	0.17022
V443	0.74359	0	0.10996	0.14645
V444	0.0289	0.05172	0.91937	0
V445	0.59973	0.0097	0.37615	0.01443
V446	0.06	0.78947	0.09542	0.05511
V447	0.61623	0.09006	0.20931	0.0844
V448	0.08381	0.0949	0.2092	0.61209
V449	0.55281	0.03627	0.32762	0.08329
V450	0.15989	0.79317	0.04695	0
V451	0.91023	0.05978	0	0.02999
V452	0.13442	0.03814	0.10652	0.72092
V453	0.7874	0.06915	0.09469	0.04876
V454	0.00235	0.88813	0.10368	0.00583
V455	0.5872	0.02741	0.33668	0.04871
V456	0.33241	0.12658	0.40514	0.13588
V457	0.0724	0.10772	0.04375	0.77612
V458	0.31939	0.24006	0	0.44056
V459	0.0335	0.76256	0.13247	0.07148
V460	0.9068	0	0.06566	0.02754
V461	0.1794	0.08563	0.00593	0.72905
V462	0.38725	0.24695	0	0.3658
V463	0.26822	0.45831	0.18746	0.08601
V464	0.54081	0.10567	0	0.35352
V465	0.4203	0.42011	0.03653	0.12306
V466	0.60175	0.19047	0	0.20779
V467	0.33067	0.54611	0.11088	0.01234
V468	0.50378	0.38809	0.07419	0.03395
V469	0.05602	0.20093	0.30223	0.44081
V470	0.54174	0.12308	0.2077	0.12748
V471	0.33008	0.13044	0.02809	0.5114
V472	0.3593	0.33012	0	0.31057
V473	0.11206	0.51795	0.36999	0
V474	0.2122	0.00178	0.13206	0.65396
V475	0.22111	0.40283	0.09085	0.28521
V476	0.25477	0.03267	0.06962	0.64294
V477	0.59559	0.03267	0.23482	0.13693
V478	0.17261	0.58376	0.00649	0.23713
V479	0.0162	0.10676	0.80482	0.07221
V480	0.13989	0.33016	0.04582	0.48413
V481	0.14927	0.03079	0.81631	0.00363
V482	0.67947	0.15671	0.14302	0.02079
V483	0.20366	0.13889	0.07783	0.57962
V484	0.11467	0.12733	0.03597	0.72203
V485	0.15335	0.71388	0.02807	0.1047
V486	0.29993	0.27406	0.14236	0.28365
V487	0.16456	0.07843	0.09849	0.65852
V488	0	0.01549	0.89435	0.09016
V489	0.21199	0.112	0.67601	0
V490	0.36606	0.32012	0.07808	0.23574
V491	0.45295	0.45109	0.05434	0.04162
V492	0.04375	0.78072	0.17554	0
V493	0.20417	0.00096	0.00843	0.78644
V494	0.20322	0.16682	0.53079	0.09918
V495	0.23774	0.58609	0.17618	0
V496	0.30125	0.66646	0.00845	0.02384
V497	0.02592	0.01346	0.9395	0.02111
V498	0.36756	0.12269	0.05148	0.45828
V499	0.59605	0.24895	0.15501	0
V500	0.10832	0.13706	0.73109	0.02353
V501	0.07511	0.02491	0.11932	0.78066
V502	0.53912	0.27039	0.18555	0.00495
V503	0.24516	0.11514	0.21378	0.42593
V504	0.25823	0.66922	0.03114	0.04142
V505	0.22661	0.22767	0.26897	0.27675
V506	0.10565	0.26271	0.46737	0.16428
V507	0.60825	0.10011	0.14573	0.14592
V508	0.73901	0.16401	0.06324	0.03374
V509	0.24282	0.07151	0.52093	0.16473
V510	0.22607	0.48221	0.29172	0
V511	0.09806	0.43057	0.05268	0.4187
V512	0.30823	0.06642	0.08846	0.5369
V513	0.09606	0.61196	0.25151	0.04047
V514	0.10855	0.13975	0	0.7517
V515	0.75814	0.05845	0.06952	0.11389
V516	0.90167	0.09523	0	0.0031
V517	0.10704	0.05042	0.26461	0.57794
V518	0.93394	0.05234	0	0.01372
V519	0.05625	0.83538	0.0283	0.08006
V520	0.05847	0.00609	0.63916	0.29629
V521	0.54797	0.04097	0.39825	0.0128
V522	0.01913	0.15008	0.58896	0.24183
V523	0.36788	0.13505	0.27763	0.21944
V524	0.01841	0.73601	0.23585	0.00973
V525	0.31119	0.22865	0.01839	0.44177
V526	0.64523	0.07968	0.09357	0.18152
V527	0.23809	0.03126	0.41489	0.31575
V528	0.13342	0.83035	0.00881	0.02742
V529	0.12405	0.08864	0.23442	0.55289
V530	0.00791	0.21942	0.68857	0.0841
V531	0.03184	0.80724	0.16091	0
V532	0.22521	0.34565	0.0206	0.40854
V533	0.30216	0.35284	0.15574	0.18925
V534	0.02659	0.03805	0.71457	0.22078
V535	0.58815	0	0.00935	0.4025
V536	0.23385	0	0.393	0.37316
V537	0.57171	0.24527	0.18302	0
V538	0.48635	0.05819	0.09937	0.35609
V539	0.28258	0.42132	0.18206	0.11404
V540	0.22186	0.65747	0.10719	0.01348
V541	0.05451	0.51318	0.07943	0.35288
V542	0.23466	0.14565	0.26739	0.3523
V543	0.87309	0	0.02534	0.10157
V544	0.16961	0.11608	0.18141	0.53291
V545	0.40143	0.158	0.07342	0.36715
V546	0.07145	0.81827	0.11028	0
V547	0.04735	0.60464	0.34801	0
V548	0.1686	0.7075	0.1239	0
V549	0.3173	0.03919	0.6435	0
V550	0.61568	0.02609	0	0.35822
V551	0.20246	0.70161	0.06325	0.03267
V552	0.03102	0.54657	0.01026	0.41214
V553	0.22728	0.15665	0.61607	0
V554	0.14998	0.134	0.02585	0.69018
V555	0.11885	0.24418	0.34878	0.28818
V556	0	0.05565	0.90896	0.03539
V557	0.81788	0.0242	0.01829	0.13963
V558	0.0972	0.75496	0.05147	0.09637
V559	0.01852	0.74911	0.23236	0
V560	0.69262	0.3039	0.00348	0
V561	0	0.05188	0.92638	0.02174
V562	0.76734	0	0.14426	0.08839
V563	0.24025	0.00211	0.75765	0
V564	0.06736	0.09834	0.83094	0.00337
V565	0.14407	0.27139	0.39241	0.19212
V566	0.71056	0.09994	0	0.18949
V567	0.25501	0.44902	0.03049	0.26548
V568	0.31996	0.01359	0.06617	0.60028
V569	0.70029	0.02291	0	0.2768
V570	0.02956	0.29634	0.62763	0.04647
V571	0.81712	0.12781	0	0.05507
V572	0.44108	0.00623	0.47004	0.08264
V573	0.1451	0.21017	0	0.64474
V574	0.05273	0.73208	0.21519	0
V575	0.08959	0.12213	0.14053	0.64775
V576	0.17556	0.75334	0.0711	0
V577	0.10839	0.0708	0.22635	0.59446
V578	0.07079	0.08652	0.68506	0.15763
V579	0.02398	0.82806	0.14148	0.00648
V580	0.23383	0.02073	0.12896	0.61648
V581	0.16917	0.1255	0	0.70533
V582	0.59291	0.15389	0.0357	0.2175
V583	0.02532	0.07341	0.60299	0.29828
V584	0.50374	0.15739	0.32371	0.01516
V585	0.0541	0.03228	0.45737	0.45625
V586	0.24097	0.01868	0.66452	0.07582
V587	0.26653	0.02005	0.69852	0.0149
V588	0.64589	0.04361	0.03011	0.28039
V589	0.08237	0.76946	0.10301	0.04516
V590	0.0594	0.70737	0.23323	0
V591	0.05198	0.07132	0.22707	0.64964
V592	0.15222	0.0485	0.79928	0
V593	0.59108	0	0.20182	0.2071
V594	0.33548	0.28516	0.35932	0.02004
V595	0.13936	0.07756	0.03995	0.74313
V596	0.07249	0.30259	0.24087	0.38404
V597	0	0.56387	0.37608	0.06005
V598	0.02028	0.13742	0.83676	0.00554
V599	0.62342	0.30922	0.05696	0.0104
V600	0.37279	0.46294	0.06853	0.09573
V601	0.21243	0.29438	0.08481	0.40838
V602	0.14703	0.08566	0.0204	0.74691
V603	0.06724	0.39025	0.0134	0.52911
V604	0.50074	0.12036	0.37152	0.00738
V605	0.08325	0.33597	0.41785	0.16293
V606	0.72513	0.15698	0.01524	0.10265
V607	0.65803	0	0.13265	0.20932
V608	0.23679	0.17281	0.39896	0.19144
V609	0.06555	0.26019	0.25223	0.42203
V610	0.75724	0.00703	0.12171	0.11402
V611	0.35792	0.01162	0.06197	0.56849
V612	0.02818	0.11546	0.80097	0.05538
V613	0.04234	0.33305	0.60725	0.01737
V614	0.75096	0.05938	0.06776	0.1219
V615	0.23236	0.09367	0	0.67398
V616	0.10876	0.68011	0.069	0.14213
V617	0.45086	0.15491	0.39423	0
V618	0.74224	0	0	0.25776
V619	0.39978	0.03172	0.33946	0.22903
V620	0.01335	0.61901	0.36765	0
V621	0.43597	0.16175	0.19432	0.20796
V622	0.35303	0.22465	0.41929	0.00303
V623	0.08834	0.10778	0.16235	0.64153
V624	0.79528	0.19471	0	0.01
V625	0.28414	0.48123	0.12106	0.11357
V626	0.93061	0.0393	0	0.03009
V627	0.06742	0.06918	0.11529	0.74811
V628	0.05823	0.26436	0.01944	0.65797
V629	0.15193	0.30192	0.29736	0.24879
V630	0.04249	0.33511	0.59622	0.02618
V631	0.07732	0.22492	0.11608	0.58167
V632	0.59854	0	0.14895	0.25251
V633	0	0.06289	0.83368	0.10343
V634	0.38301	0.25345	0.36354	0
V635	0.06276	0.74249	0.01711	0.17764
V636	0.13463	0.12193	0.64171	0.10174
V637	0.34339	0.21277	0.09433	0.34951
V638	0.40142	0.26745	0.07632	0.25481
V639	0.26295	0.39984	0.33721	0
V640	0.03917	0.1724	0.75402	0.03441
V641	0.86045	0.03558	0.04773	0.05624
V642	0.76553	0.17424	0	0.06023
V643	0.02595	0.20841	0.46666	0.29898
V644	0.88873	0.08031	0.0168	0.01416
V645	0.26526	0.39325	0.34149	0
V646	0.04214	0.90707	0.04786	0.00293
V647	0.15228	0.10366	0.70353	0.04052
V648	0.41441	0.41435	0.16901	0.00223
V649	0.03006	0.08933	0.83179	0.04882
V650	0.0642	0.11382	0.76914	0.05284
V651	0.30226	0	0.69774	0
V652	0.12276	0.111	0.44956	0.31668
V653	0.14695	0.63477	0.13226	0.08601
V654	0.68517	0.19513	0.08073	0.03897
V655	0.0826	0.56904	0.02723	0.32112
V656	0.26492	0.29158	0	0.44351
V657	0.12196	0.13953	0.00319	0.73531
V658	0.59755	0.21125	0.07403	0.11717
V659	0.33867	0.09533	0.3842	0.1818
V660	0.06481	0.91381	0.00841	0.01297
V661	0.10599	0.42986	0.06308	0.40106
V662	0.4099	0.01586	0.49214	0.0821
V663	0.24535	0.08475	0.57799	0.0919
V664	0.20525	0.0804	0.68406	0.0303
V665	0.68107	0.18643	0.05693	0.07556
V666	0.60363	0	0.10861	0.28776
V667	0.74242	0.05736	0.20022	0
V668	0.13435	0.74001	0.12565	0
V669	0.24267	0.40168	0.27869	0.07696
V670	0.11426	0.86908	0.01189	0.00477
V671	0.36305	0.28332	0.28451	0.06912
V672	0.02439	0.05267	0.88824	0.03471
V673	0.24745	0.36417	0.25547	0.13291
V674	0.71601	0.14736	0.0254	0.11124
V675	0.15571	0.33013	0.34235	0.17181
V676	0.09961	0.14873	0.11926	0.6324
V677	0.39406	0.39369	0.11739	0.09486
V678	0.51607	0.44538	0.03855	0
V679	0.05074	0.30982	0.63944	0
V680	0.31395	0.5133	0.17275	0
V681	0.87221	0.06848	0.02649	0.03282
V682	0.12086	0.29971	0.56507	0.01436
V683	0.0391	0.89626	0.06464	0
V684	0.68258	0.15573	0.12158	0.04011
V685	0.49041	0.33243	0.15394	0.02321
V686	0.14889	0.20855	0.1596	0.48296
V687	0.14622	0.05368	0.05294	0.74717
V688	0.39716	0.49937	0	0.10347
V689	0.33334	0	0.05826	0.6084
V690	0.45996	0.04483	0.44834	0.04686
V691	0.15941	0.00151	0.83908	0
V692	0.08638	0.1569	0.70745	0.04926
V693	0.25332	0.12109	0.3863	0.23929
V694	0.06646	0.05475	0.30597	0.57282
V695	0.30376	0.01106	0.17207	0.51311
V696	0.17509	0.13387	0.00873	0.68231
V697	0.10782	0.12785	0.01505	0.74928
V698	0.82397	0	0.02074	0.15529
V699	0.56161	0.28121	0.08568	0.0715
V700	0.31759	0.04799	0	0.63442
V701	0.14246	0.51538	0.13303	0.20913
V702	0.57325	0.0896	0.00063	0.33651
V703	0.16315	0.06838	0.49975	0.26872
V704	0.81047	0.04207	0.04027	0.10719
V705	0.92241	0	0.03357	0.04403
V706	0.08878	0.07093	0.7702	0.07009
V707	0.04478	0.41852	0.52124	0.01546
V708	0.06429	0.82755	0.05267	0.05549
V709	0.14409	0.26934	0.53461	0.05196
V710	0.59934	0.21157	0.06251	0.12659
V711	0.11323	0.74328	0.13538	0.00812
V712	0.81663	0.05312	0.00685	0.1234
V713	0.45247	0.30133	0.03927	0.20693
V714	0.04092	0.65685	0.03779	0.26444
V715	0.30482	0.32749	0.32871	0.03898
V716	0.13306	0.08644	0.06388	0.71661
V717	0.11385	0.87323	0.01292	0
V718	0.16625	0.53469	0.21291	0.08615
V719	0.08901	0.68341	0.05826	0.16932
V720	0.6877	0	0.2555	0.0568
V721	0.14338	0.18025	0.48357	0.1928
V722	0.15306	0.36172	0.0021	0.48312
V723	0.20609	0.12626	0	0.66765
V724	0.59409	0.02241	0.10191	0.28159
V725	0	0.11984	0.85394	0.02622
V726	0.07721	0.39353	0.13674	0.39251
V727	0.2735	0.60172	0.12478	0
V728	0.0471	0.81119	0.14171	0
V729	0.44242	0.00896	0.18071	0.3679
V730	0.86563	0.02503	0.07454	0.0348
V731	0.05117	0.21992	0.41086	0.31805
V732	0.36102	0.0835	0.37343	0.18205
V733	0.64126	0.18953	0.04214	0.12708
V734	0.23205	0.2933	0.47465	0
V735	0.05465	0.05123	0.49264	0.40148
V736	0.25516	0.03624	0.009	0.6996
V737	0.33588	0.28853	0.26082	0.11477
V738	0.0904	0.33173	0.47035	0.10752
V739	0.00088	0.04018	0.62894	0.32999
V740	0.81648	0.08091	0.10033	0.00228
V741	0.49721	0.10727	0.14086	0.25466
V742	0.40589	0.55296	0.04114	0
V743	0.14158	0.15555	0.70287	0
V744	0.51159	0.03705	0.36038	0.09098
V745	0.03134	0.66149	0.21984	0.08733
V746	0.96327	0	0	0.03673
V747	0.07632	0.00316	0.7349	0.18561
V748	0.13855	0.12071	0.59414	0.1466
V749	0.3301	0.19596	0.05101	0.42293
V750	0.42899	0.44689	0.02997	0.09415
V751	0.07425	0.81405	0.07347	0.03823
V752	0.46285	0.2308	0.15338	0.15297
V753	0.15095	0.08962	0	0.75942
V754	0.03942	0.89937	0.01273	0.04849
V755	0.17525	0.20911	0.35697	0.25867
V756	0.12967	0.04546	0.085	0.73987
V757	0.35068	0.55109	0.09402	0.00421
V758	0.06575	0.71774	0.16312	0.05339
V759	0.16142	0.07664	0.41663	0.34531
V760	0.32099	0.06641	0.29841	0.31418
V761	0.08227	0.54796	0.31025	0.05952
V762	0.04147	0.40391	0.02021	0.53441
V763	0.40879	0.35539	0.02899	0.20682
V764	0.03455	0.88095	0.03624	0.04826
V765	0.68317	0.08285	0	0.23397
V766	0.02912	0.32872	0.45974	0.18241
V767	0.47634	0.12704	0.27036	0.12626
V768	0.0897	0.84714	0.05628	0.00688
V769	0.16605	0.76903	0.06492	0
V770	0.04214	0.90707	0.04786	0.00293
V771	0.17025	0.03144	0.79615	0.00216
V772	0.13606	0.06147	0.80247	0
V773	0.18823	0.78042	0.03135	0
V774	0.02926	0.01231	0.92247	0.03596
V775	0.16993	0.06074	0.29473	0.4746
V776	0.4372	0.40617	0.07032	0.08631
V777	0.23138	0.14121	0.14755	0.47987
V778	0.5346	0.27414	0.08421	0.10704
V779	0.19391	0.05357	0.51194	0.24058
V780	0.12125	0.70588	0.17287	0
V781	0.15665	0.07771	0.04348	0.72216
V782	0.00532	0.14514	0.79472	0.05482
V783	0.78118	0.00668	0.07237	0.13977
V784	0.13491	0.8174	0.04769	0
V785	0.07053	0.87406	0.04455	0.01087
V786	0.70079	0.15567	0.11241	0.03113
V787	0	0.78883	0.21117	0
V788	0.50052	0.29347	0.18321	0.0228
V789	0.12716	0.38107	0.02596	0.46581
V790	0.48911	0.02934	0.08942	0.39213
V791	0.15202	0.36963	0.35366	0.12469
V792	0.17694	0.53653	0.00232	0.28421
V793	0.15434	0.63082	0.05387	0.16098
V794	0.05319	0.104	0.78125	0.06155
V795	0.19993	0.07559	0.06905	0.65542
V796	0.0316	0.10813	0.84237	0.01791
V797	0.7391	0	0.2599	0.001
V798	0.61155	0.2832	0.10526	0
V799	0.16058	0.73323	0.05457	0.05162
V800	0.10259	0.04225	0.5292	0.32596
V801	0.17363	0.13844	0.34358	0.34436
V802	0.09087	0.10775	0.28893	0.51245
V803	0.22137	0.47881	0.29982	0
V804	0.5134	0.00954	0.41995	0.05711
V805	0.03698	0.0121	0.95092	0
V806	0.07889	0.85474	0.04261	0.02377
V807	0.31575	0.18004	0.02697	0.47724
V808	0.65458	0.26189	0.06358	0.01995
V809	0.05002	0.06652	0.88346	0
V810	0.0487	0.93401	0.01319	0.0041
V811	0.43987	0.0786	0.22512	0.25641
V812	0.54862	0.26402	0.06225	0.12511
V813	0.57874	0.19184	0.22293	0.00649
V814	0.4335	0.49264	0.07385	0
V815	0.00053	0.86704	0.13243	0
V816	0.90742	0	0.09258	0
V817	0.0346	0.10195	0.85469	0.00876
V818	0.07033	0.11621	0.06391	0.74955
V819	0.80431	0.0796	0.07515	0.04093
V820	0.21842	0.1416	0.0097	0.63028
V821	0.22476	0.31166	0.41382	0.04977
V822	0.07766	0.04599	0.8569	0.01944
V823	0.02839	0.20985	0.68703	0.07473
V824	0.08644	0.35519	0.55837	0
V825	0.24102	0.29553	0.27261	0.19084
V826	0.42584	0.38717	0.18699	0
V827	0.39429	0.56434	0.03404	0.00733
V828	0.27151	0.18909	0.11503	0.42436
V829	0.10649	0.27635	0.0369	0.58026
V830	0.27818	0.25245	0.01737	0.452
V831	0.76016	0.08913	0.04567	0.10504
V832	0.28341	0.39152	0.19206	0.13301
V833	0.1694	0.48874	0.20904	0.13281
V834	0.34624	0.09356	0.08405	0.47615
V835	0.36687	0.43143	0.14421	0.05749
V836	0.04872	0.66645	0.01187	0.27296
V837	0.24035	0.37486	0.21364	0.17115
V838	0.89454	0.04357	0.05814	0.00375
V839	0.3046	0.56119	0.13422	0
V840	0.30142	0.6625	0.03607	0
V841	0	0.07489	0.87437	0.05074
V842	0.36317	0.17586	0.27985	0.18112
V843	0.02391	0.05159	0.85883	0.06566
V844	0.15051	0.11072	0.39398	0.34479
V845	0.07451	0.12968	0.74385	0.05196
V846	0	0.04084	0.7751	0.18406
V847	0.07796	0.02472	0.10614	0.79118
V848	0.11452	0.49586	0.1984	0.19122
V849	0	0.91651	0.05079	0.0327
V850	0.92606	0	0.04073	0.03321
V851	0.33032	0.48665	0.18303	0
V852	0.18214	0.0781	0.14318	0.59658
V853	0.25082	0.23193	0.42084	0.09641
V854	0.58527	0.1721	0.1249	0.11773
V855	0.07796	0.02472	0.10614	0.79118
V856	0.06536	0.35892	0.3742	0.20152
V857	0.6677	0.17741	0.04445	0.11043
V858	0.53406	0.0075	0.45844	0
V859	0.65451	0.23526	0.02756	0.08268
V860	0.25599	0.14395	0.05359	0.54648
V861	0.09382	0.3433	0.56288	0
V862	0.14081	0.106	0.72106	0.03214
V863	0.28269	0.08486	0	0.63244
V864	0.16586	0.07508	0.06697	0.69208
V865	0.17663	0.01984	0.28633	0.5172
V866	0.70362	0.00731	0.28734	0.00173
V867	0.69896	0.01737	0.28367	0
V868	0.504	0.27296	0.16207	0.06097
V869	0.05619	0.90285	0.04096	0
V870	0.16196	0.35974	0.01353	0.46476
V871	0	0.91651	0.05079	0.0327
V872	0.07599	0.04795	0.26361	0.61245
V873	0.85366	0.02376	0.08199	0.0406
V874	0.20751	0.72942	0.06307	0
V875	0.06503	0.22155	0.21825	0.49517
V876	0.16914	0.32549	0.43609	0.06928
V877	0.06649	0.39916	0.32336	0.21099
V878	0.14572	0.74703	0.10725	0
V879	0.21382	0.65516	0.07099	0.06002
V880	0.33261	0.53342	0.01126	0.1227
V881	0.16214	0.05896	0.61305	0.16585
V882	0.78177	0	0.14714	0.07109
V883	0.26809	0.19401	0.5379	0
V884	0.09134	0.29799	0	0.61067
V885	0.69032	0.19627	0.1134	0
V886	0.02514	0.36709	0.49101	0.11676
V887	0.62458	0.05962	0.18718	0.12862
V888	0.11062	0.06655	0.74537	0.07746
V889	0.88119	0.05022	0.04119	0.0274
V890	0.04475	0.16784	0.62988	0.15753
V891	0.60565	0.04785	0.31566	0.03085
V892	0.33505	0.20563	0	0.45932
V893	0.56355	0.21251	0.1799	0.04403
V894	0.0759	0.31391	0.59446	0.01573
V895	0.58254	0.06164	0.22736	0.12846
V896	0.07164	0.88289	0.03431	0.01116
V897	0.69038	0.25125	0.01064	0.04774
V898	0.51245	0	0.00441	0.48314
V899	0.0829	0.22306	0.15547	0.53857
V900	0.09911	0.30473	0.38493	0.21122
V901	0.06798	0.80363	0.02363	0.10477
V902	0.07414	0.83269	0.09316	0
V903	0.01023	0.41255	0.55202	0.02519
V904	0.06186	0.93085	0.00729	0
V905	0.22427	0	0.19972	0.57601
V906	0.43051	0.10143	0.11899	0.34907
V907	0.44135	0.49028	0.03612	0.03226
V908	0.09174	0.09637	0.09573	0.71616
V909	0.16414	0.77747	0.00761	0.05078
V910	0.24543	0	0.14293	0.61164
V911	0.51784	0.37924	0.05163	0.05128
V912	0.39711	0.32567	0.14392	0.1333
V913	0.23839	0	0.03442	0.72719
V914	0.19328	0.46993	0.32621	0.01058
V915	0.31412	0	0.0234	0.66248
V916	0.24852	0.0685	0.65317	0.02981
V917	0.69466	0.01839	0.20003	0.08692
V918	0.06119	0.59945	0.27001	0.06935
V919	0.21885	0.24543	0.3159	0.21982
V920	0.60138	0.19996	0.11721	0.08145
V921	0.10818	0.20614	0.03112	0.65456
V922	0.11248	0.44635	0.41897	0.02219
V923	0.18498	0.0482	0.06492	0.7019
V924	0.05071	0.63128	0.31278	0.00523
V925	0.27062	0.06404	0.01019	0.65515
V926	0.2852	0.04345	0.03615	0.6352
V927	0.114	0.08501	0.0799	0.72109
V928	0.07752	0.84512	0.02994	0.04742
V929	0.07959	0.61535	0.16213	0.14293
V930	0.51101	0.36211	0.04876	0.07812
V931	0.14389	0.27769	0.52686	0.05156
V932	0.04973	0.1394	0.61691	0.19396
V933	0.59556	0.37133	0.03311	0
V934	0.04922	0.18009	0.29296	0.47773
V935	0.5413	0.16427	0.24066	0.05377
V936	0.53458	0.27481	0.01944	0.17117
V937	0.54681	0.13509	0.09997	0.21812
V938	0.3896	0.05144	0.33057	0.2284
V939	0.74587	0.00711	0.09953	0.14749
V940	0.04295	0.74443	0.19409	0.01853
V941	0	0.01737	0.95729	0.02534
V942	0.719	0.18411	0.09394	0.00295
V943	0.38533	0.13438	0.44571	0.03457
V944	0.07579	0.29586	0.07165	0.5567
V945	0.56371	0.34778	0.01876	0.06975
V946	0.44333	0.25695	0.28685	0.01286
V947	0.14504	0.07673	0.24306	0.53517
V948	0.33097	0.03644	0.62835	0.00424
V949	0.04326	0.14848	0.22269	0.58557
V950	0.07682	0.51859	0.24219	0.16241
V951	0.80017	0.00625	0.19358	0
V952	0.11691	0.15779	0.27679	0.4485
V953	0.0198	0.08324	0.86532	0.03164
V954	0.09508	0.21275	0.15442	0.53775
V955	0.1591	0.58578	0.03761	0.2175
V956	0.07276	0.04844	0.52468	0.35412
V957	0.39617	0.02613	0	0.57769
V958	0.20417	0.00096	0.00843	0.78644
V959	0.23471	0.26243	0.45251	0.05036
V960	0.27532	0.28912	0.08475	0.3508
V961	0.14915	0.37741	0.37666	0.09678
V962	0.35658	0.17637	0.41586	0.05119
V963	0.57578	0.17284	0.1883	0.06308
V964	0.80821	0.02144	0.13606	0.03428
V965	0.08096	0.49041	0.21833	0.2103
V966	0.92093	0.02144	0.02481	0.03282
V967	0.08876	0.06575	0.5394	0.30609
V968	0	0.17457	0.77444	0.05099
V969	0.06785	0.31542	0.0426	0.57413
V970	0.06618	0.14704	0.43995	0.34683
V971	0.48562	0.08962	0.3609	0.06387
V972	0.51843	0.20972	0.05428	0.21758
V973	0.29308	0.41496	0.09393	0.19802
V974	0.0215	0.74385	0.17248	0.06217
V975	0.10089	0.28385	0.61526	0
V976	0.44442	0.25182	0.13299	0.17077
V977	0.30918	0.33312	0.3577	0
V978	0.14752	0.1322	0.07312	0.64716
V979	0.77375	0.00661	0.21964	0
V980	0.96327	0	0	0.03673
V981	0.34473	0.03578	0.45563	0.16386
V982	0.44589	0.38691	0.09905	0.06816
V983	0.71325	0.06092	0	0.22583
V984	0.03301	0.7855	0.15979	0.0217
V985	0.15167	0.22522	0	0.62311
V986	0.33922	0.50544	0.06994	0.0854
V987	0.2661	0.72392	0.00998	0
V988	0.30013	0.03785	0.01429	0.64773
V989	0.44366	0.4466	0.10974	0
V990	0	0.07986	0.80002	0.12012
V991	0.65119	0.34881	0	0
V992	0.22426	0.01472	0.53897	0.22205
V993	0.08656	0.67793	0.21137	0.02413
V994	0.20584	0.73099	0.06317	0
V995	0.72592	0.10915	0.04379	0.12114
V996	0.33147	0.14872	0	0.51981
V997	0.02773	0.03672	0.83012	0.10543
V998	0.8442	0.00084	0.09979	0.05517
V999	0.14909	0.84201	0.0089	0
V1000	0.37782	0.03529	0	0.58689
