B_cells	NK_cells	T_cells_CD4.	Monocytes
V1	0.58705	0.04521	0.13186	0.23588
V2	0.23781	0.15129	0	0.6109
V3	0.09402	0.64215	0	0.26382
V4	0.86297	0.12897	0	0.00806
V5	0.13244	0.51002	0.2373	0.12023
V6	0.11106	0.87864	0.0087	0.0016
V7	0.19835	0.41229	0.03596	0.35339
V8	0.13521	0.05822	0.79623	0.01034
V9	0.29589	0.27955	0	0.42456
V10	0.01946	0.06181	0.88331	0.03543
V11	0.20629	0.38047	0.41324	0
V12	0.03015	0.60274	0.36712	0
V13	0.29185	0.70815	0	0
V14	0.09739	0.90261	0	0
V15	0.15055	0.62821	0.10058	0.12066
V16	0.89367	0.07601	0	0.03031
V17	0.1215	0.87781	0	0.00069
V18	0.59565	0.38834	0.00412	0.0119
V19	0.18465	0.81535	0	0
V20	0.20804	0.48928	0	0.30268
V21	0.13473	0.10994	0.74726	0.00806
V22	0.08349	0.16063	0.16633	0.58955
V23	0.37329	0.08485	0.54185	0
V24	0.92769	0.07231	0	0
V25	0.3819	0.28869	0.08405	0.24535
V26	0.42337	0.41052	0	0.1661
V27	0.20034	0.10896	0	0.6907
V28	0	0.10549	0.89451	0
V29	0.4437	0.07276	0.47985	0.0037
V30	0.14098	0.2734	0.24222	0.3434
V31	0.2376	0.2457	0.26122	0.25549
V32	0.19571	0.08788	0	0.71642
V33	0.05775	0.53161	0.3479	0.06275
V34	0.13442	0.0896	0.76648	0.0095
V35	0.19064	0.73807	0.07129	0
V36	0.04193	0.10012	0.44836	0.40959
V37	0.58233	0.11558	0.04761	0.25448
V38	0.48172	0.0285	0.13865	0.35113
V39	0.19536	0.59436	0.10838	0.10189
V40	0.11527	0.81297	0.07176	0
V41	0.03735	0.71755	0.01786	0.22724
V42	0.28871	0.08088	0.16804	0.46237
V43	0.13861	0.37735	0.48404	0
V44	0.01842	0.13431	0.71577	0.1315
V45	0.11958	0.61581	0.21063	0.05398
V46	0.79539	0.1123	0.09231	0
V47	0.45795	0.23372	0.29258	0.01575
V48	0.80963	0.18665	0	0.00372
V49	0.74407	0.19632	0	0.05962
V50	0.08778	0.82819	0.08402	0
V51	0.32572	0.43321	0.24107	0
V52	0.02295	0.16753	0.79585	0.01366
V53	0.72349	0.15459	0.12192	0
V54	0.42511	0.23311	0.34179	0
V55	0.26272	0.18406	0.2018	0.35142
V56	0.15037	0.08139	0.05674	0.7115
V57	0.12881	0.86323	0.00796	0
V58	0.6827	0.03688	0	0.28042
V59	0.4568	0.44797	0.07895	0.01627
V60	0.17317	0.20926	0.29387	0.3237
V61	0.80828	0.12488	0	0.06684
V62	0.87755	0.08032	0.03785	0.00428
V63	0.03404	0.83867	0.12729	0
V64	0.0327	0.86543	0	0.10187
V65	0.11617	0.05713	0.08949	0.73721
V66	0.24926	0.71374	0	0.037
V67	0.15345	0.35916	0.48739	0
V68	0.23343	0.18826	0	0.57832
V69	0.02511	0.35683	0.60039	0.01767
V70	0.55784	0.19688	0.15065	0.09463
V71	0.20718	0.12385	0.34536	0.3236
V72	0.60028	0.2047	0.05274	0.14227
V73	0.18014	0.64055	0.12553	0.05378
V74	0.04605	0.25689	0.69706	0
V75	0.72565	0.02615	0.1744	0.0738
V76	0.04644	0.24388	0.1506	0.55908
V77	0.10126	0.32258	0	0.57616
V78	0.35469	0.16725	0.14623	0.33183
V79	0	0.15901	0.77855	0.06243
V80	0.36393	0.06514	0.51513	0.05581
V81	0.05148	0.2071	0.74142	0
V82	0	0.12647	0.87353	0
V83	0.21185	0.24384	0.01789	0.52642
V84	0.44644	0.09093	0.12157	0.34106
V85	0.12796	0.36262	0.37999	0.12944
V86	0.04867	0.10585	0.8201	0.02537
V87	0.0614	0.8453	0.0503	0.04301
V88	0.22379	0.11327	0.23535	0.42759
V89	0.10362	0.08082	0.16777	0.64779
V90	0.05167	0.88795	0.06038	0
V91	0.05223	0.75287	0.19279	0.00211
V92	0.47495	0.06504	0.35693	0.10308
V93	0.88875	0.02391	0	0.08734
V94	0.06695	0.48749	0	0.44556
V95	0.28679	0.47194	0.13096	0.11031
V96	0.16729	0.16257	0	0.67014
V97	0.67881	0.14063	0.18056	0
V98	0.69926	0.30074	0	0
V99	0.79421	0.08582	0.11998	0
V100	0.08138	0.08295	0.82853	0.00714
V101	0.1272	0.11587	0	0.75693
V102	0.91041	0.07877	0	0.01082
V103	0.09949	0.12648	0.06244	0.7116
V104	0.06335	0.93665	0	0
V105	0.08961	0.90671	0.00368	0
V106	0.13592	0.54368	0.3161	0.00431
V107	0.19625	0.24939	0.53952	0.01485
V108	0.16445	0.74956	0.08599	0
V109	0.0229	0.22006	0.56833	0.1887
V110	0.08744	0.87469	0.03543	0.00244
V111	0.91719	0.02848	0.05433	0
V112	0.17034	0.11817	0.3975	0.31399
V113	0.25303	0.16538	0.13636	0.44523
V114	0.32689	0.10329	0.0304	0.53942
V115	0.01323	0.75572	0.23104	0
V116	0.16362	0.35938	0.34775	0.12926
V117	0.69486	0.29054	0	0.0146
V118	0.20484	0.61648	0	0.17868
V119	0.21199	0.14885	0	0.63915
V120	0.0796	0.12674	0.79366	0
V121	0.62316	0.17393	0.05068	0.15224
V122	0.93491	0.0389	0	0.02619
V123	0.05046	0.5688	0.0077	0.37304
V124	0.67391	0.2963	0	0.02979
V125	0.40147	0.44587	0.15266	0
V126	0.12608	0.22706	0.00043	0.64643
V127	0.22711	0.1035	0.22304	0.44635
V128	0.1315	0.0821	0.08271	0.70369
V129	0.58951	0.27549	0.135	0
V130	0.0091	0.66439	0.32651	0
V131	0.05144	0.89764	0	0.05093
V132	0.92517	0.04454	0	0.03028
V133	0.90585	0.05933	0.02288	0.01194
V134	0.15454	0.44446	0.09566	0.30534
V135	0.16507	0.08347	0.1428	0.60866
V136	0.28465	0.42379	0	0.29156
V137	0.6598	0.07637	0.22039	0.04344
V138	0.24359	0.4459	0.15193	0.15858
V139	0.38427	0.2552	0.16331	0.19722
V140	0.12555	0.17753	0.007	0.68992
V141	0.08224	0.2154	0.51431	0.18805
V142	0.78909	0.02939	0.18152	0
V143	0.47007	0.31421	0.01854	0.19718
V144	0.22823	0.21736	0.12696	0.42745
V145	0	0.7685	0.2315	0
V146	0.18464	0.0818	0	0.73356
V147	0.90155	0.05738	0	0.04107
V148	0.15089	0.13028	0.55027	0.16856
V149	0.27036	0.52786	0.20178	0
V150	0.09502	0.29436	0.56581	0.04481
V151	0.24571	0.6619	7e-04	0.0917
V152	0.25671	0.48073	0.20034	0.06222
V153	0.14194	0.77404	0	0.08402
V154	0.25811	0.48492	0.25697	0
V155	0.48595	0.19206	0.2568	0.06519
V156	0.03777	0.20152	0.66657	0.09414
V157	0.33236	0.20945	0.2805	0.1777
V158	0.14473	0.06279	0.0263	0.76618
V159	0.87776	0.08236	0	0.03988
V160	0.73066	0.04133	0.02001	0.208
V161	0.30779	0.05459	0	0.63762
V162	0.12937	0.36588	0.03807	0.46668
V163	0.12985	0.5341	0.148	0.18805
V164	0.37827	0.36036	0.06423	0.19714
V165	0.0763	0.30138	0	0.62233
V166	0.09467	0.18654	0.03061	0.68818
V167	0.42553	0.0085	0	0.56596
V168	0.31525	0.60233	0.05705	0.02537
V169	0.27961	0.11193	0	0.60846
V170	0.14137	0.07961	0.49441	0.28462
V171	0.13851	0.29188	0.56404	0.00557
V172	0.71952	0.02873	0.25175	0
V173	0.11431	0.2254	0	0.66029
V174	0.09434	0.24657	0.0306	0.6285
V175	0.07628	0.05801	0.77066	0.09506
V176	0.01693	0.81031	0.17277	0
V177	0.03608	0.95675	0	0.00717
V178	0.03582	0.78739	0	0.17679
V179	0.21267	0.06307	0.3529	0.37136
V180	0.04468	0.87379	0.08153	0
V181	0.18196	0.18914	0.50812	0.12079
V182	0.31109	0.23271	0.43188	0.02432
V183	0.20138	0.79862	0	0
V184	0.97118	0.02882	0	0
V185	0.57785	0.42215	0	0
V186	0.14194	0.51883	0.24823	0.09101
V187	0.93799	0.05255	0.00118	0.00828
V188	0.12563	0.26792	0	0.60645
V189	0.82793	0.0439	0	0.12817
V190	0.65405	0.05324	0.29271	0
V191	0.19564	0.26005	0.53963	0.00468
V192	0.34089	0.51156	0.0082	0.13935
V193	0.61783	0.07556	0.20964	0.09696
V194	0.07001	0.9219	0	0.00809
V195	0.01141	0.09713	0.88582	0.00564
V196	0.10341	0.15835	0	0.73824
V197	0.47084	0.08256	0	0.4466
V198	0.07895	0.53844	0.35839	0.02421
V199	0.24267	0.08613	0.13783	0.53337
V200	0.16924	0.59529	0	0.23547
V201	0.12309	0.58998	0.17571	0.11121
V202	0.02619	0.08497	0.74902	0.13982
V203	0.1722	0.45615	0.37165	0
V204	0.04951	0.56355	0	0.38694
V205	0.01588	0.12409	0.85475	0.00528
V206	0.04374	0.15511	0.80115	0
V207	0.21143	0.2621	0	0.52647
V208	0.24771	0.11794	0.63435	0
V209	0.33725	0.51044	0.03212	0.12018
V210	0.11387	0.77779	0.08714	0.0212
V211	0.48569	0.04941	0	0.46491
V212	0.5063	0.08908	0.40461	0
V213	0.66729	0.07259	0.07049	0.18964
V214	0.37272	0.21767	0.12591	0.2837
V215	0.35714	0.13313	0	0.50972
V216	0.17923	0.05281	0.01029	0.75768
V217	0.06763	0.53721	0.21674	0.17841
V218	0.13285	0.49606	0.14398	0.22711
V219	0.14284	0.66055	0	0.19661
V220	0.03399	0.84456	0	0.12145
V221	0.82362	0.01666	0	0.15972
V222	0.33696	0.18797	0.33546	0.13961
V223	0.00088	0.20679	0.74103	0.05129
V224	0.96268	0.02791	0.00941	0
V225	0.08132	0.86194	0.05674	0
V226	0.30329	0.13319	0.56352	0
V227	0.79527	0.02979	0.17494	0
V228	0.78514	0.11249	0.02635	0.07602
V229	0.01862	0.08808	0.87468	0.01863
V230	0.12403	0.12198	0	0.75399
V231	0.07257	0.35039	0.07258	0.50446
V232	0.07845	0.66982	0	0.25173
V233	0.5812	0.13701	0.1678	0.11399
V234	0.0679	0.90176	0.03033	0
V235	0.37931	0.11505	0.5052	0.00044
V236	0.04862	0.13473	0.76331	0.05333
V237	0.2665	0.06193	0	0.67157
V238	0.15015	0.58234	0.25332	0.01419
V239	0.1201	0.44377	0	0.43613
V240	0.49302	0.08806	0.39744	0.02147
V241	0.01885	0.06463	0.8679	0.04862
V242	0.15117	0.76156	0.08727	0
V243	0.25036	0.09847	0.60332	0.04785
V244	0.21858	0.05281	0.67166	0.05696
V245	0.61856	0.33902	0.01132	0.03109
V246	0.05618	0.21239	0.73142	0
V247	0.15307	0.07873	0.76821	0
V248	0.12872	0.12199	0.01701	0.73228
V249	0	0.11106	0.84331	0.04564
V250	0.76704	0.02933	0.20363	0
V251	0.92367	0.07521	0	0.00112
V252	0.01761	0.82716	0.15524	0
V253	0.41292	0.12149	0.12421	0.34138
V254	0.02782	0.91535	0.05682	0
V255	0.07492	0.90469	0	0.02039
V256	0.18853	0.26853	0.48977	0.05317
V257	0.44982	0.15113	0.20146	0.19759
V258	0.19393	0.31726	0.39802	0.09079
V259	0.03622	0.34718	0.60865	0.00795
V260	0	0.32331	0.67669	0
V261	0.63414	0.07453	0.16632	0.12501
V262	0.19703	0.11794	0	0.68503
V263	0.04575	0.94224	0	0.012
V264	0.20346	0.09474	0.39752	0.30427
V265	0.12906	0.06012	0.11553	0.6953
V266	0.6498	0.3502	0	0
V267	0.02767	0.25036	0.26084	0.46112
V268	0.44097	0.07024	0.10144	0.38734
V269	0.01049	0.58991	0.38359	0.01601
V270	0.65296	0.06687	0.21882	0.06135
V271	0.81009	0.10392	0	0.08599
V272	0.08675	0.8365	0	0.07676
V273	0.1754	0.09957	0.00219	0.72284
V274	0.72071	0.0276	0.16174	0.08995
V275	0	0.09974	0.89403	0.00623
V276	0.52413	0.35635	0	0.11952
V277	0.09464	0.27878	0.12262	0.50396
V278	0.09647	0.12656	0.25644	0.52053
V279	0.70628	0.10103	0.07501	0.11768
V280	0.14473	0.06279	0.0263	0.76618
V281	0.57889	0.07366	0.10177	0.24567
V282	0.05947	0.13546	0.76849	0.03659
V283	0.2455	0.61402	0.02975	0.11074
V284	0.05012	0.88623	0.06365	0
V285	0.06733	0.05954	0.87313	0
V286	0.27308	0.57865	0.08536	0.06291
V287	0.13116	0.86884	0	0
V288	0.03133	0.33804	0.40433	0.2263
V289	0.2921	0.2727	0.39252	0.04268
V290	0.82235	0.17765	0	0
V291	0.48015	0.1159	0.40394	0
V292	0.92559	0.01885	0	0.05556
V293	0.3005	0.07066	0.61697	0.01187
V294	0.13855	0.39094	0	0.4705
V295	0.07376	0.24895	0.15559	0.5217
V296	0.18611	0.18048	0.57796	0.05545
V297	0.18885	0.05682	0.04783	0.7065
V298	0.29301	0.15211	0.55488	0
V299	0.13276	0.31598	0	0.55126
V300	0.05699	0.10739	0.20281	0.6328
V301	0.1313	0.17381	0.611	0.0839
V302	0.65929	0.34071	0	0
V303	0	0.62658	0.37342	0
V304	0.06731	0.08875	0.7124	0.13154
V305	0.14495	0.22087	0.42732	0.20686
V306	0.81353	0.14212	0.00986	0.03448
V307	0.0495	0.93643	0.00998	0.00409
V308	0.25409	0.28494	0.2641	0.19687
V309	0.36944	0.34907	0	0.28149
V310	0.12642	0.37714	0.11379	0.38265
V311	0.52386	0.47614	0	0
V312	0.11847	0.7435	0.13803	0
V313	0.07255	0.1995	0	0.72796
V314	0.05335	0.53289	0.07923	0.33453
V315	0.16023	0.66121	3e-05	0.17853
V316	0.32415	0.18889	0.35657	0.13038
V317	0.12265	0.72593	0.02018	0.13124
V318	0.07906	0.58045	0	0.34049
V319	0.0594	0.12715	0.7996	0.01385
V320	0.08527	0.20693	0.61399	0.0938
V321	0.6396	0.3604	0	0
V322	0.24623	0.37946	0.02189	0.35242
V323	0.15568	0.0923	0.05884	0.69318
V324	0.67014	0.2957	0.03416	0
V325	0.31968	0.64606	0.03426	0
V326	0.01961	0.61457	0.06867	0.29715
V327	0.09191	0.22475	0.06364	0.6197
V328	0.05752	0.08999	0.71199	0.1405
V329	0.23267	0.17617	0.12728	0.46388
V330	0.41475	0.05546	0.30319	0.2266
V331	0.40348	0.13766	0	0.45886
V332	0.08302	0.12686	0.14773	0.64239
V333	0.43006	0.1255	0.3609	0.08354
V334	0.38076	0.05792	0.32475	0.23658
V335	0.0309	0.38616	0.49087	0.09206
V336	0.20674	0.71882	0	0.07444
V337	0.29024	0.43527	0.27449	0
V338	0.00427	0.97416	0.01673	0.00484
V339	0.11942	0.05562	0.82497	0
V340	0.0669	0.2854	0.49804	0.14966
V341	0.12366	0.11783	0.03416	0.72435
V342	0.25838	0.04789	0.59213	0.1016
V343	0.93624	0.05121	0	0.01255
V344	0.66325	0.18476	0.15198	0
V345	0.01348	0.09668	0.88985	0
V346	0.26772	0.17126	0.24747	0.31355
V347	0.13823	0.0793	0.09789	0.68458
V348	0.07963	0.67915	0.12924	0.11198
V349	0.35177	0.218	0.35735	0.07288
V350	0.03539	0.7943	0.17031	0
V351	0.06628	0.09947	0.35963	0.47461
V352	0.05047	0.08285	0.81158	0.05509
V353	0.87837	0.06235	0	0.05928
V354	0.06196	0.70944	0.21981	0.00879
V355	0.2897	0.13234	0.42834	0.14962
V356	0.13113	0.09665	0.07021	0.70201
V357	0.13994	0.38258	0.25002	0.22746
V358	0.57415	0.15232	0	0.27353
V359	0.60032	0.09134	0	0.30833
V360	0.55596	0.44404	0	0
V361	0	0.47375	0.52625	0
V362	0.00633	0.96397	0.02884	0.00086
V363	0.19084	0.17706	0.43497	0.19714
V364	0.16287	0.12233	0.64878	0.06602
V365	0.33473	0.05993	0	0.60534
V366	0.10793	0.70872	0.0623	0.12106
V367	0.58706	0.15322	0	0.25971
V368	0.11568	0.74806	0.07011	0.06615
V369	0.01128	0.42923	0.55949	0
V370	0.2976	0.31922	0.38318	0
V371	0.21867	0.74168	0.00178	0.03786
V372	0.23943	0.11827	0.0763	0.56599
V373	0.10322	0.20395	0.43731	0.25551
V374	0.76611	0.05016	0.18373	0
V375	0.12784	0.11191	0.10773	0.65252
V376	0.12827	0.10841	0.06801	0.69532
V377	0.81128	0.00081	0	0.18791
V378	0.05235	0.10013	0.37264	0.47488
V379	0.3747	0.22291	0	0.40239
V380	0.2125	0.13772	0.15849	0.49129
V381	0.75009	0.05091	0.0541	0.1449
V382	0.07853	0.09519	0.82628	0
V383	0.84385	0.04085	0.01061	0.10469
V384	0.57532	0.12605	0.09061	0.20802
V385	0.85317	0.05358	0.04513	0.04812
V386	0.35945	0.06613	0.10414	0.47028
V387	0.58438	0.19805	0.16014	0.05744
V388	0.39014	0.37686	0.11225	0.12076
V389	0.43041	0.5339	0	0.03568
V390	0.28255	0.29083	0.42662	0
V391	0.45556	0.13399	0	0.41045
V392	0.43778	0.27436	0.12885	0.15901
V393	0.28993	0.28327	0.3177	0.10911
V394	0.15484	0.29375	0.06747	0.48393
V395	0.24234	0.43628	0.17295	0.14843
V396	0.03552	0.94948	0	0.01501
V397	0.77494	0.13273	0.07108	0.02126
V398	0.47755	0.19264	0.0458	0.28402
V399	0.21497	0.58214	0.13111	0.07178
V400	0.02075	0.63663	0.03575	0.30687
V401	0.03494	0.22237	0.69304	0.04964
V402	0.7954	0.2046	0	0
V403	0.1246	0.10198	0.04888	0.72454
V404	0.09529	0.25532	0.58498	0.06441
V405	0.28363	0.09157	0.12684	0.49795
V406	0.64611	0.27731	0	0.07658
V407	0.00427	0.97416	0.01673	0.00484
V408	0.11221	0.30416	0.36695	0.21667
V409	0.0865	0.1182	0.02	0.7753
V410	0.12058	0.86208	0.01734	0
V411	0.47931	0.02093	0	0.49976
V412	0.18085	0.13737	0.465	0.21678
V413	0.08631	0.53024	0.15622	0.22723
V414	0.04885	0.54498	0.31518	0.09099
V415	0.46736	0.07952	0.1982	0.25493
V416	0	0.1421	0.8579	0
V417	0.38847	0.61153	0	0
V418	0.14562	0.17816	0.09899	0.57723
V419	0.13635	0.05801	0.03921	0.76643
V420	0.00579	0.91391	0.00853	0.07177
V421	0.16412	0.10186	0.64886	0.08515
V422	0.1474	0.13279	0	0.71981
V423	0.08138	0.08295	0.82853	0.00714
V424	0	0.12589	0.59825	0.27586
V425	0.06134	0.29627	0.56866	0.07374
V426	0.0935	0.11027	0.75282	0.04341
V427	0.10226	0.44888	0.16258	0.28627
V428	0.11786	0.78256	0.041	0.05858
V429	0.12945	0.06405	0.0441	0.7624
V430	0.74942	0.19678	0	0.0538
V431	0.21222	0.08439	0.41857	0.28481
V432	0.19834	0.16937	0	0.63229
V433	0.08343	0.74182	0	0.17476
V434	0.39592	0.13486	0	0.46922
V435	0.54383	0.05612	0.07884	0.32122
V436	0.43503	0.06067	0.0711	0.43319
V437	0.27814	0.25463	0	0.46723
V438	0.62251	0.19884	0	0.17864
V439	0.12278	0.16837	0	0.70885
V440	0.52267	0.0759	0	0.40143
V441	0.07957	0.19584	0.56521	0.15938
V442	0.33968	0.39159	0.10089	0.16784
V443	0.75979	0.04099	0.0535	0.14571
V444	0.01348	0.09668	0.88985	0
V445	0.60799	0.06406	0.32117	0.00678
V446	0.06129	0.83741	0.04966	0.05164
V447	0.62744	0.14418	0.14965	0.07873
V448	0.08931	0.14187	0.15672	0.61209
V449	0.56063	0.09008	0.27223	0.07706
V450	0.16112	0.83885	2e-05	0
V451	0.9094	0.07023	0	0.02037
V452	0.14128	0.08353	0.05124	0.72396
V453	0.80449	0.12259	0.02992	0.043
V454	0.00425	0.93402	0.06079	0.00094
V455	0.59599	0.08152	0.28108	0.04141
V456	0.33535	0.17849	0.3557	0.13046
V457	0.08544	0.14215	0	0.77241
V458	0.309	0.2519	0	0.4391
V459	0.03513	0.80942	0.08777	0.06767
V460	0.93011	0.04757	0.00114	0.02119
V461	0.17362	0.09819	0	0.72819
V462	0.37642	0.25924	0	0.36434
V463	0.27252	0.51028	0.1357	0.0815
V464	0.53041	0.11674	0	0.35285
V465	0.42171	0.45876	0	0.11953
V466	0.59201	0.20334	0	0.20465
V467	0.33642	0.59947	0.05767	0.00644
V468	0.51379	0.44323	0.01507	0.02791
V469	0.05868	0.24772	0.25378	0.43982
V470	0.5511	0.17646	0.14902	0.12341
V471	0.32873	0.15915	0	0.51212
V472	0.34806	0.34365	0	0.3083
V473	0.10832	0.56546	0.32621	0
V474	0.21745	0.05146	0.07442	0.65667
V475	0.22648	0.45117	0.03704	0.28532
V476	0.26126	0.08052	0.01175	0.64647
V477	0.60488	0.08552	0.17616	0.13345
V478	0.16437	0.60104	0	0.2346
V479	0.01099	0.15711	0.76947	0.06243
V480	0.14423	0.37103	0	0.48474
V481	0.14165	0.07937	0.77898	0
V482	0.69259	0.21143	0.08154	0.01444
V483	0.20979	0.185	0.02308	0.58212
V484	0.11881	0.15948	0	0.72171
V485	0.15092	0.7472	0	0.10188
V486	0.30533	0.3233	0.08743	0.28393
V487	0.17082	0.12423	0.04391	0.66104
V488	0	0.06329	0.85739	0.07931
V489	0.20573	0.15988	0.63439	0
V490	0.37308	0.37075	0.02088	0.23529
V491	0.46056	0.50338	0	0.03606
V492	0.04156	0.8249	0.13355	0
V493	0.19742	0.02177	0	0.7808
V494	0.20311	0.21849	0.48691	0.09148
V495	0.23852	0.6347	0.12678	0
V496	0.29402	0.688	0	0.01798
V497	0.01549	0.06478	0.91097	0.00875
V498	0.37327	0.16592	0	0.46081
V499	0.60352	0.30123	0.09525	0
V500	0.10349	0.18909	0.69455	0.01287
V501	0.08723	0.06796	0.06475	0.78006
V502	0.54749	0.32466	0.12785	0
V503	0.24953	0.16361	0.16003	0.42683
V504	0.25734	0.70603	0	0.03663
V505	0.22948	0.27791	0.21762	0.27499
V506	0.10534	0.31361	0.4224	0.15865
V507	0.61957	0.15292	0.08445	0.14306
V508	0.75454	0.21729	0	0.02817
V509	0.24355	0.12351	0.47397	0.15896
V510	0.22515	0.5308	0.24405	0
V511	0.10314	0.47706	6e-05	0.41975
V512	0.31521	0.11415	0.03077	0.53987
V513	0.09666	0.66198	0.20613	0.03523
V514	0.10517	0.14825	0	0.74658
V515	0.77424	0.11177	0.00357	0.11042
V516	0.89461	0.10539	0	0
V517	0.11028	0.09793	0.21344	0.57835
V518	0.9348	0.06174	0	0.00345
V519	0.05311	0.86976	0	0.07713
V520	0.05545	0.05663	0.59577	0.29216
V521	0.55464	0.09525	0.34552	0.00459
V522	0.01687	0.19916	0.54755	0.23642
V523	0.37263	0.18588	0.22429	0.2172
V524	0.01794	0.78357	0.19446	0.00402
V525	0.30649	0.25224	0	0.44127
V526	0.65798	0.13202	0.02973	0.18027
V527	0.24006	0.08166	0.36462	0.31366
V528	0.12538	0.85154	0	0.02307
V529	0.12781	0.13621	0.18223	0.55375
V530	0.00381	0.26982	0.65083	0.07553
V531	0.02906	0.8512	0.11973	0
V532	0.2214	0.37092	0	0.40768
V533	0.3074	0.40434	0.10093	0.18733
V534	0.022	0.08622	0.67722	0.21456
V535	0.59027	0.00193	0	0.4078
V536	0.23784	0.03968	0.3494	0.37308
V537	0.57777	0.29676	0.12548	0
V538	0.49532	0.10848	0.03786	0.35834
V539	0.28679	0.47194	0.13096	0.11031
V540	0.22561	0.70848	0.05719	0.00871
V541	0.05881	0.55889	0.02915	0.35315
V542	0.23813	0.19537	0.21473	0.35176
V543	0.87922	0.02326	0	0.09751
V544	0.17425	0.16292	0.12865	0.53418
V545	0.40926	0.20668	0.01503	0.36904
V546	0.06951	0.86335	0.06714	0
V547	0.04368	0.65046	0.30586	0
V548	0.1691	0.75457	0.07633	0
V549	0.31299	0.08893	0.59808	0
V550	0.60568	0.03695	0	0.35738
V551	0.20655	0.75074	0.01393	0.02878
V552	0.0257	0.5653	0	0.409
V553	0.22189	0.2061	0.57201	0
V554	0.14955	0.16068	0	0.68977
V555	0.12054	0.29339	0.30054	0.28552
V556	0	0.10293	0.87456	0.02251
V557	0.81773	0.04695	0	0.13532
V558	0.10024	0.80168	0.00416	0.09392
V559	0.0151	0.79377	0.19113	0
V560	0.68218	0.31782	0	0
V561	0	0.09974	0.89403	0.00623
V562	0.78426	0.04242	0.08818	0.08515
V563	0.23327	0.0527	0.71403	0
V564	0.05769	0.14656	0.79575	0
V565	0.14494	0.32185	0.34549	0.18772
V566	0.70142	0.11242	0	0.18616
V567	0.25362	0.48201	0	0.26438
V568	0.32678	0.06268	0.00653	0.60402
V569	0.69212	0.03296	0	0.27492
V570	0.02532	0.34748	0.59017	0.03704
V571	0.81128	0.14053	0	0.04819
V572	0.44557	0.0597	0.41954	0.07519
V573	0.13745	0.22169	0	0.64086
V574	0.05025	0.77748	0.17227	0
V575	0.09703	0.16791	0.08753	0.64753
V576	0.17662	0.79993	0.02345	0
V577	0.11239	0.11866	0.17408	0.59487
V578	0.06742	0.13716	0.645	0.15043
V579	0.0239	0.87394	0.09975	0.00241
V580	0.2395	0.06905	0.07209	0.61937
V581	0.16166	0.13501	0	0.70333
V582	0.5951	0.18899	0	0.2159
V583	0.0235	0.12231	0.56037	0.29382
V584	0.51104	0.212	0.26991	0.00705
V585	0.05469	0.07969	0.41126	0.45435
V586	0.24004	0.07036	0.62299	0.06662
V587	0.26483	0.07266	0.65789	0.00461
V588	0.64643	0.07359	0	0.27997
V589	0.0835	0.81797	0.05689	0.04164
V590	0.05684	0.75278	0.19038	0
V591	0.05996	0.11946	0.17335	0.64724
V592	0.1436	0.09575	0.76064	0
V593	0.60563	0.02567	0.15958	0.20912
V594	0.33833	0.33866	0.31086	0.01215
V595	0.14379	0.11051	0	0.7457
V596	0.07599	0.34878	0.19211	0.38311
V597	0	0.6126	0.33416	0.05323
V598	0.01035	0.18735	0.80229	0
V599	0.63423	0.36181	0	0.00397
V600	0.38029	0.51536	0.01221	0.09215
V601	0.2178	0.34123	0.03124	0.40973
V602	0.14597	0.10639	0	0.74764
V603	0.06273	0.41013	0	0.52713
V604	0.50647	0.17461	0.31893	0
V605	0.08342	0.38579	0.37304	0.15775
V606	0.72296	0.17987	0	0.09717
V607	0.66981	0.05255	0.0693	0.20834
V608	0.23855	0.22408	0.35015	0.18721
V609	0.06902	0.30756	0.20256	0.42086
V610	0.77233	0.06147	0.05599	0.11021
V611	0.36542	0.06079	0.00191	0.57188
V612	0.02275	0.16623	0.7657	0.04532
V613	0.03759	0.385	0.56987	0.00755
V614	0.76649	0.11231	0.00227	0.11893
V615	0.22353	0.10392	0	0.67255
V616	0.11205	0.72649	0.02091	0.14055
V617	0.45157	0.20496	0.34348	0
V618	0.73541	0.00939	0	0.2552
V619	0.40437	0.0837	0.28529	0.22663
V620	0.0091	0.66439	0.32651	0
V621	0.44307	0.2136	0.13683	0.2065
V622	0.35323	0.27689	0.36988	0
V623	0.09528	0.15426	0.1091	0.64137
V624	0.79116	0.20815	0	0.00069
V625	0.28961	0.53243	0.06761	0.11035
V626	0.93148	0.04846	0	0.02006
V627	0.07883	0.11413	0.05987	0.74717
V628	0.05941	0.28822	0	0.65237
V629	0.15386	0.35138	0.24833	0.24643
V630	0.03806	0.38631	0.55905	0.01659
V631	0.08434	0.27085	0.06332	0.58149
V632	0.61321	0.02581	0.10479	0.25618
V633	0	0.11102	0.79567	0.09331
V634	0.38349	0.3036	0.31291	0
V635	0.05653	0.7672	0	0.17628
V636	0.13211	0.17297	0.60151	0.09341
V637	0.35	0.26155	0.03756	0.35088
V638	0.40887	0.31779	0.01845	0.25489
V639	0.26149	0.44899	0.28952	0
V640	0.03387	0.22312	0.71861	0.0244
V641	0.87289	0.07648	0	0.05064
V642	0.7596	0.18786	0	0.05254
V643	0.02536	0.2574	0.42178	0.29546
V644	0.89182	0.1029	0	0.00528
V645	0.26343	0.44295	0.29362	0
V646	0.04158	0.95394	0.00448	0
V647	0.14885	0.15524	0.66549	0.03042
V648	0.41886	0.46769	0.11346	0
V649	0.02364	0.13979	0.79777	0.0388
V650	0.05862	0.1647	0.73368	0.043
V651	0.29748	0.04973	0.65279	0
V652	0.12283	0.16039	0.40286	0.31391
V653	0.14965	0.68291	0.08462	0.08282
V654	0.69888	0.24918	0.01801	0.03393
V655	0.0797	0.59921	0	0.32109
V656	0.2546	0.30381	0	0.44159
V657	0.11814	0.15121	0	0.73064
V658	0.61026	0.26464	0.01126	0.11384
V659	0.34174	0.14711	0.33341	0.17774
V660	0.05658	0.93459	0	0.00883
V661	0.11106	0.47657	0.01089	0.40147
V662	0.41352	0.06956	0.44267	0.07425
V663	0.24541	0.13657	0.53439	0.08363
V664	0.2031	0.13216	0.64438	0.02036
V665	0.69337	0.23619	0	0.07044
V666	0.61885	0.02298	0.06554	0.29262
V667	0.75197	0.10901	0.13901	0
V668	0.13404	0.78586	0.08011	0
V669	0.24518	0.45331	0.23032	0.0712
V670	0.10686	0.89273	0	0.00041
V671	0.36769	0.33622	0.23344	0.06265
V672	0.01616	0.10129	0.85924	0.02331
V673	0.25052	0.41561	0.20501	0.12886
V674	0.71722	0.17625	0	0.10653
V675	0.15729	0.381	0.29419	0.16752
V676	0.10704	0.1948	0.06534	0.63282
V677	0.40089	0.44586	0.06175	0.09149
V678	0.51614	0.48386	0	0
V679	0.04258	0.35786	0.59957	0
V680	0.31601	0.56373	0.12025	0
V681	0.87883	0.09646	0	0.02471
V682	0.11767	0.3522	0.52535	0.00478
V683	0.03562	0.9421	0.02227	0
V684	0.6957	0.20993	0.0601	0.03427
V685	0.49923	0.38761	0.09675	0.01642
V686	0.15376	0.25466	0.10768	0.4839
V687	0.15362	0.09507	0	0.75131
V688	0.38679	0.51449	0	0.09871
V689	0.34185	0.04115	0.00432	0.61268
V690	0.46458	0.0982	0.3986	0.03862
V691	0.15029	0.05309	0.79662	0
V692	0.08184	0.20896	0.66977	0.03943
V693	0.2556	0.17156	0.33651	0.23633
V694	0.06991	0.10228	0.25558	0.57224
V695	0.30898	0.06016	0.11549	0.51537
V696	0.16932	0.15007	0	0.68061
V697	0.1083	0.1458	0	0.7459
V698	0.82721	0.02014	0	0.15266
V699	0.57292	0.33512	0.02515	0.0668
V700	0.30739	0.05928	0	0.63333
V701	0.14633	0.56418	0.08204	0.20745
V702	0.5631	0.10177	0	0.33513
V703	0.16296	0.11803	0.45389	0.26512
V704	0.81832	0.07889	0	0.1028
V705	0.94588	0.01278	0	0.04133
V706	0.08386	0.12085	0.73481	0.06048
V707	0.04096	0.47085	0.48211	0.00608
V708	0.06609	0.87353	0.00758	0.0528
V709	0.14229	0.32107	0.49315	0.04348
V710	0.61177	0.26455	7e-05	0.1236
V711	0.11389	0.79249	0.09025	0.00337
V712	0.81283	0.06933	0	0.11784
V713	0.45446	0.34036	0	0.20518
V714	0.04092	0.69484	0	0.26424
V715	0.30754	0.38103	0.27955	0.03188
V716	0.14082	0.13105	0.00836	0.71978
V717	0.10512	0.89488	0	0
V718	0.16851	0.58541	0.16425	0.08183
V719	0.0919	0.72994	0.0095	0.16866
V720	0.70289	0.03134	0.21218	0.05359
V721	0.14326	0.23078	0.43846	0.18751
V722	0.14483	0.37431	0	0.48086
V723	0.19737	0.13678	0	0.66584
V724	0.60533	0.0739	0.0381	0.28267
V725	0	0.16907	0.81776	0.01317
V726	0.08182	0.44021	0.08546	0.3925
V727	0.27578	0.65014	0.07408	0
V728	0.04492	0.85587	0.09921	0
V729	0.44932	0.05961	0.12198	0.3691
V730	0.88609	0.07809	0.00766	0.02816
V731	0.05174	0.26834	0.36486	0.31506
V732	0.3646	0.13587	0.3217	0.17782
V733	0.64728	0.22931	0	0.12341
V734	0.22802	0.34207	0.42991	0
V735	0.05425	0.09924	0.44731	0.3992
V736	0.24848	0.05304	0	0.69849
V737	0.34006	0.33961	0.21013	0.1102
V738	0.08961	0.38292	0.42689	0.10058
V739	0.00247	0.08834	0.58504	0.32415
V740	0.83149	0.1334	0.0351	0
V741	0.50606	0.1591	0.08019	0.25465
V742	0.40591	0.59409	0	0
V743	0.13369	0.20436	0.66195	0
V744	0.51851	0.09128	0.30545	0.08477
V745	0.0322	0.70936	0.17542	0.08302
V746	0.97095	0	0	0.02905
V747	0.07258	0.05552	0.69378	0.17812
V748	0.13655	0.17125	0.55234	0.13986
V749	0.33533	0.23963	0	0.42504
V750	0.42769	0.48187	0	0.09044
V751	0.07537	0.86021	0.02888	0.03554
V752	0.47085	0.28251	0.09637	0.15027
V753	0.14499	0.09773	0	0.75728
V754	0.03255	0.92202	0	0.04543
V755	0.177	0.25912	0.30793	0.25595
V756	0.13751	0.08978	0.02945	0.74326
V757	0.35611	0.60436	0.03953	0
V758	0.067	0.76689	0.11751	0.0486
V759	0.16268	0.12651	0.36766	0.34315
V760	0.32479	0.11735	0.24446	0.3134
V761	0.08303	0.59868	0.26509	0.05321
V762	0.04085	0.42774	0	0.53141
V763	0.40725	0.38788	0	0.20487
V764	0.03343	0.91996	0	0.04661
V765	0.67429	0.09526	0	0.23045
V766	0.02785	0.37798	0.41672	0.17744
V767	0.48346	0.18005	0.21464	0.12185
V768	0.09053	0.89415	0.01139	0.00393
V769	0.16703	0.81622	0.01675	0
V770	0.04158	0.95394	0.00448	0
V771	0.16243	0.0794	0.75817	0
V772	0.12712	0.10812	0.76476	0
V773	0.18465	0.81535	0	0
V774	0.02032	0.06255	0.89289	0.02424
V775	0.17293	0.10836	0.2443	0.4744
V776	0.44551	0.45956	0.01228	0.08266
V777	0.23656	0.18768	0.09418	0.48158
V778	0.54513	0.32744	0.02397	0.10346
V779	0.19406	0.10472	0.46502	0.2362
V780	0.11984	0.75192	0.12823	0
V781	0.16104	0.11332	0	0.72564
V782	0	0.19594	0.7595	0.04456
V783	0.79688	0.06021	0.00561	0.1373
V784	0.13607	0.86376	0.00017	0
V785	0.07127	0.91973	0.00093	0.00807
V786	0.71424	0.20997	0.0504	0.02539
V787	0	0.83364	0.16636	0
V788	0.50893	0.34793	0.12714	0.01599
V789	0.12578	0.40925	0	0.46496
V790	0.4982	0.0785	0.02833	0.39496
V791	0.15314	0.41996	0.30744	0.11946
V792	0.16716	0.5507	0	0.28214
V793	0.15848	0.67932	0.00279	0.1594
V794	0.04752	0.15441	0.74582	0.05225
V795	0.20679	0.12126	0.01316	0.65878
V796	0.02408	0.15886	0.8107	0.00637
V797	0.75426	0.03007	0.21566	0
V798	0.61949	0.33634	0.04417	0
V799	0.16409	0.78157	0.00623	0.04811
V800	0.10166	0.09132	0.48409	0.32293
V801	0.17589	0.18766	0.29378	0.34267
V802	0.09391	0.15514	0.23869	0.51226
V803	0.21999	0.52682	0.25319	0
V804	0.51998	0.06437	0.3665	0.04915
V805	0.02144	0.06154	0.91702	0
V806	0.07953	0.89913	0	0.02134
V807	0.31391	0.2081	0	0.47799
V808	0.66815	0.317	0.00089	0.01397
V809	0.03734	0.11062	0.85205	0
V810	0.04119	0.95868	0	0.00013
V811	0.44653	0.13059	0.16735	0.25553
V812	0.55987	0.3175	0.00063	0.12201
V813	0.58766	0.24615	0.16619	0
V814	0.43812	0.54387	0.01801	0
V815	0.00052	0.90794	0.09154	0
V816	0.92834	0.02605	0.04561	0
V817	0.02564	0.15175	0.8226	0
V818	0.08411	0.15858	0.00987	0.74744
V819	0.82189	0.13291	0.01007	0.03513
V820	0.21221	0.15882	0	0.62897
V821	0.22568	0.36474	0.36742	0.04216
V822	0.07094	0.0953	0.82552	0.00824
V823	0.02458	0.26019	0.64932	0.06591
V824	0.08014	0.40264	0.51721	0
V825	0.24366	0.34566	0.22259	0.18809
V826	0.4294	0.43862	0.13199	0
V827	0.39463	0.60437	0	0.001
V828	0.2772	0.23598	0.06043	0.42638
V829	0.1091	0.31142	0	0.57948
V830	0.27306	0.27554	0	0.4514
V831	0.76885	0.13055	0	0.10059
V832	0.28782	0.44208	0.14054	0.12955
V833	0.17194	0.53909	0.15932	0.12965
V834	0.35318	0.14088	0.0268	0.47914
V835	0.3729	0.48475	0.08975	0.0526
V836	0.04107	0.68705	0	0.27189
V837	0.24403	0.42528	0.16227	0.16842
V838	0.91036	0.08964	0	0
V839	0.3073	0.61077	0.08192	0
V840	0.29984	0.70016	0	0
V841	0	0.12261	0.83809	0.0393
V842	0.36794	0.22708	0.22695	0.17802
V843	0.01661	0.1002	0.82729	0.05591
V844	0.15159	0.1596	0.34606	0.34275
V845	0.06967	0.18117	0.7072	0.04197
V846	0	0.09081	0.7337	0.17548
V847	0.09106	0.07005	0.04748	0.79141
V848	0.11746	0.54471	0.14923	0.18859
V849	0.00372	0.96104	0.00617	0.02907
V850	0.95315	0.01712	0	0.02973
V851	0.33295	0.53663	0.13042	0
V852	0.18752	0.12516	0.08837	0.59895
V853	0.25225	0.28427	0.37364	0.08984
V854	0.59607	0.22446	0.06498	0.1145
V855	0.09106	0.07005	0.04748	0.79141
V856	0.06563	0.40778	0.32922	0.19738
V857	0.67493	0.21895	0	0.10613
V858	0.53552	0.05847	0.40601	0
V859	0.65609	0.26696	0	0.07695
V860	0.26181	0.1889	0	0.54929
V861	0.08736	0.3914	0.52124	0
V862	0.13675	0.1571	0.68427	0.02187
V863	0.27323	0.09456	0	0.6322
V864	0.17281	0.11985	0.01182	0.69552
V865	0.17987	0.06869	0.23348	0.51797
V866	0.71217	0.06024	0.22759	0
V867	0.70591	0.06905	0.22505	0
V868	0.51318	0.32727	0.10415	0.0554
V869	0.05419	0.94581	0	0
V870	0.15688	0.37987	0	0.46324
V871	0.00372	0.96104	0.00617	0.02907
V872	0.07985	0.09498	0.21296	0.61221
V873	0.87284	0.07657	0.01608	0.03451
V874	0.20952	0.77558	0.0149	0
V875	0.06925	0.2685	0.16735	0.4949
V876	0.16911	0.3774	0.39169	0.0618
V877	0.06764	0.44691	0.27783	0.20761
V878	0.14582	0.7936	0.06058	0
V879	0.21858	0.70494	0.0205	0.05598
V880	0.32543	0.55576	0	0.11881
V881	0.16075	0.10946	0.57056	0.15923
V882	0.80251	0.02575	0.10372	0.06801
V883	0.26458	0.24288	0.49254	0
V884	0.08372	0.30965	0	0.60663
V885	0.70045	0.24802	0.05153	0
V886	0.02291	0.41717	0.45007	0.10985
V887	0.63579	0.11279	0.12655	0.12488
V888	0.10644	0.11679	0.70821	0.06856
V889	0.89352	0.08682	0	0.01966
V890	0.04222	0.21803	0.58923	0.15052
V891	0.61497	0.10198	0.25956	0.02349
V892	0.32506	0.21718	0	0.45776
V893	0.57355	0.26578	0.12256	0.03811
V894	0.07193	0.36525	0.55671	0.0061
V895	0.59236	0.1148	0.16831	0.12453
V896	0.07001	0.9219	0	0.00809
V897	0.68628	0.27273	0	0.04099
V898	0.51068	0.00092	0	0.4884
V899	0.08857	0.26851	0.1039	0.53902
V900	0.09983	0.35452	0.33853	0.20712
V901	0.06387	0.83402	0	0.10211
V902	0.07269	0.8779	0.04941	0
V903	0.00596	0.46391	0.51425	0.01588
V904	0.05162	0.94838	0	0
V905	0.22956	0.04432	0.14797	0.57815
V906	0.43829	0.15157	0.05968	0.35045
V907	0.44288	0.53052	0	0.02659
V908	0.10107	0.14058	0.04219	0.71617
V909	0.15625	0.79771	0	0.04604
V910	0.25144	0.04352	0.08993	0.61512
V911	0.52564	0.42839	0	0.04597
V912	0.40407	0.37774	0.08815	0.13004
V913	0.23899	0.03206	0	0.72895
V914	0.19384	0.52225	0.28086	0.00305
V915	0.31282	0.0217	0	0.66549
V916	0.24724	0.12045	0.61257	0.01974
V917	0.70753	0.0725	0.13836	0.08161
V918	0.06206	0.64869	0.22541	0.06384
V919	0.22109	0.2961	0.26606	0.21676
V920	0.6127	0.25342	0.05687	0.07701
V921	0.11031	0.23707	0	0.65262
V922	0.11117	0.49811	0.37658	0.01413
V923	0.19205	0.09372	0.00771	0.70652
V924	0.04921	0.68057	0.27022	0
V925	0.26394	0.08112	0	0.65494
V926	0.28591	0.0769	0	0.63719
V927	0.12259	0.12999	0.02419	0.72323
V928	0.07505	0.8805	0	0.04445
V929	0.08229	0.66321	0.1142	0.1403
V930	0.5174	0.4088	0	0.0738
V931	0.14223	0.32968	0.48477	0.04333
V932	0.04688	0.18914	0.57591	0.18807
V933	0.59419	0.40581	0	0
V934	0.05261	0.22715	0.24369	0.47655
V935	0.55047	0.2185	0.18395	0.04708
V936	0.53117	0.30121	0	0.16762
V937	0.55693	0.18652	0.03896	0.21759
V938	0.39399	0.10333	0.27643	0.22625
V939	0.76047	0.06068	0.03363	0.14522
V940	0.04305	0.79219	0.15123	0.01354
V941	0	0.0669	0.92292	0.01018
V942	0.7312	0.23827	0.03053	0
V943	0.38889	0.18838	0.39712	0.02562
V944	0.08267	0.3409	0.01939	0.55704
V945	0.56073	0.37499	0	0.06428
V946	0.44958	0.31136	0.2342	0.00486
V947	0.14889	0.12367	0.1916	0.53583
V948	0.32892	0.08854	0.58254	0
V949	0.05	0.19405	0.172	0.58394
V950	0.0791	0.56715	0.19493	0.15882
V951	0.81119	0.05861	0.1302	0
V952	0.12007	0.20536	0.2267	0.44787
V953	0.01247	0.13268	0.83457	0.02027
V954	0.1009	0.25802	0.1029	0.53818
V955	0.15969	0.6239	0	0.21641
V956	0.07174	0.09649	0.48051	0.35125
V957	0.38643	0.03653	0	0.57704
V958	0.19742	0.02177	0	0.7808
V959	0.2353	0.31522	0.40713	0.04236
V960	0.2812	0.33754	0.02922	0.35203
V961	0.14998	0.42889	0.33038	0.09074
V962	0.3599	0.22971	0.36728	0.04312
V963	0.58583	0.22629	0.13068	0.0572
V964	0.82476	0.07517	0.07225	0.02782
V965	0.08345	0.53855	0.17003	0.20797
V966	0.9295	0.04612	0	0.02438
V967	0.0873	0.11468	0.49529	0.30273
V968	0	0.22354	0.73614	0.04032
V969	0.07246	0.35421	0	0.57333
V970	0.06681	0.19562	0.39367	0.34389
V971	0.49223	0.14325	0.30779	0.05672
V972	0.52609	0.25706	0	0.21685
V973	0.29878	0.46557	0.03883	0.19683
V974	0.02272	0.79	0.12928	0.058
V975	0.09359	0.33191	0.5745	0
V976	0.45261	0.30423	0.07455	0.16862
V977	0.30824	0.3834	0.30837	0
V978	0.15413	0.17804	0.01847	0.64936
V979	0.78331	0.05899	0.15769	0
V980	0.97095	0	0	0.02905
V981	0.34753	0.08846	0.40525	0.15876
V982	0.45407	0.44058	0.04187	0.06349
V983	0.70403	0.07307	0	0.2229
V984	0.03346	0.83296	0.11642	0.01716
V985	0.14386	0.23663	0	0.61951
V986	0.34574	0.557	0.01527	0.08198
V987	0.25687	0.74313	0	0
V988	0.29419	0.05803	0	0.64777
V989	0.44877	0.49924	0.05199	0
V990	0	0.12807	0.76101	0.11092
V991	0.63873	0.36127	0	0
V992	0.22484	0.06569	0.49255	0.21692
V993	0.08716	0.72732	0.1671	0.01842
V994	0.20788	0.77842	0.01371	0
V995	0.73387	0.14919	0	0.11695
V996	0.32141	0.16015	0	0.51844
V997	0.02109	0.08611	0.79611	0.0967
V998	0.8616	0.05419	0.03437	0.04984
V999	0.13997	0.86003	0	0
V1000	0.36776	0.04556	0	0.58668
