B_cells	NK_cells	T_cells_CD4.	Monocytes
V1	0.57993	0.01151	0.15744	0.25112
V2	0.21923	0.11804	0.03129	0.63144
V3	0.10054	0.62334	0	0.27611
V4	0.84735	0.10042	0	0.05223
V5	0.14747	0.47091	0.2406	0.14103
V6	0.127	0.81907	0.01975	0.03418
V7	0.19192	0.37715	0.06754	0.36339
V8	0.17392	0.02325	0.76365	0.03918
V9	0.29182	0.2582	0.01414	0.43583
V10	0.06219	0.03203	0.84861	0.05718
V11	0.24558	0.35172	0.4027	0
V12	0.06863	0.56585	0.35345	0.01207
V13	0.30946	0.66293	0	0.02761
V14	0.12205	0.85708	0.00312	0.01775
V15	0.16212	0.58108	0.11557	0.14123
V16	0.87254	0.04414	0.01406	0.06926
V17	0.13664	0.82025	0.00917	0.03394
V18	0.58567	0.32897	0.03704	0.04832
V19	0.20752	0.76915	6e-05	0.02328
V20	0.21227	0.47179	5e-04	0.31544
V21	0.17288	0.0816	0.70997	0.03555
V22	0.06683	0.12945	0.1906	0.61312
V23	0.40902	0.05585	0.52354	0.01158
V24	0.93147	0.03827	0.02875	0.0015
V25	0.37956	0.248	0.11214	0.2603
V26	0.42724	0.38162	0.00223	0.18891
V27	0.18017	0.09139	0	0.72844
V28	0.024	0.08563	0.89037	0
V29	0.46391	0.04044	0.45912	0.03653
V30	0.14311	0.24392	0.25804	0.35494
V31	0.24326	0.21281	0.27403	0.2699
V32	0.16427	0.05773	0.02568	0.75232
V33	0.0836	0.49275	0.33821	0.08543
V34	0.17318	0.06136	0.72858	0.03688
V35	0.20722	0.67779	0.08272	0.03227
V36	0.0457	0.07348	0.46244	0.41839
V37	0.57052	0.07726	0.0842	0.26802
V38	0.47578	0	0.1648	0.35942
V39	0.20636	0.54704	0.12354	0.12306
V40	0.14584	0.77567	0.07849	0
V41	0.04155	0.67784	0.04166	0.23896
V42	0.284	0.04743	0.19476	0.47381
V43	0.17105	0.34171	0.46462	0.02261
V44	0.0487	0.10773	0.69745	0.14612
V45	0.13965	0.568	0.212	0.08034
V46	0.79365	0.07389	0.11225	0.0202
V47	0.46942	0.19271	0.28932	0.04855
V48	0.79767	0.15653	0	0.0458
V49	0.73323	0.17031	0	0.09646
V50	0.11859	0.7884	0.08971	0.0033
V51	0.34456	0.38945	0.24212	0.02387
V52	0.06388	0.13805	0.75863	0.03944
V53	0.7398	0.12051	0.13969	0
V54	0.44792	0.19617	0.3373	0.01862
V55	0.26201	0.14995	0.22418	0.36385
V56	0.12409	0.04126	0.08051	0.75415
V57	0.14763	0.80789	0.02079	0.0237
V58	0.67214	0.00802	0.02755	0.29229
V59	0.45873	0.39299	0.0986	0.04968
V60	0.17783	0.17922	0.3077	0.33525
V61	0.79732	0.10073	0	0.10195
V62	0.85716	0.03806	0.05979	0.04499
V63	0.06113	0.7845	0.12556	0.0288
V64	0.05417	0.82567	0	0.12015
V65	0.08544	0.0069	0.11263	0.79502
V66	0.25995	0.65879	0.01385	0.06741
V67	0.19335	0.3308	0.47267	0.00319
V68	0.22727	0.17515	0	0.59759
V69	0.06243	0.32195	0.57207	0.04355
V70	0.55522	0.15575	0.16638	0.12266
V71	0.21296	0.09518	0.35679	0.33507
V72	0.58965	0.16075	0.08384	0.16576
V73	0.19454	0.5886	0.13548	0.08138
V74	0.09554	0.23377	0.67069	0
V75	0.71388	0	0.18224	0.10388
V76	0.02764	0.21589	0.17301	0.58346
V77	0.09023	0.31446	0	0.59531
V78	0.35269	0.13259	0.17138	0.34333
V79	0.03966	0.12978	0.74764	0.08293
V80	0.38601	0.03383	0.49823	0.08192
V81	0.101	0.18258	0.71642	0
V82	0.0229	0.10329	0.84774	0.02607
V83	0.19737	0.207	0.05679	0.53884
V84	0.44149	0.05745	0.15083	0.35024
V85	0.14651	0.3279	0.3763	0.14929
V86	0.0886	0.07988	0.78273	0.04879
V87	0.07996	0.79235	0.05852	0.06916
V88	0.22261	0.08338	0.2552	0.43882
V89	0.08358	0.04681	0.1906	0.67902
V90	0.07769	0.83493	0.06209	0.02528
V91	0.07836	0.70262	0.18714	0.03188
V92	0.48488	0.03255	0.35449	0.12808
V93	0.87007	0.01156	0	0.11837
V94	0.06119	0.47879	0.0028	0.45723
V95	0.29349	0.426	0.14649	0.13402
V96	0.15023	0.13803	0.00507	0.70666
V97	0.68944	0.10625	0.19079	0.01352
V98	0.69846	0.27009	0	0.03145
V99	0.79146	0.04919	0.13646	0.02288
V100	0.12218	0.05556	0.78843	0.03383
V101	0.10449	0.08669	0	0.80881
V102	0.89226	0.05339	0	0.05435
V103	0.06937	0.08607	0.0813	0.76326
V104	0.08811	0.88394	0.00411	0.02385
V105	0.11218	0.8582	0.01316	0.01646
V106	0.16067	0.50047	0.30607	0.03279
V107	0.22439	0.21526	0.5171	0.04325
V108	0.19621	0.71034	0.09345	0
V109	0.04705	0.19121	0.5605	0.20123
V110	0.10641	0.81884	0.04099	0.03376
V111	0.89358	0	0.06678	0.03964
V112	0.17795	0.0892	0.4079	0.32495
V113	0.24713	0.13104	0.16524	0.45659
V114	0.31314	0.06711	0.06952	0.55023
V115	0.04959	0.71609	0.22447	0.00985
V116	0.17976	0.32484	0.34541	0.14999
V117	0.67937	0.23995	0.02714	0.05355
V118	0.20867	0.57072	0.02483	0.19578
V119	0.18901	0.11111	0.03436	0.66552
V120	0.12281	0.09831	0.75982	0.01906
V121	0.6104	0.13214	0.08326	0.17421
V122	0.90531	0.01266	0.01701	0.06502
V123	0.04365	0.53912	0.0356	0.38163
V124	0.66735	0.26458	0	0.06807
V125	0.41784	0.39996	0.16389	0.01831
V126	0.10274	0.18707	0.03426	0.67594
V127	0.22403	0.07276	0.24541	0.45779
V128	0.10727	0.046	0.1001	0.74662
V129	0.58828	0.22661	0.14968	0.03542
V130	0.04708	0.62666	0.31717	0.00909
V131	0.07391	0.85056	0	0.07553
V132	0.89322	0.00814	0.03084	0.0678
V133	0.8811	0.02039	0.04763	0.05088
V134	0.15493	0.41163	0.1173	0.31614
V135	0.1486	0.04789	0.17076	0.63275
V136	0.29087	0.40491	0	0.30422
V137	0.65518	0.04157	0.2269	0.07635
V138	0.24999	0.40572	0.16629	0.17801
V139	0.38675	0.21762	0.18022	0.21541
V140	0.09677	0.13126	0.04047	0.73149
V141	0.10387	0.18585	0.50841	0.20187
V142	0.80449	0	0.19551	0
V143	0.46242	0.2667	0.05495	0.21592
V144	0.22236	0.18469	0.15468	0.43827
V145	0.02883	0.73147	0.22651	0.01318
V146	0.14781	0.04292	0.03845	0.77082
V147	0.87905	0.02833	0.01532	0.0773
V148	0.17252	0.10145	0.54198	0.18406
V149	0.29993	0.49248	0.20758	0
V150	0.12672	0.26027	0.54242	0.07058
V151	0.25051	0.60446	0.02828	0.11675
V152	0.2688	0.43474	0.20753	0.08894
V153	0.15627	0.72471	0.01222	0.1068
V154	0.27933	0.44281	0.25463	0.02324
V155	0.49166	0.15286	0.26035	0.09513
V156	0.06932	0.17199	0.64513	0.11356
V157	0.34083	0.17383	0.28837	0.19697
V158	0.10792	0.00124	0.0715	0.81934
V159	0.86062	0.05977	0	0.07961
V160	0.71208	0.0049	0.05834	0.22468
V161	0.28959	0.02615	0.02301	0.66125
V162	0.11763	0.33542	0.06886	0.47809
V163	0.13855	0.49597	0.16151	0.20397
V164	0.3764	0.31594	0.09267	0.21499
V165	0.05953	0.29166	0	0.64881
V166	0.06406	0.14401	0.05846	0.73347
V167	0.42226	0	0	0.57774
V168	0.32215	0.54427	0.07608	0.0575
V169	0.26407	0.08556	0.02269	0.62768
V170	0.15514	0.05185	0.49845	0.29456
V171	0.17151	0.25712	0.5373	0.03407
V172	0.71781	0	0.25253	0.02966
V173	0.09058	0.1883	0.02695	0.69417
V174	0.0692	0.21024	0.06231	0.65826
V175	0.11005	0.03809	0.73972	0.11214
V176	0.05176	0.76698	0.17076	0.0105
V177	0.06538	0.89679	0	0.03784
V178	0.05008	0.76003	0	0.18989
V179	0.21719	0.03531	0.3651	0.38241
V180	0.07969	0.83899	0.08132	0
V181	0.20358	0.15821	0.49806	0.14015
V182	0.33113	0.19538	0.41912	0.05437
V183	0.22698	0.75545	0.00168	0.0159
V184	0.95997	0	0.03098	0.00904
V185	0.58759	0.38474	0.00633	0.02134
V186	0.16003	0.47693	0.24908	0.11396
V187	0.90764	0.01346	0.03144	0.04747
V188	0.11633	0.256	0	0.62767
V189	0.81461	0.02494	0.007	0.15345
V190	0.66121	0.02237	0.28982	0.0266
V191	0.22502	0.22495	0.51681	0.03322
V192	0.33952	0.45876	0.04029	0.16144
V193	0.61437	0.04121	0.21991	0.12452
V194	0.09051	0.86904	0.00078	0.03968
V195	0.06395	0.07063	0.83436	0.03106
V196	0.07834	0.12474	0	0.79693
V197	0.47166	0.06957	0.00306	0.45571
V198	0.10787	0.49612	0.34569	0.05032
V199	0.23349	0.05071	0.16814	0.54766
V200	0.17673	0.56837	0.00474	0.25016
V201	0.1382	0.54675	0.18281	0.13223
V202	0.05762	0.05976	0.7304	0.15222
V203	0.20516	0.42282	0.36062	0.0114
V204	0.05041	0.55451	0	0.39508
V205	0.06328	0.09614	0.80924	0.03134
V206	0.09363	0.13164	0.77293	0.0018
V207	0.19735	0.22817	0.03535	0.53913
V208	0.28581	0.09014	0.61012	0.01393
V209	0.33836	0.45842	0.05919	0.14403
V210	0.13289	0.72225	0.09322	0.05164
V211	0.48229	0.02835	0.01675	0.4726
V212	0.52262	0.05514	0.39097	0.03127
V213	0.65321	0.03622	0.10254	0.20803
V214	0.37132	0.18048	0.15137	0.29683
V215	0.35486	0.12356	0	0.52158
V216	0.13517	0.0039	0.0577	0.80323
V217	0.08243	0.50055	0.22318	0.19383
V218	0.13893	0.46025	0.15967	0.24114
V219	0.15499	0.63273	0	0.21227
V220	0.05224	0.81078	0	0.13698
V221	0.81421	0.00421	0	0.18158
V222	0.34874	0.15404	0.33588	0.16135
V223	0.0395	0.17487	0.71123	0.07439
V224	0.94783	0	0.03859	0.01358
V225	0.1106	0.82089	0.06215	0.00636
V226	0.3392	0.10514	0.54404	0.01161
V227	0.78077	0	0.18121	0.03802
V228	0.76493	0.07	0.05765	0.10743
V229	0.06619	0.06385	0.82846	0.0415
V230	0.09138	0.07682	0.02831	0.80348
V231	0.05868	0.3235	0.09856	0.51926
V232	0.08876	0.64831	0	0.26293
V233	0.57739	0.09838	0.1844	0.13984
V234	0.08932	0.84806	0.03343	0.0292
V235	0.40264	0.08037	0.48392	0.03307
V236	0.0865	0.10672	0.73235	0.07443
V237	0.23842	0.02949	0.02987	0.70222
V238	0.17192	0.53525	0.24991	0.04291
V239	0.11787	0.4339	0	0.44822
V240	0.507	0.05373	0.38624	0.05303
V241	0.06114	0.03883	0.83084	0.06919
V242	0.17792	0.71532	0.09421	0.01256
V243	0.27681	0.06835	0.58129	0.07354
V244	0.24705	0.01755	0.65249	0.08292
V245	0.60702	0.2835	0.04359	0.06589
V246	0.09774	0.18024	0.69896	0.02306
V247	0.20361	0.05593	0.74046	0
V248	0.09994	0.07632	0.04638	0.77735
V249	0.01706	0.08796	0.82277	0.07221
V250	0.76169	0	0.20723	0.03108
V251	0.90725	0.04838	0.00088	0.04348
V252	0.05532	0.7924	0.15228	0
V253	0.4094	0.08889	0.15089	0.35081
V254	0.06191	0.86447	0.05593	0.01769
V255	0.09621	0.85388	0	0.04991
V256	0.21295	0.23355	0.47354	0.07996
V257	0.45171	0.11665	0.21571	0.21593
V258	0.21366	0.28159	0.39027	0.11448
V259	0.07504	0.31148	0.57858	0.03489
V260	0.02227	0.30682	0.66206	0.00885
V261	0.62697	0.03864	0.18487	0.14953
V262	0.1785	0.09937	0	0.72213
V263	0.07276	0.88598	0	0.04126
V264	0.21096	0.06548	0.40727	0.31629
V265	0.10564	0.01297	0.1414	0.73999
V266	0.67245	0.32753	2e-05	0
V267	0.02264	0.22461	0.27567	0.47708
V268	0.43399	0.03649	0.13421	0.39531
V269	0.04019	0.54852	0.36815	0.04314
V270	0.64816	0.0319	0.22758	0.09236
V271	0.79208	0.06906	0.02301	0.11585
V272	0.10335	0.79247	0.00503	0.09915
V273	0.14264	0.05883	0.03888	0.75965
V274	0.70699	0	0.17326	0.11975
V275	0.0256	0.07537	0.85937	0.03966
V276	0.52562	0.32739	0	0.14699
V277	0.08246	0.24971	0.14915	0.51868
V278	0.09107	0.09596	0.27905	0.53392
V279	0.69112	0.063	0.10245	0.14344
V280	0.10792	0.00124	0.0715	0.81934
V281	0.56975	0.04	0.13049	0.25975
V282	0.09846	0.10635	0.7349	0.06028
V283	0.25059	0.56107	0.05462	0.13372
V284	0.08153	0.84373	0.06372	0.01102
V285	0.11547	0.03977	0.84476	0
V286	0.28121	0.52607	0.10223	0.09049
V287	0.14686	0.81094	0.00924	0.03295
V288	0.04853	0.30966	0.40313	0.23867
V289	0.31042	0.23462	0.38323	0.07173
V290	0.83773	0.153	0.00927	0
V291	0.50379	0.08295	0.39399	0.01927
V292	0.90314	0.00686	0	0.09
V293	0.32795	0.0394	0.59134	0.04131
V294	0.13725	0.38187	0	0.48088
V295	0.06122	0.22091	0.1798	0.53807
V296	0.21382	0.14832	0.5569	0.08096
V297	0.15982	0.00974	0.08405	0.7464
V298	0.32968	0.12413	0.53669	0.0095
V299	0.12486	0.30693	0	0.56822
V300	0.03624	0.07323	0.22344	0.6671
V301	0.16101	0.14381	0.59007	0.1051
V302	0.66164	0.30806	0	0.03031
V303	0.02851	0.58473	0.35894	0.02782
V304	0.09865	0.06388	0.69177	0.14571
V305	0.16033	0.19097	0.4274	0.2213
V306	0.79131	0.09504	0.04159	0.07207
V307	0.07345	0.87586	0.01549	0.03519
V308	0.26315	0.25007	0.27285	0.21394
V309	0.37143	0.32561	0.00706	0.2959
V310	0.12228	0.34647	0.1384	0.39285
V311	0.53808	0.44073	0	0.02119
V312	0.14511	0.69336	0.14061	0.02092
V313	0.03353	0.16007	0.01075	0.79565
V314	0.05207	0.5031	0.10004	0.34479
V315	0.16512	0.61344	0.02671	0.19473
V316	0.33709	0.15507	0.35581	0.15203
V317	0.13232	0.678	0.04092	0.14875
V318	0.08131	0.56854	0	0.35015
V319	0.09873	0.09902	0.76207	0.04017
V320	0.11649	0.17612	0.59416	0.11323
V321	0.66282	0.33689	3e-04	0
V322	0.23917	0.34316	0.05481	0.36286
V323	0.13122	0.05486	0.08176	0.73216
V324	0.66087	0.24353	0.06209	0.03352
V325	0.34108	0.59914	0.05384	0.00594
V326	0.02243	0.58236	0.08672	0.30849
V327	0.06945	0.19106	0.09052	0.64897
V328	0.08791	0.06486	0.69323	0.154
V329	0.22577	0.14338	0.15563	0.47523
V330	0.42158	0.02455	0.31196	0.24191
V331	0.39513	0.11123	0.02598	0.46766
V332	0.05996	0.09117	0.17126	0.67761
V333	0.44178	0.09089	0.35753	0.10981
V334	0.38956	0.02679	0.33269	0.25096
V335	0.06071	0.3525	0.47476	0.11203
V336	0.21804	0.66928	0.01211	0.10058
V337	0.31234	0.39304	0.27178	0.02284
V338	0.03364	0.91427	0.01334	0.03875
V339	0.16456	0.02826	0.79286	0.01432
V340	0.09094	0.25519	0.48773	0.16615
V341	0.09578	0.07483	0.0596	0.76979
V342	0.28018	0.01989	0.57491	0.12501
V343	0.91291	0.02995	0.00286	0.05427
V344	0.68347	0.14986	0.16667	0
V345	0.07381	0.07678	0.84942	0
V346	0.27062	0.14018	0.26342	0.32578
V347	0.1162	0.04215	0.11801	0.72364
V348	0.0948	0.63413	0.13903	0.13204
V349	0.36623	0.18187	0.3519	0.10001
V350	0.07359	0.75685	0.16956	0
V351	0.0652	0.07075	0.37879	0.48526
V352	0.08853	0.05604	0.78048	0.07495
V353	0.85288	0.02536	0.02839	0.09337
V354	0.08851	0.65783	0.21543	0.03823
V355	0.30442	0.1	0.42622	0.16936
V356	0.10711	0.05803	0.09014	0.74472
V357	0.148	0.35124	0.25936	0.2414
V358	0.56197	0.11563	0.03698	0.28543
V359	0.59622	0.06912	0.01499	0.31966
V360	0.56108	0.39856	0.01419	0.02617
V361	0.02108	0.45276	0.51597	0.01019
V362	0.02184	0.91568	0.02516	0.03732
V363	0.20543	0.14719	0.43442	0.21297
V364	0.1935	0.09427	0.6232	0.08903
V365	0.3291	0.04645	0	0.62445
V366	0.11995	0.65926	0.08066	0.14013
V367	0.5868	0.13937	0	0.27382
V368	0.13242	0.69534	0.08196	0.09029
V369	0.05813	0.40097	0.53686	0.00404
V370	0.3223	0.28125	0.37349	0.02296
V371	0.22817	0.68102	0.0234	0.0674
V372	0.2255	0.08464	0.10817	0.58169
V373	0.1186	0.17429	0.44035	0.26675
V374	0.78322	0.02072	0.19606	0
V375	0.1074	0.07767	0.13071	0.68422
V376	0.10471	0.07111	0.08708	0.7371
V377	0.79688	0	0	0.20312
V378	0.04991	0.07221	0.3907	0.48718
V379	0.3774	0.21	0	0.41261
V380	0.20521	0.10508	0.18576	0.50396
V381	0.73243	0.01406	0.08612	0.16739
V382	0.12528	0.07096	0.79271	0.01105
V383	0.81975	0.0044	0.04453	0.13132
V384	0.56659	0.08815	0.12018	0.22507
V385	0.83032	0.0148	0.07026	0.08462
V386	0.35158	0.03115	0.13789	0.47938
V387	0.58111	0.1547	0.1742	0.08999
V388	0.39211	0.33173	0.13167	0.14449
V389	0.43818	0.49171	0.00143	0.06868
V390	0.31985	0.26259	0.41757	0
V391	0.45732	0.12254	0	0.42014
V392	0.43749	0.23199	0.14995	0.18058
V393	0.3027	0.24439	0.31919	0.13372
V394	0.14349	0.26151	0.09874	0.49626
V395	0.25022	0.39436	0.18695	0.16847
V396	0.06134	0.89028	0.00551	0.04286
V397	0.757	0.08817	0.09439	0.06044
V398	0.46913	0.15212	0.0831	0.29565
V399	0.22612	0.53264	0.14269	0.09855
V400	0.02387	0.60087	0.0579	0.31735
V401	0.06966	0.19001	0.6663	0.07403
V402	0.80428	0.16532	0.0304	0
V403	0.09709	0.06259	0.06968	0.77064
V404	0.12597	0.22328	0.56273	0.08803
V405	0.27545	0.05725	0.1574	0.50991
V406	0.64026	0.24568	0.00456	0.1095
V407	0.03364	0.91427	0.01334	0.03875
V408	0.12575	0.27223	0.37093	0.2311
V409	0.0489	0.06849	0.04341	0.83919
V410	0.13596	0.80218	0.02964	0.03221
V411	0.48474	0.00954	0	0.50573
V412	0.19583	0.10756	0.46576	0.23086
V413	0.09476	0.4943	0.17068	0.24025
V414	0.07207	0.50525	0.31059	0.1121
V415	0.46737	0.04764	0.21619	0.2688
V416	0.05856	0.11743	0.82401	0
V417	0.409	0.57295	0	0.01804
V418	0.13069	0.14352	0.12875	0.59704
V419	0.10118	0.00373	0.0765	0.81858
V420	0.01862	0.8694	0.01538	0.0966
V421	0.19371	0.07333	0.62664	0.10632
V422	0.12929	0.10689	0	0.76382
V423	0.12218	0.05556	0.78843	0.03383
V424	0.01451	0.09721	0.60032	0.28796
V425	0.09233	0.26398	0.54738	0.09632
V426	0.13091	0.08322	0.71888	0.067
V427	0.10685	0.41649	0.1798	0.29686
V428	0.13356	0.73003	0.0533	0.08311
V429	0.09648	0.01721	0.07341	0.81291
V430	0.7376	0.16627	0.00549	0.09064
V431	0.22103	0.05532	0.42629	0.29735
V432	0.17644	0.13163	0.0339	0.65803
V433	0.09967	0.71008	0	0.19025
V434	0.3845	0.10205	0.03648	0.47698
V435	0.53529	0.0212	0.11347	0.33004
V436	0.42533	0.02649	0.10785	0.44033
V437	0.2797	0.24346	0	0.47684
V438	0.61436	0.16844	0.0174	0.1998
V439	0.10485	0.14012	0	0.75503
V440	0.52088	0.05549	0.01425	0.40938
V441	0.10527	0.16612	0.55452	0.1741
V442	0.34133	0.34893	0.12184	0.1879
V443	0.74138	0.00548	0.08542	0.16773
V444	0.07381	0.07678	0.84942	0
V445	0.61264	0.02959	0.31607	0.0417
V446	0.0797	0.78566	0.05801	0.07663
V447	0.6213	0.10419	0.16608	0.10844
V448	0.07069	0.10946	0.18	0.63985
V449	0.56296	0.0553	0.27649	0.10526
V450	0.18986	0.79672	0.01342	0
V451	0.88819	0.04735	0	0.06446
V452	0.11308	0.04458	0.07448	0.76786
V453	0.78363	0.07858	0.05854	0.07926
V454	0.02812	0.8785	0.05859	0.03479
V455	0.59836	0.04556	0.28272	0.07336
V456	0.34815	0.14449	0.35511	0.15225
V457	0.04545	0.09283	0.01889	0.84284
V458	0.31084	0.24037	0	0.44878
V459	0.05378	0.75896	0.09605	0.09121
V460	0.89813	0.01004	0.03132	0.06051
V461	0.14878	0.08098	0	0.77024
V462	0.38085	0.24615	0	0.373
V463	0.28056	0.46329	0.1489	0.10725
V464	0.53286	0.10543	0	0.36171
V465	0.42352	0.41723	0.01382	0.14543
V466	0.59185	0.18527	0	0.22288
V467	0.34241	0.54005	0.07693	0.04061
V468	0.50919	0.38411	0.04486	0.06184
V469	0.0569	0.2203	0.27173	0.45107
V470	0.54791	0.13687	0.16701	0.14821
V471	0.32259	0.13833	0.01476	0.52432
V472	0.35552	0.3259	0	0.31859
V473	0.14215	0.52769	0.31622	0.01394
V474	0.19338	0.00329	0.11245	0.69088
V475	0.22302	0.41303	0.06664	0.2973
V476	0.23474	0.04259	0.05245	0.67022
V477	0.5989	0.04973	0.1938	0.15757
V478	0.17468	0.57676	0	0.24856
V479	0.04862	0.12891	0.7395	0.08297
V480	0.1313	0.34306	0.02952	0.49612
V481	0.18395	0.05243	0.74281	0.02081
V482	0.6804	0.16347	0.10427	0.05186
V483	0.19213	0.14865	0.05876	0.60045
V484	0.09286	0.11692	0.01974	0.77047
V485	0.1671	0.70665	0.00253	0.12372
V486	0.30289	0.28466	0.11522	0.29723
V487	0.14736	0.0838	0.07573	0.69312
V488	0.02544	0.03854	0.83637	0.09965
V489	0.2466	0.13174	0.61292	0.00875
V490	0.36837	0.32657	0.05427	0.25079
V491	0.45889	0.44534	0.02694	0.06883
V492	0.0757	0.78306	0.13503	0.0062
V493	0.14292	0	0	0.85708
V494	0.22415	0.18541	0.47615	0.1143
V495	0.25922	0.58653	0.13574	0.01851
V496	0.30955	0.6399	0	0.05055
V497	0.0664	0.03151	0.8671	0.03499
V498	0.36187	0.13248	0.0365	0.46915
V499	0.61481	0.25824	0.11587	0.01108
V500	0.14067	0.15648	0.66184	0.04101
V501	0.04117	0.02064	0.08377	0.85442
V502	0.54949	0.27536	0.1423	0.03286
V503	0.24538	0.1314	0.18499	0.43824
V504	0.27026	0.65704	0.00484	0.06786
V505	0.23325	0.24385	0.23499	0.28791
V506	0.12362	0.28199	0.41822	0.17617
V507	0.60931	0.11335	0.11157	0.16578
V508	0.73399	0.16635	0.03319	0.06647
V509	0.26029	0.09396	0.4684	0.17736
V510	0.25754	0.49604	0.24642	0
V511	0.09283	0.44619	0.03167	0.42931
V512	0.30134	0.07858	0.06929	0.55079
V513	0.11852	0.61384	0.20468	0.06296
V514	0.08166	0.11297	0	0.80537
V515	0.75385	0.07005	0.03918	0.13692
V516	0.88532	0.07905	0	0.03563
V517	0.09836	0.06636	0.23754	0.59774
V518	0.9138	0.03863	0	0.04757
V519	0.0732	0.82864	0	0.09816
V520	0.0707	0.02818	0.59937	0.30175
V521	0.56397	0.06024	0.33631	0.03949
V522	0.03679	0.17106	0.54477	0.24738
V523	0.37737	0.15127	0.23806	0.2333
V524	0.04528	0.73264	0.18913	0.03295
V525	0.30494	0.23687	0.00474	0.45345
V526	0.64236	0.09282	0.06548	0.19934
V527	0.24666	0.05295	0.37465	0.32574
V528	0.14413	0.80108	0	0.05479
V529	0.11705	0.1042	0.20777	0.57097
V530	0.03817	0.2397	0.62553	0.0966
V531	0.06845	0.81532	0.11623	0
V532	0.21955	0.3548	0.00667	0.41898
V533	0.30925	0.3617	0.12372	0.20533
V534	0.04649	0.0609	0.66851	0.22409
V535	0.58911	0	0	0.41089
V536	0.24072	0.00023	0.37166	0.38739
V537	0.5879	0.25365	0.14167	0.01677
V538	0.4851	0.07242	0.07641	0.36607
V539	0.29349	0.426	0.14649	0.13402
V540	0.23881	0.64885	0.07184	0.04051
V541	0.05306	0.53002	0.05349	0.36344
V542	0.23874	0.1632	0.23414	0.36392
V543	0.86254	0.0074	0.004	0.12605
V544	0.16182	0.13018	0.15732	0.55068
V545	0.39956	0.16649	0.05612	0.37783
V546	0.09951	0.8215	0.07179	0.0072
V547	0.08008	0.60967	0.29839	0.01187
V548	0.19939	0.71324	0.08519	0.00218
V549	0.34655	0.05935	0.57546	0.01864
V550	0.60958	0.02624	0	0.36419
V551	0.21781	0.6909	0.03246	0.05883
V552	0.01997	0.55656	0	0.42346
V553	0.25711	0.17557	0.55122	0.0161
V554	0.13041	0.1302	0.01096	0.72843
V555	0.12883	0.26404	0.30991	0.29723
V556	0.01367	0.08135	0.85178	0.0532
V557	0.80746	0.03232	0	0.16022
V558	0.11244	0.75011	0.02267	0.11478
V559	0.05309	0.75979	0.18712	0
V560	0.68696	0.28719	0	0.02585
V561	0.0256	0.07537	0.85937	0.03966
V562	0.76654	0.00609	0.11259	0.11479
V563	0.27386	0.02578	0.68491	0.01545
V564	0.10167	0.11912	0.76196	0.01725
V565	0.15836	0.28957	0.34808	0.20399
V566	0.69664	0.09742	0	0.20593
V567	0.25677	0.45478	0.01025	0.27819
V568	0.30754	0.02258	0.04989	0.61999
V569	0.69023	0.02325	0	0.28652
V570	0.06145	0.31343	0.56438	0.06073
V571	0.79813	0.1157	0	0.08617
V572	0.46148	0.02767	0.4101	0.10076
V573	0.12562	0.20429	0	0.67009
V574	0.08194	0.73319	0.17012	0.01475
V575	0.07334	0.1308	0.11211	0.68375
V576	0.1978	0.74538	0.03731	0.01951
V577	0.09872	0.08588	0.19871	0.61669
V578	0.09671	0.11138	0.62876	0.16316
V579	0.05092	0.81769	0.09925	0.03213
V580	0.22093	0.02994	0.10608	0.64305
V581	0.14611	0.11269	0	0.7412
V582	0.58849	0.16159	0.01662	0.23331
V583	0.03949	0.09424	0.56357	0.3027
V584	0.51945	0.17025	0.26957	0.04073
V585	0.05654	0.05356	0.42671	0.46319
V586	0.26702	0.04088	0.60167	0.09043
V587	0.29598	0.04192	0.62834	0.03377
V588	0.64369	0.05839	0.00524	0.29268
V589	0.10133	0.76419	0.06637	0.06811
V590	0.09323	0.71732	0.18802	0.00143
V591	0.03684	0.0826	0.1947	0.68586
V592	0.19338	0.07308	0.73353	0
V593	0.5979	0	0.17711	0.22499
V594	0.35458	0.29692	0.30564	0.04287
V595	0.11325	0.07346	0.02433	0.78896
V596	0.07605	0.32152	0.20945	0.39298
V597	0.02007	0.57575	0.32533	0.07884
V598	0.05868	0.1579	0.76341	0.02
V599	0.62279	0.30603	0.02904	0.04214
V600	0.37942	0.45987	0.04233	0.11838
V601	0.20888	0.30575	0.06641	0.41896
V602	0.11936	0.08205	0.00463	0.79397
V603	0.05222	0.40562	0	0.54216
V604	0.51775	0.13465	0.31424	0.03335
V605	0.10168	0.35274	0.36958	0.176
V606	0.71557	0.15627	0	0.12816
V607	0.65525	0.01671	0.10316	0.22488
V608	0.25031	0.19247	0.35239	0.20484
V609	0.06688	0.28141	0.22004	0.43167
V610	0.75314	0.02416	0.08552	0.13718
V611	0.34911	0.02091	0.04649	0.58348
V612	0.05954	0.13748	0.73512	0.06785
V613	0.07628	0.34845	0.54179	0.03348
V614	0.74618	0.07048	0.03895	0.14439
V615	0.20582	0.08933	0	0.70485
V616	0.12187	0.67974	0.04094	0.15745
V617	0.48426	0.17379	0.34195	0
V618	0.73207	0.00111	0	0.26682
V619	0.41094	0.05232	0.29449	0.24224
V620	0.04708	0.62666	0.31717	0.00909
V621	0.44189	0.1744	0.15907	0.22464
V622	0.37507	0.23863	0.36105	0.02526
V623	0.07229	0.12045	0.13161	0.67565
V624	0.77891	0.17805	0	0.04304
V625	0.29362	0.48214	0.08995	0.13429
V626	0.90677	0.0304	0	0.06283
V627	0.03559	0.07022	0.07793	0.81626
V628	0.03643	0.27173	0	0.69184
V629	0.16207	0.32025	0.25774	0.25993
V630	0.07449	0.34899	0.5339	0.04262
V631	0.06491	0.24015	0.09165	0.60328
V632	0.60192	0	0.13006	0.26802
V633	0.01433	0.08589	0.78438	0.1154
V634	0.41468	0.27255	0.31127	0.00149
V635	0.07016	0.73929	0	0.19055
V636	0.16122	0.14357	0.5819	0.11331
V637	0.34209	0.22209	0.07492	0.3609
V638	0.40296	0.27421	0.05416	0.26866
V639	0.29575	0.41618	0.28807	0
V640	0.07163	0.19003	0.68788	0.05046
V641	0.85138	0.04345	0.0188	0.08637
V642	0.74902	0.16098	0	0.09
V643	0.03874	0.23104	0.42542	0.30479
V644	0.87638	0.07498	0	0.04864
V645	0.29084	0.40412	0.29129	0.01374
V646	0.0688	0.89221	0.00794	0.03104
V647	0.18221	0.12475	0.63627	0.05678
V648	0.42781	0.41563	0.12747	0.02909
V649	0.06238	0.11003	0.76567	0.06192
V650	0.09699	0.13359	0.70309	0.06633
V651	0.33443	0.02526	0.62391	0.0164
V652	0.13362	0.13185	0.41022	0.3243
V653	0.16401	0.63123	0.09848	0.10628
V654	0.68139	0.19768	0.05076	0.07017
V655	0.0808	0.58182	0.00486	0.33252
V656	0.25644	0.29136	0	0.45219
V657	0.09752	0.12061	0	0.78187
V658	0.59677	0.2157	0.04687	0.14066
V659	0.35159	0.11569	0.33594	0.19678
V660	0.08209	0.8779	0	0.04001
V661	0.10364	0.44486	0.04152	0.40998
V662	0.43004	0.03776	0.43183	0.10037
V663	0.26814	0.10561	0.51908	0.10717
V664	0.23465	0.10193	0.61556	0.04787
V665	0.67671	0.18987	0.03011	0.10331
V666	0.60438	0	0.09431	0.30131
V667	0.76622	0.07807	0.15571	0
V668	0.16599	0.7474	0.0866	0
V669	0.25879	0.40869	0.23492	0.09761
V670	0.12704	0.83725	0	0.03572
V671	0.37658	0.2944	0.23759	0.09143
V672	0.06236	0.07554	0.81648	0.04562
V673	0.26048	0.3738	0.21481	0.1509
V674	0.70978	0.15145	0.00268	0.13608
V675	0.17041	0.34667	0.29725	0.18567
V676	0.08333	0.16004	0.09161	0.66502
V677	0.40053	0.3934	0.08718	0.11889
V678	0.52939	0.44398	0.0068	0.01984
V679	0.08852	0.3288	0.57469	0.008
V680	0.33408	0.51695	0.13094	0.01803
V681	0.86262	0.06871	0.00246	0.06622
V682	0.1497	0.31486	0.50181	0.03363
V683	0.0743	0.90525	0.02045	0
V684	0.68065	0.16214	0.08654	0.07067
V685	0.49973	0.33438	0.11446	0.05143
V686	0.14224	0.2226	0.13755	0.49761
V687	0.11814	0.05563	0.03339	0.79284
V688	0.39641	0.47814	0	0.12545
V689	0.32024	0	0.04872	0.63104
V690	0.47883	0.06373	0.38906	0.06838
V691	0.19388	0.03346	0.75908	0.01357
V692	0.11763	0.17623	0.64132	0.06482
V693	0.26498	0.14133	0.34258	0.25112
V694	0.05623	0.07091	0.28005	0.59282
V695	0.29987	0.02432	0.14887	0.52694
V696	0.1533	0.12818	0	0.71852
V697	0.08363	0.10971	0.00287	0.80379
V698	0.81812	0.00645	0	0.17544
V699	0.56223	0.28127	0.05869	0.0978
V700	0.29801	0.046	0	0.65599
V701	0.1522	0.52339	0.10215	0.22227
V702	0.56493	0.09004	0	0.34502
V703	0.17531	0.08982	0.4576	0.27726
V704	0.80323	0.05136	0.01495	0.13046
V705	0.90883	0	0.0156	0.07556
V706	0.12005	0.09211	0.70615	0.08169
V707	0.07733	0.43189	0.45742	0.03336
V708	0.08307	0.82142	0.01883	0.07668
V709	0.16877	0.28456	0.47587	0.0708
V710	0.59783	0.21551	0.03759	0.14907
V711	0.13412	0.73591	0.09453	0.03544
V712	0.8023	0.05317	0	0.14453
V713	0.45224	0.30517	0.01824	0.22436
V714	0.04436	0.66816	0.01239	0.27509
V715	0.32313	0.3373	0.27899	0.06057
V716	0.1125	0.08427	0.04168	0.76155
V717	0.12795	0.84488	0	0.02718
V718	0.18366	0.53873	0.17183	0.10578
V719	0.10002	0.68508	0.03099	0.1839
V720	0.69337	0	0.21913	0.0875
V721	0.15958	0.20051	0.43688	0.20303
V722	0.14226	0.36458	0	0.49316
V723	0.1828	0.11828	0	0.69892
V724	0.59291	0.03806	0.07555	0.29347
V725	0.02543	0.14231	0.78814	0.04412
V726	0.0775	0.41124	0.10874	0.40252
V727	0.30103	0.60605	0.08996	0.00296
V728	0.07847	0.81451	0.09935	0.00767
V729	0.44385	0.02716	0.15172	0.37727
V730	0.8607	0.03499	0.03739	0.06692
V731	0.06193	0.23951	0.37364	0.32492
V732	0.37398	0.10366	0.32505	0.19731
V733	0.63702	0.19314	0.01998	0.14985
V734	0.26647	0.3131	0.42043	0
V735	0.06091	0.07218	0.46009	0.40683
V736	0.22464	0.03546	0	0.73989
V737	0.3473	0.2979	0.22014	0.13465
V738	0.11305	0.34903	0.41538	0.12255
V739	0.00832	0.06187	0.59111	0.33869
V740	0.81647	0.08847	0.06057	0.0345
V741	0.49888	0.12103	0.11156	0.26853
V742	0.4328	0.55758	0.00962	0
V743	0.17393	0.17389	0.63438	0.01779
V744	0.524	0.05785	0.30565	0.1125
V745	0.05262	0.66293	0.17914	0.1053
V746	0.9361	0	0	0.0639
V747	0.1001	0.0247	0.68421	0.191
V748	0.16055	0.14275	0.53984	0.15686
V749	0.32602	0.20549	0.03397	0.43452
V750	0.432	0.44265	0.00641	0.11894
V751	0.09285	0.80594	0.03868	0.06252
V752	0.4685	0.2372	0.12188	0.17241
V753	0.11839	0.0761	0	0.80551
V754	0.05727	0.87409	0	0.06864
V755	0.18528	0.22817	0.31719	0.26937
V756	0.10643	0.04822	0.05788	0.78747
V757	0.36348	0.5449	0.05876	0.03286
V758	0.08565	0.71654	0.12238	0.07543
V759	0.16865	0.09892	0.37872	0.35371
V760	0.32827	0.08493	0.2614	0.3254
V761	0.10553	0.55381	0.26205	0.0786
V762	0.02775	0.42222	0	0.55003
V763	0.40909	0.35743	0.00956	0.22392
V764	0.05619	0.87128	0.00263	0.0699
V765	0.67061	0.08292	0	0.24648
V766	0.04878	0.34776	0.41108	0.19237
V767	0.48646	0.14249	0.22466	0.14639
V768	0.10796	0.83633	0.02015	0.03556
V769	0.18797	0.76284	0.02842	0.02077
V770	0.0688	0.89221	0.00794	0.03104
V771	0.20395	0.05107	0.72479	0.02019
V772	0.17627	0.08621	0.73395	0.00357
V773	0.20752	0.76915	6e-05	0.02328
V774	0.06515	0.03497	0.85199	0.04789
V775	0.16774	0.07779	0.26729	0.48718
V776	0.44249	0.40525	0.04166	0.11059
V777	0.22714	0.1534	0.12643	0.49303
V778	0.53631	0.27607	0.05741	0.13021
V779	0.20792	0.07744	0.46502	0.24963
V780	0.15466	0.71445	0.13089	0
V781	0.13215	0.07644	0.02598	0.76543
V782	0.04029	0.16617	0.7263	0.06724
V783	0.77475	0.02435	0.04021	0.16069
V784	0.15842	0.81471	0.01318	0.01369
V785	0.08938	0.86123	0.01049	0.0389
V786	0.69792	0.16069	0.07792	0.06347
V787	0.02391	0.79414	0.16748	0.01446
V788	0.50992	0.29628	0.14293	0.05086
V789	0.11946	0.39544	0.00795	0.47715
V790	0.48733	0.04355	0.06756	0.40156
V791	0.16837	0.38326	0.30735	0.14102
V792	0.17512	0.53042	0	0.29446
V793	0.16537	0.63037	0.02771	0.17655
V794	0.08499	0.12515	0.71532	0.07454
V795	0.18156	0.08246	0.04796	0.68802
V796	0.06733	0.12953	0.77048	0.03266
V797	0.74736	0	0.21672	0.03592
V798	0.61524	0.28343	0.0716	0.02972
V799	0.17693	0.72449	0.02262	0.07595
V800	0.1137	0.06562	0.48936	0.33132
V801	0.17931	0.15898	0.30734	0.35437
V802	0.08707	0.12714	0.25913	0.52667
V803	0.25382	0.49253	0.25365	0
V804	0.53005	0.03216	0.35957	0.07822
V805	0.0787	0.03516	0.88614	0
V806	0.09697	0.84371	0.00931	0.05001
V807	0.30836	0.18805	0.01362	0.48997
V808	0.65212	0.26071	0.03563	0.05154
V809	0.0878	0.08906	0.82314	0
V810	0.07061	0.89724	0	0.03215
V811	0.44614	0.09636	0.18812	0.26938
V812	0.54834	0.26583	0.03801	0.14782
V813	0.58855	0.20029	0.17581	0.03534
V814	0.45399	0.49396	0.04271	0.00934
V815	0.03302	0.86294	0.08612	0.01793
V816	0.92566	0	0.06536	0.00897
V817	0.07067	0.12156	0.78464	0.02313
V818	0.03978	0.10536	0.03907	0.81579
V819	0.799	0.08674	0.04121	0.07305
V820	0.20033	0.14252	0	0.65715
V821	0.24602	0.32601	0.35881	0.06915
V822	0.11145	0.06836	0.78631	0.03388
V823	0.05841	0.22854	0.62387	0.08918
V824	0.12567	0.37641	0.49792	0
V825	0.25123	0.30915	0.23447	0.20514
V826	0.44758	0.39515	0.14558	0.01169
V827	0.40452	0.55555	0.00428	0.03564
V828	0.26838	0.19904	0.09631	0.43627
V829	0.09308	0.28652	0.0205	0.5999
V830	0.272	0.2603	0.00463	0.46308
V831	0.75324	0.09691	0.02022	0.12963
V832	0.29416	0.39879	0.15557	0.15148
V833	0.18348	0.49581	0.17075	0.14996
V834	0.3407	0.10503	0.06658	0.48769
V835	0.37739	0.43162	0.10836	0.08263
V836	0.04957	0.66889	0	0.28154
V837	0.25098	0.38565	0.17678	0.18658
V838	0.89342	0.04728	0.0244	0.03491
V839	0.33149	0.56832	0.09741	0.00278
V840	0.33016	0.66616	0.00368	0
V841	0.02142	0.09734	0.81602	0.06522
V842	0.37427	0.18919	0.23894	0.1976
V843	0.05836	0.07377	0.79352	0.07435
V844	0.15748	0.13034	0.35851	0.35367
V845	0.10705	0.15012	0.67707	0.06576
V846	0.01379	0.06644	0.72725	0.19252
V847	0.04854	0.02083	0.07196	0.85866
V848	0.12793	0.50623	0.16199	0.20385
V849	0.0225	0.91095	0.00917	0.05738
V850	0.91291	0	0.02084	0.06625
V851	0.36056	0.49973	0.13971	0
V852	0.17074	0.08978	0.11908	0.6204
V853	0.26795	0.24809	0.36828	0.11568
V854	0.58679	0.17947	0.09351	0.14023
V855	0.04854	0.02083	0.07196	0.85866
V856	0.08169	0.37585	0.33096	0.21151
V857	0.66294	0.18242	0.01978	0.13487
V858	0.55563	0.02793	0.39367	0.02277
V859	0.64951	0.23581	0.0046	0.11008
V860	0.24676	0.15317	0.03745	0.56261
V861	0.13085	0.36259	0.50245	0.00412
V862	0.17173	0.12591	0.6527	0.04966
V863	0.26265	0.08198	0	0.65537
V864	0.14494	0.07715	0.046	0.73191
V865	0.17233	0.03522	0.2588	0.53366
V866	0.70997	0.02633	0.2302	0.03351
V867	0.70981	0.0367	0.22974	0.02374
V868	0.51143	0.27734	0.12349	0.08773
V869	0.07932	0.88831	0.00511	0.02725
V870	0.15414	0.36978	0	0.47607
V871	0.0225	0.91095	0.00917	0.05738
V872	0.06236	0.06073	0.23933	0.63758
V873	0.84861	0.03409	0.04458	0.07272
V874	0.23784	0.73224	0.02992	0
V875	0.05991	0.24205	0.18901	0.50902
V876	0.19046	0.34059	0.3809	0.08805
V877	0.08218	0.41514	0.28191	0.22077
V878	0.17715	0.75485	0.068	0
V879	0.22877	0.64774	0.04033	0.08316
V880	0.33523	0.52123	0	0.14355
V881	0.18348	0.08207	0.55931	0.17514
V882	0.78054	0	0.11897	0.1005
V883	0.30423	0.21585	0.47992	0
V884	0.06827	0.30044	0	0.63129
V885	0.71187	0.20819	0.07994	0
V886	0.04926	0.38348	0.43752	0.12974
V887	0.62672	0.07666	0.14712	0.1495
V888	0.14147	0.08999	0.67994	0.08861
V889	0.87359	0.05277	0.01296	0.06068
V890	0.06979	0.1895	0.57545	0.16526
V891	0.61564	0.06446	0.26226	0.05764
V892	0.32552	0.2059	0	0.46858
V893	0.56948	0.21799	0.14014	0.07239
V894	0.10655	0.32761	0.53132	0.03452
V895	0.58795	0.07954	0.18378	0.14873
V896	0.09051	0.86904	0.00078	0.03968
V897	0.67978	0.24284	0	0.07738
V898	0.5094	0	0	0.4906
V899	0.07372	0.24058	0.12923	0.55647
V900	0.11388	0.32382	0.34085	0.22145
V901	0.08132	0.79625	0	0.12243
V902	0.1013	0.83616	0.05347	0.00906
V903	0.04015	0.42758	0.49012	0.04214
V904	0.07919	0.89274	0	0.02806
V905	0.21611	0	0.18479	0.59909
V906	0.43082	0.11629	0.09422	0.35867
V907	0.44786	0.48135	0.01065	0.06015
V908	0.07001	0.09589	0.06531	0.76879
V909	0.17495	0.75024	0	0.07481
V910	0.23188	0	0.12776	0.64036
V911	0.52044	0.3748	0.02552	0.07923
V912	0.40331	0.33018	0.11317	0.15334
V913	0.20439	0.00126	0.01204	0.78231
V914	0.21543	0.47715	0.27565	0.03177
V915	0.29723	0	0.00146	0.70131
V916	0.27612	0.08921	0.58645	0.04822
V917	0.69579	0.03577	0.15643	0.112
V918	0.08368	0.60327	0.2248	0.08824
V919	0.22962	0.26326	0.27472	0.2324
V920	0.60177	0.20468	0.08581	0.10774
V921	0.08975	0.20699	0.01675	0.68651
V922	0.13867	0.45611	0.3641	0.04112
V923	0.16045	0.05383	0.04411	0.7416
V924	0.0789	0.63172	0.26117	0.02821
V925	0.24773	0.06867	0	0.6836
V926	0.26746	0.0549	0.01816	0.65948
V927	0.09269	0.08494	0.05148	0.77089
V928	0.09589	0.83416	0	0.06995
V929	0.09529	0.61869	0.12782	0.1582
V930	0.51322	0.35908	0.02369	0.10401
V931	0.16907	0.29434	0.46662	0.06997
V932	0.06993	0.15963	0.56922	0.20122
V933	0.59915	0.36777	0.00475	0.02833
V934	0.04673	0.20101	0.2618	0.49046
V935	0.5506	0.17553	0.1937	0.08016
V936	0.5321	0.27618	0.00121	0.1905
V937	0.54699	0.14569	0.07387	0.23345
V938	0.40013	0.07059	0.2867	0.24258
V939	0.74093	0.02413	0.06726	0.16769
V940	0.06678	0.73926	0.15185	0.04212
V941	0.03097	0.04072	0.88651	0.04179
V942	0.71592	0.18696	0.06083	0.03629
V943	0.40593	0.15161	0.38553	0.05693
V944	0.06129	0.31164	0.05137	0.5757
V945	0.56125	0.3415	0	0.09725
V946	0.45911	0.26714	0.23589	0.03785
V947	0.13951	0.09161	0.21706	0.55183
V948	0.35786	0.05756	0.55806	0.02651
V949	0.01812	0.1656	0.19706	0.61921
V950	0.093	0.52799	0.20273	0.17628
V951	0.80302	0.02229	0.14403	0.03066
V952	0.11593	0.1744	0.24929	0.46038
V953	0.05666	0.1035	0.7957	0.04414
V954	0.08524	0.22896	0.12945	0.55635
V955	0.16596	0.58767	0.01499	0.23138
V956	0.08257	0.06956	0.48934	0.35853
V957	0.38717	0.02144	0	0.59139
V958	0.14292	0	0	0.85708
V959	0.25592	0.27677	0.39612	0.0712
V960	0.27373	0.2993	0.06433	0.36265
V961	0.16834	0.39132	0.32585	0.11449
V962	0.37561	0.19122	0.36019	0.07298
V963	0.58094	0.18083	0.1481	0.09013
V964	0.80487	0.03527	0.09395	0.06591
V965	0.09441	0.50241	0.18157	0.22161
V966	0.90747	0.0282	0	0.06433
V967	0.10089	0.08758	0.49934	0.31218
V968	0.0178	0.19623	0.71757	0.0684
V969	0.05125	0.33172	0.02248	0.59455
V970	0.07462	0.1677	0.40379	0.3539
V971	0.50109	0.10637	0.30671	0.08584
V972	0.51655	0.21383	0.03609	0.23353
V973	0.29883	0.42018	0.06661	0.21438
V974	0.04327	0.74075	0.13307	0.08291
V975	0.13939	0.30592	0.5547	0
V976	0.44906	0.25808	0.10336	0.1895
V977	0.34203	0.35182	0.30593	0.00022
V978	0.13172	0.13569	0.05357	0.67903
V979	0.77818	0.0239	0.16871	0.02921
V980	0.9361	0	0	0.0639
V981	0.36127	0.05748	0.40253	0.17872
V982	0.45176	0.38608	0.06957	0.09259
V983	0.69959	0.06131	0	0.2391
V984	0.05775	0.78063	0.11592	0.0457
V985	0.13368	0.22165	0	0.64468
V986	0.3473	0.49968	0.04395	0.10907
V987	0.27677	0.69507	0	0.02816
V988	0.28072	0.04365	0	0.67563
V989	0.4564	0.44446	0.07433	0.0248
V990	0.01299	0.1023	0.75213	0.13258
V991	0.64375	0.32739	0	0.02886
V992	0.24001	0.03741	0.49137	0.23121
V993	0.10898	0.67414	0.16857	0.04831
V994	0.22776	0.72445	0.02823	0.01956
V995	0.72045	0.11583	0.01951	0.14422
V996	0.32037	0.14921	0	0.53042
V997	0.05826	0.06144	0.76964	0.11066
V998	0.83837	0.01501	0.06124	0.08539
V999	0.16649	0.81734	0	0.01617
V1000	0.36702	0.03204	0	0.60095
