B_cells	NK_cells	T_cells_CD4.	Monocytes
V1	0.59781	0.05862	0.14261	0.20095
V2	0.20734	0.16523	0.02392	0.6035
V3	0.10498	0.62311	0	0.2719
V4	0.84063	0.13948	0.01094	0.00895
V5	0.16007	0.49132	0.21562	0.13299
V6	0.12402	0.86139	0	0.01459
V7	0.20142	0.40195	0.043	0.35364
V8	0.17198	0.03461	0.75072	0.04269
V9	0.29835	0.28541	0.00822	0.40802
V10	0.04844	0.06059	0.83437	0.0566
V11	0.25557	0.3695	0.37493	0
V12	0.05372	0.60176	0.34452	0
V13	0.34275	0.65725	0	0
V14	0.10786	0.88777	0	0.00437
V15	0.17694	0.59937	0.09322	0.13047
V16	0.86369	0.0911	0.0324	0.01281
V17	0.13529	0.85157	0	0.01314
V18	0.6154	0.33	0.03668	0.01791
V19	0.22153	0.77744	0	0.00103
V20	0.22542	0.47523	0	0.29936
V21	0.16724	0.12065	0.67558	0.03653
V22	0.06415	0.17643	0.14844	0.61098
V23	0.42609	0.09417	0.47974	0
V24	0.88468	0.07935	0.03597	0
V25	0.40387	0.2749	0.09308	0.22815
V26	0.46102	0.38737	0.00022	0.15138
V27	0.15152	0.13787	0.01038	0.70023
V28	0	0.13625	0.86375	0
V29	0.48522	0.07791	0.4198	0.01706
V30	0.15043	0.27819	0.21895	0.35243
V31	0.25766	0.24675	0.23984	0.25575
V32	0.13286	0.10194	0.0325	0.73269
V33	0.08235	0.51837	0.31639	0.08288
V34	0.16757	0.09596	0.69832	0.03814
V35	0.22434	0.69963	0.06332	0.01271
V36	0.03761	0.123	0.41151	0.42788
V37	0.58928	0.11363	0.08152	0.21556
V38	0.48946	0.05653	0.14085	0.31316
V39	0.22506	0.56215	0.10276	0.11003
V40	0.14134	0.80774	0.05092	0
V41	0.03513	0.70915	0.00965	0.24607
V42	0.28955	0.08765	0.16772	0.45508
V43	0.1756	0.36485	0.43895	0.0206
V44	0.03769	0.14684	0.66021	0.15526
V45	0.14781	0.58836	0.19247	0.07136
V46	0.78443	0.10987	0.1057	0
V47	0.49208	0.21645	0.25959	0.03189
V48	0.80225	0.17781	0.01358	0.00635
V49	0.75243	0.19879	0.00073	0.04805
V50	0.10918	0.82868	0.06213	0
V51	0.36988	0.39943	0.21793	0.01276
V52	0.05276	0.17832	0.72799	0.04093
V53	0.73201	0.14388	0.12411	0
V54	0.47212	0.22078	0.30596	0.00114
V55	0.27409	0.18712	0.19055	0.34824
V56	0.10857	0.07995	0.06136	0.75012
V57	0.14869	0.8421	0	0.0092
V58	0.67769	0.05217	0.04116	0.22898
V59	0.4912	0.39388	0.08686	0.02806
V60	0.18521	0.21559	0.26891	0.33029
V61	0.79885	0.13658	0.01793	0.04665
V62	0.84479	0.07983	0.069	0.00638
V63	0.051	0.83501	0.1	0.01399
V64	0.03497	0.85752	0	0.10751
V65	0.06912	0.02905	0.09084	0.81099
V66	0.28935	0.66709	0	0.04355
V67	0.19835	0.35418	0.44747	0
V68	0.21702	0.21479	0	0.56818
V69	0.05223	0.35191	0.5512	0.04466
V70	0.58224	0.18245	0.14913	0.08619
V71	0.22209	0.13117	0.31925	0.32749
V72	0.61497	0.18716	0.07905	0.11882
V73	0.21134	0.60482	0.1161	0.06774
V74	0.08015	0.26418	0.65567	0
V75	0.7281	0.03512	0.1744	0.06238
V76	0.03049	0.25746	0.12804	0.58402
V77	0.08855	0.33569	0	0.57575
V78	0.37061	0.16815	0.14617	0.31507
V79	0.03075	0.171	0.71255	0.0857
V80	0.40347	0.07064	0.45575	0.07014
V81	0.08547	0.21709	0.6969	0.00054
V82	0.00046	0.15215	0.81578	0.0316
V83	0.19264	0.24617	0.03861	0.52257
V84	0.46086	0.09311	0.13486	0.31118
V85	0.15618	0.35429	0.34617	0.14336
V86	0.06842	0.12431	0.75966	0.04761
V87	0.07314	0.84372	0.03033	0.0528
V88	0.22755	0.1213	0.22161	0.42953
V89	0.06804	0.0995	0.15253	0.67993
V90	0.06208	0.89388	0.03131	0.01273
V91	0.07012	0.7447	0.16768	0.01751
V92	0.50739	0.07005	0.32084	0.10172
V93	0.86281	0.06911	0.01069	0.05739
V94	0.05758	0.48431	0	0.45812
V95	0.31916	0.44012	0.12635	0.11437
V96	0.1287	0.18767	0.00376	0.67987
V97	0.69532	0.13312	0.17156	0
V98	0.72085	0.27874	0.00041	0
V99	0.7863	0.08474	0.12896	0
V100	0.10534	0.08812	0.76675	0.0398
V101	0.08321	0.14411	0	0.77268
V102	0.87142	0.09857	0.02257	0.00744
V103	0.06225	0.13513	0.05218	0.75044
V104	0.06089	0.92689	0	0.01222
V105	0.09134	0.90213	0	0.00654
V106	0.16882	0.51961	0.28599	0.02557
V107	0.23262	0.24278	0.48486	0.03974
V108	0.20059	0.7309	0.06851	0
V109	0.03836	0.22532	0.52699	0.20934
V110	0.09752	0.87304	0.01359	0.01585
V111	0.88432	0.03609	0.0781	0.00148
V112	0.18349	0.12762	0.3676	0.3213
V113	0.25183	0.17357	0.13489	0.4397
V114	0.31145	0.10971	0.06231	0.51653
V115	0.02934	0.76308	0.20759	0
V116	0.19201	0.35134	0.31571	0.14094
V117	0.69959	0.25008	0.03396	0.01637
V118	0.22944	0.58223	0.00719	0.18114
V119	0.17335	0.16128	0.02354	0.64183
V120	0.10394	0.14166	0.72532	0.02909
V121	0.6327	0.16244	0.0799	0.12497
V122	0.89394	0.05644	0.03874	0.01088
V123	0.0417	0.5607	0.00283	0.39477
V124	0.692	0.27772	0	0.03028
V125	0.44899	0.40301	0.148	0
V126	0.09684	0.23479	0.0131	0.65526
V127	0.2282	0.11204	0.21159	0.44817
V128	0.09601	0.08928	0.07414	0.74057
V129	0.61284	0.24292	0.13395	0.01029
V130	0.02849	0.66504	0.30646	0
V131	0.05643	0.88705	0	0.05653
V132	0.89026	0.04753	0.04908	0.01313
V133	0.87215	0.06149	0.05743	0.00893
V134	0.16441	0.4356	0.0877	0.31229
V135	0.14247	0.08861	0.14189	0.62703
V136	0.30863	0.41387	0	0.2775
V137	0.67109	0.0762	0.20789	0.04483
V138	0.27123	0.42441	0.14324	0.16113
V139	0.41369	0.24749	0.15392	0.18491
V140	0.09077	0.18638	0.01648	0.70636
V141	0.10419	0.21948	0.47296	0.20337
V142	0.78661	0.0381	0.17528	0
V143	0.49173	0.28598	0.04793	0.17435
V144	0.22665	0.22433	0.12359	0.42543
V145	0.01246	0.77815	0.20939	0
V146	0.11623	0.08368	0.04278	0.7573
V147	0.87329	0.07429	0.03612	0.01629
V148	0.1768	0.13648	0.50511	0.18161
V149	0.31919	0.4954	0.18541	0
V150	0.12653	0.2889	0.51637	0.0682
V151	0.27662	0.61174	0.01379	0.09785
V152	0.29113	0.4494	0.18425	0.07522
V153	0.16497	0.74385	0	0.09118
V154	0.29947	0.45402	0.23241	0.0141
V155	0.51727	0.18018	0.23312	0.06944
V156	0.06076	0.20645	0.61666	0.11614
V157	0.36338	0.20665	0.25656	0.17341
V158	0.08803	0.02668	0.0707	0.81458
V159	0.85853	0.1106	0.01292	0.01795
V160	0.71748	0.05128	0.06648	0.16476
V161	0.27773	0.07538	0.0273	0.61959
V162	0.12161	0.36518	0.03963	0.47358
V163	0.15115	0.51677	0.13542	0.19666
V164	0.40473	0.33432	0.07753	0.18342
V165	0.05468	0.31687	0	0.62845
V166	0.0609	0.19935	0.02748	0.71227
V167	0.4238	0.05622	0	0.51998
V168	0.35405	0.54691	0.06196	0.03708
V169	0.25378	0.13033	0.0234	0.59249
V170	0.1569	0.0912	0.45575	0.29614
V171	0.17365	0.28434	0.50894	0.03307
V172	0.73016	0.03773	0.2321	0
V173	0.08677	0.23647	0.00601	0.67076
V174	0.07053	0.25575	0.03213	0.6416
V175	0.09856	0.08238	0.70164	0.11742
V176	0.03254	0.81823	0.14923	0
V177	0.045	0.93829	0	0.01671
V178	0.03538	0.77747	0	0.18715
V179	0.22282	0.07948	0.32378	0.37392
V180	0.05648	0.89557	0.04794	0
V181	0.21206	0.19189	0.46252	0.13353
V182	0.35073	0.22237	0.3825	0.0444
V183	0.24203	0.75797	0	0
V184	0.91687	0.04296	0.04017	0
V185	0.61764	0.3746	0.00775	0
V186	0.17181	0.49703	0.22568	0.10548
V187	0.89454	0.05253	0.04721	0.00572
V188	0.11244	0.28745	0	0.60012
V189	0.80774	0.07363	0.02595	0.09268
V190	0.67378	0.0627	0.26352	0
V191	0.23225	0.25137	0.48472	0.03166
V192	0.37122	0.46519	0.02918	0.13441
V193	0.6368	0.07364	0.20243	0.08713
V194	0.06778	0.91505	0	0.01717
V195	0.04549	0.11485	0.80498	0.03469
V196	0.07011	0.17776	0	0.75214
V197	0.47753	0.11162	0.01337	0.39747
V198	0.108	0.52069	0.32667	0.04464
V199	0.23229	0.09046	0.14288	0.53437
V200	0.19	0.57169	0	0.23832
V201	0.14923	0.56648	0.16041	0.12388
V202	0.03813	0.10382	0.69271	0.16534
V203	0.21593	0.44441	0.33966	0
V204	0.04093	0.55839	0	0.40068
V205	0.0491	0.14083	0.77479	0.03529
V206	0.0689	0.17356	0.74297	0.01458
V207	0.19252	0.26436	0.02235	0.52077
V208	0.29837	0.12157	0.57302	0.00703
V209	0.37033	0.46497	0.04664	0.11806
V210	0.13772	0.7595	0.06974	0.03303
V211	0.48626	0.0789	0.02287	0.41197
V212	0.54937	0.09113	0.35719	0.00231
V213	0.66803	0.07634	0.10052	0.15511
V214	0.39291	0.21338	0.12762	0.26608
V215	0.35688	0.1634	0.00171	0.478
V216	0.10042	0.05418	0.05442	0.79098
V217	0.0872	0.52533	0.19527	0.19221
V218	0.15124	0.48104	0.13196	0.23576
V219	0.16543	0.6346	0	0.19997
V220	0.03482	0.83935	0	0.12583
V221	0.80546	0.06321	0.01276	0.11857
V222	0.37149	0.18544	0.30345	0.13963
V223	0.02949	0.20929	0.68462	0.0766
V224	0.91728	0.03283	0.04988	0
V225	0.09702	0.86886	0.03413	0
V226	0.35746	0.13501	0.50651	0.00101
V227	0.78814	0.03462	0.17393	0.00331
V228	0.76973	0.10973	0.06486	0.05568
V229	0.04893	0.10202	0.80591	0.04314
V230	0.07802	0.12562	0.02717	0.76919
V231	0.06202	0.35521	0.06358	0.51919
V232	0.09018	0.64987	0	0.25994
V233	0.6026	0.13013	0.16665	0.10062
V234	0.07007	0.91209	0.00262	0.01522
V235	0.42375	0.11164	0.44642	0.01818
V236	0.0694	0.15087	0.70303	0.07669
V237	0.22101	0.0774	0.03429	0.6673
V238	0.18351	0.55414	0.23018	0.03217
V239	0.1199	0.44081	0	0.43929
V240	0.52741	0.08844	0.34815	0.03599
V241	0.04514	0.07284	0.80716	0.07485
V242	0.18542	0.7435	0.07108	0
V243	0.29107	0.10158	0.5411	0.06625
V244	0.25582	0.068	0.60107	0.07511
V245	0.63295	0.28965	0.04423	0.03317
V246	0.08312	0.21403	0.67336	0.02949
V247	0.19753	0.09565	0.70682	0
V248	0.0855	0.12579	0.03384	0.75487
V249	0.0112	0.12911	0.78562	0.07407
V250	0.7711	0.03357	0.19532	0
V251	0.88007	0.094	0.02419	0.00174
V252	0.0258	0.84631	0.12789	0
V253	0.42902	0.12246	0.1329	0.31561
V254	0.04806	0.92584	0.02077	0.00533
V255	0.08076	0.89719	0	0.02205
V256	0.22266	0.26156	0.44292	0.07286
V257	0.47902	0.14912	0.19091	0.18096
V258	0.22649	0.30802	0.36032	0.10518
V259	0.06645	0.34092	0.55881	0.03383
V260	0.00646	0.33814	0.65153	0.00388
V261	0.64849	0.07296	0.17141	0.10714
V262	0.15136	0.14817	0.00746	0.69302
V263	0.05105	0.93149	0	0.01746
V264	0.22109	0.09959	0.36954	0.30978
V265	0.09525	0.06064	0.1057	0.73841
V266	0.68152	0.31601	0.00248	0
V267	0.02315	0.26318	0.22862	0.48505
V268	0.44945	0.07717	0.11935	0.35403
V269	0.02176	0.5831	0.35642	0.03873
V270	0.66562	0.06618	0.20984	0.05836
V271	0.79241	0.10971	0.03715	0.06072
V272	0.09957	0.8186	0	0.08182
V273	0.11498	0.10487	0.03748	0.74267
V274	0.72068	0.03731	0.16608	0.07593
V275	0.00491	0.12346	0.83155	0.04008
V276	0.55907	0.33598	0	0.10495
V277	0.08548	0.28791	0.10934	0.51727
V278	0.08513	0.139	0.2373	0.53857
V279	0.70477	0.10226	0.0996	0.09337
V280	0.08803	0.02668	0.0707	0.81458
V281	0.58993	0.07956	0.12041	0.2101
V282	0.08241	0.15073	0.70666	0.06019
V283	0.27555	0.57056	0.03835	0.11553
V284	0.06311	0.90127	0.03256	0.00306
V285	0.08871	0.09035	0.82093	0
V286	0.30857	0.53348	0.08599	0.07196
V287	0.14861	0.83891	0	0.01248
V288	0.04179	0.34282	0.37025	0.24515
V289	0.3304	0.25968	0.34962	0.0603
V290	0.81367	0.16726	0.01907	0
V291	0.52808	0.11221	0.35971	0
V292	0.89816	0.06328	0.01502	0.02354
V293	0.34491	0.07414	0.55005	0.03089
V294	0.14028	0.39631	0	0.46341
V295	0.06176	0.26112	0.13722	0.53989
V296	0.22064	0.1815	0.52215	0.07571
V297	0.13786	0.05637	0.06609	0.73968
V298	0.34662	0.15439	0.49899	0
V299	0.1226	0.3297	0	0.54771
V300	0.03397	0.12254	0.17925	0.66424
V301	0.162	0.17972	0.55542	0.10286
V302	0.68888	0.31112	0	0
V303	0.0105	0.62147	0.34937	0.01865
V304	0.08666	0.1029	0.65694	0.1535
V305	0.16787	0.22483	0.39057	0.21672
V306	0.79522	0.13117	0.05165	0.02197
V307	0.05275	0.93015	0	0.0171
V308	0.28055	0.27983	0.24234	0.19727
V309	0.3949	0.34099	0.00327	0.26084
V310	0.13019	0.37665	0.10174	0.39142
V311	0.57149	0.42851	0	0
V312	0.14831	0.72389	0.11925	0.00855
V313	0.04187	0.21072	0	0.74741
V314	0.05318	0.52574	0.06771	0.35336
V315	0.18047	0.62915	0.006	0.18438
V316	0.35902	0.18626	0.32246	0.13226
V317	0.14163	0.70132	0.01692	0.14012
V318	0.08091	0.56835	0	0.35075
V319	0.07782	0.14388	0.73628	0.04201
V320	0.11336	0.20917	0.56335	0.11412
V321	0.67236	0.32499	0.00265	0
V322	0.25012	0.36677	0.03678	0.34633
V323	0.1163	0.09626	0.06281	0.72464
V324	0.68231	0.25477	0.06177	0.00115
V325	0.36973	0.59171	0.03856	0
V326	0.01335	0.60864	0.05449	0.32353
V327	0.06917	0.23891	0.05582	0.63609
V328	0.07077	0.10684	0.65891	0.16348
V329	0.22771	0.18607	0.12533	0.46088
V330	0.44264	0.067	0.27933	0.21103
V331	0.40222	0.14712	0.02972	0.42094
V332	0.05262	0.13879	0.13274	0.67586
V333	0.46608	0.11721	0.32789	0.08882
V334	0.4094	0.06941	0.29786	0.22333
V335	0.05346	0.38238	0.4505	0.11366
V336	0.23978	0.67879	0	0.08143
V337	0.33427	0.4048	0.24694	0.014
V338	0.01966	0.96235	0	0.01799
V339	0.15754	0.0382	0.7853	0.01895
V340	0.09106	0.28599	0.45605	0.1669
V341	0.08354	0.1242	0.03843	0.75383
V342	0.29493	0.06104	0.52878	0.11525
V343	0.88983	0.07512	0.02861	0.00643
V344	0.68456	0.16704	0.1484	0
V345	0.04712	0.12488	0.82799	0
V346	0.28383	0.17765	0.22852	0.31
V347	0.10561	0.08199	0.09207	0.72033
V348	0.10107	0.65861	0.11558	0.12475
V349	0.3895	0.20923	0.31925	0.08201
V350	0.05354	0.80011	0.14635	0
V351	0.05235	0.12056	0.33121	0.49588
V352	0.06833	0.08937	0.76182	0.08047
V353	0.85089	0.07036	0.04469	0.03406
V354	0.08555	0.6903	0.19661	0.02754
V355	0.3237	0.13065	0.39145	0.1542
V356	0.09572	0.10255	0.06514	0.73659
V357	0.16069	0.37845	0.22625	0.23461
V358	0.58057	0.14407	0.04391	0.23145
V359	0.60497	0.10851	0.02817	0.25835
V360	0.59463	0.39162	0.01375	0
V361	0.00127	0.48942	0.5077	0.00161
V362	0.01191	0.97007	0	0.01802
V363	0.21692	0.18022	0.39808	0.20478
V364	0.19623	0.1318	0.58771	0.08426
V365	0.32198	0.1017	0	0.57632
V366	0.12815	0.68263	0.0567	0.13252
V367	0.60769	0.17561	0	0.2167
V368	0.13977	0.72513	0.05956	0.07554
V369	0.0358	0.43606	0.52814	0
V370	0.34019	0.30203	0.34112	0.01665
V371	0.25242	0.69439	0.00793	0.04526
V372	0.21975	0.13086	0.08663	0.56276
V373	0.12023	0.20819	0.40233	0.26925
V374	0.76524	0.05882	0.17594	0
V375	0.09915	0.1239	0.10038	0.67657
V376	0.09439	0.11524	0.06254	0.72783
V377	0.79912	0.02797	0.02796	0.14495
V378	0.0433	0.12135	0.33966	0.49569
V379	0.39002	0.24073	0	0.36926
V380	0.20434	0.14982	0.15267	0.49317
V381	0.74029	0.05592	0.09023	0.11356
V382	0.10413	0.10493	0.7679	0.02304
V383	0.81907	0.04684	0.05887	0.07522
V384	0.58942	0.12247	0.11084	0.17726
V385	0.83607	0.05089	0.08243	0.03062
V386	0.35967	0.07589	0.11844	0.44599
V387	0.60638	0.17974	0.15682	0.05706
V388	0.42338	0.34554	0.11484	0.11624
V389	0.47526	0.48291	0	0.04183
V390	0.33414	0.28273	0.38313	0
V391	0.46901	0.15655	0.00662	0.36782
V392	0.46743	0.25722	0.12955	0.1458
V393	0.32498	0.26989	0.28895	0.11617
V394	0.145	0.29791	0.06822	0.48887
V395	0.27042	0.41502	0.16192	0.15264
V396	0.04521	0.93618	0	0.01861
V397	0.76499	0.12488	0.09239	0.01773
V398	0.49065	0.18396	0.07396	0.25144
V399	0.24707	0.54601	0.1227	0.08422
V400	0.01512	0.62859	0.02393	0.33235
V401	0.05882	0.22164	0.64433	0.07521
V402	0.78803	0.17555	0.03643	0
V403	0.08419	0.10742	0.04811	0.76027
V404	0.12585	0.25424	0.53454	0.08536
V405	0.279	0.09372	0.13573	0.49154
V406	0.66278	0.2566	0.0159	0.06472
V407	0.01966	0.96235	0	0.01799
V408	0.13334	0.30329	0.33539	0.22798
V409	0.03407	0.11822	0.03681	0.8109
V410	0.13717	0.84397	0.005	0.01386
V411	0.48625	0.07385	0	0.43991
V412	0.20476	0.1422	0.42763	0.22541
V413	0.10227	0.51608	0.14203	0.23962
V414	0.06929	0.53167	0.28824	0.11079
V415	0.49165	0.08289	0.1936	0.23186
V416	0.04203	0.1617	0.79627	0
V417	0.44276	0.55724	0	0
V418	0.12662	0.19051	0.0962	0.58667
V419	0.0855	0.03798	0.06744	0.80907
V420	0.02486	0.89853	0	0.07661
V421	0.19732	0.10638	0.59261	0.10369
V422	0.10416	0.1624	0	0.73343
V423	0.10534	0.08812	0.76675	0.0398
V424	0.00772	0.14077	0.55254	0.29897
V425	0.08891	0.29299	0.52078	0.09732
V426	0.12126	0.12406	0.68857	0.06611
V427	0.11487	0.44217	0.14553	0.29743
V428	0.13951	0.76404	0.0294	0.06706
V429	0.08018	0.06872	0.05548	0.79562
V430	0.74976	0.18577	0.02277	0.0417
V431	0.23141	0.09299	0.3859	0.2897
V432	0.16174	0.18148	0.02139	0.6354
V433	0.10095	0.71861	0	0.18044
V434	0.3913	0.13867	0.03802	0.43202
V435	0.55043	0.06577	0.10517	0.27863
V436	0.43737	0.07112	0.09682	0.3947
V437	0.28182	0.27452	0	0.44366
V438	0.63365	0.19198	0.02831	0.14607
V439	0.09185	0.19241	0	0.71574
V440	0.52677	0.10054	0.02446	0.34822
V441	0.1029	0.19917	0.52054	0.17739
V442	0.36934	0.3649	0.10402	0.16174
V443	0.74749	0.05023	0.08956	0.11272
V444	0.04712	0.12488	0.82799	0
V445	0.63135	0.06809	0.28661	0.01395
V446	0.07258	0.83631	0.02942	0.06169
V447	0.64284	0.13619	0.15075	0.07023
V448	0.06612	0.15661	0.14127	0.63601
V449	0.58683	0.0861	0.25183	0.07524
V450	0.18998	0.81002	0	0
V451	0.87434	0.09865	0.01639	0.01062
V452	0.09919	0.08686	0.05487	0.75908
V453	0.78837	0.11751	0.06531	0.02882
V454	0.01051	0.95076	0.021	0.01773
V455	0.6172	0.07928	0.25646	0.04705
V456	0.37064	0.17591	0.32189	0.13157
V457	0.03886	0.14523	0.02019	0.79572
V458	0.31789	0.27021	0	0.4119
V459	0.04753	0.80399	0.06777	0.08071
V460	0.89127	0.04929	0.04849	0.01094
V461	0.1148	0.12895	0.00925	0.747
V462	0.39766	0.27336	0	0.32898
V463	0.30653	0.47482	0.12859	0.09006
V464	0.54927	0.14567	0	0.30506
V465	0.45957	0.41875	0.00999	0.1117
V466	0.61646	0.21468	0	0.16885
V467	0.37641	0.54046	0.06349	0.01964
V468	0.54251	0.38238	0.04026	0.03486
V469	0.05366	0.2591	0.22772	0.45952
V470	0.5747	0.16683	0.14943	0.10905
V471	0.32193	0.17606	0.01628	0.48574
V472	0.37599	0.34316	0	0.28085
V473	0.14662	0.55248	0.29953	0.00136
V474	0.18097	0.05135	0.08843	0.67925
V475	0.23856	0.43142	0.04582	0.2842
V476	0.22216	0.08658	0.04682	0.64444
V477	0.62386	0.08045	0.17941	0.11627
V478	0.18798	0.57728	0	0.23473
V479	0.04089	0.1699	0.70409	0.08512
V480	0.13392	0.37105	0.00686	0.48818
V481	0.1766	0.08751	0.70896	0.02694
V482	0.69727	0.18616	0.09804	0.01853
V483	0.18347	0.19532	0.04029	0.58092
V484	0.08185	0.1714	0.01231	0.73444
V485	0.17782	0.71492	0	0.10726
V486	0.32189	0.31292	0.09056	0.27462
V487	0.13168	0.1355	0.05364	0.67918
V488	0.01896	0.09111	0.78453	0.10539
V489	0.25138	0.16518	0.57371	0.00973
V490	0.39436	0.34353	0.04297	0.21914
V491	0.49495	0.43993	0.02274	0.04238
V492	0.06028	0.82954	0.11018	0
V493	0.1002	0.0208	0	0.879
V494	0.23617	0.21628	0.44125	0.10629
V495	0.28297	0.59644	0.11927	0.00132
V496	0.34275	0.63449	0	0.02277
V497	0.04805	0.05872	0.85303	0.04021
V498	0.36846	0.16872	0.03468	0.42814
V499	0.63185	0.26543	0.10272	0
V500	0.1336	0.19336	0.63362	0.03942
V501	0.04131	0.09098	0.05015	0.81756
V502	0.57746	0.28655	0.12706	0.00893
V503	0.25126	0.17332	0.15256	0.42286
V504	0.29968	0.6583	0	0.04202
V505	0.2469	0.27677	0.20069	0.27564
V506	0.13115	0.31084	0.38538	0.17263
V507	0.63245	0.14439	0.1043	0.11887
V508	0.74692	0.18616	0.04313	0.02379
V509	0.27552	0.12692	0.43081	0.16674
V510	0.27186	0.50469	0.22345	0
V511	0.09866	0.46722	0.00403	0.43009
V512	0.29962	0.12267	0.05955	0.51817
V513	0.12378	0.6386	0.18487	0.05275
V514	0.07353	0.16809	0	0.75839
V515	0.75876	0.10973	0.04945	0.08206
V516	0.86471	0.12104	0.01425	0
V517	0.08987	0.11541	0.19663	0.59809
V518	0.88798	0.08861	0.0188	0.00461
V519	0.05979	0.8576	0	0.08262
V520	0.05245	0.06554	0.56288	0.31913
V521	0.58712	0.09339	0.30537	0.01411
V522	0.0234	0.20445	0.51176	0.26039
V523	0.40141	0.18559	0.20819	0.20482
V524	0.03184	0.78078	0.17006	0.01732
V525	0.30985	0.26468	0.00366	0.4218
V526	0.65834	0.12786	0.06733	0.14647
V527	0.25795	0.0909	0.33664	0.31452
V528	0.14894	0.8265	0	0.02456
V529	0.11181	0.14947	0.16916	0.56955
V530	0.02479	0.27128	0.60342	0.10051
V531	0.04574	0.86744	0.08682	0
V532	0.22559	0.37356	0	0.40085
V533	0.33512	0.38041	0.10257	0.1819
V534	0.02621	0.10926	0.62716	0.23738
V535	0.60085	0.03594	0.01312	0.35009
V536	0.25743	0.00321	0.35109	0.38828
V537	0.60994	0.26397	0.12609	0
V538	0.49981	0.11221	0.07195	0.31603
V539	0.31916	0.44012	0.12635	0.11437
V540	0.26265	0.6641	0.05488	0.01836
V541	0.05637	0.54936	0.02198	0.37229
V542	0.24906	0.20122	0.19867	0.35105
V543	0.85099	0.05732	0.02702	0.06467
V544	0.15892	0.17602	0.12339	0.54168
V545	0.41543	0.19813	0.04907	0.33736
V546	0.08314	0.87373	0.04313	0
V547	0.07063	0.64358	0.2858	0
V548	0.20609	0.73272	0.06119	0
V549	0.36572	0.09717	0.53408	0.00304
V550	0.61508	0.0873	0	0.29761
V551	0.23875	0.70745	0.01671	0.03709
V552	0.02049	0.55489	0	0.42462
V553	0.26588	0.20603	0.51375	0.01434
V554	0.11086	0.18289	0.00642	0.69984
V555	0.13621	0.29577	0.27196	0.29606
V556	0.01005	0.12431	0.81641	0.04923
V557	0.801	0.08026	0.01917	0.09957
V558	0.11624	0.78324	0	0.10052
V559	0.02272	0.81099	0.16629	0
V560	0.70874	0.29122	4e-05	0
V561	0.00491	0.12346	0.83155	0.04008
V562	0.77296	0.04921	0.11269	0.06513
V563	0.28447	0.06893	0.64031	0.00629
V564	0.0792	0.16177	0.72997	0.02906
V565	0.16977	0.31779	0.31556	0.19687
V566	0.71127	0.1386	0.00256	0.14757
V567	0.27618	0.46489	0	0.25893
V568	0.30131	0.07114	0.04717	0.58038
V569	0.69492	0.08481	0	0.22027
V570	0.05129	0.34391	0.5432	0.0616
V571	0.80617	0.15452	0.00638	0.03294
V572	0.48168	0.06609	0.37103	0.0812
V573	0.11442	0.24486	0	0.64073
V574	0.07227	0.77673	0.14963	0.00138
V575	0.07066	0.18288	0.07514	0.67132
V576	0.21125	0.7702	0.01711	0.00144
V577	0.09233	0.1309	0.16105	0.61571
V578	0.0879	0.14992	0.59229	0.16989
V579	0.04009	0.87391	0.06903	0.01697
V580	0.21199	0.07766	0.08623	0.62412
V581	0.11924	0.17067	0	0.71009
V582	0.60802	0.18655	0.02681	0.17861
V583	0.02859	0.13812	0.51905	0.31425
V584	0.54243	0.19387	0.24158	0.02212
V585	0.04193	0.10599	0.37702	0.47505
V586	0.27949	0.07748	0.55913	0.0839
V587	0.30927	0.07631	0.58753	0.0269
V588	0.64967	0.10045	0.02106	0.22882
V589	0.10006	0.80661	0.04105	0.05227
V590	0.08264	0.75148	0.16588	0
V591	0.03537	0.12908	0.15334	0.68221
V592	0.18607	0.10915	0.70478	0
V593	0.61716	0.04196	0.16321	0.17766
V594	0.37749	0.31411	0.27606	0.03234
V595	0.08731	0.12092	0.02754	0.76423
V596	0.07915	0.35549	0.1674	0.39796
V597	0.00528	0.61058	0.30922	0.07492
V598	0.04804	0.19486	0.73094	0.02617
V599	0.65194	0.30875	0.03211	0.0072
V600	0.41406	0.46202	0.03242	0.09149
V601	0.2134	0.33599	0.04403	0.40658
V602	0.08728	0.12732	0.01815	0.76726
V603	0.04966	0.4154	0	0.53493
V604	0.54201	0.15921	0.28419	0.01458
V605	0.10729	0.37997	0.33923	0.1735
V606	0.72938	0.18228	0.01231	0.07602
V607	0.66846	0.05981	0.1014	0.17033
V608	0.2666	0.22592	0.31749	0.18999
V609	0.067	0.31647	0.17784	0.43869
V610	0.76188	0.06339	0.09036	0.08437
V611	0.34588	0.06921	0.04505	0.53985
V612	0.04933	0.17837	0.70394	0.06836
V613	0.06643	0.37856	0.52261	0.0324
V614	0.75264	0.10929	0.04912	0.08895
V615	0.1853	0.14182	0	0.67289
V616	0.12946	0.70492	0.01588	0.14974
V617	0.50052	0.19382	0.30566	0
V618	0.73076	0.06887	0	0.20037
V619	0.43493	0.08653	0.26539	0.21315
V620	0.02849	0.66504	0.30646	0
V621	0.46895	0.20557	0.13753	0.18796
V622	0.3975	0.26088	0.32684	0.01477
V623	0.0696	0.1708	0.09468	0.66492
V624	0.78945	0.2001	0.00544	0.00501
V625	0.3225	0.49091	0.07311	0.11348
V626	0.89	0.08224	0.01807	0.0097
V627	0.03569	0.11501	0.04945	0.79986
V628	0.03913	0.29542	0	0.66545
V629	0.17223	0.34902	0.22454	0.25421
V630	0.06608	0.37853	0.51194	0.04345
V631	0.0667	0.2795	0.05812	0.59567
V632	0.61685	0.04531	0.12259	0.21526
V633	0.00862	0.12654	0.74255	0.12229
V634	0.43443	0.286	0.27957	0
V635	0.06193	0.75277	0	0.1853
V636	0.16235	0.17913	0.54729	0.11123
V637	0.35795	0.25204	0.05969	0.33032
V638	0.42749	0.29572	0.04457	0.23222
V639	0.31191	0.4255	0.26259	0
V640	0.06004	0.22307	0.66576	0.05114
V641	0.84918	0.08961	0.03601	0.0252
V642	0.76593	0.1906	0.00264	0.04083
V643	0.02575	0.26757	0.38881	0.31787
V644	0.8585	0.11639	0.0193	0.0058
V645	0.31057	0.41813	0.26814	0.00317
V646	0.04651	0.93841	0	0.01508
V647	0.18214	0.16298	0.60191	0.05297
V648	0.46168	0.41561	0.11449	0.00822
V649	0.05039	0.15406	0.73434	0.0612
V650	0.08385	0.17517	0.67411	0.06687
V651	0.35253	0.0625	0.58183	0.00313
V652	0.13567	0.16421	0.37291	0.32721
V653	0.17756	0.65077	0.07789	0.09377
V654	0.69959	0.21463	0.05452	0.03126
V655	0.08097	0.58453	0	0.33449
V656	0.25982	0.31545	0	0.42473
V657	0.08424	0.17439	0	0.74137
V658	0.62223	0.23351	0.04889	0.09536
V659	0.37414	0.14701	0.30453	0.17432
V660	0.06017	0.92313	0	0.01669
V661	0.10955	0.46671	0.01335	0.41039
V662	0.44983	0.07418	0.39294	0.08304
V663	0.28212	0.13771	0.48282	0.09736
V664	0.24129	0.13695	0.57823	0.04353
V665	0.6943	0.20854	0.0395	0.05766
V666	0.61402	0.04918	0.09193	0.24486
V667	0.75274	0.10784	0.13941	0
V668	0.16421	0.77523	0.06056	0
V669	0.27896	0.42566	0.21122	0.08417
V670	0.12094	0.86632	0	0.01274
V671	0.40386	0.31266	0.21171	0.07177
V672	0.04745	0.11708	0.78992	0.04556
V673	0.28138	0.39349	0.19038	0.13476
V674	0.72234	0.17529	0.01948	0.08289
V675	0.18237	0.37277	0.26808	0.17677
V676	0.08427	0.20989	0.05787	0.64797
V677	0.43462	0.39964	0.07423	0.09151
V678	0.56229	0.43289	0.00482	0
V679	0.0788	0.36002	0.55816	0.00302
V680	0.36356	0.52007	0.11637	0
V681	0.85298	0.11056	0.02423	0.01223
V682	0.15133	0.34194	0.47585	0.03087
V683	0.04381	0.95619	0	0
V684	0.69883	0.18492	0.08407	0.03217
V685	0.52982	0.33969	0.10236	0.02814
V686	0.14488	0.26172	0.10268	0.49072
V687	0.0885	0.10129	0.03616	0.77404
V688	0.43237	0.47351	0	0.09411
V689	0.31728	0.03676	0.05148	0.59448
V690	0.49964	0.09588	0.35317	0.05131
V691	0.1903	0.07411	0.72481	0.01078
V692	0.1107	0.21021	0.61559	0.0635
V693	0.28023	0.17635	0.30778	0.23563
V694	0.04975	0.12149	0.23319	0.59556
V695	0.30102	0.07327	0.1252	0.50051
V696	0.12942	0.18054	0	0.69003
V697	0.07401	0.16165	0.00432	0.76002
V698	0.80904	0.05885	0.01937	0.11274
V699	0.59172	0.2907	0.05582	0.06176
V700	0.28797	0.10169	0	0.61034
V701	0.16545	0.54248	0.07672	0.21535
V702	0.57982	0.13007	0.00314	0.28697
V703	0.18097	0.12833	0.4164	0.2743
V704	0.80124	0.0947	0.0303	0.07376
V705	0.90794	0.03062	0.04674	0.0147
V706	0.10906	0.13458	0.67377	0.08259
V707	0.06813	0.46072	0.44131	0.02984
V708	0.07219	0.86799	0	0.05982
V709	0.17543	0.31068	0.4475	0.06639
V710	0.62287	0.23322	0.04153	0.10238
V711	0.13743	0.77417	0.07114	0.01726
V712	0.80045	0.10202	0.01191	0.08562
V713	0.48151	0.3186	0.01712	0.18278
V714	0.03317	0.68373	0	0.28311
V715	0.34515	0.35289	0.25207	0.04989
V716	0.09534	0.13559	0.0298	0.73926
V717	0.11813	0.87174	0	0.01013
V718	0.1976	0.55611	0.15154	0.09476
V719	0.10437	0.7119	0.00417	0.17955
V720	0.70845	0.0384	0.20267	0.05047
V721	0.16749	0.23434	0.39995	0.19822
V722	0.1426	0.38012	0	0.47729
V723	0.16034	0.17192	0	0.66774
V724	0.6059	0.0818	0.07555	0.23675
V725	0	0.18585	0.76819	0.04596
V726	0.08332	0.43676	0.07382	0.4061
V727	0.32413	0.6034	0.07248	0
V728	0.0625	0.86627	0.07122	0
V729	0.45941	0.07095	0.13398	0.33566
V730	0.85741	0.08192	0.04715	0.01352
V731	0.05878	0.2748	0.33315	0.33327
V732	0.39783	0.13339	0.29588	0.1729
V733	0.65728	0.21274	0.02978	0.10021
V734	0.27804	0.33207	0.38988	0
V735	0.04758	0.12228	0.41225	0.41789
V736	0.20007	0.09403	0	0.7059
V737	0.37488	0.31896	0.19411	0.11204
V738	0.1176	0.37496	0.38805	0.11939
V739	0.00665	0.11241	0.53458	0.34636
V740	0.8082	0.12574	0.06499	0.00108
V741	0.52226	0.15387	0.09954	0.22433
V742	0.46139	0.53861	0	0
V743	0.16927	0.20518	0.60259	0.02297
V744	0.54899	0.08866	0.27799	0.08436
V745	0.04635	0.698	0.1573	0.09836
V746	0.94594	0.02852	0.01054	0.015
V747	0.09133	0.04063	0.6626	0.20545
V748	0.16411	0.1767	0.50438	0.15481
V749	0.33441	0.23659	0.02805	0.40095
V750	0.46782	0.441	0.00327	0.08791
V751	0.08381	0.86064	0.01164	0.04391
V752	0.49911	0.26045	0.10583	0.13462
V753	0.08486	0.13301	0	0.78213
V754	0.03981	0.91186	0	0.04832
V755	0.19489	0.26192	0.28133	0.26185
V756	0.08884	0.08975	0.04786	0.77355
V757	0.40224	0.54518	0.04849	0.00409
V758	0.08591	0.75452	0.09764	0.06193
V759	0.17296	0.13722	0.33842	0.3514
V760	0.34589	0.116	0.2333	0.3048
V761	0.10905	0.5766	0.2414	0.07296
V762	0.03086	0.42839	0	0.54075
V763	0.43959	0.36782	0.00596	0.18663
V764	0.0401	0.91059	0	0.04931
V765	0.68532	0.1287	0	0.18598
V766	0.04137	0.37904	0.38248	0.1971
V767	0.51416	0.17334	0.19919	0.1133
V768	0.09673	0.88687	0	0.0164
V769	0.19933	0.78867	0.00859	0.00341
V770	0.04651	0.93841	0	0.01508
V771	0.20008	0.08757	0.68826	0.02409
V772	0.1657	0.12505	0.69981	0.00944
V773	0.22153	0.77744	0	0.00103
V774	0.04991	0.0592	0.84062	0.05027
V775	0.16779	0.12097	0.22827	0.48296
V776	0.47798	0.40606	0.03526	0.0807
V777	0.22819	0.19538	0.09917	0.47727
V778	0.56626	0.28844	0.05374	0.09155
V779	0.21764	0.1142	0.4253	0.24287
V780	0.15143	0.74305	0.10553	0
V781	0.10475	0.12392	0.02756	0.74378
V782	0.03041	0.20181	0.69907	0.06871
V783	0.77552	0.06937	0.05249	0.10262
V784	0.1584	0.8416	0	0
V785	0.06863	0.91361	0	0.01776
V786	0.71411	0.18346	0.07726	0.02517
V787	0.01035	0.84731	0.14234	0
V788	0.53818	0.30687	0.12646	0.02848
V789	0.12092	0.41056	0	0.46851
V790	0.49788	0.08921	0.06529	0.34762
V791	0.18177	0.40569	0.28011	0.13243
V792	0.18642	0.53249	0	0.28109
V793	0.18051	0.64654	0.0071	0.16585
V794	0.06915	0.1682	0.68649	0.07616
V795	0.16398	0.13227	0.03516	0.66859
V796	0.05359	0.17169	0.73825	0.03647
V797	0.76439	0.02875	0.20687	0
V798	0.64225	0.29009	0.06766	0
V799	0.18959	0.75027	0.0042	0.05593
V800	0.10858	0.11123	0.44381	0.33638
V801	0.18593	0.19563	0.26914	0.34929
V802	0.08468	0.16919	0.21617	0.52996
V803	0.26665	0.50268	0.23068	0
V804	0.5511	0.06761	0.32453	0.05677
V805	0.05423	0.04218	0.90359	0
V806	0.08251	0.89336	0	0.02414
V807	0.31008	0.21902	0.01478	0.45612
V808	0.67441	0.26953	0.0394	0.01666
V809	0.05893	0.13658	0.8045	0
V810	0.04562	0.93953	0	0.01485
V811	0.47145	0.12672	0.16801	0.23381
V812	0.57752	0.2788	0.03879	0.10489
V813	0.61182	0.21976	0.15747	0.01095
V814	0.4856	0.48291	0.03149	0
V815	0.0134	0.9315	0.05116	0.00394
V816	0.89668	0.03637	0.06695	0
V817	0.0545	0.16485	0.74954	0.03111
V818	0.03542	0.16249	0.0226	0.7795
V819	0.80163	0.12485	0.05162	0.0219
V820	0.18455	0.18779	1e-05	0.62765
V821	0.2619	0.34733	0.32939	0.06138
V822	0.09235	0.10558	0.76242	0.03965
V823	0.04846	0.26004	0.60019	0.09131
V824	0.1218	0.40166	0.47654	0
V825	0.27009	0.33627	0.20488	0.18876
V826	0.47598	0.39418	0.12984	0
V827	0.44693	0.5508	2e-04	0.00206
V828	0.27499	0.23578	0.07429	0.41493
V829	0.09188	0.3195	0	0.58862
V830	0.27514	0.28792	3e-04	0.43664
V831	0.75871	0.13074	0.03545	0.0751
V832	0.31965	0.4143	0.13451	0.13154
V833	0.19819	0.5152	0.14785	0.13875
V834	0.34583	0.14543	0.05828	0.45046
V835	0.40956	0.43568	0.09319	0.06157
V836	0.03188	0.67885	0	0.28928
V837	0.27138	0.4067	0.15157	0.17035
V838	0.87025	0.09376	0.03598	0
V839	0.35644	0.5634	0.08017	0
V840	0.35207	0.64793	0	0
V841	0.00962	0.14192	0.78304	0.06541
V842	0.39952	0.22163	0.20921	0.16965
V843	0.04295	0.11406	0.76429	0.0787
V844	0.16125	0.16587	0.32014	0.35273
V845	0.09748	0.18828	0.64912	0.06511
V846	0.0063	0.11279	0.67751	0.2034
V847	0.03578	0.07371	0.05547	0.83505
V848	0.13824	0.52793	0.1361	0.19774
V849	0.02572	0.94841	0	0.02587
V850	0.90491	0.03709	0.04582	0.01217
V851	0.38468	0.49437	0.12095	0
V852	0.16247	0.13804	0.09215	0.60734
V853	0.28586	0.27435	0.33707	0.10273
V854	0.61262	0.20389	0.08631	0.09718
V855	0.03578	0.07371	0.05547	0.83505
V856	0.08429	0.40346	0.30076	0.21149
V857	0.68102	0.20199	0.03165	0.08534
V858	0.57644	0.06936	0.3542	0
V859	0.6714	0.24745	0.01665	0.06451
V860	0.24132	0.19544	0.02795	0.5353
V861	0.12794	0.3895	0.48256	0
V862	0.1695	0.1651	0.61913	0.04626
V863	0.25147	0.13501	0	0.61352
V864	0.123	0.12941	0.03338	0.71421
V865	0.17071	0.08206	0.21982	0.52742
V866	0.7229	0.0664	0.2107	0
V867	0.7176	0.07351	0.20889	0
V868	0.54167	0.29182	0.10833	0.05818
V869	0.05186	0.93425	0	0.01389
V870	0.15403	0.38449	0	0.46148
V871	0.02572	0.94841	0	0.02587
V872	0.05188	0.11385	0.19577	0.6385
V873	0.84718	0.07969	0.05513	0.018
V874	0.25092	0.74196	0.00711	0
V875	0.05959	0.28117	0.14581	0.51342
V876	0.2019	0.363	0.35452	0.08058
V877	0.08582	0.44179	0.25166	0.22073
V878	0.17808	0.77958	0.04234	0
V879	0.25151	0.65862	0.02535	0.06451
V880	0.36839	0.5175	0	0.11411
V881	0.18858	0.11757	0.52124	0.1726
V882	0.78969	0.03271	0.12484	0.05275
V883	0.31688	0.23943	0.44369	0
V884	0.06696	0.32492	0	0.60813
V885	0.71077	0.21556	0.07367	0
V886	0.03907	0.41382	0.41463	0.13249
V887	0.64651	0.11182	0.13645	0.10522
V888	0.13515	0.13016	0.64625	0.08844
V889	0.86047	0.0983	0.03068	0.01055
V890	0.06473	0.22311	0.54194	0.17022
V891	0.63386	0.09407	0.23961	0.03246
V892	0.3319	0.23772	0	0.43037
V893	0.59514	0.23728	0.12511	0.04247
V894	0.10192	0.35626	0.50802	0.0338
V895	0.61268	0.11181	0.16752	0.108
V896	0.06778	0.91505	0	0.01717
V897	0.70169	0.25656	0.0054	0.03636
V898	0.51794	0.04892	0.00149	0.43165
V899	0.07622	0.28025	0.091	0.55253
V900	0.12152	0.35281	0.30732	0.21835
V901	0.06989	0.8223	0	0.10782
V902	0.08344	0.89038	0.02315	0.00303
V903	0.01452	0.46339	0.47956	0.04253
V904	0.05066	0.9356	0	0.01374
V905	0.21868	0.00431	0.1729	0.60411
V906	0.44841	0.15039	0.08331	0.31789
V907	0.48537	0.47292	0.00771	0.03401
V908	0.0638	0.15101	0.03503	0.75016
V909	0.18628	0.76326	0	0.05045
V910	0.22711	0.03862	0.10883	0.62544
V911	0.55334	0.37307	0.02495	0.04864
V912	0.43524	0.34389	0.09755	0.12332
V913	0.17587	0.02141	0.02501	0.77771
V914	0.22936	0.49261	0.25497	0.02306
V915	0.29306	0.00858	0.01733	0.68103
V916	0.28874	0.12317	0.54638	0.04171
V917	0.71167	0.07103	0.14861	0.06869
V918	0.0856	0.62946	0.20489	0.08004
V919	0.2452	0.29331	0.24275	0.21874
V920	0.62797	0.22478	0.07937	0.06787
V921	0.08614	0.25128	0	0.66258
V922	0.14461	0.47847	0.34373	0.03319
V923	0.13403	0.09709	0.04157	0.72731
V924	0.07203	0.66479	0.24723	0.01595
V925	0.23218	0.11259	0.00783	0.6474
V926	0.25346	0.1016	0.02303	0.62191
V927	0.08281	0.13766	0.03187	0.74766
V928	0.08171	0.8698	0	0.04849
V929	0.10171	0.64294	0.10271	0.15265
V930	0.54596	0.36044	0.02365	0.06996
V931	0.1758	0.32033	0.43795	0.06592
V932	0.06497	0.19325	0.53391	0.20787
V933	0.62995	0.36166	0.00839	0
V934	0.04001	0.24028	0.21811	0.50159
V935	0.57669	0.19841	0.17356	0.05135
V936	0.56073	0.28906	0.00708	0.14313
V937	0.57067	0.17539	0.06967	0.18427
V938	0.42555	0.1	0.25967	0.21478
V939	0.74756	0.06596	0.07442	0.11206
V940	0.05907	0.78429	0.12955	0.02709
V941	0	0.09858	0.85775	0.04366
V942	0.72927	0.20356	0.06348	0.0037
V943	0.4282	0.17827	0.35034	0.04319
V944	0.06604	0.34293	0.0225	0.56853
V945	0.59344	0.34233	0.00392	0.06031
V946	0.48438	0.28386	0.21011	0.02165
V947	0.13577	0.13738	0.17908	0.54776
V948	0.3769	0.09483	0.51577	0.01251
V949	0.02802	0.21136	0.14796	0.61265
V950	0.09946	0.5513	0.1769	0.17234
V951	0.80059	0.06204	0.13736	0
V952	0.11877	0.21377	0.20679	0.46066
V953	0.04691	0.14811	0.76123	0.04375
V954	0.08853	0.26761	0.09259	0.55127
V955	0.17944	0.59829	0	0.22228
V956	0.0678	0.11893	0.44408	0.36919
V957	0.38354	0.08498	0	0.53148
V958	0.1002	0.0208	0	0.879
V959	0.27168	0.30224	0.36429	0.06179
V960	0.28654	0.32575	0.04687	0.34084
V961	0.181	0.4134	0.2992	0.1064
V962	0.39776	0.21727	0.3264	0.05857
V963	0.60683	0.20385	0.1331	0.05623
V964	0.80838	0.07562	0.09687	0.01913
V965	0.1014	0.52473	0.15378	0.2201
V966	0.88911	0.07258	0.02837	0.00994
V967	0.0946	0.13136	0.45501	0.31903
V968	0	0.23006	0.698	0.07194
V969	0.05427	0.35942	0	0.5863
V970	0.07318	0.20186	0.36322	0.36174
V971	0.52612	0.13213	0.27853	0.06322
V972	0.54094	0.23668	0.03662	0.18576
V973	0.3251	0.43293	0.05121	0.19076
V974	0.03358	0.78489	0.1079	0.07362
V975	0.13597	0.3321	0.53194	0
V976	0.47956	0.28032	0.08823	0.15189
V977	0.36097	0.36122	0.27781	0
V978	0.11893	0.18787	0.0319	0.6613
V979	0.77878	0.06304	0.15819	0
V980	0.94594	0.02852	0.01054	0.015
V981	0.38237	0.09053	0.36837	0.15873
V982	0.48523	0.38851	0.06	0.06626
V983	0.71069	0.10953	0.00237	0.17741
V984	0.0498	0.83371	0.09018	0.02631
V985	0.12521	0.25774	0	0.61704
V986	0.38058	0.50084	0.0332	0.08539
V987	0.30534	0.69466	0	0
V988	0.26588	0.09846	0.00304	0.63262
V989	0.49316	0.44227	0.06457	0
V990	0.0096	0.14044	0.71138	0.13858
V991	0.67142	0.32858	0	0
V992	0.25261	0.07961	0.44701	0.22077
V993	0.11089	0.70544	0.14864	0.03503
V994	0.24719	0.74409	0.00872	0
V995	0.72967	0.1461	0.03439	0.08983
V996	0.32055	0.18962	0	0.48983
V997	0.03921	0.10407	0.73704	0.11969
V998	0.84403	0.05058	0.07607	0.02932
V999	0.16709	0.83291	0	0
V1000	0.36217	0.09271	0	0.54512
