B_cells	NK_cells	T_cells_CD4.	Monocytes
V1	0.61587	0.03521	0.11183	0.23709
V2	0.24614	0.1288	0	0.62506
V3	0.08981	0.64933	0	0.26086
V4	0.88747	0.11253	0	0
V5	0.14296	0.53296	0.20881	0.11526
V6	0.1013	0.8987	0	0
V7	0.21549	0.42533	0	0.35918
V8	0.13643	0.04182	0.81157	0.01018
V9	0.30388	0.26442	0	0.4317
V10	0.01532	0.04484	0.90006	0.03978
V11	0.21261	0.39068	0.3967	0
V12	0.03001	0.62898	0.341	0
V13	0.28508	0.71492	0	0
V14	0.08334	0.91666	0	0
V15	0.16376	0.66365	0.05898	0.11361
V16	0.92529	0.05785	0	0.01686
V17	0.10846	0.89154	0	0
V18	0.61295	0.38705	0	0
V19	0.17389	0.82611	0	0
V20	0.21085	0.48655	0	0.30259
V21	0.13531	0.09662	0.76106	0.00702
V22	0.09614	0.14995	0.14904	0.60488
V23	0.38448	0.07266	0.54286	0
V24	0.95088	0.04912	0	0
V25	0.40415	0.29413	0.05497	0.24675
V26	0.43387	0.40687	0	0.15927
V27	0.20693	0.08443	0	0.70864
V28	0	0.08897	0.91103	0
V29	0.45984	0.06169	0.47847	0
V30	0.153	0.27197	0.22359	0.35144
V31	0.25178	0.24421	0.24435	0.25966
V32	0.20275	0.06251	0	0.73474
V33	0.06192	0.55632	0.32579	0.05597
V34	0.13499	0.07488	0.78146	0.00867
V35	0.19907	0.77826	0.02267	0
V36	0.04746	0.08345	0.44601	0.42309
V37	0.61288	0.11118	0.02064	0.25531
V38	0.50578	0.01682	0.11967	0.35773
V39	0.20974	0.62747	0.06891	0.09388
V40	0.12051	0.85968	0.0198	0
V41	0.03832	0.73875	0	0.22294
V42	0.30538	0.06731	0.15193	0.47538
V43	0.14137	0.38653	0.4721	0
V44	0.01762	0.11939	0.7261	0.13689
V45	0.12876	0.64959	0.17715	0.0445
V46	0.82627	0.11045	0.06329	0
V47	0.47883	0.23772	0.27557	0.00788
V48	0.82817	0.17183	0	0
V49	0.76777	0.18507	0	0.04716
V50	0.09159	0.87481	0.0336	0
V51	0.33769	0.44935	0.21296	0
V52	0.01949	0.1577	0.81001	0.0128
V53	0.75165	0.1539	0.09444	0
V54	0.44048	0.23394	0.32558	0
V55	0.27842	0.17744	0.18421	0.35993
V56	0.1643	0.06987	0.03496	0.73087
V57	0.11914	0.88086	0	0
V58	0.7075	0.01192	0	0.28058
V59	0.48113	0.47205	0.04214	0.00468
V60	0.18503	0.20318	0.28021	0.33158
V61	0.83501	0.10903	0	0.05596
V62	0.91522	0.07879	0.00599	0
V63	0.03587	0.88443	0.0797	0
V64	0.02169	0.88819	0	0.09012
V65	0.13005	0.04541	0.06918	0.75536
V66	0.24884	0.73023	0	0.02093
V67	0.15686	0.36752	0.47562	0
V68	0.24015	0.16831	0	0.59154
V69	0.02397	0.36322	0.59882	0.01399
V70	0.58579	0.19964	0.1262	0.08837
V71	0.21918	0.11157	0.33715	0.3321
V72	0.63175	0.20865	0.02248	0.13712
V73	0.19284	0.67878	0.08513	0.04324
V74	0.0434	0.25474	0.70187	0
V75	0.75959	0.01825	0.15561	0.06655
V76	0.06075	0.23828	0.12868	0.57229
V77	0.10297	0.30864	0	0.58839
V78	0.37461	0.16156	0.1252	0.33862
V79	0	0.1455	0.78889	0.06562
V80	0.37768	0.05165	0.51712	0.05355
V81	0.04796	0.20058	0.75146	0
V82	0	0.11168	0.88832	0
V83	0.22489	0.23585	0	0.53926
V84	0.47001	0.08093	0.10159	0.34747
V85	0.13658	0.37165	0.36444	0.12733
V86	0.04562	0.09064	0.83679	0.02695
V87	0.06956	0.89901	0	0.03143
V88	0.238	0.1011	0.22154	0.43936
V89	0.11525	0.06662	0.15267	0.66546
V90	0.05444	0.93815	0.0074	0
V91	0.05517	0.79381	0.15103	0
V92	0.49602	0.0536	0.35002	0.10036
V93	0.91872	0.00268	0	0.0786
V94	0.06572	0.48115	0	0.45314
V95	0.30452	0.49522	0.09667	0.10358
V96	0.17256	0.14125	0	0.6862
V97	0.70564	0.13876	0.15561	0
V98	0.71026	0.28974	0	0
V99	0.82481	0.08127	0.09392	0
V100	0.07935	0.06722	0.84653	0.0069
V101	0.13183	0.09183	0	0.77634
V102	0.93982	0.06018	0	0
V103	0.11464	0.11507	0.04146	0.72883
V104	0.04681	0.95319	0	0
V105	0.0762	0.9238	0	0
V106	0.14132	0.56946	0.28922	0
V107	0.20257	0.25014	0.53731	0.00998
V108	0.1721	0.79155	0.03634	0
V109	0.02542	0.2124	0.56923	0.19296
V110	0.08602	0.91398	0	0
V111	0.95294	0.02379	0.02327	0
V112	0.18048	0.10432	0.3926	0.3226
V113	0.26944	0.15755	0.11604	0.45697
V114	0.34678	0.09358	0.0058	0.55384
V115	0.01363	0.79623	0.19015	0
V116	0.1736	0.36855	0.33067	0.12718
V117	0.71606	0.28321	0	0.00073
V118	0.2063	0.62263	0	0.17107
V119	0.21962	0.12607	0	0.65431
V120	0.07741	0.11339	0.8092	0
V121	0.65465	0.17522	0.02236	0.14777
V122	0.96976	0.01803	0	0.01221
V123	0.05149	0.57161	0	0.37691
V124	0.69358	0.29079	0	0.01563
V125	0.41779	0.46395	0.11826	0
V126	0.13225	0.20772	0	0.66003
V127	0.24133	0.09057	0.20938	0.45872
V128	0.1445	0.06919	0.06437	0.72194
V129	0.61247	0.2824	0.10513	0
V130	0.00857	0.69578	0.29565	0
V131	0.04169	0.92131	0	0.037
V132	0.95863	0.02415	0	0.01722
V133	0.94684	0.05316	0	0
V134	0.16911	0.45985	0.06156	0.30948
V135	0.1783	0.0697	0.12707	0.62493
V136	0.2903	0.41882	0	0.29088
V137	0.69029	0.07075	0.20302	0.03594
V138	0.25942	0.46426	0.12056	0.15577
V139	0.40545	0.25931	0.13821	0.19703
V140	0.13472	0.15975	0	0.70553
V141	0.08756	0.20882	0.5121	0.19153
V142	0.81988	0.01991	0.16021	0
V143	0.49067	0.31469	0	0.19463
V144	0.24385	0.21376	0.10424	0.43815
V145	0	0.80817	0.19183	0
V146	0.19122	0.05635	0	0.75243
V147	0.93378	0.0373	0	0.02892
V148	0.15714	0.11827	0.55247	0.17212
V149	0.28104	0.55138	0.16758	0
V150	0.09796	0.29631	0.56403	0.04171
V151	0.24741	0.67285	0	0.07974
V152	0.27145	0.50431	0.17074	0.0535
V153	0.13767	0.791	0	0.07133
V154	0.26753	0.50429	0.22818	0
V155	0.50933	0.1923	0.23956	0.05881
V156	0.03822	0.19298	0.67245	0.09635
V157	0.34976	0.20667	0.26534	0.17823
V158	0.15885	0.05259	0.00095	0.78761
V159	0.90715	0.06501	0	0.02784
V160	0.76418	0.02966	0	0.20616
V161	0.31825	0.02953	0	0.65222
V162	0.14437	0.37298	0.00485	0.4778
V163	0.1422	0.55853	0.11363	0.18564
V164	0.40059	0.37285	0.03099	0.19558
V165	0.07711	0.28691	0	0.63598
V166	0.11026	0.18087	0.00461	0.70426
V167	0.42733	0	0	0.57267
V168	0.33485	0.64012	0.01256	0.01247
V169	0.28907	0.08809	0	0.62284
V170	0.1488	0.06303	0.49499	0.29318
V171	0.14223	0.29541	0.56188	0.00048
V172	0.74665	0.01827	0.23508	0
V173	0.11988	0.20611	0	0.67401
V174	0.1095	0.24469	0.00222	0.64359
V175	0.07573	0.04165	0.78268	0.09994
V176	0.01817	0.85388	0.12796	0
V177	0.02138	0.97862	0	0
V178	0.02682	0.80469	0	0.16849
V179	0.22475	0.04717	0.34607	0.38201
V180	0.04613	0.92494	0.02893	0
V181	0.18972	0.1827	0.50649	0.12109
V182	0.32401	0.23311	0.4245	0.01839
V183	0.19143	0.80857	0	0
V184	0.99818	0.00182	0	0
V185	0.58478	0.41522	0	0
V186	0.15197	0.54234	0.22096	0.08473
V187	0.96897	0.03103	0	0
V188	0.12884	0.25243	0	0.61873
V189	0.85579	0.02269	0	0.12152
V190	0.6782	0.04291	0.27888	0
V191	0.20159	0.26198	0.53643	0
V192	0.35119	0.51759	0	0.13122
V193	0.647	0.06893	0.19262	0.09145
V194	0.05714	0.94286	0	0
V195	0.00447	0.08099	0.90846	0.00608
V196	0.10873	0.13606	0	0.75521
V197	0.48599	0.0591	0	0.4549
V198	0.08327	0.56326	0.3371	0.01636
V199	0.25819	0.07282	0.12062	0.54837
V200	0.16943	0.5995	0	0.23107
V201	0.13397	0.6207	0.14076	0.10457
V202	0.02399	0.06654	0.7627	0.14677
V203	0.17756	0.47276	0.34967	0
V204	0.04423	0.56388	0	0.39189
V205	0.01012	0.11074	0.87475	0.0044
V206	0.03955	0.14451	0.81594	0
V207	0.21859	0.24401	0	0.5374
V208	0.25314	0.10758	0.63928	0
V209	0.3557	0.53196	0	0.11234
V210	0.12345	0.82804	0.0401	0.00841
V211	0.5017	0.02401	0	0.47428
V212	0.52426	0.07901	0.39673	0
V213	0.70051	0.06604	0.0457	0.18774
V214	0.39371	0.21633	0.10215	0.2878
V215	0.36738	0.11176	0	0.52087
V216	0.18901	0.03398	0	0.77701
V217	0.07669	0.56088	0.18601	0.17642
V218	0.14583	0.51642	0.11044	0.2273
V219	0.14068	0.66992	0	0.1894
V220	0.02397	0.86498	0	0.11105
V221	0.84694	0	0	0.15306
V222	0.35343	0.18376	0.32418	0.13863
V223	0	0.19758	0.74991	0.05251
V224	0.99354	0.00646	0	0
V225	0.08508	0.91065	0.00427	0
V226	0.31166	0.12438	0.56396	0
V227	0.8239	0.02228	0.15382	0
V228	0.82148	0.11055	0	0.06797
V229	0.01307	0.0711	0.89564	0.0202
V230	0.13102	0.09685	0	0.77214
V231	0.08622	0.35533	0.04152	0.51693
V232	0.07227	0.68031	0	0.24742
V233	0.60999	0.13429	0.14668	0.10904
V234	0.06259	0.93741	0	0
V235	0.39125	0.10582	0.50293	0
V236	0.0466	0.12122	0.77612	0.05607
V237	0.27572	0.03714	0	0.68714
V238	0.15891	0.6151	0.22268	0.00331
V239	0.12093	0.43566	0	0.44341
V240	0.51331	0.07893	0.39105	0.01671
V241	0.01519	0.04785	0.88296	0.054
V242	0.15788	0.80369	0.03844	0
V243	0.25852	0.08634	0.6091	0.04604
V244	0.22499	0.03714	0.68125	0.05663
V245	0.64151	0.3406	0	0.01788
V246	0.05285	0.20616	0.741	0
V247	0.15391	0.06275	0.78335	0
V248	0.14173	0.10715	0	0.75112
V249	0	0.09367	0.85609	0.05024
V250	0.79593	0.0215	0.18258	0
V251	0.94662	0.05338	0	0
V252	0.01824	0.8734	0.10837	0
V253	0.43527	0.11371	0.10292	0.3481
V254	0.02947	0.96736	0.00317	0
V255	0.06423	0.93252	0	0.00325
V256	0.19634	0.27044	0.48438	0.04883
V257	0.47249	0.1461	0.18318	0.19823
V258	0.20379	0.32318	0.38524	0.08779
V259	0.03483	0.35327	0.60793	0.00397
V260	0	0.32564	0.67436	0
V261	0.66424	0.06736	0.14749	0.12091
V262	0.20313	0.094	0	0.70287
V263	0.03218	0.96782	0	0
V264	0.2143	0.08022	0.39295	0.31254
V265	0.14251	0.04692	0.09799	0.71258
V266	0.65971	0.34029	0	0
V267	0.04001	0.24479	0.24273	0.47247
V268	0.46451	0.05958	0.08021	0.3957
V269	0.01223	0.61709	0.36147	0.00921
V270	0.68313	0.05982	0.20263	0.05442
V271	0.8376	0.08586	0	0.07654
V272	0.0791	0.8573	0	0.0636
V273	0.18319	0.07531	0	0.7415
V274	0.7545	0.01989	0.14179	0.08382
V275	0	0.0816	0.91213	0.00626
V276	0.53886	0.35138	0	0.10976
V277	0.10804	0.27692	0.09833	0.51671
V278	0.10728	0.11289	0.24455	0.53528
V279	0.7413	0.09853	0.04849	0.11168
V280	0.15885	0.05259	0.00095	0.78761
V281	0.60789	0.06577	0.07936	0.24698
V282	0.05787	0.12233	0.78153	0.03827
V283	0.25796	0.64042	0	0.10162
V284	0.05254	0.93661	0.01084	0
V285	0.06504	0.04321	0.89175	0
V286	0.29017	0.61206	0.04502	0.05275
V287	0.11863	0.88137	0	0
V288	0.03649	0.34098	0.39165	0.23087
V289	0.30528	0.2765	0.38145	0.03676
V290	0.83934	0.16066	0	0
V291	0.49685	0.10788	0.39526	0
V292	0.956	0	0	0.044
V293	0.30911	0.05706	0.62412	0.00971
V294	0.13977	0.38156	0	0.47867
V295	0.08544	0.24413	0.13469	0.53574
V296	0.19194	0.17393	0.58074	0.05339
V297	0.20381	0.04478	0.02656	0.72485
V298	0.30119	0.14465	0.55416	0
V299	0.13544	0.30187	0	0.56269
V300	0.0709	0.09286	0.18833	0.64791
V301	0.13471	0.16545	0.61527	0.08457
V302	0.66948	0.33052	0	0
V303	0	0.65371	0.34629	0
V304	0.06715	0.07168	0.72429	0.13688
V305	0.15313	0.21568	0.42047	0.21073
V306	0.84452	0.13297	0	0.0225
V307	0.03801	0.96199	0	0
V308	0.26904	0.28756	0.24535	0.19806
V309	0.3787	0.33964	0	0.28167
V310	0.13996	0.38432	0.0849	0.39083
V311	0.52798	0.47202	0	0
V312	0.12339	0.78475	0.09186	0
V313	0.0814	0.1779	0	0.74069
V314	0.06522	0.55408	0.0414	0.3393
V315	0.16006	0.6692	0	0.17075
V316	0.33974	0.18507	0.34618	0.12901
V317	0.12575	0.75241	0	0.12184
V318	0.07524	0.58225	0	0.3425
V319	0.05682	0.11376	0.81508	0.01434
V320	0.08772	0.20004	0.61758	0.09465
V321	0.64921	0.35079	0	0
V322	0.26005	0.38255	0	0.3574
V323	0.16985	0.0809	0.03721	0.71204
V324	0.69616	0.30384	0	0
V325	0.32882	0.67118	0	0
V326	0.03109	0.64392	0.02703	0.29796
V327	0.10619	0.22052	0.03835	0.63495
V328	0.05725	0.07317	0.72356	0.14601
V329	0.24823	0.16927	0.10617	0.47632
V330	0.43447	0.04144	0.29385	0.23023
V331	0.4163	0.11577	0	0.46793
V332	0.09584	0.11405	0.13149	0.65863
V333	0.44941	0.11874	0.35197	0.07988
V334	0.39889	0.0426	0.31779	0.24071
V335	0.03284	0.39525	0.4825	0.08942
V336	0.2051	0.73419	0	0.06072
V337	0.30047	0.45148	0.24806	0
V338	0	1	0	0
V339	0.11919	0.0405	0.84031	0
V340	0.07177	0.28525	0.49215	0.15083
V341	0.13847	0.1064	0.01199	0.74314
V342	0.26793	0.03277	0.59647	0.10283
V343	0.96921	0.03079	0	0
V344	0.68953	0.18511	0.12536	0
V345	0.00595	0.08234	0.91172	0
V346	0.28369	0.16411	0.23181	0.32039
V347	0.15135	0.06635	0.07998	0.70232
V348	0.08982	0.71826	0.08782	0.1041
V349	0.36812	0.21767	0.3457	0.06851
V350	0.03707	0.837	0.12592	0
V351	0.074	0.08283	0.35352	0.48965
V352	0.04789	0.06523	0.82762	0.05925
V353	0.90888	0.04204	0	0.04908
V354	0.06678	0.75087	0.18235	0
V355	0.30301	0.12246	0.42426	0.15027
V356	0.14431	0.08368	0.05139	0.72063
V357	0.15132	0.39241	0.22701	0.22926
V358	0.59345	0.13329	0	0.27326
V359	0.62068	0.06934	0	0.30997
V360	0.56197	0.43803	0	0
V361	0	0.48799	0.51201	0
V362	0.00143	0.99857	0	0
V363	0.20047	0.16942	0.42967	0.20044
V364	0.16649	0.1109	0.65608	0.06653
V365	0.34546	0.0355	0	0.61904
V366	0.11945	0.75003	0.01716	0.11336
V367	0.60596	0.13575	0	0.25829
V368	0.1266	0.79423	0.02347	0.0557
V369	0.00837	0.44088	0.55075	0
V370	0.30767	0.32588	0.36645	0
V371	0.2177	0.75997	0	0.02233
V372	0.25561	0.10796	0.0547	0.58173
V373	0.11081	0.19625	0.43132	0.26162
V374	0.79584	0.04218	0.16198	0
V375	0.14058	0.09979	0.09038	0.66925
V376	0.14198	0.09686	0.04766	0.7135
V377	0.82219	0	0	0.17781
V378	0.0596	0.08332	0.36705	0.49003
V379	0.38525	0.2061	0	0.40865
V380	0.22719	0.12716	0.14051	0.50515
V381	0.78625	0.04487	0.02799	0.14088
V382	0.07585	0.08008	0.84407	0
V383	0.87658	0.02542	0	0.098
V384	0.60474	0.12145	0.06671	0.2071
V385	0.89486	0.05126	0.01558	0.0383
V386	0.37961	0.0539	0.08369	0.4828
V387	0.61318	0.20149	0.13627	0.04905
V388	0.41226	0.39274	0.08036	0.11464
V389	0.43875	0.54008	0	0.02116
V390	0.29161	0.2942	0.41418	0
V391	0.46961	0.1133	0	0.41709
V392	0.46118	0.28104	0.10176	0.15601
V393	0.30475	0.28709	0.30183	0.10632
V394	0.16975	0.29584	0.03845	0.49597
V395	0.25769	0.45312	0.14382	0.14537
V396	0.02397	0.97603	0	0
V397	0.81246	0.13593	0.04207	0.00954
V398	0.50344	0.19171	0.01798	0.28688
V399	0.22952	0.61498	0.09296	0.06254
V400	0.03042	0.66166	0	0.30792
V401	0.03424	0.21639	0.69977	0.0496
V402	0.81226	0.18774	0	0
V403	0.13902	0.09033	0.02712	0.74353
V404	0.09822	0.25386	0.5849	0.06301
V405	0.30052	0.07959	0.10788	0.512
V406	0.66653	0.26873	0	0.06475
V407	0	1	0	0
V408	0.12074	0.30501	0.3541	0.22015
V409	0.10421	0.10398	0	0.79181
V410	0.11403	0.88597	0	0
V411	0.49054	0	0	0.50946
V412	0.18984	0.12599	0.46254	0.22163
V413	0.09716	0.55191	0.12347	0.22745
V414	0.05376	0.56935	0.29138	0.08551
V415	0.4907	0.06932	0.18163	0.25836
V416	0	0.12832	0.87168	0
V417	0.38617	0.61383	0	0
V418	0.15958	0.17069	0.07682	0.59291
V419	0.1504	0.04819	0.01493	0.78647
V420	0.00118	0.94063	0	0.05819
V421	0.16793	0.0885	0.65691	0.08667
V422	0.15247	0.10951	0	0.73802
V423	0.07935	0.06722	0.84653	0.0069
V424	0.00437	0.10999	0.60189	0.28375
V425	0.06383	0.29738	0.56671	0.07208
V426	0.09305	0.09544	0.76612	0.0454
V427	0.11382	0.46287	0.13334	0.28997
V428	0.1262	0.82688	0	0.04692
V429	0.14415	0.05221	0.02117	0.78246
V430	0.77417	0.18466	0	0.04117
V431	0.22287	0.06947	0.41535	0.29232
V432	0.20517	0.14752	0	0.64731
V433	0.07613	0.75789	0	0.16599
V434	0.40887	0.1126	0	0.47853
V435	0.57124	0.04623	0.05638	0.32615
V436	0.45799	0.04981	0.04877	0.44344
V437	0.28453	0.23921	0	0.47626
V438	0.64307	0.18381	0	0.17313
V439	0.12711	0.14749	0	0.7254
V440	0.54014	0.05217	0	0.40769
V441	0.08314	0.18762	0.56663	0.1626
V442	0.35978	0.40596	0.06943	0.16482
V443	0.7955	0.03382	0.02887	0.14181
V444	0.00595	0.08234	0.91172	0
V445	0.634	0.05568	0.31001	0.00031
V446	0.06961	0.88992	0	0.04047
V447	0.65826	0.14357	0.12648	0.07169
V448	0.10168	0.1309	0.13926	0.62815
V449	0.58621	0.08305	0.25884	0.0719
V450	0.14987	0.85013	0	0
V451	0.94237	0.05264	0	0.00499
V452	0.15525	0.07161	0.02991	0.74323
V453	0.84274	0.12433	0	0.03293
V454	0.00768	0.98529	0.00703	0
V455	0.62245	0.07391	0.26825	0.03538
V456	0.35138	0.17373	0.34575	0.12914
V457	0.09539	0.11748	0	0.78714
V458	0.31634	0.23668	0	0.44697
V459	0.04307	0.85846	0.0406	0.05787
V460	0.96525	0.02778	0	0.00696
V461	0.1791	0.07314	0	0.74775
V462	0.38664	0.24518	0	0.36818
V463	0.28971	0.53765	0.09975	0.07289
V464	0.54693	0.09649	0	0.35659
V465	0.43221	0.45837	0	0.10942
V466	0.61102	0.18893	0	0.20005
V467	0.35318	0.6336	0.01322	0
V468	0.53226	0.45247	0	0.01527
V469	0.06808	0.243	0.23692	0.452
V470	0.5785	0.17651	0.12615	0.11884
V471	0.33891	0.13761	0	0.52349
V472	0.35628	0.33541	0	0.30831
V473	0.11112	0.59114	0.29774	0
V474	0.23275	0.03858	0.05469	0.67399
V475	0.24405	0.46836	0	0.28759
V476	0.27501	0.06254	0	0.66245
V477	0.63351	0.07885	0.15751	0.13012
V478	0.16331	0.60723	0	0.22946
V479	0.00901	0.14419	0.78115	0.06565
V480	0.14807	0.35857	0	0.49336
V481	0.14219	0.06392	0.79389	0
V482	0.72691	0.21914	0.05163	0.00232
V483	0.22453	0.1777	0	0.59777
V484	0.12512	0.13669	0	0.73819
V485	0.14674	0.76363	0	0.08964
V486	0.32485	0.33105	0.05659	0.28751
V487	0.1853	0.11352	0.02241	0.67877
V488	0	0.04482	0.86879	0.08639
V489	0.20997	0.15119	0.63884	0
V490	0.3906	0.37449	0	0.23491
V491	0.47117	0.50604	0	0.02279
V492	0.04319	0.87026	0.08655	0
V493	0.20251	0.00088	0	0.79662
V494	0.21165	0.21523	0.48308	0.09005
V495	0.24813	0.66737	0.08449	0
V496	0.29497	0.70503	0	0
V497	0.00905	0.04715	0.93387	0.00993
V498	0.38524	0.14487	0	0.46989
V499	0.62783	0.31064	0.06152	0
V500	0.10368	0.18243	0.70363	0.01027
V501	0.10462	0.05529	0.0425	0.7976
V502	0.56927	0.33539	0.09534	0
V503	0.26563	0.1557	0.14078	0.43789
V504	0.25693	0.72256	0	0.02051
V505	0.24442	0.2789	0.19734	0.27935
V506	0.11248	0.3159	0.41204	0.15958
V507	0.6506	0.15247	0.05838	0.13855
V508	0.77952	0.20567	0	0.01481
V509	0.25426	0.11241	0.4725	0.16083
V510	0.23343	0.55392	0.21265	0
V511	0.10428	0.46955	0	0.42617
V512	0.3348	0.10537	0.00543	0.5544
V513	0.10495	0.70001	0.17017	0.02487
V514	0.10999	0.12576	0	0.76425
V515	0.80194	0.09515	0	0.10291
V516	0.9144	0.0856	0	0
V517	0.12168	0.0833	0.20017	0.59486
V518	0.95976	0.04024	0	0
V519	0.04369	0.89204	0	0.06427
V520	0.05878	0.03772	0.60037	0.30313
V521	0.57745	0.0882	0.33435	0
V522	0.01988	0.18989	0.54756	0.24268
V523	0.39213	0.18185	0.20704	0.21898
V524	0.02053	0.82632	0.15315	0
V525	0.31474	0.23593	0	0.44933
V526	0.69112	0.13033	0.00133	0.17722
V527	0.25307	0.06716	0.35805	0.32173
V528	0.11792	0.87533	0	0.00676
V529	0.13988	0.12451	0.16618	0.56943
V530	0.00262	0.26786	0.65363	0.07588
V531	0.03045	0.89938	0.07017	0
V532	0.22676	0.3601	0	0.41314
V533	0.32651	0.42021	0.06793	0.18535
V534	0.02147	0.06801	0.68743	0.2231
V535	0.59349	0	0	0.40651
V536	0.25147	0.02345	0.342	0.38308
V537	0.60061	0.30595	0.09344	0
V538	0.52181	0.10223	0.01104	0.36492
V539	0.30452	0.49522	0.09667	0.10358
V540	0.23853	0.753	0.00847	0
V541	0.0667	0.57529	0	0.35801
V542	0.25354	0.18972	0.19661	0.36014
V543	0.90912	0.00139	0	0.08949
V544	0.18799	0.15392	0.10871	0.54937
V545	0.4281	0.1971	0	0.37479
V546	0.07282	0.91168	0.01549	0
V547	0.04431	0.68071	0.27498	0
V548	0.17684	0.7968	0.02636	0
V549	0.3211	0.07667	0.60223	0
V550	0.62597	0.01226	0	0.36177
V551	0.20923	0.77693	0	0.01384
V552	0.02468	0.5624	0	0.41292
V553	0.22669	0.20218	0.57113	0
V554	0.15485	0.13894	0	0.70621
V555	0.13099	0.29403	0.28367	0.29131
V556	0	0.08527	0.89037	0.02436
V557	0.8451	0.02598	0	0.12892
V558	0.09535	0.82233	0	0.08232
V559	0.01583	0.83696	0.14721	0
V560	0.6934	0.3066	0	0
V561	0	0.0816	0.91213	0.00626
V562	0.82037	0.03679	0.06423	0.07861
V563	0.23814	0.03747	0.72439	0
V564	0.05431	0.13536	0.81034	0
V565	0.15493	0.32551	0.3305	0.18906
V566	0.72516	0.09394	0	0.1809
V567	0.25806	0.47968	0	0.26226
V568	0.34073	0.04148	0	0.61779
V569	0.7161	0.00947	0	0.27443
V570	0.02498	0.35318	0.58841	0.03343
V571	0.83834	0.12664	0	0.03502
V572	0.46418	0.04691	0.41656	0.07235
V573	0.14132	0.20383	0	0.65486
V574	0.05256	0.81915	0.12828	0
V575	0.11135	0.15864	0.06663	0.66339
V576	0.17466	0.82534	0	0
V577	0.12451	0.10563	0.15874	0.61111
V578	0.06857	0.12372	0.65277	0.15494
V579	0.02643	0.92271	0.05086	0
V580	0.25554	0.05647	0.05179	0.63619
V581	0.16631	0.11308	0	0.72061
V582	0.61476	0.17265	0	0.2126
V583	0.0271	0.10726	0.56232	0.30332
V584	0.53376	0.21477	0.25147	0
V585	0.06074	0.06165	0.40788	0.46974
V586	0.24763	0.05536	0.63098	0.06603
V587	0.27122	0.05932	0.66691	0.00256
V588	0.66856	0.05139	0	0.28004
V589	0.0925	0.87019	0.00741	0.0299
V590	0.05936	0.7939	0.14674	0
V591	0.07474	0.10508	0.15837	0.66182
V592	0.14427	0.08164	0.77409	0
V593	0.6356	0.01453	0.14106	0.20882
V594	0.35358	0.34971	0.29182	0.00489
V595	0.14966	0.08546	0	0.76488
V596	0.08701	0.353	0.16787	0.39212
V597	0	0.64291	0.31035	0.04673
V598	0.00465	0.17945	0.81589	0
V599	0.64643	0.35357	0	0
V600	0.39311	0.5254	0	0.08148
V601	0.23444	0.34723	0	0.41833
V602	0.15075	0.08143	0	0.76782
V603	0.06291	0.39951	0	0.53758
V604	0.5253	0.17212	0.30258	0
V605	0.09051	0.39518	0.35681	0.1575
V606	0.74678	0.16604	0	0.08719
V607	0.7028	0.04454	0.04542	0.20724
V608	0.2516	0.22196	0.33763	0.18881
V609	0.08011	0.3087	0.17974	0.43145
V610	0.80925	0.05676	0.02965	0.10435
V611	0.37857	0.03662	0	0.58481
V612	0.02084	0.15486	0.77723	0.04707
V613	0.03654	0.39535	0.5652	0.00291
V614	0.794	0.09467	0	0.11133
V615	0.23029	0.08025	0	0.68946
V616	0.11496	0.75296	0	0.13208
V617	0.46821	0.2029	0.32889	0
V618	0.7506	0	0	0.2494
V619	0.424	0.07214	0.2742	0.22966
V620	0.00857	0.69578	0.29565	0
V621	0.46673	0.21462	0.11197	0.20668
V622	0.36534	0.2803	0.35436	0
V623	0.10857	0.14488	0.08916	0.65739
V624	0.80685	0.19315	0	0
V625	0.30831	0.56041	0.02817	0.1031
V626	0.96556	0.02958	0	0.00486
V627	0.09736	0.09972	0.04044	0.76249
V628	0.06556	0.27082	0	0.66362
V629	0.16605	0.35829	0.22618	0.24948
V630	0.03747	0.39564	0.55455	0.01234
V631	0.09878	0.26965	0.03549	0.59608
V632	0.64271	0.01577	0.08379	0.25773
V633	0	0.09266	0.80781	0.09953
V634	0.39769	0.31048	0.29183	0
V635	0.04829	0.78344	0	0.16828
V636	0.13619	0.16481	0.60501	0.09399
V637	0.37168	0.26436	0.00701	0.35696
V638	0.4277	0.31702	0	0.25528
V639	0.27052	0.46492	0.26457	0
V640	0.03244	0.21779	0.72687	0.0229
V641	0.90328	0.05757	0	0.03915
V642	0.78437	0.17604	0	0.03959
V643	0.03041	0.25296	0.41318	0.30345
V644	0.91584	0.08416	0	0
V645	0.27249	0.45913	0.26838	0
V646	0.026	0.974	0	0
V647	0.15143	0.14629	0.6731	0.02918
V648	0.43606	0.4876	0.07633	0
V649	0.02086	0.12577	0.81198	0.04139
V650	0.05751	0.1538	0.74463	0.04406
V651	0.30556	0.03507	0.65937	0
V652	0.13154	0.15044	0.39547	0.32255
V653	0.16223	0.72397	0.04033	0.07347
V654	0.72843	0.25013	0	0.02144
V655	0.07577	0.60204	0	0.32219
V656	0.26062	0.29033	0	0.44905
V657	0.12316	0.12918	0	0.74766
V658	0.63427	0.2603	0	0.10543
V659	0.35879	0.1401	0.32233	0.17878
V660	0.04232	0.95768	0	0
V661	0.11625	0.47608	0	0.40767
V662	0.43057	0.05736	0.44023	0.07184
V663	0.25501	0.12705	0.53592	0.08202
V664	0.20808	0.12242	0.65138	0.01813
V665	0.71608	0.22478	0	0.05913
V666	0.64929	0.01238	0.04262	0.29571
V667	0.78078	0.10532	0.1139	0
V668	0.14036	0.83064	0.029	0
V669	0.259	0.47352	0.20388	0.0636
V670	0.09276	0.90724	0	0
V671	0.38646	0.34814	0.21037	0.05503
V672	0.01141	0.0852	0.87799	0.0254
V673	0.2658	0.43147	0.17805	0.12468
V674	0.74115	0.16173	0	0.09711
V675	0.16836	0.39091	0.27361	0.16712
V676	0.12149	0.18877	0.04107	0.64868
V677	0.42434	0.46828	0.02434	0.08303
V678	0.52024	0.47976	0	0
V679	0.04023	0.36373	0.59604	0
V680	0.32911	0.59127	0.07962	0
V681	0.90971	0.07981	0	0.01048
V682	0.12067	0.36063	0.5187	0
V683	0.02521	0.97479	0	0
V684	0.73015	0.21771	0.02892	0.02323
V685	0.52551	0.40798	0.06161	0.0049
V686	0.16768	0.25213	0.08374	0.49644
V687	0.15948	0.06948	0	0.77104
V688	0.39449	0.51956	0	0.08595
V689	0.35563	0.01861	0	0.62576
V690	0.48354	0.0893	0.39286	0.0343
V691	0.15169	0.03851	0.8098	0
V692	0.08262	0.20268	0.67607	0.03863
V693	0.26949	0.16464	0.32544	0.24043
V694	0.07997	0.08719	0.24418	0.58866
V695	0.327	0.04679	0.09673	0.52948
V696	0.1744	0.12812	0	0.69748
V697	0.11385	0.12253	0	0.76362
V698	0.85333	0	0	0.14667
V699	0.59954	0.34413	0	0.05634
V700	0.31688	0.03493	0	0.64819
V701	0.16023	0.5918	0.04301	0.20496
V702	0.58119	0.08099	0	0.33782
V703	0.1717	0.10449	0.45155	0.27226
V704	0.84608	0.05936	0	0.09456
V705	0.97267	0	0	0.02733
V706	0.08346	0.10637	0.74717	0.06301
V707	0.04177	0.48851	0.46913	6e-04
V708	0.05954	0.90083	0	0.03963
V709	0.14819	0.32698	0.48607	0.03876
V710	0.63189	0.25314	0	0.11497
V711	0.11995	0.83861	0.04144	0
V712	0.84042	0.04967	0	0.10991
V713	0.46727	0.33135	0	0.20138
V714	0.03489	0.70436	0	0.26076
V715	0.32256	0.39475	0.25835	0.02434
V716	0.15005	0.11149	0	0.73846
V717	0.09084	0.90916	0	0
V718	0.1807	0.61714	0.12842	0.07374
V719	0.09029	0.74884	0	0.16087
V720	0.73502	0.02329	0.19504	0.04665
V721	0.15103	0.22667	0.43212	0.19017
V722	0.14713	0.3633	0	0.48957
V723	0.20286	0.1147	0	0.68244
V724	0.63634	0.06683	0.01184	0.28498
V725	0	0.1576	0.83067	0.01173
V726	0.09473	0.45371	0.051	0.40055
V727	0.28789	0.68483	0.02728	0
V728	0.04681	0.90325	0.04994	0
V729	0.47251	0.04833	0.10222	0.37694
V730	0.92068	0.06379	0	0.01553
V731	0.05925	0.26444	0.35338	0.32293
V732	0.38223	0.12806	0.31092	0.17879
V733	0.66819	0.21685	0	0.11497
V734	0.23491	0.34986	0.41523	0
V735	0.06002	0.08232	0.44501	0.41264
V736	0.25617	0.02841	0	0.71543
V737	0.35816	0.34965	0.18653	0.10567
V738	0.09556	0.39286	0.414	0.09758
V739	0.00851	0.07037	0.58676	0.33437
V740	0.86353	0.13438	0.00209	0
V741	0.53249	0.15644	0.0546	0.25646
V742	0.40512	0.59488	0	0
V743	0.13485	0.19877	0.66638	0
V744	0.542	0.08354	0.29391	0.08055
V745	0.03845	0.74977	0.13668	0.0751
V746	0.99067	0	0	0.00933
V747	0.0747	0.03782	0.70292	0.18457
V748	0.14185	0.16277	0.55342	0.14196
V749	0.34584	0.22174	0	0.43242
V750	0.4374	0.48352	0	0.07908
V751	0.07627	0.90156	0	0.02217
V752	0.49657	0.29074	0.06661	0.14608
V753	0.14902	0.07314	0	0.77784
V754	0.02115	0.94722	0	0.03163
V755	0.18892	0.25742	0.29307	0.26059
V756	0.15204	0.07826	0.00616	0.76355
V757	0.36875	0.63125	0	0
V758	0.0755	0.81402	0.07311	0.03736
V759	0.17312	0.11407	0.36016	0.35265
V760	0.34263	0.10691	0.23022	0.32024
V761	0.08997	0.62979	0.23574	0.04449
V762	0.04336	0.41645	0	0.54019
V763	0.41749	0.38175	0	0.20076
V764	0.02278	0.94421	0	0.03302
V765	0.69685	0.07606	0	0.22709
V766	0.0323	0.38587	0.40275	0.17908
V767	0.50785	0.1795	0.19467	0.11798
V768	0.08152	0.91848	0	0
V769	0.16232	0.83768	0	0
V770	0.026	0.974	0	0
V771	0.16348	0.06366	0.77286	0
V772	0.12683	0.09502	0.77815	0
V773	0.17389	0.82611	0	0
V774	0.01515	0.04681	0.91089	0.02715
V775	0.18523	0.09434	0.23242	0.48802
V776	0.46126	0.46692	0	0.07182
V777	0.25271	0.18198	0.07095	0.49436
V778	0.57067	0.33444	0	0.09489
V779	0.20358	0.09132	0.46338	0.24172
V780	0.12553	0.79323	0.08124	0
V781	0.16718	0.08827	0	0.74455
V782	0	0.1866	0.76815	0.04525
V783	0.82665	0.04202	0	0.13134
V784	0.12406	0.87594	0	0
V785	0.05958	0.94042	0	0
V786	0.75012	0.21788	0.01848	0.01351
V787	0	0.87787	0.12213	0
V788	0.53431	0.36352	0.0966	0.00558
V789	0.1279	0.39892	0	0.47318
V790	0.52472	0.07051	0.00174	0.40303
V791	0.16331	0.43438	0.28665	0.11566
V792	0.16734	0.55226	0	0.2804
V793	0.15807	0.69121	0	0.15072
V794	0.04603	0.14256	0.75714	0.05427
V795	0.21917	0.10501	0	0.67582
V796	0.01974	0.14886	0.82635	0.00504
V797	0.78304	0.02173	0.19523	0
V798	0.64492	0.34989	0.00519	0
V799	0.16224	0.80406	0	0.0337
V800	0.10818	0.07531	0.4831	0.33341
V801	0.18788	0.18028	0.28016	0.35168
V802	0.10502	0.1437	0.2246	0.52669
V803	0.22807	0.54863	0.2233	0
V804	0.54201	0.05394	0.35914	0.04491
V805	0.01512	0.04473	0.94015	0
V806	0.07015	0.9237	0	0.00616
V807	0.32326	0.18914	0	0.4876
V808	0.68866	0.31134	0	0
V809	0.03226	0.09592	0.87182	0
V810	0.02311	0.97689	0	0
V811	0.47	0.12412	0.14745	0.25843
V812	0.5779	0.30863	0	0.11347
V813	0.61027	0.25067	0.13906	0
V814	0.4467	0.5533	0	0
V815	0.00459	0.95473	0.04067	0
V816	0.96458	0.02105	0.01437	0
V817	0.02039	0.1406	0.83901	0
V818	0.09774	0.13983	0	0.76244
V819	0.85322	0.12343	0	0.02336
V820	0.21868	0.1373	0	0.64402
V821	0.23649	0.37607	0.35201	0.03542
V822	0.06869	0.07982	0.84351	0.00798
V823	0.02421	0.25767	0.65228	0.06584
V824	0.08101	0.41285	0.50615	0
V825	0.25845	0.35353	0.20017	0.18785
V826	0.44707	0.45687	0.09606	0
V827	0.39331	0.60669	0	0
V828	0.29528	0.23543	0.03273	0.43657
V829	0.11316	0.29528	0	0.59155
V830	0.28028	0.26006	0	0.45966
V831	0.79505	0.11342	0	0.09153
V832	0.30547	0.46188	0.10828	0.12438
V833	0.18521	0.56538	0.12506	0.12435
V834	0.37425	0.13434	0.00042	0.49099
V835	0.3941	0.51092	0.05196	0.04302
V836	0.0338	0.69713	0	0.26907
V837	0.25953	0.44139	0.13295	0.16613
V838	0.93248	0.06752	0	0
V839	0.32071	0.64213	0.03716	0
V840	0.29386	0.70614	0	0
V841	0	0.10559	0.85175	0.04266
V842	0.38758	0.22796	0.20668	0.17777
V843	0.01264	0.08264	0.84386	0.06085
V844	0.16164	0.14883	0.33716	0.35237
V845	0.06966	0.17198	0.71607	0.04229
V846	0	0.07221	0.74514	0.18265
V847	0.10875	0.05712	0.027	0.80713
V848	0.12979	0.57007	0.11412	0.18602
V849	0	0.98697	0	0.01303
V850	0.98459	0	0	0.01541
V851	0.34697	0.56276	0.09027	0
V852	0.2022	0.11442	0.06818	0.61521
V853	0.26443	0.28833	0.36049	0.08675
V854	0.62712	0.23095	0.03394	0.10799
V855	0.10875	0.05712	0.027	0.80713
V856	0.07313	0.41758	0.31052	0.19877
V857	0.69669	0.20635	0	0.09696
V858	0.55518	0.04566	0.39916	0
V859	0.67676	0.25809	0	0.06516
V860	0.27012	0.16804	0	0.56183
V861	0.08761	0.40097	0.51142	0
V862	0.13861	0.14812	0.69329	0.01999
V863	0.28144	0.07087	0	0.64769
V864	0.18351	0.10227	0	0.71422
V865	0.19227	0.05272	0.2218	0.5332
V866	0.73908	0.05193	0.20899	0
V867	0.73288	0.06142	0.2057	0
V868	0.54046	0.34235	0.07148	0.04571
V869	0.03731	0.96269	0	0
V870	0.15985	0.36883	0	0.47133
V871	0	0.98697	0	0.01303
V872	0.09096	0.07946	0.20052	0.62906
V873	0.91	0.06708	0	0.02292
V874	0.20595	0.79405	0	0
V875	0.08133	0.2657	0.14513	0.50783
V876	0.17779	0.389	0.37708	0.05614
V877	0.0761	0.46083	0.25439	0.20868
V878	0.153	0.83845	0.00855	0
V879	0.22466	0.73316	0	0.04218
V880	0.33013	0.56189	0	0.10798
V881	0.16682	0.09593	0.57462	0.16263
V882	0.83902	0.02095	0.07983	0.0602
V883	0.27288	0.24216	0.48496	0
V884	0.08422	0.29565	0	0.62014
V885	0.72913	0.25472	0.01615	0
V886	0.02526	0.4289	0.43813	0.1077
V887	0.66656	0.10906	0.10418	0.12019
V888	0.10754	0.10316	0.71881	0.07048
V889	0.92542	0.06956	0	0.00501
V890	0.04464	0.21115	0.59067	0.15354
V891	0.64249	0.09619	0.24509	0.01622
V892	0.33357	0.19971	0	0.46671
V893	0.60195	0.27516	0.09475	0.02814
V894	0.07247	0.37388	0.5528	0.00085
V895	0.62122	0.11068	0.14798	0.12012
V896	0.05714	0.94286	0	0
V897	0.70687	0.26546	0	0.02767
V898	0.50982	0	0	0.49018
V899	0.10219	0.26636	0.0788	0.55265
V900	0.10852	0.36081	0.32142	0.20925
V901	0.05531	0.85396	0	0.09073
V902	0.0749	0.9251	0	0
V903	0.00544	0.47972	0.50304	0.0118
V904	0.03439	0.96561	0	0
V905	0.24504	0.02991	0.13149	0.59356
V906	0.46261	0.14737	0.03339	0.35663
V907	0.45179	0.536	0	0.01221
V908	0.11662	0.13031	0.01935	0.73371
V909	0.15021	0.81965	0	0.03014
V910	0.26821	0.03051	0.07027	0.63101
V911	0.53938	0.42707	0	0.03355
V912	0.42666	0.39279	0.05575	0.1248
V913	0.24632	0.00892	0	0.74476
V914	0.20128	0.54494	0.25378	0
V915	0.3212	0	0	0.6788
V916	0.25417	0.11051	0.61821	0.01712
V917	0.74103	0.06742	0.11686	0.07469
V918	0.06888	0.68464	0.19129	0.05518
V919	0.2346	0.29934	0.24723	0.21883
V920	0.64421	0.26315	0.02408	0.06856
V921	0.11508	0.2185	0	0.66641
V922	0.1163	0.52038	0.35735	0.00597
V923	0.20198	0.07288	0	0.72514
V924	0.05051	0.71357	0.23593	0
V925	0.27251	0.05687	0	0.67062
V926	0.29572	0.0526	0	0.65169
V927	0.13798	0.11997	0	0.74205
V928	0.06575	0.90426	0	0.03
V929	0.0931	0.6992	0.07346	0.13424
V930	0.53166	0.40605	0	0.06229
V931	0.14826	0.3364	0.47695	0.03838
V932	0.04994	0.17939	0.57804	0.19264
V933	0.60163	0.39837	0	0
V934	0.06238	0.22072	0.22674	0.49016
V935	0.57761	0.22305	0.16085	0.03849
V936	0.54686	0.29202	0	0.16112
V937	0.58646	0.18732	0.0099	0.21633
V938	0.41334	0.09334	0.26389	0.22944
V939	0.79705	0.05514	0.00692	0.14089
V940	0.04927	0.84226	0.10837	1e-04
V941	0	0.04816	0.9402	0.01164
V942	0.75834	0.24166	0	0
V943	0.40565	0.18675	0.38803	0.01957
V944	0.09348	0.33724	0	0.56929
V945	0.57593	0.3719	0	0.05216
V946	0.46851	0.32128	0.21021	0
V947	0.16127	0.11141	0.17607	0.55124
V948	0.33805	0.07629	0.58566	0
V949	0.06404	0.18439	0.1535	0.59807
V950	0.08843	0.59333	0.16289	0.15535
V951	0.84234	0.05285	0.10481	0
V952	0.13179	0.1974	0.21061	0.4602
V953	0.0085	0.11891	0.85149	0.0211
V954	0.11436	0.25503	0.07858	0.55202
V955	0.15929	0.62993	0	0.21078
V956	0.07724	0.08005	0.47939	0.36331
V957	0.39733	0.01137	0	0.5913
V958	0.20251	0.00088	0	0.79662
V959	0.246	0.32204	0.39557	0.03639
V960	0.29939	0.34292	0	0.35769
V961	0.15952	0.44501	0.30998	0.08549
V962	0.37614	0.2304	0.35596	0.0375
V963	0.61468	0.23181	0.10481	0.0487
V964	0.86411	0.07359	0.04527	0.01703
V965	0.09417	0.56229	0.13642	0.20711
V966	0.96411	0.02584	0	0.01005
V967	0.09282	0.09977	0.49465	0.31276
V968	0	0.21647	0.74292	0.04061
V969	0.07637	0.33906	0	0.58457
V970	0.07427	0.18618	0.38616	0.35339
V971	0.51514	0.13906	0.2948	0.051
V972	0.54302	0.24292	0	0.21406
V973	0.31894	0.48677	0	0.19429
V974	0.02925	0.83804	0.08502	0.04769
V975	0.09337	0.33674	0.5699	0
V976	0.47818	0.31391	0.04272	0.16519
V977	0.3193	0.3957	0.28499	0
V978	0.16674	0.16754	0	0.66573
V979	0.81286	0.05186	0.13528	0
V980	0.99067	0	0	0.00933
V981	0.36386	0.07658	0.40034	0.15923
V982	0.47949	0.46367	0.00313	0.05372
V983	0.72799	0.05247	0	0.21954
V984	0.03952	0.88729	0.06974	0.00345
V985	0.14727	0.21963	0	0.6331
V986	0.35786	0.57138	0	0.07076
V987	0.24811	0.75189	0	0
V988	0.30376	0.03328	0	0.66296
V989	0.46751	0.52268	0.00981	0
V990	0	0.11117	0.77207	0.11676
V991	0.64798	0.35202	0	0
V992	0.23506	0.04949	0.49369	0.22176
V993	0.09481	0.77188	0.12685	0.00646
V994	0.20402	0.79598	0	0
V995	0.75873	0.13258	0	0.10869
V996	0.33049	0.13951	0	0.53
V997	0.01822	0.06813	0.81108	0.10258
V998	0.90272	0.05153	0.00531	0.04044
V999	0.1278	0.8722	0	0
V1000	0.37852	0.02055	0	0.60092
