B_cells	NK_cells	T_cells_CD4.	Monocytes
V1	0.65633	0.03989	0.08864	0.21514
V2	0.25946	0.09885	0	0.64169
V3	0.10146	0.65867	0	0.23988
V4	0.8998	0.1002	0	0
V5	0.15459	0.54186	0.22025	0.0833
V6	0.10257	0.89743	0	0
V7	0.23305	0.41995	0.00094	0.34606
V8	0.13669	0.04567	0.81764	0
V9	0.32305	0.2509	0	0.42605
V10	0.01152	0.04888	0.92334	0.01626
V11	0.21445	0.3894	0.39615	0
V12	0.02507	0.62484	0.3501	0
V13	0.28787	0.71213	0	0
V14	0.08239	0.91761	0	0
V15	0.17768	0.67509	0.06748	0.07974
V16	0.95193	0.04807	0	0
V17	0.10999	0.89001	0	0
V18	0.62172	0.37828	0	0
V19	0.17577	0.82423	0	0
V20	0.22682	0.48869	0	0.28448
V21	0.13521	0.09562	0.76918	0
V22	0.10521	0.12469	0.15097	0.61913
V23	0.39422	0.07313	0.53266	0
V24	0.96743	0.03257	0	0
V25	0.43252	0.29555	0.04744	0.22449
V26	0.45816	0.41359	0	0.12825
V27	0.21392	0.04716	0	0.73892
V28	0	0.08203	0.91797	0
V29	0.47262	0.06409	0.46329	0
V30	0.16533	0.26116	0.23315	0.34036
V31	0.26969	0.23987	0.24968	0.24077
V32	0.20892	0.0222	0	0.76888
V33	0.06833	0.56655	0.34263	0.02249
V34	0.13519	0.07431	0.79049	0
V35	0.20367	0.775	0.02132	0
V36	0.05148	0.06396	0.46196	0.4226
V37	0.65369	0.11336	0	0.23295
V38	0.53996	0.0127	0.10039	0.34695
V39	0.22593	0.64145	0.07416	0.05846
V40	0.12336	0.85433	0.02231	0
V41	0.05091	0.74992	0	0.19917
V42	0.32776	0.0515	0.14406	0.47668
V43	0.14037	0.38292	0.47671	0
V44	0.01787	0.11575	0.74952	0.11686
V45	0.13948	0.66492	0.18827	0.00733
V46	0.85736	0.12237	0.02027	0
V47	0.4961	0.24297	0.26093	0
V48	0.83836	0.16164	0	0
V49	0.80323	0.19204	0	0.00473
V50	0.09243	0.87095	0.03662	0
V51	0.34518	0.44872	0.20611	0
V52	0.01206	0.15852	0.82942	0
V53	0.77825	0.1639	0.05786	0
V54	0.45312	0.23543	0.31144	0
V55	0.29917	0.16708	0.18435	0.3494
V56	0.17574	0.03974	0.02146	0.76306
V57	0.12114	0.87886	0	0
V58	0.74098	0	0	0.25902
V59	0.49684	0.47624	0.02691	0
V60	0.19905	0.19242	0.289	0.31952
V61	0.87394	0.11206	0	0.01401
V62	0.9337	0.0663	0	0
V63	0.03299	0.87975	0.08725	0
V64	0.03105	0.91013	0	0.05882
V65	0.13899	0.01692	0.05496	0.78913
V66	0.25928	0.74072	0	0
V67	0.15709	0.36507	0.47785	0
V68	0.25275	0.14289	0	0.60436
V69	0.02049	0.36454	0.61497	0
V70	0.6245	0.21398	0.10841	0.05312
V71	0.23442	0.10029	0.34355	0.32174
V72	0.67411	0.2218	0	0.10408
V73	0.20809	0.69564	0.09109	0.00517
V74	0.03627	0.25099	0.71274	0
V75	0.8084	0.03796	0.12423	0.02941
V76	0.06902	0.21633	0.13318	0.58147
V77	0.10939	0.29019	0	0.60042
V78	0.40133	0.15482	0.11843	0.32542
V79	0	0.1454	0.81357	0.04103
V80	0.39983	0.05957	0.51776	0.02284
V81	0.04005	0.19682	0.76313	0
V82	0	0.10541	0.89459	0
V83	0.24008	0.21541	0	0.54451
V84	0.50268	0.07509	0.08718	0.33505
V85	0.14671	0.37534	0.37843	0.09952
V86	0.04451	0.09401	0.86148	0
V87	0.07804	0.91491	0.00705	0
V88	0.25576	0.08477	0.2219	0.43757
V89	0.12361	0.03722	0.15127	0.6879
V90	0.05217	0.93596	0.01188	0
V91	0.05285	0.78879	0.15836	0
V92	0.52709	0.06271	0.33968	0.07052
V93	0.96053	0.00064	0	0.03883
V94	0.07391	0.4753	0	0.45079
V95	0.32669	0.50736	0.09692	0.06902
V96	0.17958	0.10874	0	0.71168
V97	0.73042	0.14733	0.12225	0
V98	0.71898	0.28102	0	0
V99	0.85571	0.09313	0.05116	0
V100	0.07542	0.06584	0.85874	0
V101	0.13016	0.05117	0	0.81867
V102	0.95492	0.04508	0	0
V103	0.12431	0.08428	0.03263	0.75877
V104	0.04441	0.95559	0	0
V105	0.07608	0.92392	0	0
V106	0.14135	0.56591	0.29274	0
V107	0.20649	0.25113	0.54238	0
V108	0.17672	0.78777	0.03551	0
V109	0.0281	0.20602	0.59149	0.17439
V110	0.08728	0.91272	0	0
V111	0.97917	0.02083	0	0
V112	0.19356	0.09197	0.40235	0.31212
V113	0.29018	0.14232	0.11215	0.45536
V114	0.36918	0.06927	0	0.56156
V115	0.00909	0.79083	0.20008	0
V116	0.18612	0.37291	0.34262	0.09835
V117	0.72622	0.27378	0	0
V118	0.22341	0.63517	0	0.14141
V119	0.23107	0.09399	0	0.67494
V120	0.07155	0.10992	0.81853	0
V121	0.69764	0.18663	0	0.11573
V122	0.99609	0.00391	0	0
V123	0.06186	0.57187	0	0.36627
V124	0.71071	0.28929	0	0
V125	0.42948	0.46516	0.10535	0
V126	0.13942	0.18093	0	0.67964
V127	0.25954	0.07349	0.20817	0.4588
V128	0.15522	0.03846	0.05452	0.7518
V129	0.63236	0.28758	0.08006	0
V130	0.00245	0.69211	0.30544	0
V131	0.05123	0.94687	0	0.0019
V132	0.98723	0.01277	0	0
V133	0.96304	0.03696	0	0
V134	0.18341	0.45649	0.06799	0.29211
V135	0.19091	0.044	0.12258	0.64251
V136	0.30859	0.4203	0	0.27111
V137	0.73288	0.08993	0.1772	0
V138	0.27912	0.47185	0.12329	0.12574
V139	0.43352	0.26285	0.13242	0.17121
V140	0.14079	0.12686	0	0.73235
V141	0.09367	0.20447	0.53044	0.17142
V142	0.84882	0.03237	0.11881	0
V143	0.51938	0.31478	0	0.16583
V144	0.26291	0.19975	0.1032	0.43414
V145	0	0.80056	0.19944	0
V146	0.19479	0.01551	0	0.7897
V147	0.96906	0.03094	0	0
V148	0.16693	0.11476	0.56691	0.15139
V149	0.28711	0.55076	0.16213	0
V150	0.1031	0.30283	0.58338	0.01068
V151	0.26579	0.6906	0	0.04361
V152	0.29053	0.51905	0.17377	0.01665
V153	0.15233	0.81222	0	0.03546
V154	0.27266	0.50306	0.22428	0
V155	0.54236	0.20603	0.22825	0.02336
V156	0.04001	0.19265	0.69521	0.07212
V157	0.3729	0.20884	0.26518	0.15308
V158	0.16087	0.01019	0	0.82894
V159	0.93965	0.06035	0	0
V160	0.80038	0.02106	0	0.17856
V161	0.32955	0	0	0.67045
V162	0.15771	0.35998	0.00561	0.4767
V163	0.154	0.5638	0.12386	0.15834
V164	0.42879	0.37873	0.02452	0.16796
V165	0.0805	0.2657	0	0.6538
V166	0.11887	0.1519	0	0.72923
V167	0.42606	0	0	0.57394
V168	0.34686	0.64505	0.00809	0
V169	0.30375	0.0566	0	0.63965
V170	0.15986	0.0507	0.5076	0.28184
V171	0.14059	0.29303	0.56638	0
V172	0.77271	0.02859	0.1987	0
V173	0.12685	0.17795	0	0.6952
V174	0.1198	0.22024	0	0.65996
V175	0.07921	0.04113	0.8005	0.07917
V176	0.01407	0.84861	0.13733	0
V177	0.01745	0.98255	0	0
V178	0.03547	0.82282	0	0.14172
V179	0.23998	0.03222	0.35144	0.37636
V180	0.04508	0.92152	0.0334	0
V181	0.2022	0.18393	0.51903	0.09483
V182	0.33751	0.23928	0.42321	0
V183	0.19367	0.80633	0	0
V184	1	0	0	0
V185	0.59253	0.40747	0	0
V186	0.16373	0.55335	0.23214	0.05079
V187	0.98682	0.01318	0	0
V188	0.13565	0.23041	0	0.63394
V189	0.89688	0.01858	0	0.08454
V190	0.702	0.0496	0.2484	0
V191	0.20275	0.25879	0.53846	0
V192	0.37404	0.52847	0	0.09749
V193	0.68892	0.08332	0.17043	0.05732
V194	0.05557	0.94443	0	0
V195	0	0.07493	0.92507	0
V196	0.11086	0.09888	0	0.79026
V197	0.51152	0.03698	0	0.45151
V198	0.08479	0.56765	0.34756	0
V199	0.27786	0.0522	0.11296	0.55698
V200	0.18447	0.60908	0	0.20646
V201	0.14584	0.63147	0.15148	0.07121
V202	0.02401	0.06032	0.78644	0.12924
V203	0.17787	0.47	0.35213	0
V204	0.05167	0.56435	0	0.38397
V205	0	0.10707	0.89293	0
V206	0.03084	0.14057	0.82859	0
V207	0.23283	0.22443	0	0.54273
V208	0.25674	0.10578	0.63747	0
V209	0.37926	0.54334	0	0.07739
V210	0.12762	0.82869	0.04369	0
V211	0.52777	0	0	0.47223
V212	0.54054	0.08188	0.37757	0
V213	0.74717	0.07637	0.01677	0.15969
V214	0.42195	0.21382	0.0948	0.26942
V215	0.38685	0.08771	0	0.52543
V216	0.18509	0	0	0.81491
V217	0.08545	0.56416	0.20012	0.15027
V218	0.15845	0.51839	0.12006	0.20311
V219	0.15423	0.68401	0	0.16176
V220	0.03365	0.88613	0	0.08022
V221	0.88249	0	0	0.11751
V222	0.37658	0.18866	0.32443	0.11033
V223	0	0.19963	0.77446	0.02591
V224	1	0	0	0
V225	0.08523	0.90754	0.00723	0
V226	0.31777	0.1235	0.55873	0
V227	0.85379	0.03379	0.11242	0
V228	0.86125	0.11157	0	0.02718
V229	0.00588	0.07138	0.92274	0
V230	0.13286	0.05491	0	0.81223
V231	0.09565	0.33889	0.04528	0.52018
V232	0.08279	0.69102	0	0.22619
V233	0.65058	0.14802	0.12596	0.07544
V234	0.06187	0.93813	0	0
V235	0.40098	0.10609	0.49293	0
V236	0.04727	0.12309	0.79895	0.03068
V237	0.2877	5e-05	0	0.71225
V238	0.16041	0.6126	0.22699	0
V239	0.13217	0.42861	0	0.43922
V240	0.53662	0.08809	0.37529	0
V241	0.01183	0.04917	0.90753	0.03147
V242	0.16153	0.80073	0.03775	0
V243	0.27287	0.09233	0.61892	0.01589
V244	0.23651	0.04334	0.69028	0.02988
V245	0.66059	0.33941	0	0
V246	0.04569	0.20235	0.75196	0
V247	0.15258	0.06042	0.78699	0
V248	0.14654	0.06772	0	0.78574
V249	0	0.09483	0.87958	0.02559
V250	0.82446	0.03253	0.14301	0
V251	0.9626	0.0374	0	0
V252	0.01574	0.86783	0.11643	0
V253	0.46608	0.10729	0.09099	0.33564
V254	0.02641	0.96576	0.00783	0
V255	0.06396	0.93604	0	0
V256	0.20755	0.2784	0.49657	0.01749
V257	0.5045	0.14976	0.17259	0.17316
V258	0.21721	0.32996	0.39583	0.057
V259	0.02969	0.34992	0.62039	0
V260	0	0.31956	0.68044	0
V261	0.70749	0.08149	0.12246	0.08857
V262	0.21037	0.0577	0	0.73194
V263	0.02871	0.97129	0	0
V264	0.22873	0.06915	0.40078	0.30133
V265	0.15257	0.01855	0.08876	0.74012
V266	0.66804	0.33196	0	0
V267	0.04658	0.22631	0.25463	0.47248
V268	0.49733	0.05156	0.06331	0.38779
V269	0.00845	0.61727	0.37429	0
V270	0.7272	0.07729	0.17789	0.01762
V271	0.87757	0.08635	0	0.03609
V272	0.0912	0.88019	0	0.02861
V273	0.18834	0.03482	0	0.77684
V274	0.80234	0.03889	0.10991	0.04887
V275	0	0.07562	0.92438	0
V276	0.56701	0.35955	0	0.07343
V277	0.11857	0.25908	0.10177	0.52057
V278	0.11598	0.08996	0.25063	0.54343
V279	0.79014	0.11672	0.01612	0.07702
V280	0.16087	0.01019	0	0.82894
V281	0.64903	0.06967	0.05643	0.22487
V282	0.05807	0.12558	0.80493	0.01142
V283	0.27767	0.6557	0	0.06663
V284	0.05019	0.93473	0.01508	0
V285	0.05808	0.0417	0.90022	0
V286	0.31086	0.63015	0.04507	0.01392
V287	0.11996	0.88004	0	0
V288	0.04141	0.33552	0.41103	0.21204
V289	0.32386	0.28911	0.38491	0.00213
V290	0.84965	0.15035	0	0
V291	0.51189	0.111	0.37711	0
V292	1	0	0	0
V293	0.31766	0.05924	0.6231	0
V294	0.15055	0.37088	0	0.47856
V295	0.09371	0.22428	0.13945	0.54255
V296	0.20311	0.17984	0.59389	0.02316
V297	0.21762	0.01703	0.00954	0.75581
V298	0.30715	0.14359	0.54926	0
V299	0.14397	0.28466	0	0.57138
V300	0.07805	0.0651	0.19049	0.66636
V301	0.14233	0.16808	0.63184	0.05775
V302	0.67793	0.32207	0	0
V303	0	0.6458	0.3542	0
V304	0.06989	0.06782	0.74562	0.11667
V305	0.16386	0.21139	0.43433	0.19042
V306	0.87188	0.12812	0	0
V307	0.03501	0.96499	0	0
V308	0.28781	0.28743	0.25081	0.17395
V309	0.40118	0.33708	0	0.26175
V310	0.15262	0.37516	0.09064	0.38158
V311	0.53417	0.46583	0	0
V312	0.12463	0.78	0.09537	0
V313	0.08589	0.14452	0	0.76959
V314	0.07324	0.54799	0.05331	0.32546
V315	0.17546	0.68336	0	0.14118
V316	0.36155	0.18917	0.34902	0.10026
V317	0.14082	0.76985	0	0.08933
V318	0.08474	0.58537	0	0.32988
V319	0.05302	0.11455	0.83243	0
V320	0.0923	0.20077	0.6382	0.06874
V321	0.65767	0.34233	0	0
V322	0.27911	0.37668	0	0.3442
V323	0.18213	0.05122	0.02555	0.7411
V324	0.70634	0.29366	0	0
V325	0.33318	0.66682	0	0
V326	0.03949	0.63983	0.04096	0.27972
V327	0.1161	0.19676	0.03581	0.65133
V328	0.05997	0.06817	0.74507	0.1268
V329	0.26812	0.15363	0.10184	0.47641
V330	0.46336	0.04111	0.28587	0.20965
V331	0.43937	0.09435	0	0.46628
V332	0.10433	0.08563	0.13088	0.67916
V333	0.47786	0.12792	0.34603	0.04819
V334	0.42543	0.03984	0.31415	0.22058
V335	0.03557	0.40001	0.50428	0.06014
V336	0.22194	0.75539	0	0.02267
V337	0.30676	0.45104	0.2422	0
V338	0	1	0	0
V339	0.11552	0.04003	0.84445	0
V340	0.07768	0.28454	0.51066	0.12713
V341	0.14924	0.07459	0	0.77617
V342	0.28284	0.03393	0.60513	0.0781
V343	0.98724	0.01276	0	0
V344	0.71373	0.19337	0.09291	0
V345	0	0.07721	0.92279	0
V346	0.30398	0.1556	0.23349	0.30694
V347	0.16245	0.03619	0.072	0.72936
V348	0.09979	0.72985	0.09909	0.07127
V349	0.39162	0.22779	0.34536	0.03523
V350	0.03433	0.83136	0.13432	0
V351	0.07987	0.06012	0.36506	0.49496
V352	0.04735	0.06663	0.8498	0.03621
V353	0.95268	0.04124	0	0.00608
V354	0.06427	0.74554	0.19019	0
V355	0.32249	0.12383	0.42913	0.12455
V356	0.15508	0.05268	0.04162	0.75061
V357	0.16335	0.39165	0.23771	0.20729
V358	0.62491	0.12363	0	0.25146
V359	0.65228	0.056	0	0.29172
V360	0.56955	0.43045	0	0
V361	0	0.4821	0.5179	0
V362	0	1	0	0
V363	0.21365	0.16587	0.4409	0.17959
V364	0.17581	0.11375	0.67118	0.03926
V365	0.36122	0.00321	0	0.63557
V366	0.13171	0.76093	0.02662	0.08074
V367	0.63644	0.12825	0	0.23531
V368	0.13967	0.81088	0.03109	0.01835
V369	0.00081	0.43655	0.56264	0
V370	0.31396	0.32559	0.36046	0
V371	0.22875	0.77125	0	0
V372	0.27543	0.08599	0.04531	0.59327
V373	0.11878	0.1876	0.44722	0.24641
V374	0.82508	0.05306	0.12186	0
V375	0.1512	0.07113	0.08632	0.69135
V376	0.15263	0.06617	0.03888	0.74232
V377	0.85494	0	0	0.14506
V378	0.06519	0.0603	0.37958	0.49493
V379	0.40705	0.19196	0	0.40099
V380	0.24514	0.10799	0.13791	0.50895
V381	0.8349	0.05658	0	0.10852
V382	0.07011	0.07548	0.8544	0
V383	0.91759	0.02264	0	0.05977
V384	0.64574	0.12743	0.04546	0.18137
V385	0.94145	0.05855	0	0
V386	0.40751	0.03869	0.06969	0.4841
V387	0.65332	0.21857	0.11664	0.01147
V388	0.44077	0.40476	0.07346	0.081
V389	0.45342	0.54658	0	0
V390	0.29723	0.29437	0.40841	0
V391	0.49501	0.09519	0	0.4098
V392	0.49246	0.28877	0.09232	0.12644
V393	0.32514	0.29466	0.30476	0.07543
V394	0.18446	0.28141	0.03713	0.497
V395	0.27638	0.46067	0.1479	0.11505
V396	0.02101	0.97899	0	0
V397	0.84729	0.15098	0.00173	0
V398	0.53892	0.1922	0.00169	0.26719
V399	0.2465	0.63128	0.09589	0.02633
V400	0.04134	0.66337	0.0055	0.28978
V401	0.03433	0.2199	0.72368	0.02209
V402	0.82315	0.17685	0	0
V403	0.1496	0.05923	0.01422	0.77696
V404	0.10367	0.25913	0.60342	0.03377
V405	0.32319	0.06131	0.09904	0.51646
V406	0.69914	0.27658	0	0.02428
V407	0	1	0	0
V408	0.13028	0.30136	0.36927	0.19908
V409	0.10986	0.06053	0	0.82961
V410	0.11538	0.88462	0	0
V411	0.49538	0	0	0.50462
V412	0.20199	0.11988	0.47467	0.20347
V413	0.10659	0.55274	0.13658	0.20409
V414	0.05938	0.57762	0.30871	0.05429
V415	0.52405	0.06933	0.16793	0.23868
V416	0	0.12216	0.87784	0
V417	0.38958	0.61042	0	0
V418	0.17243	0.1481	0.0741	0.60537
V419	0.15759	0.01554	0	0.82687
V420	0.01293	0.96368	0	0.02338
V421	0.17772	0.09031	0.6714	0.06056
V422	0.15502	0.07239	0	0.77259
V423	0.07542	0.06584	0.85874	0
V424	0.00539	0.09816	0.62321	0.27324
V425	0.0678	0.30146	0.58714	0.0436
V426	0.09642	0.09814	0.78626	0.01918
V427	0.1242	0.45962	0.14453	0.27165
V428	0.1417	0.84855	0	0.00974
V429	0.15436	0.02076	0.00127	0.8236
V430	0.80958	0.19042	0	0
V431	0.2378	0.05931	0.42383	0.27906
V432	0.21597	0.11715	0	0.66687
V433	0.08782	0.77425	0	0.13793
V434	0.43187	0.09042	0	0.47771
V435	0.6108	0.04492	0.03338	0.3109
V436	0.49088	0.03898	0.03029	0.43985
V437	0.30095	0.2236	0	0.47546
V438	0.67571	0.18218	0	0.14211
V439	0.12974	0.11414	0	0.75611
V440	0.56869	0.0324	0	0.39891
V441	0.08859	0.18425	0.58661	0.14056
V442	0.38502	0.41476	0.06539	0.13482
V443	0.84535	0.04582	0	0.10883
V444	0	0.07721	0.92279	0
V445	0.65505	0.06241	0.28254	0
V446	0.07964	0.9094	0.00795	0.00301
V447	0.70184	0.16162	0.10145	0.0351
V448	0.11039	0.10395	0.14064	0.64502
V449	0.62429	0.0966	0.24156	0.03754
V450	0.15218	0.84782	0	0
V451	0.96093	0.03907	0	0
V452	0.16613	0.04083	0.01596	0.77708
V453	0.8773	0.1227	0	0
V454	0.00591	0.98	0.01409	0
V455	0.66126	0.09039	0.24835	0
V456	0.37419	0.17839	0.34685	0.10056
V457	0.09901	0.07565	0	0.82534
V458	0.33454	0.22168	0	0.44377
V459	0.05199	0.87365	0.05185	0.02251
V460	0.98763	0.01237	0	0
V461	0.18152	0.03291	0	0.78557
V462	0.40792	0.23585	0	0.35623
V463	0.31021	0.55275	0.10107	0.03597
V464	0.57483	0.08195	0	0.34323
V465	0.45682	0.46914	0	0.07404
V466	0.6414	0.18664	0	0.17195
V467	0.36089	0.63381	0.0053	0
V468	0.54779	0.45221	0	0
V469	0.07568	0.22534	0.2482	0.45078
V470	0.61727	0.18832	0.10903	0.08538
V471	0.35784	0.1139	0	0.52825
V472	0.3776	0.33247	0	0.28993
V473	0.10994	0.58704	0.30302	0
V474	0.24843	0.01334	0.04097	0.69726
V475	0.26354	0.4688	1e-04	0.26756
V476	0.2883	0.02765	0	0.68405
V477	0.67492	0.09095	0.13505	0.09907
V478	0.1776	0.61734	0	0.20506
V479	0.00688	0.14491	0.80743	0.04078
V480	0.15973	0.34598	0	0.49429
V481	0.14025	0.06115	0.79861	0
V482	0.75288	0.22956	0.01756	0
V483	0.2385	0.15143	0	0.61007
V484	0.12872	0.10044	0	0.77083
V485	0.16094	0.78417	0	0.05488
V486	0.34887	0.32916	0.05339	0.26859
V487	0.19936	0.08624	0.01136	0.70304
V488	0	0.04386	0.89181	0.06433
V489	0.21138	0.14855	0.64007	0
V490	0.41595	0.37412	0	0.20993
V491	0.48817	0.51183	0	0
V492	0.04057	0.86528	0.09416	0
V493	0.17456	0	0	0.82544
V494	0.2247	0.21953	0.49517	0.0606
V495	0.25305	0.66582	0.08114	0
V496	0.29702	0.70298	0	0
V497	0	0.04682	0.95318	0
V498	0.4075	0.12411	0	0.46839
V499	0.64894	0.31733	0.03373	0
V500	0.10214	0.18251	0.71535	0
V501	0.11705	0.02432	0.02358	0.83506
V502	0.58741	0.33999	0.07259	0
V503	0.28621	0.14192	0.13694	0.43494
V504	0.26692	0.73308	0	0
V505	0.26261	0.27502	0.20122	0.26115
V506	0.12075	0.31574	0.42859	0.13492
V507	0.69427	0.16624	0.03341	0.10608
V508	0.79924	0.20076	0	0
V509	0.27044	0.11173	0.48059	0.13724
V510	0.23708	0.5526	0.21032	0
V511	0.11615	0.46337	0	0.42049
V512	0.35673	0.08113	0	0.56213
V513	0.11121	0.70915	0.17964	0
V514	0.11137	0.08751	0	0.80112
V515	0.84098	0.09415	0	0.06486
V516	0.92768	0.07232	0	0
V517	0.13063	0.05717	0.20248	0.60972
V518	0.9757	0.0243	0	0
V519	0.0542	0.91571	0	0.03009
V520	0.06211	0.02319	0.61859	0.29611
V521	0.59572	0.09343	0.31085	0
V522	0.02212	0.18032	0.56956	0.22801
V523	0.41904	0.18309	0.20172	0.19615
V524	0.01658	0.82112	0.1623	0
V525	0.33383	0.2203	0	0.44586
V526	0.7267	0.12679	0	0.14651
V527	0.27044	0.05644	0.36253	0.31059
V528	0.12037	0.87963	0	0
V529	0.1512	0.10047	0.16789	0.58044
V530	0.00241	0.26999	0.67762	0.04998
V531	0.02895	0.89334	0.07771	0
V532	0.2423	0.352	0	0.4057
V533	0.34945	0.42601	0.06726	0.15729
V534	0.02111	0.05723	0.71093	0.21072
V535	0.6085	0	0	0.3915
V536	0.26804	0.01059	0.3445	0.37687
V537	0.62012	0.31201	0.06787	0
V538	0.55548	0.09204	0	0.35249
V539	0.32669	0.50736	0.09692	0.06902
V540	0.2436	0.74975	0.00665	0
V541	0.07854	0.5757	0	0.34576
V542	0.27256	0.17863	0.19894	0.34987
V543	0.9502	0	0	0.0498
V544	0.20272	0.13294	0.10645	0.55789
V545	0.45409	0.18326	0	0.36265
V546	0.07241	0.90849	0.0191	0
V547	0.04053	0.67527	0.28421	0
V548	0.181	0.79325	0.02575	0
V549	0.32731	0.07534	0.59735	0
V550	0.65291	0	0	0.34709
V551	0.21746	0.78254	0	0
V552	0.03192	0.56171	0	0.40637
V553	0.22885	0.20073	0.57042	0
V554	0.16022	0.10544	0	0.73434
V555	0.14212	0.28681	0.29557	0.27551
V556	0	0.08615	0.91385	0
V557	0.88466	0.02198	0	0.09336
V558	0.10953	0.84264	0	0.04783
V559	0.01281	0.8298	0.15739	0
V560	0.70239	0.29761	0	0
V561	0	0.07562	0.92438	0
V562	0.87483	0.05821	0.02605	0.0409
V563	0.24068	0.03822	0.72109	0
V564	0.04659	0.13175	0.82166	0
V565	0.16631	0.32494	0.34362	0.16513
V566	0.75953	0.09002	0	0.15045
V567	0.2762	0.4837	0	0.2401
V568	0.35826	0.00893	0	0.63281
V569	0.74836	0	0	0.25164
V570	0.02605	0.36062	0.61042	0.0029
V571	0.87135	0.12865	0	0
V572	0.4934	0.05624	0.40965	0.0407
V573	0.14703	0.17771	0	0.67526
V574	0.05004	0.81406	0.1359	0
V575	0.12162	0.1317	0.06281	0.68386
V576	0.17816	0.82184	0	0
V577	0.13464	0.07946	0.1593	0.62661
V578	0.07222	0.12024	0.67317	0.13437
V579	0.02358	0.91837	0.05805	0
V580	0.27448	0.03169	0.03934	0.6545
V581	0.1692	0.07852	0	0.75228
V582	0.64611	0.16839	0	0.1855
V583	0.02962	0.09359	0.58248	0.29431
V584	0.5499	0.21813	0.23197	0
V585	0.06522	0.03892	0.42131	0.47455
V586	0.26137	0.0595	0.6415	0.03763
V587	0.27552	0.05826	0.66621	0
V588	0.70155	0.03973	0	0.25872
V589	0.1015	0.88375	0.01475	0
V590	0.05769	0.78934	0.15297	0
V591	0.083	0.07533	0.16084	0.68084
V592	0.14316	0.07918	0.77766	0
V593	0.67681	0.0219	0.11665	0.18463
V594	0.36361	0.35164	0.28475	0
V595	0.15128	0.04369	0	0.80502
V596	0.09618	0.3417	0.17791	0.38422
V597	8e-05	0.65484	0.33193	0.01315
V598	0	0.17336	0.82664	0
V599	0.65536	0.34464	0	0
V600	0.41751	0.53883	0	0.04366
V601	0.25236	0.33677	0	0.41087
V602	0.15184	0.03945	0	0.80871
V603	0.06908	0.38732	0	0.5436
V604	0.54174	0.17487	0.28338	0
V605	0.09856	0.39579	0.37356	0.1321
V606	0.78209	0.16964	0	0.04827
V607	0.74966	0.0543	0.01504	0.181
V608	0.26893	0.2218	0.34358	0.16569
V609	0.0885	0.2936	0.1901	0.4278
V610	0.86005	0.07156	0	0.06839
V611	0.39741	0.00639	0	0.59619
V612	0.01937	0.15827	0.8018	0.02056
V613	0.03131	0.39118	0.57751	0
V614	0.83174	0.09339	0	0.07488
V615	0.23857	0.0448	0	0.71664
V616	0.12972	0.76957	0	0.10071
V617	0.48287	0.20604	0.31109	0
V618	0.77789	0	0	0.22211
V619	0.45267	0.07146	0.26746	0.20841
V620	0.00245	0.69211	0.30544	0
V621	0.49883	0.21857	0.1015	0.1811
V622	0.37431	0.28054	0.34515	0
V623	0.11843	0.11751	0.08702	0.67704
V624	0.81675	0.18325	0	0
V625	0.33012	0.5737	0.02833	0.06786
V626	0.98492	0.01508	0	0
V627	0.10795	0.06846	0.02841	0.79518
V628	0.07041	0.24694	0	0.68264
V629	0.17901	0.35621	0.23559	0.2292
V630	0.03435	0.39596	0.56969	0
V631	0.10882	0.24917	0.03464	0.60738
V632	0.68562	0.01977	0.05779	0.23682
V633	0	0.08981	0.83131	0.07889
V634	0.40879	0.31147	0.27974	0
V635	0.0585	0.80047	0	0.14103
V636	0.14418	0.16657	0.62107	0.06818
V637	0.39848	0.2577	0	0.34382
V638	0.45423	0.31356	0	0.23221
V639	0.27562	0.4639	0.26048	0
V640	0.03005	0.22173	0.74821	0
V641	0.94362	0.05638	0	0
V642	0.81852	0.18148	0	0
V643	0.03504	0.2411	0.43268	0.29118
V644	0.92937	0.07063	0	0
V645	0.27783	0.45798	0.26419	0
V646	0.02132	0.97868	0	0
V647	0.15801	0.15152	0.69047	0
V648	0.44821	0.48886	0.06293	0
V649	0.01843	0.12794	0.83822	0.01541
V650	0.05838	0.15716	0.76764	0.01682
V651	0.31046	0.03619	0.65335	0
V652	0.1417	0.13804	0.40823	0.31203
V653	0.17638	0.7387	0.04757	0.03736
V654	0.7513	0.2487	0	0
V655	0.08629	0.60665	0	0.30706
V656	0.27683	0.27769	0	0.44548
V657	0.12483	0.0928	0	0.78237
V658	0.66716	0.26404	0	0.0688
V659	0.38237	0.14155	0.32167	0.15441
V660	0.04076	0.95924	0	0
V661	0.12931	0.47122	0	0.39947
V662	0.45718	0.06571	0.43638	0.04073
V663	0.26977	0.13088	0.54618	0.05317
V664	0.21483	0.12565	0.65952	0
V665	0.75087	0.23098	0	0.01814
V666	0.69354	0.01584	0.01342	0.27719
V667	0.80872	0.11593	0.07536	0
V668	0.14409	0.82653	0.02938	0
V669	0.27756	0.48745	0.20753	0.02746
V670	0.09261	0.90739	0	0
V671	0.41234	0.36248	0.20684	0.01834
V672	0.00601	0.08769	0.9063	0
V673	0.28504	0.4406	0.18165	0.09271
V674	0.77676	0.16419	0	0.05904
V675	0.18085	0.39347	0.28548	0.1402
V676	0.13234	0.16354	0.03692	0.6672
V677	0.45295	0.48337	0.01754	0.04614
V678	0.52701	0.47299	0	0
V679	0.03422	0.35815	0.60763	0
V680	0.33658	0.59163	0.07179	0
V681	0.93069	0.06931	0	0
V682	0.11822	0.35708	0.52469	0
V683	0.02323	0.97677	0	0
V684	0.76732	0.23268	0	0
V685	0.54288	0.41332	0.0438	0
V686	0.18191	0.23642	0.08355	0.49812
V687	0.16103	0.02695	0	0.81201
V688	0.41671	0.53481	0	0.04848
V689	0.36255	0	0	0.63745
V690	0.51293	0.103	0.38407	0
V691	0.15015	0.03853	0.81132	0
V692	0.08548	0.20813	0.6971	0.00929
V693	0.28802	0.1607	0.32992	0.22136
V694	0.08689	0.06041	0.24972	0.60298
V695	0.35076	0.02865	0.0846	0.536
V696	0.18068	0.0944	0	0.72492
V697	0.11539	0.08343	0	0.80118
V698	0.88946	0	0	0.11054
V699	0.63085	0.35316	0	0.01599
V700	0.3305	0.00107	0	0.66844
V701	0.1736	0.59781	0.05037	0.17822
V702	0.6107	0.06711	0	0.32219
V703	0.18327	0.0946	0.46397	0.25816
V704	0.88656	0.05769	0	0.05575
V705	1	0	0	0
V706	0.08613	0.10804	0.76779	0.03804
V707	0.03634	0.48388	0.47978	0
V708	0.07096	0.92622	0	0.00282
V709	0.15674	0.33643	0.50048	0.00635
V710	0.66446	0.25649	0	0.07905
V711	0.12181	0.83521	0.04298	0
V712	0.87928	0.04775	0	0.07296
V713	0.49368	0.33248	0	0.17383
V714	0.04479	0.7146	0	0.24062
V715	0.33893	0.40428	0.25679	0
V716	0.15543	0.07304	0	0.77153
V717	0.09099	0.90901	0	0
V718	0.19484	0.63084	0.13614	0.03818
V719	0.10404	0.76423	0	0.13173
V720	0.7818	0.04111	0.16769	0.0094
V721	0.1614	0.22404	0.44641	0.16815
V722	0.15798	0.35141	0	0.49061
V723	0.21044	0.08099	0	0.70856
V724	0.67417	0.06128	0	0.26455
V725	0	0.15556	0.84444	0
V726	0.10482	0.44404	0.05887	0.39226
V727	0.29499	0.68437	0.02065	0
V728	0.04507	0.9001	0.05483	0
V729	0.50541	0.04146	0.08556	0.36757
V730	0.94668	0.05332	0	0
V731	0.06533	0.25294	0.36968	0.31206
V732	0.40742	0.12999	0.30827	0.15432
V733	0.70158	0.21945	0	0.07897
V734	0.23879	0.34955	0.41167	0
V735	0.064	0.06288	0.46142	0.4117
V736	0.2576	0	0	0.7424
V737	0.38228	0.36004	0.18515	0.07254
V738	0.10293	0.39709	0.43176	0.06821
V739	0.01107	0.05437	0.60715	0.32742
V740	0.87807	0.12193	0	0
V741	0.56922	0.15829	0.03777	0.23473
V742	0.41045	0.58955	0	0
V743	0.13219	0.19561	0.6722	0
V744	0.57655	0.09498	0.28053	0.04795
V745	0.04518	0.76125	0.15232	0.04125
V746	1	0	0	0
V747	0.0789	0.03195	0.7199	0.16924
V748	0.15066	0.16112	0.56927	0.11895
V749	0.36716	0.20606	0	0.42678
V750	0.46201	0.49763	0	0.04036
V751	0.08429	0.91571	0	0
V752	0.53033	0.3008	0.05378	0.11508
V753	0.14715	0.03138	0	0.82147
V754	0.02812	0.97188	0	0
V755	0.20279	0.25172	0.30323	0.24225
V756	0.15828	0.04054	0	0.80118
V757	0.37416	0.62584	0	0
V758	0.084	0.83131	0.08469	0
V759	0.18534	0.10035	0.36988	0.34443
V760	0.36692	0.09907	0.22728	0.30673
V761	0.09815	0.64314	0.24939	0.00933
V762	0.04998	0.40465	0	0.54538
V763	0.44222	0.38483	0	0.17295
V764	0.03081	0.96919	0	0
V765	0.73018	0.06868	0	0.20114
V766	0.03654	0.38322	0.42332	0.15691
V767	0.54113	0.189	0.18373	0.08614
V768	0.08199	0.91801	0	0
V769	0.16527	0.83473	0	0
V770	0.02132	0.97868	0	0
V771	0.16282	0.06031	0.77688	0
V772	0.12447	0.09132	0.78421	0
V773	0.17577	0.82423	0	0
V774	0.00936	0.05237	0.93761	0.00065
V775	0.19907	0.07406	0.23542	0.49144
V776	0.48765	0.47916	0	0.0332
V777	0.27286	0.16558	0.06574	0.49581
V778	0.60175	0.3405	0	0.05776
V779	0.21716	0.08414	0.47371	0.22499
V780	0.12768	0.78947	0.08285	0
V781	0.17095	0.04809	0	0.78096
V782	0	0.18928	0.79232	0.0184
V783	0.86558	0.03806	0	0.09636
V784	0.12584	0.87416	0	0
V785	0.05859	0.94141	0	0
V786	0.77732	0.22268	0	0
V787	0	0.87062	0.12938	0
V788	0.55297	0.36858	0.07845	0
V789	0.13878	0.3893	0	0.47192
V790	0.55408	0.05213	0	0.39379
V791	0.17504	0.44247	0.29675	0.08573
V792	0.18097	0.55842	0	0.26061
V793	0.17392	0.70571	0	0.12037
V794	0.04593	0.14512	0.78053	0.02842
V795	0.23012	0.07046	0	0.69942
V796	0.01045	0.14636	0.8432	0
V797	0.8108	0.03365	0.15554	0
V798	0.65722	0.34278	0	0
V799	0.17657	0.82343	0	0
V800	0.11623	0.06081	0.49747	0.32549
V801	0.20184	0.16839	0.28806	0.34171
V802	0.11427	0.12168	0.23043	0.53362
V803	0.23187	0.54636	0.22177	0
V804	0.57596	0.06788	0.34566	0.0105
V805	0.00346	0.04374	0.95281	0
V806	0.07121	0.92879	0	0
V807	0.34209	0.16972	0	0.48818
V808	0.6982	0.3018	0	0
V809	0.02224	0.09231	0.88545	0
V810	0.01824	0.98176	0	0
V811	0.50185	0.12309	0.13674	0.23832
V812	0.60872	0.3136	0	0.07768
V813	0.62977	0.25588	0.11435	0
V814	0.45271	0.54729	0	0
V815	0.00184	0.95067	0.04749	0
V816	0.98626	0.01374	0	0
V817	0.00972	0.13691	0.85337	0
V818	0.10267	0.10138	0	0.79596
V819	0.88121	0.11879	0	0
V820	0.22902	0.10715	0	0.66383
V821	0.25153	0.38968	0.35866	0.00013
V822	0.06444	0.07807	0.85749	0
V823	0.02582	0.26098	0.67448	0.03872
V824	0.07788	0.40843	0.51368	0
V825	0.27693	0.35718	0.20479	0.1611
V826	0.45981	0.45867	0.08152	0
V827	0.39712	0.60288	0	0
V828	0.31823	0.22367	0.0265	0.43161
V829	0.12142	0.27537	0	0.60321
V830	0.29774	0.24503	0	0.45722
V831	0.83385	0.11423	0	0.05192
V832	0.32751	0.47222	0.10875	0.09153
V833	0.19913	0.57577	0.13277	0.09233
V834	0.39665	0.11164	0	0.49171
V835	0.42105	0.5295	0.04593	0.00352
V836	0.04199	0.70783	0	0.25017
V837	0.27867	0.44844	0.13587	0.13702
V838	0.94831	0.05169	0	0
V839	0.32865	0.64185	0.02951	0
V840	0.29698	0.70302	0	0
V841	0	0.10718	0.87536	0.01746
V842	0.41465	0.23108	0.2031	0.15116
V843	0.00978	0.08274	0.86953	0.03795
V844	0.17371	0.13618	0.34628	0.34383
V845	0.07177	0.17663	0.73716	0.01444
V846	0	0.0654	0.76775	0.16685
V847	0.11957	0.02475	0.00887	0.84681
V848	0.14161	0.57473	0.12492	0.15874
V849	0.00111	0.99889	0	0
V850	1	0	0	0
V851	0.35593	0.56325	0.08082	0
V852	0.21733	0.08943	0.06213	0.63111
V853	0.28178	0.29513	0.36783	0.05526
V854	0.66864	0.24682	0.01165	0.07289
V855	0.11957	0.02475	0.00887	0.84681
V856	0.08012	0.41676	0.32753	0.17559
V857	0.73134	0.20975	0	0.05891
V858	0.57337	0.04943	0.37721	0
V859	0.70964	0.26493	0	0.02543
V860	0.28634	0.14332	0	0.57034
V861	0.08436	0.39717	0.51846	0
V862	0.14255	0.15165	0.70579	0
V863	0.2934	0.03816	0	0.66843
V864	0.19148	0.06456	0	0.74396
V865	0.20687	0.02934	0.2227	0.5411
V866	0.76559	0.06161	0.1728	0
V867	0.75939	0.07037	0.17024	0
V868	0.57628	0.36122	0.05574	0.00677
V869	0.0341	0.9659	0	0
V870	0.17143	0.35825	0	0.47031
V871	0.00111	0.99889	0	0
V872	0.09766	0.0519	0.20308	0.64736
V873	0.9401	0.0599	0	0
V874	0.21054	0.78946	0	0
V875	0.08966	0.24641	0.15252	0.51141
V876	0.18938	0.39918	0.38852	0.02292
V877	0.08389	0.46141	0.26947	0.18522
V878	0.15651	0.8349	0.00859	0
V879	0.24258	0.75372	0	0.0037
V880	0.34991	0.57792	0	0.07216
V881	0.17687	0.09302	0.58859	0.14152
V882	0.89549	0.04387	0.03983	0.02081
V883	0.27802	0.24079	0.48119	0
V884	0.08804	0.27531	0	0.63665
V885	0.74703	0.25297	0	0
V886	0.02799	0.43253	0.45964	0.07984
V887	0.71068	0.12369	0.07876	0.08687
V888	0.11247	0.10536	0.73692	0.04526
V889	0.94393	0.05607	0	0
V890	0.04826	0.20812	0.61234	0.13129
V891	0.67208	0.10879	0.21913	0
V892	0.35227	0.18259	0	0.46514
V893	0.63527	0.29152	0.07321	0
V894	0.06766	0.37032	0.56202	0
V895	0.66245	0.12245	0.12748	0.08762
V896	0.05557	0.94443	0	0
V897	0.7318	0.2682	0	0
V898	0.51696	0	0	0.48304
V899	0.11232	0.24762	0.07979	0.56027
V900	0.11801	0.35875	0.33591	0.18733
V901	0.06615	0.87552	0	0.05833
V902	0.07561	0.92439	0	0
V903	0.00155	0.47932	0.51914	0
V904	0.02986	0.97014	0	0
V905	0.26152	0.00929	0.12254	0.60665
V906	0.49602	0.14249	0.01776	0.34373
V907	0.46302	0.53698	0	0
V908	0.12696	0.09963	0.0091	0.7643
V909	0.16193	0.83807	0	0
V910	0.28603	0.00956	0.0562	0.64822
V911	0.56408	0.43592	0	0
V912	0.45618	0.40414	0.04794	0.09175
V913	0.23172	0	0	0.76828
V914	0.20303	0.54298	0.25399	0
V915	0.30971	0	0	0.69029
V916	0.26315	0.11398	0.62287	0
V917	0.78954	0.0868	0.08597	0.03769
V918	0.07631	0.69689	0.20678	0.02002
V919	0.25162	0.29883	0.25323	0.19633
V920	0.68729	0.28194	0.00048	0.03028
V921	0.12136	0.19155	0	0.68709
V922	0.11624	0.51874	0.36503	0
V923	0.20924	0.03374	0	0.75702
V924	0.04668	0.70848	0.24484	0
V925	0.28427	0.0214	0	0.69432
V926	0.30984	0.01821	0	0.67194
V927	0.14362	0.0819	0	0.77449
V928	0.07455	0.92545	0	0
V929	0.10274	0.70769	0.08626	0.10331
V930	0.56031	0.41721	0	0.02248
V931	0.15658	0.34619	0.49231	0.00492
V932	0.05333	0.17288	0.59967	0.17411
V933	0.60917	0.39083	0	0
V934	0.06909	0.20102	0.23691	0.49298
V935	0.61428	0.24066	0.14427	0.00079
V936	0.57602	0.29488	0	0.12911
V937	0.6225	0.18772	0	0.18978
V938	0.44064	0.09208	0.25896	0.20833
V939	0.83805	0.05465	0	0.1073
V940	0.0467	0.83685	0.11645	0
V941	0	0.04515	0.95485	0
V942	0.76958	0.23042	0	0
V943	0.42426	0.19401	0.38173	0
V944	0.10279	0.31941	0	0.5778
V945	0.60493	0.38388	0	0.01119
V946	0.48203	0.32328	0.19468	0
V947	0.17407	0.08775	0.17728	0.5609
V948	0.34497	0.07507	0.57996	0
V949	0.07148	0.16053	0.15665	0.61134
V950	0.09726	0.59997	0.17652	0.12625
V951	0.87387	0.06478	0.06136	0
V952	0.14301	0.17935	0.21791	0.45973
V953	0.00192	0.12128	0.8768	0
V954	0.12515	0.23572	0.0793	0.55983
V955	0.17435	0.64047	0	0.18517
V956	0.08279	0.06239	0.49602	0.3588
V957	0.4016	0	0	0.5984
V958	0.17456	0	0	0.82544
V959	0.26131	0.3331	0.40365	0.00195
V960	0.32085	0.33502	0	0.34413
V961	0.17148	0.45338	0.32131	0.05384
V962	0.39899	0.24277	0.35487	0.00336
V963	0.65476	0.25052	0.08462	0.01009
V964	0.90716	0.09189	0.00095	0
V965	0.10398	0.56423	0.14964	0.18216
V966	0.9882	0.0118	0	0
V967	0.09965	0.08587	0.51094	0.30354
V968	0	0.2206	0.76572	0.01368
V969	0.08374	0.32121	0	0.59505
V970	0.08015	0.17136	0.403	0.3455
V971	0.54785	0.15259	0.28384	0.01572
V972	0.57285	0.2404	0	0.18675
V973	0.34109	0.49295	0	0.16596
V974	0.03567	0.85268	0.09997	0.01169
V975	0.08983	0.332	0.57816	0
V976	0.51083	0.32243	0.03129	0.13545
V977	0.3266	0.3955	0.27791	0
V978	0.17655	0.13691	0	0.68653
V979	0.84308	0.0632	0.09372	0
V980	1	0	0	0
V981	0.38695	0.07856	0.40024	0.13425
V982	0.50828	0.47768	0	0.01404
V983	0.76275	0.04509	0	0.19216
V984	0.0382	0.88456	0.07723	0
V985	0.15385	0.19554	0	0.65061
V986	0.38028	0.58725	0	0.03247
V987	0.25072	0.74928	0	0
V988	0.31529	0	0	0.68471
V989	0.47909	0.52091	0	0
V990	0	0.10836	0.79437	0.09727
V991	0.65613	0.34387	0	0
V992	0.24996	0.04346	0.50244	0.20414
V993	0.09556	0.77116	0.13328	0
V994	0.2076	0.7924	0	0
V995	0.79504	0.13335	0	0.07161
V996	0.34796	0.11614	0	0.53589
V997	0.01706	0.06469	0.83563	0.08261
V998	0.94682	0.05318	0	0
V999	0.12898	0.87102	0	0
V1000	0.3886	0	0	0.6114
