cytotoxic.CD56.dim.NK.cell	memory.CD4.pos.AB.T.cell	memory.B.cell	CD14.pos.CD16.neg.classical.monocyte
V1	0.54619	0.02394	0.17429	0.25558
V2	0.14079	0.09484	0.07685	0.68752
V3	0.07279	0.619	0.02229	0.28592
V4	0.83457	0.14362	0.00663	0.01518
V5	0.12466	0.47571	0.25266	0.14697
V6	0.09691	0.86687	0.01961	0.01661
V7	0.15193	0.34965	0.09285	0.40558
V8	0.1388	0.02448	0.80637	0.03035
V9	0.23436	0.22916	0.05433	0.48215
V10	0.03922	0.02671	0.88417	0.04989
V11	0.22146	0.35059	0.42253	0.00542
V12	0.04933	0.58682	0.35183	0.01202
V13	0.2701	0.70774	0.00639	0.01577
V14	0.09251	0.89254	0.00977	0.00518
V15	0.13528	0.60775	0.11498	0.142
V16	0.88263	0.07172	0.02432	0.02133
V17	0.10649	0.86369	0.01316	0.01665
V18	0.57543	0.35525	0.04073	0.02859
V19	0.17142	0.81126	0.0073	0.01003
V20	0.17382	0.45705	0.03089	0.33824
V21	0.13857	0.05037	0.78197	0.0291
V22	0.02686	0.09232	0.22225	0.65857
V23	0.38387	0.04828	0.56167	0.00618
V24	0.88103	0.07866	0.04031	0
V25	0.35237	0.22876	0.13395	0.28491
V26	0.40135	0.3884	0.02346	0.18679
V27	0.09572	0.07654	0.05661	0.77113
V28	0.0351	0.09716	0.86261	0.00513
V29	0.4421	0.03394	0.49856	0.0254
V30	0.10583	0.19661	0.29123	0.40632
V31	0.20922	0.17575	0.30994	0.30509
V32	0.08037	0.05494	0.06901	0.79569
V33	0.06301	0.49554	0.35472	0.08673
V34	0.13817	0.0364	0.79598	0.02945
V35	0.17541	0.72991	0.07175	0.02292
V36	0.01899	0.03944	0.48912	0.45244
V37	0.54406	0.07505	0.10203	0.27886
V38	0.41475	0.01851	0.18316	0.38357
V39	0.18006	0.57391	0.12384	0.12219
V40	0.11894	0.8122	0.06886	0
V41	0.02962	0.67598	0.04989	0.2445
V42	0.21375	0.03699	0.22382	0.52544
V43	0.14498	0.32611	0.50264	0.02627
V44	0.02922	0.05835	0.75584	0.15658
V45	0.11504	0.59876	0.21092	0.07528
V46	0.78437	0.09483	0.11796	0.00284
V47	0.46459	0.18212	0.31403	0.03925
V48	0.78284	0.19242	0.01007	0.01467
V49	0.7258	0.20293	0.0042	0.06707
V50	0.08962	0.8329	0.073	0.00448
V51	0.32558	0.40145	0.24932	0.02365
V52	0.04393	0.09648	0.82927	0.03032
V53	0.70765	0.14702	0.14533	0
V54	0.43502	0.18632	0.36184	0.01682
V55	0.21473	0.11679	0.25571	0.41277
V56	0.05035	0.04298	0.11922	0.78744
V57	0.11538	0.85457	0.01987	0.01018
V58	0.62554	0.02933	0.05318	0.29195
V59	0.44638	0.41614	0.10002	0.03745
V60	0.13652	0.13494	0.34524	0.3833
V61	0.79911	0.11864	0.01585	0.0664
V62	0.85848	0.06466	0.06834	0.00852
V63	0.04376	0.83348	0.10567	0.01708
V64	0.03777	0.84676	0.00456	0.11091
V65	0.02762	0.03859	0.13875	0.79504
V66	0.22587	0.70306	0.01813	0.05294
V67	0.1669	0.31761	0.50351	0.01197
V68	0.15265	0.14723	0.05094	0.64918
V69	0.04293	0.29081	0.62247	0.04379
V70	0.56121	0.14759	0.1816	0.1096
V71	0.16537	0.06181	0.39531	0.37751
V72	0.59079	0.15584	0.09672	0.15665
V73	0.16834	0.62833	0.12968	0.07366
V74	0.07972	0.22267	0.69436	0.00326
V75	0.70913	0.02314	0.19046	0.07726
V76	0.01334	0.16712	0.20068	0.61886
V77	0.04896	0.28909	0.03664	0.62531
V78	0.30782	0.10748	0.19912	0.38557
V79	0.02478	0.08137	0.81311	0.08075
V80	0.35416	0.0224	0.54762	0.07583
V81	0.0752	0.15066	0.76574	0.00841
V82	0.02824	0.07884	0.88006	0.01286
V83	0.13395	0.17131	0.09506	0.59968
V84	0.39123	0.04978	0.17531	0.38368
V85	0.12189	0.29897	0.418	0.16113
V86	0.06171	0.04517	0.85434	0.03877
V87	0.0591	0.83899	0.04815	0.05375
V88	0.16283	0.05751	0.28689	0.49276
V89	0.02903	0.03643	0.22767	0.70687
V90	0.05439	0.88553	0.04949	0.01059
V91	0.05856	0.74636	0.17102	0.02406
V92	0.46175	0.02759	0.38967	0.12099
V93	0.86074	0.04944	0.008	0.08183
V94	0.03386	0.44035	0.04125	0.48454
V95	0.27391	0.43579	0.15614	0.13417
V96	0.07492	0.11486	0.06084	0.74939
V97	0.68006	0.11766	0.19906	0.00322
V98	0.66609	0.3206	0.00422	0.00908
V99	0.78243	0.07068	0.14389	0.003
V100	0.0925	0.03327	0.85036	0.02388
V101	0.0379	0.0948	0.0483	0.819
V102	0.88898	0.08829	0.01361	0.00911
V103	0.02186	0.06974	0.127	0.78139
V104	0.05974	0.92379	0.01077	0.0057
V105	0.0829	0.89622	0.01578	0.00509
V106	0.13607	0.51775	0.31351	0.03267
V107	0.19789	0.18344	0.57599	0.04268
V108	0.16503	0.75107	0.0839	1e-05
V109	0.02772	0.13644	0.61405	0.22179
V110	0.07959	0.87037	0.03339	0.01666
V111	0.88135	0.04313	0.07198	0.00355
V112	0.13145	0.05379	0.45009	0.36468
V113	0.18738	0.10037	0.19573	0.51653
V114	0.23346	0.05734	0.10396	0.60524
V115	0.03696	0.75326	0.20419	0.00559
V116	0.15613	0.29949	0.38361	0.16077
V117	0.67585	0.26175	0.03408	0.02833
V118	0.17644	0.58578	0.03866	0.19911
V119	0.11132	0.08893	0.08013	0.71963
V120	0.09298	0.06426	0.82712	0.01563
V121	0.61019	0.128	0.09664	0.16518
V122	0.91632	0.05264	0.02147	0.00957
V123	0.02649	0.50934	0.05917	0.405
V124	0.65158	0.30168	0.00295	0.04379
V125	0.39881	0.42028	0.16524	0.01567
V126	0.04679	0.15427	0.08046	0.71848
V127	0.16195	0.04992	0.27615	0.51199
V128	0.03994	0.04208	0.14416	0.77381
V129	0.58993	0.23304	0.15499	0.02204
V130	0.03515	0.65653	0.30233	0.00599
V131	0.05389	0.8818	0.00326	0.06104
V132	0.90497	0.04678	0.03301	0.01523
V133	0.88392	0.05277	0.05454	0.00876
V134	0.12101	0.38604	0.13799	0.35497
V135	0.07987	0.03768	0.20376	0.67868
V136	0.25064	0.40007	0.02331	0.32598
V137	0.65846	0.04724	0.24112	0.05318
V138	0.22729	0.40259	0.18097	0.18915
V139	0.3671	0.19748	0.2035	0.23192
V140	0.03888	0.10794	0.08725	0.76593
V141	0.07344	0.1356	0.56586	0.22511
V142	0.75651	0.04608	0.19741	0
V143	0.44387	0.25939	0.07397	0.22277
V144	0.16852	0.14652	0.18567	0.49928
V145	0.02942	0.76101	0.20379	0.00578
V146	0.06586	0.04873	0.074	0.81141
V147	0.891	0.05612	0.02464	0.02824
V148	0.13329	0.06255	0.60361	0.20055
V149	0.27316	0.5206	0.20206	0.00418
V150	0.09893	0.22378	0.60716	0.07013
V151	0.21982	0.6379	0.03435	0.10794
V152	0.25044	0.44974	0.21494	0.08488
V153	0.12339	0.75979	0.01982	0.097
V154	0.25701	0.45973	0.25927	0.02399
V155	0.4912	0.13881	0.28676	0.08322
V156	0.04689	0.11982	0.71477	0.11852
V157	0.31652	0.146	0.32567	0.21181
V158	0.03918	0.04153	0.08577	0.83353
V159	0.86175	0.09592	0.00653	0.0358
V160	0.68518	0.02902	0.07241	0.21339
V161	0.20002	0.03757	0.06457	0.69785
V162	0.07625	0.29406	0.09971	0.52998
V163	0.1132	0.4952	0.17076	0.22083
V164	0.35443	0.30542	0.11168	0.22847
V165	0.02615	0.27954	0.03403	0.66028
V166	0.02162	0.11654	0.10417	0.75767
V167	0.32931	0.03189	0.03778	0.60102
V168	0.29737	0.58348	0.07324	0.04591
V169	0.18021	0.07017	0.06897	0.68065
V170	0.10842	0.02581	0.5414	0.32438
V171	0.1431	0.22742	0.59456	0.03492
V172	0.70277	0.03218	0.26078	0.00428
V173	0.03844	0.15742	0.0743	0.72983
V174	0.02933	0.17115	0.10414	0.69538
V175	0.0745	0.01906	0.79047	0.11597
V176	0.03779	0.80764	0.14917	0.00539
V177	0.04441	0.9373	0.00479	0.0135
V178	0.03305	0.76603	0.01294	0.18798
V179	0.15989	0.02145	0.39868	0.41999
V180	0.06016	0.86799	0.07153	0.00031
V181	0.17199	0.117	0.5619	0.14911
V182	0.31355	0.17185	0.4647	0.0499
V183	0.19062	0.79681	0.00831	0.00427
V184	0.90985	0.06155	0.0286	0
V185	0.5517	0.4304	0.01479	0.00311
V186	0.1361	0.4869	0.26134	0.11566
V187	0.90712	0.05331	0.03594	0.00364
V188	0.06788	0.24419	0.03275	0.65518
V189	0.80264	0.04686	0.02524	0.12525
V190	0.64788	0.03721	0.31044	0.00446
V191	0.19788	0.19491	0.5728	0.03441
V192	0.31414	0.4732	0.05299	0.15967
V193	0.61128	0.04415	0.23691	0.10767
V194	0.06421	0.90981	0.0084	0.01758
V195	0.03848	0.04881	0.89931	0.0134
V196	0.02599	0.11745	0.05543	0.80113
V197	0.39814	0.06377	0.04817	0.48992
V198	0.08346	0.50674	0.35991	0.04989
V199	0.15924	0.03991	0.19799	0.60286
V200	0.14277	0.57033	0.02692	0.25998
V201	0.11464	0.56598	0.18518	0.1342
V202	0.03083	0.02589	0.77959	0.16368
V203	0.17879	0.42822	0.37512	0.01788
V204	0.02818	0.53557	0.02412	0.41214
V205	0.04088	0.06317	0.87832	0.01763
V206	0.06757	0.0967	0.82628	0.00945
V207	0.13408	0.19187	0.07782	0.59623
V208	0.25762	0.06802	0.66139	0.01297
V209	0.31558	0.47489	0.0692	0.14034
V210	0.10519	0.77649	0.08012	0.03819
V211	0.40289	0.03702	0.05718	0.50291
V212	0.50917	0.05044	0.42308	0.01731
V213	0.63918	0.04532	0.11477	0.20073
V214	0.33757	0.15508	0.17629	0.33105
V215	0.27945	0.10603	0.04536	0.56916
V216	0.0579	0.04056	0.07573	0.82581
V217	0.06219	0.49381	0.23344	0.21056
V218	0.11226	0.44736	0.17407	0.2663
V219	0.12248	0.64463	0.01811	0.21479
V220	0.03524	0.82518	0.01058	0.129
V221	0.78884	0.03653	0.01527	0.15936
V222	0.32714	0.12649	0.37827	0.16811
V223	0.02518	0.12648	0.77713	0.07121
V224	0.90231	0.05844	0.03925	0
V225	0.08098	0.86419	0.0503	0.00453
V226	0.31389	0.08399	0.58982	0.0123
V227	0.7715	0.03218	0.18704	0.00928
V228	0.77654	0.08125	0.06673	0.07548
V229	0.0414	0.03863	0.89373	0.02624
V230	0.02933	0.07223	0.07301	0.82543
V231	0.02993	0.27256	0.12981	0.56771
V232	0.06539	0.65497	0.0105	0.26913
V233	0.57892	0.09179	0.20117	0.12813
V234	0.06384	0.89774	0.02775	0.01067
V235	0.38081	0.06393	0.52962	0.02564
V236	0.05769	0.0623	0.80872	0.07129
V237	0.15234	0.03961	0.06882	0.73923
V238	0.14707	0.56297	0.24973	0.04022
V239	0.07811	0.39976	0.03993	0.4822
V240	0.49352	0.04626	0.4205	0.03972
V241	0.03709	0.02528	0.87211	0.06552
V242	0.14484	0.76553	0.07988	0.00974
V243	0.24442	0.04295	0.64392	0.06871
V244	0.20733	0.0187	0.69628	0.07769
V245	0.6051	0.30197	0.04892	0.04401
V246	0.07164	0.14232	0.76446	0.02158
V247	0.17922	0.05096	0.76622	0.00359
V248	0.03401	0.06764	0.09022	0.80813
V249	0.02115	0.05081	0.86282	0.06522
V250	0.74747	0.03463	0.214	0.00391
V251	0.89447	0.08671	0.01516	0.00366
V252	0.04326	0.82105	0.13497	0.00072
V253	0.36057	0.07355	0.17667	0.3892
V254	0.04094	0.90854	0.04517	0.00535
V255	0.07221	0.89364	0.00274	0.03142
V256	0.18709	0.20156	0.5325	0.07885
V257	0.43071	0.09856	0.24309	0.22763
V258	0.18966	0.25497	0.43718	0.11819
V259	0.05252	0.28081	0.63106	0.03561
V260	0.02544	0.28569	0.68011	0.00876
V261	0.6228	0.04382	0.19789	0.13549
V262	0.09521	0.08385	0.05575	0.76519
V263	0.0499	0.92711	0.00394	0.01906
V264	0.16309	0.0386	0.44713	0.35118
V265	0.04101	0.03292	0.17014	0.75593
V266	0.60828	0.37876	0.01297	0
V267	0.01288	0.17061	0.29864	0.51787
V268	0.37311	0.03643	0.15746	0.433
V269	0.02974	0.55666	0.37189	0.0417
V270	0.64832	0.03914	0.24258	0.06995
V271	0.79722	0.0832	0.03666	0.08292
V272	0.07663	0.82254	0.01361	0.08721
V273	0.06231	0.05517	0.07908	0.80343
V274	0.7007	0.02256	0.18193	0.09481
V275	0.02936	0.05732	0.89751	0.01581
V276	0.51003	0.34077	0.01493	0.13428
V277	0.0459	0.19912	0.17909	0.57588
V278	0.04198	0.06264	0.30862	0.58675
V279	0.69667	0.06906	0.11126	0.12301
V280	0.03918	0.04153	0.08577	0.83353
V281	0.5413	0.04298	0.14736	0.26836
V282	0.06806	0.06337	0.81457	0.054
V283	0.22235	0.58886	0.05962	0.12917
V284	0.05595	0.8877	0.05137	0.00498
V285	0.10255	0.04515	0.84768	0.00461
V286	0.25742	0.55796	0.10231	0.08232
V287	0.11525	0.85523	0.01296	0.01657
V288	0.02935	0.26179	0.44022	0.26865
V289	0.29294	0.21273	0.42651	0.06782
V290	0.77537	0.20336	0.02127	0
V291	0.48924	0.07624	0.42386	0.01066
V292	0.89937	0.04895	0.0084	0.04328
V293	0.29613	0.02656	0.64272	0.03459
V294	0.09795	0.36723	0.02291	0.51191
V295	0.02787	0.17129	0.20924	0.59159
V296	0.18318	0.11026	0.62787	0.07869
V297	0.07872	0.03394	0.10989	0.77745
V298	0.30423	0.10179	0.58182	0.01216
V299	0.07604	0.27586	0.04126	0.60684
V300	0.01367	0.05527	0.25351	0.67755
V301	0.12633	0.0995	0.66562	0.10855
V302	0.62748	0.35938	0.00395	0.00919
V303	0.02402	0.59721	0.35268	0.0261
V304	0.06289	0.02814	0.75329	0.15568
V305	0.12702	0.14534	0.47921	0.24843
V306	0.80363	0.11065	0.05062	0.0351
V307	0.04874	0.92418	0.01562	0.01146
V308	0.23616	0.21966	0.30711	0.23707
V309	0.33202	0.31283	0.03717	0.31799
V310	0.08718	0.30621	0.16251	0.4441
V311	0.49752	0.49068	0.00842	0.00338
V312	0.1155	0.74348	0.1244	0.01662
V313	0.01527	0.14742	0.06126	0.77604
V314	0.03353	0.47129	0.11886	0.37632
V315	0.13357	0.63003	0.03873	0.19767
V316	0.31505	0.12675	0.40072	0.15748
V317	0.10372	0.70565	0.04424	0.14639
V318	0.05346	0.55038	0.02712	0.36904
V319	0.07162	0.06023	0.83776	0.0304
V320	0.08493	0.12854	0.66752	0.11901
V321	0.59996	0.38714	0.0129	0
V322	0.19573	0.31611	0.08362	0.40455
V323	0.05703	0.04797	0.12357	0.77142
V324	0.65554	0.26463	0.06538	0.01445
V325	0.30474	0.643	0.04871	0.00355
V326	0.01979	0.55804	0.09741	0.32476
V327	0.02884	0.14979	0.13026	0.69111
V328	0.05385	0.02868	0.75244	0.16504
V329	0.16553	0.10995	0.18682	0.5377
V330	0.37869	0.01992	0.34624	0.25515
V331	0.32667	0.09454	0.06446	0.51433
V332	0.02014	0.06608	0.20737	0.70641
V333	0.4261	0.07355	0.39689	0.10346
V334	0.34409	0.01981	0.36922	0.26689
V335	0.04083	0.32089	0.52019	0.1181
V336	0.18518	0.70758	0.01908	0.08816
V337	0.29144	0.40312	0.28147	0.02397
V338	0.03535	0.94355	0.0139	0.00719
V339	0.13644	0.03182	0.82173	0.01001
V340	0.06632	0.20827	0.54324	0.18217
V341	0.03228	0.06424	0.10463	0.79886
V342	0.23912	0.01578	0.62064	0.12446
V343	0.9139	0.0656	0.01641	0.0041
V344	0.65603	0.17178	0.17219	0
V345	0.04956	0.07302	0.87303	0.0044
V346	0.22688	0.10618	0.29846	0.36849
V347	0.04733	0.03912	0.15785	0.75569
V348	0.0744	0.66191	0.13254	0.13115
V349	0.35213	0.15841	0.39349	0.09596
V350	0.05756	0.79039	0.15137	0.00068
V351	0.02586	0.04036	0.40756	0.52622
V352	0.05856	0.0281	0.84126	0.07208
V353	0.86173	0.05069	0.03748	0.0501
V354	0.06687	0.69957	0.20184	0.03172
V355	0.27268	0.07139	0.47763	0.1783
V356	0.0393	0.0497	0.13447	0.77653
V357	0.12139	0.3203	0.28647	0.27183
V358	0.53173	0.10948	0.06029	0.2985
V359	0.55157	0.0694	0.04686	0.33217
V360	0.533	0.43848	0.01996	0.00856
V361	0.02593	0.44767	0.51885	0.00755
V362	0.03505	0.93862	0.01968	0.00665
V363	0.17058	0.10614	0.4874	0.23588
V364	0.15683	0.05809	0.69703	0.08805
V365	0.23959	0.05149	0.04683	0.66209
V366	0.09392	0.69037	0.07683	0.13888
V367	0.55487	0.14811	0.01674	0.28028
V368	0.10455	0.74083	0.0738	0.08083
V369	0.04061	0.39429	0.55781	0.0073
V370	0.30269	0.26992	0.40239	0.025
V371	0.1952	0.7264	0.02516	0.05324
V372	0.15003	0.06464	0.14318	0.64215
V373	0.0826	0.12523	0.48926	0.30291
V374	0.74234	0.05171	0.20595	0
V375	0.04479	0.05764	0.17029	0.72728
V376	0.0386	0.05687	0.13273	0.77181
V377	0.76152	0.02977	0.02241	0.1863
V378	0.01886	0.04194	0.41605	0.52314
V379	0.32149	0.19754	0.03098	0.44999
V380	0.1415	0.07609	0.21754	0.56487
V381	0.72306	0.03476	0.09442	0.14776
V382	0.09774	0.04698	0.84533	0.00995
V383	0.81371	0.03405	0.05259	0.09966
V384	0.55135	0.08283	0.13686	0.22896
V385	0.84089	0.04214	0.07448	0.04249
V386	0.27781	0.03195	0.16351	0.52672
V387	0.59116	0.14924	0.18804	0.07156
V388	0.38023	0.33051	0.14638	0.14289
V389	0.40953	0.52579	0.01195	0.05272
V390	0.29714	0.25409	0.44349	0.00528
V391	0.39446	0.11301	0.03848	0.45406
V392	0.42748	0.21823	0.16889	0.18539
V393	0.28495	0.22066	0.35668	0.1377
V394	0.09458	0.22048	0.12878	0.55616
V395	0.22786	0.39135	0.20174	0.17905
V396	0.04115	0.93065	0.0099	0.0183
V397	0.77086	0.10167	0.09926	0.02821
V398	0.4374	0.13626	0.10559	0.32075
V399	0.20268	0.56257	0.14181	0.09294
V400	0.02056	0.57693	0.07156	0.33096
V401	0.04889	0.14219	0.73781	0.07111
V402	0.75245	0.20672	0.04083	0
V403	0.03263	0.05491	0.11357	0.79889
V404	0.09733	0.18024	0.63349	0.08895
V405	0.20275	0.04576	0.18602	0.56547
V406	0.63671	0.25709	0.02037	0.08583
V407	0.03535	0.94355	0.0139	0.00719
V408	0.09724	0.23012	0.41205	0.26059
V409	0.01547	0.07195	0.08545	0.82714
V410	0.10593	0.85154	0.02614	0.01638
V411	0.40296	0.04037	0.02681	0.52986
V412	0.15619	0.07071	0.5174	0.25569
V413	0.07149	0.48028	0.18357	0.26466
V414	0.05357	0.50628	0.32448	0.11567
V415	0.43025	0.03987	0.24253	0.28735
V416	0.04179	0.11035	0.84371	0.00415
V417	0.36688	0.62146	0.00797	0.00369
V418	0.07164	0.1072	0.16401	0.65714
V419	0.03585	0.04146	0.09322	0.82948
V420	0.02877	0.87749	0.0156	0.07813
V421	0.15534	0.0412	0.69627	0.10718
V422	0.05358	0.09803	0.05275	0.79563
V423	0.0925	0.03327	0.85036	0.02388
V424	0.01358	0.05441	0.62511	0.30691
V425	0.06808	0.22204	0.61077	0.09911
V426	0.09597	0.04596	0.79593	0.06214
V427	0.07937	0.38739	0.19856	0.33467
V428	0.1048	0.77546	0.04859	0.07115
V429	0.03339	0.04161	0.09956	0.82544
V430	0.73947	0.18055	0.02095	0.05903
V431	0.17362	0.03104	0.4676	0.32774
V432	0.1017	0.10571	0.07927	0.71331
V433	0.07546	0.72893	0.0067	0.1889
V434	0.31467	0.08624	0.07342	0.52567
V435	0.4863	0.03077	0.13285	0.35008
V436	0.35661	0.0317	0.13173	0.47996
V437	0.21963	0.23066	0.02867	0.52104
V438	0.60351	0.16476	0.03929	0.19245
V439	0.04235	0.12995	0.05057	0.77712
V440	0.4551	0.05548	0.05284	0.43657
V441	0.07366	0.11635	0.61933	0.19067
V442	0.32053	0.34226	0.13987	0.19734
V443	0.72949	0.02907	0.09431	0.14712
V444	0.04956	0.07302	0.87303	0.0044
V445	0.60425	0.03606	0.33624	0.02345
V446	0.05901	0.83062	0.04837	0.062
V447	0.63153	0.10217	0.17758	0.08872
V448	0.02712	0.07767	0.21419	0.68102
V449	0.55794	0.05071	0.30084	0.09051
V450	0.15659	0.82485	0.01856	0
V451	0.88691	0.08908	0.0082	0.0158
V452	0.04277	0.045	0.1141	0.79813
V453	0.79824	0.09258	0.06635	0.04283
V454	0.03228	0.91185	0.04434	0.01153
V455	0.59532	0.04603	0.30437	0.05429
V456	0.32628	0.11689	0.39963	0.1572
V457	0.01524	0.09398	0.06916	0.82163
V458	0.253	0.23008	0.02687	0.49005
V459	0.04079	0.79653	0.08244	0.08024
V460	0.90679	0.04998	0.03405	0.00918
V461	0.06609	0.07237	0.05504	0.8065
V462	0.33241	0.24915	0.01673	0.40171
V463	0.26111	0.48238	0.15329	0.10322
V464	0.4814	0.11377	0.02194	0.3829
V465	0.40107	0.4338	0.02835	0.13679
V466	0.57111	0.19557	0.0135	0.21981
V467	0.31685	0.58059	0.0725	0.03005
V468	0.49601	0.41083	0.04858	0.04457
V469	0.02725	0.16765	0.2997	0.50539
V470	0.54941	0.12788	0.1833	0.13941
V471	0.24818	0.11451	0.06055	0.57676
V472	0.3138	0.33359	0.01306	0.33955
V473	0.11534	0.54917	0.31757	0.01792
V474	0.11149	0.0292	0.13545	0.72386
V475	0.18762	0.39618	0.08836	0.32783
V476	0.14986	0.04304	0.08927	0.71782
V477	0.59288	0.05071	0.20983	0.14658
V478	0.14212	0.58772	0.01394	0.25622
V479	0.03221	0.07977	0.80748	0.08054
V480	0.086	0.3046	0.06652	0.54287
V481	0.152	0.03353	0.79899	0.01548
V482	0.69031	0.17272	0.1083	0.02867
V483	0.12144	0.11723	0.09944	0.66189
V484	0.03312	0.10318	0.06885	0.79485
V485	0.13294	0.73826	0.01382	0.11498
V486	0.26876	0.26179	0.13696	0.33249
V487	0.07283	0.06664	0.11794	0.7426
V488	0.02574	0.03129	0.84372	0.09924
V489	0.21619	0.10337	0.66729	0.01316
V490	0.33918	0.31456	0.07647	0.26979
V491	0.43904	0.47505	0.03295	0.05296
V492	0.05388	0.82636	0.11472	0.00504
V493	0.06627	0.05045	0.05101	0.83227
V494	0.19682	0.14767	0.53724	0.11826
V495	0.22976	0.62885	0.12522	0.01617
V496	0.2718	0.68974	0.00116	0.0373
V497	0.04253	0.03673	0.90524	0.01551
V498	0.29529	0.11239	0.07298	0.51934
V499	0.59904	0.2804	0.11758	0.00298
V500	0.10865	0.11724	0.73799	0.03612
V501	0.01991	0.05339	0.11207	0.81462
V502	0.54649	0.28541	0.14598	0.02212
V503	0.18781	0.09973	0.21578	0.49668
V504	0.23543	0.69985	0.01179	0.05293
V505	0.19837	0.20728	0.26641	0.32793
V506	0.09805	0.24147	0.46658	0.19391
V507	0.61097	0.10954	0.12355	0.15594
V508	0.73985	0.18275	0.04203	0.03538
V509	0.22492	0.06273	0.52322	0.18914
V510	0.23096	0.52265	0.24191	0.00448
V511	0.05923	0.41175	0.06202	0.46701
V512	0.2234	0.06462	0.10401	0.60798
V513	0.09501	0.6509	0.1973	0.05679
V514	0.02991	0.12304	0.04642	0.80063
V515	0.75732	0.08003	0.05208	0.11056
V516	0.8573	0.13005	0.00876	0.00388
V517	0.04275	0.04391	0.26942	0.64392
V518	0.89996	0.08523	0.01026	0.00455
V519	0.05187	0.85306	0.00849	0.08658
V520	0.03626	0.01759	0.62118	0.32497
V521	0.5574	0.05689	0.36199	0.02372
V522	0.01922	0.11734	0.58922	0.27422
V523	0.35056	0.1262	0.26918	0.25406
V524	0.03437	0.77136	0.16998	0.02429
V525	0.24345	0.209	0.04778	0.49977
V526	0.63516	0.09277	0.07978	0.19228
V527	0.19592	0.03206	0.4118	0.36022
V528	0.11479	0.84501	0.0022	0.038
V529	0.06076	0.07166	0.23995	0.62764
V530	0.02397	0.19119	0.68655	0.0983
V531	0.05126	0.84564	0.10257	0.00053
V532	0.17087	0.32423	0.04527	0.45962
V533	0.28503	0.35349	0.1412	0.22029
V534	0.02176	0.02542	0.70976	0.24306
V535	0.51311	0.02761	0.03348	0.4258
V536	0.1811	0.01626	0.38584	0.4168
V537	0.57981	0.26668	0.14483	0.00868
V538	0.43458	0.06778	0.09995	0.39769
V539	0.27391	0.43579	0.15614	0.13417
V540	0.20695	0.69954	0.06347	0.03004
V541	0.03444	0.50093	0.07443	0.39019
V542	0.19248	0.12604	0.2673	0.41419
V543	0.85249	0.03869	0.01914	0.08968
V544	0.1005	0.09507	0.19037	0.61405
V545	0.35013	0.14688	0.08426	0.41872
V546	0.07225	0.86526	0.05788	0.00462
V547	0.05855	0.6421	0.28793	0.01142
V548	0.16438	0.75879	0.07273	0.0041
V549	0.32003	0.04436	0.62291	0.0127
V550	0.55007	0.05559	0.01812	0.37622
V551	0.18486	0.73749	0.03233	0.04532
V552	0.02049	0.52519	0.02632	0.42799
V553	0.22943	0.14731	0.60398	0.01928
V554	0.05768	0.11107	0.06343	0.76782
V555	0.09657	0.21762	0.34585	0.33996
V556	0.02457	0.05092	0.88928	0.03522
V557	0.79262	0.05412	0.01903	0.13422
V558	0.08503	0.78141	0.02762	0.10594
V559	0.0422	0.78919	0.1678	8e-04
V560	0.64611	0.34532	0.00498	0.00359
V561	0.02936	0.05732	0.89751	0.01581
V562	0.76809	0.03055	0.11722	0.08414
V563	0.24458	0.02989	0.71706	0.00848
V564	0.07411	0.08208	0.82816	0.01565
V565	0.13124	0.25233	0.38859	0.22784
V566	0.67847	0.11388	0.01354	0.19411
V567	0.22007	0.44708	0.03611	0.29673
V568	0.21868	0.03414	0.08418	0.663
V569	0.64551	0.05508	0.01415	0.28525
V570	0.04184	0.27864	0.61819	0.06134
V571	0.7935	0.15068	0.00498	0.05084
V572	0.4354	0.02212	0.44985	0.09263
V573	0.06631	0.18702	0.04232	0.70434
V574	0.0603	0.77871	0.15032	0.01067
V575	0.02824	0.09901	0.15164	0.72111
V576	0.16288	0.79437	0.03297	0.00978
V577	0.04295	0.05952	0.23195	0.66558
V578	0.06231	0.06461	0.6956	0.17749
V579	0.03721	0.86502	0.08065	0.01713
V580	0.13874	0.03273	0.13899	0.68954
V581	0.07143	0.11403	0.04264	0.77191
V582	0.56863	0.15531	0.04127	0.23479
V583	0.01919	0.05064	0.59968	0.33049
V584	0.51764	0.16269	0.28883	0.03084
V585	0.02041	0.02945	0.45391	0.49623
V586	0.22995	0.0223	0.66117	0.08658
V587	0.2639	0.02817	0.68053	0.02739
V588	0.60273	0.06215	0.03817	0.29694
V589	0.07691	0.81326	0.05596	0.05388
V590	0.07	0.75635	0.16867	0.00498
V591	0.01376	0.06252	0.22717	0.69655
V592	0.16952	0.06329	0.76369	0.0035
V593	0.56667	0.01865	0.19194	0.22274
V594	0.34013	0.29016	0.32945	0.04026
V595	0.03974	0.06797	0.0698	0.82249
V596	0.04722	0.27121	0.23586	0.4457
V597	0.02185	0.58037	0.32198	0.0758
V598	0.03887	0.12181	0.82339	0.01593
V599	0.61079	0.33469	0.03331	0.02121
V600	0.35808	0.48263	0.05062	0.10868
V601	0.16058	0.27233	0.09631	0.47078
V602	0.04251	0.07276	0.06082	0.82391
V603	0.02528	0.36785	0.04011	0.56676
V604	0.51295	0.12528	0.3382	0.02357
V605	0.07917	0.3208	0.40691	0.19312
V606	0.71395	0.16837	0.01558	0.1021
V607	0.6332	0.0319	0.11528	0.21961
V608	0.22139	0.1555	0.39761	0.2255
V609	0.03713	0.22898	0.24722	0.48668
V610	0.75388	0.0423	0.09271	0.11111
V611	0.26085	0.03258	0.08109	0.62548
V612	0.0413	0.08957	0.80647	0.06267
V613	0.0531	0.32421	0.5874	0.03529
V614	0.74773	0.07988	0.05239	0.12001
V615	0.12388	0.08321	0.04625	0.74666
V616	0.09377	0.7057	0.04453	0.156
V617	0.46077	0.18107	0.3577	0.00046
V618	0.68717	0.03869	0.01367	0.26047
V619	0.37334	0.03928	0.32871	0.25866
V620	0.03515	0.65653	0.30233	0.00599
V621	0.42341	0.1559	0.18122	0.23948
V622	0.35894	0.22655	0.3898	0.02471
V623	0.02792	0.08941	0.16908	0.71359
V624	0.75766	0.22231	0.00494	0.01509
V625	0.27092	0.50187	0.09592	0.13129
V626	0.9078	0.07222	0.00961	0.01036
V627	0.01516	0.0644	0.12144	0.799
V628	0.01628	0.24146	0.05101	0.69125
V629	0.13164	0.28592	0.28763	0.29481
V630	0.05254	0.32409	0.58013	0.04324
V631	0.02901	0.19556	0.12645	0.64897
V632	0.56226	0.01969	0.14603	0.27202
V633	0.01862	0.04622	0.81862	0.11654
V634	0.39723	0.27282	0.32551	0.00443
V635	0.04858	0.75003	0.01226	0.18914
V636	0.12621	0.09912	0.65607	0.11859
V637	0.29704	0.19674	0.10204	0.40419
V638	0.37217	0.26005	0.07758	0.29019
V639	0.27171	0.43798	0.28974	0.00057
V640	0.05076	0.14628	0.75797	0.04499
V641	0.86174	0.06593	0.03011	0.04222
V642	0.74319	0.19368	0.00423	0.0589
V643	0.01978	0.17608	0.46143	0.34271
V644	0.86663	0.11176	0.01275	0.00886
V645	0.26766	0.41488	0.30047	0.01699
V646	0.04409	0.93751	0.01206	0.00635
V647	0.14872	0.08579	0.71297	0.05252
V648	0.41037	0.44007	0.12704	0.02251
V649	0.04198	0.06605	0.83717	0.0548
V650	0.06733	0.08728	0.78311	0.06229
V651	0.30664	0.02905	0.65659	0.00771
V652	0.09105	0.08793	0.45357	0.36745
V653	0.13512	0.6708	0.09346	0.10062
V654	0.68893	0.21018	0.05731	0.04358
V655	0.05332	0.56355	0.03301	0.35013
V656	0.20055	0.27153	0.03316	0.49476
V657	0.03544	0.11178	0.054	0.79878
V658	0.59856	0.21585	0.06025	0.12533
V659	0.32323	0.08831	0.37845	0.21
V660	0.0577	0.92007	0.00359	0.01864
V661	0.06877	0.41323	0.06905	0.44895
V662	0.403	0.02817	0.47544	0.09339
V663	0.2373	0.07296	0.58278	0.10695
V664	0.20256	0.06976	0.6845	0.04318
V665	0.68349	0.19705	0.04236	0.07711
V666	0.55682	0.02103	0.11201	0.31014
V667	0.73321	0.10372	0.16307	0
V668	0.13715	0.78642	0.07639	4e-05
V669	0.23921	0.41553	0.24962	0.09564
V670	0.09868	0.88073	0.00289	0.0177
V671	0.36771	0.28791	0.25945	0.08493
V672	0.03865	0.04327	0.8852	0.03288
V673	0.23964	0.369	0.23357	0.15779
V674	0.70798	0.15846	0.02219	0.11137
V675	0.14464	0.32237	0.32866	0.20433
V676	0.0369	0.12334	0.13166	0.7081
V677	0.38714	0.40719	0.09531	0.11037
V678	0.49064	0.49183	0.01432	0.00322
V679	0.06427	0.30751	0.61475	0.01347
V680	0.30688	0.55081	0.12631	0.016
V681	0.8661	0.09524	0.01734	0.02132
V682	0.12225	0.29288	0.55021	0.03467
V683	0.04999	0.92326	0.0266	0.00014
V684	0.69438	0.17064	0.09113	0.04385
V685	0.49432	0.34945	0.11875	0.03748
V686	0.09361	0.17836	0.16866	0.55937
V687	0.04258	0.05622	0.07343	0.82777
V688	0.36684	0.51553	0.00275	0.11488
V689	0.22893	0.02992	0.07725	0.6639
V690	0.46328	0.05222	0.42786	0.05664
V691	0.16487	0.03136	0.79421	0.00957
V692	0.08695	0.13239	0.719	0.06166
V693	0.22842	0.10633	0.38542	0.27983
V694	0.01946	0.04689	0.30802	0.62563
V695	0.22122	0.02704	0.17632	0.57542
V696	0.07591	0.10966	0.05471	0.75972
V697	0.02728	0.10387	0.05776	0.81108
V698	0.79317	0.0352	0.02074	0.1509
V699	0.56332	0.29052	0.06671	0.07946
V700	0.21035	0.05503	0.04255	0.69207
V701	0.12345	0.52623	0.11153	0.23879
V702	0.51592	0.09531	0.0272	0.36156
V703	0.132	0.05389	0.50476	0.30934
V704	0.80167	0.06787	0.0305	0.09996
V705	0.91562	0.0415	0.02065	0.02223
V706	0.08482	0.05244	0.78294	0.0798
V707	0.05415	0.42482	0.48662	0.03441
V708	0.05985	0.85918	0.01984	0.06113
V709	0.14338	0.25692	0.53026	0.06944
V710	0.59707	0.21548	0.05233	0.13511
V711	0.10589	0.79119	0.07964	0.02328
V712	0.79403	0.07703	0.0121	0.11684
V713	0.42784	0.30097	0.04076	0.23042
V714	0.03003	0.65762	0.02978	0.28257
V715	0.30747	0.33486	0.30013	0.05754
V716	0.0418	0.07293	0.08646	0.79881
V717	0.10031	0.88476	0.00351	0.01141
V718	0.15831	0.56503	0.17291	0.10375
V719	0.07396	0.70264	0.03858	0.18482
V720	0.68749	0.02265	0.22902	0.06083
V721	0.1274	0.15556	0.49019	0.22685
V722	0.09654	0.33576	0.03588	0.53182
V723	0.1043	0.10841	0.04578	0.74151
V724	0.55657	0.04472	0.09402	0.30469
V725	0.02256	0.1039	0.84151	0.03203
V726	0.0494	0.37057	0.1326	0.44744
V727	0.26633	0.64887	0.08105	0.00375
V728	0.05503	0.8584	0.08161	0.00496
V729	0.38411	0.0298	0.17587	0.41022
V730	0.87199	0.06204	0.04476	0.02122
V731	0.03622	0.18587	0.40907	0.36884
V732	0.3459	0.07948	0.36561	0.20901
V733	0.63523	0.19496	0.03671	0.1331
V734	0.24288	0.30777	0.4439	0.00546
V735	0.02581	0.03831	0.49097	0.44492
V736	0.13806	0.04616	0.0503	0.76548
V737	0.33447	0.28768	0.24221	0.13565
V738	0.08991	0.32247	0.45895	0.12867
V739	0.0145	0.03289	0.60263	0.34998
V740	0.8145	0.11004	0.06726	0.0082
V741	0.47261	0.10863	0.13182	0.28695
V742	0.38001	0.60271	0.01728	0
V743	0.14218	0.13884	0.69848	0.02049
V744	0.51394	0.04961	0.33535	0.1011
V745	0.03895	0.69062	0.16906	0.10137
V746	0.92426	0.05678	0.0125	0.00646
V747	0.06342	0.01661	0.71677	0.20319
V748	0.12552	0.0979	0.60672	0.16986
V749	0.26738	0.17743	0.07078	0.4844
V750	0.40826	0.46475	0.02005	0.10694
V751	0.06846	0.85288	0.03309	0.04557
V752	0.46111	0.22883	0.1372	0.17287
V753	0.04392	0.08288	0.0487	0.8245
V754	0.0396	0.90312	0.00345	0.05383
V755	0.15115	0.1864	0.35633	0.30612
V756	0.03692	0.05017	0.09563	0.81729
V757	0.33518	0.58647	0.05585	0.02249
V758	0.06672	0.76129	0.10825	0.06374
V759	0.12124	0.06308	0.41764	0.39804
V760	0.28065	0.06257	0.29427	0.36251
V761	0.08385	0.57618	0.26421	0.07577
V762	0.01813	0.37945	0.04088	0.56155
V763	0.38082	0.35595	0.03279	0.23044
V764	0.03798	0.89985	0.00876	0.05341
V765	0.63971	0.10755	0.01099	0.24175
V766	0.03069	0.30694	0.44877	0.2136
V767	0.48184	0.1274	0.24868	0.14207
V768	0.07985	0.88357	0.01986	0.01672
V769	0.15298	0.81088	0.02625	0.00989
V770	0.04409	0.93751	0.01206	0.00635
V771	0.1722	0.03324	0.77947	0.01509
V772	0.14426	0.05848	0.78858	0.00867
V773	0.17142	0.81126	0.0073	0.01003
V774	0.04173	0.03001	0.89333	0.03493
V775	0.10878	0.05164	0.2974	0.54218
V776	0.42638	0.42459	0.05032	0.09871
V777	0.16569	0.11947	0.15801	0.55683
V778	0.53409	0.28002	0.06856	0.11733
V779	0.1649	0.04612	0.51387	0.27511
V780	0.12766	0.75458	0.11745	0.00032
V781	0.05382	0.0671	0.07146	0.80762
V782	0.02552	0.11796	0.7936	0.06292
V783	0.76675	0.0434	0.05364	0.13622
V784	0.12643	0.85429	0.01477	0.00451
V785	0.06365	0.90496	0.0142	0.01719
V786	0.71001	0.17189	0.08227	0.03583
V787	0.03117	0.82264	0.14055	0.00563
V788	0.5087	0.30627	0.14734	0.03768
V789	0.0775	0.3561	0.04942	0.51699
V790	0.42649	0.04605	0.09295	0.43452
V791	0.14595	0.36998	0.33512	0.14895
V792	0.1411	0.53207	0.01676	0.31007
V793	0.13361	0.6519	0.03754	0.17695
V794	0.05758	0.07905	0.79227	0.07109
V795	0.10176	0.06701	0.09109	0.74014
V796	0.04559	0.09034	0.84086	0.02321
V797	0.73635	0.0307	0.22342	0.00953
V798	0.60659	0.30569	0.07319	0.01454
V799	0.14403	0.76849	0.02553	0.06195
V800	0.06882	0.03287	0.53089	0.36741
V801	0.13541	0.11616	0.34474	0.40369
V802	0.04264	0.08618	0.28926	0.58191
V803	0.22786	0.52394	0.24782	0.00038
V804	0.51475	0.03085	0.38997	0.06442
V805	0.06299	0.04838	0.88359	0.00503
V806	0.07064	0.88546	0.01328	0.03063
V807	0.24081	0.15964	0.05824	0.54131
V808	0.64882	0.28155	0.04123	0.02839
V809	0.07007	0.0751	0.85079	0.00404
V810	0.04733	0.93911	0.00569	0.00786
V811	0.41419	0.08073	0.21344	0.29164
V812	0.54233	0.26871	0.05245	0.1365
V813	0.59011	0.20365	0.18408	0.02216
V814	0.41856	0.53657	0.04161	0.00326
V815	0.03294	0.89348	0.06799	0.00559
V816	0.87545	0.05308	0.07148	0
V817	0.04785	0.08528	0.85039	0.01647
V818	0.01453	0.09829	0.08475	0.80243
V819	0.81134	0.10287	0.05069	0.03511
V820	0.12184	0.11611	0.05609	0.70597
V821	0.22587	0.31239	0.39358	0.06816
V822	0.08277	0.04066	0.85299	0.02359
V823	0.03995	0.18005	0.69077	0.08924
V824	0.10848	0.37802	0.51133	0.00217
V825	0.22607	0.28735	0.26108	0.22551
V826	0.42774	0.41848	0.14471	0.00907
V827	0.36874	0.59726	0.01186	0.02214
V828	0.21301	0.16724	0.12537	0.49438
V829	0.04728	0.24588	0.06588	0.64097
V830	0.2111	0.22998	0.04839	0.51052
V831	0.75631	0.10529	0.03667	0.10174
V832	0.27449	0.40156	0.16814	0.1558
V833	0.15826	0.50854	0.17753	0.15567
V834	0.27118	0.08583	0.10001	0.54298
V835	0.36191	0.45358	0.11183	0.07267
V836	0.03085	0.66348	0.01785	0.28782
V837	0.22716	0.37958	0.19252	0.20074
V838	0.88214	0.08092	0.03389	0.00305
V839	0.2988	0.6077	0.0898	0.0037
V840	0.28335	0.70499	0.01166	0
V841	0.02111	0.05902	0.86271	0.05715
V842	0.35438	0.16629	0.26873	0.21061
V843	0.03435	0.03681	0.85612	0.07272
V844	0.11196	0.08824	0.39841	0.40139
V845	0.07717	0.10449	0.7563	0.06204
V846	0.01721	0.03346	0.74954	0.1998
V847	0.02177	0.05014	0.10226	0.82583
V848	0.10261	0.5066	0.17033	0.22046
V849	0.03175	0.92603	0.01022	0.03201
V850	0.92159	0.04618	0.02228	0.00995
V851	0.32817	0.53622	0.13562	0
V852	0.09994	0.06656	0.15552	0.67798
V853	0.24856	0.2209	0.41298	0.11756
V854	0.59249	0.17585	0.10457	0.12709
V855	0.02177	0.05014	0.10226	0.82583
V856	0.05894	0.34304	0.36159	0.23644
V857	0.66559	0.18542	0.03597	0.11303
V858	0.53771	0.03559	0.42139	0.00531
V859	0.64723	0.24655	0.02054	0.08568
V860	0.17348	0.12489	0.07967	0.62196
V861	0.10351	0.35068	0.53333	0.01248
V862	0.13816	0.08725	0.73051	0.04408
V863	0.18166	0.0884	0.03573	0.69421
V864	0.06673	0.06559	0.08911	0.77857
V865	0.10728	0.02655	0.28608	0.5801
V866	0.70391	0.04209	0.24458	0.00941
V867	0.69993	0.05287	0.24354	0.00366
V868	0.51406	0.2837	0.13059	0.07164
V869	0.0519	0.9308	0.01131	0.00599
V870	0.10662	0.33537	0.04178	0.51623
V871	0.03175	0.92603	0.01022	0.03201
V872	0.0201	0.04247	0.27116	0.66627
V873	0.86111	0.05936	0.0516	0.02793
V874	0.20174	0.76727	0.03098	0
V875	0.02816	0.1901	0.21822	0.56352
V876	0.16769	0.32405	0.42039	0.08786
V877	0.05973	0.38894	0.30501	0.24632
V878	0.14608	0.7926	0.0613	2e-05
V879	0.19718	0.6911	0.04051	0.07121
V880	0.30469	0.55221	0.00818	0.13492
V881	0.1439	0.04656	0.62149	0.18806
V882	0.78101	0.02639	0.12524	0.06736
V883	0.28255	0.2102	0.50566	0.00159
V884	0.03361	0.28611	0.03286	0.64742
V885	0.67546	0.23868	0.08586	0
V886	0.03249	0.35388	0.47552	0.13811
V887	0.62909	0.07511	0.15993	0.13588
V888	0.10425	0.05092	0.75622	0.08861
V889	0.87947	0.08113	0.02456	0.01483
V890	0.04556	0.13685	0.63789	0.1797
V891	0.61712	0.06316	0.28201	0.03771
V892	0.26265	0.19014	0.0346	0.5126
V893	0.57791	0.22058	0.14783	0.05369
V894	0.08149	0.30303	0.58042	0.03507
V895	0.58684	0.07478	0.20076	0.13762
V896	0.06421	0.90981	0.0084	0.01758
V897	0.67143	0.26934	0.00787	0.05135
V898	0.42434	0.03016	0.03263	0.51286
V899	0.03699	0.19157	0.16128	0.61017
V900	0.08814	0.28607	0.3766	0.2492
V901	0.05911	0.81946	0.00909	0.11234
V902	0.07301	0.87895	0.04334	0.0047
V903	0.02837	0.41129	0.51741	0.04294
V904	0.05477	0.93249	0.00547	0.00727
V905	0.13789	0.02334	0.2009	0.63786
V906	0.38419	0.09991	0.11898	0.39693
V907	0.4211	0.51603	0.01834	0.04453
V908	0.02225	0.08057	0.11024	0.78694
V909	0.14293	0.79447	0.0018	0.0608
V910	0.14839	0.02656	0.14749	0.67756
V911	0.50723	0.39844	0.03332	0.06101
V912	0.39109	0.32917	0.12677	0.15296
V913	0.1159	0.04029	0.05476	0.78905
V914	0.19035	0.49571	0.28178	0.03216
V915	0.20302	0.0358	0.04681	0.71437
V916	0.2461	0.06144	0.64961	0.04284
V917	0.70235	0.04707	0.16411	0.08647
V918	0.06499	0.6305	0.22025	0.08426
V919	0.20032	0.23057	0.30876	0.26034
V920	0.61113	0.20703	0.09357	0.08828
V921	0.0387	0.17613	0.0655	0.71967
V922	0.11397	0.46237	0.38216	0.0415
V923	0.07789	0.05138	0.08353	0.7872
V924	0.05781	0.66623	0.25108	0.02488
V925	0.16182	0.06259	0.05154	0.72405
V926	0.17987	0.0514	0.06437	0.70436
V927	0.0324	0.07343	0.09537	0.79881
V928	0.06948	0.87007	0.00741	0.05304
V929	0.07406	0.63972	0.12494	0.16128
V930	0.50084	0.37699	0.03424	0.08794
V931	0.14364	0.26781	0.51913	0.06942
V932	0.04396	0.10737	0.62664	0.22204
V933	0.56997	0.40754	0.01381	0.00868
V934	0.01937	0.15058	0.28867	0.54139
V935	0.55844	0.16946	0.2089	0.06321
V936	0.51437	0.27747	0.02393	0.18423
V937	0.53151	0.13619	0.09195	0.24034
V938	0.36483	0.05466	0.31979	0.26072
V939	0.73334	0.04145	0.0777	0.14751
V940	0.05033	0.78493	0.13347	0.03127
V941	0.03049	0.05106	0.89879	0.01965
V942	0.7142	0.20561	0.06574	0.01445
V943	0.39299	0.13144	0.42648	0.04909
V944	0.03038	0.26455	0.08883	0.61624
V945	0.54688	0.36243	0.01311	0.07758
V946	0.4532	0.2663	0.24965	0.03085
V947	0.07947	0.06205	0.24884	0.60964
V948	0.3317	0.04203	0.60689	0.01938
V949	0.01267	0.12124	0.22242	0.64367
V950	0.07247	0.53056	0.20975	0.18723
V951	0.79487	0.04912	0.15277	0.00324
V952	0.07193	0.12842	0.28001	0.51964
V953	0.0371	0.06458	0.86649	0.03183
V954	0.04551	0.18165	0.16138	0.61146
V955	0.13301	0.59404	0.03314	0.2398
V956	0.04181	0.03475	0.52736	0.39609
V957	0.29948	0.04909	0.03188	0.61956
V958	0.06627	0.05045	0.05101	0.83227
V959	0.23581	0.25659	0.43926	0.06834
V960	0.22962	0.27144	0.09274	0.4062
V961	0.14636	0.38151	0.35475	0.11738
V962	0.36244	0.17007	0.40061	0.06688
V963	0.59146	0.1788	0.15856	0.07118
V964	0.81653	0.05629	0.09898	0.0282
V965	0.07171	0.49346	0.19252	0.2423
V966	0.91504	0.0602	0.0151	0.00966
V967	0.05979	0.04719	0.54476	0.34825
V968	0.01919	0.14857	0.76937	0.06287
V969	0.02328	0.2869	0.06604	0.62377
V970	0.04336	0.1161	0.4411	0.39945
V971	0.49667	0.09275	0.33697	0.07361
V972	0.49696	0.20553	0.05748	0.24003
V973	0.27047	0.41965	0.08305	0.22683
V974	0.03287	0.77745	0.11725	0.07243
V975	0.11491	0.28853	0.58968	0.00689
V976	0.43681	0.25021	0.11925	0.19373
V977	0.3196	0.36097	0.31484	0.00458
V978	0.06404	0.10763	0.0979	0.73042
V979	0.76938	0.04813	0.17913	0.00335
V980	0.92426	0.05678	0.0125	0.00646
V981	0.32695	0.03907	0.4482	0.18578
V982	0.44036	0.40363	0.07523	0.08077
V983	0.67194	0.08102	0.01575	0.23128
V984	0.04289	0.82851	0.09753	0.03107
V985	0.07559	0.2035	0.04021	0.6807
V986	0.32302	0.52762	0.05007	0.09929
V987	0.23854	0.74335	0.00186	0.01624
V988	0.19096	0.04732	0.05135	0.71037
V989	0.43445	0.47765	0.0728	0.0151
V990	0.01754	0.05755	0.78897	0.13594
V991	0.6082	0.37896	0.00364	0.00919
V992	0.19444	0.01937	0.53715	0.24904
V993	0.08602	0.72036	0.15449	0.03912
V994	0.19184	0.77255	0.02595	0.00966
V995	0.7208	0.12175	0.03701	0.12044
V996	0.24745	0.1349	0.03892	0.57873
V997	0.03222	0.02779	0.82347	0.11652
V998	0.848	0.04289	0.06672	0.0424
V999	0.13659	0.85388	0.00425	0.00528
V1000	0.2794	0.05619	0.03241	0.632
