CD19B	CD56NK	CD4MemoryT	CD14
V1	0.40566	0.07935	0.18208	0.33291
V2	0.15621	0.12649	0.11646	0.60084
V3	0.09856	0.45643	0.0992	0.34582
V4	0.62723	0.14029	0.07798	0.15451
V5	0.13812	0.3803	0.24163	0.23995
V6	0.1087	0.63271	0.11464	0.14396
V7	0.15271	0.29638	0.13831	0.4126
V8	0.1738	0.10603	0.57439	0.14578
V9	0.20618	0.21994	0.10715	0.46673
V10	0.10354	0.11203	0.62676	0.15767
V11	0.2058	0.31783	0.3493	0.12706
V12	0.08879	0.46197	0.31661	0.13262
V13	0.22836	0.52796	0.09804	0.14564
V14	0.10168	0.66197	0.10541	0.13094
V15	0.13969	0.45088	0.16889	0.24054
V16	0.65459	0.09046	0.09348	0.16146
V17	0.11491	0.63244	0.10888	0.14377
V18	0.42313	0.30129	0.11453	0.16105
V19	0.16044	0.60081	0.10124	0.13751
V20	0.16212	0.35765	0.10242	0.37781
V21	0.17163	0.12994	0.55244	0.14599
V22	0.08976	0.13543	0.19979	0.57503
V23	0.32356	0.11252	0.43364	0.13028
V24	0.68531	0.0793	0.09849	0.1369
V25	0.27021	0.22793	0.16258	0.33928
V26	0.2977	0.32228	0.09718	0.28285
V27	0.12958	0.1048	0.09753	0.66809
V28	0.09519	0.11948	0.66912	0.1162
V29	0.35791	0.10241	0.38897	0.15072
V30	0.1354	0.21573	0.24321	0.40566
V31	0.19361	0.20642	0.25604	0.34393
V32	0.11883	0.08995	0.10292	0.6883
V33	0.10179	0.40045	0.30117	0.19659
V34	0.17231	0.11809	0.56343	0.14617
V35	0.16354	0.53557	0.15099	0.1499
V36	0.08955	0.11192	0.35045	0.44808
V37	0.39397	0.11916	0.13897	0.3479
V38	0.32533	0.07725	0.18222	0.4152
V39	0.1662	0.43329	0.17416	0.22635
V40	0.12347	0.60487	0.14843	0.12324
V41	0.06829	0.49121	0.12407	0.31642
V42	0.20516	0.09877	0.20221	0.49386
V43	0.1609	0.30706	0.38647	0.14557
V44	0.09893	0.1415	0.51508	0.24449
V45	0.12997	0.45311	0.22736	0.18955
V46	0.58361	0.11661	0.16132	0.13847
V47	0.35091	0.20546	0.27737	0.16626
V48	0.5835	0.17845	0.08587	0.15218
V49	0.52901	0.19071	0.08044	0.19984
V50	0.10462	0.61081	0.15523	0.12933
V51	0.26169	0.34204	0.24575	0.15052
V52	0.10698	0.16655	0.58324	0.14323
V53	0.53793	0.15169	0.17992	0.13046
V54	0.33784	0.20872	0.30901	0.14443
V55	0.19933	0.16245	0.22332	0.4149
V56	0.10368	0.08629	0.13198	0.67805
V57	0.12116	0.62745	0.11449	0.1369
V58	0.45611	0.07168	0.10528	0.36694
V59	0.33183	0.34365	0.15746	0.16706
V60	0.15674	0.18085	0.27023	0.39218
V61	0.57591	0.1354	0.08744	0.20125
V62	0.63864	0.08765	0.12616	0.14755
V63	0.07591	0.6053	0.17721	0.14159
V64	0.06571	0.61255	0.09704	0.22469
V65	0.08737	0.08214	0.13772	0.69277
V66	0.19447	0.51811	0.10988	0.17754
V67	0.17388	0.30009	0.39358	0.13246
V68	0.16102	0.16153	0.10018	0.57726
V69	0.09757	0.29315	0.45238	0.15691
V70	0.40253	0.17639	0.19606	0.22502
V71	0.17783	0.12969	0.29915	0.39333
V72	0.41812	0.17771	0.14156	0.2626
V73	0.16071	0.46753	0.1819	0.18986
V74	0.1217	0.23546	0.52524	0.1176
V75	0.52018	0.07161	0.20351	0.2047
V76	0.07672	0.18412	0.1891	0.55006
V77	0.09446	0.24709	0.09166	0.56679
V78	0.25224	0.15202	0.19375	0.40199
V79	0.09411	0.15748	0.56316	0.18526
V80	0.30271	0.09877	0.40693	0.19159
V81	0.12384	0.19672	0.55572	0.12371
V82	0.09317	0.13808	0.64579	0.12296
V83	0.14978	0.18402	0.13122	0.53498
V84	0.30519	0.10656	0.17922	0.40902
V85	0.14445	0.28936	0.31945	0.24674
V86	0.12176	0.12905	0.5983	0.15089
V87	0.08591	0.60171	0.13609	0.17629
V88	0.17493	0.11988	0.23809	0.4671
V89	0.09199	0.09058	0.19755	0.61989
V90	0.07974	0.64517	0.13893	0.13616
V91	0.09038	0.54839	0.2136	0.14764
V92	0.36147	0.09718	0.31188	0.22946
V93	0.63644	0.07293	0.07509	0.21554
V94	0.07915	0.34601	0.10244	0.47241
V95	0.22268	0.35402	0.18855	0.23475
V96	0.1174	0.13327	0.1016	0.64773
V97	0.50775	0.14384	0.21315	0.13525
V98	0.50759	0.26693	0.0823	0.14319
V99	0.58463	0.10062	0.17654	0.13821
V100	0.13994	0.11699	0.60554	0.13754
V101	0.08792	0.09144	0.0913	0.72934
V102	0.67251	0.09564	0.08306	0.14878
V103	0.08643	0.10317	0.137	0.6734
V104	0.07766	0.68458	0.10679	0.13097
V105	0.09532	0.66217	0.11175	0.13077
V106	0.14766	0.4135	0.28539	0.15345
V107	0.19853	0.22121	0.42021	0.16004
V108	0.15634	0.56113	0.15955	0.12298
V109	0.0923	0.19383	0.42507	0.28879
V110	0.09671	0.63298	0.1267	0.14361
V111	0.66786	0.06631	0.12398	0.14185
V112	0.16026	0.12881	0.32667	0.38426
V113	0.18358	0.14611	0.18925	0.48107
V114	0.21461	0.10504	0.13264	0.54771
V115	0.07372	0.56267	0.23642	0.12719
V116	0.16311	0.28769	0.30137	0.24782
V117	0.49207	0.23714	0.1073	0.16349
V118	0.16185	0.43742	0.11516	0.28558
V119	0.13963	0.1218	0.11685	0.62172
V120	0.13894	0.14061	0.58935	0.13109
V121	0.43201	0.15814	0.1404	0.26944
V122	0.6975	0.06659	0.08635	0.14956
V123	0.07081	0.38826	0.12096	0.41997
V124	0.48131	0.26197	0.08033	0.17639
V125	0.30526	0.34877	0.2007	0.14526
V126	0.0987	0.16318	0.11802	0.6201
V127	0.174	0.11345	0.23236	0.48019
V128	0.09694	0.08803	0.14704	0.66798
V129	0.43085	0.22721	0.18828	0.15366
V130	0.07599	0.5044	0.29337	0.12624
V131	0.07832	0.63991	0.09843	0.18334
V132	0.67992	0.06757	0.09724	0.15527
V133	0.6626	0.07567	0.11351	0.14821
V134	0.13599	0.32019	0.16686	0.37696
V135	0.12578	0.09248	0.1887	0.59304
V136	0.20973	0.32431	0.09377	0.37218
V137	0.483	0.10132	0.23305	0.18264
V138	0.19564	0.33472	0.19868	0.27097
V139	0.27992	0.21138	0.20514	0.30355
V140	0.09495	0.12945	0.118	0.6576
V141	0.12298	0.19257	0.39407	0.29038
V142	0.58693	0.07243	0.20891	0.13173
V143	0.32257	0.24367	0.12869	0.30507
V144	0.17124	0.17689	0.185	0.46687
V145	0.06809	0.56771	0.2371	0.1271
V146	0.10842	0.08603	0.10312	0.70243
V147	0.66055	0.07941	0.09221	0.16783
V148	0.16442	0.1418	0.41774	0.27604
V149	0.23126	0.41265	0.22607	0.13002
V150	0.13786	0.25052	0.43167	0.17996
V151	0.188	0.47377	0.11699	0.22124
V152	0.21141	0.36568	0.22361	0.19931
V153	0.12878	0.54792	0.11051	0.2128
V154	0.22025	0.3772	0.25362	0.14893
V155	0.36375	0.17718	0.25723	0.20184
V156	0.10854	0.18679	0.48977	0.2149
V157	0.25884	0.18594	0.26827	0.28695
V158	0.08796	0.08172	0.10135	0.72898
V159	0.64015	0.10811	0.07741	0.17434
V160	0.49506	0.07264	0.11989	0.31241
V161	0.19274	0.08123	0.10378	0.62225
V162	0.11224	0.26076	0.13811	0.48888
V163	0.1286	0.38502	0.19489	0.2915
V164	0.26901	0.2748	0.1531	0.30309
V165	0.07848	0.23352	0.0868	0.6012
V166	0.0842	0.13524	0.12922	0.65135
V167	0.27159	0.07378	0.08476	0.56987
V168	0.2393	0.44317	0.14697	0.17056
V169	0.18094	0.11025	0.1082	0.60061
V170	0.14986	0.106	0.38169	0.36245
V171	0.16485	0.24926	0.43342	0.15247
V172	0.53734	0.07654	0.24932	0.1368
V173	0.093	0.16276	0.11363	0.63061
V174	0.08725	0.17625	0.13366	0.60285
V175	0.13306	0.10431	0.54786	0.21477
V176	0.07128	0.59652	0.20388	0.12831
V177	0.0654	0.69483	0.10226	0.13752
V178	0.06565	0.55361	0.09887	0.28188
V179	0.17816	0.09388	0.30119	0.42678
V180	0.08066	0.64559	0.15067	0.12308
V181	0.18206	0.17883	0.39855	0.24056
V182	0.26476	0.20802	0.35792	0.16929
V183	0.17268	0.59374	0.10225	0.13133
V184	0.71858	0.06096	0.08205	0.13841
V185	0.42646	0.34409	0.09398	0.13547
V186	0.14439	0.38867	0.24809	0.21886
V187	0.69132	0.06882	0.09696	0.1429
V188	0.10733	0.21409	0.08668	0.5919
V189	0.57868	0.08261	0.08861	0.25011
V190	0.49749	0.0842	0.28241	0.13589
V191	0.19737	0.22804	0.42127	0.15332
V192	0.24596	0.3724	0.12269	0.25896
V193	0.44842	0.10042	0.2258	0.22537
V194	0.08365	0.66682	0.10578	0.14375
V195	0.09978	0.12063	0.65653	0.12306
V196	0.08635	0.11685	0.09461	0.70219
V197	0.30827	0.10624	0.09884	0.48665
V198	0.11454	0.40921	0.30968	0.16657
V199	0.17185	0.0983	0.18734	0.54252
V200	0.14263	0.42648	0.10357	0.32732
V201	0.1293	0.42993	0.20825	0.23251
V202	0.10042	0.10958	0.53894	0.25106
V203	0.17513	0.36338	0.32051	0.14099
V204	0.06948	0.40244	0.09498	0.4331
V205	0.10401	0.13668	0.62877	0.13054
V206	0.12012	0.16094	0.59497	0.12397
V207	0.14901	0.1945	0.1214	0.53509
V208	0.24376	0.13642	0.4857	0.13411
V209	0.24688	0.37361	0.13567	0.24385
V210	0.11765	0.56142	0.15826	0.16267
V211	0.31514	0.08437	0.10227	0.49822
V212	0.39976	0.11202	0.34339	0.14484
V213	0.45972	0.09258	0.15026	0.29744
V214	0.2648	0.18227	0.18525	0.36768
V215	0.23686	0.13617	0.0964	0.53057
V216	0.09832	0.08073	0.10025	0.7207
V217	0.09866	0.38913	0.22923	0.28298
V218	0.12923	0.35735	0.19329	0.32013
V219	0.1288	0.47264	0.10004	0.29852
V220	0.06505	0.59418	0.10148	0.2393
V221	0.57534	0.06974	0.07715	0.27777
V222	0.26652	0.17751	0.29812	0.25785
V223	0.09043	0.18945	0.5419	0.17823
V224	0.70913	0.06209	0.09128	0.13749
V225	0.09729	0.63369	0.13948	0.12955
V226	0.27586	0.1475	0.44136	0.13528
V227	0.58024	0.07178	0.20347	0.1445
V228	0.55311	0.11471	0.12504	0.20714
V229	0.10433	0.1194	0.6397	0.13657
V230	0.0873	0.09129	0.10046	0.72094
V231	0.0846	0.2491	0.15314	0.51317
V232	0.0917	0.48057	0.08926	0.33847
V233	0.41758	0.1384	0.20458	0.23945
V234	0.08401	0.65663	0.12189	0.13747
V235	0.31547	0.13111	0.40348	0.14994
V236	0.1205	0.14242	0.55779	0.17929
V237	0.16308	0.08211	0.10628	0.64853
V238	0.15191	0.43705	0.25035	0.16069
V239	0.10954	0.32024	0.10134	0.46889
V240	0.38481	0.1112	0.33791	0.16608
V241	0.10386	0.11077	0.61428	0.1711
V242	0.14293	0.5614	0.15996	0.13571
V243	0.23626	0.12242	0.45908	0.18224
V244	0.21734	0.09919	0.49436	0.18911
V245	0.43807	0.26693	0.11977	0.17523
V246	0.12267	0.19654	0.54332	0.13746
V247	0.19263	0.112	0.57696	0.11841
V248	0.09228	0.09565	0.11395	0.69812
V249	0.0904	0.12927	0.60991	0.17042
V250	0.5692	0.07367	0.21966	0.13746
V251	0.68493	0.08906	0.08314	0.14287
V252	0.07095	0.6141	0.19331	0.12163
V253	0.28395	0.12663	0.17997	0.40945
V254	0.06758	0.66859	0.1343	0.12953
V255	0.089	0.65421	0.0995	0.15728
V256	0.18789	0.23191	0.38997	0.19023
V257	0.32467	0.14885	0.22279	0.30369
V258	0.18462	0.26252	0.33352	0.21933
V259	0.10368	0.28589	0.45994	0.15049
V260	0.08233	0.28182	0.51229	0.12356
V261	0.45345	0.09721	0.20259	0.24674
V262	0.12864	0.11049	0.09708	0.6638
V263	0.07165	0.68294	0.10158	0.14384
V264	0.18013	0.11476	0.32669	0.37842
V265	0.09832	0.08313	0.16125	0.6573
V266	0.48036	0.30095	0.08882	0.12987
V267	0.07715	0.1976	0.24466	0.4806
V268	0.29608	0.09526	0.16658	0.44208
V269	0.07549	0.44399	0.32167	0.15884
V270	0.47669	0.09406	0.2326	0.19665
V271	0.57078	0.11211	0.10279	0.21432
V272	0.09642	0.59149	0.10669	0.2054
V273	0.10819	0.09046	0.10823	0.69313
V274	0.51287	0.0723	0.19551	0.21931
V275	0.09445	0.12056	0.66217	0.12282
V276	0.36821	0.29349	0.0906	0.2477
V277	0.09719	0.20735	0.18046	0.51501
V278	0.10322	0.12296	0.24589	0.52792
V279	0.49649	0.11108	0.15086	0.24156
V280	0.08796	0.08172	0.10135	0.72898
V281	0.39648	0.09507	0.16776	0.34069
V282	0.12736	0.14298	0.56458	0.16507
V283	0.18876	0.44234	0.13422	0.23469
V284	0.0797	0.6516	0.13901	0.12968
V285	0.13583	0.11086	0.6364	0.11692
V286	0.21172	0.42601	0.16277	0.1995
V287	0.12086	0.6266	0.1088	0.14374
V288	0.08714	0.26785	0.32724	0.31777
V289	0.25027	0.23211	0.3341	0.18353
V290	0.60286	0.17284	0.09016	0.13414
V291	0.38493	0.13215	0.34473	0.13819
V292	0.67605	0.06614	0.07608	0.18173
V293	0.2712	0.10435	0.46886	0.15559
V294	0.12069	0.29867	0.08609	0.49455
V295	0.08734	0.19132	0.19449	0.52685
V296	0.19239	0.17475	0.44369	0.18917
V297	0.12049	0.08029	0.12639	0.67283
V298	0.26837	0.15998	0.43661	0.13505
V299	0.1109	0.24264	0.09617	0.55029
V300	0.08174	0.10227	0.21284	0.60315
V301	0.15936	0.17051	0.45957	0.21056
V302	0.48028	0.29334	0.08357	0.1428
V303	0.06932	0.46854	0.31643	0.1457
V304	0.12425	0.11559	0.51477	0.24538
V305	0.15351	0.1946	0.34562	0.30627
V306	0.57975	0.13147	0.11608	0.1727
V307	0.07221	0.67907	0.11133	0.1374
V308	0.20735	0.23285	0.25855	0.30125
V309	0.2582	0.27367	0.10157	0.36656
V310	0.11879	0.27377	0.17601	0.43143
V311	0.38865	0.38642	0.08955	0.13538
V312	0.1252	0.54568	0.18721	0.14191
V313	0.07936	0.1391	0.09974	0.6818
V314	0.07806	0.36951	0.15787	0.39456
V315	0.13632	0.46306	0.11586	0.28476
V316	0.26116	0.17722	0.31173	0.24989
V317	0.11677	0.51034	0.12519	0.24769
V318	0.08757	0.41246	0.09889	0.40108
V319	0.12675	0.1404	0.58904	0.14381
V320	0.13328	0.19088	0.45958	0.21626
V321	0.4745	0.30786	0.08802	0.12962
V322	0.1786	0.27551	0.13182	0.41407
V323	0.10905	0.0923	0.13574	0.6629
V324	0.48036	0.23961	0.1307	0.14933
V325	0.25098	0.48643	0.1305	0.1321
V326	0.06493	0.42084	0.14899	0.36524
V327	0.08823	0.16607	0.14848	0.59723
V328	0.11837	0.1157	0.51412	0.25181
V329	0.17152	0.15192	0.18353	0.49303
V330	0.30679	0.0894	0.27875	0.32505
V331	0.26349	0.13053	0.11185	0.49413
V332	0.08546	0.11239	0.18805	0.6141
V333	0.33304	0.13672	0.31567	0.21456
V334	0.2877	0.09248	0.28914	0.33067
V335	0.09493	0.30696	0.38235	0.21575
V336	0.16797	0.51616	0.10966	0.20622
V337	0.24218	0.34373	0.26426	0.14983
V338	0.0601	0.70044	0.10873	0.13072
V339	0.1673	0.1086	0.59944	0.12466
V340	0.11498	0.23878	0.38547	0.26077
V341	0.09202	0.09703	0.12275	0.6882
V342	0.23557	0.09546	0.44361	0.22535
V343	0.70252	0.07103	0.0829	0.14354
V344	0.49907	0.17364	0.19791	0.12938
V345	0.10037	0.12012	0.66323	0.11628
V346	0.20856	0.1583	0.246	0.38714
V347	0.10271	0.08699	0.15735	0.65295
V348	0.10224	0.48512	0.18132	0.23132
V349	0.28336	0.19611	0.31328	0.20725
V350	0.08362	0.59052	0.20399	0.12187
V351	0.09439	0.10898	0.30204	0.49459
V352	0.12241	0.11397	0.58456	0.17905
V353	0.62855	0.08053	0.1032	0.18772
V354	0.09789	0.51906	0.22942	0.15364
V355	0.24351	0.14231	0.35028	0.2639
V356	0.09688	0.09287	0.14202	0.66823
V357	0.14004	0.29288	0.24681	0.32026
V358	0.38355	0.14122	0.11341	0.36182
V359	0.40183	0.10911	0.1	0.38905
V360	0.40478	0.35303	0.10041	0.14178
V361	0.07563	0.38175	0.41844	0.12418
V362	0.06021	0.69503	0.11435	0.13041
V363	0.18024	0.16976	0.35047	0.29954
V364	0.18157	0.1373	0.48465	0.19648
V365	0.21655	0.09042	0.09283	0.6002
V366	0.11232	0.50145	0.14667	0.23955
V367	0.40171	0.16268	0.08053	0.35508
V368	0.11838	0.53538	0.14888	0.19736
V369	0.08871	0.34997	0.4378	0.12352
V370	0.25539	0.26734	0.32873	0.14853
V371	0.17503	0.53197	0.11587	0.17712
V372	0.16401	0.1142	0.15552	0.56627
V373	0.1281	0.18233	0.34914	0.34042
V374	0.57469	0.0785	0.215	0.13181
V375	0.10138	0.10378	0.16858	0.62625
V376	0.09731	0.09776	0.14171	0.66321
V377	0.55508	0.06444	0.08225	0.29822
V378	0.0889	0.11045	0.30649	0.49416
V379	0.25694	0.19806	0.0892	0.4558
V380	0.16096	0.12907	0.19911	0.51086
V381	0.5197	0.0797	0.13814	0.26246
V382	0.13999	0.12221	0.61377	0.12403
V383	0.58821	0.07135	0.11197	0.22846
V384	0.39699	0.12653	0.1642	0.31228
V385	0.61222	0.07683	0.13073	0.18021
V386	0.24353	0.09007	0.16691	0.49949
V387	0.42562	0.17719	0.20103	0.19616
V388	0.28344	0.29221	0.17905	0.2453
V389	0.31251	0.41003	0.09689	0.18058
V390	0.25677	0.25438	0.36031	0.12854
V391	0.30295	0.14177	0.09294	0.46234
V392	0.31384	0.22164	0.18854	0.27598
V393	0.23937	0.23698	0.2894	0.23425
V394	0.12596	0.2177	0.15246	0.50388
V395	0.19642	0.33006	0.20962	0.26389
V396	0.06647	0.68387	0.10604	0.14362
V397	0.55671	0.13045	0.14828	0.16455
V398	0.32315	0.16558	0.14231	0.36896
V399	0.17962	0.42819	0.18597	0.20622
V400	0.06448	0.43021	0.13329	0.37202
V401	0.10877	0.20145	0.51087	0.17891
V402	0.5782	0.18066	0.10819	0.13296
V403	0.09208	0.09229	0.12756	0.68807
V404	0.13801	0.2237	0.44315	0.19514
V405	0.19699	0.10374	0.18071	0.51856
V406	0.45598	0.23697	0.09462	0.21243
V407	0.0601	0.70044	0.10873	0.13072
V408	0.13204	0.24531	0.31024	0.3124
V409	0.08252	0.08672	0.10167	0.72909
V410	0.11529	0.6211	0.12015	0.14346
V411	0.31673	0.07599	0.07912	0.52816
V412	0.17401	0.14548	0.36673	0.31378
V413	0.10349	0.37873	0.1988	0.31899
V414	0.09443	0.40457	0.28457	0.21643
V415	0.33101	0.10294	0.21975	0.34631
V416	0.09805	0.1502	0.63498	0.11677
V417	0.29524	0.47529	0.09541	0.13407
V418	0.11755	0.14409	0.16799	0.57037
V419	0.08765	0.08127	0.10679	0.72428
V420	0.05964	0.63392	0.10905	0.19739
V421	0.1822	0.12342	0.48392	0.21046
V422	0.10243	0.11062	0.09403	0.69292
V423	0.13994	0.11699	0.60554	0.13754
V424	0.08218	0.13022	0.43618	0.35142
V425	0.1165	0.24957	0.43115	0.20278
V426	0.14636	0.12955	0.55153	0.17256
V427	0.1118	0.32548	0.20136	0.36137
V428	0.11636	0.55831	0.13468	0.19065
V429	0.08747	0.08173	0.11035	0.72045
V430	0.5304	0.17964	0.09753	0.19243
V431	0.18764	0.1082	0.3398	0.36437
V432	0.13377	0.13256	0.11732	0.61634
V433	0.09557	0.52958	0.09156	0.28329
V434	0.2575	0.12639	0.11628	0.49983
V435	0.36465	0.08388	0.15606	0.39542
V436	0.28707	0.08775	0.15068	0.4745
V437	0.19796	0.2165	0.08721	0.49834
V438	0.42742	0.17888	0.10237	0.29133
V439	0.09503	0.13316	0.09372	0.6781
V440	0.34323	0.0994	0.10283	0.45454
V441	0.12484	0.18135	0.42615	0.26766
V442	0.25042	0.29772	0.17166	0.28019
V443	0.52607	0.07395	0.13752	0.26246
V444	0.10037	0.12012	0.66323	0.11628
V445	0.45894	0.09367	0.29328	0.15411
V446	0.08625	0.59472	0.13623	0.18281
V447	0.45373	0.14254	0.19314	0.21058
V448	0.0904	0.12392	0.19359	0.59209
V449	0.41647	0.11102	0.26415	0.20835
V450	0.147	0.62055	0.10784	0.12461
V451	0.6716	0.09603	0.07656	0.15581
V452	0.09746	0.0871	0.12731	0.68813
V453	0.57405	0.12062	0.12613	0.1792
V454	0.06154	0.66827	0.13398	0.13621
V455	0.44424	0.10392	0.27023	0.18161
V456	0.26729	0.17145	0.31144	0.24982
V457	0.08237	0.09175	0.09699	0.72888
V458	0.21692	0.21687	0.08677	0.47944
V459	0.07446	0.57145	0.15718	0.19691
V460	0.68548	0.06796	0.09718	0.14937
V461	0.10819	0.09528	0.09407	0.70245
V462	0.26167	0.22975	0.07946	0.42912
V463	0.21497	0.38145	0.18942	0.21416
V464	0.35618	0.13925	0.08148	0.42309
V465	0.29882	0.34931	0.1061	0.24576
V466	0.41047	0.19589	0.08107	0.31257
V467	0.25265	0.44244	0.14619	0.15873
V468	0.3656	0.33699	0.12309	0.17432
V469	0.08823	0.19769	0.24516	0.46891
V470	0.39523	0.16314	0.19559	0.24604
V471	0.21953	0.14353	0.10682	0.53013
V472	0.2491	0.2829	0.08051	0.38749
V473	0.13299	0.43542	0.29221	0.13939
V474	0.14108	0.0794	0.14586	0.63366
V475	0.17121	0.32483	0.13948	0.36448
V476	0.16303	0.08848	0.12009	0.6284
V477	0.43329	0.10404	0.20893	0.25374
V478	0.14179	0.43751	0.09338	0.32732
V479	0.09991	0.15699	0.55768	0.18542
V480	0.11719	0.26494	0.11603	0.50184
V481	0.17937	0.11285	0.57641	0.13137
V482	0.49788	0.18217	0.1572	0.16275
V483	0.14491	0.14591	0.13205	0.57713
V484	0.09126	0.1174	0.10304	0.68829
V485	0.13572	0.5342	0.10341	0.22667
V486	0.22256	0.247	0.164	0.36644
V487	0.11877	0.10731	0.13618	0.63773
V488	0.09092	0.1083	0.60181	0.19897
V489	0.2155	0.16336	0.48825	0.13288
V490	0.25952	0.27781	0.13083	0.33184
V491	0.32888	0.37787	0.11193	0.18132
V492	0.08174	0.60646	0.18301	0.12879
V493	0.08793	0.08086	0.0938	0.7374
V494	0.1953	0.19912	0.38673	0.21885
V495	0.20004	0.47336	0.18355	0.14305
V496	0.22847	0.51361	0.09242	0.16549
V497	0.10066	0.1135	0.66301	0.12283
V498	0.24506	0.14431	0.11622	0.49441
V499	0.44877	0.25038	0.16668	0.13416
V500	0.14908	0.18127	0.51815	0.1515
V501	0.08296	0.08195	0.11062	0.72447
V502	0.40028	0.26276	0.18392	0.15304
V503	0.1847	0.14768	0.19982	0.4678
V504	0.20177	0.516	0.10436	0.17786
V505	0.18593	0.22315	0.23278	0.35814
V506	0.13364	0.257	0.34118	0.26818
V507	0.43344	0.14651	0.15805	0.262
V508	0.53306	0.18178	0.1136	0.17157
V509	0.21596	0.13794	0.37579	0.27031
V510	0.20426	0.41729	0.24975	0.1287
V511	0.09718	0.32974	0.11739	0.45569
V512	0.20805	0.11086	0.13293	0.54816
V513	0.11658	0.48734	0.22135	0.17473
V514	0.08695	0.11134	0.09049	0.71122
V515	0.53839	0.11186	0.11498	0.23476
V516	0.65967	0.12131	0.07737	0.14165
V517	0.10395	0.10179	0.22474	0.56952
V518	0.69684	0.08381	0.07611	0.14324
V519	0.079	0.61553	0.10112	0.20436
V520	0.10283	0.09666	0.43348	0.36703
V521	0.42512	0.11438	0.3076	0.1529
V522	0.08655	0.18013	0.40935	0.32397
V523	0.27594	0.16985	0.23706	0.31716
V524	0.07172	0.56682	0.21389	0.14757
V525	0.21178	0.20652	0.10142	0.48027
V526	0.45185	0.12888	0.12839	0.29089
V527	0.19773	0.10565	0.31009	0.38653
V528	0.12033	0.61879	0.09701	0.16387
V529	0.11384	0.12486	0.2094	0.5519
V530	0.086	0.23215	0.47991	0.20194
V531	0.07515	0.62983	0.17244	0.12259
V532	0.1646	0.27752	0.10529	0.45259
V533	0.22923	0.30301	0.17236	0.2954
V534	0.09194	0.10736	0.49142	0.30928
V535	0.38717	0.06803	0.08455	0.46025
V536	0.19048	0.08692	0.29586	0.42674
V537	0.42913	0.24636	0.1843	0.14021
V538	0.3283	0.11402	0.13474	0.42295
V539	0.22268	0.35402	0.18855	0.23475
V540	0.18197	0.51398	0.14587	0.15818
V541	0.07733	0.38395	0.13139	0.40733
V542	0.18602	0.1696	0.22934	0.41504
V543	0.62498	0.06909	0.08368	0.22225
V544	0.13552	0.13838	0.18473	0.54137
V545	0.27311	0.17038	0.12655	0.42996
V546	0.09115	0.63451	0.14461	0.12973
V547	0.09266	0.49125	0.283	0.13308
V548	0.15612	0.56099	0.15316	0.12973
V549	0.28454	0.11619	0.46426	0.13501
V550	0.40768	0.08985	0.07444	0.42802
V551	0.16903	0.53908	0.12171	0.17019
V552	0.0646	0.39473	0.09486	0.44582
V553	0.22012	0.19603	0.4441	0.13975
V554	0.10706	0.12834	0.10201	0.66259
V555	0.12978	0.23542	0.27317	0.36163
V556	0.09142	0.12596	0.63965	0.14297
V557	0.57237	0.0869	0.0842	0.25653
V558	0.10329	0.56214	0.11505	0.21952
V559	0.07297	0.59134	0.21445	0.12125
V560	0.50042	0.2795	0.08311	0.13697
V561	0.09445	0.12056	0.66217	0.12282
V562	0.55548	0.07533	0.15642	0.21276
V563	0.23912	0.10133	0.53306	0.1265
V564	0.12556	0.15418	0.58962	0.13064
V565	0.1503	0.25752	0.30021	0.29196
V566	0.48591	0.13618	0.07959	0.29832
V567	0.18889	0.35324	0.10712	0.35076
V568	0.20628	0.08277	0.11589	0.59507
V569	0.47293	0.08759	0.07219	0.36728
V570	0.09751	0.28636	0.44426	0.17187
V571	0.58164	0.15285	0.07788	0.18763
V572	0.34903	0.09407	0.34953	0.20737
V573	0.10874	0.17779	0.09292	0.62056
V574	0.0895	0.57207	0.20396	0.13446
V575	0.08972	0.13187	0.15886	0.61955
V576	0.15528	0.58421	0.12365	0.13686
V577	0.10216	0.11252	0.20376	0.58156
V578	0.12156	0.14598	0.47273	0.25973
V579	0.06881	0.62769	0.16154	0.14195
V580	0.15829	0.08615	0.14899	0.60657
V581	0.11186	0.12078	0.08942	0.67795
V582	0.40401	0.17294	0.10287	0.32017
V583	0.08765	0.12876	0.41726	0.36632
V584	0.38584	0.18992	0.26457	0.15966
V585	0.09046	0.09972	0.32942	0.4804
V586	0.23016	0.10321	0.4695	0.19713
V587	0.25158	0.10671	0.49454	0.14717
V588	0.43636	0.10104	0.0944	0.3682
V589	0.09871	0.58389	0.14139	0.176
V590	0.09648	0.56104	0.21424	0.12823
V591	0.08137	0.10714	0.19747	0.61402
V592	0.18622	0.12419	0.57104	0.11855
V593	0.42246	0.07295	0.19327	0.31132
V594	0.27345	0.2771	0.28516	0.1643
V595	0.09226	0.09169	0.09968	0.71638
V596	0.096	0.25963	0.21438	0.42998
V597	0.0687	0.45258	0.29109	0.18763
V598	0.10069	0.18044	0.58856	0.13031
V599	0.45045	0.28659	0.10797	0.15499
V600	0.27215	0.37992	0.12482	0.22311
V601	0.16037	0.25119	0.13537	0.45307
V602	0.09241	0.09135	0.09527	0.72097
V603	0.07572	0.29804	0.09693	0.52931
V604	0.38855	0.16698	0.29298	0.15149
V605	0.11682	0.30135	0.31369	0.26813
V606	0.50953	0.17333	0.09002	0.22712
V607	0.45902	0.07997	0.14871	0.3123
V608	0.20397	0.19698	0.30552	0.29353
V609	0.09249	0.23287	0.21843	0.45621
V610	0.54017	0.08706	0.13863	0.23413
V611	0.23183	0.08164	0.11538	0.57116
V612	0.10604	0.16333	0.559	0.17164
V613	0.1017	0.31174	0.43546	0.1511
V614	0.53253	0.11224	0.11353	0.2417
V615	0.14489	0.10972	0.09138	0.654
V616	0.11049	0.50936	0.12473	0.25541
V617	0.36758	0.19454	0.3126	0.12528
V618	0.5042	0.07053	0.07215	0.35312
V619	0.29899	0.10704	0.26947	0.3245
V620	0.07599	0.5044	0.29337	0.12624
V621	0.31424	0.18297	0.19162	0.31117
V622	0.29025	0.23751	0.32193	0.15031
V623	0.09026	0.12714	0.16835	0.61425
V624	0.57035	0.19653	0.08114	0.15197
V625	0.21939	0.39037	0.15489	0.23535
V626	0.69705	0.07616	0.07715	0.14964
V627	0.08188	0.09223	0.1286	0.69729
V628	0.0749	0.20803	0.09956	0.6175
V629	0.14699	0.27273	0.24587	0.33441
V630	0.10248	0.31064	0.42894	0.15794
V631	0.08614	0.19709	0.14828	0.5685
V632	0.41753	0.07082	0.16506	0.34659
V633	0.08927	0.12561	0.57183	0.21329
V634	0.31338	0.26193	0.29297	0.13172
V635	0.07827	0.54151	0.09796	0.28226
V636	0.15943	0.17007	0.45317	0.21733
V637	0.24077	0.20397	0.13944	0.41582
V638	0.27942	0.24503	0.12929	0.34626
V639	0.23571	0.36428	0.27793	0.12209
V640	0.11033	0.20138	0.53067	0.15761
V641	0.62875	0.09239	0.0984	0.18046
V642	0.54231	0.18448	0.08028	0.19294
V643	0.08324	0.21305	0.33693	0.36678
V644	0.65349	0.1152	0.08312	0.14819
V645	0.22947	0.35126	0.27692	0.14234
V646	0.06538	0.69505	0.10893	0.13064
V647	0.17558	0.15851	0.49868	0.16723
V648	0.31024	0.35947	0.17702	0.15326
V649	0.10798	0.14498	0.58278	0.16426
V650	0.12541	0.16262	0.53979	0.17218
V651	0.27887	0.09824	0.49424	0.12866
V652	0.13415	0.15464	0.32777	0.38344
V653	0.13883	0.48991	0.15885	0.21241
V654	0.49429	0.2039	0.12482	0.177
V655	0.08733	0.42102	0.10437	0.38728
V656	0.18296	0.24487	0.09331	0.47886
V657	0.09122	0.11713	0.09415	0.69751
V658	0.42464	0.21287	0.12225	0.24024
V659	0.26732	0.15143	0.29456	0.28669
V660	0.07716	0.67757	0.10131	0.14395
V661	0.10283	0.33098	0.1231	0.44309
V662	0.32893	0.10187	0.36229	0.20691
V663	0.22629	0.14742	0.41483	0.21146
V664	0.20924	0.14325	0.48649	0.16101
V665	0.48494	0.19579	0.113	0.20627
V666	0.41352	0.07078	0.14123	0.37447
V667	0.55924	0.12055	0.18901	0.1312
V668	0.13591	0.58637	0.1546	0.12312
V669	0.20521	0.34806	0.24021	0.20653
V670	0.10731	0.64868	0.09967	0.14433
V671	0.28356	0.27306	0.24266	0.20072
V672	0.10416	0.12491	0.62805	0.14289
V673	0.20485	0.3201	0.22583	0.24922
V674	0.50342	0.16809	0.09466	0.23383
V675	0.15594	0.29584	0.27099	0.27723
V676	0.09487	0.14798	0.14867	0.60847
V677	0.28964	0.33581	0.15121	0.22333
V678	0.38259	0.38745	0.09479	0.13518
V679	0.11091	0.2991	0.45953	0.13046
V680	0.24868	0.42718	0.18028	0.14387
V681	0.64135	0.10822	0.08926	0.16117
V682	0.14949	0.28876	0.40971	0.15204
V683	0.06603	0.69523	0.11468	0.12406
V684	0.49701	0.1817	0.1448	0.17649
V685	0.36194	0.30356	0.16718	0.16731
V686	0.12754	0.19451	0.17388	0.50407
V687	0.09229	0.08616	0.10064	0.72091
V688	0.28331	0.40049	0.08592	0.23028
V689	0.21226	0.07655	0.11102	0.60017
V690	0.36394	0.11805	0.33823	0.17978
V691	0.18626	0.10645	0.5825	0.1248
V692	0.13584	0.19369	0.49733	0.17315
V693	0.21122	0.1646	0.2947	0.32948
V694	0.08743	0.10458	0.24506	0.56293
V695	0.21033	0.08477	0.17424	0.53066
V696	0.11774	0.12733	0.0968	0.65813
V697	0.08745	0.10648	0.09469	0.71138
V698	0.57655	0.06968	0.08329	0.27048
V699	0.40333	0.26325	0.12947	0.20395
V700	0.19827	0.09087	0.08861	0.62224
V701	0.13303	0.40159	0.15949	0.3059
V702	0.37768	0.12666	0.08603	0.40962
V703	0.1619	0.13149	0.35819	0.34842
V704	0.57529	0.09931	0.09648	0.22892
V705	0.69103	0.06188	0.08521	0.16187
V706	0.13981	0.13508	0.53861	0.1865
V707	0.09938	0.36863	0.38061	0.15139
V708	0.08514	0.61787	0.11355	0.18344
V709	0.16293	0.26756	0.38855	0.18095
V710	0.42382	0.2124	0.11638	0.24739
V711	0.11691	0.57492	0.15925	0.14892
V712	0.57327	0.10351	0.07999	0.24323
V713	0.31292	0.26942	0.10573	0.31193
V714	0.06873	0.48049	0.1072	0.34358
V715	0.2512	0.30349	0.26828	0.17702
V716	0.09689	0.10107	0.11394	0.6881
V717	0.10683	0.65463	0.10027	0.13827
V718	0.1552	0.43019	0.2016	0.21302
V719	0.0975	0.50778	0.11846	0.27626
V720	0.5099	0.07503	0.22483	0.19024
V721	0.15402	0.2009	0.35311	0.29197
V722	0.12177	0.28051	0.09612	0.50159
V723	0.1329	0.12666	0.09133	0.64911
V724	0.40706	0.09259	0.13243	0.36792
V725	0.08837	0.16958	0.59929	0.14276
V726	0.09274	0.31021	0.16085	0.4362
V727	0.22448	0.48929	0.15562	0.13061
V728	0.08025	0.62924	0.16112	0.12939
V729	0.30467	0.08968	0.17695	0.4287
V730	0.64342	0.08664	0.10928	0.16066
V731	0.09408	0.21686	0.30737	0.38168
V732	0.28058	0.14321	0.28886	0.28735
V733	0.44947	0.19701	0.10597	0.24755
V734	0.22097	0.29105	0.36086	0.12711
V735	0.09506	0.11154	0.35124	0.44216
V736	0.15142	0.08272	0.09239	0.67347
V737	0.26125	0.27351	0.2297	0.23555
V738	0.12661	0.30431	0.34496	0.22413
V739	0.08404	0.10439	0.42537	0.38621
V740	0.59913	0.12596	0.12812	0.14678
V741	0.34695	0.14695	0.15903	0.34706
V742	0.3098	0.46243	0.10014	0.12764
V743	0.16822	0.19401	0.49929	0.13849
V744	0.38844	0.11411	0.28176	0.21569
V745	0.07727	0.50673	0.2058	0.21019
V746	0.71793	0.06138	0.07659	0.14411
V747	0.12386	0.10101	0.49357	0.28156
V748	0.15805	0.16794	0.41979	0.25422
V749	0.22614	0.18881	0.11678	0.46827
V750	0.30496	0.36949	0.10153	0.22403
V751	0.09104	0.61536	0.12408	0.16952
V752	0.33463	0.22792	0.1693	0.26814
V753	0.08796	0.08606	0.09254	0.73344
V754	0.06699	0.65819	0.09929	0.17552
V755	0.163	0.21648	0.27838	0.34214
V756	0.09303	0.08611	0.11362	0.70724
V757	0.26428	0.44817	0.13504	0.1525
V758	0.09485	0.54873	0.17435	0.18207
V759	0.15305	0.13254	0.30891	0.4055
V760	0.24369	0.12576	0.24408	0.38647
V761	0.11206	0.44457	0.25449	0.18888
V762	0.07029	0.30385	0.09703	0.52883
V763	0.2848	0.30118	0.10238	0.31165
V764	0.06701	0.65311	0.10428	0.17559
V765	0.46243	0.12934	0.07414	0.33409
V766	0.08736	0.29546	0.33566	0.28152
V767	0.35551	0.16851	0.23059	0.24539
V768	0.09546	0.64523	0.11537	0.14395
V769	0.14807	0.5965	0.11871	0.13672
V770	0.06538	0.69505	0.10893	0.13064
V771	0.19191	0.11126	0.5644	0.13243
V772	0.17263	0.13122	0.57091	0.12524
V773	0.16044	0.60081	0.10124	0.13751
V774	0.10477	0.11284	0.63939	0.143
V775	0.14553	0.11436	0.24204	0.49807
V776	0.31466	0.3456	0.12215	0.2176
V777	0.17029	0.1574	0.16668	0.50562
V778	0.38119	0.25647	0.13033	0.23201
V779	0.18091	0.12439	0.36664	0.32807
V780	0.13183	0.56366	0.18213	0.12238
V781	0.10335	0.09547	0.10345	0.69773
V782	0.09199	0.18306	0.55363	0.17133
V783	0.549	0.08331	0.11161	0.25609
V784	0.12709	0.63288	0.10892	0.13111
V785	0.08352	0.66161	0.11095	0.14391
V786	0.51007	0.18051	0.13897	0.17045
V787	0.065	0.60847	0.19806	0.12847
V788	0.37162	0.2776	0.1843	0.16649
V789	0.11084	0.29513	0.10591	0.48812
V790	0.32724	0.09644	0.12764	0.44868
V791	0.15512	0.32468	0.28052	0.23968
V792	0.14242	0.40284	0.09207	0.36267
V793	0.13563	0.47686	0.11718	0.27032
V794	0.11883	0.15605	0.54582	0.1793
V795	0.13462	0.10599	0.12129	0.63811
V796	0.10732	0.16114	0.59453	0.13701
V797	0.55543	0.07508	0.22547	0.14402
V798	0.44667	0.26888	0.13675	0.1477
V799	0.14195	0.55741	0.1171	0.18353
V800	0.12445	0.11283	0.3731	0.38961
V801	0.1566	0.16728	0.26989	0.40624
V802	0.10186	0.14016	0.23642	0.52155
V803	0.20534	0.41639	0.25585	0.12242
V804	0.39777	0.09737	0.31832	0.18654
V805	0.10072	0.11357	0.66958	0.11614
V806	0.0897	0.64311	0.11071	0.15647
V807	0.21281	0.17433	0.10648	0.50637
V808	0.47201	0.25264	0.11284	0.16251
V809	0.11708	0.13077	0.63479	0.11735
V810	0.06507	0.70011	0.10383	0.13099
V811	0.3162	0.13328	0.2039	0.34663
V812	0.38702	0.24832	0.11718	0.24748
V813	0.43312	0.20844	0.20479	0.15365
V814	0.32629	0.41904	0.12032	0.13435
V815	0.06222	0.65804	0.15057	0.12916
V816	0.67981	0.06542	0.11846	0.13632
V817	0.10817	0.15447	0.60721	0.13016
V818	0.08123	0.10653	0.10983	0.70241
V819	0.5857	0.12561	0.11595	0.17274
V820	0.14395	0.13702	0.1023	0.61674
V821	0.20404	0.29563	0.31779	0.18254
V822	0.13323	0.12309	0.60604	0.13765
V823	0.10077	0.22526	0.47955	0.19443
V824	0.13457	0.33539	0.4122	0.11784
V825	0.19801	0.27222	0.23573	0.29404
V826	0.32675	0.34563	0.18907	0.13855
V827	0.28982	0.45681	0.09994	0.15342
V828	0.19474	0.18668	0.15078	0.4678
V829	0.09562	0.2234	0.11328	0.56769
V830	0.19193	0.21932	0.10273	0.48602
V831	0.53724	0.1304	0.10464	0.22773
V832	0.22307	0.33445	0.19295	0.24953
V833	0.15616	0.39502	0.20098	0.24784
V834	0.2338	0.12976	0.13047	0.50597
V835	0.27521	0.3652	0.1659	0.19369
V836	0.06794	0.4842	0.097	0.35086
V837	0.19562	0.32255	0.20289	0.27893
V838	0.66807	0.09115	0.09874	0.14204
V839	0.24702	0.46252	0.15916	0.1313
V840	0.24071	0.5356	0.09786	0.12584
V841	0.09037	0.13527	0.61105	0.16331
V842	0.27635	0.19621	0.23931	0.28812
V843	0.10296	0.12154	0.59712	0.17839
V844	0.14547	0.15113	0.29816	0.40524
V845	0.13038	0.17498	0.52184	0.1728
V846	0.087	0.10976	0.52339	0.27985
V847	0.0835	0.08137	0.09783	0.7373
V848	0.12154	0.39201	0.19535	0.29109
V849	0.06063	0.67819	0.10601	0.15517
V850	0.70259	0.06133	0.08626	0.14982
V851	0.26802	0.42031	0.18587	0.12581
V852	0.13655	0.11454	0.16134	0.58756
V853	0.21966	0.23943	0.32119	0.21972
V854	0.41983	0.19134	0.14862	0.24021
V855	0.0835	0.08137	0.09783	0.7373
V856	0.10265	0.31078	0.28976	0.29681
V857	0.47024	0.1896	0.10686	0.2333
V858	0.42643	0.09096	0.3501	0.1325
V859	0.46263	0.22922	0.09565	0.2125
V860	0.17419	0.15159	0.11949	0.55473
V861	0.13482	0.32204	0.41244	0.1307
V862	0.16935	0.15977	0.51118	0.15971
V863	0.17947	0.11359	0.08439	0.62255
V864	0.11339	0.10143	0.11698	0.66821
V865	0.14521	0.09134	0.2345	0.52894
V866	0.53093	0.08878	0.23781	0.14248
V867	0.53076	0.09441	0.23858	0.13626
V868	0.37039	0.26214	0.17159	0.19589
V869	0.07196	0.68981	0.10726	0.13097
V870	0.12853	0.28145	0.10113	0.48888
V871	0.06063	0.67819	0.10601	0.15517
V872	0.08749	0.09815	0.2229	0.59145
V873	0.63112	0.08739	0.11475	0.16675
V874	0.17991	0.57723	0.11779	0.12507
V875	0.0868	0.20477	0.20005	0.50839
V876	0.1713	0.30229	0.32946	0.19694
V877	0.10097	0.33337	0.26119	0.30448
V878	0.14136	0.59221	0.14284	0.12359
V879	0.17624	0.5069	0.12541	0.19145
V880	0.24251	0.42159	0.09268	0.24323
V881	0.17212	0.12935	0.43014	0.26839
V882	0.56871	0.07009	0.16197	0.19924
V883	0.25311	0.2243	0.40123	0.12136
V884	0.08339	0.23943	0.08734	0.58984
V885	0.51472	0.21412	0.14045	0.1307
V886	0.08697	0.3251	0.35771	0.23022
V887	0.45179	0.12051	0.18109	0.24661
V888	0.15194	0.13301	0.52067	0.19438
V889	0.65464	0.09621	0.09436	0.15479
V890	0.10553	0.19584	0.43879	0.25984
V891	0.45865	0.11575	0.25773	0.16786
V892	0.2238	0.19234	0.09046	0.4934
V893	0.41585	0.22001	0.18263	0.18151
V894	0.12407	0.29698	0.42775	0.15121
V895	0.42521	0.12476	0.20407	0.24595
V896	0.08365	0.66682	0.10578	0.14375
V897	0.4895	0.24158	0.08548	0.18345
V898	0.33113	0.07036	0.08277	0.51574
V899	0.09111	0.20009	0.16888	0.53992
V900	0.12245	0.27898	0.29328	0.30529
V901	0.08449	0.58972	0.10026	0.22552
V902	0.091	0.6461	0.13298	0.12993
V903	0.08041	0.36264	0.39941	0.15753
V904	0.0713	0.69421	0.10358	0.1309
V905	0.16042	0.08104	0.18692	0.57161
V906	0.29509	0.141	0.1475	0.41641
V907	0.31967	0.40426	0.10245	0.17362
V908	0.08606	0.10818	0.1272	0.67856
V909	0.13995	0.58001	0.09572	0.18432
V910	0.16464	0.08013	0.15422	0.601
V911	0.37136	0.33062	0.10933	0.18869
V912	0.29054	0.29056	0.16581	0.25308
V913	0.13507	0.07864	0.09344	0.69285
V914	0.17927	0.39824	0.26758	0.1549
V915	0.1914	0.0761	0.08956	0.64294
V916	0.23566	0.13529	0.46707	0.16198
V917	0.50722	0.0959	0.18486	0.21203
V918	0.09785	0.47277	0.23255	0.19683
V919	0.18756	0.24006	0.25784	0.31454
V920	0.43468	0.21021	0.14361	0.2115
V921	0.09266	0.1734	0.10893	0.625
V922	0.13629	0.38294	0.32116	0.15961
V923	0.11991	0.09018	0.11185	0.67806
V924	0.09219	0.50327	0.25816	0.14638
V925	0.16803	0.09846	0.09436	0.63915
V926	0.18056	0.09234	0.10422	0.62288
V927	0.09177	0.1015	0.11856	0.68817
V928	0.09026	0.62955	0.10356	0.17663
V929	0.10088	0.46969	0.17512	0.25431
V930	0.36376	0.31572	0.10884	0.21168
V931	0.16226	0.27473	0.38217	0.18084
V932	0.10632	0.1742	0.42998	0.28951
V933	0.43362	0.33095	0.09328	0.14216
V934	0.08341	0.18367	0.2387	0.49423
V935	0.40522	0.19191	0.21478	0.18808
V936	0.36826	0.25288	0.09487	0.28399
V937	0.38032	0.16395	0.13618	0.31956
V938	0.29151	0.11993	0.26381	0.32475
V939	0.52582	0.08605	0.12578	0.26235
V940	0.08247	0.56998	0.19265	0.1549
V941	0.0949	0.1131	0.66937	0.12263
V942	0.52165	0.19697	0.13088	0.1505
V943	0.31172	0.1795	0.33688	0.1719
V944	0.08383	0.2392	0.12721	0.54976
V945	0.39838	0.30649	0.09082	0.2043
V946	0.34031	0.25648	0.24295	0.16027
V947	0.12639	0.11827	0.21506	0.54028
V948	0.29071	0.11526	0.45213	0.14191
V949	0.078	0.15463	0.19987	0.56751
V950	0.10398	0.40864	0.21842	0.26897
V951	0.59715	0.08193	0.18182	0.1391
V952	0.11895	0.1712	0.23276	0.47709
V953	0.1032	0.14178	0.61207	0.14295
V954	0.0973	0.19428	0.16839	0.54002
V955	0.13609	0.44109	0.11002	0.3128
V956	0.10595	0.11331	0.37168	0.40905
V957	0.25253	0.08421	0.08123	0.58203
V958	0.08793	0.08086	0.0938	0.7374
V959	0.2138	0.26268	0.34057	0.18295
V960	0.20007	0.2489	0.13651	0.41452
V961	0.15521	0.33266	0.29378	0.21835
V962	0.29038	0.20443	0.32002	0.18517
V963	0.42411	0.19414	0.18532	0.19643
V964	0.59511	0.0916	0.14743	0.16585
V965	0.10369	0.38595	0.20539	0.30497
V966	0.69675	0.07094	0.08255	0.14975
V967	0.11739	0.12718	0.38029	0.37514
V968	0.08326	0.2027	0.54282	0.17122
V969	0.07724	0.24881	0.11302	0.56093
V970	0.10164	0.17358	0.32145	0.40333
V971	0.37391	0.14793	0.28399	0.19417
V972	0.35694	0.20791	0.11518	0.31997
V973	0.21965	0.33829	0.14005	0.30201
V974	0.0697	0.56092	0.18003	0.18935
V975	0.1442	0.28497	0.44665	0.12418
V976	0.31878	0.24067	0.15782	0.28274
V977	0.26509	0.31867	0.28722	0.12902
V978	0.11135	0.13474	0.12732	0.62659
V979	0.57955	0.08454	0.19754	0.13837
V980	0.71793	0.06138	0.07659	0.14411
V981	0.27784	0.11348	0.33666	0.27202
V982	0.32318	0.33395	0.13964	0.20324
V983	0.48457	0.11061	0.07784	0.32698
V984	0.07558	0.59859	0.17092	0.15491
V985	0.11369	0.19035	0.09216	0.6038
V986	0.25209	0.40701	0.12554	0.21536
V987	0.20539	0.55449	0.09457	0.14554
V988	0.18593	0.08603	0.09479	0.63324
V989	0.32912	0.38202	0.14195	0.14691
V990	0.08778	0.13648	0.5471	0.22864
V991	0.46732	0.30824	0.0819	0.14254
V992	0.20243	0.09792	0.38515	0.31451
V993	0.10906	0.52872	0.20161	0.1606
V994	0.1739	0.57092	0.11773	0.13745
V995	0.5109	0.1437	0.10386	0.24153
V996	0.21866	0.1544	0.0911	0.53584
V997	0.10217	0.11213	0.57187	0.21383
V998	0.61818	0.07628	0.1256	0.17994
V999	0.1328	0.63692	0.09896	0.13133
V1000	0.24039	0.08928	0.08243	0.5879
