CD19B	CD56NK	CD4MemoryT	CD14
V1	0.34058	0.08181	0.23964	0.33796
V2	0.13161	0.12134	0.17674	0.57031
V3	0.08008	0.38048	0.18776	0.35168
V4	0.52626	0.1175	0.16418	0.19206
V5	0.11653	0.32559	0.30115	0.25673
V6	0.08797	0.51424	0.21663	0.18116
V7	0.12856	0.25564	0.20994	0.40586
V8	0.15642	0.12755	0.54688	0.16915
V9	0.17224	0.19285	0.17997	0.45494
V10	0.10186	0.1356	0.58437	0.17817
V11	0.17599	0.27976	0.38536	0.15889
V12	0.07942	0.39119	0.36472	0.16468
V13	0.18583	0.43309	0.19946	0.18163
V14	0.08139	0.53733	0.20993	0.17135
V15	0.11486	0.38024	0.24528	0.25962
V16	0.54918	0.07975	0.1726	0.19846
V17	0.0929	0.51418	0.21138	0.18154
V18	0.35024	0.25232	0.20295	0.19449
V19	0.12989	0.48982	0.20452	0.17577
V20	0.13425	0.30191	0.18609	0.37775
V21	0.15434	0.14568	0.53049	0.16949
V22	0.0778	0.13387	0.24453	0.5438
V23	0.27498	0.12507	0.44137	0.15858
V24	0.57467	0.07098	0.17708	0.17728
V25	0.22677	0.20176	0.22985	0.34162
V26	0.24755	0.26971	0.18653	0.29622
V27	0.11053	0.10174	0.15723	0.6305
V28	0.09496	0.14486	0.61492	0.14526
V29	0.30255	0.1144	0.40541	0.17764
V30	0.11698	0.19892	0.2884	0.39569
V31	0.1663	0.18896	0.30243	0.34231
V32	0.1023	0.09129	0.15922	0.64719
V33	0.08811	0.34465	0.34987	0.21736
V34	0.15534	0.13634	0.539	0.16931
V35	0.13318	0.44222	0.24024	0.18436
V36	0.08074	0.12403	0.36693	0.4283
V37	0.33074	0.11045	0.20757	0.35123
V38	0.27318	0.08166	0.23685	0.40831
V39	0.13731	0.36466	0.25065	0.24737
V40	0.10136	0.49234	0.24371	0.16258
V41	0.05513	0.41026	0.20967	0.32495
V42	0.17441	0.103	0.24963	0.47295
V43	0.14014	0.27357	0.41297	0.17332
V44	0.0933	0.15442	0.50187	0.25042
V45	0.10814	0.38205	0.29491	0.2149
V46	0.48935	0.10719	0.22829	0.17516
V47	0.29376	0.1891	0.32457	0.19257
V48	0.48792	0.15109	0.17157	0.18942
V49	0.44193	0.16183	0.16813	0.22812
V50	0.08568	0.49817	0.24791	0.16823
V51	0.21841	0.29372	0.3069	0.18097
V52	0.10364	0.17479	0.55432	0.16725
V53	0.44995	0.13652	0.24603	0.1675
V54	0.2841	0.19244	0.34945	0.17401
V55	0.16997	0.15526	0.27062	0.40416
V56	0.09012	0.09062	0.18199	0.63728
V57	0.09855	0.50961	0.216	0.17584
V58	0.38308	0.0688	0.17618	0.37194
V59	0.27529	0.28965	0.23775	0.19732
V60	0.13585	0.17136	0.30965	0.38314
V61	0.48336	0.11552	0.17098	0.23014
V62	0.53567	0.081	0.19832	0.18501
V63	0.06241	0.49616	0.26337	0.17806
V64	0.051	0.50282	0.19693	0.24925
V65	0.07691	0.08764	0.1864	0.64904
V66	0.15835	0.42733	0.20544	0.20889
V67	0.15168	0.26806	0.41796	0.16229
V68	0.13516	0.14824	0.16596	0.55063
V69	0.08949	0.26723	0.46199	0.18128
V70	0.33597	0.15992	0.25961	0.2445
V71	0.15447	0.1319	0.33097	0.38266
V72	0.35009	0.15766	0.2149	0.27735
V73	0.13199	0.39117	0.26006	0.21678
V74	0.11299	0.22541	0.51443	0.14716
V75	0.43657	0.0755	0.25852	0.22941
V76	0.06608	0.17023	0.24043	0.52326
V77	0.07855	0.21555	0.16285	0.54305
V78	0.21293	0.1448	0.24752	0.39476
V79	0.09161	0.16793	0.53811	0.20236
V80	0.25704	0.1143	0.41856	0.2101
V81	0.1164	0.19754	0.53439	0.15168
V82	0.09357	0.15817	0.59772	0.15054
V83	0.1259	0.16753	0.19377	0.51279
V84	0.25725	0.10648	0.23466	0.40161
V85	0.12396	0.25648	0.36121	0.25836
V86	0.11535	0.14681	0.56536	0.17248
V87	0.06933	0.49406	0.22896	0.20765
V88	0.14977	0.12218	0.27949	0.44856
V89	0.08004	0.09903	0.23726	0.58367
V90	0.06394	0.52555	0.23569	0.17482
V91	0.07473	0.45484	0.28908	0.18136
V92	0.30421	0.10528	0.3461	0.24441
V93	0.5356	0.06367	0.15607	0.24466
V94	0.06459	0.29556	0.1797	0.46015
V95	0.18552	0.30121	0.25961	0.25366
V96	0.0989	0.12519	0.16349	0.61242
V97	0.42441	0.13208	0.27375	0.16976
V98	0.42413	0.22114	0.17458	0.18016
V99	0.49068	0.09439	0.24018	0.17475
V100	0.13103	0.13726	0.56948	0.16223
V101	0.07728	0.09193	0.14822	0.68258
V102	0.56381	0.08336	0.16505	0.18778
V103	0.07606	0.10452	0.18767	0.63175
V104	0.063	0.55298	0.21237	0.17165
V105	0.07697	0.53733	0.21463	0.17107
V106	0.1247	0.35234	0.34032	0.18264
V107	0.17221	0.20894	0.43435	0.18449
V108	0.12782	0.46139	0.24893	0.16185
V109	0.08589	0.18941	0.43431	0.29039
V110	0.07821	0.51505	0.22591	0.18083
V111	0.5611	0.06251	0.19618	0.18022
V112	0.14047	0.132	0.35361	0.37393
V113	0.15639	0.14078	0.24009	0.46274
V114	0.17989	0.10357	0.19207	0.52447
V115	0.06261	0.46582	0.30759	0.16398
V116	0.1394	0.25258	0.34781	0.26021
V117	0.41063	0.20041	0.19289	0.19607
V118	0.13259	0.36592	0.20282	0.29868
V119	0.11788	0.11647	0.17628	0.58936
V120	0.13036	0.15518	0.55758	0.15688
V121	0.36164	0.14195	0.21288	0.28353
V122	0.58404	0.05954	0.1673	0.18913
V123	0.05778	0.32908	0.1985	0.41464
V124	0.40092	0.21748	0.17312	0.20848
V125	0.25544	0.29673	0.27026	0.17757
V126	0.0828	0.15119	0.17866	0.58734
V127	0.14957	0.11736	0.27349	0.45958
V128	0.08505	0.0925	0.19513	0.62732
V129	0.35794	0.19791	0.25897	0.18518
V130	0.06724	0.42277	0.34853	0.16147
V131	0.06104	0.52351	0.20016	0.2153
V132	0.57032	0.06087	0.17581	0.193
V133	0.556	0.06975	0.18826	0.18599
V134	0.11491	0.27613	0.23493	0.37403
V135	0.10773	0.09982	0.23161	0.56085
V136	0.17459	0.27348	0.17885	0.37309
V137	0.40375	0.10166	0.28508	0.2095
V138	0.16366	0.28816	0.26455	0.28362
V139	0.2352	0.19099	0.26425	0.30957
V140	0.08228	0.12305	0.17494	0.61974
V141	0.11129	0.1856	0.41068	0.29243
V142	0.49296	0.07408	0.26448	0.16848
V143	0.26964	0.21073	0.20624	0.3134
V144	0.14501	0.16512	0.23963	0.45024
V145	0.05735	0.47034	0.30831	0.164
V146	0.0945	0.08754	0.15923	0.65873
V147	0.55423	0.07043	0.17122	0.20412
V148	0.1458	0.14914	0.42548	0.27959
V149	0.1926	0.34794	0.29492	0.16453
V150	0.12299	0.2305	0.44616	0.20034
V151	0.15378	0.39331	0.20814	0.24477
V152	0.1765	0.31333	0.28796	0.22221
V153	0.10322	0.45285	0.2057	0.23823
V154	0.18311	0.32267	0.31434	0.17988
V155	0.30366	0.16651	0.30666	0.22317
V156	0.10138	0.18597	0.48522	0.22743
V157	0.2182	0.17579	0.31233	0.29368
V158	0.0781	0.0849	0.155	0.682
V159	0.53711	0.09215	0.16095	0.20978
V160	0.41545	0.07055	0.19068	0.32332
V161	0.16339	0.0829	0.16375	0.58996
V162	0.09345	0.23038	0.2039	0.47227
V163	0.1074	0.32963	0.2627	0.30027
V164	0.2247	0.2376	0.2262	0.3115
V165	0.06463	0.20457	0.1576	0.57319
V166	0.07268	0.12918	0.18369	0.61445
V167	0.22898	0.0728	0.15106	0.54716
V168	0.19663	0.36933	0.23233	0.20171
V169	0.15314	0.1056	0.17049	0.57077
V170	0.13319	0.11876	0.39491	0.35314
V171	0.14452	0.23199	0.44637	0.17712
V172	0.44979	0.08177	0.29755	0.17089
V173	0.07824	0.15078	0.17425	0.59672
V174	0.07235	0.1635	0.19239	0.57177
V175	0.12192	0.12691	0.52492	0.22624
V176	0.05928	0.48998	0.28423	0.16651
V177	0.05291	0.56242	0.20757	0.1771
V178	0.05197	0.45886	0.19258	0.29659
V179	0.1561	0.10284	0.3306	0.41046
V180	0.06524	0.52526	0.24495	0.16455
V181	0.15954	0.17601	0.41456	0.24989
V182	0.22592	0.19398	0.38639	0.1937
V183	0.1401	0.48429	0.20487	0.17074
V184	0.60189	0.0546	0.16371	0.1798
V185	0.35266	0.28423	0.18966	0.17346
V186	0.12133	0.33331	0.30699	0.23837
V187	0.57943	0.0618	0.17602	0.18275
V188	0.08875	0.18958	0.15714	0.56453
V189	0.48694	0.0733	0.16835	0.27141
V190	0.41727	0.09125	0.32316	0.16832
V191	0.17153	0.21434	0.43591	0.17822
V192	0.20327	0.31166	0.20952	0.27554
V193	0.37457	0.10149	0.27966	0.24428
V194	0.06747	0.54139	0.20932	0.18182
V195	0.09918	0.14401	0.60572	0.15109
V196	0.07491	0.11233	0.154	0.65876
V197	0.25849	0.1002	0.16731	0.474
V198	0.09885	0.35036	0.35766	0.19313
V199	0.14596	0.10306	0.23496	0.51601
V200	0.11632	0.35743	0.19117	0.33508
V201	0.10743	0.36524	0.27591	0.25143
V202	0.09455	0.13146	0.51821	0.25578
V203	0.14972	0.31455	0.36469	0.17104
V204	0.05641	0.33819	0.17817	0.42724
V205	0.10243	0.15478	0.58672	0.15608
V206	0.11502	0.17158	0.56258	0.15082
V207	0.12489	0.175	0.18698	0.51314
V208	0.21087	0.14699	0.48127	0.16087
V209	0.20423	0.31371	0.21968	0.26239
V210	0.09564	0.46266	0.24619	0.19551
V211	0.26469	0.08232	0.16844	0.48455
V212	0.33561	0.11828	0.37188	0.17423
V213	0.3847	0.09123	0.21514	0.30893
V214	0.22368	0.16813	0.2431	0.36508
V215	0.19856	0.12598	0.1643	0.51116
V216	0.08575	0.08393	0.1553	0.67502
V217	0.08316	0.33429	0.29051	0.29204
V218	0.10937	0.3066	0.25906	0.32498
V219	0.10502	0.39326	0.1914	0.31032
V220	0.05063	0.48938	0.19889	0.2611
V221	0.4844	0.06204	0.15768	0.29589
V222	0.22592	0.16905	0.3372	0.26782
V223	0.08871	0.19158	0.52265	0.19706
V224	0.59325	0.05605	0.17202	0.17867
V225	0.07857	0.51538	0.23666	0.16939
V226	0.23586	0.15322	0.44807	0.16285
V227	0.48624	0.07439	0.25985	0.17952
V228	0.46368	0.10333	0.19893	0.23406
V229	0.10324	0.14154	0.59382	0.1614
V230	0.07652	0.09287	0.15566	0.67495
V231	0.0709	0.22209	0.21389	0.49312
V232	0.0737	0.39989	0.18045	0.34596
V233	0.34908	0.13035	0.26405	0.25652
V234	0.06735	0.53356	0.22321	0.17589
V235	0.26734	0.13904	0.41831	0.17532
V236	0.11279	0.15545	0.53467	0.19708
V237	0.13881	0.08401	0.16421	0.61297
V238	0.12751	0.36887	0.31381	0.18981
V239	0.0896	0.27498	0.17838	0.45704
V240	0.32245	0.11839	0.36735	0.19181
V241	0.10083	0.13493	0.57506	0.18917
V242	0.11639	0.46214	0.2486	0.17286
V243	0.20487	0.13481	0.45937	0.20095
V244	0.19005	0.11872	0.4855	0.20573
V245	0.36387	0.22508	0.20481	0.20624
V246	0.11525	0.19559	0.52587	0.16328
V247	0.17373	0.13192	0.54725	0.14711
V248	0.08053	0.09789	0.16741	0.65418
V249	0.09005	0.14954	0.57142	0.189
V250	0.47658	0.07691	0.27368	0.17283
V251	0.57436	0.07769	0.16498	0.18297
V252	0.05869	0.50262	0.27672	0.16197
V253	0.23918	0.12197	0.23745	0.40141
V254	0.05444	0.5427	0.23278	0.17007
V255	0.07158	0.53197	0.20322	0.19323
V256	0.16327	0.2153	0.41231	0.20912
V257	0.27307	0.14171	0.27536	0.30986
V258	0.15831	0.23523	0.37153	0.23494
V259	0.09539	0.26197	0.46705	0.17559
V260	0.08071	0.25985	0.50683	0.15261
V261	0.37852	0.09819	0.25988	0.26341
V262	0.10999	0.10607	0.1577	0.62624
V263	0.05774	0.55273	0.20681	0.18272
V264	0.15625	0.12081	0.35401	0.36893
V265	0.08616	0.0889	0.2069	0.61805
V266	0.39988	0.25106	0.18116	0.16791
V267	0.06724	0.18439	0.28783	0.46055
V268	0.25061	0.09488	0.22337	0.43114
V269	0.06807	0.37819	0.36706	0.18668
V270	0.39874	0.09564	0.28454	0.22108
V271	0.47815	0.09962	0.18135	0.24087
V272	0.07708	0.48634	0.20478	0.2318
V273	0.09387	0.09278	0.16258	0.65076
V274	0.43003	0.07557	0.25255	0.24185
V275	0.09497	0.14489	0.60923	0.15091
V276	0.30609	0.24435	0.18296	0.26661
V277	0.08348	0.19	0.23432	0.4922
V278	0.08965	0.12688	0.28362	0.49985
V279	0.41633	0.10511	0.21796	0.2606
V280	0.0781	0.0849	0.155	0.682
V281	0.33337	0.09381	0.22902	0.34379
V282	0.11846	0.15676	0.53955	0.18523
V283	0.15496	0.37002	0.21964	0.25538
V284	0.06422	0.52918	0.23679	0.16982
V285	0.12813	0.13555	0.59055	0.14578
V286	0.1753	0.35627	0.24411	0.22432
V287	0.09801	0.50974	0.2109	0.18135
V288	0.07771	0.24085	0.36271	0.31874
V289	0.21167	0.21186	0.37024	0.20624
V290	0.50426	0.14639	0.17564	0.17371
V291	0.32271	0.13467	0.37464	0.16798
V292	0.56759	0.05801	0.15736	0.21703
V293	0.23317	0.12099	0.467	0.17884
V294	0.09922	0.25702	0.16299	0.48077
V295	0.07482	0.17686	0.24636	0.50196
V296	0.16886	0.17333	0.45119	0.20663
V297	0.10365	0.08574	0.17777	0.63285
V298	0.22997	0.163	0.44448	0.16255
V299	0.09173	0.21264	0.16668	0.52895
V300	0.07105	0.10925	0.25171	0.56799
V301	0.14286	0.17187	0.46159	0.22367
V302	0.39937	0.24516	0.17585	0.17962
V303	0.06344	0.39644	0.36409	0.17604
V304	0.11485	0.13374	0.50026	0.25115
V305	0.13444	0.18384	0.37416	0.30756
V306	0.48607	0.11527	0.19299	0.20567
V307	0.05838	0.54992	0.21515	0.17655
V308	0.17575	0.2114	0.30695	0.3059
V309	0.2157	0.23299	0.18372	0.36759
V310	0.10013	0.23999	0.23919	0.42069
V311	0.32078	0.31822	0.188	0.173
V312	0.10335	0.45172	0.26838	0.17656
V313	0.06839	0.13039	0.15903	0.64219
V314	0.06591	0.31494	0.22853	0.39061
V315	0.11096	0.38636	0.20483	0.29784
V316	0.22208	0.17022	0.34652	0.26118
V317	0.09439	0.42477	0.21412	0.26672
V318	0.07169	0.34554	0.18343	0.39933
V319	0.11956	0.15556	0.55761	0.16728
V320	0.1203	0.18732	0.46329	0.22909
V321	0.39367	0.25635	0.1819	0.16809
V322	0.14979	0.23866	0.20493	0.40662
V323	0.09485	0.09494	0.18642	0.6238
V324	0.40046	0.20372	0.21244	0.18338
V325	0.20516	0.40204	0.22384	0.16896
V326	0.05335	0.35519	0.22514	0.36631
V327	0.07373	0.156	0.20387	0.5664
V328	0.10951	0.13383	0.49982	0.25684
V329	0.14615	0.1444	0.23638	0.47307
V330	0.26066	0.09774	0.31554	0.32606
V331	0.22147	0.12217	0.17795	0.47841
V332	0.07307	0.11529	0.23248	0.57916
V333	0.28132	0.13681	0.35045	0.23142
V334	0.24566	0.09989	0.32401	0.33045
V335	0.08559	0.27498	0.40803	0.2314
V336	0.13603	0.42748	0.20402	0.23247
V337	0.20283	0.29596	0.32115	0.18006
V338	0.04918	0.56684	0.21266	0.17133
V339	0.15319	0.13122	0.56416	0.15143
V340	0.10322	0.22032	0.40886	0.26761
V341	0.08036	0.09873	0.17555	0.64536
V342	0.20459	0.11334	0.44493	0.23714
V343	0.58844	0.06373	0.16387	0.18396
V344	0.41725	0.15489	0.26304	0.16482
V345	0.0991	0.14462	0.61099	0.14529
V346	0.17854	0.15228	0.28939	0.37979
V347	0.09013	0.09223	0.2032	0.61444
V348	0.08238	0.40685	0.2588	0.25196
V349	0.23956	0.18411	0.35078	0.22555
V350	0.06937	0.4849	0.28463	0.1611
V351	0.08337	0.11792	0.32954	0.46917
V352	0.1147	0.13517	0.55403	0.1961
V353	0.5284	0.07229	0.17954	0.21976
V354	0.08164	0.43287	0.29982	0.18567
V355	0.2086	0.14298	0.37699	0.27143
V356	0.08499	0.09632	0.19114	0.62754
V357	0.12047	0.25701	0.29957	0.32295
V358	0.32134	0.12761	0.18684	0.36422
V359	0.33686	0.09951	0.1745	0.38913
V360	0.33464	0.29225	0.19462	0.17849
V361	0.07173	0.33358	0.43907	0.15561
V362	0.04898	0.56189	0.21794	0.17119
V363	0.15669	0.16471	0.37732	0.30128
V364	0.1604	0.14905	0.47905	0.2115
V365	0.18312	0.08958	0.15556	0.57174
V366	0.09042	0.41774	0.23199	0.25985
V367	0.33607	0.14204	0.16224	0.35964
V368	0.09645	0.44289	0.23648	0.22418
V369	0.08419	0.31008	0.45129	0.15444
V370	0.21757	0.23768	0.36755	0.1772
V371	0.14156	0.43772	0.21212	0.2086
V372	0.13894	0.11405	0.20854	0.53847
V373	0.11316	0.17547	0.37437	0.337
V374	0.48067	0.08099	0.27047	0.16787
V375	0.08827	0.10706	0.21412	0.59054
V376	0.08541	0.09975	0.19116	0.62367
V377	0.46726	0.05958	0.16015	0.31301
V378	0.07897	0.11931	0.33331	0.4684
V379	0.21459	0.17526	0.16465	0.4455
V380	0.13733	0.12733	0.2475	0.48785
V381	0.43622	0.07712	0.20652	0.28014
V382	0.13226	0.14116	0.57515	0.15142
V383	0.49515	0.06652	0.18523	0.2531
V384	0.33234	0.11945	0.22804	0.32017
V385	0.5152	0.07192	0.20084	0.21204
V386	0.2056	0.09263	0.22103	0.48075
V387	0.35479	0.15948	0.26513	0.2206
V388	0.23672	0.25121	0.25096	0.2611
V389	0.25692	0.33959	0.19285	0.21063
V390	0.21897	0.23196	0.39047	0.15861
V391	0.25331	0.12867	0.16663	0.45139
V392	0.26296	0.19789	0.25335	0.2858
V393	0.20185	0.21519	0.3338	0.24916
V394	0.10538	0.1957	0.21474	0.48418
V395	0.16451	0.28433	0.27401	0.27715
V396	0.05333	0.5539	0.21037	0.1824
V397	0.46605	0.11712	0.21912	0.19771
V398	0.27096	0.15087	0.20956	0.36861
V399	0.14924	0.35995	0.26172	0.22909
V400	0.0516	0.36335	0.21182	0.37324
V401	0.10211	0.19908	0.50108	0.19773
V402	0.48374	0.15422	0.19019	0.17184
V403	0.08079	0.0956	0.17859	0.64502
V404	0.12401	0.21104	0.45284	0.21211
V405	0.1671	0.10547	0.23169	0.49574
V406	0.37992	0.199	0.18317	0.23791
V407	0.04918	0.56684	0.21266	0.17133
V408	0.11486	0.2223	0.34832	0.31451
V409	0.07318	0.08898	0.15568	0.68216
V410	0.0934	0.5059	0.21974	0.18096
V411	0.26735	0.07354	0.14783	0.51128
V412	0.1529	0.14724	0.38758	0.31227
V413	0.08801	0.3233	0.26478	0.32391
V414	0.08144	0.34667	0.33656	0.23532
V415	0.27935	0.10546	0.26885	0.34634
V416	0.09777	0.16706	0.59013	0.14504
V417	0.24343	0.39036	0.19488	0.17133
V418	0.09985	0.13938	0.21913	0.54164
V419	0.07717	0.08514	0.15931	0.67838
V420	0.04656	0.52011	0.20695	0.22638
V421	0.16067	0.13818	0.47712	0.22403
V422	0.0883	0.10635	0.15402	0.65133
V423	0.13103	0.13726	0.56948	0.16223
V424	0.07881	0.1406	0.43788	0.34271
V425	0.10565	0.23087	0.44486	0.21863
V426	0.13347	0.14565	0.52935	0.19153
V427	0.09551	0.28227	0.26232	0.3599
V428	0.09409	0.46084	0.22605	0.21902
V429	0.07674	0.08548	0.1633	0.67448
V430	0.44408	0.15444	0.17973	0.22175
V431	0.1637	0.11695	0.36344	0.3559
V432	0.11254	0.12545	0.17705	0.58495
V433	0.07673	0.43939	0.1861	0.29777
V434	0.21618	0.11858	0.18173	0.48351
V435	0.30709	0.08553	0.21529	0.39209
V436	0.24224	0.08881	0.20838	0.46057
V437	0.16483	0.18961	0.16186	0.48371
V438	0.3571	0.15608	0.18249	0.30433
V439	0.08218	0.12447	0.15509	0.63827
V440	0.28907	0.09344	0.17178	0.44571
V441	0.1127	0.17903	0.43558	0.27269
V442	0.20889	0.25596	0.24384	0.29132
V443	0.44179	0.07212	0.20578	0.28031
V444	0.0991	0.14462	0.61099	0.14529
V445	0.38368	0.09972	0.33309	0.18351
V446	0.06913	0.48976	0.22816	0.21295
V447	0.3787	0.13171	0.2564	0.2332
V448	0.07798	0.12543	0.23724	0.55935
V449	0.34735	0.11272	0.30998	0.22995
V450	0.12022	0.5041	0.21059	0.1651
V451	0.56321	0.08271	0.16022	0.19386
V452	0.08552	0.09047	0.17846	0.64555
V453	0.4811	0.10745	0.20025	0.2112
V454	0.0496	0.54341	0.23159	0.1754
V455	0.37088	0.10696	0.31527	0.20689
V456	0.2277	0.16516	0.3459	0.26124
V457	0.07279	0.09258	0.15215	0.68248
V458	0.18082	0.18941	0.16229	0.46748
V459	0.05988	0.47353	0.24345	0.22314
V460	0.57466	0.06128	0.17621	0.18785
V461	0.09377	0.09474	0.1523	0.65919
V462	0.21862	0.19863	0.15922	0.42354
V463	0.17905	0.32267	0.2626	0.23568
V464	0.2996	0.12376	0.15817	0.41847
V465	0.24782	0.29265	0.19407	0.26546
V466	0.34256	0.16815	0.16603	0.32326
V467	0.20791	0.36907	0.23258	0.19043
V468	0.30223	0.28219	0.2104	0.20519
V469	0.07691	0.18447	0.28841	0.45022
V470	0.33018	0.15023	0.25776	0.26183
V471	0.18423	0.13274	0.17276	0.51027
V472	0.20715	0.24068	0.16512	0.38704
V473	0.11374	0.37005	0.34534	0.17086
V474	0.12086	0.08548	0.19643	0.59723
V475	0.1439	0.27704	0.21427	0.36479
V476	0.13843	0.09092	0.17693	0.59373
V477	0.36178	0.10459	0.26469	0.26895
V478	0.11498	0.36551	0.18377	0.33573
V479	0.09681	0.16648	0.53401	0.2027
V480	0.09769	0.23195	0.18532	0.48504
V481	0.16288	0.13292	0.54663	0.15757
V482	0.41601	0.16002	0.22953	0.19444
V483	0.12256	0.13852	0.18963	0.54929
V484	0.07893	0.11252	0.16222	0.64633
V485	0.10898	0.44285	0.19787	0.2503
V486	0.18682	0.21734	0.23084	0.36501
V487	0.10095	0.10667	0.19008	0.6023
V488	0.08978	0.13315	0.56458	0.21249
V489	0.18829	0.16787	0.48392	0.15991
V490	0.21742	0.23833	0.20844	0.33581
V491	0.27051	0.31452	0.20377	0.21121
V492	0.0675	0.49589	0.26947	0.16714
V493	0.07791	0.08411	0.14838	0.6896
V494	0.16892	0.1896	0.40847	0.233
V495	0.16555	0.39466	0.2629	0.17688
V496	0.186	0.42349	0.192	0.19851
V497	0.09959	0.13961	0.60983	0.15097
V498	0.20552	0.13392	0.18251	0.47804
V499	0.37233	0.21556	0.24308	0.16902
V500	0.13474	0.1832	0.50675	0.17531
V501	0.07304	0.08589	0.1629	0.67817
V502	0.33258	0.22562	0.25724	0.18456
V503	0.1578	0.1416	0.25015	0.45046
V504	0.1634	0.42598	0.20111	0.20951
V505	0.15887	0.20103	0.2846	0.35549
V506	0.11633	0.23175	0.37589	0.27602
V507	0.36272	0.13458	0.22599	0.2767
V508	0.44617	0.15713	0.19329	0.20341
V509	0.18658	0.14159	0.39592	0.2759
V510	0.17111	0.35198	0.31342	0.16348
V511	0.07979	0.28347	0.19221	0.44454
V512	0.17471	0.10853	0.19232	0.52444
V513	0.09694	0.40947	0.29133	0.20227
V514	0.07512	0.10669	0.15119	0.667
V515	0.45144	0.10121	0.1901	0.25725
V516	0.55265	0.10223	0.16305	0.18207
V517	0.08915	0.10924	0.26349	0.53811
V518	0.58413	0.07239	0.16005	0.18343
V519	0.06223	0.50439	0.20183	0.23155
V520	0.09548	0.11555	0.43407	0.3549
V521	0.35556	0.11829	0.34399	0.18217
V522	0.08031	0.17844	0.42031	0.32094
V523	0.23312	0.16119	0.28536	0.32033
V524	0.0602	0.46763	0.29048	0.18169
V525	0.1771	0.18166	0.17496	0.46628
V526	0.37771	0.11907	0.2	0.30322
V527	0.17175	0.1129	0.33894	0.37641
V528	0.09682	0.5029	0.20186	0.19842
V529	0.09755	0.12641	0.2526	0.52345
V530	0.08257	0.22118	0.47992	0.21633
V531	0.0618	0.51348	0.2617	0.16301
V532	0.13662	0.23998	0.1819	0.44149
V533	0.19131	0.26215	0.24306	0.30349
V534	0.08728	0.12708	0.47993	0.30571
V535	0.32587	0.06628	0.15603	0.45181
V536	0.16575	0.09751	0.32556	0.41118
V537	0.35609	0.21344	0.25636	0.17412
V538	0.27645	0.10792	0.19975	0.41588
V539	0.18552	0.30121	0.25961	0.25366
V540	0.14909	0.4262	0.23387	0.19084
V541	0.06362	0.32618	0.20746	0.40274
V542	0.15959	0.16103	0.27584	0.40354
V543	0.52606	0.06096	0.16328	0.2497
V544	0.11513	0.13627	0.23376	0.51484
V545	0.22847	0.1543	0.1956	0.42162
V546	0.07379	0.51598	0.24072	0.16951
V547	0.08078	0.41255	0.33981	0.16687
V548	0.12774	0.46102	0.24356	0.16767
V549	0.24371	0.13022	0.46402	0.16206
V550	0.34335	0.08115	0.15082	0.42468
V551	0.13676	0.44364	0.21673	0.20287
V552	0.05204	0.33346	0.17667	0.43783
V553	0.19123	0.18987	0.45248	0.16641
V554	0.09137	0.12097	0.16281	0.62485
V555	0.11335	0.21321	0.31599	0.35745
V556	0.09368	0.14641	0.59363	0.16628
V557	0.48037	0.07769	0.16471	0.27723
V558	0.08249	0.46383	0.21039	0.24329
V559	0.06047	0.48637	0.29248	0.16069
V560	0.41739	0.23291	0.17526	0.17444
V561	0.09497	0.14489	0.60923	0.15091
V562	0.46643	0.0747	0.22069	0.23818
V563	0.20872	0.12098	0.5163	0.15399
V564	0.11948	0.16594	0.55808	0.1565
V565	0.12924	0.23222	0.34189	0.29665
V566	0.40665	0.11851	0.16321	0.31162
V567	0.15659	0.29836	0.19104	0.35401
V568	0.17481	0.08506	0.17473	0.5654
V569	0.39703	0.07853	0.1516	0.37284
V570	0.0905	0.25969	0.45687	0.19295
V571	0.48793	0.12993	0.16356	0.21859
V572	0.29452	0.10505	0.37564	0.2248
V573	0.092	0.16064	0.1591	0.58827
V574	0.07442	0.47086	0.28377	0.17095
V575	0.07593	0.12948	0.20892	0.58567
V576	0.126	0.47784	0.22162	0.17454
V577	0.08798	0.11637	0.24669	0.54897
V578	0.11138	0.15486	0.46904	0.26472
V579	0.05624	0.51372	0.25073	0.17932
V580	0.13466	0.09063	0.20138	0.57333
V581	0.09644	0.11368	0.15095	0.63892
V582	0.33843	0.15127	0.18146	0.32884
V583	0.08271	0.13921	0.42238	0.35569
V584	0.32177	0.17421	0.31586	0.18815
V585	0.08026	0.11249	0.35075	0.45651
V586	0.19995	0.12053	0.46689	0.21262
V587	0.21763	0.1238	0.48643	0.17214
V588	0.36617	0.09269	0.16944	0.3717
V589	0.07927	0.48077	0.23313	0.20683
V590	0.08107	0.46248	0.2914	0.16505
V591	0.07023	0.1116	0.23994	0.57823
V592	0.16765	0.14195	0.54323	0.14717
V593	0.3538	0.07762	0.24959	0.319
V594	0.23024	0.24263	0.33614	0.19099
V595	0.08096	0.09197	0.15602	0.67105
V596	0.08309	0.23003	0.26844	0.41844
V597	0.06084	0.38484	0.34274	0.21158
V598	0.09846	0.18629	0.5589	0.15634
V599	0.37387	0.2407	0.19627	0.18917
V600	0.22473	0.31853	0.21156	0.24519
V601	0.13399	0.22128	0.2049	0.43983
V602	0.08068	0.09234	0.15175	0.67522
V603	0.06171	0.25722	0.17066	0.51041
V604	0.32439	0.15839	0.33604	0.18118
V605	0.10118	0.26651	0.35487	0.27744
V606	0.42691	0.14856	0.17363	0.2509
V607	0.38487	0.08057	0.21285	0.32171
V608	0.17497	0.18391	0.34326	0.29787
V609	0.07896	0.21186	0.26892	0.44025
V610	0.45391	0.08118	0.20872	0.25619
V611	0.19538	0.08298	0.17584	0.5458
V612	0.10179	0.17155	0.53555	0.1911
V613	0.09295	0.28036	0.45019	0.1765
V614	0.44642	0.10136	0.1889	0.26333
V615	0.12336	0.10463	0.15398	0.61803
V616	0.08901	0.42439	0.2136	0.273
V617	0.30762	0.18146	0.35308	0.15784
V618	0.42441	0.06327	0.15088	0.36145
V619	0.25435	0.11183	0.3083	0.32552
V620	0.06724	0.42277	0.34853	0.16147
V621	0.26373	0.16794	0.25179	0.31653
V622	0.24532	0.21705	0.35936	0.17826
V623	0.07647	0.12641	0.21666	0.58046
V624	0.47679	0.16536	0.16899	0.18887
V625	0.18201	0.32847	0.23497	0.25455
V626	0.58388	0.06687	0.16001	0.18923
V627	0.07213	0.09512	0.17943	0.65333
V628	0.06168	0.18588	0.1658	0.58664
V629	0.12655	0.24105	0.29717	0.33523
V630	0.09309	0.27912	0.44523	0.18256
V631	0.07239	0.17983	0.20647	0.54131
V632	0.35038	0.07405	0.22492	0.35065
V633	0.08715	0.14448	0.54368	0.22468
V634	0.26393	0.23354	0.33975	0.16277
V635	0.06263	0.44941	0.19115	0.29681
V636	0.14246	0.17128	0.4565	0.22976
V637	0.20198	0.18225	0.20683	0.40894
V638	0.23559	0.21224	0.20317	0.349
V639	0.19767	0.31179	0.33392	0.15662
V640	0.10409	0.19958	0.51639	0.17994
V641	0.52807	0.08118	0.17679	0.21397
V642	0.45414	0.15678	0.16649	0.22259
V643	0.07521	0.20012	0.36493	0.35974
V644	0.54771	0.09791	0.16699	0.18739
V645	0.19099	0.30234	0.33303	0.17364
V646	0.05332	0.56173	0.21359	0.17137
V647	0.15501	0.16509	0.49215	0.18776
V648	0.25854	0.30415	0.25255	0.18476
V649	0.10293	0.16025	0.55235	0.18448
V650	0.11656	0.16911	0.52225	0.19208
V651	0.2398	0.11738	0.48694	0.15588
V652	0.11808	0.1523	0.35617	0.37344
V653	0.11267	0.40951	0.24185	0.23597
V654	0.41253	0.17665	0.20386	0.20695
V655	0.07126	0.35385	0.18786	0.38703
V656	0.15246	0.21209	0.16966	0.46579
V657	0.07881	0.1113	0.15499	0.6549
V658	0.35396	0.18405	0.20169	0.26029
V659	0.22669	0.14697	0.33376	0.29257
V660	0.06235	0.54927	0.20628	0.1821
V661	0.085	0.2848	0.19644	0.43376
V662	0.27775	0.11301	0.38518	0.22406
V663	0.19586	0.15139	0.42675	0.226
V664	0.18212	0.15297	0.48214	0.18277
V665	0.40517	0.16975	0.19296	0.23212
V666	0.34763	0.07133	0.2056	0.37545
V667	0.46784	0.11178	0.25235	0.16803
V668	0.1115	0.47888	0.24681	0.16281
V669	0.17254	0.30021	0.30012	0.22713
V670	0.08647	0.52698	0.20426	0.18229
V671	0.23847	0.23951	0.30049	0.22152
V672	0.10335	0.14429	0.5861	0.16626
V673	0.1714	0.27676	0.28758	0.26426
V674	0.422	0.14416	0.17755	0.25629
V675	0.13271	0.26135	0.32052	0.28541
V676	0.07965	0.14128	0.2025	0.57657
V677	0.2403	0.28333	0.23244	0.24393
V678	0.31569	0.31862	0.19304	0.17266
V679	0.10149	0.27186	0.46729	0.15935
V680	0.20531	0.35795	0.25886	0.17788
V681	0.53812	0.09281	0.17118	0.1979
V682	0.13088	0.26129	0.42988	0.17795
V683	0.0539	0.56242	0.21758	0.1661
V684	0.41499	0.1591	0.21978	0.20614
V685	0.30059	0.25772	0.24479	0.1969
V686	0.10786	0.17842	0.23057	0.48315
V687	0.08086	0.08893	0.1553	0.67491
V688	0.23384	0.3326	0.18111	0.25246
V689	0.17982	0.07946	0.17037	0.57035
V690	0.30508	0.1236	0.36865	0.20267
V691	0.16799	0.12866	0.55134	0.152
V692	0.12365	0.19113	0.4925	0.19272
V693	0.18124	0.15862	0.33132	0.32882
V694	0.07556	0.11271	0.28046	0.53127
V695	0.17819	0.0911	0.22395	0.50676
V696	0.10007	0.11996	0.15899	0.62098
V697	0.07592	0.10337	0.15398	0.66673
V698	0.48527	0.06227	0.16302	0.28944
V699	0.3345	0.22295	0.2127	0.22986
V700	0.16839	0.08945	0.15144	0.59072
V701	0.11045	0.34054	0.2355	0.31351
V702	0.31685	0.11297	0.16295	0.40723
V703	0.1423	0.13533	0.37986	0.34251
V704	0.48321	0.08766	0.17535	0.25378
V705	0.57988	0.05453	0.16612	0.19947
V706	0.12674	0.14928	0.5204	0.20358
V707	0.09003	0.32261	0.40908	0.17828
V708	0.06792	0.50587	0.21182	0.21439
V709	0.1409	0.2417	0.41478	0.20262
V710	0.3538	0.18314	0.19667	0.2664
V711	0.09535	0.47208	0.24863	0.18395
V712	0.48117	0.09035	0.16243	0.26605
V713	0.2616	0.22875	0.18958	0.32007
V714	0.05436	0.4006	0.19477	0.35027
V715	0.21091	0.26342	0.32314	0.20253
V716	0.08428	0.10074	0.16923	0.64574
V717	0.08645	0.53171	0.20473	0.17711
V718	0.12877	0.36392	0.27282	0.2345
V719	0.07833	0.42305	0.20847	0.29015
V720	0.42713	0.0798	0.27695	0.21612
V721	0.13491	0.18943	0.38115	0.29451
V722	0.10083	0.24282	0.17044	0.48591
V723	0.11281	0.11836	0.15545	0.61338
V724	0.3406	0.08982	0.1996	0.36998
V725	0.08996	0.17776	0.5654	0.16687
V726	0.07767	0.27064	0.22574	0.42594
V727	0.1846	0.40639	0.24088	0.16814
V728	0.06585	0.51321	0.25239	0.16855
V729	0.25678	0.09148	0.23221	0.41953
V730	0.54001	0.07784	0.18514	0.19701
V731	0.08365	0.20129	0.34192	0.37313
V732	0.23718	0.14167	0.32796	0.29319
V733	0.37454	0.17097	0.18693	0.26757
V734	0.18902	0.25937	0.39331	0.1583
V735	0.0854	0.12369	0.36776	0.42315
V736	0.12953	0.08343	0.15189	0.63515
V737	0.21954	0.23897	0.28965	0.25184
V738	0.10944	0.26893	0.3818	0.23983
V739	0.07942	0.12114	0.42749	0.37195
V740	0.50333	0.11132	0.20197	0.18337
V741	0.29124	0.13581	0.22385	0.34909
V742	0.25433	0.38084	0.19884	0.16599
V743	0.14937	0.19136	0.49492	0.16435
V744	0.32498	0.11695	0.32346	0.23461
V745	0.06362	0.42447	0.27921	0.23271
V746	0.60154	0.05344	0.15956	0.18547
V747	0.1135	0.12212	0.48227	0.28211
V748	0.13968	0.16908	0.4306	0.26064
V749	0.18958	0.16818	0.1871	0.45514
V750	0.25245	0.30772	0.19315	0.24668
V751	0.07362	0.50291	0.22091	0.20256
V752	0.27882	0.20045	0.2396	0.28114
V753	0.07757	0.08816	0.14813	0.68615
V754	0.05206	0.53776	0.20064	0.20953
V755	0.14011	0.19876	0.32028	0.34085
V756	0.08185	0.08877	0.16723	0.66215
V757	0.21752	0.37191	0.22516	0.18541
V758	0.07726	0.45476	0.2574	0.21058
V759	0.13429	0.13462	0.33861	0.39248
V760	0.20696	0.12649	0.287	0.37955
V761	0.09364	0.37758	0.31556	0.21322
V762	0.0562	0.26295	0.17087	0.50998
V763	0.23775	0.2543	0.18838	0.31957
V764	0.05161	0.53397	0.20511	0.20932
V765	0.38694	0.11375	0.15703	0.34228
V766	0.07736	0.26199	0.37239	0.28826
V767	0.29785	0.15658	0.28577	0.2598
V768	0.07759	0.52394	0.21704	0.18144
V769	0.12095	0.48623	0.2181	0.17472
V770	0.05332	0.56173	0.21359	0.17137
V771	0.17176	0.13037	0.53951	0.15836
V772	0.15599	0.14792	0.54392	0.15216
V773	0.12989	0.48982	0.20452	0.17577
V774	0.10443	0.13633	0.59276	0.16647
V775	0.1256	0.11962	0.28051	0.47427
V776	0.2603	0.29096	0.20832	0.24041
V777	0.14435	0.14664	0.22387	0.48514
V778	0.31699	0.21819	0.21184	0.25298
V779	0.1587	0.13114	0.38544	0.32473
V780	0.1079	0.46481	0.26616	0.16113
V781	0.08934	0.09635	0.15958	0.65473
V782	0.09009	0.18736	0.53152	0.19103
V783	0.46107	0.07696	0.18612	0.27584
V784	0.10297	0.51379	0.21242	0.17081
V785	0.06749	0.53794	0.21284	0.18173
V786	0.42535	0.15796	0.21495	0.20174
V787	0.05414	0.49846	0.28032	0.16708
V788	0.30937	0.23811	0.25671	0.19581
V789	0.09157	0.25486	0.18	0.47357
V790	0.27415	0.09441	0.19222	0.43922
V791	0.1307	0.28256	0.33198	0.25476
V792	0.11621	0.33758	0.18027	0.36594
V793	0.11081	0.39707	0.20645	0.28566
V794	0.1113	0.16468	0.52645	0.19757
V795	0.11483	0.10432	0.17794	0.60291
V796	0.10439	0.17204	0.56171	0.16186
V797	0.46548	0.07884	0.27797	0.17771
V798	0.37109	0.22717	0.21946	0.18228
V799	0.11464	0.45855	0.21303	0.21378
V800	0.1121	0.12452	0.38717	0.37621
V801	0.13581	0.16077	0.30891	0.39451
V802	0.08862	0.14002	0.27635	0.49502
V803	0.17209	0.35223	0.31757	0.1581
V804	0.33321	0.10591	0.35122	0.20967
V805	0.09964	0.14004	0.61496	0.14536
V806	0.07231	0.52359	0.21155	0.19254
V807	0.17857	0.1568	0.17594	0.48869
V808	0.39251	0.21274	0.19946	0.19529
V809	0.11303	0.15155	0.58994	0.14547
V810	0.05297	0.56624	0.20899	0.1718
V811	0.26666	0.12861	0.25795	0.34678
V812	0.32153	0.2116	0.20124	0.26563
V813	0.35969	0.18421	0.27096	0.18514
V814	0.2698	0.34673	0.21231	0.17117
V815	0.04993	0.53567	0.24467	0.16974
V816	0.5708	0.06088	0.19224	0.17608
V817	0.10525	0.16765	0.57119	0.15592
V818	0.0712	0.10571	0.16497	0.65812
V819	0.49143	0.10997	0.19267	0.20593
V820	0.12144	0.12785	0.16507	0.58564
V821	0.17343	0.25974	0.36095	0.20588
V822	0.12622	0.14185	0.56971	0.16222
V823	0.09413	0.21561	0.47969	0.21057
V824	0.12042	0.29704	0.43234	0.1502
V825	0.16733	0.24088	0.29151	0.30028
V826	0.27227	0.29345	0.26194	0.17234
V827	0.23847	0.37581	0.19842	0.18729
V828	0.16514	0.16955	0.21264	0.45267
V829	0.0796	0.19903	0.17865	0.54273
V830	0.16048	0.19293	0.17546	0.47113
V831	0.45073	0.11406	0.18377	0.25144
V832	0.18612	0.28698	0.26136	0.26555
V833	0.12909	0.33683	0.26954	0.26454
V834	0.19632	0.1229	0.19273	0.48805
V835	0.22825	0.30862	0.24382	0.21931
V836	0.05351	0.40351	0.18599	0.35699
V837	0.16414	0.2784	0.26789	0.28957
V838	0.55997	0.08129	0.17696	0.18178
V839	0.20264	0.38601	0.24385	0.1675
V840	0.19513	0.43841	0.20084	0.16562
V841	0.09046	0.15417	0.57185	0.18352
V842	0.23298	0.18132	0.29062	0.29508
V843	0.09959	0.14151	0.56306	0.19583
V844	0.12733	0.14997	0.3298	0.3929
V845	0.11969	0.17828	0.50958	0.19246
V846	0.08376	0.13019	0.50542	0.28063
V847	0.07407	0.08475	0.15189	0.68929
V848	0.10147	0.33531	0.2634	0.29983
V849	0.04801	0.55067	0.20868	0.19264
V850	0.58871	0.05487	0.16697	0.18945
V851	0.22301	0.35159	0.26406	0.16134
V852	0.1157	0.11467	0.21184	0.55779
V853	0.18685	0.21768	0.35986	0.23561
V854	0.35088	0.16863	0.22175	0.25874
V855	0.07407	0.08475	0.15189	0.68929
V856	0.0885	0.27422	0.3351	0.30217
V857	0.39203	0.16433	0.18801	0.25563
V858	0.35764	0.10219	0.37641	0.16376
V859	0.38499	0.19402	0.18293	0.23806
V860	0.14678	0.1413	0.18171	0.53021
V861	0.11913	0.28693	0.43339	0.16055
V862	0.15045	0.16701	0.50104	0.18151
V863	0.15177	0.10718	0.1502	0.59084
V864	0.09783	0.10067	0.17213	0.62937
V865	0.12502	0.10014	0.2728	0.50203
V866	0.44427	0.09098	0.28847	0.17629
V867	0.44409	0.09542	0.28973	0.17077
V868	0.30766	0.22521	0.24627	0.22086
V869	0.05855	0.55772	0.21211	0.17162
V870	0.10614	0.2437	0.17553	0.47463
V871	0.04801	0.55067	0.20868	0.19264
V872	0.07538	0.10587	0.26074	0.55801
V873	0.52999	0.07854	0.19007	0.2014
V874	0.14634	0.47106	0.2181	0.1645
V875	0.07457	0.18766	0.25255	0.48522
V876	0.14617	0.26648	0.37039	0.21696
V877	0.08648	0.2907	0.31342	0.30939
V878	0.11651	0.48239	0.23774	0.16336
V879	0.14258	0.42045	0.21745	0.21952
V880	0.19925	0.35025	0.18708	0.26342
V881	0.15139	0.13969	0.43594	0.27298
V882	0.47729	0.07028	0.22559	0.22684
V883	0.21664	0.21091	0.42118	0.15128
V884	0.06901	0.20959	0.15801	0.56338
V885	0.43036	0.18307	0.2191	0.16747
V886	0.07768	0.28833	0.3895	0.24449
V887	0.37724	0.11503	0.24386	0.26387
V888	0.13626	0.14771	0.50589	0.21014
V889	0.54905	0.08498	0.17345	0.19252
V890	0.09731	0.19152	0.44573	0.26543
V891	0.38163	0.11525	0.30705	0.19607
V892	0.18742	0.1701	0.16398	0.4785
V893	0.34549	0.19338	0.25167	0.20946
V894	0.11018	0.26827	0.44478	0.17677
V895	0.35576	0.12049	0.26154	0.26221
V896	0.06747	0.54139	0.20932	0.18182
V897	0.4076	0.20205	0.17596	0.2144
V898	0.27922	0.06786	0.1519	0.50102
V899	0.07758	0.18303	0.22494	0.51446
V900	0.10701	0.24743	0.33708	0.30848
V901	0.06593	0.48572	0.19909	0.24926
V902	0.07368	0.52556	0.23093	0.16983
V903	0.07493	0.31948	0.42237	0.18322
V904	0.05775	0.56157	0.20881	0.17187
V905	0.13748	0.08888	0.23169	0.54195
V906	0.24866	0.13147	0.21059	0.40928
V907	0.26261	0.33518	0.1971	0.20511
V908	0.07543	0.10782	0.1799	0.63686
V909	0.11307	0.4749	0.19703	0.215
V910	0.14058	0.08637	0.20452	0.56853
V911	0.30777	0.27539	0.19923	0.21762
V912	0.24202	0.24944	0.24028	0.26827
V913	0.11643	0.0804	0.15169	0.65149
V914	0.15059	0.33848	0.3267	0.18423
V915	0.16124	0.07682	0.15259	0.60934
V916	0.20431	0.14534	0.46635	0.184
V917	0.42412	0.09369	0.24643	0.23576
V918	0.0806	0.39998	0.29939	0.22003
V919	0.15974	0.21583	0.3071	0.31733
V920	0.36161	0.18221	0.22054	0.23564
V921	0.07701	0.15994	0.171	0.59205
V922	0.1171	0.33058	0.36526	0.18706
V923	0.10262	0.09223	0.16705	0.6381
V924	0.07869	0.42088	0.32177	0.17866
V925	0.14273	0.09529	0.15741	0.60457
V926	0.15345	0.09201	0.16504	0.5895
V927	0.08017	0.10179	0.17254	0.6455
V928	0.07198	0.51393	0.20479	0.2093
V929	0.08184	0.39562	0.25181	0.27074
V930	0.30135	0.26366	0.19921	0.23579
V931	0.14	0.24735	0.40977	0.20288
V932	0.09741	0.17448	0.43716	0.29095
V933	0.35813	0.27412	0.18845	0.1793
V934	0.07271	0.17347	0.28159	0.47223
V935	0.3373	0.17277	0.27624	0.21369
V936	0.30641	0.21484	0.18144	0.29731
V937	0.31836	0.14635	0.20845	0.32683
V938	0.24814	0.12177	0.30419	0.32591
V939	0.44053	0.08147	0.19725	0.28075
V940	0.06801	0.47161	0.27281	0.18756
V941	0.09495	0.13946	0.61484	0.15075
V942	0.43616	0.17003	0.20871	0.1851
V943	0.26404	0.17033	0.37001	0.19561
V944	0.06983	0.21189	0.19193	0.52635
V945	0.32982	0.25325	0.18546	0.23148
V946	0.28473	0.22655	0.30009	0.18863
V947	0.10813	0.12131	0.25795	0.5126
V948	0.2481	0.12901	0.45475	0.16814
V949	0.0672	0.14875	0.24655	0.53749
V950	0.08691	0.34935	0.28328	0.28047
V951	0.50142	0.08079	0.24234	0.17544
V952	0.10144	0.16308	0.2776	0.45788
V953	0.10167	0.15811	0.57388	0.16634
V954	0.08288	0.17829	0.22413	0.5147
V955	0.11106	0.36918	0.19728	0.32249
V956	0.09653	0.12473	0.38486	0.39388
V957	0.21266	0.08187	0.14806	0.55741
V958	0.07791	0.08411	0.14838	0.6896
V959	0.18254	0.23505	0.37691	0.2055
V960	0.1673	0.21911	0.20629	0.4073
V961	0.13172	0.28938	0.34274	0.23616
V962	0.24483	0.18948	0.35791	0.20778
V963	0.35312	0.17271	0.25246	0.22171
V964	0.50044	0.08519	0.21556	0.19882
V965	0.08749	0.33081	0.27041	0.3113
V966	0.58428	0.06284	0.16381	0.18906
V967	0.10681	0.1354	0.39378	0.36401
V968	0.08312	0.2018	0.52409	0.19099
V969	0.06505	0.21885	0.17962	0.53647
V970	0.09033	0.16899	0.35005	0.39063
V971	0.31264	0.14271	0.32805	0.21659
V972	0.29824	0.18118	0.194	0.32658
V973	0.18249	0.28755	0.21929	0.31067
V974	0.05674	0.46648	0.26054	0.21624
V975	0.1283	0.25931	0.45771	0.15468
V976	0.26599	0.21045	0.23	0.29355
V977	0.22305	0.27671	0.33853	0.16171
V978	0.09466	0.12837	0.18397	0.59299
V979	0.48546	0.08415	0.25657	0.17382
V980	0.60154	0.05344	0.15956	0.18547
V981	0.23588	0.12027	0.36457	0.27928
V982	0.26731	0.28166	0.2234	0.22764
V983	0.4061	0.0978	0.15995	0.33615
V984	0.0609	0.49267	0.25749	0.18893
V985	0.0942	0.17109	0.16009	0.57462
V986	0.2079	0.33924	0.21463	0.23823
V987	0.16712	0.45465	0.19675	0.18148
V988	0.15764	0.08646	0.15642	0.59949
V989	0.27186	0.31914	0.22828	0.18073
V990	0.08521	0.15199	0.52502	0.23777
V991	0.38766	0.25637	0.17615	0.17982
V992	0.17663	0.11266	0.39847	0.31224
V993	0.08971	0.4392	0.27826	0.19283
V994	0.14128	0.46661	0.21727	0.17484
V995	0.42768	0.12609	0.1838	0.26242
V996	0.18243	0.14031	0.16095	0.51631
V997	0.09755	0.1339	0.54313	0.22542
V998	0.51989	0.07076	0.19671	0.21264
V999	0.10707	0.51751	0.20389	0.17154
V1000	0.20278	0.08676	0.1486	0.56187
