CD14.pos.CD16.neg.classical.monocyte	mature.neutrophil	memory.B.cell	cytotoxic.CD56.dim.NK.cell	memory.CD4.pos.AB.T.cell	macrophage
V1	0.0854	0.0269	0.73429	0.03157	0.07043	0.05141
V2	0.35129	0.11545	0.10554	0.13327	0.20807	0.08639
V3	0.20795	0.06438	0.28371	0.02858	0.1119	0.30348
V4	0.17081	0.3426	0.09257	0.11792	0.19455	0.08155
V5	0.04698	0.0448	0.04175	0.49706	0.34418	0.02522
V6	0.19997	0.0256	0.22961	0.07146	0.24882	0.22454
V7	0.07317	0.28245	0.05859	0.07344	0.47463	0.03772
V8	0.43456	0.0614	0.1237	0.14374	0.11836	0.11825
V9	0.21001	0.14655	0.08726	0.25975	0.14915	0.14728
V10	0.28133	0.04623	0.12761	0.31933	0.14561	0.07989
V11	0.10347	0.56344	0.10331	0.06551	0.12626	0.03801
V12	0.23774	0.03475	0.1693	0.03734	0.12414	0.39673
V13	0.08947	0.39662	0.30607	0.06243	0.10416	0.04125
V14	0.07237	0.03002	0.06092	0.66487	0.14064	0.03118
V15	0.30122	0.07666	0.08842	0.14791	0.29164	0.09414
V16	0.07886	0.01758	0.05727	0.35815	0.40623	0.0819
V17	0.21492	0.04621	0.24479	0.02695	0.1091	0.35802
V18	0.44854	0.14233	0.13143	0.06335	0.10818	0.10617
V19	0.35949	0.06434	0.24842	0.04909	0.18336	0.0953
V20	0.38261	0.07354	0.177	0.14048	0.11419	0.11218
V21	0.23799	0.04482	0.13112	0.04086	0.16308	0.38214
V22	0.13648	0.05071	0.0618	0.10866	0.5818	0.06056
V23	0.06806	0.01697	0.30043	0.05779	0.51877	0.03797
V24	0.1186	0.01945	0.05111	0.1453	0.60513	0.0604
V25	0.28384	0.2349	0.09524	0.15898	0.15135	0.07569
V26	0.18283	0.02588	0.06744	0.05932	0.60851	0.05602
V27	0.1977	0.0258	0.26828	0.03509	0.11593	0.35719
V28	0.11447	0.20963	0.20092	0.22618	0.1388	0.10999
V29	0.09782	0.44923	0.16016	0.10452	0.10821	0.08006
V30	0.17999	0.17155	0.16885	0.0463	0.30077	0.13253
V31	0.40752	0.04261	0.26591	0.06291	0.09807	0.12298
V32	0.04612	0.02745	0.31932	0.45379	0.10672	0.0466
V33	0.1753	0.32411	0.26809	0.0622	0.09955	0.07075
V34	0.03352	0.00887	0.43438	0.06031	0.4227	0.04021
V35	0.0473	0.05471	0.18952	0.44655	0.22023	0.04169
V36	0.10034	0.35935	0.16118	0.06139	0.27153	0.04621
V37	0.06866	0.02241	0.69689	0.0359	0.07414	0.10199
V38	0.21841	0.0173	0.24275	0.02564	0.11	0.3859
V39	0.34926	0.05378	0.1035	0.27729	0.12257	0.0936
V40	0.09512	0.36867	0.08491	0.16882	0.21489	0.06759
V41	0.44849	0.04489	0.14486	0.04731	0.11817	0.19627
V42	0.18165	0.03147	0.51998	0.03468	0.12549	0.10673
V43	0.15813	0.3043	0.0844	0.07695	0.3044	0.07182
V44	0.10882	0.5737	0.10064	0.05996	0.11388	0.04301
V45	0.27541	0.26772	0.14191	0.06496	0.12404	0.12596
V46	0.0983	0.01668	0.0742	0.26441	0.40966	0.13674
V47	0.09117	0.30602	0.07176	0.16427	0.30888	0.0579
V48	0.07874	0.44323	0.21893	0.05315	0.17133	0.03462
V49	0.10101	0.53757	0.09375	0.05973	0.17039	0.03755
V50	0.0485	0.00606	0.24938	0.05763	0.57823	0.06019
V51	0.03842	0.00453	0.03692	0.07042	0.81596	0.03375
V52	0.07942	0.40558	0.26858	0.07729	0.12788	0.04126
V53	0.11157	0.01202	0.11696	0.07903	0.63711	0.0433
V54	0.0808	0.10717	0.50767	0.07604	0.15573	0.0726
V55	0.03869	0.03351	0.12473	0.0793	0.6901	0.03367
V56	0.03189	0.04362	0.64991	0.13015	0.10952	0.0349
V57	0.1606	0.28176	0.12304	0.04576	0.22599	0.16285
V58	0.04066	0.02287	0.75887	0.04641	0.07095	0.06024
V59	0.06194	0.02233	0.04684	0.67732	0.16492	0.02665
V60	0.29612	0.0326	0.09128	0.38252	0.12503	0.07245
V61	0.23999	0.11947	0.10309	0.18293	0.17311	0.18142
V62	0.31841	0.04977	0.1574	0.1479	0.19406	0.13245
V63	0.12944	0.38435	0.10279	0.11089	0.12654	0.14599
V64	0.04442	0.07924	0.04081	0.06299	0.73961	0.03294
V65	0.34587	0.13094	0.13644	0.06318	0.1504	0.17317
V66	0.28617	0.04454	0.18067	0.06757	0.34393	0.07712
V67	0.09375	0.12988	0.31498	0.23539	0.10837	0.11764
V68	0.50104	0.05201	0.13475	0.08782	0.10837	0.116
V69	0.39106	0.05483	0.1259	0.04328	0.13985	0.24508
V70	0.05561	0.02063	0.21814	0.49743	0.17618	0.032
V71	0.08902	0.19522	0.08704	0.13155	0.40273	0.09444
V72	0.35137	0.12474	0.16722	0.06527	0.16357	0.12784
V73	0.06579	0.01518	0.12085	0.60916	0.15766	0.03136
V74	0.05123	0.12027	0.05949	0.60205	0.14365	0.02332
V75	0.09318	0.56465	0.08957	0.07775	0.13917	0.03568
V76	0.03892	0.01215	0.61235	0.06165	0.23417	0.04076
V77	0.09904	0.11825	0.14032	0.45566	0.12497	0.06177
V78	0.31692	0.12038	0.14749	0.1527	0.12503	0.13748
V79	0.14842	0.4084	0.11334	0.04565	0.11134	0.17285
V80	0.14004	0.42185	0.10322	0.05425	0.12567	0.15496
V81	0.41474	0.1169	0.17807	0.05987	0.12066	0.10975
V82	0.09119	0.50687	0.08783	0.08948	0.18479	0.03984
V83	0.12075	0.12403	0.07986	0.3545	0.24944	0.07142
V84	0.21397	0.03375	0.14493	0.38908	0.14549	0.07279
V85	0.4792	0.05012	0.19426	0.06005	0.1033	0.11307
V86	0.19499	0.04539	0.18918	0.2891	0.12723	0.15411
V87	0.04602	0.02747	0.0643	0.68974	0.14342	0.02905
V88	0.11661	0.0366	0.07414	0.45078	0.18117	0.14071
V89	0.11784	0.14602	0.44564	0.0383	0.08958	0.16262
V90	0.10048	0.45465	0.17492	0.06075	0.16095	0.04825
V91	0.05764	0.01437	0.07299	0.13707	0.67666	0.04127
V92	0.04518	0.05264	0.04629	0.06805	0.74898	0.03886
V93	0.1835	0.06321	0.08957	0.12638	0.35188	0.18546
V94	0.03688	0.02054	0.25046	0.549	0.11704	0.02609
V95	0.03341	0.0146	0.27515	0.13885	0.50686	0.03112
V96	0.10216	0.27061	0.08213	0.08896	0.36068	0.09545
V97	0.03755	0.01184	0.04295	0.11031	0.76722	0.03014
V98	0.05861	0.06826	0.05235	0.58314	0.20927	0.02837
V99	0.04317	0.02729	0.05087	0.70542	0.15024	0.02301
V100	0.04379	0.01779	0.4136	0.25118	0.22358	0.05008
V101	0.06067	0.27162	0.40364	0.12294	0.09863	0.04251
V102	0.4647	0.05664	0.20756	0.05942	0.1018	0.10987
V103	0.37293	0.05584	0.11587	0.19047	0.16204	0.10286
V104	0.05272	0.01417	0.21897	0.54574	0.13437	0.03403
V105	0.23561	0.01673	0.19783	0.02635	0.11383	0.40965
V106	0.09692	0.01506	0.59392	0.02449	0.09064	0.17898
V107	0.10522	0.44772	0.2543	0.05152	0.10104	0.0402
V108	0.17437	0.03845	0.12668	0.04516	0.31928	0.29607
V109	0.19067	0.02136	0.11259	0.03461	0.30741	0.33336
V110	0.06882	0.13896	0.61889	0.03338	0.0845	0.05546
V111	0.0289	0.02999	0.76517	0.04833	0.08588	0.04172
V112	0.0736	0.23217	0.05734	0.46739	0.13945	0.03005
V113	0.04856	0.08059	0.54876	0.06944	0.21056	0.04208
V114	0.10755	0.0183	0.58482	0.1576	0.08177	0.04996
V115	0.29885	0.07781	0.11851	0.07057	0.24177	0.19249
V116	0.49122	0.05037	0.13238	0.10399	0.10853	0.11351
V117	0.30793	0.03792	0.08478	0.13413	0.35634	0.07891
V118	0.08752	0.4589	0.15881	0.08075	0.16919	0.04483
V119	0.09857	0.54451	0.10083	0.08792	0.11996	0.0482
V120	0.09539	0.15698	0.13789	0.36281	0.19919	0.04774
V121	0.25212	0.0324	0.10537	0.27989	0.11813	0.21208
V122	0.18265	0.03895	0.07029	0.49629	0.16211	0.04972
V123	0.27619	0.03071	0.10531	0.0848	0.25771	0.24528
V124	0.03829	0.00704	0.26155	0.05993	0.5972	0.03599
V125	0.06154	0.13011	0.57279	0.08838	0.08065	0.06653
V126	0.18373	0.22395	0.15453	0.04379	0.11841	0.2756
V127	0.0532	0.01509	0.69119	0.11409	0.08303	0.0434
V128	0.2095	0.20963	0.16545	0.17858	0.17001	0.06684
V129	0.03308	0.02892	0.71609	0.09696	0.08157	0.04337
V130	0.29732	0.12461	0.09724	0.25432	0.14596	0.08055
V131	0.07186	0.00627	0.06708	0.07038	0.69947	0.08494
V132	0.07307	0.33762	0.36764	0.0459	0.13584	0.03993
V133	0.07437	0.15664	0.48901	0.10847	0.1314	0.04012
V134	0.15142	0.4448	0.09441	0.06353	0.18701	0.05883
V135	0.07835	0.02227	0.65062	0.03103	0.12674	0.091
V136	0.11759	0.48195	0.14093	0.06923	0.14295	0.04736
V137	0.05893	0.13232	0.47279	0.05667	0.24336	0.03593
V138	0.14219	0.01291	0.09039	0.36929	0.20461	0.1806
V139	0.09717	0.0474	0.18235	0.05296	0.47121	0.14891
V140	0.33435	0.20293	0.14153	0.11462	0.11561	0.09095
V141	0.16745	0.21118	0.17079	0.24985	0.13989	0.06083
V142	0.1348	0.48428	0.10306	0.10105	0.11282	0.06399
V143	0.07369	0.06079	0.53933	0.10144	0.17236	0.05239
V144	0.18893	0.15428	0.11887	0.14439	0.12205	0.27147
V145	0.0469	0.01415	0.05819	0.71177	0.13719	0.0318
V146	0.10163	0.01746	0.10535	0.06293	0.6445	0.06813
V147	0.31848	0.09001	0.20729	0.08335	0.10536	0.1955
V148	0.05056	0.15164	0.64579	0.03379	0.07505	0.04318
V149	0.15276	0.37347	0.10052	0.06631	0.11297	0.19398
V150	0.04615	0.01422	0.04488	0.7063	0.16484	0.02362
V151	0.16836	0.31821	0.10375	0.04947	0.13581	0.22439
V152	0.08401	0.18451	0.38812	0.07215	0.20859	0.06262
V153	0.03495	0.04327	0.53486	0.24009	0.1114	0.03544
V154	0.30311	0.19868	0.12432	0.04315	0.11082	0.21991
V155	0.08437	0.25893	0.1252	0.05434	0.42224	0.05492
V156	0.06799	0.3234	0.0666	0.06094	0.44857	0.0325
V157	0.14531	0.10282	0.12336	0.26667	0.13277	0.22908
V158	0.04322	0.06267	0.74586	0.03129	0.07049	0.04647
V159	0.11921	0.18884	0.31813	0.18086	0.13631	0.05665
V160	0.04587	0.01489	0.76094	0.03724	0.06992	0.07115
V161	0.0737	0.33854	0.06342	0.29028	0.20391	0.03015
V162	0.08433	0.36773	0.06782	0.14918	0.28798	0.04297
V163	0.03694	0.01616	0.80047	0.03058	0.06801	0.04786
V164	0.06221	0.26198	0.33386	0.13241	0.17037	0.03917
V165	0.06621	0.02017	0.07174	0.07139	0.6982	0.07229
V166	0.10475	0.01565	0.06212	0.1658	0.50007	0.1516
V167	0.0397	0.01345	0.36578	0.42405	0.12479	0.03224
V168	0.37767	0.04909	0.10838	0.25522	0.11334	0.09631
V169	0.04608	0.02062	0.59503	0.2019	0.09143	0.04494
V170	0.2553	0.05115	0.16025	0.28714	0.17481	0.07136
V171	0.17272	0.35508	0.11506	0.04471	0.12681	0.18562
V172	0.08927	0.06962	0.48232	0.18069	0.09697	0.08111
V173	0.05655	0.03006	0.69885	0.02831	0.09128	0.09494
V174	0.34462	0.11376	0.10374	0.06347	0.28804	0.08637
V175	0.10581	0.45596	0.17477	0.06816	0.15435	0.04095
V176	0.02729	0.01489	0.79112	0.04004	0.0843	0.04236
V177	0.13345	0.07833	0.32919	0.06233	0.25656	0.14014
V178	0.05077	0.03307	0.0656	0.06027	0.74955	0.04073
V179	0.0713	0.01236	0.0858	0.5212	0.21906	0.09027
V180	0.18043	0.02934	0.22343	0.35868	0.10766	0.10044
V181	0.31078	0.11986	0.15336	0.10443	0.17392	0.13763
V182	0.04726	0.08395	0.65454	0.08825	0.07634	0.04966
V183	0.05036	0.01481	0.05154	0.72318	0.13598	0.02413
V184	0.23386	0.30589	0.09814	0.07778	0.21606	0.06827
V185	0.13092	0.37711	0.10351	0.05888	0.22795	0.10162
V186	0.03123	0.01316	0.52255	0.30359	0.09785	0.03162
V187	0.19445	0.35493	0.08687	0.07202	0.23521	0.05653
V188	0.15351	0.42846	0.1042	0.07072	0.11255	0.13056
V189	0.06405	0.05927	0.18428	0.07241	0.53724	0.08275
V190	0.0791	0.13614	0.06166	0.06878	0.55951	0.09481
V191	0.13809	0.42644	0.09713	0.05462	0.12669	0.15703
V192	0.30239	0.19964	0.17144	0.07433	0.16026	0.09194
V193	0.2211	0.11967	0.13136	0.04002	0.12434	0.36352
V194	0.04656	0.01967	0.0581	0.14433	0.69239	0.03896
V195	0.03509	0.01236	0.61153	0.11626	0.18571	0.03905
V196	0.04307	0.01372	0.06299	0.68335	0.17052	0.02635
V197	0.13655	0.01395	0.07286	0.06588	0.65723	0.05353
V198	0.11056	0.28515	0.09757	0.16584	0.2939	0.04699
V199	0.06185	0.16745	0.12726	0.13237	0.47493	0.03614
V200	0.0796	0.02074	0.50403	0.2216	0.09689	0.07713
V201	0.05267	0.01422	0.04665	0.71428	0.13695	0.03523
V202	0.10469	0.06107	0.40527	0.06811	0.22685	0.134
V203	0.31916	0.05826	0.09797	0.32766	0.11651	0.08043
V204	0.20279	0.05873	0.14307	0.18083	0.1231	0.29149
V205	0.03309	0.03075	0.7764	0.04746	0.06959	0.04272
V206	0.04606	0.0483	0.13131	0.59321	0.15627	0.02484
V207	0.23566	0.16371	0.12121	0.24279	0.13588	0.10074
V208	0.22879	0.09143	0.38884	0.08304	0.13879	0.06911
V209	0.20783	0.36096	0.09955	0.0791	0.11951	0.13305
V210	0.08567	0.03497	0.72519	0.03189	0.07097	0.0513
V211	0.30965	0.05663	0.18197	0.05489	0.25165	0.14521
V212	0.06129	0.20248	0.2099	0.32734	0.16212	0.03687
V213	0.05938	0.05996	0.24599	0.07407	0.5228	0.0378
V214	0.4447	0.06317	0.139	0.10314	0.1415	0.1085
V215	0.13362	0.45753	0.09522	0.07772	0.11322	0.12269
V216	0.12256	0.36132	0.30133	0.05535	0.11243	0.04701
V217	0.18829	0.01494	0.11935	0.11844	0.36471	0.19426
V218	0.08365	0.2342	0.06444	0.44257	0.14545	0.02969
V219	0.469	0.04871	0.14481	0.04975	0.1171	0.17064
V220	0.08989	0.02447	0.06375	0.65333	0.13144	0.03712
V221	0.11987	0.49274	0.11097	0.11389	0.11905	0.04347
V222	0.09055	0.20517	0.08842	0.16721	0.39952	0.04913
V223	0.12449	0.24566	0.29469	0.04452	0.12027	0.17036
V224	0.03609	0.00764	0.35186	0.04934	0.52122	0.03386
V225	0.27044	0.02895	0.14779	0.03899	0.11727	0.39656
V226	0.17114	0.05991	0.22954	0.26712	0.20273	0.06956
V227	0.35957	0.03738	0.1096	0.24032	0.12201	0.13112
V228	0.11462	0.19111	0.42219	0.0862	0.12008	0.0658
V229	0.12088	0.02429	0.34149	0.24104	0.21255	0.05975
V230	0.06701	0.13891	0.62455	0.04147	0.07603	0.05203
V231	0.06671	0.02937	0.05347	0.66726	0.15577	0.02742
V232	0.27035	0.03526	0.09635	0.28784	0.12577	0.18442
V233	0.45342	0.05424	0.14154	0.11075	0.12477	0.11528
V234	0.26064	0.02532	0.07554	0.07227	0.49089	0.07534
V235	0.08119	0.01654	0.06854	0.6513	0.14668	0.03575
V236	0.08773	0.00772	0.20303	0.06317	0.5273	0.11105
V237	0.03441	0.0138	0.69841	0.12196	0.09118	0.04024
V238	0.37059	0.03487	0.15124	0.12241	0.1431	0.17779
V239	0.29427	0.05495	0.17832	0.16242	0.21489	0.09515
V240	0.05491	0.17327	0.04736	0.1471	0.54614	0.03122
V241	0.30711	0.15493	0.1013	0.19892	0.1528	0.08493
V242	0.22612	0.06248	0.13016	0.19234	0.19201	0.19689
V243	0.06831	0.29006	0.40364	0.07982	0.11946	0.0387
V244	0.13535	0.02541	0.07227	0.05119	0.57489	0.14089
V245	0.44362	0.04358	0.13655	0.04699	0.12762	0.20163
V246	0.04513	0.04638	0.21526	0.32791	0.33077	0.03456
V247	0.2409	0.08755	0.1099	0.20045	0.13321	0.22799
V248	0.16154	0.04015	0.06025	0.22726	0.4443	0.0665
V249	0.1689	0.14768	0.37615	0.11012	0.09292	0.10424
V250	0.04889	0.02755	0.05204	0.70799	0.13697	0.02657
V251	0.08174	0.39945	0.17992	0.18523	0.11537	0.03828
V252	0.04414	0.02048	0.0774	0.65838	0.17006	0.02954
V253	0.11362	0.05824	0.07557	0.36023	0.23627	0.15607
V254	0.07755	0.193	0.11391	0.19476	0.36566	0.05513
V255	0.22942	0.24687	0.14928	0.10269	0.16305	0.1087
V256	0.09753	0.5682	0.09194	0.06531	0.13335	0.04367
V257	0.08948	0.29251	0.08917	0.07673	0.39283	0.05929
V258	0.06499	0.18085	0.16027	0.44164	0.11613	0.03612
V259	0.0753	0.4017	0.3189	0.06126	0.09669	0.04615
V260	0.10524	0.0393	0.06693	0.07029	0.63144	0.0868
V261	0.29676	0.04546	0.12252	0.08166	0.3067	0.14691
V262	0.06993	0.02402	0.68902	0.04276	0.13009	0.04417
V263	0.04956	0.05948	0.54379	0.20926	0.09409	0.04382
V264	0.3475	0.05186	0.19358	0.07877	0.16599	0.1623
V265	0.05433	0.00607	0.03892	0.08239	0.78216	0.03613
V266	0.26018	0.056	0.14313	0.04028	0.12474	0.37567
V267	0.14975	0.47594	0.09055	0.11596	0.12088	0.04691
V268	0.50585	0.05215	0.13165	0.06164	0.10885	0.13986
V269	0.05531	0.04898	0.1403	0.57867	0.14722	0.02952
V270	0.19316	0.35676	0.10798	0.07076	0.2124	0.05893
V271	0.15404	0.12414	0.30534	0.0471	0.11553	0.25385
V272	0.05642	0.00588	0.04164	0.1229	0.71216	0.061
V273	0.06759	0.00784	0.08335	0.12231	0.66394	0.05498
V274	0.18855	0.02448	0.25222	0.08163	0.11677	0.33635
V275	0.38262	0.18672	0.12429	0.06833	0.11623	0.1218
V276	0.163	0.21862	0.15757	0.11205	0.14873	0.20003
V277	0.31657	0.04517	0.11689	0.05205	0.2458	0.22352
V278	0.10932	0.10157	0.12939	0.236	0.37321	0.05052
V279	0.19533	0.06198	0.27213	0.08357	0.11942	0.26757
V280	0.09524	0.01759	0.05796	0.64962	0.1385	0.04108
V281	0.09799	0.55482	0.11288	0.08284	0.11277	0.03871
V282	0.05014	0.03317	0.04555	0.1103	0.72403	0.03682
V283	0.06837	0.30244	0.0596	0.06715	0.46515	0.0373
V284	0.0776	0.08934	0.30026	0.30644	0.1421	0.08427
V285	0.04893	0.02755	0.04602	0.70635	0.14461	0.02654
V286	0.35806	0.06361	0.16708	0.21261	0.10808	0.09054
V287	0.05187	0.01295	0.06677	0.12303	0.69356	0.05183
V288	0.16715	0.23076	0.10896	0.04969	0.22556	0.21788
V289	0.03929	0.08202	0.6136	0.12188	0.10229	0.04091
V290	0.04186	0.01344	0.2172	0.56525	0.12741	0.03484
V291	0.05903	0.03562	0.04696	0.68402	0.14339	0.03098
V292	0.11247	0.0812	0.06689	0.47822	0.22205	0.03917
V293	0.04211	0.03913	0.0646	0.06776	0.75035	0.03605
V294	0.29539	0.05232	0.08901	0.06816	0.36891	0.12621
V295	0.27524	0.02061	0.1485	0.03007	0.12579	0.39979
V296	0.08695	0.27933	0.13384	0.25617	0.16627	0.07746
V297	0.23421	0.07817	0.12866	0.03901	0.12628	0.39366
V298	0.09007	0.51422	0.19153	0.06122	0.10609	0.03686
V299	0.11148	0.08297	0.62714	0.04232	0.08388	0.05221
V300	0.40581	0.13037	0.15168	0.05743	0.10732	0.14739
V301	0.2763	0.31994	0.1442	0.06971	0.11609	0.07376
V302	0.06494	0.21067	0.1056	0.41934	0.16459	0.03487
V303	0.08654	0.46843	0.12552	0.06897	0.20956	0.04097
V304	0.05001	0.00559	0.05751	0.06155	0.78944	0.0359
V305	0.08664	0.01944	0.19933	0.38186	0.19451	0.11822
V306	0.31442	0.11479	0.12276	0.04692	0.11338	0.28772
V307	0.12598	0.01901	0.06064	0.07185	0.64803	0.07449
V308	0.04306	0.02097	0.04494	0.72346	0.14471	0.02286
V309	0.07653	0.37166	0.07415	0.32195	0.12136	0.03435
V310	0.12338	0.29645	0.28878	0.04846	0.11393	0.12901
V311	0.36358	0.03565	0.13522	0.04701	0.11395	0.30458
V312	0.10287	0.02058	0.04908	0.32635	0.45207	0.04905
V313	0.2902	0.03437	0.12519	0.0789	0.11726	0.35407
V314	0.1597	0.0298	0.06692	0.5649	0.13377	0.04491
V315	0.14394	0.47956	0.09783	0.05772	0.15956	0.06139
V316	0.25581	0.03019	0.1334	0.10524	0.13419	0.34117
V317	0.0892	0.01454	0.062	0.575	0.16692	0.09234
V318	0.04628	0.02109	0.0714	0.69396	0.13519	0.03208
V319	0.21448	0.16448	0.27442	0.16264	0.10727	0.07672
V320	0.16815	0.1685	0.33175	0.13562	0.10307	0.09292
V321	0.08152	0.43717	0.07318	0.25172	0.12535	0.03107
V322	0.07108	0.00678	0.11749	0.06776	0.64942	0.08747
V323	0.0701	0.21163	0.05363	0.32771	0.30576	0.03116
V324	0.10104	0.04094	0.09199	0.21721	0.43523	0.11358
V325	0.12152	0.55149	0.11188	0.05866	0.11254	0.0439
V326	0.1479	0.50467	0.10655	0.05846	0.13233	0.05009
V327	0.0747	0.01826	0.75622	0.03127	0.06955	0.05
V328	0.1293	0.16206	0.20151	0.16196	0.29731	0.04787
V329	0.03881	0.00946	0.47911	0.04294	0.38453	0.04515
V330	0.03299	0.01526	0.78042	0.03981	0.08513	0.0464
V331	0.37836	0.09588	0.15689	0.12362	0.11567	0.12957
V332	0.11389	0.06444	0.1888	0.0513	0.42384	0.15774
V333	0.04777	0.02651	0.39818	0.31309	0.16806	0.04639
V334	0.06188	0.30652	0.36322	0.13759	0.09453	0.03625
V335	0.10495	0.03389	0.65847	0.03817	0.07524	0.08927
V336	0.21559	0.42725	0.12036	0.05699	0.117	0.06281
V337	0.07993	0.14029	0.09407	0.06508	0.58503	0.0356
V338	0.39169	0.04054	0.14216	0.06081	0.25267	0.11213
V339	0.10136	0.08519	0.36346	0.2447	0.121	0.08428
V340	0.33873	0.22798	0.10863	0.09255	0.1326	0.09951
V341	0.16089	0.05148	0.09581	0.47908	0.16054	0.05219
V342	0.08961	0.02098	0.06998	0.54652	0.17433	0.09858
V343	0.19674	0.15092	0.20731	0.05914	0.12227	0.26361
V344	0.09453	0.43349	0.0789	0.07465	0.24315	0.07527
V345	0.04074	0.00485	0.04324	0.07059	0.80906	0.03152
V346	0.11346	0.02249	0.06506	0.37302	0.37201	0.05398
V347	0.26403	0.12509	0.10377	0.12306	0.30877	0.07527
V348	0.09853	0.11819	0.55252	0.05284	0.12752	0.0504
V349	0.38915	0.09785	0.14401	0.13367	0.14088	0.09444
V350	0.25715	0.06127	0.1967	0.2413	0.10843	0.13515
V351	0.24974	0.08257	0.15699	0.05968	0.13003	0.32099
V352	0.11575	0.25019	0.08325	0.04829	0.34994	0.15257
V353	0.04897	0.15134	0.65101	0.03394	0.07484	0.03989
V354	0.14035	0.05255	0.25631	0.04138	0.36289	0.14651
V355	0.03209	0.03882	0.78111	0.03959	0.06905	0.03935
V356	0.28659	0.1246	0.11922	0.23945	0.13652	0.09362
V357	0.18438	0.02884	0.38438	0.05938	0.27479	0.06823
V358	0.22369	0.01693	0.18104	0.06489	0.12416	0.38929
V359	0.114	0.0814	0.06202	0.50941	0.18531	0.04787
V360	0.27404	0.02767	0.08818	0.21863	0.30262	0.08886
V361	0.09715	0.57952	0.09241	0.07173	0.12075	0.03844
V362	0.0804	0.37421	0.09273	0.29591	0.12583	0.03092
V363	0.39736	0.0911	0.15543	0.05229	0.19054	0.11327
V364	0.1739	0.16826	0.11275	0.07137	0.21479	0.25893
V365	0.23891	0.30934	0.10014	0.16941	0.11425	0.06796
V366	0.0954	0.19959	0.41028	0.09538	0.15114	0.04821
V367	0.05522	0.01097	0.056	0.48823	0.34808	0.0415
V368	0.15486	0.12694	0.16032	0.07001	0.23827	0.2496
V369	0.06228	0.02714	0.04356	0.10895	0.69646	0.06161
V370	0.06177	0.07474	0.54839	0.1544	0.09932	0.06137
V371	0.09785	0.19977	0.07151	0.41971	0.12165	0.08951
V372	0.09897	0.45736	0.08005	0.07604	0.22753	0.06004
V373	0.4677	0.05708	0.13191	0.04971	0.1107	0.1829
V374	0.13043	0.02663	0.24499	0.42489	0.1305	0.04257
V375	0.23522	0.03161	0.23472	0.09665	0.32451	0.07729
V376	0.18162	0.05583	0.12444	0.14698	0.18669	0.30444
V377	0.06301	0.0174	0.3577	0.04713	0.46757	0.04719
V378	0.19171	0.07859	0.26966	0.02973	0.13783	0.29249
V379	0.32813	0.03927	0.23667	0.03606	0.10544	0.25442
V380	0.04146	0.03224	0.06415	0.07469	0.75138	0.03609
V381	0.20448	0.04889	0.31394	0.26802	0.10677	0.0579
V382	0.04455	0.02729	0.04502	0.21209	0.63919	0.03185
V383	0.13646	0.05066	0.3685	0.27968	0.1122	0.0525
V384	0.05305	0.03089	0.7079	0.04972	0.11369	0.04475
V385	0.25537	0.02734	0.15775	0.02795	0.11751	0.41407
V386	0.33183	0.06216	0.30996	0.05386	0.14511	0.09708
V387	0.15153	0.02901	0.10007	0.55139	0.12413	0.04387
V388	0.42241	0.07814	0.24014	0.0493	0.10714	0.10285
V389	0.29538	0.09608	0.13178	0.03603	0.12245	0.31827
V390	0.07712	0.04266	0.05935	0.5929	0.1588	0.06917
V391	0.06297	0.01848	0.05845	0.48403	0.32736	0.04871
V392	0.1034	0.04727	0.45503	0.13152	0.09197	0.17082
V393	0.0935	0.1289	0.3615	0.09347	0.20812	0.11451
V394	0.04649	0.01385	0.07027	0.66553	0.17666	0.02721
V395	0.03126	0.06113	0.76013	0.03974	0.06988	0.03786
V396	0.27692	0.07695	0.08947	0.33037	0.15688	0.06941
V397	0.19664	0.16612	0.14086	0.04373	0.15451	0.29814
V398	0.09643	0.44772	0.08931	0.07714	0.2463	0.0431
V399	0.03772	0.01439	0.73518	0.07261	0.08821	0.0519
V400	0.14825	0.03764	0.08415	0.37911	0.13227	0.21858
V401	0.10983	0.03273	0.56999	0.04383	0.17207	0.07154
V402	0.0749	0.02342	0.05541	0.67507	0.13403	0.03716
V403	0.14786	0.00793	0.09096	0.0754	0.43879	0.23906
V404	0.02978	0.02349	0.80744	0.0312	0.06786	0.04022
V405	0.2139	0.27362	0.15394	0.09739	0.19865	0.0625
V406	0.14996	0.06332	0.22657	0.1222	0.26022	0.17772
V407	0.08257	0.03115	0.65669	0.02729	0.08482	0.11748
V408	0.07308	0.09224	0.07914	0.56672	0.12553	0.06329
V409	0.49777	0.07797	0.13056	0.05457	0.10943	0.1297
V410	0.5077	0.06079	0.12972	0.05525	0.1255	0.12104
V411	0.18035	0.02201	0.10806	0.26669	0.12036	0.30253
V412	0.3108	0.17029	0.14587	0.09174	0.20254	0.07876
V413	0.05282	0.09524	0.07203	0.60433	0.14858	0.027
V414	0.09131	0.06456	0.06325	0.49049	0.25147	0.03892
V415	0.06599	0.01877	0.3078	0.34663	0.19172	0.06909
V416	0.07282	0.11594	0.0585	0.24738	0.43332	0.07204
V417	0.22441	0.01892	0.17533	0.1475	0.11324	0.3206
V418	0.04765	0.06905	0.35736	0.15072	0.32536	0.04987
V419	0.2451	0.04298	0.1334	0.02862	0.12817	0.42173
V420	0.25384	0.01698	0.13395	0.03788	0.12837	0.42898
V421	0.06151	0.04263	0.08929	0.1146	0.64765	0.04432
V422	0.14635	0.22327	0.06629	0.06522	0.4494	0.04947
V423	0.07278	0.12982	0.05128	0.58137	0.13493	0.02982
V424	0.42718	0.11693	0.13299	0.11035	0.10853	0.10403
V425	0.04567	0.07999	0.0537	0.06146	0.72341	0.03578
V426	0.18802	0.05322	0.2708	0.03567	0.1148	0.33748
V427	0.27737	0.12592	0.20496	0.1595	0.12877	0.10349
V428	0.1736	0.03108	0.06269	0.55896	0.12622	0.04744
V429	0.04401	0.02491	0.12268	0.48156	0.29244	0.03441
V430	0.06524	0.07544	0.4915	0.20307	0.10402	0.06073
V431	0.02647	0.02242	0.78759	0.05561	0.06943	0.03848
V432	0.06858	0.31213	0.0801	0.37276	0.1355	0.03094
V433	0.0455	0.01484	0.07703	0.70468	0.1342	0.02376
V434	0.05727	0.21929	0.17984	0.39994	0.11453	0.02913
V435	0.07538	0.00561	0.0578	0.05441	0.69855	0.10825
V436	0.4547	0.12736	0.13109	0.07124	0.10862	0.107
V437	0.1566	0.22068	0.29389	0.06009	0.19075	0.07799
V438	0.07978	0.27454	0.06491	0.10568	0.43654	0.03855
V439	0.04092	0.01242	0.11757	0.05911	0.73523	0.03475
V440	0.11767	0.05336	0.38387	0.08827	0.26616	0.09067
V441	0.0916	0.06953	0.43555	0.16507	0.10773	0.13052
V442	0.26368	0.12488	0.23076	0.10144	0.15172	0.12752
V443	0.05054	0.01369	0.0921	0.64623	0.16104	0.0364
V444	0.39812	0.06553	0.1408	0.07644	0.19334	0.12577
V445	0.51176	0.06135	0.14622	0.05458	0.10731	0.11879
V446	0.0825	0.39613	0.27971	0.06921	0.12044	0.05203
V447	0.16101	0.19262	0.08713	0.20616	0.16379	0.18929
V448	0.04114	0.03023	0.7258	0.03421	0.12838	0.04024
V449	0.32231	0.05864	0.10896	0.29236	0.114	0.10372
V450	0.07796	0.02211	0.58793	0.03793	0.22739	0.04667
V451	0.08964	0.04084	0.16504	0.17149	0.49207	0.04091
V452	0.12634	0.02865	0.10093	0.40567	0.17094	0.16747
V453	0.20354	0.02655	0.47394	0.13863	0.09441	0.06293
V454	0.13503	0.06423	0.14295	0.4845	0.12553	0.04775
V455	0.12164	0.52649	0.11561	0.07683	0.11277	0.04666
V456	0.45901	0.04551	0.15267	0.05981	0.14924	0.13375
V457	0.19431	0.02244	0.10784	0.04551	0.32215	0.30776
V458	0.07152	0.00988	0.37312	0.05088	0.41324	0.08135
V459	0.04257	0.02819	0.50249	0.30358	0.09082	0.03234
V460	0.23243	0.07485	0.2798	0.15714	0.13277	0.12302
V461	0.17823	0.05129	0.07873	0.39497	0.22945	0.06734
V462	0.03349	0.01485	0.77042	0.04678	0.0786	0.05587
V463	0.03851	0.02534	0.04982	0.09592	0.76021	0.0302
V464	0.11078	0.53154	0.09478	0.07781	0.1457	0.03939
V465	0.22689	0.10092	0.41785	0.0403	0.12948	0.08457
V466	0.08039	0.0291	0.0621	0.59822	0.18847	0.04171
V467	0.51983	0.05425	0.13975	0.05465	0.10802	0.1235
V468	0.20929	0.10027	0.14247	0.24986	0.23825	0.05986
V469	0.05654	0.11329	0.56358	0.11283	0.09003	0.06373
V470	0.33254	0.04184	0.12766	0.11741	0.29134	0.08922
V471	0.07518	0.17312	0.46265	0.09204	0.12556	0.07146
V472	0.09539	0.35116	0.06939	0.08473	0.34578	0.05355
V473	0.1016	0.588	0.0995	0.06025	0.11383	0.03681
V474	0.06778	0.01471	0.33519	0.4356	0.11066	0.03606
V475	0.07503	0.12205	0.25524	0.18906	0.31271	0.04591
V476	0.29823	0.04621	0.10597	0.22113	0.15793	0.17053
V477	0.1136	0.41442	0.12797	0.12638	0.13212	0.08551
V478	0.0417	0.0221	0.74019	0.0462	0.08013	0.06968
V479	0.06556	0.11509	0.61416	0.04301	0.11655	0.04562
V480	0.05941	0.177	0.05553	0.28834	0.38996	0.02976
V481	0.23802	0.09453	0.16574	0.11303	0.30809	0.0806
V482	0.37855	0.03588	0.14508	0.04887	0.11378	0.27785
V483	0.0939	0.5579	0.13598	0.06459	0.11131	0.03632
V484	0.45265	0.04684	0.17954	0.05181	0.15542	0.11374
V485	0.17072	0.11772	0.44128	0.10285	0.09512	0.07231
V486	0.14527	0.02082	0.60087	0.0655	0.07899	0.08854
V487	0.06631	0.24536	0.06001	0.06634	0.52515	0.03682
V488	0.18774	0.44892	0.10769	0.09004	0.11122	0.0544
V489	0.42964	0.06193	0.18378	0.05981	0.15499	0.10985
V490	0.23634	0.05388	0.11918	0.08635	0.1445	0.35974
V491	0.08976	0.20836	0.31498	0.04621	0.28839	0.05231
V492	0.16048	0.0398	0.26916	0.11185	0.18478	0.23394
V493	0.4358	0.14815	0.12169	0.07909	0.10929	0.10598
V494	0.15379	0.04112	0.38142	0.05168	0.09633	0.27566
V495	0.16695	0.37979	0.22691	0.06576	0.10963	0.05097
V496	0.15614	0.11189	0.29358	0.04173	0.27916	0.1175
V497	0.05697	0.14766	0.1667	0.0826	0.51152	0.03455
V498	0.08486	0.08982	0.31495	0.30494	0.15521	0.05022
V499	0.09191	0.44441	0.19253	0.10594	0.11922	0.046
V500	0.27032	0.16563	0.13977	0.09758	0.23529	0.0914
V501	0.11418	0.54567	0.09295	0.07693	0.12074	0.04954
V502	0.04509	0.01439	0.04595	0.25371	0.60641	0.03445
V503	0.10797	0.24077	0.08821	0.40062	0.12779	0.03464
V504	0.10721	0.54473	0.12578	0.05876	0.12479	0.03872
V505	0.04566	0.01186	0.41697	0.34458	0.12821	0.05272
V506	0.25762	0.032	0.13094	0.17872	0.17674	0.22397
V507	0.24849	0.01549	0.1346	0.02795	0.13819	0.43527
V508	0.08935	0.38467	0.10731	0.12224	0.2569	0.03954
V509	0.05741	0.02088	0.0514	0.62258	0.22145	0.02629
V510	0.50877	0.05211	0.12946	0.05527	0.13343	0.12097
V511	0.20128	0.02481	0.10103	0.2512	0.12813	0.29355
V512	0.08561	0.17489	0.50531	0.05956	0.10616	0.06847
V513	0.04463	0.02123	0.21149	0.09699	0.59024	0.03542
V514	0.10994	0.51971	0.1392	0.05461	0.11042	0.06612
V515	0.09782	0.27604	0.07178	0.38441	0.12133	0.04861
V516	0.03545	0.05074	0.6548	0.04339	0.17264	0.04298
V517	0.03384	0.01002	0.33898	0.22648	0.35696	0.03373
V518	0.21538	0.29053	0.1172	0.14071	0.14977	0.08641
V519	0.14993	0.3907	0.09822	0.12055	0.12071	0.1199
V520	0.37518	0.11061	0.13277	0.14796	0.10956	0.12393
V521	0.08365	0.00834	0.05041	0.07439	0.7338	0.04942
V522	0.24012	0.16274	0.10386	0.0734	0.28916	0.13071
V523	0.25377	0.16065	0.14796	0.17375	0.11825	0.14561
V524	0.07702	0.00849	0.10467	0.18641	0.53822	0.08519
V525	0.32869	0.03148	0.16423	0.05354	0.11151	0.31056
V526	0.08526	0.48342	0.15121	0.06259	0.18103	0.03649
V527	0.21171	0.03515	0.51277	0.04645	0.12444	0.06947
V528	0.46097	0.0476	0.21422	0.05882	0.10953	0.10885
V529	0.08469	0.07213	0.06996	0.5897	0.14779	0.03573
V530	0.10012	0.18053	0.31794	0.14143	0.16037	0.09962
V531	0.5133	0.06162	0.13102	0.06334	0.10874	0.12199
V532	0.09616	0.01635	0.10347	0.5221	0.2215	0.04042
V533	0.11979	0.01076	0.28863	0.06381	0.35834	0.15867
V534	0.08884	0.01298	0.06453	0.51269	0.20717	0.1138
V535	0.2996	0.06652	0.26169	0.16856	0.10896	0.09467
V536	0.04256	0.01247	0.61949	0.18639	0.08129	0.0578
V537	0.08722	0.41424	0.07995	0.24874	0.12581	0.04404
V538	0.15312	0.01291	0.09537	0.37599	0.12351	0.2391
V539	0.05276	0.01329	0.05735	0.5919	0.2503	0.03439
V540	0.19987	0.02955	0.33565	0.05996	0.28857	0.08639
V541	0.06771	0.18864	0.06053	0.49798	0.14561	0.03954
V542	0.07613	0.38007	0.08589	0.2502	0.17268	0.03503
V543	0.03258	0.01027	0.53333	0.06429	0.3181	0.04143
V544	0.22638	0.04371	0.13037	0.067	0.14541	0.38713
V545	0.07749	0.4175	0.12597	0.07608	0.26548	0.03748
V546	0.32158	0.08184	0.09969	0.27422	0.13818	0.08451
V547	0.07957	0.07547	0.05108	0.36593	0.36264	0.06531
V548	0.24751	0.03372	0.13445	0.02827	0.1283	0.42774
V549	0.10597	0.01585	0.5584	0.11654	0.10739	0.09585
V550	0.04298	0.01461	0.30861	0.05049	0.54614	0.03717
V551	0.17371	0.06564	0.14053	0.14695	0.20162	0.27154
V552	0.06378	0.03928	0.16462	0.28034	0.39677	0.05521
V553	0.46182	0.04698	0.14987	0.08648	0.14035	0.11449
V554	0.10559	0.55062	0.11055	0.05703	0.11871	0.05749
V555	0.26379	0.02593	0.11931	0.28049	0.11629	0.1942
V556	0.07104	0.02185	0.40395	0.34568	0.1131	0.04438
V557	0.11609	0.50055	0.15519	0.06175	0.11485	0.05158
V558	0.27501	0.17683	0.11069	0.15788	0.1129	0.16669
V559	0.03886	0.0059	0.0374	0.17916	0.70643	0.03225
V560	0.40818	0.06641	0.12862	0.06845	0.1946	0.13375
V561	0.02627	0.03074	0.80472	0.03139	0.06774	0.03914
V562	0.2997	0.20808	0.14516	0.12013	0.11574	0.11118
V563	0.23437	0.0165	0.12486	0.10287	0.12019	0.40122
V564	0.16508	0.07663	0.09126	0.04804	0.35485	0.26414
V565	0.24844	0.01596	0.14329	0.02758	0.12846	0.43628
V566	0.20757	0.10153	0.13472	0.08539	0.14966	0.32113
V567	0.22051	0.2351	0.09117	0.24357	0.13799	0.07165
V568	0.06437	0.00726	0.05252	0.08923	0.75158	0.03503
V569	0.43442	0.07819	0.12333	0.08398	0.11876	0.16132
V570	0.38534	0.15021	0.14099	0.10886	0.11551	0.09909
V571	0.04999	0.18273	0.56713	0.05199	0.11029	0.03785
V572	0.03912	0.02077	0.69127	0.05095	0.15601	0.04189
V573	0.14507	0.51175	0.10069	0.05871	0.13282	0.05096
V574	0.13743	0.01387	0.41646	0.07213	0.12931	0.23081
V575	0.09412	0.43844	0.13548	0.15217	0.12457	0.05522
V576	0.20552	0.10191	0.08269	0.05687	0.4919	0.0611
V577	0.21779	0.06014	0.07843	0.10847	0.44954	0.08563
V578	0.07538	0.00561	0.0578	0.05441	0.69855	0.10825
V579	0.05929	0.03172	0.18045	0.25672	0.43692	0.03491
V580	0.10599	0.02931	0.12331	0.36125	0.31262	0.06752
V581	0.36954	0.07255	0.16905	0.12513	0.17303	0.09068
V582	0.37105	0.04793	0.11712	0.23137	0.12093	0.1116
V583	0.11148	0.051	0.32796	0.0353	0.29652	0.17774
V584	0.10915	0.02667	0.06808	0.3339	0.33699	0.12522
V585	0.096	0.3289	0.2611	0.11824	0.11604	0.07972
V586	0.14098	0.50004	0.12893	0.06393	0.11711	0.049
V587	0.16091	0.02871	0.29511	0.34576	0.11108	0.05843
V588	0.05395	0.02158	0.07827	0.67933	0.14163	0.02525
V589	0.11187	0.22353	0.30501	0.10848	0.1063	0.14481
V590	0.13661	0.04872	0.40014	0.09876	0.10399	0.21179
V591	0.41724	0.04433	0.13895	0.184	0.1173	0.09818
V592	0.08105	0.24481	0.12995	0.35713	0.15259	0.03447
V593	0.04681	0.02104	0.05135	0.72057	0.13675	0.02348
V594	0.11062	0.01522	0.08268	0.54196	0.13404	0.11548
V595	0.10155	0.20897	0.10952	0.15237	0.30768	0.11991
V596	0.05613	0.16768	0.05864	0.12026	0.56762	0.02967
V597	0.24192	0.0239	0.09204	0.0644	0.51136	0.06637
V598	0.48767	0.08411	0.12888	0.05449	0.11751	0.12735
V599	0.18064	0.02163	0.09758	0.18245	0.21702	0.30068
V600	0.29481	0.11649	0.10878	0.09416	0.1806	0.20515
V601	0.12797	0.13046	0.11878	0.3496	0.11829	0.1549
V602	0.07222	0.02113	0.13626	0.05865	0.60838	0.10336
V603	0.15087	0.30071	0.1276	0.09631	0.14081	0.1837
V604	0.07228	0.31366	0.06068	0.06729	0.45071	0.03538
V605	0.06829	0.02796	0.06195	0.05967	0.7356	0.04652
V606	0.30324	0.05845	0.30526	0.09974	0.09746	0.13585
V607	0.18753	0.04779	0.10135	0.05376	0.29544	0.31414
V608	0.12486	0.44057	0.09368	0.11296	0.134	0.09393
V609	0.04663	0.02127	0.5913	0.21757	0.08428	0.03895
V610	0.06948	0.11251	0.42931	0.18739	0.13082	0.07049
V611	0.0934	0.56072	0.10062	0.08327	0.12644	0.03556
V612	0.05412	0.15279	0.05544	0.58623	0.12807	0.02335
V613	0.3629	0.15739	0.12939	0.04619	0.11109	0.19304
V614	0.08776	0.10932	0.48903	0.04093	0.15074	0.12223
V615	0.04628	0.04694	0.08554	0.06631	0.71809	0.03684
V616	0.24656	0.31514	0.10128	0.08955	0.13469	0.11278
V617	0.04293	0.01153	0.03789	0.07044	0.803	0.0342
V618	0.14334	0.03666	0.5836	0.04151	0.1037	0.09119
V619	0.07835	0.43417	0.20059	0.07924	0.16631	0.04133
V620	0.17869	0.02417	0.3434	0.04248	0.09978	0.31148
V621	0.04881	0.01384	0.10526	0.63877	0.15985	0.03346
V622	0.28395	0.14794	0.103	0.05528	0.33052	0.07931
V623	0.14905	0.49235	0.10222	0.05589	0.12505	0.07543
V624	0.08346	0.41156	0.07273	0.27432	0.11945	0.03848
V625	0.07659	0.10937	0.21493	0.41403	0.13304	0.05204
V626	0.08017	0.03815	0.06749	0.20862	0.49388	0.11169
V627	0.33065	0.03615	0.09171	0.33911	0.11658	0.0858
V628	0.12817	0.06253	0.33643	0.11894	0.19115	0.16278
V629	0.06911	0.31644	0.06266	0.39072	0.13045	0.03061
V630	0.36757	0.04248	0.13961	0.09597	0.14557	0.2088
V631	0.18688	0.01393	0.1593	0.16505	0.15943	0.31541
V632	0.05651	0.03146	0.15292	0.30797	0.40934	0.0418
V633	0.04223	0.1509	0.65439	0.04189	0.07474	0.03585
V634	0.39874	0.05118	0.12031	0.22381	0.11163	0.09433
V635	0.04489	0.04945	0.24618	0.51545	0.11425	0.02978
V636	0.09165	0.42697	0.0761	0.11417	0.22978	0.06133
V637	0.20752	0.06706	0.12211	0.03303	0.21605	0.35422
V638	0.06387	0.08962	0.09311	0.47094	0.24864	0.03381
V639	0.18647	0.06567	0.13378	0.08175	0.43273	0.0996
V640	0.08331	0.12078	0.44295	0.05206	0.20147	0.09942
V641	0.03786	0.06885	0.44173	0.06644	0.34883	0.03629
V642	0.182	0.05436	0.33365	0.18696	0.09914	0.1439
V643	0.4515	0.05393	0.1176	0.13585	0.12688	0.11424
V644	0.42662	0.05091	0.11765	0.14324	0.11946	0.14212
V645	0.39853	0.0565	0.13236	0.13232	0.11043	0.16987
V646	0.04166	0.01588	0.39541	0.04697	0.46182	0.03827
V647	0.18406	0.02535	0.11701	0.31797	0.14478	0.21083
V648	0.14849	0.26484	0.20332	0.09525	0.1276	0.16049
V649	0.1107	0.02567	0.0797	0.60109	0.1414	0.04144
V650	0.15743	0.15854	0.23036	0.05796	0.34266	0.05304
V651	0.14237	0.26491	0.1446	0.07704	0.24212	0.12896
V652	0.06275	0.01475	0.14203	0.59732	0.1492	0.03396
V653	0.1304	0.32923	0.11213	0.07583	0.2019	0.1505
V654	0.44845	0.05429	0.18785	0.05985	0.13681	0.11275
V655	0.20345	0.01597	0.10675	0.10243	0.37406	0.19733
V656	0.0911	0.07714	0.534	0.07762	0.17123	0.0489
V657	0.25451	0.03178	0.08377	0.1467	0.34747	0.13577
V658	0.04652	0.06972	0.18027	0.55748	0.12055	0.02546
V659	0.10092	0.5668	0.09871	0.06483	0.12018	0.04855
V660	0.46691	0.05676	0.12941	0.0674	0.11028	0.16924
V661	0.15051	0.01272	0.22064	0.15685	0.23358	0.2257
V662	0.41543	0.05078	0.12878	0.15946	0.11843	0.12711
V663	0.07256	0.12487	0.05952	0.0935	0.61307	0.03648
V664	0.10622	0.06635	0.63252	0.03381	0.0994	0.0617
V665	0.04236	0.00477	0.03749	0.07047	0.81058	0.03432
V666	0.24815	0.26007	0.10108	0.14917	0.14315	0.09838
V667	0.22273	0.01616	0.15569	0.07477	0.13545	0.39519
V668	0.43816	0.15583	0.13025	0.06341	0.10849	0.10386
V669	0.18452	0.10602	0.09173	0.27891	0.12738	0.21143
V670	0.10804	0.27384	0.09192	0.30086	0.13404	0.0913
V671	0.19664	0.02569	0.07279	0.52892	0.12404	0.05191
V672	0.09103	0.39356	0.07191	0.28837	0.12027	0.03487
V673	0.1686	0.13427	0.28051	0.03737	0.10186	0.27739
V674	0.4193	0.0427	0.11394	0.05525	0.26891	0.0999
V675	0.22162	0.1286	0.1349	0.03292	0.14005	0.34191
V676	0.0518	0.01472	0.11863	0.65235	0.13673	0.02578
V677	0.17402	0.30109	0.22478	0.04167	0.10178	0.15667
V678	0.14945	0.0746	0.1136	0.05563	0.46351	0.14321
V679	0.21057	0.10196	0.1586	0.05693	0.12223	0.3497
V680	0.04978	0.0076	0.33494	0.0474	0.50103	0.05926
V681	0.11975	0.50507	0.11805	0.05979	0.11168	0.08566
V682	0.12207	0.4065	0.08766	0.06444	0.19943	0.1199
V683	0.0609	0.0052	0.0501	0.05793	0.75441	0.07146
V684	0.12515	0.49797	0.08849	0.12042	0.12142	0.04655
V685	0.07168	0.42056	0.27198	0.05022	0.14803	0.03753
V686	0.20302	0.0313	0.44633	0.04035	0.10598	0.17301
V687	0.11918	0.20335	0.30039	0.12402	0.09999	0.15307
V688	0.2813	0.02586	0.09709	0.05779	0.3842	0.15377
V689	0.07893	0.03039	0.58427	0.13252	0.10607	0.06783
V690	0.09227	0.01517	0.0814	0.07541	0.62706	0.10868
V691	0.10728	0.34193	0.22576	0.11264	0.14054	0.07184
V692	0.30616	0.03247	0.08624	0.31364	0.18076	0.08073
V693	0.42764	0.14091	0.13645	0.06952	0.10828	0.1172
V694	0.42249	0.13893	0.12673	0.09408	0.10882	0.10894
V695	0.44258	0.04488	0.11646	0.06993	0.19529	0.13086
V696	0.10421	0.34233	0.10763	0.10405	0.29611	0.04567
V697	0.06783	0.03101	0.65694	0.07419	0.10824	0.0618
V698	0.09867	0.5828	0.09314	0.06604	0.12094	0.0384
V699	0.14844	0.03658	0.51048	0.06937	0.15131	0.08382
V700	0.11262	0.01803	0.04867	0.06748	0.70161	0.05159
V701	0.48908	0.05032	0.13932	0.05114	0.10957	0.16057
V702	0.1955	0.03179	0.16066	0.18114	0.12314	0.30776
V703	0.16118	0.35613	0.09383	0.05829	0.27679	0.05377
V704	0.24653	0.24103	0.25633	0.04658	0.11436	0.09518
V705	0.06197	0.09118	0.25744	0.18207	0.36566	0.04167
V706	0.13547	0.08951	0.34864	0.03316	0.19994	0.19329
V707	0.38009	0.05381	0.12898	0.0415	0.12346	0.27216
V708	0.06129	0.29606	0.45418	0.05627	0.09403	0.03818
V709	0.04561	0.01343	0.04403	0.65843	0.21441	0.02409
V710	0.25624	0.07396	0.18128	0.09675	0.28795	0.10382
V711	0.07305	0.17882	0.38194	0.1924	0.1021	0.07169
V712	0.05857	0.20044	0.06204	0.06645	0.57768	0.03482
V713	0.20394	0.3817	0.12248	0.08289	0.13191	0.07707
V714	0.07033	0.35398	0.38762	0.05242	0.099	0.03665
V715	0.04324	0.0319	0.77618	0.03082	0.06957	0.04829
V716	0.13968	0.03584	0.07985	0.29281	0.28548	0.16634
V717	0.0581	0.01293	0.06062	0.05951	0.75784	0.05099
V718	0.06226	0.27874	0.06152	0.06083	0.50518	0.03147
V719	0.10017	0.53767	0.11274	0.06408	0.1383	0.04703
V720	0.1782	0.02093	0.26238	0.30344	0.13635	0.0987
V721	0.12611	0.22488	0.2646	0.03846	0.1824	0.16357
V722	0.0405	0.00494	0.04962	0.06351	0.80974	0.03169
V723	0.08868	0.45418	0.1142	0.06916	0.22453	0.04925
V724	0.08713	0.23871	0.34825	0.12662	0.16206	0.03722
V725	0.07528	0.052	0.10385	0.15614	0.53795	0.07478
V726	0.04922	0.02513	0.46652	0.06456	0.3332	0.06137
V727	0.19016	0.01501	0.19477	0.16428	0.12069	0.31509
V728	0.05526	0.02123	0.04771	0.69696	0.13698	0.04186
V729	0.16606	0.35314	0.10195	0.08436	0.2351	0.0594
V730	0.14173	0.01475	0.1532	0.38032	0.1257	0.1843
V731	0.13498	0.05649	0.41888	0.03814	0.24858	0.10294
V732	0.1134	0.30799	0.092	0.08911	0.31232	0.08518
V733	0.16592	0.01779	0.30035	0.20596	0.15273	0.15726
V734	0.19653	0.01695	0.3224	0.02563	0.11867	0.31981
V735	0.06396	0.07658	0.06306	0.61011	0.13481	0.05149
V736	0.12582	0.39097	0.13674	0.08169	0.1234	0.14137
V737	0.03682	0.00462	0.04273	0.07066	0.81417	0.03099
V738	0.22005	0.06501	0.14316	0.34825	0.12995	0.09357
V739	0.13584	0.24199	0.20274	0.07902	0.27182	0.0686
V740	0.06551	0.19913	0.34455	0.08231	0.26347	0.04503
V741	0.24883	0.14166	0.20674	0.11962	0.21492	0.06822
V742	0.19322	0.03044	0.09554	0.38499	0.22182	0.074
V743	0.05435	0.09126	0.24901	0.29899	0.26781	0.03858
V744	0.27766	0.10786	0.12086	0.17573	0.11344	0.20444
V745	0.08757	0.36216	0.07327	0.09208	0.34774	0.03719
V746	0.46567	0.06459	0.13142	0.0777	0.12568	0.13494
V747	0.14005	0.02231	0.14666	0.0841	0.54903	0.05785
V748	0.1552	0.05702	0.28556	0.05935	0.20923	0.23365
V749	0.2946	0.03689	0.10487	0.17994	0.20944	0.17425
V750	0.05091	0.07502	0.04639	0.6622	0.14175	0.02372
V751	0.04978	0.02097	0.07084	0.67025	0.16331	0.02484
V752	0.14402	0.02242	0.08188	0.11602	0.57816	0.05749
V753	0.15222	0.01039	0.10668	0.12598	0.40679	0.19795
V754	0.11177	0.32871	0.1763	0.10375	0.15123	0.12824
V755	0.21811	0.05264	0.08725	0.07622	0.46046	0.10532
V756	0.22817	0.02468	0.13249	0.03952	0.1739	0.40124
V757	0.14742	0.34129	0.10034	0.06765	0.16637	0.17692
V758	0.20824	0.45585	0.10065	0.06479	0.1117	0.05877
V759	0.11393	0.0267	0.09495	0.16601	0.5219	0.07652
V760	0.24241	0.01628	0.13987	0.0556	0.1198	0.42605
V761	0.03271	0.0142	0.3272	0.06516	0.52803	0.0327
V762	0.07211	0.01516	0.67602	0.06456	0.09865	0.0735
V763	0.06005	0.12255	0.06839	0.55741	0.15538	0.03622
V764	0.15799	0.02286	0.1445	0.2141	0.32098	0.13957
