CD14.pos.CD16.neg.classical.monocyte	mature.neutrophil	memory.B.cell	cytotoxic.CD56.dim.NK.cell	memory.CD4.pos.AB.T.cell	macrophage
V1	0.12211	0.01923	0.69747	0.03033	0.06856	0.0623
V2	0.4079	0.11079	0.07992	0.11989	0.17579	0.1057
V3	0.22996	0.05922	0.23525	0.03544	0.08186	0.35827
V4	0.20778	0.34013	0.06105	0.11109	0.17271	0.10725
V5	0.05925	0.05345	0.00039	0.4961	0.35876	0.03206
V6	0.22766	0.02572	0.19067	0.0652	0.2124	0.27835
V7	0.0919	0.29947	0.0244	0.06004	0.4767	0.04749
V8	0.4865	0.05738	0.09797	0.12936	0.0858	0.14299
V9	0.24704	0.14175	0.05717	0.23783	0.126	0.19021
V10	0.33457	0.04568	0.09794	0.29366	0.12664	0.10151
V11	0.13052	0.57324	0.06742	0.06893	0.10865	0.05124
V12	0.24442	0.03576	0.12958	0.04465	0.08363	0.46195
V13	0.12025	0.40034	0.27044	0.06264	0.09272	0.05361
V14	0.09383	0.03588	0.0205	0.66716	0.13976	0.04286
V15	0.35144	0.07638	0.06254	0.13191	0.26007	0.11766
V16	0.09661	0.02333	0.02254	0.33915	0.40676	0.11162
V17	0.2306	0.04327	0.19758	0.03598	0.07544	0.41714
V18	0.50031	0.13059	0.10496	0.06148	0.07626	0.1264
V19	0.41453	0.05996	0.21352	0.04548	0.15365	0.11286
V20	0.43563	0.06833	0.14546	0.12731	0.08592	0.13735
V21	0.2476	0.04501	0.09841	0.04549	0.11767	0.44581
V22	0.16806	0.05638	0.03186	0.08884	0.57851	0.07634
V23	0.08954	0.01883	0.27743	0.04048	0.52979	0.04393
V24	0.14613	0.02503	0.01958	0.12374	0.60929	0.07622
V25	0.334	0.22844	0.06686	0.14732	0.12628	0.0971
V26	0.2242	0.03005	0.04015	0.03967	0.59792	0.06802
V27	0.2136	0.02575	0.21779	0.04181	0.08314	0.41792
V28	0.14311	0.20856	0.16487	0.21369	0.1243	0.14546
V29	0.12623	0.44737	0.12518	0.10418	0.09065	0.10639
V30	0.21414	0.16869	0.13649	0.04125	0.2703	0.16913
V31	0.45706	0.03883	0.22545	0.06029	0.07096	0.1474
V32	0.06512	0.02866	0.2908	0.44591	0.10681	0.0627
V33	0.2167	0.31744	0.23061	0.06251	0.08163	0.09111
V34	0.0494	0.00834	0.41446	0.04638	0.43357	0.04786
V35	0.06404	0.05993	0.15746	0.43911	0.22372	0.05574
V36	0.12917	0.36838	0.1283	0.05627	0.25781	0.06007
V37	0.09911	0.01555	0.6503	0.03563	0.06964	0.12977
V38	0.22955	0.01994	0.19333	0.03512	0.07423	0.44783
V39	0.40401	0.05244	0.07732	0.25093	0.09806	0.11724
V40	0.11992	0.37643	0.0505	0.16099	0.20059	0.09158
V41	0.48214	0.04136	0.11674	0.04852	0.08013	0.23111
V42	0.22484	0.02675	0.47221	0.034	0.10962	0.13257
V43	0.19273	0.30792	0.0534	0.06984	0.28207	0.09405
V44	0.13682	0.58013	0.06464	0.06446	0.09549	0.05846
V45	0.31733	0.25374	0.11012	0.06462	0.09625	0.15795
V46	0.11719	0.02152	0.04151	0.24266	0.39465	0.18247
V47	0.11471	0.31715	0.03795	0.15329	0.29952	0.07738
V48	0.10554	0.45269	0.18524	0.05278	0.15894	0.04482
V49	0.12779	0.54903	0.05808	0.06152	0.15321	0.05036
V50	0.06171	0.00917	0.2237	0.0391	0.59024	0.07607
V51	0.043	0.01182	0.00099	0.04368	0.86285	0.03765
V52	0.10787	0.41057	0.23409	0.07632	0.11708	0.05408
V53	0.13957	0.01648	0.08795	0.05761	0.64714	0.05125
V54	0.10914	0.10427	0.474	0.07086	0.14924	0.0925
V55	0.04759	0.04056	0.09439	0.05631	0.72292	0.03822
V56	0.05484	0.03909	0.62745	0.1231	0.11315	0.04237
V57	0.19	0.27278	0.09187	0.04519	0.19692	0.20324
V58	0.06867	0.01592	0.72538	0.04406	0.07044	0.07552
V59	0.08001	0.02849	0.00435	0.68425	0.16655	0.03634
V60	0.35213	0.03287	0.06321	0.35245	0.10706	0.09228
V61	0.2737	0.11411	0.07327	0.16554	0.14303	0.23034
V62	0.36435	0.04735	0.12825	0.1321	0.16395	0.164
V63	0.15632	0.37411	0.07038	0.10842	0.10352	0.18725
V64	0.05261	0.09061	0.00518	0.03879	0.7755	0.03731
V65	0.38235	0.12212	0.10746	0.06147	0.11641	0.21019
V66	0.33929	0.04341	0.15152	0.05669	0.31415	0.09494
V67	0.11968	0.12809	0.27661	0.22261	0.09693	0.15607
V68	0.55133	0.04795	0.10977	0.08166	0.07322	0.13606
V69	0.416	0.05081	0.09987	0.04595	0.09898	0.2884
V70	0.07557	0.02342	0.18755	0.4924	0.17944	0.04163
V71	0.11043	0.20165	0.05504	0.11827	0.39069	0.12392
V72	0.39969	0.11571	0.13669	0.06183	0.13121	0.15487
V73	0.08647	0.01929	0.08442	0.609	0.15845	0.04237
V74	0.06684	0.13272	0.01849	0.60643	0.14335	0.03216
V75	0.11831	0.57718	0.05321	0.08036	0.12242	0.04852
V76	0.06156	0.00822	0.59067	0.05347	0.23739	0.04869
V77	0.12752	0.12355	0.10538	0.44288	0.11686	0.08381
V78	0.3618	0.11353	0.11679	0.13969	0.09809	0.17011
V79	0.17472	0.39055	0.08037	0.05093	0.08488	0.21855
V80	0.16759	0.407	0.07067	0.05817	0.10006	0.19651
V81	0.46643	0.10736	0.14738	0.05802	0.08938	0.13143
V82	0.11581	0.52073	0.05214	0.08902	0.16978	0.05252
V83	0.151	0.12986	0.04598	0.33824	0.23938	0.09554
V84	0.26167	0.03476	0.11377	0.36363	0.13098	0.0952
V85	0.53003	0.04574	0.16267	0.05787	0.07133	0.13235
V86	0.23052	0.04468	0.15405	0.26451	0.10836	0.19788
V87	0.05942	0.03417	0.02231	0.69935	0.14431	0.04044
V88	0.14075	0.04009	0.03981	0.42452	0.1665	0.18833
V89	0.14644	0.13824	0.39276	0.04088	0.07213	0.20955
V90	0.1304	0.45923	0.14033	0.06094	0.14482	0.06429
V91	0.07039	0.02069	0.03965	0.11519	0.7042	0.04989
V92	0.05331	0.06243	0.01099	0.04381	0.78359	0.04587
V93	0.21055	0.065	0.06078	0.11175	0.31533	0.23659
V94	0.05292	0.02271	0.22134	0.54885	0.11985	0.03434
V95	0.04578	0.01717	0.25194	0.12192	0.5275	0.03569
V96	0.12619	0.27437	0.05046	0.07903	0.3427	0.12724
V97	0.043	0.01892	0.00699	0.08589	0.81202	0.03319
V98	0.0759	0.07698	0.01185	0.58362	0.21336	0.0383
V99	0.05576	0.03434	0.00739	0.71747	0.15327	0.03177
V100	0.06278	0.01747	0.38929	0.24009	0.22561	0.06476
V101	0.08622	0.27521	0.37114	0.11929	0.09312	0.05502
V102	0.51585	0.05202	0.174	0.05732	0.07106	0.12975
V103	0.42744	0.0532	0.09026	0.17042	0.13236	0.12632
V104	0.07197	0.01632	0.1879	0.54252	0.13582	0.04546
V105	0.24116	0.02073	0.15373	0.03643	0.07449	0.47346
V106	0.1259	0.01055	0.53252	0.02757	0.07749	0.22597
V107	0.13843	0.45001	0.21884	0.05366	0.08687	0.05219
V108	0.1924	0.04011	0.09636	0.04204	0.27014	0.35895
V109	0.20395	0.02529	0.0833	0.03506	0.2532	0.3992
V110	0.09801	0.1343	0.58423	0.03291	0.08023	0.07032
V111	0.0546	0.02286	0.73749	0.04534	0.08923	0.05048
V112	0.09545	0.24703	0.01847	0.46171	0.13562	0.04172
V113	0.07212	0.07948	0.52464	0.0626	0.20928	0.05187
V114	0.14553	0.01346	0.55294	0.14912	0.07681	0.06215
V115	0.33407	0.07447	0.0904	0.06477	0.19931	0.23698
V116	0.54216	0.04688	0.10721	0.09558	0.07427	0.1339
V117	0.36185	0.03877	0.05994	0.11679	0.32488	0.09776
V118	0.11395	0.46743	0.12401	0.07972	0.15463	0.06027
V119	0.12421	0.55293	0.06498	0.09022	0.10257	0.0651
V120	0.12296	0.16454	0.10358	0.35169	0.19254	0.06469
V121	0.28482	0.03237	0.07502	0.24961	0.0908	0.26738
V122	0.22767	0.04196	0.03783	0.47416	0.15276	0.06562
V123	0.30335	0.03221	0.07796	0.07712	0.21025	0.29912
V124	0.05044	0.00975	0.23857	0.0403	0.61969	0.04125
V125	0.08817	0.12605	0.53862	0.08487	0.07718	0.0851
V126	0.20358	0.20687	0.11874	0.04902	0.08753	0.33427
V127	0.08194	0.00895	0.66331	0.10825	0.08439	0.05315
V128	0.25529	0.20749	0.13305	0.16628	0.1515	0.0864
V129	0.05761	0.02319	0.68987	0.0919	0.08381	0.05361
V130	0.35002	0.12197	0.06938	0.23366	0.12351	0.10146
V131	0.086	0.01243	0.03554	0.04842	0.7066	0.11101
V132	0.10046	0.34257	0.33348	0.04523	0.12737	0.0509
V133	0.10269	0.15638	0.45909	0.10279	0.12812	0.05093
V134	0.18784	0.44283	0.0626	0.0632	0.1659	0.07763
V135	0.10912	0.01686	0.60827	0.02921	0.12052	0.11602
V136	0.14996	0.48621	0.10666	0.07019	0.12565	0.06132
V137	0.0839	0.13301	0.4476	0.04976	0.24199	0.04374
V138	0.16557	0.01713	0.05765	0.33819	0.18314	0.23832
V139	0.11737	0.04968	0.1505	0.04047	0.44809	0.19389
V140	0.38588	0.1923	0.11129	0.10703	0.09017	0.11333
V141	0.20845	0.21147	0.13767	0.23635	0.12593	0.08013
V142	0.16778	0.48408	0.06912	0.10099	0.09293	0.0851
V143	0.10273	0.05807	0.51079	0.0943	0.16825	0.06586
V144	0.20938	0.14463	0.08655	0.1346	0.09224	0.3326
V145	0.0601	0.01979	0.01578	0.72113	0.13854	0.04466
V146	0.1251	0.02243	0.07571	0.04219	0.6483	0.08627
V147	0.35367	0.08306	0.17018	0.07992	0.0752	0.23797
V148	0.07755	0.14706	0.61489	0.03328	0.07323	0.05398
V149	0.1778	0.35468	0.06855	0.06866	0.08583	0.24448
V150	0.05893	0.02032	0.00105	0.7177	0.16953	0.03247
V151	0.19226	0.29808	0.07272	0.05379	0.10545	0.27771
V152	0.11179	0.18618	0.35589	0.06666	0.19903	0.08045
V153	0.05652	0.04071	0.51293	0.23195	0.11353	0.04435
V154	0.33498	0.18211	0.09503	0.04718	0.07817	0.26253
V155	0.10758	0.26823	0.09384	0.04356	0.41634	0.07045
V156	0.08605	0.34407	0.03192	0.0488	0.44953	0.03963
V157	0.16851	0.09928	0.08973	0.24397	0.10979	0.28872
V158	0.07159	0.05602	0.71592	0.03012	0.06941	0.05694
V159	0.15448	0.18946	0.28433	0.17141	0.1263	0.07403
V160	0.07428	0.00824	0.72367	0.0362	0.06748	0.09014
V161	0.09498	0.35808	0.02578	0.28393	0.197	0.04023
V162	0.10755	0.38297	0.03279	0.14089	0.27874	0.05706
V163	0.06498	0.00871	0.76895	0.02904	0.06995	0.05837
V164	0.08675	0.26785	0.30346	0.1268	0.16524	0.04991
V165	0.07977	0.02681	0.03978	0.04921	0.71113	0.0933
V166	0.12306	0.02068	0.03126	0.14539	0.47908	0.20054
V167	0.05915	0.01294	0.3415	0.41683	0.12808	0.04151
V168	0.43358	0.04732	0.0823	0.22966	0.08782	0.11932
V169	0.07036	0.01685	0.57109	0.19428	0.09071	0.0567
V170	0.30711	0.05081	0.12923	0.2646	0.15663	0.09161
V171	0.20016	0.33634	0.08306	0.04897	0.0981	0.23336
V172	0.11913	0.0667	0.44692	0.17087	0.08968	0.1067
V173	0.0852	0.02355	0.65509	0.02794	0.08673	0.12148
V174	0.40003	0.11043	0.07886	0.0558	0.25033	0.10455
V175	0.1368	0.46187	0.14024	0.06811	0.1388	0.05419
V176	0.05253	0.00777	0.76375	0.03742	0.08736	0.05118
V177	0.16384	0.07545	0.29024	0.05606	0.23418	0.18024
V178	0.06068	0.04145	0.03204	0.03577	0.78205	0.04802
V179	0.08925	0.01693	0.04911	0.50619	0.21419	0.12434
V180	0.22055	0.02947	0.18834	0.33507	0.09448	0.1321
V181	0.35471	0.11374	0.1229	0.0959	0.14305	0.1697
V182	0.07287	0.0797	0.62482	0.08488	0.07496	0.06277
V183	0.06474	0.02076	0.00855	0.73432	0.13833	0.0333
V184	0.28054	0.30033	0.06902	0.07298	0.19012	0.08701
V185	0.16112	0.37295	0.07153	0.05685	0.20404	0.13351
V186	0.05132	0.01028	0.50194	0.29576	0.10127	0.03944
V187	0.23469	0.35612	0.05639	0.06736	0.2124	0.07304
V188	0.1828	0.41427	0.07115	0.07266	0.08749	0.17164
V189	0.08095	0.06372	0.15503	0.05535	0.53734	0.10761
V190	0.09647	0.1436	0.02985	0.0528	0.55361	0.12366
V191	0.16445	0.41252	0.06472	0.05856	0.10055	0.19919
V192	0.35315	0.19065	0.14017	0.07034	0.13349	0.1122
V193	0.23258	0.10921	0.09821	0.04703	0.08692	0.42605
V194	0.05543	0.02712	0.02316	0.1223	0.7254	0.04658
V195	0.05752	0.00787	0.5896	0.10744	0.19016	0.04741
V196	0.05539	0.01928	0.02139	0.6924	0.17544	0.03609
V197	0.16879	0.01871	0.04367	0.04469	0.65908	0.06505
V198	0.14009	0.29485	0.0649	0.15439	0.28479	0.06098
V199	0.07891	0.17837	0.0962	0.11673	0.48481	0.04499
V200	0.10696	0.01819	0.46997	0.21026	0.09289	0.10173
V201	0.06724	0.02032	0.0031	0.7227	0.13668	0.04996
V202	0.13232	0.05853	0.36512	0.06188	0.20943	0.17272
V203	0.3742	0.05714	0.07033	0.30047	0.09625	0.1016
V204	0.22213	0.05707	0.11009	0.16473	0.09384	0.35214
V205	0.06021	0.0233	0.74677	0.04512	0.07263	0.05198
V206	0.06192	0.05462	0.09474	0.59696	0.15839	0.03338
V207	0.2808	0.15942	0.09063	0.22453	0.11599	0.12863
V208	0.27956	0.08545	0.3495	0.07677	0.12279	0.08594
V209	0.24519	0.34874	0.06885	0.07875	0.09344	0.16503
V210	0.12224	0.02766	0.68874	0.03097	0.06818	0.06221
V211	0.35341	0.05417	0.15156	0.04927	0.21493	0.17666
V212	0.0829	0.21216	0.17689	0.31983	0.15888	0.04934
V213	0.07831	0.06451	0.22106	0.05675	0.53455	0.04482
V214	0.49783	0.05919	0.1127	0.09415	0.10674	0.12938
V215	0.16243	0.44399	0.06218	0.07945	0.08911	0.16285
V216	0.15784	0.36261	0.26472	0.05555	0.09861	0.06067
V217	0.2157	0.01861	0.08976	0.10349	0.32606	0.24638
V218	0.1084	0.24812	0.0266	0.43551	0.14069	0.04068
V219	0.50882	0.04468	0.11772	0.05032	0.07964	0.19882
V220	0.11568	0.02922	0.0251	0.64941	0.12962	0.05096
V221	0.151	0.49938	0.07596	0.11375	0.10219	0.05771
V222	0.11466	0.21582	0.05569	0.15342	0.39758	0.06284
V223	0.15224	0.23485	0.2522	0.04655	0.10133	0.21283
V224	0.05029	0.00874	0.33227	0.03209	0.53845	0.03817
V225	0.27689	0.03106	0.11221	0.04558	0.07593	0.45832
V226	0.21337	0.05982	0.19728	0.24834	0.19053	0.09065
V227	0.40758	0.03618	0.08296	0.21504	0.0949	0.16334
V228	0.14924	0.18871	0.38518	0.08219	0.11018	0.0845
V229	0.15612	0.02375	0.31136	0.2262	0.20543	0.07715
V230	0.09644	0.13403	0.59103	0.0406	0.07229	0.06562
V231	0.08651	0.03564	0.01207	0.67193	0.15659	0.03727
V232	0.30695	0.03516	0.06771	0.2573	0.10099	0.23189
V233	0.50461	0.05112	0.11474	0.10104	0.09073	0.13776
V234	0.31156	0.02829	0.04996	0.05629	0.46047	0.09343
V235	0.10466	0.02122	0.02951	0.64977	0.14577	0.04907
V236	0.10797	0.01076	0.17318	0.04685	0.5166	0.14465
V237	0.05941	0.00762	0.67311	0.11561	0.09478	0.04947
V238	0.4092	0.034	0.12146	0.11083	0.10867	0.21584
V239	0.34562	0.05293	0.14802	0.14639	0.18902	0.11802
V240	0.06785	0.18822	0.01182	0.12988	0.56387	0.03836
V241	0.3596	0.14991	0.07359	0.18237	0.12791	0.10662
V242	0.25827	0.06103	0.09919	0.17332	0.16166	0.24653
V243	0.09502	0.29357	0.37057	0.07811	0.11331	0.04942
V244	0.15983	0.03027	0.04324	0.03555	0.54843	0.18269
V245	0.47704	0.0399	0.10941	0.04821	0.08794	0.2375
V246	0.06116	0.05075	0.18642	0.31773	0.34036	0.04358
V247	0.26806	0.08353	0.07986	0.18085	0.10489	0.28281
V248	0.19893	0.04415	0.03015	0.2062	0.43427	0.08631
V249	0.20889	0.14195	0.3344	0.10449	0.07758	0.13268
V250	0.06288	0.0346	0.00903	0.71864	0.13808	0.03677
V251	0.10892	0.40936	0.14477	0.18107	0.10445	0.05142
V252	0.05726	0.02633	0.03695	0.66509	0.17377	0.0406
V253	0.13568	0.06119	0.04211	0.33419	0.21748	0.20936
V254	0.09888	0.203	0.08108	0.18177	0.36287	0.07239
V255	0.2722	0.23857	0.11708	0.09685	0.13789	0.13741
V256	0.12325	0.57746	0.05596	0.06882	0.11559	0.05893
V257	0.11221	0.30313	0.05678	0.06629	0.38383	0.07775
V258	0.08687	0.19067	0.12523	0.43553	0.1121	0.0496
V259	0.10315	0.40572	0.28288	0.06199	0.08578	0.06049
V260	0.12812	0.04491	0.03699	0.0505	0.62821	0.11128
V261	0.33885	0.04506	0.0963	0.07178	0.26683	0.18118
V262	0.10218	0.01797	0.65876	0.03833	0.12975	0.05301
V263	0.07402	0.05718	0.51848	0.20191	0.09279	0.05563
V264	0.38893	0.04878	0.16022	0.07291	0.13234	0.19683
V265	0.06433	0.01257	0.00407	0.05701	0.82084	0.04117
V266	0.27115	0.05339	0.10936	0.04656	0.08403	0.43551
V267	0.18586	0.47877	0.05666	0.1148	0.10171	0.0622
V268	0.54854	0.04774	0.10686	0.06005	0.07296	0.16384
V269	0.07397	0.05504	0.1048	0.57924	0.14727	0.03969
V270	0.23329	0.35641	0.07665	0.06697	0.19014	0.07654
V271	0.17809	0.11497	0.25789	0.04987	0.09094	0.30826
V272	0.06677	0.01277	0.00679	0.09967	0.73573	0.07827
V273	0.08285	0.01335	0.0513	0.10052	0.68274	0.06924
V274	0.20557	0.02481	0.20543	0.07985	0.08568	0.39866
V275	0.43027	0.1736	0.09654	0.06645	0.08604	0.14708
V276	0.1905	0.20818	0.12331	0.10592	0.12222	0.24987
V277	0.34826	0.0443	0.08945	0.049	0.19862	0.27037
V278	0.13847	0.1067	0.09852	0.21951	0.37151	0.06529
V279	0.22142	0.05748	0.22671	0.08084	0.09163	0.32192
V280	0.12192	0.02219	0.01922	0.64442	0.1359	0.05633
V281	0.12421	0.56524	0.07671	0.08571	0.09592	0.05221
V282	0.0596	0.0419	0.00996	0.08714	0.75833	0.04307
V283	0.08585	0.32163	0.02503	0.05445	0.46672	0.04632
V284	0.10178	0.09056	0.26685	0.29308	0.13493	0.1128
V285	0.06273	0.03474	0.0022	0.71734	0.14626	0.03672
V286	0.41438	0.05966	0.1372	0.19243	0.08522	0.1111
V287	0.06206	0.0195	0.03322	0.10056	0.7198	0.06486
V288	0.19161	0.21936	0.07875	0.04943	0.1908	0.27005
V289	0.0632	0.07901	0.5882	0.11641	0.10207	0.0511
V290	0.05782	0.01573	0.18591	0.5637	0.1298	0.04705
V291	0.07603	0.04248	0.00441	0.69035	0.14366	0.04307
V292	0.14323	0.08761	0.03126	0.4671	0.21886	0.05195
V293	0.04964	0.04828	0.03016	0.04348	0.78685	0.04159
V294	0.34136	0.05301	0.06456	0.05786	0.32874	0.15447
V295	0.2818	0.02391	0.11345	0.03838	0.08351	0.45896
V296	0.11156	0.28449	0.09874	0.24515	0.15434	0.10573
V297	0.24226	0.07301	0.09545	0.04645	0.08611	0.45672
V298	0.11719	0.52165	0.1571	0.06453	0.09157	0.04796
V299	0.1491	0.07763	0.58991	0.04116	0.07809	0.06412
V300	0.45025	0.11916	0.12246	0.05718	0.07507	0.17589
V301	0.32475	0.31011	0.11255	0.06859	0.09157	0.09243
V302	0.08523	0.22293	0.06918	0.41308	0.16134	0.04824
V303	0.11211	0.4797	0.09132	0.06778	0.19639	0.0527
V304	0.05883	0.01227	0.02374	0.03594	0.82873	0.04047
V305	0.10858	0.02169	0.16458	0.36155	0.185	0.15861
V306	0.33776	0.10409	0.09394	0.05122	0.07718	0.33581
V307	0.15369	0.02418	0.03119	0.0509	0.64492	0.09512
V308	0.05526	0.02754	0.00069	0.7367	0.14801	0.03179
V309	0.09915	0.38989	0.03601	0.31634	0.11085	0.04776
V310	0.15277	0.28725	0.24707	0.04995	0.0957	0.16727
V311	0.38503	0.03397	0.10684	0.05033	0.0755	0.34833
V312	0.12887	0.02591	0.0146	0.30871	0.45841	0.0635
V313	0.30475	0.03363	0.09504	0.07753	0.07833	0.41071
V314	0.20111	0.0335	0.03283	0.54696	0.12587	0.05973
V315	0.17792	0.47916	0.06461	0.05914	0.13829	0.08087
V316	0.27144	0.03133	0.10161	0.09824	0.09639	0.40099
V317	0.11139	0.01924	0.025	0.55711	0.15972	0.12754
V318	0.06013	0.0272	0.03015	0.70214	0.13567	0.04471
V319	0.2618	0.16008	0.23809	0.15254	0.08973	0.09775
V320	0.20911	0.16361	0.2935	0.1281	0.08754	0.11815
V321	0.106	0.45404	0.03605	0.2484	0.11307	0.04245
V322	0.08642	0.01185	0.08727	0.04748	0.65335	0.11362
V323	0.0898	0.22644	0.01652	0.31836	0.30811	0.04077
V324	0.12367	0.04504	0.06006	0.19816	0.42313	0.14995
V325	0.15231	0.55625	0.07677	0.06293	0.09365	0.05809
V326	0.18353	0.505	0.07288	0.06117	0.1117	0.06572
V327	0.10987	0.01021	0.71936	0.03	0.06991	0.06065
V328	0.16436	0.16616	0.17053	0.149	0.28812	0.06182
V329	0.05782	0.00835	0.45924	0.03066	0.38961	0.05432
V330	0.05992	0.00787	0.75076	0.03718	0.08756	0.05671
V331	0.42747	0.08869	0.12717	0.11302	0.08558	0.15808
V332	0.13676	0.06488	0.15568	0.04122	0.39682	0.20464
V333	0.06816	0.02647	0.37246	0.30268	0.16965	0.06058
V334	0.08716	0.31244	0.33023	0.13357	0.08907	0.04752
V335	0.14127	0.02705	0.61229	0.03755	0.06887	0.11298
V336	0.25796	0.41885	0.08818	0.05901	0.09365	0.08236
V337	0.10063	0.15066	0.06318	0.04659	0.59664	0.0423
V338	0.4444	0.03861	0.11608	0.05382	0.21195	0.13514
V339	0.13191	0.08389	0.32825	0.23224	0.11153	0.11218
V340	0.38759	0.21781	0.08114	0.08781	0.10392	0.12173
V341	0.20226	0.05506	0.06273	0.46017	0.15068	0.0691
V342	0.11101	0.02583	0.03347	0.52691	0.16639	0.1364
V343	0.2197	0.13923	0.16816	0.06135	0.09411	0.31745
V344	0.12018	0.43692	0.04582	0.07196	0.22514	0.09999
V345	0.04646	0.01198	0.00782	0.04391	0.85549	0.03434
V346	0.14289	0.02749	0.03087	0.35601	0.37234	0.07041
V347	0.31412	0.12439	0.07651	0.10984	0.28209	0.09305
V348	0.13274	0.11412	0.51922	0.04936	0.12166	0.06289
V349	0.44498	0.09186	0.11628	0.12119	0.11087	0.11481
V350	0.30075	0.05831	0.16265	0.22057	0.08762	0.17009
V351	0.26621	0.07681	0.12257	0.06151	0.09359	0.37931
V352	0.13926	0.24768	0.05385	0.04215	0.32441	0.19264
V353	0.07583	0.14704	0.62103	0.03321	0.07323	0.04965
V354	0.16934	0.05231	0.22095	0.0335	0.3353	0.18861
V355	0.05884	0.03151	0.75257	0.03745	0.07222	0.04742
V356	0.33686	0.12017	0.0903	0.21926	0.11482	0.11859
V357	0.22955	0.02649	0.35114	0.05081	0.25738	0.08462
V358	0.23136	0.02104	0.14062	0.06595	0.08595	0.45509
V359	0.14433	0.0876	0.02632	0.49627	0.18087	0.06461
V360	0.3253	0.02954	0.06036	0.19719	0.27487	0.11274
V361	0.12253	0.59013	0.05612	0.07554	0.10341	0.05228
V362	0.10476	0.39101	0.05582	0.29056	0.11569	0.04215
V363	0.44994	0.08473	0.12725	0.04902	0.15298	0.13608
V364	0.19497	0.15839	0.08269	0.06925	0.17839	0.31631
V365	0.28672	0.30344	0.06955	0.15974	0.09227	0.08828
V366	0.12693	0.20035	0.37753	0.08995	0.1436	0.06164
V367	0.06945	0.01664	0.01714	0.48201	0.3595	0.05526
V368	0.17723	0.1211	0.12603	0.06632	0.2032	0.30612
V369	0.0745	0.0347	0.00926	0.08657	0.71616	0.0788
V370	0.08704	0.07218	0.5173	0.14744	0.09651	0.07953
V371	0.12331	0.20496	0.03621	0.40285	0.11163	0.12105
V372	0.12509	0.46528	0.04609	0.07402	0.21022	0.0793
V373	0.50322	0.05229	0.106	0.05086	0.07333	0.2143
V374	0.16801	0.0276	0.21448	0.40946	0.12537	0.05509
V375	0.28362	0.03183	0.20313	0.08341	0.301	0.09702
V376	0.19674	0.05617	0.09284	0.13368	0.15088	0.36969
V377	0.08471	0.01801	0.33457	0.03198	0.4735	0.05722
V378	0.21352	0.07271	0.22348	0.03541	0.10634	0.34855
V379	0.35405	0.03734	0.19408	0.04066	0.07176	0.30211
V380	0.04879	0.04079	0.02986	0.0501	0.78883	0.04163
V381	0.25397	0.04727	0.27994	0.25098	0.09377	0.07408
V382	0.05355	0.03481	0.00823	0.19365	0.67229	0.03747
V383	0.17626	0.04935	0.33722	0.26533	0.10424	0.06759
V384	0.0824	0.02475	0.67872	0.04543	0.11449	0.0542
V385	0.26059	0.02976	0.11991	0.03779	0.07566	0.4763
V386	0.38598	0.05703	0.26998	0.05052	0.12028	0.11621
V387	0.19169	0.0322	0.06652	0.53437	0.11683	0.05839
V388	0.47555	0.07204	0.20327	0.04871	0.07846	0.12197
V389	0.31455	0.08693	0.10089	0.04255	0.08359	0.37149
V390	0.09733	0.04854	0.02112	0.58127	0.15429	0.09745
V391	0.07921	0.02458	0.02015	0.47611	0.33446	0.06548
V392	0.13076	0.04323	0.40514	0.12335	0.0778	0.21972
V393	0.11937	0.12694	0.32416	0.08643	0.19462	0.14848
V394	0.05991	0.01922	0.02953	0.67272	0.18161	0.037
V395	0.0573	0.05473	0.73385	0.03756	0.07102	0.04554
V396	0.3308	0.07649	0.06127	0.30596	0.13756	0.08792
V397	0.21532	0.15231	0.10764	0.04791	0.11817	0.35865
V398	0.12348	0.45904	0.05509	0.07406	0.23137	0.05697
V399	0.06396	0.00804	0.70543	0.06858	0.08933	0.06467
V400	0.16929	0.03998	0.05193	0.34478	0.11031	0.28371
V401	0.14569	0.02809	0.5338	0.03915	0.16375	0.08952
V402	0.09658	0.02892	0.01488	0.67594	0.13208	0.0516
V403	0.16513	0.01356	0.06223	0.06376	0.39198	0.30334
V404	0.05657	0.01597	0.7785	0.02978	0.07098	0.0482
V405	0.25975	0.26962	0.1225	0.09086	0.17797	0.0793
V406	0.17772	0.06259	0.1895	0.11024	0.2316	0.22836
V407	0.11344	0.02462	0.60599	0.02812	0.07859	0.14924
V408	0.0937	0.09952	0.04158	0.55682	0.12026	0.08811
V409	0.54337	0.07052	0.10631	0.05433	0.07381	0.15167
V410	0.55574	0.05541	0.10556	0.05387	0.0879	0.14153
V411	0.19716	0.02521	0.07596	0.23898	0.09243	0.37027
V412	0.36429	0.16422	0.11709	0.08403	0.17383	0.09654
V413	0.06951	0.10535	0.03247	0.60646	0.14934	0.03686
V414	0.11687	0.0717	0.02623	0.4818	0.25199	0.0514
V415	0.08709	0.01994	0.27721	0.33308	0.19001	0.09266
V416	0.09025	0.12367	0.02464	0.23057	0.43497	0.0959
V417	0.24401	0.01983	0.13884	0.13473	0.08193	0.38066
V418	0.066	0.07164	0.3316	0.1389	0.32796	0.0639
V419	0.24907	0.04322	0.09906	0.03843	0.08518	0.48505
V420	0.25738	0.02177	0.09993	0.04539	0.08468	0.49085
V421	0.07583	0.05008	0.05701	0.09377	0.66906	0.05424
V422	0.18139	0.23053	0.03652	0.05285	0.43758	0.06113
V423	0.09425	0.14158	0.01091	0.58003	0.13208	0.04116
V424	0.47987	0.10882	0.10597	0.10188	0.0783	0.12516
V425	0.05482	0.09106	0.01893	0.03822	0.75516	0.04181
V426	0.20572	0.04964	0.22141	0.04232	0.08324	0.39766
V427	0.32606	0.11956	0.17107	0.14702	0.10644	0.12985
V428	0.21709	0.03432	0.02923	0.5382	0.11783	0.06333
V429	0.05723	0.03029	0.08735	0.47748	0.3024	0.04525
V430	0.09147	0.07346	0.46116	0.19404	0.10029	0.07958
V431	0.05176	0.01532	0.76086	0.05306	0.07274	0.04626
V432	0.08994	0.32927	0.04236	0.36684	0.12937	0.04222
V433	0.0591	0.02009	0.03617	0.71532	0.13653	0.03279
V434	0.07833	0.23034	0.1452	0.39492	0.11162	0.03959
V435	0.08887	0.01201	0.02657	0.03371	0.69675	0.1421
V436	0.50625	0.11716	0.10514	0.06812	0.07658	0.12676
V437	0.19571	0.21726	0.2579	0.05639	0.17234	0.10041
V438	0.10079	0.28953	0.0311	0.0929	0.43666	0.04902
V439	0.04959	0.01827	0.0873	0.03494	0.77072	0.03918
V440	0.14958	0.05214	0.35021	0.07866	0.25306	0.11634
V441	0.11828	0.06655	0.39333	0.15536	0.09612	0.17036
V442	0.30801	0.11796	0.1949	0.09437	0.1264	0.15836
V443	0.0658	0.01839	0.05331	0.64906	0.16315	0.0503
V444	0.44864	0.06135	0.11353	0.06972	0.15462	0.15215
V445	0.55997	0.05571	0.11982	0.05402	0.07203	0.13845
V446	0.11045	0.39864	0.24398	0.06883	0.10871	0.06939
V447	0.18901	0.18527	0.05629	0.19028	0.13968	0.23948
V448	0.0679	0.02411	0.69787	0.03071	0.13139	0.04801
V449	0.37307	0.0572	0.08138	0.26536	0.09247	0.13053
V450	0.10876	0.01843	0.56129	0.03104	0.22425	0.05622
V451	0.11464	0.04512	0.13628	0.15327	0.50103	0.04967
V452	0.14957	0.03187	0.06697	0.37514	0.15327	0.22317
V453	0.25467	0.02168	0.43453	0.12834	0.08255	0.07824
V454	0.1724	0.06758	0.10983	0.46866	0.11833	0.0632
V455	0.15186	0.53293	0.08017	0.0793	0.09384	0.06189
V456	0.50507	0.043	0.12466	0.05708	0.11102	0.15917
V457	0.21147	0.02562	0.07964	0.04287	0.26983	0.37057
V458	0.09409	0.01048	0.34542	0.03825	0.40766	0.1041
V459	0.06527	0.02542	0.47984	0.29505	0.09378	0.04064
V460	0.27639	0.0712	0.2413	0.14449	0.11246	0.15416
V461	0.21986	0.05457	0.04684	0.37272	0.21705	0.08896
V462	0.05993	0.00783	0.73897	0.04434	0.07925	0.06968
V463	0.04479	0.03304	0.01458	0.07127	0.80305	0.03327
V464	0.13944	0.54153	0.0595	0.07933	0.12791	0.05228
V465	0.27706	0.09342	0.37472	0.03884	0.11176	0.10418
V466	0.10309	0.03482	0.02347	0.59301	0.18884	0.05676
V467	0.56624	0.04931	0.11447	0.0542	0.07203	0.14375
V468	0.25668	0.10035	0.11243	0.23162	0.22266	0.07626
V469	0.08155	0.11049	0.53086	0.10764	0.08669	0.08276
V470	0.38721	0.04118	0.10161	0.10331	0.25793	0.10876
V471	0.10213	0.17209	0.42743	0.08776	0.11818	0.09242
V472	0.12013	0.36394	0.03553	0.07644	0.33265	0.0713
V473	0.12697	0.59807	0.06347	0.06501	0.09617	0.05031
V474	0.09297	0.0147	0.30859	0.42651	0.11042	0.04681
V475	0.09964	0.12645	0.2265	0.17561	0.31204	0.05976
V476	0.33662	0.04555	0.07821	0.19822	0.12876	0.21264
V477	0.14337	0.41196	0.09426	0.1231	0.1139	0.11341
V478	0.06913	0.01564	0.70487	0.04424	0.0777	0.08843
V479	0.09415	0.11118	0.58283	0.04086	0.11433	0.05665
V480	0.07509	0.19231	0.01796	0.27835	0.39809	0.0382
V481	0.28633	0.09308	0.13584	0.10033	0.28363	0.10078
V482	0.40166	0.03319	0.1153	0.05171	0.07517	0.32296
V483	0.11921	0.56925	0.09978	0.06812	0.09449	0.04916
V484	0.50304	0.04376	0.1493	0.04911	0.1198	0.135
V485	0.21499	0.11211	0.40177	0.09732	0.083	0.09081
V486	0.18693	0.01469	0.55344	0.06256	0.07011	0.11227
V487	0.08272	0.26121	0.02612	0.05172	0.53318	0.04505
V488	0.22863	0.44299	0.07558	0.09005	0.09021	0.07254
V489	0.48138	0.05751	0.15305	0.05618	0.12113	0.13074
V490	0.24909	0.05245	0.08837	0.08299	0.10422	0.42288
V491	0.11744	0.21249	0.28398	0.03935	0.27988	0.06687
V492	0.18498	0.03871	0.22562	0.10293	0.1555	0.29226
V493	0.48732	0.13659	0.09589	0.07517	0.07771	0.12731
V494	0.1766	0.03882	0.32523	0.05365	0.07337	0.33233
V495	0.20763	0.3764	0.19166	0.0657	0.09353	0.06508
V496	0.19199	0.10817	0.25757	0.03609	0.25673	0.14944
V497	0.07372	0.15748	0.13767	0.06622	0.52345	0.04146
V498	0.11266	0.09174	0.28473	0.29286	0.15161	0.0664
V499	0.12117	0.44923	0.1572	0.10466	0.10537	0.06237
V500	0.31907	0.16113	0.1107	0.08901	0.2078	0.11229
V501	0.14291	0.55181	0.05757	0.07983	0.10166	0.06621
V502	0.05417	0.02132	0.00851	0.23738	0.63704	0.04159
V503	0.13892	0.25119	0.05262	0.38958	0.12022	0.04747
V504	0.13507	0.55397	0.08985	0.06218	0.10706	0.05188
V505	0.06566	0.01101	0.39088	0.33455	0.12826	0.06965
V506	0.28852	0.03202	0.10031	0.15946	0.14215	0.27755
V507	0.25133	0.02065	0.10039	0.03746	0.09289	0.49728
V508	0.1153	0.39716	0.07323	0.11579	0.24649	0.05203
V509	0.07371	0.02702	0.00991	0.62686	0.22743	0.03507
V510	0.557	0.04811	0.10527	0.05362	0.0947	0.14131
V511	0.22026	0.02765	0.07086	0.22461	0.09897	0.35766
V512	0.11533	0.1726	0.46828	0.05784	0.09826	0.08769
V513	0.05807	0.02514	0.18561	0.07727	0.61282	0.04109
V514	0.13689	0.52131	0.10367	0.0585	0.09156	0.08806
V515	0.1247	0.28693	0.03516	0.37307	0.11246	0.06768
V516	0.0582	0.04685	0.6306	0.03782	0.17402	0.0525
V517	0.04894	0.01054	0.31707	0.21417	0.36873	0.04056
V518	0.25912	0.2836	0.086	0.13234	0.12732	0.11162
V519	0.18049	0.38031	0.06555	0.1168	0.0977	0.15914
V520	0.42416	0.10291	0.10422	0.1348	0.08108	0.15283
V521	0.10215	0.01485	0.0176	0.05051	0.75467	0.06022
V522	0.28005	0.1584	0.07595	0.06583	0.25564	0.16413
V523	0.29472	0.15175	0.11554	0.15956	0.09473	0.18371
V524	0.09443	0.01328	0.07287	0.16626	0.53975	0.1134
V525	0.35146	0.02936	0.13198	0.05613	0.07631	0.35477
V526	0.11128	0.49516	0.1167	0.06283	0.16725	0.04679
V527	0.26218	0.02956	0.46884	0.04339	0.11057	0.08546
V528	0.51146	0.04419	0.18012	0.05657	0.07907	0.12859
V529	0.10945	0.07896	0.03232	0.58373	0.14662	0.04893
V530	0.12819	0.17986	0.28177	0.13337	0.14647	0.13034
V531	0.56061	0.05592	0.10666	0.06119	0.07326	0.14236
V532	0.12382	0.02025	0.06845	0.51267	0.22148	0.05333
V533	0.14549	0.01171	0.25157	0.05393	0.33229	0.20501
V534	0.1091	0.01756	0.02848	0.49089	0.19706	0.15692
V535	0.35281	0.06227	0.22503	0.1542	0.08888	0.11681
V536	0.06628	0.00843	0.59229	0.17826	0.08045	0.07428
V537	0.11203	0.42727	0.04336	0.24346	0.1124	0.06148
V538	0.17347	0.01697	0.06202	0.33833	0.10048	0.30871
V539	0.06734	0.01876	0.01684	0.59347	0.25707	0.04653
V540	0.24461	0.02812	0.30097	0.05118	0.26645	0.10867
V541	0.08734	0.20143	0.0218	0.49152	0.14232	0.05559
V542	0.09879	0.39665	0.04939	0.2446	0.16293	0.04764
V543	0.05132	0.00809	0.51422	0.05372	0.32298	0.04967
V544	0.23546	0.04384	0.09687	0.06734	0.10243	0.45406
V545	0.10066	0.43187	0.09202	0.07155	0.25489	0.04902
V546	0.37527	0.0802	0.07216	0.25008	0.11531	0.10697
V547	0.09917	0.08331	0.01456	0.35159	0.36268	0.08869
V548	0.25072	0.03558	0.10009	0.03815	0.08517	0.4903
V549	0.13958	0.01156	0.51575	0.10882	0.10015	0.12414
V550	0.05808	0.01643	0.28689	0.03267	0.56295	0.04297
V551	0.19527	0.06362	0.10767	0.13355	0.1672	0.33269
V552	0.08202	0.04368	0.13364	0.26535	0.40295	0.07237
V553	0.51228	0.04429	0.1227	0.07942	0.10536	0.13595
V554	0.13249	0.55455	0.07521	0.06125	0.09972	0.07676
V555	0.29848	0.02658	0.08921	0.25077	0.09211	0.24285
V556	0.09804	0.02088	0.37743	0.33493	0.1114	0.05732
V557	0.1471	0.50257	0.12034	0.06468	0.09719	0.06811
V558	0.3109	0.16638	0.08142	0.14527	0.08646	0.20956
V559	0.04479	0.01262	0.00044	0.15778	0.74736	0.03701
V560	0.45693	0.06204	0.10261	0.06296	0.15451	0.16095
V561	0.0523	0.02331	0.77624	0.02998	0.07113	0.04703
V562	0.34723	0.19695	0.11441	0.11221	0.09099	0.1382
V563	0.24157	0.02085	0.09177	0.09686	0.08083	0.46813
V564	0.18375	0.07639	0.0629	0.04367	0.30791	0.32538
V565	0.25132	0.02096	0.10728	0.03747	0.08494	0.49803
V566	0.22252	0.09517	0.10191	0.08296	0.1127	0.38473
V567	0.2655	0.23301	0.06048	0.22803	0.11882	0.09416
V568	0.07811	0.01338	0.01892	0.06512	0.7848	0.03966
V569	0.47773	0.07155	0.09778	0.07905	0.08312	0.19078
V570	0.43832	0.14057	0.11233	0.10107	0.08728	0.12042
V571	0.07411	0.1826	0.53739	0.05014	0.10802	0.04774
V572	0.0646	0.01483	0.66595	0.04547	0.15865	0.0505
V573	0.17902	0.51371	0.06668	0.06145	0.11202	0.06711
V574	0.16276	0.01321	0.36004	0.06896	0.10597	0.28906
V575	0.12253	0.44352	0.10034	0.14898	0.10966	0.07496
V576	0.24928	0.10409	0.05638	0.04202	0.47254	0.07569
V577	0.26269	0.06207	0.05133	0.09203	0.42377	0.10811
V578	0.08887	0.01201	0.02657	0.03371	0.69675	0.1421
V579	0.07721	0.0362	0.15103	0.24271	0.45036	0.0425
V580	0.13369	0.03331	0.09049	0.34375	0.30877	0.08999
V581	0.42626	0.0684	0.13997	0.11272	0.14292	0.10973
V582	0.42392	0.04588	0.09072	0.20745	0.09383	0.1382
V583	0.13512	0.0495	0.28633	0.03124	0.26962	0.22819
V584	0.1317	0.03132	0.03463	0.3117	0.32264	0.16801
V585	0.12416	0.32709	0.22428	0.11423	0.10312	0.10713
V586	0.17602	0.5011	0.09461	0.06644	0.09789	0.06393
V587	0.20358	0.02794	0.26275	0.32751	0.10182	0.0764
V588	0.07031	0.02726	0.03792	0.68681	0.14313	0.03457
V589	0.13937	0.21525	0.26318	0.10415	0.08951	0.18856
V590	0.16285	0.04621	0.34672	0.09359	0.08283	0.26781
V591	0.47238	0.04174	0.11207	0.16446	0.08968	0.11968
V592	0.10618	0.25615	0.09499	0.34917	0.14779	0.04571
V593	0.0603	0.02757	0.00808	0.73235	0.13916	0.03254
V594	0.13593	0.01932	0.04695	0.51677	0.12214	0.15888
V595	0.12419	0.21069	0.07737	0.13993	0.28889	0.15892
V596	0.06973	0.1822	0.02423	0.10227	0.58621	0.03537
V597	0.29072	0.02665	0.06667	0.04768	0.48689	0.0814
V598	0.53454	0.07628	0.1045	0.05398	0.08134	0.14937
V599	0.19824	0.02512	0.068	0.16315	0.17903	0.36645
V600	0.32512	0.11016	0.08059	0.08744	0.144	0.2527
V601	0.15321	0.12934	0.08429	0.32533	0.10152	0.20631
V602	0.08819	0.02581	0.10624	0.03992	0.60479	0.13505
V603	0.17719	0.28787	0.09486	0.09364	0.11546	0.23098
V604	0.09098	0.33309	0.0262	0.0552	0.45095	0.04358
V605	0.08326	0.03529	0.0293	0.03579	0.76	0.05637
V606	0.34874	0.05373	0.26314	0.09312	0.07554	0.16573
V607	0.20237	0.04924	0.07361	0.0514	0.24533	0.37805
V608	0.15495	0.43486	0.06106	0.11095	0.1133	0.12488
V609	0.07154	0.01741	0.56809	0.20977	0.08489	0.0483
V610	0.0953	0.11135	0.3972	0.17739	0.1263	0.09245
V611	0.11841	0.57364	0.06424	0.08573	0.10975	0.04823
V612	0.07101	0.16649	0.01423	0.58919	0.12648	0.03259
V613	0.39658	0.14399	0.1004	0.04887	0.077	0.23316
V614	0.11497	0.10397	0.44613	0.03948	0.13867	0.15677
V615	0.05603	0.05562	0.05278	0.04322	0.74956	0.04279
V616	0.28866	0.30218	0.07178	0.08626	0.10771	0.14342
V617	0.04936	0.01885	0.00225	0.0442	0.84698	0.03835
V618	0.18375	0.03046	0.53562	0.03984	0.09493	0.1154
V619	0.10424	0.44287	0.16651	0.07776	0.1536	0.05503
V620	0.19926	0.02331	0.28741	0.04683	0.07276	0.37043
V621	0.06389	0.0184	0.06711	0.6425	0.16198	0.04612
V622	0.33423	0.14728	0.07609	0.04744	0.29733	0.09763
V623	0.18403	0.48568	0.06936	0.05887	0.10289	0.09917
V624	0.10819	0.42682	0.03557	0.26934	0.10711	0.05297
V625	0.10165	0.11403	0.18206	0.40201	0.12947	0.07079
V626	0.0973	0.04328	0.0346	0.1892	0.48728	0.14834
V627	0.3857	0.03555	0.06489	0.30914	0.09662	0.1081
V628	0.156	0.05991	0.29411	0.10959	0.17082	0.20958
V629	0.09029	0.33485	0.02361	0.38553	0.12329	0.04244
V630	0.39963	0.04074	0.11126	0.0887	0.10844	0.25123
V631	0.20488	0.01709	0.124	0.14868	0.12553	0.37983
V632	0.07297	0.03629	0.12159	0.29485	0.42085	0.05344
V633	0.06792	0.14735	0.62636	0.04063	0.07369	0.04405
V634	0.45529	0.04866	0.09385	0.20065	0.08544	0.1161
V635	0.06331	0.05325	0.21637	0.51321	0.11438	0.03947
V636	0.11702	0.43502	0.04206	0.10989	0.21502	0.08098
V637	0.22129	0.06344	0.09162	0.03781	0.16787	0.41797
V638	0.08351	0.09833	0.05664	0.46504	0.25161	0.04487
V639	0.22619	0.06691	0.10524	0.06799	0.40884	0.12484
V640	0.10934	0.11848	0.40659	0.04784	0.19022	0.12752
V641	0.05614	0.07039	0.42137	0.05527	0.35371	0.04312
V642	0.21936	0.05087	0.29137	0.17288	0.08161	0.18392
V643	0.5033	0.05101	0.09209	0.12248	0.09319	0.13793
V644	0.47337	0.04764	0.09214	0.12867	0.08604	0.17213
V645	0.44033	0.05217	0.10524	0.11995	0.07774	0.20459
V646	0.05886	0.01631	0.3748	0.03214	0.4733	0.04459
V647	0.20954	0.027	0.08487	0.28711	0.121	0.27048
V648	0.17872	0.25469	0.16621	0.09234	0.10601	0.20203
V649	0.14158	0.03005	0.04366	0.59091	0.13786	0.05593
V650	0.19696	0.1597	0.20029	0.04776	0.32917	0.06613
V651	0.17247	0.25939	0.11159	0.07229	0.21709	0.16716
V652	0.08298	0.0186	0.10644	0.59665	0.14922	0.04611
V653	0.15705	0.32293	0.08003	0.07344	0.17612	0.19042
V654	0.49914	0.05014	0.15622	0.05668	0.1038	0.13402
V655	0.23134	0.01991	0.07839	0.08903	0.33264	0.24869
V656	0.12322	0.07419	0.50389	0.07172	0.16641	0.06058
V657	0.29618	0.03376	0.05678	0.12951	0.31281	0.17096
V658	0.06433	0.0761	0.14661	0.55822	0.12074	0.034
V659	0.12697	0.57372	0.06266	0.06872	0.10193	0.06599
V660	0.50678	0.05201	0.10413	0.06533	0.07377	0.19798
V661	0.17445	0.01485	0.18232	0.14088	0.20263	0.28487
V662	0.46579	0.04764	0.10212	0.14327	0.08691	0.15426
V663	0.09019	0.13657	0.02623	0.07385	0.62963	0.04354
V664	0.14214	0.06106	0.59384	0.0329	0.09354	0.07652
V665	0.04841	0.01194	0.00178	0.04388	0.85553	0.03846
V666	0.29308	0.25242	0.07176	0.13938	0.11879	0.12456
V667	0.23117	0.02001	0.11816	0.07396	0.09503	0.46168
V668	0.48967	0.14379	0.10344	0.06155	0.07728	0.12427
V669	0.2108	0.10227	0.06047	0.25276	0.10285	0.27085
V670	0.13451	0.27797	0.05711	0.28671	0.11981	0.1239
V671	0.24361	0.02828	0.04056	0.5046	0.11406	0.06889
V672	0.11719	0.40922	0.03493	0.28285	0.10826	0.04755
V673	0.1904	0.12284	0.23292	0.04332	0.07625	0.33427
V674	0.47366	0.04157	0.09037	0.04852	0.2264	0.11949
V675	0.23633	0.11718	0.10186	0.04035	0.10107	0.40321
V676	0.06873	0.01889	0.08149	0.65715	0.13874	0.035
V677	0.20672	0.28805	0.18603	0.04552	0.08028	0.19339
V678	0.17725	0.07577	0.08412	0.04382	0.4342	0.18484
V679	0.22414	0.09407	0.12192	0.06082	0.08623	0.41281
V680	0.06641	0.00895	0.311	0.03148	0.50766	0.07449
V681	0.14798	0.49995	0.0832	0.06349	0.09048	0.1149
V682	0.14903	0.39752	0.05597	0.064	0.17474	0.15874
V683	0.07195	0.01218	0.01681	0.03385	0.77332	0.09189
V684	0.15674	0.50437	0.05358	0.11967	0.10334	0.06229
V685	0.09816	0.42752	0.23811	0.05031	0.13749	0.04841
V686	0.24032	0.02686	0.39124	0.04094	0.08547	0.21517
V687	0.14647	0.19539	0.25828	0.11794	0.08289	0.19904
V688	0.32163	0.02768	0.07171	0.04845	0.33943	0.19109
V689	0.10949	0.02605	0.55083	0.12476	0.10238	0.0865
V690	0.11066	0.02041	0.05141	0.05592	0.61919	0.14241
V691	0.13674	0.3435	0.18957	0.10846	0.12582	0.09592
V692	0.36077	0.033	0.05915	0.28632	0.15879	0.10197
V693	0.47717	0.12947	0.10892	0.067	0.07678	0.14066
V694	0.47315	0.12878	0.09984	0.0881	0.07842	0.13171
V695	0.49093	0.04289	0.09206	0.06427	0.15307	0.15679
V696	0.13237	0.35428	0.07427	0.09634	0.28355	0.0592
V697	0.09798	0.02575	0.62272	0.06957	0.10606	0.07791
V698	0.12378	0.59351	0.05668	0.07018	0.10327	0.05258
V699	0.18938	0.03189	0.46852	0.06359	0.14024	0.10638
V700	0.13836	0.02421	0.01759	0.04455	0.71258	0.0627
V701	0.52815	0.04659	0.11317	0.05165	0.07273	0.18772
V702	0.21203	0.03387	0.12485	0.16386	0.09301	0.37239
V703	0.19834	0.35987	0.06248	0.05346	0.25631	0.06953
V704	0.29326	0.22981	0.21874	0.04722	0.09327	0.1177
V705	0.08298	0.09539	0.23044	0.16824	0.37025	0.0527
V706	0.16241	0.08447	0.30188	0.03306	0.17327	0.24491
V707	0.40205	0.04942	0.10148	0.04494	0.08387	0.31824
V708	0.08685	0.29926	0.42048	0.0564	0.08833	0.04868
V709	0.05775	0.01959	0.00065	0.66735	0.22204	0.03261
V710	0.30272	0.07239	0.15003	0.08538	0.25897	0.13051
V711	0.09885	0.17975	0.34733	0.18448	0.09466	0.09493
V712	0.07241	0.21604	0.02772	0.04925	0.592	0.04257
V713	0.24455	0.37466	0.09003	0.08142	0.10829	0.10105
V714	0.09712	0.35986	0.35247	0.05246	0.09133	0.04676
V715	0.07278	0.02452	0.74437	0.02894	0.0705	0.05889
V716	0.16349	0.03975	0.04805	0.26806	0.2615	0.21914
V717	0.06941	0.01965	0.02756	0.0352	0.78554	0.06264
V718	0.0787	0.29675	0.02728	0.04665	0.51278	0.03784
V719	0.12615	0.54622	0.07678	0.06671	0.12047	0.06368
V720	0.21941	0.02046	0.22695	0.28235	0.12182	0.12901
V721	0.1529	0.21498	0.22342	0.03922	0.1589	0.21059
V722	0.0465	0.01173	0.01507	0.03637	0.85583	0.0345
V723	0.11419	0.46464	0.07983	0.06715	0.20994	0.06425
V724	0.11747	0.24148	0.31732	0.12045	0.15571	0.04758
V725	0.09282	0.05806	0.0723	0.13717	0.54089	0.09876
V726	0.07029	0.02437	0.44188	0.05379	0.33218	0.07749
V727	0.20856	0.01739	0.15558	0.14882	0.09068	0.37896
V728	0.07082	0.02755	0.00498	0.70137	0.13592	0.05936
V729	0.20284	0.35592	0.07023	0.079	0.21428	0.07772
V730	0.16736	0.0173	0.11767	0.34908	0.1069	0.2417
V731	0.17079	0.05363	0.38126	0.03283	0.2306	0.13089
V732	0.14004	0.3116	0.05997	0.08108	0.29384	0.11348
V733	0.1996	0.01714	0.25983	0.18847	0.13271	0.20224
V734	0.21571	0.01749	0.26793	0.03283	0.08778	0.37826
V735	0.08212	0.08454	0.02389	0.60495	0.13221	0.07229
V736	0.15335	0.38059	0.10263	0.08192	0.10124	0.18027
V737	0.04142	0.01165	0.00712	0.04362	0.8625	0.03371
V738	0.26575	0.06456	0.11122	0.32336	0.11311	0.122
V739	0.17083	0.24276	0.17027	0.07125	0.25596	0.08893
V740	0.08912	0.20442	0.31545	0.07479	0.25858	0.05765
V741	0.30002	0.13841	0.17476	0.10948	0.19316	0.08416
V742	0.23656	0.03265	0.06456	0.36032	0.20828	0.09763
V743	0.07397	0.09623	0.2206	0.28795	0.27127	0.04997
V744	0.30837	0.10191	0.09027	0.15957	0.08592	0.25396
V745	0.11143	0.37929	0.0388	0.0836	0.3392	0.04768
V746	0.51133	0.05944	0.10572	0.07327	0.08981	0.16042
V747	0.17464	0.02554	0.11863	0.06539	0.54462	0.07118
V748	0.17967	0.05523	0.24098	0.05679	0.17641	0.29093
V749	0.33174	0.03723	0.07806	0.16031	0.17618	0.21649
V750	0.06609	0.0847	0.00375	0.6697	0.14305	0.03271
V751	0.06437	0.02697	0.03014	0.67809	0.16678	0.03366
V752	0.17824	0.02678	0.05276	0.09556	0.57553	0.07113
V753	0.17457	0.01551	0.07645	0.10953	0.3695	0.25443
V754	0.13915	0.32488	0.14144	0.10026	0.13229	0.16199
V755	0.26163	0.05388	0.06076	0.06186	0.43076	0.13112
V756	0.2355	0.02768	0.09882	0.0446	0.12608	0.46733
V757	0.17292	0.32862	0.0686	0.06756	0.13779	0.2245
V758	0.25049	0.44808	0.06927	0.06651	0.08844	0.07722
V759	0.14002	0.03118	0.06441	0.14601	0.51805	0.10033
V760	0.24742	0.0206	0.10449	0.05926	0.07848	0.48975
V761	0.04577	0.01595	0.30667	0.04783	0.54679	0.03699
V762	0.10342	0.00963	0.63856	0.06068	0.09476	0.09295
V763	0.07801	0.13324	0.02942	0.55438	0.15435	0.0506
V764	0.18877	0.02539	0.11245	0.19409	0.29729	0.18201
