CD19B	CD56NK	CD4MemoryT	CD14
V1	0.42111	0.08993	0.17616	0.3128
V2	0.16756	0.13962	0.11293	0.57989
V3	0.10003	0.48356	0.09343	0.32298
V4	0.65311	0.15525	0.05612	0.13552
V5	0.13743	0.40231	0.23907	0.2212
V6	0.10518	0.66577	0.10528	0.12376
V7	0.15873	0.3174	0.13526	0.3886
V8	0.16339	0.11942	0.58215	0.13504
V9	0.21638	0.23684	0.10263	0.44415
V10	0.08991	0.12506	0.63721	0.14782
V11	0.20068	0.33884	0.34955	0.11093
V12	0.08117	0.48409	0.31854	0.1162
V13	0.22952	0.5581	0.0869	0.12547
V14	0.09826	0.69547	0.09624	0.11004
V15	0.14077	0.47608	0.1622	0.22095
V16	0.68055	0.10365	0.07191	0.14388
V17	0.11182	0.66534	0.09912	0.12372
V18	0.43311	0.32449	0.10007	0.14233
V19	0.15938	0.63199	0.09185	0.11678
V20	0.16833	0.38162	0.0958	0.35425
V21	0.16276	0.14456	0.55892	0.13377
V22	0.09439	0.14935	0.20258	0.55368
V23	0.32269	0.12647	0.43404	0.11681
V24	0.71368	0.09114	0.07569	0.11948
V25	0.27864	0.24565	0.15761	0.3181
V26	0.30776	0.34394	0.08794	0.26036
V27	0.14064	0.11507	0.09477	0.64952
V28	0.07912	0.13517	0.67879	0.10692
V29	0.35873	0.1157	0.38779	0.13779
V30	0.13793	0.23407	0.24525	0.38275
V31	0.19703	0.22297	0.25672	0.32327
V32	0.13017	0.09898	0.10099	0.66985
V33	0.09619	0.42139	0.30283	0.17959
V34	0.16286	0.13176	0.57074	0.13464
V35	0.16335	0.56476	0.14143	0.13047
V36	0.08727	0.12323	0.36071	0.42879
V37	0.41011	0.13269	0.13081	0.32639
V38	0.33885	0.08632	0.1791	0.39573
V39	0.16767	0.45802	0.16703	0.20728
V40	0.12002	0.63738	0.13904	0.10356
V41	0.06795	0.51799	0.11994	0.29411
V42	0.21756	0.10822	0.20162	0.4726
V43	0.15377	0.32744	0.38791	0.13088
V44	0.08912	0.15609	0.52368	0.23111
V45	0.12749	0.47592	0.22437	0.17221
V46	0.60427	0.12955	0.14467	0.1215
V47	0.35435	0.22167	0.27362	0.15037
V48	0.60529	0.19624	0.06457	0.13389
V49	0.5485	0.20973	0.0602	0.18158
V50	0.09997	0.64442	0.14635	0.10926
V51	0.26289	0.36348	0.24068	0.13295
V52	0.09399	0.18187	0.59208	0.13206
V53	0.55411	0.1688	0.16367	0.11342
V54	0.33912	0.22646	0.30541	0.12901
V55	0.20661	0.17679	0.22365	0.39295
V56	0.11298	0.09526	0.1321	0.65966
V57	0.1183	0.66009	0.10485	0.11675
V58	0.47724	0.08192	0.09418	0.34665
V59	0.33768	0.36644	0.14759	0.14829
V60	0.16007	0.19701	0.27244	0.37048
V61	0.59943	0.14928	0.06831	0.18297
V62	0.66244	0.10061	0.1068	0.13015
V63	0.06801	0.63871	0.17012	0.12316
V64	0.06246	0.64575	0.08847	0.20332
V65	0.09514	0.09072	0.13955	0.67459
V66	0.19575	0.54558	0.09966	0.159
V67	0.16852	0.32004	0.39467	0.11678
V68	0.17206	0.1758	0.09676	0.55538
V69	0.08808	0.3109	0.45677	0.14425
V70	0.41291	0.19345	0.18679	0.20685
V71	0.18212	0.14458	0.30126	0.37204
V72	0.43253	0.19346	0.13046	0.24356
V73	0.16013	0.49269	0.17453	0.17265
V74	0.11056	0.25192	0.53332	0.1042
V75	0.53752	0.08231	0.19116	0.189
V76	0.07958	0.20026	0.19252	0.52764
V77	0.10149	0.26582	0.08951	0.54318
V78	0.26144	0.16654	0.19124	0.38079
V79	0.08243	0.17215	0.57099	0.17443
V80	0.3028	0.11135	0.40767	0.17819
V81	0.11288	0.21321	0.56267	0.11124
V82	0.07778	0.15335	0.65597	0.1129
V83	0.15937	0.2	0.12849	0.51215
V84	0.31835	0.11699	0.17573	0.38893
V85	0.14207	0.30667	0.32138	0.22988
V86	0.10944	0.14262	0.6078	0.14015
V87	0.08015	0.63328	0.12895	0.15762
V88	0.18238	0.13311	0.23907	0.44545
V89	0.09775	0.10018	0.20144	0.60063
V90	0.07367	0.67876	0.13051	0.11705
V91	0.08334	0.57749	0.2088	0.13037
V92	0.36825	0.10884	0.30955	0.21336
V93	0.66429	0.08324	0.05409	0.19839
V94	0.08198	0.36908	0.10021	0.44872
V95	0.22679	0.37667	0.18073	0.2158
V96	0.12704	0.14581	0.0999	0.62725
V97	0.52202	0.15943	0.20006	0.11849
V98	0.52445	0.28925	0.06212	0.12419
V99	0.60537	0.11211	0.1605	0.12202
V100	0.12871	0.12994	0.61449	0.12686
V101	0.09735	0.10043	0.0907	0.71152
V102	0.69977	0.10855	0.06087	0.13081
V103	0.09286	0.11333	0.139	0.65481
V104	0.07245	0.71925	0.09785	0.11045
V105	0.09062	0.69684	0.10237	0.11017
V106	0.14176	0.43486	0.28564	0.13773
V107	0.19241	0.23781	0.42306	0.14672
V108	0.15542	0.59192	0.14972	0.10294
V109	0.08707	0.21031	0.43127	0.27135
V110	0.092	0.66677	0.11726	0.12397
V111	0.69466	0.07516	0.105	0.12517
V112	0.1631	0.14156	0.33107	0.36427
V113	0.19263	0.16003	0.18832	0.45902
V114	0.22879	0.11567	0.12835	0.52718
V115	0.0647	0.59249	0.23371	0.1091
V116	0.16182	0.30497	0.3026	0.2306
V117	0.50808	0.25709	0.09016	0.14467
V118	0.16616	0.46209	0.10821	0.26353
V119	0.1512	0.13339	0.11431	0.60111
V120	0.12724	0.15517	0.598	0.11959
V121	0.44653	0.17396	0.12914	0.25036
V122	0.72784	0.07795	0.06182	0.13239
V123	0.07368	0.41234	0.11856	0.39542
V124	0.49704	0.28273	0.06269	0.15755
V125	0.30991	0.37158	0.19172	0.12678
V126	0.10582	0.17819	0.11739	0.5986
V127	0.18216	0.1255	0.23386	0.45847
V128	0.10443	0.09636	0.14913	0.65008
V129	0.44009	0.24681	0.17646	0.13664
V130	0.06673	0.53061	0.29393	0.10873
V131	0.07276	0.67321	0.08961	0.16442
V132	0.70836	0.07869	0.07464	0.13831
V133	0.68812	0.08643	0.09451	0.13094
V134	0.14008	0.34223	0.16415	0.35354
V135	0.13442	0.10289	0.18941	0.57328
V136	0.21742	0.34665	0.08692	0.34901
V137	0.49542	0.11248	0.22486	0.16724
V138	0.19894	0.3565	0.19367	0.25089
V139	0.28761	0.22811	0.20053	0.28375
V140	0.10318	0.1425	0.11659	0.63773
V141	0.11944	0.20854	0.39946	0.27256
V142	0.60668	0.08321	0.19431	0.11581
V143	0.33356	0.26274	0.12026	0.28344
V144	0.17906	0.19296	0.18345	0.44453
V145	0.05922	0.5984	0.2334	0.10897
V146	0.11883	0.09419	0.10243	0.68455
V147	0.68879	0.09085	0.06977	0.15059
V148	0.16195	0.15394	0.42398	0.26012
V149	0.23041	0.43741	0.22068	0.1115
V150	0.13075	0.26683	0.43632	0.16609
V151	0.19104	0.49934	0.10829	0.20133
V152	0.21224	0.38808	0.21827	0.18142
V153	0.12876	0.57638	0.10187	0.19298
V154	0.2196	0.39787	0.25102	0.13151
V155	0.37095	0.19257	0.25109	0.1854
V156	0.10032	0.20203	0.49612	0.20154
V157	0.26263	0.20189	0.26661	0.26887
V158	0.09767	0.09003	0.09966	0.71264
V159	0.66603	0.12121	0.05626	0.1565
V160	0.51614	0.08209	0.10884	0.29293
V161	0.20946	0.08877	0.09959	0.60218
V162	0.11703	0.28126	0.13603	0.46568
V163	0.13014	0.4091	0.19113	0.26963
V164	0.27715	0.2938	0.14716	0.28189
V165	0.08568	0.25121	0.08609	0.57702
V166	0.09049	0.14954	0.1281	0.63186
V167	0.29048	0.08126	0.07724	0.55102
V168	0.24275	0.46812	0.13695	0.15217
V169	0.19453	0.12087	0.10484	0.57977
V170	0.14974	0.11845	0.38848	0.34332
V171	0.15797	0.26565	0.43797	0.13842
V172	0.55137	0.08668	0.23986	0.12209
V173	0.10008	0.17779	0.11295	0.60918
V174	0.09285	0.19245	0.13344	0.58126
V175	0.12411	0.11588	0.55694	0.20306
V176	0.06276	0.62908	0.19852	0.10964
V177	0.05943	0.73077	0.09309	0.11672
V178	0.06463	0.58331	0.09266	0.2594
V179	0.18356	0.10551	0.30445	0.40648
V180	0.07388	0.67962	0.14327	0.10322
V181	0.17991	0.1925	0.40193	0.22565
V182	0.2631	0.22297	0.35863	0.1553
V183	0.17187	0.62515	0.09219	0.11079
V184	0.75048	0.07192	0.05732	0.12027
V185	0.43667	0.36912	0.07891	0.1153
V186	0.14363	0.41019	0.24541	0.20077
V187	0.72133	0.07929	0.07372	0.12566
V188	0.11553	0.23094	0.0848	0.56872
V189	0.6043	0.09172	0.07154	0.23244
V190	0.50931	0.09588	0.27401	0.1208
V191	0.19172	0.24408	0.42445	0.13974
V192	0.25119	0.39642	0.11402	0.23837
V193	0.46043	0.11288	0.21827	0.20842
V194	0.07821	0.70041	0.09708	0.12429
V195	0.08442	0.13517	0.66728	0.11313
V196	0.09486	0.1284	0.09415	0.68259
V197	0.3266	0.11679	0.09163	0.46497
V198	0.1095	0.42922	0.30999	0.15129
V199	0.18304	0.1085	0.18623	0.52223
V200	0.14651	0.4513	0.09741	0.30477
V201	0.12857	0.45315	0.20469	0.21359
V202	0.09132	0.12209	0.54816	0.23843
V203	0.1709	0.38532	0.31952	0.12426
V204	0.07249	0.42755	0.09144	0.40852
V205	0.08988	0.1514	0.63892	0.11979
V206	0.10842	0.17564	0.60352	0.11242
V207	0.15864	0.21098	0.11832	0.51206
V208	0.23939	0.15178	0.48805	0.12078
V209	0.25168	0.3976	0.12716	0.22356
V210	0.11527	0.59101	0.15024	0.14348
V211	0.33445	0.09206	0.09529	0.4782
V212	0.4038	0.12562	0.34031	0.13028
V213	0.47705	0.10345	0.14034	0.27915
V214	0.27435	0.19851	0.18088	0.34627
V215	0.25247	0.14932	0.08903	0.50918
V216	0.10962	0.08927	0.0981	0.70301
V217	0.09745	0.4125	0.22795	0.2621
V218	0.13178	0.38034	0.18959	0.29828
V219	0.13081	0.49965	0.09315	0.2764
V220	0.06264	0.62553	0.09383	0.21801
V221	0.60294	0.07682	0.06049	0.25975
V222	0.26979	0.1909	0.29759	0.24172
V223	0.07932	0.20631	0.54835	0.16603
V224	0.74039	0.07225	0.06793	0.11942
V225	0.09207	0.6682	0.13057	0.10916
V226	0.27188	0.16222	0.44429	0.1216
V227	0.60033	0.08277	0.1884	0.12851
V228	0.57401	0.12717	0.10957	0.18924
V229	0.09037	0.13242	0.65008	0.12713
V230	0.09731	0.1007	0.09947	0.70251
V231	0.08793	0.26883	0.15416	0.48907
V232	0.09303	0.5078	0.08401	0.31516
V233	0.42811	0.15294	0.19686	0.22209
V234	0.07883	0.6902	0.11308	0.11789
V235	0.31469	0.14508	0.40358	0.13664
V236	0.10971	0.15761	0.56548	0.1672
V237	0.17714	0.09005	0.10322	0.62959
V238	0.14873	0.45916	0.24799	0.14411
V239	0.11442	0.34333	0.09798	0.44427
V240	0.38862	0.1241	0.33571	0.15157
V241	0.0908	0.12349	0.62422	0.16149
V242	0.14116	0.59279	0.15021	0.11583
V243	0.23294	0.13536	0.46248	0.16922
V244	0.21161	0.11305	0.49858	0.17676
V245	0.44948	0.28916	0.10521	0.15615
V246	0.11144	0.21257	0.55077	0.12523
V247	0.18371	0.12628	0.5834	0.10661
V248	0.10098	0.106	0.11314	0.67988
V249	0.07711	0.14299	0.61973	0.16016
V250	0.58692	0.08487	0.20621	0.122
V251	0.71336	0.10166	0.0599	0.12509
V252	0.06249	0.64726	0.18771	0.10254
V253	0.29602	0.13914	0.17591	0.38893
V254	0.06035	0.70382	0.1265	0.10933
V255	0.08428	0.68787	0.09046	0.13739
V256	0.18498	0.24832	0.3909	0.1758
V257	0.3334	0.16318	0.21849	0.28493
V258	0.18331	0.2796	0.3344	0.20269
V259	0.09391	0.30427	0.46439	0.13743
V260	0.07033	0.30011	0.5203	0.10927
V261	0.46586	0.10946	0.19431	0.23038
V262	0.1401	0.12059	0.09498	0.64433
V263	0.06637	0.71723	0.09269	0.12371
V264	0.18314	0.1269	0.33118	0.35879
V265	0.10571	0.09129	0.16446	0.63853
V266	0.4942	0.32553	0.06999	0.11028
V267	0.07729	0.2144	0.24954	0.45877
V268	0.30914	0.10433	0.16424	0.42229
V269	0.06718	0.46465	0.32436	0.1438
V270	0.48896	0.10506	0.22463	0.18135
V271	0.59395	0.12468	0.08515	0.19622
V272	0.09314	0.62313	0.09801	0.18572
V273	0.11813	0.09938	0.10795	0.67455
V274	0.52983	0.08236	0.18506	0.20275
V275	0.07904	0.13535	0.67256	0.11304
V276	0.38042	0.3136	0.07897	0.22701
V277	0.10097	0.225	0.18252	0.49151
V278	0.10671	0.13485	0.2523	0.50614
V279	0.5141	0.12296	0.13961	0.22333
V280	0.09767	0.09003	0.09966	0.71264
V281	0.41217	0.10635	0.16132	0.32017
V282	0.11504	0.15851	0.57234	0.15411
V283	0.19213	0.46593	0.12693	0.21501
V284	0.07417	0.68542	0.13071	0.1097
V285	0.12267	0.12519	0.64521	0.10693
V286	0.21452	0.44981	0.15401	0.18166
V287	0.11807	0.65932	0.09903	0.12359
V288	0.08379	0.28539	0.33286	0.29796
V289	0.24883	0.24924	0.33344	0.16848
V290	0.62542	0.18979	0.06979	0.115
V291	0.38691	0.14772	0.34186	0.12351
V292	0.70571	0.07649	0.05296	0.16484
V293	0.26768	0.11766	0.47195	0.14271
V294	0.12757	0.31995	0.08206	0.47042
V295	0.09038	0.20797	0.19807	0.50357
V296	0.18732	0.18936	0.44786	0.17546
V297	0.13107	0.08844	0.12527	0.65521
V298	0.26453	0.17467	0.43952	0.12128
V299	0.11928	0.26132	0.09309	0.52631
V300	0.08587	0.11275	0.21843	0.58295
V301	0.15431	0.18445	0.46428	0.19696
V302	0.49507	0.31727	0.0641	0.12355
V303	0.06055	0.48994	0.31885	0.13066
V304	0.11607	0.12773	0.52385	0.23235
V305	0.15309	0.21141	0.34846	0.28704
V306	0.60241	0.14541	0.09769	0.15449
V307	0.0666	0.71319	0.10334	0.11687
V308	0.21082	0.24973	0.25792	0.28153
V309	0.26819	0.29343	0.09421	0.34417
V310	0.1227	0.2946	0.17514	0.40756
V311	0.3977	0.41108	0.07568	0.11553
V312	0.12152	0.57518	0.17966	0.12364
V313	0.08666	0.15161	0.1001	0.66162
V314	0.07938	0.39307	0.1563	0.37125
V315	0.13847	0.48921	0.10943	0.26289
V316	0.26327	0.19164	0.31072	0.23438
V317	0.11681	0.53714	0.11829	0.22776
V318	0.09065	0.43806	0.09462	0.37668
V319	0.11431	0.15473	0.59763	0.13333
V320	0.1272	0.20597	0.46478	0.20205
V321	0.48731	0.33244	0.07002	0.11023
V322	0.18603	0.29641	0.12704	0.39051
V323	0.11825	0.10186	0.13607	0.64383
V324	0.4945	0.26026	0.11434	0.13089
V325	0.25245	0.51354	0.1214	0.11261
V326	0.0655	0.44585	0.14677	0.34187
V327	0.09305	0.18207	0.14887	0.57601
V328	0.10964	0.12777	0.5234	0.23919
V329	0.1804	0.16634	0.18216	0.47109
V330	0.31505	0.09826	0.27982	0.30687
V331	0.27913	0.14381	0.10505	0.47201
V332	0.09066	0.12346	0.19162	0.59425
V333	0.33594	0.15082	0.31355	0.19969
V334	0.2946	0.10198	0.29066	0.31276
V335	0.08742	0.32626	0.38658	0.19974
V336	0.16992	0.5432	0.09986	0.18702
V337	0.24183	0.36433	0.26112	0.13273
V338	0.05349	0.73738	0.09934	0.10979
V339	0.1563	0.12228	0.60707	0.11435
V340	0.11138	0.2548	0.38982	0.244
V341	0.10013	0.10762	0.12241	0.66985
V342	0.23351	0.10799	0.44663	0.21188
V343	0.73335	0.08246	0.05826	0.12593
V344	0.51291	0.19083	0.18464	0.11162
V345	0.08429	0.1353	0.67356	0.10684
V346	0.21441	0.17197	0.24777	0.36585
V347	0.11046	0.09546	0.16	0.63409
V348	0.09961	0.51221	0.17578	0.2124
V349	0.28442	0.21142	0.31242	0.19174
V350	0.07571	0.62333	0.19843	0.10253
V351	0.09486	0.12051	0.31015	0.47448
V352	0.11077	0.12803	0.59332	0.16788
V353	0.65369	0.09207	0.08348	0.17076
V354	0.09199	0.54548	0.22612	0.13641
V355	0.24483	0.15545	0.35219	0.24754
V356	0.10455	0.10211	0.1432	0.65014
V357	0.14148	0.31192	0.24719	0.29941
V358	0.40008	0.15541	0.10422	0.34029
V359	0.42045	0.11985	0.0915	0.36821
V360	0.41433	0.37828	0.08589	0.12151
V361	0.06511	0.40392	0.42188	0.10909
V362	0.05359	0.73265	0.1041	0.10966
V363	0.18092	0.18266	0.35442	0.282
V364	0.17599	0.15282	0.48796	0.18323
V365	0.23365	0.09925	0.08677	0.58032
V366	0.11157	0.52655	0.1418	0.22008
V367	0.41984	0.17819	0.06936	0.3326
V368	0.11616	0.56197	0.14266	0.17921
V369	0.07865	0.3704	0.44223	0.10872
V370	0.25312	0.28599	0.32731	0.13359
V371	0.17566	0.55998	0.10596	0.15839
V372	0.17507	0.12664	0.15339	0.5449
V373	0.12783	0.19681	0.35442	0.32094
V374	0.5936	0.08976	0.20058	0.11605
V375	0.10895	0.11544	0.16981	0.60581
V376	0.10438	0.10764	0.14332	0.64467
V377	0.58227	0.07112	0.067	0.27961
V378	0.08937	0.1217	0.3153	0.47363
V379	0.26982	0.21371	0.08325	0.43323
V380	0.16937	0.14216	0.19942	0.48904
V381	0.53977	0.09011	0.12548	0.24464
V382	0.12784	0.13649	0.62189	0.11378
V383	0.61396	0.08011	0.09538	0.21055
V384	0.41135	0.14075	0.15576	0.29214
V385	0.63563	0.08803	0.11341	0.16293
V386	0.25611	0.09885	0.16585	0.47918
V387	0.43467	0.19369	0.19219	0.17945
V388	0.29024	0.31275	0.17125	0.22576
V389	0.31973	0.43407	0.08532	0.16089
V390	0.25391	0.27218	0.36169	0.11222
V391	0.31826	0.15522	0.08592	0.4406
V392	0.32188	0.23803	0.1837	0.25639
V393	0.24052	0.25276	0.28846	0.21826
V394	0.13275	0.23622	0.15089	0.48014
V395	0.19968	0.35107	0.20477	0.24448
V396	0.0601	0.71831	0.09786	0.12373
V397	0.576	0.14459	0.13218	0.14722
V398	0.33613	0.18055	0.13531	0.34802
V399	0.18128	0.45242	0.17873	0.18757
V400	0.06503	0.45676	0.12991	0.3483
V401	0.09942	0.2173	0.5171	0.16618
V402	0.59859	0.19909	0.08796	0.11437
V403	0.1004	0.10216	0.12744	0.67
V404	0.13157	0.2387	0.44759	0.18214
V405	0.20961	0.11323	0.17955	0.49761
V406	0.47043	0.25645	0.07979	0.19334
V407	0.05349	0.73738	0.09934	0.10979
V408	0.13233	0.26196	0.31358	0.29213
V409	0.09218	0.09524	0.10033	0.71225
V410	0.11257	0.65373	0.11018	0.12352
V411	0.33851	0.08376	0.06984	0.50789
V412	0.17475	0.15712	0.37226	0.29587
V413	0.10374	0.40255	0.19643	0.29728
V414	0.08912	0.42623	0.28526	0.19939
V415	0.34075	0.11321	0.21819	0.32785
V416	0.08314	0.1655	0.64487	0.10649
V417	0.30087	0.50253	0.08253	0.11407
V418	0.12534	0.15878	0.16779	0.54809
V419	0.09739	0.08964	0.10532	0.70766
V420	0.05536	0.66587	0.10098	0.17778
V421	0.17679	0.13776	0.48834	0.19712
V422	0.11249	0.12116	0.09235	0.67399
V423	0.12871	0.12994	0.61449	0.12686
V424	0.0788	0.14333	0.4448	0.33307
V425	0.10978	0.26634	0.43607	0.18781
V426	0.13675	0.14369	0.55878	0.16078
V427	0.11397	0.34749	0.20005	0.33848
V428	0.11414	0.58637	0.12705	0.17244
V429	0.09731	0.09009	0.10963	0.70297
V430	0.54998	0.19789	0.07835	0.17378
V431	0.19011	0.12031	0.34433	0.34525
V432	0.14452	0.14613	0.11476	0.59459
V433	0.09671	0.55822	0.0844	0.26067
V434	0.27333	0.13861	0.10981	0.47826
V435	0.38073	0.09374	0.15022	0.37531
V436	0.30211	0.09559	0.14787	0.45443
V437	0.20902	0.23319	0.08266	0.47513
V438	0.44426	0.19485	0.09085	0.27004
V439	0.10408	0.14534	0.09252	0.65806
V440	0.36156	0.10894	0.09531	0.43418
V441	0.11955	0.19673	0.43197	0.25175
V442	0.25525	0.31853	0.1664	0.25981
V443	0.54634	0.08318	0.1253	0.24517
V444	0.08429	0.1353	0.67356	0.10684
V445	0.4685	0.10609	0.28733	0.13808
V446	0.08041	0.62649	0.12857	0.16453
V447	0.46509	0.15821	0.18286	0.19384
V448	0.09543	0.13597	0.19681	0.5718
V449	0.42436	0.1238	0.2581	0.19374
V450	0.14508	0.65301	0.09784	0.10407
V451	0.70046	0.10817	0.05369	0.13768
V452	0.10675	0.09638	0.12661	0.67027
V453	0.59582	0.13442	0.10852	0.16123
V454	0.05419	0.70325	0.12594	0.11662
V455	0.45339	0.11592	0.26447	0.16622
V456	0.27026	0.18553	0.30997	0.23424
V457	0.09198	0.10059	0.09592	0.71152
V458	0.2283	0.23345	0.08138	0.45687
V459	0.06854	0.60248	0.15037	0.17861
V460	0.71451	0.07896	0.07435	0.13218
V461	0.11855	0.10502	0.09203	0.68441
V462	0.27493	0.24666	0.07243	0.40598
V463	0.21808	0.40486	0.18174	0.19532
V464	0.37483	0.15303	0.07176	0.40038
V465	0.30744	0.3719	0.09589	0.22478
V466	0.42686	0.21273	0.06935	0.29106
V467	0.25535	0.46765	0.13697	0.14002
V468	0.37328	0.36085	0.1107	0.15516
V469	0.08882	0.21442	0.24965	0.44711
V470	0.40511	0.17861	0.18756	0.22872
V471	0.23278	0.15743	0.10102	0.50877
V472	0.25855	0.30325	0.07398	0.36421
V473	0.12775	0.45664	0.29256	0.12304
V474	0.15268	0.0889	0.14438	0.61404
V475	0.1766	0.34736	0.13463	0.3414
V476	0.17598	0.09758	0.11768	0.60876
V477	0.4448	0.11659	0.20181	0.23681
V478	0.1455	0.46324	0.08649	0.30477
V479	0.08897	0.17178	0.56489	0.17436
V480	0.12352	0.28472	0.11386	0.47791
V481	0.16924	0.12686	0.58369	0.12021
V482	0.5123	0.20025	0.14267	0.14478
V483	0.15538	0.16111	0.12814	0.55537
V484	0.09906	0.12886	0.10323	0.66885
V485	0.13588	0.5633	0.09412	0.20669
V486	0.2306	0.2662	0.15952	0.34368
V487	0.12888	0.1182	0.1355	0.61741
V488	0.07916	0.12073	0.61152	0.18859
V489	0.20862	0.17958	0.49245	0.11935
V490	0.26848	0.29805	0.12332	0.31016
V491	0.33607	0.40211	0.10078	0.16105
V492	0.0747	0.6392	0.17625	0.10986
V493	0.0977	0.08891	0.09209	0.7213
V494	0.19267	0.2154	0.3885	0.20343
V495	0.19938	0.50155	0.17467	0.1244
V496	0.23078	0.54181	0.08123	0.14618
V497	0.08485	0.12788	0.67408	0.11319
V498	0.25932	0.15798	0.1112	0.4715
V499	0.45878	0.27156	0.15349	0.11617
V500	0.14017	0.19725	0.52335	0.13923
V501	0.09239	0.09002	0.11009	0.7075
V502	0.40775	0.28436	0.17255	0.13534
V503	0.19318	0.16133	0.19927	0.44621
V504	0.20224	0.54357	0.09452	0.15967
V505	0.19024	0.24006	0.23233	0.33737
V506	0.13105	0.27329	0.34506	0.2506
V507	0.4481	0.16173	0.14692	0.24324
V508	0.55137	0.19989	0.09574	0.153
V509	0.21609	0.15083	0.37863	0.25446
V510	0.20277	0.44061	0.24543	0.11119
V511	0.10103	0.35177	0.116	0.43121
V512	0.22131	0.1221	0.1291	0.52749
V513	0.11231	0.51114	0.21837	0.15819
V514	0.09596	0.12222	0.08986	0.69196
V515	0.56003	0.12463	0.09863	0.2167
V516	0.68656	0.13481	0.05488	0.12375
V517	0.10892	0.11282	0.22909	0.54918
V518	0.72719	0.09466	0.05242	0.12573
V519	0.07398	0.648	0.09318	0.18484
V520	0.09981	0.10906	0.44287	0.34826
V521	0.43166	0.12739	0.30338	0.13757
V522	0.08164	0.19509	0.417	0.30628
V523	0.28323	0.18486	0.23417	0.29773
V524	0.06301	0.59681	0.21026	0.12992
V525	0.22328	0.22385	0.09533	0.45754
V526	0.46783	0.14332	0.11748	0.27137
V527	0.20286	0.11795	0.31287	0.36632
V528	0.11846	0.65027	0.08726	0.14401
V529	0.1198	0.13743	0.21225	0.53051
V530	0.07713	0.24886	0.48634	0.18766
V531	0.06816	0.66417	0.16488	0.1028
V532	0.17243	0.29857	0.0998	0.4292
V533	0.2354	0.32456	0.16669	0.27336
V534	0.08541	0.11963	0.50141	0.29355
V535	0.41057	0.07527	0.07443	0.43974
V536	0.19657	0.09821	0.29793	0.40729
V537	0.43852	0.26833	0.17163	0.12153
V538	0.34399	0.12535	0.12935	0.40131
V539	0.22679	0.37667	0.18073	0.2158
V540	0.18274	0.54277	0.1359	0.13858
V541	0.07937	0.4082	0.12899	0.38344
V542	0.1919	0.18459	0.23057	0.39294
V543	0.6522	0.07833	0.06453	0.20495
V544	0.14385	0.15279	0.18415	0.51921
V545	0.28675	0.18557	0.12005	0.40763
V546	0.0859	0.66859	0.13593	0.10958
V547	0.08561	0.51588	0.28252	0.11599
V548	0.15526	0.59166	0.14347	0.10961
V549	0.28085	0.1299	0.46707	0.12218
V550	0.43156	0.09807	0.06352	0.40685
V551	0.16978	0.56771	0.11179	0.15072
V552	0.06774	0.41976	0.09134	0.42116
V553	0.21492	0.21158	0.44749	0.12601
V554	0.11638	0.14049	0.10055	0.64259
V555	0.13147	0.25069	0.27703	0.34081
V556	0.0775	0.13943	0.64979	0.13328
V557	0.59838	0.0956	0.06723	0.23879
V558	0.10106	0.59166	0.108	0.19928
V559	0.06331	0.62421	0.21	0.10249
V560	0.51651	0.30282	0.06338	0.11729
V561	0.07904	0.13535	0.67256	0.11304
V562	0.57654	0.08459	0.14242	0.19645
V563	0.23278	0.11522	0.53776	0.11423
V564	0.11416	0.16866	0.59793	0.11925
V565	0.15025	0.27461	0.30266	0.27249
V566	0.50655	0.14959	0.06539	0.27846
V567	0.19601	0.37687	0.09942	0.3277
V568	0.22166	0.09068	0.11255	0.57511
V569	0.4963	0.09615	0.06033	0.34722
V570	0.08846	0.30389	0.44901	0.15863
V571	0.60501	0.16794	0.05793	0.16912
V572	0.35338	0.10485	0.34772	0.19404
V573	0.11821	0.19436	0.0893	0.59813
V574	0.0829	0.60308	0.19806	0.11596
V575	0.09522	0.14553	0.16	0.59926
V576	0.15479	0.61503	0.11386	0.11633
V577	0.10738	0.12456	0.20703	0.56103
V578	0.11501	0.15879	0.48094	0.24527
V579	0.06124	0.66167	0.15395	0.12314
V580	0.17024	0.0954	0.14843	0.58593
V581	0.1216	0.13307	0.08672	0.65861
V582	0.42196	0.18797	0.09173	0.29834
V583	0.08509	0.14269	0.42481	0.34741
V584	0.39015	0.20688	0.25896	0.14401
V585	0.08967	0.10968	0.34013	0.46052
V586	0.22671	0.11639	0.47259	0.18431
V587	0.24775	0.12062	0.49658	0.13505
V588	0.45671	0.11128	0.0852	0.34681
V589	0.09386	0.61484	0.13385	0.15744
V590	0.08992	0.59101	0.20958	0.10949
V591	0.08621	0.11807	0.20161	0.59412
V592	0.17637	0.13921	0.57765	0.10677
V593	0.43657	0.08363	0.18739	0.29241
V594	0.27278	0.29645	0.28265	0.14812
V595	0.1019	0.10069	0.09909	0.69832
V596	0.09759	0.27836	0.21667	0.40738
V597	0.06173	0.47427	0.29251	0.1715
V598	0.08699	0.19628	0.59766	0.11907
V599	0.46226	0.30906	0.09257	0.13611
V600	0.27901	0.40316	0.11449	0.20335
V601	0.16714	0.2694	0.13366	0.4298
V602	0.10208	0.10028	0.0949	0.70275
V603	0.0806	0.31912	0.09623	0.50405
V604	0.39167	0.18322	0.28806	0.13705
V605	0.11419	0.31966	0.3166	0.24954
V606	0.52844	0.19071	0.07258	0.20827
V607	0.47657	0.09161	0.13915	0.29268
V608	0.20629	0.2121	0.30664	0.27498
V609	0.09328	0.25021	0.22283	0.43369
V610	0.56185	0.09616	0.12588	0.21611
V611	0.24856	0.08915	0.11075	0.55154
V612	0.09533	0.17817	0.5664	0.1601
V613	0.09239	0.33033	0.43918	0.1381
V614	0.55266	0.12408	0.0992	0.22407
V615	0.15722	0.1199	0.08868	0.6342
V616	0.11054	0.53667	0.11818	0.23461
V617	0.36996	0.21141	0.30957	0.10905
V618	0.53063	0.07834	0.05738	0.33365
V619	0.30714	0.1184	0.26854	0.30591
V620	0.06673	0.53061	0.29393	0.10873
V621	0.32382	0.1991	0.18588	0.29121
V622	0.28937	0.25524	0.3201	0.13528
V623	0.09518	0.14044	0.17039	0.59398
V624	0.59042	0.21596	0.06027	0.13334
V625	0.22433	0.41446	0.14596	0.21525
V626	0.72731	0.08821	0.0524	0.13208
V627	0.08894	0.10222	0.12953	0.67931
V628	0.0812	0.22465	0.09877	0.59538
V629	0.14907	0.29122	0.24633	0.31339
V630	0.09325	0.33034	0.43155	0.14486
V631	0.09153	0.21354	0.14902	0.54591
V632	0.43385	0.08072	0.15857	0.32686
V633	0.07847	0.13891	0.58044	0.20218
V634	0.31527	0.28121	0.28914	0.11438
V635	0.07812	0.57118	0.09093	0.25977
V636	0.15467	0.18378	0.45824	0.2033
V637	0.25089	0.22156	0.13457	0.39298
V638	0.29023	0.262	0.12297	0.3248
V639	0.23348	0.38583	0.27592	0.10477
V640	0.09875	0.21822	0.53729	0.14573
V641	0.65434	0.10438	0.07826	0.16301
V642	0.56303	0.20258	0.06007	0.17432
V643	0.08077	0.22995	0.34333	0.34595
V644	0.68039	0.12919	0.06058	0.12985
V645	0.22766	0.37222	0.27497	0.12515
V646	0.05934	0.73277	0.09809	0.1098
V647	0.16896	0.17421	0.50312	0.15372
V648	0.31641	0.38275	0.16721	0.13362
V649	0.09571	0.16018	0.59093	0.15318
V650	0.11444	0.1769	0.54875	0.15991
V651	0.27383	0.1126	0.49777	0.1158
V652	0.13569	0.16892	0.33288	0.3625
V653	0.13895	0.5162	0.15158	0.19328
V654	0.50981	0.22373	0.10799	0.15846
V655	0.0899	0.4465	0.10027	0.36333
V656	0.1932	0.26331	0.08785	0.45565
V657	0.10023	0.12901	0.09287	0.67789
V658	0.43791	0.23047	0.11009	0.22154
V659	0.272	0.16402	0.29464	0.26934
V660	0.07177	0.71181	0.09227	0.12414
V661	0.1068	0.35301	0.12161	0.41857
V662	0.33134	0.11364	0.36182	0.1932
V663	0.22316	0.16003	0.41899	0.19781
V664	0.20264	0.15899	0.49049	0.14788
V665	0.50132	0.21421	0.09693	0.18755
V666	0.43168	0.07968	0.13419	0.35446
V667	0.57685	0.13483	0.17365	0.11467
V668	0.1329	0.61898	0.14468	0.10344
V669	0.20539	0.36881	0.23724	0.18856
V670	0.10461	0.68152	0.09007	0.12381
V671	0.28581	0.29157	0.23902	0.1836
V672	0.09026	0.13821	0.63822	0.13331
V673	0.20709	0.33993	0.2222	0.23079
V674	0.52207	0.18493	0.07802	0.21499
V675	0.15568	0.31516	0.27183	0.25733
V676	0.10057	0.16368	0.1481	0.58765
V677	0.29567	0.35831	0.14231	0.20371
V678	0.3912	0.41221	0.08129	0.11529
V679	0.1003	0.31862	0.46438	0.1167
V680	0.25109	0.45256	0.17147	0.12488
V681	0.66719	0.12195	0.06756	0.1433
V682	0.14197	0.30832	0.41169	0.13801
V683	0.05943	0.73254	0.1044	0.10364
V684	0.51207	0.19996	0.12966	0.15831
V685	0.36876	0.32618	0.15629	0.14877
V686	0.13423	0.21286	0.17278	0.48013
V687	0.10229	0.09496	0.09964	0.70312
V688	0.29047	0.4247	0.07534	0.2095
V689	0.22901	0.08375	0.10719	0.58005
V690	0.36838	0.13123	0.33572	0.16467
V691	0.17657	0.12009	0.58943	0.11391
V692	0.1265	0.20967	0.50423	0.15961
V693	0.21524	0.17769	0.29664	0.31043
V694	0.09056	0.1152	0.25247	0.54177
V695	0.22319	0.09454	0.17228	0.50999
V696	0.12743	0.13934	0.09495	0.63828
V697	0.09636	0.11617	0.09465	0.69282
V698	0.60335	0.07776	0.06627	0.25261
V699	0.41345	0.28487	0.11673	0.18494
V700	0.21455	0.09939	0.08397	0.60209
V701	0.13589	0.42492	0.1553	0.28389
V702	0.39745	0.1394	0.07628	0.38687
V703	0.16236	0.14424	0.36414	0.32926
V704	0.59985	0.11002	0.08016	0.20996
V705	0.72158	0.07237	0.06172	0.14433
V706	0.12981	0.14942	0.54597	0.17479
V707	0.09124	0.38828	0.3827	0.13778
V708	0.07987	0.65051	0.10512	0.16449
V709	0.1575	0.28563	0.39077	0.1661
V710	0.4378	0.22971	0.10416	0.22833
V711	0.11423	0.60567	0.1502	0.1299
V712	0.59833	0.11419	0.06255	0.22493
V713	0.32417	0.28927	0.09702	0.28954
V714	0.06879	0.508	0.1022	0.32101
V715	0.25064	0.32343	0.26517	0.16076
V716	0.10616	0.11145	0.11267	0.66972
V717	0.10439	0.68778	0.09026	0.11757
V718	0.1557	0.45413	0.19591	0.19427
V719	0.09786	0.53501	0.11247	0.25466
V720	0.52526	0.08446	0.21523	0.17506
V721	0.15224	0.21783	0.35663	0.27331
V722	0.12865	0.30183	0.09206	0.47745
V723	0.14457	0.13895	0.08872	0.62775
V724	0.42419	0.103	0.12538	0.34744
V725	0.07561	0.18402	0.60867	0.1317
V726	0.09469	0.33224	0.16013	0.41294
V727	0.22568	0.51715	0.14605	0.11112
V728	0.07378	0.66245	0.15365	0.11012
V729	0.31806	0.09876	0.1745	0.40868
V730	0.66808	0.09957	0.08904	0.14331
V731	0.09346	0.23356	0.31298	0.36
V732	0.28515	0.15619	0.2888	0.26985
V733	0.46527	0.21452	0.09151	0.2287
V734	0.2167	0.31075	0.36183	0.11071
V735	0.09338	0.12329	0.36085	0.42248
V736	0.16489	0.09034	0.08891	0.65586
V737	0.26513	0.29168	0.22573	0.21745
V738	0.12271	0.32279	0.3476	0.20691
V739	0.08051	0.11608	0.43567	0.36774
V740	0.62163	0.1402	0.10908	0.12909
V741	0.36002	0.16189	0.15158	0.32652
V742	0.31609	0.48909	0.08785	0.10697
V743	0.15966	0.20972	0.50507	0.12556
V744	0.39517	0.12553	0.27878	0.20052
V745	0.07183	0.53367	0.20212	0.19239
V746	0.74945	0.07163	0.05232	0.1266
V747	0.11759	0.11297	0.50239	0.26704
V748	0.15443	0.18117	0.425	0.2394
V749	0.23784	0.20428	0.11229	0.44559
V750	0.31299	0.39278	0.09068	0.20355
V751	0.08624	0.64734	0.11652	0.1499
V752	0.34385	0.24564	0.16134	0.24917
V753	0.09766	0.09354	0.09172	0.71708
V754	0.0612	0.69136	0.09047	0.15697
V755	0.1649	0.23263	0.2805	0.32197
V756	0.10219	0.09514	0.11331	0.68936
V757	0.26833	0.47375	0.12516	0.13276
V758	0.09045	0.57839	0.16703	0.16414
V759	0.15666	0.14617	0.31262	0.38455
V760	0.2505	0.13851	0.24458	0.36641
V761	0.10745	0.46683	0.25352	0.1722
V762	0.07412	0.32552	0.09666	0.5037
V763	0.29494	0.32248	0.09364	0.28894
V764	0.06172	0.68547	0.09604	0.15677
V765	0.48328	0.14374	0.06081	0.31217
V766	0.08314	0.31486	0.33998	0.26202
V767	0.36334	0.18417	0.22422	0.22827
V768	0.09112	0.678	0.10671	0.12418
V769	0.14731	0.62764	0.10924	0.11581
V770	0.05934	0.73277	0.09809	0.1098
V771	0.18284	0.12522	0.57146	0.12048
V772	0.16232	0.14636	0.57836	0.11296
V773	0.15938	0.63199	0.09185	0.11678
V774	0.09081	0.126	0.64952	0.13366
V775	0.15139	0.12688	0.24515	0.47658
V776	0.32279	0.36834	0.11182	0.19705
V777	0.17978	0.17135	0.16532	0.48355
V778	0.3921	0.2771	0.11874	0.21206
V779	0.18241	0.1361	0.37175	0.30974
V780	0.12864	0.59459	0.17393	0.10284
V781	0.11311	0.10515	0.10233	0.67941
V782	0.0801	0.20056	0.55973	0.15961
V783	0.57217	0.09219	0.09704	0.2386
V784	0.12411	0.66634	0.09908	0.11048
V785	0.07839	0.69461	0.10282	0.12417
V786	0.52588	0.19824	0.12352	0.15237
V787	0.05682	0.64117	0.19262	0.10939
V788	0.37859	0.29866	0.17432	0.14843
V789	0.11625	0.31714	0.1027	0.4639
V790	0.34418	0.10507	0.12292	0.42784
V791	0.15407	0.34495	0.27884	0.22215
V792	0.14771	0.42816	0.08497	0.33916
V793	0.13789	0.50281	0.11043	0.24886
V794	0.10857	0.17025	0.55415	0.16702
V795	0.14609	0.11707	0.11944	0.61739
V796	0.09415	0.17604	0.60353	0.12628
V797	0.57271	0.08628	0.21268	0.12833
V798	0.45767	0.29201	0.12121	0.12912
V799	0.14163	0.58558	0.10775	0.16504
V800	0.12379	0.12543	0.38088	0.3699
V801	0.16112	0.18263	0.27192	0.38434
V802	0.10496	0.15366	0.24159	0.49978
V803	0.20263	0.44143	0.25167	0.10426
V804	0.40401	0.10942	0.31475	0.17183
V805	0.08454	0.12854	0.67979	0.10713
V806	0.08463	0.67626	0.10211	0.137
V807	0.225	0.18881	0.1028	0.48339
V808	0.4856	0.27415	0.09627	0.14397
V809	0.10331	0.14524	0.64439	0.10706
V810	0.05935	0.73742	0.09336	0.10986
V811	0.32588	0.14801	0.19962	0.32649
V812	0.39983	0.26708	0.10571	0.22738
V813	0.44142	0.22773	0.19387	0.13698
V814	0.33278	0.44368	0.10911	0.11444
V815	0.05449	0.6919	0.14428	0.10933
V816	0.70796	0.07414	0.09866	0.11924
V817	0.09462	0.1689	0.61691	0.11956
V818	0.08885	0.11731	0.11021	0.68362
V819	0.6089	0.1395	0.09701	0.15459
V820	0.15542	0.15045	0.09839	0.59573
V821	0.2017	0.31397	0.3174	0.16693
V822	0.12141	0.1365	0.61538	0.12671
V823	0.0913	0.24223	0.48519	0.18128
V824	0.12601	0.35674	0.41404	0.1032
V825	0.20191	0.29163	0.2328	0.27365
V826	0.33145	0.36962	0.17913	0.11979
V827	0.2964	0.48174	0.08832	0.13353
V828	0.20476	0.2024	0.14789	0.44495
V829	0.10263	0.2427	0.11046	0.54422
V830	0.20222	0.23648	0.09772	0.46357
V831	0.55921	0.14433	0.08701	0.20945
V832	0.22697	0.35602	0.18623	0.23078
V833	0.15638	0.41804	0.19684	0.22874
V834	0.24733	0.14147	0.12715	0.48404
V835	0.28077	0.38796	0.15614	0.17513
V836	0.06876	0.51247	0.09153	0.32724
V837	0.19968	0.34368	0.19831	0.25833
V838	0.69432	0.10404	0.07729	0.12435
V839	0.24755	0.49022	0.15023	0.11199
V840	0.24261	0.56594	0.08626	0.10519
V841	0.07668	0.14962	0.6207	0.15301
V842	0.28224	0.21266	0.23569	0.26941
V843	0.09053	0.13464	0.60705	0.16778
V844	0.14878	0.16509	0.30214	0.38399
V845	0.11965	0.19109	0.52926	0.16
V846	0.07895	0.12207	0.53371	0.26527
V847	0.09309	0.0893	0.09645	0.72116
V848	0.12284	0.41635	0.19139	0.26942
V849	0.05393	0.71274	0.09759	0.13575
V850	0.73326	0.07244	0.06195	0.13235
V851	0.27081	0.44625	0.17691	0.10603
V852	0.14612	0.1267	0.16066	0.56653
V853	0.21951	0.25554	0.32136	0.20359
V854	0.43282	0.20874	0.13696	0.22148
V855	0.09309	0.0893	0.09645	0.72116
V856	0.10022	0.33014	0.29278	0.27686
V857	0.48714	0.2076	0.09088	0.21437
V858	0.43147	0.1046	0.34485	0.11908
V859	0.47782	0.24752	0.08111	0.19355
V860	0.1853	0.16594	0.11602	0.53274
V861	0.12726	0.34336	0.41356	0.11581
V862	0.16162	0.17527	0.51622	0.14689
V863	0.19512	0.12348	0.07958	0.60182
V864	0.12324	0.11132	0.11615	0.64929
V865	0.15253	0.10107	0.23842	0.50798
V866	0.5456	0.10006	0.22676	0.12758
V867	0.54541	0.1062	0.22756	0.12083
V868	0.3787	0.28418	0.15952	0.17761
V869	0.06627	0.72541	0.098	0.11032
V870	0.13567	0.30303	0.09647	0.46483
V871	0.05393	0.71274	0.09759	0.13575
V872	0.09129	0.10787	0.22887	0.57197
V873	0.65529	0.09946	0.09574	0.14951
V874	0.17951	0.60816	0.10757	0.10476
V875	0.08954	0.22153	0.20377	0.48516
V876	0.16797	0.32159	0.32912	0.18132
V877	0.09939	0.35446	0.26244	0.28371
V878	0.13913	0.62357	0.13378	0.10351
V879	0.17738	0.53259	0.1172	0.17284
V880	0.24823	0.44646	0.08197	0.22334
V881	0.16945	0.14116	0.43584	0.25356
V882	0.5909	0.07853	0.14733	0.18324
V883	0.24905	0.24126	0.40393	0.10576
V884	0.09051	0.2577	0.086	0.56579
V885	0.53062	0.23327	0.12387	0.11225
V886	0.07968	0.34509	0.36197	0.21326
V887	0.46443	0.1338	0.17198	0.22979
V888	0.14301	0.14693	0.52782	0.18224
V889	0.68131	0.1094	0.0725	0.1368
V890	0.0995	0.21178	0.44446	0.24426
V891	0.46773	0.12858	0.25186	0.15184
V892	0.23611	0.20727	0.08635	0.47028
V893	0.42499	0.23854	0.17251	0.16395
V894	0.11495	0.31636	0.43089	0.1378
V895	0.43578	0.13838	0.19643	0.22941
V896	0.07821	0.70041	0.09708	0.12429
V897	0.50601	0.26046	0.06882	0.16471
V898	0.3532	0.07843	0.07288	0.49548
V899	0.09537	0.21695	0.17082	0.51686
V900	0.12284	0.29702	0.29562	0.28451
V901	0.08202	0.62118	0.09249	0.20431
V902	0.08562	0.67986	0.12496	0.10956
V903	0.07086	0.38245	0.40255	0.14414
V904	0.06601	0.73123	0.09267	0.11009
V905	0.17138	0.09011	0.18653	0.55198
V906	0.30747	0.15435	0.14285	0.39532
V907	0.32675	0.42823	0.09111	0.15391
V908	0.09335	0.11962	0.12754	0.65949
V909	0.14008	0.61041	0.08422	0.16529
V910	0.17708	0.08881	0.15338	0.58073
V911	0.38	0.35252	0.09771	0.16977
V912	0.29686	0.31162	0.15849	0.23303
V913	0.14831	0.08599	0.09014	0.67556
V914	0.17634	0.42007	0.26526	0.13833
V915	0.20889	0.08287	0.08481	0.62344
V916	0.23218	0.15045	0.46885	0.14852
V917	0.52311	0.10747	0.17365	0.19577
V918	0.09339	0.49615	0.23145	0.17901
V919	0.18987	0.25753	0.25812	0.29447
V920	0.44682	0.22754	0.1321	0.19354
V921	0.09969	0.18979	0.10739	0.60312
V922	0.13084	0.40427	0.32061	0.14428
V923	0.13053	0.09913	0.11077	0.65957
V924	0.08507	0.52762	0.25674	0.13057
V925	0.18184	0.10831	0.09074	0.61911
V926	0.19621	0.10158	0.10008	0.60213
V927	0.10002	0.11181	0.11838	0.66979
V928	0.08524	0.66267	0.09463	0.15746
V929	0.10024	0.49529	0.17005	0.23442
V930	0.37361	0.33802	0.09733	0.19105
V931	0.15716	0.29243	0.38457	0.16584
V932	0.1009	0.18954	0.4373	0.27226
V933	0.44369	0.35593	0.07849	0.12189
V934	0.08434	0.20011	0.243	0.47255
V935	0.4136	0.20927	0.20593	0.1712
V936	0.38286	0.27173	0.08358	0.26183
V937	0.39476	0.17943	0.12691	0.29891
V938	0.29967	0.13208	0.26283	0.30542
V939	0.54669	0.09457	0.11383	0.24491
V940	0.07577	0.60136	0.18627	0.1366
V941	0.07948	0.12771	0.67963	0.11318
V942	0.53774	0.21729	0.11301	0.13196
V943	0.31283	0.19383	0.33664	0.15669
V944	0.08902	0.25777	0.12702	0.5262
V945	0.40953	0.32843	0.0776	0.18444
V946	0.34443	0.27635	0.23678	0.14244
V947	0.13367	0.13149	0.21651	0.51833
V948	0.28817	0.12898	0.45423	0.12861
V949	0.08169	0.16962	0.20265	0.54605
V950	0.10321	0.43191	0.21677	0.2481
V951	0.61845	0.09349	0.16538	0.12268
V952	0.12297	0.18662	0.23567	0.45474
V953	0.0885	0.15614	0.62255	0.13281
V954	0.10161	0.21113	0.16967	0.51758
V955	0.13927	0.46631	0.10382	0.2906
V956	0.10552	0.1245	0.38058	0.38941
V957	0.27066	0.09243	0.07447	0.56244
V958	0.0977	0.08891	0.09209	0.7213
V959	0.21129	0.27978	0.34132	0.16761
V960	0.20782	0.26827	0.13281	0.3911
V961	0.15331	0.35302	0.29311	0.20055
V962	0.29076	0.22011	0.31929	0.16984
V963	0.43332	0.21218	0.17546	0.17903
V964	0.61833	0.10256	0.13051	0.1486
V965	0.10329	0.40973	0.2037	0.28328
V966	0.72724	0.08255	0.05773	0.13248
V967	0.11687	0.1389	0.38805	0.35618
V968	0.07262	0.21889	0.54921	0.15928
V969	0.08301	0.26751	0.11211	0.53737
V970	0.10272	0.18801	0.32792	0.38135
V971	0.37877	0.16227	0.27978	0.17918
V972	0.37168	0.22452	0.10538	0.29842
V973	0.22563	0.36217	0.13249	0.27971
V974	0.06343	0.59085	0.17433	0.1714
V975	0.13567	0.30331	0.4512	0.10982
V976	0.32761	0.26024	0.15006	0.26209
V977	0.26358	0.33888	0.28549	0.11205
V978	0.12079	0.14787	0.12615	0.60519
V979	0.59928	0.09618	0.18226	0.12227
V980	0.74945	0.07163	0.05232	0.1266
V981	0.28053	0.12517	0.33802	0.25628
V982	0.33066	0.3568	0.12942	0.18312
V983	0.50646	0.12251	0.06487	0.30616
V984	0.06816	0.63114	0.164	0.13669
V985	0.12309	0.20734	0.08823	0.58133
V986	0.25787	0.43147	0.11527	0.19538
V987	0.20681	0.58462	0.08346	0.12511
V988	0.20249	0.09414	0.08999	0.61339
V989	0.33524	0.40553	0.13175	0.12748
V990	0.0773	0.15051	0.55534	0.21684
V991	0.47997	0.33229	0.06479	0.12295
V992	0.20399	0.10812	0.38986	0.29803
V993	0.10399	0.55676	0.19576	0.14349
V994	0.1737	0.60159	0.10778	0.11693
V995	0.52976	0.15851	0.08839	0.22334
V996	0.23258	0.16744	0.08548	0.5145
V997	0.09143	0.12614	0.58007	0.20237
V998	0.64202	0.08731	0.10767	0.163
V999	0.13002	0.6709	0.08868	0.11039
V1000	0.25832	0.09747	0.07602	0.56819
