CD19B	CD56NK	CD4MemoryT	CD14
V1	0.45984	0.06544	0.18491	0.28981
V2	0.17966	0.13062	0.10784	0.58188
V3	0.10984	0.53188	0.05931	0.29897
V4	0.71028	0.15253	0.03337	0.10381
V5	0.14593	0.42033	0.23408	0.19966
V6	0.12572	0.72442	0.05459	0.09526
V7	0.17471	0.33908	0.11875	0.36746
V8	0.16205	0.07069	0.64655	0.1207
V9	0.23812	0.247	0.08854	0.42634
V10	0.07491	0.07569	0.71304	0.13636
V11	0.2168	0.33106	0.3651	0.08704
V12	0.08486	0.49994	0.32289	0.09231
V13	0.26391	0.59929	0.04036	0.09644
V14	0.12089	0.75753	0.04293	0.07865
V15	0.15516	0.50913	0.13915	0.19657
V16	0.7391	0.0874	0.0583	0.11519
V17	0.13344	0.72312	0.04856	0.09488
V18	0.4746	0.3345	0.07561	0.11529
V19	0.18931	0.68271	0.04235	0.08563
V20	0.18931	0.41549	0.06504	0.33016
V21	0.16242	0.10015	0.61808	0.11935
V22	0.08431	0.13448	0.22288	0.55833
V23	0.33982	0.08789	0.47695	0.09533
V24	0.77618	0.07221	0.06545	0.08617
V25	0.30712	0.24994	0.14983	0.2931
V26	0.34439	0.36417	0.05886	0.23257
V27	0.14535	0.09749	0.09131	0.66586
V28	0.06314	0.08519	0.75903	0.09263
V29	0.37986	0.07499	0.42607	0.11908
V30	0.14101	0.23265	0.26098	0.36536
V31	0.2123	0.21614	0.2697	0.30186
V32	0.12801	0.07645	0.10295	0.69259
V33	0.09883	0.43245	0.31045	0.15827
V34	0.16186	0.0852	0.63264	0.1203
V35	0.18719	0.60221	0.10693	0.10367
V36	0.06994	0.09046	0.4202	0.4194
V37	0.45267	0.11699	0.12788	0.30245
V38	0.37389	0.0581	0.1923	0.37572
V39	0.18734	0.48458	0.14477	0.18331
V40	0.14031	0.68452	0.10122	0.07395
V41	0.07019	0.57313	0.08492	0.27175
V42	0.23168	0.08358	0.22357	0.46118
V43	0.16283	0.31593	0.41013	0.1111
V44	0.0735	0.1194	0.59226	0.21485
V45	0.13932	0.50119	0.21013	0.14935
V46	0.65361	0.11575	0.14003	0.09061
V47	0.3805	0.21099	0.28103	0.12749
V48	0.65967	0.19923	0.03839	0.10271
V49	0.59796	0.21346	0.03456	0.15402
V50	0.11843	0.69252	0.10884	0.0802
V51	0.28724	0.36811	0.23516	0.10948
V52	0.08499	0.14266	0.65303	0.11932
V53	0.601	0.1577	0.15821	0.08309
V54	0.36526	0.21154	0.31933	0.10388
V55	0.22285	0.16568	0.23745	0.37402
V56	0.10467	0.0729	0.14009	0.68234
V57	0.1414	0.71718	0.05433	0.08709
V58	0.53058	0.05982	0.0871	0.3225
V59	0.37365	0.37891	0.12482	0.12262
V60	0.1655	0.18331	0.29999	0.3512
V61	0.65267	0.14505	0.04625	0.15603
V62	0.71843	0.08183	0.10008	0.09966
V63	0.0797	0.68725	0.13649	0.09656
V64	0.07236	0.70765	0.04103	0.17896
V65	0.08509	0.0654	0.15062	0.69889
V66	0.22631	0.58615	0.05494	0.1326
V67	0.17807	0.30851	0.41732	0.0961
V68	0.18632	0.17441	0.08672	0.55255
V69	0.08439	0.29496	0.49283	0.12782
V70	0.44858	0.18302	0.18615	0.18225
V71	0.18921	0.11936	0.33792	0.35352
V72	0.47337	0.18736	0.12261	0.21666
V73	0.18008	0.52176	0.15002	0.14814
V74	0.10773	0.22825	0.57779	0.08624
V75	0.5803	0.05566	0.19769	0.16635
V76	0.06894	0.19975	0.20368	0.52764
V77	0.09945	0.28685	0.07036	0.54335
V78	0.2862	0.15457	0.19966	0.35957
V79	0.06468	0.13506	0.63852	0.16174
V80	0.31775	0.07081	0.45137	0.16007
V81	0.10849	0.18219	0.61617	0.09315
V82	0.06197	0.10573	0.73282	0.09949
V83	0.16965	0.20202	0.12246	0.50587
V84	0.34982	0.09522	0.18681	0.36815
V85	0.14546	0.3032	0.34291	0.20842
V86	0.10093	0.0952	0.67641	0.12747
V87	0.09401	0.68496	0.08846	0.13257
V88	0.19277	0.11093	0.2628	0.4335
V89	0.08738	0.07314	0.22719	0.61229
V90	0.08779	0.73478	0.08832	0.08911
V91	0.09448	0.615	0.18527	0.10525
V92	0.39132	0.07483	0.34074	0.19312
V93	0.72583	0.06342	0.03965	0.1711
V94	0.08125	0.40899	0.07293	0.43683
V95	0.2497	0.39229	0.16581	0.1922
V96	0.12517	0.13707	0.09608	0.64167
V97	0.56331	0.14391	0.20284	0.08994
V98	0.57351	0.30093	0.03387	0.09169
V99	0.65619	0.09232	0.15979	0.0917
V100	0.1226	0.08182	0.68201	0.11357
V101	0.08818	0.07783	0.08682	0.74717
V102	0.76186	0.09543	0.04278	0.09993
V103	0.08362	0.09185	0.14855	0.67598
V104	0.09069	0.78737	0.0431	0.07885
V105	0.11083	0.76041	0.04936	0.07941
V106	0.15445	0.44527	0.28454	0.11574
V107	0.2008	0.2151	0.45532	0.12878
V108	0.18038	0.63176	0.113	0.07486
V109	0.07469	0.18818	0.4836	0.25352
V110	0.11079	0.72084	0.07278	0.09559
V111	0.75437	0.05184	0.09962	0.09417
V112	0.16476	0.11285	0.37646	0.34593
V113	0.20784	0.14767	0.19899	0.4455
V114	0.24874	0.09651	0.13123	0.52352
V115	0.06958	0.62882	0.21849	0.08311
V116	0.17115	0.30227	0.31912	0.20747
V117	0.55248	0.26423	0.06542	0.11787
V118	0.18935	0.50102	0.07221	0.23742
V119	0.15845	0.12259	0.11059	0.60838
V120	0.12256	0.11116	0.66169	0.1046
V121	0.48851	0.16487	0.12259	0.22403
V122	0.79353	0.05519	0.05033	0.10095
V123	0.07106	0.45747	0.09251	0.37897
V124	0.54392	0.2931	0.03262	0.13036
V125	0.34353	0.38202	0.17575	0.0987
V126	0.10189	0.17895	0.10919	0.60998
V127	0.19248	0.10126	0.2577	0.44856
V128	0.0962	0.07185	0.16218	0.66976
V129	0.4754	0.24649	0.16739	0.11073
V130	0.06815	0.55388	0.29346	0.08451
V131	0.08594	0.73599	0.03869	0.13938
V132	0.76978	0.05457	0.06574	0.1099
V133	0.74718	0.06509	0.08708	0.10064
V134	0.14898	0.36413	0.1547	0.3322
V135	0.13192	0.07852	0.20883	0.58073
V136	0.24442	0.37396	0.05858	0.32303
V137	0.53206	0.08744	0.23536	0.14515
V138	0.21948	0.3713	0.18217	0.22706
V139	0.31496	0.22777	0.19867	0.2586
V140	0.09726	0.13174	0.11581	0.65519
V141	0.1141	0.18705	0.44524	0.25361
V142	0.65475	0.05474	0.20422	0.08629
V143	0.3696	0.27078	0.10387	0.25575
V144	0.19179	0.18842	0.18958	0.43021
V145	0.06408	0.63594	0.21712	0.08286
V146	0.11463	0.07017	0.10453	0.71067
V147	0.74798	0.06955	0.05818	0.12429
V148	0.16288	0.12216	0.47428	0.24068
V149	0.25736	0.45323	0.20551	0.0839
V150	0.12896	0.24865	0.4732	0.14919
V151	0.21922	0.53814	0.06769	0.17495
V152	0.234	0.40248	0.20491	0.15861
V153	0.14634	0.6292	0.05703	0.16743
V154	0.24113	0.40711	0.24331	0.10846
V155	0.39948	0.17785	0.25917	0.1635
V156	0.0911	0.1734	0.55086	0.18464
V157	0.28253	0.19103	0.28085	0.24558
V158	0.08795	0.06478	0.09881	0.74846
V159	0.72684	0.10792	0.03546	0.12979
V160	0.56759	0.06096	0.10438	0.26708
V161	0.22724	0.06666	0.09824	0.60786
V162	0.1197	0.29884	0.12623	0.45523
V163	0.1396	0.4359	0.17775	0.24675
V164	0.30698	0.30575	0.13156	0.2557
V165	0.0806	0.27195	0.06386	0.58359
V166	0.08322	0.13929	0.12883	0.64866
V167	0.32641	0.05424	0.07102	0.54833
V168	0.27216	0.49528	0.10527	0.12729
V169	0.21135	0.10486	0.10239	0.5814
V170	0.1484	0.07976	0.4449	0.32694
V171	0.16196	0.24744	0.46991	0.12068
V172	0.59308	0.05773	0.2559	0.09329
V173	0.09537	0.17816	0.1049	0.62157
V174	0.08723	0.19579	0.13013	0.58685
V175	0.11381	0.07128	0.62635	0.18856
V176	0.07068	0.67449	0.1727	0.08214
V177	0.07304	0.79948	0.03867	0.08881
V178	0.07045	0.64473	0.04985	0.23498
V179	0.19033	0.06865	0.34959	0.39144
V180	0.08835	0.73384	0.10326	0.07455
V181	0.18563	0.16802	0.44082	0.20553
V182	0.27889	0.20542	0.381	0.13468
V183	0.20454	0.6743	0.04142	0.07974
V184	0.81894	0.05092	0.04367	0.08647
V185	0.48245	0.3885	0.04483	0.08422
V186	0.15536	0.42475	0.24165	0.17824
V187	0.78535	0.05569	0.06488	0.09408
V188	0.11627	0.24763	0.0641	0.572
V189	0.66421	0.07412	0.05574	0.20593
V190	0.54652	0.06613	0.294	0.09335
V191	0.20077	0.22288	0.45535	0.121
V192	0.2823	0.42366	0.08273	0.21131
V193	0.49607	0.08747	0.23128	0.18519
V194	0.09642	0.76421	0.04382	0.09555
V195	0.06841	0.08401	0.74775	0.09983
V196	0.08542	0.11561	0.0889	0.71007
V197	0.36485	0.09883	0.08519	0.45113
V198	0.11464	0.43911	0.31568	0.13057
V199	0.19434	0.08443	0.20328	0.51796
V200	0.16316	0.49434	0.06278	0.27972
V201	0.13986	0.48255	0.18604	0.19155
V202	0.07415	0.07868	0.62372	0.22345
V203	0.18619	0.38496	0.32704	0.10182
V204	0.0719	0.47644	0.06033	0.39134
V205	0.07641	0.10428	0.7118	0.1075
V206	0.10116	0.13599	0.66785	0.095
V207	0.17021	0.21727	0.1071	0.50542
V208	0.24708	0.11423	0.53641	0.10229
V209	0.28105	0.421	0.1005	0.19745
V210	0.13119	0.63472	0.11547	0.11862
V211	0.37348	0.06908	0.09145	0.46599
V212	0.42851	0.09186	0.37179	0.10785
V213	0.521	0.08395	0.14082	0.25423
V214	0.30092	0.19529	0.18109	0.32269
V215	0.27894	0.14383	0.07777	0.49945
V216	0.10149	0.06437	0.09884	0.7353
V217	0.09976	0.43781	0.22174	0.24069
V218	0.13949	0.40465	0.17968	0.27618
V219	0.14777	0.54613	0.05636	0.24975
V220	0.07204	0.68742	0.04723	0.1933
V221	0.66306	0.0562	0.04817	0.23257
V222	0.28952	0.17312	0.31917	0.21819
V223	0.06483	0.17431	0.6075	0.15337
V224	0.80813	0.05021	0.05559	0.08607
V225	0.11173	0.71984	0.0892	0.07924
V226	0.28572	0.12965	0.48435	0.10028
V227	0.64739	0.05583	0.19544	0.10134
V228	0.62333	0.11246	0.1001	0.16411
V229	0.07658	0.08285	0.72575	0.11483
V230	0.08687	0.07821	0.09903	0.73589
V231	0.08469	0.28282	0.15099	0.48151
V232	0.10127	0.56241	0.04478	0.29154
V233	0.46579	0.13644	0.20068	0.19709
V234	0.0954	0.75053	0.06491	0.08916
V235	0.33179	0.11006	0.44064	0.11752
V236	0.09958	0.11899	0.6276	0.15384
V237	0.18962	0.06632	0.10358	0.64048
V238	0.1631	0.47758	0.23701	0.12232
V239	0.11966	0.37702	0.07253	0.43079
V240	0.41293	0.08889	0.36687	0.13131
V241	0.07587	0.0753	0.69955	0.14928
V242	0.16556	0.63411	0.11355	0.08678
V243	0.23949	0.09654	0.51081	0.15317
V244	0.2164	0.06628	0.55611	0.16121
V245	0.49083	0.29598	0.08264	0.13055
V246	0.10734	0.18118	0.60181	0.10967
V247	0.18693	0.07952	0.64488	0.08867
V248	0.09306	0.08514	0.1155	0.70629
V249	0.06001	0.09653	0.69404	0.14942
V250	0.6317	0.05613	0.21823	0.09393
V251	0.77833	0.08722	0.04294	0.0915
V252	0.07104	0.69527	0.15826	0.07543
V253	0.32532	0.12286	0.18472	0.36711
V254	0.07231	0.76417	0.08307	0.08046
V255	0.10291	0.7503	0.0369	0.10989
V256	0.19339	0.23031	0.42034	0.15596
V257	0.3633	0.14745	0.22833	0.26091
V258	0.1934	0.2703	0.35503	0.18126
V259	0.09242	0.2868	0.49931	0.12146
V260	0.06147	0.28181	0.56486	0.09185
V261	0.50435	0.0865	0.20261	0.20654
V262	0.14515	0.10447	0.09089	0.65948
V263	0.0815	0.78444	0.0387	0.09536
V264	0.18832	0.09438	0.37713	0.34018
V265	0.09662	0.0655	0.18105	0.65683
V266	0.54385	0.34078	0.0379	0.07746
V267	0.06474	0.20988	0.27323	0.45214
V268	0.34132	0.08042	0.17426	0.404
V269	0.06535	0.47841	0.33192	0.12433
V270	0.52473	0.08114	0.23571	0.15843
V271	0.64799	0.11149	0.06979	0.17073
V272	0.10864	0.68067	0.05109	0.1596
V273	0.11405	0.07735	0.1098	0.69879
V274	0.57398	0.05617	0.19124	0.1786
V275	0.06246	0.08467	0.75312	0.09974
V276	0.42228	0.33026	0.04932	0.19814
V277	0.09588	0.23048	0.1872	0.48644
V278	0.09581	0.11172	0.28794	0.50453
V279	0.55907	0.10689	0.13547	0.19857
V280	0.08795	0.06478	0.09881	0.74846
V281	0.45216	0.08488	0.16649	0.29648
V282	0.10681	0.11965	0.63338	0.14015
V283	0.21839	0.49887	0.09317	0.18957
V284	0.08867	0.74294	0.08823	0.08016
V285	0.11636	0.07575	0.71675	0.09113
V286	0.24132	0.47422	0.12865	0.15582
V287	0.14079	0.7158	0.04868	0.09473
V288	0.07385	0.28194	0.36503	0.27917
V289	0.26299	0.23605	0.35235	0.14861
V290	0.68165	0.19008	0.04588	0.08239
V291	0.41257	0.11621	0.37159	0.09963
V292	0.76988	0.05357	0.03977	0.13677
V293	0.27806	0.07259	0.52354	0.1258
V294	0.13364	0.3499	0.05802	0.45844
V295	0.08377	0.20735	0.20887	0.5
V296	0.19358	0.16054	0.48786	0.15802
V297	0.12893	0.06404	0.13085	0.67617
V298	0.27841	0.14468	0.47675	0.10016
V299	0.12095	0.2797	0.0756	0.52375
V300	0.07054	0.08797	0.24808	0.59341
V301	0.15487	0.15455	0.51282	0.17776
V302	0.54298	0.33131	0.03443	0.09128
V303	0.06155	0.50668	0.32263	0.10913
V304	0.10652	0.08411	0.59311	0.21626
V305	0.15547	0.19234	0.3854	0.26679
V306	0.65078	0.13701	0.08372	0.12849
V307	0.08089	0.77757	0.05306	0.08848
V308	0.22775	0.24737	0.26674	0.25814
V309	0.29907	0.31168	0.07088	0.31837
V310	0.12432	0.31018	0.173	0.3925
V311	0.44193	0.43551	0.03891	0.08365
V312	0.13849	0.61505	0.1496	0.09686
V313	0.07809	0.14684	0.09283	0.68224
V314	0.07733	0.42759	0.14281	0.35228
V315	0.15522	0.53519	0.07178	0.23781
V316	0.28068	0.17319	0.33471	0.21143
V317	0.1321	0.58699	0.07864	0.20227
V318	0.09432	0.48664	0.06214	0.35689
V319	0.10733	0.11057	0.66211	0.11999
V320	0.12235	0.17986	0.51376	0.18403
V321	0.53602	0.34863	0.03791	0.07744
V322	0.20572	0.31278	0.11318	0.36832
V323	0.11162	0.07834	0.14687	0.66317
V324	0.53825	0.26601	0.09468	0.10105
V325	0.28862	0.54665	0.08295	0.08177
V326	0.06252	0.48882	0.12668	0.32198
V327	0.08647	0.17793	0.15372	0.58187
V328	0.09842	0.08441	0.59423	0.22294
V329	0.19304	0.1553	0.19171	0.45995
V330	0.33917	0.06724	0.30944	0.28414
V331	0.30968	0.13425	0.09763	0.45844
V332	0.08012	0.1033	0.21161	0.60497
V333	0.3589	0.12363	0.33949	0.17797
V334	0.31525	0.06903	0.32385	0.29187
V335	0.08282	0.31957	0.41626	0.18135
V336	0.19575	0.58738	0.05688	0.15999
V337	0.26393	0.36965	0.25686	0.10957
V338	0.06589	0.80804	0.046	0.08007
V339	0.15549	0.07309	0.67368	0.09774
V340	0.106	0.24254	0.4271	0.22435
V341	0.09218	0.08595	0.12706	0.6948
V342	0.24074	0.06483	0.50024	0.19419
V343	0.8009	0.06327	0.04422	0.09162
V344	0.55492	0.18212	0.1806	0.08237
V345	0.06872	0.08379	0.75475	0.09274
V346	0.22998	0.15929	0.26421	0.34651
V347	0.10355	0.07178	0.17439	0.65028
V348	0.10743	0.54991	0.15307	0.18958
V349	0.30284	0.19813	0.3297	0.16933
V350	0.08702	0.66581	0.17121	0.07596
V351	0.08017	0.08847	0.36264	0.46871
V352	0.09971	0.08058	0.66394	0.15576
V353	0.7103	0.07151	0.07331	0.14487
V354	0.10227	0.57487	0.20942	0.11344
V355	0.25734	0.12683	0.38961	0.22622
V356	0.09653	0.07848	0.15419	0.6708
V357	0.14852	0.31876	0.25441	0.27831
V358	0.44272	0.14927	0.0932	0.31481
V359	0.46814	0.10734	0.08107	0.34346
V360	0.45867	0.39779	0.05321	0.09033
V361	0.05891	0.40364	0.44976	0.08768
V362	0.06586	0.80203	0.05218	0.07994
V363	0.18685	0.16017	0.3928	0.26019
V364	0.1777	0.11525	0.54067	0.16638
V365	0.25742	0.08164	0.08008	0.58086
V366	0.12211	0.56958	0.11259	0.19572
V367	0.46664	0.17766	0.04994	0.30575
V368	0.13117	0.60386	0.11125	0.15372
V369	0.07382	0.36443	0.47207	0.08968
V370	0.27033	0.27522	0.34251	0.11194
V371	0.20346	0.60373	0.0603	0.13251
V372	0.18638	0.10893	0.16162	0.54308
V373	0.12314	0.17915	0.39506	0.30264
V374	0.63936	0.06368	0.21025	0.0867
V375	0.10204	0.09388	0.18515	0.61893
V376	0.09645	0.08575	0.15452	0.66328
V377	0.64188	0.04931	0.05547	0.25334
V378	0.07284	0.08797	0.37107	0.46812
V379	0.30022	0.22196	0.06451	0.41331
V380	0.17721	0.12606	0.21482	0.4819
V381	0.58839	0.06886	0.12321	0.21955
V382	0.12304	0.08904	0.69009	0.09783
V383	0.66959	0.05654	0.08834	0.18554
V384	0.45015	0.12777	0.15517	0.26691
V385	0.68901	0.06449	0.10925	0.13726
V386	0.27904	0.07429	0.17891	0.46776
V387	0.47081	0.18246	0.19102	0.15571
V388	0.32043	0.31995	0.16026	0.19936
V389	0.35749	0.46227	0.04593	0.13431
V390	0.27212	0.26172	0.3797	0.08645
V391	0.35651	0.14937	0.07246	0.42166
V392	0.35338	0.24131	0.17591	0.22939
V393	0.25736	0.24562	0.30122	0.1958
V394	0.13573	0.2447	0.14867	0.4709
V395	0.21955	0.36506	0.19443	0.22096
V396	0.07273	0.78773	0.04375	0.09579
V397	0.62156	0.13149	0.12472	0.12222
V398	0.37269	0.17479	0.12983	0.32269
V399	0.20286	0.47646	0.15721	0.16347
V400	0.06311	0.50561	0.10144	0.32984
V401	0.09048	0.18854	0.56925	0.15172
V402	0.65222	0.19965	0.06658	0.08155
V403	0.09224	0.07951	0.13316	0.69509
V404	0.12982	0.21717	0.48912	0.16389
V405	0.22478	0.09046	0.19468	0.49007
V406	0.51512	0.26388	0.05477	0.16623
V407	0.06589	0.80804	0.046	0.08007
V408	0.13157	0.25608	0.34058	0.27177
V409	0.08104	0.07276	0.09943	0.74677
V410	0.13414	0.70895	0.06203	0.09488
V411	0.38	0.05925	0.06152	0.49922
V412	0.17936	0.12906	0.41614	0.27544
V413	0.10782	0.43071	0.18493	0.27654
V414	0.09148	0.44073	0.28944	0.17835
V415	0.37281	0.08807	0.23383	0.30529
V416	0.0689	0.12293	0.71755	0.09062
V417	0.34137	0.5386	0.03861	0.08142
V418	0.12308	0.14753	0.17907	0.55032
V419	0.08771	0.06431	0.107	0.74098
V420	0.06429	0.72995	0.05322	0.15254
V421	0.17837	0.09777	0.54421	0.17966
V422	0.10597	0.10746	0.08781	0.69876
V423	0.1226	0.08182	0.68201	0.11357
V424	0.06079	0.10723	0.51314	0.31884
V425	0.10488	0.24946	0.47573	0.16992
V426	0.13081	0.10055	0.6207	0.14794
V427	0.11554	0.3691	0.19521	0.32015
V428	0.13158	0.63263	0.08918	0.14662
V429	0.08748	0.06499	0.11141	0.73612
V430	0.59842	0.19891	0.05538	0.14729
V431	0.19629	0.0851	0.39173	0.32688
V432	0.15032	0.13774	0.11031	0.60164
V433	0.10894	0.61408	0.0421	0.23488
V434	0.30255	0.12777	0.10409	0.46559
V435	0.42059	0.07102	0.15519	0.35319
V436	0.3338	0.07225	0.15456	0.43939
V437	0.23191	0.24569	0.06145	0.46095
V438	0.48984	0.19576	0.0714	0.243
V439	0.09839	0.13703	0.0867	0.67787
V440	0.40367	0.09197	0.08831	0.41604
V441	0.11446	0.17166	0.48096	0.23292
V442	0.28226	0.32952	0.15401	0.23421
V443	0.59579	0.05848	0.12544	0.22029
V444	0.06872	0.08379	0.75475	0.09274
V445	0.49986	0.0736	0.30949	0.11705
V446	0.09376	0.67753	0.08897	0.13975
V447	0.50303	0.1433	0.18307	0.17061
V448	0.08578	0.12011	0.21495	0.57916
V449	0.45588	0.0935	0.27799	0.17262
V450	0.17259	0.70527	0.04805	0.07408
V451	0.76206	0.09585	0.034	0.10809
V452	0.09937	0.07363	0.13202	0.69498
V453	0.64495	0.12153	0.09833	0.13518
V454	0.0646	0.76273	0.08328	0.08939
V455	0.48544	0.08687	0.28249	0.1452
V456	0.28876	0.16548	0.33454	0.21122
V457	0.08144	0.07794	0.09311	0.7475
V458	0.2542	0.24613	0.0592	0.44047
V459	0.0776	0.6502	0.11856	0.15365
V460	0.77801	0.05523	0.06517	0.10159
V461	0.1144	0.08409	0.0896	0.71191
V462	0.308	0.26161	0.0485	0.38189
V463	0.24205	0.42288	0.16446	0.1706
V464	0.41957	0.14817	0.05492	0.37734
V465	0.34379	0.39567	0.06309	0.19746
V466	0.47198	0.217	0.04788	0.26314
V467	0.28758	0.4948	0.10443	0.1132
V468	0.41172	0.37494	0.08396	0.12937
V469	0.08051	0.21	0.2722	0.43729
V470	0.43997	0.16873	0.18736	0.20394
V471	0.25546	0.15155	0.09354	0.49945
V472	0.29123	0.32462	0.04591	0.33824
V473	0.13824	0.46749	0.29268	0.10159
V474	0.1573	0.06176	0.15719	0.62375
V475	0.19624	0.37008	0.11535	0.31833
V476	0.18898	0.07714	0.11734	0.61654
V477	0.48114	0.09251	0.21296	0.21339
V478	0.16329	0.50787	0.04971	0.27913
V479	0.07581	0.13474	0.62868	0.16077
V480	0.12662	0.30598	0.09721	0.47018
V481	0.16975	0.07985	0.64554	0.10485
V482	0.55355	0.19634	0.13051	0.11959
V483	0.16369	0.15325	0.12711	0.55594
V484	0.09108	0.11559	0.10231	0.69102
V485	0.15477	0.61372	0.05078	0.18073
V486	0.25279	0.27572	0.15097	0.32051
V487	0.12701	0.0989	0.14245	0.63163
V488	0.05914	0.07419	0.69062	0.17605
V489	0.21678	0.14624	0.53615	0.10084
V490	0.29865	0.31089	0.1068	0.28366
V491	0.37425	0.42551	0.06473	0.13551
V492	0.08639	0.68781	0.14432	0.08147
V493	0.08896	0.0642	0.08871	0.75813
V494	0.20193	0.1927	0.42262	0.18274
V495	0.22656	0.5275	0.14746	0.09848
V496	0.26387	0.58424	0.03362	0.11826
V497	0.06854	0.07809	0.75378	0.09958
V498	0.28673	0.15158	0.10334	0.45836
V499	0.49894	0.27628	0.1376	0.08718
V500	0.13695	0.16561	0.57332	0.12411
V501	0.08122	0.06492	0.11209	0.74177
V502	0.44431	0.28504	0.16032	0.11033
V503	0.20813	0.14874	0.21078	0.43235
V504	0.23348	0.58575	0.04811	0.13266
V505	0.20518	0.24014	0.23913	0.31555
V506	0.13022	0.26413	0.37563	0.23003
V507	0.48845	0.14975	0.14425	0.21754
V508	0.59898	0.19952	0.07501	0.12649
V509	0.22559	0.11969	0.42077	0.23395
V510	0.22644	0.45394	0.23551	0.08411
V511	0.10339	0.38599	0.09356	0.41706
V512	0.24091	0.10493	0.13099	0.52317
V513	0.12198	0.54166	0.2008	0.13556
V514	0.08679	0.10702	0.08523	0.72095
V515	0.61003	0.11225	0.08741	0.19031
V516	0.74897	0.12806	0.03205	0.09092
V517	0.09883	0.08771	0.25887	0.55458
V518	0.79193	0.07837	0.03786	0.09184
V519	0.08663	0.7087	0.04541	0.15926
V520	0.0856	0.06635	0.51417	0.33387
V521	0.45896	0.09529	0.32746	0.11829
V522	0.06503	0.17312	0.47196	0.28989
V523	0.30792	0.17302	0.24492	0.27414
V524	0.06817	0.63836	0.18816	0.10532
V525	0.24604	0.23195	0.07986	0.44216
V526	0.51203	0.13172	0.11108	0.24517
V527	0.21344	0.08406	0.35386	0.34865
V528	0.14057	0.70527	0.03697	0.11719
V529	0.1151	0.11898	0.23475	0.53117
V530	0.06453	0.2272	0.53705	0.17123
V531	0.08025	0.71664	0.12814	0.07497
V532	0.19103	0.32005	0.07784	0.41107
V533	0.25964	0.33829	0.1539	0.24817
V534	0.06689	0.0768	0.57846	0.27785
V535	0.4604	0.05176	0.06506	0.42278
V536	0.207	0.06261	0.33901	0.39139
V537	0.47658	0.27032	0.1603	0.0928
V538	0.38121	0.10949	0.12866	0.38065
V539	0.2497	0.39229	0.16581	0.1922
V540	0.2103	0.57777	0.10042	0.11151
V541	0.07863	0.45119	0.1045	0.36567
V542	0.20634	0.17417	0.24497	0.37453
V543	0.71362	0.05541	0.05201	0.17897
V544	0.14695	0.14103	0.19535	0.51667
V545	0.31725	0.18366	0.1128	0.38628
V546	0.1033	0.72106	0.09543	0.0802
V547	0.0936	0.53722	0.27822	0.09096
V548	0.18049	0.63198	0.10662	0.08091
V549	0.29435	0.08935	0.51445	0.10186
V550	0.48307	0.08265	0.0504	0.38387
V551	0.19637	0.61252	0.06537	0.12573
V552	0.06471	0.46872	0.06107	0.4055
V553	0.22406	0.18523	0.48414	0.10658
V554	0.11158	0.12969	0.09945	0.65928
V555	0.13194	0.24885	0.29705	0.32215
V556	0.06006	0.08924	0.72874	0.12197
V557	0.65693	0.0814	0.04952	0.21215
V558	0.11665	0.64555	0.06369	0.1741
V559	0.07037	0.66651	0.18695	0.07617
V560	0.56534	0.31515	0.03384	0.08567
V561	0.06246	0.08467	0.75312	0.09974
V562	0.62388	0.05887	0.14444	0.1728
V563	0.23997	0.06955	0.59437	0.09611
V564	0.10762	0.12791	0.65916	0.10531
V565	0.15637	0.27107	0.32219	0.25036
V566	0.55832	0.14558	0.04579	0.25031
V567	0.22061	0.40752	0.06935	0.30252
V568	0.2417	0.06766	0.11398	0.57666
V569	0.55228	0.08064	0.04596	0.32112
V570	0.0836	0.28669	0.48727	0.14244
V571	0.65872	0.16628	0.03389	0.14111
V572	0.37457	0.06711	0.38479	0.17354
V573	0.11744	0.20095	0.07453	0.60709
V574	0.09555	0.64487	0.17064	0.08895
V575	0.08695	0.13206	0.17079	0.6102
V576	0.18254	0.66579	0.06524	0.08642
V577	0.10027	0.10285	0.23141	0.56547
V578	0.10566	0.12394	0.54213	0.22827
V579	0.07092	0.71544	0.11676	0.09689
V580	0.1807	0.06965	0.15973	0.58992
V581	0.1197	0.12082	0.08014	0.67934
V582	0.46666	0.18742	0.07431	0.27161
V583	0.06826	0.10764	0.49074	0.33336
V584	0.42049	0.19349	0.26534	0.12067
V585	0.07231	0.07353	0.39932	0.45485
V586	0.23139	0.07272	0.52788	0.16801
V587	0.25452	0.07574	0.55079	0.11895
V588	0.50712	0.09715	0.07378	0.32195
V589	0.10865	0.66089	0.09761	0.13285
V590	0.10407	0.62752	0.18603	0.08238
V591	0.07389	0.09524	0.22649	0.60438
V592	0.17923	0.09405	0.63847	0.08824
V593	0.47608	0.05669	0.19831	0.26892
V594	0.29449	0.291	0.28814	0.12637
V595	0.09361	0.0781	0.0984	0.72988
V596	0.09382	0.28865	0.22391	0.39363
V597	0.06057	0.49251	0.29614	0.15078
V598	0.07576	0.16	0.6592	0.10504
V599	0.50747	0.3204	0.06341	0.10872
V600	0.31189	0.42631	0.08489	0.1769
V601	0.18234	0.28249	0.12234	0.41282
V602	0.09438	0.07754	0.09229	0.7358
V603	0.07508	0.35152	0.07284	0.50056
V604	0.42042	0.16305	0.30149	0.11504
V605	0.11505	0.31869	0.33763	0.22863
V606	0.57812	0.19087	0.05053	0.18048
V607	0.52198	0.07123	0.13956	0.26723
V608	0.21872	0.19915	0.33007	0.25206
V609	0.08791	0.2565	0.2331	0.42249
V610	0.60994	0.07582	0.12341	0.19083
V611	0.27284	0.06558	0.11127	0.55031
V612	0.08458	0.14225	0.62641	0.14676
V613	0.09152	0.31718	0.47069	0.1206
V614	0.60246	0.11215	0.08772	0.19767
V615	0.16764	0.10394	0.08228	0.64614
V616	0.12304	0.58806	0.07943	0.20947
V617	0.39733	0.19677	0.3247	0.08121
V618	0.58821	0.05937	0.04496	0.30746
V619	0.33176	0.08785	0.29579	0.2846
V620	0.06815	0.55388	0.29346	0.08451
V621	0.35615	0.19488	0.18289	0.26607
V622	0.30935	0.24379	0.33408	0.11278
V623	0.08669	0.12611	0.1832	0.604
V624	0.64328	0.22297	0.0322	0.10155
V625	0.24969	0.43779	0.12156	0.19096
V626	0.7916	0.06969	0.03829	0.10042
V627	0.079	0.07972	0.13432	0.70697
V628	0.07208	0.23915	0.08501	0.60377
V629	0.15664	0.29607	0.25468	0.29261
V630	0.09171	0.31721	0.46408	0.127
V631	0.08543	0.2195	0.1483	0.54677
V632	0.47487	0.05617	0.16557	0.30339
V633	0.05827	0.09423	0.65754	0.18996
V634	0.34154	0.27469	0.29576	0.08801
V635	0.08534	0.63062	0.04948	0.23457
V636	0.15432	0.15429	0.50635	0.18504
V637	0.27718	0.22575	0.12648	0.37059
V638	0.3221	0.27131	0.10781	0.29878
V639	0.25577	0.39092	0.27485	0.07846
V640	0.09129	0.18931	0.5876	0.13181
V641	0.71238	0.08779	0.06322	0.13661
V642	0.61353	0.20505	0.03436	0.14706
V643	0.06808	0.21852	0.3838	0.3296
V644	0.7409	0.11961	0.04012	0.09937
V645	0.24813	0.37609	0.2743	0.10148
V646	0.074	0.80193	0.04428	0.07979
V647	0.16944	0.13923	0.55276	0.13857
V648	0.34937	0.39486	0.14773	0.10803
V649	0.08458	0.12028	0.65453	0.14062
V650	0.10637	0.14163	0.60559	0.14641
V651	0.28624	0.06668	0.55075	0.09634
V652	0.13252	0.14518	0.37686	0.34543
V653	0.15552	0.55315	0.12281	0.16852
V654	0.55287	0.22572	0.08903	0.13239
V655	0.09378	0.4957	0.06717	0.34335
V656	0.2147	0.27913	0.06689	0.43928
V657	0.09248	0.11624	0.08771	0.70357
V658	0.47891	0.23516	0.09254	0.19339
V659	0.29053	0.14304	0.31923	0.2472
V660	0.08867	0.77808	0.03772	0.09553
V661	0.11028	0.38667	0.09983	0.40323
V662	0.35009	0.07595	0.40073	0.17324
V663	0.23192	0.12959	0.46075	0.17774
V664	0.2083	0.12237	0.53717	0.13217
V665	0.54641	0.21693	0.07615	0.16051
V666	0.47532	0.05533	0.13862	0.33073
V667	0.62395	0.11676	0.17374	0.08554
V668	0.15467	0.66321	0.10784	0.07429
V669	0.22588	0.3773	0.23117	0.16565
V670	0.12579	0.74238	0.03695	0.09488
V671	0.31109	0.29032	0.23773	0.16086
V672	0.07569	0.08852	0.714	0.12179
V673	0.22718	0.34839	0.21803	0.2064
V674	0.57123	0.18376	0.0576	0.18741
V675	0.16445	0.31866	0.28166	0.23523
V676	0.09413	0.1558	0.15449	0.59558
V677	0.3274	0.37352	0.12101	0.17807
V678	0.43485	0.43699	0.04414	0.08403
V679	0.10001	0.30328	0.49937	0.09735
V680	0.28094	0.47512	0.14758	0.09635
V681	0.72694	0.10939	0.04815	0.11551
V682	0.14528	0.29275	0.4416	0.12038
V683	0.07375	0.79968	0.05255	0.07401
V684	0.55408	0.19535	0.11702	0.13355
V685	0.40444	0.33236	0.1399	0.1233
V686	0.13595	0.214	0.17769	0.47235
V687	0.09404	0.07169	0.09795	0.73632
V688	0.32619	0.45438	0.03721	0.18223
V689	0.25017	0.05744	0.10979	0.5826
V690	0.38938	0.09834	0.36784	0.14444
V691	0.17855	0.07098	0.65309	0.09738
V692	0.12107	0.18044	0.55363	0.14486
V693	0.22787	0.15903	0.3231	0.29
V694	0.07678	0.08721	0.29069	0.54532
V695	0.24016	0.06827	0.18816	0.50341
V696	0.12679	0.12987	0.08834	0.655
V697	0.08677	0.09888	0.0916	0.72275
V698	0.6637	0.05612	0.05368	0.22651
V699	0.45259	0.29068	0.09783	0.1589
V700	0.23457	0.08127	0.07633	0.60783
V701	0.14652	0.45856	0.13427	0.26065
V702	0.44234	0.1313	0.06281	0.36355
V703	0.16383	0.11397	0.41127	0.31093
V704	0.65455	0.09603	0.06552	0.1839
V705	0.78535	0.04958	0.04994	0.11513
V706	0.12129	0.1095	0.60801	0.1612
V707	0.0923	0.38569	0.40361	0.1184
V708	0.09517	0.70845	0.05662	0.13976
V709	0.16224	0.27024	0.41944	0.14809
V710	0.47843	0.23474	0.08679	0.20005
V711	0.1318	0.64921	0.11486	0.10414
V712	0.65617	0.10202	0.04363	0.19818
V713	0.36213	0.30313	0.07303	0.2617
V714	0.0712	0.56466	0.06478	0.29935
V715	0.27237	0.32388	0.26497	0.13878
V716	0.1	0.09128	0.11459	0.69413
V717	0.126	0.74921	0.03638	0.08841
V718	0.17213	0.47933	0.17808	0.17045
V719	0.11004	0.58769	0.0724	0.22987
V720	0.56403	0.05629	0.22764	0.15204
V721	0.1554	0.20036	0.39167	0.25256
V722	0.13465	0.32793	0.06988	0.46754
V723	0.15154	0.12863	0.07972	0.64012
V724	0.4678	0.08316	0.12542	0.32362
V725	0.05975	0.14358	0.67643	0.12024
V726	0.09512	0.35608	0.15207	0.39673
V727	0.2569	0.54891	0.11245	0.08173
V728	0.08821	0.71584	0.11534	0.08062
V729	0.3499	0.07243	0.18813	0.38954
V730	0.72442	0.08086	0.08025	0.11447
V731	0.08511	0.22574	0.34577	0.34339
V732	0.30567	0.13493	0.31218	0.24722
V733	0.5112	0.21942	0.06845	0.20093
V734	0.23253	0.30101	0.3796	0.08686
V735	0.07925	0.09039	0.41895	0.4114
V736	0.17519	0.06834	0.08557	0.6709
V737	0.28929	0.29186	0.22415	0.19471
V738	0.12258	0.31756	0.37215	0.1877
V739	0.06136	0.07407	0.50894	0.35563
V740	0.67375	0.13	0.09744	0.09882
V741	0.39546	0.15193	0.15068	0.30192
V742	0.35705	0.52375	0.04455	0.07464
V743	0.1623	0.17985	0.549	0.10885
V744	0.42482	0.09422	0.30228	0.17868
V745	0.07596	0.57309	0.1812	0.16974
V746	0.81768	0.05005	0.03891	0.09336
V747	0.10686	0.06831	0.57409	0.25074
V748	0.15491	0.15412	0.47208	0.21888
V749	0.26247	0.20834	0.10043	0.42876
V750	0.35036	0.41701	0.05574	0.17689
V751	0.10148	0.70102	0.07217	0.12534
V752	0.37765	0.24901	0.15108	0.22226
V753	0.08849	0.07172	0.08674	0.75305
V754	0.07336	0.75568	0.03944	0.13152
V755	0.17253	0.22384	0.30213	0.3015
V756	0.09359	0.07261	0.1152	0.7186
V757	0.30286	0.50145	0.09081	0.10489
V758	0.10072	0.62026	0.1382	0.14083
V759	0.15823	0.12032	0.35409	0.36736
V760	0.27009	0.11735	0.26426	0.3483
V761	0.1141	0.48875	0.24691	0.15024
V762	0.06766	0.35939	0.07256	0.50039
V763	0.32988	0.34223	0.06711	0.26077
V764	0.07314	0.74992	0.04522	0.13172
V765	0.53646	0.13758	0.04052	0.28544
V766	0.0742	0.31243	0.37057	0.2428
V767	0.39334	0.17053	0.23157	0.20456
V768	0.10922	0.73857	0.05614	0.09607
V769	0.17481	0.67976	0.0592	0.08623
V770	0.074	0.80193	0.04428	0.07979
V771	0.18589	0.07918	0.63043	0.1045
V772	0.16309	0.10188	0.63852	0.0965
V773	0.18931	0.68271	0.04235	0.08563
V774	0.07636	0.07644	0.72524	0.12197
V775	0.15364	0.10259	0.2738	0.46997
V776	0.35872	0.38579	0.08497	0.17052
V777	0.1931	0.16183	0.17174	0.47333
V778	0.43052	0.28411	0.09953	0.18584
V779	0.18769	0.10417	0.41772	0.29042
V780	0.14714	0.63619	0.14145	0.07522
V781	0.10664	0.08356	0.10487	0.70493
V782	0.06526	0.16647	0.62141	0.14686
V783	0.62495	0.07491	0.08834	0.21181
V784	0.14862	0.72425	0.04791	0.07921
V785	0.09637	0.75765	0.05026	0.09572
V786	0.56874	0.19468	0.11009	0.1265
V787	0.06466	0.68881	0.16476	0.08176
V788	0.41253	0.30188	0.16174	0.12385
V789	0.11975	0.34605	0.08119	0.453
V790	0.38071	0.08543	0.12415	0.40971
V791	0.16342	0.35065	0.28554	0.2004
V792	0.16367	0.4705	0.0514	0.31443
V793	0.15522	0.55038	0.07064	0.22377
V794	0.09937	0.13407	0.61296	0.15361
V795	0.15204	0.09841	0.11904	0.63051
V796	0.08524	0.13504	0.66746	0.11226
V797	0.61666	0.05739	0.22457	0.10138
V798	0.49985	0.29893	0.10232	0.09889
V799	0.16427	0.63392	0.06212	0.13969
V800	0.11724	0.09007	0.43785	0.35485
V801	0.16635	0.16686	0.30027	0.36652
V802	0.09649	0.13726	0.2685	0.49774
V803	0.22642	0.45398	0.24248	0.07712
V804	0.42905	0.07437	0.3444	0.15218
V805	0.06886	0.07812	0.76036	0.09266
V806	0.10305	0.73594	0.05085	0.11017
V807	0.24709	0.19037	0.0914	0.47115
V808	0.52837	0.27912	0.07545	0.11707
V809	0.09392	0.09748	0.71763	0.09096
V810	0.07399	0.80809	0.03843	0.07949
V811	0.35579	0.13184	0.20886	0.30351
V812	0.43814	0.27455	0.08771	0.1996
V813	0.4764	0.22429	0.18715	0.11215
V814	0.3729	0.46939	0.07506	0.08265
V815	0.06479	0.7507	0.10369	0.08082
V816	0.76991	0.05146	0.09225	0.08638
V817	0.08538	0.12843	0.68007	0.10612
V818	0.07854	0.10015	0.10938	0.71193
V819	0.65848	0.12874	0.084	0.12877
V820	0.16516	0.14263	0.09311	0.5991
V821	0.21648	0.30774	0.32874	0.14703
V822	0.11508	0.08778	0.68374	0.1134
V823	0.08545	0.21865	0.53207	0.16383
V824	0.13148	0.34798	0.43961	0.08093
V825	0.22022	0.29497	0.23478	0.25003
V826	0.3663	0.38065	0.16176	0.09129
V827	0.334	0.51658	0.04507	0.10436
V828	0.2232	0.20286	0.14453	0.42941
V829	0.09949	0.25681	0.09776	0.54594
V830	0.22313	0.24738	0.0819	0.44759
V831	0.61022	0.13717	0.06996	0.18265
V832	0.25022	0.37014	0.17376	0.20588
V833	0.17226	0.44316	0.17983	0.20475
V834	0.27098	0.12924	0.12676	0.47301
V835	0.31166	0.40484	0.13336	0.15015
V836	0.07097	0.57058	0.05293	0.30552
V837	0.21992	0.3568	0.18849	0.23479
V838	0.755	0.08762	0.06586	0.09152
V839	0.2805	0.51881	0.11894	0.08176
V840	0.27981	0.60701	0.03965	0.07353
V841	0.05947	0.10341	0.69471	0.1424
V842	0.30685	0.20602	0.242	0.24513
V843	0.07471	0.08663	0.68183	0.15683
V844	0.14963	0.14416	0.33968	0.36653
V845	0.11377	0.15779	0.58254	0.1459
V846	0.05895	0.07902	0.6112	0.25083
V847	0.08256	0.06499	0.09398	0.75846
V848	0.13081	0.44485	0.17767	0.24668
V849	0.06398	0.78123	0.04474	0.11005
V850	0.79919	0.0502	0.0497	0.1009
V851	0.3045	0.46715	0.15318	0.07516
V852	0.1489	0.10906	0.17272	0.56932
V853	0.23275	0.246	0.34002	0.18122
V854	0.47213	0.20626	0.12696	0.19466
V855	0.08256	0.06499	0.09398	0.75846
V856	0.09713	0.33568	0.31053	0.25666
V857	0.53466	0.21015	0.06758	0.18761
V858	0.4598	0.06655	0.38036	0.09329
V859	0.52292	0.25601	0.05482	0.16625
V860	0.20174	0.16042	0.10919	0.52865
V861	0.1307	0.33267	0.44082	0.09582
V862	0.16161	0.1393	0.56672	0.13237
V863	0.21208	0.10998	0.071	0.60694
V864	0.12005	0.09181	0.11758	0.67056
V865	0.15479	0.07157	0.26873	0.50491
V866	0.58639	0.07388	0.23868	0.10105
V867	0.587	0.08159	0.2384	0.09301
V868	0.41354	0.2862	0.14681	0.15345
V869	0.08187	0.79638	0.04302	0.07873
V870	0.14332	0.32879	0.07467	0.45322
V871	0.06398	0.78123	0.04474	0.11005
V872	0.07849	0.08116	0.26012	0.58023
V873	0.70997	0.08061	0.08584	0.12358
V874	0.21248	0.65559	0.0582	0.07374
V875	0.08323	0.22364	0.21456	0.47857
V876	0.17799	0.31622	0.34568	0.16011
V877	0.0983	0.36855	0.26932	0.26383
V878	0.16526	0.66714	0.09335	0.07426
V879	0.20346	0.57471	0.07512	0.1467
V880	0.28036	0.47974	0.04429	0.19561
V881	0.17075	0.10537	0.48906	0.23482
V882	0.63905	0.05143	0.15051	0.15901
V883	0.26268	0.22151	0.43225	0.08356
V884	0.08669	0.27978	0.06313	0.57041
V885	0.57601	0.23513	0.10793	0.08093
V886	0.07283	0.34255	0.38969	0.19493
V887	0.50392	0.11978	0.17134	0.20497
V888	0.13805	0.10816	0.58622	0.16757
V889	0.7404	0.09577	0.05739	0.10644
V890	0.09088	0.18768	0.49597	0.22546
V891	0.50024	0.10407	0.26616	0.12953
V892	0.26188	0.21319	0.06899	0.45594
V893	0.46156	0.23883	0.16061	0.139
V894	0.11384	0.30215	0.46356	0.12044
V895	0.4733	0.12024	0.20132	0.20515
V896	0.09642	0.76421	0.04382	0.09555
V897	0.55129	0.26922	0.04194	0.13754
V898	0.39726	0.05281	0.06486	0.48507
V899	0.09044	0.22096	0.17474	0.51387
V900	0.12292	0.29549	0.31753	0.26406
V901	0.09329	0.68035	0.04661	0.17975
V902	0.10313	0.73512	0.08168	0.08008
V903	0.06341	0.38076	0.42947	0.12636
V904	0.08212	0.80148	0.03803	0.07837
V905	0.1798	0.06285	0.20546	0.5519
V906	0.34144	0.14523	0.14	0.37333
V907	0.36494	0.45385	0.0539	0.12731
V908	0.08457	0.10082	0.13157	0.68305
V909	0.16325	0.66148	0.03642	0.13885
V910	0.18767	0.06179	0.1666	0.58395
V911	0.42048	0.36974	0.0662	0.14358
V912	0.32934	0.321	0.14346	0.2062
V913	0.15383	0.06176	0.08821	0.6962
V914	0.19471	0.43141	0.25853	0.11535
V915	0.22814	0.0573	0.07933	0.63523
V916	0.23885	0.1148	0.51506	0.13129
V917	0.56417	0.08505	0.17847	0.17231
V918	0.10046	0.52468	0.21857	0.15629
V919	0.20413	0.25597	0.268	0.2719
V920	0.48526	0.2281	0.11939	0.16725
V921	0.09436	0.19349	0.09781	0.61434
V922	0.13689	0.40842	0.33021	0.12447
V923	0.12916	0.07759	0.11257	0.68068
V924	0.09338	0.5526	0.24677	0.10724
V925	0.19754	0.08941	0.08518	0.62788
V926	0.21169	0.08214	0.09841	0.60776
V927	0.09253	0.09193	0.12013	0.69542
V928	0.10151	0.7228	0.04343	0.13226
V929	0.10783	0.53349	0.14812	0.21056
V930	0.41351	0.35453	0.06732	0.16465
V931	0.16236	0.27786	0.41173	0.14804
V932	0.09197	0.16282	0.49078	0.25443
V933	0.49041	0.3735	0.04568	0.09042
V934	0.07312	0.19286	0.26781	0.46621
V935	0.44702	0.2017	0.203	0.14828
V936	0.42391	0.28378	0.05854	0.23377
V937	0.43442	0.17259	0.12086	0.27213
V938	0.32308	0.1062	0.28714	0.28357
V939	0.5959	0.07544	0.10956	0.2191
V940	0.08521	0.64297	0.15911	0.1127
V941	0.06263	0.07817	0.7594	0.0998
V942	0.58407	0.21755	0.09569	0.10269
V943	0.33327	0.17196	0.35976	0.13501
V944	0.08545	0.2744	0.11604	0.52411
V945	0.45137	0.34373	0.04713	0.15778
V946	0.37281	0.27365	0.23474	0.1188
V947	0.12995	0.11106	0.24116	0.51783
V948	0.30124	0.08912	0.50056	0.10908
V949	0.06959	0.15992	0.2218	0.5487
V950	0.10697	0.46203	0.20457	0.22644
V951	0.66893	0.07001	0.16765	0.0934
V952	0.11956	0.17711	0.25692	0.44642
V953	0.07576	0.11358	0.68978	0.12088
V954	0.09701	0.21346	0.17486	0.51468
V955	0.15481	0.51087	0.06805	0.26627
V956	0.0929	0.09059	0.43992	0.37659
V957	0.30333	0.07175	0.06462	0.5603
V958	0.08896	0.0642	0.08871	0.75813
V959	0.22404	0.26774	0.36046	0.14776
V960	0.2286	0.28257	0.11999	0.36883
V961	0.16246	0.35497	0.30304	0.17952
V962	0.30966	0.2047	0.3367	0.14894
V963	0.46979	0.20658	0.16881	0.15482
V964	0.66738	0.08309	0.12569	0.12384
V965	0.10759	0.43933	0.19113	0.26195
V966	0.79262	0.06325	0.04343	0.1007
V967	0.10839	0.10708	0.44453	0.34
V968	0.05771	0.18964	0.60651	0.14615
V969	0.07781	0.28867	0.09604	0.53749
V970	0.09317	0.17053	0.37034	0.36596
V971	0.4054	0.13935	0.29771	0.15754
V972	0.4103	0.22978	0.08936	0.27056
V973	0.25072	0.38379	0.11151	0.25399
V974	0.07017	0.6369	0.14556	0.14738
V975	0.13867	0.2876	0.48336	0.09037
V976	0.36176	0.26508	0.13791	0.23525
V977	0.2872	0.33776	0.28942	0.08563
V978	0.11758	0.13926	0.12573	0.61743
V979	0.64746	0.07307	0.18629	0.09319
V980	0.81768	0.05005	0.03891	0.09336
V981	0.29684	0.09164	0.37688	0.23464
V982	0.36576	0.37001	0.10649	0.15774
V983	0.55977	0.11319	0.04735	0.27969
V984	0.07968	0.67922	0.12861	0.11249
V985	0.12392	0.21685	0.07227	0.58695
V986	0.28864	0.45745	0.08478	0.16913
V987	0.24155	0.62849	0.034	0.09596
V988	0.21976	0.07465	0.08421	0.62138
V989	0.37381	0.42499	0.10408	0.09712
V990	0.05714	0.10986	0.62991	0.20308
V991	0.52779	0.3478	0.0336	0.09081
V992	0.21054	0.0706	0.44139	0.27747
V993	0.11554	0.59298	0.17123	0.12025
V994	0.20527	0.64903	0.05927	0.08643
V995	0.57925	0.15461	0.07035	0.19578
V996	0.25576	0.16698	0.07113	0.50613
V997	0.07446	0.08036	0.65576	0.18943
V998	0.6971	0.0645	0.10111	0.13729
V999	0.15763	0.72876	0.03504	0.07857
V1000	0.28872	0.07871	0.0652	0.56736
