CD14.pos.CD16.neg.classical.monocyte	mature.neutrophil	memory.B.cell	cytotoxic.CD56.dim.NK.cell	memory.CD4.pos.AB.T.cell	macrophage
V1	0.12705	0.01532	0.68736	0.05004	0.06006	0.06017
V2	0.44354	0.0977	0.08143	0.10638	0.17261	0.09834
V3	0.25269	0.04094	0.2243	0.03225	0.07899	0.37083
V4	0.22494	0.33773	0.06599	0.09251	0.17357	0.10525
V5	0.06849	0.04854	0.02537	0.47182	0.35447	0.03131
V6	0.2502	0.01259	0.191	0.06452	0.18935	0.29235
V7	0.09583	0.30978	0.04281	0.06559	0.44257	0.04343
V8	0.52173	0.04264	0.09221	0.1094	0.09807	0.13596
V9	0.27374	0.12738	0.0604	0.20702	0.13518	0.19628
V10	0.36516	0.03388	0.10572	0.26044	0.13757	0.09724
V11	0.13342	0.58314	0.07154	0.04684	0.12354	0.04153
V12	0.27044	0.01593	0.11514	0.03481	0.08328	0.4804
V13	0.12205	0.39632	0.28585	0.05227	0.09826	0.04524
V14	0.10926	0.02608	0.04184	0.61093	0.17009	0.0418
V15	0.38628	0.06574	0.06728	0.12222	0.24364	0.11483
V16	0.11299	0.01605	0.04278	0.32506	0.38325	0.11987
V17	0.25439	0.02378	0.18338	0.03029	0.07329	0.43487
V18	0.53554	0.11412	0.09698	0.04827	0.08792	0.11718
V19	0.44386	0.04806	0.21176	0.04574	0.14448	0.10611
V20	0.46757	0.05423	0.14193	0.10975	0.09571	0.13081
V21	0.27502	0.02469	0.08593	0.03585	0.11168	0.46683
V22	0.18978	0.0534	0.05232	0.10422	0.52248	0.07779
V23	0.09721	0.01843	0.30937	0.06889	0.46158	0.04451
V24	0.16647	0.02225	0.04106	0.13977	0.55121	0.07923
V25	0.36384	0.21694	0.06911	0.12463	0.13554	0.08995
V26	0.25166	0.02716	0.05872	0.06121	0.53408	0.06717
V27	0.23625	0.00784	0.20432	0.0369	0.07946	0.43522
V28	0.15567	0.19766	0.17763	0.18982	0.13079	0.14842
V29	0.13277	0.44397	0.13277	0.08229	0.10322	0.10497
V30	0.23454	0.1579	0.14532	0.04272	0.24553	0.17399
V31	0.48459	0.02563	0.21716	0.05436	0.07737	0.14089
V32	0.07364	0.02103	0.31532	0.40464	0.12207	0.0633
V33	0.23001	0.30698	0.23803	0.05142	0.08882	0.08474
V34	0.0539	0.00826	0.44374	0.0739	0.3709	0.0493
V35	0.07324	0.0521	0.18538	0.40663	0.22623	0.05642
V36	0.13444	0.3731	0.14437	0.05097	0.24347	0.05365
V37	0.10482	0.01054	0.64259	0.05238	0.05966	0.13002
V38	0.25447	0.00101	0.17806	0.02994	0.07218	0.46433
V39	0.44036	0.03916	0.07851	0.2181	0.11288	0.11099
V40	0.12632	0.37951	0.06056	0.14132	0.20144	0.09085
V41	0.51416	0.02513	0.10548	0.03886	0.08733	0.22904
V42	0.23763	0.01867	0.46925	0.04536	0.09882	0.13027
V43	0.20924	0.3083	0.06244	0.0626	0.26618	0.09124
V44	0.1396	0.59014	0.06724	0.04145	0.11184	0.04972
V45	0.344	0.23917	0.10757	0.0491	0.10411	0.15604
V46	0.13631	0.01226	0.05802	0.2337	0.36331	0.1964
V47	0.12214	0.32152	0.05171	0.14189	0.28768	0.07506
V48	0.10512	0.45625	0.2009	0.04292	0.15823	0.03657
V49	0.13052	0.56116	0.06344	0.04268	0.16165	0.04055
V50	0.06908	0.00872	0.25636	0.06911	0.51553	0.0812
V51	0.04928	0.0151	0.03115	0.08166	0.78204	0.04077
V52	0.10895	0.40967	0.25026	0.06426	0.12077	0.04608
V53	0.15598	0.01617	0.11563	0.08435	0.57629	0.05157
V54	0.1134	0.09566	0.48618	0.07837	0.13486	0.09153
V55	0.05242	0.04319	0.12828	0.08824	0.64835	0.03952
V56	0.0571	0.03483	0.63464	0.12929	0.10242	0.04172
V57	0.20792	0.26411	0.09564	0.03708	0.18621	0.20903
V58	0.07267	0.01277	0.71512	0.06319	0.06099	0.07525
V59	0.09483	0.01909	0.02574	0.62979	0.19508	0.03546
V60	0.38586	0.02077	0.06976	0.31079	0.12559	0.08723
V61	0.3011	0.09829	0.07327	0.14311	0.14468	0.23954
V62	0.39604	0.03476	0.12874	0.11809	0.15865	0.16371
V63	0.16952	0.36762	0.07214	0.08536	0.11385	0.1915
V64	0.05693	0.09598	0.03261	0.06986	0.70642	0.03819
V65	0.41355	0.10528	0.10105	0.05046	0.11733	0.21233
V66	0.36883	0.03616	0.16047	0.06271	0.28091	0.09092
V67	0.12973	0.11574	0.29019	0.20147	0.10349	0.15938
V68	0.58529	0.03369	0.10039	0.06757	0.08608	0.12698
V69	0.44798	0.03304	0.08786	0.03608	0.10084	0.29421
V70	0.08661	0.01583	0.21522	0.4518	0.18945	0.04109
V71	0.12137	0.19942	0.07226	0.11691	0.36053	0.12952
V72	0.4311	0.10107	0.13377	0.05359	0.12986	0.15061
V73	0.10011	0.01054	0.10902	0.55831	0.18002	0.04201
V74	0.07402	0.12659	0.04047	0.55768	0.17215	0.02908
V75	0.11973	0.58959	0.05737	0.05762	0.13699	0.03869
V76	0.06565	0.00678	0.60286	0.07534	0.20012	0.04925
V77	0.14204	0.11346	0.12456	0.39951	0.13763	0.0828
V78	0.39172	0.09824	0.11532	0.11937	0.10617	0.16917
V79	0.18786	0.38213	0.07806	0.03179	0.09431	0.22585
V80	0.17947	0.40099	0.06974	0.03867	0.10865	0.20247
V81	0.49914	0.0916	0.14069	0.04852	0.09652	0.12353
V82	0.11726	0.53281	0.05966	0.0694	0.17659	0.04428
V83	0.16872	0.1219	0.06318	0.31069	0.23908	0.09643
V84	0.28964	0.02253	0.12637	0.32442	0.14423	0.09282
V85	0.56115	0.03217	0.15318	0.04956	0.08069	0.12325
V86	0.25396	0.03061	0.16006	0.2337	0.1168	0.20487
V87	0.07166	0.02469	0.0456	0.64229	0.17532	0.04045
V88	0.16189	0.02665	0.05177	0.382	0.17663	0.20106
V89	0.15638	0.12262	0.39439	0.04304	0.07082	0.21275
V90	0.13531	0.46073	0.15144	0.04705	0.14818	0.05729
V91	0.08001	0.02138	0.06909	0.13983	0.63715	0.05255
V92	0.05915	0.06575	0.03938	0.07591	0.71134	0.04846
V93	0.23568	0.05269	0.06665	0.1068	0.28575	0.25243
V94	0.06187	0.01504	0.24909	0.50038	0.14028	0.03334
V95	0.05021	0.01732	0.28767	0.1424	0.46584	0.03656
V96	0.13729	0.27398	0.06288	0.07518	0.31815	0.13252
V97	0.0486	0.02199	0.03722	0.11874	0.73842	0.03503
V98	0.0876	0.0692	0.03367	0.54207	0.23052	0.03693
V99	0.068	0.02518	0.03008	0.66079	0.1851	0.03084
V100	0.06892	0.01288	0.41282	0.23201	0.20723	0.06615
V101	0.08541	0.26641	0.39137	0.11032	0.0969	0.0496
V102	0.54662	0.03819	0.16537	0.04966	0.07986	0.1203
V103	0.46318	0.04068	0.08964	0.1489	0.1372	0.1204
V104	0.08364	0.00824	0.21419	0.49531	0.15349	0.04513
V105	0.26701	0.00148	0.13742	0.02887	0.074	0.49122
V106	0.13777	0.00147	0.52359	0.04037	0.06724	0.22956
V107	0.14221	0.44712	0.23081	0.04041	0.09585	0.0436
V108	0.21769	0.02486	0.09526	0.04271	0.23805	0.38142
V109	0.23092	0.00903	0.07804	0.03487	0.22288	0.42426
V110	0.09901	0.12431	0.58914	0.04579	0.07428	0.06747
V111	0.0568	0.02056	0.73122	0.06556	0.07605	0.0498
V112	0.10229	0.24673	0.0345	0.41926	0.1607	0.03652
V113	0.07431	0.07415	0.54104	0.0776	0.18246	0.05045
V114	0.15311	0.00793	0.5568	0.1466	0.0756	0.05998
V115	0.36503	0.05937	0.0881	0.05858	0.18446	0.24446
V116	0.57622	0.03285	0.09877	0.07937	0.08779	0.12499
V117	0.39696	0.03063	0.06734	0.11358	0.29725	0.09424
V118	0.11645	0.4723	0.13583	0.06419	0.15806	0.05317
V119	0.12676	0.56133	0.06936	0.06667	0.1182	0.05768
V120	0.13468	0.15787	0.12445	0.32131	0.19905	0.06264
V121	0.31384	0.01567	0.07414	0.21504	0.10297	0.27834
V122	0.25584	0.0309	0.05266	0.42754	0.17074	0.06232
V123	0.33216	0.01725	0.07434	0.0695	0.19247	0.31428
V124	0.05591	0.01095	0.27495	0.07337	0.54176	0.04306
V125	0.0899	0.11642	0.54782	0.08877	0.074	0.0831
V126	0.22231	0.18855	0.1114	0.0354	0.09021	0.35213
V127	0.08647	0.00567	0.66197	0.11572	0.07739	0.05277
V128	0.27832	0.19769	0.14238	0.14723	0.15428	0.08011
V129	0.06018	0.02	0.68861	0.10303	0.07508	0.0531
V130	0.38388	0.10873	0.07328	0.2039	0.13478	0.09543
V131	0.09939	0.01083	0.06025	0.07638	0.63124	0.12191
V132	0.09922	0.33779	0.35187	0.04354	0.12427	0.04332
V133	0.10463	0.14776	0.47587	0.10411	0.12062	0.04701
V134	0.20332	0.44155	0.067	0.04711	0.16893	0.0721
V135	0.1153	0.01165	0.60609	0.04759	0.10273	0.11664
V136	0.15688	0.48966	0.11444	0.05239	0.13399	0.05265
V137	0.08565	0.12722	0.46962	0.06446	0.21185	0.04121
V138	0.18896	0.00279	0.06576	0.30302	0.18481	0.25466
V139	0.13307	0.04241	0.16793	0.05616	0.39276	0.20767
V140	0.41669	0.17821	0.10979	0.0884	0.10106	0.10584
V141	0.22718	0.20242	0.15035	0.21006	0.13551	0.07448
V142	0.17894	0.48329	0.07245	0.077	0.10881	0.07951
V143	0.10783	0.05179	0.52354	0.10198	0.15	0.06485
V144	0.23144	0.12645	0.0812	0.11107	0.09869	0.35115
V145	0.07326	0.00988	0.03826	0.66162	0.17119	0.04578
V146	0.14152	0.02076	0.10118	0.06891	0.5766	0.09103
V147	0.38046	0.06577	0.16302	0.06726	0.08186	0.24163
V148	0.07589	0.13849	0.62068	0.04734	0.06695	0.05066
V149	0.19316	0.344	0.06486	0.04799	0.09513	0.25487
V150	0.07231	0.01097	0.02308	0.66194	0.1996	0.03211
V151	0.20986	0.28446	0.06767	0.03663	0.10921	0.29217
V152	0.11621	0.17749	0.37482	0.07139	0.18197	0.07812
V153	0.06022	0.03574	0.52989	0.22121	0.1095	0.04344
V154	0.36561	0.16241	0.08675	0.03379	0.08524	0.26619
V155	0.11454	0.27055	0.11476	0.05041	0.38109	0.06865
V156	0.0863	0.36035	0.04965	0.05244	0.41806	0.0332
V157	0.18965	0.08285	0.09259	0.21266	0.1177	0.30455
V158	0.07327	0.05081	0.70963	0.0506	0.0604	0.05529
V159	0.16397	0.17917	0.30127	0.1573	0.12801	0.07029
V160	0.07905	0.00484	0.71095	0.05633	0.05853	0.09029
V161	0.09744	0.36638	0.03987	0.2574	0.20656	0.03235
V162	0.11174	0.39276	0.04506	0.12741	0.27166	0.05137
V163	0.06892	0.00664	0.75468	0.05256	0.05897	0.05823
V164	0.08748	0.2614	0.32719	0.11933	0.15993	0.04467
V165	0.09101	0.0264	0.06622	0.0776	0.63741	0.10136
V166	0.14314	0.01253	0.04622	0.14923	0.43107	0.21782
V167	0.06639	0.00664	0.36716	0.38078	0.13772	0.0413
V168	0.46979	0.03387	0.08211	0.19846	0.10351	0.11226
V169	0.075	0.01244	0.57951	0.18818	0.08829	0.05658
V170	0.33517	0.04016	0.13906	0.2378	0.1605	0.0873
V171	0.21826	0.32506	0.08018	0.03217	0.10407	0.24026
V172	0.12596	0.05755	0.45754	0.16183	0.09026	0.10687
V173	0.09062	0.01775	0.6485	0.04634	0.07422	0.12257
V174	0.43675	0.09847	0.08173	0.05369	0.23161	0.09775
V175	0.14112	0.46508	0.15123	0.05329	0.14338	0.04588
V176	0.05548	0.00618	0.75275	0.06015	0.07407	0.05136
V177	0.17739	0.06562	0.30049	0.06287	0.20776	0.18587
V178	0.06812	0.04411	0.06219	0.06954	0.70499	0.05104
V179	0.10548	0.00607	0.06985	0.46358	0.22287	0.13214
V180	0.24277	0.01721	0.19956	0.29809	0.10909	0.13327
V181	0.38493	0.09876	0.12231	0.08357	0.14143	0.16899
V182	0.07448	0.07225	0.62885	0.09289	0.07016	0.06136
V183	0.07854	0.01107	0.03077	0.67425	0.17248	0.03288
V184	0.30549	0.29499	0.07325	0.0604	0.18637	0.07951
V185	0.17364	0.37107	0.07752	0.04482	0.19753	0.13541
V186	0.05678	0.00553	0.51982	0.27516	0.10364	0.03908
V187	0.25408	0.35682	0.06203	0.05495	0.20675	0.06537
V188	0.19526	0.4075	0.0703	0.0508	0.09909	0.17706
V189	0.09033	0.06032	0.18236	0.0761	0.47623	0.11466
V190	0.10754	0.14291	0.0489	0.06733	0.50181	0.13151
V191	0.1764	0.40656	0.06348	0.03859	0.10931	0.20566
V192	0.38179	0.17772	0.14147	0.06017	0.13389	0.10496
V193	0.25593	0.08821	0.08463	0.03388	0.08831	0.44903
V194	0.06286	0.02856	0.05257	0.14734	0.65914	0.04953
V195	0.06128	0.00573	0.60155	0.1192	0.16432	0.04792
V196	0.06759	0.01031	0.04481	0.63849	0.20253	0.03628
V197	0.19022	0.01759	0.06664	0.07044	0.58876	0.06635
V198	0.1505	0.29682	0.08032	0.14299	0.27356	0.05581
V199	0.08325	0.18081	0.1228	0.12585	0.44414	0.04316
V200	0.11469	0.01098	0.48123	0.19801	0.09278	0.10231
V201	0.08145	0.00994	0.02466	0.66211	0.1705	0.05134
V202	0.14294	0.04939	0.37501	0.0698	0.18526	0.1776
V203	0.40964	0.04423	0.07407	0.26279	0.11371	0.09556
V204	0.24736	0.03896	0.10404	0.13988	0.09842	0.37135
V205	0.0628	0.02065	0.73817	0.06483	0.06253	0.05101
V206	0.07147	0.04636	0.12124	0.54883	0.18025	0.03186
V207	0.30904	0.14618	0.09598	0.19614	0.12651	0.12614
V208	0.29668	0.07526	0.35384	0.07704	0.11719	0.08
V209	0.26739	0.34016	0.06773	0.05823	0.10403	0.16246
V210	0.1273	0.02295	0.67971	0.04987	0.06024	0.05993
V211	0.38434	0.04193	0.15167	0.04999	0.19488	0.17719
V212	0.0875	0.20637	0.2006	0.29275	0.16679	0.04599
V213	0.08534	0.06352	0.2538	0.08065	0.47191	0.04477
V214	0.53334	0.04496	0.10671	0.08028	0.11336	0.12135
V215	0.17356	0.43823	0.06218	0.05625	0.10185	0.16793
V216	0.16306	0.35692	0.2778	0.04705	0.10278	0.0524
V217	0.24112	0.00708	0.09679	0.10183	0.29144	0.26174
V218	0.11665	0.24698	0.04319	0.39476	0.16358	0.03484
V219	0.54182	0.02886	0.10678	0.04054	0.08804	0.19397
V220	0.13388	0.0189	0.04459	0.5923	0.16007	0.05025
V221	0.15827	0.5038	0.08211	0.08988	0.1178	0.04814
V222	0.12422	0.21592	0.07605	0.1515	0.37124	0.06107
V223	0.16402	0.2217	0.25695	0.04088	0.10008	0.21637
V224	0.05418	0.01027	0.36689	0.06469	0.46459	0.03938
V225	0.30409	0.01102	0.097	0.0348	0.07795	0.47514
V226	0.23424	0.04968	0.21295	0.22844	0.18606	0.08863
V227	0.44218	0.02213	0.08135	0.18546	0.10722	0.16166
V228	0.15536	0.17835	0.39804	0.08078	0.10705	0.08042
V229	0.16938	0.01709	0.32984	0.21438	0.19319	0.07613
V230	0.09704	0.12425	0.59573	0.05204	0.06816	0.06279
V231	0.10118	0.0263	0.03372	0.61746	0.18529	0.03606
V232	0.33854	0.0197	0.06719	0.22242	0.11214	0.24001
V233	0.53861	0.03706	0.10803	0.08551	0.10036	0.13043
V234	0.34521	0.02236	0.06179	0.06799	0.41084	0.09181
V235	0.12147	0.01112	0.05082	0.5942	0.17351	0.04888
V236	0.12165	0.00658	0.19611	0.06854	0.45199	0.15512
V237	0.06309	0.00498	0.67362	0.12356	0.08532	0.04943
V238	0.43968	0.01952	0.11593	0.09523	0.11256	0.21708
V239	0.37583	0.04216	0.15305	0.13425	0.18023	0.11449
V240	0.07104	0.19471	0.03458	0.14056	0.52318	0.03592
V241	0.39217	0.13666	0.07622	0.15793	0.13663	0.10039
V242	0.28479	0.04573	0.10043	0.15256	0.1576	0.2589
V243	0.09399	0.28615	0.39038	0.07455	0.11222	0.04271
V244	0.18117	0.02433	0.05809	0.05342	0.4863	0.19669
V245	0.50851	0.02411	0.09834	0.03864	0.0938	0.23661
V246	0.06846	0.04622	0.21704	0.30589	0.31883	0.04356
V247	0.29489	0.06625	0.0757	0.15379	0.11141	0.29796
V248	0.22378	0.03861	0.0471	0.20341	0.40016	0.08693
V249	0.22286	0.12858	0.34072	0.09658	0.0814	0.12985
V250	0.07589	0.0252	0.03093	0.66037	0.17131	0.0363
V251	0.11146	0.40993	0.15952	0.15694	0.11834	0.04381
V252	0.06907	0.01749	0.06047	0.61332	0.19856	0.04108
V253	0.15611	0.04801	0.05358	0.30337	0.2151	0.22383
V254	0.10697	0.20114	0.10319	0.17679	0.33999	0.07192
V255	0.29556	0.22787	0.12045	0.08122	0.13951	0.13538
V256	0.12563	0.58817	0.05913	0.04647	0.12977	0.05083
V257	0.1188	0.30926	0.07295	0.06661	0.3561	0.07629
V258	0.09374	0.18424	0.14791	0.39422	0.13373	0.04616
V259	0.10245	0.40215	0.29852	0.05153	0.09168	0.05368
V260	0.14577	0.04218	0.05777	0.07272	0.56264	0.11892
V261	0.37197	0.03366	0.0985	0.07033	0.24156	0.18397
V262	0.10623	0.01522	0.65735	0.05884	0.11061	0.05176
V263	0.07796	0.05039	0.53255	0.1928	0.09179	0.05451
V264	0.41937	0.03487	0.15612	0.06505	0.12822	0.19637
V265	0.07353	0.01514	0.03296	0.09172	0.74292	0.04374
V266	0.29757	0.03291	0.09516	0.03522	0.08497	0.45416
V267	0.19885	0.48106	0.06034	0.0902	0.11749	0.05207
V268	0.58264	0.03255	0.09574	0.04807	0.08445	0.15654
V269	0.08506	0.04633	0.13057	0.53042	0.16907	0.03856
V270	0.25181	0.35609	0.08237	0.05409	0.18663	0.06901
V271	0.19433	0.09776	0.25348	0.04517	0.08812	0.32113
V272	0.07704	0.01266	0.03315	0.12596	0.66589	0.0853
V273	0.09482	0.01283	0.07952	0.12462	0.61454	0.07367
V274	0.22814	0.0075	0.19483	0.06895	0.08413	0.41644
V275	0.46341	0.1577	0.09018	0.0519	0.09571	0.14111
V276	0.2096	0.19405	0.12465	0.0888	0.12376	0.25914
V277	0.37902	0.02946	0.08491	0.04515	0.1819	0.27956
V278	0.15323	0.1023	0.1213	0.21389	0.34485	0.06442
V279	0.2428	0.04103	0.22089	0.07166	0.09056	0.33306
V280	0.14127	0.01162	0.03859	0.58699	0.16533	0.0562
V281	0.12588	0.57435	0.08201	0.0623	0.11245	0.04301
V282	0.06702	0.04447	0.03821	0.11524	0.68972	0.04534
V283	0.08756	0.33504	0.04275	0.05893	0.43396	0.04176
V284	0.11206	0.08024	0.28638	0.2678	0.13888	0.11465
V285	0.07595	0.02534	0.02368	0.66029	0.17851	0.03623
V286	0.4472	0.04671	0.13711	0.16717	0.09795	0.10386
V287	0.07114	0.02018	0.06195	0.12657	0.65056	0.0696
V288	0.21143	0.20657	0.07829	0.04069	0.1787	0.28432
V289	0.06503	0.0721	0.59769	0.1206	0.09516	0.04942
V290	0.06781	0.00789	0.21251	0.51458	0.14954	0.04767
V291	0.0897	0.03268	0.0254	0.63476	0.17474	0.04271
V292	0.16155	0.0797	0.05046	0.43021	0.22832	0.04977
V293	0.05516	0.05161	0.06074	0.07689	0.71159	0.044
V294	0.37597	0.04261	0.06911	0.06036	0.2959	0.15604
V295	0.30911	0.00421	0.09782	0.0292	0.08352	0.47613
V296	0.11898	0.28052	0.11335	0.21904	0.16197	0.10614
V297	0.26696	0.05174	0.08017	0.03384	0.087	0.48029
V298	0.11774	0.52567	0.16805	0.04654	0.10369	0.03832
V299	0.15457	0.06923	0.58941	0.05384	0.07239	0.06057
V300	0.48237	0.10235	0.11358	0.04548	0.0843	0.17192
V301	0.35055	0.29927	0.11234	0.05179	0.1022	0.08384
V302	0.0911	0.21975	0.08991	0.37704	0.17766	0.04454
V303	0.11439	0.48854	0.10272	0.05402	0.19568	0.04465
V304	0.06705	0.01503	0.05468	0.0733	0.7467	0.04324
V305	0.12502	0.01089	0.1827	0.32969	0.18581	0.16588
V306	0.36728	0.08427	0.08192	0.03819	0.08249	0.34586
V307	0.17454	0.02169	0.05182	0.07436	0.57701	0.10058
V308	0.06776	0.01807	0.02254	0.67893	0.18158	0.03112
V309	0.102	0.3956	0.04744	0.28117	0.1335	0.0403
V310	0.16115	0.27669	0.25323	0.04214	0.09713	0.16966
V311	0.41627	0.01515	0.09339	0.03934	0.07982	0.35603
V312	0.14716	0.02134	0.03627	0.30095	0.42928	0.06499
V313	0.33411	0.0141	0.08204	0.06172	0.08217	0.42587
V314	0.22736	0.02235	0.04875	0.49304	0.1513	0.0572
V315	0.19045	0.48061	0.06789	0.04089	0.14582	0.07434
V316	0.30037	0.01199	0.0912	0.08095	0.09739	0.4181
V317	0.13097	0.00709	0.04247	0.50514	0.17951	0.13482
V318	0.07281	0.01728	0.05305	0.64348	0.16767	0.04571
V319	0.28163	0.14699	0.24591	0.13551	0.09792	0.09203
V320	0.22382	0.15082	0.30209	0.11587	0.09283	0.11458
V321	0.10968	0.46045	0.04529	0.2169	0.13414	0.03353
V322	0.09923	0.00973	0.11401	0.07461	0.57933	0.1231
V323	0.09656	0.22795	0.03551	0.29912	0.30414	0.03672
V324	0.14135	0.03761	0.07918	0.19566	0.38674	0.15946
V325	0.15835	0.56154	0.08028	0.04136	0.1093	0.04919
V326	0.19631	0.50623	0.07595	0.04138	0.12376	0.05637
V327	0.11424	0.00767	0.70816	0.0509	0.05982	0.05921
V328	0.17763	0.1607	0.19116	0.14424	0.26782	0.05846
V329	0.06248	0.00788	0.48378	0.05951	0.33025	0.0561
V330	0.0634	0.0062	0.74059	0.0593	0.07385	0.05666
V331	0.4589	0.0733	0.12235	0.09562	0.09523	0.1546
V332	0.15249	0.05701	0.17041	0.05317	0.3486	0.21832
V333	0.07475	0.02032	0.39569	0.28287	0.16513	0.06125
V334	0.08596	0.306	0.35133	0.12082	0.09576	0.04013
V335	0.14794	0.02035	0.6061	0.05182	0.06198	0.11182
V336	0.27863	0.41249	0.08828	0.04049	0.10575	0.07436
V337	0.10894	0.15409	0.08913	0.06682	0.54091	0.04012
V338	0.47959	0.02776	0.11474	0.05272	0.19525	0.12994
V339	0.1421	0.07392	0.34333	0.21376	0.1148	0.11208
V340	0.42024	0.20347	0.07825	0.07015	0.11318	0.11471
V341	0.22694	0.04379	0.07952	0.41559	0.16765	0.06651
V342	0.12985	0.01366	0.05095	0.47798	0.18326	0.14431
V343	0.24136	0.12112	0.16175	0.05039	0.09337	0.33201
V344	0.12793	0.44054	0.05264	0.05833	0.22079	0.09977
V345	0.05267	0.01516	0.03859	0.08165	0.7749	0.03703
V346	0.16314	0.02047	0.05194	0.33768	0.35513	0.07165
V347	0.34523	0.1154	0.08469	0.1038	0.26226	0.08862
V348	0.13707	0.10512	0.52766	0.05939	0.11127	0.05949
V349	0.47968	0.07738	0.11403	0.10446	0.11781	0.10664
V350	0.3287	0.04408	0.16518	0.1933	0.09818	0.17056
V351	0.29343	0.05655	0.11187	0.04914	0.09379	0.39522
V352	0.15407	0.2443	0.06132	0.04088	0.29719	0.20224
V353	0.07396	0.1386	0.62695	0.04763	0.06681	0.04605
V354	0.18562	0.04393	0.23375	0.04647	0.29288	0.19735
V355	0.06124	0.02816	0.74335	0.05854	0.06239	0.04631
V356	0.36857	0.10644	0.09437	0.19105	0.12512	0.11446
V357	0.2454	0.02084	0.36261	0.06357	0.22564	0.08195
V358	0.25873	0.00117	0.12723	0.05408	0.0848	0.47399
V359	0.16335	0.0784	0.04406	0.45331	0.19722	0.06365
V360	0.35812	0.01995	0.06929	0.18273	0.25887	0.11104
V361	0.12384	0.60213	0.05925	0.05163	0.12005	0.0431
V362	0.10798	0.39625	0.06842	0.25767	0.13603	0.03366
V363	0.48365	0.07065	0.12353	0.04447	0.14776	0.12993
V364	0.21745	0.14262	0.07974	0.05823	0.16663	0.33534
V365	0.31231	0.29442	0.07244	0.13282	0.1083	0.07971
V366	0.1303	0.19211	0.39471	0.08914	0.13612	0.05762
V367	0.08212	0.01042	0.04157	0.45653	0.35156	0.05781
V368	0.19733	0.10592	0.12694	0.06013	0.18536	0.32433
V369	0.08548	0.03459	0.03462	0.11108	0.64902	0.08521
V370	0.09048	0.06453	0.52855	0.1447	0.09282	0.07891
V371	0.1373	0.1966	0.04838	0.36049	0.1336	0.12364
V372	0.13138	0.47225	0.05313	0.05872	0.20933	0.07519
V373	0.5379	0.03545	0.09381	0.03967	0.08276	0.21041
V374	0.1846	0.01875	0.23472	0.36984	0.13971	0.05238
V375	0.30761	0.02419	0.21547	0.08869	0.26937	0.09466
V376	0.22164	0.03861	0.08828	0.11536	0.14422	0.3919
V377	0.09191	0.01737	0.36376	0.06001	0.40856	0.05839
V378	0.23484	0.05495	0.2152	0.03269	0.09998	0.36233
V379	0.37894	0.02013	0.18174	0.03484	0.07525	0.3091
V380	0.05456	0.04405	0.06012	0.08377	0.71337	0.04414
V381	0.27285	0.03718	0.29046	0.22616	0.10432	0.06903
V382	0.0607	0.03609	0.03573	0.21074	0.61808	0.03867
V383	0.18919	0.04064	0.35199	0.24249	0.11122	0.06446
V384	0.08602	0.02162	0.67675	0.06483	0.09771	0.05307
V385	0.28692	0.00976	0.10352	0.02831	0.07657	0.49491
V386	0.41073	0.04519	0.26777	0.05119	0.11538	0.10975
V387	0.21572	0.02133	0.08413	0.48145	0.14154	0.05584
V388	0.50475	0.05778	0.19606	0.0436	0.08483	0.11298
V389	0.34276	0.06688	0.0882	0.03117	0.08655	0.38443
V390	0.11422	0.03745	0.03935	0.52975	0.17702	0.10222
V391	0.09317	0.01763	0.04362	0.44841	0.32885	0.06832
V392	0.14275	0.03151	0.40646	0.11668	0.07685	0.22575
V393	0.12785	0.11692	0.33856	0.08786	0.17704	0.15177
V394	0.07265	0.01022	0.053	0.62058	0.2064	0.03716
V395	0.05778	0.05014	0.72762	0.05779	0.06225	0.04443
V396	0.3635	0.06431	0.06868	0.2713	0.14959	0.08262
V397	0.23749	0.13309	0.09953	0.03655	0.11494	0.37839
V398	0.12879	0.46772	0.06457	0.06075	0.22791	0.05025
V399	0.06823	0.00544	0.69972	0.08395	0.0776	0.06506
V400	0.193	0.02374	0.05511	0.30161	0.12275	0.3038
V401	0.15343	0.02254	0.53842	0.05525	0.14229	0.08808
V402	0.11301	0.01853	0.03558	0.61714	0.16397	0.05176
V403	0.1885	0.00227	0.06713	0.06878	0.34485	0.32847
V404	0.05957	0.01361	0.76541	0.05337	0.06037	0.04766
V405	0.28222	0.26347	0.13003	0.07891	0.17369	0.07169
V406	0.19708	0.05008	0.19746	0.10571	0.21004	0.23962
V407	0.12038	0.01766	0.60034	0.04442	0.06711	0.1501
V408	0.1082	0.08903	0.06044	0.50474	0.14736	0.09022
V409	0.57943	0.05443	0.09513	0.04278	0.08484	0.1434
V410	0.59037	0.04088	0.09554	0.04378	0.09691	0.13252
V411	0.22275	0.0072	0.07201	0.20523	0.10045	0.39236
V412	0.39534	0.15178	0.12041	0.07448	0.16882	0.08918
V413	0.07931	0.09767	0.05464	0.55691	0.17661	0.03485
V414	0.13319	0.06369	0.04736	0.44763	0.258	0.05014
V415	0.09738	0.01261	0.30002	0.30881	0.18567	0.09551
V416	0.10082	0.12124	0.04426	0.22673	0.40636	0.10059
V417	0.27022	0.00208	0.13039	0.11405	0.08576	0.39749
V418	0.07051	0.0673	0.35981	0.14608	0.29138	0.06491
V419	0.27492	0.02253	0.08241	0.02799	0.085	0.50716
V420	0.28429	0.002	0.08317	0.03455	0.08464	0.51135
V421	0.08509	0.0504	0.08556	0.11713	0.60484	0.05697
V422	0.19975	0.23145	0.05121	0.05823	0.402	0.05736
V423	0.10576	0.13417	0.03011	0.53011	0.1616	0.03825
V424	0.51571	0.09247	0.09972	0.08422	0.09075	0.11714
V425	0.05948	0.09561	0.04718	0.06845	0.68613	0.04315
V426	0.228	0.03068	0.20937	0.03728	0.0798	0.41487
V427	0.35298	0.10528	0.17393	0.12888	0.11216	0.12677
V428	0.24489	0.02281	0.04388	0.48401	0.14412	0.06029
V429	0.06703	0.02431	0.11517	0.44861	0.29877	0.0461
V430	0.09687	0.06501	0.4757	0.18376	0.10001	0.07864
V431	0.05427	0.01317	0.75103	0.07217	0.06337	0.046
V432	0.09293	0.33295	0.05749	0.33082	0.15061	0.0352
V433	0.07192	0.01055	0.05971	0.65622	0.1692	0.03239
V434	0.08196	0.22561	0.16842	0.35752	0.13181	0.03468
V435	0.10341	0.00949	0.04801	0.06145	0.62108	0.15656
V436	0.54143	0.10076	0.09693	0.05449	0.08821	0.11818
V437	0.20827	0.20757	0.26999	0.05518	0.16232	0.09667
V438	0.10644	0.29742	0.04942	0.09428	0.40763	0.04481
V439	0.05552	0.02092	0.12168	0.07146	0.68888	0.04155
V440	0.16053	0.04501	0.3655	0.08766	0.22329	0.11801
V441	0.12817	0.05509	0.40177	0.14571	0.09547	0.17378
V442	0.33378	0.10374	0.19689	0.08447	0.12427	0.15685
V443	0.0787	0.00904	0.07683	0.59632	0.1873	0.05181
V444	0.48309	0.04817	0.10944	0.062	0.15001	0.14728
V445	0.59331	0.04108	0.10936	0.04368	0.08358	0.129
V446	0.112	0.39589	0.2593	0.05721	0.11253	0.06307
V447	0.21008	0.17312	0.05814	0.1647	0.14384	0.25012
V448	0.07113	0.02166	0.69615	0.05409	0.10979	0.04718
V449	0.40795	0.04353	0.08297	0.23054	0.10806	0.12695
V450	0.11411	0.01554	0.5709	0.05383	0.19004	0.05559
V451	0.12724	0.04267	0.16468	0.16426	0.45153	0.04962
V452	0.17142	0.01762	0.07693	0.33525	0.1614	0.23738
V453	0.26854	0.01415	0.43632	0.12339	0.08453	0.07307
V454	0.19268	0.05674	0.12873	0.42247	0.1389	0.06049
V455	0.15811	0.53823	0.08482	0.0567	0.10941	0.05273
V456	0.53789	0.02927	0.11659	0.04913	0.11404	0.15308
V457	0.23856	0.01052	0.07664	0.04266	0.23794	0.39369
V458	0.10377	0.00708	0.36917	0.06257	0.35	0.10742
V459	0.06981	0.02075	0.49804	0.27377	0.09812	0.03952
V460	0.29914	0.0579	0.24544	0.13094	0.11329	0.15329
V461	0.2462	0.04432	0.06161	0.3396	0.21996	0.08832
V462	0.06384	0.00567	0.7286	0.06433	0.06745	0.0701
V463	0.04995	0.03677	0.04479	0.1044	0.72964	0.03445
V464	0.14454	0.55033	0.06442	0.05783	0.14019	0.04269
V465	0.29334	0.08221	0.37626	0.0444	0.10527	0.09851
V466	0.11974	0.02533	0.04436	0.54481	0.20854	0.05722
V467	0.59972	0.03476	0.10348	0.04359	0.08376	0.13468
V468	0.28204	0.09147	0.12576	0.21273	0.21604	0.07196
V469	0.0835	0.10101	0.54098	0.10878	0.08401	0.08171
V470	0.42106	0.03158	0.10675	0.09846	0.23804	0.10411
V471	0.10476	0.16158	0.44226	0.08839	0.11217	0.09084
V472	0.12629	0.37379	0.04778	0.07011	0.31463	0.06739
V473	0.1281	0.60982	0.06642	0.04185	0.11326	0.04054
V474	0.1029	0.00751	0.3324	0.38651	0.12496	0.04572
V475	0.10707	0.1216	0.25303	0.17383	0.28606	0.05841
V476	0.36946	0.03051	0.07718	0.17172	0.13326	0.21786
V477	0.1533	0.40805	0.10103	0.10074	0.12391	0.11297
V478	0.0736	0.01182	0.69579	0.0626	0.0677	0.08848
V479	0.09541	0.10355	0.59058	0.05473	0.10168	0.05406
V480	0.08012	0.19427	0.03991	0.26863	0.38166	0.03541
V481	0.31257	0.08476	0.14698	0.09833	0.25979	0.09756
V482	0.43002	0.01545	0.1018	0.0406	0.08014	0.33199
V483	0.11915	0.57915	0.10629	0.04652	0.10984	0.03904
V484	0.53545	0.03059	0.14255	0.04453	0.11964	0.12724
V485	0.22685	0.10074	0.40769	0.09407	0.0848	0.08585
V486	0.19621	0.00815	0.54925	0.07138	0.06517	0.10983
V487	0.08561	0.27017	0.04726	0.06258	0.49195	0.04243
V488	0.24753	0.43752	0.07767	0.06775	0.1055	0.06404
V489	0.5142	0.0442	0.1472	0.05032	0.12083	0.12325
V490	0.27654	0.03233	0.07671	0.06696	0.10352	0.44394
V491	0.12236	0.20728	0.30661	0.04879	0.2504	0.06455
V492	0.20395	0.02417	0.22506	0.09463	0.1439	0.30829
V493	0.52312	0.12032	0.08841	0.0598	0.08978	0.11857
V494	0.19372	0.02342	0.31609	0.05213	0.07078	0.34387
V495	0.22091	0.37006	0.19954	0.05156	0.10108	0.05685
V496	0.20759	0.09895	0.26976	0.04482	0.22748	0.1514
V497	0.07747	0.15911	0.16778	0.0836	0.47232	0.03973
V498	0.12172	0.08274	0.3067	0.2697	0.15394	0.0652
V499	0.12491	0.44941	0.16917	0.08572	0.11573	0.05506
V500	0.34885	0.14953	0.11636	0.08081	0.19691	0.10755
V501	0.14845	0.55891	0.06033	0.05625	0.11742	0.05864
V502	0.06252	0.02092	0.03587	0.24955	0.58745	0.04369
V503	0.15008	0.24804	0.06822	0.35005	0.14248	0.04113
V504	0.13748	0.56276	0.09571	0.04184	0.12018	0.04202
V505	0.07265	0.00486	0.41146	0.3086	0.1315	0.07093
V506	0.31687	0.01624	0.09851	0.13859	0.14038	0.28942
V507	0.27778	0.00104	0.08339	0.02828	0.09056	0.51895
V508	0.11939	0.40516	0.08698	0.10283	0.24041	0.04522
V509	0.08742	0.01874	0.03297	0.58243	0.24395	0.03449
V510	0.59115	0.03418	0.09529	0.04428	0.10247	0.13263
V511	0.2477	0.00956	0.06644	0.19274	0.10607	0.37749
V512	0.11781	0.16207	0.47906	0.06246	0.09391	0.08469
V513	0.064	0.02603	0.22102	0.10405	0.54256	0.04234
V514	0.1405	0.52336	0.10914	0.0383	0.10471	0.08399
V515	0.13414	0.28607	0.04779	0.33378	0.13525	0.06298
V516	0.06005	0.04348	0.63807	0.05976	0.14671	0.05193
V517	0.05447	0.00819	0.34858	0.21757	0.3299	0.04129
V518	0.28134	0.27478	0.09036	0.11075	0.13469	0.10808
V519	0.19464	0.37396	0.0668	0.09237	0.10979	0.16245
V520	0.45658	0.08744	0.1003	0.11352	0.09315	0.14902
V521	0.11598	0.01552	0.04425	0.08129	0.67906	0.0639
V522	0.30938	0.14598	0.08022	0.06103	0.23602	0.16736
V523	0.32111	0.13637	0.11631	0.13597	0.10392	0.18632
V524	0.10897	0.00891	0.09729	0.17667	0.4861	0.12206
V525	0.38089	0.01131	0.11897	0.04544	0.07888	0.36452
V526	0.11249	0.50308	0.12881	0.04845	0.16979	0.03737
V527	0.27498	0.02238	0.46718	0.05372	0.10179	0.07995
V528	0.54171	0.03094	0.17164	0.05004	0.08599	0.11968
V529	0.12507	0.06949	0.05252	0.53336	0.17215	0.04741
V530	0.13661	0.1691	0.29692	0.12424	0.14217	0.13095
V531	0.59501	0.04105	0.09613	0.04912	0.08539	0.1333
V532	0.14134	0.01168	0.09157	0.47195	0.23044	0.05301
V533	0.16127	0.00414	0.26397	0.06641	0.28834	0.21586
V534	0.12824	0.00537	0.04491	0.44653	0.20706	0.16789
V535	0.37914	0.04956	0.22649	0.13744	0.09583	0.11154
V536	0.07166	0.00388	0.59723	0.17407	0.07789	0.07527
V537	0.11672	0.43184	0.05216	0.21236	0.13186	0.05505
V538	0.19766	9e-05	0.06424	0.29484	0.11312	0.33006
V539	0.08055	0.01059	0.04028	0.55405	0.26676	0.04777
V540	0.26315	0.02105	0.31183	0.06263	0.23393	0.1074
V541	0.0956	0.19746	0.03982	0.44737	0.16669	0.05306
V542	0.10088	0.40359	0.06238	0.21761	0.17507	0.04047
V543	0.0552	0.00707	0.53541	0.07787	0.2733	0.05115
V544	0.26295	0.02336	0.08465	0.05372	0.1006	0.47472
V545	0.10155	0.44096	0.1071	0.06227	0.24575	0.04236
V546	0.41112	0.06654	0.07518	0.21847	0.12771	0.10099
V547	0.11381	0.07671	0.03493	0.33326	0.34836	0.09294
V548	0.27678	0.01518	0.08304	0.02799	0.08475	0.51227
V549	0.14838	0.0048	0.51843	0.11109	0.09238	0.12492
V550	0.06318	0.01722	0.32185	0.0645	0.489	0.04425
V551	0.21953	0.04697	0.10726	0.11719	0.15853	0.35052
V552	0.0925	0.03902	0.16112	0.26059	0.37185	0.07492
V553	0.54601	0.03115	0.11557	0.0684	0.1107	0.12817
V554	0.13682	0.55925	0.07867	0.03974	0.11398	0.07154
V555	0.32847	0.01065	0.08865	0.21632	0.10325	0.25266
V556	0.10677	0.01379	0.39757	0.30666	0.11874	0.05646
V557	0.15295	0.50426	0.12748	0.04575	0.10936	0.06021
V558	0.33909	0.15016	0.0781	0.12092	0.09732	0.2144
V559	0.05194	0.01422	0.02917	0.18184	0.6836	0.03923
V560	0.49212	0.04834	0.09731	0.05542	0.14956	0.15725
V561	0.05454	0.02085	0.76418	0.05326	0.06079	0.04637
V562	0.37632	0.18269	0.11354	0.09301	0.10094	0.13351
V563	0.26961	0.001	0.07837	0.07838	0.08328	0.48935
V564	0.20773	0.06242	0.06373	0.04448	0.27415	0.34749
V565	0.2775	0.00124	0.0903	0.028	0.08393	0.51902
V566	0.24723	0.07573	0.0934	0.06739	0.11141	0.40483
V567	0.29108	0.22314	0.06625	0.19794	0.13298	0.08861
V568	0.0887	0.01551	0.04848	0.09724	0.70865	0.04142
V569	0.51272	0.05522	0.08854	0.06407	0.09256	0.18688
V570	0.47178	0.12508	0.10856	0.08376	0.09809	0.11273
V571	0.07137	0.17499	0.55135	0.05939	0.09945	0.04345
V572	0.06747	0.01333	0.66857	0.06694	0.1334	0.05029
V573	0.18996	0.51643	0.06952	0.04113	0.12448	0.05848
V574	0.17831	0.00064	0.35361	0.06933	0.09823	0.29989
V575	0.12809	0.44424	0.10982	0.12476	0.12314	0.06995
V576	0.2772	0.10036	0.07083	0.05417	0.42446	0.07298
V577	0.29275	0.05543	0.06413	0.09701	0.38235	0.10832
V578	0.10341	0.00949	0.04801	0.06145	0.62108	0.15656
V579	0.08644	0.03339	0.1821	0.24364	0.41169	0.04275
V580	0.15174	0.02525	0.1125	0.32252	0.29487	0.09311
V581	0.45962	0.05593	0.13937	0.10035	0.14211	0.10262
V582	0.45918	0.03218	0.08949	0.17925	0.10673	0.13318
V583	0.14895	0.03966	0.29487	0.04313	0.23361	0.23979
V584	0.15218	0.02129	0.0503	0.29158	0.30586	0.1788
V585	0.12985	0.32027	0.23761	0.09859	0.10857	0.10511
V586	0.18703	0.50159	0.09928	0.04646	0.11114	0.05451
V587	0.2209	0.01867	0.27784	0.29484	0.11424	0.07351
V588	0.08358	0.01815	0.06102	0.6304	0.17317	0.03368
V589	0.14922	0.20148	0.27051	0.09168	0.09317	0.19394
V590	0.17759	0.0322	0.34277	0.08806	0.08162	0.27776
V591	0.50725	0.0293	0.1084	0.14201	0.10131	0.11172
V592	0.11258	0.25391	0.11488	0.3159	0.16302	0.03971
V593	0.07358	0.0181	0.03034	0.67305	0.17318	0.03175
V594	0.15717	0.0058	0.06173	0.463	0.14407	0.16823
V595	0.13682	0.20415	0.09054	0.13031	0.27106	0.16712
V596	0.07316	0.18836	0.04864	0.11661	0.54065	0.03258
V597	0.32262	0.02122	0.08141	0.06253	0.43299	0.07923
V598	0.57021	0.06057	0.09418	0.04278	0.09098	0.14128
V599	0.22435	0.00835	0.06564	0.14291	0.1693	0.38944
V600	0.3551	0.09366	0.07514	0.07346	0.14079	0.26184
V601	0.17197	0.11458	0.0927	0.2866	0.11683	0.21732
V602	0.10054	0.02296	0.13109	0.06491	0.53402	0.14648
V603	0.19361	0.27652	0.09546	0.07452	0.11985	0.24003
V604	0.0927	0.34789	0.04315	0.05833	0.41974	0.03819
V605	0.09408	0.03671	0.05757	0.06794	0.68398	0.05972
V606	0.37344	0.04025	0.25944	0.08419	0.07995	0.16272
V607	0.22897	0.0323	0.06907	0.04767	0.21866	0.40335
V608	0.16698	0.43059	0.06442	0.08739	0.12442	0.1262
V609	0.07632	0.01303	0.57752	0.20112	0.08438	0.04763
V610	0.10043	0.10231	0.41468	0.16832	0.12285	0.09141
V611	0.11925	0.58523	0.06925	0.06251	0.12541	0.03835
V612	0.07754	0.16165	0.03511	0.53935	0.15755	0.0288
V613	0.42717	0.12542	0.09112	0.03611	0.08515	0.23502
V614	0.12177	0.09346	0.45364	0.04885	0.12362	0.15867
V615	0.06166	0.05849	0.08369	0.07544	0.67579	0.04494
V616	0.31416	0.29162	0.07045	0.0666	0.11647	0.1407
V617	0.05584	0.02223	0.03201	0.08089	0.76777	0.04124
V618	0.19291	0.02343	0.53344	0.05216	0.08472	0.11334
V619	0.10503	0.44543	0.18134	0.06465	0.15556	0.04798
V620	0.21833	0.00786	0.27524	0.0444	0.07024	0.38393
V621	0.07606	0.00939	0.09157	0.59035	0.1854	0.04722
V622	0.36644	0.13797	0.08213	0.04828	0.27211	0.09306
V623	0.19841	0.4818	0.0706	0.03853	0.11514	0.09552
V624	0.11269	0.4319	0.04456	0.2359	0.12917	0.04579
V625	0.11213	0.10448	0.20519	0.36459	0.1437	0.06992
V626	0.11258	0.03739	0.05413	0.19155	0.44458	0.15978
V627	0.42199	0.02269	0.06816	0.2702	0.1143	0.10265
V628	0.16972	0.04838	0.3011	0.10574	0.15711	0.21793
V629	0.0938	0.33898	0.0374	0.34748	0.14714	0.03519
V630	0.4304	0.02511	0.1034	0.07487	0.11096	0.25526
V631	0.2292	6e-05	0.11876	0.12868	0.12243	0.40088
V632	0.08239	0.03255	0.15098	0.28835	0.39053	0.05521
V633	0.06577	0.13855	0.63294	0.05436	0.06781	0.04057
V634	0.49133	0.03568	0.09187	0.17293	0.10005	0.10814
V635	0.07169	0.04516	0.24306	0.46709	0.13486	0.03814
V636	0.12402	0.44038	0.05012	0.09337	0.21435	0.07775
V637	0.24641	0.04466	0.08205	0.03149	0.15267	0.44272
V638	0.09438	0.09156	0.08037	0.43364	0.2566	0.04346
V639	0.25163	0.05961	0.12086	0.07663	0.36489	0.12639
V640	0.11469	0.10972	0.42022	0.05736	0.16947	0.12854
V641	0.05842	0.06729	0.44898	0.07643	0.30623	0.04266
V642	0.23785	0.03793	0.29485	0.156	0.08669	0.18667
V643	0.53834	0.03722	0.08631	0.10373	0.10411	0.13029
V644	0.50739	0.03305	0.08536	0.10828	0.09744	0.16847
V645	0.47325	0.03671	0.0981	0.10015	0.08899	0.2028
V646	0.06346	0.01645	0.40635	0.06186	0.40631	0.04557
V647	0.23545	0.01138	0.08794	0.25157	0.12776	0.2859
V648	0.19414	0.24305	0.17101	0.07742	0.10922	0.20516
V649	0.16192	0.01977	0.06312	0.5366	0.16365	0.05494
V650	0.21313	0.1546	0.21881	0.05633	0.29509	0.06203
V651	0.18723	0.25187	0.11956	0.06386	0.20421	0.17328
V652	0.0963	0.00982	0.13163	0.54553	0.17068	0.04604
V653	0.17075	0.31737	0.08489	0.05965	0.17164	0.1957
V654	0.53083	0.0371	0.14937	0.04997	0.10682	0.12591
V655	0.2584	0.00811	0.08415	0.08866	0.29653	0.26415
V656	0.12793	0.06789	0.51587	0.08163	0.14818	0.0585
V657	0.32824	0.0233	0.06345	0.12332	0.28589	0.17579
V658	0.07254	0.06758	0.17343	0.50982	0.14462	0.03201
V659	0.12892	0.58346	0.0657	0.04574	0.11734	0.05882
V660	0.54136	0.03597	0.09302	0.05203	0.08444	0.19319
V661	0.19484	0.00163	0.18569	0.1302	0.18531	0.30233
V662	0.50005	0.03323	0.09695	0.12179	0.09843	0.14956
V663	0.09852	0.13992	0.05112	0.09301	0.57494	0.04249
V664	0.14831	0.05338	0.59301	0.04803	0.08335	0.07391
V665	0.0551	0.01505	0.03167	0.08126	0.77522	0.0417
V666	0.31964	0.24137	0.07356	0.11657	0.12807	0.12078
V667	0.25837	0.00055	0.10562	0.06032	0.09339	0.48175
V668	0.52511	0.12712	0.09602	0.04804	0.08861	0.1151
V669	0.23463	0.08502	0.06074	0.21822	0.11359	0.2878
V670	0.14597	0.27234	0.06706	0.25289	0.13487	0.12687
V671	0.27284	0.01674	0.05431	0.45177	0.13885	0.06547
V672	0.12289	0.41383	0.04437	0.24883	0.13037	0.03972
V673	0.20834	0.10432	0.22581	0.03706	0.07548	0.34898
V674	0.5106	0.03103	0.08888	0.04795	0.20848	0.11305
V675	0.25992	0.09667	0.09014	0.02933	0.10003	0.42391
V676	0.08165	0.01008	0.10632	0.60187	0.16575	0.03433
V677	0.22199	0.27685	0.18739	0.03421	0.0855	0.19406
V678	0.1983	0.06844	0.09721	0.05478	0.38494	0.19634
V679	0.24736	0.07353	0.11056	0.04706	0.08731	0.43418
V680	0.07315	0.00841	0.34119	0.06057	0.43839	0.07829
V681	0.15482	0.4988	0.08598	0.04213	0.10388	0.11438
V682	0.16054	0.39469	0.05842	0.04801	0.17348	0.16486
V683	0.08304	0.01206	0.04299	0.06684	0.69403	0.10105
V684	0.16501	0.50936	0.05793	0.09461	0.11988	0.05321
V685	0.09763	0.42763	0.2553	0.04219	0.13681	0.04045
V686	0.25628	0.01527	0.38456	0.04599	0.08108	0.21681
V687	0.15805	0.18028	0.26457	0.10379	0.08775	0.20556
V688	0.35505	0.01769	0.07556	0.05339	0.30204	0.19625
V689	0.11569	0.02018	0.55702	0.12661	0.09458	0.08591
V690	0.12736	0.01615	0.07281	0.07784	0.55111	0.15474
V691	0.14264	0.3389	0.20257	0.09287	0.12996	0.09306
V692	0.39531	0.02155	0.06514	0.25463	0.16566	0.09771
V693	0.51178	0.11255	0.1014	0.05326	0.08758	0.13344
V694	0.50849	0.1124	0.09327	0.07146	0.09046	0.12391
V695	0.52668	0.02987	0.08639	0.05652	0.14923	0.1513
V696	0.13927	0.36054	0.08901	0.08734	0.27054	0.0533
V697	0.10359	0.02049	0.62286	0.08182	0.09396	0.07727
V698	0.12484	0.6058	0.05969	0.04662	0.11969	0.04336
V699	0.20043	0.02459	0.47317	0.07276	0.12496	0.10409
V700	0.15702	0.0239	0.04136	0.07234	0.64028	0.0651
V701	0.56106	0.03066	0.10138	0.04099	0.08289	0.18301
V702	0.23677	0.01583	0.11892	0.14	0.09693	0.39155
V703	0.21386	0.36359	0.07126	0.04468	0.24396	0.06265
V704	0.31564	0.21607	0.22021	0.0401	0.09692	0.11106
V705	0.0897	0.09175	0.25958	0.1717	0.33533	0.05194
V706	0.17669	0.07131	0.30366	0.0388	0.15451	0.25502
V707	0.43233	0.03117	0.08793	0.03434	0.08781	0.32642
V708	0.08412	0.29095	0.43827	0.05575	0.0891	0.04181
V709	0.07036	0.01121	0.02353	0.62041	0.24221	0.03228
V710	0.3304	0.0622	0.15791	0.08423	0.23572	0.12952
V711	0.10316	0.16925	0.3652	0.16973	0.09942	0.09323
V712	0.07479	0.22296	0.05152	0.06576	0.54364	0.04133
V713	0.26446	0.36775	0.09209	0.06194	0.11802	0.09574
V714	0.09425	0.35596	0.36966	0.04825	0.0936	0.03828
V715	0.07617	0.02146	0.73341	0.05134	0.05979	0.05783
V716	0.18548	0.02721	0.05802	0.24572	0.24857	0.235
V717	0.07931	0.02126	0.05636	0.06929	0.70647	0.06732
V718	0.07986	0.30974	0.04741	0.05553	0.47478	0.03268
V719	0.12871	0.5552	0.08234	0.04614	0.13209	0.05552
V720	0.23959	0.00987	0.23857	0.254	0.12859	0.12938
V721	0.16524	0.20176	0.22922	0.03651	0.14814	0.21913
V722	0.05264	0.01511	0.04635	0.07494	0.77389	0.03708
V723	0.118	0.47264	0.09032	0.0541	0.20757	0.05738
V724	0.12115	0.23444	0.33819	0.1137	0.15065	0.04187
V725	0.10508	0.05457	0.09675	0.14943	0.48876	0.10542
V726	0.07596	0.02155	0.46424	0.07491	0.28407	0.07926
V727	0.2323	0.00023	0.14854	0.12787	0.09323	0.39783
V728	0.08567	0.01711	0.02566	0.64252	0.16811	0.06094
V729	0.21885	0.35691	0.07844	0.06606	0.2086	0.07115
V730	0.1895	0.00236	0.12503	0.30787	0.11958	0.25566
V731	0.18222	0.0457	0.39105	0.04728	0.20145	0.13231
V732	0.14998	0.31375	0.07116	0.07358	0.27614	0.11539
V733	0.21802	0.00553	0.2656	0.17196	0.13015	0.20874
V734	0.23643	0.00185	0.25496	0.03258	0.08227	0.39192
V735	0.09536	0.07429	0.04337	0.55206	0.16078	0.07414
V736	0.16524	0.37407	0.10564	0.06228	0.10966	0.18311
V737	0.04706	0.01522	0.03814	0.08201	0.78139	0.03619
V738	0.29321	0.05157	0.1207	0.28655	0.12708	0.12089
V739	0.18431	0.23688	0.18653	0.06955	0.23683	0.08588
V740	0.09082	0.1995	0.34035	0.08078	0.23322	0.05533
V741	0.32512	0.12844	0.18381	0.10137	0.18399	0.07727
V742	0.26466	0.02182	0.07877	0.32726	0.21019	0.0973
V743	0.08048	0.09067	0.24897	0.27395	0.257	0.04893
V744	0.33658	0.08464	0.08577	0.1342	0.09542	0.26338
V745	0.11516	0.39205	0.05286	0.07719	0.32174	0.041
V746	0.54566	0.04411	0.09739	0.06029	0.09852	0.15403
V747	0.19465	0.02278	0.14266	0.08552	0.4828	0.0716
V748	0.19786	0.04001	0.24027	0.05625	0.15893	0.30668
V749	0.36482	0.02316	0.07754	0.14164	0.17011	0.22274
V750	0.07684	0.07612	0.02483	0.61803	0.17371	0.03048
V751	0.07732	0.01816	0.05326	0.62468	0.19369	0.03289
V752	0.20113	0.02363	0.0744	0.11204	0.51696	0.07184
V753	0.19727	0.00463	0.08549	0.10958	0.32915	0.27387
V754	0.14975	0.31906	0.14992	0.08385	0.13483	0.16258
V755	0.29141	0.04687	0.0729	0.07054	0.38517	0.13311
V756	0.26281	0.00837	0.08595	0.03596	0.11787	0.48903
V757	0.18864	0.32073	0.06868	0.05072	0.13878	0.23245
V758	0.27131	0.44137	0.06912	0.046	0.10332	0.06887
V759	0.15879	0.02631	0.08643	0.15537	0.46743	0.10568
V760	0.27402	0.00081	0.08877	0.04629	0.07957	0.51055
V761	0.04923	0.01728	0.34264	0.07797	0.47487	0.03801
V762	0.10976	0.00473	0.63399	0.07435	0.08445	0.09272
V763	0.08744	0.12616	0.05044	0.50831	0.17825	0.0494
