CD14.pos.CD16.neg.classical.monocyte	mature.neutrophil	memory.B.cell	cytotoxic.CD56.dim.NK.cell	memory.CD4.pos.AB.T.cell	macrophage
V1	0.12676	0.00615	0.69187	0.03653	0.07979	0.05891
V2	0.45289	0.08912	0.07546	0.10766	0.17876	0.09611
V3	0.26093	0.03291	0.21684	0.02547	0.09518	0.36867
V4	0.23328	0.3317	0.05908	0.09424	0.17907	0.10263
V5	0.07485	0.03939	0.01362	0.48705	0.35608	0.02901
V6	0.25756	0.00417	0.1845	0.05723	0.20577	0.29077
V7	0.09999	0.30439	0.03951	0.05748	0.45573	0.0429
V8	0.53228	0.0331	0.08562	0.11297	0.10267	0.13336
V9	0.2834	0.12007	0.05097	0.21351	0.13943	0.19262
V10	0.37567	0.025	0.09509	0.27035	0.13939	0.0945
V11	0.14131	0.57822	0.06426	0.04986	0.12645	0.0399
V12	0.27951	0.0074	0.10819	0.03003	0.09858	0.47629
V13	0.12792	0.3944	0.27628	0.04972	0.10808	0.0436
V14	0.1189	0.0164	0.02566	0.63774	0.16273	0.03858
V15	0.39465	0.05704	0.06198	0.12196	0.25164	0.11274
V16	0.11831	0.0065	0.03392	0.33021	0.39283	0.11824
V17	0.26322	0.01541	0.17602	0.02399	0.08941	0.43196
V18	0.54594	0.10544	0.09131	0.04941	0.0933	0.11461
V19	0.45364	0.0393	0.2062	0.04113	0.15547	0.10426
V20	0.47798	0.04513	0.13473	0.11202	0.10179	0.12835
V21	0.28395	0.01627	0.07965	0.03107	0.12674	0.46232
V22	0.19329	0.0443	0.05013	0.09331	0.54198	0.077
V23	0.09635	0.00857	0.30872	0.05182	0.49061	0.04393
V24	0.16962	0.01213	0.03881	0.1299	0.57113	0.07842
V25	0.37308	0.21024	0.06136	0.12891	0.13885	0.08756
V26	0.25512	0.0173	0.05802	0.04762	0.55532	0.06663
V27	0.24379	0	0.19686	0.03001	0.09631	0.43303
V28	0.16343	0.19245	0.16667	0.19362	0.13781	0.14602
V29	0.1409	0.43983	0.12352	0.08425	0.10906	0.10243
V30	0.24123	0.15164	0.13942	0.03553	0.25989	0.17228
V31	0.49555	0.01631	0.21079	0.05211	0.08629	0.13895
V32	0.07829	0.01195	0.30232	0.42039	0.12607	0.06098
V33	0.23767	0.30331	0.22922	0.04943	0.09777	0.08259
V34	0.04949	0	0.44393	0.05757	0.40033	0.04868
V35	0.07883	0.04387	0.17203	0.42049	0.23073	0.05405
V36	0.14023	0.36876	0.1377	0.0468	0.25412	0.05239
V37	0.10498	0.00116	0.64418	0.03897	0.08049	0.13021
V38	0.25824	0	0.17053	0.0229	0.08839	0.45995
V39	0.45079	0.02997	0.06969	0.2267	0.11469	0.10816
V40	0.13448	0.3741	0.05249	0.14428	0.20624	0.08842
V41	0.52505	0.0158	0.09944	0.03789	0.09559	0.22624
V42	0.24301	0.01	0.46645	0.03434	0.11671	0.12949
V43	0.21603	0.30257	0.05701	0.05956	0.27533	0.0895
V44	0.14792	0.58482	0.06006	0.04476	0.11465	0.04779
V45	0.35318	0.23279	0.10047	0.04912	0.11123	0.15322
V46	0.14164	0.00318	0.05024	0.23377	0.37617	0.19499
V47	0.12902	0.316	0.04471	0.14203	0.29489	0.07336
V48	0.11114	0.45351	0.19266	0.04044	0.16717	0.03507
V49	0.13823	0.55598	0.05691	0.0443	0.16565	0.03894
V50	0.06654	0	0.2554	0.05115	0.54571	0.08121
V51	0.04716	0.00346	0.03377	0.06197	0.8125	0.04114
V52	0.11487	0.40733	0.24067	0.06248	0.1301	0.04455
V53	0.15734	0.00566	0.11497	0.06911	0.60168	0.05124
V54	0.11567	0.09016	0.48215	0.0688	0.1528	0.09041
V55	0.05115	0.03302	0.12836	0.07056	0.67743	0.03947
V56	0.05525	0.02675	0.63564	0.12203	0.1204	0.03992
V57	0.21553	0.25806	0.0891	0.03333	0.19755	0.20643
V58	0.07009	0.00351	0.72083	0.04953	0.08158	0.07446
V59	0.10425	0.00901	0.01002	0.65678	0.18763	0.03231
V60	0.39685	0.01146	0.0587	0.32414	0.12451	0.08434
V61	0.31051	0.0906	0.06542	0.14537	0.15211	0.23599
V62	0.40567	0.02592	0.1218	0.11825	0.16717	0.1612
V63	0.17828	0.36195	0.06385	0.08757	0.12016	0.18819
V64	0.0567	0.08681	0.03378	0.05207	0.7324	0.03824
V65	0.42348	0.09713	0.09494	0.04897	0.12633	0.20915
V66	0.3766	0.02708	0.15622	0.05559	0.29522	0.08928
V67	0.13639	0.10996	0.27907	0.20411	0.11287	0.15759
V68	0.59645	0.02391	0.09471	0.06949	0.09102	0.12442
V69	0.45823	0.02405	0.08186	0.03408	0.11092	0.29086
V70	0.09237	0.00627	0.20173	0.4692	0.19192	0.03853
V71	0.12666	0.19354	0.06611	0.11182	0.37381	0.12806
V72	0.44091	0.09267	0.12778	0.05169	0.13871	0.14824
V73	0.10824	6e-04	0.09336	0.58262	0.17615	0.03903
V74	0.08394	0.11864	0.02442	0.58146	0.1656	0.02593
V75	0.12793	0.58424	0.05034	0.06092	0.13944	0.03713
V76	0.06085	0	0.60514	0.06107	0.22485	0.0481
V77	0.15098	0.10637	0.11007	0.41535	0.13733	0.0799
V78	0.40172	0.09019	0.10739	0.1219	0.1124	0.1664
V79	0.19673	0.37655	0.0704	0.03203	0.10237	0.22193
V80	0.18824	0.39531	0.06233	0.03918	0.11599	0.19894
V81	0.5094	0.08306	0.13474	0.04788	0.10374	0.12118
V82	0.12528	0.52745	0.05269	0.07146	0.18055	0.04257
V83	0.1767	0.1149	0.05204	0.31985	0.24253	0.09398
V84	0.29952	0.01391	0.11402	0.33719	0.14543	0.08994
V85	0.57241	0.02241	0.14758	0.04916	0.0876	0.12084
V86	0.26352	0.02276	0.14857	0.24001	0.12298	0.20215
V87	0.08086	0.01488	0.02885	0.67058	0.16762	0.03722
V88	0.17083	0.01845	0.03869	0.39558	0.1786	0.19785
V89	0.16218	0.11744	0.3869	0.03423	0.08713	0.21212
V90	0.14211	0.45735	0.14329	0.04623	0.15543	0.05558
V91	0.08036	0.01053	0.06794	0.12696	0.66185	0.05238
V92	0.05865	0.056	0.04033	0.05794	0.73856	0.04853
V93	0.24303	0.04457	0.06099	0.10223	0.29948	0.24971
V94	0.06741	0.00523	0.23442	0.52189	0.14048	0.03057
V95	0.04859	0.00717	0.28514	0.13081	0.49241	0.03588
V96	0.14334	0.2684	0.05734	0.07032	0.32985	0.13076
V97	0.04731	0.01075	0.03833	0.10239	0.76611	0.03511
V98	0.09652	0.06015	0.01913	0.56386	0.22634	0.03401
V99	0.07729	0.01516	0.0135	0.68982	0.17658	0.02764
V100	0.07	0.00336	0.4065	0.23212	0.22317	0.06485
V101	0.08943	0.26523	0.38162	0.10775	0.10815	0.04781
V102	0.55766	0.02858	0.1596	0.04893	0.0872	0.11803
V103	0.47318	0.03125	0.08266	0.15295	0.14211	0.11784
V104	0.08916	0	0.19928	0.51582	0.15345	0.0423
V105	0.27119	0	0.1303	0.02278	0.08983	0.48589
V106	0.13613	0	0.51962	0.02675	0.08743	0.23007
V107	0.14861	0.44496	0.22168	0.03922	0.10377	0.04176
V108	0.22453	0.01642	0.09001	0.03417	0.25607	0.37879
V109	0.23777	8e-05	0.07358	0.02664	0.24075	0.42119
V110	0.1	0.12029	0.58774	0.03436	0.09151	0.0661
V111	0.05308	0.01157	0.73776	0.0518	0.09742	0.04837
V112	0.112	0.24014	0.02121	0.43632	0.15648	0.03385
V113	0.07343	0.06768	0.54007	0.06583	0.20378	0.04921
V114	0.15488	0	0.55409	0.14199	0.0907	0.05835
V115	0.37391	0.0508	0.08246	0.05487	0.19628	0.24168
V116	0.5873	0.02311	0.09286	0.08185	0.09249	0.12238
V117	0.40528	0.02131	0.06255	0.11125	0.3074	0.09222
V118	0.12367	0.46844	0.12764	0.06432	0.16449	0.05143
V119	0.13523	0.55634	0.06159	0.07027	0.12092	0.05563
V120	0.1424	0.15158	0.11183	0.33198	0.20198	0.06023
V121	0.32426	0.00698	0.0644	0.2215	0.10828	0.27458
V122	0.26577	0.02202	0.03928	0.44591	0.16779	0.05923
V123	0.34109	0.00834	0.06886	0.0655	0.20544	0.31077
V124	0.05307	0.00026	0.27508	0.05492	0.5738	0.04288
V125	0.09172	0.11169	0.54386	0.08068	0.09036	0.0817
V126	0.23148	0.18191	0.10376	0.03246	0.1029	0.34748
V127	0.08291	0	0.6634	0.10721	0.09539	0.05109
V128	0.2866	0.19146	0.13352	0.14992	0.16054	0.07797
V129	0.05748	0.01101	0.69223	0.09326	0.09431	0.0517
V130	0.39358	0.10073	0.06443	0.21155	0.13694	0.09277
V131	0.09986	2e-04	0.06018	0.05939	0.65847	0.12189
V132	0.10379	0.33653	0.34329	0.0374	0.13709	0.04189
V133	0.10711	0.1441	0.47039	0.09772	0.13559	0.0451
V134	0.21068	0.4364	0.06083	0.04753	0.17445	0.07011
V135	0.1155	0.00291	0.60762	0.03374	0.12367	0.11657
V136	0.16435	0.48537	0.1066	0.05352	0.13921	0.05095
V137	0.08604	0.12248	0.46657	0.05245	0.23274	0.03972
V138	0.19398	0	0.05479	0.31023	0.19013	0.25087
V139	0.13605	0.03429	0.16386	0.04273	0.41582	0.20725
V140	0.42642	0.17107	0.10238	0.09083	0.10595	0.10336
V141	0.23572	0.19651	0.13965	0.21643	0.1396	0.07209
V142	0.187	0.47858	0.06458	0.08076	0.11183	0.07725
V143	0.10865	0.04471	0.52134	0.09327	0.16839	0.06363
V144	0.2409	0.11924	0.07303	0.11196	0.10839	0.34649
V145	0.08257	0	0.02117	0.69109	0.16276	0.04241
V146	0.14284	0.01059	0.10045	0.05274	0.60262	0.09076
V147	0.39059	0.05758	0.15551	0.06585	0.09165	0.23882
V148	0.07608	0.13456	0.62017	0.03518	0.08493	0.04907
V149	0.20221	0.33784	0.05748	0.04877	0.10324	0.25045
V150	0.08158	6e-04	0.00684	0.6907	0.19143	0.02885
V151	0.21885	0.27808	0.06073	0.03558	0.11935	0.28742
V152	0.11953	0.17433	0.36829	0.06282	0.19837	0.07665
V153	0.06094	0.02716	0.52489	0.22177	0.12377	0.04148
V154	0.37481	0.15504	0.08009	0.03271	0.09458	0.26276
V155	0.11866	0.26587	0.10993	0.04111	0.39674	0.06769
V156	0.0909	0.35491	0.04615	0.04473	0.43053	0.03277
V157	0.19864	0.07526	0.08211	0.2176	0.1254	0.301
V158	0.07117	0.04338	0.71471	0.03659	0.08016	0.05399
V159	0.17016	0.1749	0.29139	0.15786	0.13756	0.06814
V160	0.07416	0	0.71525	0.04181	0.07911	0.08967
V161	0.10581	0.36107	0.02962	0.26617	0.20676	0.03056
V162	0.1188	0.38725	0.03841	0.12819	0.27759	0.04975
V163	0.06368	0	0.7618	0.03719	0.08041	0.05692
V164	0.09189	0.25901	0.31785	0.11658	0.17179	0.04288
V165	0.09133	0.01614	0.06595	0.0606	0.66458	0.1014
V166	0.14755	0.00324	0.04123	0.14258	0.44865	0.21675
V167	0.06802	0	0.35558	0.3936	0.14392	0.03888
V168	0.48043	0.0245	0.07372	0.20637	0.10551	0.10948
V169	0.07511	0.00297	0.5773	0.18593	0.10377	0.05492
V170	0.34506	0.03156	0.12899	0.24512	0.16458	0.0847
V171	0.22699	0.31873	0.07299	0.03177	0.11303	0.23649
V172	0.12968	0.05062	0.45079	0.15961	0.10372	0.10558
V173	0.08977	0.00908	0.65111	0.03237	0.09494	0.12273
V174	0.44531	0.08999	0.07732	0.05008	0.24148	0.09581
V175	0.14818	0.46135	0.1431	0.05312	0.15005	0.04419
V176	0.04902	0	0.75961	0.04511	0.09625	0.05001
V177	0.18249	0.0586	0.29467	0.05291	0.22622	0.18511
V178	0.06737	0.0338	0.06312	0.05066	0.73394	0.05111
V179	0.11153	0	0.05586	0.47985	0.22342	0.12934
V180	0.25179	0.00876	0.18724	0.3085	0.11299	0.13072
V181	0.39436	0.09089	0.1154	0.08276	0.15005	0.16654
V182	0.07396	0.06597	0.62897	0.08381	0.08725	0.06004
V183	0.08818	0.00077	0.01392	0.70449	0.16311	0.02953
V184	0.31329	0.28881	0.06745	0.06018	0.19284	0.07742
V185	0.18101	0.36578	0.07119	0.04274	0.20633	0.13294
V186	0.05503	0	0.51286	0.27969	0.11553	0.03688
V187	0.26173	0.35054	0.05652	0.05438	0.2134	0.06342
V188	0.2042	0.40182	0.06272	0.05255	0.10531	0.17341
V189	0.09151	0.05204	0.17932	0.06157	0.50121	0.11434
V190	0.11067	0.13618	0.04597	0.0549	0.52134	0.13094
V191	0.18517	0.40077	0.05625	0.03927	0.11655	0.202
V192	0.39068	0.17086	0.13464	0.05909	0.14176	0.10296
V193	0.26567	0.08049	0.07794	0.03046	0.10214	0.44329
V194	0.06312	0.01774	0.05184	0.13459	0.68341	0.04931
V195	0.05666	0	0.60179	0.10938	0.18569	0.04648
V196	0.07637	2e-05	0.0289	0.66592	0.1957	0.0331
V197	0.19247	0.00707	0.06657	0.05503	0.6129	0.06597
V198	0.15712	0.29136	0.0731	0.14329	0.28087	0.05425
V199	0.08613	0.17495	0.11755	0.11792	0.4612	0.04225
V200	0.11785	0.00201	0.47524	0.19773	0.10609	0.10107
V201	0.09114	0	0.00765	0.69166	0.16166	0.04789
V202	0.14671	0.04202	0.36999	0.05908	0.20489	0.17731
V203	0.42021	0.03513	0.06418	0.2739	0.11403	0.09256
V204	0.25684	0.03074	0.09524	0.14098	0.109	0.3672
V205	0.05947	0.01174	0.74483	0.0512	0.08318	0.04958
V206	0.07929	0.03745	0.10519	0.57268	0.17657	0.02882
V207	0.31839	0.13887	0.08648	0.20261	0.1302	0.12345
V208	0.30429	0.06803	0.34789	0.07143	0.13013	0.07823
V209	0.27601	0.33364	0.06048	0.06036	0.10974	0.15976
V210	0.12716	0.01409	0.68368	0.0366	0.07976	0.05871
V211	0.39308	0.03323	0.14639	0.04432	0.20772	0.17526
V212	0.09429	0.20131	0.18802	0.30141	0.17139	0.04357
V213	0.08492	0.05536	0.25162	0.0656	0.49821	0.04429
V214	0.54357	0.03551	0.10094	0.08147	0.11948	0.11904
V215	0.18239	0.43288	0.05469	0.0585	0.10727	0.16427
V216	0.16931	0.35433	0.26886	0.04397	0.11273	0.0508
V217	0.24689	0	0.09094	0.09556	0.30699	0.25962
V218	0.12606	0.24081	0.03	0.4107	0.1602	0.03223
V219	0.55267	0.01946	0.1011	0.04011	0.09551	0.19115
V220	0.1437	0.00925	0.02876	0.61857	0.15291	0.0468
V221	0.16658	0.49879	0.07383	0.0942	0.12031	0.04629
V222	0.12963	0.21018	0.06951	0.14847	0.38256	0.05965
V223	0.17088	0.21729	0.24799	0.03539	0.11371	0.21474
V224	0.05085	0	0.36714	0.04628	0.49679	0.03894
V225	0.31348	0.00239	0.0903	0.03082	0.09236	0.47066
V226	0.24191	0.04185	0.20314	0.23268	0.19411	0.08631
V227	0.45291	0.01272	0.07305	0.19202	0.11072	0.15858
V228	0.16007	0.17471	0.39058	0.07491	0.12087	0.07886
V229	0.17407	0.00823	0.32204	0.21535	0.20595	0.07436
V230	0.09802	0.12016	0.59432	0.04118	0.08506	0.06127
V231	0.11073	0.01651	0.01776	0.64424	0.17789	0.03287
V232	0.34876	0.01083	0.05779	0.22965	0.11662	0.23634
V233	0.5492	0.02755	0.10199	0.08731	0.10609	0.12787
V234	0.35161	0.01271	0.05934	0.05879	0.42706	0.0905
V235	0.13083	0.00135	0.03491	0.6205	0.16687	0.04553
V236	0.12142	0	0.19335	0.05295	0.47744	0.15484
V237	0.05782	0	0.67539	0.11512	0.10392	0.04776
V238	0.45041	0.01023	0.10895	0.09571	0.12044	0.21426
V239	0.38501	0.03335	0.14594	0.1345	0.18886	0.11235
V240	0.07411	0.18814	0.0308	0.13292	0.53869	0.03533
V241	0.40193	0.12886	0.06827	0.16299	0.14018	0.09778
V242	0.29425	0.03756	0.09169	0.15389	0.1669	0.25572
V243	0.09782	0.2854	0.38163	0.06952	0.12465	0.04099
V244	0.18492	0.01525	0.05615	0.03946	0.50834	0.19587
V245	0.51927	0.01474	0.09241	0.03762	0.10223	0.23373
V246	0.07166	0.03742	0.20779	0.31054	0.33083	0.04177
V247	0.305	0.05815	0.06746	0.15683	0.11911	0.29345
V248	0.22988	0.02968	0.04092	0.20222	0.41202	0.08528
V249	0.22991	0.12294	0.33222	0.09317	0.09339	0.12837
V250	0.08548	0.01527	0.01409	0.6897	0.16245	0.03301
V251	0.11926	0.40616	0.14866	0.16183	0.12235	0.04174
V252	0.07785	0.00751	0.04443	0.63954	0.19271	0.03797
V253	0.16431	0.04017	0.04241	0.31141	0.22086	0.22085
V254	0.11227	0.19571	0.09521	0.17537	0.35102	0.0704
V255	0.30428	0.22179	0.11267	0.08126	0.14704	0.13296
V256	0.13384	0.58273	0.05228	0.04948	0.13269	0.04898
V257	0.12412	0.30375	0.06828	0.06028	0.36846	0.07511
V258	0.102	0.17822	0.13311	0.4098	0.13334	0.04352
V259	0.10828	0.40032	0.28882	0.04872	0.10194	0.05193
V260	0.14792	0.03286	0.0564	0.05809	0.58617	0.11855
V261	0.38017	0.0248	0.0936	0.06533	0.25416	0.18194
V262	0.10513	0.00591	0.66122	0.04496	0.13244	0.05035
V263	0.07935	0.04287	0.52768	0.19168	0.10588	0.05254
V264	0.4293	0.0259	0.14968	0.06256	0.13863	0.19394
V265	0.07253	0.00364	0.03486	0.0737	0.77134	0.04393
V266	0.3071	0.0244	0.0885	0.03139	0.09907	0.44954
V267	0.20698	0.4756	0.05269	0.09499	0.11947	0.05027
V268	0.59379	0.02276	0.09034	0.04902	0.09037	0.15371
V269	0.093	0.03751	0.11449	0.55363	0.16587	0.0355
V270	0.25967	0.35004	0.07623	0.05368	0.19333	0.06704
V271	0.20212	0.09107	0.24508	0.03854	0.10399	0.3192
V272	0.0775	0.00156	0.03285	0.11167	0.69113	0.08528
V273	0.09545	0.00203	0.07824	0.11099	0.63981	0.07349
V274	0.23537	0	0.18696	0.06405	0.0997	0.41392
V275	0.47316	0.14975	0.08415	0.05287	0.10175	0.13832
V276	0.21784	0.18795	0.11622	0.08781	0.13416	0.25602
V277	0.38824	0.02053	0.0796	0.04054	0.19457	0.27651
V278	0.15854	0.09526	0.11312	0.21396	0.35631	0.06282
V279	0.25105	0.03308	0.21267	0.06712	0.10499	0.33109
V280	0.15103	0.00202	0.02264	0.61321	0.1583	0.0528
V281	0.1342	0.56943	0.07416	0.06596	0.11509	0.04116
V282	0.06715	0.0341	0.03819	0.1002	0.71513	0.04523
V283	0.09191	0.32951	0.03956	0.05088	0.4468	0.04133
V284	0.11766	0.0735	0.27489	0.27387	0.14729	0.11278
V285	0.0855	0.01539	0.007	0.68945	0.16967	0.03298
V286	0.45773	0.03757	0.12882	0.17274	0.10182	0.10133
V287	0.07124	0.00932	0.06114	0.11235	0.67636	0.0696
V288	0.21939	0.20006	0.07209	0.03653	0.19118	0.28075
V289	0.06436	0.06593	0.5967	0.11344	0.11186	0.04772
V290	0.0731	0	0.19736	0.53588	0.14892	0.04474
V291	0.09959	0.02302	0.00901	0.66245	0.16653	0.0394
V292	0.17019	0.07138	0.03784	0.44616	0.22752	0.0469
V293	0.05427	0.04145	0.06154	0.05827	0.74041	0.04407
V294	0.38385	0.03386	0.06519	0.05405	0.30876	0.15429
V295	0.3156	0	0.09122	0.0244	0.09811	0.47067
V296	0.1271	0.27579	0.10219	0.22512	0.16616	0.10364
V297	0.27667	0.04342	0.07374	0.03009	0.10147	0.47461
V298	0.12514	0.52244	0.1591	0.04751	0.10926	0.03654
V299	0.1568	0.06283	0.58911	0.0429	0.08933	0.05903
V300	0.49285	0.09389	0.10738	0.04529	0.09152	0.16907
V301	0.35917	0.29319	0.10538	0.0532	0.10762	0.08144
V302	0.09956	0.21389	0.07649	0.39086	0.17714	0.04205
V303	0.1215	0.48404	0.09562	0.05341	0.20225	0.04319
V304	0.06539	0.00352	0.05674	0.0535	0.77727	0.04357
V305	0.13135	0.00218	0.17028	0.33908	0.19297	0.16414
V306	0.37675	0.07612	0.07563	0.03639	0.09362	0.34149
V307	0.17705	0.01162	0.05117	0.05962	0.60053	0.10001
V308	0.07742	0.00784	0.00577	0.70894	0.17223	0.02781
V309	0.11168	0.38955	0.03595	0.29298	0.13179	0.03805
V310	0.16834	0.27311	0.24414	0.03772	0.10901	0.16767
V311	0.42605	0.00602	0.08721	0.03724	0.09091	0.35257
V312	0.15221	0.01173	0.02864	0.30435	0.43958	0.06349
V313	0.34379	0.0053	0.07521	0.05969	0.09447	0.42155
V314	0.2376	0.01305	0.03403	0.51574	0.1458	0.05378
V315	0.19808	0.47534	0.06138	0.04212	0.15069	0.07239
V316	0.30962	0.00335	0.08386	0.07914	0.10975	0.41429
V317	0.13852	0	0.02766	0.52542	0.17669	0.13172
V318	0.08219	0.0073	0.03634	0.67182	0.16	0.04235
V319	0.29016	0.14107	0.23638	0.13696	0.10556	0.08988
V320	0.2311	0.14565	0.29285	0.11452	0.10315	0.11274
V321	0.11903	0.4547	0.03521	0.22646	0.13311	0.0315
V322	0.09921	0	0.11303	0.05778	0.60677	0.1232
V323	0.10372	0.22172	0.02577	0.30649	0.30744	0.03486
V324	0.14625	0.02921	0.072	0.19285	0.40141	0.15827
V325	0.16631	0.55674	0.07289	0.04424	0.11258	0.04724
V326	0.20387	0.50131	0.06908	0.04358	0.12763	0.05453
V327	0.11216	0	0.71312	0.0368	0.08001	0.05791
V328	0.18327	0.15533	0.18325	0.14181	0.27968	0.05666
V329	0.05822	0	0.48462	0.04236	0.35928	0.05552
V330	0.05761	0	0.74692	0.04444	0.09557	0.05547
V331	0.46963	0.06462	0.1151	0.09736	0.10143	0.15186
V332	0.15682	0.0493	0.16563	0.04103	0.36985	0.21737
V333	0.07713	0.01111	0.38736	0.28822	0.17665	0.05954
V334	0.091	0.30426	0.34073	0.12014	0.10551	0.03835
V335	0.15007	0.0118	0.60669	0.03977	0.08029	0.11138
V336	0.28682	0.40673	0.08164	0.04239	0.11036	0.07206
V337	0.11067	0.14744	0.08683	0.05294	0.56235	0.03977
V338	0.48904	0.01807	0.11028	0.04895	0.20565	0.12801
V339	0.14772	0.06696	0.33377	0.21627	0.12489	0.11039
V340	0.42943	0.19614	0.07182	0.07221	0.11837	0.11203
V341	0.23661	0.03533	0.06572	0.43309	0.1658	0.06346
V342	0.13853	0.00472	0.03631	0.49724	0.18176	0.14144
V343	0.25007	0.11408	0.15401	0.04652	0.10695	0.32838
V344	0.13528	0.43536	0.04664	0.05728	0.22785	0.09758
V345	0.05063	0.00365	0.04092	0.06203	0.80544	0.03732
V346	0.16941	0.01115	0.04249	0.34521	0.362	0.06975
V347	0.35315	0.10747	0.0791	0.10197	0.27166	0.08666
V348	0.13911	0.10024	0.52508	0.04953	0.1281	0.05795
V349	0.48967	0.06838	0.10746	0.10676	0.12336	0.10438
V350	0.33853	0.03561	0.15533	0.19836	0.10427	0.1679
V351	0.30261	0.04854	0.10476	0.04577	0.10699	0.39133
V352	0.16019	0.23818	0.0567	0.03412	0.31072	0.2001
V353	0.07394	0.13472	0.6266	0.0354	0.08491	0.04443
V354	0.19017	0.03606	0.22901	0.03414	0.31384	0.19679
V355	0.05779	0.01955	0.75015	0.04428	0.08334	0.04488
V356	0.37836	0.09866	0.0852	0.19763	0.12842	0.11173
V357	0.25056	0.01182	0.35939	0.0529	0.2447	0.08064
V358	0.26261	0	0.11973	0.04921	0.09953	0.46893
V359	0.17257	0.07014	0.03055	0.47143	0.19467	0.06064
V360	0.36678	0.01062	0.0623	0.1849	0.26637	0.10903
V361	0.1322	0.59681	0.05213	0.05535	0.12223	0.04128
V362	0.11723	0.39043	0.05721	0.2682	0.13535	0.03159
V363	0.49322	0.06172	0.11849	0.04202	0.15673	0.12783
V364	0.22565	0.1357	0.07333	0.05433	0.1798	0.33119
V365	0.3213	0.2883	0.06404	0.13857	0.11056	0.07723
V366	0.13433	0.18874	0.38742	0.0832	0.15042	0.05589
V367	0.08815	0.00017	0.03038	0.47045	0.35521	0.05565
V368	0.20507	0.09898	0.11979	0.05438	0.20046	0.32133
V369	0.08629	0.02444	0.03388	0.09662	0.67369	0.08507
V370	0.09215	0.0579	0.52421	0.13989	0.10843	0.07741
V371	0.14704	0.18996	0.03559	0.37445	0.1325	0.12046
V372	0.1387	0.46709	0.04705	0.05854	0.21524	0.07338
V373	0.54854	0.02622	0.08803	0.03968	0.09012	0.20742
V374	0.19224	0.01009	0.22178	0.38439	0.14192	0.04958
V375	0.31464	0.01527	0.2104	0.08168	0.28483	0.09318
V376	0.2299	0.03052	0.08076	0.1139	0.15684	0.38808
V377	0.09069	0.00754	0.36327	0.04283	0.4376	0.05807
V378	0.24276	0.0472	0.20794	0.02573	0.11621	0.36016
V379	0.38943	0.01136	0.17455	0.03055	0.08741	0.30669
V380	0.05358	0.03358	0.06096	0.06545	0.7422	0.04423
V381	0.28127	0.02914	0.28064	0.23212	0.11035	0.06648
V382	0.06215	0.02558	0.03318	0.20333	0.63766	0.0381
V383	0.1958	0.03294	0.34239	0.24779	0.11903	0.06204
V384	0.08396	0.01277	0.68104	0.05143	0.11914	0.05167
V385	0.29622	0.00096	0.09698	0.02357	0.09187	0.4904
V386	0.42051	0.03668	0.26183	0.04611	0.12696	0.10792
V387	0.22568	0.01213	0.06928	0.50324	0.13723	0.05245
V388	0.51551	0.04878	0.19015	0.04152	0.09312	0.11093
V389	0.35215	0.05848	0.08195	0.02834	0.09906	0.38002
V390	0.12355	0.02849	0.02395	0.55207	0.17294	0.099
V391	0.09962	0.00786	0.03198	0.46244	0.33208	0.06601
V392	0.14768	0.02395	0.39911	0.11155	0.09212	0.22559
V393	0.13244	0.11145	0.33144	0.08016	0.19368	0.15082
V394	0.0814	0	0.03728	0.64704	0.20027	0.03401
V395	0.05498	0.04265	0.73336	0.04371	0.08247	0.04283
V396	0.37359	0.05593	0.05842	0.28198	0.15025	0.07983
V397	0.24634	0.12592	0.09262	0.0326	0.1286	0.37392
V398	0.1359	0.46267	0.05857	0.06005	0.23413	0.04867
V399	0.06303	0	0.70339	0.07173	0.09793	0.06392
V400	0.2028	0.01546	0.04328	0.31158	0.12735	0.29954
V401	0.15518	0.01401	0.53816	0.043	0.16233	0.08733
V402	0.1228	0.00885	0.01907	0.64462	0.15626	0.0484
V403	0.19004	0	0.06305	0.05835	0.36324	0.32532
V404	0.05537	0.00445	0.77366	0.03824	0.08209	0.04619
V405	0.28999	0.2576	0.12292	0.07834	0.18133	0.06981
V406	0.20342	0.04261	0.18993	0.10045	0.2255	0.2381
V407	0.12184	0.00879	0.60047	0.03086	0.08761	0.15042
V408	0.11769	0.08094	0.04509	0.52606	0.14322	0.087
V409	0.59013	0.04483	0.08997	0.04368	0.09075	0.14064
V410	0.60143	0.03101	0.0905	0.04433	0.10274	0.12997
V411	0.2311	0	0.06257	0.20936	0.10927	0.3877
V412	0.40425	0.14442	0.11401	0.07362	0.17661	0.08709
V413	0.08861	0.08935	0.03895	0.58084	0.17054	0.03171
V414	0.14132	0.05512	0.03444	0.46391	0.25772	0.04748
V415	0.10148	0.00356	0.28948	0.31604	0.19578	0.09366
V416	0.10601	0.11403	0.03698	0.22627	0.41766	0.09904
V417	0.27493	0	0.12182	0.11269	0.09747	0.3931
V418	0.07157	0.05981	0.3545	0.1387	0.31165	0.06377
V419	0.28429	0.01395	0.07617	0.02341	0.10018	0.50201
V420	0.28912	0	0.07678	0.02954	0.09973	0.50483
V421	0.08597	0.04079	0.08383	0.10361	0.62923	0.05658
V422	0.20457	0.22503	0.04809	0.05047	0.41548	0.05636
V423	0.11584	0.12647	0.01463	0.5531	0.15496	0.035
V424	0.5262	0.08373	0.09329	0.08684	0.09537	0.11457
V425	0.05936	0.08667	0.04767	0.05084	0.71232	0.04315
V426	0.23609	0.02247	0.20184	0.03048	0.09653	0.41258
V427	0.36251	0.09773	0.16549	0.13067	0.11918	0.12443
V428	0.2554	0.01356	0.02921	0.50629	0.1386	0.05694
V429	0.07243	0.0146	0.10293	0.46326	0.30287	0.0439
V430	0.09957	0.05847	0.46917	0.18269	0.11321	0.0769
V431	0.05009	0.00389	0.75825	0.05876	0.08455	0.04446
V432	0.10216	0.32766	0.04505	0.34377	0.1483	0.03305
V433	0.08113	0.00035	0.04287	0.6855	0.16112	0.02903
V434	0.08994	0.22035	0.1542	0.3713	0.13216	0.03204
V435	0.10367	0	0.04803	0.04393	0.64785	0.15652
V436	0.55192	0.09188	0.09131	0.05588	0.09351	0.11551
V437	0.21472	0.20294	0.26265	0.0492	0.17544	0.09505
V438	0.11116	0.29216	0.04499	0.08834	0.41938	0.04397
V439	0.05347	0.00983	0.12279	0.05182	0.7204	0.0417
V440	0.16409	0.0373	0.361	0.0778	0.24266	0.11715
V441	0.13283	0.04809	0.39407	0.14256	0.10945	0.17299
V442	0.3427	0.09659	0.1891	0.08243	0.13432	0.15486
V443	0.08674	0	0.06073	0.62181	0.18212	0.04861
V444	0.49293	0.03887	0.10411	0.06039	0.1587	0.145
V445	0.60461	0.0312	0.10406	0.04432	0.08938	0.12642
V446	0.11809	0.39336	0.24977	0.05493	0.12249	0.06135
V447	0.21899	0.16628	0.04946	0.16812	0.15068	0.24646
V448	0.0678	0.01276	0.70187	0.03904	0.13273	0.04579
V449	0.41848	0.03454	0.07357	0.23957	0.10998	0.12387
V450	0.11366	0.00637	0.57282	0.03924	0.21346	0.05445
V451	0.12954	0.03369	0.16001	0.15703	0.47115	0.04858
V452	0.18004	0.00924	0.06467	0.34612	0.16562	0.23431
V453	0.27542	0.00524	0.43133	0.11986	0.09683	0.07131
V454	0.20196	0.04841	0.11439	0.44039	0.1375	0.05735
V455	0.1663	0.53338	0.07694	0.05995	0.11263	0.0508
V456	0.54858	0.01968	0.11124	0.04803	0.12181	0.15067
V457	0.24545	0.00173	0.07198	0.03456	0.25552	0.39078
V458	0.10211	0	0.36727	0.04653	0.37679	0.1073
V459	0.07137	0.01151	0.49102	0.27918	0.10957	0.03736
V460	0.3077	0.0502	0.23699	0.13038	0.12324	0.15149
V461	0.2552	0.03603	0.05009	0.35142	0.22177	0.0855
V462	0.05821	0	0.73389	0.05007	0.08867	0.06916
V463	0.049	0.02586	0.04616	0.08731	0.75714	0.03453
V464	0.15255	0.54524	0.05728	0.06072	0.1433	0.04091
V465	0.30097	0.07538	0.37082	0.03646	0.1194	0.09697
V466	0.12857	0.01591	0.02948	0.56772	0.20424	0.05407
V467	0.61095	0.02488	0.09828	0.04432	0.08947	0.1321
V468	0.29025	0.0841	0.11662	0.21722	0.22215	0.06965
V469	0.08488	0.09647	0.53706	0.10221	0.09914	0.08024
V470	0.43031	0.02243	0.10125	0.09622	0.24768	0.1021
V471	0.10804	0.15814	0.43548	0.08151	0.12733	0.0895
V472	0.13242	0.36793	0.04302	0.06661	0.32396	0.06606
V473	0.13633	0.60464	0.05929	0.04525	0.11569	0.03881
V474	0.10678	0	0.3201	0.40082	0.12922	0.04308
V475	0.11067	0.1157	0.24523	0.17078	0.3008	0.05681
V476	0.37929	0.02159	0.06903	0.1762	0.13931	0.21458
V477	0.16168	0.40327	0.09215	0.10348	0.12926	0.11017
V478	0.0711	0.00273	0.70086	0.04914	0.08816	0.088
V479	0.09582	0.09866	0.59001	0.04299	0.12013	0.05239
V480	0.08577	0.18821	0.0312	0.27228	0.38872	0.03382
V481	0.32019	0.07709	0.14092	0.09434	0.27169	0.09577
V482	0.44069	0.00635	0.09527	0.03859	0.09056	0.32854
V483	0.12694	0.57505	0.09816	0.04909	0.11337	0.03739
V484	0.54593	0.02099	0.13735	0.04252	0.12803	0.12518
V485	0.23312	0.09483	0.40115	0.08951	0.09715	0.08424
V486	0.19984	0	0.54733	0.06157	0.08228	0.10898
V487	0.08884	0.26471	0.04457	0.05208	0.50779	0.04201
V488	0.25572	0.43231	0.07031	0.07125	0.10861	0.0618
V489	0.52431	0.03476	0.14189	0.04855	0.12934	0.12116
V490	0.2857	0.02407	0.06985	0.06442	0.11659	0.43938
V491	0.12589	0.20367	0.30055	0.03845	0.26823	0.06321
V492	0.21087	0.0164	0.21713	0.08948	0.15936	0.30676
V493	0.5333	0.11162	0.08265	0.06169	0.09483	0.1159
V494	0.2005	0.01559	0.3083	0.04422	0.08774	0.34364
V495	0.22831	0.36606	0.19106	0.05111	0.10861	0.05486
V496	0.21302	0.09242	0.26397	0.0346	0.24545	0.15055
V497	0.07887	0.15355	0.16356	0.07107	0.49402	0.03893
V498	0.12704	0.07618	0.29578	0.27607	0.16193	0.063
V499	0.13217	0.44615	0.15967	0.08708	0.12179	0.05315
V500	0.35726	0.14231	0.11001	0.07904	0.20579	0.10559
V501	0.15674	0.55356	0.05315	0.05985	0.12013	0.05657
V502	0.06437	0.01011	0.03223	0.24513	0.60523	0.04293
V503	0.15935	0.24205	0.05553	0.3642	0.14033	0.03853
V504	0.14544	0.55797	0.08808	0.04411	0.12409	0.0403
V505	0.07289	0	0.40174	0.31559	0.1409	0.06887
V506	0.32651	0.00757	0.09026	0.13955	0.14996	0.28616
V507	0.28196	0	0.07726	0.02268	0.10601	0.51209
V508	0.12616	0.40054	0.07981	0.10284	0.24701	0.04364
V509	0.09576	0.0087	0.01836	0.60595	0.23959	0.03163
V510	0.60212	0.02433	0.09033	0.0446	0.10846	0.13016
V511	0.25711	9e-04	0.05737	0.19673	0.11477	0.37312
V512	0.12091	0.15865	0.47349	0.05391	0.10961	0.08343
V513	0.0628	0.01586	0.21963	0.08893	0.57088	0.0419
V514	0.14879	0.51898	0.10091	0.03973	0.10989	0.08169
V515	0.1438	0.2799	0.03552	0.34732	0.13309	0.06038
V516	0.0575	0.03562	0.64131	0.04512	0.16974	0.05072
V517	0.05308	0	0.34331	0.21377	0.3498	0.04005
V518	0.29014	0.26883	0.08225	0.11374	0.13961	0.10542
V519	0.20362	0.36822	0.0587	0.09564	0.11492	0.1589
V520	0.46721	0.07869	0.09282	0.11693	0.09824	0.14612
V521	0.11645	0.0047	0.04509	0.06399	0.70597	0.0638
V522	0.3171	0.1388	0.07479	0.05694	0.24726	0.1651
V523	0.33102	0.12921	0.10736	0.13918	0.11008	0.18315
V524	0.11083	0	0.09259	0.16909	0.50618	0.12131
V525	0.391	0.00217	0.11209	0.04257	0.09087	0.3613
V526	0.11948	0.49899	0.12112	0.04804	0.17635	0.03602
V527	0.28121	0.01385	0.46456	0.04412	0.11768	0.07858
V528	0.55276	0.02136	0.16594	0.0488	0.09367	0.11747
V529	0.13453	0.06083	0.03725	0.55677	0.16647	0.04415
V530	0.14227	0.16444	0.28773	0.12153	0.15451	0.12951
V531	0.60619	0.03115	0.09089	0.05033	0.09078	0.13067
V532	0.14918	0.00215	0.07798	0.4904	0.23015	0.05014
V533	0.16208	0	0.25907	0.05357	0.30996	0.21532
V534	0.13477	0	0.03127	0.46202	0.20734	0.1646
V535	0.38911	0.04128	0.21803	0.13897	0.10329	0.10933
V536	0.06794	0	0.59448	0.16978	0.09398	0.07382
V537	0.12605	0.4262	0.04207	0.22128	0.13173	0.05266
V538	0.20228	0	0.05271	0.3024	0.11802	0.32459
V539	0.08826	0.00027	0.02655	0.57551	0.26438	0.04503
V540	0.26902	0.01226	0.30782	0.05225	0.25257	0.10607
V541	0.10514	0.19071	0.02559	0.46549	0.16285	0.05022
V542	0.1096	0.398	0.05233	0.22539	0.17626	0.03841
V543	0.05024	0	0.53654	0.06274	0.30015	0.05033
V544	0.27183	0.01502	0.07788	0.05006	0.11491	0.4703
V545	0.10801	0.43653	0.10032	0.06001	0.2542	0.04093
V546	0.42117	0.05771	0.06639	0.22689	0.12957	0.09828
V547	0.12017	0.06874	0.02458	0.34073	0.35494	0.09084
V548	0.28614	0.00645	0.07684	0.02329	0.10013	0.50714
V549	0.14879	0	0.51444	0.10284	0.10992	0.12402
V550	0.06069	0.00705	0.32173	0.04623	0.52038	0.04392
V551	0.22772	0.03921	0.09897	0.11546	0.17121	0.34743
V552	0.09605	0.03028	0.15291	0.26134	0.386	0.07342
V553	0.55648	0.02146	0.11011	0.06878	0.11737	0.12579
V554	0.14502	0.55452	0.0712	0.04217	0.11783	0.06925
V555	0.33893	0.0018	0.0787	0.22308	0.1085	0.24899
V556	0.11076	0.00461	0.38814	0.31512	0.1271	0.05427
V557	0.16066	0.50018	0.11924	0.04715	0.11445	0.05832
V558	0.34898	0.14283	0.07008	0.12429	0.10321	0.21061
V559	0.05179	0.00279	0.02852	0.17081	0.70698	0.0391
V560	0.50206	0.03902	0.09217	0.05384	0.15812	0.15479
V561	0.05018	0.01191	0.77229	0.03817	0.08248	0.04497
V562	0.38588	0.17588	0.10563	0.09509	0.10659	0.13093
V563	0.27394	0	0.07117	0.07555	0.0966	0.48275
V564	0.21432	0.05449	0.05926	0.03621	0.29125	0.34449
V565	0.28184	0	0.0839	0.02253	0.09938	0.51234
V566	0.25616	0.06818	0.0861	0.06478	0.12445	0.40033
V567	0.30049	0.21689	0.05674	0.20563	0.13437	0.08589
V568	0.08833	0.00418	0.04948	0.08035	0.73618	0.04149
V569	0.5233	0.04611	0.08255	0.06522	0.09908	0.18374
V570	0.48192	0.11699	0.10179	0.08587	0.10319	0.11024
V571	0.07229	0.17212	0.54798	0.04927	0.11657	0.04176
V572	0.06418	0.00414	0.67348	0.05276	0.15647	0.04897
V573	0.19771	0.51146	0.06262	0.04347	0.12816	0.05658
V574	0.1793	0	0.34614	0.05985	0.11576	0.29894
V575	0.13631	0.43989	0.10029	0.12895	0.12691	0.06765
V576	0.28212	0.09235	0.06835	0.0442	0.44099	0.07199
V577	0.29887	0.04677	0.06029	0.09034	0.39688	0.10685
V578	0.10367	0	0.04803	0.04393	0.64785	0.15652
V579	0.08871	0.02429	0.17527	0.24233	0.42807	0.04133
V580	0.15826	0.01636	0.10201	0.33016	0.30232	0.09089
V581	0.46943	0.04688	0.13301	0.10084	0.14951	0.10033
V582	0.46951	0.02283	0.08153	0.18575	0.10993	0.13045
V583	0.15306	0.03189	0.28983	0.03056	0.25508	0.23958
V584	0.15884	0.01261	0.04083	0.29672	0.31416	0.17684
V585	0.13675	0.31713	0.2274	0.098	0.11754	0.10318
V586	0.19483	0.49691	0.09156	0.0487	0.11532	0.05268
V587	0.2289	0.01008	0.26635	0.30476	0.11897	0.07095
V588	0.09269	0.00809	0.0447	0.65799	0.16595	0.03059
V589	0.15629	0.19721	0.26071	0.08896	0.10498	0.19185
V590	0.18388	0.02466	0.33525	0.08166	0.09728	0.27726
V591	0.5177	0.01943	0.10152	0.14679	0.10533	0.10923
V592	0.12086	0.24887	0.10186	0.32749	0.16361	0.03732
V593	0.08306	0.00789	0.01356	0.70307	0.16389	0.02853
V594	0.16453	0	0.04727	0.48114	0.1422	0.16486
V595	0.14348	0.19849	0.08295	0.12812	0.28197	0.16499
V596	0.07551	0.18198	0.04549	0.10682	0.55807	0.03212
V597	0.3281	0.01167	0.07902	0.05196	0.45099	0.07825
V598	0.58094	0.05113	0.08898	0.04345	0.09696	0.13853
V599	0.23232	0	0.05816	0.14247	0.18139	0.38567
V600	0.36442	0.08567	0.06897	0.07232	0.15041	0.25821
V601	0.18157	0.10768	0.0803	0.29619	0.12064	0.21363
V602	0.10151	0.01325	0.12937	0.04839	0.56097	0.1465
V603	0.20209	0.27082	0.08738	0.07427	0.12907	0.23637
V604	0.09736	0.34227	0.03976	0.05093	0.43201	0.03767
V605	0.09408	0.02644	0.05835	0.04963	0.7118	0.05971
V606	0.38326	0.03206	0.25181	0.0817	0.09022	0.16094
V607	0.23617	0.02403	0.06438	0.04065	0.23511	0.39966
V608	0.17553	0.42544	0.0565	0.09049	0.12889	0.12315
V609	0.07671	0.00351	0.57477	0.20017	0.09911	0.04573
V610	0.104	0.09671	0.40679	0.16659	0.13608	0.08984
V611	0.12746	0.58026	0.06168	0.06612	0.12779	0.03668
V612	0.08756	0.15418	0.01912	0.5627	0.1507	0.02574
V613	0.43729	0.11746	0.08491	0.03535	0.09353	0.23146
V614	0.12471	0.08783	0.44888	0.0375	0.14262	0.15846
V615	0.06099	0.04877	0.08387	0.0572	0.70427	0.0449
V616	0.32301	0.28521	0.06355	0.06866	0.12172	0.13786
V617	0.05422	0.01092	0.03437	0.0616	0.79738	0.04151
V618	0.19694	0.01487	0.5316	0.04081	0.10327	0.11251
V619	0.11148	0.4422	0.17272	0.06373	0.16353	0.04634
V620	0.22539	0	0.26762	0.03659	0.08771	0.38268
V621	0.08397	0	0.07564	0.61553	0.1807	0.04415
V622	0.37423	0.13007	0.07793	0.04313	0.28337	0.09127
V623	0.20618	0.47699	0.06372	0.04042	0.11958	0.09311
V624	0.12228	0.42615	0.03394	0.24613	0.12811	0.0434
V625	0.11955	0.0979	0.19098	0.37828	0.14627	0.06702
V626	0.11672	0.02867	0.04811	0.1871	0.46066	0.15876
V627	0.43284	0.0134	0.05809	0.28179	0.11425	0.09962
V628	0.17554	0.041	0.29353	0.09979	0.17316	0.21699
V629	0.1033	0.33353	0.02475	0.36167	0.1437	0.03306
V630	0.44075	0.01578	0.097	0.07417	0.12026	0.25204
V631	0.23219	0	0.11029	0.12664	0.1349	0.39597
V632	0.08569	0.02326	0.14281	0.29058	0.40391	0.05375
V633	0.0655	0.13457	0.63267	0.04245	0.08594	0.03887
V634	0.50189	0.02605	0.08421	0.17966	0.1027	0.10549
V635	0.0779	0.03665	0.22831	0.48683	0.13503	0.03528
V636	0.13161	0.43501	0.04346	0.09443	0.2197	0.07578
V637	0.25474	0.03652	0.0764	0.02543	0.16855	0.43837
V638	0.10177	0.08386	0.06711	0.44879	0.25758	0.0409
V639	0.25718	0.05172	0.11601	0.06786	0.3819	0.12534
V640	0.11777	0.10426	0.41522	0.04629	0.18856	0.1279
V641	0.05679	0.06029	0.44728	0.06248	0.33157	0.04158
V642	0.24592	0.03015	0.28557	0.15595	0.09733	0.18508
V643	0.5487	0.02768	0.08011	0.10707	0.1087	0.12773
V644	0.51813	0.0236	0.07862	0.11166	0.10254	0.16546
V645	0.48397	0.02752	0.09103	0.10265	0.09512	0.19972
V646	0.06062	0.00674	0.40645	0.04462	0.43658	0.045
V647	0.24509	0.00283	0.07724	0.25854	0.13404	0.28225
V648	0.20218	0.23785	0.16191	0.07604	0.11933	0.2027
V649	0.17133	0.01045	0.04792	0.56065	0.15802	0.05163
V650	0.21807	0.14904	0.21349	0.0471	0.31166	0.06064
V651	0.1946	0.24663	0.11225	0.06041	0.21531	0.1708
V652	0.10404	0	0.11577	0.56965	0.16744	0.0431
V653	0.17848	0.31181	0.07759	0.05803	0.1811	0.193
V654	0.54141	0.02751	0.14389	0.04859	0.11483	0.12378
V655	0.26477	0	0.07892	0.08212	0.31213	0.26205
V656	0.12973	0.06122	0.51363	0.07209	0.16637	0.05697
V657	0.33592	0.01415	0.05796	0.1208	0.29731	0.17386
V658	0.08015	0.05929	0.1573	0.53216	0.14215	0.02895
V659	0.13736	0.57818	0.05849	0.04888	0.12037	0.05671
V660	0.55217	0.02665	0.08707	0.05281	0.09109	0.19021
V661	0.19763	0	0.17729	0.12559	0.19978	0.2997
V662	0.5107	0.02362	0.09008	0.12554	0.10328	0.14678
V663	0.10033	0.13259	0.04918	0.08049	0.59531	0.0421
V664	0.15011	0.04641	0.59318	0.03608	0.10164	0.07259
V665	0.05327	0.00346	0.0342	0.06172	0.80536	0.04199
V666	0.32873	0.23456	0.06584	0.12028	0.13248	0.11811
V667	0.262	0	0.09822	0.05593	0.10768	0.47616
V668	0.53524	0.11867	0.09028	0.04921	0.09405	0.11255
V669	0.24475	0.0774	0.05084	0.22444	0.11931	0.28326
V670	0.15518	0.26671	0.05579	0.26195	0.13671	0.12366
V671	0.28335	0.00761	0.04012	0.47256	0.13417	0.0622
V672	0.13255	0.4076	0.03367	0.25957	0.12918	0.03743
V673	0.21677	0.09756	0.21741	0.03101	0.09105	0.34619
V674	0.51982	0.02121	0.08506	0.04451	0.21827	0.11113
V675	0.26926	0.08894	0.08363	0.02536	0.11396	0.41885
V676	0.0897	0	0.09008	0.62859	0.16031	0.03132
V677	0.23021	0.27149	0.17882	0.03167	0.09615	0.19166
V678	0.20351	0.06052	0.09294	0.04378	0.40416	0.1951
V679	0.25663	0.06575	0.10326	0.0436	0.10138	0.42937
V680	0.07034	0	0.34036	0.04257	0.46861	0.07812
V681	0.16317	0.49425	0.07807	0.04394	0.10898	0.11159
V682	0.16847	0.38897	0.05236	0.0472	0.18137	0.16163
V683	0.08263	0.0011	0.04429	0.04791	0.7228	0.10128
V684	0.17334	0.50415	0.05001	0.09957	0.12162	0.05131
V685	0.10317	0.42557	0.24642	0.03869	0.14727	0.03888
V686	0.26346	0.00699	0.37879	0.0372	0.09706	0.2165
V687	0.16521	0.17583	0.25451	0.10168	0.09935	0.20342
V688	0.36248	0.00834	0.07198	0.04584	0.31681	0.19456
V689	0.11732	0.01138	0.55489	0.11975	0.11192	0.08474
V690	0.1293	0.00627	0.07109	0.06311	0.57574	0.15449
V691	0.14976	0.33535	0.19304	0.09236	0.13843	0.09107
V692	0.40571	0.01225	0.05568	0.26393	0.16757	0.09485
V693	0.52213	0.10401	0.09541	0.05426	0.09348	0.13071
V694	0.51893	0.1038	0.08713	0.07354	0.09538	0.12121
V695	0.5365	0.02025	0.08163	0.05544	0.15722	0.14896
V696	0.14558	0.35578	0.08232	0.08534	0.27907	0.05191
V697	0.10311	0.01199	0.6243	0.07092	0.11348	0.07621
V698	0.13321	0.60041	0.0526	0.05015	0.12206	0.04158
V699	0.20505	0.01605	0.46995	0.0629	0.14296	0.10309
V700	0.15848	0.01341	0.04189	0.05603	0.66533	0.06486
V701	0.57207	0.02108	0.0959	0.04108	0.08988	0.17999
V702	0.24554	0.0073	0.11022	0.14052	0.10842	0.38801
V703	0.22071	0.35729	0.06618	0.04219	0.25257	0.06106
V704	0.32389	0.21089	0.21253	0.03701	0.10649	0.10919
V705	0.09215	0.08479	0.25295	0.16695	0.3526	0.05056
V706	0.18234	0.06455	0.29722	0.02854	0.17318	0.25417
V707	0.4426	0.02232	0.08184	0.03232	0.09822	0.32269
V708	0.08757	0.29058	0.43036	0.04912	0.10226	0.04011
V709	0.07881	0.00087	0.00853	0.64593	0.23653	0.02932
V710	0.33824	0.05418	0.15192	0.07949	0.24832	0.12785
V711	0.10823	0.16528	0.35501	0.16996	0.11007	0.09145
V712	0.0771	0.21721	0.04928	0.05311	0.56239	0.04091
V713	0.27293	0.36177	0.08482	0.06396	0.12328	0.09325
V714	0.099	0.35489	0.36072	0.04312	0.10552	0.03674
V715	0.07349	0.01248	0.74002	0.03668	0.08069	0.05665
V716	0.19325	0.01905	0.04854	0.24984	0.25711	0.23221
V717	0.07854	0.01037	0.05754	0.05013	0.73587	0.06755
V718	0.08336	0.30439	0.04472	0.04571	0.48947	0.03235
V719	0.13681	0.55027	0.07482	0.04826	0.13617	0.05367
V720	0.24764	0.00114	0.22777	0.26062	0.13556	0.12726
V721	0.17192	0.19738	0.22119	0.02952	0.16284	0.21714
V722	0.05042	0.0036	0.0487	0.05471	0.80512	0.03744
V723	0.12506	0.46794	0.0836	0.05308	0.21445	0.05587
V724	0.12577	0.23147	0.32962	0.11066	0.16255	0.03993
V725	0.10803	0.04585	0.09205	0.14068	0.50889	0.1045
V726	0.07467	0.01261	0.46361	0.06067	0.30967	0.07876
V727	0.23563	0	0.13935	0.12622	0.10533	0.39348
V728	0.09537	0.00718	0.00905	0.67072	0.16011	0.05756
V729	0.22646	0.35114	0.07216	0.06548	0.21554	0.06922
V730	0.19476	0	0.11227	0.3167	0.12426	0.25202
V731	0.18624	0.03792	0.38753	0.03473	0.22183	0.13174
V732	0.15681	0.30817	0.06515	0.07021	0.28612	0.11355
V733	0.22346	0	0.25647	0.17137	0.14168	0.20701
V734	0.23989	0	0.24728	0.02379	0.09968	0.38935
V735	0.10521	0.06571	0.02768	0.57564	0.15501	0.07075
V736	0.17366	0.36866	0.09717	0.06285	0.11739	0.18028
V737	0.04475	0.00366	0.04059	0.06216	0.8123	0.03655
V738	0.30297	0.0434	0.10904	0.29709	0.12941	0.11809
V739	0.19012	0.23228	0.1795	0.06428	0.24944	0.08438
V740	0.0934	0.19631	0.33373	0.07222	0.2505	0.05384
V741	0.33334	0.12168	0.17657	0.0997	0.19333	0.07538
V742	0.27383	0.01308	0.06722	0.33851	0.21289	0.09447
V743	0.08435	0.08384	0.23897	0.2782	0.26772	0.04692
V744	0.34663	0.07684	0.07744	0.13717	0.10244	0.25947
V745	0.1212	0.38622	0.04796	0.07403	0.3307	0.03989
V746	0.55645	0.03471	0.09153	0.06116	0.10482	0.15133
V747	0.19774	0.01314	0.14021	0.07263	0.50544	0.07084
V748	0.20449	0.03269	0.23322	0.04802	0.17626	0.30533
V749	0.37394	0.01424	0.07045	0.14318	0.17839	0.2198
V750	0.08704	0.06716	0.00836	0.6446	0.16564	0.0272
V751	0.08618	0.00802	0.03736	0.6515	0.1871	0.02984
V752	0.20471	0.01375	0.07186	0.10108	0.53753	0.07107
V753	0.2006	0	0.07989	0.10223	0.34577	0.27152
V754	0.1571	0.3144	0.14099	0.08312	0.14394	0.16046
V755	0.29722	0.03803	0.06953	0.06191	0.40138	0.13192
V756	0.27104	0	0.07991	0.03065	0.13363	0.48477
V757	0.19709	0.31443	0.06174	0.05005	0.14773	0.22895
V758	0.2793	0.43613	0.06249	0.04885	0.10665	0.06658
V759	0.16247	0.01681	0.0819	0.148	0.48605	0.10476
V760	0.2783	0	0.08184	0.04169	0.09422	0.50396
V761	0.04628	0.007	0.34233	0.06059	0.50619	0.03762
V762	0.10689	0	0.63503	0.06239	0.10388	0.09181
V763	0.0969	0.11863	0.03505	0.52948	0.17369	0.04625
V764	0.21788	0.00577	0.11763	0.18298	0.28608	0.18967
V765	0.28843	0	0.07647	0.02997	0.10024	0.5049
V766	0.29532	0.25521	0.07255	0.05197	0.21227	0.11268
V767	0.23127	0.00287	0.27731	0.10444	0.11409	0.27002
V768	0.13165	0.4728	0.17373	0.0507	0.113	0.05811
V769	0.04884	0	0.71208	0.10114	0.09521	0.04272
V770	0.13548	0.30101	0.03505	0.33993	0.14619	0.04235
V771	0.16625	0.05706	0.40615	0.06946	0.0886	0.21247
V772	0.09097	0.00157	0.66573	0.04711	0.08074	0.11389
V773	0.37673	0.00545	0.08396	0.16195	0.13718	0.23473
