CD14.pos.CD16.neg.classical.monocyte	mature.neutrophil	memory.B.cell	cytotoxic.CD56.dim.NK.cell	memory.CD4.pos.AB.T.cell	macrophage
V1	0.10216	0.02236	0.74223	0.01664	0.06206	0.05455
V2	0.37424	0.10838	0.09797	0.12078	0.20076	0.09787
V3	0.21067	0.0644	0.28015	0.02883	0.09678	0.31917
V4	0.1808	0.3431	0.08243	0.11097	0.19024	0.09246
V5	0.04764	0.05239	0.0262	0.49484	0.35168	0.02725
V6	0.20742	0.02741	0.22657	0.06267	0.23472	0.24121
V7	0.07874	0.29198	0.04171	0.05789	0.48723	0.04246
V8	0.45556	0.05261	0.11909	0.13242	0.10826	0.13206
V9	0.21947	0.14701	0.0811	0.25005	0.13944	0.16293
V10	0.30091	0.04398	0.12239	0.30548	0.13735	0.08989
V11	0.10788	0.56957	0.09001	0.06343	0.12409	0.04502
V12	0.23335	0.03869	0.1676	0.04185	0.10546	0.41306
V13	0.0974	0.39669	0.30444	0.05562	0.09934	0.04651
V14	0.07441	0.03613	0.05052	0.6706	0.13377	0.03457
V15	0.32151	0.07361	0.07983	0.13411	0.28561	0.10533
V16	0.08329	0.02308	0.04627	0.34427	0.41175	0.09134
V17	0.21365	0.04843	0.24135	0.03007	0.09259	0.37392
V18	0.46932	0.12955	0.12488	0.05727	0.09952	0.11944
V19	0.38192	0.05602	0.24393	0.03867	0.17381	0.10565
V20	0.40384	0.06536	0.17256	0.12869	0.10453	0.12502
V21	0.23507	0.04804	0.13013	0.04388	0.14345	0.39943
V22	0.14992	0.05308	0.04831	0.08805	0.593	0.06763
V23	0.0793	0.01847	0.29986	0.03471	0.52691	0.04075
V24	0.13038	0.02259	0.0364	0.12389	0.61957	0.06718
V25	0.3016	0.23029	0.08685	0.14999	0.14503	0.08625
V26	0.20103	0.02612	0.05428	0.03744	0.61829	0.06284
V27	0.19637	0.02992	0.26453	0.03677	0.09919	0.37321
V28	0.12062	0.21256	0.19725	0.2171	0.13068	0.12179
V29	0.1029	0.4504	0.15291	0.10091	0.10276	0.09011
V30	0.19082	0.17085	0.16231	0.03667	0.29368	0.14567
V31	0.42774	0.03376	0.26082	0.05454	0.08757	0.13558
V32	0.04975	0.03151	0.32597	0.44388	0.09815	0.05073
V33	0.18793	0.31909	0.26472	0.05603	0.09278	0.07945
V34	0.04245	0.0106	0.44066	0.0387	0.42525	0.04235
V35	0.05003	0.0605	0.18735	0.43839	0.21819	0.04554
V36	0.10835	0.36353	0.15238	0.05163	0.27178	0.05233
V37	0.08208	0.02006	0.70219	0.02299	0.0645	0.10818
V38	0.21557	0.02198	0.23961	0.02967	0.09241	0.40077
V39	0.37125	0.04853	0.09846	0.2632	0.11321	0.10534
V40	0.09936	0.37602	0.07316	0.1617	0.21284	0.07693
V41	0.4619	0.03642	0.14124	0.04348	0.10506	0.21191
V42	0.19806	0.02787	0.52142	0.02301	0.11471	0.11493
V43	0.16911	0.3066	0.07244	0.06728	0.30334	0.08123
V44	0.11337	0.57863	0.08729	0.05875	0.11111	0.05085
V45	0.28849	0.25989	0.13531	0.06077	0.1159	0.13963
V46	0.10297	0.02286	0.06466	0.24972	0.40881	0.15098
V47	0.09648	0.31339	0.05902	0.15356	0.31201	0.06554
V48	0.08496	0.44666	0.21309	0.04623	0.1694	0.03966
V49	0.10568	0.54446	0.07978	0.05617	0.16954	0.04437
V50	0.05623	0.0092	0.24599	0.0346	0.58865	0.06533
V51	0.04305	0.01006	0.01559	0.0436	0.85164	0.03606
V52	0.08617	0.40758	0.2656	0.07024	0.12378	0.04665
V53	0.12477	0.01423	0.10516	0.05536	0.65283	0.04765
V54	0.09186	0.1055	0.51367	0.0616	0.14895	0.07841
V55	0.04458	0.03868	0.11198	0.05446	0.71441	0.03589
V56	0.04222	0.04281	0.66399	0.11194	0.10254	0.03649
V57	0.16734	0.28029	0.11572	0.04087	0.21884	0.17693
V58	0.0543	0.02012	0.76895	0.03076	0.06228	0.06359
V59	0.06261	0.02878	0.03443	0.68539	0.15958	0.02921
V60	0.31685	0.03023	0.08529	0.36918	0.11632	0.08213
V61	0.24903	0.11868	0.0979	0.17344	0.16204	0.19891
V62	0.33579	0.04564	0.15355	0.13515	0.18398	0.14589
V63	0.13378	0.38319	0.09537	0.10798	0.11962	0.16005
V64	0.04953	0.08648	0.02063	0.03818	0.76965	0.03554
V65	0.35786	0.12412	0.1315	0.05837	0.1395	0.18865
V66	0.30808	0.04047	0.17432	0.05222	0.33825	0.08664
V67	0.09958	0.13231	0.31697	0.22401	0.09835	0.12878
V68	0.52225	0.04053	0.13007	0.07944	0.09827	0.12944
V69	0.3974	0.04972	0.12396	0.04214	0.12509	0.26168
V70	0.05961	0.0249	0.21876	0.49044	0.17166	0.03463
V71	0.09486	0.20124	0.07579	0.11789	0.4054	0.10481
V72	0.37	0.11623	0.16199	0.0575	0.15353	0.14075
V73	0.06855	0.02028	0.11501	0.61031	0.15147	0.03438
V74	0.05038	0.13007	0.04795	0.60732	0.13852	0.02576
V75	0.09678	0.57239	0.0753	0.07546	0.13764	0.04243
V76	0.0505	0.01155	0.624	0.04257	0.22866	0.04272
V77	0.10504	0.12379	0.1355	0.45013	0.11664	0.06889
V78	0.33234	0.11471	0.14324	0.14306	0.11542	0.15123
V79	0.15144	0.40423	0.10626	0.04616	0.10333	0.18858
V80	0.14377	0.41876	0.09527	0.05391	0.11856	0.16973
V81	0.4355	0.10547	0.17279	0.0528	0.1113	0.12215
V82	0.09508	0.51509	0.07401	0.08498	0.18465	0.04619
V83	0.12895	0.12953	0.07002	0.34512	0.24641	0.07997
V84	0.23024	0.03345	0.14126	0.37517	0.13804	0.08184
V85	0.50023	0.03901	0.18923	0.05256	0.09333	0.12563
V86	0.20472	0.04683	0.18729	0.27619	0.11605	0.16891
V87	0.04439	0.03465	0.05362	0.69897	0.13653	0.03184
V88	0.12016	0.04304	0.06721	0.44188	0.17165	0.15607
V89	0.12536	0.14392	0.44477	0.03199	0.07863	0.17533
V90	0.10752	0.45696	0.16675	0.05542	0.15805	0.0553
V91	0.06425	0.01909	0.05718	0.11378	0.70077	0.04494
V92	0.05039	0.05914	0.02692	0.04318	0.77824	0.04213
V93	0.19146	0.06652	0.08214	0.1148	0.34185	0.20324
V94	0.03866	0.02501	0.25444	0.5449	0.10918	0.02781
V95	0.04016	0.01771	0.27446	0.11624	0.51861	0.03282
V96	0.10823	0.27497	0.07086	0.07791	0.36121	0.10683
V97	0.04189	0.01756	0.02264	0.08525	0.80067	0.03199
V98	0.05958	0.07617	0.03977	0.58585	0.20741	0.03122
V99	0.04102	0.03469	0.03861	0.71644	0.14438	0.02486
V100	0.05097	0.01998	0.42191	0.23384	0.21939	0.05391
V101	0.06761	0.27344	0.40756	0.11209	0.0923	0.04701
V102	0.48552	0.04587	0.20239	0.05179	0.09216	0.12226
V103	0.39548	0.04928	0.11058	0.17665	0.15281	0.1152
V104	0.05573	0.01845	0.22038	0.5412	0.1272	0.03703
V105	0.23059	0.022	0.19569	0.03192	0.09514	0.42465
V106	0.10685	0.01552	0.59306	0.01613	0.07893	0.1895
V107	0.11361	0.44733	0.24992	0.04639	0.09659	0.04615
V108	0.17682	0.04308	0.12279	0.0403	0.30174	0.31527
V109	0.19085	0.02703	0.10959	0.03246	0.28739	0.35269
V110	0.08057	0.135	0.62623	0.02095	0.07743	0.05981
V111	0.04212	0.02728	0.77764	0.03154	0.07791	0.04351
V112	0.07548	0.2436	0.04464	0.46785	0.13425	0.03418
V113	0.05915	0.08019	0.55811	0.05218	0.20547	0.0449
V114	0.12299	0.01547	0.59466	0.1396	0.0734	0.05389
V115	0.30984	0.07525	0.11334	0.0633	0.2291	0.20917
V116	0.51282	0.03956	0.12765	0.09477	0.09837	0.12682
V117	0.33019	0.03465	0.0758	0.11795	0.35215	0.08924
V118	0.0929	0.46382	0.14975	0.07511	0.16688	0.05154
V119	0.10227	0.55067	0.08811	0.08571	0.11698	0.05626
V120	0.10206	0.16333	0.13105	0.35466	0.19516	0.05374
V121	0.2598	0.03387	0.10263	0.26774	0.10498	0.23099
V122	0.19684	0.04069	0.06202	0.48774	0.15617	0.05655
V123	0.28293	0.03191	0.10145	0.07794	0.24181	0.26396
V124	0.04625	0.00986	0.25894	0.03533	0.61146	0.03816
V125	0.07136	0.12793	0.58096	0.07475	0.07346	0.07154
V126	0.18373	0.22025	0.15081	0.04517	0.10575	0.29429
V127	0.06657	0.01283	0.70393	0.0961	0.07476	0.04581
V128	0.22503	0.20804	0.15914	0.16759	0.16445	0.07574
V129	0.04468	0.02726	0.72927	0.07966	0.07355	0.04558
V130	0.31704	0.12094	0.09006	0.24269	0.13831	0.09096
V131	0.07876	0.01137	0.05257	0.04774	0.71572	0.09384
V132	0.08082	0.33819	0.36824	0.03673	0.13156	0.04447
V133	0.08465	0.15564	0.49589	0.09384	0.12609	0.04389
V134	0.16149	0.44445	0.08307	0.0588	0.18469	0.0675
V135	0.09202	0.02021	0.65629	0.01716	0.1172	0.09713
V136	0.12508	0.48442	0.13103	0.06497	0.14018	0.05433
V137	0.06931	0.13223	0.47909	0.04042	0.24017	0.03878
V138	0.14639	0.01905	0.08533	0.35668	0.19348	0.19908
V139	0.10432	0.05181	0.17655	0.03755	0.46725	0.16252
V140	0.35311	0.1947	0.13499	0.10652	0.10807	0.10262
V141	0.17998	0.2122	0.16567	0.23988	0.13361	0.06867
V142	0.1419	0.48587	0.09223	0.09818	0.10845	0.07337
V143	0.08605	0.05943	0.5479	0.08444	0.1657	0.05647
V144	0.19021	0.15416	0.11592	0.14014	0.10856	0.29101
V145	0.04494	0.02097	0.04724	0.72194	0.1299	0.035
V146	0.11271	0.02073	0.0933	0.04019	0.65791	0.07517
V147	0.32915	0.08433	0.20412	0.07795	0.09342	0.21104
V148	0.06185	0.14758	0.65512	0.021	0.0682	0.04626
V149	0.15552	0.36888	0.09387	0.06642	0.10423	0.21109
V150	0.04433	0.02108	0.03191	0.71715	0.15994	0.02558
V151	0.17043	0.31333	0.09786	0.05042	0.12536	0.24259
V152	0.09342	0.18552	0.39036	0.05906	0.20316	0.06849
V153	0.04319	0.04391	0.54837	0.22296	0.10415	0.03743
V154	0.31134	0.19053	0.11989	0.04276	0.09976	0.23572
V155	0.09193	0.26464	0.11423	0.03975	0.42812	0.06132
V156	0.07288	0.33408	0.04961	0.04632	0.46052	0.03659
V157	0.14743	0.10659	0.12026	0.25764	0.12027	0.24782
V158	0.05677	0.05899	0.75633	0.01648	0.06248	0.04895
V159	0.13039	0.18922	0.31942	0.16841	0.12943	0.06313
V160	0.05981	0.01217	0.76942	0.02256	0.06081	0.07523
V161	0.07632	0.35096	0.04915	0.28587	0.20329	0.03441
V162	0.08906	0.3772	0.05334	0.14013	0.2912	0.04906
V163	0.05117	0.01309	0.81122	0.01473	0.05967	0.05013
V164	0.06909	0.26529	0.33549	0.12047	0.16641	0.04326
V165	0.07306	0.02535	0.05682	0.04829	0.71684	0.07964
V166	0.11026	0.02196	0.05123	0.14933	0.50013	0.16708
V167	0.04493	0.01624	0.37541	0.41209	0.11714	0.03419
V168	0.4005	0.04275	0.10311	0.24102	0.10411	0.10851
V169	0.05661	0.02	0.60888	0.18373	0.08301	0.04777
V170	0.27411	0.04897	0.15596	0.27207	0.16837	0.08052
V171	0.17726	0.34937	0.10873	0.04467	0.11838	0.20159
V172	0.09974	0.0692	0.48945	0.16511	0.08819	0.0883
V173	0.06952	0.02789	0.70471	0.01525	0.08167	0.10097
V174	0.36781	0.10702	0.09508	0.05183	0.28078	0.09748
V175	0.11344	0.45848	0.16649	0.06261	0.15163	0.04736
V176	0.04059	0.01229	0.80352	0.02326	0.07625	0.04409
V177	0.14341	0.07849	0.3286	0.05026	0.2474	0.15184
V178	0.05718	0.03861	0.04794	0.03483	0.77731	0.04413
V179	0.07286	0.01904	0.07768	0.51692	0.21306	0.10044
V180	0.19284	0.03045	0.22297	0.34531	0.09725	0.11118
V181	0.32637	0.11442	0.14843	0.09554	0.16404	0.15119
V182	0.05794	0.08199	0.66545	0.07274	0.06886	0.05302
V183	0.049	0.02144	0.03976	0.73455	0.12905	0.0262
V184	0.24975	0.30206	0.08831	0.07012	0.21211	0.07765
V185	0.13775	0.37788	0.09355	0.05324	0.2239	0.11367
V186	0.0384	0.01421	0.53747	0.2869	0.08989	0.03314
V187	0.20771	0.35475	0.07507	0.06436	0.23333	0.06478
V188	0.15854	0.42504	0.09581	0.06964	0.10537	0.14559
V189	0.07128	0.0633	0.17782	0.05237	0.54454	0.09069
V190	0.08516	0.14272	0.04729	0.0516	0.56863	0.10461
V191	0.14157	0.4236	0.08888	0.0545	0.11936	0.17209
V192	0.3206	0.19264	0.16525	0.06618	0.15287	0.10246
V193	0.21726	0.11952	0.12918	0.0442	0.10801	0.38184
V194	0.0516	0.02519	0.04064	0.12121	0.7192	0.04216
V195	0.04619	0.01171	0.62477	0.09695	0.17941	0.04096
V196	0.04129	0.02042	0.05181	0.6922	0.16571	0.02857
V197	0.15145	0.01576	0.05882	0.04284	0.67166	0.05947
V198	0.11888	0.29087	0.08642	0.15417	0.29642	0.05324
V199	0.06808	0.17346	0.11713	0.11404	0.48724	0.04005
V200	0.0896	0.02127	0.51314	0.20483	0.0876	0.08356
V201	0.05116	0.02104	0.03487	0.72423	0.12966	0.03904
V202	0.11399	0.06187	0.40647	0.05515	0.21775	0.14478
V203	0.34042	0.05446	0.09209	0.31454	0.10742	0.09106
V204	0.20433	0.06147	0.14178	0.17336	0.1084	0.31067
V205	0.04642	0.02792	0.78837	0.03106	0.06156	0.04467
V206	0.04662	0.05502	0.12569	0.59517	0.1506	0.0269
V207	0.25025	0.16207	0.11489	0.2324	0.1281	0.11229
V208	0.24765	0.08519	0.38938	0.06974	0.13134	0.07671
V209	0.21737	0.3561	0.09159	0.07656	0.11268	0.14569
V210	0.10187	0.03058	0.73299	0.01712	0.06287	0.05456
V211	0.32611	0.05233	0.17766	0.04499	0.24072	0.1582
V212	0.06545	0.20907	0.2073	0.31851	0.15837	0.0413
V213	0.06878	0.0627	0.24278	0.05192	0.53298	0.04084
V214	0.46639	0.05344	0.1342	0.09311	0.13164	0.12123
V215	0.13768	0.45569	0.08599	0.07692	0.1064	0.13732
V216	0.13264	0.36007	0.29884	0.04832	0.10707	0.05306
V217	0.19706	0.01832	0.11376	0.10548	0.35365	0.21172
V218	0.08709	0.2447	0.05232	0.44146	0.14053	0.03389
V219	0.4851	0.03874	0.14091	0.0448	0.10498	0.18547
V220	0.09403	0.02971	0.05429	0.65668	0.12387	0.04141
V221	0.12653	0.49716	0.09957	0.11023	0.11596	0.05055
V222	0.09811	0.21159	0.07601	0.15248	0.40677	0.05504
V223	0.13004	0.24318	0.29249	0.04013	0.11092	0.18324
V224	0.04531	0.00931	0.35423	0.02557	0.52991	0.03566
V225	0.26614	0.03222	0.14729	0.04324	0.09925	0.41187
V226	0.18563	0.05982	0.22811	0.25166	0.19722	0.07757
V227	0.37789	0.03291	0.10528	0.22679	0.1116	0.14553
V228	0.12614	0.1893	0.4247	0.07473	0.11278	0.07235
V229	0.13365	0.02484	0.34532	0.2239	0.20667	0.06562
V230	0.07894	0.13478	0.63263	0.02863	0.06896	0.05605
V231	0.06807	0.03577	0.04191	0.67413	0.14994	0.03018
V232	0.28083	0.03572	0.09255	0.27522	0.11368	0.202
V233	0.47429	0.04493	0.13691	0.10071	0.11452	0.12863
V234	0.28238	0.02368	0.06439	0.05423	0.49054	0.08478
V235	0.0845	0.02185	0.05905	0.65497	0.13987	0.03976
V236	0.09638	0.01114	0.198	0.04379	0.52924	0.12145
V237	0.04656	0.012	0.71274	0.10351	0.083	0.04219
V238	0.3842	0.03002	0.14865	0.11299	0.13123	0.1929
V239	0.31464	0.05101	0.17394	0.14814	0.20649	0.10578
V240	0.05914	0.182	0.03008	0.12884	0.56537	0.03457
V241	0.32654	0.15028	0.09383	0.18775	0.1455	0.09611
V242	0.23497	0.06318	0.12634	0.18118	0.17979	0.21454
V243	0.07584	0.29154	0.40614	0.06943	0.11405	0.043
V244	0.14495	0.02983	0.06078	0.03412	0.57548	0.15484
V245	0.4566	0.03537	0.13316	0.04337	0.11401	0.2175
V246	0.05005	0.05054	0.21362	0.31295	0.33533	0.03751
V247	0.24651	0.08791	0.1067	0.1913	0.12027	0.2473
V248	0.17544	0.04178	0.04913	0.20946	0.44949	0.07469
V249	0.1817	0.1443	0.37689	0.09959	0.08374	0.11378
V250	0.04737	0.0348	0.04033	0.71853	0.12993	0.02904
V251	0.08678	0.40592	0.1734	0.17926	0.11081	0.04384
V252	0.04298	0.02718	0.06766	0.66498	0.16501	0.0322
V253	0.1168	0.06475	0.06822	0.34957	0.22788	0.17278
V254	0.08355	0.19949	0.10386	0.18102	0.3706	0.06148
V255	0.24271	0.24289	0.14262	0.0953	0.15567	0.12081
V256	0.1013	0.57447	0.07808	0.06358	0.13127	0.05128
V257	0.09601	0.299	0.07629	0.06387	0.39817	0.06666
V258	0.068	0.18902	0.15577	0.43801	0.10882	0.04039
V259	0.08163	0.40237	0.31776	0.05479	0.09153	0.05191
V260	0.11512	0.0432	0.05366	0.04936	0.64279	0.09587
V261	0.31291	0.04313	0.11664	0.07031	0.29616	0.16085
V262	0.08516	0.02097	0.69896	0.02593	0.12226	0.04671
V263	0.05894	0.05943	0.55587	0.19235	0.08646	0.04694
V264	0.3629	0.04636	0.18994	0.07059	0.15407	0.17614
V265	0.06089	0.01105	0.01862	0.05645	0.81407	0.03892
V266	0.25702	0.05766	0.14214	0.04381	0.10727	0.39209
V267	0.15877	0.47848	0.07847	0.11221	0.11744	0.05463
V268	0.52365	0.04103	0.12726	0.05573	0.09789	0.15445
V269	0.05723	0.05515	0.13578	0.57874	0.14079	0.0323
V270	0.20614	0.35584	0.09753	0.0636	0.20952	0.06738
V271	0.15763	0.12332	0.30266	0.04435	0.10252	0.26951
V272	0.06176	0.01134	0.02386	0.09979	0.73612	0.06712
V273	0.07506	0.01229	0.06915	0.09931	0.68381	0.06037
V274	0.18843	0.02873	0.24984	0.07944	0.10025	0.35331
V275	0.40121	0.17545	0.11752	0.06278	0.10754	0.13551
V276	0.16817	0.21692	0.15332	0.10678	0.13863	0.21618
V277	0.32574	0.04359	0.11227	0.04621	0.23117	0.24102
V278	0.1195	0.1044	0.12178	0.21968	0.37812	0.05652
V279	0.20003	0.06256	0.27	0.07878	0.10533	0.2833
V280	0.09987	0.02262	0.04816	0.6522	0.1312	0.04595
V281	0.10188	0.56135	0.10033	0.08059	0.10995	0.0459
V282	0.05571	0.03906	0.02657	0.08633	0.7525	0.03983
V283	0.0732	0.31285	0.04235	0.05226	0.47746	0.04188
V284	0.08328	0.09337	0.30293	0.29432	0.13357	0.09254
V285	0.04732	0.03488	0.03354	0.71718	0.13807	0.02901
V286	0.38074	0.05698	0.16293	0.19887	0.09862	0.10186
V287	0.05737	0.01821	0.0507	0.09967	0.71735	0.05669
V288	0.17106	0.2292	0.10305	0.04625	0.21519	0.23525
V289	0.04928	0.08097	0.62591	0.10513	0.09525	0.04345
V290	0.04319	0.01816	0.21882	0.56209	0.11985	0.0379
V291	0.05881	0.04272	0.03509	0.69242	0.13667	0.03429
V292	0.12054	0.08634	0.05641	0.47283	0.21982	0.04407
V293	0.04747	0.04513	0.04653	0.04248	0.77956	0.03883
V294	0.31402	0.04988	0.0807	0.05538	0.36108	0.13894
V295	0.27095	0.02431	0.14786	0.03503	0.10721	0.41464
V296	0.09095	0.28569	0.12658	0.24906	0.16069	0.08701
V297	0.22879	0.08028	0.12716	0.04422	0.10814	0.41142
V298	0.09539	0.51729	0.18436	0.05772	0.10268	0.04256
V299	0.12642	0.07867	0.63313	0.02842	0.07689	0.05648
V300	0.42315	0.11917	0.14648	0.05256	0.09679	0.16185
V301	0.29253	0.31227	0.13646	0.06447	0.1104	0.08387
V302	0.06738	0.22039	0.09654	0.41629	0.16017	0.03925
V303	0.09192	0.47446	0.11424	0.06284	0.20979	0.04674
V304	0.05652	0.01048	0.0385	0.03489	0.8211	0.0385
V305	0.09102	0.02443	0.19826	0.36958	0.18679	0.12994
V306	0.31796	0.10989	0.12007	0.04787	0.09968	0.30453
V307	0.13838	0.02197	0.04674	0.04989	0.66032	0.0827
V308	0.04059	0.02825	0.03216	0.7359	0.13835	0.02475
V309	0.0786	0.38324	0.06176	0.32004	0.1168	0.03955
V310	0.12987	0.29328	0.28599	0.04356	0.10579	0.1415
V311	0.36771	0.03252	0.1343	0.04749	0.09848	0.31951
V312	0.11173	0.02441	0.03586	0.31101	0.46228	0.0547
V313	0.28972	0.03565	0.12468	0.07889	0.10052	0.37055
V314	0.17172	0.03241	0.05868	0.55972	0.12636	0.05111
V315	0.15201	0.48071	0.08605	0.05429	0.15653	0.0704
V316	0.25625	0.03311	0.13239	0.10242	0.11701	0.35882
V317	0.09182	0.02101	0.05324	0.57259	0.15825	0.10309
V318	0.04479	0.02793	0.06172	0.70262	0.12769	0.03526
V319	0.23078	0.16071	0.27286	0.15123	0.09888	0.08554
V320	0.18121	0.16557	0.33239	0.1245	0.09442	0.10192
V321	0.08476	0.44744	0.06009	0.24966	0.12204	0.036
V322	0.07846	0.01132	0.1066	0.04576	0.66181	0.09605
V323	0.0736	0.2217	0.03911	0.31989	0.31056	0.03514
V324	0.10791	0.04602	0.08247	0.20142	0.43689	0.12528
V325	0.12769	0.55474	0.09948	0.05691	0.1094	0.05177
V326	0.15671	0.50538	0.09482	0.05573	0.1292	0.05816
V327	0.09112	0.01406	0.76482	0.01603	0.06105	0.05291
V328	0.14157	0.16363	0.19661	0.14681	0.29745	0.05392
V329	0.04949	0.01022	0.48704	0.02211	0.38345	0.04769
V330	0.04681	0.0125	0.79203	0.02331	0.07679	0.04855
V331	0.39735	0.08739	0.15246	0.11383	0.10546	0.14351
V332	0.12121	0.06803	0.18327	0.03763	0.41765	0.1722
V333	0.05434	0.02899	0.40658	0.29755	0.16235	0.05018
V334	0.06822	0.30953	0.36568	0.12729	0.08881	0.04048
V335	0.11992	0.03029	0.66293	0.02513	0.06621	0.09551
V336	0.22854	0.42202	0.11081	0.05392	0.11248	0.07223
V337	0.08893	0.14553	0.08038	0.04436	0.60144	0.03936
V338	0.41415	0.03325	0.13646	0.04984	0.24163	0.12467
V339	0.11054	0.08668	0.36778	0.231	0.11157	0.09243
V340	0.35642	0.21937	0.10136	0.08585	0.12553	0.11147
V341	0.17323	0.05403	0.08877	0.47064	0.15438	0.05895
V342	0.09213	0.02774	0.06182	0.54233	0.16593	0.11005
V343	0.19952	0.1487	0.20409	0.0576	0.10934	0.28076
V344	0.09957	0.43792	0.06629	0.06873	0.24254	0.08495
V345	0.04593	0.01021	0.02243	0.04371	0.84421	0.0335
V346	0.12285	0.02659	0.05323	0.36085	0.37648	0.06001
V347	0.28373	0.12244	0.09479	0.10948	0.30493	0.08462
V348	0.11212	0.11449	0.55887	0.03843	0.12124	0.05485
V349	0.41204	0.08893	0.13865	0.12197	0.13194	0.10647
V350	0.272	0.05913	0.19472	0.22864	0.09726	0.14824
V351	0.25079	0.08232	0.1547	0.05982	0.11411	0.33827
V352	0.12115	0.25198	0.07407	0.03945	0.34721	0.16614
V353	0.06016	0.14743	0.66069	0.02097	0.06808	0.04267
V354	0.15054	0.05409	0.25284	0.02819	0.35507	0.15927
V355	0.04506	0.03609	0.79302	0.02338	0.06144	0.04102
V356	0.30465	0.12088	0.1133	0.22781	0.12831	0.10506
V357	0.20297	0.02563	0.38589	0.04305	0.2675	0.07496
V358	0.2205	0.02189	0.17996	0.06625	0.10575	0.40565
V359	0.12125	0.08673	0.05201	0.50504	0.18106	0.05391
V360	0.29416	0.02654	0.07939	0.20335	0.29691	0.09964
V361	0.10053	0.58659	0.07841	0.07025	0.11859	0.04563
V362	0.08369	0.38471	0.08152	0.29289	0.12154	0.03565
V363	0.41852	0.08159	0.14986	0.04353	0.18057	0.12592
V364	0.17606	0.16791	0.1082	0.06825	0.20167	0.27792
V365	0.2543	0.3059	0.09141	0.16235	0.10822	0.07782
V366	0.10613	0.19872	0.41341	0.08223	0.14599	0.05352
V367	0.05699	0.01718	0.04275	0.4834	0.35406	0.04563
V368	0.158	0.1286	0.15599	0.06486	0.225	0.26755
V369	0.06831	0.03282	0.02621	0.08631	0.71849	0.06786
V370	0.07134	0.07441	0.55786	0.13819	0.09196	0.06624
V371	0.10114	0.20717	0.06278	0.41531	0.11346	0.10015
V372	0.10411	0.46299	0.06685	0.0705	0.22735	0.0682
V373	0.48225	0.04727	0.12802	0.04593	0.09809	0.19844
V374	0.14252	0.02768	0.24664	0.41218	0.12358	0.04741
V375	0.25453	0.02924	0.23071	0.07988	0.31952	0.08613
V376	0.1818	0.06025	0.12234	0.14035	0.17081	0.32445
V377	0.0742	0.01846	0.35951	0.02526	0.47175	0.05081
V378	0.19452	0.07862	0.26634	0.02905	0.1228	0.30867
V379	0.33397	0.03671	0.2326	0.03479	0.09139	0.27054
V380	0.04675	0.0382	0.04601	0.04931	0.78093	0.03879
V381	0.22218	0.04661	0.31618	0.25276	0.09747	0.06479
V382	0.04853	0.0333	0.02688	0.1924	0.66454	0.03435
V383	0.1502	0.05	0.37382	0.2638	0.10418	0.05801
V384	0.06699	0.02828	0.71874	0.03285	0.10598	0.04715
V385	0.24971	0.03171	0.15679	0.03397	0.09875	0.42907
V386	0.35283	0.05444	0.30671	0.04333	0.13564	0.10704
V387	0.16306	0.03154	0.09392	0.54554	0.11631	0.04963
V388	0.44382	0.06766	0.23458	0.0415	0.09797	0.11445
V389	0.29647	0.09321	0.12941	0.0383	0.10734	0.33528
V390	0.07878	0.04954	0.05009	0.59203	0.15193	0.07761
V391	0.06542	0.02477	0.04597	0.47875	0.33123	0.05386
V392	0.1107	0.04884	0.45711	0.12002	0.07969	0.18365
V393	0.10117	0.12995	0.36241	0.08091	0.20109	0.12448
V394	0.04553	0.02033	0.05979	0.67256	0.17229	0.02951
V395	0.04407	0.05794	0.7722	0.02401	0.06232	0.03946
V396	0.2966	0.07488	0.08233	0.3177	0.14966	0.07883
V397	0.19693	0.16359	0.13758	0.04465	0.14005	0.31719
V398	0.10245	0.45423	0.07591	0.07031	0.24733	0.04976
V399	0.05083	0.01219	0.747	0.05561	0.07964	0.05472
V400	0.14972	0.04402	0.08043	0.36762	0.11853	0.23968
V401	0.12493	0.03014	0.57554	0.02831	0.16407	0.077
V402	0.07686	0.02937	0.04498	0.68084	0.12656	0.04139
V403	0.15172	0.01434	0.08493	0.06438	0.42566	0.25897
V404	0.0433	0.02064	0.81903	0.01529	0.05988	0.04186
V405	0.22974	0.27082	0.14624	0.08816	0.19429	0.07074
V406	0.1578	0.06519	0.22398	0.1102	0.2497	0.19313
V407	0.09509	0.02928	0.66028	0.01583	0.07453	0.125
V408	0.07456	0.10029	0.07074	0.56704	0.11663	0.07074
V409	0.51634	0.06579	0.12589	0.0493	0.09888	0.14379
V410	0.5278	0.04883	0.12478	0.04891	0.115	0.13468
V411	0.17978	0.0281	0.10677	0.25697	0.1048	0.32358
V412	0.33096	0.16386	0.13887	0.08136	0.19601	0.08894
V413	0.05281	0.10397	0.06178	0.60839	0.14336	0.02968
V414	0.09706	0.07055	0.05177	0.48607	0.25123	0.04331
V415	0.07146	0.02257	0.31166	0.33278	0.1858	0.07574
V416	0.0774	0.12208	0.04619	0.23254	0.4416	0.08018
V417	0.22623	0.02209	0.17499	0.14111	0.09732	0.33825
V418	0.05489	0.07222	0.3609	0.1325	0.32549	0.054
V419	0.23851	0.0469	0.13272	0.03541	0.10876	0.43771
V420	0.24725	0.0228	0.13378	0.04353	0.10847	0.44417
V421	0.06855	0.04771	0.07501	0.09198	0.66826	0.04849
V422	0.15949	0.22644	0.05222	0.04998	0.45587	0.05599
V423	0.07448	0.13924	0.03902	0.58567	0.12818	0.0334
V424	0.44862	0.10628	0.12714	0.10151	0.09937	0.11708
V425	0.05109	0.08689	0.03504	0.03703	0.75112	0.03883
V426	0.18787	0.05561	0.26711	0.03679	0.09877	0.35385
V427	0.29484	0.12079	0.20141	0.14822	0.11971	0.11503
V428	0.18645	0.03328	0.05445	0.55316	0.11862	0.05403
V429	0.04548	0.03094	0.11517	0.47596	0.29515	0.03731
V430	0.07461	0.07551	0.50055	0.18701	0.0964	0.06593
V431	0.0392	0.02	0.80048	0.03894	0.06137	0.03999
V432	0.07035	0.32406	0.0684	0.37102	0.13094	0.03522
V433	0.04405	0.02124	0.06762	0.71437	0.12705	0.02568
V434	0.05987	0.22797	0.17608	0.39559	0.10785	0.03265
V435	0.08164	0.01125	0.04346	0.0328	0.71148	0.11937
V436	0.47595	0.11475	0.12485	0.0645	0.09981	0.12014
V437	0.16948	0.21814	0.29184	0.04996	0.18428	0.08631
V438	0.08589	0.2833	0.04938	0.09115	0.44678	0.04349
V439	0.04724	0.01711	0.10372	0.03296	0.76199	0.03699
V440	0.12972	0.05351	0.38581	0.07232	0.25985	0.09878
V441	0.09933	0.07093	0.43967	0.15191	0.09686	0.14131
V442	0.27943	0.11963	0.22756	0.09185	0.14186	0.13967
V443	0.05036	0.01985	0.0841	0.65057	0.1551	0.04003
V444	0.41857	0.05751	0.13551	0.06663	0.1823	0.13949
V445	0.53187	0.04893	0.14114	0.04846	0.09731	0.13228
V446	0.08902	0.3971	0.27715	0.06243	0.1157	0.0586
V447	0.16573	0.19408	0.08098	0.19908	0.15396	0.20617
V448	0.05438	0.02795	0.73716	0.01737	0.12098	0.04216
V449	0.34164	0.05482	0.10412	0.27891	0.10436	0.11614
V450	0.09254	0.02024	0.59663	0.02006	0.22082	0.04971
V451	0.10013	0.04354	0.15792	0.15069	0.50277	0.04495
V452	0.12975	0.03503	0.09607	0.39435	0.16001	0.18479
V453	0.22338	0.02131	0.47835	0.122	0.08571	0.06925
V454	0.14561	0.06704	0.1391	0.47655	0.11805	0.05365
V455	0.12761	0.53047	0.10374	0.07434	0.10931	0.05452
V456	0.47769	0.03644	0.14785	0.0523	0.13794	0.14777
V457	0.19668	0.02745	0.10431	0.04113	0.30345	0.32698
V458	0.08195	0.01175	0.3753	0.03159	0.41163	0.08778
V459	0.05064	0.02905	0.51631	0.28721	0.08263	0.03415
V460	0.24783	0.07193	0.27845	0.1447	0.1226	0.1345
V461	0.19171	0.05341	0.07021	0.38324	0.22547	0.07597
V462	0.0472	0.01222	0.78153	0.03055	0.06972	0.05878
V463	0.04318	0.0313	0.03014	0.07062	0.79267	0.03209
V464	0.11598	0.53769	0.08145	0.0747	0.14378	0.0464
V465	0.24523	0.09449	0.41744	0.02948	0.12061	0.09275
V466	0.08382	0.03502	0.05161	0.59902	0.18425	0.04629
V467	0.53949	0.04188	0.13502	0.04873	0.09773	0.13716
V468	0.22635	0.09939	0.13638	0.23561	0.23451	0.06776
V469	0.06588	0.11205	0.57235	0.09826	0.08263	0.06884
V470	0.35545	0.03709	0.12085	0.10295	0.28388	0.09979
V471	0.08378	0.17327	0.46737	0.07979	0.11791	0.07787
V472	0.10157	0.35876	0.05478	0.07435	0.34963	0.06092
V473	0.10504	0.59446	0.08597	0.05907	0.11145	0.04402
V474	0.07467	0.0173	0.3426	0.42393	0.10253	0.03897
V475	0.08367	0.12439	0.25447	0.17183	0.31479	0.05084
V476	0.31084	0.04471	0.10182	0.20924	0.14653	0.18686
V477	0.11956	0.41582	0.11965	0.12169	0.12701	0.09626
V478	0.05515	0.01961	0.74946	0.03094	0.0711	0.07374
V479	0.07764	0.11208	0.62275	0.02865	0.10988	0.049
V480	0.06253	0.18677	0.04009	0.27751	0.39996	0.03314
V481	0.25706	0.09227	0.15918	0.09872	0.30291	0.08986
V482	0.38289	0.03227	0.14368	0.04877	0.09792	0.29447
V483	0.09783	0.56379	0.12473	0.06216	0.10842	0.04307
V484	0.47385	0.03726	0.17404	0.0434	0.14481	0.12665
V485	0.1865	0.11346	0.44407	0.09035	0.0864	0.07922
V486	0.1616	0.01708	0.60488	0.05164	0.06931	0.09549
V487	0.07179	0.25479	0.0427	0.04915	0.54051	0.04106
V488	0.1993	0.44649	0.09759	0.08642	0.10705	0.06315
V489	0.45082	0.05244	0.17846	0.05117	0.14478	0.12234
V490	0.23467	0.05664	0.11842	0.08561	0.12684	0.37782
V491	0.09944	0.20971	0.31363	0.03234	0.28688	0.058
V492	0.16563	0.04289	0.26686	0.10327	0.16985	0.25149
V493	0.45691	0.13569	0.11519	0.07247	0.10047	0.11927
V494	0.15765	0.04304	0.37885	0.04818	0.08213	0.29015
V495	0.17906	0.37685	0.22164	0.05987	0.10439	0.05818
V496	0.16853	0.11046	0.29142	0.02962	0.272	0.12796
V497	0.06408	0.15293	0.1582	0.06278	0.52416	0.03785
V498	0.09293	0.09258	0.31843	0.29136	0.14926	0.05545
V499	0.09794	0.44783	0.18582	0.10057	0.11511	0.05272
V500	0.28827	0.16146	0.13263	0.08683	0.22925	0.10157
V501	0.1192	0.5504	0.07977	0.07514	0.11757	0.05792
V502	0.04858	0.02016	0.02854	0.23571	0.62968	0.03733
V503	0.11459	0.24856	0.07845	0.39671	0.12194	0.03975
V504	0.11233	0.54975	0.11387	0.0562	0.1221	0.04575
V505	0.05185	0.01423	0.42706	0.32986	0.12009	0.05691
V506	0.2658	0.0328	0.1283	0.16784	0.16302	0.24225
V507	0.24154	0.02162	0.13438	0.03454	0.11775	0.45016
V508	0.09535	0.39189	0.09559	0.11339	0.25857	0.04521
V509	0.05818	0.02743	0.03848	0.62741	0.21989	0.0286
V510	0.52899	0.04064	0.12445	0.0486	0.12269	0.13463
V511	0.20236	0.02975	0.09951	0.24131	0.11299	0.31407
V512	0.09574	0.17337	0.5102	0.04813	0.09808	0.07448
V513	0.05217	0.0248	0.20576	0.07334	0.6061	0.03784
V514	0.11415	0.52232	0.12902	0.05251	0.10621	0.07579
V515	0.10205	0.28517	0.06089	0.38126	0.11509	0.05553
V516	0.04629	0.04985	0.66592	0.02622	0.16645	0.04526
V517	0.04061	0.01207	0.34386	0.20682	0.36072	0.03592
V518	0.22855	0.28771	0.10909	0.13309	0.14394	0.09762
V519	0.15603	0.38888	0.08994	0.11717	0.11396	0.13401
V520	0.3943	0.10247	0.12734	0.13789	0.0998	0.13819
V521	0.09326	0.01244	0.0329	0.04972	0.75742	0.05426
V522	0.25391	0.16047	0.09559	0.06372	0.28192	0.1444
V523	0.26598	0.15694	0.14358	0.16449	0.10871	0.16031
V524	0.08347	0.01318	0.0946	0.16674	0.54768	0.09433
V525	0.33256	0.03017	0.16261	0.05327	0.0958	0.32559
V526	0.09059	0.48913	0.1411	0.0571	0.18018	0.0419
V527	0.23144	0.02928	0.51465	0.03272	0.11584	0.07607
V528	0.48181	0.03761	0.20871	0.05087	0.09965	0.12135
V529	0.08863	0.07865	0.06038	0.59046	0.1419	0.03998
V530	0.10798	0.18175	0.31863	0.1299	0.15265	0.10909
V531	0.5332	0.0493	0.12626	0.05688	0.09862	0.13574
V532	0.10307	0.02061	0.0959	0.5169	0.21873	0.04479
V533	0.12892	0.01384	0.28678	0.04967	0.34899	0.17179
V534	0.09091	0.01987	0.05609	0.50682	0.19928	0.12703
V535	0.32004	0.06073	0.25973	0.15497	0.09949	0.10504
V536	0.05291	0.01202	0.63281	0.16827	0.0724	0.0616
V537	0.09053	0.42352	0.06794	0.24563	0.1214	0.05097
V538	0.15376	0.01999	0.09235	0.3638	0.109	0.2611
V539	0.05325	0.01951	0.04522	0.59379	0.25048	0.03776
V540	0.21736	0.0273	0.33485	0.0446	0.28097	0.09492
V541	0.06884	0.19944	0.04872	0.4984	0.13991	0.04468
V542	0.07918	0.39062	0.07369	0.24572	0.17058	0.04022
V543	0.04276	0.01074	0.54355	0.04408	0.31536	0.04351
V544	0.22292	0.04758	0.12975	0.06854	0.12659	0.40463
V545	0.08261	0.42475	0.1146	0.06739	0.2678	0.04284
V546	0.3428	0.07755	0.09327	0.26092	0.13002	0.09545
V547	0.08389	0.08231	0.03807	0.35564	0.36709	0.07299
V548	0.24057	0.03844	0.13393	0.03513	0.10868	0.44325
V549	0.11865	0.0149	0.5637	0.10074	0.0985	0.10352
V550	0.05209	0.01682	0.30855	0.02677	0.55631	0.03947
V551	0.17628	0.06901	0.1377	0.13897	0.18744	0.2906
V552	0.06978	0.04347	0.15929	0.26379	0.40293	0.06074
V553	0.48303	0.03731	0.14501	0.07708	0.12998	0.1276
V554	0.10979	0.55431	0.09852	0.05562	0.11527	0.06648
V555	0.27341	0.02674	0.11648	0.26764	0.10365	0.21208
V556	0.0799	0.02334	0.41316	0.33068	0.10475	0.04816
V557	0.12284	0.50212	0.14593	0.05865	0.11118	0.05928
V558	0.28544	0.17247	0.10572	0.15091	0.10246	0.18301
V559	0.0424	0.01151	0.01767	0.157	0.73687	0.03456
V560	0.42778	0.05815	0.12325	0.05958	0.18321	0.14803
V561	0.03952	0.02785	0.81658	0.01557	0.0598	0.04069
V562	0.31563	0.20107	0.13939	0.11251	0.10786	0.12354
V563	0.22984	0.0225	0.12493	0.10276	0.10137	0.4186
V564	0.16803	0.08066	0.08558	0.04171	0.34057	0.28344
V565	0.24119	0.02218	0.14274	0.0343	0.10865	0.45093
V566	0.20722	0.10268	0.13245	0.08415	0.13341	0.34008
V567	0.23501	0.23432	0.08258	0.23502	0.13136	0.08172
V568	0.07241	0.01171	0.03391	0.06396	0.78027	0.03774
V569	0.45176	0.06847	0.11885	0.07745	0.10702	0.17646
V570	0.40652	0.14019	0.13473	0.10007	0.10696	0.11152
V571	0.05888	0.18149	0.57548	0.039	0.10428	0.04087
V572	0.05227	0.01878	0.70342	0.03308	0.14853	0.04392
V573	0.1532	0.51318	0.08846	0.05617	0.12968	0.0593
V574	0.14339	0.01698	0.41428	0.06431	0.11496	0.24607
V575	0.09934	0.44303	0.12663	0.14738	0.1205	0.06313
V576	0.22343	0.10081	0.0718	0.03882	0.49604	0.06911
V577	0.23557	0.06004	0.06796	0.09169	0.44916	0.09557
V578	0.08164	0.01125	0.04346	0.0328	0.71148	0.11937
V579	0.06612	0.03551	0.17503	0.23883	0.44657	0.03794
V580	0.1143	0.0334	0.11611	0.34837	0.31269	0.07514
V581	0.39284	0.06464	0.16405	0.11235	0.16414	0.10199
V582	0.39236	0.04181	0.11266	0.21752	0.11104	0.12461
V583	0.11862	0.05351	0.32616	0.02476	0.28509	0.19187
V584	0.11457	0.03247	0.05872	0.32111	0.33444	0.13869
V585	0.10207	0.32988	0.25875	0.11077	0.10956	0.08898
V586	0.14949	0.50079	0.11834	0.06098	0.11372	0.05668
V587	0.17505	0.02854	0.29825	0.33063	0.10254	0.06499
V588	0.05391	0.02793	0.06887	0.68702	0.13477	0.0275
V589	0.11756	0.22239	0.30412	0.1012	0.0966	0.15812
V590	0.14238	0.05057	0.39869	0.09046	0.09073	0.22715
V591	0.44031	0.03614	0.1348	0.17003	0.108	0.11072
V592	0.08576	0.25329	0.12244	0.35173	0.14806	0.03872
V593	0.04499	0.02812	0.03945	0.73212	0.12984	0.02548
V594	0.11434	0.02128	0.0764	0.53574	0.12333	0.12891
V595	0.10657	0.21312	0.10142	0.14122	0.30472	0.13295
V596	0.06117	0.17588	0.04202	0.10082	0.5874	0.03272
V597	0.26272	0.02192	0.0821	0.04505	0.51349	0.07472
V598	0.50674	0.07194	0.12394	0.04898	0.10697	0.14143
V599	0.18153	0.02744	0.09529	0.1736	0.20085	0.32129
V600	0.30393	0.11301	0.10382	0.08833	0.16805	0.22287
V601	0.13144	0.13525	0.11409	0.34058	0.10717	0.17148
V602	0.07922	0.02582	0.12713	0.03787	0.61647	0.11349
V603	0.15472	0.29878	0.12178	0.09302	0.13202	0.19968
V604	0.0774	0.32405	0.0436	0.05286	0.46224	0.03985
V605	0.07653	0.03282	0.04486	0.0348	0.76009	0.05091
V606	0.31938	0.05294	0.30293	0.08993	0.08711	0.14771
V607	0.18837	0.05214	0.09827	0.05045	0.27698	0.33379
V608	0.13059	0.44102	0.08394	0.10961	0.12897	0.10588
V609	0.05696	0.02075	0.6055	0.19959	0.076	0.0412
V610	0.07791	0.11314	0.43583	0.17226	0.12414	0.0767
V611	0.09687	0.56851	0.0871	0.08089	0.12429	0.04234
V612	0.05335	0.16376	0.04302	0.59264	0.12127	0.02596
V613	0.37296	0.14873	0.12434	0.04447	0.09963	0.20987
V614	0.0971	0.10802	0.49158	0.02998	0.1419	0.13142
V615	0.05243	0.05256	0.06958	0.0416	0.74408	0.03975
V616	0.25905	0.30906	0.09315	0.08499	0.12795	0.12581
V617	0.04817	0.01716	0.01687	0.04393	0.83727	0.03659
V618	0.15847	0.03327	0.58589	0.02854	0.09533	0.0985
V619	0.08402	0.43816	0.19424	0.07256	0.16388	0.04714
V620	0.18064	0.02702	0.33988	0.04105	0.08482	0.3266
V621	0.0488	0.0198	0.09815	0.64273	0.15386	0.03666
V622	0.30373	0.1444	0.09329	0.04318	0.32642	0.08898
V623	0.15689	0.49093	0.09145	0.05409	0.12073	0.08591
V624	0.0864	0.42193	0.06005	0.27198	0.11509	0.04454
V625	0.08192	0.11414	0.21446	0.40462	0.12692	0.05793
V626	0.08509	0.04432	0.05558	0.19243	0.49924	0.12334
V627	0.35227	0.03239	0.0859	0.3254	0.10716	0.09689
V628	0.1359	0.06442	0.33616	0.10716	0.1799	0.17645
V629	0.07044	0.32909	0.04961	0.39015	0.12571	0.03501
V630	0.37759	0.03833	0.13731	0.08936	0.1324	0.225
V631	0.18754	0.01943	0.15834	0.15715	0.14292	0.33462
V632	0.06186	0.03599	0.14653	0.29214	0.41775	0.04574
V633	0.05293	0.14746	0.66486	0.02835	0.06817	0.03823
V634	0.42228	0.04382	0.11499	0.20964	0.10247	0.1068
V635	0.04757	0.05443	0.2494	0.50979	0.1066	0.03221
V636	0.09638	0.43355	0.06303	0.10787	0.22968	0.0695
V637	0.20583	0.06988	0.12034	0.03467	0.19661	0.37267
V638	0.0671	0.0967	0.08364	0.46615	0.24906	0.03735
V639	0.20192	0.06599	0.12578	0.06545	0.43125	0.10961
V640	0.09232	0.12083	0.44585	0.0391	0.19458	0.10731
V641	0.04693	0.07046	0.4484	0.04693	0.34894	0.03834
V642	0.19354	0.05347	0.33485	0.17398	0.08781	0.15635
V643	0.47286	0.04521	0.11223	0.12474	0.11697	0.12798
V644	0.44535	0.04318	0.11366	0.13236	0.10822	0.15723
V645	0.41443	0.04913	0.12957	0.12323	0.09877	0.18486
V646	0.05118	0.0179	0.39938	0.0248	0.46644	0.0403
V647	0.18911	0.02977	0.11426	0.30517	0.13148	0.23021
V648	0.15523	0.26267	0.19926	0.09001	0.11891	0.17392
V649	0.1178	0.02991	0.07178	0.59972	0.1344	0.04639
V650	0.17241	0.15649	0.22585	0.04211	0.34347	0.05968
V651	0.14979	0.2651	0.13724	0.06962	0.23564	0.14262
V652	0.06543	0.01979	0.13786	0.59724	0.14237	0.03731
V653	0.13533	0.32946	0.1043	0.0712	0.19533	0.16437
V654	0.46922	0.04464	0.18249	0.05163	0.12659	0.12544
V655	0.21265	0.01893	0.10094	0.09031	0.36236	0.21482
V656	0.10451	0.07508	0.54126	0.06139	0.16483	0.05294
V657	0.27064	0.0319	0.07536	0.13224	0.3401	0.14976
V658	0.04802	0.07605	0.17861	0.55606	0.11358	0.02767
V659	0.10472	0.57204	0.08553	0.0635	0.11744	0.05677
V660	0.48313	0.04667	0.12572	0.06203	0.09809	0.18436
V661	0.15554	0.01693	0.21902	0.14487	0.22002	0.24362
V662	0.43573	0.04299	0.12465	0.14753	0.10779	0.14131
V663	0.08011	0.13124	0.04305	0.07248	0.63285	0.04028
V664	0.12064	0.06272	0.63798	0.02006	0.09209	0.0665
V665	0.04755	0.01022	0.01636	0.04376	0.8454	0.03672
V666	0.26247	0.2563	0.09303	0.14151	0.13637	0.11032
V667	0.21904	0.02177	0.15489	0.07591	0.1162	0.41219
V668	0.45916	0.14299	0.12343	0.05737	0.09991	0.11714
V669	0.18808	0.10896	0.08773	0.26925	0.11458	0.2314
V670	0.11205	0.28003	0.08331	0.29499	0.12672	0.10291
V671	0.21189	0.02669	0.06542	0.52042	0.11635	0.05924
V672	0.09484	0.40371	0.05931	0.28584	0.11586	0.04043
V673	0.17077	0.1328	0.27703	0.03711	0.08818	0.2941
V674	0.4431	0.03486	0.10679	0.04391	0.25908	0.11226
V675	0.21994	0.12723	0.13245	0.03649	0.12373	0.36016
V676	0.05255	0.0203	0.11275	0.65689	0.12959	0.02793
V677	0.18179	0.29604	0.22014	0.03902	0.09345	0.16956
V678	0.15931	0.07722	0.10516	0.04126	0.4599	0.15716
V679	0.2084	0.10269	0.15625	0.05913	0.10559	0.36795
V680	0.05906	0.00962	0.33589	0.02538	0.50603	0.06403
V681	0.12412	0.50554	0.10789	0.05854	0.10664	0.09726
V682	0.12672	0.406	0.07785	0.06092	0.19467	0.13385
V683	0.06725	0.01056	0.03285	0.03359	0.77707	0.07867
V684	0.1317	0.50281	0.07593	0.11717	0.1182	0.05419
V685	0.07804	0.4228	0.26872	0.04305	0.14499	0.0424
V686	0.21526	0.029	0.44447	0.03241	0.09377	0.1851
V687	0.12483	0.20224	0.29965	0.1164	0.08981	0.16707
V688	0.29709	0.02521	0.08945	0.04554	0.37439	0.16834
V689	0.09133	0.02909	0.59332	0.11536	0.09795	0.07294
V690	0.10019	0.01991	0.06968	0.05504	0.63536	0.11983
V691	0.11411	0.34394	0.22103	0.10509	0.13506	0.08077
V692	0.3272	0.02988	0.0794	0.29933	0.17306	0.09113
V693	0.44744	0.12887	0.13018	0.06331	0.0993	0.13089
V694	0.44298	0.12786	0.12032	0.08641	0.09999	0.12245
V695	0.4626	0.03673	0.11116	0.06085	0.1836	0.14507
V696	0.11189	0.34862	0.09589	0.09381	0.29792	0.05188
V697	0.08078	0.0291	0.66594	0.05796	0.1002	0.06601
V698	0.10179	0.59011	0.07905	0.06461	0.11871	0.04573
V699	0.16363	0.03398	0.51317	0.05459	0.1435	0.09112
V700	0.12499	0.02124	0.03197	0.04368	0.72099	0.05712
V701	0.50468	0.04005	0.1353	0.0463	0.0978	0.17585
V702	0.19612	0.03605	0.1597	0.17345	0.10766	0.32703
V703	0.17294	0.35795	0.08177	0.04944	0.27646	0.06145
V704	0.26215	0.23327	0.25251	0.04017	0.10677	0.10513
V705	0.06997	0.09406	0.25675	0.16356	0.37004	0.04562
V706	0.14257	0.08959	0.34684	0.02611	0.18678	0.20811
V707	0.38408	0.04951	0.12729	0.04169	0.10826	0.28916
V708	0.06882	0.29625	0.4584	0.04645	0.08784	0.04224
V709	0.04423	0.02025	0.0303	0.66646	0.21272	0.02604
V710	0.27426	0.07164	0.17523	0.08337	0.28042	0.11508
V711	0.07975	0.18099	0.38616	0.18064	0.09385	0.07861
V712	0.06372	0.20976	0.0443	0.0474	0.59627	0.03854
V713	0.21591	0.37756	0.11373	0.07849	0.12666	0.08766
V714	0.07745	0.35471	0.3891	0.04393	0.09394	0.04087
V715	0.05753	0.02861	0.78645	0.01519	0.06145	0.05076
V716	0.14509	0.04152	0.07268	0.28017	0.27703	0.18352
V717	0.06506	0.01788	0.04314	0.03416	0.78405	0.05571
V718	0.06727	0.28898	0.04401	0.04404	0.52064	0.03506
V719	0.10444	0.54324	0.10029	0.06133	0.13584	0.05485
V720	0.19178	0.02152	0.26293	0.28893	0.12604	0.1088
V721	0.13166	0.22322	0.26067	0.03313	0.17287	0.17845
V722	0.04585	0.01021	0.02934	0.0362	0.84476	0.03364
V723	0.09389	0.46041	0.1024	0.06271	0.22464	0.05596
V724	0.09693	0.23916	0.35022	0.11378	0.15822	0.0417
V725	0.08206	0.05678	0.09327	0.13663	0.54845	0.08281
V726	0.05931	0.02637	0.47296	0.04556	0.32993	0.06587
V727	0.19103	0.0198	0.19431	0.15665	0.10471	0.3335
V728	0.05413	0.02827	0.03633	0.70527	0.12939	0.0466
V729	0.17744	0.35454	0.09086	0.07643	0.23295	0.06778
V730	0.14616	0.02016	0.15114	0.36755	0.11267	0.20232
V731	0.14865	0.05518	0.42018	0.02435	0.2401	0.11154
V732	0.12017	0.31119	0.08129	0.07918	0.31234	0.09583
V733	0.17601	0.0194	0.3009	0.192	0.14086	0.17082
V734	0.19822	0.02025	0.31805	0.02565	0.10264	0.33519
V735	0.06433	0.08449	0.05347	0.61241	0.12772	0.05758
V736	0.13043	0.38917	0.12998	0.07911	0.11671	0.15459
V737	0.04144	0.01009	0.02174	0.04368	0.85019	0.03286
V738	0.23509	0.06485	0.139	0.33568	0.1209	0.10448
V739	0.14722	0.24224	0.19672	0.06719	0.26997	0.07666
V740	0.07354	0.20164	0.34558	0.06784	0.26174	0.04966
V741	0.26842	0.13772	0.20177	0.10701	0.20855	0.07654
V742	0.20799	0.03163	0.0886	0.37181	0.2167	0.08326
V743	0.06011	0.09504	0.24941	0.28398	0.2691	0.04236
V744	0.28607	0.10571	0.11672	0.16752	0.10128	0.2227
V745	0.09364	0.37127	0.05796	0.08113	0.35363	0.04237
V746	0.48416	0.0544	0.12696	0.07045	0.11479	0.14923
V747	0.15506	0.02333	0.13793	0.06277	0.55688	0.06404
V748	0.16057	0.05916	0.2825	0.05282	0.19428	0.25068
V749	0.30771	0.03567	0.1003	0.16782	0.19788	0.19062
V750	0.04977	0.08369	0.03385	0.67095	0.13571	0.02603
V751	0.04928	0.02756	0.06049	0.67786	0.15789	0.02692
V752	0.15883	0.024	0.06972	0.09462	0.58886	0.06397
V753	0.15863	0.01562	0.10034	0.11241	0.39687	0.21613
V754	0.11711	0.3297	0.17082	0.09805	0.14446	0.13986
V755	0.23509	0.05253	0.0776	0.0599	0.45864	0.11624
V756	0.22407	0.0299	0.13167	0.04295	0.15314	0.41827
V757	0.15131	0.33945	0.09294	0.06523	0.15829	0.19278
V758	0.2206	0.45158	0.0902	0.0621	0.10737	0.06814
V759	0.12426	0.02988	0.08453	0.14618	0.53002	0.08513
V760	0.23616	0.02241	0.13963	0.05982	0.10035	0.44165
V761	0.04095	0.01657	0.32845	0.04156	0.53807	0.0344
V762	0.08609	0.01294	0.68411	0.04884	0.08971	0.0783
V763	0.06063	0.13152	0.05809	0.55867	0.15055	0.04053
