CD14.pos.CD16.neg.classical.monocyte	mature.neutrophil	memory.B.cell	cytotoxic.CD56.dim.NK.cell	memory.CD4.pos.AB.T.cell	macrophage
V1	0.15134	0.02393	0.65272	0.03628	0.04631	0.08943
V2	0.4815	0.11976	0.03185	0.10725	0.11586	0.14378
V3	0.26801	0.06138	0.16987	0.01808	0.03873	0.44392
V4	0.2516	0.36652	0.02487	0.09608	0.11139	0.14954
V5	0.08794	0.06179	0.00661	0.4873	0.29424	0.06211
V6	0.27182	0.02819	0.14582	0.05121	0.14078	0.36218
V7	0.12297	0.33784	0.02061	0.0681	0.37018	0.0803
V8	0.55595	0.06674	0.03485	0.1097	0.04742	0.18534
V9	0.30098	0.15158	0.01549	0.20078	0.07878	0.25239
V10	0.4048	0.05283	0.05869	0.25754	0.08558	0.14056
V11	0.15763	0.60796	0.03433	0.06119	0.06073	0.07817
V12	0.27783	0.04035	0.06321	0.02017	0.03615	0.5623
V13	0.14809	0.42534	0.23953	0.05557	0.0536	0.07787
V14	0.13027	0.04314	0.01381	0.63087	0.1095	0.07242
V15	0.42506	0.08449	0.02391	0.1202	0.18355	0.16278
V16	0.13622	0.02408	0.02033	0.32495	0.32566	0.16876
V17	0.26508	0.04606	0.12959	0.01486	0.03087	0.51355
V18	0.56509	0.14082	0.03853	0.05379	0.03748	0.1643
V19	0.48247	0.06666	0.15629	0.04492	0.09847	0.15119
V20	0.50305	0.07632	0.08545	0.10825	0.04836	0.17857
V21	0.28352	0.04921	0.0365	0.02204	0.06051	0.54822
V22	0.2249	0.06123	0.03154	0.09977	0.46022	0.12234
V23	0.12364	0.0205	0.2977	0.05855	0.42115	0.07845
V24	0.19931	0.02706	0.0242	0.13482	0.49044	0.12416
V25	0.39644	0.24322	0.02154	0.12734	0.07789	0.13358
V26	0.29193	0.03394	0.03628	0.05644	0.47084	0.11057
V27	0.2471	0.02824	0.15135	0.01986	0.03822	0.51522
V28	0.17992	0.22214	0.13608	0.18473	0.08077	0.19637
V29	0.15584	0.47191	0.08963	0.08691	0.04864	0.14707
V30	0.26227	0.1787	0.1043	0.03767	0.1893	0.22776
V31	0.51895	0.04691	0.15555	0.05288	0.03682	0.18889
V32	0.0915	0.03207	0.29151	0.40731	0.08195	0.09565
V33	0.25844	0.33379	0.18641	0.05385	0.04373	0.12378
V34	0.0735	0.00936	0.43478	0.06112	0.34008	0.08117
V35	0.09316	0.06512	0.16355	0.41213	0.17666	0.08938
V36	0.16133	0.40229	0.1092	0.05457	0.18222	0.09038
V37	0.12363	0.01928	0.60643	0.03572	0.04386	0.17109
V38	0.26352	0.0233	0.12453	0.01325	0.02979	0.54561
V39	0.48029	0.06037	0.02715	0.21547	0.05981	0.15691
V40	0.15056	0.40998	0.02568	0.14386	0.13695	0.13299
V41	0.53883	0.05105	0.04585	0.03871	0.03899	0.28658
V42	0.26889	0.02965	0.42072	0.03319	0.07343	0.17411
V43	0.23812	0.33561	0.02651	0.06534	0.19983	0.1346
V44	0.16236	0.6145	0.02945	0.05648	0.04956	0.08765
V45	0.37059	0.26521	0.05595	0.05155	0.05183	0.20486
V46	0.15731	0.02149	0.03164	0.22594	0.30544	0.25818
V47	0.14787	0.35163	0.02111	0.14401	0.21988	0.11551
V48	0.13061	0.4854	0.1607	0.04936	0.10392	0.07001
V49	0.15526	0.58714	0.02835	0.05607	0.09601	0.07718
V50	0.09052	0.00855	0.24745	0.05699	0.4733	0.12319
V51	0.07113	0.01292	0.03297	0.074	0.72907	0.0799
V52	0.13488	0.43893	0.20677	0.06775	0.07228	0.0794
V53	0.18959	0.01812	0.10184	0.0772	0.52186	0.09139
V54	0.1373	0.10932	0.45026	0.06755	0.10677	0.1288
V55	0.07452	0.04518	0.12526	0.0801	0.59909	0.07585
V56	0.07531	0.04353	0.61309	0.11768	0.08357	0.06682
V57	0.22986	0.29008	0.05304	0.03548	0.12793	0.26362
V58	0.0911	0.01986	0.68726	0.04735	0.04826	0.10617
V59	0.11369	0.03546	0	0.65329	0.13265	0.06491
V60	0.42733	0.04029	0.02297	0.30867	0.07162	0.12912
V61	0.32646	0.12103	0.02656	0.13581	0.08933	0.3008
V62	0.43188	0.05321	0.07856	0.11276	0.10696	0.21663
V63	0.1895	0.39569	0.02972	0.08584	0.05714	0.24211
V64	0.08101	0.10302	0.02804	0.06408	0.6476	0.07625
V65	0.44048	0.1291	0.04668	0.04893	0.06588	0.26892
V66	0.40955	0.05025	0.11812	0.05934	0.22726	0.13547
V67	0.15161	0.13449	0.24983	0.19251	0.06348	0.20809
V68	0.61645	0.0595	0.03998	0.07097	0.03734	0.17576
V69	0.46958	0.05851	0.03145	0.03282	0.04978	0.35786
V70	0.10685	0.0268	0.19352	0.46069	0.14183	0.07031
V71	0.14622	0.22131	0.04463	0.11269	0.29663	0.17853
V72	0.46306	0.12421	0.07946	0.0535	0.07943	0.20035
V73	0.12094	0.02358	0.08393	0.57466	0.12498	0.0719
V74	0.09379	0.15197	0.01252	0.57456	0.11042	0.05673
V75	0.14362	0.61506	0.02249	0.07177	0.07198	0.07509
V76	0.08542	0.01045	0.5859	0.06149	0.17916	0.07758
V77	0.16921	0.13399	0.08998	0.40119	0.0852	0.12044
V78	0.42323	0.12136	0.06214	0.11605	0.05612	0.2211
V79	0.20524	0.40841	0.03339	0.03409	0.03928	0.27959
V80	0.19775	0.42799	0.02665	0.04205	0.05176	0.2538
V81	0.53133	0.11642	0.08126	0.05172	0.04858	0.17069
V82	0.14098	0.56211	0.02564	0.08033	0.10973	0.0812
V83	0.19836	0.14182	0.03025	0.31047	0.17991	0.13919
V84	0.32804	0.03802	0.0843	0.32154	0.0936	0.13451
V85	0.5937	0.05665	0.09056	0.05279	0.03544	0.17086
V86	0.28125	0.04813	0.11491	0.22416	0.06939	0.26217
V87	0.08664	0.04175	0.02069	0.66673	0.11388	0.07032
V88	0.18286	0.04371	0.01558	0.37846	0.11883	0.26055
V89	0.17711	0.14068	0.3441	0.0311	0.0396	0.26741
V90	0.16124	0.48863	0.11034	0.05474	0.09101	0.09403
V91	0.10472	0.0222	0.06259	0.13447	0.58389	0.09213
V92	0.08288	0.0696	0.03571	0.06897	0.65444	0.08841
V93	0.26098	0.06856	0.02914	0.09609	0.22547	0.31976
V94	0.07846	0.02695	0.22887	0.51227	0.09407	0.05939
V95	0.07153	0.01804	0.28155	0.13477	0.42615	0.06797
V96	0.16181	0.3003	0.0314	0.07368	0.25101	0.18181
V97	0.07068	0.02108	0.03723	0.11343	0.6856	0.07197
V98	0.10797	0.08818	0.00839	0.55852	0.16954	0.0674
V99	0.0824	0.0427	0.00615	0.68746	0.12262	0.05868
V100	0.08782	0.01853	0.3941	0.22495	0.17505	0.09954
V101	0.11039	0.29204	0.35065	0.10703	0.06009	0.07979
V102	0.57966	0.06218	0.10301	0.05191	0.03579	0.16745
V103	0.5018	0.06146	0.03768	0.14742	0.08349	0.16814
V104	0.10308	0.01918	0.19126	0.50612	0.10582	0.07455
V105	0.27404	0.02549	0.08434	0.01314	0.02905	0.57394
V106	0.15574	0.01153	0.47863	0.02212	0.04531	0.28667
V107	0.16829	0.4752	0.18394	0.04748	0.04733	0.07776
V108	0.23315	0.04212	0.05416	0.02804	0.18145	0.46107
V109	0.24362	0.02808	0.03589	0.01934	0.16521	0.50787
V110	0.12166	0.14057	0.55068	0.03524	0.05275	0.0991
V111	0.07423	0.02779	0.7077	0.05044	0.06383	0.07601
V112	0.12716	0.27977	0.00148	0.42816	0.09638	0.06705
V113	0.09628	0.08389	0.51637	0.06633	0.15677	0.08036
V114	0.18031	0.01679	0.52179	0.13582	0.05461	0.09069
V115	0.3925	0.08007	0.03976	0.05275	0.12867	0.30625
V116	0.60839	0.05819	0.0389	0.0822	0.03876	0.17354
V117	0.43872	0.04614	0.02641	0.11155	0.23641	0.14076
V118	0.14141	0.50145	0.09715	0.0717	0.09884	0.08944
V119	0.1497	0.58782	0.03184	0.07847	0.05631	0.09586
V120	0.16342	0.17927	0.09214	0.32293	0.14386	0.09838
V121	0.33805	0.03697	0.02555	0.20359	0.05092	0.34491
V122	0.29266	0.04867	0.0148	0.43188	0.11274	0.09925
V123	0.35426	0.03675	0.02779	0.05933	0.13646	0.3854
V124	0.07805	0.00966	0.271	0.06235	0.50148	0.07745
V125	0.11168	0.13212	0.51049	0.07806	0.05025	0.1174
V126	0.2343	0.21413	0.06213	0.02763	0.04066	0.42115
V127	0.10657	0.01261	0.63666	0.1029	0.06136	0.0799
V128	0.31268	0.2216	0.09772	0.14666	0.10065	0.12069
V129	0.07764	0.02749	0.66487	0.08969	0.06037	0.07994
V130	0.42242	0.13204	0.02481	0.20285	0.0788	0.13909
V131	0.12338	0.01137	0.04971	0.06551	0.57466	0.17538
V132	0.12501	0.36654	0.30819	0.0431	0.08313	0.07403
V133	0.12971	0.16544	0.44068	0.0965	0.09129	0.07637
V134	0.22974	0.46808	0.02781	0.05629	0.10542	0.11266
V135	0.13647	0.01971	0.57176	0.03192	0.08342	0.15672
V136	0.18237	0.51736	0.0736	0.06213	0.07488	0.08966
V137	0.11056	0.14077	0.44209	0.05542	0.18053	0.07062
V138	0.20904	0.01853	0.02759	0.29338	0.12871	0.32276
V139	0.15465	0.05181	0.14123	0.04249	0.33975	0.27008
V140	0.4489	0.20354	0.05657	0.09098	0.04918	0.15083
V141	0.25922	0.22764	0.10799	0.20908	0.08325	0.11282
V142	0.20358	0.51024	0.03131	0.08621	0.04921	0.11946
V143	0.13161	0.06183	0.49408	0.09084	0.12438	0.09726
V144	0.24569	0.15142	0.0336	0.10002	0.04688	0.42239
V145	0.08789	0.02568	0.01341	0.68686	0.10943	0.07674
V146	0.17178	0.02354	0.08637	0.05974	0.52083	0.13775
V147	0.40634	0.08876	0.10549	0.0611	0.03743	0.30088
V148	0.09776	0.15451	0.58431	0.03668	0.04771	0.07901
V149	0.20881	0.37132	0.02052	0.04781	0.03973	0.31181
V150	0.08755	0.02657	8e-05	0.6883	0.137	0.0605
V151	0.22458	0.31119	0.02207	0.03424	0.05395	0.35396
V152	0.14203	0.19622	0.33805	0.06456	0.1441	0.11504
V153	0.07872	0.04479	0.50813	0.2137	0.08476	0.0699
V154	0.38664	0.18809	0.0337	0.03224	0.03502	0.32431
V155	0.1418	0.29543	0.08797	0.04975	0.31662	0.10844
V156	0.11264	0.39088	0.0271	0.05669	0.344	0.06869
V157	0.20668	0.1049	0.04906	0.20084	0.06467	0.37386
V158	0.0928	0.06085	0.67926	0.03642	0.04743	0.08324
V159	0.19326	0.20038	0.2601	0.15282	0.08714	0.10631
V160	0.09716	0.01164	0.68127	0.03966	0.04633	0.12394
V161	0.12284	0.40123	0.00888	0.26286	0.13961	0.06458
V162	0.13792	0.42431	0.01501	0.13198	0.20228	0.0885
V163	0.08725	0.01292	0.72862	0.03696	0.0487	0.08555
V164	0.11336	0.28618	0.29104	0.11667	0.1173	0.07546
V165	0.11524	0.02836	0.0565	0.06764	0.58156	0.15069
V166	0.16501	0.02081	0.02141	0.1383	0.37073	0.28374
V167	0.08457	0.01462	0.34816	0.38227	0.10157	0.06881
V168	0.50932	0.05505	0.02914	0.19625	0.05158	0.15866
V169	0.09406	0.01951	0.55544	0.17786	0.0676	0.08553
V170	0.37496	0.05727	0.09413	0.23454	0.11007	0.12904
V171	0.23602	0.35232	0.03431	0.03306	0.04914	0.29515
V172	0.14933	0.07015	0.42096	0.15077	0.06231	0.14649
V173	0.10863	0.02664	0.61468	0.0299	0.0574	0.16276
V174	0.475	0.11913	0.03475	0.05543	0.17191	0.14378
V175	0.1672	0.49342	0.10999	0.06129	0.08639	0.08172
V176	0.07259	0.01191	0.73015	0.04439	0.0636	0.07736
V177	0.20241	0.07896	0.26096	0.05051	0.16692	0.24025
V178	0.09225	0.04622	0.05834	0.0619	0.64996	0.09133
V179	0.12429	0.01844	0.04166	0.46919	0.16611	0.18032
V180	0.27472	0.03193	0.15704	0.29179	0.06471	0.17982
V181	0.41762	0.12049	0.07051	0.08061	0.08971	0.22106
V182	0.09471	0.08425	0.59816	0.08063	0.05148	0.09077
V183	0.0944	0.0273	0.00627	0.70044	0.11055	0.06104
V184	0.33676	0.32141	0.0295	0.06597	0.12444	0.12193
V185	0.1982	0.3978	0.03838	0.04829	0.13517	0.18217
V186	0.07442	0.01204	0.50151	0.26944	0.07833	0.06426
V187	0.28393	0.38444	0.02229	0.06212	0.14159	0.10562
V188	0.21431	0.43437	0.02654	0.05517	0.04228	0.22733
V189	0.11342	0.06754	0.1654	0.06574	0.42488	0.16302
V190	0.13239	0.15843	0.02908	0.0605	0.43666	0.18293
V191	0.19443	0.4336	0.02086	0.04218	0.05167	0.25726
V192	0.41553	0.20112	0.08949	0.06247	0.08213	0.14925
V193	0.26328	0.11376	0.03456	0.022	0.03787	0.52852
V194	0.0857	0.02975	0.04769	0.14263	0.60551	0.08872
V195	0.07998	0.01017	0.58397	0.10713	0.14354	0.07521
V196	0.08295	0.02493	0.02227	0.66323	0.14161	0.06501
V197	0.22667	0.02054	0.05051	0.06361	0.52921	0.10946
V198	0.1798	0.32486	0.04797	0.14516	0.20919	0.09301
V199	0.10978	0.1982	0.10417	0.12338	0.38572	0.07875
V200	0.13582	0.01991	0.44963	0.18752	0.06601	0.14112
V201	0.09663	0.02609	0	0.68599	0.10764	0.08366
V202	0.16571	0.06061	0.33729	0.05656	0.14934	0.23049
V203	0.45052	0.06554	0.02475	0.26015	0.05999	0.13906
V204	0.26204	0.06123	0.05525	0.12528	0.04859	0.44762
V205	0.0808	0.0284	0.71312	0.04975	0.05072	0.07721
V206	0.08961	0.06282	0.09735	0.56584	0.12521	0.05916
V207	0.34199	0.17075	0.0495	0.19278	0.0726	0.17237
V208	0.33329	0.09181	0.30294	0.07138	0.0821	0.11849
V209	0.29108	0.36713	0.02172	0.06255	0.0478	0.20972
V210	0.15162	0.0324	0.64445	0.03638	0.04576	0.08939
V211	0.41877	0.0596	0.10219	0.04482	0.14348	0.23115
V212	0.11228	0.23077	0.17007	0.29305	0.11661	0.07722
V213	0.11095	0.06959	0.24099	0.0721	0.42729	0.07909
V214	0.56806	0.06853	0.04951	0.08212	0.06241	0.16938
V215	0.1929	0.4649	0.01993	0.06164	0.04359	0.21704
V216	0.19038	0.38566	0.22986	0.04963	0.05814	0.08633
V217	0.26587	0.02007	0.05956	0.08929	0.23378	0.33143
V218	0.14298	0.27974	0.00951	0.40242	0.0999	0.06545
V219	0.5692	0.05413	0.04661	0.04197	0.03987	0.24823
V220	0.15782	0.03566	0.01411	0.6091	0.10004	0.08327
V221	0.1832	0.53268	0.04243	0.09974	0.05716	0.08479
V222	0.15266	0.23854	0.05057	0.15095	0.30768	0.0996
V223	0.18435	0.24633	0.20753	0.03412	0.05768	0.26999
V224	0.0756	0.00958	0.36117	0.05238	0.42992	0.07134
V225	0.31239	0.03657	0.04453	0.02098	0.03033	0.55521
V226	0.2689	0.06369	0.17443	0.22404	0.13949	0.12944
V227	0.47774	0.04351	0.02915	0.18066	0.05507	0.21386
V228	0.18364	0.19809	0.35374	0.07449	0.0733	0.11674
V229	0.19943	0.02561	0.29844	0.20762	0.15553	0.11337
V230	0.1197	0.14047	0.5575	0.04154	0.04741	0.09338
V231	0.12138	0.0431	0.00706	0.63894	0.12393	0.06558
V232	0.36685	0.04053	0.01865	0.21304	0.05877	0.30216
V233	0.57216	0.06094	0.04966	0.08677	0.05092	0.17955
V234	0.38717	0.03321	0.02916	0.06438	0.34727	0.13882
V235	0.14392	0.02649	0.02225	0.61225	0.11397	0.08112
V236	0.14437	0.0104	0.17613	0.05533	0.40278	0.21098
V237	0.08048	0.01122	0.65251	0.1105	0.06971	0.07558
V238	0.46967	0.04154	0.06053	0.08996	0.0636	0.27471
V239	0.41464	0.05957	0.10557	0.13023	0.12949	0.1605
V240	0.09744	0.21297	0.0195	0.14064	0.45811	0.07135
V241	0.42836	0.16033	0.02702	0.15823	0.08075	0.14531
V242	0.3096	0.06529	0.05444	0.14215	0.10424	0.32427
V243	0.12017	0.31253	0.34866	0.07168	0.07483	0.07212
V244	0.20786	0.03237	0.03406	0.04215	0.42427	0.25929
V245	0.53261	0.05002	0.03947	0.0381	0.04473	0.29506
V246	0.08901	0.05574	0.20066	0.30741	0.27212	0.07505
V247	0.31508	0.08959	0.02747	0.14296	0.05786	0.36704
V248	0.25957	0.04881	0.0196	0.20131	0.33917	0.13154
V249	0.25259	0.14736	0.29067	0.08905	0.04666	0.17367
V250	0.09135	0.04293	0.00553	0.68584	0.10897	0.06537
V251	0.13703	0.44113	0.12028	0.16023	0.06416	0.07717
V252	0.08512	0.03234	0.03685	0.63611	0.13875	0.07082
V253	0.17644	0.06544	0.01821	0.29649	0.15651	0.28691
V254	0.13334	0.22284	0.07733	0.17514	0.28021	0.11114
V255	0.32503	0.25315	0.07239	0.08144	0.0855	0.18248
V256	0.14879	0.61324	0.02306	0.06083	0.06537	0.08871
V257	0.14533	0.33653	0.04495	0.06775	0.2879	0.11754
V258	0.11842	0.20971	0.11597	0.3979	0.08124	0.07675
V259	0.12729	0.43124	0.25221	0.05396	0.04817	0.08711
V260	0.17417	0.04888	0.04049	0.06406	0.50177	0.17063
V261	0.40629	0.0507	0.05388	0.06463	0.18433	0.24017
V262	0.12989	0.02201	0.62885	0.04502	0.09439	0.07984
V263	0.09817	0.06116	0.50551	0.18379	0.06778	0.08359
V264	0.45084	0.05564	0.10143	0.06066	0.08003	0.2514
V265	0.0981	0.01407	0.03109	0.08503	0.68841	0.0833
V266	0.30668	0.05848	0.04298	0.0225	0.03641	0.53295
V267	0.22463	0.50919	0.02047	0.09991	0.05642	0.08937
V268	0.61066	0.05887	0.03509	0.05183	0.0354	0.20815
V269	0.105	0.06255	0.10507	0.54475	0.11535	0.06728
V270	0.28087	0.38416	0.04056	0.06089	0.1242	0.10931
V271	0.21032	0.11829	0.20172	0.03237	0.04775	0.38954
V272	0.10006	0.01289	0.02632	0.11908	0.60972	0.13193
V273	0.12007	0.01347	0.07027	0.11753	0.56119	0.11747
V274	0.24006	0.0275	0.14331	0.05113	0.04226	0.49575
V275	0.49116	0.18394	0.03503	0.05606	0.04383	0.18998
V276	0.22956	0.21859	0.0781	0.0818	0.07246	0.31948
V277	0.40402	0.05035	0.03556	0.03828	0.1262	0.3456
V278	0.18521	0.11576	0.09482	0.21235	0.28904	0.10282
V279	0.26049	0.0604	0.16916	0.05727	0.04934	0.40334
V280	0.16604	0.02749	0.00762	0.60258	0.10562	0.09065
V281	0.14961	0.60043	0.04398	0.07514	0.0515	0.07935
V282	0.09109	0.04687	0.03374	0.10997	0.63393	0.0844
V283	0.11412	0.36431	0.02069	0.06204	0.36046	0.07837
V284	0.13481	0.09528	0.25322	0.26178	0.09796	0.15695
V285	0.09118	0.04294	0	0.68561	0.11489	0.06538
V286	0.48644	0.06728	0.08309	0.16497	0.04971	0.14851
V287	0.09399	0.02077	0.05564	0.11975	0.59685	0.113
V288	0.22923	0.23131	0.03511	0.03522	0.1206	0.34852
V289	0.08451	0.08392	0.57062	0.10914	0.07488	0.07693
V290	0.08508	0.01908	0.19062	0.52649	0.10142	0.07732
V291	0.10708	0.05087	0	0.65727	0.11129	0.07348
V292	0.19202	0.09778	0.01996	0.43717	0.16895	0.08412
V293	0.07827	0.05366	0.05827	0.06957	0.6573	0.08292
V294	0.41229	0.05922	0.02785	0.05639	0.23421	0.21004
V295	0.31727	0.02959	0.04536	0.01549	0.03571	0.55656
V296	0.14229	0.31032	0.07633	0.2176	0.10489	0.14856
V297	0.27254	0.07775	0.02992	0.02063	0.03658	0.56258
V298	0.14178	0.55429	0.12514	0.05669	0.04934	0.07276
V299	0.18259	0.08184	0.54832	0.04281	0.05269	0.09173
V300	0.50941	0.12829	0.05526	0.0474	0.03591	0.22374
V301	0.37926	0.32592	0.06152	0.05874	0.04862	0.12594
V302	0.11555	0.24883	0.05849	0.38291	0.11826	0.07597
V303	0.1396	0.51762	0.06726	0.06294	0.13176	0.08081
V304	0.09129	0.01314	0.05408	0.06506	0.69387	0.08256
V305	0.14455	0.0225	0.15173	0.32502	0.13743	0.21877
V306	0.38338	0.11013	0.02875	0.03159	0.03306	0.41309
V307	0.20748	0.02596	0.03473	0.06653	0.51595	0.14934
V308	0.08175	0.0352	0	0.70631	0.11788	0.05885
V309	0.12616	0.43161	0.01323	0.28545	0.07029	0.07326
V310	0.18258	0.30336	0.20377	0.03833	0.05343	0.21853
V311	0.43364	0.04058	0.03791	0.03221	0.03204	0.42362
V312	0.17759	0.02876	0.01533	0.30257	0.37092	0.10483
V313	0.34661	0.03973	0.0296	0.04901	0.03347	0.50158
V314	0.26105	0.04036	0.01207	0.5005	0.09344	0.09259
V315	0.21508	0.50772	0.0282	0.0515	0.08316	0.11434
V316	0.3141	0.03503	0.04075	0.06682	0.04814	0.49516
V317	0.1513	0.02194	0.01077	0.51183	0.12081	0.18335
V318	0.08798	0.03339	0.02786	0.66736	0.10703	0.07638
V319	0.31637	0.16767	0.19588	0.13199	0.05576	0.13233
V320	0.25424	0.17107	0.25324	0.11007	0.0548	0.15659
V321	0.13445	0.49459	0.01099	0.22257	0.07023	0.06717
V322	0.12246	0.01105	0.10188	0.06291	0.52624	0.17545
V323	0.12254	0.25564	0.00874	0.30463	0.23849	0.06996
V324	0.16601	0.04751	0.05393	0.18853	0.32914	0.21488
V325	0.18212	0.58625	0.04041	0.05521	0.04894	0.08707
V326	0.22197	0.53157	0.03495	0.05419	0.06235	0.09496
V327	0.13711	0.01549	0.67596	0.03663	0.04708	0.08773
V328	0.20965	0.17978	0.15853	0.14122	0.21555	0.09527
V329	0.08284	0.00933	0.47173	0.04572	0.30178	0.08859
V330	0.08115	0.01195	0.71647	0.04376	0.06271	0.08396
V331	0.49066	0.09722	0.06542	0.09492	0.04624	0.20553
V332	0.17437	0.06895	0.13959	0.04037	0.29496	0.28176
V333	0.09351	0.02889	0.37447	0.27842	0.13141	0.0933
V334	0.11098	0.33497	0.30985	0.11965	0.05538	0.06918
V335	0.17183	0.031	0.56505	0.03756	0.0438	0.15076
V336	0.30474	0.43792	0.04253	0.05055	0.04911	0.11515
V337	0.13869	0.16841	0.07357	0.06332	0.47903	0.07698
V338	0.51743	0.0467	0.06345	0.05209	0.14085	0.17948
V339	0.16796	0.08802	0.30591	0.2058	0.07893	0.15338
V340	0.44968	0.22991	0.0262	0.07471	0.05838	0.16112
V341	0.26141	0.06126	0.04255	0.41917	0.11205	0.10357
V342	0.14995	0.02884	0.01866	0.48305	0.12511	0.19439
V343	0.25726	0.14411	0.11	0.04001	0.04729	0.40133
V344	0.15229	0.46819	0.01852	0.0638	0.15406	0.14313
V345	0.07605	0.01255	0.04013	0.07396	0.72236	0.07494
V346	0.19431	0.02977	0.02696	0.33981	0.29724	0.11191
V347	0.38372	0.1349	0.04345	0.1031	0.20179	0.13303
V348	0.16385	0.11996	0.48935	0.05016	0.08559	0.09109
V349	0.51585	0.10089	0.05889	0.10583	0.06638	0.15217
V350	0.36148	0.06341	0.11522	0.18539	0.05218	0.22233
V351	0.30761	0.08056	0.05962	0.03764	0.04556	0.46901
V352	0.17591	0.26935	0.0272	0.0374	0.2314	0.25874
V353	0.09576	0.15444	0.59127	0.03698	0.04792	0.07364
V354	0.21063	0.05556	0.19858	0.03385	0.2454	0.25597
V355	0.07936	0.03646	0.71831	0.04373	0.05056	0.07157
V356	0.40505	0.12974	0.04508	0.18865	0.07142	0.16005
V357	0.28084	0.03033	0.3235	0.05487	0.18871	0.12174
V358	0.26802	0.02402	0.07577	0.03736	0.03852	0.55631
V359	0.19239	0.09837	0.01108	0.46106	0.13712	0.09998
V360	0.39863	0.03489	0.02843	0.17931	0.20072	0.15803
V361	0.14698	0.62658	0.02333	0.06631	0.05647	0.08033
V362	0.13316	0.43117	0.03356	0.2623	0.07408	0.06573
V363	0.51845	0.09264	0.06884	0.04589	0.09566	0.17853
V364	0.23342	0.16567	0.03575	0.04858	0.11013	0.40645
V365	0.34291	0.32234	0.02564	0.13698	0.05095	0.12117
V366	0.15791	0.2124	0.35456	0.08361	0.10089	0.09063
V367	0.10199	0.01956	0.02233	0.46846	0.29355	0.09411
V368	0.21387	0.12647	0.08344	0.04874	0.13178	0.39569
V369	0.10941	0.03779	0.02542	0.10423	0.59134	0.13182
V370	0.11131	0.0765	0.49693	0.13333	0.06887	0.11306
V371	0.15989	0.226	0.01122	0.36023	0.07367	0.16898
V372	0.1565	0.50035	0.0191	0.06667	0.14188	0.1155
V373	0.56308	0.06169	0.03398	0.04113	0.03398	0.26615
V374	0.21567	0.03181	0.2014	0.37062	0.09522	0.08528
V375	0.34625	0.03624	0.17547	0.08299	0.22036	0.13869
V376	0.23531	0.05918	0.04311	0.09998	0.09103	0.4714
V377	0.11712	0.01931	0.35004	0.04823	0.37175	0.09355
V378	0.25025	0.07502	0.16293	0.01857	0.05776	0.43546
V379	0.40049	0.04266	0.12332	0.02589	0.03265	0.37499
V380	0.07738	0.04529	0.0583	0.07638	0.65955	0.08309
V381	0.31002	0.0518	0.24551	0.22159	0.06576	0.10532
V382	0.08295	0.03988	0.02845	0.21107	0.56273	0.07493
V383	0.22108	0.05302	0.31408	0.23732	0.07578	0.09872
V384	0.10735	0.02875	0.65002	0.05086	0.08218	0.08084
V385	0.29335	0.03502	0.05143	0.01378	0.02936	0.57706
V386	0.44784	0.0638	0.21111	0.04817	0.07499	0.15409
V387	0.24861	0.03821	0.04822	0.48809	0.08653	0.09034
V388	0.53952	0.08005	0.13459	0.04514	0.04207	0.15862
V389	0.35635	0.09235	0.03552	0.02273	0.0375	0.45555
V390	0.1346	0.05512	0.00822	0.54009	0.11736	0.14461
V391	0.11443	0.02765	0.02216	0.45857	0.27068	0.10651
V392	0.16165	0.04433	0.36214	0.10083	0.04713	0.28393
V393	0.15113	0.13301	0.30025	0.07753	0.13813	0.19995
V394	0.08916	0.02441	0.03002	0.64369	0.14647	0.06627
V395	0.07567	0.06009	0.70116	0.04368	0.04981	0.0696
V396	0.40442	0.08502	0.02294	0.26968	0.09381	0.12412
V397	0.25009	0.15751	0.051	0.02677	0.06324	0.45138
V398	0.15481	0.49664	0.03121	0.06924	0.1599	0.08822
V399	0.08601	0.0114	0.67487	0.06919	0.06427	0.09425
V400	0.2094	0.04389	0.01286	0.2896	0.06686	0.37737
V401	0.18022	0.0313	0.50283	0.04261	0.11785	0.1252
V402	0.13378	0.03549	0.0063	0.63711	0.10283	0.08449
V403	0.20516	0.01489	0.03379	0.05383	0.28315	0.40918
V404	0.0777	0.02019	0.74099	0.03792	0.05048	0.07271
V405	0.31486	0.28923	0.0853	0.08133	0.1174	0.11189
V406	0.21963	0.06475	0.15753	0.09309	0.16169	0.30332
V407	0.14004	0.02759	0.56026	0.02816	0.04884	0.19512
V408	0.12925	0.1107	0.02807	0.51304	0.08926	0.12968
V409	0.60791	0.0808	0.03482	0.04773	0.03534	0.1934
V410	0.62013	0.06712	0.0354	0.04887	0.0465	0.18198
V411	0.23561	0.02836	0.02642	0.18862	0.04852	0.47245
V412	0.4313	0.17468	0.071	0.07662	0.1134	0.13299
V413	0.09883	0.12029	0.02714	0.5731	0.11681	0.06382
V414	0.16068	0.08014	0.01973	0.45593	0.1992	0.08433
V415	0.118	0.0206	0.27516	0.30496	0.14564	0.13564
V416	0.12629	0.13649	0.02132	0.22528	0.34481	0.1458
V417	0.28457	0.0235	0.07916	0.09818	0.03967	0.47492
V418	0.09231	0.07616	0.34017	0.13742	0.2541	0.09984
V419	0.27923	0.04884	0.03198	0.01371	0.03525	0.59099
V420	0.289	0.02791	0.03235	0.0193	0.03555	0.5959
V421	0.11068	0.05449	0.07622	0.11138	0.55026	0.09697
V422	0.23291	0.25508	0.02283	0.05965	0.33202	0.0975
V423	0.12908	0.16017	0	0.543	0.0995	0.06825
V424	0.54789	0.11822	0.04187	0.08687	0.04089	0.16426
V425	0.08384	0.10234	0.04192	0.06236	0.62778	0.08177
V426	0.24003	0.05149	0.15654	0.02101	0.03851	0.49243
V427	0.3878	0.12688	0.12226	0.12508	0.06503	0.17295
V428	0.2797	0.04164	0.00578	0.49099	0.08572	0.09617
V429	0.08531	0.03454	0.09674	0.45963	0.24522	0.07857
V430	0.11877	0.07723	0.44414	0.17413	0.0725	0.11322
V431	0.07168	0.01964	0.72802	0.05722	0.05259	0.07085
V432	0.11691	0.36915	0.02411	0.33624	0.08743	0.06617
V433	0.08768	0.02571	0.03599	0.68152	0.10928	0.05982
V434	0.10583	0.2545	0.13618	0.36164	0.07878	0.06308
V435	0.12568	0.01119	0.0358	0.04903	0.56227	0.21603
V436	0.57127	0.12763	0.03801	0.05991	0.03766	0.16552
V437	0.23835	0.22979	0.22463	0.05249	0.11736	0.13738
V438	0.13415	0.32493	0.02547	0.09658	0.33725	0.08163
V439	0.07835	0.01997	0.12093	0.06194	0.64003	0.07878
V440	0.18769	0.05526	0.33119	0.0767	0.18668	0.16248
V441	0.14874	0.06873	0.36141	0.13257	0.06427	0.22427
V442	0.36618	0.1245	0.1447	0.07957	0.07888	0.20616
V443	0.09548	0.02316	0.0524	0.61603	0.12908	0.08385
V444	0.51728	0.06993	0.05553	0.06195	0.09721	0.19811
V445	0.62268	0.06776	0.04774	0.04879	0.03525	0.17778
V446	0.13674	0.42545	0.21436	0.05964	0.06565	0.09815
V447	0.23091	0.19874	0.0155	0.15761	0.08631	0.31092
V448	0.09111	0.02831	0.67246	0.03902	0.09552	0.07358
V449	0.44625	0.06492	0.03225	0.22672	0.055	0.17485
V450	0.13866	0.02147	0.54542	0.04096	0.16715	0.08634
V451	0.1568	0.0492	0.14744	0.15942	0.40106	0.08609
V452	0.19121	0.03425	0.03915	0.32722	0.10634	0.30182
V453	0.30504	0.02557	0.38871	0.11509	0.0569	0.10868
V454	0.22476	0.0744	0.09272	0.42574	0.08713	0.09526
V455	0.18221	0.56472	0.04453	0.06875	0.04954	0.09026
V456	0.56923	0.05303	0.05804	0.05097	0.06427	0.20446
V457	0.25418	0.02823	0.03509	0.02823	0.17968	0.47458
V458	0.12712	0.00965	0.34955	0.04883	0.3139	0.15095
V459	0.08866	0.02969	0.47684	0.26861	0.07093	0.06528
V460	0.33153	0.07596	0.19549	0.12324	0.07159	0.20218
V461	0.28203	0.0602	0.0254	0.33921	0.16254	0.13062
V462	0.08106	0.01177	0.7032	0.04847	0.0557	0.0998
V463	0.07201	0.0377	0.04375	0.09912	0.67605	0.07137
V464	0.16926	0.57654	0.0276	0.07072	0.0763	0.07957
V465	0.32848	0.09899	0.32313	0.03841	0.07159	0.13939
V466	0.14215	0.04118	0.01612	0.55932	0.14921	0.09202
V467	0.62882	0.06133	0.04204	0.04864	0.03511	0.18405
V468	0.3206	0.10896	0.08594	0.21118	0.16151	0.11181
V469	0.10417	0.11598	0.50664	0.09765	0.05955	0.11601
V470	0.46215	0.04826	0.06071	0.09628	0.18178	0.15082
V471	0.12829	0.17991	0.40286	0.07955	0.08117	0.12823
V472	0.15263	0.40341	0.01851	0.07381	0.24396	0.10768
V473	0.15117	0.63321	0.02968	0.05758	0.05063	0.07772
V474	0.12491	0.01703	0.30809	0.38797	0.08707	0.07492
V475	0.13434	0.13591	0.22758	0.16943	0.23955	0.0932
V476	0.40029	0.05131	0.0279	0.16424	0.07922	0.27705
V477	0.17667	0.43694	0.05939	0.10401	0.06671	0.15629
V478	0.09163	0.01906	0.66696	0.04616	0.05416	0.12202
V479	0.11881	0.11715	0.55668	0.04364	0.08008	0.08364
V480	0.10605	0.21589	0.01828	0.27265	0.31845	0.06868
V481	0.3502	0.10106	0.10611	0.09505	0.20532	0.14227
V482	0.44793	0.04122	0.04483	0.03403	0.0323	0.39969
V483	0.14301	0.605	0.06702	0.05986	0.05053	0.07458
V484	0.57011	0.05308	0.08398	0.04641	0.07091	0.17551
V485	0.25893	0.11774	0.35897	0.08653	0.05398	0.12385
V486	0.22424	0.01849	0.50419	0.05865	0.04501	0.14942
V487	0.11266	0.2948	0.02853	0.06283	0.42173	0.07945
V488	0.2739	0.46348	0.0341	0.07742	0.04755	0.10355
V489	0.54992	0.06607	0.08933	0.05177	0.07204	0.17087
V490	0.28701	0.05672	0.0275	0.05293	0.05232	0.52353
V491	0.15071	0.22704	0.27265	0.04351	0.20545	0.10065
V492	0.22206	0.04043	0.17931	0.07938	0.09903	0.37979
V493	0.55288	0.14688	0.03097	0.06444	0.03893	0.1659
V494	0.20947	0.03989	0.26381	0.03557	0.03602	0.41524
V495	0.24971	0.39718	0.15073	0.05759	0.05134	0.09346
V496	0.23628	0.11471	0.2291	0.03604	0.18278	0.20108
V497	0.10354	0.17423	0.15178	0.07901	0.41734	0.07411
V498	0.14789	0.09726	0.2756	0.26623	0.11368	0.09934
V499	0.14978	0.47899	0.12694	0.0914	0.06219	0.09069
V500	0.38388	0.17211	0.07005	0.08045	0.14067	0.15284
V501	0.17201	0.58429	0.02239	0.06904	0.05511	0.09716
V502	0.0846	0.02325	0.02798	0.25095	0.53281	0.0804
V503	0.17856	0.27966	0.03166	0.35473	0.08242	0.07297
V504	0.16128	0.58911	0.05656	0.05508	0.05959	0.07837
V505	0.09058	0.01208	0.38953	0.30428	0.0993	0.10424
V506	0.3409	0.036	0.04999	0.12738	0.08816	0.35757
V507	0.28162	0.02702	0.03299	0.01294	0.04105	0.60438
V508	0.14594	0.43579	0.05426	0.10731	0.17554	0.08116
V509	0.10649	0.03316	0.0095	0.60424	0.18244	0.06418
V510	0.62124	0.06008	0.0354	0.04906	0.05189	0.18233
V511	0.2629	0.03087	0.02012	0.17719	0.0535	0.45541
V512	0.14234	0.18004	0.43707	0.05379	0.06586	0.12092
V513	0.08676	0.02768	0.21481	0.09613	0.49781	0.0768
V514	0.16234	0.55052	0.06709	0.04881	0.04709	0.12415
V515	0.1589	0.32041	0.01152	0.3367	0.07344	0.09903
V516	0.07893	0.0511	0.61535	0.04562	0.12853	0.08047
V517	0.07421	0.01073	0.33766	0.21231	0.29377	0.07133
V518	0.31097	0.30191	0.04425	0.11274	0.07748	0.15264
V519	0.21621	0.40174	0.02405	0.09445	0.05249	0.21106
V520	0.48822	0.11215	0.04456	0.11295	0.04275	0.19937
V521	0.1451	0.01597	0.03647	0.07354	0.62189	0.10702
V522	0.33999	0.16777	0.03745	0.05826	0.17563	0.2209
V523	0.34909	0.1608	0.06608	0.13085	0.05292	0.24025
V524	0.13288	0.01185	0.08023	0.1695	0.43253	0.17301
V525	0.39787	0.03573	0.06325	0.03601	0.03253	0.43461
V526	0.13754	0.5323	0.09138	0.05783	0.10871	0.07224
V527	0.31059	0.03475	0.41793	0.04454	0.0749	0.11728
V528	0.57589	0.05401	0.10961	0.05194	0.0418	0.16675
V529	0.14949	0.08987	0.0219	0.54569	0.11329	0.07976
V530	0.16125	0.18921	0.25601	0.11643	0.10166	0.17544
V531	0.62414	0.06767	0.03542	0.0541	0.03598	0.18269
V532	0.16868	0.02341	0.06457	0.4808	0.17534	0.0872
V533	0.18374	0.01161	0.23162	0.05131	0.24449	0.27723
V534	0.14776	0.01886	0.0135	0.44848	0.14878	0.22263
V535	0.41665	0.06832	0.17299	0.13292	0.05386	0.15526
V536	0.08946	0.01011	0.57212	0.16243	0.0585	0.10738
V537	0.14116	0.46534	0.01645	0.21692	0.06904	0.09108
V538	0.21149	0.01978	0.02181	0.28094	0.05894	0.40705
V539	0.09854	0.02289	0.01808	0.57266	0.20723	0.08059
V540	0.29825	0.03135	0.27131	0.05371	0.19351	0.15187
V541	0.11871	0.2272	0.00769	0.45573	0.10446	0.08622
V542	0.12629	0.43716	0.02907	0.22203	0.11123	0.07423
V543	0.07418	0.00968	0.52239	0.06437	0.24823	0.08115
V544	0.27097	0.04788	0.03544	0.0386	0.05041	0.55671
V545	0.12696	0.47106	0.07477	0.06788	0.18111	0.07822
V546	0.45105	0.08826	0.02573	0.21647	0.07296	0.14553
V547	0.13902	0.09052	0.01041	0.33548	0.28801	0.13656
V548	0.28087	0.04136	0.03237	0.01332	0.03525	0.59685
V549	0.17266	0.01345	0.48049	0.09697	0.06945	0.16696
V550	0.08546	0.01809	0.31496	0.05284	0.45087	0.07779
V551	0.23634	0.0665	0.06268	0.1032	0.10567	0.42562
V552	0.11554	0.04688	0.14253	0.25846	0.32193	0.11468
V553	0.57976	0.05472	0.05732	0.07041	0.06074	0.17705
V554	0.15964	0.58456	0.03933	0.05217	0.05325	0.11105
V555	0.35534	0.0308	0.03944	0.20566	0.05189	0.31687
V556	0.12951	0.02307	0.37131	0.3031	0.08559	0.08742
V557	0.17742	0.53148	0.08484	0.05577	0.05294	0.09754
V558	0.36407	0.17619	0.02758	0.11687	0.044	0.2713
V559	0.07323	0.01394	0.02651	0.17967	0.63037	0.07628
V560	0.52497	0.07058	0.04291	0.05603	0.0957	0.2098
V561	0.07202	0.02822	0.74022	0.03791	0.05044	0.0712
V562	0.40686	0.20805	0.0615	0.09365	0.04951	0.18043
V563	0.27591	0.02595	0.02868	0.06201	0.03389	0.57357
V564	0.2242	0.08051	0.02591	0.0318	0.21334	0.42425
V565	0.28141	0.02716	0.03929	0.01264	0.03521	0.6043
V566	0.26027	0.09903	0.0447	0.0542	0.06036	0.48144
V567	0.32364	0.25046	0.02184	0.19833	0.07478	0.13096
V568	0.11593	0.01464	0.04453	0.09069	0.65405	0.08017
V569	0.54036	0.08062	0.03091	0.06478	0.04243	0.24091
V570	0.50459	0.15015	0.05268	0.08598	0.04781	0.15879
V571	0.09413	0.19322	0.51602	0.05085	0.07475	0.07103
V572	0.08667	0.01903	0.64721	0.05225	0.11707	0.07777
V573	0.2146	0.54197	0.02922	0.05412	0.06254	0.09755
V574	0.19545	0.01379	0.30573	0.0517	0.06484	0.36849
V575	0.15221	0.47434	0.07011	0.1297	0.06521	0.10842
V576	0.31644	0.11514	0.04022	0.05226	0.35941	0.11653
V577	0.33048	0.06914	0.0317	0.09287	0.31881	0.15701
V578	0.12568	0.01119	0.0358	0.04903	0.56227	0.21603
V579	0.11033	0.03951	0.1677	0.24226	0.36411	0.07609
V580	0.18067	0.03509	0.08516	0.32185	0.24128	0.13595
V581	0.49855	0.07593	0.08621	0.09968	0.0918	0.14781
V582	0.49704	0.05342	0.03626	0.17654	0.05497	0.18177
V583	0.16843	0.05137	0.25756	0.02776	0.19126	0.30362
V584	0.17513	0.03364	0.02072	0.28674	0.24726	0.23651
V585	0.15422	0.34832	0.19295	0.09696	0.06175	0.1458
V586	0.21198	0.52796	0.05699	0.05805	0.05266	0.09235
V587	0.25434	0.03157	0.23893	0.29101	0.07399	0.11016
V588	0.10113	0.03399	0.03584	0.65391	0.11316	0.06197
V589	0.16982	0.2253	0.22282	0.08305	0.05172	0.24728
V590	0.19601	0.04692	0.29411	0.07181	0.04767	0.34348
V591	0.54551	0.05093	0.05243	0.14119	0.05175	0.1582
V592	0.13879	0.28507	0.08105	0.31994	0.1046	0.07055
V593	0.08854	0.03523	0.00594	0.69986	0.11071	0.05972
V594	0.17844	0.02157	0.02644	0.46419	0.0877	0.22166
V595	0.1597	0.22797	0.05668	0.12531	0.20969	0.22064
V596	0.0997	0.20556	0.03489	0.11574	0.47631	0.0678
V597	0.36506	0.03122	0.05026	0.05878	0.37067	0.12401
V598	0.59916	0.08682	0.03429	0.04768	0.04075	0.19129
V599	0.23864	0.02744	0.023	0.12751	0.11305	0.47036
V600	0.37911	0.11692	0.02547	0.06782	0.08605	0.32464
V601	0.193	0.13794	0.05087	0.27863	0.06332	0.27624
V602	0.1226	0.027	0.11532	0.05251	0.48046	0.20211
V603	0.21234	0.30313	0.05041	0.07131	0.06538	0.29743
V604	0.11952	0.37778	0.02039	0.06227	0.34564	0.07439
V605	0.121	0.03893	0.05064	0.06032	0.62731	0.1018
V606	0.40707	0.05924	0.20201	0.07778	0.04155	0.21235
V607	0.24294	0.05165	0.02732	0.03327	0.16023	0.48459
V608	0.18925	0.45836	0.02376	0.09229	0.06471	0.17163
V609	0.09603	0.02053	0.55385	0.1921	0.06282	0.07467
V610	0.12292	0.1179	0.38081	0.15962	0.09006	0.12869
V611	0.14334	0.61082	0.03308	0.07593	0.06233	0.07451
V612	0.09826	0.19032	0.00531	0.55439	0.09521	0.05651
V613	0.44999	0.15138	0.03511	0.03609	0.03471	0.29272
V614	0.14345	0.10779	0.41223	0.03571	0.09454	0.20627
V615	0.08562	0.06187	0.07956	0.06792	0.62178	0.08325
V616	0.34048	0.31864	0.02283	0.07059	0.05974	0.18772
V617	0.07885	0.02122	0.03192	0.07322	0.71442	0.08037
V618	0.22091	0.03462	0.48874	0.03958	0.06225	0.15391
V619	0.13028	0.47465	0.14184	0.06987	0.10049	0.08287
V620	0.23137	0.02606	0.22177	0.02725	0.03378	0.45977
V621	0.09296	0.02283	0.0681	0.60964	0.12858	0.07789
V622	0.4038	0.15806	0.03977	0.04963	0.21031	0.13845
V623	0.2226	0.50663	0.02848	0.04959	0.05505	0.13765
V624	0.13706	0.46644	0.00947	0.2404	0.06588	0.08074
V625	0.13664	0.12352	0.17338	0.36572	0.09562	0.10513
V626	0.13552	0.04545	0.03255	0.18439	0.38635	0.21573
V627	0.46341	0.04342	0.01866	0.26687	0.06021	0.14742
V628	0.19169	0.06222	0.25935	0.09226	0.11747	0.277
V629	0.1176	0.37597	0.004	0.35316	0.08288	0.0664
V630	0.45652	0.04841	0.04804	0.06945	0.06092	0.31667
V631	0.24188	0.01973	0.07182	0.11189	0.07282	0.48186
V632	0.10475	0.03985	0.13491	0.28915	0.34034	0.091
V633	0.08724	0.15409	0.59906	0.04351	0.04919	0.06692
V634	0.53023	0.05749	0.03734	0.17181	0.04905	0.15409
V635	0.09033	0.05962	0.21949	0.47576	0.08896	0.06585
V636	0.1488	0.46964	0.01651	0.09895	0.14744	0.11867
V637	0.25593	0.06797	0.03549	0.01782	0.09811	0.52468
V638	0.11788	0.10941	0.05514	0.44285	0.19926	0.07546
V639	0.2864	0.07271	0.08802	0.07023	0.30646	0.17618
V640	0.13788	0.12432	0.38327	0.04608	0.13621	0.17224
V641	0.07962	0.07493	0.43321	0.06543	0.27417	0.07264
V642	0.26523	0.05364	0.24703	0.14471	0.04996	0.23944
V643	0.57229	0.06128	0.02939	0.10473	0.05291	0.17941
V644	0.53921	0.05713	0.02848	0.10706	0.04678	0.22135
V645	0.50255	0.061	0.0408	0.09749	0.03961	0.25855
V646	0.08495	0.01808	0.39726	0.04936	0.3727	0.07765
V647	0.25667	0.02989	0.04368	0.23894	0.07511	0.3557
V648	0.21597	0.26952	0.12351	0.07283	0.06074	0.25744
V649	0.18935	0.036	0.03097	0.54817	0.10617	0.08934
V650	0.24737	0.17253	0.18368	0.05288	0.2432	0.10034
V651	0.21102	0.27742	0.07838	0.06088	0.14654	0.22577
V652	0.1165	0.02244	0.10669	0.56042	0.11733	0.07663
V653	0.19212	0.3445	0.04396	0.05874	0.11297	0.2477
V654	0.56489	0.05999	0.08989	0.05185	0.05955	0.17383
V655	0.28382	0.02167	0.04646	0.07667	0.23733	0.33404
V656	0.15428	0.07918	0.483	0.07129	0.12188	0.09036
V657	0.36267	0.03832	0.02425	0.11659	0.22614	0.23203
V658	0.09176	0.08536	0.14861	0.52146	0.0941	0.0587
V659	0.15177	0.60813	0.02841	0.05955	0.05483	0.09731
V660	0.56837	0.06202	0.03332	0.05349	0.0354	0.2474
V661	0.21242	0.01571	0.1445	0.11485	0.13669	0.37582
V662	0.53393	0.05677	0.0402	0.12062	0.0481	0.20039
V663	0.12727	0.15278	0.03737	0.0906	0.51185	0.08013
V664	0.17504	0.06506	0.5532	0.03588	0.0637	0.10711
V665	0.07811	0.01304	0.03237	0.0736	0.72201	0.08087
V666	0.34965	0.26804	0.02638	0.11784	0.07132	0.16677
V667	0.26647	0.02401	0.05538	0.04359	0.04514	0.56541
V668	0.55473	0.1537	0.038	0.05361	0.03804	0.16191
V669	0.25405	0.10811	0.01575	0.20738	0.05853	0.35616
V670	0.16873	0.30358	0.028	0.25123	0.07577	0.17269
V671	0.31027	0.03438	0.01485	0.45573	0.08212	0.10265
V672	0.14839	0.44828	0.00889	0.25362	0.06707	0.07375
V673	0.22268	0.12608	0.17263	0.02438	0.03462	0.41961
V674	0.5495	0.05022	0.03797	0.04906	0.15174	0.16151
V675	0.26958	0.12169	0.04049	0.01832	0.04953	0.5004
V676	0.09939	0.02413	0.0827	0.62194	0.10978	0.06206
V677	0.24463	0.30258	0.13598	0.03317	0.03911	0.24453
V678	0.22561	0.08171	0.0662	0.04505	0.32488	0.25655
V679	0.25629	0.09827	0.05961	0.03351	0.03919	0.51314
V680	0.0946	0.0089	0.32982	0.04741	0.40143	0.11784
V681	0.17647	0.52492	0.0438	0.05141	0.04555	0.15785
V682	0.18167	0.42158	0.01951	0.0513	0.11095	0.215
V683	0.1062	0.01198	0.03668	0.05661	0.63711	0.15142
V684	0.18957	0.53767	0.01943	0.10484	0.05781	0.09069
V685	0.12341	0.45649	0.21282	0.04689	0.0872	0.07319
V686	0.28298	0.02985	0.33068	0.03285	0.05079	0.27285
V687	0.17849	0.20319	0.21656	0.09485	0.04639	0.26052
V688	0.38897	0.03227	0.03539	0.04665	0.24156	0.25517
V689	0.13843	0.02915	0.5249	0.11379	0.07254	0.12119
V690	0.15177	0.02067	0.05564	0.06669	0.49259	0.21263
V691	0.16738	0.36831	0.1591	0.09284	0.07936	0.13301
V692	0.43651	0.03994	0.01919	0.25166	0.11032	0.14237
V693	0.54107	0.13869	0.04317	0.05716	0.03786	0.18205
V694	0.53906	0.13861	0.03585	0.07448	0.04024	0.17176
V695	0.56019	0.0523	0.03141	0.0579	0.09521	0.20299
V696	0.16663	0.39064	0.05618	0.09056	0.2052	0.09079
V697	0.12529	0.02895	0.5924	0.06785	0.0753	0.11021
V698	0.1479	0.62985	0.0238	0.06182	0.05606	0.08057
V699	0.23042	0.03489	0.43117	0.06097	0.0981	0.14445
V700	0.19095	0.02628	0.02895	0.06576	0.57955	0.10851
V701	0.58762	0.05657	0.0408	0.04369	0.03432	0.237
V702	0.25052	0.03675	0.07023	0.12382	0.04877	0.46991
V703	0.24368	0.39154	0.03445	0.05093	0.17724	0.10216
V704	0.347	0.23976	0.16569	0.04137	0.05222	0.15397
V705	0.11547	0.10285	0.2392	0.16658	0.29015	0.08575
V706	0.19679	0.0865	0.25821	0.02523	0.11449	0.31878
V707	0.45025	0.05732	0.03187	0.02949	0.03781	0.39325
V708	0.10887	0.31766	0.39504	0.05289	0.05501	0.07053
V709	0.08683	0.02503	0.00205	0.64481	0.18017	0.06111
V710	0.36671	0.07861	0.114	0.0798	0.18278	0.17809
V711	0.12644	0.18961	0.32662	0.163	0.06349	0.13084
V712	0.10092	0.24288	0.0369	0.0638	0.47691	0.07858
V713	0.29118	0.3945	0.04609	0.06819	0.06148	0.13856
V714	0.11946	0.38549	0.32403	0.04873	0.05435	0.06794
V715	0.09575	0.02914	0.70502	0.03642	0.04812	0.08555
V716	0.20767	0.04221	0.02249	0.23654	0.1904	0.30068
V717	0.10349	0.0214	0.05191	0.06037	0.65153	0.1113
V718	0.1068	0.33709	0.02793	0.0576	0.40238	0.0682
V719	0.15217	0.58196	0.04445	0.0584	0.06996	0.09307
V720	0.27139	0.0229	0.19709	0.24672	0.08647	0.17543
V721	0.18516	0.22485	0.18303	0.02905	0.10104	0.27687
V722	0.076	0.01238	0.04786	0.06693	0.72189	0.07495
V723	0.14334	0.50168	0.05524	0.06199	0.14274	0.09502
V724	0.14939	0.25762	0.29986	0.11039	0.11025	0.07248
V725	0.13007	0.06205	0.07888	0.14259	0.43321	0.1532
V726	0.09669	0.02602	0.44588	0.0617	0.25352	0.11619
V727	0.24547	0.01994	0.09925	0.11081	0.04759	0.47695
V728	0.1017	0.03379	0	0.66468	0.10481	0.09503
V729	0.24792	0.38556	0.03919	0.07105	0.14477	0.11151
V730	0.20887	0.0187	0.08413	0.29678	0.06947	0.32204
V731	0.21028	0.05678	0.35245	0.03553	0.16667	0.1783
V732	0.17477	0.34234	0.03748	0.07397	0.20984	0.1616
V733	0.24334	0.01862	0.22213	0.15946	0.09032	0.26614
V734	0.25029	0.02018	0.20141	0.01576	0.0445	0.46786
V735	0.11489	0.09541	0.0132	0.56459	0.10106	0.11085
V736	0.18578	0.40175	0.06177	0.06362	0.05504	0.23204
V737	0.06957	0.0124	0.04049	0.07441	0.72921	0.07392
V738	0.32857	0.07021	0.07632	0.2824	0.07596	0.16653
V739	0.21401	0.26015	0.1483	0.06829	0.18239	0.12686
V740	0.11644	0.21842	0.30934	0.07488	0.19194	0.08898
V741	0.36298	0.14816	0.13774	0.10021	0.13334	0.11756
V742	0.30182	0.03627	0.04088	0.32568	0.15449	0.14086
V743	0.10397	0.10392	0.22661	0.27288	0.21147	0.08116
V744	0.36026	0.10873	0.03453	0.12624	0.04402	0.32623
V745	0.14218	0.42302	0.02467	0.08227	0.25052	0.07733
V746	0.57626	0.06921	0.03848	0.06245	0.04823	0.20537
V747	0.23045	0.0278	0.12147	0.07816	0.42836	0.11376
V748	0.21625	0.05574	0.19443	0.04181	0.11415	0.37761
V749	0.39586	0.04227	0.03021	0.13393	0.1145	0.28322
V750	0.09426	0.09817	0	0.63954	0.10956	0.05846
V751	0.0942	0.03352	0.02912	0.6487	0.13321	0.06125
V752	0.23751	0.02935	0.05391	0.10704	0.45728	0.11492
V753	0.2186	0.01601	0.05208	0.09613	0.27046	0.34671
V754	0.17206	0.34719	0.10698	0.08191	0.08212	0.20974
V755	0.32782	0.06007	0.03988	0.06494	0.32242	0.18487
V756	0.26983	0.03232	0.03752	0.02046	0.06673	0.57314
V757	0.20728	0.34811	0.02599	0.04995	0.08084	0.28783
V758	0.29749	0.46567	0.02487	0.05743	0.0451	0.10944
V759	0.18911	0.03277	0.06487	0.14909	0.41056	0.1536
V760	0.2787	0.02644	0.03787	0.03018	0.03088	0.59592
V761	0.07003	0.01757	0.33752	0.06628	0.43881	0.06978
V762	0.13074	0.01243	0.6019	0.05948	0.06703	0.12841
V763	0.10908	0.15017	0.02087	0.52039	0.11816	0.08133
V764	0.23845	0.02652	0.0913	0.17431	0.22013	0.2493
