CD19B	CD56NK	CD4MemoryT	CD14
V1	0.42209	0.10627	0.17612	0.29552
V2	0.12941	0.16869	0.11451	0.58739
V3	0.0546	0.57036	0.05727	0.31777
V4	0.68124	0.18082	0.0346	0.10334
V5	0.09386	0.47638	0.21132	0.21844
V6	0.06919	0.76867	0.04294	0.1192
V7	0.12281	0.37809	0.11719	0.38191
V8	0.12776	0.15507	0.58264	0.13453
V9	0.18897	0.28303	0.09177	0.43623
V10	0.03656	0.16566	0.64423	0.15354
V11	0.17662	0.39798	0.32256	0.10284
V12	0.03543	0.5687	0.28006	0.11581
V13	0.21578	0.63995	0.03057	0.1137
V14	0.06413	0.80254	0.03272	0.10061
V15	0.10448	0.5556	0.12493	0.21499
V16	0.71464	0.11303	0.06029	0.11204
V17	0.07867	0.7639	0.03885	0.11858
V18	0.43622	0.37243	0.0679	0.12345
V19	0.13645	0.72513	0.03154	0.10687
V20	0.13772	0.45192	0.06532	0.34504
V21	0.1273	0.18156	0.55742	0.13372
V22	0.03415	0.18455	0.21373	0.56756
V23	0.31297	0.15453	0.42991	0.10259
V24	0.75358	0.09498	0.06536	0.08609
V25	0.26226	0.29177	0.14142	0.30455
V26	0.299	0.40146	0.0547	0.24483
V27	0.09264	0.13603	0.10406	0.66726
V28	0.02673	0.18013	0.68552	0.10762
V29	0.35227	0.13839	0.38481	0.12454
V30	0.08993	0.28635	0.24077	0.38295
V31	0.16704	0.26982	0.24641	0.31673
V32	0.07434	0.11331	0.11635	0.69601
V33	0.05106	0.49806	0.2721	0.17878
V34	0.12732	0.16811	0.57002	0.13454
V35	0.13707	0.64802	0.09188	0.12302
V36	0.02659	0.15463	0.38253	0.43625
V37	0.4114	0.15614	0.12382	0.30864
V38	0.33167	0.10027	0.18502	0.38305
V39	0.13812	0.53231	0.12956	0.20001
V40	0.08651	0.73333	0.08485	0.09531
V41	0.01931	0.60953	0.0814	0.28976
V42	0.18534	0.13059	0.21226	0.47181
V43	0.12172	0.3867	0.36362	0.12797
V44	0.03421	0.19989	0.53188	0.23401
V45	0.08776	0.55699	0.18556	0.16969
V46	0.62858	0.15232	0.12637	0.09273
V47	0.34632	0.26562	0.25189	0.13617
V48	0.62787	0.23	0.03803	0.10411
V49	0.56323	0.24497	0.03638	0.15541
V50	0.0637	0.74114	0.09262	0.10253
V51	0.24641	0.42383	0.20731	0.12245
V52	0.04533	0.23122	0.58641	0.13704
V53	0.57033	0.19859	0.14217	0.08891
V54	0.33271	0.2703	0.28438	0.11261
V55	0.17596	0.21601	0.22131	0.38672
V56	0.0517	0.11316	0.1493	0.68584
V57	0.08581	0.75922	0.04295	0.11202
V58	0.49199	0.09155	0.08969	0.32677
V59	0.33211	0.42204	0.11203	0.13382
V60	0.11848	0.23876	0.27525	0.3675
V61	0.62107	0.17537	0.04785	0.15571
V62	0.69741	0.11188	0.09356	0.09715
V63	0.02718	0.73506	0.11673	0.12103
V64	0.01686	0.74834	0.03366	0.20114
V65	0.03147	0.1076	0.15807	0.70286
V66	0.17645	0.62843	0.04485	0.15026
V67	0.13755	0.38008	0.37088	0.1115
V68	0.13502	0.21087	0.09543	0.55867
V69	0.04236	0.37232	0.43876	0.14656
V70	0.41138	0.22772	0.17196	0.18894
V71	0.14535	0.17685	0.30907	0.36873
V72	0.43416	0.22838	0.11464	0.22282
V73	0.12971	0.57006	0.13269	0.16754
V74	0.0652	0.31283	0.51781	0.10416
V75	0.55278	0.09388	0.18519	0.16815
V76	0.01834	0.24599	0.19726	0.53841
V77	0.04288	0.32396	0.07759	0.55557
V78	0.23946	0.20164	0.18888	0.37003
V79	0.02688	0.22173	0.57182	0.17956
V80	0.28639	0.13658	0.40769	0.16934
V81	0.06608	0.26887	0.55534	0.10971
V82	0.02537	0.19919	0.66248	0.11296
V83	0.11869	0.24149	0.12495	0.51487
V84	0.30681	0.13729	0.17907	0.37684
V85	0.09699	0.36835	0.30693	0.22773
V86	0.0594	0.18257	0.61255	0.14547
V87	0.04128	0.72996	0.07431	0.15445
V88	0.14571	0.16368	0.24588	0.44473
V89	0.03603	0.12254	0.22079	0.62064
V90	0.03461	0.77934	0.0733	0.11276
V91	0.04439	0.66685	0.16213	0.12664
V92	0.3603	0.13156	0.30709	0.20105
V93	0.69958	0.08522	0.04558	0.16963
V94	0.02963	0.44621	0.07423	0.44992
V95	0.20366	0.44074	0.14917	0.20643
V96	0.07108	0.17494	0.10707	0.6469
V97	0.5346	0.18961	0.18171	0.09408
V98	0.53991	0.33316	0.03082	0.09611
V99	0.63054	0.12919	0.14662	0.09364
V100	0.08523	0.16813	0.6166	0.13003
V101	0.03239	0.11303	0.10653	0.74805
V102	0.73409	0.12181	0.04802	0.09609
V103	0.03015	0.13408	0.15603	0.67975
V104	0.03563	0.83174	0.03146	0.10116
V105	0.05575	0.80596	0.03708	0.10121
V106	0.10667	0.50884	0.24976	0.13473
V107	0.16197	0.28655	0.40776	0.14372
V108	0.13061	0.67847	0.09689	0.09402
V109	0.0319	0.26041	0.43402	0.27367
V110	0.05389	0.76307	0.06301	0.12003
V111	0.73605	0.07575	0.09552	0.09268
V112	0.12085	0.17381	0.34282	0.36252
V113	0.15929	0.19494	0.19076	0.45501
V114	0.20052	0.13522	0.13496	0.5293
V115	0.02095	0.68878	0.1855	0.10477
V116	0.12602	0.36458	0.28414	0.22526
V117	0.51721	0.29773	0.06243	0.12263
V118	0.13743	0.54278	0.06473	0.25506
V119	0.10677	0.16329	0.11679	0.61315
V120	0.08508	0.19926	0.59686	0.11879
V121	0.45023	0.2052	0.11481	0.22976
V122	0.77017	0.07522	0.05695	0.09767
V123	0.01874	0.49396	0.09266	0.39464
V124	0.50644	0.32536	0.03197	0.13623
V125	0.30175	0.42981	0.15754	0.11091
V126	0.04818	0.21914	0.11672	0.61596
V127	0.14557	0.15162	0.24271	0.46011
V128	0.04225	0.11532	0.16752	0.67491
V129	0.44177	0.29039	0.1522	0.11564
V130	0.02119	0.62154	0.25222	0.10505
V131	0.03224	0.77604	0.03024	0.16148
V132	0.74937	0.07682	0.06834	0.10548
V133	0.72932	0.09176	0.0812	0.09772
V134	0.09724	0.40875	0.1454	0.34861
V135	0.07867	0.12556	0.2058	0.58998
V136	0.19408	0.41111	0.05752	0.3373
V137	0.50395	0.13467	0.21316	0.14822
V138	0.17152	0.41925	0.16655	0.24268
V139	0.27132	0.27318	0.1853	0.2702
V140	0.04199	0.17253	0.12461	0.66087
V141	0.06736	0.25621	0.40287	0.27357
V142	0.6332	0.09143	0.18539	0.08998
V143	0.32681	0.30878	0.09784	0.26657
V144	0.14347	0.23481	0.17971	0.44201
V145	0.01433	0.69566	0.18517	0.10484
V146	0.06086	0.1085	0.11726	0.71339
V147	0.72252	0.09375	0.06218	0.12155
V148	0.12255	0.19188	0.42753	0.25804
V149	0.21252	0.50693	0.17993	0.10062
V150	0.08529	0.32377	0.42333	0.16761
V151	0.16915	0.58043	0.05897	0.19145
V152	0.18736	0.45341	0.18585	0.17339
V153	0.09192	0.67213	0.04846	0.18748
V154	0.1976	0.46558	0.21353	0.12329
V155	0.36542	0.23148	0.23125	0.17185
V156	0.0496	0.2533	0.49335	0.20376
V157	0.24235	0.24585	0.25323	0.25858
V158	0.03272	0.10209	0.11597	0.74922
V159	0.69556	0.13792	0.03861	0.12791
V160	0.53331	0.0942	0.10134	0.27116
V161	0.17741	0.10329	0.10891	0.61039
V162	0.06647	0.33916	0.12621	0.46816
V163	0.08675	0.48514	0.16258	0.26552
V164	0.26071	0.34644	0.12493	0.26792
V165	0.02716	0.30638	0.07583	0.59063
V166	0.02864	0.18009	0.13832	0.65295
V167	0.27842	0.0899	0.08166	0.55002
V168	0.22503	0.53903	0.09355	0.1424
V169	0.16052	0.14393	0.11012	0.58544
V170	0.10402	0.14825	0.40394	0.34378
V171	0.12279	0.32206	0.41786	0.13729
V172	0.57003	0.0983	0.23675	0.09492
V173	0.04023	0.21842	0.11281	0.62855
V174	0.03275	0.23701	0.13426	0.59599
V175	0.07277	0.15326	0.56703	0.20695
V176	0.0203	0.72896	0.14681	0.10392
V177	0.02056	0.83982	0.0268	0.11282
V178	0.01773	0.68207	0.0443	0.2559
V179	0.14714	0.1295	0.31855	0.40481
V180	0.03497	0.7831	0.08609	0.09584
V181	0.14597	0.23856	0.39449	0.22098
V182	0.24281	0.27014	0.3401	0.14696
V183	0.15245	0.7163	0.03075	0.1005
V184	0.7956	0.06739	0.05142	0.08559
V185	0.4434	0.42501	0.03862	0.09297
V186	0.10588	0.48358	0.21417	0.19636
V187	0.76434	0.07701	0.06712	0.09153
V188	0.06147	0.28276	0.07536	0.5804
V189	0.63235	0.10206	0.0602	0.2054
V190	0.52184	0.11527	0.26658	0.09631
V191	0.16195	0.29444	0.40758	0.13604
V192	0.23494	0.46551	0.07365	0.2259
V193	0.46401	0.13436	0.21183	0.18979
V194	0.04203	0.80453	0.03344	0.12001
V195	0.03308	0.17738	0.67624	0.1133
V196	0.03066	0.15391	0.10403	0.71141
V197	0.32017	0.13211	0.09147	0.45625
V198	0.06614	0.50616	0.27751	0.15019
V199	0.14526	0.12974	0.1992	0.5258
V200	0.11216	0.5315	0.05988	0.29646
V201	0.08793	0.53323	0.16886	0.20998
V202	0.03446	0.16092	0.56177	0.24284
V203	0.14299	0.45089	0.28724	0.11888
V204	0.01843	0.51324	0.061	0.40734
V205	0.03756	0.19561	0.64248	0.12435
V206	0.06051	0.22555	0.60277	0.11117
V207	0.11891	0.25594	0.11042	0.51473
V208	0.21547	0.18883	0.48211	0.1136
V209	0.23362	0.46195	0.09301	0.21142
V210	0.07814	0.68109	0.10085	0.13992
V211	0.32894	0.10477	0.09632	0.46996
V212	0.40199	0.14962	0.33493	0.11347
V213	0.48671	0.12179	0.13283	0.25867
V214	0.25537	0.24054	0.17022	0.33387
V215	0.23066	0.18111	0.08341	0.50483
V216	0.04652	0.10164	0.11475	0.73709
V217	0.04888	0.49246	0.19835	0.26031
V218	0.08637	0.45279	0.16629	0.29455
V219	0.09436	0.58485	0.05245	0.26834
V220	0.01793	0.72796	0.03941	0.21469
V221	0.63208	0.08019	0.05513	0.2326
V222	0.24995	0.23144	0.28825	0.23036
V223	0.025	0.25985	0.54423	0.17092
V224	0.78349	0.07064	0.05953	0.08634
V225	0.05507	0.76961	0.07383	0.10148
V226	0.25548	0.19904	0.43465	0.11083
V227	0.62772	0.09107	0.18111	0.1001
V228	0.59507	0.14868	0.09135	0.1649
V229	0.0395	0.17429	0.65406	0.13214
V230	0.03151	0.1146	0.11551	0.73838
V231	0.03204	0.32568	0.14699	0.49529
V232	0.04725	0.59993	0.0421	0.31071
V233	0.42968	0.18037	0.18647	0.20347
V234	0.04274	0.79324	0.05128	0.11274
V235	0.30211	0.17549	0.39725	0.12514
V236	0.05839	0.2025	0.5671	0.17201
V237	0.1384	0.10351	0.11486	0.64323
V238	0.11588	0.53543	0.20729	0.1414
V239	0.06501	0.41498	0.07497	0.44504
V240	0.38396	0.14825	0.32992	0.13788
V241	0.038	0.1638	0.63077	0.16742
V242	0.11369	0.68012	0.09803	0.10815
V243	0.20695	0.16647	0.46063	0.16595
V244	0.18296	0.14317	0.49978	0.17408
V245	0.45343	0.33338	0.07473	0.13846
V246	0.06512	0.26619	0.54119	0.1275
V247	0.15399	0.16153	0.58198	0.10251
V248	0.03777	0.12391	0.12722	0.7111
V249	0.023	0.18552	0.6243	0.16719
V250	0.61193	0.09397	0.199	0.0951
V251	0.74975	0.10976	0.04949	0.091
V252	0.02066	0.74977	0.13252	0.09705
V253	0.2816	0.16602	0.17562	0.37677
V254	0.02056	0.80954	0.06687	0.10304
V255	0.04821	0.79062	0.02786	0.1333
V256	0.15342	0.2991	0.37579	0.1717
V257	0.32351	0.19604	0.21048	0.26997
V258	0.15139	0.33302	0.31837	0.19722
V259	0.04797	0.36559	0.4453	0.14114
V260	0.02135	0.36733	0.50237	0.10895
V261	0.47074	0.13002	0.18817	0.21107
V262	0.0924	0.14185	0.10435	0.6614
V263	0.02444	0.82696	0.02836	0.12024
V264	0.14607	0.15375	0.3442	0.35598
V265	0.04315	0.11034	0.18311	0.6634
V266	0.50576	0.37372	0.0331	0.08742
V267	0.01753	0.26394	0.25193	0.46661
V268	0.29763	0.12274	0.16822	0.41142
V269	0.0216	0.54632	0.28761	0.14446
V270	0.49632	0.12734	0.21429	0.16205
V271	0.61559	0.14288	0.0707	0.17083
V272	0.05355	0.72263	0.04218	0.18164
V273	0.0602	0.11544	0.12165	0.70271
V274	0.54463	0.09352	0.17971	0.18214
V275	0.02636	0.17928	0.68106	0.1133
V276	0.38049	0.36544	0.04662	0.20746
V277	0.04301	0.27628	0.1806	0.50011
V278	0.04602	0.16651	0.27093	0.51653
V279	0.5258	0.14584	0.12704	0.20132
V280	0.03272	0.10209	0.11597	0.74922
V281	0.41256	0.12681	0.1586	0.30203
V282	0.06526	0.20451	0.5717	0.15852
V283	0.16899	0.54027	0.08563	0.20512
V284	0.03537	0.78795	0.07371	0.10297
V285	0.08051	0.16564	0.64798	0.10588
V286	0.19347	0.51992	0.11464	0.17198
V287	0.08509	0.75757	0.0396	0.11774
V288	0.02975	0.34676	0.32486	0.29863
V289	0.22461	0.29768	0.31587	0.16184
V290	0.64988	0.22215	0.0415	0.08648
V291	0.38464	0.17647	0.33326	0.10563
V292	0.74516	0.07388	0.04635	0.13462
V293	0.24772	0.14537	0.47072	0.13618
V294	0.07997	0.38641	0.06231	0.47131
V295	0.03335	0.25424	0.20116	0.51125
V296	0.15552	0.23492	0.43635	0.17321
V297	0.07411	0.10352	0.14264	0.67973
V298	0.24669	0.21506	0.42735	0.1109
V299	0.06672	0.31615	0.08313	0.534
V300	0.02111	0.13948	0.23659	0.60282
V301	0.11444	0.22992	0.46145	0.19419
V302	0.50722	0.36525	0.03086	0.09667
V303	0.01622	0.57634	0.27875	0.12869
V304	0.06349	0.16476	0.53641	0.23534
V305	0.11137	0.2561	0.34774	0.28479
V306	0.6239	0.17166	0.07502	0.12941
V307	0.02426	0.82504	0.03758	0.11313
V308	0.18313	0.30186	0.24164	0.27337
V309	0.25143	0.3474	0.07127	0.3299
V310	0.07243	0.35565	0.16391	0.408
V311	0.40199	0.47183	0.03199	0.0942
V312	0.08568	0.66524	0.13009	0.11899
V313	0.02408	0.1833	0.10768	0.68494
V314	0.02628	0.47061	0.13354	0.36956
V315	0.10386	0.57513	0.06479	0.25622
V316	0.24224	0.23359	0.29981	0.22437
V317	0.07771	0.62929	0.07163	0.22137
V318	0.04166	0.52247	0.06239	0.37348
V319	0.0659	0.19929	0.59771	0.13709
V320	0.07885	0.25549	0.46286	0.2028
V321	0.49757	0.38193	0.03277	0.08772
V322	0.15531	0.35109	0.11147	0.38213
V323	0.0599	0.11906	0.15422	0.66681
V324	0.5045	0.30358	0.08433	0.10759
V325	0.24094	0.5886	0.07203	0.09842
V326	0.013	0.52977	0.11732	0.33992
V327	0.03227	0.22162	0.15558	0.59053
V328	0.0575	0.16497	0.53516	0.24237
V329	0.14333	0.20226	0.18533	0.46907
V330	0.30189	0.12039	0.28334	0.29439
V331	0.26259	0.17095	0.10184	0.46462
V332	0.02957	0.14934	0.20826	0.61282
V333	0.32615	0.18092	0.30544	0.18749
V334	0.2768	0.1249	0.29655	0.30174
V335	0.04115	0.39003	0.36829	0.20053
V336	0.14417	0.62976	0.04711	0.17896
V337	0.22232	0.42785	0.22654	0.1233
V338	0.01047	0.85534	0.03095	0.10324
V339	0.1212	0.15863	0.60985	0.11032
V340	0.05955	0.31255	0.38322	0.24468
V341	0.03684	0.12471	0.13944	0.69901
V342	0.20643	0.13551	0.45099	0.20707
V343	0.77482	0.08231	0.05201	0.09086
V344	0.52261	0.22578	0.16172	0.08989
V345	0.03286	0.17818	0.68129	0.10768
V346	0.18423	0.21236	0.244	0.35941
V347	0.05123	0.11637	0.1759	0.6565
V348	0.05448	0.59862	0.13702	0.20988
V349	0.26633	0.25666	0.29554	0.18147
V350	0.03536	0.72131	0.14588	0.09745
V351	0.03466	0.14889	0.33273	0.48372
V352	0.05931	0.16624	0.60105	0.17339
V353	0.68552	0.09635	0.07506	0.14307
V354	0.0507	0.63325	0.18181	0.13424
V355	0.21967	0.18914	0.3513	0.23989
V356	0.04194	0.11982	0.16207	0.67618
V357	0.09928	0.37392	0.23094	0.29586
V358	0.40039	0.18548	0.09307	0.32106
V359	0.42551	0.14081	0.08507	0.34861
V360	0.42042	0.43586	0.04504	0.09868
V361	0.01571	0.48066	0.39598	0.10765
V362	0.01078	0.84989	0.0361	0.10323
V363	0.14495	0.22481	0.35384	0.2764
V364	0.1411	0.19042	0.48683	0.18164
V365	0.20821	0.11558	0.0931	0.58311
V366	0.06758	0.6162	0.10012	0.2161
V367	0.42298	0.21075	0.05446	0.31181
V368	0.07691	0.65144	0.09714	0.17451
V369	0.03304	0.4428	0.41668	0.10748
V370	0.23302	0.33676	0.30591	0.12431
V371	0.15245	0.64688	0.0498	0.15087
V372	0.13722	0.15015	0.16325	0.54938
V373	0.07659	0.24397	0.35793	0.32152
V374	0.61769	0.102	0.19031	0.08999
V375	0.04989	0.1381	0.18615	0.62586
V376	0.04237	0.12756	0.16145	0.66862
V377	0.61073	0.0727	0.06172	0.25485
V378	0.02824	0.14796	0.34122	0.48258
V379	0.25277	0.25641	0.06795	0.42286
V380	0.12774	0.17326	0.20693	0.49207
V381	0.55769	0.103	0.11698	0.22234
V382	0.08616	0.177	0.62497	0.11188
V383	0.64462	0.08447	0.08468	0.18623
V384	0.41236	0.16822	0.14558	0.27384
V385	0.66721	0.09398	0.10212	0.13668
V386	0.23323	0.11676	0.17455	0.47545
V387	0.43489	0.22827	0.17494	0.16189
V388	0.27741	0.36632	0.14421	0.21206
V389	0.31283	0.50139	0.0393	0.14648
V390	0.23527	0.3267	0.33686	0.10117
V391	0.31035	0.18538	0.07568	0.4286
V392	0.31169	0.2869	0.16069	0.24072
V393	0.21659	0.30247	0.27182	0.20912
V394	0.08237	0.28717	0.14694	0.48352
V395	0.17235	0.4134	0.17815	0.23611
V396	0.02047	0.82746	0.03187	0.12019
V397	0.59319	0.16779	0.11528	0.12374
V398	0.32849	0.2153	0.1257	0.33051
V399	0.15357	0.52585	0.14026	0.18032
V400	0.01286	0.54198	0.0992	0.34597
V401	0.0502	0.27046	0.5093	0.17003
V402	0.62033	0.23238	0.06078	0.08651
V403	0.03738	0.11881	0.14456	0.69925
V404	0.08538	0.29245	0.43967	0.1825
V405	0.17664	0.13472	0.19015	0.49849
V406	0.4781	0.29896	0.05024	0.17269
V407	0.01047	0.85534	0.03095	0.10324
V408	0.08199	0.31837	0.3077	0.29194
V409	0.02749	0.10951	0.11564	0.74736
V410	0.0789	0.7546	0.04788	0.11862
V411	0.33471	0.09325	0.07036	0.50169
V412	0.13812	0.19413	0.37568	0.29207
V413	0.05492	0.47938	0.17086	0.29485
V414	0.04479	0.5032	0.25458	0.19744
V415	0.33336	0.13698	0.21652	0.31314
V416	0.03195	0.21648	0.64496	0.1066
V417	0.29537	0.57751	0.03041	0.09671
V418	0.07066	0.1939	0.17639	0.55905
V419	0.03238	0.10304	0.12006	0.74452
V420	0.01069	0.77205	0.04256	0.1747
V421	0.14159	0.17209	0.49134	0.19499
V422	0.0509	0.14388	0.10428	0.70094
V423	0.08523	0.16813	0.6166	0.13003
V424	0.01917	0.17787	0.46402	0.33894
V425	0.06181	0.32473	0.42499	0.18848
V426	0.09062	0.18284	0.5615	0.16504
V427	0.06281	0.4173	0.18253	0.33735
V428	0.0773	0.67735	0.07775	0.1676
V429	0.03205	0.10352	0.12464	0.73979
V430	0.56483	0.23308	0.05182	0.15026
V431	0.15453	0.14789	0.35621	0.34137
V432	0.09786	0.17762	0.1171	0.60743
V433	0.05302	0.6535	0.03781	0.25567
V434	0.25441	0.16494	0.10859	0.47207
V435	0.38106	0.10999	0.14866	0.3603
V436	0.28962	0.11397	0.15083	0.44559
V437	0.18072	0.28089	0.0685	0.46989
V438	0.44933	0.23191	0.06886	0.2499
V439	0.04412	0.17463	0.10062	0.68063
V440	0.36087	0.12468	0.09285	0.4216
V441	0.06784	0.24524	0.43389	0.25303
V442	0.23627	0.3743	0.14147	0.24797
V443	0.56531	0.09027	0.12164	0.22278
V444	0.03286	0.17818	0.68129	0.10768
V445	0.47465	0.12605	0.28117	0.11814
V446	0.04112	0.72185	0.07534	0.1617
V447	0.46903	0.18653	0.16944	0.175
V448	0.03426	0.16785	0.20983	0.58807
V449	0.42338	0.14519	0.25343	0.17801
V450	0.12051	0.74919	0.03683	0.09347
V451	0.73568	0.12358	0.03666	0.10407
V452	0.04577	0.11272	0.14358	0.69793
V453	0.61822	0.15728	0.08816	0.13634
V454	0.00953	0.80898	0.06769	0.11379
V455	0.45564	0.13807	0.25675	0.14954
V456	0.2502	0.22511	0.30033	0.22436
V457	0.02771	0.11426	0.10988	0.74815
V458	0.20463	0.28105	0.06524	0.44907
V459	0.02562	0.69634	0.10264	0.1754
V460	0.75721	0.07713	0.0676	0.09806
V461	0.06067	0.11934	0.10689	0.71309
V462	0.25894	0.29468	0.05439	0.39199
V463	0.19537	0.4713	0.14726	0.18607
V464	0.37417	0.18183	0.06069	0.38331
V465	0.29818	0.43311	0.05927	0.20944
V466	0.43067	0.25058	0.04982	0.26893
V467	0.2413	0.5385	0.09232	0.12789
V468	0.37171	0.41565	0.07325	0.13939
V469	0.03306	0.26351	0.25116	0.45227
V470	0.40347	0.21375	0.17214	0.21064
V471	0.20598	0.18939	0.09976	0.50487
V472	0.24155	0.35756	0.05052	0.35038
V473	0.09014	0.53392	0.25549	0.12045
V474	0.10725	0.10463	0.16089	0.62723
V475	0.14588	0.41026	0.11091	0.33295
V476	0.13848	0.11424	0.12701	0.62027
V477	0.44721	0.13764	0.19578	0.21937
V478	0.11171	0.54353	0.04866	0.2961
V479	0.03671	0.22059	0.56387	0.17884
V480	0.07344	0.3427	0.10186	0.482
V481	0.13632	0.16255	0.58363	0.1175
V482	0.52114	0.23474	0.12057	0.12355
V483	0.11279	0.19416	0.13079	0.56226
V484	0.03599	0.15506	0.11434	0.69461
V485	0.10253	0.65343	0.0449	0.19914
V486	0.20527	0.31805	0.14298	0.3337
V487	0.07293	0.14003	0.15022	0.63682
V488	0.02252	0.16184	0.62194	0.19369
V489	0.1826	0.22343	0.48055	0.11342
V490	0.25201	0.35101	0.10139	0.29559
V491	0.33095	0.46506	0.05735	0.14663
V492	0.03392	0.74038	0.12213	0.10357
V493	0.03388	0.10108	0.10661	0.75843
V494	0.16195	0.25974	0.37953	0.19878
V495	0.17866	0.57706	0.1288	0.11548
V496	0.21509	0.62315	0.02655	0.13522
V497	0.03369	0.17202	0.68099	0.11329
V498	0.23784	0.19005	0.10711	0.46501
V499	0.46396	0.31734	0.12484	0.09386
V500	0.09702	0.24707	0.51367	0.14224
V501	0.0274	0.10408	0.12458	0.74394
V502	0.40724	0.32907	0.14496	0.11873
V503	0.15941	0.19695	0.20162	0.44203
V504	0.18334	0.62593	0.04066	0.15007
V505	0.15792	0.28976	0.22212	0.3302
V506	0.08263	0.32991	0.33733	0.25013
V507	0.45186	0.19047	0.13407	0.2236
V508	0.56671	0.23513	0.0689	0.12927
V509	0.1865	0.18379	0.38083	0.24888
V510	0.18188	0.51184	0.2045	0.10179
V511	0.04788	0.42568	0.09366	0.43279
V512	0.19171	0.14626	0.13346	0.52858
V513	0.07061	0.59531	0.17826	0.15582
V514	0.03125	0.14397	0.10246	0.72232
V515	0.57885	0.14671	0.08217	0.19227
V516	0.71867	0.15475	0.0351	0.09148
V517	0.0465	0.14025	0.24671	0.56654
V518	0.76615	0.09648	0.0465	0.09087
V519	0.0336	0.74873	0.03675	0.18092
V520	0.04302	0.14014	0.46451	0.35233
V521	0.43174	0.14929	0.29716	0.12181
V522	0.0251	0.24387	0.42291	0.30812
V523	0.26585	0.22419	0.22416	0.2858
V524	0.01856	0.69113	0.16293	0.12738
V525	0.19642	0.26795	0.08523	0.4504
V526	0.47591	0.16865	0.10436	0.25108
V527	0.17091	0.14491	0.3219	0.36227
V528	0.0837	0.74821	0.02929	0.1388
V529	0.06469	0.16975	0.22342	0.54213
V530	0.02586	0.30692	0.47774	0.18948
V531	0.02606	0.76709	0.11049	0.09637
V532	0.13987	0.35779	0.07898	0.42336
V533	0.21284	0.38264	0.14242	0.2621
V534	0.02737	0.15561	0.51949	0.29753
V535	0.41692	0.08248	0.07427	0.42633
V536	0.16288	0.12009	0.31254	0.4045
V537	0.44204	0.31386	0.14397	0.10012
V538	0.33756	0.14921	0.12596	0.38727
V539	0.20366	0.44074	0.14917	0.20643
V540	0.16037	0.62356	0.0871	0.12896
V541	0.02572	0.48874	0.10412	0.38142
V542	0.15917	0.22567	0.22765	0.38751
V543	0.6881	0.07797	0.05574	0.17819
V544	0.09547	0.18803	0.19142	0.52508
V545	0.27102	0.22229	0.11066	0.39604
V546	0.04929	0.76868	0.07937	0.10266
V547	0.04447	0.60084	0.23967	0.11502
V548	0.13029	0.67813	0.09023	0.10135
V549	0.26542	0.15924	0.46323	0.11211
V550	0.4388	0.11216	0.06078	0.38826
V551	0.14541	0.65512	0.05506	0.14441
V552	0.0111	0.50568	0.06208	0.42114
V553	0.1886	0.25665	0.43346	0.12128
V554	0.05881	0.1673	0.11141	0.66248
V555	0.081	0.30538	0.27311	0.34051
V556	0.02324	0.18252	0.65496	0.13928
V557	0.62416	0.10846	0.05521	0.21217
V558	0.06299	0.68767	0.05517	0.19417
V559	0.02041	0.72135	0.16085	0.09739
V560	0.52992	0.34802	0.03025	0.09181
V561	0.02636	0.17928	0.68106	0.1133
V562	0.59769	0.09288	0.13574	0.17369
V563	0.21031	0.14824	0.53535	0.1061
V564	0.06634	0.21673	0.5948	0.12213
V565	0.10998	0.33174	0.28965	0.26863
V566	0.519	0.17732	0.04977	0.25391
V567	0.16959	0.44545	0.06776	0.3172
V568	0.19276	0.10449	0.12286	0.57989
V569	0.51306	0.11058	0.05134	0.32502
V570	0.04197	0.3642	0.43294	0.16089
V571	0.6257	0.19596	0.0365	0.14184
V572	0.34435	0.12797	0.34678	0.1809
V573	0.06426	0.23875	0.08399	0.613
V574	0.04384	0.69732	0.14553	0.11331
V575	0.03384	0.17719	0.17169	0.61729
V576	0.13008	0.70747	0.0553	0.10715
V577	0.04861	0.15149	0.22304	0.57686
V578	0.06132	0.2009	0.48998	0.2478
V579	0.01916	0.76175	0.09813	0.12097
V580	0.13119	0.11145	0.1622	0.59516
V581	0.06446	0.15821	0.09551	0.68182
V582	0.42601	0.22529	0.06998	0.27872
V583	0.02622	0.17587	0.445	0.3529
V584	0.3876	0.24502	0.23937	0.12801
V585	0.02942	0.13825	0.36336	0.46897
V586	0.1974	0.14693	0.4752	0.18046
V587	0.22489	0.15011	0.49556	0.12944
V588	0.46615	0.12788	0.07987	0.3261
V589	0.05265	0.70888	0.08355	0.15492
V590	0.05139	0.68325	0.1615	0.10386
V591	0.02442	0.14425	0.21921	0.61212
V592	0.14542	0.17605	0.57578	0.10275
V593	0.43912	0.09813	0.18779	0.27496
V594	0.256	0.3479	0.25744	0.13865
V595	0.03869	0.11445	0.11477	0.73209
V596	0.04355	0.33832	0.20942	0.40871
V597	0.01358	0.55682	0.25741	0.17219
V598	0.0349	0.24909	0.59359	0.12242
V599	0.47148	0.3583	0.05615	0.11407
V600	0.26645	0.46932	0.07428	0.18996
V601	0.13205	0.3216	0.12201	0.42434
V602	0.03911	0.11354	0.10907	0.73828
V603	0.0217	0.38898	0.0777	0.51162
V604	0.38901	0.21832	0.27143	0.12124
V605	0.06554	0.38341	0.30229	0.24875
V606	0.54203	0.22517	0.0489	0.1839
V607	0.48685	0.10673	0.13383	0.27259
V608	0.17646	0.25746	0.29841	0.26767
V609	0.03849	0.3066	0.21794	0.43697
V610	0.58051	0.10828	0.1181	0.19311
V611	0.22506	0.103	0.11733	0.5546
V612	0.0443	0.22826	0.56248	0.16497
V613	0.04841	0.39399	0.41754	0.14006
V614	0.5707	0.14658	0.08283	0.19989
V615	0.11543	0.14229	0.09376	0.64852
V616	0.06756	0.63077	0.07253	0.22914
V617	0.36462	0.25359	0.28822	0.09357
V618	0.55352	0.08493	0.05141	0.31014
V619	0.29233	0.14246	0.27136	0.29385
V620	0.02119	0.62154	0.25222	0.10505
V621	0.31427	0.23992	0.16976	0.27605
V622	0.27484	0.30556	0.29585	0.12375
V623	0.03392	0.17213	0.18326	0.61068
V624	0.61092	0.25288	0.03257	0.10363
V625	0.20193	0.48088	0.11228	0.20491
V626	0.76574	0.09083	0.04642	0.09701
V627	0.02554	0.11982	0.14534	0.7093
V628	0.0207	0.27443	0.09589	0.60899
V629	0.1084	0.34996	0.23259	0.30905
V630	0.04809	0.394	0.41189	0.14601
V631	0.03342	0.2619	0.14856	0.55612
V632	0.43769	0.09414	0.15913	0.30904
V633	0.02058	0.18077	0.59063	0.20802
V634	0.3067	0.3328	0.2616	0.09889
V635	0.03325	0.66707	0.04473	0.25495
V636	0.11384	0.22893	0.45548	0.20175
V637	0.22947	0.26405	0.12462	0.38187
V638	0.27643	0.30996	0.10368	0.30993
V639	0.21421	0.45031	0.24124	0.09423
V640	0.05089	0.27222	0.52766	0.14923
V641	0.68627	0.115	0.06354	0.1352
V642	0.57779	0.23631	0.03609	0.14981
V643	0.02282	0.2827	0.3452	0.34928
V644	0.71491	0.14849	0.04046	0.09614
V645	0.20568	0.43478	0.24336	0.11618
V646	0.02191	0.84497	0.03049	0.10263
V647	0.13311	0.21707	0.49644	0.15338
V648	0.30872	0.44251	0.12944	0.11933
V649	0.04578	0.20712	0.58894	0.15816
V650	0.0643	0.22571	0.54527	0.16472
V651	0.25849	0.14193	0.49477	0.10481
V652	0.08491	0.20708	0.34384	0.36417
V653	0.10315	0.59958	0.10985	0.18741
V654	0.51919	0.26253	0.08041	0.13787
V655	0.04158	0.53205	0.06562	0.36075
V656	0.16428	0.31563	0.07041	0.44967
V657	0.03675	0.15405	0.10384	0.70536
V658	0.44033	0.27273	0.08586	0.20108
V659	0.25129	0.19873	0.29057	0.25941
V660	0.0338	0.81977	0.02623	0.1202
V661	0.05508	0.42539	0.10125	0.41827
V662	0.319	0.13823	0.36102	0.18175
V663	0.19576	0.19781	0.41453	0.1919
V664	0.17292	0.19754	0.48358	0.14596
V665	0.5111	0.25269	0.07101	0.1652
V666	0.43701	0.0911	0.135	0.33689
V667	0.59637	0.15748	0.15691	0.08923
V668	0.10407	0.70941	0.09167	0.09485
V669	0.18111	0.43223	0.20599	0.18067
V670	0.06809	0.78475	0.02734	0.11982
V671	0.27114	0.34279	0.21297	0.1731
V672	0.03722	0.1804	0.64311	0.13926
V673	0.18062	0.39891	0.1985	0.22197
V674	0.53488	0.21821	0.05582	0.1911
V675	0.11785	0.37813	0.25058	0.25344
V676	0.03951	0.1994	0.15774	0.60335
V677	0.28334	0.41546	0.11164	0.18956
V678	0.39443	0.47439	0.03633	0.09485
V679	0.05562	0.38323	0.44562	0.11553
V680	0.23552	0.52386	0.12926	0.11135
V681	0.6984	0.13899	0.05072	0.1119
V682	0.10009	0.36683	0.39426	0.13882
V683	0.022	0.8466	0.03488	0.09652
V684	0.52097	0.23353	0.10701	0.13849
V685	0.36588	0.3766	0.12411	0.13341
V686	0.08327	0.259	0.17246	0.48526
V687	0.03914	0.10874	0.11482	0.7373
V688	0.27971	0.49165	0.03408	0.19457
V689	0.20113	0.09416	0.1196	0.58511
V690	0.3594	0.15587	0.33232	0.15241
V691	0.14593	0.15613	0.58913	0.10881
V692	0.07966	0.2603	0.49707	0.16297
V693	0.18465	0.21733	0.29441	0.30361
V694	0.02947	0.14183	0.27303	0.55568
V695	0.1928	0.11211	0.1845	0.51059
V696	0.07221	0.16728	0.10115	0.65936
V697	0.03161	0.13772	0.10652	0.72416
V698	0.63372	0.08142	0.05868	0.22619
V699	0.41511	0.32952	0.08835	0.16703
V700	0.18459	0.11613	0.0887	0.61058
V701	0.09564	0.502	0.12405	0.27831
V702	0.39879	0.16371	0.06809	0.36942
V703	0.12084	0.17773	0.37333	0.32811
V704	0.62173	0.12795	0.0663	0.18402
V705	0.76254	0.06974	0.05662	0.1111
V706	0.08099	0.18924	0.55046	0.17932
V707	0.04762	0.45872	0.35505	0.13861
V708	0.04126	0.75111	0.04576	0.16187
V709	0.12032	0.34037	0.37396	0.16535
V710	0.43951	0.27144	0.08129	0.20776
V711	0.07857	0.69575	0.09959	0.12609
V712	0.62149	0.13313	0.04842	0.19695
V713	0.31762	0.33924	0.0706	0.27254
V714	0.01885	0.60349	0.05927	0.31838
V715	0.2318	0.38118	0.23468	0.15235
V716	0.04579	0.13095	0.12525	0.69801
V717	0.06856	0.79252	0.02677	0.11215
V718	0.12197	0.53024	0.15979	0.188
V719	0.05424	0.63022	0.06514	0.2504
V720	0.53765	0.09795	0.20913	0.15527
V721	0.11133	0.26512	0.35332	0.27022
V722	0.08068	0.36462	0.07504	0.47965
V723	0.09978	0.16492	0.09244	0.64286
V724	0.42831	0.12058	0.12138	0.32973
V725	0.02138	0.23433	0.60663	0.13765
V726	0.04263	0.40015	0.14497	0.41225
V727	0.20925	0.59474	0.09652	0.09948
V728	0.03536	0.76413	0.09756	0.10295
V729	0.30594	0.11609	0.18026	0.39771
V730	0.70262	0.10857	0.07592	0.11288
V731	0.04001	0.28611	0.31204	0.36184
V732	0.26718	0.19065	0.28363	0.25854
V733	0.47274	0.25537	0.06485	0.20703
V734	0.19323	0.36857	0.33602	0.10218
V735	0.03647	0.15451	0.38089	0.42813
V736	0.1236	0.10287	0.102	0.67153
V737	0.24624	0.34248	0.20397	0.20732
V738	0.07575	0.38541	0.33208	0.20677
V739	0.02003	0.14856	0.45814	0.37326
V740	0.65031	0.16347	0.08877	0.09745
V741	0.35395	0.19468	0.14156	0.30981
V742	0.31185	0.56381	0.0346	0.08974
V743	0.12546	0.259	0.49093	0.12461
V744	0.39176	0.14899	0.27327	0.18598
V745	0.02777	0.6241	0.15905	0.18908
V746	0.79487	0.06739	0.04709	0.09064
V747	0.06213	0.14771	0.5198	0.27036
V748	0.11355	0.22608	0.4238	0.23657
V749	0.21311	0.24537	0.10408	0.43744
V750	0.30601	0.45631	0.04977	0.18791
V751	0.04753	0.74468	0.0604	0.14739
V752	0.33638	0.29162	0.13954	0.23247
V753	0.03312	0.10761	0.10613	0.75314
V754	0.01859	0.79781	0.02877	0.15483
V755	0.1258	0.27989	0.27655	0.31777
V756	0.03847	0.11208	0.12688	0.72257
V757	0.25683	0.54382	0.07975	0.1196
V758	0.04839	0.66851	0.1211	0.16201
V759	0.11299	0.17954	0.32324	0.38423
V760	0.2264	0.16899	0.24514	0.35947
V761	0.0647	0.54738	0.21701	0.17091
V762	0.01572	0.39667	0.07619	0.51142
V763	0.28306	0.37866	0.06561	0.27268
V764	0.01853	0.79081	0.03601	0.15465
V765	0.4975	0.16941	0.0438	0.28929
V766	0.02874	0.3779	0.33028	0.26308
V767	0.35598	0.22034	0.21094	0.21273
V768	0.05407	0.78227	0.04298	0.12068
V769	0.12179	0.7234	0.04697	0.10785
V770	0.02191	0.84497	0.03049	0.10263
V771	0.15329	0.16019	0.5696	0.11691
V772	0.12938	0.18449	0.57697	0.10916
V773	0.13645	0.72513	0.03154	0.10687
V774	0.03973	0.16653	0.65471	0.13904
V775	0.10465	0.15455	0.25786	0.48294
V776	0.31604	0.42652	0.07519	0.18225
V777	0.14364	0.20898	0.16429	0.48309
V778	0.39167	0.32272	0.09093	0.19468
V779	0.14734	0.16712	0.37943	0.30611
V780	0.0951	0.68635	0.12255	0.096
V781	0.05182	0.121	0.11855	0.70863
V782	0.02608	0.25257	0.55594	0.16542
V783	0.5954	0.10545	0.08521	0.21394
V784	0.09368	0.76678	0.0389	0.10065
V785	0.04252	0.79969	0.03777	0.12002
V786	0.5363	0.23201	0.10103	0.13065
V787	0.01231	0.74407	0.13937	0.10424
V788	0.37449	0.34574	0.14621	0.13356
V789	0.06578	0.38515	0.08271	0.46636
V790	0.33775	0.12268	0.12401	0.41556
V791	0.11721	0.41187	0.25269	0.21823
V792	0.11242	0.50627	0.05042	0.33088
V793	0.10373	0.59086	0.06267	0.24273
V794	0.0576	0.21849	0.5524	0.17151
V795	0.10128	0.13679	0.12807	0.63387
V796	0.04574	0.22422	0.59969	0.13036
V797	0.59597	0.09832	0.2051	0.10061
V798	0.46321	0.33684	0.09234	0.10761
V799	0.1129	0.67539	0.05238	0.15932
V800	0.07187	0.15499	0.3996	0.37354
V801	0.11892	0.22329	0.27609	0.3817
V802	0.04522	0.1915	0.25254	0.51073
V803	0.1822	0.51269	0.21037	0.09473
V804	0.39986	0.12981	0.31203	0.1583
V805	0.03349	0.17269	0.68596	0.10786
V806	0.04837	0.77871	0.03957	0.13334
V807	0.19779	0.22722	0.09706	0.47793
V808	0.49323	0.31533	0.06862	0.12282
V809	0.05616	0.1889	0.64825	0.10669
V810	0.0218	0.85027	0.02665	0.10128
V811	0.31434	0.1772	0.19598	0.31249
V812	0.3986	0.31201	0.08084	0.20855
V813	0.4433	0.26937	0.17107	0.11626
V814	0.32998	0.51088	0.06271	0.09643
V815	0.01019	0.79965	0.0867	0.10346
V816	0.75152	0.07626	0.08511	0.08711
V817	0.04661	0.21918	0.6109	0.12331
V818	0.02527	0.14042	0.1209	0.7134
V819	0.63117	0.16378	0.07556	0.1295
V820	0.11329	0.18127	0.1021	0.60334
V821	0.17536	0.37118	0.29138	0.16208
V822	0.07865	0.17512	0.6162	0.13002
V823	0.04308	0.29841	0.47566	0.18286
V824	0.08609	0.42261	0.39001	0.10129
V825	0.17381	0.3462	0.2152	0.26479
V826	0.32596	0.42763	0.1446	0.10181
V827	0.2884	0.55613	0.03738	0.11809
V828	0.17418	0.24413	0.14209	0.4396
V829	0.04337	0.29494	0.10533	0.55635
V830	0.17238	0.28436	0.08515	0.45812
V831	0.57551	0.17006	0.06926	0.18517
V832	0.20434	0.4171	0.15762	0.22093
V833	0.12198	0.49212	0.16379	0.22212
V834	0.22305	0.16886	0.12837	0.47972
V835	0.26657	0.4495	0.12037	0.16356
V836	0.01828	0.60694	0.05076	0.32402
V837	0.17204	0.4043	0.17311	0.25055
V838	0.73026	0.1136	0.0643	0.09185
V839	0.2335	0.56464	0.10302	0.09884
V840	0.23132	0.64845	0.02891	0.09132
V841	0.02282	0.19308	0.62422	0.15987
V842	0.26531	0.25642	0.22151	0.25676
V843	0.03457	0.17556	0.61515	0.17472
V844	0.10214	0.20316	0.31061	0.38409
V845	0.07179	0.24115	0.52291	0.16415
V846	0.01941	0.16035	0.5498	0.27044
V847	0.02814	0.10268	0.11059	0.75859
V848	0.07893	0.49322	0.16227	0.26559
V849	0.00862	0.82307	0.03366	0.13465
V850	0.77661	0.06978	0.05605	0.09757
V851	0.25975	0.51527	0.13306	0.09192
V852	0.09767	0.15276	0.17197	0.5776
V853	0.19253	0.30796	0.30355	0.19596
V854	0.43367	0.2463	0.11817	0.20186
V855	0.02814	0.10268	0.11059	0.75859
V856	0.04999	0.39626	0.27764	0.27611
V857	0.49725	0.24635	0.06396	0.19244
V858	0.43408	0.12426	0.34277	0.09889
V859	0.48609	0.29167	0.0501	0.17213
V860	0.15059	0.20085	0.11364	0.53492
V861	0.08583	0.40782	0.39267	0.11368
V862	0.12547	0.21903	0.5081	0.14739
V863	0.16071	0.14801	0.0813	0.60997
V864	0.06614	0.13067	0.12803	0.67517
V865	0.10654	0.12497	0.25277	0.51573
V866	0.56348	0.11815	0.21738	0.10098
V867	0.56266	0.12584	0.21652	0.09497
V868	0.37559	0.32881	0.13353	0.16207
V869	0.02516	0.84216	0.03135	0.10133
V870	0.09083	0.36582	0.07788	0.46547
V871	0.00862	0.82307	0.03366	0.13465
V872	0.02978	0.13348	0.24675	0.58999
V873	0.68775	0.10937	0.08123	0.12165
V874	0.16196	0.69909	0.04675	0.09221
V875	0.0331	0.27095	0.20482	0.49113
V876	0.13467	0.38223	0.30598	0.17711
V877	0.04931	0.42629	0.24134	0.28306
V878	0.11359	0.71471	0.07716	0.09454
V879	0.15182	0.61582	0.06737	0.16499
V880	0.23226	0.5181	0.03974	0.20989
V881	0.13109	0.17348	0.4436	0.25184
V882	0.616	0.08218	0.14252	0.1593
V883	0.22729	0.28911	0.38564	0.09796
V884	0.03207	0.31402	0.07487	0.57905
V885	0.54327	0.2724	0.09583	0.08849
V886	0.02978	0.41123	0.34456	0.21443
V887	0.46872	0.16124	0.16034	0.2097
V888	0.09693	0.1872	0.53079	0.18508
V889	0.71338	0.12433	0.05778	0.10451
V890	0.04837	0.2605	0.44533	0.2458
V891	0.47036	0.15392	0.24115	0.13457
V892	0.2122	0.24924	0.07466	0.4639
V893	0.42482	0.28173	0.14719	0.14626
V894	0.06946	0.37909	0.41214	0.1393
V895	0.43757	0.16434	0.18717	0.21092
V896	0.04203	0.80453	0.03344	0.12001
V897	0.51509	0.30228	0.03972	0.14291
V898	0.35138	0.08699	0.07444	0.48719
V899	0.03775	0.26619	0.17008	0.52599
V900	0.07451	0.35722	0.28481	0.28346
V901	0.03962	0.71973	0.0399	0.20076
V902	0.04931	0.78054	0.06749	0.10265
V903	0.02391	0.45417	0.37647	0.14545
V904	0.02546	0.84615	0.02732	0.10107
V905	0.131	0.10879	0.20129	0.55892
V906	0.29609	0.18521	0.13681	0.38189
V907	0.32106	0.49381	0.04534	0.13979
V908	0.02995	0.14291	0.14202	0.68512
V909	0.11195	0.70067	0.02865	0.15873
V910	0.13809	0.10362	0.16875	0.58953
V911	0.37981	0.40727	0.05935	0.15356
V912	0.28483	0.36443	0.13213	0.21861
V913	0.10164	0.09738	0.1046	0.69638
V914	0.15026	0.49222	0.22531	0.13221
V915	0.17748	0.09379	0.09312	0.63561
V916	0.20599	0.18589	0.46345	0.14467
V917	0.53393	0.12581	0.16572	0.17454
V918	0.04945	0.58136	0.19227	0.17692
V919	0.15865	0.31023	0.243	0.28812
V920	0.44783	0.26753	0.11087	0.17377
V921	0.03919	0.23313	0.10715	0.62052
V922	0.09025	0.4757	0.28977	0.14428
V923	0.07449	0.11537	0.12444	0.68569
V924	0.04467	0.61627	0.21175	0.12732
V925	0.14637	0.12448	0.09781	0.63134
V926	0.1616	0.1174	0.10927	0.61173
V927	0.03724	0.13231	0.1303	0.70015
V928	0.04753	0.76361	0.03462	0.15424
V929	0.05397	0.58242	0.13314	0.23048
V930	0.37236	0.39227	0.06126	0.17411
V931	0.12024	0.34802	0.36632	0.16542
V932	0.0487	0.23734	0.44033	0.27363
V933	0.45239	0.41029	0.03935	0.09798
V934	0.02445	0.24646	0.24804	0.48105
V935	0.41102	0.24777	0.1865	0.15471
V936	0.38281	0.31839	0.056	0.2428
V937	0.39385	0.21291	0.11368	0.27956
V938	0.28394	0.15587	0.26614	0.29404
V939	0.56636	0.10858	0.10259	0.22246
V940	0.03493	0.6947	0.13625	0.13413
V941	0.02646	0.17313	0.68702	0.11339
V942	0.55358	0.25448	0.08549	0.10646
V943	0.29965	0.23421	0.32081	0.14533
V944	0.0332	0.31243	0.12044	0.53393
V945	0.41097	0.37983	0.0429	0.1663
V946	0.33711	0.32511	0.20883	0.12895
V947	0.07942	0.16207	0.22906	0.52945
V948	0.27311	0.15821	0.45137	0.11731
V949	0.01977	0.20882	0.21205	0.55937
V950	0.05532	0.51325	0.18505	0.24638
V951	0.64698	0.10508	0.1538	0.09413
V952	0.06928	0.22984	0.24066	0.46022
V953	0.03625	0.203	0.62217	0.13858
V954	0.04346	0.25908	0.17042	0.52704
V955	0.1035	0.54903	0.06378	0.28369
V956	0.04695	0.15629	0.40136	0.39539
V957	0.25507	0.10466	0.07743	0.56285
V958	0.03388	0.10108	0.10661	0.75843
V959	0.18389	0.33177	0.32206	0.16228
V960	0.17876	0.32077	0.11875	0.38172
V961	0.11714	0.41724	0.26893	0.19669
V962	0.27392	0.26618	0.29929	0.16062
V963	0.43307	0.2502	0.15545	0.16128
V964	0.64224	0.11641	0.11801	0.12334
V965	0.05459	0.48829	0.17598	0.28114
V966	0.76781	0.08252	0.05231	0.09736
V967	0.06203	0.1724	0.4056	0.35997
V968	0.01876	0.27337	0.5425	0.16537
V969	0.02684	0.32489	0.10184	0.54644
V970	0.04522	0.23318	0.33601	0.3856
V971	0.37372	0.19352	0.26793	0.16483
V972	0.3681	0.2656	0.08684	0.27946
V973	0.20271	0.42448	0.10523	0.26759
V974	0.0176	0.68544	0.12784	0.16912
V975	0.09555	0.36606	0.4317	0.10669
V976	0.3189	0.30502	0.12981	0.24627
V977	0.24868	0.3972	0.25425	0.09988
V978	0.06423	0.17906	0.13531	0.6214
V979	0.6235	0.11148	0.17113	0.09389
V980	0.79487	0.06739	0.04709	0.09064
V981	0.26127	0.15118	0.34102	0.24653
V982	0.32363	0.41155	0.09596	0.16886
V983	0.51928	0.14412	0.05484	0.28176
V984	0.02702	0.72679	0.11211	0.13408
V985	0.07011	0.25335	0.082	0.59454
V986	0.24177	0.49923	0.0753	0.18371
V987	0.19117	0.66945	0.02532	0.11405
V988	0.1688	0.10999	0.09743	0.62377
V989	0.33169	0.46655	0.09284	0.10892
V990	0.01894	0.19151	0.5678	0.22175
V991	0.49117	0.38308	0.02862	0.09713
V992	0.1705	0.1374	0.39981	0.29229
V993	0.06399	0.64641	0.14858	0.14102
V994	0.15359	0.69129	0.04821	0.10691
V995	0.54392	0.18721	0.07043	0.19845
V996	0.20554	0.20394	0.07925	0.51127
V997	0.03565	0.16565	0.59094	0.20776
V998	0.67475	0.09339	0.09529	0.13657
V999	0.10501	0.76985	0.02606	0.09908
V1000	0.239	0.11368	0.07782	0.5695
