CD19B	CD56NK	CD4MemoryT	CD14
V1	0.42131	0.08871	0.16069	0.32929
V2	0.15862	0.15398	0.08846	0.59894
V3	0.07982	0.53325	0.05264	0.33429
V4	0.66577	0.16704	0.02738	0.13981
V5	0.12071	0.43997	0.20794	0.23138
V6	0.08351	0.73298	0.05581	0.1277
V7	0.14574	0.34908	0.1027	0.40248
V8	0.14932	0.11598	0.58744	0.14726
V9	0.20591	0.26122	0.07395	0.45892
V10	0.06972	0.12317	0.6461	0.16102
V11	0.18689	0.36576	0.3297	0.11765
V12	0.05796	0.53097	0.28859	0.12248
V13	0.21769	0.61411	0.04035	0.12785
V14	0.07622	0.76639	0.04474	0.11265
V15	0.1236	0.52254	0.12421	0.22965
V16	0.69698	0.10688	0.04634	0.1498
V17	0.09114	0.73207	0.04939	0.12741
V18	0.43022	0.35608	0.06632	0.14738
V19	0.14188	0.69592	0.0425	0.11969
V20	0.15487	0.42038	0.05876	0.36599
V21	0.14849	0.14562	0.56037	0.14552
V22	0.07974	0.16346	0.18294	0.57385
V23	0.31669	0.1263	0.43095	0.12606
V24	0.73509	0.09078	0.05111	0.12302
V25	0.27016	0.269	0.1303	0.33053
V26	0.29921	0.37752	0.05285	0.27042
V27	0.13225	0.12599	0.07082	0.67095
V28	0.05689	0.13342	0.69139	0.1183
V29	0.35506	0.11351	0.38414	0.1473
V30	0.12323	0.25507	0.22279	0.39891
V31	0.18587	0.24167	0.23455	0.33791
V32	0.12103	0.10812	0.07866	0.69219
V33	0.07504	0.46051	0.27546	0.18899
V34	0.14836	0.1309	0.57407	0.14666
V35	0.14606	0.62133	0.09783	0.13478
V36	0.06936	0.12933	0.35227	0.44904
V37	0.40936	0.14074	0.10839	0.34151
V38	0.33611	0.08648	0.16333	0.41407
V39	0.15229	0.50252	0.12983	0.21536
V40	0.09991	0.70045	0.09311	0.10652
V41	0.04554	0.57208	0.07732	0.30505
V42	0.20823	0.11439	0.18589	0.49149
V43	0.13803	0.35377	0.3686	0.13959
V44	0.06902	0.16197	0.52216	0.24685
V45	0.10953	0.52245	0.18857	0.17945
V46	0.61428	0.13671	0.12348	0.12553
V47	0.34817	0.24011	0.25332	0.1584
V48	0.61404	0.21557	0.03285	0.13754
V49	0.55246	0.23226	0.02689	0.18839
V50	0.07844	0.70806	0.10093	0.11257
V51	0.25201	0.39482	0.21373	0.13944
V52	0.07299	0.18725	0.59516	0.1446
V53	0.56034	0.17966	0.14284	0.11717
V54	0.33271	0.24347	0.28792	0.1359
V55	0.19557	0.19199	0.20326	0.40917
V56	0.10205	0.10268	0.11261	0.68266
V57	0.09783	0.72664	0.05527	0.12025
V58	0.48186	0.08204	0.07271	0.36339
V59	0.32979	0.40175	0.11414	0.15433
V60	0.14629	0.21327	0.25376	0.38668
V61	0.60826	0.16013	0.04083	0.19078
V62	0.67849	0.10197	0.08481	0.13473
V63	0.04392	0.70314	0.12593	0.12701
V64	0.03885	0.70969	0.04085	0.21061
V65	0.08429	0.09858	0.11976	0.69737
V66	0.18118	0.60079	0.05424	0.16379
V67	0.15259	0.34529	0.37741	0.1247
V68	0.1628	0.19345	0.07023	0.57352
V69	0.06701	0.33492	0.4434	0.15467
V70	0.40938	0.20834	0.16595	0.21633
V71	0.17019	0.1529	0.2875	0.38941
V72	0.42994	0.21004	0.10568	0.25434
V73	0.14404	0.54065	0.13617	0.17915
V74	0.091	0.27033	0.52556	0.1131
V75	0.54404	0.07881	0.1773	0.19986
V76	0.06305	0.22035	0.16979	0.54681
V77	0.08607	0.29422	0.05912	0.56059
V78	0.2528	0.18	0.17066	0.39653
V79	0.06043	0.17907	0.57214	0.18835
V80	0.29646	0.10906	0.404	0.19048
V81	0.09386	0.22509	0.55982	0.12123
V82	0.05564	0.15397	0.66592	0.12447
V83	0.1482	0.22013	0.10159	0.53008
V84	0.31339	0.12273	0.1578	0.40608
V85	0.12502	0.33248	0.30059	0.24191
V86	0.09058	0.14254	0.61364	0.15324
V87	0.05696	0.69761	0.08246	0.16297
V88	0.17208	0.14215	0.22239	0.46339
V89	0.085	0.10769	0.18406	0.62325
V90	0.0491	0.74734	0.08298	0.12058
V91	0.05998	0.63497	0.16949	0.13556
V92	0.36434	0.10811	0.30187	0.22568
V93	0.68057	0.08244	0.02912	0.20787
V94	0.06266	0.4085	0.06522	0.46361
V95	0.21373	0.41071	0.15018	0.22538
V96	0.11601	0.16062	0.07568	0.64769
V97	0.52519	0.16811	0.18355	0.12315
V98	0.52592	0.31881	0.02856	0.12671
V99	0.61592	0.11457	0.14261	0.1269
V100	0.11108	0.12901	0.62072	0.1392
V101	0.08799	0.1105	0.06652	0.73499
V102	0.71881	0.11295	0.0335	0.13474
V103	0.08118	0.12444	0.11763	0.67675
V104	0.0477	0.79335	0.04607	0.11288
V105	0.0677	0.76808	0.05129	0.11292
V106	0.12416	0.47519	0.25627	0.14439
V107	0.17907	0.25301	0.41099	0.15694
V108	0.13758	0.65073	0.10527	0.10642
V109	0.06715	0.22575	0.41978	0.28732
V110	0.06988	0.73357	0.0688	0.12775
V111	0.71541	0.0704	0.08455	0.12965
V112	0.14982	0.14879	0.31977	0.38162
V113	0.18271	0.1738	0.1673	0.47619
V114	0.22166	0.12422	0.10694	0.54717
V115	0.0396	0.65068	0.19645	0.11327
V116	0.14642	0.33048	0.28089	0.24221
V117	0.50826	0.28384	0.05815	0.14975
V118	0.15118	0.50939	0.06689	0.27254
V119	0.14168	0.1472	0.09018	0.62094
V120	0.10927	0.1577	0.60223	0.1308
V121	0.44509	0.18795	0.10505	0.26192
V122	0.75055	0.07562	0.03729	0.13654
V123	0.05259	0.45577	0.08205	0.4096
V124	0.49771	0.31182	0.02825	0.16222
V125	0.30122	0.40514	0.16164	0.13199
V126	0.09289	0.19756	0.09095	0.6186
V127	0.17231	0.13274	0.21773	0.47723
V128	0.09329	0.10396	0.12977	0.67297
V129	0.43663	0.26858	0.15211	0.14267
V130	0.04192	0.58149	0.2627	0.1139
V131	0.04862	0.74083	0.04003	0.17053
V132	0.72901	0.07632	0.05116	0.14351
V133	0.70724	0.0854	0.0718	0.13556
V134	0.12417	0.37497	0.13371	0.36715
V135	0.12336	0.11062	0.1712	0.59481
V136	0.20561	0.38117	0.05232	0.36091
V137	0.49897	0.11412	0.2112	0.1757
V138	0.18511	0.38908	0.1633	0.26251
V139	0.27873	0.2514	0.17424	0.29563
V140	0.09117	0.15685	0.09301	0.65896
V141	0.10082	0.22394	0.38699	0.28825
V142	0.6183	0.07906	0.18146	0.12118
V143	0.32617	0.28738	0.0916	0.29485
V144	0.16819	0.21025	0.16061	0.46094
V145	0.03351	0.65756	0.19589	0.11305
V146	0.10924	0.10277	0.08068	0.70732
V147	0.70618	0.0918	0.04508	0.15693
V148	0.14805	0.1604	0.41595	0.2756
V149	0.21805	0.47904	0.18699	0.11592
V150	0.11298	0.28759	0.42294	0.1765
V151	0.17657	0.55055	0.06452	0.20836
V152	0.19788	0.42343	0.18813	0.19055
V153	0.10998	0.63566	0.05493	0.19942
V154	0.20647	0.43426	0.22155	0.13773
V155	0.36573	0.20575	0.23345	0.19506
V156	0.08094	0.21359	0.49034	0.21513
V157	0.2523	0.21899	0.24669	0.28203
V158	0.08804	0.0989	0.07669	0.73636
V159	0.682	0.12865	0.02686	0.16249
V160	0.52137	0.08062	0.09019	0.30782
V161	0.20362	0.09482	0.07792	0.62364
V162	0.10074	0.31024	0.10684	0.48218
V163	0.1128	0.44883	0.15758	0.28079
V164	0.26764	0.32268	0.11683	0.29286
V165	0.07016	0.27922	0.05589	0.59473
V166	0.0771	0.16466	0.10509	0.65315
V167	0.28884	0.08469	0.05445	0.57201
V168	0.23065	0.51666	0.09589	0.1568
V169	0.18654	0.13143	0.08232	0.59971
V170	0.13606	0.12126	0.3805	0.36218
V171	0.14188	0.28522	0.42435	0.14855
V172	0.5595	0.08204	0.22989	0.12857
V173	0.08715	0.19713	0.0866	0.62912
V174	0.07833	0.21376	0.10725	0.60066
V175	0.1066	0.11344	0.56113	0.21883
V176	0.03753	0.69128	0.15796	0.11323
V177	0.0341	0.80467	0.0417	0.11953
V178	0.04102	0.64322	0.04744	0.26832
V179	0.17342	0.10711	0.29437	0.42509
V180	0.04981	0.7481	0.09596	0.10613
V181	0.16634	0.20449	0.39006	0.2391
V182	0.25312	0.2403	0.34293	0.16364
V183	0.15588	0.68818	0.04288	0.11306
V184	0.77508	0.0686	0.03252	0.1238
V185	0.43381	0.40685	0.04127	0.11806
V186	0.12723	0.44823	0.21459	0.20995
V187	0.74371	0.07647	0.05047	0.12936
V188	0.1024	0.25721	0.05434	0.58605
V189	0.61644	0.09226	0.04739	0.24392
V190	0.51497	0.09231	0.26512	0.1276
V191	0.17839	0.26069	0.41133	0.14958
V192	0.24021	0.4355	0.07678	0.2475
V193	0.46119	0.11443	0.20482	0.21956
V194	0.0544	0.7718	0.04647	0.12733
V195	0.06227	0.13279	0.6801	0.12484
V196	0.08376	0.14231	0.06947	0.70445
V197	0.32424	0.12546	0.06738	0.48292
V198	0.08994	0.46945	0.28186	0.15874
V199	0.17347	0.11518	0.16935	0.542
V200	0.13	0.49759	0.05709	0.31532
V201	0.11101	0.49803	0.16824	0.22272
V202	0.07194	0.12131	0.55172	0.25503
V203	0.15569	0.41747	0.29538	0.13146
V204	0.0517	0.47301	0.05352	0.42177
V205	0.06825	0.15298	0.64708	0.13169
V206	0.08916	0.18002	0.608	0.12283
V207	0.14715	0.23297	0.09028	0.5296
V208	0.22826	0.15517	0.48575	0.13083
V209	0.24004	0.43628	0.09127	0.23241
V210	0.09441	0.65052	0.10627	0.14879
V211	0.33376	0.09581	0.07295	0.49748
V212	0.40185	0.12611	0.33381	0.13824
V213	0.4799	0.10493	0.12162	0.29355
V214	0.26545	0.21716	0.15675	0.36064
V215	0.24538	0.1638	0.06336	0.52746
V216	0.0996	0.09737	0.07615	0.72688
V217	0.07686	0.45285	0.19621	0.27409
V218	0.1145	0.41643	0.15844	0.31063
V219	0.113	0.55144	0.05032	0.28525
V220	0.03924	0.68877	0.04616	0.22583
V221	0.61543	0.0745	0.0374	0.27268
V222	0.26084	0.20488	0.28031	0.25397
V223	0.05737	0.21699	0.54664	0.17901
V224	0.76449	0.06842	0.04381	0.12327
V225	0.06947	0.73526	0.08308	0.11219
V226	0.26368	0.16852	0.43709	0.1307
V227	0.61092	0.0783	0.17553	0.13525
V228	0.58232	0.13392	0.08575	0.19801
V229	0.06916	0.13149	0.6595	0.13984
V230	0.08704	0.11086	0.07659	0.72551
V231	0.07023	0.29652	0.12667	0.50658
V232	0.07264	0.56011	0.04145	0.3258
V233	0.42684	0.16065	0.17937	0.23315
V234	0.055	0.76056	0.06341	0.12102
V235	0.30837	0.14794	0.39733	0.14636
V236	0.09097	0.16247	0.56623	0.18033
V237	0.16985	0.09667	0.08211	0.65137
V238	0.13243	0.50309	0.21395	0.15053
V239	0.0978	0.3791	0.06386	0.45925
V240	0.38638	0.12506	0.32814	0.16042
V241	0.07046	0.12172	0.63256	0.17527
V242	0.12349	0.6517	0.10569	0.11912
V243	0.22204	0.13789	0.45889	0.18118
V244	0.20136	0.11021	0.49882	0.18961
V245	0.44762	0.31735	0.07329	0.16174
V246	0.09258	0.22391	0.54667	0.13685
V247	0.1704	0.12362	0.58883	0.11715
V248	0.09035	0.11591	0.09145	0.70229
V249	0.05535	0.14419	0.62629	0.17417
V250	0.59704	0.07985	0.19471	0.1284
V251	0.73401	0.10468	0.03292	0.12838
V252	0.03718	0.71171	0.14559	0.10551
V253	0.29024	0.14834	0.15667	0.40475
V254	0.03426	0.77586	0.07787	0.11201
V255	0.06199	0.75741	0.0393	0.14129
V256	0.17128	0.26675	0.37548	0.18649
V257	0.32653	0.17387	0.20071	0.29889
V258	0.1697	0.30194	0.31481	0.21355
V259	0.07306	0.32728	0.45117	0.14849
V260	0.04775	0.32233	0.5114	0.11852
V261	0.46736	0.1107	0.17941	0.24253
V262	0.13171	0.1323	0.07071	0.66528
V263	0.04164	0.79049	0.04149	0.12638
V264	0.17146	0.13128	0.321	0.37626
V265	0.09472	0.09832	0.14577	0.66119
V266	0.49468	0.35788	0.03458	0.11286
V267	0.05959	0.23416	0.22881	0.47744
V268	0.30586	0.10829	0.14591	0.43994
V269	0.04381	0.50882	0.29552	0.15185
V270	0.49146	0.10528	0.21152	0.19174
V271	0.60308	0.13187	0.05945	0.2056
V272	0.07148	0.68572	0.05017	0.19263
V273	0.10843	0.1084	0.08598	0.69718
V274	0.53603	0.07857	0.17139	0.21401
V275	0.05664	0.13284	0.68562	0.1249
V276	0.376	0.34515	0.04324	0.23562
V277	0.08452	0.24858	0.15727	0.50963
V278	0.09154	0.145	0.23668	0.52679
V279	0.51726	0.12842	0.11985	0.23447
V280	0.08804	0.0989	0.07669	0.73636
V281	0.41125	0.10954	0.1427	0.3365
V282	0.09711	0.16315	0.57374	0.166
V283	0.1784	0.51346	0.08532	0.22282
V284	0.0496	0.75474	0.0828	0.11286
V285	0.10483	0.12194	0.65484	0.11839
V286	0.20087	0.49457	0.11587	0.18869
V287	0.0977	0.72566	0.0495	0.12715
V288	0.06267	0.30896	0.31467	0.3137
V289	0.23796	0.26949	0.31514	0.17741
V290	0.63525	0.20742	0.03942	0.1179
V291	0.38495	0.15092	0.33304	0.13109
V292	0.72556	0.07489	0.0277	0.17185
V293	0.25973	0.116	0.47067	0.15359
V294	0.11223	0.35327	0.04894	0.48556
V295	0.0736	0.2287	0.17514	0.52256
V296	0.17529	0.19996	0.43793	0.18683
V297	0.12119	0.09507	0.10572	0.67801
V298	0.25542	0.18291	0.43135	0.13031
V299	0.10503	0.28864	0.06268	0.54365
V300	0.07178	0.1214	0.20193	0.6049
V301	0.13995	0.19412	0.45679	0.20914
V302	0.4952	0.34956	0.029	0.12623
V303	0.03678	0.53733	0.28854	0.13735
V304	0.09934	0.12826	0.52424	0.24816
V305	0.13797	0.22658	0.33305	0.3024
V306	0.61129	0.15601	0.07199	0.16071
V307	0.04122	0.78565	0.05303	0.1201
V308	0.19869	0.27171	0.23481	0.29479
V309	0.25879	0.32335	0.06104	0.35681
V310	0.10658	0.32371	0.14685	0.42287
V311	0.39339	0.45439	0.03494	0.11729
V312	0.10228	0.6325	0.13717	0.12805
V313	0.07457	0.16904	0.07421	0.68217
V314	0.05789	0.43402	0.12213	0.38596
V315	0.12125	0.53985	0.06716	0.27174
V316	0.25338	0.20516	0.29489	0.24657
V317	0.09693	0.59275	0.07407	0.23625
V318	0.07016	0.48466	0.05568	0.3895
V319	0.09538	0.15707	0.60176	0.14579
V320	0.10961	0.21846	0.45658	0.21534
V321	0.48715	0.36569	0.03444	0.11272
V322	0.17434	0.32627	0.09556	0.40383
V323	0.10656	0.11043	0.11668	0.66632
V324	0.49468	0.28628	0.08457	0.13447
V325	0.24158	0.56691	0.07645	0.11506
V326	0.04284	0.49217	0.11018	0.35481
V327	0.07862	0.20032	0.12534	0.59572
V328	0.09257	0.12812	0.52427	0.25505
V329	0.16993	0.18133	0.16044	0.4883
V330	0.3101	0.09703	0.27006	0.32281
V331	0.27419	0.1556	0.08091	0.4893
V332	0.07728	0.13448	0.17232	0.61593
V333	0.32949	0.15687	0.30242	0.21122
V334	0.28746	0.10167	0.28123	0.32964
V335	0.0663	0.3539	0.3678	0.21201
V336	0.15355	0.59863	0.0546	0.19322
V337	0.23043	0.39636	0.23404	0.13918
V338	0.02732	0.81293	0.04795	0.1118
V339	0.1414	0.11895	0.61414	0.12551
V340	0.09209	0.27662	0.37352	0.25777
V341	0.08916	0.11751	0.10144	0.6919
V342	0.22357	0.10507	0.44525	0.22611
V343	0.75672	0.08129	0.03301	0.12897
V344	0.51476	0.20613	0.16326	0.11585
V345	0.06215	0.13317	0.68636	0.11832
V346	0.20296	0.18638	0.22874	0.38193
V347	0.09949	0.10284	0.14084	0.65682
V348	0.07797	0.5629	0.13751	0.22163
V349	0.27566	0.2276	0.29526	0.20148
V350	0.05133	0.68528	0.15716	0.10622
V351	0.07841	0.12643	0.30046	0.4947
V352	0.09241	0.12683	0.59901	0.18174
V353	0.66904	0.09297	0.05931	0.17868
V354	0.07042	0.59761	0.18949	0.14247
V355	0.23482	0.16143	0.34231	0.26144
V356	0.09351	0.1114	0.12241	0.67267
V357	0.12569	0.34055	0.22104	0.31272
V358	0.39836	0.16767	0.07923	0.35474
V359	0.4218	0.12808	0.06638	0.38375
V360	0.41087	0.41708	0.04784	0.12422
V361	0.04104	0.43969	0.40247	0.1168
V362	0.02734	0.80767	0.05318	0.11182
V363	0.16801	0.1941	0.34139	0.2965
V364	0.1625	0.15687	0.484	0.19663
V365	0.22865	0.10712	0.06332	0.60091
V366	0.09085	0.58048	0.0996	0.22908
V367	0.41795	0.19494	0.04094	0.34618
V368	0.09644	0.61814	0.09966	0.18576
V369	0.05563	0.40133	0.42611	0.11693
V370	0.24164	0.30798	0.30852	0.14186
V371	0.16033	0.61703	0.05938	0.16326
V372	0.16632	0.13696	0.1327	0.56402
V373	0.11021	0.21216	0.3395	0.33812
V374	0.60451	0.08612	0.18838	0.12099
V375	0.09699	0.12584	0.14956	0.62761
V376	0.09299	0.1178	0.12209	0.66712
V377	0.59346	0.06751	0.04525	0.29378
V378	0.07217	0.12702	0.30657	0.49424
V379	0.26228	0.23634	0.05362	0.44775
V380	0.15892	0.15372	0.17941	0.50795
V381	0.54557	0.0889	0.10782	0.2577
V382	0.11039	0.13497	0.62973	0.12492
V383	0.62659	0.07736	0.07406	0.22199
V384	0.40992	0.14917	0.1349	0.30601
V385	0.64998	0.08663	0.09294	0.17046
V386	0.249	0.1042	0.14846	0.49834
V387	0.43222	0.20782	0.17199	0.18798
V388	0.28119	0.34097	0.14244	0.2354
V389	0.3102	0.48017	0.04406	0.16557
V390	0.24309	0.29482	0.34361	0.11848
V391	0.31449	0.16833	0.06003	0.45715
V392	0.31382	0.26302	0.15615	0.267
V393	0.22958	0.27485	0.26608	0.2295
V394	0.11848	0.26042	0.12399	0.49711
V395	0.18549	0.38257	0.17589	0.25605
V396	0.03521	0.79186	0.04665	0.12628
V397	0.58358	0.15273	0.1099	0.1538
V398	0.33	0.19702	0.11085	0.36213
V399	0.16601	0.49653	0.14236	0.1951
V400	0.04301	0.50408	0.09177	0.36114
V401	0.07972	0.23055	0.51126	0.17847
V402	0.6061	0.219	0.05758	0.11732
V403	0.08938	0.11167	0.10657	0.69238
V404	0.11385	0.25624	0.4357	0.1942
V405	0.20014	0.12001	0.16261	0.51725
V406	0.46898	0.28185	0.04844	0.20073
V407	0.02732	0.81293	0.04795	0.1118
V408	0.11479	0.2837	0.29448	0.30703
V409	0.08203	0.10531	0.07719	0.73547
V410	0.09195	0.71903	0.06157	0.12745
V411	0.33812	0.08711	0.04666	0.52812
V412	0.16181	0.16572	0.36073	0.31175
V413	0.08379	0.44178	0.16418	0.31025
V414	0.06722	0.4663	0.25692	0.20955
V415	0.33597	0.11624	0.20358	0.34421
V416	0.06096	0.16898	0.65295	0.11711
V417	0.29072	0.55533	0.03802	0.11593
V418	0.1128	0.17401	0.1461	0.56709
V419	0.0877	0.09782	0.08327	0.73121
V420	0.03126	0.73232	0.05282	0.1836
V421	0.16379	0.13977	0.4854	0.21104
V422	0.10182	0.13405	0.06789	0.69624
V423	0.11108	0.12901	0.62072	0.1392
V424	0.0594	0.14969	0.4389	0.35201
V425	0.09041	0.28694	0.42245	0.2002
V426	0.11958	0.14552	0.56123	0.17368
V427	0.09552	0.38043	0.17091	0.35314
V428	0.09397	0.64583	0.08155	0.17866
V429	0.08708	0.09813	0.08819	0.72659
V430	0.55454	0.21719	0.04803	0.18024
V431	0.17874	0.12249	0.33587	0.3629
V432	0.1344	0.16142	0.09005	0.61413
V433	0.0759	0.61427	0.04038	0.26945
V434	0.26782	0.14952	0.08651	0.49615
V435	0.3808	0.0957	0.13124	0.39227
V436	0.29918	0.09871	0.12922	0.47289
V437	0.19947	0.25742	0.05242	0.49069
V438	0.44241	0.21399	0.06207	0.28153
V439	0.09227	0.16109	0.06738	0.67925
V440	0.3609	0.1162	0.07132	0.45159
V441	0.10149	0.2095	0.42187	0.26715
V442	0.24489	0.34863	0.13548	0.271
V443	0.55307	0.0802	0.1085	0.25823
V444	0.06215	0.13317	0.68636	0.11832
V445	0.46991	0.10532	0.27787	0.1469
V446	0.05709	0.68975	0.08255	0.17061
V447	0.46457	0.16654	0.16503	0.20386
V448	0.08148	0.14943	0.17667	0.59243
V449	0.42254	0.12629	0.24614	0.20504
V450	0.12647	0.71848	0.04838	0.10666
V451	0.71901	0.11296	0.02524	0.14279
V452	0.09548	0.10479	0.10613	0.6936
V453	0.60451	0.14262	0.08459	0.16828
V454	0.02739	0.77493	0.07784	0.11984
V455	0.45468	0.11782	0.25249	0.17501
V456	0.26101	0.19738	0.29455	0.24705
V457	0.0821	0.11085	0.07212	0.73494
V458	0.21955	0.25798	0.05055	0.47192
V459	0.04382	0.66315	0.10713	0.18591
V460	0.73622	0.0767	0.05044	0.13664
V461	0.10921	0.11504	0.06899	0.70676
V462	0.26724	0.27179	0.04144	0.41953
V463	0.20416	0.4426	0.14908	0.20416
V464	0.37391	0.16601	0.04448	0.41561
V465	0.29883	0.40898	0.05864	0.23356
V466	0.42399	0.2344	0.03902	0.30259
V467	0.24449	0.51586	0.09535	0.1443
V468	0.36852	0.39595	0.07519	0.16034
V469	0.07137	0.23395	0.22919	0.46549
V470	0.40153	0.19237	0.16618	0.23991
V471	0.22453	0.17224	0.07666	0.52657
V472	0.25045	0.33369	0.03973	0.37613
V473	0.10831	0.49923	0.26257	0.12989
V474	0.14367	0.09446	0.12557	0.6363
V475	0.16417	0.38055	0.10129	0.35398
V476	0.16871	0.10513	0.09635	0.62982
V477	0.44424	0.11944	0.18706	0.24926
V478	0.12882	0.51153	0.04461	0.31503
V479	0.06805	0.1789	0.56497	0.18807
V480	0.1086	0.31506	0.08242	0.49393
V481	0.1557	0.12432	0.58854	0.13144
V482	0.5136	0.21842	0.11721	0.15077
V483	0.14492	0.17739	0.10352	0.57417
V484	0.08786	0.14272	0.07924	0.69018
V485	0.11794	0.62017	0.04827	0.21362
V486	0.21949	0.29185	0.13157	0.35708
V487	0.118	0.12876	0.11436	0.63888
V488	0.05757	0.11879	0.61921	0.20442
V489	0.19557	0.18684	0.48761	0.12998
V490	0.25968	0.32694	0.09186	0.32152
V491	0.3284	0.44377	0.06177	0.16606
V492	0.05075	0.70363	0.13266	0.11297
V493	0.08869	0.09824	0.06829	0.74478
V494	0.18007	0.22929	0.37531	0.21534
V495	0.18402	0.55159	0.13518	0.12921
V496	0.21922	0.59756	0.03431	0.14891
V497	0.06246	0.12552	0.68689	0.12514
V498	0.25168	0.17194	0.08781	0.48857
V499	0.45749	0.29873	0.12422	0.11955
V500	0.12248	0.20657	0.51951	0.15143
V501	0.08193	0.09844	0.08853	0.7311
V502	0.40385	0.30947	0.1454	0.14128
V503	0.18291	0.17508	0.1789	0.46311
V504	0.1882	0.60007	0.04769	0.16403
V505	0.17818	0.26214	0.20847	0.35121
V506	0.11288	0.29532	0.32735	0.26445
V507	0.44723	0.17231	0.12583	0.25463
V508	0.55624	0.21877	0.06628	0.1587
V509	0.20489	0.15622	0.36935	0.26955
V510	0.18773	0.48185	0.21416	0.11626
V511	0.08315	0.38868	0.0821	0.44607
V512	0.21361	0.13248	0.10728	0.54663
V513	0.09158	0.56173	0.18186	0.16484
V514	0.08497	0.13504	0.06584	0.71416
V515	0.56724	0.13219	0.07426	0.22631
V516	0.70359	0.14403	0.02556	0.12682
V517	0.09511	0.12054	0.21381	0.57054
V518	0.749	0.09661	0.02554	0.12885
V519	0.05047	0.71247	0.04544	0.19162
V520	0.08194	0.10938	0.44052	0.36816
V521	0.43068	0.1296	0.29366	0.14606
V522	0.06135	0.20986	0.40556	0.32322
V523	0.27434	0.20078	0.21346	0.31142
V524	0.03813	0.656	0.1708	0.13507
V525	0.21411	0.24574	0.067	0.47316
V526	0.46902	0.15196	0.09483	0.2842
V527	0.19284	0.12125	0.30181	0.3841
V528	0.09832	0.71618	0.03703	0.14847
V529	0.10702	0.14923	0.19358	0.55017
V530	0.05482	0.2672	0.47734	0.20064
V531	0.0435	0.73142	0.11954	0.10554
V532	0.16102	0.3291	0.0669	0.44298
V533	0.22367	0.3557	0.13592	0.28471
V534	0.06617	0.12002	0.50234	0.31148
V535	0.41309	0.07709	0.05143	0.45839
V536	0.18735	0.09895	0.28792	0.42578
V537	0.43617	0.29329	0.14482	0.12571
V538	0.34192	0.13443	0.10605	0.41761
V539	0.21373	0.41071	0.15018	0.22538
V540	0.1681	0.59693	0.09198	0.143
V541	0.05843	0.45075	0.09329	0.39753
V542	0.18108	0.20119	0.2089	0.40882
V543	0.66813	0.07602	0.0408	0.21506
V544	0.13224	0.16735	0.16258	0.53784
V545	0.2794	0.20335	0.09496	0.42229
V546	0.06284	0.73543	0.08894	0.11279
V547	0.06238	0.56555	0.25033	0.12175
V548	0.13755	0.65073	0.0985	0.11322
V549	0.2734	0.13025	0.4646	0.13175
V550	0.43401	0.1037	0.0384	0.42389
V551	0.15392	0.62533	0.06508	0.15567
V552	0.047	0.46483	0.05372	0.43445
V553	0.20174	0.22421	0.43744	0.1366
V554	0.10489	0.15468	0.07664	0.66379
V555	0.11513	0.27317	0.25517	0.35652
V556	0.05509	0.1387	0.65928	0.14693
V557	0.60908	0.09713	0.04282	0.25097
V558	0.08035	0.65187	0.06171	0.20607
V559	0.0379	0.68573	0.1701	0.10627
V560	0.51774	0.33338	0.02907	0.11981
V561	0.05664	0.13284	0.68562	0.1249
V562	0.58569	0.08004	0.12687	0.2074
V563	0.2215	0.11182	0.5414	0.12528
V564	0.09569	0.17288	0.60108	0.13035
V565	0.13437	0.29769	0.28201	0.28593
V566	0.50971	0.16169	0.03709	0.29152
V567	0.18289	0.41362	0.06412	0.33937
V568	0.21622	0.09564	0.09234	0.59579
V569	0.50125	0.09979	0.0359	0.36306
V570	0.06813	0.32668	0.43605	0.16914
V571	0.61363	0.18224	0.02824	0.17589
V572	0.34786	0.10207	0.34353	0.20654
V573	0.10563	0.21557	0.06191	0.61689
V574	0.05988	0.66336	0.1567	0.12006
V575	0.08191	0.16055	0.13725	0.62029
V576	0.13745	0.67747	0.06601	0.11907
V577	0.09366	0.13594	0.18851	0.5819
V578	0.09704	0.1653	0.47664	0.26101
V579	0.03639	0.72895	0.10799	0.12666
V580	0.16239	0.10113	0.12988	0.60659
V581	0.11144	0.14675	0.06175	0.68005
V582	0.41918	0.20618	0.0638	0.31084
V583	0.06673	0.14899	0.41811	0.36617
V584	0.38741	0.22237	0.23887	0.15136
V585	0.0722	0.1145	0.33195	0.48134
V586	0.21507	0.11498	0.47156	0.19839
V587	0.23839	0.1185	0.49728	0.14583
V588	0.45874	0.11857	0.05999	0.36271
V589	0.07195	0.67674	0.08841	0.1629
V590	0.06763	0.64931	0.16946	0.11359
V591	0.07265	0.12854	0.1829	0.61592
V592	0.16278	0.13839	0.58194	0.11688
V593	0.4381	0.08055	0.17299	0.30836
V594	0.26333	0.32151	0.25934	0.15582
V595	0.09185	0.11057	0.07617	0.72141
V596	0.07889	0.30517	0.19191	0.42402
V597	0.03802	0.52028	0.26162	0.18007
V598	0.06494	0.20425	0.60043	0.13038
V599	0.46094	0.33953	0.05861	0.14092
V600	0.26977	0.44337	0.0767	0.21016
V601	0.15536	0.29596	0.10408	0.4446
V602	0.09222	0.11051	0.07129	0.72597
V603	0.06286	0.35267	0.0636	0.52087
V604	0.38915	0.19396	0.27199	0.1449
V605	0.09532	0.34696	0.29491	0.26281
V606	0.53173	0.20943	0.04212	0.21672
V607	0.4801	0.09137	0.12063	0.30789
V608	0.19379	0.22932	0.28807	0.28881
V609	0.07528	0.27503	0.19844	0.45124
V610	0.56915	0.09606	0.10731	0.22749
V611	0.24333	0.09298	0.09048	0.57322
V612	0.07503	0.18642	0.56588	0.17267
V613	0.07133	0.35628	0.42401	0.14838
V614	0.55877	0.13169	0.07521	0.23433
V615	0.15003	0.13109	0.06465	0.65423
V616	0.09011	0.59219	0.07432	0.24338
V617	0.36505	0.22768	0.29252	0.11475
V618	0.53737	0.07864	0.03442	0.34957
V619	0.30076	0.12166	0.2561	0.32148
V620	0.04192	0.58149	0.2627	0.1139
V621	0.31636	0.2179	0.1616	0.30414
V622	0.28041	0.27562	0.30113	0.14284
V623	0.08167	0.15427	0.14892	0.61514
V624	0.59723	0.23921	0.02698	0.13659
V625	0.21209	0.45452	0.10953	0.22386
V626	0.74935	0.08863	0.0261	0.13592
V627	0.07761	0.11232	0.10807	0.702
V628	0.06617	0.25039	0.0698	0.61363
V629	0.13394	0.31702	0.22152	0.32752
V630	0.0732	0.3557	0.41637	0.15473
V631	0.07561	0.23664	0.12315	0.5646
V632	0.4352	0.07903	0.14219	0.34358
V633	0.05665	0.13927	0.58664	0.21744
V634	0.30805	0.30404	0.26806	0.11985
V635	0.05551	0.62891	0.04695	0.26863
V636	0.14018	0.19345	0.45036	0.21601
V637	0.24187	0.243	0.10784	0.40729
V638	0.28235	0.2874	0.0931	0.33715
V639	0.22113	0.41988	0.24854	0.11045
V640	0.07902	0.23064	0.53257	0.15777
V641	0.6698	0.10771	0.05261	0.16988
V642	0.5689	0.22328	0.02729	0.18053
V643	0.06065	0.24926	0.32679	0.3633
V644	0.69646	0.137	0.03282	0.13371
V645	0.21486	0.40504	0.2486	0.1315
V646	0.03387	0.80744	0.04662	0.11208
V647	0.1544	0.18176	0.49853	0.16531
V648	0.308	0.41913	0.13432	0.13855
V649	0.07553	0.16471	0.59421	0.16556
V650	0.09588	0.18452	0.54703	0.17257
V651	0.26583	0.10877	0.49933	0.12608
V652	0.11991	0.18024	0.31939	0.38046
V653	0.12112	0.5681	0.1103	0.20049
V654	0.5108	0.24753	0.07775	0.16392
V655	0.06943	0.49361	0.06069	0.37627
V656	0.18208	0.29033	0.05667	0.47092
V657	0.08939	0.14237	0.06875	0.69949
V658	0.43405	0.25453	0.08087	0.23055
V659	0.26231	0.17335	0.28044	0.2839
V660	0.04748	0.78466	0.04102	0.12684
V661	0.08893	0.38979	0.08795	0.43333
V662	0.32473	0.11309	0.35647	0.2057
V663	0.21195	0.16651	0.41087	0.21067
V664	0.191	0.16398	0.48601	0.15902
V665	0.50278	0.23645	0.06603	0.19475
V666	0.43347	0.07815	0.11679	0.37159
V667	0.58558	0.13983	0.15578	0.11881
V668	0.11417	0.67994	0.09946	0.10642
V669	0.1919	0.40148	0.20866	0.19797
V670	0.08317	0.75033	0.03916	0.12733
V671	0.27716	0.31635	0.2139	0.19259
V672	0.06889	0.13737	0.64683	0.14691
V673	0.19375	0.36947	0.195	0.24178
V674	0.52481	0.20295	0.0485	0.22374
V675	0.13978	0.34325	0.24706	0.26991
V676	0.08668	0.1803	0.12501	0.60801
V677	0.28592	0.39236	0.10927	0.21245
V678	0.38638	0.45558	0.0407	0.11734
V679	0.08014	0.34311	0.45124	0.12551
V680	0.23984	0.49705	0.13416	0.12894
V681	0.68285	0.12881	0.03955	0.14879
V682	0.12509	0.33085	0.39635	0.14771
V683	0.03374	0.80726	0.05315	0.10585
V684	0.51362	0.21828	0.10357	0.16453
V685	0.36363	0.3564	0.12488	0.1551
V686	0.12046	0.2338	0.14823	0.49751
V687	0.09251	0.10435	0.07664	0.7265
V688	0.28095	0.46924	0.03347	0.21633
V689	0.22376	0.08768	0.08714	0.60143
V690	0.36369	0.13381	0.32833	0.17417
V691	0.16329	0.11619	0.59512	0.1254
V692	0.10792	0.22147	0.49903	0.17158
V693	0.20281	0.19013	0.28067	0.32639
V694	0.07552	0.12273	0.23879	0.56296
V695	0.21598	0.09808	0.15608	0.52986
V696	0.1173	0.15402	0.06978	0.65891
V697	0.08546	0.12795	0.07064	0.71596
V698	0.61583	0.07526	0.04307	0.26584
V699	0.40959	0.31184	0.08604	0.19254
V700	0.20892	0.10773	0.06043	0.62292
V701	0.11887	0.46741	0.1193	0.29442
V702	0.39644	0.15064	0.04996	0.40295
V703	0.14922	0.15021	0.35354	0.34703
V704	0.61069	0.11374	0.05528	0.22029
V705	0.74332	0.06854	0.03816	0.14997
V706	0.11137	0.15285	0.54674	0.18904
V707	0.06904	0.42134	0.36262	0.14699
V708	0.05649	0.7161	0.05699	0.17042
V709	0.14222	0.30774	0.37454	0.1755
V710	0.43385	0.25427	0.0741	0.23778
V711	0.09376	0.66537	0.10626	0.1346
V712	0.60905	0.11979	0.03583	0.23533
V713	0.31674	0.31733	0.06535	0.30058
V714	0.04669	0.56177	0.05918	0.33237
V715	0.24031	0.35195	0.23947	0.16827
V716	0.09513	0.12268	0.09052	0.69167
V717	0.08275	0.75748	0.03876	0.12101
V718	0.1393	0.49793	0.16063	0.20213
V719	0.07702	0.59065	0.06829	0.26404
V720	0.5312	0.08049	0.20374	0.18457
V721	0.13715	0.2347	0.34033	0.28783
V722	0.11378	0.33325	0.05978	0.49319
V723	0.1361	0.15328	0.06312	0.6475
V724	0.4251	0.10681	0.10417	0.36393
V725	0.05254	0.18901	0.61367	0.14478
V726	0.07528	0.36594	0.13	0.42877
V727	0.21278	0.57008	0.10302	0.11412
V728	0.04983	0.72958	0.10744	0.11315
V729	0.31408	0.10091	0.15815	0.42686
V730	0.68391	0.10095	0.06546	0.14968
V731	0.07473	0.25361	0.29454	0.37712
V732	0.27656	0.16521	0.27428	0.28395
V733	0.46434	0.2365	0.06098	0.23818
V734	0.20349	0.33504	0.3435	0.11798
V735	0.07555	0.1291	0.35249	0.44287
V736	0.1582	0.09777	0.06657	0.67747
V737	0.25505	0.31584	0.20079	0.22833
V738	0.1042	0.35017	0.32683	0.2188
V739	0.06205	0.11854	0.43141	0.388
V740	0.63295	0.14837	0.08516	0.13352
V741	0.35534	0.17556	0.12833	0.34076
V742	0.30598	0.54156	0.04383	0.10862
V743	0.14413	0.22138	0.49802	0.13648
V744	0.39328	0.1279	0.26724	0.21158
V745	0.04756	0.58746	0.16379	0.20119
V746	0.77423	0.06835	0.02769	0.12973
V747	0.10039	0.11152	0.50372	0.28437
V748	0.13962	0.19137	0.41533	0.25367
V749	0.22886	0.22486	0.08551	0.46077
V750	0.30458	0.43315	0.05146	0.21081
V751	0.06354	0.71203	0.06857	0.15586
V752	0.33567	0.26998	0.13442	0.25994
V753	0.08825	0.10372	0.06744	0.74059
V754	0.03749	0.76069	0.04002	0.1618
V755	0.15091	0.25154	0.26036	0.33719
V756	0.09175	0.10417	0.09151	0.71257
V757	0.25926	0.52215	0.08282	0.13577
V758	0.06785	0.63633	0.12527	0.17055
V759	0.14315	0.15488	0.29995	0.40202
V760	0.24191	0.14704	0.22792	0.38313
V761	0.08725	0.51193	0.2206	0.18022
V762	0.05642	0.35974	0.06367	0.52017
V763	0.28635	0.35446	0.0602	0.29899
V764	0.03766	0.75414	0.0464	0.1618
V765	0.48647	0.15478	0.03219	0.32656
V766	0.06164	0.34135	0.32084	0.27617
V767	0.35726	0.19791	0.20516	0.23967
V768	0.0688	0.74687	0.0567	0.12763
V769	0.12909	0.69159	0.06039	0.11893
V770	0.03387	0.80744	0.04662	0.11208
V771	0.16999	0.12276	0.57548	0.13178
V772	0.14782	0.14704	0.58138	0.12376
V773	0.14188	0.69592	0.0425	0.11969
V774	0.06963	0.12379	0.65932	0.14727
V775	0.13978	0.13562	0.22929	0.4953
V776	0.31367	0.40436	0.07675	0.20522
V777	0.16943	0.18739	0.14205	0.50114
V778	0.3876	0.3036	0.08835	0.22046
V779	0.17058	0.141	0.36155	0.32687
V780	0.11004	0.65361	0.13004	0.10631
V781	0.10289	0.11523	0.07968	0.7022
V782	0.05809	0.21017	0.55929	0.17245
V783	0.58127	0.09258	0.07529	0.25087
V784	0.10437	0.73365	0.04875	0.11323
V785	0.05454	0.76557	0.05244	0.12745
V786	0.52841	0.21624	0.09692	0.15844
V787	0.03084	0.7051	0.15115	0.11292
V788	0.37308	0.32508	0.14652	0.15532
V789	0.10011	0.35018	0.07026	0.47944
V790	0.34219	0.11054	0.10154	0.44573
V791	0.13814	0.37447	0.25412	0.23327
V792	0.13152	0.47184	0.04632	0.35032
V793	0.12074	0.55481	0.06696	0.25749
V794	0.08921	0.1777	0.55307	0.18002
V795	0.13674	0.12772	0.09669	0.63885
V796	0.07323	0.18079	0.60789	0.13809
V797	0.58196	0.08122	0.20149	0.13533
V798	0.45595	0.32048	0.09012	0.13345
V799	0.12437	0.6449	0.05978	0.17095
V800	0.10794	0.13047	0.37219	0.38941
V801	0.14786	0.19803	0.25344	0.40066
V802	0.09001	0.16646	0.22366	0.51988
V803	0.1876	0.48252	0.22101	0.10887
V804	0.40261	0.10845	0.30724	0.1817
V805	0.06254	0.1265	0.69241	0.11855
V806	0.06227	0.7445	0.05204	0.14119
V807	0.21571	0.20846	0.07608	0.49975
V808	0.48487	0.30078	0.06514	0.14921
V809	0.08383	0.14466	0.65387	0.11764
V810	0.0338	0.81257	0.04168	0.11196
V811	0.31893	0.15721	0.18187	0.342
V812	0.39477	0.29306	0.07528	0.23689
V813	0.43796	0.24893	0.16987	0.14324
V814	0.32468	0.48995	0.06862	0.11675
V815	0.02846	0.76334	0.09647	0.11173
V816	0.72987	0.06995	0.07698	0.1232
V817	0.07418	0.17399	0.62102	0.13081
V818	0.07761	0.12965	0.08729	0.70545
V819	0.61819	0.14905	0.07191	0.16085
V820	0.14656	0.1658	0.07305	0.61459
V821	0.18884	0.34021	0.29563	0.17532
V822	0.1037	0.13564	0.62175	0.13892
V823	0.07141	0.25911	0.47569	0.19379
V824	0.10689	0.38571	0.39664	0.11076
V825	0.18944	0.31693	0.20725	0.28638
V826	0.32329	0.4038	0.14864	0.12426
V827	0.28633	0.53349	0.04416	0.13601
V828	0.19377	0.22199	0.12277	0.46147
V829	0.08754	0.26849	0.08118	0.56279
V830	0.19148	0.2608	0.06865	0.47908
V831	0.56629	0.15418	0.06108	0.21845
V832	0.21452	0.38867	0.15576	0.24105
V833	0.14064	0.45822	0.1625	0.23864
V834	0.23932	0.1529	0.10568	0.5021
V835	0.27143	0.42494	0.12177	0.18186
V836	0.04663	0.56631	0.04865	0.33842
V837	0.18568	0.37444	0.1692	0.27068
V838	0.71278	0.10692	0.05219	0.12811
V839	0.23619	0.53951	0.10912	0.11518
V840	0.23091	0.62203	0.03972	0.10734
V841	0.05472	0.15196	0.62709	0.16623
V842	0.27271	0.23179	0.21342	0.28208
V843	0.06936	0.13453	0.61426	0.18185
V844	0.13401	0.17688	0.28767	0.40143
V845	0.10096	0.19939	0.5271	0.17255
V846	0.05876	0.12213	0.5365	0.2826
V847	0.08353	0.09858	0.07294	0.74495
V848	0.10489	0.45707	0.15733	0.28072
V849	0.02892	0.78452	0.04722	0.13934
V850	0.75635	0.06905	0.03806	0.13654
V851	0.26019	0.49015	0.14065	0.10901
V852	0.13485	0.13686	0.14145	0.58684
V853	0.20593	0.27707	0.30223	0.21477
V854	0.42904	0.22805	0.11143	0.23147
V855	0.08353	0.09858	0.07294	0.74495
V856	0.08061	0.359	0.26948	0.29091
V857	0.48838	0.22896	0.05981	0.22284
V858	0.43151	0.10144	0.34056	0.1265
V859	0.47682	0.27368	0.04857	0.20093
V860	0.1763	0.18211	0.09079	0.5508
V861	0.10855	0.37048	0.39651	0.12445
V862	0.14664	0.18286	0.51204	0.15845
V863	0.18772	0.13543	0.0552	0.62164
V864	0.11298	0.12162	0.09447	0.67093
V865	0.14176	0.10614	0.22359	0.5285
V866	0.5521	0.09767	0.21546	0.13477
V867	0.55214	0.10507	0.21584	0.12695
V868	0.37354	0.30947	0.13189	0.18509
V869	0.04084	0.80029	0.04626	0.11261
V870	0.12149	0.33436	0.06401	0.48014
V871	0.02892	0.78452	0.04722	0.13934
V872	0.07744	0.11512	0.21331	0.59413
V873	0.67069	0.10113	0.07229	0.15589
V874	0.16496	0.66929	0.05896	0.10679
V875	0.07223	0.244	0.18059	0.50318
V876	0.15297	0.34819	0.30773	0.19111
V877	0.07976	0.38716	0.236	0.29709
V878	0.12157	0.68522	0.0871	0.10611
V879	0.16196	0.58769	0.07196	0.17839
V880	0.2376	0.49174	0.04006	0.2306
V881	0.15618	0.14477	0.4297	0.26934
V882	0.60119	0.0734	0.13209	0.19332
V883	0.23727	0.25849	0.39065	0.11359
V884	0.07519	0.28614	0.05524	0.58343
V885	0.53229	0.25568	0.09635	0.11568
V886	0.05862	0.37341	0.34223	0.22574
V887	0.46537	0.14086	0.15253	0.24125
V888	0.12593	0.15	0.52718	0.1969
V889	0.69817	0.11397	0.04597	0.14188
V890	0.081	0.22612	0.43385	0.25903
V891	0.46811	0.13329	0.23856	0.16004
V892	0.2277	0.22946	0.05704	0.4858
V893	0.42223	0.26232	0.14583	0.16961
V894	0.09516	0.34064	0.41571	0.14849
V895	0.43455	0.14538	0.17912	0.24095
V896	0.0544	0.7718	0.04647	0.12733
V897	0.50646	0.28732	0.03626	0.16997
V898	0.35312	0.08089	0.05011	0.51588
V899	0.07945	0.23988	0.14482	0.53585
V900	0.10485	0.3222	0.27414	0.2988
V901	0.05967	0.68373	0.04482	0.21178
V902	0.06236	0.74799	0.07703	0.11262
V903	0.04767	0.41542	0.38354	0.15337
V904	0.04068	0.8056	0.04118	0.11254
V905	0.16269	0.09448	0.17002	0.5728
V906	0.30258	0.16824	0.11875	0.41043
V907	0.31796	0.47337	0.05017	0.1585
V908	0.08179	0.1313	0.10571	0.68119
V909	0.12246	0.67072	0.03614	0.17068
V910	0.16889	0.09342	0.13571	0.60198
V911	0.37561	0.38701	0.06169	0.17568
V912	0.28897	0.34064	0.12753	0.24286
V913	0.14088	0.09293	0.06829	0.6979
V914	0.16148	0.45896	0.23455	0.145
V915	0.20402	0.08876	0.06218	0.64504
V916	0.22078	0.15451	0.46504	0.15966
V917	0.52663	0.10858	0.1581	0.20669
V918	0.0715	0.54586	0.1953	0.18735
V919	0.17719	0.27949	0.2349	0.30843
V920	0.44358	0.25027	0.10457	0.20158
V921	0.0865	0.21109	0.07955	0.62286
V922	0.1122	0.44013	0.29543	0.15225
V923	0.12078	0.10773	0.0898	0.68168
V924	0.06215	0.57848	0.22272	0.13664
V925	0.17467	0.1177	0.06758	0.64005
V926	0.18931	0.11019	0.07776	0.62273
V927	0.08912	0.12282	0.09645	0.6916
V928	0.0624	0.72958	0.04539	0.16262
V929	0.07917	0.54579	0.13094	0.2441
V930	0.36804	0.3711	0.06232	0.19853
V931	0.142	0.31506	0.36763	0.17531
V932	0.08186	0.20214	0.4276	0.2884
V933	0.44193	0.39171	0.04158	0.12478
V934	0.06699	0.21846	0.22368	0.49087
V935	0.41072	0.22625	0.18499	0.17804
V936	0.37816	0.29866	0.05114	0.27204
V937	0.39184	0.19526	0.10131	0.31159
V938	0.29235	0.13869	0.24819	0.32077
V939	0.55288	0.09535	0.09417	0.2576
V940	0.05189	0.66039	0.14553	0.1422
V941	0.05696	0.12582	0.69208	0.12515
V942	0.54096	0.23894	0.08434	0.13576
V943	0.30657	0.20565	0.32266	0.16511
V944	0.072	0.28505	0.0984	0.54455
V945	0.40537	0.36079	0.04232	0.19152
V946	0.33643	0.3007	0.21294	0.14993
V947	0.12088	0.14189	0.19866	0.53857
V948	0.28072	0.12982	0.45126	0.1382
V949	0.06582	0.1856	0.18243	0.56615
V950	0.08265	0.47463	0.18342	0.2593
V951	0.63053	0.09178	0.14955	0.12814
V952	0.10778	0.20261	0.2164	0.47321
V953	0.06709	0.15929	0.62754	0.14608
V954	0.08587	0.23326	0.14433	0.53655
V955	0.12165	0.51463	0.06301	0.30071
V956	0.08811	0.12985	0.37273	0.40931
V957	0.26811	0.09827	0.05047	0.58315
V958	0.08869	0.09824	0.06829	0.74478
V959	0.19844	0.30258	0.32249	0.17649
V960	0.19541	0.29616	0.10312	0.40531
V961	0.1375	0.38286	0.26842	0.21122
V962	0.28274	0.23685	0.30214	0.17827
V963	0.43002	0.23117	0.15161	0.1872
V964	0.62949	0.10367	0.11091	0.15593
V965	0.08364	0.45048	0.17047	0.29542
V966	0.74977	0.08138	0.03227	0.13658
V967	0.10006	0.14518	0.37982	0.37493
V968	0.05032	0.23189	0.54617	0.17161
V969	0.06641	0.29665	0.08191	0.55503
V970	0.0843	0.20247	0.31332	0.39991
V971	0.37472	0.16976	0.26663	0.18889
V972	0.36632	0.24665	0.07686	0.31017
V973	0.2136	0.3963	0.09957	0.29053
V974	0.03884	0.6504	0.13221	0.17855
V975	0.11808	0.32618	0.43775	0.118
V976	0.31935	0.28465	0.12256	0.27343
V977	0.25364	0.36796	0.2613	0.1171
V978	0.10902	0.16331	0.10218	0.6255
V979	0.61007	0.09445	0.16729	0.12819
V980	0.77423	0.06835	0.02769	0.12973
V981	0.27214	0.12709	0.3302	0.27057
V982	0.32163	0.39044	0.0967	0.19123
V983	0.50967	0.13233	0.03781	0.32019
V984	0.04407	0.69464	0.1197	0.1416
V985	0.11047	0.22953	0.06071	0.5993
V986	0.2473	0.47511	0.07513	0.20246
V987	0.19313	0.64301	0.03551	0.12835
V988	0.19669	0.10183	0.06695	0.63453
V989	0.32793	0.44642	0.09453	0.13112
V990	0.05551	0.15418	0.55742	0.23288
V991	0.47957	0.3659	0.02871	0.12582
V992	0.19381	0.10663	0.38483	0.31472
V993	0.08302	0.61136	0.15623	0.14939
V994	0.15789	0.66247	0.05972	0.11992
V995	0.5343	0.17046	0.06175	0.23349
V996	0.22448	0.18442	0.05885	0.53226
V997	0.07101	0.12467	0.58617	0.21815
V998	0.65725	0.08601	0.08629	0.17045
V999	0.11099	0.738	0.03793	0.11309
V1000	0.25515	0.10444	0.05182	0.58858
