CD19B	CD56NK	CD4MemoryT	CD14
V1	0.42212	0.09991	0.1608	0.31718
V2	0.16192	0.15236	0.09695	0.58876
V3	0.09136	0.50866	0.0734	0.32659
V4	0.65905	0.17141	0.03741	0.13213
V5	0.13167	0.4234	0.22152	0.22341
V6	0.09679	0.69754	0.08377	0.1219
V7	0.1531	0.33602	0.11724	0.39364
V8	0.16094	0.1254	0.57683	0.13684
V9	0.21113	0.25367	0.08589	0.44931
V10	0.08268	0.13122	0.63485	0.15125
V11	0.19847	0.35641	0.33485	0.11027
V12	0.07258	0.50962	0.30229	0.11551
V13	0.22685	0.58452	0.06586	0.12278
V14	0.08961	0.7288	0.07429	0.10731
V15	0.13458	0.50011	0.14282	0.22249
V16	0.68697	0.11799	0.0536	0.14144
V17	0.10399	0.69664	0.07763	0.12174
V18	0.43359	0.34572	0.08031	0.14037
V19	0.15405	0.66179	0.07014	0.11402
V20	0.16271	0.4021	0.07734	0.35785
V21	0.16018	0.15135	0.55294	0.13554
V22	0.08589	0.1624	0.1876	0.56411
V23	0.32495	0.13545	0.42244	0.11716
V24	0.72188	0.10483	0.05734	0.11595
V25	0.27578	0.26253	0.14046	0.32122
V26	0.30444	0.3645	0.06903	0.26203
V27	0.1343	0.12644	0.07885	0.66041
V28	0.07133	0.14103	0.67908	0.10855
V29	0.36201	0.12386	0.37591	0.13823
V30	0.13193	0.24922	0.22915	0.3897
V31	0.19348	0.23754	0.23995	0.32903
V32	0.12338	0.10908	0.08593	0.68161
V33	0.08842	0.44389	0.28675	0.18094
V34	0.16006	0.13851	0.56504	0.13639
V35	0.15831	0.59173	0.12129	0.12868
V36	0.07832	0.13199	0.35	0.43968
V37	0.41026	0.14569	0.11393	0.33011
V38	0.33781	0.09576	0.16466	0.40177
V39	0.16299	0.48084	0.14794	0.20823
V40	0.11315	0.66746	0.1186	0.10079
V41	0.05749	0.54424	0.10071	0.29756
V42	0.21275	0.11822	0.18805	0.48098
V43	0.1496	0.34525	0.37383	0.13131
V44	0.08098	0.16435	0.51745	0.23722
V45	0.12124	0.50089	0.20563	0.17223
V46	0.61006	0.14432	0.12726	0.11836
V47	0.35582	0.23716	0.25679	0.15023
V48	0.60957	0.21452	0.04516	0.13074
V49	0.55079	0.22858	0.0401	0.18054
V50	0.0921	0.67512	0.12591	0.10687
V51	0.26195	0.38357	0.22252	0.13195
V52	0.08645	0.1906	0.5885	0.13445
V53	0.55922	0.18331	0.14714	0.11033
V54	0.34087	0.24068	0.29027	0.12817
V55	0.20241	0.19099	0.2072	0.3994
V56	0.1056	0.10466	0.11816	0.67158
V57	0.11107	0.69147	0.08307	0.11438
V58	0.47934	0.09287	0.07752	0.35027
V59	0.3369	0.388	0.12812	0.14698
V60	0.15429	0.21128	0.25708	0.37735
V61	0.60308	0.16503	0.0499	0.18198
V62	0.66928	0.11408	0.08933	0.1273
V63	0.05819	0.6704	0.15007	0.12134
V64	0.05168	0.67639	0.06804	0.20389
V65	0.08727	0.10071	0.12501	0.68702
V66	0.19224	0.57178	0.07841	0.15756
V67	0.16433	0.33766	0.38096	0.11705
V68	0.16636	0.18916	0.08102	0.56346
V69	0.08006	0.32819	0.44591	0.14584
V70	0.41425	0.20893	0.16953	0.20729
V71	0.17768	0.15524	0.28746	0.37962
V72	0.4334	0.20969	0.11207	0.24484
V73	0.15527	0.51757	0.15488	0.17228
V74	0.10359	0.266	0.52529	0.10512
V75	0.54201	0.09219	0.17631	0.18948
V76	0.06998	0.21494	0.1775	0.53758
V77	0.09275	0.28258	0.07338	0.55129
V78	0.25837	0.17983	0.17577	0.38603
V79	0.07368	0.18098	0.56652	0.17882
V80	0.3042	0.11858	0.3967	0.18052
V81	0.10656	0.22482	0.5561	0.11252
V82	0.0696	0.1599	0.65542	0.11508
V83	0.15348	0.21443	0.11239	0.5197
V84	0.31637	0.12819	0.16087	0.39457
V85	0.13632	0.32467	0.30562	0.23339
V86	0.10344	0.14885	0.60473	0.14298
V87	0.07069	0.66431	0.10847	0.15653
V88	0.1781	0.14402	0.22439	0.45349
V89	0.09001	0.11027	0.18687	0.61285
V90	0.06339	0.71159	0.10977	0.11525
V91	0.07445	0.60676	0.18957	0.12923
V92	0.37	0.11823	0.2963	0.21547
V93	0.66976	0.09588	0.03651	0.19785
V94	0.07198	0.38939	0.08319	0.45545
V95	0.22327	0.39707	0.16251	0.21715
V96	0.11999	0.15797	0.08468	0.63736
V97	0.52624	0.17371	0.18422	0.11583
V98	0.52625	0.31019	0.0426	0.12096
V99	0.61146	0.12518	0.14406	0.1193
V100	0.12382	0.1371	0.61007	0.12901
V101	0.0901	0.11111	0.07524	0.72355
V102	0.70693	0.12382	0.04171	0.12754
V103	0.08472	0.12434	0.1242	0.66674
V104	0.06201	0.75426	0.07609	0.10763
V105	0.08163	0.73046	0.08045	0.10745
V106	0.13644	0.45765	0.26875	0.13716
V107	0.19024	0.25095	0.41101	0.14779
V108	0.15019	0.6198	0.12943	0.10057
V109	0.07828	0.22359	0.41994	0.27819
V110	0.08358	0.69856	0.09581	0.12205
V111	0.70316	0.08732	0.08738	0.12215
V112	0.15789	0.15194	0.31821	0.37196
V113	0.18787	0.17301	0.1729	0.46622
V114	0.22427	0.12621	0.11366	0.53586
V115	0.05458	0.62227	0.21562	0.10753
V116	0.15686	0.32265	0.28667	0.23382
V117	0.51016	0.27729	0.07009	0.14245
V118	0.16099	0.48563	0.08796	0.26542
V119	0.14483	0.14567	0.09883	0.61066
V120	0.12205	0.16253	0.59402	0.1214
V121	0.44756	0.18986	0.11072	0.25186
V122	0.73582	0.09134	0.04382	0.12901
V123	0.06335	0.43406	0.10129	0.40131
V124	0.49861	0.30337	0.0424	0.15562
V125	0.30882	0.39201	0.17356	0.12561
V126	0.09791	0.19167	0.10199	0.60843
V127	0.17793	0.13573	0.21951	0.46684
V128	0.09709	0.106	0.13479	0.66211
V129	0.44187	0.26464	0.15851	0.13498
V130	0.05718	0.5579	0.27731	0.10761
V131	0.0625	0.70538	0.06859	0.16353
V132	0.71569	0.09168	0.05707	0.13556
V133	0.69586	0.09964	0.0765	0.128
V134	0.13311	0.36095	0.14749	0.35845
V135	0.12784	0.11334	0.17455	0.58427
V136	0.21286	0.36619	0.06897	0.35198
V137	0.49965	0.12358	0.21002	0.16676
V138	0.1946	0.3754	0.17595	0.25405
V139	0.28525	0.24479	0.18313	0.28683
V140	0.09523	0.15395	0.10217	0.64865
V141	0.1123	0.22135	0.38761	0.27874
V142	0.61357	0.09417	0.17876	0.1135
V143	0.33129	0.2816	0.10137	0.28575
V144	0.17386	0.20687	0.16782	0.45145
V145	0.04864	0.62851	0.21544	0.10741
V146	0.11195	0.10403	0.08763	0.69639
V147	0.69483	0.10449	0.05223	0.14846
V148	0.15783	0.16342	0.4125	0.26624
V149	0.22887	0.46057	0.20131	0.10925
V150	0.12503	0.28306	0.42438	0.16753
V151	0.18728	0.52472	0.08667	0.20132
V152	0.20866	0.40823	0.20085	0.18225
V153	0.12221	0.6043	0.08076	0.19273
V154	0.21743	0.41884	0.23325	0.13047
V155	0.37175	0.2067	0.2353	0.18624
V156	0.09257	0.21352	0.48825	0.20566
V157	0.26057	0.21667	0.2503	0.27246
V158	0.09022	0.09961	0.08494	0.72523
V159	0.67253	0.13626	0.03694	0.15427
V160	0.51808	0.09379	0.09203	0.29609
V161	0.20426	0.09934	0.08404	0.61236
V162	0.10866	0.29859	0.12001	0.47274
V163	0.12339	0.43008	0.17332	0.27321
V164	0.27405	0.3127	0.12902	0.28424
V165	0.07637	0.2679	0.07012	0.58562
V166	0.08156	0.16125	0.11402	0.64317
V167	0.28806	0.09189	0.06093	0.55912
V168	0.24077	0.49234	0.11641	0.15049
V169	0.18885	0.1327	0.0892	0.58925
V170	0.14478	0.12689	0.37654	0.35178
V171	0.15398	0.2815	0.42505	0.13947
V172	0.55781	0.09668	0.2253	0.12021
V173	0.09207	0.19125	0.09741	0.61927
V174	0.0841	0.207	0.11792	0.59098
V175	0.11858	0.12137	0.55191	0.20813
V176	0.05254	0.66036	0.17967	0.10743
V177	0.04807	0.76513	0.07223	0.11457
V178	0.05429	0.61208	0.07229	0.26134
V179	0.17954	0.11393	0.29147	0.41507
V180	0.06403	0.71332	0.12218	0.10047
V181	0.17645	0.20425	0.38944	0.22985
V182	0.26317	0.23672	0.34472	0.15539
V183	0.16734	0.65436	0.0706	0.1077
V184	0.75946	0.08491	0.03921	0.11642
V185	0.43815	0.39108	0.05841	0.11236
V186	0.13841	0.43163	0.22783	0.20213
V187	0.72956	0.09223	0.05595	0.12226
V188	0.10774	0.24808	0.06783	0.57634
V189	0.60905	0.10434	0.0538	0.23281
V190	0.51578	0.10595	0.2591	0.11917
V191	0.18949	0.25768	0.41243	0.1404
V192	0.24828	0.41812	0.09389	0.23971
V193	0.46306	0.12411	0.20343	0.2094
V194	0.06835	0.7343	0.07537	0.12198
V195	0.07669	0.14082	0.66735	0.11515
V196	0.08667	0.13978	0.07922	0.69432
V197	0.32446	0.12945	0.07511	0.47098
V198	0.10304	0.45208	0.29349	0.1514
V199	0.17798	0.11855	0.17215	0.53132
V200	0.13984	0.47468	0.07781	0.30767
V201	0.12228	0.47654	0.18595	0.21523
V202	0.08327	0.12846	0.54328	0.24499
V203	0.16742	0.40544	0.30314	0.12399
V204	0.06193	0.44977	0.07395	0.41435
V205	0.08255	0.15881	0.63694	0.1217
V206	0.1023	0.18374	0.6001	0.11386
V207	0.15264	0.22594	0.10201	0.5194
V208	0.23907	0.16068	0.47852	0.12173
V209	0.24912	0.41924	0.10731	0.22433
V210	0.10779	0.61973	0.13025	0.14223
V211	0.33278	0.103	0.07918	0.48504
V212	0.40722	0.13573	0.32737	0.12968
V213	0.4792	0.11491	0.12377	0.28212
V214	0.2716	0.21365	0.16404	0.3507
V215	0.24817	0.16336	0.07216	0.51631
V216	0.10206	0.09885	0.08323	0.71587
V217	0.08891	0.43463	0.21029	0.26617
V218	0.12468	0.40034	0.17278	0.3022
V219	0.124	0.52539	0.07223	0.27837
V220	0.05205	0.65601	0.07293	0.21901
V221	0.60702	0.08868	0.04346	0.26084
V222	0.26919	0.20493	0.28145	0.24443
V223	0.0705	0.21752	0.54231	0.16967
V224	0.74934	0.08512	0.04969	0.11585
V225	0.08338	0.70026	0.10969	0.10666
V226	0.2737	0.1723	0.43196	0.12203
V227	0.6063	0.09391	0.17288	0.12691
V228	0.57849	0.14151	0.09114	0.18885
V229	0.08319	0.13928	0.64798	0.12955
V230	0.08972	0.11113	0.08454	0.71461
V231	0.07798	0.28576	0.13896	0.4973
V232	0.08414	0.53384	0.06366	0.31835
V233	0.42961	0.16577	0.1814	0.22322
V234	0.06903	0.72341	0.09163	0.11593
V235	0.31661	0.15393	0.39228	0.13718
V236	0.1029	0.1655	0.56088	0.17073
V237	0.17145	0.10061	0.08769	0.64025
V238	0.14444	0.48272	0.22949	0.14335
V239	0.10609	0.36296	0.08033	0.45062
V240	0.39233	0.13424	0.32204	0.15139
V241	0.08348	0.12964	0.62161	0.16528
V242	0.1358	0.62069	0.13004	0.11347
V243	0.23211	0.14401	0.45241	0.17147
V244	0.21151	0.11892	0.48985	0.17972
V245	0.45098	0.30923	0.08509	0.1547
V246	0.10502	0.22401	0.54377	0.1272
V247	0.1823	0.13214	0.57766	0.1079
V248	0.09324	0.11648	0.09848	0.6918
V249	0.06862	0.14999	0.61733	0.16406
V250	0.59347	0.09546	0.19085	0.12021
V251	0.72065	0.11653	0.04128	0.12154
V252	0.0521	0.67963	0.16843	0.09984
V253	0.29382	0.15128	0.16092	0.39398
V254	0.04901	0.73836	0.10577	0.10686
V255	0.07514	0.7206	0.06857	0.13569
V256	0.18234	0.26237	0.37782	0.17746
V257	0.3319	0.17627	0.20279	0.28904
V258	0.18006	0.29687	0.31811	0.20496
V259	0.08603	0.3208	0.45351	0.13965
V260	0.0609	0.3158	0.51267	0.11063
V261	0.46848	0.12054	0.17912	0.23186
V262	0.13409	0.13232	0.07895	0.65463
V263	0.05582	0.75169	0.07132	0.12117
V264	0.17903	0.13656	0.31802	0.3664
V265	0.09837	0.10129	0.1497	0.65064
V266	0.4966	0.3465	0.05022	0.10668
V267	0.06819	0.22898	0.23451	0.46831
V268	0.30741	0.11448	0.14944	0.42867
V269	0.05756	0.48946	0.30863	0.14435
V270	0.49255	0.11556	0.21008	0.18181
V271	0.5981	0.13922	0.06684	0.19584
V272	0.08406	0.65296	0.07734	0.18564
V273	0.11118	0.10945	0.09327	0.6861
V274	0.53376	0.09243	0.17016	0.20365
V275	0.07095	0.14085	0.67304	0.11516
V276	0.38017	0.33404	0.05878	0.227
V277	0.09237	0.24081	0.16668	0.50014
V278	0.09868	0.1462	0.23857	0.51655
V279	0.51655	0.13662	0.1227	0.22413
V280	0.09022	0.09961	0.08494	0.72523
V281	0.41218	0.11779	0.14534	0.32469
V282	0.10887	0.16638	0.56785	0.1569
V283	0.18864	0.48947	0.10637	0.21552
V284	0.06399	0.71867	0.11	0.10734
V285	0.11751	0.13095	0.64281	0.10873
V286	0.21138	0.47297	0.13418	0.18147
V287	0.11065	0.69017	0.07767	0.12151
V288	0.07486	0.3018	0.31881	0.30454
V289	0.24835	0.26474	0.31759	0.16932
V290	0.6308	0.20778	0.05048	0.11094
V291	0.39127	0.15811	0.32782	0.12279
V292	0.71223	0.08959	0.03512	0.16307
V293	0.26959	0.12512	0.46179	0.1435
V294	0.11947	0.33879	0.06519	0.47655
V295	0.08119	0.22305	0.18292	0.51284
V296	0.18549	0.20077	0.4358	0.17794
V297	0.12399	0.09819	0.11073	0.6671
V298	0.26566	0.18585	0.42676	0.12173
V299	0.11148	0.27814	0.07652	0.53386
V300	0.07736	0.12257	0.20481	0.59527
V301	0.15077	0.19541	0.45367	0.20016
V302	0.49638	0.33876	0.04457	0.12029
V303	0.05045	0.51623	0.30302	0.1303
V304	0.10967	0.13485	0.51691	0.23856
V305	0.14791	0.22441	0.33446	0.29322
V306	0.60717	0.16107	0.0793	0.15246
V307	0.0558	0.74747	0.08203	0.1147
V308	0.20717	0.26585	0.24093	0.28606
V309	0.26447	0.31255	0.07564	0.34734
V310	0.11501	0.31208	0.15891	0.414
V311	0.39796	0.43452	0.0554	0.11212
V312	0.11522	0.60375	0.15914	0.12189
V313	0.07788	0.16424	0.08522	0.67266
V314	0.06922	0.41385	0.13948	0.37744
V315	0.1319	0.51427	0.08916	0.26467
V316	0.26226	0.20552	0.29504	0.23718
V317	0.10883	0.56436	0.09756	0.22925
V318	0.0807	0.46092	0.0766	0.38178
V319	0.10838	0.16185	0.59415	0.13562
V320	0.12147	0.21782	0.45491	0.2058
V321	0.48929	0.35395	0.05014	0.10662
V322	0.1806	0.31445	0.10975	0.3952
V323	0.11048	0.11169	0.12227	0.65556
V324	0.49707	0.28008	0.09468	0.12817
V325	0.2511	0.53981	0.09955	0.10954
V326	0.05457	0.46875	0.1295	0.34718
V327	0.08421	0.19556	0.13434	0.58589
V328	0.10316	0.13459	0.51691	0.24533
V329	0.17546	0.17951	0.16656	0.47848
V330	0.3146	0.10765	0.26578	0.31197
V331	0.27614	0.15703	0.0885	0.47833
V332	0.08241	0.13448	0.17691	0.60621
V333	0.33645	0.16204	0.29996	0.20155
V334	0.29321	0.11118	0.27692	0.3187
V335	0.07854	0.34486	0.37363	0.20297
V336	0.16508	0.57038	0.07811	0.18643
V337	0.24045	0.38425	0.24364	0.13166
V338	0.04166	0.77244	0.07862	0.10728
V339	0.15342	0.12793	0.60308	0.11557
V340	0.10378	0.27013	0.37706	0.24903
V341	0.09229	0.11802	0.10798	0.68171
V342	0.23258	0.1147	0.43682	0.21591
V343	0.74148	0.09629	0.04006	0.12217
V344	0.51702	0.20658	0.16759	0.10881
V345	0.07676	0.14078	0.67405	0.10842
V346	0.2102	0.18575	0.23175	0.3723
V347	0.10363	0.10561	0.14493	0.64583
V348	0.09105	0.53825	0.15664	0.21407
V349	0.28439	0.22588	0.29686	0.19287
V350	0.06607	0.65467	0.17889	0.10037
V351	0.08614	0.13024	0.29842	0.48521
V352	0.10408	0.1341	0.58991	0.17191
V353	0.65996	0.10492	0.06546	0.16967
V354	0.08429	0.57259	0.20746	0.13565
V355	0.24426	0.16554	0.33854	0.25166
V356	0.09729	0.11232	0.12844	0.66195
V357	0.13555	0.3301	0.23003	0.30432
V358	0.39948	0.16994	0.08702	0.34355
V359	0.42116	0.13331	0.07399	0.37155
V360	0.41508	0.40059	0.06569	0.11864
V361	0.05505	0.42498	0.41046	0.10952
V362	0.04183	0.76772	0.08328	0.10717
V363	0.17714	0.19505	0.34024	0.28757
V364	0.17326	0.16128	0.47857	0.18689
V365	0.22911	0.11085	0.07067	0.58937
V366	0.10323	0.55334	0.12167	0.22175
V367	0.41948	0.19457	0.05079	0.33516
V368	0.10873	0.58923	0.12314	0.1789
V369	0.06922	0.39015	0.43108	0.10955
V370	0.25259	0.3026	0.31149	0.13332
V371	0.17163	0.58681	0.08451	0.15705
V372	0.16996	0.13762	0.13875	0.55367
V373	0.12056	0.21022	0.34071	0.32851
V374	0.60023	0.10091	0.18523	0.11363
V375	0.10201	0.12609	0.15466	0.61724
V376	0.09696	0.11805	0.12832	0.65668
V377	0.58577	0.08237	0.05006	0.2818
V378	0.0803	0.13081	0.30416	0.48473
V379	0.26605	0.23	0.06622	0.43773
V380	0.16426	0.15427	0.18376	0.49771
V381	0.54255	0.10195	0.10883	0.24667
V382	0.12315	0.14288	0.61865	0.11532
V383	0.61902	0.09201	0.0778	0.21116
V384	0.41137	0.15385	0.13943	0.29534
V385	0.64214	0.10004	0.09609	0.16172
V386	0.25225	0.10902	0.15164	0.48709
V387	0.43616	0.20867	0.17542	0.17975
V388	0.28877	0.33152	0.1529	0.2268
V389	0.31797	0.4582	0.0647	0.15913
V390	0.25345	0.28857	0.3468	0.11118
V391	0.316	0.16912	0.06893	0.44596
V392	0.31986	0.25553	0.16611	0.25849
V393	0.239	0.26886	0.27144	0.2207
V394	0.12519	0.25245	0.13481	0.48756
V395	0.19511	0.36964	0.18757	0.24768
V396	0.04896	0.75338	0.07639	0.12127
V397	0.58099	0.15903	0.11485	0.14514
V398	0.33392	0.19596	0.11844	0.35168
V399	0.17723	0.47533	0.15958	0.18786
V400	0.05411	0.48036	0.11192	0.3536
V401	0.09185	0.22961	0.50903	0.16951
V402	0.60339	0.21741	0.06858	0.11063
V403	0.09254	0.11211	0.11317	0.68218
V404	0.12588	0.25287	0.43664	0.1846
V405	0.20403	0.12374	0.16573	0.50649
V406	0.47162	0.27597	0.05985	0.19257
V407	0.04166	0.77244	0.07862	0.10728
V408	0.12542	0.27867	0.29806	0.29786
V409	0.08444	0.10525	0.08553	0.72478
V410	0.1049	0.68478	0.08867	0.12165
V411	0.33683	0.09479	0.05359	0.51479
V412	0.17038	0.16718	0.3599	0.30254
V413	0.09536	0.42327	0.17958	0.3018
V414	0.08051	0.44884	0.26918	0.20147
V415	0.33941	0.12401	0.2037	0.33288
V416	0.07528	0.1733	0.64346	0.10796
V417	0.29879	0.5286	0.06177	0.11083
V418	0.11823	0.17182	0.15289	0.55705
V419	0.08997	0.09905	0.09075	0.72023
V420	0.04465	0.6979	0.08013	0.17732
V421	0.17407	0.1457	0.47873	0.2015
V422	0.10504	0.13328	0.0764	0.68528
V423	0.12382	0.1371	0.61007	0.12901
V424	0.06958	0.15232	0.43572	0.34239
V425	0.10294	0.28226	0.42402	0.19078
V426	0.13191	0.15057	0.5538	0.16373
V427	0.10584	0.36625	0.18388	0.34403
V428	0.10628	0.61514	0.10681	0.17177
V429	0.08976	0.09949	0.0952	0.71555
V430	0.55239	0.21583	0.05889	0.17289
V431	0.18634	0.12925	0.33179	0.35262
V432	0.138	0.15874	0.09943	0.60383
V433	0.08794	0.5857	0.06374	0.26262
V434	0.27011	0.15138	0.09351	0.485
V435	0.38118	0.10433	0.13451	0.37998
V436	0.29989	0.10566	0.13315	0.4613
V437	0.20406	0.24993	0.06553	0.48047
V438	0.4447	0.21218	0.07152	0.2716
V439	0.09605	0.15792	0.07711	0.66893
V440	0.3606	0.12146	0.07853	0.43941
V441	0.11286	0.20929	0.42009	0.25775
V442	0.25269	0.33675	0.14813	0.26244
V443	0.54947	0.09459	0.10892	0.24701
V444	0.07676	0.14078	0.67405	0.10842
V445	0.47326	0.11653	0.27265	0.13756
V446	0.0709	0.65696	0.10824	0.16389
V447	0.46719	0.17187	0.16667	0.19426
V448	0.08719	0.14799	0.18177	0.58305
V449	0.42664	0.13454	0.24377	0.19505
V450	0.13916	0.6834	0.07634	0.1011
V451	0.70722	0.12358	0.03443	0.13477
V452	0.09901	0.10611	0.11236	0.68252
V453	0.60041	0.14933	0.09041	0.15985
V454	0.04224	0.73791	0.10519	0.11467
V455	0.45793	0.12695	0.2492	0.16591
V456	0.26974	0.19874	0.29441	0.2371
V457	0.08428	0.11131	0.08068	0.72373
V458	0.22376	0.25028	0.06422	0.46174
V459	0.05809	0.63251	0.13071	0.17868
V460	0.72221	0.09197	0.05666	0.12916
V461	0.11175	0.11592	0.07637	0.69596
V462	0.27126	0.26445	0.05476	0.40953
V463	0.21452	0.4262	0.16312	0.19616
V464	0.37422	0.16778	0.0542	0.4038
V465	0.30482	0.39368	0.07588	0.22562
V466	0.42641	0.23052	0.05019	0.29287
V467	0.25402	0.49181	0.11611	0.13806
V468	0.37392	0.3822	0.0903	0.15358
V469	0.08059	0.22895	0.23425	0.4562
V470	0.40567	0.19342	0.17051	0.2304
V471	0.22799	0.17083	0.08505	0.51613
V472	0.25547	0.32173	0.05559	0.36721
V473	0.12151	0.48107	0.27503	0.12239
V474	0.14667	0.09808	0.12996	0.62528
V475	0.17188	0.36641	0.11645	0.34526
V476	0.17053	0.10788	0.10248	0.61911
V477	0.44653	0.12809	0.18682	0.23857
V478	0.1387	0.48744	0.06634	0.30752
V479	0.08072	0.18072	0.55993	0.17864
V480	0.11564	0.30243	0.09723	0.4847
V481	0.16701	0.13291	0.57803	0.12205
V482	0.51503	0.21718	0.12486	0.14293
V483	0.14942	0.17426	0.11263	0.56369
V484	0.09106	0.14057	0.08831	0.68006
V485	0.12995	0.59042	0.07288	0.20674
V486	0.22632	0.28404	0.14204	0.3476
V487	0.12204	0.12911	0.12087	0.62797
V488	0.07051	0.12671	0.60906	0.19373
V489	0.20693	0.18975	0.48249	0.12082
V490	0.26604	0.31666	0.10485	0.31245
V491	0.33525	0.42498	0.08048	0.15929
V492	0.06523	0.67122	0.15624	0.10731
V493	0.09056	0.0987	0.07702	0.73372
V494	0.19056	0.22754	0.37558	0.20631
V495	0.19568	0.5274	0.15427	0.12265
V496	0.22843	0.56863	0.05941	0.14352
V497	0.07704	0.13378	0.67404	0.11514
V498	0.25529	0.1714	0.09532	0.47798
V499	0.46103	0.29144	0.13436	0.11317
V500	0.13524	0.20797	0.51557	0.14122
V501	0.08458	0.09963	0.09556	0.72023
V502	0.40912	0.30258	0.15433	0.13397
V503	0.18839	0.17437	0.18404	0.4532
V504	0.19868	0.57106	0.07233	0.15794
V505	0.18563	0.25635	0.21572	0.3423
V506	0.1245	0.28991	0.33008	0.25551
V507	0.44964	0.17631	0.12941	0.24463
V508	0.55474	0.21756	0.07649	0.15121
V509	0.21388	0.15999	0.36657	0.25957
V510	0.20015	0.46328	0.22695	0.10963
V511	0.09173	0.37164	0.09897	0.43765
V512	0.21647	0.1333	0.11441	0.53582
V513	0.10512	0.53819	0.19902	0.15767
V514	0.08819	0.13367	0.07441	0.70374
V515	0.5635	0.13953	0.08029	0.21668
V516	0.69303	0.15137	0.03553	0.12007
V517	0.10124	0.12265	0.21548	0.56062
V518	0.73458	0.10927	0.03409	0.12207
V519	0.06401	0.6786	0.07272	0.18468
V520	0.09214	0.11592	0.43392	0.35802
V521	0.43552	0.13838	0.28896	0.13715
V522	0.07237	0.20847	0.40532	0.31384
V523	0.28082	0.19949	0.21774	0.30195
V524	0.05301	0.62681	0.19139	0.12879
V525	0.2186	0.2398	0.0787	0.4629
V526	0.46928	0.15749	0.09966	0.27356
V527	0.19976	0.12733	0.29918	0.37374
V528	0.11105	0.68135	0.06549	0.14211
V529	0.1131	0.14919	0.19746	0.54025
V530	0.0682	0.26297	0.47748	0.19136
V531	0.05803	0.69774	0.14434	0.09989
V532	0.16697	0.31696	0.0818	0.43427
V533	0.23173	0.34335	0.14851	0.27641
V534	0.07675	0.12676	0.49467	0.30183
V535	0.41105	0.08592	0.05789	0.44514
V536	0.19332	0.10665	0.28473	0.41529
V537	0.44082	0.28706	0.15285	0.11927
V538	0.34305	0.1381	0.11262	0.40623
V539	0.22327	0.39707	0.16251	0.21715
V540	0.17929	0.5687	0.11544	0.13657
V541	0.06931	0.42962	0.11187	0.3892
V542	0.18754	0.19919	0.2139	0.39937
V543	0.6576	0.09069	0.04699	0.20472
V544	0.1377	0.16577	0.16857	0.52796
V545	0.28366	0.20116	0.10303	0.41215
V546	0.0767	0.70079	0.11526	0.10726
V547	0.07708	0.54245	0.26541	0.11506
V548	0.1501	0.61972	0.12311	0.10707
V549	0.28276	0.13823	0.45623	0.12278
V550	0.43209	0.11049	0.04625	0.41117
V551	0.16532	0.59506	0.09057	0.14904
V552	0.05702	0.44207	0.07371	0.4272
V553	0.21354	0.22342	0.43595	0.1271
V554	0.10878	0.15231	0.08546	0.65345
V555	0.12497	0.26678	0.26102	0.34723
V556	0.06901	0.14601	0.64865	0.13633
V557	0.60225	0.10878	0.04958	0.2394
V558	0.09253	0.62093	0.08727	0.19927
V559	0.0529	0.65587	0.19092	0.10031
V560	0.51828	0.32368	0.04426	0.11378
V561	0.07095	0.14085	0.67304	0.11516
V562	0.58144	0.09531	0.12637	0.19688
V563	0.23254	0.12158	0.53021	0.11567
V564	0.10849	0.1763	0.59407	0.12113
V565	0.14438	0.29165	0.28658	0.27739
V566	0.5075	0.16563	0.04632	0.28055
V567	0.19118	0.39749	0.08047	0.33086
V568	0.21705	0.101	0.09716	0.58479
V569	0.49804	0.10908	0.0426	0.35029
V570	0.08063	0.32065	0.43823	0.16049
V571	0.60835	0.18493	0.03906	0.16766
V572	0.35506	0.11299	0.33584	0.1961
V573	0.11023	0.20893	0.07384	0.60699
V574	0.0741	0.63309	0.17869	0.11412
V575	0.08709	0.15813	0.14451	0.61027
V576	0.14945	0.64428	0.09251	0.11376
V577	0.1001	0.13557	0.1924	0.57193
V578	0.10852	0.16772	0.47227	0.25149
V579	0.05075	0.69506	0.13309	0.12111
V580	0.16519	0.10477	0.13401	0.59603
V581	0.11459	0.1449	0.07116	0.66935
V582	0.4217	0.20503	0.07262	0.30066
V583	0.07628	0.15167	0.41505	0.357
V584	0.39334	0.22174	0.24178	0.14315
V585	0.08033	0.11812	0.32968	0.47187
V586	0.22537	0.12339	0.46345	0.18779
V587	0.24895	0.12762	0.4876	0.13582
V588	0.45757	0.12483	0.06741	0.35019
V589	0.08501	0.645	0.11357	0.15643
V590	0.08169	0.62053	0.19042	0.10736
V591	0.07785	0.12857	0.18718	0.6064
V592	0.17444	0.1453	0.57206	0.10819
V593	0.43818	0.09305	0.17207	0.2967
V594	0.27299	0.31447	0.26497	0.14756
V595	0.0945	0.11109	0.08401	0.7104
V596	0.0889	0.29565	0.20074	0.41471
V597	0.05158	0.50034	0.27556	0.17251
V598	0.07865	0.20639	0.59423	0.12072
V599	0.46404	0.32989	0.07242	0.13365
V600	0.27749	0.42559	0.09422	0.2027
V601	0.16173	0.28608	0.11694	0.43526
V602	0.09482	0.11074	0.07966	0.71478
V603	0.07086	0.33774	0.07918	0.51222
V604	0.39546	0.19662	0.27196	0.13596
V605	0.1071	0.33803	0.30062	0.25426
V606	0.5304	0.20881	0.05287	0.20792
V607	0.47868	0.10255	0.12245	0.29632
V608	0.2031	0.2265	0.29066	0.27974
V609	0.08456	0.26692	0.20649	0.44204
V610	0.56567	0.10824	0.10908	0.21701
V611	0.24423	0.09934	0.09555	0.56088
V612	0.08782	0.18775	0.56114	0.16329
V613	0.08454	0.34811	0.42777	0.13958
V614	0.55564	0.13894	0.08111	0.22431
V615	0.1519	0.13148	0.07257	0.64405
V616	0.10239	0.56377	0.0976	0.23623
V617	0.37259	0.22642	0.29345	0.10754
V618	0.53234	0.09057	0.0403	0.33679
V619	0.30614	0.12914	0.25378	0.31093
V620	0.05718	0.5579	0.27731	0.10761
V621	0.32173	0.2147	0.16889	0.29468
V622	0.28978	0.27101	0.30438	0.13484
V623	0.08686	0.15267	0.15538	0.60509
V624	0.59401	0.23521	0.0406	0.13019
V625	0.22137	0.43625	0.12625	0.21613
V626	0.73498	0.10239	0.03404	0.1286
V627	0.08068	0.11254	0.11474	0.69203
V628	0.07175	0.24135	0.08245	0.60445
V629	0.14328	0.30866	0.22938	0.31868
V630	0.08577	0.34776	0.4204	0.14607
V631	0.0823	0.22878	0.13391	0.55501
V632	0.43509	0.09072	0.14306	0.33113
V633	0.06947	0.1452	0.57811	0.20722
V634	0.31601	0.29814	0.27278	0.11307
V635	0.06834	0.59959	0.07039	0.26168
V636	0.15104	0.19471	0.44741	0.20683
V637	0.24772	0.23735	0.11747	0.39746
V638	0.2874	0.28019	0.10468	0.32773
V639	0.23182	0.40645	0.25841	0.10332
V640	0.09146	0.23023	0.52973	0.14858
V641	0.66065	0.11783	0.06008	0.16144
V642	0.56578	0.22087	0.04014	0.17321
V643	0.07161	0.24438	0.32994	0.35407
V644	0.68666	0.14539	0.04156	0.12639
V645	0.22554	0.39266	0.25759	0.12421
V646	0.04801	0.76744	0.07713	0.10742
V647	0.16583	0.18432	0.49397	0.15588
V648	0.31577	0.40429	0.14796	0.13199
V649	0.08842	0.16817	0.58723	0.15618
V650	0.10775	0.18642	0.54271	0.16312
V651	0.27579	0.11896	0.48867	0.11658
V652	0.12933	0.1807	0.31897	0.37099
V653	0.13297	0.54244	0.13123	0.19336
V654	0.5119	0.24266	0.08846	0.15698
V655	0.08026	0.46956	0.08165	0.36853
V656	0.18801	0.28048	0.07027	0.46124
V657	0.09231	0.14047	0.07774	0.68948
V658	0.43841	0.24879	0.09103	0.22176
V659	0.27013	0.17635	0.27972	0.2738
V660	0.06154	0.74609	0.0708	0.12157
V661	0.09787	0.37286	0.1046	0.42467
V662	0.33243	0.12221	0.35	0.19536
V663	0.22178	0.16988	0.40722	0.20112
V664	0.20177	0.16784	0.48064	0.14975
V665	0.50376	0.23274	0.07693	0.18657
V666	0.43297	0.09002	0.11807	0.35895
V667	0.58277	0.14756	0.15796	0.11171
V668	0.12701	0.6484	0.124	0.1006
V669	0.20229	0.38865	0.21941	0.18965
V670	0.09617	0.71354	0.06845	0.12184
V671	0.28527	0.3096	0.22114	0.18399
V672	0.08296	0.14452	0.63632	0.1362
V673	0.20327	0.3581	0.20526	0.23337
V674	0.52381	0.20305	0.05854	0.2146
V675	0.14989	0.33357	0.25501	0.26153
V676	0.0923	0.17584	0.13369	0.59817
V677	0.29298	0.37916	0.12348	0.20438
V678	0.39128	0.43589	0.06082	0.112
V679	0.09292	0.3361	0.4533	0.11768
V680	0.24977	0.4756	0.15163	0.123
V681	0.67375	0.13701	0.04867	0.14057
V682	0.13711	0.32433	0.39948	0.13908
V683	0.04816	0.76754	0.08343	0.10087
V684	0.51465	0.21711	0.11122	0.15701
V685	0.36966	0.34622	0.13672	0.1474
V686	0.12714	0.22746	0.1574	0.488
V687	0.09503	0.10481	0.08475	0.7154
V688	0.28804	0.44826	0.05458	0.20911
V689	0.22436	0.09396	0.09189	0.58979
V690	0.3708	0.14165	0.32249	0.16506
V691	0.1746	0.12533	0.58431	0.11576
V692	0.12039	0.22145	0.49592	0.16224
V693	0.21167	0.19072	0.28129	0.31632
V694	0.08205	0.12487	0.23944	0.55364
V695	0.21898	0.10396	0.15839	0.51868
V696	0.12062	0.15176	0.07922	0.6484
V697	0.08849	0.12697	0.07981	0.70474
V698	0.60782	0.08939	0.04887	0.25393
V699	0.41356	0.30452	0.09742	0.1845
V700	0.20948	0.11087	0.06808	0.61157
V701	0.12896	0.44655	0.13754	0.28694
V702	0.39698	0.15347	0.05891	0.39064
V703	0.15752	0.15308	0.35211	0.33729
V704	0.6042	0.12356	0.06194	0.2103
V705	0.72934	0.08514	0.044	0.14153
V706	0.12419	0.15691	0.54037	0.17853
V707	0.08322	0.40828	0.36993	0.13857
V708	0.0701	0.6821	0.08401	0.16379
V709	0.15312	0.30122	0.37817	0.1675
V710	0.43811	0.24844	0.08473	0.22871
V711	0.10678	0.63472	0.13009	0.12841
V712	0.60258	0.12851	0.044	0.22491
V713	0.32168	0.30865	0.07813	0.29154
V714	0.05859	0.53393	0.08273	0.32475
V715	0.25022	0.34258	0.24684	0.16036
V716	0.09861	0.12244	0.09778	0.68117
V717	0.09594	0.72025	0.0685	0.11531
V718	0.15075	0.47721	0.1772	0.19484
V719	0.08918	0.562	0.09197	0.25686
V720	0.53017	0.09404	0.20079	0.17499
V721	0.14705	0.23119	0.34291	0.27885
V722	0.12076	0.3204	0.07498	0.48385
V723	0.13857	0.15135	0.07274	0.63734
V724	0.42514	0.11503	0.10839	0.35144
V725	0.06641	0.19305	0.60621	0.13432
V726	0.08506	0.35095	0.14416	0.41983
V727	0.22311	0.54365	0.12501	0.10822
V728	0.06402	0.69561	0.13286	0.10751
V729	0.31611	0.10863	0.16013	0.41513
V730	0.67466	0.11285	0.0713	0.14119
V731	0.08537	0.24855	0.29821	0.36788
V732	0.28369	0.16824	0.27388	0.27419
V733	0.46664	0.23272	0.07167	0.22897
V734	0.21478	0.32748	0.34745	0.1103
V735	0.0846	0.13199	0.35015	0.43327
V736	0.15911	0.10104	0.07317	0.66669
V737	0.2637	0.30881	0.20835	0.21914
V738	0.11586	0.34108	0.33302	0.21004
V739	0.07139	0.12375	0.42644	0.37843
V740	0.62773	0.15531	0.0909	0.12606
V741	0.35867	0.1765	0.13449	0.33035
V742	0.31461	0.51547	0.06654	0.10337
V743	0.15627	0.22149	0.49529	0.12695
V744	0.39783	0.13641	0.2639	0.20187
V745	0.06199	0.56041	0.18404	0.19356
V746	0.75819	0.08452	0.03437	0.12292
V747	0.11117	0.1192	0.49533	0.2743
V748	0.1501	0.19249	0.4129	0.24452
V749	0.23325	0.21978	0.09616	0.45081
V750	0.31068	0.41554	0.07031	0.20348
V751	0.07705	0.67883	0.09529	0.14884
V752	0.34254	0.26379	0.14304	0.25063
V753	0.09048	0.10369	0.07644	0.72939
V754	0.0504	0.72484	0.0689	0.15586
V755	0.15986	0.24779	0.26444	0.32791
V756	0.09468	0.10516	0.09864	0.70152
V757	0.26786	0.49801	0.10379	0.13034
V758	0.0816	0.60672	0.14776	0.16392
V759	0.15096	0.1569	0.29967	0.39247
V760	0.24801	0.15003	0.22946	0.3725
V761	0.10025	0.49164	0.23553	0.17259
V762	0.06394	0.34459	0.07957	0.5119
V763	0.29214	0.34257	0.07465	0.29063
V764	0.05099	0.7184	0.07491	0.1557
V765	0.48464	0.15887	0.04155	0.31494
V766	0.0742	0.33271	0.32561	0.26747
V767	0.36323	0.19883	0.20772	0.23023
V768	0.08244	0.71057	0.08498	0.12201
V769	0.1416	0.65783	0.08748	0.1131
V770	0.04801	0.76744	0.07713	0.10742
V771	0.18131	0.13135	0.56506	0.12228
V772	0.15958	0.15314	0.57243	0.11485
V773	0.15405	0.66179	0.07014	0.11402
V774	0.08368	0.13225	0.64755	0.13653
V775	0.14581	0.13773	0.23106	0.4854
V776	0.32104	0.38999	0.09187	0.19711
V777	0.1747	0.18442	0.14967	0.49121
V778	0.39214	0.29727	0.09865	0.21194
V779	0.17841	0.145	0.35942	0.31716
V780	0.12293	0.62325	0.15327	0.10056
V781	0.10577	0.11588	0.0873	0.69105
V782	0.07124	0.21124	0.55459	0.16293
V783	0.57609	0.10477	0.07949	0.23965
V784	0.11734	0.6978	0.07716	0.1077
V785	0.06864	0.72829	0.0811	0.12197
V786	0.52858	0.21562	0.10498	0.15082
V787	0.04584	0.67317	0.17368	0.1073
V788	0.37943	0.31742	0.15547	0.14768
V789	0.10787	0.33605	0.08569	0.4704
V790	0.34305	0.11671	0.10683	0.43341
V791	0.14876	0.36409	0.2623	0.22485
V792	0.14092	0.45067	0.06595	0.34247
V793	0.13152	0.52847	0.08959	0.25043
V794	0.10141	0.17933	0.54879	0.17047
V795	0.13958	0.12814	0.1045	0.62779
V796	0.08659	0.18416	0.60084	0.12841
V797	0.57935	0.0966	0.19725	0.1268
V798	0.45958	0.31208	0.10168	0.12666
V799	0.13594	0.6138	0.08621	0.16405
V800	0.11731	0.13445	0.36898	0.37926
V801	0.15557	0.19644	0.25649	0.3915
V802	0.0972	0.1661	0.22699	0.5097
V803	0.20016	0.4641	0.23331	0.10243
V804	0.40735	0.11864	0.30147	0.17255
V805	0.07709	0.13481	0.67945	0.10865
V806	0.07557	0.70871	0.08026	0.13546
V807	0.21994	0.2043	0.0864	0.48936
V808	0.48735	0.29389	0.07696	0.1418
V809	0.09712	0.15167	0.64276	0.10845
V810	0.04788	0.77216	0.07258	0.10739
V811	0.32359	0.16047	0.18467	0.33128
V812	0.39883	0.28691	0.08644	0.22782
V813	0.4434	0.2448	0.17635	0.13545
V814	0.33265	0.46776	0.08835	0.11124
V815	0.04324	0.72711	0.12309	0.10656
V816	0.71669	0.08685	0.08038	0.11608
V817	0.08757	0.17735	0.61351	0.12158
V818	0.08034	0.12873	0.09541	0.69552
V819	0.6136	0.15507	0.07875	0.15257
V820	0.14967	0.16322	0.0825	0.60461
V821	0.19949	0.33205	0.30107	0.16739
V822	0.11647	0.14311	0.61154	0.12888
V823	0.08386	0.25585	0.47584	0.18446
V824	0.11968	0.37522	0.40171	0.1034
V825	0.19794	0.30896	0.2153	0.27779
V826	0.33112	0.39045	0.16048	0.11795
V827	0.29445	0.50806	0.06665	0.13084
V828	0.19948	0.21687	0.13189	0.45176
V829	0.09392	0.25841	0.0946	0.55308
V830	0.19678	0.25317	0.08098	0.46906
V831	0.5628	0.15981	0.06838	0.20902
V832	0.22314	0.37539	0.16862	0.23285
V833	0.15087	0.43936	0.17862	0.23115
V834	0.24326	0.15397	0.11158	0.49119
V835	0.2796	0.40913	0.13677	0.1745
V836	0.05854	0.53888	0.0716	0.33098
V837	0.19491	0.36196	0.18111	0.26201
V838	0.70147	0.11882	0.05871	0.12099
V839	0.2462	0.51535	0.12925	0.1092
V840	0.24067	0.59184	0.06518	0.10231
V841	0.06822	0.15699	0.61825	0.15654
V842	0.27993	0.22821	0.21909	0.27278
V843	0.08253	0.14095	0.60469	0.17183
V844	0.1425	0.17736	0.28825	0.39189
V845	0.11333	0.20108	0.52251	0.16308
V846	0.0701	0.12846	0.52835	0.27309
V847	0.08561	0.09902	0.08145	0.73391
V848	0.1157	0.43763	0.17354	0.27312
V849	0.04253	0.74669	0.0766	0.13418
V850	0.74157	0.08527	0.04413	0.12902
V851	0.26972	0.46969	0.15753	0.10306
V852	0.13925	0.13745	0.14676	0.57654
V853	0.21664	0.2716	0.30581	0.20594
V854	0.43339	0.22579	0.11851	0.22231
V855	0.08561	0.09902	0.08145	0.73391
V856	0.09256	0.34848	0.27671	0.28225
V857	0.48945	0.22577	0.0708	0.21397
V858	0.43588	0.11356	0.33226	0.11829
V859	0.47937	0.26656	0.06127	0.1928
V860	0.17973	0.1795	0.10026	0.54051
V861	0.12098	0.36108	0.40118	0.11677
V862	0.15828	0.18522	0.50757	0.14893
V863	0.18946	0.13586	0.06353	0.61114
V864	0.1163	0.12202	0.10151	0.66018
V865	0.14681	0.11076	0.22437	0.51806
V866	0.55092	0.11099	0.21189	0.1262
V867	0.55108	0.1175	0.21251	0.11892
V868	0.37872	0.30292	0.14134	0.17702
V869	0.05537	0.76065	0.0764	0.10758
V870	0.12818	0.3215	0.07937	0.47095
V871	0.04253	0.74669	0.0766	0.13418
V872	0.08304	0.11735	0.2154	0.58421
V873	0.662	0.1127	0.07782	0.14748
V874	0.17591	0.63674	0.08588	0.10147
V875	0.08045	0.23714	0.18858	0.49383
V876	0.16353	0.34018	0.31367	0.18262
V877	0.09131	0.37412	0.24599	0.28858
V878	0.13395	0.65294	0.1126	0.10051
V879	0.17301	0.55927	0.09559	0.17213
V880	0.24588	0.46941	0.06129	0.22342
V881	0.16617	0.14951	0.42493	0.25938
V882	0.59659	0.0889	0.13129	0.18321
V883	0.24857	0.25533	0.39104	0.10505
V884	0.08158	0.27464	0.06971	0.57407
V885	0.53427	0.2514	0.10561	0.10872
V886	0.0709	0.36363	0.34877	0.2167
V887	0.46656	0.14733	0.15539	0.23072
V888	0.13821	0.15431	0.52098	0.1865
V889	0.68776	0.12438	0.05393	0.13394
V890	0.09172	0.22465	0.43361	0.25003
V891	0.47152	0.14074	0.23656	0.15118
V892	0.23158	0.22284	0.06985	0.47572
V893	0.42634	0.25649	0.15418	0.16298
V894	0.10799	0.33343	0.41906	0.13951
V895	0.43736	0.15137	0.18058	0.23069
V896	0.06835	0.7343	0.07537	0.12198
V897	0.50728	0.28054	0.04888	0.1633
V898	0.35224	0.08918	0.05635	0.50224
V899	0.08674	0.23262	0.15469	0.52595
V900	0.11606	0.31425	0.2796	0.29009
V901	0.07244	0.65097	0.07184	0.20476
V902	0.07622	0.71255	0.10412	0.10711
V903	0.06131	0.4027	0.39069	0.1453
V904	0.0552	0.7655	0.07172	0.10758
V905	0.16662	0.09952	0.17196	0.5619
V906	0.30528	0.16827	0.1266	0.39985
V907	0.32534	0.45214	0.07045	0.15208
V908	0.08492	0.13086	0.11298	0.67124
V909	0.13415	0.63936	0.06258	0.16391
V910	0.17149	0.09801	0.13947	0.59103
V911	0.38054	0.37373	0.07732	0.16841
V912	0.29585	0.33077	0.13922	0.23416
V913	0.14219	0.09643	0.07444	0.68695
V914	0.17286	0.44226	0.2475	0.13739
V915	0.2039	0.09343	0.06923	0.63344
V916	0.23168	0.15929	0.45895	0.15008
V917	0.52639	0.11956	0.15776	0.1963
V918	0.08481	0.52244	0.21297	0.17978
V919	0.18532	0.27414	0.24089	0.29965
V920	0.448	0.24562	0.11313	0.19325
V921	0.09162	0.20415	0.09136	0.61288
V922	0.12499	0.42573	0.30486	0.14442
V923	0.12345	0.10902	0.09628	0.67126
V924	0.07664	0.55436	0.23928	0.12972
V925	0.17635	0.11916	0.07522	0.62927
V926	0.19096	0.11293	0.08416	0.61195
V927	0.09221	0.12266	0.10369	0.68144
V928	0.07565	0.69457	0.07344	0.15634
V929	0.09137	0.52051	0.15143	0.23669
V930	0.37342	0.35878	0.07742	0.19037
V931	0.15268	0.30874	0.37154	0.16705
V932	0.09328	0.20162	0.42608	0.27901
V933	0.44565	0.37736	0.05797	0.11903
V934	0.07546	0.21432	0.22854	0.48168
V935	0.41507	0.22496	0.18919	0.17078
V936	0.38187	0.29157	0.06363	0.26292
V937	0.39435	0.19499	0.10914	0.30152
V938	0.29831	0.14391	0.24732	0.31046
V939	0.54937	0.10719	0.09692	0.24652
V940	0.06631	0.63129	0.16664	0.13577
V941	0.07144	0.13393	0.67946	0.11517
V942	0.5412	0.23535	0.09421	0.12924
V943	0.31413	0.20696	0.32207	0.15684
V944	0.07917	0.27447	0.11142	0.53493
V945	0.40923	0.34912	0.05819	0.18347
V946	0.34433	0.29437	0.21941	0.1419
V947	0.12692	0.14292	0.20189	0.52827
V948	0.28963	0.13755	0.44356	0.12927
V949	0.07253	0.18272	0.1882	0.55655
V950	0.09494	0.4543	0.19936	0.2514
V951	0.62479	0.10558	0.14915	0.12048
V952	0.11559	0.19957	0.22118	0.46366
V953	0.0809	0.16424	0.61915	0.13571
V954	0.09323	0.2267	0.15369	0.52638
V955	0.13229	0.49031	0.08404	0.29337
V956	0.09767	0.13352	0.36936	0.39945
V957	0.26725	0.10359	0.05835	0.57081
V958	0.09056	0.0987	0.07702	0.73372
V959	0.20957	0.29672	0.3255	0.16821
V960	0.20279	0.28655	0.11512	0.39553
V961	0.14806	0.3719	0.27715	0.20289
V962	0.2915	0.23474	0.30334	0.17042
V963	0.43436	0.22861	0.15777	0.17927
V964	0.6241	0.11555	0.11339	0.14695
V965	0.09524	0.43154	0.18581	0.28741
V966	0.73514	0.09622	0.03958	0.12906
V967	0.1096	0.14805	0.37708	0.36527
V968	0.0637	0.23112	0.54283	0.16236
V969	0.07298	0.28452	0.09645	0.54604
V970	0.09422	0.20162	0.31384	0.39032
V971	0.38085	0.17464	0.26471	0.1798
V972	0.37048	0.24212	0.08646	0.30093
V973	0.22197	0.38198	0.11386	0.28218
V974	0.05323	0.62063	0.15481	0.17132
V975	0.13017	0.3198	0.43965	0.11037
V976	0.32524	0.27898	0.1317	0.26408
V977	0.2634	0.35828	0.268	0.11032
V978	0.1133	0.1603	0.11113	0.61527
V979	0.60574	0.10785	0.16616	0.12025
V980	0.75819	0.08452	0.03437	0.12292
V981	0.27967	0.13497	0.32505	0.26031
V982	0.32903	0.3778	0.11015	0.18302
V983	0.50733	0.13808	0.04586	0.30873
V984	0.05836	0.66225	0.14387	0.13553
V985	0.11512	0.22295	0.07246	0.58946
V986	0.2563	0.45454	0.09408	0.19509
V987	0.20345	0.61216	0.06195	0.12243
V988	0.19745	0.10516	0.07416	0.62323
V989	0.3349	0.42813	0.11181	0.12516
V990	0.0681	0.15815	0.55107	0.22268
V991	0.48142	0.35375	0.04488	0.11995
V992	0.20139	0.11518	0.37888	0.30455
V993	0.09638	0.58468	0.17638	0.14255
V994	0.16935	0.63008	0.08634	0.11424
V995	0.53185	0.17463	0.0699	0.22362
V996	0.22773	0.18167	0.06895	0.52165
V997	0.08328	0.13224	0.57677	0.20772
V998	0.64884	0.09958	0.08992	0.16166
V999	0.12355	0.70176	0.06709	0.10759
V1000	0.25451	0.10881	0.05992	0.57676
