CD14.pos.CD16.neg.classical.monocyte	mature.neutrophil	memory.B.cell	cytotoxic.CD56.dim.NK.cell	memory.CD4.pos.AB.T.cell	macrophage
V1	0.16111	0.04406	0.62488	0.02119	0.05144	0.09732
V2	0.48605	0.13977	0.01442	0.09337	0.1167	0.14969
V3	0.26509	0.08419	0.14833	0.00276	0.03865	0.46097
V4	0.25063	0.38431	0.01248	0.08198	0.11232	0.15828
V5	0.10812	0.0669	0	0.46077	0.30006	0.06415
V6	0.27317	0.0492	0.12523	0.03542	0.14057	0.37641
V7	0.12673	0.3537	0.00961	0.05289	0.37079	0.08627
V8	0.55946	0.08808	0.01618	0.09555	0.04886	0.19186
V9	0.3057	0.16885	0	0.1826	0.08001	0.26283
V10	0.41757	0.06905	0.03918	0.23915	0.08882	0.14623
V11	0.15383	0.62106	0.02597	0.04793	0.06445	0.08675
V12	0.27176	0.06356	0.04429	0.00401	0.03631	0.58008
V13	0.14804	0.44463	0.22198	0.04231	0.0571	0.08594
V14	0.15492	0.04577	0	0.60523	0.11878	0.0753
V15	0.43222	0.10324	0.00675	0.10544	0.18331	0.16904
V16	0.15173	0.03427	0.00333	0.30294	0.33171	0.17602
V17	0.26052	0.06894	0.10859	0	0.03027	0.53168
V18	0.56506	0.16257	0.02089	0.04221	0.03851	0.17076
V19	0.48752	0.08861	0.13422	0.03295	0.09907	0.15763
V20	0.50775	0.09747	0.0652	0.09423	0.04973	0.18562
V21	0.27776	0.07216	0.01874	0.00595	0.06011	0.56528
V22	0.23537	0.07702	0.0163	0.08297	0.46092	0.12743
V23	0.13574	0.03668	0.2759	0.04187	0.42641	0.0834
V24	0.21207	0.04137	0.00863	0.11639	0.49246	0.12908
V25	0.3995	0.26168	0.00638	0.11286	0.07937	0.14021
V26	0.30234	0.05124	0.02009	0.04122	0.47037	0.11473
V27	0.2432	0.05098	0.12984	0.00399	0.03797	0.53401
V28	0.18455	0.2395	0.11848	0.16722	0.0835	0.20675
V29	0.15342	0.48879	0.07682	0.07248	0.05145	0.15704
V30	0.26333	0.19874	0.08728	0.0241	0.18869	0.23786
V31	0.52257	0.06992	0.13261	0.0406	0.03814	0.19616
V32	0.10993	0.04075	0.26977	0.38735	0.09061	0.10158
V33	0.25846	0.35394	0.16827	0.04098	0.04597	0.13237
V34	0.08555	0.02542	0.41077	0.04382	0.34732	0.08712
V35	0.11123	0.07375	0.14389	0.39085	0.18595	0.09433
V36	0.16221	0.41969	0.09554	0.04156	0.18335	0.09766
V37	0.13046	0.03948	0.57979	0.01981	0.04781	0.18266
V38	0.2585	0.04629	0.10306	0	0.02831	0.56384
V39	0.48973	0.07861	0.00826	0.19814	0.06239	0.16288
V40	0.15134	0.42583	0.01437	0.12754	0.13924	0.14167
V41	0.5379	0.07414	0.02698	0.02595	0.03946	0.29556
V42	0.27606	0.05075	0.39461	0.01905	0.07571	0.18382
V43	0.23851	0.3534	0.01421	0.05195	0.19941	0.1425
V44	0.15771	0.6277	0.02132	0.04309	0.05361	0.09657
V45	0.36863	0.28544	0.04014	0.03917	0.05251	0.21411
V46	0.16753	0.03507	0.01465	0.20544	0.30861	0.26869
V47	0.15132	0.3674	0.00926	0.12777	0.2213	0.12296
V48	0.12923	0.50347	0.14632	0.03623	0.10696	0.07779
V49	0.15211	0.60054	0.02006	0.04279	0.09905	0.08544
V50	0.10165	0.0241	0.2268	0.03945	0.47818	0.12981
V51	0.08565	0.02621	0.01828	0.05475	0.73165	0.08345
V52	0.1346	0.45789	0.19046	0.0542	0.07547	0.08739
V53	0.20243	0.03351	0.08413	0.06024	0.52422	0.09547
V54	0.14415	0.12894	0.4263	0.05243	0.1104	0.13777
V55	0.08744	0.05898	0.10822	0.06187	0.60347	0.08002
V56	0.08648	0.06065	0.58797	0.10089	0.09063	0.07338
V57	0.22647	0.31007	0.03879	0.02181	0.12758	0.27528
V58	0.10028	0.03906	0.66002	0.03127	0.05424	0.11513
V59	0.13681	0.03705	0	0.62322	0.13666	0.06626
V60	0.44184	0.05521	0.00412	0.28918	0.07567	0.13398
V61	0.32863	0.14028	0.00966	0.11904	0.0898	0.31258
V62	0.43776	0.07344	0.05889	0.09778	0.10739	0.22473
V63	0.18548	0.41347	0.01768	0.07105	0.05871	0.2536
V64	0.09243	0.11711	0.01467	0.04615	0.64935	0.0803
V65	0.43933	0.15102	0.02926	0.03566	0.06582	0.27891
V66	0.4173	0.07043	0.09823	0.04613	0.22677	0.14114
V67	0.15795	0.15183	0.2292	0.17486	0.06672	0.21944
V68	0.61796	0.08229	0.02097	0.05851	0.03864	0.18163
V69	0.46707	0.08146	0.01348	0.01935	0.04971	0.36894
V70	0.12778	0.03373	0.17268	0.43959	0.15178	0.07443
V71	0.15058	0.23785	0.03077	0.09626	0.29702	0.18752
V72	0.46456	0.14584	0.06068	0.04098	0.07953	0.2084
V73	0.14533	0.02748	0.06392	0.5518	0.13606	0.07541
V74	0.11416	0.15736	0	0.54941	0.11945	0.05962
V75	0.14026	0.62782	0.01479	0.05786	0.07572	0.08355
V76	0.09642	0.02812	0.55944	0.04475	0.18682	0.08445
V77	0.18432	0.14517	0.07175	0.38012	0.09166	0.12699
V78	0.42643	0.14164	0.0438	0.1012	0.05688	0.23004
V79	0.19814	0.42693	0.02154	0.02068	0.04081	0.29189
V80	0.19119	0.44608	0.01539	0.02858	0.05335	0.26541
V81	0.53278	0.1386	0.06182	0.03978	0.04942	0.17761
V82	0.13861	0.57625	0.01701	0.06606	0.11282	0.08925
V83	0.21067	0.15461	0.0139	0.28989	0.18483	0.14611
V84	0.3437	0.05157	0.06426	0.30179	0.09836	0.14032
V85	0.59578	0.07986	0.06968	0.04092	0.03675	0.17702
V86	0.28983	0.06475	0.09466	0.2055	0.07188	0.27337
V87	0.11297	0.0431	0.00165	0.642	0.12672	0.07354
V88	0.19506	0.05487	0	0.35522	0.12313	0.27172
V89	0.17752	0.16263	0.32114	0.01621	0.04102	0.28149
V90	0.15902	0.50603	0.09738	0.04192	0.09326	0.10239
V91	0.11902	0.03502	0.04658	0.11488	0.5881	0.0964
V92	0.09484	0.08356	0.02175	0.0508	0.65641	0.09265
V93	0.26411	0.0874	0.01252	0.07961	0.22444	0.33192
V94	0.1008	0.03242	0.20739	0.49106	0.1053	0.06302
V95	0.0858	0.03153	0.26046	0.11595	0.43383	0.07243
V96	0.16275	0.31797	0.01877	0.05861	0.25067	0.19123
V97	0.08581	0.03351	0.02226	0.09369	0.68932	0.07541
V98	0.12867	0.09295	0	0.53201	0.17635	0.07003
V99	0.10726	0.04333	0	0.65854	0.13041	0.06046
V100	0.10195	0.03166	0.37127	0.20629	0.1827	0.10613
V101	0.11489	0.31145	0.33043	0.0921	0.06372	0.08741
V102	0.58203	0.0853	0.08168	0.04009	0.0371	0.1738
V103	0.50863	0.08125	0.01886	0.1321	0.0848	0.17436
V104	0.12525	0.02479	0.17021	0.48472	0.11629	0.07874
V105	0.26786	0.0488	0.06409	0	0.02758	0.59166
V106	0.15946	0.03233	0.45206	0.00618	0.04801	0.30195
V107	0.16641	0.49406	0.16817	0.03495	0.05056	0.08584
V108	0.23096	0.06349	0.03668	0.01171	0.17997	0.47719
V109	0.24022	0.05014	0.01849	0.00294	0.16348	0.52473
V110	0.12786	0.16121	0.52562	0.02052	0.05709	0.1077
V111	0.08388	0.04688	0.68065	0.03402	0.07075	0.08381
V112	0.13884	0.28918	0	0.40268	0.0985	0.0708
V113	0.10522	0.10236	0.49181	0.05043	0.16292	0.08727
V114	0.19291	0.03403	0.49585	0.11977	0.05985	0.09759
V115	0.39296	0.1016	0.02228	0.03844	0.1277	0.31702
V116	0.61064	0.08062	0.01992	0.06931	0.04017	0.17934
V117	0.44716	0.06504	0.00899	0.09703	0.23579	0.14599
V118	0.13976	0.5183	0.08476	0.05798	0.10159	0.0976
V119	0.14629	0.60145	0.02328	0.06453	0.05977	0.10468
V120	0.17595	0.19243	0.07488	0.30297	0.14954	0.10423
V121	0.34322	0.05496	0.00693	0.18439	0.05274	0.35775
V122	0.31169	0.05831	0	0.40896	0.11791	0.10313
V123	0.35437	0.05803	0.01002	0.044	0.13541	0.39816
V124	0.09092	0.0248	0.24986	0.04432	0.50774	0.08237
V125	0.1183	0.15174	0.48627	0.06274	0.05438	0.12657
V126	0.22769	0.23549	0.04621	0.01262	0.04097	0.43703
V127	0.1183	0.03015	0.61016	0.08642	0.06779	0.08717
V128	0.31882	0.23934	0.08043	0.1313	0.10275	0.12737
V129	0.0881	0.04545	0.63874	0.07298	0.06702	0.08771
V130	0.43059	0.1496	0.00757	0.18596	0.0812	0.14508
V131	0.13337	0.02684	0.03392	0.04747	0.5759	0.1825
V132	0.1263	0.38691	0.28878	0.02969	0.0864	0.08191
V133	0.13724	0.18449	0.41766	0.08153	0.09576	0.08332
V134	0.22666	0.48461	0.01734	0.04357	0.10687	0.12096
V135	0.14393	0.03981	0.54526	0.01607	0.08758	0.16735
V136	0.17978	0.5335	0.06221	0.04913	0.07745	0.09792
V137	0.11844	0.15958	0.41887	0.04002	0.18606	0.07704
V138	0.21849	0.03215	0.00925	0.27155	0.13239	0.33617
V139	0.15879	0.07033	0.12287	0.026	0.33994	0.28207
V140	0.45084	0.22342	0.03949	0.07769	0.05061	0.15794
V141	0.2669	0.24422	0.09078	0.19208	0.08644	0.11957
V142	0.20038	0.52575	0.0212	0.07234	0.05193	0.1284
V143	0.1415	0.07987	0.46944	0.07493	0.12964	0.10462
V144	0.2428	0.17147	0.01733	0.08261	0.04758	0.4382
V145	0.11386	0.02639	0	0.66024	0.1199	0.0796
V146	0.1826	0.03934	0.06943	0.04279	0.52222	0.14362
V147	0.40659	0.11101	0.08534	0.04689	0.03786	0.31231
V148	0.10397	0.17531	0.55925	0.02176	0.05264	0.08707
V149	0.20178	0.39028	0.00847	0.03375	0.04099	0.32472
V150	0.1117	0.02705	0	0.65746	0.14213	0.06166
V151	0.21753	0.33114	0.00919	0.02	0.05456	0.36758
V152	0.14692	0.21597	0.31667	0.04969	0.14742	0.12333
V153	0.09262	0.05891	0.48436	0.19583	0.09239	0.07589
V154	0.38237	0.20995	0.01754	0.01926	0.03541	0.33547
V155	0.14508	0.31266	0.07426	0.03556	0.31679	0.11564
V156	0.11528	0.40665	0.01664	0.04218	0.34467	0.07458
V157	0.20935	0.12224	0.03169	0.18074	0.06695	0.38903
V158	0.10123	0.08109	0.65257	0.02074	0.05304	0.09133
V159	0.20057	0.21858	0.23967	0.13691	0.09054	0.11373
V160	0.10585	0.03099	0.65397	0.02357	0.0519	0.13372
V161	0.12914	0.41421	0	0.243	0.1435	0.07015
V162	0.14018	0.43936	0.00467	0.1162	0.20411	0.09549
V163	0.09709	0.03224	0.70079	0.02081	0.05528	0.09379
V164	0.11851	0.30459	0.27174	0.10141	0.12119	0.08256
V165	0.12565	0.04344	0.04092	0.04965	0.58324	0.15709
V166	0.17215	0.0367	0.00516	0.1191	0.37196	0.29493
V167	0.10401	0.02341	0.32557	0.3624	0.11115	0.07346
V168	0.51786	0.07399	0.01014	0.17936	0.05421	0.16444
V169	0.10717	0.03473	0.53048	0.16067	0.07454	0.09242
V170	0.38748	0.07352	0.07419	0.21683	0.11326	0.13472
V171	0.22933	0.37197	0.02139	0.0197	0.05017	0.30744
V172	0.15868	0.08739	0.39729	0.13414	0.0664	0.1561
V173	0.1153	0.0469	0.58824	0.01398	0.06142	0.17416
V174	0.47839	0.13999	0.01771	0.04352	0.17086	0.14952
V175	0.16524	0.51082	0.09702	0.04831	0.08896	0.08965
V176	0.08275	0.03084	0.70255	0.02781	0.07091	0.08514
V177	0.20587	0.09955	0.23899	0.03508	0.16843	0.25208
V178	0.10472	0.06033	0.04343	0.04375	0.65211	0.09567
V179	0.14277	0.02566	0.02292	0.44564	0.17445	0.18856
V180	0.28806	0.04637	0.13574	0.27227	0.06928	0.18827
V181	0.42003	0.14138	0.05226	0.06682	0.08956	0.22995
V182	0.10333	0.10322	0.57292	0.06481	0.05692	0.09881
V183	0.11997	0.02759	0	0.67143	0.11827	0.06274
V184	0.33703	0.33958	0.01593	0.0533	0.1252	0.12896
V185	0.19485	0.41594	0.02662	0.03487	0.13563	0.19209
V186	0.09053	0.0244	0.47746	0.25097	0.08698	0.06966
V187	0.28304	0.40206	0.0103	0.04956	0.14235	0.1127
V188	0.20854	0.45192	0.01521	0.04153	0.04419	0.23861
V189	0.12156	0.08402	0.14705	0.04877	0.42753	0.17107
V190	0.13737	0.17519	0.01542	0.04426	0.43654	0.19123
V191	0.1879	0.45127	0.00989	0.02851	0.05337	0.26906
V192	0.41736	0.22168	0.07185	0.05006	0.08261	0.15644
V193	0.25613	0.1362	0.01784	0.0063	0.03796	0.54557
V194	0.1003	0.0419	0.03236	0.12258	0.61002	0.09284
V195	0.09196	0.02687	0.5581	0.08992	0.15131	0.08184
V196	0.10966	0.026	0.00309	0.63817	0.15499	0.06809
V197	0.23834	0.03657	0.03431	0.04718	0.5298	0.1138
V198	0.18503	0.34063	0.03467	0.12941	0.21089	0.09937
V199	0.11835	0.21366	0.08886	0.10663	0.38857	0.08393
V200	0.14737	0.03576	0.42536	0.17031	0.07093	0.15026
V201	0.12002	0.0271	0	0.65523	0.11201	0.08564
V202	0.17047	0.08029	0.31416	0.04046	0.15202	0.2426
V203	0.46218	0.08226	0.00601	0.2417	0.06328	0.14458
V204	0.26176	0.08106	0.03664	0.10697	0.04938	0.46419
V205	0.09036	0.04768	0.68606	0.03356	0.05723	0.08511
V206	0.11288	0.06716	0.07793	0.54328	0.13648	0.06227
V207	0.34871	0.18818	0.03212	0.17592	0.07477	0.1803
V208	0.34128	0.11238	0.27891	0.05792	0.08413	0.12538
V209	0.28682	0.38603	0.00918	0.04942	0.04901	0.21954
V210	0.16117	0.05264	0.61683	0.02124	0.05085	0.09728
V211	0.42231	0.08119	0.08232	0.03164	0.14281	0.23974
V212	0.12326	0.2448	0.15236	0.27411	0.12249	0.08298
V213	0.12197	0.08563	0.22117	0.05522	0.43186	0.08414
V214	0.57126	0.09038	0.03041	0.06913	0.06336	0.17545
V215	0.18731	0.48147	0.00942	0.04782	0.04573	0.22825
V216	0.19062	0.40563	0.21175	0.03686	0.06094	0.0942
V217	0.26981	0.03902	0.04157	0.07267	0.23308	0.34385
V218	0.15559	0.29015	0	0.37938	0.10504	0.06983
V219	0.56899	0.07732	0.02755	0.02963	0.04048	0.25602
V220	0.18198	0.03922	0	0.58376	0.10856	0.08648
V221	0.18106	0.54787	0.03231	0.08549	0.06045	0.09281
V222	0.16014	0.25394	0.03659	0.13416	0.30945	0.10573
V223	0.18202	0.26766	0.18845	0.01983	0.05872	0.28332
V224	0.088	0.02551	0.33822	0.03498	0.43676	0.07654
V225	0.30606	0.06026	0.02608	0.00511	0.03052	0.57198
V226	0.28139	0.07929	0.15365	0.2063	0.14339	0.13598
V227	0.48484	0.06278	0.01022	0.16357	0.05709	0.2215
V228	0.18859	0.21844	0.33151	0.06027	0.0759	0.12528
V229	0.21328	0.04041	0.27581	0.18999	0.16065	0.11986
V230	0.12612	0.16108	0.53231	0.02677	0.05198	0.10173
V231	0.14513	0.0453	0	0.61113	0.13075	0.0677
V232	0.37343	0.05821	0.00023	0.19401	0.06079	0.31332
V233	0.57516	0.08289	0.03039	0.07349	0.05213	0.18593
V234	0.39582	0.05189	0.01237	0.05041	0.34584	0.14366
V235	0.16921	0.02971	0.00334	0.58803	0.12504	0.08467
V236	0.15205	0.02761	0.15646	0.03832	0.40494	0.22062
V237	0.09212	0.02841	0.62629	0.09354	0.07686	0.08277
V238	0.47219	0.06332	0.04096	0.07543	0.06385	0.28424
V239	0.42279	0.07882	0.08541	0.11501	0.13078	0.16719
V240	0.10655	0.22714	0.00679	0.1227	0.46086	0.07596
V241	0.43407	0.17871	0.01027	0.14269	0.08245	0.15182
V242	0.3132	0.08422	0.03601	0.12481	0.10468	0.33707
V243	0.12359	0.33262	0.32821	0.05744	0.07838	0.07977
V244	0.21318	0.05064	0.01798	0.02567	0.42331	0.26922
V245	0.53137	0.07318	0.02093	0.02529	0.04497	0.30427
V246	0.10585	0.06584	0.1809	0.28695	0.28084	0.07961
V247	0.31641	0.10897	0.00995	0.12522	0.05851	0.38093
V248	0.27256	0.06297	0.00343	0.18269	0.34151	0.13683
V249	0.25723	0.16797	0.26827	0.07462	0.04838	0.18354
V250	0.11573	0.04386	0	0.6571	0.11597	0.06733
V251	0.13884	0.45806	0.10615	0.14422	0.06825	0.08448
V252	0.11079	0.0343	0.01767	0.61182	0.15125	0.07418
V253	0.18579	0.07881	0.00098	0.27497	0.16028	0.29916
V254	0.14124	0.23803	0.06227	0.15771	0.28288	0.11788
V255	0.32587	0.27255	0.05632	0.06766	0.08608	0.19152
V256	0.14454	0.62621	0.01529	0.04743	0.06897	0.09756
V257	0.1473	0.35361	0.03274	0.05305	0.28822	0.12508
V258	0.13257	0.22125	0.09864	0.37738	0.0881	0.08206
V259	0.12627	0.45114	0.23456	0.04068	0.05161	0.09574
V260	0.18334	0.06486	0.02508	0.04705	0.5023	0.17738
V261	0.41071	0.07131	0.03557	0.05054	0.18333	0.24854
V262	0.14027	0.04125	0.60159	0.02919	0.10061	0.0871
V263	0.11058	0.07662	0.48152	0.16659	0.0743	0.0904
V264	0.4536	0.0776	0.08093	0.04711	0.08009	0.26067
V265	0.11266	0.02725	0.01621	0.06611	0.6909	0.08687
V266	0.30049	0.08176	0.02498	0.00688	0.03644	0.54945
V267	0.22259	0.52425	0.01062	0.08592	0.05942	0.09719
V268	0.61057	0.08212	0.01634	0.03988	0.03628	0.2148
V269	0.12743	0.06781	0.08553	0.52255	0.12577	0.07092
V270	0.27946	0.40246	0.02784	0.04848	0.12514	0.1166
V271	0.20769	0.1403	0.18088	0.01663	0.04837	0.40613
V272	0.11306	0.02607	0.01132	0.09939	0.61264	0.13751
V273	0.13314	0.02724	0.05377	0.09848	0.56468	0.12269
V274	0.2374	0.04969	0.12218	0.03418	0.0423	0.51426
V275	0.49035	0.20496	0.01838	0.04393	0.04486	0.19752
V276	0.22765	0.23847	0.06194	0.06614	0.07282	0.33298
V277	0.40359	0.07246	0.01787	0.02404	0.12507	0.35696
V278	0.19717	0.12991	0.07785	0.1943	0.29264	0.10813
V279	0.25955	0.08208	0.14795	0.04122	0.04982	0.41939
V280	0.18867	0.03135	0	0.57539	0.11107	0.09351
V281	0.14621	0.61403	0.0351	0.0612	0.05544	0.08803
V282	0.10478	0.05974	0.01925	0.09062	0.63726	0.08836
V283	0.11719	0.38014	0.01019	0.04716	0.36098	0.08433
V284	0.14585	0.10961	0.23251	0.24278	0.10319	0.16606
V285	0.11466	0.04382	0	0.65505	0.11962	0.06684
V286	0.49469	0.08677	0.06276	0.14951	0.05168	0.15459
V287	0.10714	0.0339	0.0399	0.10021	0.60058	0.11827
V288	0.22499	0.25162	0.02074	0.02067	0.11987	0.36211
V289	0.09427	0.10185	0.54614	0.09284	0.08081	0.0841
V290	0.10763	0.02401	0.1695	0.50484	0.11246	0.08157
V291	0.12958	0.05264	0	0.62724	0.11536	0.07518
V292	0.21102	0.10667	0.00272	0.41484	0.17661	0.08815
V293	0.09085	0.06749	0.04353	0.05117	0.65996	0.08701
V294	0.41697	0.07944	0.01086	0.04282	0.23266	0.21726
V295	0.31096	0.05347	0.02675	0	0.03562	0.5732
V296	0.14724	0.32593	0.06163	0.19941	0.10838	0.1574
V297	0.26512	0.10061	0.01279	0.00464	0.03672	0.58012
V298	0.13878	0.57069	0.11262	0.04376	0.05298	0.08118
V299	0.19121	0.10235	0.52189	0.02829	0.05691	0.09936
V300	0.50862	0.15048	0.03705	0.0351	0.03676	0.232
V301	0.37833	0.34487	0.04632	0.04692	0.05021	0.13335
V302	0.12881	0.2601	0.04305	0.36177	0.12512	0.08115
V303	0.13757	0.53381	0.05634	0.04958	0.13411	0.08859
V304	0.10519	0.02701	0.03878	0.04658	0.69626	0.08618
V305	0.1574	0.03443	0.1315	0.30419	0.14309	0.22938
V306	0.37875	0.13262	0.01179	0.01748	0.0331	0.42626
V307	0.2175	0.04236	0.01907	0.04962	0.51627	0.15518
V308	0.10621	0.03535	0	0.67535	0.12316	0.05993
V309	0.13195	0.44494	0.00166	0.26569	0.07612	0.07965
V310	0.18043	0.32437	0.1854	0.02445	0.05486	0.23049
V311	0.43028	0.06403	0.01915	0.01822	0.03218	0.43613
V312	0.19481	0.03899	0	0.28111	0.3761	0.109
V313	0.34272	0.06232	0.01127	0.03301	0.03366	0.51702
V314	0.28196	0.04783	0	0.47567	0.09865	0.09588
V315	0.21084	0.52377	0.01827	0.03884	0.08525	0.12303
V316	0.31103	0.05717	0.02236	0.05014	0.04798	0.51131
V317	0.16917	0.0284	0	0.48591	0.12578	0.19074
V318	0.11434	0.0347	0.00862	0.64261	0.11987	0.07985
V319	0.3226	0.18726	0.1753	0.11733	0.0578	0.1397
V320	0.25919	0.19111	0.23186	0.09523	0.05696	0.16565
V321	0.13714	0.50823	7e-04	0.2047	0.07514	0.07408
V322	0.13229	0.02685	0.08443	0.04529	0.52831	0.18283
V323	0.13342	0.26736	0	0.28316	0.24167	0.07439
V324	0.17592	0.06193	0.03709	0.16942	0.33169	0.22395
V325	0.17784	0.60031	0.03126	0.04209	0.05267	0.09583
V326	0.21812	0.54683	0.02508	0.04146	0.0653	0.10321
V327	0.14722	0.03536	0.64786	0.02127	0.05262	0.09566
V328	0.21786	0.19674	0.14029	0.12519	0.21841	0.1015
V329	0.09383	0.02635	0.44708	0.02879	0.30889	0.09506
V330	0.0911	0.03103	0.68886	0.02727	0.06973	0.09201
V331	0.49352	0.11845	0.04633	0.08088	0.04741	0.21341
V332	0.17708	0.08845	0.12116	0.02438	0.29476	0.29418
V333	0.10896	0.04099	0.35191	0.25971	0.13898	0.09944
V334	0.11484	0.35432	0.29057	0.10448	0.05938	0.07641
V335	0.17941	0.05148	0.53817	0.02248	0.04733	0.16112
V336	0.30126	0.45548	0.03021	0.03874	0.05111	0.12319
V337	0.14734	0.1843	0.05902	0.04737	0.4804	0.08158
V338	0.52144	0.06865	0.04402	0.03979	0.14035	0.18574
V339	0.17789	0.10416	0.28396	0.18822	0.08327	0.1625
V340	0.44969	0.24972	0.01058	0.06188	0.05982	0.16831
V341	0.28039	0.07132	0.02405	0.3975	0.11865	0.10808
V342	0.16807	0.03618	0.00012	0.45945	0.13301	0.20318
V343	0.25359	0.16594	0.0915	0.02477	0.04741	0.4168
V344	0.14985	0.48418	0.0086	0.04963	0.15539	0.15235
V345	0.0906	0.02594	0.02531	0.05479	0.72499	0.07837
V346	0.21226	0.03984	0.00971	0.3184	0.30331	0.11648
V347	0.39011	0.15368	0.0267	0.08907	0.20162	0.13883
V348	0.17142	0.14011	0.4644	0.03581	0.08954	0.09873
V349	0.52052	0.12156	0.04	0.0921	0.06757	0.15824
V350	0.36966	0.0815	0.0947	0.16835	0.05409	0.23169
V351	0.30357	0.10273	0.04136	0.0224	0.04511	0.48483
V352	0.17415	0.28839	0.01419	0.02297	0.23017	0.27012
V353	0.10204	0.17522	0.56614	0.02202	0.0531	0.08147
V354	0.21427	0.07573	0.1781	0.0187	0.2457	0.2675
V355	0.08869	0.05605	0.69122	0.02773	0.05706	0.07923
V356	0.41256	0.14772	0.02707	0.1721	0.07343	0.16713
V357	0.29052	0.04979	0.29924	0.04076	0.19134	0.12835
V358	0.26338	0.04668	0.05627	0.02055	0.03864	0.57448
V359	0.21032	0.1067	0	0.43688	0.14202	0.10408
V360	0.40931	0.05204	0.01039	0.16239	0.202	0.16387
V361	0.14302	0.63894	0.01579	0.0525	0.06068	0.08908
V362	0.13853	0.44506	0.02152	0.24322	0.07968	0.07199
V363	0.52037	0.11484	0.04977	0.03384	0.09575	0.18543
V364	0.22953	0.18652	0.0202	0.03292	0.10931	0.42153
V365	0.34496	0.33963	0.01161	0.12207	0.05341	0.12832
V366	0.16361	0.23199	0.33288	0.0691	0.10425	0.09817
V367	0.12377	0.02498	0.00488	0.44478	0.30347	0.09812
V368	0.2114	0.14736	0.06616	0.03284	0.13111	0.41113
V369	0.12129	0.05158	0.01078	0.08545	0.5934	0.1375
V370	0.12089	0.09395	0.47303	0.11688	0.07374	0.12152
V371	0.16947	0.23815	0	0.33803	0.07714	0.17721
V372	0.15391	0.51586	0.00981	0.05295	0.14341	0.12406
V373	0.56218	0.08469	0.01537	0.0287	0.03467	0.27439
V374	0.23471	0.04246	0.17979	0.35068	0.10249	0.08987
V375	0.35558	0.05517	0.15409	0.06857	0.22175	0.14484
V376	0.23408	0.07918	0.02528	0.08215	0.09077	0.48854
V377	0.12837	0.03597	0.32746	0.0318	0.37686	0.09954
V378	0.24711	0.09772	0.14208	0.00322	0.05742	0.45245
V379	0.39933	0.06582	0.10192	0.01215	0.03275	0.38803
V380	0.09042	0.05888	0.04339	0.05777	0.66246	0.08707
V381	0.32361	0.06789	0.22263	0.20466	0.07018	0.11104
V382	0.09919	0.05042	0.01328	0.18985	0.56883	0.07845
V383	0.23504	0.06813	0.2911	0.21963	0.08121	0.10489
V384	0.11732	0.04795	0.62308	0.03477	0.08851	0.08837
V385	0.28648	0.05858	0.03257	0	0.02833	0.59404
V386	0.45395	0.08557	0.18749	0.03563	0.07622	0.16114
V387	0.27062	0.04614	0.02888	0.46558	0.09449	0.09429
V388	0.54253	0.10285	0.11269	0.0335	0.04329	0.16515
V389	0.3509	0.11526	0.018	0.00831	0.03745	0.47007
V390	0.15303	0.06083	0	0.51357	0.12209	0.15048
V391	0.1348	0.03429	0.00445	0.43529	0.2799	0.11127
V392	0.16634	0.06347	0.33843	0.08392	0.04926	0.29859
V393	0.15523	0.15251	0.27868	0.0616	0.14078	0.21119
V394	0.11539	0.02608	0.01073	0.61898	0.15944	0.06938
V395	0.08441	0.07998	0.67452	0.02772	0.05622	0.07714
V396	0.41695	0.10087	0.00478	0.25114	0.09707	0.12919
V397	0.24419	0.17943	0.03454	0.0114	0.06295	0.4675
V398	0.15313	0.51244	0.02134	0.05556	0.16165	0.09588
V399	0.09632	0.02971	0.64804	0.05272	0.07071	0.10249
V400	0.21506	0.05838	0	0.26635	0.06803	0.39218
V401	0.18915	0.05097	0.47673	0.02751	0.12201	0.13363
V402	0.15714	0.03792	0	0.60917	0.10866	0.08711
V403	0.2063	0.03428	0.0169	0.0365	0.28197	0.42406
V404	0.08742	0.0397	0.71326	0.02172	0.05741	0.08049
V405	0.31676	0.3083	0.06966	0.06812	0.11838	0.11878
V406	0.22306	0.084	0.1374	0.07649	0.16257	0.31648
V407	0.146	0.04815	0.53371	0.01229	0.05229	0.20755
V408	0.14763	0.11817	0.01057	0.48983	0.09757	0.13623
V409	0.60765	0.10381	0.01643	0.0362	0.0362	0.19971
V410	0.6204	0.09028	0.01678	0.03729	0.04731	0.18795
V411	0.23727	0.04643	0.0081	0.16791	0.05029	0.49001
V412	0.43483	0.19466	0.0535	0.06367	0.11413	0.13921
V413	0.12064	0.12548	0.00974	0.54914	0.12772	0.06727
V414	0.18061	0.08788	0.00248	0.43297	0.20776	0.0883
V415	0.13293	0.03211	0.25347	0.28533	0.15267	0.14348
V416	0.13687	0.14977	0.00665	0.20587	0.34804	0.1528
V417	0.28373	0.0446	0.05932	0.08048	0.04007	0.4918
V418	0.10312	0.09171	0.31869	0.12003	0.25997	0.10648
V419	0.2716	0.07212	0.01399	0	0.03415	0.60813
V420	0.28202	0.05148	0.01431	0.00284	0.03587	0.61346
V421	0.12317	0.06834	0.06014	0.09289	0.55383	0.10163
V422	0.2376	0.27198	0.00996	0.04566	0.33141	0.1034
V423	0.14607	0.16654	0	0.51502	0.10174	0.07063
V424	0.55011	0.1394	0.02379	0.07378	0.04225	0.17067
V425	0.09484	0.11678	0.02807	0.04462	0.62971	0.08598
V426	0.23605	0.07426	0.13549	0.00498	0.03849	0.51073
V427	0.39348	0.14655	0.10234	0.11024	0.0664	0.18099
V428	0.2989	0.04948	0	0.46478	0.08785	0.09899
V429	0.10639	0.0406	0.0777	0.4371	0.25568	0.08254
V430	0.12943	0.09354	0.42088	0.15717	0.07769	0.12129
V431	0.08181	0.03859	0.70085	0.04062	0.05972	0.07841
V432	0.12626	0.38119	0.01136	0.31548	0.09383	0.07188
V433	0.11502	0.02646	0.01638	0.65674	0.12275	0.06265
V434	0.11831	0.267	0.11918	0.34156	0.0856	0.06834
V435	0.13397	0.02751	0.02029	0.03123	0.56273	0.22427
V436	0.57189	0.14936	0.02014	0.04799	0.03879	0.17183
V437	0.24099	0.25035	0.20478	0.03889	0.11901	0.14597
V438	0.13889	0.34038	0.01391	0.08106	0.33827	0.08749
V439	0.09176	0.03412	0.10375	0.0437	0.64381	0.08286
V440	0.19542	0.07388	0.30821	0.0609	0.18995	0.17164
V441	0.15509	0.08698	0.33836	0.11557	0.06728	0.23673
V442	0.36973	0.14535	0.12427	0.06554	0.07968	0.21542
V443	0.12043	0.02585	0.03296	0.59218	0.14085	0.08772
V444	0.51984	0.09203	0.03655	0.04906	0.09732	0.2052
V445	0.62313	0.09096	0.0286	0.03727	0.03626	0.18378
V446	0.13581	0.44493	0.19763	0.04631	0.06843	0.1069
V447	0.232	0.21662	0.00033	0.13981	0.08751	0.32373
V448	0.10085	0.04764	0.64539	0.02284	0.1023	0.08098
V449	0.45572	0.08261	0.01333	0.20886	0.05772	0.18174
V450	0.14886	0.04047	0.51884	0.02526	0.1732	0.09336
V451	0.17052	0.063	0.12891	0.14143	0.40548	0.09066
V452	0.20163	0.04715	0.02053	0.30523	0.11067	0.3148
V453	0.31666	0.04463	0.36283	0.10037	0.06036	0.11515
V454	0.24371	0.08432	0.07333	0.4045	0.09411	0.10003
V455	0.17856	0.57926	0.03504	0.05525	0.05306	0.09883
V456	0.57045	0.07619	0.03853	0.03867	0.06474	0.21141
V457	0.25188	0.04982	0.01783	0.01197	0.17809	0.49041
V458	0.13646	0.02712	0.3266	0.03219	0.31822	0.1594
V459	0.10472	0.04226	0.45301	0.25034	0.07901	0.07065
V460	0.33825	0.09551	0.17362	0.10785	0.07329	0.21148
V461	0.2978	0.07242	0.00756	0.31839	0.16755	0.13628
V462	0.0907	0.03067	0.67585	0.03209	0.06215	0.10855
V463	0.08621	0.0505	0.02903	0.07993	0.67937	0.07496
V464	0.16656	0.59011	0.01903	0.05701	0.07955	0.08775
V465	0.33446	0.12063	0.29851	0.02546	0.07353	0.14741
V466	0.1651	0.0458	0	0.53483	0.15843	0.09583
V467	0.62904	0.08474	0.02298	0.03714	0.03606	0.19004
V468	0.33157	0.1253	0.0675	0.19385	0.1645	0.11728
V469	0.11147	0.13501	0.48261	0.08197	0.06389	0.12505
V470	0.46938	0.06819	0.04192	0.08243	0.1815	0.15657
V471	0.13318	0.20001	0.38044	0.06453	0.08433	0.13751
V472	0.15333	0.41963	0.008	0.05951	0.24442	0.11511
V473	0.14678	0.64558	0.02192	0.04415	0.05497	0.0866
V474	0.14434	0.02614	0.28575	0.36806	0.09597	0.07974
V475	0.14475	0.15138	0.2083	0.1523	0.24419	0.09908
V476	0.40585	0.07041	0.00955	0.14682	0.0804	0.28697
V477	0.17493	0.45384	0.04698	0.0891	0.06899	0.16615
V478	0.10028	0.03824	0.63993	0.03001	0.05984	0.13169
V479	0.12634	0.13726	0.53143	0.02873	0.08495	0.0913
V480	0.11815	0.22808	0.0047	0.25246	0.32355	0.07306
V481	0.35732	0.12018	0.08745	0.08076	0.20553	0.14875
V482	0.44482	0.06469	0.02575	0.02021	0.03245	0.41207
V483	0.13939	0.61894	0.05738	0.04645	0.05452	0.08333
V484	0.57247	0.07604	0.06347	0.03467	0.07149	0.18186
V485	0.2664	0.13791	0.33485	0.07242	0.05675	0.13168
V486	0.23312	0.03859	0.47742	0.04376	0.04822	0.1589
V487	0.11769	0.31064	0.0169	0.04755	0.42225	0.08497
V488	0.27134	0.48004	0.02259	0.06435	0.05014	0.11153
V489	0.55295	0.0886	0.06888	0.03985	0.07245	0.17727
V490	0.28247	0.07894	0.00996	0.03622	0.05205	0.54038
V491	0.15513	0.24637	0.25316	0.02945	0.2077	0.10819
V492	0.22328	0.0607	0.15815	0.06239	0.09964	0.39584
V493	0.55303	0.16842	0.01368	0.05245	0.04007	0.17235
V494	0.20877	0.06169	0.24067	0.01909	0.03682	0.43296
V495	0.24881	0.41639	0.13458	0.04535	0.05368	0.10119
V496	0.23983	0.13538	0.20813	0.02179	0.18371	0.21116
V497	0.11205	0.19019	0.13531	0.06275	0.42049	0.07921
V498	0.16118	0.11111	0.25473	0.24774	0.11963	0.10562
V499	0.14875	0.49645	0.11317	0.07738	0.06532	0.09894
V500	0.38774	0.19161	0.05284	0.06697	0.14101	0.15983
V501	0.16801	0.59805	0.01415	0.05528	0.05863	0.10588
V502	0.10209	0.03296	0.01207	0.22889	0.53994	0.08405
V503	0.19014	0.29207	0.01689	0.33397	0.0886	0.07832
V504	0.15756	0.60335	0.04698	0.04187	0.06332	0.08692
V505	0.10663	0.02331	0.36651	0.28508	0.10736	0.1111
V506	0.34375	0.05588	0.0312	0.11007	0.08857	0.37053
V507	0.27406	0.05058	0.01456	0	0.03927	0.62154
V508	0.14716	0.45202	0.04268	0.09254	0.1775	0.0881
V509	0.13005	0.03591	0	0.57742	0.19024	0.06637
V510	0.62151	0.0834	0.01669	0.03747	0.05274	0.18819
V511	0.26467	0.04933	0.00202	0.15707	0.05496	0.47196
V512	0.14687	0.201	0.41375	0.03944	0.06892	0.13002
V513	0.09998	0.04179	0.19509	0.07801	0.50373	0.0814
V514	0.15726	0.56659	0.05648	0.0358	0.05	0.13387
V515	0.16779	0.33299	0	0.31554	0.07825	0.10543
V516	0.08799	0.07002	0.58944	0.02946	0.13524	0.08785
V517	0.08979	0.02294	0.31531	0.19299	0.30275	0.07621
V518	0.31197	0.32017	0.02977	0.09824	0.07883	0.16102
V519	0.2126	0.41931	0.01211	0.07967	0.05426	0.22206
V520	0.49138	0.13276	0.02645	0.09843	0.04397	0.20701
V521	0.15781	0.03065	0.02119	0.05556	0.62327	0.11152
V522	0.34178	0.18766	0.02146	0.04469	0.17457	0.22984
V523	0.35176	0.18012	0.04845	0.11521	0.05384	0.25062
V524	0.14478	0.02558	0.06281	0.15004	0.43627	0.18051
V525	0.39517	0.05887	0.04352	0.02153	0.03255	0.44836
V526	0.13522	0.54857	0.07988	0.04473	0.11154	0.08006
V527	0.32013	0.05535	0.39139	0.03105	0.07777	0.12432
V528	0.57862	0.0772	0.08809	0.04015	0.04298	0.17296
V529	0.17136	0.09599	0.00406	0.52225	0.12278	0.08355
V530	0.16552	0.20811	0.23581	0.10055	0.10417	0.18583
V531	0.62447	0.09082	0.01667	0.04238	0.03695	0.18871
V532	0.19063	0.03012	0.04541	0.45797	0.18461	0.09125
V533	0.18864	0.03088	0.20994	0.0351	0.24564	0.28981
V534	0.16321	0.02725	0	0.42369	0.15391	0.23194
V535	0.42491	0.08816	0.15079	0.11821	0.05548	0.16246
V536	0.10149	0.02587	0.54674	0.14522	0.06516	0.11552
V537	0.14376	0.47958	0.0055	0.1991	0.0735	0.09855
V538	0.21793	0.03459	0.00321	0.25849	0.06247	0.42331
V539	0.12264	0.02631	0	0.54816	0.21881	0.08408
V540	0.30679	0.05103	0.24783	0.03943	0.19546	0.15945
V541	0.13259	0.23648	0	0.43116	0.10896	0.09082
V542	0.13044	0.45141	0.01768	0.20387	0.11583	0.08077
V543	0.08578	0.02643	0.4968	0.04725	0.25611	0.08762
V544	0.26547	0.07038	0.01763	0.02171	0.05041	0.5744
V545	0.1267	0.4875	0.06328	0.05407	0.1829	0.08556
V546	0.46068	0.10584	0.00756	0.19908	0.0756	0.15124
V547	0.15258	0.10117	0	0.31254	0.29118	0.14253
V548	0.27314	0.06484	0.01419	0	0.03384	0.614
V549	0.1819	0.03183	0.45502	0.08101	0.07302	0.17722
V550	0.09757	0.03377	0.29314	0.0355	0.45689	0.08313
V551	0.23603	0.08646	0.04476	0.08546	0.10566	0.44163
V552	0.13043	0.05838	0.12396	0.23851	0.32832	0.1204
V553	0.58251	0.07716	0.03775	0.05772	0.06166	0.1832
V554	0.15475	0.59888	0.03044	0.03909	0.0564	0.12043
V555	0.3616	0.04873	0.02046	0.18673	0.0538	0.32869
V556	0.14586	0.03516	0.34826	0.28446	0.09293	0.09332
V557	0.17381	0.54787	0.07322	0.04295	0.05592	0.10624
V558	0.36449	0.19579	0.01136	0.10125	0.04494	0.28216
V559	0.08985	0.02471	0.01143	0.15834	0.63594	0.07973
V560	0.52657	0.09298	0.02437	0.04328	0.0957	0.2171
V561	0.0814	0.04781	0.71273	0.02168	0.05738	0.07899
V562	0.40835	0.22794	0.04451	0.08004	0.05064	0.18852
V563	0.27101	0.04829	0.01065	0.04398	0.03454	0.59154
V564	0.22206	0.10113	0.00985	0.01577	0.21178	0.43942
V565	0.27393	0.05069	0.02061	0	0.03329	0.62147
V566	0.25603	0.12042	0.02741	0.03801	0.05986	0.49827
V567	0.32905	0.26741	0.00674	0.18155	0.07744	0.13781
V568	0.13045	0.02814	0.02915	0.07207	0.65662	0.08357
V569	0.5406	0.10283	0.01285	0.0517	0.0432	0.24882
V570	0.50659	0.17107	0.03488	0.07299	0.04898	0.1655
V571	0.09977	0.21365	0.49217	0.03615	0.07974	0.07852
V572	0.09685	0.03768	0.62038	0.03595	0.12403	0.08511
V573	0.21036	0.55701	0.01989	0.04133	0.06549	0.10591
V574	0.19735	0.03454	0.2816	0.03483	0.06643	0.38526
V575	0.15164	0.49075	0.0579	0.11438	0.06836	0.11698
V576	0.32349	0.13347	0.02464	0.03869	0.35801	0.12169
V577	0.33879	0.08692	0.01532	0.07752	0.31828	0.16317
V578	0.13397	0.02751	0.02029	0.03123	0.56273	0.22427
V579	0.1264	0.05091	0.14854	0.22259	0.37115	0.08041
V580	0.19642	0.04648	0.06655	0.30097	0.24726	0.14233
V581	0.50436	0.09684	0.0662	0.08628	0.09252	0.1538
V582	0.50444	0.07294	0.01711	0.16007	0.05696	0.18847
V583	0.17036	0.07202	0.23569	0.01183	0.19229	0.31781
V584	0.18723	0.04592	0.00363	0.26532	0.25169	0.24621
V585	0.15465	0.36757	0.17589	0.08227	0.06386	0.15577
V586	0.20839	0.54393	0.04612	0.0453	0.05564	0.10062
V587	0.27026	0.04531	0.2166	0.2725	0.07932	0.11601
V588	0.12759	0.03565	0.01653	0.62957	0.12572	0.06493
V589	0.16978	0.24571	0.20323	0.06782	0.05313	0.26034
V590	0.19821	0.06728	0.27084	0.05511	0.04899	0.35958
V591	0.55194	0.07144	0.03275	0.12631	0.05367	0.16388
V592	0.14954	0.29816	0.06565	0.29994	0.11062	0.07609
V593	0.1138	0.03558	0	0.67085	0.11837	0.0614
V594	0.19548	0.03001	0.00768	0.44045	0.09509	0.23129
V595	0.16227	0.2454	0.042	0.1086	0.21048	0.23125
V596	0.10861	0.22018	0.02186	0.09851	0.47864	0.07221
V597	0.37451	0.04974	0.03303	0.04492	0.36937	0.12843
V598	0.59891	0.10966	0.01604	0.03609	0.04161	0.1977
V599	0.23883	0.04695	0.00536	0.10835	0.11341	0.4871
V600	0.37824	0.138	0.00878	0.05314	0.08561	0.33622
V601	0.19972	0.15313	0.03354	0.258	0.06671	0.28889
V602	0.13062	0.04347	0.09792	0.03523	0.48201	0.21075
V603	0.20865	0.3223	0.03617	0.05629	0.06633	0.31026
V604	0.12226	0.39357	0.01002	0.04759	0.34615	0.08041
V605	0.13298	0.05358	0.0357	0.04251	0.62889	0.10634
V606	0.41242	0.08069	0.179	0.06404	0.04252	0.22132
V607	0.23985	0.07319	0.01043	0.01693	0.15865	0.50095
V608	0.18615	0.47455	0.01294	0.07769	0.06678	0.18189
V609	0.10977	0.03545	0.529	0.17478	0.06996	0.08105
V610	0.13185	0.13499	0.35841	0.14288	0.09459	0.13729
V611	0.14015	0.62376	0.02482	0.06197	0.06626	0.08303
V612	0.11583	0.19662	0	0.52763	0.10081	0.05911
V613	0.44669	0.17346	0.01827	0.02346	0.03528	0.30284
V614	0.14694	0.12856	0.38864	0.02035	0.097	0.2185
V615	0.09774	0.07618	0.06403	0.0499	0.62461	0.08754
V616	0.33864	0.3372	0.00918	0.05734	0.06094	0.1967
V617	0.09304	0.03454	0.01742	0.0544	0.71673	0.08387
V618	0.22867	0.05522	0.46223	0.02482	0.06536	0.16369
V619	0.12925	0.49249	0.128	0.05622	0.10328	0.09077
V620	0.22913	0.04858	0.19893	0.0109	0.0343	0.47817
V621	0.11775	0.02586	0.04836	0.58617	0.14034	0.08153
V622	0.40735	0.17798	0.02355	0.03747	0.20922	0.14442
V623	0.2178	0.52254	0.01849	0.03701	0.05731	0.14685
V624	0.14036	0.48007	0	0.22166	0.07027	0.08763
V625	0.15134	0.13537	0.1539	0.34567	0.10234	0.11138
V626	0.14564	0.05919	0.01656	0.1646	0.38925	0.22477
V627	0.47535	0.06016	0	0.24819	0.06336	0.15293
V628	0.19569	0.08167	0.23732	0.07559	0.11932	0.29042
V629	0.12559	0.38714	0	0.33021	0.08579	0.07128
V630	0.45715	0.07035	0.02923	0.05487	0.06109	0.3273
V631	0.24156	0.03984	0.0525	0.09338	0.07322	0.4995
V632	0.1215	0.04989	0.11643	0.26866	0.34784	0.09569
V633	0.09377	0.17474	0.57397	0.02848	0.05464	0.0744
V634	0.53795	0.07714	0.01815	0.15578	0.05125	0.15973
V635	0.11054	0.06689	0.19871	0.45494	0.09893	0.06998
V636	0.1479	0.48517	0.00667	0.08406	0.14919	0.12702
V637	0.25039	0.0905	0.01823	0.00186	0.09696	0.54205
V638	0.13658	0.11755	0.03789	0.42036	0.20818	0.07943
V639	0.29337	0.09128	0.07037	0.05534	0.30609	0.18356
V640	0.14244	0.14431	0.36037	0.03063	0.1395	0.18275
V641	0.08933	0.0924	0.41005	0.04886	0.28068	0.07868
V642	0.27236	0.07244	0.22433	0.12816	0.05197	0.25074
V643	0.57574	0.08272	0.01082	0.0909	0.05424	0.18559
V644	0.54208	0.07876	0.00988	0.09263	0.04781	0.22884
V645	0.50442	0.08267	0.0221	0.08289	0.04054	0.26738
V646	0.09677	0.03444	0.37375	0.03231	0.37944	0.08329
V647	0.26322	0.04614	0.02497	0.21807	0.07779	0.36982
V648	0.21439	0.28966	0.10656	0.05814	0.06156	0.26968
V649	0.21293	0.04143	0.01201	0.5247	0.11562	0.09331
V650	0.2536	0.19146	0.16478	0.03928	0.24426	0.10662
V651	0.20993	0.29692	0.06338	0.0464	0.14659	0.23678
V652	0.14023	0.02679	0.08648	0.538	0.12804	0.08047
V653	0.18879	0.36319	0.03099	0.04457	0.11324	0.25922
V654	0.56739	0.0829	0.06921	0.03991	0.0603	0.18029
V655	0.28729	0.04112	0.02876	0.06052	0.23628	0.34602
V656	0.16352	0.09822	0.45806	0.05607	0.12665	0.09747
V657	0.3695	0.05697	0.00684	0.10076	0.22574	0.24019
V658	0.11289	0.09181	0.12894	0.49996	0.10416	0.06224
V659	0.1472	0.62155	0.0203	0.04607	0.05849	0.10639
V660	0.56839	0.08472	0.01478	0.04077	0.03623	0.25513
V661	0.2157	0.0344	0.12407	0.09666	0.13787	0.39131
V662	0.53822	0.07782	0.02116	0.10579	0.04966	0.20736
V663	0.13725	0.16721	0.02384	0.07348	0.51358	0.08464
V664	0.18338	0.08556	0.52662	0.02123	0.06792	0.11529
V665	0.09254	0.02643	0.01772	0.05454	0.72439	0.08438
V666	0.35105	0.28666	0.01154	0.10311	0.07262	0.17501
V667	0.26159	0.04657	0.03666	0.0264	0.04521	0.58357
V668	0.55445	0.17536	0.02063	0.04216	0.03906	0.16834
V669	0.25667	0.12554	0	0.18735	0.06005	0.37039
V670	0.17356	0.31882	0.01404	0.23189	0.07954	0.18214
V671	0.33011	0.04382	0	0.43245	0.08731	0.10631
V672	0.15243	0.46173	0	0.23435	0.0713	0.08019
V673	0.21875	0.14839	0.15231	0.00894	0.03498	0.43664
V674	0.5529	0.07227	0.01967	0.03734	0.15097	0.16685
V675	0.26293	0.14408	0.02379	0.00275	0.04948	0.51698
V676	0.12502	0.02674	0.06252	0.59867	0.12198	0.06506
V677	0.24099	0.32357	0.11894	0.02003	0.04028	0.25618
V678	0.22915	0.10088	0.04968	0.02965	0.32364	0.267
V679	0.2505	0.12033	0.04176	0.01752	0.03917	0.53072
V680	0.10537	0.02525	0.30755	0.03031	0.4067	0.12482
V681	0.17118	0.54088	0.03348	0.03814	0.04819	0.16812
V682	0.17727	0.43907	0.0085	0.0373	0.11187	0.226
V683	0.11719	0.02675	0.02181	0.03834	0.63831	0.15761
V684	0.1876	0.55198	0.01028	0.09038	0.06101	0.09875
V685	0.12236	0.47561	0.19675	0.03375	0.09037	0.08116
V686	0.28693	0.0516	0.30538	0.01818	0.05234	0.28557
V687	0.17902	0.22327	0.19674	0.07918	0.04772	0.27406
V688	0.3931	0.053	0.01769	0.03264	0.23995	0.26362
V689	0.1489	0.04676	0.49963	0.09761	0.07737	0.12974
V690	0.16004	0.03705	0.0394	0.04905	0.49341	0.22105
V691	0.16765	0.38716	0.143	0.07856	0.08127	0.14238
V692	0.44897	0.05638	0.00056	0.23334	0.1131	0.14764
V693	0.54113	0.1605	0.0254	0.04513	0.0388	0.18903
V694	0.54002	0.15993	0.01834	0.06186	0.04138	0.17846
V695	0.56187	0.07484	0.01299	0.04516	0.09545	0.20969
V696	0.16853	0.40717	0.04396	0.07648	0.20616	0.09769
V697	0.13488	0.04788	0.5662	0.05217	0.08028	0.1186
V698	0.14359	0.64228	0.01627	0.04815	0.06023	0.08947
V699	0.23934	0.05454	0.40559	0.04611	0.10118	0.15323
V700	0.20284	0.04177	0.01376	0.04867	0.58006	0.1129
V701	0.58727	0.07976	0.02194	0.03156	0.03518	0.24429
V702	0.25036	0.05671	0.05092	0.10525	0.04951	0.48725
V703	0.24273	0.40919	0.02277	0.03862	0.17739	0.10931
V704	0.34767	0.26091	0.14635	0.02936	0.05335	0.16236
V705	0.12692	0.11766	0.21957	0.14903	0.29544	0.09137
V706	0.19727	0.10787	0.23638	0.00965	0.11511	0.33372
V707	0.4466	0.08077	0.01381	0.01576	0.0378	0.40527
V708	0.11136	0.33869	0.37384	0.03888	0.05877	0.07846
V709	0.11024	0.02654	0	0.61503	0.18571	0.06249
V710	0.37284	0.09846	0.09459	0.06558	0.18288	0.18565
V711	0.13305	0.20772	0.30561	0.14639	0.06737	0.13986
V712	0.10762	0.25828	0.0245	0.04783	0.47797	0.0838
V713	0.28849	0.41294	0.03311	0.05523	0.06313	0.14709
V714	0.12035	0.406	0.30458	0.03517	0.05799	0.07591
V715	0.10499	0.04898	0.67757	0.02056	0.0541	0.0938
V716	0.2157	0.05706	0.00512	0.21595	0.19321	0.31297
V717	0.11583	0.03569	0.03668	0.04221	0.65339	0.1162
V718	0.11066	0.35309	0.01694	0.04268	0.4029	0.07373
V719	0.14845	0.59611	0.03535	0.04505	0.07319	0.10185
V720	0.28403	0.03816	0.17528	0.22818	0.09063	0.18371
V721	0.18326	0.24582	0.16453	0.01478	0.10129	0.29031
V722	0.09031	0.02601	0.03285	0.048	0.72442	0.07842
V723	0.14123	0.51793	0.04451	0.04858	0.14468	0.10308
V724	0.15532	0.27621	0.27967	0.09544	0.11399	0.07937
V725	0.14056	0.07637	0.06249	0.12406	0.43618	0.16034
V726	0.10651	0.04336	0.42181	0.04503	0.25933	0.12396
V727	0.24526	0.04027	0.07898	0.09236	0.04835	0.49477
V728	0.12385	0.03555	0	0.63432	0.10863	0.09766
V729	0.24725	0.40335	0.02698	0.05812	0.14544	0.11886
V730	0.21826	0.03257	0.06443	0.27526	0.07351	0.33596
V731	0.2164	0.07699	0.32856	0.02055	0.16935	0.18816
V732	0.17474	0.36006	0.02513	0.05964	0.20969	0.17074
V733	0.25104	0.03633	0.19974	0.1416	0.09305	0.27824
V734	0.24774	0.04318	0.17868	0	0.04464	0.48576
V735	0.13468	0.10097	0	0.5396	0.10877	0.11598
V736	0.1814	0.42032	0.04867	0.04951	0.05669	0.24341
V737	0.08418	0.02566	0.02567	0.0551	0.73203	0.07737
V738	0.34099	0.08536	0.057	0.2633	0.07947	0.17388
V739	0.21706	0.27922	0.13133	0.05409	0.18348	0.13482
V740	0.12198	0.23728	0.28927	0.05975	0.1957	0.09601
V741	0.3695	0.16755	0.11829	0.08631	0.13477	0.12358
V742	0.3175	0.04896	0.02232	0.30514	0.15924	0.14684
V743	0.11811	0.11615	0.20698	0.25343	0.21886	0.08646
V744	0.36139	0.12867	0.01697	0.10949	0.04487	0.3386
V745	0.1438	0.43869	0.01435	0.06771	0.25158	0.08386
V746	0.57721	0.0917	0.01991	0.04986	0.0491	0.21223
V747	0.24196	0.04432	0.10298	0.06188	0.43013	0.11872
V748	0.21632	0.07688	0.17322	0.0257	0.11422	0.39367
V749	0.40092	0.06182	0.01186	0.11739	0.11475	0.29327
V750	0.11549	0.10097	0	0.6099	0.11375	0.05989
V751	0.12054	0.03523	0.00991	0.62425	0.14595	0.06412
V752	0.24952	0.04487	0.03735	0.08996	0.45883	0.11947
V753	0.22265	0.03422	0.03463	0.07854	0.27008	0.35987
V754	0.17042	0.36601	0.09213	0.06721	0.08334	0.22088
V755	0.33446	0.07883	0.02334	0.05041	0.3211	0.19185
V756	0.26377	0.0555	0.01955	0.00384	0.06641	0.59093
V757	0.20212	0.36703	0.0134	0.03595	0.08138	0.30012
V758	0.29386	0.48205	0.01374	0.04513	0.04756	0.11767
V759	0.20061	0.04758	0.04792	0.13067	0.41306	0.16016
V760	0.27214	0.04971	0.01958	0.01324	0.03136	0.61397
V761	0.08256	0.03301	0.31528	0.04856	0.44586	0.07473
V762	0.13998	0.0315	0.57515	0.04372	0.07197	0.13767
V763	0.1281	0.1576	0.00429	0.49708	0.12741	0.08551
V764	0.24703	0.0428	0.07242	0.15576	0.22231	0.25968
V765	0.27693	0.05805	0.01418	0.00276	0.03613	0.61194
V766	0.31694	0.3065	0.02144	0.04408	0.14176	0.16927
V767	0.24856	0.04638	0.2137	0.07654	0.06378	0.35104
V768	0.14659	0.52195	0.12499	0.045	0.05684	0.10462
V769	0.08325	0.02867	0.66087	0.08039	0.07035	0.07647
V770	0.16085	0.35411	0	0.31021	0.09093	0.0839
