CD19B	CD56NK	CD4MemoryT	CD14
V1	0.40661	0.07187	0.18513	0.33639
V2	0.15657	0.12355	0.11525	0.60463
V3	0.09589	0.45227	0.09924	0.3526
V4	0.63409	0.13338	0.07529	0.15724
V5	0.13588	0.37244	0.24614	0.24555
V6	0.10365	0.63117	0.11522	0.14997
V7	0.15081	0.29226	0.13895	0.41799
V8	0.1726	0.08966	0.58899	0.14876
V9	0.20432	0.21665	0.10671	0.47232
V10	0.10187	0.09505	0.64277	0.16031
V11	0.20331	0.30779	0.35751	0.13139
V12	0.08466	0.45315	0.32472	0.13748
V13	0.22487	0.52595	0.09798	0.1512
V14	0.09692	0.66067	0.10645	0.13596
V15	0.13645	0.44576	0.17074	0.24705
V16	0.66131	0.08334	0.09125	0.1641
V17	0.1102	0.63104	0.10911	0.14965
V18	0.42331	0.29549	0.11514	0.16606
V19	0.1563	0.59969	0.10125	0.14276
V20	0.15929	0.35452	0.10261	0.38358
V21	0.16992	0.11419	0.56681	0.14908
V22	0.08954	0.13088	0.20084	0.57875
V23	0.3243	0.09857	0.44389	0.13324
V24	0.69411	0.07151	0.09525	0.13912
V25	0.26802	0.22269	0.16462	0.34466
V26	0.29582	0.31841	0.09748	0.28829
V27	0.12949	0.10337	0.0947	0.67243
V28	0.09282	0.10183	0.68706	0.11829
V29	0.35871	0.09014	0.39719	0.15396
V30	0.13402	0.209	0.24659	0.41039
V31	0.1917	0.19833	0.2605	0.34947
V32	0.11961	0.08778	0.09997	0.69265
V33	0.09862	0.39141	0.30812	0.20185
V34	0.17081	0.10183	0.57821	0.14915
V35	0.15995	0.53204	0.15271	0.1553
V36	0.08872	0.10439	0.35488	0.45201
V37	0.39475	0.11293	0.14045	0.35188
V38	0.32509	0.0706	0.18432	0.41999
V39	0.16317	0.42786	0.17639	0.23258
V40	0.11908	0.60166	0.15108	0.12817
V41	0.06546	0.48649	0.12483	0.32322
V42	0.20627	0.09339	0.20261	0.49773
V43	0.15757	0.29698	0.39539	0.15007
V44	0.09678	0.12906	0.52594	0.24822
V45	0.1274	0.44592	0.23207	0.19461
V46	0.58923	0.10708	0.1622	0.14149
V47	0.35081	0.19563	0.28287	0.1707
V48	0.5893	0.171	0.08415	0.15555
V49	0.53341	0.18397	0.07927	0.20336
V50	0.09977	0.60821	0.15757	0.13445
V51	0.2592	0.33453	0.25069	0.15559
V52	0.10497	0.15001	0.59882	0.1462
V53	0.54211	0.14173	0.18244	0.13372
V54	0.33772	0.19765	0.31594	0.14869
V55	0.1988	0.15545	0.2259	0.41985
V56	0.10448	0.0835	0.13036	0.68166
V57	0.11656	0.62601	0.11503	0.1424
V58	0.45839	0.06598	0.10419	0.37144
V59	0.33079	0.33747	0.15936	0.17238
V60	0.15513	0.17382	0.27436	0.39669
V61	0.58151	0.12811	0.08591	0.20446
V62	0.64466	0.07967	0.12551	0.15016
V63	0.07071	0.60201	0.17994	0.14734
V64	0.06077	0.61051	0.09747	0.23126
V65	0.0881	0.07947	0.13635	0.69609
V66	0.19079	0.51504	0.11049	0.18368
V67	0.17129	0.28967	0.40279	0.13626
V68	0.16058	0.15833	0.09967	0.58141
V69	0.09482	0.2807	0.46341	0.16106
V70	0.40369	0.16814	0.19928	0.22888
V71	0.17692	0.12277	0.30295	0.39736
V72	0.41952	0.17046	0.14283	0.26719
V73	0.15762	0.46203	0.18436	0.19599
V74	0.11935	0.22054	0.5396	0.12052
V75	0.52432	0.06236	0.20518	0.20814
V76	0.07607	0.17944	0.19053	0.55396
V77	0.09347	0.24381	0.09154	0.57118
V78	0.25058	0.14588	0.19653	0.40701
V79	0.09203	0.14247	0.57642	0.18908
V80	0.30268	0.08715	0.41513	0.19504
V81	0.12145	0.1813	0.57067	0.12658
V82	0.09083	0.12033	0.66362	0.12522
V83	0.1497	0.17951	0.13145	0.53934
V84	0.30453	0.10035	0.18144	0.41368
V85	0.14212	0.27974	0.32621	0.25193
V86	0.1199	0.11263	0.6141	0.15338
V87	0.08071	0.59839	0.13827	0.18263
V88	0.17418	0.11469	0.23993	0.47119
V89	0.0924	0.08648	0.19827	0.62285
V90	0.07443	0.64276	0.14107	0.14174
V91	0.08571	0.54314	0.21781	0.15334
V92	0.36268	0.08577	0.31813	0.23342
V93	0.64356	0.06561	0.07184	0.21899
V94	0.07716	0.34254	0.10218	0.47811
V95	0.22077	0.34781	0.19109	0.24033
V96	0.11723	0.13041	0.10056	0.6518
V97	0.51186	0.13329	0.21618	0.13867
V98	0.5107	0.2608	0.08142	0.14708
V99	0.59074	0.09073	0.17745	0.14107
V100	0.13848	0.09987	0.62159	0.14006
V101	0.08883	0.08978	0.08859	0.7328
V102	0.67982	0.08872	0.08027	0.15119
V103	0.08694	0.10067	0.13546	0.67694
V104	0.07288	0.68343	0.10767	0.13602
V105	0.09018	0.66079	0.11321	0.13582
V106	0.1439	0.40519	0.29235	0.15857
V107	0.19692	0.20897	0.42979	0.16433
V108	0.15273	0.55791	0.16162	0.12774
V109	0.09179	0.18224	0.43307	0.29291
V110	0.09155	0.63112	0.12772	0.14961
V111	0.67554	0.05812	0.12215	0.1442
V112	0.1598	0.12023	0.33124	0.38874
V113	0.18355	0.14061	0.19049	0.48535
V114	0.21479	0.10111	0.13207	0.55203
V115	0.0683	0.55765	0.24174	0.13231
V116	0.16083	0.27865	0.30758	0.25294
V117	0.49482	0.23057	0.10702	0.16759
V118	0.15911	0.43348	0.11555	0.29186
V119	0.13996	0.11897	0.11572	0.62535
V120	0.13725	0.12382	0.60527	0.13365
V121	0.43366	0.15106	0.14164	0.27364
V122	0.70609	0.05956	0.08251	0.15184
V123	0.06913	0.38385	0.12099	0.42603
V124	0.48425	0.25683	0.07861	0.18031
V125	0.30357	0.34162	0.20417	0.15064
V126	0.0982	0.16011	0.11779	0.6239
V127	0.17398	0.10783	0.23426	0.48394
V128	0.09764	0.08498	0.14583	0.67154
V129	0.43201	0.21901	0.19076	0.15822
V130	0.07131	0.49707	0.30053	0.13109
V131	0.07282	0.63827	0.09914	0.18977
V132	0.68794	0.06039	0.09384	0.15783
V133	0.66953	0.06769	0.11218	0.1506
V134	0.13404	0.3155	0.16803	0.38242
V135	0.12587	0.08854	0.18925	0.59634
V136	0.20701	0.32151	0.0936	0.37789
V137	0.48656	0.09065	0.23683	0.18596
V138	0.19329	0.32881	0.20144	0.27645
V139	0.27831	0.20433	0.20866	0.30871
V140	0.09547	0.12722	0.11593	0.66138
V141	0.12171	0.18144	0.40179	0.29506
V142	0.59281	0.06282	0.21004	0.13433
V143	0.32163	0.23875	0.12946	0.31016
V144	0.17056	0.17152	0.1864	0.47153
V145	0.06256	0.5629	0.24241	0.13214
V146	0.10901	0.08413	0.10032	0.70654
V147	0.66754	0.0721	0.08965	0.17071
V148	0.16356	0.13016	0.42611	0.28018
V149	0.2283	0.40567	0.23111	0.13492
V150	0.13553	0.2385	0.44185	0.18412
V151	0.18458	0.47016	0.11765	0.22761
V152	0.20909	0.35888	0.22778	0.20426
V153	0.125	0.54462	0.11101	0.21937
V154	0.21757	0.36957	0.2591	0.15377
V155	0.36471	0.16738	0.26202	0.20589
V156	0.10676	0.17311	0.50095	0.21917
V157	0.25751	0.17692	0.27358	0.29199
V158	0.08882	0.08027	0.09847	0.73243
V159	0.6466	0.1017	0.07448	0.17722
V160	0.49827	0.06594	0.11992	0.31586
V161	0.19344	0.07817	0.10201	0.62638
V162	0.11074	0.25698	0.1384	0.49388
V163	0.12654	0.37875	0.19774	0.29697
V164	0.26661	0.2701	0.15465	0.30864
V165	0.07743	0.23034	0.08692	0.60531
V166	0.08452	0.13209	0.12809	0.65529
V167	0.27285	0.07029	0.0826	0.57426
V168	0.23644	0.43909	0.14837	0.1761
V169	0.18155	0.10735	0.10659	0.60451
V170	0.14885	0.0979	0.38683	0.36642
V171	0.16223	0.23702	0.44419	0.15656
V172	0.54192	0.06617	0.25175	0.14016
V173	0.09274	0.15971	0.11337	0.63418
V174	0.08658	0.17287	0.13348	0.60707
V175	0.13194	0.08997	0.55972	0.21838
V176	0.06599	0.59244	0.2081	0.13346
V177	0.06022	0.69425	0.10248	0.14305
V178	0.06233	0.55018	0.0989	0.28859
V179	0.1777	0.08717	0.30421	0.43091
V180	0.07531	0.64306	0.15365	0.12798
V181	0.18071	0.16737	0.40663	0.2453
V182	0.26325	0.19652	0.3663	0.17393
V183	0.16858	0.59223	0.10253	0.13667
V184	0.72822	0.05288	0.07816	0.14074
V185	0.42712	0.33884	0.09459	0.13944
V186	0.14234	0.38036	0.25299	0.22431
V187	0.70024	0.06086	0.09352	0.14537
V188	0.10608	0.21079	0.08665	0.59649
V189	0.58457	0.07488	0.08667	0.25388
V190	0.50202	0.0724	0.28691	0.13867
V191	0.19562	0.21578	0.43111	0.15748
V192	0.24253	0.36881	0.12406	0.2646
V193	0.4503	0.09118	0.22946	0.22906
V194	0.07825	0.66573	0.10638	0.14964
V195	0.09769	0.103	0.67406	0.12525
V196	0.08668	0.11542	0.09217	0.70573
V197	0.30902	0.10137	0.09849	0.49112
V198	0.11136	0.39963	0.31718	0.17183
V199	0.17255	0.0933	0.18775	0.5464
V200	0.13982	0.42249	0.10369	0.33399
V201	0.12639	0.42291	0.21197	0.23873
V202	0.09872	0.09606	0.55048	0.25474
V203	0.17163	0.35478	0.32811	0.14548
V204	0.0677	0.39861	0.0945	0.4392
V205	0.10194	0.11903	0.64615	0.13288
V206	0.11821	0.14387	0.61153	0.12639
V207	0.14888	0.19044	0.12107	0.53961
V208	0.24306	0.12209	0.49745	0.1374
V209	0.24367	0.36982	0.13713	0.24938
V210	0.11378	0.55682	0.16095	0.16845
V211	0.31624	0.07984	0.10119	0.50273
V212	0.40146	0.09947	0.35109	0.14798
V213	0.46227	0.08533	0.15117	0.30123
V214	0.26318	0.176	0.18802	0.3728
V215	0.23675	0.13239	0.09548	0.53539
V216	0.09966	0.07898	0.09726	0.72411
V217	0.09631	0.38202	0.23318	0.28849
V218	0.12749	0.35089	0.19564	0.32597
V219	0.12582	0.46951	0.09954	0.30514
V220	0.06118	0.59145	0.10159	0.24578
V221	0.5811	0.06247	0.07439	0.28204
V222	0.2659	0.16793	0.30371	0.26247
V223	0.08781	0.17583	0.55451	0.18185
V224	0.71851	0.05397	0.08778	0.13974
V225	0.09215	0.63128	0.14213	0.13445
V226	0.27526	0.13382	0.45212	0.1388
V227	0.58619	0.06243	0.20419	0.14719
V228	0.55778	0.1068	0.12495	0.21047
V229	0.10245	0.10146	0.65709	0.139
V230	0.08865	0.08941	0.0978	0.72413
V231	0.08332	0.24528	0.15409	0.51731
V232	0.08863	0.4767	0.08916	0.3455
V233	0.41889	0.12963	0.20816	0.24332
V234	0.07899	0.65482	0.12324	0.14295
V235	0.31587	0.11775	0.41279	0.15359
V236	0.11867	0.12774	0.5708	0.18279
V237	0.16396	0.07938	0.10404	0.65262
V238	0.14883	0.42943	0.25558	0.16616
V239	0.10698	0.3176	0.10132	0.47409
V240	0.38623	0.09952	0.34517	0.16909
V241	0.10225	0.09417	0.62975	0.17383
V242	0.13885	0.55823	0.16196	0.14095
V243	0.23633	0.10943	0.46865	0.18558
V244	0.21657	0.08633	0.50476	0.19234
V245	0.43954	0.26009	0.12084	0.17953
V246	0.12017	0.18171	0.55746	0.14066
V247	0.19165	0.09566	0.59185	0.12083
V248	0.09288	0.09357	0.11173	0.70183
V249	0.08852	0.11289	0.62551	0.17308
V250	0.57416	0.06415	0.22119	0.1405
V251	0.69288	0.0816	0.08026	0.14526
V252	0.06545	0.61079	0.1971	0.12667
V253	0.28301	0.12037	0.18229	0.41434
V254	0.06236	0.66671	0.13641	0.13451
V255	0.08377	0.65317	0.09997	0.16309
V256	0.18615	0.22092	0.39858	0.19435
V257	0.32424	0.1401	0.22685	0.30882
V258	0.18242	0.2525	0.3407	0.22438
V259	0.10068	0.2735	0.47131	0.15452
V260	0.07927	0.26748	0.52677	0.12649
V261	0.45509	0.0889	0.20598	0.25003
V262	0.12888	0.10821	0.09495	0.66796
V263	0.06648	0.68181	0.10218	0.14954
V264	0.17906	0.10648	0.33149	0.38296
V265	0.09899	0.08001	0.16065	0.66035
V266	0.48214	0.29618	0.08768	0.134
V267	0.07652	0.19168	0.2471	0.4847
V268	0.29537	0.08888	0.16901	0.44674
V269	0.07136	0.43485	0.32964	0.16415
V270	0.47956	0.08446	0.23572	0.20027
V271	0.57563	0.10451	0.10205	0.2178
V272	0.0913	0.58867	0.10758	0.21245
V273	0.10877	0.08845	0.10553	0.69726
V274	0.51606	0.06384	0.19774	0.22235
V275	0.09217	0.1028	0.68003	0.125
V276	0.36784	0.28836	0.09105	0.25274
V277	0.09645	0.20204	0.18266	0.51886
V278	0.10295	0.11738	0.24832	0.53134
V279	0.4993	0.1035	0.15231	0.2449
V280	0.08882	0.08027	0.09847	0.73243
V281	0.39724	0.08807	0.17025	0.34443
V282	0.12532	0.12758	0.57866	0.16844
V283	0.18561	0.43735	0.13583	0.24122
V284	0.07476	0.64924	0.14134	0.13466
V285	0.1344	0.09375	0.65269	0.11916
V286	0.20929	0.42134	0.16412	0.20525
V287	0.11606	0.62517	0.1092	0.14957
V288	0.08587	0.25836	0.33317	0.3226
V289	0.24869	0.2216	0.34163	0.18808
V290	0.60875	0.16524	0.08923	0.13678
V291	0.38556	0.12021	0.35265	0.14158
V292	0.68385	0.05943	0.07189	0.18483
V293	0.2714	0.09033	0.47969	0.15858
V294	0.11886	0.29589	0.08552	0.49973
V295	0.0867	0.18611	0.19666	0.53053
V296	0.19114	0.16161	0.45421	0.19304
V297	0.1214	0.07793	0.12392	0.67675
V298	0.26761	0.1462	0.44745	0.13874
V299	0.11013	0.2392	0.09589	0.55478
V300	0.08196	0.09717	0.21475	0.60612
V301	0.15782	0.1569	0.47036	0.21492
V302	0.48237	0.28848	0.08221	0.14695
V303	0.06489	0.45972	0.32444	0.15095
V304	0.12291	0.10275	0.52538	0.24895
V305	0.15206	0.18507	0.35175	0.31112
V306	0.58518	0.12345	0.11553	0.17584
V307	0.06703	0.6778	0.11239	0.14278
V308	0.20585	0.22469	0.26321	0.30625
V309	0.25513	0.27008	0.10216	0.37264
V310	0.11719	0.2689	0.17755	0.43636
V311	0.38891	0.38175	0.08937	0.13997
V312	0.12126	0.54112	0.19022	0.1474
V313	0.07936	0.13743	0.09785	0.68536
V314	0.07629	0.36437	0.15886	0.40049
V315	0.13323	0.45941	0.11608	0.29128
V316	0.2599	0.1674	0.31783	0.25487
V317	0.1135	0.50616	0.12568	0.25466
V318	0.08537	0.40876	0.0987	0.40716
V319	0.12462	0.1239	0.60473	0.14675
V320	0.13148	0.1774	0.47025	0.22086
V321	0.47608	0.30331	0.08679	0.13382
V322	0.17601	0.27238	0.13213	0.41949
V323	0.10993	0.08972	0.1339	0.66645
V324	0.48313	0.23256	0.13102	0.15328
V325	0.24811	0.48286	0.13166	0.13737
V326	0.06296	0.41589	0.14988	0.37127
V327	0.08742	0.16275	0.14847	0.60136
V328	0.11685	0.10302	0.52463	0.2555
V329	0.17141	0.14679	0.18466	0.49714
V330	0.30648	0.08038	0.28375	0.32939
V331	0.26291	0.12615	0.11228	0.49867
V332	0.08581	0.10782	0.18885	0.61753
V333	0.33331	0.1258	0.32216	0.21873
V334	0.287	0.08387	0.29401	0.33512
V335	0.0924	0.29579	0.39076	0.22106
V336	0.16423	0.51282	0.11016	0.21279
V337	0.23945	0.33555	0.27024	0.15475
V338	0.05484	0.69979	0.10942	0.13594
V339	0.16561	0.09187	0.61527	0.12725
V340	0.113	0.22805	0.39343	0.26551
V341	0.09281	0.0948	0.1205	0.69189
V342	0.23499	0.08398	0.45169	0.22935
V343	0.71138	0.06352	0.07913	0.14597
V344	0.50302	0.16315	0.20104	0.1328
V345	0.09809	0.10268	0.68078	0.11845
V346	0.20824	0.1507	0.24954	0.39152
V347	0.10337	0.08387	0.15676	0.65599
V348	0.09871	0.47996	0.18344	0.23789
V349	0.28218	0.18611	0.32004	0.21167
V350	0.07818	0.58666	0.20833	0.12683
V351	0.09378	0.10265	0.30558	0.49799
V352	0.12109	0.09873	0.59799	0.18218
V353	0.63513	0.07298	0.10112	0.19077
V354	0.09381	0.51303	0.23378	0.15939
V355	0.24229	0.13173	0.35777	0.26821
V356	0.09754	0.09005	0.14058	0.67183
V357	0.13851	0.28504	0.25068	0.32576
V358	0.38383	0.1361	0.11372	0.36635
V359	0.40284	0.10353	0.09961	0.39402
V360	0.40517	0.34758	0.10106	0.1462
V361	0.07195	0.3704	0.42981	0.12784
V362	0.05499	0.69409	0.11543	0.13549
V363	0.17903	0.1593	0.3572	0.30447
V364	0.18038	0.12425	0.49499	0.20038
V365	0.21736	0.08748	0.09063	0.60453
V366	0.1088	0.49641	0.14844	0.24635
V367	0.40229	0.15835	0.07979	0.35956
V368	0.11403	0.53076	0.1512	0.20402
V369	0.08498	0.33834	0.44946	0.12722
V370	0.2532	0.25732	0.33652	0.15297
V371	0.17127	0.52908	0.11629	0.18336
V372	0.16471	0.11002	0.15505	0.57022
V373	0.12735	0.17219	0.35478	0.34567
V374	0.58007	0.06864	0.21656	0.13473
V375	0.10189	0.10025	0.16822	0.62963
V376	0.09805	0.09508	0.14015	0.66671
V377	0.56075	0.05702	0.08045	0.30178
V378	0.08868	0.10369	0.31045	0.49719
V379	0.25468	0.19476	0.08894	0.46162
V380	0.1609	0.12438	0.19989	0.51483
V381	0.52307	0.07219	0.13888	0.26586
V382	0.13844	0.10467	0.6304	0.12649
V383	0.59485	0.06325	0.11025	0.23165
V384	0.39761	0.1196	0.16619	0.3166
V385	0.61795	0.06907	0.12998	0.183
V386	0.24322	0.08482	0.16826	0.5037
V387	0.42726	0.16799	0.20477	0.19998
V388	0.28118	0.28661	0.18196	0.25025
V389	0.3104	0.40634	0.09752	0.18575
V390	0.25517	0.24352	0.36909	0.13222
V391	0.30213	0.13804	0.09205	0.46779
V392	0.313	0.21416	0.19246	0.28038
V393	0.23751	0.22798	0.29505	0.23946
V394	0.12514	0.21379	0.15291	0.50816
V395	0.19428	0.32363	0.21298	0.26911
V396	0.06114	0.68272	0.1068	0.14934
V397	0.56158	0.12138	0.14893	0.16811
V398	0.32242	0.15984	0.14391	0.37384
V399	0.17709	0.42248	0.18877	0.21167
V400	0.06204	0.42596	0.13384	0.37816
V401	0.1064	0.18707	0.52361	0.18292
V402	0.58385	0.17253	0.10749	0.13614
V403	0.0928	0.08998	0.12556	0.69165
V404	0.13581	0.21105	0.45361	0.19953
V405	0.19811	0.09893	0.18077	0.52219
V406	0.4582	0.23069	0.09458	0.21652
V407	0.05484	0.69979	0.10942	0.13594
V408	0.13076	0.23622	0.31568	0.31733
V409	0.08382	0.08494	0.09888	0.73237
V410	0.11057	0.61907	0.12097	0.14939
V411	0.31823	0.07208	0.07701	0.53267
V412	0.1731	0.13477	0.37357	0.31855
V413	0.10111	0.37248	0.20115	0.32526
V414	0.09136	0.39574	0.29059	0.2223
V415	0.33079	0.09514	0.22351	0.35056
V416	0.09561	0.13254	0.65278	0.11907
V417	0.29352	0.47164	0.09537	0.13947
V418	0.11728	0.13973	0.16866	0.57433
V419	0.08878	0.07957	0.10388	0.72776
V420	0.05449	0.63154	0.10985	0.20412
V421	0.18083	0.11067	0.49394	0.21456
V422	0.10281	0.10888	0.09139	0.69691
V423	0.13848	0.09987	0.62159	0.14006
V424	0.08226	0.11871	0.44313	0.3559
V425	0.11396	0.23722	0.44148	0.20734
V426	0.14489	0.11453	0.56448	0.17611
V427	0.1101	0.31941	0.20358	0.3669
V428	0.11186	0.55419	0.13666	0.19728
V429	0.08864	0.0799	0.10775	0.72372
V430	0.53484	0.17203	0.09748	0.19564
V431	0.18693	0.09927	0.34511	0.36869
V432	0.13431	0.12923	0.11659	0.61988
V433	0.09248	0.52611	0.0913	0.29011
V434	0.25718	0.1214	0.1167	0.50472
V435	0.36445	0.0774	0.15801	0.40013
V436	0.28715	0.08221	0.15168	0.47896
V437	0.19598	0.21399	0.08615	0.50387
V438	0.42907	0.17303	0.10258	0.29532
V439	0.09536	0.13109	0.0915	0.68204
V440	0.34393	0.09354	0.10288	0.45965
V441	0.12349	0.16943	0.43531	0.27177
V442	0.24745	0.29293	0.17406	0.28557
V443	0.52938	0.06687	0.13788	0.26587
V444	0.09809	0.10268	0.68078	0.11845
V445	0.46247	0.08256	0.29831	0.15666
V446	0.08103	0.59128	0.1385	0.18918
V447	0.45583	0.13366	0.19601	0.2145
V448	0.0905	0.1191	0.19451	0.59589
V449	0.4181	0.10105	0.26855	0.2123
V450	0.1423	0.61957	0.10841	0.12972
V451	0.67921	0.08905	0.07341	0.15834
V452	0.09838	0.08466	0.12534	0.69162
V453	0.57944	0.11224	0.12623	0.1821
V454	0.05609	0.66616	0.13617	0.14158
V455	0.44676	0.09306	0.27522	0.18496
V456	0.26628	0.16163	0.31752	0.25457
V457	0.08353	0.08987	0.09469	0.73191
V458	0.21474	0.21407	0.08603	0.48516
V459	0.06935	0.5669	0.16019	0.20356
V460	0.69376	0.06073	0.09387	0.15164
V461	0.10848	0.09356	0.09125	0.70671
V462	0.25952	0.22671	0.07856	0.43521
V463	0.21275	0.3754	0.19233	0.21951
V464	0.35616	0.13487	0.0809	0.42807
V465	0.2965	0.34511	0.10701	0.25138
V466	0.41169	0.19092	0.08015	0.31723
V467	0.24997	0.43816	0.14775	0.16412
V468	0.36468	0.33202	0.12405	0.17925
V469	0.08721	0.19163	0.2477	0.47346
V470	0.39585	0.15507	0.19871	0.25036
V471	0.21876	0.13968	0.10648	0.53509
V472	0.24605	0.28008	0.08047	0.39341
V473	0.12934	0.42675	0.29972	0.14419
V474	0.14206	0.07664	0.14403	0.63727
V475	0.16878	0.32121	0.13972	0.37029
V476	0.16386	0.08555	0.11846	0.63213
V477	0.43457	0.09588	0.2121	0.25745
V478	0.13854	0.43443	0.09283	0.3342
V479	0.09801	0.14209	0.57067	0.18923
V480	0.1156	0.26139	0.11622	0.50679
V481	0.17808	0.09617	0.59153	0.13422
V482	0.50129	0.17395	0.15838	0.16639
V483	0.14479	0.14254	0.131	0.58166
V484	0.09142	0.11541	0.10114	0.69203
V485	0.13127	0.5316	0.10349	0.23364
V486	0.22129	0.24238	0.16492	0.37141
V487	0.11937	0.10461	0.13488	0.64114
V488	0.08968	0.09219	0.61586	0.20227
V489	0.21441	0.14973	0.4999	0.13596
V490	0.25727	0.27373	0.13146	0.33755
V491	0.32773	0.37339	0.11268	0.1862
V492	0.07671	0.60314	0.18616	0.13398
V493	0.08884	0.07951	0.09106	0.74059
V494	0.19386	0.1879	0.39478	0.22347
V495	0.19671	0.46862	0.1862	0.14847
V496	0.22463	0.51134	0.0927	0.17133
V497	0.09854	0.09605	0.68039	0.12502
V498	0.24455	0.14047	0.11626	0.49872
V499	0.45045	0.24263	0.16851	0.1384
V500	0.14717	0.16693	0.53061	0.15529
V501	0.08424	0.08004	0.10804	0.72768
V502	0.40061	0.25439	0.18716	0.15784
V503	0.18445	0.14184	0.20147	0.47223
V504	0.19795	0.51303	0.10508	0.18394
V505	0.18414	0.21604	0.23594	0.36388
V506	0.13193	0.24692	0.34815	0.273
V507	0.43518	0.13916	0.15958	0.26608
V508	0.53761	0.17332	0.11367	0.1754
V509	0.21533	0.12741	0.38291	0.27436
V510	0.20124	0.41018	0.255	0.13359
V511	0.09498	0.32585	0.11782	0.46135
V512	0.20795	0.10689	0.13256	0.5526
V513	0.11317	0.48101	0.22539	0.18042
V514	0.08742	0.10995	0.08791	0.71472
V515	0.54229	0.1046	0.11449	0.23862
V516	0.66723	0.11449	0.07431	0.14397
V517	0.10391	0.09662	0.22644	0.57302
V518	0.70542	0.07637	0.07265	0.14556
V519	0.07344	0.61336	0.10186	0.21134
V520	0.10196	0.08706	0.4402	0.37078
V521	0.42733	0.10258	0.31403	0.15606
V522	0.08593	0.16852	0.41675	0.3288
V523	0.275	0.16094	0.24164	0.32242
V524	0.06692	0.56205	0.21796	0.15307
V525	0.2102	0.20347	0.10064	0.4857
V526	0.45365	0.12302	0.12865	0.29468
V527	0.197	0.09771	0.31477	0.39052
V528	0.11613	0.61722	0.09688	0.16977
V529	0.11345	0.12027	0.21066	0.55561
V530	0.08458	0.21825	0.49123	0.20594
V531	0.07003	0.62676	0.17569	0.12752
V532	0.16237	0.27395	0.10547	0.45821
V533	0.22748	0.29822	0.17391	0.30039
V534	0.09082	0.09535	0.5001	0.31372
V535	0.38889	0.06287	0.08337	0.46487
V536	0.18967	0.08014	0.29899	0.4312
V537	0.43069	0.23828	0.18665	0.14437
V538	0.3281	0.10871	0.13565	0.42754
V539	0.22077	0.34781	0.19109	0.24033
V540	0.17868	0.51021	0.14754	0.16357
V541	0.07525	0.37924	0.13217	0.41334
V542	0.18529	0.16282	0.23205	0.41984
V543	0.63181	0.06173	0.08073	0.22573
V544	0.13526	0.13369	0.18556	0.5455
V545	0.27203	0.16537	0.12699	0.43561
V546	0.08637	0.63196	0.14709	0.13458
V547	0.08837	0.48373	0.28968	0.13822
V548	0.15227	0.55795	0.15492	0.13486
V549	0.28494	0.10176	0.47534	0.13795
V550	0.40953	0.08428	0.07319	0.433
V551	0.16536	0.53617	0.12235	0.17613
V552	0.06299	0.3909	0.09447	0.45163
V553	0.21901	0.18282	0.45495	0.14323
V554	0.1069	0.12601	0.10038	0.66671
V555	0.12891	0.22659	0.27774	0.36675
V556	0.08953	0.10829	0.65674	0.14544
V557	0.57822	0.07917	0.08213	0.26048
V558	0.09897	0.55886	0.11606	0.22611
V559	0.06701	0.58755	0.21903	0.12641
V560	0.50347	0.2738	0.08212	0.1406
V561	0.09217	0.1028	0.68003	0.125
V562	0.56033	0.06654	0.15677	0.21635
V563	0.23835	0.08588	0.5466	0.12917
V564	0.12383	0.13701	0.6059	0.13325
V565	0.14866	0.24885	0.3056	0.29688
V566	0.48883	0.13096	0.07754	0.30266
V567	0.18646	0.34934	0.10756	0.35663
V568	0.20693	0.07944	0.11448	0.59916
V569	0.47572	0.08238	0.06998	0.37193
V570	0.09518	0.27383	0.45491	0.17608
V571	0.58751	0.14551	0.07633	0.19065
V572	0.35015	0.0818	0.3569	0.21114
V573	0.10796	0.17517	0.09225	0.62463
V574	0.08452	0.56756	0.20806	0.13985
V575	0.08971	0.12842	0.1585	0.62337
V576	0.15128	0.58179	0.12485	0.14208
V577	0.10194	0.10814	0.2048	0.58512
V578	0.12017	0.13314	0.48303	0.26366
V579	0.06322	0.62517	0.16386	0.14774
V580	0.15933	0.08287	0.14825	0.60956
V581	0.11167	0.11938	0.08682	0.68213
V582	0.40469	0.16752	0.10294	0.32485
V583	0.08776	0.11824	0.42346	0.37054
V584	0.38635	0.17965	0.27015	0.16385
V585	0.08972	0.09261	0.33398	0.48369
V586	0.22983	0.09068	0.47896	0.20053
V587	0.25138	0.09203	0.50635	0.15025
V588	0.4384	0.09492	0.0938	0.37288
V589	0.09353	0.58024	0.14376	0.18247
V590	0.09144	0.55639	0.21879	0.13338
V591	0.08168	0.10235	0.19849	0.61748
V592	0.18508	0.10754	0.58642	0.12095
V593	0.42355	0.06568	0.19611	0.31467
V594	0.27171	0.26823	0.29131	0.16876
V595	0.09321	0.08993	0.0968	0.72006
V596	0.09449	0.2533	0.21723	0.43498
V597	0.06504	0.44436	0.29747	0.19313
V598	0.09829	0.16395	0.60471	0.13305
V599	0.45212	0.28032	0.10833	0.15923
V600	0.26985	0.37617	0.1254	0.22859
V601	0.15877	0.24725	0.13567	0.45831
V602	0.09333	0.08973	0.09256	0.72437
V603	0.0744	0.29498	0.09695	0.53368
V604	0.38887	0.15631	0.29908	0.15573
V605	0.11472	0.29159	0.32065	0.27303
V606	0.51266	0.1669	0.08908	0.23136
V607	0.46128	0.0733	0.14951	0.31591
V608	0.20286	0.18735	0.31132	0.29847
V609	0.09105	0.22671	0.22131	0.46093
V610	0.54452	0.07903	0.13914	0.23732
V611	0.23245	0.07766	0.11433	0.57557
V612	0.10397	0.14812	0.57272	0.17519
V613	0.09883	0.29955	0.44645	0.15517
V614	0.53624	0.1048	0.11331	0.24565
V615	0.14474	0.10766	0.08929	0.65831
V616	0.10748	0.50521	0.12532	0.26199
V617	0.3676	0.18281	0.32033	0.12926
V618	0.50828	0.06417	0.06995	0.3576
V619	0.29837	0.09868	0.27399	0.32896
V620	0.07131	0.49707	0.30053	0.13109
V621	0.31356	0.17525	0.19507	0.31613
V622	0.28894	0.22694	0.32943	0.15468
V623	0.09034	0.12335	0.16814	0.61817
V624	0.5754	0.18941	0.0798	0.15539
V625	0.21732	0.38552	0.15581	0.24134
V626	0.70562	0.0691	0.07325	0.15203
V627	0.08247	0.08996	0.12692	0.70065
V628	0.07434	0.20425	0.10013	0.62128
V629	0.14566	0.26498	0.2495	0.33986
V630	0.09958	0.29905	0.43941	0.16196
V631	0.08581	0.19245	0.14928	0.57246
V632	0.4188	0.0639	0.16715	0.35016
V633	0.08742	0.11118	0.58446	0.21694
V634	0.31233	0.2524	0.29939	0.13588
V635	0.07488	0.53819	0.0979	0.28903
V636	0.15801	0.15666	0.4638	0.22153
V637	0.23905	0.19981	0.14022	0.42092
V638	0.27727	0.24058	0.13	0.35216
V639	0.23238	0.35619	0.28421	0.12722
V640	0.10769	0.18741	0.54339	0.16151
V641	0.63529	0.08522	0.09626	0.18323
V642	0.54715	0.17719	0.07935	0.19631
V643	0.08245	0.20385	0.34199	0.37171
V644	0.66056	0.10827	0.08045	0.15072
V645	0.2265	0.34278	0.28353	0.14719
V646	0.06022	0.69436	0.10966	0.13575
V647	0.17413	0.1448	0.51009	0.17098
V648	0.309	0.35289	0.17983	0.15828
V649	0.106	0.12898	0.59782	0.1672
V650	0.12355	0.14771	0.5529	0.17584
V651	0.27817	0.08441	0.50598	0.13144
V652	0.13345	0.14606	0.33257	0.38791
V653	0.13524	0.48582	0.16033	0.21862
V654	0.49722	0.19667	0.12529	0.18082
V655	0.08488	0.41689	0.10457	0.39366
V656	0.1811	0.24194	0.09233	0.48463
V657	0.09147	0.11553	0.09154	0.70146
V658	0.42634	0.20574	0.12295	0.24497
V659	0.26642	0.14203	0.29994	0.29161
V660	0.07224	0.67628	0.1018	0.14968
V661	0.1009	0.32683	0.1238	0.44848
V662	0.32949	0.08982	0.37008	0.21061
V663	0.2259	0.13488	0.4235	0.21573
V664	0.2083	0.12953	0.49765	0.16452
V665	0.48783	0.18856	0.11318	0.21044
V666	0.41473	0.06414	0.14241	0.37872
V667	0.56412	0.11056	0.19109	0.13424
V668	0.1315	0.58367	0.15671	0.12813
V669	0.2025	0.34072	0.24508	0.2117
V670	0.10253	0.6474	0.09984	0.15023
V671	0.28161	0.26569	0.24756	0.20514
V672	0.10223	0.10719	0.64508	0.1455
V673	0.20263	0.31323	0.22941	0.25473
V674	0.50642	0.1616	0.09389	0.23809
V675	0.15357	0.28804	0.27634	0.28205
V676	0.09467	0.14485	0.14798	0.61251
V677	0.28746	0.33093	0.15286	0.22875
V678	0.38268	0.38259	0.09486	0.13987
V679	0.10777	0.28667	0.47151	0.13404
V680	0.24571	0.42168	0.18347	0.14914
V681	0.64781	0.10104	0.08709	0.16406
V682	0.14666	0.27824	0.41898	0.15611
V683	0.06087	0.69422	0.11575	0.12916
V684	0.50025	0.17393	0.14568	0.18014
V685	0.36151	0.29687	0.16948	0.17213
V686	0.12651	0.19002	0.17542	0.50804
V687	0.09345	0.08435	0.098	0.72419
V688	0.28039	0.39762	0.08596	0.23603
V689	0.21313	0.07351	0.10927	0.60408
V690	0.36515	0.10623	0.34571	0.18291
V691	0.1851	0.09008	0.59746	0.12736
V692	0.13394	0.17915	0.50987	0.17704
V693	0.21034	0.15551	0.29957	0.33458
V694	0.08732	0.09883	0.2476	0.56625
V695	0.21082	0.07981	0.1751	0.53427
V696	0.11764	0.12511	0.09537	0.66189
V697	0.08794	0.10489	0.0922	0.71497
V698	0.58237	0.06229	0.08076	0.27458
V699	0.404	0.25699	0.13065	0.20837
V700	0.1988	0.08808	0.08676	0.62636
V701	0.13072	0.39642	0.1609	0.31196
V702	0.37835	0.12178	0.08542	0.41446
V703	0.16078	0.12179	0.36438	0.35306
V704	0.58107	0.09183	0.09514	0.23196
V705	0.69945	0.05484	0.08124	0.16446
V706	0.13839	0.12053	0.55073	0.19035
V707	0.09553	0.35798	0.39012	0.15638
V708	0.07974	0.61572	0.11468	0.18986
V709	0.16019	0.25725	0.39727	0.18529
V710	0.4254	0.20522	0.11725	0.25213
V711	0.11293	0.57096	0.16147	0.15464
V712	0.57888	0.09606	0.07831	0.24676
V713	0.31155	0.26507	0.10615	0.31723
V714	0.06579	0.47642	0.10732	0.35047
V715	0.24798	0.29584	0.27424	0.18194
V716	0.09767	0.09898	0.11143	0.69192
V717	0.10235	0.65301	0.10084	0.1438
V718	0.15235	0.424	0.20521	0.21843
V719	0.09451	0.50365	0.11916	0.28268
V720	0.51378	0.06552	0.2271	0.19361
V721	0.15233	0.19114	0.35969	0.29683
V722	0.12011	0.27758	0.09575	0.50655
V723	0.13278	0.12449	0.08978	0.65294
V724	0.40803	0.08645	0.1333	0.37222
V725	0.08578	0.15314	0.61535	0.14574
V726	0.09105	0.30548	0.16179	0.44168
V727	0.22105	0.48536	0.15762	0.13597
V728	0.07528	0.62664	0.16368	0.13441
V729	0.30448	0.08296	0.17935	0.4332
V730	0.64981	0.07936	0.1076	0.16324
V731	0.09319	0.20846	0.31204	0.38631
V732	0.2794	0.13424	0.29418	0.29218
V733	0.45198	0.18973	0.10594	0.25235
V734	0.21871	0.28074	0.36955	0.13101
V735	0.09419	0.10389	0.35572	0.4462
V736	0.15201	0.08077	0.08906	0.67816
V737	0.2591	0.26637	0.23396	0.24057
V738	0.12393	0.29432	0.35254	0.22922
V739	0.08435	0.09406	0.43155	0.39004
V740	0.60491	0.11783	0.12764	0.14962
V741	0.34653	0.14114	0.16093	0.3514
V742	0.30844	0.45859	0.10042	0.13256
V743	0.16592	0.17988	0.51216	0.14204
V744	0.38977	0.10317	0.28739	0.21966
V745	0.07289	0.50156	0.20895	0.2166
V746	0.72748	0.05364	0.07255	0.14634
V747	0.12258	0.08845	0.50333	0.28564
V748	0.15679	0.15582	0.42884	0.25855
V749	0.2246	0.18504	0.11638	0.47398
V750	0.30287	0.36521	0.10254	0.22937
V751	0.08601	0.61257	0.12564	0.17578
V752	0.33394	0.22114	0.17173	0.27319
V753	0.08889	0.08452	0.08968	0.73691
V754	0.06131	0.6569	0.09997	0.18183
V755	0.16139	0.20811	0.28308	0.34741
V756	0.09374	0.08403	0.11126	0.71097
V757	0.26182	0.444	0.13664	0.15754
V758	0.09096	0.54424	0.17657	0.18822
V759	0.15216	0.12505	0.31293	0.40986
V760	0.24179	0.11847	0.24841	0.39133
V761	0.10867	0.43714	0.25993	0.19425
V762	0.06871	0.30078	0.09717	0.53335
V763	0.28227	0.29703	0.10363	0.31707
V764	0.0614	0.65173	0.10505	0.18182
V765	0.46492	0.12457	0.07225	0.33826
V766	0.0859	0.28564	0.34253	0.28593
V767	0.35589	0.15917	0.23483	0.2501
V768	0.09046	0.64362	0.11604	0.14988
V769	0.14369	0.59462	0.11974	0.14195
V770	0.06022	0.69436	0.10966	0.13575
V771	0.19105	0.09454	0.57911	0.1353
V772	0.17099	0.11472	0.58649	0.1278
V773	0.1563	0.59969	0.10125	0.14276
V774	0.10294	0.095	0.65645	0.14561
V775	0.14508	0.10906	0.244	0.50187
V776	0.31292	0.34136	0.12315	0.22256
V777	0.17038	0.15235	0.16746	0.50981
V778	0.38175	0.25032	0.13124	0.23669
V779	0.17961	0.11436	0.37281	0.33322
V780	0.12764	0.55959	0.18546	0.1273
V781	0.10383	0.09366	0.10068	0.70183
V782	0.08936	0.16883	0.56689	0.17492
V783	0.55375	0.0752	0.11101	0.26004
V784	0.12213	0.63191	0.10963	0.13634
V785	0.0785	0.65997	0.11194	0.1496
V786	0.51345	0.17256	0.13965	0.17434
V787	0.05964	0.60478	0.20215	0.13342
V788	0.37173	0.26976	0.18734	0.17117
V789	0.10884	0.29182	0.10618	0.49316
V790	0.32771	0.09066	0.1284	0.45322
V791	0.15266	0.31591	0.28623	0.2452
V792	0.1394	0.39997	0.09146	0.36917
V793	0.13244	0.47343	0.11744	0.2767
V794	0.11689	0.14091	0.55906	0.18314
V795	0.13524	0.10339	0.1196	0.64177
V796	0.10525	0.14443	0.61063	0.13969
V797	0.5607	0.06545	0.22704	0.14681
V798	0.44851	0.2622	0.13711	0.15218
V799	0.13797	0.55437	0.11789	0.18976
V800	0.12339	0.10482	0.37827	0.39351
V801	0.15512	0.16012	0.2737	0.41106
V802	0.10131	0.13492	0.23856	0.52522
V803	0.202	0.40932	0.2614	0.12728
V804	0.39955	0.08659	0.32417	0.18969
V805	0.09859	0.09579	0.68734	0.11828
V806	0.08445	0.64138	0.11167	0.1625
V807	0.21165	0.17073	0.1066	0.51102
V808	0.47434	0.24644	0.11254	0.16667
V809	0.11507	0.11297	0.65241	0.11955
V810	0.05994	0.69968	0.10427	0.13611
V811	0.31486	0.12727	0.20688	0.351
V812	0.38764	0.2423	0.11743	0.25263
V813	0.43432	0.19937	0.20808	0.15823
V814	0.32543	0.41362	0.12146	0.1395
V815	0.05709	0.6554	0.15356	0.13395
V816	0.68846	0.05714	0.11599	0.13841
V817	0.10609	0.13693	0.62428	0.13271
V818	0.08159	0.10467	0.10802	0.70572
V819	0.5915	0.11737	0.11525	0.17589
V820	0.14383	0.13417	0.10122	0.62078
V821	0.20173	0.28652	0.32443	0.18732
V822	0.13167	0.10594	0.62226	0.14013
V823	0.09822	0.212	0.491	0.19878
V824	0.13134	0.32452	0.4223	0.12184
V825	0.19617	0.26547	0.23936	0.299
V826	0.32573	0.33814	0.19248	0.14365
V827	0.28766	0.45318	0.10037	0.15879
V828	0.19437	0.18196	0.15084	0.47283
V829	0.09473	0.21938	0.11372	0.57217
V830	0.19027	0.21582	0.1021	0.49181
V831	0.54162	0.12219	0.10453	0.23166
V832	0.22107	0.32829	0.19566	0.25499
V833	0.15347	0.38838	0.20458	0.25358
V834	0.23346	0.12525	0.1309	0.51039
V835	0.27362	0.35949	0.16792	0.19898
V836	0.0649	0.48057	0.09667	0.35786
V837	0.19382	0.31638	0.20579	0.28401
V838	0.6751	0.08365	0.09685	0.1444
V839	0.24428	0.45808	0.16124	0.13639
V840	0.23755	0.53336	0.09795	0.13114
V841	0.08839	0.11864	0.62692	0.16605
V842	0.2755	0.18754	0.24409	0.29286
V843	0.10102	0.1056	0.61194	0.18145
V844	0.1445	0.14343	0.30221	0.40986
V845	0.12845	0.16087	0.53405	0.17663
V846	0.08569	0.09693	0.53348	0.2839
V847	0.08474	0.07983	0.09498	0.74045
V848	0.1198	0.38584	0.19773	0.29663
V849	0.05491	0.67735	0.10662	0.16113
V850	0.71152	0.05397	0.08237	0.15214
V851	0.26543	0.41458	0.18928	0.13071
V852	0.13672	0.1109	0.161	0.59139
V853	0.21807	0.22985	0.32747	0.22461
V854	0.42135	0.18407	0.15015	0.24442
V855	0.08474	0.07983	0.09498	0.74045
V856	0.10067	0.30222	0.2953	0.30181
V857	0.4733	0.18294	0.10613	0.23764
V858	0.42848	0.0794	0.35633	0.13579
V859	0.46513	0.22257	0.09565	0.21665
V860	0.17384	0.14805	0.11912	0.55898
V861	0.13216	0.31131	0.42231	0.13422
V862	0.16758	0.14551	0.5233	0.16361
V863	0.18009	0.11148	0.08215	0.62628
V864	0.11399	0.09907	0.11485	0.67209
V865	0.14549	0.08604	0.23589	0.53257
V866	0.53567	0.07773	0.24067	0.14592
V867	0.53571	0.08301	0.24163	0.13965
V868	0.37069	0.25532	0.1739	0.2001
V869	0.06713	0.68913	0.10765	0.13608
V870	0.1267	0.27839	0.10082	0.49409
V871	0.05491	0.67735	0.10662	0.16113
V872	0.08755	0.09268	0.22484	0.59493
V873	0.63742	0.07984	0.11302	0.16972
V874	0.17586	0.57521	0.11872	0.13021
V875	0.08628	0.19885	0.20253	0.51234
V876	0.16872	0.29307	0.33669	0.20152
V877	0.09914	0.3252	0.26567	0.30999
V878	0.13715	0.58945	0.14492	0.12847
V879	0.17253	0.50326	0.12639	0.19781
V880	0.23942	0.41884	0.09218	0.24956
V881	0.17136	0.11675	0.43942	0.27248
V882	0.57418	0.06084	0.16249	0.20249
V883	0.25176	0.21202	0.41122	0.125
V884	0.08206	0.23646	0.08709	0.59439
V885	0.51916	0.20535	0.14124	0.13425
V886	0.08503	0.31425	0.3656	0.23512
V887	0.45359	0.11272	0.18329	0.2504
V888	0.15065	0.11941	0.53203	0.19792
V889	0.66135	0.0891	0.09219	0.15735
V890	0.10418	0.18361	0.4482	0.264
V891	0.46172	0.10488	0.26224	0.17115
V892	0.22204	0.18885	0.09037	0.49874
V893	0.4173	0.21138	0.18565	0.18567
V894	0.12102	0.2856	0.43798	0.1554
V895	0.42637	0.11636	0.20732	0.24994
V896	0.07825	0.66573	0.10638	0.14964
V897	0.49269	0.23569	0.08438	0.18723
V898	0.33311	0.06614	0.08064	0.52012
V899	0.09038	0.19527	0.17036	0.544
V900	0.12108	0.27022	0.29868	0.31002
V901	0.0802	0.58691	0.10086	0.23202
V902	0.08563	0.64435	0.13502	0.13499
V903	0.0766	0.35169	0.40944	0.16227
V904	0.06648	0.69359	0.10398	0.13595
V905	0.16125	0.07639	0.18703	0.57534
V906	0.29411	0.13567	0.14859	0.42163
V907	0.31836	0.40008	0.10301	0.17855
V908	0.08651	0.10605	0.12514	0.68231
V909	0.1357	0.57807	0.09536	0.19087
V910	0.16553	0.07654	0.15364	0.60429
V911	0.37062	0.32575	0.11006	0.19357
V912	0.28875	0.28499	0.1679	0.25837
V913	0.13562	0.07686	0.0899	0.69762
V914	0.17575	0.3904	0.27377	0.16008
V915	0.19208	0.07345	0.087	0.64747
V916	0.23572	0.12191	0.47697	0.1654
V917	0.51036	0.08693	0.18719	0.21553
V918	0.09418	0.46577	0.23734	0.20271
V919	0.18528	0.23256	0.26232	0.31984
V920	0.43674	0.20273	0.14493	0.2156
V921	0.09222	0.17049	0.10862	0.62867
V922	0.1332	0.37368	0.32852	0.16461
V923	0.12066	0.08785	0.10947	0.68202
V924	0.08814	0.49653	0.26351	0.15182
V925	0.16849	0.09596	0.09237	0.64318
V926	0.18171	0.08936	0.10229	0.62664
V927	0.09244	0.09937	0.11637	0.69182
V928	0.08509	0.6278	0.10414	0.18297
V929	0.09832	0.46461	0.17653	0.26053
V930	0.36352	0.31022	0.11004	0.21622
V931	0.15981	0.26415	0.39072	0.18532
V932	0.10503	0.16206	0.43901	0.2939
V933	0.43454	0.32571	0.09383	0.14593
V934	0.08264	0.17815	0.24101	0.4982
V935	0.40669	0.18272	0.21875	0.19184
V936	0.36854	0.24749	0.09511	0.28886
V937	0.3806	0.15768	0.13736	0.32437
V938	0.29064	0.11189	0.26827	0.32919
V939	0.52975	0.07849	0.12558	0.26618
V940	0.07778	0.56535	0.19612	0.16075
V941	0.0926	0.09539	0.68712	0.12489
V942	0.52539	0.18856	0.1318	0.15424
V943	0.3113	0.16853	0.3444	0.17577
V944	0.08298	0.23464	0.12823	0.55414
V945	0.39881	0.30147	0.09099	0.20873
V946	0.33964	0.24783	0.24822	0.16431
V947	0.12614	0.11371	0.21585	0.54431
V948	0.29127	0.10109	0.46266	0.14497
V949	0.07763	0.15055	0.20077	0.57105
V950	0.10195	0.40192	0.22173	0.2744
V951	0.60325	0.07337	0.18188	0.14149
V952	0.11769	0.16516	0.23543	0.48172
V953	0.10108	0.12456	0.62876	0.1456
V954	0.09636	0.18957	0.16968	0.54438
V955	0.13318	0.43716	0.1102	0.31946
V956	0.10528	0.10447	0.3768	0.41345
V957	0.25325	0.08072	0.07929	0.58674
V958	0.08884	0.07951	0.09106	0.74059
V959	0.21175	0.25273	0.348	0.18752
V960	0.19803	0.24503	0.1371	0.41984
V961	0.15263	0.32369	0.30014	0.22354
V962	0.28969	0.19383	0.32707	0.18941
V963	0.42539	0.18583	0.18854	0.20024
V964	0.60092	0.08274	0.14731	0.16903
V965	0.10123	0.37959	0.20817	0.31101
V966	0.70528	0.06395	0.07866	0.15211
V967	0.11675	0.11769	0.38588	0.37967
V968	0.08091	0.18903	0.55532	0.17474
V969	0.07621	0.24481	0.1136	0.56537
V970	0.10116	0.16491	0.32612	0.40781
V971	0.37514	0.13729	0.28963	0.19794
V972	0.35729	0.20207	0.11554	0.3251
V973	0.21663	0.3352	0.1406	0.30757
V974	0.06492	0.55659	0.18253	0.19597
V975	0.14145	0.27286	0.45811	0.12758
V976	0.31792	0.2348	0.16002	0.28726
V977	0.26283	0.3103	0.29331	0.13355
V978	0.11156	0.13149	0.12678	0.63018
V979	0.58504	0.07461	0.19913	0.14123
V980	0.72748	0.05364	0.07255	0.14634
V981	0.27701	0.10275	0.34367	0.27657
V982	0.32193	0.32886	0.14134	0.20787
V983	0.48776	0.10506	0.07608	0.3311
V984	0.07043	0.59511	0.1736	0.16086
V985	0.11286	0.18686	0.0921	0.60817
V986	0.24963	0.40311	0.12638	0.22089
V987	0.20208	0.55277	0.09431	0.15084
V988	0.18699	0.08322	0.09254	0.63725
V989	0.3285	0.37609	0.14348	0.15193
V990	0.08584	0.1227	0.55892	0.23255
V991	0.46887	0.30368	0.08107	0.14638
V992	0.2015	0.08806	0.39175	0.31869
V993	0.10476	0.52351	0.20508	0.16665
V994	0.16992	0.56881	0.11857	0.1427
V995	0.51415	0.13673	0.10344	0.24568
V996	0.21774	0.15061	0.09067	0.54098
V997	0.10038	0.0974	0.58475	0.21747
V998	0.62411	0.06837	0.12463	0.18289
V999	0.12794	0.63639	0.09906	0.13662
V1000	0.2405	0.08594	0.08087	0.59269
