CD14.pos.CD16.neg.classical.monocyte	mature.neutrophil	memory.B.cell	cytotoxic.CD56.dim.NK.cell	memory.CD4.pos.AB.T.cell	macrophage
V1	0.14707	0.00235	0.77082	0.0589	0	0.02086
V2	0.36241	0.12016	0.07294	0.16715	0.23804	0.0393
V3	0.26515	0.05416	0.31366	0.03753	0.12203	0.20747
V4	0.18372	0.36412	0.03803	0.14504	0.21838	0.0507
V5	0.0604	0.03435	0	0.57911	0.31882	0.00732
V6	0.24031	0.01055	0.21267	0.09729	0.29353	0.14565
V7	0.07279	0.28427	0	0.09704	0.52595	0.01995
V8	0.46214	0.05797	0.1224	0.178	0.11937	0.06011
V9	0.23118	0.14675	0.05278	0.32956	0.15016	0.08958
V10	0.29904	0.03437	0.10869	0.40087	0.12166	0.03537
V11	0.10692	0.61876	0.04235	0.07442	0.1295	0.02806
V12	0.3082	0.01691	0.18123	0.03943	0.16785	0.28638
V13	0.11762	0.41622	0.28694	0.08215	0.07135	0.02573
V14	0.09551	0.01734	0.01826	0.77971	0.07856	0.01061
V15	0.31299	0.07304	0.0385	0.18685	0.34244	0.04619
V16	0.09216	0.00733	0	0.44021	0.4183	0.042
V17	0.27628	0.03273	0.27182	0.03089	0.1333	0.25498
V18	0.47634	0.15946	0.13117	0.06458	0.11477	0.05367
V19	0.38541	0.05986	0.25381	0.05966	0.19829	0.04297
V20	0.41019	0.07025	0.18272	0.17644	0.10341	0.05699
V21	0.29666	0.03251	0.12107	0.0437	0.23164	0.27442
V22	0.12986	0.04494	0	0.14476	0.65505	0.0254
V23	0.09434	0.00488	0.22099	0.0954	0.57109	0.01329
V24	0.11111	0.01188	0	0.18646	0.66588	0.02468
V25	0.29462	0.25087	0.05996	0.19708	0.15817	0.03931
V26	0.17005	0.02035	0	0.08536	0.7042	0.02004
V27	0.26105	0.00668	0.2983	0.04582	0.13686	0.25129
V28	0.14925	0.20673	0.17443	0.28591	0.11766	0.06602
V29	0.11149	0.4891	0.12044	0.12906	0.09697	0.05294
V30	0.20445	0.17487	0.12114	0.06227	0.35702	0.08024
V31	0.4515	0.03151	0.30187	0.07408	0.07716	0.06388
V32	0.091	0.01022	0.29524	0.55696	0.0258	0.02079
V33	0.19922	0.34834	0.25927	0.07813	0.07359	0.04146
V34	0.07139	0	0.37712	0.10212	0.4341	0.01527
V35	0.07746	0.04203	0.1392	0.54526	0.17803	0.01802
V36	0.11414	0.3741	0.09695	0.08075	0.30583	0.02824
V37	0.13779	0	0.73701	0.06839	0	0.05681
V38	0.28554	0	0.27306	0.02743	0.138	0.27597
V39	0.36119	0.04683	0.08853	0.35509	0.10541	0.04294
V40	0.11083	0.38358	0.02046	0.20964	0.23219	0.0433
V41	0.49816	0.03873	0.15462	0.04373	0.14158	0.12318
V42	0.23237	0.01346	0.56075	0.05978	0.07751	0.05613
V43	0.16828	0.32073	0.01116	0.09639	0.3607	0.04273
V44	0.11357	0.63115	0.04066	0.06578	0.11643	0.03239
V45	0.30106	0.29245	0.1239	0.07231	0.13192	0.07836
V46	0.12373	0.00453	0	0.33406	0.45896	0.07871
V47	0.10292	0.31427	0	0.20609	0.34223	0.0345
V48	0.09561	0.47164	0.17251	0.068	0.16937	0.02288
V49	0.10219	0.5886	0.02572	0.0684	0.18823	0.02686
V50	0.07275	0	0.15462	0.09468	0.64918	0.02876
V51	0.02546	0	0	0.1021	0.86338	0.00906
V52	0.10261	0.42782	0.23796	0.10034	0.10542	0.02585
V53	0.11612	0.00506	0.00413	0.11694	0.74283	0.01492
V54	0.13833	0.09156	0.51066	0.11442	0.10652	0.0385
V55	0.04849	0.0275	0	0.12127	0.79069	0.01204
V56	0.09721	0.02174	0.66093	0.18642	0.0198	0.01389
V57	0.18902	0.30217	0.07651	0.05545	0.27523	0.10162
V58	0.10786	0	0.78574	0.07818	0	0.02822
V59	0.08342	0.01007	0	0.79332	0.10513	0.00806
V60	0.30895	0.02051	0.06956	0.47985	0.09199	0.02914
V61	0.26865	0.11705	0.07391	0.23203	0.19298	0.11538
V62	0.33837	0.04311	0.13882	0.19116	0.21548	0.07306
V63	0.15529	0.41918	0.061	0.13554	0.13594	0.09305
V64	0.03381	0.07252	0	0.09354	0.78951	0.01062
V65	0.38038	0.13566	0.1271	0.07032	0.17793	0.1086
V66	0.30146	0.03625	0.13873	0.08928	0.40017	0.03411
V67	0.1439	0.11656	0.30898	0.30128	0.05996	0.06932
V68	0.54053	0.04842	0.14461	0.0987	0.1115	0.05623
V69	0.43718	0.05129	0.12222	0.04019	0.18334	0.16578
V70	0.08905	0.00625	0.17744	0.59986	0.1165	0.0109
V71	0.10494	0.19757	0.00074	0.17291	0.46915	0.0547
V72	0.37898	0.13033	0.15865	0.07652	0.18518	0.07034
V73	0.09382	0.00178	0.07908	0.71915	0.09586	0.01031
V74	0.07578	0.10861	0.01227	0.70648	0.08782	0.00904
V75	0.09624	0.61844	0.02363	0.08972	0.14513	0.02683
V76	0.09377	0	0.60294	0.10459	0.18316	0.01553
V77	0.12379	0.10782	0.10499	0.55644	0.07654	0.03042
V78	0.34662	0.11969	0.14007	0.1917	0.12269	0.07924
V79	0.17461	0.45532	0.0773	0.04816	0.12722	0.11739
V80	0.16487	0.46402	0.06223	0.06054	0.14474	0.1036
V81	0.44244	0.12415	0.18677	0.06505	0.12507	0.05652
V82	0.094	0.55117	0.01883	0.10773	0.20078	0.02749
V83	0.13729	0.11728	0.02245	0.43994	0.24683	0.03622
V84	0.22895	0.02169	0.119	0.48827	0.1099	0.03219
V85	0.52227	0.04471	0.21844	0.06329	0.09737	0.05393
V86	0.22968	0.03088	0.17856	0.36946	0.10107	0.09036
V87	0.07374	0.01461	0.02001	0.80448	0.07676	0.01039
V88	0.14613	0.02318	0.03305	0.55448	0.16134	0.08181
V89	0.17568	0.13801	0.47496	0.0614	0.0455	0.10446
V90	0.11124	0.4919	0.12614	0.07433	0.1645	0.03189
V91	0.0568	0.0071	0	0.18109	0.7403	0.01471
V92	0.03643	0.04583	0	0.09892	0.80508	0.01375
V93	0.20819	0.05556	0.02703	0.16477	0.42799	0.11646
V94	0.07565	0.00508	0.21889	0.6542	0.03834	0.00784
V95	0.06174	0.00311	0.18844	0.19196	0.54438	0.01036
V96	0.11733	0.28271	0	0.11572	0.42455	0.05969
V97	0.02879	0.00534	0	0.14694	0.8116	0.00733
V98	0.08027	0.05663	0	0.68685	0.16594	0.01032
V99	0.06784	0.01493	0.00349	0.82303	0.08377	0.00693
V100	0.09432	0	0.38211	0.32404	0.17659	0.02293
V101	0.10287	0.27477	0.39116	0.16505	0.04255	0.02359
V102	0.50789	0.05101	0.23331	0.06327	0.09237	0.05216
V103	0.38953	0.05081	0.09713	0.2435	0.17013	0.0489
V104	0.08831	0	0.18493	0.65089	0.06368	0.01219
V105	0.30634	0	0.21924	0.02409	0.15325	0.29708
V106	0.15809	0	0.64824	0.05315	0.02947	0.11105
V107	0.12386	0.48309	0.22763	0.06397	0.07547	0.02599
V108	0.21448	0.02651	0.08044	0.06112	0.42052	0.19693
V109	0.23688	0.00528	0.06865	0.04351	0.41688	0.2288
V110	0.13283	0.12523	0.64386	0.06418	0.00456	0.02935
V111	0.09725	0.00555	0.79354	0.08658	0	0.01708
V112	0.09236	0.22518	0.00581	0.56356	0.09777	0.01533
V113	0.10365	0.06395	0.5373	0.11085	0.1653	0.01895
V114	0.1631	0	0.60477	0.21234	0	0.01979
V115	0.32665	0.0752	0.08585	0.08597	0.3044	0.12193
V116	0.52864	0.04533	0.14103	0.12142	0.10901	0.05458
V117	0.3157	0.03033	0.02511	0.17081	0.42345	0.03459
V118	0.09997	0.49164	0.10472	0.09979	0.17329	0.03058
V119	0.10565	0.59349	0.04208	0.1037	0.11986	0.03521
V120	0.11712	0.14899	0.08873	0.44776	0.17411	0.02329
V121	0.285	0.01895	0.08999	0.36007	0.11159	0.13441
V122	0.18856	0.02938	0.03013	0.60871	0.12516	0.01806
V123	0.3116	0.01919	0.06941	0.10596	0.33137	0.16247
V124	0.06006	0	0.16172	0.09954	0.66602	0.01266
V125	0.12521	0.11502	0.59141	0.13248	0	0.03588
V126	0.2375	0.23604	0.14489	0.04822	0.14249	0.19086
V127	0.11539	0	0.7071	0.16067	0	0.01683
V128	0.22504	0.21493	0.13478	0.22607	0.1654	0.03378
V129	0.1028	0.00418	0.73221	0.14221	0	0.0186
V130	0.30675	0.12545	0.06994	0.32296	0.13762	0.03727
V131	0.07033	0	0	0.10343	0.78387	0.04237
V132	0.10844	0.34826	0.34908	0.0664	0.10422	0.0236
V133	0.12807	0.14318	0.4854	0.15196	0.07234	0.01904
V134	0.15222	0.49379	0.03245	0.07287	0.21141	0.03726
V135	0.1439	0	0.68226	0.06471	0.05933	0.04981
V136	0.12349	0.52978	0.08977	0.08196	0.1447	0.03032
V137	0.10486	0.12169	0.44805	0.0921	0.21747	0.01583
V138	0.17507	0	0.05256	0.46236	0.20024	0.10978
V139	0.12386	0.03834	0.10816	0.08264	0.55735	0.08965
V140	0.3548	0.21817	0.12862	0.13909	0.11159	0.04772
V141	0.18652	0.21126	0.14014	0.3155	0.11585	0.03073
V142	0.13895	0.53829	0.05214	0.11948	0.10948	0.04167
V143	0.12889	0.04274	0.53828	0.14793	0.11777	0.02439
V144	0.24162	0.1522	0.10439	0.1827	0.13823	0.18086
V145	0.07446	0.00098	0.01484	0.82975	0.06784	0.01213
V146	0.10644	0.01064	0	0.0972	0.75362	0.0321
V147	0.36048	0.08627	0.22278	0.10293	0.10221	0.12532
V148	0.11575	0.13613	0.66391	0.06237	0	0.02183
V149	0.18368	0.4136	0.06432	0.07544	0.1309	0.13206
V150	0.06951	0.0019	0	0.82167	0.10006	0.00686
V151	0.20812	0.34824	0.07077	0.05311	0.16699	0.15278
V152	0.128	0.17648	0.3662	0.10536	0.19011	0.03384
V153	0.09468	0.02292	0.52913	0.31284	0.02644	0.014
V154	0.34526	0.21962	0.11541	0.0422	0.13414	0.14336
V155	0.09718	0.26937	0.03609	0.0773	0.48926	0.0308
V156	0.06936	0.32707	0	0.08148	0.50405	0.01804
V157	0.19089	0.09226	0.10239	0.34034	0.12959	0.14453
V158	0.11079	0.03946	0.76958	0.05957	0	0.02061
V159	0.15441	0.18304	0.30244	0.23335	0.09708	0.02969
V160	0.1098	0	0.78889	0.06654	0	0.03477
V161	0.08689	0.34411	0	0.354	0.19741	0.01759
V162	0.09092	0.37916	0	0.18637	0.31738	0.02618
V163	0.09993	0	0.82278	0.05785	0	0.01944
V164	0.09608	0.26438	0.30294	0.17554	0.14048	0.02057
V165	0.0654	0.01313	0	0.10554	0.78136	0.03457
V166	0.12045	0.00439	0	0.21436	0.57269	0.08811
V167	0.08473	0	0.33832	0.52066	0.04534	0.01095
V168	0.39273	0.0422	0.09693	0.32769	0.09663	0.04382
V169	0.11106	0	0.60247	0.2671	0	0.01937
V170	0.27361	0.03955	0.13884	0.36166	0.15492	0.03142
V171	0.20186	0.39741	0.08144	0.04676	0.14865	0.12388
V172	0.14942	0.05071	0.48925	0.24024	0.02598	0.0444
V173	0.12541	0.00749	0.74155	0.06406	0.00796	0.05353
V174	0.35285	0.12003	0.05563	0.07607	0.35627	0.03915
V175	0.11595	0.49303	0.12671	0.08332	0.15426	0.02673
V176	0.0923	0	0.81614	0.07492	0	0.01663
V177	0.179	0.06511	0.31191	0.09158	0.26927	0.08314
V178	0.04489	0.02673	0	0.09194	0.82191	0.01453
V179	0.09762	0	0.03566	0.62931	0.18986	0.04755
V180	0.21392	0.01252	0.21479	0.45021	0.05641	0.05214
V181	0.33871	0.12015	0.13717	0.1307	0.19415	0.07911
V182	0.11348	0.06279	0.66992	0.12976	0	0.02406
V183	0.0754	0.00188	0.00711	0.84326	0.06527	0.00708
V184	0.23646	0.33757	0.04474	0.09237	0.25116	0.0377
V185	0.14524	0.40314	0.04231	0.07144	0.27173	0.06614
V186	0.08667	0	0.51189	0.3879	0.00273	0.01082
V187	0.19929	0.37992	0.02351	0.08599	0.2787	0.03259
V188	0.17564	0.46831	0.06344	0.07997	0.12171	0.09093
V189	0.08451	0.05183	0.09172	0.11	0.61763	0.04432
V190	0.08347	0.13218	0	0.09697	0.63637	0.05101
V191	0.16132	0.47104	0.05363	0.06074	0.1477	0.10557
V192	0.32178	0.21456	0.15422	0.08985	0.17265	0.04694
V193	0.28559	0.11735	0.12836	0.04031	0.16801	0.26038
V194	0.04385	0.01286	0	0.18741	0.74237	0.01352
V195	0.09178	0	0.60663	0.16888	0.11798	0.01473
V196	0.06862	0.00126	0.01452	0.79941	0.10766	0.00852
V197	0.12734	0.00736	0	0.09616	0.74933	0.0198
V198	0.12146	0.29216	0.02637	0.21033	0.32399	0.02568
V199	0.0771	0.1639	0.0329	0.17708	0.53209	0.01692
V200	0.14281	0	0.50964	0.28911	0.01786	0.04059
V201	0.07935	0.00119	0.00234	0.83346	0.06954	0.01412
V202	0.15651	0.04499	0.3981	0.10258	0.21921	0.07861
V203	0.33339	0.04916	0.08162	0.41226	0.08855	0.03502
V204	0.25754	0.0439	0.13861	0.23339	0.13378	0.19279
V205	0.10032	0.00519	0.79825	0.07892	0	0.01731
V206	0.0764	0.03542	0.08745	0.69851	0.09435	0.00787
V207	0.25324	0.1671	0.09498	0.30731	0.12339	0.05399
V208	0.26457	0.08141	0.40552	0.11411	0.10337	0.03104
V209	0.2268	0.40635	0.06249	0.09184	0.13153	0.08099
V210	0.14605	0.0117	0.76187	0.05943	0	0.02096
V211	0.33266	0.05173	0.15916	0.06954	0.30521	0.08171
V212	0.09066	0.19565	0.16785	0.40434	0.12275	0.01875
V213	0.0796	0.05198	0.15778	0.11416	0.58206	0.01442
V214	0.4721	0.0617	0.13685	0.12353	0.15411	0.05171
V215	0.1496	0.50498	0.04901	0.08969	0.12112	0.0856
V216	0.14926	0.37999	0.28654	0.07289	0.08338	0.02794
V217	0.21578	0.00163	0.06256	0.15704	0.44237	0.12062
V218	0.10153	0.22806	0.0135	0.53448	0.10781	0.01462
V219	0.51386	0.04526	0.15656	0.04684	0.13673	0.10076
V220	0.1121	0.01147	0.02374	0.76939	0.06964	0.01365
V221	0.12577	0.53952	0.05743	0.13683	0.11243	0.02803
V222	0.10282	0.20596	0.00266	0.21411	0.4493	0.02515
V223	0.17315	0.25437	0.29596	0.06043	0.10952	0.10655
V224	0.06681	0	0.27115	0.08829	0.56224	0.0115
V225	0.3404	0.01123	0.15846	0.03869	0.16319	0.28803
V226	0.19629	0.04761	0.20236	0.33925	0.18208	0.0324
V227	0.3824	0.02766	0.09734	0.30781	0.11405	0.07074
V228	0.16143	0.18487	0.42429	0.12119	0.07281	0.03541
V229	0.15939	0.00739	0.31851	0.30981	0.17835	0.02655
V230	0.13086	0.12386	0.6463	0.0719	0	0.02707
V231	0.08862	0.0173	0.00727	0.78141	0.09693	0.00847
V232	0.29734	0.02318	0.07754	0.36943	0.11995	0.11256
V233	0.48844	0.04857	0.14558	0.13231	0.12779	0.0573
V234	0.2573	0.01929	0	0.09653	0.59452	0.03236
V235	0.10455	0.00354	0.02665	0.7658	0.08647	0.01299
V236	0.11311	0	0.12052	0.09842	0.60609	0.06186
V237	0.09815	0	0.71251	0.17378	0	0.01556
V238	0.40944	0.02231	0.15151	0.1527	0.15695	0.10709
V239	0.31438	0.0462	0.15731	0.20878	0.22776	0.04558
V240	0.0556	0.164	0	0.186	0.58141	0.01298
V241	0.31782	0.16202	0.07288	0.25052	0.15506	0.04169
V242	0.25736	0.05329	0.10512	0.24705	0.2128	0.12437
V243	0.10756	0.29807	0.38777	0.11138	0.07362	0.0216
V244	0.14406	0.0164	0	0.07589	0.68316	0.08049
V245	0.49299	0.03666	0.14159	0.04332	0.15763	0.1278
V246	0.07433	0.03459	0.15123	0.40863	0.3182	0.01304
V247	0.27839	0.0801	0.09237	0.25465	0.14354	0.15095
V248	0.16098	0.03265	0	0.28522	0.49204	0.0291
V249	0.21404	0.14157	0.39262	0.14978	0.04437	0.05761
V250	0.07497	0.01493	0.00709	0.82632	0.0678	0.0089
V251	0.10126	0.41669	0.13863	0.22988	0.08932	0.02423
V252	0.07041	0.00787	0.02946	0.77274	0.10897	0.01054
V253	0.14284	0.04649	0.0249	0.45009	0.24133	0.09434
V254	0.09479	0.19282	0.0359	0.24652	0.40064	0.02933
V255	0.2496	0.263	0.12004	0.12789	0.17564	0.06382
V256	0.10076	0.62466	0.02789	0.07361	0.14018	0.0329
V257	0.1018	0.30186	5e-04	0.1017	0.45858	0.03556
V258	0.09086	0.17197	0.1219	0.53734	0.06043	0.01751
V259	0.10548	0.42224	0.30082	0.08165	0.06	0.02981
V260	0.10323	0.03277	0	0.10171	0.71938	0.04291
V261	0.31526	0.03884	0.07849	0.10504	0.37926	0.0831
V262	0.13136	0.00147	0.71881	0.08077	0.05062	0.01696
V263	0.11093	0.03958	0.54708	0.2764	0.00642	0.01959
V264	0.38117	0.04433	0.19519	0.09808	0.18612	0.09509
V265	0.04145	0	0	0.1145	0.83404	0.01001
V266	0.32405	0.04514	0.14703	0.04129	0.17213	0.27035
V267	0.15325	0.52459	0.03662	0.13815	0.11869	0.0287
V268	0.55201	0.04907	0.14126	0.06063	0.12054	0.07649
V269	0.08402	0.03641	0.09907	0.68675	0.08334	0.0104
V270	0.20271	0.38037	0.05255	0.08402	0.24572	0.03463
V271	0.21483	0.1164	0.32563	0.06468	0.11087	0.16759
V272	0.05006	0	0	0.16021	0.76383	0.0259
V273	0.06928	0.00021	0	0.16586	0.74134	0.02332
V274	0.25093	0.00445	0.27446	0.10979	0.12898	0.23138
V275	0.40981	0.20518	0.11616	0.07367	0.12633	0.06885
V276	0.20395	0.2265	0.13424	0.1429	0.16514	0.12727
V277	0.35062	0.03704	0.08729	0.06015	0.31958	0.14533
V278	0.12483	0.0952	0.05652	0.29816	0.4025	0.0228
V279	0.2518	0.04851	0.29219	0.11281	0.1197	0.17499
V280	0.11623	0.00474	0.0166	0.76681	0.07978	0.01584
V281	0.10403	0.60531	0.05595	0.09693	0.10935	0.02843
V282	0.04222	0.02635	0	0.14731	0.77235	0.01177
V283	0.06878	0.30475	0	0.08913	0.51722	0.02012
V284	0.12301	0.07379	0.27944	0.38549	0.09274	0.04554
V285	0.07441	0.01506	0	0.82384	0.07781	0.00888
V286	0.37661	0.05749	0.16771	0.27304	0.08452	0.04063
V287	0.05085	0.00587	0	0.16472	0.75714	0.02143
V288	0.20403	0.2441	0.06504	0.05984	0.28416	0.14283
V289	0.10423	0.06237	0.62335	0.17428	0.01721	0.01855
V290	0.0785	0	0.18253	0.67187	0.05383	0.01328
V291	0.08424	0.02304	0.00198	0.7972	0.08208	0.01145
V292	0.12589	0.07251	0.01219	0.57716	0.19727	0.01499
V293	0.037	0.03281	0	0.10076	0.81734	0.01208
V294	0.3083	0.04772	0.02688	0.087	0.46279	0.06732
V295	0.34624	0.00102	0.15862	0.02581	0.17731	0.291
V296	0.11221	0.28373	0.08657	0.31704	0.15323	0.04722
V297	0.303	0.06871	0.12807	0.03849	0.17636	0.28537
V298	0.10368	0.56144	0.14901	0.07241	0.08839	0.02507
V299	0.16905	0.06635	0.66587	0.07523	0.00063	0.02288
V300	0.44346	0.13905	0.15782	0.05965	0.11335	0.08668
V301	0.28796	0.35927	0.11873	0.07773	0.11543	0.04088
V302	0.08738	0.20398	0.05591	0.50714	0.12736	0.01823
V303	0.09546	0.50536	0.05946	0.08434	0.22894	0.02643
V304	0.04036	0	0	0.09287	0.85631	0.01046
V305	0.1263	0.00274	0.16604	0.47614	0.16337	0.06542
V306	0.36481	0.12118	0.12031	0.04783	0.1483	0.19758
V307	0.11814	0.01229	0	0.10207	0.73339	0.03411
V308	0.06743	0.00823	0	0.84235	0.07522	0.00677
V309	0.09331	0.37854	0.02085	0.39226	0.09396	0.02108
V310	0.1631	0.30858	0.28269	0.06388	0.0972	0.08456
V311	0.42169	0.02642	0.14158	0.04801	0.15334	0.20896
V312	0.10456	0.01156	0	0.39817	0.46693	0.01878
V313	0.34748	0.02169	0.12456	0.09644	0.15844	0.25139
V314	0.17021	0.01876	0.03005	0.68302	0.08213	0.01583
V315	0.14796	0.53286	0.03827	0.06387	0.17745	0.03958
V316	0.31019	0.0153	0.13029	0.13518	0.1726	0.23645
V317	0.11395	0.00151	0.0181	0.69179	0.12594	0.0487
V318	0.07369	0.0078	0.02876	0.81084	0.06667	0.01224
V319	0.24229	0.16475	0.27496	0.20949	0.07	0.03851
V320	0.20755	0.16536	0.3379	0.17858	0.06039	0.05023
V321	0.09128	0.45932	0.01611	0.30696	0.10603	0.0203
V322	0.08306	0	0.00242	0.10496	0.76376	0.04579
V323	0.08159	0.20535	0	0.39549	0.30255	0.01502
V324	0.12137	0.03189	0.01073	0.27959	0.49385	0.06258
V325	0.12682	0.60762	0.05694	0.06465	0.11286	0.03112
V326	0.14785	0.56733	0.05122	0.06374	0.1379	0.03196
V327	0.13401	0	0.78866	0.05783	0	0.0195
V328	0.1507	0.15668	0.14829	0.20995	0.31166	0.02272
V329	0.08071	0	0.43516	0.0817	0.38388	0.01855
V330	0.0974	0	0.80883	0.07486	0	0.01891
V331	0.40817	0.09563	0.15825	0.15298	0.11259	0.07239
V332	0.14556	0.055	0.12394	0.07806	0.50054	0.0969
V333	0.09744	0.00782	0.37284	0.39638	0.10475	0.02077
V334	0.09981	0.31166	0.34656	0.18055	0.04108	0.02034
V335	0.16854	0.01189	0.7022	0.06954	0	0.04782
V336	0.22633	0.47429	0.08087	0.05939	0.12016	0.03895
V337	0.08349	0.13803	0	0.09588	0.66821	0.01438
V338	0.41289	0.03494	0.11583	0.07186	0.30968	0.05481
V339	0.15019	0.06904	0.35743	0.31224	0.0658	0.04529
V340	0.35907	0.24938	0.08689	0.10704	0.14411	0.05351
V341	0.17285	0.04136	0.05777	0.58709	0.1203	0.02063
V342	0.11624	0.008	0.02619	0.65951	0.13687	0.05319
V343	0.25324	0.15012	0.21133	0.07333	0.13576	0.17623
V344	0.101	0.47399	0.00572	0.09057	0.28014	0.04858
V345	0.02856	0	0	0.10334	0.86045	0.00765
V346	0.12191	0.01298	0	0.46049	0.38241	0.02223
V347	0.27328	0.12621	0.04965	0.15655	0.35953	0.03478
V348	0.15299	0.10508	0.56525	0.08558	0.06727	0.02384
V349	0.4074	0.10117	0.13524	0.16729	0.14534	0.04355
V350	0.28633	0.05137	0.19544	0.31244	0.07938	0.07504
V351	0.30513	0.07747	0.15795	0.07142	0.16544	0.22259
V352	0.13908	0.26443	0.0071	0.06446	0.43207	0.09286
V353	0.11472	0.13544	0.66766	0.06237	0	0.01981
V354	0.1776	0.04001	0.21435	0.06506	0.4159	0.08707
V355	0.10008	0.01332	0.8016	0.06926	0	0.01574
V356	0.30157	0.12433	0.09679	0.30444	0.12557	0.0473
V357	0.21966	0.01304	0.37203	0.08916	0.27562	0.03049
V358	0.2876	0	0.1926	0.08081	0.16133	0.27766
V359	0.12849	0.07224	0.01287	0.6158	0.15001	0.0206
V360	0.28507	0.01746	0.03754	0.27721	0.34111	0.04161
V361	0.09994	0.6369	0.02918	0.08157	0.12293	0.02949
V362	0.09689	0.38302	0.04079	0.36119	0.09953	0.01858
V363	0.41846	0.09619	0.14178	0.05761	0.22847	0.05749
V364	0.21404	0.1741	0.07598	0.08982	0.27345	0.17261
V365	0.24384	0.34061	0.06465	0.2086	0.10509	0.03721
V366	0.1401	0.19236	0.3983	0.13255	0.11142	0.02528
V367	0.07154	0.00046	0	0.58038	0.33097	0.01664
V368	0.19923	0.12338	0.12846	0.09248	0.29361	0.16285
V369	0.05588	0.01992	0	0.14528	0.75205	0.02686
V370	0.12737	0.0545	0.55676	0.21026	0.01933	0.03179
V371	0.1198	0.19668	0.02871	0.51595	0.08803	0.05083
V372	0.10506	0.4962	0.00755	0.09194	0.2605	0.03875
V373	0.51436	0.05587	0.14055	0.04516	0.13134	0.11272
V374	0.15959	0.01089	0.22219	0.52304	0.06924	0.01504
V375	0.258	0.01897	0.20064	0.12994	0.35665	0.03579
V376	0.23301	0.04199	0.10342	0.19086	0.22771	0.20301
V377	0.09437	0.00426	0.29189	0.08392	0.50598	0.01958
V378	0.2486	0.06932	0.28728	0.03926	0.15809	0.19745
V379	0.38158	0.02749	0.26673	0.03844	0.11294	0.17282
V380	0.03654	0.02588	0	0.10877	0.81692	0.0119
V381	0.23811	0.03288	0.31684	0.34065	0.04798	0.02353
V382	0.04276	0.01931	0	0.26051	0.66806	0.00935
V383	0.17752	0.03348	0.36449	0.35669	0.04575	0.02207
V384	0.11785	0.00847	0.73783	0.09104	0.02639	0.01842
V385	0.32705	0.00888	0.17012	0.02324	0.1666	0.30412
V386	0.36301	0.05465	0.33376	0.0692	0.13418	0.04521
V387	0.1658	0.01725	0.06805	0.66573	0.06789	0.01529
V388	0.45977	0.07613	0.2674	0.05301	0.09524	0.04845
V389	0.35156	0.09641	0.13108	0.03331	0.16452	0.22311
V390	0.10112	0.03061	0.01394	0.70763	0.1113	0.0354
V391	0.0806	0.0079	0	0.57872	0.3116	0.02119
V392	0.16351	0.02849	0.48132	0.18367	0.03764	0.10537
V393	0.14261	0.1171	0.3457	0.13156	0.19612	0.0669
V394	0.07127	0.00148	0.02112	0.78163	0.11559	0.00892
V395	0.10081	0.03704	0.77659	0.06962	0	0.01594
V396	0.2885	0.06991	0.05927	0.4137	0.14001	0.02861
V397	0.24796	0.17156	0.12508	0.04901	0.19934	0.20706
V398	0.10158	0.4835	0.01428	0.09379	0.27852	0.02833
V399	0.10225	0	0.75977	0.11531	0	0.02267
V400	0.18605	0.02244	0.05762	0.47547	0.11809	0.14034
V401	0.16374	0.01361	0.58626	0.07756	0.12402	0.03481
V402	0.09734	0.01048	0.01335	0.79389	0.0706	0.01433
V403	0.1767	0	0.01605	0.10235	0.54867	0.15624
V404	0.0965	0	0.82901	0.05887	0	0.01562
V405	0.22679	0.29007	0.11321	0.12203	0.21548	0.03243
V406	0.18787	0.05188	0.19745	0.16377	0.28824	0.11079
V407	0.15072	0.00896	0.70536	0.05973	0.00705	0.06817
V408	0.09936	0.07984	0.03935	0.67887	0.07059	0.032
V409	0.53692	0.0836	0.13667	0.05124	0.12281	0.06875
V410	0.54938	0.05994	0.13504	0.05158	0.14325	0.06081
V411	0.2348	0.00187	0.09608	0.34352	0.12458	0.19914
V412	0.32172	0.18131	0.11702	0.11395	0.22855	0.03746
V413	0.07793	0.08258	0.02578	0.71133	0.09195	0.01041
V414	0.10664	0.05529	0.00382	0.58988	0.22926	0.01512
V415	0.11081	0.00116	0.27671	0.4327	0.14371	0.03492
V416	0.08492	0.10835	0	0.30557	0.46423	0.03692
V417	0.28097	0	0.18304	0.19433	0.12545	0.2162
V418	0.08834	0.0557	0.30819	0.20445	0.31948	0.02384
V419	0.31809	0.02685	0.13668	0.02299	0.1848	0.31058
V420	0.32498	0	0.13828	0.03659	0.18526	0.31489
V421	0.06542	0.03599	0	0.15704	0.72362	0.01794
V422	0.14217	0.22826	0	0.08662	0.52005	0.02289
V423	0.09295	0.11815	0.0047	0.68928	0.08244	0.01248
V424	0.45315	0.12291	0.13396	0.1316	0.10632	0.05205
V425	0.03853	0.07361	0	0.09258	0.78258	0.0127
V426	0.24643	0.04053	0.29702	0.04764	0.13252	0.23586
V427	0.30191	0.1251	0.19965	0.20396	0.11445	0.05493
V428	0.18097	0.02078	0.02749	0.67969	0.07422	0.01685
V429	0.06968	0.01318	0.05902	0.57872	0.26628	0.01312
V430	0.12326	0.05695	0.49322	0.26664	0.02911	0.03082
V431	0.09347	0	0.80324	0.08833	0	0.01496
V432	0.08751	0.31342	0.02803	0.45113	0.1021	0.0178
V433	0.07304	0.00139	0.03415	0.82186	0.06258	0.00698
V434	0.08618	0.21099	0.14149	0.48597	0.06077	0.0146
V435	0.07395	0	0	0.08351	0.78551	0.05703
V436	0.4843	0.14016	0.13179	0.07593	0.11419	0.05362
V437	0.18746	0.22306	0.27565	0.08234	0.18798	0.04351
V438	0.08257	0.27756	0	0.13556	0.48418	0.02014
V439	0.0467	0.00603	0	0.09681	0.83873	0.01173
V440	0.16233	0.03769	0.36398	0.12698	0.26072	0.04831
V441	0.15221	0.05099	0.44698	0.22112	0.05181	0.07689
V442	0.29329	0.12417	0.22785	0.13166	0.1511	0.07193
V443	0.07862	0.00055	0.0469	0.75998	0.09937	0.01459
V444	0.4235	0.06298	0.12645	0.09039	0.22971	0.06697
V445	0.55599	0.06027	0.16061	0.05071	0.11361	0.05881
V446	0.11059	0.41376	0.2551	0.09038	0.0964	0.03378
V447	0.19527	0.19598	0.04891	0.26106	0.1809	0.11789
V448	0.10698	0.00751	0.75272	0.07248	0.04445	0.01586
V449	0.33961	0.05011	0.09469	0.37227	0.09165	0.05167
V450	0.13176	0.0019	0.58843	0.0735	0.18564	0.01878
V451	0.10488	0.03236	0.07721	0.22677	0.54381	0.01497
V452	0.16069	0.01348	0.06753	0.50377	0.1536	0.10093
V453	0.24663	0.00803	0.50601	0.18969	0.02442	0.02522
V454	0.15413	0.0528	0.11148	0.59082	0.0718	0.01898
V455	0.12368	0.58416	0.06245	0.08844	0.10914	0.03214
V456	0.4991	0.03791	0.15774	0.06234	0.17117	0.07174
V457	0.23542	0.0078	0.05891	0.0597	0.4317	0.20646
V458	0.10807	0	0.32194	0.08694	0.44217	0.04088
V459	0.10019	0.00732	0.49356	0.38713	0	0.0118
V460	0.26865	0.06427	0.28613	0.2054	0.10881	0.06674
V461	0.18895	0.04158	0.03027	0.4919	0.21693	0.03037
V462	0.09696	0	0.79699	0.08095	0	0.02509
V463	0.03092	0.01865	0	0.13114	0.8115	0.00779
V464	0.10977	0.58862	0.0319	0.09029	0.15249	0.02692
V465	0.26426	0.09413	0.44557	0.0601	0.09486	0.04108
V466	0.10175	0.01737	0.01314	0.70868	0.14206	0.017
V467	0.56526	0.05243	0.15275	0.05047	0.11685	0.06225
V468	0.22223	0.09478	0.0998	0.31617	0.24139	0.02563
V469	0.12125	0.09589	0.57595	0.16128	0.011	0.03464
V470	0.34576	0.03452	0.0879	0.14949	0.34244	0.0399
V471	0.13021	0.16206	0.46147	0.13133	0.07456	0.04037
V472	0.09935	0.36136	0	0.10745	0.39897	0.03287
V473	0.10629	0.64705	0.03775	0.06581	0.11459	0.02851
V474	0.11026	0	0.31275	0.53389	0.03031	0.01278
V475	0.10278	0.11418	0.19983	0.24632	0.31544	0.02145
V476	0.32448	0.03689	0.08466	0.28244	0.16912	0.10242
V477	0.12785	0.44788	0.08157	0.15643	0.13082	0.05545
V478	0.10937	0	0.77376	0.08187	0	0.035
V479	0.1271	0.09969	0.63036	0.07695	0.04413	0.02177
V480	0.07024	0.16799	0	0.34965	0.39913	0.01299
V481	0.25457	0.09004	0.12171	0.1476	0.34775	0.03834
V482	0.42923	0.0279	0.15274	0.04938	0.14645	0.1943
V483	0.10339	0.60495	0.08275	0.07475	0.1069	0.02726
V484	0.49085	0.04057	0.18565	0.05368	0.17435	0.0549
V485	0.21582	0.10716	0.46418	0.14247	0.03494	0.03543
V486	0.20227	0	0.64926	0.10309	0	0.04538
V487	0.06625	0.24524	0	0.09066	0.58003	0.01781
V488	0.19101	0.50281	0.06168	0.10413	0.10765	0.03272
V489	0.46163	0.0586	0.18929	0.06646	0.17108	0.05295
V490	0.29177	0.0431	0.10783	0.10758	0.19564	0.25409
V491	0.12187	0.20708	0.27131	0.07141	0.29993	0.02841
V492	0.20755	0.02453	0.26529	0.15107	0.1977	0.15386
V493	0.46122	0.16518	0.11749	0.08682	0.11493	0.05437
V494	0.22134	0.02113	0.42539	0.0757	0.07522	0.18121
V495	0.18791	0.4056	0.20547	0.08022	0.09108	0.02972
V496	0.19194	0.1048	0.26749	0.06364	0.3056	0.06654
V497	0.07296	0.14508	0.07031	0.11912	0.57747	0.01506
V498	0.12488	0.07487	0.28982	0.38298	0.10388	0.02356
V499	0.10909	0.47422	0.15183	0.13181	0.10262	0.03043
V500	0.28561	0.17284	0.10277	0.12368	0.26907	0.04603
V501	0.11736	0.60023	0.03384	0.08852	0.12442	0.03563
V502	0.04581	0.00634	0	0.30779	0.62929	0.01076
V503	0.12389	0.23787	0.04319	0.48749	0.09043	0.01713
V504	0.11543	0.59386	0.06999	0.06644	0.1263	0.02797
V505	0.09684	0	0.3961	0.43084	0.05214	0.02407
V506	0.29082	0.01965	0.11197	0.23106	0.20184	0.14466
V507	0.32093	0	0.13765	0.02235	0.20061	0.31846
V508	0.10053	0.4002	0.03715	0.15451	0.28296	0.02465
V509	0.07841	0.00919	0	0.72977	0.17476	0.00788
V510	0.55062	0.04858	0.13401	0.05166	0.15458	0.06055
V511	0.25196	0.00619	0.08643	0.3244	0.13901	0.19201
V512	0.14374	0.16305	0.51617	0.0914	0.0474	0.03824
V513	0.06333	0.01251	0.10813	0.14155	0.66191	0.01256
V514	0.12169	0.57368	0.09074	0.06055	0.10652	0.04682
V515	0.11555	0.2737	0.02424	0.47121	0.08778	0.02751
V516	0.09886	0.03038	0.66129	0.08244	0.1081	0.01893
V517	0.07103	0	0.27952	0.29492	0.34286	0.01168
V518	0.22777	0.31325	0.07915	0.17447	0.15479	0.05057
V519	0.1711	0.42107	0.0562	0.14587	0.12497	0.08079
V520	0.40306	0.11128	0.12963	0.18358	0.10363	0.06881
V521	0.0712	0.00157	0	0.10613	0.80317	0.01793
V522	0.25713	0.16918	0.05197	0.09199	0.35253	0.0772
V523	0.28102	0.16457	0.13394	0.22009	0.11165	0.08872
V524	0.09303	0	0.00717	0.24327	0.61148	0.04505
V525	0.38665	0.01983	0.17827	0.06133	0.14178	0.21214
V526	0.09452	0.5219	0.09244	0.07657	0.1906	0.02398
V527	0.25698	0.01797	0.55015	0.07337	0.07158	0.02995
V528	0.50497	0.03914	0.24011	0.06301	0.10146	0.05131
V529	0.10686	0.05984	0.02652	0.69778	0.09482	0.01418
V530	0.14547	0.17288	0.30229	0.18605	0.13557	0.05774
V531	0.55675	0.06151	0.1396	0.06271	0.11797	0.06145
V532	0.11515	0.00462	0.05296	0.62711	0.1855	0.01466
V533	0.15796	0	0.25045	0.096	0.40112	0.09447
V534	0.1149	0	0.01488	0.62369	0.1829	0.06363
V535	0.32744	0.05798	0.27417	0.21933	0.07629	0.04479
V536	0.10667	0	0.62284	0.24332	0	0.02717
V537	0.09958	0.43564	0.02552	0.3032	0.10748	0.02859
V538	0.19182	0	0.07289	0.47236	0.10827	0.15466
V539	0.07471	0.00174	0	0.6979	0.21265	0.013
V540	0.23158	0.01539	0.31812	0.08805	0.30423	0.04264
V541	0.08774	0.17947	0.01088	0.59968	0.10182	0.0204
V542	0.09203	0.39091	0.02561	0.30738	0.16249	0.02158
V543	0.07934	0	0.502	0.10784	0.29468	0.01614
V544	0.2867	0.03013	0.12287	0.08114	0.20194	0.27721
V545	0.08828	0.44136	0.05368	0.09624	0.29576	0.02467
V546	0.33344	0.07673	0.07808	0.34866	0.12455	0.03854
V547	0.09176	0.0659	0	0.44248	0.36729	0.03257
V548	0.32297	0.01517	0.13956	0.02239	0.18534	0.31456
V549	0.16334	0	0.58299	0.16606	0.0362	0.05141
V550	0.07102	0.00297	0.22242	0.08849	0.60145	0.01366
V551	0.21746	0.05504	0.1157	0.19356	0.24128	0.17696
V552	0.08797	0.02877	0.09009	0.35455	0.41297	0.02565
V553	0.49853	0.04032	0.15322	0.09904	0.15317	0.05572
V554	0.11304	0.60503	0.05411	0.06313	0.12257	0.04212
V555	0.295	0.01156	0.10767	0.36137	0.10417	0.12022
V556	0.12007	0.00258	0.38944	0.43477	0.03469	0.01845
V557	0.12515	0.55241	0.10928	0.07108	0.10792	0.03416
V558	0.30537	0.18421	0.09368	0.19638	0.11455	0.10582
V559	0.03235	0	0	0.22418	0.7347	0.00876
V560	0.43527	0.06439	0.11287	0.07782	0.23604	0.0736
V561	0.0939	0.00486	0.82649	0.05914	0	0.0156
V562	0.32008	0.22366	0.13151	0.14882	0.11359	0.06234
V563	0.29807	0	0.12362	0.13001	0.16134	0.28696
V564	0.20425	0.06903	0.0308	0.06343	0.46016	0.17233
V565	0.32176	0	0.15136	0.02196	0.18478	0.32014
V566	0.26242	0.09612	0.12273	0.10686	0.19066	0.22121
V567	0.23229	0.24466	0.05424	0.30385	0.12709	0.03788
V568	0.05344	0.00082	0	0.12374	0.81261	0.00938
V569	0.47204	0.08017	0.1236	0.09562	0.13408	0.09448
V570	0.40531	0.16242	0.13606	0.13122	0.11469	0.05031
V571	0.11153	0.16946	0.57211	0.08552	0.04193	0.01945
V572	0.10323	0	0.7076	0.09267	0.07967	0.01683
V573	0.14498	0.57526	0.04393	0.06356	0.1391	0.03318
V574	0.19235	0	0.44607	0.10543	0.10596	0.1502
V575	0.10478	0.46946	0.08777	0.18873	0.11257	0.0367
V576	0.20343	0.10212	0	0.07853	0.5893	0.02663
V577	0.21936	0.05636	0	0.14395	0.53908	0.04125
V578	0.07395	0	0	0.08351	0.78551	0.05703
V579	0.08061	0.02159	0.09936	0.32655	0.45967	0.01221
V580	0.12418	0.0186	0.06163	0.45027	0.31306	0.03227
V581	0.38818	0.07057	0.15796	0.15859	0.1844	0.04029
V582	0.38901	0.04087	0.10672	0.29657	0.11113	0.0557
V583	0.1595	0.03593	0.30618	0.05905	0.32774	0.11161
V584	0.13231	0.01516	8e-04	0.41884	0.36246	0.07043
V585	0.12612	0.34126	0.23886	0.15297	0.09066	0.05014
V586	0.14431	0.55819	0.0797	0.07164	0.11488	0.03129
V587	0.19603	0.01112	0.28777	0.43438	0.04564	0.02505
V588	0.08011	0.00856	0.03471	0.79558	0.07342	0.00762
V589	0.15924	0.22498	0.30264	0.14349	0.07679	0.09286
V590	0.19416	0.03129	0.42933	0.13884	0.06874	0.13764
V591	0.44136	0.03647	0.13743	0.2334	0.10719	0.04414
V592	0.10407	0.24002	0.08234	0.43703	0.11956	0.01698
V593	0.07164	0.00827	0.00638	0.84118	0.06554	0.00698
V594	0.13827	0.00084	0.0481	0.65834	0.09021	0.06425
V595	0.12557	0.21258	0.04425	0.19497	0.34873	0.0739
V596	0.05675	0.16037	0	0.15674	0.61435	0.0118
V597	0.24175	0.01747	0.00382	0.08964	0.62081	0.0265
V598	0.52574	0.08916	0.13213	0.05154	0.13424	0.0672
V599	0.22741	0.00417	0.06594	0.23789	0.26617	0.19842
V600	0.33047	0.11547	0.08622	0.1138	0.21951	0.13453
V601	0.16319	0.12036	0.09169	0.43628	0.09229	0.09618
V602	0.08865	0.0131	0.03057	0.09321	0.71702	0.05744
V603	0.18455	0.32401	0.09575	0.11877	0.15806	0.11885
V604	0.07292	0.31537	0	0.08882	0.50354	0.01935
V605	0.06012	0.02151	0	0.09085	0.81004	0.01748
V606	0.34286	0.04795	0.33731	0.1317	0.06569	0.07449
V607	0.22919	0.03717	0.05399	0.06948	0.39662	0.21355
V608	0.13771	0.48083	0.04237	0.13692	0.14018	0.062
V609	0.10865	0	0.59348	0.28261	0	0.01526
V610	0.12299	0.09723	0.42085	0.24637	0.07508	0.03747
V611	0.09832	0.6111	0.03898	0.09777	0.12742	0.02641
V612	0.0764	0.14053	0.00868	0.69204	0.07239	0.00996
V613	0.40242	0.17225	0.12459	0.04327	0.13045	0.12702
V614	0.14833	0.09499	0.49953	0.06955	0.11502	0.07257
V615	0.04606	0.04079	0	0.10088	0.79909	0.01319
V616	0.25649	0.3538	0.0656	0.10546	0.14917	0.06948
V617	0.03032	0.00573	0	0.10292	0.85153	0.00951
V618	0.19991	0.01682	0.62642	0.07181	0.03703	0.048
V619	0.09585	0.46019	0.1529	0.10016	0.16327	0.02763
V620	0.24842	0.00112	0.38814	0.05981	0.09172	0.2108
V621	0.07816	0.00032	0.06061	0.75099	0.09723	0.01269
V622	0.29291	0.1532	0.0462	0.0678	0.40145	0.03845
V623	0.14922	0.55954	0.0496	0.05968	0.13199	0.04997
V624	0.095	0.43091	0.01822	0.33394	0.09687	0.02505
V625	0.10799	0.09668	0.18173	0.50974	0.07868	0.02517
V626	0.09447	0.02921	0	0.26543	0.55026	0.06062
V627	0.34391	0.02507	0.07404	0.4307	0.08866	0.03762
V628	0.17919	0.04671	0.33103	0.16185	0.18166	0.09955
V629	0.08548	0.32007	0.0091	0.47116	0.09652	0.01766
V630	0.40968	0.03296	0.13621	0.11625	0.17187	0.13303
V631	0.23999	0	0.15136	0.21487	0.18444	0.20934
V632	0.07811	0.02131	0.07471	0.38662	0.42195	0.0173
V633	0.10823	0.13462	0.66726	0.0725	0	0.01739
V634	0.41799	0.04423	0.11399	0.28532	0.0964	0.04206
V635	0.08277	0.03463	0.21495	0.61774	0.03926	0.01064
V636	0.0984	0.46217	0.0044	0.14026	0.25575	0.03903
V637	0.25953	0.05887	0.09629	0.03601	0.29987	0.24943
V638	0.08394	0.07951	0.03421	0.56618	0.22254	0.01362
V639	0.19824	0.06041	0.06081	0.11354	0.51698	0.05002
V640	0.13999	0.10635	0.43523	0.08285	0.17934	0.05625
V641	0.08149	0.05507	0.39607	0.10754	0.34499	0.01483
V642	0.22718	0.03899	0.34931	0.24602	0.05486	0.08364
V643	0.48204	0.0486	0.11591	0.16561	0.13102	0.05682
V644	0.45922	0.04384	0.11643	0.17646	0.12412	0.07994
V645	0.43434	0.05026	0.13548	0.1649	0.1137	0.10131
V646	0.07773	0.00196	0.32988	0.08556	0.49061	0.01427
V647	0.21956	0.00967	0.09498	0.40448	0.13816	0.13314
V648	0.18701	0.2796	0.18697	0.1218	0.12579	0.09882
V649	0.12964	0.01336	0.04065	0.7168	0.08418	0.01536
V650	0.17632	0.15717	0.17673	0.08281	0.38274	0.02422
V651	0.16726	0.27826	0.09414	0.09836	0.27973	0.08225
V652	0.09241	0.0012	0.10245	0.70841	0.08344	0.01209
V653	0.15617	0.35305	0.06176	0.09447	0.24008	0.09447
V654	0.48683	0.04841	0.19955	0.0644	0.14604	0.05477
V655	0.22964	0.00316	0.0472	0.1356	0.4615	0.1229
V656	0.14554	0.06005	0.5359	0.11757	0.11898	0.02197
V657	0.27079	0.02244	0.02471	0.18914	0.41774	0.07518
V658	0.07933	0.05596	0.14323	0.66339	0.04948	0.00862
V659	0.10709	0.62154	0.03811	0.0728	0.12432	0.03614
V660	0.50988	0.05489	0.13776	0.07133	0.12594	0.10019
V661	0.19149	0	0.19802	0.20718	0.25802	0.14529
V662	0.44528	0.04328	0.12779	0.19928	0.11688	0.06749
V663	0.06849	0.11946	0	0.12693	0.67144	0.01368
V664	0.16521	0.04821	0.67048	0.06514	0.02175	0.0292
V665	0.02923	0	0	0.10264	0.85881	0.00932
V666	0.26291	0.27926	0.06664	0.18534	0.14988	0.05597
V667	0.28538	0	0.15854	0.09343	0.18127	0.28138
V668	0.4645	0.17492	0.12811	0.06484	0.11481	0.05283
V669	0.22025	0.09846	0.06616	0.35164	0.12522	0.13828
V670	0.13273	0.27734	0.04667	0.37068	0.11622	0.05636
V671	0.20414	0.01438	0.04078	0.64656	0.0752	0.01893
V672	0.10205	0.41015	0.01841	0.35135	0.09629	0.02176
V673	0.22973	0.12977	0.30198	0.0496	0.1012	0.18772
V674	0.44064	0.0374	0.07965	0.06153	0.33552	0.04525
V675	0.28031	0.1299	0.12695	0.03163	0.18902	0.2422
V676	0.08047	0.00102	0.07679	0.76832	0.06576	0.00765
V677	0.21379	0.32328	0.22031	0.04994	0.09496	0.09773
V678	0.16974	0.06854	0.03367	0.08032	0.56268	0.08505
V679	0.27526	0.09511	0.16127	0.06674	0.15562	0.24599
V680	0.08045	0	0.26068	0.08408	0.54688	0.02792
V681	0.13051	0.56219	0.06844	0.06629	0.11262	0.05995
V682	0.13841	0.44002	0.02756	0.0759	0.23703	0.08108
V683	0.05333	0	0	0.0876	0.82672	0.03236
V684	0.12851	0.54776	0.0322	0.14373	0.11745	0.03035
V685	0.09302	0.44547	0.23761	0.06694	0.13282	0.02414
V686	0.25664	0.01319	0.4939	0.06201	0.06887	0.10538
V687	0.16709	0.20214	0.30012	0.1629	0.06908	0.09867
V688	0.29752	0.01743	0.03569	0.07477	0.48634	0.08824
V689	0.14182	0.00889	0.60169	0.18708	0.02677	0.03376
V690	0.09907	0.0066	0	0.11019	0.72504	0.0591
V691	0.13567	0.3546	0.19417	0.14386	0.12661	0.04509
V692	0.321	0.02054	0.05588	0.39474	0.17287	0.03497
V693	0.45507	0.15683	0.13705	0.07454	0.11324	0.06328
V694	0.44768	0.15163	0.12463	0.10848	0.11047	0.0571
V695	0.4724	0.03976	0.10067	0.07801	0.23974	0.06941
V696	0.11374	0.35794	0.03352	0.13288	0.33473	0.0272
V697	0.13039	0.00963	0.68517	0.1189	0.02646	0.02944
V698	0.1029	0.63974	0.02976	0.07395	0.12411	0.02954
V699	0.19691	0.01885	0.53093	0.1061	0.10509	0.04214
V700	0.09744	0.01174	0	0.0966	0.77559	0.01863
V701	0.53649	0.04688	0.15031	0.04672	0.12488	0.09472
V702	0.25424	0.01231	0.16115	0.2349	0.13298	0.20442
V703	0.16537	0.37786	0.02296	0.07153	0.3307	0.03159
V704	0.27195	0.25921	0.25894	0.05644	0.10093	0.05253
V705	0.09047	0.08184	0.19377	0.23877	0.37717	0.01799
V706	0.18416	0.07869	0.34922	0.05241	0.21044	0.12507
V707	0.42878	0.05051	0.12976	0.03712	0.16361	0.19022
V708	0.10781	0.30196	0.44918	0.08306	0.03596	0.02202
V709	0.0659	0.00183	0	0.76737	0.15816	0.00674
V710	0.27572	0.06821	0.14606	0.12688	0.32909	0.05404
V711	0.12397	0.1679	0.37479	0.24879	0.04437	0.04018
V712	0.05881	0.19733	0	0.09331	0.63439	0.01616
V713	0.21508	0.4202	0.08266	0.09596	0.13793	0.04816
V714	0.10775	0.36537	0.37683	0.07429	0.05334	0.02242
V715	0.10921	0.00691	0.80437	0.05915	0	0.02037
V716	0.17052	0.0226	0.02604	0.36848	0.31119	0.10117
V717	0.05125	0.00618	0	0.09082	0.83173	0.02001
V718	0.06189	0.28113	0	0.0829	0.55809	0.01599
V719	0.10645	0.58624	0.05335	0.07389	0.14548	0.03459
V720	0.21392	0.00316	0.25464	0.38451	0.09332	0.05046
V721	0.16663	0.23224	0.24605	0.05331	0.19388	0.10789
V722	0.02939	0	0	0.09627	0.86649	0.00785
V723	0.09816	0.48994	0.04553	0.08465	0.24998	0.03175
V724	0.12265	0.23567	0.32439	0.16872	0.13009	0.01849
V725	0.09059	0.04501	0.00417	0.20725	0.6138	0.03917
V726	0.09572	0.00873	0.43018	0.10615	0.32944	0.02978
V727	0.24725	0	0.20105	0.21498	0.12734	0.20938
V728	0.08045	0.00853	0.00399	0.81675	0.07211	0.01817
V729	0.17311	0.37477	0.03919	0.10422	0.27343	0.03529
V730	0.17946	0	0.13492	0.47949	0.09356	0.11256
V731	0.17985	0.04141	0.41207	0.06473	0.24576	0.05617
V732	0.12824	0.31942	0.01667	0.11465	0.36761	0.05341
V733	0.21123	0	0.30074	0.26766	0.12812	0.09225
V734	0.26088	0	0.36189	0.03523	0.12483	0.21717
V735	0.09036	0.06367	0.02017	0.7212	0.0796	0.02499
V736	0.15379	0.42655	0.10088	0.09952	0.12964	0.08961
V737	0.0249	0	0	0.10348	0.86422	0.0074
V738	0.23975	0.05456	0.12202	0.43814	0.09863	0.0469
V739	0.15541	0.25097	0.1525	0.10561	0.29759	0.03792
V740	0.10339	0.19285	0.30355	0.11768	0.25868	0.02385
V741	0.26757	0.14154	0.1815	0.15478	0.22444	0.03017
V742	0.20392	0.01927	0.0524	0.48258	0.20793	0.0339
V743	0.08661	0.07944	0.19724	0.37569	0.24457	0.01645
V744	0.31523	0.10397	0.1122	0.22141	0.11418	0.13301
V745	0.09139	0.37201	0	0.11693	0.39729	0.02238
V746	0.50028	0.06441	0.13473	0.08641	0.14072	0.07344
V747	0.14735	0.01455	0.05293	0.12134	0.64003	0.0238
V748	0.20011	0.0451	0.27928	0.08374	0.23665	0.15512
V749	0.31931	0.027	0.07475	0.23141	0.24259	0.10494
V750	0.07521	0.06296	0	0.77308	0.08069	0.00807
V751	0.07483	0.00859	0.02382	0.78494	0.10035	0.00747
V752	0.14154	0.01561	0	0.1564	0.6637	0.02275
V753	0.18039	0	0.04037	0.16694	0.48847	0.12384
V754	0.14187	0.34881	0.14218	0.13313	0.15646	0.07754
V755	0.22369	0.04842	0.00404	0.1045	0.56631	0.05303
V756	0.29104	0.00662	0.12262	0.04256	0.24774	0.28943
V757	0.17524	0.37223	0.05514	0.08098	0.20054	0.11587
V758	0.20897	0.51824	0.05453	0.06879	0.11347	0.036
V759	0.12514	0.01874	0	0.21822	0.59962	0.03828
V760	0.31189	0	0.14599	0.06277	0.16848	0.31088
V761	0.06272	0.00219	0.24283	0.10684	0.57415	0.01127
V762	0.13362	0	0.71253	0.10671	0.01085	0.03629
V763	0.08342	0.11052	0.02067	0.66286	0.10571	0.01682
V764	0.18648	0.00907	0.09436	0.27491	0.35534	0.07984
V765	0.32204	0.00563	0.13747	0.03672	0.18501	0.31313
V766	0.22964	0.29753	0.04909	0.08229	0.2874	0.05405
V767	0.22815	0.00666	0.35531	0.1743	0.10309	0.13249
V768	0.10912	0.5098	0.17081	0.08076	0.09582	0.03369
V769	0.09177	0	0.74504	0.14948	0	0.01371
V770	0.10669	0.29561	0.01911	0.4538	0.10433	0.02045
V771	0.17636	0.06936	0.4955	0.11846	0.03879	0.10152
V772	0.12524	0	0.74791	0.07894	0	0.04791
V773	0.32631	0.01797	0.10619	0.26422	0.17126	0.11405
V774	0.20941	0.0023	0.69836	0.064	0	0.02592
V775	0.10409	0.50851	0.14188	0.11585	0.10543	0.02423
V776	0.51293	0.06854	0.13558	0.06014	0.12725	0.09556
V777	0.13091	0.15608	0	0.09785	0.52994	0.08522
V778	0.1113	0.01417	0.72792	0.12914	0	0.01748
V779	0.56486	0.05265	0.14095	0.05107	0.13069	0.05977
V780	0.09139	0.00963	0.03889	0.78598	0.06577	0.00834
V781	0.41302	0.16531	0.15288	0.04589	0.11891	0.10398
V782	0.3163	0.00658	0.17993	0.02311	0.16556	0.30852
V783	0.13056	0.57475	0.04332	0.06881	0.13307	0.04948
V784	0.06592	0.0337	0.21212	0.13962	0.53395	0.0147
V785	0.09133	0.47433	0.09115	0.08534	0.23235	0.02551
V786	0.28133	0.05837	0.16754	0.06699	0.16093	0.26484
V787	0.40342	0.11995	0.10055	0.11934	0.18981	0.06693
V788	0.06858	0.00064	0.02136	0.74042	0.16027	0.00873
V789	0.20786	0.37934	0.06229	0.08876	0.14812	0.11362
