Neutrophils	Monocytes_CD14.CD16.	Macrophage	T_cells_.CD4..	NK_cells
V1	0.40504	0.12672	0.2187	0.07623	0.17332
V2	0.09269	0.73441	0.10702	0.00583	0.06004
V3	0.11239	0	0.42509	0.35527	0.10724
V4	0.01077	0	0.25827	0.01243	0.71854
V5	0.0078	0	0.06746	0.05483	0.86991
V6	0.43287	0.008	0.2325	0.15472	0.1719
V7	0.02085	0	0.46238	0.03061	0.48616
V8	0.05133	0	0.84039	0.04205	0.06624
V9	0.08539	0	0.24694	0.54087	0.1268
V10	0.5532	0.00322	0.35508	0	0.0885
V11	0.04402	0	0.1278	0.01913	0.80905
V12	0.11889	0	0.21831	0.23471	0.42809
V13	0.17796	0.06442	0.03011	0.32151	0.406
V14	0.21862	0.00355	0.06215	0.51595	0.19972
V15	0.03076	0.0512	0	0.7418	0.17624
V16	0.57426	0.12286	0	0.20167	0.10121
V17	0.08648	0.30778	0.04547	0.00755	0.55272
V18	0.14111	0.41505	0.26152	0.12093	0.06139
V19	0.03112	0.01208	0.01467	0.0692	0.87292
V20	0.01966	0	0.70673	0.1834	0.09021
V21	0.03587	0.29812	0.17063	0.08905	0.40632
V22	0.75347	0.13395	0.01393	0.00315	0.09549
V23	0.09962	0.01479	0.0316	0.0817	0.77229
V24	0.50353	0.16763	0.00326	0.01323	0.31237
V25	0.02335	0.03496	0.02281	0.3455	0.57338
V26	0.50472	0.23437	0.04287	0.00893	0.2091
V27	0.16646	0.47871	0.19157	0	0.16326
V28	0.04812	0.06597	0.21836	0.52133	0.14621
V29	0.0064	0	0.3201	0.53572	0.13779
V30	0.69378	0.15432	0	0.01269	0.1392
V31	0.45915	0.19322	0	0.13955	0.20808
V32	0.79973	0.06842	0	0.01499	0.11686
V33	0.02853	0.25523	0.04642	0.05672	0.6131
V34	0.14295	0.7507	0.07055	0	0.03581
V35	0.14519	0.5673	0.25131	0	0.0362
V36	0.04445	0.19227	0.20894	0.03424	0.52009
V37	0.70293	0.05819	0	0.01495	0.22393
V38	0.2003	0	0.4508	0.13691	0.21199
V39	0.42366	0.00793	0.2871	0	0.28131
V40	0.2511	0.59088	0.05039	0.03897	0.06865
V41	0.08086	0.76384	0.08178	0	0.07351
V42	0.77291	0.0956	0	0.01211	0.11939
V43	0.54025	0.11711	0.26112	0.00571	0.07581
V44	0.09153	0.22812	0.5474	0	0.13295
V45	0.0762	0.65444	0.13901	0.05963	0.07071
V46	0.14752	0.70037	0.10756	0	0.04455
V47	0.04494	0	0.88085	0	0.07421
V48	0.23536	0.13131	0.21632	0.22674	0.19027
V49	0.5158	0.1522	0.1703	0.0802	0.08149
V50	0.08054	0	0.85514	0	0.06432
V51	0.15498	0.27953	0.216	0.00847	0.34102
V52	0.08527	0.7987	0.08252	0	0.03352
V53	0.03759	0.229	0.02332	0.57922	0.13088
V54	0.2819	0.02043	0	0.42217	0.2755
V55	0.09844	0.02831	0	0.70839	0.16486
V56	0.09529	0.00884	0	0.64528	0.25059
V57	0.25103	0.06082	0.53328	0	0.15487
V58	0.08959	0	0.12663	0.15069	0.63309
V59	0.79112	0.08056	0.02445	0.01254	0.09132
V60	0.46768	0.22287	0.09665	0.06536	0.14744
V61	0.26774	0.01458	0.01941	0.15452	0.54375
V62	0.09131	0	0.31737	0.08323	0.50808
V63	0.43502	0.2819	0.05447	0.00133	0.22729
V64	0.80644	0.08371	0	0.01335	0.0965
V65	0.11631	0.10816	0.03715	0.49704	0.24133
V66	0.03467	0	0.13261	0.6774	0.15531
V67	0.00894	0	0.36242	0.05381	0.57484
V68	0.55019	0	0.29996	0.01379	0.13606
V69	0.61354	0.13448	0.13472	0.00482	0.11244
V70	0.09769	0.6852	0.09485	0.06819	0.05406
V71	0.13078	0.72359	0.09324	0.0102	0.04218
V72	0.05888	0.45215	0.072	0	0.41698
V73	0.07582	0	0.09969	0.49598	0.32851
V74	0.01387	0.09412	0.00943	0.6671	0.21548
V75	0.51875	0.1747	0.23011	0	0.07644
V76	0.00881	0.02215	0.01647	0.73526	0.21731
V77	0.06684	0	0.85545	0.01366	0.06405
V78	0.04473	0	0.88358	0	0.07169
V79	0.11174	0.4435	0.07785	0.06399	0.30291
V80	0.1559	0.68931	0.05947	0.00589	0.08943
V81	0.06177	0	0.87103	0	0.0672
V82	0.28785	0.20771	0.02371	0.37047	0.11025
V83	0.13101	0.11118	0.01776	0.43056	0.30949
V84	0.12387	0.21741	0.0268	0.01344	0.61848
V85	0.04672	0	0.88461	0	0.06867
V86	0.0578	0.25414	0.32211	0.2797	0.08626
V87	0.51647	0.05005	0.00842	0.30172	0.12334
V88	0.36576	0.19822	0.04773	0.11424	0.27405
V89	0.12772	0	0.80345	0.00947	0.05936
V90	0.02759	0.22231	0.09242	0.05378	0.6039
V91	0.01038	0.00444	0.0836	0.7391	0.16249
V92	0.31654	0.05388	0.01972	0.02114	0.58872
V93	0.01919	0.08088	0.18938	0.427	0.28354
V94	0.04896	0.2225	0.04641	0.1655	0.51663
V95	0.08451	0.28732	0.05041	0.0507	0.52706
V96	0.74665	0.06691	0	0.0175	0.16895
V97	0.22502	0.02993	0.04433	0.07105	0.62966
V98	0.08987	0.39377	0.20652	0.05426	0.25558
V99	0.52458	0.17623	0	0.13314	0.16605
V100	0.5509	0.19873	0.02926	0.02165	0.19946
V101	0.09236	0.78906	0.08617	0	0.0324
V102	0.36608	0.25524	0.12435	0.04708	0.20725
V103	0.1728	0	0.00345	0.02848	0.79528
V104	0.07378	0.44231	0.12689	0	0.35702
V105	0.01154	0	0.05879	0.06254	0.86712
V106	0.09065	0.68704	0.17221	0	0.0501
V107	0.12938	0.13602	0.66724	0.00937	0.05799
V108	0.09354	0.07669	0.77345	0	0.05632
V109	0.08086	0.26526	0.08352	0.18612	0.38424
V110	0.22979	0.48444	0.18239	0.04422	0.05915
V111	0.36609	0.18702	0.3905	0	0.05638
V112	0.25043	0	0.08792	0.37043	0.29122
V113	0.3258	0	0.0921	0.10027	0.48182
V114	0.59236	0.11921	0.01765	0.10534	0.16544
V115	0.77436	0.05959	0	0.01641	0.14964
V116	0.01727	0.00539	0.017	0.0466	0.91374
V117	0.10672	0	0.76526	0.04265	0.08537
V118	0.05457	0.02796	0	0.73322	0.18425
V119	0.43003	0	0.31879	0.16382	0.08736
V120	0.0388	0	0.78846	0.07268	0.10005
V121	0.21171	0.66013	0.05213	0	0.07602
V122	0.05763	0.42825	0.12519	0.13798	0.25095
V123	0.54577	0.07141	0.04112	0.12065	0.22105
V124	0.27805	0.13959	0.06194	0.14346	0.37696
V125	0.10007	0.3969	0.45943	0	0.0436
V126	0.22339	0.18809	0.22195	0.05436	0.31221
V127	0.38633	0	0.51836	0.01989	0.07542
V128	0.21619	0.6769	0.06015	0	0.04675
V129	0.36373	0.01064	0.24271	0.11155	0.27137
V130	0.05624	0.54049	0.08961	0.1243	0.18936
V131	0.02096	0	0.22742	0.61351	0.13811
V132	0.41391	0.04802	0	0.23632	0.30175
V133	0.02986	0	0.59129	0.04909	0.32976
V134	0.13918	0	0.72845	0	0.13237
V135	0.08865	0	0.75339	0	0.15795
V136	0.80729	0.0741	0	0.01753	0.10108
V137	0.78103	0.08964	0	0.02408	0.10525
V138	0.31501	0.17117	0.07955	0.07383	0.36044
V139	0.17292	0	0.13625	0.55214	0.13869
V140	0.03243	0	0.15537	0.01694	0.79526
V141	0.08234	0.14389	0.66106	0.05	0.0627
V142	0.30491	0	0.27772	0.0789	0.33847
V143	0.06434	0.14974	0.51128	0.0819	0.19274
V144	0.52114	0.24177	0.04696	0.06272	0.12741
V145	0.04219	0	0.87908	0	0.07873
V146	0.05103	0.41115	0.04181	0.20415	0.29185
V147	0.18381	0	0.66482	0.05859	0.09278
V148	0.17978	0.70823	0.06448	0	0.04752
V149	0.01422	0.03422	0.00067	0.73578	0.2151
V150	0.23198	0.12418	0.53479	0	0.10905
V151	0.48996	0.04585	0	0.27276	0.19143
V152	0.01551	0	0.10926	0.6609	0.21433
V153	0.26072	0.13709	0.43167	0.00766	0.16285
V154	0.1534	0.58718	0.0702	0	0.18922
V155	0.04941	0	0.13076	0.66559	0.15424
V156	0.16617	0	0.39399	0.09669	0.34316
V157	0.14136	0.01781	0.18614	0.21121	0.44348
V158	0.29071	0	0.38123	0.01246	0.3156
V159	0.14912	0.28044	0.0251	0.41352	0.13183
V160	0.49748	0.18612	0.07186	0.01444	0.23009
V161	0.29284	0.02081	0.05755	0.00938	0.61941
V162	0.05283	0	0.87822	0	0.06895
V163	0.06801	0	0.01998	0.05288	0.85913
V164	0.7838	0.10898	0	0.01626	0.09096
V165	0.59389	0.23365	0.05036	0.02155	0.10055
V166	0.07854	0	0.22003	0.49976	0.20167
V167	0.06927	0.6501	0.07398	0.05516	0.15149
V168	0.05283	0	0.87822	0	0.06895
V169	0.1024	0.64857	0.18093	0.01939	0.0487
V170	0.28816	0.39826	0.06941	0.09976	0.14441
V171	0.40513	0.05664	0.31088	0.11077	0.11658
V172	0.2365	0.25719	0.08782	0.00072	0.41778
V173	0.2787	0.12594	0.08434	0.28139	0.22962
V174	0.30561	0	0.29474	0.13918	0.26047
V175	0.11071	0.16517	0.14646	0.11784	0.45982
V176	0.42867	0.04688	0	0.40064	0.12381
V177	0.29925	0	0.50476	0.11585	0.08014
V178	0.38916	0	0.40135	0.06554	0.14394
V179	0.13063	0.01017	0.0133	0.02755	0.81834
V180	0.04087	0	0.3661	0	0.59303
V181	0.08892	0.34053	0.03222	0.03292	0.5054
V182	0.54546	0.2597	0	0.09012	0.10472
V183	0.10013	0.78375	0.07872	0	0.03739
V184	0.41717	0	0.23892	0.22776	0.11614
V185	0.14084	0.5102	0.06195	0.06663	0.22039
V186	0.17983	0.23051	0.04192	0.16562	0.38211
V187	0.11616	0.66618	0.05861	0.10309	0.05596
V188	0.76502	0.08841	0	0.05259	0.09398
V189	0.47656	0.26792	0.02296	0.14495	0.08761
V190	0.49479	0.06654	0.17351	0	0.26516
V191	0.26355	0.27289	0.01033	0.2745	0.17874
V192	0.38069	0.2081	0.11036	0.12594	0.17492
V193	0.14502	0.14891	0.52307	0.00242	0.18057
V194	0.35026	0.05865	0.0769	0.06515	0.44904
V195	0.58781	0.17479	0.16234	0	0.07505
V196	0.00453	0	0.05925	0.05753	0.87869
V197	0.10236	0.78237	0.07487	0	0.0404
V198	0.28259	0.26492	0.04433	0.12051	0.28766
V199	0.74178	0.04693	0.121	0.00472	0.08557
V200	0.73849	0.05012	0	0.01861	0.19279
V201	0.04706	0	0.01806	0.61748	0.3174
V202	0.77188	0.11491	0	0.01764	0.09557
V203	0.53186	0.277	0.01486	0.02413	0.15215
V204	0.41432	0.109	0.02117	0.00239	0.45311
V205	0.1691	0.00841	0.13449	0.05521	0.6328
V206	0.05941	0.1479	0.002	0.61833	0.17237
V207	0.03076	0.0512	0	0.7418	0.17624
V208	0.2478	0.16662	0.4496	0.00565	0.13032
V209	0.22858	0.004	0.10562	0.02727	0.63453
V210	0.04227	0	0.88439	0	0.07334
V211	0.23604	0	0.20465	0.01584	0.54347
V212	0.10172	0.70835	0.12062	0	0.06932
V213	0.13802	0	0.0509	0.21206	0.59902
V214	0.07764	0.50129	0.36932	0	0.05175
V215	0.31379	0.23659	0.13511	0.03324	0.28128
V216	0.09763	0	0.35802	0.01899	0.52535
V217	0.00856	0.00252	0.02884	0.71818	0.2419
V218	0.1257	0.18404	0.29569	0.2374	0.15717
V219	0.20762	0.24284	0.36592	0.1164	0.06722
V220	0.21327	0.65477	0.0908	0	0.04116
V221	0.0947	0	0.52879	0	0.3765
V222	0.02859	0	0.01934	0.04518	0.90689
V223	0.5952	0.00357	0.2287	0.07744	0.09509
V224	0.07128	0.57546	0.07845	0.02931	0.24549
V225	0.66686	0.18622	0.06662	0	0.0803
V226	0.43318	0.48508	0.02045	0	0.06129
V227	0.1243	0.32291	0.02404	0.39968	0.12906
V228	0.63077	0.03319	0.18609	0.04194	0.10802
V229	0.32716	0.36677	0.2273	0.00502	0.07375
V230	0.02592	0	0.01178	0.04774	0.91456
V231	0.10218	0.60676	0.10598	0.08031	0.10478
V232	0.7599	0.05328	0.09242	0.00853	0.08587
V233	0.08636	0	0.1677	0.0763	0.66965
V234	0.05145	0.39486	0.23303	0.23037	0.09029
V235	0.79525	0.07841	0	0.02871	0.09762
V236	0.15007	0	0.59251	0.13577	0.12165
V237	0.19751	0.05563	0.26618	0.22872	0.25196
V238	0.00857	0	0.01777	0.252	0.72165
V239	0.09876	0.44526	0.0874	0.094	0.27458
V240	0.0991	0.75637	0.07845	0	0.06609
V241	0.08396	0.79694	0.08211	0	0.03698
V242	0.07708	0.32123	0.3099	0.17498	0.11681
V243	0.56213	0	0.24762	0.00977	0.18048
V244	0.0672	0.42223	0.21989	0.02988	0.2608
V245	0.08487	0.78579	0.09643	0	0.03291
V246	0.57923	0.28388	0.01216	0	0.12473
V247	0.30705	0.02129	0.56681	0.01642	0.08843
V248	0.12961	0.59418	0.07375	0	0.20246
V249	0.34501	0.0554	0.18855	0.05634	0.3547
V250	0.05601	0	0.65208	0.00741	0.2845
V251	0.29047	0.02907	0.07286	0.44437	0.16323
V252	0.07686	0.04424	0.59112	0.09455	0.19323
V253	0.31876	0.52892	0.08932	0.00577	0.05723
V254	0.4943	0.38289	0.00528	0.03955	0.07799
V255	0.72072	0.12809	0	0.01996	0.13123
V256	0.075	0.71091	0.08305	0	0.13103
V257	0.47134	0.29621	0.11067	0.00744	0.11434
V258	0.20865	0.35873	0.06138	0.28299	0.08825
V259	0.53778	0.26338	0.12093	0	0.07791
V260	0.35249	0.02941	0.09537	0.05426	0.46847
V261	0.04366	0	0.51021	0.23075	0.21538
V262	0.80526	0.08836	0	0.01404	0.09234
V263	0.71531	0.13059	0	0.06556	0.08853
V264	0.10261	0.77936	0.08222	0	0.03581
V265	0.74936	0.13188	0.01926	0.01238	0.08711
V266	0.01768	0	0.08194	0.04064	0.85973
V267	0.0677	0	0.01032	0.14405	0.77794
V268	0.25133	0.42272	0.14227	0.09029	0.0934
V269	0.15578	0.30162	0.34905	0.10859	0.08496
V270	0.06546	0.01587	0.02732	0.72987	0.16148
V271	0.23959	0.64673	0.05436	0	0.05932
V272	0.13428	0.72734	0.08167	0	0.05671
V273	0.38222	0.00285	0.14908	0.2326	0.23325
V274	0.13205	0.0416	0.042	0.1607	0.62366
V275	0.09161	0.65874	0.17542	0.02536	0.04886
V276	0.03412	0	0.68359	0.17881	0.10347
V277	0.46806	0	0.43946	0	0.09247
V278	0.01775	0	0.3651	0.38508	0.23207
V279	0.19693	0.02355	0	0.5902	0.18932
V280	0.25839	0.03939	0.0194	0.47434	0.20847
V281	0.04112	0.2817	0.06101	0.49707	0.1191
V282	0.09168	0.78978	0.08156	0	0.03698
V283	0.45487	0.00528	0.0905	0.0165	0.43284
V284	0.07615	0.05666	0.55772	0	0.30948
V285	0.47735	0.43483	0.01218	0.00787	0.06777
V286	0.15771	0	0.76837	0.00754	0.06638
V287	0.32831	0.06357	0.15054	0.20021	0.25738
V288	0.29929	0	0.52627	0	0.17444
V289	0.20257	0.27482	0.02865	0.38633	0.10762
V290	0.4277	0.40997	0.10716	0	0.05517
V291	0.43551	0.2498	0	0.21708	0.09761
V292	0.19557	0	0.39515	0.00982	0.39946
V293	0.07176	0	0.83453	0.01825	0.07546
V294	0.01358	0	0.02437	0.04101	0.92105
V295	0.02743	0	0.34052	0.43922	0.19283
V296	0.73164	0.15184	0	0.0151	0.10142
V297	0.05435	0	0.75201	0.08504	0.10861
V298	0.35997	0.02757	0	0.39905	0.21341
V299	0.33465	0.02298	0	0.50561	0.13677
V300	0.79666	0.08069	0	0.02378	0.09888
V301	0.80418	0.06896	0	0.02854	0.09832
V302	0.00814	0.0012	0.01711	0.36342	0.61013
V303	0.16603	0.17934	0.22421	0.10892	0.32149
V304	0.29045	0	0.63193	0	0.07761
V305	0.26215	0.3348	0.10208	0.04747	0.2535
V306	0.32151	0.58442	0.03722	0	0.05686
V307	0.32802	0	0.22433	0.34129	0.10636
V308	0.34181	0	0.54572	0.03761	0.07486
V309	0.64578	0.11143	0.01342	0.07067	0.15869
V310	0.0419	0.01816	0.0208	0.09874	0.8204
V311	0.02413	0.00086	0.04313	0.75661	0.17527
V312	0.13857	0.24521	0.26042	0	0.3558
V313	0.08696	0.35773	0.04028	0.20875	0.30627
V314	0.11132	0.01506	0.0047	0.31913	0.54979
V315	0.80776	0.06953	0	0.01353	0.10918
V316	0.16451	0.5135	0.23898	0	0.083
V317	0.47698	0.04195	0.39807	0	0.08301
V318	0.78604	0.06395	0	0.0136	0.13642
V319	0.19583	0	0.74492	0	0.05925
V320	0.11071	0.01424	0	0.70424	0.1708
V321	0.20374	0.31611	0.28957	0.11176	0.07883
V322	0.06548	0.20093	0.58195	0.01166	0.13999
V323	0.33337	0.17236	0.37588	0	0.11839
V324	0.05261	0.05989	0.03925	0.69032	0.15794
V325	0.62665	0.1417	0.0425	0.06653	0.12261
V326	0.06576	0	0.06595	0.12054	0.74775
V327	0.35309	0.45363	0.10318	0	0.0901
V328	0.08003	0.31731	0.18091	0.32245	0.0993
V329	0.02748	0	0.42052	0.43323	0.11877
V330	0.15243	0	0.75097	0	0.09661
V331	0.19853	0.00339	0.09833	0.07033	0.62942
V332	0.54553	0.02474	0.33659	0	0.09314
V333	0.49542	0.01228	0.24278	0.101	0.14852
V334	0.1097	0.22686	0.5464	0.03191	0.08513
V335	0.69591	0.10014	0.03409	0.02014	0.14972
V336	0.20802	0.51018	0.23519	0	0.04661
V337	0.00806	0	0.02535	0.15221	0.81438
V338	0.7069	0.05762	0.08369	0.01156	0.14022
V339	0.24684	0.48718	0.17331	0	0.09267
V340	0.05435	0.18791	0.14816	0.03276	0.57682
V341	0.07386	0.43689	0.41158	0	0.07767
V342	0.38532	0.11246	0.37556	0.05853	0.06813
V343	0.70101	0.02862	0.18051	0.00675	0.08311
V344	0.13625	0.68925	0.08977	0	0.08473
V345	0.28827	0.07241	0	0.20769	0.43162
V346	0.07808	0.30587	0.32879	0.19223	0.09503
V347	0.11893	0.5393	0.06457	0.18468	0.09252
V348	0.05367	0.09309	0.48031	0.17127	0.20166
V349	0.13263	0.2453	0.50291	0	0.11916
V350	0.15531	0.43257	0.1107	0.13176	0.16966
V351	0.27195	0	0.39197	0.23375	0.10233
V352	0.16422	0.48012	0.31451	0	0.04115
V353	0.30025	0.35354	0.05008	0.0113	0.28482
V354	0.6169	0.01629	0.28686	0	0.07995
V355	0.14177	0	0.3179	0.42278	0.11755
V356	0.16936	0	0.74482	0	0.08582
V357	0.0874	0	0.52924	0.00302	0.38034
V358	0.03903	0.04994	0.03057	0.71652	0.16394
V359	0.074	0.15902	0.00834	0.61935	0.13929
V360	0.68596	0.09338	0.03846	0.09175	0.09045
V361	0.35489	0.44814	0.08814	0	0.10883
V362	0.7683	0.05857	0.03562	0.00409	0.13342
V363	0.04137	0.03188	0.01931	0.13473	0.77271
V364	0.05838	0.34824	0.0493	0.30867	0.23541
V365	0.01084	0.02878	0.00817	0.75474	0.19747
V366	0.314	0	0.52506	0.02469	0.13625
V367	0.2961	0.22026	0.19588	0.09428	0.19347
V368	0.71005	0.12212	0.0613	0.0053	0.10122
V369	0.09245	0.60507	0.24226	0.02169	0.03852
V370	0.03581	0.18219	0.15539	0.2701	0.35651
V371	0.09238	0.77045	0.10669	0	0.03047
V372	0.65073	0.10046	0.08463	0.06543	0.09875
V373	0.16338	0.60971	0.15101	0.02962	0.04628
V374	0.17293	0	0.38182	0.34692	0.09834
V375	0.41198	0	0.47676	0.03901	0.07225
V376	0.01825	0	0.41058	0.00544	0.56574
V377	0.14247	0.49084	0.21612	0.09451	0.05606
V378	0.17751	0.50737	0.18078	0	0.13435
V379	0.03298	0	0.11738	0.07295	0.7767
V380	0.02843	0.03295	0.19878	0.42221	0.31763
V381	0.20657	0.0661	0.00873	0.0184	0.7002
V382	0.48042	0.02227	0	0.20368	0.29363
V383	0.0519	0	0.26269	0.5566	0.1288
V384	0.37392	0.04719	0.13687	0.29844	0.14358
V385	0.1218	0.12692	0.02112	0.01656	0.7136
V386	0.64154	0.06214	0	0.19062	0.1057
V387	0.33485	0.05064	0	0.46566	0.14884
V388	0.09334	0.75813	0.09709	0.01059	0.04086
V389	0.15368	0.70403	0.07183	0	0.07045
V390	0.23749	0.02272	0	0.52073	0.21905
V391	0.64587	0.19084	0	0.04524	0.11805
V392	0.7902	0.09725	0	0.01862	0.09393
V393	0.15301	0.00207	0.15359	0.43255	0.25878
V394	0.69283	0.06121	0	0.09843	0.14753
V395	0.01008	0	0.3706	0.4906	0.12872
V396	0.60512	0.02009	0.29298	0	0.0818
V397	0.64237	0.18272	0.00432	0.06519	0.10541
V398	0.09187	0	0.15276	0.55051	0.20486
V399	0.05593	0.03974	0.00702	0.23284	0.66448
V400	0.21714	0.50431	0.16137	0.06774	0.04945
V401	0.43086	0	0.48796	0.00998	0.0712
V402	0.47578	0	0.35845	0.03396	0.13181
V403	0.20686	0.10853	0	0.10656	0.57805
V404	0.02881	0	0.51794	0.3163	0.13695
V405	0.38883	0.28063	0.06586	0.12337	0.14131
V406	0.07277	0	0.85363	0	0.07361
V407	0.78291	0.09905	0	0.02922	0.08882
V408	0.05412	0.43977	0.04524	0.15831	0.30255
V409	0.15594	0.00095	0.05857	0.5606	0.22395
V410	0.2008	0.10744	0.33074	0.0106	0.35041
V411	0.01576	0.00522	0.01627	0.05547	0.90728
V412	0.04138	0.15686	0.17027	0.01402	0.61746
V413	0.04691	0.28796	0.18232	0.25468	0.22813
V414	0.05855	0.12527	0.00616	0.37589	0.43412
V415	0.23232	0	0.00329	0.02458	0.73981
V416	0.14973	0.11448	0.02778	0.11187	0.59614
V417	0.03826	0	0.74688	0.08694	0.12792
V418	0.51681	0.38429	0.01814	0	0.08076
V419	0.32999	0.03403	0.0075	0.09298	0.53551
V420	0.31916	0	0.08628	0.03665	0.55792
V421	0.00517	0	0.14117	0.05281	0.80085
V422	0.02095	0.01172	0.05357	0.62422	0.28955
V423	0.36697	0.17647	0.24888	0.11707	0.09061
V424	0.01258	0	0.49859	0	0.48883
V425	0.36175	0.39282	0.016	0	0.22943
V426	0.28858	0.22954	0.01887	0.30664	0.15637
V427	0.23849	0.56583	0.15317	0	0.0425
V428	0.14072	0.62195	0.11537	0.02631	0.09565
V429	0.15556	0.71539	0.06072	0.01366	0.05467
V430	0.05528	0	0.41881	0.14304	0.38288
V431	0.17304	0.37369	0.20525	0.14606	0.10195
V432	0.38334	0.07572	0.10282	0.23565	0.20248
V433	0.29531	0	0.44415	0.1583	0.10223
V434	0.31323	0.24849	0.32693	0	0.11135
V435	0.60544	0.04297	0.25498	0.01414	0.08246
V436	0.10259	0.58453	0.14287	0.00375	0.16626
V437	0.26673	0.02647	0.01942	0.13208	0.55529
V438	0.19656	0.31173	0.20086	0.1743	0.11655
V439	0.6387	0.04145	0.00697	0.19785	0.11504
V440	0.08459	0.29698	0.53767	0	0.08075
V441	0.09115	0.4961	0.37079	0	0.04196
V442	0.09244	0.78903	0.08643	0	0.0321
V443	0.80039	0.06798	0	0.03609	0.09553
V444	0.19959	0.45741	0.05707	0.19353	0.0924
V445	0.09782	0.45546	0.07297	0.28378	0.08997
V446	0.16449	0.02788	0.10011	0.45753	0.24999
V447	0.09332	0.00076	0.01268	0.39035	0.5029
V448	0.23539	0	0.01971	0.03187	0.71302
V449	0.05283	0	0.87822	0	0.06895
V450	0.29536	0.07318	0.2385	0.07941	0.31355
V451	0.32897	0.22994	0.05977	0.21616	0.16516
V452	0.01908	0	0.16113	0.63663	0.18316
V453	0.02499	0.01894	0.00605	0.40474	0.54526
V454	0.0339	0	0.67781	0.00253	0.28577
V455	0.11408	0.22571	0.30334	0.00967	0.3472
V456	0.7917	0.07353	0	0.02546	0.10931
V457	0.62812	0.23664	0.00911	0.02827	0.09786
V458	0.08499	0.31935	0.50564	0.01218	0.07784
V459	0.19504	0.07651	0.04808	0.37624	0.30412
V460	0.67882	0.06844	0.12103	0.03507	0.09664
V461	0.25469	0.29097	0.23216	0	0.22218
V462	0.06928	0.1094	0.01699	0.41132	0.39301
V463	0.27842	0.09517	0	0.49269	0.13373
V464	0.26146	0.10943	0.5704	0	0.05871
V465	0.06294	0.12195	0.03536	0.03295	0.7468
V466	0.04183	0	0.00366	0.11733	0.83718
V467	0.0828	0.3153	0.04253	0.38829	0.17108
V468	0.54429	0.29952	0.07449	0	0.08171
V469	0.03842	0.38326	0.09711	0.17857	0.30264
V470	0.75132	0.10965	0	0.04692	0.09211
V471	0.41861	0.3171	0.02628	0.07458	0.16343
V472	0.01539	0.02258	0.06312	0.03059	0.86832
V473	0.06194	0.22887	0.26812	0.21948	0.22159
V474	0.35207	0.1685	0.05004	0.29952	0.12987
V475	0.25789	0	0.53342	0	0.20869
V476	0.2236	0.03496	0.09042	0.47719	0.17383
V477	0.08401	0.79575	0.08819	0	0.03205
V478	0.24795	0.0077	0.00453	0.02264	0.71719
V479	0.755	0.11056	0	0.04263	0.09182
V480	0.18002	0.6194	0.09541	0.04075	0.06443
V481	0.29057	0.37975	0.07549	0.09583	0.15837
V482	0.15759	0.60691	0.19309	0	0.04242
V483	0.33209	0.50827	0.02763	0.04421	0.0878
V484	0.26569	0.49168	0.12517	0.0556	0.06187
V485	0.65302	0.11344	0.06389	0.0707	0.09894
V486	0.12013	0.03541	0.33263	0	0.51183
V487	0.2199	0.09201	0.39739	0.20622	0.08448
V488	0.45776	0.1057	0	0.22222	0.21432
V489	0.0718	0.15131	0.67618	0.03253	0.06817
V490	0.0383	0	0.7255	0.15264	0.08357
V491	0.06493	0.50184	0.09677	0.0447	0.29176
V492	0.0466	0.18733	0.04361	0.57176	0.1507
V493	0.02876	0.01441	0.00305	0.76944	0.18435
V494	0.39804	0.02165	0	0.39603	0.18428
V495	0.39297	0.21544	0.1816	0.09606	0.11392
V496	0.19552	0.02528	0.06068	0.01433	0.70418
V497	0.15563	0.00294	0.16699	0.08201	0.59243
V498	0.10843	0.75826	0.08808	0	0.04523
V499	0.08278	0.23005	0.28964	0.02549	0.37203
V500	0.15995	0.49167	0.13546	0.11502	0.0979
V501	0.10573	0.37743	0.04818	0.00061	0.46806
V502	0.16325	0.71051	0.09006	0	0.03619
V503	0.52599	0.01569	0.15909	0.09127	0.20796
V504	0.50073	0.24019	0	0.00143	0.25765
V505	0.6441	0.04694	0	0.05888	0.25008
V506	0.05838	0.53972	0.11714	0	0.28475
V507	0.77547	0.05621	0	0.05911	0.10921
V508	0.07792	0.60235	0.23257	0	0.08715
V509	0.095	0.47384	0.17047	0.10509	0.15559
V510	0.41332	0.46586	0.05103	0.00925	0.06053
V511	0.13677	0.2615	0.50116	0	0.10057
V512	0.20788	0.44654	0.18371	0.00388	0.15799
V513	0.20724	0.62686	0.10536	0.00139	0.05915
V514	0.01428	0	0.2269	0.04175	0.71708
V515	0.10433	0.18281	0.00357	0.57499	0.1343
V516	0.21469	0.37909	0.12088	0.20254	0.0828
V517	0.02506	0.04425	0.05247	0.71572	0.16249
V518	0.50561	0.00125	0.25609	0.12585	0.11119
V519	0.71099	0.11393	0	0.07996	0.09511
V520	0.1121	0.76074	0.08333	0.00685	0.03698
V521	0.2895	0	0.11119	0.47021	0.1291
V522	0.1181	0.13368	0.5764	0.07561	0.09621
V523	0.25017	0	0.67085	0.01157	0.06741
V524	0.43911	0	0.44718	0	0.11371
V525	0.0299	0.25011	0.06595	0.01605	0.63798
V526	0.10116	0	0.81213	0	0.08671
V527	0.14538	0.43261	0.36821	0	0.0538
V528	0.21014	0.01566	0.00777	0.61839	0.14803
V529	0.3145	0	0.61309	0	0.07241
V530	0.06761	0	0.8318	0.0171	0.08349
V531	0.2181	0.49965	0.11277	0	0.16948
V532	0.1147	0.24763	0.31264	0	0.32503
V533	0.35373	0.0209	0	0.02245	0.60292
V534	0.1708	0.10646	0	0.56456	0.15818
V535	0.73754	0.16658	0.00569	0.00343	0.08675
V536	0.20489	0.14671	0.38218	0	0.26621
V537	0.03005	0.01597	0.03327	0.03314	0.88757
V538	0.60989	0.15357	0	0.01993	0.21661
V539	0.07525	0.0666	0.68135	0.05393	0.12287
V540	0.2139	0.47012	0.11345	0.00639	0.19614
V541	0.05983	0.45684	0.07062	0.0084	0.40431
V542	0.06789	0.37673	0.14197	0.28505	0.12835
V543	0.15033	0.01001	0.6871	0.01131	0.14124
V544	0.4041	0.19771	0.15758	0.02652	0.2141
V545	0.56723	0.35974	0.00301	0.00016	0.06986
V546	0.1083	0.70238	0.12471	0	0.06461
V547	0.12929	0.71763	0.06391	0.03254	0.05664
V548	0.0157	0.09712	0.00986	0.71151	0.16581
V549	0.00703	0	0.03181	0.16539	0.79578
V550	0.0824	0.74126	0.14126	0	0.03508
V551	0.03262	0.02283	0	0.76318	0.18138
V552	0.30334	0.01889	0.01267	0.03866	0.62644
V553	0.72566	0.06506	0	0.08881	0.12048
V554	0.19406	0	0.47868	0.22826	0.099
V555	0.08262	0.78701	0.08566	0	0.04471
V556	0.11387	0.06886	0.05241	0.58587	0.17899
V557	0.3543	0.27995	0.03443	0.20995	0.12137
V558	0.04435	0	0.76019	0.10171	0.09375
V559	0.16721	0.37044	0.40033	0	0.06202
V560	0.59801	0.24746	0.0835	0	0.07103
V561	0.71117	0.03415	0.07661	0.00948	0.1686
V562	0.18909	0.03356	0.17183	0.06678	0.53874
V563	0.28386	0.26065	0.19914	0.05144	0.2049
V564	0.42427	0.04092	0.03577	0.23896	0.26008
V565	0.0106	0	0.0282	0.06947	0.89174
V566	0.35111	0.18442	0.01863	0.21102	0.23482
V567	0.0692	0	0.86118	0	0.06962
V568	0.07951	0.19816	0.44213	0.20955	0.07064
V569	0.62939	0.13124	0.06112	0.07061	0.10764
V570	0.20871	0	0.27042	0.35195	0.16891
V571	0.35744	0	0.19543	0.24328	0.20386
V572	0.75026	0.06451	0	0.01816	0.16707
V573	0.13889	0.02755	0.35528	0.28616	0.19213
V574	0.52301	0.29661	0.05417	0.04223	0.08398
V575	0.45624	0.02692	0.09824	0.0316	0.387
V576	0.08204	0.77071	0.08229	0	0.06496
V577	0.41324	0.46816	0.04382	0.01352	0.06126
V578	0.07835	0.10744	0.54437	0.15362	0.11622
V579	0.07118	0.48263	0.32718	0	0.119
V580	0.2472	0.53502	0.04464	0.10002	0.07312
V581	0.11256	0.45139	0.36538	0.02375	0.04692
V582	0.05875	0	0.87634	0	0.06491
V583	0.65142	0.02281	0.23286	0.01228	0.08062
V584	0.26313	0.4803	0.11974	0	0.13683
V585	0.09161	0.713	0.11842	0.00577	0.07121
V586	0.08399	0.6945	0.1898	0	0.03171
V587	0.09178	0.66439	0.06685	0	0.17698
V588	0.28951	0.35454	0.30611	0	0.04984
V589	0.13689	0.43976	0.07629	0.25439	0.09267
V590	0.08513	0.71867	0.07064	0	0.12556
V591	0.4418	0.45827	0.04026	0	0.05967
V592	0.04934	0	0.73006	0.00579	0.21481
V593	0.47116	0.0378	0	0.33635	0.15469
V594	0.05927	0.04092	0.69058	0.09587	0.11336
V595	0.56537	0.07851	0.02871	0.19877	0.12863
V596	0.49944	0.19142	0.15741	0.06278	0.08895
V597	0.03969	0.2468	0.03567	0.08289	0.59495
V598	0.61048	0.04468	0	0.01144	0.33341
V599	0.11388	0.4301	0.12149	0.23736	0.09718
V600	0.3687	0.00222	0.15922	0.27167	0.19819
V601	0.18999	0.14129	0.00163	0.35233	0.31476
V602	0.70565	0.19729	0	0.01213	0.08493
V603	0.18131	0.17987	0.03919	0.09076	0.50888
V604	0.05409	0	0.69719	0.06279	0.18593
V605	0.04712	0.04258	0.16438	0.06156	0.68436
V606	0.75079	0.05713	0	0.01968	0.17239
V607	0.22117	0.13913	0.02829	0.01243	0.59898
V608	0.72036	0.07226	0	0.05176	0.15562
V609	0.22952	0.34953	0.02693	0.2523	0.14172
V610	0.12615	0.64242	0.0582	0.11537	0.05786
V611	0.37908	0	0.51096	0	0.10996
V612	0.46997	0.02895	0.257	0	0.24408
V613	0.40635	0.49172	0.04605	0.00104	0.05484
V614	0.57622	0.06856	0	0.04967	0.30556
V615	0.01881	0.10027	0.15626	0.46631	0.25834
V616	0.67288	0.03683	0.08811	0.08623	0.11595
V617	0.32931	0.01891	0.42967	0.04409	0.17802
V618	0.68981	0.13574	0.02277	0.00682	0.14486
V619	0.5922	0.06235	0.10554	0	0.23992
V620	0.07814	0	0.36141	0.44173	0.11873
V621	0.20638	0.20157	0.29341	0	0.29864
V622	0.05705	0.18752	0.38318	0	0.37225
V623	0.09411	0.01509	0	0.58179	0.30901
V624	0.78569	0.06165	0	0.02383	0.12883
V625	0.01527	0.0729	0.10614	0.65504	0.15064
V626	0.13884	0	0.53394	0.22165	0.10558
V627	0.15786	0.17389	0.14061	0.01182	0.51582
V628	0.79718	0.08111	0	0.02775	0.09396
V629	0.21347	0.16911	0.56166	0	0.05576
V630	0.02797	0.22619	0.05599	0.02527	0.66459
V631	0.00635	0	0.29046	0.01647	0.68672
V632	0.08693	0.71831	0.07626	0	0.11849
V633	0.07449	0	0.09108	0.446	0.38843
V634	0.41713	0.4061	0.12249	0	0.05428
V635	0.07038	0.09346	0.22646	0.01024	0.59946
V636	0.27872	0.15265	0.29303	0.11003	0.16557
V637	0.31076	0	0.35805	0.16961	0.16158
V638	0.11408	0.49655	0.06487	0.03306	0.29145
V639	0.49866	0.3764	0.06043	0	0.06451
V640	0.15658	0.22136	0.10224	0.15012	0.3697
V641	0.13951	0.67534	0.07463	0.05153	0.05898
V642	0.68155	0.08874	0	0.13111	0.0986
V643	0.09282	0.75203	0.12297	0	0.03217
V644	0.07277	0.48001	0.06015	0.28485	0.10223
V645	0.19216	0.67663	0.06735	0.02157	0.04228
V646	0.17898	0.53369	0.06762	0.11637	0.10334
V647	0.79502	0.06621	0	0.04319	0.09558
V648	0.4772	0.14892	0	0.17185	0.20203
V649	0.34491	0.112	0.07129	0.06603	0.40577
V650	0.03585	0	0.05792	0.74344	0.16278
V651	0.18711	0.26733	0.00744	0.4282	0.10992
V652	0.43295	0.03429	0.00664	0.39247	0.13365
V653	0.41683	0.03766	0.02465	0.37162	0.14924
V654	0.04859	0.10114	0.01798	0.07054	0.76175
V655	0.24222	0.02991	0.29056	0.33126	0.10605
V656	0.15955	0.01615	0.00119	0.09851	0.7246
V657	0.06554	0.52473	0.07585	0.19095	0.14294
V658	0.03693	0.03798	0.03354	0.5182	0.37335
V659	0.02296	0.02104	0.08311	0.66914	0.20375
V660	0.09311	0.38863	0.05713	0.01694	0.44419
V661	0.08039	0.65004	0.07204	0.08091	0.11663
V662	0.06144	0.47777	0.07273	0	0.38805
V663	0.80524	0.07606	0	0.01999	0.09872
V664	0.02444	0	0.11566	0.34088	0.51902
V665	0.07821	0.5989	0.23297	0.02238	0.06754
V666	0.12581	0.74322	0.09865	0	0.03231
V667	0.08438	0.52332	0.27878	0.03498	0.07854
V668	0.60372	0.25863	0.02504	0.02605	0.08656
V669	0.47591	0.32451	0.02235	0.04048	0.13676
V670	0.13499	0.60398	0.09645	0	0.16458
V671	0.74176	0.04172	0.10711	0.02018	0.08924
V672	0.13652	0.07557	0.10327	0.23152	0.45312
V673	0.01475	0.02501	0.01705	0.1162	0.82699
V674	0.45185	0.06222	0.39342	0	0.09251
V675	0.68512	0.05321	0	0.09544	0.16624
V676	0.34888	0.05437	0.43276	0	0.16398
V677	0.08271	0.28638	0.23957	0.26086	0.13048
V678	0.07753	0.37145	0.04999	0.01565	0.48538
V679	0.02946	0	0.46213	0.39494	0.11347
V680	0.23637	0.0061	0.01112	0.27221	0.4742
V681	0.56598	0.07083	0.00715	0.19049	0.16555
V682	0.05283	0	0.87822	0	0.06895
V683	0.14515	0.10346	0.61087	0	0.14052
V684	0.08165	0.02561	0.00064	0.72706	0.16504
V685	0.05045	0	0.8132	0.0625	0.07384
V686	0.30055	0.55858	0.0878	0	0.05307
V687	0.01617	0	0.58053	0.29322	0.11008
V688	0.04276	0	0.87919	0	0.07805
V689	0.55436	0.06402	0.14317	0.06199	0.17646
V690	0.13503	0.74635	0.07929	0	0.03934
V691	0.18956	0.17136	0.04716	0.45117	0.14074
V692	0.09543	0.04004	0.00637	0.63107	0.22709
V693	0.07897	0.45797	0.41891	0	0.04415
V694	0.12114	0.24563	0.05116	0.42035	0.16172
V695	0.18809	0.11773	0.16468	0.0054	0.5241
V696	0.20268	0	0.64346	0	0.15385
V697	0.16955	0.08959	0.32236	0.23875	0.17975
V698	0.02311	0	0.19611	0.02023	0.76054
V699	0.04901	0.00882	0.05134	0.56463	0.3262
V700	0.09919	0.71661	0.1206	0	0.06359
V701	0.02856	0.22747	0.04803	0.02039	0.67556
V702	0.03211	0.16818	0.01571	0.53157	0.25243
V703	0.02569	0.02939	0.02249	0.74967	0.17276
V704	0.0928	0	0.43723	0.00068	0.46929
V705	0.7899	0.08033	0	0.02151	0.10825
V706	0.21607	0.16599	0.15993	0.30092	0.15709
V707	0.19686	0.15001	0.08148	0.18666	0.38499
V708	0.08083	0.52571	0.35841	0	0.03506
V709	0.01361	0	0.05234	0.03429	0.89975
V710	0.20677	0	0.44678	0	0.34645
V711	0.07822	0	0.01853	0.04426	0.85899
V712	0.12252	0	0.66495	0.12695	0.08558
V713	0.30812	0.37829	0.26644	0	0.04714
V714	0.07424	0.00121	0.011	0.03852	0.87502
V715	0.07028	0.22376	0.59819	0.04796	0.05981
V716	0.66728	0.21439	0	0.02675	0.09158
V717	0.45323	0.183	0.1007	0.00378	0.25929
V718	0.68942	0.02512	0.17449	0.0011	0.10987
V719	0.44305	0.2536	0.08699	0.05892	0.15744
V720	0.18252	0.02906	0.10154	0.03523	0.65166
V721	0.03699	0	0.0541	0.04317	0.86575
V722	0.04087	0.2922	0.08495	0.35027	0.23171
V723	0.15614	0.25373	0.12427	0.35235	0.1135
V724	0.16916	0.62221	0.08254	0.07335	0.05274
V725	0.04248	0	0.01829	0.03772	0.90151
V726	0.26231	0.48651	0.07913	0.01166	0.1604
V727	0.05486	0	0.86996	0	0.07518
V728	0.74486	0.06722	0.0563	0.04074	0.09087
V729	0.6031	0.16019	0	0.13971	0.097
V730	0.19763	0	0.35983	0.29079	0.15176
V731	0.01061	0.02067	0.0629	0.74229	0.16354
V732	0.02906	0.01631	0.00362	0.7733	0.17771
V733	0.08998	0	0.83798	0	0.07204
V734	0.55998	0.0785	0.26088	0.01658	0.08406
V735	0.12018	0.161	0.24457	0.00492	0.46934
V736	0.01695	0.04552	0.02793	0.03602	0.87357
V737	0.80202	0.0811	0	0.01928	0.09759
V738	0.05318	0.49922	0.06733	0	0.38027
V739	0.03087	0.04127	0	0.75441	0.17346
V740	0.29597	0.08917	0.10639	0.00933	0.49913
V741	0.53871	0.05856	0	0.20439	0.19834
V742	0.13685	0	0.51926	0.11348	0.23041
V743	0.0431	0.03956	0.09851	0.09956	0.71928
V744	0.27233	0.06501	0.15329	0.3675	0.14186
V745	0.22861	0.0395	0.03081	0.55971	0.14137
V746	0.36922	0.50929	0.04984	0	0.07164
V747	0.08664	0	0.8349	0	0.07847
V748	0.23869	0.19884	0.27433	0.01763	0.27051
V749	0.25422	0.12174	0.11482	0.30014	0.20907
V750	0.67081	0.21981	0	0.0289	0.08048
V751	0.10159	0.31437	0.53573	0	0.04831
V752	0.03735	0.15946	0.05157	0.02334	0.72828
V753	0.59449	0.06136	0.17302	0.01133	0.1598
V754	0.15553	0.37917	0.02495	0.3421	0.09826
V755	0.25268	0.6285	0.07522	0	0.0436
V756	0.03474	0.13339	0.0471	0.06039	0.72438
V757	0.24441	0	0.08295	0.53404	0.13861
V758	0.09888	0.48233	0.03564	0.29553	0.08763
V759	0.13676	0.01193	0.11881	0.01089	0.72162
V760	0.12644	0	0.22896	0.19764	0.44696
V761	0.13942	0.18214	0.62623	0	0.05221
V762	0.02743	0.01434	0.2029	0.33008	0.42525
V763	0.04953	0.33062	0.04461	0.00556	0.56968
V764	0.16145	0.0769	0.07832	0.54195	0.14138
V765	0.27123	0	0.5751	0.01141	0.14226
V766	0.1297	0.46704	0.25601	0.00129	0.14597
V767	0.31107	0.4626	0.07812	0.00732	0.14089
V768	0.10351	0.74904	0.10719	0.00071	0.03956
V769	0.73563	0.04975	0.10291	0.00297	0.10874
V770	0.41622	0	0.39948	0.09906	0.08524
V771	0.10726	0.69125	0.06792	0.02904	0.10452
V772	0.11771	0	0.82202	0	0.06027
V773	0.04225	0	0.00877	0.16582	0.78316
V774	0.24432	0	0.46308	0	0.29261
V775	0.79917	0.06239	0	0.03875	0.0997
V776	0.38964	0.39992	0.13617	0	0.07427
V777	0.27956	0.36069	0.22519	0.04329	0.09127
V778	0.55758	0.09843	0	0.1344	0.20959
V779	0.13654	0.35896	0.45352	0	0.05098
V780	0.0713	0	0.86417	0	0.06452
V781	0.23602	0.30825	0.17525	0	0.28048
V782	0.2896	0.28152	0.03136	0	0.39752
V783	0.01654	0	0.63158	0.00748	0.34439
V784	0.06677	0.62945	0.05705	0.13252	0.11421
V785	0.6496	0.17522	0	0.05894	0.11624
V786	0.21438	0.25431	0.0186	0.38953	0.12318
V787	0.1774	0.58857	0.04515	0.09143	0.09744
V788	0.39663	0.39846	0.06923	0	0.13568
V789	0.02152	0.21707	0.02848	0.30506	0.42787
V790	0.34036	0.25548	0.06465	0.05933	0.2802
V791	0.23823	0.25146	0.08488	0.11586	0.30957
V792	0.80574	0.0827	0	0.0122	0.09936
V793	0.37696	0.29229	0.05351	0.04339	0.23384
V794	0.02286	0	0.12631	0.15958	0.69125
V795	0.15973	0.72402	0.07262	0	0.04362
V796	0.33881	0.4036	0.10438	0.07156	0.08164
V797	0.20337	0	0	0.04409	0.75253
V798	0.17667	0.52499	0.0465	0.03169	0.22015
V799	0.04831	0.20972	0.06438	0.51492	0.16267
V800	0.03971	0.00314	0.02737	0.12213	0.80766
V801	0.46084	0.01547	0.08848	0.30124	0.13398
V802	0.05609	0.2527	0.0457	0.01461	0.6309
V803	0.36764	0.06283	0	0.42613	0.14341
V804	0.26994	0.17209	0.18782	0.24343	0.12672
V805	0.2357	0.09647	0.418	0.09835	0.15149
V806	0.55233	0.01913	0.14605	0.03718	0.24531
V807	0.71453	0.05164	0.01812	0.03355	0.18216
V808	0.77848	0.06635	0	0.01039	0.14479
V809	0.23295	0.5764	0.06141	0	0.12925
V810	0.03914	0.07181	0.04729	0.38509	0.45667
V811	0.07525	0.12325	0.03885	0.09225	0.6704
V812	0.07974	0.622	0.21493	0.02224	0.06109
V813	0.06467	0.23139	0.25003	0	0.4539
V814	0.24127	0.53139	0.08909	0.07102	0.06722
V815	0.25528	0.62039	0.06765	0.00831	0.04837
V816	0.05662	0.54821	0.05466	0.24476	0.09575
V817	0.74951	0.07571	0.07239	0.01746	0.08493
V818	0.08762	0.18946	0.38146	0.00413	0.33733
V819	0.80067	0.0806	0	0.02594	0.0928
V820	0.11242	0.38961	0.14541	0.25216	0.1004
V821	0.01727	0.00539	0.017	0.0466	0.91374
V822	0.25084	0.03883	0	0.57024	0.1401
V823	0.08599	0.05974	0.26417	0	0.5901
V824	0.10243	0.02889	0.03443	0.02407	0.81018
V825	0.24132	0	0.56552	0.12009	0.07307
V826	0.10048	0	0.83811	0	0.06141
V827	0.38978	0.19325	0	0.24541	0.17157
V828	0.31666	0.16488	0.10607	0.03096	0.38143
V829	0.15506	0.05673	0.32571	0.11788	0.34462
V830	0.23872	0	0.6051	0	0.15618
V831	0.07805	0.69427	0.10584	0.06302	0.05882
V832	0.29328	0	0.05321	0.18546	0.46804
V833	0.20951	0.6724	0.05865	0	0.05944
V834	0.69115	0.18013	0.00014	0.0148	0.11378
V835	0.30573	0.30701	0.09155	0.15764	0.13807
V836	0.46803	0.03924	0.3581	0.05563	0.07901
V837	0.08262	0.7532	0.08447	0	0.07971
V838	0.00862	0	0.08001	0.73917	0.1722
V839	0.05978	0.01375	0.09706	0.02005	0.80936
V840	0.80931	0.07298	0	0.02301	0.0947
V841	0.32384	0	0.60845	0	0.06772
V842	0.57731	0.0581	0.14331	0.1221	0.09918
V843	0.54241	0.01209	0.10828	0.04626	0.29097
V844	0.08746	0.07539	0.76288	0	0.07426
V845	0.03919	0.01326	0.00152	0.52771	0.41831
V846	0.16836	0.02631	0.11402	0.05579	0.63552
V847	0.29448	0	0.04434	0.10171	0.55947
V848	0.69039	0.08583	0	0.05911	0.16466
V849	0.2298	0	0.63712	0	0.13309
V850	0.31552	8e-04	0.27591	0.09859	0.30919
V851	0.80138	0.07358	0	0.02315	0.10189
V852	0.32442	0.07268	0.06995	0.11937	0.41358
V853	0.09858	0.04867	0.63336	0.08362	0.13577
V854	0.09234	0.35147	0.2712	0.02895	0.25605
V855	0.15313	0.40702	0.11692	0.18847	0.13447
V856	0.20685	0.40674	0.08147	0	0.30494
V857	0.12385	0.02254	0.18367	0.33849	0.33145
V858	0.05903	0.36657	0.22068	0.12721	0.22652
V859	0.18416	0.03134	0.00722	0.6043	0.17297
V860	0.06116	0.18078	0.0824	0.50584	0.16983
V861	0.21071	0.0182	0.11915	0.51927	0.13266
V862	0.09497	0	0.02284	0.10119	0.781
V863	0.08306	0.78126	0.09047	0	0.0452
V864	0.09328	0	0.8109	0.03207	0.06375
V865	0.15213	0	0.58569	0.18414	0.07804
V866	0.08104	0	0.64957	0.17058	0.09881
V867	0.60178	0.07075	0	0.00907	0.3184
V868	0.31562	0.1908	0.35804	0.05515	0.08039
V869	0.02257	0	0.02467	0.04303	0.90973
V870	0.33304	0.1954	0.07707	0.15366	0.24083
V871	0.05888	0.03378	0.13017	0.08783	0.68935
V872	0.44609	0.07612	0	0.32814	0.14965
V873	0.09682	0.34939	0.17177	0.24971	0.13231
V874	0.1331	0.06112	0.01504	0.02911	0.76164
V875	0.02202	0.24032	0.0462	0.37528	0.31617
V876	0.53984	0.0915	0.03058	0.00857	0.3295
V877	0.26088	0.58481	0.07073	0.02748	0.05609
V878	0.07387	0.66553	0.09609	0.10563	0.05889
V879	0.78534	0.09828	0	0.02315	0.09323
V880	0.11628	0.10507	0.03057	0.34009	0.40799
V881	0.02705	0	0.53396	0	0.43899
V882	0.07632	0.51213	0.05413	0.28079	0.07663
V883	0.52329	0.2145	0	0.10776	0.15446
V884	0.01657	0	0.01249	0.06149	0.90945
V885	0.26258	0.02302	0.38282	0.06342	0.26817
V886	0.0031	0	0.03199	0.21314	0.75176
V887	0.12449	0.74882	0.07603	0	0.05066
V888	0.08689	0.13273	0.0615	0.54067	0.17821
V889	0.15289	0.71388	0.08939	0	0.04384
V890	0.05045	0	0.14879	0.55803	0.24273
V891	0.05818	0	0.87685	0	0.06497
V892	0.57819	0.26388	0.00527	0	0.15267
V893	0.23799	0.12934	0.48635	0.03191	0.11441
V894	0.14523	0.53211	0.08594	0.14352	0.0932
V895	0.69605	0.02524	0.17817	0.01402	0.08651
V896	0.28323	0.21996	0.21977	0.19506	0.08198
V897	0.00611	0	0.04415	0.6733	0.27644
V898	0.47723	0.02804	0	0.02731	0.46741
V899	0.54792	0.30862	0.05688	0	0.08657
V900	0.33068	0.22089	0.24583	0.11544	0.08716
V901	0.64287	0.10175	0	0.11213	0.14325
V902	0.75978	0.10084	0	0.02839	0.11098
V903	0.34958	0.09806	0.05054	0.36013	0.14169
V904	0.69556	0.12658	0.08672	0	0.09113
V905	0.04862	0.36196	0.10091	0.22303	0.26547
V906	0.24974	0	0.44839	0.03492	0.26695
V907	0.68087	0.15245	0.02325	0.03584	0.10759
V908	0.05123	0.38452	0.08036	0.34682	0.13707
V909	0.03155	0.15511	0.02077	0.58923	0.20334
V910	0.63379	0.20319	0	0.0374	0.12562
V911	0.10115	0.20215	0.52095	0	0.17576
V912	0.05537	0	0.18071	0.06293	0.70099
V913	0.20603	0.02825	0.06223	0.52138	0.18211
V914	0.71055	0.08821	0	0.07875	0.1225
V915	0.25959	0.21682	0.06359	0	0.46001
V916	0.7498	0.06803	0.04996	0.00867	0.12353
V917	0.50796	0.073	0	0.02214	0.3969
V918	0.59974	0.15059	0.14967	0.01307	0.08692
V919	0.46503	0.20258	0	0.17286	0.15952
V920	0.26339	0.00018	0.10367	0.5004	0.13236
V921	0.26114	0.20527	0.12297	0	0.41062
V922	0.08103	0	0.65684	0	0.26213
V923	0.19924	0.48745	0.05676	0.01144	0.2451
V924	0.52854	0.14765	0	0.15791	0.16591
V925	0.23865	0.0645	0.46193	0.09903	0.13588
V926	0.03023	0.01837	0.02399	0.04176	0.88565
V927	0.53897	0.25973	0.07738	0.04296	0.08095
V928	0.18479	0.26641	0.22705	0.10279	0.21895
V929	0.08899	0.32893	0.03926	0.0015	0.54131
V930	0.11137	0	0.06503	0.02088	0.80272
V931	0.52437	0.17634	0	0.02745	0.27184
V932	0.07279	0.14077	0.06305	0.24997	0.47342
V933	0.39375	0.00358	0.03232	0.20041	0.36993
V934	0.66969	0.08151	0.16496	0.00454	0.07929
V935	0.60107	0.13565	0.08119	0.03096	0.15113
V936	0.38974	0.07982	0.0904	0.30363	0.13642
V937	0.1794	0.63467	0.12878	0	0.05715
V938	0.11718	0.75986	0.09026	0	0.03269
V939	0.00506	0	0.01682	0.29293	0.68519
V940	0.59629	0.11242	0.04677	0.02998	0.21454
V941	0.03289	0.14338	0.15021	0.36895	0.30457
V942	0.65961	0.24971	0	0.01256	0.07811
V943	0.07794	0.11481	0.07947	0.01855	0.70922
V944	0.42317	0.03752	0.08432	0.33282	0.12218
V945	0.12448	0.19512	0.58188	0.00105	0.09747
V946	0.08834	0.42753	0.44174	0	0.0424
V947	0.47783	0.04847	0.00279	0.08448	0.38643
V948	0.11848	0.66162	0.09337	0.04214	0.08439
V949	0.75967	0.14303	0	0.01057	0.08673
V950	0.09635	0.02986	0.01524	0.70115	0.1574
V951	0.37728	0.05021	0	0.35969	0.21282
V952	0.18986	0.0445	0.03539	0.50117	0.22908
V953	0.51018	0.13016	0	0.2302	0.12947
V954	0.28057	0.506	0.08389	0.01482	0.11472
V955	0.1319	0	0.51458	0.25867	0.09485
V956	0.06725	0.48943	0.13022	0.22604	0.08706
V957	0.14999	0.68508	0.10169	0.01465	0.0486
V958	0.09294	0.76357	0.08078	0.00286	0.05985
V959	0.14952	0	0.73208	0.02722	0.09119
V960	0.57693	0.07365	0.09937	0.06205	0.18801
V961	0.09036	0.76378	0.08099	0	0.06486
V962	0.25736	0.14613	0.00206	0.04706	0.54738
V963	0.03895	0	0.42019	0.40804	0.13282
V964	0.05486	0	0.86996	0	0.07518
V965	0.00594	0	0.435	0.39751	0.16155
V966	0.05054	0	0.49074	0.05274	0.40598
V967	0.36232	0.47189	0.0282	0	0.13759
V968	0.09242	0.78682	0.08351	0	0.03725
V969	0.17418	0.48456	0.15737	0.0534	0.13049
V970	0.23246	0.32575	0.38289	0	0.0589
