Neutrophils	Monocytes_CD14.CD16.	Macrophage	T_cells_.CD4..	NK_cells
V1	0.36775	0.1321	0.21353	0.14292	0.1437
V2	0.09006	0.74854	0.02549	0.03006	0.10586
V3	0.08156	0.01142	0.38681	0.42096	0.09925
V4	0	0.04765	0.22465	0.17604	0.55165
V5	0	0.04014	0.04677	0.25005	0.66304
V6	0.37361	0.02335	0.23473	0.23566	0.13265
V7	0.0021	0.06385	0.39807	0.15448	0.38149
V8	0.01621	0.03378	0.79343	0.0755	0.08107
V9	0.06868	0	0.21727	0.60638	0.10767
V10	0.51395	0.02859	0.40678	0	0.05067
V11	0.02312	0.06032	0.08896	0.20366	0.62394
V12	0.08966	0.02116	0.19395	0.37077	0.32447
V13	0.14438	0.05175	0.01672	0.47159	0.31555
V14	0.17222	0	0.04389	0.6295	0.15439
V15	0.03558	0	0	0.81831	0.14611
V16	0.59258	0.05579	0	0.28658	0.06505
V17	0.07285	0.28552	0	0.15105	0.49057
V18	0.11568	0.40371	0.21082	0.1843	0.08549
V19	0.01261	0.04542	0	0.26491	0.67706
V20	0.0064	0.0095	0.65839	0.23072	0.09498
V21	0.02775	0.28294	0.10787	0.22439	0.35705
V22	0.83994	0.07555	0.04201	0	0.0425
V23	0.07439	0.05185	0.00512	0.26817	0.60048
V24	0.49978	0.13657	0	0.08359	0.28006
V25	0.0229	0.04144	0	0.50714	0.42853
V26	0.51819	0.21031	0.03523	0.05181	0.18445
V27	0.15495	0.50369	0.14901	0.01177	0.18058
V28	0.04436	0.06118	0.16605	0.60146	0.12695
V29	0.00996	0	0.28256	0.5895	0.11798
V30	0.76852	0.10563	0.00577	0.01768	0.10241
V31	0.45201	0.13775	0	0.2357	0.17453
V32	0.93676	0	0	0	0.06324
V33	0.02113	0.23612	0	0.22125	0.5215
V34	0.15088	0.77853	0	0	0.07059
V35	0.12712	0.59089	0.20874	0	0.07325
V36	0.0285	0.20872	0.14822	0.17737	0.43719
V37	0.78367	0	0	0.03236	0.18397
V38	0.14226	0.03356	0.42805	0.22509	0.17104
V39	0.37114	0.0498	0.29801	0.04551	0.23554
V40	0.25901	0.57713	0	0.07239	0.09148
V41	0.08382	0.7969	0	0	0.11929
V42	0.88965	0.03443	0.00222	0	0.0737
V43	0.52747	0.12236	0.29702	0.00254	0.05062
V44	0.05116	0.29766	0.5005	0.00794	0.14274
V45	0.07058	0.64259	0.06481	0.11293	0.10909
V46	0.15019	0.7252	0.03896	0	0.08565
V47	0.00342	0.03559	0.86468	0.00684	0.08947
V48	0.19207	0.12553	0.18363	0.33654	0.16223
V49	0.50522	0.13751	0.18355	0.11494	0.05879
V50	0.02861	0.05191	0.83882	0.00086	0.0798
V51	0.12458	0.28756	0.16873	0.11092	0.30821
V52	0.08813	0.83452	0	0	0.07735
V53	0.04692	0.14218	0	0.68703	0.12388
V54	0.22818	0	0	0.55991	0.21191
V55	0.0779	0	0	0.7914	0.1307
V56	0.07377	0	0	0.73699	0.18924
V57	0.18334	0.13813	0.50462	0.0337	0.14021
V58	0.07235	0.01167	0.12092	0.31689	0.47818
V59	0.88267	0.01618	0.06448	0	0.03666
V60	0.4644	0.20045	0.09217	0.1179	0.12508
V61	0.21257	0.02381	0.00902	0.31913	0.43546
V62	0.06214	0.04521	0.27691	0.22354	0.3922
V63	0.43817	0.26716	0.03599	0.05112	0.20756
V64	0.94204	0.01403	0.0054	0	0.03853
V65	0.10252	0.06813	0.0172	0.61707	0.19509
V66	0.03629	0	0.10052	0.7346	0.12859
V67	0	0.04151	0.3203	0.19732	0.44088
V68	0.5121	0.00947	0.34786	0.03322	0.09736
V69	0.63644	0.11545	0.16183	0.00631	0.07998
V70	0.09613	0.67262	0.0169	0.11935	0.095
V71	0.1311	0.73851	0.01704	0.0285	0.08485
V72	0.05313	0.43505	0.00371	0.1031	0.40502
V73	0.06838	0	0.07734	0.60764	0.24665
V74	0.02629	0.04176	0	0.7558	0.17615
V75	0.51344	0.17737	0.25786	0	0.05133
V76	0.01776	0	0	0.80882	0.17341
V77	0.02653	0.02691	0.82495	0.04189	0.07972
V78	0.00409	0.04338	0.85094	0.01346	0.08813
V79	0.10211	0.41402	0.01707	0.17728	0.28952
V80	0.15835	0.68644	0	0.03069	0.12452
V81	0.01538	0.03506	0.86284	0.00397	0.08275
V82	0.26212	0.13976	0.00592	0.49346	0.09874
V83	0.11296	0.073	0.0013	0.56614	0.2466
V84	0.10107	0.19893	0	0.16969	0.53032
V85	0.00369	0.03508	0.86332	0.01357	0.08434
V86	0.04454	0.23831	0.25547	0.36157	0.10011
V87	0.4827	0	0.01845	0.41254	0.0863
V88	0.34201	0.16635	0.02839	0.22538	0.23786
V89	0.05776	0.11158	0.72398	0.03205	0.07464
V90	0.01834	0.2185	0.03911	0.21645	0.50759
V91	0.01709	0	0.05363	0.79471	0.13457
V92	0.26414	0.06488	0.00897	0.16499	0.49702
V93	0.01972	0.07989	0.13385	0.54006	0.22649
V94	0.04459	0.19222	0.00308	0.33186	0.42826
V95	0.07203	0.26355	0.00219	0.20219	0.46004
V96	0.829	0.00781	0.00693	0.03046	0.12579
V97	0.17613	0.05425	0.02667	0.23613	0.50682
V98	0.07442	0.38386	0.14827	0.15172	0.24173
V99	0.53679	0.1177	0	0.21221	0.13331
V100	0.57321	0.16575	0.02707	0.06359	0.17037
V101	0.09646	0.82772	0	0	0.07582
V102	0.34741	0.24478	0.10413	0.11919	0.18449
V103	0.13173	0.02118	0	0.20958	0.63751
V104	0.06519	0.4382	0.06121	0.08776	0.34764
V105	0	0.05047	0.02819	0.25894	0.6624
V106	0.08485	0.71503	0.10971	0	0.0904
V107	0.0687	0.2192	0.59927	0.03494	0.07789
V108	0.02998	0.18385	0.71148	0	0.0747
V109	0.07374	0.22709	0.03456	0.33553	0.32909
V110	0.21305	0.48208	0.14323	0.0814	0.08024
V111	0.32289	0.21947	0.40854	0	0.04911
V112	0.19581	0	0.07867	0.50184	0.22368
V113	0.26548	0.01419	0.0858	0.24405	0.39048
V114	0.60527	0.07119	0.02624	0.17071	0.12659
V115	0.88739	0	0	0.01019	0.10242
V116	0	0.04253	0	0.24469	0.71278
V117	0.06228	0.02681	0.73549	0.08425	0.09117
V118	0.04671	0	0	0.8061	0.14718
V119	0.3664	0.01276	0.33652	0.21944	0.06488
V120	0.01502	0.01832	0.74425	0.11852	0.10388
V121	0.22604	0.6699	0	0	0.10406
V122	0.0552	0.38987	0.05998	0.25635	0.23859
V123	0.52917	0.03839	0.05104	0.20735	0.17405
V124	0.23887	0.12022	0.03978	0.28469	0.31644
V125	0.06612	0.43462	0.42524	0	0.07402
V126	0.18155	0.19743	0.18696	0.16215	0.27191
V127	0.31682	0.0059	0.57674	0.03896	0.06159
V128	0.23355	0.69643	0	0	0.07002
V129	0.29937	0.04044	0.23237	0.21019	0.21764
V130	0.05637	0.49704	0.01822	0.22913	0.19924
V131	0.02525	0	0.1909	0.66609	0.11776
V132	0.37769	0.00562	0	0.37358	0.24311
V133	0.00524	0.07166	0.51313	0.14453	0.26544
V134	0.08591	0.03933	0.71337	0.03646	0.12492
V135	0.033	0.11385	0.66305	0.04274	0.14736
V136	0.95814	0	0	0	0.04186
V137	0.90733	0.02141	0	0.01392	0.05734
V138	0.27915	0.15606	0.05609	0.1959	0.3128
V139	0.13264	0	0.11844	0.63752	0.11139
V140	0.01978	0.02867	0.14712	0.19771	0.60673
V141	0.03473	0.21853	0.57553	0.08803	0.08319
V142	0.24249	0.00384	0.29831	0.18821	0.26713
V143	0.03237	0.20181	0.42997	0.16245	0.1734
V144	0.53868	0.20924	0.04167	0.10597	0.10445
V145	0.00401	0.04116	0.83934	0.02277	0.09273
V146	0.05344	0.33888	0	0.33999	0.26769
V147	0.11626	0.07195	0.6142	0.10527	0.09233
V148	0.19023	0.72479	0	0	0.08498
V149	0.017	0	0	0.81326	0.16975
V150	0.17346	0.19893	0.51901	0	0.1086
V151	0.45657	0	0	0.39724	0.14619
V152	0.02159	0	0.08272	0.72681	0.16889
V153	0.20256	0.18884	0.40331	0.05854	0.14675
V154	0.1513	0.59042	0.00113	0.04517	0.21198
V155	0.04694	0	0.09958	0.72652	0.12696
V156	0.11517	0.03971	0.36264	0.2112	0.27128
V157	0.10501	0.05276	0.14492	0.35537	0.34193
V158	0.22739	0.01044	0.41038	0.09886	0.25294
V159	0.1383	0.19648	0	0.54083	0.12439
V160	0.49832	0.16646	0.06802	0.06714	0.20006
V161	0.23775	0.04747	0.0441	0.15562	0.51506
V162	0.00506	0.04569	0.85998	0.00506	0.0842
V163	0.04698	0.0383	0	0.2493	0.66542
V164	0.91831	0.04527	0	0	0.03642
V165	0.63736	0.20222	0.05587	0.03055	0.07399
V166	0.06389	0	0.19893	0.5806	0.15658
V167	0.06858	0.62534	0	0.12694	0.17914
V168	0.00506	0.04569	0.85998	0.00506	0.0842
V169	0.09137	0.65255	0.11876	0.04868	0.08864
V170	0.27939	0.37172	0.02824	0.17925	0.1414
V171	0.34898	0.07818	0.31009	0.16862	0.09413
V172	0.20774	0.25044	0.0495	0.11194	0.38037
V173	0.23927	0.09541	0.06395	0.41127	0.1901
V174	0.24245	0	0.31505	0.23806	0.20444
V175	0.08875	0.16427	0.09774	0.26781	0.38143
V176	0.383	0	0	0.5274	0.0896
V177	0.22719	0.03055	0.50403	0.16524	0.07299
V178	0.3201	0.04236	0.40452	0.11865	0.11438
V179	0.09675	0.04267	0	0.21266	0.64791
V180	0.02202	0.04565	0.33081	0.13916	0.46237
V181	0.07673	0.3	0	0.17078	0.4525
V182	0.58499	0.20429	0	0.13139	0.07933
V183	0.10524	0.81765	0	0	0.07712
V184	0.35461	0	0.25064	0.30774	0.08702
V185	0.13302	0.4816	0.00024	0.16143	0.2237
V186	0.15622	0.19276	0.00744	0.31527	0.32831
V187	0.11537	0.62899	0	0.16359	0.09205
V188	0.85786	0.01992	0.0138	0.06273	0.04569
V189	0.48497	0.21988	0.01159	0.2132	0.07036
V190	0.46275	0.07444	0.18542	0.05532	0.22208
V191	0.24296	0.19825	0	0.40085	0.15794
V192	0.35746	0.18424	0.09509	0.21321	0.15
V193	0.09214	0.21593	0.46595	0.05924	0.16675
V194	0.29578	0.06605	0.06622	0.19722	0.37474
V195	0.60662	0.16008	0.19139	0	0.04191
V196	0	0.02978	0.04797	0.25355	0.66871
V197	0.10628	0.80531	0	0.00044	0.08797
V198	0.25953	0.22966	0.01303	0.24138	0.25639
V199	0.7963	5e-04	0.17739	0	0.02582
V200	0.80264	0	0.01091	0.0387	0.14776
V201	0.04375	0	0.00115	0.71536	0.23974
V202	0.90999	0.04772	0	0	0.04229
V203	0.56491	0.24558	0.00468	0.05314	0.13168
V204	0.37862	0.10051	0.01453	0.10705	0.3993
V205	0.12532	0.05753	0.10029	0.21621	0.50065
V206	0.06236	0.072	0	0.71949	0.14615
V207	0.03558	0	0	0.81831	0.14611
V208	0.19108	0.21956	0.41818	0.04805	0.12313
V209	0.17531	0.04792	0.08079	0.18263	0.51335
V210	0.00317	0.03406	0.8593	0.01461	0.08886
V211	0.17648	0.04619	0.18499	0.15253	0.43982
V212	0.09786	0.72283	0.04791	0.01844	0.11296
V213	0.1107	0.00584	0.04585	0.38225	0.45537
V214	0.05462	0.52981	0.32599	0	0.08957
V215	0.28526	0.23202	0.10769	0.12253	0.2525
V216	0.06209	0.06115	0.30797	0.15501	0.41378
V217	0.01353	0	0.00499	0.79357	0.1879
V218	0.09667	0.18184	0.24109	0.33601	0.14438
V219	0.16148	0.25873	0.32603	0.1742	0.07956
V220	0.22533	0.67839	0.02978	0	0.0665
V221	0.05297	0.08497	0.46555	0.08687	0.30964
V222	0.01042	0.04175	0	0.24694	0.70089
V223	0.57182	0.00091	0.2656	0.10374	0.05793
V224	0.06902	0.55441	0.00267	0.11534	0.25856
V225	0.72569	0.14829	0.09224	0	0.03378
V226	0.47685	0.47175	0	0	0.0514
V227	0.11849	0.23184	0	0.52457	0.12509
V228	0.63064	0.02025	0.22466	0.05733	0.06712
V229	0.30891	0.37815	0.21148	0.02176	0.0797
V230	0.00986	0.0322	0	0.25054	0.7074
V231	0.09811	0.58336	0.03226	0.15103	0.13524
V232	0.82537	0.00074	0.14591	0	0.02798
V233	0.06124	0.04923	0.13161	0.24333	0.51459
V234	0.04473	0.3574	0.17144	0.31721	0.10922
V235	0.94944	0.00184	0	0.00636	0.04236
V236	0.10123	0.01416	0.57503	0.19883	0.11075
V237	0.14872	0.07804	0.22584	0.34302	0.20439
V238	0.00528	0.02187	0	0.43242	0.54043
V239	0.09147	0.41049	0.02514	0.21043	0.26246
V240	0.10338	0.78408	0	0	0.11254
V241	0.08769	0.83307	0	0	0.07924
V242	0.05954	0.30957	0.24631	0.25963	0.12495
V243	0.53025	0.00944	0.28319	0.04038	0.13673
V244	0.05329	0.4166	0.15752	0.12015	0.25244
V245	0.08679	0.82463	0.00672	0	0.08185
V246	0.63623	0.25576	0.00534	0	0.10267
V247	0.22832	0.10063	0.54477	0.04467	0.08161
V248	0.12919	0.60301	0.00195	0.03648	0.22938
V249	0.2875	0.07754	0.17631	0.16461	0.29404
V250	0.02646	0.05113	0.60351	0.08591	0.23298
V251	0.24121	0.0047	0.06367	0.56141	0.12901
V252	0.0372	0.1271	0.49393	0.17349	0.16828
V253	0.3312	0.53079	0.05091	0.01346	0.07364
V254	0.53886	0.34459	0	0.05123	0.06531
V255	0.8256	0.06736	0	0.01622	0.09082
V256	0.07665	0.73328	0	0.01396	0.17611
V257	0.48147	0.28654	0.10659	0.02408	0.10133
V258	0.19268	0.2962	0.02177	0.393	0.09635
V259	0.56284	0.25174	0.13318	0	0.05223
V260	0.29408	0.04716	0.08484	0.18521	0.38871
V261	0.03044	0.02332	0.45654	0.31627	0.17343
V262	0.91294	0.0181	0.02996	0	0.039
V263	0.80559	0.06706	0	0.0823	0.04504
V264	0.10582	0.80438	0	0.00606	0.08374
V265	0.83413	0.07581	0.04954	0	0.04052
V266	0.00844	0.02995	0.07343	0.23594	0.65225
V267	0.04949	0.02518	0	0.33231	0.59302
V268	0.23464	0.40625	0.10255	0.15339	0.10317
V269	0.1177	0.31303	0.29829	0.17266	0.09832
V270	0.05953	0	0.00945	0.79929	0.13173
V271	0.25668	0.65634	0	0	0.08698
V272	0.14108	0.75806	0.00293	0	0.09793
V273	0.32126	0.00805	0.14419	0.34602	0.18048
V274	0.10286	0.06041	0.01938	0.33353	0.48382
V275	0.08183	0.66049	0.11095	0.0568	0.08993
V276	0.01806	0.01773	0.62577	0.23451	0.10394
V277	0.4106	0.00551	0.51724	0	0.06665
V278	0.01317	0.03383	0.29516	0.47271	0.18513
V279	0.1557	0	0	0.69827	0.14602
V280	0.21482	0.00523	0.01546	0.60088	0.1636
V281	0.04958	0.20057	0.01902	0.61018	0.12065
V282	0.09633	0.82554	0	0	0.07813
V283	0.4034	0.01794	0.09172	0.12105	0.36589
V284	0.03493	0.14981	0.48838	0.05976	0.26713
V285	0.52884	0.41127	0	0	0.0599
V286	0.09783	0.03909	0.75232	0.0347	0.07605
V287	0.27601	0.06263	0.13638	0.31823	0.20674
V288	0.23526	0.02177	0.5699	0.02482	0.14825
V289	0.18482	0.19885	0	0.51157	0.10477
V290	0.45327	0.41043	0.0939	0	0.04241
V291	0.43212	0.17768	0	0.31128	0.07892
V292	0.13897	0.04659	0.37435	0.11784	0.32225
V293	0.01273	0.12416	0.72556	0.04773	0.08981
V294	0	0.04454	0	0.24328	0.71218
V295	0.02508	0.01928	0.28274	0.51617	0.15673
V296	0.84817	0.09414	0	0	0.05769
V297	0.02736	0.0247	0.70328	0.1363	0.10837
V298	0.30468	0	0	0.53242	0.1629
V299	0.27277	0	0	0.62628	0.10094
V300	0.95457	0.00458	0	0	0.04085
V301	0.94281	0	0	0.01218	0.04501
V302	0.00935	0.01238	0	0.52413	0.45415
V303	0.1303	0.18339	0.17981	0.23165	0.27485
V304	0.2177	0.04444	0.66279	0	0.07506
V305	0.24139	0.32038	0.06354	0.1388	0.2359
V306	0.34928	0.58198	0	0	0.06874
V307	0.26312	0	0.22193	0.43118	0.08377
V308	0.26969	0.01561	0.58362	0.06582	0.06526
V309	0.67984	0.06011	0.02615	0.1159	0.118
V310	0.02598	0.05172	0	0.29113	0.63117
V311	0.02378	0	0.01794	0.8152	0.14307
V312	0.10871	0.27209	0.21766	0.0752	0.32634
V313	0.08322	0.29417	0	0.34849	0.27412
V314	0.09094	0.014	0	0.48105	0.41401
V315	0.94662	0	0	0	0.05338
V316	0.14535	0.53283	0.19643	0.01531	0.11008
V317	0.42669	0.08121	0.43368	0	0.05842
V318	0.91229	0	0	0	0.08771
V319	0.12358	0.06987	0.73184	0.00602	0.06868
V320	0.08454	0	0	0.78232	0.13313
V321	0.16695	0.31831	0.24911	0.17504	0.0906
V322	0.02565	0.26638	0.50627	0.05912	0.14259
V323	0.28866	0.21285	0.37183	0.01722	0.10943
V324	0.05722	0.02162	0.02137	0.7665	0.13329
V325	0.65879	0.09779	0.05634	0.10067	0.08641
V326	0.04915	0.03856	0.04032	0.30381	0.56815
V327	0.36552	0.45905	0.0742	0.00304	0.0982
V328	0.07301	0.26834	0.12711	0.423	0.10854
V329	0.01667	0.04028	0.33608	0.49632	0.11065
V330	0.09716	0.04264	0.7551	0.00401	0.10109
V331	0.15005	0.04487	0.07171	0.23411	0.49926
V332	0.50977	0.04838	0.38268	0	0.05917
V333	0.44733	0.02525	0.25861	0.15801	0.1108
V334	0.06369	0.28114	0.48065	0.07357	0.10096
V335	0.74827	0.05332	0.05636	0.03434	0.1077
V336	0.19576	0.53475	0.20394	0	0.06556
V337	0.00149	0.03371	0.00262	0.34457	0.6176
V338	0.751	0.01859	0.11937	0.01587	0.09517
V339	0.24334	0.50853	0.14077	0	0.10736
V340	0.0391	0.19868	0.09204	0.18726	0.48291
V341	0.0478	0.47283	0.3691	0	0.11027
V342	0.33233	0.1419	0.37912	0.0875	0.05915
V343	0.72564	0.00181	0.23999	0	0.03256
V344	0.13867	0.71136	0.01655	0.00829	0.12513
V345	0.2399	0.04776	0	0.36229	0.35005
V346	0.05902	0.29752	0.26384	0.27051	0.10912
V347	0.11516	0.48598	0.00034	0.28186	0.11666
V348	0.02871	0.14225	0.39268	0.26108	0.17529
V349	0.08792	0.3049	0.46146	0.01692	0.12879
V350	0.14071	0.4017	0.05622	0.23112	0.17025
V351	0.20591	0.02269	0.37596	0.30649	0.08896
V352	0.1396	0.50776	0.28528	0	0.06737
V353	0.28721	0.33786	0.01317	0.0913	0.27046
V354	0.60373	0.01554	0.34876	0	0.03197
V355	0.10689	0.00495	0.28741	0.49798	0.10278
V356	0.10946	0.03986	0.73779	0.02296	0.08993
V357	0.05125	0.06206	0.47734	0.10413	0.30521
V358	0.046	0.0126	0.01478	0.78874	0.13788
V359	0.07451	0.08281	0	0.71872	0.12396
V360	0.73127	0.03662	0.06325	0.1226	0.04626
V361	0.3736	0.45605	0.05809	0	0.11225
V362	0.84545	0.00018	0.07133	0	0.08304
V363	0.02815	0.05709	0	0.32199	0.59277
V364	0.06165	0.27774	0.00156	0.44316	0.21588
V365	0.01721	0	0	0.82355	0.15924
V366	0.23984	0.04847	0.52749	0.06895	0.11525
V367	0.2612	0.21702	0.17029	0.18032	0.17116
V368	0.76957	0.07964	0.09334	0	0.05745
V369	0.07632	0.61051	0.18625	0.04778	0.07914
V370	0.0339	0.16223	0.09773	0.41284	0.2933
V371	0.09464	0.81323	0.02074	0	0.0714
V372	0.67965	0.06011	0.11117	0.08997	0.05911
V373	0.15371	0.61179	0.09316	0.06079	0.08055
V374	0.12134	0.03913	0.32584	0.42226	0.09143
V375	0.34328	0.01266	0.52785	0.05993	0.05628
V376	0.00883	0.02458	0.39098	0.13974	0.43589
V377	0.122	0.47771	0.16376	0.15192	0.08461
V378	0.169	0.53475	0.13817	0.00169	0.15639
V379	0.02218	0.03374	0.09773	0.2571	0.58926
V380	0.02701	0.0509	0.14373	0.53364	0.24473
V381	0.16275	0.07619	0	0.18238	0.57869
V382	0.43589	0	0	0.32975	0.23436
V383	0.04638	0	0.22754	0.61551	0.11057
V384	0.32103	0.03143	0.13181	0.40304	0.1127
V385	0.09385	0.13109	0	0.18622	0.58884
V386	0.66992	0	0	0.27002	0.06006
V387	0.28866	0	0	0.59684	0.1145
V388	0.09341	0.7769	0.01148	0.0298	0.08841
V389	0.16065	0.72019	0	0.00928	0.10988
V390	0.18822	0	0	0.64521	0.16657
V391	0.72369	0.1345	0	0.05903	0.08278
V392	0.93389	0.02816	0	0	0.03795
V393	0.11945	0.01418	0.12097	0.54459	0.2008
V394	0.74189	0.00061	0.00499	0.1501	0.10241
V395	0.01354	0	0.32583	0.54597	0.11466
V396	0.58636	0.02522	0.35141	0	0.03701
V397	0.69663	0.12839	0.01178	0.09206	0.07114
V398	0.07529	0	0.13218	0.63256	0.15997
V399	0.0433	0.04269	0	0.40669	0.50733
V400	0.20291	0.49547	0.11823	0.10958	0.07381
V401	0.36253	0.00546	0.55874	0.01931	0.05396
V402	0.41624	0.03097	0.38581	0.06733	0.09965
V403	0.16695	0.09006	0	0.26706	0.47593
V404	0.01316	0.04904	0.42755	0.38482	0.12543
V405	0.38103	0.24755	0.04307	0.20291	0.12544
V406	0.02773	0.05026	0.82981	0.00323	0.08896
V407	0.89378	0.03213	0.01596	0.01885	0.03928
V408	0.05525	0.3734	0	0.29056	0.28079
V409	0.12546	0	0.03745	0.66472	0.17237
V410	0.14991	0.15167	0.28791	0.11249	0.29802
V411	0	0.04158	0	0.25158	0.70683
V412	0.02432	0.18152	0.11241	0.17182	0.50994
V413	0.04442	0.2514	0.12228	0.37602	0.20588
V414	0.05404	0.0836	0	0.52411	0.33825
V415	0.18096	0.01745	0	0.19534	0.60625
V416	0.12016	0.11346	0.00161	0.2821	0.48268
V417	0.01567	0.02536	0.69541	0.14217	0.12139
V418	0.56885	0.36517	0	0	0.06598
V419	0.27528	0.0366	0.00018	0.24537	0.44257
V420	0.2624	0.01193	0.08746	0.17862	0.45959
V421	0	0.03681	0.11936	0.23675	0.60708
V422	0.0294	0.00147	0.03106	0.71528	0.22279
V423	0.32935	0.17834	0.23799	0.17352	0.08079
V424	0	0.03579	0.46839	0.1118	0.38402
V425	0.37091	0.36527	0	0.03974	0.22408
V426	0.26548	0.16427	0	0.43304	0.13721
V427	0.24102	0.58707	0.1125	0	0.05941
V428	0.13292	0.61933	0.04717	0.0729	0.12768
V429	0.16033	0.71591	0	0.03151	0.09226
V430	0.03901	0.02999	0.37529	0.26226	0.29345
V431	0.1482	0.35363	0.15935	0.22677	0.11206
V432	0.33689	0.05597	0.09707	0.34924	0.16083
V433	0.22792	0.00647	0.45811	0.2202	0.08731
V434	0.28096	0.28167	0.32049	0.00702	0.10986
V435	0.59381	0.04311	0.30478	0.01101	0.04729
V436	0.09445	0.58312	0.07359	0.0604	0.18844
V437	0.21346	0.03584	0.00891	0.29503	0.44675
V438	0.1676	0.29177	0.16038	0.26176	0.11849
V439	0.63456	0	0.01931	0.27656	0.06958
V440	0.04625	0.35154	0.48882	0.00797	0.10543
V441	0.06535	0.51978	0.32662	0.00716	0.08109
V442	0.0965	0.83017	0	0	0.07333
V443	0.9353	0	0	0.02389	0.04082
V444	0.18867	0.40778	0.00621	0.29074	0.1066
V445	0.09664	0.38553	0.01638	0.39265	0.1088
V446	0.13282	0.02124	0.07545	0.57481	0.19568
V447	0.0795	0.00351	0	0.54153	0.37546
V448	0.18387	0.02987	0.00366	0.20233	0.58027
V449	0.00506	0.04569	0.85998	0.00506	0.0842
V450	0.23874	0.09819	0.21557	0.18835	0.25915
V451	0.30651	0.18478	0.03606	0.32846	0.1442
V452	0.02505	0	0.12874	0.69765	0.14856
V453	0.02363	0.0127	0	0.55584	0.40783
V454	0.01275	0.03217	0.64173	0.07945	0.2339
V455	0.08289	0.24965	0.2475	0.11348	0.30649
V456	0.93191	0	0	0.01007	0.05802
V457	0.68749	0.19452	0.01213	0.03673	0.06913
V458	0.04824	0.35972	0.44437	0.04623	0.10146
V459	0.15909	0.05463	0.03223	0.51386	0.24019
V460	0.70852	0.03472	0.15979	0.04264	0.05433
V461	0.22556	0.31236	0.20707	0.04429	0.21072
V462	0.0653	0.07675	0	0.55311	0.30484
V463	0.23892	0.03518	0	0.6174	0.1085
V464	0.19409	0.18382	0.55552	0	0.06656
V465	0.04507	0.13857	0	0.21123	0.60513
V466	0.02427	0.0203	0	0.30938	0.64605
V467	0.08378	0.23759	0.00099	0.51743	0.16021
V468	0.58548	0.28188	0.07787	0	0.05477
V469	0.03902	0.33606	0.03535	0.31397	0.27559
V470	0.84568	0.04599	0.0071	0.05505	0.04618
V471	0.42466	0.28418	0.00402	0.14028	0.14686
V472	0.00064	0.07422	0.02802	0.22454	0.67258
V473	0.05082	0.2165	0.20631	0.32996	0.1964
V474	0.32345	0.11614	0.03595	0.41456	0.10991
V475	0.18882	0.04277	0.53724	0.05839	0.17279
V476	0.18161	0.01569	0.07339	0.58964	0.13967
V477	0.08771	0.83784	0	0	0.07445
V478	0.19447	0.02588	0	0.18878	0.59088
V479	0.84701	0.04628	0.01397	0.04744	0.0453
V480	0.17697	0.61532	0.02991	0.08202	0.09578
V481	0.27914	0.3548	0.03642	0.17735	0.15228
V482	0.14948	0.63382	0.14661	0	0.07008
V483	0.34789	0.48083	0	0.07577	0.0955
V484	0.2587	0.48194	0.0839	0.09564	0.07983
V485	0.68791	0.06833	0.08692	0.09733	0.05951
V486	0.07816	0.10629	0.27576	0.11881	0.42098
V487	0.16385	0.11935	0.35301	0.2787	0.08508
V488	0.43843	0.04842	0	0.34199	0.17116
V489	0.02408	0.23001	0.59219	0.0653	0.08842
V490	0.01768	0.02039	0.66975	0.2009	0.09128
V491	0.06037	0.47584	0.02665	0.14853	0.28861
V492	0.05404	0.12075	0.01152	0.67691	0.13679
V493	0.02344	0	0	0.82908	0.14747
V494	0.33946	0	0	0.52303	0.13751
V495	0.36896	0.20693	0.17257	0.15259	0.09894
V496	0.14959	0.06235	0.03768	0.17889	0.5715
V497	0.1131	0.05469	0.12828	0.24022	0.4637
V498	0.11319	0.79514	0.00434	0	0.08733
V499	0.05824	0.24845	0.23019	0.13913	0.32399
V500	0.14553	0.46558	0.07958	0.19228	0.11702
V501	0.09225	0.35136	0	0.1242	0.43218
V502	0.17034	0.7364	0.01758	0	0.07568
V503	0.48694	0.01468	0.17453	0.16212	0.16173
V504	0.51635	0.20039	0	0.04855	0.23472
V505	0.66509	0.0017	0.0051	0.12345	0.20466
V506	0.05313	0.53849	0.04421	0.0661	0.29808
V507	0.85665	0	0.00866	0.07578	0.05891
V508	0.06457	0.61372	0.17201	0.02697	0.12274
V509	0.08439	0.44943	0.10842	0.19272	0.16504
V510	0.44262	0.46092	0.02068	0.01168	0.0641
V511	0.08943	0.31272	0.45011	0.03476	0.11298
V512	0.18776	0.45302	0.13976	0.05463	0.16483
V513	0.20858	0.63821	0.04471	0.01777	0.09073
V514	0.00848	0.02443	0.21446	0.21017	0.54247
V515	0.0978	0.09727	0	0.68533	0.11959
V516	0.19561	0.33819	0.0788	0.29394	0.09345
V517	0.03483	0.01333	0.03121	0.78331	0.13733
V518	0.45572	0.01205	0.27555	0.17821	0.07847
V519	0.7973	0.04495	0	0.10692	0.05084
V520	0.11414	0.78247	0	0.02023	0.08316
V521	0.22795	0	0.09813	0.57263	0.1013
V522	0.0683	0.19734	0.50034	0.1306	0.10342
V523	0.17297	0.0634	0.65787	0.03568	0.07009
V524	0.37988	0.03654	0.49504	0	0.08853
V525	0.01971	0.24311	0.01411	0.17677	0.54629
V526	0.0515	0.05353	0.77248	0.02689	0.0956
V527	0.11462	0.46543	0.33696	0	0.08299
V528	0.16321	0	0	0.72133	0.11546
V529	0.24108	0.043	0.64835	0	0.06757
V530	0.02771	0.04376	0.78148	0.05321	0.09385
V531	0.21465	0.51142	0.06236	0.02778	0.18379
V532	0.08494	0.28423	0.26484	0.06575	0.30024
V533	0.30247	0.01706	0	0.16005	0.52042
V534	0.14779	0.0396	0	0.68225	0.13036
V535	0.82692	0.11003	0.02855	0	0.0345
V536	0.15343	0.19436	0.34219	0.07632	0.2337
V537	0.01188	0.06444	0.00154	0.23172	0.69042
V538	0.65444	0.10524	0	0.05596	0.18436
V539	0.02796	0.15996	0.582	0.10766	0.12241
V540	0.20125	0.46851	0.06303	0.06742	0.19979
V541	0.05379	0.43333	0.00308	0.12198	0.38783
V542	0.06588	0.32002	0.08368	0.39511	0.13531
V543	0.08281	0.11937	0.60637	0.05984	0.13161
V544	0.38234	0.19598	0.14846	0.08725	0.18596
V545	0.63169	0.3263	0	0	0.04201
V546	0.1076	0.73139	0.05502	0	0.10599
V547	0.13037	0.71137	0	0.06253	0.09572
V548	0.02795	0.03923	0	0.79068	0.14214
V549	0.00179	0.03173	0.01064	0.35583	0.60002
V550	0.08096	0.77741	0.06399	0	0.07764
V551	0.0237	0	0	0.83247	0.14383
V552	0.24807	0.03472	0.00179	0.19444	0.52098
V553	0.79757	0	0	0.12816	0.07427
V554	0.13227	0.04733	0.42745	0.29989	0.09305
V555	0.08618	0.82558	0	0	0.08824
V556	0.101	0.03392	0.03386	0.68349	0.14772
V557	0.3412	0.22807	0.01148	0.31067	0.10858
V558	0.01714	0.03456	0.69896	0.15012	0.09923
V559	0.13143	0.40926	0.37569	0	0.08363
V560	0.64595	0.22159	0.09998	0	0.03248
V561	0.75036	0	0.10966	0.01912	0.12086
V562	0.14126	0.07466	0.13616	0.21565	0.43227
V563	0.25054	0.26263	0.17036	0.13035	0.18612
V564	0.37854	0.01495	0.03729	0.36606	0.20315
V565	0	0.04217	0.00371	0.26896	0.68516
V566	0.32586	0.13546	0.00443	0.3367	0.19755
V567	0.02628	0.03237	0.85256	0.00352	0.08527
V568	0.05122	0.21582	0.36941	0.27521	0.08834
V569	0.65861	0.08849	0.07959	0.1022	0.07111
V570	0.15682	0.01671	0.241	0.44896	0.13651
V571	0.29469	0	0.20002	0.34806	0.15723
V572	0.85878	0	0	0.01802	0.1232
V573	0.09774	0.06606	0.29321	0.38313	0.15986
V574	0.55162	0.26994	0.04911	0.0626	0.06673
V575	0.40698	0.03545	0.0994	0.13137	0.32681
V576	0.08486	0.80349	0	0	0.11165
V577	0.44244	0.4603	0.01334	0.01918	0.06474
V578	0.04318	0.16205	0.45562	0.22179	0.11736
V579	0.05162	0.50641	0.27362	0.02417	0.14417
V580	0.24706	0.49861	0	0.16261	0.09172
V581	0.08332	0.46708	0.31402	0.05477	0.0808
V582	0.00742	0.07261	0.82828	0.00969	0.082
V583	0.65407	0.01316	0.29048	0.00214	0.04015
V584	0.25935	0.48654	0.07693	0.02948	0.1477
V585	0.08784	0.72275	0.04032	0.03435	0.11475
V586	0.07578	0.72391	0.12606	0	0.07425
V587	0.09071	0.65793	0	0.04293	0.20843
V588	0.26346	0.37956	0.30204	0	0.05493
V589	0.12989	0.37959	0.0231	0.35871	0.1087
V590	0.08802	0.73169	0	0.01122	0.16908
V591	0.48113	0.45294	0.01367	0	0.05226
V592	0.02412	0.02124	0.7039	0.06905	0.18168
V593	0.42669	0	0	0.46069	0.11262
V594	0.01538	0.13662	0.58255	0.15017	0.11528
V595	0.55426	0.02795	0.04166	0.2872	0.08892
V596	0.49442	0.17806	0.16637	0.09306	0.06808
V597	0.03255	0.21685	0	0.24958	0.50102
V598	0.62931	0.00457	0	0.0709	0.29522
V599	0.10583	0.37739	0.0648	0.33913	0.11286
V600	0.30789	0.0051	0.15277	0.38152	0.15273
V601	0.16095	0.08665	0	0.49738	0.25502
V602	0.81814	0.14411	0	0	0.03775
V603	0.15028	0.16265	0.00849	0.24746	0.43112
V604	0.02726	0.03545	0.64709	0.13017	0.16004
V605	0.02826	0.09442	0.11369	0.23065	0.53299
V606	0.85301	0	0	0.01948	0.12751
V607	0.18295	0.14031	0.00141	0.1624	0.51294
V608	0.78083	0.013	0.01244	0.08276	0.11096
V609	0.21467	0.28278	0	0.36707	0.13548
V610	0.12349	0.60231	0	0.18212	0.09208
V611	0.30961	0.03813	0.54354	0.01749	0.09123
V612	0.42323	0.05664	0.27299	0.04763	0.19951
V613	0.43695	0.49018	0.0142	0	0.05867
V614	0.57707	0.0336	0	0.129	0.26033
V615	0.02207	0.0863	0.10597	0.57568	0.20999
V616	0.69184	0	0.11804	0.12092	0.0692
V617	0.25942	0.07854	0.40874	0.10616	0.14713
V618	0.75019	0.09007	0.04164	0.01142	0.10668
V619	0.59098	0.04734	0.12678	0.03838	0.19652
V620	0.06027	0.01688	0.30749	0.50839	0.10698
V621	0.16887	0.2383	0.26254	0.05585	0.27444
V622	0.03062	0.23426	0.31856	0.08856	0.32801
V623	0.07829	0	0	0.68899	0.23272
V624	0.90537	0	0	0.01554	0.07909
V625	0.02557	0.04402	0.07139	0.72791	0.1311
V626	0.09248	0.02967	0.48998	0.28733	0.10054
V627	0.125	0.18476	0.09804	0.14957	0.44265
V628	0.93881	0.00948	0	0.01061	0.04109
V629	0.15182	0.23613	0.53635	0.00479	0.07091
V630	0.01774	0.2224	0.00589	0.19275	0.56122
V631	0	0.03614	0.26347	0.17524	0.52515
V632	0.08729	0.72256	0	0.03005	0.1601
V633	0.06845	0	0.0707	0.57153	0.28932
V634	0.43646	0.40799	0.10997	0	0.04558
V635	0.04408	0.13833	0.16935	0.16215	0.4861
V636	0.23152	0.16737	0.26637	0.19101	0.14373
V637	0.24463	0.0157	0.36022	0.25031	0.12914
V638	0.10673	0.4721	0.00131	0.13076	0.2891
V639	0.54335	0.36451	0.04842	0	0.04372
V640	0.13196	0.19731	0.05921	0.29444	0.31708
V641	0.13788	0.66882	0.00135	0.09555	0.09639
V642	0.74572	0.0163	0	0.18518	0.0528
V643	0.09317	0.78653	0.04186	0	0.07844
V644	0.07598	0.40418	0.00163	0.3967	0.1215
V645	0.1993	0.68314	0	0.04076	0.07679
V646	0.17136	0.50055	0.00682	0.198	0.12328
V647	0.92247	0	0	0.03654	0.04099
V648	0.46891	0.09156	0	0.27514	0.16439
V649	0.29975	0.1054	0.05664	0.19217	0.34605
V650	0.0338	0	0.03215	0.80073	0.13332
V651	0.17043	0.17321	0	0.5527	0.10366
V652	0.38085	0	0.00838	0.51289	0.09787
V653	0.36765	0	0.02716	0.49273	0.11246
V654	0.03207	0.10886	0	0.25119	0.60787
V655	0.18447	0.04622	0.2563	0.41999	0.09302
V656	0.12232	0.02934	0	0.27478	0.57356
V657	0.06752	0.46659	0.00948	0.29833	0.15808
V658	0.03963	0.02629	0.01296	0.63807	0.28305
V659	0.03198	0.00681	0.055	0.74097	0.16524
V660	0.0819	0.36364	0.00197	0.14128	0.41121
V661	0.07998	0.61798	0	0.154	0.14803
V662	0.05634	0.46302	0.00385	0.09327	0.38352
V663	0.96186	1e-05	0	0	0.03814
V664	0.0292	0.00019	0.10194	0.48822	0.38045
V665	0.06454	0.60126	0.17132	0.05883	0.10405
V666	0.13138	0.77964	0.01874	0	0.07023
V667	0.06724	0.52551	0.2178	0.08051	0.10893
V668	0.65742	0.22354	0.02648	0.03186	0.0607
V669	0.4993	0.29568	0.00449	0.07867	0.12186
V670	0.13042	0.61048	0.02438	0.04403	0.1907
V671	0.79329	0	0.1563	0.00978	0.04063
V672	0.10845	0.08129	0.06968	0.38524	0.35534
V673	0.0031	0.05177	0	0.30535	0.63978
V674	0.4044	0.10202	0.42583	0	0.06775
V675	0.7143	0	0.01694	0.15009	0.11866
V676	0.29405	0.11366	0.43967	0.00993	0.14269
V677	0.06938	0.25918	0.18266	0.35768	0.13111
V678	0.06765	0.34247	0	0.14739	0.4425
V679	0.0236	0.01268	0.40572	0.45155	0.10645
V680	0.18703	0.00583	0.00141	0.43552	0.37021
V681	0.55341	0.02022	0.0189	0.28602	0.12146
V682	0.00506	0.04569	0.85998	0.00506	0.0842
V683	0.08847	0.19494	0.5669	0.00992	0.13977
V684	0.06834	0	0	0.79966	0.132
V685	0.01698	0.04004	0.75466	0.10168	0.08664
V686	0.31763	0.56834	0.04343	0	0.0706
V687	0.00961	0.01072	0.52468	0.34765	0.10733
V688	0.00391	0.0428	0.84552	0.0149	0.09288
V689	0.53587	0.05354	0.16137	0.11269	0.13653
V690	0.14241	0.77662	0	0	0.08097
V691	0.16625	0.11211	0.02317	0.57448	0.12399
V692	0.08763	0.00379	0	0.73044	0.17815
V693	0.05034	0.48502	0.37326	0.00957	0.08181
V694	0.11274	0.17605	0.01609	0.54709	0.14803
V695	0.14625	0.14287	0.1263	0.1417	0.44289
V696	0.14491	0.0167	0.67735	0.02373	0.13731
V697	0.12653	0.10903	0.27189	0.33807	0.15447
V698	0.00985	0.04798	0.16589	0.196	0.58029
V699	0.04993	0.00342	0.02895	0.67034	0.24735
V700	0.09875	0.74991	0.04736	0	0.10398
V701	0.01774	0.22227	0	0.1881	0.57189
V702	0.03936	0.10278	0	0.64905	0.20881
V703	0.03218	0	0.00748	0.81658	0.14376
V704	0.05168	0.08438	0.36693	0.12129	0.37572
V705	0.93193	0.00678	0	0.00319	0.05811
V706	0.18124	0.13726	0.12639	0.41592	0.13919
V707	0.16398	0.13096	0.04995	0.33585	0.31927
V708	0.05702	0.55301	0.31911	0	0.07086
V709	0	0.05408	0.02061	0.23325	0.69207
V710	0.15133	0.04862	0.44332	0.06876	0.28797
V711	0.05802	0.02809	0.00801	0.24008	0.66581
V712	0.07705	0.02728	0.62773	0.17908	0.08886
V713	0.28933	0.39715	0.2588	0	0.05472
V714	0.0473	0.03538	0	0.23126	0.68606
V715	0.02957	0.27805	0.52273	0.08533	0.08432
V716	0.74686	0.16861	0	0.02681	0.05772
V717	0.44	0.17368	0.09517	0.06213	0.22903
V718	0.70995	0.00248	0.22674	0	0.06083
V719	0.4409	0.23198	0.07565	0.11391	0.13756
V720	0.13877	0.06951	0.07241	0.19628	0.52302
V721	0.02177	0.03994	0.03554	0.23956	0.66319
V722	0.04606	0.2278	0.03459	0.48406	0.2075
V723	0.13853	0.20091	0.08151	0.4669	0.11215
V724	0.16631	0.60872	0.01507	0.1243	0.0856
V725	0.02238	0.04103	0	0.23666	0.69994
V726	0.25983	0.48307	0.02911	0.06115	0.16684
V727	0.01532	0.04108	0.83967	0.0131	0.09083
V728	0.80439	0.0128	0.09362	0.04593	0.04325
V729	0.6337	0.099	0.00452	0.20063	0.06215
V730	0.14383	0.02194	0.33044	0.37783	0.12595
V731	0.02116	0	0.04019	0.80266	0.13599
V732	0.02378	0	0	0.83341	0.14281
V733	0.04006	0.05854	0.81306	0.00129	0.08705
V734	0.54203	0.08355	0.29934	0.02018	0.05489
V735	0.0874	0.18756	0.19384	0.13312	0.39808
V736	0.00243	0.08272	0	0.22975	0.6851
V737	0.95546	0.00702	0	0	0.03752
V738	0.04722	0.47778	0	0.09891	0.37609
V739	0.03149	0	0	0.82633	0.14217
V740	0.24632	0.10567	0.08635	0.13517	0.42649
V741	0.52951	0.00317	0	0.31457	0.15276
V742	0.09069	0.03822	0.48142	0.20395	0.18572
V743	0.02859	0.0817	0.0584	0.27738	0.55393
V744	0.22299	0.04996	0.13405	0.47556	0.11743
V745	0.19069	0.00086	0.02449	0.66969	0.11427
V746	0.39694	0.51311	0.01319	0	0.07675
V747	0.03978	0.05693	0.80109	0.01036	0.09183
V748	0.19531	0.22178	0.24138	0.10258	0.23894
V749	0.21483	0.09529	0.09086	0.42526	0.17376
V750	0.76053	0.17224	0	0.02223	0.045
V751	0.05998	0.36487	0.49053	0.00529	0.07934
V752	0.02398	0.17259	0.0064	0.19892	0.5981
V753	0.59095	0.0545	0.20193	0.03173	0.12089
V754	0.14593	0.28898	0	0.46063	0.10446
V755	0.27206	0.6516	0.01486	0	0.06149
V756	0.02267	0.14823	0.00596	0.23989	0.58325
V757	0.19023	0	0.06425	0.6366	0.10892
V758	0.09892	0.39134	0	0.40456	0.10517
V759	0.09903	0.06481	0.08426	0.17967	0.57223
V760	0.09113	0.04462	0.18442	0.33762	0.34221
V761	0.08214	0.25774	0.58671	0	0.0734
V762	0.02274	0.04879	0.14684	0.46263	0.31901
V763	0.03917	0.30372	0	0.14986	0.50726
V764	0.1369	0.04237	0.05714	0.6443	0.11929
V765	0.19992	0.04062	0.57985	0.05665	0.12296
V766	0.1067	0.47815	0.20336	0.05306	0.15873
V767	0.31365	0.45903	0.03621	0.04515	0.14596
V768	0.10272	0.77085	0.02585	0.01415	0.08643
V769	0.78439	0.00845	0.14874	0	0.05842
V770	0.35063	0.00702	0.437	0.14044	0.0649
V771	0.10597	0.67723	0	0.07604	0.14076
V772	0.06263	0.04681	0.8106	0.00483	0.07513
V773	0.0264	0.02379	0	0.35305	0.59676
V774	0.18704	0.02533	0.49181	0.05224	0.24359
V775	0.91338	0	0	0.03799	0.04864
V776	0.39752	0.40171	0.12172	0.00317	0.07589
V777	0.25369	0.36527	0.19834	0.0863	0.0964
V778	0.56178	0.04767	0	0.22385	0.1667
V779	0.09691	0.40098	0.423	0	0.0791
V780	0.02656	0.03179	0.85126	0.01011	0.08029
V781	0.21404	0.32359	0.14517	0.04939	0.26782
V782	0.26831	0.26266	0	0.09887	0.37016
V783	0.00059	0.03355	0.59481	0.09618	0.27487
V784	0.06823	0.57308	0	0.21714	0.14154
V785	0.7249	0.11593	0	0.08	0.07917
V786	0.19417	0.17491	0	0.51654	0.11438
V787	0.17387	0.54862	0	0.15727	0.12025
V788	0.41989	0.40239	0.04303	0	0.13469
V789	0.02525	0.16247	0	0.46255	0.34974
V790	0.32078	0.23382	0.03716	0.15649	0.25175
V791	0.21061	0.22514	0.04783	0.24266	0.27376
V792	0.93924	0.01331	0.00473	0	0.04272
V793	0.36928	0.2694	0.02788	0.1204	0.21305
V794	0.0148	0.04629	0.08651	0.33284	0.51955
V795	0.16921	0.75339	0	0	0.0774
V796	0.33533	0.38569	0.07507	0.11804	0.08586
V797	0.156	0.01485	0	0.21694	0.61221
V798	0.16758	0.49642	0	0.10963	0.22637
V799	0.05438	0.14451	0.02638	0.6274	0.14734
V800	0.02522	0.0432	0	0.31468	0.6169
V801	0.40667	0	0.09039	0.40575	0.09718
V802	0.04342	0.23928	0	0.17463	0.54267
V803	0.3278	0.00393	0	0.55806	0.11021
V804	0.23194	0.15045	0.16048	0.34359	0.11354
V805	0.1767	0.14007	0.37796	0.17166	0.13361
V806	0.5233	0.01863	0.16492	0.09674	0.1964
V807	0.76	0	0.04143	0.06276	0.13581
V808	0.86843	0.00028	0.02838	0.00583	0.09708
V809	0.23939	0.582	0	0.02828	0.15032
V810	0.03864	0.0648	0.02043	0.53064	0.3455
V811	0.05894	0.13142	0.0038	0.26791	0.53794
V812	0.06685	0.62414	0.15395	0.05559	0.09948
V813	0.04443	0.25357	0.19413	0.10661	0.40126
V814	0.23816	0.51433	0.03657	0.12205	0.08889
V815	0.26907	0.62863	0.00732	0.01938	0.0756
V816	0.06068	0.46977	0	0.34956	0.12
V817	0.82059	0.02556	0.11661	0.00096	0.03627
V818	0.05589	0.23105	0.31719	0.10147	0.29441
V819	0.93845	0.01132	0	0.00969	0.04053
V820	0.10236	0.3403	0.09043	0.35356	0.11335
V821	0	0.04253	0	0.24469	0.71278
V822	0.20505	0	0	0.68445	0.11051
V823	0.054	0.11838	0.20838	0.14132	0.47792
V824	0.07424	0.06848	0.00611	0.20957	0.6416
V825	0.1743	0.01196	0.57469	0.16746	0.07158
V826	0.05028	0.03586	0.81511	0.02231	0.07643
V827	0.3744	0.12253	0	0.36115	0.14192
V828	0.27861	0.16244	0.08286	0.14038	0.33572
V829	0.10919	0.10152	0.27048	0.23972	0.27909
V830	0.17293	0.03327	0.62056	0.03747	0.13578
V831	0.07537	0.68375	0.02558	0.11445	0.10085
V832	0.23737	0	0.05016	0.34178	0.37068
V833	0.22505	0.68974	0	0	0.08521
V834	0.76345	0.13114	0.01265	0.01452	0.07823
V835	0.28777	0.27124	0.06101	0.2516	0.12838
V836	0.41424	0.06859	0.37759	0.08074	0.05885
V837	0.08136	0.76912	0	0.02328	0.12624
V838	0.01305	0	0.0512	0.79519	0.14057
V839	0.03653	0.06988	0.06051	0.20483	0.62825
V840	0.93527	0.00188	0.01021	0.0094	0.04323
V841	0.25134	0.03244	0.65435	0	0.06188
V842	0.56304	0.03591	0.16588	0.17141	0.06376
V843	0.50807	0.00945	0.12204	0.12235	0.2381
V844	0.02943	0.18344	0.67582	0.0197	0.09162
V845	0.03503	0	0	0.6517	0.31327
V846	0.12641	0.06784	0.0815	0.21802	0.50624
V847	0.23727	0.01738	0.03402	0.26035	0.45098
V848	0.75872	0.02389	0	0.09464	0.12275
V849	0.1618	0.06699	0.63244	0.01564	0.12314
V850	0.24737	0.0435	0.25584	0.20549	0.24781
V851	0.95502	0	0	0	0.04498
V852	0.27215	0.07112	0.05725	0.25866	0.34082
V853	0.05036	0.13593	0.53944	0.14564	0.12863
V854	0.0707	0.35864	0.21324	0.11761	0.23982
V855	0.13875	0.3653	0.06449	0.29157	0.13989
V856	0.1948	0.40802	0.03203	0.06116	0.30399
V857	0.09547	0.04242	0.14219	0.46405	0.25587
V858	0.04963	0.34621	0.15815	0.23264	0.21337
V859	0.15184	0	8e-05	0.71092	0.13716
V860	0.06333	0.12611	0.04229	0.61761	0.15065
V861	0.16855	0.00421	0.09957	0.61857	0.10909
V862	0.07269	0.0307	0.00594	0.2887	0.60198
V863	0.08609	0.82296	0	0	0.09095
V864	0.0499	0.02129	0.78782	0.06395	0.07704
V865	0.10202	0.01081	0.56758	0.23905	0.08054
V866	0.0451	0.05656	0.56832	0.22969	0.10034
V867	0.62087	0.03095	0	0.06509	0.2831
V868	0.26657	0.218	0.34246	0.09453	0.07843
V869	0.00904	0.03313	0.01204	0.24614	0.69964
V870	0.30655	0.16471	0.05386	0.26893	0.20595
V871	0.04031	0.08121	0.08495	0.25968	0.53384
V872	0.41296	0.01907	0	0.45363	0.11434
V873	0.08619	0.30661	0.11823	0.3531	0.13587
V874	0.10102	0.08067	0	0.20615	0.61216
V875	0.02992	0.17908	0.00367	0.52005	0.26728
V876	0.52617	0.07072	0.03674	0.07946	0.28692
V877	0.27009	0.58306	0.01394	0.05239	0.08053
V878	0.07233	0.63844	0.01826	0.17141	0.09957
V879	0.91314	0.03359	0	0.00886	0.04442
V880	0.09935	0.0824	0.00943	0.48958	0.31923
V881	0.01124	0.03535	0.50846	0.097	0.34796
V882	0.07966	0.43255	0	0.38689	0.1009
V883	0.54108	0.15972	0	0.17376	0.12544
V884	0	0.03148	0	0.25582	0.7127
V885	0.19694	0.08062	0.34608	0.15629	0.22007
V886	0.00237	0.01722	0.01965	0.3976	0.56316
V887	0.13166	0.78038	0	0	0.08796
V888	0.08242	0.08457	0.03369	0.64758	0.15175
V889	0.16027	0.73969	0.01707	0	0.08297
V890	0.04985	0.0017	0.11419	0.6453	0.18897
V891	0.00725	0.07153	0.82206	0.01737	0.0818
V892	0.63159	0.2301	0	0.00878	0.12954
V893	0.17672	0.18644	0.45004	0.07803	0.10877
V894	0.13732	0.49314	0.02273	0.23051	0.1163
V895	0.71795	0.00197	0.23488	0.00308	0.04212
V896	0.24658	0.20432	0.19388	0.27331	0.08191
V897	0.01243	0	0.02034	0.75597	0.21126
V898	0.43961	0.0143	0	0.13807	0.40801
V899	0.59535	0.28909	0.05524	0	0.06032
V900	0.29499	0.22026	0.22881	0.17311	0.08283
V901	0.69141	0.03726	0	0.17057	0.10076
V902	0.86404	0.03983	0.00069	0.02861	0.06682
V903	0.30667	0.05471	0.045	0.479	0.11462
V904	0.74778	0.08804	0.12275	0	0.04143
V905	0.04968	0.31065	0.04302	0.35543	0.24122
V906	0.18066	0.06256	0.41876	0.11995	0.21806
V907	0.73824	0.10327	0.04082	0.04733	0.07033
V908	0.05606	0.3095	0.02597	0.4665	0.14198
V909	0.0401	0.09287	0	0.69377	0.17326
V910	0.6978	0.15346	0	0.05546	0.09328
V911	0.06007	0.26981	0.47044	0.02704	0.17265
V912	0.03591	0.05247	0.14292	0.23313	0.53556
V913	0.16794	0.00443	0.04865	0.63473	0.14424
V914	0.78483	0.02304	0	0.11372	0.07842
V915	0.22837	0.20853	0.03253	0.1178	0.41277
V916	0.81657	0.01674	0.0867	0.00292	0.07707
V917	0.4952	0.04253	0	0.10786	0.35441
V918	0.62068	0.13343	0.17784	0.01116	0.05688
V919	0.46171	0.14171	0	0.26609	0.13049
V920	0.20784	0	0.08422	0.60276	0.10519
V921	0.22993	0.21096	0.09388	0.09251	0.37271
V922	0.04818	0.03208	0.65096	0.04736	0.22143
V923	0.18924	0.47434	0	0.0874	0.24901
V924	0.54208	0.08413	0	0.2443	0.12949
V925	0.17467	0.11871	0.41822	0.1672	0.1212
V926	0.01249	0.0606	0	0.23986	0.68705
V927	0.56537	0.233	0.0803	0.06109	0.06024
V928	0.1514	0.26422	0.18375	0.20222	0.19841
V929	0.07473	0.30005	0	0.1399	0.48532
V930	0.08324	0.03647	0.05008	0.20401	0.6262
V931	0.53188	0.13631	0	0.0921	0.23971
V932	0.06427	0.12279	0.0271	0.40924	0.37661
V933	0.33492	0	0.0288	0.34256	0.29372
V934	0.69606	0.05574	0.2145	0	0.03371
V935	0.62246	0.10522	0.09743	0.05867	0.11621
V936	0.34509	0.04841	0.0866	0.41272	0.10717
V937	0.17747	0.65132	0.06877	0.01067	0.09177
V938	0.12322	0.79927	0.00536	0	0.07215
V939	0.00551	0.01118	0.00324	0.46834	0.51172
V940	0.6108	0.0802	0.05834	0.07592	0.17474
V941	0.03386	0.12271	0.0969	0.49878	0.24776
V942	0.75011	0.20687	0	0	0.04302
V943	0.05672	0.13916	0.03942	0.18961	0.5751
V944	0.3755	0.00651	0.08607	0.4406	0.09131
V945	0.07261	0.26284	0.51955	0.0362	0.1088
V946	0.05791	0.46138	0.40569	0	0.07502
V947	0.43596	0.02927	0.00584	0.20228	0.32665
V948	0.1145	0.65647	0.01601	0.09217	0.12085
V949	0.87073	0.08506	0.00987	0	0.03434
V950	0.08526	0	0.00331	0.78328	0.12815
V951	0.33761	0	0	0.49702	0.16537
V952	0.15644	0.01665	0.02444	0.62259	0.17988
V953	0.50642	0.06375	0	0.33395	0.09588
V954	0.28153	0.50283	0.03633	0.05187	0.12743
V955	0.09117	0.00666	0.48828	0.32182	0.09207
V956	0.06559	0.43542	0.06613	0.32251	0.11034
V957	0.1489	0.69513	0.03091	0.03775	0.08731
V958	0.09346	0.77773	0	0.02222	0.10659
V959	0.0968	0.01579	0.72769	0.06709	0.09262
V960	0.56977	0.05129	0.11722	0.11557	0.14616
V961	0.09413	0.79546	0	0	0.1104
V962	0.21767	0.12173	0	0.18951	0.47109
V963	0.03398	0.00136	0.37787	0.469	0.11779
V964	0.01532	0.04108	0.83967	0.0131	0.09083
V965	0.00843	0	0.39623	0.45835	0.13698
