CD56NK	CD4MemoryT	CD19B	CD14
V1	0.5385	0	0.15634	0.30516
V2	0.131	0.04504	0.03829	0.78566
V3	0.05274	0.56073	0.00866	0.37788
V4	0.89273	0.08222	0	0.02506
V5	0.11013	0.42222	0.26549	0.20215
V6	0.08041	0.8721	0.01919	0.02831
V7	0.13826	0.28857	0.07521	0.49796
V8	0.1339	0.00051	0.82623	0.03937
V9	0.22571	0.17077	0.02918	0.57434
V10	0.01497	0.00133	0.92033	0.06337
V11	0.22615	0.31206	0.45552	0.00628
V12	0.02434	0.56171	0.3966	0.01735
V13	0.29279	0.67577	0.00427	0.02717
V14	0.07199	0.91457	0.00537	0.00806
V15	0.12134	0.55564	0.12296	0.20005
V16	0.92804	0.02042	0.01733	0.03421
V17	0.09195	0.86851	0.0112	0.02835
V18	0.61336	0.30083	0.03941	0.0464
V19	0.1744	0.80336	0.00448	0.01775
V20	0.16316	0.39485	0.01494	0.42705
V21	0.13431	0.02039	0.80582	0.03948
V22	0.01341	0.04703	0.18273	0.75683
V23	0.40318	0.01345	0.57688	0.00649
V24	0.95906	0.01305	0.0279	0
V25	0.34851	0.17374	0.1245	0.35325
V26	0.40907	0.3277	0.01534	0.24789
V27	0.08257	0.02327	0.01094	0.88322
V28	0.00187	0.01508	0.98193	0.00112
V29	0.45786	0.00546	0.50014	0.03654
V30	0.09304	0.14699	0.27004	0.48993
V31	0.20222	0.12913	0.2945	0.37415
V32	0.06341	0.00541	0.02023	0.91095
V33	0.04235	0.4515	0.38116	0.12499
V34	0.13336	0.00855	0.81867	0.03942
V35	0.17678	0.70248	0.08151	0.03922
V36	0.0054	0.00966	0.45111	0.53383
V37	0.53927	0.03507	0.08804	0.33761
V38	0.40471	0	0.15422	0.44107
V39	0.1727	0.52015	0.13296	0.17419
V40	0.1065	0.81709	0.07642	0
V41	0.00621	0.62359	0.03922	0.33097
V42	0.2051	0.00616	0.18827	0.60046
V43	0.13708	0.29011	0.53325	0.03955
V44	0.0131	0.03327	0.74994	0.2037
V45	0.10071	0.55646	0.23086	0.11197
V46	0.83425	0.0421	0.11792	0.00573
V47	0.48267	0.13485	0.32378	0.05871
V48	0.83699	0.13382	0.00451	0.02467
V49	0.7578	0.14573	0	0.09647
V50	0.06982	0.83734	0.08578	0.00705
V51	0.34075	0.3544	0.26668	0.03817
V52	0.02365	0.06185	0.87379	0.04071
V53	0.76453	0.08636	0.14911	0
V54	0.45662	0.1392	0.37782	0.02636
V55	0.20589	0.07283	0.23138	0.48989
V56	0.03393	1e-04	0.06736	0.89861
V57	0.10452	0.85834	0.01937	0.01778
V58	0.61727	0	0.03483	0.3479
V59	0.46841	0.364	0.10842	0.05916
V60	0.12468	0.09234	0.32234	0.46065
V61	0.8282	0.06685	0.00956	0.09538
V62	0.90581	0.01435	0.0646	0.01524
V63	0.01603	0.83213	0.12364	0.02821
V64	0.0072	0.8285	0	0.1643
V65	0.00905	0	0.07888	0.91207
V66	0.23261	0.66623	0.01719	0.08397
V67	0.16385	0.28061	0.53882	0.01672
V68	0.14182	0.09145	0.01511	0.75162
V69	0.02302	0.25929	0.65465	0.06304
V70	0.57134	0.09947	0.18053	0.14865
V71	0.15615	0.03152	0.36544	0.4469
V72	0.59823	0.10499	0.09144	0.20534
V73	0.16114	0.58318	0.14488	0.1108
V74	0.05803	0.18003	0.76157	0.00037
V75	0.71166	0	0.18433	0.10401
V76	0.00043	0.11197	0.16529	0.72231
V77	0.03106	0.22431	0.00255	0.74208
V78	0.29986	0.06446	0.17683	0.45885
V79	0.00546	0.05154	0.83331	0.10969
V80	0.36397	1e-04	0.53441	0.10152
V81	0.0568	0.11252	0.82332	0.00737
V82	0.00052	0.03203	0.95836	0.00909
V83	0.12096	0.11768	0.06345	0.69791
V84	0.38302	0.01692	0.15135	0.44871
V85	0.10895	0.25407	0.42291	0.21406
V86	0.04409	0.01672	0.88808	0.05111
V87	0.03382	0.82765	0.05236	0.08617
V88	0.15284	0.02451	0.25287	0.56978
V89	0.01418	0	0.17903	0.80679
V90	0.02622	0.89996	0.05564	0.01819
V91	0.03369	0.7281	0.19798	0.04024
V92	0.46442	0.00286	0.37636	0.15636
V93	0.88538	0.00334	0	0.11129
V94	0.01373	0.37459	0.01477	0.59691
V95	0.27366	0.38004	0.16185	0.18445
V96	0.06009	0.05645	0.01695	0.86651
V97	0.72264	0.06586	0.20562	0.00587
V98	0.72164	0.26219	0	0.01617
V99	0.8283	0.02175	0.14417	0.00578
V100	0.07847	0.00497	0.8878	0.02876
V101	0.01266	0.0113	0.00275	0.97329
V102	0.9485	0.03023	0.00518	0.01608
V103	0.00826	0.01759	0.07708	0.89707
V104	0.02877	0.95751	0.00543	0.00829
V105	0.06023	0.91949	0.01242	0.00787
V106	0.12504	0.4791	0.34489	0.05097
V107	0.20043	0.14374	0.59421	0.06161
V108	0.16617	0.73888	0.09495	0
V109	0.0125	0.10062	0.60191	0.28497
V110	0.05736	0.87918	0.03501	0.02845
V111	0.9275	0	0.06599	0.00651
V112	0.12094	0.02587	0.41943	0.43375
V113	0.17875	0.05713	0.16316	0.60096
V114	0.22561	0.0178	0.07025	0.68635
V115	0.00724	0.74757	0.23802	0.00717
V116	0.14525	0.25296	0.38808	0.2137
V117	0.71757	0.20576	0.0312	0.04547
V118	0.16858	0.52859	0.03136	0.27146
V119	0.09992	0.03987	0.03969	0.82052
V120	0.07831	0.03236	0.87112	0.01821
V121	0.61489	0.07909	0.09071	0.21531
V122	0.97226	0.00013	0.01152	0.01608
V123	0.00607	0.44497	0.03868	0.51028
V124	0.689	0.2447	0	0.0663
V125	0.42357	0.37042	0.17952	0.02649
V126	0.03062	0.0965	0.03998	0.8329
V127	0.15093	0.01844	0.2409	0.58974
V128	0.02379	8e-05	0.09333	0.88281
V129	0.62003	0.18104	0.16244	0.0365
V130	0.00656	0.63941	0.34703	0.007
V131	0.02536	0.87873	0	0.09591
V132	0.95125	0	0.02425	0.0245
V133	0.93251	0.00366	0.04827	0.01555
V134	0.10585	0.32387	0.12839	0.44189
V135	0.06656	0.00292	0.16003	0.77049
V136	0.24527	0.33772	0.00831	0.4087
V137	0.672	0.01286	0.23953	0.07561
V138	0.22157	0.34456	0.18213	0.25174
V139	0.36643	0.14646	0.19449	0.29262
V140	0.02306	0.0501	0.0419	0.88494
V141	0.06076	0.09929	0.55328	0.28667
V142	0.8042	0	0.1958	0
V143	0.44838	0.2019	0.06409	0.28562
V144	0.1566	0.09831	0.15788	0.58721
V145	0.00048	0.75504	0.23721	0.00728
V146	0.04522	0.00086	0.02119	0.93273
V147	0.93161	0.00792	0.01717	0.04331
V148	0.12683	0.03433	0.58358	0.25526
V149	0.28684	0.48076	0.22619	0.00622
V150	0.08788	0.18621	0.62563	0.10028
V151	0.21988	0.59003	0.03203	0.15806
V152	0.25235	0.39697	0.22804	0.12264
V153	0.11121	0.72637	0.01712	0.1453
V154	0.26521	0.4144	0.28164	0.03875
V155	0.50359	0.09274	0.28794	0.11573
V156	0.03053	0.08643	0.72344	0.15961
V157	0.31503	0.10113	0.31583	0.26802
V158	0.01242	0	0.01667	0.97091
V159	0.90619	0.04006	0	0.05375
V160	0.67856	0	0.05881	0.26263
V161	0.19149	0	0.02359	0.78492
V162	0.05939	0.23277	0.07403	0.63381
V163	0.0976	0.43702	0.17267	0.29271
V164	0.35435	0.24672	0.10585	0.29308
V165	0.00756	0.20821	0	0.78423
V166	0.00771	0.05726	0.05902	0.87601
V167	0.32243	0	0.00328	0.6743
V168	0.31038	0.53796	0.07889	0.07276
V169	0.17304	0.0259	0.03014	0.77092
V170	0.09937	0.00331	0.50687	0.39045
V171	0.13585	0.19028	0.62319	0.05068
V172	0.73363	0	0.26034	0.00603
V173	0.02275	0.09856	0.03194	0.84674
V174	0.01405	0.11283	0.06555	0.80757
V175	0.06102	0	0.78647	0.15251
V176	0.00724	0.81066	0.17484	0.00725
V177	0.00927	0.97148	0	0.01925
V178	0.00666	0.72778	0.00303	0.26254
V179	0.15086	0	0.36214	0.487
V180	0.02906	0.89212	0.07877	5e-05
V181	0.16761	0.08145	0.55495	0.19599
V182	0.32248	0.12808	0.47681	0.07263
V183	0.19788	0.79004	0.00474	0.00734
V184	0.99236	0	0.00751	0.00013
V185	0.60355	0.37909	0.01124	0.00612
V186	0.12245	0.43764	0.27669	0.16322
V187	0.96746	5e-04	0.02526	0.00678
V188	0.05065	0.17872	0	0.77063
V189	0.8133	0.00613	0.01523	0.16533
V190	0.68128	0.00065	0.31201	0.00605
V191	0.20044	0.15548	0.59403	0.05005
V192	0.31799	0.415	0.04768	0.21932
V193	0.61444	0.01132	0.2316	0.14265
V194	0.0377	0.92875	0.00448	0.02907
V195	0.00793	0.01022	0.97259	0.00926
V196	0.00999	0.04176	0.00686	0.94139
V197	0.39169	0.02307	0.02146	0.56379
V198	0.06473	0.46843	0.3914	0.07544
V199	0.15067	0.00638	0.15901	0.68394
V200	0.12938	0.51149	0.0153	0.34382
V201	0.09935	0.51416	0.19736	0.18913
V202	0.01294	0.00326	0.77278	0.21103
V203	0.17737	0.38694	0.40804	0.02766
V204	0.00641	0.47111	0.00212	0.52037
V205	0.01563	0.02794	0.9374	0.01903
V206	0.04667	0.05761	0.88783	0.00789
V207	0.12143	0.13451	0.04618	0.69789
V208	0.26715	0.03368	0.68225	0.01692
V209	0.3202	0.41833	0.06698	0.1945
V210	0.09052	0.75315	0.09351	0.06282
V211	0.395	0.00172	0.02845	0.57483
V212	0.53321	0.01582	0.42551	0.02545
V213	0.63345	0.01043	0.10537	0.25076
V214	0.33093	0.10633	0.16109	0.40165
V215	0.27311	0.05721	0.01431	0.65537
V216	0.02909	0	0.01592	0.95499
V217	0.0413	0.43896	0.23911	0.28062
V218	0.09712	0.38882	0.17059	0.34347
V219	0.10821	0.59017	0.00898	0.29264
V220	0.00673	0.8	0.00311	0.19016
V221	0.79453	0	0.00344	0.20203
V222	0.32702	0.08449	0.37169	0.2168
V223	0.00555	0.09128	0.80484	0.09833
V224	0.97901	0	0.02092	7e-05
V225	0.05931	0.87767	0.05574	0.00728
V226	0.32844	0.04877	0.60626	0.01653
V227	0.80024	0	0.18488	0.01488
V228	0.79535	0.03709	0.06168	0.10587
V229	0.01541	0.00709	0.94751	0.02999
V230	0.01116	0.0103	0.01594	0.96261
V231	0.01307	0.21266	0.10242	0.67185
V232	0.0432	0.59871	0	0.35809
V233	0.58428	0.05128	0.19576	0.16868
V234	0.03784	0.91653	0.0273	0.01833
V235	0.39752	0.03029	0.53498	0.0372
V236	0.04244	0.03557	0.82467	0.09732
V237	0.14194	0	0.02499	0.83307
V238	0.13717	0.52493	0.27517	0.06273
V239	0.06015	0.33545	0.01435	0.59006
V240	0.50839	0.0146	0.42014	0.05687
V241	0.01446	0.00113	0.89908	0.08532
V242	0.13961	0.74928	0.09399	0.01712
V243	0.24941	0.01708	0.63987	0.09364
V244	0.20844	0	0.6883	0.10326
V245	0.63846	0.24606	0.04704	0.06844
V246	0.05517	0.10592	0.81043	0.02849
V247	0.17606	0.00728	0.81611	0.00055
V248	0.01702	0.0127	0.03642	0.93386
V249	1e-05	0.0182	0.89576	0.08603
V250	0.78167	0	0.21232	0.006
V251	0.96213	0.02536	0.00572	0.00679
V252	0.00906	0.83432	0.15653	9e-05
V253	0.35384	0.03576	0.15318	0.45722
V254	0.00859	0.93606	0.04729	0.00806
V255	0.0468	0.90236	0	0.05084
V256	0.18524	0.16053	0.5438	0.11043
V257	0.42878	0.05813	0.23072	0.28237
V258	0.18443	0.20969	0.44458	0.1613
V259	0.0319	0.25	0.66655	0.05156
V260	0.00034	0.25093	0.74107	0.00766
V261	0.62303	0.01084	0.19089	0.17524
V262	0.08223	0.02968	0.01092	0.87717
V263	0.01799	0.9524	0	0.02961
V264	0.15543	0.01294	0.4162	0.41543
V265	0.0233	0	0.11773	0.85897
V266	0.67653	0.3181	0.00537	0
V267	3e-05	0.1213	0.26768	0.61099
V268	0.36445	0.00551	0.131	0.49904
V269	0.00579	0.52333	0.40783	0.06305
V270	0.65757	0.00688	0.2388	0.09674
V271	0.81685	0.03724	0.02924	0.11667
V272	0.05484	0.80186	0.00972	0.13358
V273	0.0439	0.00625	0.0282	0.92166
V274	0.69956	0	0.17514	0.12529
V275	0.00061	0.01126	0.97829	0.00984
V276	0.5239	0.28486	0.00882	0.18241
V277	0.02955	0.14593	0.14719	0.67733
V278	0.02858	0.02605	0.2685	0.67686
V279	0.70149	0.029	0.10687	0.16263
V280	0.01242	0	0.01667	0.97091
V281	0.53465	0.00997	0.13217	0.32321
V282	0.05271	0.03627	0.83701	0.07401
V283	0.22135	0.53585	0.05874	0.18406
V284	0.02694	0.90966	0.05581	0.00759
V285	0.0746	0.00424	0.92039	0.00077
V286	0.26104	0.50745	0.11024	0.12127
V287	0.10298	0.85762	0.01118	0.02822
V288	0.01277	0.21754	0.43277	0.33692
V289	0.30023	0.16613	0.43695	0.09669
V290	0.85107	0.1366	0.01234	0
V291	0.51407	0.03758	0.43263	0.01572
V292	0.93783	0	0	0.06217
V293	0.30775	0.00182	0.64305	0.04738
V294	0.08016	0.30159	0	0.61826
V295	0.01303	0.11974	0.17617	0.69106
V296	0.18297	0.07682	0.63117	0.10904
V297	0.06118	0	0.05767	0.88114
V298	0.3193	0.06323	0.60104	0.01643
V299	0.05987	0.21316	0.00856	0.7184
V300	0.00044	0.01057	0.20774	0.78125
V301	0.11801	0.06858	0.66654	0.14687
V302	0.68219	0.30156	0	0.01625
V303	0.00037	0.56618	0.3933	0.04015
V304	0.04997	0.00713	0.74188	0.20102
V305	0.11633	0.10656	0.46535	0.31177
V306	0.83979	0.06011	0.04582	0.05428
V307	0.01757	0.95152	0.01217	0.01874
V308	0.22949	0.16842	0.30071	0.30137
V309	0.33083	0.25137	0.02139	0.39641
V310	0.07093	0.24701	0.14367	0.53839
V311	0.54816	0.44074	0.00476	0.00633
V312	0.10233	0.72372	0.14585	0.0281
V313	0.00268	0.07222	0.01236	0.91273
V314	0.01351	0.40716	0.10734	0.472
V315	0.12005	0.57675	0.03141	0.27179
V316	0.31504	0.08587	0.394	0.20508
V317	0.08746	0.66196	0.04022	0.21036
V318	0.03094	0.49019	0.00822	0.47065
V319	0.05433	0.03083	0.87453	0.04032
V320	0.07355	0.09387	0.67261	0.15997
V321	0.66597	0.32867	0.00536	0
V322	0.18584	0.25491	0.06444	0.49481
V323	0.04212	0.004	0.07497	0.87891
V324	0.70066	0.20798	0.06603	0.02532
V325	0.33136	0.61005	0.05232	0.00628
V326	0	0.4959	0.08669	0.41741
V327	0.01399	0.0953	0.09168	0.79903
V328	0.04013	0.00707	0.73959	0.21321
V329	0.15437	0.0642	0.15545	0.62598
V330	0.37384	0	0.32137	0.3048
V331	0.32004	0.04931	0.03603	0.59462
V332	0.00655	0.02207	0.1628	0.80858
V333	0.43351	0.03875	0.3896	0.13814
V334	0.33948	0	0.34179	0.31872
V335	0.02224	0.27987	0.53549	0.1624
V336	0.18422	0.66629	0.01703	0.13246
V337	0.30132	0.35812	0.30197	0.03859
V338	0.00154	0.98405	0.00561	0.0088
V339	0.12692	0.00131	0.86379	0.00797
V340	0.05131	0.1677	0.54164	0.23936
V341	0.01639	0.01208	0.05203	0.9195
V342	0.24036	0	0.60035	0.15929
V343	0.98172	0.00527	0.00586	0.00715
V344	0.70875	0.1126	0.17866	0
V345	0.00962	0.01287	0.97648	0.00102
V346	0.21969	0.06597	0.27497	0.43937
V347	0.03197	0	0.10871	0.85932
V348	0.05381	0.61494	0.14439	0.18685
V349	0.35898	0.1136	0.39666	0.13075
V350	0.02771	0.79594	0.17625	1e-04
V351	0.01284	0.00915	0.36681	0.6112
V352	0.04257	0.00446	0.85722	0.09575
V353	0.89141	0.00657	0.02933	0.07269
V354	0.04512	0.67218	0.23168	0.05102
V355	0.27216	0.03949	0.46118	0.22716
V356	0.02381	0.00431	0.08432	0.88756
V357	0.10704	0.26724	0.2818	0.34392
V358	0.52981	0.06254	0.04372	0.36393
V359	0.54737	0.02861	0.02769	0.39633
V360	0.57919	0.38723	0.01768	0.0159
V361	0.00011	0.42021	0.57237	0.00731
V362	0.00161	0.9768	0.01299	0.00861
V363	0.16362	0.07039	0.47023	0.29575
V364	0.15366	0.03007	0.69659	0.11968
V365	0.23402	0.00856	0.00917	0.74826
V366	0.07611	0.6451	0.07962	0.19917
V367	0.55834	0.09451	0.00258	0.34457
V368	0.08874	0.70774	0.08052	0.123
V369	0.01468	0.36696	0.61123	0.00713
V370	0.31196	0.22549	0.42432	0.03823
V371	0.19668	0.69333	0.0255	0.0845
V372	0.13939	0.0242	0.10632	0.73009
V373	0.07076	0.08637	0.47061	0.37226
V374	0.79295	0.00119	0.20586	0
V375	0.03036	0.01517	0.1257	0.82877
V376	0.02338	0.01134	0.08391	0.88136
V377	0.75812	0	0.009	0.23288
V378	0.00543	0.00929	0.37616	0.60912
V379	0.31638	0.14099	0.00754	0.53509
V380	0.12951	0.03791	0.18255	0.65003
V381	0.72272	0.00202	0.08607	0.18919
V382	0.08093	0.01259	0.89841	0.00807
V383	0.82252	0	0.04398	0.1335
V384	0.5468	0.04274	0.12706	0.2834
V385	0.86425	0.00275	0.07025	0.06274
V386	0.26905	0.00144	0.12986	0.59965
V387	0.60737	0.10071	0.19032	0.1016
V388	0.38645	0.27148	0.14839	0.19368
V389	0.43415	0.47474	0.00977	0.08134
V390	0.31274	0.2104	0.47069	0.00617
V391	0.39103	0.06305	0.01358	0.53234
V392	0.43005	0.16407	0.16507	0.24082
V393	0.28487	0.17204	0.35862	0.18448
V394	0.07909	0.16284	0.10288	0.6552
V395	0.22185	0.33504	0.20449	0.23862
V396	0.00858	0.9571	0.00497	0.02935
V397	0.80314	0.053	0.09974	0.04412
V398	0.43542	0.08651	0.09087	0.3872
V399	0.19927	0.51154	0.1542	0.135
V400	3e-05	0.51622	0.05717	0.42659
V401	0.03156	0.10798	0.76166	0.0988
V402	0.82255	0.14368	0.03377	0
V403	0.01638	0.00611	0.06027	0.91724
V404	0.08672	0.14339	0.64545	0.12444
V405	0.19422	0.0115	0.15033	0.64396
V406	0.66029	0.20122	0.0158	0.12269
V407	0.00154	0.98405	0.00561	0.0088
V408	0.08436	0.18382	0.40337	0.32845
V409	0.00501	0.00465	0.01678	0.97356
V410	0.09119	0.85375	0.0268	0.02826
V411	0.39718	0	0	0.60282
V412	0.1487	0.03952	0.49593	0.31585
V413	0.05178	0.42371	0.18067	0.34384
V414	0.03137	0.45949	0.34538	0.16376
V415	0.42546	0.01076	0.22105	0.34273
V416	0.00859	0.05015	0.94058	0.00068
V417	0.4045	0.58429	0.00472	0.00648
V418	0.05844	0.05957	0.1259	0.75609
V419	0.01207	0	0.02324	0.96469
V420	0.00062	0.86977	0.01038	0.11923
V421	0.15128	0.01652	0.68969	0.14251
V422	0.03599	0.03319	0.00617	0.92464
V423	0.07847	0.00497	0.8878	0.02876
V424	0	0.02327	0.60018	0.37655
V425	0.05245	0.18393	0.62588	0.13774
V426	0.08567	0.01952	0.81051	0.0843
V427	0.06238	0.32905	0.18846	0.42011
V428	0.08942	0.74921	0.05115	0.11022
V429	0.01143	0	0.03141	0.95716
V430	0.77248	0.12536	0.01578	0.08638
V431	0.16638	0.00763	0.43562	0.39038
V432	0.08949	0.05402	0.03942	0.81707
V433	0.05419	0.68296	0	0.26285
V434	0.30737	0.04278	0.04453	0.60532
V435	0.47673	0.00146	0.11258	0.40923
V436	0.34631	0.00144	0.10423	0.54802
V437	0.21045	0.17077	0.00172	0.61706
V438	0.60901	0.11286	0.02923	0.24891
V439	0.02501	0.06097	0.00528	0.90874
V440	0.44854	0.01646	0.02791	0.50708
V441	0.06117	0.08309	0.6068	0.24894
V442	0.31931	0.283	0.13883	0.25886
V443	0.72745	0	0.0852	0.18735
V444	0.00962	0.01287	0.97648	0.00102
V445	0.62472	0.00372	0.33624	0.03533
V446	0.03374	0.81584	0.05199	0.09843
V447	0.64205	0.0587	0.17696	0.12229
V448	0.01369	0.03409	0.17192	0.7803
V449	0.56699	0.01846	0.29287	0.12168
V450	0.15602	0.83079	0.01312	7e-05
V451	0.94474	0.03025	0	0.02501
V452	0.02582	0.00049	0.05987	0.91382
V453	0.82811	0.04468	0.06272	0.06449
V454	0.00097	0.93362	0.04681	0.0186
V455	0.6095	0.01315	0.30097	0.07638
V456	0.32721	0.07688	0.39173	0.20418
V457	0.00502	0.01142	0.0096	0.97396
V458	0.24563	0.16956	0.00177	0.58304
V459	0.01466	0.7705	0.09231	0.12254
V460	0.95938	0	0.02473	0.01589
V461	0.04565	0.01287	0.00673	0.93474
V462	0.32777	0.18924	0	0.48299
V463	0.26169	0.42727	0.1634	0.14764
V464	0.47858	0.06312	0.00234	0.45596
V465	0.41342	0.37424	0.02336	0.18898
V466	0.57791	0.13972	0.0025	0.27987
V467	0.33552	0.53603	0.07944	0.04901
V468	0.5239	0.35821	0.04782	0.07007
V469	0.01287	0.11999	0.27108	0.59606
V470	0.55589	0.08098	0.17953	0.1836
V471	0.24025	0.06453	0.02913	0.66609
V472	0.31071	0.27009	0	0.4192
V473	0.10128	0.51654	0.35415	0.02803
V474	0.09767	0	0.08928	0.81304
V475	0.17679	0.33371	0.07545	0.41405
V476	0.14066	0.00284	0.04786	0.80864
V477	0.59304	0.01719	0.20155	0.18822
V478	0.12878	0.52992	0.00244	0.33886
V479	0.01354	0.05129	0.82547	0.1097
V480	0.06999	0.24183	0.03755	0.65064
V481	0.14896	0.00487	0.82833	0.01784
V482	0.72175	0.12042	0.11267	0.04516
V483	0.10853	0.06659	0.06387	0.76101
V484	0.01669	0.03868	0.0199	0.92473
V485	0.12111	0.70026	0.00952	0.16911
V486	0.26144	0.20432	0.12513	0.4091
V487	0.05883	0.02138	0.07438	0.84541
V488	0	0.00132	0.86806	0.13062
V489	0.22122	0.06558	0.69609	0.01711
V490	0.33778	0.25558	0.06473	0.34192
V491	0.46315	0.42338	0.0319	0.08156
V492	0.02587	0.83217	0.13482	0.00714
V493	0.01435	9e-05	0.00411	0.98145
V494	0.19578	0.10881	0.53645	0.15896
V495	0.23885	0.59096	0.14285	0.02734
V496	0.29005	0.65005	0	0.05991
V497	0.00827	0.00476	0.97746	0.00951
V498	0.28721	0.06413	0.04415	0.60451
V499	0.6452	0.22477	0.12427	0.00576
V500	0.0989	0.08231	0.76801	0.05078
V501	0.00498	0	0.03232	0.9627
V502	0.57769	0.2314	0.15414	0.03678
V503	0.17902	0.05741	0.18503	0.57853
V504	0.24402	0.66229	0.00992	0.08377
V505	0.18953	0.15688	0.2518	0.40179
V506	0.08532	0.19751	0.46452	0.25266
V507	0.61389	0.06439	0.11894	0.20278
V508	0.77902	0.12704	0.03848	0.05546
V509	0.22213	0.0331	0.50485	0.23993
V510	0.23964	0.48586	0.26815	0.00635
V511	0.04003	0.34855	0.03818	0.57323
V512	0.2157	0.02345	0.07032	0.69053
V513	0.0775	0.61482	0.22034	0.08735
V514	0.0112	0.03635	0.00179	0.95065
V515	0.76989	0.03649	0.04403	0.14958
V516	0.92959	0.06358	0	0.00683
V517	0.02928	0.00822	0.22648	0.73603
V518	0.97298	0.01947	6e-05	0.00748
V519	0.02425	0.84072	0.00334	0.1317
V520	0.02064	0	0.58709	0.39227
V521	0.57865	0.02116	0.36441	0.03579
V522	0.00451	0.08196	0.57116	0.34237
V523	0.34716	0.08239	0.25722	0.31323
V524	0.00657	0.75644	0.19701	0.03998
V525	0.23579	0.14986	0.02079	0.59356
V526	0.63595	0.04924	0.07	0.24481
V527	0.18924	0.00711	0.37924	0.42441
V528	0.10095	0.83758	0	0.06148
V529	0.04786	0.03297	0.20036	0.71881
V530	0.00504	0.1566	0.70288	0.13547
V531	0.01838	0.86499	0.11658	4e-05
V532	0.15852	0.26218	0.0212	0.55809
V533	0.28106	0.29405	0.13892	0.28598
V534	0.0052	0.00249	0.6909	0.30142
V535	0.50374	0	0.00819	0.48807
V536	0.17259	0	0.34713	0.48027
V537	0.61931	0.21255	0.15276	0.01538
V538	0.42688	0.02859	0.07845	0.46609
V539	0.27366	0.38004	0.16185	0.18445
V540	0.21135	0.66812	0.07066	0.04986
V541	0.01374	0.43869	0.05666	0.49092
V542	0.18288	0.08153	0.24328	0.49231
V543	0.86873	0	0.00964	0.12163
V544	0.08801	0.05142	0.15381	0.70675
V545	0.34337	0.09572	0.06276	0.49814
V546	0.0482	0.87852	0.06599	0.0073
V547	0.0343	0.61719	0.33121	0.0173
V548	0.16561	0.74426	0.08351	0.00662
V549	0.33577	0.013	0.63463	0.01661
V550	0.54695	0.01173	0	0.44132
V551	0.18642	0.70699	0.03313	0.07346
V552	0.00035	0.45781	0.00219	0.53965
V553	0.23613	0.10666	0.62969	0.02752
V554	0.04267	0.0509	0.01803	0.88841
V555	0.0831	0.17016	0.32991	0.41682
V556	0.00033	0.01447	0.94366	0.04154
V557	0.80334	0.01151	0.00896	0.17619
V558	0.0655	0.75036	0.02499	0.15915
V559	0.00872	0.79362	0.19751	0.00015
V560	0.7077	0.28563	0	0.00667
V561	0.00061	0.01126	0.97829	0.00984
V562	0.77356	0	0.11279	0.11366
V563	0.25044	0.00017	0.74226	0.00713
V564	0.05623	0.04876	0.8767	0.01831
V565	0.1184	0.20578	0.38425	0.29157
V566	0.68521	0.06393	0.00294	0.24792
V567	0.21262	0.38476	0.02227	0.38035
V568	0.21055	0	0.04581	0.74364
V569	0.64521	0.01132	0	0.34347
V570	0.02244	0.24632	0.64398	0.08726
V571	0.83329	0.09235	0	0.07436
V572	0.44037	0	0.43734	0.12229
V573	0.05105	0.12286	0.0034	0.82269
V574	0.03574	0.7698	0.17686	0.01759
V575	0.01409	0.04827	0.10904	0.8286
V576	0.16438	0.78369	0.03467	0.01726
V577	0.02937	0.01999	0.18953	0.76112
V578	0.05057	0.03694	0.68138	0.23111
V579	0.00722	0.87038	0.09387	0.02853
V580	0.12806	0	0.09694	0.775
V581	0.05342	0.04556	0.00034	0.90069
V582	0.57319	0.10347	0.02887	0.29447
V583	0.00524	0.02274	0.57005	0.40198
V584	0.54153	0.1145	0.29709	0.04689
V585	0.00555	0.00017	0.41438	0.57991
V586	0.23316	0.00138	0.6501	0.11536
V587	0.27079	0.00284	0.68853	0.03783
V588	0.59964	0.02224	0.02091	0.35722
V589	0.05595	0.7959	0.0619	0.08626
V590	0.04741	0.74722	0.19847	0.0069
V591	0.00055	0.01666	0.18077	0.80202
V592	0.16569	0.02078	0.81299	0.00054
V593	0.55665	0	0.17425	0.26909
V594	0.35279	0.24197	0.34491	0.06033
V595	0.01957	0.0082	0.0153	0.95693
V596	0.02881	0.21927	0.21444	0.53748
V597	1e-05	0.53896	0.35023	0.1108
V598	0.01518	0.08391	0.88234	0.01857
V599	0.65327	0.27918	0.03155	0.03599
V600	0.37125	0.425	0.04793	0.15582
V601	0.14732	0.21362	0.07363	0.56543
V602	0.0198	0.01032	0.00794	0.96194
V603	0.0065	0.30144	0.00881	0.68325
V604	0.53577	0.08081	0.3471	0.03632
V605	0.06249	0.27341	0.41033	0.25377
V606	0.73413	0.11501	0.00931	0.14154
V607	0.62512	0.00182	0.10388	0.26918
V608	0.21518	0.11241	0.3877	0.28471
V609	0.02045	0.17683	0.22248	0.58024
V610	0.76002	0.00575	0.08676	0.14747
V611	0.25271	0	0.04484	0.70245
V612	0.0226	0.05886	0.83259	0.08595
V613	0.03167	0.29396	0.62299	0.05138
V614	0.75946	0.03647	0.04382	0.16024
V615	0.11202	0.02912	0.00403	0.85483
V616	0.07623	0.66064	0.04005	0.22307
V617	0.49715	0.12536	0.37749	0
V618	0.68489	0	0	0.31511
V619	0.37058	0.01135	0.30635	0.31172
V620	0.00656	0.63941	0.34703	0.007
V621	0.42246	0.10752	0.17035	0.29967
V622	0.37502	0.18043	0.40684	0.0377
V623	0.01398	0.04159	0.12575	0.81869
V624	0.8119	0.16299	0	0.02511
V625	0.27364	0.44362	0.09875	0.184
V626	0.97218	0.01131	0	0.01651
V627	0.0031	0.0079	0.06225	0.92676
V628	0.00111	0.17369	0.00972	0.81548
V629	0.11788	0.23417	0.27967	0.36827
V630	0.03154	0.29242	0.61303	0.06301
V631	0.0138	0.13712	0.09299	0.75609
V632	0.54983	0	0.12833	0.32184
V633	0	0.0153	0.82999	0.15472
V634	0.42216	0.2251	0.34669	0.00605
V635	0.02365	0.70939	0.00301	0.26395
V636	0.11787	0.0683	0.65517	0.15865
V637	0.29075	0.14253	0.08255	0.48418
V638	0.37033	0.20346	0.06372	0.36249
V639	0.28561	0.39422	0.32017	0
V640	0.03241	0.11198	0.79238	0.06323
V641	0.89507	0.01878	0.02326	0.06289
V642	0.77787	0.13668	0	0.08546
V643	0.00473	0.13246	0.44404	0.41877
V644	0.92688	0.05217	0.00503	0.01592
V645	0.27673	0.36995	0.3261	0.02722
V646	0.00944	0.97647	0.00546	0.00863
V647	0.14447	0.05643	0.72583	0.07327
V648	0.4347	0.38842	0.13919	0.0377
V649	0.02288	0.03792	0.86489	0.07431
V650	0.05258	0.05799	0.80387	0.08556
V651	0.32007	0	0.67297	0.00696
V652	0.07953	0.05388	0.42603	0.44056
V653	0.12341	0.62635	0.1017	0.14854
V654	0.72095	0.15639	0.05544	0.06722
V655	0.03081	0.50445	0.01496	0.44978
V656	0.18959	0.21045	0.00746	0.59249
V657	0.01768	0.0398	0.00638	0.93613
V658	0.61267	0.16197	0.05448	0.17089
V659	0.31988	0.05292	0.3646	0.26261
V660	0.02737	0.94337	0	0.02925
V661	0.05067	0.34977	0.04643	0.55314
V662	0.4104	0.0034	0.46269	0.12351
V663	0.24034	0.04195	0.57504	0.14267
V664	0.20518	0.03887	0.69525	0.06071
V665	0.70827	0.14314	0.0377	0.11089
V666	0.54292	0	0.09353	0.36355
V667	0.78779	0.04682	0.16539	0
V668	0.12939	0.78376	0.08685	0
V669	0.23742	0.36438	0.26296	0.13524
V670	0.08228	0.88873	0	0.02898
V671	0.37686	0.23636	0.26684	0.11993
V672	0.01519	0.01227	0.93149	0.04104
V673	0.23435	0.31534	0.23776	0.21255
V674	0.72626	0.10541	0.01532	0.15301
V675	0.13189	0.2711	0.33026	0.26675
V676	0.02184	0.06959	0.09235	0.81622
V677	0.39758	0.34933	0.09747	0.15562
V678	0.53939	0.44305	0.01135	0.00621
V679	0.04516	0.27682	0.6603	0.01772
V680	0.32512	0.50728	0.14074	0.02685
V681	0.91474	0.0401	0.01075	0.03441
V682	0.1115	0.25723	0.58035	0.05092
V683	0.0114	0.97446	0.01379	0.00035
V684	0.72155	0.1187	0.09307	0.06668
V685	0.51691	0.2969	0.12776	0.05844
V686	0.07892	0.12681	0.13815	0.65612
V687	0.01971	0.00215	0.01602	0.96212
V688	0.38223	0.45701	0	0.16076
V689	0.22034	0	0.03743	0.74224
V690	0.47538	0.02103	0.42459	0.07899
V691	0.16189	0.00122	0.82911	0.00778
V692	0.07527	0.09804	0.74052	0.08617
V693	0.22231	0.06762	0.36792	0.34215
V694	0.00563	0.00903	0.26385	0.72149
V695	0.21143	0	0.1388	0.64977
V696	0.0618	0.05047	0.01065	0.87709
V697	0.0109	0.02908	0.0077	0.95231
V698	0.79828	0	0.00931	0.19241
V699	0.58633	0.23426	0.06523	0.11418
V700	0.20285	0.00902	0.00354	0.7846
V701	0.10826	0.46581	0.10987	0.31606
V702	0.5131	0.04865	0.00789	0.43035
V703	0.12288	0.02653	0.47681	0.37378
V704	0.81799	0.02336	0.02247	0.13618
V705	0.95549	0	0.01081	0.0337
V706	0.07346	0.02542	0.79272	0.10841
V707	0.03185	0.39247	0.52435	0.05134
V708	0.03449	0.85029	0.01811	0.09711
V709	0.13551	0.21677	0.54832	0.0994
V710	0.61129	0.16126	0.04558	0.18187
V711	0.09159	0.7753	0.09338	0.03974
V712	0.80944	0.03067	0.0035	0.15639
V713	0.43311	0.24131	0.0299	0.29567
V714	0.0062	0.60291	0.01589	0.375
V715	0.31383	0.28604	0.31507	0.08506
V716	0.02529	0.01869	0.03561	0.92041
V717	0.08305	0.89825	0	0.0187
V718	0.14901	0.5154	0.18559	0.14999
V719	0.05385	0.65472	0.03184	0.25959
V720	0.69299	0	0.22329	0.08372
V721	0.11694	0.11451	0.47981	0.28874
V722	0.08052	0.27102	0.00754	0.64092
V723	0.09099	0.04965	0.00364	0.85572
V724	0.54982	0.01002	0.07717	0.36299
V725	0.00015	0.0641	0.8946	0.04115
V726	0.02938	0.30721	0.11515	0.54826
V727	0.28545	0.61555	0.09275	0.00625
V728	0.02635	0.87018	0.09612	0.00735
V729	0.37596	0.00136	0.14832	0.47436
V730	0.91411	0.01336	0.03847	0.03406
V731	0.0206	0.14033	0.39051	0.44857
V732	0.34407	0.045	0.35038	0.26055
V733	0.64999	0.14064	0.02975	0.17962
V734	0.25136	0.26568	0.47671	0.00624
V735	0.01272	0.00955	0.45328	0.52445
V736	0.1235	0.00021	0.00533	0.87097
V737	0.33547	0.23537	0.24566	0.1835
V738	0.07526	0.27808	0.47038	0.17628
V739	0	0.00186	0.57444	0.42371
V740	0.8634	0.0566	0.0649	0.01511
V741	0.46883	0.06309	0.11922	0.34885
V742	0.42583	0.56183	0.01234	0
V743	0.13669	0.10136	0.73382	0.02813
V744	0.51956	0.01891	0.32729	0.13424
V745	0.01405	0.65021	0.18653	0.14922
V746	0.99207	0	2e-04	0.00773
V747	0.04922	0	0.69433	0.25644
V748	0.11689	0.06627	0.59568	0.22116
V749	0.25953	0.12449	0.04495	0.57103
V750	0.4261	0.40553	0.01572	0.15265
V751	0.04582	0.84634	0.03385	0.07399
V752	0.46638	0.17358	0.13417	0.22587
V753	0.01359	0.00591	0.00353	0.97698
V754	0.00769	0.90787	0	0.08445
V755	0.13977	0.1406	0.34182	0.37781
V756	0.01816	0.00175	0.0368	0.94328
V757	0.35815	0.54307	0.0606	0.03818
V758	0.04459	0.7325	0.12403	0.09888
V759	0.11013	0.03175	0.38659	0.47153
V760	0.27293	0.0302	0.26772	0.42915
V761	0.06493	0.53511	0.28747	0.11249
V762	0.00088	0.31266	0.00879	0.67766
V763	0.3839	0.29635	0.02194	0.2978
V764	0.00732	0.90408	0.00382	0.08477
V765	0.64267	0.05648	0	0.30085
V766	0.01272	0.26138	0.44936	0.27653
V767	0.48649	0.08206	0.24534	0.18611
V768	0.05781	0.89435	0.01929	0.02854
V769	0.15116	0.80492	0.02658	0.01733
V770	0.00944	0.97647	0.00546	0.00863
V771	0.17146	0.00479	0.80606	0.01769
V772	0.13864	0.02506	0.8289	0.00739
V773	0.1744	0.80336	0.00448	0.01775
V774	0.01523	0.00279	0.94096	0.04102
V775	0.09697	0.01899	0.25982	0.62422
V776	0.44334	0.36807	0.04734	0.14125
V777	0.15367	0.07256	0.12728	0.64648
V778	0.54891	0.22434	0.06458	0.16217
V779	0.15811	0.02013	0.48638	0.33539
V780	0.11763	0.74715	0.13522	0
V781	0.03571	0.012	0.02075	0.93154
V782	0.00565	0.0835	0.82435	0.08651
V783	0.77317	0.00546	0.04312	0.17825
V784	0.117	0.86359	0.0119	0.0075
V785	0.03743	0.92229	0.01151	0.02877
V786	0.74174	0.11958	0.08311	0.05557
V787	0.00058	0.82642	0.16552	0.00748
V788	0.53249	0.25395	0.15497	0.05859
V789	0.05992	0.29279	0.02225	0.62503
V790	0.41725	0.0108	0.0686	0.50336
V791	0.13341	0.32165	0.34283	0.20211
V792	0.12768	0.46969	0.00244	0.40019
V793	0.12067	0.60038	0.03161	0.24734
V794	0.04249	0.05088	0.80922	0.0974
V795	0.08938	0.02179	0.04869	0.84014
V796	0.024	0.05545	0.89147	0.02908
V797	0.76285	0	0.2221	0.01505
V798	0.64634	0.25263	0.07553	0.02549
V799	0.13663	0.74072	0.02557	0.09709
V800	0.05767	0.00923	0.4943	0.4388
V801	0.12329	0.07545	0.31772	0.48354
V802	0.0286	0.0461	0.25222	0.67308
V803	0.23972	0.48322	0.27705	0
V804	0.52659	0.00311	0.3822	0.08809
V805	0.01051	0.00672	0.98164	0.00113
V806	0.0466	0.89183	0.01079	0.05079
V807	0.23293	0.10532	0.02929	0.63247
V808	0.68798	0.22715	0.03915	0.04572
V809	0.04	0.0245	0.9348	0.00069
V810	0.0101	0.9809	0	0.00899
V811	0.41009	0.0426	0.19519	0.35212
V812	0.55743	0.21182	0.04616	0.18459
V813	0.62003	0.15093	0.1927	0.03634
V814	0.45891	0.49284	0.04214	0.00611
V815	0.00096	0.91403	0.07702	0.00799
V816	0.93922	0	0.06078	0
V817	0.0246	0.04984	0.90704	0.01852
V818	0.00309	0.0283	0.02923	0.93938
V819	0.84729	0.05277	0.04579	0.05416
V820	0.11062	0.06187	0.01565	0.81185
V821	0.22391	0.26762	0.41028	0.09819
V822	0.06653	0.01118	0.89335	0.02894
V823	0.02211	0.14564	0.70822	0.12404
V824	0.09213	0.34514	0.56263	1e-04
V825	0.21896	0.23474	0.25718	0.28912
V826	0.45619	0.37006	0.15796	0.01579
V827	0.39943	0.5526	0.01025	0.03772
V828	0.20277	0.11429	0.10205	0.5809
V829	0.03032	0.18737	0.03037	0.75194
V830	0.20196	0.17014	0.0208	0.6071
V831	0.77444	0.0571	0.02902	0.13945
V832	0.27399	0.34356	0.17141	0.21104
V833	0.14732	0.45293	0.18496	0.21478
V834	0.26272	0.04276	0.07054	0.62398
V835	0.37493	0.39829	0.11934	0.10745
V836	0.0065	0.60775	0.00279	0.38296
V837	0.22086	0.32321	0.19164	0.26429
V838	0.94485	0.02358	0.02499	0.00657
V839	0.3224	0.56974	0.10164	0.00621
V840	0.31203	0.6822	0.00568	9e-05
V841	4e-05	0.02498	0.90049	0.07449
V842	0.35206	0.11935	0.26157	0.26702
V843	0.01401	0.00914	0.87975	0.09709
V844	0.10065	0.0528	0.36922	0.47733
V845	0.06447	0.07299	0.77686	0.08568
V846	0	0.0036	0.74136	0.25503
V847	0.0062	1e-04	0.01104	0.98266
V848	0.08612	0.44755	0.17305	0.29328
V849	0.00097	0.94328	0.00463	0.05112
V850	0.97241	0	0.01159	0.016
V851	0.35793	0.49138	0.15069	0
V852	0.08761	0.02648	0.11506	0.77084
V853	0.24729	0.17444	0.41874	0.15953
V854	0.60206	0.12457	0.10215	0.17122
V855	0.0062	1e-04	0.01104	0.98266
V856	0.03966	0.29393	0.36171	0.3047
V857	0.68193	0.13262	0.02983	0.15562
V858	0.56704	0.00137	0.4254	0.00618
V859	0.67086	0.19081	0.01584	0.12249
V860	0.16528	0.07308	0.04579	0.71585
V861	0.09116	0.31807	0.57351	0.01725
V862	0.13267	0.05717	0.74859	0.06157
V863	0.17383	0.0346	0	0.79157
V864	0.05163	0.01656	0.04203	0.88978
V865	0.09542	0	0.2436	0.66098
V866	0.73665	0.00382	0.24455	0.01498
V867	0.73809	0.00972	0.24622	0.00596
V868	0.53107	0.22837	0.13605	0.10451
V869	0.01867	0.96758	0.00546	0.0083
V870	0.09107	0.27168	0.01408	0.62317
V871	0.00097	0.94328	0.00463	0.05112
V872	0.00614	0.00421	0.22439	0.76526
V873	0.89808	0.01304	0.04586	0.04302
V874	0.21138	0.76087	0.02772	2e-05
V875	0.01269	0.13644	0.18802	0.66285
V876	0.16034	0.27929	0.43643	0.12393
V877	0.03999	0.33622	0.30534	0.31845
V878	0.1413	0.79225	0.06645	0
V879	0.19783	0.65197	0.04086	0.10935
V880	0.31332	0.49585	0.00278	0.18805
V881	0.13731	0.02215	0.60017	0.24037
V882	0.787	0	0.12077	0.09224
V883	0.29701	0.16436	0.53863	0
V884	0.01482	0.21596	0	0.76923
V885	0.73302	0.17989	0.08709	0
V886	0.01306	0.31222	0.48727	0.18745
V887	0.63244	0.03577	0.15404	0.17774
V888	0.09544	0.02521	0.75965	0.1197
V889	0.92996	0.02822	0.01743	0.02439
V890	0.02989	0.10158	0.63187	0.23666
V891	0.63715	0.02588	0.28139	0.05558
V892	0.25645	0.1316	0.00729	0.60466
V893	0.59947	0.16897	0.15231	0.07925
V894	0.06591	0.26889	0.6139	0.0513
V895	0.59087	0.03635	0.19413	0.17865
V896	0.0377	0.92875	0.00448	0.02907
V897	0.7063	0.21297	0.00353	0.0772
V898	0.41745	0	0.00272	0.57984
V899	0.02101	0.13613	0.12829	0.71457
V900	0.07252	0.23885	0.37165	0.31698
V901	0.03382	0.79515	0.00315	0.16788
V902	0.04838	0.89792	0.04628	0.00743
V903	0.00563	0.37872	0.55272	0.06294
V904	0.01921	0.97202	0	0.00877
V905	0.12609	0	0.15615	0.71776
V906	0.37657	0.05605	0.09946	0.46792
V907	0.44703	0.46572	0.0167	0.07055
V908	0.00837	0.02465	0.05957	0.90741
V909	0.13583	0.76871	0	0.09547
V910	0.13794	0	0.10384	0.75822
V911	0.53339	0.34354	0.03126	0.0918
V912	0.39631	0.27017	0.12763	0.20588
V913	0.09441	0	0.00649	0.8991
V914	0.19028	0.45201	0.30701	0.0507
V915	0.1916	0	0.00412	0.80428
V916	0.25398	0.03062	0.65557	0.05982
V917	0.71029	0.01146	0.16078	0.11747
V918	0.0431	0.58977	0.24277	0.12436
V919	0.19243	0.18053	0.30027	0.32677
V920	0.62806	0.15393	0.0935	0.12451
V921	0.02284	0.11512	0.02424	0.83781
V922	0.10162	0.42257	0.41306	0.06274
V923	0.06239	0.00457	0.03466	0.89838
V924	0.03345	0.64141	0.28488	0.04025
V925	0.15331	0.0148	0.00961	0.82228
V926	0.17281	0.00867	0.02348	0.79505
V927	0.0164	0.01871	0.04444	0.92045
V928	0.046	0.86521	0.00381	0.08498
V929	0.05356	0.58885	0.13298	0.22461
V930	0.52124	0.32061	0.03097	0.12718
V931	0.1357	0.22744	0.53735	0.09951
V932	0.02991	0.07503	0.6111	0.28395
V933	0.62061	0.35296	0.01051	0.01592
V934	0.00563	0.10168	0.25712	0.63558
V935	0.57727	0.11898	0.21267	0.09108
V936	0.52313	0.22003	0.01507	0.24177
V937	0.53194	0.08673	0.08096	0.30036
V938	0.36156	0.02384	0.29969	0.31491
V939	0.73573	0.00547	0.0689	0.1899
V940	0.0246	0.76917	0.15511	0.05112
V941	0.00132	0.0063	0.98215	0.01023
V942	0.76023	0.14982	0.06504	0.02491
V943	0.40635	0.08979	0.43289	0.07097
V944	0.01388	0.20362	0.05573	0.72678
V945	0.57228	0.30542	0.00929	0.11302
V946	0.47224	0.21763	0.2621	0.04803
V947	0.06665	0.02499	0.21123	0.69713
V948	0.34704	0.01233	0.61408	0.02655
V949	3e-04	0.06956	0.18428	0.74586
V950	0.05272	0.47635	0.21714	0.25379
V951	0.83798	0.00387	0.15217	0.00599
V952	0.058	0.08323	0.24934	0.60942
V953	0.01474	0.03305	0.91131	0.04089
V954	0.02957	0.12761	0.12764	0.71518
V955	0.11835	0.53766	0.02334	0.32065
V956	0.02819	0.0092	0.49089	0.47173
V957	0.2952	0.00322	0	0.70158
V958	0.01435	9e-05	0.00411	0.98145
V959	0.23665	0.21139	0.45408	0.09787
V960	0.22031	0.21412	0.07379	0.49177
V961	0.13462	0.3339	0.36861	0.16287
V962	0.37364	0.1244	0.40687	0.09509
V963	0.61	0.12698	0.16081	0.10221
V964	0.84675	0.01256	0.09748	0.0432
V965	0.05191	0.43689	0.19227	0.31893
V966	0.97391	0.00436	0.00559	0.01615
V967	0.04832	0.02099	0.51168	0.419
V968	7e-05	0.11237	0.8013	0.08627
V969	0.00613	0.22489	0.03047	0.73852
V970	0.02897	0.07727	0.41514	0.47862
V971	0.50778	0.05409	0.33567	0.10246
V972	0.50179	0.14972	0.04491	0.30358
V973	0.26801	0.35857	0.07619	0.29722
V974	0.00613	0.74998	0.13378	0.11012
V975	0.10129	0.25522	0.63671	0.00677
V976	0.4401	0.19431	0.11495	0.25064
V977	0.33766	0.31477	0.34142	0.00616
V978	0.05009	0.05501	0.05746	0.83744
V979	0.81124	0.00418	0.1787	0.00588
V980	0.99207	0	2e-04	0.00773
V981	0.32716	0.01311	0.42751	0.23222
V982	0.45651	0.3496	0.07638	0.11751
V983	0.67381	0.03558	0.00285	0.28775
V984	0.01528	0.81963	0.11417	0.05093
V985	0.05985	0.1404	0.00303	0.79672
V986	0.33476	0.47258	0.04829	0.14436
V987	0.25469	0.71777	0	0.02754
V988	0.1821	0.00357	0.00944	0.80489
V989	0.46511	0.43041	0.07811	0.02637
V990	0	0.0281	0.79386	0.17804
V991	0.66376	0.31994	0	0.0163
V992	0.19213	0	0.50493	0.30294
V993	0.06685	0.69313	0.17701	0.06302
V994	0.19941	0.75681	0.0266	0.01718
V995	0.73572	0.07161	0.02932	0.16335
V996	0.24146	0.08118	0.00812	0.66925
V997	0.01327	0.00429	0.82848	0.15396
V998	0.87295	0.0028	0.06173	0.06251
V999	0.12999	0.86204	0	0.00796
V1000	0.27615	0.00861	0	0.71523
