Neutrophils	Monocytes_CD14.CD16.	Macrophage	T_cells_.CD4..	NK_cells
V1	0.33421	0.12026	0.2657	0.13032	0.14951
V2	0.05499	0.78502	0.06191	0.05581	0.04227
V3	0.06493	0.01539	0.44736	0.42658	0.04574
V4	0.00642	0.0097	0.22841	0.04753	0.70794
V5	0.00898	0	0.05032	0.09206	0.84863
V6	0.34623	0.00968	0.28743	0.22637	0.13028
V7	0.00319	0.03978	0.41902	0.06663	0.47139
V8	0.00676	0.05065	0.8657	0.0612	0.0157
V9	0.05676	0	0.25997	0.62919	0.05408
V10	0.47652	0.02342	0.47516	0	0.0249
V11	0.0289	0.0117	0.09562	0.0591	0.80468
V12	0.07876	0.00088	0.22046	0.29993	0.39997
V13	0.12853	0.03218	0.03408	0.416	0.38921
V14	0.15605	0	0.06728	0.64293	0.13375
V15	0.02716	0.01277	0	0.86611	0.09396
V16	0.58053	0.05541	0.01264	0.32045	0.03097
V17	0.05982	0.24166	0.01296	0.0548	0.63076
V18	0.08246	0.42532	0.26436	0.20482	0.02305
V19	0.02314	0.00211	0	0.1049	0.86985
V20	0	0.02077	0.72488	0.21983	0.03451
V21	0.01777	0.25677	0.13058	0.15597	0.43892
V22	0.83326	0.06931	0.06887	0	0.02856
V23	0.07239	0.0054	0.01521	0.12591	0.78108
V24	0.45712	0.10752	0.01858	0.03686	0.37992
V25	0.02298	0.0172	0.00929	0.41286	0.53768
V26	0.47935	0.19627	0.0643	0.03251	0.22756
V27	0.11682	0.50557	0.18959	0.00572	0.1823
V28	0.03033	0.06752	0.20156	0.62104	0.07956
V29	0.00486	0	0.32882	0.60262	0.06371
V30	0.75099	0.09454	0.02939	0.01201	0.11308
V31	0.42575	0.13136	0.01254	0.22748	0.20286
V32	0.9368	0	0.00392	0	0.05928
V33	0.0192	0.19349	0.01197	0.1095	0.66585
V34	0.11665	0.85059	0.01809	0.01068	0.00399
V35	0.09069	0.62429	0.25908	0.02399	0.00196
V36	0.02289	0.1704	0.16504	0.0849	0.55678
V37	0.75057	0	0	0.00013	0.2493
V38	0.12022	0.02651	0.48791	0.19439	0.17097
V39	0.33121	0.02578	0.34045	0.00223	0.30033
V40	0.21754	0.61895	0.02685	0.09815	0.03851
V41	0.05118	0.84294	0.02519	0.00925	0.07144
V42	0.88548	0.02083	0.02146	0	0.07223
V43	0.4949	0.12249	0.36124	0.00891	0.01247
V44	0.03017	0.30079	0.55398	0	0.11506
V45	0.03823	0.67539	0.10241	0.13504	0.04893
V46	0.11061	0.76564	0.07734	0.02929	0.01713
V47	0	0.05303	0.92488	0	0.02209
V48	0.16454	0.12109	0.22732	0.329	0.15805
V49	0.47701	0.13617	0.23635	0.13064	0.01983
V50	0.01831	0.06991	0.90078	0	0.01101
V51	0.09776	0.26215	0.19907	0.0592	0.38182
V52	0.05607	0.90567	0.01937	0.01376	0.00513
V53	0.03075	0.16479	0.00771	0.7301	0.06665
V54	0.21296	0	0.00491	0.54899	0.23315
V55	0.07547	0	0	0.84363	0.08091
V56	0.0706	0	0	0.75068	0.17872
V57	0.15293	0.13394	0.56997	0.01449	0.12867
V58	0.06258	0	0.1278	0.19634	0.61328
V59	0.88615	0.00394	0.09331	0	0.0166
V60	0.43073	0.19574	0.1312	0.11735	0.12498
V61	0.18862	0	0.02075	0.21782	0.57281
V62	0.05475	0.01785	0.29888	0.13011	0.4984
V63	0.39593	0.25268	0.06584	0.02891	0.25663
V64	0.95205	0.00339	0.02352	0	0.02104
V65	0.08656	0.06569	0.0369	0.61941	0.19145
V66	0.02842	0	0.12893	0.76671	0.07594
V67	0.00401	0.01393	0.33395	0.09165	0.55646
V68	0.47851	0	0.41021	0.02092	0.09037
V69	0.60865	0.10744	0.2087	0.00604	0.06918
V70	0.06033	0.71138	0.05321	0.14878	0.0263
V71	0.09255	0.78129	0.05398	0.06012	0.01206
V72	0.03648	0.39581	0.02624	0.03687	0.50461
V73	0.05757	0	0.09706	0.57618	0.26918
V74	0.01665	0.05155	0.00528	0.77988	0.14663
V75	0.48056	0.18318	0.31789	0	0.01837
V76	0.0132	0	0.01258	0.83683	0.13739
V77	0.01711	0.04419	0.8988	0.02596	0.01394
V78	0	0.06121	0.91684	0	0.02194
V79	0.0759	0.39874	0.04423	0.13746	0.34366
V80	0.11956	0.73269	0.01476	0.05064	0.08235
V81	0.00718	0.05343	0.92648	0	0.01291
V82	0.23594	0.14743	0.03052	0.53383	0.05227
V83	0.09757	0.0643	0.01892	0.54351	0.2757
V84	0.08813	0.15754	0.00243	0.05928	0.69262
V85	0	0.05402	0.93143	0	0.01455
V86	0.02418	0.2531	0.30521	0.37787	0.03964
V87	0.46399	0	0.04048	0.44135	0.05418
V88	0.30798	0.14788	0.05487	0.19316	0.2961
V89	0.04175	0.12909	0.79511	0.02408	0.00997
V90	0.01678	0.17437	0.05375	0.10652	0.64857
V91	0.01154	0	0.07545	0.8351	0.07791
V92	0.23361	0.01997	0.02279	0.05696	0.66668
V93	0.01178	0.07618	0.16079	0.51586	0.23539
V94	0.03694	0.16087	0.01963	0.24025	0.54231
V95	0.05875	0.2226	0.02073	0.10845	0.58947
V96	0.80651	0	0.02391	0.01264	0.15694
V97	0.15765	0.01155	0.03982	0.12027	0.6707
V98	0.05044	0.37473	0.18313	0.12136	0.27034
V99	0.51682	0.11802	0.00531	0.21626	0.14359
V100	0.54032	0.14991	0.05428	0.04581	0.20967
V101	0.06397	0.89288	0.0264	0.01256	0.00419
V102	0.30967	0.23374	0.14219	0.10205	0.21235
V103	0.11758	0	0	0.05947	0.82295
V104	0.0445	0.40688	0.08609	0.03636	0.42616
V105	0.0111	0.00267	0.03399	0.10172	0.85052
V106	0.05144	0.75718	0.15168	0.00841	0.0313
V107	0.047	0.23591	0.66769	0.03387	0.01553
V108	0.01471	0.20447	0.7732	0	0.00761
V109	0.05762	0.20754	0.05609	0.27655	0.4022
V110	0.17205	0.51042	0.19187	0.10342	0.02225
V111	0.28691	0.23155	0.47907	0	0.00247
V112	0.17575	0	0.10184	0.47246	0.24996
V113	0.23087	0	0.09884	0.15314	0.51715
V114	0.58494	0.05529	0.05239	0.16814	0.13924
V115	0.87783	0	0.00057	0	0.12161
V116	0.01294	0	0	0.07605	0.91101
V117	0.04791	0.03791	0.80763	0.06822	0.03832
V118	0.04497	0	0	0.85417	0.10086
V119	0.33904	0.00728	0.40382	0.22945	0.02041
V120	0.00611	0.03035	0.81223	0.09933	0.05197
V121	0.18645	0.72456	0.01452	0.01088	0.06358
V122	0.03395	0.38729	0.08896	0.23018	0.25962
V123	0.50451	0.01667	0.07849	0.18866	0.21167
V124	0.2102	0.09484	0.06176	0.22585	0.40735
V125	0.04026	0.46363	0.4851	0	0.01101
V126	0.15202	0.17642	0.22253	0.11462	0.33441
V127	0.28573	0.00625	0.65945	0.03261	0.01596
V128	0.19736	0.76186	0.02297	0.00046	0.01735
V129	0.26941	0.02118	0.27684	0.17075	0.26182
V130	0.03147	0.505	0.04871	0.22077	0.19406
V131	0.01756	0	0.22803	0.69266	0.06175
V132	0.3523	0	0	0.34267	0.30502
V133	0.00145	0.06022	0.54946	0.0858	0.30306
V134	0.06938	0.04463	0.77832	0.01162	0.09605
V135	0.02009	0.11998	0.71918	0.01692	0.12383
V136	0.96889	0	0.007	0	0.02411
V137	0.91953	0.01436	0.00739	0.01353	0.04519
V138	0.24542	0.12828	0.08036	0.13811	0.40783
V139	0.11906	0	0.1529	0.66435	0.06369
V140	0.0233	0	0.14674	0.05436	0.7756
V141	0.01631	0.23616	0.64185	0.08612	0.01955
V142	0.21072	0	0.33261	0.12683	0.32985
V143	0.01725	0.20118	0.48383	0.13669	0.16105
V144	0.50878	0.2089	0.07489	0.1122	0.09524
V145	0	0.05857	0.90782	0.00229	0.03132
V146	0.03518	0.34279	0.00973	0.30953	0.30276
V147	0.09462	0.07842	0.68762	0.09391	0.04544
V148	0.15097	0.77654	0.02342	0.0304	0.01868
V149	0.01537	0	0	0.85236	0.13227
V150	0.14101	0.19952	0.58249	0	0.07698
V151	0.43814	0	0.00679	0.40352	0.15155
V152	0.01644	0	0.10793	0.73763	0.138
V153	0.16957	0.18396	0.46486	0.0415	0.14011
V154	0.11348	0.59192	0.03334	0.03685	0.22441
V155	0.03826	0	0.12853	0.75832	0.07488
V156	0.09771	0.02244	0.40428	0.15024	0.32533
V157	0.0916	0.02891	0.16853	0.28168	0.42928
V158	0.19648	0	0.45083	0.04423	0.30846
V159	0.11344	0.21404	0.0156	0.5759	0.08102
V160	0.46016	0.14632	0.0991	0.04171	0.2527
V161	0.2103	0.0023	0.05622	0.04263	0.68855
V162	0	0.06506	0.92144	0	0.0135
V163	0.04967	0	0.00501	0.09059	0.85473
V164	0.92945	0.03993	0.01664	0	0.01397
V165	0.61178	0.20454	0.09063	0.03918	0.05386
V166	0.05391	0	0.23686	0.57809	0.13114
V167	0.03878	0.64368	0.02804	0.12907	0.16043
V168	0	0.06506	0.92144	0	0.0135
V169	0.05631	0.68708	0.1623	0.07428	0.02004
V170	0.24119	0.38322	0.0626	0.18545	0.12754
V171	0.31802	0.07128	0.37643	0.16853	0.06573
V172	0.17377	0.2119	0.07145	0.04369	0.49919
V173	0.21357	0.08706	0.09204	0.40283	0.2045
V174	0.21272	0	0.35903	0.19641	0.23183
V175	0.07358	0.13417	0.11859	0.18754	0.48611
V176	0.37349	0	0.00105	0.57389	0.05157
V177	0.19943	0.03176	0.58165	0.16347	0.02369
V178	0.28803	0.03336	0.475	0.10446	0.09916
V179	0.09267	0	0	0.06259	0.84475
V180	0.02297	0.01372	0.34129	0.03368	0.58834
V181	0.06174	0.27123	0	0.0842	0.58284
V182	0.56312	0.22128	0.00938	0.15029	0.05594
V183	0.07349	0.89047	0.01861	0.0059	0.01153
V184	0.3263	0	0.30459	0.31782	0.05129
V185	0.10025	0.48164	0.03057	0.14487	0.24267
V186	0.13232	0.17075	0.02847	0.25629	0.41218
V187	0.07992	0.6844	0.01447	0.19735	0.02387
V188	0.86131	0.00801	0.0365	0.07173	0.02245
V189	0.45739	0.22964	0.04157	0.24225	0.02915
V190	0.42277	0.04837	0.2234	0.01742	0.28803
V191	0.21537	0.21229	0.00674	0.41473	0.15087
V192	0.32449	0.17798	0.13272	0.20952	0.15529
V193	0.06807	0.21294	0.52247	0.03702	0.1595
V194	0.26215	0.03096	0.08543	0.11735	0.50411
V195	0.58053	0.16413	0.24386	0	0.01148
V196	0.00703	0	0.04859	0.09218	0.85221
V197	0.07129	0.86399	0.01792	0.03419	0.01261
V198	0.22669	0.21369	0.03892	0.20686	0.31384
V199	0.77701	0	0.21764	0	0.00535
V200	0.76812	0	0.02717	0.01417	0.19054
V201	0.03835	0	0.015	0.69617	0.25048
V202	0.92569	0.04962	0.0019	0	0.02279
V203	0.53104	0.24452	0.03262	0.04984	0.14198
V204	0.33511	0.05821	0.03212	0.02775	0.54681
V205	0.1114	0.01596	0.11374	0.10078	0.65812
V206	0.04835	0.08992	0	0.75656	0.10518
V207	0.02716	0.01277	0	0.86611	0.09396
V208	0.15778	0.21943	0.48421	0.0384	0.10017
V209	0.15508	0.00431	0.0931	0.06708	0.68043
V210	0	0.05159	0.92569	0	0.02271
V211	0.15368	0.00925	0.20039	0.05471	0.58197
V212	0.06203	0.75485	0.08556	0.04085	0.05671
V213	0.09551	0	0.05318	0.26809	0.58323
V214	0.0268	0.5569	0.37987	0.0102	0.02622
V215	0.24815	0.21045	0.14082	0.08496	0.31562
V216	0.05413	0.03031	0.32702	0.06085	0.52769
V217	0.01044	0	0.01906	0.80891	0.16159
V218	0.07369	0.18414	0.29018	0.33397	0.11802
V219	0.1292	0.27028	0.39179	0.18628	0.02245
V220	0.18646	0.73124	0.06851	0.00498	0.00881
V221	0.04246	0.06496	0.4964	0.022	0.37418
V222	0.02115	0	0	0.08094	0.89791
V223	0.54343	0	0.32217	0.10731	0.02709
V224	0.04311	0.54608	0.03239	0.09113	0.28728
V225	0.70928	0.15091	0.12858	0	0.01123
V226	0.44517	0.53232	0.01047	0	0.01204
V227	0.09398	0.25676	0.00888	0.56026	0.08013
V228	0.60689	0.00723	0.27961	0.05777	0.0485
V229	0.26825	0.39546	0.26665	0.0353	0.03435
V230	0.01915	0	0	0.08095	0.8999
V231	0.06435	0.60767	0.06811	0.16544	0.09442
V232	0.8113	0	0.18238	0	0.00632
V233	0.05742	0.00954	0.14274	0.12087	0.66943
V234	0.02129	0.37749	0.21468	0.3348	0.05175
V235	0.9727	0	0.00097	0.00648	0.01984
V236	0.08285	0.0173	0.64615	0.18284	0.07087
V237	0.12652	0.06782	0.26877	0.31472	0.22217
V238	0.01064	0	0	0.30074	0.68862
V239	0.06604	0.40235	0.05329	0.17844	0.29988
V240	0.06822	0.82919	0.02458	0.02161	0.0564
V241	0.056	0.90579	0.01928	0.00685	0.01208
V242	0.03604	0.32151	0.29744	0.26352	0.08148
V243	0.49205	0	0.33402	0.01844	0.15549
V244	0.03175	0.40546	0.19139	0.08797	0.28343
V245	0.05291	0.87559	0.04092	0.02625	0.00433
V246	0.60544	0.25984	0.0335	0	0.10121
V247	0.19727	0.10329	0.62208	0.03811	0.03924
V248	0.09406	0.59986	0.03346	0.02423	0.24838
V249	0.25449	0.04977	0.20749	0.1061	0.38215
V250	0.01868	0.04415	0.64396	0.03585	0.25736
V251	0.22086	0.00168	0.09017	0.58609	0.1012
V252	0.02325	0.12725	0.55015	0.14491	0.15445
V253	0.28778	0.56596	0.09004	0.03792	0.0183
V254	0.50721	0.38578	0.00715	0.07425	0.0256
V255	0.82275	0.06675	0	0.01172	0.09878
V256	0.04463	0.75007	0.03029	0.02096	0.15405
V257	0.44252	0.2924	0.14926	0.02924	0.08659
V258	0.16007	0.31659	0.05277	0.4284	0.04217
V259	0.53089	0.26531	0.17908	0	0.02472
V260	0.26031	0.01117	0.10319	0.10093	0.5244
V261	0.02145	0.02171	0.51151	0.28541	0.15991
V262	0.9218	0.00602	0.05358	0	0.0186
V263	0.80549	0.06581	0.01465	0.09717	0.01688
V264	0.07068	0.85822	0.02526	0.04059	0.00526
V265	0.83323	0.07017	0.07853	0.00178	0.01629
V266	0.01542	0	0.07431	0.07895	0.83132
V267	0.04938	0	0	0.18752	0.7631
V268	0.19448	0.42643	0.14647	0.17119	0.06143
V269	0.08713	0.32594	0.35893	0.18105	0.04694
V270	0.05255	0	0.02796	0.84185	0.07765
V271	0.21616	0.70762	0.02114	0.022	0.03309
V272	0.10326	0.80002	0.03868	0.01821	0.03983
V273	0.2935	0	0.17881	0.3277	0.19999
V274	0.09373	0.02334	0.03254	0.21976	0.63063
V275	0.04732	0.69565	0.15363	0.08262	0.02077
V276	0.00842	0.02694	0.69218	0.22213	0.05032
V277	0.37357	6e-04	0.59095	0	0.03488
V278	0.00621	0.03333	0.33667	0.45134	0.17246
V279	0.14657	0	0.00727	0.7285	0.11767
V280	0.19694	0.00021	0.03486	0.6152	0.15277
V281	0.0307	0.21844	0.0422	0.64546	0.0632
V282	0.06477	0.89813	0.019	0.00634	0.01176
V283	0.35448	0	0.10599	0.04281	0.49671
V284	0.02388	0.13548	0.5234	0.0092	0.30804
V285	0.49541	0.46036	0.00887	0.02084	0.01453
V286	0.08094	0.05108	0.82792	0.02201	0.01805
V287	0.24858	0.04782	0.17172	0.2926	0.23929
V288	0.20506	0.01454	0.63281	0	0.14759
V289	0.1576	0.21302	0.02407	0.55209	0.05321
V290	0.41495	0.44717	0.13638	0	0.0015
V291	0.4086	0.19516	0.008	0.34973	0.03851
V292	0.11773	0.0224	0.40796	0.04736	0.40454
V293	0.00096	0.14262	0.79179	0.03611	0.02853
V294	0.01199	0	0	0.07511	0.91289
V295	0.01587	0.02127	0.32631	0.50897	0.12757
V296	0.85439	0.10017	0.00194	0.00052	0.04298
V297	0.01693	0.0342	0.77138	0.11694	0.06056
V298	0.29174	0	0	0.54361	0.16465
V299	0.26496	0	0.0052	0.6707	0.05915
V300	0.9778	6e-04	0.00192	0	0.01969
V301	0.95819	0	0.00501	0.01213	0.02467
V302	0.01093	0	0	0.41979	0.56927
V303	0.10665	0.16514	0.21363	0.18243	0.33216
V304	0.18859	0.04743	0.73568	0	0.02829
V305	0.2043	0.30896	0.09519	0.11062	0.28093
V306	0.31197	0.64439	0.01272	0.01174	0.01919
V307	0.23924	0	0.27197	0.45131	0.03747
V308	0.24094	0.01708	0.66505	0.05939	0.01754
V309	0.66022	0.04378	0.05195	0.11105	0.13299
V310	0.03262	0.00926	0	0.14127	0.81685
V311	0.01998	0	0.0368	0.85349	0.08973
V312	0.08462	0.24315	0.24603	0.01997	0.40623
V313	0.06272	0.29062	0.01582	0.31398	0.31686
V314	0.08283	0	0	0.3893	0.52786
V315	0.94468	0	0.01184	0	0.04349
V316	0.10786	0.55324	0.24551	0.02752	0.06586
V317	0.38939	0.07916	0.50586	0	0.0256
V318	0.90175	0	0.00174	0	0.09651
V319	0.1032	0.08214	0.80666	0	0.008
V320	0.08278	0	0	0.83064	0.08658
V321	0.13271	0.33243	0.30774	0.18873	0.0384
V322	0.00906	0.27288	0.5616	0.04411	0.11235
V323	0.25122	0.21144	0.43808	0.01147	0.08779
V324	0.04443	0.02871	0.03891	0.80645	0.08151
V325	0.63914	0.0883	0.08847	0.10626	0.07783
V326	0.04895	0	0.04924	0.16621	0.73561
V327	0.3214	0.48216	0.11462	0.01668	0.06513
V328	0.04867	0.28567	0.16479	0.44836	0.05251
V329	0.00591	0.04855	0.38723	0.50407	0.05423
V330	0.07863	0.05016	0.81483	0	0.05638
V331	0.13388	0.00369	0.08474	0.11826	0.65942
V332	0.47358	0.04245	0.4502	0	0.03377
V333	0.41846	0.01103	0.3165	0.15096	0.10306
V334	0.04041	0.29269	0.54563	0.07158	0.0497
V335	0.72972	0.03573	0.08534	0.02533	0.12388
V336	0.15793	0.57088	0.25676	0	0.01443
V337	0.01021	0	0.00689	0.1938	0.7891
V338	0.73205	0	0.15624	0.0067	0.10501
V339	0.20168	0.53153	0.18706	0	0.07972
V340	0.03326	0.15489	0.10738	0.08409	0.62038
V341	0.02251	0.49052	0.42338	0.00382	0.05977
V342	0.29815	0.14468	0.45248	0.09501	0.00968
V343	0.70322	0	0.2909	0	0.00589
V344	0.09961	0.74079	0.05257	0.02727	0.07976
V345	0.21804	0.02886	2e-04	0.29433	0.45857
V346	0.03553	0.31176	0.31664	0.28015	0.05592
V347	0.08191	0.51361	0.03273	0.30706	0.06468
V348	0.01622	0.14054	0.44669	0.23441	0.16215
V349	0.06185	0.31021	0.52111	0.00938	0.09745
V350	0.10745	0.4112	0.09033	0.22989	0.16114
V351	0.18052	0.02212	0.44316	0.31123	0.04297
V352	0.10605	0.54164	0.34372	0	0.00859
V353	0.24607	0.31865	0.04139	0.05558	0.33831
V354	0.57277	0.01056	0.41252	0	0.00415
V355	0.08883	0.00822	0.33773	0.51331	0.05191
V356	0.09135	0.0488	0.81149	0.00659	0.04177
V357	0.04147	0.0436	0.50934	0.03807	0.36751
V358	0.03477	0.01975	0.03053	0.82972	0.08523
V359	0.05882	0.10026	0.00609	0.76509	0.06973
V360	0.72194	0.02626	0.09523	0.13966	0.01691
V361	0.32935	0.47717	0.09635	0	0.09713
V362	0.81582	0	0.09406	0	0.09012
V363	0.03283	0.01827	0	0.18118	0.76772
V364	0.04247	0.28137	0.02506	0.43123	0.21987
V365	0.01442	0	0.00487	0.86694	0.11377
V366	0.21001	0.0441	0.59998	0.05115	0.09477
V367	0.22741	0.20982	0.21505	0.16558	0.18214
V368	0.75728	0.06998	0.12891	0	0.04383
V369	0.04305	0.64562	0.23339	0.07248	0.00545
V370	0.0242	0.1486	0.12193	0.3633	0.34197
V371	0.06205	0.8747	0.0566	0.00385	0.0028
V372	0.66233	0.05057	0.15171	0.09985	0.03554
V373	0.11465	0.648	0.13606	0.08819	0.01309
V374	0.10019	0.04298	0.38485	0.43511	0.03687
V375	0.31151	0.01227	0.60952	0.05715	0.00955
V376	0.0113	0	0.40194	0.03809	0.54866
V377	0.08653	0.50494	0.21269	0.17573	0.02012
V378	0.1288	0.54467	0.18008	0.00335	0.1431
V379	0.02593	0	0.10303	0.11427	0.75677
V380	0.01972	0.04353	0.17039	0.50051	0.26585
V381	0.14711	0.03309	0	0.05386	0.76594
V382	0.41101	0	0	0.29466	0.29433
V383	0.03643	0	0.27073	0.6369	0.05594
V384	0.29587	0.02547	0.17081	0.42091	0.08693
V385	0.08575	0.08614	0.00061	0.05717	0.77033
V386	0.66734	0	0.00129	0.29989	0.03147
V387	0.27553	0	0.00258	0.64002	0.08187
V388	0.05787	0.81995	0.04712	0.06212	0.01294
V389	0.1206	0.75968	0.02996	0.03332	0.05644
V390	0.17915	0	0	0.66408	0.15677
V391	0.71202	0.1449	0.00114	0.06549	0.07645
V392	0.95043	0.02423	0.00932	0	0.01601
V393	0.10381	0.0073	0.14988	0.53191	0.2071
V394	0.72095	0	0.02287	0.14781	0.10837
V395	0.00527	0.00543	0.37452	0.55523	0.05955
V396	0.55377	0.01976	0.41616	0	0.01031
V397	0.67955	0.12581	0.0384	0.10345	0.05279
V398	0.06502	0	0.16445	0.63572	0.13481
V399	0.04341	0.01579	0	0.2873	0.6535
V400	0.16237	0.52736	0.16408	0.13668	0.00951
V401	0.3306	0.00567	0.64118	0.01495	0.0076
V402	0.38322	0.02052	0.4555	0.05603	0.08474
V403	0.14885	0.06053	0	0.16144	0.62918
V404	0.00369	0.05522	0.48464	0.37694	0.07951
V405	0.34789	0.24985	0.07705	0.21195	0.11325
V406	0.01719	0.06609	0.88983	0	0.02688
V407	0.9011	0.02274	0.03803	0.02459	0.01354
V408	0.03629	0.37447	0.01059	0.25484	0.32381
V409	0.11165	0	0.05881	0.67245	0.1571
V410	0.12353	0.12665	0.32446	0.0548	0.37056
V411	0.01259	0	0	0.08384	0.90357
V412	0.02267	0.13567	0.12531	0.06176	0.65459
V413	0.02709	0.25241	0.15394	0.35934	0.20722
V414	0.04613	0.07617	0	0.46544	0.41226
V415	0.15812	0	0	0.05403	0.78785
V416	0.10631	0.07374	0.01654	0.1728	0.6306
V417	0.00703	0.03385	0.76017	0.11927	0.07968
V418	0.53656	0.39401	0.0293	0.00495	0.03518
V419	0.24636	0	0.01403	0.1456	0.59401
V420	0.22354	0	0.09491	0.07232	0.60922
V421	0.00729	0	0.1227	0.09164	0.77837
V422	0.02204	0	0.04619	0.70821	0.22356
V423	0.2961	0.18004	0.29853	0.18603	0.0393
V424	0.00151	0.01479	0.48447	0.02401	0.47522
V425	0.32867	0.37159	0.00459	0.01969	0.27545
V426	0.23823	0.16895	0.02215	0.45394	0.11672
V427	0.20203	0.63261	0.15812	0	0.00724
V428	0.09524	0.64547	0.08479	0.08805	0.08646
V429	0.12169	0.77232	0.01596	0.06177	0.02826
V430	0.03249	0.01453	0.41236	0.19283	0.34779
V431	0.11419	0.36953	0.20645	0.24102	0.06881
V432	0.30946	0.04424	0.13059	0.34625	0.16946
V433	0.20175	0.00542	0.53164	0.2164	0.04479
V434	0.24167	0.28513	0.38193	0.00537	0.0859
V435	0.56599	0.03609	0.36972	0.01419	0.014
V436	0.0616	0.58935	0.10928	0.0561	0.18368
V437	0.19179	0	0.02274	0.19292	0.59256
V438	0.13494	0.30312	0.20635	0.27421	0.08139
V439	0.61771	0	0.04364	0.29607	0.04259
V440	0.02415	0.36626	0.54799	0.0078	0.05381
V441	0.03597	0.54731	0.38155	0.02406	0.0111
V442	0.06465	0.89908	0.02669	0.00559	0.00399
V443	0.95098	0	0.00468	0.02646	0.01789
V444	0.15243	0.43234	0.03896	0.3189	0.05736
V445	0.06763	0.41158	0.04678	0.42349	0.05052
V446	0.11627	0.01498	0.10066	0.56897	0.19913
V447	0.06985	0	0.00525	0.46059	0.46432
V448	0.16202	0	0.01092	0.06725	0.75982
V449	0	0.06506	0.92144	0	0.0135
V450	0.20896	0.07591	0.25392	0.13935	0.32185
V451	0.27585	0.18386	0.06649	0.33864	0.13516
V452	0.01794	0	0.15875	0.71547	0.10785
V453	0.02325	0	0	0.46985	0.5069
V454	0.00774	0.0272	0.68028	0.02781	0.25697
V455	0.06245	0.22518	0.28028	0.05815	0.37394
V456	0.94545	0	0	0.0069	0.04766
V457	0.66622	0.19913	0.04035	0.04674	0.04756
V458	0.02509	0.37524	0.50439	0.04794	0.04734
V459	0.14045	0.0432	0.05316	0.48978	0.27341
V460	0.69124	0.02331	0.20626	0.04732	0.03187
V461	0.18712	0.29957	0.25042	0.02055	0.24234
V462	0.05534	0.06598	0.01045	0.50734	0.36089
V463	0.22096	0.04119	0.01145	0.66099	0.06541
V464	0.16367	0.19338	0.63096	0	0.01199
V465	0.04482	0.08873	0.00889	0.07586	0.78169
V466	0.02864	0	0	0.15055	0.8208
V467	0.06156	0.24942	0.02477	0.53178	0.13247
V468	0.55405	0.29768	0.11645	0	0.03183
V469	0.0229	0.32847	0.06027	0.27546	0.31289
V470	0.84714	0.03714	0.02944	0.06448	0.02181
V471	0.38824	0.28572	0.03373	0.13944	0.15286
V472	0.01202	0.02302	0.03414	0.06787	0.86295
V473	0.03352	0.21504	0.24644	0.30917	0.19583
V474	0.29686	0.11669	0.06492	0.44287	0.07866
V475	0.16134	0.03388	0.59677	0.02559	0.18242
V476	0.162	0.01405	0.10059	0.6109	0.11246
V477	0.0559	0.90668	0.02707	0.00608	0.00427
V478	0.17199	0	0	0.05276	0.77526
V479	0.84827	0.03732	0.03729	0.05618	0.02095
V480	0.13627	0.65032	0.06805	0.10723	0.03812
V481	0.24114	0.36274	0.07082	0.17895	0.14635
V482	0.11326	0.67855	0.19349	0	0.0147
V483	0.30953	0.52676	0.00984	0.09739	0.05649
V484	0.21728	0.51263	0.12633	0.12006	0.02369
V485	0.67206	0.05894	0.12377	0.10884	0.0364
V486	0.06642	0.07066	0.29355	0.02888	0.54049
V487	0.13648	0.12403	0.41961	0.28797	0.0319
V488	0.41836	0.04591	0	0.34024	0.19549
V489	0.00707	0.24805	0.65622	0.06196	0.0267
V490	0.00787	0.03207	0.73859	0.19042	0.03105
V491	0.03834	0.4609	0.05462	0.11132	0.33483
V492	0.03774	0.13251	0.03155	0.71006	0.08814
V493	0.02268	0	0.00264	0.87865	0.09603
V494	0.32384	0	0.01151	0.53947	0.12519
V495	0.33501	0.20753	0.22379	0.16123	0.07245
V496	0.13393	0.01403	0.04836	0.05077	0.75292
V497	0.10054	0.0175	0.14321	0.13139	0.60736
V498	0.07853	0.84536	0.03987	0.01146	0.02478
V499	0.04263	0.22357	0.25928	0.07866	0.39585
V500	0.10918	0.48876	0.11914	0.20968	0.07323
V501	0.07191	0.31402	0.01539	0.04738	0.55129
V502	0.13108	0.78306	0.05396	0.02885	0.00305
V503	0.45552	0	0.21552	0.13907	0.18989
V504	0.47681	0.18928	0.00642	0.01761	0.30988
V505	0.62506	0	0.01931	0.08701	0.26863
V506	0.03082	0.5182	0.07253	0.03202	0.34642
V507	0.84813	0	0.02893	0.07852	0.04441
V508	0.03326	0.63635	0.21583	0.03948	0.07507
V509	0.05546	0.45922	0.14695	0.19152	0.14685
V510	0.40134	0.49537	0.05537	0.0355	0.01242
V511	0.06279	0.32069	0.51279	0.03168	0.07205
V512	0.14812	0.45852	0.18255	0.04991	0.1609
V513	0.16656	0.67369	0.08406	0.04271	0.03297
V514	0.01261	0	0.21593	0.07908	0.69238
V515	0.08054	0.11929	0	0.73359	0.06659
V516	0.15997	0.35879	0.11746	0.32332	0.04047
V517	0.02393	0.02063	0.04871	0.8228	0.08393
V518	0.42897	0.00127	0.33719	0.18256	0.05001
V519	0.79918	0.04559	0.00645	0.1223	0.02648
V520	0.07778	0.83012	0.03239	0.0542	0.00552
V521	0.21008	0	0.13176	0.60094	0.05723
V522	0.04659	0.20688	0.56718	0.12446	0.05488
V523	0.14798	0.07131	0.7367	0.02807	0.01593
V524	0.34024	0.02984	0.56269	0	0.06723
V525	0.01863	0.19398	0.02839	0.06156	0.69743
V526	0.03862	0.0666	0.84178	0.00898	0.04403
V527	0.08222	0.4897	0.39563	0.00717	0.02528
V528	0.15481	0	0.01448	0.76263	0.06808
V529	0.21014	0.04635	0.72341	0	0.0201
V530	0.01714	0.0584	0.85057	0.03552	0.03837
V531	0.17237	0.51559	0.09878	0.02227	0.19099
V532	0.06324	0.25903	0.2976	0.01659	0.36354
V533	0.26417	0	0	0.04384	0.69199
V534	0.13172	0.05418	0	0.7236	0.0905
V535	0.82185	0.10934	0.05444	0	0.01438
V536	0.12399	0.1767	0.38919	0.0376	0.27252
V537	0.02254	0.01245	0.00805	0.07031	0.88664
V538	0.62663	0.09377	0.00483	0.03216	0.24261
V539	0.01304	0.1693	0.64426	0.09145	0.08195
V540	0.16046	0.46897	0.09812	0.05605	0.2164
V541	0.03649	0.39787	0.02635	0.05859	0.4807
V542	0.04166	0.33659	0.11727	0.41148	0.093
V543	0.06278	0.12415	0.66888	0.03931	0.10488
V544	0.34375	0.18061	0.18973	0.06568	0.22023
V545	0.61252	0.36594	0.01439	0	0.00715
V546	0.07174	0.76963	0.09353	0.01072	0.05439
V547	0.09311	0.7673	0.01588	0.09297	0.03074
V548	0.01753	0.05331	0.00624	0.83454	0.08837
V549	0.00968	0	0.01524	0.20889	0.76619
V550	0.04848	0.82927	0.10314	0.0095	0.00961
V551	0.02435	0	0	0.88549	0.09016
V552	0.21937	0	0.01233	0.07689	0.6914
V553	0.7853	0	0.01631	0.13317	0.06521
V554	0.11015	0.05027	0.49526	0.30132	0.043
V555	0.05413	0.88709	0.02598	0.0068	0.02599
V556	0.08533	0.03627	0.0551	0.70961	0.11369
V557	0.30993	0.23498	0.04154	0.33568	0.07788
V558	0.00739	0.04624	0.76745	0.13463	0.04429
V559	0.09952	0.43038	0.437	0	0.0331
V560	0.62308	0.23436	0.13908	0	0.00347
V561	0.71484	0	0.13806	0.001	0.1461
V562	0.12291	0.03822	0.15328	0.11722	0.56836
V563	0.21445	0.25424	0.21408	0.11144	0.20579
V564	0.35279	0	0.06006	0.34668	0.24047
V565	0.01069	0	0.00735	0.10564	0.87632
V566	0.29683	0.12486	0.02845	0.32447	0.22538
V567	0.01688	0.04887	0.9145	0	0.01975
V568	0.03043	0.2291	0.43141	0.28478	0.02428
V569	0.63984	0.08016	0.11539	0.11196	0.05265
V570	0.1363	0.01345	0.28895	0.45068	0.11062
V571	0.26597	0	0.24078	0.33421	0.15904
V572	0.84485	0	0	0	0.15515
V573	0.07941	0.06266	0.34412	0.36999	0.14382
V574	0.5197	0.28336	0.08492	0.08022	0.03179
V575	0.36628	0.00085	0.12188	0.0648	0.44619
V576	0.05171	0.85125	0.0252	0.01537	0.05648
V577	0.40104	0.49517	0.04737	0.04339	0.01303
V578	0.02582	0.16951	0.51873	0.21402	0.07192
V579	0.02503	0.51609	0.32202	0.0249	0.11197
V580	0.20769	0.53768	0.02511	0.19141	0.03811
V581	0.05251	0.49065	0.37248	0.07055	0.01381
V582	0	0.09263	0.89478	0	0.01259
V583	0.63096	0.00482	0.35218	0.00474	0.0073
V584	0.21503	0.49943	0.11605	0.03245	0.13705
V585	0.05292	0.75485	0.07764	0.05653	0.05805
V586	0.04326	0.77212	0.16821	0.01415	0.00226
V587	0.05911	0.67124	0.0204	0.03877	0.21048
V588	0.22596	0.40365	0.36295	0	0.00745
V589	0.09756	0.40384	0.05515	0.38819	0.05525
V590	0.05522	0.76247	0.01559	0.021	0.14573
V591	0.44596	0.49584	0.04733	0	0.01087
V592	0.01659	0.02261	0.75406	0.02918	0.17756
V593	0.41697	0	0	0.48827	0.09476
V594	0.00284	0.14743	0.64573	0.13621	0.06779
V595	0.53785	0.01563	0.07	0.30794	0.06858
V596	0.46409	0.17923	0.21689	0.10599	0.0338
V597	0.02859	0.18217	0.00356	0.14159	0.64409
V598	0.57778	0	0	0.01263	0.40959
V599	0.0754	0.39915	0.09958	0.36443	0.06144
V600	0.2814	0	0.18961	0.37653	0.15245
V601	0.14265	0.08337	0.0026	0.47226	0.29912
V602	0.82293	0.16081	0.00386	0	0.01239
V603	0.12874	0.12572	0.02609	0.15632	0.56313
V604	0.01782	0.03825	0.70393	0.09677	0.14323
V605	0.02899	0.05152	0.12469	0.10684	0.68796
V606	0.83762	0	0	0	0.16238
V607	0.15944	0.09293	0.01662	0.05401	0.677
V608	0.76421	0	0.03327	0.07367	0.12885
V609	0.18323	0.30173	0.01761	0.38789	0.10954
V610	0.08801	0.65135	0.02081	0.21503	0.02479
V611	0.2754	0.03499	0.62116	0.00503	0.06341
V612	0.38395	0.0342	0.32011	0.01348	0.24826
V613	0.39561	0.53102	0.04816	0.02064	0.00456
V614	0.54223	0.0041	0.01629	0.08155	0.35583
V615	0.01293	0.08486	0.13131	0.56225	0.20864
V616	0.66789	0	0.15411	0.12477	0.05323
V617	0.22748	0.0679	0.4745	0.08352	0.14661
V618	0.73006	0.07595	0.06926	0.00367	0.12106
V619	0.55506	0.02086	0.1591	0.00609	0.25889
V620	0.04552	0.0223	0.35825	0.52034	0.05359
V621	0.13745	0.21427	0.30007	0.01178	0.33643
V622	0.02015	0.20768	0.34799	0.02797	0.39621
V623	0.07204	0	0	0.67977	0.24819
V624	0.90723	0	0.00169	0.00745	0.08363
V625	0.01381	0.05353	0.09447	0.76174	0.07644
V626	0.07426	0.03361	0.55908	0.28163	0.05142
V627	0.10441	0.14254	0.11585	0.0591	0.57811
V628	0.95905	0.00201	0.00857	0.01269	0.01768
V629	0.12259	0.24824	0.60932	0.00733	0.01252
V630	0.01822	0.17274	0.01964	0.07221	0.7172
V631	0.00515	0.00184	0.26821	0.05193	0.67287
V632	0.05414	0.75093	0.02263	0.04119	0.1311
V633	0.05715	0	0.0866	0.52018	0.33606
V634	0.39913	0.44376	0.15511	0	0.002
V635	0.03926	0.09555	0.18218	0.05619	0.62681
V636	0.19967	0.16184	0.32368	0.18025	0.13455
V637	0.21788	0.00875	0.42437	0.23677	0.11222
V638	0.07849	0.4563	0.02914	0.09478	0.34128
V639	0.50946	0.39638	0.08477	0	0.00939
V640	0.10922	0.17626	0.08283	0.23722	0.39448
V641	0.09959	0.70766	0.03701	0.12355	0.03219
V642	0.745	0.01459	0.00526	0.2098	0.02535
V643	0.05851	0.83542	0.07899	0.024	0.00308
V644	0.04901	0.43003	0.03053	0.42284	0.06759
V645	0.1588	0.73179	0.02985	0.07326	0.00631
V646	0.13346	0.52631	0.04133	0.21674	0.08215
V647	0.93734	0	0.00371	0.04091	0.01804
V648	0.44726	0.08811	0.00386	0.2725	0.18827
V649	0.26484	0.07239	0.07785	0.12306	0.46187
V650	0.0291	0	0.05383	0.83957	0.07751
V651	0.14635	0.20078	0.00024	0.60137	0.05126
V652	0.36223	0	0.03045	0.54442	0.06291
V653	0.3461	0	0.04988	0.51787	0.08616
V654	0.03481	0.06817	0	0.1122	0.78482
V655	0.16021	0.04814	0.30905	0.43804	0.04456
V656	0.11211	0	0	0.13812	0.74977
V657	0.04063	0.48426	0.0401	0.30738	0.12763
V658	0.0332	0.01618	0.02742	0.60245	0.32075
V659	0.02212	0.00966	0.07488	0.76171	0.13162
V660	0.06227	0.32527	0.02372	0.06843	0.5203
V661	0.04837	0.64592	0.02829	0.16612	0.11131
V662	0.0381	0.42595	0.02742	0.03451	0.47402
V663	0.97433	0	0.00806	0	0.0176
V664	0.02368	0	0.11246	0.39735	0.46652
V665	0.03299	0.6291	0.21681	0.07634	0.04475
V666	0.09652	0.83685	0.05528	0.00901	0.00234
V667	0.03704	0.54659	0.26849	0.09268	0.0552
V668	0.63332	0.23288	0.05728	0.04563	0.03089
V669	0.46223	0.30239	0.03449	0.08263	0.11826
V670	0.09401	0.61785	0.05834	0.04157	0.18823
V671	0.77679	0	0.19614	0.01197	0.0151
V672	0.09402	0.05652	0.08946	0.31163	0.44837
V673	0.01346	0.01207	0	0.15311	0.82135
V674	0.36532	0.09917	0.49511	0	0.0404
V675	0.68813	0	0.03646	0.14173	0.13368
V676	0.25531	0.10262	0.49931	0	0.14276
V677	0.04642	0.26982	0.22626	0.36703	0.09047
V678	0.05224	0.30452	0.01507	0.06571	0.56246
V679	0.01321	0.01985	0.46215	0.45463	0.05016
V680	0.16504	0	0.01153	0.35158	0.47185
V681	0.5364	0.00435	0.04303	0.29356	0.12266
V682	0	0.06506	0.92144	0	0.0135
V683	0.06522	0.19601	0.62259	0	0.11617
V684	0.06484	0	0.00249	0.85185	0.08081
V685	0.00698	0.05547	0.82498	0.08793	0.02464
V686	0.27573	0.6087	0.08239	0.01613	0.01706
V687	0.00091	0.01914	0.5871	0.34119	0.05165
V688	0	0.05965	0.90991	0	0.03044
V689	0.50698	0.03471	0.20538	0.09816	0.15476
V690	0.10545	0.82772	0.03208	0.02405	0.0107
V691	0.14313	0.11794	0.04739	0.6076	0.08393
V692	0.07599	0.00514	0.01112	0.74805	0.1597
V693	0.02372	0.51118	0.42914	0.02386	0.01209
V694	0.09012	0.18454	0.04016	0.5683	0.11688
V695	0.12384	0.10105	0.14295	0.04945	0.58271
V696	0.12276	0.01612	0.74021	0	0.12091
V697	0.10385	0.10614	0.3233	0.32791	0.1388
V698	0.01681	0.00532	0.17014	0.06047	0.74726
V699	0.04136	0	0.04426	0.64859	0.2658
V700	0.06433	0.79134	0.08565	0.00447	0.0542
V701	0.01865	0.17298	0.01141	0.06555	0.73141
V702	0.02784	0.11078	0.00502	0.65134	0.20503
V703	0.02489	0.00128	0.02249	0.86047	0.09088
V704	0.04365	0.05641	0.3903	0.03932	0.47032
V705	0.95068	0.00071	0.00064	0.00021	0.04777
V706	0.15428	0.13938	0.16425	0.42635	0.11573
V707	0.14098	0.10814	0.07186	0.27748	0.40154
V708	0.02939	0.59165	0.37413	0.00191	0.00291
V709	0.0116	0.00395	0.02545	0.07051	0.88849
V710	0.12776	0.02805	0.47963	0.00925	0.35531
V711	0.05686	0	0.01125	0.08021	0.85168
V712	0.06044	0.03548	0.69969	0.1692	0.03519
V713	0.25162	0.42582	0.31884	0.0017	0.00201
V714	0.05115	0	0	0.06925	0.8796
V715	0.01026	0.2969	0.58692	0.08683	0.0191
V716	0.73484	0.17695	0.01715	0.03776	0.03331
V717	0.39871	0.14977	0.1271	0.02931	0.2951
V718	0.67773	0	0.27291	0	0.04936
V719	0.40603	0.22776	0.1125	0.11108	0.14264
V720	0.12298	0.0249	0.08497	0.07855	0.68861
V721	0.02821	0	0.03991	0.08192	0.84997
V722	0.02912	0.2322	0.05883	0.47445	0.2054
V723	0.11091	0.21268	0.11487	0.49694	0.06459
V724	0.12657	0.64707	0.0519	0.15559	0.01887
V725	0.03107	0	0	0.07176	0.89717
V726	0.21659	0.49253	0.0641	0.05926	0.16752
V727	0.00656	0.05796	0.90622	0	0.02926
V728	0.79955	0	0.12855	0.05324	0.01866
V729	0.61825	0.09606	0.02956	0.22578	0.03035
V730	0.12238	0.01961	0.38929	0.3743	0.09442
V731	0.01361	0.00299	0.05869	0.8452	0.07951
V732	0.02307	0	0.003	0.88612	0.08781
V733	0.02787	0.07408	0.87243	0	0.02562
V734	0.51107	0.07878	0.36459	0.02425	0.02131
V735	0.0711	0.15133	0.21447	0.05248	0.51063
V736	0.01388	0.03402	0.00047	0.0712	0.88042
V737	0.97306	0.00011	0.00948	0	0.01734
V738	0.03003	0.44558	0.02021	0.04252	0.46167
V739	0.02729	0.00368	0	0.88128	0.08774
V740	0.21352	0.06429	0.10357	0.04672	0.5719
V741	0.51243	0	0.00091	0.31364	0.17302
V742	0.07406	0.03163	0.53871	0.16633	0.18927
V743	0.0304	0.03868	0.06908	0.14662	0.71522
V744	0.19878	0.0492	0.1716	0.49618	0.08424
V745	0.17348	0.00245	0.04509	0.70994	0.06904
V746	0.35639	0.55322	0.04812	0.00214	0.04013
V747	0.02791	0.07148	0.86586	0	0.03475
V748	0.16247	0.20284	0.28435	0.0652	0.28514
V749	0.18938	0.08977	0.1221	0.42293	0.17582
V750	0.75398	0.18692	0.01058	0.03635	0.01216
V751	0.03587	0.38632	0.55244	0.01252	0.01285
V752	0.02584	0.12088	0.01826	0.0672	0.76783
V753	0.55885	0.03721	0.25006	0.01819	0.1357
V754	0.1176	0.32023	0.01091	0.50181	0.04945
V755	0.23351	0.70603	0.05175	0	0.00871
V756	0.02491	0.0998	0.01776	0.10782	0.74971
V757	0.17516	0	0.09357	0.66789	0.06337
V758	0.07063	0.43369	0.00701	0.44314	0.04554
V759	0.09004	0.01736	0.09385	0.05105	0.74769
V760	0.07931	0.02125	0.20949	0.26165	0.4283
V761	0.05918	0.27519	0.65323	0	0.0124
V762	0.01897	0.03294	0.16945	0.39879	0.37985
V763	0.03186	0.26245	0.00583	0.05038	0.64948
V764	0.11754	0.0466	0.08271	0.67976	0.0734
V765	0.1726	0.03798	0.6505	0.03519	0.10373
V766	0.07368	0.4847	0.25028	0.04952	0.14181
V767	0.27044	0.47145	0.07193	0.04762	0.13856
V768	0.06629	0.81348	0.0626	0.0462	0.01144
V769	0.7633	0	0.18679	0	0.04991
V770	0.32058	0.00326	0.51358	0.14059	0.02199
V771	0.07091	0.71324	0.02179	0.09149	0.10256
V772	0.04942	0.06294	0.87789	0	0.00974
V773	0.03015	0	0	0.20658	0.76327
V774	0.1602	0.00951	0.53538	0.0023	0.29261
V775	0.91421	0	0.01661	0.03967	0.02951
V776	0.35387	0.42521	0.16794	0.01972	0.03326
V777	0.21391	0.37948	0.25317	0.09718	0.05626
V778	0.54218	0.03415	0.01029	0.21213	0.20124
V779	0.06837	0.42325	0.48454	0.00517	0.01868
V780	0.01761	0.04958	0.92035	0	0.01247
V781	0.17633	0.30187	0.17844	0.01327	0.3301
V782	0.22915	0.22665	0.02082	0.0352	0.48818
V783	0	0.02419	0.62532	0.03454	0.31594
V784	0.03887	0.61305	0.0126	0.23423	0.10125
V785	0.71549	0.12449	0.00057	0.08902	0.07043
V786	0.16848	0.19074	0.01501	0.55502	0.07074
V787	0.13664	0.59369	0.01148	0.17955	0.07863
V788	0.37434	0.41338	0.07835	0	0.13393
V789	0.01878	0.15227	0.00426	0.40038	0.42431
V790	0.28342	0.21416	0.06528	0.12115	0.31598
V791	0.17897	0.20793	0.07452	0.20044	0.33814
V792	0.94736	0.00176	0.02296	0	0.02792
V793	0.33004	0.2568	0.05788	0.09751	0.25778
V794	0.0188	0.00953	0.0969	0.20673	0.66804
V795	0.13301	0.80929	0.03139	0.00905	0.01726
V796	0.29551	0.40752	0.11635	0.13869	0.04193
V797	0.13706	0	0	0.07239	0.79055
V798	0.13204	0.5052	0.01531	0.09411	0.25334
V799	0.03745	0.15452	0.04915	0.65125	0.10764
V800	0.03155	0	0.00736	0.16637	0.79472
V801	0.38307	0	0.12297	0.42557	0.06838
V802	0.03837	0.19196	0.01164	0.06106	0.69697
V803	0.31155	0.00858	0.00296	0.5986	0.0783
V804	0.20185	0.15285	0.20548	0.35924	0.08058
V805	0.14768	0.13682	0.44359	0.15816	0.11374
V806	0.48659	0	0.20084	0.06218	0.25038
V807	0.72768	0	0.0613	0.04266	0.16835
V808	0.84387	0	0.046	0	0.11013
V809	0.1961	0.60068	0.03386	0.03568	0.13367
V810	0.03296	0.04714	0.0358	0.46511	0.41899
V811	0.05429	0.08703	0.01719	0.14543	0.69606
V812	0.03446	0.65466	0.19849	0.07591	0.03647
V813	0.03307	0.21669	0.21322	0.03033	0.50669
V814	0.19708	0.54644	0.07468	0.14798	0.03383
V815	0.22646	0.66976	0.04319	0.04876	0.01183
V816	0.03408	0.50739	0.01727	0.37716	0.0641
V817	0.81643	0.01409	0.15418	0.00614	0.00915
V818	0.03997	0.20881	0.35265	0.04803	0.35053
V819	0.95525	0.00055	0.01588	0.01173	0.01659
V820	0.07305	0.35994	0.1273	0.37677	0.06294
V821	0.01294	0	0	0.07605	0.91101
V822	0.1939	0	0.00948	0.73182	0.0648
V823	0.04773	0.07735	0.22029	0.03759	0.61705
V824	0.07269	0.01694	0.01542	0.06217	0.83278
V825	0.15024	0.01719	0.65244	0.16316	0.01697
V826	0.03893	0.05289	0.88926	0.00718	0.01174
V827	0.35171	0.13186	0	0.37749	0.13894
V828	0.24216	0.12898	0.10722	0.07749	0.44415
V829	0.09065	0.08213	0.30878	0.18148	0.33696
V830	0.14784	0.03088	0.68757	0.01185	0.12186
V831	0.04202	0.7214	0.06158	0.14121	0.0338
V832	0.20641	0	0.06056	0.25401	0.47903
V833	0.18724	0.74906	0.02245	0.00183	0.03942
V834	0.74905	0.12563	0.03852	0.01608	0.07071
V835	0.2535	0.27801	0.09692	0.26307	0.1085
V836	0.38214	0.06506	0.45092	0.08451	0.01737
V837	0.04774	0.80251	0.0313	0.04479	0.07366
V838	0.00942	0	0.0733	0.83055	0.08673
V839	0.03996	0.01999	0.06812	0.05997	0.81195
V840	0.94102	0	0.02786	0.00971	0.02141
V841	0.22064	0.0366	0.73021	0	0.01256
V842	0.54254	0.0244	0.21443	0.18538	0.03326
V843	0.46523	0	0.1468	0.07558	0.31239
V844	0.01378	0.20026	0.74171	0.0112	0.03305
V845	0.03162	0	0	0.60382	0.36457
V846	0.11221	0.02529	0.09471	0.10218	0.66561
V847	0.20758	0	0.04383	0.15334	0.59525
V848	0.74803	0.01335	0.00414	0.08584	0.14865
V849	0.13579	0.06721	0.69741	0	0.09959
V850	0.21897	0.02303	0.29811	0.15594	0.30394
V851	0.97371	0	0	0	0.02629
V852	0.24311	0.04134	0.07778	0.18868	0.44909
V853	0.03305	0.14142	0.60294	0.12876	0.09383
V854	0.04756	0.34665	0.2519	0.08526	0.26863
V855	0.10641	0.38045	0.09943	0.30349	0.11022
V856	0.15748	0.38372	0.05978	0.02132	0.37771
V857	0.0815	0.02951	0.17042	0.42445	0.29412
V858	0.02923	0.34499	0.19464	0.20936	0.22179
V859	0.1386	0	0.01768	0.74347	0.10025
V860	0.0461	0.13308	0.06644	0.63897	0.11541
V861	0.14906	0.00622	0.12936	0.65279	0.06257
V862	0.06873	0	0.01245	0.14206	0.77676
V863	0.05311	0.87453	0.03316	0.01331	0.02588
V864	0.03781	0.03597	0.8626	0.05001	0.01361
V865	0.08335	0.01794	0.64092	0.23501	0.02278
V866	0.03047	0.06496	0.63608	0.22075	0.04774
V867	0.58278	0.00508	0.00154	0.01284	0.39777
V868	0.23158	0.22326	0.41164	0.10068	0.03284
V869	0.0178	0	0.01334	0.07853	0.89033
V870	0.2751	0.15208	0.0834	0.24925	0.24016
V871	0.0395	0.03911	0.09655	0.13403	0.69081
V872	0.39612	0.01662	0.01064	0.4826	0.09402
V873	0.06014	0.32068	0.15585	0.36473	0.0986
V874	0.09481	0.0356	0	0.06776	0.80184
V875	0.01915	0.17446	0.02212	0.48729	0.29698
V876	0.48304	0.0367	0.05803	0.02737	0.39487
V877	0.22768	0.62092	0.05042	0.07981	0.02117
V878	0.04027	0.6757	0.0531	0.19986	0.03107
V879	0.92501	0.02576	0.01561	0.01156	0.02207
V880	0.0862	0.06462	0.02669	0.43442	0.38807
V881	0.01035	0.01691	0.52903	0.01907	0.42465
V882	0.05137	0.46661	0.02376	0.42314	0.03511
V883	0.51751	0.16	0.01432	0.17815	0.13001
V884	0.01084	0	0	0.08449	0.90467
V885	0.16874	0.06421	0.39758	0.11389	0.25558
V886	0.00737	0	0.02211	0.25705	0.71347
V887	0.09728	0.8406	0.02474	0.00497	0.0324
V888	0.06558	0.0889	0.05613	0.67064	0.11875
V889	0.12163	0.78485	0.05368	0.02262	0.01721
V890	0.03955	0	0.14012	0.64278	0.17755
V891	0	0.09199	0.89301	0.00163	0.01337
V892	0.59804	0.22909	0.02447	0.00318	0.14522
V893	0.14586	0.18852	0.51937	0.07022	0.07604
V894	0.10133	0.51998	0.05801	0.25274	0.06795
V895	0.69506	0	0.28614	0.00467	0.01413
V896	0.2132	0.21197	0.24702	0.29671	0.0311
V897	0.00943	0	0.03524	0.754	0.20132
V898	0.38842	0	0.00275	0.05034	0.55848
V899	0.56451	0.30456	0.09101	0	0.03992
V900	0.26034	0.2255	0.28788	0.18736	0.03893
V901	0.6814	0.03257	0.00436	0.1777	0.10397
V902	0.86367	0.02773	0.02141	0.02869	0.0585
V903	0.28386	0.05195	0.07256	0.50676	0.08488
V904	0.73051	0.08204	0.16186	0	0.02559
V905	0.03132	0.30871	0.06897	0.32939	0.26161
V906	0.15398	0.04726	0.46992	0.07654	0.2523
V907	0.72374	0.0964	0.07051	0.05265	0.0567
V908	0.0338	0.32735	0.0531	0.48597	0.09978
V909	0.02735	0.10133	0.01366	0.71272	0.14494
V910	0.67925	0.15505	0.01546	0.05878	0.09146
V911	0.03918	0.2674	0.52223	0.00651	0.16469
V912	0.03687	0.01155	0.15223	0.10607	0.69328
V913	0.15043	0.00288	0.0718	0.65782	0.11707
V914	0.78072	0.01362	0.01233	0.11986	0.07347
V915	0.19391	0.16666	0.05202	0.03922	0.54819
V916	0.80376	0	0.11838	0	0.07786
V917	0.4516	0.01531	0	0.03816	0.49492
V918	0.59446	0.13087	0.2278	0.01826	0.02861
V919	0.43834	0.14174	0.01335	0.27731	0.12927
V920	0.18963	0	0.11473	0.63534	0.06029
V921	0.19405	0.17231	0.11594	0.02499	0.49271
V922	0.03801	0.02684	0.69187	0.00028	0.243
V923	0.15116	0.4659	0.0295	0.06367	0.28977
V924	0.52454	0.08611	0	0.25175	0.13759
V925	0.14618	0.11751	0.48678	0.15565	0.09388
V926	0.02297	0.01263	0	0.07932	0.88507
V927	0.53538	0.24263	0.11965	0.07838	0.02396
V928	0.12117	0.2584	0.22655	0.18042	0.21347
V929	0.06095	0.2606	0.00567	0.0468	0.62597
V930	0.07745	0	0.05512	0.05742	0.81
V931	0.4958	0.11694	0.01175	0.0563	0.3192
V932	0.05417	0.0979	0.04437	0.33157	0.47199
V933	0.30071	0	0.04307	0.28196	0.37427
V934	0.67683	0.05124	0.26622	0	0.00571
V935	0.59398	0.09229	0.13456	0.0517	0.12747
V936	0.32008	0.04337	0.12034	0.43724	0.07897
V937	0.13646	0.68639	0.1091	0.03558	0.03247
V938	0.08897	0.85729	0.04049	0.01024	0.00301
V939	0.00834	0	0.00585	0.34077	0.64504
V940	0.58037	0.0575	0.08663	0.05253	0.22297
V941	0.02324	0.11549	0.12173	0.46845	0.2711
V942	0.74275	0.22775	0.01178	0.00726	0.01045
V943	0.05279	0.08871	0.05105	0.06247	0.74499
V944	0.35357	0.00077	0.11877	0.47091	0.05599
V945	0.04911	0.27209	0.58385	0.03042	0.06454
V946	0.03215	0.49258	0.46419	0	0.01108
V947	0.39824	0	0.02254	0.13585	0.44336
V948	0.07789	0.68696	0.05235	0.1116	0.07119
