Neutrophils	Monocytes_CD14.CD16.	Macrophage	T_cells_.CD4..	NK_cells
V1	0.28032	0.23864	0.24646	0.05909	0.17549
V2	0.02998	0.84709	0.03414	0.02498	0.06381
V3	0.08276	0.04042	0.53615	0.32997	0.0107
V4	0.00657	0.00138	0.20591	0	0.78613
V5	0	0	0.04784	0	0.95216
V6	0.29857	0.15383	0.28306	0.12421	0.14033
V7	0.01236	0.03416	0.38919	0.00648	0.55782
V8	0.03264	0.02139	0.90618	0.03978	0
V9	0.06911	0.01815	0.37275	0.53587	0.00413
V10	0.40046	0.11588	0.47147	0	0.01219
V11	0.02012	0.01118	0.08764	0	0.88106
V12	0.07329	0.03005	0.24188	0.16621	0.48856
V13	0.1168	0.07798	0.03678	0.26184	0.50661
V14	0.17979	0.03853	0.0999	0.53006	0.15171
V15	0.01567	0.02182	0	0.91998	0.04253
V16	0.556	0.23918	0	0.20482	0
V17	0.03712	0.21619	0.00192	0	0.74476
V18	0.08149	0.48442	0.28322	0.14107	0.0098
V19	0.00827	0	0	0	0.99173
V20	0.02503	0.00304	0.80447	0.16024	0.00722
V21	0.00781	0.23958	0.13352	0.06861	0.55048
V22	0.73897	0.19385	0.04997	0	0.01721
V23	0.05177	0.01918	0.01492	0.01466	0.89948
V24	0.33424	0.22428	0	0	0.44148
V25	0.01235	0.02198	0.01198	0.2519	0.7018
V26	0.40684	0.2766	0.04368	0	0.27289
V27	0.09674	0.48572	0.17394	0	0.24359
V28	0.03256	0.10597	0.28426	0.52494	0.05225
V29	0.00208	0	0.45451	0.52351	0.0199
V30	0.65484	0.21911	0.00247	0	0.12358
V31	0.35497	0.28249	0	0.12123	0.24131
V32	0.76907	0.18278	0	0	0.04815
V33	0.00542	0.17147	0.005	0.01465	0.80346
V34	0.08579	0.91386	0	0	0.00035
V35	0.0738	0.67206	0.24839	0.00574	0
V36	0.01525	0.15036	0.16004	0.00247	0.67189
V37	0.6257	0.0941	0	0	0.2802
V38	0.12943	0.04632	0.50178	0.10995	0.21252
V39	0.24881	0.12937	0.3017	0	0.32012
V40	0.19079	0.70903	0	0.05423	0.04595
V41	0.0215	0.87591	0	0	0.10259
V42	0.75723	0.17167	0.00039	0	0.07071
V43	0.44444	0.18674	0.36882	0	0
V44	0.03954	0.29628	0.52118	0	0.14301
V45	0.0238	0.72028	0.09721	0.09077	0.06794
V46	0.08241	0.84401	0.04452	0.00695	0.0221
V47	0.02575	0.01293	0.9577	0	0.00363
V48	0.15952	0.18784	0.25299	0.20728	0.19237
V49	0.43793	0.25224	0.23547	0.07258	0.00178
V50	0.04463	0.03362	0.92175	0	0
V51	0.07814	0.28717	0.18365	0.00144	0.44959
V52	0.02351	0.97461	0	0	0.00188
V53	0.01853	0.25067	0.00223	0.71331	0.01526
V54	0.22712	0.04618	0.00705	0.40872	0.31093
V55	0.08999	0.00889	0	0.88153	0.01959
V56	0.07524	0	0.00542	0.68819	0.23116
V57	0.14763	0.16007	0.53788	0	0.15442
V58	0.05314	0	0.13507	0.07049	0.7413
V59	0.76254	0.16062	0.07684	0	0
V60	0.36679	0.31135	0.11732	0.05304	0.15149
V61	0.15442	0.03665	0.02031	0.07814	0.71048
V62	0.04951	0.0343	0.28544	0.04031	0.59044
V63	0.31743	0.3253	0.0443	0	0.31296
V64	0.80822	0.19178	0	0	0
V65	0.08729	0.12046	0.04686	0.49025	0.25515
V66	0.0313	0.00074	0.20806	0.73131	0.02859
V67	0.00733	0.00865	0.30731	0.01121	0.66549
V68	0.39212	0.12172	0.39657	0	0.08959
V69	0.54466	0.18937	0.1956	0	0.07036
V70	0.04007	0.81238	0.02221	0.09996	0.02538
V71	0.06644	0.87303	0.01758	0.03091	0.01204
V72	0.01774	0.35986	0.00646	0	0.61594
V73	0.05936	0.008	0.13178	0.43226	0.3686
V74	0.00255	0.07683	0.00687	0.74687	0.16689
V75	0.43763	0.2304	0.32489	0	0.00708
V76	0	0	0.02316	0.83965	0.13719
V77	0.04297	0.01675	0.9245	0.01578	0
V78	0.02666	0.02173	0.94747	0	0.00414
V79	0.05849	0.41733	0.02503	0.05976	0.4394
V80	0.08969	0.77467	0	0.01387	0.12177
V81	0.03484	0.01522	0.94994	0	0
V82	0.25021	0.2992	0.02137	0.4144	0.01482
V83	0.09245	0.1134	0.02	0.39292	0.38124
V84	0.05911	0.14554	0	0	0.79535
V85	0.02535	0.0132	0.96146	0	0
V86	0.02147	0.29167	0.37444	0.2985	0.01392
V87	0.4436	0.19897	0.03381	0.30436	0.01926
V88	0.25219	0.27066	0.03715	0.08689	0.3531
V89	0.0625	0.10481	0.82022	0.01246	0
V90	0.00557	0.15711	0.04708	0.01349	0.77674
V91	0	0	0.12867	0.85361	0.01772
V92	0.16593	0.07089	0.0145	0	0.74868
V93	0.00787	0.09692	0.20267	0.3747	0.31784
V94	0.02228	0.16494	0.01429	0.11316	0.68532
V95	0.03888	0.21122	0.01074	0.01336	0.72581
V96	0.69376	0.11962	0.00531	0	0.1813
V97	0.12018	0.04857	0.03539	0.01249	0.78338
V98	0.03954	0.38301	0.18067	0.04864	0.34815
V99	0.44686	0.27374	0	0.11456	0.16485
V100	0.47771	0.23764	0.03356	0	0.2511
V101	0.03352	0.9649	0	0	0.00157
V102	0.2562	0.32347	0.1271	0.03751	0.25571
V103	0.08565	0.00101	0	0	0.91334
V104	0.03021	0.39286	0.06759	0	0.50934
V105	0.00171	0	0.03316	0	0.96513
V106	0.02874	0.78921	0.1371	0	0.04495
V107	0.06065	0.22727	0.6891	0.01827	0.00471
V108	0.0356	0.16655	0.79785	0	0
V109	0.04336	0.22333	0.05394	0.15838	0.52098
V110	0.16063	0.56804	0.1912	0.06078	0.01935
V111	0.25057	0.26464	0.48479	0	0
V112	0.18181	0.0306	0.13173	0.32298	0.33288
V113	0.19154	0.04529	0.09771	0.03886	0.6266
V114	0.51737	0.21091	0.03284	0.08111	0.15777
V115	0.72111	0.14835	0	0	0.13054
V116	0	0	0	0	1
V117	0.07069	0.02759	0.82963	0.04369	0.0284
V118	0.04316	0	0	0.89541	0.06143
V119	0.29718	0.15112	0.41872	0.13297	0
V120	0.03333	0.00968	0.84742	0.06597	0.04359
V121	0.1444	0.77027	0	0	0.08533
V122	0.02054	0.40915	0.081	0.13124	0.35807
V123	0.42549	0.17773	0.06341	0.09162	0.24175
V124	0.18119	0.16358	0.05423	0.1048	0.4962
V125	0.05016	0.44473	0.50003	0	0.00509
V126	0.12857	0.22907	0.21126	0.03888	0.39222
V127	0.25521	0.07663	0.65226	0.0159	0
V128	0.16242	0.81761	0	0	0.01996
V129	0.23306	0.11354	0.26573	0.0785	0.30918
V130	0.01905	0.54042	0.02788	0.13167	0.28098
V131	0.02069	0	0.34438	0.62793	0.00699
V132	0.30547	0.12233	0	0.19803	0.37416
V133	0.02074	0.0459	0.53332	0.03053	0.36951
V134	0.0851	0.04191	0.76024	0	0.11276
V135	0.03806	0.09553	0.71264	0	0.15377
V136	0.82154	0.17846	0	0	0
V137	0.76896	0.20116	0	0	0.02988
V138	0.20271	0.2096	0.06694	0.04539	0.47536
V139	0.1475	0.02586	0.2319	0.57561	0.01913
V140	0.01125	0	0.13674	0	0.852
V141	0.03471	0.21348	0.68959	0.05585	0.00638
V142	0.19338	0.03402	0.33308	0.04867	0.39084
V143	0.02761	0.18143	0.49528	0.07665	0.21904
V144	0.45578	0.32925	0.05475	0.05195	0.10828
V145	0.0238	0.02304	0.93501	0.00055	0.0176
V146	0.01736	0.37212	0	0.19423	0.41629
V147	0.1112	0.07329	0.71864	0.05734	0.03953
V148	0.12082	0.85033	0	0.00578	0.02307
V149	0	0	0	0.88034	0.11966
V150	0.13345	0.233	0.54609	0	0.08745
V151	0.39199	0.18404	0	0.25968	0.16429
V152	0.00387	0	0.1711	0.67196	0.15307
V153	0.15677	0.23458	0.43478	0.00721	0.16666
V154	0.08932	0.58748	0.004	0	0.3192
V155	0.04491	0.00372	0.20786	0.71535	0.02816
V156	0.09533	0.0462	0.39329	0.06855	0.39663
V157	0.08126	0.06141	0.18258	0.1494	0.52535
V158	0.18143	0.02288	0.43768	0	0.35801
V159	0.11764	0.32315	0.00602	0.4862	0.06699
V160	0.3681	0.25886	0.07598	0	0.29706
V161	0.15	0.04637	0.046	0	0.75763
V162	0.02545	0.02217	0.95238	0	0
V163	0.0317	0	0.00783	0	0.96047
V164	0.79201	0.20799	0	0	0
V165	0.57017	0.30558	0.06346	0.00731	0.05347
V166	0.06518	0.00057	0.33162	0.45535	0.14727
V167	0.02278	0.65778	0	0.06855	0.25088
V168	0.02545	0.02217	0.95238	0	0
V169	0.03938	0.7511	0.14663	0.04138	0.02151
V170	0.22066	0.46372	0.04372	0.10527	0.16663
V171	0.27615	0.19796	0.37539	0.09324	0.05726
V172	0.12825	0.24901	0.05033	0	0.57241
V173	0.20806	0.16659	0.10034	0.2633	0.26171
V174	0.20454	0.03136	0.3761	0.10287	0.28513
V175	0.06081	0.14491	0.1208	0.08174	0.59175
V176	0.39259	0.16265	0	0.44336	0.00141
V177	0.20375	0.07323	0.6175	0.10314	0.00238
V178	0.2502	0.13796	0.46094	0.04899	0.10191
V179	0.06352	0.0111	0	0	0.92538
V180	0.02223	0.01233	0.29485	0	0.6706
V181	0.03786	0.25116	0	0	0.71099
V182	0.55066	0.3169	0	0.08249	0.04995
V183	0.04073	0.94657	0	0	0.0127
V184	0.31204	0.12143	0.33144	0.20751	0.02758
V185	0.0839	0.50292	0.00638	0.06926	0.33754
V186	0.11286	0.20932	0.02035	0.13662	0.52086
V187	0.05853	0.78514	0	0.14129	0.01504
V188	0.77045	0.18043	0.01469	0.03433	1e-04
V189	0.42071	0.39895	0.019	0.1547	0.00665
V190	0.32259	0.16623	0.19116	0	0.32003
V191	0.2033	0.33428	0	0.28283	0.17959
V192	0.27958	0.29673	0.1245	0.11138	0.18782
V193	0.07493	0.2085	0.50698	0.00339	0.20621
V194	0.20655	0.10417	0.07486	0.01634	0.59808
V195	0.53951	0.22065	0.23984	0	0
V196	0	0	0.04601	0	0.95399
V197	0.04061	0.93605	0	0.00934	0.01401
V198	0.19334	0.29823	0.0216	0.1002	0.38662
V199	0.67822	0.10566	0.21612	0	0
V200	0.66649	0.09926	0.01235	0	0.2219
V201	0.02688	0	0.02949	0.58795	0.35568
V202	0.79213	0.20787	0	0	0
V203	0.49042	0.31647	0.00777	0.0041	0.18124
V204	0.22024	0.15951	0.01385	0	0.60641
V205	0.08659	0.0432	0.10691	0.00207	0.76123
V206	0.04321	0.14913	0	0.71996	0.0877
V207	0.01567	0.02182	0	0.91998	0.04253
V208	0.14965	0.26307	0.46016	0.00922	0.11789
V209	0.11532	0.03813	0.08315	0	0.7634
V210	0.02633	0.01229	0.95709	0	0.00429
V211	0.11818	0.0438	0.17816	0	0.65987
V212	0.03834	0.80294	0.06141	0.01167	0.08564
V213	0.08347	0.00441	0.06225	0.12479	0.72508
V214	0.0271	0.55315	0.38785	0	0.03191
V215	0.20151	0.28334	0.123	0.01705	0.3751
V216	0.04846	0.04347	0.29352	0	0.61455
V217	0	0	0.03398	0.77875	0.18727
V218	0.07357	0.22001	0.33191	0.23218	0.14234
V219	0.13042	0.34682	0.39558	0.12105	0.00613
V220	0.15196	0.80444	0.03507	0	0.00853
V221	0.05115	0.05652	0.46202	0	0.43031
V222	0.00364	0	0.00054	0	0.99582
V223	0.48507	0.1245	0.32913	0.05373	0.00757
V224	0.02736	0.54073	0.0069	0.02916	0.39585
V225	0.64866	0.23758	0.11376	0	0
V226	0.40164	0.59516	0	0	0.0032
V227	0.09164	0.36464	0	0.47598	0.06774
V228	0.55098	0.1129	0.27724	0.0204	0.03848
V229	0.24058	0.44869	0.26248	0.01037	0.03788
V230	0	0	0	0	1
V231	0.0533	0.65037	0.05217	0.10788	0.13628
V232	0.6821	0.14918	0.16872	0	0
V233	0.04599	0.02335	0.13863	0.01824	0.77379
V234	0.0154	0.43287	0.25979	0.25098	0.04096
V235	0.81653	0.18347	0	0	0
V236	0.102	0.03178	0.67741	0.1201	0.06871
V237	0.12323	0.10592	0.29496	0.1907	0.28519
V238	0	0	0.00103	0.1404	0.85856
V239	0.05019	0.42302	0.03632	0.09014	0.40033
V240	0.03785	0.88043	0	0	0.08172
V241	0.02406	0.96266	0	0	0.01329
V242	0.03153	0.3665	0.32446	0.18364	0.09387
V243	0.40264	0.11132	0.3188	0	0.16724
V244	0.02342	0.3967	0.18794	0.02638	0.36555
V245	0.0261	0.96404	0.00246	0.00501	0.00239
V246	0.53836	0.34737	0.00131	0	0.11296
V247	0.18753	0.14611	0.61706	0.01687	0.03244
V248	0.07023	0.57471	0.00526	0	0.3498
V249	0.20942	0.13052	0.1916	0.02571	0.44275
V250	0.03691	0.03264	0.61499	0	0.31546
V251	0.24882	0.0738	0.12164	0.46309	0.09265
V252	0.03912	0.11093	0.56612	0.0831	0.20074
V253	0.25308	0.64937	0.06712	0.01125	0.01918
V254	0.47974	0.47312	0	0.03119	0.01595
V255	0.70447	0.19277	0	0	0.10277
V256	0.01995	0.75579	0	0	0.22426
V257	0.39481	0.36546	0.13358	0	0.10616
V258	0.15741	0.46799	0.03973	0.3217	0.01316
V259	0.49195	0.33008	0.15977	0	0.01819
V260	0.20201	0.08178	0.09219	0.00258	0.62145
V261	0.03633	0.02986	0.54416	0.19018	0.19947
V262	0.77193	0.19749	0.03058	0	0
V263	0.74305	0.21049	0	0.04646	0
V264	0.04062	0.94143	0	0.01575	0.0022
V265	0.7402	0.19972	0.06008	0	0
V266	0.00045	0	0.07167	0	0.92788
V267	0.0335	0	0.00043	0.05729	0.90879
V268	0.18097	0.50179	0.14167	0.10464	0.07093
V269	0.08816	0.38712	0.3632	0.1175	0.04402
V270	0.0608	0.00326	0.05346	0.86392	0.01856
V271	0.17444	0.78289	0	0	0.04267
V272	0.07403	0.86806	0	0	0.05791
V273	0.27186	0.09778	0.1929	0.19633	0.24114
V274	0.07298	0.04822	0.03201	0.08469	0.76209
V275	0.03122	0.76191	0.13722	0.04764	0.02201
V276	0.0345	0.01677	0.75724	0.15882	0.03267
V277	0.30782	0.10235	0.56617	0	0.02366
V278	0.00886	0.04086	0.40162	0.33099	0.21768
V279	0.17491	0.03829	0.0142	0.65942	0.11317
V280	0.21626	0.07209	0.04339	0.48697	0.18129
V281	0.01913	0.30185	0.05268	0.59934	0.02701
V282	0.03217	0.95483	0	0	0.013
V283	0.25287	0.09504	0.08691	0	0.56517
V284	0.03537	0.10467	0.49345	0	0.36651
V285	0.49078	0.5043	0	0	0.00492
V286	0.09716	0.05062	0.83523	0.01383	0.00315
V287	0.22603	0.13885	0.17889	0.16414	0.29208
V288	0.18526	0.04797	0.59801	0	0.16876
V289	0.16797	0.35159	0.01324	0.44982	0.01738
V290	0.38143	0.50831	0.11026	0	0
V291	0.37781	0.37347	0	0.24028	0.00844
V292	0.10991	0.04231	0.37959	0	0.4682
V293	0.02572	0.106	0.82911	0.02179	0.01738
V294	0	0	0	0	1
V295	0.01893	0.03369	0.40739	0.397	0.143
V296	0.73	0.24099	0	0	0.02901
V297	0.04142	0.02096	0.80415	0.07681	0.05665
V298	0.31362	0.07261	0	0.41248	0.2013
V299	0.32511	0.05667	0.0092	0.60277	0.00625
V300	0.81921	0.18079	0	0	0
V301	0.81206	0.18794	0	0	0
V302	0	0	0.00198	0.25464	0.74338
V303	0.09416	0.18001	0.22264	0.08569	0.41749
V304	0.18051	0.08134	0.71764	0	0.02051
V305	0.17143	0.35992	0.07828	0.036	0.35436
V306	0.26373	0.71818	0	0	0.01808
V307	0.25996	0.06954	0.3362	0.33431	0
V308	0.22531	0.07176	0.66954	0.03277	0.00062
V309	0.60463	0.16519	0.032	0.04561	0.15256
V310	0.01954	0.00895	0.00063	0.02244	0.94843
V311	0.00021	0	0.06996	0.88973	0.0401
V312	0.06696	0.24463	0.22286	0	0.46555
V313	0.04614	0.33027	0.00201	0.19569	0.4259
V314	0.06981	0.01643	0.00038	0.22742	0.68596
V315	0.78621	0.18545	0	0	0.02834
V316	0.09614	0.5566	0.24992	0.0014	0.09593
V317	0.32034	0.16797	0.49693	0	0.01476
V318	0.75229	0.14695	0	0	0.10076
V319	0.1149	0.08192	0.80318	0	0
V320	0.10296	0	0.00717	0.85287	0.037
V321	0.12925	0.40686	0.3113	0.1217	0.03089
V322	0.02376	0.24403	0.56959	0.01417	0.14846
V323	0.21509	0.27757	0.41017	0	0.09717
V324	0.04508	0.06474	0.06405	0.79194	0.03418
V325	0.59658	0.20593	0.07003	0.0486	0.07886
V326	0.03665	0.00808	0.05082	0.04568	0.85876
V327	0.27851	0.54254	0.09383	0	0.08511
V328	0.04453	0.35816	0.20973	0.3583	0.02928
V329	0.01209	0.06209	0.49344	0.41676	0.01561
V330	0.09262	0.04989	0.79781	0	0.05968
V331	0.10347	0.03594	0.08018	0.01134	0.76908
V332	0.39715	0.13719	0.44299	0	0.02266
V333	0.34746	0.16263	0.30951	0.07632	0.10409
V334	0.05237	0.31064	0.5446	0.03935	0.05305
V335	0.63772	0.15868	0.06501	0	0.13859
V336	0.13478	0.6076	0.24228	0	0.01534
V337	0	0	0.00893	0.05997	0.9311
V338	0.64172	0.10146	0.14421	0	0.11261
V339	0.16788	0.56212	0.16582	0	0.10418
V340	0.0221	0.14263	0.09976	0	0.73551
V341	0.02862	0.46977	0.42144	0	0.08017
V342	0.26054	0.23735	0.45401	0.04811	0
V343	0.63217	0.07302	0.29482	0	0
V344	0.07224	0.78443	0.0219	0	0.12143
V345	0.18752	0.08896	0	0.14665	0.57686
V346	0.03265	0.3641	0.35013	0.20153	0.05159
V347	0.07259	0.62025	0.00822	0.22899	0.06995
V348	0.02369	0.14274	0.4688	0.15079	0.21398
V349	0.06822	0.31261	0.49904	0	0.12013
V350	0.09576	0.47387	0.07782	0.13578	0.21678
V351	0.19609	0.06467	0.5034	0.21784	0.018
V352	0.10014	0.53784	0.35568	0	0.00634
V353	0.1995	0.36897	0.0178	0	0.41372
V354	0.49839	0.08999	0.41162	0	0
V355	0.10462	0.04374	0.4308	0.40803	0.01281
V356	0.10515	0.05286	0.803	0.0012	0.03778
V357	0.05318	0.04095	0.48322	0	0.42265
V358	0.03114	0.04349	0.05249	0.83588	0.037
V359	0.05963	0.17433	0.00297	0.74801	0.01506
V360	0.6771	0.17148	0.078	0.07342	0
V361	0.27108	0.53987	0.06649	0	0.12256
V362	0.67333	0.15276	0.0794	0	0.09451
V363	0.02004	0.019	0.00056	0.05373	0.90668
V364	0.02747	0.33015	0.01607	0.31184	0.31447
V365	0	0	0.00944	0.90872	0.08184
V366	0.19672	0.09489	0.58492	0.01906	0.10441
V367	0.1975	0.29784	0.20385	0.08014	0.22067
V368	0.65432	0.20034	0.10939	0	0.03595
V369	0.03272	0.66441	0.25908	0.04373	7e-05
V370	0.01668	0.16687	0.13594	0.22897	0.45154
V371	0.03505	0.94346	0.02106	0	0.00043
V372	0.62719	0.15901	0.14359	0.04899	0.02122
V373	0.09554	0.72617	0.11759	0.05089	0.00981
V374	0.11643	0.08451	0.46309	0.33597	0
V375	0.27032	0.09747	0.60573	0.02648	0
V376	0.0127	0	0.35698	0	0.63033
V377	0.08172	0.56316	0.22647	0.11881	0.00984
V378	0.10612	0.5353	0.1636	0	0.19498
V379	0.01725	0	0.10184	0.01232	0.8686
V380	0.01681	0.05885	0.21261	0.35447	0.35726
V381	0.10172	0.05282	0	0	0.84546
V382	0.35479	0.12488	0	0.16439	0.35594
V383	0.04432	0.01176	0.38808	0.55086	0.00498
V384	0.29158	0.15284	0.19371	0.28779	0.07409
V385	0.05731	0.08395	0	0	0.85874
V386	0.65975	0.15454	0	0.18571	0
V387	0.31365	0.0958	0	0.54032	0.05023
V388	0.03192	0.91227	0.00943	0.03305	0.01333
V389	0.09015	0.82482	0	0.0053	0.07972
V390	0.20617	0.04032	0	0.56159	0.19191
V391	0.65074	0.25272	0	0.0208	0.07574
V392	0.80455	0.19545	0	0	0
V393	0.1063	0.05208	0.19076	0.38051	0.27034
V394	0.68959	0.11649	0.00417	0.07422	0.11553
V395	0.01073	0.00665	0.49707	0.46789	0.01767
V396	0.48253	0.10343	0.41404	0	0
V397	0.66595	0.22291	0.01516	0.04968	0.04629
V398	0.078	0.00168	0.24076	0.52617	0.15338
V399	0.02869	0.02225	0	0.13388	0.81518
V400	0.15226	0.59624	0.1642	0.08729	0
V401	0.28435	0.0853	0.62779	0.00256	0
V402	0.30941	0.14051	0.44528	0.02071	0.08409
V403	0.1124	0.09045	0	0.04306	0.75409
V404	0.01851	0.06069	0.56138	0.2889	0.07052
V405	0.30571	0.37949	0.06283	0.12115	0.13082
V406	0.04248	0.03556	0.90692	0	0.01504
V407	0.80343	0.17756	0.01852	0.00049	0
V408	0.01868	0.39778	0	0.1515	0.43204
V409	0.12745	0.02794	0.08992	0.56027	0.19443
V410	0.10927	0.15097	0.29894	0.00142	0.4394
V411	0	0	0	0	1
V412	0.01398	0.12019	0.11474	0	0.75109
V413	0.0182	0.27136	0.18075	0.24083	0.28885
V414	0.0325	0.10172	0	0.31114	0.55464
V415	0.11385	0.00642	0	0	0.87973
V416	0.0803	0.0988	0.01219	0.05316	0.75555
V417	0.03219	0.01687	0.79148	0.07549	0.08398
V418	0.517	0.44849	0	0	0.03451
V419	0.19045	0.05885	0.00865	0.0258	0.71625
V420	0.1724	0.02929	0.08885	0	0.70946
V421	0	0	0.1166	0	0.8834
V422	0.01441	0.005	0.06961	0.60296	0.30802
V423	0.26804	0.29674	0.29762	0.11167	0.02593
V424	0.01546	0.00066	0.44003	0	0.54385
V425	0.25639	0.39911	0	0	0.34449
V426	0.23604	0.30486	0.00762	0.32531	0.12618
V427	0.17495	0.67961	0.13934	0	0.00609
V428	0.07879	0.67691	0.06995	0.04457	0.12978
V429	0.08919	0.84798	0	0.02838	0.03445
V430	0.03728	0.02694	0.40823	0.10124	0.42631
V431	0.10844	0.44477	0.21825	0.15537	0.07318
V432	0.28274	0.1761	0.13397	0.20922	0.19797
V433	0.2114	0.04026	0.58306	0.13886	0.02642
V434	0.21268	0.31317	0.37285	0	0.1013
V435	0.49985	0.12335	0.3768	0	0
V436	0.04799	0.57842	0.09532	0.00874	0.26953
V437	0.15284	0.04861	0.0194	0.05996	0.7192
V438	0.12975	0.38408	0.22123	0.17819	0.08676
V439	0.60843	0.15826	0.03278	0.1874	0.01313
V440	0.03482	0.36437	0.53774	0	0.06306
V441	0.03624	0.55276	0.39431	0.00795	0.00873
V442	0.03397	0.96511	0	0	0.00093
V443	0.8079	0.18918	0	0.00292	0
V444	0.1494	0.54199	0.01848	0.23619	0.05395
V445	0.06035	0.53458	0.03424	0.34013	0.03069
V446	0.11942	0.06537	0.13083	0.42309	0.2613
V447	0.06247	0.00341	0.0114	0.30023	0.62249
V448	0.11906	0.01683	0.01133	0	0.85278
V449	0.02545	0.02217	0.95238	0	0
V450	0.18142	0.1418	0.24054	0.0533	0.38294
V451	0.25106	0.33279	0.05283	0.21099	0.15234
V452	0.01608	0	0.24457	0.64369	0.09566
V453	0.01073	0	0	0.30836	0.68091
V454	0.02881	0.01287	0.64597	0	0.31235
V455	0.05242	0.22776	0.26236	0.00333	0.45413
V456	0.78058	0.1897	0	0	0.02972
V457	0.63742	0.29247	0.01317	0.01225	0.0447
V458	0.03601	0.37928	0.50877	0.02256	0.05337
V459	0.13553	0.10086	0.06108	0.3368	0.36574
V460	0.64196	0.12004	0.20436	0.01516	0.01847
V461	0.15319	0.33164	0.22265	0	0.29252
V462	0.04535	0.09737	0.01013	0.35518	0.49197
V463	0.26094	0.1318	0.00831	0.5774	0.02155
V464	0.15518	0.22723	0.61643	0	0.00116
V465	0.0275	0.07851	0.00579	0	0.8882
V466	0.0063	0	0	0.0274	0.96631
V467	0.05322	0.32868	0.01902	0.43313	0.16596
V468	0.50693	0.37829	0.08602	0	0.02876
V469	0.00842	0.34735	0.05276	0.16724	0.42423
V470	0.77087	0.19345	0.00631	0.02892	0.00045
V471	0.33667	0.3847	0.01088	0.06523	0.20252
V472	0.00412	0.01313	0.03186	0	0.95089
V473	0.0283	0.22241	0.28492	0.19892	0.26545
V474	0.29265	0.27419	0.06081	0.31006	0.06228
V475	0.15595	0.05258	0.57407	0	0.2174
V476	0.1806	0.08259	0.13753	0.48817	0.1111
V477	0.0253	0.97351	0	0	0.00119
V478	0.12422	0.01537	0	0	0.8604
V479	0.77013	0.19118	0.01501	0.02348	2e-04
V480	0.1167	0.73526	0.03936	0.06267	0.04602
V481	0.21589	0.44467	0.05251	0.09578	0.19115
V482	0.08813	0.71674	0.17737	0	0.01776
V483	0.26207	0.62368	0	0.0485	0.06575
V484	0.20364	0.58124	0.12078	0.07338	0.02096
V485	0.62266	0.19464	0.10806	0.05368	0.02096
V486	0.05397	0.07428	0.2555	0	0.61625
V487	0.15002	0.17476	0.46678	0.20148	0.00695
V488	0.35	0.22806	0	0.20001	0.22193
V489	0.02728	0.2165	0.70139	0.0369	0.01792
V490	0.03405	0.01659	0.80675	0.13622	0.00639
V491	0.02446	0.45686	0.03587	0.0438	0.43901
V492	0.03107	0.20457	0.0419	0.65819	0.06427
V493	0	0	0.01011	0.94629	0.0436
V494	0.35307	0.08343	0.01351	0.41461	0.13538
V495	0.29749	0.31503	0.22094	0.09089	0.07566
V496	0.09715	0.03867	0.04186	0	0.82232
V497	0.08037	0.04361	0.13906	0.02593	0.71103
V498	0.05024	0.91236	0.00144	0	0.03597
V499	0.03453	0.20919	0.25609	0.01541	0.48477
V500	0.10179	0.55447	0.11615	0.13736	0.09022
V501	0.04714	0.29395	0	0	0.65892
V502	0.1048	0.86944	0.01857	0.00668	0.00051
V503	0.37365	0.15124	0.20131	0.06102	0.21278
V504	0.37599	0.25737	0	0	0.36664
V505	0.54183	0.12452	0.00299	0.02012	0.31054
V506	0.01871	0.48874	0.05081	0	0.44174
V507	0.79095	0.11858	0.01836	0.0393	0.03281
V508	0.02177	0.62771	0.22753	0.00949	0.1135
V509	0.04664	0.49537	0.14708	0.11242	0.19849
V510	0.37621	0.58244	0.02601	0.00834	0.007
V511	0.06987	0.33375	0.5003	0.00828	0.0878
V512	0.12818	0.4679	0.17449	0.00555	0.22389
V513	0.14293	0.73727	0.06019	0.01419	0.04543
V514	0.00494	0	0.20255	0	0.79251
V515	0.08502	0.20501	0	0.69644	0.01352
V516	0.15469	0.47331	0.12037	0.22819	0.02345
V517	0.01695	0.04	0.08194	0.82503	0.03609
V518	0.36389	0.15394	0.34845	0.10154	0.03218
V519	0.77325	0.1586	0	0.06641	0.00175
V520	0.04967	0.92153	0	0.02683	0.00197
V521	0.25098	0.04209	0.19206	0.50006	0.01481
V522	0.06193	0.20404	0.59795	0.07931	0.05677
V523	0.15445	0.08934	0.73888	0.01536	0.00198
V524	0.27793	0.12744	0.52997	0	0.06465
V525	0.0056	0.16117	0.01993	0	0.81329
V526	0.05909	0.05227	0.84478	0.00322	0.04064
V527	0.08311	0.48588	0.4025	0	0.02851
V528	0.19705	0.02813	0.02916	0.7345	0.01116
V529	0.19847	0.08845	0.70363	0	0.00944
V530	0.0426	0.03524	0.87054	0.02206	0.02956
V531	0.14412	0.52345	0.0762	0	0.25623
V532	0.05134	0.26086	0.26078	0	0.42701
V533	0.18335	0.04565	0	0	0.77101
V534	0.15083	0.12593	0	0.66272	0.06052
V535	0.71867	0.24944	0.0319	0	0
V536	0.11288	0.20735	0.35328	0	0.32649
V537	0.01124	0.00558	0.00828	0	0.9749
V538	0.53536	0.18788	0	0	0.27676
V539	0.03378	0.13633	0.67612	0.05288	0.1009
V540	0.13677	0.48152	0.08119	0.00615	0.29437
V541	0.0189	0.37717	0.00714	0	0.59678
V542	0.0323	0.40763	0.13619	0.32076	0.10312
V543	0.0788	0.10236	0.67655	0.01287	0.12942
V544	0.27791	0.27851	0.16984	0.01391	0.25983
V545	0.60005	0.39995	0	0	0
V546	0.04648	0.79952	0.07111	0	0.0829
V547	0.06163	0.85208	0	0.05149	0.03481
V548	0.00263	0.08278	0.00851	0.86556	0.04052
V549	0	0	0.01756	0.07079	0.91165
V550	0.02428	0.89116	0.07323	0	0.01133
V551	0	0	0	0.97545	0.02455
V552	0.16	0.0412	0.00901	0	0.78978
V553	0.7353	0.13973	0	0.06989	0.05507
V554	0.1321	0.06797	0.56583	0.21487	0.01923
V555	0.02337	0.93996	0	0	0.03667
V556	0.09473	0.09082	0.08027	0.62248	0.11171
V557	0.29051	0.38774	0.02286	0.22667	0.07222
V558	0.03292	0.02835	0.81602	0.09186	0.03084
V559	0.10165	0.41806	0.44343	0	0.03686
V560	0.57108	0.31494	0.11398	0	0
V561	0.6232	0.08039	0.12963	0	0.16678
V562	0.09928	0.06791	0.14771	0.01886	0.66624
V563	0.184	0.32043	0.19936	0.04351	0.2527
V564	0.3162	0.12599	0.05846	0.20721	0.29214
V565	0	0	0.0081	0	0.9919
V566	0.26199	0.26229	0.0121	0.18972	0.27391
V567	0.04455	0.01539	0.93723	0	0.00282
V568	0.03806	0.26247	0.48502	0.21445	0
V569	0.59882	0.20259	0.09966	0.05487	0.04406
V570	0.14677	0.06272	0.34657	0.32901	0.11494
V571	0.26157	0.06235	0.27243	0.21144	0.19222
V572	0.6834	0.1475	0	0	0.1691
V573	0.08444	0.09858	0.38963	0.25558	0.17177
V574	0.48893	0.38963	0.06014	0.03637	0.02493
V575	0.264	0.12963	0.09782	0	0.50855
V576	0.02264	0.89546	0	0	0.0819
V577	0.37617	0.58525	0.0174	0.01394	0.00724
V578	0.04151	0.16218	0.56933	0.15	0.07698
V579	0.02248	0.50412	0.31216	0	0.16124
V580	0.19853	0.63245	0	0.13171	0.03731
V581	0.05412	0.51286	0.38235	0.04216	0.00852
V582	0.02424	0.05318	0.92258	0	0
V583	0.55089	0.09865	0.35046	0	0
V584	0.18651	0.52377	0.09888	0	0.19084
V585	0.03003	0.80833	0.0512	0.02396	0.08648
V586	0.02153	0.81833	0.16001	0	0.00013
V587	0.03534	0.6447	0	0	0.31997
V588	0.20673	0.41513	0.37633	0	0.00181
V589	0.09384	0.52575	0.04203	0.29677	0.04161
V590	0.02506	0.76112	0	0	0.21382
V591	0.43287	0.54654	0.0166	0	0.00399
V592	0.03559	0.01144	0.72985	0.00353	0.2196
V593	0.40869	0.16874	0	0.34576	0.0768
V594	0.02451	0.12156	0.69125	0.09014	0.07253
V595	0.49563	0.19999	0.06	0.19355	0.05083
V596	0.42553	0.28076	0.21427	0.05565	0.02379
V597	0.01304	0.16713	0	0.03613	0.7837
V598	0.44145	0.08547	0	0	0.47309
V599	0.07069	0.49869	0.10226	0.27343	0.05494
V600	0.27378	0.08883	0.21697	0.24356	0.17686
V601	0.13381	0.13646	0	0.32499	0.40474
V602	0.73127	0.26873	0	0	0
V603	0.10022	0.14566	0.01896	0.04337	0.69178
V604	0.03968	0.0276	0.70561	0.05178	0.17534
V605	0.02166	0.05305	0.11973	0.01078	0.79478
V606	0.67819	0.14381	0	0	0.178
V607	0.114	0.11132	0.00834	0	0.76634
V608	0.69351	0.12479	0.01387	0.0231	0.14472
V609	0.17167	0.43384	0	0.27274	0.12175
V610	0.07186	0.75065	0	0.16127	0.01622
V611	0.23824	0.1074	0.59313	0	0.06123
V612	0.29452	0.14974	0.28818	0	0.26756
V613	0.37638	0.60508	0.01854	0	0
V614	0.4284	0.14981	0	0.00313	0.41866
V615	0.00734	0.11395	0.17022	0.42856	0.27993
V616	0.63366	0.10896	0.15115	0.06435	0.04187
V617	0.20497	0.14175	0.4529	0.03234	0.16804
V618	0.64323	0.17135	0.04767	0	0.13775
V619	0.44985	0.13069	0.13339	0	0.28607
V620	0.05453	0.04985	0.45927	0.42173	0.01461
V621	0.11328	0.25076	0.25684	0	0.37912
V622	0.01808	0.18456	0.32053	0	0.47683
V623	0.07412	0.00725	0.00396	0.56439	0.35028
V624	0.76621	0.15125	0	0	0.08254
V625	0.00578	0.08411	0.15006	0.72922	0.03083
V626	0.09523	0.05281	0.62066	0.19865	0.03265
V627	0.07897	0.14638	0.10379	0	0.67086
V628	0.80638	0.19362	0	0	0
V629	0.12381	0.27146	0.60185	0.00013	0.00274
V630	0.0055	0.15049	0.01245	0	0.83156
V631	0.00373	0	0.23955	0	0.75673
V632	0.0282	0.77368	0	0.00325	0.19487
V633	0.05615	0.00531	0.11257	0.36525	0.46072
V634	0.35771	0.51375	0.12854	0	0
V635	0.02975	0.09134	0.16628	0	0.71263
V636	0.18179	0.25397	0.30942	0.09771	0.15712
V637	0.21801	0.05988	0.45417	0.14477	0.12316
V638	0.06056	0.46549	0.00565	0.03077	0.43751
V639	0.4946	0.4485	0.05623	0	0.00067
V640	0.09327	0.20578	0.08171	0.12487	0.49437
V641	0.07672	0.80443	0.00245	0.07885	0.03757
V642	0.71237	0.16629	0	0.12133	0
V643	0.03393	0.91293	0.04745	0.0044	0.00129
V644	0.03709	0.54902	0.01212	0.34123	0.06054
V645	0.12885	0.83131	0	0.03948	0.00035
V646	0.1249	0.60363	0.01691	0.14651	0.10805
V647	0.79583	0.19149	0	0.01268	0
V648	0.37898	0.24902	0	0.15262	0.21939
V649	0.21006	0.15497	0.06501	0.02439	0.54556
V650	0.01877	0	0.09918	0.86338	0.01867
V651	0.15822	0.31863	0	0.51699	0.00616
V652	0.38515	0.13558	0.03369	0.41888	0.0267
V653	0.35912	0.13275	0.05653	0.38421	0.06739
V654	0.0193	0.06093	0	0.00736	0.91242
V655	0.1777	0.10475	0.37699	0.33083	0.00973
V656	0.08178	0.01778	0	0.01896	0.88148
V657	0.02887	0.55787	0.02068	0.22055	0.17204
V658	0.0243	0.03214	0.03713	0.44915	0.45728
V659	0.01648	0.02271	0.11733	0.70348	0.14
V660	0.04082	0.31181	0.00715	0	0.64022
V661	0.03325	0.69399	0	0.10756	0.1652
V662	0.01983	0.39394	0.00599	0	0.58024
V663	0.82179	0.17821	0	0	0
V664	0.01367	0	0.13651	0.2452	0.60462
V665	0.02257	0.64015	0.23315	0.04206	0.06207
V666	0.06775	0.91181	0.02018	0	0.00026
V667	0.03233	0.56644	0.27544	0.05297	0.07281
V668	0.61445	0.31763	0.03187	0.01257	0.02347
V669	0.41875	0.38765	0.01025	0.02974	0.1536
V670	0.07404	0.60917	0.0358	0	0.28099
V671	0.7026	0.09913	0.19827	0	0
V672	0.08149	0.08997	0.09633	0.17098	0.56123
V673	0.00274	0.0038	0	0.03008	0.96338
V674	0.30072	0.18165	0.48351	0	0.03412
V675	0.63949	0.12469	0.02124	0.06688	0.1477
V676	0.21474	0.17127	0.45547	0	0.15852
V677	0.04254	0.31724	0.27413	0.26777	0.09833
V678	0.03103	0.28392	0.00064	0	0.68441
V679	0.02828	0.02509	0.56683	0.36629	0.01351
V680	0.14824	0.03045	0.01517	0.196	0.61014
V681	0.48005	0.18888	0.02915	0.1753	0.12662
V682	0.02545	0.02217	0.95238	0	0
V683	0.07557	0.18298	0.59833	0	0.14313
V684	0.07637	0.00583	0.00849	0.88907	0.02022
V685	0.03352	0.03131	0.86895	0.06067	0.00555
V686	0.24528	0.67642	0.05882	0	0.01948
V687	0.02488	0.00911	0.68126	0.26123	0.02353
V688	0.02358	0.02404	0.93535	0	0.01703
V689	0.42375	0.17478	0.18864	0.0357	0.17713
V690	0.07692	0.90797	0	0.00217	0.01294
V691	0.16064	0.19962	0.05879	0.5136	0.06735
V692	0.08123	0.03926	0.01719	0.66972	0.19259
V693	0.03043	0.51556	0.43717	0.00893	0.00791
V694	0.08982	0.26276	0.04445	0.46899	0.13399
V695	0.09333	0.10976	0.12817	0	0.66875
V696	0.12519	0.02913	0.70325	0	0.14243
V697	0.10764	0.13978	0.36156	0.22142	0.16959
V698	0.01327	0.00283	0.15701	0	0.82689
V699	0.03697	0.01123	0.06435	0.51406	0.3734
V700	0.03769	0.83448	0.05146	0	0.07638
V701	0.00531	0.14816	0.00465	0	0.84187
V702	0.01549	0.15586	0.00168	0.54547	0.2815
V703	0.01628	0.0071	0.04079	0.89494	0.04089
V704	0.04264	0.05891	0.35142	0	0.54704
V705	0.77932	0.19146	0	0	0.02922
V706	0.15729	0.21431	0.19698	0.30279	0.12863
V707	0.12401	0.1518	0.07261	0.1513	0.50029
V708	0.02749	0.58503	0.38747	0	0
V709	0.00078	0	0.02397	0	0.97525
V710	0.1204	0.03773	0.44166	0	0.40022
V711	0.03459	0	0.0148	0	0.9506
V712	0.08249	0.03708	0.74694	0.11655	0.01695
V713	0.22652	0.44601	0.32747	0	0
V714	0.02873	0	0	0	0.97127
V715	0.02721	0.28443	0.62607	0.05548	0.00681
V716	0.67118	0.29933	0	0.00765	0.02184
V717	0.30623	0.24568	0.10354	0	0.34455
V718	0.60503	0.0808	0.27162	0	0.04255
V719	0.34196	0.33777	0.09489	0.04568	0.1797
V720	0.09268	0.04939	0.07791	0	0.78002
V721	0.0144	0	0.03962	0	0.94598
V722	0.01581	0.26928	0.06521	0.35831	0.29138
V723	0.11527	0.30491	0.1411	0.39532	0.04341
V724	0.10924	0.75636	0.02022	0.10244	0.01175
V725	0.01248	0	0.00035	0	0.98717
V726	0.18694	0.52866	0.0402	0.01118	0.23301
V727	0.03295	0.02499	0.92559	0	0.01648
V728	0.72813	0.13118	0.11967	0.02102	0
V729	0.60086	0.25514	0.00468	0.13574	0.00358
V730	0.13438	0.06061	0.44576	0.26529	0.09396
V731	0.00293	0.00493	0.1008	0.87204	0.0193
V732	0	0	0.01042	0.96572	0.02386
V733	0.05171	0.04886	0.88508	0	0.01435
V734	0.45561	0.16364	0.36951	0.00371	0.00752
V735	0.05601	0.1443	0.20041	0	0.59929
V736	0.00368	0.02009	0.00055	0	0.97568
V737	0.81918	0.18082	0	0	0
V738	0.01366	0.41444	0	0	0.5719
V739	0.01578	0.00548	0	0.95512	0.02362
V740	0.15842	0.10945	0.08669	0	0.64544
V741	0.44681	0.1744	0	0.18186	0.19693
V742	0.08638	0.04229	0.54531	0.09143	0.23459
V743	0.02094	0.04171	0.06763	0.03403	0.8357
V744	0.21323	0.12882	0.21814	0.37057	0.06925
V745	0.20692	0.07152	0.06512	0.63313	0.02332
V746	0.32292	0.60937	0.01772	0	0.04999
V747	0.05111	0.04875	0.8729	0	0.02724
V748	0.13755	0.26094	0.25304	0.01053	0.33794
V749	0.18888	0.15892	0.14169	0.28828	0.22223
V750	0.69696	0.29795	0	0.00509	0
V751	0.04636	0.38855	0.55719	0.0025	0.0054
V752	0.01246	0.10219	0.01356	0	0.87179
V753	0.47817	0.14123	0.23024	0	0.15037
V754	0.11623	0.45688	0	0.40906	0.01783
V755	0.19499	0.78131	0.01617	0	0.00753
V756	0.01257	0.08838	0.01459	0.00593	0.87853
V757	0.21499	0.03718	0.14597	0.58256	0.01931
V758	0.06003	0.56205	0	0.35997	0.01795
V759	0.06603	0.03176	0.08509	0	0.81713
V760	0.07197	0.04663	0.2255	0.13719	0.51871
V761	0.0689	0.26695	0.66108	0	0.00307
V762	0.01626	0.0409	0.19851	0.25184	0.49248
V763	0.01345	0.2195	0	0	0.76704
V764	0.13629	0.11317	0.11933	0.59339	0.03783
V765	0.1692	0.06269	0.64027	0.0095	0.11834
V766	0.06577	0.47232	0.25104	0.00976	0.2011
V767	0.23397	0.51371	0.05136	0.00508	0.19589
V768	0.04079	0.8979	0.02807	0.02068	0.01257
V769	0.67101	0.10151	0.1825	0	0.04497
V770	0.27905	0.12534	0.51625	0.07918	0.00019
V771	0.04528	0.76584	0	0.04449	0.14439
V772	0.06976	0.0473	0.88294	0	0
V773	0.01271	0	0	0.07258	0.91471
V774	0.14807	0.02265	0.49875	0	0.33053
V775	0.81701	0.1577	0	0.0145	0.01079
V776	0.31163	0.50226	0.14909	0	0.03703
V777	0.19825	0.43561	0.24848	0.05159	0.06607
V778	0.45894	0.21065	0	0.10616	0.22426
V779	0.07581	0.41731	0.49155	0	0.01532
V780	0.04492	0.01551	0.93957	0	0
V781	0.13878	0.3188	0.15471	0	0.38771
V782	0.16626	0.26328	0.00116	0	0.56929
V783	0.02097	0.00695	0.59685	0	0.37523
V784	0.02199	0.67135	0	0.16647	0.14019
V785	0.65083	0.24808	0	0.03667	0.06441
V786	0.18031	0.32154	0.00209	0.44892	0.04714
V787	0.12087	0.65834	0	0.11633	0.10446
V788	0.31131	0.46385	0.05156	0	0.17328
V789	0.00438	0.17021	0	0.25838	0.56703
V790	0.23042	0.30065	0.04708	0.04045	0.3814
V791	0.15355	0.27205	0.06309	0.0952	0.41611
V792	0.79905	0.19313	0	0	0.00782
V793	0.26959	0.34162	0.03808	0.03129	0.31942
V794	0.01286	0.01168	0.09897	0.07726	0.79923
V795	0.10269	0.87481	0	0	0.0225
V796	0.26772	0.50375	0.1044	0.08151	0.04262
V797	0.09993	0.00346	0	0	0.89661
V798	0.107	0.5131	0	0.02852	0.35139
V799	0.03013	0.2271	0.06399	0.56899	0.10979
V800	0.01973	0.00077	0.0092	0.04381	0.92649
V801	0.37044	0.15027	0.13928	0.29537	0.04464
V802	0.0207	0.16293	0.00397	0	0.8124
V803	0.34445	0.12868	0	0.48033	0.04655
V804	0.19889	0.25427	0.23182	0.2404	0.07462
V805	0.14924	0.18061	0.44421	0.08982	0.13613
V806	0.3944	0.13547	0.18161	0.00932	0.27921
V807	0.6509	0.10187	0.04635	1e-05	0.20087
V808	0.69792	0.15382	0.0291	0	0.11916
V809	0.16012	0.65483	0	0	0.18505
V810	0.02355	0.06565	0.04223	0.30772	0.56084
V811	0.03769	0.09098	0.01415	0.03483	0.82235
V812	0.0235	0.67245	0.21178	0.04291	0.04937
V813	0.02305	0.18143	0.19743	0	0.59808
V814	0.18672	0.62243	0.05874	0.09628	0.03583
V815	0.18826	0.77619	0.00565	0.02034	0.00955
V816	0.01913	0.61721	0	0.30369	0.05996
V817	0.69178	0.1694	0.13882	0	0
V818	0.03549	0.19987	0.33349	0.00222	0.42893
V819	0.80391	0.19609	0	0	0
V820	0.06879	0.45298	0.14109	0.28202	0.05511
V821	0	0	0	0	1
V822	0.23731	0.06	0.01275	0.68092	0.00902
V823	0.03653	0.07449	0.19556	0	0.69342
V824	0.04932	0.02591	0.01364	0	0.91113
V825	0.16571	0.02934	0.70041	0.10455	0
V826	0.06168	0.03086	0.90497	0.00249	0
V827	0.30883	0.30224	0	0.23979	0.14914
V828	0.18939	0.20532	0.0895	0	0.51579
V829	0.08324	0.10532	0.30659	0.08761	0.41724
V830	0.14803	0.04435	0.66464	0	0.14297
V831	0.02158	0.80481	0.03692	0.09649	0.0402
V832	0.18559	0.02532	0.06839	0.11746	0.60324
V833	0.14896	0.7985	0	0	0.05254
V834	0.67566	0.23785	0.01288	0	0.07361
V835	0.23745	0.3847	0.08947	0.16387	0.1245
V836	0.31794	0.18757	0.45081	0.04368	0
V837	0.01997	0.8621	0	0.01352	0.10442
V838	0	0	0.1253	0.83852	0.03617
V839	0.0274	0.02035	0.06285	0	0.88939
V840	0.79971	0.19377	0.00652	0	0
V841	0.20726	0.07877	0.71397	0	0
V842	0.50114	0.17123	0.2106	0.1059	0.01115
V843	0.37002	0.12651	0.1321	0.01097	0.3604
V844	0.03457	0.16213	0.77187	0.00269	0.02873
V845	0.01695	0	0	0.46081	0.52223
V846	0.08634	0.05177	0.08903	0.00278	0.77008
V847	0.16768	0.03183	0.04342	0.03477	0.72229
V848	0.67327	0.13196	0	0.02686	0.16791
V849	0.13856	0.07242	0.67338	0	0.11564
V850	0.19535	0.08197	0.28839	0.06632	0.36798
V851	0.82168	0.17832	0	0	0
V852	0.20714	0.1044	0.07351	0.07282	0.54214
V853	0.0533	0.12052	0.63348	0.07784	0.11486
V854	0.03857	0.35412	0.24143	0.0245	0.34139
V855	0.09918	0.46447	0.09609	0.20519	0.13506
V856	0.12385	0.38782	0.03648	0	0.45185
V857	0.07764	0.06336	0.20062	0.27195	0.38643
V858	0.02059	0.35533	0.20643	0.11486	0.30278
V859	0.16512	0.04962	0.02788	0.6785	0.07889
V860	0.04226	0.19982	0.08956	0.54459	0.12377
V861	0.17296	0.07005	0.18647	0.55236	0.01815
V862	0.05183	0.00132	0.01582	0.02564	0.90538
V863	0.0247	0.93804	0	0	0.03726
V864	0.06119	0.0176	0.88962	0.0316	0
V865	0.10566	0.03256	0.69993	0.16185	0
V866	0.05412	0.06388	0.69433	0.15578	0.03188
V867	0.43507	0.11448	0	0	0.45044
V868	0.21248	0.30215	0.40721	0.05465	0.02351
V869	0	0	0.01542	0	0.98458
V870	0.23965	0.26734	0.07159	0.13227	0.28914
V871	0.02976	0.04528	0.09471	0.0296	0.80065
V872	0.37791	0.20773	0	0.33751	0.07685
V873	0.05372	0.3856	0.18399	0.26243	0.11426
V874	0.06475	0.04215	0	0	0.8931
V875	0.00466	0.20868	0.01925	0.34638	0.42104
V876	0.35232	0.15713	0.03725	0	0.4533
V877	0.20114	0.71399	0.02004	0.04277	0.02207
V878	0.02403	0.76014	0.03347	0.15209	0.03027
V879	0.7936	0.2064	0	0	0
V880	0.07552	0.10354	0.02801	0.28072	0.51222
V881	0.02718	0.00568	0.4914	0	0.47575
V882	0.04138	0.59838	0.00123	0.35372	0.00529
V883	0.46477	0.28783	0	0.09313	0.15426
V884	0	0	0	0	1
V885	0.1573	0.1034	0.38433	0.04472	0.31026
V886	0	0	0.02583	0.10462	0.86954
V887	0.06532	0.8887	0	0	0.04598
V888	0.06745	0.1522	0.07704	0.57796	0.12535
V889	0.09359	0.86415	0.01822	0.00097	0.02306
V890	0.04055	0.01637	0.19831	0.52029	0.22447
V891	0.02328	0.05589	0.92084	0	0
V892	0.52721	0.30105	0	0	0.17174
V893	0.14454	0.23577	0.50311	0.03204	0.08454
V894	0.09355	0.60708	0.04013	0.17802	0.08122
V895	0.62989	0.082	0.28811	0	0
V896	0.20358	0.33602	0.25792	0.19549	0.00699
V897	0	0	0.05734	0.67642	0.26624
V898	0.26025	0.09914	0	0	0.64061
V899	0.52212	0.37872	0.05998	0	0.03918
V900	0.24045	0.33082	0.28828	0.11331	0.02714
V901	0.64497	0.15662	0	0.09272	0.10569
V902	0.76111	0.18356	0	0.00227	0.05305
V903	0.29535	0.18469	0.08042	0.37232	0.06722
V904	0.64087	0.198	0.14685	0	0.01428
V905	0.01696	0.336	0.06638	0.21452	0.36613
V906	0.15053	0.06279	0.45963	0.02024	0.3068
V907	0.68365	0.1944	0.05077	0.01621	0.05497
V908	0.02096	0.41104	0.05372	0.40156	0.11273
V909	0.01639	0.15304	0.01578	0.64121	0.17359
V910	0.62268	0.2633	0	0.01488	0.09913
V911	0.04645	0.25962	0.48673	0	0.20721
V912	0.02972	0.01776	0.14715	0.00932	0.79605
V913	0.16966	0.06543	0.10121	0.54618	0.11751
V914	0.72484	0.15018	0	0.05872	0.06626
V915	0.14038	0.20354	0.03345	0	0.62263
V916	0.69184	0.12358	0.10521	0	0.07936
V917	0.30491	0.13293	0	0	0.56217
V918	0.55736	0.20222	0.22175	0	0.01867
V919	0.37835	0.3143	0	0.16536	0.14199
V920	0.22697	0.05224	0.169	0.53551	0.01628
V921	0.1443	0.21274	0.09235	0	0.55061
V922	0.05175	0.01703	0.64421	0	0.28701
V923	0.12422	0.48098	0.00357	0.00644	0.38479
V924	0.45136	0.26164	0	0.13949	0.1475
V925	0.15274	0.15468	0.49622	0.0902	0.10617
V926	0.01129	0.00562	0.00071	0	0.98238
V927	0.52411	0.32163	0.10435	0.03614	0.01376
V928	0.10612	0.31314	0.22152	0.08832	0.27091
V929	0.03688	0.22597	0	0	0.73715
V930	0.05694	0.00376	0.05289	0	0.88641
V931	0.39184	0.23218	0	0	0.37598
V932	0.04197	0.12269	0.04549	0.18807	0.60179
V933	0.26923	0.0612	0.04664	0.14615	0.47677
V934	0.62196	0.11192	0.26612	0	0
V935	0.52966	0.19514	0.1176	0.00814	0.14946
V936	0.31467	0.19026	0.13272	0.3016	0.06075
V937	0.11406	0.74343	0.08826	0.00919	0.04506
V938	0.06153	0.93516	0.0025	0	0.00081
V939	0	0	0.00918	0.17392	0.81691
V940	0.49363	0.18318	0.06467	0.00311	0.2554
V941	0.01678	0.14255	0.14599	0.32588	0.3688
V942	0.69045	0.30955	0	0	0
V943	0.03539	0.08459	0.04446	0	0.83556
V944	0.34999	0.16287	0.13378	0.33214	0.02121
V945	0.06053	0.27199	0.5821	0.00935	0.07603
V946	0.04187	0.4708	0.48149	0	0.00583
V947	0.29065	0.14971	0.00843	0.02633	0.52488
V948	0.05647	0.76297	0.01981	0.06368	0.09707
V949	0.7568	0.23527	0.00793	0	0
V950	0.08956	0.02597	0.03585	0.832	0.01661
V951	0.32276	0.10552	0	0.36616	0.20556
V952	0.14997	0.07167	0.05858	0.5012	0.21858
V953	0.44211	0.2679	0	0.23633	0.05366
V954	0.21563	0.56141	0.05434	0.01974	0.14888
V955	0.09633	0.03008	0.63351	0.23265	0.00743
V956	0.03036	0.55688	0.10305	0.2667	0.04301
V957	0.08603	0.81085	0.04356	0.03508	0.02448
V958	0.02926	0.8907	0	0.02001	0.06003
V959	0.09797	0.02631	0.807	0.02946	0.03927
V960	0.46477	0.1654	0.13751	0.03503	0.19729
V961	0.03058	0.88793	0	0	0.08149
V962	0.14056	0.11898	0	0	0.74046
V963	0.03541	0.01638	0.53241	0.37234	0.04346
V964	0.03295	0.02499	0.92559	0	0.01648
V965	0.01147	0	0.54628	0.35233	0.08992
V966	0.04211	0.00406	0.48022	0.03252	0.44109
V967	0.279	0.54083	0	0	0.18017
V968	0.03295	0.95283	0	0	0.01422
V969	0.10673	0.52301	0.1409	0.06473	0.16463
V970	0.15697	0.36786	0.45253	0	0.02263
V971	0.67944	0.13272	0.18019	0	0.00765
V972	0.0563	0.90466	0	0.02585	0.01319
V973	0.05948	0.0328	0.59885	0.14977	0.15909
V974	0.023	0.72469	0.10763	0.0634	0.08127
V975	0.02348	0.97397	0	0	0.00255
V976	0.00268	0	0	0.01133	0.98599
V977	0.01539	0.12596	0.14534	0.0546	0.65871
V978	0.31972	0.25058	0.2071	0.05887	0.16374
V979	0.7749	0.2251	0	0	0
V980	0.2602	0.19617	0.11084	0.04186	0.39095
V981	0.05096	0.04333	0.04515	0	0.86056
V982	0.32892	0.48147	0.10855	0	0.08106
V983	0.57219	0.26998	0	0	0.15783
V984	0.17803	0.08704	0.14766	0.44476	0.14251
V985	0.0321	0.10803	0.13258	0.7149	0.01238
V986	0.44952	0.17784	0.35808	0	0.01457
V987	0.05326	0.19286	0.70725	0.02977	0.01685
V988	0.09626	0.06924	0.58918	0.19859	0.04673
V989	0.01072	0.02092	0	0	0.96835
V990	0.08101	0.38949	0	0.05218	0.47733
V991	0.03636	0.08019	0.08798	0	0.79547
V992	0.7526	0.2474	0	0	0
V993	0.02906	0.02174	0.57676	0.08051	0.29193
V994	0.02426	0.95089	0	0.0105	0.01435
V995	0.02185	0.10912	0.60181	0.05662	0.21058
V996	0.01316	0	0.10462	0.41329	0.46894
V997	0.17194	0.10967	0.12621	0	0.59218
V998	0.01551	0.06675	0	0.8036	0.11414
V999	0.11702	0.0659	0.14037	0.38863	0.28807
V1000	0.02634	0.01249	0.96117	0	0
