CD56NK	CD4MemoryT	CD19B	CD14
V1	0.55071	0	0.1489	0.30039
V2	0.13536	0.0471	0.03662	0.78092
V3	0.05519	0.56235	0.00798	0.37448
V4	0.8951	0.08057	0	0.02433
V5	0.11559	0.42594	0.25728	0.20119
V6	0.08406	0.86991	0.01827	0.02776
V7	0.14356	0.29158	0.07147	0.49339
V8	0.14046	0.00058	0.81938	0.03957
V9	0.23303	0.17196	0.02737	0.56764
V10	0.01547	0.00152	0.91907	0.06394
V11	0.23547	0.31378	0.44463	0.00612
V12	0.02624	0.5672	0.38945	0.0171
V13	0.30139	0.6681	0.00399	0.02652
V14	0.0755	0.91167	0.00522	0.00762
V15	0.12628	0.55844	0.11719	0.1981
V16	0.93041	0.02025	0.01614	0.0332
V17	0.09596	0.86559	0.01066	0.02778
V18	0.62153	0.29655	0.03673	0.0452
V19	0.18096	0.79759	0.00421	0.01724
V20	0.16887	0.3953	0.01384	0.422
V21	0.14078	0.02161	0.79797	0.03963
V22	0.01397	0.04958	0.17844	0.75801
V23	0.41614	0.01398	0.5634	0.00647
V24	0.96087	0.01262	0.02643	8e-05
V25	0.3583	0.17526	0.1179	0.34855
V26	0.41763	0.32551	0.01413	0.24273
V27	0.08474	0.02443	0.01039	0.88045
V28	0.00075	0.01558	0.98258	0.00108
V29	0.47146	0.00578	0.48651	0.03626
V30	0.09749	0.15078	0.26216	0.48957
V31	0.21028	0.13262	0.2848	0.37231
V32	0.06463	0.00613	0.01968	0.90957
V33	0.04507	0.45737	0.37273	0.12483
V34	0.13989	0.0092	0.81131	0.0396
V35	0.18341	0.70023	0.07781	0.03856
V36	0.00548	0.01068	0.44518	0.53867
V37	0.54975	0.03607	0.08296	0.33123
V38	0.41568	0	0.14788	0.43644
V39	0.17908	0.52215	0.12651	0.17225
V40	0.11123	0.81516	0.07362	0
V41	0.0073	0.62674	0.03708	0.32888
V42	0.21282	0.00703	0.18206	0.59809
V43	0.14339	0.29464	0.52257	0.0394
V44	0.0136	0.03512	0.74552	0.20576
V45	0.10567	0.56045	0.22276	0.11113
V46	0.84033	0.04233	0.11168	0.00566
V47	0.49479	0.13567	0.31172	0.05782
V48	0.84113	0.13071	0.0042	0.02395
V49	0.76326	0.14308	0	0.09366
V50	0.07329	0.83735	0.08272	0.00665
V51	0.35122	0.35385	0.25736	0.03758
V52	0.02471	0.06505	0.86922	0.04102
V53	0.77238	0.0855	0.14212	0
V54	0.46947	0.1402	0.36428	0.02604
V55	0.21378	0.07617	0.22292	0.48713
V56	0.03466	0.00066	0.06545	0.89924
V57	0.10898	0.8553	0.01844	0.01729
V58	0.6269	0	0.03252	0.34058
V59	0.47871	0.36089	0.10244	0.05796
V60	0.13035	0.09602	0.31352	0.46011
V61	0.83212	0.06667	0.00879	0.09242
V62	0.91031	0.01414	0.06066	0.01489
V63	0.01763	0.83474	0.11985	0.02778
V64	0.00842	0.8286	0	0.16298
V65	0.00862	0	0.07748	0.91391
V66	0.23985	0.66152	0.01614	0.08249
V67	0.17103	0.28403	0.52837	0.01657
V68	0.14668	0.09344	0.01419	0.74569
V69	0.02467	0.26548	0.64656	0.0633
V70	0.58252	0.10057	0.17122	0.14569
V71	0.16322	0.03361	0.35599	0.44719
V72	0.60804	0.10563	0.0858	0.20052
V73	0.16735	0.58461	0.13848	0.10956
V74	0.06099	0.18243	0.75634	0.00025
V75	0.72294	0	0.1752	0.10187
V76	0.00037	0.11548	0.16082	0.72334
V77	0.03246	0.2271	0.00232	0.73812
V78	0.30925	0.06713	0.16925	0.45437
V79	0.00548	0.05424	0.82969	0.11058
V80	0.37655	2e-04	0.52219	0.10106
V81	0.05966	0.11589	0.8171	0.00735
V82	0.00016	0.03328	0.95743	0.00913
V83	0.12585	0.12015	0.06052	0.69348
V84	0.39359	0.01797	0.1445	0.44394
V85	0.11426	0.25917	0.41246	0.21411
V86	0.04623	0.01778	0.88446	0.05152
V87	0.03616	0.82842	0.05013	0.0853
V88	0.15939	0.02618	0.24573	0.5687
V89	0.01475	0	0.176	0.80925
V90	0.02828	0.90027	0.0537	0.01774
V91	0.03612	0.7319	0.19215	0.03984
V92	0.47863	0.00315	0.36328	0.15494
V93	0.8889	0.00322	0	0.10788
V94	0.01455	0.37727	0.01388	0.59429
V95	0.28272	0.38091	0.15411	0.18226
V96	0.06216	0.05854	0.01607	0.86323
V97	0.73169	0.06612	0.19639	0.0058
V98	0.72831	0.25599	0	0.01571
V99	0.83564	0.02169	0.13695	0.00571
V100	0.08228	0.00534	0.88346	0.02893
V101	0.01146	0.01215	0.00302	0.97336
V102	0.94938	0.03002	0.00493	0.01567
V103	0.00811	0.01893	0.0751	0.89786
V104	0.03092	0.95595	0.00529	0.00784
V105	0.06328	0.91737	0.01193	0.00742
V106	0.13046	0.48269	0.33633	0.05053
V107	0.20926	0.14744	0.58182	0.06148
V108	0.17257	0.73604	0.09139	0
V109	0.01347	0.10527	0.59444	0.28683
V110	0.06063	0.87809	0.03336	0.02793
V111	0.93146	0	0.06211	0.00643
V112	0.12699	0.02775	0.40981	0.43545
V113	0.18569	0.05977	0.1571	0.59743
V114	0.23239	0.01904	0.06705	0.68152
V115	0.00837	0.75138	0.23343	0.00682
V116	0.15178	0.25728	0.37778	0.21316
V117	0.72385	0.2029	0.02901	0.04423
V118	0.17429	0.52861	0.02938	0.26772
V119	0.10324	0.04177	0.03807	0.81692
V120	0.08221	0.03379	0.86569	0.01831
V121	0.62446	0.08009	0.08513	0.21032
V122	0.97351	0	0.01081	0.01568
V123	0.00699	0.44912	0.03658	0.5073
V124	0.69513	0.2404	0	0.06448
V125	0.43465	0.3676	0.17178	0.02597
V126	0.03198	0.09892	0.03841	0.83069
V127	0.15749	0.01986	0.23368	0.58897
V128	0.02438	0.00064	0.09123	0.88375
V129	0.63038	0.17953	0.15438	0.0357
V130	0.0076	0.64472	0.34099	0.0067
V131	0.02733	0.87766	0	0.09501
V132	0.9533	0	0.02286	0.02383
V133	0.93596	0.00352	0.04533	0.01519
V134	0.11046	0.32796	0.12241	0.43917
V135	0.06961	0.00367	0.15584	0.77088
V136	0.25235	0.33765	0.00761	0.4024
V137	0.68352	0.01329	0.22904	0.07416
V138	0.22956	0.34726	0.17385	0.24932
V139	0.37702	0.1483	0.18581	0.28888
V140	0.02403	0.05249	0.04038	0.8831
V141	0.0639	0.10376	0.54416	0.28819
V142	0.81208	0	0.18789	3e-05
V143	0.458	0.20163	0.06027	0.2801
V144	0.16295	0.10125	0.15151	0.58429
V145	0.00126	0.75896	0.23285	0.00693
V146	0.04568	0.00145	0.02064	0.93223
V147	0.9341	0.0079	0.01599	0.04201
V148	0.13297	0.03659	0.57436	0.25608
V149	0.29657	0.47901	0.21845	0.00597
V150	0.09233	0.19081	0.61629	0.10057
V151	0.22682	0.58756	0.03002	0.1556
V152	0.26141	0.39829	0.21894	0.12136
V153	0.1157	0.7246	0.01612	0.14358
V154	0.27473	0.41447	0.27258	0.03822
V155	0.51551	0.09465	0.27597	0.11388
V156	0.03208	0.09074	0.71636	0.16082
V157	0.32543	0.10427	0.30451	0.26578
V158	0.01144	0	0.01641	0.97215
V159	0.90822	0.0397	0	0.05208
V160	0.6883	0	0.05521	0.25649
V161	0.19719	0	0.02267	0.78013
V162	0.06209	0.23626	0.07071	0.63094
V163	0.10254	0.44057	0.16573	0.29116
V164	0.36372	0.24774	0.10004	0.28849
V165	0.00794	0.21075	0	0.78131
V166	0.00799	0.0596	0.05692	0.87549
V167	0.32995	0	0.00306	0.667
V168	0.31926	0.53468	0.07465	0.07141
V169	0.17825	0.0271	0.02885	0.7658
V170	0.10448	0.00396	0.49883	0.39273
V171	0.14238	0.19386	0.61307	0.05068
V172	0.74406	0	0.24996	0.00598
V173	0.02375	0.10101	0.03071	0.84453
V174	0.01471	0.11518	0.06304	0.80707
V175	0.06408	0	0.78218	0.15373
V176	0.00842	0.81396	0.17075	0.00687
V177	0.01057	0.97063	0	0.0188
V178	0.00783	0.72865	0.00274	0.26078
V179	0.15803	0	0.3536	0.48837
V180	0.03083	0.89254	0.07663	0
V181	0.17535	0.08501	0.54343	0.19622
V182	0.33382	0.13088	0.46322	0.07209
V183	0.20506	0.78344	0.00457	0.00693
V184	0.99231	0	0.00744	0.00024
V185	0.61141	0.3721	0.0106	0.00589
V186	0.12794	0.44147	0.26822	0.16237
V187	0.96926	2e-04	0.02385	0.00668
V188	0.05285	0.18008	0	0.76707
V189	0.81907	0.00624	0.01414	0.16055
V190	0.69311	0.00057	0.30031	0.00602
V191	0.20931	0.15869	0.58207	0.04993
V192	0.32686	0.41287	0.04462	0.21565
V193	0.6269	0.01185	0.22112	0.14013
V194	0.04022	0.927	0.00422	0.02856
V195	0.00799	0.01074	0.97195	0.00931
V196	0.00962	0.04327	0.00659	0.94052
V197	0.40042	0.02384	0.02011	0.55562
V198	0.06837	0.47416	0.38228	0.07519
V199	0.15659	0.00732	0.15372	0.68237
V200	0.13411	0.51222	0.01417	0.33949
V201	0.10411	0.51869	0.18959	0.18761
V202	0.01339	0.0037	0.76978	0.21313
V203	0.18533	0.38961	0.39764	0.02743
V204	0.00735	0.47403	0.00181	0.51681
V205	0.01619	0.02913	0.93553	0.01916
V206	0.04887	0.06025	0.88298	0.0079
V207	0.12629	0.13668	0.04402	0.69301
V208	0.278	0.03496	0.67012	0.01691
V209	0.32925	0.41627	0.06321	0.19127
V210	0.09504	0.75332	0.08954	0.0621
V211	0.40379	0.00215	0.02676	0.56731
V212	0.54651	0.01643	0.41188	0.02518
V213	0.64429	0.01093	0.09917	0.24561
V214	0.34085	0.10848	0.15359	0.39708
V215	0.27988	0.05932	0.01337	0.64743
V216	0.02887	0	0.01567	0.95547
V217	0.04395	0.44441	0.23162	0.28002
V218	0.10157	0.39304	0.16371	0.34169
V219	0.11246	0.59007	0.00829	0.28919
V220	0.00792	0.80062	0.00283	0.18862
V221	0.8006	0	0.00316	0.19624
V222	0.33802	0.08742	0.35947	0.21508
V223	0.00562	0.09534	0.79992	0.09912
V224	0.97991	0	0.01991	0.00018
V225	0.06263	0.87681	0.0537	0.00686
V226	0.34002	0.05053	0.59298	0.01647
V227	0.80915	0	0.17625	0.0146
V228	0.80181	0.03752	0.0577	0.10296
V229	0.01594	0.00757	0.94621	0.03028
V230	0.01011	0.01114	0.01568	0.96307
V231	0.01377	0.21635	0.0983	0.67158
V232	0.0453	0.59976	0	0.35495
V233	0.59592	0.05262	0.18604	0.16543
V234	0.04036	0.91569	0.02608	0.01786
V235	0.41024	0.03124	0.52155	0.03696
V236	0.04455	0.03741	0.81992	0.09811
V237	0.14613	0	0.02411	0.82976
V238	0.14293	0.52826	0.26668	0.06213
V239	0.06283	0.33771	0.01343	0.58602
V240	0.52206	0.01526	0.40644	0.05625
V241	0.01495	0.00132	0.89756	0.08616
V242	0.14528	0.748	0.09004	0.01667
V243	0.2599	0.0181	0.62836	0.09364
V244	0.21757	0	0.67893	0.10349
V245	0.64641	0.24315	0.04377	0.06666
V246	0.05793	0.10939	0.80407	0.02862
V247	0.18282	0.00747	0.80917	0.00054
V248	0.01697	0.01377	0.03531	0.93395
V249	0	0.01933	0.89383	0.08684
V250	0.79073	0	0.20331	0.00595
V251	0.9628	0.02506	0.00546	0.00668
V252	0.0103	0.83607	0.15363	0
V253	0.36392	0.03722	0.14626	0.4526
V254	0.00988	0.93664	0.04585	0.00762
V255	0.04963	0.90018	0	0.05019
V256	0.19354	0.16424	0.53194	0.11029
V257	0.44043	0.06021	0.22065	0.2787
V258	0.19263	0.2136	0.43272	0.16106
V259	0.03406	0.25585	0.65832	0.05178
V260	0.00019	0.25561	0.73662	0.00758
V261	0.63514	0.01136	0.1815	0.17199
V262	0.08436	0.03108	0.01037	0.87419
V263	0.01968	0.95119	0	0.02913
V264	0.16282	0.01422	0.40624	0.41671
V265	0.02388	0	0.11526	0.86086
V266	0.6836	0.31125	0.00514	0
V267	0	0.12508	0.26195	0.61297
V268	0.3746	0.0062	0.12519	0.49401
V269	0.00673	0.53048	0.39982	0.06298
V270	0.66981	0.00714	0.22806	0.09499
V271	0.82211	0.03758	0.02708	0.11323
V272	0.05788	0.80089	0.00905	0.13217
V273	0.04453	0.00699	0.02736	0.92112
V274	0.71099	0	0.16628	0.12273
V275	0.00023	0.01179	0.97808	0.00989
V276	0.53207	0.28193	0.00808	0.17792
V277	0.03099	0.14949	0.14247	0.67705
V278	0.02993	0.02797	0.26289	0.67921
V279	0.71141	0.02951	0.10029	0.15879
V280	0.01144	0	0.01641	0.97215
V281	0.54634	0.0106	0.12522	0.31785
V282	0.05535	0.03809	0.832	0.07456
V283	0.22841	0.53506	0.05521	0.18131
V284	0.02904	0.90987	0.05393	0.00716
V285	0.07736	0.00437	0.91753	0.00073
V286	0.26923	0.50681	0.10453	0.11943
V287	0.10738	0.85433	0.01064	0.02765
V288	0.01392	0.22265	0.42435	0.33908
V289	0.31176	0.16909	0.42309	0.09606
V290	0.85583	0.13253	0.01163	0
V291	0.52708	0.03852	0.41883	0.01557
V292	0.93975	0	0	0.06025
V293	0.31955	0.00197	0.6311	0.04738
V294	0.08348	0.30331	0	0.61321
V295	0.01365	0.12327	0.17115	0.69193
V296	0.19101	0.08037	0.61968	0.10894
V297	0.06264	0	0.05605	0.88131
V298	0.33075	0.06557	0.58733	0.01635
V299	0.06244	0.21554	0.008	0.71402
V300	0.00028	0.01158	0.20432	0.78381
V301	0.12367	0.07209	0.657	0.14724
V302	0.68941	0.29479	0	0.01579
V303	0.00102	0.57227	0.38672	0.03999
V304	0.05256	0.00786	0.73667	0.20291
V305	0.12201	0.11103	0.45458	0.31237
V306	0.84434	0.0602	0.04279	0.05268
V307	0.01926	0.95075	0.0117	0.01828
V308	0.23831	0.17178	0.29041	0.2995
V309	0.33868	0.25202	0.01988	0.38942
V310	0.07422	0.25124	0.13792	0.53662
V311	0.55692	0.43254	0.00448	0.00607
V312	0.10697	0.72478	0.14061	0.02763
V313	0.0023	0.07383	0.0121	0.91177
V314	0.01479	0.41166	0.10288	0.47066
V315	0.12464	0.5773	0.02949	0.26858
V316	0.32611	0.08895	0.38121	0.20373
V317	0.0915	0.66278	0.03783	0.20788
V318	0.03292	0.49297	0.00756	0.46656
V319	0.05706	0.03229	0.87003	0.04062
V320	0.07725	0.09789	0.66421	0.16065
V321	0.67309	0.32177	0.00514	0
V322	0.19225	0.25735	0.06109	0.48931
V323	0.04322	0.0048	0.0727	0.87928
V324	0.70796	0.20538	0.06199	0.02466
V325	0.34032	0.60396	0.04976	0.00596
V326	0.00058	0.50105	0.08294	0.41543
V327	0.01462	0.09816	0.08855	0.79868
V328	0.04216	0.00781	0.7348	0.21522
V329	0.16052	0.06725	0.14956	0.62267
V330	0.3861	0	0.31108	0.30282
V331	0.32798	0.05114	0.03386	0.58702
V332	0.00674	0.0237	0.1594	0.81016
V333	0.44698	0.04018	0.37593	0.13691
V334	0.35137	0	0.33138	0.31725
V335	0.02389	0.28675	0.52643	0.16293
V336	0.19027	0.66339	0.01597	0.13038
V337	0.31155	0.35815	0.29226	0.03805
V338	0.00247	0.9837	0.00548	0.00835
V339	0.1324	0.0014	0.85822	0.00798
V340	0.05447	0.17287	0.53207	0.24059
V341	0.01631	0.01316	0.05035	0.92018
V342	0.25035	0	0.59031	0.15934
V343	0.98259	0.00478	0.0056	0.00703
V344	0.71755	0.11135	0.1711	0
V345	0.0093	0.01332	0.97639	0.00099
V346	0.22822	0.06904	0.26556	0.43718
V347	0.03295	0.00028	0.10623	0.86054
V348	0.05693	0.61909	0.13843	0.18555
V349	0.37098	0.11638	0.38307	0.12957
V350	0.02938	0.79797	0.17265	0
V351	0.01336	0.01017	0.36098	0.61549
V352	0.04469	0.00489	0.85375	0.09667
V353	0.89562	0.00663	0.02721	0.07054
V354	0.04793	0.6763	0.22521	0.05056
V355	0.28335	0.04133	0.44872	0.2266
V356	0.0244	0.00513	0.08207	0.8884
V357	0.11193	0.2722	0.27306	0.34282
V358	0.53916	0.06417	0.0407	0.35596
V359	0.55681	0.02932	0.02578	0.38809
V360	0.5873	0.3807	0.01655	0.01544
V361	0.00054	0.42633	0.56599	0.00714
V362	0.00254	0.97675	0.01255	0.00816
V363	0.17112	0.074	0.45891	0.29597
V364	0.16109	0.03199	0.68679	0.12013
V365	0.24033	0.00931	0.00861	0.74176
V366	0.07997	0.64698	0.07582	0.19723
V367	0.56637	0.09491	0.00231	0.33641
V368	0.09298	0.70862	0.07674	0.12166
V369	0.01595	0.37183	0.60525	0.00697
V370	0.32356	0.22719	0.41138	0.03788
V371	0.20333	0.68949	0.02401	0.08317
V372	0.14469	0.02585	0.10216	0.7273
V373	0.07442	0.09067	0.46088	0.37403
V374	0.80162	0.00094	0.19741	3e-05
V375	0.03172	0.01647	0.12245	0.82936
V376	0.02396	0.01238	0.08163	0.88203
V377	0.76508	0	0.00839	0.22653
V378	0.00552	0.01031	0.37044	0.61372
V379	0.32426	0.14205	0.00687	0.52682
V380	0.13517	0.03983	0.17657	0.64842
V381	0.73241	0.00215	0.0808	0.18464
V382	0.08475	0.01322	0.89395	0.00808
V383	0.82904	0	0.04118	0.12978
V384	0.55816	0.04395	0.11978	0.27811
V385	0.87052	0.00265	0.06581	0.06102
V386	0.27745	0.00198	0.12469	0.59588
V387	0.61799	0.10169	0.18079	0.09953
V388	0.39655	0.27275	0.14023	0.19047
V389	0.44244	0.46907	0.00903	0.07947
V390	0.32363	0.21161	0.4587	0.00606
V391	0.39921	0.06461	0.01261	0.52357
V392	0.44102	0.1655	0.15662	0.23685
V393	0.29515	0.17509	0.34677	0.18299
V394	0.08268	0.16584	0.09844	0.65304
V395	0.2299	0.33781	0.19593	0.23636
V396	0.00986	0.95644	0.00482	0.02888
V397	0.81002	0.05361	0.09341	0.04296
V398	0.44517	0.08836	0.08576	0.38071
V399	0.20639	0.51322	0.14697	0.13342
V400	0.00073	0.52053	0.0546	0.42414
V401	0.03315	0.11217	0.75521	0.09947
V402	0.82827	0.13983	0.0319	0
V403	0.0163	0.00687	0.05867	0.91817
V404	0.09102	0.14788	0.63633	0.12477
V405	0.20144	0.01252	0.14504	0.641
V406	0.6676	0.19851	0.01455	0.11934
V407	0.00247	0.9837	0.00548	0.00835
V408	0.08864	0.1885	0.39373	0.32914
V409	0.00367	0.00521	0.01652	0.9746
V410	0.0953	0.85149	0.02549	0.02772
V411	0.40534	0	0	0.59466
V412	0.15583	0.0417	0.48565	0.31681
V413	0.05487	0.42848	0.17374	0.3429
V414	0.03359	0.46549	0.33743	0.16349
V415	0.43752	0.01152	0.21185	0.33911
V416	0.00872	0.05221	0.93843	0.00064
V417	0.41348	0.57591	0.00444	0.00616
V418	0.06104	0.06254	0.12192	0.75451
V419	0.01107	0	0.02274	0.96619
V420	0.00154	0.8702	0.00987	0.11839
V421	0.15866	0.01771	0.6805	0.14313
V422	0.03625	0.03475	0.0059	0.9231
V423	0.08228	0.00534	0.88346	0.02893
V424	0	0.02505	0.59503	0.37992
V425	0.05561	0.18878	0.61728	0.13833
V426	0.09002	0.02083	0.80429	0.08487
V427	0.06582	0.33402	0.18155	0.4186
V428	0.0937	0.74855	0.04877	0.10898
V429	0.01039	0	0.03064	0.95897
V430	0.77772	0.12381	0.01462	0.08385
V431	0.1742	0.00854	0.42579	0.39148
V432	0.0927	0.05644	0.03778	0.81308
V433	0.05675	0.68288	0	0.26038
V434	0.31525	0.04442	0.04226	0.59807
V435	0.4883	0.00182	0.10654	0.40334
V436	0.35611	0.00191	0.09923	0.54275
V437	0.21689	0.17171	0.00142	0.60999
V438	0.61709	0.11318	0.02709	0.24264
V439	0.02563	0.0629	0.00502	0.90645
V440	0.45771	0.01735	0.02613	0.49881
V441	0.06428	0.08712	0.59833	0.25027
V442	0.3286	0.28499	0.13136	0.25505
V443	0.73708	0	0.08002	0.1829
V444	0.0093	0.01332	0.97639	0.00099
V445	0.63775	0.00389	0.3235	0.03486
V446	0.03605	0.81681	0.04971	0.09742
V447	0.65262	0.06005	0.16765	0.11967
V448	0.01425	0.03596	0.16805	0.78174
V449	0.57998	0.01924	0.28099	0.1198
V450	0.16213	0.82529	0.01258	0
V451	0.94565	0.03004	0	0.02431
V452	0.02617	0.00107	0.05826	0.9145
V453	0.83362	0.04509	0.05865	0.06264
V454	0.00189	0.93459	0.04536	0.01816
V455	0.62191	0.01365	0.28932	0.07512
V456	0.3384	0.08008	0.37883	0.20269
V457	0.00368	0.01228	0.0096	0.97444
V458	0.25243	0.17029	0.00147	0.57581
V459	0.01624	0.77344	0.08857	0.12175
V460	0.96119	0	0.02332	0.01549
V461	0.0461	0.0139	0.00647	0.93353
V462	0.33545	0.18894	0	0.47562
V463	0.27063	0.42776	0.15571	0.1459
V464	0.48689	0.06436	0.00206	0.44668
V465	0.42246	0.37071	0.02175	0.18508
V466	0.58569	0.13921	0.00222	0.27288
V467	0.34459	0.53216	0.07522	0.04802
V468	0.53324	0.35371	0.04463	0.06842
V469	0.01346	0.12402	0.26513	0.5974
V470	0.56698	0.08272	0.17026	0.18004
V471	0.2472	0.06657	0.02739	0.65884
V472	0.31794	0.27008	0	0.41198
V473	0.10598	0.52026	0.34603	0.02772
V474	0.10072	0	0.08662	0.81266
V475	0.18301	0.3361	0.07151	0.40937
V476	0.14507	0.00353	0.04599	0.80541
V477	0.6053	0.01792	0.19192	0.18487
V478	0.13343	0.52996	0.00215	0.33447
V479	0.01403	0.05398	0.82138	0.11061
V480	0.07299	0.24512	0.03545	0.64643
V481	0.15568	0.00517	0.82123	0.01792
V482	0.73041	0.11961	0.1059	0.04408
V483	0.11296	0.06914	0.06106	0.75685
V484	0.01662	0.04054	0.01933	0.92351
V485	0.12582	0.69832	0.00884	0.16702
V486	0.27022	0.20634	0.11874	0.40469
V487	0.06099	0.02293	0.07158	0.84451
V488	0	0.00153	0.8666	0.13187
V489	0.2306	0.06842	0.68388	0.0171
V490	0.34623	0.25657	0.06099	0.33621
V491	0.47173	0.41886	0.02975	0.07966
V492	0.02792	0.83411	0.13123	0.00674
V493	0.01291	5e-04	0.00438	0.9822
V494	0.20423	0.11289	0.52418	0.1587
V495	0.2473	0.58898	0.13691	0.02681
V496	0.29814	0.64311	0	0.05875
V497	0.00834	0.00499	0.97711	0.00956
V498	0.29484	0.0661	0.04154	0.59752
V499	0.65427	0.22224	0.11788	0.00562
V500	0.10383	0.08596	0.75921	0.051
V501	0.00363	0	0.03188	0.96449
V502	0.5876	0.23032	0.14609	0.03599
V503	0.1861	0.06012	0.17824	0.57554
V504	0.25143	0.65712	0.00921	0.08224
V505	0.19711	0.16006	0.24324	0.3996
V506	0.0897	0.20218	0.45475	0.25336
V507	0.62404	0.06595	0.11172	0.19829
V508	0.78481	0.12556	0.03574	0.05389
V509	0.23186	0.03513	0.49309	0.23992
V510	0.2485	0.48508	0.26031	0.00611
V511	0.04195	0.35175	0.03611	0.57019
V512	0.22265	0.02494	0.06707	0.68534
V513	0.08166	0.61879	0.21284	0.08671
V514	0.01015	0.03799	0.0018	0.95006
V515	0.77642	0.03696	0.04117	0.14545
V516	0.93101	0.06219	1e-04	0.0067
V517	0.03062	0.00918	0.22209	0.73811
V518	0.97341	0.01909	0.00016	0.00734
V519	0.02618	0.84026	0.00307	0.13049
V520	0.02157	0	0.58236	0.39607
V521	0.59208	0.02194	0.35065	0.03533
V522	0.005	0.08607	0.56411	0.34482
V523	0.35785	0.08503	0.24723	0.3099
V524	0.00773	0.76085	0.19181	0.03961
V525	0.24283	0.15113	0.01943	0.58662
V526	0.64515	0.0503	0.06559	0.23897
V527	0.19771	0.00799	0.36957	0.42473
V528	0.10526	0.83409	0	0.06065
V529	0.05011	0.03478	0.19547	0.71965
V530	0.00562	0.16151	0.69634	0.13653
V531	0.02005	0.86597	0.11398	0
V532	0.16411	0.26419	0.01981	0.55189
V533	0.28991	0.296	0.13173	0.28236
V534	0.0052	0.00294	0.68749	0.30437
V535	0.51291	0	0.00764	0.47945
V536	0.18044	0	0.33867	0.48088
V537	0.62902	0.21079	0.14516	0.01503
V538	0.43686	0.02956	0.07425	0.45934
V539	0.28272	0.38091	0.15411	0.18226
V540	0.21857	0.66523	0.06721	0.049
V541	0.01501	0.44273	0.05406	0.48821
V542	0.19019	0.08481	0.23506	0.48995
V543	0.87309	0	0.00898	0.11793
V544	0.09192	0.05402	0.14885	0.70521
V545	0.35226	0.09747	0.05934	0.49093
V546	0.05114	0.87834	0.06363	0.00688
V547	0.03664	0.62184	0.32453	0.01699
V548	0.17201	0.74175	0.07999	0.00625
V549	0.34799	0.0136	0.62182	0.01659
V550	0.55546	0.01229	0	0.43225
V551	0.19297	0.70349	0.03123	0.07231
V552	0.001	0.46083	0.00188	0.5363
V553	0.24632	0.10934	0.61691	0.02744
V554	0.04401	0.05279	0.01745	0.88575
V555	0.08716	0.17469	0.32132	0.41683
V556	0	0.01525	0.94281	0.04194
V557	0.80895	0.01175	0.00824	0.17105
V558	0.06898	0.74982	0.02358	0.15762
V559	0.00991	0.79615	0.19394	0
V560	0.71507	0.27847	0	0.00646
V561	0.00023	0.01179	0.97808	0.00989
V562	0.78284	0	0.10622	0.11094
V563	0.26011	0.00015	0.73261	0.00713
V564	0.05899	0.05105	0.87155	0.01841
V565	0.12403	0.21014	0.37442	0.29142
V566	0.69186	0.06448	0.00266	0.241
V567	0.21937	0.38468	0.02082	0.37513
V568	0.21685	0	0.04389	0.73926
V569	0.65297	0.01178	0	0.33526
V570	0.02406	0.25194	0.63635	0.08765
V571	0.83703	0.09096	0	0.072
V572	0.45453	0	0.42412	0.12135
V573	0.0532	0.12478	0.00316	0.81886
V574	0.03819	0.77286	0.17175	0.01721
V575	0.01468	0.05074	0.10607	0.82851
V576	0.17062	0.77969	0.03291	0.01678
V577	0.03071	0.02157	0.18518	0.76255
V578	0.0532	0.03906	0.67469	0.23306
V579	0.00845	0.87285	0.0906	0.02811
V580	0.13275	0	0.09378	0.77348
V581	0.05439	0.04717	0.00036	0.89808
V582	0.58175	0.10404	0.02678	0.28743
V583	0.00528	0.02452	0.56463	0.40557
V584	0.55331	0.11548	0.28512	0.04609
V585	0.00563	0.00064	0.40876	0.58497
V586	0.24336	0.0016	0.63948	0.11555
V587	0.282	0.00302	0.67709	0.03788
V588	0.60869	0.0227	0.01944	0.34917
V589	0.0591	0.79642	0.05916	0.08532
V590	0.05033	0.74961	0.19352	0.00654
V591	0.00041	0.01803	0.17722	0.80434
V592	0.17213	0.02128	0.80608	0.00051
V593	0.56903	0	0.16613	0.26484
V594	0.36383	0.24336	0.33321	0.05959
V595	0.0189	0.00902	0.01504	0.95705
V596	0.03076	0.2233	0.20811	0.53783
V597	0.00064	0.54568	0.34308	0.1106
V598	0.01577	0.08725	0.87832	0.01867
V599	0.66102	0.27454	0.0294	0.03503
V600	0.38028	0.42211	0.0448	0.1528
V601	0.15309	0.21568	0.07007	0.56116
V602	0.01914	0.01116	0.00795	0.96175
V603	0.00692	0.30434	0.00827	0.68047
V604	0.54826	0.08224	0.3337	0.0358
V605	0.06611	0.27953	0.40035	0.254
V606	0.73979	0.11427	0.00855	0.13739
V607	0.63623	0.00203	0.09788	0.26386
V608	0.22405	0.11596	0.37626	0.28374
V609	0.02194	0.18053	0.21654	0.58099
V610	0.76879	0.00595	0.08142	0.14385
V611	0.26012	0	0.04284	0.69705
V612	0.02361	0.06201	0.82774	0.08664
V613	0.03379	0.30002	0.6147	0.05148
V614	0.76631	0.03694	0.04094	0.15581
V615	0.11521	0.03043	0.00378	0.85058
V616	0.07994	0.66177	0.0377	0.2206
V617	0.50922	0.12558	0.3652	0
V618	0.69274	0	0	0.30726
V619	0.38281	0.01216	0.29566	0.30937
V620	0.0076	0.64472	0.34099	0.0067
V621	0.43341	0.10931	0.16187	0.2954
V622	0.38749	0.18178	0.3934	0.03734
V623	0.01456	0.04377	0.12242	0.81925
V624	0.81655	0.15907	0	0.02439
V625	0.28206	0.4431	0.09353	0.1813
V626	0.97293	0.0109	9e-05	0.01608
V627	0.00236	0.0087	0.06093	0.92801
V628	0.00116	0.17545	0.00919	0.8142
V629	0.12333	0.238	0.27128	0.36739
V630	0.03365	0.2985	0.60471	0.06314
V631	0.01446	0.14025	0.08943	0.75585
V632	0.56178	0	0.12165	0.31658
V633	0	0.01636	0.82747	0.15616
V634	0.43364	0.22559	0.33484	0.00592
V635	0.02551	0.70996	0.00272	0.2618
V636	0.12351	0.07178	0.6457	0.15901
V637	0.29926	0.14421	0.07822	0.4783
V638	0.37961	0.20348	0.0601	0.35681
V639	0.29493	0.39383	0.31124	0
V640	0.03406	0.11609	0.78615	0.0637
V641	0.8987	0.01869	0.0216	0.061
V642	0.78309	0.13396	0	0.08294
V643	0.00532	0.13758	0.43567	0.42144
V644	0.92826	0.05146	0.00479	0.0155
V645	0.28661	0.36995	0.31662	0.02683
V646	0.01075	0.97575	0.00532	0.00818
V647	0.1514	0.05917	0.71592	0.07351
V648	0.44528	0.38553	0.13224	0.03696
V649	0.02392	0.03987	0.86119	0.07502
V650	0.05523	0.06107	0.79752	0.08617
V651	0.33171	0	0.66133	0.00696
V652	0.08365	0.05698	0.41668	0.4427
V653	0.12841	0.62769	0.09691	0.14698
V654	0.72824	0.15437	0.05195	0.06544
V655	0.0328	0.5074	0.014	0.4458
V656	0.19596	0.21153	0.00679	0.58571
V657	0.01765	0.04165	0.00611	0.93459
V658	0.62151	0.16113	0.05069	0.16668
V659	0.33111	0.05516	0.35283	0.2609
V660	0.02947	0.94176	0	0.02877
V661	0.05303	0.35292	0.04393	0.55012
V662	0.42403	0.00373	0.44952	0.12273
V663	0.2506	0.0439	0.56303	0.14246
V664	0.21467	0.04063	0.6839	0.0608
V665	0.71506	0.14211	0.03497	0.10785
V666	0.55434	0	0.08839	0.35727
V667	0.79539	0.04667	0.15794	0
V668	0.13477	0.7813	0.08393	0
V669	0.24601	0.36658	0.25351	0.1339
V670	0.08603	0.88554	0	0.02843
V671	0.38799	0.23737	0.25635	0.11829
V672	0.0157	0.01298	0.92993	0.04139
V673	0.24283	0.31846	0.22816	0.21056
V674	0.73227	0.10501	0.01417	0.14856
V675	0.13771	0.2759	0.32062	0.26577
V676	0.02282	0.07223	0.08921	0.81574
V677	0.40742	0.34782	0.09198	0.15278
V678	0.54843	0.43489	0.01073	0.00595
V679	0.04754	0.28243	0.65234	0.01769
V680	0.33459	0.50477	0.13434	0.0263
V681	0.91643	0.04013	0.01004	0.03339
V682	0.11688	0.26218	0.57006	0.05089
V683	0.0124	0.97394	0.01366	0
V684	0.72935	0.11836	0.08729	0.06499
V685	0.5273	0.29494	0.12055	0.05721
V686	0.0825	0.13011	0.13306	0.65433
V687	0.01905	0.00276	0.01576	0.96243
V688	0.39026	0.45242	0	0.15731
V689	0.22688	0	0.03583	0.73728
V690	0.48928	0.02197	0.41057	0.07818
V691	0.16876	0.00128	0.82217	0.00779
V692	0.07914	0.1023	0.73187	0.08669
V693	0.23126	0.07081	0.357	0.34093
V694	0.00575	0.01004	0.25936	0.72485
V695	0.2189	0	0.13413	0.64697
V696	0.06359	0.05257	0.01008	0.87375
V697	0.01006	0.03044	0.00772	0.95179
V698	0.80441	0	0.00868	0.18691
V699	0.59492	0.23258	0.06113	0.11137
V700	0.20836	0.0098	0.0033	0.77853
V701	0.11283	0.469	0.10471	0.31347
V702	0.52163	0.0499	0.00721	0.42126
V703	0.129	0.02842	0.46727	0.3753
V704	0.82348	0.02348	0.02084	0.13219
V705	0.95715	0	0.01012	0.03272
V706	0.07718	0.02716	0.7865	0.10915
V707	0.03409	0.39796	0.51659	0.05136
V708	0.03683	0.84985	0.01717	0.09614
V709	0.14208	0.22043	0.538	0.09949
V710	0.61997	0.16037	0.04233	0.17732
V711	0.09609	0.77531	0.08945	0.03915
V712	0.81425	0.03086	0.00321	0.15168
V713	0.44167	0.24093	0.02782	0.28958
V714	0.00727	0.60532	0.01495	0.37246
V715	0.32409	0.28786	0.30405	0.08399
V716	0.02562	0.01968	0.03448	0.92021
V717	0.0869	0.89488	0	0.01821
V718	0.15502	0.51873	0.17761	0.14864
V719	0.05678	0.65632	0.02996	0.25694
V720	0.70473	0	0.21315	0.08212
V721	0.12269	0.1188	0.46917	0.28934
V722	0.08389	0.27328	0.00687	0.63595
V723	0.09384	0.05176	0.00339	0.851
V724	0.56045	0.01063	0.07273	0.3562
V725	0	0.06686	0.89169	0.04145
V726	0.03133	0.31181	0.1102	0.54666
V727	0.2941	0.61159	0.08837	0.00594
V728	0.02841	0.8715	0.09314	0.00694
V729	0.3865	0.00179	0.14215	0.46956
V730	0.91766	0.01315	0.03608	0.03311
V731	0.02209	0.14523	0.38203	0.45065
V732	0.35568	0.04693	0.33861	0.25878
V733	0.65772	0.13987	0.02757	0.17485
V734	0.26135	0.26771	0.46483	0.00611
V735	0.01323	0.01055	0.44717	0.52906
V736	0.12674	0.00071	0.00507	0.86747
V737	0.34633	0.2368	0.23558	0.18129
V738	0.07946	0.2842	0.45994	0.1764
V739	0	0.00233	0.56982	0.42785
V740	0.86798	0.0565	0.06078	0.01474
V741	0.47929	0.06515	0.11254	0.34302
V742	0.43441	0.55386	0.01173	0
V743	0.14332	0.10466	0.72383	0.02818
V744	0.53283	0.01976	0.315	0.13241
V745	0.01555	0.65588	0.18006	0.14851
V746	0.99204	0	0.00037	0.00759
V747	0.05174	0	0.68957	0.25869
V748	0.12258	0.06973	0.58593	0.22176
V749	0.26717	0.12649	0.04224	0.5641
V750	0.43493	0.40127	0.0145	0.1493
V751	0.04863	0.84603	0.03213	0.07321
V752	0.47724	0.17426	0.12659	0.22192
V753	0.01243	0.00648	0.0038	0.97728
V754	0.00892	0.90734	0	0.08374
V755	0.14602	0.14458	0.33227	0.37713
V756	0.01766	0.00237	0.03572	0.94425
V757	0.36759	0.53765	0.05741	0.03735
V758	0.0474	0.73552	0.11893	0.09814
V759	0.11557	0.03396	0.37752	0.47295
V760	0.28272	0.03198	0.25849	0.42681
V761	0.06846	0.5401	0.27964	0.1118
V762	0.00104	0.31535	0.00826	0.67536
V763	0.39196	0.2958	0.02038	0.29186
V764	0.00854	0.90387	0.00356	0.08403
V765	0.64995	0.05703	0	0.29302
V766	0.01389	0.26809	0.44014	0.27789
V767	0.49802	0.08414	0.23472	0.18313
V768	0.06105	0.89257	0.01838	0.028
V769	0.15709	0.80082	0.02524	0.01685
V770	0.01075	0.97575	0.00532	0.00818
V771	0.17924	0.00508	0.79794	0.01775
V772	0.14483	0.02635	0.82142	0.0074
V773	0.18096	0.79759	0.00421	0.01724
V774	0.01576	0.00299	0.93982	0.04142
V775	0.10154	0.02049	0.25347	0.62449
V776	0.45293	0.36461	0.04418	0.13828
V777	0.15978	0.07542	0.12191	0.64289
V778	0.55815	0.22291	0.06054	0.15839
V779	0.16566	0.0216	0.47627	0.33648
V780	0.1226	0.74625	0.13115	0
V781	0.03597	0.01304	0.0202	0.93079
V782	0.00571	0.08718	0.81986	0.08725
V783	0.78057	0.00563	0.04034	0.17346
V784	0.12188	0.85968	0.01136	0.00708
V785	0.03994	0.9208	0.011	0.02826
V786	0.74938	0.11855	0.07794	0.05413
V787	0.00143	0.82952	0.16197	0.00708
V788	0.5427	0.25322	0.14675	0.05733
V789	0.06256	0.29565	0.02094	0.62085
V790	0.42727	0.01154	0.06493	0.49626
V791	0.13925	0.32655	0.33296	0.20124
V792	0.13231	0.47037	0.00213	0.39519
V793	0.12534	0.6005	0.02968	0.24447
V794	0.04461	0.05354	0.80368	0.09817
V795	0.09242	0.02291	0.04683	0.83783
V796	0.02505	0.05819	0.88748	0.02928
V797	0.77263	0	0.21259	0.01478
V798	0.65482	0.24927	0.07105	0.02486
V799	0.14193	0.73811	0.02413	0.09582
V800	0.06067	0.01029	0.48702	0.44202
V801	0.12883	0.07925	0.30905	0.48287
V802	0.02994	0.04866	0.24667	0.67473
V803	0.2481	0.48193	0.26996	0
V804	0.54099	0.00336	0.36851	0.08714
V805	0.00988	0.00693	0.98209	0.0011
V806	0.04939	0.89023	0.01025	0.05012
V807	0.23966	0.10723	0.02753	0.62558
V808	0.6946	0.22449	0.03642	0.04449
V809	0.04137	0.02529	0.93269	0.00065
V810	0.01144	0.98002	0	0.00854
V811	0.42134	0.04421	0.18663	0.34782
V812	0.56664	0.21019	0.04293	0.18024
V813	0.63074	0.15023	0.18344	0.03559
V814	0.46854	0.48563	0.03999	0.00584
V815	0.00186	0.91593	0.07464	0.00757
V816	0.94229	0	0.05762	8e-05
V817	0.02564	0.05215	0.9036	0.01861
V818	0.00237	0.02967	0.0284	0.93956
V819	0.8516	0.05314	0.04273	0.05253
V820	0.11427	0.06375	0.01477	0.8072
V821	0.23298	0.27147	0.39796	0.0976
V822	0.06975	0.01179	0.88934	0.02911
V823	0.02365	0.15075	0.70075	0.12485
V824	0.09681	0.34829	0.5549	0
V825	0.22734	0.23748	0.2481	0.28707
V826	0.46707	0.36652	0.15099	0.01541
V827	0.40808	0.54545	0.00963	0.03684
V828	0.21005	0.11683	0.09714	0.57599
V829	0.03176	0.1895	0.02881	0.74993
V830	0.20873	0.17148	0.01943	0.60036
V831	0.77988	0.05784	0.02686	0.13541
V832	0.28317	0.34502	0.16315	0.20866
V833	0.15351	0.45605	0.17716	0.21328
V834	0.27053	0.04456	0.06709	0.61783
V835	0.38496	0.3965	0.11293	0.10561
V836	0.00756	0.60993	0.00249	0.38002
V837	0.22889	0.32613	0.18311	0.26187
V838	0.94661	0.02334	0.02358	0.00648
V839	0.33158	0.5657	0.0968	0.00592
V840	0.32036	0.67415	0.0055	0
V841	0	0.02652	0.8983	0.07518
V842	0.36288	0.12188	0.25116	0.26408
V843	0.01451	0.00992	0.87745	0.09812
V844	0.10562	0.0557	0.36022	0.47846
V845	0.06771	0.07687	0.7692	0.08623
V846	0	0.00407	0.73851	0.25741
V847	0.00439	0.00052	0.01105	0.98404
V848	0.0906	0.45144	0.16614	0.29181
V849	0.0019	0.94299	0.00448	0.05063
V850	0.97352	0	0.01088	0.0156
V851	0.36756	0.48746	0.14498	0
V852	0.09148	0.02787	0.11108	0.76957
V853	0.25713	0.17809	0.40604	0.15873
V854	0.612	0.12489	0.09588	0.16723
V855	0.00439	0.00052	0.01105	0.98404
V856	0.04216	0.30046	0.35279	0.30459
V857	0.68917	0.13171	0.02766	0.15147
V858	0.58006	0.00138	0.4124	0.00616
V859	0.67804	0.18814	0.01459	0.11923
V860	0.17091	0.07531	0.04364	0.71014
V861	0.09572	0.32231	0.56483	0.01714
V862	0.13924	0.06	0.73891	0.06184
V863	0.17864	0.03601	0	0.78536
V864	0.0531	0.01782	0.04056	0.88852
V865	0.09992	0	0.23813	0.66195
V866	0.74689	0.0038	0.23458	0.01473
V867	0.74784	0.00984	0.23641	0.00591
V868	0.54176	0.22767	0.12817	0.10239
V869	0.02039	0.96645	0.00531	0.00785
V870	0.09477	0.27427	0.01314	0.61781
V871	0.0019	0.94299	0.00448	0.05063
V872	0.00628	0.00501	0.22064	0.76807
V873	0.90244	0.01284	0.04292	0.0418
V874	0.21844	0.75488	0.02668	0
V875	0.01332	0.13988	0.18299	0.66382
V876	0.16745	0.28439	0.42459	0.12357
V877	0.04254	0.34215	0.29719	0.31812
V878	0.14708	0.78899	0.06393	0
V879	0.20429	0.64971	0.03838	0.10761
V880	0.32081	0.49231	0.0025	0.18439
V881	0.1439	0.02368	0.59124	0.24118
V882	0.79605	0	0.11398	0.08997
V883	0.30734	0.16553	0.52713	0
V884	0.01553	0.21866	0	0.76582
V885	0.74067	0.17687	0.08246	0
V886	0.01424	0.31922	0.47845	0.18808
V887	0.64369	0.03663	0.14561	0.17408
V888	0.10028	0.02691	0.75238	0.12043
V889	0.93194	0.02811	0.01624	0.02371
V890	0.03182	0.10612	0.62418	0.23788
V891	0.64891	0.02635	0.27014	0.05461
V892	0.26345	0.13293	0.00662	0.597
V893	0.61043	0.16809	0.14388	0.07759
V894	0.0692	0.27476	0.60469	0.05135
V895	0.60274	0.03732	0.18459	0.17534
V896	0.04022	0.927	0.00422	0.02856
V897	0.71192	0.20987	0.00324	0.07497
V898	0.42596	0	0.00252	0.57152
V899	0.02204	0.13934	0.12398	0.71463
V900	0.07662	0.24361	0.36258	0.31719
V901	0.03609	0.7948	0.00286	0.16625
V902	0.05132	0.89702	0.04466	0.007
V903	0.00642	0.3847	0.54579	0.06309
V904	0.02095	0.97073	0	0.00832
V905	0.13091	0	0.15182	0.71727
V906	0.38613	0.05808	0.09424	0.46154
V907	0.45539	0.46015	0.01557	0.06889
V908	0.00824	0.02596	0.05791	0.9079
V909	0.14088	0.76499	0	0.09413
V910	0.14251	0	0.10078	0.75671
V911	0.54243	0.33885	0.02911	0.08962
V912	0.40622	0.27108	0.12043	0.20226
V913	0.09667	0	0.00624	0.8971
V914	0.19773	0.454	0.29812	0.05015
V915	0.19677	0	0.00388	0.79935
V916	0.26466	0.03232	0.6432	0.05981
V917	0.72075	0.01186	0.15244	0.11494
V918	0.04583	0.59517	0.23534	0.12366
V919	0.2003	0.18389	0.29047	0.32533
V920	0.63762	0.15307	0.08775	0.12156
V921	0.02386	0.11707	0.02334	0.83573
V922	0.10666	0.42723	0.40353	0.06258
V923	0.06382	0.00527	0.03352	0.89739
V924	0.03577	0.646	0.27837	0.03986
V925	0.15769	0.0159	0.00905	0.81736
V926	0.17785	0.00949	0.02255	0.79011
V927	0.01633	0.01973	0.04304	0.9209
V928	0.0488	0.86354	0.00354	0.08412
V929	0.05665	0.59326	0.12706	0.22303
V930	0.5301	0.31694	0.0288	0.12417
V931	0.14217	0.23126	0.52707	0.09951
V932	0.03139	0.07919	0.60375	0.28567
V933	0.62792	0.34674	0.00987	0.01547
V934	0.00583	0.10526	0.25133	0.63759
V935	0.58835	0.12	0.20234	0.08931
V936	0.53159	0.21851	0.01385	0.23605
V937	0.54181	0.08814	0.07605	0.294
V938	0.37315	0.02518	0.28931	0.31236
V939	0.74454	0.0057	0.06461	0.18516
V940	0.02661	0.77235	0.15038	0.05065
V941	0.00051	0.00656	0.98264	0.01029
V942	0.76715	0.14754	0.06105	0.02427
V943	0.41907	0.09207	0.41857	0.07029
V944	0.01458	0.20659	0.05344	0.72538
V945	0.58014	0.30122	0.00854	0.1101
V946	0.48384	0.2174	0.25153	0.04723
V947	0.06976	0.0268	0.20589	0.69755
V948	0.35934	0.01292	0.60126	0.02648
V949	0.00019	0.07239	0.18006	0.74736
V950	0.05582	0.48186	0.20948	0.25283
V951	0.84554	0.00377	0.14478	0.00592
V952	0.06081	0.08669	0.24254	0.60996
V953	0.01527	0.03462	0.90889	0.04123
V954	0.03101	0.13066	0.12329	0.71504
V955	0.12284	0.53839	0.02189	0.31689
V956	0.0296	0.0103	0.48425	0.47585
V957	0.30205	0.00367	0	0.69428
V958	0.01291	5e-04	0.00438	0.9822
V959	0.24657	0.21428	0.44172	0.09744
V960	0.22784	0.21551	0.07	0.48665
V961	0.14052	0.33839	0.35893	0.16216
V962	0.38593	0.12716	0.39272	0.09419
V963	0.62034	0.12752	0.15211	0.10004
V964	0.85384	0.01277	0.09133	0.04206
V965	0.055	0.44177	0.18534	0.31789
V966	0.97474	0.0042	0.00533	0.01573
V967	0.05082	0.02267	0.50432	0.42219
V968	0	0.11658	0.7964	0.08702
V969	0.00647	0.22826	0.02921	0.73606
V970	0.03045	0.08123	0.40665	0.48167
V971	0.52042	0.05572	0.32287	0.10098
V972	0.51107	0.15001	0.04181	0.29711
V973	0.27597	0.35911	0.07202	0.2929
V974	0.00728	0.75421	0.12896	0.10954
V975	0.10637	0.25952	0.62744	0.00667
V976	0.4504	0.19487	0.10847	0.24626
V977	0.34844	0.31495	0.33061	0.00599
V978	0.05225	0.05719	0.05522	0.83534
V979	0.81957	0.0041	0.17051	0.00582
V980	0.99204	0	0.00037	0.00759
V981	0.33917	0.01401	0.41542	0.2314
V982	0.46649	0.34657	0.07191	0.11504
V983	0.68115	0.03616	0.00257	0.28012
V984	0.01687	0.82248	0.11024	0.05041
V985	0.06239	0.14214	0.0028	0.79267
V986	0.34345	0.46991	0.04513	0.14152
V987	0.26251	0.71057	0	0.02691
V988	0.18738	0.00413	0.00889	0.7996
V989	0.47459	0.42589	0.07379	0.02573
V990	0	0.02994	0.79055	0.17951
V991	0.67081	0.31335	0	0.01584
V992	0.20109	0.00013	0.49509	0.30369
V993	0.07045	0.69641	0.17074	0.06239
V994	0.20656	0.75156	0.0252	0.01668
V995	0.74233	0.07188	0.02713	0.15866
V996	0.24785	0.08277	0.00755	0.66183
V997	0.01372	0.00475	0.8261	0.15543
V998	0.87869	0.00269	0.05784	0.06078
V999	0.13534	0.85712	0	0.00754
V1000	0.28279	0.0093	0	0.70791
