Neutrophils	Monocytes_CD14.CD16.	Macrophage	T_cells_.CD4..	NK_cells
V1	0.32696	0.13269	0.24894	0.13609	0.15532
V2	0.06279	0.78885	0.04416	0.05683	0.04736
V3	0.06404	0.0015	0.45681	0.43422	0.04344
V4	0.00225	0	0.21091	0.08166	0.70519
V5	0.00057	0	0.04729	0.12465	0.82749
V6	0.34029	0.01733	0.27686	0.2299	0.13562
V7	0.00343	0.01736	0.39765	0.09247	0.48909
V8	0.00984	0	0.91266	0.07128	0.00622
V9	0.0498	0	0.26561	0.63199	0.05261
V10	0.48727	0.01396	0.48033	0	0.01844
V11	0.02201	0.00409	0.0885	0.09494	0.79046
V12	0.06975	0	0.20792	0.30529	0.41704
V13	0.11515	0.03994	0.03178	0.40783	0.4053
V14	0.14798	0	0.06914	0.63915	0.14372
V15	0.01554	0.01963	0	0.86792	0.09691
V16	0.57232	0.08351	0.00624	0.31221	0.02572
V17	0.05455	0.22899	0.0083	0.08116	0.627
V18	0.08975	0.43893	0.2478	0.2002	0.02333
V19	0.01349	0	0	0.1363	0.85021
V20	0	0	0.74556	0.22631	0.02813
V21	0.01763	0.24751	0.11698	0.16802	0.44985
V22	0.82863	0.08676	0.06365	0	0.02097
V23	0.05921	0.00488	0.01551	0.15157	0.76883
V24	0.42549	0.12347	0.01175	0.05397	0.38533
V25	0.01415	0.01856	0.01031	0.40547	0.55151
V26	0.45638	0.21202	0.053	0.044	0.23461
V27	0.12108	0.50406	0.16781	0.01758	0.18947
V28	0.0252	0.07063	0.20317	0.6186	0.08239
V29	0	0	0.33448	0.60343	0.06209
V30	0.73033	0.11506	0.02146	0.01882	0.11433
V31	0.40435	0.1544	0.00514	0.22535	0.21076
V32	0.94364	0	0.00204	0	0.05432
V33	0.01579	0.18083	0.00913	0.13221	0.66205
V34	0.12268	0.85933	0.00155	0.01158	0.00486
V35	0.10025	0.63051	0.24077	0.02635	0.00212
V36	0.02148	0.15862	0.14985	0.10823	0.56182
V37	0.72628	0	0	0.01437	0.25936
V38	0.11992	0.01078	0.4816	0.20561	0.18208
V39	0.32054	0.02429	0.32234	0.02153	0.3113
V40	0.21889	0.63388	0.01	0.09561	0.04162
V41	0.05907	0.84152	0.00782	0.014	0.0776
V42	0.87572	0.03792	0.01624	0	0.07012
V43	0.49779	0.12688	0.35497	0.01371	0.00665
V44	0.03903	0.28502	0.54596	0.00861	0.12138
V45	0.04643	0.6826	0.0851	0.13195	0.05391
V46	0.11824	0.77255	0.05892	0.03058	0.01971
V47	0	0	0.98837	0	0.01163
V48	0.16084	0.12916	0.21622	0.32705	0.16673
V49	0.4741	0.15407	0.2263	0.12963	0.01589
V50	0.02553	0.00663	0.96776	0	8e-05
V51	0.09631	0.25761	0.17862	0.07669	0.39077
V52	0.06343	0.91231	0.0038	0.01437	0.0061
V53	0.02385	0.18244	0.00506	0.72056	0.06809
V54	0.20078	0	0.00707	0.54268	0.24947
V55	0.06633	0	0	0.85055	0.08311
V56	0.05964	0	0.00114	0.74615	0.19307
V57	0.15792	0.11824	0.56062	0.0281	0.13511
V58	0.05035	0	0.11842	0.21219	0.61904
V59	0.88454	0.01778	0.09009	0	0.00759
V60	0.4176	0.21588	0.11753	0.12005	0.12895
V61	0.16864	0	0.02097	0.22864	0.58175
V62	0.04966	0.00634	0.2796	0.15135	0.51305
V63	0.37564	0.26513	0.05333	0.04172	0.26418
V64	0.95501	0.01639	0.01939	0	0.00921
V65	0.07785	0.07702	0.03507	0.60588	0.20418
V66	0.01947	0	0.13436	0.76846	0.07771
V67	0.00115	0	0.31184	0.11819	0.56883
V68	0.47479	0	0.40375	0.03049	0.09097
V69	0.60069	0.12047	0.19847	0.01239	0.06799
V70	0.06844	0.72342	0.03573	0.14272	0.02968
V71	0.10057	0.79023	0.03563	0.05896	0.01462
V72	0.03779	0.3795	0.01699	0.05894	0.50678
V73	0.04792	0	0.09629	0.56744	0.28834
V74	0.00662	0.06027	0.00546	0.77173	0.15592
V75	0.48333	0.19101	0.31017	0.00119	0.01429
V76	0.00203	0	0.01565	0.83645	0.14588
V77	0.01802	0	0.94291	0.0357	0.00337
V78	0.00133	0	0.98214	0.00394	0.01259
V79	0.07608	0.39408	0.03201	0.14479	0.35304
V80	0.12317	0.73541	0	0.05298	0.08844
V81	0.00955	0	0.98972	0	0.00073
V82	0.23128	0.17262	0.02495	0.51974	0.05141
V83	0.08738	0.07429	0.01716	0.52973	0.29143
V84	0.07734	0.14909	0.00047	0.08795	0.68515
V85	0	0	0.99414	0.00296	0.0029
V86	0.02557	0.2607	0.3002	0.37451	0.03902
V87	0.45997	0.01033	0.03967	0.43726	0.05276
V88	0.28998	0.16394	0.04522	0.19567	0.30519
V89	0.04866	0.08587	0.83004	0.03334	0.00209
V90	0.01399	0.16296	0.04745	0.12953	0.64607
V91	0.00089	0	0.08058	0.83906	0.07947
V92	0.20652	0.02492	0.02034	0.08491	0.66331
V93	0.00655	0.07647	0.15686	0.50865	0.25147
V94	0.03139	0.15731	0.01624	0.24621	0.54885
V95	0.05328	0.21363	0.01551	0.1282	0.58937
V96	0.7892	0.00356	0.02161	0.0229	0.16273
V97	0.13761	0.01489	0.03658	0.14253	0.6684
V98	0.0544	0.37109	0.16386	0.12956	0.28109
V99	0.4963	0.14257	0	0.21295	0.14818
V100	0.51552	0.16763	0.04476	0.05574	0.21635
V101	0.0713	0.89938	0.01055	0.01341	0.00536
V102	0.298	0.24775	0.12604	0.10872	0.21949
V103	0.09683	0	0	0.09466	0.80851
V104	0.04732	0.39331	0.07139	0.05565	0.43233
V105	0.00351	0	0.03315	0.13297	0.83037
V106	0.06105	0.75765	0.13379	0.01258	0.03493
V107	0.05509	0.21116	0.68098	0.04183	0.01094
V108	0.02291	0.16398	0.81311	0	0
V109	0.0528	0.20756	0.04861	0.27665	0.41438
V110	0.17769	0.52393	0.17301	0.10177	0.02361
V111	0.29578	0.22835	0.47587	0	0
V112	0.16381	0	0.10017	0.4691	0.26692
V113	0.21012	0	0.09258	0.16995	0.52735
V114	0.56337	0.07917	0.04495	0.16881	0.14369
V115	0.87044	0	0	0.00428	0.12527
V116	0.00265	0	0	0.11216	0.88518
V117	0.05068	0	0.83619	0.07916	0.03397
V118	0.03456	0	0	0.85972	0.10572
V119	0.34284	0.00794	0.40386	0.23063	0.01473
V120	0.00497	0	0.8372	0.10975	0.04807
V121	0.18827	0.72895	0	0.01493	0.06785
V122	0.03642	0.38785	0.07558	0.22902	0.27113
V123	0.4794	0.03762	0.07064	0.19195	0.22039
V124	0.19424	0.10342	0.0543	0.23024	0.41781
V125	0.05102	0.45493	0.48022	0.00501	0.00883
V126	0.14643	0.17791	0.20292	0.12714	0.3456
V127	0.28777	0	0.66312	0.04028	0.00883
V128	0.20058	0.77114	0.00666	0.00286	0.01876
V129	0.25923	0.02392	0.26079	0.18081	0.27525
V130	0.03666	0.50845	0.0349	0.21635	0.20364
V131	0.00887	0	0.23533	0.69528	0.06051
V132	0.33116	0.01136	0	0.33902	0.31845
V133	0.00334	0.03293	0.53909	0.10487	0.31978
V134	0.0748	0.00182	0.79817	0.02628	0.09894
V135	0.02535	0.08183	0.7308	0.03188	0.13013
V136	0.98314	0	0.00481	0	0.01205
V137	0.91083	0.03278	0.00134	0.01642	0.03864
V138	0.2287	0.13665	0.07002	0.14941	0.41522
V139	0.11259	0	0.15695	0.66599	0.06447
V140	0.01388	0	0.13337	0.08919	0.76356
V141	0.02314	0.21294	0.65485	0.0933	0.01577
V142	0.19735	0	0.31383	0.143	0.34582
V143	0.02033	0.1881	0.47242	0.14778	0.17136
V144	0.49448	0.23247	0.06299	0.11279	0.09726
V145	0.00039	0	0.96291	0.01357	0.02313
V146	0.03469	0.34397	0.00251	0.30306	0.31577
V147	0.09999	0.04899	0.7035	0.10384	0.04367
V148	0.15559	0.78611	0.00618	0.03116	0.02095
V149	0.00358	0	0	0.85651	0.1399
V150	0.15064	0.18726	0.58153	0.00014	0.08043
V151	0.4258	0.009	0.00595	0.39942	0.15983
V152	0.006	0	0.1113	0.73475	0.14794
V153	0.17289	0.17882	0.4485	0.05314	0.14665
V154	0.11564	0.58757	0.01783	0.04651	0.23245
V155	0.02965	0	0.13367	0.75996	0.07672
V156	0.09365	0.00906	0.38733	0.16658	0.34338
V157	0.08246	0.02827	0.15739	0.28734	0.44454
V158	0.1852	0	0.42865	0.06358	0.32258
V159	0.10955	0.23525	0.01018	0.56037	0.08466
V160	0.43563	0.16247	0.08669	0.05426	0.26094
V161	0.1852	0.00575	0.05136	0.07324	0.68445
V162	0.00245	0	0.99575	0	0.0018
V163	0.03661	0	0.00648	0.12369	0.83322
V164	0.9314	0.05493	0.01132	0	0.00235
V165	0.60027	0.22631	0.07888	0.04205	0.05249
V166	0.04519	0	0.23756	0.57732	0.13992
V167	0.04497	0.64312	0.01289	0.12955	0.16947
V168	0.00245	0	0.99575	0	0.0018
V169	0.06631	0.69436	0.14292	0.07366	0.02276
V170	0.23673	0.40003	0.04822	0.18168	0.13334
V171	0.31843	0.07757	0.36586	0.17175	0.06638
V172	0.16194	0.21226	0.06017	0.06538	0.50026
V173	0.20332	0.10068	0.08526	0.39465	0.21608
V174	0.20239	0	0.34501	0.20704	0.24555
V175	0.0669	0.13137	0.10724	0.19899	0.4955
V176	0.37108	0.00956	0.00039	0.56997	0.04899
V177	0.20574	0.01414	0.59043	0.17057	0.01913
V178	0.29	0.02751	0.46686	0.11313	0.10249
V179	0.07597	0	0.00015	0.09776	0.82612
V180	0.01919	0	0.31742	0.06527	0.59811
V181	0.05689	0.25685	0	0.10518	0.58108
V182	0.55251	0.24569	0	0.14661	0.05518
V183	0.08029	0.89624	0.00294	0.00738	0.01315
V184	0.32731	0	0.30247	0.31981	0.05041
V185	0.1012	0.48203	0.01724	0.14722	0.25231
V186	0.12204	0.17487	0.02277	0.25745	0.42287
V187	0.0857	0.69998	0	0.18807	0.02625
V188	0.85385	0.02788	0.03106	0.07234	0.01487
V189	0.44923	0.25998	0.03096	0.23313	0.0267
V190	0.40314	0.05727	0.2072	0.03448	0.29791
V191	0.20781	0.23303	0	0.40067	0.15849
V192	0.31412	0.19673	0.11962	0.20804	0.16148
V193	0.07343	0.19845	0.50884	0.05063	0.16866
V194	0.24	0.0383	0.07738	0.13485	0.50947
V195	0.5822	0.17559	0.23635	0	0.00585
V196	0	0	0.04565	0.12467	0.82968
V197	0.07827	0.87134	0.00125	0.03438	0.01476
V198	0.21387	0.22459	0.02975	0.20832	0.32347
V199	0.78129	0	0.21871	0	0
V200	0.74839	0	0.02562	0.02672	0.19927
V201	0.02712	0	0.01761	0.68611	0.26916
V202	0.92492	0.06302	0	0	0.01206
V203	0.51281	0.26349	0.02174	0.0556	0.14636
V204	0.30502	0.06938	0.02669	0.05235	0.54655
V205	0.09777	0.0146	0.10397	0.12594	0.65773
V206	0.03976	0.10254	0	0.74713	0.11057
V207	0.01554	0.01963	0	0.86792	0.09691
V208	0.16319	0.21479	0.4691	0.04849	0.10442
V209	0.13653	0.00481	0.08498	0.09588	0.6778
V210	0	0	0.98363	0.00366	0.01271
V211	0.13969	0.00555	0.18443	0.082	0.58832
V212	0.0705	0.75657	0.06707	0.04353	0.06233
V213	0.08039	0	0.0508	0.27606	0.59274
V214	0.03771	0.5532	0.36607	0.01601	0.02702
V215	0.2362	0.2187	0.1242	0.09707	0.32383
V216	0.05002	0.01638	0.30482	0.0881	0.54067
V217	0	0	0.02228	0.80518	0.17254
V218	0.07351	0.18852	0.28	0.33313	0.12484
V219	0.13525	0.27881	0.37911	0.18587	0.02095
V220	0.19062	0.74118	0.05116	0.00722	0.00982
V221	0.043	0.04147	0.47701	0.04628	0.39225
V222	0.01078	0	0.00077	0.11643	0.87202
V223	0.54582	0	0.3208	0.1108	0.02257
V224	0.04768	0.53707	0.01878	0.09938	0.29708
V225	0.70643	0.16854	0.12181	0	0.00322
V226	0.44432	0.54658	0	0	0.0091
V227	0.09083	0.27844	0.00266	0.54405	0.08402
V228	0.60296	0.01541	0.27392	0.06226	0.04545
V229	0.2713	0.40605	0.24861	0.03916	0.03487
V230	0.00816	0	0	0.11678	0.87507
V231	0.07053	0.61568	0.05136	0.16142	0.10101
V232	0.81654	0	0.18346	0	0
V233	0.04874	0.00469	0.13169	0.14543	0.66946
V234	0.02512	0.3903	0.2035	0.32728	0.0538
V235	0.97723	0.00793	0	0.00707	0.00777
V236	0.08253	0	0.65329	0.1925	0.07168
V237	0.12136	0.06803	0.2572	0.31778	0.23563
V238	0.00132	0	0.00141	0.30558	0.69168
V239	0.06726	0.40022	0.04058	0.18124	0.31071
V240	0.07544	0.83079	0.00699	0.02493	0.06185
V241	0.06349	0.91102	0.00359	0.00822	0.01368
V242	0.04004	0.32883	0.28322	0.26189	0.08601
V243	0.48321	0	0.32431	0.03108	0.1614
V244	0.03707	0.39857	0.17146	0.09889	0.29401
V245	0.06122	0.88169	0.02459	0.02665	0.00585
V246	0.58961	0.27983	0.02182	0.00645	0.10229
V247	0.20497	0.08501	0.62569	0.04731	0.03702
V248	0.09678	0.59177	0.01828	0.03602	0.25714
V249	0.23996	0.05355	0.19112	0.12186	0.39352
V250	0.02152	0.01003	0.64027	0.05599	0.27218
V251	0.21274	0.01321	0.08879	0.5791	0.10616
V252	0.02567	0.10702	0.5459	0.15716	0.16425
V253	0.28811	0.58091	0.07295	0.03904	0.01899
V254	0.50056	0.40414	0	0.07193	0.02337
V255	0.80225	0.08289	0	0.01696	0.0979
V256	0.05221	0.74268	0.01336	0.02889	0.16287
V257	0.43367	0.30969	0.13357	0.03464	0.08843
V258	0.16064	0.34242	0.04243	0.41231	0.04221
V259	0.52966	0.28149	0.16716	0	0.02168
V260	0.23779	0.01771	0.09429	0.12063	0.52957
V261	0.02068	0.00041	0.51209	0.29622	0.1706
V262	0.91904	0.02268	0.04899	0	0.0093
V263	0.79942	0.08799	0.00759	0.09568	0.00932
V264	0.07795	0.86648	0.00854	0.04011	0.00693
V265	0.82687	0.08771	0.07275	0.00409	0.00858
V266	0.006	0	0.06861	0.11303	0.81236
V267	0.03689	0	0	0.20638	0.75673
V268	0.19677	0.44313	0.12849	0.16684	0.06478
V269	0.0934	0.33359	0.34315	0.18122	0.04864
V270	0.04315	0	0.0315	0.8453	0.08004
V271	0.21734	0.71883	0.00407	0.02401	0.03575
V272	0.10983	0.80411	0.02084	0.02106	0.04417
V273	0.2839	0.00236	0.17228	0.32934	0.21212
V274	0.07989	0.02523	0.03039	0.23124	0.63326
V275	0.05763	0.70305	0.13435	0.08138	0.02359
V276	0.00795	0	0.71361	0.23103	0.04741
V277	0.37724	0	0.59245	0	0.03031
V278	0.00241	0.02233	0.33629	0.45457	0.1844
V279	0.13853	0	0.00984	0.72602	0.12561
V280	0.18575	0.01319	0.03394	0.60475	0.16237
V281	0.02619	0.23644	0.0384	0.63376	0.06521
V282	0.07189	0.90373	0.00324	0.00776	0.01337
V283	0.32851	0	0.09918	0.06702	0.50529
V284	0.02682	0.1101	0.50764	0.03138	0.32405
V285	0.49172	0.47526	0	0.02139	0.01162
V286	0.088	0.00316	0.86553	0.03267	0.01064
V287	0.23736	0.05684	0.16088	0.29327	0.25165
V288	0.20474	0	0.62795	0.01253	0.15479
V289	0.15509	0.23808	0.01782	0.53591	0.0531
V290	0.41649	0.46209	0.12141	0	0
V291	0.40085	0.2255	0	0.33748	0.03617
V292	0.1129	0.00761	0.38617	0.07108	0.42225
V293	0.00669	0.09754	0.8263	0.04638	0.02308
V294	0.00221	0	0.00177	0.11164	0.88438
V295	0.01144	0.01176	0.32887	0.51211	0.13582
V296	0.84205	0.11789	0	0.00316	0.0369
V297	0.01823	0	0.79463	0.1282	0.05894
V298	0.28224	0	0	0.54085	0.17691
V299	0.26063	0	0.00748	0.67292	0.05898
V300	0.98473	0.00905	0	0	0.00623
V301	0.96771	0	0.00262	0.01444	0.01523
V302	0.00134	0	0.00204	0.41295	0.58368
V303	0.10202	0.16416	0.19706	0.19109	0.34568
V304	0.20009	0.01378	0.7616	0	0.02454
V305	0.19681	0.31483	0.08033	0.11843	0.28961
V306	0.31087	0.65662	0	0.01332	0.01919
V307	0.23855	0	0.2738	0.45357	0.03408
V308	0.24594	0	0.67566	0.06727	0.01113
V309	0.63867	0.06504	0.04479	0.11474	0.13677
V310	0.02331	0.00576	0.00193	0.16695	0.80205
V311	0.0084	0	0.04098	0.85731	0.09331
V312	0.08392	0.23493	0.22378	0.04175	0.41562
V313	0.06003	0.29332	0.00904	0.30791	0.3297
V314	0.07021	0	0.00088	0.38538	0.54353
V315	0.95376	0	0.01021	0	0.03603
V316	0.11492	0.55636	0.22539	0.03311	0.07022
V317	0.39941	0.07078	0.50853	0	0.02128
V318	0.90238	0	5e-05	0	0.09756
V319	0.11233	0.03866	0.84292	0.0061	0
V320	0.07291	0	0.00251	0.83447	0.09011
V321	0.13819	0.34444	0.29118	0.18681	0.03939
V322	0.01584	0.25391	0.55602	0.05574	0.11849
V323	0.25474	0.21125	0.42221	0.02155	0.09025
V324	0.03511	0.03835	0.04	0.80249	0.08406
V325	0.62503	0.10984	0.07974	0.10772	0.07767
V326	0.03822	0	0.04652	0.18655	0.72872
V327	0.3188	0.49428	0.09702	0.0218	0.0681
V328	0.04952	0.30206	0.15706	0.43769	0.05367
V329	0.00252	0.03698	0.39717	0.51054	0.05279
V330	0.08686	0.00293	0.85442	0	0.05579
V331	0.11714	0.00497	0.07785	0.14167	0.65836
V332	0.4816	0.03747	0.45149	0	0.02944
V333	0.41287	0.01885	0.30649	0.156	0.10579
V334	0.04882	0.28158	0.54021	0.07897	0.05042
V335	0.70914	0.05426	0.07787	0.03286	0.12588
V336	0.16583	0.57983	0.23922	0	0.01512
V337	0.00114	0	0.00856	0.21201	0.77829
V338	0.71773	0.0122	0.14972	0.01465	0.10569
V339	0.20543	0.53925	0.16671	0.0046	0.08401
V340	0.0298	0.14474	0.09629	0.1088	0.62037
V341	0.03314	0.48325	0.40911	0.01218	0.06232
V342	0.30387	0.14702	0.44664	0.09774	0.00473
V343	0.70817	0	0.29183	0	0
V344	0.10524	0.7424	0.03452	0.03163	0.08621
V345	0.19708	0.03805	0	0.29469	0.47018
V346	0.03962	0.31952	0.30514	0.27763	0.05809
V347	0.08608	0.53257	0.0192	0.29331	0.06884
V348	0.01702	0.12946	0.43813	0.24259	0.1728
V349	0.07052	0.29824	0.50876	0.02075	0.10173
V350	0.10975	0.42148	0.07517	0.22456	0.16903
V351	0.18252	0.01365	0.4459	0.31679	0.04115
V352	0.11546	0.54364	0.32833	0.00438	0.00818
V353	0.23329	0.32359	0.02917	0.06923	0.34472
V354	0.5813	0.00262	0.41608	0	0
V355	0.08613	0.00169	0.34408	0.51781	0.0503
V356	0.09828	0.0033	0.84166	0.01866	0.0381
V357	0.04206	0.01913	0.49154	0.06148	0.38579
V358	0.0246	0.02821	0.03208	0.82705	0.08805
V359	0.05096	0.11619	0.00436	0.75752	0.07098
V360	0.71685	0.04698	0.08912	0.13732	0.00973
V361	0.32604	0.4886	0.079	0.00491	0.10144
V362	0.81452	0	0.09409	0	0.09139
V363	0.02367	0.01544	0.00171	0.20062	0.75856
V364	0.04006	0.29063	0.01839	0.41792	0.233
V365	0.00284	0	0.00778	0.87024	0.11914
V366	0.2146	0.02528	0.59915	0.06286	0.09812
V367	0.22248	0.22195	0.19716	0.1689	0.1895
V368	0.74904	0.08752	0.12263	0.00062	0.04019
V369	0.0523	0.65107	0.21765	0.07262	0.00637
V370	0.02045	0.14889	0.1131	0.35966	0.35789
V371	0.07046	0.87955	0.04044	0.00549	0.00406
V372	0.65557	0.06803	0.14435	0.10071	0.03134
V373	0.12224	0.66012	0.11685	0.0858	0.015
V374	0.09968	0.03771	0.38937	0.43964	0.03361
V375	0.31824	0	0.61622	0.06352	0.00202
V376	0.0043	0	0.37132	0.06735	0.55703
V377	0.09444	0.51894	0.19505	0.17048	0.02108
V378	0.13361	0.5446	0.15848	0.01345	0.14986
V379	0.01675	0	0.09451	0.14209	0.74665
V380	0.01389	0.04209	0.16612	0.4942	0.28369
V381	0.12663	0.03283	0	0.08636	0.75417
V382	0.39092	0	0	0.29775	0.31133
V383	0.02871	0	0.27676	0.64013	0.0544
V384	0.29076	0.0389	0.16537	0.41553	0.08945
V385	0.0731	0.08002	0.00061	0.08945	0.75683
V386	0.66865	0.00904	0	0.29652	0.02579
V387	0.2668	0.01596	0.00119	0.63278	0.08327
V388	0.06662	0.82727	0.02952	0.06094	0.01566
V389	0.12624	0.76446	0.0121	0.03572	0.06149
V390	0.17013	0	0.00073	0.66007	0.16908
V391	0.69448	0.16431	0	0.06665	0.07456
V392	0.95478	0.03716	0.00426	0	0.0038
V393	0.09553	0.01127	0.1467	0.52519	0.2213
V394	0.71289	0.00367	0.02094	0.15095	0.11156
V395	0	0	0.38274	0.55959	0.05767
V396	0.56477	0.01313	0.42092	0	0.00118
V397	0.66819	0.14853	0.02992	0.10283	0.05054
V398	0.05594	0	0.16586	0.63349	0.14472
V399	0.03324	0.01519	0	0.29277	0.65881
V400	0.16834	0.54381	0.14599	0.13203	0.00983
V401	0.33364	0	0.64447	0.02189	0
V402	0.38393	0.01644	0.44868	0.06485	0.0861
V403	0.13069	0.06127	0	0.17758	0.63046
V404	0.00229	0.03722	0.49336	0.3853	0.08183
V405	0.33792	0.27307	0.06475	0.2071	0.11716
V406	0.02435	0.00498	0.95102	0	0.01965
V407	0.89759	0.03943	0.03302	0.02583	0.00414
V408	0.03664	0.37246	0.00256	0.25247	0.33587
V409	0.10311	0	0.06086	0.66681	0.16922
V410	0.11956	0.11954	0.30136	0.07506	0.38448
V411	0.0024	0	0	0.11874	0.87886
V412	0.0198	0.12372	0.11315	0.09051	0.65283
V413	0.02653	0.25637	0.14354	0.35394	0.21962
V414	0.03721	0.07927	0	0.45423	0.42929
V415	0.13354	0	0	0.08825	0.77821
V416	0.09255	0.07407	0.01445	0.18833	0.63059
V417	0.00797	0	0.7809	0.13113	0.08
V418	0.52977	0.4124	0.01601	0.00803	0.03379
V419	0.2199	0.00699	0.01314	0.16283	0.59714
V420	0.19969	0	0.08801	0.09863	0.61368
V421	0	0	0.11215	0.12254	0.7653
V422	0.01237	0.00261	0.04797	0.69722	0.23982
V423	0.29655	0.19527	0.28492	0.1849	0.03835
V424	0	0	0.45858	0.05204	0.48938
V425	0.31117	0.37445	0	0.03256	0.28182
V426	0.23069	0.19208	0.01569	0.43919	0.12235
V427	0.20824	0.64356	0.14059	0	0.00761
V428	0.10092	0.65096	0.06672	0.08884	0.09256
V429	0.12694	0.78057	0	0.06085	0.03165
V430	0.02951	0	0.39528	0.2083	0.36692
V431	0.11847	0.38401	0.19011	0.23512	0.07228
V432	0.29873	0.05992	0.12223	0.34157	0.17754
V433	0.202	0	0.53302	0.2224	0.04258
V434	0.24513	0.28646	0.36466	0.01501	0.08874
V435	0.56918	0.03672	0.36803	0.01905	0.00703
V436	0.06793	0.58593	0.09057	0.06359	0.19197
V437	0.16986	0.00669	0.0213	0.2053	0.59686
V438	0.13738	0.31777	0.19167	0.26788	0.0853
V439	0.61938	0	0.04418	0.29611	0.04032
V440	0.03405	0.35209	0.54228	0.01702	0.05457
V441	0.04678	0.54576	0.36837	0.02841	0.01068
V442	0.0721	0.90511	0.01105	0.00671	0.00503
V443	0.96186	0	0.00237	0.02823	0.00754
V444	0.15373	0.45438	0.02599	0.3055	0.06039
V445	0.07029	0.43416	0.03584	0.4073	0.05241
V446	0.10695	0.02259	0.09812	0.55966	0.21267
V447	0.05756	0	0.00744	0.45195	0.48305
V448	0.13861	0	0.01163	0.09915	0.75061
V449	0.00245	0	0.99575	0	0.0018
V450	0.19927	0.07773	0.23588	0.1518	0.33533
V451	0.26762	0.20674	0.05664	0.32787	0.14113
V452	0.00887	0	0.16313	0.71417	0.11383
V453	0.01361	0	0	0.46096	0.52543
V454	0.00772	0	0.67422	0.04789	0.27017
V455	0.06258	0.21659	0.25743	0.07723	0.38618
V456	0.94466	0.0048	0	0.00999	0.04055
V457	0.65484	0.22132	0.02995	0.04856	0.04532
V458	0.03467	0.3655	0.49678	0.0548	0.04824
V459	0.12922	0.05316	0.0499	0.47891	0.28881
V460	0.68714	0.03477	0.20079	0.05048	0.02683
V461	0.18512	0.30124	0.22772	0.03519	0.25073
V462	0.04605	0.07227	0.00952	0.49403	0.37813
V463	0.21379	0.05872	0.00955	0.65262	0.06532
V464	0.17341	0.17697	0.6367	0.00587	0.00705
V465	0.03653	0.08045	0.00845	0.10724	0.76732
V466	0.01645	0	0	0.17509	0.80847
V467	0.05823	0.26558	0.01885	0.51621	0.14112
V468	0.55003	0.31747	0.10369	0	0.02881
V469	0.02341	0.32716	0.05034	0.27296	0.32612
V470	0.83945	0.05769	0.02335	0.06503	0.01448
V471	0.37329	0.30574	0.02224	0.13999	0.15874
V472	0.00598	0.01463	0.03351	0.10432	0.84157
V473	0.0332	0.21574	0.23427	0.3093	0.20749
V474	0.29023	0.14091	0.05804	0.43011	0.08071
V475	0.16379	0.01024	0.59101	0.04195	0.19301
V476	0.15408	0.02435	0.0992	0.60349	0.11889
V477	0.06369	0.91248	0.0114	0.00711	0.00533
V478	0.14721	0	0	0.08655	0.76624
V479	0.84091	0.05726	0.03126	0.05705	0.01352
V480	0.14147	0.66285	0.04972	0.10417	0.04178
V481	0.23581	0.37856	0.05635	0.17649	0.15279
V482	0.12209	0.68484	0.17571	0.00077	0.01659
V483	0.30438	0.5413	0	0.0954	0.05891
V484	0.21991	0.52875	0.10914	0.11704	0.02516
V485	0.66327	0.07969	0.11607	0.10876	0.03221
V486	0.06172	0.05784	0.2713	0.05817	0.55095
V487	0.13946	0.12442	0.41655	0.28989	0.02968
V488	0.39772	0.06693	0	0.33269	0.20266
V489	0.01446	0.22133	0.671	0.06978	0.02344
V490	0.0083	0	0.76702	0.19939	0.0253
V491	0.04191	0.45224	0.04105	0.12034	0.34446
V492	0.03096	0.14798	0.02961	0.69877	0.09268
V493	0.01046	0	0.00546	0.88439	0.09969
V494	0.3163	0	0.01337	0.53693	0.1334
V495	0.33048	0.22584	0.20877	0.16066	0.07425
V496	0.1157	0.01376	0.04452	0.08371	0.7423
V497	0.08881	0.01514	0.13151	0.15279	0.61175
V498	0.08606	0.84925	0.02265	0.01396	0.02809
V499	0.04292	0.21278	0.23854	0.09702	0.40874
V500	0.11401	0.50299	0.10215	0.20297	0.07789
V501	0.06834	0.30154	0.0083	0.07085	0.55097
V502	0.13753	0.79231	0.03661	0.02917	0.00438
V503	0.44179	0.00591	0.20563	0.14769	0.19897
V504	0.44864	0.20202	0	0.03234	0.317
V505	0.60066	0	0.01851	0.09903	0.28179
V506	0.03649	0.50405	0.05693	0.04803	0.35449
V507	0.84831	0	0.02794	0.08253	0.04122
V508	0.04261	0.63503	0.19699	0.04457	0.0808
V509	0.06113	0.46634	0.12936	0.18874	0.15443
V510	0.39955	0.51333	0.04009	0.03592	0.0111
V511	0.07177	0.31179	0.50127	0.04063	0.07453
V512	0.15041	0.46241	0.16137	0.05782	0.16799
V513	0.17111	0.68296	0.06581	0.04393	0.0362
V514	0.00465	0	0.19734	0.10884	0.68917
V515	0.07326	0.13577	0	0.72364	0.06733
V516	0.16193	0.38117	0.10422	0.31123	0.04145
V517	0.01396	0.02772	0.05085	0.82086	0.08661
V518	0.42801	0.00741	0.33181	0.18487	0.0479
V519	0.79324	0.06581	2e-05	0.12097	0.01996
V520	0.08515	0.83936	0.01511	0.053	0.00738
V521	0.20588	0	0.13449	0.60229	0.05734
V522	0.05222	0.19269	0.5673	0.13205	0.05574
V523	0.1568	0.03814	0.75782	0.03761	0.00963
V524	0.35021	0.01437	0.56811	0	0.06731
V525	0.01573	0.179	0.02419	0.09093	0.69015
V526	0.04474	0.01471	0.87928	0.02122	0.04004
V527	0.09229	0.48792	0.38084	0.01341	0.02554
V528	0.14762	0	0.01746	0.76556	0.06936
V529	0.22227	0.01439	0.74849	0	0.01485
V530	0.0226	0.00392	0.89313	0.04721	0.03314
V531	0.17228	0.5168	0.08031	0.03258	0.19803
V532	0.06466	0.24959	0.27295	0.03775	0.37505
V533	0.23313	0	0	0.07437	0.6925
V534	0.12333	0.06797	0	0.71492	0.09378
V535	0.81783	0.12881	0.0482	0	0.00517
V536	0.12433	0.17094	0.366	0.05447	0.28426
V537	0.01464	0.00557	0.01013	0.10709	0.86257
V538	0.59646	0.11082	0	0.04366	0.24906
V539	0.01798	0.14227	0.65253	0.10236	0.08486
V540	0.15953	0.47056	0.08062	0.06495	0.22435
V541	0.03783	0.38315	0.01698	0.07768	0.48436
V542	0.04304	0.35196	0.10705	0.39942	0.09853
V543	0.06797	0.09452	0.67541	0.05248	0.10962
V544	0.33065	0.19349	0.17221	0.0761	0.22755
V545	0.61062	0.38514	0.00262	0	0.00162
V546	0.07968	0.76982	0.07531	0.01545	0.05974
V547	0.09962	0.77598	0	0.09008	0.03432
V548	0.00701	0.06334	0.00647	0.83196	0.09122
V549	0.00087	0	0.01618	0.22444	0.75851
V550	0.05811	0.83243	0.08612	0.01175	0.01159
V551	0.01171	0	0	0.89565	0.09265
V552	0.19313	0	0.01278	0.10397	0.69012
V553	0.78148	0.00562	0.01394	0.1352	0.06376
V554	0.11205	0.03747	0.50158	0.30773	0.04118
V555	0.06139	0.89031	0.00983	0.00927	0.0292
V556	0.077	0.04728	0.05461	0.70057	0.12053
V557	0.30338	0.26193	0.03142	0.32323	0.08005
V558	0.01096	0.00284	0.7995	0.14581	0.04088
V559	0.10899	0.427	0.42473	0.00579	0.03347
V560	0.61893	0.25188	0.12919	0	0
V561	0.70142	0	0.13456	0.01238	0.15164
V562	0.11086	0.03618	0.14033	0.13894	0.57369
V563	0.20995	0.26331	0.19444	0.11864	0.21366
V564	0.3346	0.01378	0.05587	0.34346	0.25229
V565	0.00151	0	0.00878	0.13694	0.85277
V566	0.2817	0.14478	0.02173	0.31719	0.2346
V567	0.01942	0	0.97089	0	0.00969
V568	0.03377	0.22924	0.42877	0.28636	0.02186
V569	0.62899	0.10143	0.10683	0.11231	0.05044
V570	0.13242	0.01253	0.2864	0.45177	0.11688
V571	0.25886	0	0.23471	0.33739	0.16904
V572	0.83065	0	0	0.00913	0.16022
V573	0.07694	0.05881	0.33797	0.37316	0.15311
V574	0.51235	0.30642	0.07176	0.07944	0.03003
V575	0.33947	0.01254	0.11114	0.08441	0.45244
V576	0.0596	0.85145	0.00806	0.019	0.06188
V577	0.39932	0.51336	0.03211	0.04336	0.01185
V578	0.02871	0.15731	0.51875	0.22048	0.07475
V579	0.03497	0.5118	0.301	0.03352	0.1187
V580	0.20847	0.55778	0.00992	0.18328	0.04056
V581	0.06279	0.49359	0.35705	0.07303	0.01354
V582	0.00463	0.03105	0.95883	0.00309	0.00241
V583	0.63539	0.00336	0.35246	0.00878	0
V584	0.2145	0.50493	0.09737	0.03965	0.14356
V585	0.06149	0.75719	0.05918	0.05823	0.06391
V586	0.05322	0.77474	0.15219	0.01642	0.00343
V587	0.06365	0.66307	0.00554	0.04771	0.22004
V588	0.23395	0.40948	0.35162	0	0.00495
V589	0.10072	0.42599	0.04313	0.37254	0.05762
V590	0.0619	0.75589	0	0.02819	0.15402
V591	0.44551	0.5121	0.03298	0.00048	0.00892
V592	0.01434	0	0.75391	0.04587	0.18588
V593	0.41433	0	0	0.48676	0.09891
V594	0.00665	0.12014	0.65796	0.14624	0.06901
V595	0.52524	0.04056	0.06415	0.30198	0.06807
V596	0.45884	0.19829	0.20499	0.10618	0.0317
V597	0.02385	0.17236	0.00147	0.1601	0.64223
V598	0.54493	0	0	0.03353	0.42154
V599	0.07907	0.41816	0.08718	0.35106	0.06453
V600	0.2746	0.00226	0.18515	0.37635	0.16163
V601	0.13059	0.09416	0.00053	0.4606	0.31412
V602	0.81885	0.17861	0	0	0.00255
V603	0.11564	0.12625	0.02178	0.17053	0.56579
V604	0.02097	5e-04	0.7154	0.11163	0.1515
V605	0.02372	0.0436	0.11433	0.13283	0.68553
V606	0.8222	0	0	0.00986	0.16795
V607	0.14105	0.09151	0.01379	0.08246	0.6712
V608	0.74636	0.01355	0.02886	0.07918	0.13205
V609	0.17991	0.32395	0.00824	0.37288	0.11501
V610	0.093	0.66914	0.00528	0.20532	0.02726
V611	0.28307	0.01359	0.62435	0.01627	0.06271
V612	0.37205	0.03701	0.30316	0.02979	0.25799
V613	0.39546	0.54724	0.03302	0.02151	0.00278
V614	0.50509	0.02392	0.01156	0.09524	0.3642
V615	0.00735	0.08793	0.12854	0.55314	0.22304
V616	0.66766	0	0.15233	0.12833	0.05168
V617	0.22807	0.06137	0.46176	0.09499	0.15381
V618	0.71052	0.09334	0.06148	0.01163	0.12303
V619	0.5293	0.0338	0.14771	0.02183	0.26736
V620	0.04228	0.01348	0.36655	0.52558	0.05211
V621	0.13546	0.21076	0.27539	0.03182	0.34657
V622	0.02214	0.19196	0.32415	0.05081	0.41094
V623	0.06133	0	0.0018	0.66998	0.26689
V624	0.90351	0	0	0.01364	0.08284
V625	0.00549	0.05994	0.09673	0.75933	0.07851
V626	0.07591	0.01399	0.56919	0.29035	0.05055
V627	0.09573	0.13733	0.10342	0.08445	0.57906
V628	0.9601	0.0167	0.00326	0.01354	0.0064
V629	0.13216	0.23387	0.61085	0.01505	0.00806
V630	0.01474	0.15919	0.01665	0.10082	0.70861
V631	0	0	0.24522	0.08378	0.671
V632	0.06131	0.74693	0.00578	0.04655	0.13942
V633	0.04712	0	0.08517	0.51162	0.3561
V634	0.40129	0.45897	0.13974	0	0
V635	0.03532	0.08481	0.16612	0.08529	0.62846
V636	0.19903	0.16971	0.30618	0.18419	0.14089
V637	0.2177	0.00056	0.41912	0.24461	0.11801
V638	0.07958	0.44887	0.01683	0.10511	0.34962
V639	0.50902	0.41391	0.07158	0	0.00548
V640	0.10178	0.17814	0.07317	0.24093	0.40599
V641	0.10542	0.7195	0.0197	0.11939	0.036
V642	0.73983	0.03725	0	0.20479	0.01814
V643	0.0679	0.84056	0.06204	0.02479	0.00471
V644	0.05158	0.45077	0.01978	0.40665	0.07122
V645	0.1631	0.74638	0.01221	0.07067	0.00763
V646	0.13621	0.54153	0.02588	0.20885	0.08752
V647	0.94741	0	0.00153	0.04282	0.00825
V648	0.42572	0.11121	0	0.26791	0.19516
V649	0.24444	0.08111	0.06904	0.13759	0.46781
V650	0.01815	0	0.05838	0.8435	0.07998
V651	0.1421	0.22216	0	0.58543	0.05031
V652	0.36147	0	0.03241	0.54284	0.06328
V653	0.34127	0.00607	0.05	0.5132	0.08946
V654	0.02679	0.06041	0	0.13965	0.77314
V655	0.15964	0.05001	0.30949	0.43835	0.04251
V656	0.0945	0	0	0.16138	0.74412
V657	0.04498	0.49645	0.0274	0.29603	0.13514
V658	0.0235	0.02155	0.02776	0.58805	0.33914
V659	0.0126	0.01451	0.07687	0.75579	0.14022
V660	0.0601	0.31385	0.01569	0.08853	0.52184
V661	0.05453	0.65149	0.01261	0.16236	0.11902
V662	0.04013	0.40995	0.0174	0.05527	0.47725
V663	0.98995	5e-04	0.00573	0	0.00382
V664	0.01409	0	0.10774	0.3943	0.48386
V665	0.04253	0.63165	0.19892	0.07799	0.0489
V666	0.10373	0.84361	0.03848	0.01049	0.00368
V667	0.04717	0.55052	0.24855	0.09456	0.05919
V668	0.62429	0.25506	0.04632	0.04661	0.02772
V669	0.44792	0.32232	0.02248	0.08502	0.12226
V670	0.09845	0.61404	0.04118	0.04975	0.19659
V671	0.77976	0	0.19656	0.01591	0.00776
V672	0.08394	0.05944	0.08254	0.31199	0.4621
V673	0.00606	0.00576	0	0.17757	0.8106
V674	0.37464	0.09284	0.49501	0	0.03752
V675	0.67771	0	0.03544	0.14702	0.13983
V676	0.25965	0.09514	0.49017	0.00474	0.15029
V677	0.04775	0.28	0.21602	0.3606	0.09564
V678	0.04974	0.29141	0.00862	0.08825	0.56198
V679	0.011	0.00133	0.47563	0.46396	0.04808
V680	0.14783	0	0.01305	0.3512	0.48791
V681	0.51731	0.02877	0.03764	0.28944	0.12684
V682	0.00245	0	0.99575	0	0.0018
V683	0.07292	0.17345	0.62387	0.00674	0.12302
V684	0.05543	0	0.00512	0.85643	0.08302
V685	0.0114	0.00434	0.86795	0.09862	0.01769
V686	0.27662	0.62173	0.06551	0.01844	0.01769
V687	0	0	0.60246	0.34875	0.04879
V688	0.00073	0	0.97151	0.00497	0.02279
V689	0.49151	0.04966	0.19339	0.10523	0.16022
V690	0.11168	0.83558	0.01495	0.02499	0.0128
V691	0.13727	0.13592	0.04383	0.59552	0.08745
V692	0.06531	0.01478	0.0117	0.73759	0.17062
V693	0.03489	0.50681	0.41868	0.02873	0.01089
V694	0.08519	0.20144	0.0352	0.55398	0.12419
V695	0.11297	0.09653	0.1294	0.07632	0.58479
V696	0.12137	0	0.74217	0.01102	0.12544
V697	0.10185	0.10648	0.31415	0.33021	0.14731
V698	0.01078	0	0.15622	0.09394	0.73906
V699	0.03194	0.00128	0.04566	0.63694	0.28419
V700	0.07369	0.79073	0.06684	0.00941	0.05933
V701	0.01495	0.15893	0.00931	0.09541	0.72139
V702	0.02003	0.12097	0.00352	0.63654	0.21895
V703	0.01358	0.00753	0.02468	0.86027	0.09393
V704	0.04203	0.03856	0.36705	0.0658	0.48656
V705	0.94286	0.01443	0	0.00277	0.03993
V706	0.1511	0.1527	0.15625	0.41799	0.12195
V707	0.12969	0.11375	0.06443	0.27828	0.41385
V708	0.04063	0.58828	0.36297	0.00657	0.00156
V709	0.00405	0	0.02554	0.10713	0.86329
V710	0.12484	0.00833	0.46118	0.03288	0.37277
V711	0.0424	0	0.01207	0.1146	0.83093
V712	0.06414	0.00182	0.72364	0.17903	0.03138
V713	0.25727	0.43227	0.30436	0.0061	0
V714	0.03724	0	0	0.10599	0.85677
V715	0.01784	0.281	0.59222	0.09297	0.01597
V716	0.72417	0.20102	0.0072	0.03889	0.02871
V717	0.3773	0.16222	0.11282	0.04442	0.30325
V718	0.681	0	0.27279	0	0.04621
V719	0.39209	0.24767	0.09864	0.11411	0.14748
V720	0.10765	0.02384	0.07737	0.10639	0.68474
V721	0.01788	0	0.03784	0.11584	0.82844
V722	0.02585	0.24136	0.05262	0.4616	0.21857
V723	0.10964	0.23157	0.10797	0.48443	0.06639
V724	0.13257	0.66382	0.03435	0.14831	0.02095
V725	0.01964	0	0.00036	0.10864	0.87137
V726	0.21327	0.49922	0.04749	0.06544	0.17457
V727	0.01123	0	0.96286	0.00416	0.02175
V728	0.7944	0.01495	0.12452	0.05495	0.01118
V729	0.60963	0.1235	0.02183	0.21923	0.02581
V730	0.12091	0.01233	0.38811	0.37973	0.09892
V731	0.00275	0.00683	0.06244	0.84699	0.08099
V732	0.01075	0	0.00585	0.89278	0.09062
V733	0.03541	0.01652	0.92936	0	0.01871
V734	0.5134	0.08291	0.35841	0.02918	0.0161
V735	0.06706	0.14211	0.1959	0.07663	0.51831
V736	0.00718	0.02497	0.00298	0.10746	0.8574
V737	0.98191	0.00925	0.00552	0	0.00333
V738	0.03272	0.42821	0.01048	0.062	0.46658
V739	0.01526	0.0095	0	0.88543	0.08982
V740	0.19451	0.06646	0.09327	0.07249	0.57326
V741	0.49165	0.01755	0	0.31053	0.18026
V742	0.07442	0.0113	0.53298	0.17986	0.20144
V743	0.02356	0.0337	0.06394	0.16883	0.70996
V744	0.19423	0.05952	0.1682	0.49083	0.08721
V745	0.16548	0.01516	0.04513	0.70447	0.06976
V746	0.3543	0.5653	0.03243	0.00626	0.0417
V747	0.03496	0.0155	0.91557	0.00414	0.02982
V748	0.15957	0.20446	0.26108	0.07956	0.29533
V749	0.18159	0.10202	0.11516	0.41507	0.18617
V750	0.7477	0.21033	0.00075	0.03619	0.00503
V751	0.04648	0.37342	0.55119	0.01922	0.00968
V752	0.02035	0.10979	0.01651	0.09917	0.75417
V753	0.54719	0.04728	0.23864	0.02808	0.13881
V754	0.11732	0.34523	0.00251	0.48502	0.04993
V755	0.23648	0.71883	0.03529	0	0.0094
V756	0.0191	0.09107	0.01641	0.13413	0.73929
V757	0.16934	0	0.09683	0.66938	0.06445
V758	0.07265	0.4561	0	0.42494	0.04631
V759	0.07719	0.01357	0.08585	0.08442	0.73897
V760	0.07143	0.01749	0.19669	0.27005	0.44434
V761	0.06887	0.25389	0.66701	0.00206	0.00817
V762	0.01334	0.02905	0.16212	0.39694	0.39855
V763	0.02896	0.24591	0.00209	0.0781	0.64494
V764	0.11108	0.05896	0.08186	0.67273	0.07537
V765	0.17738	0.01212	0.6543	0.04845	0.10774
V766	0.0809	0.48416	0.22794	0.05754	0.14946
V767	0.26463	0.48138	0.05544	0.05361	0.14495
V768	0.07519	0.82005	0.0448	0.04602	0.01393
V769	0.76434	0.00245	0.18653	0	0.04667
V770	0.32462	0	0.51381	0.14502	0.01655
V771	0.0773	0.71598	0.00476	0.09206	0.10991
V772	0.05735	0.00564	0.93631	0.00028	0.00042
V773	0.01888	0	0	0.22338	0.75774
V774	0.15444	0	0.51639	0.02323	0.30593
V775	0.91914	0	0.01494	0.04306	0.02285
V776	0.35382	0.43921	0.15009	0.02337	0.03352
V777	0.21743	0.39119	0.23383	0.09883	0.05872
V778	0.5162	0.05871	0.00446	0.21222	0.20841
V779	0.07852	0.41588	0.47654	0.01195	0.01711
V780	0.01996	0	0.97707	0.00141	0.00156
V781	0.17177	0.30068	0.15816	0.03133	0.33806
V782	0.21223	0.22863	0.01314	0.05642	0.48959
V783	0	0	0.61255	0.05636	0.33109
V784	0.04435	0.62208	0	0.22564	0.10793
V785	0.69861	0.14475	0	0.08864	0.068
V786	0.16455	0.21424	0.00928	0.53929	0.07263
V787	0.13908	0.6049	0	0.17247	0.08354
V788	0.36549	0.42571	0.06225	0.00789	0.13866
V789	0.01308	0.15345	0.00238	0.39185	0.43925
V790	0.26735	0.22566	0.05365	0.12949	0.32384
V791	0.16932	0.21526	0.06353	0.20405	0.34784
V792	0.94819	0.0158	0.01868	0	0.01733
V793	0.31292	0.27014	0.04556	0.10527	0.26611
V794	0.01255	0.00504	0.09084	0.22159	0.66998
V795	0.13862	0.81633	0.0144	0.01115	0.01949
V796	0.29343	0.42818	0.09987	0.1351	0.04343
V797	0.11444	0	0	0.10448	0.78108
V798	0.1305	0.50448	0.00221	0.10041	0.2624
V799	0.0317	0.169	0.04608	0.63871	0.11451
V800	0.02145	0	0.00869	0.18816	0.78171
V801	0.38221	0	0.12309	0.42488	0.06982
V802	0.03336	0.17851	0.0087	0.09003	0.6894
V803	0.30304	0.02744	0.00056	0.58977	0.0792
V804	0.20019	0.16835	0.19579	0.35221	0.08346
V805	0.14968	0.13416	0.43085	0.16556	0.11975
V806	0.46754	0.00433	0.19022	0.07615	0.26176
V807	0.71187	0	0.05887	0.05308	0.17618
V808	0.83922	0	0.0451	0.00169	0.11398
V809	0.19577	0.60559	0.01676	0.04149	0.14038
V810	0.02466	0.04997	0.03433	0.45485	0.43619
V811	0.04547	0.08238	0.01553	0.16564	0.69097
V812	0.04388	0.65837	0.18068	0.07689	0.04017
V813	0.03307	0.20259	0.19418	0.05578	0.51437
V814	0.19913	0.56387	0.05791	0.14282	0.03627
V815	0.22854	0.68476	0.0259	0.04802	0.01277
V816	0.03781	0.52683	0.00538	0.36202	0.06796
V817	0.81323	0.02728	0.15095	0.00844	1e-04
V818	0.0414	0.19618	0.32902	0.06794	0.36545
V819	0.95489	0.01605	0.01072	0.01278	0.00555
V820	0.07597	0.37761	0.11561	0.36471	0.0661
V821	0.00265	0	0	0.11216	0.88518
V822	0.1876	0.00566	0.01084	0.73095	0.06495
V823	0.04319	0.06543	0.20217	0.06847	0.62074
V824	0.05958	0.01389	0.01563	0.09728	0.81361
V825	0.15278	0	0.66661	0.17005	0.01056
V826	0.04353	0	0.9377	0.0172	0.00157
V827	0.33733	0.15436	0	0.3644	0.14391
V828	0.22594	0.13519	0.09454	0.09491	0.44943
V829	0.08612	0.07596	0.29021	0.19423	0.35349
V830	0.15254	0	0.69309	0.02686	0.12751
V831	0.04983	0.73134	0.0444	0.13647	0.03796
V832	0.18637	0	0.05806	0.26222	0.49335
V833	0.18998	0.75644	0.00534	0.00551	0.04274
V834	0.73297	0.14723	0.02985	0.02064	0.06931
V835	0.24857	0.299	0.08397	0.2555	0.11296
V836	0.38676	0.06471	0.4479	0.08843	0.01219
V837	0.05608	0.80313	0.01346	0.04733	0.07999
V838	0	0	0.07818	0.83258	0.08924
V839	0.03164	0.01354	0.06333	0.09563	0.79586
V840	0.94523	0.00463	0.02541	0.01227	0.01247
V841	0.23331	0.00254	0.75855	0	0.00559
V842	0.53804	0.04108	0.20726	0.18439	0.02922
V843	0.44255	0	0.13914	0.09164	0.32666
V844	0.021	0.1638	0.76439	0.02137	0.02944
V845	0.02072	0	0	0.59275	0.38653
V846	0.0983	0.02432	0.08646	0.1271	0.66382
V847	0.1846	0	0.04182	0.17175	0.60183
V848	0.72482	0.03271	0	0.09041	0.15206
V849	0.1427	0.03584	0.70832	0.00908	0.10405
V850	0.20947	0.02125	0.28081	0.16884	0.31963
V851	0.9852	0	0	0	0.0148
V852	0.22322	0.04902	0.0705	0.19865	0.4586
V853	0.03729	0.11918	0.60625	0.13908	0.09819
V854	0.05207	0.34182	0.22996	0.09676	0.27939
V855	0.10857	0.39578	0.08564	0.29373	0.11628
V856	0.15184	0.37848	0.04593	0.03961	0.38413
V857	0.0737	0.03107	0.16325	0.42084	0.31115
V858	0.03252	0.34562	0.1778	0.21133	0.23272
V859	0.13058	0.00469	0.01948	0.7396	0.10565
V860	0.04033	0.14664	0.06354	0.62664	0.12285
V861	0.14329	0.01423	0.13042	0.64969	0.06237
V862	0.05441	0	0.01319	0.16615	0.76624
V863	0.06101	0.87762	0.01666	0.01553	0.02919
V864	0.0382	0	0.89818	0.05942	0.0042
V865	0.08379	0	0.65707	0.2423	0.01684
V866	0.03316	0.03853	0.65301	0.22937	0.04593
V867	0.54273	0.02141	0	0.03183	0.40404
V868	0.23635	0.22928	0.39873	0.10387	0.03178
V869	0.00725	0	0.01421	0.11413	0.8644
V870	0.2623	0.16833	0.07284	0.24678	0.24975
V871	0.03234	0.03395	0.08869	0.15709	0.68793
V872	0.38436	0.04039	0.00678	0.47221	0.09626
V873	0.06202	0.33404	0.14441	0.35513	0.10441
V874	0.07946	0.03262	0.00059	0.10067	0.78666
V875	0.01383	0.18025	0.01882	0.47456	0.31254
V876	0.44889	0.05256	0.0507	0.04651	0.40135
V877	0.22945	0.63624	0.03334	0.07796	0.02301
V878	0.04697	0.68942	0.03732	0.19187	0.03442
V879	0.92128	0.04287	0.00978	0.01322	0.01285
V880	0.07566	0.07105	0.0244	0.42469	0.4042
V881	0.00825	0	0.50606	0.04549	0.4402
V882	0.05459	0.49069	0.01275	0.40636	0.0356
V883	0.4991	0.18417	0.0058	0.17656	0.13437
V884	0	0	0	0.11932	0.88068
V885	0.16528	0.05741	0.37932	0.12816	0.26982
V886	0	0	0.02264	0.26588	0.71149
V887	0.10339	0.84467	0.00783	0.00808	0.03602
V888	0.05859	0.10167	0.05425	0.65943	0.12606
V889	0.12819	0.79197	0.03613	0.02406	0.01966
V890	0.03151	9e-04	0.1409	0.63605	0.19064
V891	0.00427	0.03047	0.95082	0.01165	0.00279
V892	0.5787	0.24719	0.01383	0.01163	0.14865
V893	0.15189	0.18144	0.5097	0.07859	0.07839
V894	0.10545	0.53685	0.04267	0.24243	0.07259
V895	0.69853	0	0.28586	0.009	0.0066
V896	0.21487	0.23074	0.23491	0.29008	0.0294
V897	0	0	0.03823	0.74615	0.21563
V898	0.3563	0	0.00363	0.07465	0.56542
V899	0.55899	0.3246	0.07856	0	0.03785
V900	0.26172	0.24171	0.27307	0.18512	0.03839
V901	0.66371	0.0545	0	0.17664	0.10515
V902	0.85038	0.04683	0.01542	0.03243	0.05494
V903	0.27629	0.07141	0.06819	0.49659	0.08753
V904	0.72762	0.09705	0.15672	0	0.01861
V905	0.03094	0.31205	0.05933	0.32298	0.2747
V906	0.15229	0.03314	0.4555	0.09289	0.26618
V907	0.71105	0.1166	0.06236	0.05545	0.05455
V908	0.03348	0.34422	0.04507	0.47117	0.10606
V909	0.0193	0.1132	0.01239	0.7001	0.15502
V910	0.66289	0.17787	0.00616	0.06152	0.09156
V911	0.04636	0.25107	0.50768	0.02116	0.17372
V912	0.03035	0.00426	0.14055	0.13289	0.69195
V913	0.14136	0.01354	0.07123	0.65007	0.12379
V914	0.76664	0.03502	0.00642	0.12037	0.07155
V915	0.17816	0.16776	0.04357	0.06341	0.5471
V916	0.79193	0.01365	0.11379	0.00388	0.07675
V917	0.41408	0.02856	0	0.05929	0.49807
V918	0.5908	0.14409	0.21882	0.02203	0.02426
V919	0.4217	0.16877	0.00544	0.27029	0.13379
V920	0.18608	0	0.11789	0.63557	0.06046
V921	0.18134	0.17328	0.10198	0.0486	0.4948
V922	0.03764	0	0.68654	0.02069	0.25514
V923	0.14803	0.46371	0.01612	0.07423	0.29791
V924	0.50311	0.10973	0	0.24629	0.14088
V925	0.14948	0.11042	0.47859	0.16333	0.09818
V926	0.01488	0.00585	0.00266	0.11463	0.86197
V927	0.52984	0.26379	0.10751	0.07772	0.02114
V928	0.12121	0.26432	0.20749	0.18414	0.22284
V929	0.05595	0.24694	0.00132	0.07355	0.62224
V930	0.0625	0	0.05109	0.09294	0.79346
V931	0.46462	0.13404	0.00476	0.0696	0.32698
V932	0.04643	0.09983	0.0403	0.32883	0.48461
V933	0.27949	0	0.04221	0.28692	0.39138
V934	0.68023	0.05545	0.26431	0	0
V935	0.57735	0.11019	0.12368	0.0583	0.13048
V936	0.31404	0.06184	0.11484	0.42876	0.08053
V937	0.14255	0.69376	0.09065	0.0374	0.03564
V938	0.09625	0.86401	0.02404	0.01143	0.00427
V939	0	0	0.00787	0.34088	0.65124
V940	0.5532	0.07595	0.0772	0.06343	0.23021
V941	0.01841	0.11887	0.1158	0.45975	0.28716
V942	0.73789	0.24925	0.00161	0.00805	0.0032
V943	0.04479	0.081	0.04621	0.09374	0.73426
V944	0.3483	0.01822	0.11534	0.46388	0.05426
V945	0.05746	0.25581	0.58061	0.04008	0.06604
V946	0.0432	0.48434	0.45758	0.00575	0.00913
V947	0.36704	0.0139	0.01945	0.14896	0.45065
V948	0.08514	0.69399	0.03437	0.10967	0.07684
V949	0.87238	0.10124	0.02583	0	0.00054
V950	0.06636	0.0062	0.0222	0.82771	0.07753
V951	0.30704	0.01236	0	0.49917	0.18144
V952	0.12934	0.02339	0.04331	0.61906	0.1849
V953	0.47769	0.09465	0	0.3532	0.07447
