CD56NK	CD4MemoryT	CD19B	CD14
V1	0.57803	0	0.13032	0.29165
V2	0.14674	0.03882	0.03028	0.78416
V3	0.0588	0.58925	0.00397	0.34798
V4	0.90266	0.08099	0	0.01635
V5	0.1187	0.46421	0.23479	0.1823
V6	0.08023	0.88945	0.01487	0.01545
V7	0.15248	0.30212	0.0585	0.4869
V8	0.13582	0.02128	0.81325	0.02964
V9	0.24694	0.17065	0.01997	0.56244
V10	0.01737	0.02656	0.90325	0.05282
V11	0.23614	0.34423	0.41963	0
V12	0.02521	0.6103	0.35746	0.00703
V13	0.28736	0.69647	0.00126	0.01491
V14	0.07158	0.92087	0.00582	0.00174
V15	0.12714	0.59942	0.09746	0.17597
V16	0.94809	0.02064	0.00711	0.02416
V17	0.09133	0.88411	0.00886	0.0157
V18	0.63351	0.30735	0.02718	0.03196
V19	0.16876	0.81986	0.00344	0.00793
V20	0.17626	0.41285	0.00788	0.40302
V21	0.13702	0.04353	0.79108	0.02838
V22	0.02562	0.04561	0.16455	0.76422
V23	0.42339	0.03146	0.54364	0.00152
V24	0.95979	0.02217	0.01803	0
V25	0.38104	0.18061	0.09896	0.33939
V26	0.42999	0.33912	0.00721	0.22367
V27	0.09694	0.01682	0.01251	0.87374
V28	0.00919	0.0597	0.9301	0.00102
V29	0.48841	0.01574	0.47064	0.02522
V30	0.10468	0.15886	0.24707	0.48939
V31	0.21979	0.1429	0.26924	0.36807
V32	0.07961	0	0.02224	0.89815
V33	0.0461	0.50137	0.34748	0.10504
V34	0.13648	0.03036	0.80425	0.0289
V35	0.17575	0.7383	0.06234	0.02362
V36	0.01173	0.01499	0.43488	0.5384
V37	0.58021	0.03222	0.06561	0.32196
V38	0.43572	0	0.13153	0.43276
V39	0.18208	0.5624	0.1058	0.14972
V40	0.10581	0.83292	0.06127	0
V41	0.01089	0.65629	0.03055	0.30227
V42	0.22741	0.00299	0.16683	0.60277
V43	0.14591	0.32264	0.50585	0.0256
V44	0.01508	0.0522	0.7414	0.19132
V45	0.10418	0.60494	0.20055	0.09032
V46	0.8618	0.04629	0.09021	0.0017
V47	0.51688	0.14814	0.29067	0.04432
V48	0.85312	0.13159	0	0.01529
V49	0.78188	0.1414	0	0.07673
V50	0.06936	0.86393	0.0662	0.00052
V51	0.35574	0.38601	0.23478	0.02346
V52	0.02513	0.09091	0.85427	0.0297
V53	0.78803	0.09242	0.11955	0
V54	0.48657	0.15482	0.34339	0.01522
V55	0.22582	0.07967	0.20682	0.48769
V56	0.04827	0	0.06052	0.89122
V57	0.10245	0.87456	0.01518	0.00781
V58	0.65366	0	0.02155	0.32479
V59	0.49108	0.38283	0.08346	0.04263
V60	0.13898	0.10411	0.29769	0.45922
V61	0.85909	0.06383	0.00055	0.07653
V62	0.93032	0.01644	0.04429	0.00895
V63	0.01756	0.86772	0.09937	0.01535
V64	0.01146	0.85248	0	0.13606
V65	0.02662	0	0.0733	0.90008
V66	0.23519	0.69078	0.01107	0.06296
V67	0.17212	0.31173	0.50914	0.00702
V68	0.15871	0.08661	0.01041	0.74427
V69	0.0244	0.29141	0.63538	0.0488
V70	0.61317	0.10596	0.15091	0.12996
V71	0.17129	0.03746	0.34344	0.44781
V72	0.63964	0.10699	0.06779	0.18558
V73	0.16859	0.62574	0.11674	0.08892
V74	0.06127	0.21176	0.72696	0
V75	0.75939	0	0.15265	0.08796
V76	0.01098	0.11268	0.14831	0.72803
V77	0.04522	0.2241	0.00148	0.7292
V78	0.33009	0.06732	0.15246	0.45012
V79	0.00826	0.07542	0.821	0.09532
V80	0.3879	0.00919	0.51507	0.08784
V81	0.05869	0.14377	0.79569	0.00185
V82	0.00323	0.06819	0.92303	0.00555
V83	0.13655	0.11589	0.05083	0.69673
V84	0.41585	0.01489	0.12778	0.44147
V85	0.11883	0.28287	0.39773	0.20057
V86	0.04427	0.04172	0.87315	0.04086
V87	0.03542	0.8602	0.04012	0.06426
V88	0.1678	0.02456	0.23089	0.57674
V89	0.02842	0	0.16443	0.80715
V90	0.02822	0.92054	0.04328	0.00796
V91	0.03497	0.77506	0.16547	0.0245
V92	0.50279	0.00728	0.34835	0.14157
V93	0.9052	0.00317	0	0.09164
V94	0.02275	0.39118	0.01149	0.57458
V95	0.29222	0.4104	0.13393	0.16346
V96	0.07496	0.05074	0.01613	0.85816
V97	0.75532	0.07345	0.17032	0.00091
V98	0.73201	0.25978	0	0.00821
V99	0.85735	0.02716	0.11375	0.00174
V100	0.07905	0.0306	0.87004	0.02031
V101	0.03558	0.00961	0.01398	0.94082
V102	0.95841	0.03172	0	0.00986
V103	0.02517	0.01266	0.06848	0.89369
V104	0.0318	0.95903	0.00686	0.00231
V105	0.06121	0.92625	0.01096	0.00158
V106	0.1303	0.52659	0.3078	0.03531
V107	0.21075	0.16822	0.57348	0.04756
V108	0.16333	0.76141	0.07526	0
V109	0.0157	0.11998	0.58929	0.27503
V110	0.05734	0.89943	0.02777	0.01545
V111	0.94943	0	0.0469	0.00367
V112	0.13309	0.03162	0.40001	0.43529
V113	0.19582	0.0579	0.14299	0.60329
V114	0.24761	0.01187	0.05551	0.685
V115	0.00918	0.78813	0.20245	0.00024
V116	0.15859	0.28045	0.36142	0.19954
V117	0.74306	0.20625	0.01888	0.03181
V118	0.17666	0.55755	0.0217	0.2441
V119	0.11538	0.03301	0.03208	0.81953
V120	0.08053	0.05763	0.85133	0.01051
V121	0.65841	0.0805	0.06664	0.19445
V122	0.98323	0.00286	0.00369	0.01022
V123	0.01258	0.46878	0.03001	0.48862
V124	0.70663	0.2434	0	0.04997
V125	0.44164	0.3949	0.14924	0.01422
V126	0.04653	0.0905	0.033	0.82997
V127	0.16748	0.01756	0.21913	0.59582
V128	0.03857	0	0.08357	0.87786
V129	0.65587	0.18967	0.13116	0.02329
V130	0.00748	0.68648	0.30589	0.00015
V131	0.02831	0.89849	0	0.0732
V132	0.96922	0.00062	0.01347	0.01669
V133	0.95331	0.00586	0.03143	0.00939
V134	0.11853	0.34669	0.10485	0.42993
V135	0.07942	0	0.14438	0.77619
V136	0.26287	0.34927	0.0022	0.38566
V137	0.71753	0.01663	0.20438	0.06146
V138	0.23974	0.37113	0.15578	0.23335
V139	0.39817	0.15659	0.16749	0.27774
V140	0.03865	0.04522	0.03701	0.87913
V141	0.06616	0.1178	0.53857	0.27747
V142	0.82895	0.00518	0.16587	0
V143	0.48014	0.20635	0.04734	0.26618
V144	0.17303	0.10276	0.13676	0.58745
V145	0.00211	0.79517	0.20221	0.00051
V146	0.06277	0	0.02409	0.91314
V147	0.95145	0.00907	0.00707	0.03241
V148	0.13629	0.04868	0.56972	0.24532
V149	0.29357	0.5141	0.19233	0
V150	0.09183	0.21449	0.60919	0.08449
V151	0.22795	0.618	0.02268	0.13137
V152	0.26737	0.43158	0.19884	0.10221
V153	0.11217	0.75824	0.01164	0.11794
V154	0.27626	0.452	0.24808	0.02366
V155	0.54212	0.10433	0.25535	0.09821
V156	0.03413	0.1097	0.71136	0.14481
V157	0.34484	0.11386	0.2855	0.2558
V158	0.03461	0	0.02542	0.93998
V159	0.91925	0.04048	0	0.04027
V160	0.71857	0	0.04051	0.24091
V161	0.20877	0	0.0197	0.77153
V162	0.0715	0.23938	0.05985	0.62927
V163	0.10541	0.475	0.14578	0.27381
V164	0.38305	0.25985	0.08234	0.27475
V165	0.02261	0.20817	0	0.76922
V166	0.02408	0.05322	0.05177	0.87093
V167	0.34498	0	0.00034	0.65468
V168	0.31929	0.56644	0.06046	0.05381
V169	0.19159	0.01851	0.02318	0.76672
V170	0.10707	0.00944	0.49422	0.38927
V171	0.14418	0.21561	0.60299	0.03722
V172	0.76896	0.00328	0.22558	0.00219
V173	0.03848	0.09282	0.02755	0.84115
V174	0.02908	0.1084	0.0546	0.80792
V175	0.06291	0.01833	0.77889	0.13987
V176	0.00941	0.84482	0.14534	0.00043
V177	0.01371	0.97383	0.00212	0.01034
V178	0.01049	0.75836	0.00094	0.23021
V179	0.16416	0.00019	0.34259	0.49306
V180	0.03328	0.90399	0.06273	0
V181	0.17896	0.10105	0.53736	0.18264
V182	0.34616	0.14716	0.4492	0.05748
V183	0.19139	0.80381	0.00366	0.00113
V184	0.98438	0.0112	0.00425	0.00017
V185	0.61445	0.3799	0.00512	0.00053
V186	0.13086	0.48003	0.24656	0.14255
V187	0.97705	0.00389	0.01516	0.0039
V188	0.06602	0.1743	0	0.75968
V189	0.84751	0.00401	0.0057	0.14278
V190	0.71447	0.0091	0.27469	0.00174
V191	0.21116	0.17969	0.57259	0.03656
V192	0.33683	0.4346	0.0348	0.19377
V193	0.66348	0.01297	0.19873	0.12481
V194	0.03949	0.93915	0.00467	0.01669
V195	0.01159	0.04452	0.93782	0.00608
V196	0.02916	0.03689	0.01298	0.92097
V197	0.41954	0.01773	0.01298	0.54975
V198	0.06895	0.5163	0.35684	0.05791
V199	0.16678	0.00266	0.14056	0.69
V200	0.13741	0.53694	0.00894	0.31671
V201	0.10494	0.56066	0.16863	0.16577
V202	0.01635	0.02117	0.76236	0.20013
V203	0.18437	0.42635	0.37423	0.01505
V204	0.01429	0.49032	0.00048	0.49491
V205	0.0172	0.05706	0.91367	0.01207
V206	0.04741	0.08991	0.85972	0.00296
V207	0.137	0.13299	0.03617	0.69384
V208	0.27828	0.05461	0.65842	0.00869
V209	0.3396	0.43915	0.05071	0.17054
V210	0.09051	0.79329	0.07184	0.04435
V211	0.42155	0	0.01906	0.5594
V212	0.56498	0.02731	0.3919	0.01581
V213	0.68185	0.00634	0.07989	0.23192
V214	0.36369	0.11301	0.13371	0.38958
V215	0.29576	0.05111	0.00911	0.64402
V216	0.0491	0	0.02205	0.92886
V217	0.04738	0.47989	0.21152	0.26121
V218	0.10594	0.42176	0.145	0.32729
V219	0.11353	0.61822	0.00423	0.26402
V220	0.00933	0.82818	0.00197	0.16052
V221	0.82274	0	0	0.17726
V222	0.35941	0.09723	0.34075	0.20261
V223	0.00745	0.11865	0.78961	0.08429
V224	0.97766	0.00773	0.01461	0
V225	0.0602	0.89562	0.04332	0.00086
V226	0.34302	0.06813	0.58068	0.00816
V227	0.83801	3e-05	0.1535	0.00847
V228	0.835	0.03561	0.04213	0.08726
V229	0.01743	0.03553	0.92487	0.02217
V230	0.03287	0.00597	0.02171	0.93945
V231	0.02401	0.21802	0.0861	0.67187
V232	0.04771	0.6267	0	0.32559
V233	0.62911	0.05413	0.16599	0.15077
V234	0.03845	0.93093	0.02238	0.00823
V235	0.41991	0.04759	0.50703	0.02547
V236	0.04349	0.05809	0.81462	0.0838
V237	0.15742	0	0.02203	0.82055
V238	0.14266	0.57028	0.24184	0.04522
V239	0.0703	0.34808	0.00973	0.57189
V240	0.54385	0.02432	0.38813	0.0437
V241	0.01624	0.0255	0.88473	0.07354
V242	0.1392	0.78137	0.0728	0.00664
V243	0.26364	0.03339	0.62332	0.07965
V244	0.22003	0.01292	0.67661	0.09044
V245	0.66509	0.25119	0.03217	0.05155
V246	0.05726	0.13517	0.7892	0.01837
V247	0.18207	0.03558	0.78235	0
V248	0.03509	0.00755	0.03705	0.92031
V249	0.00143	0.04347	0.88138	0.07371
V250	0.81555	0.00204	0.1802	0.00221
V251	0.96725	0.0289	0	0.00386
V252	0.01392	0.85702	0.12906	0
V253	0.38608	0.03518	0.1296	0.44913
V254	0.01181	0.94868	0.03796	0.00155
V255	0.04956	0.91537	0	0.03507
V256	0.19767	0.18473	0.52322	0.09437
V257	0.4651	0.06374	0.20163	0.26952
V258	0.19943	0.23463	0.42038	0.14556
V259	0.03416	0.28186	0.64622	0.03776
V260	0.00159	0.28596	0.71073	0.00172
V261	0.67232	0.01069	0.1597	0.15729
V262	0.09717	0.02316	0.01185	0.86782
V263	0.02113	0.95905	0.00173	0.01809
V264	0.16801	0.01912	0.39622	0.41665
V265	0.03808	0	0.10738	0.85455
V266	0.67796	0.31998	0.00206	0
V267	0.00702	0.12722	0.2484	0.61735
V268	0.39515	0.00143	0.10892	0.49449
V269	0.00684	0.57386	0.37275	0.04655
V270	0.70542	0.00838	0.20534	0.08085
V271	0.85186	0.03566	0.0163	0.09618
V272	0.05655	0.83005	0.00681	0.10659
V273	0.06075	0.00081	0.02887	0.90957
V274	0.74739	0	0.14428	0.10833
V275	0.005	0.04946	0.93876	0.00678
V276	0.5499	0.28943	0.00145	0.15923
V277	0.04062	0.14928	0.12944	0.68067
V278	0.03918	0.02665	0.24936	0.68481
V279	0.74815	0.02837	0.08046	0.14302
V280	0.03461	0	0.02542	0.93998
V281	0.57781	0.00709	0.10643	0.30867
V282	0.05421	0.0591	0.82489	0.0618
V283	0.23094	0.56685	0.04413	0.15807
V284	0.02955	0.92525	0.04417	0.00103
V285	0.08044	0.03933	0.88023	0
V286	0.27293	0.5419	0.08637	0.0988
V287	0.10193	0.87377	0.00869	0.01561
V288	0.01706	0.24013	0.41117	0.33164
V289	0.32361	0.18706	0.40874	0.08059
V290	0.85497	0.13917	0.00587	0
V291	0.54382	0.05143	0.39692	0.00783
V292	0.95124	0	0	0.04876
V293	0.32258	0.0178	0.62311	0.0365
V294	0.09282	0.30849	0	0.59869
V295	0.02317	0.12115	0.15727	0.69841
V296	0.19314	0.09748	0.61578	0.0936
V297	0.07497	0	0.0523	0.87273
V298	0.33236	0.08486	0.57476	0.00802
V299	0.07425	0.21114	0.00601	0.7086
V300	0.01454	0.00799	0.19286	0.78461
V301	0.12549	0.09039	0.6528	0.13132
V302	0.69214	0.29987	0	0.008
V303	2e-04	0.61806	0.35599	0.02575
V304	0.05279	0.02409	0.73363	0.18949
V305	0.12675	0.1231	0.44524	0.30492
V306	0.86949	0.05984	0.02984	0.04083
V307	0.01974	0.96008	0.01116	0.00902
V308	0.25081	0.18568	0.27291	0.2906
V309	0.35548	0.25578	0.0127	0.37605
V310	0.08164	0.26106	0.12186	0.53545
V311	0.55407	0.44455	0.00075	0.00063
V312	0.10272	0.76572	0.11691	0.01465
V313	0.0207	0.06739	0.01635	0.89556
V314	0.01945	0.43821	0.0872	0.45514
V315	0.12674	0.6063	0.02247	0.24448
V316	0.34442	0.09938	0.36529	0.19091
V317	0.09075	0.69658	0.03089	0.18178
V318	0.0382	0.51305	0.00364	0.44511
V319	0.05542	0.05585	0.85892	0.0298
V320	0.07749	0.11751	0.66018	0.14482
V321	0.66791	0.33	0.00209	0
V322	0.20409	0.26413	0.04951	0.48227
V323	0.05571	0	0.06585	0.87844
V324	0.72657	0.21192	0.04699	0.01452
V325	0.32856	0.6327	0.03873	0
V326	0.00378	0.53117	0.07051	0.39454
V327	0.02841	0.09116	0.07808	0.80234
V328	0.04341	0.02347	0.73129	0.20183
V329	0.17218	0.06596	0.13499	0.62686
V330	0.40751	0.00033	0.29397	0.29819
V331	0.34525	0.04459	0.02577	0.58438
V332	0.02109	0.01773	0.14833	0.81285
V333	0.46656	0.04948	0.36138	0.12259
V334	0.37007	0.00065	0.31643	0.31284
V335	0.02505	0.3144	0.51519	0.14536
V336	0.18597	0.69597	0.011	0.10706
V337	0.31866	0.3896	0.26803	0.02371
V338	0.00644	0.98272	0.00749	0.00336
V339	0.13006	0.0272	0.83909	0.00366
V340	0.05594	0.19276	0.52453	0.22677
V341	0.03363	0.0065	0.04915	0.91073
V342	0.25867	0.007	0.58719	0.14714
V343	0.98407	0.01168	0	0.00425
V344	0.73202	0.12083	0.14714	0
V345	0.01661	0.05395	0.92906	0.00039
V346	0.24003	0.07304	0.24988	0.43706
V347	0.04643	0	0.09691	0.85667
V348	0.05826	0.66162	0.11686	0.16327
V349	0.38828	0.13057	0.36686	0.11429
V350	0.03148	0.82211	0.1464	0
V351	0.02103	0.01235	0.34949	0.61713
V352	0.04304	0.02633	0.84753	0.08311
V353	0.91932	0.00636	0.01707	0.05725
V354	0.04641	0.72154	0.19719	0.03486
V355	0.29528	0.05083	0.43899	0.21489
V356	0.03938	0	0.07517	0.88545
V357	0.11829	0.29156	0.25569	0.33445
V358	0.56585	0.06028	0.02952	0.34435
V359	0.58389	0.02312	0.0161	0.37689
V360	0.58997	0.39362	0.00974	0.00667
V361	0.00024	0.46209	0.53677	0.00091
V362	0.00609	0.97749	0.0135	0.00292
V363	0.17664	0.0844	0.45064	0.28832
V364	0.16008	0.05074	0.68411	0.10508
V365	0.25398	0.00154	0.00651	0.73796
V366	0.08003	0.68519	0.06237	0.17242
V367	0.58939	0.09045	0	0.32016
V368	0.09031	0.74856	0.06233	0.09881
V369	0.01668	0.40588	0.57703	4e-04
V370	0.33335	0.24943	0.39254	0.02468
V371	0.19872	0.72029	0.01761	0.06338
V372	0.15574	0.01944	0.08953	0.73529
V373	0.07847	0.10168	0.45126	0.36859
V374	0.81504	0.01038	0.17458	0
V375	0.04547	0.01026	0.1121	0.83217
V376	0.03934	0.00389	0.07431	0.88246
V377	0.79212	0	4e-05	0.20784
V378	0.01374	0.01308	0.35864	0.61455
V379	0.34022	0.13808	0.00156	0.52014
V380	0.1459	0.03598	0.16147	0.65666
V381	0.76755	0	0.063	0.16946
V382	0.08304	0.04118	0.87227	0.00351
V383	0.85878	0	0.02822	0.113
V384	0.59018	0.04169	0.10022	0.26791
V385	0.90011	0.00176	0.04905	0.04909
V386	0.29349	0	0.10906	0.59745
V387	0.64981	0.10756	0.15859	0.08404
V388	0.41602	0.28972	0.12056	0.1737
V389	0.44423	0.49035	0.00343	0.06198
V390	0.32588	0.23586	0.43827	0
V391	0.41701	0.05932	0.0063	0.51737
V392	0.46545	0.17385	0.13699	0.22371
V393	0.31104	0.19151	0.32958	0.16786
V394	0.09213	0.16657	0.08518	0.65612
V395	0.2398	0.36269	0.1766	0.22092
V396	0.01163	0.96522	0.00559	0.01755
V397	0.84052	0.05502	0.07261	0.03184
V398	0.46868	0.08894	0.06894	0.37344
V399	0.20825	0.55388	0.12539	0.11249
V400	0.00394	0.54814	0.04582	0.4021
V401	0.03473	0.13503	0.74588	0.08436
V402	0.83094	0.14622	0.02284	0
V403	0.03416	0.00067	0.056	0.90917
V404	0.0913	0.17045	0.63029	0.10796
V405	0.21433	0.00757	0.13044	0.64765
V406	0.6922	0.20091	0.00584	0.10105
V407	0.00644	0.98272	0.00749	0.00336
V408	0.09259	0.20472	0.38052	0.32218
V409	0.02813	0.00282	0.02638	0.94266
V410	0.09083	0.87271	0.02122	0.01524
V411	0.42304	0	0	0.57696
V412	0.15962	0.05152	0.47815	0.3107
V413	0.05804	0.46	0.1557	0.32627
V414	0.03506	0.50996	0.31216	0.14282
V415	0.46109	0.01116	0.19456	0.3332
V416	0.01304	0.08995	0.89701	0
V417	0.40224	0.59573	0.00143	6e-04
V418	0.0716	0.05768	0.10848	0.76223
V419	0.0336	0	0.03073	0.93566
V420	0.00311	0.89356	0.00887	0.09446
V421	0.15855	0.03482	0.67802	0.12861
V422	0.05301	0.02652	0.01149	0.90899
V423	0.07905	0.0306	0.87004	0.02031
V424	0.00305	0.03633	0.58825	0.37238
V425	0.05614	0.2122	0.61021	0.12145
V426	0.08776	0.04152	0.79883	0.07189
V427	0.06958	0.35664	0.16447	0.40932
V428	0.08919	0.7862	0.03901	0.0856
V429	0.03218	0	0.03592	0.9319
V430	0.80323	0.12241	0.00599	0.06837
V431	0.17953	0.01448	0.41649	0.38949
V432	0.10465	0.0478	0.03194	0.81561
V433	0.05808	0.71155	0	0.23037
V434	0.33287	0.03763	0.03264	0.59686
V435	0.51358	0	0.08961	0.39681
V436	0.37405	0	0.08384	0.54211
V437	0.23035	0.16744	0	0.60221
V438	0.64734	0.11027	0.01669	0.2257
V439	0.04196	0.05647	0.00931	0.89227
V440	0.47913	0.01109	0.01766	0.49212
V441	0.06613	0.1023	0.59378	0.23778
V442	0.34753	0.30049	0.11185	0.24013
V443	0.77022	0	0.06233	0.16745
V444	0.01661	0.05395	0.92906	0.00039
V445	0.66272	0.01122	0.30174	0.02431
V446	0.0359	0.84928	0.04012	0.0747
V447	0.68857	0.06234	0.14506	0.10403
V448	0.02743	0.03038	0.15546	0.78672
V449	0.60911	0.02368	0.26125	0.10596
V450	0.15087	0.83674	0.01239	0
V451	0.95106	0.03187	0	0.01707
V452	0.04153	0	0.05577	0.90269
V453	0.86224	0.04544	0.04258	0.04975
V454	0.00425	0.94947	0.03743	0.00885
V455	0.65145	0.01929	0.26678	0.06249
V456	0.35792	0.08943	0.36277	0.18989
V457	0.0284	0.00969	0.02007	0.94184
V458	0.26715	0.16692	0	0.56594
V459	0.01605	0.81388	0.07185	0.09822
V460	0.97469	0.00143	0.01389	0.00999
V461	0.06394	0.00835	0.01227	0.91545
V462	0.34999	0.18689	0	0.46312
V463	0.27757	0.46183	0.13487	0.12573
V464	0.50903	0.05895	0	0.43202
V465	0.43192	0.38958	0.01386	0.16464
V466	0.6091	0.13572	0	0.25518
V467	0.34114	0.56541	0.0602	0.03324
V468	0.54306	0.37026	0.03434	0.05234
V469	0.02056	0.12529	0.25003	0.60412
V470	0.59682	0.08711	0.15014	0.16594
V471	0.26213	0.06024	0.02097	0.65666
V472	0.33021	0.27479	0	0.395
V473	0.10402	0.56331	0.31765	0.01502
V474	0.11078	0	0.07671	0.81251
V475	0.19266	0.35185	0.05825	0.39723
V476	0.15574	0	0.04033	0.80392
V477	0.63979	0.01763	0.17137	0.17121
V478	0.13751	0.55298	0	0.30952
V479	0.01607	0.07439	0.81465	0.09489
V480	0.08153	0.2464	0.02939	0.64267
V481	0.15181	0.02749	0.81007	0.01064
V482	0.76072	0.12269	0.08435	0.03224
V483	0.12454	0.06369	0.05166	0.76012
V484	0.03373	0.03313	0.02208	0.91106
V485	0.12436	0.72938	0.00516	0.1411
V486	0.28719	0.21397	0.10063	0.39821
V487	0.07314	0.01485	0.06388	0.84813
V488	0.00225	0.0246	0.85442	0.11873
V489	0.23035	0.0888	0.67238	0.00847
V490	0.36515	0.26411	0.04791	0.32284
V491	0.47683	0.43963	0.02106	0.06248
V492	0.02791	0.86249	0.10919	4e-04
V493	0.04038	0.00067	0.0175	0.94144
V494	0.20866	0.12991	0.51734	0.14409
V495	0.24531	0.62566	0.11473	0.0143
V496	0.28638	0.67092	0	0.0427
V497	0.01247	0.04085	0.94023	0.00645
V498	0.3129	0.06059	0.03255	0.59396
V499	0.67054	0.23335	0.09604	6e-05
V500	0.10299	0.10823	0.7504	0.03838
V501	0.02727	0	0.0396	0.93313
V502	0.60791	0.24414	0.12491	0.02305
V503	0.19596	0.05927	0.16388	0.58089
V504	0.24605	0.686	0.00507	0.06288
V505	0.2082	0.17001	0.22597	0.39582
V506	0.09277	0.22175	0.44427	0.24121
V507	0.66037	0.06502	0.09143	0.18319
V508	0.81009	0.12426	0.02463	0.04102
V509	0.23876	0.0445	0.48752	0.22922
V510	0.24598	0.5215	0.23251	0
V511	0.04943	0.36424	0.0296	0.55673
V512	0.23691	0.01773	0.05582	0.68954
V513	0.08053	0.66257	0.18911	0.06779
V514	0.03188	0.03336	0.01026	0.92449
V515	0.80952	0.0339	0.02866	0.12792
V516	0.9297	0.06668	0	0.00361
V517	0.04103	0.00654	0.20833	0.7441
V518	0.96991	0.0258	0	0.00429
V519	0.02725	0.86523	0.00208	0.10545
V520	0.02492	0.00593	0.57832	0.39083
V521	0.61458	0.03166	0.32966	0.0241
V522	0.00839	0.09912	0.55608	0.33641
V523	0.38029	0.09022	0.22773	0.30176
V524	0.00706	0.80277	0.1653	0.02487
V525	0.25724	0.14843	0.01372	0.5806
V526	0.67997	0.04596	0.0501	0.22397
V527	0.20471	0.01164	0.35832	0.42532
V528	0.10185	0.85451	0	0.04364
V529	0.05858	0.03058	0.1822	0.72864
V530	0.00598	0.18351	0.69076	0.11975
V531	0.02245	0.88311	0.09444	0
V532	0.17421	0.26733	0.0144	0.54405
V533	0.30572	0.31304	0.11278	0.26847
V534	0.00819	0.01767	0.67973	0.29441
V535	0.53339	0	0.00194	0.46467
V536	0.18799	0	0.32714	0.48487
V537	0.64803	0.22274	0.12269	0.00654
V538	0.46032	0.025	0.0597	0.45498
V539	0.29222	0.4104	0.13393	0.16346
V540	0.21326	0.69959	0.05352	0.03362
V541	0.02052	0.46378	0.04528	0.47042
V542	0.19991	0.08982	0.21898	0.49129
V543	0.89719	0	0.00145	0.10136
V544	0.1012	0.05013	0.13522	0.71345
V545	0.37142	0.09683	0.04671	0.48504
V546	0.04839	0.89908	0.05173	0.00081
V547	0.03581	0.66735	0.29003	0.00681
V548	0.16166	0.77332	0.06501	0
V549	0.3491	0.03209	0.61004	0.00877
V550	0.57765	0.00616	0	0.41619
V551	0.18653	0.7352	0.02468	0.05359
V552	0.0079	0.47851	0.00067	0.51292
V553	0.24682	0.13157	0.60504	0.01658
V554	0.05758	0.0459	0.01757	0.87895
V555	0.09305	0.18576	0.3062	0.415
V556	0.00225	0.04383	0.9209	0.03302
V557	0.83817	0.00854	0.00026	0.15303
V558	0.06705	0.78443	0.01824	0.13027
V559	0.01234	0.82186	0.1658	0
V560	0.71474	0.28351	0	0.00174
V561	0.005	0.04946	0.93876	0.00678
V562	0.81903	0	0.08475	0.09623
V563	0.26036	0.02077	0.7163	0.00257
V564	0.05719	0.07704	0.85518	0.01059
V565	0.13093	0.22843	0.35868	0.28196
V566	0.71837	0.05956	0	0.22207
V567	0.22688	0.40291	0.01427	0.35594
V568	0.22955	0	0.03579	0.73465
V569	0.67758	0.00687	0	0.31555
V570	0.02384	0.27744	0.6268	0.07192
V571	0.85293	0.08935	0	0.05772
V572	0.47591	0.00512	0.41078	0.10819
V573	0.06572	0.11844	0.00295	0.81289
V574	0.03603	0.81125	0.14577	0.00695
V575	0.02931	0.04407	0.09539	0.83122
V576	0.15892	0.8071	0.02692	0.00706
V577	0.04281	0.01747	0.1723	0.76741
V578	0.05359	0.05459	0.67282	0.219
V579	0.0092	0.90092	0.07416	0.01572
V580	0.1414	0	0.08251	0.77608
V581	0.06944	0.04164	0.00481	0.88411
V582	0.60947	0.1007	0.01637	0.27346
V583	0.00881	0.03396	0.55733	0.3999
V584	0.57804	0.12603	0.26216	0.03377
V585	0.0134	0.00316	0.39858	0.58486
V586	0.24732	0.01531	0.63572	0.10166
V587	0.28308	0.02058	0.66937	0.02696
V588	0.63778	0.01642	0.01	0.3358
V589	0.05591	0.83244	0.04717	0.06449
V590	0.04859	0.78692	0.16449	0
V591	0.01484	0.01326	0.16666	0.80524
V592	0.17017	0.04919	0.78064	0
V593	0.59993	0	0.14616	0.25391
V594	0.3766	0.26618	0.31231	0.04492
V595	0.03965	0.00427	0.02112	0.93495
V596	0.03777	0.22978	0.19431	0.53813
V597	0	0.5918	0.31691	0.09129
V598	0.0166	0.11531	0.85743	0.01066
V599	0.67336	0.28388	0.02001	0.02274
V600	0.38623	0.44723	0.03503	0.13152
V601	0.16282	0.21827	0.05831	0.5606
V602	0.04144	0.00578	0.01567	0.93712
V603	0.0186	0.30905	0.00707	0.66528
V604	0.56958	0.0935	0.3127	0.02423
V605	0.0693	0.30283	0.38632	0.24156
V606	0.77044	0.11048	3e-04	0.11878
V607	0.67063	0	0.07864	0.25073
V608	0.23473	0.12876	0.36123	0.27528
V609	0.02962	0.18413	0.20213	0.58412
V610	0.8058	0.00367	0.0631	0.12743
V611	0.27118	0	0.03482	0.694
V612	0.02482	0.08441	0.81793	0.07284
V613	0.03362	0.32974	0.59925	0.03739
V614	0.79952	0.03353	0.02858	0.13837
V615	0.1275	0.02318	0.00573	0.84359
V616	0.07862	0.69594	0.03085	0.19459
V617	0.51812	0.14239	0.33948	0
V618	0.71349	0	0	0.28651
V619	0.40365	0.01509	0.2775	0.30376
V620	0.00748	0.68648	0.30589	0.00015
V621	0.45734	0.1144	0.14387	0.28439
V622	0.39783	0.20114	0.37646	0.02456
V623	0.02899	0.03707	0.11114	0.8228
V624	0.82578	0.15871	0	0.01551
V625	0.28816	0.47489	0.07663	0.16033
V626	0.97383	0.01572	0	0.01045
V627	0.02175	0.00382	0.05901	0.91542
V628	0.01666	0.16729	0.00973	0.80632
V629	0.13119	0.25392	0.2536	0.36129
V630	0.03387	0.32592	0.59186	0.04835
V631	0.02661	0.13676	0.07758	0.75905
V632	0.59012	0	0.10291	0.30697
V633	0.00173	0.03743	0.81932	0.14152
V634	0.44228	0.24612	0.3116	0
V635	0.0279	0.73966	0.00053	0.23191
V636	0.1257	0.08895	0.64161	0.14374
V637	0.31761	0.14552	0.06338	0.47349
V638	0.40095	0.20737	0.04713	0.34455
V639	0.29147	0.42519	0.28334	0
V640	0.03488	0.13971	0.77505	0.05036
V641	0.92096	0.01878	0.01156	0.0487
V642	0.7999	0.13312	0	0.06698
V643	0.00902	0.1491	0.42467	0.41721
V644	0.93895	0.05166	0	0.00938
V645	0.29059	0.40384	0.291	0.01457
V646	0.01378	0.97603	0.00729	0.00289
V647	0.15133	0.07762	0.71124	0.05981
V648	0.45146	0.41502	0.1104	0.02313
V649	0.02436	0.06105	0.85266	0.06193
V650	0.05448	0.08221	0.79078	0.07253
V651	0.33395	0.01897	0.64489	0.00218
V652	0.088	0.06349	0.40631	0.44219
V653	0.12757	0.66897	0.07915	0.12431
V654	0.75419	0.1565	0.03805	0.05126
V655	0.03792	0.52924	0.00966	0.42318
V656	0.20856	0.2099	0.00263	0.57891
V657	0.03587	0.03587	0.01229	0.91597
V658	0.65029	0.16322	0.03805	0.14844
V659	0.35079	0.06399	0.33351	0.25172
V660	0.03054	0.95056	0.00118	0.01771
V661	0.05955	0.36679	0.03614	0.53752
V662	0.44211	0.0106	0.43761	0.10967
V663	0.25678	0.05903	0.55619	0.128
V664	0.21507	0.06041	0.67649	0.04803
V665	0.74288	0.14221	0.02429	0.09062
V666	0.58175	0	0.07105	0.3472
V667	0.8095	0.05502	0.13549	0
V668	0.12802	0.80343	0.06855	0
V669	0.25352	0.39702	0.23355	0.11591
V670	0.08184	0.90122	0	0.01694
V671	0.40543	0.25535	0.23765	0.10158
V672	0.01686	0.03951	0.91225	0.03139
V673	0.25461	0.34049	0.21038	0.19452
V674	0.76247	0.10164	0.00544	0.13044
V675	0.1462	0.29877	0.30151	0.25352
V676	0.03688	0.06609	0.07804	0.81899
V677	0.42099	0.3705	0.07463	0.13387
V678	0.54677	0.44705	0.00582	0.00036
V679	0.04671	0.3112	0.63407	0.00801
V680	0.33274	0.53997	0.1132	0.01409
V681	0.93298	0.04074	0.0022	0.02408
V682	0.11868	0.28878	0.55565	0.03688
V683	0.01903	0.96539	0.01558	0
V684	0.76075	0.11956	0.06815	0.05153
V685	0.54558	0.31232	0.09952	0.04258
V686	0.09136	0.12981	0.11902	0.65982
V687	0.04098	0	0.02155	0.93748
V688	0.39186	0.47215	0	0.13599
V689	0.23749	0	0.02945	0.73306
V690	0.51127	0.02908	0.39433	0.06532
V691	0.1667	0.02496	0.80503	0.00331
V692	0.07861	0.12359	0.7255	0.07229
V693	0.2428	0.07853	0.34076	0.33791
V694	0.01643	0.00868	0.24655	0.72835
V695	0.23232	0	0.11943	0.64825
V696	0.07587	0.04491	0.0115	0.86772
V697	0.03144	0.0237	0.01401	0.93085
V698	0.83046	0	0.00027	0.16927
V699	0.61703	0.24237	0.04703	0.09356
V700	0.22312	0.00132	0.0031	0.77246
V701	0.11627	0.50248	0.08742	0.29383
V702	0.54657	0.0432	3e-05	0.41019
V703	0.13394	0.03445	0.45945	0.37216
V704	0.85311	0.0209	0.01119	0.1148
V705	0.97244	0	0.00274	0.02481
V706	0.07572	0.04776	0.78211	0.09441
V707	0.0339	0.43569	0.49369	0.03672
V708	0.03613	0.87653	0.01361	0.07373
V709	0.14475	0.24546	0.52644	0.08335
V710	0.64744	0.16208	0.03084	0.15965
V711	0.09031	0.81324	0.07245	0.024
V712	0.83847	0.02865	0	0.13288
V713	0.45972	0.2473	0.01836	0.27461
V714	0.01082	0.6332	0.01064	0.34534
V715	0.33813	0.31125	0.28215	0.06848
V716	0.04239	0.01249	0.03454	0.91058
V717	0.08223	0.90776	0.00077	0.00924
V718	0.15546	0.56029	0.15729	0.12696
V719	0.05761	0.68854	0.02378	0.23006
V720	0.74019	0	0.19073	0.06908
V721	0.12785	0.13341	0.45985	0.2789
V722	0.09246	0.27755	0.00475	0.62524
V723	0.10649	0.04486	0.00498	0.84367
V724	0.59037	0.00541	0.05641	0.34781
V725	0.00112	0.09503	0.87285	0.031
V726	0.03853	0.32597	0.0957	0.53981
V727	0.28294	0.64643	0.07063	0
V728	0.02868	0.89449	0.07606	0.00076
V729	0.40608	0	0.12614	0.46778
V730	0.9376	0.01442	0.02405	0.02393
V731	0.02704	0.15564	0.36893	0.44839
V732	0.37597	0.05468	0.31998	0.24937
V733	0.68656	0.13955	0.0171	0.15679
V734	0.26185	0.29601	0.44214	0
V735	0.01906	0.01432	0.43755	0.52907
V736	0.13994	0	0.00842	0.85164
V737	0.36775	0.25132	0.21652	0.1644
V738	0.08108	0.31232	0.44711	0.15948
V739	0.00369	0.01188	0.562	0.42244
V740	0.88914	0.05807	0.04449	0.0083
V741	0.50637	0.06434	0.09403	0.33525
V742	0.41857	0.57201	0.00942	0
V743	0.142	0.12784	0.71265	0.01751
V744	0.56159	0.0242	0.29552	0.11869
V745	0.01601	0.70073	0.15828	0.12497
V746	0.98931	0.00555	0	0.00514
V747	0.05247	0.01203	0.68791	0.24759
V748	0.12507	0.08411	0.58148	0.20933
V749	0.28378	0.12198	0.03281	0.56143
V750	0.44243	0.42234	0.00756	0.12767
V751	0.04627	0.87362	0.02629	0.05382
V752	0.50232	0.18171	0.10736	0.20861
V753	0.03736	0.00461	0.01555	0.94248
V754	0.01147	0.92507	0	0.06346
V755	0.15549	0.15527	0.31572	0.37352
V756	0.0369	0	0.03778	0.92532
V757	0.36364	0.5685	0.04457	0.02329
V758	0.04527	0.77928	0.09882	0.07663
V759	0.12165	0.03894	0.36613	0.47327
V760	0.30196	0.03256	0.24153	0.42396
V761	0.06992	0.58392	0.25475	0.09141
V762	0.01165	0.3215	0.00756	0.65929
V763	0.40823	0.30425	0.01251	0.27502
V764	0.01065	0.92248	0.00347	0.06341
V765	0.6751	0.05215	0	0.27275
V766	0.01677	0.29003	0.42767	0.26553
V767	0.52556	0.09115	0.21369	0.16961
V768	0.05803	0.91065	0.01547	0.01586
V769	0.14714	0.82484	0.0208	0.00722
V770	0.01378	0.97603	0.00729	0.00289
V771	0.1769	0.02687	0.78614	0.01009
V772	0.14167	0.04957	0.80646	0.00229
V773	0.16876	0.81986	0.00344	0.00793
V774	0.01758	0.02988	0.91995	0.03259
V775	0.1087	0.01936	0.23912	0.63282
V776	0.46455	0.38281	0.03422	0.11843
V777	0.17112	0.07351	0.10735	0.64803
V778	0.58178	0.23144	0.04695	0.13983
V779	0.17043	0.0278	0.46998	0.33179
V780	0.11752	0.77319	0.10929	0
V781	0.05322	0.00703	0.02384	0.91591
V782	0.00821	0.11145	0.80736	0.07298
V783	0.81295	0.00292	0.0281	0.15603
V784	0.11496	0.87413	0.00977	0.00114
V785	0.03837	0.93555	0.00991	0.01617
V786	0.77942	0.1196	0.05987	0.04112
V787	0.00279	0.86029	0.13596	0.00096
V788	0.56315	0.26738	0.12648	0.04299
V789	0.07109	0.30196	0.01687	0.61007
V790	0.44929	0.00572	0.05176	0.49323
V791	0.14693	0.35309	0.31492	0.18506
V792	0.13666	0.49102	0	0.37233
V793	0.12664	0.63167	0.02254	0.21915
V794	0.04423	0.07261	0.7993	0.08387
V795	0.10464	0.01358	0.04136	0.84042
V796	0.02575	0.08513	0.86902	0.0201
V797	0.80213	0.00091	0.18832	0.00865
V798	0.67179	0.25889	0.05498	0.01435
V799	0.13797	0.7703	0.01796	0.07377
V800	0.06362	0.01514	0.48072	0.44051
V801	0.13794	0.08502	0.29387	0.48317
V802	0.03923	0.04777	0.23272	0.68028
V803	0.24249	0.5157	0.24181	0
V804	0.56358	0.00939	0.35345	0.07358
V805	0.0189	0.04995	0.93041	0.00074
V806	0.04737	0.90948	0.00881	0.03433
V807	0.25441	0.10268	0.02066	0.62224
V808	0.71287	0.22974	0.02566	0.03173
V809	0.04336	0.06004	0.8966	0
V810	0.01525	0.97824	0.00275	0.00377
V811	0.44578	0.0452	0.1683	0.34072
V812	0.5896	0.21615	0.03181	0.16243
V813	0.65834	0.15781	0.16043	0.02342
V814	0.46308	0.50609	0.03083	0
V815	0.00471	0.93247	0.06124	0.00158
V816	0.95093	0.00434	0.04473	0
V817	0.02575	0.07997	0.88319	0.01109
V818	0.02224	0.02341	0.03167	0.92269
V819	0.87707	0.05226	0.02999	0.04068
V820	0.12514	0.05706	0.01289	0.80491
V821	0.24135	0.29457	0.38256	0.08152
V822	0.06775	0.03649	0.87554	0.02023
V823	0.02431	0.17236	0.69521	0.10812
V824	0.09588	0.38099	0.52313	0
V825	0.2394	0.25368	0.23031	0.27661
V826	0.47429	0.3915	0.12811	0.0061
V827	0.40154	0.57011	0.00489	0.02346
V828	0.22362	0.11655	0.08184	0.57798
V829	0.04487	0.18378	0.02384	0.74751
V830	0.22152	0.16918	0.01407	0.59523
V831	0.81018	0.05612	0.01619	0.1175
V832	0.29389	0.37072	0.14388	0.19151
V833	0.15622	0.49298	0.15781	0.19299
V834	0.28761	0.03831	0.05526	0.61883
V835	0.39337	0.42554	0.09396	0.08713
V836	0.01172	0.63836	0	0.34993
V837	0.24015	0.34707	0.16549	0.2473
V838	0.95519	0.0272	0.01426	0.00334
V839	0.32364	0.59828	0.07808	0
V840	0.30477	0.68992	0.00532	0
V841	0.00124	0.05138	0.88462	0.06276
V842	0.38515	0.13072	0.23135	0.25278
V843	0.01541	0.03335	0.86744	0.0838
V844	0.11113	0.06173	0.34728	0.47985
V845	0.06666	0.09624	0.76479	0.07232
V846	0.00287	0.02088	0.73105	0.24521
V847	0.03214	3e-04	0.02397	0.94359
V848	0.09345	0.48689	0.14637	0.27329
V849	0.00365	0.95579	0.00534	0.03522
V850	0.98556	0	0.00409	0.01035
V851	0.36151	0.51584	0.12266	0
V852	0.10191	0.02167	0.09882	0.77759
V853	0.26837	0.19662	0.39136	0.14366
V854	0.64477	0.1272	0.07722	0.15081
V855	0.03214	3e-04	0.02397	0.94359
V856	0.04695	0.32329	0.33515	0.29461
V857	0.71858	0.13082	0.01752	0.13307
V858	0.59662	0.01221	0.38942	0.00175
V859	0.70245	0.19074	0.00586	0.10095
V860	0.1822	0.0705	0.03554	0.71176
V861	0.09362	0.35411	0.54489	0.00739
V862	0.13795	0.07858	0.73455	0.04892
V863	0.19212	0.02827	0	0.77961
V864	0.0665	0.0096	0.0382	0.8857
V865	0.10822	0	0.22445	0.66733
V866	0.77415	0.00979	0.20793	0.00812
V867	0.77115	0.01714	0.21012	0.00159
V868	0.56513	0.24145	0.1079	0.08552
V869	0.02251	0.96804	0.00709	0.00236
V870	0.10353	0.27954	0.00928	0.60765
V871	0.00365	0.95579	0.00534	0.03522
V872	0.01987	0.00127	0.21002	0.76885
V873	0.92503	0.01334	0.02955	0.03208
V874	0.20483	0.77197	0.0232	0
V875	0.02242	0.14092	0.16823	0.66843
V876	0.17194	0.31055	0.41121	0.1063
V877	0.04655	0.36944	0.27784	0.30618
V878	0.13929	0.8091	0.0516	0
V879	0.20162	0.68184	0.031	0.08555
V880	0.3234	0.51467	0	0.16193
V881	0.14631	0.03522	0.58826	0.2302
V882	0.83223	0	0.09196	0.07581
V883	0.3068	0.18915	0.50406	0
V884	0.02926	0.217	0	0.75374
V885	0.75164	0.18331	0.06505	0
V886	0.01608	0.34785	0.46508	0.17099
V887	0.67989	0.03637	0.12476	0.15899
V888	0.09896	0.04599	0.74927	0.10578
V889	0.94787	0.02868	0.00734	0.01611
V890	0.03389	0.12296	0.61866	0.22448
V891	0.6781	0.03289	0.24701	0.04201
V892	0.27811	0.12939	0.00191	0.59059
V893	0.63831	0.17564	0.12252	0.06353
V894	0.06787	0.30237	0.5924	0.03735
V895	0.63631	0.03751	0.16423	0.16195
V896	0.03949	0.93915	0.00467	0.01669
V897	0.72997	0.21064	0	0.05938
V898	0.44264	0	0	0.55736
V899	0.0331	0.13833	0.1102	0.71836
V900	0.08075	0.26364	0.34665	0.30895
V901	0.03672	0.82307	0.00159	0.13862
V902	0.04946	0.9126	0.03699	0.00095
V903	0.0066	0.42225	0.52321	0.04794
V904	0.0239	0.96989	0.00269	0.00352
V905	0.14012	0	0.13865	0.72123
V906	0.40861	0.05569	0.07749	0.45822
V907	0.45893	0.47968	0.00918	0.0522
V908	0.02613	0.01924	0.05444	0.90019
V909	0.13487	0.7923	0	0.07283
V910	0.15046	0	0.08967	0.75987
V911	0.55436	0.35384	0.01984	0.07196
V912	0.42649	0.28674	0.10085	0.18593
V913	0.11251	0	0.01179	0.8757
V914	0.19626	0.49639	0.27238	0.03496
V915	0.20954	0	0.00526	0.7852
V916	0.26623	0.05113	0.63567	0.04697
V917	0.75718	0.01165	0.13087	0.1003
V918	0.04657	0.63963	0.2112	0.10261
V919	0.21002	0.19728	0.27391	0.31879
V920	0.66953	0.15591	0.06977	0.10478
V921	0.03854	0.10927	0.02078	0.83141
V922	0.10576	0.46827	0.37981	0.04615
V923	0.07686	0	0.03269	0.89045
V924	0.03526	0.69111	0.24858	0.02505
V925	0.1706	0.00765	0.00927	0.81248
V926	0.19078	0.00063	0.01994	0.78864
V927	0.03367	0.01295	0.04177	0.91161
V928	0.04666	0.88722	0.00295	0.06317
V929	0.05818	0.63353	0.10714	0.20116
V930	0.5445	0.33145	0.01931	0.10474
V931	0.1451	0.25575	0.51588	0.08327
V932	0.03429	0.0935	0.59814	0.27407
V933	0.63222	0.35697	0.00382	0.00699
V934	0.01494	0.10547	0.23632	0.64327
V935	0.61536	0.12787	0.18213	0.07464
V936	0.55272	0.22235	0.00607	0.21885
V937	0.56936	0.08809	0.06037	0.28217
V938	0.39364	0.02909	0.27093	0.30635
V939	0.7797	0.00225	0.04839	0.16966
V940	0.02469	0.8139	0.12663	0.03478
V941	0.00626	0.04651	0.93963	0.0076
V942	0.78893	0.15091	0.04541	0.01475
V943	0.43309	0.10622	0.40431	0.05638
V944	0.02609	0.20432	0.04527	0.72432
V945	0.59417	0.31238	0.00191	0.09154
V946	0.50412	0.23317	0.22893	0.03377
V947	0.07816	0.02368	0.19168	0.70649
V948	0.36251	0.02987	0.59063	0.017
V949	0.01098	0.07104	0.16662	0.75136
V950	0.05834	0.51994	0.18866	0.23306
V951	0.86762	0.00879	0.12146	0.00212
V952	0.06839	0.08793	0.22799	0.61569
V953	0.01596	0.06004	0.89321	0.03079
V954	0.04137	0.12907	0.10989	0.71967
V955	0.1255	0.56479	0.01581	0.2939
V956	0.0348	0.0152	0.47531	0.47469
V957	0.31726	0	0	0.68274
V958	0.04038	0.00067	0.0175	0.94144
V959	0.25386	0.23777	0.42681	0.08156
V960	0.24181	0.2191	0.05666	0.48243
V961	0.14585	0.36957	0.33935	0.14523
V962	0.40044	0.14114	0.37899	0.07943
V963	0.65136	0.13371	0.13088	0.08405
V964	0.88229	0.01435	0.07139	0.03197
V965	0.05796	0.4756	0.16697	0.29948
V966	0.98149	0.0083	0	0.01022
V967	0.05395	0.02916	0.49768	0.41922
V968	0.00063	0.14147	0.78488	0.07302
V969	0.01899	0.2258	0.02466	0.73055
V970	0.03616	0.08789	0.39471	0.48124
V971	0.54631	0.06335	0.30406	0.08629
V972	0.5354	0.15071	0.03056	0.28333
V973	0.28728	0.37917	0.05803	0.27552
V974	0.00708	0.79798	0.10822	0.08673
V975	0.10577	0.28698	0.60696	0.00029
V976	0.47481	0.20182	0.09009	0.23328
V977	0.3488	0.34365	0.30755	0
V978	0.06426	0.04953	0.04802	0.83819
V979	0.84141	0.00961	0.14706	0.00193
V980	0.98931	0.00555	0	0.00514
V981	0.35431	0.02083	0.40449	0.22037
V982	0.48046	0.36561	0.05771	0.09621
V983	0.70764	0.03073	0	0.26163
V984	0.01626	0.85901	0.08996	0.03477
V985	0.07453	0.13582	0.0021	0.78755
V986	0.34612	0.49825	0.03578	0.11985
V987	0.24921	0.73499	0	0.0158
V988	0.20121	0	0.00871	0.79008
V989	0.47906	0.44826	0.05864	0.01404
V990	0.00147	0.04883	0.78427	0.16542
V991	0.67257	0.31965	0	0.00778
V992	0.20546	0.00585	0.4907	0.29798
V993	0.06763	0.74114	0.14624	0.04499
V994	0.19558	0.77729	0.02013	0.007
V995	0.77196	0.07085	0.01654	0.14065
V996	0.26201	0.07592	0.00382	0.65825
V997	0.01586	0.02428	0.81905	0.1408
V998	0.90722	0.00224	0.04164	0.0489
V999	0.12655	0.87071	0.00078	0.00196
V1000	0.29814	0.00254	0	0.69933
