CD56NK	CD4MemoryT	CD19B	CD14
V1	0.55868	0	0.13684	0.30448
V2	0.13832	0.04075	0.03137	0.78956
V3	0.0586	0.55476	0.00589	0.38075
V4	0.89983	0.07689	0	0.02329
V5	0.12088	0.42841	0.24275	0.20796
V6	0.08836	0.87034	0.01507	0.02624
V7	0.14753	0.28321	0.06324	0.50602
V8	0.14746	0	0.8118	0.04074
V9	0.23708	0.16521	0.02307	0.57465
V10	0.01644	0.00162	0.91522	0.06673
V11	0.24638	0.31729	0.43113	0.0052
V12	0.02889	0.58074	0.37505	0.01533
V13	0.3078	0.66459	0.00269	0.02492
V14	0.07933	0.91037	0.00379	0.00651
V15	0.13182	0.55793	0.10665	0.20361
V16	0.93568	0.01784	0.01415	0.03232
V17	0.10033	0.86511	0.00835	0.02621
V18	0.63449	0.28883	0.03224	0.04444
V19	0.18682	0.79475	0.00275	0.01568
V20	0.1727	0.38656	0.01111	0.42963
V21	0.14799	0.01977	0.79197	0.04027
V22	0.01747	0.04351	0.16394	0.77508
V23	0.43547	0.01224	0.54623	0.00606
V24	0.96323	0.01281	0.02353	0.00044
V25	0.36763	0.16887	0.10655	0.35694
V26	0.4254	0.31749	0.01168	0.24542
V27	0.08826	0.02046	0.00791	0.88336
V28	0.00168	0.01926	0.97803	0.00102
V29	0.49327	0.0044	0.46647	0.03585
V30	0.10132	0.14591	0.2463	0.50648
V31	0.21719	0.12771	0.26937	0.38573
V32	0.06803	0.00373	0.01577	0.91247
V33	0.04817	0.46422	0.35876	0.12885
V34	0.14696	0.00767	0.80522	0.04015
V35	0.1889	0.70459	0.06922	0.03729
V36	0.00827	0.00836	0.42369	0.55968
V37	0.55854	0.03208	0.07326	0.33612
V38	0.42158	0	0.13571	0.44271
V39	0.18617	0.52213	0.11541	0.17628
V40	0.11584	0.81695	0.06721	0
V41	0.01108	0.62085	0.03228	0.33579
V42	0.21825	0.00438	0.16804	0.60933
V43	0.1512	0.29887	0.51089	0.03904
V44	0.01508	0.03307	0.7345	0.21736
V45	0.11056	0.56459	0.21164	0.1132
V46	0.85323	0.03868	0.10277	0.00532
V47	0.51426	0.13223	0.29608	0.05743
V48	0.84816	0.12581	0.00334	0.0227
V49	0.77021	0.13742	0	0.09237
V50	0.07755	0.84171	0.07517	0.00558
V51	0.36465	0.35457	0.24426	0.03652
V52	0.02622	0.06498	0.86682	0.04197
V53	0.78466	0.08282	0.13252	0
V54	0.48908	0.13862	0.34755	0.02475
V55	0.21993	0.07024	0.2082	0.50163
V56	0.03849	0	0.0567	0.90481
V57	0.11378	0.85541	0.01525	0.01557
V58	0.6301	0	0.02813	0.34177
V59	0.49414	0.35658	0.09255	0.05674
V60	0.13525	0.09152	0.29627	0.47697
V61	0.84006	0.06137	0.0073	0.09127
V62	0.91979	0.01218	0.05426	0.01377
V63	0.02128	0.84151	0.11092	0.0263
V64	0.01237	0.82197	0	0.16566
V65	0.01338	0	0.06818	0.91845
V66	0.24612	0.6582	0.01344	0.08225
V67	0.18071	0.28845	0.51579	0.01505
V68	0.14937	0.08658	0.01139	0.75266
V69	0.02648	0.26997	0.63869	0.06486
V70	0.59792	0.09575	0.15918	0.14715
V71	0.16854	0.02993	0.33709	0.46444
V72	0.62105	0.09993	0.0763	0.20272
V73	0.17383	0.58754	0.12753	0.1111
V74	0.0641	0.18879	0.74712	0
V75	0.73672	0	0.1615	0.10178
V76	0.00439	0.10851	0.1479	0.73921
V77	0.03581	0.216	0.00107	0.74712
V78	0.31713	0.06142	0.15616	0.46529
V79	0.00665	0.05286	0.82425	0.11623
V80	0.39341	0	0.50287	0.10373
V81	0.06296	0.11875	0.81134	0.00695
V82	0.00055	0.03542	0.95531	0.00872
V83	0.12867	0.11305	0.0527	0.70558
V84	0.40079	0.01503	0.13193	0.45225
V85	0.12034	0.2597	0.39682	0.22314
V86	0.04853	0.01711	0.88098	0.05337
V87	0.03962	0.83032	0.04422	0.08584
V88	0.16347	0.02234	0.22963	0.58456
V89	0.0184	0	0.16037	0.82123
V90	0.03178	0.90507	0.04697	0.01617
V91	0.03911	0.74121	0.18084	0.03884
V92	0.49582	0.00203	0.34411	0.15804
V93	0.89133	0.00195	0	0.10672
V94	0.01855	0.3682	0.01126	0.60199
V95	0.29303	0.37864	0.14215	0.18619
V96	0.06552	0.05261	0.01288	0.869
V97	0.74895	0.06193	0.18391	0.00521
V98	0.73674	0.24899	0	0.01427
V99	0.84853	0.01945	0.12663	0.00539
V100	0.08627	0.00533	0.87937	0.02904
V101	0.0169	0.01074	0.00134	0.97102
V102	0.95375	0.02727	0.00426	0.01472
V103	0.01269	0.01506	0.06504	0.90721
V104	0.03433	0.95517	0.00379	0.00671
V105	0.06713	0.91695	0.00965	0.00626
V106	0.13708	0.48982	0.32215	0.05095
V107	0.22063	0.1482	0.56857	0.0626
V108	0.17863	0.73749	0.08388	0
V109	0.01537	0.10302	0.57837	0.30323
V110	0.06465	0.87926	0.02963	0.02645
V111	0.93825	0	0.05566	0.00609
V112	0.13179	0.02447	0.38976	0.45398
V113	0.18996	0.05414	0.14477	0.61113
V114	0.23631	0.01524	0.05838	0.69007
V115	0.01162	0.76008	0.22248	0.00581
V116	0.1584	0.25746	0.36265	0.22149
V117	0.73538	0.19581	0.02538	0.04343
V118	0.17953	0.52189	0.0252	0.27338
V119	0.10661	0.03569	0.03236	0.82534
V120	0.08605	0.03318	0.86312	0.01765
V121	0.6371	0.07503	0.07549	0.21238
V122	0.97564	0	0.00961	0.01475
V123	0.01073	0.43971	0.0313	0.51826
V124	0.70417	0.23192	0	0.06392
V125	0.44836	0.36665	0.16058	0.02441
V126	0.0355	0.09178	0.03263	0.8401
V127	0.16157	0.01656	0.21784	0.60403
V128	0.02799	0	0.08083	0.89118
V129	0.64674	0.17585	0.14305	0.03437
V130	0.01064	0.65749	0.32599	0.00588
V131	0.03085	0.87406	0	0.09509
V132	0.95737	0	0.01983	0.0228
V133	0.94335	0.00246	0.04003	0.01416
V134	0.11481	0.32235	0.11078	0.45207
V135	0.07255	0.00103	0.1426	0.78382
V136	0.25726	0.32826	0.00574	0.40874
V137	0.70069	0.01145	0.21356	0.0743
V138	0.23845	0.34394	0.16169	0.25592
V139	0.38755	0.14321	0.173	0.29624
V140	0.02768	0.04663	0.03426	0.89143
V141	0.06718	0.10099	0.52863	0.3032
V142	0.82397	0	0.17577	0.00026
V143	0.46686	0.19585	0.05329	0.284
V144	0.16736	0.09562	0.13908	0.59794
V145	0.00459	0.76781	0.22169	0.00591
V146	0.04979	0.00013	0.01677	0.93331
V147	0.93883	0.00626	0.01402	0.0409
V148	0.13942	0.03409	0.5572	0.26928
V149	0.30658	0.48175	0.20674	0.00493
V150	0.09765	0.19509	0.60263	0.10463
V151	0.2339	0.5836	0.02572	0.15678
V152	0.27128	0.39853	0.20691	0.12328
V153	0.11954	0.72281	0.01326	0.14439
V154	0.2864	0.41711	0.25932	0.03718
V155	0.53423	0.09029	0.26046	0.11501
V156	0.03476	0.08909	0.70672	0.16943
V157	0.33769	0.09965	0.28832	0.27434
V158	0.01658	0	0.01303	0.97038
V159	0.91224	0.0367	0	0.05106
V160	0.69445	0	0.0481	0.25745
V161	0.19965	0	0.01882	0.78152
V162	0.06618	0.22757	0.06203	0.64422
V163	0.10678	0.43944	0.15409	0.29969
V164	0.37375	0.24192	0.08944	0.29489
V165	0.01257	0.1999	0	0.78753
V166	0.01226	0.05464	0.04879	0.8843
V167	0.33146	0	0.00202	0.66652
V168	0.32957	0.53281	0.06664	0.07099
V169	0.18133	0.02275	0.0242	0.77171
V170	0.10821	0.00235	0.4781	0.41134
V171	0.14985	0.19827	0.60006	0.05182
V172	0.76022	0	0.23413	0.00565
V173	0.02786	0.09346	0.02563	0.85306
V174	0.01898	0.10897	0.05447	0.81757
V175	0.06735	0	0.77055	0.1621
V176	0.01202	0.82131	0.16085	0.00582
V177	0.0146	0.96779	0	0.01761
V178	0.01186	0.72254	0.00119	0.2644
V179	0.16205	0	0.33315	0.50481
V180	0.03492	0.89546	0.06962	0
V181	0.18382	0.08208	0.52882	0.20528
V182	0.35083	0.12786	0.4482	0.07311
V183	0.21097	0.78	0.00315	0.00588
V184	0.99249	0	0.00687	0.00064
V185	0.62089	0.36502	0.00884	0.00526
V186	0.13403	0.44417	0.25483	0.16696
V187	0.97266	0	0.02105	0.0063
V188	0.05626	0.17189	0	0.77185
V189	0.82373	0.00473	0.01194	0.1596
V190	0.7108	0	0.2835	0.0057
V191	0.22051	0.16069	0.56792	0.05088
V192	0.33569	0.4066	0.03924	0.21847
V193	0.64312	0.00999	0.20569	0.14119
V194	0.04412	0.92556	0.00297	0.02734
V195	0.00819	0.01297	0.96991	0.00892
V196	0.01449	0.03957	0.00446	0.94148
V197	0.40413	0.01991	0.01677	0.55919
V198	0.07255	0.48269	0.36812	0.07664
V199	0.1598	0.00446	0.14086	0.69488
V200	0.13812	0.50357	0.01148	0.34683
V201	0.10891	0.51956	0.1784	0.19312
V202	0.01474	0.00246	0.75674	0.22607
V203	0.19408	0.39614	0.38374	0.02604
V204	0.01114	0.46295	0.00044	0.52547
V205	0.01705	0.02956	0.93461	0.01878
V206	0.05145	0.06161	0.87946	0.00748
V207	0.12874	0.12997	0.03802	0.70327
V208	0.29338	0.03308	0.65785	0.0157
V209	0.33891	0.41089	0.0562	0.19399
V210	0.0989	0.75954	0.08025	0.06131
V211	0.40722	6e-05	0.0227	0.57002
V212	0.56706	0.01446	0.39425	0.02422
V213	0.65497	0.00893	0.08856	0.24754
V214	0.34955	0.1033	0.14057	0.40659
V215	0.28321	0.05253	0.01093	0.65333
V216	0.03343	0	0.01225	0.95432
V217	0.0471	0.44444	0.21867	0.28978
V218	0.10615	0.38988	0.15181	0.35216
V219	0.11589	0.58328	0.00615	0.29467
V220	0.01189	0.79512	0.00129	0.1917
V221	0.80192	0	0.00235	0.19572
V222	0.35231	0.08346	0.34231	0.22191
V223	0.00694	0.0952	0.79352	0.10433
V224	0.98149	0	0.01796	0.00055
V225	0.06632	0.88048	0.04745	0.00575
V226	0.35753	0.04795	0.57933	0.01519
V227	0.82267	0	0.16381	0.01353
V228	0.81344	0.03358	0.05083	0.10216
V229	0.01671	0.00805	0.94433	0.03092
V230	0.01553	0.00946	0.01225	0.96276
V231	0.018	0.20945	0.08773	0.68481
V232	0.04818	0.59089	0	0.36093
V233	0.61145	0.04825	0.17264	0.16766
V234	0.04363	0.91728	0.0229	0.01619
V235	0.43073	0.02921	0.5034	0.03667
V236	0.04652	0.03548	0.81476	0.10324
V237	0.14907	0	0.01984	0.83109
V238	0.14929	0.53375	0.25496	0.062
V239	0.06618	0.32822	0.01086	0.59474
V240	0.54254	0.01354	0.38787	0.05605
V241	0.01592	0.00143	0.89204	0.09061
V242	0.15175	0.75189	0.08173	0.01462
V243	0.27367	0.01636	0.61297	0.097
V244	0.22921	0	0.66338	0.10741
V245	0.65966	0.23626	0.03828	0.06579
V246	0.06146	0.11092	0.79925	0.02837
V247	0.1941	0.00842	0.79702	0.00046
V248	0.02136	0.01105	0.02964	0.93796
V249	0.00049	0.01846	0.88953	0.09151
V250	0.80409	0	0.1903	0.00561
V251	0.96528	0.02372	0.00466	0.00634
V252	0.01379	0.84146	0.14475	0
V253	0.37054	0.03326	0.13407	0.46212
V254	0.01386	0.93987	0.03984	0.00643
V255	0.05349	0.89757	0	0.04894
V256	0.20329	0.16484	0.51768	0.1142
V257	0.45289	0.05558	0.20621	0.28532
V258	0.20179	0.215	0.41654	0.16666
V259	0.0361	0.26062	0.65004	0.05323
V260	0.00156	0.26292	0.72852	0.00701
V261	0.649	0.00946	0.1679	0.17364
V262	0.08795	0.0266	0.0079	0.87755
V263	0.02348	0.94855	0	0.02796
V264	0.16816	0.01175	0.38582	0.43427
V265	0.02732	0	0.10331	0.86937
V266	0.69121	0.30439	0.00441	0
V267	0.00363	0.11957	0.24535	0.63145
V268	0.38108	0.00387	0.11343	0.50162
V269	0.00938	0.54252	0.38491	0.06319
V270	0.68644	0.00565	0.21281	0.09511
V271	0.83107	0.03337	0.02362	0.11193
V272	0.06164	0.79795	0.00688	0.13354
V273	0.04841	0.0044	0.02263	0.92455
V274	0.72379	0	0.15322	0.12299
V275	0.00057	0.01388	0.97597	0.00958
V276	0.54172	0.27276	0.00643	0.17909
V277	0.03449	0.14341	0.13013	0.69197
V278	0.03308	0.02349	0.24561	0.69782
V279	0.72465	0.02672	0.0895	0.15913
V280	0.01658	0	0.01303	0.97038
V281	0.5561	0.0084	0.11332	0.32218
V282	0.05835	0.03633	0.82713	0.07819
V283	0.23612	0.52989	0.04923	0.18476
V284	0.03252	0.91406	0.04742	0.006
V285	0.08205	0.00705	0.91018	0.00072
V286	0.27891	0.50514	0.09475	0.1212
V287	0.11232	0.85321	0.00835	0.02611
V288	0.01655	0.22329	0.40548	0.35468
V289	0.32636	0.16856	0.4067	0.09837
V290	0.85985	0.12973	0.01029	0.00013
V291	0.54782	0.03587	0.40213	0.01417
V292	0.94055	0	0	0.05945
V293	0.33542	0.00114	0.61488	0.04855
V294	0.08681	0.29262	0	0.62057
V295	0.01745	0.11649	0.15788	0.70818
V296	0.20151	0.07773	0.60734	0.11342
V297	0.06614	0	0.04797	0.88589
V298	0.34782	0.06275	0.57432	0.01511
V299	0.06565	0.20548	0.0061	0.72277
V300	0.00468	0.0082	0.18852	0.7986
V301	0.13064	0.06925	0.64513	0.15498
V302	0.69691	0.28876	0	0.01433
V303	0.00354	0.58592	0.37111	0.03943
V304	0.05543	0.00625	0.72424	0.21408
V305	0.12751	0.10785	0.43684	0.3278
V306	0.85551	0.05546	0.03765	0.05139
V307	0.02317	0.95057	0.00938	0.01688
V308	0.24717	0.16827	0.27526	0.3093
V309	0.34487	0.24202	0.01693	0.39617
V310	0.07777	0.24448	0.12576	0.552
V311	0.56475	0.4266	0.00328	0.00537
V312	0.11148	0.73228	0.13013	0.02611
V313	0.00737	0.06869	0.00937	0.91456
V314	0.01811	0.40666	0.09175	0.48348
V315	0.12916	0.57206	0.02516	0.27362
V316	0.34051	0.08493	0.36396	0.2106
V317	0.09549	0.65962	0.0333	0.2116
V318	0.03614	0.48244	0.00554	0.47588
V319	0.06007	0.03188	0.86625	0.0418
V320	0.08198	0.09672	0.65251	0.16879
V321	0.6804	0.3152	0.0044	0
V322	0.19718	0.2486	0.05407	0.50015
V323	0.04704	0.00158	0.0632	0.88818
V324	0.72244	0.19951	0.05491	0.02313
V325	0.34801	0.60349	0.04336	0.00514
V326	0.00435	0.49505	0.07345	0.42714
V327	0.01867	0.0912	0.07798	0.81214
V328	0.04424	0.00618	0.72204	0.22753
V329	0.16466	0.06132	0.13723	0.63679
V330	0.39616	0	0.29269	0.31115
V331	0.33224	0.04515	0.02895	0.59366
V332	0.01093	0.01878	0.14543	0.82486
V333	0.46445	0.03731	0.35812	0.14011
V334	0.36086	0	0.31217	0.32697
V335	0.02614	0.29018	0.51349	0.1702
V336	0.19577	0.65973	0.01315	0.13135
V337	0.32504	0.35926	0.27863	0.03706
V338	0.00678	0.98215	0.00392	0.00715
V339	0.13917	0.00157	0.85163	0.00763
V340	0.05723	0.17365	0.51694	0.25218
V341	0.0209	0.00992	0.04269	0.92649
V342	0.26287	0	0.57106	0.16608
V343	0.9838	0.00468	0.00491	0.00662
V344	0.73096	0.10916	0.15988	0
V345	0.01041	0.01635	0.97235	0.00089
V346	0.23498	0.06372	0.24964	0.45166
V347	0.03647	0	0.09435	0.86918
V348	0.06026	0.62246	0.12669	0.19059
V349	0.38648	0.11312	0.36688	0.13352
V350	0.03285	0.80416	0.16299	0
V351	0.01632	0.00757	0.3396	0.6365
V352	0.04703	0.00372	0.84759	0.10167
V353	0.90134	0.00519	0.02377	0.0697
V354	0.05078	0.68606	0.21248	0.05068
V355	0.29515	0.03862	0.43112	0.23511
V356	0.02815	0.00184	0.07211	0.8979
V357	0.11718	0.26895	0.25809	0.35578
V358	0.54609	0.05808	0.03548	0.36035
V359	0.56094	0.02564	0.02215	0.39127
V360	0.59884	0.37355	0.01401	0.01359
V361	0.00237	0.43736	0.55383	0.00644
V362	0.0068	0.97582	0.01038	0.007
V363	0.17868	0.07005	0.44129	0.30998
V364	0.16991	0.02946	0.67496	0.12566
V365	0.24297	0.00613	0.0067	0.7442
V366	0.08383	0.64672	0.06751	0.20194
V367	0.57146	0.08827	0.00133	0.33893
V368	0.0973	0.71093	0.06852	0.12325
V369	0.01765	0.38351	0.5925	0.00634
V370	0.33927	0.22785	0.39562	0.03726
V371	0.20917	0.6878	0.02022	0.08281
V372	0.14797	0.02141	0.09092	0.73971
V373	0.07846	0.08718	0.44209	0.39227
V374	0.81424	0.00034	0.18517	0.00025
V375	0.03501	0.01247	0.11016	0.84236
V376	0.02778	0.00855	0.07169	0.89198
V377	0.76732	0	0.00687	0.2258
V378	0.0089	0.00779	0.34855	0.63476
V379	0.32786	0.13526	0.0053	0.53158
V380	0.13875	0.03523	0.16297	0.66305
V381	0.74212	0.00081	0.07181	0.18526
V382	0.08908	0.01358	0.88966	0.00767
V383	0.83551	0	0.03595	0.12854
V384	0.56931	0.03974	0.10828	0.28266
V385	0.87971	0.00162	0.05845	0.06022
V386	0.28285	2e-05	0.1125	0.60463
V387	0.63509	0.09671	0.16821	0.09998
V388	0.40872	0.26766	0.129	0.19463
V389	0.45269	0.46117	0.00708	0.07906
V390	0.33816	0.2132	0.44339	0.00525
V391	0.40335	0.05874	0.0105	0.52741
V392	0.45429	0.15975	0.144	0.24197
V393	0.3082	0.1725	0.33094	0.18836
V394	0.08617	0.15988	0.08792	0.66602
V395	0.23857	0.33508	0.18347	0.24287
V396	0.01395	0.95501	0.00342	0.02762
V397	0.82505	0.04883	0.08389	0.04223
V398	0.45305	0.08263	0.07609	0.38823
V399	0.21455	0.51311	0.13611	0.13623
V400	0.00452	0.51325	0.04807	0.43417
V401	0.03549	0.11298	0.74716	0.10437
V402	0.8352	0.13671	0.02807	2e-05
V403	0.02085	0.00444	0.05037	0.92433
V404	0.09642	0.14906	0.62428	0.13024
V405	0.20546	0.00965	0.13262	0.65227
V406	0.67794	0.19111	0.01217	0.11878
V407	0.00678	0.98215	0.00392	0.00715
V408	0.09249	0.18744	0.37624	0.34383
V409	0.00941	0.00476	0.01312	0.97271
V410	0.09967	0.8522	0.02197	0.02617
V411	0.40662	0	0	0.59338
V412	0.16151	0.03899	0.46774	0.33175
V413	0.05755	0.42722	0.16181	0.35341
V414	0.037	0.47126	0.32306	0.16869
V415	0.447	0.00931	0.19691	0.34677
V416	0.00939	0.05448	0.93559	0.00054
V417	0.42097	0.57051	0.00313	0.00539
V418	0.06432	0.05629	0.10985	0.76954
V419	0.01627	0	0.01858	0.96515
V420	0.00564	0.86714	0.00767	0.11955
V421	0.16701	0.01611	0.6668	0.15008
V422	0.04052	0.03021	0.00393	0.92533
V423	0.08627	0.00533	0.87937	0.02904
V424	0.00178	0.02201	0.57469	0.40152
V425	0.05871	0.19238	0.60409	0.14482
V426	0.09458	0.01904	0.7973	0.08909
V427	0.06855	0.3296	0.169	0.43285
V428	0.09723	0.75075	0.04293	0.10909
V429	0.0157	0	0.02537	0.95893
V430	0.78648	0.1182	0.01234	0.08297
V431	0.18017	0.00638	0.40536	0.40809
V432	0.09598	0.04942	0.03223	0.82237
V433	0.06011	0.67638	0	0.26351
V434	0.31955	0.03906	0.03658	0.6048
V435	0.49525	0.00018	0.09569	0.40887
V436	0.36133	5e-05	0.08857	0.55005
V437	0.22039	0.16476	0.00042	0.61442
V438	0.62629	0.10589	0.02331	0.24451
V439	0.02946	0.05856	0.00316	0.90882
V440	0.46216	0.01407	0.02229	0.50148
V441	0.06852	0.08469	0.58325	0.26354
V442	0.33988	0.27944	0.11964	0.26105
V443	0.74578	0	0.07116	0.18306
V444	0.01041	0.01635	0.97235	0.00089
V445	0.65796	0.00266	0.30536	0.03402
V446	0.03959	0.81834	0.04392	0.09815
V447	0.66917	0.05522	0.15519	0.12043
V448	0.01782	0.03097	0.15384	0.79737
V449	0.59671	0.01692	0.26492	0.12144
V450	0.16669	0.82273	0.01058	0
V451	0.9493	0.02723	0	0.02347
V452	0.02994	0	0.05003	0.92003
V453	0.84581	0.04076	0.05161	0.06182
V454	0.00613	0.93782	0.03949	0.01657
V455	0.63984	0.01188	0.2725	0.07578
V456	0.35313	0.07573	0.36167	0.20947
V457	0.00943	0.01085	0.0071	0.97262
V458	0.25669	0.16348	0.00044	0.57938
V459	0.01973	0.77785	0.07884	0.12358
V460	0.96526	0	0.02019	0.01455
V461	0.05032	0.01108	0.00437	0.93423
V462	0.33923	0.18152	0	0.47926
V463	0.2808	0.42689	0.14367	0.14864
V464	0.49118	0.05854	0.00108	0.4492
V465	0.4311	0.36397	0.01847	0.18646
V466	0.59127	0.13281	0.00128	0.27464
V467	0.35413	0.53151	0.06697	0.0474
V468	0.5455	0.34757	0.03922	0.06771
V469	0.01705	0.11796	0.24852	0.61648
V470	0.58188	0.07742	0.15795	0.18276
V471	0.25145	0.06015	0.02299	0.66541
V472	0.32265	0.26014	0	0.41721
V473	0.11184	0.53006	0.33171	0.02639
V474	0.10445	0	0.07636	0.81918
V475	0.18847	0.32855	0.06341	0.41958
V476	0.14815	0.00073	0.03918	0.81194
V477	0.61916	0.01556	0.17794	0.18734
V478	0.13756	0.5207	0.00072	0.34102
V479	0.01533	0.05275	0.81591	0.11601
V480	0.07622	0.23542	0.03034	0.65802
V481	0.16402	0.00404	0.81467	0.01727
V482	0.74683	0.11428	0.09543	0.04345
V483	0.11605	0.06286	0.05313	0.76796
V484	0.02118	0.03554	0.0155	0.92778
V485	0.12996	0.69413	0.00667	0.16924
V486	0.27725	0.20147	0.10688	0.41439
V487	0.06433	0.01791	0.06226	0.8555
V488	0.00068	0.00149	0.85845	0.13938
V489	0.24364	0.06677	0.6737	0.01589
V490	0.35453	0.24865	0.05383	0.34299
V491	0.48437	0.41056	0.02583	0.07924
V492	0.03125	0.84029	0.12277	0.00569
V493	0.01884	0.00037	0.00252	0.97827
V494	0.21414	0.11042	0.50996	0.16549
V495	0.25619	0.59215	0.12633	0.02532
V496	0.30362	0.63877	0	0.05761
V497	0.00861	0.00737	0.97485	0.00916
V498	0.29974	0.06011	0.03608	0.60406
V499	0.67012	0.21711	0.10787	0.0049
V500	0.10941	0.08526	0.75271	0.05262
V501	0.0094	0	0.02652	0.96407
V502	0.60506	0.22438	0.13596	0.0346
V503	0.19072	0.05457	0.16533	0.58938
V504	0.25759	0.65329	0.00716	0.08196
V505	0.20329	0.15553	0.22806	0.41312
V506	0.09432	0.20329	0.43778	0.26461
V507	0.63836	0.06044	0.10053	0.20067
V508	0.7961	0.12025	0.03113	0.05252
V509	0.242	0.03209	0.47619	0.24972
V510	0.25794	0.4894	0.24762	0.00504
V511	0.04506	0.34353	0.03091	0.58049
V512	0.22637	0.02063	0.05848	0.69452
V513	0.08551	0.62502	0.20158	0.08788
V514	0.01591	0.03449	0.00035	0.94926
V515	0.78628	0.03299	0.03584	0.14489
V516	0.93291	0.06075	0	0.00634
V517	0.03331	0.00636	0.20537	0.75496
V518	0.97433	0.01849	0.00031	0.00687
V519	0.03012	0.83651	0.00153	0.13184
V520	0.02353	0	0.56005	0.41642
V521	0.61262	0.0195	0.3333	0.03459
V522	0.007	0.08285	0.5459	0.36425
V523	0.3694	0.07998	0.231	0.31962
V524	0.01103	0.76891	0.18119	0.03888
V525	0.24648	0.1447	0.01634	0.59248
V526	0.6553	0.04536	0.05812	0.24121
V527	0.20347	0.00578	0.35003	0.44072
V528	0.10949	0.83041	0	0.0601
V529	0.05299	0.03023	0.18019	0.73658
V530	0.00703	0.16451	0.68515	0.14331
V531	0.02346	0.87064	0.1059	0
V532	0.16756	0.25505	0.01677	0.56063
V533	0.29977	0.29057	0.11999	0.28967
V534	0.00702	0.00154	0.66869	0.32274
V535	0.51401	0	0.0062	0.4798
V536	0.18529	0	0.31841	0.4963
V537	0.64608	0.20552	0.13503	0.01337
V538	0.44322	0.0258	0.0653	0.46568
V539	0.29303	0.37864	0.14215	0.18619
V540	0.22616	0.6659	0.05933	0.04862
V541	0.01838	0.43513	0.04762	0.49887
V542	0.19554	0.07928	0.2194	0.50577
V543	0.87599	0	0.00757	0.11645
V544	0.09478	0.04829	0.13626	0.72067
V545	0.35761	0.09131	0.0522	0.49889
V546	0.05521	0.88226	0.05674	0.00579
V547	0.03941	0.63542	0.30998	0.0152
V548	0.17857	0.74361	0.07252	0.0053
V549	0.36553	0.0121	0.60701	0.01536
V550	0.55735	0.00949	0	0.43316
V551	0.19797	0.70315	0.02715	0.07174
V552	0.00515	0.44996	0.00051	0.54438
V553	0.25926	0.10932	0.6046	0.02682
V554	0.04765	0.04769	0.01403	0.89062
V555	0.09084	0.17048	0.30486	0.43382
V556	0.00047	0.01526	0.94051	0.04376
V557	0.81342	0.00947	0.00686	0.17025
V558	0.07245	0.74908	0.01988	0.15859
V559	0.01327	0.80322	0.18351	0
V560	0.72059	0.2736	0	0.00582
V561	0.00057	0.01388	0.97597	0.00958
V562	0.79392	0	0.0957	0.11038
V563	0.27444	0	0.71878	0.00678
V564	0.06204	0.0508	0.86941	0.01775
V565	0.12926	0.20987	0.35781	0.30306
V566	0.69788	0.05885	0.00172	0.24154
V567	0.2244	0.37637	0.01762	0.38162
V568	0.2199	0	0.03756	0.74254
V569	0.6552	0.00923	0	0.33557
V570	0.02602	0.2568	0.62595	0.09123
V571	0.84254	0.08616	0	0.0713
V572	0.47153	0	0.40449	0.12398
V573	0.05671	0.11866	0.00178	0.82285
V574	0.04133	0.78084	0.16273	0.0151
V575	0.01868	0.04533	0.09489	0.84111
V576	0.17671	0.77937	0.02896	0.01496
V577	0.03376	0.0173	0.17034	0.7786
V578	0.05576	0.03717	0.66125	0.24583
V579	0.01241	0.87848	0.08244	0.02667
V580	0.13533	0	0.08319	0.78148
V581	0.05829	0.0424	0	0.89932
V582	0.5894	0.09725	0.02302	0.29033
V583	0.00746	0.02142	0.54315	0.42797
V584	0.57264	0.11123	0.27033	0.04581
V585	0.00862	0	0.3864	0.60497
V586	0.25578	0.00066	0.62342	0.12014
V587	0.29671	0.00205	0.6632	0.03805
V588	0.61302	0.01927	0.0165	0.35121
V589	0.06282	0.79933	0.05212	0.08572
V590	0.05396	0.75766	0.18281	0.00558
V591	0.00508	0.01381	0.16207	0.81904
V592	0.18216	0.02136	0.79608	4e-04
V593	0.57809	0	0.15302	0.26889
V594	0.37938	0.24212	0.31894	0.05956
V595	0.02386	0.00677	0.01174	0.95763
V596	0.03362	0.21855	0.19443	0.55341
V597	0.00341	0.55498	0.32814	0.11347
V598	0.01671	0.08966	0.87566	0.01798
V599	0.67352	0.26702	0.02576	0.0337
V600	0.39003	0.41624	0.03946	0.15426
V601	0.1568	0.20919	0.06155	0.57247
V602	0.02434	0.00945	0.00567	0.96054
V603	0.0116	0.29319	0.00625	0.68896
V604	0.56885	0.07874	0.31735	0.03505
V605	0.06963	0.27933	0.38567	0.26537
V606	0.74953	0.10694	0.00697	0.13656
V607	0.64529	0.00061	0.08741	0.26669
V608	0.23292	0.11246	0.35921	0.29541
V609	0.02492	0.17611	0.20185	0.59712
V610	0.77982	0.00445	0.07245	0.14328
V611	0.26223	0	0.03666	0.70112
V612	0.02536	0.06095	0.82264	0.09104
V613	0.03624	0.30589	0.605	0.05287
V614	0.77585	0.03288	0.03567	0.1556
V615	0.11793	0.02617	0.00224	0.85366
V616	0.08347	0.65861	0.03314	0.22478
V617	0.5262	0.12497	0.34884	0
V618	0.69297	0	0	0.30703
V619	0.39283	0.01004	0.27865	0.31848
V620	0.01064	0.65749	0.32599	0.00588
V621	0.44461	0.10418	0.14957	0.30164
V622	0.40379	0.18192	0.37783	0.03646
V623	0.0186	0.03773	0.11064	0.83303
V624	0.82318	0.15363	0	0.02319
V625	0.2915	0.43965	0.08402	0.18483
V626	0.9745	0.01009	0	0.01541
V627	0.00759	0.00664	0.05255	0.93322
V628	0.00616	0.16688	0.00692	0.82004
V629	0.12796	0.23518	0.25587	0.38099
V630	0.0362	0.30461	0.59465	0.06454
V631	0.01837	0.13421	0.079	0.76841
V632	0.56907	0	0.11005	0.32087
V633	0.00083	0.01451	0.8191	0.16557
V634	0.45071	0.22486	0.31931	0.00512
V635	0.02883	0.70467	0.00118	0.26532
V636	0.13038	0.06905	0.63358	0.167
V637	0.30582	0.13725	0.06923	0.4877
V638	0.38612	0.1979	0.05315	0.36283
V639	0.30647	0.39691	0.29662	0
V640	0.03603	0.11762	0.78084	0.06551
V641	0.90445	0.01647	0.01885	0.06023
V642	0.78972	0.12867	0	0.08161
V643	0.00777	0.13439	0.41626	0.44157
V644	0.93388	0.04785	0.00389	0.01438
V645	0.2994	0.3734	0.30183	0.02537
V646	0.01477	0.97445	0.00377	0.00701
V647	0.16008	0.05665	0.70701	0.07625
V648	0.45917	0.38396	0.12131	0.03556
V649	0.02526	0.03903	0.85716	0.07855
V650	0.05855	0.05864	0.79216	0.09064
V651	0.34785	0	0.64555	0.00661
V652	0.08735	0.05273	0.39734	0.46257
V653	0.13356	0.62939	0.08714	0.14992
V654	0.74058	0.14925	0.0456	0.06457
V655	0.03601	0.49713	0.01131	0.45554
V656	0.19948	0.20247	0.00518	0.59287
V657	0.02215	0.03762	0.00407	0.93616
V658	0.63338	0.15483	0.04461	0.16717
V659	0.34379	0.05141	0.33473	0.27007
V660	0.03303	0.93939	0	0.02758
V661	0.0561	0.34434	0.03824	0.56132
V662	0.44126	0.00263	0.43032	0.12579
V663	0.26298	0.04153	0.54691	0.14857
V664	0.2269	0.0387	0.67232	0.06207
V665	0.72661	0.13598	0.03058	0.10682
V666	0.56026	0	0.07847	0.36127
V667	0.80885	0.04388	0.14721	5e-05
V668	0.14007	0.78311	0.07681	0
V669	0.25659	0.36641	0.2398	0.1372
V670	0.09016	0.88268	0	0.02716
V671	0.40213	0.23475	0.24283	0.12029
V672	0.01665	0.01254	0.9279	0.04291
V673	0.25291	0.31516	0.21538	0.21654
V674	0.74198	0.09785	0.01199	0.14818
V675	0.14374	0.27426	0.30623	0.27577
V676	0.02689	0.06621	0.07848	0.82841
V677	0.41877	0.34431	0.08238	0.15454
V678	0.55657	0.42942	0.00872	0.00529
V679	0.05063	0.28857	0.64456	0.01624
V680	0.34619	0.50523	0.12373	0.02485
V681	0.92295	0.03599	0.00869	0.03237
V682	0.12329	0.26607	0.55861	0.05204
V683	0.01688	0.97128	0.01184	0
V684	0.7457	0.11188	0.07802	0.06439
V685	0.54367	0.29063	0.10961	0.05608
V686	0.08594	0.12405	0.12099	0.66902
V687	0.02386	0.00212	0.01231	0.96171
V688	0.39815	0.44339	0	0.15846
V689	0.2296	0	0.03041	0.73998
V690	0.50899	0.01955	0.39178	0.07968
V691	0.17834	0.00147	0.8128	0.00738
V692	0.08356	0.10269	0.72323	0.09052
V693	0.23989	0.06645	0.33937	0.35429
V694	0.00934	0.00715	0.24107	0.74244
V695	0.22283	0	0.12169	0.65547
V696	0.06703	0.04666	0.00762	0.87869
V697	0.01553	0.0273	0.00538	0.95178
V698	0.80684	0	0.00714	0.18602
V699	0.60898	0.22538	0.0542	0.11145
V700	0.21156	0.00652	0.00199	0.77992
V701	0.11763	0.46581	0.09387	0.32269
V702	0.52586	0.04424	0.00568	0.42422
V703	0.13405	0.02535	0.44816	0.39243
V704	0.8301	0.02065	0.01824	0.13101
V705	0.95889	0	0.00906	0.03205
V706	0.08148	0.02506	0.77907	0.11438
V707	0.03683	0.40791	0.50302	0.05223
V708	0.04019	0.84925	0.01421	0.09635
V709	0.14891	0.22446	0.52376	0.10287
V710	0.63021	0.15477	0.03704	0.17798
V711	0.10043	0.78078	0.08067	0.03812
V712	0.81945	0.02722	0.00233	0.151
V713	0.45012	0.23206	0.02388	0.29395
V714	0.01114	0.59712	0.01228	0.37947
V715	0.3385	0.28564	0.29019	0.08567
V716	0.02955	0.01604	0.0289	0.92551
V717	0.09055	0.89261	0	0.01684
V718	0.16089	0.52001	0.16678	0.15232
V719	0.05979	0.65217	0.02559	0.26246
V720	0.71932	0	0.19861	0.08207
V721	0.12854	0.11657	0.45162	0.30327
V722	0.08713	0.26311	0.0052	0.64456
V723	0.0971	0.04552	0.00193	0.85545
V724	0.56678	0.00841	0.06382	0.36099
V725	0.00058	0.06722	0.88948	0.04272
V726	0.0346	0.30547	0.09935	0.56058
V727	0.30201	0.61359	0.07945	0.00495
V728	0.03186	0.87728	0.08501	0.00585
V729	0.39282	0.00011	0.12997	0.4771
V730	0.92499	0.01132	0.03144	0.03225
V731	0.02468	0.14118	0.36376	0.47038
V732	0.36846	0.04352	0.32074	0.26728
V733	0.66789	0.13341	0.02362	0.17508
V734	0.27408	0.26972	0.45097	0.00524
V735	0.01565	0.00812	0.42574	0.55049
V736	0.13001	0	0.00333	0.86665
V737	0.35954	0.23383	0.22143	0.18521
V738	0.08392	0.28552	0.44649	0.18406
V739	0.00199	0.00062	0.54749	0.44989
V740	0.88054	0.05207	0.05387	0.01352
V741	0.48977	0.05954	0.10122	0.34947
V742	0.44124	0.54872	0.01004	0
V743	0.15129	0.10522	0.71581	0.02768
V744	0.55059	0.01743	0.29732	0.13466
V745	0.01899	0.66031	0.16907	0.15164
V746	0.99223	0	0.00051	0.00727
V747	0.05451	0	0.67239	0.2731
V748	0.12885	0.06674	0.57103	0.23337
V749	0.27237	0.11821	0.03676	0.57266
V750	0.44474	0.39358	0.01203	0.14965
V751	0.05205	0.84668	0.02793	0.07334
V752	0.48985	0.16904	0.11542	0.22569
V753	0.01777	0.00586	0.002	0.97436
V754	0.0131	0.90312	0	0.08378
V755	0.1512	0.14032	0.31584	0.39263
V756	0.02257	0.00084	0.02992	0.94667
V757	0.37708	0.53653	0.05048	0.03591
V758	0.05054	0.74236	0.10787	0.09923
V759	0.11941	0.03018	0.35828	0.49213
V760	0.29106	0.02822	0.24192	0.43881
V761	0.07261	0.54585	0.26719	0.11435
V762	0.00581	0.3047	0.00622	0.68327
V763	0.39927	0.28683	0.01742	0.29648
V764	0.01275	0.90116	0.0019	0.08419
V765	0.65473	0.05152	0	0.29375
V766	0.01663	0.26765	0.42396	0.29175
V767	0.51485	0.07951	0.21885	0.18679
V768	0.06493	0.89329	0.0154	0.02639
V769	0.16274	0.80038	0.02181	0.01507
V770	0.01477	0.97445	0.00377	0.00701
V771	0.18929	0.00395	0.7898	0.01696
V772	0.15277	0.02509	0.81509	0.00705
V773	0.18682	0.79475	0.00275	0.01568
V774	0.01657	0.00372	0.9364	0.04331
V775	0.10457	0.017	0.23677	0.64166
V776	0.46409	0.35787	0.03879	0.13925
V777	0.16375	0.06949	0.11029	0.65647
V778	0.57081	0.21629	0.05362	0.15928
V779	0.17172	0.01908	0.45745	0.35175
V780	0.12789	0.74939	0.12272	0
V781	0.04027	0.01044	0.01641	0.93288
V782	0.00692	0.08699	0.81437	0.09172
V783	0.78818	0.00406	0.03509	0.17266
V784	0.12665	0.85812	0.00921	0.00602
V785	0.04339	0.92088	0.00876	0.02697
V786	0.76472	0.11284	0.06956	0.05288
V787	0.00508	0.83637	0.15256	0.00599
V788	0.5604	0.24712	0.13608	0.0564
V789	0.06595	0.28645	0.01752	0.63008
V790	0.43274	0.00887	0.05694	0.50144
V791	0.14576	0.32621	0.31926	0.20876
V792	0.13544	0.46125	0.00074	0.40258
V793	0.12996	0.59605	0.02535	0.24863
V794	0.04655	0.05131	0.79864	0.1035
V795	0.09573	0.01814	0.03994	0.84619
V796	0.02645	0.05825	0.88585	0.02945
V797	0.78788	0	0.19845	0.01367
V798	0.66988	0.24353	0.06327	0.02332
V799	0.14563	0.73811	0.02029	0.09597
V800	0.06359	0.00784	0.4661	0.46246
V801	0.13372	0.07353	0.29194	0.50081
V802	0.03318	0.04345	0.22993	0.69343
V803	0.25701	0.48692	0.25607	0
V804	0.55954	0.00227	0.34974	0.08845
V805	0.01119	0.01066	0.97708	0.00107
V806	0.05346	0.88929	0.00799	0.04927
V807	0.24376	0.09957	0.02318	0.63349
V808	0.7081	0.21636	0.03182	0.04373
V809	0.04351	0.02795	0.92797	0.00057
V810	0.01545	0.97717	0	0.00738
V811	0.43134	0.04028	0.17298	0.3554
V812	0.5777	0.20324	0.03765	0.1814
V813	0.64727	0.14718	0.17123	0.03432
V814	0.47722	0.48273	0.03499	0.00507
V815	0.00599	0.92022	0.06735	0.00643
V816	0.94741	0	0.05215	0.00044
V817	0.02687	0.05194	0.90297	0.01822
V818	0.00766	0.02584	0.02335	0.94315
V819	0.86306	0.04802	0.0376	0.05131
V820	0.11736	0.05828	0.01191	0.81245
V821	0.24513	0.27071	0.38394	0.10023
V822	0.07322	0.01149	0.88606	0.02923
V823	0.02564	0.15187	0.69138	0.13111
V824	0.10166	0.35797	0.54037	0
V825	0.23534	0.23483	0.23336	0.29647
V826	0.48233	0.36408	0.13996	0.01362
V827	0.41698	0.53989	0.00772	0.03542
V828	0.21504	0.11015	0.08686	0.58795
V829	0.03495	0.18172	0.02426	0.75907
V830	0.212	0.16455	0.01632	0.60713
V831	0.78982	0.05219	0.02355	0.13444
V832	0.29286	0.34225	0.15114	0.21376
V833	0.15939	0.45554	0.16546	0.21961
V834	0.27557	0.03921	0.05879	0.62643
V835	0.39689	0.39434	0.10241	0.10637
V836	0.01155	0.60014	0.00098	0.38734
V837	0.23766	0.32214	0.17123	0.26897
V838	0.95182	0.02167	0.02043	0.00608
V839	0.34068	0.56637	0.08801	0.00494
V840	0.32755	0.6681	0.00435	0
V841	0.00055	0.02516	0.89526	0.07904
V842	0.37582	0.11702	0.23508	0.27208
V843	0.01541	0.00834	0.87325	0.10299
V844	0.10957	0.05132	0.34137	0.49774
V845	0.07179	0.0746	0.76339	0.09021
V846	0.00119	0.0026	0.72298	0.27323
V847	0.01057	0.00039	0.00843	0.9806
V848	0.09478	0.45072	0.1543	0.3002
V849	0.00626	0.94121	0.00312	0.04941
V850	0.97549	0	0.00963	0.01487
V851	0.37729	0.48778	0.13493	0
V852	0.09394	0.0236	0.09991	0.78255
V853	0.26908	0.17728	0.38952	0.16412
V854	0.6262	0.11906	0.08602	0.16873
V855	0.01057	0.00039	0.00843	0.9806
V856	0.04507	0.29913	0.33729	0.31851
V857	0.69963	0.12544	0.02395	0.15097
V858	0.60022	0.00053	0.39337	0.00588
V859	0.68792	0.18133	0.0123	0.11845
V860	0.1739	0.06879	0.03757	0.71974
V861	0.10141	0.32961	0.55342	0.01556
V862	0.14649	0.05758	0.73246	0.06348
V863	0.18192	0.03074	0	0.78735
V864	0.05666	0.01415	0.03429	0.89489
V865	0.10269	0	0.22088	0.67643
V866	0.76398	0.0027	0.21991	0.01342
V867	0.76451	0.00829	0.22161	0.0056
V868	0.5577	0.22246	0.11726	0.10258
V869	0.02433	0.96515	0.0038	0.00673
V870	0.09821	0.26434	0.01071	0.62675
V871	0.00626	0.94121	0.00312	0.04941
V872	0.00988	0.00213	0.20448	0.78351
V873	0.91078	0.011	0.0374	0.04082
V874	0.22554	0.75097	0.02348	0
V875	0.01719	0.13404	0.16906	0.6797
V876	0.17578	0.28561	0.41107	0.12754
V877	0.04539	0.34077	0.28273	0.33111
V878	0.15203	0.7905	0.05747	0
V879	0.21084	0.64755	0.03376	0.10785
V880	0.32885	0.48313	0.00125	0.18677
V881	0.15072	0.02138	0.57422	0.25368
V882	0.80795	0	0.10291	0.08914
V883	0.32126	0.16869	0.51005	0
V884	0.01974	0.20779	0	0.77247
V885	0.75334	0.17187	0.07479	0
V886	0.01692	0.32245	0.464	0.19663
V887	0.65756	0.03336	0.13352	0.17555
V888	0.10527	0.02471	0.74347	0.12654
V889	0.93825	0.02497	0.01424	0.02253
V890	0.03436	0.10453	0.61004	0.25108
V891	0.66788	0.02381	0.25461	0.0537
V892	0.26765	0.12574	0.00508	0.60153
V893	0.62552	0.1646	0.13201	0.07788
V894	0.07365	0.27958	0.59414	0.05263
V895	0.61731	0.03394	0.17101	0.17773
V896	0.04412	0.92556	0.00297	0.02734
V897	0.72215	0.20117	0.00234	0.07434
V898	0.42707	0	0.00162	0.57131
V899	0.02562	0.13322	0.11211	0.72905
V900	0.08039	0.24211	0.34659	0.33091
V901	0.03963	0.78986	0.00136	0.16915
V902	0.05516	0.89985	0.03912	0.00587
V903	0.00858	0.39515	0.53218	0.06409
V904	0.02484	0.96802	0	0.00714
V905	0.13396	0	0.13886	0.72718
V906	0.39287	0.05261	0.08415	0.47037
V907	0.46665	0.45199	0.01318	0.06818
V908	0.01277	0.02178	0.04959	0.91585
V909	0.14564	0.76025	0	0.09412
V910	0.14565	0	0.09006	0.76429
V911	0.55422	0.33133	0.0252	0.08925
V912	0.41864	0.26521	0.10962	0.20652
V913	0.09961	0	0.00431	0.89608
V914	0.20615	0.45849	0.28504	0.05033
V915	0.19944	0	0.00244	0.79813
V916	0.27939	0.0299	0.62981	0.06089
V917	0.73482	0.01001	0.14015	0.11502
V918	0.04894	0.60183	0.22247	0.12676
V919	0.20737	0.18002	0.27536	0.33726
V920	0.65201	0.14794	0.07822	0.12183
V921	0.028	0.11024	0.0191	0.84267
V922	0.11253	0.43525	0.38927	0.06295
V923	0.06735	0.00286	0.02792	0.90187
V924	0.03867	0.6565	0.26582	0.03901
V925	0.16074	0.01174	0.00701	0.82051
V926	0.18102	0.0062	0.01877	0.79401
V927	0.02096	0.01609	0.0361	0.92684
V928	0.05261	0.86115	0.00193	0.08432
V929	0.06007	0.59434	0.11609	0.22949
V930	0.54113	0.31004	0.02465	0.12418
V931	0.1493	0.23467	0.51322	0.10281
V932	0.03415	0.07572	0.58761	0.30252
V933	0.63856	0.33961	0.00804	0.01379
V934	0.00973	0.09928	0.23479	0.6562
V935	0.6058	0.11471	0.18943	0.09006
V936	0.53994	0.21037	0.0115	0.23819
V937	0.55195	0.0823	0.06743	0.29833
V938	0.38298	0.02215	0.27281	0.32206
V939	0.75375	0.00408	0.05682	0.18534
V940	0.03003	0.77943	0.13997	0.05056
V941	0.00123	0.00929	0.97949	0.00999
V942	0.77999	0.14332	0.05386	0.02283
V943	0.43804	0.08902	0.40187	0.07107
V944	0.01856	0.19848	0.04623	0.73673
V945	0.58993	0.29344	0.00681	0.10982
V946	0.50186	0.21432	0.23711	0.04671
V947	0.07257	0.0224	0.18979	0.71525
V948	0.37727	0.01145	0.5854	0.02588
V949	0.00427	0.06733	0.16546	0.76295
V950	0.05878	0.48237	0.19776	0.26108
V951	0.8574	0.00281	0.13419	0.00559
V952	0.06444	0.08125	0.22664	0.62767
V953	0.0162	0.03395	0.90737	0.04248
V954	0.03432	0.12436	0.11162	0.7297
V955	0.1268	0.53122	0.01863	0.32336
V956	0.03187	0.00772	0.46321	0.4972
V957	0.30403	0.00113	0	0.69484
V958	0.01884	0.00037	0.00252	0.97827
V959	0.25876	0.21583	0.42548	0.09992
V960	0.2331	0.20875	0.06173	0.49643
V961	0.14723	0.34033	0.34443	0.16802
V962	0.40244	0.12356	0.37751	0.09649
V963	0.63713	0.12204	0.1405	0.10033
V964	0.86541	0.01082	0.08236	0.04141
V965	0.05766	0.44019	0.1737	0.32845
V966	0.97679	0.00377	0.00461	0.01484
V967	0.0531	0.01982	0.48422	0.44285
V968	0.00098	0.11789	0.78975	0.09138
V969	0.01103	0.21736	0.02463	0.74699
V970	0.03331	0.07707	0.38664	0.50297
V971	0.5401	0.05183	0.30585	0.10222
V972	0.51982	0.14316	0.03664	0.30038
V973	0.28386	0.35375	0.06388	0.29851
V974	0.01101	0.7601	0.1182	0.11069
V975	0.11195	0.26428	0.61793	0.00584
V976	0.46219	0.19008	0.09765	0.25009
V977	0.36235	0.31623	0.31637	0.00505
V978	0.05568	0.05166	0.04721	0.84545
V979	0.8328	0.00312	0.15856	0.00552
V980	0.99223	0	0.00051	0.00727
V981	0.35268	0.01201	0.39627	0.23904
V982	0.47942	0.34114	0.06394	0.1155
V983	0.68576	0.03174	0.00164	0.28087
V984	0.02051	0.82835	0.10105	0.05009
V985	0.06532	0.1358	0.00153	0.79736
V986	0.35339	0.46351	0.03981	0.14328
V987	0.26931	0.7053	0	0.02538
V988	0.19024	0.00122	0.00692	0.80162
V989	0.48882	0.42132	0.06572	0.02415
V990	0.00096	0.0272	0.78104	0.19081
V991	0.67894	0.30669	0	0.01437
V992	0.2079	0	0.47526	0.31684
V993	0.07431	0.70427	0.15963	0.06179
V994	0.21359	0.74974	0.02177	0.0149
V995	0.7512	0.06651	0.02378	0.15851
V996	0.25173	0.07592	0.00582	0.66653
V997	0.01493	0.00346	0.81724	0.16438
V998	0.88727	0.00164	0.05112	0.05997
V999	0.13969	0.85383	0	0.00648
V1000	0.28483	0.00621	0	0.70895
