CD56NK	CD4MemoryT	CD19B	CD14
V1	0.56259	0.01324	0.12795	0.29621
V2	0.14265	0.0406	0.02951	0.78724
V3	0.06055	0.55922	0.00774	0.37249
V4	0.87243	0.10072	0.00201	0.02483
V5	0.12491	0.44016	0.22946	0.20548
V6	0.08855	0.86544	0.01682	0.02919
V7	0.15208	0.28789	0.05993	0.5001
V8	0.15066	0.04098	0.76512	0.04323
V9	0.24349	0.16673	0.02205	0.56773
V10	0.02086	0.04475	0.86625	0.06814
V11	0.24723	0.33962	0.40335	0.0098
V12	0.03255	0.59558	0.35208	0.0198
V13	0.30093	0.66551	0.00591	0.02765
V14	0.07917	0.90305	0.00711	0.01067
V15	0.13437	0.5665	0.09989	0.19924
V16	0.90913	0.04318	0.0145	0.03319
V17	0.10002	0.85985	0.01102	0.0291
V18	0.62092	0.30226	0.03127	0.04555
V19	0.18302	0.79181	0.00609	0.01908
V20	0.17645	0.39002	0.0121	0.42143
V21	0.15129	0.06007	0.74569	0.04295
V22	0.01799	0.04603	0.1593	0.77668
V23	0.43209	0.04707	0.51119	0.00965
V24	0.92979	0.04353	0.02318	0.0035
V25	0.37457	0.17576	0.09981	0.34986
V26	0.42609	0.32289	0.0128	0.23823
V27	0.09049	0.01907	0.00759	0.88285
V28	0.00641	0.06633	0.92151	0.00576
V29	0.49002	0.03781	0.43442	0.03775
V30	0.10571	0.15526	0.23623	0.50279
V31	0.22408	0.13888	0.25614	0.3809
V32	0.06957	0.00241	0.01493	0.91309
V33	0.05206	0.48088	0.33819	0.12887
V34	0.15025	0.04867	0.75832	0.04276
V35	0.18782	0.70731	0.06502	0.03985
V36	0.0098	0.02278	0.40984	0.55758
V37	0.56179	0.04417	0.06765	0.32639
V38	0.4308	0.00601	0.12817	0.43502
V39	0.1886	0.53058	0.10777	0.17304
V40	0.11527	0.8168	0.06392	0.00401
V41	0.01295	0.62676	0.03201	0.32828
V42	0.22491	0.01151	0.16057	0.60301
V43	0.15478	0.3235	0.47933	0.04239
V44	0.01899	0.06408	0.70163	0.2153
V45	0.11327	0.57598	0.19801	0.11273
V46	0.83245	0.06402	0.09527	0.00826
V47	0.51267	0.15315	0.27554	0.05865
V48	0.82347	0.14669	0.00536	0.02447
V49	0.75457	0.15366	0.00151	0.09026
V50	0.0785	0.84031	0.07109	0.0101
V51	0.36351	0.36909	0.22818	0.03922
V52	0.03086	0.10354	0.82062	0.04499
V53	0.76586	0.10706	0.1236	0.00348
V54	0.48589	0.16194	0.32447	0.0277
V55	0.22697	0.07833	0.19852	0.49618
V56	0.03902	0	0.05482	0.90616
V57	0.11299	0.85074	0.01701	0.01926
V58	0.63199	0.01012	0.0265	0.33138
V59	0.4881	0.36854	0.08563	0.05773
V60	0.14102	0.10125	0.28329	0.47444
V61	0.82235	0.08	0.00863	0.08902
V62	0.89385	0.03967	0.0505	0.01598
V63	0.02416	0.84224	0.10386	0.02973
V64	0.01468	0.82275	0.00146	0.1611
V65	0.01288	0	0.06651	0.92061
V66	0.24369	0.65925	0.01524	0.08182
V67	0.18343	0.31423	0.483	0.01935
V68	0.15391	0.08675	0.01088	0.74846
V69	0.0309	0.29767	0.60417	0.06725
V70	0.59671	0.11174	0.14771	0.14384
V71	0.17475	0.04324	0.32234	0.45967
V72	0.6195	0.11344	0.07032	0.19674
V73	0.17532	0.59545	0.11886	0.11036
V74	0.06806	0.22178	0.70527	0.00488
V75	0.72926	0.02073	0.15034	0.09966
V76	0.00446	0.1112	0.14358	0.74076
V77	0.03666	0.21904	0.00182	0.74248
V78	0.3249	0.07011	0.14736	0.45763
V79	0.01103	0.08906	0.78342	0.11649
V80	0.39565	0.02978	0.47168	0.10289
V81	0.06717	0.15506	0.7662	0.01156
V82	0.00523	0.0802	0.90152	0.01305
V83	0.13308	0.11493	0.04973	0.70226
V84	0.40795	0.02604	0.12352	0.44249
V85	0.12539	0.27603	0.37714	0.22144
V86	0.05287	0.05899	0.83261	0.05553
V87	0.04197	0.82919	0.04302	0.08582
V88	0.1693	0.03071	0.21999	0.57999
V89	0.01874	0.00044	0.15707	0.82375
V90	0.03403	0.90076	0.04524	0.01998
V91	0.04202	0.74655	0.16967	0.04176
V92	0.4969	0.02725	0.32164	0.15421
V93	0.87112	0.02454	0.00131	0.10303
V94	0.01936	0.37177	0.01175	0.59712
V95	0.2963	0.38791	0.13278	0.183
V96	0.06719	0.04997	0.01227	0.87056
V97	0.73385	0.08675	0.17089	0.0085
V98	0.71475	0.26633	0.00213	0.01679
V99	0.82761	0.04684	0.11727	0.00828
V100	0.0899	0.04883	0.82908	0.03219
V101	0.01617	0.00968	0.00152	0.97263
V102	0.92233	0.05491	0.00601	0.01676
V103	0.01224	0.01481	0.06297	0.90998
V104	0.03589	0.94612	0.00712	0.01087
V105	0.06761	0.90976	0.01213	0.01051
V106	0.13989	0.50571	0.30079	0.05361
V107	0.2247	0.17568	0.5349	0.06472
V108	0.17629	0.74016	0.07949	0.00406
V109	0.01886	0.12384	0.55553	0.30176
V110	0.06581	0.87474	0.02994	0.02951
V111	0.91414	0.02489	0.05224	0.00874
V112	0.13713	0.03949	0.37352	0.44986
V113	0.19634	0.05893	0.13802	0.60671
V114	0.24324	0.01885	0.05483	0.68308
V115	0.015	0.76639	0.20804	0.01058
V116	0.16375	0.27296	0.34385	0.21944
V117	0.71809	0.21295	0.02467	0.04429
V118	0.18156	0.52708	0.0251	0.26626
V119	0.10987	0.03545	0.03047	0.82422
V120	0.08992	0.07463	0.81393	0.02151
V121	0.63521	0.08928	0.06966	0.20585
V122	0.94418	0.02851	0.01059	0.01672
V123	0.01182	0.44595	0.03068	0.51155
V124	0.68842	0.24646	0.00164	0.06347
V125	0.44306	0.38071	0.1488	0.02743
V126	0.03628	0.09102	0.03093	0.84177
V127	0.16731	0.02428	0.20899	0.59942
V128	0.02831	0	0.07852	0.89317
V129	0.63716	0.19425	0.13232	0.03628
V130	0.01418	0.66965	0.3056	0.01057
V131	0.03278	0.8717	0.00179	0.09373
V132	0.92959	0.0265	0.01965	0.02425
V133	0.91531	0.03092	0.03753	0.01624
V134	0.119	0.3288	0.10503	0.44716
V135	0.07492	0.00445	0.13816	0.78247
V136	0.26146	0.33135	0.00709	0.40009
V137	0.69161	0.03724	0.19767	0.07347
V138	0.24355	0.35278	0.152	0.25167
V139	0.39378	0.15395	0.16217	0.2901
V140	0.02791	0.04451	0.03252	0.89506
V141	0.07191	0.11963	0.5065	0.30197
V142	0.80528	0.02728	0.16395	0.00349
V143	0.47012	0.20316	0.0501	0.27662
V144	0.17367	0.09884	0.13271	0.59478
V145	0.00799	0.77395	0.20748	0.01057
V146	0.05049	0	0.01587	0.93363
V147	0.91226	0.0323	0.01431	0.04113
V148	0.14503	0.05797	0.5308	0.2662
V149	0.30264	0.49534	0.19265	0.00938
V150	0.10258	0.22083	0.57072	0.10587
V151	0.23421	0.58674	0.02587	0.15319
V152	0.27394	0.40998	0.19363	0.12245
V153	0.12037	0.7235	0.01517	0.14096
V154	0.28677	0.43142	0.24179	0.04002
V155	0.53401	0.11013	0.24234	0.11353
V156	0.03921	0.11703	0.67464	0.16912
V157	0.34445	0.11459	0.27153	0.26943
V158	0.01588	0	0.0125	0.97162
V159	0.88706	0.06026	0.00187	0.0508
V160	0.69243	0.01388	0.04454	0.24914
V161	0.20537	0	0.01765	0.77698
V162	0.06876	0.23055	0.05888	0.64181
V163	0.11053	0.44871	0.14533	0.29544
V164	0.37835	0.25014	0.08348	0.28803
V165	0.01238	0.20258	0	0.78504
V166	0.01187	0.05294	0.04693	0.88827
V167	0.33955	0	0.0021	0.65835
V168	0.32642	0.5398	0.06232	0.07147
V169	0.1866	0.02371	0.02272	0.76698
V170	0.1131	0.02243	0.45721	0.40726
V171	0.154	0.22563	0.56572	0.05465
V172	0.74674	0.02644	0.21826	0.00857
V173	0.0282	0.09319	0.02436	0.85425
V174	0.01917	0.1094	0.05195	0.81948
V175	0.0718	0.03367	0.73382	0.1607
V176	0.01507	0.82352	0.15102	0.01039
V177	0.01682	0.95991	0.00239	0.02088
V178	0.01378	0.72526	0.00421	0.25676
V179	0.168	0.01142	0.32	0.50058
V180	0.03703	0.8922	0.06662	0.00416
V181	0.18997	0.10503	0.50155	0.20346
V182	0.35318	0.15156	0.42107	0.07419
V183	0.20584	0.77792	0.00634	0.00989
V184	0.95796	0.03	0.00852	0.00352
V185	0.60168	0.37907	0.01057	0.00868
V186	0.13782	0.45609	0.24063	0.16546
V187	0.94085	0.02949	0.02076	0.0089
V188	0.05765	0.17292	0	0.76942
V189	0.80879	0.02561	0.01217	0.15343
V190	0.69679	0.03091	0.2636	0.00869
V191	0.22434	0.18821	0.53396	0.05349
V192	0.33672	0.41276	0.03786	0.21266
V193	0.6387	0.03298	0.19115	0.13717
V194	0.04549	0.91805	0.00641	0.03005
V195	0.01281	0.05935	0.91462	0.01322
V196	0.01379	0.03721	0.00442	0.94458
V197	0.41098	0.02589	0.0158	0.54734
V198	0.07627	0.4993	0.34612	0.0783
V199	0.16518	0.0089	0.13525	0.69068
V200	0.14046	0.50856	0.01266	0.33832
V201	0.11224	0.52957	0.16784	0.19034
V202	0.01851	0.03515	0.72318	0.22315
V203	0.19621	0.41404	0.35999	0.02976
V204	0.01199	0.46886	0.00236	0.51679
V205	0.02171	0.07422	0.88135	0.02272
V206	0.05571	0.10203	0.8302	0.01205
V207	0.13295	0.13103	0.03614	0.69988
V208	0.2941	0.06926	0.61739	0.01925
V209	0.33962	0.41813	0.05305	0.1892
V210	0.10032	0.76144	0.07557	0.06267
V211	0.41413	0.00677	0.02138	0.55772
V212	0.56087	0.0458	0.36676	0.02657
V213	0.65284	0.02613	0.08177	0.23925
V214	0.35694	0.11221	0.13212	0.39872
V215	0.29063	0.05405	0.01052	0.6448
V216	0.0334	0	0.01164	0.95495
V217	0.05035	0.45548	0.2079	0.28627
V218	0.11013	0.39792	0.14398	0.34797
V219	0.11783	0.5869	0.00827	0.287
V220	0.01419	0.79492	0.00467	0.18622
V221	0.79068	0.01742	0.00364	0.18826
V222	0.35821	0.10112	0.32261	0.21806
V223	0.01132	0.1271	0.75619	0.10539
V224	0.94937	0.02884	0.01831	0.00348
V225	0.06741	0.87676	0.0456	0.01023
V226	0.35721	0.08073	0.54345	0.01861
V227	0.80613	0.02522	0.15278	0.01586
V228	0.79801	0.05558	0.04698	0.09943
V229	0.02127	0.05358	0.89109	0.03406
V230	0.01484	0.00857	0.01169	0.96491
V231	0.01883	0.21214	0.08457	0.68447
V232	0.04996	0.59692	0.00012	0.353
V233	0.61015	0.06692	0.15984	0.16309
V234	0.04524	0.91079	0.02409	0.01987
V235	0.42928	0.06173	0.47013	0.03886
V236	0.05106	0.07259	0.77261	0.10375
V237	0.15325	0	0.01866	0.82809
V238	0.15143	0.54644	0.23819	0.06394
V239	0.0683	0.33182	0.01137	0.58851
V240	0.53856	0.04324	0.36149	0.05671
V241	0.02026	0.04268	0.84602	0.09105
V242	0.15113	0.75319	0.077	0.01869
V243	0.27706	0.0486	0.5774	0.09694
V244	0.23352	0.03216	0.62715	0.10717
V245	0.64746	0.25065	0.03633	0.06556
V246	0.0659	0.14676	0.75526	0.03208
V247	0.1954	0.04998	0.74975	0.00487
V248	0.02107	0.00964	0.02836	0.94093
V249	0.00482	0.05899	0.84418	0.09201
V250	0.78861	0.02593	0.177	0.00846
V251	0.9318	0.05289	0.00634	0.00897
V252	0.01676	0.8425	0.13647	0.00427
V253	0.37803	0.04333	0.12577	0.45287
V254	0.01648	0.93379	0.03892	0.01082
V255	0.0547	0.89263	0.00236	0.0503
V256	0.20852	0.18864	0.48812	0.11472
V257	0.4579	0.07032	0.19348	0.27831
V258	0.20727	0.23331	0.39393	0.16549
V259	0.04053	0.28834	0.61511	0.05602
V260	0.00595	0.29486	0.68756	0.01163
V261	0.64603	0.03002	0.15571	0.16824
V262	0.09013	0.02525	0.00764	0.87698
V263	0.02547	0.9416	0.00237	0.03055
V264	0.1742	0.02783	0.36868	0.42929
V265	0.02772	0	0.10092	0.87137
V266	0.6676	0.3222	0.00662	0.00358
V267	0.0045	0.1263	0.23722	0.63198
V268	0.38838	0.01389	0.1063	0.49143
V269	0.01319	0.55914	0.3623	0.06537
V270	0.67837	0.03152	0.19697	0.09315
V271	0.81437	0.05457	0.0226	0.10846
V272	0.06341	0.79598	0.00982	0.13078
V273	0.04924	0.00291	0.02144	0.92641
V274	0.71788	0.01964	0.14254	0.11995
V275	0.00525	0.0604	0.92052	0.01383
V276	0.53745	0.28092	0.00807	0.17355
V277	0.03614	0.14545	0.12559	0.69281
V278	0.03473	0.03	0.23773	0.69754
V279	0.71738	0.04614	0.08241	0.15406
V280	0.01588	0	0.0125	0.97162
V281	0.55896	0.02314	0.10519	0.3127
V282	0.06293	0.07452	0.78291	0.07964
V283	0.23704	0.53583	0.04701	0.18012
V284	0.03465	0.90916	0.04573	0.01047
V285	0.08528	0.05216	0.85727	0.00529
V286	0.27884	0.51334	0.08827	0.11955
V287	0.11157	0.84839	0.01103	0.02901
V288	0.01951	0.23902	0.38887	0.3526
V289	0.32979	0.18976	0.38171	0.09873
V290	0.83034	0.15464	0.01155	0.00348
V291	0.54167	0.0672	0.37386	0.01727
V292	0.91571	0.02407	0.00171	0.05851
V293	0.33645	0.03639	0.57698	0.05019
V294	0.08928	0.29572	0	0.615
V295	0.01834	0.12022	0.15261	0.70883
V296	0.20657	0.10539	0.57438	0.11366
V297	0.06768	0	0.04623	0.8861
V298	0.34788	0.09465	0.53881	0.01866
V299	0.06747	0.20751	0.00641	0.71861
V300	0.00452	0.01203	0.18381	0.79964
V301	0.13581	0.09716	0.61272	0.15431
V302	0.67691	0.30406	0.00213	0.01689
V303	0.00739	0.60117	0.34878	0.04266
V304	0.05976	0.03799	0.69056	0.21169
V305	0.13317	0.12368	0.41804	0.3251
V306	0.83639	0.07662	0.03547	0.05152
V307	0.02528	0.94243	0.01192	0.02038
V308	0.25398	0.18025	0.26081	0.30496
V309	0.34941	0.24734	0.01696	0.38629
V310	0.08111	0.2503	0.1201	0.54848
V311	0.5484	0.43679	0.00595	0.00886
V312	0.11262	0.73655	0.12132	0.02952
V313	0.00644	0.06661	0.0091	0.91785
V314	0.01976	0.41366	0.08758	0.479
V315	0.13142	0.5766	0.02517	0.26681
V316	0.34673	0.10304	0.34287	0.20735
V317	0.09746	0.66344	0.03297	0.20612
V318	0.0377	0.48802	0.00709	0.46719
V319	0.06441	0.0727	0.81829	0.0446
V320	0.08696	0.12249	0.62218	0.16838
V321	0.65762	0.33211	0.00666	0.0036
V322	0.20252	0.25333	0.05129	0.49286
V323	0.04803	0.00177	0.06094	0.88926
V324	0.70535	0.2182	0.05101	0.02543
V325	0.341	0.60806	0.04165	0.00929
V326	0.00576	0.50351	0.06993	0.42081
V327	0.01897	0.09172	0.07528	0.81403
V328	0.04844	0.03748	0.68905	0.22502
V329	0.17065	0.06466	0.13119	0.6335
V330	0.40318	0.01623	0.27607	0.30452
V331	0.33974	0.04886	0.02725	0.58415
V332	0.01092	0.02125	0.14179	0.82604
V333	0.46614	0.06151	0.33478	0.13757
V334	0.36824	0.01615	0.2952	0.3204
V335	0.03024	0.31183	0.4879	0.17003
V336	0.19514	0.66155	0.0149	0.12841
V337	0.32569	0.37453	0.25988	0.0399
V338	0.00931	0.97238	0.00712	0.01119
V339	0.14167	0.04464	0.80195	0.01174
V340	0.06176	0.19371	0.49371	0.25083
V341	0.02071	0.00941	0.04107	0.92881
V342	0.26838	0.0266	0.54097	0.16404
V343	0.94992	0.03441	0.00653	0.00914
V344	0.71503	0.13234	0.1491	0.00353
V345	0.01503	0.06325	0.91608	0.00564
V346	0.24215	0.07464	0.2375	0.4457
V347	0.03724	0	0.09173	0.87103
V348	0.06319	0.62993	0.11933	0.18755
V349	0.38959	0.1342	0.34412	0.13209
V350	0.03539	0.807	0.15341	0.0042
V351	0.01769	0.01884	0.32912	0.63436
V352	0.05142	0.04361	0.80307	0.1019
V353	0.87844	0.03041	0.02293	0.06822
V354	0.05367	0.69428	0.19903	0.05302
V355	0.30119	0.06011	0.40771	0.23098
V356	0.02842	0.00194	0.0697	0.89994
V357	0.12194	0.27939	0.24652	0.35215
V358	0.54946	0.06718	0.03335	0.35001
V359	0.56331	0.03671	0.02085	0.37913
V360	0.58155	0.38673	0.01513	0.0166
V361	0.0066	0.46193	0.52018	0.01129
V362	0.00937	0.96642	0.0131	0.01112
V363	0.18491	0.0887	0.4203	0.30609
V364	0.17457	0.0618	0.6385	0.12514
V365	0.24911	0.00806	0.00628	0.73656
V366	0.08634	0.65224	0.06375	0.19767
V367	0.57278	0.0959	0.00272	0.32861
V368	0.09912	0.71496	0.06444	0.12148
V369	0.02193	0.40919	0.5576	0.01128
V370	0.33992	0.24974	0.37037	0.03997
V371	0.20771	0.68863	0.02117	0.08249
V372	0.15291	0.02421	0.08671	0.73617
V373	0.08301	0.1022	0.42494	0.38985
V374	0.79401	0.03027	0.17227	0.00345
V375	0.0359	0.01386	0.10667	0.84357
V376	0.02806	0.00858	0.0693	0.89406
V377	0.76151	0.01296	0.00753	0.218
V378	0.01	0.01917	0.33837	0.63246
V379	0.33453	0.13765	0.00594	0.52188
V380	0.14375	0.03962	0.15638	0.66025
V381	0.73457	0.0204	0.06622	0.17882
V382	0.09252	0.058	0.83748	0.01201
V383	0.8217	0.02032	0.03369	0.12429
V384	0.57154	0.05374	0.10046	0.27426
V385	0.85912	0.02772	0.0537	0.05946
V386	0.29054	0.00664	0.10643	0.59639
V387	0.63033	0.11549	0.15559	0.09858
V388	0.41109	0.27816	0.12035	0.19041
V389	0.44401	0.4684	0.00933	0.07826
V390	0.33778	0.23812	0.41455	0.00954
V391	0.41007	0.06323	0.01037	0.51633
V392	0.45855	0.17087	0.13415	0.23644
V393	0.31415	0.18819	0.31162	0.18604
V394	0.08946	0.16244	0.08389	0.66421
V395	0.2436	0.34472	0.17274	0.23895
V396	0.01628	0.94668	0.0068	0.03024
V397	0.80738	0.07226	0.07732	0.04304
V398	0.45943	0.0907	0.07061	0.37926
V399	0.21658	0.52196	0.12703	0.13443
V400	0.00581	0.52067	0.04628	0.42724
V401	0.04021	0.14423	0.70987	0.10569
V402	0.80877	0.16036	0.02742	0.00345
V403	0.02066	0.00405	0.049	0.92629
V404	0.10148	0.17492	0.59289	0.13071
V405	0.21193	0.01476	0.12648	0.64683
V406	0.66629	0.20518	0.01312	0.11541
V407	0.00931	0.97238	0.00712	0.01119
V408	0.09744	0.20155	0.35942	0.34159
V409	0.00842	0.00463	0.01294	0.97401
V410	0.09967	0.84783	0.02328	0.02923
V411	0.41471	0.00278	0	0.58251
V412	0.16745	0.05906	0.44601	0.32748
V413	0.06075	0.4357	0.15397	0.34958
V414	0.04067	0.4861	0.30542	0.16781
V415	0.45276	0.02435	0.1851	0.33779
V416	0.01404	0.09699	0.8836	0.00537
V417	0.40919	0.57567	0.00604	0.00911
V418	0.06667	0.05769	0.10562	0.77002
V419	0.01558	0	0.01797	0.96645
V420	0.00806	0.86471	0.01036	0.11687
V421	0.17194	0.04738	0.63185	0.14883
V422	0.04094	0.02839	0.00391	0.92677
V423	0.0899	0.04883	0.82908	0.03219
V424	0.00416	0.04397	0.55407	0.3978
V425	0.06352	0.21711	0.57412	0.14525
V426	0.09886	0.05705	0.75428	0.08982
V427	0.07202	0.33756	0.16127	0.42915
V428	0.09868	0.75171	0.04178	0.10783
V429	0.015	0	0.0246	0.9604
V430	0.77072	0.13461	0.01316	0.08151
V431	0.18622	0.02399	0.3872	0.4026
V432	0.099	0.04833	0.0304	0.82227
V433	0.06192	0.68119	0.00073	0.25616
V434	0.32703	0.04319	0.03436	0.59542
V435	0.50009	0.01305	0.08909	0.39777
V436	0.36878	0.00816	0.08309	0.53997
V437	0.22588	0.16583	0.00129	0.607
V438	0.6241	0.11678	0.02251	0.23661
V439	0.02952	0.05596	0.00326	0.91126
V440	0.46776	0.02219	0.02111	0.48894
V441	0.07329	0.10698	0.55796	0.26177
V442	0.34435	0.2879	0.1122	0.25555
V443	0.74025	0.01671	0.0658	0.17724
V444	0.01503	0.06325	0.91608	0.00564
V445	0.64827	0.03279	0.28348	0.03546
V446	0.04202	0.81743	0.04286	0.09769
V447	0.66359	0.07538	0.14342	0.1176
V448	0.01823	0.03305	0.1497	0.79901
V449	0.59422	0.04153	0.24544	0.1188
V450	0.16311	0.81963	0.01323	0.00402
V451	0.91945	0.05365	0.00205	0.02485
V452	0.03011	0	0.04859	0.9213
V453	0.82766	0.06315	0.04788	0.06131
V454	0.00893	0.93233	0.03856	0.02018
V455	0.63409	0.03839	0.25244	0.07508
V456	0.35926	0.09427	0.34036	0.2061
V457	0.00842	0.01033	0.00694	0.9743
V458	0.26271	0.1647	0.00142	0.57117
V459	0.02253	0.78088	0.07458	0.12201
V460	0.93574	0.02772	0.01997	0.01657
V461	0.05106	0.00932	0.00424	0.93537
V462	0.34485	0.18617	0	0.46898
V463	0.28323	0.43625	0.13392	0.1466
V464	0.49538	0.06554	0.00215	0.43693
V465	0.4298	0.36978	0.01905	0.18137
V466	0.59047	0.14057	0.00299	0.26596
V467	0.34997	0.53829	0.0626	0.04914
V468	0.53656	0.35822	0.0375	0.06772
V469	0.01858	0.12409	0.24028	0.61705
V470	0.58209	0.09332	0.14664	0.17795
V471	0.25863	0.06118	0.02189	0.6583
V472	0.32706	0.26551	0	0.40743
V473	0.11435	0.54636	0.3091	0.03018
V474	0.10774	0	0.07343	0.81883
V475	0.19354	0.33339	0.06002	0.41305
V476	0.15256	0.00149	0.03671	0.80923
V477	0.6177	0.03553	0.16509	0.18168
V478	0.13958	0.52521	0.00315	0.33207
V479	0.01974	0.08843	0.77558	0.11625
V480	0.07874	0.23913	0.02923	0.65289
V481	0.16659	0.04535	0.76721	0.02085
V482	0.73337	0.13429	0.08783	0.04451
V483	0.11997	0.06288	0.05056	0.7666
V484	0.02091	0.03359	0.01478	0.93072
V485	0.13069	0.69539	0.0093	0.16462
V486	0.28368	0.2083	0.10051	0.40751
V487	0.0661	0.01804	0.05983	0.85603
V488	0.00471	0.0407	0.81659	0.13801
V489	0.24576	0.10095	0.63362	0.01967
V490	0.35973	0.25427	0.05081	0.33519
V491	0.47593	0.41995	0.02557	0.07856
V492	0.03379	0.84066	0.11524	0.01031
V493	0.01813	0	0.00266	0.97921
V494	0.22009	0.1332	0.48224	0.16447
V495	0.25415	0.6001	0.11713	0.02861
V496	0.29849	0.64129	0.00196	0.05825
V497	0.01321	0.05434	0.91902	0.01342
V498	0.30752	0.06226	0.03396	0.59626
V499	0.65487	0.23713	0.09951	0.00849
V500	0.1138	0.1188	0.71222	0.05519
V501	0.00844	0	0.0262	0.96536
V502	0.59566	0.24224	0.12552	0.03658
V503	0.19711	0.06052	0.15796	0.58441
V504	0.25446	0.65433	0.00979	0.08143
V505	0.20989	0.16472	0.2173	0.40809
V506	0.09931	0.22053	0.41737	0.26279
V507	0.63612	0.07658	0.09277	0.19454
V508	0.77857	0.13874	0.02991	0.05279
V509	0.24836	0.05455	0.45127	0.24582
V510	0.25585	0.50494	0.22962	0.00959
V511	0.04693	0.34729	0.03014	0.57564
V512	0.23311	0.02389	0.05499	0.68801
V513	0.08829	0.63415	0.18896	0.08859
V514	0.01518	0.03228	0.00063	0.95191
V515	0.77378	0.05248	0.03366	0.14008
V516	0.90186	0.08684	0.00227	0.00903
V517	0.03462	0.01077	0.1992	0.75542
V518	0.9404	0.04768	0.00253	0.00939
V519	0.03221	0.83403	0.00501	0.12874
V520	0.02646	0.01816	0.54136	0.41402
V521	0.60546	0.04854	0.30978	0.03622
V522	0.00989	0.10203	0.52505	0.36303
V523	0.37618	0.0925	0.21804	0.31328
V524	0.01431	0.77392	0.16998	0.04179
V525	0.25308	0.14573	0.01576	0.58543
V526	0.65257	0.06058	0.0537	0.23314
V527	0.20979	0.0213	0.3342	0.4347
V528	0.10932	0.82785	0.00198	0.06085
V529	0.05509	0.03344	0.1751	0.73637
V530	0.0112	0.19272	0.6526	0.14348
V531	0.02615	0.86947	0.10009	0.00429
V532	0.17208	0.25859	0.01661	0.55272
V533	0.30458	0.29912	0.1127	0.28359
V534	0.01007	0.02933	0.64181	0.31879
V535	0.52108	0.00377	0.00631	0.46884
V536	0.19215	0.00842	0.30646	0.49297
V537	0.6339	0.22472	0.12487	0.01651
V538	0.44978	0.03511	0.0604	0.45471
V539	0.2963	0.38791	0.13278	0.183
V540	0.22462	0.66892	0.05599	0.05047
V541	0.01977	0.44087	0.04588	0.49348
V542	0.20219	0.0872	0.20984	0.50077
V543	0.85882	0.02029	0.00846	0.11244
V544	0.09845	0.05085	0.13099	0.71971
V545	0.36509	0.09583	0.04905	0.49003
V546	0.05667	0.87869	0.05435	0.0103
V547	0.04266	0.64828	0.28955	0.01951
V548	0.17642	0.74518	0.06858	0.00982
V549	0.36456	0.04808	0.56873	0.01863
V550	0.55975	0.02036	0	0.41989
V551	0.19658	0.70373	0.02762	0.07207
V552	0.00575	0.45622	0.00229	0.53573
V553	0.26172	0.13932	0.56881	0.03015
V554	0.04858	0.04532	0.0134	0.89271
V555	0.09555	0.18099	0.29154	0.43192
V556	0.00507	0.06009	0.8886	0.04624
V557	0.79926	0.02943	0.00775	0.16356
V558	0.07427	0.74973	0.02103	0.15497
V559	0.01629	0.80704	0.17237	0.00429
V560	0.69843	0.29052	0.00215	0.00891
V561	0.00525	0.0604	0.92052	0.01383
V562	0.78186	0.02225	0.08848	0.10741
V563	0.27491	0.03942	0.67501	0.01066
V564	0.06624	0.09171	0.82037	0.02169
V565	0.13457	0.22468	0.34064	0.30012
V566	0.69193	0.07192	0.00325	0.2329
V567	0.22863	0.37953	0.01799	0.37385
V568	0.22675	0	0.03514	0.7381
V569	0.65339	0.02266	0	0.32395
V570	0.03047	0.28447	0.59234	0.09272
V571	0.8228	0.10539	0.00168	0.07014
V572	0.47226	0.02706	0.37887	0.12181
V573	0.05803	0.11785	0.002	0.82212
V574	0.04397	0.78424	0.15248	0.01931
V575	0.01888	0.04567	0.09168	0.84378
V576	0.17445	0.77748	0.02931	0.01876
V577	0.03492	0.02056	0.16588	0.77864
V578	0.06019	0.06536	0.63135	0.24309
V579	0.01537	0.87666	0.07804	0.02993
V580	0.13987	0	0.07979	0.78034
V581	0.0594	0.03986	0	0.90074
V582	0.59005	0.10633	0.02212	0.2815
V583	0.00991	0.04219	0.52305	0.42485
V584	0.56886	0.1331	0.25063	0.04741
V585	0.00986	0.01136	0.37524	0.60354
V586	0.2596	0.03255	0.58875	0.1191
V587	0.29775	0.03877	0.62326	0.04022
V588	0.61326	0.03118	0.01587	0.33969
V589	0.06494	0.79908	0.05006	0.08591
V590	0.05631	0.76155	0.17177	0.01037
V591	0.00479	0.01649	0.15852	0.8202
V592	0.18377	0.06244	0.74892	0.00488
V593	0.58238	0.01299	0.14295	0.26167
V594	0.37974	0.26158	0.29756	0.06111
V595	0.02351	0.00544	0.01118	0.95987
V596	0.03585	0.2263	0.18686	0.55098
V597	0.00685	0.57064	0.30889	0.11363
V598	0.02141	0.12775	0.82872	0.02212
V599	0.65788	0.28165	0.02516	0.03531
V600	0.3881	0.42342	0.03796	0.15052
V601	0.16189	0.21286	0.05818	0.56706
V602	0.02396	0.00818	0.00549	0.96237
V603	0.01178	0.29602	0.00678	0.68542
V604	0.56428	0.10297	0.29566	0.03709
V605	0.07407	0.29556	0.367	0.26338
V606	0.73695	0.12249	0.00832	0.13224
V607	0.64385	0.01787	0.08071	0.25758
V608	0.23962	0.12847	0.34054	0.29137
V609	0.02669	0.18165	0.19523	0.59642
V610	0.76842	0.0263	0.06675	0.13852
V611	0.26999	0.00015	0.0343	0.69557
V612	0.02999	0.09771	0.78011	0.09219
V613	0.04066	0.33267	0.57086	0.05581
V614	0.76437	0.05186	0.03348	0.15029
V615	0.12107	0.02498	0.00206	0.85189
V616	0.08554	0.66273	0.03283	0.21891
V617	0.52013	0.14968	0.32625	0.00393
V618	0.69051	0.01283	0	0.29666
V619	0.39932	0.02784	0.26151	0.31132
V620	0.01418	0.66965	0.3056	0.01057
V621	0.45034	0.11515	0.13972	0.29479
V622	0.40391	0.2032	0.35379	0.0391
V623	0.01885	0.03882	0.10723	0.8351
V624	0.7989	0.17417	0.002	0.02493
V625	0.29328	0.44744	0.07827	0.18102
V626	0.94152	0.03899	0.00215	0.01733
V627	0.00674	0.0063	0.05116	0.9358
V628	0.00558	0.1678	0.00713	0.8195
V629	0.13299	0.24582	0.24436	0.37683
V630	0.04064	0.33134	0.56098	0.06704
V631	0.01887	0.13576	0.0762	0.76917
V632	0.5744	0.01001	0.10282	0.31276
V633	0.00468	0.05013	0.78114	0.16404
V634	0.4462	0.24666	0.29792	0.00922
V635	0.03077	0.70766	0.0042	0.25737
V636	0.13558	0.09686	0.60156	0.16601
V637	0.31308	0.14238	0.06483	0.47971
V638	0.39158	0.20381	0.05007	0.35454
V639	0.30401	0.41483	0.27704	0.00413
V640	0.04069	0.15087	0.74064	0.0678
V641	0.88066	0.04138	0.01855	0.0594
V642	0.77264	0.1458	0.00156	0.08
V643	0.01013	0.14924	0.40117	0.43946
V644	0.90435	0.07337	0.00573	0.01654
V645	0.29995	0.38901	0.28227	0.02877
V646	0.01704	0.96482	0.00705	0.01109
V647	0.16436	0.09111	0.6669	0.07763
V648	0.45324	0.39644	0.11245	0.03788
V649	0.0299	0.07866	0.81145	0.07999
V650	0.06316	0.09371	0.75141	0.09172
V651	0.3467	0.03731	0.60566	0.01033
V652	0.09177	0.0669	0.38159	0.45973
V653	0.13564	0.63485	0.08201	0.1475
V654	0.72678	0.16614	0.04275	0.06433
V655	0.03766	0.5027	0.01236	0.44728
V656	0.20464	0.20407	0.00582	0.58547
V657	0.02182	0.03528	0.00404	0.93886
V658	0.62916	0.16637	0.042	0.16246
V659	0.34982	0.07043	0.31524	0.26451
V660	0.0347	0.93271	0.00238	0.03021
V661	0.05833	0.34861	0.03694	0.55613
V662	0.44254	0.03139	0.40245	0.12362
V663	0.26786	0.07007	0.51495	0.14712
V664	0.23019	0.07338	0.63274	0.0637
V665	0.71481	0.15142	0.0295	0.10428
V666	0.56652	0.00785	0.0733	0.35233
V667	0.78913	0.0702	0.13724	0.00343
V668	0.13893	0.78405	0.07302	0.004
V669	0.26031	0.37812	0.22538	0.13618
V670	0.09004	0.87772	0.00237	0.02987
V671	0.40338	0.24997	0.22757	0.11908
V672	0.02122	0.05689	0.87636	0.04553
V673	0.25769	0.32689	0.20238	0.21304
V674	0.73136	0.11241	0.01271	0.14352
V675	0.14909	0.28774	0.29028	0.2729
V676	0.02747	0.06548	0.0758	0.83125
V677	0.41952	0.35229	0.07661	0.15158
V678	0.54078	0.43981	0.01059	0.00882
V679	0.05475	0.31757	0.60708	0.0206
V680	0.34191	0.51544	0.11463	0.02803
V681	0.89656	0.06032	0.00983	0.0333
V682	0.12756	0.29176	0.52574	0.05494
V683	0.0191	0.9623	0.01445	0.00415
V684	0.73307	0.13055	0.07212	0.06427
V685	0.53737	0.30392	0.10165	0.05706
V686	0.08932	0.12726	0.11599	0.66744
V687	0.0235	0.00128	0.01173	0.9635
V688	0.39487	0.44996	0.00115	0.15402
V689	0.23646	0	0.02838	0.73516
V690	0.50718	0.0476	0.36589	0.07933
V691	0.18025	0.04338	0.76496	0.01141
V692	0.08843	0.13342	0.68614	0.092
V693	0.24739	0.08092	0.32216	0.34953
V694	0.00977	0.0132	0.23437	0.74266
V695	0.23046	0.00163	0.11633	0.65157
V696	0.06862	0.0443	0.00741	0.87968
V697	0.01482	0.0255	0.00528	0.9544
V698	0.79544	0.0177	0.00789	0.17897
V699	0.60171	0.23842	0.05066	0.10921
V700	0.21703	0.00785	0.00192	0.7732
V701	0.12121	0.47261	0.0887	0.31748
V702	0.52894	0.05325	0.00627	0.41154
V703	0.13944	0.04355	0.429	0.38802
V704	0.81451	0.04121	0.01785	0.12642
V705	0.93399	0.02299	0.01007	0.03295
V706	0.08601	0.06122	0.73841	0.11435
V707	0.04094	0.42957	0.47431	0.05518
V708	0.0422	0.84628	0.01617	0.09536
V709	0.15384	0.24786	0.49431	0.10398
V710	0.62613	0.16593	0.03518	0.17276
V711	0.10163	0.78159	0.07592	0.04086
V712	0.804	0.04678	0.00393	0.14529
V713	0.45241	0.23871	0.02325	0.28562
V714	0.01269	0.6026	0.01358	0.37114
V715	0.33994	0.30351	0.27035	0.0862
V716	0.02968	0.01463	0.02768	0.92801
V717	0.09017	0.88714	0.00246	0.02023
V718	0.16365	0.53036	0.15561	0.15038
V719	0.06194	0.65658	0.02614	0.25534
V720	0.71256	0.02143	0.18502	0.08099
V721	0.13418	0.13397	0.43124	0.3006
V722	0.08967	0.26536	0.00586	0.63911
V723	0.09969	0.04332	0.00185	0.85514
V724	0.56992	0.0211	0.05873	0.35025
V725	0.00516	0.10641	0.84282	0.04561
V726	0.03657	0.31045	0.09536	0.55762
V727	0.29722	0.61877	0.07471	0.0093
V728	0.03424	0.87487	0.08045	0.01044
V729	0.3997	0.01114	0.12226	0.4669
V730	0.89948	0.03755	0.02979	0.03318
V731	0.02735	0.15306	0.35079	0.46881
V732	0.37457	0.06167	0.30192	0.26183
V733	0.66213	0.1453	0.02293	0.16963
V734	0.27459	0.29378	0.42192	0.00971
V735	0.0175	0.02289	0.41137	0.54824
V736	0.13322	0	0.00326	0.86352
V737	0.36357	0.2464	0.20786	0.18217
V738	0.08862	0.30376	0.42434	0.18328
V739	0.00396	0.02136	0.52885	0.44583
V740	0.85812	0.07596	0.04999	0.01593
V741	0.49544	0.0699	0.09404	0.34061
V742	0.4285	0.55573	0.01204	0.00372
V743	0.15482	0.13835	0.67562	0.03121
V744	0.54978	0.04201	0.27657	0.13163
V745	0.02208	0.66919	0.15894	0.14979
V746	0.95995	0.02781	0.00259	0.00965
V747	0.0587	0.02666	0.64448	0.27015
V748	0.13434	0.09126	0.54314	0.23126
V749	0.27947	0.12057	0.03477	0.56519
V750	0.44045	0.40062	0.01344	0.14549
V751	0.0539	0.84394	0.02846	0.0737
V752	0.49264	0.17942	0.10775	0.22019
V753	0.01703	0.00496	0.00215	0.97585
V754	0.01539	0.89949	0.00212	0.08299
V755	0.15749	0.15196	0.30083	0.38971
V756	0.02227	0	0.02882	0.94891
V757	0.37092	0.54299	0.04792	0.03817
V758	0.05313	0.74666	0.10129	0.09892
V759	0.12437	0.04335	0.34405	0.48823
V760	0.29824	0.04109	0.22922	0.43144
V761	0.07603	0.55928	0.25049	0.1142
V762	0.00576	0.30791	0.00674	0.6796
V763	0.40189	0.29227	0.01766	0.28818
V764	0.01506	0.8961	0.00541	0.08343
V765	0.65305	0.0628	0	0.28415
V766	0.01992	0.28495	0.40531	0.28982
V767	0.51709	0.09618	0.20432	0.18241
V768	0.06595	0.88746	0.0172	0.02938
V769	0.16053	0.79772	0.02301	0.01875
V770	0.01704	0.96482	0.00705	0.01109
V771	0.1913	0.04503	0.74315	0.02052
V772	0.15532	0.06627	0.76713	0.01129
V773	0.18302	0.79181	0.00609	0.01908
V774	0.02105	0.04851	0.88467	0.04577
V775	0.1087	0.02449	0.22758	0.63923
V776	0.46089	0.36577	0.03724	0.1361
V777	0.16966	0.07124	0.10528	0.65383
V778	0.56742	0.22733	0.0502	0.15505
V779	0.17773	0.03911	0.43628	0.34688
V780	0.12772	0.75263	0.11556	0.00409
V781	0.04072	0.00875	0.01555	0.93499
V782	0.01143	0.12144	0.77411	0.09303
V783	0.77659	0.02428	0.03281	0.16632
V784	0.12498	0.85303	0.01172	0.01028
V785	0.04489	0.91394	0.01138	0.02979
V786	0.75038	0.13218	0.06413	0.05332
V787	0.0082	0.83788	0.14343	0.01049
V788	0.5536	0.26348	0.12559	0.05732
V789	0.06817	0.28874	0.01728	0.62581
V790	0.43932	0.0178	0.05275	0.49013
V791	0.1509	0.34055	0.30145	0.2071
V792	0.13814	0.46495	0.00296	0.39395
V793	0.13208	0.60015	0.02546	0.2423
V794	0.0511	0.08675	0.75807	0.10408
V795	0.09854	0.01823	0.03756	0.84568
V796	0.03104	0.0982	0.83785	0.03292
V797	0.77364	0.02586	0.18443	0.01607
V798	0.65546	0.26017	0.05866	0.0257
V799	0.14568	0.73793	0.02136	0.09504
V800	0.06736	0.02613	0.44752	0.45898
V801	0.13932	0.08403	0.27892	0.49773
V802	0.03487	0.04894	0.22231	0.69387
V803	0.25477	0.5026	0.23837	0.00426
V804	0.55658	0.03013	0.32592	0.08737
V805	0.01575	0.05806	0.92041	0.00579
V806	0.05478	0.88379	0.01074	0.05069
V807	0.25042	0.10078	0.02224	0.62657
V808	0.69224	0.23246	0.03064	0.04465
V809	0.0476	0.07211	0.87498	0.00531
V810	0.01765	0.96822	0.00273	0.0114
V811	0.43787	0.05245	0.16256	0.34712
V812	0.5739	0.21442	0.03581	0.17587
V813	0.63864	0.16653	0.15858	0.03625
V814	0.4655	0.4915	0.03403	0.00897
V815	0.00896	0.91623	0.06398	0.01084
V816	0.91809	0.02888	0.04953	0.00349
V817	0.03145	0.09422	0.85209	0.02223
V818	0.00671	0.02458	0.02255	0.94616
V819	0.84303	0.0702	0.03539	0.05138
V820	0.12085	0.05613	0.01144	0.81159
V821	0.24878	0.28985	0.36061	0.10076
V822	0.07712	0.05506	0.83536	0.03246
V823	0.03015	0.18075	0.65755	0.13155
V824	0.10462	0.38317	0.5075	0.0047
V825	0.2414	0.24569	0.22084	0.29206
V826	0.47496	0.37808	0.12982	0.01715
V827	0.40802	0.54459	0.01005	0.03735
V828	0.22187	0.11335	0.08232	0.58246
V829	0.03595	0.18276	0.02338	0.75791
V830	0.21781	0.16582	0.01575	0.60062
V831	0.77703	0.07004	0.0227	0.13023
V832	0.2968	0.3521	0.14125	0.20985
V833	0.16317	0.46526	0.1553	0.21627
V834	0.28328	0.04284	0.05498	0.61891
V835	0.39522	0.40448	0.09495	0.10536
V836	0.01299	0.60564	0.00354	0.37784
V837	0.24287	0.33142	0.16129	0.26442
V838	0.92046	0.05046	0.02028	0.00881
V839	0.33443	0.57428	0.08208	0.00922
V840	0.3179	0.67094	0.00727	0.00389
V841	0.00493	0.06577	0.84924	0.08006
V842	0.38157	0.13071	0.22142	0.2663
V843	0.01984	0.04935	0.8277	0.10312
V844	0.11439	0.06397	0.32724	0.4944
V845	0.07653	0.1078	0.72418	0.09149
V846	0.00432	0.03289	0.69314	0.26965
V847	0.00955	0.00011	0.00822	0.98212
V848	0.09844	0.45957	0.14596	0.29603
V849	0.00874	0.93431	0.00647	0.05048
V850	0.94736	0.02514	0.01063	0.01687
V851	0.37004	0.50004	0.12592	0.00399
V852	0.09715	0.02569	0.09585	0.78131
V853	0.27475	0.19504	0.36754	0.16268
V854	0.62387	0.132	0.07975	0.16437
V855	0.00955	0.00011	0.00822	0.98212
V856	0.0488	0.31301	0.32193	0.31626
V857	0.69117	0.13924	0.02326	0.14633
V858	0.59216	0.03241	0.36643	0.00901
V859	0.67615	0.19548	0.01325	0.11511
V860	0.17949	0.06906	0.0356	0.71585
V861	0.10494	0.35491	0.52023	0.01992
V862	0.15062	0.09192	0.69213	0.06533
V863	0.18678	0.03068	0	0.78254
V864	0.05792	0.01297	0.0327	0.89641
V865	0.1069	0.00355	0.21344	0.67611
V866	0.74771	0.03304	0.20337	0.01588
V867	0.74785	0.03821	0.20534	0.0086
V868	0.55322	0.23706	0.10852	0.1012
V869	0.02624	0.95582	0.00709	0.01085
V870	0.10107	0.26697	0.01099	0.62098
V871	0.00874	0.93431	0.00647	0.05048
V872	0.01007	0.00663	0.19893	0.78438
V873	0.88618	0.03763	0.03496	0.04123
V874	0.22032	0.75145	0.02435	0.00388
V875	0.01824	0.13793	0.16369	0.68014
V876	0.18039	0.30406	0.38799	0.12756
V877	0.04888	0.35219	0.27011	0.32882
V878	0.15018	0.79084	0.055	0.00398
V879	0.21005	0.65021	0.03337	0.10637
V880	0.32709	0.48791	0.00401	0.181
V881	0.15631	0.04695	0.54629	0.25044
V882	0.79724	0.02025	0.09513	0.08738
V883	0.32141	0.19627	0.47808	0.00425
V884	0.01991	0.21122	0	0.76887
V885	0.7329	0.19376	0.06984	0.0035
V886	0.02062	0.34128	0.44244	0.19566
V887	0.65469	0.05195	0.12314	0.17022
V888	0.10994	0.05985	0.70399	0.12622
V889	0.91003	0.05127	0.01463	0.02406
V890	0.03859	0.1279	0.58381	0.24971
V891	0.6597	0.0507	0.23545	0.05414
V892	0.27422	0.12666	0.00548	0.59363
V893	0.61951	0.18088	0.12194	0.07766
V894	0.07802	0.30691	0.55951	0.05555
V895	0.61625	0.05264	0.15845	0.17266
V896	0.04549	0.91805	0.00641	0.03005
V897	0.70571	0.21639	0.00467	0.07324
V898	0.43576	0.00059	0.00198	0.56168
V899	0.0267	0.13515	0.10807	0.73007
V900	0.08482	0.25656	0.33045	0.32817
V901	0.04164	0.78892	0.0048	0.16463
V902	0.05647	0.89496	0.03823	0.01033
V903	0.01278	0.41853	0.50201	0.06668
V904	0.0267	0.95956	0.00255	0.01118
V905	0.13891	0	0.13458	0.72651
V906	0.40032	0.06018	0.07858	0.46092
V907	0.45772	0.45965	0.01461	0.06802
V908	0.01225	0.02068	0.04805	0.91903
V909	0.14533	0.75976	0.00184	0.09307
V910	0.15057	0	0.08656	0.76287
V911	0.54541	0.34167	0.02491	0.08801
V912	0.42096	0.27543	0.10197	0.20164
V913	0.1019	0	0.00414	0.89396
V914	0.20808	0.47312	0.26605	0.05274
V915	0.20472	0	0.0022	0.79308
V916	0.28154	0.06425	0.59187	0.06234
V917	0.72469	0.03432	0.12916	0.11183
V918	0.05222	0.6129	0.20889	0.12599
V919	0.21401	0.19095	0.26175	0.33328
V920	0.64663	0.16175	0.07234	0.11928
V921	0.02833	0.10932	0.01829	0.84406
V922	0.11608	0.45223	0.36645	0.06524
V923	0.06891	0.00185	0.02629	0.90295
V924	0.04198	0.66772	0.24818	0.04213
V925	0.16505	0.01199	0.0068	0.81616
V926	0.18605	0.00684	0.01766	0.78945
V927	0.02074	0.01511	0.0345	0.92965
V928	0.05397	0.85718	0.00535	0.08351
V929	0.06292	0.6024	0.10956	0.22512
V930	0.53585	0.3183	0.02442	0.12143
V931	0.15416	0.25738	0.4845	0.10396
V932	0.03806	0.09795	0.56372	0.30026
V933	0.61973	0.35365	0.00992	0.0167
V934	0.01071	0.10453	0.22734	0.65742
V935	0.60082	0.13402	0.1759	0.08926
V936	0.53834	0.21878	0.01232	0.23056
V937	0.55511	0.09258	0.06245	0.28985
V938	0.38976	0.03893	0.25636	0.31494
V939	0.74509	0.02372	0.05243	0.17876
V940	0.03292	0.78348	0.13081	0.05279
V941	0.00585	0.05603	0.92395	0.01417
V942	0.76131	0.16356	0.05011	0.02502
V943	0.43862	0.11296	0.37653	0.07188
V944	0.01909	0.20124	0.04399	0.73568
V945	0.58039	0.30362	0.0087	0.10729
V946	0.49828	0.23282	0.2205	0.0484
V947	0.07542	0.02629	0.18396	0.71433
V948	0.37654	0.04631	0.5486	0.02855
V949	0.0042	0.06855	0.16178	0.76548
V950	0.06215	0.49327	0.18716	0.25743
V951	0.83473	0.03244	0.12439	0.00844
V952	0.06757	0.08622	0.21903	0.62718
V953	0.0208	0.07598	0.85796	0.04525
V954	0.03577	0.1265	0.10744	0.73028
V955	0.12918	0.53611	0.01924	0.31547
V956	0.03467	0.02501	0.44569	0.49463
V957	0.31075	0.00433	0	0.68492
V958	0.01813	0	0.00266	0.97921
V959	0.26251	0.23709	0.39997	0.10042
V960	0.23916	0.21294	0.05823	0.48967
V961	0.1521	0.35512	0.32556	0.16723
V962	0.40416	0.14605	0.35337	0.09642
V963	0.6324	0.13892	0.12971	0.09898
V964	0.8441	0.03791	0.07601	0.04198
V965	0.06093	0.44985	0.16488	0.32434
V966	0.94385	0.0331	0.00625	0.0168
V967	0.05682	0.03855	0.46479	0.43983
V968	0.00529	0.15092	0.75109	0.09271
V969	0.01118	0.22046	0.02374	0.74462
V970	0.03618	0.08865	0.37346	0.5017
V971	0.53826	0.07637	0.28448	0.10088
V972	0.5231	0.15011	0.03478	0.29202
V973	0.28825	0.35923	0.06034	0.29219
V974	0.01408	0.76521	0.11091	0.1098
V975	0.11521	0.2934	0.58076	0.01064
V976	0.46574	0.19939	0.09089	0.24399
V977	0.36034	0.3343	0.29599	0.00937
V978	0.05725	0.05067	0.04496	0.84713
V979	0.81173	0.03236	0.14753	0.00838
V980	0.95995	0.02781	0.00259	0.00965
V981	0.358	0.03417	0.37389	0.23393
V982	0.47575	0.35106	0.05968	0.11351
V983	0.68043	0.04616	0.00292	0.2705
V984	0.02343	0.8291	0.09516	0.05231
V985	0.06703	0.13484	0.00189	0.79624
V986	0.35179	0.46965	0.03836	0.1402
V987	0.26357	0.70606	0.00225	0.02812
V988	0.19523	0.00191	0.00668	0.79618
V989	0.47928	0.43272	0.06108	0.02692
V990	0.00478	0.06164	0.74488	0.1887
V991	0.65903	0.32178	0.00218	0.01702
V992	0.21421	0.02151	0.452	0.31228
V993	0.07678	0.71042	0.14931	0.06349
V994	0.20987	0.74887	0.02267	0.01859
V995	0.74143	0.08218	0.02293	0.15346
V996	0.25852	0.07649	0.00594	0.65905
V997	0.019	0.03933	0.77873	0.16295
V998	0.86621	0.0275	0.04714	0.05915
V999	0.13732	0.84953	0.0026	0.01055
V1000	0.29127	0.0091	0	0.69963
