CD56NK	CD4MemoryT	CD19B	CD14
V1	0.5674	0	0.16424	0.26835
V2	0.15087	0.048	0.04689	0.75424
V3	0.06581	0.55478	0.01166	0.36775
V4	0.90389	0.07655	0	0.01956
V5	0.12947	0.4021	0.28791	0.18053
V6	0.09821	0.85514	0.0228	0.02385
V7	0.1625	0.28252	0.08685	0.46813
V8	0.14135	0.0014	0.82672	0.03054
V9	0.25568	0.17071	0.03435	0.53927
V10	0.01665	0.00186	0.92825	0.05323
V11	0.24183	0.28428	0.46974	0.00415
V12	0.0295	0.52897	0.42863	0.01291
V13	0.32891	0.64401	0.00521	0.02188
V14	0.08805	0.89919	0.00652	0.00625
V15	0.14395	0.536	0.13732	0.18274
V16	0.93523	0.0198	0.0179	0.02707
V17	0.11153	0.85114	0.01336	0.02398
V18	0.64194	0.27795	0.04281	0.0373
V19	0.20263	0.77762	0.00567	0.01407
V20	0.19114	0.38451	0.01855	0.4058
V21	0.14229	0.01964	0.80837	0.0297
V22	0.01797	0.04944	0.20426	0.72834
V23	0.40918	0.01279	0.57373	0.0043
V24	0.95893	0.01209	0.02898	0
V25	0.38134	0.16901	0.13407	0.31559
V26	0.44709	0.31202	0.01776	0.22313
V27	0.09499	0.02508	0.0158	0.86413
V28	0.00115	0.01329	0.98508	0.00049
V29	0.46802	0.00543	0.49971	0.02684
V30	0.10998	0.1467	0.29395	0.44938
V31	0.22459	0.12743	0.31452	0.33345
V32	0.07352	0.00769	0.0263	0.89249
V33	0.05144	0.42754	0.41157	0.10945
V34	0.14172	0.00827	0.82005	0.02996
V35	0.20274	0.6733	0.09174	0.03222
V36	0.00752	0.01129	0.48394	0.49725
V37	0.57219	0.03522	0.09444	0.29814
V38	0.43656	0	0.16548	0.39795
V39	0.20031	0.49675	0.14654	0.1564
V40	0.12535	0.78795	0.0867	0
V41	0.00879	0.62009	0.04782	0.3233
V42	0.22879	0.00835	0.20651	0.55634
V43	0.15194	0.26719	0.55113	0.02973
V44	0.01592	0.0322	0.77435	0.17753
V45	0.11993	0.52894	0.2528	0.09833
V46	0.83652	0.04003	0.11956	0.00389
V47	0.4995	0.12603	0.32851	0.04596
V48	0.85184	0.12468	0.0047	0.01877
V49	0.78124	0.13669	0	0.08207
V50	0.08522	0.81161	0.09778	0.00538
V51	0.36398	0.32784	0.27938	0.02881
V52	0.02642	0.05877	0.88319	0.03162
V53	0.77033	0.07976	0.14992	0
V54	0.47123	0.12925	0.38084	0.01868
V55	0.22963	0.07489	0.24995	0.44553
V56	0.04098	0.00239	0.07786	0.87877
V57	0.12464	0.8382	0.02297	0.01419
V58	0.64945	0	0.03883	0.31171
V59	0.50049	0.33578	0.11572	0.04801
V60	0.1426	0.09461	0.34583	0.41696
V61	0.84583	0.06376	0.0103	0.08011
V62	0.90926	0.01375	0.06614	0.01085
V63	0.02103	0.81329	0.14236	0.02331
V64	0.01025	0.82696	0	0.16279
V65	0.01193	0	0.08978	0.89829
V66	0.26528	0.63959	0.02005	0.07508
V67	0.17827	0.25743	0.55264	0.01166
V68	0.16439	0.09458	0.0199	0.72113
V69	0.02698	0.24074	0.68057	0.0517
V70	0.5946	0.09513	0.18617	0.12411
V71	0.17601	0.03342	0.38797	0.4026
V72	0.62674	0.10132	0.09631	0.17562
V73	0.18682	0.55573	0.1597	0.09775
V74	0.06512	0.1618	0.77308	0
V75	0.72655	0	0.18715	0.08629
V76	0.00152	0.11488	0.18654	0.69706
V77	0.03968	0.22298	0.00542	0.73193
V78	0.3297	0.06551	0.1912	0.41359
V79	0.00661	0.04961	0.85101	0.09277
V80	0.37606	0.00084	0.53995	0.08315
V81	0.06303	0.10424	0.82772	0.005
V82	0.00053	0.03012	0.96253	0.00682
V83	0.14151	0.11942	0.07449	0.66459
V84	0.41452	0.01871	0.16353	0.40324
V85	0.12511	0.24174	0.44647	0.18667
V86	0.04877	0.01513	0.89486	0.04124
V87	0.04309	0.81522	0.06172	0.07997
V88	0.17385	0.02692	0.27357	0.52566
V89	0.01891	0.00152	0.19864	0.78092
V90	0.03325	0.88718	0.06492	0.01465
V91	0.04192	0.70377	0.22087	0.03344
V92	0.48343	0.00348	0.38192	0.13116
V93	0.89944	0.00393	0	0.09663
V94	0.01854	0.37367	0.01962	0.58816
V95	0.30335	0.35949	0.17504	0.16212
V96	0.07248	0.06003	0.02238	0.84511
V97	0.72744	0.0624	0.20636	0.00381
V98	0.74975	0.23833	0	0.01192
V99	0.83034	0.02061	0.14517	0.00388
V100	0.08443	0.00506	0.88877	0.02173
V101	0.01526	0.01228	0.00745	0.96501
V102	0.95394	0.0289	0.00532	0.01184
V103	0.01129	0.01977	0.08835	0.88059
V104	0.03692	0.9497	0.00673	0.00665
V105	0.0747	0.90398	0.01522	0.0061
V106	0.14261	0.44715	0.36878	0.04147
V107	0.21282	0.13563	0.60274	0.04882
V108	0.18951	0.70462	0.10587	0
V109	0.01588	0.10053	0.63125	0.25235
V110	0.07219	0.86212	0.04184	0.02385
V111	0.92807	0	0.06722	0.00471
V112	0.13739	0.02734	0.44372	0.39154
V113	0.20272	0.05969	0.18038	0.55721
V114	0.25206	0.0203	0.08033	0.64731
V115	0.00963	0.71868	0.2664	0.0053
V116	0.16382	0.24028	0.40991	0.18599
V117	0.74043	0.19005	0.03324	0.03628
V118	0.19791	0.51209	0.03641	0.2536
V119	0.11548	0.04278	0.04875	0.79299
V120	0.08522	0.03062	0.87134	0.01282
V121	0.64164	0.0779	0.09565	0.18482
V122	0.97629	0.00016	0.01165	0.01189
V123	0.00902	0.44193	0.04782	0.50123
V124	0.71793	0.22582	0	0.05625
V125	0.45147	0.33952	0.18948	0.01954
V126	0.03866	0.09924	0.04953	0.81258
V127	0.172	0.02071	0.26183	0.54545
V128	0.02946	0.00231	0.10479	0.86345
V129	0.63715	0.16866	0.16718	0.02701
V130	0.00875	0.60806	0.37815	0.00504
V131	0.03268	0.87471	0	0.0926
V132	0.95573	0	0.0254	0.01887
V133	0.93547	0.00394	0.04952	0.01108
V134	0.12648	0.31692	0.14421	0.41239
V135	0.08045	0.00526	0.17819	0.7361
V136	0.27885	0.32781	0.01085	0.38249
V137	0.68402	0.01281	0.24179	0.06138
V138	0.24758	0.3299	0.19816	0.22436
V139	0.39536	0.14179	0.2067	0.25615
V140	0.02947	0.05346	0.05136	0.86571
V141	0.07016	0.09856	0.57915	0.25213
V142	0.80493	0	0.19507	0
V143	0.48242	0.19522	0.07043	0.25193
V144	0.17956	0.10124	0.17522	0.54397
V145	0.00108	0.72689	0.26655	0.00547
V146	0.05271	0.00324	0.02772	0.91633
V147	0.9388	0.00809	0.01776	0.03535
V148	0.14046	0.03491	0.60309	0.22154
V149	0.31278	0.4432	0.23983	0.00419
V150	0.09944	0.17615	0.64157	0.08284
V151	0.25195	0.56702	0.03687	0.14417
V152	0.27812	0.3733	0.2433	0.10528
V153	0.13354	0.71012	0.02058	0.13576
V154	0.28949	0.38338	0.2976	0.02954
V155	0.52229	0.09	0.29339	0.09432
V156	0.03514	0.08459	0.74412	0.13615
V157	0.33797	0.10048	0.32951	0.23204
V158	0.01512	0	0.02296	0.96192
V159	0.91698	0.03841	0	0.04461
V160	0.70608	0	0.06337	0.23054
V161	0.21355	0.00086	0.02917	0.75642
V162	0.07345	0.23256	0.08685	0.60714
V163	0.11723	0.42104	0.19293	0.2688
V164	0.38789	0.23664	0.11465	0.26081
V165	0.01099	0.20624	0.00078	0.78199
V166	0.01111	0.06099	0.07006	0.85784
V167	0.35173	0	0.00585	0.64242
V168	0.34496	0.50563	0.08753	0.06188
V169	0.19428	0.02793	0.03709	0.7407
V170	0.11332	0.00482	0.53226	0.3496
V171	0.14862	0.1776	0.63394	0.03985
V172	0.73706	0	0.25881	0.00413
V173	0.02911	0.09995	0.04036	0.83058
V174	0.01903	0.11456	0.07767	0.78874
V175	0.06876	0.00029	0.80028	0.13067
V176	0.00979	0.78665	0.19806	0.0055
V177	0.01272	0.97036	0	0.01692
V178	0.00936	0.72681	0.00466	0.25918
V179	0.16982	0.00059	0.38564	0.44395
V180	0.03588	0.87445	0.08967	0
V181	0.18317	0.07933	0.57046	0.16704
V182	0.33744	0.12116	0.48389	0.05751
V183	0.22807	0.76051	0.0059	0.00552
V184	0.99274	0	0.00726	0
V185	0.63745	0.34603	0.01213	0.00439
V186	0.14241	0.41465	0.29882	0.14411
V187	0.96774	0.00051	0.02674	0.00501
V188	0.06298	0.1776	0.00026	0.75916
V189	0.83377	0.0069	0.01666	0.14267
V190	0.68479	0.00064	0.3105	0.00407
V191	0.21267	0.14658	0.60185	0.03889
V192	0.35509	0.39395	0.05421	0.19675
V193	0.63317	0.01166	0.23619	0.11898
V194	0.04799	0.92062	0.00591	0.02549
V195	0.00886	0.0085	0.97569	0.00696
V196	0.01314	0.04352	0.01172	0.93162
V197	0.42744	0.02486	0.02498	0.52272
V198	0.07721	0.43919	0.41976	0.06385
V199	0.17173	0.00887	0.17636	0.64304
V200	0.15401	0.49978	0.01895	0.32726
V201	0.11887	0.49229	0.21802	0.17082
V202	0.01562	0.00418	0.79438	0.18582
V203	0.19557	0.35705	0.42708	0.02031
V204	0.0095	0.46717	0.00422	0.51911
V205	0.01719	0.02647	0.94247	0.01388
V206	0.05133	0.05396	0.8893	0.00541
V207	0.14232	0.1366	0.05557	0.6655
V208	0.27537	0.03211	0.68102	0.01151
V209	0.35628	0.39551	0.07499	0.17323
V210	0.10956	0.7293	0.10582	0.05532
V211	0.42965	0.00365	0.03326	0.53344
V212	0.54151	0.0152	0.42531	0.01799
V213	0.66002	0.01153	0.11072	0.21774
V214	0.36191	0.10574	0.17344	0.35891
V215	0.30382	0.06062	0.01817	0.6174
V216	0.03424	0	0.02195	0.94381
V217	0.05103	0.42568	0.26472	0.25856
V218	0.11594	0.37738	0.19023	0.31644
V219	0.13044	0.57744	0.01181	0.28032
V220	0.00949	0.7984	0.00453	0.18758
V221	0.81742	0	0.00408	0.17849
V222	0.34827	0.08383	0.38334	0.18457
V223	0.00659	0.08867	0.82206	0.08267
V224	0.97853	0	0.02147	0
V225	0.07359	0.85638	0.06441	0.00562
V226	0.33677	0.04573	0.60633	0.01117
V227	0.80385	0	0.18565	0.0105
V228	0.81148	0.03593	0.06419	0.08841
V229	0.01705	0.00627	0.95316	0.02352
V230	0.01374	0.01119	0.02202	0.95305
V231	0.01769	0.21276	0.11919	0.65036
V232	0.05464	0.59323	0	0.35213
V233	0.6076	0.04951	0.20139	0.14151
V234	0.04797	0.90401	0.03307	0.01495
V235	0.40791	0.02915	0.53556	0.02738
V236	0.04792	0.03415	0.83684	0.08109
V237	0.15926	0.00131	0.03132	0.80811
V238	0.15752	0.49284	0.29746	0.05218
V239	0.0749	0.33252	0.01867	0.57391
V240	0.51955	0.01418	0.42208	0.04419
V241	0.01617	0.00169	0.90969	0.07246
V242	0.16309	0.71776	0.10609	0.01306
V243	0.2617	0.01665	0.64518	0.07648
V244	0.21856	0	0.69604	0.0854
V245	0.66557	0.22739	0.05097	0.05607
V246	0.06137	0.10026	0.81739	0.02098
V247	0.17897	0.00615	0.81488	0
V248	0.02113	0.01504	0.0451	0.91873
V249	0.00038	0.01647	0.90981	0.07333
V250	0.78294	0	0.21294	0.00412
V251	0.96512	0.02375	0.00602	0.00511
V252	0.01177	0.81126	0.17697	0
V253	0.38523	0.03688	0.16594	0.41195
V254	0.01191	0.92627	0.05556	0.00626
V255	0.05922	0.8933	0	0.04749
V256	0.20037	0.15206	0.55655	0.09102
V257	0.4566	0.05736	0.24053	0.24552
V258	0.20258	0.1999	0.46063	0.13689
V259	0.03737	0.23164	0.68961	0.04138
V260	0.00046	0.23037	0.7638	0.00537
V261	0.64451	0.01124	0.19592	0.14833
V262	0.09476	0.03146	0.0158	0.85798
V263	0.02362	0.94943	0	0.02694
V264	0.17373	0.01432	0.43843	0.37352
V265	0.02883	0	0.13249	0.83867
V266	0.70734	0.28684	0.00582	0
V267	0.00077	0.12295	0.29695	0.57933
V268	0.39605	0.00721	0.14172	0.45502
V269	0.00769	0.49553	0.44316	0.05363
V270	0.67142	0.00716	0.24225	0.07917
V271	0.83482	0.03631	0.03078	0.0981
V272	0.06882	0.79185	0.01234	0.12699
V273	0.05152	0.00777	0.03631	0.90439
V274	0.71665	0	0.17846	0.10488
V275	6e-04	0.00982	0.98219	0.00739
V276	0.56209	0.26698	0.0103	0.16063
V277	0.03724	0.1485	0.16704	0.64722
V278	0.03545	0.02904	0.29521	0.64031
V279	0.72294	0.02843	0.11105	0.13757
V280	0.01512	0	0.02296	0.96192
V281	0.56613	0.01108	0.13926	0.28353
V282	0.05859	0.0345	0.84594	0.06097
V283	0.25203	0.51341	0.06733	0.16722
V284	0.03443	0.89452	0.06517	0.00587
V285	0.07724	0.00354	0.91896	0.00026
V286	0.29286	0.47886	0.12179	0.10649
V287	0.12388	0.83898	0.01331	0.02383
V288	0.01668	0.21075	0.46562	0.30696
V289	0.31832	0.15708	0.44552	0.07909
V290	0.86251	0.12504	0.01245	0
V291	0.52155	0.03526	0.43258	0.01062
V292	0.94706	0	0	0.05294
V293	0.31671	0.00246	0.64374	0.03709
V294	0.09837	0.29802	0	0.60361
V295	0.01749	0.12211	0.19834	0.66207
V296	0.19588	0.0741	0.64052	0.08949
V297	0.0717	0	0.06761	0.8607
V298	0.32855	0.0598	0.60045	0.0112
V299	0.07466	0.21224	0.01238	0.70072
V300	0.00174	0.01303	0.22971	0.75553
V301	0.13003	0.06622	0.68045	0.12331
V302	0.71303	0.27498	0	0.012
V303	0.00094	0.53701	0.42934	0.03271
V304	0.05651	0.00766	0.76164	0.1742
V305	0.13158	0.10594	0.48787	0.27461
V306	0.85044	0.05779	0.0481	0.04368
V307	0.02311	0.94601	0.01508	0.0158
V308	0.25267	0.1642	0.31834	0.2648
V309	0.36784	0.24251	0.02494	0.36471
V310	0.08723	0.2445	0.16142	0.50685
V311	0.5852	0.4048	0.00533	0.00467
V312	0.12109	0.69349	0.16319	0.02222
V313	0.00434	0.07424	0.01793	0.90348
V314	0.01845	0.403	0.12428	0.45427
V315	0.14391	0.56185	0.0369	0.25734
V316	0.33514	0.08437	0.40624	0.17424
V317	0.10754	0.64716	0.04764	0.19767
V318	0.04024	0.48474	0.01133	0.46369
V319	0.06036	0.02896	0.87946	0.03121
V320	0.08334	0.09163	0.68942	0.13561
V321	0.69686	0.2973	0.00584	0
V322	0.21361	0.24952	0.07483	0.46204
V323	0.05061	0.00624	0.08568	0.85747
V324	0.72094	0.19162	0.06897	0.01847
V325	0.36385	0.57408	0.0575	0.00457
V326	0.00071	0.49086	0.10223	0.4062
V327	0.01891	0.09825	0.10621	0.77663
V328	0.04592	0.00765	0.76078	0.18564
V329	0.17723	0.06755	0.17258	0.58265
V330	0.39828	0	0.33369	0.26802
V331	0.35273	0.0512	0.04233	0.55374
V332	0.00956	0.02469	0.18273	0.78302
V333	0.45129	0.03807	0.39577	0.11487
V334	0.36352	0	0.35569	0.28079
V335	0.02706	0.26554	0.56608	0.14132
V336	0.21367	0.64457	0.02016	0.12159
V337	0.32335	0.33075	0.31684	0.02906
V338	0.00266	0.98297	0.00706	0.0073
V339	0.13166	0.00164	0.86116	0.00554
V340	0.06039	0.16176	0.56869	0.20916
V341	0.02047	0.01426	0.06125	0.90402
V342	0.25447	0	0.6106	0.13493
V343	0.98332	0.00516	0.00613	0.0054
V344	0.71643	0.10412	0.17945	0
V345	0.00986	0.01087	0.97888	0.00039
V346	0.24253	0.06705	0.29434	0.39608
V347	0.03951	0.00204	0.12225	0.8362
V348	0.06681	0.59788	0.1624	0.17291
V349	0.37673	0.10879	0.40562	0.10887
V350	0.03407	0.76783	0.19811	0
V351	0.01686	0.01117	0.39733	0.57465
V352	0.04736	0.00491	0.86731	0.08042
V353	0.90166	0.00696	0.03097	0.06041
V354	0.05533	0.64566	0.25538	0.04362
V355	0.29109	0.03945	0.47541	0.19405
V356	0.02945	0.00667	0.09656	0.86732
V357	0.12526	0.25855	0.30533	0.31086
V358	0.56482	0.06247	0.0488	0.32391
V359	0.58352	0.02902	0.03076	0.35671
V360	0.61297	0.35609	0.01933	0.01162
V361	0.00059	0.38889	0.60534	0.00518
V362	0.00271	0.97431	0.01589	0.00709
V363	0.18066	0.06973	0.49144	0.25816
V364	0.16552	0.03001	0.70526	0.09921
V365	0.26003	0.01059	0.01278	0.71659
V366	0.09437	0.62761	0.09228	0.18574
V367	0.59411	0.09275	0.0036	0.30954
V368	0.10826	0.68708	0.09233	0.11233
V369	0.01778	0.33836	0.63892	0.00494
V370	0.32979	0.20819	0.43369	0.02833
V371	0.22614	0.66853	0.02941	0.07591
V372	0.1608	0.02717	0.11946	0.69257
V373	0.0829	0.08754	0.49722	0.33235
V374	0.7935	0.00081	0.20569	0
V375	0.03777	0.01777	0.14176	0.8027
V376	0.02898	0.01326	0.09612	0.86164
V377	0.78366	0	0.01017	0.20617
V378	0.0077	0.0113	0.40727	0.57373
V379	0.35115	0.14087	0.01017	0.49781
V380	0.15034	0.04044	0.20196	0.60726
V381	0.74452	0.00251	0.09019	0.16277
V382	0.08646	0.01103	0.89692	0.00559
V383	0.84011	0	0.04651	0.11338
V384	0.57761	0.04278	0.13305	0.24656
V385	0.87332	0.00279	0.07267	0.05122
V386	0.29794	0.00325	0.14272	0.55609
V387	0.62684	0.09554	0.19452	0.0831
V388	0.41779	0.25563	0.15829	0.16829
V389	0.4738	0.44416	0.01123	0.0708
V390	0.32532	0.19199	0.47864	0.00405
V391	0.42685	0.0653	0.01642	0.49143
V392	0.45876	0.15823	0.17477	0.20824
V393	0.30617	0.16531	0.37225	0.15626
V394	0.09633	0.16448	0.11743	0.62176
V395	0.24779	0.31874	0.22154	0.21193
V396	0.01199	0.95544	0.00614	0.02643
V397	0.81318	0.05052	0.10183	0.03448
V398	0.46864	0.08745	0.09848	0.34542
V399	0.2272	0.48421	0.16902	0.11957
V400	0.00088	0.51195	0.06906	0.4181
V401	0.03605	0.10356	0.77822	0.08217
V402	0.83374	0.13089	0.03538	0
V403	0.02039	0.00787	0.0703	0.90144
V404	0.09806	0.13711	0.66126	0.10358
V405	0.21778	0.01413	0.16626	0.60182
V406	0.68921	0.18874	0.01733	0.10471
V407	0.00266	0.98297	0.00706	0.0073
V408	0.09882	0.17936	0.42878	0.29305
V409	0.00636	0.00482	0.02312	0.9657
V410	0.11132	0.83344	0.03172	0.02352
V411	0.43205	0.00012	0	0.56783
V412	0.16507	0.03989	0.51721	0.27783
V413	0.06384	0.41238	0.20309	0.32069
V414	0.03802	0.43883	0.37697	0.14617
V415	0.45403	0.01188	0.23197	0.30212
V416	0.0093	0.04691	0.94358	0.00021
V417	0.44226	0.54735	0.00552	0.00487
V418	0.07144	0.06346	0.14131	0.72379
V419	0.01478	0	0.03067	0.95455
V420	0.0013	0.86939	0.01305	0.11625
V421	0.16321	0.0165	0.70067	0.11961
V422	0.04302	0.03475	0.01086	0.91137
V423	0.08443	0.00506	0.88877	0.02173
V424	0.00042	0.02448	0.63102	0.34408
V425	0.0608	0.17578	0.64666	0.11676
V426	0.09433	0.0191	0.81698	0.06959
V427	0.07627	0.32151	0.21083	0.39139
V428	0.10879	0.73064	0.05978	0.10079
V429	0.01394	0	0.039	0.94705
V430	0.79167	0.11908	0.01701	0.07224
V431	0.1846	0.00874	0.45799	0.34867
V432	0.10507	0.05737	0.04832	0.78924
V433	0.0675	0.6766	0	0.2559
V434	0.33943	0.04456	0.05221	0.56379
V435	0.51084	0.0025	0.12058	0.36608
V436	0.37761	0.00304	0.11473	0.50462
V437	0.23871	0.17111	0.00369	0.58649
V438	0.64128	0.10904	0.03161	0.21807
V439	0.03116	0.06318	0.00971	0.89595
V440	0.48534	0.01827	0.03196	0.46442
V441	0.0697	0.08258	0.63068	0.21704
V442	0.35171	0.27006	0.14929	0.22894
V443	0.74924	0	0.08931	0.16145
V444	0.00986	0.01087	0.97888	0.00039
V445	0.63313	0.00399	0.33683	0.02605
V446	0.04283	0.80422	0.06158	0.09137
V447	0.6605	0.05614	0.18181	0.10155
V448	0.01845	0.03647	0.19279	0.75229
V449	0.58377	0.01813	0.29765	0.10045
V450	0.17897	0.80567	0.01536	0
V451	0.95112	0.029	0	0.01989
V452	0.03122	0.00297	0.06967	0.89615
V453	0.84002	0.04267	0.06493	0.05238
V454	0.00185	0.92777	0.05489	0.01549
V455	0.62194	0.01288	0.30323	0.06194
V456	0.348	0.07553	0.40323	0.17324
V457	0.00636	0.01243	0.01544	0.96578
V458	0.27695	0.16921	0.0036	0.55023
V459	0.01934	0.75951	0.10613	0.11502
V460	0.96239	0	0.02607	0.01154
V461	0.05336	0.0151	0.01158	0.91996
V462	0.3636	0.18542	0	0.45097
V463	0.29082	0.40286	0.17743	0.12889
V464	0.51617	0.06459	0.00367	0.41558
V465	0.45196	0.35388	0.02616	0.168
V466	0.61213	0.13549	0.00334	0.24904
V467	0.36947	0.50231	0.08752	0.0407
V468	0.5587	0.3304	0.05268	0.05823
V469	0.01696	0.12133	0.29921	0.56251
V470	0.58	0.07948	0.18528	0.15524
V471	0.27006	0.06819	0.03477	0.62697
V472	0.34672	0.26124	0	0.39204
V473	0.11747	0.48125	0.38009	0.02119
V474	0.11145	0	0.10153	0.78703
V475	0.20456	0.32534	0.08653	0.38357
V476	0.15878	0.00527	0.05685	0.7791
V477	0.61623	0.01752	0.20675	0.1595
V478	0.15381	0.51793	0.00403	0.32423
V479	0.01606	0.04944	0.84238	0.09212
V480	0.08689	0.24003	0.0459	0.62717
V481	0.1555	0.00491	0.82706	0.01254
V482	0.73739	0.11215	0.11514	0.03532
V483	0.12742	0.06994	0.07525	0.72739
V484	0.02083	0.04095	0.02616	0.91206
V485	0.14467	0.68433	0.0119	0.15911
V486	0.29181	0.20103	0.1365	0.37066
V487	0.07093	0.02373	0.08576	0.81959
V488	0.00038	0.00209	0.88292	0.1146
V489	0.22977	0.06259	0.69603	0.0116
V490	0.37371	0.24502	0.0728	0.30847
V491	0.50052	0.39434	0.03507	0.07006
V492	0.03249	0.8075	0.15458	0.00543
V493	0.01662	0.00056	0.00941	0.97342
V494	0.21103	0.1055	0.54993	0.13354
V495	0.26741	0.55484	0.15668	0.02107
V496	0.32598	0.62071	0	0.05331
V497	0.00901	0.00419	0.97967	0.00713
V498	0.31913	0.067	0.05188	0.56199
V499	0.66238	0.20572	0.12802	0.00387
V500	0.10838	0.07891	0.77292	0.03979
V501	0.00629	0	0.04051	0.9532
V502	0.59895	0.21373	0.16011	0.02721
V503	0.20306	0.05948	0.20285	0.53461
V504	0.27853	0.63455	0.0119	0.07503
V505	0.2128	0.1547	0.27076	0.36175
V506	0.09876	0.19085	0.48929	0.2211
V507	0.63969	0.06273	0.12402	0.17355
V508	0.79468	0.11952	0.04108	0.04473
V509	0.23925	0.03356	0.52079	0.2064
V510	0.26306	0.44659	0.28607	0.00427
V511	0.05082	0.34602	0.04691	0.55626
V512	0.24161	0.02619	0.08064	0.65156
V513	0.09431	0.58659	0.24206	0.07704
V514	0.01376	0.03775	0.0061	0.94239
V515	0.79029	0.03573	0.04702	0.12696
V516	0.93467	0.06017	0	0.00516
V517	0.03639	0.01078	0.24968	0.70315
V518	0.97561	0.01871	0	0.00569
V519	0.03153	0.83617	0.00466	0.12764
V520	0.02495	0	0.61725	0.35779
V521	0.58824	0.02081	0.36468	0.02626
V522	0.00642	0.08261	0.60229	0.30868
V523	0.37385	0.08261	0.26917	0.27437
V524	0.00882	0.7359	0.22132	0.03396
V525	0.26582	0.15051	0.02525	0.55843
V526	0.66447	0.04813	0.07478	0.21263
V527	0.20907	0.00858	0.40122	0.38114
V528	0.12221	0.82049	0	0.0573
V529	0.05828	0.03532	0.22255	0.68385
V530	0.00651	0.15023	0.72756	0.11571
V531	0.02327	0.84353	0.1332	0
V532	0.18578	0.25756	0.02606	0.5306
V533	0.31262	0.28187	0.15047	0.25504
V534	0.00669	0.00357	0.71806	0.27168
V535	0.53896	0	0.0103	0.45074
V536	0.19225	0	0.36975	0.438
V537	0.63682	0.19473	0.15774	0.01071
V538	0.46203	0.02975	0.0864	0.42181
V539	0.30335	0.35949	0.17504	0.16212
V540	0.24004	0.63782	0.07964	0.0425
V541	0.01895	0.43401	0.06812	0.47892
V542	0.2057	0.0835	0.26272	0.44809
V543	0.88507	0	0.01048	0.10445
V544	0.10471	0.0545	0.17238	0.66841
V545	0.37761	0.09712	0.07075	0.45452
V546	0.06022	0.85847	0.07567	0.00565
V547	0.04186	0.58527	0.3599	0.01297
V548	0.19012	0.71115	0.09385	0.00488
V549	0.34282	0.01223	0.63365	0.0113
V550	0.58174	0.01318	0	0.40509
V551	0.21499	0.68128	0.03838	0.06535
V552	0.0016	0.45516	0.00424	0.53901
V553	0.2476	0.10095	0.63173	0.01971
V554	0.05185	0.05414	0.02334	0.87066
V555	0.09854	0.16766	0.35555	0.37825
V556	0.00034	0.01239	0.95294	0.03433
V557	0.82516	0.01178	0.00986	0.15321
V558	0.08211	0.73863	0.02959	0.14967
V559	0.01155	0.767	0.22144	0
V560	0.73649	0.2587	0	0.00481
V561	6e-04	0.00982	0.98219	0.00739
V562	0.78908	0	0.11563	0.09529
V563	0.25529	0.00087	0.73901	0.00483
V564	0.06212	0.04578	0.87916	0.01294
V565	0.13558	0.19971	0.40715	0.25755
V566	0.71417	0.06348	0.00361	0.21873
V567	0.24338	0.37461	0.02617	0.35584
V568	0.23525	0.00013	0.05453	0.71009
V569	0.67715	0.01266	0	0.31019
V570	0.02681	0.22998	0.66976	0.07345
V571	0.85042	0.08685	0	0.06273
V572	0.45543	0	0.44316	0.10141
V573	0.06294	0.12572	0.00682	0.80452
V574	0.04442	0.74354	0.19861	0.01343
V575	0.01901	0.05087	0.12397	0.80614
V576	0.19064	0.75534	0.04061	0.01341
V577	0.03681	0.02301	0.21148	0.7287
V578	0.05732	0.03681	0.70523	0.20064
V579	0.01001	0.85687	0.10918	0.02394
V580	0.14671	0.00065	0.10972	0.74293
V581	0.06327	0.04835	0.00386	0.88452
V582	0.6076	0.10089	0.03137	0.26015
V583	0.00694	0.0238	0.60212	0.36714
V584	0.55613	0.10743	0.30044	0.036
V585	0.00771	0.00198	0.44567	0.54464
V586	0.24516	0.00204	0.65697	0.09583
V587	0.27947	0.00343	0.68882	0.02827
V588	0.63415	0.02289	0.02296	0.32
V589	0.06926	0.77983	0.0717	0.07921
V590	0.05828	0.7164	0.22029	0.00504
V591	0.0019	0.01886	0.20121	0.77804
V592	0.16843	0.01856	0.81301	0
V593	0.58328	0	0.18196	0.23476
V594	0.37212	0.22468	0.35543	0.04777
V595	0.02325	0.00996	0.02107	0.94572
V596	0.03627	0.21725	0.24008	0.5064
V597	0.00053	0.51512	0.38544	0.09891
V598	0.01675	0.07987	0.89011	0.01327
V599	0.68135	0.25678	0.03404	0.02783
V600	0.40774	0.40079	0.05392	0.13756
V601	0.17199	0.21133	0.0851	0.53157
V602	0.02363	0.0112	0.01318	0.952
V603	0.00923	0.30087	0.01286	0.67704
V604	0.54796	0.07745	0.34793	0.02666
V605	0.07409	0.26214	0.43811	0.22565
V606	0.76012	0.10889	0.01027	0.12073
V607	0.65231	0.00243	0.10958	0.23568
V608	0.23519	0.11073	0.40551	0.24857
V609	0.02675	0.17785	0.24815	0.54726
V610	0.77855	0.00617	0.09079	0.12448
V611	0.28072	6e-05	0.05279	0.66643
V612	0.02559	0.05633	0.84642	0.07165
V613	0.03728	0.27434	0.64691	0.04148
V614	0.78082	0.03567	0.04709	0.13643
V615	0.1285	0.031	0.0077	0.8328
V616	0.09487	0.64713	0.04754	0.21046
V617	0.50514	0.11594	0.37893	0
V618	0.71557	0	0	0.28443
V619	0.39554	0.01238	0.31922	0.27287
V620	0.00875	0.60806	0.37815	0.00504
V621	0.45138	0.10529	0.18112	0.26221
V622	0.39059	0.16873	0.41294	0.02774
V623	0.01886	0.04435	0.14226	0.79453
V624	0.83049	0.15021	0	0.0193
V625	0.30618	0.42152	0.10836	0.16394
V626	0.97657	0.01088	0	0.01255
V627	0.00452	0.00946	0.07238	0.91364
V628	0.0026	0.17213	0.01426	0.81101
V629	0.13673	0.2276	0.3029	0.33277
V630	0.0372	0.27263	0.63864	0.05154
V631	0.01861	0.14023	0.10761	0.73355
V632	0.57981	0	0.13507	0.28512
V633	0.00026	0.01425	0.84998	0.13551
V634	0.43811	0.20538	0.35254	0.00397
V635	0.03064	0.70612	0.00462	0.25863
V636	0.13022	0.06606	0.6698	0.13392
V637	0.32247	0.14109	0.09253	0.44391
V638	0.4062	0.19711	0.07146	0.32523
V639	0.30555	0.35964	0.33481	0
V640	0.03645	0.10678	0.8059	0.05087
V641	0.90567	0.01823	0.02404	0.05206
V642	0.80036	0.12747	0	0.07217
V643	0.00685	0.13198	0.47737	0.38379
V644	0.93407	0.04928	0.00512	0.01153
V645	0.299	0.33997	0.34114	0.01989
V646	0.01302	0.97308	0.00682	0.00709
V647	0.15529	0.05355	0.73236	0.0588
V648	0.46459	0.35881	0.14775	0.02885
V649	0.0257	0.03576	0.87672	0.06182
V650	0.05849	0.05577	0.81493	0.07081
V651	0.32427	0.00037	0.67073	0.00464
V652	0.09339	0.05462	0.45269	0.3993
V653	0.14621	0.60359	0.1147	0.1355
V654	0.74178	0.14545	0.05837	0.05441
V655	0.03987	0.4997	0.01931	0.44112
V656	0.21771	0.20805	0.01036	0.56388
V657	0.02208	0.04236	0.01112	0.92444
V658	0.64188	0.15383	0.05863	0.14566
V659	0.34266	0.05178	0.37797	0.22758
V660	0.03535	0.93819	0	0.02646
V661	0.06369	0.34673	0.05675	0.53283
V662	0.42516	0.00382	0.46851	0.10251
V663	0.25426	0.04146	0.58497	0.11931
V664	0.21528	0.0372	0.69958	0.04794
V665	0.73125	0.13576	0.04022	0.09277
V666	0.57529	0	0.10031	0.32441
V667	0.79148	0.04338	0.16514	0
V668	0.15095	0.75188	0.09716	0
V669	0.2616	0.34248	0.2792	0.11672
V670	0.09997	0.87472	0	0.02531
V671	0.40097	0.22158	0.27739	0.10007
V672	0.01686	0.01086	0.93942	0.03286
V673	0.26005	0.30018	0.25318	0.18659
V674	0.75193	0.10059	0.0167	0.13077
V675	0.15061	0.25963	0.35363	0.23613
V676	0.02792	0.07299	0.1063	0.79279
V677	0.43082	0.32871	0.10512	0.13534
V678	0.57582	0.40728	0.01241	0.00449
V679	0.05145	0.25538	0.68071	0.01247
V680	0.35521	0.47212	0.15224	0.02043
V681	0.92254	0.03877	0.0114	0.02728
V682	0.12417	0.23808	0.59744	0.04031
V683	0.01486	0.96831	0.01683	0
V684	0.73875	0.11112	0.09643	0.05371
V685	0.54625	0.27349	0.13336	0.0469
V686	0.09609	0.12908	0.15456	0.62028
V687	0.02348	0.00408	0.02208	0.95037
V688	0.42217	0.43159	0	0.14624
V689	0.24493	0	0.04518	0.70989
V690	0.48849	0.0206	0.42726	0.06365
V691	0.1659	0.00152	0.82732	0.00526
V692	0.0842	0.09459	0.75056	0.07065
V693	0.24368	0.06775	0.386	0.30256
V694	0.00814	0.0115	0.28981	0.69055
V695	0.23648	8e-05	0.1541	0.60933
V696	0.0733	0.05375	0.01534	0.85761
V697	0.01364	0.03004	0.01279	0.94353
V698	0.82032	0	0.01037	0.16931
V699	0.61591	0.21842	0.06976	0.0959
V700	0.22609	0.01111	0.00665	0.75615
V701	0.12943	0.45293	0.12422	0.29342
V702	0.55013	0.04896	0.00975	0.39116
V703	0.13775	0.02778	0.50156	0.3329
V704	0.83778	0.02287	0.02361	0.11574
V705	0.96129	0	0.01115	0.02756
V706	0.08236	0.02487	0.80283	0.08993
V707	0.03784	0.3664	0.55384	0.04191
V708	0.04415	0.84233	0.02192	0.0916
V709	0.14941	0.20386	0.56468	0.08205
V710	0.64103	0.15325	0.04951	0.1562
V711	0.11092	0.74968	0.10611	0.0333
V712	0.83112	0.02974	0.00397	0.13517
V713	0.47056	0.23085	0.03318	0.26541
V714	0.00889	0.60086	0.02003	0.37023
V715	0.33519	0.26575	0.32864	0.07042
V716	0.03098	0.02069	0.04491	0.90342
V717	0.10064	0.88369	0	0.01567
V718	0.17289	0.48909	0.20463	0.13339
V719	0.06715	0.64608	0.03802	0.24875
V720	0.70577	0	0.22563	0.06859
V721	0.13238	0.1127	0.50257	0.25236
V722	0.09897	0.26908	0.01054	0.6214
V723	0.10574	0.0529	0.00715	0.83421
V724	0.58228	0.01153	0.08312	0.32307
V725	4e-04	0.06146	0.90526	0.03288
V726	0.03747	0.30529	0.13288	0.52436
V727	0.31545	0.57862	0.10156	0.00437
V728	0.03316	0.85137	0.10986	0.00561
V729	0.40739	0.00264	0.16044	0.42954
V730	0.92007	0.01304	0.04016	0.02673
V731	0.02633	0.14005	0.42176	0.41185
V732	0.36627	0.04539	0.36321	0.22513
V733	0.67932	0.13427	0.03194	0.15447
V734	0.26627	0.24251	0.48711	0.00412
V735	0.01644	0.0112	0.48575	0.4866
V736	0.13758	0.00249	0.00938	0.85054
V737	0.36266	0.22268	0.2575	0.15716
V738	0.08799	0.26319	0.49654	0.15228
V739	0.00052	0.00336	0.60418	0.39194
V740	0.86911	0.05332	0.0668	0.01077
V741	0.50141	0.06295	0.12706	0.30858
V742	0.46253	0.52395	0.01352	0
V743	0.14604	0.09649	0.7372	0.02027
V744	0.53776	0.01873	0.33213	0.11139
V745	0.01835	0.6332	0.21076	0.13769
V746	0.99394	0	0	0.00606
V747	0.05596	0	0.71812	0.22592
V748	0.13001	0.06456	0.61509	0.19034
V749	0.29151	0.12419	0.05274	0.53156
V750	0.46565	0.38136	0.01798	0.13501
V751	0.0576	0.83299	0.04085	0.06856
V752	0.49667	0.16615	0.1415	0.19568
V753	0.01608	0.00642	0.00857	0.96892
V754	0.01064	0.90745	0	0.0819
V755	0.15849	0.13886	0.36472	0.33793
V756	0.02195	0.00345	0.04543	0.92918
V757	0.3933	0.50943	0.06687	0.0304
V758	0.05548	0.71445	0.14018	0.08989
V759	0.12687	0.03372	0.41164	0.42777
V760	0.2998	0.03162	0.2847	0.38388
V761	0.07817	0.50862	0.31445	0.09876
V762	0.00202	0.31061	0.01288	0.67449
V763	0.42201	0.28282	0.02536	0.26981
V764	0.01019	0.90302	0.00523	0.08156
V765	0.67513	0.05622	0	0.26865
V766	0.01645	0.25245	0.48211	0.249
V767	0.50973	0.08087	0.25187	0.15753
V768	0.07277	0.87993	0.02306	0.02424
V769	0.17698	0.77831	0.03119	0.01352
V770	0.01302	0.97308	0.00682	0.00709
V771	0.17745	0.00481	0.8054	0.01233
V772	0.1452	0.02311	0.82668	0.00501
V773	0.20263	0.77762	0.00567	0.01407
V774	0.01686	0.00242	0.9471	0.03363
V775	0.11368	0.02165	0.28338	0.58129
V776	0.48013	0.34399	0.05267	0.1232
V777	0.17722	0.07594	0.14146	0.60538
V778	0.58136	0.21016	0.06978	0.13869
V779	0.17498	0.02128	0.5077	0.29604
V780	0.13632	0.71173	0.15195	0
V781	0.04257	0.01417	0.02714	0.91612
V782	0.00671	0.08105	0.83973	0.07251
V783	0.7944	0.00617	0.04619	0.15325
V784	0.13885	0.84124	0.01412	0.00579
V785	0.04765	0.9135	0.01397	0.02488
V786	0.75835	0.11159	0.0859	0.04417
V787	0.00123	0.80507	0.188	0.0057
V788	0.55777	0.23361	0.16214	0.04648
V789	0.07452	0.29102	0.02731	0.60716
V790	0.45192	0.0126	0.07665	0.45883
V791	0.15188	0.30483	0.36648	0.17682
V792	0.15268	0.45856	0.00421	0.38455
V793	0.14471	0.58503	0.03713	0.23313
V794	0.04807	0.04874	0.82195	0.08124
V795	0.10389	0.02395	0.05812	0.81404
V796	0.02673	0.05317	0.89816	0.02194
V797	0.7666	0	0.22282	0.01058
V798	0.6701	0.23176	0.07954	0.0186
V799	0.1621	0.7195	0.02979	0.08862
V800	0.06733	0.01049	0.52378	0.3984
V801	0.14144	0.07687	0.34239	0.4393
V802	0.03558	0.04893	0.27827	0.63722
V803	0.26146	0.44473	0.29381	0
V804	0.54128	0.00349	0.38394	0.0713
V805	0.01063	0.00527	0.98362	0.00048
V806	0.05896	0.88133	0.0131	0.04661
V807	0.26199	0.10767	0.03487	0.59547
V808	0.71183	0.20953	0.04215	0.03649
V809	0.04289	0.02299	0.934	0.00013
V810	0.01391	0.97854	0	0.00756
V811	0.4392	0.04367	0.20674	0.31039
V812	0.59065	0.19999	0.05035	0.15901
V813	0.63657	0.14109	0.19553	0.0268
V814	0.49466	0.45448	0.04653	0.00433
V815	0.00182	0.90287	0.08914	0.00617
V816	0.93865	0	0.06135	0
V817	0.02716	0.04746	0.91202	0.01336
V818	0.00452	0.02903	0.03748	0.92896
V819	0.85782	0.05063	0.04794	0.04361
V820	0.12783	0.06487	0.02072	0.78658
V821	0.24274	0.24982	0.42585	0.08159
V822	0.07324	0.00984	0.89519	0.02174
V823	0.02628	0.13985	0.7291	0.10477
V824	0.10332	0.31517	0.58152	0
V825	0.24336	0.22565	0.27468	0.25632
V826	0.48372	0.33795	0.16709	0.01124
V827	0.43786	0.5196	0.01189	0.03065
V828	0.22907	0.11551	0.11481	0.54061
V829	0.0386	0.18652	0.03797	0.73691
V830	0.2297	0.17075	0.02542	0.57413
V831	0.79559	0.05548	0.03079	0.11814
V832	0.30306	0.32631	0.18526	0.18536
V833	0.17061	0.43265	0.20388	0.19286
V834	0.29362	0.04457	0.08043	0.58139
V835	0.40835	0.37172	0.12805	0.09188
V836	0.0093	0.60637	0.00466	0.37967
V837	0.24722	0.30811	0.20862	0.23605
V838	0.94657	0.02245	0.02625	0.00473
V839	0.35317	0.53242	0.11005	0.00436
V840	0.34803	0.6455	0.00647	0
V841	0.00039	0.02345	0.9132	0.06297
V842	0.3788	0.11585	0.27355	0.2318
V843	0.01609	0.00892	0.893	0.08199
V844	0.11714	0.05384	0.3949	0.43412
V845	0.07228	0.07049	0.7868	0.07043
V846	0.00013	0.00478	0.76612	0.22897
V847	0.00723	0.00058	0.01688	0.97531
V848	0.10461	0.4322	0.1935	0.26969
V849	0.00184	0.94377	0.00583	0.04855
V850	0.97627	0	0.01168	0.01205
V851	0.38498	0.45307	0.16195	0
V852	0.10351	0.02874	0.12944	0.73831
V853	0.26534	0.16762	0.43214	0.1349
V854	0.62969	0.11823	0.10729	0.14479
V855	0.00723	0.00058	0.01688	0.97531
V856	0.04836	0.28392	0.39202	0.27571
V857	0.70877	0.12656	0.03189	0.13278
V858	0.57077	0.00156	0.42351	0.00416
V859	0.69878	0.1796	0.01737	0.10425
V860	0.18824	0.07601	0.055	0.68076
V861	0.10295	0.29262	0.59232	0.01211
V862	0.14252	0.05408	0.75471	0.04869
V863	0.19445	0.03723	0.0011	0.76722
V864	0.06143	0.01883	0.05133	0.8684
V865	0.11154	0.00039	0.26678	0.62129
V866	0.74039	0.00388	0.24531	0.01042
V867	0.74093	0.00916	0.24591	0.004
V868	0.55895	0.21276	0.14158	0.08671
V869	0.0244	0.96204	0.00678	0.00677
V870	0.1108	0.26984	0.01821	0.60114
V871	0.00184	0.94377	0.00583	0.04855
V872	0.00886	0.00627	0.24837	0.7365
V873	0.90506	0.01279	0.0476	0.03455
V874	0.24102	0.72676	0.03223	0
V875	0.01699	0.13905	0.21168	0.63227
V876	0.17867	0.26223	0.45476	0.10435
V877	0.04919	0.32571	0.33436	0.29074
V878	0.16337	0.76123	0.0754	0
V879	0.2274	0.62711	0.04744	0.09805
V880	0.35069	0.47335	0.0038	0.17216
V881	0.15146	0.02254	0.61827	0.20773
V882	0.80057	0	0.12311	0.07632
V883	0.30651	0.15069	0.5428	0
V884	0.02018	0.21472	0.00031	0.76478
V885	0.74794	0.16279	0.08928	0
V886	0.01668	0.29751	0.52053	0.16528
V887	0.65386	0.0355	0.16027	0.15037
V888	0.1057	0.02468	0.76967	0.09996
V889	0.93663	0.02696	0.0178	0.01861
V890	0.03525	0.10065	0.65774	0.20636
V891	0.64792	0.02499	0.28388	0.04322
V892	0.28835	0.13304	0.00998	0.56862
V893	0.62043	0.15701	0.1577	0.06485
V894	0.07528	0.24968	0.63405	0.04099
V895	0.61327	0.03583	0.19989	0.15101
V896	0.04799	0.92062	0.00591	0.02549
V897	0.73304	0.19804	0.00388	0.06504
V898	0.45213	0	0.00466	0.54322
V899	0.0273	0.13924	0.14539	0.68807
V900	0.08641	0.22996	0.39931	0.28432
V901	0.04379	0.78864	0.00444	0.16313
V902	0.06043	0.87982	0.05399	0.00576
V903	0.00733	0.35466	0.58533	0.05269
V904	0.02497	0.96772	0	0.0073
V905	0.1446	0	0.17392	0.68148
V906	0.4098	0.05706	0.10896	0.42418
V907	0.4866	0.4343	0.01902	0.06008
V908	0.01146	0.0257	0.07013	0.8927
V909	0.16153	0.74934	0	0.08913
V910	0.15677	0	0.11641	0.72682
V911	0.56972	0.31822	0.03406	0.078
V912	0.42922	0.25471	0.13654	0.17953
V913	0.10577	0	0.01102	0.88322
V914	0.21178	0.41976	0.32764	0.04082
V915	0.2128	0	0.00742	0.77978
V916	0.2652	0.03034	0.65759	0.04687
V917	0.72576	0.01186	0.16473	0.09765
V918	0.05313	0.56673	0.26832	0.11182
V919	0.2149	0.1755	0.31962	0.28999
V920	0.65212	0.14583	0.09765	0.10439
V921	0.0293	0.11679	0.03071	0.8232
V922	0.11727	0.39441	0.43678	0.05154
V923	0.0731	0.0069	0.04344	0.87657
V924	0.04085	0.61262	0.31398	0.03256
V925	0.17228	0.0174	0.01371	0.79661
V926	0.19299	0.01093	0.02912	0.76696
V927	0.02047	0.02075	0.05343	0.90535
V928	0.05832	0.85593	0.00512	0.08062
V929	0.06652	0.57309	0.15046	0.20993
V930	0.55737	0.29963	0.03372	0.10928
V931	0.14973	0.21389	0.55424	0.08214
V932	0.03498	0.07463	0.6398	0.25059
V933	0.65295	0.32369	0.01164	0.01172
V934	0.00797	0.10458	0.28479	0.60265
V935	0.59657	0.11307	0.21611	0.07425
V936	0.56002	0.20916	0.01703	0.21378
V937	0.56411	0.08622	0.08704	0.26263
V938	0.38669	0.02464	0.31288	0.27578
V939	0.7576	0.00622	0.07264	0.16353
V940	0.03087	0.74778	0.17641	0.04495
V941	0.00089	0.00495	0.98633	0.00782
V942	0.77451	0.13955	0.06776	0.01818
V943	0.4192	0.08677	0.438	0.05602
V944	0.01882	0.20349	0.06683	0.71086
V945	0.6071	0.28502	0.01048	0.09741
V946	0.49329	0.2007	0.26889	0.03712
V947	0.0805	0.02813	0.23313	0.65824
V948	0.35453	0.01176	0.61464	0.01907
V949	0.00141	0.07303	0.20556	0.72
V950	0.06472	0.46053	0.24099	0.23377
V951	0.8393	0.00405	0.15261	0.00405
V952	0.07001	0.08655	0.27396	0.56948
V953	0.01657	0.03147	0.91957	0.0324
V954	0.0374	0.13023	0.14481	0.68756
V955	0.14199	0.52558	0.02752	0.30491
V956	0.03393	0.01065	0.52233	0.43309
V957	0.32371	0.00517	0.00031	0.6708
V958	0.01662	0.00056	0.00941	0.97342
V959	0.25299	0.19956	0.46687	0.08059
V960	0.24869	0.21089	0.08392	0.4565
V961	0.15276	0.31491	0.39111	0.14122
V962	0.39053	0.11841	0.41356	0.0775
V963	0.63026	0.1199	0.1661	0.08375
V964	0.85405	0.01243	0.09948	0.03404
V965	0.0639	0.42462	0.21551	0.29597
V966	0.97755	0.00456	0.00588	0.01202
V967	0.05701	0.02246	0.54148	0.37906
V968	0.00026	0.10738	0.81947	0.07289
V969	0.00893	0.22429	0.03828	0.7285
V970	0.03489	0.07927	0.44589	0.43995
V971	0.52541	0.05151	0.33974	0.08334
V972	0.53669	0.14509	0.04985	0.26836
V973	0.30172	0.34359	0.0853	0.26939
V974	0.00823	0.7373	0.15267	0.10179
V975	0.11165	0.23325	0.65054	0.00456
V976	0.47143	0.18669	0.12296	0.21892
V977	0.35568	0.28836	0.3519	0.00406
V978	0.06128	0.05813	0.0681	0.8125
V979	0.81287	0.00406	0.17907	0.00401
V980	0.99394	0	0	0.00606
V981	0.34704	0.01363	0.44021	0.19912
V982	0.49014	0.32651	0.08301	0.10035
V983	0.70494	0.03552	0.00366	0.25588
V984	0.02009	0.80345	0.13092	0.04554
V985	0.07398	0.14137	0.00621	0.77843
V986	0.37077	0.44694	0.0546	0.12769
V987	0.28992	0.68711	0	0.02297
V988	0.20265	0.00567	0.01332	0.77837
V989	0.50007	0.39601	0.08416	0.01976
V990	0.00023	0.02699	0.81664	0.15614
V991	0.69477	0.29318	0	0.01205
V992	0.20799	0.00107	0.52439	0.26656
V993	0.08155	0.66701	0.19707	0.05437
V994	0.22877	0.72707	0.03086	0.0133
V995	0.7594	0.06997	0.03118	0.13946
V996	0.27054	0.08422	0.01116	0.63408
V997	0.01576	0.00495	0.84574	0.13356
V998	0.88208	0.00286	0.06386	0.0512
V999	0.15239	0.84138	0	0.00623
V1000	0.30362	0.01055	0.00029	0.68554
