Neutrophils	Monocytes_CD14.CD16.	Macrophage	T_cells_.CD4..	NK_cells
V1	0.25317	0.21833	0.20488	0.20544	0.11818
V2	0.01944	0.85003	0.0208	0.0163	0.09343
V3	0.00764	0.07647	0.38249	0.51458	0.01882
V4	0	0.06844	0.22414	0.17233	0.53509
V5	0	0.06166	0.04923	0.2185	0.67061
V6	0.25074	0.11595	0.22216	0.31715	0.094
V7	0	0.08046	0.38871	0.1932	0.33763
V8	0	0.04797	0.79909	0.15294	0
V9	0	0.05506	0.21999	0.69201	0.03293
V10	0.44271	0.09527	0.44792	0.01409	0
V11	0.00486	0.09129	0.09487	0.17928	0.6297
V12	0.03374	0.07855	0.19236	0.40698	0.28836
V13	0.08259	0.1129	0.00704	0.50465	0.29282
V14	0.0945	0.06491	0.03317	0.70787	0.09956
V15	0	0.02523	0	0.91449	0.06028
V16	0.51571	0.11395	0	0.3461	0.02424
V17	0.0369	0.31522	0	0.12777	0.52011
V18	0.03553	0.46201	0.215	0.2479	0.03955
V19	0.00046	0.06709	0	0.22225	0.7102
V20	0	0.02595	0.65505	0.319	0
V21	0	0.3028	0.11382	0.23229	0.35109
V22	0.86995	0.13005	0	0	0
V23	0.0482	0.08902	0.00519	0.24062	0.61698
V24	0.41481	0.19951	0	0.07451	0.31117
V25	0	0.07337	0	0.51509	0.41154
V26	0.44194	0.2986	0.0032	0.06152	0.19474
V27	0.08175	0.5635	0.15145	0.02691	0.17638
V28	0	0.10983	0.16401	0.67356	0.05259
V29	0	0.02437	0.27497	0.67126	0.0294
V30	0.75265	0.16374	0	0	0.08361
V31	0.34948	0.20623	0	0.27583	0.16847
V32	1	0	0	0	0
V33	0	0.26123	0	0.19705	0.54173
V34	0.08273	0.88663	0	0	0.03064
V35	0.0431	0.67748	0.21922	0.01916	0.04104
V36	0	0.23325	0.15334	0.17682	0.43659
V37	0.79101	0.01793	0	0.0014	0.18966
V38	0.0644	0.09253	0.42572	0.30768	0.10966
V39	0.26652	0.12699	0.29891	0.08777	0.21981
V40	0.17577	0.65747	0	0.08493	0.08183
V41	0.02349	0.88971	0	0	0.0868
V42	0.92671	0.07098	0	0	0.00231
V43	0.45436	0.19813	0.31428	0.0332	4e-05
V44	0	0.33362	0.51922	0.06231	0.08485
V45	0.0021	0.71876	0.06841	0.12857	0.08216
V46	0.07636	0.82766	0.03111	0	0.06488
V47	0	0.03709	0.88008	0.08283	0
V48	0.10829	0.18961	0.18113	0.40289	0.11807
V49	0.40805	0.23049	0.16954	0.17033	0.02158
V50	0	0.0664	0.86271	0.07089	0
V51	0.06435	0.32781	0.16991	0.13412	0.30381
V52	0.02211	0.94813	0	0	0.02976
V53	0	0.17939	0	0.76554	0.05507
V54	0.15062	0.04653	0	0.62765	0.1752
V55	0.00833	0.02744	0	0.90695	0.05728
V56	0.0129	0.02678	0	0.82791	0.13241
V57	0.09439	0.19633	0.52087	0.10039	0.08802
V58	0.033	0.06038	0.12039	0.31956	0.46668
V59	0.9169	0.07969	0.00341	0	0
V60	0.36271	0.2938	0.06915	0.16227	0.11208
V61	0.14851	0.08226	0	0.33034	0.43889
V62	0.01531	0.09279	0.27466	0.25319	0.36406
V63	0.34907	0.35607	0.00817	0.0623	0.22438
V64	1	0	0	0	0
V65	0.03385	0.13428	0.0056	0.67932	0.14695
V66	0	0.03831	0.09415	0.82096	0.04658
V67	0	0.06394	0.3105	0.22071	0.40486
V68	0.41863	0.08881	0.36264	0.07677	0.05315
V69	0.58352	0.19759	0.14425	0.02512	0.04952
V70	0.02585	0.76914	0.00858	0.12787	0.06856
V71	0.05841	0.85211	0.0059	0.01465	0.06893
V72	0.01538	0.46985	0	0.07424	0.44054
V73	0.0116	0.05634	0.07246	0.66328	0.19633
V74	0	0.06933	0	0.82749	0.10318
V75	0.44567	0.25636	0.2739	0.01258	0.01148
V76	0	0.01471	0	0.89349	0.0918
V77	0	0.04533	0.83565	0.11902	0
V78	0	0.04663	0.86263	0.09074	0
V79	0.04972	0.45984	0.01336	0.17793	0.29915
V80	0.08681	0.77508	0	0.01277	0.12534
V81	0	0.042	0.88241	0.07559	0
V82	0.16593	0.21098	0	0.56732	0.05578
V83	0.04815	0.12834	0	0.61117	0.21234
V84	0.06293	0.22937	0	0.14496	0.56274
V85	0	0.03632	0.87844	0.08524	0
V86	0	0.27589	0.25672	0.43366	0.03373
V87	0.37906	0.08	0	0.49504	0.0459
V88	0.24723	0.24653	0.00697	0.26157	0.23769
V89	0	0.14798	0.7485	0.10352	0
V90	0	0.24079	0.04355	0.19795	0.51771
V91	0	0.02792	0.03979	0.88624	0.04605
V92	0.1991	0.11995	0	0.15635	0.5246
V93	0	0.11283	0.13323	0.5838	0.17014
V94	0.00881	0.23018	0.00205	0.3282	0.43077
V95	0.03224	0.29927	0.00062	0.18776	0.48011
V96	0.82464	0.05483	0	0.01362	0.1069
V97	0.12652	0.10519	0.0199	0.23212	0.51626
V98	0.01714	0.42399	0.15423	0.17539	0.22925
V99	0.44809	0.18112	0	0.25058	0.12021
V100	0.50388	0.24882	0	0.07086	0.17645
V101	0.02936	0.93988	0	0	0.03076
V102	0.24753	0.32355	0.09048	0.15875	0.17968
V103	0.1001	0.05361	0	0.17381	0.67248
V104	0.02212	0.47248	0.06368	0.07323	0.36849
V105	0	0.07162	0.03095	0.22563	0.67179
V106	0.01553	0.80642	0.116	0	0.06205
V107	0	0.26538	0.62806	0.10655	0
V108	0	0.20079	0.74085	0.05835	0
V109	0.02472	0.27132	0.03252	0.35017	0.32127
V110	0.12329	0.55827	0.14045	0.12329	0.05471
V111	0.22992	0.29476	0.45079	0.02453	0
V112	0.12234	0.06071	0.07022	0.5636	0.18313
V113	0.18698	0.0843	0.07367	0.26549	0.38956
V114	0.52723	0.15667	0	0.20604	0.11007
V115	0.93714	0.01292	0	0	0.04994
V116	0	0.05376	0	0.19695	0.74928
V117	0	0.06803	0.75346	0.17851	0
V118	0	0.01672	0	0.9148	0.06847
V119	0.24557	0.10036	0.33578	0.31332	0.00497
V120	0	0.03821	0.74493	0.21682	4e-05
V121	0.15381	0.76116	0	0	0.08503
V122	0.00038	0.437	0.06176	0.27592	0.22495
V123	0.4325	0.13715	0.01352	0.25345	0.16339
V124	0.15999	0.1841	0.02922	0.31272	0.31397
V125	0	0.48874	0.4593	0.03254	0.01941
V126	0.10637	0.24997	0.18274	0.20351	0.25742
V127	0.213	0.06765	0.60838	0.11097	0
V128	0.16234	0.7998	0	0	0.03786
V129	0.19398	0.12022	0.21952	0.27558	0.1907
V130	0.00123	0.55429	0.01522	0.24313	0.18613
V131	0	0.03304	0.18646	0.74855	0.03195
V132	0.28198	0.0612	0	0.42464	0.23218
V133	0	0.08711	0.50244	0.20574	0.20471
V134	0.01123	0.08622	0.73656	0.1237	0.04228
V135	0	0.13844	0.67247	0.12129	0.0678
V136	1	0	0	0	0
V137	0.95559	0.04441	0	0	0
V138	0.19706	0.22038	0.04337	0.22209	0.3171
V139	0.05914	0.05162	0.11905	0.72713	0.04306
V140	0	0.06196	0.15106	0.18132	0.60565
V141	0	0.24539	0.58761	0.16629	0.00072
V142	0.1506	0.07595	0.2878	0.24921	0.23645
V143	0	0.22772	0.42629	0.23146	0.11453
V144	0.45891	0.30662	0.00833	0.13759	0.08855
V145	0	0.0466	0.84724	0.10617	0
V146	0	0.38059	0	0.35896	0.26045
V147	0.03976	0.12126	0.63185	0.19648	0.01065
V148	0.11378	0.82407	0	0	0.06215
V149	0	0.00204	0	0.91245	0.08551
V150	0.08532	0.25604	0.54919	0.05873	0.05072
V151	0.35591	0.05988	0	0.46595	0.11826
V152	0	0.02471	0.07766	0.80492	0.09271
V153	0.1094	0.25225	0.41162	0.12021	0.10652
V154	0.0886	0.6546	0	0.02991	0.22689
V155	0	0.04369	0.09513	0.81461	0.04658
V156	0.04842	0.09723	0.35471	0.27151	0.22814
V157	0.04853	0.10782	0.14473	0.38396	0.31495
V158	0.1386	0.07243	0.41159	0.15947	0.2179
V159	0.05948	0.25533	0	0.60931	0.07589
V160	0.40878	0.25805	0.03937	0.08564	0.20817
V161	0.17798	0.10327	0.03467	0.14631	0.53777
V162	0	0.04609	0.87859	0.07531	0
V163	0.02908	0.06983	0.00023	0.2105	0.69036
V164	0.97501	0.02499	0	0	0
V165	0.59748	0.29504	0.01805	0.03984	0.04959
V166	0.00338	0.04662	0.20624	0.65448	0.08927
V167	0.00765	0.69799	0	0.12073	0.17363
V168	0	0.04609	0.87859	0.07531	0
V169	0.01652	0.73905	0.1217	0.06226	0.06048
V170	0.18855	0.45236	0.01291	0.21558	0.1306
V171	0.23031	0.16205	0.30948	0.25183	0.04632
V172	0.14499	0.29911	0.04176	0.11353	0.4006
V173	0.15384	0.16784	0.0523	0.47001	0.15601
V174	0.14132	0.07604	0.30419	0.31338	0.16507
V175	0.03939	0.20659	0.09961	0.2803	0.3741
V176	0.28373	0.05083	0	0.62195	0.04348
V177	0.12542	0.09738	0.51557	0.26124	0.00039
V178	0.20897	0.11808	0.40963	0.19877	0.06455
V179	0.07163	0.07315	0	0.17236	0.68286
V180	0	0.07566	0.32652	0.16202	0.4358
V181	0.03705	0.32841	0	0.1524	0.48213
V182	0.52284	0.26794	0	0.15311	0.0561
V183	0.03905	0.92921	0	0	0.03174
V184	0.23113	0.09247	0.23851	0.40223	0.03565
V185	0.07369	0.53328	0	0.16722	0.22581
V186	0.09382	0.24423	0	0.33592	0.32603
V187	0.04473	0.71522	0	0.17859	0.06146
V188	0.8666	0.07822	0	0.05517	0
V189	0.38659	0.30685	0	0.26606	0.0405
V190	0.36208	0.16151	0.17053	0.08396	0.22192
V191	0.15698	0.25429	0	0.45912	0.12961
V192	0.24988	0.26815	0.0785	0.27046	0.13301
V193	0.02143	0.26047	0.48107	0.11906	0.11797
V194	0.21224	0.13438	0.0528	0.2181	0.38248
V195	0.56751	0.24458	0.18683	0.00107	0
V196	0	0.05097	0.0494	0.22061	0.67902
V197	0.03629	0.90974	0	0	0.05396
V198	0.1755	0.295	0	0.27106	0.25844
V199	0.79651	0.04835	0.15514	0	0
V200	0.79548	0.04036	0	0.02545	0.13871
V201	0	0.03291	0	0.78357	0.18352
V202	0.9741	0.0259	0	0	0
V203	0.49914	0.31571	0	0.05652	0.12863
V204	0.29593	0.16752	0	0.09753	0.43902
V205	0.0795	0.10515	0.10009	0.21551	0.49976
V206	0	0.11814	0	0.80119	0.08066
V207	0	0.02523	0	0.91449	0.06028
V208	0.09885	0.28079	0.43329	0.11001	0.07705
V209	0.12326	0.09768	0.07781	0.17905	0.52219
V210	0	0.0367	0.87155	0.09175	0
V211	0.11587	0.09945	0.17906	0.16749	0.43813
V212	0.02796	0.81263	0.0481	0.00853	0.10278
V213	0.06647	0.05873	0.0417	0.38758	0.44553
V214	0	0.57986	0.34199	0.03341	0.04474
V215	0.1966	0.29722	0.09746	0.15543	0.2533
V216	0.01613	0.10369	0.30466	0.18501	0.39051
V217	0	0.01169	0	0.87979	0.10852
V218	0.02514	0.2371	0.2436	0.40316	0.091
V219	0.06903	0.32638	0.32846	0.25262	0.02351
V220	0.15143	0.79735	0.01123	0	0.03999
V221	4e-04	0.12076	0.47148	0.1398	0.26756
V222	0	0.06457	0	0.20191	0.73352
V223	0.4875	0.08589	0.2608	0.15884	0.00697
V224	0.01787	0.60889	0	0.10179	0.27144
V225	0.72549	0.2243	0.05021	0	0
V226	0.44786	0.55214	0	0	0
V227	0.04206	0.2892	0	0.59077	0.07797
V228	0.56292	0.10024	0.21461	0.09948	0.02275
V229	0.20665	0.45834	0.21613	0.06453	0.05435
V230	0	0.05392	0	0.20554	0.74053
V231	0.03097	0.65868	0.02871	0.16773	0.11391
V232	0.83184	0.0573	0.11085	0	0
V233	0.0268	0.09124	0.13443	0.24079	0.50674
V234	0	0.39311	0.17676	0.37431	0.05582
V235	1	0	0	0	0
V236	0.02749	0.06924	0.57954	0.29457	0.02915
V237	0.07243	0.13822	0.22429	0.40496	0.16009
V238	0	0.04209	0	0.41843	0.53947
V239	0.03746	0.45814	0.02323	0.21885	0.26232
V240	0.03972	0.87461	0	0	0.08567
V241	0.02308	0.94554	0	0	0.03138
V242	0	0.35467	0.24997	0.32328	0.07209
V243	0.44101	0.08905	0.28338	0.0784	0.10816
V244	0	0.45481	0.16428	0.13911	0.24179
V245	0.01829	0.93977	0	0	0.04194
V246	0.60778	0.31632	0	0	0.0759
V247	0.13107	0.1596	0.57258	0.12331	0.01343
V248	0.06962	0.66696	0	0.01509	0.24834
V249	0.19367	0.14891	0.16484	0.20784	0.28474
V250	0	0.07454	0.60402	0.15011	0.17133
V251	0.14603	0.09086	0.04511	0.64132	0.07668
V252	0	0.15998	0.48873	0.25047	0.10083
V253	0.24391	0.63397	0.0342	0.02578	0.06214
V254	0.49285	0.41969	0	0.04833	0.03913
V255	0.84334	0.1058	0	0	0.05086
V256	0.01884	0.80927	0	0	0.1719
V257	0.39821	0.37963	0.08844	0.04705	0.08667
V258	0.1079	0.37128	0.00855	0.45782	0.05446
V259	0.52387	0.34198	0.11718	0	0.01697
V260	0.21007	0.11568	0.07255	0.20498	0.39672
V261	0	0.06196	0.44474	0.39591	0.09739
V262	0.95503	0.04497	0	0	0
V263	0.80644	0.11295	0	0.08061	0
V264	0.0345	0.91207	0	0	0.05344
V265	0.85135	0.14865	0	0	0
V266	0	0.05777	0.0769	0.2091	0.65623
V267	0.0268	0.05855	0	0.30602	0.60863
V268	0.14463	0.4779	0.09834	0.19933	0.07979
V269	0.03531	0.37193	0.30117	0.24401	0.04757
V270	0	0.04533	0	0.90015	0.05452
V271	0.17907	0.75142	0	0	0.06951
V272	0.07295	0.85556	0	0	0.07149
V273	0.21326	0.09643	0.12787	0.41296	0.14947
V274	0.0623	0.10844	0.01584	0.32924	0.48419
V275	0.0089	0.74641	0.11458	0.06893	0.06119
V276	0	0.04315	0.62036	0.331	0.00549
V277	0.31454	0.07091	0.56027	0.05428	0
V278	0	0.06699	0.28691	0.53483	0.11127
V279	0.08088	0.04337	0	0.78707	0.08868
V280	0.12714	0.08223	0	0.67445	0.11619
V281	0	0.25274	0.00759	0.68164	0.05803
V282	0.03012	0.93778	0	0	0.0321
V283	0.3088	0.10183	0.07159	0.12887	0.38891
V284	0	0.17272	0.49543	0.11054	0.22131
V285	0.49782	0.48688	0	0	0.01531
V286	0.01591	0.08904	0.78069	0.11437	0
V287	0.17838	0.14113	0.12395	0.37747	0.17907
V288	0.14303	0.07767	0.59072	0.09626	0.09232
V289	0.09726	0.26349	0	0.58195	0.0573
V290	0.40695	0.518	0.07505	0	0
V291	0.33203	0.24686	0	0.37612	0.045
V292	0.0695	0.10118	0.36825	0.16874	0.29233
V293	0	0.13729	0.73117	0.13155	0
V294	0	0.06011	0	0.19664	0.74325
V295	0	0.05969	0.27496	0.58515	0.08019
V296	0.88388	0.11612	0	0	0
V297	0	0.05122	0.70566	0.23301	0.01011
V298	0.21779	0.044	0	0.60894	0.12927
V299	0.18663	0.03551	0	0.72879	0.04907
V300	1	0	0	0	0
V301	1	0	0	0	0
V302	0	0.03329	0	0.53171	0.43501
V303	0.06401	0.2305	0.18108	0.26931	0.25509
V304	0.12616	0.10047	0.69775	0.07562	0
V305	0.15902	0.38458	0.05427	0.16318	0.23895
V306	0.28232	0.67589	0	0	0.04179
V307	0.15631	0.07979	0.21362	0.52616	0.02411
V308	0.16686	0.07437	0.61149	0.14728	0
V309	0.62665	0.13389	0	0.13596	0.10349
V310	0.00934	0.08058	0	0.25691	0.65317
V311	0	0.02366	0.00355	0.9141	0.05868
V312	0.05106	0.30972	0.22117	0.09781	0.32024
V313	0.02772	0.33649	0	0.37027	0.26551
V314	0.04365	0.05784	0	0.4965	0.40201
V315	1	0	0	0	0
V316	0.06435	0.60231	0.20546	0.04042	0.08745
V317	0.33756	0.14817	0.47477	0.03812	0.00138
V318	0.97879	0.00826	0	0	0.01294
V319	0.03956	0.11895	0.76698	0.07451	0
V320	0.01787	0.02457	0	0.89548	0.06208
V321	0.07563	0.38458	0.24905	0.24517	0.04556
V322	0	0.28443	0.51349	0.12246	0.07962
V323	0.18618	0.28499	0.38899	0.06817	0.07167
V324	0	0.08296	0.00468	0.85605	0.0563
V325	0.60425	0.18588	0.01769	0.13051	0.06167
V326	0.02325	0.0771	0.04327	0.28436	0.57203
V327	0.27656	0.55602	0.0608	0.01819	0.08843
V328	0.00115	0.32491	0.13098	0.48884	0.0541
V329	0	0.07565	0.32457	0.57607	0.0237
V330	0.01749	0.09236	0.78679	0.09222	0.01115
V331	0.10001	0.09633	0.06914	0.23321	0.50131
V332	0.43186	0.12083	0.41482	0.0256	0.00689
V333	0.33047	0.12001	0.25239	0.22525	0.07188
V334	0	0.32334	0.49927	0.14174	0.03565
V335	0.72004	0.14042	0.0091	0.03934	0.0911
V336	0.10964	0.63091	0.21639	0	0.04305
V337	0	0.05785	1e-05	0.31502	0.62711
V338	0.71727	0.09932	0.08865	0.02741	0.06736
V339	0.15601	0.59725	0.14111	0.00189	0.10374
V340	0.00576	0.2291	0.0975	0.17863	0.489
V341	0	0.5121	0.38353	0.0421	0.06226
V342	0.22039	0.21993	0.39544	0.15647	0.00777
V343	0.69997	0.06152	0.23851	0	0
V344	0.07076	0.80192	0.00947	0	0.11785
V345	0.16587	0.09877	0	0.38689	0.34846
V346	0	0.3435	0.2664	0.3378	0.0523
V347	0.04837	0.54978	0	0.32114	0.0807
V348	0	0.17345	0.38378	0.33182	0.11094
V349	0.01409	0.35297	0.48515	0.07064	0.07716
V350	0.07284	0.45992	0.05424	0.26457	0.14843
V351	0.1072	0.09826	0.37101	0.40492	0.01862
V352	0.05595	0.5884	0.30844	0.01093	0.03628
V353	0.20873	0.40379	0	0.09629	0.29119
V354	0.55762	0.06721	0.37516	0	0
V355	0.02819	0.07553	0.28512	0.58359	0.02756
V356	0.02845	0.09063	0.7655	0.11541	0
V357	0	0.10002	0.47998	0.16007	0.25993
V358	0	0.06453	0	0.87657	0.0589
V359	0	0.13717	0	0.80729	0.05554
V360	0.69694	0.12638	0.01314	0.16207	0.00146
V361	0.29337	0.55802	0.0391	0	0.10952
V362	0.85754	0.08526	0.02084	0	0.03636
V363	0.00875	0.08825	0	0.29248	0.61051
V364	0.0027	0.32777	0	0.48202	0.18751
V365	0	0.00651	0	0.9216	0.07189
V366	0.14189	0.10904	0.54648	0.148	0.05458
V367	0.16375	0.28564	0.16307	0.23815	0.1494
V368	0.75892	0.17593	0.05316	0	0.012
V369	0	0.68611	0.19541	0.0749	0.04358
V370	0	0.19983	0.09748	0.44033	0.26237
V371	0.028	0.93663	0.00686	0	0.02851
V372	0.62841	0.14431	0.07849	0.12763	0.02116
V373	0.07389	0.69758	0.09115	0.08045	0.05693
V374	0.03795	0.10857	0.32208	0.51443	0.01697
V375	0.23542	0.07888	0.55799	0.12771	0
V376	0	0.04754	0.38333	0.1685	0.40062
V377	0.0411	0.54446	0.16628	0.20455	0.04361
V378	0.09331	0.60232	0.14001	0.01332	0.15104
V379	0.00087	0.06925	0.10256	0.24011	0.58722
V380	0	0.08983	0.14339	0.57559	0.19119
V381	0.12071	0.11124	0	0.15345	0.6146
V382	0.34698	0.04399	0	0.38089	0.22815
V383	0	0.04504	0.22676	0.69764	0.03056
V384	0.2091	0.12197	0.11563	0.48616	0.06714
V385	0.06215	0.16126	0	0.15236	0.62423
V386	0.63316	0.02464	0	0.32886	0.01334
V387	0.19064	0.05812	0	0.68574	0.0655
V388	0.02334	0.89423	0	0.01077	0.07166
V389	0.0895	0.8139	0	0	0.0966
V390	0.11401	0.03853	0	0.72757	0.11988
V391	0.70815	0.18321	0	0.05279	0.05585
V392	1	0	0	0	0
V393	0.05025	0.08077	0.1165	0.60365	0.14883
V394	0.7024	0.04776	0	0.17612	0.07373
V395	0	0.03588	0.31245	0.62444	0.02723
V396	0.53692	0.08468	0.3784	0	0
V397	0.65848	0.19116	0	0.10763	0.04272
V398	0.01415	0.04657	0.13635	0.7103	0.09264
V399	0.01211	0.07614	0	0.39718	0.51457
V400	0.11535	0.57272	0.11481	0.15104	0.04608
V401	0.26119	0.06768	0.59573	0.0754	0
V402	0.30502	0.10956	0.4015	0.13156	0.05235
V403	0.11322	0.13004	0	0.26221	0.49453
V404	0	0.07812	0.41501	0.46813	0.03874
V405	0.27732	0.3395	0.01984	0.25328	0.11005
V406	0	0.06827	0.84724	0.08449	0
V407	0.92718	0.07282	0	0	0
V408	0.00446	0.41455	0	0.30188	0.27912
V409	0.05531	0.06018	0.02929	0.73885	0.11637
V410	0.07952	0.20154	0.28474	0.15691	0.2773
V411	0	0.05368	0	0.20382	0.7425
V412	0	0.20772	0.11849	0.16096	0.51283
V413	0	0.28906	0.12802	0.41744	0.16548
V414	0.00518	0.12368	0	0.55168	0.31946
V415	0.13866	0.05403	0	0.16381	0.64349
V416	0.07575	0.15699	0	0.27663	0.49063
V417	0	0.04569	0.69379	0.23507	0.02545
V418	0.54112	0.43688	0	0	0.022
V419	0.20247	0.08994	0	0.24925	0.45834
V420	0.19142	0.07495	0.07717	0.18444	0.47201
V421	0	0.0592	0.12274	0.21847	0.59959
V422	0	0.04704	0.017	0.77638	0.15958
V423	0.21204	0.26576	0.23242	0.24771	0.04208
V424	0	0.04894	0.45816	0.15489	0.338
V425	0.28562	0.43263	0	0.03062	0.25113
V426	0.17259	0.22732	0	0.49711	0.10298
V427	0.1602	0.69088	0.11261	0	0.03631
V428	0.06069	0.69535	0.04682	0.08049	0.11665
V429	0.08689	0.81794	0	0.01367	0.0815
V430	0	0.07476	0.36806	0.31565	0.24153
V431	0.06642	0.4142	0.1609	0.28665	0.07183
V432	0.22903	0.1444	0.0792	0.4171	0.13027
V433	0.12764	0.07501	0.46105	0.32059	0.01571
V434	0.18024	0.35282	0.33535	0.05227	0.07931
V435	0.52864	0.11396	0.32018	0.03721	0
V436	0.03405	0.64185	0.07643	0.06197	0.18569
V437	0.15204	0.0929	0	0.303	0.45206
V438	0.08299	0.35445	0.16101	0.323	0.07856
V439	0.5789	0.05088	0	0.34397	0.02625
V440	0	0.38305	0.50937	0.06542	0.04216
V441	0	0.57635	0.34402	0.04691	0.03272
V442	0.02999	0.94397	0	0	0.02604
V443	1	0	0	0	0
V444	0.11082	0.47684	0	0.33954	0.0728
V445	0.02608	0.45282	0.00823	0.45191	0.06096
V446	0.06032	0.0907	0.06733	0.63417	0.14748
V447	0.02969	0.04967	0	0.56766	0.35299
V448	0.13823	0.07443	0	0.17866	0.60869
V449	0	0.04609	0.87859	0.07531	0
V450	0.14715	0.16576	0.20663	0.24285	0.23761
V451	0.20817	0.26823	0.01641	0.39004	0.11715
V452	0	0.03363	0.12426	0.77343	0.06869
V453	0	0.03791	0	0.57673	0.38536
V454	0	0.04874	0.63993	0.1465	0.16483
V455	0.02578	0.28675	0.2515	0.14502	0.29095
V456	1	0	0	0	0
V457	0.66175	0.26129	0	0.03527	0.04169
V458	0	0.39248	0.45918	0.10864	0.0397
V459	0.08687	0.12286	0.02014	0.56388	0.20625
V460	0.66404	0.11529	0.13815	0.07354	0.00898
V461	0.13841	0.37173	0.20782	0.0802	0.20184
V462	0.01187	0.12388	0	0.586	0.27825
V463	0.14363	0.10028	0	0.69982	0.05627
V464	0.10371	0.24092	0.594	0.06137	0
V465	0.02409	0.16833	0	0.17532	0.63226
V466	0.00778	0.04383	0	0.27612	0.67227
V467	0.0165	0.29317	0	0.57334	0.11699
V468	0.56161	0.38141	0.04463	0	0.01235
V469	0	0.37218	0.03454	0.33159	0.26168
V470	0.85448	0.10016	0	0.04535	0
V471	0.3268	0.35934	0	0.17005	0.14381
V472	0	0.09398	0.03112	0.18663	0.68827
V473	0	0.25507	0.21297	0.37874	0.15322
V474	0.22068	0.20284	0.01446	0.49155	0.07048
V475	0.10301	0.09586	0.54979	0.13115	0.12019
V476	0.09668	0.09324	0.06119	0.66563	0.08327
V477	0.02275	0.95137	0	0	0.02588
V478	0.14793	0.0644	0	0.159	0.62867
V479	0.85723	0.10677	0	0.036	0
V480	0.09933	0.7043	0.02212	0.09411	0.08014
V481	0.18829	0.43279	0.02265	0.21305	0.14321
V482	0.07102	0.7347	0.15339	0	0.04089
V483	0.25954	0.56618	0	0.08794	0.08634
V484	0.16555	0.56595	0.07523	0.13439	0.05888
V485	0.64005	0.15718	0.04753	0.13165	0.02358
V486	0.03004	0.14439	0.27716	0.14325	0.40516
V487	0.07155	0.18676	0.35193	0.36845	0.0213
V488	0.33905	0.10724	0	0.40049	0.15323
V489	0	0.24821	0.60576	0.14194	0.00408
V490	0	0.04346	0.66695	0.2896	0
V491	0.01066	0.52071	0.02702	0.14165	0.29997
V492	0	0.17647	0	0.75175	0.07178
V493	0	0.00114	0	0.93832	0.06054
V494	0.24663	0.04811	0	0.60604	0.09922
V495	0.25505	0.29364	0.16489	0.21686	0.06957
V496	0.10925	0.10595	0.03462	0.15839	0.59179
V497	0.06716	0.10226	0.12802	0.24646	0.45611
V498	0.04662	0.9006	0	0	0.05278
V499	0.00621	0.28183	0.23639	0.16735	0.30821
V500	0.07264	0.52881	0.08003	0.23279	0.08573
V501	0.04881	0.38366	0	0.10401	0.46352
V502	0.09492	0.85189	0.00277	0	0.05042
V503	0.37551	0.11163	0.1534	0.21789	0.14159
V504	0.44566	0.2575	0	0.03398	0.26286
V505	0.61118	0.05277	0	0.12559	0.21046
V506	0.00627	0.58852	0.0427	0.04924	0.31327
V507	0.86951	0.03603	0	0.08529	0.00917
V508	0	0.67581	0.18049	0.04333	0.10036
V509	0.02175	0.50411	0.11111	0.22595	0.13708
V510	0.3748	0.57153	0	0.01045	0.04322
V511	0.01383	0.36257	0.47217	0.09301	0.05842
V512	0.11004	0.51335	0.14073	0.07953	0.15635
V513	0.12616	0.73483	0.03806	0.0221	0.07886
V514	0	0.05379	0.21342	0.20821	0.52458
V515	0.01951	0.15135	0	0.77288	0.05626
V516	0.11031	0.40975	0.07288	0.35364	0.05342
V517	0	0.06205	0.0135	0.86819	0.05626
V518	0.3388	0.10801	0.27141	0.25242	0.02936
V519	0.79305	0.08506	0	0.11839	0.0035
V520	0.04146	0.89414	0	0	0.06441
V521	0.13935	0.06245	0.0911	0.66542	0.04168
V522	0	0.24577	0.51275	0.21044	0.03104
V523	0.08535	0.11464	0.68645	0.11356	0
V524	0.27978	0.10433	0.52966	0.05505	0.03118
V525	0	0.26649	0.01794	0.14821	0.56736
V526	0	0.08751	0.79233	0.12016	0
V527	0.02999	0.5333	0.36007	0.03465	0.04198
V528	0.08778	0.03829	0	0.82244	0.05149
V529	0.15016	0.09662	0.68716	0.06606	0
V530	0	0.06578	0.79041	0.14381	0
V531	0.13839	0.58133	0.05689	0.0352	0.1882
V532	0.02747	0.32393	0.26934	0.09399	0.28528
V533	0.23604	0.06082	0	0.13993	0.5632
V534	0.0644	0.09581	0	0.768	0.07178
V535	0.85498	0.14502	0	0	0
V536	0.0762	0.24697	0.34402	0.12726	0.20555
V537	8e-05	0.08993	0.00277	0.18667	0.72055
V538	0.61559	0.14981	0	0.04142	0.19318
V539	0	0.18278	0.58422	0.1876	0.04539
V540	0.12876	0.53239	0.05661	0.07928	0.20295
V541	0.01288	0.46981	0	0.09798	0.41933
V542	0	0.37495	0.0868	0.45287	0.08537
V543	0.01368	0.16389	0.62412	0.13774	0.06058
V544	0.27887	0.27982	0.13591	0.12499	0.18042
V545	0.63257	0.36743	0	0	0
V546	0.03952	0.82314	0.05441	0	0.08293
V547	0.05947	0.80998	0	0.05041	0.08014
V548	0	0.06551	0	0.87395	0.06054
V549	0	0.05639	0.00883	0.32927	0.60552
V550	0.01443	0.88263	0.06221	0	0.04073
V551	0	0	0	0.94637	0.05363
V552	0.18702	0.08412	0	0.1832	0.54566
V553	0.77423	0.04272	0	0.1488	0.03425
V554	0.04784	0.11113	0.42661	0.39706	0.01737
V555	0.02134	0.93283	0	0	0.04583
V556	0.02788	0.1036	0.02202	0.76056	0.08593
V557	0.23555	0.30897	0	0.3741	0.08139
V558	0	0.05655	0.69837	0.24508	0
V559	0.04637	0.47775	0.40372	0.0317	0.04046
V560	0.63739	0.29958	0.06303	0	0
V561	0.72085	0.07094	0.07913	0.02631	0.10278
V562	0.08626	0.12633	0.13315	0.22721	0.42705
V563	0.15667	0.32633	0.1657	0.17999	0.17132
V564	0.27463	0.10415	0.01152	0.4265	0.1832
V565	0	0.06198	0.00344	0.22641	0.70817
V566	0.22914	0.20294	0	0.38765	0.18026
V567	0	0.04765	0.87262	0.07973	0
V568	0	0.25838	0.36841	0.35675	0.01647
V569	0.60273	0.177	0.04322	0.13627	0.04078
V570	0.07495	0.08635	0.23736	0.52798	0.07336
V571	0.18473	0.08655	0.18837	0.42602	0.11432
V572	0.8925	0.01877	0	0	0.08872
V573	0.02664	0.12623	0.29328	0.45551	0.09834
V574	0.48878	0.36855	0.01595	0.08434	0.04238
V575	0.30925	0.11834	0.07896	0.14909	0.34436
V576	0.02168	0.89861	0	0	0.0797
V577	0.3726	0.56525	0	0.01854	0.04362
V578	0	0.19672	0.45189	0.30633	0.04506
V579	0	0.54643	0.28143	0.05959	0.11254
V580	0.16289	0.56885	0	0.1938	0.07447
V581	0.00336	0.52663	0.33091	0.10696	0.03213
V582	0	0.07698	0.84179	0.08124	0
V583	0.60466	0.08459	0.29942	0.01133	0
V584	0.17288	0.56609	0.06878	0.04541	0.14684
V585	0.01804	0.81314	0.03925	0.02617	0.1034
V586	0.00348	0.82142	0.13452	0	0.04058
V587	0.03079	0.7296	0	0.01509	0.22452
V588	0.17158	0.46501	0.33335	0.00237	0.02768
V589	0.05778	0.44728	0.0142	0.41591	0.06482
V590	0.02799	0.80961	0	0	0.16241
V591	0.44116	0.5535	0	0	0.00535
V592	0	0.04383	0.70697	0.14862	0.10058
V593	0.33497	0.04298	0	0.54596	0.07609
V594	0	0.15566	0.57873	0.23393	0.03168
V595	0.46189	0.12769	0	0.35664	0.05377
V596	0.39778	0.2697	0.153	0.14349	0.03603
V597	0.00256	0.24628	0	0.22796	0.5232
V598	0.58656	0.04012	0	0.04	0.33332
V599	0.03521	0.43958	0.06433	0.39367	0.06722
V600	0.19889	0.09479	0.13781	0.45697	0.11153
V601	0.08832	0.13765	0	0.54176	0.23226
V602	0.85658	0.14342	0	0	0
V603	0.09598	0.21001	0.00303	0.24853	0.44244
V604	0	0.06076	0.6463	0.21316	0.07978
V605	0.00055	0.12951	0.11806	0.21955	0.53232
V606	0.89355	0.00991	0	0	0.09654
V607	0.13207	0.1808	0	0.1491	0.53802
V608	0.75267	0.06776	0	0.09051	0.08906
V609	0.13267	0.34216	0	0.42018	0.10499
V610	0.05061	0.68471	0	0.20434	0.06034
V611	0.20749	0.09937	0.57296	0.09109	0.02908
V612	0.3172	0.14005	0.27097	0.08954	0.18224
V613	0.37312	0.599	0	0	0.02788
V614	0.49868	0.09025	0	0.12992	0.28115
V615	0	0.12147	0.10315	0.62518	0.15021
V616	0.63924	0.07888	0.08575	0.16576	0.03038
V617	0.1564	0.1478	0.41264	0.18116	0.10201
V618	0.72927	0.17426	0	0.0056	0.09087
V619	0.52022	0.13369	0.10054	0.04616	0.19938
V620	0	0.07729	0.30266	0.59075	0.02931
V621	0.09396	0.29026	0.26238	0.08995	0.26345
V622	0	0.25566	0.31844	0.12302	0.30288
V623	0.01819	0.03838	0	0.75837	0.18506
V624	0.96707	0.01408	0	0	0.01885
V625	0	0.08651	0.05929	0.80545	0.04874
V626	0.01724	0.08892	0.49062	0.38606	0.01716
V627	0.07495	0.22421	0.09842	0.1507	0.45172
V628	1	0	0	0	0
V629	0.06621	0.29209	0.57018	0.07144	9e-05
V630	0	0.24634	0.00867	0.16112	0.58387
V631	0	0.05803	0.25989	0.18058	0.50151
V632	0.02597	0.80711	0	0.00187	0.16506
V633	0.01427	0.05877	0.0651	0.61175	0.25012
V634	0.37753	0.51413	0.09679	0	0.01155
V635	0.00894	0.17216	0.1729	0.16052	0.48548
V636	0.13163	0.23911	0.26132	0.26212	0.10582
V637	0.14017	0.09243	0.3566	0.34072	0.07008
V638	0.05409	0.5162	0	0.12383	0.30588
V639	0.5238	0.46478	0.01141	0	0
V640	0.07129	0.24529	0.05756	0.31622	0.30964
V641	0.06504	0.75629	0	0.10039	0.07829
V642	0.72142	0.05344	0	0.22061	0.00452
V643	0.02532	0.89712	0.03443	0	0.04312
V644	0.00921	0.46449	0	0.4502	0.07609
V645	0.12015	0.78505	0	0.03411	0.06069
V646	0.09784	0.57219	0	0.22883	0.10113
V647	0.99299	0.00701	0	0	0
V648	0.3687	0.1548	0	0.32295	0.15355
V649	0.21527	0.17375	0.04167	0.21356	0.35574
V650	0	0.02851	0.0216	0.89909	0.0508
V651	0.08396	0.23123	0	0.62934	0.05547
V652	0.27755	0.06734	0	0.60169	0.05343
V653	0.26173	0.08908	0	0.57942	0.06977
V654	0.01153	0.13486	0	0.21673	0.63688
V655	0.09074	0.12115	0.25033	0.50928	0.0285
V656	0.08612	0.06322	0	0.24935	0.60131
V657	0.00625	0.53008	0.0034	0.33243	0.12784
V658	0	0.07603	0.00201	0.6831	0.23886
V659	0	0.05448	0.04155	0.81423	0.08973
V660	0.04056	0.39742	0	0.12283	0.43919
V661	0.01671	0.69322	0	0.15967	0.1304
V662	0.01702	0.50059	6e-05	0.06435	0.41797
V663	1	0	0	0	0
V664	0	0.04336	0.09964	0.50784	0.34917
V665	0	0.66303	0.17835	0.08508	0.07354
V666	0.06245	0.90032	0.00334	0	0.03389
V667	0	0.58217	0.22588	0.12208	0.06987
V668	0.62926	0.30621	0	0.03329	0.03124
V669	0.41754	0.37462	0	0.09458	0.11326
V670	0.06658	0.67984	0.02041	0.03369	0.19947
V671	0.77549	0.08279	0.1326	0.00911	0
V672	0.0542	0.13438	0.06625	0.40713	0.33804
V673	0	0.06852	0	0.26941	0.66207
V674	0.31135	0.17103	0.46794	0.03301	0.01667
V675	0.67051	0.0547	0	0.17805	0.09674
V676	0.19431	0.18123	0.45674	0.06564	0.10208
V677	0	0.31179	0.18863	0.41912	0.08046
V678	0.02984	0.37204	0	0.12837	0.46975
V679	0	0.05189	0.39307	0.53865	0.01639
V680	0.12104	0.06244	0	0.45915	0.35737
V681	0.45833	0.10067	0	0.34653	0.09447
V682	0	0.04609	0.87859	0.07531	0
V683	0.01512	0.24344	0.59122	0.07307	0.07714
V684	0	0.03213	0	0.91083	0.05704
V685	0	0.05938	0.75543	0.18519	0
V686	0.23664	0.67828	0.02577	0	0.0593
V687	0	0.03669	0.51068	0.44309	0.00953
V688	0	0.04793	0.85546	0.09661	0
V689	0.43876	0.15053	0.13758	0.15696	0.11618
V690	0.07076	0.88032	0	0	0.04892
V691	0.08277	0.18745	0.00847	0.64864	0.07266
V692	0.01471	0.06135	0	0.80505	0.11889
V693	0	0.52754	0.3908	0.05485	0.02681
V694	0.0413	0.24265	0.00499	0.61077	0.10028
V695	0.09115	0.18533	0.12528	0.14845	0.44979
V696	0.06609	0.06686	0.69788	0.10609	0.0631
V697	0.04876	0.16992	0.2721	0.41107	0.09815
V698	0	0.07563	0.16739	0.1852	0.57178
V699	0	0.0597	0.01821	0.72637	0.19572
V700	0.03448	0.84646	0.04419	0	0.07488
V701	0	0.24693	2e-05	0.15413	0.59892
V702	0	0.13765	0	0.70666	0.15569
V703	0	0.03402	0	0.90621	0.05976
V704	0.00499	0.12188	0.36624	0.15901	0.34789
V705	0.99891	0.00109	0	0	0
V706	0.09873	0.20292	0.12262	0.48304	0.09268
V707	0.09839	0.18823	0.04284	0.36287	0.30768
V708	0	0.61418	0.34267	0.01549	0.02765
V709	0	0.07384	0.02212	0.18902	0.71501
V710	0.07878	0.09725	0.44983	0.12196	0.25219
V711	0.03817	0.06188	0.00837	0.20131	0.69027
V712	0.00748	0.07563	0.64264	0.27425	0
V713	0.194	0.48353	0.27956	0.01588	0.02702
V714	0.03093	0.05896	0	0.18796	0.72215
V715	0	0.30025	0.53443	0.1575	0.00782
V716	0.74189	0.22833	0	0.00821	0.02157
V717	0.34516	0.25856	0.07362	0.08257	0.2401
V718	0.67551	0.07693	0.2239	0.00941	0.01425
V719	0.33975	0.32622	0.05263	0.15232	0.12908
V720	0.09117	0.11566	0.07207	0.19037	0.53073
V721	0.00618	0.07018	0.03901	0.20654	0.6781
V722	0	0.27555	0.03009	0.52822	0.16614
V723	0.05976	0.2655	0.07889	0.53628	0.05957
V724	0.09019	0.70208	0.0029	0.14335	0.06148
V725	0.00883	0.06587	0	0.19338	0.73192
V726	0.17787	0.56076	0.01588	0.07398	0.17152
V727	0	0.05324	0.85137	0.09539	0
V728	0.79102	0.10297	0.04968	0.05632	0
V729	0.57149	0.16241	0	0.24311	0.02298
V730	0.06047	0.09226	0.32588	0.46312	0.05827
V731	0	0.03766	0.02163	0.89161	0.0491
V732	0	0.00112	0	0.94499	0.05389
V733	0	0.08325	0.83515	0.0816	0
V734	0.46634	0.15995	0.31428	0.05572	0.00371
V735	0.03802	0.22197	0.19535	0.14985	0.39481
V736	0	0.10069	0	0.18378	0.71553
V737	1	0	0	0	0
V738	0.00593	0.51358	0	0.07066	0.40982
V739	0	0.01449	0	0.93096	0.05455
V740	0.1754	0.16202	0.07804	0.14411	0.44044
V741	0.43716	0.06213	0	0.37015	0.13056
V742	0.02395	0.09029	0.48001	0.28292	0.12284
V743	0.00436	0.11703	0.06379	0.25905	0.55577
V744	0.12966	0.12743	0.12606	0.55409	0.06276
V745	0.10071	0.08407	0.00337	0.75739	0.05446
V746	0.33094	0.615	0	0	0.05406
V747	0	0.08325	0.82008	0.09667	0
V748	0.11286	0.27859	0.23894	0.14668	0.22293
V749	0.12911	0.16666	0.0821	0.48843	0.1337
V750	0.77042	0.22958	0	0	0
V751	0	0.40677	0.51803	0.06356	0.01163
V752	0.00267	0.20042	0.00948	0.16244	0.62498
V753	0.51578	0.13876	0.18746	0.06054	0.09746
V754	0.06587	0.3478	0	0.52692	0.05941
V755	0.20165	0.76744	0	0	0.03091
V756	0.00095	0.17672	0.0093	0.20849	0.60454
V757	0.10937	0.057	0.05647	0.72939	0.04778
V758	0.02807	0.44859	0	0.46405	0.05929
V759	0.06432	0.10454	0.08645	0.16326	0.58143
V760	0.0362	0.0992	0.18376	0.3699	0.31095
V761	0.00248	0.31183	0.62866	0.05703	0
V762	0	0.08558	0.14663	0.49039	0.2774
V763	0.00608	0.33137	0	0.1197	0.54286
V764	0.05607	0.11669	0.04651	0.7241	0.05663
V765	0.11045	0.09635	0.5975	0.13877	0.05692
V766	0.03641	0.53	0.21072	0.08437	0.1385
V767	0.22223	0.54787	0.02008	0.06072	0.14911
V768	0.03252	0.88398	0.01684	0	0.06666
V769	0.77013	0.09468	0.12381	0	0.01138
V770	0.2343	0.08683	0.44949	0.22873	0.00065
V771	0.04126	0.76024	0	0.06521	0.1333
V772	0	0.08188	0.84306	0.07506	0
V773	0.00725	0.05098	0	0.32791	0.61386
V774	0.10545	0.07677	0.50296	0.10968	0.20514
V775	0.96597	0.02903	0	0.005	0
V776	0.30952	0.49817	0.1096	0.02538	0.05733
V777	0.15568	0.43739	0.1977	0.14028	0.06895
V778	0.47497	0.10799	0	0.26041	0.15663
V779	0.01539	0.46231	0.45566	0.04237	0.02427
V780	0	0.04627	0.87105	0.08268	0
V781	0.13819	0.37776	0.14142	0.06972	0.2729
V782	0.199	0.30747	0	0.09262	0.40092
V783	0	0.04333	0.58821	0.1569	0.21157
V784	0.00692	0.64272	0	0.23512	0.11524
V785	0.70713	0.1617	0	0.0819	0.04926
V786	0.10546	0.2387	0	0.58583	0.07002
V787	0.10214	0.6172	0	0.17578	0.10488
V788	0.33835	0.50276	0.02064	0	0.13825
V789	0	0.19097	0	0.47608	0.33295
V790	0.23059	0.30803	0.01881	0.18248	0.26009
V791	0.13447	0.28409	0.0392	0.26999	0.27225
V792	1	0	0	0	0
V793	0.27545	0.35144	0.00525	0.14397	0.22389
V794	0	0.07722	0.09051	0.32451	0.50776
V795	0.09761	0.85818	0	0	0.04421
V796	0.23558	0.47672	0.06063	0.16194	0.06513
V797	0.11854	0.04692	0	0.18375	0.65078
V798	0.10394	0.54962	0	0.10544	0.241
V799	0	0.20058	0.0163	0.69371	0.08941
V800	0.00801	0.07592	0	0.28561	0.63047
V801	0.29513	0.0883	0.06703	0.49453	0.055
V802	0.01402	0.26898	0	0.14512	0.57189
V803	0.22165	0.07039	0	0.64168	0.06628
V804	0.13597	0.22306	0.15538	0.41756	0.06803
V805	0.08739	0.20141	0.37972	0.25132	0.08016
V806	0.42435	0.11227	0.14268	0.13186	0.18884
V807	0.73267	0.07483	0	0.06873	0.12377
V808	0.88302	0.06363	0	0	0.05335
V809	0.16117	0.65858	0	0.02308	0.15717
V810	0	0.11153	0.01552	0.55429	0.31865
V811	0.02856	0.16755	0.00433	0.24953	0.55004
V812	0	0.68926	0.1625	0.07782	0.07042
V813	0.00164	0.28101	0.20104	0.11345	0.40286
V814	0.15351	0.59437	0.02703	0.15412	0.07097
V815	0.18795	0.73117	0	0.01746	0.06342
V816	0	0.53017	0	0.39454	0.07529
V817	0.81814	0.10754	0.07433	0	0
V818	0.00028	0.2685	0.32217	0.14182	0.26723
V819	0.99436	0.00564	0	0	0
V820	0.02937	0.39933	0.09336	0.41219	0.06575
V821	0	0.05376	0	0.19695	0.74928
V822	0.11802	0.05183	0	0.77976	0.05038
V823	0.01596	0.15178	0.21157	0.14641	0.47428
V824	0.04999	0.10296	0.0055	0.17471	0.66684
V825	0.08356	0.07127	0.58947	0.2557	0
V826	0	0.06517	0.83818	0.09665	0
V827	0.27297	0.18592	0	0.42357	0.11755
V828	0.1988	0.22494	0.07042	0.15905	0.3468
V829	0.0458	0.1504	0.27003	0.28964	0.24413
V830	0.08921	0.08601	0.63828	0.11678	0.06972
V831	0.00573	0.77512	0.02198	0.12185	0.07532
V832	0.16144	0.07048	0.03587	0.36968	0.36252
V833	0.15286	0.78781	0	0	0.05933
V834	0.75103	0.19954	0	0	0.04944
V835	0.19099	0.35045	0.0467	0.3069	0.10496
V836	0.3042	0.15094	0.3932	0.14805	0.00361
V837	0.01624	0.86694	0	0	0.11682
V838	0	0.01855	0.0399	0.8889	0.05265
V839	0.01691	0.10156	0.06581	0.17731	0.63842
V840	0.9838	0.0162	0	0	0
V841	0.15951	0.08462	0.69584	0.06004	0
V842	0.46869	0.13532	0.14042	0.23462	0.02096
V843	0.40844	0.10479	0.09339	0.15062	0.24277
V844	0	0.2032	0.69356	0.10072	0.00252
V845	0	0.02591	0	0.70199	0.27211
V846	0.08092	0.11461	0.08118	0.21475	0.50854
V847	0.17149	0.08	0.02197	0.26908	0.45746
V848	0.73661	0.0617	0	0.09684	0.10485
V849	0.07819	0.11742	0.65637	0.09368	0.05434
V850	0.15089	0.11668	0.24524	0.26739	0.2198
V851	1	0	0	0	0
V852	0.19025	0.13738	0.04535	0.28782	0.3392
V853	0	0.17303	0.54538	0.22673	0.05487
V854	0.00988	0.39993	0.21949	0.14775	0.22295
V855	0.06717	0.42842	0.06128	0.33888	0.10425
V856	0.13125	0.46288	0.02165	0.05588	0.32834
V857	0.03746	0.09971	0.14133	0.50771	0.2138
V858	0	0.3833	0.16554	0.265	0.18616
V859	0.07225	0.0577	0	0.79462	0.07543
V860	0	0.18733	0.03458	0.68531	0.09278
V861	0.08196	0.08095	0.08941	0.70273	0.04495
V862	0.04569	0.07	0.00476	0.26223	0.61731
V863	0.02013	0.92865	0	0	0.05122
V864	0	0.05238	0.80468	0.14294	0
V865	0.02422	0.06705	0.57433	0.3344	0
V866	0	0.09506	0.56921	0.32476	0.01097
V867	0.57399	0.07145	0	0.03484	0.31971
V868	0.15981	0.29495	0.34645	0.16527	0.03351
V869	0	0.0582	0.01265	0.20357	0.72559
V870	0.21184	0.24256	0.03634	0.31622	0.19305
V871	0.01184	0.11803	0.08997	0.24922	0.53094
V872	0.30681	0.08618	0	0.53033	0.07668
V873	0.01594	0.36241	0.12326	0.408	0.0904
V874	0.0701	0.11375	0	0.17284	0.64331
V875	0	0.21467	0	0.54875	0.23658
V876	0.44425	0.16064	0	0.07678	0.31833
V877	0.18629	0.67966	0	0.06756	0.0665
V878	0.00523	0.72508	0.01446	0.18978	0.06546
V879	0.95673	0.04327	0	0	0
V880	0.04361	0.13962	5e-04	0.51942	0.29685
V881	0	0.05121	0.50425	0.14622	0.29832
V882	0.01067	0.49528	0	0.44273	0.05131
V883	0.45442	0.22697	0	0.20578	0.11284
V884	0	0.0435	0	0.20669	0.74982
V885	0.10785	0.14541	0.34133	0.22327	0.18214
V886	0	0.04216	0.01665	0.38155	0.55964
V887	0.06479	0.88275	0	0	0.05246
V888	0.01261	0.15112	0.02464	0.71924	0.09239
V889	0.08654	0.85272	0.00285	0	0.05789
V890	0	0.05722	0.11005	0.70948	0.12325
V891	0	0.07829	0.83123	0.09048	0
V892	0.59407	0.28592	0	0	0.12001
V893	0.08667	0.24534	0.46368	0.15034	0.05397
V894	0.06851	0.56472	0.01469	0.2677	0.08438
V895	0.68183	0.07549	0.23143	0.01125	0
V896	0.14264	0.27987	0.18904	0.35115	0.03731
V897	0	0.02169	0.00842	0.83114	0.13876
V898	0.35479	0.07131	0	0.1228	0.4511
V899	0.57486	0.38754	0.01856	0	0.01904
V900	0.18374	0.30184	0.22535	0.24611	0.04296
V901	0.65022	0.07757	0	0.19808	0.07413
V902	0.88195	0.08762	0	0.00928	0.02115
V903	0.20329	0.14277	0.02416	0.559	0.07078
V904	0.74197	0.16866	0.08936	0	0
V905	0	0.35403	0.04265	0.384	0.21932
V906	0.09778	0.11953	0.41951	0.18729	0.17589
V907	0.71233	0.19029	0	0.05606	0.04133
V908	0	0.36291	0.02045	0.52365	0.09298
V909	0	0.13122	0	0.75776	0.11102
V910	0.66935	0.20618	0	0.0512	0.07327
V911	0	0.30697	0.49066	0.07732	0.12505
V912	0.00651	0.09052	0.14698	0.22714	0.52884
V913	0.08558	0.08204	0.03467	0.70989	0.08783
V914	0.76315	0.06545	0	0.12926	0.04214
V915	0.16418	0.25993	0.02166	0.11568	0.43855
V916	0.8096	0.10484	0.04438	0.00069	0.0405
V917	0.42189	0.08933	0	0.08867	0.40012
V918	0.56772	0.21704	0.16368	0.03594	0.01562
V919	0.35899	0.21171	0	0.31739	0.11191
V920	0.11942	0.06849	0.07517	0.69284	0.04409
V921	0.16123	0.2624	0.0861	0.10173	0.38854
V922	0	0.0628	0.66514	0.11433	0.15773
V923	0.12408	0.52721	0	0.08475	0.26396
V924	0.45596	0.14179	0	0.28976	0.11249
V925	0.08581	0.18049	0.42083	0.25067	0.0622
V926	0.00017	0.08535	0	0.19552	0.71896
V927	0.50108	0.32926	0.0498	0.08699	0.03288
V928	0.07573	0.3179	0.18336	0.24957	0.17344
V929	0.03818	0.32734	0	0.11397	0.52051
V930	0.05546	0.07498	0.05146	0.17766	0.64043
V931	0.4512	0.19722	0	0.08965	0.26192
V932	0.02068	0.16867	0.02396	0.42215	0.36455
V933	0.24511	0.07446	0.00735	0.38655	0.28653
V934	0.66687	0.12383	0.2093	0	0
V935	0.55818	0.19141	0.06712	0.0818	0.10149
V936	0.23224	0.14166	0.06637	0.49446	0.06527
V937	0.09827	0.74303	0.06772	0.01266	0.07831
V938	0.05534	0.91173	0	0	0.03293
V939	0	0.03579	0	0.46218	0.50204
V940	0.54189	0.1731	0.02008	0.08902	0.1759
V941	0	0.16321	0.0958	0.53702	0.20397
V942	0.76229	0.23771	0	0	0
V943	0.02972	0.17115	0.0433	0.16298	0.59285
V944	0.2601	0.1043	0.06111	0.52844	0.04606
V945	0	0.3126	0.54219	0.1027	0.04251
V946	0	0.51234	0.43629	0.02991	0.02147
V947	0.33686	0.10112	0	0.21552	0.3465
V948	0.04556	0.74786	0.00746	0.09444	0.10468
V949	0.90737	0.09263	0	0	0
V950	0.00882	0.05513	0	0.88168	0.05437
V951	0.24107	0.0565	0	0.56932	0.13311
V952	0.0801	0.09082	0.0088	0.68906	0.13122
V953	0.41219	0.12432	0	0.40073	0.06276
V954	0.19459	0.58691	0.02356	0.06987	0.12507
V955	0.01627	0.06624	0.49029	0.42225	0.00494
V956	4e-05	0.4968	0.06786	0.3718	0.06351
V957	0.07371	0.79478	0.02375	0.03582	0.07194
V958	0.02579	0.8799	0	0	0.09431
V959	0.01965	0.06462	0.74937	0.16587	0.00048
V960	0.47992	0.1496	0.08581	0.15271	0.13196
V961	0.03209	0.88835	0	0	0.07956
V962	0.16017	0.158	0	0.18022	0.50161
V963	0	0.04872	0.36749	0.55263	0.03116
V964	0	0.05324	0.85137	0.09539	0
V965	0	0.02975	0.38311	0.53962	0.04752
V966	0	0.05462	0.46153	0.22324	0.26061
V967	0.31354	0.54646	0	0	0.14
V968	0.02745	0.93001	0	0	0.04254
V969	0.08345	0.53458	0.10615	0.151	0.12482
V970	0.10558	0.43571	0.40812	0.01907	0.03151
V971	0.7221	0.14119	0.11297	0.02374	0
V972	0.05214	0.8769	0	0	0.07096
V973	0	0.07368	0.50341	0.34583	0.07709
V974	0.00084	0.74073	0.07696	0.09134	0.09013
V975	0.02149	0.94339	0	0	0.03512
V976	0	0.05508	0	0.24981	0.69511
V977	0	0.19071	0.13227	0.25622	0.42079
V978	0.30664	0.2298	0.15938	0.19233	0.11185
V979	0.94021	0.05979	0	0	0
V980	0.26249	0.18358	0.08048	0.2123	0.26115
V981	0.04761	0.12229	0.0425	0.1798	0.6078
V982	0.3343	0.49187	0.07432	0.01787	0.08163
V983	0.64991	0.24723	0	0	0.10286
V984	0.09864	0.10455	0.07065	0.6301	0.09606
V985	0	0.10829	0.04943	0.79536	0.04692
V986	0.48302	0.18722	0.3139	0.00879	0.00706
V987	0	0.23645	0.62693	0.13528	0.00134
V988	0.01975	0.10874	0.45926	0.38376	0.02849
V989	0.00104	0.09891	0	0.18959	0.71045
V990	0.07862	0.41484	0	0.17473	0.33181
V991	0.02552	0.1615	0.0895	0.1707	0.55277
V992	0.89359	0.10641	0	0	0
V993	0	0.05829	0.52098	0.2734	0.14733
V994	0.01714	0.92892	0	0	0.05394
V995	0	0.14515	0.53909	0.2129	0.10285
V996	0	0.03741	0.0566	0.66463	0.24137
V997	0.19282	0.15673	0.12236	0.12706	0.40103
V998	0	0.05684	0	0.85617	0.08699
V999	0.06152	0.09085	0.07663	0.6114	0.1596
V1000	0	0.0363	0.86953	0.09417	0
