CD56NK	CD4MemoryT	CD19B	CD14
V1	0.45239	0	0.17024	0.37737
V2	0.09475	0.05667	0.03444	0.81414
V3	0.04397	0.56165	0.00796	0.38642
V4	0.83393	0.12714	0	0.03893
V5	0.08988	0.45158	0.2413	0.21725
V6	0.06595	0.88288	0.019	0.03217
V7	0.1051	0.31089	0.0692	0.51481
V8	0.11551	0	0.83442	0.05007
V9	0.16476	0.1946	0.02826	0.61237
V10	0.01492	0	0.90765	0.07743
V11	0.18346	0.35856	0.44889	0.0091
V12	0.02389	0.5897	0.36589	0.02052
V13	0.22932	0.73307	0.00435	0.03326
V14	0.05848	0.92766	0.00471	0.00914
V15	0.09628	0.5774	0.11304	0.21328
V16	0.88357	0.03838	0.02475	0.0533
V17	0.07433	0.88222	0.01119	0.03227
V18	0.51301	0.37748	0.04714	0.06237
V19	0.13635	0.83848	0.00428	0.0209
V20	0.12177	0.41512	0.01467	0.44844
V21	0.116	0.02911	0.80512	0.04977
V22	0.01122	0.05702	0.15712	0.77464
V23	0.34629	0.02022	0.62305	0.01044
V24	0.93715	0.02355	0.03819	0.0011
V25	0.27002	0.21411	0.12222	0.39365
V26	0.31721	0.38132	0.01697	0.2845
V27	0.05845	0.02907	0.00818	0.9043
V28	7e-04	0.01242	0.9863	0.00058
V29	0.39613	0.00925	0.54429	0.05033
V30	0.07522	0.17308	0.24429	0.50741
V31	0.156	0.16107	0.27781	0.40513
V32	0.04474	0.00876	0.0155	0.931
V33	0.03913	0.47872	0.34633	0.13582
V34	0.11578	0.01153	0.8228	0.04989
V35	0.13829	0.73661	0.07959	0.0455
V36	0.00526	0.01476	0.41182	0.56817
V37	0.44224	0.05493	0.09385	0.40898
V38	0.32621	0	0.15975	0.51404
V39	0.13454	0.55055	0.12402	0.19089
V40	0.0852	0.84195	0.07284	0
V41	0.00736	0.61932	0.03732	0.336
V42	0.15469	0.01247	0.17673	0.65611
V43	0.11481	0.33057	0.50702	0.0476
V44	0.01342	0.04435	0.70843	0.23379
V45	0.08253	0.58241	0.21229	0.12277
V46	0.77372	0.06993	0.14536	0.01099
V47	0.40097	0.18247	0.34032	0.07624
V48	0.76279	0.193	0.00651	0.0377
V49	0.66394	0.20424	0	0.13182
V50	0.05832	0.85248	0.08064	0.00856
V51	0.2718	0.4138	0.26642	0.04798
V52	0.0235	0.08061	0.84632	0.04957
V53	0.69559	0.12699	0.17687	0.00055
V54	0.38182	0.18616	0.39632	0.0357
V55	0.15879	0.0973	0.21861	0.5253
V56	0.02467	0.00231	0.05664	0.91639
V57	0.08381	0.87637	0.01941	0.02041
V58	0.52295	0	0.04096	0.43609
V59	0.37923	0.43273	0.11391	0.07414
V60	0.10041	0.11796	0.29915	0.48248
V61	0.74571	0.10671	0.01332	0.13426
V62	0.86326	0.02814	0.08363	0.02496
V63	0.01653	0.83701	0.11464	0.03182
V64	0.00839	0.81626	0	0.17534
V65	0.00582	0	0.06508	0.9291
V66	0.18031	0.70517	0.01803	0.09649
V67	0.13507	0.32213	0.52119	0.02161
V68	0.10378	0.10677	0.01369	0.77576
V69	0.02312	0.29292	0.61029	0.07366
V70	0.47475	0.14224	0.19432	0.18869
V71	0.12457	0.04577	0.34719	0.48247
V72	0.49441	0.14908	0.09985	0.25666
V73	0.12742	0.61408	0.13587	0.12263
V74	0.05125	0.20493	0.74382	0
V75	0.63913	0	0.21561	0.14526
V76	7e-05	0.12436	0.1434	0.73217
V77	0.02533	0.22877	0.00141	0.74448
V78	0.23357	0.08896	0.17303	0.50444
V79	0.00643	0.06738	0.79738	0.12882
V80	0.30795	0.00101	0.55965	0.13139
V81	0.05113	0.13718	0.80166	0.01003
V82	3e-04	0.03794	0.95035	0.01141
V83	0.08977	0.13372	0.05703	0.71949
V84	0.30474	0.02836	0.15363	0.51327
V85	0.08969	0.28792	0.38774	0.23465
V86	0.04114	0.02154	0.87389	0.06343
V87	0.0312	0.82482	0.05032	0.09366
V88	0.1182	0.03559	0.23478	0.61143
V89	0.01128	0.00157	0.1549	0.83225
V90	0.02476	0.90223	0.05264	0.02037
V91	0.03148	0.74172	0.18184	0.04496
V92	0.39277	0.00688	0.40084	0.19951
V93	0.82846	0.00863	0	0.16291
V94	0.01252	0.37522	0.01339	0.59887
V95	0.2122	0.42508	0.15609	0.20662
V96	0.0452	0.06639	0.01418	0.87422
V97	0.64853	0.1016	0.23919	0.01068
V98	0.63558	0.34057	0	0.02385
V99	0.77363	0.03857	0.17675	0.01105
V100	0.06926	0.00501	0.88914	0.03659
V101	0.00688	0.01239	0	0.98073
V102	0.91321	0.05236	0.00802	0.02641
V103	0.00566	0.02265	0.06436	0.90732
V104	0.02578	0.96038	0.00469	0.00916
V105	0.05005	0.9289	0.01206	0.00898
V106	0.1031	0.51548	0.32178	0.05963
V107	0.16424	0.18261	0.57782	0.07533
V108	0.1299	0.77855	0.09155	0
V109	0.01313	0.12539	0.54875	0.31273
V110	0.04915	0.88373	0.03504	0.03208
V111	0.90178	0	0.08602	0.0122
V112	0.09953	0.03779	0.39477	0.46791
V113	0.13326	0.07462	0.15086	0.64125
V114	0.16613	0.02713	0.06561	0.74113
V115	0.00888	0.7638	0.21868	0.00863
V116	0.11618	0.28852	0.35952	0.23578
V117	0.61944	0.27759	0.03935	0.06361
V118	0.12861	0.55217	0.03126	0.28797
V119	0.07354	0.04999	0.03486	0.84161
V120	0.06923	0.0423	0.86522	0.02325
V121	0.51084	0.11771	0.10003	0.27143
V122	0.95367	0.00211	0.01731	0.02691
V123	0.0066	0.44783	0.03527	0.5103
V124	0.59094	0.31879	0	0.09026
V125	0.34109	0.43855	0.18576	0.0346
V126	0.02451	0.10637	0.0344	0.83472
V127	0.11579	0.02767	0.22208	0.63446
V128	0.01793	0.00225	0.07899	0.90083
V129	0.52673	0.24323	0.17996	0.05009
V130	0.00852	0.66367	0.31914	0.00867
V131	0.02376	0.87235	0	0.1039
V132	0.92446	0.001	0.03482	0.03972
V133	0.90028	0.00937	0.06463	0.02572
V134	0.08367	0.34987	0.1158	0.45067
V135	0.05163	0.00679	0.14035	0.80123
V136	0.18376	0.37101	0.0084	0.43683
V137	0.59572	0.02445	0.27382	0.10601
V138	0.17026	0.38516	0.17191	0.27267
V139	0.28618	0.18641	0.19275	0.33466
V140	0.01784	0.05832	0.0346	0.88923
V141	0.05367	0.12466	0.5073	0.31437
V142	0.75988	0	0.23933	0.00079
V143	0.35295	0.24938	0.06724	0.33043
V144	0.11958	0.12135	0.14591	0.61316
V145	0.00233	0.77097	0.21802	0.00868
V146	0.03161	0.00301	0.0161	0.94927
V147	0.89031	0.01796	0.02469	0.06705
V148	0.10562	0.04932	0.55217	0.29289
V149	0.22863	0.53869	0.2237	0.00897
V150	0.07654	0.22343	0.584	0.11603
V151	0.16871	0.62392	0.03281	0.17457
V152	0.19779	0.4437	0.21901	0.1395
V153	0.08824	0.73844	0.017	0.15632
V154	0.21142	0.46748	0.27376	0.04735
V155	0.4174	0.13278	0.3024	0.14742
V156	0.02997	0.11203	0.67557	0.18243
V157	0.24885	0.1343	0.30779	0.30905
V158	0.00678	0	0.01082	0.9824
V159	0.85104	0.06823	0	0.08073
V160	0.58887	0	0.06908	0.34205
V161	0.13821	0.00123	0.02152	0.83903
V162	0.04796	0.24567	0.06535	0.64101
V163	0.07865	0.45832	0.1568	0.30623
V164	0.27357	0.29253	0.1039	0.33
V165	0.00614	0.2103	0	0.78356
V166	0.00569	0.0667	0.04945	0.87816
V167	0.24153	0	0.00261	0.75586
V168	0.24166	0.59196	0.08046	0.08592
V169	0.12374	0.03466	0.02748	0.81411
V170	0.08409	0.00706	0.48023	0.42862
V171	0.11479	0.22876	0.59484	0.06161
V172	0.68019	0	0.30878	0.01103
V173	0.0182	0.10741	0.02741	0.84698
V174	0.0115	0.12218	0.05558	0.81074
V175	0.05544	0	0.76315	0.18141
V176	0.00905	0.82076	0.16163	0.00856
V177	0.01022	0.96864	0	0.02114
V178	0.00787	0.72046	0.00216	0.26951
V179	0.12032	8e-04	0.34479	0.53408
V180	0.02579	0.90161	0.0726	0
V181	0.13772	0.10893	0.52908	0.22427
V182	0.26384	0.16932	0.47626	0.09059
V183	0.15443	0.83184	0.00462	0.00911
V184	0.98776	0	0.01091	0.00134
V185	0.51139	0.46471	0.01389	0.01001
V186	0.09941	0.46836	0.25357	0.17865
V187	0.94858	0.00238	0.03638	0.01266
V188	0.0394	0.18467	0	0.77593
V189	0.73297	0.01485	0.0207	0.23147
V190	0.62243	0.00156	0.36514	0.01088
V191	0.1644	0.19579	0.57793	0.06188
V192	0.24446	0.4593	0.04962	0.24662
V193	0.53025	0.02265	0.25768	0.18942
V194	0.0332	0.93035	0.00404	0.03241
V195	0.00779	0.00847	0.97212	0.01162
V196	0.00622	0.04621	0.0031	0.94448
V197	0.29732	0.0346	0.02171	0.64638
V198	0.05724	0.49823	0.3597	0.08482
V199	0.11223	0.01248	0.14592	0.72937
V200	0.09961	0.52758	0.01519	0.35762
V201	0.08071	0.53689	0.18064	0.20175
V202	0.0132	0.00351	0.73727	0.24602
V203	0.14399	0.43136	0.391	0.03366
V204	0.00665	0.46258	0.00124	0.52953
V205	0.01562	0.03492	0.9256	0.02386
V206	0.04241	0.07375	0.87335	0.01048
V207	0.09014	0.15146	0.04213	0.71627
V208	0.2255	0.04828	0.70336	0.02286
V209	0.24724	0.46431	0.06837	0.22007
V210	0.07416	0.76843	0.08768	0.06973
V211	0.30345	0.00573	0.02879	0.66203
V212	0.46619	0.02666	0.47069	0.03646
V213	0.53847	0.0213	0.11759	0.32263
V214	0.25786	0.13908	0.15835	0.44471
V215	0.20008	0.07436	0.01411	0.71145
V216	0.019	0	0.01033	0.97068
V217	0.03751	0.45801	0.21376	0.29071
V218	0.07799	0.41212	0.15489	0.35499
V219	0.0846	0.60093	0.00857	0.3059
V220	0.00817	0.78857	0.00241	0.20086
V221	0.71345	1e-05	0.00493	0.28161
V222	0.26244	0.11644	0.36662	0.2545
V223	0.00658	0.11697	0.76123	0.11523
V224	0.96937	0	0.02938	0.00125
V225	0.04993	0.88809	0.05335	0.00863
V226	0.27588	0.06878	0.63254	0.0228
V227	0.75074	0	0.22524	0.02401
V228	0.71255	0.06287	0.07632	0.14826
V229	0.01541	0.00637	0.94074	0.03747
V230	0.00638	0.0115	0.01028	0.97184
V231	0.01184	0.22157	0.08789	0.6787
V232	0.03652	0.59671	0	0.36678
V233	0.49286	0.07908	0.21258	0.21549
V234	0.03311	0.91926	0.02721	0.02042
V235	0.33829	0.04635	0.56546	0.04991
V236	0.03984	0.04768	0.79583	0.11665
V237	0.10257	0.00158	0.02198	0.87387
V238	0.11166	0.56037	0.25623	0.07174
V239	0.04819	0.34104	0.01338	0.59739
V240	0.43933	0.0254	0.45796	0.07731
V241	0.01452	0	0.88173	0.10376
V242	0.11099	0.77882	0.09008	0.02012
V243	0.21136	0.02606	0.64563	0.11695
V244	0.17616	0	0.6946	0.12924
V245	0.53529	0.31832	0.05594	0.09045
V246	0.0502	0.13256	0.78201	0.03523
V247	0.14766	0.00642	0.84557	0.00035
V248	0.01195	0.01645	0.02913	0.94248
V249	0	0.02246	0.87387	0.10367
V250	0.73124	0	0.25761	0.01115
V251	0.93482	0.0439	0.0086	0.01267
V252	0.00983	0.84555	0.14462	0
V253	0.27687	0.05334	0.15394	0.51584
V254	0.00988	0.93662	0.04456	0.00895
V255	0.04045	0.90332	0	0.05623
V256	0.15197	0.20031	0.51898	0.12873
V257	0.34509	0.08405	0.23447	0.33639
V258	0.1483	0.2501	0.41826	0.18334
V259	0.0313	0.28403	0.62357	0.06111
V260	0.00081	0.27839	0.71098	0.00982
V261	0.53329	0.02217	0.2132	0.23135
V262	0.05864	0.03623	0.00817	0.89696
V263	0.01746	0.94988	0	0.03266
V264	0.12563	0.02153	0.39899	0.45385
V265	0.01777	0	0.10076	0.88147
V266	0.59291	0.39981	0.00692	0.00035
V267	2e-05	0.13886	0.23804	0.62308
V268	0.28331	0.01227	0.13025	0.57417
V269	0.00767	0.54941	0.37216	0.07075
V270	0.5804	0.01485	0.27212	0.13262
V271	0.73496	0.06371	0.03881	0.16252
V272	0.04708	0.80156	0.00954	0.14182
V273	0.03118	0.0091	0.02228	0.93744
V274	0.62491	0	0.20346	0.17163
V275	0.00031	0.00942	0.97814	0.01212
V276	0.42116	0.34642	0.0105	0.22192
V277	0.02516	0.15986	0.12818	0.6868
V278	0.02415	0.03439	0.23283	0.70863
V279	0.61012	0.05037	0.12299	0.21652
V280	0.00678	0	0.01082	0.9824
V281	0.4446	0.02024	0.14123	0.39393
V282	0.04899	0.04868	0.81283	0.08951
V283	0.16979	0.56995	0.05845	0.20181
V284	0.02509	0.91319	0.05301	0.00871
V285	0.06282	0.00043	0.93635	0.00041
V286	0.20309	0.55195	0.1075	0.13746
V287	0.08287	0.87358	0.01121	0.03234
V288	0.01324	0.24374	0.38877	0.35425
V289	0.24227	0.21146	0.42963	0.11664
V290	0.79221	0.19043	0.01667	0.00069
V291	0.4444	0.05746	0.47519	0.02295
V292	0.90277	0.00117	0	0.09606
V293	0.2615	0.00232	0.67328	0.0629
V294	0.06147	0.30647	0	0.63206
V295	0.01159	0.13359	0.15336	0.70146
V296	0.15231	0.10429	0.6126	0.1308
V297	0.04419	0	0.04887	0.90694
V298	0.26758	0.08915	0.62057	0.02271
V299	0.04691	0.22093	0.00735	0.72481
V300	0	0.01486	0.1788	0.80634
V301	0.10181	0.09231	0.63394	0.17194
V302	0.59236	0.38406	0	0.02358
V303	0.00164	0.59245	0.36067	0.04524
V304	0.04599	0.00974	0.70923	0.23503
V305	0.09551	0.13339	0.42952	0.34158
V306	0.76251	0.09827	0.05976	0.07946
V307	0.01743	0.95015	0.01169	0.02073
V308	0.17795	0.2053	0.28315	0.3336
V309	0.25189	0.29107	0.02292	0.43412
V310	0.05731	0.26548	0.12723	0.54999
V311	0.45631	0.52809	0.00567	0.00992
V312	0.08386	0.74733	0.13647	0.03234
V313	0.00061	0.07654	0.0088	0.91406
V314	0.01326	0.41951	0.09437	0.47285
V315	0.09359	0.59118	0.03082	0.28441
V316	0.25252	0.11746	0.38901	0.24101
V317	0.07059	0.66798	0.03946	0.22197
V318	0.02726	0.4892	0.00747	0.47607
V319	0.05009	0.04084	0.85915	0.04992
V320	0.06491	0.12199	0.62944	0.18365
V321	0.58121	0.41162	0.00685	0.00032
V322	0.13808	0.28178	0.06145	0.5187
V323	0.0311	0.0077	0.06357	0.89764
V324	0.60578	0.27955	0.07822	0.03645
V325	0.25986	0.67626	0.05492	0.00897
V326	0.00108	0.49945	0.07655	0.42292
V327	0.01145	0.10527	0.07803	0.80524
V328	0.0377	0.00968	0.7051	0.24751
V329	0.11518	0.08233	0.14106	0.66143
V330	0.30633	0	0.32987	0.3638
V331	0.23722	0.06626	0.03564	0.66088
V332	0.00519	0.02842	0.13995	0.82644
V333	0.36014	0.06043	0.40669	0.17275
V334	0.27528	0	0.34591	0.37881
V335	0.02207	0.31215	0.487	0.17878
V336	0.14265	0.69464	0.01732	0.14539
V337	0.24108	0.41311	0.29797	0.04785
V338	0.00333	0.98239	0.00487	0.00941
V339	0.10789	0	0.88124	0.01087
V340	0.04587	0.19907	0.49242	0.26264
V341	0.01171	0.01605	0.04241	0.92983
V342	0.20241	0	0.60248	0.19511
V343	0.96596	0.01182	0.00909	0.01314
V344	0.63269	0.16015	0.20676	4e-04
V345	0.00859	0.01063	0.98028	5e-04
V346	0.17115	0.09008	0.26295	0.47582
V347	0.02478	0.00205	0.09443	0.87873
V348	0.04674	0.62627	0.13009	0.1969
V349	0.28936	0.15305	0.39838	0.15922
V350	0.02517	0.81118	0.16365	0
V351	0.01132	0.01396	0.32564	0.64908
V352	0.04002	0.00442	0.83947	0.11609
V353	0.83527	0.01595	0.04049	0.10829
V354	0.04029	0.69158	0.21079	0.05733
V355	0.22036	0.05824	0.45376	0.26765
V356	0.01794	0.00802	0.07138	0.90266
V357	0.08659	0.29751	0.25503	0.36087
V358	0.42922	0.09158	0.04885	0.43034
V359	0.44641	0.0456	0.03181	0.47618
V360	0.48332	0.47275	0.02158	0.02234
V361	0.00127	0.45181	0.53763	0.00929
V362	0.00331	0.975	0.0124	0.00928
V363	0.13096	0.09437	0.44278	0.33189
V364	0.13106	0.0442	0.68142	0.14332
V365	0.17131	0.0142	0.00834	0.80616
V366	0.06264	0.65443	0.07421	0.20872
V367	0.45219	0.13034	0.00305	0.41443
V368	0.07253	0.71897	0.07627	0.13223
V369	0.01568	0.39983	0.57524	0.00926
V370	0.25381	0.2748	0.42304	0.04835
V371	0.1529	0.72507	0.026	0.09603
V372	0.10395	0.03422	0.09565	0.76618
V373	0.06071	0.11083	0.43259	0.39587
V374	0.74613	0.00223	0.25088	0.00076
V375	0.02426	0.02133	0.10889	0.84552
V376	0.01779	0.01538	0.0709	0.89593
V377	0.66987	0	0.01191	0.31823
V378	0.00505	0.01416	0.33343	0.64735
V379	0.23708	0.1703	0.00816	0.58446
V380	0.09806	0.04974	0.16444	0.68776
V381	0.63814	0.00649	0.10115	0.25422
V382	0.07068	0.01463	0.90385	0.01084
V383	0.75319	0	0.05684	0.18997
V384	0.45272	0.06586	0.13505	0.34636
V385	0.80926	0.0078	0.08958	0.09336
V386	0.20194	0.0056	0.12313	0.66934
V387	0.51482	0.1455	0.20756	0.13212
V388	0.30129	0.32501	0.14772	0.22598
V389	0.345	0.54428	0.01113	0.09959
V390	0.25518	0.25688	0.47849	0.00945
V391	0.29656	0.08533	0.01482	0.60329
V392	0.34169	0.21103	0.16689	0.28039
V393	0.22608	0.21556	0.34751	0.21085
V394	0.06175	0.17853	0.08951	0.67021
V395	0.17097	0.37515	0.19246	0.26143
V396	0.00983	0.95349	0.00425	0.03243
V397	0.72718	0.08714	0.12077	0.06491
V398	0.34461	0.11859	0.09244	0.44436
V399	0.15514	0.54873	0.14623	0.14991
V400	0.00112	0.515	0.05177	0.43211
V401	0.0308	0.13666	0.71684	0.1157
V402	0.75571	0.19988	0.04382	0.00059
V403	0.01169	0.00901	0.04973	0.92956
V404	0.07564	0.17848	0.60357	0.14231
V405	0.14425	0.01926	0.13916	0.69733
V406	0.55528	0.26699	0.01977	0.15796
V407	0.00333	0.98239	0.00487	0.00941
V408	0.06994	0.21383	0.36677	0.34947
V409	0.00111	0.0051	0.01088	0.98291
V410	0.07424	0.86644	0.02706	0.03226
V411	0.30395	0.00044	0	0.69561
V412	0.12122	0.0566	0.46933	0.35284
V413	0.04494	0.4413	0.16263	0.35113
V414	0.03002	0.48327	0.31131	0.1754
V415	0.34597	0.0205	0.22783	0.40569
V416	0.00819	0.05953	0.93202	0.00026
V417	0.3241	0.66138	0.00515	0.00938
V418	0.04568	0.07235	0.10975	0.77222
V419	0.00662	0	0.01694	0.97644
V420	0.00239	0.86034	0.00982	0.12744
V421	0.12879	0.02536	0.67488	0.17096
V422	0.02517	0.03821	0.0028	0.93381
V423	0.06926	0.00501	0.88914	0.03659
V424	0	0.03246	0.55449	0.41305
V425	0.04806	0.2197	0.57713	0.15512
V426	0.07595	0.02786	0.79254	0.10365
V427	0.05239	0.35275	0.17025	0.42461
V428	0.07255	0.75821	0.05	0.11924
V429	0.00655	0	0.02399	0.96946
V430	0.67749	0.18244	0.02099	0.11908
V431	0.13442	0.01391	0.41941	0.43225
V432	0.06653	0.06514	0.03461	0.83372
V433	0.04547	0.68243	0	0.2721
V434	0.22738	0.05778	0.04331	0.67153
V435	0.39186	0.00555	0.11766	0.48493
V436	0.26564	0.00568	0.10243	0.62625
V437	0.151	0.18903	0.00137	0.65861
V438	0.49877	0.15677	0.03423	0.31023
V439	0.01832	0.06736	0.00239	0.91193
V440	0.35113	0.02735	0.02964	0.59189
V441	0.05459	0.10737	0.56032	0.27772
V442	0.24809	0.32985	0.13436	0.2877
V443	0.64527	0	0.10104	0.25369
V444	0.00859	0.01063	0.98028	5e-04
V445	0.55922	0.00801	0.38216	0.05061
V446	0.03107	0.81325	0.04992	0.10576
V447	0.54865	0.09188	0.19796	0.16151
V448	0.01121	0.04216	0.14799	0.79865
V449	0.48681	0.03232	0.32069	0.16018
V450	0.11974	0.86735	0.01291	0
V451	0.90791	0.05207	6e-05	0.03996
V452	0.0183	0.00258	0.04967	0.92945
V453	0.75256	0.07529	0.07879	0.09336
V454	0.00298	0.93227	0.04423	0.02052
V455	0.53552	0.02415	0.33571	0.10462
V456	0.26372	0.10729	0.38832	0.24066
V457	0.00111	0.01253	0.00451	0.98185
V458	0.17719	0.1906	0.00141	0.6308
V459	0.01538	0.77022	0.08443	0.12996
V460	0.93653	0.00157	0.03548	0.02642
V461	0.03181	0.01668	0.00313	0.94839
V462	0.24508	0.21908	0	0.53584
V463	0.20345	0.47275	0.15733	0.16647
V464	0.37721	0.08751	0.00245	0.53282
V465	0.32187	0.43178	0.0256	0.22075
V466	0.47065	0.18579	0.00316	0.3404
V467	0.26248	0.59623	0.08165	0.05965
V468	0.42608	0.43066	0.05452	0.08874
V469	0.01214	0.13975	0.24175	0.60636
V470	0.46016	0.11816	0.19114	0.23054
V471	0.17492	0.08232	0.02784	0.71493
V472	0.23466	0.30473	0	0.46061
V473	0.08502	0.55125	0.33066	0.03307
V474	0.07268	0	0.07905	0.84827
V475	0.13331	0.36415	0.07158	0.43095
V476	0.10232	0.00707	0.04241	0.8482
V477	0.50414	0.03099	0.22119	0.24367
V478	0.09906	0.54591	0.00189	0.35313
V479	0.01424	0.06722	0.78975	0.1288
V480	0.05425	0.25005	0.03381	0.66189
V481	0.1267	0.00489	0.84492	0.02349
V482	0.63163	0.17426	0.1299	0.0642
V483	0.08138	0.08123	0.05691	0.78048
V484	0.01187	0.04454	0.01516	0.92843
V485	0.09488	0.71202	0.00937	0.18374
V486	0.19914	0.24185	0.11916	0.43985
V487	0.04518	0.02858	0.06435	0.86189
V488	0	0	0.84458	0.15542
V489	0.18425	0.0896	0.70345	0.0227
V490	0.25895	0.29797	0.06544	0.37764
V491	0.37104	0.493	0.03594	0.10002
V492	0.02466	0.84133	0.12548	0.00853
V493	0.00748	0	0	0.99252
V494	0.1589	0.14185	0.51432	0.18493
V495	0.18755	0.63967	0.13962	0.03317
V496	0.22546	0.7038	0	0.07075
V497	0.00796	0.00084	0.97934	0.01185
V498	0.21186	0.08318	0.04309	0.66188
V499	0.5568	0.29338	0.13984	0.00999
V500	0.08656	0.10841	0.74278	0.06225
V501	0.00106	0	0.02418	0.97476
V502	0.48324	0.29905	0.16829	0.04942
V503	0.13525	0.07582	0.17205	0.61688
V504	0.18961	0.7034	0.01049	0.0965
V505	0.1461	0.19075	0.23583	0.42732
V506	0.07164	0.23002	0.42383	0.2745
V507	0.51288	0.09859	0.13082	0.25771
V508	0.68625	0.18619	0.04912	0.07843
V509	0.18046	0.04883	0.48957	0.28115
V510	0.19218	0.53682	0.26204	0.00896
V511	0.03354	0.35334	0.03443	0.57869
V512	0.15849	0.03436	0.06551	0.74164
V513	0.06525	0.63601	0.20191	0.09683
V514	0.00656	0.04004	0	0.9534
V515	0.67975	0.06132	0.05542	0.2035
V516	0.88824	0.09917	0.00018	0.01242
V517	0.02412	0.01326	0.19711	0.76551
V518	0.95177	0.03432	0.00059	0.01331
V519	0.02328	0.83326	0.0027	0.14076
V520	0.01959	0	0.54803	0.43238
V521	0.5087	0.03566	0.40516	0.05048
V522	0.0056	0.10371	0.52065	0.37003
V523	0.27528	0.11317	0.25359	0.35797
V524	0.00844	0.76617	0.1808	0.04458
V525	0.16954	0.17204	0.0206	0.63781
V526	0.53221	0.07639	0.07949	0.31191
V527	0.15002	0.01347	0.36609	0.47042
V528	0.08128	0.84956	0	0.06915
V529	0.03838	0.04186	0.17403	0.74573
V530	0.00646	0.18853	0.65213	0.15288
V531	0.01763	0.87437	0.108	0
V532	0.11761	0.2829	0.02095	0.57853
V533	0.21526	0.33641	0.13253	0.3158
V534	0.00564	0.00302	0.64918	0.34216
V535	0.40235	0	0.00914	0.58851
V536	0.13587	0	0.33331	0.53082
V537	0.52795	0.27933	0.17021	0.02251
V538	0.33745	0.04391	0.07978	0.53885
V539	0.2122	0.42508	0.15609	0.20662
V540	0.16447	0.70715	0.07009	0.05829
V541	0.01319	0.44389	0.05125	0.49168
V542	0.14026	0.1063	0.22753	0.52591
V543	0.80915	0.00012	0.01384	0.1769
V544	0.06774	0.06471	0.13685	0.7307
V545	0.26027	0.12379	0.06244	0.5535
V546	0.04163	0.88749	0.06225	0.00863
V547	0.03199	0.64429	0.30334	0.02039
V548	0.12997	0.78008	0.08131	0.00864
V549	0.28501	0.01958	0.67226	0.02315
V550	0.44522	0.02106	0	0.53372
V551	0.14504	0.73762	0.03425	0.08309
V552	0.00105	0.44882	0.00125	0.54889
V553	0.19637	0.14096	0.62725	0.03542
V554	0.03139	0.05887	0.01444	0.89529
V555	0.06871	0.199	0.30146	0.43083
V556	0.00011	0.01565	0.93296	0.05127
V557	0.71705	0.02374	0.01248	0.24673
V558	0.05482	0.75162	0.02427	0.16928
V559	0.0096	0.80838	0.18202	0
V560	0.62297	0.36614	0	0.01089
V561	0.00031	0.00942	0.97814	0.01212
V562	0.70397	0	0.1361	0.15993
V563	0.21174	0	0.77774	0.01052
V564	0.05088	0.06261	0.86335	0.02317
V565	0.09599	0.23807	0.35189	0.31406
V566	0.58008	0.09676	0.0038	0.31936
V567	0.15969	0.41525	0.02258	0.40248
V568	0.15318	0.00057	0.04226	0.80399
V569	0.54518	0.02163	0	0.4332
V570	0.02276	0.27986	0.59606	0.10132
V571	0.75259	0.14057	0	0.10683
V572	0.37412	4e-04	0.46614	0.15934
V573	0.0386	0.13145	0.00173	0.82823
V574	0.03235	0.78376	0.16387	0.02002
V575	0.0114	0.05801	0.09387	0.83673
V576	0.12853	0.81542	0.03566	0.02039
V577	0.02405	0.02724	0.16379	0.78492
V578	0.04582	0.05099	0.63894	0.26425
V579	0.00907	0.87145	0.08751	0.03197
V580	0.09386	0.00093	0.08662	0.81859
V581	0.03801	0.05187	0	0.91012
V582	0.46683	0.14406	0.03348	0.35562
V583	0.00555	0.03196	0.52751	0.43498
V584	0.4575	0.16031	0.3187	0.0635
V585	0.00507	0.00166	0.3706	0.62266
V586	0.19826	0.00194	0.65695	0.14286
V587	0.23134	0.00302	0.71588	0.04976
V588	0.49978	0.03745	0.02469	0.43809
V589	0.04795	0.79938	0.05878	0.09389
V590	0.04144	0.76673	0.18331	0.00852
V591	0	0.02192	0.15505	0.82303
V592	0.13812	0.02489	0.83668	0.00031
V593	0.46989	0	0.18961	0.3405
V594	0.28384	0.2953	0.34606	0.0748
V595	0.01272	0.01087	0.01021	0.9662
V596	0.02637	0.23587	0.18941	0.54835
V597	0.00136	0.56023	0.31752	0.12089
V598	0.01535	0.10469	0.8569	0.02305
V599	0.55495	0.35678	0.03877	0.0495
V600	0.28868	0.47949	0.05118	0.18065
V601	0.1113	0.23578	0.06802	0.5849
V602	0.01269	0.01154	0.00373	0.97204
V603	0.0061	0.30151	0.00735	0.68503
V604	0.45608	0.1183	0.37555	0.05007
V605	0.05441	0.30313	0.37081	0.27165
V606	0.63378	0.16575	0.01207	0.1884
V607	0.53282	0.00611	0.11655	0.34452
V608	0.16887	0.14406	0.36788	0.31919
V609	0.01909	0.19595	0.19749	0.58746
V610	0.67876	0.01418	0.10395	0.20311
V611	0.18919	0.00053	0.04306	0.76722
V612	0.02273	0.07754	0.79718	0.10255
V613	0.03126	0.32834	0.57967	0.06073
V614	0.6678	0.06077	0.05494	0.21649
V615	0.07957	0.03653	0.00211	0.88179
V616	0.06201	0.66495	0.03918	0.23386
V617	0.4231	0.16826	0.40843	0.00021
V618	0.58916	0	0	0.41084
V619	0.29983	0.0209	0.31169	0.36758
V620	0.00852	0.66367	0.31914	0.00867
V621	0.33481	0.14407	0.17304	0.34808
V622	0.30636	0.2299	0.4149	0.04884
V623	0.01132	0.05039	0.10878	0.82952
V624	0.73662	0.22584	0	0.03754
V625	0.2106	0.48792	0.09624	0.20524
V626	0.95033	0.02203	0.00031	0.02733
V627	0.00059	0.01036	0.05081	0.93824
V628	0.00047	0.1747	0.00757	0.81726
V629	0.09451	0.26462	0.25481	0.38606
V630	0.03112	0.3266	0.56901	0.07327
V631	0.01181	0.15026	0.08008	0.75785
V632	0.46066	0	0.13872	0.40062
V633	0	0.02002	0.79649	0.18349
V634	0.34801	0.28046	0.36189	0.00964
V635	0.02211	0.70445	0.00215	0.27129
V636	0.10127	0.09175	0.6221	0.18489
V637	0.22092	0.17384	0.07985	0.52539
V638	0.28474	0.24477	0.06537	0.40512
V639	0.22932	0.45066	0.32003	0
V640	0.03125	0.13996	0.75364	0.07515
V641	0.83814	0.03588	0.03203	0.09394
V642	0.68805	0.19348	0	0.11846
V643	0.0057	0.15802	0.40188	0.4344
V644	0.88194	0.08469	0.0076	0.02577
V645	0.22168	0.42406	0.32013	0.03414
V646	0.01041	0.97556	0.00472	0.00932
V647	0.12333	0.07659	0.71074	0.08933
V648	0.34932	0.45859	0.14416	0.04793
V649	0.02289	0.04978	0.83782	0.08951
V650	0.04864	0.07669	0.77183	0.10284
V651	0.27181	0	0.71763	0.01056
V652	0.06709	0.07194	0.39394	0.46703
V653	0.09752	0.64717	0.09488	0.16043
V654	0.62177	0.21891	0.06719	0.09213
V655	0.02759	0.50606	0.01422	0.45213
V656	0.13875	0.22932	0.0074	0.62453
V657	0.01223	0.04535	0.00291	0.93951
V658	0.50519	0.21775	0.06257	0.21449
V659	0.25695	0.07537	0.35984	0.30784
V660	0.02506	0.94249	0	0.03245
V661	0.04181	0.35933	0.04255	0.55632
V662	0.34625	0.00732	0.48717	0.15926
V663	0.19904	0.06161	0.5674	0.17195
V664	0.17281	0.05597	0.69485	0.07636
V665	0.60377	0.20227	0.04674	0.14722
V666	0.45304	0	0.10025	0.44671
V667	0.72703	0.07304	0.19932	0.00062
V668	0.10262	0.81496	0.08241	0
V669	0.18689	0.40982	0.2489	0.15439
V670	0.06607	0.90131	0	0.03263
V671	0.30032	0.28917	0.26604	0.14447
V672	0.01523	0.01419	0.91981	0.05076
V673	0.18286	0.35644	0.22441	0.23629
V674	0.62347	0.15361	0.01972	0.20319
V675	0.10503	0.30517	0.30316	0.28665
V676	0.01779	0.08081	0.07856	0.82283
V677	0.31115	0.40754	0.09895	0.18236
V678	0.44828	0.52839	0.01353	0.0098
V679	0.04169	0.31064	0.62582	0.02184
V680	0.25607	0.56869	0.14164	0.0336
V681	0.86241	0.0691	0.0156	0.0529
V682	0.09533	0.29579	0.54801	0.06087
V683	0.01108	0.97581	0.01311	0
V684	0.62687	0.17252	0.10843	0.09218
V685	0.42427	0.36592	0.13496	0.07485
V686	0.06176	0.14341	0.12154	0.6733
V687	0.0126	0.00375	0.01033	0.97332
V688	0.29796	0.51273	0	0.18931
V689	0.16032	0	0.03503	0.80465
V690	0.40571	0.03444	0.45491	0.10495
V691	0.13647	0	0.85276	0.01077
V692	0.0667	0.12668	0.70386	0.10275
V693	0.17552	0.09225	0.35174	0.38049
V694	0.0049	0.0138	0.2291	0.7522
V695	0.15789	0.00031	0.13019	0.71161
V696	0.04493	0.05892	0.008	0.88814
V697	0.00647	0.03268	0.00361	0.95724
V698	0.71828	0	0.01263	0.26909
V699	0.48255	0.29989	0.07331	0.14425
V700	0.14557	0.01439	0.00221	0.83783
V701	0.08596	0.48629	0.09957	0.32818
V702	0.41475	0.07153	0.00935	0.50437
V703	0.10106	0.03866	0.44999	0.41028
V704	0.73746	0.04265	0.0298	0.1901
V705	0.92963	0	0.01643	0.05393
V706	0.06595	0.0366	0.76747	0.12997
V707	0.03112	0.42613	0.48325	0.0595
V708	0.03123	0.84608	0.01748	0.10521
V709	0.113	0.25618	0.51548	0.11534
V710	0.50273	0.21638	0.05298	0.22791
V711	0.07472	0.79205	0.08824	0.04499
V712	0.724	0.0529	0.00496	0.21814
V713	0.3385	0.29031	0.03246	0.33873
V714	0.00723	0.59753	0.01489	0.38035
V715	0.2493	0.33875	0.30984	0.10211
V716	0.01822	0.02307	0.02865	0.93007
V717	0.06645	0.91254	0	0.02101
V718	0.11769	0.54513	0.17319	0.16399
V719	0.04576	0.65534	0.03068	0.26822
V720	0.6225	0	0.25972	0.11778
V721	0.09628	0.14414	0.44246	0.31713
V722	0.06205	0.27958	0.00711	0.65127
V723	0.06648	0.05923	0.00195	0.87234
V724	0.45479	0.02026	0.0838	0.44115
V725	0.00022	0.08221	0.86773	0.04984
V726	0.02644	0.32052	0.1008	0.55224
V727	0.2234	0.67527	0.09255	0.00878
V728	0.02488	0.87725	0.08924	0.00862
V729	0.29701	0.00556	0.14997	0.54746
V730	0.86748	0.02738	0.05217	0.05296
V731	0.01975	0.16497	0.35071	0.46457
V732	0.27652	0.06625	0.34938	0.30785
V733	0.5386	0.19521	0.03566	0.23053
V734	0.20568	0.31132	0.47378	0.00922
V735	0.01196	0.01468	0.41792	0.55544
V736	0.08591	0.00234	0.00266	0.90909
V737	0.26473	0.28364	0.24001	0.21163
V738	0.06461	0.31248	0.42996	0.19295
V739	0	0.00277	0.53518	0.46206
V740	0.80102	0.09202	0.08251	0.02446
V741	0.37858	0.09174	0.12261	0.40707
V742	0.34354	0.64271	0.01375	0
V743	0.11649	0.13115	0.71704	0.03532
V744	0.44268	0.03231	0.35241	0.17259
V745	0.01499	0.65913	0.16826	0.15762
V746	0.98529	0	0.00085	0.01387
V747	0.04458	0	0.65754	0.29789
V748	0.09894	0.08856	0.56053	0.25196
V749	0.19201	0.14861	0.04393	0.61545
V750	0.3335	0.46781	0.01794	0.18075
V751	0.04004	0.8452	0.03366	0.0811
V752	0.37255	0.22244	0.13735	0.26767
V753	0.00718	0.00583	0	0.98699
V754	0.00915	0.89908	0	0.09178
V755	0.11123	0.17087	0.31673	0.40117
V756	0.01225	0.00339	0.02949	0.95487
V757	0.28155	0.60799	0.06351	0.04695
V758	0.03956	0.74037	0.11319	0.10688
V759	0.08973	0.04501	0.35902	0.50625
V760	0.2148	0.04526	0.26049	0.47945
V761	0.05669	0.55923	0.26137	0.12271
V762	0.00077	0.31077	0.00735	0.68111
V763	0.29534	0.34423	0.02405	0.33637
V764	0.00901	0.89582	0.00315	0.09202
V765	0.53726	0.08442	0	0.37832
V766	0.01354	0.28931	0.40353	0.29362
V767	0.39861	0.1182	0.25305	0.23014
V768	0.04922	0.8996	0.01907	0.0321
V769	0.11887	0.83329	0.02746	0.02039
V770	0.01041	0.97556	0.00472	0.00932
V771	0.14567	0.00475	0.82609	0.02349
V772	0.11841	0.03267	0.83848	0.01044
V773	0.13635	0.83848	0.00428	0.0209
V774	0.01522	0	0.93381	0.05097
V775	0.07594	0.02749	0.23389	0.66268
V776	0.35003	0.43034	0.05218	0.16746
V777	0.11386	0.09033	0.11419	0.68162
V778	0.44561	0.28381	0.07153	0.19905
V779	0.12787	0.03041	0.46403	0.3777
V780	0.09404	0.77745	0.12851	0
V781	0.02505	0.01611	0.01578	0.94305
V782	0.00664	0.10775	0.78324	0.10236
V783	0.68632	0.01396	0.05464	0.24509
V784	0.09321	0.88582	0.012	0.00897
V785	0.03295	0.92363	0.01127	0.03214
V786	0.64989	0.17375	0.09845	0.0779
V787	0.00254	0.83626	0.15255	0.00864
V788	0.43973	0.31949	0.1653	0.07548
V789	0.04792	0.301	0.02025	0.63083
V790	0.3272	0.01946	0.06935	0.58399
V791	0.10726	0.35612	0.31663	0.21999
V792	0.09747	0.48608	0.00178	0.41467
V793	0.09416	0.61426	0.03112	0.26046
V794	0.0399	0.06703	0.77683	0.11624
V795	0.06655	0.02877	0.04238	0.86229
V796	0.0237	0.07172	0.86842	0.03615
V797	0.70894	0	0.26705	0.02401
V798	0.55192	0.32521	0.087	0.03586
V799	0.10726	0.7599	0.02553	0.10731
V800	0.05059	0.01466	0.46105	0.4737
V801	0.09836	0.09731	0.29229	0.51205
V802	0.02481	0.05809	0.22215	0.69495
V803	0.19161	0.536	0.27239	0
V804	0.45855	0.00721	0.41723	0.11701
V805	0.00895	0.00222	0.98822	0.00061
V806	0.04063	0.89223	0.01063	0.05651
V807	0.16903	0.1257	0.02789	0.67738
V808	0.58903	0.29951	0.04818	0.06328
V809	0.03478	0.02815	0.93677	3e-04
V810	0.01069	0.97973	0	0.00957
V811	0.3293	0.06391	0.19838	0.4084
V812	0.45161	0.27	0.05229	0.22611
V813	0.52997	0.20776	0.21216	0.05011
V814	0.37191	0.57138	0.04735	0.00936
V815	0.00296	0.91664	0.07144	0.00896
V816	0.92001	0	0.07889	0.0011
V817	0.02399	0.06359	0.88907	0.02335
V818	0.00065	0.03205	0.02262	0.94468
V819	0.77299	0.08757	0.05989	0.07955
V820	0.08023	0.07352	0.0138	0.83245
V821	0.18004	0.31162	0.3932	0.11514
V822	0.05974	0.0134	0.89022	0.03664
V823	0.02243	0.17805	0.65793	0.1416
V824	0.07888	0.38072	0.5404	0
V825	0.16916	0.27235	0.24083	0.31765
V826	0.372	0.44029	0.16607	0.02164
V827	0.31753	0.62368	0.01177	0.04703
V828	0.15118	0.13895	0.09407	0.6158
V829	0.02512	0.19479	0.02705	0.75304
V830	0.14588	0.19032	0.02039	0.64341
V831	0.68227	0.09147	0.03736	0.1889
V832	0.21093	0.38916	0.16453	0.23538
V833	0.11508	0.48227	0.1716	0.23105
V834	0.19388	0.05755	0.06623	0.68233
V835	0.29506	0.45724	0.12045	0.12726
V836	0.00732	0.59922	0.00176	0.39171
V837	0.16997	0.362	0.18097	0.28706
V838	0.91044	0.04189	0.03539	0.01228
V839	0.25388	0.63458	0.10264	0.00889
V840	0.24569	0.74858	0.00572	0
V841	5e-05	0.03203	0.87802	0.0899
V842	0.27962	0.15629	0.25719	0.30691
V843	0.01437	0.01197	0.8571	0.11656
V844	0.08212	0.07025	0.34048	0.50716
V845	0.05805	0.09654	0.74275	0.10266
V846	0	0.00381	0.7005	0.29568
V847	0.00142	0	0.00529	0.99329
V848	0.07011	0.46781	0.15654	0.30553
V849	0.00292	0.93703	0.00392	0.05613
V850	0.95587	0	0.01728	0.02685
V851	0.2857	0.55981	0.15449	0
V852	0.06588	0.03445	0.101	0.79867
V853	0.19745	0.21684	0.40211	0.18361
V854	0.49934	0.17335	0.11175	0.21556
V855	0.00142	0	0.00529	0.99329
V856	0.03677	0.31924	0.32454	0.31944
V857	0.57325	0.1867	0.03637	0.20368
V858	0.50462	0.00217	0.48257	0.01065
V859	0.56518	0.25647	0.01995	0.15841
V860	0.12056	0.09019	0.04238	0.74687
V861	0.07869	0.35555	0.54416	0.0216
V862	0.11432	0.07705	0.73294	0.07568
V863	0.12371	0.04364	0	0.83265
V864	0.03801	0.02201	0.03508	0.9049
V865	0.07454	0.00059	0.21992	0.70494
V866	0.67678	0.00873	0.29079	0.02371
V867	0.67932	0.01812	0.29159	0.01097
V868	0.43487	0.29056	0.14403	0.13054
V869	0.01806	0.96812	0.00469	0.00913
V870	0.06983	0.28217	0.01337	0.63464
V871	0.00292	0.93703	0.00392	0.05613
V872	0.00502	0.00747	0.19432	0.79318
V873	0.84675	0.02664	0.06101	0.0656
V874	0.16472	0.80639	0.02889	0
V875	0.01157	0.15114	0.1626	0.67469
V876	0.13025	0.32039	0.40959	0.13977
V877	0.03689	0.36058	0.27211	0.33042
V878	0.11067	0.82537	0.06397	0
V879	0.15295	0.68361	0.04197	0.12147
V880	0.24011	0.54245	0.00274	0.21471
V881	0.11456	0.0326	0.575	0.27784
V882	0.72147	0	0.14654	0.132
V883	0.24452	0.20311	0.55237	0
V884	0.01217	0.21854	0	0.76929
V885	0.65415	0.24268	0.10277	0.00039
V886	0.01416	0.34181	0.44174	0.20229
V887	0.53625	0.05922	0.17184	0.2327
V888	0.08381	0.03628	0.73701	0.1429
V889	0.88613	0.04995	0.02501	0.03891
V890	0.02917	0.12761	0.57872	0.2645
V891	0.56097	0.04405	0.31783	0.07715
V892	0.18593	0.15341	0.00747	0.65318
V893	0.50326	0.22636	0.16639	0.10398
V894	0.05873	0.30515	0.5751	0.06102
V895	0.49855	0.05904	0.21181	0.2306
V896	0.0332	0.93035	0.00404	0.03241
V897	0.60603	0.28366	0.00477	0.10554
V898	0.32383	0	0.0025	0.67366
V899	0.01815	0.15029	0.11129	0.72027
V900	0.06149	0.26652	0.33595	0.33604
V901	0.03059	0.78806	0.00252	0.17882
V902	0.04158	0.90509	0.04463	0.00869
V903	0.00733	0.41173	0.50877	0.07217
V904	0.01828	0.97228	0	0.00944
V905	0.09289	0	0.13986	0.76726
V906	0.2945	0.07909	0.09908	0.52733
V907	0.35786	0.53591	0.01924	0.08698
V908	0.00572	0.02999	0.04976	0.91453
V909	0.10621	0.78765	0	0.10614
V910	0.10069	0	0.09335	0.80597
V911	0.43366	0.41527	0.03617	0.1149
V912	0.31004	0.32398	0.12767	0.23832
V913	0.06556	0	0.00317	0.93127
V914	0.15199	0.49589	0.29186	0.06026
V915	0.1369	0	0.00248	0.86062
V916	0.21431	0.04571	0.66392	0.07605
V917	0.63021	0.02327	0.18667	0.15985
V918	0.03912	0.60846	0.21917	0.13324
V919	0.14905	0.21535	0.28086	0.35475
V920	0.52588	0.21099	0.10368	0.15944
V921	0.01822	0.12361	0.02057	0.8376
V922	0.08501	0.4585	0.38417	0.07232
V923	0.04473	0.00813	0.02853	0.91861
V924	0.03139	0.66418	0.25916	0.04526
V925	0.11008	0.0216	0.00812	0.86019
V926	0.12432	0.01401	0.0213	0.84037
V927	0.01174	0.02311	0.03567	0.92948
V928	0.04005	0.86377	0.00316	0.09302
V929	0.04638	0.59962	0.11966	0.23434
V930	0.41871	0.38935	0.03535	0.15658
V931	0.11286	0.26745	0.50456	0.11513
V932	0.02871	0.09674	0.56034	0.31422
V933	0.52483	0.43906	0.01337	0.02273
V934	0.00531	0.11695	0.22345	0.65428
V935	0.48532	0.16768	0.22921	0.11778
V936	0.42062	0.27398	0.0175	0.2879
V937	0.43218	0.12248	0.08636	0.35897
V938	0.29088	0.03796	0.30275	0.36842
V939	0.64823	0.01377	0.08235	0.25565
V940	0.02379	0.77685	0.14256	0.0568
V941	0.00049	0.00181	0.98523	0.01248
V942	0.67085	0.21275	0.07942	0.03698
V943	0.33623	0.12619	0.44674	0.09085
V944	0.01199	0.2116	0.04877	0.72765
V945	0.4689	0.37712	0.0113	0.14268
V946	0.38892	0.27554	0.27256	0.06298
V947	0.0533	0.03442	0.1864	0.72587
V948	0.29499	0.01902	0.64985	0.03613
V949	0	0.0815	0.15795	0.76055
V950	0.04603	0.49421	0.19564	0.26411
V951	0.79144	0.00929	0.18793	0.01135
V952	0.04814	0.10118	0.22118	0.62951
V953	0.01501	0.04272	0.8921	0.05017
V954	0.02504	0.14161	0.11125	0.7221
V955	0.09203	0.5512	0.02269	0.33407
V956	0.02645	0.01463	0.45367	0.50524
V957	0.21779	0.00729	0	0.77492
V958	0.00748	0	0	0.99252
V959	0.19063	0.25618	0.43737	0.11582
V960	0.16477	0.24282	0.07027	0.52215
V961	0.10865	0.3702	0.34088	0.18028
V962	0.30233	0.16749	0.41258	0.11761
V963	0.51322	0.17854	0.17594	0.13231
V964	0.78691	0.026	0.12165	0.06544
V965	0.04517	0.45374	0.1733	0.32779
V966	0.95382	0.01062	0.00857	0.02699
V967	0.04327	0.03058	0.47565	0.4505
V968	0.00022	0.13925	0.75896	0.10157
V969	0.00579	0.23001	0.02714	0.73706
V970	0.02689	0.09771	0.37611	0.49929
V971	0.42746	0.08197	0.35802	0.13255
V972	0.40012	0.19487	0.04959	0.35542
V973	0.20347	0.39701	0.07421	0.32531
V974	0.00807	0.7523	0.12143	0.1182
V975	0.08776	0.29002	0.61289	0.00932
V976	0.34944	0.24289	0.11673	0.29093
V977	0.27226	0.37288	0.34556	0.00931
V978	0.03839	0.06569	0.04915	0.84677
V979	0.76132	0.00935	0.21817	0.01115
V980	0.98529	0	0.00085	0.01387
V981	0.26688	0.02228	0.43007	0.28076
V982	0.3631	0.41327	0.08121	0.14242
V983	0.57169	0.05671	0.00364	0.36796
V984	0.01607	0.82243	0.10496	0.05655
V985	0.04633	0.1511	0.00175	0.80083
V986	0.25851	0.52471	0.05121	0.16557
V987	0.19917	0.76761	0	0.03322
V988	0.13094	0.00747	0.0082	0.85339
V989	0.37671	0.50455	0.08418	0.03456
V990	0	0.03719	0.75576	0.20705
V991	0.57267	0.40396	0	0.02336
V992	0.15585	0.00104	0.49228	0.35083
V993	0.05698	0.71051	0.16288	0.06963
V994	0.15579	0.7959	0.02773	0.02059
V995	0.63498	0.11074	0.03675	0.21752
V996	0.1749	0.09917	0.00773	0.7182
V997	0.01377	0.00424	0.7989	0.18308
V998	0.81923	0.00785	0.07954	0.09337
V999	0.10127	0.88945	0	0.00928
V1000	0.20326	0.01428	0	0.78245
