CD56NK	CD4MemoryT	CD19B	CD14
V1	0.60623	4e-04	0.15576	0.23761
V2	0.17349	0.0538	0.04582	0.72688
V3	0.07541	0.56729	0.01149	0.3458
V4	0.90835	0.07586	0.00015	0.01563
V5	0.14636	0.40738	0.28354	0.16271
V6	0.11047	0.84595	0.02225	0.02133
V7	0.18459	0.29354	0.08607	0.4358
V8	0.1573	0	0.81544	0.02727
V9	0.28593	0.18004	0.03297	0.50106
V10	0.01955	0.00023	0.93087	0.04936
V11	0.2616	0.28017	0.45482	0.00341
V12	0.03421	0.52659	0.42763	0.01156
V13	0.3537	0.62209	0.00523	0.01897
V14	0.09873	0.88882	0.0066	0.00586
V15	0.16102	0.54035	0.13455	0.16408
V16	0.9403	0.02185	0.01621	0.02164
V17	0.1247	0.84077	0.01291	0.02161
V18	0.66325	0.26651	0.03969	0.03055
V19	0.22185	0.75995	0.0057	0.0125
V20	0.21509	0.39173	0.01779	0.37538
V21	0.15836	0.01932	0.79627	0.02604
V22	0.02172	0.05534	0.20947	0.71347
V23	0.43462	0.01167	0.55031	0.00339
V24	0.95952	0.01334	0.02713	0
V25	0.41353	0.17475	0.12898	0.28274
V26	0.47839	0.30937	0.01642	0.19582
V27	0.11057	0.02971	0.01391	0.84581
V28	0.00135	0.00976	0.98679	0.00211
V29	0.49546	0.00565	0.4766	0.0223
V30	0.12566	0.15921	0.29497	0.42016
V31	0.25046	0.13603	0.30912	0.30439
V32	0.0858	0.0104	0.02458	0.87922
V33	0.05891	0.43485	0.40855	0.0977
V34	0.15805	0.00697	0.80838	0.0266
V35	0.2231	0.65928	0.08964	0.02798
V36	0.00903	0.0124	0.49734	0.48124
V37	0.61037	0.03793	0.08902	0.26268
V38	0.4768	0	0.16067	0.36254
V39	0.22086	0.49828	0.14282	0.13804
V40	0.13831	0.77514	0.08655	0
V41	0.00978	0.63818	0.0475	0.30454
V42	0.25957	0.01073	0.20651	0.52318
V43	0.16719	0.26865	0.53859	0.02557
V44	0.0187	0.03483	0.7805	0.16597
V45	0.13433	0.53197	0.24701	0.08669
V46	0.84768	0.03985	0.10966	0.0028
V47	0.52484	0.12857	0.30837	0.03822
V48	0.86006	0.12027	0.00469	0.01498
V49	0.79811	0.1339	0	0.06799
V50	0.09546	0.80159	0.09792	0.00503
V51	0.38889	0.32055	0.26651	0.02406
V52	0.03098	0.06194	0.87853	0.02855
V53	0.78498	0.0769	0.13812	0
V54	0.49434	0.13152	0.35885	0.01529
V55	0.25849	0.08208	0.24779	0.41164
V56	0.04907	0.00379	0.0785	0.86865
V57	0.13782	0.82696	0.02246	0.01277
V58	0.68763	0.00088	0.03691	0.27457
V59	0.52654	0.32395	0.10947	0.04003
V60	0.16394	0.10304	0.34465	0.38837
V61	0.85876	0.06582	0.00963	0.06579
V62	0.91489	0.01546	0.06119	0.00845
V63	0.02376	0.81262	0.14244	0.02117
V64	0.01151	0.83594	0	0.15255
V65	0.0146	0	0.09117	0.89424
V66	0.28838	0.62667	0.01953	0.06542
V67	0.19474	0.25726	0.53805	0.00994
V68	0.1881	0.10336	0.01869	0.68985
V69	0.03185	0.24644	0.67562	0.0461
V70	0.62382	0.0976	0.17371	0.10488
V71	0.20039	0.03752	0.38785	0.37424
V72	0.65635	0.10304	0.09034	0.15027
V73	0.20601	0.55323	0.15519	0.08557
V74	0.07259	0.16129	0.76612	0
V75	0.75318	0	0.17452	0.0723
V76	0.00164	0.12498	0.19148	0.6819
V77	0.0475	0.23362	0.00489	0.71399
V78	0.36475	0.07126	0.18671	0.37728
V79	0.00766	0.05152	0.8555	0.08531
V80	0.40643	0.00101	0.52049	0.07208
V81	0.07054	0.10793	0.81712	0.00441
V82	0.00051	0.02992	0.96245	0.00712
V83	0.16309	0.12906	0.07401	0.63384
V84	0.45445	0.02128	0.15825	0.36602
V85	0.1413	0.2483	0.44171	0.16869
V86	0.05616	0.01346	0.89271	0.03767
V87	0.04873	0.81768	0.0615	0.07209
V88	0.19931	0.0311	0.27434	0.49526
V89	0.02311	0.00229	0.2033	0.7713
V90	0.03706	0.8847	0.06487	0.01337
V91	0.04803	0.70171	0.22038	0.02988
V92	0.51736	0.00395	0.36525	0.11344
V93	0.91361	0.00561	0	0.08078
V94	0.02207	0.39111	0.01937	0.56745
V95	0.33175	0.35688	0.16887	0.1425
V96	0.08442	0.0669	0.0207	0.82799
V97	0.74377	0.06317	0.19031	0.00275
V98	0.76494	0.22539	0	0.00967
V99	0.84239	0.02225	0.13259	0.00277
V100	0.09525	0.00305	0.88188	0.01982
V101	0.01846	0.01555	0.00519	0.96079
V102	0.95547	0.03003	0.00513	0.00936
V103	0.01383	0.02322	0.09023	0.87272
V104	0.04078	0.946	0.00685	0.00638
V105	0.08402	0.89563	0.01461	0.00575
V106	0.15853	0.4451	0.36021	0.03616
V107	0.23382	0.14085	0.58345	0.04187
V108	0.20733	0.68851	0.10416	0
V109	0.01871	0.10891	0.63526	0.23712
V110	0.08014	0.85683	0.04155	0.02148
V111	0.93422	0	0.06217	0.00361
V112	0.15848	0.03008	0.44515	0.36628
V113	0.23044	0.06597	0.17997	0.52363
V114	0.28469	0.02401	0.07909	0.61221
V115	0.01073	0.71805	0.26627	0.00496
V116	0.18358	0.24571	0.40369	0.16702
V117	0.75694	0.18314	0.03053	0.02939
V118	0.22011	0.51425	0.03517	0.23047
V119	0.13441	0.04781	0.04777	0.77002
V120	0.09571	0.03129	0.86148	0.01152
V121	0.67215	0.08039	0.08927	0.15819
V122	0.97671	0.00288	0.01102	0.00939
V123	0.01024	0.46027	0.04772	0.48176
V124	0.73636	0.21709	0	0.04655
V125	0.4765	0.32886	0.17853	0.0161
V126	0.04615	0.1093	0.04868	0.79587
V127	0.19786	0.02364	0.2632	0.51529
V128	0.03603	0.00381	0.10614	0.85402
V129	0.65981	0.16448	0.15393	0.02178
V130	0.01006	0.60525	0.37989	0.0048
V131	0.03704	0.87746	0	0.0855
V132	0.96024	0.00138	0.02336	0.01501
V133	0.93991	0.00582	0.04557	0.00869
V134	0.14447	0.32905	0.14315	0.38333
V135	0.09447	0.0071	0.18123	0.7172
V136	0.30825	0.33101	0.01056	0.35019
V137	0.71061	0.01409	0.22457	0.05073
V138	0.27356	0.3338	0.19162	0.20102
V139	0.42687	0.14808	0.19805	0.227
V140	0.03607	0.05986	0.05056	0.85351
V141	0.08151	0.10589	0.57918	0.23342
V142	0.82041	0	0.17959	0
V143	0.51629	0.19504	0.06719	0.22148
V144	0.20507	0.10972	0.17435	0.51086
V145	0.00085	0.7264	0.26763	0.00513
V146	0.06164	0.00452	0.02615	0.90769
V147	0.94548	0.00967	0.01611	0.02874
V148	0.15993	0.03772	0.59909	0.20326
V149	0.33473	0.4315	0.23034	0.00342
V150	0.11203	0.18386	0.63049	0.07362
V151	0.276	0.56157	0.03527	0.12715
V152	0.30321	0.37074	0.23495	0.09111
V153	0.14963	0.70795	0.01982	0.12259
V154	0.31279	0.37566	0.28659	0.02495
V155	0.55195	0.09238	0.2762	0.07947
V156	0.04178	0.09041	0.74293	0.12488
V157	0.36968	0.10538	0.31829	0.20664
V158	0.01834	0.00079	0.02083	0.96005
V159	0.92456	0.03895	1e-04	0.03639
V160	0.74039	0.00042	0.05941	0.19978
V161	0.24258	0.00202	0.02726	0.72813
V162	0.08571	0.2456	0.0875	0.58119
V163	0.13312	0.42912	0.19011	0.24765
V164	0.41952	0.23805	0.11056	0.23188
V165	0.01303	0.21709	0	0.76988
V166	0.01365	0.06845	0.06989	0.84802
V167	0.38968	0	0.00551	0.60481
V168	0.36917	0.49388	0.08396	0.05298
V169	0.22167	0.03252	0.03555	0.71026
V170	0.13081	0.00494	0.53583	0.32842
V171	0.16514	0.18229	0.61818	0.0344
V172	0.75749	0	0.23941	0.0031
V173	0.03561	0.10966	0.03912	0.81561
V174	0.02298	0.12563	0.07792	0.77347
V175	0.07894	0	0.80036	0.12071
V176	0.01105	0.78346	0.2003	0.00519
V177	0.01384	0.96994	0	0.01622
V178	0.01075	0.73946	0.0044	0.24538
V179	0.1944	0.00149	0.38739	0.41672
V180	0.03963	0.86931	0.09104	1e-05
V181	0.20513	0.08407	0.56067	0.15012
V182	0.36197	0.1266	0.46256	0.04887
V183	0.24896	0.74009	0.00588	0.00507
V184	0.99304	0	0.00696	0
V185	0.66034	0.32491	0.01125	0.0035
V186	0.16	0.41753	0.29389	0.12857
V187	0.96857	0.00298	0.02466	0.00379
V188	0.07326	0.18669	0	0.74004
V189	0.85491	0.00907	0.01544	0.12058
V190	0.70543	0.00205	0.28949	0.00303
V191	0.23305	0.15231	0.58156	0.03308
V192	0.38517	0.38853	0.05225	0.17405
V193	0.66491	0.0136	0.22093	0.10056
V194	0.0538	0.91682	0.00601	0.02337
V195	0.01012	0.00503	0.97736	0.00748
V196	0.01572	0.04891	0.00998	0.92538
V197	0.46701	0.02936	0.02373	0.47989
V198	0.08636	0.44223	0.41512	0.05629
V199	0.1975	0.01143	0.17717	0.61391
V200	0.17338	0.5069	0.01799	0.30174
V201	0.13413	0.49792	0.21427	0.15368
V202	0.01848	0.00261	0.80337	0.17554
V203	0.21367	0.35328	0.41572	0.01733
V204	0.01087	0.48663	0.00411	0.49838
V205	0.02011	0.02524	0.94144	0.01321
V206	0.0579	0.05618	0.88074	0.00518
V207	0.16321	0.14833	0.05506	0.63339
V208	0.29811	0.03358	0.6587	0.00961
V209	0.38599	0.38885	0.07267	0.15249
V210	0.12325	0.72278	0.10474	0.04923
V211	0.47076	0.00535	0.03153	0.49235
V212	0.56853	0.01542	0.40125	0.0148
V213	0.69417	0.01358	0.10372	0.18853
V214	0.39611	0.11265	0.16718	0.32406
V215	0.33846	0.06574	0.01731	0.57849
V216	0.0404	0.00026	0.0195	0.93984
V217	0.05908	0.43637	0.26493	0.23963
V218	0.13171	0.38793	0.18766	0.2927
V219	0.14715	0.58325	0.01145	0.25815
V220	0.01089	0.80886	0.00467	0.17557
V221	0.84165	0.00127	0.00423	0.15285
V222	0.37933	0.08797	0.37006	0.16265
V223	0.00759	0.0948	0.82218	0.07543
V224	0.97993	0	0.02007	0
V225	0.08172	0.8488	0.06426	0.00523
V226	0.3611	0.04642	0.58322	0.00925
V227	0.82041	0	0.17146	0.00813
V228	0.83072	0.03688	0.05958	0.07282
V229	0.02005	0.00322	0.95464	0.02209
V230	0.01652	0.01399	0.01951	0.94997
V231	0.02129	0.22704	0.12058	0.63109
V232	0.06246	0.60558	0	0.33196
V233	0.63949	0.05112	0.18909	0.1203
V234	0.05374	0.8997	0.03279	0.01376
V235	0.43517	0.03045	0.51156	0.02282
V236	0.05569	0.03591	0.83478	0.07362
V237	0.18238	0.00283	0.02931	0.78548
V238	0.17386	0.49186	0.28888	0.04539
V239	0.08688	0.34766	0.01798	0.54748
V240	0.54865	0.01447	0.40007	0.03682
V241	0.01909	0	0.91364	0.06727
V242	0.1792	0.70482	0.10448	0.0115
V243	0.28821	0.01626	0.62849	0.06703
V244	0.24205	0	0.68201	0.07595
V245	0.68571	0.22057	0.0475	0.04623
V246	0.06892	0.10363	0.80892	0.01853
V247	0.19537	0.00373	0.80069	0.00021
V248	0.02595	0.01795	0.04387	0.91224
V249	0.00041	0.01529	0.91622	0.06807
V250	0.80059	0	0.19643	0.00299
V251	0.96422	0.02599	0.0059	0.00389
V252	0.01264	0.80778	0.17955	3e-05
V253	0.42352	0.04047	0.16086	0.37514
V254	0.01266	0.92517	0.05622	0.00595
V255	0.06574	0.89038	0	0.04388
V256	0.22104	0.16017	0.53954	0.07925
V257	0.49202	0.06058	0.23072	0.21668
V258	0.22433	0.2055	0.44955	0.12062
V259	0.04306	0.23783	0.68267	0.03644
V260	0.00038	0.23091	0.76377	0.00494
V261	0.67657	0.01354	0.18345	0.12644
V262	0.11032	0.03566	0.01396	0.84006
V263	0.02624	0.94855	0	0.0252
V264	0.1981	0.0166	0.43798	0.34733
V265	0.03531	0	0.13468	0.83001
V266	0.72573	0.26853	0.00573	0
V267	0.00068	0.13453	0.30395	0.56083
V268	0.43617	0.00987	0.13693	0.41702
V269	0.00849	0.50102	0.4426	0.04789
V270	0.69992	0.00902	0.22519	0.06587
V271	0.85298	0.03759	0.02808	0.08134
V272	0.07666	0.79548	0.01216	0.11569
V273	0.06046	0.01052	0.03481	0.89421
V274	0.74528	0	0.16641	0.08832
V275	0.00064	0.00632	0.98505	0.00799
V276	0.59127	0.26041	0.00989	0.13844
V277	0.04481	0.16304	0.16949	0.62266
V278	0.0432	0.03336	0.30278	0.62065
V279	0.74948	0.03171	0.10299	0.11582
V280	0.01834	0.00079	0.02083	0.96005
V281	0.60453	0.01351	0.13164	0.25032
V282	0.06716	0.03651	0.84125	0.05508
V283	0.27594	0.5107	0.06536	0.148
V284	0.03868	0.89018	0.06556	0.00558
V285	0.08563	0.00131	0.91194	0.00112
V286	0.31665	0.47383	0.11776	0.09176
V287	0.13772	0.82792	0.01291	0.02145
V288	0.0196	0.22102	0.47055	0.28882
V289	0.34341	0.16185	0.42714	0.0676
V290	0.87165	0.11649	0.01186	0
V291	0.54656	0.03666	0.40817	0.00861
V292	0.95462	0.00152	0.00024	0.04363
V293	0.34315	0.00215	0.62295	0.03175
V294	0.11277	0.31124	0	0.57599
V295	0.02107	0.13396	0.2029	0.64207
V296	0.21727	0.07845	0.62547	0.07881
V297	0.08387	0	0.06737	0.84876
V298	0.35244	0.06202	0.57626	0.00929
V299	0.08657	0.22334	0.01188	0.67821
V300	0.00197	0.01577	0.23607	0.74618
V301	0.1475	0.07102	0.67066	0.11082
V302	0.73217	0.25803	0	0.0098
V303	0.00053	0.54054	0.42968	0.02925
V304	0.06612	0.0068	0.76482	0.16225
V305	0.14988	0.11264	0.48491	0.25257
V306	0.86126	0.05892	0.04443	0.03538
V307	0.02612	0.94449	0.0146	0.0148
V308	0.27929	0.17281	0.30962	0.23828
V309	0.40034	0.24605	0.02378	0.32983
V310	0.10094	0.25672	0.16149	0.48084
V311	0.60896	0.38204	0.00522	0.00377
V312	0.13533	0.68436	0.16069	0.01962
V313	0.00528	0.0821	0.01586	0.89676
V314	0.02194	0.41991	0.12605	0.4321
V315	0.1618	0.56669	0.03587	0.23564
V316	0.36548	0.08803	0.39315	0.15334
V317	0.12077	0.65248	0.04675	0.18
V318	0.04674	0.50177	0.01123	0.44026
V319	0.06821	0.02944	0.87422	0.02812
V320	0.09494	0.09857	0.68366	0.12283
V321	0.71652	0.27774	0.00574	0
V322	0.24065	0.25617	0.07392	0.42926
V323	0.05988	0.00809	0.08663	0.8454
V324	0.73598	0.18497	0.06429	0.01475
V325	0.39004	0.55035	0.05571	0.0039
V326	0.00037	0.51161	0.10275	0.38527
V327	0.02286	0.10818	0.10783	0.76113
V328	0.05439	0.00682	0.76534	0.17345
V329	0.20288	0.07624	0.17225	0.54863
V330	0.43483	0.00053	0.32354	0.2411
V331	0.3908	0.05593	0.0408	0.51248
V332	0.0117	0.02842	0.18759	0.77229
V333	0.48298	0.0401	0.37817	0.09875
V334	0.39854	0.00056	0.34702	0.25388
V335	0.03197	0.27518	0.56464	0.12821
V336	0.23539	0.63783	0.01913	0.10765
V337	0.34818	0.32406	0.3034	0.02436
V338	0.00202	0.98338	0.00727	0.00733
V339	0.14526	0.00012	0.84933	0.00529
V340	0.06976	0.17281	0.566	0.19142
V341	0.02506	0.01753	0.06082	0.89659
V342	0.28222	0	0.59677	0.12102
V343	0.98322	0.00667	0.00601	0.00409
V344	0.73207	0.10212	0.16581	0
V345	0.0113	0.00785	0.9791	0.00175
V346	0.27225	0.07284	0.29075	0.36416
V347	0.04777	0.00341	0.12365	0.82517
V348	0.07579	0.60656	0.16059	0.15707
V349	0.40523	0.11225	0.38912	0.09341
V350	0.03779	0.76227	0.19993	0
V351	0.02032	0.01255	0.40837	0.55877
V352	0.05513	0.00295	0.86812	0.0738
V353	0.91342	0.00891	0.02836	0.0493
V354	0.06254	0.64633	0.25255	0.03858
V355	0.32112	0.04219	0.46346	0.17324
V356	0.03597	0.00914	0.09776	0.85713
V357	0.14246	0.2664	0.30429	0.28685
V358	0.60103	0.06682	0.04626	0.28589
V359	0.62133	0.03291	0.02925	0.31652
V360	0.63615	0.33628	0.01823	0.00934
V361	0.00054	0.39117	0.60345	0.00484
V362	0.00201	0.97527	0.01572	0.007
V363	0.20341	0.07492	0.4854	0.23627
V364	0.18593	0.03148	0.69403	0.08855
V365	0.29169	0.01332	0.01155	0.68343
V366	0.10484	0.63611	0.09086	0.16819
V367	0.6276	0.09616	0.00394	0.27229
V368	0.12154	0.68741	0.09066	0.1004
V369	0.0208	0.33834	0.63644	0.00441
V370	0.35494	0.20443	0.41674	0.02388
V371	0.24844	0.65688	0.0281	0.06658
V372	0.18512	0.03215	0.11928	0.66345
V373	0.09595	0.09472	0.49926	0.31007
V374	0.80818	0.00291	0.18891	0
V375	0.04563	0.0212	0.144	0.78918
V376	0.03551	0.01662	0.09776	0.8501
V377	0.8126	0	0.00943	0.17797
V378	0.00928	0.01287	0.41917	0.55869
V379	0.38525	0.14741	0.00985	0.45749
V380	0.17368	0.04531	0.20321	0.5778
V381	0.77322	0.004	0.08426	0.13852
V382	0.09691	0.00868	0.88907	0.00535
V383	0.86092	0.00066	0.04355	0.09488
V384	0.61406	0.04482	0.12551	0.21561
V385	0.88686	0.00443	0.06704	0.04167
V386	0.33394	0.00518	0.1406	0.52028
V387	0.65363	0.0969	0.18047	0.069
V388	0.44772	0.25614	0.15044	0.1457
V389	0.50051	0.42881	0.01076	0.05992
V390	0.34858	0.18848	0.45972	0.00323
V391	0.46512	0.06951	0.0158	0.44957
V392	0.49091	0.16264	0.16507	0.18138
V393	0.33357	0.17217	0.35772	0.13653
V394	0.11133	0.17737	0.11767	0.59363
V395	0.2737	0.32188	0.21495	0.18947
V396	0.01289	0.95612	0.00621	0.02479
V397	0.82734	0.05156	0.09343	0.02767
V398	0.50576	0.09224	0.09384	0.30815
V399	0.24968	0.48263	0.16353	0.10415
V400	6e-04	0.53209	0.06947	0.39784
V401	0.04212	0.10928	0.77428	0.07432
V402	0.84462	0.12252	0.03286	0
V403	0.02496	0.01059	0.07084	0.89361
V404	0.11083	0.14505	0.65152	0.09259
V405	0.24798	0.0172	0.16581	0.56901
V406	0.71395	0.18225	0.01634	0.08746
V407	0.00202	0.98338	0.00727	0.00733
V408	0.11205	0.18902	0.42851	0.27042
V409	0.00785	0.00688	0.02096	0.96431
V410	0.12454	0.82354	0.0309	0.02102
V411	0.47117	0.00138	0	0.52745
V412	0.18748	0.04325	0.51318	0.25609
V413	0.07388	0.42539	0.20184	0.29889
V414	0.04458	0.44774	0.37544	0.13225
V415	0.49192	0.01419	0.22385	0.27004
V416	0.01046	0.04739	0.94088	0.00127
V417	0.4699	0.52039	0.00547	0.00424
V418	0.08377	0.07139	0.14348	0.70137
V419	0.01792	0.00052	0.02894	0.95262
V420	0.00112	0.87788	0.01258	0.10843
V421	0.18388	0.01672	0.69174	0.10765
V422	0.0509	0.03913	0.00893	0.90104
V423	0.09525	0.00305	0.88188	0.01982
V424	0.00034	0.02573	0.64444	0.3295
V425	0.07028	0.18498	0.6395	0.10524
V426	0.10738	0.01851	0.81133	0.06278
V427	0.08759	0.33535	0.21085	0.36622
V428	0.12277	0.72754	0.05956	0.09012
V429	0.01682	0.00048	0.03788	0.94483
V430	0.80701	0.11808	0.01584	0.05907
V431	0.21013	0.00973	0.45654	0.3236
V432	0.1226	0.06377	0.04711	0.76651
V433	0.07624	0.68405	0	0.2397
V434	0.37709	0.04847	0.05087	0.52357
V435	0.55166	0.00415	0.11539	0.3288
V436	0.41766	0.00452	0.11136	0.46646
V437	0.26789	0.17967	0.00363	0.5488
V438	0.67173	0.11101	0.02933	0.18793
V439	0.03758	0.07064	0.00798	0.8838
V440	0.52545	0.02158	0.03037	0.42259
V441	0.08119	0.08841	0.62967	0.20073
V442	0.38219	0.27204	0.14321	0.20256
V443	0.77839	0.00057	0.08347	0.13758
V444	0.0113	0.00785	0.9791	0.00175
V445	0.65846	0.0053	0.31492	0.02131
V446	0.04849	0.80799	0.06123	0.0823
V447	0.68812	0.05877	0.16843	0.08468
V448	0.02238	0.04168	0.19779	0.73816
V449	0.6152	0.02011	0.27961	0.08508
V450	0.1967	0.78846	0.01484	1e-05
V451	0.95331	0.03042	0.00031	0.01596
V452	0.03768	0.00418	0.0701	0.88804
V453	0.85408	0.04331	0.06003	0.04258
V454	0.00156	0.9287	0.05522	0.01452
V455	0.65151	0.01433	0.28264	0.05152
V456	0.37856	0.07982	0.38931	0.15231
V457	0.00784	0.01562	0.01303	0.96351
V458	0.30774	0.17793	0.00354	0.51078
V459	0.0221	0.76692	0.10628	0.1047
V460	0.96456	0.00235	0.02402	0.00908
V461	0.06189	0.01841	0.00983	0.90987
V462	0.39812	0.18789	0	0.414
V463	0.31765	0.39864	0.17132	0.1124
V464	0.55413	0.06798	0.00368	0.3742
V465	0.48271	0.3468	0.02439	0.14609
V466	0.64384	0.13589	0.00359	0.21668
V467	0.3944	0.48721	0.08396	0.03443
V468	0.58391	0.31755	0.04985	0.04869
V469	0.02026	0.13319	0.30526	0.54129
V470	0.61193	0.08181	0.17349	0.13277
V471	0.30283	0.0746	0.03326	0.58931
V472	0.37804	0.26446	0	0.3575
V473	0.13072	0.47795	0.37286	0.01847
V474	0.12998	0	0.10281	0.76721
V475	0.22936	0.33321	0.08528	0.35214
V476	0.18241	0.0072	0.05586	0.75453
V477	0.64888	0.0198	0.19453	0.13679
V478	0.173	0.52367	0.00371	0.29962
V479	0.01879	0.05157	0.84534	0.0843
V480	0.10025	0.25194	0.04565	0.60216
V481	0.17188	0.00296	0.81393	0.01123
V482	0.75412	0.11151	0.10596	0.02841
V483	0.14772	0.07807	0.07449	0.69972
V484	0.02548	0.04558	0.0243	0.90465
V485	0.16147	0.68262	0.01175	0.14416
V486	0.32275	0.20771	0.13292	0.33661
V487	0.08309	0.02835	0.086	0.80256
V488	0.00042	0.00063	0.89043	0.10852
V489	0.25006	0.06555	0.67463	0.00976
V490	0.40627	0.24723	0.06982	0.27668
V491	0.5275	0.38058	0.0328	0.05912
V492	0.03667	0.80352	0.15466	0.00515
V493	0.02012	0.00152	0.00691	0.97146
V494	0.2339	0.11054	0.5371	0.11846
V495	0.2882	0.54307	0.15075	0.01797
V496	0.35141	0.6021	0	0.04649
V497	0.01032	0.00132	0.98061	0.00774
V498	0.35557	0.07174	0.05015	0.52254
V499	0.68126	0.19709	0.11876	0.0029
V500	0.12172	0.08336	0.76008	0.03484
V501	0.00781	0.00081	0.03983	0.95155
V502	0.62105	0.20869	0.14823	0.02203
V503	0.23067	0.06517	0.20224	0.50192
V504	0.3018	0.62131	0.01154	0.06536
V505	0.2375	0.1656	0.26671	0.33019
V506	0.11174	0.19921	0.48684	0.20221
V507	0.66999	0.06622	0.1157	0.14808
V508	0.80745	0.11863	0.03768	0.03624
V509	0.26684	0.03663	0.51021	0.18633
V510	0.2836	0.43685	0.27605	0.0035
V511	0.05961	0.36149	0.04671	0.5322
V512	0.27378	0.03071	0.0793	0.6162
V513	0.10419	0.58958	0.23818	0.06805
V514	0.0165	0.04248	0.00431	0.9367
V515	0.81295	0.03697	0.04386	0.10622
V516	0.93533	0.06032	0.00039	0.00396
V517	0.04431	0.01248	0.25584	0.68737
V518	0.97514	0.02007	0.00047	0.00433
V519	0.03604	0.84079	0.00479	0.11837
V520	0.03015	0	0.62813	0.34172
V521	0.61493	0.02106	0.34257	0.02144
V522	0.00749	0.08875	0.61074	0.29302
V523	0.40628	0.08765	0.26101	0.24506
V524	0.01006	0.73822	0.22116	0.03055
V525	0.29683	0.16047	0.02419	0.5185
V526	0.69736	0.04944	0.07001	0.18319
V527	0.23612	0.00996	0.40041	0.3535
V528	0.1364	0.81187	0	0.05173
V529	0.06948	0.03949	0.22735	0.66368
V530	0.00743	0.15968	0.72714	0.10575
V531	0.02616	0.83977	0.13406	0
V532	0.21057	0.26695	0.02509	0.49739
V533	0.34187	0.2848	0.14541	0.22791
V534	0.00792	0.00257	0.73017	0.25935
V535	0.58067	0	0.0101	0.40923
V536	0.21847	0	0.37068	0.41085
V537	0.65766	0.18824	0.14564	0.00847
V538	0.50163	0.03379	0.0831	0.38148
V539	0.33175	0.35688	0.16887	0.1425
V540	0.26148	0.62442	0.07727	0.03682
V541	0.02234	0.45167	0.06873	0.45725
V542	0.23274	0.09085	0.26102	0.41538
V543	0.90134	0.00132	0.00996	0.08738
V544	0.12183	0.0608	0.17425	0.64313
V545	0.41383	0.10304	0.06861	0.41452
V546	0.06618	0.85272	0.0758	0.0053
V547	0.04746	0.58352	0.35747	0.01155
V548	0.20828	0.6951	0.09223	0.00439
V549	0.36865	0.01146	0.61052	0.00938
V550	0.62043	0.01609	0	0.36349
V551	0.23716	0.66814	0.03724	0.05746
V552	0.00157	0.4739	0.00418	0.52035
V553	0.26861	0.10457	0.61015	0.01667
V554	0.06116	0.06104	0.02194	0.85586
V555	0.11232	0.18018	0.35548	0.35202
V556	0.00039	0.01001	0.95716	0.03245
V557	0.84719	0.01381	0.00927	0.12973
V558	0.09206	0.74251	0.02875	0.13668
V559	0.01231	0.76358	0.2241	1e-05
V560	0.75384	0.24241	0	0.00375
V561	0.00064	0.00632	0.98505	0.00799
V562	0.81297	0.00059	0.10699	0.07945
V563	0.27616	0	0.7197	0.00414
V564	0.06989	0.04647	0.87195	0.01169
V565	0.15365	0.20844	0.40312	0.23478
V566	0.742	0.06576	0.00387	0.18836
V567	0.2705	0.37914	0.02522	0.32514
V568	0.26684	0.00108	0.05333	0.67875
V569	0.71204	0.01505	0	0.27291
V570	0.03175	0.23637	0.66593	0.06594
V571	0.86239	0.08608	0	0.05153
V572	0.48794	0.00079	0.42352	0.08776
V573	0.07311	0.13482	0.00585	0.78622
V574	0.04971	0.74092	0.19739	0.01197
V575	0.02306	0.0573	0.12612	0.79352
V576	0.20959	0.73889	0.03969	0.01183
V577	0.04446	0.02686	0.21648	0.7122
V578	0.06696	0.0404	0.70659	0.18605
V579	0.01125	0.85724	0.10978	0.02174
V580	0.16942	0.00093	0.11045	0.71919
V581	0.07313	0.05444	0.00225	0.87018
V582	0.64025	0.10369	0.02923	0.22683
V583	0.00824	0.02537	0.61426	0.35213
V584	0.5806	0.10978	0.2801	0.02952
V585	0.00926	0.00167	0.4591	0.52997
V586	0.27118	0.00157	0.64224	0.08502
V587	0.30425	0.00222	0.66936	0.02416
V588	0.67014	0.02685	0.02148	0.28153
V589	0.07731	0.7809	0.07094	0.07085
V590	0.06459	0.7117	0.21902	0.00469
V591	0.00216	0.022	0.2062	0.76964
V592	0.18413	0.01784	0.79788	0.00016
V593	0.62066	0	0.17314	0.2062
V594	0.3981	0.22313	0.33855	0.04022
V595	0.02831	0.01316	0.01869	0.93984
V596	0.04405	0.22924	0.24366	0.48305
V597	0.00031	0.52534	0.38489	0.08946
V598	0.01954	0.08386	0.88449	0.01211
V599	0.69997	0.24618	0.03128	0.02257
V600	0.43746	0.39254	0.05137	0.11863
V601	0.19629	0.21958	0.08427	0.49985
V602	0.02877	0.01394	0.01102	0.94627
V603	0.01067	0.31837	0.01242	0.65855
V604	0.57303	0.07801	0.32708	0.02188
V605	0.08477	0.2702	0.43794	0.2071
V606	0.78049	0.10877	0.00976	0.10098
V607	0.68786	0.0041	0.10308	0.20496
V608	0.26098	0.11744	0.39765	0.22393
V609	0.0322	0.19122	0.25238	0.52419
V610	0.80293	0.00833	0.08433	0.10441
V611	0.31536	0.00107	0.05151	0.63207
V612	0.03044	0.05864	0.84573	0.0652
V613	0.04299	0.28031	0.64023	0.03647
V614	0.80464	0.03703	0.04391	0.11443
V615	0.14744	0.03534	0.00633	0.81089
V616	0.10588	0.65403	0.04691	0.19318
V617	0.52629	0.11671	0.357	0
V618	0.74921	0.00109	0	0.2497
V619	0.43137	0.01457	0.30882	0.24523
V620	0.01006	0.60525	0.37989	0.0048
V621	0.48684	0.10993	0.17182	0.23141
V622	0.41554	0.16885	0.39251	0.0231
V623	0.02291	0.04935	0.14535	0.78239
V624	0.84228	0.14213	4e-05	0.01555
V625	0.33331	0.41779	0.10474	0.14417
V626	0.9769	0.01275	0.00039	0.00996
V627	0.00555	0.01233	0.07287	0.90925
V628	0.00291	0.18219	0.01272	0.80218
V629	0.15602	0.23464	0.30185	0.30749
V630	0.04305	0.27852	0.63269	0.04574
V631	0.02237	0.15399	0.10856	0.71507
V632	0.61968	0	0.12778	0.25254
V633	0.00023	0.01357	0.85879	0.12741
V634	0.46178	0.2	0.33522	0.00301
V635	0.03539	0.71755	0.00434	0.24273
V636	0.14781	0.07087	0.66058	0.12074
V637	0.35509	0.15084	0.08957	0.4045
V638	0.44064	0.19971	0.06857	0.29108
V639	0.32782	0.34905	0.32314	0
V640	0.04253	0.11145	0.80013	0.04589
V641	0.9153	0.02064	0.02174	0.04232
V642	0.81551	0.12485	0	0.05964
V643	0.00795	0.14469	0.48393	0.36343
V644	0.93565	0.05013	0.00509	0.00913
V645	0.32264	0.33288	0.32774	0.01674
V646	0.0143	0.97169	0.00702	0.00699
V647	0.17346	0.05575	0.7189	0.05189
V648	0.49102	0.34562	0.13952	0.02384
V649	0.03046	0.03787	0.87541	0.05627
V650	0.0672	0.05832	0.81069	0.06379
V651	0.3481	0	0.64808	0.00383
V652	0.10791	0.05933	0.45681	0.37595
V653	0.16257	0.60403	0.11284	0.12057
V654	0.75798	0.14305	0.05436	0.04461
V655	0.04647	0.51655	0.01896	0.41802
V656	0.24604	0.21547	0.01013	0.52836
V657	0.02695	0.04769	0.00929	0.91607
V658	0.66826	0.1536	0.05521	0.12293
V659	0.37513	0.05509	0.36671	0.20307
V660	0.03928	0.93601	0	0.02471
V661	0.07436	0.36133	0.05634	0.50797
V662	0.45805	0.00408	0.44897	0.0889
V663	0.28097	0.04379	0.56992	0.10533
V664	0.23681	0.03965	0.68167	0.04187
V665	0.75135	0.13498	0.03709	0.07658
V666	0.61577	0	0.09535	0.28888
V667	0.80351	0.04403	0.15246	0
V668	0.16642	0.73637	0.09721	0
V669	0.28629	0.34307	0.26935	0.10129
V670	0.11274	0.864	0	0.02326
V671	0.42945	0.22035	0.26477	0.08543
V672	0.01978	0.00872	0.9411	0.03041
V673	0.28578	0.30435	0.24478	0.1651
V674	0.77299	0.10158	0.01574	0.10969
V675	0.16976	0.26686	0.34874	0.21463
V676	0.03423	0.08197	0.10791	0.77589
V677	0.45991	0.32415	0.1	0.11595
V678	0.59985	0.38498	0.01153	0.00365
V679	0.05875	0.25772	0.67272	0.01082
V680	0.37859	0.45917	0.14515	0.01708
V681	0.92854	0.03896	0.01067	0.02183
V682	0.13914	0.24141	0.58452	0.03493
V683	0.01574	0.96686	0.01702	0.00037
V684	0.75638	0.11015	0.08949	0.04398
V685	0.57151	0.26498	0.12466	0.03886
V686	0.11127	0.14023	0.15534	0.59316
V687	0.02863	0.00575	0.01959	0.94603
V688	0.45073	0.42159	0	0.12769
V689	0.27645	0	0.04399	0.67956
V690	0.51871	0.02113	0.40629	0.05386
V691	0.18202	9e-05	0.81297	0.00493
V692	0.09474	0.10043	0.74175	0.06308
V693	0.27148	0.07349	0.37968	0.27535
V694	0.00983	0.01382	0.2993	0.67705
V695	0.26876	0.00094	0.15373	0.57657
V696	0.08505	0.06034	0.01327	0.84135
V697	0.01637	0.03396	0.01081	0.93886
V698	0.84462	0.00126	0.00958	0.14453
V699	0.64046	0.21428	0.06558	0.07968
V700	0.25475	0.01377	0.00564	0.72584
V701	0.14736	0.45971	0.12292	0.27
V702	0.58849	0.05214	0.00928	0.35008
V703	0.15844	0.03015	0.50157	0.30984
V704	0.85639	0.02551	0.02147	0.09662
V705	0.96711	0	0.01056	0.02233
V706	0.09369	0.02517	0.79969	0.08146
V707	0.04355	0.36946	0.55009	0.0369
V708	0.04991	0.84457	0.02172	0.0838
V709	0.16676	0.20825	0.55281	0.07218
V710	0.66787	0.15348	0.04617	0.13249
V711	0.12377	0.74233	0.10465	0.02925
V712	0.85069	0.03155	0.00411	0.11365
V713	0.50434	0.23	0.03124	0.23442
V714	0.00997	0.61892	0.01977	0.35134
V715	0.3615	0.26447	0.31406	0.05997
V716	0.03755	0.02424	0.04364	0.89458
V717	0.11288	0.87261	0	0.01452
V718	0.19189	0.49158	0.1986	0.11793
V719	0.07639	0.65586	0.03752	0.23023
V720	0.73297	0	0.21012	0.05691
V721	0.15037	0.12096	0.4981	0.23057
V722	0.11382	0.28148	0.01043	0.59427
V723	0.12252	0.05889	0.00597	0.81262
V724	0.62114	0.01334	0.07917	0.28636
V725	0.00038	0.06559	0.90385	0.03018
V726	0.04468	0.32169	0.13364	0.49999
V727	0.33885	0.55844	0.09902	0.0037
V728	0.03707	0.84717	0.11046	0.00529
V729	0.44762	0.00425	0.15575	0.39238
V730	0.92661	0.01503	0.03713	0.02123
V731	0.03142	0.15293	0.42713	0.38853
V732	0.39912	0.04829	0.35176	0.20084
V733	0.70503	0.13507	0.02936	0.13054
V734	0.28709	0.23884	0.47073	0.00334
V735	0.01965	0.01238	0.49831	0.46966
V736	0.15756	0.00397	0.00775	0.83071
V737	0.3927	0.22362	0.24707	0.13662
V738	0.0993	0.27051	0.49316	0.13703
V739	0.00049	0.00246	0.6181	0.37895
V740	0.87578	0.05447	0.06146	0.00829
V741	0.53868	0.0675	0.12083	0.27298
V742	0.48919	0.49784	0.01297	0
V743	0.1615	0.09964	0.7214	0.01746
V744	0.57063	0.02014	0.31409	0.09515
V745	0.0211	0.64625	0.20838	0.12428
V746	0.99474	0	0.00056	0.0047
V747	0.0656	0	0.72232	0.21208
V748	0.14813	0.06908	0.60929	0.17349
V749	0.32423	0.13168	0.05101	0.49307
V750	0.4945	0.37248	0.01699	0.11603
V751	0.0649	0.83274	0.04058	0.06178
V752	0.52793	0.1687	0.13387	0.16951
V753	0.01944	0.00818	0.00588	0.9665
V754	0.01197	0.91137	0	0.07665
V755	0.18014	0.14868	0.36029	0.31089
V756	0.0269	0.00468	0.04441	0.92401
V757	0.41916	0.49132	0.06384	0.02568
V758	0.06302	0.71697	0.13934	0.08067
V759	0.14634	0.03788	0.41467	0.40111
V760	0.33337	0.03492	0.2801	0.35161
V761	0.08773	0.51463	0.30997	0.08767
V762	0.00215	0.32694	0.01241	0.65851
V763	0.45463	0.28196	0.02396	0.23945
V764	0.01125	0.90771	0.00537	0.07567
V765	0.70756	0.05823	0	0.23421
V766	0.01921	0.26329	0.48559	0.23191
V767	0.5419	0.08398	0.23862	0.1355
V768	0.08098	0.8744	0.02261	0.02201
V769	0.1961	0.76158	0.03022	0.0121
V770	0.0143	0.97169	0.00702	0.00699
V771	0.19511	0.00291	0.79128	0.0107
V772	0.16013	0.0224	0.81306	0.00441
V773	0.22185	0.75995	0.0057	0.0125
V774	0.0198	0.00062	0.94804	0.03154
V775	0.13233	0.02462	0.28689	0.55615
V776	0.50934	0.3356	0.04978	0.10528
V777	0.20304	0.08431	0.1404	0.57226
V778	0.6103	0.20612	0.06602	0.11756
V779	0.19887	0.0224	0.50486	0.27387
V780	0.1494	0.70046	0.15014	0
V781	0.05071	0.01749	0.02554	0.90626
V782	0.00769	0.08684	0.83948	0.06599
V783	0.81878	0.0085	0.04327	0.12946
V784	0.15334	0.82752	0.01375	0.00539
V785	0.05345	0.90981	0.01385	0.02288
V786	0.7741	0.11069	0.07936	0.03584
V787	0.00111	0.80302	0.19046	0.00542
V788	0.58236	0.22823	0.15084	0.03857
V789	0.08667	0.30499	0.02661	0.58173
V790	0.49285	0.01497	0.07395	0.41822
V791	0.17014	0.31215	0.3593	0.1584
V792	0.17218	0.46656	0.00402	0.35724
V793	0.16213	0.58931	0.03605	0.21251
V794	0.05579	0.05069	0.81999	0.07352
V795	0.12125	0.028	0.05753	0.79321
V796	0.03144	0.05421	0.89425	0.0201
V797	0.78603	0	0.20565	0.00832
V798	0.68828	0.22237	0.07448	0.01487
V799	0.17949	0.71301	0.02871	0.0788
V800	0.07931	0.01144	0.53145	0.3778
V801	0.16318	0.08388	0.34249	0.41045
V802	0.04328	0.05465	0.28459	0.61747
V803	0.28244	0.43315	0.28442	0
V804	0.57177	0.00431	0.36377	0.06014
V805	0.0123	0.00193	0.98387	0.00191
V806	0.06555	0.87941	0.01283	0.04221
V807	0.29433	0.1151	0.03343	0.55714
V808	0.7305	0.20094	0.03899	0.02958
V809	0.04811	0.0225	0.92849	9e-04
V810	0.01519	0.97714	0	0.00767
V811	0.47658	0.0469	0.19953	0.27699
V812	0.62112	0.19522	0.04741	0.13625
V813	0.65721	0.14052	0.18073	0.02153
V814	0.52002	0.43221	0.0442	0.00357
V815	0.00154	0.90184	0.09067	0.00594
V816	0.94303	0	0.05697	0
V817	0.03165	0.04788	0.90814	0.01233
V818	0.00553	0.03303	0.03582	0.92562
V819	0.86857	0.05182	0.04429	0.03532
V820	0.14734	0.07178	0.01971	0.76117
V821	0.26579	0.25039	0.41328	0.07054
V822	0.08259	0.00793	0.88966	0.01983
V823	0.03116	0.14771	0.72616	0.09497
V824	0.11587	0.31141	0.57272	0
V825	0.2707	0.22977	0.26842	0.2311
V826	0.50806	0.32584	0.15694	0.00916
V827	0.4638	0.49889	0.01127	0.02604
V828	0.25837	0.12448	0.11314	0.50401
V829	0.04642	0.19768	0.03725	0.71865
V830	0.25847	0.1809	0.02447	0.53616
V831	0.81621	0.05719	0.02822	0.09838
V832	0.33042	0.32754	0.17829	0.16375
V833	0.19043	0.43721	0.19883	0.17354
V834	0.32821	0.04931	0.07922	0.54326
V835	0.43671	0.36276	0.12215	0.07838
V836	0.01058	0.62398	0.00457	0.36087
V837	0.27364	0.31274	0.20209	0.21153
V838	0.9485	0.02386	0.02409	0.00355
V839	0.37818	0.51236	0.10584	0.00361
V840	0.37263	0.62085	0.00652	0
V841	4e-04	0.02287	0.91843	0.0583
V842	0.40956	0.12137	0.2638	0.20526
V843	0.01894	0.00775	0.89767	0.07563
V844	0.13485	0.05896	0.39864	0.40754
V845	0.08192	0.075	0.77979	0.06329
V846	5e-05	0.00306	0.77878	0.21811
V847	0.00888	0.00152	0.01478	0.97481
V848	0.11809	0.4425	0.19082	0.24858
V849	0.00155	0.94732	0.00594	0.04519
V850	0.97935	0	0.01111	0.00954
V851	0.41017	0.4348	0.15503	0
V852	0.12089	0.03357	0.13102	0.71451
V853	0.29066	0.17315	0.41844	0.11774
V854	0.6572	0.11999	0.10052	0.12229
V855	0.00888	0.00152	0.01478	0.97481
V856	0.0567	0.29504	0.39269	0.25557
V857	0.73226	0.12709	0.02936	0.11129
V858	0.59545	0.00209	0.3992	0.00327
V859	0.72277	0.17376	0.01639	0.08708
V860	0.2141	0.08555	0.05379	0.64656
V861	0.11523	0.29283	0.58149	0.01045
V862	0.15912	0.05678	0.74121	0.04289
V863	0.22024	0.04076	0.00023	0.73877
V864	0.07185	0.02253	0.05037	0.85525
V865	0.13024	0.00142	0.2706	0.59774
V866	0.76009	0.00551	0.22623	0.00817
V867	0.76083	0.00968	0.22662	0.00287
V868	0.58609	0.20874	0.13267	0.0725
V869	0.0273	0.95925	0.00694	0.00651
V870	0.12766	0.2829	0.01753	0.57191
V871	0.00155	0.94732	0.00594	0.04519
V872	0.01077	0.00739	0.25607	0.72577
V873	0.91353	0.01468	0.0439	0.02789
V874	0.26344	0.70476	0.03179	0
V875	0.02028	0.15366	0.21587	0.61019
V876	0.19779	0.26552	0.44514	0.09156
V877	0.05774	0.33768	0.33468	0.2699
V878	0.18056	0.74434	0.07509	0
V879	0.24883	0.61979	0.04567	0.08571
V880	0.37772	0.46616	0.00385	0.15227
V881	0.17234	0.02274	0.6143	0.19061
V882	0.82334	0	0.1135	0.06317
V883	0.3286	0.14927	0.52212	0
V884	0.02447	0.22524	0	0.75029
V885	0.7647	0.15201	0.08329	0
V886	0.01941	0.30847	0.52114	0.15097
V887	0.68564	0.03749	0.14895	0.12792
V888	0.12022	0.02495	0.76446	0.09036
V889	0.94	0.02887	0.01638	0.01475
V890	0.04209	0.108	0.65856	0.19135
V891	0.67379	0.02734	0.26341	0.03546
V892	0.31975	0.14146	0.00974	0.52905
V893	0.64553	0.15496	0.14582	0.05369
V894	0.08479	0.2536	0.62568	0.03593
V895	0.64551	0.03756	0.18789	0.12904
V896	0.0538	0.91682	0.00601	0.02337
V897	0.75114	0.19108	0.00408	0.0537
V898	0.49217	0	0.00445	0.50338
V899	0.03318	0.15348	0.14744	0.6659
V900	0.09939	0.23818	0.39913	0.2633
V901	0.04971	0.79551	0.0045	0.15028
V902	0.06667	0.87349	0.05437	0.00546
V903	0.00808	0.35999	0.58473	0.04721
V904	0.02797	0.96469	0	0.00734
V905	0.16772	0	0.17594	0.65635
V906	0.44877	0.06066	0.10539	0.38518
V907	0.51231	0.41874	0.01817	0.05078
V908	0.01405	0.03028	0.07031	0.88535
V909	0.17814	0.74173	0	0.08013
V910	0.18055	0	0.1173	0.70216
V911	0.59581	0.30702	0.0317	0.06548
V912	0.45984	0.25463	0.12974	0.15579
V913	0.12225	0	0.0091	0.86865
V914	0.2321	0.41568	0.31708	0.03513
V915	0.24038	0	0.00641	0.7532
V916	0.28915	0.03163	0.63867	0.04055
V917	0.75266	0.01374	0.15205	0.08155
V918	0.06059	0.57344	0.26612	0.09986
V919	0.23928	0.1843	0.31324	0.26319
V920	0.67616	0.14643	0.09077	0.08664
V921	0.03578	0.12756	0.02914	0.80752
V922	0.13144	0.39443	0.42929	0.04484
V923	0.08524	0.00914	0.04221	0.8634
V924	0.04646	0.61441	0.31017	0.02897
V925	0.1963	0.02084	0.01223	0.77063
V926	0.2198	0.01391	0.0274	0.73888
V927	0.02507	0.02429	0.05258	0.89806
V928	0.06516	0.85641	0.00524	0.07319
V929	0.07587	0.58264	0.14925	0.19225
V930	0.58386	0.29261	0.03132	0.09221
V931	0.16744	0.21678	0.54336	0.07241
V932	0.04194	0.08144	0.64248	0.23414
V933	0.67372	0.30614	0.01077	0.00937
V934	0.00954	0.11571	0.2913	0.58345
V935	0.62183	0.11494	0.20151	0.06173
V936	0.59234	0.20608	0.01567	0.18591
V937	0.59868	0.08937	0.08262	0.22932
V938	0.42187	0.02733	0.30318	0.24762
V939	0.78499	0.00843	0.0675	0.13907
V940	0.03513	0.74975	0.17469	0.04043
V941	0.00103	0.00138	0.98896	0.00864
V942	0.78683	0.13605	0.0627	0.01442
V943	0.44708	0.08907	0.41657	0.04729
V944	0.02263	0.21674	0.06744	0.69318
V945	0.63202	0.2764	0.00995	0.08163
V946	0.51962	0.19626	0.25332	0.03081
V947	0.09435	0.03302	0.23711	0.63553
V948	0.38103	0.01129	0.59164	0.01604
V949	0.00149	0.0823	0.21079	0.70542
V950	0.07444	0.46953	0.2407	0.21533
V951	0.85102	0.00589	0.14018	0.0029
V952	0.08218	0.09617	0.2783	0.54335
V953	0.01943	0.03267	0.91838	0.02951
V954	0.04504	0.14325	0.14665	0.66506
V955	0.16012	0.53207	0.02675	0.28106
V956	0.04113	0.01175	0.5323	0.41482
V957	0.35878	0.00704	0	0.63418
V958	0.02012	0.00152	0.00691	0.97146
V959	0.27666	0.20214	0.45167	0.06953
V960	0.27888	0.21652	0.08299	0.42161
V961	0.17061	0.32006	0.38372	0.12561
V962	0.41727	0.12281	0.39412	0.06579
V963	0.65587	0.12129	0.15342	0.06942
V964	0.8671	0.01388	0.09153	0.0275
V965	0.07409	0.43568	0.21491	0.27533
V966	0.97848	0.00619	0.00581	0.00951
V967	0.06761	0.02411	0.54915	0.35913
V968	0.00015	0.11301	0.82035	0.0665
V969	0.01074	0.23733	0.03763	0.71431
V970	0.04209	0.08719	0.45303	0.41769
V971	0.55539	0.05352	0.32082	0.07026
V972	0.57014	0.14756	0.04744	0.23486
V973	0.32982	0.34609	0.08253	0.24156
V974	0.00925	0.74579	0.15242	0.09254
V975	0.1243	0.23406	0.63773	0.00391
V976	0.50361	0.18892	0.11676	0.1907
V977	0.37917	0.28085	0.33682	0.00317
V978	0.07164	0.06556	0.06783	0.79497
V979	0.82618	0.00599	0.16495	0.00287
V980	0.99474	0	0.00056	0.0047
V981	0.3785	0.01552	0.42822	0.17776
V982	0.51899	0.31733	0.07887	0.08481
V983	0.73658	0.03739	0.00395	0.22208
V984	0.02286	0.80561	0.13034	0.04119
V985	0.08557	0.15216	0.00532	0.75695
V986	0.398	0.43911	0.05219	0.1107
V987	0.31275	0.66702	0	0.02024
V988	0.23052	0.00736	0.01213	0.74999
V989	0.5243	0.37932	0.08011	0.01627
V990	0.00016	0.02788	0.8252	0.14676
V991	0.71405	0.27621	0	0.00974
V992	0.23352	0.00135	0.52013	0.245
V993	0.09082	0.66673	0.19406	0.0484
V994	0.24946	0.7093	0.02957	0.01167
V995	0.78176	0.0723	0.02866	0.11728
V996	0.30166	0.09141	0.01075	0.59618
V997	0.01863	0.003	0.85328	0.12508
V998	0.89496	0.00471	0.05873	0.0416
V999	0.16888	0.82531	0	0.0058
V1000	0.33742	0.01332	0	0.64925
