CD56NK	CD4MemoryT	CD19B	CD14
V1	0.02294	0.53314	0.05217	0.39176
V2	0.0026	0.32829	0.00977	0.65934
V3	0.00257	0.45654	0.00657	0.53431
V4	0.04549	0.90562	0	0.04889
V5	0.00596	0.50044	0.10762	0.38598
V6	0.00692	0.88236	0.01442	0.0963
V7	0.00423	0.42163	0.02413	0.55001
V8	0.01323	0.32108	0.52755	0.13815
V9	0.00596	0.39185	0.01032	0.59187
V10	0.00215	0.11344	0.64594	0.23847
V11	0.018	0.67109	0.27832	0.03259
V12	0.00293	0.64608	0.27241	0.07858
V13	0.01964	0.90227	0.0015	0.07659
V14	0.00656	0.9572	0.0027	0.03355
V15	0.0061	0.56231	0.05396	0.37762
V16	0.04067	0.89588	0.00494	0.05851
V17	0.00772	0.88955	0.00835	0.09438
V18	0.0346	0.84751	0.0188	0.09909
V19	0.01341	0.92537	0.00209	0.05913
V20	0.00442	0.4741	0.0061	0.51538
V21	0.0129	0.35067	0.50041	0.13602
V22	0	0.26929	0.03741	0.6933
V23	0.03054	0.60833	0.33122	0.02991
V24	0.04832	0.94338	0.0083	0
V25	0.01363	0.49737	0.04412	0.44488
V26	0.01879	0.59437	0.00827	0.37857
V27	0.00128	0.31558	0.00372	0.67942
V28	2e-05	0.01374	0.98624	0
V29	0.02948	0.62583	0.24915	0.09554
V30	0.00419	0.32341	0.09363	0.57876
V31	0.0088	0.35227	0.11215	0.52677
V32	0.00093	0.24947	0.00739	0.74221
V33	0.0039	0.50004	0.19416	0.3019
V34	0.01303	0.33641	0.51335	0.13721
V35	0.01331	0.82256	0.04969	0.11444
V36	0	0.19002	0.15124	0.65875
V37	0.02146	0.54178	0.02809	0.40867
V38	0.01888	0.41611	0.05853	0.50648
V39	0.0092	0.58453	0.05767	0.34861
V40	0.01	0.93717	0.05283	0
V41	0	0.46179	0.0203	0.51791
V42	0.00613	0.31716	0.05294	0.62377
V43	0.01168	0.55462	0.30819	0.12551
V44	0.00109	0.20606	0.32378	0.46908
V45	0.00694	0.61291	0.11412	0.26602
V46	0.04528	0.89017	0.04674	0.01781
V47	0.02693	0.70274	0.14211	0.12823
V48	0.04104	0.91	0	0.04896
V49	0.03564	0.8059	0	0.15845
V50	0.00675	0.89946	0.05964	0.03415
V51	0.02157	0.74514	0.13177	0.10153
V52	0.00351	0.20948	0.62734	0.15967
V53	0.04042	0.89999	0.05959	0
V54	0.02888	0.71493	0.18326	0.07292
V55	0.00797	0.3511	0.08087	0.56006
V56	0.00022	0.29353	0.01311	0.69313
V57	0.00901	0.91349	0.01418	0.06332
V58	0.02435	0.57315	0.01265	0.38985
V59	0.02872	0.79006	0.05058	0.13064
V60	0.00619	0.27226	0.13517	0.58638
V61	0.04004	0.804	0.00313	0.15282
V62	0.04188	0.90622	0.02147	0.03044
V63	0.0015	0.80695	0.0874	0.10416
V64	2e-05	0.62599	0	0.37399
V65	0	0.13947	0.01978	0.84075
V66	0.01475	0.77562	0.0107	0.19893
V67	0.01444	0.58466	0.32874	0.07215
V68	0.0038	0.28048	0.00817	0.70754
V69	0.00286	0.3837	0.40114	0.2123
V70	0.02481	0.64982	0.06339	0.26198
V71	0.00774	0.24925	0.15713	0.58588
V72	0.0232	0.63288	0.03148	0.31244
V73	0.00985	0.66586	0.07214	0.25214
V74	0.00789	0.38496	0.60715	0
V75	0.03337	0.71605	0.0662	0.18438
V76	0	0.08451	0.05397	0.86152
V77	8e-04	0.27608	0.0047	0.71842
V78	0.01243	0.40484	0.06407	0.51866
V79	0.00076	0.16189	0.49733	0.34003
V80	0.02111	0.50818	0.23189	0.23882
V81	0.00769	0.3216	0.62727	0.04344
V82	0	0.05244	0.89533	0.05223
V83	0.00296	0.29014	0.01984	0.68706
V84	0.01691	0.41073	0.05685	0.51551
V85	0.00554	0.43212	0.15589	0.40644
V86	0.00573	0.20277	0.59602	0.19548
V87	0.00273	0.72608	0.03457	0.23662
V88	0.00408	0.3426	0.06483	0.5885
V89	0	0.21369	0.04019	0.74612
V90	0.00256	0.8844	0.042	0.07103
V91	0.00337	0.73543	0.1297	0.1315
V92	0.02203	0.53504	0.14422	0.29871
V93	0.04028	0.78742	0	0.1723
V94	1e-04	0.35946	0.00688	0.63356
V95	0.01304	0.59312	0.06454	0.3293
V96	0.0012	0.30721	0.00563	0.68597
V97	0.04203	0.84756	0.08936	0.02104
V98	0.03787	0.92383	0	0.0383
V99	0.04547	0.87974	0.05678	0.018
V100	0.00953	0.23687	0.63283	0.12078
V101	0	0.12531	0.00463	0.87006
V102	0.04216	0.92786	0	0.02998
V103	0	0.21109	0.01676	0.77215
V104	0.00257	0.9589	0.0031	0.03543
V105	0.00557	0.95185	0.00897	0.0336
V106	0.01028	0.64826	0.19048	0.15099
V107	0.01433	0.49612	0.31225	0.1773
V108	0.01385	0.92424	0.0619	0
V109	0.00077	0.25255	0.21954	0.52714
V110	0.00531	0.86939	0.0268	0.0985
V111	0.04315	0.91982	0.02225	0.01478
V112	0.00647	0.22742	0.17674	0.58937
V113	0.00504	0.32989	0.04535	0.61971
V114	0.00575	0.30203	0.02115	0.67107
V115	0.00057	0.78539	0.17505	0.03899
V116	0.00676	0.44846	0.14339	0.40139
V117	0.03635	0.86114	0.01366	0.08886
V118	0.0071	0.54421	0.01678	0.4319
V119	0.00196	0.32099	0.00997	0.66708
V120	0.00971	0.27202	0.63452	0.08375
V121	0.02227	0.62631	0.03032	0.32111
V122	0.04634	0.92029	0.0025	0.03086
V123	0	0.34099	0.01753	0.64149
V124	0.0328	0.84794	0	0.11926
V125	0.02616	0.80997	0.08893	0.07493
V126	0.00043	0.30875	0.01027	0.68055
V127	0.00431	0.30681	0.06577	0.62311
V128	0	0.29603	0.017	0.68696
V129	0.03709	0.80601	0.07174	0.08517
V130	0.00067	0.70489	0.25454	0.0399
V131	0.00182	0.74149	0	0.25669
V132	0.04566	0.90045	0.00809	0.0458
V133	0.04219	0.91114	0.01635	0.03032
V134	0.00458	0.3995	0.04941	0.54651
V135	0.0014	0.29668	0.0325	0.66942
V136	0.00939	0.47859	0.00589	0.50612
V137	0.03518	0.72825	0.09139	0.14519
V138	0.01046	0.50005	0.07384	0.41566
V139	0.01338	0.51038	0.06204	0.41419
V140	0	0.3078	0.00895	0.68325
V141	0.00359	0.30009	0.19674	0.49958
V142	0.04708	0.87243	0.08049	0
V143	0.01765	0.57597	0.02364	0.38273
V144	0.00543	0.30146	0.05426	0.63884
V145	0	0.74421	0.20931	0.04648
V146	0.00049	0.24053	0.00758	0.7514
V147	0.04008	0.88274	0.00493	0.07226
V148	0.00571	0.32184	0.19725	0.4752
V149	0.02137	0.81907	0.12926	0.03029
V150	0.00768	0.41527	0.3098	0.26725
V151	0.01157	0.66021	0.01733	0.31089
V152	0.01398	0.62821	0.1009	0.25691
V153	0.00659	0.66951	0.01131	0.31259
V154	0.01758	0.73146	0.14266	0.10829
V155	0.02554	0.6288	0.11013	0.23553
V156	0.00277	0.2854	0.32476	0.38706
V157	0.01304	0.46041	0.10454	0.422
V158	0	0.12167	0.00774	0.87059
V159	0.03893	0.87673	0	0.08434
V160	0.02667	0.62065	0.02006	0.33262
V161	0.00376	0.33732	0.00668	0.65224
V162	0.0021	0.3389	0.023	0.636
V163	0.00447	0.47583	0.06412	0.45558
V164	0.01357	0.53723	0.03546	0.41374
V165	0	0.19182	0.00371	0.80447
V166	0	0.16557	0.01798	0.81645
V167	0.0099	0.3316	0.00408	0.65441
V168	0.01792	0.77247	0.04093	0.16869
V169	0.00335	0.3353	0.00813	0.65322
V170	0.00549	0.22301	0.19969	0.5718
V171	0.01147	0.48264	0.34789	0.158
V172	0.04084	0.83404	0.10597	0.01915
V173	0.00014	0.30519	0.00881	0.68586
V174	0	0.27986	0.01583	0.70432
V175	0.00528	0.23634	0.36989	0.38849
V176	0.00052	0.83073	0.13093	0.03783
V177	0.00037	0.92848	0	0.07115
V178	3e-05	0.52023	0.0049	0.47485
V179	0.00629	0.26472	0.13563	0.59337
V180	0.00283	0.93813	0.05904	0
V181	0.00923	0.37592	0.22119	0.39365
V182	0.0195	0.58421	0.21898	0.17731
V183	0.01518	0.9537	0.00182	0.02931
V184	0.04646	0.95354	0	0
V185	0.0357	0.93897	0.00404	0.02129
V186	0.00678	0.54209	0.11493	0.33619
V187	0.04725	0.92936	0.00832	0.01508
V188	0.00155	0.26778	0.00296	0.72771
V189	0.03332	0.72023	0.00554	0.24091
V190	0.04131	0.79661	0.14089	0.02119
V191	0.01485	0.5131	0.32272	0.14933
V192	0.01419	0.60354	0.02188	0.36038
V193	0.02892	0.62933	0.08277	0.25898
V194	0.00329	0.89396	0.00313	0.09962
V195	0.00146	0.05622	0.89179	0.05053
V196	0	0.15124	0.00598	0.84278
V197	0.0116	0.41191	0.00674	0.56975
V198	0.00616	0.56683	0.21906	0.20794
V199	0.00384	0.26272	0.04299	0.69044
V200	0.00506	0.50474	0.0089	0.4813
V201	0.00552	0.53971	0.08529	0.36948
V202	0.00108	0.17335	0.3317	0.49387
V203	0.01423	0.66027	0.2349	0.0906
V204	0	0.34065	0.0032	0.65616
V205	0.00266	0.12801	0.77509	0.09423
V206	0.00683	0.24309	0.70405	0.04602
V207	0.00289	0.33856	0.0137	0.64485
V208	0.02263	0.5004	0.41086	0.06612
V209	0.01377	0.61894	0.02736	0.33992
V210	0.00719	0.76015	0.05681	0.17585
V211	0.01175	0.41413	0.00824	0.56588
V212	0.03395	0.69566	0.20066	0.06973
V213	0.02506	0.59747	0.03388	0.34359
V214	0.01412	0.43575	0.06092	0.48921
V215	0.00701	0.34134	0.00729	0.64436
V216	8e-05	0.21258	0.00647	0.78087
V217	0.00275	0.43399	0.09713	0.46613
V218	0.00433	0.4394	0.06352	0.49276
V219	0.00466	0.5359	0.00583	0.45361
V220	0	0.58964	0.00372	0.40664
V221	0.02937	0.68819	0.00092	0.28152
V222	0.01487	0.48366	0.13165	0.36982
V223	7e-04	0.22359	0.46935	0.30636
V224	0.04865	0.94589	0.00546	0
V225	0.00571	0.9191	0.041	0.03419
V226	0.02431	0.5738	0.33959	0.0623
V227	0.04475	0.84582	0.07317	0.03627
V228	0.03714	0.76093	0.02239	0.17954
V229	0.00253	0.1008	0.76275	0.13393
V230	0	0.12466	0.00766	0.86768
V231	1e-05	0.31095	0.02676	0.66228
V232	0.00198	0.48756	0.00049	0.50997
V233	0.02326	0.63974	0.06448	0.27252
V234	0.00344	0.90599	0.02205	0.06851
V235	0.0282	0.59496	0.27534	0.10151
V236	0.00476	0.23659	0.45858	0.30007
V237	0.00306	0.32047	0.00701	0.66946
V238	0.01054	0.67164	0.14566	0.17216
V239	0.00201	0.37765	0.00654	0.6138
V240	0.03214	0.64011	0.19354	0.13421
V241	0.00194	0.1264	0.57427	0.29739
V242	0.01152	0.86645	0.05988	0.06214
V243	0.01826	0.44099	0.30323	0.23751
V244	0.01521	0.37423	0.33349	0.27707
V245	0.03154	0.81898	0.02039	0.12909
V246	0.00691	0.31377	0.56119	0.11813
V247	0.01854	0.38361	0.59785	0
V248	0	0.19761	0.01103	0.79136
V249	0	0.05481	0.62297	0.32222
V250	0.04139	0.85581	0.08465	0.01815
V251	0.04703	0.93804	0	0.01493
V252	0.00057	0.87788	0.12156	0
V253	0.01429	0.40614	0.05763	0.52194
V254	0.00042	0.92573	0.03721	0.03664
V255	0.00401	0.84263	0	0.15337
V256	0.01228	0.47088	0.2591	0.25774
V257	0.01634	0.51097	0.07198	0.40072
V258	0.01004	0.46745	0.18209	0.34042
V259	0.00402	0.39573	0.42206	0.17818
V260	0	0.28594	0.66462	0.04944
V261	0.02623	0.60728	0.06463	0.30186
V262	0.00122	0.34984	0.00243	0.64652
V263	0.00137	0.89655	0	0.10208
V264	0.00736	0.25967	0.17017	0.56281
V265	0	0.29795	0.02091	0.68114
V266	0.04046	0.95954	0	0
V267	0	0.06277	0.11338	0.82384
V268	0.01063	0.43915	0.03195	0.51826
V269	5e-04	0.5441	0.25143	0.20397
V270	0.03071	0.70874	0.08678	0.17376
V271	0.0356	0.77473	0.01062	0.17905
V272	0.00413	0.68645	0.00821	0.30121
V273	5e-04	0.24158	0.00886	0.74906
V274	0.03226	0.69759	0.0617	0.20845
V275	0	0.0215	0.92613	0.05236
V276	0.02243	0.66717	0.00457	0.30583
V277	0.00074	0.30394	0.03648	0.65884
V278	0.00038	0.33096	0.04784	0.62082
V279	0.02857	0.68475	0.03549	0.25119
V280	0	0.12167	0.00774	0.87059
V281	0.02318	0.53432	0.0443	0.39819
V282	0.00608	0.24099	0.51074	0.24218
V283	0.01093	0.62041	0.02798	0.34069
V284	0.00264	0.91865	0.04279	0.03592
V285	0.00993	0.1954	0.79467	0
V286	0.01474	0.68313	0.05163	0.2505
V287	0.00839	0.88951	0.00817	0.09394
V288	0.00065	0.30523	0.16042	0.5337
V289	0.01727	0.5719	0.19363	0.21721
V290	0.04512	0.95247	0.00241	0
V291	0.03432	0.69598	0.21779	0.05191
V292	0.04231	0.85641	0	0.10128
V293	0.02266	0.50246	0.33988	0.135
V294	0.00272	0.32477	0.00222	0.67029
V295	3e-05	0.28554	0.04351	0.67093
V296	0.01238	0.42066	0.29356	0.2734
V297	0.00085	0.30184	0.01159	0.68572
V298	0.02323	0.5864	0.3281	0.06227
V299	0.0017	0.33538	0.0045	0.65842
V300	0	0.08564	0.05325	0.86111
V301	0.00826	0.35907	0.28472	0.34795
V302	0.03827	0.9216	0	0.04013
V303	0	0.52703	0.30774	0.16524
V304	0.00372	0.24376	0.30002	0.45251
V305	0.00512	0.33533	0.15929	0.50025
V306	0.04125	0.84326	0.01847	0.09702
V307	0.00144	0.91871	0.00974	0.07011
V308	0.00917	0.43204	0.10095	0.45784
V309	0.0127	0.50456	0.01048	0.47226
V310	0.0028	0.36055	0.04503	0.59162
V311	0.0315	0.94632	0.00043	0.02175
V312	0.00899	0.80556	0.09119	0.09426
V313	0	0.1624	0.00553	0.83207
V314	0.00044	0.37544	0.04114	0.58298
V315	0.00545	0.53707	0.01719	0.44029
V316	0.01452	0.47648	0.14386	0.36515
V317	0.00454	0.57173	0.02138	0.40235
V318	0.00111	0.4133	0.00558	0.58001
V319	0.007	0.23462	0.60445	0.15393
V320	0.00518	0.34142	0.28046	0.37294
V321	0.04017	0.95983	0	0
V322	0.00545	0.42997	0.02113	0.54346
V323	0.00045	0.30538	0.01424	0.67993
V324	0.03798	0.87523	0.02843	0.05836
V325	0.02275	0.91874	0.03107	0.02744
V326	0	0.26276	0.04535	0.69189
V327	0	0.27632	0.02083	0.70285
V328	0.00327	0.21706	0.30625	0.47341
V329	0.00343	0.36525	0.0348	0.59651
V330	0.01655	0.41906	0.11381	0.45057
V331	0.00744	0.42917	0.00897	0.55441
V332	0	0.15942	0.03988	0.8007
V333	0.0211	0.55858	0.15306	0.26725
V334	0.0151	0.39328	0.1232	0.46842
V335	0.00187	0.38104	0.24208	0.37501
V336	0.01086	0.69863	0.01079	0.27972
V337	0.02006	0.72483	0.15032	0.10479
V338	0	0.94942	0.00524	0.04534
V339	0.01517	0.30075	0.6421	0.04198
V340	0.00327	0.33804	0.2022	0.45648
V341	0	0.19773	0.01389	0.78838
V342	0.01504	0.3926	0.24235	0.35
V343	0.04722	0.93778	0	0.015
V344	0.04301	0.87845	0.07853	0
V345	0.00159	0.04488	0.95353	0
V346	0.0101	0.32509	0.11181	0.553
V347	5e-04	0.23894	0.02591	0.73465
V348	0.00349	0.55579	0.06565	0.37508
V349	0.01796	0.54981	0.1596	0.27263
V350	0.00293	0.86366	0.13341	0
V351	1e-05	0.28911	0.08152	0.62935
V352	0.0049	0.19557	0.49801	0.30153
V353	0.03773	0.83964	0.00961	0.11301
V354	0.00444	0.69863	0.14126	0.15567
V355	0.01238	0.41693	0.16223	0.40846
V356	0	0.29741	0.01571	0.68689
V357	0.0049	0.3969	0.09958	0.49862
V358	0.01864	0.56478	0.0153	0.40128
V359	0.02303	0.52627	0.01202	0.43868
V360	0.03497	0.91092	0.00856	0.04555
V361	0	0.44673	0.50466	0.04861
V362	0	0.941	0.01366	0.04534
V363	0.00654	0.34605	0.15906	0.48834
V364	0.01147	0.35589	0.33525	0.29739
V365	0.00673	0.29181	0.00623	0.69523
V366	0.00445	0.56811	0.0391	0.38834
V367	0.0219	0.57564	0.0015	0.40096
V368	0.0061	0.66843	0.04568	0.27979
V369	0.00226	0.48803	0.46699	0.04271
V370	0.02079	0.65606	0.21768	0.10546
V371	0.01233	0.76815	0.01568	0.20385
V372	0.00379	0.25626	0.03096	0.70899
V373	0.00412	0.26314	0.17865	0.55409
V374	0.04163	0.87641	0.08196	0
V375	0.00051	0.24351	0.02893	0.72705
V376	0	0.29843	0.01567	0.6859
V377	0.02698	0.65887	0.00329	0.31085
V378	0	0.22715	0.09084	0.682
V379	0.0109	0.41227	0.00559	0.57124
V380	0.00303	0.34185	0.04132	0.6138
V381	0.02742	0.67083	0.02748	0.27427
V382	0.01045	0.25083	0.69424	0.04448
V383	0.03848	0.73293	0.01615	0.21243
V384	0.02244	0.55921	0.04231	0.37604
V385	0.04042	0.83346	0.02412	0.10199
V386	0.00685	0.35935	0.03089	0.60291
V387	0.03065	0.71358	0.07019	0.18559
V388	0.01608	0.59756	0.05259	0.33377
V389	0.02479	0.79892	0.00514	0.17115
V390	0.02283	0.6786	0.26789	0.03068
V391	0.01237	0.44489	0.00502	0.53772
V392	0.01807	0.56036	0.05695	0.36461
V393	0.014	0.51553	0.13776	0.33271
V394	0.00204	0.36623	0.02376	0.60797
V395	0.01038	0.50412	0.07942	0.40609
V396	0.00035	0.89207	0.00354	0.10405
V397	0.03911	0.83688	0.0387	0.08531
V398	0.01703	0.50515	0.03079	0.44702
V399	0.0107	0.63424	0.07151	0.28355
V400	0	0.28288	0.03028	0.68683
V401	0.00351	0.28881	0.4123	0.29537
V402	0.04697	0.93965	0.01338	0
V403	0	0.19654	0.01533	0.78814
V404	0.00736	0.37304	0.31265	0.30695
V405	0.00462	0.32756	0.03697	0.63084
V406	0.02972	0.76432	0.00669	0.19928
V407	0	0.94942	0.00524	0.04534
V408	0.00414	0.35163	0.14209	0.50214
V409	0	0.06078	0.00856	0.93066
V410	0.00776	0.87728	0.02014	0.09482
V411	0.01217	0.38211	0.00198	0.60374
V412	0.00658	0.32101	0.17219	0.50022
V413	0.00286	0.42772	0.06837	0.50105
V414	0.00238	0.48328	0.15409	0.36025
V415	0.01858	0.45769	0.07798	0.44576
V416	0.00152	0.11005	0.88843	0
V417	0.02609	0.9487	9e-04	0.02432
V418	0.00115	0.32187	0.02532	0.65166
V419	0	0.12149	0.00924	0.86927
V420	0	0.62314	0.01133	0.36553
V421	0.01045	0.34456	0.30205	0.34294
V422	0.00028	0.24527	0.00486	0.7496
V423	0.00953	0.23687	0.63283	0.12078
V424	0	0.00691	0.27826	0.71482
V425	0.00459	0.36711	0.29615	0.33215
V426	0.00814	0.27292	0.4527	0.26624
V427	0.00356	0.36278	0.07769	0.55596
V428	0.00613	0.69735	0.03124	0.26528
V429	0	0.14011	0.01073	0.84916
V430	0.03762	0.80856	0.00604	0.14777
V431	0.00764	0.2642	0.17406	0.5541
V432	0.00183	0.32217	0.00995	0.66605
V433	0.00344	0.54112	0.00114	0.45431
V434	0.00775	0.38861	0.01229	0.59135
V435	0.02083	0.48701	0.03927	0.45289
V436	0.01015	0.40484	0.0278	0.55721
V437	0.00443	0.40722	0.00118	0.58716
V438	0.02218	0.6197	0.01118	0.34694
V439	0	0.30431	0.00263	0.69305
V440	0.0133	0.47961	0.00792	0.49917
V441	0.00394	0.2986	0.22534	0.47212
V442	0.0138	0.54549	0.05097	0.38974
V443	0.0282	0.66807	0.02766	0.27607
V444	0.00159	0.04488	0.95353	0
V445	0.03482	0.74908	0.1395	0.07659
V446	0.0027	0.70996	0.03411	0.25323
V447	0.03046	0.68387	0.0663	0.21937
V448	0	0.26107	0.03618	0.70276
V449	0.02885	0.63189	0.10796	0.2313
V450	0.01273	0.97941	0.00786	0
V451	0.04137	0.91479	0	0.04384
V452	5e-05	0.23227	0.01447	0.7532
V453	0.04029	0.82312	0.02379	0.11279
V454	0	0.86583	0.04542	0.08875
V455	0.03098	0.71315	0.11265	0.14322
V456	0.01496	0.48815	0.13987	0.35702
V457	0	0.06264	0.00688	0.93048
V458	0.00548	0.42347	0.00112	0.56993
V459	0.00107	0.6457	0.0542	0.29903
V460	0.04629	0.91471	0.00816	0.03083
V461	0.00049	0.24407	0.00488	0.75056
V462	0.01099	0.44925	0.00071	0.53905
V463	0.01366	0.62479	0.07188	0.28966
V464	0.01563	0.51373	0.00136	0.46928
V465	0.01797	0.64319	0.01066	0.32818
V466	0.02262	0.61314	0.00205	0.36219
V467	0.02104	0.81578	0.0427	0.12048
V468	0.02634	0.81303	0.02204	0.1386
V469	4e-04	0.22584	0.09299	0.68077
V470	0.0223	0.61495	0.05754	0.30521
V471	0.00631	0.31898	0.01131	0.6634
V472	0.01195	0.49683	3e-04	0.49092
V473	0.00954	0.68078	0.21018	0.0995
V474	0.00199	0.30562	0.01961	0.67278
V475	0.00708	0.42165	0.0348	0.53647
V476	0.0029	0.32187	0.01142	0.66381
V477	0.02443	0.6043	0.06554	0.30574
V478	0.00502	0.51391	0.00297	0.4781
V479	0.00179	0.18229	0.48314	0.33278
V480	0.00181	0.35161	0.01159	0.635
V481	0.01515	0.34498	0.56291	0.07696
V482	0.03763	0.82681	0.04535	0.09021
V483	0.00295	0.26008	0.02069	0.71628
V484	0	0.20404	0.00809	0.78786
V485	0.00616	0.64356	0.00608	0.3442
V486	0.01117	0.42407	0.05085	0.51391
V487	0.0012	0.30179	0.01671	0.68029
V488	0	0.01585	0.55846	0.42569
V489	0.01869	0.47623	0.4349	0.07018
V490	0.01365	0.52261	0.02537	0.43837
V491	0.02728	0.7939	0.01655	0.16226
V492	0.00274	0.86287	0.09793	0.03646
V493	0	0.12231	0.00467	0.87303
V494	0.01096	0.43282	0.21709	0.33914
V495	0.0176	0.81582	0.08146	0.08511
V496	0.0177	0.84052	0	0.14178
V497	0.00148	0.04451	0.90293	0.05108
V498	0.00682	0.41704	0.01098	0.56517
V499	0.03567	0.89198	0.0524	0.01995
V500	0.01033	0.35942	0.46049	0.16975
V501	0	0.05879	0.01189	0.92932
V502	0.03209	0.81845	0.06707	0.08239
V503	0.00483	0.34927	0.04858	0.59731
V504	0.01512	0.7851	0.0062	0.19357
V505	0.00797	0.36057	0.09732	0.53415
V506	0.00472	0.37823	0.17054	0.44652
V507	0.02334	0.62417	0.0405	0.31199
V508	0.03769	0.8441	0.01631	0.10191
V509	0.01005	0.38512	0.16714	0.43769
V510	0.0191	0.79263	0.15613	0.03214
V511	0.00134	0.37372	0.0131	0.61184
V512	0.00545	0.29897	0.02128	0.6743
V513	0.0062	0.64444	0.11978	0.22958
V514	0	0.15001	0.00456	0.84543
V515	0.03308	0.72246	0.01612	0.22834
V516	0.04245	0.94317	0	0.01438
V517	0.00044	0.28735	0.04423	0.66798
V518	0.04683	0.93823	0	0.01494
V519	0.00166	0.67977	0.00343	0.31514
V520	0.00161	0.11716	0.24634	0.63488
V521	0.03631	0.71436	0.16432	0.08501
V522	1e-04	0.21984	0.21413	0.56592
V523	0.01334	0.47688	0.08284	0.42695
V524	0.00044	0.72436	0.13603	0.13917
V525	0.00523	0.41066	0.00606	0.57805
V526	0.0229	0.61827	0.02301	0.33582
V527	0.00965	0.24897	0.16196	0.57942
V528	0.00742	0.81851	0	0.17407
V529	0.00095	0.3086	0.03814	0.65232
V530	0.00052	0.27148	0.36966	0.35835
V531	0.00175	0.90919	0.08906	0
V532	0.00518	0.36023	0.0114	0.62319
V533	0.01152	0.50905	0.04967	0.42976
V534	0.00014	0.17743	0.25174	0.57069
V535	0.01655	0.47572	0.00319	0.50455
V536	0.00757	0.26835	0.13153	0.59255
V537	0.03753	0.84882	0.06867	0.04498
V538	0.01526	0.47193	0.02308	0.48972
V539	0.01304	0.59312	0.06454	0.3293
V540	0.01437	0.80909	0.04187	0.13467
V541	0.00023	0.38716	0.02129	0.59131
V542	0.00718	0.3291	0.08652	0.57719
V543	0.03622	0.77827	0.00265	0.18287
V544	0.00252	0.25323	0.04139	0.70286
V545	0.01136	0.43952	0.02039	0.52873
V546	0.00478	0.91205	0.04834	0.03484
V547	0.00382	0.70118	0.21847	0.07653
V548	0.01355	0.90139	0.05383	0.03123
V549	0.02503	0.54876	0.36366	0.06256
V550	0.01845	0.53966	0	0.44188
V551	0.01268	0.78275	0.0212	0.18338
V552	0	0.25469	0.00401	0.7413
V553	0.01999	0.52128	0.36538	0.09336
V554	0.00044	0.31737	0.00501	0.67718
V555	0.00439	0.308	0.13011	0.55749
V556	0	0.03566	0.78377	0.18057
V557	0.02919	0.71039	0.00276	0.25765
V558	0.00405	0.64188	0.01481	0.33926
V559	0.00059	0.84537	0.15404	0
V560	0.03774	0.94389	0	0.01838
V561	0	0.0215	0.92613	0.05236
V562	0.03452	0.7422	0.03924	0.18405
V563	0.02181	0.46619	0.47712	0.03488
V564	0.00749	0.25047	0.65576	0.08627
V565	0.0052	0.38987	0.13649	0.46844
V566	0.02664	0.64008	0.00149	0.3318
V567	0.00949	0.46418	0.01328	0.51305
V568	0.00407	0.34568	0.01086	0.63939
V569	0.02496	0.59146	0	0.38359
V570	0.00266	0.36502	0.36823	0.2641
V571	0.03964	0.83542	0	0.12494
V572	0.02075	0.55464	0.16771	0.2569
V573	0.00093	0.32228	0.00254	0.67425
V574	0.00359	0.80018	0.12349	0.07275
V575	0	0.26631	0.02433	0.70936
V576	0.01304	0.9028	0.02398	0.06018
V577	0.00045	0.28534	0.03783	0.67638
V578	0.00372	0.2397	0.27189	0.48469
V579	0.00042	0.82376	0.0694	0.10641
V580	0.00249	0.31423	0.02082	0.66246
V581	0.00065	0.31141	0.0014	0.68655
V582	0.02197	0.59715	0.01208	0.36879
V583	2e-04	0.1251	0.23989	0.6348
V584	0.03193	0.73244	0.12926	0.10637
V585	0	0.24061	0.09863	0.66077
V586	0.01645	0.40676	0.30027	0.27652
V587	0.02241	0.47153	0.39292	0.11314
V588	0.02291	0.57876	0.00812	0.39021
V589	0.00446	0.72712	0.03862	0.2298
V590	0.00498	0.82142	0.13789	0.03571
V591	0	0.08815	0.04716	0.86469
V592	0.01729	0.38637	0.59634	0
V593	0.02198	0.54947	0.05492	0.37362
V594	0.02141	0.66553	0.1671	0.14596
V595	0	0.19594	0.00689	0.79717
V596	0.00131	0.32259	0.0672	0.60889
V597	0	0.42916	0.22123	0.34961
V598	0.00255	0.20448	0.70109	0.09188
V599	0.03319	0.87863	0.01377	0.07441
V600	0.01769	0.67453	0.02211	0.28567
V601	0.00486	0.34311	0.02791	0.62412
V602	0	0.17947	0.00549	0.81505
V603	0	0.27038	0.00543	0.72419
V604	0.03261	0.71596	0.1621	0.08932
V605	0.00378	0.39073	0.15555	0.44994
V606	0.03342	0.73943	0.0034	0.22375
V607	0.02458	0.5837	0.03487	0.35685
V608	0.00892	0.39876	0.13698	0.45535
V609	0.00089	0.25684	0.07626	0.66601
V610	0.0319	0.70855	0.02947	0.23008
V611	0.00739	0.30723	0.01521	0.67017
V612	0.00286	0.21828	0.4986	0.28027
V613	0.00393	0.42967	0.3896	0.17681
V614	0.03072	0.71235	0.01563	0.2413
V615	0.0022	0.30672	0.00257	0.6885
V616	0.00409	0.5578	0.02208	0.41604
V617	0.03383	0.76623	0.19994	0
V618	0.02531	0.60433	0	0.37035
V619	0.01651	0.41691	0.10846	0.45811
V620	0.00067	0.70489	0.25454	0.0399
V621	0.01697	0.51376	0.0559	0.41338
V622	0.02417	0.66836	0.20563	0.10183
V623	0	0.2638	0.02775	0.70846
V624	0.04056	0.91114	0	0.0483
V625	0.01279	0.6165	0.03999	0.33071
V626	0.0461	0.92339	0	0.03052
V627	0	0.08323	0.01808	0.89869
V628	0	0.17622	0.00574	0.81804
V629	0.00516	0.36359	0.10333	0.52792
V630	0.00377	0.42159	0.36798	0.20665
V631	7e-05	0.23998	0.02791	0.73204
V632	0.0218	0.54137	0.03968	0.39714
V633	0	0.08033	0.44795	0.47172
V634	0.02802	0.75789	0.18621	0.02787
V635	0.00147	0.52742	0.00473	0.46639
V636	0.00754	0.35941	0.26804	0.36502
V637	0.0094	0.45145	0.02471	0.51444
V638	0.01513	0.50736	0.02608	0.45143
V639	0.02244	0.7862	0.19136	0
V640	0.00406	0.28168	0.49702	0.21724
V641	0.03856	0.85707	0.00725	0.09712
V642	0.03584	0.82321	0	0.14094
V643	0.00013	0.20189	0.18921	0.60877
V644	0.04176	0.92825	0	0.02999
V645	0.01988	0.7212	0.17351	0.08541
V646	0.00041	0.95942	0.00346	0.03671
V647	0.0122	0.37592	0.39595	0.21593
V648	0.0253	0.81482	0.06786	0.09202
V649	0.00313	0.1841	0.55717	0.2556
V650	0.00558	0.26861	0.45729	0.26852
V651	0.02551	0.53139	0.41113	0.03197
V652	0.00483	0.21926	0.17902	0.59688
V653	0.00691	0.62736	0.04943	0.3163
V654	0.03496	0.81974	0.02313	0.12217
V655	0.00145	0.42571	0.00893	0.56391
V656	0.00516	0.38569	0.00427	0.60487
V657	0	0.20421	0.00536	0.79043
V658	0.02411	0.68271	0.02084	0.27234
V659	0.01365	0.44247	0.12288	0.42101
V660	0.00237	0.89738	0	0.10024
V661	0.0023	0.34704	0.01985	0.63081
V662	0.02144	0.52594	0.18239	0.27023
V663	0.01421	0.43887	0.23058	0.31634
V664	0.0152	0.43086	0.37294	0.181
V665	0.03178	0.76689	0.01529	0.18604
V666	0.02425	0.50661	0.03237	0.43678
V667	0.04192	0.89015	0.06793	0
V668	0.01161	0.93111	0.05728	0
V669	0.01258	0.59632	0.10652	0.28458
V670	0.0068	0.89917	0	0.09403
V671	0.01829	0.62658	0.10371	0.25143
V672	0.00242	0.11683	0.71288	0.16787
V673	0.01091	0.52714	0.08849	0.37347
V674	0.02918	0.73002	0.0054	0.2354
V675	0.00597	0.41214	0.1271	0.45479
V676	0.00014	0.29715	0.02007	0.68264
V677	0.01802	0.66166	0.03962	0.2807
V678	0.03039	0.94362	0.00422	0.02177
V679	0.00585	0.45088	0.4606	0.08268
V680	0.02092	0.82614	0.07521	0.07772
V681	0.0405	0.89943	0.00216	0.05791
V682	0.0101	0.50173	0.33052	0.15765
V683	0.00044	0.98918	0.01038	0
V684	0.03518	0.80472	0.03694	0.12316
V685	0.02829	0.7941	0.05562	0.12199
V686	0.00208	0.35676	0.03118	0.60998
V687	0	0.17793	0.00694	0.81513
V688	0.01671	0.69095	0	0.29234
V689	0.00447	0.34776	0.00939	0.63838
V690	0.02536	0.62504	0.18002	0.16958
V691	0.01659	0.35762	0.58642	0.03937
V692	0.00697	0.33241	0.40469	0.25592
V693	0.0097	0.35136	0.13445	0.50449
V694	0	0.20128	0.05746	0.74126
V695	0.00539	0.32745	0.03482	0.63234
V696	0.00078	0.35538	0.00245	0.64139
V697	0	0.14827	0.00603	0.8457
V698	0.03123	0.6838	0.00316	0.28181
V699	0.02776	0.74262	0.02686	0.20275
V700	0.00408	0.34236	0.00237	0.65119
V701	0.00487	0.48447	0.04327	0.46739
V702	0.02301	0.51366	0.00519	0.45814
V703	0.00618	0.2482	0.18599	0.55963
V704	0.036	0.74974	0.00797	0.20629
V705	0.04495	0.89259	0.00253	0.05993
V706	0.00665	0.26787	0.41312	0.31236
V707	0.00368	0.50188	0.32584	0.16861
V708	0.00261	0.72978	0.01306	0.25456
V709	0.00967	0.47328	0.26455	0.2525
V710	0.02298	0.67108	0.01718	0.28877
V711	0.00757	0.80952	0.05962	0.1233
V712	0.03334	0.73512	0.00063	0.2309
V713	0.01727	0.58248	0.01271	0.38754
V714	0	0.43604	0.00967	0.55428
V715	0.01844	0.64299	0.14511	0.19347
V716	5e-05	0.23761	0.01026	0.75209
V717	0.00711	0.92859	0	0.06431
V718	0.00821	0.5938	0.08491	0.31308
V719	0.00352	0.52152	0.02012	0.45484
V720	0.03383	0.72548	0.08338	0.15732
V721	0.00537	0.34285	0.16825	0.48352
V722	0.00279	0.31594	0.00627	0.675
V723	0.00189	0.31664	0.00256	0.67891
V724	0.02317	0.52608	0.02655	0.4242
V725	0	0.09996	0.72143	0.17861
V726	0.00129	0.31605	0.04094	0.64172
V727	0.02023	0.89699	0.05391	0.02887
V728	0.00268	0.89036	0.07049	0.03646
V729	0.01277	0.43255	0.04332	0.51137
V730	0.0407	0.88785	0.01303	0.05842
V731	0.00124	0.24671	0.15029	0.60176
V732	0.01435	0.45384	0.11783	0.41398
V733	0.02527	0.67161	0.01178	0.29134
V734	0.0199	0.66315	0.28453	0.03242
V735	0.00067	0.15616	0.18162	0.66156
V736	0.00189	0.32085	0.00248	0.67478
V737	0.01585	0.56485	0.09195	0.32735
V738	0.00532	0.41265	0.20627	0.37576
V739	0	0	0.27802	0.72198
V740	0.04911	0.88806	0.02617	0.03666
V741	0.01992	0.52571	0.04064	0.41372
V742	0.02982	0.96478	0.0054	0
V743	0.01294	0.4293	0.45563	0.10213
V744	0.02515	0.60503	0.1224	0.24742
V745	0.00102	0.5622	0.09759	0.3392
V746	0.04526	0.94047	0	0.01426
V747	0.00326	0.23024	0.24887	0.51763
V748	0.00623	0.34161	0.21997	0.43218
V749	0.00732	0.39865	0.0143	0.57973
V750	0.02128	0.68168	0.00863	0.28841
V751	0.0038	0.76403	0.02495	0.20721
V752	0.01874	0.59103	0.04513	0.3451
V753	0	0.12383	0.00464	0.87153
V754	0.00019	0.75887	0	0.24094
V755	0.00616	0.32823	0.12936	0.53626
V756	0	0.19439	0.01115	0.79446
V757	0.02267	0.84637	0.03364	0.09732
V758	0.00364	0.67216	0.07087	0.25333
V759	0.0048	0.27128	0.13766	0.58626
V760	0.01207	0.36051	0.09655	0.53087
V761	0.00527	0.57839	0.14136	0.27499
V762	0	0.20128	0.00635	0.79237
V763	0.01513	0.56636	0.01064	0.40788
V764	2e-04	0.75551	0.00346	0.24084
V765	0.02561	0.61233	0	0.36207
V766	0.00086	0.30546	0.18662	0.50705
V767	0.0203	0.57585	0.07935	0.32449
V768	0.00524	0.88209	0.01479	0.09788
V769	0.01249	0.90733	0.01904	0.06115
V770	0.00041	0.95942	0.00346	0.03671
V771	0.01679	0.37222	0.53584	0.07515
V772	0.01478	0.36882	0.57652	0.03988
V773	0.01341	0.92537	0.00209	0.05913
V774	0.00243	0.09572	0.73419	0.16766
V775	0.00248	0.3314	0.05754	0.60857
V776	0.02211	0.69395	0.02286	0.26108
V777	0.00343	0.36071	0.02921	0.60665
V778	0.02271	0.68326	0.02507	0.26896
V779	0.0071	0.27607	0.18129	0.53554
V780	0.01145	0.8966	0.09196	0
V781	0.00028	0.23986	0.00756	0.75231
V782	0.00077	0.20624	0.50566	0.28733
V783	0.02857	0.69502	0.01454	0.26186
V784	0.01045	0.94981	0.0081	0.03164
V785	0.0033	0.88812	0.00913	0.09945
V786	0.03784	0.82391	0.03369	0.10457
V787	0	0.80559	0.14912	0.0453
V788	0.02873	0.78583	0.06546	0.11998
V789	0.00208	0.35751	0.00892	0.63149
V790	0.01283	0.4703	0.01709	0.49978
V791	0.00667	0.4683	0.13847	0.38656
V792	0.00475	0.46347	0.00364	0.52814
V793	0.00601	0.54197	0.01908	0.43294
V794	0.00474	0.25319	0.446	0.29607
V795	0.00188	0.31329	0.01167	0.67316
V796	0.00371	0.19951	0.66723	0.12955
V797	0.04138	0.82949	0.09088	0.03825
V798	0.03321	0.87749	0.03173	0.05757
V799	0.00887	0.73718	0.01643	0.23752
V800	0.0042	0.1576	0.21333	0.62488
V801	0.00501	0.29918	0.11133	0.58448
V802	7e-04	0.30743	0.05815	0.63372
V803	0.01926	0.81214	0.1686	0
V804	0.03	0.64517	0.15662	0.16821
V805	0.00162	0.03226	0.96612	0
V806	0.00406	0.83278	0.00869	0.15447
V807	0.00541	0.40148	0.00789	0.58522
V808	0.03484	0.85941	0.017	0.08876
V809	0.00585	0.15674	0.83741	0
V810	0.00041	0.96297	0	0.03662
V811	0.01781	0.46276	0.06834	0.45109
V812	0.02154	0.66793	0.0174	0.29314
V813	0.03621	0.79835	0.08221	0.08322
V814	0.03082	0.92087	0.02354	0.02478
V815	0	0.88071	0.07303	0.04626
V816	0.04422	0.93602	0.01976	0
V817	0.00393	0.18641	0.71762	0.09204
V818	0	0.08815	0.01155	0.9003
V819	0.04311	0.84255	0.01828	0.09606
V820	0.00201	0.32883	0.00528	0.66388
V821	0.01415	0.56068	0.19183	0.23334
V822	0.00854	0.22233	0.64579	0.12333
V823	0.00248	0.2913	0.37289	0.33333
V824	0.01128	0.58518	0.40354	0
V825	0.00885	0.45217	0.08968	0.4493
V826	0.02813	0.84338	0.07743	0.05106
V827	0.02436	0.8795	0.00513	0.09101
V828	0.00523	0.3807	0.02788	0.58618
V829	8e-04	0.26594	0.01261	0.72066
V830	0.00425	0.41014	0.00608	0.57953
V831	0.03285	0.74563	0.01068	0.21083
V832	0.01187	0.56418	0.06443	0.35952
V833	0.00674	0.52323	0.07541	0.39462
V834	0.00669	0.36441	0.0183	0.61059
V835	0.01934	0.70827	0.05254	0.21984
V836	0	0.41813	0.00384	0.57804
V837	0.01007	0.49245	0.07371	0.42377
V838	0.04284	0.93468	0.00787	0.01461
V839	0.02136	0.89539	0.05595	0.0273
V840	0.02235	0.97654	0.0011	0
V841	0	0.04879	0.66662	0.28458
V842	0.01562	0.48547	0.09403	0.40488
V843	0.00183	0.15102	0.53384	0.31331
V844	0.00448	0.28165	0.13124	0.58263
V845	0.0065	0.2996	0.43059	0.2633
V846	0	0.0795	0.31332	0.60718
V847	0	0.05934	0.00696	0.93371
V848	0.00406	0.47301	0.06466	0.45827
V849	0	0.79421	0.0053	0.20049
V850	0.0443	0.92404	0.00221	0.02945
V851	0.02441	0.89051	0.08508	0
V852	0.00181	0.31069	0.02413	0.66337
V853	0.01323	0.48974	0.16872	0.32831
V854	0.02305	0.66994	0.03534	0.27167
V855	0	0.05934	0.00696	0.93371
V856	0.00252	0.36961	0.13516	0.49271
V857	0.02887	0.70325	0.01131	0.25658
V858	0.0373	0.72566	0.21285	0.02419
V859	0.03112	0.76086	0.0068	0.20123
V860	0.00426	0.29295	0.01575	0.68703
V861	0.01041	0.54224	0.36943	0.07792
V862	0.01161	0.37419	0.42279	0.19141
V863	0.00347	0.33994	0.00107	0.65551
V864	0.00063	0.31242	0.00887	0.67808
V865	0.0027	0.27985	0.0594	0.65805
V866	0.04039	0.82029	0.10037	0.03895
V867	0.0377	0.84652	0.09714	0.01865
V868	0.02641	0.72014	0.05473	0.19872
V869	0.0015	0.95933	0.00326	0.03592
V870	0.00277	0.36421	0.00661	0.62641
V871	0	0.79421	0.0053	0.20049
V872	0	0.15289	0.05282	0.79428
V873	0.03986	0.8737	0.01556	0.07089
V874	0.01595	0.96579	0.01826	0
V875	0	0.323	0.04285	0.63415
V876	0.0107	0.50552	0.20635	0.27742
V877	0.00256	0.38815	0.11342	0.49587
V878	0.01196	0.94352	0.04452	0
V879	0.01155	0.72078	0.02381	0.24386
V880	0.01362	0.6457	0.00196	0.33872
V881	0.00725	0.30953	0.22209	0.46113
V882	0.03936	0.75628	0.04487	0.15949
V883	0.02423	0.64244	0.33333	0
V884	6e-05	0.25432	0.00311	0.74251
V885	0.04075	0.92223	0.03702	0
V886	0.00106	0.36876	0.22082	0.40935
V887	0.02497	0.62609	0.05048	0.29846
V888	0.00794	0.29295	0.38001	0.3191
V889	0.04126	0.90974	0.00493	0.04407
V890	0.00216	0.28614	0.23386	0.47784
V891	0.03284	0.74913	0.11097	0.10706
V892	0.00598	0.41845	0.00268	0.57288
V893	0.03393	0.74697	0.06311	0.156
V894	0.00695	0.45757	0.36708	0.1684
V895	0.02178	0.62022	0.0608	0.2972
V896	0.00329	0.89396	0.00313	0.09962
V897	0.0311	0.83036	0.00026	0.13827
V898	0.01244	0.43696	0.0018	0.54879
V899	0.00039	0.29246	0.03294	0.67421
V900	0.00373	0.37643	0.12975	0.49009
V901	0.00212	0.6312	0.00312	0.36357
V902	0.00471	0.92518	0.03539	0.03472
V903	6e-04	0.44314	0.34497	0.21129
V904	0.0015	0.96247	0	0.03603
V905	0.00242	0.30848	0.03188	0.65722
V906	0.01541	0.42965	0.03555	0.51939
V907	0.02577	0.81588	0.00881	0.14955
V908	0	0.21315	0.01376	0.77309
V909	0.00878	0.75631	0	0.23491
V910	0.00279	0.31431	0.02237	0.66053
V911	0.02597	0.78692	0.01438	0.17273
V912	0.01638	0.59911	0.04646	0.33805
V913	0.00154	0.25732	0.00471	0.73643
V914	0.01381	0.6825	0.16144	0.14225
V915	0.00377	0.33261	0.00243	0.66119
V916	0.01986	0.46544	0.3424	0.1723
V917	0.03302	0.71919	0.05659	0.1912
V918	0.00365	0.57595	0.12548	0.29492
V919	0.00747	0.40735	0.10527	0.47991
V920	0.02913	0.72126	0.03554	0.21407
V921	0.00014	0.30854	0.00721	0.68411
V922	0.00867	0.58337	0.22714	0.18082
V923	0.00085	0.30567	0.00764	0.68584
V924	0.00349	0.68639	0.17625	0.13386
V925	0.00311	0.33145	0.00389	0.66155
V926	0.00342	0.33369	0.00673	0.65616
V927	0	0.19965	0.01241	0.78795
V928	0.00353	0.7621	0.00299	0.23139
V929	0.00325	0.52092	0.05806	0.41777
V930	0.02473	0.72425	0.01434	0.23668
V931	0.00965	0.47993	0.25794	0.25247
V932	0.00205	0.25861	0.21834	0.52101
V933	0.03589	0.9176	0.00393	0.04258
V934	0	0.25591	0.06266	0.68143
V935	0.03185	0.712	0.08359	0.17257
V936	0.02142	0.63545	0.00697	0.33617
V937	0.0197	0.57359	0.02681	0.3799
V938	0.01555	0.41949	0.10518	0.45977
V939	0.02815	0.67347	0.02277	0.27561
V940	0.00238	0.73652	0.10056	0.16053
V941	0	0.01107	0.93647	0.05246
V942	0.03995	0.87564	0.02803	0.05638
V943	0.02503	0.60588	0.20345	0.16564
V944	1e-05	0.30549	0.01671	0.67779
V945	0.02777	0.7656	0.00394	0.2027
V946	0.02818	0.74247	0.11589	0.11346
V947	0.00208	0.23598	0.0544	0.70754
V948	0.0252	0.55635	0.33526	0.08319
V949	0	0.16442	0.04348	0.7921
V950	0.0033	0.46799	0.09067	0.43804
V951	0.04467	0.87913	0.05865	0.01756
V952	0.00208	0.30104	0.06639	0.63049
V953	0.00238	0.14721	0.6857	0.16471
V954	0.00076	0.29523	0.03278	0.67123
V955	0.00473	0.51219	0.01183	0.47126
V956	0.00205	0.16187	0.19784	0.63824
V957	0.00783	0.33241	0.00241	0.65735
V958	0	0.12231	0.00467	0.87303
V959	0.01489	0.5419	0.21122	0.23198
V960	0.00652	0.43738	0.02329	0.53281
V961	0.00744	0.49616	0.15406	0.34234
V962	0.02094	0.58612	0.18496	0.20798
V963	0.03114	0.71927	0.06119	0.1884
V964	0.04677	0.83085	0.03804	0.08434
V965	0.00296	0.44132	0.07458	0.48115
V966	0.04626	0.92293	0	0.03081
V967	0.00364	0.17761	0.21213	0.60662
V968	0	0.14595	0.54258	0.31147
V969	0	0.24858	0.01193	0.7395
V970	0.00198	0.21009	0.16544	0.62249
V971	0.02767	0.62225	0.13792	0.21216
V972	0.01933	0.57667	0.01694	0.38706
V973	0.01048	0.52743	0.02831	0.43379
V974	2e-04	0.63202	0.07664	0.29114
V975	0.01141	0.52306	0.4279	0.03763
V976	0.01907	0.57424	0.04111	0.36557
V977	0.02306	0.75903	0.18826	0.02965
V978	0.00095	0.30647	0.01344	0.67914
V979	0.04652	0.86279	0.07223	0.01846
V980	0.04526	0.94047	0	0.01426
V981	0.01336	0.44574	0.13736	0.40354
V982	0.0221	0.71231	0.03333	0.23226
V983	0.02643	0.62243	0.00147	0.34967
V984	0.00136	0.75928	0.07551	0.16385
V985	0.00185	0.26325	0.00476	0.73015
V986	0.01626	0.6897	0.02378	0.27026
V987	0.01789	0.90192	0	0.08018
V988	0.0037	0.33466	0.00385	0.6578
V989	0.02912	0.85947	0.0399	0.07151
V990	0	0.08072	0.41425	0.50503
V991	0.03785	0.9226	0	0.03956
V992	0.00857	0.31936	0.17715	0.49492
V993	0.0058	0.71043	0.10427	0.1795
V994	0.01486	0.90936	0.0176	0.05818
V995	0.02827	0.71679	0.00996	0.24498
V996	0.00641	0.3251	0.0058	0.66269
V997	0.00133	0.18224	0.39846	0.41797
V998	0.04055	0.83555	0.02133	0.10256
V999	0.0109	0.95754	0	0.03156
V1000	0.0078	0.32242	0.0025	0.66728
