Neutrophils	Monocytes_CD14.CD16.	Macrophage	T_cells_.CD4..	NK_cells
V1	0.37201	0.09958	0.24688	0.13735	0.14418
V2	0.07957	0.77137	0.03303	0.04962	0.06641
V3	0.08315	0	0.43104	0.42604	0.05977
V4	0.01781	0	0.23394	0.10122	0.64703
V5	0.01858	0	0.05125	0.15766	0.77251
V6	0.37557	0	0.26715	0.23036	0.12693
V7	0.02279	0	0.43153	0.10437	0.44131
V8	0.01951	0	0.88125	0.06048	0.03876
V9	0.07168	0	0.24425	0.61864	0.06543
V10	0.51248	0	0.45658	0	0.03093
V11	0.04555	0	0.10005	0.12046	0.73393
V12	0.09563	0	0.2105	0.33117	0.3627
V13	0.15286	0.02315	0.03145	0.44221	0.35032
V14	0.17368	0	0.05856	0.63605	0.13172
V15	0.0432	0.00843	0	0.84822	0.10015
V16	0.60351	0.05131	0.00085	0.30566	0.03867
V17	0.08621	0.23068	0.00769	0.09909	0.57632
V18	0.11339	0.40324	0.24027	0.19884	0.04426
V19	0.03481	0	0	0.17128	0.79392
V20	0.00535	0	0.72082	0.22091	0.05291
V21	0.04114	0.24003	0.12404	0.19048	0.40431
V22	0.86165	0.05199	0.056	0	0.03036
V23	0.09156	0	0.01616	0.18734	0.70495
V24	0.49832	0.09804	0.00939	0.05864	0.33562
V25	0.04189	0.00549	0.01144	0.45528	0.4859
V26	0.51751	0.18301	0.0492	0.04284	0.20744
V27	0.15155	0.48902	0.1684	0.01136	0.17968
V28	0.05183	0.05088	0.19227	0.61546	0.08956
V29	0.01478	0	0.31306	0.5973	0.07486
V30	0.78309	0.0806	0.01597	0.01411	0.10623
V31	0.4556	0.12449	0.00034	0.2335	0.18607
V32	0.94479	0	0	0	0.05521
V33	0.0405	0.1798	0.00962	0.16105	0.60903
V34	0.14043	0.82595	0	0	0.03362
V35	0.12092	0.5997	0.23439	0.01578	0.02921
V36	0.04627	0.14972	0.16571	0.12798	0.51032
V37	0.77128	0	0	0.01183	0.21688
V38	0.14567	0	0.47727	0.20887	0.16819
V39	0.37325	0	0.33368	0.01882	0.27425
V40	0.25059	0.60012	0	0.09133	0.05797
V41	0.07414	0.82954	0	0.00353	0.09279
V42	0.91331	0.00559	0.01128	0	0.06982
V43	0.537	0.0885	0.34344	0.00445	0.02661
V44	0.05701	0.25848	0.55768	0	0.12683
V45	0.06401	0.65934	0.07588	0.13059	0.07019
V46	0.13922	0.74855	0.04809	0.0206	0.04355
V47	0.00587	0	0.95132	0	0.04282
V48	0.19569	0.10163	0.21252	0.33545	0.15472
V49	0.51218	0.11613	0.21528	0.12343	0.03297
V50	0.03589	0	0.93183	0	0.03229
V51	0.13032	0.2443	0.18954	0.08452	0.35131
V52	0.07612	0.88536	0	0.00173	0.03679
V53	0.05007	0.15758	0.00016	0.71369	0.0785
V54	0.2304	0	0	0.55495	0.21465
V55	0.08941	0	0	0.82346	0.08713
V56	0.08399	0	0	0.74553	0.17048
V57	0.18954	0.08646	0.56922	0.02058	0.13421
V58	0.07642	0	0.1236	0.24805	0.55193
V59	0.90197	0	0.07733	0	0.0207
V60	0.46637	0.18136	0.1116	0.11918	0.12149
V61	0.21139	0	0.01703	0.26197	0.50961
V62	0.07479	0	0.29801	0.17199	0.4552
V63	0.43592	0.23968	0.04966	0.04084	0.2339
V64	0.9677	0	0.00975	0	0.02255
V65	0.1086	0.05947	0.03139	0.61829	0.18225
V66	0.04294	0	0.12035	0.75239	0.08432
V67	0.01586	0	0.33622	0.13673	0.51119
V68	0.50296	0	0.384	0.02259	0.09045
V69	0.64862	0.08393	0.19053	0.00518	0.07175
V70	0.08687	0.69687	0.02442	0.14112	0.05072
V71	0.12014	0.76557	0.02387	0.051	0.03942
V72	0.06217	0.38924	0.01445	0.06901	0.46513
V73	0.07283	0	0.08931	0.58864	0.24921
V74	0.03404	0.04627	0.00287	0.77136	0.14547
V75	0.52048	0.15109	0.29823	0	0.0302
V76	0.02718	0	0.01044	0.82547	0.13691
V77	0.02724	0	0.91133	0.02405	0.03738
V78	0.00962	0	0.94555	0	0.04483
V79	0.10527	0.38807	0.02809	0.16025	0.31832
V80	0.14775	0.70804	0	0.04671	0.0975
V81	0.0173	0	0.94883	0	0.03387
V82	0.26179	0.14238	0.01831	0.51505	0.06247
V83	0.1201	0.05762	0.01469	0.55426	0.25333
V84	0.11526	0.14426	0.00016	0.10948	0.63084
V85	0.00637	0	0.95583	0	0.03779
V86	0.04833	0.22786	0.2903	0.37552	0.05799
V87	0.48375	0	0.02954	0.42695	0.05976
V88	0.3428	0.13875	0.04276	0.20945	0.26624
V89	0.0671	0.05724	0.81882	0.02226	0.03458
V90	0.03833	0.159	0.05288	0.15747	0.59231
V91	0.02555	0	0.07019	0.81797	0.08629
V92	0.26885	0.00451	0.02378	0.10461	0.59826
V93	0.03178	0.05912	0.15489	0.53007	0.22414
V94	0.05945	0.14885	0.01637	0.28387	0.49147
V95	0.0847	0.21117	0.01544	0.15272	0.53597
V96	0.83026	0	0.00982	0.01898	0.14094
V97	0.18556	0	0.04067	0.17166	0.60211
V98	0.07948	0.35737	0.16776	0.1391	0.2563
V99	0.54219	0.10801	0	0.21569	0.13411
V100	0.5757	0.13746	0.0406	0.0552	0.19104
V101	0.08496	0.87835	0	0.00085	0.03583
V102	0.3472	0.2197	0.12407	0.11201	0.19701
V103	0.13336	0	0	0.12127	0.74536
V104	0.07228	0.39745	0.0734	0.0622	0.39468
V105	0.02279	0	0.03589	0.16753	0.77379
V106	0.07731	0.73899	0.12578	0.00111	0.05681
V107	0.07407	0.1792	0.67592	0.03145	0.03935
V108	0.03732	0.13462	0.79797	0	0.03009
V109	0.08311	0.19485	0.04844	0.30679	0.36681
V110	0.20729	0.48814	0.16462	0.09668	0.04326
V111	0.32673	0.18954	0.46476	0	0.01897
V112	0.19345	0	0.09092	0.48582	0.22981
V113	0.25651	0	0.09167	0.19321	0.45862
V114	0.61278	0.04699	0.0402	0.1701	0.12992
V115	0.8896	0	0	0	0.1104
V116	0.02106	0	0	0.14443	0.83451
V117	0.06219	0	0.81151	0.06948	0.05682
V118	0.05851	0	0	0.83633	0.10516
V119	0.36443	0	0.37952	0.22252	0.03352
V120	0.01421	0	0.81497	0.10179	0.06903
V121	0.21656	0.69763	0	0.0051	0.08071
V122	0.06024	0.37348	0.07292	0.247	0.24636
V123	0.53477	0.00766	0.06793	0.19796	0.19169
V124	0.24227	0.08355	0.05511	0.25476	0.36431
V125	0.06648	0.42217	0.47619	0	0.03517
V126	0.18637	0.15601	0.21203	0.13835	0.30723
V127	0.30576	0	0.63348	0.02962	0.03114
V128	0.22478	0.73532	0	0	0.0399
V129	0.30448	0	0.26429	0.18985	0.24138
V130	0.05737	0.49327	0.02794	0.2302	0.19122
V131	0.03093	0	0.21592	0.68064	0.07251
V132	0.37493	0	0	0.35527	0.2698
V133	0.02261	0.00886	0.5664	0.11103	0.2911
V134	0.0886	0	0.788	0.0162	0.10719
V135	0.04428	0.05383	0.74295	0.02408	0.13486
V136	0.97526	0	0	0	0.02474
V137	0.94058	0	0	0.01168	0.04774
V138	0.28166	0.11591	0.07182	0.16638	0.36422
V139	0.13513	0	0.13993	0.65251	0.07243
V140	0.03256	0	0.14745	0.11299	0.707
V141	0.04068	0.18141	0.64898	0.08578	0.04315
V142	0.23152	0	0.31529	0.15253	0.30066
V143	0.04087	0.16141	0.48163	0.1508	0.16529
V144	0.5416	0.19605	0.05598	0.1108	0.09558
V145	0.00937	0	0.93452	0.00169	0.05442
V146	0.05949	0.32939	0	0.32787	0.28324
V147	0.12449	0.01877	0.69669	0.09702	0.06303
V148	0.17897	0.75536	0	0.02129	0.04438
V149	0.02854	0	0	0.83918	0.13228
V150	0.17707	0.15327	0.58181	0	0.08785
V151	0.45808	0	0	0.40039	0.14153
V152	0.02951	0	0.09995	0.73257	0.13796
V153	0.20674	0.14699	0.45539	0.04856	0.14232
V154	0.14602	0.58218	0.00932	0.04524	0.21723
V155	0.05314	0	0.11952	0.74413	0.08321
V156	0.12155	0	0.39789	0.17811	0.30245
V157	0.1173	0.00926	0.16588	0.31773	0.38983
V158	0.2162	0	0.43569	0.06391	0.28419
V159	0.13848	0.20601	0.00403	0.56138	0.09011
V160	0.49902	0.1332	0.08496	0.05422	0.22859
V161	0.23872	0	0.05424	0.09038	0.61667
V162	0.01047	0	0.95404	0	0.03549
V163	0.06266	0	0.00419	0.15685	0.7763
V164	0.9534	0.02183	0.00593	0	0.01884
V165	0.64576	0.1879	0.07106	0.0358	0.05948
V166	0.06707	0	0.22183	0.57898	0.13212
V167	0.0644	0.63329	0.00293	0.13432	0.16506
V168	0.01047	0	0.95404	0	0.03549
V169	0.08401	0.66877	0.1348	0.06703	0.0454
V170	0.27603	0.36887	0.04066	0.18589	0.12855
V171	0.35498	0.04331	0.35803	0.16905	0.07463
V172	0.21047	0.20176	0.0636	0.0755	0.44866
V173	0.24171	0.07692	0.08163	0.40817	0.19157
V174	0.23189	0	0.33807	0.21403	0.21601
V175	0.1004	0.11713	0.11461	0.2271	0.44077
V176	0.39006	0	0	0.55217	0.05777
V177	0.22858	0	0.56838	0.16285	0.04019
V178	0.32483	0	0.46139	0.10994	0.10383
V179	0.10967	0	0	0.12589	0.76444
V180	0.03639	0	0.34603	0.07706	0.54052
V181	0.08802	0.2571	0	0.12522	0.52967
V182	0.59091	0.20421	0	0.14288	0.062
V183	0.09401	0.86579	0	0	0.0402
V184	0.34866	0	0.27952	0.31177	0.06005
V185	0.1309	0.47049	0.00982	0.15754	0.23126
V186	0.16105	0.15993	0.02114	0.28599	0.37189
V187	0.10574	0.65998	0	0.1871	0.04718
V188	0.88105	0	0.02395	0.06647	0.02853
V189	0.48663	0.21963	0.02292	0.22963	0.0412
V190	0.46642	0.02626	0.2133	0.03346	0.26056
V191	0.2426	0.20144	0	0.4098	0.14615
V192	0.35882	0.1653	0.11482	0.21278	0.14827
V193	0.09891	0.17008	0.52196	0.04604	0.163
V194	0.29917	0.01592	0.08295	0.15458	0.44738
V195	0.61907	0.13535	0.22377	0	0.02181
V196	0.0151	0	0.04895	0.15866	0.77729
V197	0.09327	0.84123	0	0.02353	0.04197
V198	0.25991	0.20398	0.02635	0.22538	0.28438
V199	0.7966	0	0.19527	0	0.00812
V200	0.795	0	0.01181	0.02367	0.16952
V201	0.052	0	0.01137	0.70366	0.23297
V202	0.94561	0.02788	0	0	0.02651
V203	0.56608	0.23038	0.01525	0.05316	0.13513
V204	0.37729	0.04728	0.02861	0.06235	0.48448
V205	0.13836	0	0.11565	0.15198	0.594
V206	0.06742	0.08257	0	0.74056	0.10946
V207	0.0432	0.00843	0	0.84822	0.10015
V208	0.19425	0.18205	0.47278	0.04209	0.10882
V209	0.18084	0	0.0917	0.11651	0.61095
V210	0.00568	0	0.94922	0	0.0451
V211	0.18067	0	0.19896	0.0965	0.52387
V212	0.08876	0.7402	0.05721	0.03577	0.07806
V213	0.11146	0	0.04864	0.31692	0.52298
V214	0.05245	0.5269	0.36438	0.00493	0.05134
V215	0.28642	0.19667	0.12667	0.10399	0.28625
V216	0.07836	0	0.33367	0.10183	0.48614
V217	0.02312	0	0.01612	0.80308	0.15769
V218	0.10183	0.16012	0.27517	0.33908	0.12379
V219	0.16233	0.24164	0.37118	0.18274	0.04211
V220	0.21674	0.70979	0.03974	0	0.03373
V221	0.06876	0.01706	0.51164	0.04766	0.35488
V222	0.03106	0	0	0.1494	0.81954
V223	0.56612	0	0.29508	0.1026	0.03621
V224	0.06951	0.53775	0.01171	0.10731	0.27371
V225	0.74193	0.12941	0.11181	0	0.01685
V226	0.47686	0.49585	0	0	0.02729
V227	0.1186	0.24598	0	0.54572	0.0897
V228	0.63549	0	0.25612	0.05519	0.0532
V229	0.30713	0.36904	0.24166	0.03093	0.05124
V230	0.02734	0	0	0.14971	0.82294
V231	0.09258	0.59364	0.04219	0.16425	0.10734
V232	0.82878	0	0.16112	0	0.0101
V233	0.07685	0	0.14387	0.17457	0.60471
V234	0.04618	0.3574	0.1959	0.33133	0.06919
V235	0.97363	0	0	0.00146	0.02491
V236	0.09806	0	0.63199	0.18714	0.08281
V237	0.15581	0.044	0.2581	0.33143	0.21066
V238	0.02163	0	0	0.35638	0.62199
V239	0.0946	0.39044	0.03651	0.19772	0.28074
V240	0.09249	0.81342	0	0.01498	0.07911
V241	0.07595	0.88256	0	0	0.04148
V242	0.06274	0.2974	0.279	0.26601	0.09485
V243	0.51955	0	0.31035	0.02525	0.14486
V244	0.05908	0.38859	0.17705	0.10597	0.26931
V245	0.07464	0.86239	0.01201	0.01534	0.03562
V246	0.64223	0.24337	0.01481	1e-05	0.09957
V247	0.23484	0.05109	0.61994	0.03847	0.05565
V248	0.1248	0.59148	0.01012	0.03417	0.23943
V249	0.29286	0.02804	0.20102	0.13372	0.34435
V250	0.03713	0	0.65953	0.05392	0.24942
V251	0.24201	0	0.0804	0.57399	0.1036
V252	0.04731	0.07984	0.55395	0.15939	0.15952
V253	0.32407	0.54358	0.06275	0.03051	0.03909
V254	0.53888	0.35643	0	0.06554	0.03916
V255	0.84709	0.0474	0	0.01256	0.09295
V256	0.06978	0.74254	0.00278	0.02275	0.16215
V257	0.48137	0.27318	0.12673	0.02834	0.09038
V258	0.18933	0.30588	0.03389	0.41406	0.05684
V259	0.56943	0.23963	0.15696	0	0.03398
V260	0.29551	0	0.10033	0.13891	0.46525
V261	0.03676	0	0.50183	0.30064	0.16077
V262	0.93776	0	0.0393	0	0.02294
V263	0.8303	0.05298	0.00188	0.0899	0.02494
V264	0.09313	0.84135	0	0.02983	0.0357
V265	0.85888	0.05258	0.06481	0	0.02372
V266	0.02428	0	0.0745	0.14364	0.75758
V267	0.06239	0	0	0.2483	0.68931
V268	0.23068	0.40774	0.1207	0.1662	0.07468
V269	0.11858	0.29866	0.33828	0.17989	0.0646
V270	0.06781	0	0.0238	0.82288	0.08551
V271	0.24634	0.68474	0	0.01423	0.05469
V272	0.13027	0.78608	0.00894	0.0108	0.06391
V273	0.31746	0	0.1618	0.33555	0.18519
V274	0.11821	0.00903	0.0342	0.27163	0.56694
V275	0.07445	0.67794	0.12595	0.07549	0.04617
V276	0.01974	0	0.68834	0.22508	0.06684
V277	0.3951	0	0.5628	0	0.0421
V278	0.02643	0.00327	0.33254	0.46618	0.17157
V279	0.16284	0	0.00235	0.7166	0.11821
V280	0.21688	0	0.02894	0.60735	0.14684
V281	0.05206	0.2083	0.03158	0.63163	0.07642
V282	0.08479	0.87447	0	0	0.04073
V283	0.38796	0	0.09761	0.0756	0.43884
V284	0.04837	0.08705	0.53899	0.02879	0.2968
V285	0.529	0.42684	0	0.01262	0.03153
V286	0.10097	0	0.83871	0.02094	0.03939
V287	0.28048	0.03178	0.16027	0.30646	0.22101
V288	0.22757	0	0.62209	0.00335	0.14699
V289	0.18378	0.20628	0.011	0.53381	0.06514
V290	0.45289	0.41911	0.1114	0	0.01661
V291	0.43417	0.18489	0	0.33218	0.04876
V292	0.144	0	0.40614	0.07617	0.37369
V293	0.02294	0.07037	0.81829	0.03643	0.05198
V294	0.02098	0	0.00012	0.14397	0.83493
V295	0.03458	0	0.31728	0.51641	0.13173
V296	0.87441	0.0795	0	0	0.04609
V297	0.02874	0	0.77353	0.12123	0.07649
V298	0.30739	0	0	0.53815	0.15446
V299	0.28029	0	0	0.65394	0.06576
V300	0.97806	0	0	0	0.02194
V301	0.96244	0	0	0.00831	0.02924
V302	0.02286	0	0	0.46381	0.51333
V303	0.13745	0.1437	0.20445	0.20804	0.30636
V304	0.2188	0	0.73804	0	0.04316
V305	0.24078	0.29575	0.07851	0.12661	0.25835
V306	0.3433	0.61323	0	0.00294	0.04052
V307	0.25953	0	0.25048	0.44148	0.04851
V308	0.26285	0	0.64631	0.05712	0.03373
V309	0.69073	0.03245	0.03983	0.1136	0.12339
V310	0.04923	0	0.00209	0.20604	0.74263
V311	0.03308	0	0.03255	0.83783	0.09655
V312	0.11632	0.22164	0.24105	0.04528	0.37572
V313	0.08872	0.2791	0.00453	0.33393	0.29372
V314	0.09974	0	0	0.42888	0.47138
V315	0.95817	0	0	0	0.04183
V316	0.14064	0.53006	0.22186	0.02511	0.08232
V317	0.43339	0.03465	0.49577	0	0.0362
V318	0.91248	0	0	0	0.08752
V319	0.13307	0.00969	0.82753	0	0.02971
V320	0.09603	0	0	0.81195	0.09202
V321	0.16627	0.30827	0.28431	0.18503	0.05612
V322	0.03284	0.22712	0.56563	0.04972	0.12469
V323	0.29147	0.17707	0.42243	0.0131	0.09594
V324	0.06312	0.02454	0.03491	0.78832	0.0891
V325	0.67041	0.07459	0.0728	0.10405	0.07815
V326	0.0644	0	0.04855	0.22501	0.66205
V327	0.35981	0.46048	0.08906	0.01366	0.07699
V328	0.07488	0.26903	0.14796	0.44016	0.06797
V329	0.02638	0.01652	0.3812	0.50699	0.06891
V330	0.0991	0	0.83077	0	0.07013
V331	0.15762	0	0.08312	0.1691	0.59017
V332	0.51862	0.00102	0.4389	0	0.04145
V333	0.44929	0	0.29476	0.15302	0.10293
V334	0.06819	0.25011	0.54032	0.07237	0.06901
V335	0.76287	0.02077	0.07274	0.02895	0.11466
V336	0.19121	0.54269	0.23163	0	0.03447
V337	0.02072	0	0.00683	0.25662	0.71582
V338	0.75689	0	0.13672	0.00858	0.09781
V339	0.23902	0.50915	0.16137	0	0.09046
V340	0.05721	0.13726	0.10758	0.13132	0.56664
V341	0.04828	0.45869	0.41174	0.00139	0.0799
V342	0.3367	0.1098	0.43537	0.09076	0.02736
V343	0.7234	0	0.26448	0	0.01212
V344	0.1286	0.72686	0.02394	0.02382	0.09678
V345	0.24575	0.01893	0	0.32727	0.40805
V346	0.06188	0.28621	0.29901	0.27989	0.073
V347	0.11011	0.50027	0.00929	0.30019	0.08013
V348	0.03895	0.1033	0.442	0.25061	0.16514
V349	0.09223	0.26975	0.51647	0.01154	0.11001
V350	0.13906	0.39706	0.06942	0.23482	0.15964
V351	0.20741	0	0.42557	0.31044	0.05658
V352	0.13685	0.50934	0.32183	0	0.03198
V353	0.28501	0.30822	0.02524	0.07451	0.30701
V354	0.60164	0	0.38817	0	0.01019
V355	0.10781	0	0.32117	0.50738	0.06364
V356	0.11231	0	0.8207	0.00704	0.05994
V357	0.0656	0	0.52232	0.0644	0.34769
V358	0.0525	0.01585	0.0276	0.81129	0.09276
V359	0.0783	0.09574	0.00018	0.74603	0.07975
V360	0.74989	0.01362	0.08068	0.13076	0.02505
V361	0.3691	0.45692	0.07151	0	0.10247
V362	0.84038	0	0.07732	0	0.0823
V363	0.05294	0.00094	0.00414	0.24402	0.69796
V364	0.06649	0.26972	0.01326	0.43987	0.21066
V365	0.02832	0	0.00321	0.85168	0.11678
V366	0.24504	0	0.59582	0.0564	0.10273
V367	0.26326	0.19248	0.19634	0.17456	0.17336
V368	0.78815	0.05137	0.11389	0	0.0466
V369	0.06982	0.62217	0.20998	0.06496	0.03308
V370	0.04605	0.13247	0.11518	0.3897	0.3166
V371	0.08388	0.85603	0.02799	0	0.0321
V372	0.69512	0.03315	0.13481	0.0947	0.04222
V373	0.14552	0.62921	0.10762	0.07988	0.03777
V374	0.12749	0.01325	0.3732	0.43393	0.05213
V375	0.33572	0	0.58571	0.05343	0.02514
V376	0.01754	0	0.40134	0.07776	0.50336
V377	0.11748	0.48415	0.18739	0.16849	0.04249
V378	0.16429	0.52655	0.15655	0.00587	0.14674
V379	0.0374	0	0.10253	0.17467	0.68539
V380	0.04006	0.02578	0.16586	0.51841	0.2499
V381	0.17655	0.01642	0.00158	0.11063	0.69482
V382	0.42934	0	0	0.30939	0.26127
V383	0.0502	0	0.25516	0.62716	0.06747
V384	0.32511	0.0135	0.15695	0.41339	0.09104
V385	0.11189	0.07	0.00186	0.11465	0.70159
V386	0.6798	0	0	0.28366	0.03654
V387	0.29426	0	0	0.62074	0.08501
V388	0.08209	0.80605	0.0174	0.05304	0.04141
V389	0.14968	0.74557	0.00021	0.02764	0.0769
V390	0.19435	0	0	0.65574	0.14991
V391	0.73795	0.12435	0	0.06216	0.07553
V392	0.97414	0.00529	0	0	0.02057
V393	0.12513	0	0.1409	0.5382	0.19578
V394	0.74271	0	0.00879	0.14744	0.10105
V395	0.01699	0	0.35907	0.55231	0.07163
V396	0.58797	0	0.3954	0	0.01663
V397	0.70963	0.11204	0.02304	0.09836	0.05692
V398	0.07927	0	0.15194	0.63381	0.13498
V399	0.06389	0.00127	0	0.34237	0.59247
V400	0.19672	0.50662	0.13662	0.1277	0.03235
V401	0.35134	0	0.61447	0.01101	0.02318
V402	0.41674	0	0.43587	0.05855	0.08884
V403	0.17729	0.04592	0	0.21073	0.56606
V404	0.02435	0.01433	0.48231	0.38643	0.09257
V405	0.38121	0.23841	0.0577	0.20932	0.11335
V406	0.03463	0	0.91867	0	0.04669
V407	0.92461	0.0073	0.02678	0.02009	0.02121
V408	0.06108	0.3608	0	0.27641	0.3017
V409	0.12882	0	0.05153	0.66748	0.15217
V410	0.15764	0.09684	0.32092	0.08096	0.34364
V411	0.02088	0	0	0.15212	0.827
V412	0.04526	0.11546	0.12804	0.11114	0.60009
V413	0.05188	0.23436	0.14152	0.37154	0.2007
V414	0.06649	0.06543	0	0.49474	0.37334
V415	0.17626	0	0	0.11224	0.7115
V416	0.13319	0.06051	0.01607	0.22332	0.5669
V417	0.01793	0	0.76367	0.12532	0.09308
V418	0.57406	0.3713	0.00698	0	0.04765
V419	0.27399	0	0.01056	0.18985	0.52559
V420	0.24921	0	0.08911	0.11716	0.54452
V421	0.01648	0	0.12368	0.15207	0.70777
V422	0.03787	0	0.04287	0.70926	0.21
V423	0.33191	0.15817	0.27559	0.18154	0.05279
V424	0.01045	0	0.49092	0.05729	0.44134
V425	0.36653	0.35107	0	0.03105	0.25134
V426	0.26525	0.16263	0.00971	0.44507	0.11734
V427	0.23448	0.60637	0.13085	0	0.0283
V428	0.12542	0.62992	0.05785	0.08619	0.10063
V429	0.14842	0.74613	0	0.05312	0.05234
V430	0.04765	0	0.40462	0.22419	0.32353
V431	0.14639	0.34996	0.18369	0.23803	0.08192
V432	0.3406	0.03349	0.11795	0.34853	0.15943
V433	0.22094	0	0.50667	0.21537	0.05702
V434	0.28203	0.25298	0.36403	0.00602	0.09493
V435	0.60793	0.00128	0.35429	0.01038	0.02612
V436	0.09113	0.57686	0.08599	0.06289	0.18313
V437	0.21604	0	0.0198	0.23801	0.52616
V438	0.16724	0.2842	0.18519	0.27168	0.09169
V439	0.63662	0	0.02885	0.28673	0.04779
V440	0.05029	0.32329	0.54614	0.00624	0.07404
V441	0.06263	0.51663	0.36501	0.01777	0.03796
V442	0.08498	0.881	0	0	0.03403
V443	0.95496	0	0	0.02172	0.02332
V444	0.18317	0.4188	0.01659	0.30972	0.07172
V445	0.094	0.39849	0.02703	0.41341	0.06707
V446	0.13944	0.00568	0.09413	0.57241	0.18833
V447	0.08547	0	0.00252	0.4948	0.41722
V448	0.18344	0	0.00814	0.12431	0.68412
V449	0.01047	0	0.95404	0	0.03549
V450	0.24455	0.05221	0.24496	0.16341	0.29486
V451	0.30684	0.17565	0.05067	0.33455	0.13229
V452	0.03182	0	0.1489	0.70701	0.11227
V453	0.03683	0	0	0.50676	0.45641
V454	0.0181	0	0.68966	0.04455	0.24769
V455	0.09202	0.20058	0.27482	0.0844	0.34818
V456	0.94762	0	0	0.00442	0.04796
V457	0.69828	0.1827	0.02259	0.04271	0.05373
V458	0.05172	0.33553	0.49771	0.04715	0.06789
V459	0.16467	0.03504	0.04771	0.50196	0.25062
V460	0.7268	0.00063	0.19008	0.04374	0.03875
V461	0.2259	0.27907	0.23414	0.03264	0.22825
V462	0.07644	0.05796	0.00801	0.52963	0.32797
V463	0.24182	0.03878	0.005	0.64163	0.07277
V464	0.19846	0.14175	0.62792	0	0.03187
V465	0.06743	0.0718	0.01103	0.13602	0.71372
V466	0.03739	0	0	0.21525	0.74736
V467	0.08568	0.23888	0.01288	0.52743	0.13513
V468	0.59122	0.27527	0.09451	0	0.03901
V469	0.04683	0.3146	0.04774	0.29791	0.29291
V470	0.87015	0.02447	0.01745	0.05936	0.02857
V471	0.4233	0.27319	0.01524	0.14217	0.14611
V472	0.03058	0	0.04176	0.13515	0.7925
V473	0.05895	0.19184	0.23443	0.32371	0.19107
V474	0.3245	0.11074	0.05119	0.42937	0.0842
V475	0.19055	0	0.59464	0.0361	0.17871
V476	0.18536	0.00624	0.09236	0.60149	0.11455
V477	0.07606	0.88921	0	0	0.03473
V478	0.19255	0	0	0.10948	0.69798
V479	0.87159	0.02413	0.02507	0.05129	0.02792
V480	0.16802	0.63342	0.03929	0.10047	0.0588
V481	0.27646	0.34875	0.04948	0.18135	0.14396
V482	0.14286	0.65273	0.16721	0	0.0372
V483	0.34097	0.49813	0	0.09128	0.06962
V484	0.25277	0.4914	0.09956	0.1127	0.04357
V485	0.70298	0.04413	0.10714	0.10311	0.04264
V486	0.0943	0.03803	0.30126	0.06798	0.49843
V487	0.16815	0.09193	0.40423	0.28672	0.04898
V488	0.44288	0.03815	0	0.34122	0.17775
V489	0.03066	0.19095	0.66702	0.06131	0.05005
V490	0.01914	0	0.73855	0.19186	0.05045
V491	0.0649	0.45104	0.03731	0.13272	0.31402
V492	0.05801	0.12551	0.02411	0.69584	0.09653
V493	0.03532	0	0	0.86285	0.10183
V494	0.34211	0	0.00286	0.53329	0.12174
V495	0.37057	0.18933	0.20138	0.15863	0.08009
V496	0.16191	0	0.05108	0.10624	0.68077
V497	0.12646	0	0.14469	0.18107	0.54778
V498	0.10289	0.8321	0.01035	0.00223	0.05244
V499	0.06966	0.19878	0.25538	0.10769	0.36849
V500	0.14097	0.47189	0.0943	0.20618	0.08666
V501	0.1006	0.30551	0.00597	0.08416	0.50376
V502	0.15931	0.76556	0.02474	0.01871	0.03168
V503	0.48216	0	0.19526	0.14862	0.17396
V504	0.5154	0.17524	0	0.03252	0.27684
V505	0.65258	0	0.00712	0.10234	0.23795
V506	0.05708	0.51017	0.0548	0.05109	0.32686
V507	0.86434	0	0.01263	0.07625	0.04679
V508	0.06007	0.6162	0.1933	0.03756	0.09286
V509	0.08438	0.44372	0.12554	0.19669	0.14968
V510	0.4379	0.47277	0.02999	0.0276	0.03174
V511	0.09305	0.28161	0.50505	0.03254	0.08774
V512	0.18407	0.44047	0.15994	0.05556	0.15996
V513	0.19881	0.65479	0.0556	0.03604	0.05476
V514	0.02055	0	0.21616	0.13314	0.63014
V515	0.10067	0.11114	0	0.71164	0.07655
V516	0.19194	0.34375	0.09524	0.3127	0.05637
V517	0.04167	0.01553	0.04539	0.80574	0.09166
V518	0.45343	0	0.31084	0.17828	0.05744
V519	0.82152	0.03076	0	0.11484	0.03289
V520	0.10222	0.81604	0.00245	0.04409	0.0352
V521	0.22774	0	0.1178	0.58869	0.06578
V522	0.07394	0.16051	0.56476	0.12817	0.07262
V523	0.18173	0.0074	0.74714	0.02721	0.03651
V524	0.37688	0	0.55119	0	0.07192
V525	0.04028	0.1792	0.0272	0.11341	0.63991
V526	0.06029	0	0.86553	0.00999	0.06419
V527	0.11307	0.45795	0.37848	0.00225	0.04825
V528	0.17002	0	0.00848	0.74599	0.0755
V529	0.24173	0	0.72308	0	0.03518
V530	0.03401	0	0.87027	0.03663	0.05908
V531	0.20966	0.50083	0.07539	0.02861	0.18551
V532	0.09304	0.23487	0.29275	0.03869	0.34066
V533	0.28889	0	0	0.09173	0.61938
V534	0.15163	0.04822	0	0.70471	0.09543
V535	0.8488	0.09196	0.04055	0	0.0187
V536	0.15946	0.1454	0.3829	0.05445	0.25778
V537	0.03845	0	0.01205	0.13838	0.81111
V538	0.66186	0.0791	0	0.04341	0.21563
V539	0.03656	0.1128	0.65512	0.09802	0.0975
V540	0.19706	0.45429	0.07659	0.06519	0.20687
V541	0.0623	0.39086	0.01401	0.08992	0.44291
V542	0.06768	0.32126	0.09982	0.4079	0.10334
V543	0.09142	0.0644	0.68236	0.04552	0.1163
V544	0.38364	0.16363	0.17258	0.07665	0.2035
V545	0.64436	0.33572	0	0	0.01992
V546	0.09872	0.75418	0.06573	0.00493	0.07645
V547	0.1196	0.74163	0	0.08431	0.05446
V548	0.03432	0.04874	0.00346	0.81753	0.09594
V549	0.02039	0	0.01515	0.26984	0.69462
V550	0.0718	0.81324	0.07563	0	0.03932
V551	0.03578	0	0	0.86769	0.09653
V552	0.24488	0	0.00908	0.12648	0.61956
V553	0.80382	0	0.00201	0.12953	0.06463
V554	0.13944	0.01027	0.4874	0.30407	0.05883
V555	0.07493	0.87142	0	0	0.05365
V556	0.10632	0.03073	0.04923	0.69739	0.11633
V557	0.34068	0.22644	0.02387	0.32485	0.08416
V558	0.02224	0	0.77621	0.13839	0.06317
V559	0.13093	0.39404	0.42234	0	0.05269
V560	0.65836	0.21002	0.11934	0	0.01227
V561	0.74199	0	0.11854	0.00691	0.13256
V562	0.15315	0.01652	0.15479	0.16295	0.5126
V563	0.2515	0.23636	0.19558	0.12238	0.19418
V564	0.37767	0	0.05035	0.35505	0.21693
V565	0.02027	0	0.00769	0.17285	0.79919
V566	0.32693	0.11832	0.01758	0.33086	0.2063
V567	0.02728	0	0.93347	0	0.03925
V568	0.05542	0.19572	0.41884	0.28472	0.0453
V569	0.67109	0.0656	0.0987	0.10748	0.05712
V570	0.15981	0	0.27342	0.45224	0.11454
V571	0.28759	0	0.22051	0.33987	0.15204
V572	0.8571	0	0	0.00495	0.13796
V573	0.10606	0.03433	0.33368	0.38039	0.14554
V574	0.55426	0.26548	0.06298	0.07386	0.04341
V575	0.40153	0	0.11292	0.09368	0.39186
V576	0.07424	0.83715	0	0.00851	0.0801
V577	0.43769	0.4727	0.02185	0.03547	0.03229
V578	0.05009	0.12721	0.51469	0.22052	0.08748
V579	0.05182	0.49298	0.30451	0.02658	0.12411
V580	0.24052	0.52035	0	0.18293	0.0562
V581	0.08119	0.46198	0.35251	0.06561	0.03871
V582	0.01922	0.009	0.93454	0	0.03724
V583	0.65639	0	0.32572	0	0.01789
V584	0.2542	0.48045	0.09153	0.03471	0.13911
V585	0.07888	0.74083	0.04911	0.05177	0.07941
V586	0.06764	0.75191	0.14344	0.0046	0.03241
V587	0.08529	0.66022	0	0.0458	0.20869
V588	0.26305	0.36956	0.34237	0	0.02502
V589	0.12631	0.39105	0.03431	0.37816	0.07017
V590	0.07998	0.74491	0	0.02131	0.1538
V591	0.48137	0.46853	0.02261	0	0.02749
V592	0.02414	0	0.75837	0.03962	0.17787
V593	0.43199	0	0	0.47442	0.09359
V594	0.02469	0.091	0.65615	0.14305	0.08511
V595	0.56219	0.01035	0.05792	0.29822	0.07132
V596	0.49923	0.15963	0.19523	0.10061	0.04529
V597	0.05039	0.16936	0.00076	0.19264	0.58685
V598	0.60777	0	0	0.03588	0.35636
V599	0.1039	0.38466	0.07884	0.35651	0.0761
V600	0.30438	0	0.17216	0.37788	0.14557
V601	0.16639	0.07524	0	0.4864	0.27197
V602	0.84446	0.13625	0	0	0.01929
V603	0.15866	0.11379	0.02282	0.19919	0.50554
V604	0.03294	0	0.7103	0.1082	0.14857
V605	0.05119	0.02873	0.13003	0.16239	0.62766
V606	0.85008	0	0	0.00598	0.14394
V607	0.1918	0.07855	0.01574	0.10196	0.61194
V608	0.78678	0	0.01919	0.07651	0.11752
V609	0.21256	0.29188	0.00088	0.38134	0.11334
V610	0.11435	0.63199	0	0.20572	0.04795
V611	0.30997	0	0.6101	0.00616	0.07377
V612	0.42848	0.00467	0.31116	0.02708	0.22862
V613	0.43298	0.50644	0.02266	0.01204	0.02588
V614	0.57568	0	0.00866	0.10324	0.31241
V615	0.03271	0.07071	0.12491	0.57149	0.20019
V616	0.69076	0	0.13227	0.12101	0.05596
V617	0.26555	0.02957	0.46559	0.09326	0.14604
V618	0.76456	0.06005	0.056	0.00655	0.11283
V619	0.59641	0.00165	0.14958	0.01977	0.23258
V620	0.06663	0	0.34785	0.5188	0.06671
V621	0.17385	0.19016	0.29242	0.03127	0.31231
V622	0.04452	0.17678	0.35032	0.05466	0.37371
V623	0.08682	0	0	0.68385	0.22933
V624	0.91327	0	0	0.00833	0.07841
V625	0.03229	0.04421	0.0887	0.74859	0.08621
V626	0.09712	0	0.5503	0.28597	0.06662
V627	0.13546	0.12565	0.11439	0.10064	0.52386
V628	0.96844	0	0	0.0079	0.02367
V629	0.15584	0.19978	0.60602	0.00348	0.03488
V630	0.03931	0.15791	0.01898	0.12605	0.65775
V631	0.01329	0	0.27036	0.10252	0.61383
V632	0.07947	0.73761	0	0.04156	0.14136
V633	0.07252	0	0.08007	0.54161	0.30579
V634	0.43645	0.41515	0.12956	0	0.01884
V635	0.06379	0.0712	0.18742	0.10354	0.57405
V636	0.23489	0.13768	0.30494	0.18727	0.13522
V637	0.2416	0	0.4013	0.24233	0.11477
V638	0.10825	0.44723	0.01113	0.11572	0.31767
V639	0.54709	0.36969	0.06155	0	0.02167
V640	0.1382	0.16239	0.07457	0.26675	0.35809
V641	0.12767	0.6925	0.00814	0.11642	0.05527
V642	0.76701	0.00386	0	0.19741	0.03172
V643	0.08249	0.81969	0.05068	0.01347	0.03368
V644	0.07404	0.41709	0.01119	0.41538	0.08231
V645	0.18814	0.71518	1e-04	0.06387	0.0327
V646	0.1649	0.51124	0.01605	0.21334	0.09447
V647	0.94067	0	0	0.03589	0.02343
V648	0.47342	0.07981	0	0.2748	0.17197
V649	0.30259	0.05935	0.07262	0.15569	0.40975
V650	0.04249	0	0.04836	0.82306	0.08609
V651	0.17001	0.18844	0	0.57848	0.06306
V652	0.38177	0	0.02081	0.52901	0.06841
V653	0.36708	0	0.03972	0.50463	0.08857
V654	0.056	0.05063	0	0.1744	0.71896
V655	0.18905	0.0246	0.29536	0.43326	0.05773
V656	0.1299	0	0	0.19628	0.67382
V657	0.06688	0.4719	0.01909	0.30806	0.13407
V658	0.05228	0.00884	0.02674	0.61845	0.2937
V659	0.0407	0.00247	0.07135	0.75276	0.13271
V660	0.09029	0.31705	0.01373	0.10361	0.47532
V661	0.07435	0.63392	0.00201	0.16699	0.12274
V662	0.06431	0.42022	0.01412	0.06349	0.43786
V663	0.98082	0	0	0	0.01918
V664	0.03528	0	0.10695	0.43599	0.42179
V665	0.05975	0.6078	0.19322	0.07251	0.06672
V666	0.12138	0.82011	0.02643	0	0.03208
V667	0.06508	0.52448	0.2451	0.09067	0.07466
V668	0.66652	0.21467	0.03827	0.04005	0.04049
V669	0.49737	0.28769	0.0149	0.08327	0.11677
V670	0.12505	0.60659	0.03339	0.04772	0.18725
V671	0.79604	0	0.17355	0.00782	0.02259
V672	0.11966	0.04256	0.08637	0.34696	0.40446
V673	0.02853	0	0	0.21871	0.75275
V674	0.40954	0.05652	0.48539	0	0.04855
V675	0.71108	0	0.02163	0.14452	0.12277
V676	0.29863	0.06162	0.49677	0	0.14298
V677	0.07307	0.24924	0.2094	0.36709	0.1012
V678	0.07866	0.2956	0.00664	0.10482	0.51427
V679	0.02872	0	0.45016	0.4563	0.06481
V680	0.18462	0	0.00715	0.38792	0.42031
V681	0.56029	0	0.03305	0.29022	0.11645
V682	0.01047	0	0.95404	0	0.03549
V683	0.09537	0.14398	0.63417	0	0.12648
V684	0.07975	0	0	0.83253	0.08772
V685	0.02275	0	0.84156	0.08902	0.04667
V686	0.31077	0.58672	0.05522	0.0083	0.03898
V687	0.01198	0	0.57666	0.34439	0.06697
V688	0.00925	0	0.93825	0	0.0525
V689	0.54369	0.01637	0.19012	0.10501	0.14482
V690	0.13086	0.81324	0.00234	0.01413	0.03943
V691	0.16743	0.11133	0.03757	0.59261	0.09107
V692	0.09481	0.0021	0.00899	0.73934	0.15477
V693	0.04915	0.47755	0.41641	0.01805	0.03884
V694	0.11431	0.1755	0.02927	0.55979	0.12113
V695	0.1562	0.08108	0.14386	0.09131	0.52755
V696	0.13764	0	0.73518	0.00087	0.12632
V697	0.13288	0.0795	0.31017	0.33658	0.14087
V698	0.02914	0	0.17359	0.11707	0.6802
V699	0.05759	0	0.04056	0.65602	0.24583
V700	0.09062	0.7764	0.05688	0	0.0761
V701	0.03956	0.15817	0.01075	0.12018	0.67135
V702	0.0472	0.10371	0.00031	0.65289	0.19588
V703	0.04078	0	0.02039	0.84134	0.09749
V704	0.06945	0.0162	0.40131	0.07399	0.43905
V705	0.95249	0	0	0	0.04751
V706	0.18306	0.12473	0.14939	0.42392	0.11891
V707	0.16983	0.096	0.06573	0.3063	0.36214
V708	0.05394	0.55816	0.35783	0	0.03007
V709	0.02326	0	0.02778	0.1382	0.81076
V710	0.15536	0	0.4822	0.03114	0.3313
V711	0.0692	0	0.00966	0.14661	0.77453
V712	0.07856	0	0.69734	0.17121	0.05289
V713	0.28862	0.39278	0.29562	0	0.02299
V714	0.06259	0	0	0.13623	0.80118
V715	0.03422	0.24887	0.58781	0.08582	0.04328
V716	0.76439	0.16169	0.00033	0.0329	0.04069
V717	0.44026	0.13535	0.11396	0.0448	0.26563
V718	0.70262	0	0.24825	0	0.04913
V719	0.44172	0.21403	0.09309	0.11439	0.13676
V720	0.15282	0.00492	0.08851	0.13053	0.62322
V721	0.03966	0	0.04016	0.14753	0.77265
V722	0.05211	0.21932	0.04824	0.48184	0.19849
V723	0.13862	0.20077	0.09947	0.48494	0.0762
V724	0.15684	0.63132	0.02327	0.14625	0.04233
V725	0.04173	0	0	0.13978	0.81849
V726	0.25457	0.47684	0.04016	0.06421	0.16422
V727	0.01992	0	0.92951	0	0.05057
V728	0.81744	0	0.10947	0.04779	0.02531
V729	0.64413	0.08788	0.01528	0.21417	0.03854
V730	0.14683	0	0.3731	0.3784	0.10167
V731	0.02951	0	0.05543	0.82712	0.08794
V732	0.03563	0	0.00037	0.86878	0.09522
V733	0.04945	0	0.90517	0	0.04539
V734	0.5526	0.04582	0.34719	0.02076	0.03363
V735	0.09992	0.12822	0.21532	0.08905	0.46748
V736	0.03228	0.01183	0.00664	0.13928	0.80996
V737	0.9809	0	0	0	0.0191
V738	0.05512	0.43947	0.00607	0.07096	0.42839
V739	0.04274	0	0	0.86237	0.09489
V740	0.25126	0.04693	0.10299	0.08614	0.51268
V741	0.53007	0	0	0.31288	0.15705
V742	0.09684	0	0.53384	0.18337	0.18595
V743	0.05197	0.0192	0.07352	0.20535	0.64997
V744	0.22595	0.03577	0.15908	0.48851	0.09069
V745	0.19359	0	0.03924	0.69102	0.07615
V746	0.39277	0.52911	0.02222	0	0.0559
V747	0.04934	0	0.89534	0	0.05533
V748	0.19914	0.18025	0.27182	0.08318	0.26562
V749	0.21769	0.07789	0.11068	0.42554	0.1682
V750	0.78046	0.16709	0	0.0296	0.02285
V751	0.06263	0.34204	0.54936	0.00758	0.03839
V752	0.04716	0.10446	0.0199	0.1255	0.70298
V753	0.6005	0.01281	0.2355	0.02322	0.12797
V754	0.14368	0.30725	0	0.48526	0.06381
V755	0.26333	0.68249	0.02351	0	0.03067
V756	0.04598	0.08329	0.01971	0.16669	0.68433
V757	0.19204	0	0.08237	0.65441	0.07118
V758	0.09543	0.41444	0	0.42807	0.06205
V759	0.11565	0	0.0983	0.10638	0.67967
V760	0.10404	0	0.20723	0.29868	0.39005
V761	0.08662	0.2203	0.65865	0	0.03443
V762	0.03891	0.0131	0.16759	0.4309	0.3495
V763	0.0552	0.25154	0.00071	0.0962	0.59634
V764	0.14011	0.03983	0.07431	0.66411	0.08163
V765	0.2015	0	0.647	0.04066	0.11084
V766	0.10517	0.46412	0.22938	0.05433	0.147
V767	0.3081	0.45453	0.04796	0.05031	0.1391
V768	0.0917	0.79853	0.033	0.03672	0.04005
V769	0.78525	0	0.16597	0	0.04879
V770	0.34267	0	0.48538	0.13667	0.03528
V771	0.09787	0.69638	0	0.09021	0.11554
V772	0.06817	0	0.90072	0	0.03111
V773	0.04106	0	0	0.26769	0.69125
V774	0.18128	0	0.52786	0.01842	0.27243
V775	0.92843	0	0.00069	0.03685	0.03403
V776	0.39361	0.40089	0.14199	0.01448	0.04904
V777	0.25167	0.3558	0.22753	0.0947	0.0703
V778	0.5695	0.02882	0.00087	0.21905	0.18177
V779	0.09774	0.38451	0.47501	0.00016	0.04258
V780	0.02798	0	0.93765	0	0.03438
V781	0.21493	0.28581	0.16484	0.03074	0.30368
V782	0.26782	0.21832	0.01107	0.06496	0.43783
V783	0.00821	0	0.6354	0.056	0.30039
V784	0.0635	0.59181	0	0.2319	0.11279
V785	0.73983	0.10531	0	0.08444	0.07041
V786	0.19392	0.18425	0.00304	0.53859	0.0802
V787	0.16635	0.56851	0	0.17358	0.09156
V788	0.41524	0.39548	0.05556	0.00085	0.13288
V789	0.03833	0.14144	4e-04	0.43233	0.3875
V790	0.3206	0.2035	0.05157	0.13948	0.28484
V791	0.21232	0.19608	0.0627	0.22262	0.30629
V792	0.96257	0	0.00896	0	0.02846
V793	0.36758	0.24522	0.04137	0.1105	0.23532
V794	0.03511	0	0.09866	0.26214	0.60408
V795	0.16004	0.79385	0.00196	0	0.04416
V796	0.33141	0.389	0.09089	0.13209	0.05659
V797	0.15344	0	0	0.13157	0.71498
V798	0.16358	0.49084	0	0.1062	0.23938
V799	0.05878	0.14551	0.04022	0.64147	0.11401
V800	0.04498	0	0.00738	0.22903	0.71861
V801	0.40479	0	0.10673	0.41543	0.07305
V802	0.06183	0.17835	0.00938	0.11226	0.63818
V803	0.33231	0.00591	0	0.58002	0.08176
V804	0.2334	0.13666	0.18772	0.35392	0.0883
V805	0.18149	0.1024	0.43029	0.16603	0.11979
V806	0.51604	0	0.18274	0.07621	0.22501
V807	0.75305	0	0.04511	0.05043	0.15141
V808	0.86768	0	0.03065	0	0.10168
V809	0.23159	0.58617	0.007	0.03684	0.13841
V810	0.05282	0.03663	0.03469	0.49605	0.3798
V811	0.07814	0.07205	0.0181	0.20062	0.63109
V812	0.06109	0.63411	0.17391	0.071	0.05988
V813	0.05901	0.19456	0.21393	0.06453	0.46797
V814	0.23108	0.52781	0.04777	0.1404	0.05295
V815	0.25882	0.65097	0.01451	0.03979	0.03591
V816	0.05785	0.49168	0	0.37028	0.0802
V817	0.84215	0	0.13889	0.00133	0.01763
V818	0.06693	0.17809	0.35113	0.07262	0.33124
V819	0.96812	0	0.0016	0.00724	0.02303
V820	0.1013	0.34424	0.10737	0.36988	0.07722
V821	0.02106	0	0	0.14443	0.83451
V822	0.21156	0	0.00445	0.71213	0.07187
V823	0.07314	0.04916	0.22824	0.08317	0.56629
V824	0.09585	0	0.01978	0.12598	0.7584
V825	0.1687	0	0.6357	0.16111	0.0345
V826	0.05353	0	0.90612	0.00495	0.0354
V827	0.3767	0.12152	0	0.36916	0.13263
V828	0.28117	0.11525	0.09977	0.10717	0.39664
V829	0.11978	0.05319	0.30332	0.21094	0.31276
V830	0.1713	0	0.68415	0.01769	0.12685
V831	0.06648	0.70728	0.03349	0.13502	0.05773
V832	0.22742	0	0.05339	0.29259	0.4266
V833	0.21628	0.72423	0	0	0.05949
V834	0.77914	0.11102	0.02342	0.01511	0.07132
V835	0.28668	0.26525	0.07694	0.25979	0.11135
V836	0.42223	0.0288	0.43545	0.08138	0.03213
V837	0.07171	0.79251	0.00158	0.04061	0.0936
V838	0.02204	0	0.06767	0.81623	0.09406
V839	0.06111	0	0.07447	0.12262	0.74179
V840	0.95429	0	0.01229	0.00632	0.0271
V841	0.24787	0	0.72465	0	0.02748
V842	0.57468	0.00768	0.19657	0.17877	0.0423
V843	0.49455	0	0.13178	0.09551	0.27817
V844	0.03749	0.13517	0.76119	0.01018	0.05597
V845	0.04464	0	0	0.6244	0.33097
V846	0.14105	0.0056	0.09787	0.15421	0.60127
V847	0.23071	0	0.03895	0.20013	0.53021
V848	0.77588	0	0	0.08959	0.13453
V849	0.17092	0.00465	0.71391	0	0.11052
V850	0.25218	0	0.288	0.1799	0.27992
V851	0.97244	0	0	0	0.02756
V852	0.27638	0.02771	0.07375	0.22252	0.39963
V853	0.05867	0.08978	0.6078	0.13702	0.10674
V854	0.07644	0.3266	0.23874	0.10263	0.25558
V855	0.13674	0.36582	0.07876	0.30191	0.11677
V856	0.1935	0.37383	0.04391	0.04208	0.34668
V857	0.10552	0.01255	0.16477	0.44533	0.27183
V858	0.05573	0.32598	0.17942	0.22446	0.21441
V859	0.15629	0	0.013	0.72728	0.10343
V860	0.06805	0.12426	0.05752	0.62997	0.1202
V861	0.17121	0	0.11986	0.6376	0.07133
V862	0.08382	0	0.0109	0.20401	0.70128
V863	0.07488	0.86282	0.00408	0.00386	0.05436
V864	0.04842	0	0.86749	0.04842	0.03567
V865	0.09878	0	0.62659	0.23413	0.0405
V866	0.05487	0.01125	0.64206	0.22615	0.06566
V867	0.61865	0	0	0.03466	0.34669
V868	0.26882	0.19225	0.39141	0.09835	0.04918
V869	0.02657	0	0.01304	0.14689	0.8135
V870	0.30845	0.14164	0.06999	0.25984	0.22007
V871	0.06228	0.01848	0.10095	0.19054	0.62776
V872	0.41834	0.01532	0.00257	0.46926	0.09451
V873	0.08797	0.30311	0.13778	0.3634	0.10774
V874	0.12043	0.01773	0.00271	0.12912	0.73002
V875	0.03935	0.16382	0.01592	0.50513	0.27578
V876	0.52518	0.02424	0.05188	0.05076	0.34794
V877	0.26131	0.60117	0.02245	0.07193	0.04315
V878	0.0646	0.66121	0.02643	0.19303	0.05474
V879	0.94822	0.01037	0.00481	0.00799	0.02861
V880	0.10937	0.05548	0.0236	0.46062	0.35092
V881	0.02048	0	0.53617	0.04728	0.39607
V882	0.07613	0.45429	0.00355	0.41154	0.05449
V883	0.54648	0.15118	0	0.1782	0.12415
V884	0.01743	0	0	0.15297	0.8296
V885	0.20424	0.02914	0.39113	0.13405	0.24144
V886	0.01687	0	0.02126	0.31489	0.64698
V887	0.12119	0.8216	0	0	0.05721
V888	0.08739	0.0818	0.04868	0.66051	0.12163
V889	0.14961	0.76849	0.02446	0.01352	0.04391
V890	0.05543	0	0.13119	0.64215	0.17123
V891	0.0195	0.00861	0.93217	0	0.03972
V892	0.63631	0.2134	0.00749	0.00642	0.13638
V893	0.18126	0.14746	0.50987	0.07325	0.08817
V894	0.13149	0.50519	0.0331	0.2474	0.08281
V895	0.71741	0	0.25969	0.00028	0.02262
V896	0.24674	0.19413	0.22482	0.28781	0.04651
V897	0.02203	0	0.03168	0.75504	0.19124
V898	0.4216	0	0	0.08693	0.49147
V899	0.6014	0.28297	0.06957	0	0.04606
V900	0.29617	0.20419	0.26432	0.18208	0.05324
V901	0.70608	0.0214	0	0.17429	0.09823
V902	0.88861	0.014	0.01033	0.02764	0.05942
V903	0.30907	0.04647	0.06158	0.49383	0.08905
V904	0.76467	0.06032	0.14663	0	0.02838
V905	0.056	0.29483	0.05604	0.34598	0.24716
V906	0.18945	0.00431	0.47115	0.09519	0.23989
V907	0.75408	0.081	0.05523	0.05005	0.05963
V908	0.05802	0.31484	0.03785	0.48027	0.10902
V909	0.04667	0.09478	0.00868	0.70523	0.14463
V910	0.71167	0.14128	0	0.05776	0.08929
V911	0.06691	0.22619	0.52409	0.01388	0.16893
V912	0.05452	0	0.15513	0.16103	0.62933
V913	0.17122	0	0.06463	0.64648	0.11767
V914	0.80592	0.00359	0.00166	0.11669	0.07214
V915	0.23128	0.15566	0.04642	0.07509	0.49155
V916	0.82518	0	0.10074	0	0.07407
V917	0.49439	0.00147	0	0.06888	0.43526
V918	0.63295	0.1062	0.20851	0.01403	0.03831
V919	0.46626	0.13575	0	0.27367	0.12432
V920	0.2084	0	0.10288	0.62042	0.0683
V921	0.23259	0.15865	0.11004	0.05582	0.4429
V922	0.05046	0	0.70099	0.01391	0.23464
V923	0.18563	0.4555	0.00943	0.07884	0.2706
V924	0.54762	0.07548	0	0.24865	0.12825
V925	0.18037	0.07826	0.47617	0.16212	0.10308
V926	0.03901	0	0.00356	0.14711	0.81032
V927	0.57077	0.22344	0.09815	0.07138	0.03627
V928	0.1546	0.23905	0.20953	0.19335	0.20347
V929	0.08741	0.25047	0	0.08993	0.57219
V930	0.09313	0	0.05423	0.11902	0.73361
V931	0.53351	0.10753	0.00115	0.07402	0.28379
V932	0.07741	0.08611	0.04159	0.36863	0.42626
V933	0.32424	0	0.03402	0.30851	0.33323
V934	0.71498	0.0202	0.25063	0	0.01419
V935	0.6309	0.07561	0.11834	0.05505	0.1201
V936	0.34841	0.03519	0.10698	0.42581	0.08361
V937	0.16836	0.66701	0.08121	0.02859	0.05484
V938	0.11261	0.84244	0.01147	0	0.03348
V939	0.01824	0	0.00464	0.39414	0.58297
V940	0.61629	0.04441	0.07489	0.06377	0.20064
V941	0.04462	0.1011	0.11496	0.48554	0.25378
V942	0.77158	0.20519	0	0.00075	0.02248
V943	0.0773	0.07064	0.05385	0.11869	0.67953
V944	0.37725	0	0.1047	0.45534	0.06271
V945	0.07771	0.22561	0.58358	0.03134	0.08176
V946	0.05772	0.45259	0.45386	0	0.03583
V947	0.43054	0	0.01586	0.16511	0.38849
V948	0.10633	0.67328	0.02393	0.10819	0.08827
V949	0.89872	0.06559	0.01918	0	0.0165
V950	0.09253	0	0.01675	0.80724	0.08348
V951	0.33913	0	0	0.50123	0.15964
V952	0.16124	0.00734	0.03946	0.62659	0.16538
V953	0.51301	0.06098	0	0.34935	0.07666
V954	0.27532	0.50481	0.04775	0.06154	0.11058
V955	0.08884	0	0.53812	0.32013	0.05291
V956	0.06419	0.4462	0.07926	0.34076	0.06959
V957	0.13821	0.7182	0.03984	0.05888	0.04487
V958	0.08212	0.8076	0	0.04298	0.0673
V959	0.09195	0	0.79625	0.05058	0.06123
V960	0.57769	0.01535	0.14044	0.10755	0.15898
V961	0.08348	0.82885	0	0.0081	0.07957
V962	0.22445	0.07471	0	0.13574	0.56509
V963	0.0355	0	0.41516	0.46937	0.07997
V964	0.01992	0	0.92951	0	0.05057
V965	0.01098	0	0.43167	0.45353	0.10382
V966	0.03821	0	0.49237	0.1201	0.34931
V967	0.38402	0.47133	0	0.00456	0.14009
V968	0.08444	0.86465	0	0.00897	0.04193
V969	0.15191	0.47357	0.12198	0.12616	0.12638
V970	0.19549	0.3445	0.41963	0	0.04038
V971	0.76864	0.02056	0.1693	0.01115	0.03036
V972	0.11095	0.80269	0	0.045	0.04136
V973	0.05784	0	0.55964	0.24379	0.13873
V974	0.06438	0.67758	0.08426	0.09857	0.07521
V975	0.07551	0.87865	0	0.00902	0.03682
V976	0.03082	0	0	0.19436	0.77482
V977	0.04415	0.10656	0.14649	0.20229	0.50052
V978	0.42125	0.10927	0.2027	0.1332	0.13359
V979	0.91586	0.06414	0	0	0.02
V980	0.36775	0.0618	0.11764	0.15151	0.30129
V981	0.09681	0.01696	0.05432	0.13106	0.70085
V982	0.41688	0.38873	0.10667	0.01202	0.0757
V983	0.68051	0.18664	0	0.00497	0.12789
V984	0.18684	0.01556	0.10174	0.56683	0.12903
V985	0.0535	0.05387	0.07798	0.73771	0.07695
V986	0.55275	0.07516	0.33844	0	0.03366
V987	0.06189	0.15662	0.68286	0.05079	0.04784
V988	0.10284	0.01099	0.52223	0.2894	0.07455
V989	0.04342	0.01091	0	0.14598	0.7997
