CD56NK	CD4MemoryT	CD19B	CD14
V1	0.57467	0.00916	0.142	0.27416
V2	0.15242	0.05659	0.06244	0.72855
V3	0.09736	0.58866	0.02255	0.29143
V4	0.87957	0.11313	0	0.00731
V5	0.13594	0.47812	0.23662	0.14932
V6	0.12544	0.83407	0.0335	0.00699
V7	0.16604	0.33117	0.08051	0.42228
V8	0.12982	0.04565	0.78275	0.04178
V9	0.24984	0.20286	0.03886	0.50844
V10	0.02594	0.05381	0.85704	0.06321
V11	0.23208	0.36299	0.40353	0.00139
V12	0.05692	0.59047	0.34406	0.00854
V13	0.30339	0.68115	0.01085	0.00462
V14	0.12375	0.84527	0.03098	0
V15	0.15377	0.59877	0.10813	0.13933
V16	0.93106	0.04932	0.00445	0.01516
V17	0.13552	0.83025	0.02713	0.0071
V18	0.61334	0.34598	0.02214	0.01853
V19	0.2013	0.77915	0.01875	8e-04
V20	0.1982	0.4331	0.02263	0.34607
V21	0.12852	0.07307	0.75973	0.03867
V22	0.0366	0.06086	0.19196	0.71058
V23	0.39434	0.05945	0.53789	0.00832
V24	0.92372	0.04689	0.02939	0
V25	0.37093	0.22361	0.11107	0.2944
V26	0.42844	0.37839	0.00828	0.18489
V27	0.10922	0.03065	0.05015	0.80998
V28	0.05094	0.08482	0.83506	0.02918
V29	0.46017	0.04064	0.47215	0.02704
V30	0.11044	0.18966	0.26536	0.43453
V31	0.21573	0.17783	0.28174	0.3247
V32	0.09554	0.01088	0.06113	0.83246
V33	0.07061	0.50376	0.3386	0.08703
V34	0.12843	0.05785	0.77374	0.03997
V35	0.20202	0.71238	0.07306	0.01254
V36	0.01411	0.02766	0.45287	0.50537
V37	0.57178	0.06191	0.07289	0.29342
V38	0.42966	0	0.15221	0.41812
V39	0.19911	0.56716	0.11481	0.11891
V40	0.14915	0.76725	0.0836	0
V41	0.05174	0.64648	0.05259	0.24919
V42	0.22102	0.01747	0.19124	0.57026
V43	0.14716	0.34471	0.4817	0.02643
V44	0.01571	0.07598	0.72828	0.18003
V45	0.13089	0.59659	0.20188	0.07064
V46	0.82773	0.07839	0.09387	0
V47	0.48795	0.19132	0.28376	0.03696
V48	0.82841	0.16655	0	0.00504
V49	0.76207	0.18031	0	0.05762
V50	0.11447	0.80226	0.08326	0
V51	0.34215	0.41158	0.22965	0.01662
V52	0.03153	0.12174	0.80561	0.04111
V53	0.75265	0.12508	0.12227	0
V54	0.45856	0.19597	0.33247	0.01299
V55	0.21952	0.10926	0.22744	0.44378
V56	0.06632	0.00589	0.09779	0.83
V57	0.14509	0.82005	0.03385	0.001
V58	0.65675	0.00735	0.02628	0.30961
V59	0.47519	0.41369	0.08235	0.02878
V60	0.13772	0.13359	0.31591	0.41278
V61	0.83921	0.1007	0	0.06009
V62	0.90745	0.04399	0.04629	0.00228
V63	0.06682	0.8089	0.1158	0.00848
V64	0.06588	0.80882	0.01875	0.10655
V65	0.05217	4e-05	0.11304	0.83474
V66	0.25573	0.68205	0.01907	0.04315
V67	0.17279	0.33211	0.4843	0.0108
V68	0.16634	0.10799	0.03736	0.6883
V69	0.03692	0.31179	0.60223	0.04906
V70	0.58955	0.14806	0.15152	0.11087
V71	0.16502	0.05904	0.36424	0.41171
V72	0.62209	0.15102	0.06867	0.15822
V73	0.18731	0.62176	0.12364	0.06728
V74	0.07829	0.23149	0.67927	0.01094
V75	0.75214	0.01096	0.15818	0.07873
V76	0.02421	0.12987	0.17748	0.66843
V77	0.07205	0.23308	0.03153	0.66335
V78	0.31874	0.09895	0.17157	0.41074
V79	0.00895	0.10393	0.79025	0.09687
V80	0.36246	0.0282	0.52274	0.0866
V81	0.06709	0.1717	0.74503	0.01619
V82	0.02439	0.09853	0.85013	0.02696
V83	0.14483	0.13938	0.0772	0.63859
V84	0.40591	0.03465	0.14659	0.41286
V85	0.12545	0.31283	0.39131	0.17041
V86	0.04822	0.07052	0.83064	0.05063
V87	0.08424	0.81234	0.05796	0.04546
V88	0.16479	0.0445	0.25386	0.53684
V89	0.03863	0.00424	0.1939	0.76323
V90	0.08168	0.85095	0.06493	0.00245
V91	0.07615	0.7344	0.17307	0.01638
V92	0.48257	0.02803	0.35717	0.13223
V93	0.89879	0.02365	0	0.07757
V94	0.05511	0.39732	0.03824	0.50933
V95	0.29159	0.43688	0.13893	0.1326
V96	0.09152	0.06441	0.05185	0.79222
V97	0.72307	0.1084	0.16853	0
V98	0.71277	0.28723	0	0
V99	0.82685	0.05653	0.11662	0
V100	0.08207	0.05838	0.82475	0.03481
V101	0.07393	0.01813	0.06262	0.84532
V102	0.9364	0.05953	0.00049	0.00358
V103	0.04326	0.02506	0.10495	0.82673
V104	0.09485	0.86903	0.03612	0
V105	0.11379	0.84953	0.03669	0
V106	0.14785	0.52584	0.29803	0.02828
V107	0.19816	0.20245	0.55293	0.04647
V108	0.1936	0.71239	0.094	0
V109	0.01956	0.14841	0.58634	0.24569
V110	0.10667	0.83848	0.04778	0.00707
V111	0.92753	0.01884	0.05322	0.00042
V112	0.12867	0.05131	0.4189	0.40113
V113	0.194	0.08363	0.16837	0.55401
V114	0.24179	0.02885	0.08122	0.64813
V115	0.05355	0.7364	0.21005	0
V116	0.16169	0.31252	0.35694	0.16884
V117	0.71819	0.24785	0.01493	0.01903
V118	0.20107	0.56897	0.03349	0.19647
V119	0.12322	0.0488	0.06626	0.76172
V120	0.08332	0.08958	0.80169	0.02541
V121	0.64192	0.12229	0.06763	0.16817
V122	0.96145	0.02473	0.00854	0.00529
V123	0.04593	0.47412	0.05641	0.42354
V124	0.68854	0.27862	0	0.03284
V125	0.42541	0.42117	0.14666	0.00676
V126	0.06344	0.10598	0.06907	0.76151
V127	0.16371	0.03513	0.24325	0.55791
V128	0.0559	0.00452	0.12057	0.81901
V129	0.62572	0.2316	0.12891	0.01378
V130	0.04634	0.64914	0.30248	0.00204
V131	0.08377	0.84276	0.01908	0.05439
V132	0.95225	0.02203	0.01533	0.01039
V133	0.93253	0.03064	0.03338	0.00344
V134	0.13495	0.37336	0.12468	0.36702
V135	0.08596	0.00814	0.17509	0.73081
V136	0.27456	0.38057	0.01184	0.33303
V137	0.69563	0.04413	0.20741	0.05282
V138	0.24395	0.40144	0.16414	0.19047
V139	0.38296	0.1983	0.17778	0.24096
V140	0.05705	0.05783	0.07582	0.80931
V141	0.06595	0.14827	0.53835	0.24742
V142	0.80202	0.02553	0.17245	0
V143	0.47026	0.25199	0.05171	0.22605
V144	0.17457	0.13108	0.16102	0.53332
V145	0.04773	0.74249	0.20954	0.00023
V146	0.08622	0.0055	0.06566	0.84262
V147	0.93829	0.03442	0.00439	0.0229
V148	0.12837	0.07312	0.57477	0.22374
V149	0.29352	0.51728	0.18921	0
V150	0.09315	0.24611	0.58297	0.07777
V151	0.24402	0.6234	0.03098	0.10161
V152	0.26685	0.45315	0.19856	0.08144
V153	0.15076	0.73599	0.02347	0.08979
V154	0.27221	0.46868	0.24245	0.01666
V155	0.51459	0.14548	0.25523	0.0847
V156	0.03507	0.14053	0.6896	0.13479
V157	0.32859	0.15194	0.29508	0.22439
V158	0.07129	0.00575	0.07262	0.85034
V159	0.90223	0.06947	0	0.0283
V160	0.72327	0.00836	0.0438	0.22457
V161	0.20727	0.00105	0.05039	0.7413
V162	0.08972	0.26328	0.08678	0.56021
V163	0.12777	0.49005	0.15807	0.22411
V164	0.37527	0.30221	0.09133	0.23119
V165	0.05171	0.2101	0.03485	0.70334
V166	0.04162	0.06513	0.08955	0.80371
V167	0.34049	0	0.0221	0.63741
V168	0.32265	0.57527	0.06579	0.03629
V169	0.19074	0.03417	0.05396	0.72113
V170	0.10226	0.02432	0.51065	0.36277
V171	0.14055	0.24687	0.57359	0.039
V172	0.74308	0.02516	0.23097	0.00079
V173	0.05542	0.1062	0.06412	0.77426
V174	0.04648	0.1238	0.09057	0.73915
V175	0.06037	0.03537	0.76768	0.13658
V176	0.05903	0.78321	0.15776	0
V177	0.08008	0.88091	0.03285	0.00615
V178	0.05905	0.73206	0.02225	0.18664
V179	0.15969	0.00897	0.36553	0.4658
V180	0.09243	0.81901	0.08856	0
V181	0.16755	0.1336	0.53407	0.16477
V182	0.32346	0.1878	0.43751	0.05123
V183	0.22067	0.75739	0.02194	0
V184	0.93864	0.03468	0.02269	0.00399
V185	0.59572	0.39779	0.00649	0
V186	0.14746	0.49073	0.24583	0.11598
V187	0.952	0.0258	0.0222	0
V188	0.08883	0.18651	0.03019	0.69447
V189	0.84495	0.0291	0	0.12595
V190	0.68804	0.03211	0.27833	0.00152
V191	0.19834	0.21491	0.54955	0.0372
V192	0.33972	0.46381	0.04026	0.15622
V193	0.64414	0.03898	0.20448	0.1124
V194	0.09359	0.86884	0.02828	0.00929
V195	0.03287	0.0756	0.86407	0.02746
V196	0.05971	0.04435	0.05604	0.8399
V197	0.41244	0.04005	0.02565	0.52185
V198	0.09237	0.51646	0.34343	0.04774
V199	0.16333	0.01645	0.16757	0.65265
V200	0.16687	0.54764	0.02341	0.26208
V201	0.12998	0.56228	0.17496	0.13278
V202	0.01536	0.04045	0.75364	0.19055
V203	0.18826	0.44037	0.35807	0.0133
V204	0.05013	0.49172	0.02602	0.43214
V205	0.03121	0.08828	0.85098	0.02953
V206	0.05877	0.12088	0.80097	0.01937
V207	0.14722	0.1571	0.06154	0.63414
V208	0.25697	0.08697	0.6382	0.01786
V209	0.3398	0.46719	0.05606	0.13695
V210	0.12909	0.75701	0.08492	0.02897
V211	0.41655	0.00994	0.03518	0.53833
V212	0.53517	0.05605	0.39197	0.01681
V213	0.6742	0.03085	0.08431	0.21064
V214	0.35092	0.14998	0.15066	0.34845
V215	0.29233	0.07662	0.02771	0.60334
V216	0.07985	0.00153	0.06769	0.85093
V217	0.07193	0.49311	0.22055	0.2144
V218	0.12619	0.4407	0.16006	0.27305
V219	0.14768	0.61914	0.01844	0.21474
V220	0.06284	0.78984	0.02184	0.12548
V221	0.8248	0.0149	0	0.16031
V222	0.33817	0.13467	0.34764	0.17952
V223	0.01152	0.14937	0.75383	0.08527
V224	0.93689	0.03267	0.02829	0.00215
V225	0.10777	0.82802	0.06421	0
V226	0.31702	0.10098	0.56688	0.01512
V227	0.81632	0.02123	0.15783	0.00462
V228	0.82002	0.06831	0.0393	0.07238
V229	0.03031	0.06539	0.86588	0.03842
V230	0.06517	0.01319	0.06609	0.85555
V231	0.04155	0.23852	0.11492	0.60501
V232	0.09017	0.62118	0.01399	0.27466
V233	0.60895	0.08991	0.16878	0.13237
V234	0.09246	0.85942	0.04568	0.00244
V235	0.3908	0.0776	0.50455	0.02705
V236	0.04264	0.08645	0.78449	0.08642
V237	0.15991	0.00317	0.05736	0.77957
V238	0.16073	0.56608	0.23862	0.03457
V239	0.09841	0.36162	0.03336	0.50661
V240	0.51748	0.05253	0.38875	0.04124
V241	0.02471	0.04977	0.84526	0.08027
V242	0.17073	0.74385	0.08542	0
V243	0.24158	0.05812	0.62075	0.07955
V244	0.20221	0.02982	0.67534	0.09263
V245	0.64224	0.29504	0.02746	0.03526
V246	0.06048	0.16703	0.74302	0.02947
V247	0.17402	0.06606	0.74437	0.01555
V248	0.05842	0.01778	0.07755	0.84625
V249	0.00889	0.07171	0.83937	0.08003
V250	0.7928	0.02225	0.18457	0.00039
V251	0.93988	0.05465	0.00547	0
V252	0.06957	0.78372	0.14671	0
V253	0.37333	0.0608	0.14896	0.4169
V254	0.0707	0.86426	0.06503	0
V255	0.10242	0.85321	0.02122	0.02315
V256	0.18741	0.22226	0.50525	0.08507
V257	0.4495	0.09787	0.21277	0.23986
V258	0.19358	0.27121	0.40905	0.12616
V259	0.04555	0.30316	0.61078	0.04051
V260	0.02042	0.29698	0.66768	0.01492
V261	0.65646	0.03677	0.16576	0.14101
V262	0.10918	0.03676	0.04909	0.80497
V263	0.08277	0.87723	0.02864	0.01137
V264	0.16061	0.03609	0.41625	0.38706
V265	0.05342	0	0.1415	0.80508
V266	0.65377	0.33523	0.011	0
V267	0.01768	0.14751	0.27256	0.56225
V268	0.38567	0.01727	0.12909	0.46798
V269	0.03488	0.56376	0.36125	0.04011
V270	0.68549	0.03342	0.20897	0.07211
V271	0.84148	0.06802	0.01077	0.07973
V272	0.10558	0.7922	0.02214	0.08008
V273	0.08022	0.01096	0.06882	0.84
V274	0.74188	0.01034	0.15023	0.09755
V275	0.03304	0.07808	0.85897	0.02991
V276	0.54056	0.33006	0	0.12937
V277	0.05558	0.17062	0.15735	0.61644
V278	0.04442	0.04163	0.27455	0.6394
V279	0.73485	0.05933	0.08104	0.12478
V280	0.07129	0.00575	0.07262	0.85034
V281	0.56869	0.03056	0.11598	0.28476
V282	0.05292	0.08937	0.79081	0.0669
V283	0.24627	0.57653	0.05291	0.12429
V284	0.08357	0.84879	0.06764	0
V285	0.09642	0.06673	0.81396	0.02288
V286	0.28051	0.55227	0.09224	0.07498
V287	0.14468	0.82202	0.02651	0.00679
V288	0.02717	0.26761	0.41588	0.28933
V289	0.30315	0.22822	0.39883	0.0698
V290	0.82282	0.16327	0.0139	0
V291	0.51343	0.08328	0.39375	0.00955
V292	0.94151	0.01906	0	0.03943
V293	0.29774	0.04031	0.62047	0.04149
V294	0.11955	0.32358	0.01827	0.5386
V295	0.03684	0.1408	0.18537	0.637
V296	0.1784	0.13056	0.60246	0.08858
V297	0.0898	0	0.0904	0.81979
V298	0.30695	0.11991	0.55918	0.01396
V299	0.09492	0.22825	0.03324	0.64359
V300	0.02445	0.01828	0.21973	0.73754
V301	0.11762	0.12008	0.63927	0.12303
V302	0.6734	0.3266	0	0
V303	0.03087	0.59818	0.34681	0.02414
V304	0.04952	0.04345	0.72757	0.17946
V305	0.12483	0.15437	0.44926	0.27153
V306	0.84893	0.09697	0.0265	0.0276
V307	0.07942	0.87827	0.03794	0.00437
V308	0.24591	0.2246	0.2804	0.24909
V309	0.3562	0.29712	0.02137	0.32531
V310	0.09802	0.28605	0.147	0.46894
V311	0.53926	0.45596	0.00478	0
V312	0.13696	0.7281	0.12735	0.00759
V313	0.04595	0.07489	0.05905	0.82011
V314	0.04753	0.44825	0.11125	0.39296
V315	0.15707	0.61113	0.03625	0.19555
V316	0.32453	0.13584	0.37061	0.16901
V317	0.12757	0.68491	0.04446	0.14306
V318	0.07516	0.51708	0.02583	0.38192
V319	0.05821	0.08637	0.81413	0.04128
V320	0.07515	0.14937	0.64219	0.1333
V321	0.64427	0.34479	0.01093	0
V322	0.21202	0.29808	0.06887	0.42102
V323	0.07012	0.00972	0.10245	0.81771
V324	0.69942	0.25214	0.04377	0.00466
V325	0.33319	0.61901	0.0478	0
V326	0.03672	0.53316	0.09444	0.33568
V327	0.044	0.10758	0.11263	0.73578
V328	0.04092	0.04236	0.72647	0.19025
V329	0.17246	0.09139	0.15981	0.57635
V330	0.39242	0.01255	0.31403	0.281
V331	0.34013	0.07019	0.04186	0.54782
V332	0.03136	0.03052	0.17863	0.75949
V333	0.44306	0.08108	0.36424	0.11161
V334	0.35421	0.0127	0.33812	0.29496
V335	0.03696	0.33795	0.4983	0.12679
V336	0.21291	0.6868	0.01913	0.08116
V337	0.30735	0.41358	0.26168	0.01739
V338	0.0745	0.88317	0.04089	0.00144
V339	0.12743	0.05604	0.795	0.02153
V340	0.06123	0.2248	0.5168	0.19717
V341	0.0529	0.01818	0.08942	0.83949
V342	0.23862	0.02135	0.59821	0.14182
V343	0.95638	0.03519	0.00774	0.00069
V344	0.6957	0.15516	0.14913	0
V345	0.05331	0.07974	0.84039	0.02655
V346	0.23233	0.10311	0.26824	0.39631
V347	0.05956	0.00384	0.1317	0.8049
V348	0.09251	0.65113	0.1278	0.12856
V349	0.3639	0.17146	0.36323	0.10141
V350	0.08214	0.75678	0.16108	0
V351	0.02363	0.02375	0.3706	0.58202
V352	0.04386	0.0488	0.81949	0.08785
V353	0.90974	0.03238	0.01228	0.04559
V354	0.08339	0.69156	0.19975	0.02531
V355	0.27767	0.07993	0.44635	0.19605
V356	0.05501	0.01122	0.11166	0.8221
V357	0.12941	0.32097	0.26566	0.28396
V358	0.55885	0.09584	0.03252	0.31278
V359	0.57834	0.05014	0.02088	0.35064
V360	0.5743	0.41602	0.00968	0
V361	0.02743	0.45616	0.50699	0.00942
V362	0.07339	0.88024	0.04569	0.00068
V363	0.16889	0.1149	0.45809	0.25813
V364	0.14856	0.07677	0.67196	0.10271
V365	0.25046	0.01352	0.03392	0.70209
V366	0.11586	0.67305	0.07552	0.13557
V367	0.5836	0.12824	0	0.28816
V368	0.12834	0.72197	0.07544	0.07425
V369	0.03962	0.40833	0.5434	0.00866
V370	0.31304	0.28759	0.37809	0.02128
V371	0.22357	0.7061	0.02678	0.04355
V372	0.15699	0.03574	0.1178	0.68946
V373	0.07842	0.12987	0.4603	0.33141
V374	0.78728	0.03192	0.18081	0
V375	0.05532	0.02227	0.1444	0.77801
V376	0.05345	0.01674	0.11086	0.81895
V377	0.79976	0.00761	0	0.19263
V378	0.01743	0.0241	0.37905	0.57942
V379	0.34091	0.17179	0.01367	0.47363
V380	0.14638	0.05613	0.1871	0.61039
V381	0.76569	0.01787	0.06383	0.15261
V382	0.08829	0.0721	0.81828	0.02133
V383	0.8588	0.01569	0.0261	0.09942
V384	0.57953	0.07371	0.10743	0.23933
V385	0.88747	0.02739	0.04654	0.0386
V386	0.2864	0.00855	0.13421	0.57084
V387	0.62301	0.14918	0.15743	0.07038
V388	0.40172	0.33082	0.1254	0.14205
V389	0.44172	0.51373	0.00181	0.04274
V390	0.30863	0.26812	0.42125	0.002
V391	0.41213	0.08844	0.01736	0.48207
V392	0.44787	0.22026	0.1432	0.18867
V393	0.29379	0.23326	0.32851	0.14445
V394	0.10479	0.19088	0.11223	0.5921
V395	0.24291	0.39314	0.18355	0.1804
V396	0.07179	0.88484	0.03228	0.01109
V397	0.81569	0.09073	0.07192	0.02166
V398	0.45882	0.12641	0.07921	0.33556
V399	0.22131	0.55918	0.1314	0.08812
V400	0.03945	0.5483	0.0698	0.34245
V401	0.03707	0.16601	0.71315	0.08377
V402	0.79957	0.17186	0.02857	0
V403	0.05452	0.01103	0.09552	0.83893
V404	0.09011	0.20258	0.60697	0.10034
V405	0.20966	0.02307	0.15618	0.61109
V406	0.67456	0.24602	0	0.07942
V407	0.0745	0.88317	0.04089	0.00144
V408	0.09825	0.23769	0.38424	0.27982
V409	0.06639	0.01144	0.07331	0.84886
V410	0.1343	0.82057	0.03864	0.00649
V411	0.41832	0.00475	0.0097	0.56723
V412	0.15211	0.07689	0.48798	0.28302
V413	0.08338	0.4734	0.17103	0.27218
V414	0.06055	0.51308	0.30789	0.11848
V415	0.44842	0.03272	0.20927	0.30959
V416	0.0418	0.11474	0.82103	0.02244
V417	0.40288	0.5878	0.00931	0
V418	0.08094	0.07625	0.13927	0.70353
V419	0.06896	0.00276	0.07659	0.85169
V420	0.05761	0.84112	0.02964	0.07163
V421	0.14636	0.05697	0.67293	0.12374
V422	0.07613	0.03739	0.05278	0.83369
V423	0.08207	0.05838	0.82475	0.03481
V424	0.00226	0.05611	0.59554	0.34609
V425	0.06143	0.2421	0.58665	0.10982
V426	0.08162	0.07045	0.77249	0.07544
V427	0.08873	0.37883	0.18344	0.349
V428	0.13005	0.75384	0.05289	0.06321
V429	0.06498	0.00195	0.08143	0.85164
V430	0.78275	0.165	1e-04	0.05216
V431	0.17078	0.02942	0.43659	0.36321
V432	0.11485	0.06392	0.06658	0.75464
V433	0.10341	0.69549	0.01335	0.18775
V434	0.32747	0.06101	0.05122	0.5603
V435	0.50825	0.01213	0.10351	0.37612
V436	0.36653	0.00939	0.10464	0.51944
V437	0.23782	0.19669	0.015	0.55048
V438	0.63623	0.15477	0.01427	0.19474
V439	0.0643	0.0668	0.05031	0.81859
V440	0.47249	0.03227	0.02881	0.46643
V441	0.06495	0.13258	0.59005	0.21243
V442	0.34041	0.34042	0.12087	0.1983
V443	0.77184	0.01195	0.06418	0.15203
V444	0.05331	0.07974	0.84039	0.02655
V445	0.63838	0.0353	0.30423	0.0221
V446	0.08453	0.80373	0.05799	0.05374
V447	0.66626	0.09946	0.14529	0.08899
V448	0.03839	0.04445	0.18552	0.73164
V449	0.58682	0.05093	0.26671	0.09553
V450	0.19212	0.76902	0.03886	0
V451	0.93175	0.05802	0	0.01023
V452	0.06044	0.0058	0.09567	0.8381
V453	0.84331	0.08071	0.0396	0.03638
V454	0.06084	0.86996	0.06434	0.00486
V455	0.62911	0.04564	0.26967	0.05558
V456	0.33659	0.1256	0.36898	0.16883
V457	0.06596	0.01807	0.06796	0.84801
V458	0.27292	0.19881	0.01187	0.51639
V459	0.06162	0.77511	0.08922	0.07405
V460	0.95337	0.02433	0.01768	0.00462
V461	0.08756	0.01771	0.0547	0.84003
V462	0.35592	0.22426	0.00166	0.41816
V463	0.2811	0.48126	0.13785	0.09979
V464	0.50569	0.0917	0	0.40261
V465	0.42996	0.42358	0.01398	0.13249
V466	0.60048	0.17788	0	0.22164
V467	0.34224	0.57341	0.06464	0.01971
V468	0.52782	0.40524	0.03153	0.03541
V469	0.03149	0.14878	0.2737	0.54604
V470	0.57694	0.12743	0.15277	0.14286
V471	0.2595	0.08571	0.04144	0.61335
V472	0.33972	0.30921	9e-05	0.35098
V473	0.12702	0.55451	0.30539	0.01307
V474	0.11674	0	0.11127	0.77199
V475	0.20473	0.3828	0.07531	0.33717
V476	0.15712	0.00719	0.07271	0.76298
V477	0.62371	0.04568	0.1774	0.15321
V478	0.16763	0.56268	0.01186	0.25783
V479	0.01722	0.10301	0.78369	0.09609
V480	0.10212	0.26777	0.05561	0.5745
V481	0.14313	0.05647	0.77489	0.02551
V482	0.7331	0.16473	0.08103	0.02115
V483	0.13229	0.08243	0.0809	0.70438
V484	0.05724	0.04447	0.06239	0.83589
V485	0.16147	0.71318	0.0164	0.10895
V486	0.28463	0.25302	0.11628	0.34607
V487	0.08336	0.02815	0.09937	0.78913
V488	0.01198	0.04675	0.82082	0.12044
V489	0.21434	0.12329	0.64512	0.01726
V490	0.36132	0.3064	0.05717	0.27511
V491	0.46939	0.46765	0.0199	0.04306
V492	0.07696	0.79827	0.12477	0
V493	0.07976	0.01047	0.06893	0.84084
V494	0.19543	0.16548	0.5087	0.13039
V495	0.2538	0.61949	0.11994	0.00677
V496	0.30432	0.66419	0.00427	0.02721
V497	0.03948	0.07001	0.86087	0.02965
V498	0.30786	0.08811	0.05089	0.55314
V499	0.63816	0.26676	0.09508	0
V500	0.0991	0.1409	0.7152	0.04481
V501	0.06476	0.005	0.08592	0.84431
V502	0.5798	0.28401	0.1225	0.01369
V503	0.19342	0.08505	0.18644	0.53509
V504	0.26594	0.67831	0.01249	0.04326
V505	0.20646	0.2064	0.24025	0.34689
V506	0.09759	0.25553	0.43937	0.20751
V507	0.64243	0.10466	0.09356	0.15935
V508	0.78538	0.16783	0.01985	0.02693
V509	0.22393	0.07172	0.4952	0.20915
V510	0.24852	0.5235	0.22798	0
V511	0.07779	0.37744	0.0545	0.49028
V512	0.23145	0.03596	0.08216	0.65044
V513	0.11087	0.64703	0.19088	0.05122
V514	0.06569	0.03958	0.05557	0.83916
V515	0.79883	0.06695	0.02507	0.10915
V516	0.90479	0.09395	0.00125	0
V517	0.04897	0.01673	0.23504	0.69926
V518	0.94319	0.05047	0.00507	0.00126
V519	0.07978	0.81984	0.02083	0.07956
V520	0.02493	0.01816	0.58906	0.36785
V521	0.58661	0.06069	0.33019	0.02251
V522	0.01074	0.12499	0.5601	0.30417
V523	0.36506	0.12633	0.23925	0.26935
V524	0.05205	0.75553	0.17543	0.01699
V525	0.25991	0.18066	0.03163	0.5278
V526	0.66903	0.08188	0.05124	0.19784
V527	0.1965	0.02661	0.38014	0.39675
V528	0.14545	0.81144	0.01456	0.02855
V529	0.0649	0.04623	0.20999	0.67888
V530	0.01243	0.21169	0.66391	0.11197
V531	0.07955	0.80367	0.11678	0
V532	0.18916	0.29599	0.03437	0.48049
V533	0.30253	0.35109	0.12401	0.22237
V534	0.00864	0.03349	0.68134	0.27653
V535	0.5335	0	0.01141	0.45509
V536	0.18338	0.00167	0.35227	0.46268
V537	0.61722	0.26264	0.12013	0
V538	0.45088	0.05043	0.0732	0.42549
V539	0.29159	0.43688	0.13893	0.1326
V540	0.23296	0.6837	0.06331	0.02004
V541	0.05255	0.47035	0.07061	0.40649
V542	0.1956	0.1199	0.23903	0.44546
V543	0.89566	0.0163	0	0.08804
V544	0.10719	0.06978	0.16297	0.66006
V545	0.36532	0.13109	0.06173	0.44185
V546	0.09814	0.82973	0.07213	0
V547	0.07114	0.63821	0.28408	0.00657
V548	0.18998	0.73218	0.07783	0
V549	0.32318	0.06027	0.59975	0.0168
V550	0.57311	0.02775	0	0.39914
V551	0.21341	0.71662	0.03445	0.03552
V552	0.04296	0.47828	0.02806	0.4507
V553	0.22882	0.1673	0.58192	0.02196
V554	0.07475	0.05904	0.05659	0.80961
V555	0.09929	0.21759	0.32009	0.36302
V556	0.01681	0.07333	0.86257	0.04729
V557	0.83185	0.03434	0	0.13381
V558	0.1106	0.75594	0.0336	0.09986
V559	0.06672	0.75376	0.17953	0
V560	0.69416	0.30584	0	0
V561	0.03304	0.07808	0.85897	0.02991
V562	0.81231	0.01542	0.08802	0.08425
V563	0.2434	0.04644	0.69364	0.01651
V564	0.06301	0.10823	0.80321	0.02555
V565	0.13492	0.26225	0.36106	0.24178
V566	0.71114	0.09383	0	0.19503
V567	0.24167	0.42964	0.02674	0.30195
V568	0.22685	0.00043	0.06577	0.70695
V569	0.67576	0.02875	0	0.29549
V570	0.03573	0.29917	0.59754	0.06756
V571	0.83255	0.1248	0	0.04265
V572	0.45461	0.02362	0.41857	0.10319
V573	0.08513	0.13134	0.03717	0.74636
V574	0.08092	0.76087	0.15607	0.00213
V575	0.04307	0.05812	0.12932	0.76949
V576	0.1918	0.76678	0.04142	0
V577	0.05317	0.0297	0.19922	0.71791
V578	0.05156	0.07846	0.66784	0.20214
V579	0.0619	0.83661	0.09331	0.00818
V580	0.14473	8e-05	0.11622	0.73897
V581	0.09128	0.05343	0.04454	0.81075
V582	0.59966	0.14421	0.01509	0.24105
V583	0.00926	0.05159	0.5674	0.37175
V584	0.54622	0.16794	0.25865	0.02719
V585	0.01758	0.01238	0.41754	0.5525
V586	0.22601	0.03427	0.63832	0.1014
V587	0.26205	0.04374	0.65923	0.03499
V588	0.63331	0.04305	0.01168	0.31195
V589	0.10201	0.78947	0.06332	0.04519
V590	0.08939	0.73683	0.17378	0
V591	0.02627	0.02459	0.19444	0.7547
V592	0.16459	0.08082	0.73994	0.01465
V593	0.59752	0.00389	0.15834	0.24025
V594	0.35593	0.30365	0.30368	0.03675
V595	0.06995	0.01267	0.06451	0.85287
V596	0.05338	0.25426	0.21691	0.47545
V597	0.02904	0.58225	0.31262	0.07608
V598	0.0291	0.14459	0.80047	0.02585
V599	0.65254	0.32053	0.01603	0.0109
V600	0.38426	0.47406	0.03811	0.10356
V601	0.17463	0.24811	0.08128	0.49598
V602	0.07284	0.01306	0.06108	0.85302
V603	0.04718	0.31606	0.03625	0.6005
V604	0.54044	0.13198	0.3068	0.02078
V605	0.08093	0.33176	0.38311	0.2042
V606	0.75223	0.15114	0	0.09663
V607	0.66719	0.01552	0.08429	0.233
V608	0.22566	0.16566	0.36691	0.24177
V609	0.04258	0.20917	0.22531	0.52294
V610	0.79704	0.02779	0.06368	0.1115
V611	0.26713	0.00192	0.06108	0.66988
V612	0.02686	0.11537	0.78176	0.07601
V613	0.0479	0.34545	0.56758	0.03907
V614	0.78905	0.06643	0.0253	0.11922
V615	0.13641	0.03667	0.04115	0.78577
V616	0.11754	0.68383	0.04577	0.15286
V617	0.48676	0.17941	0.33384	0
V618	0.71864	0.00912	0	0.27224
V619	0.38699	0.03635	0.29559	0.28107
V620	0.04634	0.64914	0.30248	0.00204
V621	0.44298	0.15427	0.15384	0.24892
V622	0.37335	0.24189	0.36321	0.02155
V623	0.04163	0.05146	0.14366	0.76325
V624	0.802	0.19256	0	0.00544
V625	0.29247	0.4958	0.08368	0.12805
V626	0.95274	0.04047	0.00068	0.00611
V627	0.04748	0.0135	0.10038	0.83864
V628	0.04162	0.1735	0.04775	0.73713
V629	0.13923	0.2859	0.26534	0.30954
V630	0.04808	0.34301	0.56171	0.04719
V631	0.04256	0.15446	0.10959	0.69338
V632	0.59184	0.00213	0.11348	0.29255
V633	0.00375	0.06262	0.79604	0.13758
V634	0.41767	0.28135	0.30098	0
V635	0.07595	0.71696	0.01961	0.18748
V636	0.11768	0.119	0.6298	0.13351
V637	0.3122	0.18301	0.07958	0.42522
V638	0.39424	0.25079	0.05604	0.29894
V639	0.29137	0.43227	0.27635	0
V640	0.0384	0.17199	0.73437	0.05525
V641	0.90835	0.04787	0.00641	0.03737
V642	0.77886	0.17134	0	0.0498
V643	0.01565	0.17476	0.4358	0.37379
V644	0.91607	0.08193	0	0.002
V645	0.28132	0.42662	0.2817	0.01036
V646	0.08111	0.87982	0.03878	0.00028
V647	0.14012	0.10925	0.68802	0.06261
V648	0.43728	0.43966	0.11007	0.01299
V649	0.02724	0.0912	0.81363	0.06793
V650	0.05391	0.11206	0.75895	0.07509
V651	0.30854	0.0445	0.63347	0.01349
V652	0.08847	0.08694	0.4218	0.40278
V653	0.15657	0.65821	0.08944	0.09578
V654	0.73027	0.19909	0.03469	0.03595
V655	0.07615	0.53141	0.03189	0.36055
V656	0.21898	0.23954	0.02029	0.52119
V657	0.06237	0.04571	0.05483	0.83709
V658	0.6328	0.20824	0.036	0.12296
V659	0.33236	0.09452	0.34682	0.22631
V660	0.08991	0.87202	0.02679	0.01129
V661	0.08636	0.38291	0.06089	0.46984
V662	0.41881	0.03115	0.44574	0.1043
V663	0.23633	0.08763	0.55579	0.12025
V664	0.19716	0.09018	0.66113	0.05154
V665	0.72234	0.18587	0.01959	0.0722
V666	0.58516	0.00017	0.08198	0.33269
V667	0.77788	0.08343	0.13869	0
V668	0.16511	0.74558	0.08931	0
V669	0.2534	0.42155	0.23085	0.0942
V670	0.1298	0.8381	0.02278	0.00932
V671	0.38525	0.29749	0.2341	0.08316
V672	0.0268	0.06929	0.85911	0.04479
V673	0.25404	0.37235	0.21318	0.16043
V674	0.74847	0.14319	0	0.10835
V675	0.15305	0.3297	0.30432	0.21293
V676	0.05225	0.08152	0.11236	0.75387
V677	0.41108	0.40356	0.07839	0.10698
V678	0.53251	0.45797	0.00952	0
V679	0.05985	0.32741	0.59642	0.01632
V680	0.33012	0.54807	0.11649	0.00532
V681	0.91412	0.07171	0	0.01417
V682	0.12049	0.31375	0.52919	0.03656
V683	0.09029	0.8573	0.05241	0
V684	0.73631	0.16238	0.06392	0.03739
V685	0.52392	0.34964	0.09719	0.02925
V686	0.10174	0.15402	0.14616	0.59808
V687	0.07241	0.00694	0.0668	0.85384
V688	0.39644	0.49632	0	0.10724
V689	0.23371	0	0.05931	0.70699
V690	0.48592	0.05794	0.3957	0.06044
V691	0.15627	0.05426	0.76986	0.01962
V692	0.07673	0.15634	0.69461	0.07232
V693	0.23211	0.10986	0.35441	0.30362
V694	0.02496	0.01922	0.2716	0.68422
V695	0.22793	0.00188	0.14688	0.62331
V696	0.09212	0.05831	0.04912	0.80045
V697	0.06199	0.03208	0.05916	0.84677
V698	0.83147	0.01587	0	0.15266
V699	0.59582	0.28616	0.04443	0.07358
V700	0.21932	0.01591	0.03275	0.73201
V701	0.14118	0.51433	0.10254	0.24194
V702	0.54117	0.0745	0.00233	0.38201
V703	0.12808	0.05569	0.47416	0.34207
V704	0.84593	0.05153	0.00501	0.09753
V705	0.96102	0.01555	0.00532	0.01811
V706	0.07149	0.07459	0.75872	0.09521
V707	0.05473	0.43962	0.471	0.03465
V708	0.08701	0.82806	0.03178	0.05316
V709	0.14302	0.27769	0.505	0.07429
V710	0.63132	0.20753	0.0285	0.13265
V711	0.13007	0.77025	0.08619	0.01349
V712	0.82822	0.05845	0	0.11333
V713	0.45545	0.29037	0.021	0.23317
V714	0.05299	0.62446	0.03369	0.28886
V715	0.32352	0.34507	0.27647	0.05493
V716	0.06248	0.02419	0.07456	0.83877
V717	0.13317	0.83871	0.02445	0.00367
V718	0.17543	0.56267	0.16177	0.10013
V719	0.09743	0.67903	0.04039	0.18315
V720	0.72875	0.01277	0.19609	0.0624
V721	0.1255	0.16698	0.46124	0.24628
V722	0.11564	0.29523	0.02799	0.56114
V723	0.11856	0.05863	0.04094	0.78187
V724	0.58319	0.02816	0.06478	0.32386
V725	0.0122	0.12483	0.81969	0.04328
V726	0.06082	0.34676	0.12134	0.47107
V727	0.29168	0.62946	0.07886	0
V728	0.08004	0.82475	0.09521	0
V729	0.39738	0.01086	0.14671	0.44504
V730	0.92053	0.04186	0.02276	0.01485
V731	0.03459	0.18289	0.38319	0.39933
V732	0.3574	0.08421	0.33346	0.22492
V733	0.67268	0.184	0.01255	0.13078
V734	0.25248	0.32062	0.42493	0.00197
V735	0.01979	0.02786	0.45527	0.49708
V736	0.14805	0.00583	0.04566	0.80046
V737	0.34956	0.29397	0.2187	0.13777
V738	0.09011	0.33826	0.43478	0.13685
V739	0.00404	0.02638	0.57222	0.39736
V740	0.8631	0.09157	0.04468	0.00065
V741	0.49563	0.09954	0.10411	0.30071
V742	0.4191	0.55754	0.02336	0
V743	0.13537	0.16125	0.67706	0.02631
V744	0.53924	0.0516	0.30118	0.10798
V745	0.05278	0.68069	0.1675	0.09903
V746	0.95735	0.0289	0.00821	0.00554
V747	0.05028	0.02429	0.69088	0.23455
V748	0.11946	0.11284	0.57842	0.18929
V749	0.28156	0.15461	0.05136	0.51247
V750	0.43719	0.45457	0.00742	0.10082
V751	0.09559	0.82379	0.04414	0.03649
V752	0.48459	0.2285	0.11225	0.17466
V753	0.07679	0.01362	0.06506	0.84452
V754	0.06959	0.85981	0.02309	0.04751
V755	0.15513	0.18899	0.32841	0.32747
V756	0.06457	0.00594	0.08036	0.84913
V757	0.36346	0.57593	0.04895	0.01166
V758	0.088	0.74467	0.11021	0.05713
V759	0.11912	0.05842	0.38589	0.43657
V760	0.28938	0.05699	0.26248	0.39116
V761	0.09824	0.57733	0.25144	0.07299
V762	0.04198	0.32423	0.03797	0.59582
V763	0.40648	0.34508	0.01625	0.23219
V764	0.06726	0.8618	0.02487	0.04606
V765	0.6697	0.08418	0	0.24612
V766	0.02909	0.31587	0.42732	0.22773
V767	0.50383	0.13046	0.21742	0.14829
V768	0.10872	0.84806	0.0354	0.00782
V769	0.18131	0.78331	0.03538	0
V770	0.08111	0.87982	0.03878	0.00028
V771	0.16582	0.05324	0.75695	0.02399
V772	0.13636	0.08212	0.7639	0.01763
V773	0.2013	0.77915	0.01875	8e-04
V774	0.03134	0.05708	0.86447	0.04711
V775	0.10981	0.03501	0.26387	0.59131
V776	0.45482	0.41814	0.03403	0.09301
V777	0.17312	0.09875	0.13303	0.59511
V778	0.56355	0.27552	0.04642	0.11451
V779	0.16105	0.04831	0.48494	0.3057
V780	0.1544	0.72117	0.12442	0
V781	0.07439	0.01742	0.06442	0.84377
V782	0.01165	0.14187	0.77097	0.07551
V783	0.80833	0.02674	0.02648	0.13845
V784	0.15582	0.8116	0.03258	0
V785	0.09292	0.86537	0.03276	0.00895
V786	0.75405	0.16118	0.05647	0.0283
V787	0.05407	0.79422	0.15171	0
V788	0.53752	0.30808	0.12402	0.03037
V789	0.09512	0.31962	0.04125	0.54401
V790	0.44164	0.02461	0.06665	0.46709
V791	0.1549	0.37949	0.3113	0.15431
V792	0.16679	0.50514	0.01168	0.31639
V793	0.15756	0.63224	0.03627	0.17393
V794	0.04357	0.10283	0.76816	0.08544
V795	0.11246	0.0276	0.07586	0.78407
V796	0.03339	0.11645	0.81665	0.0335
V797	0.78061	0.02182	0.19224	0.00532
V798	0.645	0.29698	0.05316	0.00486
V799	0.17166	0.74549	0.02974	0.0531
V800	0.06334	0.03003	0.49703	0.4096
V801	0.13683	0.11247	0.31347	0.43722
V802	0.04651	0.06504	0.25782	0.63063
V803	0.25137	0.50934	0.23929	0
V804	0.54193	0.03032	0.35861	0.06914
V805	0.0576	0.07428	0.83942	0.0287
V806	0.09953	0.85086	0.02863	0.02098
V807	0.25479	0.13086	0.04079	0.57356
V808	0.68924	0.27083	0.02137	0.01856
V809	0.06399	0.0897	0.82511	0.02119
V810	0.08445	0.87708	0.03657	0.0019
V811	0.43178	0.07476	0.1831	0.31035
V812	0.57419	0.26154	0.03039	0.13387
V813	0.62734	0.20165	0.15619	0.01483
V814	0.45245	0.51211	0.03544	0
V815	0.06139	0.85258	0.08603	0
V816	0.91582	0.02756	0.05662	0
V817	0.03718	0.10998	0.82602	0.02682
V818	0.0514	0.03171	0.074	0.84289
V819	0.85644	0.08888	0.02705	0.02763
V820	0.13468	0.07245	0.04535	0.74752
V821	0.23406	0.32956	0.36799	0.0684
V822	0.0723	0.06584	0.82707	0.03479
V823	0.0303	0.20071	0.66691	0.10208
V824	0.11351	0.38643	0.49646	0.0036
V825	0.23818	0.29095	0.23735	0.23352
V826	0.45593	0.41819	0.12587	0
V827	0.40374	0.57629	0.00867	0.0113
V828	0.22328	0.1477	0.10406	0.52496
V829	0.06516	0.19909	0.05612	0.67964
V830	0.22768	0.19994	0.03344	0.53893
V831	0.7985	0.09141	0.01153	0.09856
V832	0.29088	0.40245	0.15058	0.15609
V833	0.17393	0.50594	0.16426	0.15587
V834	0.28266	0.06131	0.07577	0.58026
V835	0.38582	0.45298	0.09534	0.06586
V836	0.0552	0.62719	0.0219	0.29571
V837	0.24295	0.37938	0.17441	0.20327
V838	0.92963	0.05151	0.01886	0
V839	0.32493	0.59108	0.08399	0
V840	0.32055	0.65424	0.02521	0
V841	0.0102	0.08008	0.83936	0.07036
V842	0.36898	0.17118	0.23971	0.22013
V843	0.01945	0.05823	0.83411	0.08821
V844	0.1106	0.08495	0.36605	0.4384
V845	0.06418	0.12921	0.73219	0.07442
V846	0.00293	0.04046	0.72545	0.23115
V847	0.07272	0.01069	0.0748	0.84179
V848	0.11661	0.50093	0.15846	0.224
V849	0.0618	0.88166	0.03173	0.0248
V850	0.96518	0.01879	0.00968	0.00635
V851	0.35751	0.51233	0.13016	0
V852	0.10729	0.03652	0.12952	0.72667
V853	0.25519	0.23659	0.38409	0.12413
V854	0.62372	0.17223	0.07725	0.12679
V855	0.07272	0.01069	0.0748	0.84179
V856	0.06199	0.34833	0.34034	0.24934
V857	0.70288	0.1748	0.01194	0.11037
V858	0.56743	0.03592	0.39227	0.00437
V859	0.68525	0.23527	0	0.07949
V860	0.186	0.0915	0.0616	0.66089
V861	0.10438	0.36792	0.51525	0.01245
V862	0.12897	0.11104	0.70614	0.05384
V863	0.19495	0.04404	0.02853	0.73248
V864	0.08021	0.02357	0.07597	0.82025
V865	0.10812	0.00529	0.25131	0.63528
V866	0.74957	0.03432	0.21111	0.005
V867	0.74351	0.04479	0.2117	0
V868	0.54065	0.28441	0.10796	0.06699
V869	0.08714	0.87544	0.03742	0
V870	0.12456	0.29961	0.03281	0.54302
V871	0.0618	0.88166	0.03173	0.0248
V872	0.02893	0.01029	0.23718	0.72361
V873	0.90777	0.04132	0.02842	0.02249
V874	0.23497	0.72007	0.04496	0
V875	0.03586	0.16172	0.19568	0.60674
V876	0.17237	0.34121	0.39535	0.09106
V877	0.06566	0.39045	0.28619	0.25769
V878	0.17628	0.75	0.07372	0
V879	0.22426	0.67276	0.03992	0.06306
V880	0.33309	0.53736	0.00063	0.12893
V881	0.13579	0.05787	0.59409	0.21226
V882	0.82672	0.0111	0.09602	0.06617
V883	0.29199	0.2209	0.48459	0.00252
V884	0.05802	0.22107	0.03264	0.68826
V885	0.71813	0.21124	0.07063	0
V886	0.0299	0.36923	0.4537	0.14718
V887	0.66176	0.06988	0.12903	0.13933
V888	0.09289	0.07127	0.73092	0.10493
V889	0.92849	0.05808	0.00561	0.00782
V890	0.03643	0.15278	0.61041	0.20038
V891	0.65204	0.06338	0.2481	0.03648
V892	0.27956	0.15913	0.01847	0.54285
V893	0.61142	0.21919	0.12098	0.04841
V894	0.07785	0.32376	0.5604	0.03799
V895	0.61725	0.07163	0.16847	0.14265
V896	0.09359	0.86884	0.02828	0.00929
V897	0.70926	0.24935	0	0.04138
V898	0.4391	0	0.01249	0.54842
V899	0.04742	0.15788	0.14025	0.65445
V900	0.09133	0.29255	0.35187	0.26425
V901	0.0881	0.7855	0.01963	0.10676
V902	0.10109	0.83945	0.05946	0
V903	0.02527	0.42802	0.50177	0.04494
V904	0.09098	0.87312	0.03441	0.00149
V905	0.14021	0	0.16884	0.69095
V906	0.39962	0.08574	0.09296	0.42168
V907	0.45405	0.5046	0.00712	0.03423
V908	0.04412	0.0312	0.09204	0.83264
V909	0.17386	0.76339	0.00991	0.05284
V910	0.15122	0	0.12279	0.72599
V911	0.54074	0.39048	0.01645	0.05233
V912	0.41275	0.32827	0.10679	0.15219
V913	0.1274	2e-04	0.0539	0.8185
V914	0.20317	0.50463	0.26555	0.02665
V915	0.20876	0	0.03928	0.75197
V916	0.24242	0.08027	0.62736	0.04996
V917	0.74125	0.03938	0.13197	0.0874
V918	0.0802	0.62585	0.21275	0.0812
V919	0.2087	0.23425	0.28234	0.27471
V920	0.64544	0.20241	0.06743	0.08472
V921	0.05736	0.12222	0.05698	0.76344
V922	0.1213	0.47512	0.36422	0.03936
V923	0.09151	0.01085	0.07066	0.82698
V924	0.07121	0.6627	0.24639	0.0197
V925	0.17191	0.02185	0.04182	0.76442
V926	0.18866	0.01343	0.05072	0.74719
V927	0.05474	0.02437	0.08165	0.83924
V928	0.09853	0.83611	0.02053	0.04483
V929	0.09255	0.62685	0.12052	0.16008
V930	0.532	0.36964	0.01689	0.08147
V931	0.14452	0.28791	0.4939	0.07367
V932	0.03541	0.12037	0.59702	0.2472
V933	0.61389	0.38241	0.00369	0
V934	0.02443	0.12706	0.26159	0.58692
V935	0.58865	0.17032	0.17984	0.06119
V936	0.54533	0.26665	0.00355	0.18446
V937	0.55899	0.12874	0.06461	0.24766
V938	0.37696	0.05362	0.28799	0.28143
V939	0.77496	0.02601	0.04811	0.15093
V940	0.06985	0.76777	0.13923	0.02315
V941	0.04134	0.0723	0.8536	0.03276
V942	0.75974	0.19275	0.04245	0.00507
V943	0.4082	0.14448	0.39659	0.05073
V944	0.0468	0.2205	0.07706	0.65563
V945	0.57986	0.3507	0	0.06944
V946	0.47793	0.2729	0.22357	0.02561
V947	0.08225	0.03948	0.21808	0.66019
V948	0.3354	0.05652	0.58452	0.02357
V949	0.02404	0.08621	0.19428	0.69546
V950	0.08263	0.52866	0.19922	0.1895
V951	0.84089	0.03434	0.12477	0
V952	0.07601	0.11238	0.25116	0.56045
V953	0.0259	0.0907	0.84008	0.04332
V954	0.05564	0.14896	0.13913	0.65626
V955	0.1558	0.57284	0.03059	0.24077
V956	0.03554	0.02998	0.49146	0.44301
V957	0.31333	0.00875	0.02017	0.65776
V958	0.07976	0.01047	0.06893	0.84084
V959	0.24214	0.27437	0.41299	0.07051
V960	0.24497	0.25469	0.07593	0.42441
V961	0.15313	0.39462	0.33094	0.12131
V962	0.37483	0.18444	0.37141	0.06933
V963	0.62481	0.17773	0.12915	0.0683
V964	0.8617	0.04471	0.0708	0.02279
V965	0.08374	0.48746	0.1805	0.2483
V966	0.95914	0.03216	0.00371	0.00498
V967	0.05419	0.0472	0.51147	0.38714
V968	0.00655	0.17061	0.74802	0.07481
V969	0.04187	0.23701	0.05751	0.66361
V970	0.04122	0.11283	0.40962	0.43633
V971	0.52093	0.0979	0.30473	0.07644
V972	0.5262	0.19523	0.03283	0.24574
V973	0.29217	0.41099	0.06878	0.22806
V974	0.05051	0.76008	0.12312	0.06628
V975	0.11404	0.30596	0.57175	0.00825
V976	0.46043	0.24818	0.09552	0.19587
V977	0.33519	0.36965	0.29516	0
V978	0.0777	0.06433	0.08323	0.77475
V979	0.81493	0.03484	0.15022	0
V980	0.95735	0.0289	0.00821	0.00554
V981	0.33501	0.04267	0.41739	0.20493
V982	0.46685	0.40072	0.05766	0.07477
V983	0.70349	0.06036	0	0.23616
V984	0.06613	0.80429	0.10744	0.02213
V985	0.09339	0.14996	0.03532	0.72133
V986	0.3491	0.51892	0.03953	0.09245
V987	0.2722	0.71155	0.01055	0.0057
V988	0.19915	0.00917	0.04047	0.75121
V989	0.46524	0.47124	0.0593	0.00421
V990	0.00161	0.0739	0.76633	0.15816
V991	0.6548	0.3452	0	0
V992	0.19292	0.01885	0.50895	0.27928
V993	0.10473	0.70972	0.15396	0.03159
V994	0.22128	0.7445	0.03422	0
V995	0.76049	0.10844	0.01198	0.11909
V996	0.26223	0.10131	0.02284	0.61362
V997	0.01792	0.04413	0.80129	0.13665
V998	0.8958	0.02628	0.03909	0.03883
V999	0.17034	0.80467	0.02498	0
V1000	0.29375	0.01485	0.02181	0.66959
