Neutrophils	Monocytes_CD14.CD16.	Macrophage	T_cells_.CD4..	NK_cells
V1	0.30494	0.1365	0.27732	0.12899	0.15225
V2	0.0139	0.80452	0.08119	0.05168	0.04871
V3	0.04631	0.02785	0.45334	0.43003	0.04247
V4	0	0.00702	0.22875	0.04765	0.71658
V5	0	0	0.05313	0.09086	0.85601
V6	0.31656	0.02705	0.29768	0.22806	0.13065
V7	0	0.04118	0.41597	0.0667	0.47615
V8	0	0.05702	0.8757	0.06248	0.0048
V9	0.03708	0.00598	0.26588	0.63883	0.05222
V10	0.45243	0.03935	0.49203	0	0.01619
V11	0.01716	0.00782	0.0988	0.05944	0.81677
V12	0.05995	0.00765	0.22402	0.30056	0.40781
V13	0.10428	0.03682	0.03851	0.42051	0.39987
V14	0.13249	0	0.07259	0.6588	0.13612
V15	0.00281	0.01619	0	0.8921	0.0889
V16	0.55451	0.07286	0.02043	0.32683	0.02537
V17	0.03831	0.23281	0.02191	0.05395	0.65302
V18	0.05473	0.43254	0.28294	0.20635	0.02345
V19	0.00976	0	0	0.10364	0.8866
V20	0	0.02902	0.72484	0.22059	0.02555
V21	0	0.25191	0.13923	0.15505	0.45382
V22	0.81046	0.08917	0.08246	0	0.01791
V23	0.05662	0.00267	0.02004	0.12428	0.79639
V24	0.4231	0.11685	0.02708	0.03333	0.39964
V25	0.00575	0.01605	0.01295	0.41535	0.5499
V26	0.44893	0.20956	0.0752	0.02847	0.23785
V27	0.08751	0.50834	0.2075	0.00236	0.19428
V28	0.00929	0.07436	0.20693	0.6303	0.07912
V29	0	0.00027	0.33062	0.60951	0.0596
V30	0.73076	0.11177	0.0406	0.00447	0.11239
V31	0.39389	0.14662	0.02059	0.22898	0.20992
V32	0.93567	0	0.01719	0	0.04714
V33	0.00095	0.18362	0.0194	0.10871	0.68731
V34	0.07248	0.8841	0.03681	0.0019	0.00472
V35	0.05837	0.63672	0.2838	0.01925	0.00187
V36	0.00657	0.1654	0.171	0.08394	0.57309
V37	0.73736	0	0.0039	0	0.25875
V38	0.10036	0.03864	0.49445	0.19528	0.17127
V39	0.30226	0.03872	0.3493	0.00208	0.30764
V40	0.18199	0.63797	0.04293	0.09543	0.04168
V41	0.00701	0.86702	0.04334	0.00161	0.08102
V42	0.86606	0.03723	0.03283	0	0.06388
V43	0.46952	0.139	0.38151	0.00503	0.00493
V44	0.01311	0.30153	0.56944	0	0.11592
V45	0.00383	0.68601	0.12089	0.13491	0.05435
V46	0.07046	0.78784	0.09805	0.02335	0.02028
V47	0	0.05315	0.93825	0	0.0086
V48	0.13803	0.13256	0.23567	0.33195	0.16179
V49	0.44838	0.15581	0.25232	0.12865	0.01485
V50	0.01059	0.07326	0.91615	0	0
V51	0.07473	0.26266	0.20938	0.05786	0.39538
V52	0.00683	0.94328	0.03862	0.00491	0.00636
V53	0.00361	0.1692	0.01195	0.7486	0.06663
V54	0.18782	0	0.01114	0.56122	0.23982
V55	0.05192	0	0	0.8709	0.07719
V56	0.04862	0	0.00171	0.76772	0.18195
V57	0.13271	0.14406	0.58072	0.01455	0.12796
V58	0.0478	0	0.13074	0.19631	0.62515
V59	0.86486	0.02359	0.10791	0	0.00364
V60	0.3991	0.21207	0.14477	0.1154	0.12866
V61	0.1647	0	0.02677	0.21723	0.59131
V62	0.04031	0.02187	0.3001	0.13009	0.50763
V63	0.36448	0.26376	0.07706	0.02524	0.26947
V64	0.94524	0.01487	0.03613	0	0.00376
V65	0.06168	0.07121	0.04072	0.62968	0.19671
V66	0.00926	0.00012	0.13304	0.78386	0.07372
V67	0	0.01431	0.33105	0.09108	0.56357
V68	0.45219	0.0149	0.42798	0.01916	0.08577
V69	0.58472	0.12459	0.22421	0.00104	0.06544
V70	0.02251	0.72653	0.07028	0.15027	0.0304
V71	0.05125	0.80474	0.07304	0.05583	0.01514
V72	0.01314	0.3848	0.0371	0.03436	0.5306
V73	0.03874	0	0.10105	0.58483	0.27539
V74	0	0.05262	0.00709	0.79378	0.14651
V75	0.45319	0.19695	0.33835	0	0.01151
V76	0	0	0.01371	0.85202	0.13426
V77	0.00993	0.04997	0.91097	0.02701	0.00212
V78	0	0.06202	0.92874	0	0.00925
V79	0.04885	0.39725	0.05538	0.1364	0.36211
V80	0.0811	0.75118	0.03145	0.0454	0.09088
V81	0.00048	0.05547	0.94405	0	0
V82	0.20514	0.1599	0.03704	0.54571	0.05222
V83	0.07286	0.06863	0.02341	0.5508	0.28431
V84	0.06734	0.1504	0.01024	0.05888	0.71313
V85	0	0.05419	0.94548	0	0.00033
V86	0.00226	0.26015	0.31632	0.38197	0.0393
V87	0.43802	0.00384	0.0495	0.45687	0.05177
V88	0.27735	0.15928	0.06237	0.19304	0.30796
V89	0.02945	0.1359	0.8095	0.02432	0.00083
V90	0	0.1662	0.06061	0.10602	0.66717
V91	0	0	0.07715	0.84949	0.07336
V92	0.20762	0.02195	0.02897	0.05629	0.68517
V93	0	0.07698	0.1641	0.51885	0.24007
V94	0.01714	0.1556	0.02622	0.24071	0.56033
V95	0.0373	0.21533	0.02892	0.10758	0.61087
V96	0.79454	0.00187	0.03685	0.0068	0.15994
V97	0.13552	0.0134	0.04486	0.11968	0.68655
V98	0.02654	0.37256	0.19655	0.11965	0.2847
V99	0.48778	0.13348	0.01374	0.218	0.147
V100	0.51236	0.16354	0.06479	0.04147	0.21785
V101	0.01616	0.92844	0.04586	0.00388	0.00566
V102	0.27924	0.24629	0.15432	0.09951	0.22064
V103	0.10029	0	0	0.05904	0.84067
V104	0.02069	0.4001	0.09775	0.03401	0.44745
V105	0	0	0.03744	0.10051	0.86205
V106	0.0128	0.77379	0.17535	0.00236	0.0357
V107	0.03062	0.24221	0.68467	0.03315	0.00935
V108	0.00153	0.20622	0.79225	0	0
V109	0.0348	0.20661	0.0631	0.27837	0.41712
V110	0.14037	0.52317	0.21204	0.10129	0.02314
V111	0.25893	0.24343	0.49765	0	0
V112	0.15264	0	0.10765	0.48132	0.25839
V113	0.20675	0	0.10484	0.15326	0.53515
V114	0.55764	0.07279	0.061	0.1673	0.14127
V115	0.86808	0	0.01346	0	0.11846
V116	0	0	0	0.07404	0.92596
V117	0.03776	0.04843	0.81422	0.06952	0.03007
V118	0.02198	0	0	0.88106	0.09696
V119	0.30983	0.02609	0.41877	0.23015	0.01516
V120	0	0.03867	0.81706	0.10086	0.04342
V121	0.14745	0.74704	0.03206	0.00357	0.06988
V122	0.0092	0.38582	0.09934	0.23195	0.27368
V123	0.47325	0.03411	0.08597	0.18923	0.21745
V124	0.18296	0.1005	0.06781	0.22642	0.42231
V125	0.0161	0.46612	0.51016	0	0.00761
V126	0.12718	0.18257	0.23105	0.11335	0.34585
V127	0.26402	0.02444	0.67207	0.03242	0.00704
V128	0.15605	0.78474	0.04129	0	0.01792
V129	0.24197	0.03508	0.28404	0.17101	0.2679
V130	0.00325	0.50517	0.06108	0.22272	0.20778
V131	0	0.00542	0.23037	0.70552	0.05869
V132	0.32436	0.0073	0	0.35159	0.31675
V133	0	0.06238	0.54786	0.08579	0.30397
V134	0.05796	0.05455	0.78372	0.01288	0.09089
V135	0.00917	0.12497	0.72638	0.01761	0.12188
V136	0.97434	0	0.02047	0	0.00519
V137	0.91318	0.03039	0.01856	0.00374	0.03413
V138	0.21733	0.13464	0.08716	0.13666	0.42421
V139	0.09753	0	0.15979	0.6794	0.06328
V140	0.01284	0	0.14796	0.05471	0.78449
V141	0.00091	0.24166	0.65729	0.08609	0.01405
V142	0.19016	0	0.34234	0.12819	0.33931
V143	0.00107	0.20489	0.49461	0.13668	0.16274
V144	0.47976	0.22672	0.08705	0.10979	0.09668
V145	0	0.05962	0.91819	0.00235	0.01984
V146	0.00963	0.33935	0.01892	0.31392	0.31819
V147	0.07902	0.091	0.69583	0.09475	0.0394
V148	0.11048	0.80255	0.04165	0.02394	0.02138
V149	0	0	0	0.87266	0.12734
V150	0.12069	0.2086	0.59666	0	0.07405
V151	0.41147	0.00056	0.01543	0.41761	0.15493
V152	0	0	0.11124	0.75102	0.13773
V153	0.14643	0.1939	0.47807	0.04037	0.14123
V154	0.08071	0.59589	0.04904	0.03219	0.24216
V155	0.01881	0	0.13303	0.77515	0.07301
V156	0.07974	0.03091	0.40761	0.15039	0.33134
V157	0.07117	0.03442	0.1718	0.28285	0.43976
V158	0.17604	0.00417	0.45983	0.04556	0.3144
V159	0.08376	0.22135	0.02225	0.58977	0.08286
V160	0.4286	0.15985	0.10969	0.03856	0.2633
V161	0.18626	0.00508	0.0614	0.04221	0.70506
V162	0	0.06431	0.93569	0	0
V163	0.03548	0	0.00917	0.0892	0.86615
V164	0.91835	0.05284	0.02881	0	0
V165	0.58812	0.22231	0.10537	0.03344	0.05077
V166	0.03626	0	0.24358	0.58765	0.13251
V167	0.00574	0.64814	0.04301	0.12828	0.17484
V168	0	0.06431	0.93569	0	0
V169	0.02114	0.70018	0.18421	0.07143	0.02305
V170	0.21083	0.39478	0.07476	0.18559	0.13403
V171	0.28981	0.08937	0.39038	0.1683	0.06213
V172	0.14733	0.2118	0.07938	0.04165	0.51985
V173	0.18514	0.09719	0.09742	0.4085	0.21175
V174	0.19214	0	0.37068	0.19938	0.2378
V175	0.05304	0.13385	0.12455	0.18701	0.50155
V176	0.34711	0.00206	0.00788	0.59368	0.04926
V177	0.17764	0.04859	0.59221	0.16418	0.01739
V178	0.26161	0.04927	0.48947	0.10368	0.09598
V179	0.07583	0	0.0027	0.0613	0.86018
V180	0.01308	0.01512	0.33865	0.03468	0.59846
V181	0.03896	0.26294	0.00795	0.0831	0.60704
V182	0.53923	0.23801	0.02023	0.1491	0.05343
V183	0.02584	0.92347	0.03737	0	0.01332
V184	0.30097	0.00806	0.31844	0.32423	0.04831
V185	0.07008	0.48402	0.04364	0.14377	0.25849
V186	0.10633	0.17249	0.03571	0.25785	0.42763
V187	0.04219	0.70079	0.02927	0.20073	0.02702
V188	0.84593	0.02651	0.04846	0.06708	0.01202
V189	0.42648	0.24875	0.05227	0.24615	0.02635
V190	0.39197	0.06265	0.2325	0.0158	0.29708
V191	0.18487	0.22167	0.01457	0.42243	0.15646
V192	0.29382	0.1933	0.14311	0.20958	0.16019
V193	0.04982	0.21831	0.53374	0.03646	0.16168
V194	0.23383	0.03723	0.09064	0.1159	0.5224
V195	0.55541	0.1798	0.26138	0	0.00341
V196	0	0	0.05126	0.09074	0.858
V197	0.0251	0.89513	0.03674	0.02759	0.01543
V198	0.19794	0.22051	0.04719	0.20707	0.32729
V199	0.75429	0.00931	0.2364	0	0
V200	0.75323	0	0.04069	0.00946	0.19662
V201	0.01858	0	0.01826	0.70796	0.25521
V202	0.91858	0.06172	0.01357	0	0.00613
V203	0.50382	0.25979	0.04445	0.04473	0.14721
V204	0.30176	0.06343	0.03901	0.02557	0.57023
V205	0.09255	0.01794	0.11746	0.10048	0.67157
V206	0.02276	0.0947	0.00071	0.77549	0.10634
V207	0.00281	0.01619	0	0.8921	0.0889
V208	0.13471	0.22917	0.49942	0.03705	0.09964
V209	0.13372	0.00693	0.09701	0.06691	0.69542
V210	0	0.05244	0.93796	0	0.0096
V211	0.13182	0.01454	0.20297	0.05517	0.59551
V212	0.02322	0.77127	0.10528	0.03591	0.06432
V213	0.07735	0	0.05795	0.26803	0.59667
V214	0.00036	0.56217	0.40461	0.00664	0.02622
V215	0.21971	0.21893	0.15045	0.08246	0.32845
V216	0.04039	0.03333	0.32728	0.06144	0.53757
V217	0	0	0.02031	0.82039	0.15931
V218	0.05077	0.19231	0.29968	0.33688	0.12036
V219	0.10463	0.28116	0.40778	0.18627	0.02016
V220	0.14759	0.75436	0.08866	0	0.00938
V221	0.02971	0.06934	0.49922	0.02386	0.37787
V222	0.00815	0	0.00166	0.07926	0.91092
V223	0.522	0.00976	0.34188	0.10595	0.02041
V224	0.01419	0.54302	0.04666	0.08862	0.30752
V225	0.6843	0.1707	0.14352	0	0.00148
V226	0.41305	0.55465	0.02539	0	0.00691
V227	0.06398	0.26342	0.01607	0.57416	0.08237
V228	0.58273	0.0269	0.29433	0.05425	0.04179
V229	0.23971	0.4087	0.28693	0.03135	0.03331
V230	0.00658	0	5e-05	0.07955	0.91383
V231	0.0318	0.61559	0.08381	0.16612	0.10268
V232	0.79125	0.00823	0.20052	0	0
V233	0.04278	0.01063	0.14498	0.11996	0.68165
V234	0	0.37938	0.22885	0.33895	0.05281
V235	0.97939	0.00666	0.01304	0	0.00091
V236	0.06724	0.03167	0.65128	0.18438	0.06543
V237	0.10299	0.07703	0.27496	0.31638	0.22863
V238	0	0	0.00166	0.29906	0.69927
V239	0.03928	0.40142	0.06415	0.17848	0.31667
V240	0.02442	0.85346	0.04294	0.01487	0.06431
V241	0.0067	0.94088	0.03838	0	0.01403
V242	0.01346	0.32722	0.31099	0.26552	0.08281
V243	0.46672	0.00879	0.35094	0.01714	0.1564
V244	0.00869	0.40122	0.20601	0.08575	0.29833
V245	0.00627	0.90726	0.06084	0.01926	0.00637
V246	0.5781	0.27529	0.04575	0	0.10086
V247	0.17688	0.11735	0.63499	0.03771	0.03307
V248	0.06159	0.60214	0.04903	0.01957	0.26767
V249	0.22734	0.05947	0.21337	0.10494	0.39487
V250	0.0096	0.05056	0.64356	0.0367	0.25958
V251	0.19303	0.01384	0.09439	0.59713	0.10162
V252	0.00877	0.13357	0.55784	0.14567	0.15415
V253	0.25281	0.58775	0.10853	0.03239	0.01852
V254	0.48069	0.40757	0.01999	0.06963	0.02212
V255	0.80822	0.08356	0.01036	0.00291	0.09495
V256	0.00646	0.7607	0.04762	0.0152	0.17002
V257	0.4122	0.30861	0.16633	0.02455	0.08831
V258	0.12926	0.3269	0.06191	0.43837	0.04356
V259	0.5041	0.28103	0.19571	0	0.01916
V260	0.23194	0.01824	0.10784	0.09932	0.54265
V261	0.00832	0.03174	0.51463	0.28679	0.15852
V262	0.90546	0.02304	0.06699	0	0.0045
V263	0.7902	0.08428	0.02526	0.09342	0.00684
V264	0.02506	0.88857	0.04436	0.03467	0.00735
V265	0.81151	0.09092	0.09255	0	0.00503
V266	0.00438	0	0.07727	0.07879	0.83956
V267	0.03414	0	0.00082	0.18651	0.77853
V268	0.16403	0.43897	0.16205	0.17083	0.06412
V269	0.06289	0.33451	0.37449	0.18155	0.04657
V270	0.03037	0	0.03092	0.8639	0.07481
V271	0.17801	0.73247	0.03851	0.01483	0.03618
V272	0.06181	0.82375	0.05751	0.01131	0.04561
V273	0.26709	0.00743	0.18661	0.33311	0.20576
V274	0.0743	0.02368	0.03726	0.21901	0.64576
V275	0.01195	0.7087	0.17529	0.08019	0.02387
V276	0	0.03809	0.69398	0.22494	0.04299
V277	0.35037	0.01802	0.60521	0	0.0264
V278	0	0.03797	0.33685	0.45252	0.17266
V279	0.12237	0	0.01187	0.74659	0.11917
V280	0.16912	0.01011	0.0386	0.62725	0.15491
V281	0.00384	0.22309	0.0481	0.66096	0.06401
V282	0.01653	0.93188	0.03797	0	0.01362
V283	0.32473	0	0.11373	0.04242	0.51912
V284	0.01087	0.13671	0.52988	0.01015	0.31239
V285	0.4697	0.48475	0.02312	0.01244	0.00999
V286	0.06945	0.06105	0.83833	0.0229	0.00827
V287	0.22098	0.05943	0.17776	0.29506	0.24677
V288	0.1857	0.02898	0.63931	0	0.14601
V289	0.12679	0.22257	0.03104	0.56578	0.05382
V290	0.38152	0.46509	0.1534	0	0
V291	0.37701	0.21214	0.01649	0.35831	0.03605
V292	0.09987	0.03041	0.41104	0.04828	0.41039
V293	0	0.1434	0.80083	0.03586	0.01991
V294	0	0	0.00221	0.0727	0.92509
V295	0	0.02934	0.3283	0.51493	0.12744
V296	0.83721	0.11785	0.01305	0	0.0319
V297	0.00779	0.045	0.77516	0.11854	0.05351
V298	0.26594	0	0.00448	0.56067	0.16891
V299	0.23975	0	0.01156	0.69098	0.0577
V300	0.97903	0.00736	0.01361	0	0
V301	0.96966	0	0.01907	0.00181	0.00946
V302	0	0	0.00205	0.42057	0.57738
V303	0.08347	0.16976	0.22197	0.18165	0.34315
V304	0.17168	0.06125	0.74722	0	0.01985
V305	0.17584	0.31432	0.10601	0.10833	0.29548
V306	0.2759	0.67222	0.02965	0.00344	0.01878
V307	0.21502	0.0058	0.2818	0.4615	0.03588
V308	0.22027	0.03452	0.67683	0.05917	0.00921
V309	0.63479	0.0614	0.06144	0.10843	0.13394
V310	0.01915	0.00282	0.00404	0.13987	0.83411
V311	0	0	0.03926	0.87492	0.08582
V312	0.06335	0.24266	0.25532	0.01922	0.41946
V313	0.03673	0.28938	0.02462	0.31801	0.33126
V314	0.06324	0	0.00299	0.39203	0.54175
V315	0.94456	0	0.0258	0	0.02963
V316	0.07765	0.56149	0.26705	0.02361	0.0702
V317	0.36415	0.0951	0.5227	0	0.01806
V318	0.89535	0	0.01473	0	0.08993
V319	0.08979	0.09165	0.81855	0	0
V320	0.05956	0	0.0028	0.85357	0.08407
V321	0.10618	0.34279	0.324	0.18907	0.03795
V322	0	0.2725	0.57261	0.04275	0.11214
V323	0.22516	0.22333	0.45495	0.00996	0.08659
V324	0.02064	0.03531	0.04105	0.82323	0.07978
V325	0.61514	0.10587	0.10054	0.10338	0.07507
V326	0.03439	0	0.05299	0.1649	0.74771
V327	0.28834	0.49997	0.13251	0.01118	0.068
V328	0.02272	0.29278	0.17491	0.45615	0.05344
V329	0	0.05363	0.38946	0.5063	0.05061
V330	0.06789	0.05922	0.8239	0	0.049
V331	0.11335	0.00661	0.0886	0.11755	0.67389
V332	0.44895	0.05868	0.4665	0	0.02587
V333	0.38856	0.03064	0.32948	0.15055	0.10078
V334	0.02193	0.29777	0.56238	0.07067	0.04724
V335	0.70528	0.05345	0.09743	0.01997	0.12387
V336	0.12596	0.58131	0.27911	0	0.01363
V337	0	0	0.0099	0.19116	0.79894
V338	0.70736	0.01886	0.16975	0.00139	0.10264
V339	0.16913	0.54097	0.20618	0	0.08373
V340	0.01648	0.14892	0.11356	0.08376	0.63728
V341	0	0.49175	0.44608	0.00098	0.06119
V342	0.27095	0.16064	0.47148	0.09284	0.00409
V343	0.67921	0.01115	0.30964	0	0
V344	0.06147	0.75802	0.07032	0.02134	0.08886
V345	0.19092	0.03302	0.00589	0.29549	0.47467
V346	0.01312	0.31838	0.32955	0.28288	0.05606
V347	0.04915	0.52254	0.04563	0.31361	0.06906
V348	0.00026	0.14634	0.45406	0.2357	0.16364
V349	0.04255	0.31367	0.53782	0.00825	0.09772
V350	0.07826	0.41726	0.10232	0.23105	0.17111
V351	0.15632	0.03806	0.45343	0.31317	0.03902
V352	0.07653	0.54842	0.36811	0	0.00694
V353	0.21677	0.32362	0.05219	0.05192	0.3555
V354	0.54495	0.02698	0.42808	0	0
V355	0.06755	0.02037	0.34193	0.52076	0.0494
V356	0.07945	0.05951	0.81986	0.00774	0.03344
V357	0.02941	0.04899	0.51138	0.03967	0.37056
V358	0.01116	0.02563	0.03246	0.848	0.08276
V359	0.03222	0.10586	0.00928	0.78332	0.06931
V360	0.69998	0.04549	0.10751	0.13806	0.00897
V361	0.29516	0.49092	0.11247	0	0.10145
V362	0.80183	0	0.11129	0	0.08688
V363	0.01846	0.01264	0.00425	0.17961	0.78504
V364	0.01624	0.28204	0.03292	0.43859	0.23021
V365	0	0	0.00547	0.88649	0.10804
V366	0.18887	0.05935	0.60972	0.05091	0.09115
V367	0.19937	0.22166	0.22573	0.16487	0.18837
V368	0.73116	0.08917	0.14353	0	0.03614
V369	0.01009	0.65646	0.25738	0.06959	0.00649
V370	0.0044	0.14877	0.12736	0.36689	0.35258
V371	0.01588	0.90332	0.07688	0	0.00393
V372	0.63858	0.07023	0.16487	0.09717	0.02915
V373	0.07998	0.66255	0.1565	0.08573	0.01524
V374	0.0784	0.05543	0.39221	0.43941	0.03455
V375	0.28837	0.03018	0.62398	0.05641	0.00106
V376	0.00355	0.00136	0.39886	0.03896	0.55727
V377	0.05715	0.51356	0.23143	0.17651	0.02134
V378	0.09786	0.55001	0.1991	0	0.15304
V379	0.01399	0	0.10517	0.1138	0.76704
V380	0.00147	0.04749	0.17371	0.50502	0.27231
V381	0.12637	0.03002	0.00549	0.05283	0.78529
V382	0.3858	0	0.00358	0.30393	0.30668
V383	0.01762	0.00718	0.27508	0.64622	0.0539
V384	0.26688	0.04061	0.17765	0.42856	0.0863
V385	0.06714	0.07907	0.00719	0.05604	0.79056
V386	0.65375	0.00189	0.01144	0.30837	0.02455
V387	0.24651	0.0105	0.00677	0.65601	0.08021
V388	0.01429	0.84478	0.06612	0.05831	0.01651
V389	0.08094	0.78052	0.0477	0.02739	0.06345
V390	0.1546	0	0.00359	0.68195	0.15987
V391	0.69367	0.16269	0.01133	0.05973	0.07259
V392	0.9442	0.03457	0.02123	0	0
V393	0.08043	0.01612	0.15342	0.53763	0.2124
V394	0.70897	0.00011	0.0348	0.14847	0.10766
V395	0	0.01267	0.37352	0.55874	0.05506
V396	0.52923	0.03677	0.43372	0	0.00027
V397	0.65909	0.14302	0.04949	0.10002	0.04839
V398	0.04576	0	0.16988	0.64775	0.1366
V399	0.02698	0.01299	0	0.28879	0.67124
V400	0.12986	0.54129	0.1831	0.1356	0.01015
V401	0.30765	0.02283	0.65537	0.01415	0
V402	0.35481	0.0384	0.47186	0.05447	0.08046
V403	0.1264	0.0602	0	0.16168	0.65173
V404	0	0.06057	0.48691	0.37737	0.07515
V405	0.31741	0.26595	0.08725	0.21286	0.11652
V406	0.00998	0.07054	0.90342	0	0.01606
V407	0.89122	0.04076	0.05107	0.0162	0.00075
V408	0.0105	0.37049	0.02071	0.25822	0.34008
V409	0.08921	0	0.06333	0.68714	0.16031
V410	0.1024	0.13195	0.33094	0.05447	0.38022
V411	0	0	0	0.08191	0.91809
V412	0.00744	0.12879	0.13071	0.06196	0.67111
V413	0.00479	0.25413	0.16279	0.362	0.21629
V414	0.0251	0.07559	0	0.47412	0.4252
V415	0.13812	0	3e-05	0.05401	0.80784
V416	0.08503	0.07191	0.02278	0.17222	0.64806
V417	0	0.04376	0.76233	0.12077	0.07313
V418	0.51026	0.41465	0.04336	0	0.03173
V419	0.21924	0.00279	0.02034	0.14465	0.61298
V420	0.1998	0	0.1008	0.07238	0.62702
V421	0	0	0.12349	0.09113	0.78538
V422	0.00193	0.00297	0.04845	0.7192	0.22746
V423	0.26789	0.19682	0.31313	0.18562	0.03653
V424	0	0.01704	0.48027	0.02505	0.47764
V425	0.29672	0.37965	0.01669	0.01479	0.29215
V426	0.2075	0.18064	0.02929	0.46279	0.11977
V427	0.1664	0.64804	0.17923	0	0.00633
V428	0.06121	0.6567	0.10189	0.08544	0.09477
V429	0.0807	0.79652	0.03313	0.05731	0.03234
V430	0.01953	0.02164	0.41263	0.19283	0.35337
V431	0.08574	0.37795	0.22234	0.24276	0.07121
V432	0.27943	0.05809	0.13756	0.35122	0.1737
V433	0.17847	0.02197	0.54279	0.21764	0.03912
V434	0.21518	0.29556	0.39989	0.00325	0.08612
V435	0.54023	0.05467	0.38935	0.01053	0.00522
V436	0.03165	0.59145	0.12619	0.05234	0.19836
V437	0.16685	0.00356	0.02802	0.19145	0.61012
V438	0.10702	0.31315	0.22025	0.2762	0.08338
V439	0.602	0	0.05531	0.30454	0.03815
V440	0.00521	0.36819	0.56822	0.00618	0.0522
V441	0.00934	0.55368	0.4062	0.02067	0.01012
V442	0.01607	0.93307	0.04596	0	0.0049
V443	0.96149	0	0.01863	0.01771	0.00218
V444	0.12022	0.44288	0.05056	0.32618	0.06017
V445	0.03721	0.41851	0.05703	0.43435	0.0529
V446	0.0917	0.02362	0.10383	0.5769	0.20395
V447	0.05076	0	0.00951	0.46475	0.47499
V448	0.14076	0	0.01703	0.06676	0.77545
V449	0	0.06431	0.93569	0	0
V450	0.18314	0.08605	0.26021	0.13885	0.33176
V451	0.24578	0.19756	0.074	0.34334	0.13932
V452	0	0.00089	0.16272	0.72932	0.10707
V453	0.00543	0	0	0.47583	0.51874
V454	0.00033	0.03413	0.67786	0.02911	0.25858
V455	0.0426	0.22549	0.28901	0.05727	0.38563
V456	0.95049	0.00355	0.01118	0	0.03477
V457	0.64537	0.21799	0.05276	0.0406	0.04328
V458	0.00529	0.37789	0.52457	0.04627	0.04598
V459	0.11476	0.04991	0.05745	0.49624	0.28165
V460	0.66771	0.04307	0.22151	0.04328	0.02443
V461	0.1604	0.3048	0.26357	0.01861	0.25262
V462	0.03357	0.06715	0.01479	0.5133	0.37119
V463	0.19154	0.05174	0.01584	0.67682	0.06406
V464	0.14292	0.20445	0.64769	0	0.00494
V465	0.02861	0.08048	0.01506	0.07497	0.80088
V466	0.01482	0	0	0.14966	0.83552
V467	0.03384	0.25394	0.03198	0.54257	0.13768
V468	0.52696	0.31469	0.13157	0	0.02678
V469	0	0.32531	0.06936	0.27821	0.32712
V470	0.832	0.05593	0.04125	0.05929	0.01154
V471	0.35619	0.30052	0.04483	0.1381	0.16036
V472	0.00067	0.01459	0.03884	0.06711	0.8788
V473	0.01258	0.21826	0.25601	0.31055	0.20261
V474	0.26567	0.13193	0.0715	0.45164	0.07926
V475	0.14195	0.04669	0.60285	0.02628	0.18223
V476	0.13515	0.02473	0.10444	0.6223	0.11338
V477	0.00679	0.94137	0.04659	0	0.00524
V478	0.1509	0	0.00168	0.05226	0.79516
V479	0.83317	0.05628	0.04968	0.0503	0.01057
V480	0.10072	0.66604	0.08518	0.10571	0.04235
V481	0.21115	0.37343	0.08263	0.17849	0.1543
V482	0.07793	0.69057	0.21609	0	0.01541
V483	0.27524	0.54627	0.0248	0.09452	0.05917
V484	0.18439	0.52822	0.14385	0.11872	0.02482
V485	0.64838	0.07821	0.13674	0.1063	0.03036
V486	0.05063	0.07176	0.29582	0.02968	0.5521
V487	0.11263	0.13799	0.43118	0.28918	0.02901
V488	0.3875	0.06047	0.002	0.34881	0.20122
V489	0	0.24898	0.66919	0.06085	0.02097
V490	0	0.04269	0.74145	0.19298	0.02289
V491	0.01235	0.45682	0.06689	0.11009	0.35384
V492	0.01228	0.13775	0.03583	0.72506	0.08908
V493	0	0	0.00392	0.90582	0.09026
V494	0.29801	0	0.01925	0.55567	0.12707
V495	0.30571	0.22408	0.23791	0.16036	0.07194
V496	0.11455	0.01338	0.05327	0.05057	0.76823
V497	0.08201	0.02058	0.14583	0.13071	0.62086
V498	0.03425	0.87336	0.05944	0.00372	0.02922
V499	0.024	0.22255	0.26724	0.07772	0.40849
V500	0.07864	0.49789	0.13436	0.21115	0.07797
V501	0.04831	0.30563	0.02527	0.04554	0.57524
V502	0.0903	0.80865	0.07408	0.02243	0.00455
V503	0.42765	0.01168	0.2268	0.13919	0.19469
V504	0.44629	0.19856	0.01641	0.01278	0.32595
V505	0.60528	0	0.0305	0.08537	0.27885
V506	0.0048	0.51326	0.08643	0.02913	0.36639
V507	0.84205	0	0.04393	0.07673	0.03729
V508	0.00221	0.6425	0.23808	0.03568	0.08153
V509	0.0281	0.46285	0.16181	0.19166	0.15559
V510	0.36847	0.51953	0.07237	0.02941	0.01022
V511	0.04269	0.32482	0.53102	0.0301	0.07137
V512	0.11894	0.46477	0.19951	0.04626	0.17051
V513	0.13048	0.69218	0.10314	0.03766	0.03655
V514	0.00318	0	0.21696	0.07981	0.70006
V515	0.05265	0.12567	0.00241	0.75296	0.06631
V516	0.12953	0.37071	0.12954	0.32853	0.04169
V517	0.00101	0.0265	0.05077	0.84042	0.0813
V518	0.39937	0.02171	0.35165	0.18259	0.04468
V519	0.78367	0.06276	0.01636	0.12012	0.01709
V520	0.03339	0.85777	0.05135	0.04957	0.00792
V521	0.18636	0	0.13963	0.61681	0.0572
V522	0.02905	0.21464	0.58043	0.12446	0.05142
V523	0.13177	0.0839	0.74847	0.02836	0.00749
V524	0.31613	0.04648	0.57602	0	0.06137
V525	0.00105	0.18303	0.03592	0.06087	0.71912
V526	0.02933	0.07403	0.851	0.00997	0.03566
V527	0.05606	0.49507	0.42033	0.0041	0.02443
V528	0.13073	0	0.01917	0.78283	0.06727
V529	0.19199	0.06082	0.73601	0	0.01119
V530	0.00888	0.06564	0.85945	0.03674	0.02929
V531	0.14073	0.52178	0.11486	0.01818	0.20445
V532	0.04329	0.25855	0.3074	0.01599	0.37477
V533	0.2402	0	0	0.04332	0.71648
V534	0.10458	0.06169	0.00013	0.74308	0.09053
V535	0.80128	0.12845	0.06792	0	0.00235
V536	0.10211	0.18277	0.3977	0.0371	0.28033
V537	0.01073	0.00343	0.01282	0.06889	0.90413
V538	0.60245	0.10543	0.01431	0.02671	0.25109
V539	0	0.17563	0.65365	0.09186	0.07885
V540	0.13012	0.47474	0.11277	0.05266	0.22971
V541	0.01269	0.38848	0.03754	0.05635	0.50494
V542	0.01519	0.34059	0.12748	0.41986	0.09687
V543	0.04834	0.13289	0.67655	0.03975	0.10246
V544	0.31372	0.19424	0.20104	0.06297	0.22802
V545	0.58786	0.38466	0.02748	0	0
V546	0.03222	0.78749	0.11432	0.0045	0.06148
V547	0.05203	0.78938	0.03233	0.09102	0.03524
V548	0	0.05526	0.00772	0.85274	0.08428
V549	0	0	0.01819	0.20626	0.77555
V550	0.00457	0.85441	0.12659	0.00224	0.01219
V551	0.00084	0	0	0.91626	0.0829
V552	0.19538	0	0.01903	0.07646	0.70913
V553	0.77574	0.00243	0.02852	0.13337	0.05995
V554	0.08949	0.06336	0.50408	0.30412	0.03895
V555	0.00631	0.91794	0.0455	0	0.03026
V556	0.06056	0.04417	0.05838	0.72172	0.11517
V557	0.27903	0.25045	0.05005	0.34173	0.07874
V558	0	0.05582	0.77166	0.13628	0.03624
V559	0.07485	0.43554	0.45816	0	0.03144
V560	0.59552	0.25066	0.15382	0	0
V561	0.69731	0	0.15437	0	0.14832
V562	0.10231	0.04168	0.15618	0.11678	0.58305
V563	0.18654	0.26451	0.22586	0.10941	0.21368
V564	0.32192	0.0107	0.06606	0.35308	0.24823
V565	0	0	0.01026	0.10343	0.88632
V566	0.26578	0.13622	0.03554	0.32893	0.23352
V567	0.01034	0.05275	0.92966	0	0.00725
V568	0.01052	0.23681	0.44343	0.28706	0.02218
V569	0.61588	0.0989	0.12799	0.10927	0.04795
V570	0.11237	0.02608	0.29468	0.45605	0.11083
V571	0.24308	0.00158	0.25115	0.34135	0.16284
V572	0.83776	0	0.00665	0	0.15559
V573	0.05876	0.07325	0.34966	0.37319	0.14514
V574	0.49266	0.30255	0.09966	0.07646	0.02867
V575	0.33241	0.01171	0.12756	0.06293	0.46539
V576	0.00657	0.87729	0.04362	0.00793	0.06459
V577	0.36811	0.51912	0.06414	0.03771	0.01092
V578	0.00898	0.17738	0.52873	0.21572	0.06918
V579	0.00064	0.51767	0.34172	0.02164	0.11833
V580	0.17354	0.55378	0.03992	0.19253	0.04024
V581	0.02695	0.49681	0.39487	0.06846	0.01292
V582	0	0.09279	0.90721	0	0
V583	0.60554	0.02341	0.37087	0.00018	0
V584	0.18325	0.51031	0.1327	0.02792	0.14582
V585	0.01416	0.77059	0.097	0.05254	0.06571
V586	0.00339	0.79181	0.19311	0.00806	0.00363
V587	0.0245	0.6761	0.03685	0.03376	0.22879
V588	0.19751	0.41258	0.38626	0	0.00366
V589	0.06648	0.41226	0.0658	0.39745	0.05801
V590	0.01655	0.7754	0.0324	0.01468	0.16097
V591	0.41335	0.51674	0.0634	0	0.00652
V592	0.0091	0.03148	0.75334	0.03071	0.17537
V593	0.39269	0	0.00638	0.50636	0.09457
V594	0	0.15142	0.65013	0.13572	0.06274
V595	0.50854	0.03522	0.07763	0.31335	0.06526
V596	0.43552	0.19751	0.2332	0.10379	0.02999
V597	0.0097	0.17352	0.01088	0.14101	0.66488
V598	0.5532	0	0.00686	0.0089	0.43104
V599	0.04568	0.40664	0.1111	0.37213	0.06444
V600	0.25527	0.0086	0.1977	0.38316	0.15526
V601	0.1159	0.08758	0.00798	0.47952	0.30902
V602	0.806	0.17853	0.01547	0	0
V603	0.10495	0.12434	0.03276	0.15517	0.58278
V604	0.00824	0.04808	0.70518	0.09821	0.1403
V605	0.01556	0.04879	0.12821	0.10623	0.7012
V606	0.83136	0	0.00491	0	0.16374
V607	0.13622	0.09023	0.02367	0.05377	0.69611
V608	0.74576	0.01116	0.04431	0.06999	0.12877
V609	0.15221	0.31118	0.02683	0.39567	0.11411
V610	0.05143	0.66682	0.03529	0.21857	0.02789
V611	0.25392	0.05104	0.63234	0.00527	0.05742
V612	0.35328	0.04917	0.33201	0.01255	0.25299
V613	0.36305	0.55663	0.06529	0.01334	0.00169
V614	0.51119	0.01667	0.02394	0.07804	0.37017
V615	0	0.08548	0.13441	0.56745	0.21266
V616	0.65512	0	0.17106	0.1253	0.04852
V617	0.20263	0.08127	0.48691	0.08282	0.14638
V618	0.70527	0.09277	0.08131	0	0.12065
V619	0.52592	0.03652	0.16807	0.00309	0.26641
V620	0.02686	0.03259	0.36195	0.52768	0.05091
V621	0.11428	0.21799	0.30969	0.01124	0.3468
V622	0.00459	0.20657	0.35487	0.02808	0.40589
V623	0.0504	0	0.00271	0.69304	0.25386
V624	0.90758	0	0.01517	0	0.07724
V625	0	0.05683	0.09666	0.77255	0.07395
V626	0.05684	0.04624	0.56607	0.2841	0.04675
V627	0.08308	0.1403	0.12197	0.05843	0.59621
V628	0.96255	0.01461	0.02042	0.00136	0.00104
V629	0.10227	0.25744	0.62769	0.00619	0.00641
V630	0.00113	0.16208	0.02683	0.07151	0.73846
V631	0	0.00028	0.26638	0.05234	0.68101
V632	0.01538	0.76367	0.03961	0.03599	0.14535
V633	0.03893	0	0.09013	0.52611	0.34483
V634	0.36598	0.46075	0.17327	0	0
V635	0.02433	0.09204	0.18661	0.05646	0.64056
V636	0.17335	0.17535	0.33483	0.17987	0.1366
V637	0.19284	0.0243	0.43437	0.23839	0.1101
V638	0.05071	0.45434	0.04124	0.09274	0.36097
V639	0.48029	0.41549	0.1005	0	0.00371
V640	0.08455	0.17799	0.08941	0.23875	0.40931
V641	0.06058	0.7255	0.05415	0.12304	0.03673
V642	0.72697	0.03104	0.014	0.21181	0.01619
V643	0.01452	0.86233	0.10055	0.01739	0.00522
V644	0.01886	0.43521	0.0409	0.43382	0.0712
V645	0.11954	0.75556	0.04749	0.06966	0.00774
V646	0.10045	0.53711	0.05535	0.21907	0.08802
V647	0.94546	0	0.01752	0.03372	0.0033
V648	0.41568	0.10362	0.01092	0.27625	0.19353
V649	0.23604	0.07879	0.08371	0.12118	0.48028
V650	0.00827	0	0.05715	0.86025	0.07432
V651	0.11564	0.2098	0.00655	0.61706	0.05095
V652	0.33699	0	0.03872	0.5623	0.06199
V653	0.31969	0.00263	0.05747	0.53374	0.08648
V654	0.01969	0.06067	0	0.11146	0.80818
V655	0.1351	0.06147	0.31659	0.44406	0.04278
V656	0.09376	0	0	0.13685	0.76939
V657	0.01149	0.4878	0.052	0.31304	0.13568
V658	0.01291	0.01924	0.0302	0.60935	0.3283
V659	0.00076	0.01599	0.07685	0.7745	0.13191
V660	0.0386	0.31722	0.03377	0.06653	0.54388
V661	0.01443	0.65356	0.04323	0.16724	0.12153
V662	0.01353	0.41636	0.03926	0.03178	0.49906
V663	0.97869	0	0.02131	0	0
V664	0.00936	0	0.11515	0.3998	0.47569
V665	0.00196	0.6365	0.23905	0.07376	0.04873
V666	0.05276	0.86652	0.07586	0.001	0.00385
V667	0.01001	0.55134	0.2891	0.09096	0.05859
V668	0.61072	0.25308	0.07073	0.03961	0.02586
V669	0.43179	0.31893	0.04679	0.07934	0.12316
V670	0.06172	0.62353	0.0738	0.03706	0.20388
V671	0.76406	0.00638	0.2171	0.00685	0.00561
V672	0.07241	0.05971	0.09342	0.31339	0.46107
V673	0.00077	0.00353	0	0.15289	0.84281
V674	0.33917	0.11465	0.51218	0	0.034
V675	0.67368	0	0.0488	0.14234	0.13517
V676	0.23108	0.11542	0.51113	0	0.14237
V677	0.02237	0.2757	0.23796	0.37128	0.09269
V678	0.03001	0.29574	0.02463	0.06449	0.58513
V679	0	0.02932	0.46649	0.45827	0.04592
V680	0.14163	0	0.01766	0.35428	0.48643
V681	0.50621	0.02276	0.05012	0.29858	0.12233
V682	0	0.06431	0.93569	0	0
V683	0.04904	0.20223	0.63346	0	0.11526
V684	0.0417	0	0.00467	0.87678	0.07685
V685	0	0.06247	0.83288	0.0896	0.01506
V686	0.24032	0.63139	0.10144	0.00956	0.01729
V687	0	0.0273	0.58678	0.34079	0.04513
V688	0	0.06031	0.92094	0	0.01875
V689	0.47825	0.05325	0.21542	0.09602	0.15705
V690	0.06189	0.85608	0.05161	0.01719	0.01323
V691	0.11459	0.1276	0.05251	0.62028	0.08502
V692	0.0517	0.01155	0.01336	0.76125	0.16214
V693	0	0.51503	0.45391	0.02076	0.0103
V694	0.06256	0.19133	0.046	0.57974	0.12036
V695	0.10251	0.10073	0.14726	0.04896	0.60055
V696	0.10882	0.02875	0.74528	0	0.11714
V697	0.08098	0.1174	0.33061	0.33056	0.14046
V698	0.00645	0.00329	0.17148	0.06071	0.75807
V699	0.02147	0.00105	0.04723	0.65894	0.27131
V700	0.02318	0.80939	0.10628	0	0.06114
V701	0.00154	0.16153	0.01865	0.06473	0.75355
V702	0.00404	0.11196	0.00885	0.6643	0.21086
V703	0.0016	0.00632	0.02379	0.88142	0.08686
V704	0.03042	0.05985	0.39114	0.04046	0.47813
V705	0.94227	0.01294	0.01153	0	0.03326
V706	0.12695	0.15028	0.17161	0.43271	0.11845
V707	0.11564	0.1129	0.07752	0.27954	0.4144
V708	0.00082	0.59802	0.40028	0	0.00088
V709	0	0	0.029	0.06873	0.90227
V710	0.10969	0.03601	0.48383	0.01082	0.35966
V711	0.0427	0	0.01573	0.07895	0.86262
V712	0.04689	0.04836	0.70541	0.1711	0.02824
V713	0.22149	0.43734	0.34117	0	0
V714	0.03676	0	0	0.06788	0.89536
V715	0	0.29824	0.60189	0.08568	0.01418
V716	0.71751	0.19739	0.02859	0.0303	0.02622
V717	0.36642	0.16236	0.13771	0.02652	0.30699
V718	0.65834	0.00738	0.29211	0	0.04217
V719	0.37405	0.24322	0.1254	0.10879	0.14854
V720	0.1035	0.02578	0.08932	0.07851	0.70288
V721	0.01574	0	0.04344	0.08125	0.85957
V722	0.00512	0.23375	0.06544	0.48181	0.21388
V723	0.08255	0.2218	0.12258	0.50701	0.06606
V724	0.09071	0.66334	0.06806	0.15634	0.02154
V725	0.01769	0	0.00151	0.0702	0.9106
V726	0.18394	0.50266	0.07906	0.05519	0.17914
V727	0	0.06157	0.92029	0	0.01814
V728	0.77833	0.02114	0.14297	0.04846	0.00911
V729	0.59522	0.11343	0.03883	0.22764	0.02489
V730	0.10023	0.03275	0.39654	0.37772	0.09276
V731	0	0.00639	0.05985	0.85898	0.07478
V732	8e-05	0	0.00418	0.91424	0.0815
V733	0.01988	0.07936	0.88548	0	0.01529
V734	0.48424	0.09685	0.38423	0.02076	0.01391
V735	0.05226	0.15036	0.22049	0.05203	0.52486
V736	0.00155	0.02318	0.00533	0.06959	0.90035
V737	0.97146	0.00703	0.0215	0	0
V738	0.00472	0.43629	0.03286	0.03971	0.48642
V739	0.00286	0.00656	0	0.90903	0.08155
V740	0.18752	0.06711	0.10893	0.046	0.59043
V741	0.48424	0.01009	0.00838	0.32064	0.17665
V742	0.05769	0.04297	0.54285	0.16702	0.18947
V743	0.01642	0.0354	0.07325	0.14552	0.72941
V744	0.17104	0.06189	0.17774	0.50501	0.08431
V745	0.14611	0.013	0.04847	0.7247	0.06773
V746	0.32088	0.5737	0.06483	0	0.0406
V747	0.01987	0.07688	0.87784	0	0.02542
V748	0.13768	0.20964	0.29389	0.06368	0.2951
V749	0.16126	0.10027	0.12822	0.42883	0.18142
V750	0.73953	0.20798	0.02206	0.0282	0.00223
V751	0.01496	0.39041	0.57545	0.01054	0.00864
V752	0.00994	0.11143	0.02468	0.06653	0.78741
V753	0.53229	0.05497	0.26224	0.01494	0.13556
V754	0.08613	0.32842	0.01939	0.51554	0.05052
V755	0.19415	0.72749	0.07041	0	0.00795
V756	0.00924	0.09163	0.02371	0.10665	0.76877
V757	0.15198	0	0.10009	0.68515	0.06278
V758	0.03835	0.44104	0.0173	0.4561	0.04721
V759	0.07351	0.01655	0.09735	0.05142	0.76117
V760	0.06032	0.02662	0.21303	0.2625	0.43754
V761	0.04104	0.28027	0.67266	0	0.00603
V762	0.00248	0.03606	0.17274	0.40108	0.38764
V763	0.01144	0.25083	0.01483	0.04941	0.67349
V764	0.09135	0.0563	0.08644	0.6927	0.07321
V765	0.15409	0.05285	0.65703	0.03576	0.10028
V766	0.04714	0.48755	0.26818	0.04654	0.15058
V767	0.2377	0.4846	0.08704	0.04317	0.14748
V768	0.02313	0.83824	0.08269	0.04123	0.01471
V769	0.74042	0.01347	0.20352	0	0.04259
V770	0.29408	0.02203	0.52885	0.13995	0.0151
V771	0.03332	0.72653	0.03823	0.08892	0.113
V772	0.04032	0.06946	0.89022	0	0
V773	0.01551	0	0	0.20584	0.77865
V774	0.1407	0.02049	0.53919	0.00383	0.29579
V775	0.9162	0	0.03156	0.03377	0.01847
V776	0.3229	0.44306	0.1871	0.0144	0.03253
V777	0.18544	0.3915	0.27108	0.09498	0.057
V778	0.51337	0.04943	0.01789	0.21312	0.20618
V779	0.04494	0.42849	0.50785	0.00278	0.01593
V780	0.01073	0.05352	0.93575	0	0
V781	0.14958	0.30426	0.19041	0.01133	0.34442
V782	0.1997	0.22622	0.02998	0.03269	0.51141
V783	0	0.02783	0.62184	0.03541	0.31492
V784	0.00528	0.62025	0.02691	0.23815	0.1094
V785	0.69788	0.14108	0.01057	0.08462	0.06586
V786	0.13764	0.20037	0.02176	0.56847	0.07176
V787	0.10177	0.60704	0.02628	0.18007	0.08485
V788	0.33966	0.42703	0.0932	0	0.14011
V789	0	0.14796	0.00995	0.40436	0.43772
V790	0.25347	0.22308	0.07393	0.1193	0.33021
V791	0.15137	0.21379	0.08222	0.20053	0.35209
V792	0.93847	0.01422	0.03531	0	0.01201
V793	0.29934	0.26756	0.06796	0.09499	0.27015
V794	0.00571	0.00855	0.09936	0.20606	0.68032
V795	0.091	0.83701	0.0509	0.00117	0.01992
V796	0.26368	0.42467	0.13193	0.13707	0.04266
V797	0.11858	0	0	0.07208	0.80934
V798	0.10076	0.50832	0.02885	0.09119	0.27088
V799	0.01219	0.15938	0.05402	0.66415	0.11026
V800	0.01722	0	0.01096	0.16453	0.80728
V801	0.35806	0	0.13431	0.43984	0.0678
V802	0.01964	0.18166	0.01937	0.0603	0.71903
V803	0.28093	0.02105	0.00743	0.61422	0.07637
V804	0.17361	0.16632	0.21569	0.36349	0.0809
V805	0.12475	0.149	0.45567	0.15766	0.11292
V806	0.45994	0.00973	0.21153	0.06065	0.25816
V807	0.71257	0	0.07496	0.03929	0.17318
V808	0.83126	0	0.0608	0	0.10795
V809	0.16151	0.61379	0.05006	0.03033	0.14431
V810	0.01394	0.04754	0.03943	0.4702	0.42888
V811	0.03677	0.08188	0.0232	0.1449	0.71325
V812	0.00168	0.66344	0.22135	0.07342	0.04011
V813	0.01571	0.21174	0.22076	0.02967	0.52212
V814	0.16372	0.56217	0.09043	0.14745	0.03622
V815	0.18983	0.69349	0.06068	0.04331	0.0127
V816	0.00212	0.5124	0.02898	0.3886	0.06789
V817	0.79517	0.03453	0.17031	0	0
V818	0.02267	0.20976	0.36025	0.04774	0.35958
V819	0.95589	0.01467	0.02805	0.00084	0.00055
V820	0.04438	0.36635	0.13947	0.38415	0.06564
V821	0	0	0	0.07404	0.92596
V822	0.16794	0.00196	0.01409	0.75244	0.06357
V823	0.03298	0.07515	0.22382	0.03814	0.62991
V824	0.0575	0.01197	0.02068	0.0614	0.84846
V825	0.13183	0.03324	0.66098	0.16399	0.00997
V826	0.03066	0.05945	0.90198	0.00774	0.00016
V827	0.3214	0.14627	0.00489	0.38562	0.14181
V828	0.21413	0.13427	0.11432	0.07545	0.46183
V829	0.07085	0.08871	0.31412	0.18111	0.34519
V830	0.1316	0.04453	0.69218	0.01295	0.11874
V831	0.00449	0.7358	0.07914	0.14208	0.03848
V832	0.18258	0	0.06655	0.2554	0.49547
V833	0.14671	0.7705	0.04001	0	0.04278
V834	0.7289	0.14552	0.05046	0.00841	0.06671
V835	0.22404	0.29149	0.10734	0.2654	0.11173
V836	0.35454	0.08322	0.46888	0.08261	0.01074
V837	0.00575	0.82191	0.04964	0.03965	0.08305
V838	0	0	0.075	0.84327	0.08173
V839	0.02709	0.0154	0.0724	0.0597	0.82541
V840	0.94502	0.00377	0.04289	0.00035	0.00797
V841	0.20242	0.0513	0.74327	0	0.00302
V842	0.516	0.04485	0.2262	0.18526	0.0277
V843	0.4407	0	0.15837	0.07519	0.32574
V844	0.00086	0.20485	0.75721	0.01082	0.02625
V845	0.01233	0	0	0.61464	0.37303
V846	0.09293	0.02653	0.09868	0.10177	0.68009
V847	0.18362	0	0.04998	0.1533	0.61309
V848	0.7277	0.02824	0.01332	0.08154	0.14921
V849	0.11989	0.07788	0.7063	0	0.09594
V850	0.19379	0.03488	0.30402	0.15562	0.31169
V851	0.9804	0	0.0125	0	0.00711
V852	0.21583	0.04791	0.08294	0.18847	0.46485
V853	0.01798	0.14985	0.61159	0.12941	0.09118
V854	0.02567	0.34527	0.26461	0.08321	0.28124
V855	0.07685	0.38796	0.111	0.30814	0.11605
V856	0.12979	0.38274	0.07128	0.01829	0.3979
V857	0.06009	0.03642	0.17403	0.42707	0.30238
V858	0.00679	0.34463	0.20655	0.20955	0.23248
V859	0.11412	0.00177	0.02172	0.76136	0.10103
V860	0.02148	0.13846	0.07098	0.65096	0.11812
V861	0.12266	0.01752	0.13321	0.66473	0.06188
V862	0.05309	0	0.01702	0.1405	0.78939
V863	0.0064	0.90483	0.05293	0.00536	0.03048
V864	0.02891	0.04535	0.87153	0.05118	0.00303
V865	0.06698	0.03246	0.64726	0.23697	0.01633
V866	0.01686	0.07607	0.6416	0.22368	0.04179
V867	0.55216	0.01414	0.00958	0.00801	0.41611
V868	0.20495	0.23676	0.43002	0.09883	0.02943
V869	0.00576	0	0.01686	0.07689	0.90049
V870	0.2456	0.16392	0.09055	0.25086	0.24907
V871	0.02515	0.03727	0.10025	0.1332	0.70413
V872	0.36465	0.03123	0.01634	0.49463	0.09316
V873	0.03359	0.32667	0.16697	0.36999	0.10277
V874	0.07727	0.03032	0.00521	0.06669	0.82051
V875	0	0.17207	0.02773	0.49299	0.30721
V876	0.44843	0.0485	0.06528	0.0246	0.4132
V877	0.19216	0.64122	0.06741	0.07631	0.0229
V878	0.00434	0.68841	0.06914	0.20303	0.03508
V879	0.92079	0.04156	0.02781	0.00144	0.0084
V880	0.06348	0.06713	0.03136	0.43921	0.39882
V881	0.00225	0.02143	0.52767	0.02098	0.42767
V882	0.01951	0.47321	0.03521	0.43502	0.03705
V883	0.48844	0.17592	0.02369	0.17873	0.13322
V884	0	0	0	0.08241	0.91759
V885	0.14592	0.075	0.40509	0.11346	0.26055
V886	0	0	0.02483	0.25401	0.72116
V887	0.05307	0.86649	0.04349	0	0.03696
V888	0.04073	0.09507	0.0601	0.68327	0.12083
V889	0.08089	0.80912	0.07377	0.01602	0.0202
V890	0.01948	0.00689	0.14258	0.65088	0.18018
V891	0	0.0923	0.90567	0.00108	0.00094
V892	0.57229	0.24289	0.03617	0	0.14864
V893	0.12418	0.19984	0.53304	0.06925	0.0737
V894	0.06893	0.53045	0.07153	0.25606	0.07304
V895	0.67776	0.01033	0.30719	1e-04	0.00461
V896	0.18474	0.2264	0.25985	0.29895	0.03006
V897	0	0	0.03674	0.76187	0.2014
V898	0.35578	0	0.01125	0.0482	0.58477
V899	0.53745	0.32117	0.10589	0	0.03549
V900	0.23226	0.24087	0.30327	0.18678	0.03683
V901	0.66004	0.04854	0.01283	0.17711	0.10148
V902	0.84951	0.04517	0.033	0.02119	0.05113
V903	0.25341	0.06589	0.07795	0.51743	0.08531
V904	0.70483	0.10121	0.17731	0	0.01665
V905	0.00693	0.30803	0.07761	0.33335	0.27408
V906	0.13294	0.05784	0.47685	0.07636	0.25601
V907	0.70182	0.11595	0.08305	0.04723	0.05195
V908	0.00658	0.33107	0.06121	0.49674	0.10441
V909	0.00312	0.10451	0.01721	0.72706	0.14811
V910	0.65967	0.17111	0.0261	0.05308	0.09004
V911	0.02174	0.26931	0.53476	0.00599	0.1682
V912	0.02404	0.01141	0.15415	0.10544	0.70496
V913	0.12383	0.01316	0.07506	0.6702	0.11775
V914	0.76248	0.03051	0.02171	0.11745	0.06784
V915	0.16736	0.16633	0.05946	0.03765	0.56921
V916	0.77726	0.01908	0.1316	0	0.07206
V917	0.41849	0.02315	0.00124	0.0345	0.52261
V918	0.57182	0.14868	0.2443	0.01301	0.02218
V919	0.40652	0.15843	0.02165	0.28193	0.13148
V920	0.16629	0	0.12147	0.65197	0.06027
V921	0.16763	0.1742	0.12337	0.02356	0.51125
V922	0.02845	0.03532	0.68896	0.00213	0.24513
V923	0.12084	0.46816	0.04269	0.05999	0.30831
V924	0.49706	0.10293	0.00508	0.25561	0.13932
V925	0.12416	0.13005	0.49838	0.15566	0.09175
V926	0.01098	0.00317	0.00444	0.07797	0.90344
V927	0.50912	0.26153	0.13517	0.07448	0.0197
V928	0.09519	0.26519	0.23772	0.17966	0.22224
V929	0.03907	0.25131	0.01488	0.04564	0.64909
V930	0.06248	0	0.05934	0.05739	0.82079
V931	0.4646	0.12787	0.02072	0.05274	0.33408
V932	0.0339	0.09746	0.04955	0.33293	0.48616
V933	0.27387	0	0.05084	0.28714	0.38815
V934	0.64926	0.06752	0.28322	0	0
V935	0.5678	0.10915	0.14699	0.04756	0.12851
V936	0.28966	0.05869	0.12737	0.44566	0.07863
V937	0.10031	0.70366	0.12958	0.03025	0.03621
V938	0.04403	0.88887	0.06077	0.0019	0.00443
V939	0	0	0.00862	0.33919	0.65219
V940	0.55178	0.07329	0.09644	0.04852	0.22997
V941	0.00311	0.11762	0.12636	0.47381	0.27909
V942	0.72762	0.24853	0.02384	0	0
V943	0.03651	0.08271	0.05682	0.06222	0.76174
V944	0.32228	0.01731	0.12525	0.48095	0.05421
V945	0.03127	0.27687	0.60027	0.02927	0.06231
V946	0.0077	0.49505	0.4892	0	0.00806
V947	0.36533	0.00604	0.02993	0.13427	0.46443
V948	0.04176	0.70028	0.06898	0.11012	0.07886
V949	0.85493	0.10067	0.0444	0	0
V950	0.05176	0.00445	0.0225	0.84778	0.07352
V951	0.29248	0.0087	0	0.52302	0.1758
V952	0.11382	0.02064	0.04785	0.6412	0.17649
V953	0.46039	0.08435	0.01118	0.372	0.07208
V954	0.20556	0.53715	0.0894	0.05761	0.11027
V955	0.05643	0.02542	0.5634	0.32207	0.03269
