Neutrophils	Monocytes_CD14.CD16.	Macrophage	T_cells_.CD4..	NK_cells
V1	0.32925	0.12815	0.26144	0.12468	0.15647
V2	0.04478	0.79692	0.06058	0.0493	0.04841
V3	0.06299	0	0.47367	0.41764	0.04571
V4	0	0	0.21405	0.06878	0.71717
V5	0	0	0.04382	0.11048	0.8457
V6	0.34493	0.01371	0.28791	0.21594	0.13751
V7	0.00035	0.01396	0.41134	0.0798	0.49455
V8	0.01005	0	0.92428	0.05947	0.0062
V9	0.04851	0	0.2751	0.61966	0.05673
V10	0.48542	0.00754	0.48751	0	0.01954
V11	0.01749	0.00507	0.08843	0.08246	0.80655
V12	0.0678	0	0.21527	0.29212	0.42481
V13	0.11449	0.03982	0.03183	0.39724	0.41662
V14	0.15037	0	0.06969	0.62988	0.15006
V15	0.01223	0.01662	0	0.86638	0.10478
V16	0.57838	0.08202	0.01146	0.29858	0.02957
V17	0.04735	0.23336	0.01093	0.07072	0.63764
V18	0.08317	0.43534	0.26832	0.18883	0.02435
V19	0.00892	0	0	0.12165	0.86943
V20	0	0	0.75964	0.2115	0.02886
V21	0.01005	0.2499	0.12534	0.15602	0.45869
V22	0.82019	0.0834	0.0718	0	0.02461
V23	0.05594	0.00615	0.01326	0.13882	0.78583
V24	0.42696	0.12367	0.01585	0.04619	0.38733
V25	0.00921	0.0191	0.00762	0.39389	0.57018
V26	0.45778	0.20892	0.06061	0.03738	0.23531
V27	0.11218	0.50234	0.18395	0.01007	0.19146
V28	0.02229	0.06771	0.21339	0.60903	0.08757
V29	0	0	0.34356	0.59038	0.06606
V30	0.72809	0.11191	0.02963	0.01479	0.11558
V31	0.40837	0.15449	0.00972	0.21368	0.21375
V32	0.93263	0	0.00933	0	0.05804
V33	0.00788	0.18498	0.01018	0.12064	0.67632
V34	0.10317	0.86648	0.01888	0.006	0.00548
V35	0.08858	0.62983	0.26003	0.01916	0.0024
V36	0.01514	0.15936	0.15734	0.09669	0.57148
V37	0.73041	0	0	0.00985	0.25974
V38	0.12044	0.00405	0.49963	0.19139	0.1845
V39	0.3223	0.02174	0.33185	0.01383	0.31028
V40	0.20847	0.63648	0.02395	0.08797	0.04314
V41	0.03934	0.85027	0.02404	0.00732	0.07903
V42	0.86708	0.03608	0.02431	0	0.07253
V43	0.49801	0.11954	0.36507	0.00859	0.00879
V44	0.03427	0.28027	0.56374	0	0.12172
V45	0.03196	0.68862	0.10174	0.12236	0.05532
V46	0.10204	0.77789	0.0755	0.02411	0.02047
V47	0	0	0.99027	0	0.00973
V48	0.16112	0.12604	0.2291	0.31323	0.17051
V49	0.47617	0.14818	0.23772	0.11979	0.01814
V50	0.02554	0.00304	0.97141	0	0
V51	0.09171	0.25717	0.19033	0.06624	0.39455
V52	0.04106	0.92225	0.02184	0.00832	0.00652
V53	0.01804	0.18597	0.00622	0.71576	0.07402
V54	0.20488	0	0.0056	0.53174	0.25778
V55	0.06522	0	0	0.84465	0.09013
V56	0.05859	0	0	0.7386	0.20281
V57	0.15767	0.11032	0.57797	0.01889	0.13516
V58	0.04877	0	0.11859	0.19975	0.63289
V59	0.87484	0.01649	0.09718	0	0.01149
V60	0.41926	0.21136	0.12788	0.11069	0.1308
V61	0.16949	0	0.02024	0.21641	0.59386
V62	0.04751	0.00327	0.29079	0.13833	0.5201
V63	0.37546	0.26312	0.06125	0.03482	0.26536
V64	0.94418	0.01411	0.02773	0	0.01398
V65	0.07623	0.07682	0.03587	0.59808	0.213
V66	0.01682	0	0.13662	0.76292	0.08365
V67	0	0	0.3201	0.10442	0.57548
V68	0.47549	0	0.40969	0.02343	0.09139
V69	0.60099	0.11468	0.20699	0.00787	0.06946
V70	0.05373	0.73083	0.05079	0.13378	0.03086
V71	0.08363	0.79749	0.05165	0.05183	0.0154
V72	0.02807	0.38417	0.02309	0.04901	0.51566
V73	0.04607	0	0.09701	0.55868	0.29825
V74	0.00186	0.06005	0.00335	0.76901	0.16573
V75	0.48143	0.18262	0.32037	0	0.01558
V76	0	0	0.01152	0.83294	0.15555
V77	0.01927	0	0.95272	0.02478	0.00323
V78	0.00099	0	0.98774	0	0.01127
V79	0.06819	0.39879	0.03979	0.1341	0.35912
V80	0.108	0.74296	0.01293	0.04573	0.09037
V81	0.00978	0	0.99022	0	0
V82	0.23365	0.17347	0.02877	0.50845	0.05566
V83	0.08566	0.07449	0.01702	0.52075	0.30207
V84	0.07187	0.15234	0.00126	0.07755	0.69699
V85	0	0	0.99865	0	0.00135
V86	0.0205	0.25843	0.31923	0.36077	0.04107
V87	0.46824	0.01022	0.04254	0.42225	0.05676
V88	0.29224	0.16488	0.04974	0.18437	0.30876
V89	0.04843	0.08061	0.84567	0.02327	0.00202
V90	0.00668	0.16635	0.04986	0.11793	0.65918
V91	0	0	0.0794	0.83455	0.08605
V92	0.207	0.02626	0.02037	0.07472	0.67164
V93	0.00181	0.07539	0.16412	0.49839	0.26029
V94	0.02499	0.16048	0.01741	0.23481	0.56231
V95	0.04659	0.21711	0.01806	0.11709	0.60115
V96	0.78632	0.00346	0.02825	0.01863	0.16333
V97	0.13678	0.01578	0.0364	0.13125	0.67978
V98	0.04719	0.37162	0.17784	0.1182	0.28515
V99	0.50114	0.14238	0.00338	0.2019	0.15121
V100	0.51783	0.16466	0.05189	0.04875	0.21687
V101	0.04967	0.90865	0.02852	0.00741	0.00575
V102	0.29829	0.24512	0.13662	0.09899	0.22097
V103	0.09591	0	0	0.08237	0.82172
V104	0.03822	0.39746	0.08032	0.04589	0.43811
V105	0	0	0.03023	0.11898	0.8508
V106	0.04438	0.76299	0.15139	0.00575	0.0355
V107	0.05224	0.20676	0.69819	0.03185	0.01096
V108	0.01948	0.15992	0.82059	0	0
V109	0.04713	0.21027	0.05272	0.26534	0.42454
V110	0.16982	0.52206	0.19062	0.0929	0.0246
V111	0.29198	0.21986	0.48816	0	0
V112	0.16684	0	0.10123	0.45735	0.27457
V113	0.21273	0	0.09402	0.1582	0.53505
V114	0.56796	0.07809	0.05025	0.15816	0.14554
V115	0.86557	0	0.00544	0.00159	0.1274
V116	0	0	0	0.09687	0.90313
V117	0.05125	0	0.84765	0.06702	0.03408
V118	0.0319	0	0	0.85468	0.11343
V119	0.34731	0.0031	0.41601	0.21681	0.01677
V120	0.00541	0	0.84917	0.09686	0.04855
V121	0.17392	0.73438	0.01276	0.00937	0.06956
V122	0.02806	0.39189	0.08511	0.21751	0.27743
V123	0.48562	0.03743	0.07506	0.17995	0.22194
V124	0.19509	0.10415	0.05746	0.21862	0.42469
V125	0.04202	0.4519	0.49772	0	0.00836
V126	0.14457	0.17601	0.21516	0.11567	0.34858
V127	0.28789	0	0.67137	0.03113	0.00961
V128	0.18468	0.7726	0.02337	0	0.01936
V129	0.26234	0.02015	0.27315	0.16772	0.27664
V130	0.02634	0.51427	0.04534	0.20547	0.20859
V131	0.00586	0	0.24166	0.68704	0.06544
V132	0.33699	0.01257	0	0.32588	0.32457
V133	0.00099	0.02814	0.55495	0.09196	0.32395
V134	0.07468	0	0.81076	0.01574	0.09883
V135	0.02445	0.07469	0.74885	0.02106	0.13095
V136	0.97041	0	0.01254	0	0.01705
V137	0.9025	0.03124	0.00976	0.01389	0.0426
V138	0.22952	0.13746	0.07442	0.13822	0.42038
V139	0.11423	0	0.16054	0.65575	0.06948
V140	0.01094	0	0.13284	0.0767	0.77951
V141	0.01993	0.20859	0.67385	0.08167	0.01596
V142	0.19911	0	0.32296	0.13039	0.34754
V143	0.01651	0.18207	0.4931	0.13461	0.1737
V144	0.49622	0.22825	0.072	0.10427	0.09926
V145	6e-04	0	0.97335	0.00278	0.02326
V146	0.02614	0.35046	0.00749	0.29191	0.324
V147	0.10074	0.04108	0.72216	0.09186	0.04416
V148	0.13955	0.79064	0.02273	0.02522	0.02187
V149	0	0	0	0.85095	0.14905
V150	0.14772	0.17889	0.59481	0	0.07858
V151	0.43345	0.00962	0.00781	0.38517	0.16396
V152	0.00321	0	0.11153	0.72929	0.15598
V153	0.17207	0.17252	0.4649	0.04333	0.14718
V154	0.10413	0.59124	0.03019	0.0385	0.23594
V155	0.02744	0	0.13607	0.75382	0.08267
V156	0.09339	0.00338	0.40349	0.15291	0.34684
V157	0.08072	0.02668	0.16399	0.27508	0.45352
V158	0.18581	0	0.43889	0.05265	0.32265
V159	0.1065	0.23832	0.0137	0.55174	0.08973
V160	0.43764	0.16026	0.09418	0.04685	0.26106
V161	0.18561	0.00676	0.05188	0.06309	0.69267
V162	0.00181	0	0.99819	0	0
V163	0.0336	0	0.00249	0.11041	0.85351
V164	0.92053	0.05203	0.02037	0	0.00707
V165	0.59979	0.21996	0.08907	0.03659	0.05459
V166	0.04397	0	0.24485	0.56553	0.14565
V167	0.03121	0.64991	0.02586	0.11983	0.17319
V168	0.00181	0	0.99819	0	0
V169	0.05242	0.69825	0.16076	0.06523	0.02335
V170	0.2339	0.39979	0.0584	0.17154	0.13637
V171	0.32105	0.07234	0.37972	0.15922	0.06768
V172	0.15883	0.2137	0.06493	0.05577	0.50677
V173	0.20557	0.10022	0.09008	0.38262	0.2215
V174	0.20456	0	0.35553	0.19253	0.24739
V175	0.06284	0.13199	0.11275	0.18701	0.50541
V176	0.37946	0.00837	0.00189	0.55628	0.05401
V177	0.20834	0.00572	0.60872	0.15707	0.02015
V178	0.29244	0.02135	0.48146	0.10163	0.10312
V179	0.07337	0	0	0.08509	0.84154
V180	0.0161	0	0.32563	0.05337	0.60489
V181	0.04949	0.26309	0	0.09461	0.59281
V182	0.55419	0.24127	0.00866	0.13785	0.05802
V183	0.05887	0.90518	0.0207	0.00156	0.0137
V184	0.33155	0	0.31204	0.30384	0.05257
V185	0.09255	0.48667	0.02699	0.13678	0.257
V186	0.11917	0.17716	0.02559	0.24613	0.43194
V187	0.07154	0.70951	0.01206	0.17904	0.02786
V188	0.84947	0.02613	0.03879	0.06668	0.01893
V189	0.4512	0.25741	0.03922	0.22253	0.02964
V190	0.40549	0.05494	0.21555	0.02694	0.29709
V191	0.20783	0.23542	0.0039	0.38912	0.16373
V192	0.31629	0.19496	0.12874	0.196	0.164
V193	0.07031	0.19221	0.52786	0.03999	0.16963
V194	0.24187	0.0385	0.07993	0.12346	0.51625
V195	0.5801	0.168	0.24413	0	0.00777
V196	0	0	0.04115	0.11051	0.84833
V197	0.05791	0.8804	0.01834	0.02788	0.01547
V198	0.21331	0.2263	0.0347	0.19713	0.32856
V199	0.77698	0	0.22302	0	0
V200	0.74859	0	0.03043	0.02173	0.19924
V201	0.02486	0	0.01317	0.67996	0.28201
V202	0.91641	0.06147	0.00538	0	0.01674
V203	0.51322	0.25883	0.03093	0.04913	0.1479
V204	0.30625	0.0709	0.02831	0.04331	0.55124
V205	0.09591	0.01473	0.10648	0.11436	0.66851
V206	0.03628	0.10314	0	0.74241	0.11817
V207	0.01223	0.01662	0	0.86638	0.10478
V208	0.16164	0.20782	0.48695	0.03888	0.10471
V209	0.13574	0.00539	0.08649	0.08528	0.6871
V210	0	0	0.98859	0	0.01141
V211	0.13892	0.00454	0.19048	0.07155	0.59451
V212	0.0537	0.76305	0.08369	0.03603	0.06354
V213	0.07996	0	0.04872	0.26404	0.60729
V214	0.02661	0.55236	0.38571	0.0081	0.02722
V215	0.23573	0.21777	0.1333	0.08708	0.32612
V216	0.04775	0.0135	0.31605	0.07614	0.54656
V217	0	0	0.01723	0.79994	0.18283
V218	0.07065	0.18473	0.29756	0.31886	0.1282
V219	0.13329	0.27253	0.39941	0.17298	0.0218
V220	0.17619	0.74348	0.06763	0.00206	0.01065
V221	0.04061	0.0369	0.49249	0.03526	0.39474
V222	0.00647	0	0	0.10185	0.89167
V223	0.54772	0	0.32673	0.10082	0.02472
V224	0.03646	0.54239	0.02943	0.08959	0.30213
V225	0.70111	0.16263	0.1299	0	0.00636
V226	0.43558	0.54435	0.00933	0	0.01075
V227	0.08613	0.28256	0.0068	0.53556	0.08896
V228	0.60575	0.01139	0.28063	0.05492	0.04731
V229	0.26669	0.40024	0.26506	0.03209	0.03592
V230	0.00423	0	0	0.10193	0.89384
V231	0.05882	0.62045	0.06571	0.15152	0.1035
V232	0.81152	0	0.18848	0	0
V233	0.04566	0.00454	0.13452	0.13294	0.68234
V234	0.01757	0.39082	0.22059	0.31494	0.05608
V235	0.96919	0.00709	0.00513	0.00567	0.01292
V236	0.08239	0	0.6679	0.17739	0.07232
V237	0.12128	0.06367	0.27143	0.3035	0.24011
V238	0	0	0	0.29001	0.70999
V239	0.05935	0.40513	0.04885	0.17011	0.31656
V240	0.05657	0.83892	0.02314	0.01829	0.06308
V241	0.04123	0.92084	0.0215	0.00224	0.0142
V242	0.03469	0.32594	0.303	0.24823	0.08814
V243	0.48476	0	0.3305	0.02397	0.16077
V244	0.02882	0.39897	0.18628	0.08792	0.29801
V245	0.04031	0.89108	0.04215	0.02019	0.00627
V246	0.58754	0.27449	0.03168	0.00255	0.10374
V247	0.20569	0.07661	0.64246	0.03784	0.03739
V248	0.08466	0.59585	0.03063	0.0281	0.26076
V249	0.24172	0.05149	0.1998	0.11055	0.39644
V250	0.02069	0.00396	0.65634	0.04385	0.27517
V251	0.21738	0.01068	0.09219	0.56844	0.1113
V252	0.02328	0.10082	0.56527	0.14389	0.16674
V253	0.27897	0.58019	0.08748	0.03302	0.02033
V254	0.49834	0.40375	0.00594	0.06591	0.02606
V255	0.80091	0.08326	0.00167	0.01363	0.10054
V256	0.0355	0.74986	0.02794	0.02126	0.16544
V257	0.43231	0.30271	0.14648	0.0286	0.08989
V258	0.15764	0.3457	0.05012	0.4012	0.04535
V259	0.52616	0.27337	0.17746	0	0.023
V260	0.23969	0.01778	0.09703	0.10945	0.53604
V261	0.0185	0	0.52787	0.2799	0.17373
V262	0.90874	0.02081	0.05695	0	0.01351
V263	0.79649	0.08502	0.0162	0.08888	0.0134
V264	0.05792	0.87529	0.02574	0.03356	0.0075
V265	0.82032	0.08453	0.08096	0.00177	0.01243
V266	0.00256	0	0.06553	0.09985	0.83206
V267	0.03355	0	0	0.19238	0.77407
V268	0.19221	0.44151	0.14307	0.15668	0.06654
V269	0.08935	0.32849	0.36403	0.16851	0.04962
V270	0.04145	0	0.029	0.84251	0.08704
V271	0.20372	0.72151	0.01943	0.0184	0.03695
V272	0.09251	0.81058	0.03697	0.01479	0.04516
V273	0.28904	0	0.18018	0.31501	0.21577
V274	0.07743	0.02608	0.02961	0.21937	0.64752
V275	0.04337	0.70772	0.15189	0.07285	0.02418
V276	0.00701	0	0.72833	0.2163	0.04835
V277	0.374	0	0.59623	0	0.02978
V278	0	0.01728	0.35165	0.44096	0.19011
V279	0.14088	0	0.00754	0.71851	0.13306
V280	0.18937	0.01159	0.0345	0.59539	0.16915
V281	0.01987	0.24053	0.04266	0.6268	0.07013
V282	0.05008	0.91302	0.02114	0.00187	0.01389
V283	0.33195	0	0.10151	0.05747	0.50906
V284	0.02347	0.10506	0.52419	0.02057	0.32671
V285	0.48662	0.47369	0.00836	0.01719	0.01415
V286	0.08943	0	0.87757	0.02241	0.0106
V287	0.24087	0.05476	0.16899	0.27967	0.25572
V288	0.20441	0	0.63804	0.00373	0.15382
V289	0.15373	0.24039	0.02221	0.52628	0.05738
V290	0.40986	0.45598	0.13416	0	0
V291	0.40426	0.22509	0.00559	0.32543	0.03964
V292	0.11241	0.00261	0.40106	0.05981	0.42411
V293	0.00525	0.09349	0.84246	0.03551	0.02328
V294	0	0	0	0.09657	0.90343
V295	0.00932	0.00645	0.34382	0.4994	0.14102
V296	0.83718	0.11717	0.0037	0.00109	0.04086
V297	0.01786	0	0.80841	0.11438	0.05935
V298	0.28839	0	0	0.52843	0.18319
V299	0.26735	0	0.00592	0.66218	0.06454
V300	0.97497	0.00758	0.00606	0	0.01139
V301	0.9572	0	0.0104	0.01247	0.01993
V302	0	0	0	0.39873	0.60127
V303	0.09913	0.16246	0.2095	0.17845	0.35046
V304	0.20034	0.00428	0.77225	0	0.02312
V305	0.19425	0.31521	0.08891	0.10846	0.29317
V306	0.3	0.65921	0.01128	0.00866	0.02084
V307	0.242	0	0.28331	0.43755	0.03714
V308	0.24625	0	0.68536	0.05662	0.01177
V309	0.64192	0.06306	0.05101	0.10594	0.13807
V310	0.01852	0.00669	0	0.15319	0.8216
V311	0.00546	0	0.03749	0.85614	0.10091
V312	0.07914	0.23315	0.23701	0.03194	0.41876
V313	0.05333	0.2987	0.01313	0.29683	0.33801
V314	0.06806	0	0	0.37301	0.55894
V315	0.94225	0	0.01748	0	0.04027
V316	0.10499	0.55374	0.24488	0.02525	0.07113
V317	0.39677	0.06299	0.51872	0	0.02152
V318	0.89337	0	0.00683	0	0.0998
V319	0.11334	0.03114	0.85552	0	0
V320	0.0729	0	0	0.82968	0.09742
V321	0.13492	0.33971	0.31051	0.17443	0.04043
V322	0.01116	0.24934	0.57538	0.04463	0.11949
V323	0.25346	0.20441	0.43765	0.01398	0.0905
V324	0.03278	0.03663	0.03994	0.79977	0.09087
V325	0.62739	0.10573	0.08777	0.09932	0.07978
V326	0.03494	0	0.04512	0.17397	0.74597
V327	0.31212	0.49143	0.11095	0.01604	0.06945
V328	0.0437	0.30396	0.16947	0.42607	0.0568
V329	0.00078	0.03075	0.41537	0.49708	0.05602
V330	0.08669	0	0.85966	0	0.05365
V331	0.11584	0.00536	0.07891	0.1299	0.66998
V332	0.48025	0.03094	0.45869	0	0.03011
V333	0.41705	0.01519	0.31667	0.14399	0.1071
V334	0.04461	0.27687	0.55983	0.06791	0.05078
V335	0.70881	0.05174	0.08495	0.02778	0.12673
V336	0.15486	0.57412	0.25646	0	0.01456
V337	0	0	0.00388	0.19731	0.79881
V338	0.71717	0.00982	0.15604	0.01032	0.10665
V339	0.19671	0.53566	0.18298	0	0.08465
V340	0.02375	0.14645	0.1007	0.09733	0.63178
V341	0.02377	0.48094	0.42863	0.00385	0.06281
V342	0.3045	0.14034	0.46143	0.08759	0.00614
V343	0.70472	0	0.29528	0	0
V344	0.08933	0.74832	0.04995	0.02459	0.0878
V345	0.19863	0.03854	0	0.28258	0.48024
V346	0.03457	0.31654	0.32515	0.26404	0.05969
V347	0.07658	0.53835	0.03009	0.28331	0.07167
V348	0.01392	0.1241	0.45826	0.22778	0.17594
V349	0.06602	0.29287	0.52731	0.0117	0.1021
V350	0.10349	0.42448	0.08581	0.2133	0.17293
V351	0.18526	0.00603	0.46441	0.30132	0.04298
V352	0.10506	0.53902	0.3479	0	0.00802
V353	0.23065	0.32434	0.03648	0.06051	0.34803
V354	0.57959	0	0.42041	0	0
V355	0.0858	0	0.35773	0.50296	0.05352
V356	0.0994	0	0.8538	0.00885	0.03795
V357	0.03999	0.01473	0.50644	0.05002	0.38882
V358	0.02177	0.02634	0.03116	0.82547	0.09526
V359	0.04781	0.11711	0.00421	0.7534	0.07748
V360	0.71815	0.04399	0.09638	0.12797	0.01351
V361	0.31972	0.48601	0.09163	0	0.10264
V362	0.80801	0	0.09949	0	0.0925
V363	0.01881	0.01647	0	0.18698	0.77775
V364	0.03281	0.29567	0.02271	0.40813	0.24067
V365	0	0	0.00322	0.86887	0.12791
V366	0.21625	0.01761	0.61547	0.05239	0.09829
V367	0.22249	0.21893	0.21001	0.15676	0.19181
V368	0.74426	0.08378	0.12969	0	0.04227
V369	0.03878	0.65305	0.23757	0.06395	0.00665
V370	0.01475	0.14988	0.11917	0.34859	0.36761
V371	0.04958	0.88801	0.0581	0	0.00431
V372	0.65741	0.06357	0.15251	0.09246	0.03405
V373	0.11006	0.66256	0.13413	0.0775	0.01576
V374	0.10074	0.0303	0.40814	0.42478	0.03604
V375	0.31801	0	0.62499	0.05373	0.00327
V376	0.00213	0	0.37958	0.05497	0.56332
V377	0.08598	0.51822	0.21376	0.15998	0.02206
V378	0.12403	0.54337	0.17491	0.00631	0.15138
V379	0.0132	0	0.09374	0.12929	0.76377
V380	0.00982	0.04032	0.17317	0.48357	0.29312
V381	0.12449	0.03422	0	0.07525	0.76604
V382	0.39864	0	0	0.2849	0.31646
V383	0.02671	0	0.2864	0.62823	0.05866
V384	0.29623	0.03596	0.17366	0.40105	0.0931
V385	0.06857	0.08239	0	0.07798	0.77105
V386	0.67482	0.00871	0.00424	0.2822	0.03004
V387	0.27286	0.01411	0.00172	0.62231	0.08899
V388	0.04783	0.83615	0.04591	0.05376	0.01634
V389	0.11039	0.77019	0.02751	0.02905	0.06286
V390	0.17307	0	0	0.65027	0.17666
V391	0.69644	0.16369	0.0013	0.06104	0.07752
V392	0.94364	0.03448	0.01325	0	0.00863
V393	0.09554	0.00847	0.15266	0.51445	0.22888
V394	0.71613	0.00313	0.02679	0.14064	0.11331
V395	0	0	0.39506	0.54398	0.06095
V396	0.56269	0.00822	0.42573	0	0.00336
V397	0.66901	0.14368	0.03863	0.09525	0.05343
V398	0.05524	0	0.16968	0.62401	0.15108
V399	0.02897	0.01549	0	0.27906	0.67648
V400	0.15997	0.54343	0.16286	0.12289	0.01084
V401	0.33311	0	0.65229	0.01426	0.00034
V402	0.38609	0.01101	0.46072	0.05566	0.08651
V403	0.12885	0.06293	0	0.16554	0.64269
V404	0.00069	0.03123	0.51275	0.37062	0.08471
V405	0.3395	0.27148	0.07301	0.1961	0.11992
V406	0.02473	0.00091	0.95655	0	0.01781
V407	0.89008	0.037	0.04139	0.02287	0.00866
V408	0.02768	0.37879	0.00821	0.24143	0.34389
V409	0.10381	0	0.06049	0.65873	0.17697
V410	0.11792	0.11517	0.31621	0.06396	0.38675
V411	0	0	0	0.10339	0.89661
V412	0.01364	0.12515	0.11755	0.07893	0.66472
V413	0.02	0.25828	0.15421	0.34209	0.22542
V414	0.03278	0.08021	0	0.44375	0.44326
V415	0.13352	0	0	0.07688	0.78959
V416	0.08943	0.07571	0.01427	0.17657	0.64402
V417	0.00727	0	0.79471	0.11721	0.0808
V418	0.52458	0.40689	0.02841	0.0042	0.03592
V419	0.22133	0.00784	0.01287	0.15114	0.60681
V420	0.20214	0	0.08818	0.08811	0.62156
V421	0	0	0.1109	0.10892	0.78018
V422	0.00878	0.00069	0.04702	0.69188	0.25163
V423	0.29811	0.18929	0.30016	0.17257	0.03988
V424	0	0	0.46756	0.03985	0.49258
V425	0.30882	0.37731	0.0025	0.02608	0.2853
V426	0.2323	0.19343	0.0196	0.42759	0.12708
V427	0.19606	0.63943	0.15707	0	0.00745
V428	0.08818	0.65466	0.0825	0.08027	0.09439
V429	0.11076	0.78854	0.01382	0.05401	0.03287
V430	0.02692	0	0.40863	0.19332	0.37113
V431	0.11363	0.38247	0.20655	0.22309	0.07426
V432	0.30387	0.05848	0.12846	0.32778	0.18142
V433	0.20306	0	0.54596	0.20738	0.0436
V434	0.2423	0.27983	0.38061	0.00794	0.08933
V435	0.56952	0.03134	0.37576	0.01387	0.00951
V436	0.05667	0.58829	0.10546	0.05473	0.19485
V437	0.17038	0.0074	0.02069	0.19291	0.60862
V438	0.13422	0.31634	0.20663	0.25517	0.08765
V439	0.62704	0	0.04763	0.28151	0.04382
V440	0.0278	0.34864	0.56068	0.00806	0.05481
V441	0.036	0.54472	0.38827	0.02026	0.01075
V442	0.05019	0.91442	0.02909	0.00089	0.0054
V443	0.95183	0	0.01004	0.02563	0.0125
V444	0.14781	0.45777	0.03589	0.29535	0.06318
V445	0.06267	0.43996	0.04476	0.39696	0.05564
V446	0.10724	0.02044	0.10165	0.55024	0.22042
V447	0.05589	0	0.00391	0.44138	0.49881
V448	0.13878	0	0.00938	0.08813	0.76371
V449	0.00181	0	0.99819	0	0
V450	0.20039	0.07464	0.24761	0.13953	0.33783
V451	0.26994	0.2076	0.06239	0.31528	0.14479
V452	0.00566	0	0.16682	0.70708	0.12044
V453	0.00895	0	0	0.44835	0.5427
V454	0.00639	0	0.68505	0.03581	0.27276
V455	0.05792	0.21422	0.27242	0.06601	0.38943
V456	0.93822	0.00543	0.00315	0.00812	0.04508
V457	0.65342	0.2157	0.03966	0.04335	0.04787
V458	0.02815	0.36251	0.51593	0.04475	0.04866
V459	0.12941	0.05257	0.05139	0.46875	0.29788
V460	0.68749	0.03073	0.2079	0.04444	0.02944
V461	0.18185	0.29725	0.24262	0.02668	0.25161
V462	0.04236	0.0729	0.00854	0.48475	0.39144
V463	0.21776	0.0574	0.0103	0.64376	0.07079
V464	0.17149	0.16928	0.65218	0	0.00705
V465	0.03063	0.08304	0.00732	0.09513	0.78388
V466	0.01302	0	0	0.16032	0.82666
V467	0.05258	0.26965	0.02288	0.50735	0.14754
V468	0.54557	0.30961	0.11446	0	0.03036
V469	0.01497	0.33257	0.05695	0.26157	0.33394
V470	0.83489	0.05501	0.03174	0.05986	0.01849
V471	0.37338	0.30379	0.03073	0.13065	0.16146
V472	0.00047	0.01623	0.03102	0.09062	0.86166
V473	0.02807	0.21419	0.24999	0.29565	0.2121
V474	0.29456	0.14065	0.0628	0.41745	0.08454
V475	0.16478	0.0025	0.60778	0.03174	0.19319
V476	0.15642	0.02193	0.10316	0.5939	0.12459
V477	0.04148	0.92211	0.0295	0.00124	0.00567
V478	0.14717	0	0	0.07537	0.77745
V479	0.83598	0.05476	0.03959	0.05217	0.0175
V480	0.12936	0.66658	0.06505	0.09593	0.04308
V481	0.23343	0.37856	0.06616	0.16608	0.15578
V482	0.10781	0.68327	0.19287	0	0.01604
V483	0.29794	0.54545	0.00709	0.08827	0.06124
V484	0.21246	0.52814	0.12444	0.10846	0.0265
V485	0.66495	0.07584	0.12392	0.1002	0.03509
V486	0.05886	0.05532	0.28275	0.04737	0.5557
V487	0.13969	0.11763	0.43651	0.27504	0.03113
V488	0.40402	0.06891	0	0.31973	0.20735
V489	0.01056	0.21836	0.68882	0.05856	0.0237
V490	0.00748	0	0.78187	0.18484	0.02581
V491	0.03185	0.45722	0.05059	0.10995	0.35039
V492	0.02626	0.15009	0.03139	0.69317	0.09908
V493	0.00737	0	0	0.88472	0.10791
V494	0.32431	0	0.01284	0.52406	0.1388
V495	0.33187	0.2203	0.2225	0.14944	0.07589
V496	0.11403	0.015	0.04425	0.07287	0.75385
V497	0.08696	0.01477	0.13528	0.14084	0.62215
V498	0.06662	0.85718	0.03953	0.00786	0.02882
V499	0.03739	0.21167	0.25246	0.08523	0.41326
V500	0.10633	0.50482	0.11628	0.19243	0.08014
V501	0.06072	0.30594	0.01256	0.06094	0.55985
V502	0.12101	0.7975	0.05331	0.02312	0.00506
V503	0.44658	0.00394	0.21399	0.13605	0.19945
V504	0.44967	0.20105	0.00497	0.026	0.31831
V505	0.6062	0	0.02246	0.09015	0.28118
V506	0.02554	0.50815	0.0681	0.03886	0.35936
V507	0.84528	0	0.03383	0.07624	0.04465
V508	0.02938	0.63632	0.21627	0.03607	0.08195
V509	0.05275	0.46835	0.14376	0.17735	0.15778
V510	0.3925	0.51024	0.05362	0.03061	0.01304
V511	0.06704	0.30657	0.52042	0.03101	0.07494
V512	0.1437	0.45993	0.17711	0.04918	0.17008
V513	0.15815	0.68532	0.082	0.03728	0.03725
V514	0.0017	0	0.19926	0.09615	0.70289
V515	0.07062	0.13775	0	0.71817	0.07346
V516	0.15814	0.38234	0.11584	0.29986	0.04382
V517	0.01062	0.02569	0.05093	0.8191	0.09366
V518	0.43236	0.00357	0.34204	0.17226	0.04977
V519	0.79205	0.0626	0.00851	0.11292	0.02391
V520	0.06628	0.8478	0.03167	0.04622	0.00802
V521	0.21042	0	0.13777	0.58996	0.06185
V522	0.04964	0.18642	0.58793	0.11957	0.05645
V523	0.15851	0.0288	0.77481	0.02799	0.00989
V524	0.34885	0.00773	0.57723	0	0.06618
V525	0.00779	0.18295	0.0258	0.07977	0.70369
V526	0.04616	0.0093	0.89342	0.01089	0.04023
V527	0.08349	0.48438	0.40036	0.00594	0.02582
V528	0.15101	0	0.01472	0.75852	0.07575
V529	0.22228	0.00524	0.75861	0	0.01387
V530	0.02342	0	0.90693	0.03615	0.0335
V531	0.16399	0.51655	0.0936	0.02523	0.20063
V532	0.0597	0.24691	0.28822	0.02781	0.37736
V533	0.23513	0	0	0.06418	0.70069
V534	0.12397	0.06744	0	0.70788	0.10072
V535	0.80938	0.12473	0.05676	0	0.00913
V536	0.12208	0.16586	0.3829	0.04411	0.28506
V537	0.00948	0.0072	0.00672	0.09322	0.88339
V538	0.59909	0.10947	0.00472	0.03747	0.24925
V539	0.01547	0.13632	0.67214	0.0902	0.08587
V540	0.15253	0.47109	0.0929	0.05644	0.22703
V541	0.02817	0.38826	0.02327	0.06738	0.49291
V542	0.03593	0.35522	0.1179	0.38847	0.10249
V543	0.06714	0.08764	0.69331	0.04157	0.11035
V544	0.33178	0.18984	0.18325	0.06707	0.22806
V545	0.60296	0.37774	0.01519	0	0.00411
V546	0.06259	0.77559	0.09213	0.00883	0.06085
V547	0.08342	0.78536	0.01313	0.08252	0.03558
V548	0.00231	0.06299	0.00447	0.83136	0.09888
V549	0	0	0.01178	0.20993	0.7783
V550	0.03904	0.83988	0.10382	0.0053	0.01196
V551	0.00833	0	0	0.89144	0.10023
V552	0.19429	0	0.01212	0.09348	0.7001
V553	0.78159	0.00521	0.02055	0.12604	0.06662
V554	0.11284	0.03007	0.52095	0.29327	0.04287
V555	0.03995	0.89967	0.0274	0.00308	0.0299
V556	0.07648	0.0459	0.056	0.69407	0.12756
V557	0.30516	0.26215	0.03811	0.31138	0.08321
V558	0.01054	0	0.81614	0.13199	0.04133
V559	0.1015	0.42233	0.4427	0	0.03347
V560	0.61621	0.24548	0.13831	0	0
V561	0.70215	0	0.13842	0.00793	0.15151
V562	0.1093	0.03561	0.1452	0.12703	0.58287
V563	0.2084	0.26023	0.20808	0.10778	0.21551
V564	0.3412	0.01348	0.0583	0.32998	0.25703
V565	0	0	0.00404	0.12219	0.87377
V566	0.28497	0.14578	0.0251	0.30462	0.23952
V567	0.01991	0	0.97227	0	0.00782
V568	0.0303	0.22437	0.45052	0.27194	0.02287
V569	0.63133	0.09689	0.11521	0.1036	0.05297
V570	0.13387	0.00696	0.30075	0.43762	0.1208
V571	0.2626	0	0.24347	0.32183	0.17209
V572	0.83162	0	0	0.00603	0.16236
V573	0.07637	0.05293	0.35557	0.35817	0.15696
V574	0.51157	0.30091	0.08279	0.0724	0.03232
V575	0.34239	0.01279	0.11493	0.07434	0.45556
V576	0.03955	0.86039	0.02461	0.01233	0.06313
V577	0.39241	0.51041	0.04544	0.03797	0.01378
V578	0.02595	0.15132	0.53978	0.20681	0.07613
V579	0.02508	0.50919	0.32142	0.02438	0.11993
V580	0.20036	0.5605	0.02244	0.1742	0.0425
V581	0.05406	0.49012	0.37846	0.06356	0.01379
V582	0.00416	0.02801	0.96692	0	9e-04
V583	0.6354	0	0.35818	0.00471	0.00171
V584	0.20739	0.50377	0.11125	0.03233	0.14526
V585	0.04481	0.76417	0.07544	0.0504	0.06517
V586	0.0357	0.78069	0.17033	0.00968	0.00361
V587	0.04887	0.66862	0.01908	0.03952	0.2239
V588	0.22689	0.40123	0.36705	0	0.00482
V589	0.09436	0.4307	0.05248	0.36168	0.06078
V590	0.04491	0.76395	0.01376	0.02072	0.15666
V591	0.43704	0.50633	0.04632	0	0.01032
V592	0.01438	0	0.76485	0.03383	0.18694
V593	0.42292	0	0.00089	0.47243	0.10377
V594	0.00422	0.11443	0.67829	0.13293	0.07013
V595	0.53233	0.03928	0.06888	0.28835	0.07116
V596	0.46029	0.19155	0.21712	0.09737	0.03367
V597	0.01651	0.17635	0.00224	0.14819	0.65672
V598	0.55034	0	0.00013	0.02673	0.4228
V599	0.07222	0.42189	0.09829	0.34006	0.06754
V600	0.2795	0	0.19337	0.36169	0.16544
V601	0.12978	0.09487	0.00084	0.45022	0.32429
V602	0.81176	0.17549	0.00608	0	0.00667
V603	0.11276	0.12796	0.02331	0.15897	0.577
V604	0.01955	0	0.72955	0.09805	0.15285
V605	0.019	0.0443	0.11693	0.1206	0.69917
V606	0.82352	0	0	0.00659	0.16989
V607	0.13875	0.09339	0.01448	0.0724	0.68098
V608	0.74665	0.01266	0.03531	0.07221	0.13317
V609	0.17741	0.32734	0.01419	0.36195	0.11912
V610	0.07955	0.6766	0.01891	0.19603	0.02891
V611	0.28427	0.00606	0.63844	0.00844	0.06279
V612	0.37394	0.03391	0.31308	0.0222	0.25687
V613	0.38742	0.54435	0.04673	0.01681	0.00468
V614	0.50961	0.02468	0.01475	0.08607	0.3649
V615	0.00258	0.08728	0.13403	0.54452	0.23158
V616	0.66976	0	0.15792	0.11829	0.05403
V617	0.22934	0.05482	0.47785	0.08371	0.15428
V618	0.70904	0.08985	0.06928	0.00776	0.12407
V619	0.53291	0.03193	0.15389	0.01573	0.26555
V620	0.04195	0.0068	0.3838	0.51195	0.05549
V621	0.1327	0.20731	0.29003	0.02247	0.34749
V622	0.01698	0.18897	0.34048	0.03971	0.41385
V623	0.05978	0	0	0.66185	0.27837
V624	0.89674	0	0.0066	0.01091	0.08575
V625	0.00136	0.05852	0.0998	0.75554	0.08478
V626	0.07666	0.00585	0.59003	0.27548	0.05198
V627	0.09195	0.13804	0.10837	0.07369	0.58795
V628	0.95033	0.01476	0.01193	0.01169	0.01129
V629	0.12912	0.22751	0.62811	0.007	0.00825
V630	0.00704	0.16312	0.01731	0.08931	0.72322
V631	0	0	0.24849	0.07078	0.68073
V632	0.04465	0.7546	0.02041	0.03862	0.14172
V633	0.04525	0	0.08516	0.50185	0.36774
V634	0.39458	0.45228	0.15275	0	0.00039
V635	0.03048	0.08464	0.17272	0.07376	0.6384
V636	0.19941	0.16439	0.32287	0.17087	0.14245
V637	0.21866	0	0.43321	0.22885	0.11928
V638	0.07066	0.45397	0.02534	0.095	0.35503
V639	0.50265	0.40671	0.08337	0	0.00727
V640	0.09826	0.1795	0.07831	0.2294	0.41453
V641	0.09034	0.7266	0.0347	0.111	0.03736
V642	0.74258	0.03578	0.00625	0.19308	0.02231
V643	0.04871	0.84859	0.07936	0.01824	0.0051
V644	0.0429	0.45753	0.02804	0.39659	0.07493
V645	0.14875	0.75115	0.02774	0.06381	0.00855
V646	0.12758	0.54534	0.03782	0.19909	0.09017
V647	0.93837	0	0.00904	0.03944	0.01315
V648	0.43142	0.11249	0.00131	0.25576	0.19901
V649	0.24607	0.08156	0.07215	0.12625	0.47398
V650	0.01586	0	0.05596	0.84131	0.08687
V651	0.14071	0.22658	0	0.57755	0.05517
V652	0.36945	0	0.03367	0.52886	0.06802
V653	0.34921	0.00478	0.05249	0.4995	0.09403
V654	0.02117	0.06239	0	0.12657	0.78987
V655	0.16178	0.04403	0.32477	0.42407	0.04536
V656	0.09288	0	0	0.14877	0.75835
V657	0.03537	0.50251	0.03715	0.28556	0.1394
V658	0.01966	0.02094	0.02624	0.58027	0.35289
V659	0.00933	0.01217	0.078	0.75202	0.14849
V660	0.05206	0.31837	0.0205	0.07821	0.53086
V661	0.04117	0.65843	0.0258	0.15255	0.12205
V662	0.02998	0.41511	0.02443	0.04544	0.48505
V663	0.97743	0	0.01357	0	0.00901
V664	0.01107	0	0.1074	0.3831	0.49843
V665	0.02958	0.6335	0.21837	0.06881	0.04973
V666	0.08456	0.85096	0.0556	0.00473	0.00416
V667	0.03687	0.54923	0.26925	0.08456	0.06009
V668	0.62265	0.24896	0.0566	0.04139	0.0304
V669	0.44733	0.31819	0.03228	0.07782	0.12438
V670	0.08627	0.61769	0.05483	0.04166	0.19955
V671	0.77519	0	0.20138	0.01217	0.01126
V672	0.08166	0.0592	0.08541	0.30093	0.47279
V673	0.00071	0.00622	0	0.16273	0.83033
V674	0.37165	0.08485	0.50607	0	0.03743
V675	0.68207	0	0.04019	0.13665	0.14108
V676	0.25924	0.08834	0.50309	0	0.14934
V677	0.04236	0.27941	0.23187	0.34757	0.09879
V678	0.04166	0.29608	0.01262	0.07771	0.57194
V679	0.0088	0	0.49218	0.44851	0.05051
V680	0.14906	0	0.01108	0.3392	0.50066
V681	0.52441	0.02881	0.04134	0.27577	0.12967
V682	0.00181	0	0.99819	0	0
V683	0.07009	0.16745	0.63963	0	0.12283
V684	0.05422	0	0.00137	0.85404	0.09037
V685	0.01198	0	0.88348	0.08659	0.01795
V686	0.2663	0.62086	0.08077	0.01314	0.01892
V687	0	0	0.61698	0.3326	0.05042
V688	0.00067	0	0.97762	0	0.02171
V689	0.49549	0.04636	0.20185	0.09551	0.16079
V690	0.09323	0.84242	0.03191	0.01896	0.01348
V691	0.13719	0.13624	0.04716	0.58663	0.09279
V692	0.06434	0.01312	0.0098	0.73278	0.17997
V693	0.02498	0.50583	0.43802	0.02023	0.01094
V694	0.08189	0.20389	0.03892	0.54508	0.13021
V695	0.11027	0.09637	0.13483	0.06564	0.59289
V696	0.12186	0	0.75226	0.00134	0.12455
V697	0.10111	0.1011	0.33182	0.31522	0.15074
V698	0.00672	0	0.15822	0.08131	0.75376
V699	0.02903	0	0.04474	0.63007	0.29616
V700	0.05604	0.79757	0.08309	0.00295	0.06035
V701	0.00717	0.16288	0.00968	0.08379	0.73649
V702	0.01475	0.12266	0.0031	0.63026	0.22923
V703	0.01045	0.00497	0.02267	0.86024	0.10167
V704	0.03938	0.03489	0.38113	0.05443	0.49016
V705	0.93607	0.01467	0.00358	0.00125	0.04443
V706	0.15095	0.15106	0.1661	0.40563	0.12627
V707	0.12812	0.11462	0.06793	0.26693	0.4224
V708	0.02835	0.5882	0.3821	0	0.00134
V709	0	0	0.02228	0.09315	0.88457
V710	0.12437	0.00318	0.4757	0.02291	0.37385
V711	0.04016	0	0.00761	0.10154	0.8507
V712	0.06407	0	0.73928	0.1647	0.03196
V713	0.25097	0.42677	0.32135	0.00052	0.00039
V714	0.03395	0	0	0.09193	0.87412
V715	0.01294	0.27766	0.61177	0.08149	0.01614
V716	0.72033	0.19629	0.01701	0.0345	0.03187
V717	0.37859	0.16029	0.1206	0.037	0.30351
V718	0.6774	0	0.27522	0	0.04738
V719	0.39319	0.2438	0.10855	0.10502	0.14944
V720	0.10582	0.02465	0.07878	0.09552	0.69523
V721	0.01423	0	0.0346	0.10248	0.84869
V722	0.01932	0.24472	0.05753	0.45216	0.22626
V723	0.10678	0.23225	0.11654	0.47402	0.07041
V724	0.12055	0.6689	0.04897	0.13937	0.02221
V725	0.01557	0	0	0.09418	0.89024
V726	0.20613	0.49955	0.05974	0.05764	0.17695
V727	0.01129	0	0.96823	0	0.02048
V728	0.79134	0.013	0.13124	0.04958	0.01484
V729	0.61364	0.12053	0.02877	0.20771	0.02935
V730	0.12242	0.0049	0.40665	0.36411	0.10192
V731	0	0.00378	0.06223	0.84583	0.08816
V732	0.00764	0	2e-04	0.89363	0.09853
V733	0.03575	0.01231	0.93497	0	0.01698
V734	0.51386	0.07654	0.36839	0.02311	0.0181
V735	0.06274	0.14115	0.2057	0.06568	0.52474
V736	0.00133	0.02689	0	0.09359	0.87819
V737	0.97067	0.00679	0.01402	0	0.00853
V738	0.02183	0.43417	0.01766	0.05204	0.4743
V739	0.01211	0.0059	0	0.88448	0.09751
V740	0.19444	0.06684	0.09655	0.06243	0.57975
V741	0.49938	0.01897	0.00065	0.29705	0.18394
V742	0.07397	0.00473	0.55141	0.1658	0.20408
V743	0.01868	0.03492	0.06408	0.15636	0.72596
V744	0.19697	0.0565	0.17692	0.47815	0.09146
V745	0.16879	0.0128	0.04617	0.69675	0.07549
V746	0.34526	0.56361	0.04618	0.00174	0.04322
V747	0.03566	0.01089	0.92468	0	0.02877
V748	0.15801	0.20072	0.27595	0.06879	0.29653
V749	0.18316	0.10085	0.12165	0.40292	0.19142
V750	0.74252	0.20542	0.01114	0.03218	0.00874
V751	0.03971	0.37089	0.56906	0.01065	0.00969
V752	0.01346	0.11281	0.01607	0.08734	0.77032
V753	0.54951	0.04323	0.24634	0.02191	0.13901
V754	0.11231	0.35029	0.00835	0.47523	0.05382
V755	0.22201	0.71728	0.05116	0	0.00955
V756	0.01251	0.09387	0.01553	0.12203	0.75605
V757	0.17313	0	0.09796	0.65941	0.0695
V758	0.06446	0.46519	0.00458	0.41594	0.04983
V759	0.07455	0.01442	0.08684	0.07318	0.75101
V760	0.06948	0.01527	0.205	0.25726	0.45299
V761	0.0642	0.24827	0.68056	0	0.00697
V762	0.00909	0.02766	0.16826	0.38518	0.40982
V763	0.02037	0.25088	0.00457	0.06745	0.65673
V764	0.11169	0.0571	0.08525	0.66513	0.08082
V765	0.17901	0.00418	0.67069	0.03822	0.1079
V766	0.07241	0.48096	0.24722	0.04818	0.15122
V767	0.25848	0.48029	0.06795	0.04641	0.14688
V768	0.0568	0.82821	0.06132	0.03909	0.01458
V769	0.75912	0.00032	0.19206	0	0.0485
V770	0.32607	0	0.52395	0.13213	0.01785
V771	0.06226	0.72354	0.01894	0.08338	0.11188
V772	0.05817	0.00096	0.94087	0	0
V773	0.01511	0	0	0.20881	0.77608
V774	0.15367	0	0.527	0.0136	0.30572
V775	0.91154	0	0.022	0.03933	0.02713
V776	0.34886	0.43394	0.16466	0.01766	0.03489
V777	0.21339	0.38597	0.2514	0.0894	0.05985
V778	0.52242	0.05881	0.00837	0.20009	0.21031
V779	0.07109	0.41274	0.49475	0.00414	0.01729
V780	0.02055	0	0.97945	0	0
V781	0.16781	0.29924	0.16968	0.023	0.34027
V782	0.20984	0.23025	0.01723	0.04742	0.49525
V783	0	0	0.62282	0.04364	0.33354
V784	0.03136	0.63086	0.01096	0.21545	0.11138
V785	0.70145	0.14429	0.00071	0.08228	0.07127
V786	0.16397	0.21636	0.01282	0.52949	0.07736
V787	0.12849	0.61251	0.00917	0.16348	0.08634
V788	0.36104	0.42254	0.07366	0.00256	0.1402
V789	0.00613	0.15666	0.00264	0.38123	0.45334
V790	0.26755	0.22609	0.05966	0.11928	0.32742
V791	0.16761	0.2171	0.06909	0.19247	0.35374
V792	0.9374	0.01374	0.02693	0	0.02193
V793	0.31292	0.26943	0.05295	0.09625	0.26846
V794	0.00788	0.00532	0.09137	0.20871	0.68671
V795	0.12085	0.82197	0.03124	0.00566	0.02028
V796	0.29019	0.42557	0.11293	0.12611	0.04519
V797	0.11427	0	0	0.09255	0.79318
V798	0.12155	0.50824	0.01248	0.0912	0.26653
V799	0.02676	0.17129	0.04926	0.63178	0.12091
V800	0.01721	0	0.00543	0.17472	0.80263
V801	0.3895	0	0.12777	0.4094	0.07333
V802	0.02586	0.18253	0.00993	0.07916	0.70253
V803	0.30989	0.02605	0.0016	0.57798	0.08448
V804	0.20116	0.1655	0.20828	0.33863	0.08643
V805	0.14956	0.12706	0.4502	0.15228	0.1209
V806	0.47149	0.00327	0.19728	0.06713	0.26084
V807	0.71298	0	0.06414	0.04683	0.17605
V808	0.83353	0	0.05139	0	0.11508
V809	0.18532	0.60814	0.02989	0.03442	0.14223
V810	0.02033	0.05048	0.03375	0.4447	0.45075
V811	0.04029	0.08468	0.01492	0.15383	0.70629
V812	0.03018	0.66085	0.19999	0.06805	0.04093
V813	0.02668	0.20257	0.20467	0.04509	0.52099
V814	0.19073	0.56505	0.07219	0.13412	0.03791
V815	0.2161	0.68708	0.04105	0.04185	0.01392
V816	0.02712	0.53462	0.01486	0.35206	0.07134
V817	0.80783	0.02566	0.15688	0.00558	0.00406
V818	0.03684	0.19243	0.34654	0.05655	0.36764
V819	0.94497	0.01443	0.01923	0.01094	0.01043
V820	0.06981	0.38024	0.12762	0.35314	0.06919
V821	0	0	0	0.09687	0.90313
V822	0.19192	0.00333	0.01036	0.72354	0.07086
V823	0.03912	0.06465	0.20976	0.05731	0.62916
V824	0.05597	0.01548	0.01348	0.08482	0.83025
V825	0.15338	0	0.67945	0.15592	0.01125
V826	0.04459	0	0.94705	0.00697	0.00139
V827	0.34244	0.15697	0	0.35218	0.14841
V828	0.22592	0.13542	0.09981	0.08468	0.45416
V829	0.08452	0.07159	0.30582	0.1804	0.35767
V830	0.1518	0	0.70452	0.01687	0.12681
V831	0.03423	0.73917	0.06005	0.12737	0.03918
V832	0.18926	0	0.05741	0.25011	0.50322
V833	0.17475	0.75977	0.02129	0.00033	0.04387
V834	0.72995	0.14289	0.03878	0.01683	0.07156
V835	0.2486	0.29835	0.0933	0.24378	0.11596
V836	0.38835	0.05859	0.46021	0.07902	0.01382
V837	0.03773	0.81191	0.02908	0.03981	0.08147
V838	0	0	0.07594	0.82793	0.09613
V839	0.02717	0.01478	0.06271	0.08315	0.8122
V840	0.93572	0.00336	0.03359	0.01027	0.01706
V841	0.23142	0	0.7638	0	0.00477
V842	0.54285	0.0369	0.21628	0.17222	0.03175
V843	0.44719	0	0.14419	0.08221	0.32641
V844	0.01855	0.15922	0.7814	0.01143	0.0294
V845	0.01718	0	0	0.58211	0.40071
V846	0.09619	0.02485	0.08823	0.11567	0.67505
V847	0.18649	0	0.0413	0.16015	0.61205
V848	0.72658	0.0318	0.00539	0.0829	0.15333
V849	0.14366	0.02678	0.72533	0.00025	0.10398
V850	0.2116	0.01683	0.2944	0.15571	0.32146
V851	0.9753	0	0.00489	0	0.01981
V852	0.22533	0.04904	0.07306	0.18689	0.46567
V853	0.03523	0.11292	0.62645	0.12599	0.0994
V854	0.04571	0.34022	0.24626	0.08543	0.28238
V855	0.10298	0.39811	0.09654	0.28248	0.1199
V856	0.14573	0.38053	0.05437	0.03128	0.3881
V857	0.07221	0.02862	0.17051	0.40891	0.31975
V858	0.02534	0.34632	0.19243	0.19875	0.23716
V859	0.1328	0.00262	0.01856	0.73323	0.11279
V860	0.03626	0.14786	0.06731	0.61935	0.12922
V861	0.14552	0.011	0.13571	0.6404	0.06738
V862	0.05221	0	0.00981	0.15343	0.78455
V863	0.04004	0.88682	0.03406	0.00918	0.0299
V864	0.03964	0	0.90817	0.04806	0.00413
V865	0.08383	0	0.67168	0.22691	0.01757
V866	0.03282	0.03176	0.67287	0.21551	0.04704
V867	0.54606	0.02281	0.0015	0.02505	0.40458
V868	0.23557	0.22264	0.41576	0.09338	0.03264
V869	0.00373	0	0.00902	0.10016	0.88709
V870	0.26469	0.16892	0.07826	0.23455	0.25358
V871	0.02797	0.03487	0.09005	0.1447	0.7024
V872	0.39197	0.04012	0.00879	0.45845	0.10067
V873	0.05603	0.3359	0.15688	0.34313	0.10806
V874	0.07602	0.03413	0	0.08866	0.80119
V875	0.00705	0.18368	0.02036	0.46487	0.32405
V876	0.45152	0.05291	0.05406	0.03889	0.40262
V877	0.21855	0.63818	0.04806	0.07085	0.02436
V878	0.03238	0.69713	0.05239	0.18214	0.03596
V879	0.91198	0.04101	0.01855	0.01109	0.01737
V880	0.07325	0.07158	0.0244	0.41439	0.41638
V881	0.00566	0	0.51649	0.03389	0.44396
V882	0.04523	0.49793	0.0218	0.39659	0.03844
V883	0.50211	0.18204	0.01266	0.16637	0.13682
V884	0	0	0	0.10341	0.89659
V885	0.16587	0.05134	0.39627	0.11557	0.27096
V886	0	0	0.01758	0.25174	0.73068
V887	0.08414	0.85202	0.02472	0.00226	0.03687
V888	0.05615	0.10158	0.05666	0.65276	0.13285
V889	0.11145	0.79726	0.05282	0.01801	0.02046
V890	0.02876	0	0.14484	0.62778	0.19862
V891	0.00436	0.02746	0.9644	0.00115	0.00263
V892	0.57767	0.24226	0.02312	0.0073	0.14965
V893	0.15105	0.17499	0.52713	0.06794	0.07889
V894	0.09651	0.54115	0.05487	0.2323	0.07517
V895	0.69605	0	0.28931	0.005	0.00964
V896	0.21515	0.22667	0.2501	0.27662	0.03145
V897	0	0	0.03399	0.73913	0.22688
V898	0.35993	0	0.00435	0.06507	0.57065
V899	0.55421	0.31719	0.0894	0	0.0392
V900	0.26196	0.23597	0.28921	0.17298	0.03988
V901	0.66832	0.05333	0.00474	0.16593	0.10768
V902	0.845	0.04474	0.02368	0.02859	0.05799
V903	0.28142	0.07034	0.07198	0.4841	0.09215
V904	0.72247	0.09285	0.16332	0	0.02136
V905	0.0233	0.31662	0.06616	0.31164	0.28228
V906	0.15261	0.02694	0.47162	0.08126	0.26756
V907	0.71001	0.11213	0.07107	0.04979	0.057
V908	0.02571	0.35007	0.05215	0.46124	0.11084
V909	0.01444	0.11437	0.01223	0.69535	0.16361
V910	0.66241	0.17348	0.01505	0.05551	0.09355
V911	0.04189	0.24624	0.52567	0.01152	0.17468
V912	0.02648	0.0042	0.14348	0.12029	0.70555
V913	0.14355	0.01133	0.07338	0.64151	0.13023
V914	0.76671	0.03341	0.01365	0.11201	0.07421
V915	0.17606	0.16925	0.04693	0.05402	0.55374
V916	0.78822	0.01221	0.1202	0.00076	0.0786
V917	0.41659	0.03108	0	0.05052	0.50181
V918	0.59122	0.1375	0.22756	0.01719	0.02654
V919	0.42584	0.16818	0.01061	0.25834	0.13703
V920	0.18965	0	0.12072	0.62443	0.06519
V921	0.17951	0.17363	0.10788	0.03936	0.49962
V922	0.0366	0	0.69705	0.00975	0.25659
V923	0.1402	0.46686	0.02579	0.06528	0.30188
V924	0.5095	0.11126	0	0.23478	0.14447
V925	0.14962	0.10323	0.49775	0.15011	0.09929
V926	0.00971	0.00717	0	0.1006	0.88252
V927	0.53021	0.25669	0.1189	0.07067	0.02352
V928	0.1177	0.26281	0.22219	0.17145	0.22585
V929	0.04846	0.25148	0.00411	0.06324	0.63271
V930	0.06048	0	0.04917	0.08098	0.80938
V931	0.46669	0.1338	0.00977	0.06162	0.32812
V932	0.04206	0.10096	0.04152	0.31798	0.49748
V933	0.28524	0	0.04221	0.27461	0.39794
V934	0.67887	0.04993	0.27111	0	1e-04
V935	0.57946	0.10569	0.1322	0.05141	0.13124
V936	0.31995	0.05995	0.12081	0.415	0.08429
V937	0.12882	0.69627	0.10782	0.03056	0.03654
V938	0.07618	0.87183	0.04164	0.00564	0.00472
V939	0	0	0.00226	0.32691	0.67083
V940	0.557	0.07395	0.08334	0.05594	0.22977
V941	0.01339	0.11911	0.12151	0.44935	0.29664
V942	0.73168	0.24339	0.01272	0.00537	0.00685
V943	0.03963	0.08323	0.04682	0.0824	0.74792
V944	0.35563	0.01622	0.12071	0.44924	0.0582
V945	0.05351	0.25097	0.59905	0.0301	0.06637
V946	0.03358	0.48219	0.47546	0	0.00877
V947	0.37074	0.0153	0.02078	0.13788	0.45531
V948	0.07135	0.7003	0.04911	0.10071	0.07853
V949	0.86228	0.09804	0.03483	0	0.00485
V950	0.06611	0.00362	0.02064	0.82506	0.08457
V951	0.31366	0.01221	0	0.48653	0.1876
V952	0.13065	0.02185	0.044	0.61086	0.19264
V953	0.48474	0.09501	0.00192	0.34007	0.07827
V954	0.22912	0.53227	0.06989	0.05783	0.11089
V955	0.07176	0	0.58253	0.31055	0.03517
V956	0.03395	0.48431	0.10034	0.32374	0.05766
V957	0.09994	0.75043	0.06743	0.05869	0.02351
V958	0.04724	0.83694	0.02312	0.04385	0.04886
V959	0.08095	0	0.82925	0.04879	0.04101
