Neutrophils	Monocytes_CD14.CD16.	Macrophage	T_cells_.CD4..	NK_cells
V1	0.34502	0.11376	0.26638	0.12414	0.15069
V2	0.05395	0.77786	0.05788	0.04748	0.06284
V3	0.07752	0.00529	0.44431	0.41079	0.06209
V4	0.01862	0	0.24854	0.05243	0.68041
V5	0.02231	0	0.05607	0.10119	0.82043
V6	0.35827	0.00472	0.28676	0.21756	0.13269
V7	0.01378	0.02489	0.44148	0.06888	0.45097
V8	0.00855	0.0324	0.85671	0.05652	0.04582
V9	0.0722	0	0.25575	0.60587	0.06618
V10	0.46816	0.02042	0.46904	0	0.04239
V11	0.04574	0	0.10734	0.06596	0.78096
V12	0.09518	0	0.22705	0.30198	0.37579
V13	0.15113	0.02681	0.03538	0.4206	0.36608
V14	0.17472	0	0.06567	0.62645	0.13316
V15	0.04674	0.01049	0	0.84119	0.10157
V16	0.58021	0.06153	0.01062	0.30532	0.04231
V17	0.07533	0.2454	0.01469	0.05755	0.60703
V18	0.08843	0.41082	0.26177	0.1953	0.04367
V19	0.03862	0	0	0.11598	0.84541
V20	0.00461	0.00593	0.7207	0.21019	0.05856
V21	0.03007	0.25389	0.13679	0.15989	0.41935
V22	0.81354	0.07953	0.06663	0	0.0403
V23	0.09281	0	0.01831	0.13654	0.75234
V24	0.47982	0.10981	0.01939	0.03437	0.35661
V25	0.04308	0.00847	0.01093	0.42677	0.51075
V26	0.49147	0.19758	0.06449	0.02756	0.2189
V27	0.1218	0.50094	0.19175	0	0.18551
V28	0.04779	0.05949	0.19991	0.60315	0.08966
V29	0.0192	0	0.32432	0.58001	0.07646
V30	0.74879	0.10232	0.02844	0.00599	0.11446
V31	0.44051	0.13227	0.01128	0.22105	0.19489
V32	0.92441	0.00193	0.00613	0	0.06753
V33	0.03374	0.19358	0.0142	0.11735	0.64113
V34	0.11169	0.84268	0.01305	0.00201	0.03057
V35	0.08899	0.61004	0.25687	0.01612	0.02798
V36	0.03619	0.16548	0.17685	0.08881	0.53267
V37	0.7651	0	0	0	0.2349
V38	0.13154	0.01404	0.49284	0.189	0.17258
V39	0.3462	0.01859	0.34952	0	0.2857
V40	0.21902	0.61281	0.02249	0.08926	0.05643
V41	0.04852	0.83964	0.02068	0.00135	0.0898
V42	0.86778	0.03479	0.02014	0	0.07729
V43	0.48925	0.11866	0.35758	0.00224	0.03228
V44	0.03155	0.28267	0.55782	0	0.12796
V45	0.04077	0.66537	0.09911	0.12707	0.06768
V46	0.10822	0.75726	0.07324	0.02069	0.04059
V47	0	0.03535	0.91023	0	0.05442
V48	0.17924	0.11334	0.22773	0.32096	0.15873
V49	0.47601	0.13267	0.23332	0.12117	0.03684
V50	0.01698	0.05193	0.88757	0	0.04351
V51	0.11051	0.2582	0.20734	0.05835	0.36559
V52	0.0511	0.89644	0.01433	0.00525	0.03288
V53	0.04817	0.15984	0.00495	0.7096	0.07744
V54	0.23327	0	0.00387	0.54192	0.22093
V55	0.09383	0	0	0.81795	0.08822
V56	0.09015	0	0	0.7365	0.17335
V57	0.15766	0.12008	0.57458	0.0096	0.13808
V58	0.08005	0	0.13587	0.20508	0.57899
V59	0.86221	0.01703	0.09097	0	0.02978
V60	0.43849	0.19278	0.13012	0.11034	0.12827
V61	0.21351	0	0.02225	0.22564	0.53859
V62	0.07078	0.00436	0.31647	0.13516	0.47323
V63	0.40999	0.25335	0.06612	0.02409	0.24644
V64	0.92098	0.02366	0.02174	0	0.03362
V65	0.10645	0.06141	0.03587	0.61005	0.18622
V66	0.04628	0	0.12601	0.74291	0.0848
V67	0.01634	0	0.3557	0.09686	0.53111
V68	0.47753	0	0.40897	0.01504	0.09846
V69	0.60594	0.1079	0.20749	0	0.07868
V70	0.06222	0.70213	0.04876	0.13954	0.04735
V71	0.09081	0.77261	0.04945	0.05117	0.03596
V72	0.04678	0.40403	0.02719	0.03638	0.48563
V73	0.07646	0	0.09711	0.57178	0.25465
V74	0.03647	0.0476	0.00368	0.76445	0.1478
V75	0.47255	0.17763	0.3132	0	0.03662
V76	0.03305	0	0.01084	0.81669	0.13942
V77	0.01754	0.02623	0.88802	0.02257	0.04565
V78	0	0.04276	0.9032	0	0.05405
V79	0.08749	0.40058	0.04395	0.13753	0.33046
V80	0.12023	0.72941	0.01019	0.04299	0.09717
V81	0.00623	0.03637	0.91094	0	0.04646
V82	0.2495	0.14506	0.02775	0.51456	0.06313
V83	0.11839	0.06024	0.01838	0.54129	0.2617
V84	0.10732	0.15769	0.00422	0.06366	0.66711
V85	0	0.03655	0.91507	0	0.04838
V86	0.03486	0.23949	0.30299	0.36493	0.05773
V87	0.47453	0	0.03954	0.42358	0.06234
V88	0.32831	0.14582	0.05537	0.19068	0.27982
V89	0.04181	0.10989	0.78922	0.01947	0.03961
V90	0.03127	0.17215	0.05921	0.11374	0.62362
V91	0.03055	0	0.07286	0.80942	0.08716
V92	0.26348	0.01379	0.02676	0.06065	0.63532
V93	0.02904	0.06783	0.16294	0.51185	0.22833
V94	0.05413	0.15833	0.02123	0.24956	0.51675
V95	0.0749	0.22404	0.02267	0.11378	0.56461
V96	0.81378	0	0.02579	0.00807	0.15235
V97	0.18419	0.00258	0.04501	0.128	0.64022
V98	0.05992	0.36945	0.1871	0.11965	0.26388
V99	0.52564	0.121	0.00368	0.20792	0.14176
V100	0.55069	0.15225	0.05429	0.0408	0.20196
V101	0.05901	0.88403	0.02138	0.00393	0.03165
V102	0.3232	0.2295	0.14317	0.09733	0.2068
V103	0.13954	0	0	0.06649	0.79398
V104	0.05374	0.41156	0.08955	0.03469	0.41046
V105	0.02544	0	0.03873	0.11193	0.82389
V106	0.04912	0.74708	0.14926	0.00042	0.05412
V107	0.0475	0.21582	0.66592	0.0282	0.04256
V108	0.01325	0.18394	0.76459	0	0.03822
V109	0.07424	0.20474	0.05779	0.28101	0.38223
V110	0.17457	0.49843	0.1891	0.09499	0.04291
V111	0.28144	0.2195	0.4728	0	0.02627
V112	0.19521	0	0.10226	0.46658	0.23596
V113	0.25537	0	0.10412	0.1574	0.48311
V114	0.5925	0.05825	0.0517	0.16033	0.13721
V115	0.87609	0	0.00283	0	0.12108
V116	0.02702	0	0	0.08632	0.88667
V117	0.05031	0.02056	0.8034	0.06305	0.06268
V118	0.06394	0	0	0.82958	0.10648
V119	0.34322	0.00233	0.39897	0.21716	0.03832
V120	0.00999	0.01279	0.80819	0.09376	0.07528
V121	0.18523	0.72161	0.01005	0.00273	0.08038
V122	0.04519	0.38349	0.08922	0.22895	0.25314
V123	0.51988	0.01733	0.07896	0.18261	0.2012
V124	0.23281	0.09148	0.06412	0.22852	0.38307
V125	0.03825	0.44179	0.48228	0	0.03767
V126	0.16719	0.16996	0.22972	0.11411	0.31901
V127	0.2831	0	0.65161	0.02659	0.0387
V128	0.19119	0.75155	0.01786	0	0.0394
V129	0.28676	0.01385	0.28172	0.16788	0.24979
V130	0.03994	0.50191	0.04638	0.2171	0.19468
V131	0.03393	0	0.22441	0.66814	0.07352
V132	0.375	0	0	0.34026	0.28475
V133	0.00986	0.04409	0.56689	0.08518	0.29398
V134	0.07169	0.02771	0.78049	0.00781	0.1123
V135	0.02318	0.10132	0.72535	0.01319	0.13697
V136	0.94189	0.0132	0.0076	0	0.03732
V137	0.8998	0.03145	0.00631	0.00759	0.05485
V138	0.26731	0.12557	0.08364	0.13933	0.38414
V139	0.13539	0	0.1503	0.64197	0.07235
V140	0.03576	0	0.15977	0.05987	0.7446
V141	0.0188	0.21553	0.64044	0.0798	0.04542
V142	0.22478	0	0.33956	0.12541	0.31026
V143	0.02496	0.18552	0.49002	0.13255	0.16695
V144	0.51257	0.20852	0.07304	0.10461	0.10126
V145	0	0.04002	0.89809	0.00019	0.0617
V146	0.04862	0.34175	0.00795	0.31001	0.29167
V147	0.09809	0.06219	0.68585	0.0875	0.06637
V148	0.148	0.77022	0.01853	0.02164	0.04161
V149	0.03527	0	0	0.82942	0.1353
V150	0.1417	0.18352	0.58226	0	0.09253
V151	0.45426	0	0.00632	0.39185	0.14756
V152	0.03523	0	0.10598	0.7198	0.13899
V153	0.17582	0.17087	0.46986	0.03645	0.14701
V154	0.1194	0.59489	0.0309	0.03148	0.22333
V155	0.0561	0	0.12558	0.73468	0.08364
V156	0.11211	0.0097	0.41715	0.15046	0.31058
V157	0.11122	0.01975	0.17641	0.28709	0.40554
V158	0.20606	0	0.45985	0.04125	0.29284
V159	0.12897	0.2094	0.01264	0.55893	0.09007
V160	0.47491	0.14609	0.10054	0.03727	0.24119
V161	0.2376	0	0.06189	0.04536	0.65515
V162	0	0.04743	0.90544	0	0.04713
V163	0.06658	0	0.00681	0.09981	0.8268
V164	0.8988	0.05849	0.01482	0	0.0279
V165	0.60883	0.20608	0.08868	0.03167	0.06474
V166	0.06991	0	0.23512	0.56178	0.13319
V167	0.04339	0.64224	0.02446	0.12385	0.16606
V168	0	0.04743	0.90544	0	0.04713
V169	0.05648	0.67492	0.15952	0.06603	0.04305
V170	0.25108	0.37801	0.05997	0.17833	0.13261
V171	0.32467	0.06389	0.37367	0.15935	0.07842
V172	0.19345	0.21281	0.07586	0.04347	0.47441
V173	0.23176	0.08338	0.09181	0.39535	0.1977
V174	0.22434	0	0.36181	0.19179	0.22206
V175	0.09108	0.12873	0.12525	0.19359	0.46135
V176	0.38664	0	0	0.55285	0.06051
V177	0.20374	0.02114	0.57671	0.15408	0.04433
V178	0.29413	0.02474	0.47446	0.0981	0.10857
V179	0.11284	0	0	0.07008	0.81709
V180	0.03543	0	0.3658	0.03607	0.56271
V181	0.07677	0.2763	0	0.08808	0.55885
V182	0.56241	0.22381	0.00675	0.14093	0.06611
V183	0.06824	0.88037	0.01353	0	0.03786
V184	0.33416	0	0.30002	0.30273	0.06308
V185	0.10979	0.48197	0.02833	0.14191	0.23799
V186	0.15194	0.16891	0.02912	0.26023	0.3898
V187	0.08269	0.67599	0.00938	0.18763	0.04431
V188	0.84601	0.02071	0.03503	0.06344	0.03482
V189	0.46032	0.2282	0.03856	0.22961	0.04331
V190	0.43956	0.04459	0.22905	0.01357	0.27323
V191	0.23048	0.20975	0.00422	0.40469	0.15086
V192	0.33749	0.17313	0.13212	0.20229	0.15496
V193	0.07382	0.19717	0.53039	0.03262	0.16601
V194	0.28921	0.02562	0.09116	0.12054	0.47348
V195	0.5688	0.16227	0.23978	0	0.02915
V196	0.02011	0	0.05445	0.10157	0.82387
V197	0.06739	0.85601	0.01293	0.0254	0.03826
V198	0.24528	0.21238	0.03879	0.20549	0.29806
V199	0.76245	0	0.21622	0	0.02133
V200	0.7791	0	0.02927	0.01	0.18163
V201	0.05823	0	0.01379	0.68948	0.2385
V202	0.89533	0.06869	0.00039	0	0.03559
V203	0.5356	0.24705	0.03096	0.04363	0.14275
V204	0.36444	0.05685	0.03555	0.02754	0.51562
V205	0.13435	0.00504	0.12434	0.10757	0.62869
V206	0.06682	0.08601	0	0.73682	0.11035
V207	0.04674	0.01049	0	0.84119	0.10157
V208	0.16232	0.20506	0.48728	0.03274	0.11261
V209	0.17943	0	0.10134	0.07137	0.64786
V210	0	0.03366	0.91133	0	0.05501
V211	0.17542	0	0.21528	0.05725	0.55205
V212	0.06145	0.74793	0.08213	0.03287	0.07563
V213	0.11622	0	0.05625	0.27791	0.54962
V214	0.02589	0.53949	0.38018	0.00332	0.05111
V215	0.26486	0.20725	0.14436	0.08273	0.3008
V216	0.06906	0.01661	0.34805	0.06335	0.50294
V217	0.03019	0	0.01769	0.79177	0.16035
V218	0.08674	0.1731	0.29008	0.32451	0.12557
V219	0.13503	0.25571	0.38934	0.17668	0.04325
V220	0.18217	0.72153	0.06395	0	0.03235
V221	0.05212	0.05023	0.51767	0.0206	0.35938
V222	0.03567	0	0.00035	0.09078	0.87321
V223	0.5402	0	0.31859	0.09904	0.04218
V224	0.04998	0.54996	0.03056	0.0886	0.28089
V225	0.69299	0.15499	0.12534	0	0.02668
V226	0.43372	0.52848	0.0063	0	0.0315
V227	0.10904	0.2515	0.00564	0.54418	0.08963
V228	0.60365	0.00778	0.27754	0.05071	0.06032
V229	0.26943	0.3845	0.26496	0.02773	0.05339
V230	0.03352	0	0	0.0911	0.87537
V231	0.06957	0.6009	0.06458	0.15802	0.10693
V232	0.79632	0	0.18173	0	0.02195
V233	0.07591	0	0.15519	0.12911	0.63979
V234	0.03058	0.36448	0.21249	0.32414	0.06831
V235	0.94389	0.0205	0.00051	0.0011	0.03401
V236	0.09012	0.00306	0.64517	0.17433	0.08732
V237	0.14274	0.05913	0.27216	0.31014	0.21584
V238	0.02681	0	0	0.31632	0.65687
V239	0.07737	0.40196	0.05281	0.17793	0.28993
V240	0.06578	0.82489	0.01994	0.01339	0.076
V241	0.05089	0.89604	0.01421	0	0.03886
V242	0.04523	0.30763	0.29713	0.25463	0.09538
V243	0.49666	0	0.33533	0.01341	0.1546
V244	0.03973	0.40094	0.19628	0.08616	0.27689
V245	0.04882	0.86619	0.03611	0.01753	0.03136
V246	0.60076	0.26246	0.03122	0	0.10556
V247	0.19847	0.08996	0.61962	0.03217	0.05978
V248	0.09949	0.60456	0.03125	0.01891	0.24579
V249	0.27549	0.04295	0.21569	0.10608	0.35979
V250	0.02542	0.02713	0.66003	0.03397	0.25346
V251	0.23815	0	0.08852	0.56789	0.10544
V252	0.03147	0.11075	0.55658	0.14025	0.16096
V253	0.28695	0.55862	0.0864	0.02936	0.03866
V254	0.50271	0.38625	0.00367	0.06563	0.04174
V255	0.81374	0.07887	0	0.00596	0.10143
V256	0.04512	0.75158	0.02672	0.01425	0.16232
V257	0.44511	0.28893	0.14783	0.02212	0.09601
V258	0.1714	0.30913	0.04921	0.41384	0.05643
V259	0.52201	0.2617	0.17563	0	0.04066
V260	0.28802	0.0045	0.11044	0.10406	0.49298
V261	0.03332	0.00794	0.51638	0.27824	0.16412
V262	0.89554	0.02145	0.05152	0	0.03149
V263	0.79208	0.07678	0.01294	0.08803	0.03018
V264	0.06691	0.84967	0.02025	0.03158	0.0316
V265	0.81368	0.0798	0.07625	0	0.03027
V266	0.02867	0	0.08198	0.08702	0.80233
V267	0.06711	0	0	0.20049	0.73241
V268	0.20126	0.41683	0.14367	0.16244	0.0758
V269	0.09378	0.31078	0.35757	0.17255	0.06532
V270	0.0716	0	0.02556	0.81721	0.08562
V271	0.21361	0.70303	0.01666	0.01345	0.05325
V272	0.10089	0.79435	0.03423	0.00978	0.06074
V273	0.3098	0	0.17875	0.31962	0.19183
V274	0.11659	0.0145	0.03652	0.23131	0.60108
V275	0.04759	0.68353	0.15086	0.07443	0.04358
V276	0.01572	0.01118	0.68978	0.21198	0.07133
V277	0.36652	0	0.58123	0	0.05224
V278	0.02146	0.02245	0.33957	0.44286	0.17366
V279	0.165	0	0.00544	0.71034	0.11922
V280	0.2157	0	0.03348	0.60062	0.1502
V281	0.0471	0.21162	0.03933	0.62707	0.07488
V282	0.05954	0.88831	0.01389	0	0.03825
V283	0.38159	0	0.11213	0.04232	0.46395
V284	0.03091	0.12077	0.54192	0.00671	0.29969
V285	0.48742	0.46105	0.00528	0.01268	0.03357
V286	0.08072	0.03443	0.82168	0.01745	0.04571
V287	0.26671	0.04259	0.17369	0.2882	0.2288
V288	0.20857	0.00238	0.63613	0	0.15292
V289	0.1719	0.20877	0.02095	0.53331	0.06507
V290	0.40595	0.43973	0.13231	0	0.02201
V291	0.41484	0.19476	0.00506	0.33436	0.05097
V292	0.13233	0.00958	0.42607	0.04705	0.38497
V293	0.00221	0.12198	0.78788	0.03175	0.05617
V294	0.02595	0	0.00187	0.08477	0.88741
V295	0.03191	0.01123	0.32714	0.49631	0.13341
V296	0.83302	0.11365	0.00029	0	0.05304
V297	0.02164	0.0169	0.76884	0.11097	0.08165
V298	0.30952	0	0	0.53106	0.15942
V299	0.27999	0	0.00374	0.64967	0.0666
V300	0.94134	0.02481	0.00068	0	0.03317
V301	0.9427	0.00463	0.00704	0.00718	0.03845
V302	0.02836	0	0	0.43326	0.53838
V303	0.12228	0.15798	0.22008	0.18291	0.31675
V304	0.18598	0.03429	0.72887	0	0.05086
V305	0.21896	0.30637	0.09633	0.10796	0.27038
V306	0.3074	0.64067	0.00842	0.00316	0.04035
V307	0.24957	0	0.26739	0.43238	0.05066
V308	0.24066	0.00665	0.65922	0.05307	0.0404
V309	0.66449	0.04856	0.05129	0.10421	0.13145
V310	0.05105	0	0.00229	0.15422	0.79244
V311	0.03928	0	0.03455	0.82921	0.09695
V312	0.09616	0.23859	0.25799	0.0179	0.38935
V313	0.07768	0.28929	0.01465	0.31479	0.30359
V314	0.10365	0	0	0.39993	0.49641
V315	0.92878	0.00368	0.01367	0	0.05387
V316	0.10918	0.54165	0.24558	0.02038	0.08321
V317	0.38395	0.07229	0.49959	0	0.04416
V318	0.89655	0	0.00408	0	0.09938
V319	0.10081	0.06572	0.79701	0	0.03645
V320	0.10114	0	0	0.80638	0.09248
V321	0.13927	0.31863	0.30566	0.17965	0.05679
V322	0.01219	0.25455	0.56737	0.03956	0.12632
V323	0.25425	0.20033	0.43916	0.00542	0.10084
V324	0.06401	0.0248	0.03679	0.78466	0.08974
V325	0.63923	0.09128	0.08704	0.0982	0.08424
V326	0.0666	0	0.05335	0.17686	0.70319
V327	0.3231	0.47648	0.1123	0.00897	0.07915
V328	0.06146	0.27488	0.16215	0.4341	0.06741
V329	0.02006	0.03793	0.3849	0.48713	0.06998
V330	0.07806	0.03318	0.81116	0	0.0776
V331	0.15696	0	0.09165	0.12511	0.62627
V332	0.46659	0.03846	0.44492	0	0.05004
V333	0.4262	0.00687	0.31503	0.14283	0.10908
V334	0.04338	0.27375	0.54672	0.06547	0.07068
V335	0.73064	0.04145	0.08505	0.01939	0.12347
V336	0.15458	0.55512	0.2533	0	0.037
V337	0.02554	0	0.00864	0.20744	0.75838
V338	0.73084	0.00465	0.15604	0.00103	0.10745
V339	0.20162	0.52043	0.18498	0	0.09297
V340	0.0483	0.15093	0.11646	0.08915	0.59516
V341	0.02232	0.47271	0.42465	0	0.08032
V342	0.29873	0.13478	0.44817	0.08696	0.03136
V343	0.68957	0	0.28742	0	0.02301
V344	0.09953	0.7368	0.04882	0.01951	0.09534
V345	0.24323	0.02583	0.00058	0.30023	0.43012
V346	0.04439	0.29706	0.31581	0.26981	0.07293
V347	0.08993	0.50551	0.02869	0.29715	0.07872
V348	0.02658	0.12655	0.4513	0.22881	0.16675
V349	0.06428	0.29342	0.5257	0.00383	0.11277
V350	0.1181	0.40502	0.08872	0.22446	0.1637
V351	0.18992	0.0133	0.43982	0.29769	0.05927
V352	0.10306	0.52343	0.34037	0	0.03314
V353	0.26219	0.32048	0.0414	0.05291	0.32302
V354	0.55935	0.0114	0.40583	0	0.02343
V355	0.10375	0.00036	0.33536	0.49465	0.06587
V356	0.09136	0.03226	0.80831	0.00236	0.06572
V357	0.05138	0.0283	0.53035	0.03718	0.35279
V358	0.05457	0.01611	0.02853	0.8074	0.09339
V359	0.07683	0.0969	0.00351	0.7433	0.07946
V360	0.71418	0.03297	0.09305	0.12932	0.03049
V361	0.32989	0.47069	0.09363	0	0.1058
V362	0.81174	0	0.09541	0	0.09285
V363	0.05227	0.0076	0.00249	0.19548	0.74215
V364	0.05767	0.27727	0.02328	0.42697	0.21482
V365	0.03433	0	0.00322	0.84328	0.11918
V366	0.21428	0.03212	0.60069	0.04577	0.10713
V367	0.23962	0.20246	0.21663	0.16045	0.18083
V368	0.74404	0.07556	0.1265	0	0.0539
V369	0.04312	0.63044	0.23124	0.06436	0.03084
V370	0.04025	0.14209	0.12542	0.3658	0.32643
V371	0.05676	0.86184	0.05166	0	0.02973
V372	0.65792	0.05375	0.14945	0.09116	0.04773
V373	0.11521	0.63685	0.13265	0.0796	0.03569
V374	0.11302	0.03411	0.38114	0.41826	0.05348
V375	0.30981	0.00439	0.6029	0.05056	0.03234
V376	0.01912	0	0.42199	0.03931	0.51958
V377	0.09108	0.49114	0.21	0.16649	0.04129
V378	0.13182	0.53772	0.1804	0	0.15006
V379	0.0402	0	0.11164	0.12284	0.72531
V380	0.03769	0.03486	0.17369	0.49837	0.25539
V381	0.17285	0.02618	0.00206	0.05982	0.73909
V382	0.43344	0	0	0.29213	0.27443
V383	0.05178	0	0.26642	0.61339	0.06841
V384	0.30949	0.02246	0.16885	0.40541	0.09379
V385	0.10679	0.08132	0.00325	0.06348	0.74517
V386	0.66856	0	0.00163	0.28737	0.04244
V387	0.29106	0.00143	0.00066	0.61933	0.08751
V388	0.05574	0.81136	0.04251	0.05315	0.03724
V389	0.11975	0.75488	0.02558	0.02516	0.07463
V390	0.19765	0	0	0.64924	0.15312
V391	0.70718	0.15201	0	0.058	0.0828
V392	0.9174	0.04509	0.00773	0	0.02979
V393	0.12334	0.00092	0.15109	0.52413	0.20051
V394	0.72616	0	0.0237	0.14076	0.10938
V395	0.01965	0	0.37071	0.53558	0.07406
V396	0.54164	0.01944	0.40991	0	0.02901
V397	0.67538	0.131	0.0365	0.0949	0.06222
V398	0.0823	0	0.16289	0.61921	0.1356
V399	0.06396	0.0071	0	0.30287	0.62607
V400	0.16512	0.51547	0.16079	0.12747	0.03116
V401	0.32595	0	0.6334	0.0093	0.03136
V402	0.38652	0.01401	0.45441	0.05001	0.09505
V403	0.17363	0.05661	0	0.17055	0.59921
V404	0.01535	0.04209	0.48431	0.36449	0.09376
V405	0.35793	0.2458	0.07492	0.20309	0.11826
V406	0.01644	0.04742	0.87961	0	0.05654
V407	0.8804	0.03758	0.03646	0.01785	0.02771
V408	0.04879	0.37476	0.00885	0.25608	0.31152
V409	0.13101	0	0.05721	0.65777	0.154
V410	0.13764	0.11756	0.33716	0.05376	0.35388
V411	0.02669	0	0	0.09449	0.87883
V412	0.03696	0.13012	0.13677	0.06615	0.63001
V413	0.04127	0.24436	0.155	0.35477	0.2046
V414	0.06576	0.07173	0	0.47319	0.38932
V415	0.1827	0	0	0.0601	0.7572
V416	0.12937	0.0682	0.01916	0.18242	0.60085
V417	0.0121	0.01644	0.7595	0.11374	0.09823
V418	0.52906	0.39449	0.02601	0	0.05043
V419	0.2743	0	0.01554	0.15156	0.5586
V420	0.24919	0	0.10189	0.07553	0.57339
V421	0.01951	0	0.13339	0.09935	0.74775
V422	0.04175	0	0.04487	0.69823	0.21516
V423	0.30167	0.17124	0.29552	0.17605	0.05552
V424	0.01055	0	0.51051	0.02483	0.45411
V425	0.34133	0.37609	0.00257	0.0148	0.26521
V426	0.25298	0.16629	0.01981	0.44079	0.12013
V427	0.19712	0.61901	0.15381	0	0.03006
V428	0.09807	0.63889	0.08171	0.08088	0.10046
V429	0.12027	0.76587	0.01105	0.05303	0.04978
V430	0.04605	0.00036	0.42652	0.19459	0.33248
V431	0.12316	0.35769	0.20453	0.23185	0.08278
V432	0.32674	0.04106	0.13013	0.33646	0.1656
V433	0.20683	0	0.52645	0.20528	0.06144
V434	0.2442	0.2738	0.38276	0	0.09924
V435	0.55863	0.03551	0.36553	0.00777	0.03256
V436	0.06634	0.5868	0.10857	0.051	0.18729
V437	0.2169	0	0.02442	0.20075	0.55793
V438	0.14528	0.29229	0.20477	0.26465	0.093
V439	0.62149	0	0.04367	0.28351	0.05134
V440	0.02466	0.34736	0.54994	0.00209	0.07595
V441	0.03512	0.52924	0.38101	0.01693	0.0377
V442	0.05915	0.88792	0.02158	0	0.03135
V443	0.93652	0.00319	0.00687	0.02116	0.03227
V444	0.16143	0.42477	0.03505	0.30774	0.07102
V445	0.07865	0.40249	0.04296	0.4104	0.06549
V446	0.13668	0.0098	0.10078	0.56015	0.19259
V447	0.09022	0	0.00487	0.4693	0.43561
V448	0.18681	0	0.01314	0.07312	0.72693
V449	0	0.04743	0.90544	0	0.04713
V450	0.22604	0.06822	0.26148	0.13852	0.30574
V451	0.29058	0.17969	0.0647	0.32814	0.13689
V452	0.03549	0	0.15627	0.69496	0.11327
V453	0.04151	0	0	0.48067	0.47781
V454	0.01378	0.0098	0.69656	0.02603	0.25383
V455	0.0739	0.21801	0.29201	0.0575	0.35857
V456	0.92939	0.01083	0	0.00201	0.05777
V457	0.66062	0.20335	0.03819	0.03913	0.05872
V458	0.02679	0.35607	0.50612	0.04188	0.06913
V459	0.1616	0.03886	0.05352	0.48675	0.25927
V460	0.68467	0.02658	0.20387	0.03989	0.04499
V461	0.19697	0.29332	0.25602	0.016	0.23769
V462	0.07603	0.06082	0.01038	0.51181	0.34097
V463	0.23619	0.04149	0.00916	0.6396	0.07356
V464	0.16128	0.17715	0.62461	0	0.03696
V465	0.06296	0.08271	0.01229	0.08398	0.75806
V466	0.04427	0	0	0.16343	0.7923
V467	0.07737	0.24366	0.02219	0.52064	0.13613
V468	0.54472	0.29579	0.11328	0	0.04621
V469	0.03583	0.32565	0.06055	0.27683	0.30113
V470	0.83178	0.04943	0.02786	0.05641	0.03453
V471	0.39844	0.28423	0.03162	0.13276	0.15295
V472	0.02832	0.01057	0.04128	0.07706	0.84277
V473	0.04713	0.20492	0.24891	0.30456	0.19448
V474	0.31031	0.11432	0.06254	0.42655	0.08628
V475	0.16863	0.02061	0.60455	0.02163	0.18459
V476	0.18044	0.01076	0.0991	0.59377	0.11593
V477	0.05055	0.89561	0.02196	0	0.03188
V478	0.19737	0	0	0.05838	0.74425
V479	0.83271	0.04931	0.03566	0.04833	0.03398
V480	0.13829	0.64211	0.06397	0.09871	0.05692
V481	0.25193	0.35785	0.06869	0.17242	0.14911
V482	0.10961	0.66277	0.1899	0	0.03772
V483	0.31136	0.52298	0.00573	0.0891	0.07084
V484	0.22038	0.50254	0.12301	0.11119	0.04288
V485	0.66774	0.06262	0.12162	0.09989	0.04813
V486	0.08141	0.05967	0.31349	0.02975	0.51569
V487	0.14556	0.11239	0.41624	0.27542	0.05039
V488	0.43416	0.04831	0	0.33111	0.18642
V489	0.00886	0.22701	0.65544	0.05607	0.05262
V490	0.01371	0.01588	0.73349	0.18134	0.05558
V491	0.04719	0.46372	0.05452	0.11063	0.32394
V492	0.05607	0.12726	0.02915	0.69142	0.0961
V493	0.04212	0	0.00103	0.8536	0.10325
V494	0.34072	0	0.01061	0.52433	0.12434
V495	0.34169	0.20023	0.22191	0.15238	0.0838
V496	0.15935	0.00382	0.05546	0.05595	0.72541
V497	0.12176	0.00664	0.15487	0.13897	0.57776
V498	0.07486	0.8384	0.03524	0.00292	0.04858
V499	0.05422	0.21666	0.27101	0.07894	0.37917
V500	0.11643	0.47879	0.11646	0.20141	0.08692
V501	0.08601	0.32024	0.01625	0.04828	0.52921
V502	0.12767	0.77447	0.04933	0.02007	0.02846
V503	0.46752	0	0.21625	0.13335	0.18288
V504	0.49293	0.19418	0.00581	0.0136	0.29348
V505	0.64286	0	0.02095	0.08405	0.25215
V506	0.03712	0.52364	0.07345	0.02882	0.33697
V507	0.84461	0	0.03035	0.07164	0.0534
V508	0.03417	0.62534	0.21563	0.03262	0.09224
V509	0.06361	0.45107	0.14646	0.18619	0.15267
V510	0.39759	0.4914	0.05166	0.02689	0.03247
V511	0.06526	0.30324	0.51546	0.02591	0.09014
V512	0.1545	0.45208	0.18365	0.04443	0.16534
V513	0.16615	0.66604	0.08034	0.03435	0.05311
V514	0.02363	0	0.23176	0.08476	0.65985
V515	0.09762	0.1158	0	0.71022	0.07637
V516	0.16944	0.34927	0.1142	0.31115	0.05594
V517	0.0438	0.01648	0.04665	0.80067	0.0924
V518	0.43239	0	0.33276	0.17209	0.06277
V519	0.78763	0.05653	0.00487	0.11255	0.03842
V520	0.07485	0.82143	0.02746	0.04517	0.0311
V521	0.22508	0	0.12933	0.57943	0.06617
V522	0.05155	0.18853	0.56801	0.11765	0.07426
V523	0.14778	0.05654	0.73167	0.0225	0.0415
V524	0.33841	0.022	0.55875	0	0.08084
V525	0.03258	0.19422	0.03237	0.06658	0.67424
V526	0.03929	0.04794	0.83805	0.0053	0.06942
V527	0.08158	0.47335	0.39596	0.00017	0.04894
V528	0.17213	0	0.01257	0.73993	0.07537
V529	0.20681	0.03404	0.71546	0	0.04368
V530	0.0187	0.03934	0.84543	0.03154	0.06498
V531	0.17907	0.51441	0.09816	0.01613	0.19223
V532	0.07303	0.25251	0.31028	0.014	0.35017
V533	0.29336	0	0	0.04745	0.65918
V534	0.14911	0.05249	0	0.70221	0.09619
V535	0.79994	0.11962	0.05194	0	0.02849
V536	0.13458	0.16632	0.39938	0.03453	0.26519
V537	0.04007	0	0.01282	0.08008	0.86703
V538	0.63761	0.09993	0.00438	0.02789	0.2302
V539	0.01736	0.15043	0.64652	0.08634	0.09935
V540	0.16917	0.46716	0.09796	0.05128	0.21443
V541	0.04703	0.40499	0.02697	0.05904	0.46197
V542	0.05437	0.32666	0.11503	0.4005	0.10345
V543	0.06658	0.10647	0.6733	0.03471	0.11895
V544	0.35695	0.17592	0.19218	0.06111	0.21385
V545	0.59599	0.36768	0.01095	0	0.02537
V546	0.07007	0.76299	0.09041	0.00268	0.07384
V547	0.09267	0.76014	0.01094	0.08436	0.0519
V548	0.03696	0.04982	0.00427	0.8122	0.09674
V549	0.02503	0	0.0174	0.22236	0.73522
V550	0.04474	0.81902	0.09924	0.00115	0.03584
V551	0.04353	0	0	0.85807	0.0984
V552	0.24657	0	0.01437	0.08169	0.65737
V553	0.786	0	0.01724	0.12516	0.07159
V554	0.11988	0.0385	0.49264	0.28837	0.06061
V555	0.04967	0.87893	0.02109	0	0.05031
V556	0.10499	0.03217	0.05341	0.69194	0.11749
V557	0.32124	0.231	0.03865	0.32248	0.08664
V558	0.0121	0.02874	0.76367	0.12774	0.06775
V559	0.09812	0.41126	0.43588	0	0.05474
V560	0.60931	0.23423	0.13542	0	0.02104
V561	0.7186	0	0.13962	0	0.14179
V562	0.14453	0.02881	0.1646	0.12294	0.53912
V563	0.22621	0.2472	0.21665	0.10729	0.20265
V564	0.3731	0	0.0602	0.34011	0.22659
V565	0.02452	0	0.00975	0.1165	0.84923
V566	0.31544	0.12323	0.02757	0.31828	0.21548
V567	0.01592	0.031	0.90186	0	0.05122
V568	0.03878	0.21355	0.4291	0.27306	0.04551
V569	0.63787	0.08278	0.11357	0.1033	0.06248
V570	0.15158	0.0063	0.28815	0.4371	0.11687
V571	0.2798	0	0.23997	0.32378	0.15645
V572	0.84885	0	0	0	0.15115
V573	0.09391	0.05236	0.34558	0.36056	0.14759
V574	0.51752	0.28195	0.08215	0.07178	0.04661
V575	0.39222	0	0.12744	0.06411	0.41623
V576	0.04884	0.84668	0.02058	0.00721	0.0767
V577	0.39765	0.49128	0.04359	0.03466	0.03282
V578	0.03381	0.15302	0.51933	0.20521	0.08863
V579	0.02686	0.50382	0.32475	0.01883	0.12573
V580	0.21248	0.53044	0.02076	0.18148	0.05482
V581	0.05364	0.47318	0.37151	0.06311	0.03855
V582	0	0.07354	0.88092	0	0.04554
V583	0.61983	0.0068	0.34749	0	0.02589
V584	0.22076	0.49495	0.1149	0.02573	0.14365
V585	0.05277	0.74801	0.07403	0.04852	0.07667
V586	0.04007	0.75922	0.16539	0.00603	0.02929
V587	0.06222	0.67517	0.0171	0.0334	0.21211
V588	0.22176	0.38896	0.35885	0	0.03043
V589	0.10828	0.39491	0.05137	0.37611	0.06934
V590	0.05552	0.76397	0.01148	0.01421	0.15482
V591	0.43571	0.49068	0.04318	0	0.03042
V592	0.02115	0.00503	0.76313	0.02664	0.18404
V593	0.43099	0	0	0.47147	0.09755
V594	0.00792	0.1289	0.64641	0.12989	0.08687
V595	0.54369	0.01877	0.06832	0.2939	0.07533
V596	0.46419	0.1749	0.21445	0.09735	0.04911
V597	0.04432	0.18184	0.00488	0.15038	0.61858
V598	0.60507	0	0	0.0111	0.38382
V599	0.08586	0.38926	0.09646	0.35299	0.07543
V600	0.29618	0	0.18851	0.36494	0.15038
V601	0.16344	0.08103	0.00152	0.47121	0.2828
V602	0.79725	0.17353	0.00166	0	0.02756
V603	0.15095	0.12317	0.02847	0.16309	0.53432
V604	0.02402	0.0208	0.70967	0.09292	0.15259
V605	0.04561	0.04059	0.13685	0.11515	0.6618
V606	0.84276	0	0	0	0.15724
V607	0.18425	0.08994	0.01975	0.05752	0.64854
V608	0.769	0.002	0.03406	0.06761	0.12733
V609	0.19591	0.29669	0.01457	0.37718	0.11564
V610	0.09152	0.64271	0.01593	0.2051	0.04474
V611	0.27623	0.0248	0.61911	0	0.07985
V612	0.39757	0.02846	0.32623	0.00927	0.23847
V613	0.39059	0.52686	0.0443	0.01208	0.02617
V614	0.56464	0.0062	0.01736	0.07999	0.33182
V615	0.03039	0.07734	0.13229	0.55615	0.20383
V616	0.66789	0	0.15357	0.1166	0.06193
V617	0.23539	0.05728	0.47779	0.07859	0.15095
V618	0.72833	0.08195	0.0686	0	0.12112
V619	0.56882	0.02074	0.16295	0.00205	0.24544
V620	0.06053	0.01308	0.35581	0.5025	0.06809
V621	0.14918	0.20754	0.31114	0.00854	0.32361
V622	0.02911	0.19898	0.36374	0.02675	0.38142
V623	0.09191	0	0	0.67247	0.23563
V624	0.90366	0	0.00418	0.00322	0.08893
V625	0.0327	0.04769	0.09242	0.74097	0.08622
V626	0.08374	0.02064	0.55715	0.26948	0.06898
V627	0.12296	0.13884	0.12477	0.0616	0.55183
V628	0.93136	0.02301	0.00737	0.00656	0.0317
V629	0.12209	0.23153	0.60651	0.00133	0.03854
V630	0.03245	0.17189	0.02312	0.07851	0.69403
V631	0.01519	0	0.28714	0.056	0.64166
V632	0.05495	0.75081	0.01857	0.03444	0.14124
V633	0.07627	0	0.08748	0.52088	0.31536
V634	0.39107	0.43509	0.15086	0	0.02298
V635	0.05465	0.08686	0.19744	0.05989	0.60117
V636	0.20993	0.15189	0.32473	0.17369	0.13976
V637	0.2282	0.00018	0.42408	0.22795	0.1196
V638	0.08864	0.46054	0.02804	0.09356	0.32922
V639	0.49858	0.39282	0.08097	0	0.02763
V640	0.12735	0.1727	0.0857	0.24034	0.37391
V641	0.10085	0.69984	0.03245	0.11479	0.05208
V642	0.7369	0.02524	0.00371	0.19717	0.03698
V643	0.05487	0.82512	0.07473	0.01542	0.02986
V644	0.05993	0.42163	0.02676	0.41083	0.08085
V645	0.15724	0.72374	0.02509	0.06429	0.02964
V646	0.14043	0.51938	0.03739	0.20843	0.09438
V647	0.92608	0	0.00628	0.0354	0.03225
V648	0.46189	0.0901	0.00254	0.26462	0.18086
V649	0.29033	0.06866	0.0822	0.12523	0.43358
V650	0.04817	0	0.05132	0.81463	0.08588
V651	0.16053	0.19655	0	0.57985	0.06307
V652	0.37638	0	0.02933	0.52441	0.06989
V653	0.3614	0	0.04854	0.49926	0.0908
V654	0.05289	0.06172	0	0.12302	0.76236
V655	0.17283	0.0409	0.30593	0.42129	0.05905
V656	0.134	0	0	0.14861	0.71739
V657	0.05018	0.47801	0.03682	0.30012	0.13486
V658	0.05429	0.00974	0.02785	0.60381	0.30431
V659	0.04264	0.00442	0.07365	0.74484	0.13446
V660	0.07571	0.33072	0.02482	0.07004	0.49872
V661	0.05293	0.6414	0.02419	0.15939	0.12209
V662	0.04758	0.43481	0.02795	0.03337	0.45628
V663	0.94366	0.01651	0.00819	0	0.03164
V664	0.04016	0	0.11649	0.40505	0.43829
V665	0.03432	0.61591	0.21566	0.06894	0.06517
V666	0.09203	0.82787	0.05074	0.00037	0.02899
V667	0.03963	0.5326	0.26771	0.08576	0.07431
V668	0.62716	0.23538	0.05487	0.03768	0.04491
V669	0.46717	0.30251	0.03216	0.07583	0.12232
V670	0.09852	0.61836	0.05613	0.03587	0.19112
V671	0.76796	0	0.19577	0.00606	0.03021
V672	0.11497	0.04949	0.09396	0.31841	0.42317
V673	0.03084	0.00151	0	0.1677	0.79995
V674	0.36135	0.09141	0.49028	0	0.05696
V675	0.69594	0	0.03748	0.13536	0.13122
V676	0.25899	0.09159	0.50201	0	0.14741
V677	0.05867	0.25819	0.22481	0.35661	0.10173
V678	0.06577	0.31006	0.01605	0.06784	0.54028
V679	0.02618	0.00883	0.45927	0.43861	0.06711
V680	0.18859	0	0.01186	0.35865	0.4409
V681	0.54582	0.00782	0.04208	0.28221	0.12207
V682	0	0.04743	0.90544	0	0.04713
V683	0.06712	0.17819	0.62635	0	0.12834
V684	0.08372	0	0.00045	0.82735	0.08849
V685	0.00985	0.03693	0.81875	0.0822	0.05228
V686	0.27335	0.60208	0.07863	0.00754	0.0384
V687	0.01105	0.006	0.58431	0.32789	0.07076
V688	0	0.04102	0.89807	0	0.06091
V689	0.51568	0.03297	0.20613	0.09235	0.15288
V690	0.10169	0.82021	0.02719	0.01526	0.03565
V691	0.15993	0.11442	0.04499	0.58913	0.09153
V692	0.09643	0.00201	0.00971	0.73399	0.15785
V693	0.02307	0.4921	0.42868	0.01706	0.03909
V694	0.10691	0.17943	0.0378	0.55415	0.1217
V695	0.14367	0.09523	0.15422	0.05156	0.55531
V696	0.12502	0.00138	0.74179	0	0.13181
V697	0.11751	0.09598	0.32435	0.31888	0.14328
V698	0.0298	0	0.18551	0.06628	0.71841
V699	0.06096	0	0.04333	0.64312	0.25259
V700	0.06172	0.78285	0.08203	0	0.0734
V701	0.03299	0.17245	0.01432	0.0717	0.70854
V702	0.04696	0.10639	0.00335	0.64344	0.19985
V703	0.04454	0	0.02039	0.83652	0.09855
V704	0.05589	0.04294	0.41175	0.03995	0.44947
V705	0.92293	0.02047	0	0	0.05661
V706	0.16889	0.13262	0.16292	0.41431	0.12126
V707	0.16194	0.10395	0.0745	0.28075	0.37887
V708	0.02691	0.57113	0.37131	0	0.03065
V709	0.02606	0	0.03023	0.07952	0.86419
V710	0.13986	0.01483	0.49845	0.00695	0.33992
V711	0.07413	0	0.01375	0.08875	0.82337
V712	0.06592	0.02008	0.69629	0.16057	0.05714
V713	0.24777	0.41189	0.31461	0	0.02572
V714	0.06801	0	0	0.07807	0.85393
V715	0.01254	0.27633	0.58571	0.08041	0.04501
V716	0.72459	0.18427	0.01503	0.03018	0.04593
V717	0.41588	0.14833	0.13014	0.02538	0.28027
V718	0.66953	0	0.27079	0	0.05968
V719	0.41501	0.22466	0.11155	0.10457	0.14421
V720	0.1472	0.01488	0.09398	0.08422	0.65972
V721	0.04323	0	0.04466	0.09023	0.82188
V722	0.04549	0.22606	0.05775	0.46897	0.20173
V723	0.12514	0.20521	0.11219	0.48108	0.07638
V724	0.12895	0.6381	0.04734	0.14593	0.03968
V725	0.04649	0	0	0.08073	0.87278
V726	0.22421	0.49046	0.062	0.05345	0.16988
V727	0.0064	0.03926	0.89501	0	0.05933
V728	0.78746	0.00811	0.12662	0.04557	0.03224
V729	0.61602	0.10088	0.02739	0.21325	0.04246
V730	0.13571	0.01042	0.38826	0.36165	0.10396
V731	0.03333	0	0.05666	0.82099	0.08902
V732	0.0425	0	0.00142	0.8598	0.09629
V733	0.02688	0.05527	0.86335	0	0.0545
V734	0.50616	0.0759	0.36108	0.01746	0.03939
V735	0.08586	0.1452	0.2282	0.05391	0.48684
V736	0.03034	0.02336	0.00448	0.08101	0.86082
V737	0.93725	0.02373	0.00808	0	0.03094
V738	0.03873	0.45482	0.0201	0.04161	0.44475
V739	0.04677	0.00209	0	0.85469	0.09645
V740	0.23901	0.05898	0.11189	0.04813	0.54199
V741	0.52717	0	0.00081	0.3054	0.16662
V742	0.0847	0.01742	0.54598	0.16213	0.18977
V743	0.04882	0.02766	0.07701	0.15769	0.68883
V744	0.214	0.04466	0.16976	0.47946	0.09211
V745	0.19069	0.00137	0.04289	0.68816	0.07688
V746	0.35208	0.54706	0.04417	0	0.05669
V747	0.02755	0.05246	0.85793	0	0.06205
V748	0.17486	0.19518	0.29194	0.06245	0.27557
V749	0.20666	0.08496	0.1218	0.41366	0.17292
V750	0.73928	0.19579	0.00834	0.02872	0.02787
V751	0.03509	0.36645	0.55174	0.00634	0.04038
V752	0.04181	0.11648	0.02233	0.07415	0.74524
V753	0.56291	0.03612	0.25151	0.01271	0.13675
V754	0.1303	0.31407	0.00722	0.48539	0.06302
V755	0.2271	0.69476	0.04686	0	0.03128
V756	0.04164	0.09384	0.02166	0.11723	0.72563
V757	0.19162	0	0.09119	0.64596	0.07123
V758	0.08104	0.42612	0.00276	0.42909	0.06099
V759	0.11222	0.00555	0.10484	0.05631	0.72107
V760	0.098	0.01092	0.21935	0.26677	0.40495
V761	0.05748	0.25484	0.64812	0	0.03956
V762	0.03621	0.02301	0.17609	0.4038	0.36089
V763	0.04535	0.26749	0.00716	0.05342	0.62659
V764	0.13572	0.04285	0.08048	0.65938	0.08156
V765	0.17666	0.02485	0.65237	0.03025	0.11587
V766	0.0785	0.47498	0.25239	0.04405	0.15008
V767	0.27699	0.46853	0.06969	0.04108	0.1437
V768	0.06375	0.80458	0.05822	0.0373	0.03616
V769	0.75458	0	0.18612	0	0.0593
V770	0.32129	0	0.50658	0.1312	0.04092
V771	0.07311	0.7099	0.01747	0.08452	0.11501
V772	0.04765	0.04523	0.86641	0	0.04072
V773	0.04675	0	0	0.2203	0.73294
V774	0.16926	0	0.54921	0	0.28153
V775	0.90572	0	0.01869	0.03398	0.04161
V776	0.35357	0.41788	0.1655	0.01184	0.05121
V777	0.21858	0.36779	0.25181	0.08948	0.07234
V778	0.55531	0.03782	0.00964	0.20561	0.19161
V779	0.06749	0.40458	0.48398	0	0.04395
V780	0.01665	0.0319	0.90618	0	0.04527
V781	0.18896	0.29959	0.18448	0.00941	0.31755
V782	0.25058	0.23003	0.02195	0.03421	0.46323
V783	0.00586	0.00736	0.64571	0.03381	0.30725
V784	0.04469	0.60758	0.00807	0.22687	0.11279
V785	0.70998	0.13187	0	0.08091	0.07724
V786	0.18316	0.18732	0.01207	0.53704	0.08041
V787	0.14161	0.58824	0.00693	0.17117	0.09205
V788	0.37714	0.40955	0.07599	0	0.13731
V789	0.03573	0.14914	0.00405	0.40797	0.40311
V790	0.30253	0.21266	0.06613	0.11897	0.2997
V791	0.19713	0.20528	0.07604	0.20047	0.32108
V792	0.91806	0.0212	0.02128	0	0.03946
V793	0.3456	0.25581	0.05763	0.0937	0.24725
V794	0.03599	0	0.10567	0.21892	0.63943
V795	0.12912	0.80278	0.02666	0.00042	0.04103
V796	0.30025	0.39938	0.11325	0.12957	0.05756
V797	0.16023	0	0	0.07981	0.75996
V798	0.14108	0.50775	0.01256	0.09071	0.2479
V799	0.05538	0.14848	0.04692	0.63556	0.11366
V800	0.048	0	0.00883	0.17862	0.76455
V801	0.39558	0	0.1209	0.4082	0.07533
V802	0.05388	0.19295	0.01411	0.06597	0.67309
V803	0.32562	0.0113	0.00088	0.57791	0.08428
V804	0.21393	0.14521	0.20346	0.34679	0.09061
V805	0.15639	0.12438	0.44482	0.15158	0.12283
V806	0.5007	0	0.20409	0.0582	0.23701
V807	0.73697	0	0.06317	0.03797	0.16189
V808	0.84191	0	0.04758	0	0.11051
V809	0.20007	0.59948	0.03052	0.0287	0.14123
V810	0.05261	0.04002	0.03741	0.4735	0.39646
V811	0.07392	0.08094	0.02045	0.1557	0.66899
V812	0.03549	0.6417	0.19658	0.06825	0.05797
V813	0.04476	0.21259	0.22691	0.03041	0.48533
V814	0.20106	0.53783	0.07072	0.13869	0.0517
V815	0.22434	0.66285	0.03884	0.03988	0.03409
V816	0.04305	0.49905	0.013	0.36638	0.07852
V817	0.8002	0.02312	0.15191	0	0.02477
V818	0.04974	0.19924	0.36603	0.0468	0.33819
V819	0.92852	0.02059	0.01456	0.00557	0.03076
V820	0.08418	0.34938	0.12454	0.36533	0.07657
V821	0.02702	0	0	0.08632	0.88667
V822	0.21049	0	0.00758	0.70902	0.07291
V823	0.06301	0.0673	0.23853	0.03999	0.59118
V824	0.09431	0.00572	0.02026	0.07016	0.80954
V825	0.15441	0.0052	0.64679	0.15368	0.03992
V826	0.03828	0.03515	0.87931	0.00399	0.04328
V827	0.3655	0.13136	0	0.36484	0.13829
V828	0.26447	0.12613	0.11257	0.07788	0.41896
V829	0.10622	0.07186	0.31845	0.18256	0.32091
V830	0.15142	0.01706	0.6914	0.00752	0.13261
V831	0.0439	0.71195	0.05738	0.1325	0.05427
V832	0.23041	0	0.06332	0.25924	0.44703
V833	0.18326	0.74072	0.0176	0	0.05842
V834	0.74252	0.13295	0.037	0.00948	0.07805
V835	0.26475	0.27169	0.09479	0.25377	0.11501
V836	0.38164	0.05832	0.44637	0.07676	0.03691
V837	0.04676	0.79836	0.02703	0.03702	0.09083
V838	0.0284	0	0.07095	0.80594	0.0947
V839	0.05846	0.0073	0.07774	0.06737	0.78913
V840	0.92558	0.00599	0.02889	0.00442	0.03512
V841	0.21639	0.025	0.72128	0	0.03732
V842	0.54238	0.02478	0.21165	0.17453	0.04666
V843	0.48483	0	0.15061	0.07283	0.29172
V844	0.01427	0.18005	0.73964	0.00671	0.05932
V845	0.05101	0	0	0.60582	0.34317
V846	0.13548	0.01515	0.10396	0.10911	0.6363
V847	0.23335	0	0.04714	0.15982	0.55969
V848	0.75054	0.0222	0.00346	0.07948	0.14432
V849	0.13748	0.05184	0.69793	0	0.11275
V850	0.23608	0.01441	0.30549	0.15477	0.28925
V851	0.94611	0.01431	0.00026	0	0.03932
V852	0.26802	0.03672	0.08193	0.19225	0.42108
V853	0.03923	0.12389	0.60578	0.12274	0.10836
V854	0.05606	0.33959	0.25841	0.08301	0.26292
V855	0.11744	0.3721	0.0971	0.295	0.11836
V856	0.17049	0.38799	0.06098	0.01784	0.36269
V857	0.1006	0.0215	0.1745	0.42345	0.27995
V858	0.03973	0.33698	0.19729	0.20663	0.21937
V859	0.15697	0	0.01561	0.72308	0.10434
V860	0.0644	0.12715	0.06443	0.62358	0.12044
V861	0.16646	0.003	0.12724	0.63104	0.07226
V862	0.08772	0	0.01432	0.15303	0.74493
V863	0.04909	0.86742	0.02845	0.00488	0.05016
V864	0.03881	0.01858	0.85392	0.0454	0.04329
V865	0.09034	0.00487	0.63657	0.22318	0.04504
V866	0.03818	0.04889	0.63484	0.21036	0.06773
V867	0.60601	0.0091	0.00247	0.01071	0.37171
V868	0.23496	0.21091	0.40913	0.09299	0.05201
V869	0.03189	0	0.0165	0.08775	0.86386
V870	0.29326	0.14854	0.0836	0.24481	0.22978
V871	0.05809	0.02788	0.10641	0.14393	0.66368
V872	0.40956	0.01965	0.00886	0.46419	0.09774
V873	0.07231	0.3103	0.15411	0.35487	0.1084
V874	0.11751	0.02726	0.00241	0.0757	0.77711
V875	0.03648	0.17022	0.02148	0.48785	0.28397
V876	0.50784	0.03698	0.0611	0.0249	0.36919
V877	0.22786	0.61362	0.04618	0.07087	0.04147
V878	0.04358	0.66612	0.04864	0.19045	0.05122
V879	0.90198	0.04303	0.01425	0.0054	0.03535
V880	0.10749	0.05933	0.02752	0.4395	0.36615
V881	0.01925	0.00011	0.55504	0.01881	0.40678
V882	0.06096	0.45782	0.01956	0.40944	0.05221
V883	0.52453	0.16236	0.01252	0.17013	0.13046
V884	0.02469	0	0	0.09565	0.87966
V885	0.18171	0.05354	0.40583	0.11148	0.24744
V886	0.0226	0	0.02454	0.27136	0.68149
V887	0.09307	0.83253	0.01983	0	0.05458
V888	0.0846	0.08388	0.0543	0.65469	0.12253
V889	0.11873	0.77731	0.04924	0.0139	0.04081
V890	0.05733	0	0.13898	0.6297	0.17399
V891	0	0.07283	0.88088	0	0.0463
V892	0.59954	0.23307	0.0228	0	0.14459
V893	0.15045	0.17338	0.52051	0.06424	0.09142
V894	0.10868	0.51157	0.05411	0.24357	0.08206
V895	0.68552	0	0.28389	0	0.03059
V896	0.22207	0.20236	0.24383	0.28387	0.04786
V897	0.02901	0	0.0341	0.74184	0.19505
V898	0.42022	0	0.00442	0.05166	0.5237
V899	0.55552	0.30356	0.08798	0	0.05293
V900	0.26635	0.21545	0.28517	0.17741	0.05561
V901	0.68208	0.04025	0.00313	0.16872	0.10582
V902	0.85087	0.04072	0.02022	0.02214	0.06606
V903	0.29862	0.0507	0.07047	0.48925	0.09096
V904	0.71589	0.0867	0.15883	0	0.03859
V905	0.04516	0.30421	0.06881	0.32821	0.25361
V906	0.16528	0.03519	0.48053	0.07374	0.24525
V907	0.71849	0.10207	0.0689	0.04513	0.06541
V908	0.04777	0.3191	0.05025	0.4741	0.10878
V909	0.04674	0.09646	0.0118	0.69881	0.14619
V910	0.67733	0.16091	0.01375	0.05164	0.09638
V911	0.04284	0.2519	0.53148	0.00191	0.17186
V912	0.05358	0	0.16651	0.11428	0.66563
V913	0.16953	0	0.07043	0.64042	0.11961
V914	0.77568	0.02363	0.01116	0.11098	0.07855
V915	0.21653	0.16689	0.05612	0.03947	0.521
V916	0.79349	0.00692	0.11726	0	0.08234
V917	0.48131	0.01684	0	0.03818	0.46367
V918	0.58835	0.13051	0.22567	0.01123	0.04423
V919	0.44915	0.14256	0.01147	0.26693	0.1299
V920	0.20539	0	0.11228	0.61334	0.06899
V921	0.21417	0.17093	0.12317	0.02388	0.46784
V922	0.04335	0.00972	0.70628	0	0.24064
V923	0.16141	0.46915	0.02787	0.06044	0.28113
V924	0.53257	0.0896	0	0.24201	0.13582
V925	0.15427	0.1043	0.48738	0.14832	0.10574
V926	0.04072	0.00041	0.00377	0.0897	0.86541
V927	0.53222	0.24117	0.11699	0.06981	0.0398
V928	0.13381	0.24997	0.22936	0.17677	0.21009
V929	0.07593	0.26599	0.00674	0.04904	0.60229
V930	0.09609	0	0.06101	0.06338	0.77952
V931	0.51427	0.12036	0.01173	0.05331	0.30032
V932	0.07373	0.09241	0.04685	0.34003	0.44697
V933	0.32494	0	0.04453	0.28274	0.3478
V934	0.66177	0.0538	0.2614	0	0.02302
V935	0.59815	0.09357	0.13431	0.04553	0.12845
V936	0.33393	0.04151	0.11812	0.42031	0.08612
V937	0.1359	0.67773	0.10581	0.02732	0.05324
V938	0.08426	0.84864	0.03567	0.00157	0.02986
V939	0.0246	0	0.0069	0.35591	0.61259
V940	0.59233	0.0594	0.08777	0.04804	0.21246
V941	0.04064	0.10833	0.12368	0.46701	0.26035
V942	0.72644	0.2365	0.00941	0.00012	0.02753
V943	0.07109	0.0818	0.05791	0.06854	0.72066
V944	0.36633	0.00066	0.11626	0.45158	0.06517
V945	0.0511	0.25361	0.58597	0.02492	0.08439
V946	0.03018	0.47063	0.46134	0	0.03786
V947	0.42621	0	0.02409	0.13696	0.41274
V948	0.0804	0.6804	0.04839	0.10388	0.08693
V949	0.84792	0.09717	0.02959	0	0.02532
V950	0.09447	0	0.01793	0.80362	0.08399
V951	0.33811	0	0	0.49549	0.1664
V952	0.15999	0.00907	0.04334	0.61847	0.16912
V953	0.49836	0.07046	0.00241	0.34807	0.08069
V954	0.24333	0.51873	0.07039	0.05448	0.11307
V955	0.08346	0	0.55323	0.30669	0.05661
V956	0.04709	0.4504	0.09757	0.33704	0.0679
