Neutrophils	Monocytes_CD14.CD16.	Macrophage	T_cells_.CD4..	NK_cells
V1	0.33175	0.14158	0.23468	0.13199	0.16
V2	0.06092	0.79612	0.04098	0.05097	0.05101
V3	0.06614	0.00789	0.43971	0.43457	0.05169
V4	0.00221	0	0.20401	0.07477	0.719
V5	0.00037	0	0.04532	0.11506	0.83925
V6	0.3454	0.02658	0.26084	0.22596	0.14122
V7	0.00232	0.02394	0.38536	0.08771	0.50068
V8	0.01149	0.00528	0.90402	0.0699	0.00931
V9	0.0526	0	0.25481	0.62932	0.06326
V10	0.49571	0.02787	0.45565	0	0.02078
V11	0.02139	0.00619	0.08417	0.08667	0.80159
V12	0.0719	0.00057	0.19895	0.30168	0.4269
V13	0.11673	0.04082	0.0289	0.40033	0.41322
V14	0.15105	0	0.06488	0.63026	0.15381
V15	0.01637	0.0169	0	0.85634	0.11038
V16	0.57193	0.0885	0.00417	0.30332	0.03208
V17	0.05387	0.23079	0.00633	0.07366	0.63535
V18	0.0904	0.44687	0.23723	0.19704	0.02847
V19	0.01285	0	0	0.12586	0.86128
V20	0	0	0.73724	0.22872	0.03404
V21	0.01638	0.25095	0.11102	0.16238	0.45929
V22	0.82427	0.09428	0.05785	0	0.02361
V23	0.05944	0.0062	0.01352	0.14278	0.77806
V24	0.42742	0.12844	0.00909	0.04883	0.38621
V25	0.01391	0.01831	0.00903	0.39659	0.56216
V26	0.4596	0.21654	0.04785	0.03972	0.23628
V27	0.12173	0.51174	0.15986	0.01207	0.19461
V28	0.02616	0.07229	0.19385	0.6145	0.0932
V29	0	0	0.32383	0.60347	0.0727
V30	0.7292	0.12114	0.01803	0.01619	0.11544
V31	0.40595	0.15793	0.0029	0.21851	0.21471
V32	0.93689	0.00552	0.00132	0	0.05627
V33	0.01443	0.18183	0.00747	0.12426	0.67201
V34	0.12211	0.8647	0.00019	0.00582	0.00718
V35	0.10029	0.64163	0.23204	0.0214	0.00464
V36	0.02044	0.16241	0.14293	0.10205	0.57218
V37	0.72938	0.00083	0	0.01149	0.25831
V38	0.12334	0.01947	0.46334	0.20389	0.18995
V39	0.32602	0.03474	0.30585	0.01807	0.31531
V40	0.22049	0.63613	0.00751	0.09036	0.04551
V41	0.05683	0.84829	0.00618	0.00748	0.08121
V42	0.86854	0.04632	0.01349	0	0.07165
V43	0.50483	0.1386	0.33527	0.01161	0.00969
V44	0.03869	0.29928	0.53157	0.00391	0.12656
V45	0.04439	0.68974	0.08037	0.12679	0.05872
V46	0.11781	0.77941	0.05518	0.02503	0.02257
V47	0.00074	0	0.98574	0	0.01352
V48	0.16379	0.13442	0.20435	0.32311	0.17433
V49	0.47919	0.16274	0.212	0.12579	0.02028
V50	0.02572	0.01914	0.95385	0	0.00129
V51	0.09702	0.26388	0.16972	0.07114	0.39825
V52	0.06136	0.91925	0.00273	0.00827	0.0084
V53	0.02426	0.17975	0.00431	0.71187	0.07981
V54	0.20376	0	0.00588	0.53268	0.25768
V55	0.06761	0	0	0.83632	0.09607
V56	0.06138	0	0.00096	0.73316	0.2045
V57	0.16242	0.13095	0.54177	0.02455	0.14032
V58	0.05234	0	0.11336	0.20579	0.62851
V59	0.87833	0.02849	0.08251	0	0.01068
V60	0.42137	0.22127	0.10897	0.11548	0.13291
V61	0.17141	0	0.01886	0.22132	0.58842
V62	0.05013	0.0115	0.26827	0.14654	0.52355
V63	0.37867	0.26927	0.0483	0.03715	0.26661
V64	0.94672	0.02429	0.01698	0	0.01202
V65	0.07929	0.07641	0.03231	0.59732	0.21467
V66	0.02092	0	0.12844	0.7608	0.08984
V67	0.00139	0.00044	0.30256	0.11305	0.58256
V68	0.48536	0.00713	0.38437	0.02861	0.09454
V69	0.60543	0.12964	0.18449	0.01012	0.07032
V70	0.06685	0.72897	0.03251	0.13759	0.03409
V71	0.0997	0.79653	0.03268	0.05333	0.01777
V72	0.03593	0.38213	0.01463	0.05181	0.5155
V73	0.04965	0	0.09138	0.56044	0.29854
V74	0.00711	0.05777	0.00514	0.76146	0.16852
V75	0.4896	0.2008	0.29271	0	0.01689
V76	0.00233	0	0.01511	0.82366	0.15891
V77	0.02179	0	0.93828	0.03395	0.00598
V78	0.0021	0.007	0.9748	0.00117	0.01493
V79	0.07555	0.39672	0.02863	0.13873	0.36037
V80	0.1228	0.73808	0	0.0468	0.09231
V81	0.01264	0	0.98517	0	0.00219
V82	0.23385	0.17308	0.02205	0.51092	0.0601
V83	0.08867	0.07375	0.01519	0.52135	0.30104
V84	0.07736	0.14999	0	0.08027	0.69239
V85	0.00111	0	0.99322	0.00058	0.00509
V86	0.02559	0.2669	0.28817	0.37285	0.04648
V87	0.46062	0.01641	0.03572	0.42701	0.06025
V88	0.29282	0.16773	0.04074	0.18968	0.30902
V89	0.04981	0.09964	0.81539	0.03067	0.0045
V90	0.01267	0.1648	0.04432	0.12208	0.65614
V91	0.00159	0	0.07734	0.82858	0.09249
V92	0.20887	0.02804	0.01765	0.0781	0.66734
V93	0.00658	0.07777	0.1495	0.50392	0.26223
V94	0.03079	0.15788	0.01418	0.23919	0.55797
V95	0.05275	0.21492	0.01323	0.12084	0.59826
V96	0.78556	0.01328	0.01823	0.02038	0.16256
V97	0.13915	0.01743	0.03335	0.13529	0.67478
V98	0.0537	0.37725	0.15589	0.12425	0.28891
V99	0.49653	0.14582	0	0.20579	0.15186
V100	0.51812	0.17277	0.03995	0.0514	0.21777
V101	0.06946	0.90642	0.00914	0.00735	0.00764
V102	0.30142	0.25339	0.11752	0.10385	0.22381
V103	0.0988	0	0	0.08578	0.81542
V104	0.04582	0.39806	0.0668	0.04903	0.44029
V105	0.00295	0	0.03135	0.12315	0.84255
V106	0.05929	0.76776	0.12838	0.00674	0.03783
V107	0.05599	0.22614	0.66554	0.0386	0.01372
V108	0.02243	0.1781	0.79872	0	0.00076
V109	0.05268	0.20876	0.04487	0.27082	0.42288
V110	0.17984	0.53113	0.1643	0.09724	0.02748
V111	0.30231	0.24098	0.45671	0	0
V112	0.16781	0	0.0946	0.46232	0.27527
V113	0.21494	0	0.08741	0.16433	0.53332
V114	0.5641	0.08615	0.04007	0.16291	0.14676
V115	0.8703	0	0	0.00302	0.12667
V116	0.00213	0	0	0.10139	0.89648
V117	0.05485	0.00286	0.826	0.07809	0.0382
V118	0.03533	0	0	0.8459	0.11877
V119	0.34937	0.01871	0.38336	0.22837	0.0202
V120	0.00797	0	0.8296	0.10929	0.05314
V121	0.189	0.73064	0	0.00941	0.07095
V122	0.03522	0.39074	0.0707	0.22368	0.27967
V123	0.4811	0.0452	0.0644	0.18594	0.22337
V124	0.19685	0.10638	0.04972	0.22421	0.42285
V125	0.05046	0.46915	0.46866	0.00062	0.01111
V126	0.14874	0.18438	0.19231	0.12234	0.35223
V127	0.30217	0	0.64664	0.03906	0.01213
V128	0.20121	0.77325	0.00477	0	0.02077
V129	0.26414	0.03178	0.24661	0.17681	0.28066
V130	0.03491	0.51116	0.03158	0.21094	0.21142
V131	0.01046	0	0.22621	0.69145	0.07187
V132	0.33324	0.01433	0	0.33004	0.3224
V133	0.0025	0.04142	0.52435	0.10122	0.33052
V134	0.07718	0.01403	0.78151	0.02332	0.10395
V135	0.0254	0.09429	0.71585	0.02822	0.13623
V136	0.97447	0.00688	0.00376	0	0.01489
V137	0.90269	0.04088	0	0.01497	0.04146
V138	0.23178	0.14068	0.06449	0.14349	0.41955
V139	0.11629	0	0.14935	0.65914	0.07521
V140	0.01473	0	0.12887	0.08133	0.77508
V141	0.02288	0.22696	0.64004	0.09077	0.01936
V142	0.20495	0	0.30146	0.13997	0.35362
V143	0.02007	0.19829	0.45753	0.1448	0.17932
V144	0.49737	0.23669	0.05711	0.10801	0.10082
V145	0.0014	0.00591	0.9558	0.01091	0.02598
V146	0.03367	0.34413	0.00085	0.2969	0.32445
V147	0.10338	0.06072	0.68554	0.10223	0.04814
V148	0.15588	0.79039	0.00432	0.02563	0.02379
V149	0.00372	0	0	0.84318	0.1531
V150	0.1541	0.20072	0.56189	0	0.08329
V151	0.42647	0.01412	0.00409	0.38963	0.1657
V152	0.00751	0	0.10663	0.72603	0.15982
V153	0.17724	0.19069	0.43076	0.04938	0.15192
V154	0.11541	0.59135	0.01499	0.04025	0.238
V155	0.03132	0	0.12761	0.75226	0.08881
V156	0.09578	0.01624	0.37197	0.16334	0.35267
V157	0.08365	0.03158	0.14906	0.28271	0.45299
V158	0.19372	0	0.41481	0.06042	0.33106
V159	0.11093	0.23381	0.00833	0.55273	0.0942
V160	0.43918	0.16867	0.0797	0.04995	0.26251
V161	0.1876	0.00933	0.04734	0.06658	0.68916
V162	0.00276	0.00841	0.98571	0	0.00312
V163	0.03714	0	0.00563	0.11392	0.8433
V164	0.9236	0.06164	0.00935	0	0.00541
V165	0.60294	0.23082	0.07196	0.03879	0.05549
V166	0.04817	0	0.22766	0.57372	0.15044
V167	0.04284	0.64729	0.01043	0.12352	0.17592
V168	0.00276	0.00841	0.98571	0	0.00312
V169	0.06483	0.70382	0.13665	0.06847	0.02623
V170	0.23924	0.40229	0.04343	0.17626	0.13878
V171	0.32451	0.08824	0.34704	0.16877	0.07144
V172	0.16366	0.21569	0.05545	0.05918	0.50602
V173	0.20621	0.10327	0.07901	0.38807	0.22344
V174	0.21049	0	0.3313	0.2048	0.25342
V175	0.06727	0.1344	0.10109	0.19325	0.50399
V176	0.37256	0.01228	0	0.5571	0.05806
V177	0.21201	0.02544	0.56913	0.16957	0.02385
V178	0.29697	0.0394	0.44558	0.11063	0.10742
V179	0.07678	0	0	0.08848	0.83474
V180	0.02009	3e-04	0.3079	0.05982	0.61189
V181	0.05618	0.25731	0	0.09758	0.58893
V182	0.55364	0.24635	0	0.14077	0.05925
V183	0.07876	0.90278	0.00167	0.0013	0.0155
V184	0.33521	0.00293	0.28737	0.31733	0.05716
V185	0.10101	0.48437	0.01432	0.14121	0.25909
V186	0.1231	0.1762	0.01995	0.25113	0.42962
V187	0.0846	0.7019	0	0.18246	0.03104
V188	0.84771	0.03707	0.02714	0.06932	0.01877
V189	0.45154	0.26207	0.02716	0.22702	0.03221
V190	0.40763	0.0666	0.19468	0.03089	0.3002
V191	0.20981	0.23208	0	0.3925	0.1656
V192	0.31773	0.20182	0.11113	0.20272	0.1666
V193	0.07491	0.21073	0.49268	0.04654	0.17515
V194	0.24298	0.04273	0.07159	0.12868	0.51402
V195	0.58709	0.18377	0.22078	0	0.00836
V196	0	0	0.04411	0.11499	0.84089
V197	0.07672	0.87736	0	0.02841	0.01752
V198	0.21628	0.22678	0.0262	0.20225	0.3285
V199	0.78699	0.00739	0.20561	0	0
V200	0.75239	0	0.02402	0.02412	0.19946
V201	0.02851	0	0.01668	0.67454	0.28028
V202	0.91659	0.06861	0	0	0.0148
V203	0.51559	0.26619	0.01824	0.05127	0.14871
V204	0.30719	0.07392	0.02349	0.04639	0.54901
V205	0.09894	0.01787	0.09794	0.11924	0.66601
V206	0.04069	0.09973	0	0.7369	0.12268
V207	0.01637	0.0169	0	0.85634	0.11038
V208	0.16731	0.22735	0.45142	0.04476	0.10917
V209	0.13819	0.00835	0.0797	0.08936	0.6844
V210	0.00051	0	0.98296	0.00125	0.01528
V211	0.14183	0.01058	0.17513	0.07667	0.59579
V212	0.06882	0.76433	0.06312	0.0376	0.06612
V213	0.08263	0	0.04809	0.26864	0.60064
V214	0.03609	0.56663	0.35634	0.01107	0.02988
V215	0.23948	0.22421	0.11608	0.09184	0.3284
V216	0.05041	0.02224	0.29307	0.08289	0.55139
V217	0	0	0.02182	0.79297	0.18521
V218	0.07497	0.19427	0.26722	0.33054	0.13299
V219	0.13827	0.28902	0.36368	0.18321	0.02583
V220	0.19166	0.74626	0.0476	0.0022	0.01227
V221	0.04327	0.05004	0.46253	0.04189	0.40227
V222	0.0105	0	0.00047	0.10593	0.88311
V223	0.55402	0.00824	0.30254	0.10835	0.02684
V224	0.04582	0.54061	0.01604	0.09304	0.30448
V225	0.70679	0.17482	0.11252	0	0.00586
V226	0.4461	0.5431	0	0	0.0108
V227	0.09173	0.27676	0.00117	0.53687	0.09346
V228	0.60848	0.02779	0.25546	0.05958	0.04869
V229	0.27546	0.41472	0.23656	0.03508	0.03818
V230	0.00824	0	0	0.10612	0.88564
V231	0.06934	0.62034	0.04725	0.15616	0.10692
V232	0.81817	0.01057	0.17126	0	0
V233	0.04895	0.0077	0.12513	0.1385	0.67971
V234	0.02431	0.39575	0.1945	0.3245	0.06094
V235	0.96756	0.01526	0	0.00621	0.01096
V236	0.08831	0	0.63989	0.19335	0.07845
V237	0.12398	0.07327	0.24443	0.31425	0.24407
V238	0.00102	0	0.00108	0.29569	0.70221
V239	0.06657	0.40284	0.03686	0.17533	0.31841
V240	0.07381	0.83698	0.00522	0.0187	0.06529
V241	0.06143	0.91805	0.00246	0.00202	0.01605
V242	0.03993	0.33628	0.27157	0.25916	0.09306
V243	0.49273	0.00591	0.30775	0.02885	0.16476
V244	0.03567	0.40546	0.16365	0.09324	0.30198
V245	0.05912	0.88913	0.02274	0.02068	0.00834
V246	0.59214	0.28209	0.01837	0.00337	0.10402
V247	0.21132	0.09845	0.60496	0.04473	0.04054
V248	0.096	0.59587	0.01549	0.02963	0.26301
V249	0.24395	0.06021	0.18017	0.11706	0.39862
V250	0.02142	0.01981	0.62465	0.05214	0.28198
V251	0.21569	0.01558	0.08261	0.57069	0.11543
V252	0.02586	0.11673	0.53002	0.15497	0.17242
V253	0.291	0.58481	0.06772	0.03444	0.02203
V254	0.50308	0.40293	0	0.06724	0.02675
V255	0.79761	0.08853	0	0.01467	0.09919
V256	0.04992	0.74879	0.01114	0.02223	0.16792
V257	0.43829	0.31505	0.12439	0.03081	0.09146
V258	0.16236	0.34287	0.03853	0.40638	0.04985
V259	0.5338	0.28667	0.15574	0	0.0238
V260	0.24094	0.02254	0.08774	0.11452	0.53426
V261	0.02117	0.00768	0.49562	0.29552	0.18001
V262	0.9113	0.03211	0.04425	0	0.01235
V263	0.79534	0.0942	0.00531	0.09158	0.01357
V264	0.0763	0.87279	0.00699	0.03428	0.00964
V265	0.82322	0.09568	0.0663	0.00297	0.01183
V266	0.00639	0	0.06614	0.10398	0.82349
V267	0.03733	0	0	0.19689	0.76578
V268	0.19944	0.4478	0.12066	0.16227	0.06984
V269	0.09496	0.34346	0.32945	0.17813	0.054
V270	0.04444	0	0.02977	0.83272	0.09306
V271	0.2187	0.72164	0.00212	0.01885	0.03869
V272	0.10905	0.81017	0.01841	0.01512	0.04725
V273	0.28814	0.00837	0.16142	0.3237	0.21837
V274	0.08059	0.02664	0.02765	0.22369	0.64142
V275	0.05592	0.71242	0.12834	0.07618	0.02713
V276	0.01049	0	0.70277	0.23286	0.05388
V277	0.39242	0	0.57437	0	0.0332
V278	0.00257	0.02649	0.32319	0.45288	0.19487
V279	0.14082	0	0.00866	0.71372	0.1368
V280	0.18824	0.01419	0.03094	0.59495	0.17168
V281	0.02648	0.2349	0.03574	0.627	0.07587
V282	0.07	0.91058	0.00206	0.00162	0.01573
V283	0.33448	0	0.09365	0.06204	0.50983
V284	0.02653	0.11973	0.49318	0.02667	0.33389
V285	0.49452	0.47347	0	0.01754	0.01448
V286	0.09097	0.01639	0.84895	0.03035	0.01334
V287	0.24107	0.06214	0.1508	0.28795	0.25805
V288	0.21547	0	0.61332	0.00994	0.16127
V289	0.15688	0.23721	0.01544	0.52836	0.06212
V290	0.42094	0.46525	0.11381	0	0
V291	0.40186	0.22614	0	0.3293	0.04269
V292	0.11542	0.01551	0.37108	0.06686	0.43114
V293	0.00604	0.11078	0.81331	0.04358	0.02628
V294	0.00173	0	0.00164	0.10089	0.89573
V295	0.01202	0.01554	0.31576	0.51052	0.14617
V296	0.83657	0.12234	0	0.0016	0.03949
V297	0.02108	0.00085	0.78536	0.12804	0.06468
V298	0.28564	0	0	0.52947	0.18489
V299	0.26411	0	0.00674	0.65984	0.0693
V300	0.97502	0.01582	0	0	0.00916
V301	0.95996	0.00642	0.00172	0.01345	0.01846
V302	0.00115	0	0.00171	0.4032	0.59394
V303	0.10354	0.16928	0.18708	0.18651	0.35359
V304	0.20621	0.0275	0.73966	0	0.02664
V305	0.19926	0.31875	0.07426	0.11292	0.29481
V306	0.31367	0.65585	0	0.00872	0.02176
V307	0.24556	0	0.2608	0.45128	0.04236
V308	0.25745	0.00349	0.65823	0.06613	0.0147
V309	0.63936	0.07256	0.03966	0.10969	0.13873
V310	0.02279	0.00625	0.00084	0.15729	0.81283
V311	0.00951	0	0.03953	0.84463	0.10633
V312	0.0844	0.24213	0.21376	0.03626	0.42345
V313	0.05974	0.29371	0.00699	0.30165	0.33791
V314	0.07112	0	0	0.37652	0.55236
V315	0.94672	0.00598	0.00886	0	0.03843
V316	0.11552	0.56622	0.21625	0.02794	0.07408
V317	0.40721	0.08446	0.48479	0	0.02354
V318	0.9	0.00091	0.00018	0	0.09891
V319	0.11613	0.05255	0.82605	0.00361	0.00166
V320	0.07483	0	0.00242	0.81992	0.10283
V321	0.14065	0.35337	0.27806	0.18333	0.04458
V322	0.0149	0.26715	0.54195	0.05161	0.12438
V323	0.26055	0.22348	0.40401	0.01801	0.09395
V324	0.03634	0.03676	0.03779	0.79246	0.09666
V325	0.62667	0.11691	0.07242	0.10315	0.08085
V326	0.03867	0	0.04381	0.17846	0.73905
V327	0.322	0.49888	0.09052	0.01739	0.0712
V328	0.04989	0.30514	0.14891	0.43413	0.06193
V329	0.00289	0.04173	0.38269	0.51062	0.06208
V330	0.08941	0.01585	0.83623	0	0.05851
V331	0.11859	0.00797	0.07282	0.13465	0.66596
V332	0.48937	0.05097	0.42786	0	0.03179
V333	0.41836	0.0298	0.28886	0.15261	0.11037
V334	0.04908	0.29547	0.52518	0.07556	0.05471
V335	0.70877	0.06352	0.07059	0.03012	0.127
V336	0.16711	0.5875	0.22885	0	0.01654
V337	0.00079	0	0.00794	0.20199	0.78928
V338	0.71848	0.02369	0.13799	0.01273	0.10711
V339	0.20781	0.54652	0.15841	0	0.08726
V340	0.02907	0.14764	0.09102	0.10184	0.63043
V341	0.03162	0.49676	0.39839	0.0072	0.06603
V342	0.31071	0.15923	0.42638	0.09513	0.00853
V343	0.71859	0.00586	0.27555	0	0
V344	0.10464	0.74842	0.03131	0.02552	0.09011
V345	0.19916	0.03908	0	0.28656	0.47521
V346	0.0396	0.32727	0.29301	0.27533	0.06478
V347	0.08561	0.53382	0.01638	0.2886	0.07559
V348	0.01695	0.13755	0.42319	0.24069	0.18163
V349	0.0714	0.31219	0.49365	0.01633	0.10642
V350	0.11015	0.42474	0.06976	0.21941	0.17595
V351	0.18749	0.02211	0.4267	0.31579	0.04791
V352	0.11655	0.5552	0.31777	0	0.01048
V353	0.23565	0.3266	0.02553	0.06339	0.34883
V354	0.59016	0.01629	0.39355	0	0
V355	0.08864	0.00641	0.32889	0.51667	0.05939
V356	0.10163	0.0165	0.82451	0.01605	0.04131
V357	0.04238	0.02762	0.47658	0.05723	0.39618
V358	0.02568	0.02637	0.03043	0.81653	0.10098
V359	0.05211	0.11376	0.00364	0.74741	0.08308
V360	0.71593	0.05607	0.08109	0.13248	0.01444
V361	0.32919	0.49283	0.07319	5e-04	0.10429
V362	0.81233	0.00856	0.08659	0	0.09252
V363	0.02315	0.01588	0.00057	0.1913	0.76909
V364	0.03973	0.29018	0.0161	0.41185	0.24214
V365	0.00305	0	0.00775	0.85686	0.13234
V366	0.22119	0.03763	0.57798	0.06023	0.10297
V367	0.22618	0.22841	0.18592	0.1643	0.19519
V368	0.7481	0.09666	0.11269	0	0.04255
V369	0.05091	0.66191	0.2099	0.06781	0.00947
V370	0.02021	0.15054	0.10705	0.3546	0.3676
V371	0.06852	0.8871	0.03825	0	0.00613
V372	0.65775	0.07739	0.1329	0.09679	0.03516
V373	0.12233	0.66765	0.11075	0.08078	0.0185
V374	0.10255	0.04379	0.37291	0.43912	0.04163
V375	0.33055	0.00509	0.59654	0.06232	0.00551
V376	0.00578	0	0.36176	0.0622	0.57026
V377	0.09467	0.52656	0.18633	0.16665	0.02579
V378	0.1344	0.55254	0.15077	0.00795	0.15434
V379	0.01727	0	0.0906	0.13409	0.75804
V380	0.01419	0.04382	0.15821	0.48935	0.29443
V381	0.12772	0.03409	0	0.07829	0.7599
V382	0.39485	0	0	0.29004	0.3151
V383	0.03103	0	0.26592	0.63784	0.06521
V384	0.29477	0.04435	0.15462	0.40936	0.09689
V385	0.07319	0.08094	0	0.08099	0.76488
V386	0.66611	0.01601	0	0.28606	0.03182
V387	0.26942	0.01708	4e-05	0.62049	0.09297
V388	0.06477	0.83415	0.02704	0.05524	0.0188
V389	0.12586	0.76952	0.00978	0.02984	0.065
V390	0.17274	0	0	0.64825	0.17901
V391	0.69302	0.16733	0	0.06265	0.077
V392	0.94634	0.04392	0.00292	0	0.00682
V393	0.09747	0.01347	0.1386	0.51927	0.2312
V394	0.71047	0.01311	0.01749	0.14486	0.11406
V395	0	0	0.37094	0.56126	0.06781
V396	0.57246	0.02658	0.39729	0	0.00367
V397	0.66841	0.15345	0.02583	0.09818	0.05413
V398	0.05879	0	0.1583	0.62751	0.15541
V399	0.03308	0.01487	0	0.2835	0.66855
V400	0.17012	0.55005	0.13828	0.12769	0.01386
V401	0.34904	0	0.62798	0.02084	0.00214
V402	0.39167	0.02916	0.42688	0.06236	0.08993
V403	0.13185	0.06182	0	0.16966	0.63667
V404	0.00236	0.04405	0.47758	0.3855	0.09051
V405	0.34076	0.27634	0.059	0.20154	0.12236
V406	0.02449	0.0175	0.93665	0	0.02136
V407	0.89072	0.04792	0.02923	0.02433	0.0078
V408	0.0354	0.37307	0.00078	0.24648	0.34427
V409	0.10554	0	0.05716	0.65742	0.17988
V410	0.12176	0.12734	0.28823	0.07039	0.39228
V411	0.00192	0	0	0.10796	0.89012
V412	0.01884	0.12679	0.10756	0.0834	0.66341
V413	0.02615	0.25913	0.13617	0.3499	0.22864
V414	0.03744	0.07787	0	0.44577	0.43893
V415	0.13612	0	0	0.08018	0.78371
V416	0.09326	0.07524	0.01228	0.18078	0.63844
V417	0.01041	0.00031	0.77188	0.13086	0.08654
V418	0.533	0.41267	0.01315	0.00471	0.03647
V419	0.22245	0.00997	0.01075	0.15539	0.60144
V420	0.20453	0	0.08348	0.09267	0.61932
V421	0	0	0.10804	0.11441	0.77756
V422	0.01303	0.00162	0.04548	0.68794	0.25193
V423	0.30185	0.20388	0.26949	0.18141	0.04338
V424	0	0	0.44933	0.04746	0.50321
V425	0.31304	0.37544	0	0.02723	0.2843
V426	0.23319	0.19269	0.01311	0.43104	0.12996
V427	0.20935	0.64822	0.13341	0	0.00902
V428	0.10042	0.65687	0.06209	0.08331	0.09731
V429	0.12648	0.78356	0	0.05504	0.03493
V430	0.03066	0.00306	0.38237	0.20562	0.3783
V431	0.11996	0.39001	0.18037	0.23119	0.07848
V432	0.30249	0.06506	0.11357	0.33506	0.18383
V433	0.21163	0	0.51666	0.22306	0.04865
V434	0.25024	0.29781	0.34848	0.01113	0.09233
V435	0.57639	0.04967	0.34634	0.01741	0.01019
V436	0.06665	0.59243	0.08527	0.05767	0.19799
V437	0.17176	0.00912	0.01865	0.1976	0.60286
V438	0.13948	0.3233	0.18138	0.26394	0.0919
V439	0.62333	0	0.04138	0.2888	0.04649
V440	0.03324	0.36697	0.52903	0.01261	0.05814
V441	0.04553	0.55907	0.35839	0.02371	0.0133
V442	0.07026	0.91217	0.0097	0.00064	0.00722
V443	0.95421	0.00619	0.00153	0.02688	0.01119
V444	0.15512	0.45496	0.02266	0.30029	0.06698
V445	0.07018	0.43459	0.03258	0.40237	0.06028
V446	0.10888	0.02398	0.09207	0.55261	0.22247
V447	0.05875	0	0.0064	0.44285	0.492
V448	0.14123	0	0.01031	0.09144	0.75701
V449	0.00276	0.00841	0.98571	0	0.00312
V450	0.20319	0.08464	0.22337	0.14742	0.34137
V451	0.27053	0.20941	0.05155	0.32107	0.14744
V452	0.01018	0	0.15626	0.70784	0.12572
V453	0.01326	0	0	0.45125	0.5355
V454	0.00982	0	0.66433	0.04457	0.28128
V455	0.06284	0.22384	0.24657	0.072	0.39474
V456	0.93518	0.01297	0	0.00877	0.04308
V457	0.65584	0.2246	0.02602	0.04517	0.04836
V458	0.03389	0.37966	0.48357	0.05071	0.05218
V459	0.1311	0.05407	0.04607	0.47131	0.29745
V460	0.69	0.04611	0.18579	0.04799	0.03011
V461	0.18817	0.30956	0.2162	0.03022	0.25586
V462	0.04661	0.07149	0.00804	0.48575	0.38812
V463	0.21629	0.05874	0.00792	0.64152	0.07553
V464	0.17832	0.19183	0.61759	0.00284	0.00942
V465	0.0359	0.08149	0.00679	0.09852	0.7773
V466	0.01683	0	0	0.16488	0.81829
V467	0.0586	0.26442	0.0166	0.50956	0.15082
V468	0.5525	0.32088	0.09578	0	0.03084
V469	0.02221	0.3289	0.04662	0.2674	0.33487
V470	0.8341	0.06552	0.01999	0.06211	0.01829
V471	0.37564	0.30805	0.01877	0.13456	0.16298
V472	0.00491	0.01559	0.03144	0.09453	0.85352
V473	0.03327	0.22068	0.2236	0.30598	0.21648
V474	0.29319	0.1435	0.05302	0.42212	0.08817
V475	0.16878	0.0214	0.57168	0.03872	0.19942
V476	0.1567	0.02602	0.09277	0.59577	0.12874
V477	0.06161	0.91973	0.01013	0.00101	0.00751
V478	0.14976	0	0	0.07855	0.77169
V479	0.83561	0.06539	0.02737	0.05438	0.01725
V480	0.1418	0.66769	0.04568	0.09897	0.04585
V481	0.23841	0.38135	0.05117	0.17101	0.15805
V482	0.12172	0.69217	0.16805	0	0.01806
V483	0.30628	0.54108	0	0.09002	0.06262
V484	0.22239	0.53363	0.10236	0.11239	0.02923
V485	0.6648	0.08836	0.10629	0.10443	0.03613
V486	0.0623	0.06385	0.2603	0.05277	0.56077
V487	0.14322	0.13306	0.39914	0.28862	0.03595
V488	0.39872	0.07009	0	0.32367	0.20753
V489	0.01369	0.23582	0.65687	0.06667	0.02697
V490	0.01077	0.00051	0.7571	0.20093	0.03069
V491	0.04014	0.45581	0.03748	0.11419	0.35239
V492	0.03164	0.14619	0.02749	0.69043	0.10425
V493	0.01126	0	0.00585	0.87001	0.11288
V494	0.32028	0	0.01217	0.52607	0.14148
V495	0.33482	0.2332	0.19636	0.15655	0.07907
V496	0.11699	0.01637	0.04114	0.07636	0.74913
V497	0.08979	0.01868	0.12445	0.14663	0.62044
V498	0.08466	0.85611	0.02047	0.00795	0.03081
V499	0.04251	0.21956	0.22846	0.09154	0.41793
V500	0.11452	0.50749	0.09588	0.19831	0.0838
V501	0.06779	0.30364	0.00616	0.06373	0.55868
V502	0.1375	0.79804	0.03373	0.02373	0.007
V503	0.44575	0.01577	0.19248	0.14345	0.20255
V504	0.45035	0.20449	0	0.0277	0.31747
V505	0.60361	0.00377	0.01639	0.09426	0.28197
V506	0.0343	0.50895	0.05296	0.04149	0.3623
V507	0.84903	0	0.02632	0.07975	0.04491
V508	0.04071	0.64545	0.18965	0.03905	0.08515
V509	0.06048	0.47179	0.12237	0.18397	0.16139
V510	0.40333	0.5146	0.03614	0.03172	0.01421
V511	0.07268	0.32568	0.48628	0.03647	0.07888
V512	0.15193	0.46913	0.1531	0.05262	0.17321
V513	0.1722	0.68834	0.06129	0.03872	0.03945
V514	0.00557	0	0.19094	0.10206	0.70144
V515	0.07455	0.13316	0	0.71337	0.07891
V516	0.16397	0.38408	0.09735	0.30663	0.04796
V517	0.01485	0.02612	0.0485	0.81105	0.09949
V518	0.43379	0.01876	0.3129	0.18171	0.05284
V519	0.78876	0.07141	0	0.11567	0.02416
V520	0.08387	0.8455	0.01309	0.04727	0.01028
V521	0.21062	0	0.12727	0.59503	0.06708
V522	0.05321	0.20512	0.55099	0.12984	0.06085
V523	0.16218	0.05158	0.73841	0.03536	0.01247
V524	0.35799	0.02826	0.54386	0	0.06989
V525	0.01424	0.18064	0.022	0.08295	0.70017
V526	0.04587	0.02753	0.86482	0.01841	0.04337
V527	0.09274	0.50069	0.3694	0.00884	0.02833
V528	0.15044	0	0.01627	0.7522	0.08109
V529	0.22914	0.02811	0.72591	0	0.01683
V530	0.02288	0.01612	0.8796	0.04479	0.03661
V531	0.17391	0.52158	0.07472	0.02697	0.20282
V532	0.06482	0.25786	0.2619	0.03235	0.38307
V533	0.2368	0	0	0.06741	0.6958
V534	0.12522	0.06617	0	0.70353	0.10507
V535	0.81365	0.13469	0.04363	0	0.00803
V536	0.12688	0.18088	0.35093	0.04996	0.29135
V537	0.0138	0.0062	0.00888	0.09696	0.87417
V538	0.59712	0.11519	0	0.03939	0.24831
V539	0.01776	0.15465	0.63722	0.09985	0.09052
V540	0.16092	0.47514	0.0749	0.05935	0.22969
V541	0.03608	0.38581	0.01453	0.07058	0.49301
V542	0.0428	0.3541	0.1009	0.39533	0.10687
V543	0.06983	0.10699	0.65874	0.04923	0.11521
V544	0.33459	0.2008	0.16158	0.07168	0.23135
V545	0.61152	0.38381	0.00072	0	0.00395
V546	0.07835	0.77778	0.07125	0.00949	0.06313
V547	0.09862	0.77908	0	0.08434	0.03796
V548	0.00757	0.06053	0.00634	0.82124	0.10432
V549	0.00055	0	0.01525	0.21483	0.76936
V550	0.05594	0.84167	0.08252	0.00584	0.01402
V551	0.01247	0	0	0.88144	0.10609
V552	0.19645	0	0.01109	0.09714	0.69532
V553	0.77703	0.01519	0.01107	0.1296	0.06711
V554	0.11555	0.04576	0.48303	0.30775	0.04791
V555	0.05929	0.89746	0.00838	0.00299	0.03189
V556	0.07874	0.04682	0.05107	0.69146	0.13191
V557	0.30596	0.26347	0.0277	0.31647	0.08641
V558	0.01094	0.01334	0.78481	0.14506	0.04584
V559	0.11038	0.44022	0.41165	0.00143	0.03632
V560	0.62303	0.25677	0.12019	0	0
V561	0.70939	0	0.12676	0.01077	0.15307
V562	0.11239	0.04006	0.13259	0.133	0.58197
V563	0.21334	0.27011	0.18361	0.11394	0.219
V564	0.33756	0.01858	0.05095	0.33543	0.25749
V565	0.00108	0	0.00822	0.12649	0.86422
V566	0.28438	0.1473	0.01866	0.3095	0.24017
V567	0.02303	0	0.96552	0	0.01145
V568	0.03412	0.23871	0.41395	0.28529	0.02792
V569	0.63091	0.10919	0.09786	0.10784	0.0542
V570	0.13552	0.01738	0.27238	0.44901	0.1257
V571	0.2661	0	0.22315	0.33403	0.17672
V572	0.82706	0.00544	0	0.0072	0.1603
V573	0.07898	0.06452	0.32324	0.37117	0.1621
V574	0.51584	0.30973	0.06544	0.07526	0.03373
V575	0.34259	0.01958	0.10327	0.07909	0.45547
V576	0.05738	0.85825	0.00645	0.01261	0.06531
V577	0.40298	0.51429	0.02854	0.03916	0.01503
V578	0.02906	0.16725	0.50288	0.21938	0.08144
V579	0.03323	0.52326	0.29146	0.02807	0.12398
V580	0.21016	0.55903	0.00733	0.17801	0.04547
V581	0.06238	0.50588	0.34594	0.06897	0.01684
V582	0.00402	0.04399	0.9475	0.00013	0.00436
V583	0.64242	0.01715	0.33074	0.00782	0.00187
V584	0.21699	0.51012	0.09095	0.03433	0.14761
V585	0.05962	0.76467	0.05546	0.05234	0.06791
V586	0.05119	0.78531	0.14692	0.01081	0.00577
V587	0.062	0.66736	0.00339	0.04112	0.22613
V588	0.23763	0.41913	0.3367	0	0.00654
V589	0.10104	0.42697	0.03934	0.36756	0.06509
V590	0.0599	0.76008	0	0.02142	0.1586
V591	0.44826	0.51136	0.02943	0	0.01095
V592	0.01747	0	0.74487	0.04304	0.19462
V593	0.41539	0.00345	0	0.47472	0.10644
V594	0.00613	0.13175	0.64277	0.14454	0.07481
V595	0.52579	0.04784	0.05827	0.29435	0.07375
V596	0.46404	0.20586	0.192	0.10238	0.03572
V597	0.02287	0.173	3e-05	0.15212	0.65199
V598	0.54914	0.00043	0	0.02922	0.42121
V599	0.07923	0.42044	0.08157	0.34685	0.0719
V600	0.27887	0.00803	0.17366	0.37076	0.16869
V601	0.13215	0.09353	0	0.45198	0.32233
V602	0.81402	0.18066	0	0	0.00532
V603	0.11665	0.12782	0.01908	0.16342	0.57302
V604	0.02115	0.01048	0.69962	0.1096	0.15915
V605	0.02315	0.04625	0.10868	0.12563	0.69629
V606	0.82331	0	0	0.00807	0.16862
V607	0.14241	0.09365	0.0115	0.07541	0.67702
V608	0.74371	0.02321	0.02484	0.07512	0.13312
V609	0.18175	0.32385	0.00593	0.3662	0.12227
V610	0.09241	0.67198	0.00309	0.20009	0.03243
V611	0.2912	0.02745	0.60133	0.01383	0.06618
V612	0.37771	0.04769	0.28683	0.02652	0.26125
V613	0.39926	0.54805	0.0296	0.01742	0.00567
V614	0.50613	0.03107	0.00898	0.0898	0.36402
V615	0.00749	0.08848	0.12221	0.54786	0.23395
V616	0.67243	0.00564	0.14176	0.12442	0.05574
V617	0.23394	0.07258	0.44199	0.09207	0.15941
V618	0.71043	0.10082	0.0554	0.00931	0.12405
V619	0.53302	0.04341	0.13713	0.01877	0.26767
V620	0.04379	0.01808	0.35158	0.52509	0.06146
V621	0.13775	0.21924	0.26295	0.02677	0.3533
V622	0.02122	0.20021	0.31254	0.04539	0.42065
V623	0.06266	0	0.00114	0.65866	0.27753
V624	0.90202	0.00049	0	0.01245	0.08504
V625	0.00611	0.059	0.09228	0.75186	0.09075
V626	0.07838	0.0227	0.55064	0.29095	0.05733
V627	0.09651	0.14088	0.09724	0.07804	0.58732
V628	0.95119	0.02468	0.00186	0.01247	0.0098
V629	0.13558	0.24858	0.59357	0.01174	0.01054
V630	0.0133	0.16051	0.01475	0.09263	0.71881
V631	0	0	0.23779	0.07739	0.68483
V632	0.05932	0.75268	0.00375	0.04	0.14426
V633	0.04873	0	0.08073	0.50449	0.36605
V634	0.4054	0.46216	0.13116	0	0.00128
V635	0.03494	0.08882	0.15857	0.07881	0.63885
V636	0.20309	0.1784	0.2909	0.18061	0.14701
V637	0.22315	0.00963	0.40001	0.24249	0.12472
V638	0.07881	0.45161	0.01405	0.09872	0.35681
V639	0.51181	0.41504	0.06562	0	0.00753
V640	0.10271	0.18037	0.06808	0.23539	0.41345
V641	0.10479	0.72409	0.01699	0.11393	0.0402
V642	0.73585	0.04393	0	0.19689	0.02333
V643	0.06604	0.84888	0.05892	0.01898	0.00718
V644	0.05086	0.45088	0.01731	0.40163	0.07933
V645	0.1637	0.75013	0.00995	0.06538	0.01084
V646	0.13692	0.54359	0.02253	0.20357	0.09338
V647	0.94058	0.00542	0.00085	0.04107	0.01209
V648	0.42631	0.11445	0	0.25995	0.19929
V649	0.24759	0.08538	0.06357	0.13142	0.47204
V650	0.01958	0	0.05604	0.83144	0.09294
V651	0.1438	0.21987	0	0.57652	0.05982
V652	0.3648	0.00101	0.02975	0.53228	0.07216
V653	0.34377	0.01011	0.04561	0.50285	0.09766
V654	0.0261	0.06047	0	0.13038	0.78305
V655	0.1634	0.0558	0.29436	0.43588	0.05056
V656	0.09568	0	0	0.15277	0.75155
V657	0.04366	0.49796	0.02438	0.29119	0.14281
V658	0.02402	0.0208	0.02579	0.57932	0.35007
V659	0.01343	0.01363	0.07317	0.74722	0.15255
V660	0.05924	0.31598	0.0132	0.08155	0.53003
V661	0.05273	0.65532	0.01015	0.15672	0.12509
V662	0.03831	0.41308	0.01494	0.04813	0.48554
V663	0.98073	0.00794	0.00457	0	0.00676
V664	0.01532	0	0.10321	0.38773	0.49374
V665	0.04067	0.64201	0.19135	0.07294	0.05302
V666	0.10275	0.85056	0.03595	0.00477	0.00597
V667	0.04572	0.56097	0.23948	0.09003	0.0638
V668	0.6265	0.25796	0.04137	0.0432	0.03097
V669	0.45099	0.32421	0.01893	0.08029	0.12558
V670	0.0977	0.61905	0.03749	0.04362	0.20214
V671	0.78392	0.00587	0.18391	0.01504	0.01126
V672	0.08491	0.06134	0.07733	0.3063	0.47012
V673	0.00514	0.00554	0	0.16736	0.82196
V674	0.38195	0.10618	0.47212	0	0.03975
V675	0.67971	0.00478	0.03195	0.14152	0.14204
V676	0.26626	0.10784	0.46979	0.00144	0.15468
V677	0.0481	0.28488	0.20574	0.35767	0.10362
V678	0.04867	0.29321	0.00657	0.08092	0.57063
V679	0.01159	0.00705	0.45979	0.46479	0.05679
V680	0.15044	0	0.01158	0.34298	0.49501
V681	0.51749	0.036	0.03349	0.2815	0.13151
V682	0.00276	0.00841	0.98571	0	0.00312
V683	0.07453	0.18721	0.60748	0.00258	0.1282
V684	0.05664	0	0.00469	0.84255	0.09611
V685	0.01133	0.01602	0.85405	0.09723	0.02136
V686	0.27925	0.62552	0.06088	0.01389	0.02046
V687	6e-05	0	0.59102	0.35216	0.05676
V688	0.00157	0.00663	0.96418	0.00214	0.02547
V689	0.49575	0.05956	0.18032	0.10123	0.16314
V690	0.11096	0.8414	0.01291	0.01928	0.01544
V691	0.13941	0.13569	0.04022	0.58737	0.09731
V692	0.06683	0.01349	0.01055	0.72677	0.18237
V693	0.03343	0.52072	0.40823	0.02409	0.01354
V694	0.08635	0.20063	0.03213	0.5469	0.13399
V695	0.1143	0.10069	0.12209	0.07015	0.59275
V696	0.12975	0	0.73035	0.00834	0.13156
V697	0.10436	0.1125	0.29982	0.32775	0.15557
V698	0.01084	0	0.15063	0.08644	0.7521
V699	0.03283	0.00078	0.04293	0.62821	0.29525
V700	0.07195	0.79878	0.06327	0.00339	0.0626
V701	0.01348	0.16012	0.00772	0.08706	0.73162
V702	0.02037	0.11885	0.00269	0.62783	0.23026
V703	0.01447	0.00537	0.0238	0.84906	0.1073
V704	0.04207	0.04573	0.35422	0.061	0.49698
V705	0.93368	0.02213	0	0.00178	0.04241
V706	0.15355	0.15598	0.14698	0.41336	0.13013
V707	0.13111	0.11602	0.05965	0.27259	0.42063
V708	0.03905	0.60173	0.35379	0.00176	0.00366
V709	0.00333	0	0.0241	0.09702	0.87555
V710	0.12789	0.01744	0.44457	0.02874	0.38137
V711	0.04347	0	0.01125	0.10505	0.84022
V712	0.06631	0.0123	0.70608	0.17885	0.03647
V713	0.26159	0.44249	0.29147	0.00254	0.00191
V714	0.03757	0	0	0.09586	0.86657
V715	0.017	0.29504	0.57838	0.09002	0.01956
V716	0.72266	0.20459	0.00486	0.03599	0.03189
V717	0.38077	0.16889	0.10483	0.04016	0.30534
V718	0.68969	0.00512	0.25654	0	0.04865
V719	0.39556	0.25244	0.09114	0.10946	0.1514
V720	0.10885	0.02689	0.0725	0.09957	0.69219
V721	0.01812	0	0.03595	0.10635	0.83958
V722	0.02569	0.24111	0.04897	0.45588	0.22836
V723	0.11133	0.23283	0.10122	0.47956	0.07506
V724	0.13277	0.66779	0.03098	0.14316	0.02531
V725	0.01959	0	0	0.09822	0.88218
V726	0.21539	0.50267	0.04298	0.06	0.17897
V727	0.01271	0.00618	0.95532	0.00136	0.02443
V728	0.79212	0.02624	0.11415	0.05255	0.01494
V729	0.60978	0.12843	0.01846	0.21221	0.03112
V730	0.12426	0.01889	0.37123	0.37838	0.10725
V731	0.00353	0.00512	0.06009	0.83698	0.09428
V732	0.01154	0	0.00629	0.87824	0.10394
V733	0.03595	0.02934	0.91429	0	0.02042
V734	0.52027	0.0953	0.33809	0.02704	0.0193
V735	0.06739	0.14743	0.18679	0.07089	0.52751
V736	0.0061	0.0254	0.0021	0.09725	0.86915
V737	0.97295	0.01646	0.0043	0	0.00629
V738	0.03065	0.4312	0.00836	0.05481	0.47498
V739	0.01614	0.00676	0	0.87364	0.10347
V740	0.19715	0.0708	0.08704	0.0665	0.57851
V741	0.49124	0.02291	0	0.30144	0.18442
V742	0.07639	0.0203	0.51539	0.17804	0.20989
V743	0.02302	0.03538	0.0602	0.161	0.72039
V744	0.19747	0.06308	0.15813	0.48547	0.09586
V745	0.16815	0.01556	0.0418	0.69369	0.0808
V746	0.35787	0.56682	0.02895	0.002	0.04437
V747	0.03564	0.02838	0.90222	0.00111	0.03265
V748	0.16241	0.21256	0.24856	0.07483	0.30164
V749	0.18429	0.10484	0.10751	0.4092	0.19416
V750	0.74509	0.21293	0	0.03347	0.00852
V751	0.04611	0.38858	0.53805	0.0151	0.01216
V752	0.01925	0.11089	0.01459	0.0906	0.76466
V753	0.55216	0.05849	0.22299	0.02542	0.14093
V754	0.11827	0.34399	0.00087	0.47839	0.05848
V755	0.23729	0.71978	0.03213	0	0.01081
V756	0.01808	0.09207	0.01451	0.12561	0.74974
V757	0.17332	0	0.09143	0.66033	0.07492
V758	0.07239	0.45429	0	0.41914	0.05418
V759	0.07782	0.01639	0.08097	0.07707	0.74776
V760	0.07254	0.02126	0.18715	0.26563	0.45341
V761	0.0699	0.26897	0.65109	0	0.01004
V762	0.01333	0.03121	0.15452	0.39176	0.40918
V763	0.02766	0.24746	0.00052	0.07027	0.65409
V764	0.11322	0.05931	0.07672	0.66456	0.08619
V765	0.18308	0.02425	0.63397	0.04583	0.11287
V766	0.08067	0.49334	0.21853	0.05232	0.15514
V767	0.26717	0.48495	0.05051	0.04848	0.1489
V768	0.07357	0.82748	0.04181	0.04028	0.01686
V769	0.76409	0.0148	0.17239	0	0.04872
V770	0.33514	0.00601	0.49371	0.14397	0.02117
V771	0.07588	0.72076	0.00267	0.08598	0.1147
V772	0.05879	0.0186	0.92076	0	0.00186
V773	0.01896	0	0	0.21352	0.76752
V774	0.16219	0	0.50258	0.01988	0.31534
V775	0.91697	0.00086	0.01412	0.04151	0.02654
V776	0.35787	0.44497	0.14123	0.01942	0.0365
V777	0.22112	0.39903	0.2222	0.09464	0.06301
V778	0.51631	0.06493	0.00236	0.20517	0.21124
V779	0.07913	0.43007	0.46344	0.00766	0.01971
V780	0.02367	0	0.97288	0	0.00344
V781	0.17396	0.30711	0.14948	0.02601	0.34344
V782	0.21426	0.23107	0.01049	0.05018	0.49401
V783	0	0	0.60313	0.05275	0.34412
V784	0.04242	0.62332	0	0.21992	0.11434
V785	0.69681	0.14828	0	0.08408	0.07084
V786	0.1664	0.21333	0.00733	0.53122	0.08172
V787	0.13942	0.60527	0	0.1666	0.08871
V788	0.3687	0.42945	0.0569	0.00348	0.14147
V789	0.01244	0.15266	0.00124	0.38421	0.44944
V790	0.27017	0.22931	0.04872	0.12393	0.32787
V791	0.17147	0.21815	0.05842	0.19825	0.35371
V792	0.93975	0.024	0.01625	0	0.02
V793	0.31558	0.27366	0.04096	0.1	0.2698
V794	0.01197	0.00672	0.08626	0.21407	0.68098
V795	0.13851	0.82151	0.01233	0.00559	0.02206
V796	0.29649	0.43231	0.09288	0.13047	0.04785
V797	0.11678	0	0	0.09608	0.78714
V798	0.13089	0.50661	0	0.09427	0.26823
V799	0.03227	0.16784	0.04304	0.63128	0.12557
V800	0.02122	0	0.00752	0.17872	0.79253
V801	0.38676	0.00284	0.11513	0.41793	0.07735
V802	0.03232	0.17989	0.00693	0.08214	0.69872
V803	0.30557	0.0289	0	0.57724	0.08829
V804	0.20363	0.17333	0.1845	0.34789	0.09065
V805	0.15361	0.14423	0.41317	0.16295	0.12605
V806	0.47187	0.01457	0.17772	0.07228	0.26356
V807	0.715	0.00351	0.05437	0.05007	0.17705
V808	0.8355	0.00841	0.04077	0.00039	0.11493
V809	0.19706	0.60891	0.0139	0.03576	0.14436
V810	0.02486	0.04986	0.03183	0.4469	0.44654
V811	0.04516	0.08344	0.01348	0.15774	0.70018
V812	0.04202	0.66849	0.17363	0.0718	0.04407
V813	0.03222	0.20819	0.18581	0.04967	0.52411
V814	0.20106	0.56695	0.05323	0.13801	0.04075
V815	0.23018	0.68793	0.02301	0.04308	0.0158
V816	0.03642	0.52731	0.00352	0.35713	0.07562
V817	0.81075	0.03879	0.13938	0.00753	0.00355
V818	0.04116	0.20467	0.3167	0.06287	0.3746
V819	0.94607	0.02441	0.00874	0.01178	0.009
V820	0.07639	0.38041	0.10889	0.36065	0.07367
V821	0.00213	0	0	0.10139	0.89648
V822	0.19014	0.00565	0.0095	0.71852	0.07619
V823	0.04308	0.07016	0.19336	0.06226	0.63115
V824	0.05969	0.01532	0.0137	0.08821	0.82309
V825	0.16182	0	0.65195	0.17095	0.01528
V826	0.04658	0.00603	0.92855	0.01501	0.00384
V827	0.33906	0.15563	0	0.35541	0.14989
V828	0.22895	0.14002	0.08786	0.08916	0.45402
V829	0.08773	0.08218	0.27742	0.19034	0.36233
V830	0.15774	0.0114	0.67389	0.02397	0.13299
V831	0.04777	0.73761	0.04102	0.13115	0.04245
V832	0.1904	0	0.05466	0.25564	0.4993
V833	0.19098	0.75993	0.00343	0.00015	0.04551
V834	0.73175	0.15259	0.02593	0.0182	0.07154
V835	0.25168	0.30192	0.07748	0.24999	0.11893
V836	0.39453	0.07742	0.42599	0.08607	0.016
V837	0.05378	0.80962	0.01145	0.04111	0.08405
V838	0	0	0.07548	0.82231	0.10221
V839	0.03121	0.01541	0.05974	0.08709	0.80655
V840	0.93652	0.01414	0.02229	0.0113	0.01575
V841	0.24049	0.01627	0.73578	0	0.00745
V842	0.54202	0.05122	0.19297	0.17971	0.03409
V843	0.4489	0.00307	0.13099	0.08779	0.32924
V844	0.02064	0.17845	0.75056	0.01791	0.03244
V845	0.0212	0	0	0.58183	0.39697
V846	0.09937	0.02733	0.0812	0.12023	0.67186
V847	0.18818	0	0.03905	0.16505	0.60772
V848	0.72173	0.03999	0	0.08552	0.15276
V849	0.14751	0.04871	0.68914	0.00597	0.10867
V850	0.21385	0.02854	0.26664	0.16506	0.32591
V851	0.97608	0.00631	0	0	0.01761
V852	0.22635	0.05285	0.0651	0.1926	0.46311
V853	0.03794	0.13024	0.59009	0.13711	0.10462
V854	0.05159	0.34991	0.21983	0.09148	0.2872
V855	0.10916	0.39839	0.07986	0.28915	0.12344
V856	0.15297	0.3821	0.04179	0.03359	0.38954
V857	0.07514	0.03367	0.1546	0.41571	0.32088
V858	0.03165	0.35123	0.16938	0.20678	0.24096
V859	0.13279	0.00436	0.01768	0.72799	0.11718
V860	0.04116	0.14595	0.05957	0.61966	0.13366
V861	0.14597	0.016	0.12282	0.64236	0.07285
V862	0.05543	0	0.01194	0.15725	0.77538
V863	0.05887	0.88494	0.01489	0.00933	0.03197
V864	0.04292	0	0.89162	0.05829	0.00717
V865	0.08963	0	0.6434	0.24447	0.02249
V866	0.03404	0.04833	0.63607	0.22958	0.05197
V867	0.54291	0.02781	0	0.02719	0.40209
V868	0.2418	0.24048	0.38114	0.10073	0.03586
V869	0.00744	0	0.01366	0.10372	0.87518
V870	0.2655	0.17203	0.06684	0.24066	0.25498
V871	0.03203	0.03617	0.0839	0.14974	0.69816
V872	0.38602	0.04397	0.00493	0.46135	0.10373
V873	0.06224	0.33757	0.13659	0.3513	0.1123
V874	0.07981	0.03364	0	0.09192	0.79462
V875	0.0135	0.17924	0.01696	0.46737	0.32295
V876	0.4511	0.05937	0.04581	0.04184	0.40188
V877	0.23134	0.63937	0.02986	0.0729	0.02653
V878	0.04504	0.69437	0.03412	0.18687	0.0396
V879	0.91346	0.05065	0.00772	0.01202	0.01615
V880	0.07659	0.07118	0.02201	0.41704	0.41318
V881	0.00974	0	0.49602	0.04116	0.45308
V882	0.05389	0.49069	0.01059	0.40155	0.04328
V883	0.5003	0.18766	0.00341	0.17054	0.13809
V884	0	0	0	0.10847	0.89153
V885	0.16927	0.06632	0.36273	0.1247	0.27699
V886	0	0	0.02185	0.25661	0.72153
V887	0.1024	0.85062	0.00611	0.00209	0.03878
V888	0.05986	0.10081	0.05072	0.65153	0.13708
V889	0.12792	0.79796	0.03317	0.01852	0.02243
V890	0.03259	0.00189	0.1339	0.62965	0.20197
V891	0.00368	0.04335	0.93932	0.00881	0.00484
V892	0.58084	0.25009	0.01088	0.00831	0.14987
V893	0.15596	0.19407	0.49139	0.07549	0.08309
V894	0.10546	0.53947	0.03873	0.23753	0.0788
V895	0.70703	0.0061	0.26888	0.0081	0.00989
V896	0.2187	0.23721	0.22208	0.28642	0.03559
V897	0	0	0.03692	0.73519	0.22788
V898	0.36071	0	0.00269	0.06868	0.56793
V899	0.56141	0.32705	0.07187	0	0.03967
V900	0.26657	0.2499	0.25858	0.18151	0.04344
V901	0.66231	0.06044	0	0.1693	0.10794
V902	0.84459	0.05499	0.01259	0.03029	0.05754
V903	0.27943	0.07425	0.06273	0.48781	0.09579
V904	0.72772	0.1063	0.14492	0	0.02106
V905	0.03025	0.3134	0.05512	0.31744	0.28378
V906	0.15638	0.04274	0.43762	0.08949	0.27377
V907	0.71051	0.12351	0.0562	0.05231	0.05748
V908	0.03309	0.34434	0.04162	0.46573	0.11522
V909	0.01979	0.11089	0.01131	0.6912	0.16681
V910	0.66322	0.18162	0.0037	0.05761	0.09385
V911	0.04639	0.2641	0.49287	0.01652	0.18012
V912	0.03006	0.00722	0.13405	0.12579	0.70287
V913	0.14381	0.01446	0.06648	0.64106	0.13419
V914	0.76316	0.0431	0.00406	0.11514	0.07454
V915	0.18008	0.17099	0.03962	0.05716	0.55215
V916	0.78969	0.025	0.10426	0.00254	0.07852
V917	0.41538	0.03317	0	0.05334	0.49811
V918	0.59599	0.15301	0.20403	0.01969	0.02727
V919	0.42289	0.17187	0.00326	0.26317	0.13882
V920	0.19008	0	0.11124	0.62809	0.07059
V921	0.18366	0.17782	0.09538	0.04289	0.50024
V922	0.0411	0	0.67617	0.01716	0.26557
V923	0.14895	0.46636	0.01318	0.06803	0.30349
V924	0.503	0.11352	0	0.23854	0.14494
V925	0.1536	0.12114	0.45992	0.16112	0.10422
V926	0.01404	0.0063	0.00174	0.10433	0.87359
V927	0.53404	0.26802	0.09918	0.07386	0.02489
V928	0.1229	0.27097	0.1968	0.17953	0.2298
V929	0.05525	0.24838	0	0.06595	0.63043
V930	0.06384	0	0.04854	0.08466	0.80296
V931	0.46632	0.13886	0.00247	0.06453	0.32782
V932	0.04656	0.10041	0.03722	0.32219	0.49362
V933	0.2848	0	0.0395	0.28011	0.39559
V934	0.68596	0.06694	0.24695	0	0.00015
V935	0.5806	0.11839	0.11392	0.05469	0.1324
V936	0.31754	0.06654	0.10654	0.42138	0.08801
V937	0.14307	0.70055	0.08548	0.03207	0.03883
V938	0.09506	0.87073	0.02204	0.00561	0.00656
V939	0	0	0.00769	0.33127	0.66104
V940	0.55544	0.08379	0.0704	0.05933	0.23105
V941	0.01856	0.11983	0.10966	0.45434	0.2976
V942	0.73658	0.25109	0	0.00593	0.0064
V943	0.04441	0.08295	0.04304	0.08584	0.74376
V944	0.35148	0.02365	0.10705	0.45564	0.06218
V945	0.05822	0.26997	0.56535	0.03619	0.07027
V946	0.04215	0.49851	0.44671	0.00122	0.01142
V947	0.36891	0.01945	0.01654	0.14244	0.45265
V948	0.08401	0.6995	0.03098	0.104	0.0815
