Neutrophils	Monocytes_CD14.CD16.	Macrophage	T_cells_.CD4..	NK_cells
V1	0.30298	0.19975	0.25279	0.16006	0.08442
V2	0.07262	0.84154	0.01753	0.01656	0.05175
V3	0.03189	0.07252	0.43358	0.44755	0.01447
V4	0	0.09804	0.27672	0.14002	0.48522
V5	0.00716	0.08225	0.0816	0.20931	0.61968
V6	0.29959	0.09664	0.27659	0.25815	0.06903
V7	0	0.11369	0.44962	0.14067	0.29601
V8	0	0.08815	0.84118	0.07067	0
V9	0.02989	0.03371	0.26582	0.63915	0.03144
V10	0.45024	0.08251	0.46726	0	0
V11	0.02757	0.10785	0.13134	0.16252	0.57072
V12	0.06411	0.07544	0.24072	0.3636	0.25613
V13	0.12802	0.09292	0.03801	0.47818	0.26287
V14	0.14444	0.02655	0.06901	0.66978	0.09021
V15	0.0031	0.0148	0	0.9129	0.0692
V16	0.57868	0.09992	0	0.31196	0.00944
V17	0.07704	0.3342	0.01301	0.11779	0.45795
V18	0.07905	0.45324	0.24526	0.204	0.01846
V19	0.02499	0.08825	0.00714	0.22398	0.65564
V20	0	0.05786	0.7045	0.23764	0
V21	0.01936	0.32201	0.14149	0.20994	0.3072
V22	0.87563	0.12208	0.00228	0	0
V23	0.07879	0.09535	0.03305	0.2341	0.55871
V24	0.48392	0.19585	0	0.07131	0.24892
V25	0.01615	0.07421	0.01725	0.50922	0.38317
V26	0.5035	0.27063	0.03432	0.05066	0.1409
V27	0.13154	0.55958	0.17483	0.00649	0.12756
V28	0.00921	0.09964	0.20486	0.63311	0.05318
V29	0	0.02183	0.32759	0.62032	0.03025
V30	0.79871	0.15035	0	0.00932	0.04163
V31	0.42065	0.19589	0	0.24888	0.13458
V32	1	0	0	0	0
V33	0.02716	0.28054	0.01808	0.18886	0.48537
V34	0.13616	0.86384	0	0	0
V35	0.0926	0.66711	0.23149	0.00065	0.00815
V36	0.02116	0.2535	0.19004	0.15124	0.38405
V37	0.83751	0.01744	0	0.01307	0.13198
V38	0.09067	0.10129	0.47891	0.24096	0.08817
V39	0.30461	0.12548	0.35079	0.05175	0.16737
V40	0.23903	0.64179	0	0.07513	0.04405
V41	0.07285	0.87625	0	0	0.05091
V42	0.93843	0.06157	0	0	0
V43	0.47953	0.18089	0.33905	0.00054	0
V44	0.00251	0.36861	0.56159	0.01363	0.05366
V45	0.05197	0.71135	0.07279	0.11406	0.04983
V46	0.13269	0.81354	0.02885	0	0.02492
V47	0	0.08153	0.91847	0	0
V48	0.1528	0.17506	0.22419	0.35068	0.09728
V49	0.45741	0.20302	0.20654	0.13303	0
V50	0	0.10487	0.89513	0	0
V51	0.10555	0.33306	0.20764	0.10167	0.25208
V52	0.07382	0.92618	0	0	0
V53	0.01949	0.17249	0	0.75289	0.05513
V54	0.20964	0.03034	0.00091	0.6009	0.15821
V55	0.05332	0	0	0.88717	0.05951
V56	0.05864	0.00095	0	0.81248	0.12793
V57	0.12017	0.20954	0.56786	0.04807	0.05436
V58	0.06063	0.06308	0.16226	0.29363	0.4204
V59	0.90888	0.05988	0.03124	0	0
V60	0.42332	0.26312	0.10742	0.13066	0.07548
V61	0.19672	0.07502	0.02968	0.30558	0.393
V62	0.03927	0.1031	0.32818	0.20952	0.31993
V63	0.41216	0.33103	0.04031	0.04817	0.16833
V64	0.98773	0.01227	0	0	0
V65	0.07828	0.10295	0.03292	0.65165	0.13421
V66	0.00633	0.01653	0.1321	0.79398	0.05106
V67	0	0.09201	0.36907	0.17583	0.36309
V68	0.44742	0.08339	0.40558	0.04489	0.01872
V69	0.62375	0.17626	0.17411	0.01252	0.01335
V70	0.08007	0.75322	0.01096	0.11944	0.03631
V71	0.11481	0.83762	0.00282	0.0159	0.02885
V72	0.05975	0.48166	0.01393	0.06902	0.37565
V73	0.04664	0.03322	0.10751	0.6309	0.18172
V74	0	0.0671	0	0.82714	0.10576
V75	0.47288	0.23229	0.29483	0	0
V76	0	0.00227	0.00577	0.89377	0.09819
V77	0	0.08598	0.87796	0.03606	0
V78	0	0.09184	0.90445	0.00371	0
V79	0.09957	0.45598	0.03129	0.16351	0.24965
V80	0.14482	0.76408	0	0.014	0.0771
V81	0	0.08304	0.91696	0	0
V82	0.22777	0.18269	0.01322	0.53245	0.04387
V83	0.09545	0.10744	0.01521	0.58971	0.1922
V84	0.10537	0.2519	0.00447	0.13688	0.50138
V85	0	0.08174	0.91826	0	0
V86	0.00636	0.28324	0.29783	0.38748	0.02509
V87	0.4472	0.05057	0.01945	0.44988	0.0329
V88	0.30905	0.22144	0.04431	0.23049	0.1947
V89	0	0.18212	0.78734	0.03054	0
V90	0.02114	0.26144	0.06847	0.18464	0.46432
V91	0	0.00477	0.0735	0.86826	0.05347
V92	0.25155	0.11967	0.02766	0.14072	0.4604
V93	0	0.11514	0.17074	0.55461	0.15951
V94	0.04477	0.23099	0.02389	0.31574	0.3846
V95	0.0717	0.30792	0.02166	0.17568	0.42304
V96	0.86618	0.04616	0	0.02219	0.06547
V97	0.16921	0.10455	0.05469	0.21101	0.46054
V98	0.0581	0.42718	0.18151	0.14653	0.18668
V99	0.5161	0.16908	0	0.22659	0.08822
V100	0.56561	0.22639	0.02017	0.06301	0.12481
V101	0.08149	0.91814	0	0	0.00037
V102	0.30499	0.30235	0.12991	0.12695	0.1358
V103	0.13822	0.07021	0.01043	0.16892	0.61222
V104	0.0657	0.48242	0.08172	0.06107	0.30909
V105	0.00994	0.09095	0.06033	0.21839	0.62039
V106	0.06426	0.79864	0.11453	0	0.02257
V107	0.00566	0.29141	0.66402	0.03891	0
V108	0	0.23227	0.76773	0	0
V109	0.06554	0.26624	0.05713	0.33024	0.28085
V110	0.17732	0.54088	0.16383	0.09389	0.02409
V111	0.25356	0.2781	0.46833	0	0
V112	0.16925	0.03429	0.1118	0.52139	0.16328
V113	0.23571	0.07507	0.11816	0.2325	0.33857
V114	0.58824	0.13438	0.0191	0.18157	0.07671
V115	0.95845	0.01109	0	0	0.03046
V116	0.01182	0.08141	0.00884	0.19905	0.69887
V117	0	0.10287	0.80184	0.09529	0
V118	0.0214	0	0	0.90487	0.07372
V119	0.2816	0.08865	0.38625	0.2435	0
V120	0	0.07671	0.79588	0.12741	0
V121	0.2123	0.74281	0	0	0.04489
V122	0.04359	0.4316	0.08048	0.256	0.18833
V123	0.49404	0.10432	0.0562	0.22009	0.12535
V124	0.21578	0.16963	0.06417	0.28217	0.26825
V125	0.01404	0.50563	0.48033	0	0
V126	0.15129	0.24775	0.22684	0.16209	0.21203
V127	0.2267	0.0779	0.64843	0.04697	0
V128	0.21912	0.77591	0	0	0.00497
V129	0.24005	0.10978	0.275	0.22167	0.1535
V130	0.04885	0.54486	0.02629	0.22968	0.15032
V131	0	0.02235	0.23381	0.70823	0.03561
V132	0.35025	0.05649	0	0.39339	0.19987
V133	0	0.1247	0.55988	0.14442	0.171
V134	0.01427	0.12185	0.79143	0.05343	0.01902
V135	0	0.18053	0.72454	0.05315	0.04179
V136	1	0	0	0	0
V137	0.95935	0.04065	0	0	0
V138	0.25331	0.20876	0.08018	0.19093	0.26682
V139	0.1016	0.018	0.15985	0.679	0.04155
V140	0.01958	0.07934	0.19473	0.15776	0.54858
V141	0	0.27709	0.62869	0.09422	0
V142	0.18996	0.07507	0.34778	0.19267	0.19453
V143	0	0.25758	0.47822	0.17449	0.08971
V144	0.51853	0.27202	0.04005	0.116	0.05341
V145	0	0.09177	0.8912	0.01703	0
V146	0.045	0.38328	0	0.34731	0.22442
V147	0.05232	0.14466	0.67972	0.1233	0
V148	0.17178	0.80389	0	0	0.02433
V149	0	0	0	0.90814	0.09186
V150	0.10992	0.27068	0.59039	0.00989	0.01912
V151	0.42653	0.04742	0	0.42889	0.09716
V152	0	0.00638	0.11504	0.78434	0.09424
V153	0.1438	0.25721	0.45684	0.07144	0.07072
V154	0.1458	0.6515	0.0034	0.02681	0.17249
V155	0.01658	0.01759	0.13188	0.78323	0.05073
V156	0.07681	0.1042	0.41159	0.21436	0.19303
V157	0.08317	0.10433	0.18728	0.34648	0.27874
V158	0.1684	0.08432	0.47005	0.10424	0.17299
V159	0.11348	0.23486	0	0.5862	0.06545
V160	0.47042	0.23126	0.07585	0.06815	0.15431
V161	0.22364	0.10431	0.07156	0.12794	0.47255
V162	0	0.08807	0.91193	0	0
V163	0.0566	0.07901	0.0262	0.20723	0.63096
V164	0.95535	0.04465	0	0	0
V165	0.64406	0.26353	0.04416	0.03412	0.01413
V166	0.03347	0.02764	0.25179	0.60547	0.08162
V167	0.05807	0.69254	0	0.11652	0.13287
V168	0	0.08807	0.91193	0	0
V169	0.06602	0.73062	0.12982	0.04677	0.02676
V170	0.25003	0.4238	0.04034	0.18995	0.09589
V171	0.27059	0.14996	0.36014	0.1939	0.02541
V172	0.19421	0.29914	0.07323	0.09298	0.34044
V173	0.20779	0.14268	0.08898	0.4279	0.13264
V174	0.18177	0.07064	0.36384	0.25094	0.13282
V175	0.0768	0.20773	0.13352	0.25283	0.32911
V176	0.35403	0.02865	0	0.58253	0.03479
V177	0.15075	0.10279	0.56379	0.18267	0
V178	0.24344	0.11796	0.46132	0.13969	0.03759
V179	0.10644	0.09038	0.01197	0.16965	0.62155
V180	0.00221	0.10606	0.38673	0.11612	0.38888
V181	0.08173	0.35155	0	0.14308	0.42364
V182	0.5841	0.25101	0	0.13956	0.02534
V183	0.09082	0.90703	0	0	0.00215
V184	0.27738	0.07098	0.29396	0.33552	0.02217
V185	0.1273	0.52785	0.00823	0.15467	0.18195
V186	0.14332	0.23509	0.02558	0.31175	0.28426
V187	0.09997	0.69822	0	0.16891	0.0329
V188	0.88895	0.05725	0	0.0538	0
V189	0.45479	0.28237	0.00552	0.23673	0.0206
V190	0.41318	0.14532	0.2174	0.05931	0.1648
V191	0.21928	0.2424	0	0.43002	0.1083
V192	0.30823	0.23995	0.12088	0.23033	0.10062
V193	0.04603	0.27893	0.52221	0.06852	0.08432
V194	0.26572	0.124	0.09425	0.18783	0.3282
V195	0.58779	0.20915	0.20306	0	0
V196	0.00567	0.07157	0.08226	0.21232	0.62818
V197	0.0901	0.89156	0	0	0.01834
V198	0.23581	0.27771	0.02824	0.24357	0.21468
V199	0.78561	0.03933	0.17506	0	0
V200	0.84346	0.03423	0	0.031	0.09132
V201	0.02715	0.00908	0.01907	0.76707	0.17763
V202	0.95581	0.04419	0	0	0
V203	0.56263	0.30215	0	0.05221	0.083
V204	0.35789	0.16102	0.02522	0.08804	0.36782
V205	0.11424	0.1109	0.14065	0.18936	0.44485
V206	0.03585	0.09987	0	0.78574	0.07854
V207	0.0031	0.0148	0	0.9129	0.0692
V208	0.13183	0.28661	0.47405	0.06173	0.04577
V209	0.16277	0.10253	0.11793	0.15488	0.46189
V210	0	0.08215	0.91351	0.00434	0
V211	0.15166	0.10591	0.22918	0.13356	0.37968
V212	0.08072	0.80607	0.04769	0.00578	0.05974
V213	0.10112	0.05277	0.07667	0.36589	0.40356
V214	0.01297	0.60444	0.36697	0	0.01562
V215	0.25054	0.28499	0.13766	0.12302	0.20379
V216	0.03898	0.12058	0.36008	0.13945	0.34091
V217	0	0	0.01373	0.87327	0.113
V218	0.06249	0.22719	0.2846	0.35256	0.07316
V219	0.10854	0.31926	0.36831	0.19726	0.00662
V220	0.20878	0.77366	0.01167	0	0.00589
V221	0.01859	0.14932	0.52384	0.08523	0.22302
V222	0.02216	0.08113	0.01808	0.2025	0.67614
V223	0.51902	0.0697	0.29882	0.11245	0
V224	0.06798	0.60673	0.00793	0.09682	0.22054
V225	0.73505	0.19514	0.06981	0	0
V226	0.48646	0.51354	0	0	0
V227	0.09522	0.26948	0	0.56914	0.06616
V228	0.59769	0.0833	0.25069	0.06831	0
V229	0.25716	0.44163	0.24277	0.03692	0.02153
V230	0.02114	0.07008	0.01884	0.205	0.68495
V231	0.08175	0.64401	0.03854	0.15292	0.08278
V232	0.82211	0.04391	0.13398	0	0
V233	0.05429	0.10072	0.17607	0.21439	0.45454
V234	0.01563	0.39822	0.20593	0.3393	0.04092
V235	1	0	0	0	0
V236	0.04106	0.08881	0.635	0.22158	0.01356
V237	0.11119	0.12893	0.27259	0.35196	0.13533
V238	0.00618	0.05586	0.01404	0.41979	0.50413
V239	0.0851	0.45318	0.04028	0.20291	0.21853
V240	0.09091	0.86209	0	0	0.047
V241	0.07386	0.92398	0	0	0.00216
V242	0.02724	0.35599	0.28656	0.27672	0.05349
V243	0.47819	0.08009	0.32756	0.04953	0.06463
V244	0.03798	0.46288	0.19096	0.11169	0.1965
V245	0.07188	0.91929	0	0	0.00883
V246	0.6568	0.30364	0	0	0.03956
V247	0.15215	0.1714	0.61596	0.06049	0
V248	0.12524	0.66374	0.00478	0.01489	0.19135
V249	0.24258	0.14186	0.21524	0.1646	0.23572
V250	0	0.11534	0.6633	0.08708	0.13428
V251	0.1987	0.05351	0.08415	0.59631	0.06733
V252	0	0.18976	0.544	0.18724	0.079
V253	0.30677	0.60654	0.04534	0.01735	0.024
V254	0.54948	0.39858	0	0.04802	0.00393
V255	0.87731	0.09867	0	0.00151	0.02251
V256	0.07026	0.80673	0	0	0.123
V257	0.45398	0.3519	0.11625	0.03167	0.04621
V258	0.1637	0.33945	0.03089	0.42371	0.04226
V259	0.5589	0.30681	0.13429	0	0
V260	0.26191	0.10774	0.1154	0.17381	0.34113
V261	0	0.08207	0.50356	0.33177	0.0826
V262	0.94917	0.05083	0	0	0
V263	0.8353	0.09264	0	0.07206	0
V264	0.08936	0.89356	0	0	0.01709
V265	0.86006	0.12598	0.01396	0	0
V266	0.01411	0.07459	0.11303	0.19535	0.60292
V267	0.0558	0.0686	0.01359	0.30436	0.55766
V268	0.20144	0.4569	0.12464	0.16714	0.04988
V269	0.07504	0.36821	0.33787	0.19254	0.02633
V270	0.03233	0.00752	0.0234	0.87865	0.0581
V271	0.23909	0.73127	0	0	0.02964
V272	0.12704	0.83833	0	0	0.03463
V273	0.26858	0.07253	0.17772	0.36037	0.1208
V274	0.09851	0.10583	0.04711	0.31205	0.43649
V275	0.05869	0.73872	0.12077	0.05428	0.02754
V276	0	0.07342	0.67423	0.25235	0
V277	0.32845	0.07721	0.59434	0	0
V278	0	0.07434	0.33894	0.48521	0.10151
V279	0.13447	0.01577	0.00063	0.7657	0.08343
V280	0.18199	0.04663	0.0268	0.64145	0.10313
V281	0.02403	0.23355	0.02867	0.65918	0.05457
V282	0.08171	0.91597	0	0	0.00232
V283	0.36658	0.08891	0.11435	0.10809	0.32207
V284	0	0.21284	0.54913	0.05789	0.18014
V285	0.54405	0.45595	0	0	0
V286	0.01628	0.11944	0.82616	0.03812	0
V287	0.23107	0.12183	0.17092	0.32802	0.14817
V288	0.16165	0.0987	0.64188	0.04072	0.05705
V289	0.15457	0.23953	0.00424	0.55363	0.04803
V290	0.44744	0.47218	0.08038	0	0
V291	0.40204	0.226	0	0.34226	0.0297
V292	0.09675	0.11489	0.42719	0.11639	0.24478
V293	0	0.17768	0.77379	0.04853	0
V294	0.01101	0.08195	0.01944	0.19678	0.69082
V295	0	0.06315	0.32709	0.53579	0.07398
V296	0.88955	0.11045	0	0	0
V297	0	0.08773	0.76078	0.15149	0
V298	0.28426	0.02519	0	0.58001	0.11054
V299	0.25028	0.00966	0	0.6965	0.04356
V300	1	0	0	0	0
V301	1	0	0	0	0
V302	0.00403	0.04329	0.00981	0.53132	0.41155
V303	0.1058	0.22748	0.2229	0.22955	0.21428
V304	0.1342	0.12078	0.73959	0.00543	0
V305	0.21496	0.36918	0.08669	0.13827	0.19091
V306	0.34318	0.65003	0	0	0.00679
V307	0.20286	0.05519	0.26659	0.45905	0.01631
V308	0.18254	0.08693	0.65401	0.07652	0
V309	0.68296	0.11682	0.01202	0.1237	0.0645
V310	0.0355	0.09469	0.01505	0.25539	0.59937
V311	0	0	0.03239	0.90181	0.0658
V312	0.08807	0.32044	0.26147	0.06422	0.2658
V313	0.07518	0.33624	0.00265	0.35465	0.23128
V314	0.08346	0.05605	0.00531	0.48428	0.3709
V315	1	0	0	0	0
V316	0.11328	0.59595	0.22458	0.0172	0.04899
V317	0.35426	0.14409	0.50165	0	0
V318	0.98894	0.00834	0	0	0.00272
V319	0.04176	0.14765	0.8071	0.00349	0
V320	0.06288	0	0	0.8737	0.06342
V321	0.12178	0.37308	0.28635	0.19524	0.02355
V322	0	0.32278	0.55864	0.06712	0.05146
V323	0.22279	0.28036	0.42857	0.03181	0.03647
V324	0.02652	0.04886	0.03258	0.83244	0.0596
V325	0.65502	0.15416	0.05021	0.11163	0.02898
V326	0.05091	0.08288	0.07479	0.27178	0.51965
V327	0.33796	0.53056	0.07806	0.00703	0.04639
V328	0.0431	0.3057	0.15774	0.4506	0.04285
V329	0	0.08112	0.37627	0.51984	0.02277
V330	0.01921	0.1269	0.83866	0.01523	0
V331	0.13769	0.09862	0.10842	0.20824	0.44703
V332	0.44822	0.11044	0.44133	0	0
V333	0.37134	0.10368	0.30159	0.17865	0.04475
V334	0.01407	0.3475	0.53794	0.08749	0.013
V335	0.76113	0.11129	0.04149	0.0365	0.04958
V336	0.15938	0.61114	0.2274	0	0.00209
V337	0.00913	0.06957	0.02703	0.3126	0.58166
V338	0.75378	0.07572	0.12169	0.01876	0.03005
V339	0.20967	0.57824	0.15867	0	0.05343
V340	0.03602	0.2433	0.12889	0.15735	0.43445
V341	0.00487	0.54413	0.41508	0.00269	0.03323
V342	0.25401	0.20973	0.43294	0.10331	0
V343	0.69765	0.04559	0.25676	0	0
V344	0.12583	0.79218	0.00932	0	0.07266
V345	0.22487	0.1007	0	0.36467	0.30976
V346	0.02285	0.346	0.30426	0.29088	0.03601
V347	0.10059	0.53545	0.00112	0.30234	0.06049
V348	0	0.19556	0.43804	0.27377	0.09262
V349	0.04012	0.36988	0.5184	0.02621	0.04538
V350	0.12431	0.44517	0.07587	0.23733	0.11732
V351	0.13952	0.09261	0.42411	0.33324	0.01051
V352	0.09859	0.5777	0.32371	0	0
V353	0.26801	0.39147	0.02381	0.08133	0.23539
V354	0.5531	0.05835	0.38855	0	0
V355	0.05878	0.06057	0.33423	0.52168	0.02474
V356	0.03069	0.12129	0.81481	0.03322	0
V357	0.0166	0.12812	0.53531	0.10314	0.21684
V358	0.01373	0.03726	0.02346	0.86271	0.06284
V359	0.04624	0.11268	0	0.78587	0.05521
V360	0.7328	0.09	0.04638	0.13082	0
V361	0.3538	0.52973	0.05556	0	0.0609
V362	0.87858	0.05707	0.053	0	0.01135
V363	0.03622	0.10093	0.01353	0.29151	0.55781
V364	0.04867	0.31313	0.01185	0.46226	0.16409
V365	0	0	0	0.91942	0.08058
V366	0.16525	0.12279	0.59624	0.08786	0.02786
V367	0.21707	0.26986	0.20631	0.19324	0.11352
V368	0.78103	0.1383	0.08066	0	0
V369	0.04354	0.68478	0.20877	0.04971	0.0132
V370	0.01846	0.20238	0.12937	0.41412	0.23567
V371	0.08048	0.91952	0	0	0
V372	0.66935	0.11672	0.11206	0.10187	0
V373	0.12863	0.68196	0.10161	0.06408	0.02373
V374	0.06874	0.09773	0.37118	0.44807	0.01428
V375	0.25184	0.08494	0.5964	0.06682	0
V376	0	0.08044	0.44567	0.11935	0.35454
V377	0.08774	0.53275	0.18983	0.16853	0.02115
V378	0.145	0.59418	0.15957	0	0.10126
V379	0.02207	0.0818	0.14065	0.22221	0.53327
V380	0.00525	0.08839	0.18387	0.54557	0.17691
V381	0.16545	0.12987	0.00631	0.1467	0.55168
V382	0.41735	0.03874	0	0.35147	0.19244
V383	0.00724	0.03422	0.2755	0.65143	0.03161
V384	0.26546	0.09206	0.16228	0.42771	0.0525
V385	0.09985	0.18245	0.00849	0.14762	0.5616
V386	0.6898	0.01583	0	0.29437	0
V387	0.25478	0.03426	0	0.65401	0.05694
V388	0.07771	0.87795	0	0.01349	0.03085
V389	0.14629	0.79938	0	0	0.05433
V390	0.17104	0.01548	0	0.70525	0.10823
V391	0.75477	0.1708	0	0.05546	0.01897
V392	0.98067	0.01933	0	0	0
V393	0.089	0.05859	0.15598	0.56086	0.13557
V394	0.75762	0.03872	0	0.16108	0.04258
V395	0	0.03652	0.36672	0.57092	0.02584
V396	0.53679	0.07081	0.3924	0	0
V397	0.71121	0.17661	0	0.10037	0.01181
V398	0.04947	0.02047	0.17586	0.66575	0.08846
V399	0.04397	0.08691	0.00126	0.39459	0.47328
V400	0.17024	0.55369	0.1354	0.12201	0.01867
V401	0.27356	0.07533	0.63047	0.02065	0
V402	0.33559	0.10648	0.44976	0.08571	0.02246
V403	0.16297	0.14395	0	0.24958	0.44349
V404	0	0.09451	0.46906	0.40436	0.03208
V405	0.34046	0.30335	0.05607	0.2208	0.07932
V406	0	0.11097	0.88903	0	0
V407	0.93416	0.06584	0	0	0
V408	0.05166	0.41893	0	0.29078	0.23863
V409	0.1004	0.02192	0.06227	0.70772	0.10769
V410	0.11405	0.20954	0.33478	0.11135	0.23027
V411	0.01196	0.08078	0.00871	0.20649	0.69206
V412	0.02288	0.22776	0.15245	0.13831	0.4586
V413	0.02384	0.28793	0.15681	0.38738	0.14403
V414	0.04438	0.12172	0	0.54253	0.29138
V415	0.18289	0.07016	0.00766	0.15782	0.58147
V416	0.11672	0.15851	0.02488	0.26015	0.43974
V417	0	0.08403	0.75215	0.1565	0.00732
V418	0.58822	0.41178	0	0	0
V419	0.25839	0.09038	0.01652	0.2295	0.40522
V420	0.23669	0.07346	0.12013	0.15799	0.41173
V421	0	0.08469	0.16377	0.19967	0.55187
V422	0.00478	0.02851	0.04744	0.76309	0.15618
V423	0.2616	0.24408	0.27699	0.19821	0.01911
V424	0	0.08944	0.51877	0.09907	0.29273
V425	0.35296	0.42861	0	0.02646	0.19197
V426	0.23719	0.20817	0.00558	0.46408	0.08498
V427	0.21628	0.66629	0.11742	0	0
V428	0.11675	0.6829	0.05501	0.06846	0.07688
V429	0.14376	0.80176	0	0.01597	0.03851
V430	0.00854	0.09126	0.427	0.26124	0.21196
V431	0.11442	0.40088	0.1916	0.24407	0.04903
V432	0.28708	0.11535	0.1241	0.36778	0.10569
V433	0.1575	0.07843	0.51325	0.24656	0.00426
V434	0.22165	0.34401	0.37131	0.02037	0.04265
V435	0.54766	0.10045	0.34648	0.00541	0
V436	0.08199	0.63818	0.0904	0.04876	0.14067
V437	0.20033	0.08657	0.03103	0.2788	0.40327
V438	0.13159	0.33856	0.19383	0.27921	0.05682
V439	0.63703	0.03484	0.00948	0.30637	0.01227
V440	0	0.41998	0.54763	0.0166	0.01579
V441	0.0224	0.59143	0.3675	0.01297	0.0057
V442	0.08121	0.91879	0	0	0
V443	1	0	0	0	0
V444	0.16725	0.45372	0.01184	0.31272	0.05446
V445	0.07587	0.42812	0.02162	0.42394	0.05045
V446	0.10448	0.06213	0.10305	0.59771	0.13264
V447	0.0668	0.04029	0.0132	0.55435	0.32536
V448	0.18106	0.07991	0.02589	0.16808	0.54507
V449	0	0.08807	0.91193	0	0
V450	0.19283	0.15996	0.25807	0.19371	0.19543
V451	0.26931	0.23635	0.05206	0.34904	0.09323
V452	0	0.01954	0.16501	0.74491	0.07055
V453	0.01748	0.04582	0	0.57414	0.36255
V454	0	0.09215	0.70003	0.07962	0.1282
V455	0.06012	0.29745	0.29357	0.10655	0.24231
V456	0.99508	0.00492	0	0	0
V457	0.71071	0.24547	0	0.03635	0.00747
V458	0	0.42719	0.49679	0.05863	0.01739
V459	0.13406	0.09655	0.05247	0.5318	0.18512
V460	0.69334	0.09089	0.16892	0.04686	0
V461	0.18664	0.3662	0.24529	0.04853	0.15334
V462	0.05377	0.11248	0.00963	0.57097	0.25316
V463	0.20444	0.0747	0	0.67179	0.04907
V464	0.12104	0.25173	0.62688	0.00035	0
V465	0.05462	0.18303	0.02251	0.17018	0.56966
V466	0.03406	0.06183	0.00603	0.27605	0.62203
V467	0.06497	0.27168	0.00808	0.55261	0.10267
V468	0.59595	0.34203	0.06202	0	0
V469	0.03032	0.37552	0.05228	0.31556	0.22632
V470	0.87774	0.07881	0	0.04345	0
V471	0.39653	0.3449	0.00372	0.1493	0.10556
V472	0.01162	0.11599	0.05965	0.17953	0.63321
V473	0.02592	0.25589	0.25027	0.33936	0.12856
V474	0.28243	0.16608	0.05063	0.4439	0.05695
V475	0.12547	0.11482	0.60463	0.07139	0.08369
V476	0.14492	0.05808	0.09828	0.62396	0.07475
V477	0.07346	0.92654	0	0	0
V478	0.19402	0.08111	0.00609	0.15352	0.56526
V479	0.87974	0.08477	0	0.03549	0
V480	0.15901	0.685	0.03008	0.08278	0.04312
V481	0.24928	0.405	0.05148	0.18701	0.10722
V482	0.12161	0.71729	0.15751	0	0.0036
V483	0.32651	0.54691	0	0.07851	0.04806
V484	0.22477	0.54304	0.09569	0.10913	0.02737
V485	0.68282	0.12644	0.08116	0.10957	0
V486	0.05567	0.16294	0.32806	0.10117	0.35216
V487	0.107	0.17991	0.39921	0.30528	0.00861
V488	0.40996	0.09734	0	0.3667	0.126
V489	0	0.28339	0.64618	0.07043	0
V490	0	0.07516	0.71699	0.20785	0
V491	0.05831	0.52193	0.04014	0.13153	0.24809
V492	0.02861	0.15164	0.02079	0.73065	0.06832
V493	0	0	0	0.93184	0.06816
V494	0.31489	0.02571	0.00376	0.57097	0.08466
V495	0.3102	0.26785	0.20682	0.17303	0.0421
V496	0.14722	0.11252	0.06865	0.14379	0.52782
V497	0.09975	0.10767	0.17074	0.21678	0.40505
V498	0.09912	0.88181	0	0	0.01907
V499	0.03937	0.29426	0.27631	0.12965	0.26041
V500	0.12493	0.5114	0.1005	0.20365	0.05952
V501	0.0953	0.40113	0.00659	0.09469	0.40229
V502	0.15296	0.83308	0	0	0.01396
V503	0.42752	0.09	0.20263	0.17699	0.10286
V504	0.51285	0.25236	0	0.035	0.1998
V505	0.67384	0.04942	0	0.11876	0.15798
V506	0.05303	0.59271	0.05645	0.04135	0.25645
V507	0.90003	0.02063	0	0.07934	0
V508	0.03705	0.68364	0.19503	0.02244	0.06184
V509	0.06634	0.49672	0.1328	0.19718	0.10697
V510	0.43818	0.5399	0.00349	0.01074	0.00769
V511	0.0405	0.37749	0.50484	0.04697	0.0302
V512	0.16191	0.50498	0.16658	0.05501	0.11152
V513	0.1857	0.71697	0.04247	0.01531	0.03956
V514	0	0.07936	0.26611	0.17728	0.47725
V515	0.07006	0.12654	0	0.75086	0.05253
V516	0.16411	0.3837	0.09884	0.31576	0.0376
V517	0.00209	0.03869	0.04352	0.85404	0.06165
V518	0.37768	0.0911	0.32034	0.2014	0.00948
V519	0.82778	0.06779	0	0.10443	0
V520	0.09749	0.87668	0	0.00109	0.02474
V521	0.18883	0.02635	0.13439	0.61325	0.03719
V522	0.01727	0.26463	0.55435	0.14942	0.01433
V523	0.09357	0.13667	0.72741	0.04235	0
V524	0.30145	0.11202	0.573	0.01125	0.00229
V525	0.02603	0.28843	0.03913	0.1381	0.50832
V526	0	0.12614	0.84003	0.03382	0
V527	0.06812	0.53451	0.38214	0.0025	0.01272
V528	0.14217	0.00353	0.00939	0.7951	0.0498
V529	0.15838	0.11537	0.72625	0	0
V530	0	0.10575	0.83741	0.05684	0
V531	0.19389	0.56939	0.07718	0.02144	0.1381
V532	0.06186	0.33674	0.30895	0.05769	0.23477
V533	0.29497	0.07498	0	0.1331	0.49695
V534	0.11946	0.0698	0	0.74448	0.06626
V535	0.85562	0.14438	0	0	0
V536	0.11191	0.2545	0.39196	0.08042	0.16121
V537	0.02358	0.10408	0.02723	0.18512	0.66
V538	0.67605	0.14301	0	0.04377	0.13716
V539	0	0.21957	0.63682	0.12067	0.02295
V540	0.18409	0.52019	0.08017	0.06128	0.15426
V541	0.05818	0.47968	0.01293	0.09209	0.35712
V542	0.04295	0.35676	0.10712	0.4198	0.07337
V543	0.02631	0.1925	0.67237	0.07404	0.03478
V544	0.33376	0.25984	0.17927	0.09425	0.13289
V545	0.6551	0.3449	0	0	0
V546	0.09133	0.81485	0.05095	0	0.04287
V547	0.11509	0.79624	0	0.04967	0.039
V548	0	0.06007	0	0.87337	0.06656
V549	0.00736	0.06808	0.03673	0.32632	0.5615
V550	0.06514	0.8743	0.05281	0	0.00774
V551	0	0	0	0.93826	0.06174
V552	0.23804	0.08882	0.01975	0.16776	0.48563
V553	0.8216	0.03158	0	0.1404	0.00642
V554	0.07531	0.11242	0.47637	0.32623	0.00966
V555	0.07197	0.91352	0	0	0.01451
V556	0.07279	0.06579	0.05172	0.72828	0.08142
V557	0.3013	0.27885	0.02076	0.33728	0.06181
V558	0	0.09145	0.74908	0.15948	0
V559	0.08037	0.48018	0.42747	0	0.01198
V560	0.65357	0.26806	0.07837	0	0
V561	0.7594	0.04924	0.11284	0.01987	0.05865
V562	0.12335	0.12833	0.17784	0.19473	0.37576
V563	0.20975	0.31386	0.20697	0.13937	0.13005
V564	0.33601	0.07358	0.05452	0.38289	0.153
V565	0.01083	0.07861	0.0294	0.22551	0.65564
V566	0.2943	0.18544	0.01506	0.35266	0.15254
V567	0	0.08914	0.91086	0	0
V568	0.00837	0.26969	0.4145	0.30036	0.00708
V569	0.65124	0.14592	0.07707	0.11481	0.01095
V570	0.11239	0.07039	0.28703	0.46718	0.06301
V571	0.23511	0.0653	0.24262	0.36525	0.09173
V572	0.92284	0.01838	0	0	0.05878
V573	0.05804	0.11896	0.34098	0.39769	0.08434
V574	0.54325	0.33407	0.04123	0.07151	0.00993
V575	0.36691	0.10362	0.12308	0.12454	0.28184
V576	0.07226	0.8841	0	0	0.04364
V577	0.43651	0.53673	0	0.01862	0.00813
V578	0	0.22114	0.50467	0.24428	0.02992
V579	0.02135	0.56748	0.30911	0.02548	0.07657
V580	0.2264	0.55367	0	0.17576	0.04417
V581	0.0402	0.53032	0.35459	0.06689	0.00799
V582	0	0.12057	0.87943	0	0
V583	0.61285	0.06624	0.32091	0	0
V584	0.23094	0.54754	0.09064	0.0303	0.10058
V585	0.07112	0.80739	0.03881	0.02216	0.06051
V586	0.05256	0.8122	0.13211	0	0.00313
V587	0.08525	0.7273	0	0.01778	0.16968
V588	0.20907	0.44191	0.34902	0	0
V589	0.11008	0.4222	0.03066	0.38559	0.05148
V590	0.0798	0.80644	0	0	0.11376
V591	0.48716	0.51284	0	0	0
V592	0	0.08735	0.76558	0.07617	0.0709
V593	0.40561	0.02566	0	0.50678	0.06194
V594	0	0.1907	0.63226	0.16439	0.01266
V595	0.51992	0.08959	0.04044	0.31422	0.03583
V596	0.44883	0.2429	0.18826	0.11139	0.00863
V597	0.03743	0.26481	0.00787	0.22224	0.46765
V598	0.64702	0.04346	0	0.04916	0.26036
V599	0.08333	0.41894	0.08281	0.36251	0.05241
V600	0.25236	0.06946	0.18796	0.39893	0.09128
V601	0.14188	0.12934	0	0.52066	0.20813
V602	0.85113	0.14887	0	0	0
V603	0.14103	0.20804	0.03095	0.22973	0.39025
V604	0	0.09922	0.70545	0.14016	0.05517
V605	0.02571	0.14272	0.15553	0.19827	0.47777
V606	0.92439	0.00992	0	0.00107	0.06461
V607	0.18006	0.18838	0.02196	0.13377	0.47582
V608	0.80473	0.0577	0	0.08708	0.0505
V609	0.19174	0.32893	0	0.39332	0.08601
V610	0.10639	0.66841	0	0.19126	0.03394
V611	0.2295	0.1116	0.62073	0.03769	0.00048
V612	0.35864	0.13277	0.32012	0.05628	0.1322
V613	0.43384	0.56616	0	0	0
V614	0.56554	0.08882	0	0.12198	0.22366
V615	0	0.12002	0.1371	0.59964	0.14323
V616	0.6799	0.05341	0.12405	0.13767	0.00497
V617	0.19082	0.15113	0.46405	0.12343	0.07058
V618	0.77222	0.14918	0.02171	0.00856	0.04833
V619	0.57036	0.11455	0.13901	0.03532	0.14076
V620	0.01526	0.06971	0.35393	0.53447	0.02663
V621	0.13388	0.29658	0.30594	0.05374	0.20986
V622	0.00951	0.2875	0.36665	0.07947	0.25687
V623	0.06257	0.01832	0	0.74355	0.17556
V624	0.98472	0.01094	0	0	0.00434
V625	0	0.07098	0.0913	0.78458	0.05314
V626	0.03513	0.09913	0.54169	0.31386	0.01019
V627	0.1141	0.23166	0.13435	0.1255	0.39438
V628	0.98813	0.01187	0	0	0
V629	0.08543	0.30367	0.60093	0.00997	0
V630	0.02497	0.26796	0.0292	0.15346	0.52442
V631	0	0.08787	0.31523	0.14322	0.45368
V632	0.07923	0.80273	0	0.0057	0.11235
V633	0.04906	0.03842	0.10008	0.58508	0.22735
V634	0.42258	0.47331	0.10411	0	0
V635	0.03635	0.18794	0.21452	0.13263	0.42856
V636	0.17901	0.228	0.30854	0.20783	0.07662
V637	0.1771	0.08803	0.41029	0.27181	0.05278
V638	0.10624	0.51826	0.00991	0.11331	0.25228
V639	0.55795	0.42135	0.0207	0	0
V640	0.11737	0.23906	0.08744	0.28904	0.26708
V641	0.12148	0.74274	0	0.09328	0.0425
V642	0.76635	0.03884	0	0.19481	0
V643	0.07844	0.8867	0.02544	0	0.00942
V644	0.05855	0.44757	0.00311	0.42843	0.06234
V645	0.18013	0.76423	0	0.03268	0.02296
V646	0.15522	0.55321	0.01093	0.20834	0.0723
V647	0.99054	0.00567	0	0.00379	0
V648	0.44041	0.14335	0	0.29366	0.12258
V649	0.27051	0.16213	0.08102	0.18426	0.30208
V650	0.00799	0	0.05344	0.88228	0.05629
V651	0.14232	0.20838	0	0.60473	0.04457
V652	0.34439	0.03561	0.01902	0.55789	0.04309
V653	0.32487	0.04689	0.04149	0.53011	0.05664
V654	0.04159	0.15964	0.00249	0.21514	0.58115
V655	0.13075	0.10326	0.2989	0.44499	0.0221
V656	0.12485	0.08159	0	0.24598	0.54758
V657	0.05391	0.51455	0.01391	0.31399	0.10364
V658	0.02235	0.05705	0.02908	0.66759	0.22393
V659	0.00344	0.03452	0.0746	0.79699	0.09046
V660	0.08602	0.40605	0.01648	0.11255	0.37891
V661	0.06784	0.68339	0	0.15136	0.09742
V662	0.06345	0.5105	0.01287	0.05947	0.35371
V663	1	0	0	0	0
V664	0.01568	0.04075	0.13811	0.48526	0.3202
V665	0.03562	0.66956	0.19379	0.06047	0.04055
V666	0.1165	0.88095	0	0	0.00256
V667	0.03456	0.5881	0.24781	0.08729	0.04224
V668	0.67827	0.28481	0.00347	0.03345	0
V669	0.48442	0.35891	0	0.08265	0.07403
V670	0.12255	0.67176	0.03007	0.02774	0.14787
V671	0.78685	0.0537	0.15945	0	0
V672	0.09299	0.12664	0.10093	0.37806	0.30138
V673	0.01296	0.09405	0.00646	0.27117	0.61536
V674	0.33368	0.16769	0.49863	0	0
V675	0.72887	0.04633	0	0.16173	0.06307
V676	0.22371	0.18706	0.50433	0.02306	0.06185
V677	0.03815	0.29933	0.22058	0.37709	0.06485
V678	0.07265	0.38901	0.00954	0.11815	0.41065
V679	0	0.0622	0.44718	0.47605	0.01457
V680	0.17064	0.05203	0.01858	0.43531	0.32345
V681	0.52374	0.08068	0.01293	0.31081	0.07184
V682	0	0.08807	0.91193	0	0
V683	0.03314	0.26773	0.63374	0.0198	0.04558
V684	0.04307	0.00244	0	0.8937	0.06079
V685	0	0.09775	0.80002	0.10223	0
V686	0.29798	0.64863	0.0333	0	0.0201
V687	0	0.05809	0.56634	0.37089	0.00467
V688	0	0.09293	0.89905	0.00802	0
V689	0.48889	0.12755	0.1814	0.12444	0.07772
V690	0.12546	0.86058	0	0	0.01396
V691	0.13538	0.14952	0.03658	0.61533	0.06319
V692	0.0607	0.03497	0.00398	0.78604	0.11432
V693	0.00279	0.55966	0.42012	0.01561	0.00183
V694	0.08923	0.21036	0.0281	0.58383	0.08848
V695	0.12918	0.19345	0.16522	0.12048	0.39167
V696	0.07393	0.09781	0.75441	0.03992	0.03393
V697	0.0851	0.16163	0.31735	0.35454	0.08138
V698	0.00562	0.10098	0.21403	0.15886	0.52051
V699	0.02889	0.03329	0.04743	0.70571	0.18468
V700	0.08555	0.83844	0.03803	0	0.03798
V701	0.02633	0.26881	0.01951	0.1475	0.53785
V702	0.02085	0.13399	0	0.69535	0.14981
V703	0.00105	0.01561	0.01477	0.90143	0.06714
V704	0.02574	0.14247	0.42231	0.11056	0.29893
V705	0.98915	0.01085	0	0	0
V706	0.14552	0.18124	0.16017	0.43564	0.07742
V707	0.14621	0.17686	0.07634	0.33269	0.2679
V708	0.01564	0.62609	0.35827	0	0
V709	0.00973	0.09399	0.05034	0.18638	0.65956
V710	0.10275	0.11798	0.50436	0.07046	0.20445
V711	0.06613	0.07065	0.03625	0.19724	0.62973
V712	0.01455	0.09903	0.69214	0.19428	0
V713	0.23777	0.46417	0.29807	0	0
V714	0.05907	0.08073	0.00612	0.18804	0.66603
V715	0	0.33283	0.57447	0.09269	0
V716	0.77936	0.20742	0	0.01322	0
V717	0.40429	0.23786	0.11272	0.0615	0.18363
V718	0.69116	0.05817	0.25067	0	0
V719	0.40162	0.29524	0.08935	0.12431	0.08949
V720	0.12845	0.12191	0.10968	0.16723	0.47273
V721	0.02945	0.08253	0.06937	0.19802	0.62064
V722	0.02995	0.26204	0.05298	0.50633	0.14871
V723	0.10822	0.238	0.10643	0.4967	0.05065
V724	0.14911	0.68107	0.01055	0.12926	0.03001
V725	0.03378	0.08183	0.01768	0.19186	0.67485
V726	0.23809	0.54096	0.03658	0.05963	0.12473
V727	0	0.0971	0.89484	0.00806	0
V728	0.81132	0.06725	0.08013	0.0413	0
V729	0.6311	0.14719	0	0.21804	0.00367
V730	0.09297	0.08365	0.37761	0.39797	0.0478
V731	0	0.01354	0.05324	0.87768	0.05554
V732	0	0	0	0.93739	0.06261
V733	0	0.12403	0.87597	0	0
V734	0.49235	0.14406	0.34258	0.02101	0
V735	0.07115	0.23484	0.23793	0.11529	0.34079
V736	0.01485	0.12546	0.01661	0.1836	0.65948
V737	1	0	0	0	0
V738	0.05336	0.52971	0.00214	0.0668	0.348
V739	0.00175	0.00344	0	0.93055	0.06427
V740	0.22282	0.16147	0.11796	0.11794	0.3798
V741	0.50631	0.05282	0	0.33633	0.10454
V742	0.04352	0.1066	0.53372	0.21754	0.09863
V743	0.0295	0.1271	0.09507	0.24512	0.5032
V744	0.17824	0.10018	0.16882	0.50013	0.05262
V745	0.15317	0.03979	0.03675	0.72076	0.04952
V746	0.39292	0.58872	0	0	0.01836
V747	0	0.12414	0.86487	0.01099	0
V748	0.15705	0.27811	0.28328	0.10515	0.17641
V749	0.17987	0.14178	0.12011	0.44318	0.11506
V750	0.79433	0.20567	0	0	0
V751	0.0048	0.43689	0.54866	0.00964	0
V752	0.03242	0.21706	0.03234	0.15671	0.56147
V753	0.55801	0.12211	0.22631	0.03893	0.05464
V754	0.12243	0.32737	0	0.50253	0.04767
V755	0.25936	0.74064	0	0	0
V756	0.02975	0.19115	0.0324	0.20256	0.54415
V757	0.15874	0.017	0.09564	0.68529	0.04332
V758	0.08041	0.43197	0	0.44135	0.04628
V759	0.09456	0.11618	0.12461	0.14399	0.52066
V760	0.06766	0.09852	0.22982	0.32871	0.27529
V761	0.01629	0.32949	0.65422	0	0
V762	0.00544	0.09139	0.1889	0.46206	0.25221
V763	0.0451	0.35695	0.00398	0.1143	0.47966
V764	0.10297	0.07902	0.07862	0.68707	0.05232
V765	0.1286	0.11666	0.64973	0.07515	0.02986
V766	0.08135	0.53076	0.23566	0.05361	0.09863
V767	0.2853	0.5242	0.04112	0.0466	0.10278
V768	0.08808	0.87225	0.01144	0	0.02824
V769	0.78542	0.06358	0.15099	0	0
V770	0.26289	0.08319	0.49585	0.15808	0
V771	0.09616	0.75184	0	0.06192	0.09008
V772	0	0.11951	0.88049	0	0
V773	0.03394	0.06646	0.00531	0.32794	0.56635
V774	0.12987	0.09694	0.55842	0.05616	0.15861
V775	0.96966	0.01289	0	0.01745	0
V776	0.36677	0.47272	0.13019	0.01138	0.01894
V777	0.2065	0.42214	0.231	0.10259	0.03777
V778	0.54279	0.10053	0	0.23538	0.12129
V779	0.04367	0.47181	0.47945	0.00508	0
V780	0	0.08901	0.91099	0	0
V781	0.18723	0.37438	0.17776	0.0439	0.21674
V782	0.25639	0.31357	0.01045	0.07967	0.33992
V783	0	0.08731	0.64776	0.09302	0.17192
V784	0.05547	0.63249	0	0.22521	0.08683
V785	0.75397	0.15098	0	0.08018	0.01487
V786	0.16467	0.21721	0	0.55928	0.05885
V787	0.16174	0.60586	0	0.16135	0.07105
V788	0.40021	0.47442	0.04038	0	0.08499
V789	0.01883	0.20421	0.002	0.4711	0.30386
V790	0.28935	0.28872	0.05453	0.15643	0.21096
V791	0.1887	0.2718	0.07076	0.24103	0.22771
V792	0.98507	0.01493	0	0	0
V793	0.33875	0.32585	0.03947	0.1218	0.17413
V794	0.01257	0.08998	0.12604	0.30666	0.46475
V795	0.15262	0.83598	0	0	0.0114
V796	0.29672	0.44619	0.08722	0.13403	0.03584
V797	0.16135	0.06709	0	0.18043	0.59113
V798	0.16159	0.54957	0	0.09783	0.19101
V799	0.0302	0.1767	0.04011	0.67113	0.08186
V800	0.03352	0.08235	0.02562	0.28139	0.57711
V801	0.35489	0.05118	0.11512	0.438	0.0408
V802	0.04891	0.28793	0.01665	0.13754	0.50898
V803	0.29119	0.04629	0	0.60889	0.05363
V804	0.1866	0.20099	0.19691	0.36366	0.05184
V805	0.12176	0.20376	0.4272	0.19008	0.05721
V806	0.47563	0.09246	0.18958	0.10437	0.13796
V807	0.77883	0.05371	0.0243	0.06452	0.07865
V808	0.91451	0.05539	0	0	0.0301
V809	0.22298	0.6489	0	0.02019	0.10794
V810	0.02787	0.1002	0.04266	0.53869	0.29058
V811	0.06059	0.17512	0.02963	0.23896	0.4957
V812	0.03906	0.69476	0.1745	0.05554	0.03613
V813	0.03358	0.2984	0.23817	0.08464	0.34521
V814	0.2135	0.57178	0.04246	0.13321	0.03905
V815	0.25161	0.70907	0	0.01586	0.02345
V816	0.04379	0.51951	0	0.37709	0.05961
V817	0.82218	0.07683	0.10099	0	0
V818	0.03015	0.2838	0.36628	0.09699	0.22278
V819	0.98191	0.01809	0	0	0
V820	0.07642	0.38022	0.11452	0.37605	0.0528
V821	0.01182	0.08141	0.00884	0.19905	0.69887
V822	0.17664	0.02417	0	0.75219	0.047
V823	0.04095	0.1699	0.25737	0.1143	0.41748
V824	0.08091	0.11418	0.0326	0.16703	0.60528
V825	0.0999	0.08524	0.63563	0.17923	0
V826	0	0.10417	0.87857	0.01726	0
V827	0.34338	0.17168	0	0.38913	0.09581
V828	0.25201	0.21736	0.10977	0.13002	0.29084
V829	0.07791	0.15383	0.32066	0.23862	0.20897
V830	0.10279	0.11127	0.69279	0.05404	0.0391
V831	0.0581	0.76409	0.02198	0.11368	0.04214
V832	0.2119	0.05531	0.07637	0.33609	0.32033
V833	0.21018	0.76623	0	0	0.02359
V834	0.79471	0.18352	0	0.00826	0.01352
V835	0.25039	0.32026	0.08096	0.26933	0.07906
V836	0.33062	0.14094	0.4353	0.09313	0
V837	0.06898	0.85808	0	7e-05	0.07288
V838	0	0	0.07156	0.86895	0.05949
V839	0.04176	0.11674	0.09881	0.16402	0.57867
V840	0.97748	0.02252	0	0	0
V841	0.16551	0.10289	0.7316	0	0
V842	0.51404	0.10831	0.18413	0.19237	0.00115
V843	0.46513	0.0834	0.13957	0.12519	0.18672
V844	0	0.24199	0.73429	0.02373	0
V845	0.0219	0.02162	0	0.69718	0.2593
V846	0.11683	0.11982	0.11996	0.18999	0.4534
V847	0.21983	0.07254	0.0599	0.24281	0.40492
V848	0.78721	0.05427	0	0.09468	0.06383
V849	0.09154	0.14421	0.70746	0.03234	0.02445
V850	0.19489	0.11038	0.30151	0.21267	0.18055
V851	1	0	0	0	0
V852	0.24578	0.12423	0.08473	0.25402	0.29123
V853	0	0.2045	0.59712	0.16254	0.03584
V854	0.04883	0.4053	0.25266	0.11403	0.17918
V855	0.11692	0.40859	0.0838	0.30785	0.08284
V856	0.18431	0.45798	0.04615	0.04299	0.26858
V857	0.0711	0.08714	0.18245	0.46745	0.19186
V858	0.0312	0.38698	0.19495	0.23376	0.15311
V859	0.12484	0.02375	0.0113	0.76898	0.07113
V860	0.03899	0.15862	0.06037	0.65718	0.08486
V861	0.12836	0.04565	0.12786	0.65621	0.04192
V862	0.07555	0.07454	0.03338	0.25575	0.56078
V863	0.07166	0.90931	0	0	0.01902
V864	0	0.08914	0.84787	0.06299	0
V865	0.03661	0.08189	0.62411	0.25739	0
V866	0	0.12275	0.62207	0.25341	0.00178
V867	0.63705	0.0723	0	0.04331	0.24733
V868	0.20153	0.28452	0.38844	0.11631	0.0092
V869	0.0198	0.07145	0.03965	0.20075	0.66836
V870	0.27138	0.21898	0.07366	0.27832	0.15766
V871	0.03827	0.12816	0.12521	0.22934	0.47903
V872	0.37752	0.06852	0	0.49124	0.06271
V873	0.06	0.3456	0.14795	0.37236	0.07409
V874	0.10637	0.1333	0.00987	0.16738	0.58308
V875	0.01795	0.21164	0.01725	0.53855	0.21462
V876	0.50564	0.1365	0.0375	0.06921	0.25114
V877	0.24944	0.65875	0.0038	0.05694	0.03107
V878	0.05586	0.71084	0.01643	0.17794	0.03893
V879	0.95246	0.04754	0	0	0
V880	0.08432	0.12137	0.0287	0.49834	0.26726
V881	0	0.09307	0.56366	0.08935	0.25393
V882	0.06103	0.47841	0	0.42167	0.03889
V883	0.52261	0.2126	0	0.18541	0.07938
V884	0.01136	0.07017	0.00935	0.20952	0.69959
V885	0.14366	0.14855	0.39523	0.16658	0.14597
V886	0.00499	0.05175	0.0457	0.37703	0.52054
V887	0.11674	0.86376	0	0	0.01951
V888	0.05648	0.11742	0.05118	0.68928	0.08563
V889	0.14406	0.83446	0	0	0.02148
V890	0.02142	0.03707	0.14741	0.6757	0.1184
V891	0	0.12155	0.87112	0.00733	0
V892	0.64957	0.27609	0	0	0.07434
V893	0.11654	0.25447	0.50605	0.09514	0.0278
V894	0.12085	0.54339	0.02995	0.24505	0.06076
V895	0.69085	0.05434	0.25481	0	0
V896	0.19295	0.25882	0.22968	0.29829	0.02026
V897	0	0.00111	0.03863	0.81994	0.14031
V898	0.42201	0.07701	0	0.1198	0.38118
V899	0.61281	0.35081	0.03638	0	0
V900	0.23431	0.28138	0.26752	0.19603	0.02076
V901	0.70759	0.06912	0	0.18069	0.0426
V902	0.90826	0.07282	0	0.01892	0
V903	0.2639	0.10452	0.06235	0.51154	0.05768
V904	0.75089	0.1374	0.11171	0	0
V905	0.03634	0.34812	0.06122	0.36428	0.19003
V906	0.12746	0.13133	0.47405	0.12849	0.13867
V907	0.75521	0.16232	0.0212	0.05332	0.00795
V908	0.03595	0.34505	0.03669	0.50071	0.0816
V909	0.01697	0.123	0.00377	0.74768	0.10858
V910	0.71951	0.19369	0	0.05262	0.03417
V911	0.01725	0.3326	0.52905	0.03174	0.08935
V912	0.02991	0.10322	0.18893	0.20126	0.47667
V913	0.13472	0.04354	0.06898	0.67348	0.07929
V914	0.81082	0.05433	0	0.12267	0.01217
V915	0.21575	0.25883	0.05412	0.09632	0.37498
V916	0.83783	0.07557	0.07662	0.00192	0.00807
V917	0.48675	0.09464	0	0.08829	0.33031
V918	0.60303	0.19215	0.19067	0.01416	0
V919	0.43031	0.19587	0	0.28791	0.08591
V920	0.16906	0.0306	0.11524	0.64479	0.04031
V921	0.20931	0.26343	0.12376	0.07618	0.32731
V922	0	0.10519	0.72303	0.04986	0.12192
V923	0.18006	0.52576	0.00664	0.07483	0.21272
V924	0.52394	0.13108	0	0.26191	0.08307
V925	0.11705	0.18543	0.4692	0.18702	0.0413
V926	0.02441	0.10277	0.01698	0.19547	0.66037
V927	0.55407	0.29598	0.0772	0.07185	9e-04
V928	0.12231	0.30997	0.22219	0.20779	0.13773
V929	0.08016	0.35313	0.00205	0.10666	0.45801
V930	0.08425	0.08655	0.08516	0.1638	0.58024
V931	0.5192	0.19281	0	0.08415	0.20384
V932	0.05698	0.1618	0.05155	0.40304	0.32663
V933	0.30454	0.05037	0.04883	0.35017	0.24609
V934	0.67153	0.10141	0.22706	0	0
V935	0.60985	0.16474	0.10055	0.06545	0.05941
V936	0.29306	0.1058	0.11021	0.44048	0.05045
V937	0.15525	0.72901	0.07163	0.00624	0.03786
V938	0.10834	0.89039	0	0	0.00127
V939	0.00529	0.04214	0.02294	0.45914	0.47049
V940	0.59701	0.14602	0.05593	0.0763	0.12474
V941	0.01535	0.15922	0.12829	0.51091	0.18623
V942	0.77566	0.22434	0	0	0
V943	0.06053	0.18553	0.07241	0.15123	0.53029
V944	0.32034	0.06633	0.10653	0.47211	0.03468
V945	0.02049	0.33299	0.57975	0.049	0.01777
V946	0.00816	0.53346	0.45839	0	0
V947	0.40453	0.095	0.01303	0.1975	0.28993
V948	0.10137	0.73277	0.01229	0.08636	0.06721
V949	0.89936	0.10064	0	0	0
V950	0.05489	0.01879	0.012	0.85788	0.05644
V951	0.30968	0.04009	0	0.53694	0.11329
V952	0.12926	0.05356	0.04081	0.65863	0.11774
V953	0.48307	0.10815	0	0.36421	0.04456
V954	0.25553	0.56471	0.04145	0.05529	0.08302
V955	0.03376	0.07446	0.54183	0.34896	0.001
V956	0.04418	0.48102	0.08249	0.34446	0.04786
V957	0.12896	0.78138	0.02515	0.03132	0.0332
V958	0.08017	0.86831	0	0	0.05152
V959	0.02201	0.09624	0.79983	0.08193	0
V960	0.53327	0.12331	0.12929	0.12386	0.09027
V961	0.08264	0.87472	0	0	0.04265
V962	0.21464	0.17478	0	0.16738	0.44321
V963	0	0.05577	0.42167	0.49234	0.03022
V964	0	0.0971	0.89484	0.00806	0
V965	0	0.03981	0.43855	0.47858	0.04306
V966	9e-04	0.08478	0.5245	0.16433	0.22549
V967	0.37829	0.53112	0	0	0.09059
V968	0.08037	0.90942	0	0	0.01021
V969	0.13552	0.52318	0.12886	0.12253	0.08991
V970	0.14162	0.42892	0.42946	0	0
V971	0.74409	0.1109	0.14111	0.0039	0
V972	0.10772	0.86089	0	0.00165	0.02974
V973	0.00486	0.09392	0.56025	0.27842	0.06254
V974	0.05146	0.73483	0.08117	0.07845	0.05409
V975	0.07364	0.92225	0	0	0.00411
V976	0.02375	0.07506	0.00697	0.25072	0.6435
V977	0.01738	0.2059	0.16919	0.23137	0.37616
V978	0.35791	0.20592	0.2052	0.1537	0.07727
V979	0.9237	0.0763	0	0	0
V980	0.31981	0.16566	0.12452	0.17787	0.21213
V981	0.07827	0.13327	0.07363	0.16803	0.5468
V982	0.39531	0.46414	0.09424	0.00722	0.03909
V983	0.69941	0.23933	0	0	0.06126
V984	0.14616	0.07227	0.10886	0.58685	0.08585
V985	0.01613	0.08396	0.08039	0.77038	0.04913
V986	0.50234	0.16376	0.3339	0	0
V987	0	0.26838	0.66813	0.06349	0
V988	0.04146	0.11504	0.51004	0.3145	0.01895
V989	0.02666	0.12395	0.00531	0.19066	0.65342
V990	0.13042	0.42398	0	0.16381	0.28179
V991	0.05486	0.17587	0.12398	0.15146	0.49383
V992	0.88716	0.11284	0	0	0
V993	0	0.09039	0.57949	0.20838	0.12173
V994	0.07072	0.9102	0	0	0.01908
V995	0	0.18311	0.58981	0.14934	0.07775
V996	0.01499	0.02332	0.09069	0.64592	0.22507
V997	0.23972	0.15644	0.16742	0.09764	0.33878
V998	0.00693	0.04851	0	0.85487	0.08969
