CD56NK	CD4MemoryT	CD19B	CD14
V1	0.53763	0	0.08974	0.37263
V2	0.12248	0.03088	0.01997	0.82667
V3	0.069	0.41828	0.00676	0.50595
V4	0.89482	0.06832	0.00043	0.03643
V5	0.15344	0.35564	0.18249	0.30843
V6	0.12493	0.80448	0.01732	0.05326
V7	0.15129	0.20026	0.0445	0.60395
V8	0.21724	9e-05	0.70317	0.0795
V9	0.2176	0.11586	0.01649	0.65005
V10	0.03114	0.00094	0.83521	0.13272
V11	0.3271	0.30461	0.35278	0.01551
V12	0.04962	0.57517	0.33665	0.03855
V13	0.37058	0.57753	0.00435	0.04754
V14	0.11302	0.8644	0.00551	0.01707
V15	0.16471	0.45413	0.08525	0.2959
V16	0.92002	0.01938	0.01241	0.04819
V17	0.14	0.79604	0.0111	0.05287
V18	0.66293	0.2376	0.02906	0.07041
V19	0.24081	0.72126	0.00471	0.03322
V20	0.18153	0.2779	0.01045	0.53013
V21	0.21855	0.02294	0.67846	0.08005
V22	0.01638	0.03332	0.09535	0.85495
V23	0.54449	0.01305	0.42825	0.01422
V24	0.9684	0.01247	0.01913	0
V25	0.36195	0.13025	0.07186	0.43594
V26	0.43229	0.24013	0.0111	0.31647
V27	0.07518	0.01636	0.00487	0.90359
V28	0.00092	0.01441	0.98467	0
V29	0.57986	0.0063	0.35061	0.06323
V30	0.10883	0.1147	0.15566	0.62082
V31	0.23133	0.10546	0.17529	0.48792
V32	0.05863	0.00436	0.00863	0.92837
V33	0.07323	0.41903	0.2917	0.21604
V34	0.21875	0.00906	0.69211	0.08008
V35	0.24394	0.62056	0.06516	0.07034
V36	0.00812	0.0087	0.27204	0.71114
V37	0.52301	0.02753	0.04966	0.3998
V38	0.39418	0	0.08472	0.5211
V39	0.224	0.42376	0.09217	0.26007
V40	0.16217	0.77415	0.06368	0
V41	0.01099	0.49347	0.02938	0.46616
V42	0.2019	0.00589	0.09811	0.69411
V43	0.21441	0.29081	0.41688	0.0779
V44	0.02417	0.03534	0.5858	0.35469
V45	0.1502	0.49244	0.16994	0.18742
V46	0.87695	0.03664	0.0753	0.01112
V47	0.56892	0.12273	0.21408	0.09427
V48	0.85076	0.10821	0.00383	0.03719
V49	0.75668	0.11495	1e-04	0.12827
V50	0.11429	0.79724	0.0719	0.01658
V51	0.43159	0.31146	0.18932	0.06763
V52	0.05011	0.07755	0.78408	0.08825
V53	0.83137	0.07294	0.09568	0
V54	0.56364	0.13187	0.25825	0.04624
V55	0.21795	0.05723	0.12808	0.59674
V56	0.03367	0.00058	0.03255	0.9332
V57	0.1573	0.79033	0.01803	0.03434
V58	0.57524	0	0.02114	0.40363
V59	0.54142	0.29161	0.07484	0.09213
V60	0.1471	0.07638	0.18861	0.58791
V61	0.81209	0.05634	0.00721	0.12436
V62	0.91995	0.01418	0.04246	0.02341
V63	0.0323	0.80609	0.10476	0.05685
V64	0.01466	0.7224	0	0.26294
V65	0.00876	0	0.0378	0.95343
V66	0.29704	0.55473	0.01447	0.13376
V67	0.25091	0.28597	0.4271	0.03602
V68	0.133	0.06162	0.00799	0.7974
V69	0.04675	0.27896	0.54651	0.12778
V70	0.60779	0.08265	0.11047	0.19909
V71	0.18093	0.02719	0.21475	0.57713
V72	0.60427	0.08273	0.05573	0.25727
V73	0.22063	0.49621	0.10484	0.17832
V74	0.10801	0.20595	0.68604	0
V75	0.74437	0	0.11302	0.1426
V76	0.00067	0.07971	0.08823	0.83139
V77	0.03504	0.14314	0.00145	0.82036
V78	0.30472	0.0489	0.09811	0.54827
V79	0.01216	0.06012	0.71314	0.21459
V80	0.46299	0.00101	0.37194	0.16406
V81	0.10754	0.13771	0.73649	0.01827
V82	0.00054	0.04112	0.93677	0.02156
V83	0.11983	0.08019	0.03439	0.7656
V84	0.37559	0.01403	0.08275	0.52763
V85	0.15332	0.22378	0.29328	0.32962
V86	0.08434	0.01732	0.79064	0.1077
V87	0.05899	0.74744	0.04469	0.14888
V88	0.16324	0.01964	0.13917	0.67795
V89	0.0162	0.00011	0.09135	0.89234
V90	0.04883	0.86497	0.05009	0.03612
V91	0.06286	0.69795	0.16101	0.07818
V92	0.53621	0.00338	0.23889	0.22152
V93	0.85372	0.00488	0.00016	0.14124
V94	0.01864	0.25159	0.00934	0.72042
V95	0.32981	0.30059	0.10655	0.26305
V96	0.05873	0.03856	0.0081	0.8946
V97	0.79711	0.05948	0.13176	0.01164
V98	0.76938	0.20512	0.00035	0.02515
V99	0.87715	0.02054	0.09125	0.01106
V100	0.1401	0.00457	0.79324	0.06209
V101	0.00984	0.00694	0	0.98322
V102	0.9452	0.02713	0.00418	0.02349
V103	0.00875	0.0122	0.03775	0.9413
V104	0.05154	0.92507	0.00591	0.01748
V105	0.09842	0.8724	0.01216	0.01701
V106	0.19235	0.44679	0.26492	0.09595
V107	0.2897	0.15048	0.44694	0.11289
V108	0.23529	0.68724	0.07747	0
V109	0.02213	0.10036	0.42858	0.44893
V110	0.09507	0.81826	0.03244	0.05422
V111	0.94646	0	0.0425	0.01105
V112	0.14853	0.02203	0.2525	0.57694
V113	0.17748	0.04134	0.08663	0.69456
V114	0.20781	0.01344	0.03619	0.74256
V115	0.01667	0.7632	0.20257	0.01756
V116	0.19611	0.21746	0.26356	0.32287
V117	0.748	0.16235	0.02262	0.06703
V118	0.20391	0.40237	0.02258	0.37114
V119	0.09505	0.02747	0.02016	0.85732
V120	0.14183	0.03976	0.77797	0.04044
V121	0.61469	0.06455	0.05452	0.26623
V122	0.96589	0.00241	0.00848	0.02322
V123	0.0095	0.31624	0.02519	0.64907
V124	0.71587	0.19042	1e-04	0.09362
V125	0.51672	0.31149	0.12577	0.04602
V126	0.03358	0.06495	0.02065	0.88082
V127	0.15774	0.01456	0.12999	0.69771
V128	0.02528	0.00063	0.04618	0.92791
V129	0.68619	0.15145	0.10538	0.05699
V130	0.01624	0.66694	0.29904	0.01778
V131	0.04443	0.79355	0	0.16202
V132	0.94676	0.00077	0.01719	0.03529
V133	0.93859	0.00561	0.03254	0.02326
V134	0.12508	0.23721	0.07647	0.56125
V135	0.0693	0.00297	0.08123	0.8465
V136	0.25814	0.2358	0.00604	0.50002
V137	0.72738	0.01269	0.14937	0.11056
V138	0.26455	0.27126	0.11694	0.34725
V139	0.39314	0.11637	0.11639	0.3741
V140	0.02513	0.03398	0.0206	0.92029
V141	0.09047	0.09504	0.3786	0.4359
V142	0.87703	0	0.12297	0
V143	0.45701	0.14867	0.0403	0.35402
V144	0.16184	0.07213	0.08534	0.68069
V145	0.00264	0.77598	0.20361	0.01777
V146	0.04187	0.00098	0.00889	0.94826
V147	0.91888	0.00882	0.01226	0.06005
V148	0.17575	0.03364	0.40088	0.38973
V149	0.38501	0.43278	0.16747	0.01475
V150	0.14169	0.19527	0.48108	0.18196
V151	0.27415	0.4699	0.02453	0.23142
V152	0.32135	0.33203	0.15662	0.19
V153	0.15524	0.60664	0.01452	0.2236
V154	0.35694	0.36743	0.20562	0.07002
V155	0.5682	0.08291	0.18123	0.16767
V156	0.05683	0.09607	0.56369	0.28342
V157	0.35917	0.08619	0.19224	0.3624
V158	0.0097	0	0.00569	0.98461
V159	0.89232	0.03407	0.00034	0.07327
V160	0.64806	0	0.03589	0.31604
V161	0.17136	0.00011	0.01204	0.81649
V162	0.06581	0.15529	0.04104	0.73786
V163	0.12924	0.34213	0.11353	0.4151
V164	0.38092	0.1826	0.06427	0.3722
V165	0.00903	0.13183	0	0.85914
V166	0.00846	0.04026	0.02925	0.92202
V167	0.28286	0	0.00159	0.71555
V168	0.38396	0.4416	0.05838	0.11606
V169	0.15654	0.01851	0.01541	0.80954
V170	0.12878	0.00405	0.32271	0.54446
V171	0.21461	0.20057	0.48637	0.09845
V172	0.82194	0	0.16649	0.01157
V173	0.02516	0.06525	0.01639	0.8932
V174	0.01617	0.07593	0.03387	0.87403
V175	0.10302	0	0.62654	0.27044
V176	0.01693	0.81484	0.15072	0.0175
V177	0.01994	0.94294	9e-05	0.03703
V178	0.01264	0.59549	0.00297	0.3889
V179	0.17015	0.00033	0.2069	0.62262
V180	0.05167	0.8813	0.06703	0
V181	0.23002	0.07914	0.38578	0.30507
V182	0.41717	0.12665	0.33344	0.12274
V183	0.2698	0.70952	0.00505	0.01563
V184	0.99451	0	0.00543	6e-05
V185	0.67839	0.29963	0.00936	0.01262
V186	0.17351	0.37337	0.19459	0.25853
V187	0.96802	0.00256	0.01824	0.01117
V188	0.05174	0.11346	0	0.8348
V189	0.77733	0.00729	0.01047	0.20492
V190	0.78339	0.00176	0.20304	0.01181
V191	0.29232	0.16375	0.44994	0.09399
V192	0.3604	0.30895	0.03371	0.29693
V193	0.65442	0.0117	0.14071	0.19317
V194	0.06572	0.87463	0.00512	0.05453
V195	0.01654	0.00792	0.95378	0.02176
V196	0.00881	0.0272	0.00182	0.96217
V197	0.35188	0.01734	0.01139	0.61938
V198	0.10879	0.44593	0.30533	0.13995
V199	0.14732	0.00607	0.08231	0.76429
V200	0.1558	0.37867	0.01144	0.45409
V201	0.1408	0.43093	0.1384	0.28987
V202	0.02372	0.00288	0.60811	0.36529
V203	0.26103	0.36953	0.31528	0.05416
V204	0.00986	0.32752	0.00169	0.66093
V205	0.0341	0.03347	0.88838	0.04405
V206	0.09016	0.07374	0.81711	0.01899
V207	0.11971	0.0918	0.02521	0.76327
V208	0.3908	0.03787	0.53689	0.03444
V209	0.36979	0.31662	0.04736	0.26622
V210	0.13855	0.67623	0.07442	0.1108
V211	0.35397	0.00262	0.01533	0.62807
V212	0.64956	0.01569	0.29063	0.04411
V213	0.61985	0.01022	0.06133	0.30861
V214	0.34051	0.08129	0.09158	0.48662
V215	0.24823	0.03959	0.00795	0.70424
V216	0.02556	0	0.00526	0.96918
V217	0.063	0.35943	0.16137	0.4162
V218	0.12394	0.30052	0.10896	0.46658
V219	0.13753	0.45239	0.00728	0.4028
V220	0.014	0.68546	0.00345	0.2971
V221	0.75162	0.00031	0.00277	0.2453
V222	0.38499	0.07619	0.2332	0.30562
V223	0.01225	0.1115	0.6823	0.19395
V224	0.98564	0	0.01432	4e-05
V225	0.09798	0.83579	0.04958	0.01664
V226	0.45603	0.05213	0.45912	0.03272
V227	0.85958	0	0.11671	0.02371
V228	0.78958	0.03151	0.04017	0.13874
V229	0.03365	0.00523	0.89312	0.068
V230	0.00907	0.00611	0.0053	0.97952
V231	0.01714	0.14259	0.05514	0.78513
V232	0.05903	0.45701	0	0.48397
V233	0.61686	0.04208	0.11845	0.22262
V234	0.06665	0.87154	0.02601	0.0358
V235	0.51928	0.0314	0.38311	0.06621
V236	0.07829	0.04091	0.69224	0.18856
V237	0.12786	0.00046	0.01224	0.85944
V238	0.20291	0.47765	0.20665	0.11279
V239	0.06776	0.22364	0.00914	0.69946
V240	0.61182	0.01425	0.28144	0.0925
V241	0.02935	0.00033	0.7979	0.17242
V242	0.20342	0.68641	0.07636	0.03381
V243	0.3501	0.0171	0.47107	0.16173
V244	0.29909	0	0.52008	0.18084
V245	0.67473	0.19322	0.03368	0.09837
V246	0.103	0.12806	0.70647	0.06247
V247	0.27785	0.00555	0.7166	0
V248	0.01728	0.00861	0.01703	0.95708
V249	0.00017	0.01967	0.80507	0.17509
V250	0.8546	0	0.13413	0.01127
V251	0.96088	0.02314	0.00457	0.01142
V252	0.01889	0.84601	0.13511	0
V253	0.34746	0.02771	0.0847	0.54013
V254	0.0192	0.91981	0.04346	0.01754
V255	0.07723	0.83168	0	0.09108
V256	0.2606	0.16096	0.39171	0.18672
V257	0.45514	0.04707	0.13513	0.36265
V258	0.24754	0.19209	0.30752	0.25285
V259	0.064	0.27242	0.55717	0.10641
V260	0.00102	0.29528	0.68453	0.01917
V261	0.64773	0.01123	0.11374	0.2273
V262	0.07499	0.01979	0.00489	0.90034
V263	0.03441	0.91029	3e-05	0.05527
V264	0.18609	0.01266	0.2518	0.54945
V265	0.02535	0	0.05865	0.916
V266	0.74571	0.24943	0.00486	0
V267	0.00025	0.09264	0.15187	0.75523
V268	0.3503	0.00576	0.07028	0.57366
V269	0.01331	0.5258	0.3372	0.12369
V270	0.70678	0.00827	0.14818	0.13678
V271	0.79969	0.03155	0.02012	0.14864
V272	0.08393	0.69391	0.0093	0.21285
V273	0.0416	0.00448	0.01272	0.94121
V274	0.72641	0	0.10632	0.16727
V275	0.00045	0.00964	0.96768	0.02224
V276	0.54725	0.21096	0.00699	0.2348
V277	0.03502	0.10279	0.07937	0.78281
V278	0.03468	0.02041	0.1449	0.80001
V279	0.70144	0.02542	0.06551	0.20763
V280	0.0097	0	0.00569	0.98461
V281	0.52584	0.00958	0.07451	0.39007
V282	0.09749	0.0429	0.71184	0.14776
V283	0.27123	0.42278	0.0433	0.26268
V284	0.05035	0.88174	0.05077	0.01714
V285	0.12992	0.00225	0.86783	0
V286	0.32567	0.41274	0.07771	0.18388
V287	0.15548	0.78079	0.01107	0.05265
V288	0.02144	0.18799	0.29225	0.49832
V289	0.38612	0.15627	0.30106	0.15656
V290	0.88365	0.10736	0.009	0
V291	0.63434	0.03761	0.29956	0.02849
V292	0.91607	0.00084	0.00032	0.08277
V293	0.42527	0.00235	0.48533	0.08705
V294	0.08467	0.1975	0	0.71782
V295	0.01668	0.08614	0.09469	0.80249
V296	0.26328	0.08037	0.46658	0.18977
V297	0.05821	0	0.02817	0.91362
V298	0.44408	0.06853	0.45438	0.03301
V299	0.06254	0.13631	0.00482	0.79633
V300	0.00091	0.00869	0.10855	0.88185
V301	0.18161	0.07194	0.49481	0.25164
V302	0.73852	0.23546	0.00032	0.0257
V303	0.00187	0.58263	0.33388	0.08163
V304	0.08343	0.00724	0.56683	0.3425
V305	0.15347	0.09591	0.30248	0.44814
V306	0.841	0.05125	0.03161	0.07613
V307	0.03461	0.91687	0.01218	0.03634
V308	0.26964	0.13888	0.18278	0.4087
V309	0.33519	0.17574	0.01365	0.47543
V310	0.08179	0.17158	0.08072	0.66591
V311	0.62813	0.35437	0.00438	0.01313
V312	0.15883	0.67092	0.11601	0.05424
V313	0.00199	0.04831	0.00524	0.94447
V314	0.02043	0.2978	0.06567	0.6161
V315	0.15385	0.44467	0.02306	0.37842
V316	0.37723	0.07773	0.25157	0.29347
V317	0.12123	0.53861	0.03128	0.30888
V318	0.04181	0.35122	0.00615	0.60083
V319	0.10266	0.03681	0.77464	0.0859
V320	0.11852	0.10164	0.50423	0.27561
V321	0.73739	0.25774	0.00486	0
V322	0.19487	0.17479	0.03917	0.59117
V323	0.04169	0.00327	0.03672	0.91832
V324	0.74678	0.16802	0.04542	0.03978
V325	0.41818	0.52487	0.04269	0.01426
V326	0.00101	0.37401	0.05602	0.56895
V327	0.01604	0.06504	0.04714	0.87179
V328	0.06783	0.00721	0.56349	0.36147
V329	0.15536	0.04806	0.08233	0.71426
V330	0.41249	0	0.19014	0.39737
V331	0.29031	0.03416	0.0198	0.65573
V332	0.00813	0.01613	0.08381	0.89194
V333	0.5105	0.0364	0.25141	0.20169
V334	0.37391	0	0.20342	0.42267
V335	0.04098	0.27333	0.40488	0.28082
V336	0.23662	0.55	0.01396	0.19943
V337	0.39513	0.31766	0.21827	0.06894
V338	0.00508	0.97039	0.00649	0.01803
V339	0.21127	0.00076	0.77015	0.01782
V340	0.0807	0.15959	0.38048	0.37923
V341	0.01667	0.00871	0.02545	0.94917
V342	0.32355	0	0.42248	0.25398
V343	0.97775	0.00619	0.0047	0.01135
V344	0.78744	0.09806	0.1145	0
V345	0.01833	0.01236	0.96932	0
V346	0.24074	0.05231	0.15669	0.55026
V347	0.03373	0.00053	0.05446	0.91129
V348	0.08254	0.52306	0.10377	0.29063
V349	0.43799	0.10325	0.26065	0.19811
V350	0.05056	0.79964	0.1498	0
V351	0.01706	0.00788	0.20892	0.76614
V352	0.07869	0.00395	0.73095	0.18641
V353	0.87437	0.00776	0.02056	0.09731
V354	0.07914	0.6405	0.18351	0.09685
V355	0.33402	0.03714	0.30041	0.32843
V356	0.02533	0.00367	0.04178	0.92921
V357	0.13666	0.21138	0.17771	0.47425
V358	0.50528	0.04749	0.02686	0.42037
V359	0.50779	0.02232	0.01676	0.45313
V360	0.65046	0.30836	0.01408	0.0271
V361	0.00173	0.46916	0.51028	0.01883
V362	0.00505	0.96405	0.01292	0.01798
V363	0.20849	0.06309	0.30458	0.42384
V364	0.23127	0.03251	0.52759	0.20863
V365	0.20664	0.0067	0.00472	0.78194
V366	0.10919	0.53435	0.05905	0.29741
V367	0.52685	0.07019	0.00211	0.40085
V368	0.1309	0.60889	0.06264	0.19757
V369	0.03284	0.40902	0.53968	0.01846
V370	0.41684	0.20799	0.30561	0.06956
V371	0.25852	0.58401	0.0207	0.13677
V372	0.13354	0.01837	0.05419	0.79389
V373	0.09619	0.07923	0.30235	0.52223
V374	0.86763	0.00269	0.12969	0
V375	0.03338	0.01113	0.06383	0.89165
V376	0.02516	0.00842	0.0416	0.92482
V377	0.71277	0	0.00623	0.281
V378	0.00784	0.00825	0.2149	0.76902
V379	0.29709	0.09687	0.00515	0.60089
V380	0.13245	0.02805	0.09494	0.74455
V381	0.70907	0.00298	0.05213	0.23583
V382	0.14628	0.01151	0.82335	0.01886
V383	0.80255	0.00011	0.02861	0.16873
V384	0.5466	0.03418	0.07311	0.34612
V385	0.86471	0.00388	0.04509	0.08633
V386	0.25433	0.00246	0.06748	0.67573
V387	0.65395	0.08535	0.1182	0.14251
V388	0.43088	0.21241	0.09371	0.263
V389	0.49727	0.3728	0.00838	0.12155
V390	0.42771	0.20292	0.35451	0.01486
V391	0.35614	0.0445	0.00822	0.59114
V392	0.46065	0.13027	0.09931	0.30977
V393	0.34737	0.15262	0.23315	0.26685
V394	0.08451	0.11269	0.05444	0.74836
V395	0.2679	0.2653	0.13195	0.33486
V396	0.01846	0.92042	0.00536	0.05576
V397	0.82646	0.04556	0.06379	0.06419
V398	0.42683	0.0665	0.05104	0.45563
V399	0.25939	0.42594	0.10729	0.20738
V400	0.00133	0.38508	0.03881	0.57478
V401	0.06145	0.12358	0.62386	0.19111
V402	0.86271	0.11335	0.02394	0
V403	0.01668	0.00458	0.02937	0.94937
V404	0.13822	0.15184	0.4906	0.21933
V405	0.18766	0.00948	0.07727	0.7256
V406	0.67345	0.15374	0.01159	0.16122
V407	0.00508	0.97039	0.00649	0.01803
V408	0.11269	0.15861	0.26062	0.46808
V409	0.00267	0.00196	0.00576	0.98962
V410	0.14072	0.78142	0.02478	0.05308
V411	0.34883	0	0	0.65117
V412	0.19212	0.03682	0.32095	0.45011
V413	0.07354	0.33214	0.11825	0.47608
V414	0.05462	0.41587	0.2577	0.27182
V415	0.43877	0.01032	0.12591	0.42501
V416	0.01687	0.06715	0.91598	0
V417	0.49334	0.48812	0.00455	0.01399
V418	0.06161	0.04315	0.06579	0.82946
V419	0.00944	0	0.00935	0.98121
V420	0.00307	0.78718	0.00995	0.1998
V421	0.22366	0.0174	0.51641	0.24253
V422	0.03398	0.02202	0.00173	0.94228
V423	0.1401	0.00457	0.79324	0.06209
V424	0.00026	0.02126	0.41011	0.56837
V425	0.08998	0.19127	0.4763	0.24244
V426	0.14514	0.0209	0.67003	0.16392
V427	0.08018	0.24955	0.11758	0.55269
V428	0.13225	0.64619	0.04232	0.17924
V429	0.00937	0	0.01375	0.97688
V430	0.77083	0.10197	0.01155	0.11565
V431	0.2009	0.00754	0.26676	0.52479
V432	0.08608	0.03679	0.02023	0.8569
V433	0.07503	0.54493	0	0.38004
V434	0.27992	0.02952	0.02406	0.6665
V435	0.45704	0.00245	0.06128	0.47922
V436	0.32373	0.00241	0.05429	0.61957
V437	0.19676	0.1122	0.00134	0.6897
V438	0.59273	0.08565	0.01873	0.30289
V439	0.02527	0.041	0.00161	0.93212
V440	0.40366	0.01307	0.01575	0.56753
V441	0.09401	0.08285	0.42829	0.39485
V442	0.35752	0.21588	0.08606	0.34054
V443	0.71491	0	0.0516	0.23349
V444	0.01833	0.01236	0.96932	0
V445	0.71849	0.00541	0.21958	0.05652
V446	0.05808	0.73128	0.04383	0.16681
V447	0.67428	0.05008	0.10902	0.16663
V448	0.01609	0.02488	0.0885	0.87054
V449	0.6266	0.0175	0.18374	0.17215
V450	0.21668	0.77135	0.01196	0
V451	0.93656	0.02733	0.00045	0.03567
V452	0.0254	9e-04	0.02909	0.94461
V453	0.83242	0.0375	0.04118	0.08891
V454	0.00418	0.91598	0.04302	0.03682
V455	0.68124	0.01323	0.1911	0.11444
V456	0.39018	0.06927	0.24968	0.29088
V457	0.00266	0.00702	0.0022	0.98812
V458	0.2305	0.11329	0.0013	0.65491
V459	0.02756	0.69406	0.0732	0.20518
V460	0.95743	0.00183	0.01765	0.0231
V461	0.04191	0.00864	0.0018	0.94765
V462	0.31229	0.12651	0	0.5612
V463	0.32516	0.34408	0.11047	0.22029
V464	0.4373	0.04525	0.00168	0.51578
V465	0.45266	0.28075	0.01623	0.25036
V466	0.55803	0.10336	0.00231	0.3363
V467	0.41368	0.44546	0.0593	0.08156
V468	0.58086	0.27889	0.03563	0.10462
V469	0.01789	0.09264	0.1548	0.73467
V470	0.58597	0.06833	0.10797	0.23773
V471	0.22061	0.04557	0.01567	0.71815
V472	0.3095	0.18571	0	0.50479
V473	0.16231	0.49888	0.28287	0.05594
V474	0.09341	0	0.04461	0.86198
V475	0.19583	0.2382	0.04704	0.51893
V476	0.12923	0.00306	0.02399	0.84371
V477	0.61829	0.01594	0.12049	0.24528
V478	0.15547	0.3937	0.00225	0.44858
V479	0.027	0.05956	0.70018	0.21325
V480	0.07527	0.1579	0.0217	0.74513
V481	0.24094	0.00425	0.71679	0.03803
V482	0.76029	0.10084	0.07186	0.06701
V483	0.10599	0.04669	0.03312	0.8142
V484	0.01683	0.02536	0.0087	0.94911
V485	0.16276	0.57309	0.0087	0.25545
V486	0.27605	0.14972	0.07169	0.50254
V487	0.05935	0.01563	0.03696	0.88806
V488	0.00018	0.00078	0.74832	0.25072
V489	0.33388	0.075	0.55547	0.03565
V490	0.35279	0.18257	0.04071	0.42392
V491	0.52323	0.33119	0.02409	0.12149
V492	0.04992	0.81774	0.11522	0.01711
V493	0.01054	0	0	0.98946
V494	0.2651	0.10616	0.3755	0.25324
V495	0.32102	0.52094	0.1079	0.05014
V496	0.36114	0.54237	0	0.09649
V497	0.01664	0.00248	0.95902	0.02186
V498	0.26491	0.04413	0.02453	0.66643
V499	0.7198	0.18563	0.08246	0.01212
V500	0.16815	0.09807	0.63197	0.1018
V501	0.00267	0	0.0137	0.98363
V502	0.64802	0.1917	0.102	0.05828
V503	0.18391	0.04259	0.10066	0.67283
V504	0.30954	0.54896	0.00903	0.13247
V505	0.21445	0.12481	0.14782	0.51292
V506	0.1205	0.17765	0.31658	0.38526
V507	0.62111	0.05266	0.07137	0.25486
V508	0.78974	0.10502	0.02689	0.07835
V509	0.28385	0.03146	0.33325	0.35144
V510	0.33379	0.44735	0.20373	0.01513
V511	0.04853	0.23524	0.02311	0.69312
V512	0.20052	0.01753	0.03638	0.74557
V513	0.12204	0.5565	0.16754	0.15392
V514	0.00906	0.02347	0	0.96747
V515	0.75164	0.03062	0.02899	0.18875
V516	0.93231	0.0556	0.00058	0.0115
V517	0.03405	0.00672	0.11945	0.83979
V518	0.96982	0.01806	0.00068	0.01144
V519	0.0428	0.73886	0.00381	0.21453
V520	0.0322	0	0.39102	0.57678
V521	0.67932	0.02029	0.24158	0.05881
V522	0.00889	0.0787	0.39264	0.51977
V523	0.37799	0.06934	0.15133	0.40134
V524	0.0154	0.74288	0.1629	0.07881
V525	0.22276	0.10183	0.01183	0.66358
V526	0.61959	0.03803	0.04257	0.29981
V527	0.21519	0.00728	0.22187	0.55566
V528	0.14987	0.74429	0	0.10585
V529	0.05343	0.02403	0.10549	0.81705
V530	0.01154	0.17329	0.56574	0.24943
V531	0.03624	0.86399	0.09977	0
V532	0.16209	0.17346	0.01264	0.65181
V533	0.31525	0.22217	0.0858	0.37678
V534	0.00933	0.00243	0.50692	0.48132
V535	0.4495	0	0.00503	0.54547
V536	0.19077	0	0.19785	0.61138
V537	0.69545	0.17638	0.1017	0.02647
V538	0.40257	0.02192	0.04261	0.53289
V539	0.32981	0.30059	0.10655	0.26305
V540	0.28208	0.57629	0.05588	0.08575
V541	0.02024	0.31512	0.03705	0.62759
V542	0.19658	0.06411	0.13528	0.60404
V543	0.83881	5e-04	0.00704	0.15365
V544	0.09034	0.03672	0.08016	0.79278
V545	0.32536	0.06847	0.03542	0.57075
V546	0.0817	0.84425	0.05723	0.01682
V547	0.06553	0.62129	0.2754	0.03778
V548	0.23366	0.68289	0.06792	0.01554
V549	0.4691	0.01304	0.48504	0.03282
V550	0.49432	0.01014	0	0.49555
V551	0.24848	0.60249	0.02799	0.12104
V552	0.00165	0.31463	0.00171	0.68201
V553	0.34612	0.1162	0.48343	0.05425
V554	0.04208	0.03486	0.00828	0.91478
V555	0.10529	0.13959	0.20257	0.55254
V556	0.00031	0.01342	0.89421	0.09207
V557	0.7649	0.01113	0.00664	0.21733
V558	0.09777	0.63492	0.02041	0.2469
V559	0.01866	0.81213	0.16921	0
V560	0.76459	0.22283	0.00038	0.0122
V561	0.00045	0.00964	0.96768	0.02224
V562	0.78097	1e-04	0.06938	0.14955
V563	0.37225	0	0.61201	0.01573
V564	0.10719	0.06085	0.79071	0.04124
V565	0.15547	0.17628	0.24957	0.41869
V566	0.64919	0.05072	0.00247	0.29762
V567	0.23323	0.27401	0.01471	0.47805
V568	0.19061	0	0.02363	0.78576
V569	0.59125	0.01049	0	0.39827
V570	0.04513	0.25848	0.52481	0.17158
V571	0.8254	0.07464	0.00019	0.09977
V572	0.52735	0.00056	0.28862	0.18346
V573	0.05081	0.08026	0.00138	0.86755
V574	0.0649	0.75218	0.14649	0.03643
V575	0.01599	0.03332	0.05604	0.89466
V576	0.23004	0.7056	0.03088	0.03348
V577	0.03355	0.01476	0.09786	0.85383
V578	0.08088	0.03899	0.49965	0.38048
V579	0.01693	0.84523	0.08114	0.05669
V580	0.12152	0	0.04896	0.82952
V581	0.05009	0.03034	0	0.91958
V582	0.55397	0.07775	0.0182	0.35008
V583	0.00872	0.02019	0.38156	0.58954
V584	0.62712	0.10313	0.19395	0.0758
V585	0.00803	0.00055	0.24159	0.74983
V586	0.32578	0.0014	0.47823	0.19459
V587	0.39017	0.0026	0.53491	0.07232
V588	0.55808	0.01853	0.01274	0.41065
V589	0.089	0.71194	0.05177	0.14729
V590	0.08311	0.73588	0.16413	0.01687
V591	0.00091	0.01185	0.0931	0.89413
V592	0.26119	0.02254	0.71627	0
V593	0.56301	0	0.10138	0.33561
V594	0.44558	0.21458	0.23856	0.10128
V595	0.01797	0.00564	0.00536	0.97103
V596	0.03853	0.1574	0.12285	0.68122
V597	0.00162	0.51976	0.27881	0.19981
V598	0.03275	0.11153	0.81312	0.0426
V599	0.7009	0.22062	0.0234	0.05507
V600	0.42107	0.32577	0.03513	0.21803
V601	0.15331	0.14437	0.04173	0.66059
V602	0.01778	0.00606	0.00203	0.97412
V603	0.00906	0.19922	0.00537	0.78635
V604	0.63391	0.07637	0.22918	0.06055
V605	0.09294	0.23808	0.28025	0.38873
V606	0.72204	0.09054	0.00705	0.18037
V607	0.61041	0.00281	0.06032	0.32646
V608	0.26013	0.09757	0.24405	0.39824
V609	0.02838	0.13136	0.12613	0.71413
V610	0.75143	0.00697	0.05365	0.18795
V611	0.22856	0	0.02341	0.74803
V612	0.04587	0.06894	0.71375	0.17144
V613	0.06357	0.31648	0.51449	0.10546
V614	0.74049	0.03046	0.02884	0.20021
V615	0.09959	0.01955	0.00137	0.87948
V616	0.10653	0.53542	0.0312	0.32686
V617	0.61704	0.12143	0.26153	0
V618	0.62913	0	0	0.37087
V619	0.40464	0.01122	0.18087	0.40328
V620	0.01624	0.66694	0.29904	0.01778
V621	0.44182	0.0842	0.10034	0.37365
V622	0.47847	0.17067	0.28408	0.06677
V623	0.01593	0.0288	0.06439	0.89087
V624	0.83387	0.12838	0.00035	0.03739
V625	0.3268	0.34639	0.0672	0.2596
V626	0.96418	0.01174	0.00057	0.02352
V627	0.00222	0.0055	0.02966	0.96262
V628	0.00176	0.10943	0.00496	0.88384
V629	0.147	0.18352	0.1734	0.49607
V630	0.06285	0.30997	0.50127	0.12591
V631	0.01672	0.09522	0.04859	0.83947
V632	0.53847	0	0.07244	0.38909
V633	0.00015	0.01562	0.69547	0.28876
V634	0.53841	0.20374	0.2442	0.01365
V635	0.03745	0.57397	0.00284	0.38573
V636	0.17921	0.07053	0.48219	0.26806
V637	0.28811	0.10423	0.04626	0.56139
V638	0.3746	0.14482	0.03918	0.4414
V639	0.39242	0.36583	0.24175	0
V640	0.06388	0.13161	0.67593	0.12859
V641	0.87988	0.01817	0.01615	0.0858
V642	0.77734	0.10816	0.00014	0.11436
V643	0.00854	0.11779	0.2848	0.58886
V644	0.92713	0.04505	0.00418	0.02364
V645	0.37506	0.3345	0.23975	0.05069
V646	0.02039	0.9557	0.00607	0.01785
V647	0.22671	0.06213	0.57361	0.13755
V648	0.52059	0.31993	0.09654	0.06294
V649	0.04711	0.0458	0.75589	0.15119
V650	0.09554	0.06713	0.66934	0.168
V651	0.45364	0	0.53133	0.01503
V652	0.10131	0.04513	0.2592	0.59436
V653	0.17155	0.52381	0.07448	0.23016
V654	0.74167	0.1257	0.038	0.09463
V655	0.04263	0.36493	0.01075	0.5817
V656	0.18456	0.13652	0.00501	0.67391
V657	0.01743	0.02652	0.00175	0.9543
V658	0.61965	0.12622	0.03641	0.21773
V659	0.37038	0.04548	0.22466	0.35947
V660	0.04925	0.89586	3e-05	0.05486
V661	0.06001	0.23817	0.0286	0.67322
V662	0.50037	0.00384	0.3083	0.1875
V663	0.32329	0.04311	0.40574	0.22786
V664	0.30524	0.04377	0.53755	0.11343
V665	0.7128	0.11454	0.02611	0.14656
V666	0.51906	0	0.05179	0.42916
V667	0.85451	0.04119	0.1043	0
V668	0.19219	0.73723	0.07058	0
V669	0.30549	0.30748	0.17855	0.20849
V670	0.12499	0.82153	1e-05	0.05347
V671	0.4479	0.19727	0.1755	0.17933
V672	0.03244	0.01139	0.86559	0.09059
V673	0.28765	0.25597	0.15307	0.30331
V674	0.71201	0.08326	0.01089	0.19385
V675	0.17342	0.22466	0.21587	0.38605
V676	0.02486	0.04944	0.04676	0.87894
V677	0.44634	0.27169	0.06459	0.21739
V678	0.61997	0.35733	0.00963	0.01307
V679	0.08616	0.30671	0.56706	0.04007
V680	0.41289	0.4363	0.10297	0.04783
V681	0.9084	0.0348	0.00811	0.04869
V682	0.18109	0.26232	0.45716	0.09942
V683	0.02238	0.96401	0.01361	0
V684	0.74822	0.09751	0.05955	0.09472
V685	0.58545	0.23925	0.08492	0.09039
V686	0.08455	0.08931	0.07341	0.75273
V687	0.01765	0.00123	0.00527	0.97585
V688	0.42798	0.34945	0	0.22257
V689	0.19801	0	0.01946	0.78253
V690	0.57028	0.02018	0.28336	0.12618
V691	0.25784	0.00064	0.72434	0.01719
V692	0.12806	0.11274	0.59351	0.16569
V693	0.26107	0.05764	0.2242	0.45709
V694	0.00798	0.00749	0.14198	0.84255
V695	0.2014	0	0.07092	0.72768
V696	0.0589	0.03421	0.00481	0.90208
V697	0.00906	0.01868	0.00189	0.97037
V698	0.7593	0.00031	0.00649	0.2339
V699	0.61728	0.18215	0.04432	0.15624
V700	0.17967	0.00688	0.00151	0.81193
V701	0.13745	0.35602	0.07126	0.43527
V702	0.47485	0.03554	0.00518	0.48444
V703	0.15719	0.02351	0.30044	0.51886
V704	0.79294	0.02075	0.01515	0.17116
V705	0.94526	0	0.00803	0.04671
V706	0.12526	0.02771	0.64364	0.20339
V707	0.06276	0.40314	0.43065	0.10345
V708	0.05922	0.75971	0.01606	0.16502
V709	0.20389	0.21267	0.40848	0.17496
V710	0.61539	0.12539	0.03061	0.22862
V711	0.1405	0.71033	0.07589	0.07328
V712	0.77627	0.02546	0.00291	0.19537
V713	0.44267	0.17296	0.01944	0.36493
V714	0.01079	0.46394	0.01191	0.51336
V715	0.39589	0.24872	0.21735	0.13804
V716	0.02544	0.01277	0.0168	0.94498
V717	0.12628	0.83864	1e-04	0.03498
V718	0.20233	0.43285	0.13137	0.23344
V719	0.07664	0.52326	0.02463	0.37547
V720	0.74235	0	0.13901	0.11865
V721	0.15694	0.10412	0.31533	0.4236
V722	0.08478	0.17652	0.0051	0.7336
V723	0.08404	0.03319	0.0014	0.88137
V724	0.52493	0.0092	0.04382	0.42205
V725	0.00037	0.08451	0.82491	0.09021
V726	0.03831	0.21572	0.06578	0.68019
V727	0.37366	0.54062	0.07116	0.01455
V728	0.04987	0.85046	0.08257	0.0171
V729	0.3646	0.00241	0.0801	0.55289
V730	0.9106	0.01373	0.02698	0.04869
V731	0.03096	0.11877	0.23963	0.61064
V732	0.39167	0.03987	0.21432	0.35415
V733	0.64578	0.10923	0.01993	0.22506
V734	0.3596	0.26012	0.36498	0.0153
V735	0.01801	0.00872	0.27416	0.69911
V736	0.10699	7e-04	0.00161	0.8907
V737	0.39429	0.19093	0.156	0.25878
V738	0.115	0.25723	0.3405	0.28727
V739	0.00018	0.00183	0.38156	0.61643
V740	0.88458	0.04879	0.04302	0.02362
V741	0.46669	0.04856	0.06695	0.4178
V742	0.51736	0.47224	0.0104	0
V743	0.22218	0.11753	0.6017	0.05859
V744	0.58667	0.01757	0.206	0.18977
V745	0.02621	0.58569	0.14011	0.24798
V746	0.98776	0	0.00075	0.01148
V747	0.07785	0	0.50735	0.4148
V748	0.16767	0.06453	0.41895	0.34884
V749	0.24822	0.08557	0.02564	0.64057
V750	0.47185	0.30723	0.0123	0.20863
V751	0.07667	0.76409	0.03036	0.12888
V752	0.49204	0.13651	0.08167	0.28979
V753	0.01029	0.00292	0	0.98679
V754	0.01643	0.83725	0	0.14632
V755	0.17093	0.11747	0.20823	0.50336
V756	0.01732	0.00112	0.01727	0.96428
V757	0.43802	0.45078	0.04691	0.0643
V758	0.07484	0.65865	0.09698	0.16953
V759	0.13146	0.02738	0.22602	0.61514
V760	0.29061	0.02427	0.1505	0.53462
V761	0.10423	0.4869	0.21641	0.19246
V762	0.00142	0.20672	0.00539	0.78646
V763	0.40045	0.21304	0.01474	0.37178
V764	0.016	0.83299	0.00428	0.14673
V765	0.59968	0.0428	0	0.35752
V766	0.02237	0.23345	0.31435	0.42983
V767	0.53029	0.07129	0.1494	0.24902
V768	0.09502	0.83319	0.0179	0.05389
V769	0.21621	0.72571	0.02432	0.03376
V770	0.02039	0.9557	0.00607	0.01785
V771	0.2716	0.00408	0.6869	0.03743
V772	0.22773	0.02773	0.72716	0.01737
V773	0.24081	0.72126	0.00471	0.03322
V774	0.03275	0.00105	0.8762	0.09
V775	0.10497	0.01475	0.14078	0.7395
V776	0.4907	0.28073	0.03432	0.19425
V777	0.15118	0.05278	0.06606	0.72999
V778	0.57547	0.1698	0.04338	0.21134
V779	0.19917	0.01812	0.30907	0.47364
V780	0.17726	0.71232	0.11043	0
V781	0.03376	0.00845	0.00884	0.94894
V782	0.01254	0.10482	0.7097	0.17294
V783	0.74463	0.00692	0.02785	0.2206
V784	0.17195	0.79988	0.01181	0.01636
V785	0.06524	0.86844	0.01163	0.05469
V786	0.76712	0.09873	0.05395	0.0802
V787	0.00312	0.83625	0.14298	0.01765
V788	0.59989	0.20727	0.10253	0.09031
V789	0.06648	0.19288	0.01267	0.72796
V790	0.38622	0.00905	0.03686	0.56786
V791	0.18232	0.27575	0.23486	0.30707
V792	0.14861	0.33709	0.00201	0.51229
V793	0.15646	0.46892	0.02361	0.35102
V794	0.07825	0.05831	0.67424	0.18921
V795	0.08516	0.01535	0.02434	0.87515
V796	0.05148	0.06976	0.81373	0.06504
V797	0.83519	0	0.14058	0.02423
V798	0.70375	0.20324	0.05226	0.04075
V799	0.1897	0.63258	0.02107	0.15666
V800	0.07692	0.00858	0.30888	0.60562
V801	0.14253	0.06006	0.18236	0.61505
V802	0.03483	0.03441	0.13615	0.79462
V803	0.33559	0.45113	0.21328	0
V804	0.61326	0.00405	0.24865	0.13403
V805	0.01916	0.00361	0.97722	0
V806	0.07718	0.82033	0.01075	0.09174
V807	0.21656	0.07108	0.01603	0.69632
V808	0.72496	0.17831	0.02834	0.06839
V809	0.07562	0.03109	0.89329	0
V810	0.02187	0.96006	0.00013	0.01793
V811	0.42083	0.03479	0.11104	0.43335
V812	0.57538	0.15866	0.03129	0.23468
V813	0.6898	0.12998	0.12334	0.05688
V814	0.54752	0.40564	0.03351	0.01333
V815	0.00424	0.91033	0.06772	0.01771
V816	0.96216	0	0.03784	0
V817	0.05298	0.06422	0.84011	0.04268
V818	0.00221	0.0185	0.01304	0.96625
V819	0.84725	0.04523	0.0316	0.07591
V820	0.10335	0.04245	0.00817	0.84603
V821	0.3045	0.24147	0.29046	0.16356
V822	0.12369	0.01075	0.80252	0.06304
V823	0.0433	0.16052	0.56617	0.23001
V824	0.15846	0.36546	0.47608	0
V825	0.25955	0.18466	0.15904	0.39674
V826	0.55032	0.30961	0.11124	0.02884
V827	0.4768	0.45212	0.00915	0.06193
V828	0.20247	0.08138	0.05432	0.66183
V829	0.0347	0.12112	0.01684	0.82734
V830	0.19385	0.11409	0.01185	0.6802
V831	0.75687	0.04672	0.0199	0.17651
V832	0.32356	0.27147	0.11054	0.29443
V833	0.19328	0.36681	0.12573	0.31418
V834	0.24456	0.02996	0.03678	0.6887
V835	0.44171	0.31692	0.08146	0.15991
V836	0.01117	0.46429	0.00233	0.52221
V837	0.26209	0.25226	0.12184	0.36381
V838	0.94916	0.02163	0.01797	0.01125
V839	0.41285	0.49549	0.07739	0.01427
V840	0.39711	0.59723	0.00567	0
V841	0.00018	0.02841	0.81619	0.15521
V842	0.39118	0.09729	0.15746	0.35407
V843	0.02825	0.00975	0.76934	0.19266
V844	0.1195	0.04265	0.21663	0.62122
V845	0.11283	0.08443	0.6362	0.16654
V846	0	0.00325	0.56902	0.42773
V847	0.00267	0	0.00237	0.99497
V848	0.11515	0.3534	0.11423	0.41722
V849	0.00428	0.89708	0.00495	0.09368
V850	0.96833	0	0.0085	0.02317
V851	0.45831	0.42933	0.11236	0
V852	0.08683	0.01931	0.05884	0.83502
V853	0.31774	0.15984	0.28137	0.24104
V854	0.61757	0.09962	0.06296	0.21985
V855	0.00267	0	0.00237	0.99497
V856	0.06125	0.24752	0.24222	0.44901
V857	0.6766	0.10479	0.02011	0.19851
V858	0.69302	0.002	0.29227	0.0127
V859	0.68205	0.1462	0.01153	0.16022
V860	0.15526	0.05229	0.02482	0.76763
V861	0.1543	0.33485	0.47276	0.03809
V862	0.21364	0.06424	0.60303	0.11909
V863	0.15429	0.02333	0	0.82237
V864	0.05003	0.01143	0.02052	0.91802
V865	0.10047	1e-05	0.12845	0.77108
V866	0.813	0.00555	0.15653	0.02492
V867	0.82095	0.00959	0.15789	0.01157
V868	0.58341	0.18103	0.08713	0.14843
V869	0.03638	0.94001	0.00594	0.01767
V870	0.09543	0.17818	0.00879	0.71759
V871	0.00428	0.89708	0.00495	0.09368
V872	0.00789	0.00337	0.11752	0.87122
V873	0.8943	0.01319	0.03154	0.06096
V874	0.28878	0.68657	0.02465	0
V875	0.01693	0.09906	0.10148	0.78253
V876	0.22638	0.25546	0.31364	0.20452
V877	0.06103	0.27639	0.2017	0.46088
V878	0.20506	0.73925	0.05569	0
V879	0.25574	0.54246	0.03255	0.16925
V880	0.35783	0.38054	0.00272	0.25891
V881	0.19111	0.02062	0.41687	0.37141
V882	0.80117	0	0.07422	0.12461
V883	0.41833	0.16664	0.41502	0
V884	0.01691	0.13708	0	0.846
V885	0.79988	0.14257	0.05755	0
V886	0.02458	0.2969	0.36571	0.3128
V887	0.64812	0.03074	0.0929	0.22824
V888	0.15547	0.02665	0.60103	0.21685
V889	0.92602	0.02561	0.01258	0.03579
V890	0.05182	0.10375	0.45819	0.38624
V891	0.71003	0.0249	0.17965	0.08542
V892	0.23659	0.08946	0.00483	0.66912
V893	0.64972	0.13814	0.09688	0.11526
V894	0.11548	0.28288	0.49819	0.10345
V895	0.6196	0.03113	0.11706	0.23221
V896	0.06572	0.87463	0.00512	0.05453
V897	0.72425	0.16537	0.00321	0.10717
V898	0.36697	0	0.0017	0.63133
V899	0.02519	0.09553	0.06812	0.81116
V900	0.10077	0.1974	0.24319	0.45864
V901	0.05492	0.67881	0.00352	0.26275
V902	0.08177	0.85915	0.04218	0.0169
V903	0.01291	0.3977	0.46189	0.1275
V904	0.03682	0.94526	0.00013	0.01778
V905	0.12384	0	0.07954	0.79663
V906	0.36439	0.04048	0.05353	0.5416
V907	0.51265	0.3674	0.01352	0.10643
V908	0.00874	0.0173	0.02961	0.94435
V909	0.18613	0.66007	0	0.1538
V910	0.12962	0	0.0528	0.81757
V911	0.58072	0.26519	0.02295	0.13115
V912	0.43745	0.20796	0.08063	0.27396
V913	0.08272	0	0.00179	0.91549
V914	0.26682	0.41037	0.23034	0.09247
V915	0.16689	0	0.00157	0.83153
V916	0.36316	0.03352	0.49427	0.10906
V917	0.73197	0.01171	0.09864	0.15768
V918	0.07313	0.53405	0.18244	0.21038
V919	0.2277	0.14813	0.18358	0.44059
V920	0.65031	0.12448	0.0589	0.16631
V921	0.02526	0.07642	0.01231	0.88601
V922	0.15969	0.40234	0.32026	0.11771
V923	0.05833	0.00358	0.01635	0.92174
V924	0.06242	0.62756	0.23111	0.07891
V925	0.13598	0.01087	0.00481	0.84834
V926	0.1552	0.00693	0.01196	0.82591
V927	0.01669	0.01283	0.02124	0.94924
V928	0.07516	0.77696	0.0042	0.14368
V929	0.08028	0.48835	0.09417	0.33721
V930	0.55819	0.24624	0.02171	0.17386
V931	0.20413	0.22131	0.39955	0.17501
V932	0.04949	0.07436	0.43136	0.4448
V933	0.68478	0.27955	0.0091	0.02657
V934	0.00789	0.07669	0.14194	0.77348
V935	0.633	0.10223	0.13364	0.13113
V936	0.53018	0.16027	0.0106	0.29895
V937	0.52547	0.06778	0.04711	0.35964
V938	0.39516	0.02049	0.17701	0.40735
V939	0.71568	0.00684	0.04242	0.23505
V940	0.04615	0.73063	0.12647	0.09675
V941	0.00049	0.00262	0.97446	0.02243
V942	0.7934	0.12372	0.04421	0.03866
V943	0.50368	0.08737	0.29295	0.116
V944	0.01697	0.13324	0.03109	0.8187
V945	0.6031	0.23461	0.00739	0.1549
V946	0.55877	0.18542	0.17639	0.07941
V947	0.07227	0.0197	0.11083	0.79719
V948	0.47598	0.01249	0.46123	0.0503
V949	0.00058	0.0524	0.09735	0.84966
V950	0.07934	0.3923	0.14902	0.37933
V951	0.8875	0.00587	0.0955	0.01112
V952	0.0669	0.06458	0.1368	0.73172
V953	0.03204	0.04166	0.83641	0.0899
V954	0.03432	0.08925	0.06767	0.80876
V955	0.1474	0.40419	0.01623	0.43218
V956	0.04045	0.00849	0.30517	0.64589
V957	0.25711	0.00303	0	0.73986
V958	0.01054	0	0	0.98946
V959	0.32034	0.19699	0.31944	0.16323
V960	0.22755	0.14801	0.04302	0.58142
V961	0.18903	0.2934	0.25946	0.25811
V962	0.45931	0.11676	0.27331	0.15062
V963	0.65097	0.10644	0.10024	0.14235
V964	0.86291	0.01253	0.06234	0.06222
V965	0.07501	0.34373	0.12778	0.45347
V966	0.96618	0.00599	0.00444	0.02339
V967	0.06794	0.01855	0.32635	0.58716
V968	0.00043	0.13393	0.69198	0.17366
V969	0.00877	0.14613	0.0171	0.828
V970	0.04055	0.06632	0.2513	0.64184
V971	0.58514	0.04805	0.21486	0.15195
V972	0.49708	0.1106	0.02887	0.36346
V973	0.29818	0.26522	0.04926	0.38734
V974	0.01364	0.68985	0.1059	0.19061
V975	0.17391	0.27722	0.5317	0.01717
V976	0.46223	0.1495	0.06937	0.3189
V977	0.44384	0.29107	0.25072	0.01437
V978	0.05053	0.03817	0.02915	0.88215
V979	0.87057	0.00602	0.1122	0.01121
V980	0.98776	0	0.00075	0.01148
V981	0.38783	0.01337	0.27166	0.32715
V982	0.50956	0.27158	0.05253	0.16633
V983	0.6269	0.02828	0.00238	0.34244
V984	0.03093	0.77783	0.09483	0.09641
V985	0.06089	0.09223	0.00146	0.84542
V986	0.38816	0.36943	0.03597	0.20644
V987	0.33061	0.62099	7e-05	0.04832
V988	0.1623	0.00301	0.00482	0.82987
V989	0.54848	0.34967	0.0572	0.04465
V990	0.00015	0.02987	0.6484	0.32158
V991	0.72214	0.25165	3e-04	0.02591
V992	0.23978	0.00058	0.32698	0.43265
V993	0.10794	0.63958	0.13864	0.11384
V994	0.27169	0.67179	0.02367	0.03285
V995	0.7153	0.05961	0.01975	0.20534
V996	0.2193	0.05634	0.00466	0.71971
V997	0.02586	0.00374	0.68665	0.28376
V998	0.87	0.00416	0.04004	0.0858
V999	0.18488	0.79841	0.00017	0.01654
V1000	0.24142	0.0067	0	0.75188
