CD56NK	CD4MemoryT	CD19B	CD14
V1	0.57191	0.00161	0.14616	0.28033
V2	0.14769	0.04322	0.05567	0.75342
V3	0.08923	0.5724	0.01751	0.32086
V4	0.89004	0.09992	0	0.01004
V5	0.13719	0.45478	0.2467	0.16132
V6	0.11621	0.85086	0.02363	0.0093
V7	0.16716	0.30459	0.07734	0.45091
V8	0.12628	0.02561	0.81666	0.03145
V9	0.2507	0.17956	0.03676	0.53299
V10	0.01865	0.02995	0.89873	0.05267
V11	0.2356	0.34044	0.42397	0
V12	0.04891	0.58219	0.36323	0.00567
V13	0.30809	0.67722	0.00614	0.00855
V14	0.10963	0.87504	0.01533	0
V15	0.15316	0.58132	0.11091	0.1546
V16	0.93481	0.04044	0.00649	0.01826
V17	0.12733	0.84596	0.01698	0.00973
V18	0.62735	0.32105	0.02811	0.02349
V19	0.19859	0.7898	0.00895	0.00266
V20	0.19602	0.41076	0.01974	0.37349
V21	0.12708	0.05026	0.79357	0.02909
V22	0.03199	0.04653	0.18905	0.73243
V23	0.39975	0.04281	0.55531	0.00213
V24	0.93988	0.04008	0.02004	0
V25	0.37706	0.19733	0.11365	0.31196
V26	0.43547	0.351	0.01269	0.20084
V27	0.0994	0.01996	0.04162	0.83901
V28	0.01718	0.06459	0.90803	0.01019
V29	0.46658	0.02644	0.48436	0.02262
V30	0.11255	0.16424	0.26775	0.45546
V31	0.21947	0.15293	0.28713	0.34047
V32	0.0818	0.00334	0.05273	0.86214
V33	0.06699	0.48465	0.3565	0.09186
V34	0.12519	0.03693	0.80804	0.02984
V35	0.20193	0.70972	0.07225	0.0161
V36	0.01223	0.01531	0.45842	0.51404
V37	0.57101	0.0476	0.07777	0.30362
V38	0.42547	0	0.15236	0.42217
V39	0.20169	0.54791	0.11864	0.13176
V40	0.13901	0.78844	0.07255	0
V41	0.04262	0.63356	0.04716	0.27665
V42	0.221	0.00618	0.1894	0.58342
V43	0.15122	0.3192	0.50809	0.02148
V44	0.01481	0.05543	0.75223	0.17753
V45	0.12881	0.5826	0.21151	0.07708
V46	0.84041	0.06474	0.09485	0
V47	0.4991	0.16684	0.29734	0.03671
V48	0.84091	0.15056	0	0.00852
V49	0.7725	0.16146	0	0.06604
V50	0.10326	0.81942	0.07732	0
V51	0.35335	0.38788	0.24179	0.01697
V52	0.02617	0.09548	0.84749	0.03087
V53	0.76729	0.11021	0.1225	0
V54	0.46917	0.1711	0.34823	0.01151
V55	0.22287	0.08879	0.22817	0.46017
V56	0.05275	0	0.09089	0.85636
V57	0.13688	0.83687	0.02366	0.00259
V58	0.65284	7e-05	0.03106	0.31604
V59	0.48877	0.3894	0.0887	0.03314
V60	0.14119	0.11012	0.31917	0.42952
V61	0.84643	0.08631	0	0.06726
V62	0.91413	0.03526	0.04631	0.0043
V63	0.05212	0.82443	0.11357	0.00988
V64	0.04946	0.81837	0.00968	0.12248
V65	0.03147	0	0.1044	0.86413
V66	0.25778	0.67376	0.01737	0.05109
V67	0.17451	0.30853	0.51155	0.00542
V68	0.16289	0.09064	0.03163	0.71483
V69	0.03389	0.28544	0.63755	0.04313
V70	0.5977	0.12641	0.15949	0.1164
V71	0.16632	0.04291	0.36707	0.4237
V72	0.62762	0.1289	0.07564	0.16785
V73	0.19097	0.60608	0.12808	0.07486
V74	0.06797	0.20906	0.7227	0.00027
V75	0.74936	0.0065	0.16348	0.08066
V76	0.01896	0.11155	0.17359	0.6959
V77	0.06215	0.21747	0.02286	0.69753
V78	0.32294	0.07952	0.17204	0.4255
V79	0.00726	0.07911	0.82402	0.08961
V80	0.36781	0.01671	0.53375	0.08174
V81	0.05858	0.14687	0.78897	0.00558
V82	0.00792	0.07216	0.90836	0.01155
V83	0.14195	0.1197	0.07259	0.66576
V84	0.40639	0.02409	0.14704	0.42248
V85	0.12848	0.28501	0.40729	0.17922
V86	0.04181	0.04729	0.87041	0.0405
V87	0.07231	0.82113	0.05286	0.0537
V88	0.16406	0.02978	0.25409	0.55206
V89	0.03198	0	0.18949	0.77853
V90	0.06607	0.87464	0.05605	0.00323
V91	0.06654	0.73734	0.178	0.01812
V92	0.48462	0.01758	0.36547	0.13232
V93	0.89827	0.01884	0	0.08289
V94	0.04537	0.38028	0.02997	0.54437
V95	0.29977	0.41125	0.14455	0.14443
V96	0.08209	0.0518	0.04373	0.82238
V97	0.73451	0.09088	0.17461	0
V98	0.72722	0.27057	0	0.00221
V99	0.83721	0.04469	0.1181	0
V100	0.07546	0.03563	0.86531	0.0236
V101	0.04509	0.01442	0.04821	0.89227
V102	0.9441	0.05062	0	0.00528
V103	0.03113	0.01513	0.09854	0.8552
V104	0.07285	0.90912	0.01803	0
V105	0.09878	0.87997	0.02125	0
V106	0.14783	0.50872	0.315	0.02846
V107	0.20382	0.17734	0.57674	0.0421
V108	0.18955	0.72509	0.08536	0
V109	0.02035	0.12423	0.60385	0.25157
V110	0.09496	0.85655	0.03901	0.00948
V111	0.9345	0.01487	0.05025	0.00038
V112	0.12983	0.03525	0.42428	0.41064
V113	0.19313	0.06554	0.1662	0.57513
V114	0.24331	0.01626	0.07783	0.66259
V115	0.03859	0.74648	0.21493	0
V116	0.16565	0.28498	0.37125	0.17812
V117	0.73158	0.22534	0.01963	0.02345
V118	0.20061	0.54935	0.0326	0.21743
V119	0.1168	0.03616	0.05846	0.78859
V120	0.07654	0.06501	0.8439	0.01454
V121	0.64591	0.10217	0.07471	0.17721
V122	0.96912	0.02028	0.00422	0.00638
V123	0.03767	0.4568	0.04902	0.45651
V124	0.70184	0.25828	0	0.03988
V125	0.43789	0.39884	0.15503	0.00823
V126	0.05582	0.09006	0.06023	0.79389
V127	0.16318	0.02156	0.24288	0.57238
V128	0.04191	0	0.11366	0.84443
V129	0.63853	0.20794	0.13762	0.01592
V130	0.03258	0.65049	0.31693	0
V131	0.0688	0.85881	0.00878	0.06361
V132	0.95621	0.0176	0.01413	0.01206
V133	0.93749	0.02358	0.0338	0.00514
V134	0.13599	0.3466	0.12281	0.39461
V135	0.08056	0	0.17081	0.74862
V136	0.27527	0.355	0.01177	0.35796
V137	0.69809	0.03385	0.2148	0.05326
V138	0.24969	0.37459	0.16894	0.20679
V139	0.39122	0.17278	0.18242	0.25358
V140	0.04705	0.04498	0.06759	0.84038
V141	0.06905	0.12324	0.55428	0.25343
V142	0.80967	0.01975	0.17058	0
V143	0.47655	0.22511	0.05713	0.24121
V144	0.17501	0.10999	0.15893	0.55606
V145	0.03102	0.75437	0.21461	0
V146	0.06702	0.00063	0.05538	0.87696
V147	0.94026	0.02722	0.00647	0.02605
V148	0.13156	0.05424	0.58837	0.22583
V149	0.29872	0.50214	0.19914	0
V150	0.0964	0.21786	0.61076	0.07499
V151	0.24831	0.60536	0.0305	0.11583
V152	0.27419	0.42963	0.20872	0.08747
V153	0.14528	0.73097	0.02002	0.10373
V154	0.28034	0.44652	0.25607	0.01707
V155	0.52505	0.12275	0.26546	0.08674
V156	0.03625	0.11434	0.71597	0.13344
V157	0.33549	0.12848	0.30216	0.23387
V158	0.04303	0.00153	0.05956	0.89588
V159	0.90811	0.05906	0	0.03282
V160	0.7173	0.00335	0.04887	0.23048
V161	0.2013	0	0.0438	0.7549
V162	0.08583	0.23995	0.08166	0.59256
V163	0.12795	0.46678	0.16214	0.24312
V164	0.3831	0.27454	0.0947	0.24766
V165	0.03915	0.1984	0.02357	0.73889
V166	0.03239	0.05199	0.08256	0.83306
V167	0.33471	0	0.0183	0.64699
V168	0.33145	0.55865	0.06801	0.04189
V169	0.18818	0.02277	0.0473	0.74176
V170	0.10238	0.01157	0.51766	0.36839
V171	0.14404	0.22081	0.60211	0.03304
V172	0.75264	0.01491	0.23245	0
V173	0.04779	0.0909	0.05568	0.80564
V174	0.03908	0.10753	0.08288	0.77051
V175	0.05768	0.01955	0.79144	0.13133
V176	0.04205	0.80012	0.15782	0
V177	0.05603	0.92358	0.01379	0.00659
V178	0.04533	0.72963	0.01461	0.21043
V179	0.15718	0.00044	0.36799	0.47439
V180	0.07133	0.85282	0.07585	0
V181	0.17267	0.10897	0.55151	0.16685
V182	0.33159	0.163	0.4562	0.04922
V183	0.21947	0.77043	0.01011	0
V184	0.96402	0.02917	0.0068	0
V185	0.61176	0.38247	0.00577	0
V186	0.1485	0.46931	0.25727	0.12492
V187	0.96195	0.02113	0.01649	0.00044
V188	0.07919	0.17203	0.0203	0.72847
V189	0.83985	0.02131	0.00706	0.13179
V190	0.69699	0.02111	0.2819	0
V191	0.20446	0.18871	0.57448	0.03235
V192	0.34607	0.43947	0.04247	0.17198
V193	0.64438	0.0291	0.21163	0.11489
V194	0.07818	0.89576	0.01473	0.01132
V195	0.01572	0.04967	0.92257	0.01204
V196	0.0375	0.03918	0.04455	0.87877
V197	0.41232	0.02692	0.02659	0.53417
V198	0.08856	0.49924	0.36356	0.04863
V199	0.1628	0.00444	0.16519	0.66758
V200	0.16297	0.52777	0.02068	0.28858
V201	0.12937	0.54263	0.18166	0.14634
V202	0.01347	0.02297	0.77677	0.18678
V203	0.19272	0.41778	0.37816	0.01134
V204	0.03943	0.47647	0.01684	0.46725
V205	0.02035	0.06156	0.9009	0.01719
V206	0.04907	0.09392	0.84913	0.00789
V207	0.14413	0.13615	0.0566	0.66311
V208	0.26026	0.06509	0.66512	0.00954
V209	0.34685	0.44291	0.05888	0.15137
V210	0.12274	0.75928	0.08359	0.03439
V211	0.41581	0.00105	0.0345	0.54864
V212	0.54314	0.04098	0.40225	0.01363
V213	0.67111	0.02164	0.09044	0.21681
V214	0.35547	0.12758	0.15216	0.36479
V215	0.29257	0.06022	0.02502	0.62219
V216	0.05524	0	0.05515	0.88961
V217	0.07135	0.46927	0.2274	0.23199
V218	0.12703	0.41579	0.16161	0.29558
V219	0.14331	0.60284	0.01484	0.23901
V220	0.0473	0.79527	0.01395	0.14348
V221	0.823	0.00873	0	0.16827
V222	0.34623	0.11162	0.3568	0.18536
V223	0.00944	0.12224	0.78961	0.07871
V224	0.95751	0.02559	0.0169	0
V225	0.09536	0.84989	0.05475	0
V226	0.32312	0.07903	0.58961	0.00823
V227	0.82217	0.01341	0.15979	0.00462
V228	0.82022	0.05654	0.04558	0.07765
V229	0.01974	0.03983	0.91474	0.02569
V230	0.04064	0.01017	0.0545	0.89469
V231	0.03742	0.21648	0.109	0.6371
V232	0.08012	0.60853	0.00852	0.30283
V233	0.61343	0.07275	0.17581	0.13802
V234	0.07664	0.88597	0.03394	0.00345
V235	0.39918	0.05861	0.51965	0.02256
V236	0.04082	0.06314	0.8174	0.07864
V237	0.15244	0	0.04943	0.79813
V238	0.1624	0.55028	0.25079	0.03652
V239	0.09161	0.34108	0.0274	0.53991
V240	0.52393	0.0377	0.40026	0.03811
V241	0.01831	0.02749	0.88294	0.07126
V242	0.16654	0.74891	0.08302	0.00153
V243	0.24647	0.04106	0.63831	0.07416
V244	0.20275	0.01623	0.69461	0.08641
V245	0.65619	0.26894	0.03438	0.04049
V246	0.05605	0.13968	0.78447	0.0198
V247	0.16906	0.04382	0.78355	0.00357
V248	0.04101	0.0113	0.06854	0.87916
V249	0.00242	0.04714	0.87942	0.07103
V250	0.80017	0.01436	0.18547	0
V251	0.95324	0.04664	0	0.00012
V252	0.04815	0.81003	0.14182	0
V253	0.37602	0.04662	0.14865	0.42871
V254	0.05098	0.89744	0.05158	0
V255	0.08817	0.87527	0.00921	0.02736
V256	0.19432	0.19519	0.52697	0.08352
V257	0.45468	0.07931	0.21708	0.24892
V258	0.19973	0.24365	0.42675	0.12987
V259	0.04271	0.27728	0.64612	0.03389
V260	0.00834	0.27622	0.71052	0.00492
V261	0.65618	0.02674	0.17152	0.14557
V262	0.10029	0.02492	0.03975	0.83504
V263	0.06178	0.91253	0.01276	0.01292
V264	0.16164	0.02227	0.42073	0.39536
V265	0.04048	0	0.13565	0.82387
V266	0.6726	0.32363	0.00377	0
V267	0.01522	0.12638	0.27283	0.58556
V268	0.38548	0.00824	0.12908	0.4772
V269	0.02992	0.54903	0.38142	0.03963
V270	0.68661	0.02407	0.21685	0.07248
V271	0.84028	0.05613	0.01764	0.08596
V272	0.09413	0.7965	0.01609	0.09328
V273	0.06426	0.00453	0.05972	0.87149
V274	0.73843	0.0053	0.156	0.10027
V275	0.0098	0.05407	0.92237	0.01376
V276	0.55075	0.30361	0.00337	0.14228
V277	0.05169	0.14968	0.15287	0.64576
V278	0.04339	0.02605	0.27435	0.6562
V279	0.73391	0.04754	0.08809	0.13045
V280	0.04303	0.00153	0.05956	0.89588
V281	0.56672	0.01948	0.12079	0.29301
V282	0.05127	0.06443	0.8262	0.0581
V283	0.24945	0.55761	0.05315	0.13979
V284	0.06682	0.87672	0.05646	0
V285	0.07712	0.04489	0.87157	0.00642
V286	0.28606	0.53368	0.09652	0.08374
V287	0.13715	0.83665	0.01668	0.00952
V288	0.02868	0.23974	0.42929	0.30228
V289	0.3123	0.20219	0.41586	0.06965
V290	0.83961	0.15267	0.00772	0
V291	0.52221	0.06653	0.40516	0.0061
V292	0.94213	0.01549	0	0.04237
V293	0.30178	0.02449	0.63948	0.03425
V294	0.11118	0.30578	0.01155	0.57149
V295	0.03251	0.12022	0.18221	0.66505
V296	0.18415	0.10649	0.62405	0.08531
V297	0.07594	0	0.08254	0.84152
V298	0.31424	0.09672	0.58118	0.00787
V299	0.08805	0.20971	0.02658	0.67566
V300	0.01844	0.00774	0.21774	0.75608
V301	0.12115	0.09656	0.66138	0.1209
V302	0.68915	0.30892	0	0.00193
V303	0.02381	0.5889	0.36484	0.02244
V304	0.04936	0.02644	0.74744	0.17676
V305	0.12802	0.13057	0.46134	0.28007
V306	0.85559	0.08098	0.03143	0.032
V307	0.06012	0.91288	0.02247	0.00454
V308	0.25105	0.19808	0.28856	0.26232
V309	0.35954	0.26934	0.02261	0.34851
V310	0.09688	0.26167	0.14449	0.49695
V311	0.55615	0.44174	0.00212	0
V312	0.13147	0.73048	0.1287	0.00936
V313	0.02941	0.06716	0.04764	0.85579
V314	0.04309	0.42638	0.10814	0.42239
V315	0.15509	0.59341	0.034	0.2175
V316	0.3317	0.11335	0.38046	0.17449
V317	0.12329	0.67368	0.04245	0.16057
V318	0.06566	0.49959	0.01996	0.41479
V319	0.05209	0.06254	0.85435	0.03102
V320	0.07813	0.12291	0.66605	0.13291
V321	0.66344	0.33242	0.00414	0
V322	0.21359	0.27081	0.06713	0.44847
V323	0.0597	0	0.09612	0.84418
V324	0.71394	0.22957	0.04875	0.00774
V325	0.34207	0.6127	0.04523	0
V326	0.02989	0.51542	0.09035	0.36433
V327	0.03726	0.09051	0.10622	0.76601
V328	0.04018	0.02526	0.74669	0.18787
V329	0.17125	0.0729	0.15741	0.59844
V330	0.39383	0.00477	0.31729	0.28411
V331	0.3407	0.05468	0.0416	0.56301
V332	0.02607	0.01855	0.17457	0.78081
V333	0.44897	0.06349	0.37572	0.11182
V334	0.35574	0.00418	0.34149	0.29859
V335	0.03742	0.30994	0.52225	0.13038
V336	0.21208	0.67705	0.01776	0.0931
V337	0.3172	0.38991	0.27547	0.01742
V338	0.04766	0.93175	0.02033	0.00026
V339	0.12048	0.03294	0.83697	0.00962
V340	0.06359	0.19737	0.53539	0.20365
V341	0.03935	0.01015	0.08026	0.87024
V342	0.24215	0.00987	0.60851	0.13946
V343	0.96925	0.02989	0	0.00086
V344	0.71243	0.13702	0.15056	0
V345	0.02347	0.05914	0.90876	0.00863
V346	0.23554	0.08251	0.27064	0.41131
V347	0.0499	0	0.12605	0.82405
V348	0.0883	0.63693	0.13127	0.1435
V349	0.37334	0.14634	0.37764	0.10267
V350	0.06487	0.77746	0.15767	0
V351	0.02203	0.01154	0.37288	0.59354
V352	0.03912	0.03028	0.85129	0.07931
V353	0.90772	0.02445	0.01829	0.04954
V354	0.07633	0.68762	0.20865	0.02739
V355	0.28166	0.06197	0.45781	0.19856
V356	0.04395	0.00062	0.10545	0.84998
V357	0.13217	0.29405	0.27175	0.30202
V358	0.5582	0.07744	0.03881	0.32555
V359	0.57683	0.03635	0.02563	0.36119
V360	0.58889	0.39846	0.0113	0.00136
V361	0.01565	0.4413	0.54053	0.00252
V362	0.0467	0.92672	0.02657	0
V363	0.17235	0.09268	0.4698	0.26517
V364	0.15044	0.057	0.69454	0.09802
V365	0.24715	0.00522	0.02879	0.71883
V366	0.11216	0.65994	0.07585	0.15205
V367	0.58655	0.11017	0	0.30329
V368	0.12312	0.71646	0.07551	0.0849
V369	0.03003	0.38982	0.57832	0.00183
V370	0.32259	0.26058	0.39714	0.01969
V371	0.2245	0.69935	0.02476	0.05139
V372	0.15529	0.02211	0.11364	0.70896
V373	0.08093	0.10678	0.47075	0.34154
V374	0.796	0.02452	0.17949	0
V375	0.04927	0.0112	0.13927	0.80027
V376	0.04448	0.00577	0.10425	0.84551
V377	0.7943	0.00268	0.00284	0.20018
V378	0.01504	0.01182	0.38209	0.59105
V379	0.34168	0.1494	0.0141	0.49482
V380	0.14447	0.04047	0.18471	0.63035
V381	0.7596	0.01223	0.07024	0.15793
V382	0.07937	0.0469	0.86401	0.00971
V383	0.85327	0.01055	0.0318	0.10437
V384	0.57979	0.05822	0.11307	0.24892
V385	0.88719	0.01909	0.05213	0.04159
V386	0.28616	0	0.13145	0.5824
V387	0.632	0.12867	0.16621	0.07311
V388	0.41217	0.30293	0.13106	0.15384
V389	0.45321	0.49132	0.00578	0.04969
V390	0.31678	0.24201	0.44122	0
V391	0.41263	0.07136	0.01888	0.49713
V392	0.45725	0.19333	0.14913	0.20029
V393	0.3028	0.20616	0.34019	0.15084
V394	0.10296	0.16859	0.108	0.62044
V395	0.24882	0.36598	0.18959	0.1956
V396	0.05167	0.91897	0.01699	0.01237
V397	0.82312	0.0751	0.07707	0.0247
V398	0.46149	0.1053	0.08248	0.35073
V399	0.22522	0.53999	0.13748	0.09732
V400	0.0312	0.53146	0.06468	0.37266
V401	0.03635	0.13939	0.74615	0.07812
V402	0.81517	0.15925	0.02558	0
V403	0.0395	0.004	0.0873	0.86919
V404	0.09331	0.17484	0.63334	0.09851
V405	0.20935	0.01087	0.15338	0.62639
V406	0.6835	0.22161	0.00701	0.08788
V407	0.04766	0.93175	0.02033	0.00026
V408	0.10157	0.20931	0.39634	0.29279
V409	0.03786	0.00708	0.06044	0.89463
V410	0.12577	0.83513	0.02998	0.00913
V411	0.41651	0	0.00858	0.57491
V412	0.15427	0.05806	0.49889	0.28878
V413	0.08207	0.44977	0.1732	0.29497
V414	0.05794	0.49211	0.3234	0.12656
V415	0.45016	0.02161	0.21192	0.31631
V416	0.01958	0.09267	0.88154	0.00621
V417	0.4144	0.58113	0.00448	0
V418	0.07623	0.05968	0.13531	0.72878
V419	0.04163	0.00042	0.06548	0.89247
V420	0.04107	0.8555	0.02052	0.08291
V421	0.14878	0.03887	0.69227	0.12008
V422	0.05919	0.03006	0.04252	0.86822
V423	0.07546	0.03563	0.86531	0.0236
V424	0.00304	0.03776	0.60733	0.35186
V425	0.0634	0.21414	0.61281	0.10965
V426	0.0805	0.04772	0.80437	0.06741
V427	0.08888	0.35254	0.18455	0.37403
V428	0.12347	0.75286	0.05033	0.07334
V429	0.0398	0	0.06974	0.89046
V430	0.79083	0.14455	0.00633	0.05829
V431	0.17133	0.01709	0.44163	0.36994
V432	0.10839	0.05027	0.05887	0.78247
V433	0.09269	0.68912	0.00736	0.21083
V434	0.32787	0.04624	0.04964	0.57625
V435	0.50622	0.00423	0.10629	0.38327
V436	0.36667	0.00111	0.10448	0.52775
V437	0.23725	0.17485	0.01253	0.57537
V438	0.63962	0.13242	0.02198	0.20598
V439	0.05019	0.05758	0.03976	0.85247
V440	0.4719	0.02048	0.03082	0.4768
V441	0.0685	0.1081	0.60697	0.21643
V442	0.349	0.31184	0.1248	0.21436
V443	0.76569	0.00723	0.07003	0.15705
V444	0.02347	0.05914	0.90876	0.00863
V445	0.64324	0.02467	0.31182	0.02027
V446	0.07273	0.81099	0.05261	0.06367
V447	0.67066	0.08307	0.15322	0.09305
V448	0.03349	0.03056	0.18167	0.75428
V449	0.58942	0.03894	0.27525	0.09638
V450	0.18143	0.79632	0.02224	0
V451	0.93797	0.05017	0	0.01185
V452	0.04642	0	0.08682	0.86675
V453	0.84823	0.06548	0.04547	0.04082
V454	0.04078	0.90311	0.05158	0.00452
V455	0.63211	0.03389	0.27947	0.05453
V456	0.34402	0.10358	0.37853	0.17386
V457	0.0368	0.01455	0.05431	0.89433
V458	0.27298	0.17628	0.0106	0.54014
V459	0.05164	0.77628	0.08709	0.08499
V460	0.9594	0.01961	0.01507	0.00591
V461	0.06889	0.01273	0.04347	0.87491
V462	0.35735	0.1996	0.00232	0.44073
V463	0.28786	0.459	0.14456	0.10859
V464	0.50606	0.07392	0.00353	0.41648
V465	0.43754	0.39811	0.01809	0.14625
V466	0.60638	0.15696	0	0.23666
V467	0.35209	0.55658	0.06697	0.02436
V468	0.54156	0.38004	0.03702	0.04138
V469	0.02998	0.12699	0.27422	0.5688
V470	0.5828	0.10688	0.15997	0.15034
V471	0.26116	0.0685	0.03849	0.63185
V472	0.34102	0.28567	0.00028	0.37303
V473	0.12418	0.54175	0.32265	0.01141
V474	0.1086	0	0.1039	0.78749
V475	0.20733	0.35501	0.07401	0.36365
V476	0.1518	0	0.06563	0.78257
V477	0.62392	0.03406	0.18362	0.1584
V478	0.1633	0.54369	0.0087	0.28431
V479	0.01538	0.07866	0.81708	0.08888
V480	0.09706	0.24573	0.04972	0.60749
V481	0.13958	0.0348	0.81101	0.01461
V482	0.74284	0.14398	0.0885	0.02467
V483	0.12921	0.06648	0.07557	0.72874
V484	0.04141	0.03647	0.0532	0.86893
V485	0.15642	0.70584	0.0128	0.12494
V486	0.2886	0.22664	0.1175	0.36726
V487	0.07596	0.01692	0.09198	0.81514
V488	0.00462	0.02609	0.85631	0.11298
V489	0.21667	0.09949	0.67432	0.00952
V490	0.36721	0.27846	0.05971	0.29462
V491	0.48164	0.4446	0.02367	0.05009
V492	0.06269	0.81529	0.12203	0
V493	0.04936	0.0057	0.05562	0.88932
V494	0.20191	0.13969	0.52738	0.13102
V495	0.25904	0.60815	0.12398	0.00883
V496	0.30905	0.65719	0.00046	0.0333
V497	0.01753	0.04544	0.92383	0.01319
V498	0.30906	0.07092	0.04986	0.57015
V499	0.65464	0.24479	0.10058	0
V500	0.09846	0.11478	0.74981	0.03694
V501	0.03581	0.00184	0.07385	0.8885
V502	0.59426	0.25932	0.13038	0.01604
V503	0.19344	0.06681	0.18594	0.55381
V504	0.26883	0.66957	0.0105	0.05111
V505	0.21005	0.18034	0.24402	0.36559
V506	0.10101	0.22703	0.45557	0.21639
V507	0.64592	0.08598	0.10107	0.16702
V508	0.7961	0.14709	0.0252	0.03162
V509	0.22775	0.05374	0.50697	0.21154
V510	0.25325	0.50788	0.23888	0
V511	0.07075	0.35693	0.04849	0.52383
V512	0.23287	0.02228	0.07844	0.66641
V513	0.10822	0.63545	0.20046	0.05587
V514	0.04092	0.03548	0.04373	0.87986
V515	0.79739	0.05482	0.03178	0.11601
V516	0.91693	0.08307	0	0
V517	0.04561	0.00551	0.23363	0.71526
V518	0.95605	0.04315	0	8e-04
V519	0.0653	0.82962	0.01253	0.09254
V520	0.02414	0.00622	0.59795	0.3717
V521	0.5932	0.04677	0.33973	0.0203
V522	0.01208	0.10212	0.57397	0.31183
V523	0.37075	0.10506	0.24469	0.27949
V524	0.0391	0.76298	0.17932	0.0186
V525	0.26064	0.15799	0.02933	0.55204
V526	0.66843	0.06627	0.05856	0.20674
V527	0.19602	0.01501	0.38354	0.40543
V528	0.13727	0.82188	0.00582	0.03502
V529	0.06224	0.03117	0.20755	0.69905
V530	0.01175	0.18415	0.69451	0.10959
V531	0.06025	0.83207	0.10769	0
V532	0.18655	0.27202	0.03086	0.51057
V533	0.30948	0.32362	0.12707	0.23983
V534	0.00681	0.01814	0.69648	0.27857
V535	0.52735	0	0.01251	0.46014
V536	0.1785	0	0.35252	0.46898
V537	0.63181	0.23902	0.12793	0.00123
V538	0.45076	0.03705	0.07539	0.4368
V539	0.29977	0.41125	0.14455	0.14443
V540	0.23466	0.67732	0.06323	0.0248
V541	0.04589	0.45098	0.06451	0.43863
V542	0.1984	0.09843	0.24029	0.46288
V543	0.89392	0.01136	0.00153	0.09319
V544	0.10463	0.05314	0.15936	0.68287
V545	0.36725	0.11032	0.06232	0.46011
V546	0.08437	0.85236	0.06327	0
V547	0.06202	0.63449	0.2988	0.00469
V548	0.18777	0.73831	0.07391	0
V549	0.32742	0.04167	0.6215	0.0094
V550	0.57275	0.01829	0	0.40896
V551	0.21308	0.71202	0.03245	0.04245
V552	0.03144	0.46351	0.01848	0.48657
V553	0.23439	0.14221	0.60739	0.01602
V554	0.06383	0.04672	0.04733	0.84212
V555	0.10165	0.1909	0.32585	0.3816
V556	0.0051	0.04713	0.91319	0.03458
V557	0.83093	0.02637	0.00122	0.14148
V558	0.10356	0.75274	0.02863	0.11507
V559	0.04558	0.77684	0.17758	0
V560	0.70906	0.29094	0	0
V561	0.0098	0.05407	0.92237	0.01376
V562	0.80911	0.01008	0.0928	0.08801
V563	0.24256	0.02882	0.72249	0.00613
V564	0.05553	0.0831	0.84677	0.0146
V565	0.1385	0.23456	0.37315	0.25379
V566	0.71292	0.08005	0	0.20703
V567	0.24281	0.40444	0.02524	0.32751
V568	0.22212	0	0.05926	0.71862
V569	0.67335	0.02141	0	0.30525
V570	0.03326	0.27335	0.6294	0.06399
V571	0.84161	0.10954	0	0.04885
V572	0.45866	0.01319	0.42736	0.10079
V573	0.07543	0.11749	0.02767	0.77941
V574	0.06779	0.77037	0.15894	0.0029
V575	0.03639	0.04388	0.12332	0.7964
V576	0.18867	0.77487	0.03476	0.00171
V577	0.04803	0.01775	0.19698	0.73725
V578	0.053	0.05898	0.68624	0.20178
V579	0.04557	0.85674	0.08757	0.01012
V580	0.13796	0	0.10931	0.75272
V581	0.07554	0.04516	0.03476	0.84453
V582	0.60119	0.12247	0.02307	0.25327
V583	0.00944	0.03617	0.57739	0.377
V584	0.55745	0.14525	0.27037	0.02693
V585	0.01525	0.00143	0.42175	0.56157
V586	0.22978	0.01979	0.65425	0.09618
V587	0.26423	0.02719	0.68165	0.02693
V588	0.6309	0.03028	0.01773	0.3211
V589	0.0919	0.79522	0.05986	0.05301
V590	0.07825	0.74607	0.17567	0
V591	0.02057	0.01315	0.19172	0.77457
V592	0.15967	0.0576	0.77963	0.0031
V593	0.59347	0	0.16208	0.24445
V594	0.36672	0.27828	0.31833	0.03667
V595	0.04624	0.00873	0.05388	0.89115
V596	0.05161	0.22966	0.21664	0.50209
V597	0.02394	0.56634	0.32902	0.0807
V598	0.01977	0.11758	0.84812	0.01454
V599	0.66642	0.29783	0.02065	0.01511
V600	0.39231	0.45097	0.04112	0.1156
V601	0.17312	0.22462	0.07838	0.52389
V602	0.04867	0.0099	0.04868	0.89275
V603	0.0372	0.29988	0.02816	0.63476
V604	0.54951	0.11121	0.32011	0.01917
V605	0.0839	0.30299	0.39809	0.21502
V606	0.75963	0.13328	0.00069	0.10641
V607	0.66267	0.00868	0.09026	0.23838
V608	0.23086	0.14101	0.37669	0.25145
V609	0.04175	0.185	0.22407	0.54918
V610	0.79303	0.02104	0.06894	0.117
V611	0.26386	0	0.05637	0.67977
V612	0.02392	0.08904	0.8191	0.06794
V613	0.04528	0.3199	0.60135	0.03347
V614	0.78737	0.05434	0.03214	0.12615
V615	0.12878	0.02533	0.03275	0.81315
V616	0.11286	0.67233	0.04295	0.17185
V617	0.49725	0.15836	0.34439	0
V618	0.71422	0.00521	0	0.28057
V619	0.38878	0.02473	0.29919	0.28729
V620	0.03258	0.65049	0.31693	0
V621	0.44864	0.13135	0.15887	0.26115
V622	0.38307	0.21599	0.38166	0.01928
V623	0.03547	0.03785	0.13861	0.78807
V624	0.81482	0.17627	0	0.00891
V625	0.29892	0.47286	0.08706	0.14116
V626	0.95981	0.03365	0	0.00653
V627	0.02744	0.00796	0.09111	0.87349
V628	0.03026	0.16094	0.03726	0.77154
V629	0.1424	0.25866	0.27094	0.328
V630	0.0459	0.31771	0.59417	0.04222
V631	0.03778	0.13544	0.1036	0.72317
V632	0.58493	0	0.11763	0.29744
V633	0	0.04151	0.82593	0.13256
V634	0.4296	0.25538	0.31502	0
V635	0.06351	0.71254	0.01271	0.21125
V636	0.1213	0.09529	0.65094	0.13247
V637	0.31655	0.15819	0.07947	0.44579
V638	0.39959	0.22341	0.05905	0.31795
V639	0.29569	0.41689	0.28742	0
V640	0.03647	0.14271	0.77364	0.04718
V641	0.90846	0.03844	0.01208	0.04102
V642	0.78993	0.15303	0	0.05704
V643	0.01663	0.14984	0.44534	0.38819
V644	0.92537	0.07032	0	0.00431
V645	0.28983	0.40319	0.29722	0.00976
V646	0.05569	0.92497	0.01934	0
V647	0.14218	0.08509	0.71713	0.0556
V648	0.44998	0.41751	0.11679	0.01572
V649	0.02324	0.06743	0.85058	0.05875
V650	0.05233	0.08783	0.79231	0.06754
V651	0.31154	0.02752	0.65639	0.00455
V652	0.08932	0.06788	0.42857	0.41423
V653	0.15544	0.64475	0.09188	0.10793
V654	0.74012	0.17833	0.04049	0.04106
V655	0.06649	0.51424	0.02634	0.39293
V656	0.21748	0.21612	0.01783	0.54856
V657	0.04351	0.03891	0.04385	0.87373
V658	0.6397	0.18423	0.04333	0.13274
V659	0.33837	0.07576	0.35343	0.23244
V660	0.07095	0.90481	0.01156	0.01268
V661	0.08069	0.36051	0.05558	0.50321
V662	0.42342	0.01979	0.45501	0.10179
V663	0.24261	0.06858	0.57107	0.11774
V664	0.20021	0.06893	0.68647	0.04439
V665	0.73003	0.16466	0.02626	0.07905
V666	0.57748	0	0.08456	0.33796
V667	0.79098	0.07105	0.13796	0
V668	0.1574	0.76253	0.08007	0
V669	0.2598	0.39676	0.24262	0.10082
V670	0.11953	0.86058	0.00867	0.01122
V671	0.39667	0.27019	0.2457	0.08745
V672	0.01869	0.04403	0.90358	0.0337
V673	0.26113	0.34492	0.22112	0.17283
V674	0.75131	0.12505	0.00642	0.11722
V675	0.15705	0.30253	0.31467	0.22575
V676	0.04496	0.06637	0.10631	0.78236
V677	0.4211	0.37805	0.08307	0.11778
V678	0.54806	0.44435	0.00759	0
V679	0.05475	0.3016	0.63486	0.00879
V680	0.33973	0.53147	0.12101	0.00779
V681	0.92101	0.06018	0.00112	0.01769
V682	0.12376	0.28764	0.55683	0.03177
V683	0.06033	0.90982	0.02984	0
V684	0.74497	0.14235	0.071	0.04168
V685	0.53836	0.32339	0.10512	0.03314
V686	0.09982	0.13244	0.14248	0.62526
V687	0.04811	0.00441	0.05415	0.89333
V688	0.40354	0.47555	0	0.12091
V689	0.2284	0	0.0532	0.7184
V690	0.49225	0.04313	0.40673	0.05788
V691	0.15297	0.0308	0.80801	0.00822
V692	0.07725	0.12947	0.72669	0.0666
V693	0.23644	0.08871	0.36063	0.31422
V694	0.02193	0.00723	0.27124	0.6996
V695	0.22529	0	0.14243	0.63229
V696	0.08228	0.04641	0.04011	0.8312
V697	0.03954	0.02726	0.04696	0.88623
V698	0.82916	0.00923	0.00166	0.15995
V699	0.608	0.25953	0.05182	0.08064
V700	0.21586	0.00614	0.02576	0.75223
V701	0.1412	0.49239	0.10238	0.26403
V702	0.53998	0.05839	0.00775	0.39387
V703	0.12869	0.03935	0.48271	0.34925
V704	0.84324	0.04104	0.01187	0.10385
V705	0.96396	0.01228	0.00391	0.01984
V706	0.07099	0.05294	0.78741	0.08866
V707	0.0515	0.41882	0.4984	0.03128
V708	0.07399	0.83923	0.02445	0.06233
V709	0.14763	0.24987	0.52994	0.07255
V710	0.63808	0.18309	0.03565	0.14318
V711	0.1229	0.77687	0.08344	0.01679
V712	0.83065	0.04809	0	0.12126
V713	0.46017	0.26371	0.02603	0.25009
V714	0.0428	0.61116	0.02732	0.31872
V715	0.33306	0.31987	0.29001	0.05705
V716	0.04802	0.016	0.06501	0.87097
V717	0.11948	0.86613	0.0099	0.00449
V718	0.17685	0.54394	0.16892	0.11029
V719	0.09182	0.66615	0.03693	0.2051
V720	0.72764	0.00806	0.20187	0.06243
V721	0.12972	0.14115	0.47525	0.25388
V722	0.10998	0.27429	0.02216	0.59357
V723	0.11082	0.04606	0.03279	0.81033
V724	0.58064	0.01753	0.06959	0.33223
V725	0.00348	0.0976	0.86655	0.03237
V726	0.05776	0.3228	0.11701	0.50244
V727	0.29745	0.62407	0.07848	0
V728	0.06462	0.84739	0.08799	0
V729	0.39724	0.00279	0.14649	0.45348
V730	0.92336	0.03388	0.02488	0.01787
V731	0.03555	0.1577	0.39083	0.41592
V732	0.36274	0.06696	0.33946	0.23084
V733	0.67805	0.16073	0.02059	0.14063
V734	0.25742	0.29631	0.44626	0
V735	0.0196	0.01515	0.46066	0.50458
V736	0.13659	0	0.03761	0.82581
V737	0.36095	0.26532	0.22708	0.14666
V738	0.09236	0.31062	0.45463	0.14238
V739	0.00307	0.01218	0.5817	0.40305
V740	0.873	0.07741	0.04652	0.00308
V741	0.49713	0.08082	0.10832	0.31373
V742	0.43084	0.55553	0.01363	0
V743	0.13493	0.13464	0.7124	0.01803
V744	0.54268	0.03883	0.31031	0.10819
V745	0.04712	0.66953	0.1733	0.11006
V746	0.97368	0.02358	0	0.00273
V747	0.04777	0.01135	0.70754	0.23334
V748	0.12306	0.09079	0.59495	0.1912
V749	0.28359	0.13274	0.0505	0.53317
V750	0.44744	0.42877	0.01118	0.11261
V751	0.08346	0.83602	0.03724	0.04327
V752	0.49347	0.20203	0.11842	0.18608
V753	0.04694	0.00954	0.05228	0.89123
V754	0.05135	0.88319	0.01044	0.05502
V755	0.15837	0.16286	0.33531	0.34347
V756	0.04298	0.00128	0.07051	0.88523
V757	0.37367	0.56059	0.05013	0.0156
V758	0.08	0.7429	0.112	0.06509
V759	0.11959	0.04243	0.39045	0.44752
V760	0.29298	0.04109	0.26327	0.40266
V761	0.09533	0.56127	0.26515	0.07825
V762	0.02984	0.3103	0.02856	0.6313
V763	0.41207	0.31702	0.0201	0.25081
V764	0.05039	0.88117	0.01439	0.05404
V765	0.67063	0.07107	0	0.25829
V766	0.03016	0.28746	0.44372	0.23865
V767	0.51102	0.10893	0.22553	0.15451
V768	0.09608	0.86852	0.0253	0.0101
V769	0.17767	0.7923	0.02812	0.0019
V770	0.05569	0.92497	0.01934	0
V771	0.1634	0.03228	0.79091	0.01341
V772	0.13209	0.05761	0.80344	0.00686
V773	0.19859	0.7898	0.00895	0.00266
V774	0.02006	0.03276	0.91267	0.03451
V775	0.10858	0.02098	0.26357	0.60687
V776	0.46558	0.39166	0.03919	0.10357
V777	0.17122	0.08028	0.12993	0.61856
V778	0.57295	0.24949	0.05317	0.12439
V779	0.16263	0.03287	0.49385	0.31065
V780	0.14617	0.73407	0.11975	0
V781	0.05782	0.01068	0.05512	0.87638
V782	0.00914	0.1148	0.80796	0.0681
V783	0.80369	0.01934	0.03239	0.14458
V784	0.14813	0.83293	0.01894	0
V785	0.07682	0.89147	0.02082	0.01089
V786	0.76329	0.14153	0.06261	0.03256
V787	0.03593	0.81427	0.1498	0
V788	0.55198	0.28199	0.13242	0.03361
V789	0.08903	0.29773	0.03517	0.57806
V790	0.44033	0.01412	0.06898	0.47656
V791	0.1586	0.35281	0.32458	0.16401
V792	0.16124	0.48547	0.00946	0.34383
V793	0.15602	0.61561	0.03429	0.19408
V794	0.04231	0.07838	0.80078	0.07853
V795	0.10646	0.01618	0.06826	0.8091
V796	0.0255	0.09023	0.86156	0.02271
V797	0.78641	0.01357	0.19496	0.00507
V798	0.66136	0.27344	0.05733	0.00787
V799	0.16858	0.74254	0.02634	0.06254
V800	0.06306	0.01725	0.50345	0.41624
V801	0.13955	0.09075	0.31638	0.45332
V802	0.04508	0.04821	0.2567	0.65001
V803	0.25296	0.49991	0.24713	0
V804	0.54524	0.02043	0.36786	0.06648
V805	0.02593	0.05468	0.90991	0.00947
V806	0.08671	0.86828	0.01926	0.02575
V807	0.25561	0.11104	0.03767	0.59568
V808	0.70269	0.24748	0.02674	0.02309
V809	0.04593	0.06662	0.88162	0.00583
V810	0.05819	0.9262	0.01495	0.00066
V811	0.43434	0.05912	0.18569	0.32085
V812	0.58186	0.23553	0.03766	0.14496
V813	0.64002	0.17779	0.166	0.01619
V814	0.46622	0.49922	0.03457	0
V815	0.04083	0.88417	0.07501	0
V816	0.93064	0.02187	0.04749	0
V817	0.02833	0.0834	0.87312	0.01516
V818	0.02954	0.02656	0.06334	0.88056
V819	0.86296	0.07332	0.03171	0.03202
V820	0.12833	0.05944	0.03797	0.77426
V821	0.24101	0.30202	0.38743	0.06953
V822	0.06561	0.04213	0.86874	0.02352
V823	0.02957	0.17356	0.69772	0.09915
V824	0.10393	0.36982	0.52624	0
V825	0.24403	0.26361	0.24458	0.24778
V826	0.47035	0.3949	0.13382	0.00093
V827	0.4145	0.56186	0.00787	0.01577
V828	0.22374	0.12634	0.10211	0.54782
V829	0.0585	0.18112	0.04789	0.71249
V830	0.22691	0.17677	0.03089	0.56543
V831	0.79876	0.07687	0.01819	0.10618
V832	0.29951	0.3753	0.15538	0.16981
V833	0.17639	0.48299	0.17038	0.17023
V834	0.28344	0.04619	0.0741	0.59627
V835	0.39584	0.42927	0.1019	0.07299
V836	0.04339	0.61635	0.01456	0.3257
V837	0.24867	0.35209	0.17977	0.21947
V838	0.94013	0.04438	0.01549	0
V839	0.33314	0.58152	0.08533	0
V840	0.32545	0.66196	0.01259	0
V841	0.00348	0.05457	0.88064	0.06132
V842	0.37619	0.14672	0.24648	0.2306
V843	0.01466	0.03737	0.86773	0.08024
V844	0.11182	0.06636	0.36986	0.45196
V845	0.06395	0.10339	0.76544	0.06722
V846	0.00038	0.02309	0.74536	0.23118
V847	0.04195	0.00549	0.06246	0.8901
V848	0.11688	0.47766	0.16229	0.24318
V849	0.0428	0.91118	0.0174	0.02862
V850	0.97363	0.01481	0.00458	0.00698
V851	0.36739	0.5035	0.12911	0
V852	0.10367	0.02375	0.12518	0.74741
V853	0.26256	0.20993	0.39943	0.12808
V854	0.63057	0.14937	0.08461	0.13545
V855	0.04195	0.00549	0.06246	0.8901
V856	0.06435	0.32107	0.35123	0.26334
V857	0.70874	0.1521	0.02005	0.11911
V858	0.57286	0.02487	0.40195	0.00033
V859	0.69348	0.21184	0.00679	0.08789
V860	0.18447	0.0751	0.05703	0.6834
V861	0.10286	0.34526	0.54519	0.00669
V862	0.12989	0.08638	0.73747	0.04626
V863	0.19035	0.0324	0.02183	0.75541
V864	0.07019	0.01218	0.06795	0.84969
V865	0.10607	0	0.24879	0.64514
V866	0.75613	0.02423	0.21476	0.00488
V867	0.75231	0.03199	0.21569	0
V868	0.55384	0.2583	0.11564	0.07223
V869	0.06389	0.9175	0.01861	0
V870	0.11976	0.27766	0.02707	0.57551
V871	0.0428	0.91118	0.0174	0.02862
V872	0.02378	2e-04	0.23549	0.74052
V873	0.91082	0.03273	0.03121	0.02525
V874	0.23182	0.73617	0.03201	0
V875	0.03172	0.14084	0.19263	0.63481
V876	0.17793	0.31373	0.41541	0.09294
V877	0.06655	0.36401	0.29434	0.2751
V878	0.16967	0.76809	0.06224	0
V879	0.22593	0.66238	0.03898	0.07271
V880	0.33802	0.51574	0.002	0.14425
V881	0.13977	0.04073	0.60675	0.21275
V882	0.82405	0.00641	0.10024	0.06929
V883	0.29522	0.19798	0.5068	0
V884	0.0459	0.20853	0.0226	0.72297
V885	0.73464	0.19654	0.06882	0
V886	0.0297	0.34115	0.47514	0.15401
V887	0.66356	0.05541	0.13536	0.14566
V888	0.09306	0.04998	0.75751	0.09946
V889	0.93454	0.04794	0.00675	0.01077
V890	0.03834	0.12753	0.63033	0.2038
V891	0.65679	0.04994	0.25725	0.03602
V892	0.28019	0.1379	0.01663	0.56528
V893	0.62284	0.19582	0.12929	0.05204
V894	0.07741	0.29754	0.59236	0.03268
V895	0.62	0.05638	0.17516	0.14846
V896	0.07818	0.89576	0.01473	0.01132
V897	0.72292	0.22863	0	0.04845
V898	0.43472	0	0.01204	0.55324
V899	0.04407	0.13778	0.1358	0.68236
V900	0.09383	0.26523	0.36291	0.27802
V901	0.07433	0.78998	0.01262	0.12308
V902	0.08614	0.86541	0.04846	0
V903	0.02183	0.40604	0.5305	0.04163
V904	0.06594	0.91931	0.01428	0.00047
V905	0.1348	0	0.16346	0.70174
V906	0.40159	0.06787	0.09483	0.43572
V907	0.46608	0.48188	0.01135	0.04068
V908	0.03213	0.0218	0.0848	0.86127
V909	0.16856	0.76463	0.00429	0.06252
V910	0.14538	0	0.11576	0.73887
V911	0.55332	0.3648	0.02219	0.0597
V912	0.4233	0.30011	0.11175	0.16484
V913	0.11052	0	0.04201	0.84747
V914	0.20797	0.48404	0.28081	0.02718
V915	0.20095	0	0.03026	0.76879
V916	0.24843	0.06	0.64781	0.04376
V917	0.74005	0.03018	0.13905	0.09072
V918	0.07505	0.61278	0.22285	0.08932
V919	0.21298	0.20751	0.28989	0.28962
V920	0.65432	0.17887	0.07542	0.0914
V921	0.04901	0.10719	0.0476	0.7962
V922	0.12112	0.45517	0.38472	0.03899
V923	0.07921	0.00249	0.06271	0.85558
V924	0.06368	0.65677	0.25975	0.0198
V925	0.16722	0.01122	0.03434	0.78721
V926	0.18503	0.0041	0.04399	0.76688
V927	0.04017	0.0162	0.07263	0.871
V928	0.08581	0.84827	0.01253	0.05339
V929	0.08874	0.61167	0.12248	0.17711
V930	0.54421	0.34268	0.02212	0.09098
V931	0.14908	0.26012	0.51858	0.07223
V932	0.03745	0.09704	0.61371	0.2518
V933	0.62972	0.36435	0.00448	0.00145
V934	0.02285	0.10571	0.2604	0.61104
V935	0.59876	0.14859	0.18935	0.0633
V936	0.55077	0.2409	0.01059	0.19773
V937	0.56091	0.10808	0.07063	0.26038
V938	0.38006	0.03963	0.2916	0.28871
V939	0.76931	0.01926	0.05447	0.15696
V940	0.05876	0.77366	0.14092	0.02665
V941	0.01191	0.05115	0.92139	0.01555
V942	0.77302	0.17189	0.04689	0.0082
V943	0.41619	0.12256	0.41311	0.04813
V944	0.04069	0.2014	0.06947	0.68843
V945	0.59198	0.32668	0.00213	0.07921
V946	0.4902	0.24799	0.23568	0.02613
V947	0.08073	0.02425	0.2163	0.67872
V948	0.34149	0.0387	0.6034	0.01642
V949	0.01814	0.07046	0.19166	0.71974
V950	0.08242	0.50653	0.20508	0.20597
V951	0.85005	0.02434	0.12562	0
V952	0.07463	0.09153	0.25155	0.58229
V953	0.01849	0.06449	0.88464	0.03238
V954	0.0521	0.1289	0.13445	0.68455
V955	0.15267	0.5534	0.02766	0.26628
V956	0.03517	0.01661	0.4978	0.45042
V957	0.30907	0.00198	0.01584	0.6731
V958	0.04936	0.0057	0.05562	0.88932
V959	0.24962	0.24727	0.43269	0.07041
V960	0.24724	0.22905	0.07492	0.44879
V961	0.15688	0.36784	0.34725	0.12804
V962	0.38435	0.15982	0.38723	0.0686
V963	0.6345	0.15539	0.13786	0.07225
V964	0.86603	0.03312	0.07566	0.02519
V965	0.08275	0.46427	0.18415	0.26883
V966	0.96721	0.02655	0	0.00625
V967	0.05422	0.03131	0.52006	0.39442
V968	0.00301	0.14296	0.78594	0.06808
V969	0.03304	0.21969	0.04869	0.69858
V970	0.04115	0.09177	0.41689	0.45019
V971	0.52774	0.07979	0.31595	0.07653
V972	0.53079	0.17013	0.03849	0.2606
V973	0.29789	0.38434	0.07028	0.2475
V974	0.04107	0.75964	0.12397	0.07532
V975	0.1107	0.28091	0.60786	0.00053
V976	0.46922	0.22086	0.10084	0.20909
V977	0.34328	0.34557	0.31115	0
V978	0.0701	0.0505	0.07522	0.80417
V979	0.82353	0.02483	0.15164	0
V980	0.97368	0.02358	0	0.00273
V981	0.3391	0.02922	0.42561	0.20607
V982	0.47871	0.37513	0.06345	0.08271
V983	0.70316	0.0486	0	0.24824
V984	0.0522	0.81715	0.10454	0.02611
V985	0.08524	0.13513	0.02617	0.75346
V986	0.35652	0.49727	0.04234	0.10387
V987	0.27516	0.71257	0.00242	0.00986
V988	0.19546	0	0.0333	0.77124
V989	0.47957	0.44964	0.06326	0.00753
V990	0	0.05246	0.79369	0.15385
V991	0.67115	0.32687	0	0.00198
V992	0.19423	0.00744	0.51685	0.28149
V993	0.09799	0.70718	0.15893	0.0359
V994	0.22171	0.74961	0.02697	0.00171
V995	0.7615	0.09221	0.01904	0.12724
V996	0.26264	0.08407	0.01968	0.63362
V997	0.01302	0.02672	0.82836	0.1319
V998	0.89513	0.0187	0.0446	0.04157
V999	0.16028	0.83056	0.00916	0
V1000	0.28966	0.00704	0.0165	0.6868
