Neutrophils	Monocytes_CD14.CD16.	Macrophage	T_cells_.CD4..	NK_cells
V1	0.38956	0.12255	0.22657	0.12448	0.13684
V2	0.12197	0.71306	0.04604	0.00117	0.11776
V3	0.09323	0.0104	0.4047	0.38826	0.10342
V4	0.01332	0.07353	0.24247	0.17387	0.49682
V5	0.0103	0.07065	0.05078	0.25861	0.60966
V6	0.39248	0.01959	0.2454	0.21555	0.12698
V7	0.01784	0.0792	0.42116	0.14152	0.34028
V8	0.03072	0.03399	0.79752	0.05262	0.08516
V9	0.07503	0	0.22865	0.58056	0.11575
V10	0.52021	0.01746	0.41385	0	0.04849
V11	0.03926	0.08852	0.09691	0.20701	0.5683
V12	0.10497	0.03294	0.20568	0.35786	0.29855
V13	0.16186	0.05816	0.01459	0.46664	0.29875
V14	0.18493	0	0.04132	0.61554	0.15821
V15	0.02973	0	0	0.81104	0.15923
V16	0.61462	0.03765	0	0.27257	0.07516
V17	0.09702	0.30181	0	0.1472	0.45397
V18	0.13913	0.37822	0.23207	0.15684	0.09374
V19	0.02508	0.07163	0	0.27656	0.62673
V20	0.01925	0.0105	0.67137	0.2007	0.09818
V21	0.04699	0.28884	0.1211	0.21214	0.33094
V22	0.85001	0.05454	0.04611	0	0.04933
V23	0.09234	0.07677	0.00399	0.27449	0.55241
V24	0.53081	0.13297	0	0.07868	0.25754
V25	0.03126	0.05181	0	0.5113	0.40562
V26	0.54641	0.19681	0.04117	0.04103	0.17458
V27	0.18446	0.47576	0.1697	0	0.17008
V28	0.05159	0.05738	0.17723	0.57959	0.1342
V29	0.014	0	0.29869	0.56211	0.1252
V30	0.78643	0.08908	0.00814	0.01206	0.10428
V31	0.47985	0.12635	0	0.22469	0.1691
V32	0.93021	0	0	0	0.06979
V33	0.03933	0.2554	0	0.22074	0.48453
V34	0.18323	0.73764	0.00291	0	0.07623
V35	0.15336	0.54137	0.2328	0	0.07248
V36	0.04785	0.22201	0.16323	0.16863	0.39828
V37	0.79567	0	0	0.03174	0.17259
V38	0.15903	0.03657	0.44463	0.20105	0.15873
V39	0.39279	0.05113	0.31164	0.03421	0.21023
V40	0.29328	0.54919	0.00521	0.0491	0.10323
V41	0.11491	0.75762	0.00918	0	0.11829
V42	0.89893	0.01837	0.00347	0	0.07923
V43	0.53734	0.10361	0.30704	0	0.052
V44	0.07254	0.27568	0.52089	0	0.13089
V45	0.09887	0.61169	0.08465	0.08584	0.11895
V46	0.1804	0.67469	0.05858	0	0.08633
V47	0.01718	0.03527	0.85839	0	0.08916
V48	0.21141	0.12217	0.19552	0.31383	0.15707
V49	0.52317	0.12014	0.19466	0.09611	0.06591
V50	0.04208	0.04777	0.8327	0	0.07746
V51	0.14981	0.28639	0.18577	0.09573	0.28229
V52	0.11911	0.7907	0.00709	0	0.0831
V53	0.05373	0.12951	0	0.67886	0.13791
V54	0.24286	0	0	0.55001	0.20713
V55	0.0741	0	0	0.78229	0.14361
V56	0.07388	0	0	0.73162	0.1945
V57	0.20329	0.1304	0.52046	0.01481	0.13104
V58	0.08841	0.0316	0.12886	0.31484	0.43629
V59	0.88689	1e-05	0.06779	0	0.04531
V60	0.48938	0.18443	0.10093	0.10171	0.12356
V61	0.23646	0.03727	0.00592	0.31982	0.40054
V62	0.07984	0.06106	0.29475	0.21205	0.3523
V63	0.46881	0.25321	0.04349	0.03925	0.19524
V64	0.94331	0	0.00625	0	0.05044
V65	0.11424	0.06586	0.0154	0.60798	0.19653
V66	0.03744	0	0.10293	0.72023	0.13939
V67	0.01437	0.0613	0.34129	0.18813	0.3949
V68	0.52314	0.00524	0.35735	0.01993	0.09434
V69	0.64978	0.09917	0.17086	0	0.08019
V70	0.12555	0.64033	0.03391	0.09179	0.10842
V71	0.16371	0.70018	0.03687	0	0.09924
V72	0.07851	0.43891	0.01259	0.09234	0.37765
V73	0.07831	0	0.08126	0.6001	0.24033
V74	0.02878	0.03118	0	0.75434	0.1857
V75	0.52664	0.15305	0.26958	0	0.05073
V76	0.01313	0	0	0.80355	0.18332
V77	0.0404	0.02837	0.82557	0.02164	0.08402
V78	0.0182	0.0433	0.84835	0	0.09015
V79	0.12793	0.40941	0.02554	0.16205	0.27506
V80	0.19337	0.6654	0	0.00606	0.13517
V81	0.02862	0.03381	0.85527	0	0.0823
V82	0.2828	0.12832	0.00525	0.47493	0.1087
V83	0.12686	0.0725	0	0.55936	0.24128
V84	0.12529	0.2163	0	0.1696	0.48881
V85	0.01744	0.03557	0.85918	0	0.08781
V86	0.05968	0.22586	0.27526	0.33201	0.1072
V87	0.50099	0	0.01152	0.39356	0.09393
V88	0.36931	0.16238	0.03129	0.21386	0.22316
V89	0.07423	0.10314	0.73274	0.01082	0.07907
V90	0.03629	0.23629	0.04574	0.21351	0.46817
V91	0.01446	0	0.05131	0.78636	0.14787
V92	0.29393	0.08046	0.00842	0.16667	0.45052
V93	0.02733	0.08264	0.14378	0.52519	0.22106
V94	0.06114	0.20538	0.00412	0.3288	0.40056
V95	0.0945	0.2767	0.00565	0.19742	0.42573
V96	0.84256	0	0.00585	0.02863	0.12296
V97	0.20068	0.07274	0.02694	0.2374	0.46224
V98	0.09846	0.37463	0.16633	0.13202	0.22856
V99	0.56382	0.10199	0	0.20088	0.13331
V100	0.59967	0.15314	0.03119	0.05374	0.16226
V101	0.12743	0.7793	0.01279	0	0.08047
V102	0.37475	0.23224	0.11526	0.1031	0.17465
V103	0.15325	0.04451	0	0.21852	0.58372
V104	0.09148	0.43615	0.07534	0.07328	0.32375
V105	0.01161	0.07988	0.03069	0.26758	0.61023
V106	0.11375	0.6649	0.13317	0	0.08818
V107	0.08801	0.20125	0.61652	0.01162	0.0826
V108	0.04705	0.16361	0.7178	0	0.07154
V109	0.09262	0.23296	0.03937	0.32534	0.30971
V110	0.2411	0.44989	0.16375	0.05593	0.08933
V111	0.33817	0.19214	0.42246	0	0.04723
V112	0.21414	0	0.08162	0.48952	0.21471
V113	0.29091	0.02603	0.08979	0.23977	0.35349
V114	0.62864	0.06	0.0269	0.15929	0.12516
V115	0.88852	0	0	0.00895	0.10254
V116	0.01057	0.07167	0	0.25829	0.65948
V117	0.07717	0.02775	0.74242	0.06106	0.09161
V118	0.04145	0	0	0.79931	0.15924
V119	0.38084	0.00593	0.34789	0.19561	0.06973
V120	0.02955	0.021	0.75244	0.09378	0.10324
V121	0.25981	0.63579	0	0	0.1044
V122	0.07597	0.3833	0.07166	0.2388	0.23026
V123	0.55351	0.03247	0.05258	0.19631	0.16514
V124	0.2635	0.12518	0.04196	0.27616	0.2932
V125	0.08836	0.39308	0.44802	0	0.07054
V126	0.20586	0.19684	0.20176	0.14646	0.24908
V127	0.32662	0.00365	0.58381	0.02116	0.06477
V128	0.26669	0.65519	0.00473	0	0.07339
V129	0.32045	0.04223	0.24433	0.19374	0.19925
V130	0.07946	0.4836	0.02889	0.20982	0.19823
V131	0.02747	0	0.201	0.64437	0.12716
V132	0.40233	0	0	0.36746	0.2302
V133	0.02165	0.0786	0.53462	0.12597	0.23915
V134	0.10191	0.04099	0.72149	0.01764	0.11797
V135	0.05145	0.11075	0.67716	0.02271	0.13794
V136	0.9466	0	0	0	0.0534
V137	0.91548	0.0042	0	0.01374	0.06658
V138	0.30649	0.15855	0.06131	0.18643	0.28722
V139	0.14169	0	0.12193	0.61653	0.11985
V140	0.03535	0.05659	0.15884	0.19993	0.54929
V141	0.0536	0.20181	0.59446	0.0621	0.08804
V142	0.26256	0.01187	0.31221	0.17353	0.23983
V143	0.05158	0.19408	0.45201	0.13835	0.16398
V144	0.56424	0.19012	0.04765	0.0911	0.10689
V145	0.01857	0.04227	0.83975	0.00425	0.09515
V146	0.0718	0.33894	0	0.32861	0.26064
V147	0.13278	0.06771	0.62623	0.08097	0.09231
V148	0.22229	0.68386	0.00521	0	0.08863
V149	0.01057	0	0	0.80873	0.1807
V150	0.19164	0.17963	0.53181	0	0.09692
V151	0.47419	0	0	0.38104	0.14477
V152	0.0225	0	0.08465	0.71718	0.17567
V153	0.2244	0.1772	0.42164	0.03848	0.13829
V154	0.18425	0.56974	0.01403	0.0245	0.20748
V155	0.04903	0	0.10186	0.71163	0.13748
V156	0.13337	0.04855	0.38076	0.19287	0.24446
V157	0.12226	0.06413	0.15411	0.34488	0.31462
V158	0.2467	0.0181	0.42587	0.08469	0.22464
V159	0.15475	0.18609	0	0.52488	0.13429
V160	0.52549	0.15661	0.07486	0.05669	0.18635
V161	0.26614	0.06562	0.04656	0.15682	0.46486
V162	0.01881	0.04332	0.85368	0	0.08419
V163	0.06252	0.06632	0	0.25894	0.61221
V164	0.92409	0.02551	0.00113	0	0.04927
V165	0.65918	0.17962	0.06327	0.01765	0.08028
V166	0.07233	0	0.21072	0.55923	0.15772
V167	0.09686	0.60712	0.00833	0.10529	0.18241
V168	0.01881	0.04332	0.85368	0	0.08419
V169	0.12074	0.61562	0.14333	0.02011	0.1002
V170	0.30818	0.35257	0.03695	0.15985	0.14245
V171	0.36666	0.06933	0.32301	0.14681	0.0942
V172	0.23681	0.25493	0.05748	0.10339	0.34738
V173	0.26032	0.09354	0.06723	0.39495	0.18397
V174	0.26156	0.003	0.32921	0.219	0.18723
V175	0.10883	0.1751	0.10698	0.25833	0.35076
V176	0.3946	0	0	0.50697	0.09843
V177	0.24174	0.02655	0.51556	0.1401	0.07606
V178	0.33679	0.03809	0.41693	0.09888	0.1093
V179	0.11648	0.06759	0	0.22152	0.59441
V180	0.03897	0.0663	0.35242	0.13123	0.41108
V181	0.10013	0.31183	0	0.16623	0.4218
V182	0.61157	0.18255	0	0.11824	0.08763
V183	0.13685	0.77596	0.00523	0	0.08197
V184	0.3693	0	0.25909	0.2821	0.08952
V185	0.16135	0.46834	0.00893	0.14327	0.21811
V186	0.17889	0.19811	0.00838	0.307	0.30762
V187	0.14472	0.60784	0	0.13961	0.10784
V188	0.86792	0.00421	0.01447	0.05729	0.05612
V189	0.51105	0.19844	0.01509	0.19533	0.0801
V190	0.48577	0.07183	0.19634	0.04486	0.2012
V191	0.2662	0.18809	0	0.38608	0.15964
V192	0.38211	0.17338	0.1034	0.19559	0.14552
V193	0.11352	0.20544	0.48684	0.03824	0.15596
V194	0.32326	0.0751	0.07004	0.19213	0.33948
V195	0.61845	0.13566	0.20197	0	0.04391
V196	0.00897	0.06073	0.05203	0.26297	0.6153
V197	0.13733	0.76571	0.0034	0	0.09356
V198	0.28649	0.22611	0.01607	0.22936	0.24197
V199	0.79113	0	0.17765	0	0.03121
V200	0.81533	0	0.00747	0.03609	0.1411
V201	0.04637	0	0	0.71384	0.23979
V202	0.91795	0.0271	0	0	0.05496
V203	0.59336	0.22574	0.0093	0.04087	0.13073
V204	0.41104	0.10724	0.01586	0.10498	0.36089
V205	0.14759	0.07736	0.10765	0.21424	0.45317
V206	0.06837	0.05889	0	0.71491	0.15782
V207	0.02973	0	0	0.81104	0.15923
V208	0.21279	0.20399	0.43715	0.02693	0.11914
V209	0.20035	0.06755	0.08643	0.1824	0.46327
V210	0.01718	0.03519	0.85612	0	0.09151
V211	0.20042	0.06254	0.19741	0.14687	0.39275
V212	0.12894	0.68375	0.06888	0	0.11843
V213	0.12803	0.0223	0.04629	0.38294	0.42044
V214	0.07874	0.48451	0.35148	0	0.08528
V215	0.31278	0.22656	0.11892	0.10863	0.2331
V216	0.08109	0.07782	0.32763	0.14459	0.36887
V217	0.01111	0	0	0.79205	0.19684
V218	0.11377	0.17609	0.25807	0.30944	0.14262
V219	0.18204	0.2397	0.34603	0.14678	0.08544
V220	0.25638	0.62776	0.04801	0	0.06785
V221	0.07228	0.0938	0.48689	0.07186	0.27517
V222	0.02303	0.07098	0	0.25874	0.64726
V223	0.57956	0	0.27078	0.087	0.06267
V224	0.0966	0.5424	0.01401	0.09676	0.25023
V225	0.73843	0.12249	0.09994	0	0.03914
V226	0.50816	0.43463	0	0	0.05722
V227	0.13474	0.22066	0	0.50909	0.1355
V228	0.64075	0.011	0.23294	0.04475	0.07057
V229	0.33475	0.34796	0.23181	0	0.08548
V230	0.02198	0.06166	0	0.26337	0.65298
V231	0.12631	0.55845	0.04734	0.12651	0.14139
V232	0.82034	0	0.14558	0	0.03407
V233	0.07883	0.0713	0.14155	0.24124	0.46707
V234	0.06267	0.34068	0.18981	0.29015	0.11669
V235	0.93897	0	0	0.00705	0.05399
V236	0.11603	0.01583	0.58822	0.17167	0.10825
V237	0.16636	0.08003	0.2395	0.32162	0.19249
V238	0.01329	0.03878	0	0.44199	0.50594
V239	0.11581	0.40451	0.03429	0.19417	0.25123
V240	0.13466	0.74465	0.00778	0	0.11291
V241	0.11882	0.79043	0.00655	0	0.08419
V242	0.07876	0.29469	0.26696	0.23244	0.12715
V243	0.54464	0.00637	0.29281	0.02892	0.12726
V244	0.07752	0.40658	0.17745	0.10049	0.23796
V245	0.11693	0.77082	0.02677	0	0.08549
V246	0.6593	0.22889	0.01082	0	0.10099
V247	0.24467	0.09182	0.55699	0.0241	0.08242
V248	0.16173	0.58371	0.01529	0.01584	0.22343
V249	0.31189	0.08217	0.18745	0.15333	0.26517
V250	0.04368	0.05835	0.62035	0.06851	0.20911
V251	0.25801	0.00015	0.06455	0.54346	0.13382
V252	0.0547	0.12415	0.51396	0.14917	0.15802
V253	0.36179	0.49074	0.06711	0	0.08035
V254	0.56998	0.31691	0	0.03616	0.07696
V255	0.84158	0.04961	0	0.01375	0.09506
V256	0.10804	0.70328	0.01399	0	0.17468
V257	0.50718	0.26298	0.11909	0.00727	0.10348
V258	0.21459	0.28051	0.02717	0.37109	0.10664
V259	0.58075	0.22135	0.14514	0	0.05277
V260	0.32131	0.05774	0.08975	0.1806	0.35061
V261	0.04322	0.02766	0.47634	0.2887	0.16408
V262	0.91731	0.00119	0.0323	0	0.0492
V263	0.82021	0.04786	0	0.07509	0.05684
V264	0.13695	0.76113	0.01062	0	0.0913
V265	0.842	0.05559	0.05371	0	0.0487
V266	0.02196	0.05952	0.07947	0.24263	0.59643
V267	0.06309	0.04631	0	0.34113	0.54947
V268	0.26187	0.38156	0.11789	0.12982	0.10887
V269	0.13938	0.29303	0.31979	0.14547	0.10233
V270	0.05946	0	0.00189	0.79305	0.1456
V271	0.28979	0.61915	0.00144	0	0.08962
V272	0.17243	0.70928	0.0207	0	0.09759
V273	0.34166	0.0078	0.15074	0.32853	0.17127
V274	0.1218	0.07803	0.01873	0.33487	0.44657
V275	0.11078	0.62404	0.13531	0.02815	0.10171
V276	0.03146	0.0186	0.64039	0.20453	0.10502
V277	0.41686	0	0.52137	0	0.06177
V278	0.02149	0.03741	0.31286	0.44824	0.17999
V279	0.16114	0	0	0.68577	0.15308
V280	0.23152	0.001	0.01166	0.58937	0.16644
V281	0.05939	0.1909	0.02138	0.59538	0.13295
V282	0.12774	0.78343	0.00583	0	0.083
V283	0.43204	0.02644	0.09648	0.11767	0.32736
V284	0.0552	0.15146	0.51043	0.04321	0.23971
V285	0.55703	0.3765	0	0	0.06647
V286	0.11186	0.03808	0.75653	0.01468	0.07884
V287	0.29696	0.06295	0.14412	0.30165	0.19432
V288	0.25163	0.02355	0.58016	0.00919	0.13546
V289	0.20357	0.18741	0	0.49318	0.11584
V290	0.47814	0.36812	0.10923	0	0.0445
V291	0.45788	0.15835	0	0.29464	0.08913
V292	0.15955	0.0575	0.39325	0.10432	0.28538
V293	0.02988	0.11582	0.73629	0.0255	0.0925
V294	0.00972	0.07557	0	0.25602	0.6587
V295	0.03277	0.02089	0.29966	0.49045	0.15623
V296	0.86169	0.07174	0	0	0.06657
V297	0.04232	0.02696	0.71324	0.11081	0.10667
V298	0.31897	0	0	0.51831	0.16273
V299	0.28141	0	0	0.6075	0.11109
V300	0.94596	0	0	0	0.05404
V301	0.93345	0	0	0.01117	0.05537
V302	0.01554	0.0225	0	0.53169	0.43028
V303	0.15166	0.18574	0.194	0.21498	0.25361
V304	0.22907	0.03801	0.66404	0	0.06888
V305	0.2697	0.31134	0.07392	0.12297	0.22206
V306	0.38233	0.54441	0	0	0.07326
V307	0.27687	0	0.23061	0.40292	0.08961
V308	0.28198	0.0127	0.59145	0.0457	0.06817
V309	0.69996	0.04876	0.0273	0.10673	0.11725
V310	0.03926	0.07619	0	0.30049	0.58407
V311	0.02125	0	0.01154	0.81043	0.15678
V312	0.13392	0.27216	0.23745	0.06057	0.29589
V313	0.1029	0.29522	0	0.33741	0.26447
V314	0.10416	0.02152	0	0.48476	0.38956
V315	0.9385	0	0	0	0.0615
V316	0.17358	0.49625	0.22016	0	0.11002
V317	0.43619	0.06661	0.44227	0	0.05493
V318	0.90986	0	0	0	0.09014
V319	0.13685	0.06258	0.73319	0	0.06738
V320	0.08201	0	0	0.77275	0.14524
V321	0.19006	0.29662	0.26908	0.14838	0.09586
V322	0.04681	0.25028	0.52943	0.03592	0.13756
V323	0.30925	0.19537	0.38935	0	0.10603
V324	0.06152	0.01291	0.01944	0.75988	0.14626
V325	0.67819	0.08278	0.06038	0.0888	0.08985
V326	0.06464	0.0626	0.04213	0.30834	0.5223
V327	0.39394	0.42137	0.089	0	0.09569
V328	0.08836	0.2571	0.14033	0.39746	0.11675
V329	0.02467	0.03797	0.35531	0.46554	0.11652
V330	0.11109	0.04042	0.75566	0	0.09282
V331	0.17296	0.06417	0.07612	0.23366	0.45308
V332	0.51688	0.03652	0.39042	0	0.05617
V333	0.46443	0.0193	0.26917	0.13951	0.10758
V334	0.0845	0.26115	0.50315	0.04849	0.10272
V335	0.76408	0.04163	0.05964	0.02767	0.10699
V336	0.2224	0.48774	0.22705	0	0.06281
V337	0.01161	0.05835	0.00195	0.35447	0.57361
V338	0.76236	0.00904	0.12455	0.00916	0.0949
V339	0.27164	0.46792	0.16041	0	0.10003
V340	0.05905	0.21523	0.1029	0.18159	0.44122
V341	0.07161	0.43292	0.39339	0	0.10207
V342	0.34912	0.1262	0.39333	0.0661	0.06524
V343	0.72178	0	0.2419	0	0.03632
V344	0.1707	0.67037	0.03431	0	0.12462
V345	0.26339	0.05041	0	0.3601	0.3261
V346	0.07765	0.2818	0.28488	0.242	0.11367
V347	0.13951	0.46543	0.00911	0.25966	0.1263
V348	0.04446	0.13993	0.41405	0.23524	0.16632
V349	0.11009	0.2834	0.48354	0	0.12297
V350	0.16572	0.38745	0.06757	0.2103	0.16896
V351	0.2211	0.0195	0.39063	0.27712	0.09165
V352	0.16449	0.46181	0.30918	0	0.06451
V353	0.31881	0.32934	0.02032	0.07856	0.25297
V354	0.60752	0.0029	0.35554	0	0.03404
V355	0.11804	0.00342	0.30291	0.46761	0.10802
V356	0.12409	0.03912	0.7432	0.0043	0.08929
V357	0.06965	0.07236	0.49801	0.08874	0.27124
V358	0.04885	0.00313	0.01217	0.78453	0.15132
V359	0.08155	0.06937	0	0.71137	0.13771
V360	0.74481	0.02187	0.06628	0.11091	0.05613
V361	0.40307	0.41898	0.07191	0	0.10603
V362	0.8476	0	0.06985	0	0.08255
V363	0.0413	0.0788	0	0.3299	0.55001
V364	0.07749	0.27469	0.00409	0.42938	0.21435
V365	0.01095	0	0	0.81748	0.17157
V366	0.25626	0.04584	0.53897	0.04956	0.10937
V367	0.28512	0.20737	0.1838	0.16059	0.16312
V368	0.77913	0.06143	0.0989	0	0.06055
V369	0.10389	0.57245	0.21335	0.01916	0.09115
V370	0.04686	0.1683	0.10636	0.40041	0.27806
V371	0.12526	0.75866	0.04169	0	0.07439
V372	0.69408	0.04586	0.11696	0.07729	0.06581
V373	0.18413	0.57546	0.11462	0.03335	0.09244
V374	0.13422	0.03581	0.34219	0.39083	0.09695
V375	0.35388	0.00867	0.53557	0.04125	0.06063
V376	0.02436	0.04497	0.41371	0.13042	0.38655
V377	0.14741	0.44859	0.18498	0.12483	0.09418
V378	0.19801	0.49909	0.1582	0	0.1447
V379	0.03656	0.06043	0.10533	0.26	0.53769
V380	0.03495	0.05578	0.15356	0.51951	0.23621
V381	0.18804	0.09526	0	0.18719	0.52951
V382	0.45877	0	0	0.32102	0.2202
V383	0.05146	0	0.23982	0.58984	0.11889
V384	0.34033	0.0259	0.13813	0.38087	0.11478
V385	0.11592	0.15239	0	0.19034	0.54136
V386	0.67695	0	0	0.25383	0.06922
V387	0.29896	0	0	0.57855	0.12249
V388	0.1253	0.73901	0.03175	0.00016	0.10377
V389	0.19328	0.68221	0.01126	0	0.11326
V390	0.19687	0	0	0.63343	0.16971
V391	0.7457	0.11376	0	0.05108	0.08945
V392	0.93879	0.00943	0	0	0.05178
V393	0.13228	0.01633	0.12717	0.52839	0.19583
V394	0.75457	0	0	0.14113	0.1043
V395	0.01906	0	0.34372	0.51589	0.12133
V396	0.59103	0.01252	0.35852	0	0.03793
V397	0.71652	0.10971	0.01412	0.08098	0.07868
V398	0.08309	0	0.13884	0.61537	0.1627
V399	0.05515	0.05633	0	0.41383	0.47469
V400	0.23087	0.46315	0.13754	0.08359	0.08484
V401	0.37097	0.00215	0.56509	0.00326	0.05854
V402	0.43054	0.02578	0.39653	0.05055	0.09661
V403	0.19067	0.1008	0	0.26925	0.43929
V404	0.02404	0.04833	0.44805	0.35351	0.12606
V405	0.40768	0.23109	0.0496	0.18525	0.12637
V406	0.04172	0.04769	0.82551	0	0.08507
V407	0.90037	0.01457	0.01796	0.01639	0.05071
V408	0.07555	0.37397	0	0.27869	0.27179
V409	0.13528	0	0.03473	0.65419	0.17581
V410	0.17284	0.1554	0.30666	0.09708	0.26801
V411	0.01045	0.07027	0	0.26503	0.65425
V412	0.04337	0.20004	0.12482	0.16724	0.46452
V413	0.05966	0.24872	0.13493	0.35588	0.2008
V414	0.06465	0.08552	0	0.52459	0.32523
V415	0.20565	0.03802	0	0.20306	0.55327
V416	0.14193	0.12959	0.00072	0.28247	0.44529
V417	0.03052	0.02814	0.70649	0.1172	0.11765
V418	0.59446	0.3293	0.00722	0	0.06902
V419	0.3032	0.04714	0	0.24582	0.40384
V420	0.28965	0.02781	0.09216	0.17765	0.41274
V421	0.0109	0.0654	0.12944	0.24022	0.55403
V422	0.03238	0	0.02969	0.71303	0.2249
V423	0.35013	0.16198	0.25282	0.15005	0.08502
V424	0.01469	0.0527	0.49191	0.10029	0.34041
V425	0.40615	0.35162	0	0.02788	0.21435
V426	0.28809	0.15438	0	0.41636	0.14116
V427	0.26991	0.5378	0.13342	0	0.05887
V428	0.16416	0.58958	0.06504	0.04737	0.13385
V429	0.19496	0.69205	0	0.00527	0.10772
V430	0.0535	0.04171	0.39514	0.24381	0.26583
V431	0.17115	0.33501	0.17617	0.20149	0.11619
V432	0.35861	0.05217	0.10166	0.33155	0.156
V433	0.24266	0.00474	0.47048	0.19384	0.08828
V434	0.30225	0.25706	0.33806	0	0.10263
V435	0.60161	0.03163	0.31376	0	0.053
V436	0.12419	0.56022	0.09253	0.03704	0.18602
V437	0.23804	0.04995	0.00634	0.29565	0.41002
V438	0.18969	0.27688	0.17561	0.23657	0.12125
V439	0.64948	0	0.01239	0.2607	0.07743
V440	0.06793	0.32169	0.51021	0	0.10017
V441	0.08945	0.47658	0.35252	0	0.08145
V442	0.12758	0.78109	0.01342	0	0.07792
V443	0.92652	0	0	0.02162	0.05186
V444	0.21386	0.38809	0.01359	0.26867	0.11579
V445	0.11618	0.36988	0.02356	0.37092	0.11946
V446	0.14623	0.02132	0.07819	0.56095	0.19332
V447	0.09052	0.00931	0	0.54388	0.35629
V448	0.20915	0.05211	0.00175	0.20784	0.52916
V449	0.01881	0.04332	0.85368	0	0.08419
V450	0.26132	0.10064	0.22896	0.17338	0.2357
V451	0.33058	0.17499	0.03978	0.31053	0.14412
V452	0.02691	0	0.13465	0.68263	0.15581
V453	0.03023	0.01815	0	0.56227	0.38934
V454	0.02944	0.04085	0.65746	0.06238	0.20987
V455	0.10594	0.25006	0.26824	0.09664	0.27912
V456	0.92471	0	0	0.00914	0.06616
V457	0.7092	0.17115	0.01676	0.02573	0.07715
V458	0.07078	0.3341	0.46971	0.02106	0.10434
V459	0.17596	0.05661	0.03165	0.50383	0.23195
V460	0.71816	0.02261	0.16653	0.03195	0.06076
V461	0.25308	0.29833	0.22624	0.02645	0.19591
V462	0.07617	0.07886	0	0.55064	0.29432
V463	0.25534	0.02201	0	0.60335	0.1193
V464	0.20957	0.1624	0.56558	0	0.06245
V465	0.06364	0.16304	0	0.21582	0.5575
V466	0.03598	0.04373	0	0.32146	0.59883
V467	0.09865	0.23082	0.00227	0.50223	0.16603
V468	0.60676	0.24926	0.08814	0	0.05584
V469	0.05722	0.33545	0.04332	0.29969	0.26433
V470	0.85698	0.02859	0.00812	0.04928	0.05701
V471	0.45462	0.26609	0.00879	0.12499	0.1455
V472	0.01425	0.10387	0.03117	0.23223	0.61849
V473	0.06685	0.21374	0.22321	0.30691	0.18928
V474	0.34554	0.10638	0.03763	0.39537	0.11509
V475	0.20701	0.04462	0.55026	0.04142	0.15669
V476	0.19623	0.01199	0.07551	0.57215	0.14412
V477	0.11861	0.78817	0.01412	0	0.0791
V478	0.22006	0.04535	0	0.19561	0.53898
V479	0.85783	0.02907	0.01539	0.04175	0.05596
V480	0.20872	0.58227	0.04656	0.05588	0.10657
V481	0.3076	0.33739	0.04536	0.15828	0.15137
V482	0.17827	0.58357	0.16988	0	0.06828
V483	0.38286	0.45533	0	0.05624	0.10557
V484	0.28838	0.45017	0.10074	0.07117	0.08955
V485	0.70351	0.05306	0.0918	0.08493	0.06669
V486	0.09952	0.12082	0.29531	0.10892	0.37543
V487	0.18063	0.11074	0.36983	0.24929	0.08952
V488	0.46482	0.03558	0	0.33202	0.16757
V489	0.04309	0.21256	0.61147	0.04039	0.09248
V490	0.03127	0.02099	0.68172	0.1717	0.09433
V491	0.08562	0.46931	0.03814	0.132	0.27493
V492	0.06139	0.11276	0.01091	0.66686	0.14807
V493	0.0168	0	0	0.8224	0.1608
V494	0.35441	0	0	0.50593	0.13966
V495	0.39168	0.18989	0.18547	0.13194	0.10103
V496	0.17433	0.085	0.03999	0.18172	0.51896
V497	0.13391	0.07297	0.13771	0.23558	0.41983
V498	0.14422	0.74405	0.02336	0	0.08837
V499	0.08005	0.25126	0.2502	0.1231	0.29539
V500	0.17204	0.44221	0.09485	0.168	0.1229
V501	0.11878	0.3626	0	0.11675	0.40187
V502	0.20102	0.68448	0.03604	0	0.07846
V503	0.50685	0.01116	0.18242	0.14818	0.15139
V504	0.54834	0.19017	0	0.04168	0.21981
V505	0.6876	0	0.00208	0.11935	0.19097
V506	0.0811	0.52861	0.05946	0.04838	0.28245
V507	0.86152	0	0.00287	0.06899	0.06661
V508	0.09306	0.58038	0.19859	0	0.12797
V509	0.10859	0.43193	0.1254	0.16986	0.16423
V510	0.47193	0.42281	0.03299	0	0.07227
V511	0.11188	0.29105	0.47332	0.01127	0.11248
V512	0.21757	0.42998	0.15908	0.03282	0.16056
V513	0.24077	0.59839	0.06334	0	0.09749
V514	0.02305	0.04961	0.23051	0.20806	0.48878
V515	0.10717	0.08264	0	0.67726	0.13293
V516	0.21885	0.31947	0.09025	0.26944	0.102
V517	0.03698	0.00446	0.03027	0.77774	0.15054
V518	0.47093	0.00516	0.28545	0.15775	0.08071
V519	0.81233	0.02636	0	0.09951	0.0618
V520	0.14618	0.74137	0.01668	0	0.09577
V521	0.24138	0	0.09913	0.5502	0.10929
V522	0.0876	0.18407	0.51995	0.10422	0.10416
V523	0.18735	0.05822	0.66598	0.01539	0.07306
V524	0.38969	0.02912	0.50171	0	0.07949
V525	0.03901	0.26249	0.01933	0.17529	0.50387
V526	0.06694	0.05291	0.7774	0.00745	0.0953
V527	0.13838	0.42339	0.35987	0	0.07836
V528	0.16744	0	0	0.70601	0.12655
V529	0.25141	0.0359	0.65021	0	0.06248
V530	0.04295	0.04403	0.78644	0.03189	0.09469
V531	0.24735	0.48795	0.07884	0.00691	0.17896
V532	0.10941	0.28113	0.2872	0.04926	0.273
V533	0.33289	0.02904	0	0.16572	0.47235
V534	0.15923	0.02511	0	0.67441	0.14125
V535	0.83856	0.08509	0.03325	0	0.0431
V536	0.17663	0.19015	0.36246	0.05829	0.21247
V537	0.0257	0.09416	0.00209	0.24167	0.63638
V538	0.68048	0.09341	0	0.05106	0.17506
V539	0.04641	0.15108	0.60026	0.08288	0.11938
V540	0.23211	0.44979	0.07752	0.04809	0.1925
V541	0.07866	0.43639	0.01156	0.11068	0.36271
V542	0.08253	0.30944	0.09506	0.37221	0.14076
V543	0.10113	0.11419	0.62146	0.03832	0.1249
V544	0.40806	0.18527	0.16082	0.07213	0.17372
V545	0.65672	0.29321	0	0	0.05007
V546	0.13801	0.68366	0.07565	0	0.10268
V547	0.16353	0.6889	0	0.03625	0.11131
V548	0.02971	0.02572	0	0.78791	0.15667
V549	0.01176	0.05554	0.01033	0.36486	0.55751
V550	0.11069	0.72422	0.08637	0	0.07872
V551	0.01625	0	0	0.82616	0.15759
V552	0.27626	0.0521	0	0.19808	0.47356
V553	0.80209	0	0	0.11822	0.07969
V554	0.147	0.044	0.44405	0.26931	0.09564
V555	0.11731	0.78018	0.01163	0	0.09088
V556	0.11016	0.02839	0.0331	0.67288	0.15547
V557	0.36631	0.21301	0.01433	0.29217	0.11419
V558	0.03191	0.03514	0.70967	0.12346	0.09981
V559	0.1542	0.3708	0.39717	0	0.07784
V560	0.66217	0.1905	0.11016	0	0.03718
V561	0.75953	0	0.11122	0.01298	0.11628
V562	0.16388	0.08987	0.14629	0.20922	0.39074
V563	0.27621	0.25095	0.18549	0.1116	0.17575
V564	0.40288	0.01315	0.0363	0.35422	0.19346
V565	0.00993	0.07184	0.00426	0.28036	0.63361
V566	0.35118	0.13019	0.0038	0.32394	0.19088
V567	0.0394	0.03172	0.84589	0	0.08299
V568	0.06796	0.2021	0.3908	0.24442	0.09472
V569	0.67644	0.07301	0.08461	0.08926	0.07669
V570	0.17127	0.01649	0.25422	0.42263	0.13538
V571	0.31313	0	0.2094	0.32694	0.15053
V572	0.86302	0	0	0.01678	0.1202
V573	0.11231	0.06669	0.30993	0.35645	0.15462
V574	0.57697	0.24412	0.0574	0.0462	0.07532
V575	0.43471	0.0409	0.10501	0.12591	0.29347
V576	0.11574	0.76284	0.00949	0	0.11193
V577	0.47355	0.42457	0.02553	0	0.07634
V578	0.06034	0.15314	0.47616	0.1933	0.11706
V579	0.078	0.47725	0.30164	0	0.14312
V580	0.27872	0.47588	0.00115	0.14086	0.10339
V581	0.10817	0.4338	0.34112	0.02767	0.08924
V582	0.02208	0.06771	0.82689	0	0.08332
V583	0.65655	0.00194	0.2974	0	0.04411
V584	0.29131	0.4597	0.09388	0.00832	0.1468
V585	0.11912	0.68856	0.06129	0.00613	0.1249
V586	0.10408	0.67045	0.15059	0	0.07487
V587	0.12284	0.64456	0.00255	0.02111	0.20894
V588	0.28508	0.34049	0.32198	0	0.05245
V589	0.15131	0.36325	0.03072	0.33635	0.11838
V590	0.12026	0.71017	0	0	0.16957
V591	0.50847	0.41058	0.02521	0	0.05574
V592	0.04046	0.02827	0.71514	0.05049	0.16564
V593	0.44132	0	0	0.44188	0.1168
V594	0.03252	0.12921	0.60046	0.12379	0.11401
V595	0.57597	0.01668	0.04202	0.27125	0.09407
V596	0.51481	0.15871	0.17798	0.07444	0.07406
V597	0.05039	0.2335	0	0.2491	0.46701
V598	0.65629	0.00224	0	0.07222	0.26925
V599	0.12641	0.36146	0.07603	0.31516	0.12093
V600	0.32697	0.00385	0.15964	0.36143	0.1481
V601	0.17857	0.08389	0	0.4909	0.24664
V602	0.83362	0.1172	0	0	0.04917
V603	0.17481	0.17468	0.00943	0.24396	0.39712
V604	0.04336	0.03929	0.66062	0.1076	0.14912
V605	0.04485	0.11689	0.12383	0.22903	0.4854
V606	0.858	0	0	0.01813	0.12387
V607	0.21065	0.15655	0.00205	0.16249	0.46826
V608	0.79717	0.00301	0.01174	0.07734	0.11073
V609	0.23848	0.27105	0	0.34962	0.14086
V610	0.15275	0.58154	0	0.1585	0.10721
V611	0.32263	0.03472	0.55294	8e-04	0.0889
V612	0.44372	0.05481	0.28542	0.03584	0.18021
V613	0.46465	0.44576	0.02666	0	0.06292
V614	0.60453	0.03019	0	0.12584	0.23943
V615	0.02915	0.08713	0.11377	0.56176	0.20819
V616	0.70037	0	0.11828	0.10768	0.07367
V617	0.27842	0.07445	0.4235	0.0867	0.13693
V618	0.76721	0.07568	0.04542	0.00511	0.10658
V619	0.61207	0.04313	0.13367	0.03075	0.18038
V620	0.06968	0.01537	0.32452	0.4778	0.11264
V621	0.19438	0.23403	0.28255	0.04016	0.24887
V622	0.05173	0.23666	0.34234	0.07267	0.2966
V623	0.08203	0	0	0.68578	0.23219
V624	0.90337	0	0	0.01349	0.08313
V625	0.02855	0.03676	0.07526	0.71644	0.14298
V626	0.10656	0.02881	0.50654	0.25626	0.10182
V627	0.15001	0.19741	0.10853	0.14261	0.40145
V628	0.93596	0	0	0.01108	0.05295
V629	0.16975	0.21147	0.55017	0	0.06862
V630	0.03621	0.24304	0.00969	0.19287	0.51819
V631	0.01204	0.06143	0.28308	0.17179	0.47166
V632	0.11987	0.70263	0.00567	0.00464	0.16719
V633	0.07818	0.00587	0.07303	0.56549	0.27744
V634	0.46083	0.36608	0.12581	0	0.04728
V635	0.06377	0.15634	0.18448	0.15621	0.4392
V636	0.25305	0.15835	0.28237	0.16838	0.13786
V637	0.26133	0.0152	0.37389	0.22584	0.12374
V638	0.13459	0.46486	0.01001	0.11497	0.27556
V639	0.56731	0.3258	0.05992	0	0.04697
V640	0.1536	0.20267	0.06531	0.28292	0.2955
V641	0.16941	0.63587	0.01684	0.06872	0.10916
V642	0.76089	0	0	0.17534	0.06377
V643	0.12298	0.73302	0.06307	0	0.08092
V644	0.09484	0.3892	0.0078	0.37642	0.13173
V645	0.23332	0.64921	0.01102	0.01419	0.09226
V646	0.19983	0.47697	0.01716	0.1757	0.13034
V647	0.91531	0	0	0.03293	0.05175
V648	0.49597	0.07891	0	0.26441	0.1607
V649	0.32739	0.11136	0.06051	0.18577	0.31497
V650	0.03238	0	0.02707	0.79375	0.1468
V651	0.18733	0.15861	0	0.53791	0.11615
V652	0.39895	0	5e-04	0.49464	0.10591
V653	0.38611	0	0.02184	0.47441	0.11764
V654	0.04801	0.13083	0	0.25809	0.56308
V655	0.19938	0.04181	0.27004	0.39077	0.09799
V656	0.1422	0.04735	0	0.28241	0.52804
V657	0.08907	0.45148	0.01829	0.27828	0.16289
V658	0.04588	0.02919	0.01028	0.6376	0.27705
V659	0.03454	0.00191	0.05618	0.73401	0.17336
V660	0.10742	0.37019	0.0083	0.13213	0.38196
V661	0.1082	0.59781	0.00756	0.13119	0.15524
V662	0.08231	0.46414	0.01339	0.08132	0.35885
V663	0.9491	0	0	0	0.0509
V664	0.038	0.01337	0.10743	0.48474	0.35645
V665	0.09203	0.56735	0.19743	0.03106	0.11213
V666	0.16213	0.72618	0.03868	0	0.07301
V667	0.09327	0.49465	0.2437	0.05353	0.11485
V668	0.67972	0.19843	0.03275	0.01917	0.06993
V669	0.52924	0.2735	0.01021	0.06371	0.12334
V670	0.163	0.58677	0.04002	0.02133	0.18887
V671	0.79211	0	0.1576	0.00153	0.04876
V672	0.12604	0.09177	0.07369	0.37839	0.33011
V673	0.01414	0.07534	0	0.3163	0.59423
V674	0.4159	0.08634	0.43558	0	0.06218
V675	0.72917	0	0.01216	0.14094	0.11773
V676	0.31198	0.1052	0.45306	0	0.12975
V677	0.08604	0.24934	0.19912	0.33135	0.13416
V678	0.09208	0.35535	0	0.1407	0.41186
V679	0.03256	0.01273	0.42496	0.41868	0.11107
V680	0.2067	0.01334	0	0.43482	0.34514
V681	0.57686	0.0109	0.01696	0.27305	0.12222
V682	0.01881	0.04332	0.85368	0	0.08419
V683	0.10838	0.18156	0.5825	0	0.12756
V684	0.06454	0	0	0.79054	0.14492
V685	0.03181	0.03981	0.76183	0.07714	0.08941
V686	0.3471	0.52195	0.05949	0	0.07145
V687	0.02027	0.01137	0.54324	0.31499	0.11013
V688	0.01818	0.04328	0.84433	0	0.09421
V689	0.55524	0.04615	0.16944	0.09903	0.13014
V690	0.17346	0.72732	0.01509	0	0.08412
V691	0.18232	0.10458	0.02311	0.55758	0.13241
V692	0.09168	0	0	0.72392	0.1844
V693	0.07382	0.44406	0.3992	0	0.08292
V694	0.12783	0.16973	0.01707	0.53091	0.15446
V695	0.17175	0.15623	0.13766	0.13502	0.39934
V696	0.16092	0.02018	0.68514	0.00697	0.12679
V697	0.14343	0.107	0.28815	0.31193	0.14949
V698	0.02531	0.07452	0.17927	0.19589	0.52502
V699	0.05582	0.00432	0.02733	0.66775	0.24479
V700	0.12921	0.70158	0.06821	0	0.101
V701	0.03633	0.24436	0.00109	0.18921	0.52902
V702	0.0461	0.09656	0	0.64494	0.2124
V703	0.02981	0	0.00025	0.81226	0.15768
V704	0.07106	0.09776	0.38882	0.10825	0.33411
V705	0.92936	0	0	0.00386	0.06678
V706	0.19947	0.13212	0.13557	0.39305	0.13978
V707	0.18542	0.13763	0.05318	0.32649	0.29728
V708	0.08156	0.50405	0.34538	0	0.06901
V709	0.01109	0.08515	0.0229	0.24329	0.63757
V710	0.17154	0.05712	0.46159	0.0552	0.25455
V711	0.0744	0.05714	0.00754	0.24972	0.6112
V712	0.09171	0.02678	0.63957	0.15117	0.09077
V713	0.31118	0.35686	0.27824	0	0.05372
V714	0.06249	0.06208	0	0.24287	0.63257
V715	0.0496	0.2565	0.54503	0.05904	0.08983
V716	0.76727	0.14598	0	0.01843	0.06832
V717	0.46773	0.16607	0.10407	0.05148	0.21065
V718	0.71032	0	0.22979	0	0.05989
V719	0.46758	0.21553	0.08434	0.09772	0.13484
V720	0.16247	0.08982	0.07783	0.196	0.47388
V721	0.03614	0.06967	0.03802	0.24768	0.6085
V722	0.05906	0.22588	0.03915	0.4696	0.2063
V723	0.15537	0.19196	0.0893	0.44355	0.11983
V724	0.197	0.57624	0.02991	0.09813	0.09872
V725	0.03602	0.07018	0	0.24815	0.64565
V726	0.29265	0.45955	0.04167	0.04133	0.16481
V727	0.02938	0.04138	0.83813	0	0.0911
V728	0.81223	0	0.09747	0.03813	0.05217
V729	0.65506	0.08137	0.00474	0.18679	0.07205
V730	0.15821	0.02213	0.34623	0.34903	0.1244
V731	0.01844	0	0.0365	0.79533	0.14973
V732	0.01695	0	0	0.82657	0.15647
V733	0.05408	0.05432	0.80947	0	0.08213
V734	0.5538	0.07032	0.30999	0.00539	0.0605
V735	0.11037	0.19742	0.21084	0.12183	0.35954
V736	0.01571	0.1114	0	0.23959	0.6333
V737	0.94913	0	0	0	0.05087
V738	0.07272	0.48065	0.00551	0.08692	0.3542
V739	0.02491	0	0	0.81938	0.15571
V740	0.27428	0.11756	0.09348	0.13071	0.38398
V741	0.54838	0	0	0.30229	0.14933
V742	0.10703	0.04243	0.49885	0.18052	0.17118
V743	0.04381	0.1051	0.06314	0.27927	0.50869
V744	0.24003	0.0454	0.14156	0.45207	0.12096
V745	0.20144	0	0.01906	0.65508	0.12442
V746	0.42713	0.47021	0.02595	0	0.07671
V747	0.05454	0.05459	0.80155	0	0.08932
V748	0.21997	0.21637	0.25945	0.08516	0.21905
V749	0.23432	0.0931	0.09616	0.40659	0.16984
V750	0.77989	0.14753	0	0.01459	0.05799
V751	0.08085	0.33079	0.51076	0	0.0776
V752	0.04204	0.19601	0.00914	0.20189	0.55092
V753	0.60614	0.04638	0.21145	0.02065	0.11537
V754	0.16531	0.27525	0	0.44283	0.11661
V755	0.30348	0.6012	0.03184	0	0.06349
V756	0.0393	0.17141	0.00764	0.24325	0.53841
V757	0.20165	0	0.06247	0.61803	0.11785
V758	0.11867	0.37617	0	0.3866	0.11856
V759	0.12094	0.0886	0.09125	0.18094	0.51826
V760	0.10767	0.05674	0.19623	0.32581	0.31356
V761	0.10074	0.23043	0.59977	0	0.06906
V762	0.03201	0.05905	0.15683	0.45209	0.30001
V763	0.06106	0.32092	0	0.14668	0.47134
V764	0.14858	0.03594	0.05882	0.62796	0.1287
V765	0.21663	0.0399	0.59054	0.03749	0.11545
V766	0.1344	0.4535	0.22728	0.02901	0.1558
V767	0.34658	0.4331	0.04912	0.02553	0.14568
V768	0.13374	0.72542	0.04632	0	0.09452
V769	0.78743	0	0.15268	0	0.05989
V770	0.36376	0.00239	0.44692	0.11835	0.06858
V771	0.13798	0.65844	0.00219	0.05177	0.14962
V772	0.07597	0.04299	0.80727	0	0.07377
V773	0.03765	0.04392	0	0.36348	0.55494
V774	0.20625	0.03235	0.50737	0.03826	0.21577
V775	0.90877	0	0	0.03369	0.05754
V776	0.42258	0.36442	0.13733	0	0.07567
V777	0.27985	0.33895	0.21769	0.06284	0.10067
V778	0.5876	0.03663	0	0.2147	0.16107
V779	0.11872	0.36274	0.44389	0	0.07466
V780	0.03966	0.03196	0.84657	0	0.08181
V781	0.24286	0.31485	0.16173	0.03415	0.24642
V782	0.30027	0.265	0.00248	0.09224	0.34001
V783	0.0168	0.0439	0.61358	0.08037	0.24535
V784	0.09325	0.55847	0	0.19699	0.15129
V785	0.74643	0.09556	0	0.07184	0.08617
V786	0.21288	0.16314	0	0.49972	0.12426
V787	0.20475	0.52909	0	0.13612	0.13004
V788	0.44847	0.37061	0.05453	0	0.1264
V789	0.03644	0.16803	0	0.46057	0.33496
V790	0.34991	0.228	0.04291	0.14423	0.23496
V791	0.23573	0.22436	0.05381	0.22974	0.25635
V792	0.94108	0	0.00522	0	0.0537
V793	0.39964	0.25771	0.03425	0.10695	0.20145
V794	0.02708	0.068	0.09301	0.33365	0.47825
V795	0.20103	0.70556	0.01365	0	0.07976
V796	0.36391	0.35829	0.08835	0.09606	0.09339
V797	0.1787	0.03473	0	0.22594	0.56064
V798	0.19894	0.48682	0	0.0928	0.22143
V799	0.06344	0.13809	0.02794	0.61462	0.1559
V800	0.03814	0.06773	0	0.32346	0.57067
V801	0.42421	0	0.09012	0.38407	0.10159
V802	0.06461	0.25977	0	0.17404	0.50159
V803	0.34157	0	0	0.54067	0.11776
V804	0.25151	0.14185	0.17182	0.31888	0.11594
V805	0.19649	0.13249	0.39525	0.14746	0.1283
V806	0.54399	0.01666	0.17271	0.08674	0.1799
V807	0.77288	0	0.03949	0.05717	0.13046
V808	0.87341	0	0.0256	0.00345	0.09754
V809	0.27409	0.55391	0.01304	0.00622	0.15273
V810	0.04815	0.07318	0.01952	0.52903	0.33011
V811	0.07728	0.15155	0.00412	0.27005	0.49699
V812	0.09488	0.58914	0.17966	0.02755	0.10877
V813	0.06676	0.26145	0.21334	0.09448	0.36397
V814	0.26897	0.48384	0.05057	0.09773	0.0989
V815	0.3021	0.58809	0.02347	0	0.08634
V816	0.08069	0.45643	0	0.33066	0.13221
V817	0.82407	0.01002	0.12171	0	0.0442
V818	0.07746	0.23131	0.33998	0.08399	0.26726
V819	0.93739	0	0	0.01023	0.05238
V820	0.12167	0.32578	0.10287	0.32899	0.12069
V821	0.01057	0.07167	0	0.25829	0.65948
V822	0.21125	0	0	0.66777	0.12098
V823	0.07432	0.13616	0.22546	0.13448	0.42958
V824	0.09346	0.09569	0.00613	0.21664	0.58808
V825	0.18806	0.01074	0.58502	0.14114	0.07504
V826	0.06404	0.03606	0.81586	0.00339	0.08066
V827	0.39967	0.10849	0	0.34821	0.14363
V828	0.3068	0.1658	0.0907	0.13167	0.30503
V829	0.12801	0.10771	0.28741	0.2222	0.25466
V830	0.1894	0.03484	0.6303	0.0198	0.12567
V831	0.1044	0.65172	0.04361	0.08664	0.11363
V832	0.26094	0.00964	0.05049	0.33867	0.34026
V833	0.25857	0.65156	0.00325	0	0.08662
V834	0.78112	0.11138	0.01615	0.00734	0.08401
V835	0.31303	0.25624	0.06928	0.23146	0.12999
V836	0.42775	0.0578	0.389	0.06158	0.06388
V837	0.11336	0.73635	0.01541	0	0.13488
V838	0.01039	0	0.04863	0.78757	0.1534
V839	0.05377	0.09781	0.06595	0.20908	0.57338
V840	0.9316	0	0.00634	0.00826	0.05379
V841	0.26055	0.02579	0.65568	0	0.05798
V842	0.57892	0.0244	0.17317	0.15386	0.06965
V843	0.53171	0.00989	0.12772	0.1143	0.21639
V844	0.04804	0.16935	0.68944	0	0.09317
V845	0.03873	0	0	0.65558	0.30569
V846	0.14907	0.08752	0.08754	0.21656	0.4593
V847	0.26298	0.03231	0.03368	0.26035	0.41068
V848	0.77768	0.01069	0	0.08969	0.12194
V849	0.17856	0.06439	0.64222	0	0.11483
V850	0.26826	0.04797	0.26909	0.18985	0.22483
V851	0.94341	0	0	0	0.05659
V852	0.29791	0.07824	0.05997	0.2519	0.31197
V853	0.06831	0.12945	0.55744	0.12028	0.12451
V854	0.09481	0.34891	0.23448	0.09727	0.22453
V855	0.1615	0.35099	0.07528	0.26937	0.14286
V856	0.22608	0.4005	0.04287	0.04717	0.28338
V857	0.1091	0.04846	0.15087	0.44919	0.24237
V858	0.06983	0.3379	0.17577	0.21171	0.20478
V859	0.15731	0	0	0.69714	0.14555
V860	0.0728	0.12095	0.04496	0.60368	0.15761
V861	0.18069	0	0.10323	0.59839	0.11769
V862	0.08947	0.05575	0.00426	0.29606	0.55446
V863	0.11661	0.77259	0.01816	0	0.09264
V864	0.06381	0.02246	0.79082	0.04204	0.08088
V865	0.11544	0.0106	0.58071	0.2089	0.08435
V866	0.0599	0.05425	0.58429	0.19986	0.10169
V867	0.64862	0.02739	0	0.06505	0.25894
V868	0.28701	0.19929	0.35985	0.07134	0.08251
V869	0.02162	0.06352	0.01315	0.25743	0.64428
V870	0.33184	0.15945	0.05871	0.25423	0.19578
V871	0.05694	0.10354	0.09205	0.25945	0.48801
V872	0.43604	0.00589	0	0.43857	0.11949
V873	0.10428	0.29569	0.13167	0.32898	0.13938
V874	0.12226	0.1032	0	0.21244	0.56211
V875	0.04058	0.18104	0.00391	0.51313	0.26134
V876	0.55488	0.07029	0.03897	0.07535	0.2605
V877	0.30333	0.54752	0.02905	0.02778	0.09233
V878	0.09944	0.60909	0.03378	0.14501	0.11268
V879	0.91947	0.01598	0	0.00866	0.0559
V880	0.11422	0.08899	0.00742	0.48517	0.30419
V881	0.02763	0.04986	0.53033	0.08418	0.308
V882	0.09922	0.41762	0.00153	0.36669	0.11494
V883	0.56804	0.14406	0	0.16152	0.12637
V884	0.01043	0.06017	0	0.27032	0.65908
V885	0.21747	0.08218	0.36277	0.13769	0.19989
V886	0.01112	0.03858	0.01972	0.40622	0.52437
V887	0.1637	0.73827	0.00811	0	0.08991
V888	0.09194	0.07955	0.03429	0.63532	0.1589
V889	0.19119	0.68908	0.03554	0	0.08419
V890	0.05586	0.00202	0.12028	0.63222	0.18963
V891	0.0223	0.06801	0.82375	0	0.08594
V892	0.65808	0.21046	0.00281	0	0.12865
V893	0.19698	0.17301	0.46758	0.05552	0.1069
V894	0.16376	0.47048	0.03406	0.20731	0.1244
V895	0.71594	0	0.2377	0	0.04636
V896	0.26706	0.18922	0.208	0.24709	0.08863
V897	0.01218	0	0.01646	0.75491	0.21646
V898	0.47113	0.02016	0	0.14008	0.36863
V899	0.61753	0.25645	0.0648	0	0.06122
V900	0.31696	0.20205	0.24457	0.14891	0.0875
V901	0.71193	0.02193	0	0.16179	0.10435
V902	0.8752	0.02391	0.00134	0.02557	0.07398
V903	0.32698	0.04751	0.04564	0.46014	0.11973
V904	0.75722	0.06774	0.12983	0	0.04521
V905	0.06712	0.3085	0.05069	0.33951	0.23417
V906	0.20039	0.06567	0.43544	0.102	0.1965
V907	0.75494	0.08588	0.04474	0.03789	0.07656
V908	0.07111	0.29996	0.03192	0.44744	0.14957
V909	0.04568	0.08484	0	0.68818	0.1813
V910	0.72073	0.13469	0	0.04658	0.098
V911	0.08238	0.25564	0.49358	0.00649	0.16191
V912	0.05252	0.07598	0.15421	0.23163	0.48566
V913	0.18135	4e-05	0.04835	0.62047	0.14978
V914	0.80083	0.008	0	0.10676	0.0844
V915	0.25807	0.21628	0.03796	0.11201	0.37568
V916	0.82504	0.00495	0.09058	0	0.07943
V917	0.52685	0.04203	0	0.10862	0.32251
V918	0.63436	0.11504	0.18817	0	0.06243
V919	0.48823	0.1272	0	0.25268	0.13188
V920	0.22027	0	0.08437	0.58164	0.11372
V921	0.25863	0.21548	0.10462	0.08383	0.33744
V922	0.06563	0.0399	0.66488	0.03162	0.19797
V923	0.2207	0.46155	0.00862	0.0709	0.23822
V924	0.56838	0.06758	0	0.2337	0.13033
V925	0.19335	0.11176	0.43477	0.14266	0.11746
V926	0.02581	0.08923	0	0.25054	0.63443
V927	0.58784	0.20893	0.08954	0.04467	0.06902
V928	0.17434	0.25623	0.1999	0.18139	0.18814
V929	0.09907	0.31505	0	0.13575	0.45014
V930	0.10293	0.06382	0.05342	0.20944	0.57038
V931	0.56196	0.12893	0	0.08601	0.2231
V932	0.07931	0.13341	0.02848	0.40527	0.35353
V933	0.36202	0	0.02801	0.33713	0.27284
V934	0.70049	0.03921	0.22245	0	0.03786
V935	0.64224	0.09223	0.10406	0.0473	0.11417
V936	0.36538	0.04119	0.09033	0.39201	0.1111
V937	0.20821	0.60804	0.08894	0	0.09481
V938	0.15412	0.74554	0.02487	0	0.07547
V939	0.0129	0.02792	0.00134	0.47731	0.48053
V940	0.6342	0.07193	0.06224	0.06757	0.16406
V941	0.04409	0.12625	0.10456	0.48547	0.23962
V942	0.76814	0.17879	0	0	0.05307
V943	0.07698	0.16218	0.04407	0.19078	0.52599
V944	0.39474	0	0.08834	0.41933	0.09759
V945	0.09377	0.24421	0.54074	0.013	0.10828
V946	0.08058	0.41816	0.42951	0	0.07175
V947	0.46625	0.03278	0.00321	0.19942	0.29834
V948	0.14555	0.62623	0.03239	0.06606	0.12976
V949	0.87938	0.06184	0.01349	0	0.04529
V950	0.0855	0	0	0.77333	0.14117
V951	0.35265	0	0	0.48313	0.16422
V952	0.17037	0.01385	0.02198	0.61214	0.18165
V953	0.53108	0.04648	0	0.31995	0.1025
V954	0.31447	0.47426	0.05047	0.03031	0.13049
V955	0.10407	0.00653	0.50473	0.28946	0.09522
V956	0.08558	0.41689	0.07913	0.29842	0.11999
V957	0.18151	0.65798	0.05056	0.00976	0.10019
V958	0.12584	0.74744	0.00848	0	0.11825
V959	0.11128	0.01752	0.73381	0.04557	0.09182
V960	0.59019	0.04385	0.12304	0.10395	0.13897
V961	0.12524	0.75527	0.00879	0	0.11071
V962	0.24607	0.13142	0	0.19011	0.43241
V963	0.04302	0.00229	0.3966	0.43744	0.12065
V964	0.02938	0.04138	0.83813	0	0.0911
V965	0.01738	0	0.41679	0.42849	0.13735
V966	0.05128	0.03048	0.48944	0.14948	0.27932
V967	0.42407	0.43882	0	0	0.13711
V968	0.12717	0.77423	0.01135	0	0.08724
V969	0.18475	0.452	0.12259	0.09619	0.14448
V970	0.21691	0.32644	0.39191	0	0.06474
V971	0.75671	0.03856	0.14842	0.00123	0.05508
V972	0.15666	0.74005	0.00186	0	0.10143
