CD56NK	CD4MemoryT	CD19B	CD14
V1	0.34415	0.00346	0.18952	0.46288
V2	0.06066	0.05801	0.03247	0.84885
V3	0.03013	0.5479	0.00821	0.41377
V4	0.75525	0.18377	0.00017	0.06081
V5	0.06239	0.45755	0.23752	0.24254
V6	0.04598	0.89497	0.02038	0.03867
V7	0.0697	0.31083	0.06813	0.55135
V8	0.08461	0	0.85461	0.06078
V9	0.10783	0.19809	0.02844	0.66564
V10	0.01133	0	0.89905	0.08962
V11	0.1324	0.38719	0.46758	0.01282
V12	0.01706	0.5959	0.36149	0.02556
V13	0.16623	0.78631	0.00526	0.0422
V14	0.04046	0.94263	0.00515	0.01176
V15	0.06611	0.58178	0.11336	0.23874
V16	0.81604	0.06449	0.03565	0.08382
V17	0.05188	0.89699	0.01227	0.03886
V18	0.40583	0.45209	0.05731	0.08477
V19	0.0964	0.87237	0.00501	0.02622
V20	0.08045	0.41477	0.01515	0.48963
V21	0.08473	0.03422	0.82054	0.06051
V22	0.00734	0.05644	0.14222	0.794
V23	0.26477	0.0276	0.69244	0.01519
V24	0.89861	0.0439	0.0554	0.00209
V25	0.19018	0.23341	0.12748	0.44893
V26	0.22806	0.41601	0.01921	0.33673
V27	0.03698	0.02965	0.00722	0.92615
V28	0.00034	0.01191	0.98727	0.00048
V29	0.30569	0.01514	0.61174	0.06743
V30	0.05151	0.17667	0.23504	0.53677
V31	0.10618	0.1712	0.27637	0.44626
V32	0.0282	0.00997	0.01368	0.94816
V33	0.02813	0.4814	0.33839	0.15208
V34	0.08478	0.01445	0.84006	0.06071
V35	0.0979	0.76315	0.0837	0.05525
V36	0.00372	0.01642	0.38713	0.59273
V37	0.33087	0.06861	0.10395	0.49656
V38	0.23651	0	0.16954	0.59395
V39	0.09317	0.56245	0.12581	0.21856
V40	0.05997	0.86493	0.07509	0
V41	0.00465	0.60105	0.03728	0.35702
V42	0.10218	0.01569	0.17144	0.71069
V43	0.08242	0.34824	0.51157	0.05776
V44	0.01012	0.04778	0.68268	0.25943
V45	0.05778	0.59044	0.21143	0.14035
V46	0.68702	0.10393	0.19048	0.01857
V47	0.30554	0.217	0.37781	0.09965
V48	0.66941	0.26344	0.00951	0.05764
V49	0.55269	0.26422	0	0.18309
V50	0.04095	0.86534	0.08234	0.01137
V51	0.19846	0.45629	0.28397	0.06128
V52	0.01758	0.08692	0.83726	0.05824
V53	0.60059	0.17406	0.22417	0.00118
V54	0.29157	0.2205	0.43979	0.04815
V55	0.10779	0.10533	0.21703	0.56985
V56	0.01561	0.00354	0.05107	0.92979
V57	0.05874	0.89504	0.02094	0.02529
V58	0.40559	0.00396	0.0478	0.54265
V59	0.28628	0.49066	0.12755	0.0955
V60	0.06868	0.12491	0.29309	0.51332
V61	0.6412	0.14887	0.01833	0.19161
V62	0.79559	0.04917	0.1146	0.04064
V63	0.01128	0.83609	0.11482	0.03781
V64	0.00525	0.80074	0	0.19401
V65	0.00334	0	0.05775	0.93891
V66	0.12791	0.73701	0.01998	0.11511
V67	0.09708	0.34263	0.53212	0.02817
V68	0.06723	0.10777	0.01334	0.81165
V69	0.01703	0.30063	0.5967	0.08564
V70	0.36407	0.1735	0.21927	0.24317
V71	0.0852	0.0511	0.34354	0.52016
V72	0.37795	0.18119	0.11426	0.3266
V73	0.08934	0.62995	0.13874	0.14197
V74	0.03739	0.21496	0.7476	5e-05
V75	0.5331	0	0.26384	0.20306
V76	0	0.12053	0.13132	0.74815
V77	0.01683	0.21897	0.00124	0.76296
V78	0.16293	0.09935	0.17685	0.56087
V79	0.00502	0.07223	0.77714	0.14561
V80	0.22908	0.00419	0.60156	0.16517
V81	0.03745	0.14608	0.8034	0.01307
V82	0.00015	0.04029	0.94552	0.01403
V83	0.05802	0.133	0.05439	0.75458
V84	0.21737	0.03546	0.16131	0.58586
V85	0.06231	0.29529	0.3792	0.2632
V86	0.03049	0.02441	0.87018	0.07492
V87	0.02172	0.8201	0.05158	0.1066
V88	0.07852	0.03921	0.22662	0.65565
V89	0.00733	0.00282	0.14043	0.84941
V90	0.01706	0.90426	0.05399	0.02469
V91	0.02216	0.74415	0.18097	0.05272
V92	0.29545	0.0123	0.44085	0.2514
V93	0.73973	0.01998	0	0.24028
V94	0.00816	0.35773	0.01296	0.62115
V95	0.14943	0.44893	0.16165	0.23999
V96	0.0295	0.06614	0.01323	0.89113
V97	0.54716	0.1391	0.29635	0.01739
V98	0.53165	0.4327	0	0.03566
V99	0.68902	0.06129	0.23101	0.01867
V100	0.05075	0.00633	0.89849	0.04444
V101	0.00366	0.01238	0	0.98397
V102	0.85854	0.08573	0.01234	0.04339
V103	0.00333	0.02308	0.05791	0.91567
V104	0.01742	0.96591	0.00507	0.01159
V105	0.03465	0.94085	0.01292	0.01158
V106	0.07335	0.53189	0.32351	0.07125
V107	0.1176	0.2002	0.59064	0.09157
V108	0.09208	0.81245	0.09547	0
V109	0.00967	0.12923	0.52128	0.33983
V110	0.03437	0.89053	0.03674	0.03836
V111	0.85713	0	0.12162	0.02125
V112	0.06861	0.04218	0.3871	0.50211
V113	0.08738	0.07856	0.14537	0.6887
V114	0.10865	0.03062	0.06411	0.79662
V115	0.00582	0.7667	0.21619	0.01129
V116	0.08006	0.29837	0.35484	0.26673
V117	0.50866	0.35141	0.05018	0.08975
V118	0.08733	0.55982	0.03272	0.32013
V119	0.04755	0.05118	0.0327	0.86857
V120	0.05072	0.04718	0.87321	0.02888
V121	0.39139	0.14624	0.11517	0.3472
V122	0.91623	0.01248	0.02626	0.04504
V123	0.00411	0.43108	0.03429	0.53052
V124	0.48044	0.39552	0	0.12404
V125	0.25428	0.49528	0.20441	0.04604
V126	0.01612	0.10322	0.03183	0.84883
V127	0.07632	0.03079	0.21292	0.67997
V128	0.01143	0.00349	0.07108	0.91401
V129	0.41971	0.29947	0.2113	0.06952
V130	0.00574	0.6681	0.31481	0.01135
V131	0.01625	0.86642	0	0.11733
V132	0.8741	0.01032	0.05086	0.06471
V133	0.84334	0.02287	0.0914	0.04239
V134	0.05679	0.35122	0.11339	0.4786
V135	0.03386	0.00841	0.12861	0.82912
V136	0.12496	0.38348	0.0091	0.48246
V137	0.48827	0.03761	0.32715	0.14697
V138	0.11735	0.40112	0.17404	0.30749
V139	0.20279	0.20582	0.20059	0.3908
V140	0.01136	0.05695	0.03125	0.90044
V141	0.03816	0.1299	0.48726	0.34468
V142	0.68461	0	0.3139	0.00149
V143	0.2566	0.27746	0.07328	0.39267
V144	0.0795	0.1263	0.1422	0.652
V145	0.00082	0.77268	0.21522	0.01128
V146	0.01977	0.0042	0.01411	0.96192
V147	0.82365	0.0355	0.03567	0.10518
V148	0.07334	0.05481	0.54069	0.33116
V149	0.16605	0.58378	0.23725	0.01292
V150	0.05525	0.23491	0.57576	0.13408
V151	0.11776	0.64494	0.03525	0.20205
V152	0.14034	0.4696	0.22578	0.16428
V153	0.06106	0.74397	0.01817	0.1768
V154	0.15233	0.5027	0.28569	0.05927
V155	0.31607	0.16011	0.33445	0.18937
V156	0.02208	0.11865	0.65449	0.20479
V157	0.17581	0.14881	0.31525	0.36013
V158	0.00364	0	0.00881	0.98755
V159	0.77279	0.10425	1e-05	0.12295
V160	0.46908	0.00444	0.0825	0.44399
V161	0.08903	0.00336	0.02066	0.88695
V162	0.0323	0.23871	0.06217	0.66682
V163	0.05389	0.45753	0.15367	0.3349
V164	0.19314	0.31513	0.10881	0.38291
V165	0.00368	0.20079	0	0.79553
V166	0.0034	0.06545	0.04521	0.88594
V167	0.16361	0	0.00258	0.83382
V168	0.1736	0.63402	0.08713	0.10525
V169	0.07902	0.03679	0.02625	0.85794
V170	0.05897	0.0095	0.46914	0.46238
V171	0.08262	0.24444	0.5988	0.07414
V172	0.59173	0	0.39019	0.01808
V173	0.01183	0.10404	0.02545	0.85867
V174	0.00737	0.11707	0.05097	0.82459
V175	0.04049	0	0.75266	0.20685
V176	0.00586	0.82239	0.16061	0.01115
V177	0.00633	0.96871	0	0.02496
V178	0.00492	0.7036	0.00241	0.28907
V179	0.08176	0.00281	0.33888	0.57655
V180	0.0175	0.90928	0.07322	0
V181	0.09686	0.11927	0.52761	0.25626
V182	0.1928	0.19249	0.50184	0.11287
V183	0.10975	0.87258	0.00539	0.01228
V184	0.97931	0.00153	0.01665	0.00251
V185	0.4086	0.55831	0.01764	0.01545
V186	0.06916	0.47688	0.25118	0.20278
V187	0.91135	0.01263	0.05388	0.02214
V188	0.02612	0.17839	0	0.7955
V189	0.62007	0.02737	0.02752	0.32504
V190	0.52592	0.00743	0.44925	0.01739
V191	0.11799	0.21418	0.59226	0.07557
V192	0.17252	0.4859	0.05336	0.28822
V193	0.4176	0.03407	0.29763	0.25069
V194	0.02274	0.93457	0.0045	0.03819
V195	0.00594	0.00872	0.97109	0.01426
V196	0.00346	0.0446	0.00212	0.94982
V197	0.20403	0.04006	0.02235	0.73355
V198	0.04108	0.50541	0.35559	0.09792
V199	0.07287	0.01511	0.13863	0.77339
V200	0.06707	0.52784	0.01594	0.38915
V201	0.05586	0.5399	0.1788	0.22543
V202	0.01	0.00439	0.71167	0.27393
V203	0.10323	0.45512	0.39979	0.04186
V204	0.004	0.43816	0.00124	0.5566
V205	0.01181	0.03797	0.92135	0.02887
V206	0.03123	0.08003	0.87528	0.01345
V207	0.0585	0.15048	0.04046	0.75056
V208	0.16689	0.05769	0.74514	0.03028
V209	0.17501	0.49259	0.07308	0.25933
V210	0.05199	0.77698	0.08958	0.08145
V211	0.20993	0.00929	0.02958	0.75119
V212	0.36987	0.0379	0.54137	0.05086
V213	0.4189	0.03186	0.13551	0.41373
V214	0.18122	0.15369	0.16377	0.50132
V215	0.13209	0.07907	0.01424	0.77461
V216	0.01144	0	0.00846	0.9801
V217	0.02656	0.45346	0.20641	0.31357
V218	0.05333	0.41209	0.15149	0.38309
V219	0.0575	0.59806	0.00912	0.33531
V220	0.00514	0.77136	0.00272	0.22079
V221	0.59601	0.00655	0.00693	0.39051
V222	0.18781	0.13183	0.37949	0.30087
V223	0.00507	0.12378	0.7404	0.13075
V224	0.9525	0.00116	0.04397	0.00237
V225	0.03484	0.89872	0.05509	0.01135
V226	0.20576	0.08215	0.68123	0.03086
V227	0.66904	0	0.29282	0.03814
V228	0.60316	0.08995	0.09715	0.20974
V229	0.01169	0.00708	0.93686	0.04437
V230	0.00347	0.01163	0.00838	0.97652
V231	0.00775	0.21128	0.0812	0.69977
V232	0.02506	0.58238	0	0.39256
V233	0.38082	0.10059	0.24112	0.27747
V234	0.02274	0.92401	0.02854	0.02472
V235	0.25649	0.05857	0.6196	0.06534
V236	0.02952	0.05241	0.7836	0.13448
V237	0.06633	0.00353	0.02086	0.90929
V238	0.07919	0.57755	0.25812	0.08513
V239	0.03235	0.32864	0.01314	0.62587
V240	0.3423	0.03587	0.51851	0.10333
V241	0.01108	0	0.86955	0.11937
V242	0.07835	0.80278	0.09338	0.02549
V243	0.15507	0.03234	0.67061	0.14199
V244	0.12789	0	0.71614	0.15598
V245	0.42462	0.38546	0.06796	0.12196
V246	0.03677	0.14177	0.77884	0.04262
V247	0.10798	0.00801	0.88359	0.00042
V248	0.0073	0.01694	0.0259	0.94985
V249	0	0.02455	0.85722	0.11823
V250	0.64777	0	0.33362	0.01861
V251	0.89098	0.07381	0.01326	0.02195
V252	0.0062	0.85004	0.14375	0
V253	0.19455	0.0624	0.16015	0.5829
V254	0.00619	0.9369	0.04556	0.01135
V255	0.02801	0.90679	0	0.0652
V256	0.10829	0.21671	0.5243	0.1507
V257	0.25041	0.09875	0.24845	0.40239
V258	0.10413	0.26487	0.41896	0.21204
V259	0.02303	0.29293	0.61249	0.07155
V260	0.00029	0.28521	0.70199	0.01251
V261	0.41626	0.03346	0.24584	0.30443
V262	0.03731	0.03661	0.00724	0.91884
V263	0.01159	0.95032	0	0.03809
V264	0.08651	0.02573	0.39634	0.49142
V265	0.01142	0	0.09098	0.8976
V266	0.49214	0.49775	0.00924	0.00087
V267	0	0.13775	0.22282	0.63943
V268	0.19616	0.01697	0.13301	0.65385
V269	0.00529	0.54982	0.36343	0.08146
V270	0.47119	0.02507	0.32299	0.18075
V271	0.62682	0.09226	0.0511	0.22982
V272	0.03281	0.79872	0.01031	0.15816
V273	0.01959	0.01011	0.01975	0.95055
V274	0.51745	0	0.24667	0.23588
V275	0.00017	0.00951	0.97571	0.01461
V276	0.31502	0.39503	0.01267	0.27728
V277	0.017	0.15461	0.11838	0.71001
V278	0.01617	0.03487	0.21068	0.73828
V279	0.49207	0.07008	0.14753	0.29032
V280	0.00364	0	0.00881	0.98755
V281	0.33564	0.02891	0.15611	0.47934
V282	0.03611	0.05381	0.80611	0.10397
V283	0.1181	0.58882	0.06142	0.23166
V284	0.0172	0.91718	0.05434	0.01128
V285	0.04545	8e-05	0.95409	0.00039
V286	0.14423	0.58085	0.11291	0.16202
V287	0.05784	0.89071	0.01233	0.03911
V288	0.00946	0.24377	0.36982	0.37695
V289	0.1751	0.23531	0.44801	0.14158
V290	0.71255	0.26282	0.02322	0.00141
V291	0.34888	0.0748	0.54344	0.03289
V292	0.83977	0.01027	0.00031	0.14965
V293	0.19508	0.00512	0.72005	0.07975
V294	0.04051	0.29561	0	0.66388
V295	0.00771	0.13002	0.14106	0.7212
V296	0.10912	0.11618	0.61985	0.15484
V297	0.02815	0	0.04445	0.9274
V298	0.19922	0.10526	0.66479	0.03072
V299	0.03123	0.21315	0.00704	0.74858
V300	0	0.01562	0.1608	0.82359
V301	0.07296	0.10111	0.62763	0.19831
V302	0.48815	0.47716	0	0.03469
V303	0.00051	0.59364	0.35333	0.05252
V304	0.03346	0.0116	0.69011	0.26483
V305	0.06582	0.13995	0.41757	0.37667
V306	0.66246	0.14033	0.07954	0.11767
V307	0.01163	0.95119	0.01242	0.02476
V308	0.12223	0.21762	0.28275	0.3774
V309	0.17619	0.30944	0.02474	0.48963
V310	0.03888	0.26153	0.12124	0.57835
V311	0.35691	0.6207	0.00742	0.01498
V312	0.05948	0.7624	0.13885	0.03927
V313	0	0.07264	0.0075	0.91986
V314	0.00903	0.40865	0.09053	0.4918
V315	0.06362	0.59158	0.03192	0.31288
V316	0.18002	0.13272	0.40235	0.28491
V317	0.04853	0.66362	0.04053	0.24732
V318	0.01853	0.47189	0.00755	0.50203
V319	0.03698	0.04539	0.85844	0.05919
V320	0.04644	0.13035	0.61465	0.20856
V321	0.48083	0.50928	0.00908	0.00082
V322	0.09129	0.28602	0.06148	0.56121
V323	0.01992	0.00907	0.05764	0.91338
V324	0.49767	0.35243	0.0971	0.0528
V325	0.1895	0.73653	0.06109	0.01288
V326	7e-05	0.48234	0.07362	0.44398
V327	0.00736	0.10141	0.07117	0.82007
V328	0.02773	0.01147	0.68393	0.27687
V329	0.07474	0.08507	0.13406	0.70612
V330	0.22176	0.00293	0.34707	0.42824
V331	0.15856	0.07207	0.03603	0.73334
V332	0.00323	0.02886	0.12659	0.84132
V333	0.26835	0.07489	0.4416	0.21516
V334	0.19675	0.00279	0.35881	0.44164
V335	0.01602	0.31562	0.46951	0.19886
V336	0.10003	0.71367	0.01883	0.16747
V337	0.17515	0.45051	0.31388	0.06045
V338	0.00125	0.98186	0.00522	0.01167
V339	0.07902	0	0.90683	0.01415
V340	0.03265	0.20397	0.47296	0.29042
V341	0.00722	0.0166	0.03793	0.93826
V342	0.14721	0	0.62054	0.23225
V343	0.93499	0.02789	0.01418	0.02294
V344	0.53276	0.21115	0.25515	0.00095
V345	0.00629	0.01047	0.98282	0.00042
V346	0.11746	0.09912	0.26386	0.51955
V347	0.01624	0.00343	0.08684	0.89349
V348	0.03283	0.62091	0.12842	0.21783
V349	0.20989	0.17467	0.42089	0.19455
V350	0.01737	0.81906	0.16357	0
V351	0.00776	0.0153	0.29931	0.67763
V352	0.02967	0.00544	0.83115	0.13374
V353	0.75061	0.03102	0.05579	0.16257
V354	0.02856	0.69568	0.20898	0.06678
V355	0.15626	0.06729	0.46304	0.31341
V356	0.01143	0.00929	0.0644	0.91488
V357	0.05941	0.30176	0.24776	0.39107
V358	0.31905	0.11019	0.05508	0.51567
V359	0.33421	0.05756	0.03624	0.57199
V360	0.38026	0.56079	0.02683	0.03211
V361	0.00044	0.45831	0.52924	0.01201
V362	0.00123	0.9742	0.013	0.01157
V363	0.08965	0.10206	0.43592	0.37238
V364	0.09436	0.05104	0.68725	0.16736
V365	0.113	0.01725	0.00828	0.86147
V366	0.04331	0.65076	0.07478	0.23115
V367	0.33891	0.15408	0.00388	0.50313
V368	0.05048	0.72218	0.07793	0.14941
V369	0.01149	0.4085	0.56794	0.01207
V370	0.18563	0.30522	0.44774	0.06141
V371	0.10771	0.75044	0.02822	0.11364
V372	0.06763	0.03672	0.09089	0.80476
V373	0.04262	0.11628	0.41743	0.42367
V374	0.66335	0.00957	0.32564	0.00143
V375	0.01604	0.02241	0.09953	0.86202
V376	0.01136	0.01615	0.06393	0.90856
V377	0.55047	0	0.01552	0.43402
V378	0.00341	0.01543	0.30599	0.67517
V379	0.16192	0.18084	0.00885	0.64839
V380	0.06377	0.05208	0.15494	0.72921
V381	0.52036	0.0145	0.12274	0.3424
V382	0.05181	0.01688	0.91734	0.01398
V383	0.64873	0.00615	0.07405	0.27106
V384	0.34194	0.08219	0.15004	0.42583
V385	0.7229	0.0187	0.11902	0.13937
V386	0.13398	0.00852	0.12028	0.73722
V387	0.40619	0.18108	0.23869	0.17404
V388	0.2161	0.35585	0.1567	0.27135
V389	0.25594	0.60567	0.01335	0.12503
V390	0.1878	0.2876	0.51097	0.01363
V391	0.20493	0.09467	0.01582	0.68458
V392	0.24858	0.23796	0.17848	0.33499
V393	0.16075	0.23584	0.35724	0.24617
V394	0.04084	0.17448	0.08383	0.70085
V395	0.11809	0.39079	0.19409	0.29703
V396	0.00615	0.95138	0.0046	0.03786
V397	0.62479	0.12421	0.15511	0.09589
V398	0.24913	0.13565	0.09873	0.5165
V399	0.10846	0.56808	0.15003	0.17343
V400	7e-05	0.49544	0.05016	0.45433
V401	0.02276	0.1446	0.70012	0.13251
V402	0.66724	0.27247	0.05902	0.00127
V403	0.00722	0.0099	0.04443	0.93846
V404	0.05447	0.18958	0.59376	0.1622
V405	0.09397	0.02233	0.1334	0.75029
V406	0.44056	0.32632	0.02484	0.20828
V407	0.00125	0.98186	0.00522	0.01167
V408	0.0486	0.21843	0.35399	0.37898
V409	0	0.00549	0.00884	0.98567
V410	0.05189	0.88042	0.02879	0.0389
V411	0.21012	0.00335	0	0.78654
V412	0.08383	0.06273	0.46164	0.3918
V413	0.03149	0.43602	0.15752	0.37497
V414	0.02139	0.48181	0.30207	0.19473
V415	0.25241	0.02765	0.24242	0.47752
V416	0.00606	0.06297	0.93073	0.00023
V417	0.24214	0.73794	0.0064	0.01352
V418	0.03007	0.07195	0.10097	0.79701
V419	0.00357	0	0.01445	0.98198
V420	0.00074	0.84746	0.01039	0.1414
V421	0.09234	0.0302	0.67806	0.1994
V422	0.01565	0.03753	0.00192	0.9449
V423	0.05075	0.00633	0.89849	0.04444
V424	0	0.03491	0.52598	0.43911
V425	0.0348	0.2285	0.56193	0.17476
V426	0.05514	0.03211	0.79081	0.12194
V427	0.03646	0.35187	0.16492	0.44675
V428	0.05044	0.7618	0.05183	0.13593
V429	0.00363	0	0.02106	0.97531
V430	0.56654	0.23906	0.02767	0.16674
V431	0.09241	0.01757	0.41723	0.47279
V432	0.0433	0.06543	0.03238	0.85888
V433	0.03149	0.67331	0	0.2952
V434	0.15129	0.06282	0.04314	0.74275
V435	0.29098	0.01038	0.12728	0.57136
V436	0.18134	0.00929	0.10386	0.70551
V437	0.09718	0.18892	0.00141	0.71249
V438	0.37867	0.1886	0.0402	0.39254
V439	0.01146	0.06488	0.00166	0.92201
V440	0.24908	0.0339	0.03157	0.68545
V441	0.03904	0.11329	0.53994	0.30774
V442	0.17529	0.35331	0.13971	0.33169
V443	0.52825	0.00504	0.12323	0.34348
V444	0.00629	0.01047	0.98282	0.00042
V445	0.45897	0.01562	0.45398	0.07142
V446	0.02163	0.80794	0.05111	0.11933
V447	0.43435	0.11949	0.23141	0.21476
V448	0.00729	0.04211	0.13401	0.81658
V449	0.38133	0.04474	0.36433	0.20959
V450	0.08379	0.90223	0.01398	0
V451	0.85027	0.08482	0.00061	0.0643
V452	0.01139	0.00372	0.04449	0.94039
V453	0.65128	0.10923	0.10299	0.13651
V454	0.00107	0.92923	0.04516	0.02453
V455	0.43197	0.03591	0.39066	0.14147
V456	0.18932	0.12226	0.40305	0.28538
V457	0	0.01247	0.003	0.98453
V458	0.11526	0.19227	0.00148	0.69099
V459	0.01057	0.76067	0.0844	0.14437
V460	0.89255	0.01133	0.05221	0.04391
V461	0.01984	0.01734	0.00219	0.96064
V462	0.16743	0.23051	0	0.60206
V463	0.14337	0.49836	0.1633	0.19497
V464	0.27161	0.1008	0.00293	0.62465
V465	0.23249	0.47183	0.02878	0.2669
V466	0.3563	0.21851	0.00416	0.42103
V467	0.19052	0.64571	0.08928	0.0745
V468	0.32533	0.49568	0.06369	0.11531
V469	0.00842	0.1399	0.22748	0.6242
V470	0.34972	0.14389	0.213	0.2934
V471	0.11403	0.08627	0.02761	0.77209
V472	0.16282	0.31979	0	0.51739
V473	0.06087	0.5667	0.33199	0.04044
V474	0.04726	0	0.07392	0.87882
V475	0.08923	0.37177	0.07234	0.46666
V476	0.06608	0.00926	0.04015	0.88451
V477	0.39038	0.04323	0.2513	0.31509
V478	0.06666	0.54655	0.00224	0.38455
V479	0.01085	0.07224	0.771	0.14591
V480	0.03576	0.24002	0.03221	0.69201
V481	0.09251	0.00662	0.87106	0.02981
V482	0.52188	0.22712	0.15968	0.09132
V483	0.05296	0.08254	0.05413	0.81037
V484	0.00726	0.04342	0.0133	0.93602
V485	0.06503	0.71635	0.01017	0.20845
V486	0.13666	0.2558	0.12142	0.48612
V487	0.02974	0.02988	0.05976	0.88062
V488	0	0	0.82534	0.17466
V489	0.13391	0.10228	0.73414	0.02967
V490	0.1821	0.31837	0.06899	0.43054
V491	0.27892	0.55341	0.0416	0.12606
V492	0.01711	0.84603	0.12566	0.0112
V493	0.0039	0	0	0.9961
V494	0.11235	0.15491	0.51748	0.21526
V495	0.13436	0.67682	0.14705	0.04178
V496	0.16251	0.75108	0	0.0864
V497	0.00602	0.00022	0.9793	0.01446
V498	0.14054	0.08848	0.04301	0.72797
V499	0.45328	0.36325	0.16766	0.0158
V500	0.06313	0.1185	0.7441	0.07426
V501	0	0	0.0208	0.9792
V502	0.37883	0.359	0.19469	0.06748
V503	0.08941	0.08051	0.16665	0.66343
V504	0.13495	0.73788	0.01193	0.11524
V505	0.09918	0.20104	0.2345	0.46528
V506	0.05013	0.23613	0.41072	0.30302
V507	0.39415	0.12429	0.15047	0.33109
V508	0.57618	0.24728	0.06384	0.11269
V509	0.12661	0.05585	0.4912	0.32633
V510	0.13895	0.57431	0.27399	0.01274
V511	0.02268	0.33882	0.03307	0.60542
V512	0.10332	0.03794	0.06388	0.79486
V513	0.046	0.64142	0.20092	0.11166
V514	0.00359	0.03871	0	0.9577
V515	0.56387	0.08623	0.07003	0.27987
V516	0.82922	0.14898	0.00077	0.02103
V517	0.01609	0.01455	0.17882	0.79054
V518	0.91534	0.06042	0.00136	0.02288
V519	0.01598	0.82407	0.00309	0.15686
V520	0.01435	0	0.52425	0.4614
V521	0.40862	0.04985	0.47145	0.07007
V522	0.00417	0.10708	0.49364	0.39511
V523	0.19549	0.12801	0.26288	0.41363
V524	0.00555	0.76356	0.17892	0.05197
V525	0.10966	0.17415	0.02059	0.6956
V526	0.41065	0.09753	0.09224	0.39958
V527	0.10289	0.0172	0.36504	0.51487
V528	0.05664	0.86244	0	0.08092
V529	0.02545	0.04227	0.15836	0.77392
V530	0.00488	0.1948	0.63012	0.1702
V531	0.01184	0.88005	0.10811	0
V532	0.07727	0.28324	0.02119	0.61831
V533	0.14924	0.35437	0.13565	0.36074
V534	0.00428	0.00394	0.61966	0.37212
V535	0.29199	0	0.01012	0.69789
V536	0.09243	0	0.33015	0.57742
V537	0.42328	0.3428	0.20084	0.03308
V538	0.24137	0.05238	0.08415	0.62211
V539	0.14943	0.44893	0.16165	0.23999
V540	0.11634	0.73843	0.07458	0.07065
V541	0.00881	0.42845	0.04944	0.51331
V542	0.09424	0.11376	0.22411	0.56789
V543	0.71428	0.00765	0.01932	0.25874
V544	0.04457	0.06596	0.12779	0.76168
V545	0.17874	0.13498	0.06452	0.62175
V546	0.02894	0.89602	0.06372	0.01132
V547	0.0227	0.65191	0.29993	0.02546
V548	0.09215	0.81085	0.08515	0.01184
V549	0.21363	0.02594	0.72904	0.03139
V550	0.33162	0.02881	0	0.63957
V551	0.1024	0.76239	0.03692	0.09828
V552	0	0.42405	0.00122	0.57472
V553	0.14348	0.15871	0.65293	0.04488
V554	0.02004	0.05767	0.01299	0.9093
V555	0.04768	0.20405	0.29234	0.45593
V556	4e-05	0.01691	0.92358	0.05948
V557	0.5989	0.0388	0.0167	0.3456
V558	0.03804	0.74695	0.02527	0.18974
V559	0.00612	0.81313	0.18076	0
V560	0.52065	0.4623	0	0.01705
V561	0.00017	0.00951	0.97571	0.01461
V562	0.5976	0.00576	0.171	0.22563
V563	0.15697	0	0.82859	0.01444
V564	0.03736	0.06835	0.8657	0.0286
V565	0.06594	0.24456	0.34298	0.34651
V566	0.45722	0.12343	0.00508	0.41426
V567	0.10842	0.42509	0.02368	0.44282
V568	0.09873	0.00283	0.04063	0.85781
V569	0.42474	0.03165	0	0.54361
V570	0.01677	0.28682	0.58014	0.11626
V571	0.65195	0.19302	0	0.15503
V572	0.28146	0.0041	0.51115	0.2033
V573	0.02506	0.12667	0.00135	0.84692
V574	0.02258	0.78884	0.16379	0.0248
V575	0.00739	0.05756	0.08573	0.84931
V576	0.09081	0.84498	0.03841	0.0258
V577	0.01597	0.02806	0.14841	0.80755
V578	0.03309	0.05528	0.61661	0.29502
V579	0.00582	0.8683	0.08808	0.03779
V580	0.06027	0.00276	0.08099	0.85599
V581	0.02396	0.05077	0	0.92527
V582	0.35222	0.17214	0.03894	0.43671
V583	0.00412	0.03456	0.50248	0.45884
V584	0.35708	0.19593	0.36147	0.08552
V585	0.00344	0.00275	0.34106	0.65275
V586	0.14502	0.00426	0.67957	0.17114
V587	0.17223	0.0055	0.75931	0.06296
V588	0.38333	0.0496	0.02886	0.53821
V589	0.03349	0.79902	0.06022	0.10727
V590	0.02916	0.77607	0.18346	0.01132
V591	0	0.02247	0.13992	0.83761
V592	0.10072	0.02871	0.87018	0.00038
V593	0.35992	0	0.21216	0.42792
V594	0.2076	0.32955	0.36898	0.09387
V595	0.0076	0.01153	0.00853	0.97234
V596	0.01842	0.23091	0.17813	0.57253
V597	0.00035	0.55613	0.30817	0.13536
V598	0.01156	0.11132	0.84906	0.02806
V599	0.44689	0.43589	0.04824	0.06897
V600	0.20858	0.51762	0.05632	0.21748
V601	0.07352	0.23731	0.06698	0.62219
V602	0.00744	0.01172	0.00249	0.97834
V603	0.00366	0.2854	0.00692	0.70401
V604	0.35614	0.1478	0.42782	0.06824
V605	0.03849	0.30575	0.35763	0.29812
V606	0.51677	0.21242	0.0157	0.25511
V607	0.41434	0.01271	0.13455	0.4384
V608	0.11616	0.15502	0.3675	0.36132
V609	0.01328	0.19333	0.18595	0.60744
V610	0.56429	0.02567	0.12889	0.28116
V611	0.1262	0.00301	0.04266	0.82813
V612	0.01702	0.08346	0.78174	0.11779
V613	0.02293	0.33697	0.56897	0.07113
V614	0.55028	0.08486	0.06896	0.29589
V615	0.05072	0.03774	0.00168	0.90986
V616	0.04258	0.65866	0.04012	0.25864
V617	0.33052	0.20386	0.46504	0.00059
V618	0.46586	0.00497	0	0.52917
V619	0.21561	0.02745	0.32653	0.43041
V620	0.00574	0.6681	0.31481	0.01135
V621	0.24139	0.16372	0.18374	0.41114
V622	0.22703	0.26235	0.44743	0.06319
V623	0.00735	0.05017	0.0993	0.84317
V624	0.64232	0.30121	0	0.05647
V625	0.14815	0.51243	0.10064	0.23878
V626	0.91103	0.04265	0.00103	0.04529
V627	0	0.0109	0.04504	0.94406
V628	0	0.1645	0.00687	0.82863
V629	0.06453	0.26992	0.24837	0.41719
V630	0.02279	0.33459	0.55734	0.08527
V631	0.00773	0.14581	0.07431	0.77215
V632	0.35059	0	0.15477	0.49464
V633	0	0.02217	0.77148	0.20635
V634	0.26211	0.32375	0.39981	0.01433
V635	0.01521	0.6903	0.00242	0.29208
V636	0.07215	0.10025	0.61488	0.21272
V637	0.15184	0.18462	0.08134	0.5822
V638	0.20048	0.26572	0.06957	0.46424
V639	0.16718	0.49278	0.34002	3e-05
V640	0.0231	0.14815	0.74121	0.08754
V641	0.75535	0.05883	0.04441	0.14141
V642	0.57984	0.25319	0	0.16697
V643	0.0041	0.16045	0.38265	0.4528
V644	0.81759	0.12896	0.01158	0.04187
V645	0.16044	0.46016	0.33574	0.04366
V646	0.00645	0.97682	0.00509	0.01163
V647	0.08897	0.08568	0.71912	0.10623
V648	0.26041	0.51719	0.15987	0.06254
V649	0.01722	0.05423	0.82545	0.10309
V650	0.03568	0.08327	0.76179	0.11927
V651	0.20452	0	0.78064	0.01484
V652	0.04681	0.07676	0.38144	0.495
V653	0.06735	0.65422	0.09639	0.18204
V654	0.50827	0.2797	0.08395	0.12808
V655	0.01897	0.49194	0.01435	0.47474
V656	0.09068	0.22941	0.00758	0.67233
V657	0.00739	0.04412	0.00201	0.94648
V658	0.38855	0.2618	0.07355	0.2761
V659	0.18276	0.08635	0.3703	0.36059
V660	0.01703	0.94495	0	0.03802
V661	0.02859	0.34913	0.04131	0.58098
V662	0.25867	0.01233	0.52791	0.20109
V663	0.14335	0.07146	0.581	0.20419
V664	0.12503	0.06509	0.71632	0.09356
V665	0.48676	0.25574	0.05819	0.19932
V666	0.34366	0	0.11142	0.54492
V667	0.636	0.10591	0.25682	0.00127
V668	0.0725	0.84247	0.08503	0
V669	0.13203	0.43275	0.25385	0.18137
V670	0.04574	0.91543	0	0.03883
V671	0.21822	0.32163	0.28248	0.17767
V672	0.01156	0.01585	0.91318	0.05941
V673	0.12758	0.37368	0.22706	0.27168
V674	0.50394	0.19682	0.02507	0.27417
V675	0.07172	0.31296	0.29751	0.3178
V676	0.01165	0.07919	0.07181	0.83735
V677	0.22529	0.44675	0.10712	0.22085
V678	0.34974	0.61859	0.01686	0.01481
V679	0.03052	0.32131	0.62083	0.02733
V680	0.18616	0.61794	0.15267	0.04323
V681	0.78888	0.10651	0.02251	0.0821
V682	0.06876	0.3105	0.5482	0.07254
V683	0.00671	0.97972	0.01356	0
V684	0.51381	0.22402	0.13339	0.12877
V685	0.32435	0.42469	0.15289	0.09807
V686	0.04095	0.14141	0.1136	0.70404
V687	0.00743	0.00459	0.00844	0.97954
V688	0.21532	0.55535	0	0.22933
V689	0.10405	0	0.03395	0.862
V690	0.31066	0.04594	0.50695	0.13645
V691	0.09974	0	0.88603	0.01423
V692	0.04817	0.13614	0.69602	0.11967
V693	0.12128	0.10132	0.35195	0.42545
V694	0.00315	0.0148	0.20656	0.77549
V695	0.10344	0.00254	0.12581	0.76821
V696	0.02873	0.05816	0.00715	0.90596
V697	0.00357	0.03189	0.00247	0.96207
V698	0.60196	0.00641	0.01679	0.37484
V699	0.3729	0.35454	0.08571	0.18686
V700	0.09374	0.01687	0.00191	0.88749
V701	0.05863	0.48587	0.09862	0.35688
V702	0.30848	0.08649	0.01098	0.59405
V703	0.06963	0.04319	0.44056	0.44661
V704	0.62881	0.06419	0.03907	0.26792
V705	0.88757	0	0.02487	0.08756
V706	0.04787	0.04142	0.7601	0.15061
V707	0.02254	0.4337	0.47442	0.06935
V708	0.02161	0.84089	0.01837	0.11913
V709	0.08053	0.27041	0.51441	0.13465
V710	0.38538	0.25934	0.06241	0.29287
V711	0.05238	0.80374	0.09042	0.05347
V712	0.61014	0.0769	0.00705	0.30592
V713	0.24501	0.32012	0.03603	0.39884
V714	0.00452	0.57796	0.01501	0.40251
V715	0.17958	0.37068	0.32522	0.12452
V716	0.01136	0.02327	0.02556	0.93981
V717	0.04605	0.92854	0	0.02541
V718	0.08172	0.5564	0.17455	0.18732
V719	0.0318	0.64516	0.03138	0.29166
V720	0.51825	0	0.31648	0.16528
V721	0.06643	0.15151	0.43062	0.35144
V722	0.04105	0.27086	0.00706	0.68103
V723	0.04311	0.05969	0.00159	0.89561
V724	0.34332	0.02893	0.09373	0.53402
V725	7e-05	0.08771	0.85433	0.05789
V726	0.01817	0.31105	0.0955	0.57527
V727	0.1612	0.72665	0.09961	0.01254
V728	0.01717	0.88157	0.09001	0.01125
V729	0.20933	0.00956	0.15531	0.6258
V730	0.79602	0.04831	0.07297	0.0827
V731	0.01408	0.16654	0.33286	0.48652
V732	0.19755	0.07712	0.36231	0.36302
V733	0.41677	0.23872	0.04309	0.30142
V734	0.14993	0.33978	0.49718	0.01311
V735	0.00863	0.01662	0.3974	0.57735
V736	0.05386	0.0039	0.00195	0.94029
V737	0.18916	0.30964	0.25042	0.25078
V738	0.04578	0.31935	0.41932	0.21555
V739	0	0.00376	0.51012	0.48612
V740	0.71555	0.13464	0.11069	0.03912
V741	0.27868	0.10844	0.13246	0.48042
V742	0.25909	0.72452	0.0162	0.00019
V743	0.08459	0.14379	0.72804	0.04358
V744	0.34073	0.04381	0.3943	0.22117
V745	0.01042	0.65055	0.16463	0.1744
V746	0.97321	0.00081	0.00181	0.02418
V747	0.03216	0	0.63461	0.33323
V748	0.0696	0.09591	0.5498	0.28469
V749	0.12772	0.15457	0.04425	0.67346
V750	0.24313	0.51473	0.02078	0.22136
V751	0.02787	0.84422	0.03516	0.09274
V752	0.27364	0.25239	0.14891	0.32507
V753	0.00378	0.00605	0	0.99017
V754	0.00574	0.89075	0	0.10351
V755	0.07585	0.17848	0.31061	0.43506
V756	0.00742	0.00432	0.02627	0.96199
V757	0.20572	0.66402	0.07055	0.05971
V758	0.02775	0.738	0.11326	0.12099
V759	0.06129	0.04907	0.34784	0.54181
V760	0.14926	0.05211	0.26365	0.53497
V761	0.04031	0.56321	0.25734	0.13913
V762	0	0.29346	0.00691	0.69962
V763	0.20947	0.37246	0.02658	0.39149
V764	0.00569	0.88704	0.00358	0.1037
V765	0.41653	0.10606	0	0.47741
V766	0.00973	0.289	0.38494	0.31633
V767	0.29655	0.14088	0.2751	0.28746
V768	0.03432	0.90707	0.02027	0.03833
V769	0.08378	0.86089	0.02966	0.02567
V770	0.00645	0.97682	0.00509	0.01163
V771	0.10656	0.00661	0.85678	0.03006
V772	0.08676	0.03754	0.86184	0.01387
V773	0.0964	0.87237	0.00501	0.02622
V774	0.01155	0	0.92896	0.05949
V775	0.0503	0.02966	0.21895	0.70109
V776	0.2569	0.47889	0.05896	0.20525
V777	0.07353	0.09251	0.10836	0.72561
V778	0.33691	0.32961	0.08205	0.25143
V779	0.08778	0.03495	0.45756	0.41972
V780	0.06664	0.80179	0.13157	0
V781	0.01559	0.01682	0.01381	0.95377
V782	0.00513	0.11443	0.76368	0.11675
V783	0.5673	0.02546	0.06895	0.33829
V784	0.06567	0.90939	0.01312	0.01182
V785	0.02263	0.92725	0.01212	0.038
V786	0.53916	0.22755	0.12264	0.11066
V787	9e-04	0.83676	0.15119	0.01114
V788	0.33882	0.37431	0.18742	0.09945
V789	0.03222	0.29067	0.01965	0.65746
V790	0.23092	0.02509	0.07215	0.67184
V791	0.07406	0.36576	0.31295	0.24723
V792	0.06517	0.48508	0.00204	0.44771
V793	0.06411	0.61496	0.03234	0.28858
V794	0.02958	0.07267	0.76393	0.13382
V795	0.04344	0.03027	0.03974	0.88655
V796	0.01775	0.07749	0.8615	0.04326
V797	0.62006	0	0.3422	0.03774
V798	0.44532	0.39835	0.1054	0.05092
V799	0.07483	0.77356	0.02728	0.12434
V800	0.03602	0.01711	0.44421	0.50266
V801	0.06651	0.10261	0.28311	0.54777
V802	0.017	0.05887	0.20522	0.7189
V803	0.13854	0.57573	0.28573	0
V804	0.36079	0.01338	0.47303	0.1528
V805	0.00645	0.00128	0.99176	0.00051
V806	0.02821	0.89458	0.01154	0.06567
V807	0.11024	0.12903	0.02769	0.73304
V808	0.4789	0.37251	0.06029	0.0883
V809	0.02532	0.03024	0.94416	0.00028
V810	0.00657	0.98162	0	0.01182
V811	0.23834	0.07581	0.20928	0.47657
V812	0.34117	0.31351	0.06033	0.28499
V813	0.42395	0.25802	0.24838	0.06966
V814	0.2823	0.64871	0.05508	0.01391
V815	0.00108	0.91565	0.07189	0.01138
V816	0.88541	6e-05	0.11241	0.00212
V817	0.01795	0.06871	0.88489	0.02846
V818	0	0.03119	0.01989	0.94892
V819	0.67567	0.12648	0.07988	0.11797
V820	0.05133	0.07376	0.01307	0.86184
V821	0.12819	0.33285	0.40188	0.13708
V822	0.04385	0.01561	0.89619	0.04435
V823	0.0166	0.18582	0.63823	0.15935
V824	0.0575	0.39702	0.54548	0
V825	0.11588	0.285	0.24073	0.3584
V826	0.28139	0.50274	0.18561	0.03026
V827	0.23584	0.68987	0.014	0.06029
V828	0.09975	0.14409	0.09214	0.66402
V829	0.01679	0.18742	0.02571	0.77008
V830	0.09426	0.19049	0.02027	0.69498
V831	0.56775	0.12432	0.04774	0.26019
V832	0.14746	0.41097	0.16911	0.27246
V833	0.07858	0.49005	0.17158	0.25979
V834	0.12752	0.06195	0.06494	0.74559
V835	0.21419	0.50005	0.13021	0.15555
V836	0.0045	0.57706	0.00187	0.41657
V837	0.11712	0.37657	0.18261	0.32371
V838	0.85698	0.07032	0.05148	0.02122
V839	0.18513	0.69063	0.11143	0.01281
V840	0.17943	0.81394	0.00663	0
V841	0	0.03487	0.86252	0.10261
V842	0.19987	0.1743	0.2676	0.35823
V843	0.011	0.0138	0.8422	0.133
V844	0.05629	0.07471	0.3288	0.5402
V845	0.04228	0.10446	0.73386	0.1194
V846	0	0.00455	0.669	0.32645
V847	2e-05	0	0.00356	0.99642
V848	0.04811	0.46543	0.1531	0.33337
V849	0.00103	0.93036	0.00426	0.06435
V850	0.92833	0	0.02643	0.04524
V851	0.2109	0.62031	0.16874	5e-05
V852	0.04275	0.0355	0.09322	0.82853
V853	0.13992	0.23532	0.40975	0.21501
V854	0.3837	0.21059	0.12862	0.27709
V855	2e-05	0	0.00356	0.99642
V856	0.02627	0.31834	0.31122	0.34417
V857	0.4529	0.23188	0.0445	0.27072
V858	0.4083	0.00701	0.56836	0.01633
V859	0.44968	0.31565	0.0251	0.20957
V860	0.07818	0.09283	0.04105	0.78795
V861	0.05725	0.37029	0.5449	0.02756
V862	0.08296	0.08586	0.74044	0.09074
V863	0.07933	0.04557	0	0.87511
V864	0.02432	0.02287	0.03192	0.92089
V865	0.04931	0.00228	0.20569	0.74272
V866	0.58045	0.01838	0.36438	0.03679
V867	0.58487	0.03118	0.36603	0.01792
V868	0.33103	0.33919	0.16255	0.16723
V869	0.01193	0.97148	0.00506	0.01153
V870	0.0461	0.27473	0.01321	0.66596
V871	0.00103	0.93036	0.00426	0.06435
V872	0.00316	0.00856	0.175	0.81328
V873	0.76892	0.04648	0.0839	0.1007
V874	0.11712	0.85136	0.03152	0
V875	0.00772	0.1466	0.14913	0.69655
V876	0.09201	0.33619	0.41082	0.16099
V877	0.02629	0.35872	0.26071	0.35428
V878	0.07789	0.85539	0.06671	0
V879	0.10729	0.706	0.04491	0.1418
V880	0.16979	0.573	0.00339	0.25382
V881	0.08006	0.03734	0.56757	0.31503
V882	0.62299	0	0.18683	0.19018
V883	0.18055	0.22868	0.59053	0.00023
V884	0.00777	0.20864	0	0.78359
V885	0.55317	0.31629	0.12956	0.00097
V886	0.01027	0.34296	0.42503	0.22174
V887	0.41725	0.07843	0.19849	0.30583
V888	0.06053	0.04134	0.73305	0.16508
V889	0.8207	0.08079	0.03616	0.06235
V890	0.02125	0.13264	0.55314	0.29297
V891	0.45598	0.06175	0.37543	0.10684
V892	0.12177	0.15687	0.00768	0.71368
V893	0.3955	0.27434	0.1924	0.13775
V894	0.04261	0.31641	0.56887	0.07211
V895	0.38392	0.07686	0.24018	0.29904
V896	0.02274	0.93457	0.0045	0.03819
V897	0.49283	0.3546	0.00666	0.14591
V898	0.22816	0	0.00261	0.76923
V899	0.01219	0.14589	0.10295	0.73897
V900	0.04289	0.26876	0.32356	0.36479
V901	0.02111	0.77733	0.00288	0.19868
V902	0.02885	0.91355	0.04624	0.01136
V903	0.00523	0.41611	0.49535	0.08331
V904	0.01201	0.97623	0	0.01176
V905	0.05936	0	0.12955	0.81109
V906	0.20789	0.09048	0.10356	0.59807
V907	0.26796	0.59907	0.02267	0.11031
V908	0.00335	0.03006	0.04494	0.92164
V909	0.07387	0.80309	0	0.12304
V910	0.06477	0	0.08747	0.84776
V911	0.33077	0.47895	0.04275	0.14753
V912	0.22292	0.35591	0.13625	0.28493
V913	0.04123	0	0.00225	0.95652
V914	0.10832	0.52034	0.29824	0.07311
V915	0.08811	0	0.00212	0.90978
V916	0.15748	0.05469	0.69357	0.09426
V917	0.51943	0.03675	0.22555	0.21827
V918	0.02779	0.6082	0.21522	0.14879
V919	0.10151	0.22589	0.27862	0.39398
V920	0.41219	0.25769	0.12142	0.2087
V921	0.0118	0.11887	0.01908	0.85025
V922	0.06055	0.47105	0.38305	0.08536
V923	0.02841	0.0095	0.0258	0.93629
V924	0.02227	0.6691	0.25544	0.05319
V925	0.07107	0.02387	0.00769	0.89737
V926	0.07998	0.01634	0.02037	0.88331
V927	0.00722	0.02326	0.0318	0.93772
V928	0.02771	0.86273	0.00361	0.10594
V929	0.03247	0.59289	0.11782	0.25682
V930	0.31433	0.44602	0.04137	0.19828
V931	0.08028	0.28206	0.50332	0.13434
V932	0.0209	0.10106	0.53458	0.34347
V933	0.42006	0.52982	0.01719	0.03293
V934	0.00346	0.11432	0.20468	0.67754
V935	0.37961	0.20537	0.26116	0.15387
V936	0.31475	0.31272	0.02052	0.35201
V937	0.32226	0.14536	0.09593	0.43644
V938	0.20823	0.0462	0.31592	0.42965
V939	0.52926	0.02461	0.10095	0.34518
V940	0.01663	0.7756	0.14198	0.06579
V941	0.00024	0.00093	0.98395	0.01488
V942	0.56377	0.27979	0.10149	0.05495
V943	0.25052	0.14948	0.48443	0.11558
V944	0.00779	0.2026	0.04577	0.74384
V945	0.36124	0.44043	0.01404	0.18429
V946	0.29535	0.32003	0.30176	0.08286
V947	0.03572	0.03599	0.17272	0.75557
V948	0.22165	0.02552	0.70536	0.04747
V949	0	0.07938	0.14268	0.77794
V950	0.03238	0.49011	0.19023	0.28728
V951	0.7119	0.02102	0.24787	0.01921
V952	0.0329	0.10227	0.20713	0.6577
V953	0.01142	0.04651	0.88338	0.05869
V954	0.01692	0.13806	0.10315	0.74188
V955	0.06226	0.54921	0.02334	0.36519
V956	0.01918	0.01683	0.43298	0.53101
V957	0.14538	0.01042	0	0.8442
V958	0.0039	0	0	0.9961
V959	0.13603	0.27732	0.44824	0.13842
V960	0.11011	0.24961	0.07067	0.56961
V961	0.07548	0.38133	0.33783	0.20535
V962	0.22098	0.19277	0.4407	0.14555
V963	0.40316	0.21972	0.20306	0.17405
V964	0.69703	0.04441	0.15981	0.09875
V965	0.0317	0.44862	0.16787	0.35181
V966	0.9156	0.02599	0.01331	0.04509
V967	0.03117	0.03375	0.45771	0.47736
V968	0	0.14571	0.73883	0.11545
V969	0.00358	0.21971	0.02569	0.75102
V970	0.01929	0.10086	0.35809	0.52175
V971	0.32685	0.10248	0.39948	0.17119
V972	0.29532	0.22269	0.05544	0.42655
V973	0.14047	0.41282	0.0767	0.37001
V974	0.00525	0.74227	0.12004	0.13244
V975	0.06425	0.30502	0.61816	0.01257
V976	0.25548	0.27177	0.12581	0.34694
V977	0.20008	0.41548	0.37088	0.01356
V978	0.02513	0.06547	0.04561	0.86379
V979	0.67721	0.02045	0.28363	0.01871
V980	0.97321	0.00081	0.00181	0.02418
V981	0.19103	0.02846	0.4455	0.33502
V982	0.26814	0.46307	0.09081	0.17799
V983	0.44951	0.07464	0.00481	0.47104
V984	0.01101	0.81868	0.10487	0.06544
V985	0.0308	0.14792	0.00152	0.81976
V986	0.18483	0.56169	0.0561	0.19738
V987	0.14319	0.81512	0	0.04169
V988	0.08435	0.0098	0.00783	0.89801
V989	0.28501	0.57278	0.09593	0.04628
V990	0	0.04017	0.72934	0.23049
V991	0.46943	0.49653	0	0.03404
V992	0.1084	0.00313	0.49141	0.39706
V993	0.04023	0.71581	0.16296	0.081
V994	0.11078	0.83265	0.03028	0.02629
V995	0.51514	0.14517	0.04577	0.29391
V996	0.11419	0.10288	0.00774	0.77519
V997	0.01052	0.00505	0.77758	0.20686
V998	0.73435	0.01893	0.1066	0.14012
V999	0.07081	0.9171	0	0.01209
V1000	0.1356	0.01761	0	0.84679
