CD56NK	CD4MemoryT	CD19B	CD14
V1	0.54358	0.00426	0.12814	0.32402
V2	0.12306	0.04641	0.03019	0.80034
V3	0.04695	0.57289	0.00403	0.37613
V4	0.87877	0.09881	0	0.02242
V5	0.1066	0.46256	0.22114	0.2097
V6	0.07066	0.89402	0.01219	0.02313
V7	0.13061	0.30455	0.05497	0.50987
V8	0.14275	0.0103	0.80579	0.04116
V9	0.21534	0.17983	0.0205	0.58434
V10	0.01844	0.0121	0.90104	0.06843
V11	0.2313	0.35686	0.40794	0.0039
V12	0.02314	0.61949	0.34393	0.01344
V13	0.27111	0.70542	0.00114	0.02232
V14	0.06158	0.93069	0.00257	0.00517
V15	0.11403	0.59324	0.09124	0.2015
V16	0.92198	0.03539	0.01048	0.03215
V17	0.08046	0.89013	0.0063	0.02311
V18	0.60349	0.32617	0.02734	0.04299
V19	0.15876	0.82642	0.00151	0.01331
V20	0.15217	0.40902	0.00856	0.43025
V21	0.14295	0.03436	0.78248	0.04021
V22	0.01408	0.04922	0.15037	0.78632
V23	0.43099	0.02712	0.53659	0.0053
V24	0.94743	0.03289	0.01937	0.00031
V25	0.34495	0.19168	0.09449	0.36888
V26	0.39302	0.34785	0.00858	0.25055
V27	0.07767	0.02356	0.0122	0.88657
V28	0.00823	0.03851	0.95213	0.00113
V29	0.48977	0.01613	0.45846	0.03564
V30	0.0913	0.16343	0.22572	0.51954
V31	0.20053	0.14935	0.24924	0.40089
V32	0.062	0.00617	0.0194	0.91243
V33	0.04181	0.50341	0.32699	0.12779
V34	0.14237	0.01999	0.79726	0.04037
V35	0.16214	0.74547	0.05857	0.03382
V36	0.00605	0.01397	0.39918	0.5808
V37	0.53679	0.04395	0.0649	0.35436
V38	0.40424	0	0.12742	0.46834
V39	0.16577	0.55937	0.09986	0.175
V40	0.09679	0.84564	0.05757	0
V41	0.00433	0.64009	0.0272	0.32837
V42	0.20151	0.01026	0.1566	0.63164
V43	0.14157	0.33622	0.48503	0.03717
V44	0.01473	0.04571	0.7118	0.22776
V45	0.09487	0.60418	0.19037	0.11059
V46	0.8417	0.0606	0.09317	0.00453
V47	0.50014	0.16075	0.28104	0.05807
V48	0.82521	0.1524	0.00074	0.02165
V49	0.74426	0.16197	0	0.09377
V50	0.06168	0.87149	0.06261	0.00422
V51	0.34039	0.39806	0.22723	0.03432
V52	0.02737	0.08355	0.84734	0.04175
V53	0.77134	0.10659	0.12207	0
V54	0.47544	0.16696	0.33413	0.02347
V55	0.20221	0.08505	0.19284	0.51989
V56	0.03386	9e-04	0.05535	0.90989
V57	0.09259	0.88186	0.01238	0.01317
V58	0.61237	0.00262	0.02459	0.36042
V59	0.4648	0.39865	0.08077	0.05579
V60	0.12478	0.10734	0.27341	0.49447
V61	0.82131	0.08118	0.00396	0.09354
V62	0.90967	0.02991	0.04729	0.01314
V63	0.01313	0.86872	0.09488	0.02327
V64	0.0052	0.83698	0	0.15783
V65	0.01251	0	0.06679	0.9207
V66	0.21607	0.6951	0.01022	0.07861
V67	0.16871	0.32643	0.49122	0.01363
V68	0.13294	0.09472	0.01209	0.76025
V69	0.02404	0.30128	0.61001	0.06467
V70	0.57972	0.11846	0.14795	0.15387
V71	0.15749	0.03975	0.31719	0.48558
V72	0.59806	0.12198	0.06719	0.21276
V73	0.15402	0.62663	0.11079	0.10856
V74	0.06207	0.21579	0.72213	0
V75	0.73533	0.00431	0.15333	0.10704
V76	0.00167	0.11566	0.13545	0.74722
V77	0.03081	0.22445	0.00341	0.74133
V78	0.29903	0.07533	0.14297	0.48266
V79	0.00802	0.06966	0.80178	0.12054
V80	0.38435	0.00959	0.49616	0.10989
V81	0.06107	0.14086	0.79199	0.00608
V82	0.00437	0.05282	0.93411	0.0087
V83	0.11481	0.12263	0.04867	0.71389
V84	0.37982	0.02411	0.12196	0.47412
V85	0.10976	0.29071	0.37013	0.2294
V86	0.0481	0.0303	0.86687	0.05473
V87	0.02994	0.85345	0.03637	0.08024
V88	0.15097	0.02887	0.21307	0.60708
V89	0.01659	0.00044	0.14951	0.83346
V90	0.02246	0.92548	0.03856	0.0135
V91	0.03009	0.77566	0.15924	0.03502
V92	0.48624	0.01151	0.33415	0.16811
V93	0.87324	0.01676	0	0.11001
V94	0.01207	0.38128	0.01121	0.59544
V95	0.26824	0.41567	0.12692	0.18917
V96	0.057	0.05741	0.01565	0.86994
V97	0.73904	0.08539	0.17114	0.00443
V98	0.7069	0.28015	0	0.01295
V99	0.84021	0.03885	0.11628	0.00466
V100	0.08531	0.01687	0.8689	0.02892
V101	0.01865	0.01311	0.00915	0.95909
V102	0.93788	0.04653	0.00154	0.01404
V103	0.01105	0.01769	0.06216	0.9091
V104	0.02311	0.96854	0.00282	0.00552
V105	0.05171	0.93552	0.00778	0.00499
V106	0.12374	0.53372	0.29391	0.04864
V107	0.20823	0.17542	0.55261	0.06374
V108	0.1543	0.77338	0.07231	0
V109	0.01269	0.12031	0.55226	0.31474
V110	0.05009	0.90204	0.02462	0.02325
V111	0.93458	0.0101	0.04939	0.00593
V112	0.12322	0.03368	0.36915	0.47395
V113	0.17307	0.06423	0.13352	0.62918
V114	0.21702	0.02105	0.0539	0.70802
V115	0.00596	0.79402	0.19552	0.0045
V116	0.14593	0.2891	0.33647	0.22851
V117	0.71028	0.22678	0.0206	0.04233
V118	0.15683	0.55172	0.02034	0.27111
V119	0.09433	0.04058	0.03165	0.83344
V120	0.08526	0.04944	0.84836	0.01694
V121	0.61645	0.09444	0.06626	0.22285
V122	0.96381	0.01547	0.00644	0.01428
V123	0.00465	0.45547	0.02735	0.51253
V124	0.67412	0.26298	0	0.0629
V125	0.42069	0.41046	0.14649	0.02235
V126	0.0312	0.09592	0.03178	0.8411
V127	0.14897	0.02204	0.20239	0.6266
V128	0.02491	4e-04	0.07687	0.89782
V129	0.62755	0.2079	0.13156	0.03299
V130	0.00591	0.69518	0.29454	0.00438
V131	0.02118	0.88917	0	0.08965
V132	0.94821	0.01282	0.01659	0.02238
V133	0.93444	0.01818	0.03398	0.0134
V134	0.10076	0.34624	0.0967	0.45631
V135	0.06514	0.00436	0.13187	0.79863
V136	0.23188	0.35087	0.00365	0.4136
V137	0.69553	0.02466	0.20295	0.07686
V138	0.21698	0.37656	0.14532	0.26114
V139	0.36624	0.16674	0.15872	0.3083
V140	0.02355	0.05095	0.03452	0.89099
V141	0.06184	0.11924	0.50235	0.31657
V142	0.82173	0.01209	0.16619	0
V143	0.43962	0.2201	0.04604	0.29423
V144	0.15224	0.10847	0.12763	0.61166
V145	0	0.80022	0.19502	0.00476
V146	0.04542	0.00201	0.02104	0.93153
V147	0.92567	0.02253	0.01043	0.04137
V148	0.13268	0.04717	0.5365	0.28365
V149	0.27944	0.52844	0.1887	0.00342
V150	0.0921	0.22226	0.57934	0.10631
V151	0.20646	0.61872	0.0208	0.15402
V152	0.24866	0.43801	0.18935	0.12398
V153	0.10011	0.75063	0.01025	0.13902
V154	0.2637	0.46275	0.23894	0.0346
V155	0.51915	0.11419	0.24665	0.12002
V156	0.03342	0.10987	0.68089	0.17582
V157	0.32131	0.1215	0.26938	0.28781
V158	0.01788	0	0.01928	0.96284
V159	0.89233	0.05643	0	0.05124
V160	0.68179	0.00372	0.04211	0.27237
V161	0.18305	0.00055	0.02005	0.79635
V162	0.05726	0.24083	0.05529	0.64662
V163	0.09202	0.47009	0.1363	0.30159
V164	0.34768	0.27092	0.07807	0.30333
V165	0.01013	0.20678	0.00096	0.78213
V166	0.01015	0.05835	0.04729	0.88421
V167	0.30983	0	0.0037	0.68647
V168	0.29708	0.57753	0.05679	0.0686
V169	0.16436	0.02803	0.02373	0.78387
V170	0.10169	0.00974	0.45602	0.43255
V171	0.14272	0.22619	0.57942	0.05166
V172	0.76051	0.01077	0.22353	0.00519
V173	0.02404	0.09702	0.02634	0.8526
V174	0.01543	0.11385	0.05064	0.82008
V175	0.0655	0.00893	0.75502	0.17056
V176	0.0056	0.84899	0.14087	0.00454
V177	0.00627	0.97826	0	0.01547
V178	0.00427	0.74017	0.00033	0.25523
V179	0.15162	0.00364	0.31568	0.52906
V180	0.02493	0.91555	0.05951	0
V181	0.17412	0.10387	0.50681	0.21521
V182	0.33696	0.1552	0.43367	0.07417
V183	0.18102	0.81265	0.00183	0.00449
V184	0.97523	0.01916	0.00481	0.00081
V185	0.5895	0.40055	0.00587	0.00408
V186	0.11911	0.48036	0.23301	0.16751
V187	0.96013	0.01633	0.01748	0.00605
V188	0.04872	0.17856	0.00038	0.77234
V189	0.80772	0.01693	0.00863	0.16672
V190	0.70872	0.01419	0.27201	0.00508
V191	0.20897	0.18787	0.55225	0.05092
V192	0.30567	0.44099	0.03295	0.2204
V193	0.63378	0.02123	0.19619	0.14881
V194	0.03162	0.94246	0.00201	0.02392
V195	0.01273	0.02732	0.95103	0.00892
V196	0.01312	0.04199	0.01056	0.93434
V197	0.37643	0.02912	0.0152	0.57925
V198	0.06425	0.52247	0.33884	0.07444
V199	0.14638	0.00921	0.1311	0.71331
V200	0.12038	0.52756	0.00843	0.34363
V201	0.09346	0.55567	0.15899	0.19188
V202	0.01485	0.01162	0.7359	0.23763
V203	0.17747	0.43857	0.36006	0.0239
V204	0.00538	0.47534	0.00092	0.51836
V205	0.01954	0.0449	0.91735	0.01821
V206	0.05071	0.08093	0.86141	0.00695
V207	0.1144	0.13991	0.03554	0.71015
V208	0.28627	0.05053	0.64826	0.01494
V209	0.3098	0.44626	0.04799	0.19595
V210	0.08168	0.79358	0.06719	0.05754
V211	0.38185	0.0059	0.0213	0.59095
V212	0.56186	0.02931	0.38537	0.02346
V213	0.64043	0.01774	0.07995	0.26188
V214	0.32844	0.12257	0.12771	0.42128
V215	0.25971	0.06196	0.01136	0.66696
V216	0.03198	0	0.01764	0.95038
V217	0.03929	0.47355	0.19685	0.29032
V218	0.09156	0.41874	0.13503	0.35467
V219	0.09914	0.60694	0.00404	0.28988
V220	0.00422	0.81126	0.00073	0.18379
V221	0.78702	0.00768	0	0.2053
V222	0.33918	0.10492	0.32302	0.23287
V223	0.00685	0.11519	0.77058	0.10738
V224	0.96783	0.01667	0.01492	0.00058
V225	0.05182	0.9049	0.03893	0.00435
V226	0.34798	0.06679	0.57097	0.01426
V227	0.82129	0.01023	0.15543	0.01306
V228	0.79991	0.05072	0.04358	0.10579
V229	0.01964	0.02038	0.92915	0.03083
V230	0.0164	0.01101	0.01757	0.95502
V231	0.01282	0.21963	0.07961	0.68794
V232	0.03731	0.60971	0	0.35298
V233	0.59593	0.06505	0.16199	0.17703
V234	0.03163	0.93567	0.01897	0.01373
V235	0.42261	0.04605	0.49503	0.03631
V236	0.04621	0.05067	0.79625	0.10687
V237	0.13585	0	0.0217	0.84245
V238	0.13424	0.57507	0.23101	0.05968
V239	0.05586	0.34236	0.01012	0.59166
V240	0.53628	0.02646	0.37968	0.05758
V241	0.01739	0.01188	0.87665	0.09407
V242	0.12835	0.79021	0.06895	0.0125
V243	0.26625	0.02902	0.60353	0.1012
V244	0.22331	0.008	0.65523	0.11346
V245	0.63127	0.27109	0.03248	0.06517
V246	0.05978	0.13308	0.77946	0.02768
V247	0.18925	0.02328	0.78742	5e-05
V248	0.01906	0.01313	0.03255	0.93526
V249	0.00228	0.03097	0.87201	0.09473
V250	0.80289	0.01132	0.18065	0.00514
V251	0.94862	0.04327	0.00196	0.00614
V252	0.00724	0.86573	0.12703	0
V253	0.35047	0.04403	0.12347	0.48203
V254	0.00576	0.95659	0.0325	0.00515
V255	0.04008	0.91475	0	0.04517
V256	0.19209	0.19267	0.49734	0.1179
V257	0.43296	0.07258	0.19352	0.30094
V258	0.18853	0.24424	0.39513	0.17209
V259	0.03356	0.29233	0.62181	0.0523
V260	0.00254	0.29358	0.69778	0.0061
V261	0.6391	0.01933	0.15761	0.18395
V262	0.07766	0.02968	0.01214	0.88052
V263	0.01414	0.96083	0	0.02503
V264	0.15731	0.01997	0.3666	0.45612
V265	0.02492	0	0.09753	0.87755
V266	0.66013	0.33746	0.00241	0
V267	0	0.13034	0.22542	0.64424
V268	0.3594	0.01063	0.10461	0.52537
V269	0.00562	0.57967	0.35369	0.06103
V270	0.68075	0.01664	0.20297	0.09964
V271	0.8148	0.05085	0.0189	0.11545
V272	0.04804	0.82015	0.00523	0.12658
V273	0.04335	0.00668	0.02607	0.9239
V274	0.72189	0.00377	0.14468	0.12967
V275	0.00548	0.03003	0.95495	0.00954
V276	0.50808	0.30503	0.00359	0.1833
V277	0.02862	0.15269	0.11935	0.69935
V278	0.02939	0.02893	0.22617	0.71551
V279	0.71079	0.0407	0.08097	0.16754
V280	0.01788	0	0.01928	0.96284
V281	0.53762	0.01763	0.10405	0.3407
V282	0.05786	0.05153	0.81029	0.08031
V283	0.20881	0.56686	0.04133	0.18299
V284	0.02302	0.9332	0.03912	0.00466
V285	0.08367	0.02242	0.89325	0.00066
V286	0.25075	0.54742	0.08153	0.12029
V287	0.09109	0.87952	0.00631	0.02308
V288	0.01195	0.24595	0.37754	0.36455
V289	0.31231	0.19644	0.39035	0.1009
V290	0.83672	0.15589	0.00739	0
V291	0.54153	0.05473	0.39051	0.01323
V292	0.92684	0.0126	0	0.06056
V293	0.32818	0.01167	0.6105	0.04965
V294	0.07463	0.3056	0	0.61977
V295	0.01311	0.12484	0.14461	0.71744
V296	0.19225	0.09911	0.59063	0.11802
V297	0.06029	0	0.04763	0.89208
V298	0.33671	0.08586	0.56327	0.01416
V299	0.05673	0.21461	0.00753	0.72113
V300	0.0037	0.01182	0.17446	0.81002
V301	0.12485	0.08974	0.62481	0.16059
V302	0.66701	0.3201	0	0.01289
V303	0	0.62384	0.33962	0.03654
V304	0.05311	0.01626	0.7051	0.22553
V305	0.11802	0.12663	0.41383	0.34152
V306	0.83939	0.07663	0.03206	0.05192
V307	0.01391	0.96397	0.00765	0.01448
V308	0.22945	0.19351	0.25485	0.32219
V309	0.31648	0.26566	0.01363	0.40423
V310	0.06785	0.26275	0.11218	0.55723
V311	0.53142	0.46295	0.00143	0.0042
V312	0.09447	0.76976	0.11264	0.02313
V313	0.00594	0.07055	0.0146	0.90892
V314	0.01098	0.42809	0.07944	0.48149
V315	0.11176	0.59772	0.0203	0.27022
V316	0.3276	0.10645	0.34497	0.22098
V317	0.07879	0.68721	0.02766	0.20634
V318	0.02723	0.49787	0.00447	0.47043
V319	0.05912	0.0463	0.85278	0.0418
V320	0.0773	0.11844	0.62884	0.17543
V321	0.64996	0.34756	0.00248	0
V322	0.17583	0.26969	0.0473	0.50719
V323	0.04081	0.00472	0.06048	0.89399
V324	0.69924	0.23228	0.04674	0.02174
V325	0.31261	0.64716	0.03667	0.00356
V326	0	0.51489	0.06294	0.42218
V327	0.01536	0.09655	0.07204	0.81606
V328	0.04296	0.01555	0.70208	0.2394
V329	0.14979	0.07151	0.12629	0.65241
V330	0.38421	0.00632	0.27808	0.33139
V331	0.30712	0.05521	0.02648	0.61118
V332	0.00878	0.02272	0.1347	0.83379
V333	0.45255	0.05345	0.34629	0.14771
V334	0.34893	0.0056	0.2978	0.34767
V335	0.02239	0.32255	0.48154	0.17353
V336	0.16808	0.69478	0.01002	0.12712
V337	0.30493	0.40197	0.25833	0.03477
V338	0	0.99049	0.00335	0.00617
V339	0.13686	0.01521	0.8406	0.00733
V340	0.05161	0.19849	0.48833	0.26157
V341	0.01764	0.0122	0.04348	0.92668
V342	0.25653	0.00647	0.56057	0.17643
V343	0.96781	0.02334	0.00228	0.00656
V344	0.71697	0.1355	0.14752	0
V345	0.01683	0.03308	0.94917	0.00092
V346	0.21766	0.07825	0.23213	0.47197
V347	0.03291	0.00021	0.08933	0.87756
V348	0.04952	0.65364	0.10965	0.18718
V349	0.37177	0.13858	0.35064	0.13901
V350	0.02474	0.83129	0.14397	0
V351	0.01343	0.01228	0.31867	0.65563
V352	0.04656	0.01508	0.83215	0.10621
V353	0.88857	0.02051	0.01975	0.07117
V354	0.04083	0.72331	0.18858	0.04727
V355	0.28208	0.05448	0.41508	0.24836
V356	0.02489	0.00494	0.06822	0.90194
V357	0.10477	0.29633	0.2357	0.3632
V358	0.51985	0.07341	0.0306	0.37614
V359	0.53592	0.03591	0.01847	0.4097
V360	0.56433	0.41299	0.01055	0.01213
V361	0	0.4747	0.52006	0.00524
V362	0	0.9854	0.00875	0.00585
V363	0.16834	0.08685	0.42045	0.32436
V364	0.16248	0.04536	0.66068	0.13147
V365	0.22195	0.01105	0.00846	0.75855
V366	0.06891	0.67718	0.0568	0.19711
V367	0.5428	0.105	0	0.3522
V368	0.0804	0.74388	0.05726	0.11845
V369	0.01516	0.41995	0.55982	0.00507
V370	0.32263	0.26298	0.37881	0.03558
V371	0.181	0.72381	0.01618	0.07901
V372	0.13421	0.02674	0.08452	0.75452
V373	0.07153	0.1038	0.41708	0.40759
V374	0.80878	0.01661	0.17461	0
V375	0.0316	0.01601	0.1021	0.85029
V376	0.02459	0.01125	0.06799	0.89618
V377	0.75545	0.00278	0.00407	0.2377
V378	0.00655	0.0127	0.32687	0.65388
V379	0.30116	0.14982	0.00444	0.54458
V380	0.12627	0.04151	0.15057	0.68166
V381	0.73068	0.00927	0.06407	0.19599
V382	0.08767	0.02797	0.87699	0.00738
V383	0.82609	0.00844	0.03079	0.13468
V384	0.54923	0.05348	0.09871	0.29857
V385	0.87222	0.0152	0.05115	0.06143
V386	0.26422	0.00504	0.1045	0.62624
V387	0.61842	0.12141	0.15663	0.10354
V388	0.3829	0.30083	0.11601	0.20027
V389	0.41576	0.50254	0.00438	0.07733
V390	0.32071	0.24972	0.42549	0.00407
V391	0.37437	0.07212	0.00935	0.54416
V392	0.43123	0.18497	0.13143	0.25236
V393	0.29208	0.20051	0.3115	0.19592
V394	0.07592	0.17147	0.07881	0.6738
V395	0.21753	0.36834	0.1661	0.24803
V396	0.00606	0.96696	0.00243	0.02455
V397	0.81379	0.06984	0.07438	0.042
V398	0.42823	0.10023	0.06672	0.40482
V399	0.19194	0.55389	0.11935	0.13482
V400	0	0.53043	0.04163	0.42794
V401	0.03495	0.13557	0.72231	0.10717
V402	0.81225	0.16393	0.02383	0
V403	0.01865	0.00662	0.04998	0.92475
V404	0.09111	0.17434	0.60026	0.13429
V405	0.18868	0.01434	0.12362	0.67336
V406	0.64971	0.22092	0.00846	0.12091
V407	0	0.99049	0.00335	0.00617
V408	0.08399	0.20997	0.34991	0.35614
V409	0.0112	0.00636	0.01974	0.9627
V410	0.0806	0.87836	0.01804	0.023
V411	0.38496	0.00287	0	0.61217
V412	0.15258	0.05187	0.44673	0.34882
V413	0.04806	0.45333	0.14426	0.35435
V414	0.03093	0.50846	0.29221	0.1684
V415	0.42903	0.01923	0.18545	0.3663
V416	0.01319	0.07508	0.91125	0.00048
V417	0.38385	0.61041	0.0016	0.00414
V418	0.05681	0.06321	0.10112	0.77886
V419	0.01699	0	0.02444	0.95857
V420	0	0.88172	0.00615	0.11213
V421	0.16014	0.02927	0.65305	0.15754
V422	0.03568	0.03276	0.00988	0.92168
V423	0.08531	0.01687	0.8689	0.02892
V424	0.00012	0.03112	0.54998	0.41879
V425	0.05394	0.21894	0.57817	0.14894
V426	0.09208	0.03339	0.78242	0.09212
V427	0.05818	0.3539	0.15156	0.43636
V428	0.07946	0.78056	0.03559	0.10439
V429	0.01655	0	0.02942	0.95403
V430	0.76536	0.14167	0.00878	0.08419
V431	0.16884	0.01551	0.38617	0.42948
V432	0.08486	0.05508	0.03159	0.82847
V433	0.04772	0.69675	0	0.25553
V434	0.2951	0.04824	0.03339	0.62327
V435	0.4743	0.00779	0.08773	0.43019
V436	0.33939	0.0059	0.08123	0.57349
V437	0.19822	0.17833	0.00089	0.62257
V438	0.60064	0.126	0.0187	0.25466
V439	0.02529	0.06121	0.00871	0.90479
V440	0.43563	0.02282	0.01991	0.52165
V441	0.06367	0.10237	0.55836	0.27561
V442	0.31527	0.31045	0.10606	0.26822
V443	0.73696	0.005	0.06374	0.1943
V444	0.01683	0.03308	0.94917	0.00092
V445	0.65474	0.01515	0.29644	0.03367
V446	0.03011	0.8412	0.03622	0.09246
V447	0.65625	0.07409	0.14398	0.12568
V448	0.0147	0.03508	0.14158	0.80864
V449	0.58746	0.02976	0.25429	0.1285
V450	0.14154	0.84976	0.0087	0
V451	0.93083	0.04628	0	0.02289
V452	0.02683	0.00104	0.04989	0.92223
V453	0.83203	0.06076	0.04475	0.06246
V454	0	0.95358	0.03225	0.01417
V455	0.63495	0.02451	0.26172	0.07881
V456	0.34053	0.0963	0.34328	0.21989
V457	0.01151	0.01317	0.01435	0.96096
V458	0.23312	0.17769	3e-04	0.58889
V459	0.01145	0.80455	0.06599	0.11801
V460	0.95559	0.01358	0.01687	0.01397
V461	0.046	0.01335	0.01002	0.93063
V462	0.31092	0.1995	0	0.48957
V463	0.25606	0.46709	0.12769	0.14916
V464	0.46391	0.07215	0	0.46393
V465	0.3968	0.39933	0.01471	0.18916
V466	0.56362	0.15183	0	0.28455
V467	0.32064	0.57701	0.05714	0.04521
V468	0.51305	0.38712	0.03335	0.06648
V469	0.01225	0.12856	0.22771	0.63148
V470	0.56264	0.09782	0.14675	0.19279
V471	0.22983	0.07002	0.02191	0.67824
V472	0.2939	0.28187	0	0.42423
V473	0.09803	0.5744	0.30358	0.02399
V474	0.09378	0	0.0722	0.83402
V475	0.16807	0.35313	0.05466	0.42414
V476	0.13307	0.00396	0.03849	0.82449
V477	0.60731	0.02623	0.16782	0.19863
V478	0.11888	0.54482	0	0.3363
V479	0.01616	0.06907	0.79444	0.12033
V480	0.06566	0.24896	0.02794	0.65744
V481	0.1599	0.01701	0.80639	0.01669
V482	0.73165	0.14039	0.08495	0.04301
V483	0.10352	0.06986	0.04942	0.77719
V484	0.01785	0.03896	0.01942	0.92378
V485	0.10989	0.72178	0.00479	0.16354
V486	0.25565	0.2231	0.09454	0.42671
V487	0.05671	0.02199	0.05884	0.86246
V488	0.0021	0.01164	0.84098	0.14528
V489	0.23566	0.08937	0.6601	0.01487
V490	0.32757	0.27523	0.04596	0.35124
V491	0.44808	0.45286	0.02112	0.07794
V492	0.02242	0.86756	0.10564	0.00438
V493	0.02132	0.00291	0.01101	0.96477
V494	0.20226	0.13515	0.49003	0.17256
V495	0.22847	0.638	0.11085	0.02267
V496	0.26638	0.67874	0	0.05487
V497	0.01328	0.02177	0.95574	0.00921
V498	0.27603	0.07103	0.0328	0.62015
V499	0.64703	0.25304	0.09612	0.00381
V500	0.10582	0.10713	0.73406	0.05299
V501	0.0111	0.00013	0.03161	0.95716
V502	0.58	0.26264	0.12441	0.03295
V503	0.17445	0.06503	0.1525	0.60802
V504	0.22586	0.69111	0.00471	0.07832
V505	0.18659	0.17653	0.21024	0.42664
V506	0.08552	0.22827	0.41197	0.27424
V507	0.62049	0.07753	0.09076	0.21123
V508	0.77731	0.14403	0.0262	0.05246
V509	0.22979	0.04565	0.45957	0.26499
V510	0.23427	0.53702	0.22514	0.00357
V511	0.03697	0.3579	0.02762	0.57751
V512	0.20685	0.0269	0.05407	0.71217
V513	0.0724	0.66291	0.1803	0.08439
V514	0.01538	0.03759	0.00714	0.93989
V515	0.77012	0.04878	0.03029	0.15082
V516	0.91139	0.08264	0	0.00597
V517	0.02997	0.01043	0.1888	0.7708
V518	0.95456	0.03865	0	0.00679
V519	0.02072	0.85412	0.00066	0.1245
V520	0.0206	0.00296	0.53902	0.43742
V521	0.60672	0.03525	0.32394	0.0341
V522	0.00484	0.09838	0.51781	0.37897
V523	0.35133	0.09917	0.21519	0.3343
V524	0.00447	0.80088	0.15942	0.03522
V525	0.22375	0.15843	0.01488	0.60294
V526	0.63559	0.05977	0.05096	0.25369
V527	0.19059	0.01345	0.33204	0.46392
V528	0.08979	0.85441	0	0.05579
V529	0.04716	0.03498	0.1663	0.75157
V530	0.0058	0.18736	0.6595	0.14734
V531	0.01558	0.89282	0.0916	0
V532	0.1479	0.27282	0.01513	0.56414
V533	0.27608	0.32127	0.10625	0.29641
V534	0.00607	0.0095	0.64585	0.33858
V535	0.493	0	0.00527	0.50173
V536	0.17358	0.00014	0.30341	0.52287
V537	0.62326	0.24117	0.12355	0.01202
V538	0.41884	0.03666	0.05794	0.48656
V539	0.26824	0.41567	0.12692	0.18917
V540	0.19771	0.70678	0.05001	0.0455
V541	0.01167	0.45247	0.04136	0.4945
V542	0.17992	0.09435	0.20285	0.52287
V543	0.86349	0.01059	0.00475	0.12117
V544	0.08495	0.0552	0.12567	0.73419
V545	0.33226	0.10766	0.04622	0.51385
V546	0.04231	0.90588	0.04741	0.0044
V547	0.03187	0.67639	0.27854	0.01319
V548	0.15204	0.78269	0.06144	0.00382
V549	0.35738	0.02588	0.60204	0.0147
V550	0.5322	0.01753	0	0.45027
V551	0.17047	0.73936	0.02249	0.06768
V552	0	0.46237	0.00115	0.53648
V553	0.24869	0.13551	0.59007	0.02573
V554	0.04103	0.05166	0.01705	0.89026
V555	0.0822	0.18968	0.28024	0.44788
V556	0.00348	0.02864	0.92365	0.04423
V557	0.79584	0.02233	0.00382	0.17802
V558	0.0578	0.77421	0.01607	0.15191
V559	0.00712	0.83086	0.16201	0
V560	0.69064	0.30443	0	0.00493
V561	0.00548	0.03003	0.95495	0.00954
V562	0.78946	0.00768	0.08727	0.11559
V563	0.26914	0.01287	0.71179	0.00621
V564	0.06089	0.0684	0.85368	0.01703
V565	0.11909	0.23596	0.33112	0.31384
V566	0.6739	0.07489	0	0.25121
V567	0.19991	0.4013	0.01416	0.38464
V568	0.20253	0	0.03563	0.76184
V569	0.63218	0.01872	0	0.34909
V570	0.02302	0.28764	0.59761	0.09173
V571	0.81943	0.10856	0	0.07201
V572	0.46458	0.00781	0.39631	0.1313
V573	0.0485	0.12405	0.00481	0.82265
V574	0.03191	0.81342	0.14173	0.01294
V575	0.01554	0.04985	0.0876	0.847
V576	0.14912	0.81383	0.02435	0.01269
V577	0.02982	0.02177	0.15714	0.79127
V578	0.05273	0.04997	0.63995	0.25734
V579	0.00495	0.90186	0.06973	0.02346
V580	0.12228	0	0.07812	0.79961
V581	0.05151	0.0469	0.0049	0.8967
V582	0.56321	0.11529	0.01843	0.30307
V583	0.00542	0.03004	0.51788	0.44665
V584	0.55991	0.13873	0.2556	0.04575
V585	0.00672	0.00307	0.36387	0.62633
V586	0.24977	0.01125	0.61277	0.12621
V587	0.29158	0.01257	0.65782	0.03804
V588	0.58977	0.02895	0.01301	0.36826
V589	0.04966	0.82675	0.04316	0.08042
V590	0.04303	0.79194	0.16092	0.00411
V591	0.00388	0.01723	0.15066	0.82824
V592	0.17744	0.03731	0.78525	0
V593	0.56824	0.00074	0.14406	0.28696
V594	0.36065	0.28007	0.2999	0.05938
V595	0.02309	0.00888	0.01705	0.95098
V596	0.02683	0.23524	0.17715	0.56079
V597	0	0.59098	0.29745	0.11157
V598	0.01834	0.10897	0.85546	0.01723
V599	0.64448	0.30258	0.02103	0.03192
V600	0.35521	0.4566	0.03321	0.15499
V601	0.13956	0.22608	0.05449	0.57987
V602	0.02406	0.01096	0.01199	0.95299
V603	0.00757	0.30263	0.00794	0.68186
V604	0.5578	0.10319	0.30485	0.03417
V605	0.06222	0.30965	0.35614	0.27199
V606	0.727	0.12923	0.00377	0.14
V607	0.63121	0.00755	0.07894	0.28229
V608	0.21798	0.13497	0.33747	0.30958
V609	0.01947	0.18834	0.18442	0.60777
V610	0.76936	0.01619	0.06442	0.15004
V611	0.24274	0.00054	0.03519	0.72153
V612	0.02608	0.0792	0.80117	0.09354
V613	0.03327	0.34054	0.57437	0.05182
V614	0.75967	0.04815	0.03015	0.16202
V615	0.10509	0.03059	0.00646	0.85786
V616	0.06775	0.68527	0.0275	0.21948
V617	0.5137	0.15255	0.33375	0
V618	0.67378	0.0048	0	0.32142
V619	0.37925	0.02075	0.26227	0.33773
V620	0.00591	0.69518	0.29454	0.00438
V621	0.42216	0.12526	0.13713	0.31545
V622	0.3871	0.21328	0.36443	0.03519
V623	0.01542	0.04206	0.1022	0.84033
V624	0.79742	0.18058	0	0.022
V625	0.26331	0.47877	0.07218	0.18575
V626	0.95674	0.02838	0	0.01488
V627	0.00734	0.00871	0.05244	0.93151
V628	0.00421	0.17043	0.01047	0.81489
V629	0.11553	0.26103	0.23356	0.38988
V630	0.03286	0.3382	0.56472	0.06423
V631	0.0141	0.1401	0.07212	0.77368
V632	0.55478	0.00053	0.10226	0.34243
V633	0.00203	0.02714	0.79779	0.17304
V634	0.43168	0.26135	0.30311	0.00386
V635	0.0195	0.72344	0.00027	0.25679
V636	0.12452	0.08933	0.61214	0.17401
V637	0.28335	0.15502	0.06031	0.50132
V638	0.36024	0.22026	0.04589	0.37362
V639	0.28329	0.44019	0.27652	0
V640	0.03613	0.13993	0.75764	0.0663
V641	0.89071	0.0335	0.01467	0.06112
V642	0.76351	0.15402	0	0.08247
V643	0.00407	0.152	0.38892	0.45501
V644	0.91689	0.06824	0.00133	0.01354
V645	0.27982	0.41693	0.27996	0.02328
V646	0.00631	0.98471	0.00312	0.00586
V647	0.15384	0.07525	0.69276	0.07814
V648	0.42875	0.42965	0.10836	0.03325
V649	0.02599	0.05367	0.83981	0.08053
V650	0.0576	0.07791	0.77137	0.09312
V651	0.34213	0.01185	0.6401	0.00592
V652	0.07944	0.06486	0.37441	0.48129
V653	0.11509	0.66476	0.07374	0.14641
V654	0.71974	0.17689	0.039	0.06436
V655	0.0272	0.51407	0.00944	0.44929
V656	0.17813	0.21765	0.00454	0.59969
V657	0.01974	0.04062	0.00995	0.92968
V658	0.6078	0.18085	0.03826	0.17309
V659	0.33121	0.06831	0.31539	0.28508
V660	0.02246	0.95293	0	0.02461
V661	0.04654	0.36103	0.03389	0.55853
V662	0.43291	0.0132	0.42067	0.13322
V663	0.25362	0.05862	0.53188	0.15588
V664	0.21897	0.05536	0.66172	0.06395
V665	0.70381	0.16065	0.02595	0.10958
V666	0.54478	6e-05	0.07105	0.38411
V667	0.79672	0.06606	0.13721	0
V668	0.11876	0.81517	0.06607	0
V669	0.23455	0.40501	0.22128	0.13916
V670	0.07083	0.90521	0	0.02396
V671	0.38036	0.26911	0.22723	0.1233
V672	0.01871	0.02453	0.91354	0.04322
V673	0.23181	0.34923	0.19738	0.22157
V674	0.71871	0.11949	0.00883	0.15297
V675	0.13207	0.30487	0.27982	0.28323
V676	0.02277	0.07138	0.07252	0.83333
V677	0.3903	0.3816	0.07093	0.15717
V678	0.52359	0.46646	0.00597	0.00398
V679	0.04738	0.32286	0.61495	0.01482
V680	0.31454	0.55338	0.1095	0.02258
V681	0.90569	0.05672	0.00546	0.03213
V682	0.11614	0.30038	0.53227	0.05122
V683	0.00883	0.98086	0.01031	0
V684	0.72935	0.13722	0.06854	0.06489
V685	0.51657	0.32979	0.09809	0.05555
V686	0.07581	0.13488	0.11076	0.67856
V687	0.02361	0.00397	0.01737	0.95504
V688	0.36205	0.47967	0	0.15828
V689	0.21075	0	0.02994	0.75931
V690	0.50202	0.03218	0.38334	0.08246
V691	0.17464	0.0144	0.80404	0.00692
V692	0.08076	0.12432	0.70222	0.09269
V693	0.225	0.08313	0.31887	0.373
V694	0.00721	0.01112	0.22324	0.75843
V695	0.20652	0.00106	0.11407	0.67835
V696	0.05756	0.0511	0.01122	0.88012
V697	0.01509	0.02926	0.01148	0.94417
V698	0.79207	0.0077	0.00428	0.19595
V699	0.5792	0.26038	0.04674	0.11368
V700	0.19311	0.01043	0.00512	0.79133
V701	0.10101	0.49651	0.08014	0.32234
V702	0.49832	0.05661	0.00379	0.44128
V703	0.12613	0.03543	0.42644	0.41201
V704	0.81454	0.03537	0.01415	0.13594
V705	0.95296	0.00868	0.00605	0.0323
V706	0.07905	0.04044	0.7612	0.11931
V707	0.03246	0.44543	0.47141	0.0507
V708	0.02998	0.86812	0.01111	0.09079
V709	0.14064	0.25584	0.49896	0.10456
V710	0.60414	0.17965	0.03171	0.1845
V711	0.0823	0.81561	0.06772	0.03436
V712	0.80048	0.04307	0	0.15645
V713	0.4192	0.25918	0.01914	0.30247
V714	0.00413	0.61439	0.00989	0.37159
V715	0.3194	0.32447	0.27011	0.08601
V716	0.02654	0.01849	0.03163	0.92334
V717	0.07171	0.91382	0	0.01447
V718	0.14216	0.55879	0.14847	0.15058
V719	0.04721	0.67626	0.02097	0.25556
V720	0.71938	0.00501	0.1896	0.08601
V721	0.1195	0.13741	0.4279	0.3152
V722	0.07464	0.27656	0.0059	0.6429
V723	0.08601	0.05134	0.00631	0.85635
V724	0.5457	0.01703	0.05645	0.38082
V725	0.00238	0.08503	0.86971	0.04288
V726	0.02713	0.32343	0.08766	0.56177
V727	0.26894	0.65958	0.06812	0.00337
V728	0.02259	0.90092	0.07207	0.00442
V729	0.37211	0.00686	0.12096	0.50007
V730	0.91211	0.02898	0.02687	0.03204
V731	0.01957	0.15867	0.33761	0.48414
V732	0.35501	0.05939	0.30323	0.28236
V733	0.64247	0.15704	0.01911	0.18137
V734	0.25778	0.30973	0.42852	0.00397
V735	0.01317	0.01346	0.40186	0.57152
V736	0.11832	0.00193	0.00857	0.87118
V737	0.33946	0.26415	0.20557	0.19082
V738	0.07558	0.31882	0.41782	0.18777
V739	0	0.00687	0.52432	0.4688
V740	0.8661	0.07462	0.0465	0.01278
V741	0.46579	0.07649	0.09085	0.36687
V742	0.40497	0.5872	0.00783	0
V743	0.14466	0.12871	0.69986	0.02677
V744	0.54214	0.02913	0.28601	0.14273
V745	0.01156	0.69322	0.1482	0.14702
V746	0.97655	0.01604	0	0.00741
V747	0.05167	0.00574	0.65459	0.288
V748	0.12223	0.08458	0.54846	0.24474
V749	0.25041	0.13182	0.03274	0.58503
V750	0.40891	0.43256	0.00854	0.14999
V751	0.03969	0.86919	0.02312	0.06801
V752	0.46519	0.19484	0.10409	0.23587
V753	0.01927	0.00818	0.01004	0.96251
V754	0.00572	0.91589	0	0.0784
V755	0.14058	0.16126	0.29133	0.40683
V756	0.02159	0.00248	0.03283	0.9431
V757	0.34201	0.58203	0.04292	0.03304
V758	0.03952	0.77368	0.09232	0.09448
V759	0.1105	0.03968	0.3372	0.51262
V760	0.27673	0.03823	0.22572	0.45932
V761	0.06296	0.58397	0.24062	0.11244
V762	0.00221	0.31417	0.00817	0.67545
V763	0.36915	0.31447	0.01367	0.30271
V764	0.00525	0.91492	0.0011	0.07873
V765	0.62935	0.06641	0	0.30424
V766	0.01261	0.29591	0.39366	0.29782
V767	0.49624	0.10076	0.20614	0.19686
V768	0.05025	0.91409	0.01245	0.02321
V769	0.13671	0.83263	0.01796	0.0127
V770	0.00631	0.98471	0.00312	0.00586
V771	0.18537	0.01673	0.78152	0.01638
V772	0.14805	0.04087	0.80466	0.00641
V773	0.15876	0.82642	0.00151	0.01331
V774	0.01949	0.01434	0.92221	0.04396
V775	0.09468	0.0229	0.2198	0.66261
V776	0.43196	0.39514	0.03294	0.13996
V777	0.14841	0.07993	0.10093	0.67073
V778	0.54114	0.24885	0.04607	0.16394
V779	0.16216	0.02937	0.43803	0.37044
V780	0.10847	0.78432	0.10721	0
V781	0.03685	0.01301	0.02059	0.92955
V782	0.00834	0.10673	0.79101	0.09392
V783	0.77347	0.01538	0.02993	0.18122
V784	0.10421	0.88372	0.0074	0.00467
V785	0.03119	0.93818	0.00701	0.02362
V786	0.74808	0.13849	0.06036	0.05306
V787	0	0.86249	0.13281	0.00471
V788	0.53449	0.28533	0.12427	0.05591
V789	0.05641	0.29917	0.0163	0.62812
V790	0.40819	0.01701	0.05111	0.52369
V791	0.13351	0.36042	0.29291	0.21315
V792	0.11809	0.48161	0	0.4003
V793	0.11215	0.62222	0.02055	0.24508
V794	0.04579	0.06818	0.77911	0.10692
V795	0.08462	0.02177	0.0389	0.85472
V796	0.0279	0.07604	0.86708	0.02897
V797	0.78863	0.00975	0.18842	0.01321
V798	0.64399	0.28004	0.05432	0.02165
V799	0.12275	0.76966	0.01616	0.09143
V800	0.05783	0.01409	0.44347	0.48461
V801	0.12378	0.0873	0.26968	0.51923
V802	0.02873	0.05044	0.21208	0.70876
V803	0.23354	0.53167	0.23479	0
V804	0.55251	0.01283	0.34232	0.09234
V805	0.0185	0.02761	0.95278	0.00112
V806	0.03999	0.90841	0.00623	0.04537
V807	0.22146	0.11163	0.02177	0.64514
V808	0.68101	0.24964	0.02688	0.04247
V809	0.04584	0.04476	0.90903	0.00038
V810	0.00704	0.9866	0	0.00637
V811	0.41149	0.05398	0.16084	0.37369
V812	0.54714	0.23364	0.03218	0.18704
V813	0.63241	0.17514	0.15937	0.03308
V814	0.44205	0.52467	0.02968	0.0036
V815	0	0.93821	0.0567	0.00509
V816	0.93906	0.01412	0.0465	0.00032
V817	0.02853	0.06999	0.88394	0.01754
V818	0.00729	0.02829	0.0274	0.93702
V819	0.84715	0.06901	0.03198	0.05186
V820	0.10308	0.06461	0.01395	0.81835
V821	0.22863	0.30675	0.36295	0.10166
V822	0.0729	0.02376	0.87427	0.02907
V823	0.02325	0.17573	0.6663	0.13472
V824	0.09427	0.39557	0.51016	0
V825	0.21595	0.26296	0.21515	0.30594
V826	0.45383	0.40759	0.12666	0.01192
V827	0.37904	0.5832	0.00513	0.03263
V828	0.19499	0.12422	0.0774	0.60339
V829	0.02991	0.1877	0.02361	0.75878
V830	0.18994	0.17789	0.01488	0.61729
V831	0.77042	0.07144	0.01906	0.13908
V832	0.26859	0.37745	0.13607	0.21789
V833	0.14227	0.49058	0.14698	0.22016
V834	0.2544	0.04847	0.0533	0.64384
V835	0.36661	0.43701	0.08967	0.10671
V836	0.00475	0.61671	0.00037	0.37817
V837	0.21649	0.35391	0.15452	0.27507
V838	0.93646	0.04086	0.01695	0.00572
V839	0.30715	0.61319	0.07621	0.00345
V840	0.29496	0.70216	0.00288	0
V841	0.00234	0.03837	0.87835	0.08095
V842	0.35727	0.13954	0.21927	0.28392
V843	0.01645	0.02049	0.85592	0.10715
V844	0.10057	0.06298	0.31926	0.51719
V845	0.06998	0.09542	0.742	0.0926
V846	0.00131	0.01142	0.70065	0.28661
V847	0.01392	0.00293	0.01643	0.96671
V848	0.08117	0.48115	0.13643	0.30125
V849	0	0.95228	0.00239	0.04532
V850	0.96773	0.01073	0.00704	0.0145
V851	0.34803	0.5311	0.12087	0
V852	0.08418	0.02795	0.09224	0.79562
V853	0.254	0.20545	0.37021	0.17034
V854	0.60459	0.14315	0.076	0.17625
V855	0.01392	0.00293	0.01643	0.96671
V856	0.03881	0.32881	0.30746	0.32492
V857	0.6758	0.14867	0.01954	0.15599
V858	0.59722	0.01426	0.38337	0.00516
V859	0.6599	0.21082	0.0086	0.12068
V860	0.15556	0.07745	0.03547	0.73152
V861	0.09367	0.36623	0.52608	0.01401
V862	0.14101	0.07616	0.71785	0.06499
V863	0.16519	0.03673	0.00139	0.79669
V864	0.04964	0.01711	0.03532	0.89793
V865	0.09479	0.00105	0.20545	0.6987
V866	0.76165	0.01763	0.2078	0.01291
V867	0.76013	0.02525	0.20975	0.00487
V868	0.53158	0.25794	0.10588	0.1046
V869	0.01451	0.97702	0.00285	0.00562
V870	0.08413	0.27918	0.01039	0.6263
V871	0	0.95228	0.00239	0.04532
V872	0.00864	0.00442	0.18898	0.79797
V873	0.89869	0.02782	0.03215	0.04133
V874	0.1954	0.78476	0.01984	0
V875	0.01291	0.14324	0.15433	0.68951
V876	0.16316	0.32017	0.38706	0.12961
V877	0.03855	0.36967	0.25568	0.3361
V878	0.13028	0.82101	0.04871	0
V879	0.18267	0.68458	0.0283	0.10445
V880	0.29422	0.51952	0	0.18626
V881	0.14352	0.03274	0.55562	0.26813
V882	0.80638	0.00557	0.09456	0.09349
V883	0.30673	0.19982	0.49345	0
V884	0.01631	0.21604	5e-04	0.76716
V885	0.73333	0.20055	0.06612	0
V886	0.01301	0.35399	0.43328	0.19972
V887	0.64309	0.04814	0.12369	0.18508
V888	0.10202	0.03965	0.72597	0.13237
V889	0.92343	0.04398	0.01068	0.02192
V890	0.03096	0.12356	0.58357	0.26192
V891	0.66219	0.0399	0.2429	0.05501
V892	0.24393	0.1389	0.00506	0.61212
V893	0.60612	0.1932	0.12142	0.07927
V894	0.06744	0.31456	0.56621	0.0518
V895	0.60315	0.04755	0.16065	0.18865
V896	0.03162	0.94246	0.00201	0.02392
V897	0.69428	0.23163	0	0.0741
V898	0.40468	0	0.00272	0.5926
V899	0.02111	0.14093	0.10291	0.73505
V900	0.07126	0.26994	0.31865	0.34015
V901	0.02945	0.80832	0.00067	0.16156
V902	0.04185	0.92152	0.03209	0.00454
V903	0.00622	0.43074	0.49979	0.06324
V904	0.01509	0.97872	0	0.00619
V905	0.12265	0	0.12923	0.74811
V906	0.36951	0.06684	0.07432	0.48932
V907	0.43063	0.4936	0.00971	0.06606
V908	0.01107	0.02418	0.04888	0.91586
V909	0.12102	0.78928	0	0.08969
V910	0.13161	0	0.08436	0.78403
V911	0.52057	0.36993	0.02059	0.08891
V912	0.3928	0.29781	0.097	0.21239
V913	0.09161	0	0.01002	0.89837
V914	0.18604	0.50518	0.26055	0.04823
V915	0.18303	0	0.00652	0.81045
V916	0.27164	0.04568	0.62014	0.06255
V917	0.72627	0.02281	0.13056	0.12036
V918	0.04045	0.63643	0.19928	0.12384
V919	0.19156	0.20512	0.25382	0.3495
V920	0.63121	0.17415	0.06851	0.12613
V921	0.02418	0.11374	0.02027	0.8418
V922	0.10025	0.47571	0.36257	0.06147
V923	0.05988	0.00558	0.03037	0.90417
V924	0.03124	0.69627	0.23692	0.03558
V925	0.14539	0.01618	0.01027	0.82816
V926	0.16525	0.00898	0.01983	0.80594
V927	0.01767	0.01878	0.03732	0.92624
V928	0.03931	0.88101	0.00083	0.07885
V929	0.04896	0.62422	0.09973	0.22709
V930	0.50861	0.34592	0.02003	0.12543
V931	0.14033	0.26686	0.48858	0.10423
V932	0.03089	0.09213	0.56203	0.31496
V933	0.60551	0.37684	0.0053	0.01235
V934	0.00647	0.10828	0.21492	0.67034
V935	0.58766	0.14147	0.17831	0.09257
V936	0.5082	0.23782	0.00828	0.24571
V937	0.52724	0.10095	0.05931	0.3125
V938	0.36857	0.03453	0.25637	0.34052
V939	0.74059	0.01414	0.04971	0.19557
V940	0.02098	0.81137	0.12079	0.04686
V941	0.0068	0.02479	0.95841	0.01001
V942	0.76112	0.17131	0.04595	0.02162
V943	0.42327	0.11379	0.39039	0.07255
V944	0.0142	0.20722	0.04307	0.73551
V945	0.55637	0.32889	0.00381	0.11092
V946	0.48189	0.25002	0.22219	0.0459
V947	0.06538	0.02779	0.17581	0.73102
V948	0.3691	0.02439	0.58113	0.02539
V949	0.00192	0.07328	0.15161	0.77319
V950	0.04927	0.51321	0.17618	0.26134
V951	0.85044	0.01977	0.12486	0.00494
V952	0.05708	0.0908	0.20846	0.64366
V953	0.0181	0.04832	0.89086	0.04272
V954	0.029	0.13248	0.10265	0.73587
V955	0.11069	0.55508	0.01456	0.31968
V956	0.02885	0.0138	0.4384	0.51895
V957	0.28197	0.00624	0.00042	0.71138
V958	0.02132	0.00291	0.01101	0.96477
V959	0.2431	0.2481	0.40674	0.10205
V960	0.21035	0.22859	0.05412	0.50694
V961	0.13511	0.37609	0.31819	0.17061
V962	0.38653	0.1507	0.36338	0.0994
V963	0.6189	0.14823	0.12951	0.10336
V964	0.8563	0.02757	0.07448	0.04164
V965	0.04829	0.46824	0.15509	0.32838
V966	0.96311	0.02056	0.00194	0.0144
V967	0.0484	0.02752	0.45988	0.4642
V968	0.00075	0.13925	0.76632	0.09368
V969	0.00742	0.22627	0.02385	0.74246
V970	0.02914	0.08965	0.36174	0.51947
V971	0.52796	0.07112	0.29399	0.10693
V972	0.49214	0.1643	0.03067	0.31289
V973	0.2582	0.38371	0.05486	0.30323
V974	0.00369	0.78949	0.1009	0.10593
V975	0.10569	0.29842	0.5911	0.00479
V976	0.43699	0.21516	0.08665	0.26121
V977	0.33964	0.35801	0.29872	0.00364
V978	0.04826	0.05655	0.04459	0.8506
V979	0.82595	0.02009	0.14912	0.00484
V980	0.97655	0.01604	0	0.00741
V981	0.34039	0.02334	0.38246	0.25382
V982	0.44917	0.37915	0.05495	0.11673
V983	0.66288	0.04412	0	0.293
V984	0.01248	0.85562	0.08534	0.04655
V985	0.05664	0.14158	0.00419	0.79759
V986	0.31959	0.50426	0.03366	0.14249
V987	0.23459	0.74254	0	0.02287
V988	0.1732	0.00502	0.01014	0.81164
V989	0.45682	0.46509	0.05605	0.02203
V990	0.00127	0.04058	0.75863	0.19952
V991	0.64837	0.33878	0	0.01285
V992	0.19721	0.0069	0.45905	0.33684
V993	0.06104	0.74091	0.1398	0.05826
V994	0.18392	0.78573	0.01767	0.01268
V995	0.73012	0.08599	0.01932	0.16457
V996	0.22894	0.08584	0.00668	0.67854
V997	0.01626	0.01443	0.79717	0.17214
V998	0.87863	0.01608	0.04419	0.06109
V999	0.11658	0.8782	0	0.00522
V1000	0.26267	0.01125	0.00038	0.72569
