Neutrophils	Monocytes_CD14.CD16.	Macrophage	T_cells_.CD4..	NK_cells
V1	0.35148	0.14451	0.22224	0.12277	0.159
V2	0.0711	0.79365	0.04136	0.04289	0.05099
V3	0.07975	0.02862	0.41256	0.43049	0.04858
V4	0.01666	0.00597	0.19463	0.06708	0.71567
V5	0.01876	0	0.04535	0.10829	0.82761
V6	0.3649	0.03264	0.24567	0.21737	0.13942
V7	0.01265	0.04306	0.36567	0.08006	0.49856
V8	0.00866	0.05515	0.87135	0.06255	0.00229
V9	0.07286	0.00215	0.23919	0.62459	0.06122
V10	0.50976	0.04212	0.43086	0	0.01725
V11	0.03879	0.00607	0.0814	0.07948	0.79426
V12	0.08959	0.00675	0.1873	0.29441	0.42195
V13	0.13863	0.03439	0.02887	0.39216	0.40595
V14	0.17243	0	0.06147	0.61688	0.14922
V15	0.04181	0.00908	0.00106	0.8411	0.10695
V16	0.5941	0.07247	0.00727	0.29275	0.03342
V17	0.07162	0.22308	0.00801	0.0662	0.63108
V18	0.10241	0.45292	0.22609	0.19177	0.02681
V19	0.03168	0	0	0.11878	0.84954
V20	0.00241	0.03041	0.71083	0.22756	0.02879
V21	0.03255	0.24967	0.10605	0.1546	0.45713
V22	0.84229	0.07672	0.05816	0	0.02282
V23	0.07946	0.00101	0.01476	0.13576	0.76901
V24	0.45031	0.11534	0.01149	0.03766	0.38521
V25	0.03568	0.01273	0.01045	0.38956	0.55159
V26	0.48267	0.20384	0.04808	0.02892	0.23648
V27	0.13367	0.51385	0.15378	0.00362	0.19509
V28	0.04564	0.07556	0.18119	0.60724	0.09037
V29	0.01684	0	0.30813	0.60448	0.07055
V30	0.75494	0.10452	0.02068	0.00322	0.11664
V31	0.42992	0.14331	0.0057	0.20799	0.21308
V32	0.94166	0	0.00455	0	0.05379
V33	0.03269	0.17489	0.00902	0.11747	0.66594
V34	0.13499	0.85551	0.00245	0	0.00704
V35	0.10914	0.65096	0.22381	0.01297	0.00313
V36	0.03591	0.16407	0.13597	0.09412	0.56992
V37	0.7447	0	0	0	0.2553
V38	0.1365	0.04177	0.43705	0.19716	0.18752
V39	0.34296	0.04472	0.28922	0.00827	0.31484
V40	0.23706	0.62517	0.01003	0.08179	0.04596
V41	0.06767	0.84285	0.00809	0	0.08138
V42	0.88805	0.02522	0.01678	0	0.06996
V43	0.52612	0.14425	0.32051	0.00066	0.00847
V44	0.04179	0.32801	0.50752	0	0.12268
V45	0.05488	0.68768	0.07863	0.12057	0.05824
V46	0.12953	0.77694	0.055	0.01591	0.02261
V47	0	0.04529	0.95011	0	0.0046
V48	0.18215	0.13695	0.1924	0.31616	0.17234
V49	0.50154	0.16037	0.20198	0.11613	0.01998
V50	0.02057	0.06801	0.91143	0	0
V51	0.11144	0.26649	0.16145	0.06299	0.39762
V52	0.07284	0.91395	0.00459	0	0.00863
V53	0.04735	0.16762	0.00592	0.70087	0.07824
V54	0.22388	0	0.007	0.51856	0.25056
V55	0.09096	0	0	0.8164	0.09264
V56	0.08479	0	0.00307	0.71519	0.19695
V57	0.17161	0.15827	0.51625	0.01599	0.13788
V58	0.07209	0	0.10888	0.19791	0.62112
V59	0.8964	0.01273	0.08129	0	0.00958
V60	0.4439	0.21271	0.10499	0.10552	0.13288
V61	0.19054	0	0.01887	0.21174	0.57885
V62	0.0649	0.02253	0.25314	0.13882	0.52061
V63	0.40119	0.25741	0.04829	0.02663	0.26649
V64	0.9665	0.00082	0.02122	0	0.01145
V65	0.10176	0.06897	0.03181	0.58789	0.20957
V66	0.04308	0	0.12071	0.74938	0.08684
V67	0.01399	0.01419	0.28689	0.10537	0.57957
V68	0.50535	0.01921	0.36425	0.018	0.0932
V69	0.62824	0.1244	0.17701	0	0.07035
V70	0.07831	0.72307	0.03319	0.13145	0.03398
V71	0.11152	0.7921	0.03355	0.04493	0.0179
V72	0.05149	0.37439	0.01582	0.0435	0.5148
V73	0.07136	0	0.08663	0.55131	0.2907
V74	0.03145	0.04942	0.00688	0.74868	0.16357
V75	0.50611	0.20181	0.27801	0	0.01408
V76	0.02665	0	0.01579	0.8047	0.15285
V77	0.01951	0.04461	0.91035	0.02554	0
V78	0	0.05649	0.93759	0	0.00592
V79	0.09145	0.38947	0.02909	0.13083	0.35917
V80	0.13696	0.73173	0	0.03837	0.09295
V81	0.0077	0.04667	0.94563	0	0
V82	0.25414	0.1609	0.02286	0.50215	0.05994
V83	0.1111	0.0656	0.01608	0.51238	0.29484
V84	0.09626	0.14236	0.00115	0.07304	0.68719
V85	0	0.04584	0.95416	0	0
V86	0.03955	0.27605	0.27136	0.36868	0.04437
V87	0.4825	0.00579	0.03594	0.41558	0.06019
V88	0.31437	0.1583	0.04057	0.17987	0.3069
V89	0.04895	0.14456	0.78441	0.02208	0
V90	0.03027	0.16038	0.04361	0.11515	0.65059
V91	0.02509	0	0.07339	0.81257	0.08895
V92	0.22921	0.02088	0.01879	0.06958	0.66153
V93	0.02571	0.07947	0.14086	0.49742	0.25654
V94	0.05035	0.15037	0.01511	0.23243	0.55174
V95	0.07105	0.20722	0.01434	0.11347	0.59392
V96	0.80955	0	0.0203	0.00708	0.16307
V97	0.15954	0.01208	0.03325	0.12732	0.66781
V98	0.06727	0.37902	0.1487	0.11688	0.28813
V99	0.52176	0.13067	0	0.19566	0.1519
V100	0.54154	0.15933	0.04059	0.04035	0.21818
V101	0.08094	0.90076	0.01065	0	0.00766
V102	0.32113	0.24845	0.11279	0.09453	0.22309
V103	0.11856	0	0	0.07802	0.80342
V104	0.05972	0.39463	0.06509	0.0409	0.43966
V105	0.02114	0	0.03165	0.11638	0.83083
V106	0.06771	0.77091	0.12461	0	0.03677
V107	0.05774	0.2643	0.63866	0.03072	0.00858
V108	0.0193	0.21942	0.76128	0	0
V109	0.07192	0.20193	0.04373	0.26322	0.4192
V110	0.19361	0.53214	0.15805	0.08959	0.02661
V111	0.31142	0.25646	0.43212	0	0
V112	0.18902	0	0.09003	0.45157	0.26939
V113	0.23423	0	0.0833	0.15446	0.52801
V114	0.58762	0.07326	0.04044	0.15214	0.14655
V115	0.87585	0	0.00139	0	0.12276
V116	0.02121	0	0	0.09406	0.88472
V117	0.05557	0.04904	0.79246	0.07102	0.0319
V118	0.05937	0	0	0.82622	0.11441
V119	0.36645	0.0331	0.36134	0.22098	0.01813
V120	0.00951	0.03793	0.80154	0.10388	0.04714
V121	0.20416	0.7241	0	0	0.07174
V122	0.05144	0.38529	0.06844	0.2172	0.27763
V123	0.50555	0.03556	0.06284	0.17476	0.22129
V124	0.21719	0.09966	0.04853	0.21493	0.4197
V125	0.05319	0.4917	0.44891	0	0.0062
V126	0.16482	0.18771	0.18226	0.11406	0.35115
V127	0.31597	0.02547	0.62031	0.03044	0.00782
V128	0.21424	0.75931	0.00687	0	0.01958
V129	0.28312	0.0381	0.23257	0.16761	0.2786
V130	0.04934	0.50318	0.03199	0.205	0.21049
V131	0.03135	0.00029	0.21267	0.68625	0.06944
V132	0.35682	0.00445	0	0.31996	0.31878
V133	0.00964	0.06939	0.4981	0.09464	0.32823
V134	0.07903	0.05738	0.7497	0.01484	0.09905
V135	0.02687	0.13415	0.68672	0.02013	0.13212
V136	0.97895	0	0.00746	0	0.01358
V137	0.93266	0.01958	0.00454	0.00019	0.04303
V138	0.25121	0.13456	0.06256	0.13382	0.41785
V139	0.13753	0	0.14045	0.64881	0.07322
V140	0.03221	0	0.12489	0.07385	0.76906
V141	0.02517	0.26333	0.61291	0.08419	0.0144
V142	0.2257	0	0.28773	0.13211	0.35445
V143	0.02879	0.22134	0.43416	0.1386	0.17711
V144	0.52037	0.22367	0.05672	0.09794	0.10131
V145	0	0.05578	0.92412	0.00149	0.01861
V146	0.05234	0.33379	0.00284	0.28997	0.32106
V147	0.10893	0.09824	0.65423	0.09547	0.04313
V148	0.17016	0.78289	0.00643	0.0162	0.02433
V149	0.02841	0	0.0013	0.82313	0.14716
V150	0.15947	0.22907	0.53321	0	0.07825
V151	0.44943	0.00256	0.00671	0.37818	0.16313
V152	0.03081	0	0.10115	0.71378	0.15426
V153	0.18858	0.21104	0.40921	0.04099	0.15018
V154	0.12978	0.58285	0.01671	0.03185	0.2388
V155	0.05341	0	0.11989	0.74072	0.08598
V156	0.10983	0.03281	0.35069	0.15582	0.35086
V157	0.10198	0.03398	0.14089	0.27478	0.44836
V158	0.21226	0.004	0.39764	0.05254	0.33356
V159	0.13208	0.22076	0.00977	0.54454	0.09285
V160	0.46219	0.15903	0.07759	0.03916	0.26203
V161	0.20754	0.00436	0.04651	0.05818	0.68342
V162	0	0.0572	0.9428	0	0
V163	0.05622	0	0.00765	0.10628	0.82986
V164	0.9432	0.03798	0.01394	0	0.00488
V165	0.62636	0.21885	0.07125	0.02715	0.05639
V166	0.06937	0	0.21474	0.56891	0.14699
V167	0.05572	0.63879	0.01209	0.11715	0.17624
V168	0	0.0572	0.9428	0	0
V169	0.07353	0.70774	0.1323	0.06108	0.02535
V170	0.25812	0.39127	0.04357	0.16835	0.13869
V171	0.34203	0.09992	0.32792	0.16075	0.06938
V172	0.18095	0.20976	0.05414	0.0501	0.50505
V173	0.22684	0.09743	0.07569	0.37986	0.22018
V174	0.23176	0	0.31621	0.19858	0.25345
V175	0.08541	0.13214	0.09635	0.18512	0.50099
V176	0.39468	0.00021	0.00221	0.54446	0.05844
V177	0.22391	0.05317	0.53966	0.16344	0.01982
V178	0.31183	0.05876	0.42192	0.1024	0.1051
V179	0.09539	0	0.00123	0.08078	0.8226
V180	0.03228	0.01425	0.29201	0.05184	0.60962
V181	0.0741	0.24962	0	0.09025	0.58603
V182	0.57806	0.22926	0.00094	0.13115	0.0606
V183	0.08995	0.89198	0.00354	0	0.01453
V184	0.35405	0.01052	0.27015	0.30988	0.0554
V185	0.11627	0.4756	0.01587	0.13366	0.25859
V186	0.14316	0.16732	0.02059	0.2428	0.42614
V187	0.0985	0.69309	0	0.17696	0.03145
V188	0.87524	0.01855	0.02947	0.0563	0.02045
V189	0.47422	0.24625	0.02859	0.21785	0.03309
V190	0.42865	0.06669	0.18481	0.02034	0.2995
V191	0.2302	0.22008	0.00062	0.38498	0.16412
V192	0.33814	0.19595	0.1065	0.19385	0.16555
V193	0.08268	0.23647	0.46899	0.03861	0.17325
V194	0.26304	0.03817	0.06895	0.11849	0.51134
V195	0.60391	0.17931	0.21042	0	0.00636
V196	0.01685	0	0.04488	0.10852	0.82975
V197	0.08867	0.87206	0.00208	0.0191	0.0181
V198	0.23612	0.21735	0.02684	0.19312	0.32656
V199	0.80312	7e-04	0.19619	0	0
V200	0.76735	0	0.02444	0.01065	0.19756
V201	0.05209	0	0.01766	0.65974	0.27051
V202	0.93901	0.04605	5e-04	0	0.01444
V203	0.5384	0.25098	0.02053	0.04039	0.1497
V204	0.32779	0.0654	0.02451	0.03624	0.54606
V205	0.11773	0.01729	0.09351	0.11114	0.66033
V206	0.06442	0.08997	0	0.72565	0.11996
V207	0.04181	0.00908	0.00106	0.8411	0.10695
V208	0.17756	0.24946	0.42959	0.03661	0.10678
V209	0.1576	0.0062	0.07655	0.08107	0.67859
V210	0	0.04505	0.94862	0	0.00633
V211	0.15873	0.01458	0.1657	0.06789	0.5931
V212	0.07879	0.76338	0.06251	0.02924	0.06608
V213	0.10327	0	0.04712	0.25984	0.58977
V214	0.04022	0.58593	0.34364	0.00286	0.02736
V215	0.25746	0.22097	0.11119	0.08261	0.32778
V216	0.06393	0.03482	0.27687	0.07486	0.54952
V217	0.02388	0	0.02266	0.77509	0.17837
V218	0.09128	0.20157	0.2513	0.32483	0.13102
V219	0.14986	0.30459	0.34513	0.17724	0.02319
V220	0.2047	0.7366	0.04755	0	0.01115
V221	0.05228	0.0735	0.43927	0.03376	0.40119
V222	0.02927	0	0.00314	0.0985	0.8691
V223	0.57586	0.01303	0.28687	0.09831	0.02593
V224	0.05921	0.53334	0.01732	0.08568	0.30443
V225	0.72364	0.16211	0.10921	0	0.00504
V226	0.46156	0.52816	0	0	0.01028
V227	0.11276	0.26256	0.00314	0.52933	0.09221
V228	0.63177	0.02804	0.24323	0.0487	0.04826
V229	0.29177	0.41847	0.22672	0.02587	0.03717
V230	0.02746	0	0.00292	0.09868	0.87094
V231	0.08257	0.61379	0.047	0.14988	0.10676
V232	0.83381	0.00217	0.16402	0	0
V233	0.06656	0.00974	0.11918	0.13069	0.67383
V234	0.03845	0.3977	0.18429	0.32025	0.05931
V235	0.98814	0	0.00079	0	0.01106
V236	0.09668	0.0335	0.60783	0.18826	0.07373
V237	0.14207	0.07973	0.22972	0.30732	0.24116
V238	0.02144	0	0.00339	0.28757	0.6876
V239	0.08252	0.39578	0.03686	0.16799	0.31686
V240	0.08548	0.83201	0.00716	0.00955	0.0658
V241	0.07249	0.90818	0.00413	0	0.0152
V242	0.05287	0.34516	0.25693	0.25405	0.09098
V243	0.514	0.01245	0.29131	0.018	0.16425
V244	0.04812	0.40815	0.15625	0.08588	0.30159
V245	0.07	0.88628	0.02378	0.01126	0.00867
V246	0.6104	0.26581	0.02066	0	0.10313
V247	0.22048	0.1292	0.57748	0.03647	0.03637
V248	0.1096	0.58796	0.01707	0.02137	0.264
V249	0.26238	0.06219	0.17062	0.10731	0.3975
V250	0.02601	0.05419	0.59563	0.04406	0.28012
V251	0.23686	0.01063	0.07855	0.56088	0.11307
V252	0.03392	0.14452	0.50303	0.14902	0.16951
V253	0.30775	0.57815	0.06725	0.02456	0.02229
V254	0.52577	0.3892	0	0.05685	0.02818
V255	0.82751	0.07053	0	0.00107	0.10088
V256	0.06104	0.74358	0.01283	0.01394	0.16862
V257	0.45964	0.30744	0.12054	0.02044	0.09195
V258	0.18022	0.33179	0.03838	0.40006	0.04955
V259	0.54938	0.27907	0.14947	0	0.02208
V260	0.26065	0.01927	0.08401	0.1045	0.53157
V261	0.03173	0.03362	0.46762	0.29072	0.17632
V262	0.93016	0.01248	0.046	0	0.01137
V263	0.82143	0.07502	0.00884	0.07923	0.01548
V264	0.0881	0.86785	0.00875	0.0252	0.01011
V265	0.84341	0.07938	0.06603	0	0.01118
V266	0.02488	0	0.06537	0.097	0.81275
V267	0.05726	0	0.00084	0.18931	0.75259
V268	0.2158	0.44387	0.11632	0.1547	0.06931
V269	0.1063	0.35717	0.31284	0.17207	0.05161
V270	0.06797	0	0.02906	0.81337	0.0896
V271	0.23401	0.71317	0.00474	0.00877	0.03931
V272	0.1214	0.8053	0.01986	0.00583	0.04762
V273	0.30873	0.00864	0.15243	0.31455	0.21564
V274	0.10109	0.02173	0.02778	0.21643	0.63297
V275	0.06434	0.7159	0.12441	0.06908	0.02628
V276	0.0147	0.03939	0.66845	0.22914	0.04832
V277	0.4055	0.02013	0.54604	0	0.02833
V278	0.01796	0.04033	0.30295	0.4482	0.19055
V279	0.16226	0	0.00953	0.69591	0.13231
V280	0.21044	0.00677	0.03075	0.58403	0.16802
V281	0.04816	0.22419	0.03493	0.61837	0.07435
V282	0.08109	0.90024	0.00385	0	0.01482
V283	0.35339	0	0.08904	0.05139	0.50617
V284	0.03359	0.14564	0.46953	0.01816	0.33308
V285	0.51649	0.46181	0	0.00576	0.01595
V286	0.09149	0.06278	0.81699	0.02197	0.00677
V287	0.26101	0.06175	0.14266	0.27922	0.25536
V288	0.22519	0.03074	0.58446	0.00074	0.15887
V289	0.17712	0.2241	0.01655	0.52038	0.06186
V290	0.4338	0.4558	0.1104	0	0
V291	0.42603	0.2096	0.00085	0.31984	0.04368
V292	0.12867	0.03191	0.3506	0.05848	0.43034
V293	0.00419	0.15622	0.78379	0.03575	0.02005
V294	0.02056	0	0.0045	0.09333	0.88161
V295	0.02824	0.02875	0.29529	0.50559	0.14213
V296	0.85875	0.10239	0	0	0.03886
V297	0.02232	0.04556	0.75131	0.12205	0.05876
V298	0.30473	0	0.00032	0.51492	0.18002
V299	0.28287	0	0.00821	0.64066	0.06827
V300	0.98983	0	0.00191	0	0.00826
V301	0.97557	0	0.00531	0	0.01912
V302	0.02255	0	0.00381	0.39402	0.57963
V303	0.12067	0.17212	0.17696	0.17836	0.3519
V304	0.21026	0.06502	0.70488	0	0.01984
V305	0.21684	0.3123	0.07218	0.1043	0.29437
V306	0.33093	0.6467	0	0	0.02237
V307	0.26452	0.00436	0.24484	0.4451	0.04117
V308	0.26723	0.03709	0.62761	0.05804	0.01003
V309	0.66376	0.05849	0.04026	0.09841	0.13908
V310	0.04267	0.00067	0.00308	0.15026	0.80332
V311	0.03407	0	0.03867	0.82532	0.10194
V312	0.09756	0.24776	0.20317	0.0278	0.42371
V313	0.0788	0.28375	0.00859	0.29449	0.33437
V314	0.09212	0	0.00129	0.36705	0.53954
V315	0.95185	0	0.01164	0	0.03651
V316	0.126	0.57294	0.20801	0.01981	0.07323
V317	0.41955	0.10237	0.45881	0	0.01927
V318	0.90241	0	0.0026	0	0.09499
V319	0.11567	0.09629	0.78803	0	0
V320	0.09812	0	0.0044	0.79856	0.09892
V321	0.15342	0.36261	0.26426	0.17714	0.04257
V322	0.01888	0.2973	0.51834	0.04416	0.12132
V323	0.27343	0.24077	0.38478	0.00897	0.09205
V324	0.06001	0.03052	0.03681	0.779	0.09366
V325	0.65085	0.1042	0.07105	0.09239	0.08151
V326	0.05796	0	0.04277	0.17118	0.7281
V327	0.34007	0.49244	0.0888	0.00723	0.07146
V328	0.06717	0.30233	0.14065	0.42932	0.06053
V329	0.01728	0.05842	0.35844	0.50679	0.05907
V330	0.08884	0.06081	0.79925	0	0.0511
V331	0.13832	0.00558	0.07002	0.12631	0.65977
V332	0.50426	0.0631	0.4045	0	0.02814
V333	0.43936	0.03611	0.27252	0.14308	0.10894
V334	0.05399	0.32461	0.50192	0.06858	0.0509
V335	0.7342	0.05022	0.06972	0.01783	0.12803
V336	0.17729	0.58973	0.21905	0	0.01394
V337	0.02062	0	0.00993	0.19436	0.77509
V338	0.74431	0.01432	0.13315	3e-04	0.10792
V339	0.2199	0.54343	0.15178	0	0.0849
V340	0.04587	0.14593	0.08726	0.09415	0.62679
V341	0.0355	0.51784	0.38322	0	0.06343
V342	0.32552	0.17648	0.40505	0.08706	0.00589
V343	0.73416	0.00475	0.26108	0	0
V344	0.11724	0.74337	0.03226	0.01671	0.09042
V345	0.22092	0.03101	0	0.27801	0.47006
V346	0.05209	0.33772	0.27708	0.27071	0.06241
V347	0.10103	0.52247	0.01773	0.28362	0.07515
V348	0.02791	0.15814	0.39969	0.23532	0.17894
V349	0.07684	0.33902	0.47233	0.00813	0.10369
V350	0.12572	0.41877	0.06791	0.21258	0.17502
V351	0.20277	0.04049	0.40153	0.31018	0.04503
V352	0.12392	0.56482	0.30448	0	0.00679
V353	0.25483	0.31663	0.02666	0.05375	0.34813
V354	0.60347	0.02488	0.37165	0	0
V355	0.10537	0.01922	0.30699	0.51142	0.057
V356	0.10292	0.0615	0.79304	0.00727	0.03527
V357	0.0512	0.05223	0.45233	0.04946	0.39478
V358	0.04993	0.02008	0.03005	0.80216	0.09778
V359	0.07546	0.10269	0.00543	0.73502	0.0814
V360	0.7398	0.04348	0.07936	0.12159	0.01577
V361	0.34407	0.48179	0.07174	0	0.1024
V362	0.82631	0	0.08348	0	0.09021
V363	0.04346	0.01018	0.00277	0.18424	0.75936
V364	0.05968	0.27917	0.01691	0.40564	0.2386
V365	0.02765	0	0.00903	0.8363	0.12702
V366	0.23203	0.06663	0.54972	0.05192	0.0997
V367	0.24332	0.22985	0.17642	0.1561	0.19431
V368	0.76577	0.08469	0.10874	0	0.0408
V369	0.05873	0.6704	0.20228	0.06056	0.00803
V370	0.03874	0.14834	0.10181	0.34825	0.36286
V371	0.07852	0.87843	0.03839	0	0.00465
V372	0.68229	0.06814	0.12789	0.08596	0.03572
V373	0.13368	0.66741	0.10768	0.07326	0.01797
V374	0.11834	0.05853	0.34932	0.4346	0.03922
V375	0.34286	0.03377	0.56807	0.05375	0.00155
V376	0.02033	0	0.34994	0.05539	0.57434
V377	0.1062	0.52988	0.17849	0.16091	0.02452
V378	0.14643	0.55372	0.14544	0	0.15441
V379	0.03552	0	0.08775	0.12685	0.74988
V380	0.03324	0.04672	0.14884	0.48291	0.28829
V381	0.14788	0.02722	0.00091	0.07075	0.75325
V382	0.41437	0	0	0.27683	0.3088
V383	0.05084	0.0032	0.24961	0.63339	0.06295
V384	0.31434	0.04322	0.14592	0.40105	0.09548
V385	0.09264	0.07399	0.00144	0.07387	0.75806
V386	0.68911	0.00071	0.0012	0.27545	0.03353
V387	0.29133	0.00576	0.00255	0.6084	0.09195
V388	0.07542	0.83052	0.02801	0.04705	0.01899
V389	0.13884	0.76307	0.0117	0.02092	0.06547
V390	0.19347	0	0.00154	0.63162	0.17337
V391	0.72013	0.15051	0	0.05071	0.07865
V392	0.96647	0.01907	0.00822	0	0.00623
V393	0.11794	0.01427	0.13041	0.51129	0.2261
V394	0.73328	0	0.01935	0.13309	0.11428
V395	0.01615	0.0113	0.34917	0.55848	0.06491
V396	0.587	0.03604	0.37607	0	0.00088
V397	0.69313	0.13639	0.02769	0.08736	0.05544
V398	0.08049	0	0.14923	0.6193	0.15098
V399	0.05432	0.00919	0	0.27709	0.65939
V400	0.18383	0.549	0.13347	0.12044	0.01324
V401	0.36317	0.02373	0.60189	0.0112	0
V402	0.40922	0.04579	0.40436	0.05279	0.08785
V403	0.15286	0.05436	0	0.16175	0.63103
V404	0.01337	0.06793	0.4502	0.38203	0.08647
V405	0.36247	0.26508	0.05808	0.19244	0.12193
V406	0.01995	0.06682	0.9004	0	0.01284
V407	0.9207	0.02774	0.03212	0.00992	0.00952
V408	0.05322	0.36329	0.00281	0.23951	0.34117
V409	0.12749	0	0.05439	0.64381	0.17431
V410	0.13604	0.13748	0.27277	0.06165	0.39206
V411	0.02102	0	0	0.10085	0.87813
V412	0.03502	0.12663	0.10304	0.07568	0.65963
V413	0.04401	0.25785	0.12908	0.34345	0.22561
V414	0.05936	0.07032	0	0.43951	0.43081
V415	0.15579	0	0	0.07208	0.77213
V416	0.11399	0.06831	0.01351	0.17306	0.63112
V417	0.01167	0.04437	0.73803	0.12499	0.08094
V418	0.55095	0.39707	0.0158	0	0.03618
V419	0.24358	0.0021	0.01222	0.14643	0.59566
V420	0.22349	0	0.0802	0.08327	0.61304
V421	0.01731	0	0.1048	0.10731	0.77059
V422	0.03625	0	0.04369	0.67605	0.244
V423	0.31966	0.20933	0.25537	0.17363	0.04201
V424	0.00965	0.01661	0.43062	0.04002	0.50309
V425	0.33566	0.36196	0	0.01718	0.2852
V426	0.25369	0.18029	0.01464	0.42288	0.1285
V427	0.22096	0.64302	0.12887	0	0.00715
V428	0.11313	0.65236	0.06132	0.07579	0.0974
V429	0.1401	0.77773	0	0.04667	0.0355
V430	0.04323	0.02168	0.36099	0.1988	0.37529
V431	0.13435	0.3916	0.17156	0.22537	0.07712
V432	0.32333	0.06119	0.1081	0.32598	0.18139
V433	0.22546	0.02286	0.4891	0.21737	0.04521
V434	0.2641	0.31049	0.33253	0.00195	0.09093
V435	0.5984	0.05599	0.33039	0.00616	0.00907
V436	0.0786	0.58993	0.08313	0.04996	0.19839
V437	0.19266	0.00251	0.01947	0.18906	0.5963
V438	0.15484	0.32483	0.17205	0.25779	0.09048
V439	0.638	0	0.04013	0.27526	0.04662
V440	0.03583	0.39687	0.50822	0.00448	0.0546
V441	0.05018	0.57807	0.34539	0.01573	0.01062
V442	0.08099	0.9018	0.01114	0	0.00606
V443	0.97128	0	0.00506	0.01119	0.01247
V444	0.17205	0.44275	0.0238	0.29474	0.06666
V445	0.08732	0.42324	0.03258	0.3972	0.05966
V446	0.13066	0.02123	0.08716	0.54365	0.2173
V447	0.08043	0	0.00775	0.43285	0.47897
V448	0.16041	0	0.01169	0.08294	0.74496
V449	0	0.0572	0.9428	0	0
V450	0.2205	0.08985	0.21101	0.13851	0.34013
V451	0.29041	0.20014	0.05065	0.31285	0.14594
V452	0.03201	0	0.14704	0.6994	0.12155
V453	0.03479	0	0	0.44271	0.52251
V454	0.01364	0.0344	0.63583	0.03661	0.27953
V455	0.07609	0.23235	0.23362	0.06386	0.39407
V456	0.95684	0	0	0	0.04316
V457	0.68011	0.20902	0.02805	0.03319	0.04963
V458	0.0381	0.40622	0.46348	0.04347	0.04874
V459	0.1528	0.04801	0.04474	0.46245	0.292
V460	0.71505	0.04007	0.17814	0.03639	0.03036
V461	0.20263	0.31414	0.20595	0.02152	0.25576
V462	0.06902	0.06373	0.00942	0.47769	0.38013
V463	0.23801	0.04767	0.00975	0.62981	0.07477
V464	0.18342	0.22386	0.58889	0	0.00383
V465	0.05476	0.07549	0.00846	0.0914	0.76989
V466	0.0368	0	0	0.15764	0.80556
V467	0.07949	0.25255	0.01733	0.5022	0.14843
V468	0.56791	0.30919	0.09328	0	0.02961
V469	0.03984	0.32227	0.04573	0.26051	0.33164
V470	0.86159	0.04655	0.02276	0.04908	0.02003
V471	0.3991	0.29273	0.0206	0.12473	0.16284
V472	0.02317	0.01215	0.03207	0.08777	0.84483
V473	0.04973	0.22583	0.21059	0.29989	0.21396
V474	0.31367	0.1338	0.05177	0.41344	0.08733
V475	0.17879	0.05018	0.5434	0.03005	0.19758
V476	0.17821	0.02243	0.08774	0.58596	0.12568
V477	0.07241	0.90966	0.01152	0	0.00641
V478	0.16897	0	0	0.07042	0.76061
V479	0.86304	0.04721	0.02971	0.04112	0.01892
V480	0.15558	0.66135	0.04588	0.09136	0.04583
V481	0.25743	0.37141	0.05076	0.16267	0.15773
V482	0.13097	0.69154	0.16177	0	0.01572
V483	0.32635	0.52897	0	0.08104	0.06363
V484	0.23894	0.52806	0.09951	0.1045	0.02898
V485	0.6888	0.07793	0.10281	0.09356	0.03689
V486	0.07622	0.07359	0.24628	0.04454	0.55938
V487	0.15748	0.14976	0.37628	0.28324	0.03324
V488	0.4226	0.05845	0	0.31357	0.20538
V489	0.0148	0.27361	0.63006	0.05958	0.02195
V490	0.01307	0.04306	0.72247	0.19659	0.02481
V491	0.05456	0.44949	0.03749	0.10681	0.35165
V492	0.05449	0.13656	0.02724	0.68009	0.10162
V493	0.03611	0	0.00792	0.84783	0.10813
V494	0.3386	0	0.01312	0.51037	0.1379
V495	0.35491	0.23219	0.18676	0.14783	0.07831
V496	0.13651	0.01205	0.0407	0.06866	0.74207
V497	0.10792	0.01984	0.11835	0.13843	0.61546
V498	0.09605	0.8514	0.02165	0	0.0309
V499	0.0563	0.2268	0.21643	0.08371	0.41677
V500	0.12877	0.50299	0.09281	0.1923	0.08314
V501	0.08451	0.29566	0.00795	0.05557	0.55631
V502	0.15064	0.79319	0.03458	0.01433	0.00726
V503	0.46853	0.01572	0.18212	0.13262	0.201
V504	0.4743	0.19059	0	0.01676	0.31835
V505	0.62187	0	0.0174	0.08201	0.27872
V506	0.04693	0.50507	0.05229	0.03357	0.36215
V507	0.86267	0	0.02651	0.06555	0.04528
V508	0.04876	0.65264	0.1828	0.03134	0.08446
V509	0.07349	0.47073	0.11738	0.17774	0.16066
V510	0.4219	0.5043	0.03765	0.0212	0.01495
V511	0.0783	0.35195	0.46515	0.02878	0.07582
V512	0.16546	0.46998	0.14708	0.04422	0.17327
V513	0.18568	0.68411	0.06085	0.02985	0.03951
V514	0.02243	0	0.18379	0.09514	0.69864
V515	0.09795	0.1219	0	0.70239	0.07776
V516	0.18055	0.37783	0.09361	0.30069	0.04733
V517	0.03874	0.02106	0.04668	0.79728	0.09624
V518	0.4544	0.02642	0.29524	0.17257	0.05138
V519	0.81594	0.05187	0.00213	0.10398	0.02609
V520	0.09575	0.84017	0.01467	0.03871	0.01069
V521	0.23062	0	0.11993	0.58362	0.06583
V522	0.05978	0.23478	0.52487	0.12369	0.05688
V523	0.16719	0.09054	0.70839	0.02697	0.0069
V524	0.3685	0.05222	0.51406	0	0.06522
V525	0.0318	0.17473	0.02278	0.07591	0.69478
V526	0.04443	0.07561	0.83335	0.00967	0.03694
V527	0.09923	0.51902	0.35554	0.00041	0.0258
V528	0.17191	0	0.01694	0.73222	0.07892
V529	0.23385	0.06481	0.69112	0	0.01023
V530	0.02061	0.06522	0.84743	0.03682	0.02992
V531	0.18919	0.51603	0.07331	0.01812	0.20335
V532	0.07663	0.26764	0.24883	0.02385	0.38304
V533	0.25544	0	0	0.05834	0.68621
V534	0.14855	0.05623	0	0.69191	0.10331
V535	0.83143	0.11592	0.0451	0	0.00755
V536	0.13912	0.19601	0.3324	0.04164	0.29083
V537	0.03293	0.00129	0.01088	0.08994	0.86497
V538	0.62212	0.10054	0	0.02785	0.24949
V539	0.02108	0.19025	0.60904	0.09344	0.08619
V540	0.17648	0.46997	0.07324	0.05084	0.22948
V541	0.05179	0.37835	0.0157	0.06231	0.49184
V542	0.06033	0.34779	0.09621	0.39052	0.10515
V543	0.07437	0.14307	0.62981	0.04145	0.1113
V544	0.35512	0.19856	0.15399	0.06171	0.23061
V545	0.62814	0.36407	0.00439	0	0.0034
V546	0.0887	0.77737	0.07029	0.00052	0.06312
V547	0.11154	0.77331	0	0.0767	0.03844
V548	0.03231	0.05169	0.00807	0.80688	0.10105
V549	0.02039	0	0.01675	0.20738	0.75548
V550	0.06489	0.84113	0.08083	0	0.01316
V551	0.03747	0	0.00116	0.85957	0.1018
V552	0.21486	0	0.01188	0.08829	0.68497
V553	0.80073	0	0.01365	0.11762	0.068
V554	0.12857	0.06855	0.45534	0.30308	0.04446
V555	0.07013	0.88891	0.00985	0	0.03111
V556	0.10162	0.04108	0.04905	0.67988	0.12837
V557	0.32706	0.25021	0.02864	0.30823	0.08586
V558	0.01193	0.05769	0.751	0.13967	0.03971
V559	0.11596	0.45811	0.39374	0	0.03218
V560	0.63838	0.24534	0.11628	0	0
V561	0.72718	0	0.12066	0	0.15216
V562	0.13036	0.04119	0.12584	0.12419	0.57842
V563	0.22982	0.27159	0.17463	0.10547	0.2185
V564	0.36032	0.0109	0.04985	0.32485	0.25409
V565	0.0199	0	0.01042	0.11919	0.85049
V566	0.30592	0.13631	0.01986	0.30027	0.23763
V567	0.01914	0.04547	0.93252	0	0.00287
V568	0.04478	0.25755	0.39153	0.28123	0.02492
V569	0.65502	0.09804	0.09492	0.09718	0.05484
V570	0.15337	0.02627	0.25453	0.44288	0.12295
V571	0.28699	0.00058	0.21076	0.32699	0.17469
V572	0.84194	0	0	0	0.15806
V573	0.09511	0.0768	0.30314	0.36564	0.15931
V574	0.5377	0.2981	0.06489	0.06488	0.03443
V575	0.36364	0.01588	0.09862	0.06828	0.45358
V576	0.06833	0.85422	0.00829	0.0033	0.06586
V577	0.42168	0.50332	0.03045	0.02873	0.01582
V578	0.03787	0.19271	0.47691	0.21497	0.07754
V579	0.03981	0.53704	0.2798	0.02036	0.123
V580	0.22802	0.54542	0.00983	0.17084	0.0459
V581	0.06848	0.52303	0.33219	0.06206	0.01424
V582	0	0.09247	0.90753	0	0
V583	0.66289	0.02195	0.31473	0	0.00043
V584	0.23377	0.5045	0.08872	0.02527	0.14775
V585	0.06954	0.76303	0.05519	0.04442	0.06783
V586	0.05924	0.79103	0.14293	0.00187	0.00493
V587	0.07451	0.65982	0.0055	0.0331	0.22707
V588	0.24872	0.42716	0.3208	0	0.00332
V589	0.1179	0.41652	0.03908	0.36202	0.06447
V590	0.07162	0.75569	0	0.01298	0.15972
V591	0.46283	0.49619	0.03107	0	0.00991
V592	0.02146	0.03044	0.72002	0.03577	0.19231
V593	0.4346	0	0.00031	0.46035	0.10474
V594	0.00973	0.16777	0.61337	0.13902	0.07011
V595	0.54921	0.03638	0.05713	0.2836	0.07368
V596	0.48639	0.20189	0.18356	0.09266	0.03551
V597	0.04168	0.16536	0.002	0.14529	0.64567
V598	0.56618	0	0	0.0173	0.41652
V599	0.09536	0.41357	0.07861	0.34158	0.0709
V600	0.29903	0.00895	0.1636	0.36216	0.16625
V601	0.15446	0.0837	0.00131	0.44348	0.31706
V602	0.83506	0.1599	0	0	0.00504
V603	0.13672	0.11989	0.01982	0.15539	0.56819
V604	0.02461	0.04991	0.66766	0.10297	0.15485
V605	0.04006	0.04734	0.10383	0.11831	0.69047
V606	0.83445	0	0	0	0.16555
V607	0.16224	0.08586	0.013	0.06741	0.67149
V608	0.76969	0.00653	0.02671	0.06309	0.13398
V609	0.20053	0.31092	0.00803	0.35934	0.12118
V610	0.106	0.66142	0.00537	0.19455	0.03266
V611	0.30272	0.05676	0.57344	0.00449	0.06258
V612	0.39694	0.05504	0.27131	0.01632	0.26038
V613	0.41804	0.53755	0.03157	0.00635	0.00649
V614	0.52993	0.01832	0.01145	0.0782	0.3621
V615	0.02724	0.08775	0.11549	0.54106	0.22846
V616	0.69548	0	0.1352	0.11333	0.05599
V617	0.24768	0.09249	0.41833	0.08385	0.15766
V618	0.73422	0.08597	0.05546	0	0.12435
V619	0.55516	0.03814	0.13149	0.00748	0.26773
V620	0.05979	0.03278	0.32831	0.52037	0.05875
V621	0.15066	0.22849	0.24962	0.01799	0.35324
V622	0.03233	0.21382	0.29656	0.03729	0.42
V623	0.08518	0	0.00277	0.64366	0.26838
V624	0.91372	0	0.00225	0	0.08403
V625	0.02836	0.05597	0.08712	0.74064	0.08791
V626	0.08885	0.0511	0.52039	0.28651	0.05315
V627	0.1137	0.13866	0.09308	0.06927	0.58528
V628	0.98064	0.00113	0.00715	0	0.01109
V629	0.14059	0.2817	0.56853	0.0031	0.00608
V630	0.03108	0.15439	0.01591	0.08597	0.71265
V631	0.01506	0	0.22907	0.07049	0.68538
V632	0.07071	0.74665	0.00586	0.03191	0.14487
V633	0.07028	0	0.07685	0.49549	0.35739
V634	0.41874	0.45452	0.12673	0	0
V635	0.05046	0.09199	0.1508	0.07089	0.63587
V636	0.21846	0.18787	0.27512	0.17299	0.14557
V637	0.23911	0.02635	0.37659	0.23572	0.12223
V638	0.09386	0.4438	0.01552	0.09083	0.356
V639	0.52584	0.40237	0.06514	0	0.00665
V640	0.12179	0.17471	0.06553	0.22733	0.41063
V641	0.1176	0.71671	0.01859	0.10677	0.04033
V642	0.76079	0.02657	0.00146	0.18596	0.02522
V643	0.07604	0.8485	0.05851	0.00978	0.00717
V644	0.0681	0.43841	0.01828	0.39667	0.07854
V645	0.178	0.74186	0.01196	0.05695	0.01123
V646	0.15242	0.5331	0.02388	0.19735	0.09325
V647	0.95688	0	0.00416	0.02555	0.01341
V648	0.45117	0.10113	0	0.24972	0.19798
V649	0.26773	0.07946	0.0615	0.12142	0.46989
V650	0.04372	0	0.05389	0.81312	0.08928
V651	0.16545	0.20654	0	0.56815	0.05986
V652	0.38305	0	0.02904	0.51673	0.07117
V653	0.36588	0.00141	0.04471	0.49171	0.09629
V654	0.04544	0.05498	0	0.12354	0.77604
V655	0.18085	0.06438	0.27564	0.43044	0.04869
V656	0.11517	0	0	0.1446	0.74024
V657	0.05917	0.48779	0.02509	0.28612	0.14183
V658	0.047	0.01548	0.02585	0.57003	0.34165
V659	0.03681	0.01078	0.06949	0.73526	0.14766
V660	0.07581	0.30862	0.01447	0.07324	0.52785
V661	0.06572	0.6465	0.01184	0.15074	0.1252
V662	0.05332	0.40569	0.01617	0.03974	0.48508
V663	0.98579	0	0.00858	0	0.00563
V664	0.03578	0	0.09911	0.38042	0.48469
V665	0.04882	0.64928	0.18427	0.06582	0.05182
V666	0.11409	0.84406	0.03649	0	0.00536
V667	0.05383	0.57078	0.22973	0.0833	0.06237
V668	0.65002	0.24375	0.04257	0.03149	0.03217
V669	0.47363	0.30879	0.02104	0.07023	0.12631
V670	0.11083	0.61272	0.03804	0.03549	0.20293
V671	0.80948	0	0.17676	0.00197	0.01178
V672	0.10499	0.05826	0.07393	0.29845	0.46438
V673	0.02494	0.00066	0	0.1611	0.8133
V674	0.39374	0.12384	0.44667	0	0.03575
V675	0.69764	0	0.03194	0.12918	0.14123
V676	0.27657	0.12836	0.44394	0	0.15112
V677	0.06407	0.28767	0.19387	0.35272	0.10166
V678	0.06564	0.28538	0.00826	0.07317	0.56755
V679	0.02392	0.02941	0.43233	0.46118	0.05317
V680	0.1713	0	0.01241	0.33205	0.48424
V681	0.54161	0.02374	0.03412	0.27012	0.13041
V682	0	0.0572	0.9428	0	0
V683	0.07806	0.22002	0.57848	0	0.12345
V684	0.07999	0	0.00602	0.82153	0.09246
V685	0.01003	0.06369	0.82085	0.09075	0.01469
V686	0.29563	0.6192	0.06081	0.00359	0.02077
V687	0.00846	0.02969	0.56017	0.34947	0.05221
V688	0	0.05599	0.92731	0	0.0167
V689	0.5186	0.05668	0.1713	0.09074	0.16268
V690	0.12384	0.83602	0.01445	0.00981	0.01589
V691	0.16101	0.12595	0.03929	0.57796	0.09579
V692	0.09088	0.00622	0.01178	0.714	0.17711
V693	0.03681	0.54307	0.39349	0.0162	0.01043
V694	0.10767	0.19017	0.03175	0.5389	0.13152
V695	0.13143	0.10003	0.11634	0.06125	0.59095
V696	0.13738	0.02966	0.70448	0	0.12847
V697	0.12113	0.12248	0.28165	0.32142	0.15332
V698	0.02693	0.00171	0.14447	0.07928	0.74761
V699	0.05511	0	0.04114	0.61696	0.2868
V700	0.08104	0.79521	0.06238	0	0.06137
V701	0.03143	0.15349	0.00936	0.08027	0.72545
V702	0.04341	0.10904	0.00444	0.61854	0.22457
V703	0.03928	0	0.02397	0.83315	0.10359
V704	0.05362	0.06215	0.33524	0.0532	0.49578
V705	0.95806	0.00026	0	0	0.04168
V706	0.17253	0.15355	0.13869	0.40712	0.12811
V707	0.15149	0.11035	0.0576	0.26394	0.41663
V708	0.04247	0.61725	0.34028	0	0
V709	0.02137	0	0.02501	0.0898	0.86381
V710	0.13959	0.03833	0.42128	0.0199	0.38089
V711	0.06284	0	0.01336	0.09719	0.82661
V712	0.07169	0.05112	0.67236	0.17375	0.03108
V713	0.27434	0.44766	0.278	0	0
V714	0.05679	0	0	0.08825	0.85495
V715	0.01997	0.32729	0.55419	0.08351	0.01504
V716	0.74831	0.18666	0.00847	0.02307	0.0335
V717	0.40243	0.16209	0.10089	0.02964	0.30495
V718	0.70691	0.00379	0.24296	0	0.04633
V719	0.41777	0.24295	0.08831	0.09956	0.15141
V720	0.12812	0.02446	0.06987	0.09188	0.68567
V721	0.03681	0	0.03624	0.0993	0.82765
V722	0.04639	0.23249	0.04738	0.44956	0.22418
V723	0.13043	0.22618	0.09604	0.47329	0.07405
V724	0.14601	0.66021	0.03192	0.13646	0.0254
V725	0.03847	0	0.00267	0.09056	0.8683
V726	0.23318	0.49329	0.04341	0.05095	0.17917
V727	0.00783	0.05662	0.91985	0	0.01569
V728	0.81856	0.01437	0.11105	0.04007	0.01595
V729	0.6326	0.11233	0.02056	0.202	0.03251
V730	0.14036	0.03411	0.34801	0.37305	0.10448
V731	0.02754	0.00135	0.05761	0.82254	0.09096
V732	0.03644	0	0.00836	0.85573	0.09947
V733	0.03209	0.07792	0.87786	0	0.01213
V734	0.54157	0.10175	0.32225	0.0163	0.01813
V735	0.08244	0.15131	0.17686	0.06282	0.52657
V736	0.02503	0.01997	0.00457	0.0904	0.86002
V737	0.98547	0	0.00905	0	0.00548
V738	0.04556	0.42357	0.01002	0.04657	0.47428
V739	0.0415	0	0.00163	0.85694	0.09993
V740	0.21567	0.06755	0.08349	0.05699	0.57629
V741	0.51636	0.0106	0	0.29029	0.18274
V742	0.08697	0.04708	0.48705	0.17164	0.20725
V743	0.04169	0.03349	0.05844	0.15403	0.71235
V744	0.21711	0.06245	0.14854	0.47788	0.09402
V745	0.19031	0.00852	0.04064	0.68138	0.07915
V746	0.37291	0.55335	0.03044	0	0.0433
V747	0.03229	0.07705	0.86636	0	0.02429
V748	0.17686	0.22017	0.23565	0.06624	0.30108
V749	0.20478	0.10074	0.10204	0.40145	0.19099
V750	0.77147	0.19467	0.00317	0.02032	0.01037
V751	0.04849	0.41912	0.51746	0.00691	0.00802
V752	0.03745	0.10533	0.01578	0.08351	0.75794
V753	0.57423	0.05757	0.21276	0.01438	0.14106
V754	0.13753	0.32948	0.00303	0.47161	0.05835
V755	0.2498	0.70754	0.03305	0	0.00961
V756	0.03678	0.08665	0.01566	0.11869	0.74223
V757	0.19431	0	0.08644	0.64614	0.07311
V758	0.09	0.44162	0	0.41428	0.0541
V759	0.09632	0.01517	0.07804	0.06941	0.74106
V760	0.09	0.0264	0.17639	0.25812	0.44909
V761	0.07072	0.304	0.62163	0	0.00364
V762	0.03135	0.03461	0.14601	0.3854	0.40262
V763	0.04506	0.23955	0.00262	0.06305	0.64973
V764	0.13517	0.05407	0.07285	0.65352	0.0844
V765	0.19189	0.05751	0.60391	0.03734	0.10936
V766	0.09129	0.49994	0.20929	0.04451	0.15497
V767	0.28577	0.47515	0.05069	0.03914	0.14925
V768	0.08422	0.82495	0.04213	0.03172	0.01699
V769	0.78227	0.00645	0.16439	0	0.0469
V770	0.34972	0.02836	0.46754	0.13635	0.01803
V771	0.08831	0.71349	0.00493	0.0785	0.11476
V772	0.05499	0.06693	0.87808	0	0
V773	0.03905	0	0	0.20625	0.75471
V774	0.17427	0.0209	0.47812	0.01087	0.31585
V775	0.93078	0	0.01558	0.02621	0.02744
V776	0.37611	0.44139	0.13693	0.00908	0.0365
V777	0.23652	0.40304	0.21223	0.08637	0.06184
V778	0.5408	0.05067	0.00545	0.19368	0.2094
V779	0.0838	0.45477	0.44534	0	0.01609
V780	0.01947	0.04585	0.93468	0	0
V781	0.18915	0.30708	0.14297	0.01705	0.34375
V782	0.23284	0.22136	0.01225	0.0408	0.49276
V783	0.00528	0.02959	0.57716	0.04519	0.34278
V784	0.05633	0.61405	0	0.215	0.11462
V785	0.72389	0.13097	0	0.07268	0.07246
V786	0.18696	0.20013	0.00904	0.5229	0.08096
V787	0.15516	0.59539	0	0.16021	0.08925
V788	0.3859	0.41703	0.0567	0	0.14037
V789	0.03316	0.1437	0.00306	0.37788	0.4422
V790	0.29062	0.22039	0.04819	0.11404	0.32675
V791	0.19043	0.21155	0.05688	0.18937	0.35177
V792	0.95944	0.00085	0.02039	0	0.01932
V793	0.33779	0.26201	0.04115	0.09005	0.269
V794	0.03037	0.00669	0.08277	0.2074	0.67276
V795	0.1509	0.81333	0.01402	0	0.02175
V796	0.31592	0.424	0.09041	0.12181	0.04786
V797	0.13668	0	0	0.08786	0.77546
V798	0.14661	0.49613	0.00248	0.0864	0.26837
V799	0.05441	0.15919	0.04163	0.62225	0.12252
V800	0.04039	0	0.00888	0.17109	0.77964
V801	0.40741	0	0.10901	0.4073	0.07628
V802	0.05042	0.17283	0.00859	0.07503	0.69313
V803	0.32743	0.01722	0.00203	0.56596	0.08736
V804	0.2216	0.1735	0.17429	0.34133	0.08929
V805	0.1668	0.1626	0.39081	0.15611	0.12367
V806	0.49469	0.01317	0.16856	0.0613	0.26228
V807	0.73344	0	0.05287	0.03736	0.17633
V808	0.84759	0	0.04066	0	0.11175
V809	0.21316	0.59919	0.01601	0.0268	0.14483
V810	0.04608	0.04493	0.03144	0.44032	0.43722
V811	0.06488	0.07747	0.01463	0.15077	0.69226
V812	0.0503	0.67437	0.16757	0.06477	0.043
V813	0.0461	0.21257	0.17642	0.04157	0.52334
V814	0.2177	0.55798	0.05308	0.13036	0.04088
V815	0.24555	0.67991	0.02469	0.03356	0.01629
V816	0.0526	0.5138	0.00543	0.3531	0.07507
V817	0.83315	0.02857	0.13486	0	0.00341
V818	0.05291	0.21844	0.30024	0.05488	0.37353
V819	0.97457	0.00181	0.01348	0	0.01014
V820	0.09277	0.37537	0.10392	0.35548	0.07246
V821	0.02121	0	0	0.09406	0.88472
V822	0.21164	0	0.01066	0.7029	0.07479
V823	0.05789	0.07565	0.18349	0.0543	0.62867
V824	0.07928	0.01004	0.01508	0.08097	0.81463
V825	0.17119	0.0332	0.61981	0.16521	0.01059
V826	0.04351	0.05626	0.89485	0.00538	0
V827	0.36235	0.14268	0	0.34646	0.14852
V828	0.24743	0.1355	0.08444	0.07956	0.45307
V829	0.10386	0.09185	0.26156	0.18229	0.36044
V830	0.16467	0.0476	0.6431	0.01519	0.12945
V831	0.05858	0.73279	0.04122	0.12521	0.0422
V832	0.21038	0	0.05293	0.24538	0.49131
V833	0.2041	0.74605	0.00573	0	0.04412
V834	0.75759	0.13619	0.02821	0.00515	0.07286
V835	0.27066	0.29363	0.07517	0.24236	0.11819
V836	0.41224	0.09291	0.40404	0.07716	0.01365
V837	0.06412	0.80565	0.01321	0.03278	0.08425
V838	0.02289	0	0.07231	0.80649	0.09832
V839	0.04932	0.01356	0.05837	0.0798	0.79894
V840	0.95849	0	0.02505	0	0.01646
V841	0.24541	0.05327	0.70048	0	0.00083
V842	0.56445	0.04808	0.18327	0.17019	0.03402
V843	0.47145	0	0.12462	0.07662	0.32731
V844	0.01959	0.22147	0.72267	0.00948	0.02678
V845	0.04409	0	0	0.57044	0.38546
V846	0.11843	0.02551	0.07786	0.11234	0.66585
V847	0.2076	0	0.03811	0.15561	0.59868
V848	0.7489	0.02285	0.00046	0.07394	0.15385
V849	0.15299	0.0843	0.65844	0	0.10427
V850	0.23126	0.03701	0.25138	0.1559	0.32446
V851	0.98326	0	5e-04	0	0.01624
V852	0.24666	0.04762	0.06287	0.18285	0.46
V853	0.04403	0.16256	0.56161	0.13115	0.10065
V854	0.0636	0.35669	0.20894	0.08403	0.28673
V855	0.1255	0.39198	0.07723	0.28293	0.12236
V856	0.1687	0.37518	0.04181	0.02469	0.38962
V857	0.09428	0.03572	0.14562	0.40874	0.31565
V858	0.0463	0.35306	0.16086	0.2004	0.23938
V859	0.15531	0	0.01808	0.71251	0.1141
V860	0.06305	0.13859	0.05689	0.61112	0.13034
V861	0.16698	0.01446	0.11537	0.63195	0.07124
V862	0.07513	0	0.01332	0.14942	0.76214
V863	0.06976	0.88165	0.01619	0	0.03239
V864	0.04305	0.04235	0.86306	0.05117	0.00037
V865	0.09799	0.03373	0.61024	0.24027	0.01778
V866	0.04061	0.08288	0.60371	0.22577	0.04703
V867	0.56692	0.01502	0	0.01591	0.40215
V868	0.25522	0.25612	0.3623	0.09301	0.03334
V869	0.02654	0	0.016	0.09648	0.86097
V870	0.28577	0.16486	0.06485	0.2318	0.25272
V871	0.05019	0.03565	0.08056	0.14243	0.69117
V872	0.40862	0.03166	0.00741	0.44972	0.10259
V873	0.07902	0.33482	0.12967	0.34578	0.11072
V874	0.09978	0.02729	0.00151	0.08453	0.78689
V875	0.03471	0.17014	0.01756	0.46035	0.31724
V876	0.47372	0.04953	0.04554	0.03068	0.40052
V877	0.24792	0.62986	0.03123	0.064	0.02699
V878	0.05721	0.68718	0.03451	0.18159	0.03951
V879	0.94153	0.02905	0.01212	0	0.0173
V880	0.09842	0.06419	0.02241	0.40935	0.40563
V881	0.01831	0.02066	0.47471	0.03357	0.45274
V882	0.07052	0.47745	0.01208	0.39674	0.04321
V883	0.52417	0.17092	0.00638	0.1604	0.13813
V884	0.01923	0	0	0.10124	0.87953
V885	0.18395	0.08126	0.34239	0.11666	0.27575
V886	0.01836	0	0.02349	0.24934	0.70881
V887	0.1139	0.84037	0.0079	0	0.03783
V888	0.08233	0.09374	0.0487	0.64164	0.13358
V889	0.14043	0.79368	0.03402	0.00917	0.0227
V890	0.05348	0.00324	0.12572	0.62132	0.19624
V891	0	0.09286	0.90714	0	0
V892	0.60228	0.23373	0.01371	0	0.15028
V893	0.16593	0.21898	0.4673	0.06783	0.07996
V894	0.12055	0.53022	0.03894	0.23177	0.07851
V895	0.72914	0.00553	0.2564	0	0.00894
V896	0.23553	0.23984	0.20993	0.2802	0.03449
V897	0.02304	0	0.03669	0.72014	0.22013
V898	0.37861	0	0.0042	0.05744	0.55974
V899	0.57717	0.31368	0.0707	0	0.03845
V900	0.28341	0.25511	0.24534	0.1741	0.04205
V901	0.68773	0.04467	0.00012	0.15851	0.10896
V902	0.87346	0.03525	0.01587	0.01641	0.059
V903	0.2998	0.06639	0.06057	0.47872	0.09452
V904	0.74458	0.09634	0.13916	0	0.01992
V905	0.04841	0.3066	0.05359	0.31068	0.28073
V906	0.16948	0.06267	0.41396	0.08126	0.27264
V907	0.73655	0.1085	0.05629	0.04005	0.05861
V908	0.05231	0.33385	0.04081	0.45967	0.11335
V909	0.04336	0.10157	0.0124	0.6804	0.16227
V910	0.68763	0.16437	0.00702	0.04575	0.09522
V911	0.05179	0.29112	0.4704	0.00834	0.17836
V912	0.04666	0.01017	0.12772	0.11823	0.69723
V913	0.16613	0.00961	0.06336	0.63001	0.13088
V914	0.78909	0.02438	0.00741	0.10342	0.0757
V915	0.19836	0.16396	0.03932	0.04793	0.55042
V916	0.80999	0.01203	0.10088	0	0.07709
V917	0.43836	0.02244	0	0.04248	0.49672
V918	0.61923	0.14911	0.19609	0.00824	0.02732
V919	0.44718	0.15599	0.00616	0.25275	0.13792
V920	0.20994	0	0.10449	0.6163	0.06927
V921	0.2005	0.17477	0.09161	0.03356	0.49956
V922	0.04503	0.03552	0.64697	0.00849	0.26399
V923	0.16486	0.45709	0.01496	0.05958	0.3035
V924	0.52829	0.09865	0	0.22833	0.14473
V925	0.16633	0.14228	0.43553	0.15452	0.10134
V926	0.03341	9e-04	0.00417	0.09754	0.86397
V927	0.55658	0.25769	0.09673	0.06353	0.02546
V928	0.13855	0.2745	0.18636	0.17208	0.22852
V929	0.07274	0.24029	0.00185	0.05837	0.62676
V930	0.08275	0	0.04791	0.07698	0.79236
V931	0.48982	0.12442	0.00541	0.05336	0.327
V932	0.06705	0.0945	0.03655	0.31502	0.48689
V933	0.30477	0	0.03867	0.2682	0.38836
V934	0.7024	0.06292	0.23468	0	0
V935	0.60449	0.10889	0.11005	0.04358	0.13299
V936	0.33805	0.0612	0.10142	0.41237	0.08696
V937	0.15557	0.69883	0.08376	0.02315	0.0387
V938	0.10638	0.86433	0.02312	0	0.00617
V939	0.01956	0	0.01017	0.32315	0.64712
V940	0.579	0.07323	0.06898	0.04791	0.23088
V941	0.03809	0.11794	0.10386	0.44798	0.29214
V942	0.75839	0.23071	0.00412	0	0.00679
V943	0.06268	0.07919	0.04247	0.07891	0.73675
V944	0.37231	0.01857	0.10168	0.44574	0.0617
V945	0.06202	0.30204	0.54111	0.02837	0.06646
V946	0.04486	0.51957	0.42879	0	0.00678
V947	0.39177	0.00993	0.01805	0.13133	0.44892
V948	0.09607	0.69405	0.03173	0.09667	0.08148
V949	0.88472	0.08637	0.02588	0	0.00303
V950	0.09179	0	0.02111	0.79937	0.08772
V951	0.33233	0.00377	0	0.4781	0.1858
V952	0.15402	0.01744	0.03903	0.59912	0.1904
V953	0.5023	0.08378	0	0.33315	0.08077
V954	0.25676	0.52718	0.05159	0.0511	0.11336
V955	0.08841	0.02678	0.52199	0.32584	0.03698
V956	0.05701	0.47572	0.07974	0.32625	0.06127
V957	0.12784	0.74646	0.04742	0.05229	0.02598
