CD56NK	CD4MemoryT	CD19B	CD14
V1	0.2362	0.00893	0.19407	0.5608
V2	0.03447	0.05516	0.0279	0.88248
V3	0.01885	0.51957	0.00771	0.45387
V4	0.64555	0.25765	0.00061	0.09619
V5	0.03983	0.45401	0.22569	0.28046
V6	0.0301	0.90116	0.02084	0.04789
V7	0.04153	0.29781	0.06276	0.5979
V8	0.05872	0	0.86436	0.07692
V9	0.06309	0.18977	0.026	0.72114
V10	0.00798	0	0.88308	0.10894
V11	0.09016	0.41452	0.4774	0.01792
V12	0.01141	0.60303	0.35284	0.03273
V13	0.11309	0.82676	0.00583	0.05432
V14	0.02643	0.95298	0.00534	0.01524
V15	0.04167	0.57334	0.10891	0.27609
V16	0.71334	0.10372	0.04836	0.13457
V17	0.03403	0.90511	0.01272	0.04814
V18	0.29854	0.52086	0.06489	0.1157
V19	0.06423	0.89684	0.00542	0.03351
V20	0.04774	0.39625	0.01417	0.54184
V21	0.05848	0.03953	0.82545	0.07653
V22	0.00408	0.05253	0.12078	0.82261
V23	0.19107	0.03656	0.75029	0.02208
V24	0.8378	0.08004	0.07862	0.00353
V25	0.12163	0.24084	0.12403	0.51351
V26	0.14975	0.43061	0.01967	0.39997
V27	0.02076	0.02802	0.00556	0.94565
V28	0.00016	0.01185	0.98767	0.00032
V29	0.22091	0.02284	0.66433	0.09191
V30	0.03205	0.17357	0.21612	0.57826
V31	0.06576	0.17393	0.26115	0.49915
V32	0.01569	0.01027	0.01087	0.96318
V33	0.01876	0.47992	0.32366	0.17765
V34	0.05868	0.01782	0.84665	0.07685
V35	0.06515	0.78121	0.08473	0.06891
V36	0.00223	0.01723	0.34944	0.63111
V37	0.22267	0.07881	0.10495	0.59357
V38	0.15539	0	0.16686	0.67775
V39	0.05956	0.56058	0.12199	0.25787
V40	0.04003	0.88452	0.07545	0
V41	0.00259	0.57066	0.03518	0.39157
V42	0.06043	0.01776	0.15506	0.76675
V43	0.05564	0.36415	0.50767	0.07253
V44	0.0069	0.05015	0.64266	0.30029
V45	0.03765	0.59111	0.20467	0.16657
V46	0.57841	0.15008	0.24053	0.03098
V47	0.21693	0.24904	0.40207	0.13196
V48	0.55146	0.34735	0.01263	0.08856
V49	0.42301	0.32339	0	0.2536
V50	0.02711	0.8758	0.08199	0.01511
V51	0.13564	0.49256	0.29222	0.07959
V52	0.01228	0.09291	0.82314	0.07168
V53	0.4899	0.2335	0.2747	0.0019
V54	0.20888	0.2539	0.47141	0.06582
V55	0.06625	0.10792	0.20351	0.62232
V56	0.00863	0.00437	0.04253	0.94448
V57	0.03879	0.90765	0.02154	0.03201
V58	0.28172	0.01006	0.04994	0.65828
V59	0.20166	0.53859	0.13539	0.12435
V60	0.04261	0.127	0.27494	0.55545
V61	0.50903	0.19535	0.02274	0.27288
V62	0.69946	0.08208	0.1512	0.06726
V63	0.00719	0.83385	0.11249	0.04647
V64	0.00296	0.77411	0	0.22293
V65	0.00149	0	0.04756	0.95095
V66	0.08472	0.75374	0.02075	0.14079
V67	0.06597	0.36197	0.53457	0.03749
V68	0.03887	0.10215	0.01169	0.84729
V69	0.01165	0.30724	0.57704	0.10407
V70	0.25487	0.19932	0.23105	0.31476
V71	0.05293	0.05422	0.3247	0.56815
V72	0.26092	0.20539	0.12001	0.41368
V73	0.05817	0.63534	0.13661	0.16988
V74	0.02598	0.22629	0.74766	7e-05
V75	0.40881	0.00401	0.30251	0.28468
V76	0	0.11131	0.11367	0.77502
V77	0.00992	0.2002	0.00074	0.78914
V78	0.10318	0.10435	0.16927	0.6232
V79	0.00354	0.07623	0.74784	0.17239
V80	0.15812	0.00849	0.62118	0.21221
V81	0.02604	0.15533	0.80119	0.01744
V82	7e-05	0.04283	0.93917	0.01793
V83	0.03331	0.12471	0.04792	0.79407
V84	0.14015	0.0408	0.15711	0.66194
V85	0.03979	0.29557	0.35841	0.30624
V86	0.02124	0.02742	0.85871	0.09264
V87	0.01401	0.80888	0.05087	0.12624
V88	0.04656	0.0404	0.20535	0.70769
V89	0.00406	0.00371	0.11933	0.87289
V90	0.011	0.90445	0.05373	0.03082
V91	0.01454	0.74474	0.17656	0.06415
V92	0.20326	0.0188	0.45767	0.32027
V93	0.60867	0.0376	0	0.35373
V94	0.00466	0.32908	0.01149	0.65478
V95	0.0971	0.45867	0.15903	0.2852
V96	0.01713	0.06179	0.01115	0.90993
V97	0.43425	0.18449	0.35345	0.02781
V98	0.41477	0.53201	0	0.05322
V99	0.58268	0.09408	0.29198	0.03126
V100	0.03526	0.00803	0.90041	0.0563
V101	0.00152	0.01157	0	0.98691
V102	0.77181	0.13733	0.01783	0.07303
V103	0.00152	0.02186	0.04829	0.92833
V104	0.01106	0.96888	0.0052	0.01486
V105	0.02262	0.94913	0.01323	0.01502
V106	0.04889	0.54466	0.31837	0.08807
V107	0.07894	0.21547	0.5905	0.1151
V108	0.06179	0.84135	0.09687	0
V109	0.00637	0.12937	0.4806	0.38365
V110	0.02255	0.89307	0.03706	0.04732
V111	0.78289	0.01205	0.16765	0.03741
V112	0.04296	0.04486	0.36394	0.54824
V113	0.05127	0.07757	0.13081	0.74035
V114	0.06316	0.03166	0.0573	0.84788
V115	0.00355	0.7708	0.21079	0.01486
V116	0.05055	0.30022	0.33732	0.31191
V117	0.38752	0.42627	0.05938	0.12683
V118	0.05407	0.5501	0.03196	0.36388
V119	0.02729	0.04878	0.02809	0.89583
V120	0.03526	0.05225	0.87518	0.03731
V121	0.26962	0.1684	0.12123	0.44075
V122	0.8494	0.03449	0.03822	0.07789
V123	0.00217	0.40247	0.03124	0.56412
V124	0.36061	0.46865	0	0.17074
V125	0.17705	0.54537	0.21575	0.06184
V126	0.00931	0.09455	0.02716	0.86897
V127	0.04491	0.03193	0.19162	0.73155
V128	0.00627	0.00433	0.05931	0.93009
V129	0.31183	0.35521	0.23587	0.09709
V130	0.0036	0.6744	0.30701	0.01499
V131	0.01028	0.852	0	0.13771
V132	0.79117	0.02954	0.07094	0.10834
V133	0.75622	0.04749	0.12473	0.07155
V134	0.035	0.34107	0.10556	0.51838
V135	0.01969	0.00929	0.10996	0.86106
V136	0.07712	0.37836	0.00882	0.5357
V137	0.37138	0.0538	0.36975	0.20506
V138	0.07421	0.40364	0.16749	0.35467
V139	0.13038	0.21471	0.19515	0.45976
V140	0.00622	0.05197	0.0259	0.91591
V141	0.0248	0.13116	0.45269	0.39136
V142	0.58831	0.00833	0.401	0.00235
V143	0.16936	0.29091	0.07346	0.46628
V144	0.04745	0.12463	0.13034	0.69758
V145	0	0.77562	0.20959	0.01478
V146	0.01086	0.00492	0.01119	0.97302
V147	0.71932	0.06406	0.04841	0.16821
V148	0.04639	0.05832	0.50902	0.38628
V149	0.1135	0.62387	0.2444	0.01823
V150	0.03734	0.24371	0.55735	0.1616
V151	0.0761	0.6485	0.03548	0.23993
V152	0.09251	0.48494	0.22366	0.19889
V153	0.03908	0.73594	0.01825	0.20674
V154	0.10283	0.53204	0.28925	0.07589
V155	0.22049	0.18351	0.34994	0.24606
V156	0.01495	0.12305	0.62171	0.24028
V157	0.11339	0.15635	0.30477	0.42549
V158	0.00153	3e-05	0.00647	0.99197
V159	0.65758	0.15251	0.00034	0.18957
V160	0.33491	0.01194	0.08894	0.56421
V161	0.05083	0.00518	0.01781	0.92619
V162	0.0196	0.22251	0.05549	0.70239
V163	0.03376	0.44486	0.14409	0.37729
V164	0.12408	0.32201	0.10601	0.4479
V165	0.0018	0.18354	0	0.81466
V166	0.00161	0.0604	0.03842	0.89957
V167	0.09874	0.00024	0.002	0.89902
V168	0.11618	0.66262	0.0896	0.1316
V169	0.04472	0.03603	0.02264	0.89661
V170	0.03766	0.01168	0.44054	0.51011
V171	0.05584	0.25846	0.59307	0.09263
V172	0.48699	0.00577	0.47782	0.02941
V173	0.00669	0.09523	0.02173	0.87635
V174	0.00403	0.10623	0.04346	0.84629
V175	0.02747	0	0.72663	0.2459
V176	0.00352	0.82485	0.15703	0.0146
V177	0.0036	0.96594	0	0.03045
V178	0.00274	0.67484	0.00234	0.32008
V179	0.05019	0.00481	0.3169	0.6281
V180	0.01123	0.91638	0.07239	0
V181	0.0628	0.12622	0.50835	0.30263
V182	0.13153	0.21259	0.5118	0.14407
V183	0.07364	0.90404	0.00584	0.01647
V184	0.95152	0.0191	0.02506	0.00432
V185	0.30498	0.65108	0.02077	0.02317
V186	0.04436	0.47653	0.2407	0.23841
V187	0.84873	0.03442	0.07736	0.03949
V188	0.01553	0.16426	0	0.82021
V189	0.47442	0.04356	0.03266	0.44936
V190	0.41967	0.01745	0.53527	0.0276
V191	0.07951	0.23055	0.5945	0.09543
V192	0.11169	0.49345	0.05331	0.34154
V193	0.3003	0.0467	0.32085	0.33215
V194	0.01459	0.93418	0.00469	0.04654
V195	0.00423	0.00932	0.96826	0.01819
V196	0.0015	0.04029	0.001	0.95721
V197	0.12467	0.04208	0.02034	0.81291
V198	0.02756	0.50988	0.34497	0.11759
V199	0.04204	0.01651	0.12245	0.819
V200	0.04095	0.5115	0.0154	0.43215
V201	0.03564	0.53253	0.17072	0.26111
V202	0.00683	0.00534	0.67012	0.3177
V203	0.06976	0.4763	0.40043	0.05351
V204	0.002	0.40072	0.00089	0.59639
V205	0.00835	0.04114	0.91402	0.03649
V206	0.02185	0.08647	0.8739	0.01778
V207	0.03377	0.14122	0.03582	0.78918
V208	0.11701	0.06753	0.77444	0.04102
V209	0.11368	0.50211	0.07294	0.31127
V210	0.0341	0.77879	0.0886	0.09852
V211	0.12927	0.0123	0.02701	0.83142
V212	0.27556	0.05152	0.60097	0.07195
V213	0.29297	0.0426	0.14237	0.52206
V214	0.11569	0.16031	0.15842	0.56558
V215	0.07752	0.07754	0.0127	0.83224
V216	0.006	0	0.00621	0.98779
V217	0.01723	0.44016	0.19252	0.3501
V218	0.03324	0.40045	0.1415	0.42481
V219	0.03566	0.57836	0.00887	0.37712
V220	0.00289	0.74252	0.0027	0.25189
V221	0.44531	0.0168	0.00826	0.52963
V222	0.12335	0.14199	0.37289	0.36177
V223	0.00354	0.12922	0.71174	0.1555
V224	0.91331	0.01794	0.0647	0.00404
V225	0.02291	0.90693	0.0552	0.01495
V226	0.14481	0.09602	0.71666	0.04252
V227	0.56455	0.00694	0.36731	0.06121
V228	0.46934	0.12031	0.114	0.29635
V229	0.00826	0.00807	0.9286	0.05507
V230	0.00146	0.011	0.00614	0.98139
V231	0.00439	0.19294	0.07062	0.73205
V232	0.0157	0.55292	0	0.43138
V233	0.2673	0.11986	0.25482	0.35802
V234	0.01463	0.9258	0.0288	0.03077
V235	0.18274	0.07162	0.65836	0.08727
V236	0.02038	0.05663	0.76074	0.16225
V237	0.03827	0.0051	0.01793	0.9387
V238	0.05253	0.58945	0.25362	0.1044
V239	0.01958	0.30423	0.01175	0.66444
V240	0.24885	0.048	0.5632	0.13995
V241	0.00781	0	0.84808	0.14412
V242	0.05216	0.82107	0.09393	0.03283
V243	0.10662	0.03877	0.67682	0.17779
V244	0.08689	0	0.71849	0.19461
V245	0.31169	0.44652	0.07666	0.16513
V246	0.02543	0.15064	0.77018	0.05376
V247	0.07556	0.01037	0.91364	0.00043
V248	0.00377	0.01616	0.02111	0.95896
V249	0	0.02656	0.83186	0.14158
V250	0.54346	0.00686	0.41879	0.03088
V251	0.8197	0.12236	0.01941	0.03853
V252	0.00365	0.8555	0.14084	0
V253	0.12343	0.06799	0.15489	0.65369
V254	0.00358	0.93658	0.04526	0.01458
V255	0.01814	0.90358	0	0.07827
V256	0.07193	0.22943	0.51612	0.18252
V257	0.16457	0.10846	0.24514	0.48182
V258	0.06761	0.27328	0.40556	0.25356
V259	0.01578	0.30111	0.59563	0.08748
V260	1e-05	0.2934	0.69025	0.01634
V261	0.29376	0.04552	0.26203	0.39869
V262	0.02108	0.03436	0.00562	0.93894
V263	0.00717	0.9468	0	0.04602
V264	0.05411	0.02891	0.3763	0.54068
V265	0.00632	0	0.07627	0.91741
V266	0.38338	0.60379	0.01143	0.0014
V267	0	0.13165	0.19982	0.66853
V268	0.12118	0.02062	0.12423	0.73398
V269	0.00335	0.54928	0.3495	0.09786
V270	0.35287	0.03803	0.36126	0.24784
V271	0.4904	0.12454	0.06131	0.32374
V272	0.02123	0.78553	0.01041	0.18284
V273	0.01079	0.01026	0.01595	0.96299
V274	0.39275	0.00359	0.27925	0.32441
V275	9e-05	0.00994	0.97159	0.01838
V276	0.21413	0.42537	0.01362	0.34688
V277	0.01018	0.14269	0.103	0.74412
V278	0.00949	0.03317	0.17912	0.77822
V279	0.36019	0.09011	0.16279	0.3869
V280	0.00153	3e-05	0.00647	0.99197
V281	0.22887	0.03709	0.15865	0.57538
V282	0.0249	0.05861	0.79008	0.1264
V283	0.07576	0.59062	0.06081	0.27282
V284	0.01106	0.92011	0.05413	0.01471
V285	0.03159	0.00019	0.9679	0.00031
V286	0.0952	0.59591	0.11305	0.19584
V287	0.0379	0.90066	0.01281	0.04863
V288	0.00607	0.238	0.34042	0.41551
V289	0.11794	0.2544	0.45116	0.1765
V290	0.61019	0.3568	0.0307	0.00231
V291	0.25737	0.09426	0.60091	0.04746
V292	0.73412	0.02805	0.00076	0.23707
V293	0.1371	0.00894	0.75	0.10395
V294	0.02402	0.27311	0	0.70287
V295	0.00443	0.12063	0.12263	0.7523
V296	0.0729	0.12614	0.61118	0.18979
V297	0.01585	0	0.03715	0.947
V298	0.13994	0.12159	0.69619	0.04228
V299	0.01865	0.19615	0.00598	0.77921
V300	0	0.01523	0.13588	0.84888
V301	0.04846	0.10785	0.60594	0.23775
V302	0.3757	0.57337	0	0.05093
V303	0	0.59489	0.34156	0.06355
V304	0.02239	0.01339	0.65369	0.31053
V305	0.04122	0.14149	0.38978	0.42751
V306	0.53581	0.1907	0.09863	0.17486
V307	0.00723	0.94965	0.01262	0.03049
V308	0.07651	0.22059	0.26797	0.43493
V309	0.11194	0.31142	0.02427	0.55238
V310	0.02387	0.2484	0.10964	0.61808
V311	0.26036	0.70877	0.00884	0.02202
V312	0.03969	0.77337	0.13781	0.04913
V313	0	0.0648	0.00568	0.92952
V314	0.00549	0.38765	0.08287	0.524
V315	0.0395	0.57622	0.03096	0.35332
V316	0.11785	0.14299	0.39583	0.34333
V317	0.03068	0.6448	0.03934	0.28518
V318	0.01133	0.44056	0.00686	0.54125
V319	0.02573	0.04997	0.85087	0.07343
V320	0.03074	0.13604	0.58635	0.24687
V321	0.37364	0.61388	0.01116	0.00132
V322	0.05427	0.27659	0.05714	0.612
V323	0.01121	0.0096	0.04823	0.93097
V324	0.38182	0.42813	0.11346	0.0766
V325	0.12983	0.78735	0.06472	0.0181
V326	0	0.45457	0.0675	0.47793
V327	0.00403	0.0924	0.06059	0.84298
V328	0.01873	0.01315	0.64599	0.32212
V329	0.04313	0.08227	0.1186	0.75601
V330	0.14574	0.00671	0.3418	0.50575
V331	0.09426	0.07211	0.03273	0.80091
V332	0.00158	0.02741	0.10735	0.86366
V333	0.18413	0.088	0.45559	0.27228
V334	0.12785	0.00614	0.34944	0.51657
V335	0.01068	0.31501	0.44318	0.23114
V336	0.06519	0.717	0.01917	0.19864
V337	0.1194	0.48245	0.32022	0.07793
V338	0.00012	0.97982	0.00532	0.01474
V339	0.05541	0	0.92563	0.01896
V340	0.02131	0.20394	0.44105	0.3337
V341	0.00375	0.01587	0.03121	0.94917
V342	0.09956	0	0.61586	0.28458
V343	0.87874	0.059	0.02124	0.04102
V344	0.42321	0.27151	0.30374	0.00153
V345	0.00438	0.01075	0.98458	0.00029
V346	0.07332	0.10352	0.25111	0.57206
V347	0.00935	0.00441	0.07444	0.9118
V348	0.02128	0.6058	0.12237	0.25055
V349	0.14059	0.19137	0.42509	0.24294
V350	0.01131	0.82768	0.161	0
V351	0.0046	0.01567	0.26094	0.71878
V352	0.02054	0.00671	0.81149	0.16125
V353	0.62875	0.05377	0.07131	0.24617
V354	0.01895	0.69716	0.20314	0.08074
V355	0.10162	0.07383	0.44971	0.37484
V356	0.00627	0.00971	0.05378	0.93025
V357	0.03716	0.29682	0.23071	0.43531
V358	0.21275	0.12246	0.05616	0.60863
V359	0.22498	0.06653	0.03699	0.6715
V360	0.27912	0.64405	0.03099	0.04584
V361	0	0.4667	0.51751	0.01579
V362	0.00012	0.9721	0.01311	0.01467
V363	0.05575	0.10556	0.41021	0.42849
V364	0.06339	0.05722	0.67663	0.20276
V365	0.06657	0.01892	0.00723	0.90728
V366	0.02761	0.63491	0.072	0.26548
V367	0.22841	0.16825	0.00405	0.59928
V368	0.03265	0.71578	0.07652	0.17506
V369	0.00789	0.4189	0.55722	0.016
V370	0.12745	0.33246	0.46036	0.07973
V371	0.07076	0.76208	0.02892	0.13825
V372	0.03919	0.03658	0.0802	0.84403
V373	0.02734	0.11766	0.38822	0.46678
V374	0.56172	0.02341	0.4126	0.00227
V375	0.00928	0.02184	0.08488	0.88399
V376	0.00624	0.01572	0.05336	0.92468
V377	0.4021	0.00478	0.01761	0.5755
V378	0.00188	0.01571	0.26657	0.71584
V379	0.09948	0.17984	0.0084	0.71229
V380	0.03688	0.05108	0.13655	0.77549
V381	0.38236	0.02525	0.13606	0.45633
V382	0.03622	0.01955	0.92567	0.01856
V383	0.51104	0.01723	0.08795	0.38378
V384	0.23308	0.09495	0.15331	0.51866
V385	0.60458	0.03639	0.14885	0.21018
V386	0.0791	0.01082	0.10772	0.80235
V387	0.2962	0.21413	0.25862	0.23105
V388	0.14191	0.37174	0.15602	0.33033
V389	0.17593	0.65073	0.01465	0.15869
V390	0.1305	0.31736	0.5327	0.01944
V391	0.12673	0.09656	0.01487	0.76184
V392	0.1649	0.25365	0.17825	0.40319
V393	0.10559	0.2486	0.3513	0.29451
V394	0.02417	0.16218	0.07353	0.74011
V395	0.07485	0.39346	0.18634	0.34536
V396	0.00353	0.94596	0.00472	0.04578
V397	0.4999	0.16916	0.18828	0.14266
V398	0.16281	0.14467	0.09702	0.5955
V399	0.07025	0.57511	0.14772	0.20691
V400	0	0.46436	0.04602	0.48962
V401	0.01559	0.15096	0.67452	0.15892
V402	0.55834	0.36397	0.07562	0.00207
V403	0.00375	0.00995	0.03661	0.94969
V404	0.03658	0.198	0.5728	0.19262
V405	0.05442	0.02367	0.11845	0.80345
V406	0.32025	0.37707	0.02829	0.2744
V407	0.00012	0.97982	0.00532	0.01474
V408	0.03085	0.2164	0.3289	0.42385
V409	0	0.00548	0.00648	0.98804
V410	0.03404	0.88837	0.02933	0.04826
V411	0.1291	0.00631	0	0.8646
V412	0.05276	0.06632	0.43483	0.44609
V413	0.02015	0.42046	0.14627	0.41311
V414	0.01401	0.47469	0.28572	0.22558
V415	0.16691	0.03394	0.2399	0.55924
V416	0.00426	0.06673	0.92886	0.00015
V417	0.16938	0.80426	0.00728	0.01908
V418	0.01756	0.06709	0.08645	0.8289
V419	0.0015	0	0.01125	0.98725
V420	0	0.82648	0.01036	0.16316
V421	0.06159	0.0347	0.66251	0.24119
V422	0.00851	0.03436	0.00087	0.95626
V423	0.03526	0.00803	0.90041	0.0563
V424	0	0.03603	0.48333	0.48064
V425	0.02337	0.23423	0.53684	0.20555
V426	0.03749	0.03621	0.77655	0.14975
V427	0.02316	0.34169	0.1531	0.48204
V428	0.03261	0.75534	0.05137	0.16068
V429	0.00158	0	0.01697	0.98145
V430	0.4371	0.29637	0.03321	0.23332
V431	0.05763	0.0206	0.39623	0.52553
V432	0.02507	0.06145	0.02778	0.8857
V433	0.02009	0.65041	0	0.3295
V434	0.08958	0.0628	0.0388	0.80882
V435	0.19516	0.01558	0.12667	0.66259
V436	0.1103	0.01243	0.09627	0.78101
V437	0.05566	0.17725	0.00099	0.7661
V438	0.25783	0.21	0.04236	0.48981
V439	0.00619	0.05855	0.00073	0.93453
V440	0.15739	0.03799	0.02996	0.77466
V441	0.02562	0.11597	0.50475	0.35366
V442	0.11335	0.36212	0.13665	0.38787
V443	0.38941	0.01394	0.13711	0.45954
V444	0.00438	0.01075	0.98458	0.00029
V445	0.35314	0.02654	0.51818	0.10215
V446	0.01395	0.79575	0.0503	0.14
V447	0.31507	0.14601	0.2528	0.28612
V448	0.00405	0.03952	0.11388	0.84256
V449	0.27527	0.05791	0.3901	0.27672
V450	0.05553	0.92997	0.01449	0
V451	0.75809	0.13463	0.00129	0.106
V452	0.00612	0.00443	0.03672	0.95272
V453	0.52365	0.15025	0.12566	0.20044
V454	5e-05	0.9249	0.04476	0.03028
V455	0.32392	0.05004	0.43261	0.19344
V456	0.12486	0.13265	0.39767	0.34481
V457	0	0.01159	0.00152	0.98689
V458	0.06685	0.18129	0.00107	0.75078
V459	0.0067	0.74461	0.08163	0.16706
V460	0.81908	0.03184	0.07388	0.0752
V461	0.01088	0.01666	0.00107	0.97139
V462	0.10294	0.22751	0	0.66955
V463	0.09348	0.51072	0.16179	0.23401
V464	0.17461	0.1068	0.00279	0.7158
V465	0.15354	0.49096	0.02961	0.32589
V466	0.24286	0.23896	0.00452	0.51366
V467	0.12929	0.68318	0.09287	0.09466
V468	0.23011	0.54943	0.06939	0.15108
V469	0.00515	0.13474	0.20483	0.65528
V470	0.24137	0.16387	0.22044	0.37433
V471	0.06619	0.08372	0.02465	0.82544
V472	0.1026	0.31773	0	0.57967
V473	0.04106	0.58047	0.3274	0.05107
V474	0.0273	0	0.06399	0.90871
V475	0.05407	0.36548	0.06868	0.51177
V476	0.03793	0.01058	0.03474	0.91674
V477	0.27381	0.05543	0.2645	0.40626
V478	0.04069	0.52989	0.00218	0.42724
V479	0.00758	0.07644	0.74297	0.17302
V480	0.02108	0.21976	0.02829	0.73087
V481	0.06428	0.00894	0.88763	0.03915
V482	0.40085	0.28342	0.18535	0.13039
V483	0.03071	0.07881	0.04773	0.84275
V484	0.00374	0.0395	0.01054	0.94622
V485	0.04101	0.705	0.0102	0.2438
V486	0.08529	0.25802	0.11618	0.54051
V487	0.01737	0.02905	0.05145	0.90213
V488	0	0	0.79475	0.20525
V489	0.09205	0.11479	0.75341	0.03975
V490	0.11666	0.3231	0.06736	0.49288
V491	0.19513	0.59949	0.04485	0.16053
V492	0.01113	0.85063	0.12349	0.01475
V493	0.0016	0.00041	0	0.99799
V494	0.07361	0.16398	0.50352	0.25889
V495	0.09059	0.706	0.14969	0.05372
V496	0.10951	0.78281	0	0.10768
V497	0.00427	0	0.97736	0.01837
V498	0.08307	0.08703	0.03884	0.79107
V499	0.34634	0.43715	0.19221	0.0243
V500	0.04346	0.12781	0.73638	0.09236
V501	0	0	0.01649	0.98351
V502	0.27677	0.41615	0.21433	0.09276
V503	0.05283	0.08013	0.1508	0.71623
V504	0.08963	0.7568	0.01256	0.141
V505	0.06112	0.20298	0.22159	0.51431
V506	0.03224	0.23629	0.38502	0.34645
V507	0.2729	0.14538	0.15905	0.42267
V508	0.44773	0.3132	0.07695	0.16213
V509	0.08132	0.06071	0.46996	0.388
V510	0.09467	0.60815	0.27932	0.01786
V511	0.01379	0.31283	0.02955	0.64383
V512	0.05986	0.03854	0.05703	0.84457
V513	0.03025	0.64107	0.19496	0.13371
V514	0.00153	0.03505	0	0.96342
V515	0.42545	0.11236	0.08052	0.38168
V516	0.74129	0.22129	0.00153	0.03589
V517	0.0094	0.01473	0.15212	0.82375
V518	0.85226	0.10506	0.00243	0.04025
V519	0.01012	0.80512	0.00317	0.18159
V520	0.00949	0	0.48527	0.50524
V521	0.30764	0.06665	0.52724	0.09847
V522	0.00268	0.10713	0.4537	0.43649
V523	0.12609	0.13642	0.25578	0.48171
V524	0.00337	0.75976	0.17386	0.06301
V525	0.06314	0.16475	0.01843	0.75368
V526	0.28413	0.1146	0.09702	0.50424
V527	0.06422	0.02024	0.34655	0.56898
V528	0.03685	0.86527	0	0.09788
V529	0.01493	0.03999	0.13477	0.81031
V530	0.00332	0.19886	0.5995	0.19832
V531	0.00748	0.88612	0.10639	0
V532	0.04557	0.27068	0.01962	0.66413
V533	0.09446	0.3571	0.13053	0.41791
V534	0.00283	0.00483	0.57295	0.41939
V535	0.18803	0.00103	0.00964	0.80131
V536	0.05702	0	0.31049	0.63249
V537	0.31784	0.40753	0.22625	0.04838
V538	0.15517	0.05741	0.0809	0.70652
V539	0.0971	0.45867	0.15903	0.2852
V540	0.07706	0.75913	0.07597	0.08784
V541	0.00521	0.40088	0.04492	0.54899
V542	0.05726	0.11555	0.20894	0.61825
V543	0.578	0.02084	0.02426	0.3769
V544	0.02616	0.06319	0.11172	0.79893
V545	0.11031	0.13722	0.06106	0.69141
V546	0.01897	0.90265	0.06351	0.01488
V547	0.01509	0.6597	0.29258	0.03263
V548	0.06175	0.83573	0.08643	0.01609
V549	0.15111	0.03336	0.77214	0.04339
V550	0.2202	0.03528	0	0.74453
V551	0.06765	0.77493	0.03776	0.11966
V552	0	0.38692	0.00085	0.61223
V553	0.09906	0.17561	0.66683	0.0585
V554	0.01124	0.05272	0.0105	0.92554
V555	0.03016	0.20263	0.27249	0.49472
V556	0	0.01833	0.90923	0.07243
V557	0.44898	0.05648	0.01962	0.47492
V558	0.02439	0.73015	0.0249	0.22056
V559	0.00364	0.81926	0.1771	0
V560	0.40683	0.56699	0	0.02618
V561	9e-05	0.00994	0.97159	0.01838
V562	0.4656	0.01626	0.19988	0.31825
V563	0.11061	2e-04	0.86905	0.02014
V564	0.02598	0.07415	0.86313	0.03674
V565	0.04126	0.24353	0.32135	0.39386
V566	0.32312	0.14458	0.00567	0.52663
V567	0.0671	0.41777	0.02287	0.49227
V568	0.05623	0.00482	0.03537	0.90359
V569	0.29569	0.04133	0	0.66298
V570	0.01144	0.29207	0.5572	0.1393
V571	0.52329	0.25142	0	0.22528
V572	0.19464	0.00921	0.53261	0.26353
V573	0.01446	0.11529	0.00068	0.86957
V574	0.01477	0.79297	0.16077	0.03149
V575	0.00408	0.05371	0.07323	0.86898
V576	0.06056	0.86671	0.03955	0.03318
V577	0.0093	0.02698	0.12607	0.83765
V578	0.02194	0.05804	0.57836	0.34166
V579	0.00345	0.86375	0.08655	0.04625
V580	0.03428	0.00429	0.06987	0.89156
V581	0.01334	0.04639	0	0.94027
V582	0.23907	0.19091	0.04075	0.52926
V583	0.00265	0.03587	0.46365	0.49784
V584	0.26028	0.23073	0.39257	0.11642
V585	0.00192	0.00363	0.29814	0.69631
V586	0.09918	0.00727	0.68206	0.2115
V587	0.12128	0.00891	0.78782	0.08199
V588	0.26371	0.05986	0.03006	0.64637
V589	0.02181	0.79141	0.05938	0.1274
V590	0.01936	0.7851	0.1805	0.01504
V591	0	0.02149	0.11852	0.85999
V592	0.07025	0.03321	0.89614	0.00039
V593	0.24819	0.00134	0.21839	0.53208
V594	0.1417	0.35842	0.37969	0.12019
V595	0.00386	0.01127	0.00638	0.97849
V596	0.01155	0.21864	0.16003	0.60978
V597	0	0.54852	0.29312	0.15836
V598	0.00814	0.11789	0.83833	0.03564
V599	0.33467	0.51296	0.0559	0.09647
V600	0.13897	0.53739	0.05768	0.26596
V601	0.04358	0.22811	0.06158	0.66672
V602	0.00371	0.01113	0.0012	0.98396
V603	0.00179	0.25914	0.00581	0.73325
V604	0.25984	0.17796	0.4682	0.09401
V605	0.02501	0.3016	0.33404	0.33935
V606	0.38434	0.2546	0.01821	0.34285
V607	0.28911	0.02068	0.1416	0.54861
V608	0.07282	0.15964	0.34989	0.41765
V609	0.00823	0.18403	0.16723	0.64051
V610	0.42626	0.04042	0.1469	0.38641
V611	0.0751	0.0053	0.0384	0.8812
V612	0.0118	0.08855	0.75785	0.1418
V613	0.01566	0.34481	0.55257	0.08697
V614	0.41095	0.10963	0.07858	0.40084
V615	0.0288	0.03625	0.00094	0.93401
V616	0.02687	0.63854	0.03884	0.29575
V617	0.24337	0.24166	0.51407	9e-04
V618	0.32748	0.01209	0	0.66043
V619	0.14087	0.03307	0.32013	0.50594
V620	0.0036	0.6744	0.30701	0.01499
V621	0.15786	0.17458	0.18125	0.48631
V622	0.1576	0.29213	0.46701	0.08326
V623	0.00407	0.04695	0.08484	0.86415
V624	0.52586	0.38868	0	0.08547
V625	0.0961	0.5203	0.09937	0.28423
V626	0.8415	0.07896	0.002	0.07754
V627	0	0.01058	0.03695	0.95247
V628	0	0.14741	0.00552	0.84708
V629	0.03996	0.26637	0.23164	0.46203
V630	0.01552	0.34138	0.53944	0.10365
V631	0.00438	0.1348	0.06478	0.79604
V632	0.23994	0.00128	0.15798	0.6008
V633	0	0.024	0.73334	0.24265
V634	0.18523	0.36595	0.42793	0.0209
V635	0.00957	0.66375	0.00237	0.32432
V636	0.04749	0.10657	0.59166	0.25428
V637	0.09431	0.18431	0.07652	0.64487
V638	0.12801	0.27284	0.06832	0.53084
V639	0.11497	0.53264	0.35217	0.00022
V640	0.01592	0.1554	0.72194	0.10675
V641	0.63675	0.09089	0.05728	0.21508
V642	0.45053	0.31428	0	0.23519
V643	0.00255	0.15837	0.35291	0.48617
V644	0.72217	0.1922	0.01642	0.06921
V645	0.10916	0.49168	0.3422	0.05696
V646	0.00368	0.97633	0.00522	0.01477
V647	0.06025	0.09402	0.71435	0.13138
V648	0.1808	0.56751	0.16924	0.08245
V649	0.01202	0.05835	0.80514	0.12449
V650	0.02444	0.089	0.74186	0.14471
V651	0.14592	0.00067	0.83237	0.02105
V652	0.0298	0.0787	0.35556	0.53593
V653	0.04297	0.64926	0.09392	0.21386
V654	0.38396	0.34037	0.09742	0.17825
V655	0.0118	0.46509	0.0134	0.50972
V656	0.05305	0.21723	0.0068	0.72293
V657	0.00378	0.04006	0.00093	0.95522
V658	0.27072	0.29552	0.07911	0.35466
V659	0.11863	0.09348	0.35982	0.42807
V660	0.01082	0.94308	0	0.0461
V661	0.01772	0.32779	0.03757	0.61692
V662	0.17833	0.01827	0.54481	0.25859
V663	0.09596	0.07975	0.57415	0.25014
V664	0.08481	0.07387	0.72274	0.11859
V665	0.35973	0.30474	0.06631	0.26922
V666	0.23462	0.00111	0.11299	0.65127
V667	0.52659	0.15039	0.32097	0.00205
V668	0.04854	0.86592	0.08554	0
V669	0.08644	0.44532	0.24882	0.21942
V670	0.0298	0.92257	0	0.04763
V671	0.14629	0.34484	0.28583	0.22304
V672	0.00817	0.0177	0.90123	0.0729
V673	0.08186	0.3789	0.21914	0.3201
V674	0.36957	0.23501	0.02857	0.36685
V675	0.04463	0.31186	0.28056	0.36295
V676	0.00662	0.07308	0.06125	0.85905
V677	0.14996	0.47003	0.10882	0.2712
V678	0.25454	0.70417	0.01949	0.0218
V679	0.02109	0.33243	0.61115	0.03533
V680	0.12686	0.65848	0.1582	0.05647
V681	0.68172	0.15828	0.03034	0.12965
V682	0.0466	0.32351	0.54001	0.08987
V683	0.00377	0.98264	0.01359	0
V684	0.38933	0.27676	0.15366	0.18025
V685	0.2304	0.47589	0.16417	0.12954
V686	0.0243	0.13241	0.0996	0.74369
V687	0.00372	0.00498	0.00619	0.98512
V688	0.14265	0.57628	0	0.28107
V689	0.05978	0	0.02967	0.91055
V690	0.22059	0.05839	0.54088	0.18014
V691	0.06959	0	0.91113	0.01928
V692	0.03253	0.14405	0.67794	0.14548
V693	0.07633	0.10575	0.33446	0.48346
V694	0.0016	0.01472	0.17515	0.80853
V695	0.06039	0.00461	0.11234	0.82267
V696	0.01625	0.05354	0.00558	0.92463
V697	0.00154	0.0291	0.00123	0.96813
V698	0.45233	0.0166	0.01961	0.51145
V699	0.26493	0.39887	0.09301	0.2432
V700	0.05354	0.01789	0.00119	0.92739
V701	0.03648	0.4722	0.09296	0.39837
V702	0.20708	0.09644	0.01129	0.68519
V703	0.0436	0.046	0.41361	0.49679
V704	0.48989	0.08904	0.04642	0.37465
V705	0.80567	0.01321	0.03543	0.14569
V706	0.0324	0.04574	0.73966	0.18221
V707	0.01519	0.44052	0.46003	0.08427
V708	0.01386	0.82766	0.01835	0.14014
V709	0.05353	0.28106	0.50205	0.16335
V710	0.26684	0.291	0.0669	0.37526
V711	0.03444	0.81006	0.08984	0.06566
V712	0.46582	0.10286	0.00861	0.42271
V713	0.1612	0.33317	0.03643	0.4692
V714	0.00246	0.54539	0.01408	0.43807
V715	0.1205	0.39525	0.32883	0.15542
V716	0.0061	0.02181	0.02085	0.95123
V717	0.03008	0.93834	0	0.03158
V718	0.05242	0.55689	0.16946	0.22123
V719	0.02033	0.6223	0.03031	0.32706
V720	0.39867	0.0038	0.36399	0.23354
V721	0.04175	0.15372	0.40319	0.40134
V722	0.02443	0.25114	0.00621	0.71822
V723	0.02494	0.05621	9e-04	0.91796
V724	0.23321	0.03691	0.09529	0.63458
V725	0	0.09281	0.83664	0.07056
V726	0.0112	0.29186	0.08594	0.61101
V727	0.10932	0.76991	0.10322	0.01755
V728	0.01111	0.88529	0.08884	0.01476
V729	0.13228	0.01339	0.14813	0.7062
V730	0.69132	0.08037	0.09663	0.13168
V731	0.00903	0.16296	0.30488	0.52313
V732	0.12866	0.08451	0.35389	0.43294
V733	0.29069	0.27171	0.04693	0.39067
V734	0.10321	0.36705	0.51125	0.01848
V735	0.00553	0.01777	0.36439	0.61232
V736	0.02993	0.00506	0.00097	0.96405
V737	0.12433	0.32481	0.24805	0.30281
V738	0.03003	0.32089	0.3984	0.25068
V739	0	0.0046	0.47109	0.52431
V740	0.60536	0.1905	0.14125	0.06289
V741	0.18601	0.11935	0.13223	0.56241
V742	0.18328	0.7983	0.01797	0.00046
V743	0.05811	0.15582	0.73033	0.05573
V744	0.24109	0.0557	0.41674	0.28647
V745	0.00667	0.63551	0.15681	0.20102
V746	0.93535	0.01794	0.00321	0.0435
V747	0.02125	0	0.59282	0.38594
V748	0.04488	0.10045	0.52163	0.33304
V749	0.07612	0.15047	0.04066	0.73276
V750	0.1629	0.54136	0.02195	0.2738
V751	0.01807	0.8366	0.03516	0.11017
V752	0.1829	0.27025	0.15009	0.39676
V753	0.00156	0.00593	0	0.99251
V754	0.00328	0.87523	0	0.12149
V755	0.04692	0.17941	0.29126	0.48241
V756	0.00381	0.00485	0.02145	0.9699
V757	0.14052	0.70813	0.07435	0.077
V758	0.0181	0.72943	0.10999	0.14248
V759	0.03782	0.05087	0.32204	0.58926
V760	0.09431	0.05625	0.25105	0.59839
V761	0.02668	0.56175	0.2473	0.16427
V762	0	0.26598	0.0058	0.72821
V763	0.13486	0.38186	0.02673	0.45655
V764	0.00327	0.87138	0.0037	0.12165
V765	0.2896	0.1224	0	0.58799
V766	0.00632	0.283	0.35665	0.35403
V767	0.20083	0.1578	0.27967	0.3617
V768	0.02245	0.90972	0.02062	0.04721
V769	0.05571	0.88082	0.03059	0.03288
V770	0.00368	0.97633	0.00522	0.01477
V771	0.0741	0.00911	0.87706	0.03973
V772	0.06061	0.04287	0.87769	0.01883
V773	0.06423	0.89684	0.00542	0.03351
V774	0.00816	0	0.91897	0.07286
V775	0.02973	0.02991	0.19261	0.74776
V776	0.17334	0.51046	0.0618	0.25441
V777	0.04223	0.08886	0.09568	0.77324
V778	0.23213	0.36223	0.08681	0.31883
V779	0.0547	0.03809	0.43112	0.47609
V780	0.04486	0.82334	0.13181	0
V781	0.00849	0.01621	0.01094	0.96437
V782	0.0036	0.11989	0.73677	0.13974
V783	0.42178	0.03978	0.07845	0.46
V784	0.04383	0.92695	0.01364	0.01558
V785	0.01454	0.92664	0.0124	0.04642
V786	0.41494	0.28441	0.14324	0.1574
V787	2e-05	0.83798	0.14751	0.0145
V788	0.24277	0.42323	0.20182	0.13219
V789	0.01952	0.26953	0.01758	0.69338
V790	0.14562	0.02904	0.06796	0.75737
V791	0.04689	0.36714	0.29851	0.28746
V792	0.03936	0.46742	0.00191	0.49131
V793	0.03996	0.60006	0.03154	0.32843
V794	0.02045	0.07754	0.74076	0.16125
V795	0.02524	0.02959	0.03427	0.91091
V796	0.01244	0.08313	0.85028	0.05415
V797	0.51085	0.00639	0.4229	0.05985
V798	0.33526	0.47164	0.12057	0.07254
V799	0.04861	0.77489	0.0276	0.1489
V800	0.02343	0.01888	0.41287	0.54483
V801	0.04059	0.10334	0.26142	0.59465
V802	0.01031	0.05648	0.17948	0.75373
V803	0.09446	0.61274	0.29269	0.00011
V804	0.26425	0.02147	0.51209	0.2022
V805	0.00445	0.00071	0.99449	0.00035
V806	0.01831	0.89084	0.01183	0.07901
V807	0.06415	0.12359	0.02485	0.78741
V808	0.36174	0.4446	0.07018	0.12348
V809	0.01763	0.0327	0.94946	0.00021
V810	0.00371	0.98142	0	0.01487
V811	0.15645	0.08383	0.20551	0.55422
V812	0.23402	0.34266	0.0636	0.35972
V813	0.31654	0.30874	0.27717	0.09755
V814	0.20084	0.71853	0.06052	0.02011
V815	7e-05	0.91448	0.0708	0.01465
V816	0.82415	0.01456	0.15769	0.0036
V817	0.0126	0.07382	0.87738	0.03621
V818	0	0.02838	0.01602	0.95561
V819	0.55126	0.1738	0.09929	0.17565
V820	0.02908	0.06907	0.01107	0.89078
V821	0.0851	0.34819	0.39835	0.16835
V822	0.03046	0.01816	0.89534	0.05604
V823	0.01133	0.19145	0.60977	0.18745
V824	0.03998	0.41466	0.54536	0
V825	0.07229	0.28665	0.22862	0.41244
V826	0.19914	0.5598	0.19878	0.04228
V827	0.16359	0.74279	0.01541	0.07821
V828	0.05881	0.14045	0.08377	0.71697
V829	0.00993	0.17215	0.02254	0.79538
V830	0.05419	0.17907	0.01811	0.74863
V831	0.43089	0.15751	0.05541	0.35618
V832	0.09472	0.41837	0.16476	0.32215
V833	0.04909	0.48523	0.16425	0.30144
V834	0.0747	0.06155	0.0581	0.80564
V835	0.14386	0.52913	0.1334	0.19361
V836	0.0024	0.54082	0.00164	0.45514
V837	0.07398	0.37809	0.17501	0.37292
V838	0.77517	0.11582	0.07198	0.03702
V839	0.12681	0.73875	0.11637	0.01807
V840	0.12337	0.86922	0.00722	0.00019
V841	0	0.03749	0.83966	0.12284
V842	0.13051	0.18453	0.26245	0.42252
V843	0.00774	0.01564	0.81757	0.15905
V844	0.03498	0.07592	0.30371	0.58539
V845	0.02885	0.11122	0.71477	0.14516
V846	0	0.00527	0.6204	0.37433
V847	0	0.00036	0.0019	0.99773
V848	0.03019	0.45144	0.14337	0.375
V849	1e-05	0.91903	0.00435	0.07661
V850	0.86761	0.01514	0.03866	0.07859
V851	0.14619	0.67548	0.17803	0.00031
V852	0.02463	0.03411	0.07986	0.86141
V853	0.09183	0.24717	0.4015	0.25949
V854	0.26712	0.24006	0.13676	0.35605
V855	0	0.00036	0.0019	0.99773
V856	0.0171	0.31035	0.28844	0.38411
V857	0.32499	0.26865	0.04925	0.35711
V858	0.31159	0.01467	0.64884	0.0249
V859	0.3279	0.3667	0.02863	0.27677
V860	0.04515	0.08922	0.03644	0.82918
V861	0.03956	0.38486	0.53946	0.03613
V862	0.05656	0.09406	0.73621	0.11316
V863	0.04521	0.044	0	0.9108
V864	0.01369	0.02199	0.02657	0.93775
V865	0.02914	0.00374	0.1807	0.78642
V866	0.46899	0.03345	0.44014	0.05742
V867	0.47536	0.05055	0.44503	0.02906
V868	0.23231	0.37873	0.17268	0.21627
V869	0.00736	0.97272	0.00519	0.01474
V870	0.02734	0.25599	0.01185	0.70482
V871	1e-05	0.91903	0.00435	0.07661
V872	0.00157	0.00893	0.14799	0.84151
V873	0.65823	0.07607	0.10882	0.15687
V874	0.07857	0.88853	0.03291	0
V875	0.00445	0.13584	0.1295	0.7302
V876	0.0605	0.34657	0.40085	0.19208
V877	0.01708	0.34889	0.24119	0.39283
V878	0.05187	0.88054	0.06759	0
V879	0.06998	0.71409	0.04547	0.17045
V880	0.11031	0.58101	0.00357	0.30511
V881	0.05127	0.04097	0.53961	0.36815
V882	0.4971	0.00555	0.2228	0.27455
V883	0.12635	0.25455	0.61871	4e-04
V884	0.00431	0.19059	0	0.80511
V885	0.43982	0.40215	0.15642	0.0016
V886	0.0068	0.33959	0.39962	0.25399
V887	0.29314	0.09594	0.21108	0.39984
V888	0.04073	0.04593	0.71468	0.19866
V889	0.72213	0.12658	0.04943	0.10186
V890	0.0141	0.13419	0.51417	0.33755
V891	0.34523	0.08239	0.42317	0.14921
V892	0.07119	0.1495	0.00679	0.77252
V893	0.28842	0.31808	0.20977	0.18373
V894	0.02905	0.32645	0.55573	0.08877
V895	0.26695	0.09294	0.25233	0.38778
V896	0.01459	0.93418	0.00469	0.04654
V897	0.36857	0.42146	0.00817	0.2018
V898	0.14319	0.00035	0.00211	0.85435
V899	0.0072	0.13509	0.08975	0.76796
V900	0.02735	0.26366	0.30014	0.40886
V901	0.01342	0.75467	0.00291	0.229
V902	0.01885	0.91984	0.04642	0.01489
V903	0.00343	0.41963	0.47645	0.10048
V904	0.00738	0.97772	0	0.0149
V905	0.03354	0	0.11122	0.85524
V906	0.1324	0.09633	0.09996	0.67131
V907	0.18645	0.64733	0.02472	0.1415
V908	0.00153	0.02809	0.03748	0.93291
V909	0.0479	0.80487	0	0.14723
V910	0.03697	0	0.07564	0.8874
V911	0.23278	0.52956	0.04676	0.1909
V912	0.14644	0.37267	0.13616	0.34473
V913	0.02301	0	0.00112	0.97587
V914	0.07238	0.53945	0.29682	0.09135
V915	0.05035	0	0.00135	0.9483
V916	0.10894	0.06357	0.70696	0.12053
V917	0.39366	0.05311	0.25476	0.29847
V918	0.0183	0.60235	0.20618	0.17317
V919	0.06285	0.22745	0.26304	0.44665
V920	0.29616	0.29779	0.13215	0.2739
V921	0.00666	0.10813	0.01619	0.86902
V922	0.04051	0.48051	0.37448	0.10451
V923	0.01595	0.01	0.0213	0.95275
V924	0.01472	0.67277	0.2476	0.06491
V925	0.04086	0.02418	0.00637	0.92859
V926	0.04565	0.01728	0.01753	0.91955
V927	0.00374	0.02175	0.02604	0.94846
V928	0.01786	0.85304	0.00376	0.12535
V929	0.0209	0.57538	0.11159	0.29213
V930	0.21634	0.4867	0.04449	0.25248
V931	0.05325	0.293	0.49089	0.16286
V932	0.01382	0.1023	0.49436	0.38952
V933	0.31379	0.61843	0.02034	0.04744
V934	0.00185	0.10654	0.17784	0.71377
V935	0.27556	0.23998	0.28158	0.20289
V936	0.2138	0.33562	0.02162	0.42895
V937	0.21641	0.16023	0.09744	0.52592
V938	0.13524	0.05242	0.3088	0.50354
V939	0.38922	0.03784	0.11254	0.46041
V940	0.01083	0.7717	0.13828	0.07918
V941	0.00011	0.00039	0.98092	0.01858
V942	0.44199	0.35417	0.12208	0.08176
V943	0.17392	0.17086	0.50553	0.1497
V944	0.00438	0.18568	0.04013	0.7698
V945	0.25576	0.48974	0.01573	0.23876
V946	0.20942	0.36022	0.32004	0.11032
V947	0.02136	0.03524	0.15048	0.79292
V948	0.15689	0.0331	0.74619	0.06382
V949	0	0.0729	0.12107	0.80603
V950	0.02091	0.4769	0.17857	0.32362
V951	0.60932	0.04099	0.31728	0.0324
V952	0.02022	0.09842	0.18398	0.69739
V953	0.00808	0.05021	0.86974	0.07197
V954	0.01013	0.12822	0.09004	0.77161
V955	0.03827	0.53072	0.02235	0.40865
V956	0.01255	0.01828	0.39873	0.57044
V957	0.08626	0.01276	0	0.90098
V958	0.0016	0.00041	0	0.99799
V959	0.09054	0.29341	0.44553	0.17052
V960	0.06619	0.24355	0.06595	0.62431
V961	0.04836	0.38494	0.32426	0.24243
V962	0.14996	0.21404	0.4522	0.1838
V963	0.29248	0.25687	0.22021	0.23045
V964	0.58022	0.07059	0.19878	0.15042
V965	0.02033	0.43361	0.1563	0.38976
V966	0.84735	0.05521	0.01966	0.07778
V967	0.02052	0.03563	0.42537	0.51847
V968	0	0.15086	0.71145	0.13769
V969	0.0018	0.2011	0.02253	0.77457
V970	0.01252	0.10042	0.32888	0.55818
V971	0.23104	0.12185	0.42335	0.22377
V972	0.19711	0.23781	0.05635	0.50873
V973	0.08851	0.41086	0.07395	0.42668
V974	0.00311	0.72662	0.11543	0.15484
V975	0.04466	0.3205	0.61774	0.0171
V976	0.17049	0.28771	0.12614	0.41566
V977	0.13829	0.45545	0.38687	0.01939
V978	0.01458	0.0612	0.03914	0.88507
V979	0.57263	0.03888	0.3573	0.03119
V980	0.93535	0.01794	0.00321	0.0435
V981	0.12468	0.03385	0.43563	0.40584
V982	0.18219	0.49775	0.09492	0.22514
V983	0.31659	0.08981	0.00528	0.58832
V984	0.00701	0.81207	0.10223	0.07868
V985	0.01835	0.13757	0.00098	0.84311
V986	0.12202	0.5809	0.05745	0.23963
V987	0.09672	0.85004	0	0.05325
V988	0.04825	0.01126	0.00651	0.93398
V989	0.20153	0.63241	0.10364	0.06242
V990	0	0.04236	0.68951	0.26813
V991	0.36001	0.5905	0	0.04949
V992	0.06872	0.00547	0.46756	0.45826
V993	0.02657	0.71653	0.15912	0.09779
V994	0.07424	0.86021	0.03149	0.03405
V995	0.37845	0.17649	0.05149	0.39357
V996	0.06649	0.09901	0.00671	0.82779
V997	0.0073	0.00598	0.74241	0.24431
V998	0.61608	0.03701	0.13434	0.21256
V999	0.04688	0.9373	0	0.01582
V1000	0.08069	0.01954	0	0.89977
