Neutrophils	Monocytes_CD14.CD16.	Macrophage	T_cells_.CD4..	NK_cells
V1	0.27387	0.18298	0.18809	0.22759	0.12746
V2	0.02458	0.82881	0	0.03698	0.10963
V3	0.01727	0.05852	0.35186	0.51	0.06234
V4	0	0.04565	0.22059	0.23037	0.50339
V5	0	0.03755	0.05504	0.2815	0.62591
V6	0.2713	0.08454	0.20552	0.32703	0.1116
V7	0	0.06059	0.37475	0.2345	0.33017
V8	0	0.04067	0.76293	0.1964	0
V9	0.0079	0.03877	0.19424	0.66872	0.09037
V10	0.46357	0.06624	0.42053	0.04966	0
V11	0.01083	0.06344	0.09729	0.24302	0.58542
V12	0.04506	0.0532	0.17808	0.42433	0.29933
V13	0.09472	0.08713	0.00024	0.50784	0.31006
V14	0.10964	0.04357	0.01742	0.67843	0.15094
V15	0	0.00621	0	0.86203	0.13177
V16	0.53761	0.07781	0	0.33707	0.04751
V17	0.04615	0.28202	0	0.18043	0.4914
V18	0.04604	0.44201	0.18445	0.25727	0.07023
V19	0.0062	0.04556	0	0.28703	0.66121
V20	0	0.01781	0.61988	0.34558	0.01673
V21	0	0.28085	0.10161	0.26713	0.35042
V22	0.89111	0.10889	0	0	0
V23	0.05529	0.06141	0.01098	0.29535	0.57698
V24	0.43706	0.16128	0	0.11353	0.28814
V25	0	0.05286	0	0.5299	0.41724
V26	0.46405	0.25797	0	0.09399	0.18398
V27	0.09538	0.53725	0.12673	0.06235	0.17828
V28	0	0.09661	0.14089	0.65299	0.10951
V29	0	0.01259	0.2498	0.65309	0.08452
V30	0.77153	0.12649	0	0.03374	0.06825
V31	0.36978	0.16655	0	0.28595	0.17773
V32	1	0	0	0	0
V33	0.00086	0.23551	0	0.24691	0.51672
V34	0.0882	0.85436	0	0	0.05744
V35	0.05451	0.65975	0.18454	0.04427	0.05693
V36	0.00114	0.20858	0.1451	0.22353	0.42165
V37	0.80401	0	0	0.03765	0.15834
V38	0.0788	0.06917	0.39877	0.32503	0.12823
V39	0.28493	0.0925	0.28783	0.13084	0.20391
V40	0.19046	0.61329	0	0.09984	0.09642
V41	0.02434	0.86219	0	0	0.11346
V42	0.94452	0.04413	0	0	0.01135
V43	0.47634	0.16815	0.28983	0.06568	0
V44	0	0.32212	0.48911	0.09847	0.0903
V45	0.0091	0.70419	0.03651	0.14328	0.10693
V46	0.08389	0.81762	0	0.01011	0.08838
V47	0	0.02992	0.84267	0.12741	0
V48	0.12318	0.16367	0.15979	0.40733	0.14603
V49	0.43152	0.19703	0.15171	0.18666	0.03308
V50	0	0.05843	0.82553	0.11604	0
V51	0.0768	0.29741	0.15591	0.17348	0.2964
V52	0.02369	0.91797	0	0	0.05834
V53	0	0.15466	0	0.72755	0.11779
V54	0.16487	0.01848	0	0.60612	0.21054
V55	0.01803	0.0029	0	0.85222	0.12685
V56	0.02311	0.00241	0	0.78669	0.18779
V57	0.1101	0.17095	0.48905	0.13848	0.09142
V58	0.04242	0.03384	0.11623	0.35726	0.45025
V59	0.93856	0.06144	0	0	0
V60	0.38496	0.25843	0.05442	0.18192	0.12027
V61	0.1625	0.05481	0	0.35998	0.42271
V62	0.02587	0.06566	0.26186	0.2904	0.35621
V63	0.37044	0.31686	0	0.09774	0.21496
V64	1	0	0	0	0
V65	0.04449	0.10721	0	0.6561	0.1922
V66	0	0.02732	0.07474	0.78486	0.11308
V67	0	0.04232	0.30094	0.26405	0.39269
V68	0.4395	0.05728	0.3423	0.11285	0.04808
V69	0.60534	0.16852	0.12651	0.05816	0.04146
V70	0.03277	0.73494	0	0.13861	0.09368
V71	0.06479	0.81531	0	0.03426	0.08564
V72	0.02688	0.43085	0	0.12275	0.41952
V73	0.02216	0.03572	0.05975	0.64739	0.23499
V74	0	0.04902	0	0.7865	0.16447
V75	0.46864	0.22612	0.25002	0.04608	0.00913
V76	0	0	0	0.84329	0.15671
V77	0	0.03776	0.7993	0.16294	0
V78	0	0.03929	0.82573	0.13498	0
V79	0.06393	0.4278	0	0.20821	0.30006
V80	0.0976	0.73244	0	0.03598	0.13397
V81	0	0.03455	0.84492	0.12053	0
V82	0.18251	0.17276	0	0.54223	0.1025
V83	0.05922	0.09848	0	0.59685	0.24545
V84	0.07254	0.19998	0	0.2012	0.52628
V85	0	0.02941	0.84088	0.12971	0
V86	0	0.26227	0.22813	0.43289	0.07671
V87	0.39954	0.04498	0	0.47484	0.08063
V88	0.26603	0.21148	0	0.28156	0.24093
V89	0	0.13925	0.71278	0.14797	0
V90	0	0.21594	0.04125	0.24807	0.49473
V91	0	0.01892	0.02184	0.84176	0.11748
V92	0.21221	0.09224	0	0.20825	0.48731
V93	0	0.09721	0.11531	0.57865	0.20883
V94	0.01651	0.20064	0	0.35806	0.42479
V95	0.04157	0.26627	0	0.23328	0.45888
V96	0.84134	0.02281	0	0.04863	0.08722
V97	0.1374	0.07551	0.02354	0.27812	0.48543
V98	0.02743	0.39831	0.13315	0.20516	0.23594
V99	0.47051	0.14145	0	0.25825	0.12979
V100	0.52583	0.20797	0	0.10303	0.16317
V101	0.0313	0.90951	0	0	0.05919
V102	0.26563	0.28843	0.07655	0.1858	0.18359
V103	0.10799	0.03228	0	0.23946	0.62027
V104	0.03244	0.4432	0.05126	0.11754	0.35555
V105	0	0.04755	0.03715	0.28694	0.62837
V106	0.01792	0.80561	0.083	0.00149	0.09199
V107	0	0.25642	0.59143	0.14001	0.01213
V108	0	0.1937	0.70455	0.10175	0
V109	0.03411	0.24364	0.02182	0.37256	0.32788
V110	0.13936	0.53231	0.11237	0.14086	0.0751
V111	0.24866	0.26721	0.41965	0.0611	0.00337
V112	0.13743	0.03615	0.05816	0.55389	0.21437
V113	0.20156	0.05461	0.07137	0.29995	0.3725
V114	0.5489	0.11793	0	0.21996	0.11321
V115	0.94987	0	0	0	0.05013
V116	0	0.0357	0	0.26742	0.69689
V117	0	0.05753	0.71805	0.21373	0.0107
V118	0	0	0	0.86143	0.13857
V119	0.26839	0.07009	0.31218	0.32062	0.02871
V120	0	0.02834	0.70886	0.24527	0.01753
V121	0.16544	0.72598	0	0	0.10858
V122	0.0101	0.41137	0.04161	0.29611	0.2408
V123	0.4539	0.10409	0.00655	0.26837	0.1671
V124	0.17698	0.15337	0.02175	0.3349	0.31299
V125	0	0.4837	0.42504	0.05983	0.03142
V126	0.1214	0.21942	0.16792	0.23535	0.25591
V127	0.22963	0.04442	0.57502	0.15093	0
V128	0.17336	0.76483	0	0	0.06181
V129	0.21194	0.08965	0.20623	0.2961	0.19609
V130	0.01098	0.52446	0	0.25931	0.20524
V131	0	0.02203	0.16292	0.7208	0.09424
V132	0.2999	0.03201	0	0.42547	0.24262
V133	0	0.07142	0.47874	0.24063	0.2092
V134	0.01618	0.07074	0.70026	0.16203	0.05079
V135	0	0.12672	0.63928	0.15856	0.07544
V136	1	0	0	0	0
V137	0.97687	0.02313	0	0	0
V138	0.21409	0.18739	0.03685	0.25216	0.3095
V139	0.07157	0.03334	0.0974	0.69555	0.10215
V140	0.00621	0.03485	0.15135	0.24297	0.56462
V141	0	0.23783	0.55104	0.19162	0.01951
V142	0.16773	0.04612	0.2745	0.2775	0.23415
V143	0	0.21442	0.39919	0.25602	0.13037
V144	0.48165	0.26761	0	0.15598	0.09476
V145	0	0.03901	0.81037	0.15062	0
V146	0.00829	0.34449	0	0.3708	0.27642
V147	0.04772	0.10486	0.59532	0.22382	0.02829
V148	0.12222	0.78963	0	0	0.08815
V149	0	0	0	0.84975	0.15025
V150	0.09755	0.23379	0.51642	0.09756	0.05468
V151	0.37578	0.0274	0	0.45388	0.14294
V152	0	0.01344	0.06089	0.77178	0.15389
V153	0.12722	0.22337	0.38396	0.15402	0.11143
V154	0.10109	0.61123	0	0.06333	0.22435
V155	0	0.03233	0.07519	0.77892	0.11356
V156	0.06182	0.07036	0.33571	0.29762	0.2345
V157	0.06096	0.0806	0.13331	0.40405	0.32108
V158	0.15701	0.043	0.39139	0.19821	0.21039
V159	0.07135	0.21911	0	0.58398	0.12556
V160	0.43049	0.22018	0.03193	0.11897	0.19842
V161	0.18952	0.07262	0.03905	0.20191	0.4969
V162	0	0.03911	0.84098	0.11992	0
V163	0.03506	0.04293	0.00778	0.27538	0.63885
V164	0.99489	0.00511	0	0	0
V165	0.62072	0.26549	0.00104	0.06682	0.04592
V166	0.01268	0.02838	0.18315	0.63803	0.13775
V167	0.01565	0.65712	0	0.14128	0.18595
V168	0	0.03911	0.84098	0.11992	0
V169	0.02361	0.72464	0.08857	0.08183	0.08134
V170	0.20664	0.41476	0	0.2292	0.1494
V171	0.25239	0.13068	0.28695	0.26666	0.06332
V172	0.15951	0.26516	0.03638	0.15888	0.38006
V173	0.16995	0.14096	0.03769	0.46671	0.18469
V174	0.15987	0.04708	0.28714	0.33124	0.17467
V175	0.05123	0.17682	0.08993	0.31271	0.36931
V176	0.30264	0.01944	0	0.58854	0.08938
V177	0.1424	0.07449	0.4809	0.27954	0.02266
V178	0.22975	0.08823	0.38489	0.22364	0.07349
V179	0.07853	0.05122	0	0.23989	0.63037
V180	0	0.05288	0.31862	0.21239	0.41611
V181	0.04753	0.2945	0	0.19877	0.4592
V182	0.5457	0.22616	0	0.16547	0.06267
V183	0.0415	0.89904	0	0	0.05946
V184	0.25219	0.06317	0.21946	0.39993	0.06526
V185	0.08754	0.49023	0	0.19033	0.2319
V186	0.10705	0.20865	0	0.35596	0.32834
V187	0.05315	0.67326	0	0.18346	0.09012
V188	0.88206	0.04307	0	0.07487	0
V189	0.40882	0.26086	0	0.2666	0.06372
V190	0.38209	0.12453	0.16501	0.12358	0.20479
V191	0.1739	0.21597	0	0.44941	0.16072
V192	0.2694	0.23494	0.06281	0.28332	0.14953
V193	0.03202	0.2388	0.45125	0.15392	0.12402
V194	0.22751	0.10329	0.05012	0.25471	0.36437
V195	0.58978	0.21666	0.16361	0.02995	0
V196	0	0.02741	0.05525	0.28466	0.63268
V197	0.03922	0.8788	0	0	0.08198
V198	0.19371	0.25463	0	0.2903	0.26136
V199	0.8242	0.04336	0.13244	0	0
V200	0.81235	0.00917	0	0.06266	0.11582
V201	0	0.0133	0	0.75433	0.23237
V202	0.994	0.006	0	0	0
V203	0.52185	0.2734	0	0.08374	0.12101
V204	0.31357	0.13427	0	0.1469	0.40526
V205	0.09095	0.07516	0.09875	0.26313	0.47201
V206	0	0.09537	0	0.76116	0.14347
V207	0	0.00621	0	0.86203	0.13177
V208	0.11547	0.25414	0.40315	0.14174	0.0855
V209	0.13514	0.06779	0.07852	0.23229	0.48626
V210	0	0.02922	0.8345	0.13628	0
V211	0.12732	0.0699	0.17466	0.21704	0.41108
V212	0.03338	0.80105	0.01618	0.03212	0.11728
V213	0.07629	0.03292	0.04009	0.41538	0.43531
V214	0	0.57509	0.30784	0.05818	0.05889
V215	0.21382	0.26375	0.08543	0.18836	0.24864
V216	0.02647	0.07582	0.29341	0.22981	0.3745
V217	0	0	0	0.82977	0.17023
V218	0.03719	0.21328	0.21771	0.40705	0.12477
V219	0.08374	0.30255	0.29801	0.26526	0.05044
V220	0.16259	0.77114	0	0	0.06627
V221	0.0114	0.09615	0.44981	0.18172	0.26092
V222	0.00442	0.04138	0.00374	0.27053	0.67993
V223	0.50968	0.05587	0.24193	0.18011	0.01242
V224	0.02815	0.56755	0	0.13318	0.27112
V225	0.75358	0.21547	0.03095	0	0
V226	0.47153	0.52151	0	0	0.00695
V227	0.05344	0.25239	0	0.56652	0.12765
V228	0.58431	0.07117	0.19695	0.12661	0.02096
V229	0.22651	0.42852	0.18982	0.09169	0.06346
V230	0.0041	0.03085	0.00415	0.27411	0.68678
V231	0.04102	0.63791	0.00096	0.18282	0.1373
V232	0.85994	0.05082	0.08924	0	0
V233	0.03571	0.06316	0.13204	0.28739	0.48169
V234	0	0.38035	0.14779	0.37687	0.09499
V235	1	0	0	0	0
V236	0.03653	0.05176	0.54451	0.31483	0.05237
V237	0.08593	0.11319	0.20286	0.41445	0.18356
V238	0	0.02346	0	0.45279	0.52375
V239	0.05002	0.43018	0.00516	0.24396	0.27068
V240	0.04182	0.8461	0	0	0.11207
V241	0.02455	0.91584	0	0	0.05962
V242	0	0.33975	0.22257	0.33233	0.10535
V243	0.46151	0.05604	0.27038	0.11461	0.09747
V244	0.00762	0.43145	0.14263	0.17256	0.24573
V245	0.02	0.90872	0	0	0.07127
V246	0.6279	0.28286	0	0.01194	0.07729
V247	0.14567	0.13702	0.53785	0.15603	0.02343
V248	0.08196	0.62383	0	0.05081	0.2434
V249	0.21008	0.1166	0.15614	0.24058	0.27659
V250	0	0.06027	0.57617	0.19173	0.17182
V251	0.16228	0.06742	0.02858	0.61621	0.1255
V252	0	0.14628	0.46131	0.27429	0.11811
V253	0.26345	0.60717	0.00768	0.04909	0.0726
V254	0.51505	0.37677	0	0.06665	0.04153
V255	0.86164	0.07446	0	0.01882	0.04508
V256	0.02278	0.77858	0	0.01115	0.18749
V257	0.42127	0.34499	0.07176	0.07632	0.08566
V258	0.12397	0.33405	0	0.44351	0.09848
V259	0.54792	0.31617	0.09612	0.01953	0.02026
V260	0.22489	0.08464	0.07069	0.24433	0.37546
V261	0	0.04828	0.41834	0.40876	0.12462
V262	0.97535	0.02465	0	0	0
V263	0.82322	0.078	0	0.09878	0
V264	0.03776	0.88023	0	0	0.08201
V265	0.87334	0.12666	0	0	0
V266	0	0.03349	0.08115	0.27289	0.61247
V267	0.03419	0.03591	0	0.35498	0.57491
V268	0.16125	0.44956	0.07328	0.21245	0.10345
V269	0.04666	0.35078	0.27142	0.25745	0.07369
V270	0	0.02426	0	0.85003	0.12571
V271	0.19203	0.71367	0	0.00211	0.09219
V272	0.07781	0.82362	0	0	0.09857
V273	0.23169	0.06875	0.11352	0.41649	0.16955
V274	0.07204	0.08083	0.01575	0.36477	0.46661
V275	0.0144	0.73363	0.08186	0.0877	0.08241
V276	0	0.03372	0.58572	0.34807	0.03248
V277	0.33435	0.04342	0.52978	0.09245	0
V278	0	0.05201	0.26373	0.53427	0.14998
V279	0.09235	0.01601	0	0.74623	0.14541
V280	0.14139	0.05108	0	0.64603	0.1615
V281	0	0.23009	0	0.6527	0.1172
V282	0.03228	0.90751	0	0	0.06021
V283	0.32617	0.06844	0.07282	0.17337	0.35921
V284	0	0.15632	0.47265	0.15297	0.21807
V285	0.51945	0.45073	0	0	0.02982
V286	0.02108	0.07562	0.74333	0.15997	0
V287	0.19605	0.11213	0.11009	0.38637	0.19536
V288	0.15913	0.05253	0.55829	0.13976	0.0903
V289	0.11101	0.22545	0	0.55647	0.10708
V290	0.43053	0.49976	0.05086	0	0.01885
V291	0.35234	0.20453	0	0.36536	0.07778
V292	0.08453	0.07188	0.3522	0.20839	0.28299
V293	0	0.12976	0.69588	0.16939	0.00498
V294	0	0.03834	0.00496	0.26647	0.69023
V295	0	0.04599	0.2508	0.57817	0.12504
V296	0.90613	0.09387	0	0	0
V297	0	0.04067	0.66993	0.26038	0.02902
V298	0.23411	0.0155	0	0.58514	0.16525
V299	0.20244	0.00638	0	0.68724	0.10394
V300	1	0	0	0	0
V301	1	0	0	0	0
V302	0	0.01462	0	0.54754	0.43784
V303	0.07799	0.20136	0.16514	0.29472	0.26078
V304	0.13854	0.07986	0.66177	0.11973	1e-04
V305	0.17624	0.35146	0.0398	0.19315	0.23934
V306	0.29913	0.63894	0	0	0.06193
V307	0.1738	0.0558	0.1912	0.51262	0.06659
V308	0.1826	0.0531	0.5769	0.18596	0.00145
V309	0.64615	0.09724	0	0.15885	0.09776
V310	0.01593	0.05793	0	0.31349	0.61265
V311	0	0.00613	0	0.86401	0.12985
V312	0.06264	0.27955	0.2066	0.14257	0.30863
V313	0.03816	0.29975	0	0.38146	0.28063
V314	0.05303	0.03268	0	0.50996	0.40433
V315	1	0	0	0	0
V316	0.07663	0.57991	0.17535	0.06883	0.09928
V317	0.3581	0.1186	0.44726	0.07604	0
V318	0.98869	0	0	0	0.01131
V319	0.04558	0.10482	0.72967	0.11993	0
V320	0.02777	0	0	0.8421	0.13013
V321	0.09031	0.35918	0.221	0.25768	0.07183
V322	0	0.27473	0.48223	0.15368	0.08937
V323	0.2063	0.25281	0.36237	0.10504	0.07349
V324	0	0.06343	0	0.81118	0.12539
V325	0.62683	0.15632	0.00348	0.15153	0.06184
V326	0.03104	0.05001	0.04606	0.3321	0.54079
V327	0.29829	0.52365	0.0382	0.04704	0.09282
V328	0.01112	0.30476	0.10287	0.48077	0.10047
V329	0	0.06311	0.29577	0.56725	0.07387
V330	0.02267	0.07668	0.74935	0.13178	0.01953
V331	0.11155	0.06659	0.06955	0.27943	0.47288
V332	0.45343	0.09145	0.3891	0.06383	0.00219
V333	0.35241	0.08623	0.23656	0.24359	0.08121
V334	0	0.31377	0.4663	0.16871	0.05122
V335	0.7394	0.10918	0	0.0734	0.07802
V336	0.1242	0.61266	0.18417	0.01846	0.06051
V337	0	0.03482	0.00559	0.3646	0.59499
V338	0.73769	0.07167	0.07312	0.06215	0.05537
V339	0.17313	0.56904	0.11532	0.03374	0.10877
V340	0.0137	0.19923	0.09253	0.22834	0.46621
V341	0	0.50573	0.35069	0.0696	0.07398
V342	0.24183	0.18946	0.36721	0.18118	0.02033
V343	0.72418	0.04919	0.21474	0.01189	0
V344	0.07894	0.77135	0	0.01783	0.13187
V345	0.18085	0.06966	0	0.40392	0.34558
V346	0	0.32921	0.2375	0.34574	0.08755
V347	0.05884	0.50718	0	0.31931	0.11467
V348	0	0.15836	0.35849	0.34769	0.13547
V349	0.02362	0.33467	0.45202	0.10549	0.0842
V350	0.08743	0.43252	0.03152	0.27778	0.17075
V351	0.12344	0.07433	0.34286	0.40782	0.05155
V352	0.06823	0.57106	0.27352	0.03786	0.04932
V353	0.22478	0.36083	0	0.13295	0.28144
V354	0.58131	0.05587	0.35153	0.01129	0
V355	0.03943	0.05572	0.2567	0.57014	0.078
V356	0.03423	0.07559	0.72797	0.15299	0.00921
V357	0.01006	0.07645	0.45781	0.20045	0.25523
V358	0	0.04326	0	0.82896	0.12777
V359	0.00811	0.10892	0	0.7627	0.12027
V360	0.71756	0.09881	0	0.17659	0.00704
V361	0.3137	0.52727	0.01969	0.02538	0.11395
V362	0.87857	0.06353	0.00606	0.01625	0.03559
V363	0.01503	0.06471	0	0.34308	0.57717
V364	0.01316	0.29098	0	0.47777	0.21809
V365	0	0	0	0.86055	0.13945
V366	0.1599	0.08391	0.5125	0.18228	0.06141
V367	0.18177	0.25443	0.14398	0.25782	0.162
V368	0.78173	0.1497	0.03449	0.02469	0.00938
V369	0.00586	0.67488	0.15958	0.094	0.06568
V370	0	0.17991	0.08411	0.45266	0.28331
V371	0.02958	0.91265	0	0	0.05777
V372	0.64955	0.11751	0.06177	0.14772	0.02345
V373	0.08559	0.67823	0.06017	0.09829	0.07773
V374	0.0504	0.08773	0.29306	0.50667	0.06213
V375	0.25418	0.05433	0.52614	0.16535	0
V376	0	0.02634	0.37272	0.21696	0.38399
V377	0.05154	0.52528	0.13493	0.21539	0.07286
V378	0.10721	0.57657	0.11417	0.04709	0.15497
V379	0.00725	0.04208	0.1035	0.2952	0.55197
V380	0	0.07315	0.12712	0.57344	0.22628
V381	0.13053	0.08683	0	0.21561	0.56703
V382	0.3667	0.01367	0	0.38579	0.23385
V383	0	0.03289	0.20212	0.67605	0.08894
V384	0.22896	0.09418	0.09832	0.47513	0.1034
V385	0.0696	0.13584	0	0.21531	0.57925
V386	0.65085	0	0	0.31873	0.03041
V387	0.20732	0.02772	0	0.64926	0.11571
V388	0.02678	0.8544	0	0.02912	0.08971
V389	0.0969	0.77711	0	0.01092	0.11507
V390	0.12643	0.01164	0	0.6944	0.16753
V391	0.72633	0.14592	0	0.07889	0.04886
V392	1	0	0	0	0
V393	0.06393	0.0583	0.09843	0.59048	0.18886
V394	0.72068	0.01551	0	0.19199	0.07182
V395	0	0.02375	0.28483	0.61227	0.07915
V396	0.55948	0.06646	0.35301	0.02104	0
V397	0.67741	0.15421	0	0.12725	0.04114
V398	0.02535	0.02796	0.11602	0.68501	0.14566
V399	0.01937	0.0522	0	0.42978	0.49865
V400	0.13112	0.54792	0.08625	0.16394	0.07077
V401	0.27928	0.04313	0.56282	0.11476	0
V402	0.32618	0.0778	0.3797	0.16237	0.05395
V403	0.12578	0.10194	0	0.30185	0.47042
V404	0	0.06641	0.38538	0.47069	0.07752
V405	0.29814	0.30428	0.00355	0.26327	0.13076
V406	0	0.05972	0.81061	0.12967	0
V407	0.94811	0.05189	0	0	0
V408	0.01414	0.37611	0	0.32026	0.28949
V409	0.06698	0.04053	0.0146	0.70889	0.169
V410	0.09314	0.17132	0.26981	0.19565	0.27007
V411	0	0.03561	0	0.27342	0.69097
V412	0.00229	0.18081	0.11493	0.21414	0.48782
V413	0	0.27177	0.10669	0.42507	0.19647
V414	0.01376	0.09624	0	0.55321	0.33679
V415	0.14764	0.03236	0	0.22759	0.59242
V416	0.08591	0.12832	0	0.31587	0.4699
V417	0	0.03526	0.65867	0.263	0.04307
V418	0.56263	0.40231	0	0	0.03505
V419	0.21659	0.06257	0	0.28676	0.43408
V420	0.20409	0.04556	0.07823	0.232	0.44013
V421	0	0.03575	0.1239	0.27694	0.56341
V422	0	0.03397	0.00526	0.74928	0.2115
V423	0.23288	0.23291	0.21017	0.26073	0.06332
V424	0	0.0299	0.44372	0.20057	0.32582
V425	0.30602	0.38632	0	0.06824	0.23943
V426	0.18971	0.18905	0	0.48182	0.13942
V427	0.17505	0.67771	0.0829	0	0.06433
V428	0.07299	0.6745	0.01811	0.10147	0.13293
V429	0.09504	0.77597	0	0.03313	0.09586
V430	0	0.05539	0.35064	0.34101	0.25296
V431	0.08007	0.38971	0.13305	0.29507	0.1021
V432	0.24798	0.11528	0.06511	0.41674	0.15489
V433	0.14594	0.05197	0.4292	0.33139	0.0415
V434	0.19974	0.32217	0.30914	0.08698	0.08197
V435	0.55	0.0864	0.29492	0.06868	0
V436	0.04433	0.62007	0.051	0.0915	0.1931
V437	0.16559	0.06502	0	0.33533	0.43406
V438	0.09751	0.32826	0.13559	0.32977	0.10887
V439	0.59888	0.01751	0	0.33804	0.04557
V440	0	0.37454	0.47662	0.09635	0.0525
V441	0	0.57142	0.30977	0.07021	0.04859
V442	0.03184	0.91386	0	0	0.0543
V443	1	0	0	0	0
V444	0.12617	0.43159	0	0.33426	0.10798
V445	0.0373	0.41747	0	0.43777	0.10745
V446	0.07327	0.06872	0.05174	0.61747	0.18881
V447	0.03804	0.02555	0	0.57148	0.36492
V448	0.14768	0.0502	0.00195	0.23832	0.56185
V449	0	0.03911	0.84098	0.11992	0
V450	0.16378	0.13482	0.19296	0.26984	0.23859
V451	0.22793	0.23724	0.00063	0.38838	0.14581
V452	0	0.0223	0.1043	0.74488	0.12853
V453	0	0.01966	0	0.58355	0.39679
V454	0	0.03552	0.61046	0.18921	0.16481
V455	0.03684	0.25729	0.23582	0.18403	0.28602
V456	1	0	0	0	0
V457	0.68057	0.22199	0	0.0608	0.03664
V458	0	0.38416	0.42694	0.13513	0.05378
V459	0.10122	0.09716	0.00893	0.5553	0.23739
V460	0.68556	0.08906	0.11862	0.09998	0.00677
V461	0.15565	0.33848	0.18978	0.11696	0.19914
V462	0.02138	0.09608	0	0.58	0.30254
V463	0.15892	0.0678	0	0.66304	0.11023
V464	0.11521	0.22139	0.55799	0.10012	0.00529
V465	0.03009	0.13971	0.0041	0.23723	0.58886
V466	0.01448	0.0228	0	0.33258	0.63014
V467	0.02665	0.25737	0	0.55447	0.16151
V468	0.58643	0.36023	0.02592	0.00026	0.02716
V469	0	0.35204	0.01876	0.35088	0.27831
V470	0.87048	0.06448	0	0.06504	0
V471	0.34688	0.31383	0	0.18718	0.15211
V472	0	0.06924	0.03724	0.25353	0.63999
V473	5e-05	0.23794	0.1907	0.39071	0.18059
V474	0.24049	0.17304	0	0.47604	0.11043
V475	0.1192	0.07109	0.51905	0.17077	0.11989
V476	0.11181	0.07129	0.04342	0.63998	0.1335
V477	0.02407	0.92174	0	0	0.05419
V478	0.158	0.04193	0	0.22198	0.57809
V479	0.87293	0.07071	0	0.05637	0
V480	0.11143	0.67901	0	0.11005	0.09951
V481	0.20678	0.39902	0.00461	0.22916	0.16042
V482	0.08016	0.72663	0.12054	0.00246	0.07021
V483	0.27802	0.51871	0	0.10519	0.09809
V484	0.18395	0.53849	0.04902	0.14892	0.07961
V485	0.66166	0.12987	0.03126	0.1508	0.02641
V486	0.04048	0.1154	0.26683	0.19173	0.38556
V487	0.08569	0.164	0.32175	0.37394	0.05462
V488	0.35866	0.07302	0	0.39705	0.17127
V489	0	0.2411	0.56902	0.16912	0.02076
V490	0	0.03527	0.63147	0.31867	0.01459
V491	0.0211	0.49424	0.00934	0.17491	0.30041
V492	0	0.1508	0	0.71718	0.13202
V493	0	0	0	0.87068	0.12932
V494	0.264	0.01799	0	0.57985	0.13816
V495	0.27657	0.25887	0.14454	0.23157	0.08845
V496	0.11796	0.0767	0.03948	0.21968	0.54619
V497	0.07857	0.07378	0.1235	0.28875	0.4354
V498	0.04917	0.87026	0	0	0.08058
V499	0.01668	0.2537	0.22099	0.2052	0.30343
V500	0.08587	0.5042	0.05286	0.24301	0.11407
V501	0.06136	0.34648	0	0.15311	0.43905
V502	0.10218	0.81913	0	0.00157	0.07712
V503	0.39642	0.07785	0.14383	0.2386	0.1433
V504	0.46844	0.21766	0	0.07228	0.24162
V505	0.63231	0.02052	0	0.15578	0.1914
V506	0.01785	0.56018	0.02539	0.08968	0.3069
V507	0.88532	0.00342	0	0.10549	0.00577
V508	0	0.66764	0.14874	0.06819	0.11543
V509	0.03234	0.48036	0.08458	0.24333	0.15939
V510	0.39603	0.52308	0	0.03353	0.04736
V511	0.02269	0.34509	0.43882	0.12409	0.06931
V512	0.12564	0.48467	0.11683	0.10911	0.16376
V513	0.14066	0.7132	0.0084	0.04466	0.09308
V514	0	0.03055	0.21066	0.26136	0.49742
V515	0.02966	0.12118	0	0.73064	0.11852
V516	0.12655	0.38285	0.04794	0.35111	0.09155
V517	0	0.04953	0	0.82475	0.12572
V518	0.36208	0.07516	0.25302	0.26643	0.04331
V519	0.80968	0.05206	0	0.13337	0.00488
V520	0.04612	0.8544	0	0.0161	0.08338
V521	0.15537	0.04084	0.07159	0.63719	0.09502
V522	0.00425	0.23241	0.47855	0.23304	0.05175
V523	0.09505	0.09794	0.6504	0.1566	0
V524	0.29998	0.07553	0.50033	0.09426	0.02989
V525	0.00095	0.23953	0.01818	0.20526	0.53609
V526	0	0.07719	0.75567	0.158	0.00914
V527	0.04185	0.51676	0.32494	0.06157	0.05488
V528	0.09937	0.0109	0	0.77519	0.11454
V529	0.16251	0.07627	0.65131	0.1099	0
V530	0	0.05662	0.75471	0.18499	0.00368
V531	0.15391	0.55157	0.03608	0.06828	0.19017
V532	0.03945	0.29339	0.25225	0.13726	0.27765
V533	0.25013	0.03602	0	0.19534	0.51851
V534	0.07585	0.06659	0	0.72721	0.13035
V535	0.87643	0.12357	0	0	0
V536	0.0915	0.21736	0.32298	0.1638	0.20437
V537	0.00514	0.06242	0.01077	0.2557	0.66597
V538	0.63636	0.11405	0	0.07749	0.1721
V539	0	0.17337	0.55071	0.21524	0.06067
V540	0.14539	0.50088	0.03654	0.11063	0.20656
V541	0.02508	0.4304	0	0.14256	0.40197
V542	0.01011	0.35278	0.06076	0.4483	0.12805
V543	0.01945	0.14823	0.5895	0.17193	0.0709
V544	0.29834	0.24232	0.12308	0.15733	0.17892
V545	0.6557	0.3443	0	0	0
V546	0.04373	0.82054	0.02309	0	0.11264
V547	0.06559	0.76924	0	0.06652	0.09865
V548	0	0.04514	0	0.82596	0.1289
V549	0	0.03368	0.01332	0.37646	0.57654
V550	0.01649	0.88451	0.02645	0	0.07255
V551	0	0	0	0.87616	0.12384
V552	0.19936	0.05881	0	0.23456	0.50728
V553	0.79125	0.01115	0	0.16434	0.03326
V554	0.06054	0.09133	0.39527	0.40143	0.05143
V555	0.02292	0.90389	0	0	0.07319
V556	0.03949	0.08454	0.00522	0.7262	0.14455
V557	0.25519	0.26472	0	0.36696	0.11314
V558	0	0.04669	0.66241	0.27195	0.01895
V559	0.05817	0.45882	0.37016	0.06171	0.05115
V560	0.6651	0.29124	0.04367	0	0
V561	0.74028	0.04363	0.06646	0.06444	0.0852
V562	0.09916	0.09595	0.12791	0.26856	0.40842
V563	0.17424	0.29443	0.14681	0.20637	0.17815
V564	0.294	0.07614	0.0026	0.42559	0.20166
V565	0	0.03786	0.01174	0.29052	0.65989
V566	0.24836	0.16483	0	0.38795	0.19886
V567	0	0.03921	0.83567	0.12513	0
V568	0	0.24616	0.33752	0.36288	0.05343
V569	0.62523	0.14779	0.02837	0.15562	0.04299
V570	0.08884	0.06356	0.21347	0.51999	0.11413
V571	0.2026	0.05977	0.17032	0.42742	0.13989
V572	0.90699	0	0	0.01429	0.07871
V573	0.0383	0.10366	0.26713	0.45744	0.13347
V574	0.51297	0.33541	0	0.10473	0.0469
V575	0.32688	0.08458	0.07921	0.18814	0.3212
V576	0.02286	0.87053	0	0	0.10661
V577	0.39363	0.517	0	0.04086	0.0485
V578	0	0.18541	0.42154	0.32091	0.07214
V579	0	0.537	0.25152	0.08776	0.12372
V580	0.17825	0.52408	0	0.19929	0.09838
V581	0.01139	0.51347	0.29515	0.12764	0.05236
V582	0	0.07026	0.80472	0.12502	0
V583	0.62531	0.05834	0.27366	0.04268	0
V584	0.19034	0.53462	0.04753	0.07575	0.15176
V585	0.02344	0.80232	0.00739	0.04734	0.1195
V586	0.00561	0.82149	0.0994	0.00251	0.07098
V587	0.03989	0.68865	0	0.04758	0.22389
V588	0.19054	0.43883	0.30207	0.03474	0.03382
V589	0.07107	0.41477	0	0.40652	0.10763
V590	0.03189	0.78147	0	0.00499	0.18164
V591	0.46334	0.51468	0	0	0.02198
V592	0	0.03096	0.67504	0.18903	0.10497
V593	0.35512	0.01097	0	0.52211	0.1118
V594	0	0.14645	0.54518	0.25712	0.05124
V595	0.4833	0.08953	0	0.35027	0.0769
V596	0.42109	0.23583	0.13508	0.16297	0.04504
V597	0.00996	0.21655	0	0.27465	0.49884
V598	0.60744	0.01042	0	0.08671	0.29543
V599	0.04747	0.41603	0.03799	0.39003	0.10848
V600	0.2177	0.06694	0.12172	0.45295	0.14069
V601	0.10136	0.1063	0	0.53408	0.25826
V602	0.87828	0.12172	0	0	0
V603	0.10864	0.17925	0.00054	0.28565	0.42592
V604	0	0.04981	0.61265	0.24527	0.09227
V605	0.00806	0.10125	0.11566	0.27156	0.50347
V606	0.9042	0	0	0.01233	0.08346
V607	0.14496	0.15092	0	0.2023	0.50182
V608	0.76989	0.03461	0	0.11763	0.07787
V609	0.14913	0.30068	0	0.41102	0.13917
V610	0.05999	0.642	0	0.2073	0.0907
V611	0.22453	0.07406	0.54102	0.1291	0.03128
V612	0.33704	0.10467	0.2599	0.12852	0.16987
V613	0.39432	0.55586	0	0.00856	0.04126
V614	0.52079	0.0568	0	0.16173	0.26068
V615	0	0.10619	0.08525	0.61454	0.19402
V616	0.65911	0.05205	0.07193	0.18417	0.03275
V617	0.17636	0.11854	0.38697	0.20876	0.10936
V618	0.7473	0.13633	0	0.04099	0.07538
V619	0.54063	0.09927	0.09505	0.08748	0.17757
V620	0	0.0633	0.27562	0.58069	0.08039
V621	0.10913	0.25756	0.24632	0.13355	0.25344
V622	0	0.23506	0.30254	0.16519	0.2972
V623	0.0279	0.01316	0	0.72892	0.23001
V624	0.97867	0	0	0.00253	0.0188
V625	0	0.07536	0.04048	0.76997	0.11419
V626	0.02596	0.07186	0.45792	0.39441	0.04985
V627	0.08724	0.19202	0.09292	0.19899	0.42883
V628	1	0	0	0	0
V629	0.07552	0.27402	0.53453	0.10429	0.01164
V630	0	0.22034	0.00972	0.21875	0.55119
V631	0	0.03531	0.25415	0.23577	0.47477
V632	0.03149	0.76855	0	0.02942	0.17054
V633	0.02452	0.03685	0.05493	0.6054	0.2783
V634	0.40058	0.4934	0.07311	0.0054	0.02752
V635	0.01876	0.14226	0.16611	0.21418	0.45869
V636	0.15078	0.20781	0.23911	0.27947	0.12283
V637	0.1601	0.06493	0.33184	0.35131	0.09182
V638	0.06745	0.47548	0	0.15686	0.30021
V639	0.54793	0.44466	0	0	0.00741
V640	0.08475	0.21577	0.04541	0.34074	0.31333
V641	0.07323	0.71544	0	0.11252	0.09881
V642	0.73935	0.02116	0	0.2253	0.01419
V643	0.02824	0.89607	0	0	0.0757
V644	0.01864	0.42403	0	0.43764	0.11969
V645	0.13145	0.73996	0	0.05047	0.07812
V646	0.112	0.52617	0	0.23488	0.12695
V647	1	0	0	0	0
V648	0.38949	0.11713	0	0.32639	0.167
V649	0.23153	0.14178	0.03715	0.24872	0.34082
V650	0	0.01919	0.00442	0.8536	0.12278
V651	0.09688	0.19552	0	0.59992	0.10768
V652	0.29619	0.03455	0	0.57235	0.0969
V653	0.28021	0.05547	0	0.55337	0.11095
V654	0.01791	0.11063	0	0.2751	0.59636
V655	0.10614	0.09784	0.22465	0.49973	0.07164
V656	0.09503	0.04036	0	0.30163	0.56297
V657	0.01609	0.49087	0	0.33397	0.15906
V658	0	0.05583	0	0.66879	0.27537
V659	0	0.04307	0.02562	0.77954	0.15177
V660	0.05284	0.35932	0	0.16801	0.41983
V661	0.02486	0.65125	0	0.17346	0.15042
V662	0.02835	0.46183	0	0.11006	0.39976
V663	1	0	0	0	0
V664	0	0.02535	0.09104	0.52358	0.36003
V665	0	0.65541	0.14586	0.10541	0.09332
V666	0.06675	0.87087	0	0	0.06238
V667	0.00104	0.57182	0.19456	0.14119	0.09139
V668	0.64912	0.26453	0	0.05789	0.02846
V669	0.44011	0.32845	0	0.116	0.11543
V670	0.07946	0.65256	0	0.06535	0.20263
V671	0.79772	0.05763	0.10845	0.03619	0
V672	0.06628	0.10725	0.05719	0.42598	0.3433
V673	0	0.04957	0	0.32635	0.62408
V674	0.3325	0.14107	0.44015	0.0723	0.01398
V675	0.68966	0.0216	0	0.19605	0.09269
V676	0.21397	0.15	0.43072	0.10784	0.09747
V677	0.00932	0.29063	0.16105	0.42009	0.1189
V678	0.03959	0.33697	0	0.1758	0.44764
V679	0	0.04008	0.36374	0.53501	0.06116
V680	0.13308	0.03548	0	0.47046	0.36098
V681	0.47982	0.06448	0	0.34395	0.11174
V682	0	0.03911	0.84098	0.11992	0
V683	0.02234	0.226	0.55748	0.11138	0.08279
V684	0.00792	0.00826	0	0.85607	0.12775
V685	0	0.05191	0.72061	0.22747	0
V686	0.25573	0.65323	0	0.01832	0.07272
V687	0	0.02617	0.47807	0.44857	0.04719
V688	0	0.04003	0.81899	0.14099	0
V689	0.4606	0.11452	0.12812	0.18222	0.11454
V690	0.07592	0.84738	0	0	0.07669
V691	0.0962	0.15793	0	0.62105	0.12481
V692	0.02508	0.03477	0	0.7653	0.17486
V693	0	0.52288	0.35613	0.07856	0.04243
V694	0.05272	0.21016	0	0.58881	0.1483
V695	0.10342	0.15428	0.11956	0.19859	0.42415
V696	0.07485	0.04752	0.66361	0.14769	0.06633
V697	0.06232	0.14549	0.24671	0.41582	0.12966
V698	0	0.05177	0.1667	0.24336	0.53816
V699	0.00125	0.04427	0.00779	0.70572	0.24096
V700	0.03777	0.84486	0.01205	0	0.10531
V701	0.00073	0.2203	0.00198	0.21351	0.56347
V702	0	0.11437	0	0.6814	0.20424
V703	0	0.01401	0	0.85585	0.13014
V704	0.01466	0.09581	0.35173	0.2032	0.33461
V705	1	0	0	0	0
V706	0.11398	0.178	0.10005	0.47742	0.13055
V707	0.11251	0.15906	0.0337	0.38242	0.3123
V708	0	0.61169	0.30727	0.03878	0.04226
V709	0	0.04936	0.02949	0.25807	0.66309
V710	0.09439	0.06918	0.4291	0.16561	0.24173
V711	0.04407	0.03503	0.01541	0.26799	0.63749
V712	0.01151	0.06258	0.60556	0.2982	0.02215
V713	0.2136	0.45672	0.25012	0.04512	0.03445
V714	0.03705	0.03769	0	0.25696	0.66831
V715	0	0.29278	0.50002	0.18103	0.02617
V716	0.76052	0.18871	0	0.03492	0.01585
V717	0.36598	0.22068	0.06629	0.11968	0.22737
V718	0.69621	0.05059	0.20261	0.04663	0.00395
V719	0.36203	0.28889	0.03826	0.17465	0.13618
V720	0.10219	0.08571	0.07279	0.24255	0.49676
V721	0.01195	0.04306	0.04492	0.27107	0.629
V722	0	0.25798	0.01306	0.52386	0.20511
V723	0.07376	0.2421	0.05534	0.521	0.1078
V724	0.10008	0.66179	0	0.15197	0.08616
V725	0.01456	0.04235	0.0035	0.26202	0.67757
V726	0.19559	0.52547	0	0.10188	0.17706
V727	0	0.04515	0.81473	0.14012	0
V728	0.81142	0.07718	0.03116	0.08023	0
V729	0.5928	0.1242	0	0.24621	0.03679
V730	0.07475	0.06879	0.29969	0.46177	0.095
V731	0	0.02846	0.00477	0.8466	0.12017
V732	0	0	0	0.87608	0.12392
V733	0	0.07439	0.79859	0.12701	0
V734	0.48832	0.13012	0.29047	0.08761	0.00348
V735	0.0492	0.19211	0.18497	0.19514	0.37858
V736	0	0.08007	0.00178	0.25282	0.66532
V737	1	0	0	0	0
V738	0.01757	0.47477	0	0.11463	0.39303
V739	0	0	0	0.87374	0.12626
V740	0.18934	0.12923	0.07665	0.19207	0.4127
V741	0.45823	0.02918	0	0.36686	0.14573
V742	0.03405	0.06932	0.45202	0.30553	0.13908
V743	0.01109	0.08904	0.06487	0.30781	0.52719
V744	0.14526	0.10351	0.10468	0.53917	0.10739
V745	0.11397	0.05539	0	0.71791	0.11273
V746	0.35013	0.57724	0	0	0.07263
V747	0	0.07402	0.78381	0.14206	0.00011
V748	0.13021	0.24537	0.22144	0.18158	0.2214
V749	0.14525	0.13998	0.06472	0.48262	0.16744
V750	0.78963	0.19135	0	0.01903	0
V751	0	0.40021	0.48296	0.09167	0.02516
V752	0.00874	0.17098	0.01295	0.22444	0.58289
V753	0.53661	0.10556	0.17589	0.09536	0.08657
V754	0.07932	0.3081	0	0.50492	0.10765
V755	0.21509	0.73004	0	0	0.05487
V756	0.0069	0.14847	0.01237	0.26463	0.56763
V757	0.1243	0.03712	0.03794	0.6948	0.10583
V758	0.03914	0.40841	0	0.44713	0.10532
V759	0.07242	0.07545	0.08875	0.22371	0.53968
V760	0.04781	0.07258	0.17052	0.3923	0.31679
V761	0.00688	0.29976	0.59003	0.09331	0.01001
V762	0	0.06742	0.1332	0.50276	0.29661
V763	0.01481	0.2984	0	0.17496	0.51183
V764	0.06885	0.09665	0.02731	0.69187	0.11532
V765	0.12492	0.07363	0.5631	0.17489	0.06346
V766	0.04832	0.50646	0.18327	0.11335	0.14859
V767	0.24164	0.51459	0.00051	0.08905	0.1542
V768	0.03729	0.85854	0	0.01729	0.08688
V769	0.79302	0.06926	0.10254	0.03041	0.00478
V770	0.25608	0.05809	0.42059	0.24876	0.01647
V771	0.04854	0.71982	0	0.08552	0.14612
V772	0	0.07261	0.8065	0.12089	0
V773	0.01347	0.02909	0	0.37536	0.58208
V774	0.12272	0.04975	0.47715	0.15381	0.19657
V775	0.97697	0	0	0.02303	0
V776	0.33285	0.46477	0.08734	0.0532	0.06184
V777	0.17303	0.40738	0.17263	0.16127	0.08568
V778	0.49702	0.0727	0	0.26995	0.16033
V779	0.02283	0.4489	0.4205	0.0712	0.03658
V780	0	0.03824	0.83407	0.12769	0
V781	0.1545	0.34421	0.1264	0.11236	0.26253
V782	0.21472	0.27013	0	0.13733	0.37782
V783	0	0.02921	0.56295	0.19919	0.20865
V784	0.01481	0.60145	0	0.24207	0.14166
V785	0.72503	0.12585	0	0.10432	0.04479
V786	0.11986	0.20136	0	0.56094	0.11784
V787	0.11539	0.57353	0	0.18489	0.12619
V788	0.36165	0.46817	0.00298	0.03152	0.13568
V789	0	0.16586	0	0.48699	0.34714
V790	0.24868	0.27339	0.00889	0.21212	0.25692
V791	0.15105	0.25308	0.02712	0.29271	0.27604
V792	1	0	0	0	0
V793	0.29407	0.31094	0	0.17231	0.22267
V794	0	0.05501	0.08923	0.36548	0.49028
V795	0.10434	0.82476	0	0	0.0709
V796	0.25609	0.44403	0.03816	0.176	0.08573
V797	0.12755	0.02553	0	0.24635	0.60056
V798	0.11904	0.50563	0	0.13408	0.24125
V799	0	0.18493	0	0.66901	0.14606
V800	0.01409	0.05007	0.00451	0.33818	0.59315
V801	0.31632	0.06134	0.05205	0.47974	0.09055
V802	0.02133	0.23914	0	0.2019	0.53762
V803	0.23912	0.03904	0	0.60978	0.11206
V804	0.15367	0.19562	0.13318	0.41513	0.1024
V805	0.10515	0.17505	0.35147	0.27078	0.09755
V806	0.4454	0.07654	0.13739	0.16404	0.17663
V807	0.74918	0.04176	0	0.10257	0.10648
V808	0.90032	0.03348	0	0.01774	0.04846
V809	0.17503	0.61447	0	0.05057	0.15993
V810	0.00178	0.09206	0.00836	0.55902	0.33878
V811	0.0362	0.13878	0.00653	0.29662	0.52186
V812	0	0.68184	0.12998	0.09752	0.09066
V813	0.01129	0.25201	0.18957	0.16254	0.3846
V814	0.16991	0.5692	0.00073	0.16618	0.09397
V815	0.20202	0.68451	0	0.03759	0.07588
V816	0.00432	0.49322	0	0.38521	0.11725
V817	0.84466	0.09431	0.05393	0.0071	0
V818	0.01118	0.24056	0.30307	0.18015	0.26504
V819	1	0	0	0	0
V820	0.04173	0.37582	0.0668	0.40824	0.1074
V821	0	0.0357	0	0.26742	0.69689
V822	0.13118	0.02344	0	0.7358	0.10957
V823	0.02524	0.12292	0.20421	0.20094	0.44669
V824	0.0565	0.07482	0.0123	0.23992	0.61647
V825	0.09619	0.05341	0.55291	0.28683	0.01067
V826	0	0.05682	0.80142	0.14176	0
V827	0.29316	0.1475	0	0.41411	0.14523
V828	0.21508	0.19129	0.06453	0.19783	0.33128
V829	0.05817	0.12379	0.2514	0.31449	0.25214
V830	0.10066	0.0643	0.60543	0.15671	0.0729
V831	0.01211	0.75376	0	0.13345	0.10068
V832	0.17688	0.04215	0.03374	0.39075	0.35647
V833	0.16366	0.75283	0	0	0.08351
V834	0.76975	0.16071	0	0.03011	0.03942
V835	0.2101	0.31848	0.02789	0.31221	0.13132
V836	0.32505	0.11988	0.36961	0.17434	0.01112
V837	0.01955	0.83069	0	0.01824	0.13151
V838	0	0.00932	0.02263	0.8443	0.12374
V839	0.02319	0.07307	0.06964	0.24143	0.59267
V840	1	0	0	0	0
V841	0.17204	0.06479	0.65997	0.1032	0
V842	0.49192	0.1024	0.12561	0.24481	0.03527
V843	0.4291	0.06893	0.09181	0.18344	0.22672
V844	0	0.19498	0.65685	0.13384	0.01433
V845	0	0.00732	0	0.68774	0.30494
V846	0.09214	0.08473	0.08048	0.26292	0.47973
V847	0.18465	0.05092	0.02382	0.30592	0.43469
V848	0.75405	0.02937	0	0.12308	0.09349
V849	0.08834	0.09763	0.6222	0.13398	0.05785
V850	0.16838	0.08633	0.23116	0.29151	0.22262
V851	1	0	0	0	0
V852	0.20657	0.10741	0.04004	0.31497	0.33101
V853	0	0.16207	0.51337	0.25113	0.07343
V854	0.02043	0.37413	0.19758	0.181	0.22686
V855	0.08195	0.40151	0.03732	0.34252	0.13671
V856	0.14686	0.42905	0.01051	0.09816	0.31542
V857	0.04868	0.0761	0.12498	0.51034	0.2399
V858	0.00046	0.36512	0.14365	0.28595	0.20482
V859	0.08337	0.02971	0	0.75227	0.13464
V860	0.00681	0.1687	0.01645	0.66039	0.14766
V861	0.09613	0.06094	0.0682	0.67227	0.10246
V862	0.05284	0.04278	0.01092	0.31519	0.57828
V863	0.02173	0.89884	0	0	0.07943
V864	0	0.04384	0.76892	0.18724	0
V865	0.03319	0.05183	0.53813	0.35402	0.02283
V866	0	0.08505	0.53537	0.34031	0.03928
V867	0.59491	0.03977	0	0.08063	0.28469
V868	0.17942	0.26503	0.31977	0.18742	0.04835
V869	0.00298	0.0322	0.02148	0.27111	0.67222
V870	0.23114	0.21044	0.02421	0.32836	0.20585
V871	0.01971	0.0899	0.08904	0.29748	0.50386
V872	0.32631	0.05242	0	0.50819	0.11308
V873	0.02762	0.33874	0.09721	0.40857	0.12787
V874	0.07773	0.08959	0	0.23656	0.59613
V875	0	0.18805	0	0.54615	0.2658
V876	0.46658	0.12347	0	0.1183	0.29165
V877	0.20152	0.63349	0	0.08368	0.08131
V878	0.01144	0.69598	0	0.19589	0.09669
V879	0.97748	0.02252	0	0	0
V880	0.05304	0.1102	0	0.52201	0.31475
V881	0	0.03304	0.48612	0.19144	0.2894
V882	0.0202	0.45511	0	0.42751	0.09719
V883	0.47711	0.18572	0	0.21694	0.12023
V884	0	0.02584	0	0.27668	0.69748
V885	0.12557	0.11511	0.32192	0.25067	0.18674
V886	0	0.02115	0.01903	0.42114	0.53868
V887	0.06902	0.85155	0	0	0.07943
V888	0.02411	0.13062	0.00719	0.6899	0.14817
V889	0.09321	0.82131	0	0	0.08548
V890	0	0.0432	0.09293	0.68938	0.17449
V891	0	0.07157	0.79425	0.13418	0
V892	0.61516	0.24878	0	0.0265	0.10956
V893	0.10183	0.2216	0.43194	0.17805	0.06657
V894	0.08047	0.53156	0	0.27222	0.11575
V895	0.70207	0.05034	0.20698	0.04061	0
V896	0.16006	0.2522	0.16419	0.35313	0.07042
V897	0	0.00783	0	0.79544	0.19672
V898	0.37458	0.04193	0	0.16915	0.41434
V899	0.59897	0.36719	8e-05	0	0.03375
V900	0.20288	0.27028	0.20266	0.2584	0.06578
V901	0.67018	0.04464	0	0.21009	0.07509
V902	0.89791	0.0522	0	0.03808	0.01181
V903	0.22225	0.11646	0.00834	0.53916	0.11379
V904	0.76986	0.15901	0.07052	0.00061	0
V905	0.00482	0.33182	0.02498	0.39525	0.24313
V906	0.11509	0.0915	0.39597	0.21945	0.17798
V907	0.72989	0.1522	0	0.08314	0.03477
V908	0.00039	0.34529	0	0.51309	0.14123
V909	0	0.10784	0	0.72458	0.16759
V910	0.68796	0.16902	0	0.07815	0.06487
V911	0.00257	0.2911	0.46222	0.1149	0.12921
V912	0.01424	0.06279	0.14462	0.27767	0.50067
V913	0.09881	0.0615	0.01826	0.68081	0.14062
V914	0.78037	0.03298	0	0.14712	0.03953
V915	0.17922	0.22554	0.01919	0.16338	0.41266
V916	0.83036	0.07802	0.02805	0.03575	0.02782
V917	0.44195	0.05854	0	0.13243	0.36709
V918	0.59037	0.18812	0.14371	0.06503	0.01276
V919	0.37925	0.1711	0	0.3184	0.13124
V920	0.13486	0.04731	0.05571	0.66197	0.10016
V921	0.17584	0.22899	0.08054	0.14884	0.36578
V922	0	0.04857	0.63504	0.15943	0.15695
V923	0.13903	0.48375	0	0.11787	0.25935
V924	0.47819	0.10484	0	0.29189	0.12508
V925	0.10205	0.15601	0.39142	0.26946	0.08106
V926	0.00571	0.06211	0.00189	0.26368	0.66661
V927	0.52551	0.298	0.03167	0.10862	0.03619
V928	0.09097	0.28913	0.16267	0.27131	0.18592
V929	0.04799	0.29407	0	0.16744	0.4905
V930	0.06264	0.04684	0.05651	0.24202	0.59198
V931	0.47379	0.15866	0	0.12343	0.24411
V932	0.02948	0.14265	0.01735	0.44183	0.3687
V933	0.26134	0.04754	0.00338	0.39829	0.28944
V934	0.69056	0.10831	0.18619	0.01494	0
V935	0.58113	0.15952	0.05439	0.11068	0.09429
V936	0.25311	0.1139	0.04961	0.48029	0.10309
V937	0.11052	0.72328	0.03659	0.03757	0.09205
V938	0.05883	0.87988	0	0	0.0613
V939	0	0.01697	0	0.48927	0.49376
V940	0.56455	0.1384	0.01295	0.1222	0.16191
V941	0	0.14482	0.08057	0.53765	0.23696
V942	0.78564	0.21436	0	0	0
V943	0.03695	0.14106	0.04587	0.22365	0.55247
V944	0.28091	0.07764	0.04511	0.50926	0.08707
V945	0.00502	0.29866	0.50803	0.13352	0.05477
V946	0	0.5077	0.40155	0.05658	0.03417
V947	0.35741	0.06864	0	0.24486	0.32909
V948	0.05368	0.71178	0	0.11132	0.12322
V949	0.92838	0.07162	0	0	0
V950	0.01891	0.02883	0	0.8295	0.12276
V951	0.25828	0.02679	0	0.54861	0.16632
V952	0.09293	0.06605	0	0.66279	0.17823
V953	0.43338	0.08763	0	0.3893	0.08969
V954	0.21321	0.55644	0.00102	0.09457	0.13475
V955	0.02494	0.04946	0.45733	0.42677	0.04149
V956	0.00864	0.47733	0.03894	0.37036	0.10473
V957	0.08311	0.77214	0	0.05533	0.08942
V958	0.02977	0.84274	0	0.01546	0.11203
V959	0.02502	0.0501	0.71171	0.19819	0.01498
V960	0.50235	0.11467	0.0766	0.17728	0.12909
V961	0.03349	0.86003	0	0	0.10647
V962	0.17383	0.12854	0	0.22675	0.47087
V963	0	0.03559	0.33938	0.5476	0.07743
V964	0	0.04515	0.81473	0.14012	0
V965	0	0.01698	0.35575	0.53719	0.09008
V966	0	0.03553	0.4435	0.25949	0.26148
V967	0.33223	0.50512	0	0.0174	0.14525
V968	0.02974	0.89918	0	0	0.07108
V969	0.09799	0.50869	0.08013	0.17043	0.14276
V970	0.12103	0.41238	0.37549	0.05121	0.0399
V971	0.74398	0.1142	0.09161	0.05021	0
V972	0.0567	0.83799	0	0.01667	0.08864
V973	0	0.05945	0.47552	0.36184	0.10318
V974	0.00731	0.72733	0.04474	0.10938	0.11124
V975	0.02328	0.91312	0	0	0.0636
V976	0.00538	0.03438	0	0.3105	0.64974
V977	0	0.16706	0.12535	0.29556	0.41202
V978	0.32688	0.19422	0.14412	0.21315	0.12164
V979	0.96	0.04	0	0	0
V980	0.28019	0.15081	0.07254	0.24114	0.25533
V981	0.05519	0.09302	0.04687	0.24	0.56492
V982	0.3582	0.45797	0.05339	0.04681	0.08363
V983	0.66945	0.21455	0	0.01875	0.09724
V984	0.1136	0.08162	0.05268	0.60895	0.14314
V985	0	0.09617	0.03038	0.76023	0.11322
V986	0.5054	0.15765	0.28866	0.04504	0.00326
V987	0	0.2278	0.59049	0.16403	0.01769
V988	0.02921	0.09066	0.42753	0.39168	0.06092
V989	0.00671	0.07668	0	0.25743	0.65918
V990	0.09277	0.375	0	0.20634	0.3259
V991	0.0332	0.1318	0.08914	0.2278	0.51807
V992	0.91479	0.08521	0	0	0
V993	0	0.04366	0.49494	0.30062	0.16078
V994	0.01922	0.89769	0	0	0.08309
V995	0	0.13389	0.50917	0.24149	0.11545
V996	0	0.02222	0.04659	0.65609	0.2751
V997	0.20669	0.12396	0.11956	0.17451	0.37529
V998	0	0.03652	0	0.81189	0.15159
V999	0.07549	0.0678	0.06092	0.59684	0.19895
V1000	0	0.02906	0.83232	0.13862	0
