Neutrophils	Monocytes_CD14.CD16.	Macrophage	T_cells_.CD4..	NK_cells
V1	0.35559	0.10541	0.24396	0.12761	0.16743
V2	0.03792	0.79885	0.04499	0.03756	0.08067
V3	0.08118	0	0.4138	0.44307	0.06196
V4	0.01801	0	0.22687	0.03841	0.71671
V5	0.0212	0	0.04754	0.08499	0.84627
V6	0.36759	0	0.26137	0.22873	0.14231
V7	0.0157	0.01474	0.41524	0.06328	0.49104
V8	0.01426	0.02085	0.83964	0.05982	0.06543
V9	0.07216	0	0.23154	0.63997	0.05633
V10	0.49065	0.00902	0.43928	0	0.06104
V11	0.04476	0	0.09395	0.04954	0.81176
V12	0.09589	0	0.20506	0.31079	0.38827
V13	0.15281	0.01462	0.02879	0.43317	0.37061
V14	0.17387	0	0.05477	0.64965	0.12171
V15	0.0473	0	0	0.86752	0.08519
V16	0.58354	0.0495	0.00596	0.31547	0.04554
V17	0.071	0.24008	0.00741	0.04234	0.63918
V18	0.08559	0.41395	0.24102	0.20555	0.05389
V19	0.03744	0	0	0.0989	0.86366
V20	0.00734	0	0.69317	0.229	0.0705
V21	0.02538	0.24912	0.12226	0.15751	0.44573
V22	0.81699	0.06867	0.05668	0	0.05766
V23	0.09158	0	0.01162	0.12357	0.77324
V24	0.48285	0.10145	0.01241	0.02435	0.37893
V25	0.04241	0	0.00689	0.43399	0.51671
V26	0.49729	0.19056	0.05315	0.01896	0.24004
V27	0.11624	0.50353	0.17098	0	0.20925
V28	0.04884	0.04514	0.18324	0.64089	0.08189
V29	0.01909	0	0.29722	0.61466	0.06902
V30	0.75338	0.09327	0.02132	0	0.13203
V31	0.44225	0.12272	0.00505	0.22498	0.20501
V32	0.9158	0	0.00143	0	0.08278
V33	0.0294	0.18686	0.00794	0.10555	0.67024
V34	0.09629	0.85394	0.00241	0	0.04737
V35	0.08186	0.62831	0.23774	0.00654	0.04554
V36	0.03387	0.15922	0.16007	0.07963	0.56722
V37	0.75262	0	0	0	0.24738
V38	0.1422	0.00123	0.46404	0.20249	0.19005
V39	0.35774	0.00784	0.32081	0	0.3136
V40	0.21322	0.61956	0.01193	0.08431	0.07098
V41	0.02957	0.85233	0.00907	0	0.10903
V42	0.86767	0.0238	0.01474	0	0.09378
V43	0.50855	0.11042	0.33165	0	0.04939
V44	0.02997	0.28513	0.53117	0	0.15373
V45	0.02685	0.68031	0.08489	0.12593	0.08202
V46	0.09583	0.77726	0.05965	0.0089	0.05836
V47	0.00115	0.02532	0.89378	0	0.07975
V48	0.18461	0.10267	0.20781	0.33925	0.16565
V49	0.4886	0.12469	0.21252	0.12533	0.04885
V50	0.02352	0.04187	0.86781	0	0.0668
V51	0.11042	0.2549	0.18814	0.04968	0.39686
V52	0.03205	0.91361	0.00385	0	0.05049
V53	0.04591	0.1457	0.00178	0.74141	0.06521
V54	0.23228	0	0	0.55501	0.21271
V55	0.09176	0	0	0.83822	0.07002
V56	0.08832	0	0	0.75464	0.15704
V57	0.16993	0.11358	0.54818	0.00424	0.16407
V58	0.0804	0	0.1201	0.20167	0.59783
V59	0.86737	0.0065	0.07958	0	0.04655
V60	0.44486	0.18594	0.11503	0.11043	0.14375
V61	0.21427	0	0.01473	0.22176	0.54925
V62	0.07288	0	0.29095	0.13295	0.50322
V63	0.41394	0.24785	0.05418	0.01422	0.2698
V64	0.9214	0.01122	0.01687	0	0.05052
V65	0.10665	0.04746	0.02975	0.63656	0.17958
V66	0.04477	0	0.11146	0.77382	0.06996
V67	0.01591	0	0.32843	0.09001	0.56565
V68	0.49476	0	0.37778	0.0108	0.11666
V69	0.61775	0.09907	0.18681	0	0.09637
V70	0.04836	0.71593	0.03643	0.1391	0.06018
V71	0.07698	0.79183	0.03695	0.04195	0.05229
V72	0.03845	0.40386	0.01772	0.02096	0.51901
V73	0.07516	0	0.08418	0.59251	0.24814
V74	0.03644	0.03246	0.00221	0.79427	0.13462
V75	0.48776	0.17013	0.28816	0	0.05396
V76	0.03112	0	0.00749	0.839	0.12239
V77	0.02453	0.01459	0.87176	0.02194	0.06719
V78	0.00134	0.03303	0.88712	0	0.0785
V79	0.08095	0.39931	0.03287	0.13319	0.35367
V80	0.10891	0.74275	0	0.032	0.11634
V81	0.01277	0.02546	0.89151	0	0.07026
V82	0.25064	0.132	0.02104	0.5379	0.05842
V83	0.11864	0.04714	0.01345	0.56197	0.25881
V84	0.10517	0.15017	0	0.04832	0.69634
V85	0.00187	0.02655	0.89882	0	0.07276
V86	0.03267	0.23398	0.28081	0.39173	0.06081
V87	0.47227	0	0.03071	0.43771	0.05932
V88	0.33087	0.13715	0.0451	0.19248	0.29441
V89	0.04803	0.1033	0.77111	0.01775	0.05981
V90	0.02761	0.1655	0.04967	0.1028	0.65442
V91	0.02896	0	0.06354	0.83735	0.07015
V92	0.26708	0.0045	0.02014	0.04768	0.66061
V93	0.02893	0.05498	0.14858	0.5384	0.22911
V94	0.05109	0.15003	0.01461	0.24929	0.53498
V95	0.07098	0.21804	0.01486	0.10367	0.59245
V96	0.81247	0	0.01842	0.00078	0.16833
V97	0.18513	0	0.03571	0.11788	0.66128
V98	0.05497	0.37016	0.16929	0.11724	0.28833
V99	0.52749	0.11065	0	0.21115	0.1507
V100	0.55671	0.14421	0.04405	0.03373	0.2213
V101	0.04029	0.90068	0.01021	0	0.04882
V102	0.32826	0.22365	0.12687	0.09472	0.2265
V103	0.13945	0	0	0.04838	0.81217
V104	0.0462	0.41321	0.07601	0.02065	0.44393
V105	0.02391	0	0.03138	0.09614	0.84857
V106	0.03334	0.76326	0.13157	0	0.07183
V107	0.05064	0.21698	0.64448	0.02593	0.06196
V108	0.01497	0.1818	0.74339	0	0.05984
V109	0.07109	0.19692	0.04777	0.28677	0.39745
V110	0.17265	0.5059	0.17079	0.09366	0.05699
V111	0.29465	0.21601	0.44536	0	0.04398
V112	0.1964	0	0.08847	0.48261	0.23252
V113	0.25836	0	0.0896	0.15274	0.49931
V114	0.59833	0.04828	0.04273	0.16253	0.14814
V115	0.86514	0	0	0	0.13486
V116	0.02646	0	0	0.06692	0.90662
V117	0.0589	0.00762	0.78399	0.06722	0.08226
V118	0.06206	0	0	0.84912	0.08882
V119	0.35507	0	0.36817	0.23172	0.04505
V120	0.01533	0	0.78878	0.10112	0.09477
V121	0.17458	0.72693	0	0	0.09849
V122	0.03806	0.38164	0.07616	0.23436	0.26978
V123	0.52605	0.00687	0.06819	0.18605	0.21284
V124	0.2359	0.08156	0.05382	0.23064	0.39808
V125	0.03275	0.45315	0.45746	0	0.05665
V126	0.17139	0.16305	0.20891	0.11209	0.34457
V127	0.30159	0	0.61782	0.02565	0.05494
V128	0.18039	0.75659	0.0068	0	0.05622
V129	0.29772	0.00241	0.25835	0.17352	0.26799
V130	0.02973	0.50389	0.03498	0.22139	0.21001
V131	0.03309	0	0.20288	0.7025	0.06153
V132	0.37195	0	0	0.34279	0.28526
V133	0.01229	0.03395	0.53986	0.08572	0.32817
V134	0.0818	0.01567	0.76017	0.00432	0.13804
V135	0.02713	0.0938	0.70512	0.00874	0.16521
V136	0.94015	0.00067	0.0047	0	0.05447
V137	0.9029	0.02059	0.0029	0.0022	0.0714
V138	0.27065	0.11705	0.07146	0.13596	0.40488
V139	0.13554	0	0.13304	0.67124	0.06019
V140	0.03587	0	0.14344	0.04402	0.77668
V141	0.01932	0.21585	0.61842	0.08368	0.06273
V142	0.23282	0	0.31049	0.12544	0.33125
V143	0.02501	0.1817	0.46447	0.13939	0.18944
V144	0.51877	0.20101	0.0613	0.10364	0.11529
V145	0.0019	0.02989	0.88233	0	0.08588
V146	0.04176	0.33608	0.00084	0.31752	0.3038
V147	0.10869	0.05226	0.66107	0.09396	0.08402
V148	0.13725	0.78607	0.00758	0.00972	0.05938
V149	0.03381	0	0	0.84773	0.11846
V150	0.15047	0.17968	0.55466	0	0.11519
V151	0.45167	0	6e-04	0.40174	0.14599
V152	0.03406	0	0.09332	0.74739	0.12524
V153	0.18676	0.16642	0.44262	0.033	0.17121
V154	0.11081	0.60238	0.01944	0.01876	0.24862
V155	0.05456	0	0.11081	0.76578	0.06885
V156	0.11919	0	0.38871	0.15537	0.33673
V157	0.11398	0.00804	0.16004	0.29586	0.42208
V158	0.21655	0	0.42667	0.0357	0.32108
V159	0.12683	0.19716	0.00688	0.58455	0.08458
V160	0.48164	0.13855	0.08706	0.02966	0.2631
V161	0.23936	0	0.05074	0.03044	0.67946
V162	0.00223	0.03805	0.88795	0	0.07178
V163	0.06572	0	0.00185	0.08305	0.84938
V164	0.89966	0.04568	0.01042	0	0.04424
V165	0.6175	0.19899	0.07614	0.02627	0.0811
V166	0.07006	0	0.21253	0.59173	0.12568
V167	0.02979	0.65183	0.01345	0.11975	0.18518
V168	0.00223	0.03805	0.88795	0	0.07178
V169	0.04394	0.6939	0.14297	0.06009	0.05909
V170	0.25083	0.3747	0.04761	0.18152	0.14533
V171	0.33927	0.05329	0.34756	0.16934	0.09053
V172	0.19444	0.20676	0.06367	0.03099	0.50415
V173	0.23532	0.07146	0.08013	0.41269	0.2004
V174	0.23273	0	0.3316	0.19942	0.23626
V175	0.09081	0.1204	0.11132	0.1934	0.48406
V176	0.3821	0	0	0.56626	0.05164
V177	0.22005	0.00836	0.54767	0.16767	0.05625
V178	0.31123	0.01292	0.44667	0.10326	0.12593
V179	0.11163	0	0	0.05177	0.83661
V180	0.03598	0	0.3378	0.02407	0.60215
V181	0.07138	0.26874	0	0.07495	0.58492
V182	0.56664	0.21425	0.00044	0.1414	0.07727
V183	0.04949	0.89279	0.0027	0	0.05502
V184	0.34166	0	0.2723	0.3203	0.06575
V185	0.10275	0.48295	0.01768	0.13893	0.25769
V186	0.15155	0.15993	0.02113	0.26338	0.40401
V187	0.07041	0.68418	0	0.19034	0.05506
V188	0.85017	0.01058	0.02863	0.06166	0.04895
V189	0.46363	0.21915	0.02954	0.23728	0.0504
V190	0.45096	0.03554	0.20858	0.00549	0.29943
V191	0.23045	0.1983	0	0.41927	0.15199
V192	0.34277	0.16489	0.11699	0.20886	0.16649
V193	0.07817	0.19523	0.50433	0.02833	0.19395
V194	0.29429	0.01584	0.07918	0.11508	0.49562
V195	0.58232	0.15415	0.21745	0	0.04608
V196	0.01935	0	0.04638	0.08522	0.84905
V197	0.05053	0.87778	0.00276	0.01275	0.05617
V198	0.24629	0.20422	0.02921	0.20707	0.3132
V199	0.76872	0	0.19368	0	0.0376
V200	0.77882	0	0.02171	0.00219	0.19727
V201	0.05682	0	0.00892	0.70864	0.22562
V202	0.89265	0.05506	0	0	0.05229
V203	0.54103	0.23986	0.02208	0.03674	0.16029
V204	0.36843	0.04811	0.02772	0.01496	0.54077
V205	0.136	0	0.10978	0.09781	0.65641
V206	0.06628	0.07082	0	0.76592	0.09698
V207	0.0473	0	0	0.86752	0.08519
V208	0.17226	0.20315	0.46051	0.02927	0.13482
V209	0.18071	0	0.08713	0.05823	0.67393
V210	0.0013	0.0236	0.89527	0	0.07983
V211	0.17857	0	0.19321	0.04638	0.58185
V212	0.04662	0.76879	0.06822	0.02161	0.09476
V213	0.11625	0	0.04635	0.2773	0.56009
V214	0.01661	0.55588	0.35704	0	0.07047
V215	0.26864	0.20099	0.12807	0.07716	0.32514
V216	0.0728	0.00638	0.32327	0.05553	0.54201
V217	0.02848	0	0.01392	0.81337	0.14423
V218	0.0883	0.16538	0.26787	0.3463	0.13216
V219	0.1404	0.25333	0.36413	0.18803	0.05411
V220	0.17212	0.72912	0.04999	0	0.04877
V221	0.05664	0.04123	0.48954	0.01252	0.40008
V222	0.03471	0	0	0.07183	0.89346
V223	0.55436	0	0.2903	0.10166	0.05368
V224	0.03898	0.55518	0.01952	0.08016	0.30616
V225	0.7003	0.14528	0.11053	0	0.0439
V226	0.43221	0.52006	0	0	0.04772
V227	0.1057	0.24002	0.00013	0.5692	0.08496
V228	0.62096	0	0.25352	0.04982	0.07571
V229	0.27508	0.38888	0.24352	0.02143	0.0711
V230	0.03304	0	0	0.07209	0.89487
V231	0.05863	0.60966	0.05146	0.15901	0.12124
V232	0.80085	0	0.16139	0	0.03775
V233	0.07561	0	0.13784	0.12009	0.66646
V234	0.02496	0.36245	0.19433	0.34442	0.07385
V235	0.94176	0.00801	0	0	0.05024
V236	0.09773	0	0.61303	0.18873	0.10051
V237	0.1485	0.0473	0.25026	0.32766	0.22628
V238	0.02515	0	0	0.31148	0.66337
V239	0.07054	0.40069	0.04123	0.17758	0.30997
V240	0.04944	0.84566	0.00882	0	0.09609
V241	0.03118	0.90944	0.00319	0	0.05619
V242	0.0421	0.30665	0.27511	0.27112	0.10502
V243	0.51057	0	0.307	0.00773	0.1747
V244	0.03308	0.40363	0.17825	0.08035	0.30469
V245	0.03081	0.89074	0.02482	0.00433	0.0493
V246	0.60256	0.25274	0.02208	0	0.12261
V247	0.21473	0.08164	0.59336	0.03153	0.07874
V248	0.08971	0.61292	0.01982	0.00453	0.27302
V249	0.28386	0.03282	0.19583	0.1032	0.38429
V250	0.03009	0.01595	0.63499	0.03033	0.28864
V251	0.23786	0	0.07538	0.59042	0.09635
V252	0.03408	0.10313	0.53013	0.14961	0.18305
V253	0.28562	0.56601	0.07248	0.02054	0.05535
V254	0.50575	0.37814	0	0.06011	0.056
V255	0.81355	0.06811	0	0	0.11834
V256	0.02923	0.76861	0.01528	0	0.18688
V257	0.45371	0.28502	0.13135	0.01497	0.11496
V258	0.16944	0.3005	0.03919	0.43424	0.05663
V259	0.53125	0.25427	0.15666	0	0.05783
V260	0.29203	0	0.09616	0.09679	0.51502
V261	0.03611	0	0.4869	0.29997	0.17702
V262	0.89843	0.01027	0.04346	0	0.04784
V263	0.7956	0.06635	0.00803	0.08699	0.04303
V264	0.05019	0.87157	0.00963	0.01974	0.04886
V265	0.81814	0.06954	0.06545	0	0.04687
V266	0.02828	0	0.07121	0.07074	0.82977
V267	0.06561	0	0	0.18956	0.74482
V268	0.20124	0.41717	0.12723	0.16672	0.08764
V269	0.09511	0.3114	0.33348	0.18259	0.07742
V270	0.06965	0	0.01981	0.84317	0.06737
V271	0.20665	0.71438	0.00637	0.00118	0.07142
V272	0.08666	0.81177	0.02213	0	0.07944
V273	0.3136	0	0.15882	0.33187	0.19572
V274	0.11772	0.00411	0.02963	0.22899	0.61955
V275	0.03433	0.70242	0.13458	0.06929	0.05937
V276	0.0198	0	0.66414	0.23211	0.08395
V277	0.3845	0	0.54538	0	0.07012
V278	0.02355	0.00864	0.31619	0.47375	0.17788
V279	0.16356	0	0.00066	0.73189	0.10389
V280	0.21432	0	0.02528	0.62068	0.13973
V281	0.04367	0.1991	0.03234	0.65803	0.06686
V282	0.04041	0.90107	0.00303	0	0.05548
V283	0.38548	0	0.09703	0.03148	0.486
V284	0.03301	0.11479	0.51419	0	0.33802
V285	0.49136	0.45534	0	0.00324	0.05006
V286	0.09202	0.0229	0.80264	0.01637	0.06607
V287	0.27355	0.03083	0.15679	0.3005	0.23834
V288	0.22227	0	0.60017	0	0.17756
V289	0.17081	0.19642	0.01433	0.55823	0.06021
V290	0.40891	0.43672	0.1158	0	0.03858
V291	0.41565	0.18358	0	0.34676	0.05401
V292	0.1409	0	0.39752	0.04089	0.42069
V293	0.00472	0.11623	0.7706	0.03084	0.0776
V294	0.02495	0	0	0.06535	0.9097
V295	0.03363	0	0.30316	0.53095	0.13226
V296	0.8296	0.10093	0	0	0.06946
V297	0.02734	0.00376	0.74828	0.12031	0.10031
V298	0.30687	0	0	0.54263	0.15051
V299	0.27813	0	0	0.66778	0.05408
V300	0.93831	0.01184	0	0	0.04985
V301	0.94085	0	0.0031	0.00173	0.05431
V302	0.02654	0	0	0.43477	0.53869
V303	0.1247	0.15054	0.20041	0.1863	0.33806
V304	0.20333	0.0228	0.70238	0	0.07149
V305	0.21978	0.30198	0.08203	0.10383	0.29237
V306	0.30238	0.64048	0	0	0.05714
V307	0.25459	0	0.2412	0.45714	0.04707
V308	0.25921	0	0.62878	0.05564	0.05637
V309	0.67057	0.03909	0.04245	0.10314	0.14475
V310	0.04914	0	0	0.14041	0.81045
V311	0.03822	0	0.02866	0.85406	0.07906
V312	0.09691	0.23525	0.23641	0.00566	0.42576
V313	0.07259	0.28235	0.00724	0.32272	0.31509
V314	0.10148	0	0	0.40186	0.49666
V315	0.92226	0	0.00831	0	0.06944
V316	0.10435	0.55577	0.22545	0.01091	0.10353
V317	0.40373	0.06248	0.47087	0	0.06292
V318	0.88604	0	0	0	0.11396
V319	0.11275	0.0559	0.77469	0	0.05666
V320	0.09904	0	0	0.82669	0.07427
V321	0.14223	0.31795	0.28282	0.18925	0.06775
V322	0.01058	0.2573	0.54416	0.03628	0.15167
V323	0.26706	0.19773	0.41259	0	0.12261
V324	0.06469	0.00899	0.0322	0.81963	0.0745
V325	0.6477	0.08187	0.07518	0.09775	0.0975
V326	0.06557	0	0.04372	0.16778	0.72293
V327	0.32469	0.48018	0.09701	0	0.09812
V328	0.05808	0.26755	0.14624	0.46076	0.06737
V329	0.02247	0.02358	0.36044	0.52532	0.06818
V330	0.08843	0.02132	0.78886	0	0.1014
V331	0.15764	0	0.07829	0.11536	0.64872
V332	0.4883	0.02736	0.41564	0	0.0687
V333	0.43956	0	0.28913	0.14929	0.12201
V334	0.04367	0.27757	0.52315	0.06605	0.08957
V335	0.73825	0.03269	0.07375	0.01389	0.14142
V336	0.15031	0.56361	0.23134	0	0.05475
V337	0.02429	0	0.00422	0.19712	0.77437
V338	0.73683	0	0.13837	0	0.1248
V339	0.19808	0.52445	0.1651	0	0.11236
V340	0.04608	0.14416	0.10311	0.07797	0.62869
V341	0.01437	0.48486	0.3992	0	0.10156
V342	0.31462	0.12772	0.42138	0.09115	0.04514
V343	0.70092	0	0.26035	0	0.03872
V344	0.08698	0.7546	0.0361	0.00653	0.1158
V345	0.24565	0.01402	0	0.30256	0.43778
V346	0.04163	0.29556	0.29296	0.28871	0.08114
V347	0.08147	0.50547	0.01853	0.30935	0.08519
V348	0.0273	0.11897	0.42573	0.24502	0.18298
V349	0.06527	0.29749	0.50026	0	0.13698
V350	0.11415	0.40353	0.07519	0.23109	0.17603
V351	0.20198	0	0.41109	0.32229	0.06464
V352	0.09852	0.53434	0.31629	0	0.05085
V353	0.26251	0.31626	0.03052	0.04272	0.34799
V354	0.58036	0.00077	0.37746	0	0.0414
V355	0.10571	0	0.3062	0.52699	0.0611
V356	0.10338	0.02063	0.78798	0	0.08801
V357	0.05626	0.01817	0.50205	0.03121	0.39231
V358	0.05557	0.00016	0.02496	0.84172	0.0776
V359	0.07615	0.0819	0.00104	0.7753	0.06561
V360	0.72193	0.02298	0.08155	0.13232	0.04122
V361	0.32829	0.4687	0.07831	0	0.1247
V362	0.80958	0	0.08141	0	0.10901
V363	0.05192	0	0	0.18614	0.76194
V364	0.05235	0.26877	0.01575	0.4445	0.21863
V365	0.03234	0	0.00091	0.86482	0.10193
V366	0.23175	0.02079	0.57282	0.04625	0.12839
V367	0.24539	0.19614	0.19652	0.16489	0.19706
V368	0.75137	0.06592	0.1117	0	0.071
V369	0.03185	0.64926	0.21271	0.05955	0.04663
V370	0.0382	0.13201	0.11221	0.37996	0.33762
V371	0.03808	0.87668	0.03871	0	0.04653
V372	0.66933	0.04419	0.13356	0.09211	0.06081
V373	0.10648	0.65116	0.11675	0.07517	0.05044
V374	0.11977	0.02005	0.35498	0.45191	0.05328
V375	0.32946	0	0.57069	0.05243	0.04742
V376	0.02	0	0.3927	0.02858	0.55873
V377	0.08574	0.49797	0.19119	0.17249	0.05261
V378	0.12576	0.54204	0.16021	0	0.17198
V379	0.03954	0	0.09805	0.1107	0.75171
V380	0.03835	0.02158	0.15863	0.52418	0.25726
V381	0.17425	0.01702	0	0.04386	0.76486
V382	0.43008	0	0	0.29354	0.27638
V383	0.05142	0	0.2417	0.64858	0.0583
V384	0.31646	0.0092	0.15257	0.42823	0.09355
V385	0.10626	0.07294	0	0.04701	0.77379
V386	0.66295	0	0	0.29223	0.04482
V387	0.28804	0	0	0.63548	0.07648
V388	0.03896	0.83305	0.03059	0.04373	0.05368
V389	0.10755	0.77166	0.01419	0.0129	0.0937
V390	0.1955	0	0	0.66445	0.14005
V391	0.70839	0.14099	0	0.05331	0.0973
V392	0.9171	0.03231	0.0044	0	0.04619
V393	0.12299	0	0.13379	0.54712	0.1961
V394	0.72515	0	0.01622	0.14019	0.11844
V395	0.01948	0	0.34166	0.57032	0.06854
V396	0.5628	0.00886	0.38124	0	0.0471
V397	0.68176	0.12146	0.02835	0.09355	0.07487
V398	0.08186	0	0.14522	0.64794	0.12497
V399	0.06344	0	0	0.30039	0.63617
V400	0.162	0.52196	0.14372	0.12896	0.04337
V401	0.34614	0	0.59939	0.00667	0.04781
V402	0.40629	0.00255	0.42717	0.05026	0.11373
V403	0.17442	0.04654	0	0.16288	0.61616
V404	0.01793	0.02924	0.45765	0.39604	0.09913
V405	0.36087	0.23858	0.06277	0.20902	0.12876
V406	0.02241	0.03696	0.86026	0	0.08038
V407	0.88596	0.02691	0.03003	0.01358	0.04352
V408	0.04117	0.37049	0.00115	0.25981	0.32738
V409	0.12951	0	0.04735	0.68149	0.14165
V410	0.14362	0.10995	0.31223	0.04728	0.38693
V411	0.02594	0	0	0.0758	0.89826
V412	0.03498	0.12327	0.12258	0.05301	0.66616
V413	0.03754	0.23735	0.13981	0.37234	0.21296
V414	0.06492	0.05922	0	0.4847	0.39116
V415	0.18314	0	0	0.04269	0.77417
V416	0.12964	0.05905	0.01308	0.17657	0.62166
V417	0.01695	0.00325	0.7387	0.12297	0.11812
V418	0.53096	0.38588	0.01654	0	0.06661
V419	0.27522	0	0.00839	0.14351	0.57287
V420	0.25251	0	0.08777	0.06421	0.5955
V421	0.01856	0	0.11881	0.08554	0.77709
V422	0.03967	0	0.03691	0.72053	0.20289
V423	0.3119	0.16419	0.27218	0.18578	0.06594
V424	0.01145	0	0.47834	0.01461	0.49559
V425	0.34033	0.36954	0	0.00213	0.288
V426	0.25409	0.15449	0.01313	0.45926	0.11903
V427	0.19114	0.62613	0.13557	0	0.04716
V428	0.08788	0.65155	0.06751	0.07496	0.1181
V429	0.1081	0.78108	0.00081	0.04352	0.06649
V430	0.04711	0	0.39568	0.2015	0.3557
V431	0.12252	0.3563	0.18566	0.24364	0.09189
V432	0.33281	0.02898	0.11613	0.35198	0.17011
V433	0.21788	0	0.49159	0.22072	0.06982
V434	0.2522	0.27253	0.35554	0	0.11973
V435	0.58039	0.02602	0.33952	0.00449	0.04959
V436	0.05615	0.59737	0.09357	0.04132	0.21159
V437	0.21738	0	0.01652	0.19538	0.57072
V438	0.14641	0.28808	0.18577	0.27902	0.10072
V439	0.62096	0	0.03458	0.29086	0.05359
V440	0.02112	0.35558	0.5255	0	0.0978
V441	0.02714	0.54798	0.35961	0.0087	0.05657
V442	0.04003	0.90149	0.01031	0	0.04817
V443	0.93413	0	0.00271	0.01616	0.047
V444	0.15778	0.4204	0.02464	0.32092	0.07626
V445	0.07189	0.39727	0.03305	0.43127	0.06653
V446	0.13787	0	0.08877	0.58583	0.18753
V447	0.08874	0	0	0.47717	0.4341
V448	0.18769	0	0.00685	0.05749	0.74797
V449	0.00223	0.03805	0.88795	0	0.07178
V450	0.23433	0.05831	0.23885	0.14	0.32851
V451	0.29296	0.16979	0.05394	0.34173	0.14158
V452	0.03408	0	0.13952	0.72591	0.10049
V453	0.03947	0	0	0.48503	0.4755
V454	0.01773	0	0.67141	0.02156	0.28929
V455	0.07389	0.21459	0.26942	0.04988	0.39222
V456	0.92612	0	0	0	0.07388
V457	0.66732	0.1949	0.02939	0.03406	0.07433
V458	0.0232	0.36601	0.48324	0.03854	0.08901
V459	0.16358	0.02596	0.04548	0.50628	0.25871
V460	0.69943	0.01715	0.18478	0.0381	0.06055
V461	0.20146	0.2925	0.23411	0.00598	0.26596
V462	0.0756	0.04817	0.00623	0.52851	0.34149
V463	0.23802	0.02669	0.00565	0.66574	0.0639
V464	0.17257	0.17366	0.59784	0	0.05592
V465	0.06158	0.07469	0.00695	0.06857	0.78821
V466	0.04381	0	0	0.14935	0.80684
V467	0.07353	0.23296	0.01526	0.54497	0.13328
V468	0.55115	0.28749	0.09799	0	0.06337
V469	0.02924	0.32077	0.04983	0.28381	0.31635
V470	0.83615	0.03913	0.02182	0.05392	0.04898
V471	0.40057	0.27788	0.02208	0.13208	0.16739
V472	0.02825	0.00207	0.03513	0.05982	0.87473
V473	0.04527	0.19849	0.22879	0.32176	0.20569
V474	0.31329	0.10227	0.0528	0.44655	0.08509
V475	0.1834	0.00884	0.57666	0.01783	0.21328
V476	0.18262	0	0.0874	0.62255	0.10743
V477	0.031	0.90949	0.01073	0	0.04878
V478	0.19723	0	0	0.04117	0.7616
V479	0.83772	0.03903	0.02892	0.04552	0.04881
V480	0.12965	0.65325	0.05082	0.09488	0.07141
V481	0.2523	0.35397	0.05591	0.17513	0.16269
V482	0.09966	0.67501	0.17033	0	0.05499
V483	0.30865	0.52207	0	0.08402	0.08525
V484	0.21823	0.5078	0.10743	0.11055	0.05599
V485	0.6778	0.05311	0.10756	0.10098	0.06055
V486	0.08469	0.05085	0.28974	0.01835	0.55637
V487	0.15404	0.10264	0.38897	0.29761	0.05674
V488	0.4345	0.03636	0	0.33936	0.18977
V489	0.00852	0.22886	0.63395	0.05678	0.07189
V490	0.01861	0.00201	0.71127	0.19882	0.06929
V491	0.03788	0.46549	0.04245	0.1041	0.35007
V492	0.05444	0.11315	0.02377	0.72373	0.08491
V493	0.04129	0	0	0.87354	0.08517
V494	0.33961	0	0.0048	0.53943	0.11616
V495	0.35017	0.1937	0.20174	0.15829	0.0961
V496	0.16042	0	0.04575	0.04054	0.75329
V497	0.12386	0	0.13866	0.13292	0.60457
V498	0.05721	0.85372	0.02294	0	0.06613
V499	0.05265	0.21333	0.24924	0.07253	0.41225
V500	0.1114	0.48152	0.10132	0.20807	0.09769
V501	0.08079	0.31656	0.00801	0.03351	0.56113
V502	0.11629	0.79291	0.037	0.00822	0.04558
V503	0.47448	0	0.19406	0.1349	0.19656
V504	0.49609	0.18599	0	0.00244	0.31549
V505	0.64327	0	0.01359	0.0782	0.26494
V506	0.02667	0.52933	0.06029	0.01467	0.36904
V507	0.84275	0	0.02284	0.0688	0.0656
V508	0.02217	0.64405	0.19734	0.02325	0.11319
V509	0.05656	0.45425	0.13038	0.19108	0.16773
V510	0.39993	0.49273	0.04018	0.0185	0.04866
V511	0.06629	0.30908	0.4916	0.02098	0.11205
V512	0.15366	0.45665	0.16495	0.03644	0.18831
V513	0.15849	0.68015	0.06635	0.02464	0.07037
V514	0.02356	0	0.21119	0.07306	0.69219
V515	0.0966	0.10068	0	0.73866	0.06406
V516	0.16857	0.34408	0.09968	0.32705	0.06061
V517	0.04485	0.00046	0.04163	0.83584	0.07722
V518	0.44332	0	0.30396	0.18091	0.07181
V519	0.78997	0.04626	0.00083	0.11262	0.05031
V520	0.05908	0.84215	0.0162	0.03494	0.04764
V521	0.22609	0	0.11326	0.60443	0.05622
V522	0.0547	0.18581	0.54304	0.12569	0.09077
V523	0.163	0.04617	0.70839	0.02186	0.06059
V524	0.35825	0.01013	0.5295	0	0.10211
V525	0.0284	0.18808	0.02479	0.051	0.70773
V526	0.04679	0.03785	0.82072	0.002	0.09263
V527	0.07752	0.48432	0.37075	0	0.06741
V528	0.17082	0	0.00747	0.76263	0.05908
V529	0.22539	0.02276	0.68816	0	0.06369
V530	0.02475	0.02835	0.82841	0.03144	0.08705
V531	0.17576	0.51993	0.08318	0.00396	0.21716
V532	0.07299	0.25068	0.28719	0.0023	0.38683
V533	0.29332	0	0	0.0318	0.67487
V534	0.14989	0.0373	0	0.72887	0.08394
V535	0.8031	0.10821	0.0431	0	0.04558
V536	0.14126	0.16129	0.37327	0.02796	0.29623
V537	0.03859	0	0.00753	0.06137	0.89251
V538	0.64136	0.09086	0	0.01965	0.24813
V539	0.01913	0.14555	0.62406	0.09088	0.12038
V540	0.16647	0.46989	0.08319	0.04214	0.23831
V541	0.0386	0.40469	0.0174	0.0457	0.4936
V542	0.0491	0.32092	0.10151	0.42278	0.10569
V543	0.0738	0.0992	0.64989	0.03312	0.14399
V544	0.36459	0.16957	0.1734	0.05632	0.23613
V545	0.59822	0.35676	0.00355	0	0.04147
V546	0.0546	0.77783	0.07507	0	0.09249
V547	0.07903	0.77498	0.00068	0.07774	0.06757
V548	0.03722	0.03398	0.00314	0.84396	0.0817
V549	0.02368	0	0.01216	0.21348	0.75068
V550	0.02662	0.83644	0.08407	0	0.05287
V551	0.04324	0	0	0.87683	0.07993
V552	0.24785	0	0.0076	0.06813	0.67642
V553	0.78336	0	0.01062	0.12445	0.08157
V554	0.12927	0.0258	0.4637	0.31405	0.06719
V555	0.02995	0.89254	0.00965	0	0.06786
V556	0.10604	0.0172	0.04643	0.72447	0.10586
V557	0.32232	0.22156	0.02956	0.3359	0.09066
V558	0.0169	0.01607	0.74286	0.13919	0.08499
V559	0.09723	0.41937	0.40938	0	0.07403
V560	0.61635	0.22596	0.11976	0	0.03793
V561	0.72	0	0.12204	0	0.15796
V562	0.14826	0.01887	0.14827	0.11717	0.56743
V563	0.23133	0.24275	0.1963	0.10641	0.22321
V564	0.37325	0	0.04906	0.34891	0.22878
V565	0.02332	0	0.00542	0.09977	0.87149
V566	0.31755	0.11258	0.02011	0.32817	0.22159
V567	0.02275	0.01956	0.88235	0	0.07533
V568	0.03856	0.20942	0.40393	0.29553	0.05256
V569	0.64783	0.07327	0.09982	0.10404	0.07504
V570	0.15628	0	0.26342	0.46484	0.11545
V571	0.28537	0	0.21588	0.33906	0.15969
V572	0.83559	0	0	0	0.16441
V573	0.09871	0.04001	0.32078	0.38681	0.15369
V574	0.52514	0.27563	0.06956	0.06883	0.06084
V575	0.39562	0	0.11108	0.05566	0.43763
V576	0.03025	0.86427	0.00928	0	0.0962
V577	0.3997	0.49215	0.03266	0.02684	0.04864
V578	0.03536	0.14712	0.49362	0.22243	0.10146
V579	0.01835	0.51896	0.30361	0.00905	0.15003
V580	0.20768	0.53194	0.01071	0.18442	0.06524
V581	0.04816	0.48714	0.34908	0.06074	0.05488
V582	0.00237	0.0653	0.86342	0	0.0689
V583	0.63807	0	0.31988	0	0.04205
V584	0.21942	0.50026	0.09934	0.01545	0.16553
V585	0.03745	0.76806	0.06047	0.03879	0.09523
V586	0.0246	0.78031	0.14841	0	0.04668
V587	0.0489	0.68697	0.00627	0.02021	0.23765
V588	0.22631	0.39199	0.3336	0	0.04811
V589	0.10306	0.39001	0.04063	0.39474	0.07156
V590	0.0401	0.78012	0.00104	0	0.17874
V591	0.43611	0.4854	0.03184	0	0.04665
V592	0.02536	0	0.73771	0.0233	0.21363
V593	0.4262	0	0	0.48222	0.09158
V594	0.00935	0.1223	0.62349	0.13996	0.1049
V595	0.54898	0.00707	0.05874	0.3057	0.07951
V596	0.47578	0.16785	0.19472	0.09893	0.06272
V597	0.0405	0.17428	0	0.14108	0.64414
V598	0.60189	0	0	0	0.39811
V599	0.08045	0.3857	0.08319	0.37179	0.07888
V600	0.29977	0	0.1679	0.38105	0.15128
V601	0.16382	0.06816	0	0.48543	0.28259
V602	0.79573	0.15999	0	0	0.04428
V603	0.15114	0.11452	0.02081	0.15733	0.5562
V604	0.02925	0.00813	0.68665	0.0986	0.17735
V605	0.04569	0.03152	0.12305	0.10549	0.69426
V606	0.82965	0	0	0	0.17035
V607	0.18545	0.08164	0.01314	0.04319	0.67658
V608	0.76929	0	0.02594	0.06396	0.1408
V609	0.19451	0.28786	0.00693	0.39281	0.1179
V610	0.08023	0.64977	0.00589	0.20955	0.05456
V611	0.29643	0.01353	0.58928	0	0.10076
V612	0.4123	0.01886	0.30116	0.00213	0.26555
V613	0.39302	0.5286	0.03325	0.00226	0.04287
V614	0.56727	0	0.01101	0.07333	0.34839
V615	0.02991	0.0642	0.1199	0.58455	0.20145
V616	0.67437	0	0.13544	0.11788	0.0723
V617	0.25027	0.04714	0.4495	0.08065	0.17244
V618	0.73156	0.0723	0.05776	0	0.13839
V619	0.57696	0.0111	0.14515	0	0.26679
V620	0.06385	0	0.3305	0.54075	0.06491
V621	0.15359	0.20322	0.28661	0	0.35659
V622	0.02769	0.19613	0.33963	0.01634	0.42021
V623	0.08967	0	0	0.68799	0.22234
V624	0.89648	0	0	0	0.10352
V625	0.03309	0.03219	0.08343	0.77758	0.07372
V626	0.09172	0.00723	0.52901	0.29489	0.07715
V627	0.12358	0.13178	0.11044	0.0499	0.5843
V628	0.93462	0.01155	0.00434	0.00157	0.04792
V629	0.12943	0.23229	0.58087	0	0.05742
V630	0.02871	0.1652	0.01641	0.06341	0.72628
V631	0.01496	0	0.26362	0.04332	0.6781
V632	0.03949	0.76753	0.00763	0.02174	0.16361
V633	0.075	0	0.07525	0.53751	0.31223
V634	0.39402	0.43318	0.13339	0	0.0394
V635	0.05461	0.07876	0.1798	0.04794	0.63889
V636	0.21871	0.14429	0.30028	0.1825	0.15422
V637	0.23761	0	0.39172	0.24225	0.12841
V638	0.08102	0.46155	0.01773	0.08505	0.35466
V639	0.50245	0.38588	0.0676	0	0.04406
V640	0.12705	0.16446	0.07366	0.24414	0.39069
V641	0.08851	0.71301	0.02093	0.11157	0.06598
V642	0.73929	0.01435	7e-05	0.20142	0.04487
V643	0.03816	0.84987	0.06167	0.00262	0.04768
V644	0.05213	0.41688	0.01787	0.43092	0.08219
V645	0.14776	0.73663	0.01404	0.05666	0.04491
V646	0.13453	0.5209	0.02593	0.21346	0.10518
V647	0.92162	0	0.0016	0.03068	0.0461
V648	0.46264	0.07904	0	0.27048	0.18784
V649	0.29463	0.05949	0.07056	0.12043	0.45489
V650	0.0469	0	0.04354	0.8418	0.06775
V651	0.15886	0.18212	0	0.60254	0.05648
V652	0.37452	0	0.02166	0.54157	0.06226
V653	0.36026	0	0.03875	0.51665	0.08434
V654	0.05185	0.05246	0	0.109	0.7867
V655	0.18061	0.02702	0.28212	0.45177	0.05849
V656	0.13291	0	0	0.13584	0.73125
V657	0.04077	0.47724	0.02633	0.31223	0.14343
V658	0.05379	0	0.02249	0.62436	0.29935
V659	0.04127	0	0.06396	0.77428	0.12048
V660	0.06991	0.32779	0.01582	0.05742	0.52907
V661	0.03988	0.65056	0.01319	0.15916	0.13721
V662	0.03872	0.43583	0.01809	0.01797	0.48939
V663	0.94261	0.00363	0.00532	0	0.04844
V664	0.03931	0	0.10267	0.41463	0.4434
V665	0.02255	0.63379	0.19728	0.06395	0.08242
V666	0.07571	0.84123	0.0377	0	0.04536
V667	0.03064	0.54679	0.24773	0.08355	0.09128
V668	0.63466	0.22769	0.0447	0.03255	0.06041
V669	0.47129	0.2964	0.0226	0.07133	0.13838
V670	0.08866	0.6289	0.04308	0.02396	0.21539
V671	0.77714	0	0.17532	0.00179	0.04575
V672	0.11623	0.03831	0.08239	0.32665	0.43643
V673	0.02928	0	0	0.15405	0.81667
V674	0.37931	0.08238	0.46161	0	0.0767
V675	0.69604	0	0.02874	0.13451	0.14071
V676	0.27309	0.08275	0.47182	0	0.17234
V677	0.05621	0.25257	0.2059	0.37948	0.10584
V678	0.05982	0.3063	0.00805	0.05413	0.57171
V679	0.02825	0	0.43056	0.47418	0.06701
V680	0.18875	0	0.00561	0.3622	0.44344
V681	0.54864	0	0.034	0.29066	0.1267
V682	0.00223	0.03805	0.88795	0	0.07178
V683	0.07164	0.17455	0.59905	0	0.15476
V684	0.08144	0	0	0.84886	0.0697
V685	0.01502	0.02496	0.80038	0.08855	0.07109
V686	0.27	0.6095	0.0648	0	0.0557
V687	0.01318	0	0.55347	0.35655	0.0768
V688	0.00128	0.03107	0.88216	0	0.08549
V689	0.52792	0.023	0.18685	0.09253	0.1697
V690	0.08747	0.84088	0.0159	0.00226	0.05349
V691	0.16045	0.10074	0.03739	0.61721	0.08421
V692	0.09451	0	0.00496	0.75782	0.14272
V693	0.0157	0.50947	0.40699	0.00944	0.0584
V694	0.10517	0.16741	0.03028	0.58054	0.11661
V695	0.14638	0.087	0.13797	0.0397	0.58894
V696	0.13506	0	0.70892	0	0.15603
V697	0.1227	0.08545	0.30001	0.3409	0.15094
V698	0.02902	0	0.16725	0.05173	0.752
V699	0.05886	0	0.03503	0.66342	0.24268
V700	0.04478	0.7962	0.06709	0	0.09193
V701	0.02926	0.16577	0.00837	0.05585	0.74076
V702	0.04548	0.09274	0.00033	0.66883	0.19262
V703	0.04272	0	0.01538	0.86151	0.08039
V704	0.05914	0.03371	0.38524	0.03147	0.49045
V705	0.91888	0.00835	0	0	0.07277
V706	0.17191	0.12127	0.14668	0.4381	0.12204
V707	0.16338	0.09395	0.06368	0.28679	0.3922
V708	0.01674	0.58638	0.34815	0	0.04872
V709	0.02472	0	0.02392	0.06096	0.8904
V710	0.15043	0.00365	0.46861	0	0.37731
V711	0.07377	0	0.00831	0.07165	0.84628
V712	0.07457	0.0067	0.67164	0.17613	0.07096
V713	0.25186	0.4153	0.29037	0	0.04247
V714	0.06724	0	0	0.05909	0.87367
V715	0.01085	0.28056	0.56297	0.0834	0.06222
V716	0.73027	0.1745	0.00874	0.02474	0.06175
V717	0.42212	0.14128	0.11507	0.0164	0.30513
V718	0.67994	0	0.2439	0	0.07616
V719	0.42026	0.21835	0.09732	0.10352	0.16055
V720	0.1499	0.00552	0.08233	0.07242	0.68983
V721	0.04243	0	0.03641	0.07339	0.84777
V722	0.0416	0.21617	0.04839	0.49049	0.20336
V723	0.12455	0.19452	0.09918	0.50804	0.07371
V724	0.11991	0.647	0.03521	0.14624	0.05164
V725	0.04542	0	0	0.06127	0.8933
V726	0.22168	0.49355	0.04893	0.04495	0.1909
V727	0.01202	0.02819	0.87659	0	0.08319
V728	0.79654	0	0.1126	0.04386	0.04701
V729	0.62067	0.09014	0.02052	0.21913	0.04955
V730	0.14315	0	0.36073	0.3888	0.10732
V731	0.03125	0	0.04866	0.84856	0.07154
V732	0.04182	0	0	0.881	0.07718
V733	0.03334	0.04512	0.84367	0	0.07787
V734	0.52676	0.06713	0.33534	0.01436	0.0564
V735	0.08657	0.13897	0.20836	0.04371	0.52239
V736	0.03011	0.01494	0.00157	0.06313	0.89024
V737	0.93626	0.01084	0.00509	0	0.04781
V738	0.02919	0.45639	0.01071	0.02675	0.47696
V739	0.04579	0	0	0.87627	0.07794
V740	0.24363	0.05021	0.0983	0.03645	0.5714
V741	0.52235	0	0	0.30949	0.16816
V742	0.0927	0.00518	0.51748	0.17344	0.2112
V743	0.04884	0.01823	0.06723	0.14947	0.71624
V744	0.21945	0.031	0.15344	0.50751	0.08861
V745	0.18911	0	0.03432	0.71279	0.06379
V746	0.34891	0.54536	0.03212	0	0.07362
V747	0.03383	0.04217	0.83873	0	0.08527
V748	0.18053	0.19037	0.26854	0.05722	0.30333
V749	0.21054	0.07271	0.10831	0.43396	0.17448
V750	0.74464	0.18565	0.00289	0.02339	0.04343
V751	0.03222	0.37746	0.5302	0	0.06012
V752	0.03937	0.10908	0.01609	0.05822	0.77724
V753	0.57925	0.02677	0.22944	0.00725	0.15728
V754	0.1264	0.30428	0.00079	0.50768	0.06085
V755	0.2189	0.69891	0.03425	0	0.04794
V756	0.03966	0.08571	0.01561	0.10436	0.75466
V757	0.19141	0	0.07837	0.67124	0.05899
V758	0.07342	0.41772	0	0.44748	0.06138
V759	0.11348	0	0.09205	0.04121	0.75326
V760	0.10104	0	0.20053	0.27502	0.42341
V761	0.05956	0.25728	0.62365	0	0.05951
V762	0.03684	0.01049	0.16085	0.42068	0.37113
V763	0.03972	0.26251	0.00068	0.03726	0.65983
V764	0.13731	0.02791	0.07116	0.69244	0.07118
V765	0.19286	0.01356	0.62514	0.02914	0.13929
V766	0.07347	0.48432	0.23206	0.03648	0.17367
V767	0.27633	0.47093	0.05642	0.03226	0.16407
V768	0.04769	0.82713	0.04551	0.02648	0.05319
V769	0.75894	0	0.16517	0	0.07589
V770	0.33566	0	0.4732	0.13944	0.0517
V771	0.05933	0.72337	0.00666	0.07726	0.13339
V772	0.05632	0.03487	0.84617	0	0.06264
V773	0.04567	0	0	0.21011	0.74422
V774	0.1779	0	0.51106	0	0.31104
V775	0.90265	0	0.01246	0.02929	0.0556
V776	0.35925	0.42027	0.14814	0.00324	0.0691
V777	0.22257	0.37014	0.23046	0.08909	0.08775
V778	0.55884	0.02722	0.00459	0.20831	0.20103
V779	0.06484	0.41381	0.45861	0	0.06275
V780	0.02367	0.02057	0.88747	0	0.06829
V781	0.19026	0.2966	0.16555	0	0.34758
V782	0.25123	0.22353	0.01356	0.02096	0.49072
V783	0.00852	0	0.61817	0.02854	0.34476
V784	0.03212	0.61173	0	0.23187	0.12427
V785	0.71095	0.12089	0	0.07758	0.09059
V786	0.18248	0.17473	0.0064	0.56106	0.07532
V787	0.13364	0.59062	0	0.17154	0.1042
V788	0.37662	0.40461	0.06201	0	0.15676
V789	0.03277	0.13865	0	0.41763	0.41095
V790	0.30501	0.20552	0.05433	0.11524	0.31989
V791	0.19831	0.19749	0.06398	0.20215	0.33807
V792	0.91834	0.00902	0.01639	0	0.05625
V793	0.34822	0.24977	0.04615	0.08883	0.26703
V794	0.03423	0	0.09232	0.21451	0.65895
V795	0.1146	0.81292	0.0148	0	0.05768
V796	0.30224	0.39848	0.09812	0.13101	0.07014
V797	0.16036	0	0	0.06319	0.77645
V798	0.13518	0.50894	0.00272	0.08306	0.2701
V799	0.05332	0.13536	0.03961	0.66638	0.10533
V800	0.04652	0	0.00355	0.16715	0.78277
V801	0.39671	0	0.10535	0.42537	0.07257
V802	0.04999	0.18666	0.00763	0.05032	0.7054
V803	0.32608	0	0	0.59772	0.0762
V804	0.21936	0.13491	0.1845	0.36738	0.09385
V805	0.16623	0.11639	0.41763	0.16095	0.1388
V806	0.50837	0	0.18241	0.05318	0.25604
V807	0.73856	0	0.05223	0.03216	0.17705
V808	0.83658	0	0.03778	0	0.12564
V809	0.19417	0.60712	0.01911	0.01723	0.16237
V810	0.05243	0.02764	0.03122	0.48826	0.40045
V811	0.07274	0.07233	0.01436	0.14656	0.694
V812	0.02305	0.66019	0.17899	0.06296	0.07481
V813	0.04247	0.20879	0.20742	0.01749	0.52382
V814	0.19702	0.54233	0.05746	0.13926	0.06393
V815	0.21848	0.67324	0.02743	0.0306	0.05025
V816	0.03315	0.49686	0.00436	0.38323	0.08239
V817	0.8094	0.01344	0.13611	0	0.04105
V818	0.04944	0.19625	0.34147	0.03925	0.37359
V819	0.93253	0.00924	0.01069	0.00059	0.04695
V820	0.07988	0.34482	0.1101	0.38588	0.07932
V821	0.02646	0	0	0.06692	0.90662
V822	0.20859	0	0.00254	0.73033	0.05854
V823	0.06426	0.05873	0.21853	0.02736	0.63112
V824	0.0945	0	0.01458	0.0532	0.83772
V825	0.16735	0	0.61444	0.16704	0.05117
V826	0.04677	0.02433	0.86248	0.00124	0.06518
V827	0.36552	0.11887	0	0.37543	0.14017
V828	0.26878	0.11823	0.09846	0.07001	0.44452
V829	0.11082	0.06193	0.29427	0.18852	0.34446
V830	0.16684	0.00533	0.66527	0.00361	0.15895
V831	0.02887	0.72708	0.04474	0.13142	0.06789
V832	0.23245	0	0.05228	0.25978	0.45549
V833	0.1719	0.74595	0.00637	0	0.07578
V834	0.74894	0.12375	0.02902	0.00293	0.09536
V835	0.26673	0.26483	0.0814	0.26398	0.12306
V836	0.40064	0.04824	0.41941	0.08039	0.05132
V837	0.02985	0.81866	0.01563	0.02514	0.11072
V838	0.02703	0	0.06203	0.83274	0.07821
V839	0.05891	0	0.06783	0.05134	0.82192
V840	0.9265	0	0.02256	0	0.05095
V841	0.23618	0.01342	0.69344	0	0.05697
V842	0.55555	0.0137	0.19208	0.18278	0.05589
V843	0.49007	0	0.13282	0.06725	0.30985
V844	0.01601	0.17869	0.72177	0.00196	0.08156
V845	0.04934	0	0	0.61647	0.33419
V846	0.13795	0.00558	0.09169	0.0996	0.66518
V847	0.23513	0	0.03731	0.15267	0.57489
V848	0.75293	0.01266	0	0.07615	0.15826
V849	0.15077	0.04076	0.67079	0	0.13768
V850	0.24644	0.003	0.28119	0.15897	0.3104
V851	0.94212	0.00157	0	0	0.05631
V852	0.27278	0.02633	0.07061	0.19204	0.43824
V853	0.04273	0.11772	0.58046	0.13159	0.12749
V854	0.05252	0.34075	0.23734	0.07843	0.29096
V855	0.11397	0.36833	0.08354	0.3086	0.12555
V856	0.16836	0.3869	0.04858	0.00369	0.39248
V857	0.10319	0.00843	0.15876	0.44417	0.28546
V858	0.03448	0.3355	0.17946	0.21337	0.2372
V859	0.15505	0	0.00972	0.74625	0.08898
V860	0.06301	0.1139	0.05577	0.65483	0.1125
V861	0.16658	0	0.11196	0.66012	0.06133
V862	0.08703	0	0.0083	0.14089	0.76379
V863	0.02989	0.88518	0.01683	0	0.06811
V864	0.04717	0.00603	0.83624	0.04778	0.06278
V865	0.09828	0	0.6047	0.2434	0.05362
V866	0.04324	0.03714	0.60911	0.23072	0.07979
V867	0.6091	0	0	0	0.3909
V868	0.24598	0.20752	0.38348	0.09643	0.06659
V869	0.03158	0	0.01144	0.06931	0.88767
V870	0.29665	0.13934	0.07151	0.25169	0.24081
V871	0.05856	0.01833	0.09443	0.13585	0.69283
V872	0.41161	0.00654	0.00489	0.48229	0.09468
V873	0.06863	0.30521	0.13843	0.37515	0.11258
V874	0.11798	0.01833	0	0.05959	0.80409
V875	0.03337	0.1591	0.01563	0.50575	0.28615
V876	0.51338	0.02789	0.05122	0.01512	0.39239
V877	0.22276	0.62174	0.03423	0.06478	0.05649
V878	0.02946	0.67734	0.0368	0.1944	0.062
V879	0.90603	0.0318	0.01005	0.00016	0.05196
V880	0.10754	0.04738	0.02146	0.45305	0.37056
V881	0.02065	0	0.52231	0.00915	0.44789
V882	0.0525	0.45346	0.01097	0.42965	0.05341
V883	0.52763	0.15295	0.00598	0.1721	0.14134
V884	0.02474	0	0	0.0771	0.89816
V885	0.19229	0.04305	0.37859	0.11391	0.27216
V886	0.02128	0	0.01903	0.26589	0.6938
V887	0.07608	0.84357	0.0083	0	0.07205
V888	0.08434	0.06968	0.04677	0.68631	0.11289
V889	0.10647	0.79676	0.03676	0.0012	0.05882
V890	0.05568	0	0.12301	0.65698	0.16433
V891	0.00285	0.06433	0.8636	0	0.06922
V892	0.60074	0.22306	0.01435	0	0.16185
V893	0.16076	0.1694	0.49387	0.06534	0.11063
V894	0.10147	0.51334	0.042	0.25242	0.09077
V895	0.69735	0	0.25677	0	0.04588
V896	0.22809	0.19434	0.22257	0.30179	0.05321
V897	0.02751	0	0.02834	0.76358	0.18057
V898	0.42039	0	0	0.03935	0.54026
V899	0.56038	0.29507	0.07433	0	0.07022
V900	0.27491	0.20986	0.26208	0.18697	0.06618
V901	0.68506	0.02953	0	0.17019	0.11522
V902	0.85463	0.03088	0.01487	0.01739	0.08224
V903	0.30241	0.03732	0.06088	0.51255	0.08684
V904	0.72468	0.07706	0.14201	0	0.05626
V905	0.03939	0.29852	0.05771	0.34013	0.26425
V906	0.17712	0.02429	0.45164	0.07358	0.27336
V907	0.72637	0.09294	0.05836	0.04158	0.08075
V908	0.04184	0.31153	0.04084	0.49794	0.10785
V909	0.04564	0.08204	0.00833	0.72855	0.13544
V910	0.68265	0.15159	0.00731	0.0468	0.11165
V911	0.04276	0.25259	0.5041	0	0.20055
V912	0.05278	0	0.14885	0.1039	0.69447
V913	0.16808	0	0.05896	0.66495	0.10801
V914	0.779	0.01372	0.00645	0.11046	0.09037
V915	0.21821	0.15967	0.04564	0.02629	0.55019
V916	0.79776	0	0.10287	0	0.09938
V917	0.48312	0.00723	0	0.02703	0.48262
V918	0.60459	0.12293	0.20488	0.00623	0.06137
V919	0.45068	0.13247	0.00538	0.27491	0.13656
V920	0.20549	0	0.09753	0.63906	0.05792
V921	0.21724	0.16429	0.10845	0.01093	0.49909
V922	0.04911	0	0.67642	0	0.27447
V923	0.15691	0.46984	0.01715	0.05013	0.30597
V924	0.53311	0.07791	0	0.24625	0.14274
V925	0.16519	0.09564	0.45937	0.15859	0.1212
V926	0.03928	0	0	0.07139	0.88933
V927	0.54162	0.23469	0.10232	0.06747	0.0539
V928	0.13576	0.24572	0.20881	0.18177	0.22794
V929	0.07127	0.26093	6e-05	0.03315	0.6346
V930	0.09627	0	0.051	0.04648	0.80626
V931	0.51753	0.11182	0.00541	0.04517	0.32008
V932	0.07273	0.08199	0.03879	0.3474	0.4591
V933	0.32624	0	0.03506	0.28546	0.35325
V934	0.67754	0.044	0.2386	0	0.03986
V935	0.60882	0.08472	0.11912	0.04129	0.14604
V936	0.3394	0.02851	0.10509	0.44208	0.08492
V937	0.12691	0.69438	0.09088	0.01687	0.07096
V938	0.06714	0.86279	0.02357	0	0.04651
V939	0.02345	0	0.00327	0.35462	0.61865
V940	0.59999	0.05063	0.07595	0.04223	0.2312
V941	0.03946	0.09692	0.11101	0.48876	0.26385
V942	0.72837	0.22484	0.00335	0	0.04345
V943	0.07013	0.07392	0.04878	0.05344	0.75372
V944	0.36685	0	0.10101	0.47112	0.06102
V945	0.05277	0.25714	0.563	0.0207	0.1064
V946	0.02335	0.48313	0.43676	0	0.05676
V947	0.42598	0	0.0161	0.13146	0.42646
V948	0.06785	0.6939	0.03599	0.09945	0.10281
V949	0.84963	0.08525	0.02321	0	0.04191
V950	0.09211	0	0.01263	0.82924	0.06602
V951	0.33468	0	0	0.50565	0.15968
V952	0.16049	0	0.03595	0.64321	0.16034
V953	0.49954	0.05817	0	0.35969	0.08261
V954	0.2408	0.52364	0.05697	0.04682	0.13177
V955	0.08807	0	0.51884	0.33205	0.06104
V956	0.03887	0.44949	0.08419	0.35495	0.0725
V957	0.09643	0.74407	0.05147	0.0502	0.05783
V958	0.04003	0.83855	0.00869	0.03062	0.08211
V959	0.09197	0	0.77413	0.04634	0.08757
V960	0.56334	0.0205	0.13884	0.09301	0.1843
V961	0.03935	0.85613	0.00894	0	0.09558
V962	0.21792	0.07856	0	0.08385	0.61966
V963	0.0364	0	0.39765	0.48539	0.08056
V964	0.01202	0.02819	0.87659	0	0.08319
V965	0.01473	0	0.41434	0.46405	0.10687
V966	0.04022	0	0.48136	0.08897	0.38946
V967	0.34599	0.48772	0.00299	0	0.1633
V968	0.04039	0.89386	0.00987	0	0.05588
V969	0.12133	0.48743	0.12863	0.11671	0.14591
V970	0.16141	0.36971	0.40478	0	0.0641
V971	0.73787	0.03983	0.16456	0.00409	0.05364
V972	0.06934	0.83769	0.00213	0.03603	0.05481
V973	0.05633	0	0.54359	0.24291	0.15716
V974	0.02639	0.70081	0.09317	0.09064	0.08899
V975	0.03249	0.91243	0.00382	0	0.05126
V976	0.03543	0	0	0.12526	0.83931
V977	0.03496	0.1118	0.14122	0.16079	0.55124
V978	0.40314	0.11399	0.20196	0.12445	0.15645
V979	0.86364	0.09063	0	0	0.04572
V980	0.35748	0.06272	0.11653	0.12652	0.33674
V981	0.09339	0.01752	0.04835	0.06421	0.77653
