Neutrophils	Monocytes_CD14.CD16.	Macrophage	T_cells_.CD4..	NK_cells
V1	0.35836	0.09928	0.26207	0.12626	0.15403
V2	0.0703	0.74504	0.05531	0.04851	0.08084
V3	0.08049	0	0.44738	0.41241	0.05971
V4	0.01912	0	0.23908	0.06281	0.67899
V5	0.02308	0	0.05274	0.11133	0.81284
V6	0.36858	0	0.2818	0.21736	0.13226
V7	0.01579	0.01752	0.43274	0.07701	0.45695
V8	0.00983	0.0153	0.8673	0.05925	0.04832
V9	0.07377	0	0.2585	0.6069	0.06083
V10	0.48754	0.00066	0.46789	0	0.04391
V11	0.04673	0	0.10247	0.077	0.7738
V12	0.09637	0	0.22256	0.30375	0.37732
V13	0.15563	0.02219	0.03678	0.41879	0.36661
V14	0.17946	0	0.06724	0.62496	0.12834
V15	0.04932	0.00688	0	0.84863	0.09517
V16	0.59912	0.04486	0.01211	0.30343	0.04048
V17	0.08198	0.23098	0.01361	0.06628	0.60715
V18	0.10227	0.39397	0.25849	0.19369	0.05158
V19	0.03924	0	0	0.1249	0.83586
V20	0.00374	0	0.72582	0.21208	0.05835
V21	0.03726	0.24138	0.13295	0.1634	0.42501
V22	0.83741	0.05487	0.06586	0	0.04186
V23	0.09347	0	0.01718	0.14418	0.74517
V24	0.48747	0.09399	0.01881	0.04033	0.35941
V25	0.04483	0.0072	0.01219	0.42469	0.51109
V26	0.50395	0.17788	0.06265	0.03184	0.22368
V27	0.13661	0.476	0.18534	0.00441	0.19764
V28	0.05168	0.05415	0.20358	0.60373	0.08686
V29	0.01846	0	0.32732	0.58233	0.07189
V30	0.76738	0.0791	0.02742	0.00892	0.11718
V31	0.45261	0.1173	0.01214	0.22075	0.1972
V32	0.93372	0	0.00039	0	0.06589
V33	0.03907	0.18306	0.0133	0.12408	0.6405
V34	0.12886	0.8057	0.01139	0.00366	0.0504
V35	0.10439	0.58384	0.25136	0.01807	0.04234
V36	0.04151	0.15544	0.17107	0.09619	0.5358
V37	0.76645	0	0	0.00081	0.23274
V38	0.13757	0.00379	0.4906	0.19251	0.17553
V39	0.35674	0.00533	0.34207	0.00548	0.29039
V40	0.23612	0.58376	0.02126	0.08894	0.06992
V41	0.06519	0.80262	0.01855	0.00407	0.10958
V42	0.89178	0.00958	0.01969	0	0.07895
V43	0.50783	0.09833	0.35371	0.00487	0.03526
V44	0.04008	0.26717	0.55457	0	0.13819
V45	0.05673	0.63894	0.09629	0.12595	0.08208
V46	0.12536	0.72375	0.07042	0.0222	0.05828
V47	0	0.0166	0.92513	0	0.05828
V48	0.18917	0.1033	0.22635	0.32038	0.16079
V49	0.49386	0.11481	0.23113	0.12135	0.03886
V50	0.01899	0.03351	0.90035	0	0.04715
V51	0.11984	0.24286	0.20094	0.06407	0.37228
V52	0.06839	0.85836	0.01259	0.0066	0.05406
V53	0.05375	0.1547	0.00808	0.7086	0.07488
V54	0.23821	0	0.00482	0.53894	0.21803
V55	0.0966	0	0	0.82279	0.08061
V56	0.09224	0	0	0.73847	0.16929
V57	0.16703	0.10487	0.56959	0.01444	0.14408
V58	0.08014	0	0.1313	0.20976	0.5788
V59	0.88272	0	0.08807	0	0.02921
V60	0.45337	0.17502	0.1278	0.11144	0.13237
V61	0.21431	0	0.02128	0.22781	0.5366
V62	0.07266	0	0.30919	0.14161	0.47654
V63	0.4215	0.23331	0.0641	0.02878	0.2523
V64	0.94615	0	0.0204	0	0.03345
V65	0.11194	0.05675	0.0387	0.60779	0.18483
V66	0.04733	0	0.12934	0.74514	0.0782
V67	0.01649	0	0.34566	0.10447	0.53338
V68	0.48496	0	0.39827	0.01798	0.09879
V69	0.62597	0.08669	0.2031	0.0025	0.08174
V70	0.07863	0.67432	0.04702	0.13759	0.06243
V71	0.10778	0.73979	0.04731	0.05159	0.05353
V72	0.05702	0.38272	0.02541	0.04344	0.49141
V73	0.0779	0	0.09805	0.57031	0.25374
V74	0.03927	0.0441	0.00702	0.76549	0.14412
V75	0.49195	0.15708	0.30975	0	0.04122
V76	0.03347	0	0.01332	0.81967	0.13354
V77	0.01903	0.00828	0.89918	0.02509	0.04842
V78	0	0.02469	0.91708	0	0.05823
V79	0.09939	0.3806	0.04248	0.13964	0.33788
V80	0.13645	0.69659	0.00862	0.04474	0.11361
V81	0.00725	0.01703	0.92585	0	0.04988
V82	0.26277	0.13483	0.03018	0.51057	0.06165
V83	0.1235	0.05539	0.02082	0.53843	0.26187
V84	0.11161	0.14736	0.00361	0.07325	0.66417
V85	0	0.01737	0.93052	0	0.05211
V86	0.04249	0.22963	0.30327	0.36385	0.06076
V87	0.48444	0	0.03862	0.41959	0.05735
V88	0.33905	0.13237	0.05477	0.1914	0.28241
V89	0.04614	0.09306	0.79468	0.0223	0.04382
V90	0.03631	0.16263	0.05685	0.12074	0.62347
V91	0.03095	0	0.07613	0.81321	0.0797
V92	0.26511	0.00744	0.02584	0.06985	0.63176
V93	0.03223	0.06314	0.16443	0.51068	0.22953
V94	0.05905	0.15021	0.02127	0.251	0.51848
V95	0.08132	0.21135	0.02174	0.11987	0.56573
V96	0.81824	0	0.0202	0.01057	0.15099
V97	0.18524	0	0.04355	0.13498	0.63624
V98	0.07132	0.35172	0.18192	0.12243	0.27261
V99	0.5402	0.10428	0.00458	0.20743	0.14351
V100	0.56381	0.13301	0.05294	0.04449	0.20575
V101	0.07633	0.84617	0.01955	0.00539	0.05256
V102	0.33645	0.21216	0.13972	0.09983	0.21184
V103	0.13813	0	0	0.07769	0.78419
V104	0.06511	0.39009	0.08582	0.04115	0.41783
V105	0.02652	0	0.03634	0.12123	0.81591
V106	0.06535	0.71509	0.1446	0.00291	0.07205
V107	0.05454	0.19947	0.66609	0.03109	0.0488
V108	0.01798	0.16687	0.77069	0	0.04446
V109	0.08103	0.19459	0.05723	0.2808	0.38635
V110	0.1911	0.47526	0.18496	0.09499	0.05368
V111	0.29736	0.2005	0.47033	0	0.03181
V112	0.19906	0	0.10151	0.46509	0.23433
V113	0.25654	0	0.09971	0.16179	0.48196
V114	0.60754	0.04172	0.05159	0.16092	0.13824
V115	0.88047	0	0	0	0.11953
V116	0.02721	0	0	0.09657	0.87622
V117	0.05332	0.00452	0.81044	0.06639	0.06533
V118	0.06557	0	0	0.83492	0.09951
V119	0.35358	0	0.39416	0.21611	0.03614
V120	0.01053	0	0.81502	0.0968	0.07764
V121	0.20192	0.68716	0.00836	0.00543	0.09713
V122	0.05612	0.36729	0.08742	0.2281	0.26107
V123	0.53162	0.00367	0.07842	0.18418	0.2021
V124	0.24014	0.08223	0.06345	0.22968	0.38451
V125	0.05001	0.42253	0.47829	0	0.04916
V126	0.17614	0.15713	0.22415	0.11827	0.3243
V127	0.2885	0	0.64426	0.02887	0.03837
V128	0.20954	0.71687	0.01639	0	0.0572
V129	0.29641	0.00334	0.27718	0.17085	0.25223
V130	0.05351	0.48137	0.04528	0.2152	0.20465
V131	0.0343	0	0.22776	0.67022	0.06772
V132	0.38052	0	0	0.33725	0.28223
V133	0.01217	0.03399	0.56146	0.09097	0.3014
V134	0.07555	0.01185	0.78322	0.01242	0.11696
V135	0.02678	0.08634	0.72553	0.01786	0.14348
V136	0.96042	0	0.00354	0	0.03604
V137	0.92434	0.00463	0.00582	0.00969	0.05551
V138	0.27582	0.11348	0.08162	0.14263	0.38645
V139	0.13933	0	0.15228	0.64222	0.06617
V140	0.03577	0	0.15258	0.07053	0.74112
V141	0.02492	0.20055	0.64122	0.08207	0.05124
V142	0.22792	0	0.32996	0.12989	0.31222
V143	0.03095	0.17335	0.48614	0.13589	0.17368
V144	0.52955	0.18841	0.07177	0.105	0.10528
V145	0	0.02219	0.90929	0.00266	0.06587
V146	0.05813	0.32756	0.00854	0.30754	0.29823
V147	0.10437	0.04744	0.68809	0.09069	0.06941
V148	0.16522	0.73542	0.01682	0.02301	0.05952
V149	0.03567	0	0	0.83504	0.12928
V150	0.15245	0.16765	0.5802	0	0.0997
V151	0.46214	0	0.00554	0.38848	0.14384
V152	0.03554	0	0.1086	0.72153	0.13433
V153	0.18675	0.15576	0.46363	0.04065	0.1532
V154	0.13476	0.56497	0.02888	0.03531	0.23609
V155	0.05747	0	0.12884	0.73666	0.07704
V156	0.1161	0.00128	0.41151	0.15549	0.31562
V157	0.11467	0.01489	0.17386	0.28916	0.40742
V158	0.20862	0	0.44817	0.04719	0.29602
V159	0.13905	0.20095	0.01517	0.55477	0.09007
V160	0.48597	0.12867	0.09803	0.04192	0.24541
V161	0.23703	0	0.05825	0.05528	0.64944
V162	0	0.02836	0.92071	0	0.05093
V163	0.06689	0	0.00518	0.11014	0.81779
V164	0.92664	0.03009	0.01441	0	0.02887
V165	0.62892	0.18242	0.08645	0.03319	0.06902
V166	0.07101	0	0.23631	0.56258	0.1301
V167	0.05898	0.61456	0.02297	0.12395	0.17953
V168	0	0.02836	0.92071	0	0.05093
V169	0.07235	0.6476	0.15519	0.06648	0.05838
V170	0.26669	0.35784	0.05895	0.17691	0.13961
V171	0.33896	0.04971	0.37068	0.16083	0.07983
V172	0.20126	0.19784	0.07301	0.05052	0.47737
V173	0.2417	0.07444	0.09254	0.39309	0.19822
V174	0.22851	0	0.35399	0.19417	0.22333
V175	0.09629	0.12039	0.12221	0.19704	0.46407
V176	0.39709	0	0.00019	0.54873	0.05398
V177	0.21387	0.00659	0.57853	0.15632	0.0447
V178	0.30648	0.0103	0.47126	0.10117	0.1108
V179	0.11245	0	0	0.08107	0.80648
V180	0.03547	0	0.354	0.04584	0.56469
V181	0.08408	0.26035	0	0.09484	0.56073
V182	0.58179	0.20185	0.007	0.13957	0.06978
V183	0.08567	0.84337	0.01191	0	0.05905
V184	0.34376	0	0.29564	0.30057	0.06002
V185	0.12382	0.45871	0.02722	0.14252	0.24773
V186	0.15943	0.15849	0.02936	0.26039	0.39234
V187	0.09862	0.64994	0.00882	0.18448	0.05814
V188	0.86822	0	0.03394	0.06391	0.03393
V189	0.47742	0.21031	0.03908	0.22709	0.0461
V190	0.44933	0.0303	0.22373	0.01964	0.277
V191	0.2429	0.19749	0.00606	0.40061	0.15294
V192	0.35134	0.15832	0.13039	0.20189	0.15807
V193	0.08177	0.18291	0.52451	0.03725	0.17356
V194	0.29446	0.01733	0.08888	0.12558	0.47375
V195	0.59195	0.13937	0.23586	0	0.03282
V196	0.02057	0	0.05089	0.11194	0.81659
V197	0.08429	0.81967	0.01133	0.02638	0.05833
V198	0.25603	0.19787	0.0386	0.20581	0.30169
V199	0.77394	0	0.20685	0	0.01921
V200	0.78352	0	0.0233	0.01314	0.18004
V201	0.05907	0	0.01561	0.68917	0.23616
V202	0.92323	0.03984	0	0	0.03693
V203	0.55169	0.22419	0.03008	0.04597	0.14807
V204	0.36849	0.04587	0.0343	0.03574	0.51561
V205	0.13607	0.00142	0.12034	0.11538	0.6268
V206	0.07184	0.08241	0	0.73881	0.10693
V207	0.04932	0.00688	0	0.84863	0.09517
V208	0.17375	0.18921	0.48131	0.03654	0.11918
V209	0.17947	0	0.09668	0.08054	0.64331
V210	0	0.01512	0.92585	0	0.05903
V211	0.17647	0	0.20682	0.06574	0.55097
V212	0.07798	0.71543	0.07894	0.03459	0.09306
V213	0.11646	0	0.0545	0.28033	0.54871
V214	0.03876	0.51703	0.37363	0.00612	0.06446
V215	0.27584	0.19144	0.14032	0.08692	0.30548
V216	0.07142	0.01019	0.3393	0.07224	0.50685
V217	0.03024	0	0.01987	0.79463	0.15526
V218	0.09488	0.16326	0.2889	0.32417	0.12879
V219	0.1473	0.24112	0.38657	0.17674	0.04827
V220	0.19972	0.68901	0.06167	0	0.0496
V221	0.05531	0.04028	0.50894	0.0283	0.36717
V222	0.03614	0	0	0.10126	0.8626
V223	0.54984	0	0.31075	0.09897	0.04044
V224	0.06415	0.52392	0.02881	0.09129	0.29183
V225	0.71655	0.13027	0.12353	0	0.02965
V226	0.45509	0.49632	0.00518	0	0.04341
V227	0.11916	0.24255	0.00802	0.53964	0.09063
V228	0.61744	0	0.27069	0.05198	0.05989
V229	0.28565	0.36248	0.2596	0.02993	0.06235
V230	0.03355	0	0	0.10154	0.86492
V231	0.08543	0.57592	0.06269	0.15657	0.11939
V232	0.80694	0	0.17325	0	0.0198
V233	0.07667	0	0.14957	0.13621	0.63755
V234	0.04081	0.3519	0.2113	0.32164	0.07435
V235	0.96456	0	0	0.00221	0.03322
V236	0.09197	0	0.6439	0.17638	0.08775
V237	0.14958	0.05088	0.27024	0.31106	0.21824
V238	0.02739	0	0	0.3176	0.65501
V239	0.08949	0.38294	0.05139	0.17833	0.29785
V240	0.08255	0.78852	0.01797	0.01554	0.09541
V241	0.06847	0.85857	0.0125	7e-05	0.06038
V242	0.05495	0.29492	0.29472	0.25411	0.1013
V243	0.50268	0	0.32476	0.01727	0.15529
V244	0.05129	0.38194	0.19048	0.08986	0.28643
V245	0.06593	0.82965	0.03407	0.01864	0.0517
V246	0.62113	0.23686	0.03014	0	0.11187
V247	0.20901	0.07354	0.61836	0.03568	0.06341
V248	0.11473	0.57408	0.02905	0.02348	0.25866
V249	0.28351	0.03265	0.21039	0.11095	0.3625
V250	0.02758	0.01511	0.65632	0.03994	0.26106
V251	0.24545	0	0.08959	0.56455	0.10041
V252	0.03578	0.0993	0.55443	0.14398	0.16651
V253	0.30417	0.52991	0.08379	0.03081	0.05133
V254	0.52333	0.35852	0.00312	0.06553	0.0495
V255	0.8344	0.05349	0	0.00851	0.1036
V256	0.06148	0.71708	0.02439	0.0178	0.17925
V257	0.46171	0.26657	0.14429	0.02477	0.10266
V258	0.18522	0.29604	0.05031	0.40866	0.05978
V259	0.54405	0.23734	0.17207	0	0.04654
V260	0.29152	0	0.10662	0.10964	0.49222
V261	0.03504	0	0.51699	0.28159	0.16639
V262	0.91879	0	0.04995	0	0.03126
V263	0.81579	0.05285	0.01281	0.088	0.03054
V264	0.08384	0.8138	0.01859	0.03233	0.05143
V265	0.83792	0.05516	0.07514	0	0.03177
V266	0.02904	0	0.07761	0.09757	0.79578
V267	0.06738	0	0	0.20588	0.72674
V268	0.21751	0.39642	0.14093	0.16117	0.08397
V269	0.1056	0.29563	0.35413	0.17269	0.07195
V270	0.07356	0	0.02847	0.82008	0.07789
V271	0.23044	0.66958	0.01512	0.01538	0.06949
V272	0.11778	0.75889	0.03212	0.01186	0.07936
V273	0.31698	0	0.17501	0.31775	0.19025
V274	0.11848	0.01163	0.03622	0.2347	0.59897
V275	0.06338	0.65622	0.14675	0.07459	0.05906
V276	0.01685	0	0.69602	0.21497	0.07216
V277	0.37404	0	0.57337	0	0.05259
V278	0.02345	0.01582	0.34163	0.44459	0.17451
V279	0.16976	0	0.00751	0.70953	0.11321
V280	0.22185	0	0.03515	0.59728	0.14572
V281	0.05407	0.20507	0.04198	0.62442	0.07445
V282	0.07702	0.85117	0.01223	0	0.05958
V283	0.38225	0	0.10583	0.04942	0.4625
V284	0.0352	0.10854	0.53386	0.01373	0.30868
V285	0.50784	0.43015	0.00426	0.01407	0.04368
V286	0.08526	0.01691	0.82854	0.02075	0.04854
V287	0.27661	0.03301	0.17212	0.28814	0.23013
V288	0.21383	0	0.62935	0	0.15682
V289	0.18411	0.19914	0.02341	0.52861	0.06474
V290	0.42702	0.41194	0.12927	0	0.03178
V291	0.43151	0.17908	0.00661	0.33077	0.05203
V292	0.13632	0.00064	0.41771	0.05462	0.39071
V293	0.00528	0.10594	0.79304	0.03459	0.06116
V294	0.02654	0	0	0.09556	0.87789
V295	0.034	0.00473	0.33047	0.49842	0.13237
V296	0.85716	0.08693	0	0	0.05591
V297	0.02344	0.00217	0.7757	0.11437	0.08432
V298	0.31674	0	0	0.5281	0.15515
V299	0.28772	0	0.0047	0.64819	0.05939
V300	0.96707	0	0	0	0.03293
V301	0.95425	0	0.00147	0.00784	0.03644
V302	0.02896	0	7e-05	0.43193	0.53904
V303	0.12995	0.14715	0.21562	0.18551	0.32178
V304	0.19583	0.0168	0.73324	0	0.05413
V305	0.23143	0.28802	0.09351	0.11065	0.27639
V306	0.32521	0.60757	0.00701	0.00512	0.05509
V307	0.25712	0	0.26606	0.43044	0.04637
V308	0.24775	0	0.6561	0.05551	0.04065
V309	0.68161	0.03005	0.05068	0.10534	0.13232
V310	0.0521	0	0.00167	0.1613	0.78493
V311	0.03974	0	0.03735	0.83336	0.08955
V312	0.1047	0.2236	0.25003	0.0254	0.39626
V313	0.08683	0.27624	0.01524	0.31258	0.30911
V314	0.105	0	0	0.39884	0.49616
V315	0.9398	0	0.00813	0	0.05207
V316	0.1245	0.5167	0.23944	0.02318	0.09618
V317	0.4003	0.05386	0.49865	0	0.04719
V318	0.9022	0	0	0	0.0978
V319	0.10724	0.04799	0.80482	0	0.03995
V320	0.10402	0	0.00022	0.8107	0.08506
V321	0.15294	0.30262	0.30218	0.17909	0.06318
V322	0.01909	0.2394	0.5633	0.04336	0.13484
V323	0.26771	0.18277	0.43289	0.00946	0.10717
V324	0.06765	0.02105	0.04086	0.7869	0.08354
V325	0.65808	0.07176	0.0857	0.09878	0.08568
V326	0.06727	0	0.05125	0.18283	0.69865
V327	0.34013	0.4492	0.10879	0.01174	0.09015
V328	0.07089	0.26498	0.1628	0.43101	0.07032
V329	0.02233	0.02993	0.39009	0.4898	0.06784
V330	0.08286	0.01654	0.81841	0	0.08219
V331	0.15729	0	0.08797	0.13209	0.62265
V332	0.48542	0.01932	0.44293	0	0.05232
V333	0.43709	0	0.30963	0.14407	0.10921
V334	0.05198	0.25817	0.54348	0.06813	0.07824
V335	0.74905	0.02071	0.08309	0.02231	0.12484
V336	0.17092	0.53021	0.2485	0	0.05037
V337	0.0262	0	0.00749	0.21275	0.75356
V338	0.74152	0	0.14839	0.00338	0.10671
V339	0.2189	0.49504	0.18008	0	0.10599
V340	0.05309	0.14175	0.11227	0.09668	0.59621
V341	0.03461	0.45264	0.41859	0.00094	0.09321
V342	0.31367	0.1182	0.44556	0.08856	0.03401
V343	0.70163	0	0.27704	0	0.02133
V344	0.11581	0.70356	0.04629	0.02199	0.11235
V345	0.2482	0.01903	0.00195	0.3006	0.43023
V346	0.05384	0.28479	0.31411	0.26894	0.07832
V347	0.10482	0.48652	0.02873	0.29226	0.08767
V348	0.03124	0.11677	0.44912	0.23139	0.17148
V349	0.0741	0.2765	0.51959	0.0081	0.12171
V350	0.13206	0.38682	0.08711	0.22254	0.17147
V351	0.19944	0.00203	0.44128	0.29898	0.05828
V352	0.11806	0.50094	0.3349	0	0.04609
V353	0.27357	0.30005	0.03986	0.05757	0.32895
V354	0.57681	0	0.40003	0	0.02316
V355	0.10666	0	0.33715	0.49433	0.06186
V356	0.09624	0.01503	0.81319	0.00625	0.0693
V357	0.0541	0.01874	0.52216	0.0446	0.3604
V358	0.05762	0.01253	0.03261	0.81032	0.08692
V359	0.08233	0.09214	0.00702	0.74345	0.07506
V360	0.73787	0.01238	0.09214	0.12827	0.02934
V361	0.34777	0.44423	0.09078	0	0.11722
V362	0.82029	0	0.08822	0	0.09149
V363	0.05372	0.00664	0.00236	0.20085	0.73643
V364	0.06627	0.26694	0.02446	0.42295	0.21938
V365	0.03468	0	0.0056	0.8474	0.11232
V366	0.22401	0.01704	0.59854	0.04985	0.11057
V367	0.25237	0.1879	0.2125	0.16166	0.18556
V368	0.76701	0.05246	0.12462	0	0.05591
V369	0.05798	0.60555	0.22631	0.06495	0.04521
V370	0.04517	0.13505	0.12449	0.36484	0.33046
V371	0.07408	0.82615	0.04934	0	0.05043
V372	0.67927	0.03367	0.14757	0.09148	0.048
V373	0.13172	0.60975	0.12908	0.07951	0.04994
V374	0.11935	0.02451	0.38477	0.41977	0.0516
V375	0.31824	0	0.59735	0.0525	0.03192
V376	0.0185	0	0.40982	0.04869	0.52298
V377	0.1059	0.47145	0.20647	0.16489	0.05128
V378	0.14796	0.5125	0.17489	0.001	0.16365
V379	0.04062	0	0.10694	0.13128	0.72116
V380	0.04033	0.03067	0.17483	0.49754	0.25663
V381	0.17397	0.0217	0.00155	0.0707	0.73209
V382	0.43728	0	0	0.29062	0.27211
V383	0.0526	0	0.26938	0.6149	0.06311
V384	0.32282	0.0122	0.16974	0.40369	0.09156
V385	0.10935	0.07545	0.00255	0.07403	0.73862
V386	0.6801	0	0	0.28213	0.03776
V387	0.29986	0	0.00242	0.61636	0.08135
V388	0.07246	0.77759	0.04043	0.05353	0.05598
V389	0.13645	0.72072	0.02374	0.027	0.09209
V390	0.20291	0	0	0.64849	0.1486
V391	0.72821	0.12753	0	0.05879	0.08547
V392	0.94664	0.01559	0.00725	0	0.03052
V393	0.12698	0	0.1518	0.52224	0.19898
V394	0.73565	0	0.01938	0.13874	0.10623
V395	0.01917	0	0.37388	0.53697	0.06999
V396	0.5628	0	0.40745	0	0.02974
V397	0.69672	0.10874	0.03593	0.09456	0.06405
V398	0.08392	0	0.1646	0.6198	0.13168
V399	0.06565	0.00552	0	0.3041	0.62473
V400	0.18196	0.49231	0.15735	0.12644	0.04193
V401	0.33247	0	0.62518	0.01156	0.0308
V402	0.39972	0	0.45002	0.05326	0.097
V403	0.17639	0.05031	0	0.17531	0.59799
V404	0.01765	0.03283	0.48807	0.36751	0.09395
V405	0.37307	0.22893	0.07432	0.20143	0.12225
V406	0.01853	0.02991	0.89082	0	0.06074
V407	0.90546	0.01157	0.0359	0.01932	0.02776
V408	0.05902	0.35861	0.00909	0.25456	0.31871
V409	0.13458	0	0.05917	0.65666	0.14959
V410	0.14462	0.10605	0.32906	0.0602	0.36007
V411	0.02693	0	0	0.10448	0.86859
V412	0.04114	0.12205	0.13153	0.07497	0.63031
V413	0.04876	0.23422	0.15394	0.35339	0.20969
V414	0.06936	0.06785	0	0.47129	0.3915
V415	0.18061	0	0	0.07108	0.74831
V416	0.13225	0.06265	0.01907	0.18693	0.5991
V417	0.01359	0.00219	0.76564	0.11731	0.10127
V418	0.55042	0.36541	0.02475	0	0.05943
V419	0.2745	0	0.01428	0.15616	0.55506
V420	0.24884	0	0.09645	0.08354	0.57117
V421	0.02006	0	0.12781	0.10858	0.74355
V422	0.04292	0	0.04733	0.69741	0.21235
V423	0.31711	0.15615	0.29261	0.17581	0.05833
V424	0.01004	0	0.49749	0.03359	0.45888
V425	0.35388	0.35154	0.00177	0.01976	0.27305
V426	0.2658	0.15514	0.02177	0.43662	0.12066
V427	0.21526	0.5903	0.14991	0	0.04453
V428	0.11439	0.61065	0.07879	0.08155	0.11461
V429	0.13692	0.73274	0.00955	0.05365	0.06713
V430	0.04633	0	0.41894	0.19844	0.33629
V431	0.13685	0.34175	0.20177	0.23021	0.08942
V432	0.33929	0.03054	0.13007	0.33484	0.16526
V433	0.21226	0	0.52199	0.20562	0.06013
V434	0.25882	0.25494	0.37618	0.00298	0.10708
V435	0.57829	0.01509	0.36261	0.01033	0.03368
V436	0.0817	0.55978	0.1046	0.05393	0.19999
V437	0.21766	0	0.02347	0.20357	0.5553
V438	0.15859	0.27831	0.20265	0.26246	0.09799
V439	0.63271	0	0.04039	0.2798	0.0471
V440	0.03387	0.32929	0.54539	0.0056	0.08585
V441	0.04807	0.50719	0.37496	0.01927	0.05051
V442	0.07671	0.85088	0.01976	0	0.05264
V443	0.9477	0	0.00112	0.0213	0.02988
V444	0.17667	0.40712	0.03539	0.30293	0.07788
V445	0.09133	0.38894	0.04382	0.40478	0.07115
V446	0.14214	0.00479	0.10319	0.55895	0.19093
V447	0.09131	0	0.00569	0.46746	0.43553
V448	0.1857	0	0.01106	0.08366	0.71957
V449	0	0.02836	0.92071	0	0.05093
V450	0.23449	0.05769	0.25618	0.14236	0.30929
V451	0.30437	0.16691	0.06519	0.32473	0.1388
V452	0.03608	0	0.15927	0.69657	0.10808
V453	0.04244	0	0	0.47915	0.47842
V454	0.01465	0	0.69261	0.03194	0.2608
V455	0.08163	0.20448	0.28414	0.06359	0.36616
V456	0.94037	0	0	0.00318	0.05645
V457	0.68157	0.17843	0.03708	0.04019	0.06273
V458	0.03643	0.33905	0.50136	0.04458	0.07859
V459	0.16759	0.03326	0.05533	0.48458	0.25924
V460	0.70706	0.00584	0.20063	0.04131	0.04516
V461	0.20957	0.27454	0.24875	0.02139	0.24575
V462	0.07965	0.05707	0.01251	0.50881	0.34197
V463	0.24688	0.0336	0.01258	0.63834	0.06861
V464	0.17255	0.16018	0.62467	0	0.0426
V465	0.06585	0.07787	0.01125	0.09376	0.75127
V466	0.0441	0	0	0.17016	0.78574
V467	0.08616	0.23517	0.0242	0.51622	0.13825
V468	0.56678	0.26969	0.11074	0	0.05279
V469	0.04502	0.31206	0.05971	0.27535	0.30787
V470	0.85556	0.02521	0.02749	0.05715	0.03458
V471	0.41227	0.26469	0.03131	0.13315	0.15857
V472	0.02999	0.00966	0.0388	0.08799	0.83355
V473	0.05422	0.1949	0.24658	0.30475	0.19955
V474	0.32479	0.1029	0.06409	0.42294	0.08527
V475	0.17591	0.00701	0.6006	0.02705	0.18943
V476	0.18831	0.00437	0.10218	0.5931	0.11204
V477	0.06817	0.85835	0.0201	0	0.05339
V478	0.19558	0	0	0.06943	0.73498
V479	0.85653	0.02503	0.03513	0.04922	0.03409
V480	0.15469	0.61415	0.0618	0.09825	0.07111
V481	0.26691	0.33824	0.06741	0.1715	0.15594
V482	0.12584	0.63502	0.18543	0	0.05371
V483	0.32801	0.49581	0.00493	0.08908	0.08218
V484	0.23756	0.47836	0.12017	0.11053	0.05338
V485	0.68905	0.04259	0.12016	0.09981	0.04841
V486	0.08469	0.05162	0.3045	0.03967	0.51952
V487	0.15534	0.10089	0.41641	0.27579	0.05158
V488	0.44722	0.03585	0	0.33047	0.18646
V489	0.01482	0.21139	0.65589	0.05874	0.05915
V490	0.01519	0.0018	0.74224	0.18426	0.05652
V491	0.05966	0.4415	0.05239	0.11336	0.33308
V492	0.06145	0.12249	0.03238	0.69023	0.09346
V493	0.04245	0	0.00322	0.85864	0.09569
V494	0.34922	0	0.01058	0.52094	0.11926
V495	0.3574	0.18393	0.21877	0.15231	0.08759
V496	0.16035	0.00059	0.05308	0.06714	0.71884
V497	0.12388	0.0026	0.1504	0.14572	0.57739
V498	0.09195	0.80156	0.03308	0.00492	0.06849
V499	0.06133	0.20392	0.26363	0.08473	0.38639
V500	0.13184	0.45867	0.11414	0.19914	0.09621
V501	0.09445	0.3018	0.01508	0.05604	0.53263
V502	0.14494	0.74023	0.04714	0.02123	0.04646
V503	0.47322	0	0.20935	0.13481	0.18262
V504	0.50357	0.17409	0.00541	0.01887	0.29806
V505	0.64639	0	0.01678	0.08634	0.25048
V506	0.05078	0.49767	0.07001	0.03428	0.34726
V507	0.85375	0	0.02463	0.07101	0.05062
V508	0.04906	0.59911	0.20984	0.03496	0.10703
V509	0.07733	0.4322	0.14316	0.18541	0.16191
V510	0.41675	0.46209	0.0499	0.02806	0.0432
V511	0.07537	0.28651	0.50994	0.02941	0.09878
V512	0.16934	0.42942	0.17799	0.04762	0.17564
V513	0.18309	0.63531	0.07747	0.03573	0.06841
V514	0.0236	0	0.22307	0.09393	0.6594
V515	0.10473	0.11101	0	0.71153	0.07273
V516	0.18408	0.33416	0.11362	0.30694	0.0612
V517	0.04641	0.01297	0.05085	0.80372	0.08604
V518	0.44158	0	0.32599	0.1714	0.06103
V519	0.81128	0.03348	0.00502	0.11217	0.03805
V520	0.09168	0.78691	0.0257	0.04558	0.05013
V521	0.23195	0	0.13006	0.57783	0.06015
V522	0.05871	0.17485	0.5668	0.12008	0.07956
V523	0.15568	0.03938	0.73483	0.02597	0.04414
V524	0.35273	0.00464	0.55856	0	0.08407
V525	0.03797	0.18325	0.03044	0.07612	0.67221
V526	0.04225	0.03103	0.84434	0.00879	0.07359
V527	0.09514	0.4514	0.3895	0.00318	0.06078
V528	0.17718	0	0.01455	0.74063	0.06764
V529	0.21749	0.01611	0.71987	0	0.04653
V530	0.02066	0.02274	0.85339	0.03464	0.06857
V531	0.19446	0.48719	0.09439	0.02038	0.20357
V532	0.0815	0.23723	0.30151	0.02118	0.35859
V533	0.2907	0	0	0.05696	0.65234
V534	0.15716	0.04728	0	0.70382	0.09175
V535	0.82418	0.09381	0.05129	0	0.03072
V536	0.14325	0.15268	0.39132	0.04028	0.27248
V537	0.0413	0	0.01116	0.09102	0.85651
V538	0.65122	0.07992	0.0041	0.03196	0.2328
V539	0.02207	0.13638	0.64677	0.08965	0.10513
V540	0.18396	0.44238	0.09445	0.05462	0.2246
V541	0.05749	0.38419	0.02534	0.06481	0.46816
V542	0.06462	0.31539	0.11504	0.39687	0.10808
V543	0.07225	0.09187	0.67213	0.03898	0.12477
V544	0.36942	0.15951	0.18748	0.06492	0.21867
V545	0.61924	0.33741	0.0101	0	0.03325
V546	0.08679	0.7291	0.08687	0.00533	0.09192
V547	0.10914	0.72853	0.00962	0.0839	0.06882
V548	0.03983	0.04602	0.00785	0.81523	0.09106
V549	0.02572	0	0.01624	0.22691	0.73113
V550	0.06167	0.78397	0.09587	0.00303	0.05547
V551	0.04385	0	0	0.86548	0.09067
V552	0.24559	0	0.0125	0.09001	0.65189
V553	0.79564	0	0.01271	0.12307	0.06858
V554	0.12674	0.02757	0.49479	0.29032	0.06057
V555	0.06692	0.842	0.01929	0.00038	0.07142
V556	0.11038	0.02776	0.05702	0.69176	0.11309
V557	0.33664	0.21606	0.03959	0.31873	0.08898
V558	0.0138	0.01411	0.77121	0.13089	0.06999
V559	0.11138	0.392	0.43076	0	0.06586
V560	0.63226	0.20881	0.13307	0	0.02585
V561	0.72775	0	0.13118	0	0.14107
V562	0.14755	0.02312	0.15986	0.12972	0.53976
V563	0.23885	0.23084	0.21169	0.10987	0.20874
V564	0.38019	0	0.0586	0.337	0.2242
V565	0.02528	0	0.00787	0.12588	0.84097
V566	0.32715	0.11134	0.0286	0.31617	0.21675
V567	0.01749	0.01278	0.91495	0	0.05478
V568	0.04604	0.20225	0.42924	0.27344	0.04902
V569	0.65784	0.0632	0.11207	0.10339	0.0635
V570	0.158	0	0.2891	0.43765	0.11525
V571	0.2868	0	0.23589	0.32249	0.15482
V572	0.85076	0	0	0	0.14924
V573	0.0994	0.04409	0.34594	0.3618	0.14877
V574	0.53739	0.25838	0.08029	0.07191	0.05204
V575	0.39431	0	0.1213	0.06962	0.41478
V576	0.06563	0.80961	0.01857	0.00952	0.09667
V577	0.41678	0.46208	0.04204	0.0356	0.04351
V578	0.03946	0.14156	0.5192	0.20728	0.0925
V579	0.04003	0.48176	0.31764	0.02238	0.13819
V580	0.22932	0.50635	0.02025	0.17877	0.06531
V581	0.06679	0.45323	0.36612	0.06448	0.04938
V582	0	0.05564	0.89433	0	0.05003
V583	0.63477	0	0.33945	4e-04	0.02538
V584	0.237	0.46828	0.11102	0.02894	0.15475
V585	0.06926	0.716	0.07103	0.04976	0.09395
V586	0.05614	0.72777	0.16079	0.0079	0.04739
V587	0.07766	0.64323	0.01526	0.03692	0.22693
V588	0.23824	0.36783	0.35411	0	0.03981
V589	0.12221	0.38028	0.05193	0.37056	0.07502
V590	0.07174	0.72905	0.00959	0.0175	0.17212
V591	0.45656	0.46028	0.04159	0	0.04156
V592	0.0205	0	0.75958	0.03122	0.1887
V593	0.44003	0	0	0.4677	0.09227
V594	0.01178	0.11546	0.64858	0.13271	0.09146
V595	0.56039	0.00425	0.06931	0.2926	0.07344
V596	0.48146	0.15653	0.21158	0.09798	0.05246
V597	0.04942	0.172	0.00462	0.1558	0.61816
V598	0.60251	0	0	0.01722	0.38027
V599	0.09909	0.37502	0.09613	0.34832	0.08144
V600	0.30388	0	0.18556	0.36249	0.14808
V601	0.16991	0.07435	0.00383	0.46838	0.28353
V602	0.82229	0.14547	0.00116	0	0.03108
V603	0.1558	0.11426	0.02808	0.1672	0.53466
V604	0.02603	0.00774	0.71169	0.09727	0.15727
V605	0.04785	0.03706	0.13215	0.12293	0.66002
V606	0.84471	0	0	0	0.15529
V607	0.18741	0.08158	0.0189	0.0669	0.6452
V608	0.7773	0	0.02944	0.06797	0.1253
V609	0.20924	0.28289	0.01588	0.37259	0.1194
V610	0.10736	0.61798	0.01542	0.20153	0.05771
V611	0.28783	0.00752	0.61772	0.00408	0.08286
V612	0.40825	0.01425	0.31967	0.01515	0.24268
V613	0.40994	0.49612	0.04254	0.01356	0.03784
V614	0.56869	0	0.01557	0.08405	0.33168
V615	0.03387	0.07283	0.13417	0.5547	0.20443
V616	0.67849	0	0.14667	0.11533	0.05951
V617	0.24589	0.04365	0.47314	0.0826	0.15472
V618	0.74812	0.06005	0.06688	0.00108	0.12387
V619	0.58051	0.00477	0.15897	0.00771	0.24804
V620	0.06395	0.00531	0.36092	0.50462	0.0652
V621	0.15857	0.19245	0.30262	0.01549	0.33086
V622	0.03531	0.1861	0.35479	0.03417	0.38962
V623	0.09402	0	0	0.67247	0.2335
V624	0.9085	0	0	0.00454	0.08696
V625	0.03559	0.04383	0.09652	0.74287	0.08119
V626	0.08836	0.00943	0.56076	0.27228	0.06915
V627	0.12814	0.12869	0.12028	0.06963	0.55327
V628	0.95516	0	0.00556	0.00802	0.03126
V629	0.1324	0.21401	0.60408	0.00462	0.04488
V630	0.03733	0.16251	0.0216	0.08759	0.69098
V631	0.01529	0	0.27704	0.0658	0.64187
V632	0.0714	0.71686	0.01667	0.03702	0.15805
V633	0.07753	0	0.08785	0.5194	0.31522
V634	0.41146	0.40814	0.14757	0	0.03284
V635	0.05806	0.08003	0.1907	0.06913	0.60207
V636	0.22205	0.13883	0.32045	0.175	0.14367
V637	0.23442	0	0.41806	0.22852	0.119
V638	0.10169	0.43699	0.02663	0.09679	0.33789
V639	0.52095	0.36411	0.0788	0	0.03614
V640	0.13486	0.16214	0.08426	0.24134	0.3774
V641	0.11719	0.6708	0.03096	0.11361	0.06744
V642	0.76125	0.00413	0.00442	0.19519	0.03501
V643	0.07202	0.79004	0.07188	0.01672	0.04934
V644	0.07223	0.40785	0.02772	0.40526	0.08694
V645	0.17403	0.69238	0.02358	0.0642	0.0458
V646	0.15627	0.49707	0.03662	0.2057	0.10434
V647	0.93521	0	0.00015	0.03513	0.02951
V648	0.47421	0.07591	0.00382	0.26402	0.18204
V649	0.29736	0.05863	0.08016	0.12947	0.43438
V650	0.04898	0	0.05429	0.81847	0.07826
V651	0.17204	0.1885	0	0.57733	0.06213
V652	0.38667	0	0.02925	0.52017	0.06391
V653	0.37132	0	0.04843	0.49468	0.08556
V654	0.05524	0.05779	0	0.13105	0.75591
V655	0.18211	0.03138	0.30798	0.42139	0.05713
V656	0.13359	0	0	0.15533	0.71108
V657	0.06361	0.4602	0.03664	0.29604	0.14352
V658	0.05658	0.00737	0.03032	0.60177	0.30396
V659	0.0449	0.00114	0.07762	0.74652	0.12982
V660	0.0846	0.31244	0.02349	0.07637	0.5031
V661	0.06861	0.61507	0.023	0.15801	0.13532
V662	0.0587	0.41211	0.02609	0.04006	0.46304
V663	0.96466	0	0.00466	0	0.03068
V664	0.04047	0	0.11508	0.40507	0.43938
V665	0.04913	0.59118	0.21044	0.06989	0.07936
V666	0.10906	0.7919	0.04836	0.00217	0.0485
V667	0.05368	0.51094	0.26228	0.08663	0.08647
V668	0.64843	0.21017	0.05344	0.03849	0.04947
V669	0.48318	0.27982	0.03147	0.07687	0.12866
V670	0.11445	0.58849	0.05339	0.03918	0.20448
V671	0.77848	0	0.1865	0.00676	0.02826
V672	0.11901	0.04458	0.0933	0.31851	0.4246
V673	0.03213	0.00035	0	0.17406	0.79347
V674	0.37735	0.07343	0.48852	0	0.0607
V675	0.70388	0	0.03293	0.13445	0.12874
V676	0.27181	0.07663	0.49803	0	0.15353
V677	0.06761	0.24775	0.22408	0.35487	0.1057
V678	0.07397	0.29261	0.01501	0.07514	0.54326
V679	0.02805	0	0.46502	0.44182	0.0651
V680	0.1903	0	0.01177	0.35794	0.44
V681	0.55765	0	0.04167	0.28047	0.12021
V682	0	0.02836	0.92071	0	0.05093
V683	0.07479	0.16346	0.62498	0	0.13677
V684	0.08594	0	0.00298	0.83037	0.08071
V685	0.01146	0.02099	0.82767	0.0851	0.05477
V686	0.29094	0.57121	0.07604	0.00955	0.05226
V687	0.01123	0	0.58872	0.33034	0.0697
V688	0	0.02328	0.91129	0	0.06543
V689	0.52963	0.01762	0.2029	0.09509	0.15476
V690	0.11874	0.78441	0.02538	0.01665	0.05482
V691	0.16933	0.10717	0.0478	0.58643	0.08927
V692	0.10002	0	0.0129	0.73366	0.15342
V693	0.03512	0.47131	0.42295	0.01944	0.05117
V694	0.11536	0.17182	0.0401	0.5507	0.12202
V695	0.14795	0.0865	0.14893	0.06024	0.55639
V696	0.12698	0	0.73752	0	0.1355
V697	0.12511	0.08665	0.32338	0.31953	0.14532
V698	0.03042	0	0.178	0.07661	0.71497
V699	0.0624	0	0.04533	0.64133	0.25094
V700	0.0789	0.74964	0.07887	0	0.09259
V701	0.0378	0.16303	0.01302	0.08114	0.70501
V702	0.05119	0.10213	0.00619	0.64088	0.19961
V703	0.04582	0	0.02351	0.8394	0.09126
V704	0.05878	0.03489	0.40264	0.04863	0.45506
V705	0.94329	0	0	0	0.05671
V706	0.17941	0.12339	0.16316	0.41212	0.12193
V707	0.16844	0.09576	0.07399	0.28097	0.38083
V708	0.04028	0.54861	0.36625	0	0.04486
V709	0.02713	0	0.02773	0.0906	0.85454
V710	0.14457	0.00416	0.49005	0.01465	0.34657
V711	0.07412	0	0.01159	0.09942	0.81487
V712	0.06977	0.00618	0.70211	0.16363	0.05831
V713	0.26493	0.38941	0.31001	0	0.03564
V714	0.06774	0	0	0.08905	0.84321
V715	0.01969	0.26103	0.58483	0.08247	0.05199
V716	0.74634	0.15852	0.0144	0.0313	0.04944
V717	0.42637	0.13176	0.12651	0.03081	0.28455
V718	0.68102	0	0.2604	0	0.05858
V719	0.42927	0.2065	0.1094	0.10592	0.14891
V720	0.1488	0.0109	0.09075	0.0933	0.65625
V721	0.04384	0	0.04175	0.10075	0.81365
V722	0.05269	0.21794	0.05887	0.46528	0.20522
V723	0.13559	0.19624	0.11369	0.47731	0.07717
V724	0.14558	0.61152	0.04597	0.14381	0.05313
V725	0.04674	0	0	0.09151	0.86176
V726	0.23958	0.46429	0.05972	0.05611	0.18031
V727	0.00783	0.02154	0.90702	0	0.06361
V728	0.80246	0	0.12139	0.04558	0.03057
V729	0.63653	0.08197	0.02802	0.21118	0.0423
V730	0.14223	0.00113	0.38994	0.36339	0.10331
V731	0.03416	0	0.0601	0.82411	0.08163
V732	0.04282	0	0.00358	0.86517	0.08842
V733	0.02963	0.03799	0.87361	0	0.05877
V734	0.52485	0.05616	0.35753	0.01999	0.04146
V735	0.09146	0.13465	0.22097	0.06174	0.49118
V736	0.03213	0.02178	0.00314	0.09184	0.85111
V737	0.96312	0	0.00618	0	0.0307
V738	0.05022	0.43145	0.01848	0.04778	0.45208
V739	0.04863	0	0	0.8621	0.08927
V740	0.24342	0.05016	0.10801	0.05636	0.54204
V741	0.53371	0	0	0.30254	0.16375
V742	0.08872	0.00703	0.54405	0.16632	0.19389
V743	0.05075	0.02545	0.07454	0.16421	0.68505
V744	0.2244	0.03623	0.17151	0.4781	0.08975
V745	0.1974	0	0.04559	0.68672	0.07029
V746	0.37095	0.51691	0.04235	0	0.06979
V747	0.03035	0.03563	0.86734	0	0.06669
V748	0.18521	0.18079	0.2847	0.06724	0.28206
V749	0.21652	0.07638	0.12246	0.4114	0.17323
V750	0.76214	0.169	0.00778	0.02957	0.03151
V751	0.04504	0.34809	0.54774	0.00918	0.04994
V752	0.04545	0.11016	0.0208	0.08414	0.73945
V753	0.57876	0.01854	0.2468	0.0166	0.1393
V754	0.14271	0.30224	0.00915	0.48014	0.06577
V755	0.24525	0.66218	0.04507	0	0.04751
V756	0.04488	0.08893	0.0205	0.12502	0.72067
V757	0.19727	0	0.09275	0.64553	0.06445
V758	0.09402	0.412	0.00421	0.42312	0.06665
V759	0.11346	0.00276	0.10068	0.06723	0.71586
V760	0.10103	0.0059	0.2159	0.26995	0.40722
V761	0.06588	0.23811	0.64887	0	0.04714
V762	0.03839	0.01945	0.1753	0.40359	0.36328
V763	0.05211	0.25244	0.00615	0.06253	0.62677
V764	0.14288	0.03722	0.08407	0.65883	0.07701
V765	0.18491	0.00966	0.65089	0.0348	0.11973
V766	0.09276	0.45313	0.24568	0.04708	0.16135
V767	0.29271	0.4423	0.06729	0.0438	0.1539
V768	0.08062	0.77062	0.05574	0.03811	0.0549
V769	0.76467	0	0.1774	0	0.05793
V770	0.32904	0	0.49988	0.13154	0.03954
V771	0.08916	0.67911	0.01593	0.08516	0.13064
V772	0.05102	0.02721	0.87758	0	0.04419
V773	0.047	0	0	0.22502	0.72798
V774	0.17157	0	0.53695	0.00556	0.28592
V775	0.91445	0	0.01261	0.03398	0.03896
V776	0.37169	0.39222	0.16127	0.01411	0.0607
V777	0.23432	0.34797	0.247	0.09038	0.08033
V778	0.56798	0.02287	0.0105	0.20633	0.19231
V779	0.07943	0.38513	0.47919	0.00166	0.05459
V780	0.0182	0.01331	0.91979	0	0.0487
V781	0.20076	0.28061	0.17806	0.01583	0.32474
V782	0.2585	0.2131	0.02098	0.04117	0.46626
V783	0.00632	0	0.63914	0.04018	0.31436
V784	0.05971	0.58428	0.00777	0.22361	0.12463
V785	0.73113	0.10834	0	0.08123	0.07929
V786	0.19518	0.17782	0.01462	0.53261	0.07977
V787	0.15792	0.56261	0.00638	0.1691	0.10399
V788	0.3945	0.3844	0.07363	0	0.14748
V789	0.04031	0.14277	0.00539	0.40546	0.40607
V790	0.31313	0.19685	0.06463	0.12164	0.30375
V791	0.20709	0.19198	0.07465	0.20144	0.32484
V792	0.94131	0	0.01952	0	0.03917
V793	0.35735	0.23741	0.0562	0.09657	0.25247
V794	0.03706	0	0.10268	0.22279	0.63747
V795	0.14625	0.76649	0.02481	0.00247	0.05998
V796	0.31724	0.37764	0.11097	0.12865	0.0655
V797	0.15857	0	0	0.08994	0.75149
V798	0.15514	0.48209	0.01159	0.09302	0.25816
V799	0.06123	0.14308	0.04972	0.63344	0.11253
V800	0.04881	0	0.00792	0.18508	0.75819
V801	0.40566	0	0.11893	0.40453	0.07088
V802	0.0591	0.18176	0.01294	0.07534	0.67085
V803	0.33876	0.00151	0.0039	0.57655	0.07928
V804	0.22657	0.13423	0.2031	0.34447	0.09164
V805	0.16617	0.11172	0.44125	0.15395	0.1269
V806	0.50469	0	0.19605	0.06197	0.23729
V807	0.74337	0	0.05669	0.04001	0.15993
V808	0.84935	0	0.04142	0	0.10924
V809	0.21603	0.56906	0.02862	0.03173	0.15456
V810	0.05532	0.03724	0.03879	0.47106	0.39759
V811	0.07686	0.07609	0.01987	0.16154	0.66564
V812	0.05052	0.61605	0.19169	0.06901	0.07272
V813	0.05123	0.19996	0.2194	0.03881	0.4906
V814	0.21794	0.51311	0.06893	0.13716	0.06286
V815	0.2413	0.63166	0.03719	0.04071	0.04913
V816	0.05634	0.48243	0.01361	0.36083	0.08679
V817	0.8239	0	0.1498	0.00148	0.02482
V818	0.05646	0.18629	0.35768	0.05317	0.3464
V819	0.95046	0	0.01241	0.00697	0.03016
V820	0.09644	0.33645	0.12416	0.3612	0.08175
V821	0.02721	0	0	0.09657	0.87622
V822	0.21706	0	0.00965	0.70775	0.06554
V823	0.06613	0.06048	0.23049	0.05036	0.59254
V824	0.09537	0.00422	0.01889	0.08112	0.80041
V825	0.15955	0	0.64586	0.1553	0.03928
V826	0.04081	0.01702	0.88928	0.0066	0.04629
V827	0.37978	0.11875	0	0.36255	0.13892
V828	0.27256	0.11363	0.10908	0.08343	0.4213
V829	0.11147	0.06313	0.3134	0.18625	0.32575
V830	0.15842	0.00164	0.69026	0.01263	0.13705
V831	0.05983	0.68424	0.05528	0.13099	0.06966
V832	0.23171	0	0.06097	0.26105	0.44627
V833	0.20067	0.70703	0.01601	0	0.07629
V834	0.7629	0.10852	0.03586	0.01174	0.08098
V835	0.27949	0.25616	0.09392	0.25116	0.11927
V836	0.39717	0.04144	0.44433	0.07884	0.03822
V837	0.06309	0.76411	0.02497	0.03871	0.10912
V838	0.02842	0	0.07395	0.81022	0.08742
V839	0.05989	0.00585	0.07435	0.07851	0.7814
V840	0.93772	0	0.02379	0.00518	0.03331
V841	0.2273	0.00658	0.72644	0	0.03968
V842	0.56089	0.0083	0.21049	0.1744	0.04593
V843	0.48752	0	0.14369	0.0771	0.29169
V844	0.01912	0.1635	0.74163	0.00993	0.06582
V845	0.05177	0	0	0.60537	0.34287
V846	0.13724	0.01128	0.10066	0.11704	0.63377
V847	0.23321	0	0.04455	0.16497	0.55726
V848	0.769	0.00161	0.00348	0.08114	0.14476
V849	0.1453	0.0363	0.6999	0	0.11849
V850	0.2439	0.00482	0.30038	0.15861	0.29229
V851	0.96207	0	0	0	0.03793
V852	0.27418	0.02854	0.08054	0.19492	0.42183
V853	0.04429	0.11103	0.60549	0.12591	0.11329
V854	0.06656	0.32268	0.25183	0.087	0.27194
V855	0.13113	0.35678	0.09623	0.29128	0.12459
V856	0.18217	0.36541	0.05832	0.02431	0.36979
V857	0.10459	0.01648	0.17446	0.42315	0.28132
V858	0.04969	0.32233	0.19352	0.20724	0.22723
V859	0.16197	0	0.0181	0.72206	0.09787
V860	0.07017	0.1219	0.06722	0.62162	0.11908
V861	0.17309	0	0.12993	0.63041	0.06656
V862	0.08788	0	0.01296	0.16027	0.7389
V863	0.06622	0.82985	0.02648	0.0067	0.07074
V864	0.04111	0.00129	0.86387	0.04828	0.04545
V865	0.09279	0	0.63848	0.22471	0.04402
V866	0.04144	0.03677	0.6394	0.21308	0.0693
V867	0.61053	0	0.00076	0.0171	0.37161
V868	0.24882	0.19453	0.40514	0.0946	0.05692
V869	0.03228	0	0.01404	0.0987	0.85499
V870	0.30537	0.13561	0.08281	0.24387	0.23235
V871	0.06005	0.02531	0.10298	0.15059	0.66107
V872	0.424	0.008	0.01134	0.46238	0.09427
V873	0.08308	0.2983	0.15327	0.35205	0.11329
V874	0.11883	0.02407	0.00172	0.08627	0.76911
V875	0.04171	0.16353	0.02305	0.48471	0.287
V876	0.51436	0.02329	0.05942	0.03169	0.37124
V877	0.24486	0.58455	0.04451	0.071	0.05507
V878	0.05937	0.64102	0.04724	0.18744	0.06494
V879	0.92757	0.01566	0.01368	0.0072	0.03589
V880	0.11168	0.05495	0.02902	0.43714	0.36722
V881	0.01863	0	0.54244	0.02681	0.41212
V882	0.07415	0.44312	0.02059	0.40329	0.05886
V883	0.53976	0.14416	0.01301	0.1698	0.13327
V884	0.02444	0	0	0.10549	0.87008
V885	0.1896	0.04268	0.3996	0.11599	0.25213
V886	0.02295	0	0.02336	0.27408	0.67961
V887	0.11016	0.79708	0.01815	0	0.07461
V888	0.09021	0.07915	0.05748	0.6532	0.11995
V889	0.13588	0.74264	0.047	0.01549	0.05898
V890	0.05882	0	0.14088	0.62913	0.17117
V891	0	0.05495	0.89292	0.00148	0.05064
V892	0.61834	0.20866	0.02187	6e-04	0.15054
V893	0.16103	0.15824	0.51642	0.06734	0.09696
V894	0.12402	0.4911	0.0533	0.24005	0.09153
V895	0.69774	0	0.27309	0	0.02917
V896	0.23619	0.18925	0.24247	0.28184	0.05025
V897	0.02907	0	0.03615	0.74323	0.19155
V898	0.41894	0	0.00164	0.0586	0.52082
V899	0.57726	0.27718	0.08578	0	0.05978
V900	0.28145	0.20019	0.28208	0.17689	0.0594
V901	0.70141	0.02113	0.00373	0.16826	0.10547
V902	0.87313	0.01601	0.01969	0.02422	0.06695
V903	0.31158	0.04107	0.07265	0.48656	0.08813
V904	0.7394	0.06339	0.15678	0	0.04043
V905	0.05411	0.29182	0.06839	0.32591	0.25976
V906	0.17234	0.02376	0.47438	0.07905	0.25047
V907	0.73945	0.07947	0.06747	0.04636	0.06726
V908	0.05734	0.3092	0.05156	0.46934	0.11257
V909	0.0509	0.09265	0.01502	0.69743	0.144
V910	0.69737	0.13729	0.01325	0.05276	0.09932
V911	0.05078	0.23637	0.52478	0.00709	0.18098
V912	0.05443	0	0.16031	0.12193	0.66333
V913	0.1749	0	0.07253	0.63812	0.11446
V914	0.79707	0.0023	0.01129	0.11129	0.07805
V915	0.22299	0.15359	0.05392	0.04749	0.522
V916	0.80659	0	0.11149	0	0.08191
V917	0.48576	0.00422	0	0.04542	0.46459
V918	0.60928	0.10867	0.22164	0.01327	0.04713
V919	0.46324	0.12732	0.01265	0.26534	0.13145
V920	0.21188	0	0.1136	0.61185	0.06267
V921	0.22177	0.15704	0.11868	0.03177	0.47075
V922	0.04484	0	0.70318	0.00396	0.24803
V923	0.17511	0.44393	0.02638	0.0642	0.29039
V924	0.54793	0.07374	0	0.24151	0.13681
V925	0.1638	0.09147	0.48464	0.15076	0.10933
V926	0.042	0	0.00253	0.10014	0.85533
V927	0.55274	0.21847	0.11468	0.06984	0.04426
V928	0.14473	0.23598	0.22497	0.17805	0.21626
V929	0.08292	0.25043	0.00587	0.05795	0.60282
V930	0.09592	0	0.05735	0.07486	0.77186
V931	0.52352	0.10336	0.0115	0.05798	0.30364
V932	0.07781	0.08726	0.04711	0.33935	0.44847
V933	0.32894	0	0.0423	0.28241	0.34636
V934	0.68639	0.03115	0.25832	0	0.02414
V935	0.61501	0.07432	0.13149	0.04816	0.13102
V936	0.34834	0.03077	0.11941	0.41783	0.08365
V937	0.15267	0.64698	0.10231	0.02896	0.06907
V938	0.10143	0.81182	0.03366	0.00324	0.04986
V939	0.02488	0	0.00644	0.3565	0.61218
V940	0.60528	0.04236	0.08574	0.05199	0.21463
V941	0.04493	0.10293	0.12422	0.46522	0.26271
V942	0.74909	0.20828	0.00864	0.00162	0.03236
V943	0.07406	0.07655	0.05531	0.07866	0.71542
V944	0.37722	0	0.11552	0.44692	0.06035
V945	0.05935	0.23758	0.58249	0.02848	0.0921
V946	0.04221	0.45079	0.457	0	0.04999
V947	0.42749	0	0.02184	0.13986	0.41082
V948	0.09673	0.65169	0.04635	0.10354	0.1017
V949	0.87365	0.07016	0.02915	0	0.02705
V950	0.09755	0	0.02093	0.80516	0.07636
V951	0.34646	0	0	0.49123	0.16232
V952	0.16635	0.00399	0.04644	0.61713	0.16609
V953	0.51435	0.05581	0.00422	0.34623	0.0794
V954	0.25986	0.49154	0.06793	0.05639	0.12429
V955	0.08469	0	0.55321	0.30741	0.05469
V956	0.06024	0.43513	0.09705	0.33212	0.07545
V957	0.12498	0.69577	0.06233	0.05863	0.05828
V958	0.07336	0.78315	0.01783	0.04284	0.08284
V959	0.08357	0	0.79885	0.04793	0.06965
V960	0.56682	0.0145	0.15251	0.09656	0.16961
V961	0.07413	0.80228	0.0184	0.00908	0.09611
V962	0.22083	0.079	0	0.10261	0.59756
V963	0.03582	0	0.43081	0.45381	0.07956
V964	0.00783	0.02154	0.90702	0	0.06361
V965	0.01332	0	0.44695	0.43531	0.10443
V966	0.03732	0	0.50353	0.097	0.36215
