Neutrophils	Monocytes_CD14.CD16.	Macrophage	T_cells_.CD4..	NK_cells
V1	0.37888	0.10594	0.22953	0.12088	0.16477
V2	0.0908	0.76107	0.04193	0.04733	0.05886
V3	0.08634	0	0.42365	0.44354	0.04647
V4	0.01742	0	0.20063	0.039	0.74296
V5	0.02019	0	0.04635	0.07584	0.85762
V6	0.3846	0.00864	0.24974	0.21654	0.14048
V7	0.01651	0.00585	0.38606	0.06357	0.52801
V8	0.01507	0	0.91602	0.06528	0.00363
V9	0.07482	0	0.23939	0.62981	0.05599
V10	0.53155	0.01738	0.43308	0	0.01799
V11	0.04097	0	0.0831	0.04804	0.8279
V12	0.09406	0	0.19061	0.2844	0.43093
V13	0.14647	0.02348	0.02807	0.38757	0.41441
V14	0.17817	0	0.06063	0.61654	0.14466
V15	0.04293	0.00676	0.00017	0.84819	0.10196
V16	0.60416	0.07308	0.00411	0.28868	0.02996
V17	0.08012	0.19591	0.00639	0.0436	0.67398
V18	0.12217	0.39318	0.24401	0.21119	0.02945
V19	0.03343	0	0	0.08605	0.88051
V20	0.00524	0	0.73189	0.2338	0.02907
V21	0.03954	0.21101	0.1118	0.14731	0.49033
V22	0.84301	0.08291	0.05213	0	0.02196
V23	0.08334	0	0.01354	0.10693	0.79619
V24	0.47341	0.102	0.0093	0.02243	0.39287
V25	0.03773	0.00452	0.0096	0.38059	0.56756
V26	0.5107	0.18174	0.04585	0.019	0.24271
V27	0.15919	0.45798	0.16631	0	0.21652
V28	0.05015	0.04732	0.18627	0.62802	0.08824
V29	0.01696	0	0.30928	0.60795	0.06581
V30	0.76234	0.10854	0.01591	0	0.11321
V31	0.45179	0.12492	0.00342	0.20369	0.21619
V32	0.94034	0.00558	0.00191	0	0.05217
V33	0.03709	0.15143	0.00777	0.09565	0.70807
V34	0.16263	0.82719	0	0	0.01018
V35	0.13378	0.59866	0.24663	0.0154	0.00553
V36	0.04212	0.12964	0.1436	0.07627	0.60836
V37	0.74523	0.00902	0	0	0.24574
V38	0.15009	0.00181	0.45522	0.19882	0.19407
V39	0.36407	0.0159	0.29615	0	0.32388
V40	0.27197	0.58185	0.00688	0.08829	0.05101
V41	0.08667	0.81488	0.00512	0	0.09333
V42	0.87875	0.04313	0.01163	0	0.06649
V43	0.55473	0.11346	0.32346	0	0.00834
V44	0.05431	0.2566	0.55355	0	0.13554
V45	0.07179	0.64469	0.08332	0.13414	0.06605
V46	0.1569	0.74023	0.05759	0.01806	0.02722
V47	4e-04	0	0.99217	0	0.00743
V48	0.19841	0.10013	0.19944	0.32461	0.17742
V49	0.52938	0.13097	0.20304	0.11717	0.01943
V50	0.02906	0.00417	0.96676	0	0
V51	0.12699	0.21861	0.1721	0.0525	0.42981
V52	0.09368	0.89308	0.00101	0	0.01222
V53	0.05133	0.14596	0.00432	0.72333	0.07506
V54	0.23229	0	0.0059	0.51401	0.2478
V55	0.09408	0	0	0.81915	0.08677
V56	0.08898	0	0.00316	0.71488	0.19299
V57	0.19271	0.10179	0.54718	0.01084	0.14748
V58	0.07645	0	0.11116	0.17691	0.63547
V59	0.88797	0.02966	0.07399	0	0.00837
V60	0.47415	0.18238	0.10505	0.10225	0.13617
V61	0.19992	0	0.0177	0.19305	0.58933
V62	0.07077	0	0.26323	0.12276	0.54324
V63	0.43288	0.22501	0.04714	0.01662	0.27834
V64	0.9531	0.01994	0.01607	0	0.01089
V65	0.10763	0.05347	0.03105	0.59758	0.21026
V66	0.04421	0	0.12046	0.75402	0.08131
V67	0.01545	0	0.29722	0.08467	0.60266
V68	0.5271	0	0.36656	0.01227	0.09407
V69	0.64695	0.1118	0.17226	0	0.06899
V70	0.09734	0.68332	0.03297	0.14749	0.03888
V71	0.13598	0.75747	0.03372	0.05106	0.02177
V72	0.06091	0.33711	0.0147	0.02698	0.5603
V73	0.07418	0	0.08688	0.54847	0.29048
V74	0.03302	0.04024	0.00583	0.75982	0.16108
V75	0.53701	0.16737	0.28097	0	0.01465
V76	0.02794	0	0.01571	0.80801	0.14834
V77	0.02541	0	0.94829	0.02608	0.00022
V78	0.00219	0	0.9892	0	0.0086
V79	0.10564	0.34728	0.02873	0.12797	0.39038
V80	0.16297	0.69355	0	0.03939	0.10409
V81	0.01319	0	0.98681	0	0
V82	0.26869	0.13694	0.02132	0.51596	0.05709
V83	0.11767	0.05171	0.0149	0.51661	0.29911
V84	0.10489	0.12165	0	0.04739	0.72607
V85	0.00075	0	0.99925	0	0
V86	0.04904	0.22163	0.28812	0.396	0.04521
V87	0.49231	0.00527	0.03368	0.41289	0.05585
V88	0.33614	0.13202	0.0402	0.17428	0.31737
V89	0.06059	0.08021	0.83572	0.02348	0
V90	0.03467	0.13438	0.04455	0.09401	0.69241
V91	0.02593	0	0.07335	0.81741	0.08332
V92	0.24194	0.01504	0.01738	0.04439	0.68124
V93	0.02894	0.05279	0.14564	0.5094	0.26322
V94	0.05575	0.12743	0.01414	0.22161	0.58107
V95	0.0793	0.18039	0.01315	0.09529	0.63187
V96	0.80691	0.02088	0.01568	0	0.15653
V97	0.16907	0.00395	0.03265	0.10351	0.69081
V98	0.08078	0.3263	0.16002	0.11696	0.31593
V99	0.54061	0.11808	0	0.19029	0.15101
V100	0.56557	0.14548	0.03756	0.03058	0.22081
V101	0.10267	0.87849	0.00772	0	0.01113
V102	0.35127	0.20648	0.11629	0.09048	0.23548
V103	0.12616	0	0	0.04627	0.82757
V104	0.07134	0.3496	0.06849	0.02798	0.48259
V105	0.0221	0	0.03171	0.08421	0.86198
V106	0.0875	0.73296	0.13593	0	0.04361
V107	0.07195	0.19369	0.69044	0.03292	0.011
V108	0.0293	0.15116	0.81954	0	0
V109	0.08042	0.17179	0.04429	0.26227	0.44124
V110	0.22535	0.47684	0.16943	0.09828	0.0301
V111	0.34458	0.20001	0.45541	0	0
V112	0.19653	0	0.09008	0.44615	0.26725
V113	0.24566	0	0.08349	0.13573	0.53511
V114	0.60386	0.06936	0.03746	0.1448	0.14452
V115	0.87678	0.00513	0	0	0.11808
V116	0.02298	0	0	0.05921	0.91781
V117	0.06452	0	0.82893	0.07224	0.03431
V118	0.06165	0	0	0.82926	0.10909
V119	0.38677	0.00203	0.3681	0.22622	0.01688
V120	0.01385	0	0.83136	0.1052	0.0496
V121	0.23664	0.68346	0	0	0.0799
V122	0.06173	0.33943	0.07165	0.226	0.30118
V123	0.52204	0.03061	0.06084	0.1658	0.22071
V124	0.23223	0.08041	0.04838	0.20614	0.43284
V125	0.06966	0.42674	0.49415	0	0.00945
V126	0.18318	0.14346	0.19222	0.10737	0.37377
V127	0.33285	0	0.63019	0.02875	0.00821
V128	0.25032	0.72263	0.00314	0	0.02391
V129	0.30117	0.01421	0.23792	0.16096	0.28574
V130	0.0607	0.4579	0.03171	0.21856	0.23112
V131	0.03169	0	0.21274	0.69157	0.064
V132	0.36855	0.00366	0	0.3101	0.31769
V133	0.01476	0.02056	0.52867	0.0872	0.34881
V134	0.09107	0.00074	0.79168	0.01067	0.10583
V135	0.03576	0.07409	0.7322	0.01568	0.14228
V136	0.97675	0.00512	0.00465	0	0.01349
V137	0.92278	0.03707	0.00011	0	0.04004
V138	0.27023	0.10973	0.0634	0.12242	0.43421
V139	0.1419	0	0.13975	0.65085	0.0675
V140	0.03457	0	0.12818	0.04404	0.79321
V141	0.03607	0.19418	0.66184	0.09113	0.01679
V142	0.23506	0	0.28899	0.11882	0.35714
V143	0.0385	0.16241	0.46607	0.1427	0.19032
V144	0.54899	0.19968	0.05424	0.09457	0.10252
V145	0.00207	0	0.97586	0.00045	0.02162
V146	0.06047	0.29677	6e-04	0.29966	0.34249
V147	0.12383	0.04286	0.68868	0.09858	0.04606
V148	0.20135	0.74929	0.00267	0.01798	0.0287
V149	0.02981	0	0.00133	0.82636	0.14251
V150	0.18181	0.16227	0.57061	0	0.08531
V151	0.46024	0.0031	0.00452	0.37254	0.1596
V152	0.0325	0	0.10181	0.71563	0.15006
V153	0.2127	0.15118	0.43689	0.03764	0.16159
V154	0.1536	0.541	0.01443	0.02619	0.26479
V155	0.0549	0	0.11962	0.74517	0.08032
V156	0.12042	0	0.36554	0.14846	0.36558
V157	0.11007	0.01237	0.14561	0.26745	0.4645
V158	0.2217	0	0.40079	0.03959	0.33792
V159	0.14259	0.19209	0.00785	0.56533	0.09214
V160	0.48929	0.1363	0.07679	0.02877	0.26885
V161	0.21858	0	0.04591	0.03197	0.70354
V162	0.0028	0	0.9972	0	0
V163	0.06001	0	0.00739	0.07364	0.85895
V164	0.93339	0.0533	0.00897	0	0.00434
V165	0.65282	0.19998	0.06762	0.02312	0.05646
V166	0.07188	0	0.2156	0.5695	0.14301
V167	0.07096	0.59914	0.0091	0.12439	0.19641
V168	0.0028	0	0.9972	0	0
V169	0.0929	0.66284	0.1448	0.06925	0.03021
V170	0.28821	0.34573	0.04319	0.17518	0.1477
V171	0.36737	0.05878	0.33874	0.16395	0.07117
V172	0.19911	0.17657	0.0556	0.03313	0.53559
V173	0.24107	0.07595	0.07597	0.38356	0.22345
V174	0.24047	0	0.31632	0.18973	0.25348
V175	0.09449	0.10358	0.10007	0.17471	0.52714
V176	0.40247	0.0024	5e-05	0.5422	0.05289
V177	0.24303	0.00866	0.55904	0.16923	0.02005
V178	0.33506	0.01906	0.43606	0.10124	0.10859
V179	0.10076	0	0.00015	0.04837	0.85073
V180	0.0349	0	0.30225	0.02831	0.63455
V181	0.08297	0.21971	0	0.07117	0.62614
V182	0.59978	0.2127	0	0.1281	0.05943
V183	0.11267	0.86839	0	0	0.01894
V184	0.36678	0	0.26996	0.31035	0.05291
V185	0.13509	0.43242	0.01371	0.13629	0.28249
V186	0.15561	0.14239	0.01953	0.23773	0.44474
V187	0.1186	0.65012	0	0.19639	0.0349
V188	0.86871	0.03852	0.02402	0.05066	0.01809
V189	0.50086	0.21871	0.02598	0.22236	0.03209
V190	0.45201	0.04618	0.18712	0.00818	0.30651
V191	0.24678	0.19086	0	0.39513	0.16724
V192	0.36411	0.16068	0.10875	0.19544	0.17101
V193	0.09858	0.17246	0.50573	0.03494	0.18829
V194	0.27883	0.02675	0.06923	0.10114	0.52405
V195	0.62918	0.15676	0.20774	0	0.00632
V196	0.01889	0	0.04645	0.07593	0.85872
V197	0.11079	0.84502	0	0.02208	0.02211
V198	0.25619	0.18624	0.02598	0.18995	0.34164
V199	0.80063	0.01327	0.18609	0	0
V200	0.77745	0.00757	0.02175	3e-04	0.19293
V201	0.05518	0	0.01792	0.65805	0.26885
V202	0.92758	0.05919	0	0	0.01323
V203	0.56716	0.22992	0.0168	0.0337	0.15242
V204	0.34665	0.0522	0.02351	0.01588	0.56176
V205	0.12608	0.00269	0.09593	0.08782	0.68748
V206	0.06793	0.07567	0	0.73984	0.11656
V207	0.04293	0.00676	0.00017	0.84819	0.10196
V208	0.20252	0.18554	0.46096	0.03484	0.11614
V209	0.16652	0	0.07722	0.05525	0.70101
V210	0.00034	0	0.99081	0	0.00885
V211	0.1695	0	0.17027	0.04622	0.614
V212	0.0998	0.7268	0.06596	0.03142	0.07601
V213	0.10946	0	0.04791	0.24103	0.6016
V214	0.05576	0.5274	0.38104	0.0029	0.0329
V215	0.28219	0.18196	0.11534	0.07396	0.34654
V216	0.07108	0.00408	0.29058	0.0557	0.57856
V217	0.02586	0	0.02324	0.77668	0.17423
V218	0.10406	0.15306	0.26497	0.34147	0.13645
V219	0.1723	0.23971	0.37054	0.19236	0.0251
V220	0.24009	0.69691	0.04846	0	0.01454
V221	0.06079	0.02814	0.46448	0.02	0.42659
V222	0.0316	0	0.00301	0.06409	0.9013
V223	0.59251	0.00352	0.2838	0.09548	0.02468
V224	0.07284	0.49106	0.0154	0.08329	0.3374
V225	0.74114	0.14953	0.10416	0	0.00518
V226	0.50069	0.48737	0	0	0.01193
V227	0.12312	0.23068	0.00085	0.553	0.09236
V228	0.64568	0.02635	0.23729	0.04386	0.04682
V229	0.32952	0.36229	0.24098	0.02611	0.04111
V230	0.03041	0	0.0034	0.06419	0.902
V231	0.10154	0.56799	0.04777	0.16375	0.11895
V232	0.83032	0.01457	0.15511	0	0
V233	0.07087	0	0.1223	0.10698	0.69985
V234	0.04901	0.34179	0.19742	0.34883	0.06296
V235	0.9765	0.01382	0	0	0.00968
V236	0.10542	0	0.62712	0.19173	0.07573
V237	0.15471	0.04733	0.23804	0.31105	0.24887
V238	0.02318	0	0.00326	0.26735	0.70621
V239	0.09582	0.3522	0.03715	0.17044	0.3444
V240	0.10688	0.80398	0.00404	0.00929	0.07581
V241	0.09301	0.8868	0.00045	0	0.01974
V242	0.06516	0.28594	0.27666	0.27444	0.09781
V243	0.53378	0	0.29147	0.00965	0.1651
V244	0.06011	0.35514	0.16889	0.08304	0.33282
V245	0.09022	0.8611	0.02273	0.01403	0.01193
V246	0.63741	0.24177	0.01683	0	0.10399
V247	0.24378	0.07394	0.60722	0.03584	0.03923
V248	0.13124	0.54682	0.0149	0.01374	0.29329
V249	0.28055	0.0395	0.17505	0.0948	0.4101
V250	0.03285	0.00334	0.63154	0.03512	0.29715
V251	0.24601	0.00325	0.07755	0.56413	0.10907
V252	0.04298	0.08925	0.53523	0.15231	0.18023
V253	0.34878	0.53162	0.06875	0.02575	0.0251
V254	0.56185	0.35301	0	0.05652	0.02862
V255	0.82459	0.07924	0	0	0.09617
V256	0.07852	0.71017	0.01045	0.00973	0.19113
V257	0.49739	0.26864	0.12158	0.0164	0.09598
V258	0.19874	0.28819	0.03814	0.42521	0.04972
V259	0.58298	0.24511	0.14886	0	0.02305
V260	0.27565	0.0096	0.08463	0.08597	0.54415
V261	0.03648	0	0.48632	0.29604	0.18116
V262	0.92055	0.02918	0.0401	0	0.01016
V263	0.82138	0.08714	0.00411	0.07404	0.01334
V264	0.11027	0.84129	0.00572	0.02944	0.01329
V265	0.84501	0.08524	0.05983	0	0.00992
V266	0.02719	0	0.06729	0.06496	0.84055
V267	0.06103	0	0.00042	0.16272	0.77582
V268	0.24579	0.39089	0.12248	0.16585	0.07499
V269	0.12551	0.29262	0.33828	0.18716	0.05643
V270	0.07034	0	0.02858	0.81727	0.08382
V271	0.26951	0.67641	0.00099	0.00845	0.04464
V272	0.14755	0.77329	0.0182	0.00567	0.05529
V273	0.32213	0	0.15255	0.31006	0.21527
V274	0.1077	0.01128	0.02737	0.19711	0.65654
V275	0.08263	0.67137	0.13625	0.07847	0.03128
V276	0.01923	0	0.69418	0.2369	0.04969
V277	0.42165	0	0.54936	0	0.02899
V278	0.02152	0.00769	0.31506	0.46101	0.19473
V279	0.16767	0	0.00863	0.69663	0.12707
V280	0.21817	0.00271	0.02924	0.58547	0.16441
V281	0.0538	0.1938	0.0343	0.64534	0.07274
V282	0.10256	0.87805	1e-04	0	0.01929
V283	0.36814	0	0.08878	0.03169	0.51139
V284	0.04227	0.09316	0.50111	0.00617	0.35729
V285	0.55426	0.42514	0	0.00404	0.01656
V286	0.1046	0.00445	0.86039	0.02202	0.00853
V287	0.27721	0.04042	0.14509	0.27716	0.26013
V288	0.23988	0	0.59759	0	0.16254
V289	0.19023	0.19343	0.01488	0.54154	0.05992
V290	0.47551	0.41185	0.1126	0	4e-05
V291	0.44711	0.18494	0	0.32617	0.04178
V292	0.14081	0	0.36533	0.0437	0.45016
V293	0.01188	0.09039	0.83753	0.0372	0.023
V294	0.02232	0	0.00451	0.05829	0.91488
V295	0.03199	0	0.30536	0.51983	0.14282
V296	0.85825	0.10497	0	0	0.03677
V297	0.02831	0	0.785	0.12487	0.06182
V298	0.31489	0	0	0.50953	0.17559
V299	0.2913	0	0.0075	0.63885	0.06234
V300	0.97886	0.01339	0	0	0.00775
V301	0.97238	0.00759	0.00247	0	0.01757
V302	0.02419	0	0.00365	0.38141	0.59075
V303	0.13489	0.13234	0.18551	0.17509	0.37217
V304	0.23032	0.01256	0.73504	0	0.02208
V305	0.24198	0.26839	0.07466	0.09989	0.31509
V306	0.37124	0.60369	0	0	0.02507
V307	0.27284	0	0.24323	0.447	0.03694
V308	0.28628	0	0.64505	0.05806	0.0106
V309	0.67296	0.06713	0.03575	0.08896	0.1352
V310	0.04454	0	0.00172	0.12035	0.83338
V311	0.0361	0	0.03903	0.82833	0.09653
V312	0.11223	0.19898	0.21693	0.01387	0.458
V313	0.08825	0.2503	0.00678	0.30105	0.35363
V314	0.09647	0	9e-05	0.35396	0.54948
V315	0.95056	0.00518	0.00874	0	0.03551
V316	0.15219	0.51911	0.2263	0.01961	0.08279
V317	0.44677	0.06249	0.47019	0	0.02055
V318	0.90279	0.00526	0.00016	0	0.0918
V319	0.13164	0.03576	0.83259	0	0
V320	0.10217	0	0.00448	0.80026	0.09309
V321	0.17734	0.30058	0.28378	0.19209	0.04621
V322	0.02911	0.22921	0.56422	0.04364	0.13381
V323	0.30463	0.18269	0.40858	0.00485	0.09925
V324	0.0626	0.02141	0.03609	0.79102	0.08888
V325	0.66575	0.10227	0.06645	0.08619	0.07934
V326	0.0608	0	0.04272	0.14477	0.7517
V327	0.38096	0.44551	0.0914	0.00443	0.07769
V328	0.07765	0.25511	0.14723	0.45856	0.06145
V329	0.02133	0.02122	0.37249	0.52765	0.05731
V330	0.10145	0.00294	0.84028	0	0.05533
V331	0.14615	0	0.07057	0.10242	0.68086
V332	0.52793	0.03542	0.40784	0	0.02881
V333	0.46141	0.01247	0.27602	0.14047	0.10963
V334	0.06817	0.25377	0.54752	0.07345	0.05709
V335	0.74142	0.06035	0.06422	0.00959	0.12442
V336	0.20905	0.5347	0.23837	0	0.01789
V337	0.02233	0	0.00999	0.16739	0.80029
V338	0.74434	0.02768	0.12515	0	0.10283
V339	0.25438	0.48841	0.16273	0	0.09448
V340	0.05197	0.11692	0.09107	0.0738	0.66623
V341	0.04944	0.45608	0.42219	0	0.07229
V342	0.35549	0.12383	0.42341	0.091	0.00626
V343	0.737	0.0124	0.2506	0	0
V344	0.14215	0.70789	0.03165	0.01587	0.10243
V345	0.23201	0.02452	0	0.26578	0.47769
V346	0.06422	0.2772	0.29822	0.29357	0.0668
V347	0.11844	0.47604	0.01564	0.30892	0.08096
V348	0.03563	0.10584	0.42467	0.24477	0.18909
V349	0.09388	0.27004	0.51593	0.00472	0.11543
V350	0.14504	0.36863	0.07099	0.22575	0.18958
V351	0.21817	0.00537	0.41245	0.31979	0.04422
V352	0.1497	0.50789	0.33246	0	0.00994
V353	0.28208	0.27649	0.0257	0.04359	0.37214
V354	0.61931	0.0142	0.36649	0	0
V355	0.11172	0	0.31236	0.5225	0.05343
V356	0.11691	0.00396	0.83531	0.00519	0.03863
V357	0.05921	0.00796	0.47765	0.03654	0.41863
V358	0.05188	0.01293	0.02929	0.81294	0.09295
V359	0.07969	0.08744	0.00393	0.75192	0.07702
V360	0.74297	0.05482	0.07329	0.11576	0.01316
V361	0.38375	0.4325	0.07329	0	0.11046
V362	0.82382	0.01227	0.07734	0	0.08656
V363	0.04622	0.00249	0.00164	0.15851	0.79113
V364	0.06755	0.24513	0.0156	0.42198	0.24974
V365	0.02892	0	0.00895	0.83997	0.12215
V366	0.25336	0.01944	0.57331	0.04922	0.10466
V367	0.26876	0.18314	0.18505	0.15777	0.20527
V368	0.77409	0.08427	0.10241	0	0.03923
V369	0.0773	0.62225	0.22109	0.06872	0.01063
V370	0.04406	0.11674	0.10599	0.35264	0.38057
V371	0.0998	0.85294	0.03911	0	0.00815
V372	0.69296	0.07062	0.12185	0.08096	0.03361
V373	0.16069	0.61929	0.11603	0.08257	0.02143
V374	0.12877	0.0222	0.3605	0.4515	0.03703
V375	0.36384	0	0.58105	0.05357	0.00154
V376	0.02064	0	0.35732	0.03247	0.58956
V377	0.12767	0.47224	0.19352	0.17896	0.02761
V378	0.17376	0.49814	0.1568	0	0.1713
V379	0.03761	0	0.08961	0.09816	0.77462
V380	0.03664	0.02339	0.15357	0.49102	0.29538
V381	0.15693	0.01969	0	0.04102	0.78236
V382	0.42773	0	0	0.26544	0.30682
V383	0.05221	0	0.25033	0.63966	0.0578
V384	0.32914	0.02559	0.1465	0.40568	0.09309
V385	0.09968	0.06078	0	0.04446	0.79508
V386	0.68608	0.01986	0	0.26495	0.02912
V387	0.29892	0.00784	0.00033	0.60667	0.08624
V388	0.09532	0.80029	0.02758	0.0537	0.0231
V389	0.16616	0.72837	0.00907	0.02173	0.07468
V390	0.20031	0	0.00057	0.63029	0.16883
V391	0.73202	0.14734	0	0.04424	0.0764
V392	0.95382	0.03709	0.00345	0	0.00563
V393	0.12432	0	0.13221	0.51638	0.22709
V394	0.73267	0.02088	0.01498	0.12245	0.10901
V395	0.01721	0	0.35434	0.56726	0.06119
V396	0.60462	0.02184	0.37229	0	0.00124
V397	0.70479	0.13771	0.0227	0.08167	0.05313
V398	0.08359	0	0.14944	0.62018	0.14679
V399	0.05744	0.00134	0	0.25944	0.68178
V400	0.21434	0.49457	0.1426	0.13332	0.01516
V401	0.38075	0	0.60999	0.00926	0
V402	0.43421	0.01297	0.41353	0.04922	0.09008
V403	0.16242	0.04286	0	0.14117	0.65355
V404	0.01822	0.02308	0.47183	0.39876	0.08811
V405	0.39194	0.2276	0.0579	0.19638	0.12617
V406	0.02813	0.00353	0.95229	0	0.01606
V407	0.9129	0.04668	0.02636	0.00611	0.00794
V408	0.06207	0.3252	0.00039	0.2457	0.36664
V409	0.13191	0	0.05375	0.64429	0.17006
V410	0.15171	0.09518	0.28741	0.04992	0.41578
V411	0.02281	0	0	0.06643	0.91076
V412	0.04001	0.09803	0.10783	0.05277	0.70136
V413	0.05209	0.21427	0.13578	0.35922	0.23864
V414	0.06315	0.05585	0	0.43807	0.44293
V415	0.16519	0	0	0.04163	0.79318
V416	0.12216	0.05391	0.01235	0.15329	0.65829
V417	0.01672	0	0.77137	0.12702	0.0849
V418	0.58777	0.36292	0.0118	0	0.03751
V419	0.25596	0.00046	0.01046	0.12532	0.6078
V420	0.23525	0	0.081	0.06012	0.62363
V421	0.01829	0	0.10741	0.0776	0.7967
V422	0.0371	0	0.04307	0.67748	0.24234
V423	0.34861	0.16115	0.26571	0.18123	0.0433
V424	0.01115	0	0.44536	0.02028	0.5232
V425	0.36812	0.3233	0	0.00651	0.30207
V426	0.27016	0.15438	0.01289	0.43349	0.12907
V427	0.2566	0.59585	0.13733	0	0.01023
V428	0.13764	0.60749	0.06368	0.08165	0.10954
V429	0.16689	0.74097	0	0.05138	0.04076
V430	0.04718	0	0.37378	0.19042	0.38862
V431	0.15589	0.33366	0.18348	0.24378	0.08319
V432	0.34006	0.04293	0.10868	0.32617	0.18216
V433	0.23846	0	0.49661	0.22013	0.0448
V434	0.29662	0.25149	0.35361	0	0.09828
V435	0.61878	0.0424	0.32718	0.0031	0.00855
V436	0.09778	0.54234	0.08865	0.04857	0.22266
V437	0.2025	0	0.01808	0.16967	0.60975
V438	0.17554	0.27143	0.18208	0.27509	0.09586
V439	0.64849	0.00054	0.03797	0.26993	0.04306
V440	0.0485	0.32792	0.5585	0.00294	0.06214
V441	0.06666	0.51953	0.38182	0.018	0.01399
V442	0.1025	0.87967	0.0082	0	0.00964
V443	0.97028	0.00829	0.00228	0.00782	0.01132
V444	0.19426	0.39745	0.02196	0.31624	0.0701
V445	0.10025	0.37723	0.03208	0.42872	0.06172
V446	0.13758	0.00729	0.08784	0.54966	0.21763
V447	0.08453	0	0.00723	0.42294	0.4853
V448	0.16954	0	0.01109	0.05343	0.76594
V449	0.0028	0	0.9972	0	0
V450	0.23877	0.05825	0.2185	0.13067	0.3538
V451	0.31154	0.16712	0.05075	0.32117	0.14942
V452	0.03272	0	0.14702	0.70332	0.11694
V453	0.03622	0	0	0.43274	0.53103
V454	0.01748	0	0.66397	0.02641	0.29213
V455	0.08867	0.18298	0.24956	0.05343	0.42535
V456	0.94682	0.01276	0	0	0.04042
V457	0.70199	0.19618	0.0237	0.02905	0.04907
V458	0.05109	0.33807	0.50882	0.04652	0.0555
V459	0.16145	0.03412	0.04432	0.46453	0.29559
V460	0.72355	0.04541	0.17062	0.03178	0.02864
V461	0.22992	0.25975	0.21981	0.013	0.27752
V462	0.07342	0.04999	0.00822	0.47907	0.3893
V463	0.24644	0.04147	0.0077	0.63474	0.06966
V464	0.20794	0.15755	0.62878	0	0.00573
V465	0.05946	0.06111	0.00731	0.06222	0.8099
V466	0.04029	0	0	0.12831	0.8314
V467	0.08796	0.22031	0.01587	0.52412	0.15174
V468	0.60306	0.27406	0.09181	0	0.03107
V469	0.04752	0.28228	0.0467	0.26796	0.35554
V470	0.85831	0.06243	0.01748	0.04389	0.01788
V471	0.43074	0.2595	0.01798	0.12301	0.16878
V472	0.02494	0.00191	0.03246	0.0546	0.8861
V473	0.05912	0.17827	0.22309	0.31294	0.22658
V474	0.33082	0.10974	0.05112	0.42246	0.08586
V475	0.19674	0.00534	0.56782	0.02293	0.20718
V476	0.18641	0.01016	0.08764	0.59329	0.12249
V477	0.09283	0.88841	0.00872	0	0.01005
V478	0.17835	0	0	0.04008	0.78157
V479	0.86033	0.06238	0.02424	0.03617	0.01688
V480	0.18413	0.61633	0.04669	0.10088	0.05196
V481	0.28704	0.32548	0.05112	0.16825	0.16811
V482	0.15817	0.64502	0.17662	0	0.02019
V483	0.36427	0.48324	0	0.08424	0.06825
V484	0.27317	0.47792	0.10385	0.11313	0.03193
V485	0.70033	0.07895	0.09744	0.08859	0.03469
V486	0.08499	0.04079	0.25886	0.0237	0.59166
V487	0.17458	0.10026	0.39341	0.29836	0.03339
V488	0.43794	0.04852	0	0.3089	0.20464
V489	0.02471	0.20331	0.68249	0.06418	0.02532
V490	0.01803	0	0.7521	0.20425	0.02562
V491	0.06631	0.40521	0.03782	0.10378	0.38687
V492	0.05876	0.11492	0.02633	0.70073	0.09925
V493	0.03839	0	0.00843	0.85031	0.10287
V494	0.34892	0	0.01221	0.50585	0.13303
V495	0.38609	0.18807	0.19277	0.15178	0.08129
V496	0.14498	0.00316	0.04055	0.03957	0.77174
V497	0.11603	0.00272	0.12207	0.11833	0.64086
V498	0.11945	0.82351	0.02018	0	0.03685
V499	0.06656	0.18019	0.23069	0.07366	0.4489
V500	0.15134	0.45036	0.09815	0.20918	0.09097
V501	0.09574	0.26219	0.00625	0.03683	0.59899
V502	0.1804	0.75833	0.0344	0.01692	0.00995
V503	0.48727	0.00402	0.18219	0.12463	0.20189
V504	0.49832	0.17346	0	0.00385	0.32437
V505	0.63422	0.00706	0.01484	0.06884	0.27503
V506	0.059	0.45983	0.05435	0.02379	0.40304
V507	0.86663	0.00762	0.02339	0.0596	0.04276
V508	0.0657	0.60448	0.20063	0.03286	0.09633
V509	0.08909	0.41697	0.12594	0.19121	0.1768
V510	0.46427	0.46262	0.03545	0.02131	0.01635
V511	0.09563	0.28255	0.50836	0.02863	0.08483
V512	0.19301	0.41706	0.15738	0.04193	0.19062
V513	0.21855	0.64094	0.06295	0.03227	0.04529
V514	0.02391	0	0.18857	0.06836	0.71916
V515	0.10338	0.10415	0	0.71894	0.07353
V516	0.20327	0.32718	0.09752	0.32298	0.04905
V517	0.04042	0.01234	0.04633	0.80931	0.09159
V518	0.47496	0.00422	0.29769	0.17251	0.05062
V519	0.81028	0.06997	0	0.09672	0.02302
V520	0.11868	0.81077	0.01231	0.04449	0.01374
V521	0.23761	0	0.11881	0.58336	0.06021
V522	0.07338	0.16908	0.56388	0.13179	0.06187
V523	0.18602	0.03431	0.74422	0.02708	0.00837
V524	0.39235	0.01227	0.52763	0	0.06776
V525	0.03637	0.15064	0.02236	0.05022	0.7404
V526	0.05435	0.01451	0.88241	0.00798	0.04075
V527	0.12145	0.45778	0.39016	0	0.0306
V528	0.17775	0	0.01659	0.73298	0.07268
V529	0.25532	0.01293	0.71973	0	0.01203
V530	0.02859	0.0041	0.89699	0.03717	0.03316
V531	0.21933	0.46823	0.07647	0.01197	0.22401
V532	0.09027	0.21375	0.26779	0.01128	0.41691
V533	0.26803	0	0	0.03169	0.70028
V534	0.15441	0.04674	0	0.70035	0.0985
V535	0.83758	0.11522	0.03983	0	0.00737
V536	0.15808	0.14112	0.35478	0.03331	0.31271
V537	0.0343	0	0.00988	0.0554	0.90043
V538	0.63524	0.10291	0	0.01543	0.24642
V539	0.03036	0.12871	0.65103	0.09676	0.09313
V540	0.20341	0.42304	0.07595	0.04653	0.25107
V541	0.0613	0.34027	0.01443	0.04849	0.53551
V542	0.07069	0.30083	0.10041	0.41792	0.11015
V543	0.0877	0.08423	0.66945	0.03911	0.11951
V544	0.38489	0.15987	0.15871	0.05476	0.24177
V545	0.65997	0.336	3e-05	0	0.00401
V546	0.11146	0.74153	0.07444	0	0.07257
V547	0.13435	0.73656	0	0.08513	0.04396
V548	0.03382	0.04289	0.00705	0.81954	0.0967
V549	0.02201	0	0.01694	0.18187	0.77919
V550	0.08456	0.81066	0.08734	0	0.01744
V551	0.03982	0	0.00179	0.86202	0.09637
V552	0.2255	0	0.01051	0.06239	0.70159
V553	0.79604	0.02258	0.00919	0.1084	0.0638
V554	0.14183	0.02433	0.47324	0.31609	0.04451
V555	0.09047	0.86522	0.00688	0	0.03743
V556	0.10656	0.02834	0.04861	0.69131	0.12518
V557	0.35051	0.21627	0.0272	0.31894	0.08708
V558	0.01846	0.00114	0.79225	0.14573	0.04241
V559	0.13942	0.39344	0.42964	0	0.03751
V560	0.66724	0.21883	0.11392	0	0
V561	0.7336	0.0044	0.1153	0	0.1467
V562	0.14074	0.02145	0.13006	0.10519	0.60256
V563	0.25651	0.22243	0.18405	0.10377	0.23323
V564	0.37344	0.00711	0.0483	0.31798	0.25317
V565	0.02161	0	0.01051	0.08635	0.88153
V566	0.32434	0.11435	0.0185	0.30052	0.24229
V567	0.02503	0	0.96959	0	0.00538
V568	0.0556	0.19668	0.41833	0.30373	0.02565
V569	0.66994	0.09488	0.09015	0.09222	0.0528
V570	0.16399	0.00037	0.26048	0.45295	0.1222
V571	0.29666	0	0.20945	0.32177	0.17211
V572	0.83934	0.00916	0	0	0.1515
V573	0.10486	0.03949	0.31557	0.37695	0.16313
V574	0.57228	0.26596	0.06269	0.06415	0.03491
V575	0.3819	0.00644	0.09924	0.05123	0.46119
V576	0.08771	0.82865	0.00521	0.00234	0.07609
V577	0.46342	0.46231	0.02785	0.02922	0.0172
V578	0.04783	0.13433	0.50754	0.22785	0.08245
V579	0.05416	0.47933	0.30898	0.01869	0.13884
V580	0.25912	0.50055	0.00646	0.18438	0.04949
V581	0.08654	0.46205	0.36477	0.06924	0.0174
V582	0.00567	0.02736	0.96697	0	0
V583	0.67428	0.01896	0.30676	0	0
V584	0.26757	0.45614	0.09266	0.02177	0.16186
V585	0.08932	0.72608	0.05796	0.0486	0.07803
V586	0.07771	0.75514	0.15609	0.00332	0.00775
V587	0.09303	0.62332	0.00159	0.02844	0.25362
V588	0.28378	0.36685	0.34359	0	0.00578
V589	0.1339	0.3698	0.03908	0.39009	0.06713
V590	0.08995	0.7211	0	0.0089	0.18005
V591	0.50281	0.45781	0.028	0	0.01138
V592	0.02552	0	0.74608	0.02855	0.19985
V593	0.44442	0	0	0.45568	0.0999
V594	0.01734	0.10757	0.65374	0.14611	0.07524
V595	0.56174	0.0336	0.05439	0.27985	0.07042
V596	0.51742	0.1689	0.18496	0.09291	0.0358
V597	0.04657	0.14304	0.00031	0.12591	0.68417
V598	0.58297	0.00199	0	0	0.41504
V599	0.11033	0.36355	0.08195	0.3695	0.07467
V600	0.31161	0	0.16352	0.36048	0.16439
V601	0.16357	0.06979	0	0.44454	0.3221
V602	0.84024	0.15515	0	0	0.00461
V603	0.14789	0.10029	0.01878	0.13924	0.5938
V604	0.03119	0	0.70325	0.10213	0.16343
V605	0.04413	0.02721	0.10799	0.09457	0.72611
V606	0.83774	0.00238	0	0	0.15988
V607	0.17371	0.07135	0.01155	0.04239	0.701
V608	0.76792	0.02869	0.02167	0.05321	0.12852
V609	0.21956	0.27205	0.00598	0.3769	0.12551
V610	0.12756	0.61916	0.00157	0.2156	0.03611
V611	0.32646	0.01348	0.59406	0.00029	0.06571
V612	0.42104	0.02791	0.27734	0.00558	0.26814
V613	0.4606	0.49678	0.02908	0.00596	0.00758
V614	0.54483	0.02245	0.00878	0.06259	0.36136
V615	0.03033	0.0621	0.11882	0.55548	0.23326
V616	0.70013	0.01255	0.12851	0.10611	0.0527
V617	0.27038	0.04702	0.43681	0.08094	0.16486
V618	0.7388	0.09177	0.04964	0	0.11979
V619	0.5708	0.03415	0.12856	0	0.26649
V620	0.06583	3e-04	0.33905	0.53863	0.05619
V621	0.17045	0.17605	0.26653	0.00589	0.38108
V622	0.04064	0.1638	0.31777	0.02396	0.45383
V623	0.08894	0	0.00221	0.64231	0.26653
V624	0.91346	0.00606	0	0	0.08048
V625	0.03049	0.03915	0.08815	0.75818	0.08402
V626	0.09936	0.00447	0.54318	0.29887	0.05411
V627	0.1254	0.10971	0.09675	0.0495	0.61863
V628	0.9653	0.0229	0.00247	0	0.00933
V629	0.16327	0.21235	0.61347	0.00262	0.00829
V630	0.03511	0.13197	0.01517	0.05996	0.75779
V631	0.0151	0	0.23459	0.04355	0.70676
V632	0.08925	0.71355	0.00251	0.03084	0.16386
V633	0.07329	0	0.07718	0.4902	0.35932
V634	0.46057	0.40793	0.13053	0	0.00096
V635	0.05652	0.06324	0.15812	0.0484	0.67371
V636	0.24183	0.13708	0.28994	0.17786	0.15329
V637	0.25472	0	0.38463	0.23724	0.12341
V638	0.10927	0.40166	0.01376	0.08537	0.38994
V639	0.56428	0.36455	0.06324	0	0.00793
V640	0.13393	0.14491	0.0672	0.22325	0.43071
V641	0.14197	0.67718	0.01634	0.11871	0.0458
V642	0.75616	0.04491	0	0.17729	0.02164
V643	0.09683	0.81869	0.06194	0.01231	0.01024
V644	0.07928	0.39375	0.0167	0.42804	0.08224
V645	0.20911	0.7039	0.00921	0.06394	0.01384
V646	0.17713	0.48564	0.02217	0.21349	0.10158
V647	0.95662	0.008	0.0015	0.02183	0.01206
V648	0.46941	0.08767	0	0.24476	0.19815
V649	0.28548	0.06231	0.0619	0.10647	0.48384
V650	0.04594	0	0.0542	0.81626	0.0836
V651	0.17641	0.17963	0	0.58711	0.05685
V652	0.3923	0	0.02743	0.51427	0.066
V653	0.37536	0.00025	0.04266	0.49003	0.0917
V654	0.04887	0.04245	0	0.09532	0.81336
V655	0.19392	0.03293	0.28224	0.44446	0.04645
V656	0.12129	0	0	0.11705	0.76167
V657	0.0711	0.44191	0.02403	0.30924	0.15373
V658	0.04944	0.0064	0.02529	0.57237	0.3465
V659	0.03864	0.00105	0.0698	0.74582	0.14469
V660	0.0866	0.27402	0.01317	0.05757	0.56863
V661	0.0822	0.60569	0.00885	0.16395	0.1393
V662	0.06357	0.36618	0.0149	0.02466	0.53068
V663	0.98282	0.00562	0.00567	0	0.00588
V664	0.03818	0	0.1009	0.36905	0.49188
V665	0.06548	0.59968	0.20219	0.07298	0.05966
V666	0.13983	0.81483	0.0368	0	0.00853
V667	0.06997	0.51443	0.25275	0.09184	0.07101
V668	0.67606	0.22521	0.03841	0.0285	0.03182
V669	0.50757	0.27737	0.01779	0.06678	0.13049
V670	0.13381	0.56915	0.03815	0.032	0.22689
V671	0.80817	0.0146	0.16723	0	0.01
V672	0.11283	0.03944	0.07553	0.29176	0.48045
V673	0.02561	0	0	0.13166	0.84273
V674	0.42208	0.07986	0.46011	0	0.03795
V675	0.70373	0.01297	0.02833	0.11877	0.13621
V676	0.30125	0.07737	0.46323	0	0.15815
V677	0.07527	0.23656	0.2052	0.37648	0.10649
V678	0.07493	0.25251	0.00664	0.05468	0.61124
V679	0.02749	0	0.44549	0.4757	0.05132
V680	0.17959	0	0.01162	0.31908	0.48971
V681	0.55376	0.02404	0.0315	0.26361	0.12708
V682	0.0028	0	0.9972	0	0
V683	0.0929	0.15359	0.6199	0	0.13361
V684	0.0828	0	0.00556	0.82494	0.08669
V685	0.017	0.00357	0.86779	0.09512	0.01652
V686	0.33623	0.57541	0.06154	0.00306	0.02377
V687	0.01131	0	0.57693	0.35993	0.05183
V688	0.00184	0	0.97833	0	0.01983
V689	0.53979	0.04315	0.1706	0.08341	0.16305
V690	0.15049	0.80634	0.01188	0.0116	0.01969
V691	0.17084	0.10525	0.03829	0.59233	0.09329
V692	0.09417	0.00197	0.01054	0.71954	0.17378
V693	0.0511	0.48174	0.43495	0.01842	0.01379
V694	0.11682	0.16165	0.03099	0.55821	0.13233
V695	0.14366	0.07446	0.12071	0.04044	0.62074
V696	0.14728	0	0.72097	0	0.13174
V697	0.13416	0.08185	0.29381	0.33228	0.1579
V698	0.02782	0	0.14792	0.04995	0.77431
V699	0.05685	0	0.04044	0.61629	0.28642
V700	0.10199	0.76017	0.0666	0	0.07125
V701	0.03542	0.13189	0.00824	0.05338	0.77107
V702	0.04657	0.09185	0.00302	0.63162	0.22694
V703	0.04004	0	0.02302	0.83865	0.09829
V704	0.06105	0.02481	0.35337	0.03587	0.5249
V705	0.94173	0.01944	0	0	0.03883
V706	0.18702	0.11912	0.14265	0.42136	0.12985
V707	0.16346	0.08716	0.05832	0.25904	0.43202
V708	0.0587	0.56124	0.37743	0	0.00263
V709	0.0224	0	0.02496	0.05535	0.89729
V710	0.15367	0.00034	0.44015	0.00597	0.39986
V711	0.06758	0	0.01376	0.06462	0.85404
V712	0.08192	0	0.70435	0.1813	0.03243
V713	0.31223	0.3898	0.29731	0	0.00067
V714	0.06077	0	0	0.05389	0.88534
V715	0.03067	0.25639	0.60364	0.09151	0.0178
V716	0.76539	0.17894	0.00409	0.01908	0.03251
V717	0.42982	0.13464	0.10206	0.01799	0.3155
V718	0.71124	0.01083	0.23336	0	0.04457
V719	0.44942	0.20903	0.08856	0.09639	0.15659
V720	0.13688	0.01109	0.07105	0.06644	0.71454
V721	0.03934	0	0.03682	0.06682	0.85703
V722	0.05282	0.19895	0.0479	0.46725	0.23309
V723	0.1431	0.18816	0.09842	0.49671	0.07362
V724	0.17267	0.61494	0.0314	0.15216	0.02884
V725	0.04136	0	0.00247	0.05589	0.90028
V726	0.26585	0.44736	0.04315	0.04833	0.19532
V727	0.01419	0	0.96723	0	0.01858
V728	0.81626	0.0315	0.10317	0.03513	0.01394
V729	0.64518	0.11032	0.01671	0.19802	0.02977
V730	0.15193	0.00077	0.35902	0.38348	0.1048
V731	0.028	0	0.05712	0.82944	0.08544
V732	0.03871	0	0.00888	0.85826	0.09415
V733	0.04131	0.01457	0.92889	0	0.01523
V734	0.56804	0.07625	0.324	0.01359	0.01812
V735	0.09317	0.11396	0.18669	0.04566	0.56052
V736	0.02678	0.01127	0.00368	0.05658	0.90168
V737	0.97657	0.01271	0.00522	0	0.0055
V738	0.05501	0.38566	0.00803	0.03253	0.51876
V739	0.04245	0	0.00085	0.86208	0.09462
V740	0.23109	0.04958	0.0851	0.03619	0.59804
V741	0.52671	0.01341	0	0.28115	0.17873
V742	0.0978	0.00195	0.51154	0.17213	0.21658
V743	0.04522	0.01824	0.0599	0.12985	0.74679
V744	0.22967	0.04068	0.15026	0.48773	0.09166
V745	0.19674	0.00374	0.03925	0.68657	0.0737
V746	0.41344	0.51135	0.02806	0	0.04715
V747	0.04136	0.01414	0.91684	0	0.02766
V748	0.19832	0.16886	0.25044	0.0593	0.32309
V749	0.21845	0.07637	0.10337	0.40826	0.19354
V750	0.78689	0.18641	0	0.01731	0.00939
V751	0.06291	0.35019	0.56833	0.00763	0.01094
V752	0.04141	0.08762	0.01503	0.05471	0.80123
V753	0.59429	0.04796	0.21029	0.00664	0.14082
V754	0.1511	0.29212	0.00056	0.49826	0.05796
V755	0.28775	0.66756	0.03188	0	0.0128
V756	0.04038	0.07023	0.01493	0.09229	0.78216
V757	0.20062	0	0.08578	0.64628	0.06732
V758	0.1024	0.39635	0	0.44586	0.05538
V759	0.10308	0.00205	0.07975	0.04116	0.77396
V760	0.09754	0.0033	0.18282	0.25022	0.46613
V761	0.08698	0.23263	0.67406	0	0.00632
V762	0.03464	0.01263	0.15122	0.38488	0.41662
V763	0.05151	0.21262	0.00067	0.03941	0.69579
V764	0.14196	0.03837	0.07274	0.6666	0.08032
V765	0.2111	0.00926	0.63099	0.03359	0.11506
V766	0.11154	0.44401	0.22796	0.04387	0.17262
V767	0.32241	0.42944	0.0505	0.0361	0.16155
V768	0.10546	0.79393	0.04328	0.0364	0.02093
V769	0.78048	0.01993	0.155	0	0.04458
V770	0.36843	0	0.47588	0.13802	0.01767
V771	0.10845	0.67639	0.00146	0.08416	0.12953
V772	0.06603	0.00448	0.92949	0	0
V773	0.04191	0	0	0.18018	0.77792
V774	0.18592	0	0.48967	0	0.32441
V775	0.93277	0.0071	0.01266	0.02176	0.0257
V776	0.41878	0.39112	0.14269	0.00759	0.03981
V777	0.26895	0.34596	0.22611	0.09146	0.06752
V778	0.55549	0.04927	0.00283	0.18441	0.208
V779	0.10321	0.38855	0.48843	0	0.0198
V780	0.02555	0	0.97445	0	0
V781	0.21389	0.25728	0.15176	0.00534	0.37172
V782	0.25362	0.1926	0.0107	0.02377	0.51931
V783	0.00789	0	0.60119	0.033	0.35792
V784	0.07048	0.56904	0	0.23455	0.12594
V785	0.73302	0.13107	0	0.0661	0.0698
V786	0.19959	0.17339	0.00709	0.54059	0.07934
V787	0.1805	0.54892	0	0.17301	0.09757
V788	0.42457	0.37032	0.05629	0	0.14882
V789	0.03669	0.12288	0.00156	0.37788	0.461
V790	0.31519	0.18771	0.04823	0.10659	0.34227
V791	0.20853	0.17801	0.05803	0.18575	0.36968
V792	0.94671	0.0196	0.01532	0	0.01837
V793	0.36698	0.22698	0.04036	0.08341	0.28227
V794	0.03199	0	0.08451	0.18647	0.69703
V795	0.18074	0.78153	0.01131	0	0.02642
V796	0.35287	0.37361	0.09322	0.12914	0.05117
V797	0.14509	0	0	0.05796	0.79694
V798	0.16915	0.45421	0	0.08377	0.29286
V799	0.05945	0.13332	0.04141	0.64359	0.12223
V800	0.04258	0	0.00815	0.14281	0.80646
V801	0.41674	0	0.10673	0.40454	0.07199
V802	0.05629	0.15008	0.00718	0.04938	0.73707
V803	0.33582	0.0179	0	0.56423	0.08205
V804	0.24071	0.13397	0.17999	0.35485	0.09049
V805	0.18666	0.10975	0.41229	0.16079	0.13051
V806	0.51293	0.00553	0.16786	0.04987	0.26381
V807	0.73977	0.01344	0.04862	0.02699	0.17119
V808	0.84448	0.01246	0.03602	0	0.10704
V809	0.24623	0.55518	0.01387	0.02403	0.16069
V810	0.04932	0.03099	0.03123	0.43838	0.45008
V811	0.07017	0.06166	0.0137	0.12782	0.72664
V812	0.06738	0.62738	0.18326	0.0722	0.04978
V813	0.05467	0.17114	0.1877	0.02386	0.56264
V814	0.2503	0.50982	0.05353	0.14156	0.0448
V815	0.28292	0.63808	0.02303	0.03681	0.01916
V816	0.06363	0.46912	0.00253	0.38472	0.08
V817	0.83215	0.03911	0.12678	0	0.00196
V818	0.06349	0.16687	0.32128	0.04468	0.40368
V819	0.96062	0.02235	0.00861	0	0.00841
V820	0.10717	0.32506	0.10906	0.38294	0.07577
V821	0.02298	0	0	0.05921	0.91781
V822	0.21761	0	0.00902	0.70456	0.06882
V823	0.06462	0.04656	0.19252	0.03124	0.66507
V824	0.08438	0.00194	0.01425	0.0493	0.85012
V825	0.18423	0	0.63578	0.16965	0.01034
V826	0.0527	0	0.94198	0.00533	0
V827	0.38066	0.11998	0	0.3501	0.14926
V828	0.26741	0.10795	0.08671	0.06506	0.47287
V829	0.11522	0.0552	0.27391	0.17728	0.37839
V830	0.18174	0	0.67237	0.00955	0.13634
V831	0.07586	0.69363	0.04178	0.1405	0.04824
V832	0.22111	0	0.05325	0.22954	0.4961
V833	0.23784	0.70946	0.00206	0	0.05064
V834	0.76997	0.13556	0.02333	0	0.07114
V835	0.29698	0.2506	0.07676	0.25236	0.1233
V836	0.43949	0.05387	0.41482	0.07802	0.0138
V837	0.08218	0.7752	0.01103	0.03484	0.09675
V838	0.02443	0	0.07284	0.80986	0.09286
V839	0.05308	0.00124	0.05972	0.04851	0.83745
V840	0.9506	0.01413	0.02062	0	0.01465
V841	0.26705	0.0023	0.72838	0	0.00227
V842	0.58121	0.03861	0.18044	0.16777	0.03197
V843	0.48674	0	0.12304	0.06262	0.3276
V844	0.02966	0.15266	0.77802	0.00886	0.03079
V845	0.04644	0	0	0.56561	0.38795
V846	0.12692	0.01089	0.07966	0.08872	0.69382
V847	0.21837	0	0.0378	0.13415	0.60969
V848	0.74734	0.0424	0	0.06279	0.14746
V849	0.1699	0.03124	0.68916	0	0.10969
V850	0.24786	0.01171	0.25835	0.148	0.33408
V851	0.97896	0.00545	0	0	0.01559
V852	0.26154	0.03532	0.06289	0.16945	0.4708
V853	0.05454	0.10407	0.59744	0.13632	0.10764
V854	0.07718	0.29986	0.22649	0.08124	0.31523
V855	0.14372	0.34273	0.08043	0.30259	0.13053
V856	0.19131	0.33248	0.04224	0.01164	0.42232
V857	0.10137	0.0139	0.14981	0.41143	0.32349
V858	0.05698	0.3009	0.17255	0.20937	0.2602
V859	0.15983	0	0.01661	0.71503	0.10854
V860	0.0684	0.11305	0.05723	0.63113	0.13019
V861	0.17431	0.00159	0.11557	0.64202	0.0665
V862	0.07979	0	0.01309	0.12105	0.78608
V863	0.08997	0.8573	0.01407	0	0.03867
V864	0.05016	0	0.89612	0.05225	0.00147
V865	0.10657	0	0.62807	0.24808	0.01728
V866	0.04917	0.02793	0.63625	0.23752	0.04913
V867	0.57834	0.02389	0	0	0.39777
V868	0.28486	0.19717	0.38401	0.09794	0.03603
V869	0.02933	0	0.01673	0.06235	0.89159
V870	0.30658	0.13503	0.06562	0.23156	0.26121
V871	0.05459	0.01831	0.08313	0.11907	0.7249
V872	0.41984	0.02762	0.00526	0.44852	0.09876
V873	0.09171	0.28581	0.13661	0.36939	0.11649
V874	0.10628	0.01905	0	0.05416	0.82051
V875	0.03876	0.14563	0.01671	0.47033	0.32857
V876	0.49385	0.04307	0.04388	0.0144	0.4048
V877	0.2841	0.58645	0.02974	0.06941	0.0303
V878	0.07363	0.64581	0.03377	0.20255	0.04424
V879	0.93137	0.04611	0.0072	0	0.01532
V880	0.10481	0.04934	0.02159	0.40757	0.41669
V881	0.02073	0	0.49162	0.01617	0.47147
V882	0.08258	0.43203	0.00977	0.43118	0.04445
V883	0.54617	0.15653	0.00309	0.15599	0.13823
V884	0.02185	0	0	0.06706	0.91109
V885	0.20171	0.04158	0.35734	0.11092	0.28845
V886	0.02051	0	0.02439	0.22685	0.72825
V887	0.1392	0.8116	0.00459	0	0.0446
V888	0.08767	0.07359	0.04853	0.65804	0.13217
V889	0.16952	0.75879	0.03389	0.01049	0.0273
V890	0.05507	0	0.12598	0.62489	0.19406
V891	0.00571	0.02796	0.96634	0	0
V892	0.6248	0.21565	0.00953	0	0.15002
V893	0.18852	0.15569	0.49967	0.06944	0.08668
V894	0.14136	0.48195	0.03877	0.25261	0.08531
V895	0.73305	0.01307	0.24643	0	0.00746
V896	0.25917	0.1898	0.21961	0.29679	0.03463
V897	0.02492	0	0.03732	0.72079	0.21697
V898	0.39454	0	0.00285	0.0363	0.5663
V899	0.61127	0.28047	0.0683	0	0.03997
V900	0.3127	0.20271	0.25714	0.18351	0.04393
V901	0.68973	0.05879	0	0.14776	0.10372
V902	0.86962	0.05318	0.01082	0.01031	0.05607
V903	0.3131	0.05165	0.05958	0.48433	0.09135
V904	0.75594	0.09164	0.13291	0	0.01951
V905	0.05664	0.2674	0.05486	0.3227	0.2984
V906	0.18639	0.02167	0.43229	0.07415	0.28549
V907	0.74724	0.11099	0.05083	0.03438	0.05656
V908	0.06057	0.29351	0.04074	0.48777	0.11741
V909	0.04637	0.08463	0.01123	0.69611	0.16165
V910	0.70443	0.15965	0.00271	0.03942	0.09379
V911	0.06517	0.22333	0.51289	0.00224	0.19636
V912	0.04983	0	0.13154	0.09329	0.72534
V913	0.17295	0.0012	0.0627	0.6361	0.12704
V914	0.78556	0.04561	0.00275	0.09458	0.0715
V915	0.21551	0.1379	0.03951	0.02832	0.57875
V916	0.80559	0.02822	0.09313	0	0.07306
V917	0.45511	0.02129	0	0.02275	0.50085
V918	0.64325	0.13234	0.19267	0.00475	0.027
V919	0.46872	0.13661	0.00373	0.25238	0.13856
V920	0.21586	0	0.1031	0.61744	0.0636
V921	0.21948	0.1417	0.09516	0.01593	0.52773
V922	0.05122	0	0.67368	0	0.27511
V923	0.18853	0.41547	0.01271	0.05284	0.33045
V924	0.54537	0.08842	0	0.223	0.14321
V925	0.18536	0.0906	0.45815	0.15927	0.10661
V926	0.03475	0	0.00297	0.06341	0.89887
V927	0.58643	0.23205	0.09402	0.06224	0.02526
V928	0.15738	0.22219	0.19839	0.17672	0.24532
V929	0.08152	0.21265	0	0.03576	0.67007
V930	0.08763	0	0.04847	0.04543	0.81847
V931	0.51199	0.11355	0.00265	0.04024	0.33158
V932	0.07268	0.07464	0.03664	0.30918	0.50686
V933	0.31783	0	0.0382	0.25535	0.38862
V934	0.71229	0.06116	0.22655	0	0
V935	0.62449	0.10075	0.10639	0.0362	0.13216
V936	0.35322	0.04426	0.10111	0.41709	0.08432
V937	0.1852	0.6568	0.08837	0.02501	0.04463
V938	0.13136	0.83747	0.02171	0	0.00946
V939	0.0218	0	0.01078	0.30519	0.66223
V940	0.59696	0.06974	0.06598	0.03675	0.23057
V941	0.04257	0.08952	0.10735	0.45832	0.30224
V942	0.77598	0.21781	0	0	0.00621
V943	0.06824	0.0607	0.04299	0.05098	0.77709
V944	0.38466	0.00944	0.10047	0.4479	0.05753
V945	0.07696	0.23278	0.588	0.02817	0.07408
V946	0.06038	0.45678	0.4727	0	0.01013
V947	0.40812	0.00669	0.01641	0.11484	0.45395
V948	0.11712	0.65312	0.03141	0.1062	0.09215
V949	0.88355	0.09308	0.02072	0	0.00265
V950	0.0943	0	0.01991	0.80409	0.08169
V951	0.3413	0.00458	0	0.47255	0.18157
V952	0.16068	0.00919	0.03808	0.60365	0.18839
V953	0.5166	0.07407	0	0.33158	0.07775
V954	0.29213	0.48202	0.05152	0.05082	0.12351
V955	0.09513	0	0.53422	0.33475	0.0359
V956	0.06928	0.42496	0.08368	0.3568	0.06528
V957	0.15434	0.70852	0.04825	0.0585	0.03039
V958	0.09539	0.80061	0.00392	0.0403	0.05977
V959	0.09972	0	0.80733	0.051	0.04195
V960	0.56813	0.04354	0.12497	0.0829	0.18047
V961	0.09778	0.81978	0.00479	0.0019	0.07575
V962	0.20545	0.06884	0	0.07464	0.65108
V963	0.03703	0	0.40823	0.4821	0.07265
V964	0.01419	0	0.96723	0	0.01858
V965	0.01325	0	0.4244	0.45889	0.10346
V966	0.04127	0	0.4547	0.08791	0.41612
V967	0.39606	0.44536	0	0	0.15858
V968	0.10133	0.865	0.00645	0.00641	0.0208
V969	0.16174	0.44936	0.12362	0.11978	0.14549
V970	0.20866	0.34578	0.42145	0	0.02411
