CD56NK	CD4MemoryT	CD19B	CD14
V1	0.54168	0	0.09742	0.3609
V2	0.09312	0.00274	0.01082	0.89332
V3	0.03144	0.52343	0	0.44513
V4	0.9214	0.0486	0.00074	0.02926
V5	0.0768	0.43659	0.23299	0.25362
V6	0.05476	0.93752	0.00661	0.0011
V7	0.09294	0.23166	0.03043	0.64497
V8	0.12757	0	0.8298	0.04263
V9	0.20192	0.10156	0.00422	0.69229
V10	0.00935	0	0.92041	0.07024
V11	0.2559	0.30722	0.43688	0
V12	0.01324	0.62137	0.3654	0
V13	0.30016	0.69139	0.00183	0.00662
V14	0.04933	0.94687	0.0038	0
V15	0.08461	0.59824	0.07799	0.23917
V16	0.94324	0.00761	0.00726	0.04189
V17	0.06864	0.9232	0.00392	0.00424
V18	0.70878	0.25	0.01309	0.02813
V19	0.16766	0.8307	0.00164	0
V20	0.13153	0.34123	0	0.52723
V21	0.1249	0.00674	0.82673	0.04164
V22	0	0.0067	0.11795	0.87535
V23	0.46684	0.00568	0.52025	0.00723
V24	0.96252	0.01041	0.01379	0.01327
V25	0.36212	0.10457	0.07153	0.46178
V26	0.43784	0.26874	0.002	0.29141
V27	0.05282	0	0.00032	0.94686
V28	0.00624	0.01584	0.97792	0
V29	0.53017	0.00113	0.42655	0.04216
V30	0.05412	0.0788	0.2075	0.65958
V31	0.18579	0.06713	0.23313	0.51396
V32	0.03351	0	0.00589	0.9606
V33	0.02091	0.48403	0.36722	0.12784
V34	0.12144	0.00141	0.83528	0.04186
V35	0.16688	0.77219	0.04178	0.01915
V36	0	0	0.34991	0.65009
V37	0.54576	0.00531	0.03755	0.41138
V38	0.38977	0	0.09558	0.51465
V39	0.15686	0.5558	0.08649	0.20084
V40	0.09266	0.85607	0.05127	0
V41	0.00086	0.59708	0.0111	0.39096
V42	0.18139	0	0.12195	0.69666
V43	0.12738	0.29744	0.56981	0.00537
V44	0.00416	0.01482	0.71246	0.26856
V45	0.07016	0.6225	0.19606	0.11129
V46	0.89253	0.01931	0.07838	0.00977
V47	0.58569	0.08104	0.27743	0.05584
V48	0.8941	0.08347	0.00186	0.02056
V49	0.81025	0.09053	0	0.09922
V50	0.04775	0.89776	0.0545	0
V51	0.40709	0.34901	0.24004	0.00386
V52	0.01314	0.03391	0.91423	0.03873
V53	0.82658	0.05678	0.11215	0.00449
V54	0.56414	0.08803	0.33464	0.01319
V55	0.18349	0.01702	0.16231	0.63718
V56	0.0165	0	0.03279	0.95071
V57	0.08334	0.91018	0.00648	0
V58	0.60527	0	0.00904	0.38569
V59	0.55994	0.33862	0.06362	0.03782
V60	0.08339	0.03441	0.2506	0.6316
V61	0.86537	0.02914	0.00211	0.10337
V62	0.93898	0.00651	0.03284	0.02166
V63	0.00941	0.90445	0.08614	0
V64	0.0043	0.82899	0	0.1667
V65	0.00129	0	0.04678	0.95193
V66	0.2336	0.68932	0.00517	0.07191
V67	0.16973	0.27539	0.55487	0
V68	0.10309	0.03305	0.00061	0.86325
V69	0.00909	0.24929	0.69568	0.04595
V70	0.64239	0.04918	0.12698	0.18146
V71	0.12056	0	0.28508	0.59436
V72	0.65569	0.0494	0.04144	0.25348
V73	0.13642	0.64757	0.10295	0.11305
V74	0.04323	0.17067	0.78609	0
V75	0.75728	0	0.12398	0.11874
V76	0	0.04787	0.10761	0.84452
V77	0.00801	0.15458	0	0.83741
V78	0.29225	0.01529	0.10933	0.58312
V79	0.00278	0.02393	0.84019	0.1331
V80	0.40662	0	0.47143	0.12194
V81	0.04232	0.08771	0.86997	0
V82	0.00226	0.02102	0.97378	0.00294
V83	0.07872	0.05346	0.02213	0.8457
V84	0.37029	0	0.08682	0.54289
V85	0.07868	0.22573	0.40247	0.29311
V86	0.03133	0.00939	0.90311	0.05617
V87	0.01748	0.89246	0.0217	0.06836
V88	0.11328	0	0.17852	0.7082
V89	0.00112	0	0.11686	0.88202
V90	0.01524	0.95782	0.02694	0
V91	0.01724	0.80657	0.15606	0.02012
V92	0.5112	0	0.29516	0.19364
V93	0.87903	0.00065	6e-05	0.12026
V94	0.00171	0.30683	0.00043	0.69103
V95	0.30713	0.3607	0.11259	0.21958
V96	0.02751	0.01093	0.00195	0.9596
V97	0.80578	0.03153	0.1575	0.00519
V98	0.78324	0.21203	0.00103	0.00371
V99	0.88081	0.00874	0.09909	0.01135
V100	0.05743	0.00064	0.91559	0.02634
V101	0.00634	0	0.00108	0.99259
V102	0.95819	0.01445	0.0035	0.02386
V103	0	0	0.03826	0.96174
V104	0.01827	0.97498	0.00361	0.00313
V105	0.041	0.95342	0.00557	0
V106	0.10209	0.5419	0.33354	0.02247
V107	0.22251	0.0999	0.62187	0.05572
V108	0.16606	0.76799	0.06594	0
V109	0.00146	0.04835	0.55792	0.39227
V110	0.03863	0.94662	0.01475	0
V111	0.94576	0	0.03748	0.01675
V112	0.07827	0	0.33675	0.58498
V113	0.14251	0.01031	0.10125	0.74592
V114	0.19825	0	0.02651	0.77524
V115	0.0053	0.79812	0.19659	0
V116	0.11731	0.22472	0.36786	0.29011
V117	0.80662	0.14879	0.01105	0.03355
V118	0.14549	0.52049	0.00656	0.32745
V119	0.06249	0.00098	0.01265	0.92389
V120	0.05572	0.01835	0.91529	0.01063
V121	0.66563	0.0291	0.0403	0.26497
V122	0.96677	0.00159	0.00608	0.02555
V123	0	0.38698	0.00907	0.60394
V124	0.76307	0.1818	0	0.05513
V125	0.50499	0.35528	0.13973	0
V126	0.0064	0.03751	0.01251	0.94359
V127	0.11146	0	0.1674	0.72114
V128	0.00505	0	0.05516	0.93979
V129	0.73035	0.12639	0.11845	0.02481
V130	0.00451	0.69201	0.30348	0
V131	0.01324	0.89939	0	0.08736
V132	0.95712	0.00079	0.00887	0.03321
V133	0.95218	0.00222	0.02156	0.02405
V134	0.06579	0.27081	0.07628	0.58713
V135	0.02985	0	0.10207	0.86808
V136	0.23724	0.27121	0	0.49155
V137	0.73372	0.00368	0.17202	0.09058
V138	0.2331	0.30816	0.13155	0.32719
V139	0.38875	0.08293	0.13811	0.3902
V140	0.00294	0.00798	0.0145	0.97458
V141	0.03108	0.04902	0.51624	0.40367
V142	0.83895	0.0018	0.14888	0.01038
V143	0.48734	0.13282	0.02314	0.3567
V144	0.12041	0.03765	0.09554	0.7464
V145	0.00258	0.80159	0.19583	0
V146	0.02387	0	0.00752	0.96861
V147	0.93897	0.00344	0.0071	0.05049
V148	0.0941	0.00594	0.53956	0.3604
V149	0.3125	0.49788	0.18961	0
V150	0.06517	0.15354	0.66125	0.12004
V151	0.21497	0.6024	0.00793	0.17469
V152	0.28017	0.40049	0.19347	0.12588
V153	0.07524	0.76369	0.00492	0.15614
V154	0.31379	0.43103	0.25518	0
V155	0.58935	0.04164	0.22818	0.14083
V156	0.01384	0.04319	0.73087	0.21209
V157	0.34239	0.04293	0.25157	0.36311
V158	0.00578	0	0.00756	0.98666
V159	0.92178	0.01754	0.00056	0.06011
V160	0.6846	0	0.01974	0.29566
V161	0.16546	0	0.00584	0.82869
V162	0.03085	0.16505	0.02867	0.77544
V163	0.06271	0.43386	0.12259	0.38083
V164	0.37631	0.19022	0.05348	0.37999
V165	0	0.14336	0	0.85664
V166	0	0.01072	0.02426	0.96501
V167	0.29496	0	0	0.70504
V168	0.33755	0.56381	0.03582	0.06281
V169	0.14099	0	0.00726	0.85176
V170	0.05749	0	0.42794	0.51457
V171	0.12155	0.16465	0.67237	0.04143
V172	0.78592	0	0.20116	0.01292
V173	0.0035	0.04158	0.0084	0.94652
V174	0	0.05494	0.02645	0.91862
V175	0.03925	0	0.76842	0.19234
V176	0.00528	0.8595	0.13521	0
V177	0.00684	0.97718	0.00105	0.01492
V178	0.0026	0.70338	0	0.29402
V179	0.1163	0	0.2761	0.6076
V180	0.0257	0.91934	0.05496	0
V181	0.15408	0.03679	0.53438	0.27475
V182	0.38202	0.07674	0.46286	0.07837
V183	0.19813	0.79991	0.00196	0
V184	0.97555	0.00207	0.00712	0.01525
V185	0.65611	0.33961	0.00428	0
V186	0.08773	0.46834	0.25305	0.19088
V187	0.97165	0.00188	0.00941	0.01706
V188	0.02357	0.11514	0	0.86129
V189	0.81475	0	0.00288	0.18237
V190	0.74063	0.00166	0.24679	0.01091
V191	0.2195	0.11637	0.61766	0.04646
V192	0.34175	0.38611	0.01429	0.25784
V193	0.6627	0	0.16608	0.17122
V194	0.02739	0.96176	0.0025	0.00836
V195	0.00545	0.00938	0.98042	0.00475
V196	0.00175	0.00786	0.00068	0.9897
V197	0.3642	0	0.00317	0.63262
V198	0.04496	0.52401	0.37034	0.06069
V199	0.11344	0	0.09804	0.78853
V200	0.08948	0.48956	0.00054	0.42042
V201	0.0657	0.55128	0.15569	0.22734
V202	0.00404	0	0.72823	0.26773
V203	0.18089	0.41594	0.40317	0
V204	0	0.41416	0	0.58584
V205	0.01018	0.01589	0.96052	0.01341
V206	0.03538	0.03305	0.93157	0
V207	0.07756	0.07153	0.01379	0.83712
V208	0.30859	0.01496	0.66554	0.01092
V209	0.35135	0.39774	0.02559	0.22531
V210	0.06042	0.83962	0.05245	0.04751
V211	0.36725	0	0.00633	0.62642
V212	0.60432	0.00617	0.36215	0.02736
V213	0.65529	0	0.05211	0.2926
V214	0.32963	0.04668	0.10009	0.5236
V215	0.24073	0.01052	2e-04	0.74854
V216	0.01675	0	0.00633	0.97692
V217	0.01723	0.43008	0.19184	0.36084
V218	0.06361	0.3616	0.1191	0.45569
V219	0.06718	0.58112	0	0.3517
V220	0.00352	0.79799	0	0.19849
V221	0.78323	0	0	0.21677
V222	0.35833	0.03352	0.31563	0.29252
V223	0.00345	0.04805	0.83291	0.11559
V224	0.97148	0.00212	0.01165	0.01475
V225	0.04005	0.93144	0.02851	0
V226	0.38141	0.02845	0.58018	0.00996
V227	0.84642	0	0.13303	0.02055
V228	0.84435	0.01223	0.02366	0.11976
V229	0.00949	0.00424	0.95681	0.02946
V230	0.00425	0	0.0061	0.98964
V231	0.00031	0.14395	0.05221	0.80353
V232	0.02004	0.56279	0	0.41717
V233	0.63539	0.01945	0.13536	0.20981
V234	0.02285	0.96537	0.01178	0
V235	0.46462	0.01083	0.48469	0.03986
V236	0.02276	0.01793	0.8389	0.1204
V237	0.11543	0	0.0069	0.87767
V238	0.11315	0.60148	0.25264	0.03274
V239	0.03116	0.26836	0	0.70048
V240	0.575	0.00558	0.35356	0.06587
V241	0.00894	0	0.89192	0.09914
V242	0.12731	0.8144	0.05829	0
V243	0.27109	0.00519	0.60563	0.11809
V244	0.21637	0	0.65811	0.12551
V245	0.74285	0.18619	0.01422	0.05674
V246	0.04233	0.06707	0.87731	0.01329
V247	0.20701	0.00779	0.78383	0.00137
V248	0.0039	0	0.01355	0.98255
V249	4e-04	0.0114	0.88608	0.10213
V250	0.82901	0	0.15842	0.01257
V251	0.96564	0.01445	0.00375	0.01616
V252	0.00738	0.86592	0.12671	0
V253	0.33912	0.00268	0.08964	0.56856
V254	0.00661	0.97035	0.02304	0
V255	0.03179	0.93332	0.00112	0.03377
V256	0.18834	0.10971	0.56705	0.13491
V257	0.45235	0.0189	0.16556	0.36319
V258	0.18469	0.16992	0.43075	0.21464
V259	0.0153	0.23697	0.71438	0.03335
V260	0.00257	0.24022	0.75721	0
V261	0.66175	0	0.12795	0.2103
V262	0.0531	0	0.00039	0.94651
V263	0.01159	0.96635	0.0011	0.02096
V264	0.12191	0	0.32949	0.5486
V265	0.00498	0	0.07266	0.92236
V266	0.71641	0.2794	0.00419	0
V267	0	0.05795	0.1922	0.74984
V268	0.3445	0	0.07381	0.58169
V269	0.0032	0.58291	0.37406	0.03984
V270	0.71679	0	0.1698	0.1134
V271	0.85041	0.01189	0.0089	0.1288
V272	0.0355	0.83097	0.00142	0.13211
V273	0.02225	0	0.01034	0.96741
V274	0.73985	0	0.11679	0.14336
V275	0.00212	0.00963	0.98302	0.00523
V276	0.57717	0.22207	0.00057	0.20019
V277	0.00718	0.08196	0.08686	0.824
V278	0.00632	0	0.18598	0.80771
V279	0.74921	0.00666	0.05268	0.19144
V280	0.00578	0	0.00756	0.98666
V281	0.53956	0	0.07594	0.3845
V282	0.03633	0.01834	0.85532	0.09001
V283	0.22159	0.54677	0.02125	0.21039
V284	0.0153	0.95662	0.02808	0
V285	0.07517	0.00594	0.91889	0
V286	0.28331	0.53174	0.06393	0.12102
V287	0.08138	0.91465	0.00397	0
V288	0.00152	0.17068	0.36994	0.45785
V289	0.3672	0.10876	0.41169	0.11234
V290	0.89643	0.09584	0.00774	0
V291	0.5938	0.01901	0.37565	0.01154
V292	0.92751	0.00031	0.00047	0.07172
V293	0.33965	0	0.60546	0.05489
V294	0.04292	0.2374	0	0.71967
V295	0	0.05351	0.11575	0.83073
V296	0.18021	0.03941	0.64189	0.13848
V297	0.03162	0	0.02538	0.943
V298	0.36696	0.03389	0.59355	0.0056
V299	0.02882	0.14307	0	0.82811
V300	0	0	0.14252	0.85748
V301	0.08271	0.03171	0.68555	0.20003
V302	0.7425	0.25167	0.00101	0.00483
V303	0.00219	0.62541	0.35797	0.01444
V304	0.03211	0	0.704	0.26389
V305	0.07743	0.05341	0.41929	0.44987
V306	0.90297	0.0243	0.01501	0.05772
V307	0.01154	0.98041	0.00546	0.00259
V308	0.23017	0.10123	0.25193	0.41667
V309	0.32598	0.18301	0.00206	0.48894
V310	0.03942	0.1862	0.08934	0.68504
V311	0.59216	0.40588	0.00197	0
V312	0.07219	0.8168	0.10765	0.00336
V313	0	0.02394	0.00264	0.97342
V314	0.00116	0.35804	0.05488	0.58591
V315	0.08374	0.58062	0.00635	0.3293
V316	0.35013	0.03871	0.33553	0.27563
V317	0.05363	0.68777	0.0128	0.2458
V318	0.00967	0.4389	0	0.55143
V319	0.0384	0.01753	0.9008	0.04327
V320	0.05109	0.04784	0.68585	0.21522
V321	0.70383	0.29195	0.00422	0
V322	0.15515	0.19114	0.02219	0.63152
V323	0.02001	0	0.03658	0.94341
V324	0.80875	0.15456	0.02951	0.00718
V325	0.35676	0.62121	0.02203	0
V326	0	0.45925	0.03968	0.50107
V327	0	0.03819	0.04482	0.91698
V328	0.01948	0	0.70008	0.28045
V329	0.11568	0.01091	0.0941	0.77931
V330	0.37683	0	0.24295	0.38022
V331	0.29222	0.00814	0.00766	0.69198
V332	0	0	0.10261	0.89739
V333	0.49113	0.01049	0.32091	0.17747
V334	0.33478	0	0.26277	0.40245
V335	0.00768	0.25701	0.53582	0.19949
V336	0.16464	0.69358	0.00516	0.13661
V337	0.36555	0.35572	0.27345	0.00528
V338	0.00383	0.99141	0.00351	0.00125
V339	0.12527	6e-05	0.87106	0.00361
V340	0.02382	0.12075	0.51877	0.33667
V341	0.00397	0	0.02142	0.9746
V342	0.25291	0	0.54556	0.20153
V343	0.97316	0.00496	0.00369	0.01819
V344	0.78458	0.0734	0.14201	0
V345	0.01049	0.01382	0.97569	0
V346	0.20418	0.01656	0.20129	0.57797
V347	0.01342	0	0.06256	0.92402
V348	0.02716	0.6553	0.09638	0.22115
V349	0.41182	0.06107	0.35881	0.16829
V350	0.0188	0.8404	0.1408	0
V351	0.00042	0	0.26969	0.72989
V352	0.02979	0	0.85432	0.1159
V353	0.90674	0.00157	0.00868	0.083
V354	0.025	0.75218	0.19339	0.02942
V355	0.28503	0.00875	0.39601	0.31022
V356	0.00509	0	0.04328	0.95163
V357	0.07066	0.22369	0.23415	0.4715
V358	0.532	0.01576	0.01107	0.44117
V359	0.53007	0.00233	0.00521	0.46238
V360	0.64763	0.347	0.00537	0
V361	0.00128	0.44281	0.55591	0
V362	0.00389	0.98518	0.00753	0.00339
V363	0.14393	0.02303	0.41473	0.41831
V364	0.1396	0.00784	0.6948	0.15776
V365	0.20216	0	0	0.79784
V366	0.04827	0.684	0.03428	0.23345
V367	0.55739	0.04024	0	0.40237
V368	0.0576	0.7777	0.03819	0.12651
V369	0.0066	0.38238	0.61102	0
V370	0.3784	0.19735	0.40782	0.01643
V371	0.18892	0.72756	0.00746	0.07606
V372	0.09938	0	0.05419	0.84643
V373	0.04246	0.03452	0.40348	0.51954
V374	0.83014	0.00348	0.15666	0.00972
V375	0.00698	0	0.07307	0.91995
V376	0.00477	0	0.04244	0.95279
V377	0.74965	0	0.00158	0.24877
V378	0	0	0.27773	0.72227
V379	0.28942	0.07785	0	0.63273
V380	0.08926	0.00253	0.11889	0.78933
V381	0.74306	0	0.03939	0.21755
V382	0.06635	0.00789	0.92307	0.00269
V383	0.83957	0	0.01385	0.14658
V384	0.56682	0.01085	0.07108	0.35126
V385	0.89467	0.00067	0.03177	0.07289
V386	0.24351	0	0.07193	0.68456
V387	0.69351	0.05089	0.13909	0.11651
V388	0.43894	0.22324	0.09957	0.23825
V389	0.47933	0.44891	0.0018	0.06996
V390	0.36797	0.18336	0.44868	0
V391	0.37096	0.01564	0	0.61341
V392	0.48604	0.09534	0.10782	0.3108
V393	0.32769	0.10905	0.31837	0.24489
V394	0.03959	0.09678	0.05377	0.80986
V395	0.22633	0.30432	0.1596	0.30975
V396	0.00668	0.97709	0.00364	0.01259
V397	0.87327	0.02237	0.05476	0.04961
V398	0.43887	0.03148	0.04042	0.48923
V399	0.19281	0.55236	0.11131	0.14353
V400	0	0.47714	0.02037	0.50249
V401	0.0158	0.06392	0.80077	0.11951
V402	0.88358	0.10231	0.0141	0
V403	0.00393	0	0.02793	0.96814
V404	0.0634	0.09417	0.68545	0.15698
V405	0.16172	0	0.09112	0.74716
V406	0.73511	0.13475	0.00301	0.12713
V407	0.00383	0.99141	0.00351	0.00125
V408	0.05519	0.13073	0.35342	0.46067
V409	0.00144	0	0.00754	0.99102
V410	0.06256	0.9264	0.01104	0
V411	0.37038	0	0	0.62962
V412	0.11434	0.00656	0.43714	0.44196
V413	0.0228	0.40289	0.12507	0.44924
V414	0.01459	0.48508	0.309	0.19133
V415	0.42688	0	0.14973	0.42339
V416	0.00868	0.03282	0.9585	0
V417	0.43178	0.56635	0.00187	0
V418	0.02648	0.01225	0.0722	0.88907
V419	0.00554	0	0.00964	0.98481
V420	0.00215	0.88392	0.00351	0.11042
V421	0.13477	0.00244	0.67157	0.19121
V422	0.01877	0.00298	5e-05	0.9782
V423	0.05743	0.00064	0.91559	0.02634
V424	0	0	0.51625	0.48375
V425	0.02696	0.14446	0.64978	0.1788
V426	0.05762	0.00499	0.83236	0.10503
V427	0.03015	0.27787	0.13042	0.56157
V428	0.05764	0.81206	0.01936	0.11094
V429	0.00467	0	0.01323	0.9821
V430	0.83567	0.06912	0.00339	0.09182
V431	0.13481	0	0.35251	0.51269
V432	0.05062	0.01099	0.01231	0.92608
V433	0.03395	0.66866	0	0.2974
V434	0.27517	0.00663	0.01338	0.70482
V435	0.46458	0	0.05957	0.47585
V436	0.31948	0	0.05184	0.62868
V437	0.18579	0.10053	0	0.71368
V438	0.64406	0.05341	0.00575	0.29678
V439	0.00571	0.01607	0	0.97822
V440	0.42609	0	0.00555	0.56836
V441	0.04032	0.03787	0.57546	0.34635
V442	0.35268	0.22927	0.08732	0.33074
V443	0.74768	0	0.03982	0.2125
V444	0.01049	0.01382	0.97569	0
V445	0.6959	3e-05	0.26276	0.04131
V446	0.01734	0.8756	0.02109	0.08596
V447	0.71402	0.02115	0.11989	0.14493
V448	0	0.00038	0.10807	0.89155
V449	0.62096	0.00492	0.22285	0.15127
V450	0.15441	0.83741	0.00818	0
V451	0.95252	0.01431	0.00076	0.03241
V452	0.00827	0	0.02789	0.96384
V453	0.88302	0.01953	0.02434	0.07311
V454	0.00343	0.96864	0.02297	0.00496
V455	0.66781	0.00486	0.2344	0.09292
V456	0.36147	0.02687	0.33685	0.27482
V457	0.00147	0	0.00439	0.99414
V458	0.23219	0.09699	0	0.67082
V459	0.00658	0.81861	0.04725	0.12757
V460	0.96498	0.00114	0.00901	0.02487
V461	0.02425	0	0.00037	0.97538
V462	0.31669	0.12324	0	0.56007
V463	0.29168	0.43098	0.11531	0.16203
V464	0.46234	0.01698	0	0.52068
V465	0.45365	0.32838	0.00548	0.21249
V466	0.59405	0.0781	0	0.32784
V467	0.36741	0.56419	0.03769	0.03071
V468	0.60611	0.32431	0.01533	0.05424
V469	0.00053	0.0566	0.19761	0.74525
V470	0.61556	0.03083	0.12215	0.23145
V471	0.21742	0.01295	0.00434	0.76529
V472	0.30157	0.20197	0	0.49645
V473	0.07399	0.59127	0.33474	0
V474	0.06927	0	0.04778	0.88295
V475	0.15188	0.27752	0.02969	0.54092
V476	0.10748	0	0.01689	0.87563
V477	0.62795	0.00224	0.13737	0.23244
V478	0.09234	0.50278	0	0.40488
V479	0.00539	0.02443	0.83688	0.13331
V480	0.03557	0.17611	0.00805	0.78027
V481	0.1505	0.00123	0.83518	0.01309
V482	0.8209	0.0682	0.06853	0.04237
V483	0.06581	0.01682	0.02489	0.89249
V484	0.00414	0.00443	0.00532	0.9861
V485	0.08744	0.72624	0.00062	0.18571
V486	0.26416	0.13483	0.06838	0.53264
V487	0.02658	0	0.03325	0.94017
V488	2e-05	0	0.84474	0.15524
V489	0.25249	0.03461	0.70723	0.00567
V490	0.34578	0.19579	0.02309	0.43535
V491	0.5298	0.38982	0.00995	0.07042
V492	0.01428	0.88527	0.10046	0
V493	0.01154	0	0.00285	0.98561
V494	0.19258	0.0597	0.53186	0.21586
V495	0.26211	0.63833	0.09956	0
V496	0.29398	0.65698	0	0.04904
V497	0.00613	0.00409	0.98523	0.00454
V498	0.26263	0.013	0.01123	0.71314
V499	0.74712	0.16886	0.08402	0
V500	0.07115	0.04543	0.83209	0.05133
V501	0.0017	0	0.01483	0.98346
V502	0.68813	0.18179	0.11365	0.01643
V503	0.14	0.01101	0.12291	0.72607
V504	0.24917	0.67625	0.00206	0.07252
V505	0.16695	0.08798	0.19303	0.55203
V506	0.05944	0.15287	0.43369	0.35401
V507	0.66593	0.02087	0.06358	0.24962
V508	0.85817	0.07402	0.0117	0.05611
V509	0.21519	0.00484	0.4506	0.32938
V510	0.25966	0.51348	0.22686	0
V511	0.01416	0.28525	0.00881	0.69178
V512	0.18713	0	0.0264	0.78647
V513	0.05187	0.6864	0.18073	0.081
V514	0.00465	0.00577	0	0.98959
V515	0.80536	0.01126	0.01318	0.17021
V516	0.94733	0.03685	0.00106	0.01476
V517	0.00616	0	0.15409	0.83975
V518	0.96839	0.01147	0.00238	0.01776
V519	0.01242	0.86269	5e-05	0.12483
V520	0.00663	0	0.50211	0.49126
V521	0.65467	0.00717	0.29778	0.04038
V522	0	0.03497	0.50218	0.46285
V523	0.35885	0.02684	0.19289	0.42141
V524	0.00498	0.82027	0.15708	0.01767
V525	0.21459	0.08221	0.00085	0.70235
V526	0.66414	0.01613	0.02671	0.29303
V527	0.16327	0	0.29426	0.54247
V528	0.07365	0.88299	0	0.04336
V529	0.0212	0	0.13062	0.84818
V530	0.00023	0.11352	0.71607	0.17018
V531	0.01226	0.89901	0.08873	0
V532	0.12323	0.19528	0.00125	0.68024
V533	0.30114	0.24282	0.08704	0.36899
V534	0.00084	0	0.61484	0.38433
V535	0.47499	0	0	0.52501
V536	0.14544	0	0.2638	0.59077
V537	0.72761	0.16167	0.11072	0
V538	0.41037	0.00064	0.0311	0.55789
V539	0.30713	0.3607	0.11259	0.21958
V540	0.21606	0.72352	0.0317	0.02872
V541	0.00123	0.38685	0.01971	0.59221
V542	0.1524	0.02541	0.17412	0.64807
V543	0.86664	0	0.00236	0.131
V544	0.04475	0.00628	0.09498	0.85399
V545	0.32467	0.03782	0.02235	0.61515
V546	0.03378	0.92769	0.03853	0
V547	0.01814	0.67911	0.30275	0
V548	0.15765	0.79168	0.05067	0
V549	0.38843	0.00517	0.59297	0.01344
V550	0.51958	0	0	0.48042
V551	0.17231	0.7512	0.01238	0.06411
V552	0	0.40018	0	0.59982
V553	0.27078	0.06335	0.65104	0.01483
V554	0.01908	0.00868	0.00384	0.96841
V555	0.05061	0.10511	0.26556	0.57872
V556	0.00181	0.0107	0.94205	0.04543
V557	0.80248	0.00172	0.00128	0.19452
V558	0.04027	0.77925	0.00681	0.17367
V559	0.0071	0.83172	0.16117	0
V560	0.75449	0.24367	0.00102	0.00082
V561	0.00212	0.00963	0.98302	0.00523
V562	0.80865	0	0.06381	0.12755
V563	0.28335	0	0.71236	0.0043
V564	0.04064	0.02774	0.922	0.00962
V565	0.07938	0.15646	0.35047	0.41369
V566	0.69813	0.02114	0	0.28073
V567	0.19816	0.32947	0.00347	0.4689
V568	0.18361	0	0.01476	0.80163
V569	0.62598	0	0	0.37402
V570	0.00782	0.2294	0.67546	0.08732
V571	0.86973	0.04994	0.00041	0.07992
V572	0.49016	0	0.36124	0.14859
V573	0.02274	0.06211	0	0.91515
V574	0.02054	0.83842	0.14104	0
V575	0	0.00905	0.06238	0.92857
V576	0.15611	0.83034	0.01356	0
V577	0.00608	0	0.12337	0.87055
V578	0.02698	0.01153	0.64787	0.31362
V579	0.00586	0.93579	0.05768	0.00068
V580	0.09103	0	0.05229	0.85669
V581	0.02744	0.0073	0	0.96526
V582	0.59351	0.04672	0.00526	0.35451
V583	0	0	0.47852	0.52148
V584	0.64374	0.06258	0.24875	0.04493
V585	0	0	0.31414	0.68586
V586	0.24376	0	0.6107	0.14554
V587	0.30152	0	0.65641	0.04207
V588	0.5864	0.00128	0.00348	0.40884
V589	0.03802	0.85992	0.0267	0.07536
V590	0.03361	0.80699	0.1594	0
V591	0	0	0.11652	0.88348
V592	0.18829	0.0157	0.79601	0
V593	0.5669	0	0.11256	0.32054
V594	0.42261	0.20936	0.32343	0.0446
V595	0.00763	0	0.00546	0.98691
V596	0.00634	0.15976	0.1521	0.6818
V597	0.00098	0.58104	0.30966	0.10832
V598	0.00936	0.05094	0.93586	0.00383
V599	0.74599	0.22324	0.01142	0.01934
V600	0.408	0.40636	0.01476	0.17088
V601	0.11127	0.1487	0.02832	0.71171
V602	0.011	0	0.00241	0.98659
V603	0	0.22751	0	0.77249
V604	0.62686	0.04011	0.29793	0.0351
V605	0.03338	0.24047	0.38199	0.34416
V606	0.78605	0.05793	0.00138	0.15464
V607	0.63681	0	0.0512	0.31199
V608	0.20733	0.05681	0.33745	0.39841
V609	9e-04	0.11136	0.15759	0.73014
V610	0.79145	0	0.04067	0.16788
V611	0.21815	0	0.0141	0.76775
V612	0.01098	0.0298	0.85502	0.1042
V613	0.01536	0.28885	0.67136	0.02442
V614	0.79246	0.01109	0.01264	0.18381
V615	0.0806	0	0	0.9194
V616	0.04658	0.6797	0.01248	0.26124
V617	0.58237	0.08572	0.33191	0
V618	0.66442	0	0	0.33558
V619	0.37581	0	0.22558	0.39861
V620	0.00451	0.69201	0.30348	0
V621	0.45168	0.04995	0.10907	0.3893
V622	0.45583	0.14012	0.37962	0.02443
V623	0	0.00413	0.07353	0.92234
V624	0.8709	0.11124	0.00076	0.0171
V625	0.29835	0.43544	0.05007	0.21614
V626	0.96591	0.00685	0.00094	0.02631
V627	0	0	0.03232	0.96768
V628	0	0.11051	0	0.88949
V629	0.07516	0.18222	0.22911	0.51351
V630	0.01528	0.28983	0.65558	0.03932
V631	0	0.07151	0.04596	0.88253
V632	0.54909	0	0.07393	0.37698
V633	0	0.00632	0.79972	0.19397
V634	0.50858	0.18736	0.30406	0
V635	0.00999	0.69138	0	0.29862
V636	0.08294	0.03174	0.66996	0.21536
V637	0.28699	0.07085	0.0339	0.60827
V638	0.37887	0.13936	0.02214	0.45962
V639	0.31638	0.40033	0.2833	0
V640	0.01821	0.06973	0.8511	0.06096
V641	0.91315	0.00641	0.00812	0.07232
V642	0.82753	0.08497	0	0.0875
V643	0	0.07017	0.36895	0.56088
V644	0.9521	0.02474	0.0023	0.02086
V645	0.32942	0.37064	0.29994	0
V646	0.00665	0.98743	0.00349	0.00243
V647	0.13446	0.02931	0.74919	0.08704
V648	0.51506	0.37497	0.09502	0.01496
V649	0.01196	0.02059	0.87935	0.08811
V650	0.03732	0.02807	0.8305	0.1041
V651	0.36852	0	0.62582	0.00566
V652	0.04556	0.0141	0.34469	0.59565
V653	0.08687	0.69161	0.05504	0.16647
V654	0.81002	0.10272	0.01976	0.0675
V655	0.00977	0.45636	0.00058	0.53329
V656	0.16035	0.13994	0	0.6997
V657	0.00447	0.00426	2e-05	0.99126
V658	0.67659	0.10362	0.01716	0.20263
V659	0.33456	0.01825	0.29471	0.35248
V660	0.01657	0.96775	0.00113	0.01456
V661	0.02136	0.28632	0.01299	0.67933
V662	0.45664	0	0.39035	0.15301
V663	0.25285	0.01194	0.54215	0.19305
V664	0.22006	0.01601	0.69484	0.0691
V665	0.7839	0.08356	0.01137	0.12117
V666	0.53408	0	0.04597	0.41995
V667	0.84151	0.02679	0.12658	0.00512
V668	0.11739	0.8221	0.06052	0
V669	0.26542	0.35341	0.23296	0.14822
V670	0.06319	0.9258	0.00114	0.00988
V671	0.43818	0.19505	0.23123	0.13555
V672	0.00972	0.00686	0.93879	0.04463
V673	0.24864	0.28329	0.19667	0.27141
V674	0.77631	0.05027	0.00291	0.17051
V675	0.09445	0.23853	0.29551	0.37151
V676	0.00314	0.01828	0.04692	0.93166
V677	0.45901	0.31699	0.04992	0.17408
V678	0.58643	0.40937	0.0042	0
V679	0.02856	0.26855	0.70288	0
V680	0.36643	0.53504	0.09853	0
V681	0.93783	0.01725	0.0044	0.04053
V682	0.0867	0.25522	0.62737	0.03071
V683	0.0118	0.97859	0.00961	0
V684	0.81973	0.06458	0.0481	0.06759
V685	0.62556	0.25481	0.08392	0.03571
V686	0.03953	0.05972	0.08323	0.81752
V687	0.0076	0	0.00624	0.98616
V688	0.40573	0.42474	0	0.16953
V689	0.1951	0	0.01093	0.79396
V690	0.54084	0.00619	0.3541	0.09886
V691	0.17839	0.00031	0.81695	0.00435
V692	0.05433	0.05468	0.78763	0.10336
V693	0.21112	0.02039	0.3007	0.46778
V694	0	0	0.18026	0.81974
V695	0.18539	0	0.08074	0.73387
V696	0.03053	0.00841	2e-05	0.96104
V697	0.00362	0.00186	0.00208	0.99243
V698	0.79167	0	0.00197	0.20636
V699	0.67513	0.1799	0.0256	0.11937
V700	0.17819	0	0	0.82181
V701	0.071	0.45887	0.05933	0.4108
V702	0.49237	0.01094	0	0.49669
V703	0.08366	0.00042	0.40343	0.51249
V704	0.83414	0.00611	0.00768	0.15207
V705	0.95226	0	0.00554	0.04221
V706	0.04902	0.00631	0.80739	0.13728
V707	0.01607	0.42019	0.54034	0.0234
V708	0.01874	0.89474	0.00612	0.08039
V709	0.11624	0.18882	0.57941	0.11553
V710	0.66888	0.10197	0.01294	0.21621
V711	0.06317	0.86801	0.05484	0.01398
V712	0.81907	0.00939	0.00023	0.1713
V713	0.46133	0.17497	0.00575	0.35795
V714	0.00092	0.56027	0.00266	0.43615
V715	0.38086	0.25653	0.28176	0.08085
V716	0.00675	0	0.01254	0.98071
V717	0.06286	0.92673	0.00112	0.00928
V718	0.11953	0.56857	0.14233	0.16956
V719	0.02711	0.65952	0.0067	0.30668
V720	0.74322	0	0.16097	0.09581
V721	0.07733	0.05935	0.44546	0.41786
V722	0.0419	0.1976	0	0.7605
V723	0.05554	0.00854	0	0.93592
V724	0.5425	0	0.03015	0.42734
V725	0.00125	0.03424	0.92477	0.03974
V726	0.00762	0.2403	0.06285	0.68923
V727	0.3007	0.64313	0.05617	0
V728	0.01501	0.92079	0.0642	0
V729	0.35823	0	0.08793	0.55384
V730	0.93947	0.00521	0.01286	0.04246
V731	0.0019	0.07537	0.32132	0.60141
V732	0.35974	0.00934	0.27944	0.35149
V733	0.70386	0.08163	0.00634	0.20817
V734	0.29586	0.24382	0.46032	0
V735	0.00097	0	0.35288	0.64616
V736	0.10186	0	0	0.89814
V737	0.38195	0.18799	0.19712	0.23294
V738	0.0541	0.25539	0.4625	0.22802
V739	0	0	0.48096	0.51904
V740	0.92662	0.02606	0.02962	0.0177
V741	0.48376	0.01717	0.06356	0.43551
V742	0.44674	0.5456	0.00766	0
V743	0.13561	0.05896	0.79216	0.01327
V744	0.57158	0.00471	0.25554	0.16817
V745	0.00561	0.6896	0.13925	0.16553
V746	0.97531	0.00156	0.00265	0.02048
V747	0.0307	0	0.63958	0.32972
V748	0.08137	0.02975	0.57321	0.31567
V749	0.24158	0.05878	0.01179	0.68785
V750	0.4684	0.36694	0.00234	0.16231
V751	0.02685	0.91211	0.01233	0.04871
V752	0.51975	0.11363	0.08056	0.28606
V753	0.00696	0	0.00211	0.99093
V754	0.0056	0.91875	0.00081	0.07484
V755	0.1013	0.07939	0.28387	0.53544
V756	0.00641	0	0.01366	0.97994
V757	0.396	0.56029	0.02659	0.01712
V758	0.02375	0.8053	0.07697	0.09397
V759	0.06261	0	0.30633	0.63106
V760	0.26357	7e-05	0.18858	0.54779
V761	0.04492	0.58936	0.25671	0.10901
V762	0	0.24026	0	0.75974
V763	0.40089	0.23374	0.00329	0.36207
V764	0.00541	0.92416	0.00047	0.06996
V765	0.64522	0.01835	0	0.33642
V766	0.00244	0.22034	0.4034	0.37381
V767	0.54793	0.03163	0.18217	0.23827
V768	0.03827	0.95293	0.00757	0.00123
V769	0.13659	0.8526	0.01081	0
V770	0.00665	0.98743	0.00349	0.00243
V771	0.18486	0.00134	0.7998	0.014
V772	0.13809	0.01553	0.84543	0.00095
V773	0.16766	0.8307	0.00164	0
V774	0.00924	0.00272	0.94212	0.04592
V775	0.05128	0	0.18427	0.76445
V776	0.51088	0.32582	0.01446	0.14885
V777	0.11343	0.02009	0.07352	0.79296
V778	0.62382	0.16582	0.0236	0.18676
V779	0.12939	0	0.41302	0.45759
V780	0.10946	0.78708	0.10346	0
V781	0.01865	0	0.00699	0.97436
V782	0.00344	0.04178	0.85298	0.10181
V783	0.78934	0	0.01232	0.19834
V784	0.10135	0.89365	0.005	0
V785	0.02268	0.96604	0.00496	0.00632
V786	0.84031	0.06722	0.0408	0.05167
V787	0.00267	0.8685	0.12883	0
V788	0.64161	0.20817	0.10958	0.04064
V789	0.03017	0.22363	0.00322	0.74298
V790	0.3977	0	0.02562	0.57668
V791	0.09978	0.31348	0.31834	0.26841
V792	0.08362	0.4334	0	0.48298
V793	0.08548	0.61212	0.00669	0.29572
V794	0.02328	0.0255	0.83164	0.11957
V795	0.05529	0	0.01722	0.92749
V796	0.01341	0.02976	0.93375	0.02308
V797	0.81679	0	0.16212	0.0211
V798	0.76093	0.20117	0.03583	0.00207
V799	0.1068	0.79218	0.00744	0.09358
V800	0.03158	0	0.40411	0.56431
V801	0.08081	0.02316	0.24296	0.65307
V802	0.00638	0.00561	0.17587	0.81214
V803	0.26139	0.50158	0.23703	0
V804	0.58386	0	0.30931	0.10683
V805	0.01245	0.00863	0.97891	0
V806	0.03219	0.93472	0.00369	0.0294
V807	0.20961	0.04217	0.00458	0.74364
V808	0.78746	0.16919	0.01239	0.03096
V809	0.03453	0.01774	0.94773	0
V810	0.00726	0.98952	0.00155	0.00167
V811	0.41715	0.00645	0.12948	0.44692
V812	0.62439	0.14514	0.01366	0.2168
V813	0.72313	0.09938	0.14765	0.02984
V814	0.5049	0.4788	0.0163	0
V815	0.00335	0.94829	0.04836	0
V816	0.94637	0.00219	0.03829	0.01314
V817	0.01365	0.02697	0.94847	0.01091
V818	0	0.00173	0.01107	0.9872
V819	0.90499	0.02163	0.01504	0.05834
V820	0.0761	0.0141	0.00047	0.90933
V821	0.24895	0.24721	0.40003	0.10382
V822	0.04592	0.00686	0.91979	0.02743
V823	0.00694	0.09471	0.74537	0.15298
V824	0.0754	0.36607	0.55854	0
V825	0.21179	0.18599	0.20862	0.39359
V826	0.54406	0.3414	0.11454	0
V827	0.43638	0.5381	0.00313	0.02239
V828	0.17594	0.04879	0.05155	0.72372
V829	0.00692	0.12271	0.00622	0.86415
V830	0.17271	0.0993	0.00073	0.72726
V831	0.8136	0.02094	0.00892	0.15654
V832	0.30378	0.30917	0.12243	0.26462
V833	0.1187	0.47173	0.13907	0.2705
V834	0.23816	0.00593	0.02691	0.729
V835	0.43181	0.3918	0.07374	0.10265
V836	0.00117	0.55963	0	0.4392
V837	0.22838	0.28806	0.13908	0.34448
V838	0.963	0.01175	0.0092	0.01604
V839	0.34842	0.58696	0.06463	0
V840	0.32612	0.66946	0.00442	0
V841	6e-04	0.01291	0.89961	0.08689
V842	0.3776	0.06129	0.20136	0.35975
V843	0.00681	0.00065	0.87586	0.11668
V844	0.0572	0.01293	0.29153	0.63834
V845	0.0467	0.03653	0.81253	0.10424
V846	0	0	0.67945	0.32055
V847	0.00482	0	0.00577	0.98942
V848	0.05429	0.4447	0.11999	0.38103
V849	0.00321	0.95608	0.00333	0.03738
V850	0.96769	0	0.00622	0.02609
V851	0.39901	0.48786	0.11314	0
V852	0.04438	0	0.06425	0.89136
V853	0.27685	0.11577	0.39713	0.21025
V854	0.67366	0.06538	0.05313	0.20783
V855	0.00482	0	0.00577	0.98942
V856	0.01478	0.26041	0.31066	0.41415
V857	0.74119	0.07404	0.00789	0.17688
V858	0.63767	0.00153	0.35052	0.01029
V859	0.7452	0.1233	0.00307	0.12842
V860	0.12887	0.01946	0.01366	0.83801
V861	0.06897	0.32943	0.6016	0
V862	0.11528	0.0298	0.78771	0.0672
V863	0.14654	0.00224	0	0.85122
V864	0.0245	0	0.01469	0.96081
V865	0.05545	0	0.16951	0.77504
V866	0.79552	0.00196	0.18375	0.01877
V867	0.79447	0.0055	0.18763	0.0124
V868	0.62754	0.17416	0.08949	0.10881
V869	0.01197	0.981	0.00357	0.00346
V870	0.04893	0.20012	0	0.75095
V871	0.00321	0.95608	0.00333	0.03738
V872	0	0	0.15239	0.84761
V873	0.92918	0.00497	0.01515	0.05071
V874	0.22033	0.76637	0.0133	0
V875	0	0.06731	0.1257	0.80699
V876	0.14906	0.26769	0.43925	0.14399
V877	0.01486	0.29784	0.26044	0.42686
V878	0.13307	0.8243	0.04263	0
V879	0.18741	0.69323	0.01401	0.10535
V880	0.32566	0.46917	0	0.20517
V881	0.10786	0.00285	0.55551	0.33379
V882	0.82686	0	0.07025	0.10288
V883	0.34566	0.13688	0.51746	0
V884	0.00257	0.14868	0	0.84875
V885	0.80674	0.13693	0.05633	0
V886	0.00386	0.29154	0.46993	0.23467
V887	0.68312	0.00817	0.0926	0.21612
V888	0.06486	0.00639	0.77166	0.1571
V889	0.94955	0.01244	0.00711	0.0309
V890	0.01039	0.0515	0.61247	0.32564
V891	0.71317	0.00835	0.21607	0.06242
V892	0.23925	0.06021	0	0.70054
V893	0.69335	0.11948	0.10131	0.08585
V894	0.05158	0.26311	0.65544	0.02987
V895	0.63655	0.00853	0.13183	0.2231
V896	0.02739	0.96176	0.0025	0.00836
V897	0.7788	0.15082	0.00074	0.06964
V898	0.3889	0	0	0.6111
V899	0.00234	0.07274	0.07475	0.85017
V900	0.04431	0.19462	0.32319	0.43788
V901	0.01603	0.80857	0	0.1754
V902	0.0332	0.94479	0.022	0
V903	0.0029	0.40011	0.55918	0.03781
V904	0.01225	0.98389	0.00157	0.00228
V905	0.09153	0	0.09911	0.80936
V906	0.36032	0.01301	0.04912	0.57755
V907	0.5029	0.43854	0.00436	0.0542
V908	0	0	0.02542	0.97458
V909	0.11532	0.80106	0	0.08361
V910	0.10444	0	0.05982	0.83574
V911	0.61181	0.29823	0.00939	0.08057
V912	0.4474	0.22053	0.07781	0.25427
V913	0.07069	0	0.00068	0.92863
V914	0.19166	0.50146	0.2852	0.02167
V915	0.17085	0	0	0.82915
V916	0.2853	0.00933	0.63743	0.06794
V917	0.75805	0.00096	0.1026	0.13839
V918	0.02036	0.64622	0.19965	0.13377
V919	0.17626	0.1174	0.25014	0.4562
V920	0.71434	0.09615	0.04589	0.14362
V921	0.00366	0.05671	0.0048	0.93482
V922	0.07999	0.47133	0.41819	0.03049
V923	0.03208	0	0.01211	0.95581
V924	0.01764	0.71847	0.25214	0.01174
V925	0.12451	0	0	0.87549
V926	0.14538	0	0.00555	0.84907
V927	0.00401	0	0.01708	0.97892
V928	0.03103	0.89771	0.00054	0.07072
V929	0.02632	0.61903	0.08121	0.27344
V930	0.59227	0.26921	0.0074	0.13113
V931	0.1169	0.20102	0.56965	0.11244
V932	0.01185	0.03177	0.56338	0.393
V933	0.68749	0.30933	0.00318	0
V934	0	0.04148	0.18297	0.77555
V935	0.67089	0.06233	0.16359	0.10319
V936	0.56093	0.15186	0.00193	0.28529
V937	0.55978	0.0332	0.03293	0.37409
V938	0.35997	0.00165	0.22444	0.41394
V939	0.75671	0	0.02649	0.2168
V940	0.01393	0.84041	0.11433	0.03134
V941	0.00456	0.00719	0.98204	0.00621
V942	0.85849	0.09676	0.02763	0.01712
V943	0.48437	0.04426	0.39027	0.0811
V944	0.00036	0.13397	0.01902	0.84666
V945	0.63598	0.2512	0.00155	0.11127
V946	0.57591	0.17204	0.21644	0.03562
V947	0.03128	0	0.13974	0.82898
V948	0.39781	0.00421	0.57043	0.02755
V949	0	0.01759	0.12027	0.86214
V950	0.02515	0.48685	0.16959	0.31841
V951	0.87713	0.00211	0.10684	0.01393
V952	0.02905	0.02754	0.17719	0.76623
V953	0.00807	0.01674	0.9326	0.04259
V954	0.00677	0.06006	0.07448	0.85869
V955	0.07462	0.52819	0.00509	0.39209
V956	0.00801	0	0.39552	0.59647
V957	0.26642	0	0	0.73358
V958	0.01154	0	0.00285	0.98561
V959	0.27084	0.17097	0.4466	0.1116
V960	0.20179	0.14537	0.0283	0.62453
V961	0.10395	0.33162	0.36325	0.20118
V962	0.44173	0.07007	0.37582	0.11238
V963	0.7085	0.06808	0.10924	0.11418
V964	0.89153	0.00441	0.05327	0.05079
V965	0.02331	0.42063	0.14135	0.41471
V966	0.96731	0.00331	0.00363	0.02575
V967	0.01932	0	0.4259	0.55478
V968	0.00143	0.06935	0.83211	0.09711
V969	0	0.15393	0.00711	0.83896
V970	0.00898	0.02697	0.32908	0.63497
V971	0.58302	0.02172	0.27217	0.12309
V972	0.53076	0.08597	0.01188	0.37139
V973	0.28055	0.31553	0.0313	0.37262
V974	0.00336	0.79584	0.08965	0.11114
V975	0.07686	0.24681	0.67632	0
V976	0.48801	0.13286	0.06348	0.31565
V977	0.3981	0.29324	0.30867	0
V978	0.02155	0.01137	0.02114	0.94594
V979	0.85449	0.00299	0.12936	0.01316
V980	0.97531	0.00156	0.00265	0.02048
V981	0.34075	0	0.35325	0.306
V982	0.53761	0.31235	0.03191	0.11813
V983	0.66953	0.00816	0	0.32231
V984	0.00798	0.89387	0.07673	0.02142
V985	0.02656	0.07767	0	0.89577
V986	0.36475	0.46587	0.01504	0.15434
V987	0.26161	0.73376	0.00035	0.00428
V988	0.15461	0	0	0.84539
V989	0.54797	0.41433	0.0377	0
V990	0	0.01248	0.76043	0.22709
V991	0.72454	0.2707	0.00102	0.00374
V992	0.17441	0	0.43039	0.3952
V993	0.04591	0.77559	0.13818	0.04032
V994	0.20248	0.78654	0.01098	0
V995	0.77736	0.02617	0.00907	0.1874
V996	0.21981	0.02583	0	0.75436
V997	0.00473	0	0.80362	0.19165
V998	0.90019	0.00066	0.02649	0.07265
V999	0.11972	0.8786	0.00167	0
V1000	0.24426	0	0	0.75574
