Neutrophils	Monocytes_CD14.CD16.	Macrophage	T_cells_.CD4..	NK_cells
V1	0.37092	0.12896	0.2224	0.11736	0.16036
V2	0.08434	0.78269	0.03617	0.04264	0.05416
V3	0.09008	0	0.42302	0.44113	0.04577
V4	0.01829	0	0.19943	0.042	0.74028
V5	0.0197	0	0.04647	0.07941	0.85441
V6	0.38069	0.02312	0.24528	0.21266	0.13824
V7	0.01978	0	0.38589	0.0654	0.52893
V8	0.02146	0	0.91106	0.06472	0.00276
V9	0.0769	0	0.23966	0.62792	0.05551
V10	0.52575	0.03436	0.42289	0	0.01699
V11	0.04083	0	0.08277	0.05163	0.82477
V12	0.09545	0	0.1899	0.28439	0.43025
V13	0.14464	0.03307	0.0276	0.38387	0.41081
V14	0.17929	0	0.06103	0.61501	0.14468
V15	0.04316	0.0032	0.00091	0.85052	0.10221
V16	0.57247	0.12435	0.00241	0.27255	0.02822
V17	0.07682	0.2164	0.00534	0.04459	0.65686
V18	0.1219	0.41053	0.2359	0.20383	0.02784
V19	0.03253	0	0	0.08988	0.87759
V20	0.01049	0	0.7293	0.23195	0.02826
V21	0.03956	0.22251	0.10914	0.14601	0.48278
V22	0.78992	0.14272	0.04724	0	0.02012
V23	0.08236	0.00142	0.01376	0.1098	0.79266
V24	0.44917	0.14604	0.00741	0.02189	0.37549
V25	0.03706	0.00604	0.00985	0.38043	0.56661
V26	0.48093	0.23035	0.04136	0.01779	0.22957
V27	0.15489	0.47932	0.15795	0	0.20783
V28	0.05335	0.03709	0.18858	0.63233	0.08866
V29	0.01904	0	0.30957	0.60602	0.06537
V30	0.70856	0.17319	0.01274	0	0.1055
V31	0.42987	0.16742	0.0018	0.19398	0.20692
V32	0.88579	0.06455	0.00059	0	0.04908
V33	0.03532	0.16673	0.00705	0.09617	0.69474
V34	0.14882	0.84316	0	0	0.00802
V35	0.13043	0.61813	0.23347	0.01361	0.00436
V36	0.04274	0.13569	0.14153	0.07751	0.60254
V37	0.70224	0.06513	0	0	0.23263
V38	0.15467	0	0.45383	0.19806	0.19345
V39	0.36102	0.02893	0.29081	0	0.31924
V40	0.25266	0.616	0.0036	0.08075	0.04698
V41	0.07989	0.83234	0.00178	0	0.08599
V42	0.82305	0.10536	0.00933	0	0.06226
V43	0.53768	0.14499	0.30982	0	0.00751
V44	0.06153	0.24959	0.55363	0	0.13525
V45	0.06923	0.66535	0.07704	0.12627	0.06212
V46	0.14475	0.76554	0.05024	0.01507	0.0244
V47	0.00694	0	0.9866	0	0.00646
V48	0.199	0.1084	0.19679	0.32039	0.17542
V49	0.50853	0.16952	0.19289	0.11088	0.01819
V50	0.03609	0	0.96391	0	0
V51	0.12611	0.23303	0.16744	0.05219	0.42122
V52	0.08552	0.90456	0	0	0.00992
V53	0.05074	0.15664	0.00413	0.71459	0.0739
V54	0.23268	0	0.00646	0.51285	0.24801
V55	0.09424	0	0	0.81901	0.08676
V56	0.08893	0	0.00376	0.71392	0.19339
V57	0.20064	0.09044	0.5493	0.01175	0.14787
V58	0.07676	0	0.11081	0.17852	0.63391
V59	0.83432	0.09008	0.06812	0	0.00749
V60	0.45042	0.22578	0.098	0.09643	0.12938
V61	0.19825	0.00472	0.01777	0.19339	0.58587
V62	0.07257	0	0.26178	0.12392	0.54173
V63	0.40838	0.26924	0.04268	0.01572	0.26399
V64	0.89845	0.07771	0.01396	0	0.00989
V65	0.10715	0.06003	0.03083	0.59286	0.20913
V66	0.04505	0	0.121	0.75288	0.08106
V67	0.01726	0	0.29552	0.08642	0.6008
V68	0.51828	0.02071	0.3571	0.01216	0.09176
V69	0.6117	0.16303	0.16056	0	0.06472
V70	0.09175	0.70658	0.02852	0.13734	0.03581
V71	0.12573	0.78092	0.0283	0.04571	0.01934
V72	0.05777	0.36084	0.01275	0.02741	0.54124
V73	0.0747	0	0.08708	0.54748	0.29074
V74	0.03309	0.03987	0.00632	0.7594	0.16132
V75	0.51736	0.20195	0.26731	0	0.01338
V76	0.02765	0	0.01634	0.80746	0.14856
V77	0.03185	0	0.94246	0.02569	0
V78	0.00882	0	0.98353	0	0.00765
V79	0.10116	0.37295	0.02602	0.12357	0.3763
V80	0.15215	0.71524	0	0.03569	0.09691
V81	0.01966	0	0.98034	0	0
V82	0.2615	0.16371	0.01988	0.4998	0.05511
V83	0.11635	0.06056	0.01466	0.51153	0.29689
V84	0.10107	0.14015	0	0.04878	0.71
V85	0.00729	0	0.99271	0	0
V86	0.05307	0.22146	0.2875	0.39357	0.04441
V87	0.47707	0.03816	0.03198	0.39882	0.05397
V88	0.32317	0.16533	0.03743	0.16782	0.30624
V89	0.07288	0.04317	0.85924	0.02471	0
V90	0.03363	0.1463	0.04329	0.09486	0.68192
V91	0.02614	0	0.07397	0.81677	0.08313
V92	0.23488	0.03673	0.01643	0.04567	0.66628
V93	0.031	0.04584	0.14674	0.51154	0.26488
V94	0.05405	0.14112	0.01338	0.21933	0.57211
V95	0.07631	0.20007	0.01194	0.09474	0.61694
V96	0.75532	0.08456	0.01303	0	0.14709
V97	0.16543	0.01792	0.03179	0.10414	0.68073
V98	0.08043	0.34283	0.15462	0.11409	0.30804
V99	0.51178	0.16461	0	0.17997	0.14364
V100	0.53176	0.19745	0.03353	0.02862	0.20863
V101	0.09354	0.89359	0.00386	0	0.00901
V102	0.33701	0.24046	0.1099	0.08654	0.22609
V103	0.12515	0	2e-05	0.04982	0.825
V104	0.06906	0.37102	0.06474	0.02794	0.46724
V105	0.0215	0	0.03192	0.08784	0.85874
V106	0.08276	0.75256	0.12482	0	0.03986
V107	0.08161	0.17643	0.69802	0.03358	0.01035
V108	0.0403	0.12025	0.83945	0	0
V109	0.07857	0.18809	0.04261	0.25758	0.43316
V110	0.21639	0.50403	0.15933	0.0923	0.02794
V111	0.34383	0.21027	0.4459	0	0
V112	0.19756	0	0.09026	0.4449	0.26727
V113	0.246	0	0.08338	0.137	0.53361
V114	0.57203	0.11978	0.03403	0.13673	0.13743
V115	0.82371	0.06501	0	0	0.11128
V116	0.02203	0	0	0.06361	0.91436
V117	0.0707	0	0.82412	0.07173	0.03345
V118	0.06155	0	0	0.82923	0.10921
V119	0.38767	0.0082	0.3648	0.22309	0.01623
V120	0.01973	0	0.827	0.1045	0.04877
V121	0.21793	0.70893	0	0	0.07313
V122	0.06026	0.35941	0.06824	0.21932	0.29278
V123	0.5004	0.07079	0.05727	0.15905	0.21249
V124	0.22632	0.1027	0.04637	0.20161	0.42299
V125	0.07465	0.43188	0.48515	0	0.00832
V126	0.18196	0.15705	0.1878	0.10598	0.36722
V127	0.33786	0	0.62583	0.02863	0.00768
V128	0.22894	0.75014	0	0	0.02092
V129	0.29955	0.02469	0.23429	0.15917	0.28231
V130	0.05844	0.48036	0.02882	0.20984	0.22253
V131	0.03313	0	0.21327	0.69002	0.06358
V132	0.35895	0.02775	0	0.30256	0.31073
V133	0.02091	0	0.53571	0.08983	0.35356
V134	0.09716	0	0.78687	0.01111	0.10486
V135	0.04624	0.03972	0.75112	0.01737	0.14555
V136	0.92298	0.06123	0.00336	0	0.01243
V137	0.86415	0.09841	0	0	0.03744
V138	0.2619	0.13675	0.06037	0.11932	0.42165
V139	0.14365	0	0.14019	0.64896	0.0672
V140	0.03481	0	0.12761	0.04731	0.79026
V141	0.04541	0.17462	0.67137	0.09237	0.01623
V142	0.23736	0	0.28746	0.11922	0.35595
V143	0.04558	0.14646	0.47121	0.14463	0.19213
V144	0.51557	0.25105	0.04895	0.08802	0.09641
V145	0.00873	0	0.97006	0.00049	0.02073
V146	0.05797	0.3183	0	0.29066	0.33307
V147	0.13552	0.01421	0.70297	0.1009	0.04641
V148	0.18535	0.77395	0	0.01495	0.02574
V149	0.02936	0	0.00202	0.82589	0.14272
V150	0.18955	0.15416	0.57132	0	0.08497
V151	0.44551	0.03519	0.0037	0.36044	0.15515
V152	0.03298	0	0.10231	0.71451	0.1502
V153	0.21715	0.15086	0.43371	0.0379	0.16039
V154	0.14555	0.56699	0.01145	0.02463	0.25139
V155	0.05581	0	0.12012	0.744	0.08007
V156	0.12358	0	0.36354	0.14854	0.36434
V157	0.11132	0.0114	0.14518	0.268	0.4641
V158	0.22478	0	0.39828	0.04045	0.33648
V159	0.13916	0.2138	0.00686	0.55049	0.08969
V160	0.46474	0.18044	0.07135	0.02736	0.25612
V161	0.21389	0.01558	0.0447	0.03404	0.69179
V162	0.00931	0	0.99069	0	0
V163	0.05914	0	0.00786	0.07734	0.85566
V164	0.87638	0.11291	0.00704	0	0.00366
V165	0.60848	0.25779	0.06082	0.02045	0.05246
V166	0.07362	0	0.21566	0.56783	0.14289
V167	0.06733	0.62202	0.00643	0.11752	0.18671
V168	0.00931	0	0.99069	0	0
V169	0.08969	0.68316	0.13506	0.06432	0.02778
V170	0.27375	0.38143	0.03902	0.1655	0.14029
V171	0.36578	0.07038	0.33317	0.16087	0.0698
V172	0.1921	0.20355	0.05249	0.03323	0.51864
V173	0.23731	0.09352	0.07396	0.37569	0.21952
V174	0.24327	0	0.3149	0.18914	0.25269
V175	0.09395	0.11289	0.09826	0.17368	0.52122
V176	0.39325	0.02688	0	0.52844	0.05144
V177	0.25042	0	0.56096	0.16913	0.01949
V178	0.33807	0.02037	0.43315	0.10068	0.10773
V179	0.09974	0	0.00067	0.05199	0.8476
V180	0.03679	0	0.30034	0.03059	0.63228
V181	0.07956	0.23961	0	0.071	0.60984
V182	0.55903	0.26733	0	0.11837	0.05527
V183	0.10246	0.88152	0	0	0.01602
V184	0.3693	0.00071	0.26933	0.30821	0.05246
V185	0.12849	0.46072	0.01109	0.12972	0.26997
V186	0.15102	0.16383	0.01815	0.23244	0.43456
V187	0.11181	0.6724	0	0.18374	0.03204
V188	0.81231	0.10379	0.02076	0.0463	0.01684
V189	0.47232	0.26655	0.02264	0.20854	0.02996
V190	0.43885	0.07538	0.18014	0.00839	0.29723
V191	0.23765	0.2206	0	0.38025	0.1615
V192	0.35121	0.19307	0.10339	0.18753	0.16481
V193	0.10598	0.16167	0.50763	0.03588	0.18885
V194	0.27189	0.04905	0.06682	0.10002	0.51222
V195	0.59664	0.20378	0.19428	0	0.0053
V196	0.0184	0	0.04663	0.07953	0.85544
V197	0.10165	0.86038	0	0.01857	0.01941
V198	0.24606	0.218	0.02362	0.18285	0.32947
V199	0.7611	0.06344	0.17546	0	0
V200	0.72851	0.07099	0.01877	6e-05	0.18166
V201	0.05502	0	0.01847	0.65704	0.26946
V202	0.87164	0.11635	0	0	0.01201
V203	0.52857	0.28461	0.01344	0.03079	0.14259
V204	0.33348	0.08392	0.02177	0.01668	0.54414
V205	0.12505	0.009	0.09474	0.08944	0.68176
V206	0.06766	0.08071	0	0.73567	0.11597
V207	0.04316	0.0032	0.00091	0.85052	0.10221
V208	0.20723	0.18532	0.45741	0.035	0.11505
V209	0.16485	0.00667	0.0763	0.05732	0.69486
V210	0.00692	0	0.98512	0	0.00796
V211	0.16997	0.00214	0.16892	0.04827	0.61071
V212	0.09357	0.74873	0.05902	0.02815	0.07052
V213	0.10926	0	0.04806	0.24218	0.60049
V214	0.05895	0.53807	0.36949	0.00231	0.03117
V215	0.27288	0.21069	0.1099	0.07169	0.33485
V216	0.07371	0	0.28994	0.05774	0.57861
V217	0.02558	0	0.02391	0.77591	0.1746
V218	0.10742	0.1538	0.26374	0.33937	0.13567
V219	0.17581	0.24487	0.36602	0.18919	0.02411
V220	0.22068	0.72539	0.0416	0	0.01233
V221	0.06755	0.00725	0.47063	0.02216	0.43241
V222	0.03068	0	0.00358	0.06823	0.89751
V223	0.57604	0.03586	0.27323	0.09134	0.02354
V224	0.06965	0.5136	0.0129	0.07999	0.32386
V225	0.69475	0.20536	0.09572	0	0.00416
V226	0.45942	0.53066	0	0	0.00992
V227	0.1194	0.25439	0	0.53663	0.08958
V228	0.61896	0.07071	0.22488	0.04102	0.04444
V229	0.31733	0.39107	0.2286	0.02422	0.03878
V230	0.02946	0	0.00403	0.06842	0.89809
V231	0.09717	0.5918	0.04332	0.15483	0.11288
V232	0.78568	0.06899	0.14533	0	0
V233	0.07124	0	0.12168	0.10937	0.6977
V234	0.05052	0.35474	0.19285	0.34076	0.06113
V235	0.92008	0.07106	0	0	0.00886
V236	0.11064	0	0.62412	0.19032	0.07492
V237	0.15775	0.04551	0.23758	0.31051	0.24865
V238	0.02243	0	0.00379	0.26879	0.70499
V239	0.09199	0.37701	0.0342	0.16444	0.33237
V240	0.09853	0.82369	0.00073	0.00725	0.0698
V241	0.08501	0.89815	0	0	0.01684
V242	0.06817	0.29259	0.27289	0.27017	0.09618
V243	0.52136	0.02624	0.28224	0.00965	0.16051
V244	0.06031	0.37098	0.16317	0.08113	0.32441
V245	0.08258	0.8784	0.01785	0.01111	0.01005
V246	0.59096	0.29943	0.01327	0	0.09634
V247	0.2528	0.06163	0.61023	0.03642	0.03891
V248	0.12461	0.5714	0.01198	0.013	0.27902
V249	0.27683	0.05521	0.17108	0.09391	0.40298
V250	0.03805	0	0.62931	0.03615	0.29649
V251	0.24493	0.01261	0.07687	0.55761	0.10797
V252	0.05119	0.06476	0.5453	0.15552	0.18323
V253	0.32579	0.56708	0.0616	0.02271	0.02282
V254	0.52099	0.4019	0	0.05101	0.0261
V255	0.77087	0.13911	0	0	0.09003
V256	0.07349	0.73113	0.00721	0.00853	0.17965
V257	0.46923	0.31314	0.11255	0.01473	0.09035
V258	0.1918	0.3172	0.03537	0.40823	0.0474
V259	0.54779	0.29389	0.13741	0	0.02091
V260	0.26959	0.02954	0.08215	0.08555	0.53318
V261	0.04025	0	0.4847	0.29457	0.18048
V262	0.86469	0.08979	0.0363	0	0.00922
V263	0.76548	0.15254	0.00191	0.06779	0.01228
V264	0.10128	0.85973	0.00219	0.02545	0.01135
V265	0.79013	0.14674	0.05425	0	0.00888
V266	0.02688	0	0.06722	0.06873	0.83718
V267	0.06019	0	0.00095	0.16522	0.77364
V268	0.235	0.42292	0.11459	0.15656	0.07093
V269	0.12837	0.30068	0.33257	0.18342	0.05496
V270	0.07055	0	0.02915	0.81662	0.08368
V271	0.24739	0.70592	0	0.0062	0.0405
V272	0.13558	0.79655	0.01369	0.00371	0.05047
V273	0.31972	0.0119	0.15024	0.30551	0.21262
V274	0.10585	0.0197	0.02692	0.19715	0.65037
V275	0.08	0.69097	0.12708	0.07314	0.02881
V276	0.02443	0	0.69164	0.23509	0.04885
V277	0.42593	0	0.54567	0	0.0284
V278	0.02464	0	0.31694	0.46272	0.1957
V279	0.16816	0	0.00919	0.69551	0.12715
V280	0.21621	0.01335	0.02891	0.57861	0.16293
V281	0.05335	0.20698	0.03345	0.63493	0.07129
V282	0.09354	0.89008	0	0	0.01638
V283	0.36163	0.01591	0.08687	0.03263	0.50296
V284	0.04954	0.07254	0.50783	0.00795	0.36215
V285	0.51096	0.47219	0	0.00216	0.0147
V286	0.1117	0	0.85848	0.02208	0.00774
V287	0.27427	0.05511	0.14216	0.27237	0.2561
V288	0.2444	0	0.59396	0	0.16164
V289	0.18501	0.21873	0.01354	0.52489	0.05783
V290	0.44339	0.45411	0.1025	0	0
V291	0.42498	0.22654	0	0.30908	0.0394
V292	0.14375	0	0.36297	0.04491	0.44837
V293	0.02286	0.05162	0.8634	0.03912	0.02299
V294	0.02139	0	0.0051	0.06266	0.91086
V295	0.0342	0	0.30508	0.51826	0.14246
V296	0.80277	0.16314	0	0	0.03408
V297	0.03408	0	0.78096	0.12403	0.06094
V298	0.3124	0.00961	0	0.50377	0.17422
V299	0.29253	0	0.00822	0.63709	0.06216
V300	0.92454	0.0685	0	0	0.00696
V301	0.91354	0.06905	0.00101	0	0.0164
V302	0.02352	0	0.00418	0.38173	0.59057
V303	0.13538	0.14075	0.18254	0.17347	0.36786
V304	0.23959	0	0.73884	0	0.02157
V305	0.23197	0.30015	0.06983	0.09567	0.30237
V306	0.34164	0.63619	0	0	0.02217
V307	0.27595	0	0.24308	0.44453	0.03644
V308	0.29124	0	0.64111	0.05766	0.00999
V309	0.6317	0.12621	0.0318	0.08294	0.12735
V310	0.0437	0	0.00216	0.12354	0.8306
V311	0.0361	0	0.03967	0.82773	0.0965
V312	0.11287	0.20851	0.21267	0.01472	0.45123
V313	0.08493	0.27312	0.00545	0.29235	0.34415
V314	0.09593	0	0.00054	0.35439	0.54914
V315	0.896	0.06365	0.00706	0	0.03329
V316	0.14851	0.53966	0.21492	0.01816	0.07876
V317	0.44601	0.0718	0.46251	0	0.01967
V318	0.84916	0.06434	0	0	0.0865
V319	0.14548	0	0.85452	0	0
V320	0.10233	0	0.00513	0.79948	0.09307
V321	0.17736	0.31527	0.2763	0.18654	0.04452
V322	0.03678	0.21665	0.56782	0.0445	0.13425
V323	0.30384	0.19395	0.40011	0.00498	0.09711
V324	0.06331	0.01961	0.03668	0.79158	0.08882
V325	0.62527	0.15975	0.06054	0.07993	0.07452
V326	0.06041	0	0.04278	0.14729	0.74952
V327	0.35626	0.48524	0.08299	0.00315	0.07236
V328	0.0786	0.26668	0.14449	0.45026	0.05997
V329	0.02663	0	0.38002	0.53562	0.05773
V330	0.10817	0	0.83735	0	0.05448
V331	0.1452	0.00405	0.06999	0.10415	0.67661
V332	0.52024	0.05535	0.39684	0	0.02757
V333	0.45387	0.03281	0.26927	0.13692	0.10713
V334	0.07532	0.24726	0.54748	0.07347	0.05646
V335	0.6948	0.12147	0.05841	0.00842	0.1169
V336	0.20095	0.55844	0.22463	0	0.01598
V337	0.02157	0	0.01047	0.16996	0.798
V338	0.70246	0.08427	0.11638	0	0.0969
V339	0.24197	0.51736	0.15183	0	0.08884
V340	0.0515	0.12623	0.08929	0.07503	0.65795
V341	0.05423	0.46126	0.41416	0	0.07035
V342	0.35521	0.13375	0.41639	0.08905	0.00559
V343	0.70426	0.05837	0.23737	0	0
V344	0.13199	0.73271	0.02661	0.01363	0.09505
V345	0.22633	0.043	0	0.26136	0.46931
V346	0.06766	0.28233	0.29495	0.28951	0.06554
V347	0.11277	0.50412	0.01293	0.2934	0.07679
V348	0.042	0.08859	0.43038	0.24773	0.1913
V349	0.10053	0.2662	0.51351	0.00522	0.11454
V350	0.14005	0.39466	0.06659	0.21638	0.18232
V351	0.22381	0	0.41339	0.31905	0.04375
V352	0.14827	0.52406	0.3191	0	0.00857
V353	0.26792	0.31252	0.02265	0.04175	0.35516
V354	0.60362	0.04281	0.35357	0	0
V355	0.11476	0	0.31217	0.52023	0.05284
V356	0.12379	0	0.83282	0.0055	0.03789
V357	0.06401	0	0.47811	0.03819	0.41969
V358	0.05252	0.00988	0.02999	0.81457	0.09304
V359	0.07924	0.09475	0.00398	0.74583	0.0762
V360	0.698	0.11554	0.06709	0.10722	0.01213
V361	0.35895	0.47192	0.06614	0	0.10299
V362	0.77559	0.07166	0.07136	0	0.08139
V363	0.04482	0.00743	0.0018	0.1604	0.78554
V364	0.06546	0.26532	0.01426	0.41099	0.24397
V365	0.02858	0	0.00962	0.83955	0.12225
V366	0.26199	0.00599	0.57683	0.05017	0.10503
V367	0.26345	0.2051	0.17881	0.153	0.19964
V368	0.72686	0.14227	0.09441	0	0.03646
V369	0.07627	0.6409	0.20925	0.06438	0.0092
V370	0.04479	0.12102	0.10501	0.35061	0.37856
V371	0.09157	0.86916	0.03305	0	0.00622
V372	0.65444	0.12592	0.11316	0.07502	0.03146
V373	0.15318	0.64354	0.10729	0.07658	0.01941
V374	0.13578	0.00621	0.36567	0.45548	0.03685
V375	0.36849	0	0.57736	0.05314	0.00101
V376	0.02289	0	0.35513	0.03448	0.58749
V377	0.12533	0.49323	0.18473	0.17094	0.02578
V378	0.16707	0.52289	0.14722	0	0.16281
V379	0.03757	0	0.08933	0.10112	0.77198
V380	0.03891	0.01381	0.15505	0.49436	0.29787
V381	0.15257	0.03501	0	0.04339	0.76904
V382	0.42119	0.01401	0	0.26174	0.30306
V383	0.05421	0	0.25066	0.63781	0.05732
V384	0.3255	0.04196	0.1437	0.3975	0.09134
V385	0.09646	0.07524	0	0.04687	0.78142
V386	0.64896	0.07454	0	0.24917	0.02733
V387	0.29385	0.02631	0.00013	0.59505	0.08466
V388	0.08753	0.82149	0.02248	0.04799	0.02051
V389	0.15344	0.75365	0.00537	0.01878	0.06876
V390	0.20078	0	0.00115	0.62905	0.16901
V391	0.68172	0.20696	0	0.04018	0.07114
V392	0.89772	0.09536	0.00199	0	0.00493
V393	0.12566	0	0.13218	0.51511	0.22705
V394	0.68831	0.08233	0.01244	0.11421	0.10271
V395	0.0197	0	0.35439	0.56527	0.06064
V396	0.58985	0.05048	0.35915	0	0.00052
V397	0.656	0.20083	0.019	0.07479	0.04938
V398	0.08488	0	0.14976	0.61857	0.14679
V399	0.0563	0.00434	0	0.2603	0.67906
V400	0.2054	0.52232	0.1335	0.12518	0.0136
V401	0.38546	0	0.60532	0.00922	0
V402	0.43222	0.02375	0.40684	0.04862	0.08857
V403	0.15854	0.05699	0	0.14086	0.64361
V404	0.02457	0	0.48121	0.40502	0.0892
V405	0.37275	0.2676	0.05337	0.18612	0.12016
V406	0.03514	0	0.94979	0	0.01507
V407	0.85425	0.11053	0.02308	0.00478	0.00735
V408	0.05922	0.34777	0	0.23768	0.35533
V409	0.13263	0	0.05416	0.643	0.17021
V410	0.15407	0.09778	0.2846	0.0506	0.41294
V411	0.02187	0	0	0.07072	0.90741
V412	0.04011	0.1039	0.10631	0.05481	0.69487
V413	0.0528	0.22437	0.1333	0.35399	0.23554
V414	0.06225	0.06144	0	0.43554	0.44078
V415	0.16417	0	0	0.04506	0.79078
V416	0.11913	0.06807	0.01175	0.15276	0.64829
V417	0.02235	0	0.76734	0.12631	0.084
V418	0.54312	0.41445	0.00835	0	0.03408
V419	0.24887	0.02177	0.00974	0.12437	0.59525
V420	0.23524	0	0.0809	0.06232	0.62154
V421	0.01835	0	0.10698	0.08083	0.79384
V422	0.0371	0	0.04348	0.67661	0.24281
V423	0.34299	0.18148	0.25815	0.17562	0.04176
V424	0.01409	0	0.44264	0.02201	0.52127
V425	0.3474	0.35962	0	0.00627	0.2867
V426	0.26131	0.18417	0.01141	0.41821	0.1249
V427	0.24101	0.62437	0.12614	0	0.00849
V428	0.13083	0.63199	0.05786	0.07615	0.10317
V429	0.1542	0.76276	0	0.04606	0.03698
V430	0.04997	0	0.37192	0.19055	0.38756
V431	0.15339	0.35469	0.1766	0.23512	0.0802
V432	0.33334	0.06488	0.10555	0.31805	0.17818
V433	0.24293	0	0.4946	0.21832	0.04415
V434	0.29341	0.26744	0.34366	0	0.09549
V435	0.59844	0.07848	0.31287	0.00235	0.00786
V436	0.09437	0.56403	0.08269	0.04615	0.21275
V437	0.19844	0.01405	0.01755	0.16868	0.60128
V438	0.17348	0.29025	0.17638	0.26686	0.09303
V439	0.61804	0.05004	0.03502	0.25595	0.04094
V440	0.05552	0.32413	0.5559	0.00321	0.06124
V441	0.06964	0.53028	0.37048	0.01689	0.01271
V442	0.09357	0.89449	0.00437	0	0.00758
V443	0.91153	0.07047	0.00081	0.00655	0.01064
V444	0.1849	0.43026	0.01895	0.29959	0.06631
V445	0.09669	0.40321	0.02946	0.41169	0.05894
V446	0.13844	0.00823	0.08786	0.54795	0.21751
V447	0.08413	0	0.00768	0.42286	0.48534
V448	0.16863	0	0.01154	0.05652	0.76331
V449	0.00931	0	0.99069	0	0
V450	0.23772	0.06894	0.21477	0.12942	0.34914
V451	0.30061	0.19917	0.04765	0.30849	0.14408
V452	0.03365	0	0.14745	0.70206	0.11684
V453	0.03563	0	0	0.43291	0.53146
V454	0.02232	0	0.65966	0.02735	0.29067
V455	0.09092	0.18712	0.24643	0.05399	0.42154
V456	0.89085	0.0712	0	0	0.03796
V457	0.65102	0.25816	0.01971	0.02572	0.04538
V458	0.05739	0.33706	0.50497	0.04615	0.05443
V459	0.16008	0.04333	0.04371	0.45968	0.2932
V460	0.68525	0.09926	0.15958	0.02905	0.02685
V461	0.2257	0.27977	0.21201	0.01298	0.26954
V462	0.07252	0.0564	0.00817	0.47567	0.38723
V463	0.24272	0.05814	0.00736	0.62347	0.06831
V464	0.21654	0.14796	0.63043	0	0.00506
V465	0.05743	0.07234	0.00698	0.06477	0.79848
V466	0.0394	0	0	0.13156	0.82904
V467	0.08575	0.2401	0.01469	0.51113	0.14833
V468	0.56288	0.32547	0.0834	0	0.02826
V469	0.04618	0.30114	0.0444	0.26123	0.34705
V470	0.80129	0.1277	0.01454	0.03988	0.0166
V471	0.40556	0.30436	0.01494	0.11548	0.15966
V472	0.02408	0.00446	0.03239	0.05842	0.88064
V473	0.06168	0.18089	0.22134	0.31087	0.22523
V474	0.32161	0.13822	0.04872	0.40834	0.08311
V475	0.20259	0	0.56679	0.02374	0.20688
V476	0.18688	0.01468	0.08738	0.58921	0.12184
V477	0.08477	0.90241	0.00485	0	0.00797
V478	0.17734	0	0	0.04339	0.77927
V479	0.80322	0.12756	0.02086	0.0327	0.01566
V480	0.17318	0.64407	0.04127	0.09332	0.04816
V481	0.27362	0.35981	0.04681	0.15952	0.16024
V482	0.1506	0.66735	0.16413	0	0.01791
V483	0.33968	0.51952	0	0.07746	0.06334
V484	0.25868	0.51053	0.09584	0.10544	0.02951
V485	0.65932	0.13651	0.08982	0.08195	0.03241
V486	0.08767	0.03639	0.25834	0.0259	0.59171
V487	0.18082	0.09409	0.39454	0.29773	0.03282
V488	0.42309	0.07981	0	0.29852	0.19859
V489	0.0338	0.18429	0.69179	0.06522	0.02489
V490	0.02348	0	0.74908	0.20267	0.02476
V491	0.06374	0.42766	0.03481	0.10042	0.37337
V492	0.05857	0.12288	0.02608	0.69422	0.09825
V493	0.03811	0	0.00912	0.84986	0.1029
V494	0.34853	0.00408	0.0127	0.50216	0.13252
V495	0.37411	0.21782	0.18456	0.1454	0.0781
V496	0.14198	0.01526	0.03967	0.0419	0.7612
V497	0.11593	0.00609	0.121	0.11969	0.63728
V498	0.1095	0.84204	0.01549	0	0.03298
V499	0.06868	0.18378	0.22803	0.0742	0.44531
V500	0.14587	0.47664	0.09202	0.19889	0.08658
V501	0.09145	0.28656	0.00479	0.03717	0.58002
V502	0.16575	0.78353	0.0286	0.01382	0.0083
V503	0.47405	0.03298	0.17594	0.12086	0.19617
V504	0.46827	0.22086	0	0.00379	0.30708
V505	0.59993	0.06047	0.01268	0.06532	0.26161
V506	0.05709	0.48024	0.05064	0.02344	0.38859
V507	0.81235	0.07215	0.02036	0.05499	0.04015
V508	0.06514	0.62232	0.19015	0.03076	0.09163
V509	0.08766	0.43675	0.12033	0.18433	0.17093
V510	0.42925	0.50791	0.03004	0.01819	0.0146
V511	0.10184	0.2809	0.50482	0.02866	0.08378
V512	0.18643	0.44285	0.14866	0.03976	0.1823
V513	0.20389	0.6698	0.05595	0.02875	0.0416
V514	0.02471	0	0.18757	0.07096	0.71676
V515	0.10242	0.11398	0	0.71108	0.07252
V516	0.19658	0.35557	0.09226	0.30898	0.04661
V517	0.04134	0.00724	0.04725	0.81237	0.09181
V518	0.46831	0.02307	0.29115	0.16815	0.04931
V519	0.75662	0.13291	0	0.08914	0.02133
V520	0.10938	0.831	0.00836	0.03946	0.0118
V521	0.23968	0	0.11926	0.58116	0.0599
V522	0.08206	0.15235	0.5704	0.13324	0.06195
V523	0.1988	0.00661	0.75848	0.02822	0.0079
V524	0.39715	0.01119	0.52465	0	0.06701
V525	0.03474	0.16545	0.02135	0.05194	0.72651
V526	0.06281	0	0.88828	0.00854	0.04037
V527	0.1234	0.4687	0.37893	0	0.02896
V528	0.17842	0	0.01719	0.73184	0.07255
V529	0.26512	0	0.72345	0	0.01143
V530	0.03548	0	0.89492	0.03723	0.03236
V531	0.20814	0.49843	0.07018	0.01097	0.21228
V532	0.09234	0.22005	0.26352	0.01224	0.41185
V533	0.26631	0.00199	0	0.03454	0.69717
V534	0.15331	0.05502	0	0.69405	0.09763
V535	0.78324	0.17487	0.03557	0	0.00633
V536	0.16171	0.14242	0.35151	0.03386	0.3105
V537	0.03347	0	0.01027	0.05952	0.89673
V538	0.5939	0.16029	0	0.01427	0.23154
V539	0.03988	0.10189	0.66451	0.09923	0.09448
V540	0.19443	0.45156	0.07035	0.04416	0.2395
V541	0.05824	0.36385	0.01247	0.04802	0.51742
V542	0.0702	0.31805	0.09717	0.40724	0.10734
V543	0.09846	0.05718	0.68222	0.04078	0.12137
V544	0.37162	0.19118	0.15145	0.05269	0.23306
V545	0.61021	0.38699	0	0	0.0028
V546	0.10388	0.76278	0.06653	0	0.06681
V547	0.1244	0.75793	0	0.07759	0.04007
V548	0.03399	0.04225	0.00758	0.81956	0.09662
V549	0.02133	0	0.01735	0.18425	0.77707
V550	0.07828	0.82865	0.07809	0	0.01499
V551	0.03946	0	0.00255	0.86163	0.09636
V552	0.22194	0.00966	0.01044	0.06429	0.69366
V553	0.74593	0.08641	0.00693	0.10076	0.05997
V554	0.15085	0.00415	0.48091	0.31954	0.04454
V555	0.08257	0.88084	0.00316	0	0.03343
V556	0.10707	0.03032	0.04878	0.68895	0.12488
V557	0.33495	0.25414	0.02443	0.30342	0.08306
V558	0.02435	0	0.78932	0.1448	0.04153
V559	0.14199	0.40244	0.41967	0	0.03591
V560	0.62416	0.27141	0.10443	0	0
V561	0.69341	0.06045	0.10741	0	0.13873
V562	0.14025	0.02708	0.12853	0.1062	0.59794
V563	0.25057	0.24573	0.1771	0.10042	0.22618
V564	0.36397	0.0325	0.04648	0.3097	0.24735
V565	0.02079	0	0.01101	0.09018	0.87802
V566	0.31289	0.1461	0.01678	0.28976	0.23446
V567	0.03155	0	0.96403	0	0.00443
V568	0.0621	0.18694	0.42148	0.30446	0.02503
V569	0.63093	0.15096	0.08303	0.08554	0.04954
V570	0.16685	0	0.26022	0.45112	0.12181
V571	0.29904	0	0.20897	0.32031	0.17167
V572	0.79049	0.06634	0	0	0.14317
V573	0.11043	0.02645	0.31885	0.3798	0.16447
V574	0.53411	0.31881	0.05622	0.05858	0.03228
V575	0.37072	0.03363	0.09564	0.0508	0.44921
V576	0.08074	0.84662	0.00182	0.00079	0.07004
V577	0.42881	0.50709	0.02307	0.02561	0.01541
V578	0.05588	0.11454	0.51563	0.23081	0.08314
V579	0.05672	0.49051	0.29978	0.01814	0.13484
V580	0.24314	0.53536	0.00363	0.17187	0.04599
V581	0.0893	0.47283	0.35494	0.06682	0.01611
V582	0.01519	0	0.98481	0	0
V583	0.64863	0.05915	0.29222	0	0
V584	0.25333	0.48841	0.08531	0.02001	0.15294
V585	0.08408	0.74711	0.05179	0.0444	0.07262
V586	0.07398	0.774	0.14408	0.00166	0.00628
V587	0.08777	0.64542	0	0.02662	0.24019
V588	0.27858	0.3855	0.33128	0	0.00465
V589	0.12889	0.39714	0.03604	0.37385	0.06409
V590	0.08376	0.74008	0	0.00753	0.16863
V591	0.46382	0.50341	0.02312	0	0.00966
V592	0.03093	0	0.74126	0.02912	0.19869
V593	0.43428	0.02368	0	0.44432	0.09773
V594	0.02684	0.07616	0.67052	0.14996	0.07652
V595	0.53862	0.0754	0.0511	0.26736	0.06752
V596	0.49497	0.20894	0.17479	0.08752	0.03379
V597	0.04452	0.15842	0	0.12559	0.67146
V598	0.55382	0.04845	0	0.00068	0.39705
V599	0.10737	0.38721	0.07784	0.35587	0.07171
V600	0.31065	0.00885	0.16174	0.35597	0.16278
V601	0.16039	0.08465	0	0.43735	0.31761
V602	0.78437	0.21195	0	0	0.00368
V603	0.14359	0.11974	0.01762	0.13767	0.58137
V604	0.03653	0	0.69927	0.10185	0.16235
V605	0.04448	0.02763	0.10736	0.09704	0.72349
V606	0.78926	0.05952	0	0	0.15122
V607	0.16822	0.09192	0.01064	0.04379	0.68543
V608	0.71928	0.09209	0.01857	0.04924	0.12083
V609	0.2103	0.30462	0.0042	0.36049	0.12038
V610	0.12053	0.64398	0	0.20217	0.03332
V611	0.33424	0.00494	0.59445	0.00094	0.06543
V612	0.41395	0.04709	0.27038	0.00607	0.2625
V613	0.42411	0.54166	0.02392	0.0039	0.00641
V614	0.51827	0.06791	0.00715	0.0603	0.34637
V615	0.03199	0.05791	0.11951	0.55638	0.23422
V616	0.66402	0.06687	0.12016	0.0992	0.04976
V617	0.27488	0.04469	0.43515	0.08107	0.16422
V618	0.68994	0.15353	0.04448	0	0.11204
V619	0.54558	0.07783	0.12151	0	0.25508
V620	0.06885	0	0.33892	0.53667	0.05555
V621	0.17139	0.18472	0.26164	0.00668	0.37557
V622	0.04476	0.15841	0.31727	0.0255	0.45406
V623	0.08882	0	0.00275	0.64135	0.26708
V624	0.85737	0.06689	0	0	0.07574
V625	0.032	0.03283	0.08938	0.76158	0.0842
V626	0.10495	0	0.54376	0.29779	0.0535
V627	0.12334	0.12373	0.09425	0.05052	0.60816
V628	0.90629	0.08417	0.00096	0	0.00857
V629	0.17101	0.20518	0.61338	0.00285	0.00758
V630	0.0335	0.14571	0.01442	0.06177	0.7446
V631	0.01626	0	0.23315	0.04638	0.70421
V632	0.08322	0.73513	0	0.02811	0.15355
V633	0.07366	0	0.07735	0.48944	0.35954
V634	0.43107	0.44934	0.11959	0	0
V635	0.05741	0.06491	0.1568	0.05063	0.67025
V636	0.24205	0.14775	0.28481	0.17461	0.15078
V637	0.25848	0	0.38308	0.23571	0.12274
V638	0.10409	0.42809	0.0114	0.08212	0.3743
V639	0.52486	0.41225	0.05641	0	0.00649
V640	0.13141	0.16148	0.06503	0.21936	0.42271
V641	0.13308	0.70219	0.01265	0.10984	0.04224
V642	0.7105	0.10444	0	0.16497	0.02008
V643	0.08935	0.83812	0.05439	0.00963	0.00851
V644	0.07622	0.41887	0.01463	0.41141	0.07886
V645	0.19367	0.73104	0.00559	0.05768	0.01201
V646	0.1683	0.51511	0.0189	0.20156	0.09613
V647	0.89874	0.07021	4e-05	0.01969	0.01133
V648	0.44848	0.12705	0	0.23409	0.19037
V649	0.27716	0.08803	0.05923	0.10451	0.47107
V650	0.04614	0	0.0548	0.81559	0.08348
V651	0.17245	0.20037	0	0.57211	0.05507
V652	0.38693	0.01631	0.027	0.50492	0.06484
V653	0.36785	0.0228	0.0414	0.47827	0.08968
V654	0.04732	0.04962	0	0.09774	0.80532
V655	0.19852	0.0284	0.28317	0.44389	0.04602
V656	0.12039	0	0	0.11982	0.7598
V657	0.06817	0.46652	0.02142	0.29626	0.14763
V658	0.04952	0.00484	0.02569	0.57255	0.3474
V659	0.0391	0	0.07033	0.7457	0.14488
V660	0.08276	0.29788	0.01145	0.05703	0.55089
V661	0.078	0.62914	0.00616	0.15468	0.13202
V662	0.0603	0.39047	0.0128	0.0248	0.51163
V663	0.92933	0.06109	0.00437	0	0.0052
V664	0.0385	0	0.10084	0.36904	0.49162
V665	0.06499	0.61783	0.19182	0.06895	0.05641
V666	0.12814	0.83446	0.03076	0	0.00664
V667	0.0713	0.52868	0.24359	0.08826	0.06817
V668	0.62737	0.2849	0.03333	0.02513	0.02927
V669	0.47465	0.32673	0.01444	0.06179	0.1224
V670	0.12696	0.59403	0.03387	0.02997	0.21517
V671	0.76426	0.07015	0.15646	0	0.00914
V672	0.11234	0.04527	0.0747	0.29034	0.47734
V673	0.02476	0	0	0.13493	0.84031
V674	0.42165	0.08888	0.45266	0	0.03682
V675	0.66242	0.07279	0.02508	0.11107	0.12864
V676	0.30505	0.0779	0.45998	0	0.15707
V677	0.07725	0.24396	0.20248	0.37133	0.10496
V678	0.07147	0.27526	0.00527	0.05465	0.59335
V679	0.03098	0	0.44498	0.47342	0.05061
V680	0.17924	0	0.01204	0.31939	0.48933
V681	0.53045	0.06611	0.02913	0.25213	0.12218
V682	0.00931	0	0.99069	0	0
V683	0.10229	0.1357	0.62715	0	0.13485
V684	0.08289	0	0.00617	0.82435	0.08659
V685	0.02361	0	0.86606	0.09467	0.01566
V686	0.31203	0.61066	0.0544	0.00145	0.02146
V687	0.01554	0	0.57575	0.35764	0.05107
V688	0.00843	0	0.9727	0	0.01887
V689	0.51973	0.08083	0.16275	0.07984	0.15685
V690	0.13859	0.82714	0.0079	0.00901	0.01735
V691	0.16872	0.12077	0.03731	0.58161	0.09159
V692	0.09421	0.00281	0.01095	0.71815	0.17388
V693	0.05591	0.48755	0.42626	0.01765	0.01263
V694	0.11497	0.17811	0.0299	0.5471	0.12993
V695	0.14202	0.08628	0.11817	0.04182	0.61171
V696	0.1526	0	0.7165	0	0.13089
V697	0.13866	0.07681	0.29434	0.33219	0.15799
V698	0.02829	0	0.14714	0.05292	0.77165
V699	0.05692	0	0.04081	0.61534	0.28692
V700	0.09451	0.78116	0.05899	0	0.06534
V701	0.03365	0.14608	0.00765	0.05535	0.75727
V702	0.04603	0.09865	0.00301	0.6266	0.22571
V703	0.03997	0	0.02356	0.83827	0.0982
V704	0.06579	0.01081	0.35591	0.0382	0.52929
V705	0.88656	0.07703	0	0	0.03641
V706	0.18635	0.13116	0.14019	0.4144	0.12789
V707	0.16051	0.10277	0.05666	0.25494	0.42512
V708	0.06124	0.57295	0.36436	0	0.00145
V709	0.0217	0	0.02524	0.05954	0.89352
V710	0.15742	0	0.43727	0.00722	0.3981
V711	0.06672	0	0.0142	0.06838	0.8507
V712	0.08761	0	0.70104	0.17979	0.03156
V713	0.30344	0.41236	0.28421	0	0
V714	0.05979	0	0	0.05805	0.88216
V715	0.03861	0.24531	0.60719	0.09181	0.01708
V716	0.70915	0.24278	0.00156	0.01649	0.03001
V717	0.41156	0.17165	0.09635	0.01751	0.30293
V718	0.67981	0.05721	0.22092	0	0.04205
V719	0.426	0.25235	0.08213	0.09084	0.14868
V720	0.1349	0.02061	0.06984	0.06821	0.70645
V721	0.03878	0	0.037	0.07051	0.85372
V722	0.05202	0.21368	0.04646	0.45843	0.22941
V723	0.14171	0.20459	0.09597	0.48591	0.07183
V724	0.16259	0.64262	0.02698	0.14147	0.02634
V725	0.04042	0	0.00303	0.06007	0.89648
V726	0.25132	0.4803	0.0385	0.04518	0.1847
V727	0.02077	0	0.96159	0	0.01764
V728	0.76697	0.0929	0.09527	0.03192	0.01295
V729	0.60597	0.16765	0.01387	0.18473	0.02778
V730	0.15566	0	0.35838	0.38169	0.10427
V731	0.02812	0	0.05768	0.82895	0.08524
V732	0.03843	0	0.00958	0.85785	0.09413
V733	0.04982	0	0.93571	0	0.01447
V734	0.55135	0.10804	0.31095	0.01256	0.0171
V735	0.09396	0.11967	0.18412	0.04702	0.55522
V736	0.02546	0.01599	0.0039	0.06032	0.89433
V737	0.923	0.06827	0.0039	0	0.00482
V738	0.05203	0.40948	0.00617	0.0323	0.50002
V739	0.04217	0	0.00147	0.86185	0.09452
V740	0.22593	0.06864	0.0825	0.03718	0.58574
V741	0.50554	0.05198	0	0.27001	0.17248
V742	0.10253	0	0.50981	0.17176	0.21591
V743	0.04479	0.0208	0.05947	0.13207	0.74288
V744	0.23026	0.04775	0.14902	0.48232	0.09065
V745	0.19618	0.01079	0.03916	0.68092	0.07296
V746	0.38137	0.55265	0.02309	0	0.0429
V747	0.04983	0	0.92306	0	0.02711
V748	0.19808	0.1804	0.24514	0.05874	0.31763
V749	0.2166	0.09002	0.10137	0.40124	0.19077
V750	0.72951	0.24741	0	0.0147	0.00838
V751	0.06957	0.34902	0.56388	0.0075	0.01002
V752	0.03976	0.09924	0.01449	0.05722	0.78929
V753	0.57003	0.08975	0.19951	0.00612	0.13459
V754	0.14571	0.31911	0	0.47972	0.05546
V755	0.26337	0.69979	0.02614	0	0.01069
V756	0.03891	0.08014	0.01451	0.09421	0.77223
V757	0.20221	0	0.08627	0.64444	0.06708
V758	0.09857	0.42039	0	0.42831	0.05274
V759	0.10197	0.00796	0.0788	0.04376	0.76751
V760	0.09945	0	0.18271	0.25126	0.46659
V761	0.096	0.21987	0.67859	0	0.00554
V762	0.03653	0.00436	0.15224	0.38751	0.41936
V763	0.04889	0.23252	0	0.04061	0.67799
V764	0.14256	0.0425	0.07263	0.66261	0.07971
V765	0.21855	0	0.63215	0.03429	0.11501
V766	0.11071	0.46138	0.21896	0.0422	0.16674
V767	0.30341	0.46581	0.04523	0.03335	0.15219
V768	0.09719	0.81527	0.03706	0.03199	0.01849
V769	0.73908	0.07395	0.14516	0	0.04181
V770	0.37242	0	0.47359	0.13685	0.01714
V771	0.10182	0.69849	0	0.07813	0.12156
V772	0.07316	0	0.92684	0	0
V773	0.04109	0	0	0.18277	0.77614
V774	0.18997	0	0.48678	0	0.32325
V775	0.87533	0.07037	0.01044	0.01968	0.02419
V776	0.3952	0.42948	0.13214	0.00617	0.03701
V777	0.26109	0.37138	0.21591	0.08713	0.06449
V778	0.52818	0.09576	0.00136	0.17565	0.19905
V779	0.10771	0.39375	0.47989	0	0.01866
V780	0.03205	0	0.96795	0	0
V781	0.20799	0.28155	0.14521	0.00561	0.35963
V782	0.24217	0.22586	0.00885	0.02367	0.49944
V783	0.01208	0	0.59743	0.03411	0.35637
V784	0.06727	0.58992	0	0.22293	0.11988
V785	0.68341	0.19098	0	0.06056	0.06505
V786	0.19432	0.19782	0.00605	0.52485	0.07696
V787	0.17048	0.57539	0	0.16235	0.09178
V788	0.39859	0.41111	0.05062	0	0.13967
V789	0.03552	0.13399	0.00125	0.37348	0.45575
V790	0.30159	0.22273	0.04469	0.1023	0.32869
V791	0.2018	0.20465	0.05492	0.18014	0.35849
V792	0.892	0.07781	0.01322	0	0.01697
V793	0.34836	0.26641	0.03662	0.07934	0.26927
V794	0.03204	0	0.08425	0.18824	0.69547
V795	0.16536	0.80418	0.0072	0	0.02327
V796	0.33398	0.41114	0.08603	0.1209	0.04796
V797	0.14402	0	0	0.06122	0.79476
V798	0.16015	0.48187	0	0.07935	0.27863
V799	0.05935	0.14211	0.04091	0.63664	0.121
V800	0.04183	0	0.00856	0.14561	0.804
V801	0.41199	0.01507	0.10508	0.39708	0.07077
V802	0.05387	0.16724	0.00639	0.05092	0.72159
V803	0.32884	0.03998	0	0.551	0.08019
V804	0.23908	0.14902	0.17611	0.34724	0.08855
V805	0.19227	0.10564	0.4116	0.16043	0.13006
V806	0.49593	0.03917	0.16108	0.04856	0.25526
V807	0.695	0.07455	0.04408	0.02496	0.1614
V808	0.79291	0.0741	0.03232	0	0.10067
V809	0.23005	0.5875	0.01034	0.02169	0.15042
V810	0.0491	0.033	0.03125	0.43733	0.44932
V811	0.06821	0.07291	0.01322	0.12869	0.71697
V812	0.06647	0.64562	0.1732	0.06793	0.04678
V813	0.05592	0.17724	0.18486	0.02529	0.55668
V814	0.23611	0.54226	0.04807	0.13195	0.04162
V815	0.25999	0.67258	0.01814	0.0323	0.01698
V816	0.06083	0.49378	0.00077	0.36825	0.07637
V817	0.78284	0.09805	0.11766	0	0.00145
V818	0.06761	0.16336	0.32013	0.04581	0.4031
V819	0.90192	0.08366	0.00672	0	0.0077
V820	0.10534	0.34572	0.10485	0.37092	0.07317
V821	0.02203	0	0	0.06361	0.91436
V822	0.21693	0.00596	0.00927	0.69962	0.06822
V823	0.06619	0.04544	0.1915	0.03364	0.66323
V824	0.08224	0.01032	0.01406	0.05246	0.84092
V825	0.18954	0	0.63276	0.16808	0.00961
V826	0.05922	0	0.93568	0.0051	0
V827	0.36696	0.15195	0	0.3369	0.14419
V828	0.25963	0.13356	0.08306	0.06412	0.45962
V829	0.11867	0.0509	0.27365	0.17812	0.37866
V830	0.18678	0	0.66785	0.01009	0.13528
V831	0.07175	0.71558	0.03693	0.13101	0.04473
V832	0.22125	0	0.05345	0.23	0.4953
V833	0.21805	0.73622	0	0	0.04574
V834	0.71478	0.19962	0.01956	0	0.06604
V835	0.28527	0.28382	0.07199	0.24084	0.11808
V836	0.43683	0.06639	0.40734	0.07632	0.01312
V837	0.0759	0.79594	0.00732	0.03118	0.08966
V838	0.02459	0	0.07351	0.80913	0.09277
V839	0.0523	0.00463	0.05924	0.05193	0.8319
V840	0.89292	0.07546	0.01801	0	0.0136
V841	0.27344	0	0.72507	0	0.00149
V842	0.55956	0.07828	0.17202	0.15974	0.0304
V843	0.47236	0.02936	0.11855	0.06134	0.31839
V844	0.04031	0.1245	0.79464	0.0098	0.03074
V845	0.046	0	0	0.5652	0.3888
V846	0.12548	0.01872	0.07849	0.09023	0.68708
V847	0.21801	0	0.03803	0.13577	0.60818
V848	0.69995	0.10307	0	0.05834	0.13864
V849	0.18173	0.00487	0.70193	0	0.11146
V850	0.24871	0.01658	0.25576	0.14736	0.33159
V851	0.92457	0.061	0	0	0.01443
V852	0.25554	0.05602	0.06078	0.16664	0.46101
V853	0.064	0.07839	0.60918	0.13922	0.1092
V854	0.07835	0.31152	0.22094	0.08001	0.30919
V855	0.13943	0.36782	0.0761	0.2909	0.12575
V856	0.18231	0.36332	0.03854	0.01155	0.40428
V857	0.10336	0.01017	0.15009	0.41209	0.3243
V858	0.05791	0.31342	0.16823	0.20512	0.25532
V859	0.16043	0	0.0171	0.71397	0.10849
V860	0.06858	0.12005	0.05678	0.62543	0.12916
V861	0.1762	0.00131	0.11597	0.6404	0.06612
V862	0.07903	0	0.01348	0.12395	0.78355
V863	0.08236	0.87311	0.00986	0	0.03467
V864	0.0566	0	0.8909	0.05181	0.00069
V865	0.11193	0	0.62563	0.24596	0.01649
V866	0.0583	0	0.65029	0.24192	0.04949
V867	0.54843	0.07165	0	0	0.37991
V868	0.28495	0.20776	0.3767	0.09572	0.03486
V869	0.02853	0	0.01719	0.06643	0.88785
V870	0.29665	0.16446	0.06229	0.22361	0.253
V871	0.05445	0.02023	0.08255	0.12129	0.72148
V872	0.40746	0.05759	0.00445	0.43453	0.09596
V873	0.09128	0.30218	0.13267	0.36022	0.11364
V874	0.10333	0.03077	0	0.05672	0.80919
V875	0.03794	0.157	0.01613	0.46398	0.32495
V876	0.47179	0.08383	0.04086	0.01451	0.38901
V877	0.26435	0.61992	0.02496	0.06318	0.02759
V878	0.07046	0.66735	0.02993	0.191	0.04125
V879	0.87166	0.109	0.00519	0	0.01415
V880	0.10344	0.05813	0.0212	0.40394	0.41328
V881	0.02411	0	0.48849	0.01781	0.46958
V882	0.07922	0.45779	0.00783	0.41309	0.04206
V883	0.51405	0.2078	0.00104	0.14639	0.13072
V884	0.02089	0	0	0.07133	0.90778
V885	0.20596	0.03873	0.35618	0.11121	0.28791
V886	0.01991	0	0.0248	0.22858	0.7267
V887	0.12735	0.83149	0.00105	0	0.04012
V888	0.08791	0.07857	0.04838	0.65368	0.13146
V889	0.15581	0.7836	0.02815	0.00801	0.02442
V890	0.05594	0	0.12622	0.62364	0.19419
V891	0.01527	0	0.98473	0	0
V892	0.57985	0.27409	0.00657	0	0.13949
V893	0.1952	0.14983	0.49918	0.06959	0.0862
V894	0.13529	0.50906	0.035	0.23971	0.08094
V895	0.69951	0.06091	0.2329	0	0.00668
V896	0.25651	0.20776	0.21392	0.28853	0.03327
V897	0.02473	0	0.03793	0.71986	0.21748
V898	0.38375	0.0226	0.00251	0.03726	0.55388
V899	0.56891	0.33327	0.06127	0	0.03655
V900	0.30762	0.22317	0.24937	0.17756	0.04227
V901	0.64697	0.1177	0	0.13777	0.09756
V902	0.81168	0.11864	0.00835	0.00884	0.05249
V903	0.30721	0.07344	0.0578	0.47235	0.0892
V904	0.71253	0.14618	0.12349	0	0.01779
V905	0.0553	0.28606	0.05247	0.31459	0.29158
V906	0.1926	0.01208	0.43352	0.07529	0.28651
V907	0.69781	0.17274	0.04553	0.03111	0.05281
V908	0.05924	0.31304	0.03879	0.47462	0.11431
V909	0.04623	0.08942	0.01131	0.69205	0.161
V910	0.65439	0.22233	0.00033	0.03567	0.08728
V911	0.07218	0.21416	0.5139	0.00315	0.19661
V912	0.05024	0	0.13085	0.09586	0.72305
V913	0.17322	0.00507	0.06266	0.63253	0.12652
V914	0.73443	0.11019	0.00077	0.08755	0.06706
V915	0.20792	0.16471	0.03715	0.02883	0.56139
V916	0.75749	0.08797	0.08598	0	0.06857
V917	0.43653	0.05627	0	0.0231	0.48411
V918	0.60878	0.18279	0.17978	0.00349	0.02515
V919	0.44564	0.18027	0.00203	0.23973	0.13233
V920	0.21774	0	0.10355	0.61543	0.06327
V921	0.21336	0.16531	0.09133	0.01663	0.51338
V922	0.05636	0	0.66967	0	0.27398
V923	0.17882	0.44591	0.01005	0.05034	0.31487
V924	0.51915	0.13181	0	0.21213	0.13692
V925	0.19257	0.081	0.46001	0.15976	0.10667
V926	0.03386	0	0.00343	0.06741	0.8953
V927	0.54852	0.28582	0.08564	0.05677	0.02325
V928	0.15646	0.23718	0.19325	0.17282	0.24028
V929	0.07781	0.23408	0	0.03672	0.6514
V930	0.08712	0	0.04853	0.04903	0.81533
V931	0.48366	0.16151	9e-04	0.03843	0.3155
V932	0.07159	0.08397	0.03591	0.30665	0.50189
V933	0.3172	0.00292	0.03839	0.25445	0.38704
V934	0.67811	0.10833	0.21356	0	0
V935	0.58954	0.1536	0.09858	0.0335	0.12477
V936	0.34656	0.06669	0.09831	0.40621	0.08223
V937	0.17424	0.68227	0.08018	0.02217	0.04113
V938	0.12022	0.85546	0.01683	0	0.00749
V939	0.02111	0	0.01132	0.30628	0.66129
V940	0.56514	0.11997	0.06097	0.03481	0.21911
V941	0.04367	0.09052	0.10703	0.45692	0.30186
V942	0.71781	0.2771	0	0	0.00509
V943	0.06671	0.07062	0.04206	0.05336	0.76725
V944	0.37796	0.03079	0.09806	0.43711	0.05607
V945	0.08512	0.22267	0.58978	0.02868	0.07375
V946	0.06554	0.46107	0.46441	0	0.00898
V947	0.39342	0.03883	0.01506	0.11223	0.44046
V948	0.11074	0.67673	0.02711	0.09899	0.08642
V949	0.82656	0.15368	0.01777	0	0.00199
V950	0.09463	0	0.02043	0.80343	0.08151
V951	0.33437	0.02482	0	0.46248	0.17832
V952	0.16013	0.01502	0.03795	0.59936	0.18754
V953	0.49389	0.11521	0	0.31647	0.07443
V954	0.27447	0.51668	0.04599	0.04691	0.11595
V955	0.09985	0	0.53283	0.33219	0.03513
V956	0.06797	0.446	0.07959	0.34386	0.06257
V957	0.1439	0.73334	0.0422	0.05301	0.02755
V958	0.08755	0.82133	0.00057	0.03581	0.05475
V959	0.1058	0	0.80231	0.05074	0.04115
V960	0.54329	0.0868	0.11814	0.07897	0.17281
V961	0.09016	0.83827	0.00144	0.00039	0.06974
V962	0.19929	0.08877	0	0.07503	0.63691
V963	0.0403	0	0.40772	0.47991	0.07207
V964	0.02077	0	0.96159	0	0.01764
V965	0.01631	0	0.42385	0.45685	0.10299
V966	0.0446	0	0.45207	0.08867	0.41466
V967	0.36797	0.48431	0	0	0.14772
V968	0.09265	0.88218	0.00275	0.00412	0.0183
V969	0.15618	0.47438	0.11645	0.11393	0.13905
V970	0.2096	0.35601	0.41165	0	0.02273
V971	0.72229	0.11852	0.14219	0	0.017
V972	0.11904	0.82045	0	0.03996	0.02055
V973	0.06343	0	0.54411	0.24088	0.15158
V974	0.06962	0.68471	0.08462	0.09277	0.06827
V975	0.08508	0.89949	0	0.00468	0.01075
V976	0.03118	0	0	0.11117	0.85765
