CD56NK	CD4MemoryT	CD19B	CD14
V1	0.55728	0	0.16112	0.2816
V2	0.1492	0.04529	0.04593	0.75958
V3	0.06563	0.53609	0.01147	0.3868
V4	0.90244	0.07372	0	0.02384
V5	0.12869	0.38694	0.28628	0.19809
V6	0.10005	0.84634	0.02333	0.03027
V7	0.15964	0.26775	0.08502	0.48759
V8	0.14039	0.00146	0.82111	0.03703
V9	0.25027	0.16121	0.03333	0.55519
V10	0.01655	0.00188	0.92202	0.05954
V11	0.24322	0.27702	0.47267	0.00709
V12	0.02964	0.51838	0.43375	0.01823
V13	0.33354	0.63308	0.0053	0.02808
V14	0.09008	0.89462	0.00674	0.00856
V15	0.14373	0.51875	0.13715	0.20036
V16	0.93149	0.01888	0.0178	0.03182
V17	0.11366	0.84245	0.01369	0.0302
V18	0.64327	0.26899	0.04289	0.04485
V19	0.20656	0.76905	0.00582	0.01857
V20	0.18969	0.36862	0.01822	0.42348
V21	0.14129	0.01883	0.80271	0.03718
V22	0.01807	0.04662	0.20043	0.73488
V23	0.40812	0.01247	0.57223	0.00718
V24	0.95954	0.0112	0.029	0.00026
V25	0.37453	0.16003	0.13147	0.33397
V26	0.44426	0.2997	0.01754	0.2385
V27	0.09583	0.02399	0.01556	0.86462
V28	0.00114	0.0133	0.98391	0.00164
V29	0.46438	0.0055	0.49578	0.03434
V30	0.10745	0.13806	0.28653	0.46797
V31	0.21973	0.1204	0.30739	0.35248
V32	0.07502	0.00751	0.02634	0.89113
V33	0.0513	0.41352	0.41146	0.12372
V34	0.14066	0.00827	0.81393	0.03714
V35	0.20535	0.66132	0.09305	0.04028
V36	0.00764	0.0108	0.47412	0.50744
V37	0.56158	0.03324	0.0925	0.31268
V38	0.42684	0	0.16151	0.41166
V39	0.20001	0.48012	0.14635	0.17352
V40	0.12823	0.78281	0.08896	0
V41	0.00873	0.60131	0.04774	0.34221
V42	0.22254	0.0078	0.20033	0.56933
V43	0.15178	0.25857	0.55093	0.03871
V44	0.01576	0.03062	0.76405	0.18956
V45	0.12014	0.51366	0.25358	0.11262
V46	0.83612	0.03808	0.11949	0.0063
V47	0.49687	0.12085	0.32678	0.05551
V48	0.85139	0.12016	0.00468	0.02376
V49	0.77834	0.13135	0	0.09031
V50	0.08698	0.80505	0.1002	0.00778
V51	0.36463	0.31785	0.27997	0.03755
V52	0.02625	0.05629	0.87862	0.03884
V53	0.77249	0.07705	0.15035	1e-04
V54	0.47019	0.12445	0.38002	0.02534
V55	0.22392	0.07042	0.24329	0.46237
V56	0.0419	0.0024	0.07813	0.87757
V57	0.12718	0.83035	0.02354	0.01892
V58	0.63919	0	0.03805	0.32276
V59	0.50136	0.32509	0.11592	0.05763
V60	0.13935	0.08906	0.33734	0.43425
V61	0.84054	0.06095	0.01018	0.08833
V62	0.90638	0.01286	0.06591	0.01484
V63	0.02114	0.80341	0.14525	0.03021
V64	0.01019	0.81464	0	0.17517
V65	0.01283	0	0.09103	0.89614
V66	0.26795	0.62617	0.02025	0.08563
V67	0.17865	0.25002	0.55415	0.01717
V68	0.16204	0.0895	0.01927	0.72919
V69	0.02684	0.23244	0.67928	0.06144
V70	0.58818	0.09064	0.18407	0.13711
V71	0.17181	0.03123	0.37811	0.41885
V72	0.61912	0.09649	0.09503	0.18937
V73	0.18753	0.5405	0.16043	0.11154
V74	0.06536	0.1572	0.77674	7e-04
V75	0.71924	0	0.1852	0.09556
V76	0.00186	0.10904	0.18271	0.70639
V77	0.03971	0.21362	0.00509	0.74159
V78	0.32165	0.06135	0.18621	0.43079
V79	0.00656	0.04761	0.84331	0.10252
V80	0.37167	0.00077	0.53355	0.094
V81	0.063	0.10091	0.82793	0.00816
V82	0.00051	0.02916	0.96077	0.00956
V83	0.1388	0.11292	0.07259	0.67569
V84	0.40468	0.01732	0.15935	0.41865
V85	0.12373	0.23119	0.44151	0.20358
V86	0.04842	0.01467	0.8884	0.04852
V87	0.04357	0.80262	0.06282	0.09099
V88	0.16967	0.02478	0.26633	0.53922
V89	0.01925	0.00138	0.19658	0.78279
V90	0.03372	0.88036	0.06656	0.01936
V91	0.04227	0.69182	0.22411	0.04181
V92	0.47675	0.00346	0.37651	0.14327
V93	0.8937	0.00372	0	0.10258
V94	0.01849	0.35669	0.01912	0.6057
V95	0.30171	0.34576	0.17406	0.17847
V96	0.07279	0.05763	0.02201	0.84757
V97	0.72714	0.06012	0.20627	0.00647
V98	0.75276	0.23142	0	0.01581
V99	0.82905	0.01969	0.14494	0.00632
V100	0.08391	0.00501	0.88338	0.0277
V101	0.01645	0.01229	0.00742	0.96384
V102	0.95183	0.02751	0.00529	0.01537
V103	0.01203	0.01918	0.08889	0.8799
V104	0.0376	0.94656	0.00698	0.00886
V105	0.07638	0.89951	0.01568	0.00843
V106	0.14326	0.43501	0.3709	0.05084
V107	0.21167	0.13011	0.59961	0.05861
V108	0.1935	0.69821	0.10829	0
V109	0.01568	0.09545	0.62091	0.26796
V110	0.07347	0.85333	0.04281	0.0304
V111	0.92617	0	0.06707	0.00676
V112	0.13435	0.02549	0.43312	0.40705
V113	0.19706	0.05544	0.17483	0.57266
V114	0.24685	0.01875	0.07826	0.65614
V115	0.00955	0.71061	0.27185	0.00799
V116	0.16192	0.22958	0.40511	0.20339
V117	0.74018	0.18312	0.03321	0.04349
V118	0.1975	0.49451	0.03623	0.27175
V119	0.11471	0.04075	0.04791	0.79663
V120	0.08486	0.02932	0.8679	0.01792
V121	0.63348	0.07403	0.09431	0.19818
V122	0.97292	0.00018	0.01159	0.01531
V123	0.00905	0.42428	0.04721	0.51945
V124	0.71833	0.21833	0	0.06334
V125	0.45353	0.3299	0.19039	0.02618
V126	0.03884	0.09512	0.04884	0.8172
V127	0.16758	0.01912	0.25441	0.55889
V128	0.03028	0.0023	0.10518	0.86224
V129	0.63593	0.16263	0.16685	0.03458
V130	0.00866	0.59907	0.38442	0.00786
V131	0.03308	0.86462	0	0.10231
V132	0.95162	0	0.02527	0.02311
V133	0.932	0.00378	0.04932	0.0149
V134	0.12442	0.30113	0.14156	0.43288
V135	0.07941	0.00508	0.1746	0.74091
V136	0.27583	0.31358	0.01055	0.40004
V137	0.67811	0.01219	0.23965	0.07005
V138	0.24526	0.31587	0.19621	0.24267
V139	0.3886	0.13449	0.20298	0.27393
V140	0.0301	0.05134	0.05115	0.86742
V141	0.06901	0.09337	0.56895	0.26867
V142	0.8047	0	0.19501	0.00029
V143	0.47574	0.18581	0.06931	0.26914
V144	0.175	0.09473	0.17026	0.56001
V145	0.00083	0.719	0.27206	0.00811
V146	0.05431	0.00337	0.02795	0.91437
V147	0.9343	0.0076	0.01764	0.04045
V148	0.13813	0.03299	0.59263	0.23625
V149	0.31637	0.43398	0.24273	0.00692
V150	0.09871	0.16895	0.6372	0.09514
V151	0.25282	0.55087	0.03696	0.15935
V152	0.27747	0.36034	0.24278	0.11941
V153	0.13475	0.69469	0.02076	0.14979
V154	0.29053	0.37222	0.29882	0.03843
V155	0.51701	0.08574	0.29037	0.10688
V156	0.03472	0.08082	0.73506	0.1494
V157	0.33227	0.09512	0.32376	0.24884
V158	0.01631	0	0.02334	0.96036
V159	0.91359	0.03642	0	0.04999
V160	0.69596	0	0.06233	0.24171
V161	0.21206	0.00079	0.02861	0.75854
V162	0.072	0.21953	0.08459	0.62388
V163	0.11622	0.40375	0.19121	0.28881
V164	0.38287	0.22547	0.11302	0.27864
V165	0.01138	0.19894	5e-04	0.78917
V166	0.01165	0.05871	0.06965	0.85999
V167	0.34765	0	0.00552	0.64683
V168	0.347	0.49242	0.08807	0.07251
V169	0.19181	0.0263	0.03624	0.74566
V170	0.11109	0.0046	0.52081	0.36351
V171	0.14812	0.17123	0.63209	0.04856
V172	0.73523	0	0.25816	0.00661
V173	0.0295	0.09624	0.03989	0.83437
V174	0.01925	0.10933	0.07643	0.79499
V175	0.068	0.00027	0.79077	0.14096
V176	0.00972	0.77962	0.20261	0.00805
V177	0.01272	0.96678	0	0.0205
V178	0.00931	0.71113	0.00462	0.27493
V179	0.16571	0.00048	0.37557	0.45824
V180	0.03655	0.87122	0.09223	0
V181	0.18058	0.07558	0.56221	0.18162
V182	0.33512	0.11607	0.48058	0.06823
V183	0.23284	0.75326	0.00607	0.00782
V184	0.9924	0	0.00726	0.00034
V185	0.64342	0.33766	0.01226	0.00666
V186	0.14183	0.39966	0.29778	0.16073
V187	0.96582	0.00054	0.02668	0.00696
V188	0.06294	0.17052	0	0.76653
V189	0.82558	0.00657	0.01641	0.15144
V190	0.68298	0.00076	0.30967	0.00659
V191	0.21175	0.14122	0.59936	0.04767
V192	0.35334	0.37898	0.05386	0.21382
V193	0.62494	0.01108	0.23302	0.13096
V194	0.04883	0.91391	0.00609	0.03117
V195	0.00883	0.00852	0.97301	0.00964
V196	0.0141	0.04259	0.0117	0.93161
V197	0.41889	0.0231	0.02423	0.53378
V198	0.07733	0.42615	0.42134	0.07518
V199	0.16784	0.00818	0.17171	0.65227
V200	0.15324	0.48153	0.0187	0.34653
V201	0.11862	0.47562	0.21772	0.18805
V202	0.0155	0.00401	0.78433	0.19615
V203	0.19636	0.34692	0.42913	0.0276
V204	0.00957	0.44968	0.00398	0.53677
V205	0.0171	0.02559	0.93854	0.01876
V206	0.05124	0.05196	0.88828	0.00851
V207	0.13973	0.12914	0.05414	0.67699
V208	0.27423	0.03088	0.67824	0.01665
V209	0.35502	0.38105	0.07466	0.18928
V210	0.11094	0.71663	0.10742	0.06501
V211	0.42099	0.0034	0.03233	0.54329
V212	0.53837	0.01455	0.42282	0.02426
V213	0.64922	0.01072	0.10876	0.23129
V214	0.35408	0.09972	0.16943	0.37677
V215	0.29854	0.05719	0.01756	0.62671
V216	0.0357	0	0.02217	0.94213
V217	0.05057	0.40841	0.26249	0.27853
V218	0.11456	0.36049	0.1878	0.33715
V219	0.13051	0.55966	0.01171	0.29813
V220	0.00943	0.78469	0.00455	0.20133
V221	0.81021	0	0.00396	0.18584
V222	0.34269	0.07955	0.37705	0.20071
V223	0.00652	0.08514	0.81552	0.09281
V224	0.97821	0	0.02146	0.00032
V225	0.07513	0.85083	0.06609	0.00795
V226	0.33557	0.04387	0.6042	0.01636
V227	0.80063	0	0.18489	0.01449
V228	0.8047	0.03408	0.06359	0.09763
V229	0.01695	0.00622	0.94792	0.02891
V230	0.01479	0.01115	0.02224	0.95182
V231	0.01759	0.20132	0.11637	0.66473
V232	0.05476	0.57629	0	0.36895
V233	0.59973	0.04671	0.19867	0.15489
V234	0.04882	0.89773	0.03394	0.01951
V235	0.4051	0.02781	0.53186	0.03522
V236	0.04748	0.0326	0.82899	0.09093
V237	0.15956	0.00127	0.03098	0.80818
V238	0.15823	0.4796	0.29914	0.06303
V239	0.07395	0.31656	0.01813	0.59136
V240	0.51515	0.01348	0.41847	0.0529
V241	0.01606	0.0017	0.90266	0.07957
V242	0.16586	0.7079	0.1081	0.01815
V243	0.25884	0.0161	0.63804	0.08701
V244	0.21608	0	0.68801	0.09591
V245	0.66464	0.21934	0.05087	0.06515
V246	0.06113	0.09638	0.81485	0.02765
V247	0.17878	0.00621	0.81402	0.00098
V248	0.02219	0.01471	0.04561	0.9175
V249	4e-04	0.01602	0.90308	0.08051
V250	0.78105	0	0.21242	0.00653
V251	0.96435	0.02265	0.00601	0.007
V252	0.01177	0.80665	0.18158	0
V253	0.37573	0.03452	0.16154	0.42822
V254	0.01188	0.92233	0.05714	0.00864
V255	0.06028	0.88542	0	0.0543
V256	0.19857	0.14586	0.55162	0.10395
V257	0.4482	0.05387	0.23591	0.26201
V258	0.20053	0.1913	0.45599	0.15218
V259	0.03724	0.22388	0.68873	0.05016
V260	0.00036	0.22408	0.7671	0.00846
V261	0.63561	0.01065	0.1931	0.16064
V262	0.0953	0.03039	0.0155	0.8588
V263	0.02389	0.94429	0	0.03182
V264	0.16999	0.01355	0.42835	0.38812
V265	0.02952	0	0.13264	0.83784
V266	0.71394	0.28017	0.0059	0
V267	0.00101	0.11609	0.28982	0.59308
V268	0.38651	0.00678	0.13799	0.46871
V269	0.00755	0.48262	0.44603	0.06381
V270	0.66416	0.00687	0.23956	0.08941
V271	0.82791	0.03448	0.03046	0.10715
V272	0.0696	0.7779	0.0125	0.14
V273	0.05284	0.00761	0.0365	0.90305
V274	0.70867	0	0.17639	0.11493
V275	0.00059	0.00987	0.97944	0.01009
V276	0.55941	0.25696	0.01017	0.17347
V277	0.03663	0.14022	0.16269	0.66046
V278	0.03499	0.02698	0.28826	0.64977
V279	0.71411	0.02708	0.1096	0.14921
V280	0.01631	0	0.02334	0.96036
V281	0.55485	0.01034	0.13629	0.29852
V282	0.05814	0.03303	0.83949	0.06934
V283	0.25214	0.49723	0.06732	0.18331
V284	0.035	0.88981	0.06695	0.00823
V285	0.07716	0.00363	0.918	0.00121
V286	0.2934	0.46434	0.12203	0.12023
V287	0.12625	0.83	0.01363	0.03011
V288	0.01648	0.20054	0.4585	0.32447
V289	0.31595	0.15085	0.44221	0.09099
V290	0.86602	0.12139	0.01251	8e-05
V291	0.51963	0.03393	0.43098	0.01546
V292	0.94244	0	0	0.05756
V293	0.3143	0.00243	0.6388	0.04447
V294	0.09709	0.28388	0	0.61903
V295	0.01744	0.11551	0.19379	0.67326
V296	0.19374	0.07096	0.63347	0.10183
V297	0.07261	0	0.06761	0.85977
V298	0.32759	0.05731	0.59874	0.01637
V299	0.07394	0.20237	0.01191	0.71178
V300	0.0022	0.0125	0.22718	0.75812
V301	0.12845	0.06284	0.6721	0.1366
V302	0.71672	0.26726	0	0.01602
V303	0.00075	0.52499	0.43334	0.04092
V304	0.05577	0.00752	0.75066	0.18605
V305	0.12922	0.10026	0.47871	0.29181
V306	0.84608	0.05546	0.04781	0.05065
V307	0.02337	0.94115	0.01553	0.01995
V308	0.24811	0.1557	0.31239	0.2838
V309	0.36297	0.23097	0.02442	0.38163
V310	0.08525	0.23026	0.1572	0.52729
V311	0.59158	0.39612	0.00541	0.00689
V312	0.12272	0.6823	0.16577	0.02921
V313	0.00505	0.07275	0.01791	0.90429
V314	0.0183	0.38485	0.12257	0.47428
V315	0.14382	0.54419	0.03679	0.2752
V316	0.33005	0.08015	0.39993	0.18987
V317	0.10791	0.62966	0.04779	0.21464
V318	0.04011	0.46729	0.01107	0.48152
V319	0.05998	0.02778	0.87406	0.03817
V320	0.08235	0.08736	0.68112	0.14917
V321	0.70342	0.29066	0.00592	0
V322	0.20988	0.23643	0.07324	0.48045
V323	0.05132	0.00605	0.08557	0.85706
V324	0.7216	0.18493	0.06903	0.02444
V325	0.36946	0.56513	0.05845	0.00695
V326	0.00073	0.47119	0.10112	0.42696
V327	0.01909	0.0934	0.10441	0.7831
V328	0.04534	0.00751	0.74975	0.1974
V329	0.17264	0.06318	0.16756	0.59662
V330	0.39087	0	0.32722	0.2819
V331	0.34476	0.04775	0.04108	0.56641
V332	0.00996	0.02327	0.18057	0.7862
V333	0.44581	0.03624	0.39086	0.1271
V334	0.35609	0	0.34813	0.29579
V335	0.02679	0.25493	0.56177	0.1565
V336	0.21545	0.62974	0.02031	0.13451
V337	0.3239	0.3207	0.3175	0.0379
V338	0.00238	0.98099	0.00733	0.00931
V339	0.13126	0.00169	0.85855	0.00851
V340	0.05952	0.15416	0.56029	0.22603
V341	0.02142	0.01389	0.06182	0.90287
V342	0.25098	0	0.60201	0.147
V343	0.98184	0.00472	0.00611	0.00734
V344	0.71905	0.10078	0.18013	4e-05
V345	0.00984	0.01097	0.97765	0.00153
V346	0.23681	0.06284	0.287	0.41335
V347	0.04002	0.00198	0.12178	0.83621
V348	0.06683	0.58036	0.16276	0.19005
V349	0.37279	0.10399	0.40132	0.12189
V350	0.03461	0.76243	0.20297	0
V351	0.01682	0.01066	0.38867	0.58385
V352	0.04692	0.0048	0.85892	0.08936
V353	0.89541	0.00661	0.03071	0.06727
V354	0.05575	0.63328	0.25842	0.05255
V355	0.28612	0.03741	0.46707	0.2094
V356	0.03024	0.00653	0.09685	0.86638
V357	0.12325	0.24562	0.30018	0.33095
V358	0.55524	0.05919	0.04779	0.33778
V359	0.5733	0.02743	0.03003	0.36925
V360	0.61762	0.34674	0.01949	0.01615
V361	0.00044	0.38019	0.61119	0.00819
V362	0.00242	0.97207	0.01642	0.00909
V363	0.17733	0.06584	0.48201	0.27482
V364	0.16363	0.02835	0.69711	0.11091
V365	0.25727	0.01003	0.01234	0.72035
V366	0.09457	0.60988	0.09256	0.20299
V367	0.58607	0.08823	0.00339	0.3223
V368	0.10903	0.67163	0.09314	0.1262
V369	0.01778	0.33025	0.644	0.00797
V370	0.32916	0.20095	0.43295	0.03695
V371	0.22864	0.65493	0.02976	0.08667
V372	0.15741	0.02518	0.11634	0.70108
V373	0.08134	0.08281	0.487	0.34886
V374	0.79323	0.00087	0.20562	0.00028
V375	0.03797	0.0169	0.14029	0.80484
V376	0.02966	0.01282	0.09607	0.86145
V377	0.77567	0	0.00996	0.21437
V378	0.00787	0.01081	0.39886	0.58247
V379	0.34478	0.13362	0.00975	0.51186
V380	0.14632	0.03777	0.19586	0.62005
V381	0.73553	0.00247	0.089	0.173
V382	0.0862	0.01087	0.89429	0.00864
V383	0.8319	0	0.04598	0.12213
V384	0.56775	0.04031	0.13061	0.26133
V385	0.86703	0.00276	0.0721	0.05811
V386	0.29044	0.00304	0.13871	0.56781
V387	0.6214	0.09138	0.19277	0.09445
V388	0.41416	0.24513	0.15683	0.18387
V389	0.47643	0.43183	0.01128	0.08046
V390	0.32643	0.18622	0.48039	0.00697
V391	0.41825	0.06169	0.01585	0.5042
V392	0.45246	0.15065	0.17224	0.22465
V393	0.30242	0.15772	0.3676	0.17225
V394	0.09426	0.15484	0.11428	0.63663
V395	0.24537	0.30523	0.2193	0.23011
V396	0.01194	0.94998	0.00634	0.03174
V397	0.80909	0.04827	0.10128	0.04136
V398	0.45947	0.08251	0.09634	0.36168
V399	0.22736	0.46903	0.1692	0.13441
V400	9e-04	0.49239	0.06842	0.43829
V401	0.03575	0.09905	0.77217	0.09303
V402	0.83738	0.12704	0.03554	3e-05
V403	0.02135	0.0077	0.071	0.89994
V404	0.09709	0.13112	0.65488	0.11691
V405	0.21212	0.01311	0.16141	0.61336
V406	0.68616	0.18151	0.0172	0.11513
V407	0.00238	0.98099	0.00733	0.00931
V408	0.09713	0.17029	0.42104	0.31154
V409	0.00732	0.00497	0.02351	0.9642
V410	0.11337	0.82415	0.03242	0.03007
V411	0.42581	5e-05	0	0.57414
V412	0.16191	0.03786	0.50681	0.29342
V413	0.06319	0.39476	0.2009	0.34115
V414	0.03783	0.42364	0.37618	0.16236
V415	0.44458	0.01118	0.22691	0.31733
V416	0.00928	0.04557	0.94398	0.00116
V417	0.44879	0.53848	0.00563	0.0071
V418	0.0705	0.05983	0.13836	0.73131
V419	0.01588	0	0.03113	0.95299
V420	0.00104	0.85775	0.0133	0.12792
V421	0.16109	0.01586	0.69136	0.13169
V422	0.04432	0.03408	0.01076	0.91084
V423	0.08391	0.00501	0.88338	0.0277
V424	0.00058	0.02317	0.62088	0.35537
V425	0.06021	0.16831	0.64075	0.13072
V426	0.09347	0.01845	0.80943	0.07865
V427	0.07513	0.30589	0.20732	0.41165
V428	0.10987	0.71581	0.06049	0.11384
V429	0.01511	0	0.03986	0.94503
V430	0.7879	0.11448	0.01688	0.08074
V431	0.18064	0.00838	0.44757	0.36342
V432	0.10438	0.05437	0.04748	0.79377
V433	0.06786	0.65996	0	0.27218
V434	0.33162	0.04165	0.0507	0.57603
V435	0.49992	0.00242	0.11777	0.37989
V436	0.36871	0.00287	0.1117	0.51671
V437	0.23405	0.16192	0.00335	0.60068
V438	0.63345	0.10373	0.0311	0.23172
V439	0.03203	0.06157	0.00952	0.89688
V440	0.4754	0.01687	0.03107	0.47666
V441	0.06862	0.07863	0.62028	0.23248
V442	0.34761	0.25818	0.14742	0.24678
V443	0.74042	0	0.08815	0.17143
V444	0.00984	0.01097	0.97765	0.00153
V445	0.62847	0.00411	0.33431	0.03311
V446	0.04323	0.79052	0.06257	0.10367
V447	0.65379	0.05332	0.17989	0.11299
V448	0.0186	0.03451	0.18945	0.75744
V449	0.57697	0.01713	0.2941	0.1118
V450	0.18319	0.801	0.01581	0
V451	0.94867	0.02759	0	0.02374
V452	0.03229	0.00303	0.07029	0.89439
V453	0.83513	0.04047	0.06451	0.05989
V454	0.00154	0.92218	0.05637	0.01991
V455	0.61646	0.01221	0.3005	0.07082
V456	0.34263	0.07179	0.39685	0.18874
V457	0.00731	0.01245	0.01563	0.96461
V458	0.2717	0.16038	0.00328	0.56464
V459	0.01934	0.745	0.10753	0.12813
V460	0.9589	0	0.02596	0.01514
V461	0.055	0.01479	0.01154	0.91868
V462	0.3577	0.17594	0	0.46636
V463	0.29015	0.38867	0.17702	0.14417
V464	0.50679	0.06121	0.00339	0.4286
V465	0.45034	0.34091	0.02599	0.18276
V466	0.60573	0.12928	0.00318	0.26181
V467	0.37243	0.49021	0.08826	0.0491
V468	0.55957	0.31994	0.05274	0.06775
V469	0.01682	0.11471	0.29218	0.57629
V470	0.57284	0.07573	0.18289	0.16853
V471	0.26463	0.06439	0.03375	0.63723
V472	0.34287	0.24958	0	0.40755
V473	0.1183	0.46983	0.38339	0.02848
V474	0.11104	0	0.10039	0.78857
V475	0.20153	0.30958	0.08503	0.40387
V476	0.15771	0.00509	0.05598	0.78122
V477	0.60744	0.01646	0.20368	0.17243
V478	0.15331	0.50025	0.00388	0.34256
V479	0.01591	0.04738	0.8341	0.10261
V480	0.08549	0.22712	0.04475	0.64263
V481	0.1547	0.00488	0.82287	0.01754
V482	0.73506	0.10767	0.11475	0.04252
V483	0.1251	0.06596	0.07333	0.73561
V484	0.02178	0.03989	0.02625	0.91208
V485	0.14572	0.66819	0.01194	0.17415
V486	0.28608	0.19028	0.13358	0.39006
V487	0.07109	0.02248	0.085	0.82143
V488	0.00043	0.0021	0.8756	0.12187
V489	0.22906	0.06009	0.69394	0.01691
V490	0.36836	0.23301	0.07158	0.32705
V491	0.50239	0.38248	0.03519	0.07994
V492	0.03294	0.80084	0.15829	0.00793
V493	0.01798	0.00067	0.00951	0.97184
V494	0.2085	0.10043	0.54326	0.14781
V495	0.27027	0.54334	0.15849	0.02789
V496	0.33004	0.609	0	0.06097
V497	0.00898	0.00425	0.97696	0.00981
V498	0.31137	0.06302	0.0503	0.57531
V499	0.66531	0.19963	0.12861	0.00645
V500	0.10771	0.07587	0.76835	0.04806
V501	0.00722	2e-05	0.04124	0.95152
V502	0.59861	0.20615	0.16002	0.03521
V503	0.19793	0.05543	0.19722	0.54942
V504	0.28143	0.62149	0.01202	0.08507
V505	0.20835	0.14636	0.26476	0.38053
V506	0.09727	0.18188	0.48177	0.23908
V507	0.63121	0.05973	0.12226	0.18679
V508	0.79189	0.11508	0.0409	0.05213
V509	0.23512	0.03167	0.51155	0.22166
V510	0.26606	0.43732	0.28955	0.00706
V511	0.05018	0.32927	0.04591	0.57464
V512	0.2366	0.02428	0.07856	0.66057
V513	0.09485	0.57226	0.24394	0.08896
V514	0.01482	0.03732	0.00601	0.94185
V515	0.78206	0.03376	0.04644	0.13773
V516	0.93517	0.05776	0	0.00707
V517	0.03616	0.01008	0.2449	0.70887
V518	0.97463	0.01793	0	0.00744
V519	0.03181	0.82372	0.00472	0.13975
V520	0.0247	0	0.60621	0.36909
V521	0.58437	0.01975	0.36226	0.03362
V522	0.00642	0.07857	0.59165	0.32337
V523	0.36687	0.0782	0.26393	0.291
V524	0.00869	0.72451	0.22501	0.04179
V525	0.2603	0.14196	0.02444	0.57329
V526	0.65518	0.04536	0.0736	0.22586
V527	0.204	0.00818	0.39093	0.39689
V528	0.12444	0.81056	0	0.06501
V529	0.05743	0.03332	0.21754	0.69171
V530	0.00643	0.14422	0.72114	0.12821
V531	0.02359	0.83958	0.13684	0
V532	0.1825	0.24415	0.02532	0.54802
V533	0.30872	0.26909	0.14845	0.27374
V534	0.00674	0.00352	0.70874	0.281
V535	0.53037	0	0.00993	0.45971
V536	0.18757	0	0.36009	0.45234
V537	0.63801	0.18845	0.15805	0.01548
V538	0.45156	0.02787	0.08419	0.43639
V539	0.30171	0.34576	0.17406	0.17847
V540	0.24287	0.62536	0.08066	0.05111
V541	0.01888	0.41613	0.06733	0.49766
V542	0.20048	0.07848	0.25558	0.46547
V543	0.87793	0	0.01033	0.11173
V544	0.10237	0.05095	0.16765	0.67903
V545	0.36867	0.09113	0.0688	0.4714
V546	0.06144	0.85292	0.07766	0.00798
V547	0.04221	0.57458	0.36494	0.01827
V548	0.19376	0.70304	0.09583	0.00737
V549	0.34118	0.01189	0.63061	0.01632
V550	0.57327	0.01236	0	0.41437
V551	0.21751	0.6683	0.03886	0.07532
V552	0.00172	0.43714	0.00398	0.55716
V553	0.24673	0.09707	0.62963	0.02657
V554	0.05267	0.05213	0.02317	0.87203
V555	0.09665	0.15872	0.3481	0.39654
V556	0.00034	0.01219	0.94811	0.03935
V557	0.81741	0.01117	0.00968	0.16174
V558	0.08276	0.72252	0.02986	0.16486
V559	0.01155	0.76158	0.22688	0
V560	0.74105	0.2519	0	0.00705
V561	0.00059	0.00987	0.97944	0.01009
V562	0.78127	0	0.11441	0.10432
V563	0.2545	0.00095	0.73674	0.0078
V564	0.06186	0.04435	0.87573	0.01806
V565	0.13346	0.19004	0.40054	0.27596
V566	0.70659	0.06053	0.00346	0.22942
V567	0.24086	0.35845	0.02572	0.37496
V568	0.23219	1e-05	0.05344	0.71436
V569	0.66848	0.01174	0	0.31979
V570	0.02662	0.22174	0.66695	0.0847
V571	0.84721	0.08331	0	0.06948
V572	0.44985	0	0.43763	0.11251
V573	0.06306	0.12068	0.00649	0.80977
V574	0.04497	0.73404	0.20237	0.01862
V575	0.01932	0.04836	0.12245	0.80987
V576	0.1942	0.74604	0.04146	0.0183
V577	0.03651	0.02147	0.20706	0.73496
V578	0.05644	0.03494	0.69357	0.21505
V579	0.0099	0.84792	0.1116	0.03058
V580	0.14487	0.00049	0.1077	0.74694
V581	0.06439	0.04673	0.00362	0.88525
V582	0.59923	0.09594	0.03078	0.27404
V583	0.00701	0.02266	0.59158	0.37875
V584	0.5537	0.10318	0.29912	0.044
V585	0.00788	0.00175	0.43747	0.5529
V586	0.24227	0.00207	0.64907	0.10659
V587	0.27738	0.00341	0.68363	0.03559
V588	0.62417	0.02138	0.02243	0.33203
V589	0.07008	0.76664	0.07283	0.09045
V590	0.05918	0.70831	0.22479	0.00771
V591	0.00238	0.01799	0.19913	0.7805
V592	0.16835	0.01801	0.81268	0.00096
V593	0.57359	0	0.17876	0.24764
V594	0.37099	0.21663	0.3544	0.05798
V595	0.02458	0.00998	0.02136	0.94408
V596	0.03551	0.20441	0.23378	0.52629
V597	0.00036	0.50072	0.38706	0.11186
V598	0.01667	0.0772	0.88778	0.01835
V599	0.68248	0.2487	0.03409	0.03474
V600	0.40719	0.38694	0.05379	0.15208
V601	0.16829	0.19937	0.08291	0.54944
V602	0.02488	0.01116	0.01322	0.95073
V603	0.00944	0.2881	0.01248	0.68998
V604	0.54505	0.07443	0.34607	0.03445
V605	0.07317	0.25002	0.4327	0.24411
V606	0.7546	0.10396	0.01012	0.13132
V607	0.64194	0.00245	0.10768	0.24793
V608	0.23093	0.1049	0.39792	0.26626
V609	0.02632	0.16763	0.24197	0.56409
V610	0.76928	0.00584	0.08962	0.13526
V611	0.27621	0	0.05158	0.67221
V612	0.02538	0.05384	0.83992	0.08086
V613	0.03717	0.26566	0.64687	0.05029
V614	0.77269	0.0337	0.04651	0.1471
V615	0.12834	0.02976	0.00735	0.83455
V616	0.09514	0.6294	0.04768	0.22779
V617	0.507	0.1124	0.38037	0.00023
V618	0.70737	0	0	0.29263
V619	0.38785	0.01166	0.31276	0.28772
V620	0.00866	0.59907	0.38442	0.00786
V621	0.44342	0.09982	0.17774	0.27901
V622	0.3894	0.1626	0.41173	0.03627
V623	0.01911	0.0422	0.14022	0.79848
V624	0.83087	0.14515	0	0.02398
V625	0.30534	0.40664	0.10802	0.18
V626	0.97421	0.0102	0	0.01559
V627	0.00533	0.00937	0.07362	0.91168
V628	0.00307	0.16625	0.01395	0.81673
V629	0.13434	0.21607	0.29728	0.35231
V630	0.03704	0.26363	0.63765	0.06168
V631	0.01871	0.13354	0.10563	0.74212
V632	0.56956	0	0.13249	0.29795
V633	0.00031	0.01378	0.8414	0.14452
V634	0.43976	0.19946	0.35394	0.00684
V635	0.03075	0.68961	0.00456	0.27509
V636	0.12855	0.06261	0.66108	0.14776
V637	0.31625	0.13353	0.09048	0.45974
V638	0.3991	0.1868	0.07001	0.34409
V639	0.30889	0.35246	0.33864	0
V640	0.03619	0.10258	0.80111	0.06011
V641	0.90033	0.01719	0.02385	0.05862
V642	0.79743	0.12255	0	0.08002
V643	0.00685	0.12509	0.46815	0.39991
V644	0.93229	0.04731	0.00509	0.0153
V645	0.30019	0.33019	0.34265	0.02697
V646	0.01303	0.97078	0.00707	0.00912
V647	0.15398	0.05131	0.72617	0.06855
V648	0.46635	0.34821	0.14834	0.0371
V649	0.0255	0.03431	0.87002	0.07016
V650	0.058	0.0533	0.80833	0.08036
V651	0.32327	0.00046	0.66866	0.00761
V652	0.09136	0.05124	0.44187	0.41552
V653	0.14672	0.58736	0.11519	0.15074
V654	0.73897	0.13979	0.05811	0.06313
V655	0.03971	0.48134	0.01902	0.45993
V656	0.21354	0.19708	0.00989	0.57949
V657	0.02316	0.04142	0.01107	0.92435
V658	0.63586	0.14698	0.05799	0.15917
V659	0.33667	0.04872	0.37115	0.24347
V660	0.03592	0.93261	0	0.03147
V661	0.06272	0.32934	0.05549	0.55245
V662	0.41987	0.0038	0.46257	0.11376
V663	0.25109	0.03951	0.57754	0.13186
V664	0.21346	0.03578	0.69367	0.05709
V665	0.72654	0.1303	0.0399	0.10326
V666	0.56453	0	0.09823	0.33724
V667	0.79292	0.04149	0.16545	0.00013
V668	0.15436	0.74605	0.09959	0
V669	0.26051	0.33017	0.27808	0.13124
V670	0.10203	0.86716	0	0.03081
V671	0.39822	0.21283	0.27546	0.11349
V672	0.01676	0.01073	0.93362	0.0389
V673	0.25763	0.28746	0.25076	0.20414
V674	0.7457	0.09597	0.01649	0.14185
V675	0.14867	0.24761	0.34895	0.25478
V676	0.02803	0.06953	0.10467	0.79777
V677	0.42877	0.31654	0.10457	0.15013
V678	0.58208	0.39859	0.01257	0.00676
V679	0.05147	0.24808	0.68246	0.01799
V680	0.35828	0.46106	0.15364	0.02702
V681	0.9198	0.03672	0.01135	0.03213
V682	0.12395	0.23004	0.59678	0.04924
V683	0.01496	0.96763	0.01741	0
V684	0.73513	0.10663	0.09591	0.06233
V685	0.54603	0.26438	0.1333	0.05629
V686	0.09386	0.12128	0.15024	0.63462
V687	0.02473	0.00414	0.0223	0.94883
V688	0.42309	0.41828	0	0.15863
V689	0.24217	0	0.04431	0.71352
V690	0.4839	0.01963	0.42319	0.07328
V691	0.16537	0.00158	0.82473	0.00832
V692	0.08351	0.09067	0.74462	0.08119
V693	0.23871	0.06375	0.37779	0.31975
V694	0.00843	0.01084	0.28502	0.69571
V695	0.23071	0	0.14984	0.61945
V696	0.074	0.05169	0.01508	0.85923
V697	0.01472	0.02985	0.01287	0.94256
V698	0.81312	0	0.01019	0.17669
V699	0.61306	0.20979	0.06939	0.10776
V700	0.22469	0.01052	0.00631	0.75848
V701	0.12833	0.43442	0.12307	0.31418
V702	0.54159	0.04612	0.00941	0.40289
V703	0.13493	0.02599	0.4906	0.34848
V704	0.83002	0.02172	0.02332	0.12494
V705	0.9576	0	0.01109	0.03132
V706	0.08147	0.02372	0.79392	0.1009
V707	0.03783	0.35563	0.55572	0.05082
V708	0.04465	0.82999	0.02231	0.10304
V709	0.14846	0.19587	0.56126	0.09441
V710	0.63516	0.14644	0.04896	0.16944
V711	0.11253	0.73815	0.10794	0.04139
V712	0.82383	0.02823	0.00386	0.14408
V713	0.46517	0.22021	0.03266	0.28196
V714	0.00888	0.58307	0.01991	0.38814
V715	0.33419	0.25639	0.32769	0.08173
V716	0.03205	0.02007	0.04522	0.90265
V717	0.10283	0.87743	0	0.01974
V718	0.17288	0.47351	0.20472	0.1489
V719	0.06728	0.62793	0.03807	0.26672
V720	0.69931	0	0.2235	0.0772
V721	0.13006	0.10684	0.49341	0.26969
V722	0.09758	0.25559	0.0101	0.63673
V723	0.10596	0.05057	0.00683	0.83664
V724	0.57198	0.01067	0.08146	0.33589
V725	0.00037	0.05897	0.90156	0.0391
V726	0.03682	0.28891	0.12979	0.54449
V727	0.32027	0.5696	0.10321	0.00692
V728	0.03367	0.8456	0.11269	0.00804
V729	0.39759	0.00249	0.15627	0.44366
V730	0.91604	0.01227	0.03996	0.03173
V731	0.02589	0.13226	0.41222	0.42963
V732	0.35974	0.04291	0.35653	0.24082
V733	0.67283	0.12835	0.03154	0.16727
V734	0.26752	0.23584	0.48958	0.00706
V735	0.01635	0.0107	0.47536	0.49759
V736	0.13848	0.0025	0.00913	0.84989
V737	0.35881	0.21313	0.2547	0.17336
V738	0.08719	0.25218	0.49227	0.16837
V739	0.00073	0.00318	0.59566	0.40044
V740	0.86735	0.05123	0.06665	0.01477
V741	0.49154	0.05934	0.12435	0.32477
V742	0.46994	0.51628	0.01378	0
V743	0.14548	0.0927	0.73462	0.0272
V744	0.53137	0.01771	0.32808	0.12283
V745	0.01826	0.61659	0.21192	0.15323
V746	0.9924	0	0	0.0076
V747	0.05519	0	0.70679	0.23802
V748	0.12805	0.06092	0.60551	0.20552
V749	0.28538	0.11717	0.05133	0.54611
V750	0.46527	0.3683	0.0179	0.14852
V751	0.05841	0.82146	0.04164	0.07849
V752	0.4907	0.15836	0.13968	0.21126
V753	0.01736	0.00659	0.00861	0.96745
V754	0.01058	0.89908	0	0.09034
V755	0.1553	0.1312	0.35697	0.35653
V756	0.02311	0.00359	0.04607	0.92722
V757	0.39674	0.49741	0.06749	0.03836
V758	0.05587	0.69997	0.14176	0.1024
V759	0.12382	0.0315	0.40089	0.4438
V760	0.29247	0.0295	0.27736	0.40067
V761	0.07823	0.49364	0.31535	0.11277
V762	0.0023	0.2981	0.01251	0.68708
V763	0.41772	0.27065	0.02496	0.28666
V764	0.0101	0.89385	0.00536	0.09069
V765	0.66636	0.05344	0	0.2802
V766	0.01625	0.2411	0.47621	0.26643
V767	0.50309	0.07697	0.24847	0.17147
V768	0.07412	0.87175	0.02362	0.03051
V769	0.18037	0.7693	0.03188	0.01845
V770	0.01303	0.97078	0.00707	0.00912
V771	0.17654	0.00479	0.80127	0.01739
V772	0.14484	0.02229	0.82473	0.00814
V773	0.20656	0.76905	0.00582	0.01857
V774	0.01677	0.00246	0.94197	0.0388
V775	0.11096	0.02006	0.27558	0.5934
V776	0.47925	0.33191	0.05252	0.13632
V777	0.17249	0.07119	0.13716	0.61916
V778	0.577	0.20146	0.06918	0.15236
V779	0.17149	0.02007	0.49704	0.31139
V780	0.13915	0.70539	0.15546	0
V781	0.04389	0.01378	0.02728	0.91505
V782	0.00665	0.07792	0.83381	0.08162
V783	0.78505	0.00584	0.04555	0.16356
V784	0.14194	0.83544	0.01452	0.00811
V785	0.04847	0.90638	0.01435	0.0308
V786	0.75525	0.10697	0.08551	0.05226
V787	0.00095	0.79844	0.19246	0.00815
V788	0.55668	0.22541	0.16182	0.0561
V789	0.07341	0.27653	0.02654	0.62352
V790	0.44178	0.01159	0.07466	0.47197
V791	0.15053	0.29215	0.36327	0.19405
V792	0.15186	0.44109	0.00401	0.40304
V793	0.14478	0.56699	0.03707	0.25116
V794	0.04762	0.04674	0.81431	0.09133
V795	0.10376	0.02256	0.05745	0.81623
V796	0.02658	0.0511	0.89415	0.02818
V797	0.76349	0	0.2219	0.01461
V798	0.67112	0.22443	0.07966	0.02479
V799	0.164	0.70561	0.03017	0.10022
V800	0.06602	0.00997	0.51192	0.41209
V801	0.13784	0.07225	0.333	0.45691
V802	0.03503	0.04576	0.27106	0.64815
V803	0.26505	0.43689	0.29806	0
V804	0.5354	0.00352	0.37969	0.08139
V805	0.01061	0.00537	0.98239	0.00163
V806	0.05995	0.87209	0.01342	0.05454
V807	0.25608	0.10139	0.03377	0.60876
V808	0.71181	0.20224	0.04213	0.04382
V809	0.04286	0.02242	0.93356	0.00116
V810	0.01395	0.9766	0	0.00945
V811	0.42997	0.04111	0.20216	0.32676
V812	0.58568	0.19177	0.04983	0.17272
V813	0.6347	0.13588	0.19495	0.03448
V814	0.50072	0.44543	0.04714	0.00671
V815	0.00152	0.8983	0.09156	0.00862
V816	0.9384	0	0.06133	0.00027
V817	0.02704	0.04585	0.90884	0.01827
V818	0.00533	0.02865	0.038	0.92802
V819	0.85341	0.04847	0.04766	0.05046
V820	0.12702	0.06197	0.02021	0.7908
V821	0.24158	0.24033	0.42389	0.0942
V822	0.07277	0.00971	0.88963	0.02789
V823	0.02603	0.13378	0.72289	0.1173
V824	0.10421	0.30834	0.58719	0.00026
V825	0.23963	0.2148	0.27031	0.27525
V826	0.48675	0.32898	0.16819	0.01608
V827	0.44204	0.50808	0.01201	0.03787
V828	0.22374	0.10883	0.11175	0.55568
V829	0.03851	0.17811	0.03721	0.74617
V830	0.22501	0.16138	0.02461	0.589
V831	0.78808	0.05298	0.03042	0.12851
V832	0.3006	0.31297	0.18369	0.20274
V833	0.16975	0.41666	0.20287	0.21072
V834	0.28647	0.04152	0.07811	0.5939
V835	0.40803	0.3592	0.12793	0.10484
V836	0.00931	0.58901	0.00452	0.39716
V837	0.24444	0.29471	0.20617	0.25468
V838	0.94554	0.02146	0.02621	0.00679
V839	0.35813	0.52333	0.11168	0.00685
V840	0.35485	0.6385	0.00665	0
V841	0.00039	0.02264	0.90665	0.07032
V842	0.37234	0.11017	0.2687	0.2488
V843	0.01596	0.00885	0.8844	0.09079
V844	0.11426	0.05031	0.38434	0.45109
V845	0.07166	0.06754	0.78026	0.08054
V846	0.00024	0.00463	0.7574	0.23772
V847	0.00829	0.00069	0.01721	0.9738
V848	0.10371	0.41499	0.1918	0.2895
V849	0.00154	0.9372	0.00601	0.05525
V850	0.97314	0	0.01163	0.01523
V851	0.39048	0.44515	0.16437	0
V852	0.10195	0.02689	0.12666	0.74449
V853	0.26262	0.16042	0.42767	0.1493
V854	0.62295	0.11272	0.10605	0.15828
V855	0.00829	0.00069	0.01721	0.9738
V856	0.04772	0.27092	0.38665	0.29471
V857	0.70229	0.12122	0.03152	0.14496
V858	0.56922	0.00165	0.42236	0.00676
V859	0.69558	0.17246	0.01723	0.11473
V860	0.18487	0.07187	0.05361	0.68965
V861	0.10321	0.28442	0.59448	0.01789
V862	0.14143	0.05179	0.749	0.05778
V863	0.19335	0.03544	0.00081	0.77039
V864	0.06236	0.01796	0.05133	0.86835
V865	0.10897	0.00025	0.25953	0.63125
V866	0.73724	0.00384	0.24425	0.01468
V867	0.73929	0.00883	0.24536	0.00651
V868	0.55592	0.20443	0.14076	0.09889
V869	0.02474	0.95932	0.00703	0.00891
V870	0.10897	0.25572	0.0176	0.6177
V871	0.00154	0.9372	0.00601	0.05525
V872	0.00921	0.00612	0.24471	0.73996
V873	0.90036	0.01198	0.04732	0.04034
V874	0.24636	0.72061	0.03303	0
V875	0.01685	0.13079	0.20609	0.64627
V876	0.17752	0.25202	0.45198	0.11848
V877	0.04854	0.31098	0.32976	0.31072
V878	0.16711	0.75557	0.07732	0
V879	0.22904	0.61221	0.04779	0.11095
V880	0.35124	0.45889	0.00373	0.18614
V881	0.14895	0.02141	0.60762	0.22202
V882	0.79331	0	0.12193	0.08476
V883	0.30787	0.1465	0.54532	0.00031
V884	0.02046	0.20632	2e-05	0.7732
V885	0.75194	0.15829	0.08977	0
V886	0.01651	0.28558	0.51698	0.18093
V887	0.64532	0.03352	0.15807	0.16309
V888	0.10452	0.02354	0.76095	0.11098
V889	0.93349	0.0257	0.01771	0.02309
V890	0.03476	0.09567	0.64777	0.22181
V891	0.64288	0.02372	0.28163	0.05178
V892	0.28257	0.12571	0.00951	0.5822
V893	0.61755	0.15085	0.15693	0.07467
V894	0.07514	0.24124	0.63372	0.0499
V895	0.60522	0.03403	0.19716	0.16358
V896	0.04883	0.91391	0.00609	0.03117
V897	0.73224	0.19078	0.00383	0.07315
V898	0.4455	0	0.00436	0.55014
V899	0.02703	0.13147	0.14192	0.69958
V900	0.08503	0.21878	0.39262	0.30358
V901	0.04418	0.7741	0.00446	0.17726
V902	0.06167	0.87476	0.05545	0.00812
V903	0.00721	0.34381	0.58657	0.06241
V904	0.02534	0.96537	0	0.00929
V905	0.14185	0	0.16983	0.68832
V906	0.40067	0.05339	0.10627	0.43967
V907	0.48922	0.42219	0.01911	0.06948
V908	0.01224	0.02486	0.07066	0.89225
V909	0.16381	0.73686	0	0.09933
V910	0.15458	0	0.11416	0.73127
V911	0.56974	0.30757	0.03403	0.08866
V912	0.42528	0.24406	0.13519	0.19546
V913	0.10769	0	0.01089	0.88142
V914	0.21269	0.40794	0.32928	0.05009
V915	0.21252	0	0.00711	0.78037
V916	0.26301	0.02887	0.65214	0.05598
V917	0.718	0.0112	0.16289	0.10791
V918	0.0532	0.55137	0.26956	0.12587
V919	0.21106	0.16634	0.31366	0.30894
V920	0.64704	0.1398	0.09683	0.11634
V921	0.02965	0.11227	0.03026	0.82783
V922	0.1174	0.38258	0.43781	0.06221
V923	0.07412	0.00661	0.0434	0.87586
V924	0.04108	0.60007	0.31757	0.04128
V925	0.17188	0.01648	0.01335	0.79829
V926	0.19159	0.0104	0.02854	0.76946
V927	0.02142	0.02015	0.05389	0.90453
V928	0.05921	0.84526	0.00523	0.0903
V929	0.06642	0.55532	0.15045	0.2278
V930	0.55592	0.28885	0.03358	0.12165
V931	0.14884	0.20542	0.55115	0.0946
V932	0.03445	0.07086	0.62865	0.26603
V933	0.6574	0.31482	0.01172	0.01606
V934	0.00806	0.0984	0.27778	0.61576
V935	0.59213	0.10825	0.21446	0.08516
V936	0.55519	0.20034	0.01677	0.22769
V937	0.55496	0.08162	0.08547	0.27795
V938	0.37922	0.02304	0.30658	0.29116
V939	0.74847	0.00587	0.07166	0.174
V940	0.0311	0.73585	0.17933	0.05373
V941	0.00089	0.00503	0.98362	0.01047
V942	0.77382	0.13449	0.06768	0.024
V943	0.41593	0.08311	0.43456	0.06639
V944	0.01886	0.19345	0.06548	0.72222
V945	0.60638	0.27493	0.01041	0.10829
V946	0.49229	0.19359	0.26837	0.04576
V947	0.07896	0.02607	0.22736	0.6676
V948	0.35233	0.01139	0.61082	0.02546
V949	0.0018	0.06962	0.20254	0.72605
V950	0.06433	0.44324	0.23974	0.25268
V951	0.83742	0.00385	0.15226	0.00648
V952	0.06841	0.08129	0.26641	0.58389
V953	0.01647	0.03024	0.91455	0.03874
V954	0.03689	0.1228	0.14124	0.69908
V955	0.14142	0.50714	0.02728	0.32415
V956	0.03345	0.01014	0.51119	0.44523
V957	0.32014	0.00491	5e-05	0.67491
V958	0.01798	0.00067	0.00951	0.97184
V959	0.25139	0.19161	0.46399	0.093
V960	0.24397	0.19955	0.08205	0.47443
V961	0.15168	0.30275	0.38848	0.15709
V962	0.38727	0.11343	0.41007	0.08923
V963	0.6253	0.11478	0.16473	0.09518
V964	0.84898	0.01173	0.09886	0.04043
V965	0.06324	0.40655	0.21324	0.31698
V966	0.97448	0.00429	0.00584	0.01538
V967	0.05594	0.02118	0.52953	0.39335
V968	0.00023	0.10325	0.8146	0.08191
V969	0.00919	0.21459	0.0376	0.73862
V970	0.03426	0.07492	0.43529	0.45553
V971	0.52007	0.04882	0.33622	0.09489
V972	0.52903	0.13797	0.04899	0.28401
V973	0.29847	0.32866	0.08425	0.28862
V974	0.00808	0.72273	0.15449	0.11469
V975	0.11204	0.22691	0.65337	0.00767
V976	0.46533	0.17821	0.12124	0.23522
V977	0.35783	0.28106	0.35414	0.00698
V978	0.06127	0.05529	0.06722	0.81621
V979	0.81102	0.00392	0.17865	0.00641
V980	0.9924	0	0	0.0076
V981	0.34103	0.01302	0.43236	0.21359
V982	0.48921	0.315	0.08281	0.11298
V983	0.6959	0.03368	0.00348	0.26694
V984	0.02016	0.79235	0.13337	0.05412
V985	0.07384	0.13567	0.00587	0.78462
V986	0.37107	0.43262	0.0546	0.14171
V987	0.2946	0.67677	0	0.02863
V988	0.202	0.00545	0.01296	0.77959
V989	0.50334	0.38571	0.08473	0.02622
V990	0.00028	0.02586	0.808	0.16585
V991	0.69869	0.28521	0	0.0161
V992	0.20407	0.00101	0.51405	0.28087
V993	0.08227	0.65363	0.19943	0.06466
V994	0.23288	0.71749	0.03148	0.01815
V995	0.75184	0.06674	0.03078	0.15064
V996	0.26586	0.07952	0.01068	0.64393
V997	0.01564	0.00481	0.83645	0.1431
V998	0.87587	0.00283	0.06337	0.05793
V999	0.15586	0.83569	0	0.00845
V1000	0.30055	0.01003	2e-05	0.6894
