mature.neutrophil	CD14.pos.CD16.neg.classical.monocyte	macrophage	memory.CD4.pos.AB.T.cell	cytotoxic.CD56.dim.NK.cell
V1	0.24949	0.22932	0.2554	0.15694	0.10885
V2	0.05793	0.6904	0.11047	0.08795	0.05325
V3	0.04705	0.15536	0.3942	0.36056	0.04283
V4	0.01531	0.14074	0.26374	0.08008	0.50013
V5	0.0273	0.09681	0.09781	0.12566	0.65242
V6	0.2523	0.15514	0.26764	0.22823	0.09669
V7	0.00527	0.18419	0.41095	0.09441	0.30518
V8	0	0.21476	0.67678	0.09196	0.01649
V9	0.04758	0.11135	0.25716	0.53306	0.05085
V10	0.32442	0.1905	0.40327	0.05002	0.03179
V11	0.04158	0.12382	0.14126	0.09227	0.60107
V12	0.07051	0.12837	0.23475	0.29112	0.27526
V13	0.121	0.11968	0.06734	0.40506	0.28693
V14	0.13723	0.08018	0.0953	0.57591	0.11139
V15	0.03346	0.06466	0.02628	0.79647	0.07914
V16	0.44274	0.14826	0.04091	0.32415	0.04394
V17	0.07318	0.29551	0.05794	0.08761	0.48577
V18	0.06917	0.41815	0.27019	0.20803	0.03446
V19	0.04275	0.09265	0.03475	0.14318	0.68668
V20	0	0.18313	0.58732	0.20055	0.029
V21	0.02532	0.31217	0.16978	0.17426	0.31846
V22	0.61437	0.1816	0.09187	0.06966	0.0425
V23	0.08387	0.10482	0.05713	0.15923	0.59494
V24	0.38501	0.20073	0.05335	0.09312	0.2678
V25	0.03476	0.09443	0.04546	0.4177	0.40765
V26	0.38242	0.26715	0.09423	0.0886	0.16759
V27	0.10465	0.49106	0.2196	0.0461	0.13859
V28	0.02877	0.15234	0.21233	0.53758	0.06898
V29	0.00545	0.11454	0.31537	0.51044	0.0542
V30	0.5682	0.19209	0.05766	0.08717	0.09488
V31	0.34837	0.20502	0.04468	0.24754	0.15438
V32	0.70402	0.11385	0.03581	0.08389	0.06243
V33	0.03487	0.25144	0.05659	0.13958	0.51752
V34	0.11665	0.73766	0.06773	0.05154	0.02643
V35	0.07872	0.55749	0.28012	0.0631	0.02057
V36	0.03059	0.25668	0.20391	0.11282	0.39601
V37	0.59877	0.10922	0.02693	0.08123	0.18385
V38	0.08707	0.18024	0.42616	0.19312	0.11341
V39	0.24864	0.18052	0.32043	0.05778	0.19263
V40	0.19593	0.55302	0.06722	0.13347	0.05036
V41	0.05679	0.74716	0.07609	0.04403	0.07592
V42	0.65637	0.14271	0.04891	0.08214	0.06987
V43	0.34142	0.24001	0.32046	0.07256	0.02555
V44	0.02118	0.36033	0.49654	0.04037	0.08158
V45	0.04105	0.60017	0.14514	0.15754	0.0561
V46	0.10574	0.6681	0.12404	0.06714	0.03499
V47	0	0.21936	0.72147	0.04061	0.01856
V48	0.13311	0.2144	0.22985	0.30485	0.11779
V49	0.3404	0.2351	0.22828	0.16302	0.03319
V50	0.0037	0.23268	0.70922	0.04038	0.01403
V51	0.09031	0.32706	0.22616	0.09096	0.26551
V52	0.06257	0.7877	0.07235	0.05069	0.02669
V53	0.03674	0.18707	0.04015	0.6718	0.06425
V54	0.18974	0.07257	0.03843	0.51884	0.18041
V55	0.07528	0.05217	0.02446	0.77605	0.07204
V56	0.07372	0.0493	0.03153	0.70341	0.14204
V57	0.10787	0.25981	0.48352	0.06166	0.08714
V58	0.0697	0.10101	0.16842	0.21827	0.4426
V59	0.63269	0.14218	0.1096	0.08201	0.03352
V60	0.33085	0.2675	0.14861	0.15358	0.09945
V61	0.18091	0.09723	0.05914	0.24522	0.41749
V62	0.05055	0.15745	0.30954	0.15036	0.33209
V63	0.32665	0.30712	0.09797	0.08105	0.18721
V64	0.70047	0.12873	0.05054	0.08234	0.03793
V65	0.08264	0.13215	0.06731	0.56652	0.15139
V66	0.03058	0.08129	0.15012	0.67061	0.0674
V67	0.00875	0.15551	0.34572	0.11688	0.37315
V68	0.3269	0.16692	0.35569	0.08134	0.06915
V69	0.43443	0.22151	0.20755	0.074	0.0625
V70	0.064	0.62453	0.0976	0.1724	0.04148
V71	0.09168	0.68067	0.10132	0.09454	0.0318
V72	0.04915	0.41941	0.07345	0.06884	0.38915
V73	0.05798	0.08444	0.12502	0.53126	0.20132
V74	0.02483	0.0996	0.03557	0.72215	0.11785
V75	0.33903	0.27578	0.29383	0.06136	0.03
V76	0.02276	0.05329	0.04234	0.77319	0.10843
V77	0.00274	0.21608	0.69719	0.06876	0.01523
V78	0	0.22252	0.71294	0.04583	0.01871
V79	0.07985	0.41104	0.08589	0.16143	0.2618
V80	0.11939	0.65154	0.05976	0.08658	0.08274
V81	0	0.2223	0.72291	0.04078	0.01401
V82	0.19877	0.19867	0.06047	0.48406	0.05804
V83	0.09413	0.13211	0.05108	0.51308	0.2096
V84	0.09968	0.22788	0.04581	0.09433	0.5323
V85	0	0.21883	0.72068	0.04629	0.0142
V86	0.0218	0.29739	0.30077	0.33746	0.04258
V87	0.36125	0.09935	0.06761	0.4126	0.05919
V88	0.26151	0.22476	0.08624	0.21457	0.21291
V89	0.02212	0.2591	0.63583	0.06754	0.01541
V90	0.03064	0.24352	0.09948	0.13435	0.49201
V91	0.01821	0.06663	0.10115	0.74639	0.06762
V92	0.2214	0.13014	0.06246	0.10082	0.48519
V93	0.01571	0.15808	0.1829	0.46929	0.17402
V94	0.04867	0.2206	0.06022	0.26007	0.41045
V95	0.0707	0.27838	0.06425	0.13855	0.44811
V96	0.60965	0.12236	0.05353	0.09264	0.1218
V97	0.15439	0.12077	0.07981	0.15364	0.4914
V98	0.0505	0.39815	0.21269	0.14188	0.19678
V99	0.41006	0.19503	0.03653	0.2425	0.11588
V100	0.4233	0.23465	0.08365	0.10279	0.15562
V101	0.06943	0.77529	0.07907	0.05003	0.02618
V102	0.24986	0.29718	0.16293	0.13596	0.15407
V103	0.13345	0.0827	0.0399	0.10372	0.64023
V104	0.05197	0.4298	0.1323	0.06748	0.31845
V105	0.02885	0.10099	0.07969	0.13511	0.65536
V106	0.05119	0.66386	0.1968	0.04531	0.04284
V107	0.02974	0.31756	0.55802	0.07343	0.02125
V108	0.00444	0.30429	0.63793	0.03883	0.01451
V109	0.06319	0.26018	0.09443	0.2841	0.2981
V110	0.14321	0.47568	0.21268	0.13257	0.03585
V111	0.20218	0.31309	0.41789	0.0492	0.01765
V112	0.1547	0.08779	0.13007	0.4417	0.18574
V113	0.20922	0.11069	0.13508	0.18528	0.35972
V114	0.4437	0.16422	0.0782	0.20319	0.11069
V115	0.66915	0.10913	0.0339	0.08664	0.10117
V116	0.03473	0.08667	0.03667	0.11746	0.72447
V117	0.02592	0.20774	0.63737	0.09797	0.03101
V118	0.04984	0.0503	0.02495	0.78974	0.08517
V119	0.23315	0.16285	0.34821	0.2257	0.03009
V120	0	0.19975	0.64573	0.1174	0.03711
V121	0.17691	0.64083	0.0591	0.05429	0.06887
V122	0.03923	0.3955	0.12749	0.24036	0.19742
V123	0.38871	0.13972	0.10148	0.2153	0.15479
V124	0.18835	0.18498	0.09528	0.24155	0.28984
V125	0.03001	0.4529	0.45226	0.04312	0.02171
V126	0.12966	0.26488	0.23729	0.1396	0.22858
V127	0.185	0.18717	0.52189	0.08359	0.02234
V128	0.18466	0.6641	0.06877	0.04657	0.03591
V129	0.20715	0.16258	0.26766	0.1871	0.17551
V130	0.03772	0.48012	0.08987	0.23527	0.15702
V131	0.01744	0.10154	0.23373	0.59239	0.05491
V132	0.30476	0.097	0.02454	0.34861	0.22509
V133	0	0.20632	0.49827	0.10742	0.188
V134	0.04155	0.21377	0.62288	0.05902	0.06278
V135	0.00953	0.25427	0.59716	0.05921	0.07983
V136	0.71972	0.11618	0.03753	0.0868	0.03977
V137	0.67526	0.13428	0.03577	0.10223	0.05247
V138	0.21554	0.21725	0.1134	0.16751	0.28629
V139	0.10363	0.08688	0.17089	0.57744	0.06117
V140	0.0366	0.11086	0.19343	0.0883	0.57082
V141	0.00851	0.31347	0.54364	0.11055	0.02383
V142	0.16613	0.14362	0.32123	0.15299	0.21604
V143	0.01221	0.28996	0.44062	0.14742	0.10979
V144	0.39107	0.26972	0.10049	0.15522	0.0835
V145	0	0.22045	0.70466	0.0514	0.02349
V146	0.04444	0.35144	0.04974	0.31777	0.23661
V147	0.06093	0.22659	0.55631	0.11802	0.03815
V148	0.14483	0.67811	0.06955	0.0706	0.03691
V149	0.02483	0.04915	0.02614	0.79532	0.10457
V150	0.09998	0.30123	0.49804	0.04179	0.05897
V151	0.35489	0.09311	0.03786	0.39151	0.12262
V152	0.02321	0.07034	0.13361	0.66225	0.11059
V153	0.12451	0.28375	0.41335	0.08136	0.09704
V154	0.11354	0.55675	0.0773	0.07234	0.18008
V155	0.03869	0.08204	0.14955	0.66302	0.0667
V156	0.07676	0.17255	0.37818	0.16358	0.20893
V157	0.08423	0.1438	0.19201	0.28079	0.29918
V158	0.14709	0.16368	0.40939	0.08574	0.19409
V159	0.10655	0.2376	0.04871	0.52842	0.07872
V160	0.3635	0.23734	0.12432	0.09479	0.18005
V161	0.19902	0.12182	0.0969	0.08526	0.497
V162	0	0.22532	0.72001	0.04066	0.01401
V163	0.06797	0.08863	0.05057	0.12916	0.66367
V164	0.68569	0.15002	0.04479	0.08628	0.03323
V165	0.45863	0.26929	0.11354	0.10136	0.05718
V166	0.04832	0.10293	0.24255	0.50391	0.10229
V167	0.04628	0.58849	0.07265	0.15499	0.1376
V168	0	0.22532	0.72001	0.04066	0.01401
V169	0.05399	0.60592	0.20087	0.1044	0.03483
V170	0.20658	0.38551	0.09567	0.20535	0.10689
V171	0.22462	0.20396	0.33174	0.1821	0.05757
V172	0.16544	0.28369	0.11202	0.083	0.35586
V173	0.17925	0.17304	0.11704	0.37674	0.15393
V174	0.16266	0.14378	0.33454	0.20404	0.15499
V175	0.07535	0.2201	0.15446	0.20438	0.34571
V176	0.30479	0.0832	0.03085	0.52468	0.05649
V177	0.13429	0.19156	0.47387	0.17139	0.02889
V178	0.19891	0.19117	0.4029	0.13386	0.07315
V179	0.10644	0.09784	0.04118	0.10394	0.6506
V180	0.02467	0.1605	0.35353	0.06839	0.39291
V181	0.07492	0.31511	0.04204	0.11627	0.45167
V182	0.44081	0.26556	0.04116	0.19167	0.0608
V183	0.07775	0.77536	0.07116	0.04403	0.03172
V184	0.23685	0.13844	0.28022	0.29328	0.0512
V185	0.10055	0.46698	0.0718	0.16949	0.19119
V186	0.12881	0.23194	0.0658	0.26916	0.30429
V187	0.08227	0.60028	0.05694	0.22007	0.04044
V188	0.62431	0.13452	0.06072	0.14236	0.03809
V189	0.35765	0.27081	0.07044	0.25801	0.04309
V190	0.32172	0.1859	0.22676	0.0734	0.19222
V191	0.18983	0.24741	0.04049	0.39735	0.12491
V192	0.257	0.25207	0.15112	0.22134	0.11847
V193	0.04999	0.3043	0.46481	0.0737	0.1072
V194	0.23138	0.14871	0.11917	0.15311	0.34763
V195	0.41319	0.25729	0.23707	0.06511	0.02734
V196	0.02715	0.08877	0.09779	0.12679	0.65949
V197	0.07592	0.75295	0.06862	0.0701	0.03241
V198	0.20211	0.26865	0.0738	0.22472	0.23073
V199	0.55116	0.14771	0.21393	0.06257	0.02463
V200	0.59365	0.10945	0.05989	0.09296	0.14405
V201	0.04666	0.05401	0.04857	0.65887	0.19189
V202	0.68807	0.15378	0.03196	0.08755	0.03864
V203	0.422	0.29204	0.06453	0.10664	0.1148
V204	0.30038	0.16679	0.06983	0.07942	0.38359
V205	0.11008	0.13547	0.15161	0.13173	0.47111
V206	0.05199	0.13064	0.02834	0.69821	0.09082
V207	0.03346	0.06466	0.02628	0.79647	0.07914
V208	0.11514	0.30535	0.42615	0.07916	0.0742
V209	0.14869	0.12642	0.13278	0.10375	0.48836
V210	0	0.2177	0.71753	0.04607	0.01871
V211	0.13768	0.14705	0.22771	0.09297	0.3946
V212	0.063	0.66746	0.13278	0.07399	0.06276
V213	0.10186	0.08374	0.09466	0.28861	0.43113
V214	0.02251	0.51465	0.38004	0.04942	0.03337
V215	0.20905	0.28479	0.16574	0.12023	0.2202
V216	0.04987	0.17303	0.33507	0.09234	0.34969
V217	0.02176	0.04838	0.05024	0.75351	0.12611
V218	0.06126	0.25785	0.28538	0.30353	0.09198
V219	0.09735	0.32325	0.35829	0.18937	0.03174
V220	0.17037	0.63807	0.11246	0.05008	0.02902
V221	0.03316	0.21061	0.46086	0.05973	0.23564
V222	0.04233	0.0876	0.04432	0.1204	0.70536
V223	0.37289	0.15301	0.28904	0.14918	0.03588
V224	0.05081	0.52496	0.07722	0.11891	0.22809
V225	0.52367	0.23994	0.14506	0.06121	0.03012
V226	0.37712	0.48445	0.04957	0.05655	0.03231
V227	0.09123	0.26723	0.04297	0.5201	0.07846
V228	0.41745	0.16267	0.25688	0.11422	0.04878
V229	0.20541	0.40453	0.26803	0.08072	0.04131
V230	0.04232	0.07945	0.04431	0.12179	0.71213
V231	0.06582	0.55105	0.1093	0.18544	0.08839
V232	0.57648	0.14256	0.18513	0.06994	0.0259
V233	0.06225	0.1302	0.18057	0.14765	0.47933
V234	0.02211	0.37903	0.23225	0.31312	0.05349
V235	0.71177	0.11896	0.03062	0.10298	0.03567
V236	0.05341	0.18488	0.5288	0.17971	0.0532
V237	0.10282	0.18233	0.2662	0.29382	0.15484
V238	0.02847	0.07427	0.03902	0.3266	0.53163
V239	0.06955	0.4094	0.0939	0.19721	0.22995
V240	0.0724	0.73143	0.07448	0.05698	0.0647
V241	0.06243	0.78938	0.07236	0.04392	0.03191
V242	0.03207	0.35018	0.29678	0.251	0.06997
V243	0.348	0.15814	0.30498	0.07972	0.10916
V244	0.0344	0.42284	0.22323	0.11272	0.20681
V245	0.05849	0.76064	0.09307	0.06185	0.02595
V246	0.47482	0.30221	0.06521	0.06902	0.08874
V247	0.13243	0.24161	0.50675	0.08275	0.03646
V248	0.09719	0.56576	0.07878	0.05944	0.19882
V249	0.20817	0.17881	0.22048	0.13835	0.25418
V250	0.01022	0.20695	0.55509	0.07171	0.15603
V251	0.18015	0.10362	0.11134	0.51689	0.08799
V252	0.01534	0.24586	0.48364	0.15261	0.10255
V253	0.24264	0.5129	0.12517	0.08414	0.03515
V254	0.4131	0.376	0.04185	0.1279	0.04115
V255	0.6226	0.16825	0.03003	0.09295	0.08616
V256	0.05247	0.68046	0.07863	0.05322	0.13522
V257	0.33921	0.33484	0.16636	0.08377	0.07583
V258	0.14134	0.3213	0.08464	0.40106	0.05166
V259	0.39518	0.31746	0.19095	0.05909	0.03733
V260	0.22883	0.1373	0.13588	0.13881	0.35919
V261	0.01385	0.17049	0.45227	0.25699	0.1064
V262	0.66462	0.13711	0.07587	0.08678	0.03562
V263	0.59606	0.16619	0.04253	0.16053	0.0347
V264	0.07499	0.74591	0.07591	0.07628	0.02691
V265	0.60188	0.18138	0.09829	0.08495	0.0335
V266	0.03353	0.09507	0.12365	0.11395	0.63379
V267	0.06615	0.0812	0.03909	0.221	0.59256
V268	0.16331	0.41684	0.17032	0.1874	0.06213
V269	0.06915	0.3579	0.33988	0.1857	0.04737
V270	0.05467	0.05875	0.05718	0.75984	0.06956
V271	0.20001	0.6217	0.06486	0.06647	0.04696
V272	0.1031	0.70167	0.0869	0.056	0.05232
V273	0.2314	0.12522	0.18682	0.31194	0.14463
V274	0.09814	0.12033	0.07158	0.24285	0.4671
V275	0.04665	0.61274	0.19367	0.11145	0.03549
V276	6e-04	0.18846	0.56745	0.20405	0.03945
V277	0.24831	0.18375	0.48027	0.05273	0.03494
V278	0.00618	0.15167	0.32419	0.39507	0.12289
V279	0.13335	0.06328	0.03866	0.66459	0.10012
V280	0.16852	0.09014	0.06263	0.55494	0.12377
V281	0.03536	0.23682	0.07499	0.5893	0.06353
V282	0.07017	0.78225	0.07175	0.04402	0.03181
V283	0.30589	0.12058	0.13987	0.09534	0.33832
V284	0.01779	0.25786	0.48075	0.04925	0.19435
V285	0.40813	0.43061	0.04548	0.08222	0.03356
V286	0.04662	0.2194	0.64597	0.06818	0.01983
V287	0.19999	0.1629	0.18343	0.28413	0.16955
V288	0.13879	0.19307	0.52057	0.05227	0.0953
V289	0.14018	0.24049	0.0562	0.50385	0.05928
V290	0.33092	0.43352	0.16222	0.05023	0.02311
V291	0.32872	0.23837	0.03955	0.34357	0.04981
V292	0.09431	0.17864	0.38658	0.08353	0.25694
V293	0	0.26258	0.63879	0.07356	0.02507
V294	0.0335	0.08822	0.04565	0.11481	0.71784
V295	0.01354	0.14062	0.31292	0.43754	0.09538
V296	0.64141	0.18763	0.0323	0.08732	0.05134
V297	0.00568	0.20185	0.61865	0.13049	0.04334
V298	0.25105	0.07446	0.03033	0.51116	0.133
V299	0.22705	0.06308	0.03773	0.61114	0.06101
V300	0.71924	0.12037	0.03147	0.09314	0.03578
V301	0.70438	0.11343	0.03591	0.10649	0.03979
V302	0.02678	0.0683	0.03704	0.43238	0.43549
V303	0.09452	0.25205	0.23019	0.19354	0.22971
V304	0.12234	0.21744	0.58409	0.04775	0.02837
V305	0.17947	0.3464	0.12861	0.14065	0.20487
V306	0.27593	0.56934	0.0543	0.06351	0.03692
V307	0.17972	0.12603	0.25844	0.39309	0.04272
V308	0.15603	0.19267	0.52758	0.10046	0.02326
V309	0.49562	0.15964	0.07711	0.16146	0.10617
V310	0.04965	0.09984	0.04168	0.17506	0.63377
V311	0.02855	0.05108	0.06666	0.77728	0.07643
V312	0.07816	0.31808	0.26912	0.05703	0.27761
V313	0.06867	0.31271	0.05494	0.31968	0.244
V314	0.08851	0.07987	0.03477	0.39891	0.39794
V315	0.70552	0.11573	0.04271	0.0835	0.05255
V316	0.09218	0.51383	0.26564	0.06578	0.06256
V317	0.26554	0.22494	0.42558	0.05261	0.03133
V318	0.68527	0.11181	0.03464	0.08221	0.08607
V319	0.06272	0.23727	0.63415	0.05124	0.01462
V320	0.08251	0.04706	0.03173	0.762	0.0767
V321	0.10525	0.35959	0.2979	0.19389	0.04336
V322	0.00482	0.33841	0.5004	0.07715	0.07921
V323	0.18023	0.30084	0.38839	0.06267	0.06787
V324	0.04649	0.09195	0.06681	0.72184	0.07291
V325	0.47207	0.19305	0.10817	0.15524	0.07148
V326	0.06077	0.10101	0.09173	0.19417	0.55231
V327	0.26365	0.45955	0.14476	0.06726	0.06478
V328	0.04617	0.3071	0.18624	0.40555	0.05494
V329	0.00458	0.16332	0.35756	0.42661	0.04793
V330	0.04664	0.22146	0.64949	0.04079	0.04162
V331	0.13061	0.12147	0.12381	0.14922	0.47489
V332	0.32224	0.19966	0.38561	0.05547	0.03702
V333	0.29715	0.16239	0.28654	0.17438	0.07954
V334	0.02837	0.3479	0.48023	0.09977	0.04373
V335	0.53751	0.16204	0.1054	0.096	0.09905
V336	0.13148	0.52324	0.27545	0.04056	0.02927
V337	0.02951	0.08202	0.05017	0.22482	0.61348
V338	0.5243	0.14763	0.1627	0.0807	0.08467
V339	0.1702	0.49988	0.21298	0.04427	0.07266
V340	0.04316	0.239	0.15111	0.11285	0.45388
V341	0.01807	0.47417	0.41087	0.04405	0.05284
V342	0.20653	0.25529	0.38747	0.12806	0.02264
V343	0.48571	0.15579	0.26671	0.06874	0.02305
V344	0.09901	0.65845	0.09946	0.0633	0.07978
V345	0.20112	0.12061	0.03466	0.30938	0.33423
V346	0.03068	0.34228	0.31104	0.2624	0.0536
V347	0.0807	0.47031	0.07141	0.30914	0.06844
V348	0.0123	0.24449	0.40876	0.22266	0.11178
V349	0.04537	0.3637	0.46682	0.05215	0.07196
V350	0.10005	0.40824	0.12479	0.23794	0.12898
V351	0.128	0.16922	0.38226	0.27795	0.04257
V352	0.08574	0.5023	0.34421	0.04451	0.02323
V353	0.22237	0.35375	0.07952	0.09627	0.24809
V354	0.39247	0.17731	0.35725	0.05303	0.01994
V355	0.06831	0.13651	0.31437	0.43203	0.04878
V356	0.05429	0.21824	0.63703	0.05744	0.033
V357	0.03196	0.19724	0.46835	0.07225	0.2302
V358	0.03853	0.08111	0.0588	0.74689	0.07466
V359	0.06002	0.13998	0.03669	0.69731	0.06599
V360	0.51921	0.15162	0.11111	0.18488	0.03318
V361	0.27413	0.45926	0.12967	0.05067	0.08627
V362	0.60361	0.13011	0.11636	0.06948	0.08043
V363	0.04873	0.10529	0.04083	0.21207	0.59308
V364	0.04834	0.29757	0.06186	0.41788	0.17436
V365	0.02382	0.05061	0.03431	0.79927	0.09199
V366	0.14172	0.20664	0.49205	0.09203	0.06756
V367	0.18131	0.28236	0.22244	0.1817	0.1322
V368	0.54515	0.18887	0.14186	0.07433	0.04978
V369	0.0403	0.57284	0.26145	0.10227	0.02315
V370	0.02923	0.21686	0.15331	0.35007	0.25053
V371	0.06603	0.75823	0.10917	0.04191	0.02466
V372	0.47269	0.17549	0.15785	0.15006	0.04392
V373	0.10375	0.57434	0.17235	0.11874	0.03082
V374	0.07527	0.16806	0.34631	0.37117	0.03919
V375	0.20379	0.18825	0.48652	0.10188	0.01956
V376	0.01314	0.15447	0.40167	0.07193	0.35879
V377	0.07575	0.46998	0.23246	0.18786	0.03396
V378	0.1147	0.51548	0.21081	0.04474	0.11427
V379	0.03908	0.10625	0.14774	0.14327	0.56366
V380	0.02241	0.13772	0.19067	0.45613	0.19306
V381	0.15266	0.13135	0.04059	0.09528	0.58011
V382	0.35492	0.08038	0.03091	0.31436	0.21943
V383	0.03122	0.11173	0.26623	0.53977	0.05106
V384	0.22786	0.14148	0.17693	0.37756	0.07617
V385	0.09852	0.17074	0.04375	0.09446	0.59253
V386	0.50648	0.10145	0.03167	0.31623	0.04417
V387	0.23	0.08489	0.03106	0.57739	0.07666
V388	0.061	0.71486	0.09671	0.09506	0.03236
V389	0.1183	0.67038	0.07656	0.07069	0.06407
V390	0.16117	0.06529	0.03059	0.61434	0.12861
V391	0.54861	0.21628	0.03206	0.1302	0.07286
V392	0.70063	0.13774	0.03811	0.0892	0.03433
V393	0.08998	0.11305	0.16736	0.47534	0.15427
V394	0.54473	0.1133	0.05236	0.1968	0.09282
V395	0.00402	0.13035	0.34771	0.46729	0.05063
V396	0.3794	0.18403	0.36028	0.05229	0.024
V397	0.5099	0.20979	0.0655	0.15732	0.05748
V398	0.06076	0.08807	0.18282	0.56056	0.10779
V399	0.05643	0.09775	0.03	0.31264	0.50318
V400	0.13804	0.48473	0.18918	0.16018	0.02788
V401	0.21422	0.18686	0.5083	0.07293	0.01768
V402	0.26203	0.18383	0.38601	0.10297	0.06516
V403	0.15163	0.14744	0.03104	0.19536	0.47453
V404	0.0011	0.18291	0.43092	0.32405	0.06102
V405	0.27951	0.2928	0.10411	0.22779	0.0958
V406	0.00355	0.23061	0.70263	0.04006	0.02316
V407	0.65196	0.14439	0.06238	0.10889	0.03237
V408	0.04613	0.3801	0.05177	0.2687	0.2533
V409	0.10331	0.07545	0.08813	0.60643	0.12668
V410	0.10317	0.24245	0.32198	0.08897	0.24343
V411	0.03447	0.08606	0.03633	0.12472	0.71841
V412	0.03317	0.22635	0.16957	0.09179	0.47912
V413	0.0298	0.29294	0.18117	0.33959	0.1565
V414	0.05423	0.13683	0.02935	0.46402	0.31557
V415	0.16938	0.08422	0.03868	0.10073	0.60699
V416	0.11171	0.16009	0.0566	0.20107	0.47054
V417	0	0.20006	0.61479	0.13165	0.0535
V418	0.43034	0.38876	0.06337	0.0705	0.04702
V419	0.22975	0.10859	0.05143	0.18121	0.42902
V420	0.21012	0.10631	0.13675	0.11537	0.43144
V421	0.02131	0.11077	0.1678	0.12112	0.579
V422	0.0281	0.07357	0.07525	0.65244	0.17065
V423	0.21722	0.26459	0.2783	0.19582	0.04407
V424	0.00226	0.17387	0.46352	0.05998	0.30037
V425	0.29359	0.38569	0.04232	0.07009	0.20831
V426	0.2034	0.21763	0.05369	0.42394	0.10134
V427	0.1736	0.5656	0.19156	0.04275	0.02647
V428	0.09144	0.58203	0.12634	0.11788	0.0823
V429	0.11992	0.67619	0.06172	0.09794	0.04423
V430	0.02681	0.16273	0.38906	0.19532	0.22608
V431	0.09685	0.37936	0.22066	0.23819	0.06493
V432	0.24566	0.15369	0.14615	0.32653	0.12796
V433	0.13772	0.17024	0.44085	0.2094	0.04179
V434	0.17877	0.34348	0.35256	0.05659	0.06859
V435	0.38307	0.18859	0.32176	0.08036	0.02621
V436	0.0628	0.55159	0.15164	0.08708	0.14688
V437	0.18202	0.10632	0.05997	0.22141	0.43027
V438	0.11226	0.33359	0.21791	0.26364	0.07258
V439	0.4693	0.09627	0.07324	0.30896	0.05223
V440	0.01642	0.39546	0.49215	0.05003	0.04594
V441	0.02967	0.5064	0.37843	0.06159	0.02391
V442	0.06974	0.78069	0.07982	0.04372	0.02603
V443	0.69954	0.11213	0.03557	0.11735	0.03541
V444	0.13807	0.40938	0.07423	0.31556	0.06275
V445	0.06714	0.38946	0.08255	0.40354	0.05731
V446	0.10232	0.11027	0.12383	0.51198	0.15161
V447	0.07697	0.07052	0.04189	0.46044	0.35018
V448	0.16714	0.0946	0.05485	0.11021	0.57319
V449	0	0.22532	0.72001	0.04066	0.01401
V450	0.16816	0.19839	0.25715	0.16158	0.21472
V451	0.22823	0.24129	0.09441	0.32534	0.11073
V452	0.02059	0.08841	0.17618	0.62696	0.08786
V453	0.03572	0.07224	0.02768	0.47659	0.38778
V454	0.00135	0.19789	0.58112	0.06559	0.15405
V455	0.05791	0.30526	0.29459	0.08836	0.25388
V456	0.69894	0.11746	0.02922	0.10057	0.05381
V457	0.50611	0.25889	0.06899	0.11151	0.05449
V458	0.01808	0.39809	0.46008	0.08067	0.04308
V459	0.12665	0.12857	0.08319	0.45767	0.20392
V460	0.48304	0.1658	0.20016	0.11072	0.04028
V461	0.15377	0.35349	0.26072	0.06337	0.16865
V462	0.06044	0.13065	0.04436	0.49123	0.27332
V463	0.18701	0.11353	0.04044	0.59359	0.06544
V464	0.11128	0.29513	0.52138	0.0518	0.02041
V465	0.06032	0.1709	0.0531	0.11086	0.60482
V466	0.0505	0.07333	0.03255	0.1894	0.65423
V467	0.06365	0.26573	0.05914	0.49742	0.11406
V468	0.42558	0.33482	0.13984	0.05617	0.04358
V469	0.03098	0.34811	0.10005	0.2817	0.23916
V470	0.61827	0.15249	0.0552	0.13608	0.03797
V471	0.32004	0.31743	0.06648	0.17365	0.1224
V472	0.03003	0.1192	0.08117	0.10331	0.6663
V473	0.03196	0.2776	0.25674	0.29116	0.14254
V474	0.24024	0.18874	0.09045	0.40586	0.0747
V475	0.11229	0.20115	0.50067	0.0704	0.11548
V476	0.13591	0.11011	0.12164	0.53699	0.09535
V477	0.06246	0.78731	0.08047	0.04366	0.0261
V478	0.17895	0.09234	0.0387	0.09883	0.59117
V479	0.61699	0.15416	0.06201	0.12952	0.03732
V480	0.12612	0.57839	0.10857	0.1373	0.04962
V481	0.20595	0.37349	0.10304	0.19901	0.11851
V482	0.10113	0.60066	0.22801	0.03961	0.03059
V483	0.26956	0.48341	0.04771	0.13743	0.06189
V484	0.18244	0.47417	0.156	0.14923	0.03816
V485	0.48383	0.17755	0.13553	0.15804	0.04504
V486	0.06223	0.20034	0.31065	0.06543	0.36135
V487	0.10043	0.22962	0.37126	0.26223	0.03646
V488	0.34525	0.13606	0.02616	0.34242	0.15011
V489	0.00151	0.32206	0.55697	0.09196	0.02749
V490	0	0.19472	0.59647	0.1812	0.02762
V491	0.04606	0.4605	0.09837	0.13662	0.25845
V492	0.04168	0.17087	0.06275	0.64473	0.07997
V493	0.03214	0.04278	0.03369	0.81148	0.0799
V494	0.27346	0.07227	0.04468	0.50266	0.10693
V495	0.25148	0.27944	0.22263	0.1808	0.06565
V496	0.13678	0.12574	0.09143	0.08957	0.55648
V497	0.09783	0.13928	0.17757	0.15779	0.42752
V498	0.08115	0.73846	0.09043	0.04866	0.0413
V499	0.0421	0.30206	0.27959	0.10454	0.27171
V500	0.09876	0.45927	0.15143	0.21945	0.07108
V501	0.08363	0.3535	0.06032	0.0807	0.42186
V502	0.12567	0.68007	0.10076	0.06838	0.02511
V503	0.33841	0.14253	0.21387	0.17067	0.13452
V504	0.40128	0.25557	0.04163	0.07686	0.22466
V505	0.49712	0.10771	0.05367	0.14608	0.19542
V506	0.03898	0.51064	0.11938	0.06231	0.26869
V507	0.62833	0.10965	0.05885	0.15015	0.05302
V508	0.03287	0.57664	0.24881	0.07172	0.06996
V509	0.05398	0.44714	0.1789	0.20195	0.11803
V510	0.32867	0.46051	0.09037	0.08877	0.03168
V511	0.04577	0.36807	0.4592	0.06947	0.05749
V512	0.12844	0.45374	0.20811	0.08571	0.124
V513	0.15044	0.59667	0.12525	0.08184	0.0458
V514	0.02293	0.12199	0.25332	0.10936	0.49239
V515	0.0788	0.15554	0.02943	0.67164	0.06459
V516	0.13678	0.36082	0.14393	0.30918	0.0493
V517	0.02865	0.0848	0.07595	0.73682	0.07378
V518	0.29874	0.15643	0.29898	0.19698	0.04887
V519	0.59318	0.15059	0.03489	0.18038	0.04095
V520	0.07962	0.72216	0.08158	0.08938	0.02725
V521	0.17317	0.08922	0.15121	0.52763	0.05876
V522	0.03197	0.29425	0.48843	0.13918	0.04617
V523	0.09467	0.22704	0.5827	0.07474	0.02085
V524	0.23118	0.20048	0.46703	0.04733	0.05398
V525	0.03432	0.25744	0.0752	0.09349	0.53955
V526	0.01848	0.22814	0.66327	0.057	0.03311
V527	0.06536	0.46868	0.38319	0.05015	0.03263
V528	0.14019	0.05697	0.04629	0.69129	0.06526
V529	0.13718	0.21578	0.575	0.04814	0.02391
V530	0.00396	0.22154	0.67075	0.07422	0.02953
V531	0.15587	0.49577	0.13655	0.06273	0.14908
V532	0.0579	0.33055	0.31141	0.05339	0.24675
V533	0.25998	0.09379	0.02933	0.09498	0.52192
V534	0.11999	0.11145	0.02621	0.66064	0.08172
V535	0.61309	0.20325	0.0799	0.06998	0.03378
V536	0.09866	0.27989	0.3678	0.07523	0.17843
V537	0.0416	0.10604	0.05358	0.10817	0.6906
V538	0.49796	0.18829	0.03712	0.098	0.17863
V539	0.00599	0.27607	0.54535	0.11362	0.05897
V540	0.14623	0.46159	0.13533	0.09133	0.16552
V541	0.04867	0.4189	0.07296	0.0894	0.37007
V542	0.04268	0.34339	0.14712	0.38326	0.08355
V543	0.0407	0.2545	0.55659	0.07697	0.07124
V544	0.26903	0.26686	0.2009	0.10777	0.15544
V545	0.49025	0.36363	0.04885	0.06852	0.02876
V546	0.07137	0.67836	0.14183	0.04746	0.06098
V547	0.09453	0.67249	0.06154	0.12564	0.0458
V548	0.02511	0.0977	0.03602	0.7643	0.07686
V549	0.0283	0.08282	0.05839	0.23793	0.59256
V550	0.0501	0.72112	0.15394	0.04619	0.02865
V551	0.03341	0.04074	0.02581	0.82513	0.07491
V552	0.21242	0.10334	0.05324	0.11982	0.51118
V553	0.58641	0.11413	0.04548	0.18834	0.06564
V554	0.07752	0.18863	0.42534	0.26756	0.04095
V555	0.0606	0.77539	0.07871	0.04302	0.04229
V556	0.07934	0.10876	0.08231	0.63258	0.09701
V557	0.25536	0.27154	0.07161	0.32632	0.07517
V558	0	0.20636	0.61674	0.14258	0.03433
V559	0.07655	0.43286	0.40938	0.04456	0.03665
V560	0.46715	0.29351	0.15702	0.05758	0.02472
V561	0.52923	0.1272	0.15471	0.07739	0.11148
V562	0.11571	0.15845	0.18582	0.14596	0.39405
V563	0.17385	0.31561	0.2251	0.13859	0.14685
V564	0.28814	0.11169	0.0866	0.33785	0.17573
V565	0.03149	0.08755	0.05309	0.14216	0.68571
V566	0.25179	0.19653	0.06016	0.32188	0.16964
V567	0.00249	0.22227	0.71618	0.0405	0.01855
V568	0.02318	0.29361	0.392	0.26031	0.0309
V569	0.46594	0.18985	0.12997	0.15888	0.05536
V570	0.10569	0.14041	0.27556	0.39143	0.08692
V571	0.20518	0.12794	0.23782	0.31154	0.11753
V572	0.65151	0.11215	0.02743	0.08676	0.12215
V573	0.06263	0.18122	0.32308	0.32819	0.10488
V574	0.39846	0.31756	0.11004	0.13016	0.04378
V575	0.30502	0.13668	0.14795	0.1121	0.29824
V576	0.05687	0.7519	0.07639	0.05005	0.0648
V577	0.32959	0.45961	0.08293	0.09558	0.03229
V578	0.01744	0.26573	0.45583	0.20394	0.05706
V579	0.02313	0.49552	0.33319	0.05913	0.08903
V580	0.18556	0.4874	0.06326	0.21325	0.05053
V581	0.04296	0.46736	0.36347	0.10016	0.02605
V582	0	0.23862	0.7016	0.04559	0.01418
V583	0.4249	0.16847	0.30771	0.07671	0.0222
V584	0.18634	0.47754	0.14982	0.07415	0.11215
V585	0.05494	0.66807	0.12511	0.0879	0.06398
V586	0.04361	0.67016	0.21288	0.05129	0.02206
V587	0.06649	0.62	0.06691	0.07143	0.17516
V588	0.17202	0.41491	0.34802	0.04211	0.02294
V589	0.09229	0.38614	0.08976	0.37122	0.06059
V590	0.06276	0.68997	0.06333	0.05425	0.12969
V591	0.36546	0.4606	0.08323	0.05983	0.03088
V592	0.00592	0.19842	0.62136	0.06791	0.10639
V593	0.34129	0.08037	0.03027	0.46166	0.08641
V594	0	0.25943	0.54443	0.14533	0.05081
V595	0.40297	0.13269	0.09158	0.30547	0.06729
V596	0.33639	0.26191	0.21516	0.14456	0.04198
V597	0.04386	0.2392	0.0466	0.17073	0.49961
V598	0.48589	0.10563	0.03398	0.08279	0.2917
V599	0.07127	0.38813	0.13155	0.34553	0.06351
V600	0.21893	0.12485	0.19425	0.34625	0.11573
V601	0.13358	0.14933	0.03573	0.45537	0.22599
V602	0.62766	0.22505	0.03522	0.08012	0.03195
V603	0.13051	0.20426	0.06617	0.1844	0.41466
V604	0.00777	0.20282	0.58282	0.1164	0.0902
V605	0.03889	0.15856	0.16634	0.13427	0.50193
V606	0.65173	0.10633	0.02705	0.08743	0.12745
V607	0.16054	0.18371	0.05838	0.09281	0.50456
V608	0.57154	0.12584	0.06013	0.13837	0.10412
V609	0.16351	0.31226	0.05233	0.37405	0.09786
V610	0.08873	0.57304	0.06241	0.23491	0.04091
V611	0.18322	0.20382	0.50114	0.06231	0.04951
V612	0.28312	0.18415	0.30029	0.06892	0.16352
V613	0.32878	0.48362	0.0848	0.07635	0.02645
V614	0.44067	0.12578	0.04817	0.13577	0.24961
V615	0.01734	0.15831	0.15643	0.51011	0.15781
V616	0.48115	0.12927	0.163	0.1713	0.05528
V617	0.16155	0.21287	0.40995	0.11569	0.09993
V618	0.54386	0.18694	0.09272	0.07843	0.09804
V619	0.41688	0.1617	0.17214	0.07085	0.17843
V620	0.03552	0.14525	0.33199	0.43844	0.0488
V621	0.11536	0.30127	0.30488	0.05376	0.22473
V622	0.02072	0.2976	0.35452	0.06149	0.26568
V623	0.07456	0.05989	0.032	0.64221	0.19135
V624	0.68056	0.10997	0.03417	0.09837	0.07692
V625	0.01854	0.11876	0.1195	0.67477	0.06843
V626	0.05015	0.18343	0.47137	0.25092	0.04413
V627	0.10464	0.23454	0.15602	0.0936	0.41119
V628	0.69812	0.12479	0.03658	0.10566	0.03485
V629	0.08434	0.32573	0.51248	0.05665	0.0208
V630	0.0345	0.23878	0.06571	0.10347	0.55755
V631	0.01276	0.13947	0.29752	0.08372	0.46654
V632	0.06093	0.67724	0.07003	0.07338	0.11842
V633	0.0596	0.08459	0.11758	0.49017	0.24806
V634	0.31363	0.43013	0.17803	0.05518	0.02302
V635	0.04498	0.20439	0.21963	0.0878	0.44319
V636	0.15221	0.2568	0.30357	0.18853	0.0989
V637	0.15583	0.16395	0.37016	0.22769	0.08237
V638	0.08331	0.45672	0.07264	0.12343	0.26391
V639	0.40465	0.39519	0.11508	0.05517	0.02991
V640	0.1054	0.24435	0.11803	0.24694	0.28528
V641	0.09846	0.62204	0.08079	0.15245	0.04626
V642	0.55533	0.12664	0.03308	0.24506	0.03989
V643	0.06021	0.72531	0.12994	0.05999	0.02454
V644	0.05224	0.40238	0.06766	0.40788	0.06983
V645	0.14971	0.6375	0.07391	0.11073	0.02815
V646	0.12473	0.48466	0.07909	0.23163	0.07989
V647	0.69092	0.11089	0.03493	0.12767	0.03559
V648	0.36366	0.17102	0.03516	0.28508	0.14509
V649	0.23315	0.17829	0.11161	0.15729	0.31966
V650	0.03554	0.05584	0.08287	0.75697	0.06878
V651	0.13311	0.22388	0.03265	0.55296	0.0574
V652	0.29511	0.08387	0.06015	0.49617	0.0647
V653	0.27922	0.09521	0.07634	0.46935	0.07989
V654	0.05207	0.14877	0.03518	0.1467	0.61729
V655	0.12087	0.16623	0.28894	0.37778	0.04619
V656	0.12278	0.0918	0.03009	0.17666	0.57867
V657	0.04503	0.4543	0.07955	0.30956	0.11155
V658	0.03929	0.08978	0.05907	0.56978	0.24208
V659	0.0264	0.08486	0.10077	0.68144	0.10653
V660	0.07335	0.36278	0.06886	0.10028	0.39473
V661	0.05435	0.58261	0.07168	0.189	0.10236
V662	0.04974	0.44394	0.07448	0.06625	0.36559
V663	0.72222	0.11673	0.03802	0.08756	0.03548
V664	0.03332	0.08658	0.14781	0.39157	0.34072
V665	0.03233	0.56644	0.24743	0.10412	0.04969
V666	0.09614	0.72536	0.10536	0.0485	0.02464
V667	0.03404	0.5079	0.28533	0.11753	0.0552
V668	0.48056	0.28214	0.08485	0.10887	0.04358
V669	0.37334	0.32948	0.06701	0.13024	0.09994
V670	0.09444	0.57378	0.10274	0.0754	0.15363
V671	0.54353	0.14169	0.1943	0.08992	0.03055
V672	0.09156	0.15088	0.12255	0.31319	0.32182
V673	0.0325	0.0976	0.03414	0.18809	0.64766
V674	0.25253	0.23773	0.42243	0.04687	0.04043
V675	0.5241	0.10966	0.06664	0.19082	0.10877
V676	0.18139	0.24103	0.43248	0.04733	0.09778
V677	0.0424	0.307	0.23749	0.33507	0.07805
V678	0.06484	0.34518	0.06015	0.09672	0.43312
V679	0.0084	0.15456	0.41073	0.38244	0.04387
V680	0.15907	0.0809	0.04901	0.36302	0.34799
V681	0.4103	0.1209	0.0686	0.29869	0.10152
V682	0	0.22532	0.72001	0.04066	0.01401
V683	0.04507	0.29933	0.53427	0.04156	0.07977
V684	0.06583	0.05331	0.0325	0.77687	0.0715
V685	0	0.21476	0.65286	0.11001	0.02237
V686	0.23623	0.54418	0.12	0.06513	0.03445
V687	0	0.16867	0.49851	0.29151	0.04132
V688	0	0.22156	0.70938	0.04576	0.0233
V689	0.36956	0.1718	0.20459	0.14077	0.11327
V690	0.10554	0.71966	0.08088	0.06265	0.03127
V691	0.12665	0.1749	0.07636	0.54312	0.07896
V692	0.07374	0.0748	0.04029	0.68381	0.12734
V693	0.01896	0.48191	0.41446	0.06125	0.02342
V694	0.08624	0.22094	0.07194	0.51849	0.10239
V695	0.1192	0.20794	0.1797	0.08611	0.40705
V696	0.07893	0.19852	0.59575	0.04946	0.07734
V697	0.08236	0.21062	0.3074	0.29709	0.10253
V698	0.02695	0.12952	0.21144	0.09231	0.53978
V699	0.04527	0.07691	0.07454	0.60125	0.20203
V700	0.06513	0.69691	0.13566	0.04111	0.0612
V701	0.03542	0.2373	0.05718	0.09771	0.57238
V702	0.03501	0.15256	0.0376	0.61211	0.16272
V703	0.03046	0.06266	0.05044	0.77925	0.07718
V704	0.0387	0.19797	0.38459	0.07335	0.30539
V705	0.69855	0.1236	0.02972	0.09467	0.05346
V706	0.12785	0.21434	0.17861	0.38426	0.09494
V707	0.13135	0.1914	0.10551	0.28279	0.28895
V708	0.02476	0.53566	0.37793	0.04326	0.01839
V709	0.03056	0.1011	0.07221	0.10729	0.68884
V710	0.0972	0.18939	0.43802	0.05433	0.22107
V711	0.07611	0.08327	0.05885	0.12052	0.66125
V712	0.03676	0.19793	0.56464	0.16868	0.03198
V713	0.19128	0.42374	0.31083	0.05448	0.01967
V714	0.07127	0.08707	0.0342	0.11182	0.69565
V715	0.00533	0.34799	0.51138	0.11093	0.02436
V716	0.55913	0.23949	0.0471	0.10869	0.04559
V717	0.31986	0.24406	0.15026	0.08155	0.20427
V718	0.47568	0.15352	0.25663	0.06378	0.0504
V719	0.31768	0.28799	0.13478	0.14798	0.11157
V720	0.12283	0.1395	0.1259	0.11218	0.49958
V721	0.04601	0.09596	0.08748	0.11736	0.65319
V722	0.03516	0.26134	0.09327	0.44833	0.16191
V723	0.09835	0.25359	0.13937	0.44418	0.06451
V724	0.11851	0.57213	0.09294	0.17983	0.03659
V725	0.05172	0.0882	0.04395	0.11152	0.7046
V726	0.19253	0.47296	0.10194	0.0978	0.13477
V727	0	0.22352	0.70737	0.04575	0.02336
V728	0.564	0.14262	0.13769	0.12194	0.03374
V729	0.4657	0.1828	0.0568	0.25094	0.04375
V730	0.09136	0.15832	0.34961	0.32643	0.07429
V731	0.01969	0.07014	0.08475	0.75665	0.06877
V732	0.03224	0.0426	0.03383	0.8173	0.07403
V733	0.01105	0.23492	0.69105	0.03989	0.02309
V734	0.34995	0.21385	0.32018	0.08508	0.03094
V735	0.06975	0.25033	0.24409	0.08537	0.35045
V736	0.03383	0.12074	0.04573	0.10867	0.69104
V737	0.71813	0.12187	0.03816	0.08664	0.0352
V738	0.0423	0.45777	0.06705	0.07336	0.35952
V739	0.03348	0.05655	0.02612	0.8098	0.07404
V740	0.19458	0.17835	0.14051	0.08889	0.39767
V741	0.40769	0.10398	0.03142	0.32217	0.13474
V742	0.05185	0.1877	0.46797	0.17028	0.1222
V743	0.04254	0.13749	0.11205	0.17356	0.53437
V744	0.15816	0.1512	0.18086	0.43524	0.07454
V745	0.14773	0.08747	0.07115	0.62715	0.06651
V746	0.30141	0.50456	0.08646	0.0572	0.05036
V747	0.01115	0.23277	0.68273	0.04542	0.02792
V748	0.13304	0.28993	0.28641	0.09863	0.19199
V749	0.15795	0.17702	0.14295	0.38755	0.13452
V750	0.57332	0.2439	0.04123	0.10967	0.03188
V751	0.02471	0.40584	0.4928	0.05517	0.02148
V752	0.04213	0.1976	0.06396	0.10056	0.59575
V753	0.39815	0.18074	0.2404	0.08111	0.09959
V754	0.11082	0.31576	0.04584	0.47045	0.05714
V755	0.21116	0.61803	0.09506	0.04621	0.02954
V756	0.04085	0.17864	0.06213	0.13938	0.57899
V757	0.15069	0.07801	0.11881	0.58937	0.06311
V758	0.07201	0.40092	0.04401	0.42852	0.05455
V759	0.09543	0.1337	0.13718	0.08663	0.54706
V760	0.07246	0.14394	0.22774	0.26138	0.29447
V761	0.03916	0.34349	0.55347	0.04396	0.01991
V762	0.02311	0.13491	0.19333	0.3769	0.27176
V763	0.04786	0.31046	0.05161	0.08264	0.50742
V764	0.10331	0.12414	0.10707	0.59624	0.06924
V765	0.11563	0.2055	0.52882	0.07918	0.07087
V766	0.06575	0.47325	0.26869	0.08212	0.11019
V767	0.23205	0.45552	0.10769	0.0903	0.11445
V768	0.06766	0.70845	0.11215	0.08068	0.03105
V769	0.54292	0.14749	0.18862	0.06814	0.05284
V770	0.2148	0.17279	0.42222	0.16108	0.02911
V771	0.07545	0.63869	0.06699	0.12173	0.09714
V772	0.02474	0.22829	0.68722	0.0456	0.01414
V773	0.04903	0.07809	0.03124	0.24098	0.60066
V774	0.11635	0.18247	0.4697	0.05186	0.17961
V775	0.67359	0.11154	0.04704	0.12437	0.04346
V776	0.27807	0.41929	0.18759	0.07223	0.04281
V777	0.16847	0.39298	0.2559	0.12725	0.05541
V778	0.42778	0.13943	0.04056	0.24034	0.15189
V779	0.05111	0.42739	0.44523	0.0497	0.02657
V780	0.00261	0.22177	0.71521	0.04617	0.01426
V781	0.15371	0.35486	0.20525	0.05567	0.2305
V782	0.21604	0.28892	0.0614	0.07912	0.35452
V783	0	0.18975	0.54996	0.06883	0.19146
V784	0.04526	0.55303	0.05424	0.25197	0.0955
V785	0.54864	0.2019	0.03106	0.14945	0.06894
V786	0.14919	0.22384	0.04728	0.5081	0.07158
V787	0.13052	0.53599	0.0519	0.20263	0.07896
V788	0.30941	0.41522	0.11129	0.0542	0.10988
V789	0.03024	0.19824	0.04164	0.4039	0.32597
V790	0.24438	0.27728	0.0982	0.15351	0.22663
V791	0.16173	0.26909	0.10833	0.2168	0.24405
V792	0.69723	0.12867	0.05004	0.08166	0.04241
V793	0.27909	0.30565	0.0906	0.13542	0.18924
V794	0.03002	0.11496	0.13714	0.22643	0.49144
V795	0.12927	0.70509	0.07944	0.05023	0.03596
V796	0.23924	0.40152	0.14235	0.16668	0.05021
V797	0.15218	0.0809	0.03061	0.11811	0.6182
V798	0.13007	0.48718	0.05702	0.12606	0.19968
V799	0.04103	0.19306	0.08018	0.5916	0.09413
V800	0.04775	0.09201	0.04937	0.19735	0.61352
V801	0.29686	0.10657	0.13963	0.3905	0.06643
V802	0.05382	0.25446	0.05691	0.09408	0.54074
V803	0.25673	0.09491	0.03134	0.54266	0.07435
V804	0.15969	0.23185	0.20996	0.32687	0.07164
V805	0.10905	0.24791	0.39219	0.16795	0.0829
V806	0.36549	0.14417	0.20568	0.11317	0.1715
V807	0.55078	0.11885	0.08879	0.11274	0.12883
V808	0.63092	0.12227	0.07405	0.07938	0.09338
V809	0.18059	0.55213	0.07543	0.07612	0.11573
V810	0.04068	0.12195	0.07025	0.45315	0.31396
V811	0.06671	0.16873	0.05943	0.17485	0.53027
V812	0.03417	0.58469	0.23222	0.10409	0.04483
V813	0.03771	0.29768	0.24791	0.06297	0.35373
V814	0.17181	0.49814	0.11042	0.17327	0.04636
V815	0.20342	0.58908	0.08497	0.09075	0.03178
V816	0.03992	0.46131	0.05617	0.37477	0.06783
V817	0.57214	0.15494	0.15915	0.08664	0.02714
V818	0.03636	0.29746	0.35258	0.07891	0.23468
V819	0.69305	0.12549	0.04292	0.10429	0.03426
V820	0.06805	0.36114	0.15512	0.35235	0.06334
V821	0.03473	0.08667	0.03667	0.11746	0.72447
V822	0.16763	0.07269	0.03881	0.65727	0.06359
V823	0.05037	0.19615	0.25329	0.07161	0.42857
V824	0.08606	0.11703	0.05953	0.1002	0.63719
V825	0.09839	0.18635	0.52353	0.16867	0.02306
V826	0.0172	0.22161	0.68964	0.05697	0.01459
V827	0.29336	0.19357	0.02937	0.36814	0.11556
V828	0.21302	0.22501	0.13983	0.11603	0.3061
V829	0.07654	0.20258	0.30627	0.19054	0.22407
V830	0.09783	0.20425	0.55735	0.0614	0.07917
V831	0.04571	0.63448	0.10703	0.16601	0.04677
V832	0.19259	0.09004	0.09936	0.27423	0.34378
V833	0.17709	0.65692	0.06786	0.0465	0.05162
V834	0.5617	0.21294	0.06582	0.09084	0.06871
V835	0.20936	0.31059	0.12306	0.26452	0.09247
V836	0.25942	0.20803	0.3814	0.12385	0.0273
V837	0.05337	0.7118	0.08059	0.07723	0.07702
V838	0.01795	0.05907	0.10081	0.74818	0.074
V839	0.05316	0.12681	0.11404	0.09401	0.61198
V840	0.68383	0.12166	0.05501	0.1018	0.0377
V841	0.14325	0.21091	0.57801	0.04833	0.01949
V842	0.3823	0.16133	0.20732	0.20728	0.04177
V843	0.36553	0.12861	0.16671	0.12577	0.21338
V844	0.00466	0.29921	0.61078	0.05597	0.02938
V845	0.04208	0.05906	0.02566	0.5939	0.2793
V846	0.1122	0.13954	0.1346	0.13325	0.48041
V847	0.19758	0.09859	0.08478	0.18761	0.43145
V848	0.56919	0.13228	0.03334	0.14806	0.11713
V849	0.0899	0.22634	0.56744	0.04864	0.06768
V850	0.17106	0.16583	0.28825	0.17423	0.20063
V851	0.72079	0.11465	0.0309	0.09324	0.04041
V852	0.21349	0.15093	0.11017	0.21158	0.31382
V853	0.02115	0.25786	0.51329	0.14093	0.06678
V854	0.04547	0.38305	0.27137	0.11019	0.18991
V855	0.09713	0.38041	0.13072	0.29621	0.09554
V856	0.1507	0.40787	0.10143	0.06042	0.27958
V857	0.07328	0.13611	0.18896	0.3928	0.20885
V858	0.031	0.37062	0.2196	0.21493	0.16386
V859	0.12418	0.07155	0.04707	0.66947	0.08773
V860	0.04767	0.18223	0.0959	0.5754	0.0988
V861	0.12365	0.10546	0.14634	0.56365	0.0609
V862	0.08323	0.08781	0.0562	0.17692	0.59583
V863	0.0591	0.76469	0.08526	0.04887	0.04208
V864	0.01719	0.20995	0.67094	0.08578	0.01615
V865	0.05344	0.18185	0.5222	0.21649	0.02603
V866	0.01781	0.20866	0.52812	0.20527	0.04014
V867	0.47854	0.12679	0.03483	0.08092	0.27892
V868	0.16681	0.30002	0.36676	0.12918	0.03723
V869	0.04016	0.08264	0.06213	0.11764	0.69743
V870	0.23021	0.22764	0.11112	0.25552	0.17551
V871	0.04929	0.1439	0.13824	0.16018	0.5084
V872	0.31795	0.11051	0.03903	0.44756	0.08495
V873	0.05663	0.33736	0.18024	0.34006	0.08571
V874	0.10651	0.12962	0.04172	0.10616	0.61599
V875	0.02829	0.21301	0.05795	0.47211	0.22864
V876	0.39578	0.15793	0.08938	0.08623	0.27068
V877	0.20074	0.55307	0.09027	0.11781	0.03811
V878	0.04478	0.59563	0.09642	0.21851	0.04465
V879	0.67534	0.14193	0.04316	0.10157	0.038
V880	0.08656	0.13949	0.06083	0.42337	0.28974
V881	0.00762	0.17989	0.49194	0.05617	0.26437
V882	0.05437	0.42746	0.06162	0.4095	0.04705
V883	0.4091	0.22735	0.04557	0.21095	0.10703
V884	0.03459	0.07782	0.03648	0.12665	0.72446
V885	0.12893	0.20298	0.36454	0.13713	0.16643
V886	0.0264	0.07377	0.06575	0.2836	0.55048
V887	0.09917	0.7354	0.07454	0.04387	0.04702
V888	0.06388	0.14866	0.08502	0.60154	0.10091
V889	0.11678	0.68471	0.10119	0.06185	0.03548
V890	0.03833	0.09606	0.15961	0.57063	0.13537
V891	0	0.23764	0.69679	0.05118	0.01438
V892	0.47323	0.28151	0.05697	0.07113	0.11717
V893	0.10406	0.28613	0.44755	0.10287	0.05938
V894	0.09635	0.47796	0.09522	0.26053	0.06995
V895	0.47661	0.15389	0.26197	0.07957	0.02796
V896	0.16482	0.27423	0.24244	0.27841	0.04011
V897	0.02024	0.05406	0.06689	0.7043	0.15451
V898	0.35346	0.10041	0.04223	0.10697	0.39693
V899	0.43781	0.33742	0.11808	0.05745	0.04923
V900	0.19453	0.29225	0.27329	0.1958	0.04414
V901	0.51866	0.14039	0.03339	0.21776	0.08979
V902	0.63497	0.14669	0.04832	0.1089	0.06111
V903	0.22829	0.14235	0.09606	0.45509	0.0782
