mature.neutrophil	CD14.pos.CD16.neg.classical.monocyte	macrophage	memory.CD4.pos.AB.T.cell	cytotoxic.CD56.dim.NK.cell
V1	0.25138	0.22295	0.24887	0.16044	0.11636
V2	0.05492	0.66496	0.11892	0.09389	0.06731
V3	0.06112	0.14439	0.39072	0.35184	0.05194
V4	0.01268	0.15135	0.24291	0.0975	0.49556
V5	0.02336	0.1179	0.08761	0.13978	0.63135
V6	0.25837	0.14961	0.26094	0.22671	0.10438
V7	0.00627	0.18398	0.39029	0.10576	0.31371
V8	0.00546	0.20225	0.67502	0.09645	0.02083
V9	0.06539	0.10235	0.2553	0.51458	0.06238
V10	0.33072	0.18167	0.39339	0.05946	0.03477
V11	0.03605	0.14067	0.12785	0.11037	0.58507
V12	0.07513	0.13054	0.22372	0.2856	0.28502
V13	0.1254	0.12467	0.06677	0.38763	0.29553
V14	0.15306	0.07716	0.09598	0.54932	0.12448
V15	0.05788	0.06046	0.03115	0.75668	0.09383
V16	0.4468	0.14448	0.0459	0.3129	0.04992
V17	0.06422	0.29654	0.05724	0.10455	0.47744
V18	0.07447	0.40547	0.27002	0.20468	0.04536
V19	0.03764	0.11615	0.03143	0.15484	0.65993
V20	0.00311	0.1724	0.58754	0.20151	0.03543
V21	0.02394	0.30804	0.16339	0.17801	0.32662
V22	0.60171	0.17617	0.09489	0.083	0.04423
V23	0.07691	0.12421	0.0525	0.16908	0.5773
V24	0.36819	0.20282	0.05504	0.1068	0.26715
V25	0.04061	0.10567	0.04429	0.39743	0.412
V26	0.37129	0.26329	0.09481	0.09949	0.17112
V27	0.10001	0.4765	0.21709	0.05723	0.14917
V28	0.04479	0.14466	0.21117	0.51712	0.08227
V29	0.0222	0.10476	0.31314	0.49429	0.06561
V30	0.55257	0.1895	0.06204	0.09906	0.09684
V31	0.34355	0.20244	0.04854	0.2438	0.16167
V32	0.68395	0.11221	0.0425	0.09871	0.06262
V33	0.02986	0.25634	0.05492	0.1504	0.50848
V34	0.1107	0.70558	0.08051	0.06284	0.04037
V35	0.07899	0.54057	0.27968	0.06976	0.03101
V36	0.02723	0.25781	0.19195	0.12464	0.39837
V37	0.57533	0.11406	0.03136	0.09671	0.18255
V38	0.0946	0.17222	0.41616	0.19416	0.12286
V39	0.24603	0.17865	0.30681	0.07089	0.19763
V40	0.19197	0.5326	0.07655	0.1365	0.06237
V41	0.05171	0.71561	0.08687	0.05571	0.09009
V42	0.63898	0.1405	0.05422	0.09556	0.07073
V43	0.34543	0.23076	0.31374	0.08081	0.02926
V44	0.02352	0.34945	0.48746	0.04882	0.09075
V45	0.04196	0.58053	0.15024	0.15712	0.07016
V46	0.10163	0.64381	0.13163	0.07493	0.048
V47	0	0.20842	0.72092	0.04803	0.02263
V48	0.14016	0.20812	0.22557	0.2972	0.12895
V49	0.34557	0.2273	0.22439	0.16423	0.03851
V50	0.01167	0.21883	0.70461	0.04739	0.0175
V51	0.08594	0.32135	0.21764	0.10207	0.27301
V52	0.05794	0.75271	0.08537	0.06219	0.04178
V53	0.05552	0.18035	0.04589	0.63857	0.07967
V54	0.20002	0.07438	0.0408	0.49288	0.19192
V55	0.09917	0.04788	0.02915	0.73744	0.08635
V56	0.09309	0.0488	0.03461	0.66674	0.15676
V57	0.11199	0.25058	0.47333	0.0696	0.09451
V58	0.06857	0.11306	0.15631	0.22011	0.44195
V59	0.6224	0.13789	0.11099	0.09409	0.03463
V60	0.32912	0.26102	0.14706	0.15672	0.10608
V61	0.17468	0.11002	0.05673	0.24409	0.41448
V62	0.05098	0.16045	0.29212	0.158	0.33845
V63	0.31596	0.30145	0.09842	0.09271	0.19146
V64	0.68255	0.12527	0.05661	0.09694	0.03863
V65	0.09611	0.13031	0.06934	0.53857	0.16568
V66	0.05116	0.07441	0.15037	0.64279	0.08128
V67	0.00911	0.15957	0.32494	0.12798	0.3784
V68	0.33108	0.16055	0.34529	0.08969	0.07339
V69	0.43125	0.21624	0.20258	0.0837	0.06622
V70	0.06381	0.60314	0.10614	0.17099	0.05592
V71	0.08844	0.65558	0.11055	0.09997	0.04547
V72	0.04128	0.40953	0.07442	0.08548	0.38929
V73	0.07071	0.08521	0.12246	0.50636	0.21526
V74	0.04501	0.09684	0.03959	0.68496	0.13361
V75	0.34097	0.26592	0.28817	0.07051	0.03443
V76	0.04577	0.05046	0.04564	0.73447	0.12366
V77	0.01126	0.20232	0.69348	0.07404	0.01889
V78	0	0.21193	0.7123	0.05286	0.0229
V79	0.07548	0.4002	0.08797	0.16567	0.27069
V80	0.11374	0.62589	0.07008	0.09436	0.09593
V81	0.00388	0.20994	0.72066	0.04802	0.01749
V82	0.21139	0.19185	0.06515	0.4621	0.0695
V83	0.10413	0.1332	0.05312	0.48682	0.22273
V84	0.08925	0.23546	0.04479	0.11179	0.5187
V85	0	0.20802	0.72057	0.05347	0.01794
V86	0.03189	0.28692	0.2994	0.32762	0.05418
V87	0.37099	0.09621	0.07045	0.39564	0.06671
V88	0.25613	0.22343	0.08663	0.21418	0.21963
V89	0.02973	0.24639	0.63109	0.07277	0.02002
V90	0.02616	0.24847	0.09395	0.14534	0.48608
V91	0.04124	0.06048	0.10305	0.71323	0.082
V92	0.20638	0.14392	0.05917	0.1176	0.47292
V93	0.02688	0.15521	0.17918	0.44992	0.18881
V94	0.04775	0.2249	0.05952	0.25587	0.41197
V95	0.06391	0.27998	0.06328	0.14874	0.44409
V96	0.59228	0.12352	0.05685	0.10521	0.12215
V97	0.14468	0.13503	0.07471	0.1636	0.48197
V98	0.04894	0.38793	0.20842	0.14656	0.20816
V99	0.40587	0.19249	0.04118	0.23834	0.12212
V100	0.41143	0.23203	0.08491	0.11257	0.15906
V101	0.06448	0.74199	0.09145	0.06115	0.04094
V102	0.24592	0.29043	0.16018	0.1417	0.16176
V103	0.12101	0.10595	0.03631	0.1217	0.61503
V104	0.04543	0.41882	0.12979	0.08191	0.32405
V105	0.02485	0.12201	0.07151	0.14781	0.63382
V106	0.04868	0.64136	0.19986	0.05439	0.05571
V107	0.03569	0.30554	0.55278	0.07857	0.02742
V108	0.0107	0.29125	0.63251	0.04598	0.01957
V109	0.06396	0.2586	0.09348	0.27701	0.30695
V110	0.14502	0.46094	0.21343	0.13436	0.04626
V111	0.20782	0.30161	0.41093	0.05727	0.02238
V112	0.1642	0.08836	0.12704	0.42356	0.19684
V113	0.20247	0.11975	0.12724	0.19069	0.35985
V114	0.43898	0.16296	0.07962	0.20311	0.11533
V115	0.64838	0.11015	0.03959	0.10096	0.10093
V116	0.02991	0.11182	0.0329	0.13297	0.69241
V117	0.03443	0.19502	0.63215	0.10205	0.03635
V118	0.07384	0.04667	0.02956	0.75012	0.09981
V119	0.24517	0.15307	0.34246	0.22378	0.03552
V120	0.00583	0.18788	0.64214	0.12089	0.04325
V121	0.16883	0.61472	0.06994	0.06553	0.08098
V122	0.04038	0.38531	0.12795	0.23593	0.21043
V123	0.38472	0.14025	0.10045	0.21477	0.15981
V124	0.18421	0.18754	0.09324	0.2398	0.29522
V125	0.03273	0.43965	0.447	0.05057	0.03005
V126	0.12746	0.26095	0.22859	0.14616	0.23683
V127	0.19513	0.17653	0.51354	0.08925	0.02555
V128	0.17695	0.63641	0.08012	0.05827	0.04825
V129	0.20887	0.16034	0.25795	0.18962	0.18322
V130	0.03833	0.46537	0.09449	0.23039	0.17142
V131	0.03637	0.09292	0.23271	0.57078	0.06722
V132	0.30281	0.10151	0.02749	0.33654	0.23165
V133	0.00331	0.2	0.48252	0.11519	0.19898
V134	0.04823	0.20294	0.61413	0.06557	0.06912
V135	0.01455	0.24352	0.58807	0.06611	0.08775
V136	0.69978	0.11319	0.04491	0.10172	0.04041
V137	0.65833	0.1314	0.04248	0.11416	0.05362
V138	0.20835	0.21825	0.11017	0.17276	0.29046
V139	0.12223	0.08008	0.17031	0.55415	0.07323
V140	0.03224	0.12695	0.17563	0.10633	0.55885
V141	0.01499	0.30132	0.53923	0.11367	0.03079
V142	0.16749	0.14265	0.30738	0.15911	0.22337
V143	0.01698	0.27973	0.43178	0.15055	0.12095
V144	0.3871	0.2627	0.10233	0.15812	0.08975
V145	0	0.21	0.70379	0.05797	0.02824
V146	0.04674	0.34357	0.05411	0.30657	0.24902
V147	0.06931	0.21476	0.55041	0.1213	0.04423
V148	0.13879	0.65094	0.08069	0.07946	0.05012
V149	0.04896	0.04649	0.03051	0.75429	0.11975
V150	0.10408	0.29102	0.48899	0.04999	0.06592
V151	0.3592	0.09324	0.04129	0.37597	0.1303
V152	0.04241	0.0659	0.13314	0.63276	0.12579
V153	0.12722	0.27487	0.40384	0.08877	0.1053
V154	0.10689	0.53674	0.08306	0.0829	0.19041
V155	0.05902	0.07522	0.14982	0.63547	0.08046
V156	0.0803	0.16933	0.36373	0.16824	0.21839
V157	0.0868	0.14728	0.18272	0.27579	0.30741
V158	0.14862	0.1607	0.39316	0.09613	0.20139
V159	0.11943	0.23075	0.05428	0.50272	0.09281
V160	0.354	0.23559	0.12187	0.10524	0.1833
V161	0.18514	0.13634	0.0899	0.10387	0.48474
V162	0	0.21449	0.71955	0.0482	0.01776
V163	0.06059	0.11177	0.04543	0.14313	0.63907
V164	0.66831	0.14543	0.05174	0.10014	0.03439
V165	0.45157	0.26212	0.11522	0.10911	0.06198
V166	0.0637	0.09669	0.23887	0.48543	0.11531
V167	0.04324	0.5675	0.08041	0.15702	0.15183
V168	0	0.21449	0.71955	0.0482	0.01776
V169	0.0541	0.58672	0.2037	0.10792	0.04756
V170	0.20531	0.37368	0.09965	0.20363	0.11773
V171	0.2323	0.19515	0.32492	0.18287	0.06476
V172	0.15473	0.28315	0.10832	0.09824	0.35556
V173	0.18548	0.17047	0.11637	0.36263	0.16506
V174	0.16792	0.13978	0.32339	0.20528	0.16362
V175	0.07356	0.22212	0.14719	0.20626	0.35086
V176	0.3189	0.07941	0.03566	0.50023	0.06581
V177	0.14518	0.18033	0.46811	0.17227	0.03412
V178	0.20605	0.18245	0.39358	0.1381	0.07982
V179	0.09557	0.11996	0.0375	0.1218	0.62517
V180	0.02325	0.16535	0.3311	0.08425	0.39604
V181	0.06683	0.31378	0.04354	0.1292	0.44665
V182	0.43578	0.25795	0.04771	0.19127	0.06728
V183	0.07226	0.74126	0.08398	0.05613	0.04637
V184	0.24863	0.13075	0.27513	0.28689	0.05861
V185	0.09688	0.45225	0.07669	0.17144	0.20274
V186	0.12659	0.23241	0.06637	0.26405	0.31058
V187	0.08358	0.5791	0.06744	0.2149	0.05499
V188	0.61484	0.13102	0.06531	0.14875	0.04008
V189	0.3601	0.26258	0.07542	0.251	0.0509
V190	0.3154	0.18533	0.21742	0.08586	0.19598
V191	0.19547	0.24172	0.04558	0.38013	0.13711
V192	0.25787	0.24613	0.14964	0.21928	0.12708
V193	0.05291	0.29498	0.45456	0.08109	0.11646
V194	0.22197	0.15568	0.11329	0.16163	0.34743
V195	0.41305	0.249	0.23237	0.07464	0.03095
V196	0.02334	0.11077	0.08738	0.1407	0.63781
V197	0.07117	0.72153	0.08113	0.07905	0.04713
V198	0.19782	0.2653	0.07552	0.22303	0.23833
V199	0.54827	0.14252	0.20909	0.0745	0.02561
V200	0.57593	0.11236	0.06201	0.10578	0.14392
V201	0.06354	0.05561	0.05007	0.62368	0.20711
V202	0.66916	0.14912	0.03991	0.10165	0.04016
V203	0.41113	0.2851	0.06883	0.11528	0.11965
V204	0.283	0.17489	0.06776	0.09684	0.37751
V205	0.10354	0.1472	0.14035	0.14388	0.46503
V206	0.07131	0.1263	0.03346	0.66285	0.10608
V207	0.05788	0.06046	0.03115	0.75668	0.09383
V208	0.11851	0.29558	0.41782	0.08563	0.08246
V209	0.13879	0.13988	0.12254	0.11972	0.47908
V210	0	0.20701	0.71706	0.05311	0.02282
V211	0.13137	0.1549	0.21221	0.10799	0.39353
V212	0.05968	0.64379	0.13912	0.08111	0.0763
V213	0.10104	0.09702	0.08876	0.28264	0.43055
V214	0.0234	0.49982	0.3763	0.05661	0.04387
V215	0.20322	0.28032	0.16119	0.12853	0.22674
V216	0.04858	0.17606	0.31549	0.10549	0.35437
V217	0.04376	0.04637	0.05272	0.71574	0.14141
V218	0.06953	0.24935	0.28102	0.29589	0.10421
V219	0.1046	0.31197	0.35491	0.18824	0.04028
V220	0.16452	0.61376	0.12068	0.0603	0.04074
V221	0.03413	0.20712	0.44204	0.07193	0.24478
V222	0.03661	0.11221	0.03947	0.13529	0.67641
V223	0.37956	0.14623	0.2822	0.15244	0.03958
V224	0.04602	0.50708	0.08191	0.12625	0.23874
V225	0.51587	0.23233	0.14534	0.07339	0.03308
V226	0.36652	0.46359	0.05987	0.06919	0.04083
V227	0.10353	0.25959	0.04928	0.49464	0.09296
V228	0.41971	0.15697	0.25046	0.12059	0.05227
V229	0.20675	0.39217	0.26471	0.08697	0.04941
V230	0.03678	0.10504	0.0393	0.13656	0.68233
V231	0.06503	0.53319	0.11557	0.18361	0.1026
V232	0.5716	0.13787	0.1819	0.08181	0.02682
V233	0.05873	0.14213	0.1666	0.15787	0.47467
V234	0.02969	0.36756	0.23282	0.30322	0.06672
V235	0.69304	0.11585	0.03843	0.11593	0.03676
V236	0.06335	0.1731	0.52245	0.18044	0.06066
V237	0.10968	0.17783	0.25869	0.28754	0.16626
V238	0.03111	0.09221	0.03666	0.31453	0.52549
V239	0.06725	0.3987	0.09608	0.19705	0.24092
V240	0.0673	0.70137	0.08545	0.06701	0.07886
V241	0.05753	0.75418	0.08521	0.05615	0.04694
V242	0.03834	0.33929	0.29421	0.24582	0.08233
V243	0.34842	0.15449	0.29458	0.0895	0.113
V244	0.03217	0.41144	0.21841	0.11992	0.21805
V245	0.05433	0.72987	0.1041	0.07121	0.04049
V246	0.46141	0.29389	0.07034	0.08137	0.09299
V247	0.13982	0.23095	0.49918	0.08815	0.0419
V248	0.09022	0.54532	0.08416	0.07173	0.20857
V249	0.20406	0.17974	0.21043	0.14634	0.25943
V250	0.01415	0.19881	0.54082	0.08033	0.16589
V251	0.19481	0.09922	0.11201	0.49436	0.0996
V252	0.02137	0.23552	0.47472	0.15558	0.11281
V253	0.23845	0.49463	0.13077	0.09118	0.04497
V254	0.40552	0.36184	0.05046	0.1334	0.04878
V255	0.60438	0.16566	0.03673	0.10549	0.08775
V256	0.04661	0.65351	0.08699	0.06465	0.14824
V257	0.33544	0.32487	0.16522	0.09227	0.0822
V258	0.15086	0.31137	0.08989	0.38369	0.06419
V259	0.3918	0.30719	0.18922	0.06937	0.04242
V260	0.21938	0.14527	0.12821	0.14899	0.35815
V261	0.02316	0.16113	0.44399	0.25436	0.11737
V262	0.65137	0.13297	0.07975	0.0993	0.03661
V263	0.58707	0.16148	0.04888	0.16494	0.03762
V264	0.07065	0.71568	0.0879	0.0844	0.04137
V265	0.59141	0.17582	0.101	0.09638	0.03539
V266	0.02905	0.11543	0.111	0.12921	0.61531
V267	0.06223	0.10205	0.03597	0.22247	0.57728
V268	0.16474	0.40377	0.17217	0.18602	0.07329
V269	0.07481	0.34648	0.33664	0.18446	0.05761
V270	0.07778	0.05372	0.06045	0.7243	0.08374
V271	0.19235	0.5971	0.0756	0.07607	0.05889
V272	0.0974	0.67405	0.09702	0.0658	0.06574
V273	0.23715	0.12318	0.18179	0.30436	0.15352
V274	0.09459	0.13332	0.06759	0.24122	0.46328
V275	0.04706	0.5931	0.19693	0.11446	0.04845
V276	0.01073	0.17524	0.56393	0.20361	0.04649
V277	0.25664	0.17415	0.47008	0.061	0.03813
V278	0.01764	0.14486	0.31802	0.38351	0.13598
V279	0.15214	0.06066	0.04202	0.63146	0.11372
V280	0.1824	0.08821	0.06482	0.52844	0.13613
V281	0.05096	0.22937	0.07985	0.56126	0.07856
V282	0.0649	0.74765	0.08464	0.05618	0.04664
V283	0.29261	0.12905	0.13208	0.11012	0.33614
V284	0.01906	0.25133	0.46449	0.06063	0.2045
V285	0.39871	0.41254	0.05494	0.09251	0.04131
V286	0.05538	0.20645	0.64078	0.07362	0.02377
V287	0.20344	0.16103	0.17827	0.2783	0.17896
V288	0.14434	0.18453	0.50857	0.06123	0.10133
V289	0.15299	0.2329	0.06179	0.48016	0.07216
V290	0.32666	0.41747	0.16464	0.0611	0.03013
V291	0.33383	0.23054	0.04592	0.33077	0.05894
V292	0.09416	0.17768	0.36857	0.0953	0.26429
V293	0.00115	0.25258	0.63628	0.07892	0.03106
V294	0.02855	0.11299	0.04056	0.13061	0.68728
V295	0.02702	0.13271	0.30848	0.42366	0.10813
V296	0.62412	0.18218	0.03997	0.10019	0.05354
V297	0.01412	0.18918	0.61354	0.1333	0.04985
V298	0.26144	0.07411	0.03378	0.48696	0.1437
V299	0.24506	0.05911	0.04198	0.58175	0.07211
V300	0.69913	0.11702	0.03955	0.10755	0.03674
V301	0.68714	0.1106	0.04286	0.11874	0.04067
V302	0.03358	0.082	0.0359	0.41017	0.43833
V303	0.09476	0.24852	0.22197	0.19523	0.23952
V304	0.13073	0.20625	0.57593	0.05478	0.03231
V305	0.17436	0.33861	0.12757	0.14628	0.21318
V306	0.26708	0.54564	0.06557	0.07428	0.04743
V307	0.19499	0.11749	0.25519	0.38125	0.05108
V308	0.1663	0.18165	0.51997	0.10515	0.02693
V309	0.48757	0.15874	0.07879	0.16542	0.10947
V310	0.04505	0.12073	0.03809	0.18277	0.61335
V311	0.05249	0.04606	0.06953	0.74115	0.09077
V312	0.07346	0.31348	0.2574	0.07134	0.28432
V313	0.07043	0.30721	0.05825	0.30863	0.25548
V314	0.09198	0.09197	0.03432	0.38055	0.40117
V315	0.68655	0.1135	0.04896	0.09816	0.05283
V316	0.09181	0.49867	0.26342	0.0727	0.07339
V317	0.27192	0.21545	0.41641	0.06106	0.03516
V318	0.66454	0.11161	0.04084	0.097	0.08602
V319	0.07125	0.22427	0.62874	0.05754	0.0182
V320	0.1058	0.04307	0.0358	0.72451	0.09083
V321	0.11087	0.34817	0.29556	0.19208	0.05332
V322	0.00821	0.32768	0.49211	0.08316	0.08884
V323	0.18298	0.29157	0.37985	0.07067	0.07493
V324	0.06778	0.08675	0.07007	0.68798	0.08742
V325	0.46745	0.1893	0.10879	0.15864	0.07582
V326	0.05701	0.1185	0.08405	0.19899	0.54144
V327	0.25875	0.44405	0.14739	0.07631	0.07349
V328	0.05671	0.2976	0.18753	0.38998	0.06818
V329	0.01896	0.15273	0.35516	0.41438	0.05878
V330	0.05399	0.2095	0.64207	0.0478	0.04663
V331	0.12314	0.13466	0.11465	0.15952	0.46803
V332	0.32791	0.19136	0.37567	0.06463	0.04044
V333	0.30255	0.15649	0.27879	0.17644	0.08573
V334	0.0331	0.33645	0.47429	0.10371	0.05245
V335	0.52631	0.16102	0.10551	0.10624	0.10092
V336	0.13096	0.50685	0.27394	0.04945	0.03881
V337	0.02825	0.10317	0.04571	0.22545	0.59742
V338	0.51664	0.14629	0.15889	0.09166	0.08653
V339	0.16688	0.48424	0.21234	0.05426	0.08228
V340	0.03837	0.24311	0.1415	0.12591	0.45111
V341	0.01915	0.46082	0.40499	0.05185	0.06318
V342	0.21463	0.24465	0.38129	0.13146	0.02797
V343	0.48748	0.14977	0.25966	0.07874	0.02436
V344	0.09357	0.63393	0.10745	0.07226	0.09279
V345	0.19765	0.12839	0.03581	0.30099	0.33715
V346	0.03791	0.33126	0.30902	0.25637	0.06544
V347	0.08511	0.45521	0.07885	0.2977	0.08314
V348	0.01921	0.23508	0.40106	0.22125	0.12341
V349	0.04774	0.35275	0.45885	0.05965	0.08102
V350	0.10153	0.39665	0.12684	0.23325	0.14173
V351	0.14045	0.15893	0.37733	0.27309	0.05019
V352	0.08609	0.4874	0.34161	0.05245	0.03244
V353	0.21163	0.34597	0.08133	0.10767	0.25341
V354	0.39766	0.16882	0.34858	0.06318	0.02176
V355	0.08392	0.12693	0.31117	0.41906	0.05892
V356	0.06234	0.20604	0.63046	0.06344	0.03773
V357	0.03358	0.19357	0.44986	0.08356	0.23943
V358	0.06081	0.07621	0.06214	0.71152	0.08932
V359	0.07996	0.13436	0.04194	0.66307	0.08067
V360	0.51811	0.14759	0.11213	0.18567	0.0365
V361	0.2673	0.44375	0.13247	0.06212	0.09435
V362	0.59124	0.12878	0.11587	0.08294	0.08116
V363	0.04544	0.12431	0.03788	0.21454	0.57784
V364	0.05521	0.29127	0.0657	0.39867	0.18915
V365	0.0483	0.04706	0.03838	0.75948	0.10678
V366	0.14881	0.19701	0.4823	0.09801	0.07386
V367	0.18251	0.27512	0.21778	0.18292	0.14167
V368	0.53704	0.18431	0.14095	0.08556	0.05214
V369	0.04224	0.55521	0.26218	0.10566	0.03471
V370	0.03462	0.21548	0.14906	0.33819	0.26265
V371	0.06136	0.72719	0.1192	0.05328	0.03897
V372	0.47185	0.17115	0.15592	0.15342	0.04767
V373	0.10352	0.55597	0.17625	0.12162	0.04265
V374	0.0896	0.1578	0.34309	0.36103	0.04847
V375	0.21445	0.17715	0.47878	0.10681	0.02281
V376	0.01315	0.1575	0.3783	0.08653	0.36452
V377	0.07923	0.45611	0.23361	0.18553	0.04553
V378	0.11095	0.49987	0.20918	0.05534	0.12465
V379	0.03553	0.12302	0.13435	0.15452	0.55258
V380	0.03325	0.13614	0.18561	0.43768	0.20732
V381	0.13892	0.14827	0.03845	0.11409	0.56028
V382	0.35084	0.08602	0.03326	0.30538	0.22449
V383	0.04895	0.10262	0.26441	0.52126	0.06276
V384	0.23892	0.13581	0.17487	0.36475	0.08565
V385	0.08786	0.18484	0.04158	0.11282	0.57289
V386	0.50865	0.09964	0.0368	0.30611	0.0488
V387	0.24555	0.08144	0.03552	0.5493	0.08819
V388	0.05843	0.68769	0.10674	0.10048	0.04667
V389	0.11257	0.64416	0.08654	0.07931	0.07742
V390	0.17704	0.0643	0.03401	0.58301	0.14164
V391	0.53531	0.21168	0.03891	0.13748	0.07662
V392	0.68198	0.13371	0.04559	0.10338	0.03534
V393	0.10201	0.11068	0.16405	0.45598	0.16729
V394	0.53736	0.11368	0.05555	0.19782	0.09559
V395	0.01974	0.12008	0.34516	0.45342	0.06159
V396	0.38449	0.17555	0.35144	0.06229	0.02623
V397	0.50274	0.20501	0.06984	0.16067	0.06174
V398	0.07727	0.08317	0.18042	0.53768	0.12146
V399	0.05676	0.11348	0.02912	0.30245	0.49819
V400	0.14056	0.46957	0.19155	0.15987	0.03845
V401	0.2246	0.17614	0.49947	0.07957	0.02023
V402	0.26831	0.17593	0.37616	0.10913	0.07046
V403	0.14271	0.15939	0.03119	0.20007	0.46664
V404	0.01259	0.17209	0.42643	0.31722	0.07166
V405	0.27939	0.28461	0.10666	0.22436	0.10499
V406	0.01107	0.2173	0.69737	0.04684	0.02743
V407	0.63973	0.14009	0.06732	0.119	0.03386
V408	0.04643	0.37055	0.05597	0.26219	0.26485
V409	0.1197	0.07311	0.08886	0.57777	0.14056
V410	0.10137	0.23933	0.30801	0.10012	0.25117
V411	0.02986	0.11114	0.03264	0.13899	0.68737
V412	0.02841	0.23189	0.1576	0.10767	0.47441
V413	0.036	0.28594	0.17905	0.32824	0.17078
V414	0.06148	0.14233	0.03117	0.44	0.32503
V415	0.15482	0.10608	0.03577	0.11922	0.58412
V416	0.10537	0.17096	0.05458	0.20452	0.46457
V417	0.00695	0.18813	0.60933	0.13486	0.06073
V418	0.42016	0.37384	0.07076	0.08163	0.05361
V419	0.21818	0.12156	0.04975	0.18778	0.42273
V420	0.19931	0.11901	0.12706	0.12946	0.42517
V421	0.01823	0.12731	0.15227	0.13523	0.56696
V422	0.04524	0.0734	0.07599	0.61915	0.18623
V423	0.22399	0.25487	0.27448	0.19465	0.05201
V424	0.00326	0.17305	0.44088	0.07372	0.30909
V425	0.2801	0.37485	0.04807	0.08379	0.2132
V426	0.21132	0.21208	0.05798	0.40534	0.11328
V427	0.17047	0.54606	0.19435	0.05263	0.0365
V428	0.08925	0.56263	0.13142	0.12147	0.09523
V429	0.11545	0.64918	0.07326	0.10403	0.05807
V430	0.03161	0.15973	0.37431	0.19745	0.2369
V431	0.10199	0.36774	0.22009	0.23319	0.07699
V432	0.25109	0.15074	0.14399	0.31713	0.13704
V433	0.14902	0.15967	0.4346	0.20844	0.04827
V434	0.17979	0.33331	0.3457	0.06499	0.07621
V435	0.38799	0.18047	0.31403	0.08853	0.02898
V436	0.05849	0.53367	0.15376	0.09478	0.1593
V437	0.17448	0.1192	0.05743	0.22304	0.42585
V438	0.11818	0.32319	0.21701	0.25723	0.08439
V439	0.47361	0.09467	0.07532	0.29929	0.05712
V440	0.01936	0.38361	0.48535	0.05689	0.05478
V441	0.03119	0.4919	0.37525	0.06788	0.03379
V442	0.0648	0.74642	0.09213	0.05575	0.04089
V443	0.6835	0.10933	0.04257	0.12829	0.03632
V444	0.14297	0.3961	0.08082	0.30393	0.07618
V445	0.07575	0.37783	0.08879	0.38587	0.07176
V446	0.11493	0.10835	0.12267	0.48924	0.16481
V447	0.08376	0.08039	0.04147	0.437	0.35739
V448	0.1536	0.11415	0.05065	0.12726	0.55434
V449	0	0.21449	0.71955	0.0482	0.01776
V450	0.16761	0.19648	0.24689	0.16649	0.22254
V451	0.23237	0.23545	0.09653	0.31436	0.12129
V452	0.03933	0.08216	0.17524	0.60108	0.10219
V453	0.04398	0.08359	0.02801	0.45043	0.39398
V454	0.00554	0.1896	0.56648	0.0744	0.16398
V455	0.05562	0.30008	0.28242	0.09922	0.26266
V456	0.68013	0.11523	0.03659	0.11349	0.05456
V457	0.49622	0.25189	0.07379	0.11921	0.05889
V458	0.02146	0.38625	0.45409	0.08568	0.0525
V459	0.13483	0.12926	0.08326	0.43678	0.21587
V460	0.48241	0.16122	0.19574	0.11745	0.04318
V461	0.15016	0.34494	0.25343	0.07443	0.17705
V462	0.06903	0.13453	0.04577	0.46581	0.28485
V463	0.204	0.10872	0.04511	0.5646	0.07758
V464	0.11762	0.28378	0.51449	0.05869	0.02542
V465	0.0527	0.18515	0.04979	0.12671	0.58565
V466	0.04654	0.09715	0.02957	0.19489	0.63184
V467	0.07429	0.25934	0.06392	0.47328	0.12917
V468	0.41881	0.32371	0.14112	0.06749	0.04887
V469	0.03281	0.34052	0.10098	0.27423	0.25145
V470	0.60807	0.14827	0.06044	0.14307	0.04016
V471	0.31467	0.30929	0.07061	0.17534	0.1301
V472	0.02481	0.13919	0.07285	0.12035	0.6428
V473	0.03803	0.26999	0.25181	0.28408	0.15609
V474	0.24961	0.18276	0.09314	0.38935	0.08513
V475	0.11697	0.193	0.48837	0.07881	0.12286
V476	0.15113	0.10567	0.12182	0.51332	0.10806
V477	0.05769	0.75256	0.09281	0.05585	0.04109
V478	0.16364	0.11293	0.03608	0.11771	0.56963
V479	0.60698	0.14986	0.06677	0.13702	0.03936
V480	0.1245	0.55844	0.11566	0.13904	0.06236
V481	0.20433	0.36234	0.10612	0.19813	0.12908
V482	0.0992	0.58075	0.22935	0.04894	0.04175
V483	0.26429	0.46504	0.05688	0.14123	0.07256
V484	0.18295	0.45897	0.15945	0.15001	0.04862
V485	0.48211	0.17323	0.13498	0.16068	0.049
V486	0.05893	0.20333	0.29178	0.0813	0.36465
V487	0.11119	0.21894	0.36732	0.25771	0.04484
V488	0.34495	0.13626	0.03025	0.33042	0.15812
V489	0.00726	0.31006	0.55185	0.0961	0.03472
V490	0.00957	0.18149	0.59374	0.18167	0.03353
V491	0.04207	0.44662	0.10028	0.14282	0.26821
V492	0.05915	0.16499	0.06687	0.61376	0.09524
V493	0.05744	0.03862	0.03792	0.77176	0.09426
V494	0.28502	0.07067	0.04778	0.47956	0.11697
V495	0.25483	0.2702	0.21999	0.181	0.07399
V496	0.12511	0.14206	0.08397	0.10842	0.54043
V497	0.09363	0.14887	0.16526	0.16638	0.42587
V498	0.07573	0.70875	0.10092	0.05929	0.0553
V499	0.04026	0.29756	0.26761	0.11431	0.28026
V500	0.10101	0.44515	0.15464	0.21516	0.08404
V501	0.07426	0.34903	0.06115	0.09718	0.41838
V502	0.12084	0.65401	0.11034	0.0768	0.03802
V503	0.33808	0.1409	0.20684	0.1743	0.13989
V504	0.38395	0.25384	0.04546	0.09109	0.22566
V505	0.48301	0.11317	0.05471	0.15335	0.19577
V506	0.03297	0.49424	0.12008	0.07576	0.27696
V507	0.61856	0.10771	0.06292	0.15601	0.0548
V508	0.03259	0.5588	0.24818	0.07816	0.08227
V509	0.05556	0.43417	0.17927	0.19968	0.13131
V510	0.32316	0.44287	0.09726	0.09661	0.0401
V511	0.04892	0.35682	0.45219	0.0755	0.06657
V512	0.12538	0.44036	0.20635	0.09343	0.13447
V513	0.14652	0.57552	0.13157	0.08867	0.05772
V514	0.02086	0.13359	0.23351	0.12342	0.48861
V515	0.09777	0.14959	0.03514	0.63813	0.07938
V516	0.14384	0.34943	0.14679	0.29878	0.06116
V517	0.05074	0.07945	0.07876	0.70263	0.08843
V518	0.30747	0.14906	0.29208	0.19679	0.0546
V519	0.58463	0.14689	0.04127	0.18311	0.0441
V520	0.07615	0.69365	0.09292	0.09579	0.0415
V521	0.19058	0.08306	0.15087	0.50619	0.0693
V522	0.03859	0.28271	0.48286	0.14118	0.05466
V523	0.1034	0.21534	0.57624	0.08013	0.02489
V524	0.23772	0.19152	0.45623	0.05627	0.05827
V525	0.02793	0.2625	0.07146	0.11035	0.52776
V526	0.0258	0.21552	0.65765	0.06281	0.03822
V527	0.06649	0.45521	0.37885	0.05733	0.04212
V528	0.16154	0.05247	0.04991	0.65797	0.0781
V529	0.14591	0.20459	0.56668	0.0553	0.02752
V530	0.01172	0.20838	0.6659	0.0793	0.0347
V531	0.14969	0.48018	0.13805	0.07336	0.15871
V532	0.0548	0.32432	0.29875	0.06674	0.25538
V533	0.24112	0.11194	0.02871	0.11387	0.50436
V534	0.13846	0.10736	0.03114	0.62718	0.09586
V535	0.59978	0.19639	0.0844	0.08344	0.03598
V536	0.09855	0.27326	0.35544	0.08518	0.18756
V537	0.03551	0.12823	0.04795	0.12489	0.66341
V538	0.48021	0.18875	0.04141	0.10994	0.17969
V539	0.012	0.26471	0.53867	0.11728	0.06734
V540	0.14022	0.44755	0.1366	0.09993	0.1757
V541	0.04176	0.40893	0.07412	0.10313	0.37206
V542	0.05085	0.33348	0.14935	0.36814	0.09818
V543	0.04626	0.24391	0.54796	0.08297	0.07891
V544	0.26509	0.26167	0.19557	0.11593	0.16174
V545	0.47784	0.34876	0.05771	0.08114	0.03456
V546	0.06726	0.65384	0.14768	0.0572	0.07401
V547	0.09165	0.64642	0.07292	0.12894	0.06008
V548	0.0478	0.09305	0.04074	0.72667	0.09174
V549	0.02758	0.10298	0.05328	0.23694	0.57921
V550	0.04717	0.69411	0.16051	0.05599	0.04221
V551	0.05953	0.03649	0.03066	0.78405	0.08928
V552	0.19804	0.11996	0.05023	0.13485	0.49693
V553	0.57803	0.11322	0.05001	0.19037	0.06836
V554	0.08935	0.17776	0.42068	0.26325	0.04896
V555	0.05531	0.7424	0.0905	0.05478	0.057
V556	0.09683	0.1046	0.08448	0.60265	0.11143
V557	0.25976	0.26352	0.07635	0.31472	0.08565
V558	0.00791	0.19374	0.61299	0.14478	0.04057
V559	0.07833	0.42017	0.40392	0.05213	0.04545
V560	0.46126	0.28351	0.15729	0.06932	0.02862
V561	0.51967	0.12781	0.1505	0.08945	0.11257
V562	0.11095	0.1658	0.17386	0.15546	0.39393
V563	0.17287	0.30764	0.22013	0.14345	0.1559
V564	0.29002	0.11283	0.0862	0.32715	0.1838
V565	0.02743	0.11117	0.04739	0.15377	0.66024
V566	0.25243	0.19454	0.0626	0.31137	0.17906
V567	0.01045	0.20833	0.71169	0.04735	0.02217
V568	0.03244	0.28214	0.38956	0.25546	0.0404
V569	0.46367	0.1856	0.12955	0.16148	0.0597
V570	0.11864	0.1333	0.27084	0.3793	0.09793
V571	0.21373	0.12376	0.2316	0.3043	0.12661
V572	0.62955	0.11394	0.03328	0.10115	0.12209
V573	0.0729	0.17384	0.3166	0.32005	0.11661
V574	0.39483	0.30727	0.11299	0.13468	0.05022
V575	0.29381	0.14281	0.14052	0.1241	0.29875
V576	0.05211	0.72027	0.08741	0.06099	0.07922
V577	0.32418	0.44186	0.0903	0.10284	0.04081
V578	0.02553	0.25424	0.45066	0.20266	0.06691
V579	0.02252	0.48119	0.3288	0.06686	0.10062
V580	0.18578	0.47072	0.07164	0.20913	0.06274
V581	0.04559	0.45401	0.36076	0.10377	0.03587
V582	0	0.22831	0.70068	0.05269	0.01832
V583	0.42923	0.16066	0.30047	0.08545	0.02419
V584	0.18131	0.46272	0.15135	0.083	0.12162
V585	0.05234	0.64417	0.13193	0.09379	0.07777
V586	0.04226	0.64723	0.21603	0.05981	0.03466
V587	0.06066	0.596	0.07447	0.08186	0.187
V588	0.17361	0.40197	0.34349	0.05084	0.03009
V589	0.10001	0.37425	0.0954	0.35588	0.07447
V590	0.05664	0.6614	0.07327	0.06583	0.14286
V591	0.35743	0.44199	0.09075	0.07108	0.03876
V592	0.01132	0.18832	0.61039	0.07511	0.11486
V593	0.35068	0.07891	0.03449	0.44088	0.09505
V594	0.00536	0.24828	0.53954	0.14755	0.05928
V595	0.40735	0.12917	0.09306	0.29659	0.07383
V596	0.33929	0.25378	0.21174	0.14721	0.04798
V597	0.03939	0.24496	0.046	0.17741	0.49224
V598	0.46316	0.11457	0.03606	0.09933	0.28689
V599	0.07844	0.37649	0.13517	0.3324	0.07749
V600	0.22773	0.12108	0.18999	0.33607	0.12513
V601	0.13999	0.1507	0.03863	0.43313	0.23755
V602	0.61092	0.21659	0.04374	0.09394	0.03482
V603	0.12346	0.21011	0.06452	0.1896	0.41232
V604	0.01437	0.19199	0.57391	0.12097	0.09875
V605	0.0353	0.16957	0.15348	0.14571	0.49594
V606	0.62959	0.10858	0.03274	0.10184	0.12725
V607	0.14746	0.19398	0.05596	0.11043	0.49217
V608	0.55936	0.12642	0.06298	0.14549	0.10575
V609	0.16955	0.30347	0.05803	0.35816	0.11078
V610	0.09074	0.55353	0.07224	0.2284	0.05508
V611	0.19055	0.1943	0.49127	0.06963	0.05424
V612	0.28097	0.18134	0.28855	0.08077	0.16838
V613	0.32238	0.46449	0.09255	0.08556	0.03501
V614	0.42464	0.13137	0.0496	0.14537	0.24902
V615	0.02979	0.15489	0.15442	0.48798	0.17292
V616	0.48168	0.12667	0.1597	0.17327	0.05868
V617	0.16656	0.20464	0.39972	0.12157	0.1075
V618	0.53076	0.18467	0.09409	0.09055	0.09993
V619	0.40753	0.16344	0.16529	0.0837	0.18004
V620	0.05081	0.13523	0.32936	0.42525	0.05936
V621	0.11187	0.29568	0.2929	0.06695	0.2326
V622	0.0194	0.2928	0.33881	0.07435	0.27463
V623	0.09047	0.06187	0.03437	0.6075	0.20579
V624	0.66169	0.10958	0.04034	0.11117	0.07723
V625	0.03836	0.11226	0.12119	0.64504	0.08315
V626	0.0616	0.17176	0.46666	0.24777	0.05221
V627	0.09702	0.23821	0.14672	0.10865	0.40939
V628	0.68127	0.12131	0.04372	0.11791	0.03579
V629	0.08995	0.31413	0.50611	0.06314	0.02668
V630	0.02828	0.24569	0.0624	0.11947	0.54416
V631	0.01093	0.14865	0.27529	0.10024	0.46489
V632	0.05579	0.65056	0.07934	0.08252	0.13179
V633	0.06995	0.08799	0.11417	0.46722	0.26067
V634	0.31069	0.41464	0.17946	0.06517	0.03003
V635	0.04062	0.21029	0.20429	0.10363	0.44117
V636	0.15681	0.24852	0.29716	0.189	0.10851
V637	0.16497	0.15598	0.362	0.22626	0.0908
V638	0.07743	0.44294	0.07592	0.13148	0.27223
V639	0.39738	0.38033	0.11933	0.06672	0.03624
V640	0.10436	0.24323	0.11515	0.24396	0.29331
V641	0.09691	0.59984	0.09003	0.15295	0.06027
V642	0.55207	0.12369	0.03896	0.24156	0.04372
V643	0.057	0.69781	0.13819	0.06877	0.03823
V644	0.06048	0.39039	0.0745	0.38961	0.08502
V645	0.14596	0.61309	0.08453	0.11536	0.04106
V646	0.12523	0.46861	0.08613	0.22661	0.09342
V647	0.67609	0.10819	0.04176	0.13728	0.03668
V648	0.36052	0.16964	0.03939	0.278	0.15245
V649	0.2242	0.18258	0.10728	0.16456	0.32137
V650	0.0589	0.05016	0.08516	0.72283	0.08294
V651	0.14771	0.21656	0.03915	0.52565	0.07093
V652	0.30839	0.08014	0.06337	0.47404	0.07406
V653	0.29105	0.09175	0.0786	0.44909	0.08952
V654	0.04618	0.16514	0.03332	0.15803	0.59734
V655	0.1349	0.15714	0.28572	0.3666	0.05564
V656	0.114	0.11186	0.02835	0.18457	0.56122
V657	0.04909	0.44075	0.08534	0.29839	0.12643
V658	0.05197	0.09329	0.05957	0.53945	0.25572
V659	0.04588	0.08073	0.10183	0.64972	0.12184
V660	0.06537	0.35727	0.0693	0.11368	0.39439
V661	0.05296	0.56247	0.08022	0.18726	0.11708
V662	0.04202	0.43175	0.07607	0.0826	0.36756
V663	0.70223	0.1135	0.04552	0.10261	0.03614
V664	0.04001	0.09382	0.14019	0.37638	0.3496
V665	0.0335	0.549	0.24765	0.10759	0.06226
V666	0.09109	0.6964	0.1153	0.05899	0.03821
V667	0.03526	0.49288	0.28426	0.12033	0.06727
V668	0.47271	0.2735	0.08909	0.11617	0.04853
V669	0.36609	0.31977	0.07165	0.13584	0.10664
V670	0.08898	0.55371	0.10736	0.0847	0.16526
V671	0.54098	0.13745	0.19023	0.09924	0.03209
V672	0.09342	0.1557	0.11749	0.30443	0.32896
V673	0.02973	0.119	0.03141	0.19371	0.62615
V674	0.25799	0.2285	0.41291	0.05577	0.04483
V675	0.51701	0.11073	0.06844	0.19253	0.11129
V676	0.1842	0.23311	0.42138	0.05727	0.10404
V677	0.05074	0.29732	0.23616	0.32442	0.09136
V678	0.05691	0.34114	0.0607	0.11158	0.42968
V679	0.02239	0.14328	0.40782	0.37292	0.0536
V680	0.15968	0.09082	0.04824	0.34939	0.35186
V681	0.41143	0.11966	0.07063	0.29053	0.10775
V682	0	0.21449	0.71955	0.0482	0.01776
V683	0.04869	0.28927	0.52464	0.04976	0.08764
V684	0.08969	0.04881	0.03672	0.73894	0.08584
V685	0.00651	0.20222	0.65017	0.11367	0.02743
V686	0.23092	0.52416	0.12634	0.07407	0.04451
V687	0.00877	0.15715	0.49629	0.28792	0.04987
V688	0	0.21101	0.70831	0.05272	0.02795
V689	0.36815	0.16875	0.19864	0.14629	0.11817
V690	0.10019	0.69073	0.09209	0.07192	0.04507
V691	0.14101	0.16894	0.07986	0.51797	0.09223
V692	0.09237	0.07291	0.04344	0.64904	0.14223
V693	0.02118	0.46842	0.41017	0.06744	0.03278
V694	0.09843	0.21503	0.0758	0.49382	0.11693
V695	0.11147	0.21316	0.16827	0.10201	0.40508
V696	0.08546	0.18852	0.58522	0.05726	0.08354
V697	0.09117	0.20317	0.30121	0.29045	0.114
V698	0.02333	0.14319	0.19318	0.10913	0.53117
V699	0.05991	0.07831	0.0747	0.57065	0.21644
V700	0.06073	0.67111	0.14209	0.05154	0.07453
V701	0.02891	0.24468	0.05459	0.11469	0.55712
V702	0.0498	0.1506	0.04139	0.57974	0.17847
V703	0.05418	0.058	0.05399	0.74208	0.09176
V704	0.038	0.1979	0.36491	0.08667	0.31252
V705	0.6793	0.12102	0.03717	0.10824	0.05427
V706	0.13759	0.20766	0.17712	0.37054	0.10708
V707	0.13095	0.193	0.10299	0.27666	0.2964
V708	0.02604	0.51983	0.37463	0.05119	0.02831
V709	0.02558	0.12344	0.06434	0.12406	0.66258
V710	0.09781	0.18631	0.42	0.06706	0.22882
V711	0.06807	0.10682	0.0527	0.13567	0.63674
V712	0.04685	0.18526	0.56041	0.16954	0.03795
V713	0.19246	0.41007	0.30798	0.0626	0.02689
V714	0.06293	0.11158	0.03074	0.12844	0.66632
V715	0.01095	0.33594	0.50693	0.11413	0.03204
V716	0.54677	0.23234	0.05379	0.1177	0.04941
V717	0.31022	0.24177	0.14627	0.0938	0.20795
V718	0.47521	0.14924	0.24885	0.07439	0.0523
V719	0.31467	0.28106	0.13413	0.15179	0.11835
V720	0.11416	0.15229	0.11627	0.12725	0.49003
V721	0.04026	0.11747	0.0783	0.13261	0.63136
V722	0.0439	0.25576	0.09537	0.42769	0.17728
V723	0.11007	0.24555	0.14121	0.42566	0.07751
V724	0.11881	0.55246	0.10112	0.17801	0.0496
V725	0.04487	0.11275	0.03918	0.128	0.6752
V726	0.1867	0.45769	0.10568	0.10543	0.1445
V727	0.00366	0.21182	0.70432	0.05241	0.02778
V728	0.55948	0.13875	0.13704	0.12903	0.0357
V729	0.46588	0.17791	0.06137	0.24561	0.04923
V730	0.10351	0.14967	0.34359	0.3188	0.08442
V731	0.04287	0.06435	0.08721	0.72233	0.08324
V732	0.05795	0.03812	0.03817	0.77745	0.08831
V733	0.01848	0.22167	0.6859	0.04665	0.02729
V734	0.35463	0.20537	0.31278	0.09258	0.03465
V735	0.06525	0.251	0.23043	0.09939	0.35393
V736	0.0283	0.14162	0.04131	0.12526	0.66351
V737	0.69834	0.11835	0.04568	0.10167	0.03595
V738	0.03502	0.44433	0.06964	0.08868	0.36234
V739	0.05872	0.05214	0.03106	0.76948	0.0886
V740	0.18354	0.18539	0.13207	0.10485	0.39415
V741	0.40701	0.1052	0.03503	0.31209	0.14067
V742	0.05889	0.17895	0.45724	0.17293	0.13199
V743	0.03923	0.15157	0.10305	0.1805	0.52565
V744	0.17128	0.14463	0.17932	0.419	0.08576
V745	0.16662	0.08251	0.07404	0.59753	0.07931
V746	0.29323	0.48521	0.09403	0.06816	0.05937
V747	0.01845	0.21975	0.67732	0.05183	0.03264
V748	0.13117	0.28385	0.27655	0.1078	0.20063
V749	0.16596	0.17319	0.14144	0.37324	0.14618
V750	0.56101	0.2356	0.04891	0.11889	0.03559
V751	0.02858	0.39349	0.48735	0.0614	0.02917
V752	0.03548	0.20918	0.05981	0.11738	0.57816
V753	0.3956	0.17716	0.23302	0.091	0.10322
V754	0.12178	0.30606	0.05287	0.44839	0.07089
V755	0.20381	0.59365	0.10436	0.05744	0.04074
V756	0.03553	0.19144	0.05818	0.1509	0.56395
V757	0.16931	0.07241	0.11956	0.56368	0.07505
V758	0.08121	0.3884	0.05234	0.40857	0.06948
V759	0.08686	0.14855	0.12539	0.10506	0.53413
V760	0.07538	0.14681	0.21639	0.25826	0.30314
V761	0.04438	0.33103	0.54774	0.0509	0.02595
V762	0.03044	0.13701	0.18527	0.36378	0.2835
V763	0.04003	0.31041	0.05149	0.10039	0.49768
V764	0.12081	0.11832	0.10894	0.56923	0.08269
V765	0.12231	0.19576	0.51907	0.08572	0.07714
V766	0.06421	0.45988	0.26539	0.08904	0.12148
V767	0.22598	0.44078	0.11123	0.09856	0.12345
V768	0.06472	0.6819	0.12113	0.08727	0.04499
V769	0.53734	0.14434	0.18425	0.07969	0.05438
V770	0.2259	0.16267	0.41503	0.16281	0.0336
V771	0.07186	0.61489	0.07645	0.12577	0.11103
V772	0.03301	0.21477	0.68258	0.05212	0.01752
V773	0.04687	0.09931	0.02895	0.23966	0.5852
V774	0.11843	0.17778	0.45303	0.06345	0.18731
V775	0.66012	0.10915	0.05252	0.1335	0.04471
V776	0.27582	0.40547	0.18769	0.08029	0.05072
V777	0.16979	0.38082	0.25406	0.13038	0.06495
V778	0.42142	0.14012	0.044	0.23756	0.15691
V779	0.0539	0.41505	0.43971	0.05647	0.03487
V780	0.01086	0.20768	0.71109	0.0528	0.01757
V781	0.14691	0.34737	0.19901	0.06928	0.23743
V782	0.20199	0.2879	0.0622	0.0952	0.3527
V783	0	0.18443	0.53409	0.07898	0.2025
V784	0.04663	0.53406	0.06336	0.245	0.11095
V785	0.53679	0.19782	0.0378	0.15472	0.07287
V786	0.16175	0.21708	0.05278	0.48373	0.08466
V787	0.13002	0.51701	0.06095	0.19955	0.09247
V788	0.3009	0.4018	0.11419	0.06638	0.11674
V789	0.03557	0.20082	0.04326	0.3852	0.33514
V790	0.23675	0.27366	0.09801	0.15903	0.23256
V791	0.15848	0.26599	0.10725	0.21613	0.25215
V792	0.67936	0.12534	0.05599	0.09623	0.04308
V793	0.27065	0.29952	0.09214	0.14209	0.1956
V794	0.02967	0.12847	0.12669	0.22685	0.48833
V795	0.12297	0.6763	0.09047	0.06091	0.04934
V796	0.24014	0.38866	0.14475	0.16662	0.05983
V797	0.13893	0.10365	0.02842	0.1344	0.59459
V798	0.12349	0.47073	0.06335	0.1326	0.20982
V799	0.05623	0.18745	0.0836	0.56322	0.1095
V800	0.04414	0.11269	0.04508	0.20179	0.5963
V801	0.30783	0.10177	0.13889	0.3767	0.0748
V802	0.04607	0.25985	0.05508	0.11111	0.5279
V803	0.2707	0.09144	0.03596	0.51668	0.08523
V804	0.16866	0.22384	0.20816	0.31695	0.0824
V805	0.11534	0.2384	0.38458	0.16953	0.09215
V806	0.36056	0.14458	0.19752	0.12212	0.17522
V807	0.53797	0.12088	0.08888	0.12249	0.12978
V808	0.61502	0.12192	0.07651	0.09289	0.09367
V809	0.17312	0.53225	0.08264	0.08562	0.12637
V810	0.04837	0.12769	0.06903	0.43097	0.32393
V811	0.06127	0.1808	0.05637	0.18162	0.51994
V812	0.03518	0.5665	0.23316	0.10768	0.05748
V813	0.03328	0.29567	0.23455	0.07879	0.3577
V814	0.17186	0.48166	0.11627	0.17215	0.05805
V815	0.19814	0.56694	0.09429	0.09749	0.04314
V816	0.04679	0.44693	0.06437	0.35852	0.08339
V817	0.5668	0.15009	0.1575	0.09709	0.02851
V818	0.03554	0.29188	0.33861	0.0897	0.24427
V819	0.67708	0.12202	0.04945	0.11632	0.03513
V820	0.07591	0.35028	0.15754	0.33922	0.07705
V821	0.02991	0.11182	0.0329	0.13297	0.69241
V822	0.18747	0.0683	0.04298	0.62499	0.07626
V823	0.04603	0.20167	0.23605	0.08858	0.42767
V824	0.07664	0.13686	0.05416	0.1181	0.61424
V825	0.1097	0.17399	0.5186	0.1698	0.02791
V826	0.02556	0.20808	0.6855	0.06284	0.01802
V827	0.29675	0.18971	0.03455	0.35363	0.12534
V828	0.20386	0.22636	0.13412	0.12706	0.3086
V829	0.07906	0.20003	0.29397	0.19287	0.23407
V830	0.10402	0.19471	0.54681	0.06887	0.08559
V831	0.04618	0.61259	0.11503	0.16489	0.0613
V832	0.18961	0.09925	0.09472	0.27027	0.34614
V833	0.16916	0.63022	0.07867	0.05818	0.06377
V834	0.54854	0.20791	0.07033	0.10168	0.07154
V835	0.21223	0.30169	0.12487	0.25787	0.10334
V836	0.26814	0.19841	0.37385	0.12798	0.03162
V837	0.04938	0.68351	0.09077	0.08509	0.09125
V838	0.04099	0.0532	0.10248	0.71486	0.08846
V839	0.0465	0.14436	0.10318	0.11213	0.59384
V840	0.66921	0.11832	0.06034	0.11351	0.03862
V841	0.15253	0.19933	0.57005	0.05553	0.02256
V842	0.38863	0.15624	0.20307	0.20552	0.04655
V843	0.35813	0.13138	0.15969	0.13473	0.21607
V844	0.01053	0.28723	0.60463	0.06183	0.03578
V845	0.05552	0.06548	0.02727	0.55976	0.29197
V846	0.10518	0.15159	0.12461	0.1453	0.47332
V847	0.18872	0.11187	0.0799	0.19337	0.42614
V848	0.55518	0.13319	0.03807	0.15461	0.11894
V849	0.09597	0.21632	0.55755	0.0563	0.07386
V850	0.1725	0.16397	0.27679	0.17817	0.20857
V851	0.70052	0.11181	0.03884	0.10757	0.04126
V852	0.2076	0.15625	0.10594	0.2135	0.31671
V853	0.0279	0.24651	0.50631	0.14351	0.07576
V854	0.04432	0.37347	0.2637	0.11735	0.20116
V855	0.10208	0.36919	0.13306	0.28667	0.109
V856	0.14086	0.3974	0.1018	0.07547	0.28447
V857	0.0815	0.13564	0.18285	0.37862	0.22139
V858	0.03292	0.3608	0.21621	0.21308	0.17699
V859	0.14355	0.0681	0.05039	0.63658	0.10138
V860	0.06244	0.17678	0.09837	0.54855	0.11387
V861	0.14151	0.09909	0.14651	0.54006	0.07283
V862	0.077	0.10833	0.05141	0.18454	0.57873
V863	0.05407	0.73315	0.09642	0.0597	0.05666
V864	0.02616	0.19597	0.66762	0.09024	0.02001
V865	0.06531	0.16892	0.51844	0.21527	0.03207
V866	0.02767	0.19611	0.52412	0.20432	0.04778
V867	0.45636	0.13392	0.0373	0.09716	0.27526
V868	0.17265	0.28959	0.36101	0.13208	0.04467
V869	0.03466	0.10723	0.05503	0.13296	0.67012
V870	0.22935	0.22453	0.11058	0.25088	0.18466
V871	0.04567	0.15637	0.12753	0.16885	0.50158
V872	0.32701	0.10798	0.04318	0.42764	0.09418
V873	0.06384	0.32738	0.18066	0.32853	0.09958
V874	0.09574	0.14789	0.03886	0.12333	0.59418
V875	0.03689	0.21152	0.06024	0.44865	0.24269
V876	0.37994	0.16252	0.0873	0.10065	0.26959
V877	0.19725	0.53296	0.09843	0.12187	0.04949
V878	0.04707	0.57616	0.10458	0.2131	0.0591
V879	0.65966	0.13799	0.04968	0.11333	0.03934
V880	0.09205	0.14367	0.06085	0.40407	0.29936
V881	0.00913	0.17749	0.47059	0.06904	0.27375
V882	0.06326	0.41432	0.06965	0.39111	0.06167
V883	0.40379	0.22313	0.05019	0.20963	0.11325
V884	0.03022	0.10394	0.03265	0.14076	0.69243
V885	0.13167	0.19778	0.35219	0.14303	0.17533
V886	0.02772	0.09237	0.06041	0.27711	0.5424
V887	0.09279	0.70482	0.08612	0.05537	0.0609
V888	0.07974	0.14393	0.08752	0.57313	0.11569
V889	0.11188	0.65835	0.11046	0.07067	0.04864
V890	0.05398	0.09267	0.15752	0.5461	0.14973
V891	0	0.2274	0.69613	0.0579	0.01858
V892	0.45838	0.2751	0.06196	0.08388	0.12068
V893	0.1093	0.2758	0.44007	0.10748	0.06736
V894	0.09903	0.46263	0.10158	0.25276	0.08399
V895	0.47851	0.14836	0.25484	0.08865	0.02964
V896	0.17364	0.26459	0.24103	0.27124	0.04949
V897	0.03986	0.05323	0.0682	0.66864	0.17008
V898	0.3334	0.11342	0.04195	0.12235	0.38887
V899	0.42919	0.32633	0.12077	0.06916	0.05455
V900	0.20064	0.28201	0.27036	0.19439	0.05261
V901	0.51195	0.13936	0.03836	0.21652	0.09381
