mature.neutrophil	CD14.pos.CD16.neg.classical.monocyte	macrophage	memory.CD4.pos.AB.T.cell	cytotoxic.CD56.dim.NK.cell
V1	0.22898	0.17445	0.27465	0.2104	0.11153
V2	0.07977	0.56236	0.11966	0.16945	0.06877
V3	0.07711	0.12233	0.39215	0.37283	0.03558
V4	0.047	0.15363	0.25833	0.10684	0.43419
V5	0.05476	0.13051	0.09205	0.14654	0.57615
V6	0.23119	0.11589	0.28509	0.27216	0.09567
V7	0.04184	0.17124	0.39949	0.12228	0.26515
V8	0.03728	0.17885	0.6401	0.11847	0.0253
V9	0.07909	0.08611	0.26013	0.54057	0.0341
V10	0.28351	0.14391	0.41766	0.10286	0.05205
V11	0.06592	0.14552	0.13683	0.11907	0.53266
V12	0.09304	0.11877	0.24052	0.31174	0.23593
V13	0.13435	0.1049	0.07383	0.43655	0.25038
V14	0.14975	0.05892	0.10252	0.60274	0.08607
V15	0.07185	0.04623	0.0278	0.8089	0.04522
V16	0.39907	0.093	0.05539	0.39686	0.05567
V17	0.09055	0.26698	0.05828	0.13511	0.44909
V18	0.09143	0.32189	0.28305	0.26292	0.0407
V19	0.0682	0.12878	0.02842	0.16529	0.60932
V20	0.03604	0.15402	0.56146	0.21813	0.03034
V21	0.05624	0.26388	0.1744	0.21793	0.28755
V22	0.54556	0.11918	0.11172	0.14893	0.0746
V23	0.10011	0.12581	0.05564	0.18722	0.53122
V24	0.34346	0.1605	0.06525	0.15879	0.272
V25	0.06719	0.10022	0.04555	0.43851	0.34853
V26	0.34457	0.20647	0.1097	0.15888	0.18038
V27	0.11497	0.39444	0.2342	0.11062	0.14577
V28	0.06518	0.11702	0.21671	0.55272	0.04837
V29	0.04828	0.0936	0.3123	0.50947	0.03635
V30	0.50688	0.13358	0.0747	0.16443	0.12041
V31	0.31747	0.15356	0.05749	0.31449	0.15699
V32	0.62056	0.06233	0.05343	0.16549	0.09819
V33	0.06168	0.23471	0.0553	0.17879	0.46951
V34	0.13163	0.60031	0.07364	0.14164	0.05278
V35	0.09558	0.44032	0.29603	0.12945	0.03862
V36	0.05896	0.229	0.20624	0.15067	0.35514
V37	0.52536	0.07419	0.04106	0.15346	0.20593
V38	0.10395	0.14634	0.4262	0.22051	0.103
V39	0.22111	0.149	0.33464	0.10647	0.18878
V40	0.19576	0.43902	0.07872	0.21784	0.06865
V41	0.07951	0.6151	0.08136	0.12844	0.09559
V42	0.58087	0.08874	0.06638	0.16251	0.1015
V43	0.30112	0.17614	0.34298	0.13173	0.04804
V44	0.05188	0.2861	0.49341	0.08393	0.08467
V45	0.06674	0.4812	0.15557	0.23153	0.06496
V46	0.11899	0.54244	0.13507	0.14875	0.05475
V47	0.03192	0.18881	0.67841	0.07084	0.03002
V48	0.14143	0.1648	0.24335	0.34373	0.10669
V49	0.3063	0.16918	0.24959	0.22496	0.04997
V50	0.04224	0.19319	0.6664	0.07163	0.02653
V51	0.10381	0.27056	0.23557	0.14119	0.24888
V52	0.08716	0.64249	0.07638	0.14182	0.05215
V53	0.07301	0.13757	0.04341	0.70537	0.04064
V54	0.19064	0.05606	0.04646	0.55396	0.15287
V55	0.10409	0.03524	0.02773	0.79079	0.04215
V56	0.10194	0.03856	0.03524	0.72083	0.10343
V57	0.11663	0.206	0.48419	0.1035	0.08969
V58	0.09121	0.11183	0.1701	0.24063	0.38623
V59	0.55781	0.0871	0.13075	0.15888	0.06546
V60	0.3022	0.20056	0.16729	0.22028	0.10967
V61	0.17862	0.09855	0.06456	0.28073	0.37754
V62	0.07538	0.14784	0.31044	0.17719	0.28915
V63	0.29594	0.24338	0.11225	0.15066	0.19776
V64	0.61892	0.0724	0.06848	0.16453	0.07567
V65	0.10723	0.10279	0.07329	0.59653	0.12016
V66	0.0678	0.06151	0.15273	0.67846	0.0395
V67	0.04425	0.15377	0.33899	0.14209	0.3209
V68	0.28622	0.12649	0.37299	0.13277	0.08153
V69	0.38427	0.16108	0.23072	0.14094	0.08299
V70	0.08594	0.50152	0.106	0.25344	0.05312
V71	0.10806	0.55206	0.11083	0.17888	0.05017
V72	0.07148	0.35878	0.0748	0.12506	0.36988
V73	0.08715	0.07447	0.13094	0.54627	0.16117
V74	0.06358	0.07667	0.03785	0.73977	0.08213
V75	0.30168	0.20519	0.31661	0.12375	0.05277
V76	0.063	0.04107	0.04378	0.78182	0.07033
V77	0.04151	0.17971	0.65694	0.09641	0.02541
V78	0.03198	0.19029	0.67239	0.07571	0.02963
V79	0.09798	0.33721	0.09209	0.22317	0.24955
V80	0.13114	0.5299	0.06692	0.17108	0.10095
V81	0.03685	0.18824	0.67733	0.07127	0.02632
V82	0.1977	0.14163	0.07076	0.53894	0.05096
V83	0.11565	0.10741	0.05722	0.54418	0.17553
V84	0.11114	0.21626	0.04587	0.13848	0.48825
V85	0.03229	0.18827	0.67687	0.07629	0.02627
V86	0.05726	0.22797	0.30633	0.37041	0.03803
V87	0.32864	0.06026	0.08117	0.47108	0.05885
V88	0.24169	0.17806	0.09895	0.27435	0.20695
V89	0.05483	0.20672	0.61077	0.10051	0.02716
V90	0.05837	0.22601	0.0993	0.17174	0.44458
V91	0.05909	0.05034	0.10219	0.75259	0.0358
V92	0.20568	0.13104	0.06741	0.14689	0.44898
V93	0.05377	0.13207	0.18722	0.48657	0.14037
V94	0.07462	0.19967	0.06252	0.29672	0.36647
V95	0.08956	0.24879	0.06595	0.18404	0.41166
V96	0.53892	0.07732	0.07057	0.16734	0.14585
V97	0.15508	0.12569	0.08315	0.19075	0.44533
V98	0.07507	0.32038	0.22264	0.19495	0.18696
V99	0.37145	0.1398	0.05011	0.31485	0.12379
V100	0.37925	0.17735	0.09966	0.17444	0.16929
V101	0.09216	0.63262	0.08422	0.13973	0.05127
V102	0.23179	0.23176	0.17963	0.1986	0.15822
V103	0.13798	0.11291	0.03802	0.135	0.57609
V104	0.07378	0.35985	0.13755	0.1247	0.30413
V105	0.05615	0.13316	0.07389	0.15662	0.58019
V106	0.07311	0.53711	0.21026	0.11956	0.05997
V107	0.0594	0.2476	0.54896	0.11151	0.03253
V108	0.04204	0.24292	0.6108	0.07599	0.02826
V109	0.08709	0.21925	0.09962	0.32676	0.26728
V110	0.14849	0.37156	0.23011	0.20021	0.04962
V111	0.19027	0.23827	0.4299	0.10318	0.03837
V112	0.16166	0.07259	0.13947	0.46849	0.15779
V113	0.19812	0.10638	0.14308	0.22565	0.32677
V114	0.39873	0.11434	0.09439	0.27171	0.12083
V115	0.58895	0.06384	0.05092	0.16502	0.13127
V116	0.06233	0.12893	0.0287	0.1384	0.64164
V117	0.05757	0.16998	0.61062	0.12458	0.03725
V118	0.08474	0.03569	0.02724	0.80141	0.05093
V119	0.21523	0.11905	0.36047	0.26634	0.03891
V120	0.03799	0.16671	0.61417	0.14077	0.04036
V121	0.17973	0.51963	0.06792	0.14024	0.09247
V122	0.06801	0.31816	0.13484	0.29522	0.18377
V123	0.34956	0.10138	0.1172	0.27495	0.15691
V124	0.18472	0.15533	0.10508	0.28766	0.26722
V125	0.05878	0.35453	0.45507	0.09491	0.03671
V126	0.13506	0.21506	0.24905	0.18668	0.21414
V127	0.17372	0.14761	0.51821	0.12328	0.03718
V128	0.18809	0.53546	0.07834	0.13481	0.0633
V129	0.1932	0.13168	0.28192	0.22839	0.16482
V130	0.06676	0.38417	0.09638	0.30092	0.15178
V131	0.05717	0.0806	0.23429	0.59481	0.03313
V132	0.2776	0.07506	0.03397	0.4011	0.21226
V133	0.03853	0.17854	0.48169	0.13576	0.16548
V134	0.06779	0.17549	0.60067	0.09036	0.06569
V135	0.04471	0.20652	0.57812	0.09182	0.07883
V136	0.63349	0.06182	0.05511	0.16983	0.07975
V137	0.5976	0.07847	0.05302	0.18476	0.08615
V138	0.20334	0.18074	0.12454	0.221	0.27038
V139	0.12261	0.06418	0.17769	0.59316	0.04237
V140	0.06218	0.13529	0.18919	0.11357	0.49976
V141	0.04495	0.244	0.53349	0.14544	0.03212
V142	0.16077	0.12462	0.33003	0.18823	0.19635
V143	0.04831	0.23051	0.43741	0.1822	0.10157
V144	0.35572	0.19949	0.11748	0.22872	0.09859
V145	0.03171	0.18783	0.66673	0.08042	0.03331
V146	0.07379	0.28612	0.05345	0.37034	0.2163
V147	0.0835	0.17917	0.54453	0.14926	0.04355
V148	0.15301	0.54964	0.07851	0.1585	0.06035
V149	0.06634	0.03809	0.0273	0.801	0.06727
V150	0.1108	0.23524	0.49947	0.08659	0.06789
V151	0.32341	0.06129	0.05023	0.44952	0.11556
V152	0.06213	0.05723	0.1362	0.66865	0.07579
V153	0.13008	0.22279	0.42119	0.12682	0.09912
V154	0.12448	0.45456	0.08523	0.14597	0.18975
V155	0.07407	0.06159	0.15257	0.67215	0.03962
V156	0.09532	0.14828	0.37877	0.19242	0.18521
V157	0.10315	0.13133	0.1985	0.30696	0.26005
V158	0.14441	0.14182	0.41086	0.12315	0.17975
V159	0.1263	0.17709	0.0556	0.57733	0.06368
V160	0.32615	0.18429	0.1403	0.16076	0.18849
V161	0.18802	0.12745	0.10104	0.12838	0.4551
V162	0.03257	0.19292	0.676	0.07179	0.02672
V163	0.08652	0.12234	0.04582	0.15305	0.59227
V164	0.60614	0.0898	0.06261	0.17016	0.07129
V165	0.4118	0.19675	0.13332	0.17744	0.08068
V166	0.07952	0.08495	0.24691	0.51168	0.07694
V167	0.07099	0.47653	0.0784	0.23152	0.14255
V168	0.03257	0.19292	0.676	0.07179	0.02672
V169	0.07707	0.4847	0.21411	0.17575	0.04838
V170	0.20224	0.30043	0.10848	0.27647	0.11238
V171	0.20833	0.15221	0.34794	0.22765	0.06387
V172	0.16202	0.24286	0.11997	0.13737	0.33778
V173	0.1796	0.13374	0.12867	0.42057	0.13742
V174	0.15948	0.11938	0.34372	0.23627	0.14116
V175	0.09521	0.19342	0.15961	0.24301	0.30876
V176	0.28306	0.04937	0.04171	0.57448	0.05138
V177	0.13746	0.14878	0.47343	0.20379	0.03655
V178	0.18636	0.14735	0.41236	0.17609	0.07783
V179	0.11677	0.12634	0.0385	0.13385	0.58453
V180	0.05462	0.15994	0.34711	0.09836	0.33997
V181	0.09301	0.27841	0.04177	0.16709	0.41972
V182	0.40006	0.19197	0.05562	0.27221	0.08013
V183	0.09944	0.63334	0.07548	0.13448	0.05725
V184	0.21949	0.1005	0.29515	0.33194	0.05292
V185	0.11557	0.37674	0.0792	0.23859	0.1899
V186	0.13788	0.19529	0.07311	0.31672	0.27701
V187	0.10306	0.47746	0.06295	0.30462	0.05192
V188	0.55353	0.07828	0.07914	0.22273	0.06632
V189	0.32884	0.19589	0.08546	0.33335	0.05646
V190	0.28365	0.14774	0.24504	0.12932	0.19426
V191	0.18997	0.18806	0.0497	0.45663	0.11565
V192	0.2395	0.19102	0.16767	0.28199	0.11982
V193	0.0743	0.24212	0.46456	0.11407	0.10496
V194	0.21467	0.13351	0.12878	0.19971	0.32332
V195	0.36629	0.18775	0.26058	0.13225	0.05313
V196	0.05488	0.12511	0.09183	0.14734	0.58084
V197	0.09723	0.61425	0.0737	0.15975	0.05506
V198	0.19537	0.21622	0.08421	0.28358	0.22061
V199	0.48005	0.09735	0.23783	0.13104	0.05372
V200	0.52416	0.07009	0.07645	0.16453	0.16476
V201	0.07957	0.04791	0.05118	0.6731	0.14823
V202	0.60836	0.09266	0.04905	0.17242	0.0775
V203	0.3811	0.22147	0.07981	0.18381	0.1338
V204	0.26771	0.14828	0.07891	0.13502	0.37008
V205	0.11906	0.13957	0.15445	0.16561	0.42131
V206	0.08509	0.09571	0.03147	0.72569	0.06204
V207	0.07185	0.04623	0.0278	0.8089	0.04522
V208	0.12324	0.2378	0.43343	0.12527	0.08027
V209	0.14843	0.1326	0.13587	0.14229	0.44082
V210	0.03181	0.18698	0.67598	0.07561	0.02963
V211	0.13886	0.14247	0.23279	0.131	0.35488
V212	0.08362	0.54353	0.1436	0.15153	0.07772
V213	0.11717	0.09242	0.09831	0.31321	0.37889
V214	0.05214	0.40556	0.38957	0.10603	0.04671
V215	0.19755	0.2296	0.17926	0.17822	0.21538
V216	0.0737	0.16248	0.33345	0.1237	0.30667
V217	0.06192	0.03948	0.05167	0.76046	0.08648
V218	0.08703	0.19996	0.29359	0.33759	0.08183
V219	0.1123	0.24637	0.36858	0.23393	0.03882
V220	0.17385	0.51411	0.12458	0.13384	0.05361
V221	0.06124	0.18463	0.45046	0.09369	0.20999
V222	0.06688	0.12726	0.03739	0.14162	0.62685
V223	0.32788	0.10726	0.31037	0.20262	0.05187
V224	0.07499	0.42927	0.08242	0.18726	0.22605
V225	0.46527	0.1706	0.16621	0.13732	0.06059
V226	0.34995	0.37501	0.06276	0.14591	0.06637
V227	0.11405	0.20062	0.04941	0.57209	0.06383
V228	0.36504	0.11409	0.27996	0.17422	0.06669
V229	0.19558	0.31336	0.2878	0.14466	0.0586
V230	0.06733	0.12201	0.03707	0.14214	0.63144
V231	0.08789	0.44152	0.11854	0.25833	0.09371
V232	0.5031	0.0918	0.20855	0.14107	0.05549
V233	0.08261	0.13886	0.18092	0.17496	0.42265
V234	0.05669	0.2936	0.24122	0.35885	0.04964
V235	0.62626	0.06371	0.0482	0.18658	0.07526
V236	0.07951	0.14954	0.51565	0.2027	0.05259
V237	0.11719	0.14656	0.27611	0.32394	0.1362
V238	0.06022	0.09791	0.03616	0.34426	0.46145
V239	0.09153	0.33237	0.1004	0.25688	0.21882
V240	0.0929	0.60006	0.08054	0.14217	0.08433
V241	0.08675	0.64479	0.07638	0.1348	0.05729
V242	0.06346	0.27164	0.30565	0.29294	0.06631
V243	0.3037	0.12109	0.32498	0.1332	0.11704
V244	0.06181	0.34218	0.23228	0.16658	0.19715
V245	0.08197	0.62064	0.09959	0.14951	0.04829
V246	0.4282	0.22738	0.08121	0.14832	0.1149
V247	0.13507	0.18772	0.50716	0.12325	0.0468
V248	0.11119	0.46398	0.08538	0.13202	0.20742
V249	0.19421	0.14998	0.23362	0.18399	0.23821
V250	0.04562	0.17664	0.53586	0.10125	0.14063
V251	0.1821	0.07326	0.12165	0.55163	0.07136
V252	0.05055	0.19834	0.47441	0.18265	0.09404
V253	0.23365	0.40485	0.1406	0.16316	0.05773
V254	0.37813	0.28398	0.05563	0.21386	0.0684
V255	0.5528	0.11115	0.04621	0.17351	0.11633
V256	0.07407	0.56011	0.08437	0.13177	0.14968
V257	0.31006	0.2552	0.18614	0.15453	0.09408
V258	0.15198	0.24184	0.09439	0.46312	0.04868
V259	0.35548	0.23848	0.21223	0.13097	0.06284
V260	0.2116	0.12623	0.14491	0.18449	0.33277
V261	0.05102	0.1433	0.44248	0.27205	0.09115
V262	0.58745	0.08072	0.09542	0.1667	0.06971
V263	0.53012	0.10445	0.05978	0.2429	0.06275
V264	0.0961	0.60749	0.08186	0.16528	0.04927
V265	0.53425	0.11889	0.11876	0.16332	0.06478
V266	0.05977	0.12749	0.1183	0.13524	0.5592
V267	0.08771	0.10774	0.03669	0.24351	0.52435
V268	0.16594	0.32315	0.18625	0.25401	0.07065
V269	0.09072	0.27525	0.35104	0.23128	0.0517
V270	0.08677	0.04001	0.05994	0.77529	0.03799
V271	0.19912	0.50013	0.07537	0.15407	0.07131
V272	0.11731	0.57409	0.09525	0.14055	0.07281
V273	0.2153	0.0979	0.20299	0.35216	0.13165
V274	0.113	0.12388	0.07394	0.27145	0.41773
V275	0.07065	0.4903	0.20678	0.18383	0.04843
V276	0.04119	0.15453	0.54458	0.22121	0.03849
V277	0.22189	0.14434	0.48461	0.09853	0.05063
V278	0.04736	0.12646	0.32335	0.40449	0.09834
V279	0.14787	0.04327	0.04458	0.69084	0.07344
V280	0.17405	0.0649	0.07132	0.59045	0.09929
V281	0.07087	0.17748	0.07964	0.62761	0.0444
V282	0.09329	0.63892	0.07588	0.1346	0.05731
V283	0.27175	0.11005	0.15095	0.14568	0.32156
V284	0.04989	0.2162	0.47035	0.08609	0.17747
V285	0.37489	0.32917	0.0597	0.17042	0.06581
V286	0.07237	0.17705	0.62056	0.09931	0.0307
V287	0.19193	0.12862	0.19798	0.3258	0.15567
V288	0.13823	0.15891	0.51501	0.09112	0.09673
V289	0.15237	0.17659	0.06441	0.557	0.04963
V290	0.30545	0.33349	0.18162	0.12781	0.05162
V291	0.30406	0.16932	0.05189	0.41747	0.05725
V292	0.10567	0.15871	0.38532	0.11912	0.23117
V293	0.03469	0.21254	0.61433	0.1045	0.03393
V294	0.06028	0.12994	0.03793	0.13582	0.63602
V295	0.05371	0.11474	0.31277	0.44468	0.07409
V296	0.56956	0.12339	0.04913	0.17188	0.08604
V297	0.04371	0.16643	0.59126	0.1537	0.04489
V298	0.23806	0.05124	0.03991	0.55581	0.11499
V299	0.22008	0.03713	0.04648	0.64847	0.04783
V300	0.63199	0.06506	0.04903	0.17707	0.07684
V301	0.62134	0.05929	0.05379	0.18897	0.07662
V302	0.06098	0.08404	0.03583	0.44793	0.37122
V303	0.10893	0.20573	0.24046	0.23522	0.20967
V304	0.1265	0.17332	0.57233	0.08638	0.04147
V305	0.17654	0.2776	0.14027	0.203	0.20259
V306	0.26378	0.45222	0.06571	0.15182	0.06647
V307	0.17737	0.09148	0.26939	0.42238	0.03938
V308	0.15233	0.15228	0.52182	0.13745	0.03612
V309	0.44103	0.10904	0.09451	0.23363	0.12178
V310	0.0735	0.12762	0.03746	0.19856	0.56286
V311	0.06649	0.03662	0.06814	0.7874	0.04135
V312	0.09403	0.26539	0.27605	0.10545	0.25908
V313	0.09305	0.25578	0.05977	0.36936	0.22205
V314	0.10969	0.08462	0.03705	0.42315	0.3455
V315	0.62295	0.06272	0.06031	0.1651	0.08892
V316	0.10611	0.40762	0.28168	0.12967	0.07491
V317	0.23641	0.17171	0.43835	0.10366	0.04987
V318	0.604	0.06334	0.05176	0.16237	0.11853
V319	0.08411	0.18962	0.61126	0.08641	0.0286
V320	0.10897	0.03112	0.03537	0.7783	0.04624
V321	0.11916	0.27489	0.31207	0.24439	0.04949
V322	0.04128	0.2683	0.49406	0.11645	0.07991
V323	0.17141	0.23257	0.40276	0.11448	0.07877
V324	0.08013	0.06584	0.06975	0.74186	0.04243
V325	0.42113	0.13392	0.12775	0.22801	0.08919
V326	0.08224	0.1191	0.09063	0.21832	0.48971
V327	0.24963	0.36097	0.16219	0.14234	0.08487
V328	0.07658	0.23432	0.19458	0.44824	0.04628
V329	0.04707	0.12907	0.35349	0.43484	0.03553
V330	0.07168	0.18127	0.62387	0.07371	0.04948
V331	0.13508	0.12691	0.12731	0.18408	0.42662
V332	0.28243	0.15017	0.40206	0.10925	0.05609
V333	0.26615	0.11984	0.30583	0.22313	0.08505
V334	0.05855	0.27045	0.47974	0.14107	0.0502
V335	0.47568	0.11117	0.12536	0.16811	0.11968
V336	0.13781	0.41236	0.2933	0.10743	0.0491
V337	0.0589	0.11307	0.04565	0.24439	0.53798
V338	0.45967	0.10138	0.18535	0.14833	0.10527
V339	0.16858	0.39707	0.2313	0.11371	0.08934
V340	0.0681	0.22024	0.15215	0.15019	0.40932
V341	0.04878	0.37426	0.41736	0.0966	0.06299
V342	0.19392	0.19119	0.40053	0.17655	0.03782
V343	0.42163	0.10655	0.29061	0.1318	0.04941
V344	0.1128	0.53842	0.10887	0.14348	0.09643
V345	0.19622	0.10692	0.04159	0.35292	0.30235
V346	0.06248	0.26426	0.3189	0.30267	0.0517
V347	0.10326	0.36741	0.07914	0.38117	0.06901
V348	0.04924	0.19591	0.40758	0.24832	0.09894
V349	0.06949	0.28643	0.46863	0.09783	0.07762
V350	0.11617	0.32194	0.13538	0.30051	0.126
V351	0.1361	0.12885	0.38754	0.30506	0.04245
V352	0.10114	0.39377	0.35857	0.10565	0.04087
V353	0.20972	0.2891	0.08971	0.16227	0.24919
V354	0.34025	0.12906	0.376	0.11008	0.04461
V355	0.09383	0.10578	0.31759	0.44465	0.03815
V356	0.07754	0.17671	0.61427	0.08975	0.04175
V357	0.06078	0.17429	0.4564	0.10447	0.20407
V358	0.07446	0.0583	0.0608	0.76388	0.04256
V359	0.09118	0.10065	0.04053	0.72654	0.0411
V360	0.46071	0.09628	0.13097	0.25756	0.05448
V361	0.25832	0.3626	0.14601	0.12578	0.10729
V362	0.53133	0.08318	0.13758	0.1415	0.1064
V363	0.07397	0.12746	0.03777	0.23535	0.52545
V364	0.07824	0.23656	0.06721	0.46556	0.15243
V365	0.06489	0.03773	0.03568	0.80635	0.05535
V366	0.14145	0.1643	0.49143	0.13029	0.07254
V367	0.17631	0.21957	0.23912	0.23528	0.12971
V368	0.483	0.1293	0.16369	0.14785	0.07615
V369	0.06629	0.45271	0.27526	0.16843	0.03732
V370	0.06274	0.18283	0.15831	0.37926	0.21686
V371	0.0882	0.61717	0.11722	0.12846	0.04895
V372	0.41915	0.11834	0.17997	0.21925	0.06329
V373	0.11672	0.45693	0.18698	0.19361	0.04577
V374	0.098	0.12819	0.34937	0.3907	0.03374
V375	0.18928	0.14522	0.48816	0.14265	0.03469
V376	0.04668	0.15426	0.38899	0.09985	0.31022
V377	0.0961	0.36558	0.24627	0.24998	0.04207
V378	0.12349	0.41297	0.22658	0.11188	0.12508
V379	0.06474	0.12884	0.14483	0.16602	0.49557
V380	0.05894	0.11849	0.19525	0.47081	0.1565
V381	0.15213	0.14339	0.04119	0.13476	0.52854
V382	0.31979	0.06069	0.04181	0.36792	0.20979
V383	0.06708	0.08806	0.26713	0.54462	0.03311
V384	0.21612	0.10183	0.1922	0.42019	0.06966
V385	0.11047	0.17699	0.04221	0.13212	0.53821
V386	0.45043	0.05588	0.04663	0.38841	0.05865
V387	0.22241	0.05443	0.04029	0.62019	0.06268
V388	0.08455	0.58024	0.10421	0.18046	0.05055
V389	0.1299	0.54655	0.08539	0.15478	0.08338
V390	0.16984	0.04642	0.03742	0.64504	0.10129
V391	0.48977	0.15185	0.04736	0.21229	0.09874
V392	0.61833	0.07966	0.0555	0.17309	0.07342
V393	0.11139	0.09244	0.1752	0.49576	0.12521
V394	0.4844	0.06878	0.06863	0.26966	0.10853
V395	0.04696	0.10594	0.343	0.46831	0.03579
V396	0.32906	0.13481	0.37949	0.10907	0.04756
V397	0.45698	0.14513	0.08255	0.23574	0.0796
V398	0.08979	0.07071	0.18792	0.57185	0.07974
V399	0.08212	0.1104	0.02875	0.33598	0.44275
V400	0.14489	0.37758	0.20579	0.2303	0.04144
V401	0.19561	0.1457	0.50829	0.11526	0.03514
V402	0.23465	0.13978	0.40047	0.15027	0.07483
V403	0.15379	0.14435	0.03342	0.23537	0.43307
V404	0.04311	0.14746	0.42329	0.33544	0.0507
V405	0.26201	0.22106	0.11933	0.29595	0.10165
V406	0.04127	0.19169	0.66291	0.07071	0.03342
V407	0.57701	0.08595	0.08106	0.19014	0.06583
V408	0.07412	0.31	0.0553	0.32557	0.23501
V409	0.12339	0.05706	0.09429	0.6298	0.09546
V410	0.11262	0.20213	0.32998	0.13128	0.22399
V411	0.06217	0.12818	0.02848	0.14589	0.63528
V412	0.05983	0.21338	0.16894	0.12865	0.4292
V413	0.06319	0.23354	0.18907	0.37696	0.13723
V414	0.08416	0.12308	0.03149	0.48998	0.27129
V415	0.16588	0.10931	0.03873	0.13595	0.55013
V416	0.12306	0.15459	0.05929	0.23662	0.42644
V417	0.03907	0.166	0.58711	0.1546	0.05322
V418	0.39296	0.29617	0.07903	0.15491	0.07693
V419	0.21375	0.10746	0.05799	0.22375	0.39705
V420	0.19609	0.11082	0.14257	0.15597	0.39455
V421	0.05101	0.13512	0.16338	0.14381	0.50667
V422	0.06493	0.06264	0.07823	0.6657	0.1285
V423	0.20479	0.19682	0.29717	0.24827	0.05295
V424	0.03911	0.16631	0.44448	0.0885	0.2616
V425	0.26977	0.31094	0.05188	0.14542	0.22199
V426	0.20191	0.16068	0.06399	0.481	0.09242
V427	0.17379	0.449	0.20918	0.11832	0.04971
V428	0.10704	0.46907	0.13776	0.19288	0.09326
V429	0.13294	0.54767	0.06885	0.186	0.06455
V430	0.05926	0.14482	0.38465	0.21722	0.19405
V431	0.11315	0.29227	0.23492	0.29312	0.06654
V432	0.22987	0.1161	0.1605	0.3748	0.11873
V433	0.14136	0.13222	0.4427	0.23873	0.04499
V434	0.17106	0.26666	0.36949	0.11207	0.08071
V435	0.33419	0.13554	0.34369	0.13798	0.04859
V436	0.08353	0.44709	0.16206	0.15543	0.15188
V437	0.1784	0.10692	0.06526	0.25852	0.3909
V438	0.12514	0.25569	0.23191	0.31578	0.07148
V439	0.41862	0.05463	0.08907	0.3757	0.06198
V440	0.04798	0.31123	0.49021	0.09563	0.05495
V441	0.05808	0.39782	0.38781	0.11822	0.03807
V442	0.09289	0.63619	0.08483	0.13391	0.05217
V443	0.6166	0.05826	0.05339	0.2002	0.07156
V444	0.1491	0.31555	0.08385	0.38682	0.06468
V445	0.09396	0.29943	0.08983	0.4652	0.05158
V446	0.12139	0.08781	0.13199	0.53625	0.12256
V447	0.10164	0.07303	0.04443	0.481	0.2999
V448	0.16342	0.11362	0.0563	0.14701	0.51965
V449	0.03257	0.19292	0.676	0.07179	0.02672
V450	0.16373	0.16257	0.26962	0.20438	0.19969
V451	0.21923	0.18125	0.10786	0.38491	0.10674
V452	0.05995	0.071	0.17878	0.63181	0.05846
V453	0.06939	0.08141	0.02731	0.49331	0.32858
V454	0.03942	0.1722	0.55657	0.09381	0.138
V455	0.07901	0.25357	0.30088	0.13293	0.2336
V456	0.61684	0.06398	0.04633	0.18283	0.09001
V457	0.45548	0.18547	0.0862	0.19207	0.08077
V458	0.04984	0.31211	0.46066	0.12619	0.05119
V459	0.14042	0.10394	0.09101	0.49096	0.17368
V460	0.42371	0.11216	0.22436	0.17758	0.06219
V461	0.1526	0.28166	0.2756	0.12031	0.16982
V462	0.08861	0.11346	0.04781	0.51779	0.23233
V463	0.18834	0.07631	0.04885	0.63556	0.05094
V464	0.11908	0.22824	0.52097	0.0958	0.03591
V465	0.08043	0.17997	0.05042	0.14401	0.54516
V466	0.07532	0.10962	0.02747	0.20997	0.57763
V467	0.09198	0.20453	0.06522	0.54384	0.09443
V468	0.38508	0.25191	0.15947	0.13291	0.07063
V469	0.06245	0.28383	0.10534	0.33136	0.21703
V470	0.55036	0.09255	0.07296	0.21733	0.06679
V471	0.29518	0.24392	0.08029	0.24781	0.1328
V472	0.05661	0.14924	0.07489	0.12763	0.59162
V473	0.06412	0.22078	0.26469	0.325	0.1254
V474	0.22953	0.13482	0.10324	0.46246	0.06995
V475	0.11935	0.16536	0.49597	0.10756	0.11177
V476	0.1478	0.0808	0.13058	0.56636	0.07447
V477	0.08621	0.6421	0.08528	0.13421	0.05221
V478	0.17369	0.11385	0.03947	0.13669	0.5363
V479	0.54878	0.09443	0.08048	0.20999	0.06633
V480	0.13649	0.4628	0.12029	0.21696	0.06346
V481	0.20084	0.2913	0.11637	0.26857	0.12292
V482	0.11425	0.47935	0.2443	0.11184	0.05025
V483	0.25835	0.37725	0.05911	0.22294	0.08235
V484	0.18121	0.37076	0.17188	0.22305	0.0531
V485	0.43015	0.11923	0.15701	0.22898	0.06463
V486	0.08201	0.18383	0.3112	0.10194	0.32102
V487	0.1153	0.17445	0.37752	0.29461	0.03813
V488	0.31492	0.09695	0.03711	0.40502	0.14601
V489	0.03922	0.25172	0.54569	0.12751	0.03586
V490	0.04033	0.15985	0.56966	0.20004	0.03013
V491	0.07129	0.37807	0.10398	0.1992	0.24746
V492	0.07612	0.12654	0.06647	0.67649	0.05438
V493	0.07126	0.03031	0.03523	0.81882	0.04438
V494	0.25628	0.04644	0.05557	0.54865	0.09305
V495	0.23411	0.20926	0.24218	0.24014	0.07432
V496	0.13903	0.13844	0.09244	0.12679	0.5033
V497	0.11088	0.13865	0.18137	0.18959	0.37951
V498	0.09955	0.6048	0.0978	0.13453	0.06332
V499	0.06804	0.25277	0.28482	0.14725	0.24712
V500	0.11484	0.3601	0.16407	0.28606	0.07493
V501	0.09872	0.30738	0.06235	0.13457	0.39697
V502	0.13637	0.55024	0.11131	0.15435	0.04775
V503	0.30088	0.10736	0.23325	0.22289	0.13562
V504	0.3578	0.20312	0.05339	0.14852	0.23717
V505	0.44019	0.07588	0.06816	0.21151	0.20427
V506	0.06371	0.42306	0.12543	0.12549	0.26231
V507	0.55657	0.05963	0.07725	0.22803	0.07852
V508	0.05884	0.46157	0.26202	0.13704	0.08053
V509	0.07951	0.35319	0.19031	0.26165	0.11535
V510	0.3066	0.35701	0.10608	0.17171	0.05861
V511	0.07049	0.28767	0.46214	0.11502	0.06468
V512	0.13472	0.36163	0.22364	0.14982	0.13019
V513	0.15639	0.47965	0.1385	0.16135	0.06412
V514	0.05332	0.13786	0.24925	0.13323	0.42634
V515	0.10586	0.11183	0.03358	0.70562	0.04312
V516	0.14727	0.27501	0.15561	0.37119	0.05092
V517	0.0662	0.06196	0.0781	0.75204	0.04171
V518	0.26873	0.11255	0.31714	0.24376	0.05782
V519	0.52744	0.09191	0.05153	0.26201	0.06711
V520	0.09983	0.58652	0.08852	0.17709	0.04805
V521	0.17555	0.06204	0.16119	0.55539	0.04583
V522	0.06234	0.22886	0.48409	0.17491	0.0498
V523	0.10692	0.17894	0.57028	0.11043	0.03343
V524	0.20868	0.15776	0.47301	0.09369	0.06686
V525	0.06022	0.24249	0.07309	0.13309	0.4911
V526	0.05167	0.18675	0.63384	0.08714	0.04059
V527	0.08467	0.36729	0.39471	0.10649	0.04683
V528	0.15303	0.03549	0.05226	0.71658	0.04264
V529	0.13727	0.17144	0.56461	0.08799	0.03868
V530	0.04172	0.18258	0.6376	0.10175	0.03635
V531	0.15771	0.39998	0.14956	0.13321	0.15954
V532	0.07824	0.27361	0.31686	0.10072	0.23057
V533	0.23719	0.1061	0.03267	0.14136	0.48269
V534	0.13769	0.07874	0.03152	0.69274	0.0593
V535	0.54557	0.1364	0.09876	0.15122	0.06805
V536	0.10912	0.22718	0.37471	0.11991	0.16908
V537	0.06598	0.14	0.04723	0.13163	0.61515
V538	0.44264	0.1395	0.05107	0.17119	0.1956
V539	0.04323	0.2191	0.53266	0.14501	0.06001
V540	0.15048	0.37139	0.14751	0.15924	0.17137
V541	0.07172	0.35611	0.07492	0.14573	0.35152
V542	0.07349	0.26548	0.15574	0.43221	0.07308
V543	0.06764	0.20276	0.54603	0.11088	0.07268
V544	0.2443	0.20847	0.21953	0.16787	0.15984
V545	0.44308	0.27152	0.06469	0.15667	0.06404
V546	0.09019	0.55389	0.15272	0.12496	0.07824
V547	0.11183	0.54377	0.06789	0.21319	0.06332
V548	0.06471	0.07157	0.03796	0.7813	0.04446
V549	0.05804	0.11164	0.05455	0.25732	0.51846
V550	0.07412	0.58601	0.16445	0.12661	0.04882
V551	0.07322	0.02925	0.02726	0.82901	0.04125
V552	0.19916	0.11296	0.05729	0.1617	0.4689
V553	0.52006	0.06538	0.06229	0.26572	0.08654
V554	0.09752	0.14629	0.42437	0.29183	0.03999
V555	0.08338	0.63599	0.08385	0.13108	0.0657
V556	0.10475	0.08004	0.08797	0.65812	0.06913
V557	0.24202	0.20205	0.08429	0.39442	0.07721
V558	0.03931	0.16907	0.58921	0.1651	0.03732
V559	0.09312	0.33811	0.41974	0.09857	0.05046
V560	0.41681	0.21599	0.17811	0.13398	0.05511
V561	0.46244	0.0877	0.1767	0.14313	0.13002
V562	0.12323	0.15047	0.19133	0.18174	0.35322
V563	0.17002	0.24751	0.241	0.19509	0.14639
V564	0.26454	0.0834	0.09982	0.3885	0.16374
V565	0.05878	0.12607	0.04626	0.16249	0.60641
V566	0.23619	0.15031	0.07164	0.38058	0.16128
V567	0.04116	0.1858	0.67279	0.07055	0.02969
V568	0.05803	0.22542	0.39382	0.29098	0.03175
V569	0.41533	0.13045	0.15099	0.2296	0.07363
V570	0.12074	0.10966	0.28378	0.41368	0.07215
V571	0.19486	0.09944	0.25251	0.34696	0.10624
V572	0.57205	0.06933	0.04322	0.16463	0.15077
V573	0.08838	0.14341	0.32912	0.34986	0.08923
V574	0.36317	0.23618	0.12798	0.20706	0.06561
V575	0.27174	0.1183	0.16057	0.16371	0.28568
V576	0.07996	0.61803	0.08149	0.13561	0.08492
V577	0.30772	0.35572	0.09835	0.17921	0.059
V578	0.05274	0.20815	0.45152	0.2325	0.05509
V579	0.05268	0.39356	0.34384	0.1152	0.09473
V580	0.1867	0.38148	0.0742	0.29474	0.06288
V581	0.0689	0.36369	0.37436	0.15505	0.03799
V582	0.03316	0.20115	0.66224	0.07702	0.02643
V583	0.36942	0.11877	0.33024	0.13539	0.04618
V584	0.18243	0.38164	0.1655	0.14514	0.12528
V585	0.07675	0.54344	0.13505	0.16679	0.07797
V586	0.06827	0.53759	0.22615	0.12618	0.04181
V587	0.08618	0.5093	0.07204	0.14784	0.18465
V588	0.16732	0.32134	0.36492	0.10243	0.044
V589	0.11253	0.29696	0.09841	0.43514	0.05697
V590	0.08361	0.56758	0.06785	0.13543	0.14553
V591	0.33839	0.35666	0.0988	0.14459	0.06157
V592	0.04297	0.16963	0.59266	0.09536	0.09938
V593	0.31313	0.04852	0.04214	0.51552	0.08069
V594	0.03842	0.20672	0.52982	0.17349	0.05154
V595	0.36371	0.08543	0.10797	0.36964	0.07325
V596	0.30377	0.19182	0.2367	0.20904	0.05868
V597	0.06965	0.22294	0.04567	0.20953	0.45221
V598	0.42871	0.08459	0.04571	0.14644	0.29454
V599	0.09544	0.29914	0.14121	0.40503	0.05917
V600	0.20739	0.09491	0.20966	0.38421	0.10382
V601	0.14595	0.1205	0.04226	0.49411	0.19718
V602	0.55904	0.15219	0.05198	0.16657	0.07021
V603	0.13638	0.1849	0.07065	0.22828	0.37979
V604	0.04515	0.16865	0.56059	0.14191	0.0837
V605	0.06504	0.16326	0.16527	0.16258	0.44385
V606	0.5713	0.06488	0.04289	0.16505	0.15588
V607	0.15845	0.1771	0.06116	0.13833	0.46496
V608	0.50731	0.07953	0.07736	0.21172	0.12408
V609	0.16937	0.23781	0.0615	0.4385	0.09282
V610	0.1082	0.4536	0.06975	0.3177	0.05075
V611	0.17148	0.16119	0.50248	0.10471	0.06015
V612	0.25013	0.14684	0.31775	0.1208	0.16448
V613	0.30719	0.37608	0.09995	0.16122	0.05556
V614	0.39042	0.09661	0.06115	0.19883	0.25299
V615	0.05548	0.12949	0.16103	0.52931	0.12469
V616	0.42335	0.0843	0.18472	0.23643	0.0712
V617	0.15739	0.16702	0.41784	0.15798	0.09977
V618	0.48315	0.13092	0.11189	0.15254	0.1215
V619	0.36595	0.12387	0.19164	0.13169	0.18685
V620	0.06953	0.11388	0.3325	0.4472	0.03689
V621	0.12139	0.24652	0.31516	0.10275	0.21418
V622	0.05134	0.25098	0.35448	0.10245	0.24075
V623	0.10192	0.05061	0.03545	0.6622	0.14982
V624	0.60055	0.06111	0.05148	0.17818	0.10868
V625	0.05799	0.08931	0.12185	0.69044	0.04041
V626	0.07823	0.14535	0.46385	0.27075	0.04182
V627	0.11415	0.21078	0.1604	0.13752	0.37716
V628	0.61661	0.06838	0.05436	0.18869	0.07195
V629	0.09926	0.25223	0.51233	0.10085	0.03533
V630	0.06035	0.22898	0.06299	0.14174	0.50594
V631	0.04559	0.15079	0.28962	0.11049	0.40352
V632	0.08192	0.55532	0.07585	0.15427	0.13263
V633	0.08808	0.07857	0.12281	0.50574	0.20479
V634	0.29019	0.33194	0.19729	0.13054	0.05003
V635	0.06914	0.19349	0.21985	0.12326	0.39425
V636	0.15294	0.19721	0.31903	0.23364	0.09718
V637	0.15521	0.12809	0.37872	0.25937	0.07862
V638	0.10046	0.37558	0.0784	0.18892	0.25663
V639	0.36954	0.30119	0.1328	0.13616	0.06031
V640	0.11843	0.20428	0.12632	0.29267	0.25829
V641	0.11405	0.50095	0.0896	0.23499	0.06041
V642	0.4935	0.07339	0.04885	0.32347	0.0608
V643	0.08327	0.58918	0.13951	0.1428	0.04523
V644	0.08167	0.31117	0.07397	0.47077	0.06243
V645	0.15771	0.51174	0.08383	0.19759	0.04912
V646	0.13731	0.38132	0.08909	0.30674	0.08552
V647	0.60933	0.05731	0.0527	0.21022	0.07044
V648	0.33072	0.12342	0.04769	0.35247	0.1457
V649	0.21606	0.15318	0.12236	0.2082	0.30021
V650	0.07207	0.03975	0.08472	0.76706	0.03639
V651	0.14808	0.16344	0.03915	0.60299	0.04634
V652	0.27353	0.05148	0.07206	0.5454	0.05752
V653	0.26024	0.06194	0.08862	0.5186	0.07061
V654	0.07593	0.16324	0.03124	0.1768	0.55279
V655	0.13278	0.12394	0.29747	0.40481	0.04101
V656	0.13198	0.11247	0.0295	0.20766	0.51839
V657	0.07447	0.35892	0.08602	0.37449	0.1061
V658	0.07324	0.0802	0.0618	0.58753	0.19723
V659	0.06434	0.06577	0.10326	0.69504	0.07159
V660	0.09137	0.31187	0.07118	0.154	0.37158
V661	0.07868	0.46878	0.0781	0.26636	0.10807
V662	0.07238	0.37588	0.0765	0.12439	0.35085
V663	0.63436	0.06214	0.05586	0.17123	0.07641
V664	0.06628	0.09115	0.1507	0.40513	0.28674
V665	0.05897	0.45016	0.26078	0.16991	0.06017
V666	0.1126	0.58933	0.11467	0.13466	0.04874
V667	0.0615	0.40082	0.29757	0.17711	0.063
V668	0.43241	0.20569	0.1026	0.18923	0.07008
V669	0.342	0.25118	0.08152	0.20803	0.11727
V670	0.10856	0.4684	0.11137	0.14885	0.16282
V671	0.47479	0.09169	0.2186	0.15815	0.05677
V672	0.10916	0.13615	0.12919	0.34356	0.28193
V673	0.06089	0.12855	0.0287	0.20986	0.572
V674	0.22658	0.18277	0.43483	0.09845	0.05737
V675	0.46567	0.06835	0.08325	0.26021	0.12252
V676	0.17038	0.19072	0.44111	0.09456	0.10322
V677	0.0727	0.23767	0.24686	0.3738	0.06897
V678	0.0845	0.30161	0.06139	0.14882	0.40367
V679	0.04936	0.12446	0.40372	0.3884	0.03407
V680	0.16466	0.07933	0.05508	0.39423	0.3067
V681	0.3697	0.07932	0.08377	0.36326	0.10395
V682	0.03257	0.19292	0.676	0.07179	0.02672
V683	0.06947	0.23825	0.52847	0.08165	0.08216
V684	0.09646	0.03611	0.0356	0.7913	0.04053
V685	0.03808	0.17686	0.62081	0.13499	0.02927
V686	0.22831	0.43227	0.13472	0.14621	0.05849
V687	0.03983	0.13961	0.48126	0.30293	0.03637
V688	0.03179	0.18912	0.67031	0.07546	0.03332
V689	0.32859	0.12623	0.22571	0.19958	0.11989
V690	0.12057	0.58645	0.08854	0.14989	0.05455
V691	0.14222	0.12731	0.0845	0.58442	0.06154
V692	0.10129	0.05578	0.04442	0.70615	0.09236
V693	0.05015	0.37775	0.42057	0.11436	0.03717
V694	0.10974	0.16664	0.079	0.56202	0.08261
V695	0.12457	0.18964	0.18506	0.12899	0.37175
V696	0.09482	0.16395	0.57868	0.08347	0.07907
V697	0.10231	0.16468	0.31576	0.3267	0.09056
V698	0.05549	0.14709	0.20764	0.11832	0.47146
V699	0.07772	0.06683	0.07816	0.61868	0.1586
V700	0.08532	0.56969	0.1457	0.11998	0.07932
V701	0.06107	0.22912	0.05419	0.13588	0.51974
V702	0.07084	0.12064	0.04064	0.64018	0.1277
V703	0.0683	0.04452	0.05196	0.79281	0.04242
V704	0.06528	0.17909	0.37939	0.1065	0.26974
V705	0.61582	0.06932	0.04703	0.17769	0.09014
V706	0.13941	0.1621	0.19057	0.42468	0.08325
V707	0.13941	0.16217	0.11445	0.32437	0.25959
V708	0.05438	0.42173	0.38599	0.10237	0.03553
V709	0.05747	0.13739	0.06535	0.13003	0.60976
V710	0.10722	0.16545	0.43372	0.09173	0.20188
V711	0.09274	0.11749	0.0545	0.1448	0.59048
V712	0.06666	0.1596	0.54685	0.19142	0.03546
V713	0.18394	0.32748	0.32949	0.11803	0.04106
V714	0.08929	0.12472	0.02842	0.13621	0.62135
V715	0.04218	0.27059	0.50499	0.14905	0.0332
V716	0.50149	0.1673	0.0641	0.192	0.07512
V717	0.28644	0.1939	0.16629	0.14384	0.20954
V718	0.41341	0.10749	0.281	0.12623	0.07188
V719	0.29163	0.21872	0.15189	0.21644	0.12132
V720	0.12847	0.144	0.12833	0.14864	0.45056
V721	0.06903	0.12819	0.08213	0.14024	0.5804
V722	0.06836	0.20671	0.09899	0.48941	0.13652
V723	0.11744	0.19064	0.14918	0.48845	0.05429
V724	0.13199	0.45426	0.10337	0.26044	0.04994
V725	0.07441	0.12696	0.03749	0.13391	0.62723
V726	0.18943	0.37911	0.11409	0.17173	0.14563
V727	0.03625	0.18775	0.66756	0.07522	0.03323
V728	0.49728	0.08902	0.15987	0.19455	0.05929
V729	0.41836	0.12151	0.07296	0.32718	0.05998
V730	0.10923	0.12404	0.35485	0.34756	0.06432
V731	0.06005	0.05208	0.08632	0.7652	0.03635
V732	0.07159	0.02991	0.0356	0.8234	0.03951
V733	0.04682	0.19425	0.65409	0.07131	0.03353
V734	0.30786	0.15595	0.34222	0.14247	0.0515
V735	0.08784	0.21845	0.24847	0.12716	0.31808
V736	0.06049	0.15202	0.03923	0.13324	0.61502
V737	0.63148	0.06632	0.05593	0.17048	0.07579
V738	0.06697	0.38637	0.06887	0.13262	0.34517
V739	0.07245	0.04032	0.02774	0.81893	0.04056
V740	0.18372	0.16325	0.14707	0.13566	0.37031
V741	0.36764	0.06875	0.04427	0.38553	0.13382
V742	0.07784	0.15553	0.46048	0.19624	0.10992
V743	0.0681	0.14712	0.11135	0.19959	0.47384
V744	0.16279	0.11095	0.19304	0.46993	0.0633
V745	0.15838	0.0589	0.07861	0.65743	0.04667
V746	0.28303	0.39888	0.10088	0.14043	0.07677
V747	0.04657	0.19218	0.64819	0.0763	0.03677
V748	0.13661	0.23301	0.2987	0.14793	0.18376
V749	0.16288	0.1362	0.15416	0.42874	0.11802
V750	0.51449	0.16834	0.05812	0.19479	0.06427
V751	0.05465	0.31687	0.49143	0.10209	0.03496
V752	0.06621	0.20064	0.0605	0.1349	0.53775
V753	0.34974	0.13376	0.26269	0.14141	0.1124
V754	0.12925	0.23748	0.0529	0.53003	0.05034
V755	0.20871	0.49493	0.10775	0.13194	0.05667
V756	0.06598	0.18391	0.05952	0.17097	0.51962
V757	0.15947	0.05368	0.12652	0.61442	0.04591
V758	0.09862	0.3069	0.04922	0.49522	0.05004
V759	0.10683	0.14616	0.13638	0.12044	0.49019
V760	0.09394	0.13197	0.23371	0.28601	0.25436
V761	0.06556	0.26867	0.54577	0.08639	0.03361
V762	0.0583	0.12368	0.1967	0.39243	0.22888
V763	0.07104	0.2819	0.05001	0.1292	0.46784
V764	0.12322	0.08938	0.11331	0.62503	0.04906
V765	0.12188	0.16549	0.52257	0.11562	0.07445
V766	0.08509	0.3766	0.28224	0.14128	0.11479
V767	0.22254	0.36232	0.12139	0.16514	0.12862
V768	0.08942	0.57535	0.12101	0.16437	0.04986
V769	0.4753	0.09847	0.21258	0.13644	0.07721
V770	0.19872	0.13061	0.43012	0.20051	0.04004
V771	0.09437	0.51883	0.07368	0.20364	0.10948
V772	0.05702	0.18823	0.65042	0.07761	0.02672
V773	0.07532	0.10732	0.02768	0.2621	0.52758
V774	0.12182	0.15769	0.46366	0.08937	0.16746
V775	0.59398	0.05939	0.06534	0.20587	0.07542
V776	0.2594	0.32539	0.20645	0.1448	0.06396
V777	0.16731	0.30356	0.27404	0.18851	0.06658
V778	0.38412	0.09737	0.05439	0.30719	0.15692
V779	0.07395	0.33376	0.45073	0.10096	0.0406
V780	0.04148	0.18539	0.67119	0.07594	0.026
V781	0.15192	0.29007	0.21762	0.11335	0.22704
V782	0.20312	0.24679	0.06838	0.13891	0.3428
V783	0.03596	0.17002	0.52653	0.09713	0.17036
V784	0.07299	0.44102	0.05874	0.32926	0.09799
V785	0.48989	0.13913	0.04633	0.23124	0.09341
V786	0.15962	0.16392	0.05535	0.56117	0.05994
V787	0.14221	0.42498	0.05939	0.28456	0.08887
V788	0.2868	0.32759	0.12698	0.12895	0.12968
V789	0.06365	0.1732	0.04358	0.43632	0.28325
V790	0.22751	0.22229	0.1107	0.21631	0.22318
V791	0.16314	0.21818	0.11865	0.27093	0.2291
V792	0.61695	0.07243	0.06797	0.16332	0.07933
V793	0.25713	0.24171	0.1036	0.20367	0.19388
V794	0.05984	0.12706	0.13632	0.24639	0.4304
V795	0.14036	0.57388	0.08821	0.13718	0.06038
V796	0.22872	0.3091	0.15874	0.23918	0.06426
V797	0.15267	0.10859	0.02957	0.15152	0.55765
V798	0.1383	0.39488	0.06426	0.19906	0.2035
V799	0.0751	0.14556	0.08516	0.62511	0.06907
V800	0.07253	0.11927	0.04572	0.21929	0.54319
V801	0.2734	0.07073	0.15399	0.43873	0.06315
V802	0.07545	0.23987	0.05549	0.13556	0.49363
V803	0.24415	0.06084	0.0415	0.59004	0.06348
V804	0.16308	0.17304	0.22479	0.37144	0.06765
V805	0.11986	0.19255	0.39939	0.20667	0.08153
V806	0.32078	0.11197	0.22509	0.1687	0.17346
V807	0.48672	0.07885	0.10661	0.18176	0.14605
V808	0.55703	0.07537	0.09281	0.15441	0.12038
V809	0.18041	0.44569	0.08648	0.15524	0.13217
V810	0.072	0.11233	0.0732	0.47566	0.26681
V811	0.08696	0.16985	0.05909	0.20746	0.47664
V812	0.06061	0.46591	0.24575	0.17166	0.05607
V813	0.0634	0.25809	0.25045	0.1065	0.32156
V814	0.17492	0.39125	0.12395	0.2503	0.05958
V815	0.20138	0.47059	0.09746	0.17597	0.0546
V816	0.07133	0.35954	0.06122	0.44375	0.06416
V817	0.5036	0.0997	0.18159	0.15911	0.056
V818	0.06352	0.24683	0.35527	0.12033	0.21406
V819	0.61236	0.06918	0.06093	0.18683	0.0707
V820	0.09273	0.27747	0.16503	0.40662	0.05815
V821	0.06233	0.12893	0.0287	0.1384	0.64164
V822	0.17383	0.04639	0.04616	0.6888	0.04483
V823	0.07329	0.1865	0.25325	0.10741	0.37955
V824	0.10042	0.14038	0.05639	0.13016	0.57265
V825	0.11148	0.14738	0.51371	0.19678	0.03065
V826	0.05162	0.18337	0.65211	0.08677	0.02613
V827	0.2729	0.14071	0.03972	0.43452	0.11216
V828	0.1999	0.19036	0.15037	0.16876	0.29061
V829	0.0956	0.16963	0.31246	0.2226	0.19971
V830	0.10857	0.167	0.54641	0.09718	0.08083
V831	0.07119	0.51085	0.11522	0.24533	0.05741
V832	0.18784	0.08743	0.10808	0.31012	0.30653
V833	0.18023	0.5323	0.07752	0.13315	0.07681
V834	0.50223	0.14816	0.08367	0.17018	0.09577
V835	0.20309	0.23741	0.13675	0.3288	0.09394
V836	0.23444	0.15435	0.39609	0.17237	0.04274
V837	0.07599	0.58282	0.08735	0.16051	0.09333
V838	0.05892	0.04492	0.10184	0.75337	0.04094
V839	0.07403	0.14762	0.11052	0.12198	0.54584
V840	0.60436	0.06703	0.07362	0.18271	0.07228
V841	0.14186	0.16761	0.56686	0.0883	0.03537
V842	0.34075	0.11048	0.22876	0.26534	0.05467
V843	0.32269	0.1022	0.18342	0.17998	0.21172
V844	0.04113	0.23829	0.59059	0.09135	0.03863
V845	0.07651	0.06027	0.02658	0.60696	0.22968
V846	0.1208	0.14258	0.13701	0.16845	0.43116
V847	0.18919	0.10189	0.09069	0.22536	0.39287
V848	0.50561	0.0852	0.04899	0.22326	0.13694
V849	0.10288	0.18221	0.55672	0.08571	0.07249
V850	0.16583	0.1375	0.30025	0.21236	0.18405
V851	0.63407	0.06061	0.04817	0.17638	0.08077
V852	0.20247	0.13139	0.12041	0.25682	0.28892
V853	0.05478	0.20403	0.50408	0.17185	0.06526
V854	0.0709	0.3087	0.27965	0.1608	0.17996
V855	0.11456	0.29546	0.1413	0.35658	0.0921
V856	0.15205	0.3383	0.10933	0.12371	0.27661
V857	0.09724	0.11672	0.19634	0.41332	0.17638
V858	0.06152	0.29511	0.22888	0.26264	0.15185
V859	0.14065	0.04884	0.05287	0.69566	0.06198
V860	0.07963	0.13747	0.10155	0.60721	0.07413
V861	0.13793	0.07587	0.15436	0.5878	0.04404
V862	0.10011	0.1128	0.05464	0.20229	0.53016
V863	0.08142	0.62747	0.0912	0.13563	0.06427
V864	0.05183	0.17289	0.63638	0.11303	0.02587
V865	0.08	0.14465	0.50834	0.23787	0.02914
V866	0.05338	0.16679	0.51404	0.22617	0.03963
V867	0.42261	0.09994	0.04682	0.146	0.28464
V868	0.16298	0.22779	0.38132	0.17912	0.04879
V869	0.0647	0.12311	0.05516	0.13818	0.61885
V870	0.2171	0.17751	0.1245	0.31205	0.16885
V871	0.07296	0.15082	0.13763	0.18756	0.45103
V872	0.2927	0.07194	0.05096	0.50492	0.07947
V873	0.08359	0.26103	0.1903	0.3877	0.07738
V874	0.11696	0.1468	0.04008	0.14046	0.5557
V875	0.06297	0.17579	0.06142	0.5056	0.19422
V876	0.34969	0.12709	0.10288	0.1478	0.27254
V877	0.19862	0.43998	0.10297	0.20051	0.05792
V878	0.07159	0.4748	0.10434	0.29689	0.05237
V879	0.59772	0.08347	0.06105	0.18463	0.07313
V880	0.10803	0.12118	0.06627	0.45362	0.25089
V881	0.04324	0.16746	0.47214	0.0859	0.23125
V882	0.08375	0.329	0.06755	0.47678	0.04292
V883	0.37138	0.16529	0.0602	0.28522	0.11791
V884	0.06268	0.12288	0.0285	0.14698	0.63897
V885	0.13302	0.16507	0.37156	0.17584	0.15451
V886	0.05759	0.10001	0.06291	0.29943	0.48006
V887	0.11517	0.60248	0.08111	0.13084	0.07039
V888	0.09221	0.11133	0.09071	0.63128	0.07447
V889	0.12919	0.55667	0.11116	0.14614	0.05684
V890	0.07281	0.07871	0.16413	0.58264	0.10171
V891	0.03301	0.19959	0.6592	0.08192	0.02627
V892	0.42543	0.21314	0.07197	0.14914	0.14032
V893	0.11493	0.222	0.45219	0.14576	0.06513
V894	0.11421	0.37514	0.1052	0.33268	0.07277
V895	0.41486	0.10473	0.28605	0.14188	0.05247
V896	0.16572	0.20417	0.25782	0.32822	0.04407
V897	0.05976	0.04722	0.0687	0.71215	0.11217
V898	0.31284	0.09546	0.05089	0.16016	0.38066
V899	0.39597	0.25425	0.13703	0.13583	0.07693
V900	0.1871	0.21928	0.29166	0.24941	0.05255
