mature.neutrophil	CD14.pos.CD16.neg.classical.monocyte	macrophage	memory.CD4.pos.AB.T.cell	cytotoxic.CD56.dim.NK.cell
V1	0.25185	0.22977	0.24438	0.15516	0.11884
V2	0.05944	0.6778	0.10882	0.09129	0.06264
V3	0.05567	0.1537	0.38635	0.34813	0.05615
V4	0.0137	0.14835	0.24342	0.08728	0.50725
V5	0.0252	0.11104	0.08722	0.1284	0.64814
V6	0.25716	0.15683	0.25651	0.22157	0.10794
V7	0.00548	0.18594	0.39049	0.09851	0.31958
V8	0.00083	0.21272	0.67509	0.09222	0.01914
V9	0.05881	0.11136	0.2493	0.51087	0.06966
V10	0.33138	0.19083	0.39126	0.0537	0.03284
V11	0.03837	0.13492	0.12754	0.09896	0.60021
V12	0.07323	0.13285	0.22051	0.27911	0.29429
V13	0.12381	0.12628	0.0612	0.38156	0.30715
V14	0.148	0.08397	0.08876	0.54512	0.13414
V15	0.04934	0.0682	0.02193	0.7562	0.10433
V16	0.44841	0.15285	0.037	0.30903	0.0527
V17	0.06838	0.29418	0.05318	0.09517	0.4891
V18	0.07402	0.41477	0.26381	0.20265	0.04475
V19	0.04004	0.10863	0.02986	0.14378	0.67769
V20	0	0.18166	0.58477	0.19733	0.03624
V21	0.02512	0.30939	0.15931	0.17187	0.33432
V22	0.61068	0.18498	0.08621	0.07597	0.04216
V23	0.07952	0.1182	0.05048	0.15805	0.59376
V24	0.37417	0.20527	0.04893	0.09825	0.27338
V25	0.03882	0.1043	0.03998	0.39081	0.42609
V26	0.37686	0.26848	0.08808	0.09273	0.17385
V27	0.10364	0.48381	0.21159	0.05234	0.14861
V28	0.03892	0.15277	0.20467	0.51387	0.08977
V29	0.01531	0.1138	0.30774	0.49072	0.07244
V30	0.56102	0.19629	0.05352	0.09191	0.09726
V31	0.34616	0.2078	0.04103	0.2385	0.16651
V32	0.69525	0.12038	0.03273	0.09079	0.06085
V33	0.03265	0.25311	0.05146	0.14107	0.52171
V34	0.11794	0.72114	0.06857	0.05939	0.03297
V35	0.08188	0.55187	0.27359	0.06655	0.0261
V36	0.02898	0.25716	0.18978	0.11645	0.40762
V37	0.58416	0.11892	0.02368	0.08794	0.18531
V38	0.09186	0.1794	0.41372	0.1889	0.12613
V39	0.24745	0.18318	0.30485	0.06365	0.20088
V40	0.19731	0.54364	0.06607	0.13373	0.05925
V41	0.05737	0.72989	0.07595	0.0519	0.08489
V42	0.64872	0.14828	0.04515	0.08802	0.06983
V43	0.34748	0.23993	0.30972	0.07543	0.02743
V44	0.02275	0.35771	0.48638	0.04415	0.08901
V45	0.04425	0.59129	0.1414	0.15543	0.06763
V46	0.10727	0.65653	0.12175	0.07196	0.04248
V47	0	0.21703	0.72049	0.04286	0.01962
V48	0.13843	0.21461	0.22024	0.29283	0.13389
V49	0.34689	0.23638	0.21847	0.15975	0.03851
V50	0.00749	0.2295	0.70592	0.04256	0.01453
V51	0.08819	0.32422	0.21402	0.09543	0.27813
V52	0.06437	0.76967	0.07327	0.05887	0.03382
V53	0.04953	0.18826	0.03644	0.63804	0.08772
V54	0.19685	0.07922	0.03368	0.4879	0.20235
V55	0.0913	0.05587	0.02007	0.73619	0.09657
V56	0.08663	0.05479	0.02671	0.66345	0.16843
V57	0.11127	0.25804	0.47188	0.06452	0.09429
V58	0.06879	0.11093	0.15438	0.21129	0.45461
V59	0.6306	0.14674	0.10275	0.08709	0.03282
V60	0.33179	0.26819	0.1405	0.1517	0.10783
V61	0.1763	0.10823	0.05282	0.2354	0.42725
V62	0.0506	0.16139	0.29101	0.1502	0.34679
V63	0.32132	0.30651	0.09184	0.086	0.19433
V64	0.69397	0.13411	0.04677	0.08934	0.03582
V65	0.0918	0.13561	0.06199	0.53471	0.17588
V66	0.04361	0.08278	0.14312	0.63982	0.09067
V67	0.00874	0.15972	0.32499	0.11966	0.38689
V68	0.33168	0.16836	0.34285	0.08368	0.07344
V69	0.43561	0.22421	0.19703	0.07772	0.06544
V70	0.06723	0.61458	0.09585	0.16956	0.05278
V71	0.09376	0.66858	0.10003	0.09752	0.04011
V72	0.04556	0.41041	0.06901	0.07752	0.3975
V73	0.06619	0.08949	0.11674	0.50105	0.22653
V74	0.03801	0.10338	0.03112	0.68312	0.14438
V75	0.34392	0.27511	0.28365	0.06522	0.0321
V76	0.03751	0.05746	0.0373	0.7329	0.13483
V77	0.00683	0.21275	0.6941	0.06955	0.01678
V78	0	0.22034	0.71174	0.04785	0.02007
V79	0.07842	0.40361	0.08136	0.16025	0.27636
V80	0.1197	0.63752	0.05938	0.09096	0.09244
V81	0	0.22044	0.72197	0.04305	0.01454
V82	0.2088	0.19987	0.0564	0.45953	0.0754
V83	0.10097	0.13689	0.04627	0.48236	0.23352
V84	0.09341	0.23168	0.04129	0.10154	0.53209
V85	0	0.21661	0.72007	0.04837	0.01495
V86	0.02845	0.29558	0.29364	0.32557	0.05675
V87	0.36971	0.10401	0.0624	0.39182	0.07207
V88	0.2585	0.22709	0.08049	0.20802	0.22589
V89	0.0264	0.25662	0.63081	0.06863	0.01754
V90	0.02858	0.24556	0.091	0.13625	0.49861
V91	0.03274	0.06879	0.09507	0.71153	0.09187
V92	0.21078	0.14053	0.05597	0.10692	0.48581
V93	0.02281	0.16008	0.17364	0.44569	0.19778
V94	0.04882	0.22346	0.05494	0.24892	0.42386
V95	0.06719	0.27809	0.05907	0.1402	0.45545
V96	0.60016	0.12975	0.04898	0.09729	0.12382
V97	0.14755	0.13151	0.07185	0.15353	0.49556
V98	0.05046	0.39268	0.20342	0.14179	0.21165
V99	0.40913	0.19905	0.03299	0.23322	0.12561
V100	0.41728	0.23737	0.07794	0.10572	0.16168
V101	0.07112	0.75822	0.07958	0.05788	0.03321
V102	0.24849	0.29624	0.15445	0.13616	0.16467
V103	0.12504	0.09906	0.03449	0.10992	0.63149
V104	0.04914	0.42132	0.12477	0.07504	0.32973
V105	0.02677	0.11509	0.07072	0.13668	0.65074
V106	0.05277	0.6539	0.19206	0.05095	0.05033
V107	0.03358	0.31552	0.55127	0.07473	0.0249
V108	0.00769	0.3019	0.63291	0.04151	0.016
V109	0.06435	0.25979	0.08798	0.27166	0.31622
V110	0.14748	0.471	0.20617	0.13155	0.04379
V111	0.20852	0.31158	0.40801	0.05259	0.0193
V112	0.16092	0.09315	0.12137	0.41796	0.2066
V113	0.20412	0.11948	0.12396	0.1821	0.37033
V114	0.44226	0.16947	0.07233	0.19726	0.11868
V115	0.65838	0.11689	0.03066	0.09276	0.10131
V116	0.03223	0.10369	0.03167	0.12136	0.71106
V117	0.03054	0.20487	0.63155	0.09781	0.03523
V118	0.06563	0.05427	0.02052	0.74895	0.11062
V119	0.24243	0.16247	0.33867	0.21935	0.03708
V120	0.00131	0.19771	0.64169	0.1167	0.0426
V121	0.17624	0.62699	0.05902	0.06141	0.07634
V122	0.04118	0.38998	0.12128	0.23228	0.21527
V123	0.38658	0.14552	0.09439	0.20855	0.16496
V124	0.18559	0.18914	0.08803	0.23288	0.30436
V125	0.03281	0.45015	0.44449	0.04675	0.0258
V126	0.12868	0.26447	0.22477	0.13997	0.24211
V127	0.19297	0.1861	0.51213	0.08434	0.02445
V128	0.18479	0.65024	0.06891	0.05424	0.04182
V129	0.20857	0.16525	0.25443	0.18343	0.18831
V130	0.03985	0.47171	0.08633	0.22782	0.17429
V131	0.029	0.10177	0.22625	0.56767	0.07531
V132	0.30347	0.10486	0.02084	0.33042	0.24042
V133	0.00119	0.20524	0.48233	0.10924	0.20201
V134	0.04528	0.21162	0.61408	0.0608	0.06823
V135	0.01189	0.25186	0.58785	0.06138	0.08702
V136	0.71209	0.12212	0.03451	0.09404	0.03723
V137	0.66859	0.13968	0.03276	0.10689	0.05208
V138	0.21085	0.22017	0.10532	0.16551	0.29815
V139	0.11608	0.08849	0.16337	0.55056	0.08151
V140	0.03393	0.12205	0.17597	0.09518	0.57287
V141	0.01215	0.31112	0.53757	0.11012	0.02904
V142	0.16686	0.14683	0.30517	0.15213	0.22901
V143	0.01497	0.28689	0.42946	0.14614	0.12253
V144	0.39128	0.27019	0.09465	0.15324	0.09064
V145	0	0.21816	0.70315	0.05312	0.02557
V146	0.0471	0.34702	0.0467	0.30301	0.25618
V147	0.06618	0.22415	0.54882	0.11711	0.04375
V148	0.14568	0.66441	0.06956	0.07616	0.04419
V149	0.04039	0.05357	0.02167	0.75374	0.13064
V150	0.10366	0.29944	0.48773	0.04522	0.06395
V151	0.35872	0.0993	0.03363	0.37109	0.13726
V152	0.03524	0.07309	0.12622	0.62921	0.13624
V153	0.12713	0.282	0.40164	0.08367	0.10556
V154	0.11226	0.54405	0.07481	0.07783	0.19105
V155	0.05171	0.08355	0.14253	0.63239	0.08982
V156	0.07879	0.17361	0.36201	0.16197	0.22361
V157	0.08571	0.14877	0.1792	0.26911	0.31722
V158	0.14805	0.1654	0.39233	0.08933	0.20489
V159	0.11627	0.23819	0.04528	0.50082	0.09943
V160	0.35859	0.24037	0.11605	0.09827	0.18671
V161	0.18921	0.13276	0.08746	0.09295	0.49763
V162	0	0.22317	0.71919	0.04303	0.0146
V163	0.06348	0.10432	0.04415	0.13159	0.65647
V164	0.67969	0.15437	0.0416	0.09285	0.03149
V165	0.45788	0.27016	0.10733	0.10367	0.06096
V166	0.05796	0.10411	0.23327	0.48104	0.12362
V167	0.04643	0.57603	0.07108	0.15436	0.15211
V168	0	0.22317	0.71919	0.04303	0.0146
V169	0.05701	0.59814	0.19593	0.1055	0.04342
V170	0.20761	0.38107	0.09153	0.20013	0.11966
V171	0.23089	0.20359	0.32132	0.17826	0.06594
V172	0.15894	0.28353	0.10382	0.08981	0.3639
V173	0.18391	0.17573	0.1099	0.35792	0.17254
V174	0.1661	0.14566	0.32054	0.19931	0.16839
V175	0.07448	0.22236	0.14349	0.1992	0.36046
V176	0.31615	0.08757	0.02683	0.49693	0.07252
V177	0.14208	0.18997	0.46527	0.16792	0.03477
V178	0.20442	0.19063	0.39126	0.13282	0.08087
V179	0.0993	0.11292	0.03574	0.11008	0.64196
V180	0.02354	0.16504	0.33167	0.07537	0.40439
V181	0.07077	0.31232	0.03877	0.12062	0.45752
V182	0.44121	0.26612	0.03829	0.18691	0.06747
V183	0.07922	0.75752	0.07197	0.05257	0.03872
V184	0.2458	0.13944	0.27025	0.2826	0.06192
V185	0.10005	0.45798	0.06879	0.16726	0.20593
V186	0.12779	0.23348	0.06065	0.25799	0.32009
V187	0.0867	0.59051	0.05626	0.21411	0.05243
V188	0.62235	0.1395	0.05626	0.1424	0.03949
V189	0.36251	0.27123	0.06643	0.24785	0.05198
V190	0.31835	0.1896	0.21386	0.07851	0.19969
V191	0.19484	0.24769	0.03726	0.37693	0.14327
V192	0.25884	0.2526	0.14331	0.2146	0.13066
V193	0.05208	0.30189	0.45309	0.0762	0.11674
V194	0.22462	0.1558	0.10953	0.15306	0.35698
V195	0.41733	0.2583	0.2267	0.06907	0.0286
V196	0.02512	0.10372	0.08711	0.12931	0.65474
V197	0.0775	0.7368	0.06928	0.07613	0.0403
V198	0.19989	0.2688	0.06903	0.21727	0.24501
V199	0.55381	0.15175	0.20302	0.06778	0.02363
V200	0.58329	0.11796	0.05469	0.0976	0.14646
V201	0.05765	0.06026	0.04309	0.61987	0.21913
V202	0.68102	0.15806	0.02953	0.09436	0.03703
V203	0.41769	0.29179	0.0606	0.10922	0.1207
V204	0.28841	0.17434	0.0634	0.08707	0.38677
V205	0.10553	0.14427	0.13853	0.13396	0.47772
V206	0.0651	0.13346	0.02446	0.66131	0.11568
V207	0.04934	0.0682	0.02193	0.7562	0.10433
V208	0.11834	0.30345	0.4154	0.08113	0.08167
V209	0.14171	0.13653	0.12066	0.10914	0.49196
V210	0	0.21542	0.71654	0.04804	0.02
V211	0.13328	0.15395	0.21084	0.09857	0.40335
V212	0.06421	0.65567	0.12986	0.07816	0.07209
V213	0.101	0.09505	0.08556	0.27428	0.44411
V214	0.0242	0.51052	0.3727	0.05323	0.03935
V215	0.20593	0.28419	0.15623	0.12207	0.23158
V216	0.04882	0.17678	0.31509	0.09724	0.36206
V217	0.03578	0.05295	0.04485	0.71339	0.15304
V218	0.06699	0.25658	0.27593	0.29253	0.10796
V219	0.10318	0.32106	0.35051	0.18512	0.04013
V220	0.17127	0.62667	0.11074	0.05654	0.03479
V221	0.03342	0.21087	0.44223	0.06505	0.24843
V222	0.03916	0.10431	0.03838	0.12373	0.69443
V223	0.37989	0.15495	0.27804	0.14715	0.03997
V224	0.04963	0.51271	0.07431	0.1214	0.24195
V225	0.52344	0.24154	0.13752	0.06701	0.03049
V226	0.37605	0.47543	0.04892	0.0641	0.0355
V227	0.10065	0.26701	0.03994	0.49328	0.09911
V228	0.42155	0.16514	0.24607	0.11487	0.05236
V229	0.20924	0.40168	0.2593	0.08296	0.04683
V230	0.03925	0.09696	0.03829	0.12496	0.70053
V231	0.06741	0.54221	0.1065	0.18173	0.10215
V232	0.57794	0.14691	0.17519	0.07497	0.02498
V233	0.06003	0.13898	0.16539	0.14804	0.48755
V234	0.02774	0.3759	0.22602	0.30176	0.06858
V235	0.7049	0.12477	0.02799	0.10868	0.03367
V236	0.05932	0.1824	0.52031	0.17609	0.06188
V237	0.10747	0.18332	0.25433	0.28264	0.17224
V238	0.03055	0.08806	0.03362	0.30678	0.54099
V239	0.0695	0.40272	0.08917	0.19255	0.24605
V240	0.07321	0.71521	0.07439	0.06369	0.0735
V241	0.06402	0.77099	0.07324	0.05264	0.03912
V242	0.03668	0.34715	0.28882	0.24347	0.08387
V243	0.34984	0.16104	0.29153	0.0829	0.11468
V244	0.03396	0.4163	0.2137	0.11487	0.22117
V245	0.06019	0.74528	0.09288	0.06821	0.03344
V246	0.46987	0.30154	0.06145	0.07499	0.09216
V247	0.13829	0.24006	0.49743	0.08364	0.04057
V248	0.0957	0.55232	0.07613	0.06634	0.20951
V249	0.20549	0.18247	0.20711	0.13897	0.26596
V250	0.01194	0.20514	0.54084	0.07459	0.16749
V251	0.19062	0.10661	0.10469	0.49039	0.10769
V252	0.01863	0.24318	0.47272	0.15088	0.11459
V253	0.24423	0.50566	0.12168	0.08743	0.041
V254	0.41296	0.37175	0.0401	0.12908	0.04611
V255	0.61403	0.173	0.02741	0.09811	0.08745
V256	0.05212	0.66424	0.07727	0.06034	0.14604
V257	0.33998	0.33316	0.15845	0.08697	0.08145
V258	0.14962	0.31961	0.08081	0.38227	0.06769
V259	0.39739	0.31642	0.18259	0.06393	0.03967
V260	0.22199	0.14509	0.12496	0.14004	0.36792
V261	0.01897	0.1689	0.44114	0.24961	0.12139
V262	0.66072	0.14186	0.0707	0.09217	0.03456
V263	0.59458	0.17011	0.03929	0.15907	0.03696
V264	0.07679	0.73069	0.07621	0.08164	0.03467
V265	0.59975	0.18471	0.09241	0.0896	0.03352
V266	0.03097	0.10894	0.11085	0.11792	0.63132
V267	0.06387	0.09616	0.03368	0.21246	0.59384
V268	0.16634	0.41258	0.16472	0.18329	0.07307
V269	0.07378	0.35513	0.33204	0.18162	0.05743
V270	0.06992	0.06177	0.05194	0.72215	0.09422
V271	0.19971	0.60959	0.06463	0.07229	0.05378
V272	0.10376	0.68722	0.08631	0.06241	0.0603
V273	0.23552	0.12887	0.17666	0.29888	0.16006
V274	0.09573	0.1303	0.06431	0.23272	0.47693
V275	0.04977	0.60471	0.18891	0.11219	0.04442
V276	0.0058	0.18524	0.56161	0.19972	0.04763
V277	0.25586	0.1833	0.46878	0.0555	0.03656
V278	0.01292	0.15158	0.31361	0.37915	0.14275
V279	0.14637	0.06769	0.03386	0.62812	0.12396
V280	0.17822	0.09458	0.0573	0.52407	0.14584
V281	0.04614	0.2371	0.07088	0.56026	0.08562
V282	0.07167	0.76415	0.07262	0.05263	0.03893
V283	0.2964	0.12934	0.12878	0.10071	0.34477
V284	0.01825	0.25617	0.46458	0.0545	0.2065
V285	0.40744	0.42373	0.04425	0.08757	0.03702
V286	0.05191	0.21663	0.64036	0.06914	0.02196
V287	0.20263	0.16587	0.17324	0.2728	0.18547
V288	0.14286	0.19208	0.5078	0.05561	0.10165
V289	0.15013	0.24078	0.05268	0.47838	0.07803
V290	0.33298	0.42849	0.15656	0.05619	0.02579
V291	0.33463	0.2389	0.0367	0.3282	0.06157
V292	0.09397	0.1807	0.36805	0.08792	0.26936
V293	0	0.26144	0.63524	0.07463	0.02868
V294	0.03087	0.10496	0.03962	0.11894	0.70561
V295	0.02153	0.14035	0.3036	0.41965	0.11487
V296	0.63478	0.19081	0.02995	0.09315	0.05131
V297	0.00982	0.19888	0.61254	0.12909	0.04967
V298	0.25878	0.08016	0.02609	0.48234	0.15263
V299	0.24059	0.06723	0.03326	0.57851	0.08042
V300	0.71166	0.12606	0.02892	0.10009	0.03327
V301	0.69811	0.11937	0.03281	0.11141	0.03829
V302	0.03145	0.08003	0.0318	0.40395	0.45277
V303	0.095	0.25191	0.2181	0.18943	0.24556
V304	0.1287	0.21581	0.57525	0.04996	0.03028
V305	0.17731	0.34307	0.12149	0.14068	0.21745
V306	0.2755	0.55818	0.05436	0.07006	0.0419
V307	0.19065	0.12658	0.24953	0.37733	0.05592
V308	0.1639	0.19123	0.51834	0.10036	0.02618
V309	0.49223	0.16528	0.07135	0.15913	0.112
V310	0.04721	0.11404	0.03616	0.17203	0.63055
V311	0.04383	0.05409	0.06114	0.73946	0.10149
V312	0.07573	0.3159	0.25487	0.06429	0.28922
V313	0.07088	0.31017	0.05134	0.30442	0.26319
V314	0.09081	0.09085	0.02984	0.37344	0.41506
V315	0.69772	0.12191	0.03926	0.09037	0.05074
V316	0.09466	0.50817	0.2577	0.06909	0.07038
V317	0.27243	0.22458	0.41422	0.05572	0.03306
V318	0.67517	0.11894	0.03155	0.08889	0.08545
V319	0.06827	0.23456	0.62844	0.05303	0.0157
V320	0.09813	0.05095	0.02701	0.72255	0.10137
V321	0.11037	0.35704	0.29021	0.18918	0.05319
V322	0.00657	0.33582	0.49087	0.07891	0.08783
V323	0.18378	0.29958	0.37717	0.06578	0.07369
V324	0.0605	0.09459	0.06159	0.6858	0.09751
V325	0.47173	0.19687	0.10139	0.15313	0.07687
V326	0.05855	0.11338	0.08224	0.18894	0.55689
V327	0.26415	0.45378	0.1394	0.07184	0.07083
V328	0.05379	0.30564	0.18022	0.38838	0.07197
V329	0.01297	0.16184	0.35011	0.41121	0.06386
V330	0.051	0.21896	0.64227	0.04303	0.04474
V331	0.12524	0.13155	0.11247	0.1496	0.48115
V332	0.32883	0.20022	0.37329	0.05892	0.03874
V333	0.30202	0.164	0.27493	0.17108	0.08796
V334	0.03155	0.3456	0.47209	0.10012	0.05063
V335	0.53263	0.16763	0.09829	0.09923	0.10221
V336	0.13435	0.51776	0.26828	0.04565	0.03397
V337	0.02919	0.09701	0.04382	0.21583	0.61416
V338	0.52188	0.15332	0.15284	0.08473	0.08723
V339	0.17121	0.4937	0.20589	0.04985	0.07935
V340	0.04071	0.24092	0.13911	0.11694	0.46232
V341	0.0196	0.47047	0.40222	0.04804	0.05967
V342	0.21382	0.25415	0.37792	0.12711	0.02699
V343	0.49106	0.15903	0.25472	0.07253	0.02267
V344	0.09927	0.64531	0.09765	0.06875	0.08902
V345	0.19862	0.12881	0.03037	0.29377	0.34843
V346	0.03584	0.3396	0.30365	0.25423	0.06669
V347	0.08568	0.46389	0.06921	0.297	0.08422
V348	0.01629	0.24222	0.39802	0.21691	0.12656
V349	0.04741	0.36107	0.45698	0.05534	0.0792
V350	0.10268	0.4031	0.11934	0.23009	0.14479
V351	0.13655	0.16807	0.37346	0.26889	0.05302
V352	0.08831	0.49794	0.33713	0.0488	0.02782
V353	0.2163	0.34976	0.07489	0.10086	0.2582
V354	0.39955	0.17825	0.34532	0.05726	0.01961
V355	0.07828	0.13586	0.30602	0.41525	0.06459
V356	0.05923	0.21566	0.63022	0.05893	0.03597
V357	0.03256	0.19746	0.44998	0.07673	0.24326
V358	0.05309	0.08403	0.0537	0.70962	0.09957
V359	0.07368	0.14219	0.0327	0.66178	0.08965
V360	0.52213	0.15608	0.10432	0.18041	0.03706
V361	0.27322	0.453	0.12456	0.05696	0.09227
V362	0.59866	0.13605	0.10853	0.07546	0.08129
V363	0.04711	0.11852	0.03549	0.20465	0.59424
V364	0.05381	0.29583	0.05806	0.39595	0.19635
V365	0.03951	0.05455	0.02956	0.75861	0.11777
V366	0.14715	0.20531	0.48074	0.09291	0.07389
V367	0.18318	0.28127	0.21263	0.17815	0.14476
V368	0.5438	0.19249	0.13378	0.07902	0.05091
V369	0.044	0.56676	0.25553	0.10319	0.03052
V370	0.033	0.21803	0.14399	0.33313	0.27185
V371	0.06757	0.74285	0.10842	0.04981	0.03135
V372	0.47531	0.17949	0.14917	0.14809	0.04793
V373	0.10695	0.5671	0.16776	0.11908	0.03911
V374	0.08462	0.16698	0.33818	0.35767	0.05255
V375	0.21233	0.18707	0.47685	0.10189	0.02186
V376	0.01275	0.15817	0.37921	0.07821	0.37166
V377	0.07991	0.46565	0.2266	0.18367	0.04417
V378	0.11514	0.50805	0.2029	0.0507	0.1232
V379	0.03703	0.118	0.13364	0.1438	0.56753
V380	0.02925	0.14055	0.18059	0.43286	0.21676
V381	0.14335	0.14299	0.03571	0.10262	0.57533
V382	0.35206	0.0896	0.02677	0.29888	0.2327
V383	0.04221	0.11158	0.25851	0.51762	0.07008
V384	0.23608	0.14347	0.16859	0.36086	0.09099
V385	0.09191	0.17944	0.03887	0.10165	0.58813
V386	0.51107	0.10801	0.02776	0.30167	0.05149
V387	0.24184	0.08905	0.0269	0.54597	0.09623
V388	0.06323	0.70171	0.09586	0.09819	0.04101
V389	0.11875	0.65649	0.07591	0.07599	0.07286
V390	0.17228	0.07054	0.02609	0.57912	0.15197
V391	0.54349	0.21927	0.0295	0.1314	0.07635
V392	0.69394	0.14269	0.03518	0.09595	0.03224
V393	0.09781	0.11625	0.15826	0.45107	0.17662
V394	0.54196	0.12053	0.04755	0.19162	0.09835
V395	0.01314	0.12921	0.34005	0.45	0.0676
V396	0.38626	0.18484	0.34827	0.05644	0.02419
V397	0.50878	0.2129	0.0611	0.1553	0.06192
V398	0.07135	0.09031	0.17422	0.53327	0.13086
V399	0.05699	0.10977	0.02552	0.29457	0.51315
V400	0.14276	0.47988	0.18363	0.15752	0.03621
V401	0.22294	0.18595	0.49798	0.0744	0.01872
V402	0.26762	0.1841	0.37395	0.10366	0.07067
V403	0.14559	0.15656	0.02709	0.19097	0.47979
V404	0.00754	0.18089	0.42276	0.31369	0.07512
V405	0.28109	0.29179	0.09898	0.22067	0.10746
V406	0.00708	0.22759	0.69851	0.04214	0.02468
V407	0.64874	0.149	0.05799	0.11221	0.03206
V408	0.04762	0.37391	0.04871	0.25834	0.27141
V409	0.11421	0.07951	0.0817	0.57349	0.15109
V410	0.10222	0.24268	0.30597	0.09321	0.25591
V411	0.03212	0.10308	0.03133	0.12763	0.70584
V412	0.03067	0.22928	0.15596	0.09807	0.48602
V413	0.03424	0.29115	0.17315	0.32485	0.17661
V414	0.05934	0.14321	0.02538	0.43487	0.3372
V415	0.15931	0.09998	0.03352	0.10747	0.59973
V416	0.10759	0.16807	0.05087	0.19565	0.47782
V417	0.00271	0.1975	0.60848	0.13048	0.06083
V418	0.42873	0.38377	0.06088	0.07628	0.05034
V419	0.22141	0.11943	0.04576	0.1783	0.4351
V420	0.20217	0.11695	0.12469	0.11935	0.43684
V421	0.01966	0.12215	0.15221	0.12435	0.58162
V422	0.03905	0.07852	0.06903	0.61557	0.19783
V423	0.2235	0.26362	0.26931	0.19099	0.05258
V424	0.00232	0.17542	0.44197	0.0662	0.31409
V425	0.28696	0.38044	0.04007	0.0769	0.21563
V426	0.20991	0.21877	0.04975	0.40222	0.11934
V427	0.17565	0.55792	0.18653	0.04864	0.03125
V428	0.0931	0.57229	0.12267	0.11866	0.09328
V429	0.12142	0.66243	0.06184	0.10135	0.05297
V430	0.02938	0.16375	0.37259	0.19134	0.24294
V431	0.10158	0.37593	0.21359	0.23081	0.0781
V432	0.24976	0.15675	0.13797	0.31217	0.14336
V433	0.14553	0.16891	0.43163	0.20405	0.04988
V434	0.18121	0.3415	0.34244	0.06028	0.07457
V435	0.38974	0.18955	0.31023	0.08284	0.02763
V436	0.06195	0.54139	0.14658	0.0908	0.15929
V437	0.17659	0.11701	0.05365	0.21414	0.43861
V438	0.11742	0.33088	0.21062	0.25458	0.08649
V439	0.47475	0.10272	0.06738	0.29475	0.0604
V440	0.01849	0.39308	0.48369	0.05301	0.05172
V441	0.03187	0.50261	0.37137	0.06463	0.02952
V442	0.07138	0.7632	0.08028	0.05228	0.03286
V443	0.6941	0.11811	0.03249	0.12112	0.03418
V444	0.14352	0.40473	0.07144	0.30262	0.07768
V445	0.07441	0.38606	0.07945	0.38522	0.07485
V446	0.11068	0.1139	0.11626	0.48451	0.17464
V447	0.08145	0.08046	0.0365	0.43064	0.37095
V448	0.1576	0.10874	0.04842	0.11562	0.56962
V449	0	0.22317	0.71919	0.04303	0.0146
V450	0.16801	0.20033	0.24352	0.15998	0.22816
V451	0.23223	0.24195	0.089	0.31062	0.1262
V452	0.03221	0.09001	0.16856	0.59776	0.11146
V453	0.04134	0.08281	0.02313	0.44489	0.40782
V454	0.00302	0.19603	0.567	0.06866	0.1653
V455	0.05692	0.30319	0.27993	0.09265	0.26731
V456	0.6912	0.12364	0.02658	0.1059	0.05268
V457	0.50384	0.26008	0.06476	0.11352	0.0578
V458	0.0205	0.39563	0.45176	0.0822	0.04991
V459	0.13216	0.13331	0.07682	0.43171	0.226
V460	0.48602	0.16975	0.18988	0.11162	0.04273
V461	0.15273	0.35046	0.2495	0.06864	0.17866
V462	0.06642	0.13648	0.03962	0.46071	0.29677
V463	0.19967	0.11664	0.03626	0.5619	0.08553
V464	0.11672	0.29354	0.51281	0.05424	0.02268
V465	0.05608	0.1794	0.04741	0.11581	0.60131
V466	0.04843	0.09005	0.02769	0.18442	0.64942
V467	0.07168	0.26541	0.05543	0.47133	0.13616
V468	0.42582	0.33299	0.13332	0.0619	0.04596
V469	0.03314	0.34382	0.09446	0.27022	0.25836
V470	0.61592	0.15687	0.0512	0.1367	0.03931
V471	0.31869	0.31605	0.06257	0.1704	0.13229
V472	0.02726	0.13207	0.07215	0.10888	0.65964
V473	0.03608	0.27581	0.24689	0.28036	0.16086
V474	0.24772	0.19033	0.08527	0.3863	0.09038
V475	0.11552	0.20007	0.4874	0.07313	0.12387
V476	0.14637	0.11286	0.11471	0.50937	0.1167
V477	0.06415	0.76955	0.08094	0.05235	0.033
V478	0.16834	0.10714	0.03364	0.10587	0.58501
V479	0.61478	0.15849	0.05767	0.1306	0.03846
V480	0.12862	0.56918	0.10605	0.13671	0.05943
V481	0.20663	0.36932	0.09833	0.19427	0.13144
V482	0.10337	0.59263	0.22236	0.0453	0.03634
V483	0.26998	0.47548	0.04664	0.13778	0.07012
V484	0.18617	0.46886	0.15122	0.14733	0.04642
V485	0.48593	0.18152	0.12776	0.15548	0.04931
V486	0.06007	0.20358	0.29121	0.07281	0.37233
V487	0.10807	0.22798	0.363	0.2542	0.04674
V488	0.34589	0.14166	0.02265	0.32549	0.16431
V489	0.00452	0.31984	0.55065	0.09247	0.03252
V490	0.00462	0.19168	0.59182	0.17787	0.03401
V491	0.04499	0.45074	0.09363	0.1376	0.27303
V492	0.05351	0.17235	0.05825	0.61191	0.10399
V493	0.04841	0.0465	0.02894	0.77107	0.10507
V494	0.28214	0.07748	0.04	0.47528	0.1251
V495	0.25553	0.27832	0.21414	0.17712	0.0749
V496	0.12877	0.1371	0.08214	0.09712	0.55487
V497	0.09485	0.14692	0.16334	0.15728	0.4376
V498	0.08215	0.72308	0.09005	0.05581	0.0489
V499	0.04137	0.30005	0.26508	0.10779	0.28571
V500	0.10217	0.45366	0.14669	0.21311	0.08437
V501	0.07869	0.34865	0.05607	0.08858	0.42801
V502	0.12708	0.66753	0.09977	0.07363	0.03199
V503	0.33897	0.14666	0.20232	0.16798	0.14407
V504	0.39113	0.25787	0.03825	0.08312	0.22963
V505	0.48809	0.1174	0.04825	0.1454	0.20086
V506	0.03699	0.49871	0.11382	0.06973	0.28074
V507	0.62547	0.11576	0.05419	0.14948	0.0551
V508	0.035	0.56897	0.24194	0.07499	0.0791
V509	0.05647	0.44117	0.17239	0.19685	0.13312
V510	0.3299	0.45383	0.08752	0.09243	0.03633
V511	0.04836	0.36556	0.45	0.07158	0.0645
V512	0.12831	0.44776	0.20039	0.08896	0.13458
V513	0.15187	0.58696	0.12222	0.08541	0.05353
V514	0.02161	0.13069	0.23366	0.11333	0.50072
V515	0.09209	0.15746	0.02579	0.63698	0.08768
V516	0.14331	0.35802	0.13868	0.29694	0.06304
V517	0.04284	0.08739	0.07043	0.70076	0.09859
V518	0.30616	0.15753	0.28808	0.19206	0.05617
V519	0.59173	0.1552	0.03173	0.17737	0.04396
V520	0.08192	0.70792	0.08154	0.0933	0.03532
V521	0.18553	0.09139	0.14377	0.50233	0.07699
V522	0.03614	0.29173	0.48045	0.13756	0.05411
V523	0.10081	0.22507	0.57512	0.07568	0.02332
V524	0.23724	0.20014	0.45492	0.05069	0.05701
V525	0.03123	0.25878	0.06854	0.10042	0.54102
V526	0.02228	0.22536	0.6577	0.05839	0.03627
V527	0.06776	0.46525	0.37527	0.05374	0.03799
V528	0.15511	0.06052	0.04144	0.65527	0.08766
V529	0.14407	0.21424	0.56588	0.05042	0.02539
V530	0.00766	0.21844	0.66608	0.07489	0.03293
V531	0.15463	0.48751	0.1308	0.06835	0.15872
V532	0.05652	0.3277	0.29656	0.06017	0.25906
V533	0.2466	0.10785	0.02532	0.1024	0.51784
V534	0.13299	0.11479	0.02225	0.62503	0.10494
V535	0.60938	0.20566	0.07515	0.07655	0.03326
V536	0.09901	0.27834	0.35355	0.07927	0.18983
V537	0.03824	0.12064	0.04697	0.11322	0.68094
V538	0.48759	0.19367	0.03368	0.10219	0.18286
V539	0.00908	0.27354	0.53728	0.11322	0.06689
V540	0.14425	0.45394	0.12971	0.09498	0.17712
V541	0.04574	0.41016	0.06849	0.09571	0.37989
V542	0.04886	0.34071	0.14169	0.36661	0.10213
V543	0.04395	0.25217	0.54716	0.07836	0.07836
V544	0.26764	0.26719	0.19074	0.10983	0.16459
V545	0.48798	0.35944	0.04702	0.07528	0.03028
V546	0.07239	0.66606	0.13863	0.05368	0.06924
V547	0.0967	0.6594	0.06149	0.12682	0.05559
V548	0.03992	0.10072	0.03164	0.7259	0.10183
V549	0.02829	0.0972	0.05139	0.22759	0.59554
V550	0.05196	0.70847	0.15121	0.05273	0.03563
V551	0.05026	0.0445	0.02134	0.78416	0.09975
V552	0.20222	0.11601	0.04721	0.12377	0.51078
V553	0.58399	0.12067	0.04133	0.18429	0.06972
V554	0.0852	0.18693	0.41706	0.2594	0.0514
V555	0.06166	0.75818	0.07897	0.05123	0.04996
V556	0.09107	0.11163	0.07662	0.59948	0.1212
V557	0.26023	0.27116	0.0678	0.31183	0.08897
V558	0.0034	0.20361	0.61188	0.14076	0.04036
V559	0.07923	0.43002	0.40086	0.04824	0.04165
V560	0.46826	0.29331	0.14963	0.06333	0.02547
V561	0.52483	0.13417	0.14471	0.08197	0.11432
V562	0.11239	0.16472	0.1716	0.14664	0.40465
V563	0.17437	0.31356	0.21518	0.13831	0.15859
V564	0.2897	0.11748	0.07998	0.32128	0.19155
V565	0.02944	0.10356	0.04638	0.14264	0.67798
V566	0.25288	0.19934	0.05559	0.30655	0.18564
V567	0.0062	0.21891	0.71292	0.0425	0.01948
V568	0.02906	0.29131	0.38523	0.25288	0.04153
V569	0.4675	0.19361	0.12233	0.15627	0.06029
V570	0.1142	0.14099	0.26575	0.37509	0.10397
V571	0.21123	0.13045	0.22689	0.29909	0.13233
V572	0.63948	0.12025	0.02452	0.09295	0.1228
V573	0.06918	0.18092	0.31226	0.31589	0.12175
V574	0.40025	0.31614	0.1046	0.1301	0.04891
V575	0.29711	0.14409	0.13692	0.11545	0.30642
V576	0.05776	0.73491	0.07631	0.05742	0.0736
V577	0.33078	0.45287	0.08043	0.09878	0.03714
V578	0.02217	0.26311	0.44762	0.19915	0.06794
V579	0.02381	0.48972	0.32477	0.06309	0.09861
V580	0.18936	0.48054	0.06145	0.20714	0.06152
V581	0.04589	0.46394	0.35655	0.10085	0.03276
V582	0	0.23692	0.70013	0.04776	0.01519
V583	0.43141	0.16992	0.29636	0.07966	0.02265
V584	0.18585	0.47075	0.14403	0.07836	0.12101
V585	0.05646	0.65612	0.1225	0.09106	0.07386
V586	0.04598	0.66061	0.20826	0.05661	0.02854
V587	0.06588	0.60454	0.06537	0.07733	0.18688
V588	0.17576	0.41198	0.33956	0.04657	0.02613
V589	0.09918	0.38246	0.0863	0.35481	0.07724
V590	0.06242	0.67286	0.0629	0.06163	0.1402
V591	0.36566	0.45325	0.08077	0.06613	0.03419
V592	0.00826	0.1961	0.61055	0.06983	0.11526
V593	0.34909	0.08606	0.02625	0.43701	0.10159
V594	0.00188	0.25754	0.53769	0.14372	0.05918
V595	0.4078	0.13677	0.08566	0.29222	0.07755
V596	0.34149	0.26258	0.20574	0.14262	0.04756
V597	0.04193	0.24182	0.04211	0.16873	0.50541
V598	0.47023	0.11635	0.03003	0.08967	0.29371
V599	0.07752	0.38457	0.12689	0.33118	0.07985
V600	0.22513	0.12771	0.18457	0.33113	0.13146
V601	0.13816	0.15409	0.03169	0.42845	0.24762
V602	0.62217	0.2262	0.03317	0.08706	0.03138
V603	0.12599	0.2085	0.06031	0.18133	0.42387
V604	0.011	0.20012	0.573	0.11608	0.0998
V605	0.03695	0.16603	0.15216	0.13584	0.50901
V606	0.6394	0.11485	0.02408	0.09359	0.12808
V607	0.15174	0.19057	0.05265	0.09994	0.50511
V608	0.56565	0.13287	0.05514	0.13842	0.10792
V609	0.16928	0.31044	0.04926	0.35579	0.11523
V610	0.09351	0.56436	0.06135	0.2276	0.05318
V611	0.18936	0.20295	0.49004	0.06449	0.05316
V612	0.28257	0.18653	0.28595	0.07379	0.17116
V613	0.32973	0.47605	0.08255	0.08119	0.03048
V614	0.42974	0.13412	0.04351	0.13689	0.25575
V615	0.02529	0.16023	0.14827	0.484	0.18221
V616	0.48408	0.13466	0.15349	0.16771	0.06005
V617	0.16538	0.21187	0.39768	0.11614	0.10894
V618	0.53804	0.19148	0.08648	0.08338	0.10061
V619	0.41184	0.16807	0.16062	0.07603	0.18344
V620	0.04498	0.14423	0.32409	0.42171	0.06498
V621	0.11371	0.29961	0.29043	0.06036	0.23589
V622	0.02007	0.29569	0.33769	0.06763	0.27892
V623	0.08506	0.0664	0.02716	0.6037	0.21768
V624	0.67184	0.11704	0.031	0.10343	0.07669
V625	0.03118	0.12037	0.11332	0.64284	0.09229
V626	0.05706	0.18118	0.46356	0.24384	0.05436
V627	0.0999	0.23691	0.14402	0.09968	0.41949
V628	0.69225	0.13021	0.03358	0.11068	0.03329
V629	0.08902	0.3239	0.50441	0.05895	0.02373
V630	0.03149	0.24151	0.05961	0.10919	0.55821
V631	0.01157	0.14645	0.27616	0.09032	0.4755
V632	0.06106	0.66161	0.06914	0.0788	0.1294
V633	0.06626	0.09091	0.109	0.46134	0.2725
V634	0.31644	0.42548	0.17173	0.06045	0.0259
V635	0.04249	0.20831	0.20313	0.09425	0.45181
V636	0.15608	0.25556	0.29293	0.18456	0.11088
V637	0.16206	0.16387	0.35892	0.22129	0.09386
V638	0.08124	0.44693	0.0691	0.12576	0.27697
V639	0.40513	0.39078	0.11038	0.06149	0.03221
V640	0.10507	0.24493	0.11	0.23802	0.30198
V641	0.10121	0.61126	0.07948	0.15119	0.05686
V642	0.55683	0.13219	0.02961	0.23653	0.04483
V643	0.06217	0.71231	0.12804	0.06575	0.03172
V644	0.05918	0.39838	0.06499	0.38922	0.08823
V645	0.15177	0.62589	0.07346	0.11284	0.03604
V646	0.12741	0.47735	0.07671	0.22467	0.09386
V647	0.68597	0.117	0.03187	0.1303	0.03486
V648	0.3625	0.17532	0.0317	0.27279	0.1577
V649	0.22688	0.18347	0.10298	0.15656	0.33011
V650	0.05054	0.05841	0.07701	0.72068	0.09335
V651	0.14424	0.22467	0.0296	0.52433	0.07716
V652	0.30556	0.08794	0.0552	0.47046	0.08085
V653	0.28833	0.09919	0.07078	0.44519	0.09651
V654	0.04898	0.15912	0.03076	0.14735	0.61378
V655	0.13065	0.16598	0.28024	0.36296	0.06017
V656	0.11679	0.10639	0.02566	0.17398	0.57718
V657	0.04934	0.44785	0.0765	0.29694	0.12937
V658	0.04766	0.09618	0.05338	0.53487	0.26791
V659	0.03882	0.08778	0.09434	0.64672	0.13234
V660	0.06939	0.35738	0.06416	0.10569	0.40338
V661	0.05563	0.57173	0.07039	0.18548	0.11678
V662	0.04631	0.43355	0.07032	0.07501	0.3748
V663	0.7148	0.12253	0.03501	0.09495	0.0327
V664	0.03753	0.09442	0.13662	0.36951	0.36192
V665	0.03534	0.55958	0.24109	0.10498	0.05901
V666	0.09755	0.71102	0.10451	0.05563	0.03129
V667	0.036	0.50252	0.27874	0.11779	0.06495
V668	0.47996	0.28221	0.08019	0.11087	0.04677
V669	0.37168	0.32729	0.06316	0.13069	0.10718
V670	0.0939	0.56168	0.09926	0.08023	0.16493
V671	0.54601	0.14616	0.18403	0.09277	0.03103
V672	0.09269	0.15644	0.11319	0.29782	0.33985
V673	0.03136	0.11223	0.02936	0.18346	0.64359
V674	0.25866	0.23728	0.41078	0.05047	0.04281
V675	0.52104	0.11722	0.06098	0.18603	0.11473
V676	0.18446	0.24028	0.4197	0.05155	0.10401
V677	0.04835	0.30485	0.22997	0.32201	0.09483
V678	0.0609	0.34027	0.05584	0.10301	0.43999
V679	0.01638	0.15267	0.40338	0.36957	0.05801
V680	0.15916	0.09091	0.04341	0.34207	0.36445
V681	0.41234	0.12624	0.06333	0.28547	0.11262
V682	0	0.22317	0.71919	0.04303	0.0146
V683	0.04743	0.2973	0.52392	0.04498	0.08636
V684	0.08174	0.05683	0.02779	0.73746	0.09618
V685	0.00203	0.21235	0.64974	0.10959	0.02629
V686	0.23735	0.5357	0.11703	0.07011	0.03981
V687	0.00323	0.16694	0.49306	0.28412	0.05266
V688	0	0.21928	0.70783	0.04776	0.02513
V689	0.37004	0.17503	0.19378	0.14012	0.12103
V690	0.10676	0.70508	0.08083	0.0688	0.03853
V691	0.13699	0.17643	0.07154	0.51519	0.09984
V692	0.08618	0.07924	0.03544	0.64567	0.15347
V693	0.02129	0.47896	0.40692	0.06411	0.02872
V694	0.09508	0.22168	0.0675	0.49123	0.12451
V695	0.11415	0.21201	0.166	0.09278	0.41506
V696	0.08313	0.19674	0.58493	0.05208	0.08312
V697	0.08833	0.2102	0.29672	0.28647	0.11828
V698	0.02481	0.13889	0.19345	0.09848	0.54437
V699	0.05478	0.08252	0.06818	0.56615	0.22837
V700	0.06596	0.68384	0.13285	0.04795	0.06941
V701	0.0322	0.24027	0.05172	0.10434	0.57146
V702	0.04498	0.15569	0.03352	0.57698	0.18884
V703	0.04573	0.06583	0.04539	0.74063	0.10242
V704	0.03809	0.19974	0.36466	0.07909	0.31843
V705	0.69063	0.12945	0.02711	0.10061	0.0522
V706	0.13514	0.21467	0.17059	0.3671	0.11251
V707	0.13118	0.19465	0.09781	0.27042	0.30594
V708	0.02716	0.53128	0.37079	0.0477	0.02307
V709	0.02788	0.11586	0.06379	0.11245	0.68003
V710	0.09744	0.19038	0.4199	0.06006	0.23223
V711	0.07102	0.09941	0.05159	0.12404	0.65394
V712	0.04259	0.19507	0.55833	0.16552	0.0385
V713	0.19503	0.42026	0.30322	0.0585	0.023
V714	0.06621	0.10369	0.02932	0.11662	0.68417
V715	0.00859	0.34587	0.5048	0.11071	0.03002
V716	0.5557	0.24096	0.04412	0.11158	0.04764
V717	0.31431	0.2459	0.1412	0.08659	0.21201
V718	0.47878	0.15755	0.24422	0.06796	0.05149
V719	0.3176	0.28804	0.12739	0.14665	0.12032
V720	0.11688	0.14872	0.11437	0.11671	0.50331
V721	0.04267	0.11043	0.07768	0.12115	0.64807
V722	0.04143	0.26065	0.08808	0.42486	0.18498
V723	0.10704	0.25331	0.13347	0.42352	0.08267
V724	0.12232	0.56343	0.09099	0.17624	0.04702
V725	0.04778	0.10481	0.03806	0.1162	0.69315
V726	0.19135	0.46526	0.09776	0.10079	0.14484
V727	0	0.22175	0.70539	0.04767	0.02519
V728	0.56511	0.14724	0.1297	0.1227	0.03524
V729	0.46902	0.18637	0.05256	0.24138	0.05067
V730	0.09925	0.15789	0.33952	0.31455	0.08879
V731	0.03439	0.07256	0.079	0.72077	0.09328
V732	0.04875	0.04618	0.02907	0.77707	0.09892
V733	0.01476	0.23196	0.68665	0.04199	0.02463
V734	0.35617	0.21433	0.30903	0.08718	0.03329
V735	0.06712	0.25127	0.22852	0.09127	0.36183
V736	0.03093	0.13415	0.04	0.11377	0.68115
V737	0.71088	0.12737	0.03518	0.09402	0.03255
V738	0.03924	0.44657	0.06348	0.08138	0.36933
V739	0.04984	0.06009	0.02177	0.76936	0.09894
V740	0.18704	0.18429	0.12922	0.09536	0.40409
V741	0.40802	0.11097	0.02748	0.30691	0.14662
V742	0.05588	0.18624	0.45528	0.16764	0.13496
V743	0.04079	0.14701	0.10126	0.17078	0.54016
V744	0.16759	0.15243	0.17272	0.41543	0.09183
V745	0.16104	0.0905	0.0658	0.59444	0.08822
V746	0.30073	0.49614	0.08428	0.0635	0.05535
V747	0.01475	0.2298	0.67799	0.04727	0.03019
V748	0.13248	0.28857	0.27333	0.10176	0.20385
V749	0.16382	0.17897	0.13509	0.36874	0.15338
V750	0.57059	0.24476	0.03872	0.11276	0.03317
V751	0.02784	0.40364	0.48527	0.05773	0.02553
V752	0.03861	0.20392	0.05753	0.10662	0.59332
V753	0.39848	0.18378	0.22876	0.08452	0.10446
V754	0.11966	0.31407	0.04328	0.44755	0.07544
V755	0.21144	0.60648	0.09398	0.05338	0.03471
V756	0.03817	0.18617	0.05572	0.14064	0.5793
V757	0.16362	0.08066	0.11206	0.56006	0.0836
V758	0.08004	0.39698	0.04214	0.40846	0.07237
V759	0.08975	0.14392	0.12432	0.09396	0.54805
V760	0.07414	0.14847	0.21337	0.25158	0.31244
V761	0.04287	0.34139	0.54636	0.04675	0.02263
V762	0.0277	0.1392	0.18141	0.35783	0.29387
V763	0.04404	0.30798	0.04739	0.0909	0.50968
V764	0.11534	0.12617	0.10109	0.56633	0.09107
V765	0.1204	0.20391	0.518	0.08059	0.0771
V766	0.06632	0.4673	0.26034	0.08509	0.12095
V767	0.23082	0.44883	0.10327	0.09378	0.1233
V768	0.06976	0.69572	0.11067	0.08472	0.03912
V769	0.5429	0.15235	0.17822	0.07289	0.05364
V770	0.22348	0.17209	0.41224	0.15807	0.03411
V771	0.07663	0.62532	0.06597	0.12317	0.10891
V772	0.02925	0.2253	0.68308	0.04749	0.01488
V773	0.04806	0.09345	0.02644	0.23033	0.60173
V774	0.11775	0.18291	0.4529	0.0569	0.18954
V775	0.66903	0.11766	0.04322	0.12658	0.04351
V776	0.28043	0.41533	0.18063	0.07587	0.04774
V777	0.17131	0.38966	0.24839	0.12689	0.06374
V778	0.42435	0.14553	0.03662	0.23161	0.16188
V779	0.05421	0.42496	0.43706	0.05278	0.03098
V780	0.0065	0.21837	0.71229	0.04799	0.01485
V781	0.15033	0.35127	0.19475	0.06264	0.24101
V782	0.20721	0.28853	0.05683	0.08662	0.3608
V783	0	0.18891	0.53405	0.07257	0.20447
V784	0.04822	0.54326	0.05324	0.24395	0.11133
V785	0.54451	0.20539	0.02843	0.14889	0.07279
V786	0.15894	0.22467	0.04376	0.48171	0.09093
V787	0.13351	0.52672	0.05072	0.19744	0.0916
V788	0.30692	0.40998	0.10641	0.06068	0.11602
V789	0.0343	0.20152	0.03748	0.38027	0.34643
V790	0.24013	0.27728	0.09197	0.15255	0.23807
V791	0.16037	0.26886	0.10144	0.21026	0.25906
V792	0.69054	0.13407	0.0463	0.08857	0.04052
V793	0.27457	0.30442	0.0854	0.13605	0.19956
V794	0.03002	0.12496	0.12485	0.21807	0.5021
V795	0.13005	0.69047	0.07932	0.05735	0.04281
V796	0.24284	0.398	0.13676	0.16358	0.05882
V797	0.14305	0.09732	0.02613	0.12277	0.61073
V798	0.12775	0.47684	0.05508	0.12789	0.21244
V799	0.05141	0.19429	0.07538	0.56104	0.11788
V800	0.04586	0.10639	0.04316	0.19144	0.61315
V801	0.30552	0.10966	0.13214	0.37255	0.08012
V802	0.04981	0.25617	0.05172	0.10101	0.54129
V803	0.26752	0.09904	0.02734	0.51345	0.09265
V804	0.16672	0.2316	0.202	0.31364	0.08605
V805	0.1136	0.24613	0.3815	0.16509	0.09368
V806	0.3628	0.14926	0.19352	0.11505	0.17936
V807	0.54386	0.12669	0.08199	0.11488	0.13259
V808	0.6232	0.12891	0.06851	0.0851	0.09428
V809	0.17917	0.54123	0.07348	0.08104	0.12509
V810	0.04591	0.12862	0.06384	0.42531	0.33631
V811	0.06367	0.17643	0.05333	0.17204	0.53453
V812	0.03723	0.57754	0.22625	0.10505	0.05393
V813	0.03544	0.29609	0.23261	0.07085	0.36501
V814	0.1753	0.49163	0.10703	0.16984	0.05621
V815	0.2045	0.57906	0.08387	0.09418	0.03839
V816	0.04616	0.45578	0.05432	0.35839	0.08534
V817	0.57314	0.15901	0.1504	0.0904	0.02705
V818	0.03614	0.29545	0.33692	0.08339	0.24809
V819	0.68769	0.13084	0.03953	0.10914	0.0328
V820	0.07448	0.35819	0.14979	0.33777	0.07977
V821	0.03223	0.10369	0.03167	0.12136	0.71106
V822	0.18186	0.07636	0.0343	0.62227	0.08521
V823	0.04778	0.20019	0.2353	0.07927	0.43746
V824	0.08004	0.1302	0.05262	0.1065	0.63064
V825	0.10594	0.18399	0.51623	0.16552	0.02832
V826	0.02157	0.21852	0.68594	0.05829	0.01569
V827	0.29684	0.19626	0.02622	0.34973	0.13095
V828	0.20699	0.22769	0.12998	0.11918	0.31615
V829	0.07819	0.20359	0.29134	0.18685	0.24003
V830	0.10206	0.20256	0.54625	0.06369	0.08545
V831	0.0491	0.62423	0.10496	0.16347	0.05824
V832	0.19	0.09949	0.0906	0.26223	0.35768
V833	0.17674	0.64323	0.06775	0.05404	0.05825
V834	0.55698	0.21571	0.06149	0.09503	0.07079
V835	0.21287	0.309	0.11729	0.25467	0.10617
V836	0.2672	0.20776	0.37086	0.12306	0.03112
V837	0.05438	0.69653	0.08	0.082	0.08708
V838	0.03246	0.06141	0.0946	0.71284	0.09868
V839	0.04923	0.13828	0.10237	0.10065	0.60947
V840	0.67907	0.12714	0.05083	0.10629	0.03666
V841	0.15056	0.20919	0.56917	0.05057	0.0205
V842	0.38919	0.16482	0.19711	0.20091	0.04796
V843	0.36049	0.13501	0.15562	0.12704	0.22184
V844	0.00761	0.29718	0.60447	0.05775	0.033
V845	0.05096	0.06761	0.02115	0.55555	0.30472
V846	0.1074	0.1484	0.12264	0.13529	0.48627
V847	0.19102	0.1097	0.07654	0.18403	0.43871
V848	0.56183	0.1394	0.02982	0.1476	0.12135
V849	0.09419	0.2246	0.557	0.05132	0.07289
V850	0.17202	0.16832	0.27379	0.17172	0.21414
V851	0.71296	0.12068	0.02832	0.10002	0.03802
V852	0.20918	0.15723	0.10152	0.20573	0.32634
V853	0.02498	0.25517	0.5044	0.13935	0.0761
V854	0.04558	0.37847	0.25986	0.11224	0.20386
V855	0.10189	0.37653	0.1253	0.28441	0.11186
V856	0.14563	0.40074	0.09586	0.06852	0.28926
V857	0.07849	0.13959	0.17811	0.3732	0.23062
V858	0.03295	0.36619	0.21085	0.20935	0.18066
V859	0.13757	0.0754	0.04219	0.63351	0.11134
V860	0.05778	0.18353	0.09048	0.54582	0.12238
V861	0.13592	0.10731	0.13926	0.5366	0.08091
V862	0.07924	0.10234	0.04947	0.17369	0.59526
V863	0.06012	0.74843	0.08521	0.05627	0.04996
V864	0.02185	0.20655	0.66733	0.08594	0.01834
V865	0.06064	0.17909	0.51565	0.21136	0.03327
V866	0.02332	0.20586	0.52143	0.20057	0.04882
V867	0.4636	0.13604	0.03104	0.08786	0.28146
V868	0.17238	0.29853	0.3574	0.12812	0.04358
V869	0.03706	0.09931	0.05446	0.12131	0.68786
V870	0.23029	0.22926	0.10433	0.24572	0.1904
V871	0.04729	0.1525	0.12583	0.15904	0.51534
V872	0.32551	0.11511	0.03493	0.4239	0.10055
V873	0.06223	0.33464	0.17376	0.32629	0.10308
V874	0.09955	0.14171	0.03656	0.11202	0.61016
V875	0.03444	0.21463	0.05342	0.445	0.25251
V876	0.38525	0.1647	0.08215	0.09188	0.27601
V877	0.20257	0.54431	0.08841	0.11894	0.04577
V878	0.04913	0.58702	0.09442	0.21229	0.05714
V879	0.66992	0.14674	0.03988	0.10629	0.03717
V880	0.09027	0.14519	0.05525	0.39824	0.31104
V881	0.00795	0.18074	0.47162	0.06182	0.27786
V882	0.06207	0.42322	0.05947	0.39127	0.06396
V883	0.4078	0.22992	0.04191	0.20449	0.11588
V884	0.03237	0.09573	0.03144	0.12941	0.71106
V885	0.13091	0.20315	0.35007	0.13696	0.1789
V886	0.0276	0.0877	0.05824	0.26832	0.55814
V887	0.09978	0.71933	0.07468	0.0517	0.05451
V888	0.07468	0.15079	0.07958	0.5701	0.12485
V889	0.11799	0.67174	0.10002	0.0675	0.04275
V890	0.04829	0.09889	0.15122	0.54165	0.15996
V891	0	0.2359	0.69545	0.05303	0.01562
V892	0.46653	0.28188	0.05342	0.07713	0.12105
V893	0.10838	0.28418	0.4375	0.10325	0.06669
V894	0.1003	0.47145	0.09234	0.25133	0.08458
V895	0.48179	0.15733	0.24997	0.08252	0.0284
V896	0.17223	0.27335	0.2347	0.26848	0.05124
V897	0.03268	0.05901	0.06092	0.66557	0.18182
V898	0.339	0.11238	0.03739	0.11209	0.39915
V899	0.43689	0.33538	0.11247	0.06347	0.05178
V900	0.20039	0.29072	0.26493	0.19095	0.05301
V901	0.51654	0.1465	0.02974	0.2109	0.09632
V902	0.62944	0.15187	0.04454	0.11206	0.06209
