mature.neutrophil	CD14.pos.CD16.neg.classical.monocyte	macrophage	memory.CD4.pos.AB.T.cell	cytotoxic.CD56.dim.NK.cell
V1	0.27294	0.20136	0.24226	0.17195	0.1115
V2	0.05681	0.69263	0.09422	0.11782	0.03851
V3	0.05537	0.13523	0.38335	0.40104	0.02501
V4	0.0108	0.10847	0.23649	0.09122	0.55302
V5	0.01435	0.06887	0.0785	0.13864	0.69964
V6	0.27505	0.13096	0.2539	0.24705	0.09304
V7	0.00809	0.15229	0.38775	0.10538	0.3465
V8	0.01082	0.19964	0.67735	0.09948	0.01271
V9	0.0489	0.09528	0.24328	0.58893	0.02361
V10	0.3661	0.16852	0.39045	0.04601	0.02892
V11	0.03196	0.09208	0.11913	0.10455	0.65228
V12	0.07103	0.10218	0.2163	0.31483	0.29567
V13	0.11721	0.09644	0.05516	0.43654	0.29465
V14	0.13842	0.0657	0.08443	0.62444	0.08701
V15	0.02132	0.05597	0.01744	0.8644	0.04087
V16	0.47197	0.12884	0.03136	0.34641	0.02142
V17	0.06284	0.25302	0.04041	0.10519	0.53854
V18	0.07733	0.39947	0.26141	0.24481	0.01698
V19	0.02708	0.06593	0.01982	0.15688	0.73029
V20	0.00332	0.16598	0.58474	0.22455	0.02142
V21	0.02006	0.2753	0.15104	0.19958	0.35401
V22	0.66274	0.16127	0.08004	0.06292	0.03303
V23	0.07246	0.07605	0.04179	0.17262	0.63708
V24	0.40109	0.16895	0.04052	0.09918	0.29024
V25	0.02215	0.0723	0.03306	0.44726	0.42523
V26	0.41025	0.2353	0.08011	0.09527	0.17906
V27	0.1138	0.46686	0.20616	0.06085	0.15233
V28	0.02658	0.13369	0.19881	0.59846	0.04247
V29	0.00538	0.09896	0.3008	0.56546	0.02941
V30	0.60878	0.16894	0.04598	0.08469	0.09161
V31	0.36696	0.17824	0.03336	0.26835	0.15307
V32	0.74875	0.09765	0.02668	0.07318	0.05373
V33	0.02231	0.21221	0.03961	0.15904	0.56683
V34	0.12511	0.74941	0.04868	0.07317	0.00364
V35	0.08909	0.54953	0.27542	0.08055	0.00542
V36	0.02586	0.21871	0.18287	0.12985	0.44271
V37	0.62521	0.08917	0.01755	0.07612	0.19195
V38	0.10076	0.15474	0.41384	0.21181	0.11884
V39	0.26986	0.15095	0.30185	0.06079	0.21656
V40	0.21432	0.53898	0.05091	0.16173	0.03407
V41	0.05408	0.75533	0.05641	0.06681	0.06737
V42	0.69932	0.12419	0.03875	0.07464	0.0631
V43	0.38398	0.21637	0.30853	0.07291	0.01821
V44	0.03115	0.33887	0.49325	0.04728	0.08946
V45	0.03817	0.59318	0.13101	0.19711	0.04054
V46	0.11481	0.66861	0.10907	0.0903	0.01723
V47	0.00312	0.209	0.73031	0.03988	0.0177
V48	0.14286	0.18784	0.21691	0.33988	0.1125
V49	0.37786	0.20997	0.21555	0.17621	0.0204
V50	0.02002	0.21678	0.71247	0.03917	0.01156
V51	0.09368	0.2903	0.20782	0.10732	0.30088
V52	0.06033	0.80946	0.05265	0.075	0.00256
V53	0.02647	0.16994	0.02902	0.74702	0.02755
V54	0.19026	0.05753	0.02952	0.55645	0.16623
V55	0.06672	0.0441	0.01628	0.83956	0.03333
V56	0.06521	0.03899	0.02284	0.75839	0.11457
V57	0.1282	0.2349	0.47408	0.06664	0.09618
V58	0.06464	0.0747	0.14844	0.23354	0.47868
V59	0.68075	0.12414	0.09776	0.07417	0.02319
V60	0.36094	0.23895	0.13505	0.16797	0.09709
V61	0.17649	0.07247	0.04625	0.25979	0.44501
V62	0.05223	0.126	0.28762	0.16418	0.36998
V63	0.34942	0.27375	0.08308	0.09028	0.20346
V64	0.74987	0.11232	0.04061	0.0712	0.026
V65	0.07763	0.11341	0.05623	0.6208	0.13192
V66	0.02491	0.06912	0.1371	0.73416	0.03471
V67	0.00856	0.12374	0.32087	0.12931	0.41752
V68	0.36504	0.14349	0.34013	0.08081	0.07052
V69	0.47692	0.19715	0.19312	0.07368	0.05913
V70	0.06153	0.6201	0.08164	0.21635	0.02038
V71	0.09661	0.68341	0.08504	0.12402	0.01092
V72	0.03971	0.37883	0.05424	0.08951	0.43771
V73	0.05313	0.0673	0.11197	0.57564	0.19196
V74	0.01266	0.08633	0.02571	0.78843	0.08687
V75	0.38156	0.2522	0.28164	0.06179	0.02282
V76	0.01042	0.04464	0.03276	0.83727	0.07491
V77	0.0185	0.19956	0.69754	0.07207	0.01232
V78	0.00344	0.21177	0.72093	0.04625	0.01761
V79	0.07596	0.37685	0.06854	0.19	0.28866
V80	0.12513	0.64556	0.04122	0.11312	0.07498
V81	0.01121	0.20897	0.72847	0.03947	0.01187
V82	0.20637	0.17801	0.04948	0.53756	0.02858
V83	0.08865	0.11128	0.04018	0.55897	0.20092
V84	0.08959	0.188	0.0298	0.10926	0.58335
V85	0.00318	0.2087	0.7296	0.04645	0.01207
V86	0.02376	0.27569	0.29112	0.3874	0.02202
V87	0.3823	0.08334	0.058	0.4414	0.03496
V88	0.27237	0.19425	0.07303	0.23489	0.22546
V89	0.03841	0.24102	0.63707	0.07223	0.01128
V90	0.02018	0.20446	0.08077	0.15324	0.54135
V91	0.0088	0.05697	0.08927	0.81375	0.03121
V92	0.21681	0.09958	0.04761	0.11032	0.52569
V93	0.0106	0.13573	0.1682	0.51889	0.16658
V94	0.03785	0.18665	0.04507	0.28698	0.44345
V95	0.06103	0.23803	0.0473	0.15862	0.49502
V96	0.64398	0.10219	0.04332	0.08809	0.12242
V97	0.1481	0.09119	0.06401	0.16538	0.53132
V98	0.05065	0.36724	0.19717	0.16786	0.21708
V99	0.43702	0.16951	0.02595	0.25977	0.10775
V100	0.45299	0.20456	0.07031	0.10837	0.16377
V101	0.06921	0.79432	0.06008	0.07385	0.00254
V102	0.26898	0.26575	0.14871	0.15235	0.1642
V103	0.12205	0.05641	0.02567	0.11328	0.68258
V104	0.0469	0.39196	0.11305	0.08735	0.36074
V105	0.01514	0.0728	0.06165	0.14861	0.7018
V106	0.0534	0.66572	0.1864	0.06453	0.02994
V107	0.04408	0.29974	0.55859	0.08189	0.0157
V108	0.01797	0.289	0.6426	0.04042	0.01001
V109	0.05701	0.22669	0.07876	0.3167	0.32083
V110	0.15957	0.45917	0.20223	0.15813	0.02089
V111	0.234	0.29232	0.41214	0.05102	0.01053
V112	0.15806	0.06988	0.11722	0.47551	0.17934
V113	0.21134	0.08468	0.11822	0.19699	0.38878
V114	0.47465	0.13993	0.06666	0.21365	0.10512
V115	0.70618	0.09232	0.02483	0.07854	0.09813
V116	0.01801	0.06071	0.021	0.12884	0.77143
V117	0.04237	0.18896	0.6334	0.10559	0.02968
V118	0.03894	0.04249	0.01651	0.85445	0.04761
V119	0.26036	0.14181	0.33627	0.24483	0.01673
V120	0.01037	0.18225	0.64269	0.1284	0.0363
V121	0.19366	0.63352	0.04093	0.07246	0.05943
V122	0.0343	0.36581	0.11127	0.27983	0.2088
V123	0.41209	0.11619	0.08905	0.22661	0.15606
V124	0.19078	0.15427	0.08107	0.26295	0.31092
V125	0.04001	0.44074	0.45418	0.05216	0.0129
V126	0.13713	0.23105	0.22059	0.157	0.25424
V127	0.21676	0.16703	0.51254	0.08514	0.01853
V128	0.20415	0.66303	0.05139	0.06329	0.01814
V129	0.22275	0.13533	0.2517	0.20181	0.18841
V130	0.03165	0.45682	0.07298	0.27925	0.15929
V131	0.01475	0.08714	0.21901	0.6537	0.02541
V132	0.31111	0.07736	0.01583	0.36987	0.22582
V133	0.00663	0.17733	0.48235	0.11956	0.21414
V134	0.05953	0.19223	0.6172	0.06125	0.06979
V135	0.0222	0.2321	0.59219	0.06415	0.08936
V136	0.76868	0.10105	0.02821	0.07466	0.0274
V137	0.71967	0.11706	0.02635	0.09507	0.04186
V138	0.22088	0.18391	0.09818	0.1842	0.31282
V139	0.10601	0.07284	0.15786	0.63151	0.03178
V140	0.02921	0.08087	0.1682	0.09957	0.62215
V141	0.01899	0.29568	0.54288	0.12573	0.0167
V142	0.17857	0.11616	0.30248	0.16382	0.23897
V143	0.01958	0.26378	0.43181	0.16777	0.11706
V144	0.42632	0.24234	0.08721	0.16776	0.07638
V145	0.00323	0.20864	0.71176	0.05298	0.02339
V146	0.03511	0.32075	0.03447	0.36268	0.24699
V147	0.07907	0.20531	0.55076	0.12939	0.03546
V148	0.1574	0.67894	0.05167	0.09395	0.01805
V149	0.01154	0.04149	0.01728	0.86027	0.06943
V150	0.12118	0.27875	0.49251	0.04482	0.06274
V151	0.37085	0.07669	0.02921	0.41642	0.10683
V152	0.01599	0.05795	0.12065	0.72206	0.08335
V153	0.14399	0.25686	0.40347	0.09024	0.10544
V154	0.11619	0.53349	0.0594	0.09417	0.19675
V155	0.0338	0.06955	0.13651	0.72584	0.03431
V156	0.08549	0.14301	0.35994	0.17893	0.23263
V157	0.0837	0.11576	0.17438	0.3042	0.32196
V158	0.16328	0.13588	0.39016	0.0915	0.21918
V159	0.10471	0.21673	0.03702	0.5925	0.04903
V160	0.38898	0.20514	0.1098	0.10155	0.19453
V161	0.1948	0.09122	0.07927	0.0947	0.54001
V162	0.0037	0.21518	0.72931	0.03994	0.01187
V163	0.05449	0.06174	0.03494	0.14142	0.70741
V164	0.73577	0.13249	0.03479	0.07674	0.02021
V165	0.50303	0.24387	0.09968	0.10494	0.04848
V166	0.04892	0.08574	0.22835	0.55366	0.08334
V167	0.0395	0.57233	0.05433	0.19336	0.14049
V168	0.0037	0.21518	0.72931	0.03994	0.01187
V169	0.05686	0.60127	0.19046	0.13332	0.01808
V170	0.22192	0.35992	0.08128	0.23579	0.10109
V171	0.25064	0.18006	0.32063	0.19827	0.0504
V172	0.16628	0.24422	0.09453	0.09777	0.39721
V173	0.18584	0.14855	0.10465	0.41366	0.1473
V174	0.17739	0.11853	0.31883	0.22007	0.16517
V175	0.07195	0.18569	0.13655	0.22668	0.37913
V176	0.31689	0.07022	0.0228	0.56373	0.02636
V177	0.15762	0.17027	0.46469	0.18712	0.0203
V178	0.22502	0.16691	0.39074	0.14358	0.07374
V179	0.09443	0.06952	0.02648	0.11458	0.695
V180	0.0255	0.12762	0.32655	0.07824	0.44208
V181	0.06444	0.27352	0.02549	0.13602	0.50052
V182	0.4778	0.24075	0.02926	0.20607	0.04612
V183	0.079	0.79367	0.05136	0.06629	0.00969
V184	0.25993	0.11768	0.26731	0.3189	0.03618
V185	0.10017	0.43925	0.05485	0.20147	0.20425
V186	0.12554	0.19921	0.05161	0.29734	0.32631
V187	0.08157	0.59314	0.03938	0.27017	0.01573
V188	0.66683	0.11681	0.05062	0.14112	0.02463
V189	0.38812	0.24597	0.05837	0.28458	0.02295
V190	0.34545	0.15574	0.20912	0.07721	0.21248
V191	0.19461	0.22271	0.02895	0.44383	0.10991
V192	0.27652	0.22351	0.13825	0.24541	0.11632
V193	0.06232	0.27862	0.45651	0.08348	0.11907
V194	0.23478	0.11879	0.10307	0.16495	0.37841
V195	0.45975	0.2341	0.22362	0.06417	0.01836
V196	0.01413	0.0617	0.07844	0.13965	0.70608
V197	0.07621	0.7665	0.04926	0.09781	0.01022
V198	0.2076	0.23614	0.0601	0.25001	0.24615
V199	0.60085	0.12886	0.19949	0.05462	0.01619
V200	0.62479	0.08956	0.04918	0.08856	0.14792
V201	0.03662	0.04148	0.0386	0.71007	0.17323
V202	0.73743	0.13596	0.02233	0.07835	0.02592
V203	0.45672	0.26364	0.051	0.11399	0.11465
V204	0.30417	0.13452	0.05524	0.08677	0.41931
V205	0.10599	0.10345	0.13124	0.14428	0.51504
V206	0.04209	0.11549	0.0187	0.7671	0.05662
V207	0.02132	0.05597	0.01744	0.8644	0.04087
V208	0.13505	0.28079	0.41804	0.08828	0.07785
V209	0.14416	0.09517	0.11284	0.11448	0.53334
V210	0.00306	0.20704	0.7259	0.04631	0.01769
V211	0.13976	0.11498	0.20499	0.10282	0.43744
V212	0.06421	0.66637	0.11763	0.09963	0.05215
V213	0.09556	0.06007	0.07942	0.30619	0.45877
V214	0.02778	0.50508	0.37974	0.06295	0.02445
V215	0.22084	0.25008	0.15009	0.13543	0.24356
V216	0.05239	0.13973	0.31095	0.10291	0.39402
V217	0.00977	0.03933	0.0403	0.81507	0.09553
V218	0.06691	0.23264	0.2739	0.34384	0.08271
V219	0.11263	0.30156	0.35138	0.21629	0.01814
V220	0.1894	0.63516	0.09755	0.06675	0.01114
V221	0.04084	0.17904	0.44075	0.06765	0.27172
V222	0.02671	0.06126	0.02846	0.13234	0.75123
V223	0.41234	0.13108	0.27493	0.15487	0.02678
V224	0.04518	0.49696	0.05856	0.14779	0.2515
V225	0.5743	0.21702	0.13158	0.05729	0.01981
V226	0.42065	0.46473	0.03436	0.06393	0.01632
V227	0.0877	0.24608	0.03087	0.58673	0.04863
V228	0.45884	0.14013	0.24237	0.11588	0.04278
V229	0.2324	0.38395	0.25821	0.09243	0.03301
V230	0.02657	0.05406	0.02849	0.13355	0.75733
V231	0.06469	0.53698	0.09353	0.22614	0.07866
V232	0.62593	0.12414	0.17111	0.06207	0.01675
V233	0.05694	0.0991	0.1587	0.16149	0.52377
V234	0.02144	0.35873	0.22124	0.36516	0.03342
V235	0.75969	0.10359	0.02163	0.09291	0.02218
V236	0.06883	0.1624	0.52083	0.19779	0.05015
V237	0.1101	0.1558	0.25178	0.3245	0.15783
V238	0.0138	0.05247	0.02596	0.34818	0.5596
V239	0.06556	0.37802	0.07702	0.23023	0.24918
V240	0.07284	0.7379	0.05523	0.0813	0.05273
V241	0.06026	0.8107	0.05253	0.06695	0.00955
V242	0.03535	0.32767	0.28766	0.29062	0.0587
V243	0.38208	0.13336	0.28811	0.07966	0.11679
V244	0.0335	0.39165	0.20762	0.13611	0.23111
V245	0.05604	0.77725	0.07587	0.08829	0.00256
V246	0.51755	0.2751	0.05156	0.07047	0.08532
V247	0.15854	0.21978	0.49935	0.08802	0.03431
V248	0.0974	0.54144	0.06021	0.08042	0.22054
V249	0.21883	0.14756	0.20268	0.14986	0.28107
V250	0.0208	0.17958	0.54146	0.07849	0.17968
V251	0.18666	0.08722	0.10015	0.56292	0.06304
V252	0.02439	0.22056	0.47424	0.17142	0.10939
V253	0.27152	0.49713	0.11091	0.10032	0.02012
V254	0.45517	0.35144	0.02806	0.14024	0.02509
V255	0.66256	0.14769	0.02018	0.08888	0.08069
V256	0.04659	0.67411	0.05938	0.0771	0.14283
V257	0.37624	0.30783	0.15218	0.09115	0.0726
V258	0.14704	0.29926	0.07186	0.45754	0.02431
V259	0.44032	0.29325	0.17733	0.06047	0.02865
V260	0.2323	0.10793	0.11865	0.14914	0.39198
V261	0.02083	0.14695	0.43992	0.28493	0.10738
V262	0.71303	0.11915	0.06517	0.07822	0.02442
V263	0.63818	0.14748	0.03253	0.16283	0.01897
V264	0.07515	0.75905	0.05732	0.10515	0.00333
V265	0.65058	0.16106	0.0863	0.07978	0.02228
V266	0.02231	0.06694	0.1027	0.12593	0.68213
V267	0.05307	0.05649	0.02554	0.23621	0.62869
V268	0.17873	0.39528	0.15767	0.21865	0.04966
V269	0.07969	0.33598	0.33309	0.21509	0.03614
V270	0.04621	0.04948	0.04736	0.82496	0.03199
V271	0.22082	0.61372	0.04783	0.08554	0.03209
V272	0.10945	0.70467	0.06946	0.07844	0.03798
V273	0.24534	0.10331	0.17294	0.33656	0.14185
V274	0.09009	0.09195	0.05683	0.25993	0.50121
V275	0.04785	0.60903	0.18278	0.14217	0.01816
V276	0.0112	0.16783	0.56091	0.22711	0.03296
V277	0.28525	0.16291	0.46812	0.04946	0.03426
V278	0.00693	0.12986	0.3102	0.43777	0.11524
V279	0.1306	0.05187	0.02998	0.71811	0.06945
V280	0.17052	0.07446	0.05277	0.60107	0.10118
V281	0.02728	0.21701	0.06238	0.66304	0.03028
V282	0.06982	0.80195	0.0519	0.06667	0.00967
V283	0.31466	0.09354	0.12246	0.1001	0.36924
V284	0.0258	0.2274	0.46548	0.05689	0.22443
V285	0.45296	0.40763	0.031	0.09073	0.01769
V286	0.06691	0.20043	0.64409	0.0711	0.01747
V287	0.21088	0.13695	0.16907	0.31012	0.17299
V288	0.1636	0.16877	0.5075	0.05278	0.10735
V289	0.1422	0.21966	0.0446	0.56546	0.02809
V290	0.37156	0.4134	0.14986	0.0556	0.00958
V291	0.35137	0.21503	0.02856	0.37946	0.02558
V292	0.10373	0.14733	0.36443	0.09192	0.29259
V293	0.00676	0.24755	0.64251	0.08049	0.02269
V294	0.0173	0.06199	0.02938	0.12641	0.76491
V295	0.01454	0.12073	0.2989	0.48537	0.08046
V296	0.68767	0.16791	0.02215	0.08184	0.04043
V297	0.01876	0.18139	0.61387	0.14347	0.04251
V298	0.25637	0.06019	0.02215	0.5484	0.11289
V299	0.232	0.05213	0.02942	0.65816	0.02829
V300	0.76849	0.10516	0.02233	0.08164	0.02237
V301	0.75091	0.09779	0.02692	0.09738	0.027
V302	0.01267	0.04927	0.02515	0.45998	0.45293
V303	0.09854	0.21904	0.21365	0.21669	0.25208
V304	0.15028	0.19731	0.57802	0.04644	0.02795
V305	0.18908	0.31271	0.11303	0.16165	0.22354
V306	0.30665	0.55707	0.03793	0.07794	0.02041
V307	0.19526	0.10765	0.24568	0.43062	0.02079
V308	0.18518	0.17232	0.51862	0.1052	0.01867
V309	0.53007	0.13615	0.06538	0.16651	0.1019
V310	0.03536	0.07238	0.02696	0.1901	0.67521
V311	0.01818	0.04282	0.05634	0.84319	0.03948
V312	0.08189	0.28112	0.25025	0.07018	0.31656
V313	0.06174	0.28163	0.04014	0.36116	0.25534
V314	0.07854	0.05873	0.02374	0.42435	0.41464
V315	0.75199	0.09958	0.03327	0.07244	0.04271
V316	0.10381	0.49819	0.25738	0.08247	0.05816
V317	0.30362	0.20261	0.41462	0.05084	0.0283
V318	0.72572	0.09493	0.02554	0.07268	0.08114
V319	0.08533	0.21795	0.63365	0.05162	0.01145
V320	0.07484	0.03919	0.02333	0.82347	0.03917
V321	0.11879	0.33793	0.28937	0.22384	0.03007
V322	0.01323	0.31657	0.49662	0.08881	0.08477
V323	0.20652	0.27586	0.37928	0.06804	0.0703
V324	0.038	0.07968	0.05632	0.78939	0.0366
V325	0.51123	0.1685	0.09531	0.1618	0.06316
V326	0.05036	0.0733	0.07453	0.20879	0.59302
V327	0.29366	0.43845	0.13087	0.07853	0.05849
V328	0.04562	0.28498	0.17365	0.46553	0.03022
V329	0.00677	0.14391	0.3452	0.47774	0.02638
V330	0.06688	0.20186	0.64611	0.03999	0.04516
V331	0.12572	0.09146	0.10519	0.16156	0.51607
V332	0.36329	0.17674	0.37277	0.0527	0.03449
V333	0.32708	0.13843	0.27269	0.18567	0.07613
V334	0.03909	0.32846	0.47778	0.11486	0.03982
V335	0.57694	0.13874	0.09227	0.09426	0.09779
V336	0.15059	0.51055	0.26925	0.05158	0.01804
V337	0.01468	0.05744	0.03515	0.24143	0.65129
V338	0.56645	0.1253	0.1479	0.07674	0.08362
V339	0.19061	0.48111	0.2016	0.05582	0.07087
V340	0.03625	0.20047	0.13045	0.12977	0.50306
V341	0.02407	0.46032	0.40982	0.0553	0.05048
V342	0.23567	0.23264	0.37891	0.13979	0.013
V343	0.53429	0.13571	0.25177	0.0628	0.01543
V344	0.10401	0.6535	0.08251	0.08625	0.07374
V345	0.1984	0.09546	0.02393	0.33115	0.35106
V346	0.03448	0.32067	0.30243	0.30361	0.03881
V347	0.08034	0.45227	0.05569	0.36457	0.04713
V348	0.01783	0.21841	0.39838	0.25095	0.11442
V349	0.0579	0.34239	0.46264	0.0605	0.07658
V350	0.10347	0.38274	0.10984	0.27707	0.12688
V351	0.14521	0.14821	0.37086	0.30695	0.02877
V352	0.10048	0.49052	0.34144	0.05557	0.01199
V353	0.23174	0.31792	0.06359	0.11201	0.27474
V354	0.43878	0.15613	0.34353	0.04746	0.0141
V355	0.07491	0.11773	0.30138	0.47917	0.02681
V356	0.0753	0.19856	0.63361	0.05855	0.03398
V357	0.03977	0.16627	0.44834	0.08076	0.26485
V358	0.02885	0.07002	0.04849	0.8148	0.03785
V359	0.05148	0.1249	0.02668	0.76817	0.02877
V360	0.56064	0.13153	0.09883	0.19079	0.01822
V361	0.30367	0.4366	0.11481	0.06006	0.08486
V362	0.64549	0.11037	0.10377	0.06234	0.07802
V363	0.03483	0.07787	0.02665	0.22852	0.63213
V364	0.04069	0.2712	0.04789	0.47254	0.16768
V365	0.01105	0.04298	0.02522	0.86537	0.05539
V366	0.16683	0.18266	0.48151	0.09758	0.07141
V367	0.19634	0.25292	0.2092	0.20411	0.13743
V368	0.59255	0.16619	0.12844	0.07028	0.04254
V369	0.04328	0.56663	0.25526	0.12912	0.00571
V370	0.0236	0.1875	0.13732	0.38883	0.26275
V371	0.06619	0.7752	0.09321	0.06317	0.00223
V372	0.51537	0.15274	0.14422	0.15496	0.03271
V373	0.11298	0.56564	0.16063	0.14811	0.01264
V374	0.08497	0.14742	0.33503	0.41354	0.01904
V375	0.2356	0.16783	0.47692	0.10587	0.01378
V376	0.01546	0.1235	0.37432	0.08105	0.40567
V377	0.08298	0.45428	0.22287	0.22416	0.01571
V378	0.12564	0.49471	0.19818	0.05936	0.12212
V379	0.03001	0.07728	0.12599	0.15678	0.60994
V380	0.01802	0.11553	0.1757	0.50108	0.18968
V381	0.14273	0.09942	0.02628	0.10576	0.62581
V382	0.3643	0.06277	0.0219	0.33023	0.2208
V383	0.03132	0.09612	0.25217	0.59667	0.02373
V384	0.24402	0.12081	0.16444	0.41253	0.05821
V385	0.08724	0.13518	0.02827	0.10728	0.64203
V386	0.53669	0.08605	0.02319	0.33136	0.02271
V387	0.23547	0.07139	0.02293	0.62413	0.04608
V388	0.06079	0.72206	0.07962	0.12703	0.01049
V389	0.12598	0.66802	0.05866	0.0947	0.05263
V390	0.16008	0.05271	0.02232	0.66153	0.10336
V391	0.5897	0.19332	0.02111	0.13267	0.0632
V392	0.75054	0.12109	0.02847	0.07876	0.02113
V393	0.09061	0.09345	0.1539	0.51913	0.14292
V394	0.57808	0.0945	0.04249	0.20091	0.08402
V395	0.00542	0.11311	0.33365	0.51971	0.02811
V396	0.42462	0.16242	0.34682	0.04734	0.0188
V397	0.55091	0.18651	0.05364	0.16357	0.04538
V398	0.05957	0.07257	0.169	0.61331	0.08556
V399	0.04315	0.07282	0.01785	0.33443	0.53174
V400	0.15225	0.4691	0.17825	0.19143	0.00896
V401	0.24881	0.16714	0.49847	0.07234	0.01323
V402	0.29495	0.15979	0.37251	0.10709	0.06566
V403	0.14298	0.11684	0.01857	0.21021	0.5114
V404	0.00611	0.16114	0.42114	0.36275	0.04887
V405	0.30148	0.26544	0.09132	0.2544	0.08736
V406	0.01969	0.21368	0.70463	0.03913	0.02287
V407	0.69859	0.12657	0.05208	0.10347	0.01929
V408	0.03684	0.3479	0.03567	0.30898	0.27061
V409	0.10096	0.06109	0.07723	0.6581	0.10262
V410	0.1117	0.20856	0.303	0.10053	0.2762
V411	0.01779	0.06028	0.02077	0.13672	0.76444
V412	0.02614	0.18733	0.14744	0.10724	0.53185
V413	0.02682	0.26565	0.16662	0.38572	0.15518
V414	0.04291	0.11313	0.01844	0.50272	0.3228
V415	0.15909	0.05792	0.02498	0.1093	0.64871
V416	0.10355	0.12756	0.04206	0.21791	0.50892
V417	0.01114	0.17895	0.60984	0.14523	0.05484
V418	0.47639	0.36329	0.04928	0.0756	0.03545
V419	0.22632	0.08196	0.03857	0.1924	0.46075
V420	0.20995	0.07896	0.11761	0.12389	0.46959
V421	0.01209	0.08127	0.14426	0.13409	0.62828
V422	0.01827	0.05969	0.06393	0.70809	0.15002
V423	0.24196	0.24044	0.26776	0.21796	0.03188
V424	0.00689	0.14333	0.43906	0.06774	0.34297
V425	0.31154	0.35198	0.02701	0.08212	0.22736
V426	0.21062	0.19474	0.04248	0.47099	0.08117
V427	0.19734	0.55507	0.18103	0.05489	0.01167
V428	0.09542	0.57031	0.11111	0.14764	0.07552
V429	0.12749	0.67641	0.04328	0.12727	0.02554
V430	0.03108	0.13401	0.36963	0.21415	0.25112
V431	0.10538	0.35685	0.20952	0.27676	0.05149
V432	0.26019	0.13058	0.1334	0.3554	0.12043
V433	0.15929	0.14884	0.43028	0.2286	0.033
V434	0.20424	0.31911	0.34368	0.06289	0.07009
V435	0.42719	0.16601	0.3085	0.07892	0.01938
V436	0.06311	0.53175	0.1358	0.11145	0.15789
V437	0.17735	0.08009	0.04668	0.23517	0.46071
V438	0.1216	0.30922	0.20637	0.30309	0.05973
V439	0.49943	0.08003	0.06308	0.32444	0.03302
V440	0.02565	0.379	0.49207	0.05879	0.04449
V441	0.03616	0.49677	0.37788	0.07691	0.01227
V442	0.06974	0.80096	0.0607	0.06611	0.00249
V443	0.74547	0.09675	0.02666	0.10933	0.02179
V444	0.1446	0.38797	0.05968	0.3669	0.04086
V445	0.0649	0.36894	0.06823	0.46821	0.02972
V446	0.10195	0.09159	0.11144	0.55835	0.13667
V447	0.06741	0.05159	0.03101	0.49079	0.35918
V448	0.15831	0.06687	0.04012	0.1192	0.61551
V449	0.0037	0.21518	0.72931	0.03994	0.01187
V450	0.17911	0.16756	0.24043	0.17645	0.23646
V451	0.24131	0.21536	0.08222	0.36225	0.09885
V452	0.01547	0.07458	0.16221	0.68755	0.06019
V453	0.02201	0.05378	0.01696	0.50791	0.39933
V454	0.01203	0.17136	0.56757	0.0711	0.17794
V455	0.06116	0.26994	0.27648	0.10345	0.28897
V456	0.74371	0.10117	0.02047	0.09155	0.0431
V457	0.55137	0.23361	0.05623	0.11496	0.04383
V458	0.02639	0.38099	0.45861	0.09513	0.03887
V459	0.12561	0.10702	0.07136	0.49718	0.19883
V460	0.52803	0.14361	0.18584	0.11083	0.0317
V461	0.16855	0.32208	0.24603	0.07472	0.18862
V462	0.0509	0.10842	0.0331	0.53351	0.27407
V463	0.19016	0.09814	0.03135	0.64764	0.03271
V464	0.13609	0.27468	0.51908	0.05444	0.0157
V465	0.04765	0.13555	0.03675	0.12543	0.65463
V466	0.03535	0.0493	0.01862	0.20417	0.69256
V467	0.05786	0.24324	0.04643	0.56076	0.0917
V468	0.47196	0.31008	0.12585	0.05743	0.03467
V469	0.02346	0.3167	0.08376	0.32195	0.25412
V470	0.6618	0.13375	0.04501	0.13515	0.02429
V471	0.34429	0.28842	0.05309	0.19329	0.12091
V472	0.01627	0.08889	0.06259	0.11634	0.71591
V473	0.03267	0.24998	0.24325	0.3304	0.14369
V474	0.25392	0.16645	0.07918	0.44789	0.05256
V475	0.13236	0.17483	0.48768	0.07465	0.13047
V476	0.13907	0.09328	0.10993	0.58706	0.07067
V477	0.06038	0.80935	0.0615	0.06642	0.00235
V478	0.16912	0.06506	0.02505	0.10735	0.63342
V479	0.66131	0.13513	0.05157	0.128	0.02399
V480	0.13569	0.56811	0.09337	0.16937	0.03345
V481	0.22065	0.34696	0.08864	0.2277	0.11605
V482	0.11395	0.59518	0.21991	0.05401	0.01695
V483	0.29419	0.46332	0.03242	0.16141	0.04867
V484	0.20173	0.45709	0.14297	0.1766	0.0216
V485	0.52635	0.1547	0.12241	0.16347	0.03306
V486	0.06445	0.16462	0.28692	0.0758	0.4082
V487	0.11485	0.20772	0.36202	0.29404	0.02137
V488	0.35902	0.1148	0.01721	0.36736	0.1416
V489	0.01156	0.30463	0.55724	0.10449	0.02207
V490	0.01124	0.17481	0.59166	0.20166	0.02063
V491	0.04006	0.4273	0.0801	0.16525	0.28729
V492	0.03308	0.1534	0.05127	0.71535	0.0469
V493	0.01999	0.03608	0.02485	0.87742	0.04165
V494	0.28269	0.0583	0.03613	0.53906	0.08381
V495	0.27739	0.25361	0.21087	0.20107	0.05706
V496	0.12906	0.09411	0.0734	0.09996	0.60347
V497	0.09506	0.10778	0.15713	0.17147	0.46855
V498	0.08343	0.7489	0.07295	0.07112	0.02361
V499	0.04325	0.26595	0.26102	0.12163	0.30816
V500	0.10477	0.4401	0.13775	0.25983	0.05756
V501	0.07547	0.31158	0.04238	0.09977	0.47081
V502	0.13674	0.68271	0.08487	0.09155	0.00413
V503	0.36445	0.11803	0.19829	0.17998	0.13926
V504	0.42259	0.22302	0.02861	0.0828	0.24298
V505	0.51993	0.08575	0.04289	0.14803	0.2034
V506	0.03357	0.47858	0.10011	0.08395	0.30378
V507	0.66733	0.09319	0.04926	0.14866	0.04156
V508	0.0338	0.56686	0.24019	0.09342	0.06574
V509	0.05477	0.42407	0.16481	0.23946	0.11689
V510	0.3663	0.44052	0.07604	0.10125	0.0159
V511	0.05826	0.3481	0.45561	0.08037	0.05765
V512	0.1402	0.42957	0.19463	0.10364	0.13197
V513	0.16645	0.5872	0.11067	0.10394	0.03174
V514	0.01842	0.09183	0.2271	0.12099	0.54166
V515	0.0717	0.13907	0.01953	0.74148	0.02822
V516	0.14648	0.33816	0.131	0.35701	0.02735
V517	0.01912	0.07336	0.06508	0.80508	0.03735
V518	0.33093	0.13419	0.28558	0.21014	0.03916
V519	0.63242	0.13272	0.02537	0.18435	0.02514
V520	0.08204	0.73113	0.06342	0.11959	0.00381
V521	0.18112	0.07484	0.13897	0.57455	0.03051
V522	0.0438	0.27297	0.48361	0.15806	0.04155
V523	0.11909	0.207	0.57837	0.07819	0.01734
V524	0.26486	0.17794	0.45525	0.04513	0.05682
V525	0.0223	0.21661	0.0566	0.11033	0.59416
V526	0.03522	0.20979	0.66176	0.05899	0.03423
V527	0.07826	0.45417	0.38137	0.06142	0.02478
V528	0.13832	0.04704	0.03745	0.74741	0.02978
V529	0.16653	0.19619	0.56836	0.04645	0.02247
V530	0.01893	0.20356	0.6693	0.07908	0.02913
V531	0.16754	0.47088	0.12082	0.07934	0.16142
V532	0.06212	0.29498	0.2934	0.06628	0.28322
V533	0.25328	0.06756	0.01715	0.10221	0.55979
V534	0.11602	0.09681	0.01738	0.72154	0.04826
V535	0.66287	0.18302	0.06817	0.06366	0.02227
V536	0.11062	0.24849	0.35268	0.0858	0.2024
V537	0.02678	0.07734	0.0369	0.12055	0.73844
V538	0.52551	0.16141	0.0259	0.09972	0.18746
V539	0.01651	0.25499	0.54091	0.12764	0.05996
V540	0.15567	0.43412	0.11935	0.11122	0.17964
V541	0.03961	0.37945	0.05403	0.11156	0.41535
V542	0.03975	0.31999	0.13368	0.44231	0.06428
V543	0.05615	0.23141	0.55105	0.08397	0.07743
V544	0.29114	0.23532	0.18619	0.11895	0.16839
V545	0.54083	0.33992	0.0354	0.07034	0.01351
V546	0.07504	0.67874	0.12706	0.06786	0.05129
V547	0.09676	0.6727	0.04295	0.16139	0.0262
V548	0.01292	0.08631	0.02631	0.83559	0.03888
V549	0.01407	0.05817	0.04302	0.25559	0.62915
V550	0.05057	0.7322	0.14085	0.0673	0.00908
V551	0.02078	0.03474	0.01721	0.89172	0.03556
V552	0.20611	0.07549	0.03924	0.12855	0.5506
V553	0.62227	0.09707	0.03601	0.19107	0.05359
V554	0.09118	0.16691	0.41604	0.29784	0.02803
V555	0.05782	0.79279	0.0596	0.06601	0.02378
V556	0.07492	0.09326	0.07133	0.69295	0.06753
V557	0.2719	0.24667	0.05953	0.36541	0.05649
V558	0.01145	0.18677	0.61308	0.15781	0.03089
V559	0.09173	0.41629	0.40743	0.05326	0.03129
V560	0.51671	0.27027	0.14368	0.05617	0.01317
V561	0.56726	0.10574	0.13969	0.07294	0.11437
V562	0.11506	0.12558	0.16564	0.15936	0.43437
V563	0.18868	0.285	0.21114	0.15757	0.15761
V564	0.29955	0.09094	0.07524	0.36143	0.17284
V565	0.01605	0.06133	0.03671	0.15565	0.73025
V566	0.2609	0.17026	0.04844	0.35306	0.16733
V567	0.01898	0.20579	0.71873	0.03908	0.01741
V568	0.02954	0.27277	0.38523	0.29825	0.01421
V569	0.50678	0.16588	0.11688	0.16575	0.04471
V570	0.11456	0.11995	0.2626	0.43094	0.07196
V571	0.22043	0.10622	0.22418	0.33749	0.11168
V572	0.68553	0.09466	0.01836	0.07955	0.1219
V573	0.06929	0.1573	0.31044	0.36492	0.09804
V574	0.4393	0.29243	0.09643	0.14109	0.03075
V575	0.31645	0.1087	0.13082	0.11816	0.32586
V576	0.05443	0.76211	0.0568	0.07391	0.05274
V577	0.36673	0.43946	0.06857	0.10911	0.01614
V578	0.02607	0.24336	0.44923	0.23103	0.05032
V579	0.02664	0.47775	0.32722	0.07535	0.09303
V580	0.19989	0.46965	0.04787	0.25194	0.03065
V581	0.05116	0.45303	0.36099	0.12127	0.01356
V582	0.0048	0.22744	0.70991	0.04635	0.0115
V583	0.47168	0.14732	0.29325	0.07286	0.01489
V584	0.20429	0.45457	0.13508	0.08999	0.11607
V585	0.05426	0.66691	0.10945	0.11669	0.0527
V586	0.04512	0.67567	0.20454	0.07147	0.00321
V587	0.06221	0.60281	0.04756	0.09657	0.19085
V588	0.1988	0.39723	0.34242	0.04773	0.01382
V589	0.09329	0.36457	0.07568	0.43065	0.0358
V590	0.05815	0.68495	0.04343	0.0782	0.13527
V591	0.40842	0.44002	0.06868	0.067	0.01589
V592	0.01873	0.17496	0.61206	0.07237	0.12188
V593	0.35626	0.06678	0.0223	0.4922	0.06246
V594	0.00784	0.23928	0.54035	0.16402	0.0485
V595	0.43136	0.11238	0.08042	0.32584	0.05
V596	0.37383	0.2365	0.20199	0.15661	0.03108
V597	0.03133	0.20184	0.0308	0.19123	0.54481
V598	0.5006	0.08219	0.02341	0.08212	0.31167
V599	0.07196	0.36699	0.11788	0.40163	0.04154
V600	0.23352	0.10403	0.18112	0.37512	0.10621
V601	0.12958	0.12629	0.02526	0.49547	0.2234
V602	0.67816	0.2045	0.02437	0.07493	0.01803
V603	0.12488	0.16918	0.05102	0.20305	0.45187
V604	0.01963	0.17806	0.57519	0.12797	0.09916
V605	0.03172	0.12486	0.14435	0.14933	0.54975
V606	0.68467	0.08897	0.01819	0.08025	0.12793
V607	0.15362	0.14742	0.04257	0.10499	0.5514
V608	0.60669	0.10564	0.04958	0.13804	0.10004
V609	0.16848	0.28792	0.03953	0.42469	0.07937
V610	0.08849	0.5631	0.04564	0.28643	0.01634
V611	0.21319	0.18183	0.4911	0.06244	0.05144
V612	0.30791	0.15569	0.28317	0.07179	0.18144
V613	0.3671	0.46516	0.07029	0.08784	0.0096
V614	0.45784	0.10083	0.03703	0.13974	0.26456
V615	0.01122	0.13677	0.14245	0.56484	0.14471
V616	0.52098	0.10886	0.14899	0.17582	0.04534
V617	0.18398	0.18661	0.39712	0.12532	0.10696
V618	0.58469	0.16264	0.07977	0.07576	0.09714
V619	0.44514	0.13417	0.15582	0.07135	0.19352
V620	0.03964	0.12608	0.31894	0.48848	0.02685
V621	0.12509	0.26692	0.28764	0.06393	0.25641
V622	0.02322	0.26249	0.33492	0.07419	0.30518
V623	0.06592	0.04671	0.02296	0.69187	0.17255
V624	0.72102	0.09355	0.02518	0.09017	0.07007
V625	0.01045	0.10432	0.10704	0.74366	0.03453
V626	0.06274	0.16164	0.46273	0.27903	0.03387
V627	0.10218	0.19618	0.13593	0.10819	0.45751
V628	0.74574	0.10873	0.02738	0.09677	0.02138
V629	0.1052	0.30601	0.51173	0.06179	0.01527
V630	0.02182	0.19879	0.04766	0.12041	0.61133
V631	0.00986	0.1082	0.27012	0.09411	0.51772
V632	0.05633	0.67205	0.05073	0.10049	0.1204
V633	0.05391	0.06603	0.10404	0.52894	0.24708
V634	0.35317	0.4107	0.16553	0.06112	0.00948
V635	0.04111	0.16752	0.19644	0.10154	0.49339
V636	0.1691	0.22987	0.29205	0.21025	0.09872
V637	0.17481	0.14055	0.35784	0.2483	0.0785
V638	0.08005	0.42298	0.05449	0.14933	0.29315
V639	0.45193	0.37156	0.10129	0.05842	0.0168
V640	0.10374	0.21032	0.10231	0.27467	0.30896
V641	0.10146	0.61641	0.06403	0.1911	0.02701
V642	0.59092	0.1094	0.02414	0.25434	0.0212
V643	0.0615	0.7365	0.11516	0.08419	0.00266
V644	0.04703	0.38208	0.05287	0.47436	0.04366
V645	0.16289	0.63413	0.05704	0.1398	0.00614
V646	0.13027	0.46582	0.06352	0.27476	0.06563
V647	0.73537	0.09565	0.02617	0.12113	0.02168
V648	0.38148	0.14687	0.02505	0.30712	0.13949
V649	0.23766	0.14642	0.09608	0.17063	0.34921
V650	0.02662	0.0468	0.07198	0.82284	0.03176
V651	0.13267	0.20426	0.02175	0.61762	0.0237
V652	0.30867	0.06983	0.05086	0.53349	0.03715
V653	0.29252	0.0795	0.06642	0.50613	0.05544
V654	0.03797	0.11624	0.02035	0.16209	0.66336
V655	0.13288	0.14528	0.27731	0.41906	0.02546
V656	0.11165	0.0653	0.01749	0.18867	0.61689
V657	0.03982	0.43324	0.06349	0.36396	0.09949
V658	0.02909	0.07235	0.04774	0.61627	0.23454
V659	0.01788	0.07169	0.08879	0.74459	0.07705
V660	0.06529	0.32205	0.05078	0.12122	0.44066
V661	0.04887	0.56948	0.05409	0.23287	0.09469
V662	0.04136	0.40498	0.05508	0.08716	0.41142
V663	0.7721	0.1018	0.02866	0.07516	0.02229
V664	0.02624	0.06528	0.13106	0.42	0.35741
V665	0.03314	0.55725	0.23939	0.13161	0.03861
V666	0.10233	0.73582	0.08944	0.06946	0.00295
V667	0.03732	0.4937	0.27828	0.14439	0.04631
V668	0.52614	0.25739	0.07175	0.11334	0.03138
V669	0.40621	0.30129	0.05325	0.14318	0.09607
V670	0.09634	0.55408	0.08545	0.09853	0.1656
V671	0.59091	0.12219	0.18023	0.08508	0.02158
V672	0.08768	0.1228	0.10701	0.33939	0.34311
V673	0.0168	0.07091	0.01967	0.20429	0.68832
V674	0.28923	0.21433	0.41167	0.04549	0.03928
V675	0.55618	0.08994	0.05616	0.19486	0.10286
V676	0.20769	0.21458	0.41977	0.04928	0.10868
V677	0.04376	0.28382	0.22582	0.38407	0.06254
V678	0.05524	0.30305	0.04228	0.11688	0.48255
V679	0.01314	0.13528	0.39963	0.42647	0.02549
V680	0.15434	0.05975	0.0378	0.38537	0.36275
V681	0.43525	0.10112	0.05803	0.31676	0.08884
V682	0.0037	0.21518	0.72931	0.03994	0.01187
V683	0.06003	0.27595	0.52962	0.04568	0.08872
V684	0.05689	0.04507	0.02394	0.84109	0.03301
V685	0.01122	0.19775	0.65175	0.12062	0.01866
V686	0.26508	0.53049	0.1056	0.07947	0.01936
V687	0.00414	0.15009	0.49016	0.32618	0.02944
V688	0.0034	0.21006	0.71692	0.04629	0.02334
V689	0.40172	0.1456	0.18935	0.14782	0.11551
V690	0.11237	0.72754	0.06303	0.08672	0.01035
V691	0.12746	0.15538	0.06505	0.60222	0.04989
V692	0.06604	0.06169	0.03105	0.7422	0.09901
V693	0.02534	0.47106	0.41545	0.07535	0.0128
V694	0.08312	0.19946	0.05993	0.58019	0.0773
V695	0.11853	0.17114	0.1589	0.09872	0.45271
V696	0.1001	0.17584	0.58682	0.04985	0.08739
V697	0.09071	0.18541	0.29499	0.33205	0.09683
V698	0.02041	0.09775	0.18613	0.10402	0.59169
V699	0.03659	0.0614	0.06325	0.65073	0.18804
V700	0.06753	0.69952	0.12035	0.06118	0.05142
V701	0.02224	0.19723	0.03957	0.11427	0.62669
V702	0.02414	0.13344	0.02679	0.67339	0.14224
V703	0.01951	0.05359	0.0407	0.8466	0.0396
V704	0.04305	0.16478	0.36122	0.08333	0.34763
V705	0.74387	0.10718	0.02075	0.08535	0.04285
V706	0.13517	0.19074	0.16564	0.42923	0.07923
V707	0.13036	0.16075	0.09082	0.30977	0.3083
V708	0.03007	0.53002	0.3786	0.05587	0.00544
V709	0.01611	0.07285	0.05413	0.11951	0.7374
V710	0.11002	0.1589	0.41772	0.05977	0.25358
V711	0.06344	0.05667	0.04271	0.13205	0.70512
V712	0.05198	0.17668	0.55883	0.18665	0.02586
V713	0.21943	0.40599	0.3039	0.06228	0.00841
V714	0.05659	0.06045	0.0194	0.12271	0.74085
V715	0.01392	0.33022	0.51157	0.12819	0.01609
V716	0.60536	0.21688	0.03541	0.10947	0.03288
V717	0.34149	0.21079	0.13469	0.08853	0.2245
V718	0.52122	0.13231	0.2411	0.05832	0.04705
V719	0.34542	0.25888	0.12104	0.1631	0.11156
V720	0.11749	0.10645	0.10633	0.12392	0.5458
V721	0.03347	0.06785	0.06903	0.12975	0.6999
V722	0.02774	0.23597	0.07941	0.50492	0.15196
V723	0.10099	0.23182	0.12675	0.5014	0.03903
V724	0.12593	0.56223	0.07733	0.21981	0.0147
V725	0.03665	0.06156	0.02818	0.12315	0.75047
V726	0.20793	0.44764	0.0859	0.11746	0.14106
V727	0.01129	0.20842	0.71127	0.04583	0.02318
V728	0.60913	0.1233	0.12491	0.12014	0.02251
V729	0.50134	0.16085	0.0461	0.26691	0.0248
V730	0.10264	0.13627	0.33796	0.36074	0.06239
V731	0.00954	0.06035	0.07349	0.82502	0.03159
V732	0.02011	0.03618	0.025	0.88373	0.03498
V733	0.02799	0.2174	0.69278	0.0391	0.02273
V734	0.39192	0.19025	0.3075	0.08605	0.02428
V735	0.0701	0.21238	0.22273	0.09943	0.39536
V736	0.01825	0.09085	0.02938	0.12174	0.73978
V737	0.76805	0.10657	0.02871	0.07468	0.02199
V738	0.03308	0.41913	0.04769	0.09533	0.40476
V739	0.0212	0.04888	0.01741	0.87787	0.03464
V740	0.19611	0.14386	0.1216	0.09936	0.43907
V741	0.42669	0.08562	0.02261	0.34068	0.1244
V742	0.06353	0.16151	0.45563	0.18757	0.13176
V743	0.03264	0.10594	0.09322	0.18949	0.5787
V744	0.16747	0.13054	0.16845	0.48046	0.05308
V745	0.14872	0.07415	0.0611	0.68236	0.03368
V746	0.3354	0.48611	0.07139	0.06784	0.03926
V747	0.02771	0.21482	0.68322	0.04579	0.02846
V748	0.14462	0.25728	0.27071	0.11219	0.21521
V749	0.16473	0.15297	0.13024	0.42743	0.12462
V750	0.62063	0.22209	0.02991	0.11053	0.01683
V751	0.03543	0.39114	0.49499	0.06461	0.01383
V752	0.02941	0.15962	0.04623	0.11594	0.6488
V753	0.43483	0.15488	0.225	0.08154	0.10375
V754	0.11019	0.29421	0.033	0.53621	0.02639
V755	0.23527	0.61214	0.07992	0.06071	0.01196
V756	0.02812	0.14291	0.04524	0.15588	0.62785
V757	0.15461	0.06505	0.10739	0.64046	0.03249
V758	0.06772	0.38122	0.02951	0.49749	0.02406
V759	0.0887	0.10071	0.11593	0.09778	0.59687
V760	0.07268	0.11561	0.20911	0.28336	0.31924
V761	0.05491	0.32629	0.55583	0.0482	0.01478
V762	0.0182	0.10992	0.17635	0.41057	0.28496
V763	0.0356	0.26746	0.03388	0.1007	0.56237
V764	0.10292	0.1078	0.09532	0.6555	0.03846
V765	0.13872	0.18199	0.51894	0.0834	0.07695
V766	0.07252	0.45109	0.25851	0.10114	0.11674
V767	0.25357	0.43059	0.0921	0.10694	0.11681
V768	0.06976	0.71518	0.09592	0.109	0.01014
V769	0.58936	0.12678	0.17391	0.06196	0.04798
V770	0.24375	0.15146	0.411	0.17309	0.0207
V771	0.07322	0.63104	0.04853	0.15576	0.09145
V772	0.04355	0.21121	0.68846	0.04511	0.01166
V773	0.03433	0.05434	0.0181	0.25767	0.63556
V774	0.13345	0.15451	0.45117	0.05523	0.20564
V775	0.71659	0.09573	0.03781	0.11862	0.03125
V776	0.3122	0.39805	0.17493	0.08173	0.03309
V777	0.18886	0.3713	0.24547	0.14709	0.04729
V778	0.45059	0.11651	0.03047	0.25313	0.14931
V779	0.06402	0.4125	0.44531	0.0589	0.01927
V780	0.01902	0.20551	0.71799	0.04553	0.01194
V781	0.16339	0.31957	0.18819	0.06803	0.26081
V782	0.21836	0.25041	0.04566	0.09264	0.39293
V783	0.00498	0.16322	0.53415	0.07585	0.22179
V784	0.03804	0.53897	0.03657	0.30444	0.08198
V785	0.58869	0.17978	0.02048	0.15322	0.05784
V786	0.15132	0.20305	0.03603	0.56782	0.04179
V787	0.13565	0.52016	0.03511	0.24419	0.06489
V788	0.33999	0.38868	0.09603	0.06241	0.11288
V789	0.01806	0.17005	0.02863	0.44301	0.34025
V790	0.25525	0.24319	0.08372	0.17118	0.24666
V791	0.16536	0.23555	0.09359	0.2419	0.26359
V792	0.74578	0.11196	0.04021	0.07087	0.03118
V793	0.29608	0.27252	0.07625	0.15182	0.20333
V794	0.02094	0.08712	0.11775	0.24413	0.53006
V795	0.14003	0.71013	0.06202	0.07055	0.01727
V796	0.26355	0.37924	0.12915	0.1919	0.03617
V797	0.14089	0.05501	0.01754	0.12743	0.65913
V798	0.132	0.45924	0.03982	0.1526	0.21634
V799	0.03341	0.17321	0.06796	0.6598	0.06561
V800	0.03398	0.06553	0.03448	0.2126	0.65341
V801	0.31667	0.08908	0.12751	0.42078	0.04596
V802	0.04168	0.21373	0.0395	0.1106	0.59449
V803	0.26478	0.08049	0.02314	0.58658	0.04502
V804	0.17258	0.20716	0.19817	0.36617	0.05592
V805	0.12508	0.2223	0.38259	0.1873	0.08273
V806	0.39151	0.11799	0.18875	0.11714	0.18461
V807	0.58465	0.09812	0.07634	0.11071	0.13018
V808	0.66986	0.10343	0.06307	0.07254	0.09112
V809	0.19519	0.5331	0.05852	0.09573	0.11747
V810	0.03073	0.09893	0.05725	0.49079	0.32229
V811	0.05556	0.13467	0.04363	0.19164	0.5745
V812	0.0348	0.57769	0.22348	0.13227	0.03177
V813	0.03593	0.25834	0.2263	0.07761	0.40182
V814	0.18707	0.4817	0.09611	0.2064	0.02872
V815	0.22561	0.57956	0.06927	0.11252	0.01304
V816	0.0325	0.44359	0.04027	0.44125	0.04239
V817	0.62073	0.13534	0.146	0.08118	0.01676
V818	0.04042	0.26394	0.33477	0.0926	0.26827
V819	0.74066	0.1093	0.03351	0.09554	0.02099
V820	0.06896	0.33931	0.14214	0.40777	0.04183
V821	0.01801	0.06071	0.021	0.12884	0.77143
V822	0.16811	0.06118	0.03024	0.71155	0.02891
V823	0.04848	0.16004	0.22911	0.08353	0.47884
V824	0.07442	0.08641	0.04319	0.11211	0.68388
V825	0.1195	0.1655	0.51578	0.18451	0.01471
V826	0.03488	0.20474	0.69022	0.05823	0.01193
V827	0.30663	0.17024	0.01938	0.40345	0.1003
V828	0.21934	0.18997	0.12291	0.12878	0.33899
V829	0.0821	0.1704	0.28916	0.2107	0.24764
V830	0.11971	0.18047	0.54801	0.06357	0.08824
V831	0.0423	0.63082	0.09089	0.20916	0.02684
V832	0.19255	0.06736	0.08512	0.29064	0.36432
V833	0.19461	0.65329	0.05029	0.06366	0.03815
V834	0.60581	0.18964	0.05387	0.08915	0.06153
V835	0.22426	0.28429	0.11008	0.29965	0.08173
V836	0.29417	0.18529	0.36976	0.13145	0.01933
V837	0.04915	0.71504	0.062	0.10585	0.06795
V838	0.00844	0.04991	0.08902	0.81434	0.03829
V839	0.04268	0.09462	0.09367	0.10666	0.66237
V840	0.73068	0.1052	0.04519	0.09326	0.02566
V841	0.17365	0.1916	0.57124	0.04619	0.01732
V842	0.41821	0.13903	0.1938	0.22048	0.02849
V843	0.38628	0.1031	0.15057	0.13018	0.22987
V844	0.01741	0.28166	0.6125	0.06096	0.02747
V845	0.02975	0.04467	0.01615	0.63638	0.27305
V846	0.10721	0.10711	0.11501	0.14625	0.52443
V847	0.19469	0.07281	0.0698	0.19875	0.46396
V848	0.60193	0.11173	0.02383	0.14897	0.11354
V849	0.11192	0.20336	0.56014	0.04954	0.07505
V850	0.1835	0.1373	0.27131	0.18847	0.21942
V851	0.76907	0.09966	0.02188	0.08163	0.02776
V852	0.21673	0.12224	0.09538	0.22743	0.33821
V853	0.0324	0.23504	0.50671	0.15843	0.06742
V854	0.0476	0.35193	0.25689	0.13104	0.21253
V855	0.10082	0.35608	0.11667	0.34318	0.08326
V856	0.15426	0.37091	0.08349	0.07658	0.31476
V857	0.07294	0.11236	0.17396	0.42908	0.21166
V858	0.03006	0.3418	0.20548	0.24972	0.17294
V859	0.12143	0.05964	0.03789	0.72557	0.05548
V860	0.0412	0.16223	0.08357	0.64079	0.07221
V861	0.127	0.09001	0.13393	0.61795	0.03111
V862	0.07159	0.06124	0.04128	0.19016	0.63573
V863	0.05622	0.78006	0.0671	0.07285	0.02377
V864	0.03403	0.19256	0.66929	0.09149	0.01263
V865	0.06883	0.16102	0.51455	0.23985	0.01576
V866	0.02903	0.18712	0.52187	0.22949	0.03249
V867	0.49515	0.10125	0.02399	0.08106	0.29854
V868	0.19105	0.27648	0.35895	0.14436	0.02916
V869	0.02543	0.05654	0.04502	0.12943	0.74358
V870	0.24123	0.19809	0.09803	0.28221	0.18045
V871	0.04108	0.11174	0.11813	0.17574	0.5533
V872	0.33239	0.09389	0.03019	0.48193	0.0616
V873	0.05698	0.31364	0.16745	0.39184	0.07008
V874	0.09523	0.09794	0.02693	0.11797	0.66193
V875	0.01757	0.18773	0.04483	0.523	0.22688
V876	0.41235	0.12873	0.07525	0.08969	0.29398
V877	0.22182	0.54028	0.0748	0.14273	0.02037
V878	0.03985	0.58859	0.0804	0.26923	0.02193
V879	0.72292	0.12426	0.0334	0.09404	0.02538
V880	0.07988	0.115	0.0486	0.45915	0.29737
V881	0.01408	0.15005	0.46856	0.06329	0.30402
V882	0.04935	0.40945	0.04649	0.47854	0.01618
V883	0.43869	0.20055	0.03416	0.22698	0.09961
V884	0.01773	0.05319	0.0209	0.13806	0.77011
V885	0.14288	0.17401	0.34883	0.15039	0.18389
V886	0.0129	0.05095	0.05054	0.3023	0.58332
V887	0.1041	0.74442	0.05582	0.06479	0.03087
V888	0.05838	0.13013	0.07332	0.66502	0.07315
V889	0.12734	0.68669	0.08482	0.08398	0.01716
V890	0.03394	0.07962	0.14602	0.62438	0.11604
V891	0.00456	0.2265	0.70439	0.05301	0.01155
V892	0.51166	0.25359	0.0435	0.07299	0.11826
V893	0.12324	0.26252	0.4405	0.11458	0.05916
V894	0.09923	0.45947	0.08012	0.30887	0.05231
V895	0.52377	0.13365	0.24703	0.07511	0.02043
V896	0.18124	0.25071	0.23169	0.31487	0.02149
V897	0.00921	0.04311	0.05605	0.76191	0.12972
V898	0.35636	0.07553	0.03039	0.11129	0.42642
V899	0.4844	0.31164	0.10412	0.05895	0.04088
