mature.neutrophil	CD14.pos.CD16.neg.classical.monocyte	macrophage	memory.CD4.pos.AB.T.cell	cytotoxic.CD56.dim.NK.cell
V1	0.27644	0.20725	0.22009	0.17434	0.12187
V2	0.06203	0.70001	0.08882	0.10906	0.04009
V3	0.05465	0.14984	0.34987	0.42093	0.02471
V4	0.01496	0.10301	0.20552	0.10034	0.57616
V5	0.01982	0.05445	0.06509	0.15128	0.70936
V6	0.27729	0.13698	0.22962	0.25543	0.10068
V7	0.01042	0.15762	0.34883	0.11051	0.37262
V8	0.01104	0.23664	0.63982	0.0961	0.01639
V9	0.0469	0.10283	0.21699	0.61303	0.02026
V10	0.38029	0.18709	0.36387	0.03481	0.03394
V11	0.03625	0.07936	0.10073	0.11628	0.66737
V12	0.07068	0.10099	0.18995	0.32766	0.31073
V13	0.1145	0.08768	0.04491	0.44879	0.30412
V14	0.13491	0.06403	0.07115	0.64312	0.08679
V15	0.01881	0.05286	0.01104	0.88299	0.0343
V16	0.47705	0.12411	0.0223	0.35696	0.01958
V17	0.06593	0.2307	0.03413	0.11133	0.55791
V18	0.07976	0.41211	0.24206	0.24985	0.01622
V19	0.03186	0.04784	0.0145	0.16901	0.73678
V20	0.00229	0.19411	0.54474	0.23474	0.02412
V21	0.02275	0.26526	0.13294	0.20635	0.3727
V22	0.6875	0.16012	0.06699	0.04881	0.03658
V23	0.07395	0.06085	0.03356	0.18343	0.6482
V24	0.40063	0.15734	0.03191	0.09781	0.31231
V25	0.02353	0.06114	0.02574	0.45645	0.43314
V26	0.4154	0.22956	0.06871	0.09083	0.1955
V27	0.119	0.47115	0.18965	0.05299	0.16722
V28	0.02508	0.13792	0.17648	0.6205	0.04002
V29	0.00347	0.10912	0.2705	0.58987	0.02704
V30	0.62521	0.16326	0.03552	0.07533	0.10068
V31	0.3665	0.17002	0.02535	0.2753	0.16283
V32	0.77579	0.09065	0.01506	0.0591	0.0594
V33	0.02675	0.19086	0.0331	0.16791	0.58138
V34	0.13302	0.76403	0.04568	0.05626	0.00102
V35	0.09475	0.57215	0.25862	0.06946	0.00502
V36	0.02912	0.20925	0.16055	0.13657	0.46451
V37	0.63572	0.07819	0.00829	0.06905	0.20876
V38	0.10243	0.16845	0.37922	0.21982	0.13008
V39	0.27407	0.15711	0.27312	0.05715	0.23855
V40	0.22103	0.54166	0.04599	0.15678	0.03455
V41	0.06011	0.76128	0.05383	0.05285	0.07193
V42	0.72186	0.11859	0.02743	0.0624	0.06972
V43	0.39815	0.23285	0.28465	0.06357	0.02078
V44	0.0338	0.36459	0.46063	0.03926	0.10171
V45	0.04164	0.59813	0.12209	0.19642	0.04173
V46	0.12178	0.68075	0.1023	0.07821	0.01695
V47	0.00329	0.24972	0.69443	0.02927	0.0233
V48	0.14319	0.19088	0.19436	0.3527	0.11887
V49	0.38663	0.21892	0.19651	0.17661	0.02132
V50	0.02101	0.25705	0.67752	0.02827	0.01616
V51	0.0965	0.28624	0.18627	0.1081	0.32289
V52	0.06663	0.82574	0.05016	0.05747	0
V53	0.02481	0.16521	0.02264	0.76633	0.02101
V54	0.18539	0.05131	0.02158	0.57165	0.17007
V55	0.06322	0.04116	0.00975	0.85933	0.02654
V56	0.0622	0.03509	0.01593	0.77364	0.11313
V57	0.13305	0.25725	0.43961	0.06122	0.10887
V58	0.06545	0.068	0.1269	0.2447	0.49496
V59	0.70676	0.12303	0.08347	0.06116	0.02559
V60	0.36589	0.23948	0.12064	0.16843	0.10557
V61	0.17253	0.06118	0.03691	0.26957	0.45982
V62	0.0538	0.12623	0.25544	0.17238	0.39215
V63	0.35347	0.26779	0.07179	0.08593	0.22102
V64	0.78026	0.10721	0.02833	0.05574	0.02846
V65	0.07537	0.10817	0.04634	0.63674	0.13338
V66	0.02278	0.07189	0.1192	0.75633	0.0298
V67	0.01146	0.1245	0.28484	0.1369	0.44229
V68	0.37599	0.15646	0.31228	0.0751	0.08017
V69	0.49137	0.20352	0.17408	0.06469	0.06634
V70	0.06554	0.62381	0.07616	0.2157	0.0188
V71	0.10275	0.6936	0.07989	0.11448	0.00927
V72	0.04385	0.35682	0.04765	0.09171	0.45996
V73	0.05146	0.06526	0.09524	0.59145	0.1966
V74	0.01116	0.0817	0.01905	0.80467	0.08342
V75	0.39509	0.26852	0.25966	0.05083	0.02591
V76	0.00848	0.04205	0.02473	0.85419	0.07055
V77	0.01935	0.23782	0.66079	0.06558	0.01647
V78	0.00355	0.25198	0.68477	0.03664	0.02306
V79	0.07825	0.36237	0.06027	0.19323	0.30588
V80	0.13118	0.64568	0.03876	0.1044	0.07997
V81	0.0118	0.24962	0.69346	0.02849	0.01664
V82	0.20487	0.17405	0.04055	0.55563	0.0249
V83	0.0863	0.10331	0.03198	0.5729	0.20551
V84	0.09135	0.16671	0.02406	0.11694	0.60094
V85	0.00326	0.24957	0.69399	0.03638	0.01679
V86	0.02357	0.28639	0.26629	0.40311	0.02064
V87	0.38123	0.08007	0.04683	0.45802	0.03385
V88	0.27182	0.18588	0.06155	0.24102	0.23974
V89	0.04026	0.27748	0.60223	0.06533	0.0147
V90	0.02453	0.18645	0.06878	0.16211	0.55813
V91	0.00664	0.05768	0.07573	0.83498	0.02497
V92	0.21287	0.08525	0.03846	0.11621	0.54721
V93	0.01043	0.13453	0.14694	0.53597	0.17213
V94	0.04001	0.16949	0.03736	0.2963	0.45684
V95	0.0636	0.21777	0.03986	0.16598	0.51279
V96	0.65873	0.09479	0.03209	0.08024	0.13416
V97	0.14614	0.07831	0.05283	0.17442	0.5483
V98	0.05323	0.36439	0.17859	0.17043	0.23336
V99	0.43979	0.16187	0.01803	0.26554	0.11477
V100	0.45914	0.19852	0.05924	0.1044	0.1787
V101	0.07588	0.81061	0.0569	0.05662	0
V102	0.2718	0.2645	0.13285	0.15271	0.17814
V103	0.12101	0.04015	0.01911	0.12405	0.69568
V104	0.05075	0.3776	0.10046	0.08749	0.3837
V105	0.02056	0.05722	0.05062	0.16114	0.71046
V106	0.05899	0.68236	0.17534	0.05129	0.03201
V107	0.04651	0.33469	0.52402	0.07576	0.01902
V108	0.01913	0.32834	0.61	0.02894	0.01357
V109	0.05785	0.21377	0.06719	0.32666	0.33453
V110	0.16513	0.47122	0.1871	0.15531	0.02124
V111	0.24336	0.31844	0.38632	0.03932	0.01255
V112	0.15492	0.06778	0.09985	0.49127	0.18618
V113	0.20843	0.07746	0.10037	0.20474	0.409
V114	0.47891	0.13498	0.05512	0.21745	0.11354
V115	0.72636	0.08399	0.01401	0.06765	0.108
V116	0.02371	0.04184	0.01528	0.14244	0.77673
V117	0.04421	0.22115	0.5953	0.10406	0.03528
V118	0.03599	0.03951	0.01008	0.87282	0.0416
V119	0.26494	0.1562	0.30918	0.25263	0.01705
V120	0.01055	0.21461	0.60268	0.1296	0.04255
V121	0.20189	0.63761	0.03761	0.05926	0.06363
V122	0.03614	0.35672	0.09873	0.2876	0.22081
V123	0.41261	0.1116	0.07538	0.23253	0.16789
V124	0.18911	0.1442	0.06805	0.27152	0.32712
V125	0.04324	0.47316	0.42796	0.04045	0.01519
V126	0.13886	0.23009	0.19782	0.16008	0.27316
V127	0.22486	0.19172	0.48189	0.0794	0.02212
V128	0.21346	0.67463	0.04721	0.04696	0.01774
V129	0.22439	0.13803	0.22608	0.20801	0.20349
V130	0.03402	0.44684	0.06542	0.28567	0.16806
V131	0.0128	0.09344	0.19408	0.67837	0.0213
V132	0.30607	0.06804	0.00893	0.38135	0.2356
V133	0.00759	0.19244	0.44116	0.12217	0.23664
V134	0.06259	0.22172	0.57875	0.0559	0.08105
V135	0.02364	0.26217	0.5518	0.05949	0.1029
V136	0.80053	0.09483	0.01597	0.05882	0.02986
V137	0.7443	0.11123	0.01529	0.08335	0.04583
V138	0.22052	0.17447	0.08379	0.18869	0.33254
V139	0.10347	0.07583	0.13822	0.65442	0.02807
V140	0.03328	0.07178	0.14389	0.11014	0.64091
V141	0.01999	0.32815	0.50823	0.12416	0.01947
V142	0.1801	0.12047	0.27168	0.16883	0.25892
V143	0.02052	0.28069	0.39876	0.17131	0.12872
V144	0.43343	0.24097	0.0756	0.16709	0.08291
V145	0.00344	0.2478	0.67467	0.04464	0.02946
V146	0.03649	0.30478	0.02921	0.37218	0.25734
V147	0.0822	0.23381	0.51334	0.12976	0.04089
V148	0.16543	0.68822	0.04809	0.08099	0.01726
V149	0.00935	0.03818	0.01075	0.87751	0.06422
V150	0.12655	0.30603	0.45959	0.03573	0.07211
V151	0.36699	0.07045	0.02054	0.43065	0.11137
V152	0.01436	0.05902	0.10373	0.74151	0.08137
V153	0.14854	0.27384	0.37364	0.08636	0.11762
V154	0.12092	0.52421	0.05392	0.08887	0.21208
V155	0.03154	0.07223	0.11874	0.74806	0.02942
V156	0.08679	0.15047	0.3245	0.18554	0.25269
V157	0.08332	0.11145	0.15167	0.31602	0.33754
V158	0.16644	0.14619	0.35462	0.09132	0.24142
V159	0.10298	0.21028	0.03006	0.61084	0.04586
V160	0.39285	0.20038	0.09582	0.09876	0.21219
V161	0.19209	0.07873	0.06601	0.10081	0.56237
V162	0.00386	0.25619	0.69448	0.02885	0.01662
V163	0.05759	0.04537	0.0275	0.15391	0.71563
V164	0.76561	0.12803	0.02304	0.06161	0.02171
V165	0.51758	0.24484	0.0872	0.09723	0.05314
V166	0.04718	0.09082	0.20233	0.57502	0.08465
V167	0.04332	0.56322	0.05011	0.19355	0.1498
V168	0.00386	0.25619	0.69448	0.02885	0.01662
V169	0.06125	0.61514	0.17855	0.12704	0.01803
V170	0.22518	0.35624	0.07158	0.23962	0.10737
V171	0.25503	0.19346	0.29415	0.2025	0.05485
V172	0.1672	0.2307	0.08147	0.0996	0.42103
V173	0.18426	0.14432	0.08955	0.42797	0.1539
V174	0.17934	0.12537	0.28774	0.22812	0.17943
V175	0.0731	0.17591	0.11828	0.23538	0.39733
V176	0.31379	0.06585	0.01464	0.58345	0.02228
V177	0.16264	0.19186	0.4315	0.19159	0.02241
V178	0.23049	0.18328	0.35963	0.14454	0.08207
V179	0.09516	0.05226	0.02009	0.12594	0.70655
V180	0.02852	0.12817	0.28998	0.08389	0.46943
V181	0.06714	0.25028	0.02118	0.14183	0.51957
V182	0.48691	0.23683	0.02127	0.20653	0.04847
V183	0.08585	0.80916	0.04874	0.04849	0.00775
V184	0.26233	0.12594	0.24221	0.33213	0.03739
V185	0.10289	0.42731	0.04874	0.20371	0.21736
V186	0.1245	0.18544	0.04272	0.30605	0.34129
V187	0.0854	0.5928	0.03637	0.2727	0.01273
V188	0.68793	0.11284	0.03879	0.13439	0.02605
V189	0.39344	0.24425	0.04896	0.29151	0.02184
V190	0.34931	0.15646	0.18746	0.07403	0.23275
V191	0.19339	0.21364	0.02233	0.45759	0.11305
V192	0.2785	0.2226	0.12279	0.25145	0.12467
V193	0.06518	0.29823	0.42338	0.07999	0.13323
V194	0.23208	0.10976	0.08733	0.17068	0.40014
V195	0.47772	0.24527	0.204	0.05244	0.02057
V196	0.01957	0.04757	0.06487	0.15226	0.71574
V197	0.08255	0.77841	0.04692	0.08393	0.00818
V198	0.20777	0.22504	0.05044	0.2566	0.26014
V199	0.62691	0.13399	0.17985	0.04086	0.01839
V200	0.63701	0.08167	0.03755	0.08193	0.16184
V201	0.03491	0.03739	0.03013	0.72346	0.17412
V202	0.76688	0.13083	0.0111	0.06324	0.02795
V203	0.46552	0.25863	0.04203	0.10852	0.1253
V204	0.30077	0.12141	0.04514	0.08841	0.44428
V205	0.10641	0.09355	0.11213	0.15268	0.53524
V206	0.0399	0.11036	0.01292	0.78503	0.05179
V207	0.01881	0.05286	0.01104	0.88299	0.0343
V208	0.13973	0.30089	0.38848	0.08365	0.08725
V209	0.14319	0.08455	0.09557	0.12149	0.5552
V210	0.00318	0.24724	0.6897	0.0367	0.02318
V211	0.14017	0.11012	0.17935	0.10803	0.46232
V212	0.06964	0.67409	0.11035	0.09027	0.05564
V213	0.09428	0.05141	0.06575	0.31741	0.47116
V214	0.0309	0.53263	0.35672	0.05217	0.02758
V215	0.22309	0.24565	0.13308	0.13608	0.26209
V216	0.05475	0.14042	0.27677	0.10825	0.41982
V217	0.00806	0.03693	0.03146	0.83125	0.0923
V218	0.0673	0.23947	0.24896	0.3571	0.08718
V219	0.11556	0.31979	0.32484	0.2212	0.01861
V220	0.19818	0.6492	0.0906	0.05166	0.01036
V221	0.04298	0.1903	0.4013	0.06745	0.29796
V222	0.03177	0.04343	0.02181	0.14561	0.75739
V223	0.42312	0.14057	0.25242	0.15453	0.02936
V224	0.04909	0.48249	0.05284	0.14732	0.26826
V225	0.59837	0.22066	0.11629	0.04292	0.02176
V226	0.43591	0.47198	0.02834	0.04765	0.01612
V227	0.08642	0.239	0.02483	0.60433	0.04542
V228	0.47186	0.14772	0.22128	0.1114	0.04774
V229	0.24014	0.39963	0.23932	0.08459	0.03631
V230	0.03161	0.03654	0.02173	0.147	0.76312
V231	0.06824	0.53464	0.08581	0.2285	0.08281
V232	0.65242	0.12725	0.15278	0.0488	0.01875
V233	0.05895	0.09066	0.13631	0.17134	0.54274
V234	0.02193	0.36496	0.20203	0.37835	0.03272
V235	0.79032	0.09726	0.00983	0.07898	0.02361
V236	0.07045	0.18552	0.4826	0.20545	0.05597
V237	0.11004	0.15913	0.22567	0.33714	0.16802
V238	0.01706	0.03942	0.01949	0.35718	0.56685
V239	0.06777	0.3652	0.06789	0.2352	0.26394
V240	0.07908	0.74412	0.05261	0.06844	0.05575
V241	0.06671	0.82672	0.0501	0.04895	0.00753
V242	0.03619	0.33765	0.26402	0.30039	0.06175
V243	0.3903	0.14103	0.26312	0.07467	0.13088
V244	0.03654	0.38867	0.18872	0.13675	0.24931
V245	0.06203	0.79246	0.07208	0.07343	0
V246	0.53254	0.27177	0.04227	0.05963	0.0938
V247	0.16493	0.24627	0.46585	0.08311	0.03985
V248	0.10216	0.53049	0.0548	0.0749	0.23764
V249	0.21976	0.14558	0.17987	0.15346	0.30132
V250	0.02212	0.20094	0.4974	0.07767	0.20186
V251	0.1836	0.08643	0.08545	0.58241	0.06211
V252	0.02508	0.24007	0.43809	0.17588	0.12088
V253	0.28041	0.50698	0.10168	0.09042	0.0205
V254	0.46861	0.35117	0.02132	0.13336	0.02554
V255	0.68171	0.14088	0.01054	0.07838	0.08849
V256	0.05165	0.66997	0.05593	0.06799	0.15446
V257	0.38458	0.3132	0.13841	0.08363	0.08019
V258	0.14721	0.29633	0.06246	0.47286	0.02115
V259	0.45587	0.30286	0.16139	0.04806	0.03182
V260	0.22959	0.09975	0.10125	0.15435	0.41506
V261	0.02049	0.16165	0.40362	0.29788	0.11636
V262	0.74005	0.11609	0.0522	0.06487	0.0268
V263	0.65834	0.14293	0.02216	0.15746	0.01912
V264	0.08136	0.77175	0.05445	0.09196	0.00047
V265	0.67518	0.16023	0.07308	0.06736	0.02416
V266	0.02718	0.0543	0.08589	0.13899	0.69365
V267	0.05505	0.04187	0.01927	0.2472	0.63661
V268	0.18279	0.39998	0.14408	0.22117	0.05198
V269	0.08234	0.35144	0.3075	0.22017	0.03855
V270	0.04338	0.04833	0.03796	0.84486	0.02548
V271	0.22967	0.62085	0.04359	0.07266	0.03323
V272	0.11649	0.71317	0.06535	0.0652	0.03979
V273	0.24444	0.10338	0.15184	0.34954	0.1508
V274	0.08978	0.07947	0.04669	0.27094	0.51312
V275	0.05197	0.62201	0.17161	0.13644	0.01798
V276	0.01069	0.19408	0.52059	0.23775	0.03689
V277	0.29606	0.18531	0.43844	0.03988	0.04032
V278	0.00618	0.13731	0.27906	0.4567	0.12075
V279	0.12633	0.04837	0.02204	0.73675	0.06649
V280	0.16676	0.07053	0.04256	0.61818	0.10198
V281	0.02613	0.21311	0.05318	0.6825	0.02508
V282	0.0765	0.81768	0.04936	0.04877	0.00768
V283	0.31203	0.08636	0.10466	0.10255	0.3944
V284	0.02786	0.2425	0.42726	0.05419	0.24819
V285	0.46885	0.41118	0.02434	0.07801	0.01762
V286	0.07011	0.23471	0.60854	0.06472	0.02192
V287	0.21068	0.13575	0.14856	0.32144	0.18356
V288	0.16997	0.19002	0.47113	0.04678	0.1221
V289	0.14079	0.21468	0.03679	0.5839	0.02384
V290	0.38514	0.42712	0.13751	0.04064	0.0096
V291	0.35321	0.2106	0.02109	0.39156	0.02354
V292	0.10617	0.15421	0.32868	0.09368	0.31726
V293	0.00709	0.28431	0.60581	0.07518	0.02761
V294	0.0231	0.04369	0.02252	0.14006	0.77063
V295	0.0133	0.12921	0.269	0.50565	0.08283
V296	0.71247	0.1629	0.01202	0.06847	0.04415
V297	0.01917	0.21138	0.57379	0.14648	0.04919
V298	0.25139	0.05446	0.01452	0.56486	0.11478
V299	0.22783	0.04873	0.02105	0.67918	0.0232
V300	0.80088	0.09881	0.01031	0.06607	0.02394
V301	0.77955	0.09147	0.01511	0.0847	0.02916
V302	0.01468	0.03844	0.01855	0.46852	0.45982
V303	0.09975	0.21718	0.19054	0.22349	0.26904
V304	0.15685	0.22704	0.54532	0.0371	0.0337
V305	0.19182	0.3059	0.09939	0.16312	0.23978
V306	0.31724	0.56562	0.03339	0.06351	0.02023
V307	0.19544	0.11494	0.22157	0.44898	0.01907
V308	0.19248	0.19753	0.48595	0.10201	0.02201
V309	0.5383	0.13136	0.05357	0.16597	0.1108
V310	0.03922	0.05568	0.02077	0.20119	0.68314
V311	0.01579	0.0422	0.04592	0.86262	0.03347
V312	0.08486	0.2798	0.22512	0.06923	0.341
V313	0.06238	0.26668	0.03373	0.37136	0.26585
V314	0.07693	0.04799	0.0173	0.43419	0.42359
V315	0.78037	0.09328	0.02121	0.0579	0.04724
V316	0.10935	0.5124	0.23998	0.07411	0.06416
V317	0.31524	0.22471	0.38636	0.04052	0.03316
V318	0.74857	0.08727	0.01437	0.06021	0.08957
V319	0.08929	0.25286	0.60032	0.04232	0.01521
V320	0.07128	0.03668	0.01605	0.84295	0.03305
V321	0.12189	0.35152	0.26688	0.22843	0.03128
V322	0.01484	0.34155	0.46258	0.08522	0.0958
V323	0.21375	0.2948	0.35139	0.06076	0.0793
V324	0.03564	0.0782	0.04642	0.80898	0.03076
V325	0.52214	0.16687	0.08219	0.16016	0.06864
V326	0.05254	0.06106	0.06183	0.2205	0.60407
V327	0.30168	0.44625	0.11953	0.0685	0.06403
V328	0.04552	0.28746	0.15617	0.48285	0.02799
V329	0.0053	0.15639	0.31367	0.49962	0.02501
V330	0.07029	0.23517	0.60956	0.03118	0.0538
V331	0.12501	0.08104	0.08881	0.17021	0.53493
V332	0.37699	0.19472	0.34563	0.04255	0.04011
V333	0.33242	0.14636	0.24821	0.18941	0.08359
V334	0.04126	0.35526	0.44627	0.11214	0.04506
V335	0.59142	0.13504	0.07855	0.08709	0.1079
V336	0.15814	0.53187	0.25226	0.03795	0.01978
V337	0.0192	0.04266	0.02757	0.25227	0.6583
V338	0.58281	0.12501	0.13064	0.06836	0.09318
V339	0.19818	0.49237	0.18645	0.04462	0.07839
V340	0.0397	0.18677	0.11274	0.13765	0.52313
V341	0.02676	0.4865	0.38403	0.04552	0.05719
V342	0.2429	0.25318	0.35172	0.13805	0.01415
V343	0.55664	0.14442	0.23024	0.05107	0.01764
V344	0.11016	0.65719	0.07723	0.07599	0.07943
V345	0.19413	0.08346	0.01716	0.33986	0.36539
V346	0.03514	0.33247	0.27834	0.31414	0.03991
V347	0.08205	0.44753	0.04972	0.37445	0.04625
V348	0.01814	0.23209	0.36484	0.26092	0.12402
V349	0.0614	0.3672	0.43147	0.05321	0.08673
V350	0.1054	0.3781	0.098	0.28438	0.13412
V351	0.14713	0.16364	0.33951	0.32001	0.02971
V352	0.10652	0.51721	0.3199	0.04302	0.01334
V353	0.23401	0.3062	0.05484	0.11076	0.29419
V354	0.45841	0.17161	0.31823	0.03499	0.01676
V355	0.07375	0.12784	0.27251	0.50064	0.02525
V356	0.07881	0.23136	0.59754	0.05151	0.04077
V357	0.04186	0.1777	0.40845	0.08146	0.29053
V358	0.0265	0.06826	0.03929	0.83423	0.03171
V359	0.04907	0.12062	0.02003	0.78797	0.02231
V360	0.57645	0.13045	0.08502	0.18982	0.01825
V361	0.31151	0.44214	0.10422	0.04894	0.09319
V362	0.66569	0.10714	0.08907	0.05121	0.0869
V363	0.03815	0.06172	0.02049	0.23976	0.63988
V364	0.04096	0.26003	0.0405	0.48576	0.17275
V365	0.0088	0.04038	0.01787	0.88334	0.04961
V366	0.17287	0.20457	0.4466	0.09498	0.08097
V367	0.19921	0.25539	0.1889	0.20812	0.14839
V368	0.61363	0.16718	0.11272	0.05893	0.04754
V369	0.04695	0.5857	0.23995	0.12275	0.00464
V370	0.02441	0.18095	0.11934	0.4014	0.2739
V371	0.07273	0.79348	0.08822	0.04556	0
V372	0.52955	0.15469	0.1279	0.15251	0.03536
V373	0.11858	0.57706	0.14982	0.14287	0.01167
V374	0.08464	0.16004	0.30478	0.43283	0.01771
V375	0.24379	0.19213	0.44575	0.1021	0.01623
V376	0.0183	0.12755	0.33365	0.08618	0.43433
V377	0.0862	0.46606	0.20612	0.22683	0.01479
V378	0.13142	0.50131	0.18289	0.05019	0.13419
V379	0.03371	0.06667	0.10676	0.16812	0.62474
V380	0.01778	0.11467	0.15333	0.51752	0.1967
V381	0.14118	0.08167	0.01999	0.11458	0.64258
V382	0.35823	0.05414	0.01398	0.34156	0.23209
V383	0.02932	0.10418	0.22511	0.62104	0.02035
V384	0.24371	0.12286	0.14528	0.4286	0.05956
V385	0.08888	0.1152	0.02236	0.11702	0.65654
V386	0.54507	0.07977	0.01378	0.34021	0.02118
V387	0.23114	0.06698	0.01525	0.64388	0.04275
V388	0.06624	0.73255	0.07528	0.11728	0.00865
V389	0.13264	0.67259	0.05509	0.08387	0.05581
V390	0.15564	0.04779	0.0151	0.67849	0.10298
V391	0.60605	0.18717	0.01247	0.12595	0.06836
V392	0.78166	0.11563	0.01667	0.06339	0.02265
V393	0.08862	0.09305	0.13379	0.53692	0.14761
V394	0.58771	0.08783	0.03179	0.20205	0.09062
V395	0.00376	0.12461	0.3016	0.54371	0.02631
V396	0.44299	0.17842	0.32117	0.03526	0.02215
V397	0.56456	0.18312	0.04319	0.16047	0.04866
V398	0.05748	0.07504	0.14784	0.63387	0.08576
V399	0.04475	0.05878	0.01273	0.34437	0.53938
V400	0.15743	0.47979	0.16491	0.19053	0.00735
V401	0.25806	0.19164	0.46934	0.06478	0.01617
V402	0.30276	0.17565	0.34355	0.10405	0.07399
V403	0.1411	0.10035	0.01331	0.21923	0.52601
V404	0.00503	0.17715	0.3861	0.38043	0.05128
V405	0.30394	0.2633	0.07949	0.2603	0.09297
V406	0.02076	0.25268	0.66845	0.02907	0.02905
V407	0.72362	0.12328	0.04003	0.09258	0.0205
V408	0.03864	0.33066	0.03061	0.31709	0.28299
V409	0.09784	0.05924	0.06482	0.67541	0.10269
V410	0.11421	0.21229	0.27363	0.10113	0.29874
V411	0.02342	0.04159	0.01509	0.15009	0.7698
V412	0.03014	0.17434	0.12758	0.11492	0.55301
V413	0.02735	0.26289	0.14805	0.39927	0.16244
V414	0.04258	0.1009	0.01321	0.51325	0.33006
V415	0.15604	0.04216	0.01831	0.11898	0.66451
V416	0.10322	0.11198	0.03409	0.2279	0.52281
V417	0.01139	0.208	0.56883	0.14881	0.06296
V418	0.49263	0.36518	0.04125	0.06275	0.03819
V419	0.22141	0.06924	0.0301	0.20004	0.47921
V420	0.20698	0.07038	0.09974	0.12995	0.49295
V421	0.01688	0.07091	0.12282	0.14561	0.64378
V422	0.01722	0.05661	0.05284	0.72262	0.15072
V423	0.24645	0.25244	0.24545	0.22214	0.03351
V424	0.00914	0.15192	0.39697	0.07037	0.3716
V425	0.3157	0.34076	0.02172	0.07653	0.2453
V426	0.2092	0.18829	0.03425	0.48587	0.0824
V427	0.20676	0.57282	0.16861	0.03998	0.01182
V428	0.10024	0.57219	0.1029	0.14386	0.08081
V429	0.13391	0.68239	0.04076	0.11791	0.02504
V430	0.032	0.14112	0.33258	0.22335	0.27095
V431	0.10759	0.36294	0.19124	0.28468	0.05356
V432	0.25916	0.12909	0.11631	0.36827	0.12718
V433	0.1631	0.16692	0.39743	0.23671	0.03584
V434	0.21155	0.33725	0.31779	0.0546	0.07882
V435	0.44342	0.17996	0.28394	0.07047	0.02221
V436	0.06721	0.52948	0.12486	0.1073	0.17116
V437	0.1736	0.06804	0.03739	0.24459	0.47639
V438	0.12328	0.31441	0.18745	0.31259	0.06226
V439	0.50544	0.07598	0.05113	0.33431	0.03313
V440	0.02814	0.40946	0.46122	0.05006	0.05112
V441	0.0394	0.52508	0.35482	0.06713	0.01358
V442	0.07645	0.81826	0.05751	0.04777	0
V443	0.77379	0.09047	0.01493	0.0977	0.02311
V444	0.14622	0.38439	0.05235	0.37732	0.03973
V445	0.06535	0.36509	0.06012	0.48291	0.02652
V446	0.09932	0.08952	0.09513	0.57618	0.13985
V447	0.06579	0.04278	0.02352	0.50133	0.36659
V448	0.15547	0.05211	0.03171	0.12831	0.6324
V449	0.00386	0.25619	0.69448	0.02885	0.01662
V450	0.18051	0.16843	0.21561	0.18111	0.25434
V451	0.24123	0.21074	0.07024	0.37437	0.10343
V452	0.01372	0.07767	0.14157	0.70939	0.05765
V453	0.02289	0.04324	0.01143	0.51649	0.40595
V454	0.01321	0.19334	0.5232	0.06978	0.20047
V455	0.06368	0.2707	0.24979	0.10425	0.31158
V456	0.7704	0.09432	0.00915	0.07894	0.04718
V457	0.56795	0.2313	0.04609	0.1071	0.04756
V458	0.02855	0.40848	0.42913	0.08984	0.04399
V459	0.12291	0.10113	0.05945	0.51124	0.20527
V460	0.54549	0.14796	0.16688	0.10447	0.0352
V461	0.17273	0.32701	0.22397	0.07009	0.20621
V462	0.04997	0.09854	0.02597	0.54531	0.28021
V463	0.18669	0.09418	0.02343	0.6676	0.0281
V464	0.14252	0.30567	0.48798	0.04471	0.01912
V465	0.05131	0.11574	0.02987	0.13614	0.66695
V466	0.03901	0.0332	0.01331	0.21516	0.69933
V467	0.05705	0.23504	0.03887	0.57726	0.09178
V468	0.48844	0.31627	0.11307	0.04395	0.03827
V469	0.02523	0.30414	0.07297	0.33127	0.2664
V470	0.68309	0.12991	0.03366	0.1277	0.02564
V471	0.34821	0.28253	0.04443	0.1947	0.13014
V472	0.02194	0.0718	0.05157	0.12918	0.7255
V473	0.03322	0.25253	0.21923	0.34261	0.15241
V474	0.25314	0.1635	0.06723	0.46367	0.05246
V475	0.13679	0.19449	0.4503	0.07138	0.14704
V476	0.13631	0.0928	0.09424	0.60668	0.06998
V477	0.06692	0.82679	0.05839	0.0479	0
V478	0.1658	0.04907	0.01843	0.11654	0.65017
V479	0.68293	0.13165	0.03994	0.12004	0.02544
V480	0.14105	0.5727	0.08628	0.16591	0.03406
V481	0.22364	0.34331	0.07806	0.23132	0.12366
V482	0.12119	0.61519	0.206	0.03964	0.01798
V483	0.30117	0.46361	0.02768	0.15667	0.05087
V484	0.20767	0.46506	0.13136	0.17448	0.02144
V485	0.54033	0.15512	0.10758	0.16147	0.03551
V486	0.06707	0.16327	0.25543	0.07935	0.43488
V487	0.11645	0.22387	0.33266	0.30552	0.0215
V488	0.3555	0.10629	0.01001	0.3794	0.1488
V489	0.01238	0.33885	0.52178	0.10111	0.02589
V490	0.0108	0.20367	0.55206	0.20984	0.02364
V491	0.04343	0.41263	0.07135	0.16702	0.30557
V492	0.03139	0.14952	0.04256	0.73421	0.04231
V493	0.0174	0.03396	0.01742	0.8961	0.03512
V494	0.27796	0.05376	0.02695	0.55674	0.08458
V495	0.28167	0.26118	0.19168	0.20403	0.06144
V496	0.1286	0.07994	0.061	0.10899	0.62148
V497	0.09566	0.09993	0.13533	0.18032	0.48876
V498	0.09007	0.76113	0.06912	0.05594	0.02374
V499	0.04575	0.26481	0.23472	0.12408	0.33065
V500	0.1077	0.44169	0.12555	0.26519	0.05987
V501	0.07822	0.28988	0.03644	0.1033	0.49216
V502	0.14432	0.69609	0.07938	0.07822	0.002
V503	0.36758	0.11935	0.17733	0.18365	0.1521
V504	0.42622	0.21144	0.02136	0.07835	0.26262
V505	0.5227	0.07672	0.03256	0.14849	0.21954
V506	0.03803	0.46507	0.09002	0.08138	0.3255
V507	0.68596	0.0881	0.03735	0.14357	0.04502
V508	0.03752	0.5799	0.22494	0.08582	0.07182
V509	0.05706	0.42354	0.15028	0.24462	0.1245
V510	0.37696	0.44842	0.06807	0.09084	0.01572
V511	0.06165	0.37382	0.42487	0.07441	0.06525
V512	0.145	0.43351	0.17839	0.099	0.1441
V513	0.17372	0.59588	0.10277	0.09444	0.03319
V514	0.0221	0.08677	0.19696	0.13072	0.56346
V515	0.0693	0.13412	0.01365	0.7612	0.02173
V516	0.14808	0.3402	0.11765	0.36831	0.02576
V517	0.01702	0.07246	0.05418	0.82491	0.03142
V518	0.33695	0.14434	0.26087	0.21549	0.04234
V519	0.65058	0.12721	0.01547	0.18102	0.02572
V520	0.08816	0.74257	0.05987	0.10836	0.00103
V521	0.17873	0.07675	0.12117	0.59611	0.02724
V522	0.04539	0.29802	0.45018	0.16	0.04643
V523	0.12398	0.23715	0.54547	0.07218	0.02123
V524	0.27412	0.20005	0.42437	0.03585	0.06561
V525	0.02722	0.19526	0.04789	0.11943	0.6102
V526	0.03719	0.24538	0.62413	0.05204	0.04125
V527	0.08333	0.4808	0.35682	0.0509	0.02814
V528	0.13407	0.04492	0.02867	0.76847	0.02387
V529	0.17378	0.2256	0.53645	0.03675	0.02742
V530	0.01981	0.2397	0.63076	0.07439	0.03534
V531	0.17294	0.46892	0.10987	0.07263	0.17564
V532	0.0652	0.29694	0.26662	0.06424	0.307
V533	0.24726	0.05191	0.01099	0.108	0.58183
V534	0.11264	0.0918	0.01118	0.74081	0.04357
V535	0.68922	0.18201	0.05585	0.04865	0.02427
V536	0.11404	0.25843	0.32126	0.08377	0.22251
V537	0.03193	0.05923	0.02934	0.13364	0.74585
V538	0.53218	0.1517	0.01757	0.09502	0.20353
V539	0.01742	0.28335	0.50285	0.1283	0.06807
V540	0.16014	0.42982	0.10762	0.10791	0.19451
V541	0.04358	0.35827	0.04743	0.114	0.43672
V542	0.03998	0.3185	0.11926	0.45778	0.06448
V543	0.05884	0.25965	0.51194	0.08086	0.0887
V544	0.29477	0.23601	0.16794	0.11725	0.18403
V545	0.56371	0.34122	0.02706	0.05471	0.0133
V546	0.08115	0.68885	0.11947	0.05532	0.05521
V547	0.10221	0.67673	0.04065	0.15504	0.02537
V548	0.0109	0.08288	0.01941	0.85442	0.03239
V549	0.01832	0.04427	0.03442	0.26606	0.63693
V550	0.05637	0.7505	0.13294	0.05208	0.00811
V551	0.01799	0.03223	0.01043	0.91104	0.02831
V552	0.20193	0.06142	0.03086	0.13595	0.56984
V553	0.63677	0.09078	0.02544	0.18962	0.05739
V554	0.09227	0.18435	0.38366	0.31055	0.02917
V555	0.06414	0.80619	0.05678	0.04928	0.0236
V556	0.07237	0.09124	0.05994	0.71172	0.06474
V557	0.27293	0.24209	0.0502	0.3773	0.05748
V558	0.0114	0.21731	0.57355	0.1619	0.03584
V559	0.09674	0.44352	0.38144	0.04248	0.03581
V560	0.53815	0.277	0.12929	0.04146	0.01411
V561	0.58152	0.10388	0.12251	0.06527	0.12682
V562	0.11554	0.11799	0.14391	0.16706	0.4555
V563	0.19202	0.28723	0.19122	0.15857	0.17097
V564	0.29611	0.08604	0.0622	0.37378	0.18188
V565	0.02155	0.04444	0.02894	0.16828	0.73679
V566	0.25882	0.16208	0.03921	0.3642	0.17569
V567	0.01997	0.24561	0.68281	0.02864	0.02298
V568	0.02956	0.29084	0.3563	0.30976	0.01354
V569	0.51859	0.16597	0.10258	0.16446	0.04839
V570	0.11381	0.12653	0.23603	0.44908	0.07456
V571	0.22033	0.10946	0.20062	0.35094	0.11865
V572	0.70315	0.0854	0.00824	0.06967	0.13354
V573	0.06907	0.16555	0.28121	0.3805	0.10366
V574	0.45032	0.29553	0.08507	0.13643	0.03266
V575	0.31475	0.10261	0.11286	0.1206	0.34919
V576	0.06039	0.76959	0.0542	0.06007	0.05574
V577	0.3772	0.44662	0.06096	0.09938	0.01585
V578	0.02638	0.26387	0.41586	0.23919	0.0547
V579	0.02985	0.49328	0.3053	0.06821	0.10335
V580	0.20464	0.46865	0.04245	0.25444	0.02982
V581	0.05432	0.47761	0.33731	0.11633	0.01442
V582	0.0051	0.26797	0.67477	0.03621	0.01595
V583	0.49076	0.1594	0.26959	0.06314	0.0171
V584	0.21026	0.45687	0.12324	0.08309	0.12654
V585	0.05933	0.67305	0.1029	0.10876	0.05596
V586	0.05052	0.69764	0.19248	0.0575	0.00187
V587	0.06722	0.59214	0.04414	0.09065	0.20585
V588	0.20791	0.42242	0.31906	0.03485	0.01575
V589	0.09403	0.3611	0.06694	0.44436	0.03356
V590	0.06339	0.68079	0.04138	0.06845	0.146
V591	0.42257	0.44848	0.06061	0.05231	0.01603
V592	0.01994	0.20175	0.56923	0.07005	0.13903
V593	0.3528	0.06132	0.01404	0.50924	0.0626
V594	0.00799	0.26707	0.50202	0.16819	0.05473
V595	0.43401	0.10974	0.0677	0.33681	0.05175
V596	0.38266	0.24488	0.18385	0.15515	0.03346
V597	0.03507	0.18074	0.02523	0.20025	0.5587
V598	0.50033	0.06971	0.01487	0.07954	0.33554
V599	0.07286	0.36639	0.10572	0.41464	0.04038
V600	0.23283	0.10554	0.16	0.38964	0.11199
V601	0.12667	0.1164	0.01877	0.50813	0.23003
V602	0.70602	0.20162	0.01425	0.05939	0.01872
V603	0.12454	0.15325	0.04223	0.21113	0.46885
V604	0.02028	0.20392	0.53236	0.13068	0.11276
V605	0.03511	0.11408	0.12388	0.1593	0.56764
V606	0.70184	0.07945	0.00802	0.07055	0.14013
V607	0.15259	0.12981	0.03465	0.11148	0.57148
V608	0.61899	0.09905	0.03822	0.13439	0.10935
V609	0.16831	0.28048	0.03272	0.43774	0.08075
V610	0.09196	0.56235	0.04184	0.29048	0.01337
V611	0.2212	0.20554	0.45844	0.05529	0.05953
V612	0.31298	0.16196	0.25631	0.06777	0.20099
V613	0.37919	0.47424	0.06279	0.07514	0.00863
V614	0.45716	0.09045	0.02785	0.14058	0.28397
V615	0.01089	0.13471	0.1239	0.58229	0.1482
V616	0.53353	0.10937	0.13177	0.1761	0.04923
V617	0.18861	0.20266	0.365	0.1249	0.11883
V618	0.60034	0.15892	0.06702	0.06649	0.10723
V619	0.45095	0.13198	0.13788	0.06671	0.21247
V620	0.03824	0.13712	0.2884	0.51099	0.02525
V621	0.12834	0.27067	0.26111	0.06094	0.27893
V622	0.02614	0.26598	0.30388	0.07413	0.32987
V623	0.06335	0.04146	0.01626	0.70498	0.17395
V624	0.74335	0.0861	0.01413	0.07924	0.07717
V625	0.00874	0.10501	0.0925	0.7646	0.02914
V626	0.06312	0.18156	0.4276	0.29142	0.0363
V627	0.10381	0.18441	0.11774	0.11356	0.48048
V628	0.77488	0.10299	0.01563	0.08372	0.02278
V629	0.11037	0.33809	0.48041	0.05272	0.01841
V630	0.02676	0.17743	0.03996	0.12972	0.62613
V631	0.01365	0.10527	0.23619	0.10248	0.54241
V632	0.0614	0.66833	0.048	0.09244	0.12983
V633	0.05253	0.06235	0.08806	0.54324	0.25381
V634	0.36583	0.42501	0.15248	0.04716	0.00952
V635	0.04424	0.15919	0.17158	0.10839	0.51659
V636	0.17233	0.23923	0.26624	0.21542	0.10677
V637	0.17769	0.15313	0.32611	0.25792	0.08514
V638	0.08308	0.40724	0.04823	0.14987	0.31158
V639	0.46912	0.37936	0.09031	0.04348	0.01773
V640	0.10387	0.20003	0.08778	0.28368	0.32464
V641	0.10661	0.61916	0.05953	0.1884	0.02629
V642	0.60496	0.1034	0.01444	0.25679	0.02041
V643	0.06741	0.75326	0.10877	0.07009	0.00047
V644	0.04746	0.37611	0.0463	0.48884	0.0413
V645	0.17016	0.64215	0.05276	0.13133	0.00361
V646	0.13327	0.4624	0.05689	0.27968	0.06775
V647	0.76205	0.08953	0.0146	0.11101	0.02281
V648	0.37981	0.1388	0.01741	0.31605	0.14793
V649	0.23574	0.13698	0.08147	0.17586	0.36995
V650	0.02412	0.04695	0.06008	0.84337	0.02549
V651	0.13055	0.19817	0.01599	0.63696	0.01833
V652	0.30545	0.06668	0.04046	0.55273	0.03468
V653	0.28943	0.0769	0.05472	0.52407	0.05489
V654	0.04182	0.09655	0.01549	0.17271	0.67343
V655	0.13276	0.15437	0.25141	0.43709	0.02436
V656	0.11046	0.04968	0.01218	0.19887	0.6288
V657	0.04125	0.42511	0.05655	0.37439	0.1027
V658	0.02841	0.06611	0.03854	0.62873	0.23821
V659	0.01627	0.07104	0.07553	0.76283	0.07432
V660	0.06817	0.30147	0.04391	0.125	0.46145
V661	0.05238	0.56308	0.04991	0.23504	0.09959
V662	0.04557	0.38402	0.04853	0.08805	0.43385
V663	0.80502	0.09574	0.01628	0.05892	0.02404
V664	0.02683	0.06088	0.1114	0.43229	0.36859
V665	0.03646	0.57157	0.22411	0.12656	0.04131
V666	0.10962	0.75225	0.08425	0.05318	7e-04
V667	0.04029	0.50832	0.25974	0.14161	0.05004
V668	0.54271	0.25741	0.06103	0.10514	0.03371
V669	0.41314	0.29778	0.04475	0.13987	0.10445
V670	0.10122	0.54814	0.07833	0.09288	0.17942
V671	0.61389	0.12556	0.16124	0.07526	0.02405
V672	0.0869	0.1145	0.09072	0.35065	0.35723
V673	0.02176	0.05341	0.01443	0.21519	0.69521
V674	0.30015	0.23596	0.38342	0.03491	0.04557
V675	0.5634	0.08385	0.04442	0.1968	0.11153
V676	0.21451	0.23305	0.38795	0.0418	0.12269
V677	0.04413	0.28862	0.20442	0.39861	0.06422
V678	0.05852	0.28116	0.0363	0.12132	0.50269
V679	0.01178	0.15021	0.36525	0.44776	0.02499
V680	0.1498	0.05016	0.02923	0.39632	0.37449
V681	0.4363	0.09616	0.04674	0.32681	0.09399
V682	0.00386	0.25619	0.69448	0.02885	0.01662
V683	0.0636	0.30313	0.49328	0.03819	0.1018
V684	0.05366	0.0426	0.01667	0.86072	0.02635
V685	0.01137	0.23241	0.61341	0.12006	0.02274
V686	0.27464	0.54148	0.09715	0.06694	0.01979
V687	0.00284	0.17091	0.45318	0.34224	0.03083
V688	0.00355	0.24979	0.68003	0.03708	0.02954
V689	0.40686	0.14778	0.16994	0.14829	0.12714
V690	0.11975	0.73976	0.05922	0.07255	0.00872
V691	0.12515	0.15181	0.05471	0.62124	0.04709
V692	0.06334	0.05782	0.02352	0.75818	0.09715
V693	0.02779	0.50147	0.39021	0.06602	0.01451
V694	0.08158	0.19372	0.05042	0.59793	0.07635
V695	0.1197	0.16172	0.13837	0.10351	0.4767
V696	0.10436	0.20296	0.54821	0.04364	0.10082
V697	0.09112	0.19319	0.26787	0.34511	0.10271
V698	0.02456	0.08931	0.16041	0.11409	0.61163
V699	0.03526	0.05742	0.05218	0.6642	0.19094
V700	0.07371	0.71023	0.11334	0.04749	0.05523
V701	0.02733	0.17476	0.03287	0.12376	0.64127
V702	0.0233	0.12587	0.02057	0.68747	0.1428
V703	0.01718	0.05191	0.03196	0.86547	0.03348
V704	0.04555	0.16947	0.32455	0.08625	0.37418
V705	0.7712	0.10046	0.00946	0.07192	0.04696
V706	0.13455	0.19178	0.14714	0.44493	0.08161
V707	0.12911	0.15109	0.07683	0.32002	0.32295
V708	0.03341	0.56072	0.35704	0.04289	0.00595
V709	0.02183	0.05592	0.04404	0.13263	0.74559
V710	0.11303	0.16967	0.3808	0.05786	0.27863
V711	0.06591	0.0411	0.03415	0.14481	0.71403
V712	0.05326	0.20384	0.52002	0.19344	0.02944
V713	0.22892	0.42802	0.28358	0.05032	0.00916
V714	0.05971	0.04241	0.01398	0.1358	0.7481
V715	0.01498	0.36112	0.47911	0.12638	0.0184
V716	0.62579	0.21337	0.02587	0.09964	0.03533
V717	0.34453	0.20686	0.1188	0.08579	0.24401
V718	0.54033	0.13916	0.21931	0.04769	0.05352
V719	0.34984	0.25819	0.10736	0.16319	0.12142
V720	0.11773	0.09458	0.09006	0.13191	0.56573
V721	0.03786	0.05308	0.05703	0.14241	0.70961
V722	0.02784	0.22796	0.06836	0.51971	0.15614
V723	0.10047	0.23146	0.11171	0.5195	0.03686
V724	0.13067	0.56599	0.07124	0.21951	0.01259
V725	0.04111	0.04375	0.02159	0.13631	0.75724
V726	0.21301	0.44407	0.07715	0.11296	0.15282
V727	0.01192	0.24753	0.6745	0.0367	0.02935
V728	0.6302	0.12351	0.10888	0.11309	0.02432
V729	0.51027	0.15718	0.03615	0.27207	0.02434
V730	0.10277	0.14737	0.30701	0.37718	0.06565
V731	0.00739	0.06023	0.06144	0.84571	0.02524
V732	0.01743	0.03416	0.01751	0.90292	0.02799
V733	0.02972	0.25532	0.65726	0.02897	0.02874
V734	0.40533	0.2051	0.28323	0.07868	0.02766
V735	0.07262	0.20701	0.19732	0.10334	0.41971
V736	0.02394	0.07128	0.02292	0.13463	0.74723
V737	0.80083	0.10059	0.01642	0.05843	0.02372
V738	0.03748	0.39751	0.04224	0.09622	0.42656
V739	0.01853	0.04605	0.01085	0.89697	0.0276
V740	0.19518	0.13368	0.10418	0.10342	0.46354
V741	0.42461	0.0781	0.01428	0.35145	0.13156
V742	0.0644	0.17743	0.41913	0.19396	0.14509
V743	0.03595	0.09299	0.07841	0.20065	0.592
V744	0.16649	0.13289	0.14902	0.49873	0.05286
V745	0.14524	0.07242	0.05026	0.70317	0.02891
V746	0.346	0.49312	0.06407	0.05454	0.04227
V747	0.02935	0.25257	0.64602	0.03693	0.03513
V748	0.14763	0.2612	0.24555	0.11162	0.23398
V749	0.16345	0.15088	0.11318	0.44269	0.12979
V750	0.64375	0.21935	0.02042	0.0995	0.01697
V751	0.03821	0.42486	0.46546	0.05503	0.01643
V752	0.03409	0.13909	0.03836	0.1264	0.66207
V753	0.44492	0.15977	0.20399	0.07548	0.11584
V754	0.10964	0.28816	0.02711	0.55309	0.022
V755	0.24541	0.62535	0.07346	0.04453	0.01125
V756	0.03246	0.12379	0.0373	0.16654	0.63992
V757	0.15155	0.06572	0.09203	0.66219	0.02852
V758	0.0679	0.37479	0.02506	0.51252	0.01974
V759	0.09022	0.08871	0.09843	0.10709	0.61555
V760	0.0727	0.11314	0.18333	0.2949	0.33593
V761	0.05828	0.36222	0.5237	0.03756	0.01825
V762	0.0188	0.10689	0.15314	0.42456	0.2966
V763	0.03994	0.24312	0.02858	0.10777	0.5806
V764	0.10029	0.10731	0.08188	0.67609	0.03443
V765	0.14422	0.2057	0.48243	0.07983	0.08783
V766	0.07643	0.45968	0.23932	0.09658	0.12798
V767	0.25919	0.43023	0.08279	0.10094	0.12685
V768	0.07555	0.72755	0.09047	0.09785	0.00858
V769	0.61104	0.12908	0.15505	0.05071	0.05411
V770	0.25053	0.17055	0.38003	0.17607	0.02282
V771	0.07794	0.62785	0.04556	0.1514	0.09725
V772	0.04581	0.24888	0.65432	0.03508	0.01592
V773	0.03737	0.03918	0.01291	0.26789	0.64264
V774	0.13703	0.16889	0.41348	0.05208	0.22853
V775	0.74053	0.09022	0.02603	0.1094	0.03383
V776	0.32115	0.4096	0.16134	0.07171	0.03619
V777	0.19449	0.38316	0.22649	0.14473	0.05113
V778	0.45138	0.10804	0.02183	0.25926	0.15949
V779	0.06829	0.44253	0.41837	0.04845	0.02236
V780	0.01994	0.24551	0.68233	0.03563	0.01658
V781	0.16717	0.31686	0.16921	0.06459	0.28217
V782	0.2182	0.23373	0.03801	0.09339	0.41666
V783	0.00624	0.1814	0.48958	0.07584	0.24693
V784	0.04046	0.53113	0.03357	0.31042	0.08442
V785	0.60432	0.17337	0.01178	0.14832	0.0622
V786	0.14957	0.19722	0.02872	0.58595	0.03854
V787	0.13956	0.5156	0.03152	0.24624	0.06707
V788	0.34751	0.39062	0.08566	0.05237	0.12385
V789	0.01958	0.1553	0.02272	0.45309	0.34932
V790	0.25606	0.23455	0.07182	0.17381	0.26376
V791	0.16564	0.22637	0.08045	0.2489	0.27865
V792	0.77502	0.1068	0.02802	0.05579	0.03437
V793	0.298	0.26507	0.0656	0.15219	0.21914
V794	0.02412	0.07739	0.0996	0.25573	0.54316
V795	0.14795	0.72227	0.0581	0.05503	0.01665
V796	0.26923	0.38439	0.11721	0.19165	0.03752
V797	0.13869	0.03882	0.01197	0.13739	0.67312
V798	0.13536	0.44663	0.03534	0.15154	0.23114
V799	0.03213	0.16918	0.05783	0.67794	0.06291
V800	0.03755	0.05025	0.02714	0.22386	0.66121
V801	0.31541	0.08961	0.11109	0.43758	0.0463
V802	0.04562	0.19159	0.03303	0.11907	0.61069
V803	0.26084	0.07597	0.01537	0.60577	0.04205
V804	0.17349	0.21101	0.17807	0.37998	0.05745
V805	0.12802	0.23776	0.35178	0.19177	0.09067
V806	0.39539	0.11772	0.16819	0.11646	0.20225
V807	0.59597	0.09205	0.06307	0.10627	0.14264
V808	0.68888	0.09785	0.05036	0.06214	0.10077
V809	0.20157	0.53063	0.05291	0.08792	0.12698
V810	0.03096	0.08982	0.04703	0.50209	0.33009
V811	0.05783	0.1173	0.03576	0.20197	0.58714
V812	0.0382	0.59213	0.20932	0.12684	0.0335
V813	0.03939	0.25175	0.20131	0.07988	0.42767
V814	0.19231	0.48556	0.08755	0.2061	0.02848
V815	0.23415	0.58845	0.06326	0.10224	0.0119
V816	0.03342	0.43681	0.03556	0.4542	0.04
V817	0.64516	0.13744	0.12908	0.06996	0.01838
V818	0.043	0.26889	0.30404	0.09272	0.29136
V819	0.76934	0.10394	0.0216	0.08268	0.02244
V820	0.06953	0.33987	0.12778	0.4219	0.04092
V821	0.02371	0.04184	0.01528	0.14244	0.77673
V822	0.16417	0.05806	0.02215	0.73233	0.0233
V823	0.05133	0.15423	0.20074	0.0894	0.5043
V824	0.07647	0.0694	0.03491	0.12329	0.69592
V825	0.1232	0.19025	0.48027	0.18971	0.01656
V826	0.03664	0.24226	0.65507	0.04994	0.01609
V827	0.30463	0.16247	0.01269	0.41623	0.10397
V828	0.21936	0.18131	0.10643	0.13167	0.36123
V829	0.08313	0.1728	0.26019	0.21825	0.26564
V830	0.12446	0.20517	0.51067	0.0585	0.1012
V831	0.04615	0.63463	0.08485	0.20827	0.0261
V832	0.18895	0.0597	0.0707	0.30005	0.3806
V833	0.20316	0.6617	0.04645	0.04861	0.04008
V834	0.62442	0.18583	0.04305	0.07916	0.06754
V835	0.22638	0.28253	0.09702	0.3082	0.08587
V836	0.30315	0.20368	0.34218	0.12941	0.02158
V837	0.05426	0.71811	0.059	0.0963	0.07233
V838	0.00632	0.05066	0.07535	0.83508	0.03259
V839	0.0465	0.08035	0.07851	0.11834	0.6763
V840	0.7577	0.10035	0.03299	0.08106	0.02789
V841	0.18125	0.22125	0.53984	0.0361	0.02156
V842	0.42573	0.14419	0.17458	0.22542	0.03008
V843	0.38684	0.10016	0.13226	0.13177	0.24898
V844	0.01851	0.318	0.57732	0.05316	0.03301
V845	0.02905	0.03716	0.01047	0.64674	0.27658
V846	0.10761	0.09607	0.0978	0.15467	0.54385
V847	0.19087	0.06228	0.05734	0.20731	0.4822
V848	0.61289	0.1034	0.01444	0.14588	0.12338
V849	0.11653	0.23028	0.5241	0.04255	0.08653
V850	0.18499	0.14047	0.24352	0.1942	0.23683
V851	0.80056	0.09303	0.00988	0.06641	0.03012
V852	0.21414	0.11346	0.08044	0.23544	0.35651
V853	0.03349	0.25966	0.46944	0.16191	0.07551
V854	0.0503	0.35363	0.23407	0.13149	0.23051
V855	0.10215	0.3537	0.1041	0.35372	0.08634
V856	0.1573	0.35813	0.07351	0.07395	0.33712
V857	0.072	0.1107	0.15184	0.44442	0.22104
V858	0.0317	0.34077	0.18599	0.25686	0.18467
V859	0.11753	0.05672	0.02928	0.74493	0.05155
V860	0.03984	0.15904	0.0717	0.65906	0.07035
V861	0.12452	0.09169	0.11654	0.63988	0.02738
V862	0.07295	0.04693	0.03295	0.20145	0.64572
V863	0.06245	0.79253	0.06394	0.05739	0.0237
V864	0.03546	0.22878	0.63195	0.08744	0.01637
V865	0.06996	0.18489	0.47811	0.25004	0.01701
V866	0.02911	0.21183	0.48391	0.23927	0.03588
V867	0.49568	0.08895	0.01565	0.07824	0.32149
V868	0.19726	0.29499	0.33264	0.14314	0.03196
V869	0.03056	0.04011	0.03604	0.14274	0.75055
V870	0.24135	0.1921	0.08387	0.29115	0.19153
V871	0.044	0.10016	0.10046	0.18628	0.56911
V872	0.32925	0.08863	0.02168	0.49861	0.06183
V873	0.0575	0.31424	0.15081	0.40563	0.07181
V874	0.09605	0.07975	0.0208	0.12822	0.67517
V875	0.01811	0.1766	0.03703	0.53556	0.23269
V876	0.41217	0.11986	0.06272	0.08853	0.31672
V877	0.22929	0.54639	0.06835	0.13613	0.01984
V878	0.04278	0.58992	0.07449	0.2728	0.02002
V879	0.7497	0.11945	0.02188	0.08161	0.02735
V880	0.07838	0.10515	0.03954	0.47083	0.30611
V881	0.01603	0.16189	0.42548	0.06424	0.33237
V882	0.04984	0.40484	0.04084	0.493	0.01148
V883	0.44297	0.19409	0.02589	0.23046	0.10659
V884	0.02336	0.03477	0.01505	0.15133	0.77549
V885	0.14567	0.18335	0.31625	0.15356	0.20117
V886	0.01657	0.03891	0.04078	0.31282	0.59092
V887	0.11155	0.75512	0.05267	0.04891	0.03175
V888	0.05655	0.12708	0.06213	0.68317	0.07107
V889	0.13467	0.69856	0.07939	0.07067	0.01671
V890	0.03233	0.08046	0.12662	0.64308	0.11751
V891	0.00488	0.2666	0.66892	0.04373	0.01587
V892	0.52397	0.24798	0.03468	0.06353	0.12984
V893	0.12764	0.28435	0.40939	0.1122	0.06642
V894	0.10175	0.45728	0.07232	0.3159	0.05276
V895	0.54409	0.14182	0.22564	0.06519	0.02325
V896	0.18398	0.25922	0.21085	0.32533	0.02063
V897	0.008	0.04057	0.04558	0.77701	0.12884
V898	0.35012	0.06256	0.02213	0.11438	0.45082
V899	0.50174	0.3155	0.09215	0.04561	0.045
V900	0.22134	0.28046	0.24112	0.22418	0.03289
V901	0.55967	0.11241	0.01494	0.22868	0.0843
