mature.neutrophil	CD14.pos.CD16.neg.classical.monocyte	macrophage	memory.CD4.pos.AB.T.cell	cytotoxic.CD56.dim.NK.cell
V1	0.29254	0.17185	0.23399	0.1631	0.13852
V2	0.05986	0.7043	0.07037	0.10747	0.05799
V3	0.06457	0.11453	0.3786	0.42305	0.01925
V4	0.00736	0.08027	0.20758	0.0377	0.66709
V5	0.00859	0.04652	0.06242	0.06898	0.81349
V6	0.29267	0.10662	0.24609	0.24566	0.10896
V7	0.00788	0.12202	0.36717	0.06829	0.43464
V8	0.01755	0.19058	0.68862	0.09531	0.00794
V9	0.05711	0.07675	0.23271	0.61892	0.01451
V10	0.4086	0.14898	0.38189	0.03335	0.02719
V11	0.02541	0.06575	0.09788	0.04194	0.76903
V12	0.07195	0.07711	0.19952	0.2879	0.36352
V13	0.11812	0.07268	0.04297	0.40826	0.35798
V14	0.14788	0.04887	0.07243	0.63687	0.09395
V15	0.02693	0.04102	0.00628	0.89411	0.03166
V16	0.51165	0.10943	0.01828	0.35002	0.01061
V17	0.05544	0.2033	0.02563	0.04969	0.66595
V18	0.08805	0.37582	0.25873	0.26086	0.01654
V19	0.01972	0.04355	0.01163	0.08129	0.84381
V20	0.00861	0.15216	0.58698	0.23466	0.01759
V21	0.01732	0.22926	0.13195	0.16526	0.4562
V22	0.71934	0.14197	0.06463	0.04581	0.02825
V23	0.06388	0.05225	0.03073	0.10684	0.74631
V24	0.40855	0.13885	0.0276	0.06415	0.36085
V25	0.02022	0.05127	0.02264	0.39418	0.51169
V26	0.43458	0.20347	0.06413	0.07	0.22782
V27	0.12327	0.43461	0.19386	0.03495	0.21332
V28	0.03197	0.11119	0.18781	0.62885	0.04018
V29	0.01062	0.08089	0.29055	0.59508	0.02285
V30	0.65469	0.1437	0.03149	0.0639	0.10622
V31	0.38355	0.15149	0.02029	0.25696	0.1877
V32	0.79986	0.08428	0.01262	0.05168	0.05156
V33	0.01591	0.16715	0.02561	0.10033	0.691
V34	0.14438	0.7801	0.01677	0.05381	0.00495
V35	0.10195	0.54979	0.27385	0.06944	0.00497
V36	0.02211	0.17556	0.16174	0.08429	0.55629
V37	0.64766	0.07112	0.00641	0.04624	0.22856
V38	0.11046	0.12712	0.40887	0.20664	0.14692
V39	0.28137	0.12229	0.2872	0.0341	0.27504
V40	0.2434	0.52497	0.0276	0.1601	0.04394
V41	0.05444	0.7737	0.02606	0.04155	0.10424
V42	0.74638	0.10755	0.02485	0.05488	0.06634
V43	0.43206	0.19429	0.29782	0.06294	0.01289
V44	0.03568	0.3159	0.49874	0.02838	0.1213
V45	0.0397	0.58701	0.1133	0.20286	0.05713
V46	0.13034	0.6796	0.08796	0.0773	0.0248
V47	0.00876	0.20562	0.74314	0.02639	0.01609
V48	0.15354	0.15705	0.20758	0.34492	0.13691
V49	0.4193	0.18441	0.20532	0.17649	0.01449
V50	0.02801	0.21259	0.72576	0.02631	0.00733
V51	0.09507	0.24597	0.1914	0.07408	0.39347
V52	0.06344	0.85816	0.01858	0.05478	0.00504
V53	0.03099	0.14668	0.01474	0.78903	0.01856
V54	0.19711	0.04149	0.01947	0.547	0.19494
V55	0.07601	0.03049	0.00573	0.86655	0.02122
V56	0.07166	0.02537	0.013	0.76167	0.1283
V57	0.14319	0.20849	0.47295	0.05092	0.12445
V58	0.0607	0.05297	0.12813	0.18338	0.57481
V59	0.73566	0.10884	0.08273	0.05883	0.01395
V60	0.39056	0.20955	0.12191	0.15854	0.11943
V61	0.17027	0.05121	0.03518	0.20992	0.53342
V62	0.05127	0.09666	0.26729	0.12697	0.45781
V63	0.36848	0.23765	0.06662	0.06297	0.26428
V64	0.80868	0.09882	0.02532	0.05185	0.01533
V65	0.08285	0.09033	0.04384	0.62826	0.15472
V66	0.03119	0.05281	0.1254	0.76432	0.02628
V67	0.00729	0.09549	0.29546	0.08636	0.51541
V68	0.40027	0.12177	0.32765	0.06772	0.08258
V69	0.5226	0.17192	0.17962	0.05853	0.06733
V70	0.06695	0.61971	0.05816	0.22798	0.02719
V71	0.10903	0.69716	0.06053	0.11794	0.01534
V72	0.03376	0.32248	0.03527	0.04048	0.56802
V73	0.05647	0.04865	0.0979	0.56769	0.22929
V74	0.0163	0.06776	0.01405	0.80761	0.09428
V75	0.43017	0.22794	0.27188	0.04965	0.02036
V76	0.01482	0.03019	0.02176	0.85593	0.0773
V77	0.02647	0.19286	0.70861	0.06446	0.00761
V78	0.00894	0.20779	0.73322	0.03414	0.01591
V79	0.0755	0.32944	0.04987	0.16161	0.38358
V80	0.13885	0.64022	0.01382	0.09759	0.10951
V81	0.01826	0.20603	0.74166	0.0264	0.00766
V82	0.22517	0.15345	0.03556	0.56433	0.02148
V83	0.09206	0.08728	0.02831	0.54962	0.24272
V84	0.0805	0.14574	0.01753	0.0504	0.70583
V85	0.00892	0.20573	0.74306	0.03445	0.00784
V86	0.02827	0.24915	0.28744	0.41584	0.0193
V87	0.40918	0.06709	0.04597	0.45058	0.02719
V88	0.28118	0.16284	0.05833	0.21469	0.28297
V89	0.04794	0.2315	0.64891	0.06475	0.0069
V90	0.01457	0.16091	0.06337	0.09797	0.66319
V91	0.01403	0.0421	0.07754	0.84597	0.02037
V92	0.20556	0.07267	0.03561	0.0566	0.62956
V93	0.01297	0.10979	0.15323	0.52098	0.20304
V94	0.03355	0.148	0.03152	0.24097	0.54595
V95	0.0547	0.19173	0.03244	0.10702	0.61411
V96	0.67761	0.0843	0.03029	0.06514	0.14267
V97	0.13887	0.06548	0.0503	0.11071	0.63465
V98	0.05155	0.32501	0.18347	0.14814	0.29183
V99	0.46684	0.14396	0.01277	0.25009	0.12634
V100	0.4812	0.1744	0.05499	0.08485	0.20456
V101	0.07443	0.83897	0.02788	0.05391	0.0048
V102	0.2863	0.2305	0.13493	0.13576	0.21251
V103	0.10942	0.03656	0.01695	0.04621	0.79086
V104	0.04306	0.3391	0.09266	0.04596	0.47923
V105	0.00911	0.04945	0.04775	0.07758	0.81612
V106	0.05665	0.67849	0.17397	0.04559	0.04529
V107	0.05332	0.28778	0.56927	0.07504	0.01459
V108	0.02403	0.28294	0.65936	0.02695	0.00672
V109	0.05506	0.18663	0.06241	0.28868	0.40722
V110	0.18243	0.44089	0.19318	0.15973	0.02378
V111	0.26893	0.27313	0.41288	0.03948	0.00558
V112	0.16422	0.05103	0.10304	0.46701	0.2147
V113	0.20811	0.06166	0.10133	0.15623	0.47267
V114	0.50644	0.1166	0.05271	0.20181	0.12243
V115	0.74439	0.07735	0.01213	0.05549	0.11065
V116	0.01067	0.03935	0.01252	0.05139	0.88607
V117	0.05247	0.1764	0.63828	0.1019	0.03096
V118	0.04586	0.02866	0.00595	0.87946	0.04007
V119	0.28625	0.11919	0.33061	0.25538	0.00857
V120	0.01647	0.16994	0.64708	0.12633	0.04018
V121	0.22038	0.62908	0.01374	0.05095	0.08585
V122	0.03392	0.32368	0.09306	0.2713	0.27805
V123	0.43086	0.09375	0.0749	0.21171	0.18878
V124	0.19181	0.12265	0.066	0.23238	0.38716
V125	0.04628	0.43734	0.46423	0.03807	0.01408
V126	0.14193	0.192	0.20734	0.13135	0.32738
V127	0.24504	0.14971	0.5129	0.07881	0.01355
V128	0.2377	0.67171	0.02314	0.04279	0.02465
V129	0.2316	0.10798	0.2415	0.18531	0.23362
V130	0.03065	0.42116	0.05242	0.27829	0.21748
V131	0.02055	0.06977	0.20728	0.68621	0.0162
V132	0.31789	0.05799	0.00635	0.34746	0.27032
V133	0.00842	0.14853	0.47046	0.09644	0.27615
V134	0.06993	0.17565	0.619	0.04785	0.08757
V135	0.02767	0.21276	0.59404	0.04892	0.11661
V136	0.82748	0.08887	0.0132	0.05429	0.01617
V137	0.77201	0.1018	0.01241	0.07676	0.03702
V138	0.2222	0.14951	0.08156	0.1523	0.39443
V139	0.11695	0.05621	0.14612	0.65782	0.02291
V140	0.02368	0.05705	0.14232	0.0402	0.73676
V141	0.02481	0.28127	0.55336	0.12515	0.01542
V142	0.18338	0.09032	0.28786	0.14016	0.29827
V143	0.02263	0.23224	0.43283	0.16007	0.15222
V144	0.46532	0.21443	0.07151	0.15828	0.09045
V145	0.00862	0.20327	0.72263	0.04149	0.024
V146	0.03374	0.27797	0.01746	0.35056	0.32027
V147	0.09231	0.18582	0.55566	0.12751	0.03869
V148	0.18124	0.68981	0.02344	0.0802	0.02532
V149	0.01597	0.02745	0.00646	0.88073	0.0694
V150	0.13813	0.25538	0.49676	0.02912	0.0806
V151	0.38846	0.05964	0.01848	0.41252	0.1209
V152	0.02073	0.04224	0.10835	0.7393	0.08937
V153	0.15854	0.22657	0.40213	0.07583	0.13692
V154	0.12294	0.49902	0.03681	0.06541	0.27584
V155	0.04062	0.05317	0.12481	0.75552	0.02587
V156	0.08954	0.11355	0.34749	0.15671	0.29271
V157	0.08381	0.08845	0.15625	0.27397	0.39753
V158	0.17137	0.10853	0.37567	0.06644	0.27799
V159	0.11429	0.18889	0.02206	0.62463	0.05013
V160	0.40863	0.17517	0.09393	0.07623	0.24603
V161	0.1836	0.06561	0.06353	0.04118	0.64608
V162	0.00939	0.21252	0.74375	0.02658	0.00776
V163	0.04578	0.04053	0.02506	0.06989	0.81875
V164	0.79659	0.11752	0.01941	0.05827	0.00821
V165	0.55441	0.21672	0.08398	0.09185	0.05305
V166	0.05547	0.06686	0.21674	0.5689	0.09203
V167	0.03855	0.54791	0.02976	0.18383	0.19995
V168	0.00939	0.21252	0.74375	0.02658	0.00776
V169	0.06246	0.60144	0.1802	0.13091	0.02499
V170	0.24226	0.32671	0.06393	0.23601	0.13108
V171	0.27352	0.15385	0.31694	0.20026	0.05543
V172	0.16503	0.20036	0.07651	0.05423	0.50387
V173	0.19574	0.12181	0.09051	0.41283	0.1791
V174	0.18643	0.09413	0.30783	0.20799	0.20363
V175	0.06944	0.14792	0.11843	0.18927	0.47494
V176	0.34051	0.05459	0.01169	0.57874	0.01447
V177	0.17842	0.14917	0.46432	0.19287	0.01522
V178	0.24579	0.14147	0.38614	0.13847	0.08814
V179	0.08331	0.04694	0.01743	0.04659	0.80572
V180	0.02334	0.09828	0.29907	0.03355	0.54577
V181	0.0578	0.22313	0.01112	0.08281	0.62513
V182	0.52351	0.21438	0.01344	0.2008	0.04787
V183	0.08674	0.8355	0.01797	0.04382	0.01597
V184	0.28118	0.09686	0.25961	0.32982	0.03254
V185	0.1045	0.3977	0.03468	0.18505	0.27807
V186	0.12496	0.16183	0.0374	0.26532	0.41048
V187	0.09029	0.58794	0.01279	0.29066	0.01831
V188	0.71767	0.101	0.03705	0.12932	0.01497
V189	0.4259	0.22098	0.04281	0.29345	0.01686
V190	0.3608	0.12737	0.19439	0.05052	0.26691
V191	0.20865	0.19292	0.01445	0.4516	0.13238
V192	0.29554	0.19322	0.12525	0.24171	0.14429
V193	0.0695	0.24883	0.45664	0.06732	0.1577
V194	0.2315	0.09083	0.08676	0.12545	0.46545
V195	0.51587	0.20994	0.20976	0.05158	0.01285
V196	0.00834	0.04071	0.06228	0.06917	0.81951
V197	0.08322	0.79992	0.01699	0.08383	0.01604
V198	0.21398	0.19976	0.04489	0.22877	0.3126
V199	0.65754	0.11294	0.18249	0.04073	0.00629
V200	0.65362	0.07185	0.03625	0.06373	0.17456
V201	0.04018	0.02692	0.02827	0.70065	0.20398
V202	0.7978	0.12045	0.00702	0.05909	0.01563
V203	0.49502	0.23232	0.03509	0.09468	0.14289
V204	0.29709	0.10465	0.042	0.04167	0.51459
V205	0.09943	0.07611	0.11158	0.09217	0.62071
V206	0.04767	0.095	0.00651	0.79547	0.05535
V207	0.02693	0.04102	0.00628	0.89411	0.03166
V208	0.15126	0.25271	0.4193	0.07622	0.10051
V209	0.13497	0.06876	0.09366	0.06136	0.64125
V210	0.00863	0.2033	0.7379	0.03416	0.01601
V211	0.1362	0.08614	0.18392	0.05825	0.53549
V212	0.06823	0.6714	0.09716	0.08531	0.0779
V213	0.09152	0.04108	0.06517	0.25404	0.5482
V214	0.03055	0.50208	0.38624	0.04824	0.03289
V215	0.2289	0.21226	0.13395	0.1095	0.31539
V216	0.05098	0.10837	0.28785	0.06225	0.49054
V217	0.0139	0.02529	0.02934	0.82738	0.10408
V218	0.07369	0.20136	0.26819	0.35638	0.10038
V219	0.12833	0.2747	0.35415	0.22698	0.01583
V220	0.22062	0.64048	0.07549	0.04935	0.01405
V221	0.04219	0.14794	0.42316	0.03685	0.34987
V222	0.0192	0.03982	0.01912	0.05722	0.86465
V223	0.45167	0.11115	0.26408	0.15189	0.02122
V224	0.0423	0.45411	0.03671	0.1199	0.34699
V225	0.63798	0.19283	0.11459	0.04155	0.01305
V226	0.48385	0.44542	0.01105	0.04522	0.01446
V227	0.09574	0.21791	0.01503	0.62055	0.05077
V228	0.50092	0.11936	0.22988	0.10683	0.043
V229	0.26432	0.35945	0.25383	0.08299	0.0394
V230	0.01906	0.03397	0.01922	0.05776	0.86999
V231	0.06932	0.517	0.07293	0.23107	0.10968
V232	0.6814	0.10845	0.15557	0.04808	0.00649
V233	0.05182	0.07236	0.13669	0.1089	0.63022
V234	0.02425	0.33173	0.21354	0.39305	0.03742
V235	0.8187	0.09128	0.0068	0.07407	0.00915
V236	0.07998	0.14218	0.52009	0.20151	0.05623
V237	0.11687	0.12598	0.24138	0.32036	0.19542
V238	0.01029	0.03392	0.01673	0.27841	0.66065
V239	0.06551	0.33365	0.05837	0.21102	0.33146
V240	0.07787	0.75476	0.02532	0.06106	0.08099
V241	0.06311	0.85809	0.01853	0.04404	0.01622
V242	0.03973	0.29743	0.28407	0.306	0.07276
V243	0.41117	0.10997	0.27427	0.06177	0.14282
V244	0.03246	0.34931	0.19374	0.11143	0.31306
V245	0.05866	0.81691	0.04665	0.07293	0.00486
V246	0.56742	0.24446	0.03478	0.04961	0.10374
V247	0.18071	0.19918	0.50209	0.08062	0.03739
V248	0.10078	0.50491	0.03726	0.04801	0.30904
V249	0.22159	0.11686	0.18751	0.12106	0.35299
V250	0.02426	0.15452	0.52896	0.05692	0.23534
V251	0.20012	0.06774	0.08776	0.58012	0.06427
V252	0.02855	0.19265	0.47448	0.16488	0.13944
V253	0.31074	0.48191	0.09365	0.09076	0.02294
V254	0.51174	0.32384	0.00871	0.13244	0.02328
V255	0.7083	0.1267	0.00658	0.06823	0.0902
V256	0.0451	0.6631	0.03242	0.04866	0.21072
V257	0.41681	0.27713	0.13928	0.07616	0.09061
V258	0.16316	0.27062	0.05556	0.49023	0.02043
V259	0.49597	0.26565	0.16412	0.04578	0.02847
V260	0.22804	0.08131	0.10139	0.10803	0.48123
V261	0.02547	0.12208	0.43549	0.28651	0.13045
V262	0.76919	0.10437	0.05024	0.06171	0.01449
V263	0.69326	0.1278	0.01835	0.15229	0.0083
V264	0.08244	0.79223	0.02628	0.09378	0.00528
V265	0.70809	0.14164	0.07122	0.06517	0.01388
V266	0.01641	0.04523	0.08335	0.05892	0.79609
V267	0.04584	0.03686	0.01676	0.16576	0.73478
V268	0.20028	0.36699	0.14577	0.22526	0.0617
V269	0.0906	0.30864	0.33507	0.22362	0.04208
V270	0.05392	0.03537	0.03646	0.85398	0.02027
V271	0.25443	0.611	0.02152	0.06904	0.04401
V272	0.12273	0.71767	0.04266	0.05971	0.05724
V273	0.25644	0.08095	0.16038	0.33136	0.17088
V274	0.08455	0.06662	0.04428	0.20535	0.5992
V275	0.05188	0.61038	0.17153	0.14093	0.02528
V276	0.01717	0.15159	0.56147	0.23638	0.03338
V277	0.32038	0.14427	0.46247	0.03775	0.03513
V278	0.01054	0.10587	0.30048	0.44568	0.13742
V279	0.14092	0.03729	0.01955	0.73244	0.06979
V280	0.18098	0.05671	0.04136	0.60832	0.11263
V281	0.03136	0.19054	0.04725	0.70591	0.02494
V282	0.07518	0.84652	0.01824	0.04395	0.01611
V283	0.31148	0.07033	0.10517	0.06009	0.45294
V284	0.02761	0.19401	0.45407	0.02924	0.29507
V285	0.51645	0.38294	0.00975	0.07636	0.0145
V286	0.08057	0.18901	0.65261	0.06335	0.01445
V287	0.21951	0.11017	0.15594	0.30189	0.21248
V288	0.18063	0.14625	0.50066	0.03585	0.13662
V289	0.15586	0.19284	0.0295	0.5996	0.02221
V290	0.42717	0.39164	0.13604	0.03992	0.00523
V291	0.38275	0.19091	0.01353	0.39392	0.01889
V292	0.1067	0.11624	0.34672	0.05994	0.37039
V293	0.0116	0.23807	0.65373	0.07305	0.02354
V294	0.01022	0.04029	0.01967	0.05047	0.87934
V295	0.01904	0.09812	0.28928	0.50228	0.09127
V296	0.74403	0.14857	0.00697	0.06328	0.03715
V297	0.02527	0.16668	0.61693	0.14276	0.04836
V298	0.26791	0.04429	0.01215	0.54868	0.12697
V299	0.25009	0.03858	0.01877	0.67652	0.01604
V300	0.82877	0.09312	0.00712	0.0617	0.00928
V301	0.80737	0.08527	0.01258	0.07894	0.01584
V302	0.01094	0.03209	0.0158	0.40082	0.54034
V303	0.10148	0.18124	0.19963	0.1956	0.32204
V304	0.1726	0.18071	0.58325	0.03486	0.02858
V305	0.19919	0.27174	0.09599	0.13927	0.2938
V306	0.35358	0.54888	0.01239	0.06121	0.02394
V307	0.21267	0.08756	0.23711	0.45118	0.01148
V308	0.21058	0.15449	0.51912	0.10187	0.01394
V309	0.56616	0.11313	0.05125	0.15123	0.11822
V310	0.02806	0.04907	0.01767	0.11867	0.78653
V311	0.02383	0.02921	0.0452	0.87168	0.03008
V312	0.08251	0.23623	0.23332	0.03416	0.41378
V313	0.06132	0.24098	0.02437	0.34627	0.32706
V314	0.07536	0.04054	0.0146	0.3734	0.4961
V315	0.80569	0.08658	0.01882	0.05183	0.03708
V316	0.11666	0.48209	0.25303	0.06747	0.08075
V317	0.34312	0.18146	0.40862	0.03905	0.02775
V318	0.7688	0.08089	0.01233	0.04999	0.08799
V319	0.10151	0.20719	0.64335	0.04141	0.00654
V320	0.08453	0.02604	0.01287	0.84747	0.0291
V321	0.1342	0.31009	0.288	0.2345	0.03321
V322	0.01623	0.29394	0.50109	0.07574	0.11301
V323	0.23121	0.24896	0.37634	0.05383	0.08965
V324	0.04449	0.0624	0.0446	0.82068	0.02783
V325	0.55376	0.14411	0.08096	0.15186	0.06931
V326	0.04394	0.05068	0.05964	0.14566	0.70008
V327	0.33066	0.41297	0.11618	0.06272	0.07748
V328	0.05138	0.25684	0.1617	0.5006	0.02948
V329	0.01174	0.12219	0.33971	0.50527	0.02109
V330	0.07965	0.18829	0.65182	0.02615	0.05409
V331	0.11853	0.06596	0.08722	0.10908	0.61921
V332	0.40566	0.1563	0.36283	0.04024	0.03496
V333	0.35132	0.11508	0.26439	0.18137	0.08784
V334	0.046	0.30822	0.48648	0.11	0.04931
V335	0.61814	0.11597	0.07708	0.07501	0.1138
V336	0.17393	0.50309	0.26618	0.03443	0.02236
V337	0.00959	0.03738	0.02497	0.16799	0.76006
V338	0.60816	0.10464	0.13264	0.05879	0.09577
V339	0.21483	0.46076	0.1907	0.03563	0.09809
V340	0.03096	0.15833	0.11034	0.07856	0.62182
V341	0.02643	0.44947	0.41549	0.0384	0.07022
V342	0.26549	0.20962	0.37712	0.14095	0.00682
V343	0.58989	0.11824	0.23501	0.05074	0.00613
V344	0.115	0.65025	0.05854	0.06695	0.10926
V345	0.19658	0.07143	0.01403	0.29078	0.42718
V346	0.03943	0.29232	0.30088	0.32291	0.04445
V347	0.08789	0.42786	0.03494	0.39091	0.0584
V348	0.02109	0.18823	0.39694	0.2498	0.14394
V349	0.0658	0.31903	0.46751	0.04458	0.10309
V350	0.11104	0.34694	0.09288	0.28062	0.16853
V351	0.16205	0.1241	0.36644	0.32248	0.02492
V352	0.11611	0.4856	0.34406	0.04064	0.01358
V353	0.23921	0.2745	0.04665	0.07958	0.36005
V354	0.48944	0.13844	0.33085	0.03539	0.00589
V355	0.08491	0.097	0.29312	0.50477	0.0202
V356	0.08907	0.18525	0.64006	0.0479	0.03772
V357	0.0414	0.13668	0.43087	0.05101	0.34004
V358	0.03488	0.05369	0.03709	0.84559	0.02875
V359	0.05869	0.10448	0.01385	0.80426	0.01872
V360	0.61119	0.11138	0.08442	0.18505	0.00796
V361	0.33957	0.40748	0.09835	0.03924	0.11536
V362	0.68813	0.09341	0.08855	0.04305	0.08686
V363	0.0283	0.05395	0.0172	0.15904	0.74151
V364	0.04172	0.23516	0.03177	0.47815	0.2132
V365	0.01576	0.02893	0.01419	0.89036	0.05076
V366	0.18623	0.15994	0.4791	0.08791	0.08682
V367	0.21036	0.21861	0.19908	0.19536	0.17659
V368	0.64661	0.14407	0.11254	0.05449	0.04229
V369	0.0477	0.56789	0.25197	0.12673	0.00571
V370	0.02367	0.15286	0.12098	0.37304	0.32946
V371	0.07139	0.81608	0.0662	0.04189	0.00445
V372	0.56256	0.13075	0.13034	0.14775	0.0286
V373	0.12826	0.56053	0.14758	0.14855	0.01508
V374	0.09629	0.1246	0.33034	0.43737	0.01139
V375	0.26544	0.14906	0.47582	0.10288	0.0068
V376	0.01454	0.0965	0.34664	0.03953	0.50279
V377	0.09414	0.4354	0.21675	0.23742	0.01628
V378	0.13797	0.46807	0.18586	0.03527	0.17283
V379	0.02459	0.0541	0.10522	0.09511	0.72099
V380	0.02027	0.09123	0.16038	0.49609	0.23203
V381	0.13	0.07153	0.01655	0.04435	0.73757
V382	0.37054	0.04613	0.01238	0.30721	0.26374
V383	0.03826	0.07754	0.24145	0.62794	0.01482
V384	0.26169	0.09869	0.15321	0.42586	0.06054
V385	0.07707	0.1004	0.01744	0.04416	0.76092
V386	0.57951	0.07005	0.01103	0.32861	0.0108
V387	0.25227	0.05523	0.01203	0.64035	0.04012
V388	0.06458	0.74561	0.0532	0.12081	0.0158
V389	0.1419	0.67041	0.03183	0.07829	0.07757
V390	0.16987	0.03784	0.01232	0.66609	0.11387
V391	0.64204	0.16686	0.00651	0.11604	0.06855
V392	0.81156	0.10705	0.01318	0.05959	0.00862
V393	0.09689	0.07201	0.14012	0.52221	0.16877
V394	0.61554	0.07641	0.02977	0.18629	0.092
V395	0.01062	0.09434	0.32517	0.54787	0.02201
V396	0.47421	0.14368	0.33451	0.035	0.01261
V397	0.60151	0.16131	0.03863	0.15335	0.0452
V398	0.06657	0.05502	0.15608	0.62881	0.09352
V399	0.03834	0.05122	0.00928	0.27075	0.6304
V400	0.17348	0.45267	0.16743	0.19968	0.00673
V401	0.28119	0.15011	0.49728	0.06501	0.00641
V402	0.32263	0.13653	0.36575	0.09823	0.07685
V403	0.13484	0.08751	0.00909	0.15493	0.61362
V404	0.01072	0.13853	0.41863	0.37938	0.05275
V405	0.32591	0.23586	0.07602	0.25569	0.10653
V406	0.02717	0.208	0.71543	0.02594	0.02347
V407	0.7542	0.11117	0.03776	0.08913	0.00774
V408	0.03461	0.30299	0.01795	0.29034	0.35412
V409	0.10893	0.04487	0.06563	0.6663	0.11427
V410	0.11499	0.1705	0.2891	0.07009	0.35532
V411	0.0106	0.03899	0.01238	0.0591	0.87893
V412	0.02086	0.14628	0.12537	0.05374	0.65375
V413	0.02805	0.22922	0.15216	0.39174	0.19883
V414	0.04195	0.08774	0.00792	0.46895	0.39344
V415	0.1448	0.03808	0.01634	0.04539	0.75539
V416	0.09719	0.09641	0.03018	0.16392	0.6123
V417	0.01656	0.16464	0.60989	0.14339	0.06552
V418	0.53712	0.33523	0.03036	0.05867	0.03863
V419	0.21778	0.05885	0.02794	0.14301	0.55242
V420	0.20229	0.05633	0.09941	0.07581	0.56616
V421	0.00755	0.05731	0.12098	0.07144	0.74272
V422	0.02163	0.04307	0.05208	0.7071	0.17613
V423	0.26819	0.21202	0.26337	0.22471	0.0317
V424	0.00684	0.11534	0.41438	0.03094	0.4325
V425	0.32674	0.312	0.00993	0.05006	0.30127
V426	0.22656	0.16712	0.02849	0.48481	0.09302
V427	0.22901	0.55081	0.169	0.03766	0.01352
V428	0.1052	0.55528	0.09176	0.1401	0.10766
V429	0.14514	0.68446	0.0144	0.11958	0.03642
V430	0.03296	0.10613	0.35486	0.19126	0.3148
V431	0.11762	0.32733	0.20076	0.29158	0.06272
V432	0.2744	0.10611	0.12027	0.35566	0.14355
V433	0.1779	0.12617	0.42834	0.23632	0.03126
V434	0.22894	0.29131	0.34129	0.04742	0.09104
V435	0.47495	0.14622	0.29635	0.06949	0.01299
V436	0.06547	0.50235	0.11775	0.09016	0.22426
V437	0.17044	0.05729	0.0354	0.18499	0.55188
V438	0.13493	0.2768	0.19765	0.31827	0.07235
V439	0.5381	0.06414	0.05022	0.32289	0.02464
V440	0.02994	0.3652	0.50151	0.04454	0.05881
V441	0.04069	0.49455	0.38457	0.06586	0.01432
V442	0.07529	0.84792	0.0282	0.04384	0.00474
V443	0.80214	0.08435	0.01243	0.0922	0.00889
V444	0.16014	0.3598	0.04115	0.3919	0.04701
V445	0.07122	0.34136	0.05019	0.50686	0.03036
V446	0.10874	0.0703	0.09794	0.56339	0.15963
V447	0.06608	0.03492	0.0214	0.44685	0.43075
V448	0.14491	0.04548	0.02955	0.05848	0.72158
V449	0.00939	0.21252	0.74375	0.02658	0.00776
V450	0.18511	0.13482	0.22782	0.15383	0.29842
V451	0.25859	0.18659	0.06737	0.36863	0.11882
V452	0.02058	0.05721	0.14939	0.71227	0.06055
V453	0.02078	0.03619	0.00814	0.45556	0.47933
V454	0.01519	0.1486	0.55504	0.04908	0.23209
V455	0.06145	0.22704	0.26174	0.07156	0.37821
V456	0.79626	0.08777	0.00651	0.072	0.03746
V457	0.60672	0.20724	0.04017	0.10089	0.04498
V458	0.03056	0.36501	0.46701	0.0872	0.05022
V459	0.13046	0.08303	0.05834	0.48719	0.24098
V460	0.57745	0.12312	0.17162	0.10033	0.02748
V461	0.18109	0.2817	0.23533	0.0495	0.25237
V462	0.05144	0.08414	0.02188	0.50983	0.33271
V463	0.20608	0.07903	0.01962	0.67162	0.02365
V464	0.15787	0.25825	0.52678	0.04366	0.01345
V465	0.0393	0.10073	0.02501	0.06016	0.7748
V466	0.02815	0.03053	0.01089	0.12876	0.80166
V467	0.06225	0.21201	0.03087	0.58536	0.10951
V468	0.52937	0.28262	0.11046	0.04056	0.03698
V469	0.02196	0.27307	0.06595	0.30779	0.33123
V470	0.7148	0.11614	0.03098	0.1231	0.01499
V471	0.37019	0.25672	0.03698	0.18261	0.1535
V472	0.00968	0.06228	0.04814	0.04648	0.83343
V473	0.03487	0.21495	0.2334	0.3329	0.18387
V474	0.27411	0.14213	0.06546	0.46449	0.05381
V475	0.14444	0.1491	0.48165	0.05712	0.16769
V476	0.14969	0.07292	0.09718	0.60573	0.07448
V477	0.06348	0.85902	0.02862	0.04408	0.0048
V478	0.15463	0.04387	0.01623	0.04509	0.74018
V479	0.71483	0.11709	0.03754	0.11574	0.0148
V480	0.15305	0.55889	0.07274	0.17037	0.04496
V481	0.23979	0.31238	0.07174	0.2249	0.1512
V482	0.13026	0.59882	0.21192	0.0357	0.0233
V483	0.33025	0.44105	0.01039	0.15659	0.06173
V484	0.22965	0.43651	0.12942	0.18041	0.02401
V485	0.57483	0.13204	0.10794	0.1564	0.02878
V486	0.06244	0.12969	0.26352	0.03373	0.51061
V487	0.12996	0.18118	0.36064	0.31122	0.017
V488	0.37364	0.09366	0.00617	0.3579	0.16863
V489	0.01601	0.29215	0.56776	0.10044	0.02365
V490	0.01731	0.16123	0.59497	0.20952	0.01697
V491	0.03686	0.38003	0.06001	0.13547	0.38763
V492	0.03811	0.12998	0.03773	0.74977	0.04442
V493	0.02581	0.0228	0.01395	0.9052	0.03224
V494	0.29796	0.04318	0.0254	0.54399	0.08947
V495	0.30423	0.22419	0.2027	0.20233	0.06655
V496	0.11812	0.06708	0.05791	0.0416	0.71528
V497	0.0907	0.08019	0.13653	0.12405	0.56853
V498	0.09185	0.7759	0.04468	0.05081	0.03676
V499	0.04211	0.22254	0.24499	0.08912	0.40125
V500	0.1165	0.41343	0.12289	0.2724	0.07477
V501	0.06969	0.25846	0.02609	0.04892	0.59684
V502	0.15722	0.69885	0.06023	0.07885	0.00484
V503	0.38283	0.09553	0.1866	0.16581	0.16923
V504	0.44052	0.18909	0.01464	0.05004	0.30571
V505	0.53811	0.06692	0.03079	0.12111	0.24307
V506	0.02912	0.4304	0.07831	0.0461	0.41607
V507	0.71277	0.07886	0.03627	0.13544	0.03666
V508	0.03521	0.55671	0.23439	0.0786	0.09509
V509	0.05802	0.39152	0.15129	0.24096	0.15821
V510	0.41889	0.41863	0.05688	0.09141	0.01419
V511	0.067	0.32686	0.46124	0.0688	0.0761
V512	0.15342	0.39618	0.18291	0.08542	0.18207
V513	0.19002	0.5813	0.09166	0.0933	0.04373
V514	0.01493	0.06692	0.19963	0.06717	0.65135
V515	0.08034	0.11791	0.00649	0.77715	0.01811
V516	0.16358	0.3099	0.11674	0.38254	0.02724
V517	0.02452	0.0566	0.05324	0.8371	0.02854
V518	0.36072	0.11221	0.27679	0.21246	0.03782
V519	0.68401	0.11386	0.0118	0.17453	0.0158
V520	0.09086	0.75748	0.03444	0.11186	0.00536
V521	0.19612	0.05766	0.12671	0.59804	0.02147
V522	0.05159	0.25021	0.49014	0.15896	0.04911
V523	0.13743	0.19078	0.58681	0.07115	0.01383
V524	0.2943	0.15682	0.45067	0.03103	0.06718
V525	0.0154	0.16995	0.0409	0.05	0.72374
V526	0.04446	0.19849	0.66996	0.04817	0.03893
V527	0.0897	0.44422	0.38663	0.04773	0.03173
V528	0.15085	0.03352	0.02669	0.77118	0.01777
V529	0.19113	0.18018	0.57267	0.03525	0.02076
V530	0.02628	0.1937	0.67693	0.07157	0.03153
V531	0.18215	0.43586	0.10278	0.05421	0.22499
V532	0.06255	0.25231	0.27881	0.0328	0.37353
V533	0.23809	0.04679	0.00903	0.04495	0.66114
V534	0.127	0.07804	0.00589	0.74565	0.04342
V535	0.72424	0.16285	0.05224	0.04666	0.01401
V536	0.11796	0.21105	0.3437	0.06145	0.26584
V537	0.01918	0.05269	0.0262	0.04809	0.85384
V538	0.55232	0.13426	0.01302	0.07157	0.22883
V539	0.02144	0.23446	0.54541	0.12328	0.07541
V540	0.16734	0.39607	0.10159	0.08841	0.24659
V541	0.03384	0.32395	0.03505	0.06521	0.54195
V542	0.0435	0.28828	0.11884	0.47175	0.07762
V543	0.06523	0.21048	0.55277	0.07244	0.09908
V544	0.30919	0.20219	0.17372	0.09874	0.21615
V545	0.61269	0.31225	0.01571	0.0529	0.00645
V546	0.0814	0.68661	0.10732	0.04714	0.07753
V547	0.10855	0.67932	0.0143	0.16061	0.03721
V548	0.01744	0.06887	0.01425	0.86904	0.03039
V549	0.00938	0.03816	0.03193	0.18401	0.73653
V550	0.05263	0.76222	0.12167	0.04862	0.01486
V551	0.02679	0.02151	0.00623	0.92176	0.02371
V552	0.1929	0.05271	0.02844	0.07208	0.65387
V553	0.66574	0.07993	0.02343	0.17851	0.05239
V554	0.10378	0.14291	0.41572	0.31251	0.02507
V555	0.0601	0.83133	0.0276	0.04268	0.03829
V556	0.0824	0.07383	0.0594	0.7146	0.06977
V557	0.29544	0.21902	0.04417	0.37891	0.06246
V558	0.0173	0.17301	0.61733	0.15999	0.03237
V559	0.1059	0.40255	0.41304	0.03854	0.03997
V560	0.58164	0.24437	0.12745	0.04079	0.00575
V561	0.60304	0.08619	0.12415	0.05231	0.13432
V562	0.11183	0.09546	0.14601	0.1155	0.53121
V563	0.20229	0.24759	0.20063	0.14319	0.2063
V564	0.31043	0.06983	0.0621	0.35014	0.2075
V565	0.00968	0.03996	0.02625	0.08061	0.8435
V566	0.27228	0.14187	0.03523	0.34491	0.20571
V567	0.02685	0.20139	0.73022	0.02606	0.01547
V568	0.0355	0.24649	0.38982	0.31869	0.0095
V569	0.55144	0.14239	0.10276	0.1586	0.04481
V570	0.1254	0.09689	0.25429	0.44401	0.07941
V571	0.23292	0.08394	0.21479	0.33726	0.13109
V572	0.71918	0.07836	0.0063	0.05493	0.14124
V573	0.07683	0.12964	0.30376	0.37334	0.11643
V574	0.48972	0.26429	0.08086	0.13477	0.03035
V575	0.31733	0.08349	0.11371	0.08244	0.40303
V576	0.05538	0.78508	0.02619	0.05136	0.08199
V577	0.41869	0.41753	0.04891	0.10051	0.01436
V578	0.03145	0.21733	0.45348	0.23852	0.05922
V579	0.02776	0.45716	0.3269	0.05661	0.13157
V580	0.22579	0.44798	0.02622	0.26426	0.03576
V581	0.0583	0.44128	0.36707	0.11857	0.01477
V582	0.01026	0.22391	0.72397	0.03437	0.00748
V583	0.52322	0.12872	0.27916	0.06275	0.00615
V584	0.22623	0.42355	0.11913	0.0706	0.16049
V585	0.05664	0.67135	0.08819	0.1053	0.07851
V586	0.0473	0.69769	0.19448	0.05593	0.00461
V587	0.06203	0.57544	0.022	0.0672	0.27334
V588	0.22973	0.38229	0.3417	0.03316	0.01312
V589	0.10295	0.33608	0.05838	0.46383	0.03876
V590	0.05829	0.67689	0.01505	0.04977	0.19999
V591	0.4682	0.41868	0.04867	0.05069	0.01376
V592	0.02361	0.15675	0.60546	0.05579	0.15839
V593	0.37738	0.05162	0.01161	0.49743	0.06197
V594	0.01225	0.21993	0.54471	0.16497	0.05814
V595	0.46437	0.0929	0.06693	0.32742	0.04837
V596	0.41578	0.20985	0.19092	0.15369	0.02977
V597	0.0248	0.15873	0.01781	0.13429	0.66438
V598	0.50393	0.06246	0.01306	0.04449	0.37605
V599	0.07949	0.33824	0.10246	0.43205	0.04776
V600	0.24748	0.08233	0.16985	0.37706	0.12329
V601	0.1333	0.10011	0.01394	0.48076	0.27189
V602	0.74401	0.18361	0.0076	0.05705	0.00773
V603	0.12038	0.13316	0.03759	0.15543	0.55344
V604	0.02479	0.15897	0.57085	0.11925	0.12615
V605	0.02659	0.09348	0.1227	0.09408	0.66315
V606	0.71658	0.07334	0.0063	0.05505	0.14873
V607	0.14305	0.11211	0.03012	0.04948	0.66524
V608	0.64328	0.08679	0.03637	0.11976	0.11381
V609	0.1835	0.25657	0.02305	0.44133	0.09555
V610	0.0986	0.55427	0.02056	0.30825	0.01833
V611	0.23887	0.1613	0.48944	0.05041	0.05998
V612	0.32342	0.12794	0.27004	0.0484	0.23021
V613	0.42191	0.44694	0.05002	0.07547	0.00566
V614	0.46738	0.07863	0.0255	0.10773	0.32076
V615	0.01377	0.11109	0.12817	0.57278	0.17419
V616	0.56296	0.09029	0.13499	0.16818	0.04358
V617	0.20043	0.15794	0.39287	0.11464	0.13411
V618	0.62847	0.13763	0.0647	0.05533	0.11387
V619	0.46597	0.10998	0.14039	0.04511	0.23855
V620	0.04694	0.10509	0.31111	0.51615	0.02071
V621	0.13008	0.22565	0.27411	0.03318	0.33698
V622	0.02229	0.22086	0.31986	0.03932	0.39768
V623	0.07035	0.03181	0.01329	0.68148	0.20307
V624	0.76536	0.07972	0.0121	0.06944	0.07339
V625	0.01514	0.08478	0.09481	0.77838	0.02689
V626	0.07286	0.1392	0.46344	0.29145	0.03304
V627	0.09823	0.15582	0.1162	0.06106	0.56869
V628	0.8044	0.09525	0.01272	0.07891	0.00871
V629	0.12326	0.29063	0.5208	0.05161	0.0137
V630	0.0148	0.1543	0.03318	0.05861	0.7391
V631	0.00695	0.08044	0.23986	0.04352	0.62923
V632	0.05697	0.66494	0.0233	0.07735	0.17743
V633	0.05598	0.04743	0.08999	0.50896	0.29765
V634	0.40637	0.3884	0.15313	0.04688	0.00523
V635	0.03653	0.13019	0.17328	0.05182	0.60819
V636	0.18454	0.19723	0.28726	0.20829	0.12268
V637	0.19025	0.11535	0.35155	0.25143	0.09142
V638	0.07917	0.37394	0.03472	0.11742	0.39475
V639	0.51447	0.34669	0.08359	0.0419	0.01335
V640	0.10394	0.17207	0.0856	0.247	0.39139
V641	0.11362	0.61405	0.03919	0.19652	0.03661
V642	0.6392	0.09172	0.01128	0.24804	0.00976
V643	0.06584	0.76742	0.09261	0.06952	0.00461
V644	0.05077	0.35401	0.03377	0.51125	0.0502
V645	0.1874	0.63841	0.03085	0.13744	0.00589
V646	0.14389	0.44	0.04295	0.28684	0.08632
V647	0.79022	0.08311	0.0123	0.10545	0.00891
V648	0.39862	0.12229	0.01293	0.29798	0.16818
V649	0.23653	0.11574	0.08009	0.13404	0.4336
V650	0.03311	0.03294	0.06076	0.85286	0.02033
V651	0.14562	0.17882	0.007	0.65342	0.01513
V652	0.32963	0.05408	0.03941	0.5478	0.02908
V653	0.31164	0.06203	0.05464	0.51803	0.05366
V654	0.03005	0.08478	0.01097	0.09348	0.78072
V655	0.14702	0.1217	0.27052	0.44177	0.01898
V656	0.10162	0.04416	0.0096	0.12276	0.72186
V657	0.04132	0.40192	0.04343	0.38157	0.13176
V658	0.03052	0.05299	0.03625	0.59803	0.28221
V659	0.02251	0.05443	0.07689	0.76457	0.08159
V660	0.06032	0.26999	0.03381	0.07321	0.56268
V661	0.05033	0.55122	0.02951	0.23528	0.13366
V662	0.03525	0.34913	0.0355	0.03993	0.54018
V663	0.83239	0.09013	0.01338	0.05494	0.00916
V664	0.026	0.04578	0.11378	0.38175	0.43269
V665	0.0352	0.54976	0.23447	0.12624	0.05434
V666	0.11618	0.76515	0.06336	0.05088	0.00444
V667	0.0405	0.47831	0.27712	0.14096	0.06312
V668	0.584	0.23027	0.05512	0.10127	0.02933
V669	0.44373	0.27022	0.03657	0.12941	0.12007
V670	0.1023	0.52454	0.06336	0.07383	0.23597
V671	0.64325	0.106	0.16464	0.07295	0.01316
V672	0.08679	0.09436	0.09077	0.30556	0.42252
V673	0.01064	0.04781	0.01122	0.12963	0.80071
V674	0.32576	0.19235	0.40636	0.032	0.04354
V675	0.58877	0.0722	0.04319	0.17911	0.11672
V676	0.22838	0.18678	0.41384	0.03108	0.13992
V677	0.04882	0.25276	0.21774	0.40604	0.07465
V678	0.04889	0.25064	0.02611	0.06531	0.60905
V679	0.01871	0.11563	0.39485	0.45069	0.02013
V680	0.15206	0.04144	0.02755	0.34343	0.43551
V681	0.4632	0.08146	0.04523	0.31133	0.09878
V682	0.00939	0.21252	0.74375	0.02658	0.00776
V683	0.0688	0.25412	0.53135	0.02807	0.11767
V684	0.06555	0.03128	0.01319	0.86891	0.02107
V685	0.01759	0.18776	0.65953	0.11918	0.01595
V686	0.30578	0.51852	0.08689	0.06577	0.02304
V687	0.00932	0.13083	0.48967	0.34329	0.02689
V688	0.00874	0.2053	0.728	0.03389	0.02407
V689	0.42924	0.12057	0.17717	0.13378	0.13923
V690	0.12733	0.75191	0.03437	0.07121	0.01519
V691	0.13844	0.13071	0.05187	0.62978	0.04919
V692	0.07281	0.04563	0.02041	0.75186	0.1093
V693	0.02825	0.46844	0.42403	0.06479	0.01449
V694	0.09007	0.17096	0.04546	0.60564	0.08787
V695	0.11477	0.13397	0.13878	0.05255	0.55993
V696	0.11348	0.15604	0.5855	0.03416	0.11082
V697	0.09939	0.15579	0.28843	0.33975	0.11664
V698	0.01574	0.07094	0.15955	0.04667	0.7071
V699	0.03949	0.04424	0.05148	0.64091	0.22388
V700	0.07199	0.71168	0.0993	0.0384	0.07862
V701	0.01495	0.15291	0.02598	0.05129	0.75487
V702	0.02658	0.10892	0.01449	0.68059	0.16943
V703	0.0251	0.03884	0.02948	0.87617	0.03042
V704	0.04257	0.13175	0.34154	0.04623	0.4379
V705	0.79763	0.09313	0.00659	0.0653	0.03735
V706	0.14691	0.16078	0.15421	0.44593	0.09217
V707	0.13084	0.12791	0.07532	0.28075	0.38518
V708	0.03337	0.535	0.38596	0.04056	0.00512
V709	0.00943	0.04916	0.04095	0.04763	0.85282
V710	0.11481	0.12842	0.40146	0.0305	0.3248
V711	0.05435	0.03664	0.03197	0.06187	0.81518
V712	0.06258	0.15971	0.56076	0.19305	0.02391
V713	0.25319	0.3891	0.3025	0.05002	0.0052
V714	0.04722	0.03926	0.0115	0.04935	0.85267
V715	0.01816	0.31715	0.5214	0.12779	0.0155
V716	0.66516	0.19156	0.01949	0.09452	0.02927
V717	0.35604	0.17837	0.11885	0.06032	0.28643
V718	0.57012	0.11328	0.22439	0.04357	0.04864
V719	0.37284	0.22796	0.10676	0.15199	0.14045
V720	0.10929	0.07803	0.08746	0.0692	0.65601
V721	0.02629	0.04556	0.05443	0.06091	0.81281
V722	0.02925	0.20216	0.06404	0.51417	0.19038
V723	0.11161	0.203	0.11283	0.53403	0.03854
V724	0.14299	0.55367	0.05506	0.23177	0.01651
V725	0.02839	0.04006	0.01894	0.04921	0.8634
V726	0.22728	0.41293	0.0667	0.09887	0.19422
V727	0.01768	0.20334	0.72165	0.03363	0.0237
V728	0.66101	0.10577	0.10976	0.10966	0.01379
V729	0.54789	0.13753	0.0319	0.26627	0.01642
V730	0.11378	0.11219	0.33298	0.37235	0.0687
V731	0.01462	0.0451	0.06164	0.85795	0.0207
V732	0.02608	0.02292	0.01402	0.91385	0.02314
V733	0.03661	0.21093	0.70325	0.02603	0.02319
V734	0.43735	0.16866	0.29662	0.07699	0.02038
V735	0.06795	0.17197	0.20316	0.0577	0.49922
V736	0.01087	0.06349	0.01918	0.04853	0.85794
V737	0.82872	0.09442	0.01334	0.0545	0.00903
V738	0.02661	0.36362	0.02801	0.04875	0.53301
V739	0.02703	0.03457	0.00625	0.90922	0.02293
V740	0.19198	0.11111	0.10291	0.05362	0.54038
V741	0.44651	0.06761	0.01185	0.32987	0.14415
V742	0.07063	0.13401	0.45186	0.17865	0.16485
V743	0.02692	0.07742	0.07559	0.12933	0.69073
V744	0.18156	0.10747	0.15719	0.49972	0.05406
V745	0.16178	0.05737	0.04945	0.70727	0.02414
V746	0.38284	0.4666	0.05066	0.04979	0.0501
V747	0.03621	0.20692	0.69206	0.03353	0.03128
V748	0.15295	0.21786	0.26035	0.08805	0.28078
V749	0.1756	0.12625	0.11626	0.43251	0.14937
V750	0.68467	0.19803	0.0134	0.09648	0.00742
V751	0.0418	0.38366	0.5068	0.0534	0.01433
V752	0.02178	0.12083	0.03283	0.05142	0.77315
V753	0.46904	0.13056	0.21048	0.06405	0.12587
V754	0.12133	0.26614	0.0156	0.57465	0.02228
V755	0.27439	0.61368	0.05634	0.04157	0.01402
V756	0.0212	0.10737	0.03235	0.09168	0.74739
V757	0.1681	0.04922	0.0958	0.66386	0.02302
V758	0.07428	0.35529	0.00948	0.53877	0.02217
V759	0.08017	0.0727	0.09548	0.04039	0.71125
V760	0.07283	0.08809	0.19156	0.25348	0.39404
V761	0.06554	0.31509	0.56977	0.03554	0.01406
V762	0.01888	0.08458	0.15869	0.38695	0.3509
V763	0.02776	0.21534	0.01897	0.0429	0.69503
V764	0.11337	0.08719	0.08314	0.68403	0.03226
V765	0.15527	0.16054	0.51709	0.07174	0.09536
V766	0.07843	0.42277	0.25239	0.08416	0.16224
V767	0.27955	0.39774	0.07385	0.08948	0.15938
V768	0.07571	0.73787	0.0717	0.09944	0.01528
V769	0.63843	0.10916	0.15779	0.04602	0.04861
V770	0.27038	0.13101	0.40683	0.17698	0.01481
V771	0.07803	0.62128	0.02209	0.14582	0.13277
V772	0.05501	0.20414	0.70003	0.0338	0.00702
V773	0.02815	0.0349	0.01025	0.18497	0.74173
V774	0.1419	0.12673	0.43711	0.03014	0.26413
V775	0.7672	0.08261	0.02428	0.10347	0.02244
V776	0.35435	0.37316	0.1641	0.0692	0.03918
V777	0.21275	0.34319	0.2405	0.14473	0.05883
V778	0.47273	0.09468	0.01861	0.23669	0.17729
V779	0.07437	0.40327	0.45349	0.04621	0.02266
V780	0.02702	0.20126	0.73029	0.03398	0.00745
V781	0.17122	0.27478	0.17148	0.03604	0.34647
V782	0.21668	0.20696	0.03082	0.04861	0.49693
V783	0.00698	0.13801	0.51758	0.04979	0.28764
V784	0.03857	0.51771	0.01205	0.3191	0.11257
V785	0.63953	0.15476	0.00628	0.1386	0.06083
V786	0.16468	0.17647	0.02151	0.59733	0.04001
V787	0.15033	0.49973	0.01139	0.25129	0.08727
V788	0.37523	0.35412	0.07871	0.04006	0.15188
V789	0.01631	0.13605	0.01596	0.40999	0.42168
V790	0.26344	0.20687	0.06766	0.14599	0.31604
V791	0.17073	0.19713	0.07718	0.21936	0.3356
V792	0.80286	0.09817	0.02521	0.0514	0.02237
V793	0.31113	0.23655	0.06008	0.12948	0.26276
V794	0.01726	0.0627	0.09868	0.1866	0.63477
V795	0.16126	0.72832	0.03369	0.0514	0.02533
V796	0.29541	0.35153	0.11539	0.1959	0.04177
V797	0.12753	0.03578	0.00998	0.06105	0.76566
V798	0.139	0.41786	0.01897	0.12867	0.29551
V799	0.03773	0.14718	0.05408	0.68993	0.07108
V800	0.02739	0.04368	0.02445	0.14155	0.76293
V801	0.33859	0.07102	0.11542	0.43234	0.04263
V802	0.03376	0.16736	0.02563	0.05044	0.7228
V803	0.28301	0.06333	0.01199	0.60259	0.03907
V804	0.18911	0.17807	0.18878	0.38254	0.0615
V805	0.1383	0.19311	0.38112	0.18508	0.10239
V806	0.40993	0.09478	0.17431	0.09425	0.22673
V807	0.6167	0.07904	0.06217	0.08928	0.15281
V808	0.70902	0.08703	0.04933	0.05168	0.10294
V809	0.21561	0.5087	0.03599	0.07451	0.16519
V810	0.03022	0.07489	0.04472	0.45789	0.39228
V811	0.04824	0.10105	0.03122	0.13103	0.68846
V812	0.03697	0.57392	0.21652	0.12784	0.04473
V813	0.03246	0.21354	0.20565	0.03495	0.5134
V814	0.21237	0.46192	0.07731	0.21393	0.03447
V815	0.26038	0.5746	0.04616	0.10422	0.01464
V816	0.03389	0.41928	0.01864	0.4774	0.0508
V817	0.67651	0.11796	0.13051	0.0684	0.00662
V818	0.04057	0.22313	0.32214	0.06202	0.35214
V819	0.79836	0.09605	0.01883	0.07825	0.00852
V820	0.07653	0.31002	0.12851	0.43757	0.04736
V821	0.01067	0.03935	0.01252	0.05139	0.88607
V822	0.18272	0.04615	0.01935	0.73478	0.017
V823	0.04438	0.1235	0.20436	0.03585	0.59191
V824	0.06474	0.0603	0.03176	0.04561	0.79758
V825	0.13705	0.1467	0.51736	0.19077	0.00812
V826	0.04502	0.19719	0.70185	0.04871	0.00723
V827	0.32534	0.14543	0.00668	0.40558	0.11696
V828	0.22011	0.15402	0.10539	0.0928	0.42767
V829	0.08475	0.13793	0.27596	0.18873	0.31263
V830	0.13416	0.1592	0.54614	0.04888	0.11161
V831	0.04393	0.63259	0.06776	0.21816	0.03756
V832	0.19037	0.04772	0.07059	0.25041	0.44091
V833	0.22436	0.65581	0.0228	0.04212	0.05491
V834	0.6586	0.16416	0.03871	0.07129	0.06725
V835	0.24416	0.2527	0.09481	0.30787	0.10047
V836	0.32849	0.16351	0.3643	0.12977	0.01393
V837	0.05008	0.7241	0.03372	0.08911	0.10298
V838	0.01362	0.0357	0.07735	0.84407	0.02926
V839	0.03528	0.06764	0.07538	0.04289	0.77882
V840	0.78604	0.09152	0.03091	0.0764	0.01512
V841	0.19935	0.17578	0.57634	0.03525	0.01328
V842	0.45575	0.11784	0.18258	0.22126	0.02257
V843	0.39671	0.08084	0.13544	0.10378	0.28324
V844	0.02285	0.27062	0.62511	0.04995	0.03148
V845	0.03103	0.02934	0.00718	0.60591	0.32654
V846	0.10008	0.07904	0.09604	0.09307	0.63177
V847	0.18768	0.05127	0.056	0.14942	0.55563
V848	0.63711	0.09198	0.01173	0.12848	0.13069
V849	0.12659	0.18197	0.56227	0.03459	0.09457
V850	0.18996	0.10894	0.25864	0.16817	0.27429
V851	0.82737	0.08769	0.00703	0.06145	0.01646
V852	0.21535	0.09425	0.07969	0.19266	0.41805
V853	0.03873	0.21125	0.50971	0.15624	0.08406
V854	0.04887	0.31086	0.24572	0.10853	0.28602
V855	0.11019	0.32306	0.10095	0.35969	0.1061
V856	0.15789	0.32155	0.06462	0.0389	0.41705
V857	0.07635	0.08773	0.15906	0.41811	0.25875
V858	0.03067	0.30309	0.19339	0.24308	0.22977
V859	0.13211	0.0443	0.02693	0.74479	0.05187
V860	0.046	0.13703	0.07005	0.66748	0.07944
V861	0.13906	0.07134	0.12166	0.64534	0.02261
V862	0.0633	0.04067	0.0306	0.12292	0.74251
V863	0.0582	0.81514	0.03668	0.052	0.03798
V864	0.04393	0.18314	0.67864	0.0867	0.00759
V865	0.08107	0.14218	0.51548	0.25213	0.00913
V866	0.03635	0.16687	0.5245	0.2393	0.03298
V867	0.50171	0.07894	0.01319	0.0443	0.36187
V868	0.21554	0.25046	0.35913	0.14429	0.03057
V869	0.01825	0.03617	0.03347	0.05599	0.85613
V870	0.25182	0.16745	0.08264	0.2723	0.22579
V871	0.03551	0.08247	0.0985	0.11925	0.66427
V872	0.35377	0.07552	0.01875	0.48988	0.06209
V873	0.06279	0.28135	0.15547	0.41452	0.08587
V874	0.08462	0.06965	0.01721	0.05255	0.77597
V875	0.01778	0.15526	0.03085	0.514	0.28211
V876	0.41933	0.10273	0.06065	0.0551	0.36219
V877	0.25466	0.52787	0.05322	0.14003	0.02423
V878	0.04172	0.58326	0.05734	0.28953	0.02815
V879	0.77955	0.10929	0.01884	0.07711	0.01521
V880	0.0801	0.08905	0.03633	0.43148	0.36304
V881	0.01474	0.12201	0.44535	0.02998	0.38792
V882	0.05383	0.38522	0.02613	0.52235	0.01246
V883	0.47217	0.17304	0.01989	0.21719	0.1177
V884	0.01055	0.0333	0.01251	0.05975	0.88389
V885	0.15215	0.14199	0.33878	0.13278	0.2343
V886	0.00907	0.03274	0.0388	0.23335	0.68603
V887	0.11668	0.76825	0.02563	0.042	0.04744
V888	0.06464	0.10708	0.06052	0.68879	0.07897
V889	0.14539	0.70088	0.06028	0.0686	0.02484
V890	0.0386	0.06047	0.13236	0.6351	0.13347
V891	0.01017	0.22233	0.71784	0.04213	0.00752
V892	0.55366	0.22278	0.02755	0.04951	0.1465
V893	0.13964	0.23666	0.44197	0.10817	0.07356
V894	0.10968	0.43447	0.06067	0.32843	0.06675
V895	0.57698	0.11601	0.23053	0.06361	0.01287
V896	0.20213	0.22231	0.22481	0.33353	0.01723
V897	0.01276	0.02869	0.04479	0.76491	0.14885
V898	0.34612	0.0549	0.02045	0.0646	0.51393
V899	0.5432	0.28314	0.08728	0.04115	0.04523
V900	0.24238	0.23898	0.25842	0.22811	0.03211
