mature.neutrophil	CD14.pos.CD16.neg.classical.monocyte	macrophage	memory.CD4.pos.AB.T.cell	cytotoxic.CD56.dim.NK.cell
V1	0.25188	0.23859	0.2138	0.17871	0.11702
V2	0.04767	0.69814	0.06923	0.12692	0.05804
V3	0.05556	0.18337	0.33779	0.38597	0.03732
V4	0.01658	0.16341	0.2077	0.09432	0.51799
V5	0.02168	0.11828	0.07081	0.1381	0.65113
V6	0.2562	0.16929	0.22685	0.24829	0.09936
V7	0.01265	0.20993	0.33905	0.10916	0.32921
V8	0.01497	0.26544	0.58305	0.11048	0.02606
V9	0.05108	0.13348	0.21655	0.56207	0.03683
V10	0.33925	0.21235	0.34195	0.06714	0.03931
V11	0.03669	0.1415	0.10572	0.10649	0.6096
V12	0.07076	0.14772	0.19311	0.30248	0.28592
V13	0.11377	0.12965	0.05079	0.41754	0.28824
V14	0.13446	0.09326	0.07694	0.59976	0.09559
V15	0.02805	0.07986	0.01692	0.82037	0.0548
V16	0.44079	0.14717	0.0284	0.3497	0.03395
V17	0.06097	0.29026	0.03487	0.10893	0.50497
V18	0.07081	0.43075	0.2221	0.24245	0.03388
V19	0.03354	0.11327	0.02042	0.15553	0.67724
V20	0.00804	0.2274	0.5068	0.22407	0.03369
V21	0.02154	0.31472	0.12976	0.19473	0.33925
V22	0.61313	0.18084	0.07051	0.09116	0.04435
V23	0.07333	0.11947	0.03939	0.16966	0.59814
V24	0.37033	0.19674	0.03654	0.11306	0.28333
V25	0.02805	0.10982	0.03152	0.42363	0.40698
V26	0.37723	0.26143	0.06948	0.11101	0.18086
V27	0.10194	0.49421	0.17206	0.07424	0.15754
V28	0.03009	0.1699	0.17597	0.56896	0.05507
V29	0.01127	0.14217	0.26619	0.53801	0.04236
V30	0.56349	0.18818	0.04074	0.10839	0.0992
V31	0.33993	0.20235	0.02997	0.27073	0.15702
V32	0.69336	0.11416	0.02443	0.1045	0.06354
V33	0.02557	0.25186	0.03481	0.15689	0.53087
V34	0.1055	0.745	0.0296	0.0912	0.0287
V35	0.07804	0.57572	0.22637	0.09434	0.02552
V36	0.0279	0.26433	0.15884	0.1302	0.41873
V37	0.58083	0.10933	0.01724	0.10012	0.19248
V38	0.09591	0.20583	0.36457	0.21136	0.12233
V39	0.24966	0.19653	0.26606	0.07477	0.21298
V40	0.18958	0.55056	0.03728	0.17078	0.0518
V41	0.04433	0.75243	0.03606	0.08267	0.08451
V42	0.64844	0.1416	0.03474	0.10296	0.07226
V43	0.35429	0.25377	0.26893	0.09273	0.03028
V44	0.03072	0.38811	0.4218	0.06163	0.09773
V45	0.03334	0.60752	0.10321	0.19717	0.05877
V46	0.09807	0.67682	0.08236	0.10421	0.03854
V47	0.00857	0.27911	0.62336	0.05717	0.03179
V48	0.1336	0.22618	0.19187	0.32962	0.11873
V49	0.34923	0.24128	0.18943	0.1873	0.03276
V50	0.0232	0.28539	0.60883	0.05658	0.026
V51	0.08708	0.33025	0.17927	0.11302	0.29037
V52	0.04885	0.79846	0.03117	0.09231	0.02922
V53	0.03015	0.19353	0.02503	0.70804	0.04325
V54	0.18269	0.08309	0.02855	0.53626	0.16941
V55	0.06978	0.06679	0.01622	0.79999	0.04721
V56	0.0682	0.06422	0.02245	0.72263	0.1225
V57	0.11915	0.28625	0.41225	0.08024	0.10211
V58	0.06608	0.1209	0.13282	0.22625	0.45395
V59	0.63238	0.14414	0.08701	0.10212	0.03435
V60	0.33206	0.26719	0.11814	0.17792	0.10468
V61	0.16874	0.10823	0.04369	0.25374	0.42561
V62	0.05296	0.17835	0.25356	0.16254	0.35259
V63	0.31892	0.30143	0.07135	0.10485	0.20346
V64	0.69306	0.12945	0.03617	0.10329	0.03803
V65	0.07742	0.1418	0.05086	0.5913	0.13862
V66	0.03031	0.10001	0.12282	0.69929	0.04757
V67	0.01367	0.18013	0.28187	0.12971	0.39461
V68	0.33922	0.18546	0.29929	0.0982	0.07784
V69	0.44042	0.22652	0.17026	0.09433	0.06847
V70	0.05319	0.62945	0.06057	0.21562	0.04118
V71	0.08226	0.68855	0.06179	0.13403	0.03337
V72	0.03805	0.40902	0.04394	0.09533	0.41366
V73	0.05599	0.10171	0.10136	0.54814	0.19281
V74	0.01933	0.11213	0.02388	0.74737	0.09729
V75	0.35047	0.28725	0.24465	0.08241	0.03522
V76	0.01819	0.07035	0.03074	0.79466	0.08605
V77	0.02205	0.26714	0.59918	0.08579	0.02584
V78	0.00862	0.28094	0.61617	0.06278	0.03148
V79	0.06991	0.40409	0.05649	0.18841	0.28111
V80	0.10814	0.65086	0.02649	0.12424	0.09027
V81	0.01566	0.27886	0.62202	0.05704	0.02642
V82	0.19391	0.20064	0.0435	0.51905	0.0429
V83	0.08751	0.14108	0.03706	0.53255	0.2018
V84	0.08589	0.22736	0.027	0.11269	0.54706
V85	0.0087	0.27869	0.62268	0.06327	0.02666
V86	0.02471	0.31468	0.25166	0.37153	0.03742
V87	0.36002	0.10415	0.05308	0.43647	0.04628
V88	0.25241	0.22406	0.06464	0.23573	0.22316
V89	0.03871	0.30305	0.54718	0.08597	0.02509
V90	0.02353	0.24614	0.07031	0.15145	0.50857
V91	0.01618	0.08481	0.08041	0.77356	0.04503
V92	0.20407	0.13718	0.04438	0.11593	0.49843
V93	0.01551	0.17475	0.14848	0.49204	0.16922
V94	0.03964	0.22403	0.0403	0.27459	0.42143
V95	0.0595	0.27533	0.04122	0.15724	0.4667
V96	0.59952	0.12154	0.03955	0.11209	0.12729
V97	0.14165	0.13116	0.05881	0.16503	0.50334
V98	0.04762	0.40065	0.16768	0.16859	0.21546
V99	0.40565	0.19105	0.0233	0.26536	0.11464
V100	0.4182	0.22946	0.06163	0.12443	0.16628
V101	0.05619	0.78627	0.03773	0.09102	0.02878
V102	0.24652	0.2975	0.12919	0.15985	0.16693
V103	0.11856	0.09988	0.02583	0.11693	0.63881
V104	0.04393	0.42283	0.09365	0.09403	0.34556
V105	0.02238	0.12106	0.05621	0.14715	0.65321
V106	0.04461	0.67906	0.14705	0.07958	0.0497
V107	0.04291	0.3538	0.47842	0.09475	0.03012
V108	0.02003	0.34954	0.54724	0.05773	0.02545
V109	0.05574	0.262	0.06856	0.30309	0.31061
V110	0.14358	0.4841	0.16903	0.16533	0.03797
V111	0.21416	0.33667	0.35441	0.07011	0.02465
V112	0.15204	0.10282	0.10614	0.45816	0.18084
V113	0.2	0.12304	0.10646	0.19678	0.37372
V114	0.44215	0.16327	0.05969	0.22354	0.11134
V115	0.65594	0.10937	0.02326	0.10664	0.10479
V116	0.02605	0.11072	0.0215	0.13155	0.71018
V117	0.04317	0.2518	0.54862	0.11572	0.04069
V118	0.04438	0.066	0.01645	0.81252	0.06064
V119	0.24258	0.18349	0.29707	0.24834	0.02852
V120	0.01452	0.24646	0.55586	0.13621	0.04694
V121	0.16811	0.63925	0.02658	0.09006	0.076
V122	0.03307	0.39511	0.0931	0.26996	0.20875
V123	0.38458	0.14293	0.08018	0.23328	0.15903
V124	0.17869	0.18822	0.07253	0.25757	0.30299
V125	0.03705	0.48374	0.38071	0.06823	0.03027
V126	0.12732	0.27188	0.19337	0.15959	0.24784
V127	0.20148	0.2207	0.44786	0.10032	0.02964
V128	0.17644	0.66657	0.03423	0.08328	0.03948
V129	0.20742	0.17748	0.22494	0.20355	0.18661
V130	0.02951	0.47692	0.0579	0.27044	0.16522
V131	0.02028	0.12418	0.19453	0.62211	0.03891
V132	0.29289	0.10218	0.01623	0.36425	0.22446
V133	0.01053	0.23628	0.42021	0.12411	0.20887
V134	0.05822	0.25462	0.53494	0.07481	0.07741
V135	0.02429	0.29236	0.51071	0.07673	0.0959
V136	0.70895	0.11784	0.02552	0.10793	0.03976
V137	0.66677	0.13317	0.02388	0.12356	0.05262
V138	0.20512	0.21833	0.08654	0.18597	0.30405
V139	0.10436	0.10432	0.14187	0.60547	0.04398
V140	0.03418	0.13282	0.1488	0.10198	0.58222
V141	0.02065	0.34831	0.46605	0.13395	0.03104
V142	0.16771	0.16418	0.26868	0.16689	0.23253
V143	0.02089	0.31337	0.37429	0.16967	0.12179
V144	0.39312	0.26581	0.0754	0.18003	0.08564
V145	0.00834	0.27734	0.60951	0.06841	0.03639
V146	0.03462	0.34839	0.02813	0.34534	0.24351
V147	0.07566	0.26162	0.47881	0.13766	0.04624
V148	0.13527	0.68173	0.03421	0.10905	0.03973
V149	0.0196	0.06664	0.0171	0.81544	0.08122
V150	0.11198	0.32957	0.42528	0.06096	0.07221
V151	0.34901	0.09777	0.02782	0.4115	0.11389
V152	0.0223	0.08974	0.10857	0.68666	0.09272
V153	0.13291	0.30326	0.35087	0.10187	0.11108
V154	0.10278	0.54904	0.0447	0.10461	0.19886
V155	0.03835	0.10024	0.12237	0.69188	0.04715
V156	0.08242	0.19533	0.31766	0.17849	0.22609
V157	0.08206	0.1593	0.15515	0.2926	0.31088
V158	0.15312	0.18861	0.34336	0.10069	0.21421
V159	0.0999	0.24004	0.03165	0.56553	0.06288
V160	0.35861	0.23483	0.09613	0.11581	0.19462
V161	0.18413	0.13169	0.07208	0.1007	0.51141
V162	0.00908	0.28495	0.6217	0.05755	0.02672
V163	0.05779	0.10799	0.03366	0.141	0.65956
V164	0.67906	0.14928	0.03074	0.10795	0.03298
V165	0.46246	0.26634	0.0866	0.12492	0.05968
V166	0.0513	0.12534	0.20417	0.52766	0.09153
V167	0.03489	0.58436	0.03896	0.19313	0.14866
V168	0.00908	0.28495	0.6217	0.05755	0.02672
V169	0.04912	0.61872	0.1531	0.14089	0.03816
V170	0.20148	0.3828	0.06788	0.23706	0.11079
V171	0.23223	0.22082	0.28261	0.20419	0.06015
V172	0.15367	0.28051	0.08186	0.10426	0.3797
V173	0.17507	0.17944	0.09312	0.40069	0.15169
V174	0.16678	0.16592	0.28292	0.21958	0.16481
V175	0.0698	0.2271	0.11985	0.21994	0.36331
V176	0.29959	0.0892	0.02187	0.55016	0.03917
V177	0.14767	0.22086	0.40736	0.19226	0.03185
V178	0.2087	0.2138	0.34347	0.153	0.08103
V179	0.09328	0.11392	0.02625	0.11764	0.6489
V180	0.02919	0.1845	0.28673	0.08324	0.41635
V181	0.06199	0.30834	0.02153	0.13753	0.47061
V182	0.43947	0.25914	0.02457	0.21865	0.05818
V183	0.06503	0.78483	0.03056	0.08461	0.03498
V184	0.2433	0.1555	0.23837	0.31608	0.04675
V185	0.09032	0.46001	0.04321	0.20118	0.20528
V186	0.11801	0.23223	0.04587	0.28736	0.31654
V187	0.07124	0.60084	0.0256	0.26519	0.03712
V188	0.62055	0.1336	0.04555	0.16426	0.03604
V189	0.35791	0.26648	0.04988	0.28879	0.03694
V190	0.31966	0.19323	0.18603	0.09122	0.20986
V191	0.18161	0.24639	0.02502	0.42849	0.11849
V192	0.25521	0.25445	0.12118	0.24647	0.12269
V193	0.05901	0.32846	0.39483	0.09416	0.12353
V194	0.22004	0.15542	0.09236	0.1677	0.36447
V195	0.42288	0.26478	0.19486	0.08651	0.03096
V196	0.02163	0.11156	0.07086	0.139	0.65695
V197	0.06293	0.76132	0.02961	0.11135	0.03479
V198	0.19169	0.26646	0.05244	0.24714	0.24227
V199	0.55811	0.1569	0.17643	0.08124	0.02732
V200	0.58254	0.10987	0.04513	0.11132	0.15114
V201	0.04198	0.07029	0.03651	0.67477	0.17645
V202	0.67962	0.15226	0.01975	0.10979	0.03858
V203	0.41915	0.28495	0.04338	0.13097	0.12155
V204	0.28224	0.1677	0.05041	0.09747	0.40218
V205	0.10271	0.14855	0.11713	0.14417	0.48745
V206	0.04554	0.13948	0.01716	0.72832	0.06949
V207	0.02805	0.07986	0.01692	0.82037	0.0548
V208	0.12437	0.32676	0.36222	0.10039	0.08625
V209	0.13795	0.13861	0.10106	0.11792	0.50446
V210	0.00845	0.27659	0.62053	0.06284	0.03159
V211	0.13288	0.16208	0.18215	0.1072	0.41569
V212	0.05422	0.67572	0.08989	0.11056	0.0696
V213	0.0948	0.10014	0.0729	0.29447	0.43769
V214	0.02542	0.5393	0.31605	0.07736	0.04187
V215	0.20276	0.28565	0.13037	0.14231	0.23891
V216	0.05296	0.19332	0.27343	0.10649	0.37381
V217	0.01761	0.06623	0.03755	0.77362	0.10499
V218	0.06407	0.27286	0.23936	0.33156	0.09214
V219	0.10404	0.34143	0.30384	0.2179	0.03279
V220	0.16442	0.64423	0.07381	0.08514	0.0324
V221	0.04142	0.23667	0.38422	0.07652	0.26118
V222	0.03336	0.10992	0.0279	0.13372	0.6951
V223	0.38357	0.16651	0.24428	0.16855	0.03709
V224	0.04039	0.51601	0.04489	0.15066	0.24804
V225	0.52857	0.24087	0.11471	0.08341	0.03245
V226	0.37523	0.47715	0.0244	0.08851	0.03471
V227	0.08364	0.26896	0.02574	0.55864	0.06302
V228	0.42568	0.1736	0.21528	0.13331	0.05213
V229	0.21085	0.41432	0.22051	0.10718	0.04714
V230	0.03347	0.10325	0.02805	0.13524	0.7
V231	0.05752	0.55225	0.07304	0.22443	0.09276
V232	0.58141	0.14965	0.15217	0.08889	0.02788
V233	0.05839	0.14734	0.14083	0.15916	0.49428
V234	0.0217	0.39043	0.18824	0.35043	0.04921
V235	0.70129	0.11974	0.01974	0.12437	0.03487
V236	0.06701	0.2188	0.45555	0.19952	0.05912
V237	0.10442	0.19903	0.22322	0.31373	0.1596
V238	0.02125	0.09452	0.02579	0.33097	0.52748
V239	0.06082	0.40491	0.06366	0.22532	0.24529
V240	0.0606	0.73675	0.03552	0.09574	0.0714
V241	0.04876	0.7998	0.03108	0.0851	0.03526
V242	0.03437	0.36426	0.2472	0.28284	0.07134
V243	0.35502	0.17317	0.25508	0.0963	0.12042
V244	0.03176	0.42506	0.17554	0.1394	0.22825
V245	0.04563	0.77245	0.05104	0.10269	0.02818
V246	0.47385	0.29495	0.04334	0.09327	0.09459
V247	0.14742	0.27167	0.43418	0.10147	0.04526
V248	0.08591	0.55732	0.04514	0.09166	0.21997
V249	0.20359	0.18878	0.18029	0.15437	0.27297
V250	0.02343	0.24122	0.46972	0.08797	0.17765
V251	0.17834	0.11467	0.09048	0.54325	0.07327
V252	0.0258	0.27437	0.4128	0.17311	0.11392
V253	0.24194	0.51403	0.08977	0.11641	0.03785
V254	0.413	0.36709	0.02123	0.15801	0.04068
V255	0.61305	0.16458	0.0183	0.11494	0.08913
V256	0.03937	0.67946	0.04095	0.08944	0.15078
V257	0.34349	0.33449	0.1312	0.10813	0.08269
V258	0.13604	0.32253	0.06045	0.44055	0.04043
V259	0.40238	0.32028	0.15324	0.08258	0.04151
V260	0.21811	0.14612	0.10626	0.1528	0.37671
V261	0.02386	0.20085	0.38695	0.27653	0.1118
V262	0.66135	0.13738	0.05793	0.10742	0.03592
V263	0.59176	0.16357	0.0291	0.18406	0.03152
V264	0.06236	0.75501	0.03633	0.11778	0.02852
V265	0.60228	0.18076	0.07628	0.10652	0.03416
V266	0.02874	0.11678	0.09177	0.12613	0.63658
V267	0.05664	0.09943	0.02554	0.22789	0.5905
V268	0.16211	0.42056	0.1332	0.22051	0.06361
V269	0.07393	0.37403	0.28651	0.2154	0.05014
V270	0.05061	0.07389	0.04365	0.78623	0.04561
V271	0.19245	0.62129	0.03275	0.10253	0.05098
V272	0.09283	0.70759	0.04827	0.09362	0.0577
V273	0.2305	0.13752	0.15569	0.33082	0.14547
V274	0.08908	0.1322	0.05249	0.25116	0.47507
V275	0.04124	0.62516	0.14644	0.14868	0.03847
V276	0.01517	0.22701	0.48773	0.22605	0.04405
V277	0.26403	0.21346	0.41	0.06851	0.04401
V278	0.01179	0.17773	0.27377	0.41631	0.1204
V279	0.12795	0.07524	0.02861	0.68824	0.07996
V280	0.16402	0.09981	0.04871	0.57835	0.10912
V281	0.02978	0.24204	0.05339	0.62881	0.04598
V282	0.05692	0.79218	0.03079	0.08493	0.03518
V283	0.29366	0.12986	0.10999	0.10983	0.35666
V284	0.0271	0.28347	0.40312	0.06754	0.21877
V285	0.4078	0.42177	0.02269	0.11296	0.03479
V286	0.06474	0.26398	0.55654	0.08482	0.02993
V287	0.19763	0.17302	0.1511	0.30437	0.17388
V288	0.15302	0.22415	0.44344	0.06789	0.11151
V289	0.13402	0.24213	0.03817	0.54223	0.04345
V290	0.33496	0.43477	0.12552	0.07824	0.02651
V291	0.32543	0.23467	0.02442	0.37581	0.03966
V292	0.09891	0.20088	0.32047	0.09878	0.28095
V293	0.0105	0.30971	0.55108	0.09288	0.03583
V294	0.02524	0.11183	0.02863	0.12891	0.70539
V295	0.01887	0.16606	0.26445	0.4617	0.08893
V296	0.634	0.18424	0.01928	0.1104	0.05208
V297	0.02189	0.24379	0.53172	0.14997	0.05262
V298	0.24335	0.08253	0.02181	0.53219	0.12012
V299	0.22173	0.0728	0.02804	0.63636	0.04107
V300	0.70792	0.12172	0.02025	0.11476	0.03535
V301	0.69536	0.11379	0.02456	0.12745	0.03884
V302	0.0202	0.08766	0.02494	0.4358	0.43141
V303	0.09273	0.26097	0.18736	0.21321	0.24572
V304	0.13999	0.25571	0.50188	0.0634	0.03902
V305	0.1727	0.34363	0.09636	0.16593	0.22138
V306	0.27048	0.56585	0.02564	0.09826	0.03976
V307	0.18451	0.14398	0.21942	0.41895	0.03313
V308	0.17291	0.22629	0.45265	0.11812	0.03003
V309	0.49278	0.15841	0.05863	0.18178	0.1084
V310	0.04048	0.11711	0.02649	0.18544	0.63048
V311	0.02504	0.06843	0.05155	0.80221	0.05276
V312	0.07651	0.32436	0.21589	0.07879	0.30444
V313	0.05906	0.3114	0.03404	0.34472	0.25078
V314	0.07968	0.09402	0.02368	0.40441	0.39821
V315	0.69629	0.11624	0.0301	0.10408	0.05329
V316	0.09243	0.52585	0.21453	0.09496	0.07222
V317	0.2804	0.24877	0.36123	0.07034	0.03926
V318	0.67326	0.11183	0.02366	0.1024	0.08885
V319	0.08078	0.28088	0.54566	0.06786	0.02483
V320	0.07725	0.062	0.02261	0.78582	0.05232
V321	0.10894	0.37321	0.24911	0.22432	0.04442
V322	0.01504	0.36674	0.42585	0.09915	0.09321
V323	0.18986	0.3188	0.32824	0.08356	0.07955
V324	0.0424	0.10485	0.05093	0.75172	0.05009
V325	0.47351	0.19186	0.08483	0.17748	0.07233
V326	0.05351	0.1178	0.06786	0.20229	0.55855
V327	0.26384	0.45925	0.10895	0.096	0.07195
V328	0.04444	0.31657	0.14916	0.44411	0.04572
V329	0.01156	0.19069	0.30327	0.45474	0.03975
V330	0.06468	0.26597	0.55824	0.05595	0.05517
V331	0.12133	0.13418	0.09458	0.16093	0.48898
V332	0.33672	0.21965	0.32597	0.07307	0.0446
V333	0.30395	0.1765	0.24233	0.19382	0.0834
V334	0.03793	0.37559	0.41002	0.12381	0.05265
V335	0.5358	0.16174	0.08268	0.11549	0.10429
V336	0.13325	0.53833	0.22329	0.06916	0.03597
V337	0.02221	0.10296	0.03374	0.23231	0.60877
V338	0.52626	0.15172	0.13246	0.09883	0.09072
V339	0.17	0.50589	0.16785	0.07259	0.08366
V340	0.03783	0.24438	0.11354	0.1299	0.47435
V341	0.02269	0.49942	0.34359	0.06982	0.06447
V342	0.21726	0.2757	0.32977	0.15113	0.02613
V343	0.49614	0.16807	0.22261	0.08682	0.02636
V344	0.08935	0.66168	0.06085	0.0993	0.08883
V345	0.18814	0.12637	0.02338	0.32139	0.34073
V346	0.03369	0.35819	0.26038	0.29482	0.0529
V347	0.07272	0.46955	0.04296	0.35135	0.06342
V348	0.0201	0.26777	0.34792	0.24502	0.1192
V349	0.05421	0.38935	0.39588	0.07425	0.08631
V350	0.09421	0.40846	0.09172	0.27099	0.13462
V351	0.13686	0.19395	0.32701	0.30186	0.04033
V352	0.08952	0.52362	0.28457	0.07211	0.03018
V353	0.2106	0.34592	0.05375	0.12127	0.26846
V354	0.40633	0.19633	0.30123	0.07067	0.02543
V355	0.07398	0.16017	0.26722	0.45931	0.03932
V356	0.07209	0.2617	0.5483	0.07317	0.04474
V357	0.04073	0.2245	0.39154	0.08844	0.25479
V358	0.03428	0.09483	0.04418	0.77533	0.05137
V359	0.05385	0.14829	0.02392	0.7302	0.04374
V360	0.52184	0.15283	0.08863	0.207	0.02971
V361	0.27279	0.4568	0.0951	0.079	0.09631
V362	0.60104	0.13227	0.09301	0.08821	0.08547
V363	0.03983	0.12113	0.02606	0.22041	0.59257
V364	0.04051	0.29896	0.04049	0.44806	0.17198
V365	0.01897	0.06789	0.02403	0.82113	0.06798
V366	0.15549	0.2353	0.42127	0.10944	0.0785
V367	0.18088	0.28848	0.18304	0.20574	0.14187
V368	0.54898	0.18999	0.11348	0.09476	0.05279
V369	0.03814	0.58958	0.20892	0.13701	0.02635
V370	0.02614	0.22705	0.12043	0.36962	0.25676
V371	0.05405	0.77132	0.06547	0.08124	0.02791
V372	0.47788	0.17853	0.12868	0.1715	0.04342
V373	0.09884	0.58351	0.12971	0.15539	0.03254
V374	0.08204	0.19179	0.29547	0.39851	0.03219
V375	0.21873	0.21871	0.41727	0.11994	0.02535
V376	0.02007	0.18227	0.32804	0.08634	0.38328
V377	0.07477	0.48097	0.18681	0.22371	0.03375
V378	0.11189	0.51961	0.1643	0.07369	0.13051
V379	0.03502	0.12574	0.11229	0.15404	0.57291
V380	0.02243	0.1559	0.15586	0.4757	0.19011
V381	0.13612	0.13997	0.02564	0.11047	0.58779
V382	0.34293	0.08665	0.02184	0.32894	0.21964
V383	0.03508	0.13492	0.22389	0.56905	0.03706
V384	0.22915	0.15201	0.14742	0.40316	0.06826
V385	0.08514	0.17678	0.0266	0.11074	0.60075
V386	0.5024	0.10265	0.02187	0.33858	0.0345
V387	0.22415	0.09231	0.02203	0.60353	0.05798
V388	0.05031	0.72382	0.05607	0.13588	0.03393
V389	0.10841	0.6729	0.04046	0.108	0.07023
V390	0.15504	0.0763	0.02196	0.63534	0.11137
V391	0.54405	0.21098	0.01834	0.15344	0.07319
V392	0.69219	0.13773	0.02536	0.11078	0.03393
V393	0.08945	0.1294	0.13775	0.49636	0.14704
V394	0.5404	0.11317	0.03896	0.21608	0.09138
V395	0.01102	0.15899	0.29421	0.4948	0.04098
V396	0.39329	0.20302	0.30379	0.06996	0.02993
V397	0.50978	0.20612	0.04701	0.18086	0.05623
V398	0.06159	0.10765	0.15152	0.58507	0.09417
V399	0.04743	0.11272	0.01837	0.31891	0.50257
V400	0.13638	0.49216	0.14821	0.19569	0.02757
V401	0.23043	0.21956	0.43578	0.0894	0.02482
V402	0.27293	0.20437	0.3283	0.12105	0.07335
V403	0.13663	0.15368	0.01849	0.20719	0.48402
V404	0.01057	0.21245	0.36902	0.34847	0.05949
V405	0.27717	0.29114	0.07855	0.2564	0.09674
V406	0.02271	0.28213	0.60335	0.05592	0.0359
V407	0.64804	0.14375	0.04636	0.1305	0.03134
V408	0.03573	0.37472	0.02864	0.29617	0.26474
V409	0.10014	0.08927	0.07062	0.62941	0.11057
V410	0.10457	0.25579	0.26543	0.10724	0.26698
V411	0.02583	0.10998	0.02132	0.13837	0.7045
V412	0.02899	0.23336	0.12823	0.10934	0.50008
V413	0.02744	0.30159	0.14386	0.36781	0.1593
V414	0.0461	0.1462	0.01782	0.47609	0.31379
V415	0.15208	0.09908	0.02523	0.11402	0.60959
V416	0.1002	0.16638	0.03891	0.21277	0.48173
V417	0.01498	0.24182	0.528	0.15133	0.06387
V418	0.43161	0.38031	0.03949	0.09872	0.04988
V419	0.21404	0.1168	0.03681	0.19261	0.43974
V420	0.19862	0.11956	0.10592	0.12826	0.44765
V421	0.01871	0.13228	0.12775	0.1332	0.58807
V422	0.02454	0.08974	0.05844	0.67202	0.15527
V423	0.22318	0.27597	0.23458	0.22209	0.04418
V424	0.01158	0.20483	0.38264	0.07519	0.32576
V425	0.28094	0.37447	0.02143	0.09723	0.22594
V426	0.19703	0.21854	0.03731	0.45542	0.09169
V427	0.17285	0.57498	0.14705	0.07399	0.03113
V428	0.08399	0.58511	0.08745	0.15379	0.08967
V429	0.10944	0.67899	0.02733	0.1378	0.04645
V430	0.03357	0.18845	0.32613	0.20945	0.2424
V431	0.0968	0.38718	0.17904	0.27196	0.06502
V432	0.24387	0.16118	0.11923	0.34942	0.1263
V433	0.14975	0.19771	0.37885	0.23022	0.04346
V434	0.18664	0.35852	0.29579	0.07891	0.08014
V435	0.39564	0.2037	0.27095	0.09918	0.03052
V436	0.05587	0.55164	0.10957	0.11933	0.1636
V437	0.16908	0.11644	0.04395	0.23078	0.43975
V438	0.11232	0.34122	0.1781	0.29632	0.07204
V439	0.46897	0.09966	0.05763	0.33025	0.04349
V440	0.0252	0.42621	0.4179	0.073	0.05769
V441	0.03273	0.53141	0.31493	0.0902	0.03074
V442	0.05679	0.79171	0.03798	0.08456	0.02895
V443	0.69073	0.11254	0.02434	0.13843	0.03397
V444	0.13133	0.40822	0.04812	0.35575	0.05659
V445	0.06031	0.39117	0.05563	0.44612	0.04677
V446	0.10004	0.1239	0.10037	0.5339	0.1418
V447	0.06969	0.08568	0.03017	0.46678	0.34769
V448	0.15115	0.10783	0.03834	0.12296	0.57973
V449	0.00908	0.28495	0.6217	0.05755	0.02672
V450	0.16689	0.21036	0.21311	0.17871	0.23093
V451	0.22389	0.24189	0.07189	0.35461	0.10772
V452	0.0213	0.10858	0.14484	0.65428	0.071
V453	0.02855	0.08963	0.01755	0.48094	0.38333
V454	0.01562	0.23529	0.49207	0.08139	0.17563
V455	0.05812	0.31444	0.23947	0.10912	0.27886
V456	0.68862	0.11703	0.01891	0.12159	0.05385
V457	0.50734	0.25317	0.04823	0.13585	0.0554
V458	0.02568	0.42585	0.38987	0.10593	0.05267
V459	0.12132	0.13815	0.06471	0.47649	0.19932
V460	0.4899	0.17204	0.16555	0.13053	0.04198
V461	0.1537	0.35885	0.21205	0.08659	0.18881
V462	0.05336	0.14066	0.03085	0.50616	0.26896
V463	0.18158	0.1199	0.02897	0.62357	0.04599
V464	0.12536	0.32808	0.44632	0.07101	0.02923
V465	0.04997	0.17867	0.03388	0.12615	0.61132
V466	0.04109	0.09478	0.01964	0.19856	0.64593
V467	0.05672	0.26852	0.03946	0.53263	0.10267
V468	0.43029	0.33341	0.10769	0.08095	0.04767
V469	0.02424	0.34795	0.07065	0.30771	0.24945
V470	0.6149	0.15025	0.04014	0.15869	0.03601
V471	0.31486	0.31136	0.04482	0.20099	0.12798
V472	0.02315	0.13747	0.05663	0.11781	0.66494
V473	0.0329	0.29031	0.21189	0.3171	0.14781
V474	0.23764	0.19146	0.07023	0.43642	0.06425
V475	0.12383	0.23	0.42652	0.0868	0.13285
V476	0.13415	0.12252	0.09889	0.56389	0.08054
V477	0.04883	0.79894	0.03834	0.08487	0.02903
V478	0.16102	0.10559	0.02517	0.11279	0.59543
V479	0.6145	0.15206	0.04598	0.1518	0.03565
V480	0.11925	0.58152	0.07243	0.17519	0.0516
V481	0.20067	0.37129	0.07458	0.22923	0.12423
V482	0.0988	0.61485	0.17818	0.07146	0.03671
V483	0.26345	0.47675	0.02317	0.17256	0.06407
V484	0.18127	0.47799	0.11852	0.18344	0.03878
V485	0.48828	0.17889	0.10912	0.17983	0.04387
V486	0.06335	0.21652	0.25111	0.08201	0.38701
V487	0.10769	0.25131	0.3169	0.28953	0.03456
V488	0.33583	0.13707	0.01656	0.36385	0.14668
V489	0.01395	0.3583	0.47692	0.11473	0.0361
V490	0.0151	0.23591	0.51281	0.20328	0.0329
V491	0.03709	0.45291	0.06494	0.16541	0.27965
V492	0.03644	0.17882	0.0451	0.67915	0.0605
V493	0.02724	0.06013	0.02381	0.83352	0.0553
V494	0.2681	0.08014	0.03417	0.52491	0.09269
V495	0.25518	0.28564	0.18458	0.20683	0.06777
V496	0.12402	0.13706	0.06668	0.10417	0.56807
V497	0.09266	0.15363	0.13982	0.16936	0.44453
V498	0.06935	0.74774	0.04977	0.08731	0.04583
V499	0.04225	0.31044	0.22589	0.12503	0.29639
V500	0.09485	0.46257	0.11407	0.2564	0.0721
V501	0.07079	0.34559	0.03559	0.10455	0.44348
V502	0.11687	0.68765	0.06177	0.10649	0.02723
V503	0.33937	0.15231	0.17839	0.18778	0.14214
V504	0.38797	0.24808	0.02501	0.09932	0.23962
V505	0.48587	0.10902	0.03989	0.16256	0.20266
V506	0.03057	0.5024	0.08038	0.09202	0.29463
V507	0.62321	0.10981	0.04489	0.17074	0.05135
V508	0.02992	0.58939	0.19683	0.10376	0.0801
V509	0.05044	0.45008	0.13804	0.23571	0.12573
V510	0.32937	0.45668	0.06097	0.1198	0.03317
V511	0.05454	0.39401	0.38974	0.09251	0.06919
V512	0.12656	0.45702	0.16394	0.1137	0.13878
V513	0.14543	0.60104	0.08666	0.11688	0.04998
V514	0.02383	0.14571	0.2002	0.12132	0.50894
V515	0.07197	0.16207	0.01742	0.70531	0.04324
V516	0.13444	0.36426	0.11095	0.34723	0.04311
V517	0.02522	0.09945	0.05875	0.76571	0.05087
V518	0.30822	0.17199	0.25339	0.2174	0.049
V519	0.58761	0.14832	0.0231	0.20386	0.03711
V520	0.06871	0.73031	0.04228	0.13042	0.02828
V521	0.17354	0.10393	0.12516	0.55467	0.04271
V522	0.04263	0.32297	0.41806	0.16293	0.05341
V523	0.11125	0.2652	0.50188	0.09209	0.02959
V524	0.24494	0.22791	0.39812	0.0637	0.06533
V525	0.02553	0.25777	0.04922	0.11253	0.55495
V526	0.03651	0.27459	0.5704	0.0731	0.0454
V527	0.07029	0.49169	0.32044	0.0765	0.04108
V528	0.1352	0.06948	0.03519	0.71719	0.04294
V529	0.15473	0.25384	0.49357	0.06395	0.0339
V530	0.02198	0.26932	0.57639	0.09145	0.04086
V531	0.14965	0.49256	0.09886	0.09226	0.16667
V532	0.0586	0.33929	0.25298	0.0755	0.27363
V533	0.23789	0.10415	0.01808	0.11019	0.52968
V534	0.11345	0.11964	0.01648	0.68933	0.0611
V535	0.6113	0.20191	0.05937	0.09257	0.03485
V536	0.10289	0.29554	0.30664	0.09525	0.19968
V537	0.03298	0.12518	0.03491	0.12228	0.68465
V538	0.48642	0.1835	0.0235	0.11834	0.18824
V539	0.01875	0.30979	0.46687	0.13492	0.06967
V540	0.14007	0.45802	0.09869	0.12022	0.183
V541	0.03779	0.40889	0.04378	0.11535	0.39419
V542	0.0387	0.34875	0.11341	0.42155	0.0776
V543	0.05443	0.28837	0.47699	0.0954	0.08481
V544	0.26753	0.26985	0.16322	0.12939	0.17
V545	0.49018	0.35568	0.02771	0.09664	0.0298
V546	0.06356	0.68747	0.09722	0.08273	0.06903
V547	0.08317	0.67521	0.02705	0.16742	0.04715
V548	0.01973	0.11066	0.02417	0.79229	0.05314
V549	0.02145	0.10337	0.04055	0.24512	0.5895
V550	0.04153	0.7362	0.10626	0.08331	0.0327
V551	0.0282	0.05849	0.01706	0.84623	0.05002
V552	0.19512	0.11356	0.03744	0.13273	0.52115
V553	0.58077	0.11381	0.03329	0.20918	0.06296
V554	0.08705	0.21568	0.36533	0.29194	0.04
V555	0.04699	0.78539	0.03735	0.08326	0.04702
V556	0.07546	0.12031	0.0645	0.66125	0.07848
V557	0.25153	0.26964	0.05106	0.35911	0.06867
V558	0.01517	0.24891	0.53039	0.16321	0.04232
V559	0.08305	0.4574	0.34457	0.06897	0.04602
V560	0.47329	0.29438	0.1239	0.0813	0.02714
V561	0.52817	0.13213	0.12583	0.09465	0.11922
V562	0.11047	0.17067	0.1473	0.15904	0.41252
V563	0.17317	0.32001	0.18353	0.16272	0.16057
V564	0.28176	0.11847	0.06867	0.35627	0.17483
V565	0.02381	0.10987	0.03497	0.15412	0.67723
V566	0.24343	0.19678	0.04343	0.34605	0.17031
V567	0.02243	0.2752	0.61517	0.05618	0.03103
V568	0.02997	0.31608	0.33398	0.29049	0.02948
V569	0.46943	0.19038	0.10399	0.18126	0.05494
V570	0.10997	0.1605	0.23409	0.4147	0.08074
V571	0.20711	0.14403	0.20162	0.33049	0.11676
V572	0.63675	0.1119	0.01766	0.10668	0.12701
V573	0.06766	0.20294	0.27427	0.35069	0.10444
V574	0.40223	0.31422	0.08237	0.15709	0.04409
V575	0.2949	0.14451	0.11723	0.12719	0.31616
V576	0.04454	0.75847	0.03617	0.08911	0.07171
V577	0.33002	0.45495	0.0545	0.12704	0.03348
V578	0.02705	0.29271	0.39025	0.22854	0.06144
V579	0.0245	0.51063	0.2743	0.08707	0.10351
V580	0.17918	0.48459	0.03608	0.25205	0.0481
V581	0.04628	0.48869	0.30393	0.12994	0.03117
V582	0.00962	0.29549	0.60557	0.06306	0.02626
V583	0.43767	0.18334	0.25839	0.09469	0.02591
V584	0.183	0.47715	0.11175	0.10331	0.1248
V585	0.0457	0.67563	0.08295	0.12552	0.07021
V586	0.0373	0.68851	0.1612	0.08665	0.02635
V587	0.05418	0.61334	0.03278	0.10623	0.19347
V588	0.17911	0.43461	0.2899	0.06651	0.02987
V589	0.08581	0.38734	0.06239	0.41264	0.05182
V590	0.04916	0.68834	0.02748	0.09108	0.14394
V591	0.36636	0.45596	0.05451	0.0899	0.03327
V592	0.0219	0.23955	0.53011	0.08369	0.12475
V593	0.33616	0.08611	0.02161	0.48355	0.07258
V594	0.01127	0.29456	0.46702	0.16788	0.05928
V595	0.40413	0.13493	0.07247	0.32858	0.05989
V596	0.34454	0.26639	0.17708	0.16897	0.04302
V597	0.03382	0.24024	0.02741	0.18656	0.51196
V598	0.46558	0.10771	0.02288	0.10031	0.30351
V599	0.06675	0.39194	0.09881	0.38558	0.05692
V600	0.21971	0.13819	0.163	0.36686	0.11224
V601	0.12464	0.15512	0.02379	0.47409	0.22237
V602	0.62182	0.22085	0.02043	0.10485	0.03205
V603	0.11846	0.20653	0.04607	0.19939	0.42956
V604	0.02236	0.24	0.49916	0.13438	0.1041
V605	0.03533	0.17268	0.12739	0.14737	0.51723
V606	0.63617	0.10639	0.01761	0.10723	0.13261
V607	0.14488	0.18593	0.03904	0.1099	0.52024
V608	0.56538	0.12504	0.0452	0.15788	0.10649
V609	0.15593	0.31061	0.0329	0.40953	0.09103
V610	0.07815	0.57325	0.03159	0.27997	0.03703
V611	0.19794	0.23408	0.42908	0.07869	0.06022
V612	0.2848	0.19775	0.25	0.08633	0.18112
V613	0.32858	0.48	0.05529	0.10812	0.02802
V614	0.42673	0.12617	0.03465	0.15246	0.25998
V615	0.01623	0.17309	0.12595	0.535	0.14973
V616	0.48577	0.13467	0.13421	0.19086	0.05449
V617	0.17096	0.23487	0.34848	0.13426	0.11143
V618	0.54144	0.18479	0.07092	0.0988	0.10405
V619	0.41296	0.16619	0.13951	0.08844	0.1929
V620	0.04167	0.17031	0.28171	0.46665	0.03966
V621	0.11547	0.31094	0.24945	0.07474	0.2494
V622	0.02445	0.31144	0.2898	0.08177	0.29254
V623	0.06853	0.07419	0.02262	0.65861	0.17604
V624	0.66955	0.11002	0.02338	0.11856	0.0785
V625	0.01655	0.13365	0.09512	0.70641	0.04827
V626	0.06145	0.21382	0.40587	0.27386	0.045
V627	0.09691	0.23857	0.11885	0.11183	0.43385
V628	0.69	0.12456	0.02473	0.12692	0.03378
V629	0.09685	0.35784	0.43859	0.07722	0.02949
V630	0.02542	0.24039	0.04195	0.12174	0.57051
V631	0.01551	0.16407	0.23655	0.09744	0.48643
V632	0.04796	0.67691	0.03378	0.11061	0.13074
V633	0.05681	0.10183	0.09444	0.50329	0.24364
V634	0.31852	0.43337	0.13923	0.0826	0.02628
V635	0.04267	0.21609	0.17198	0.10407	0.46519
V636	0.1568	0.27007	0.25593	0.21184	0.10535
V637	0.1639	0.18693	0.31598	0.24772	0.08547
V638	0.07243	0.44675	0.0434	0.15202	0.2854
V639	0.40893	0.39173	0.08411	0.08255	0.03268
V640	0.09783	0.24705	0.08953	0.26599	0.2996
V641	0.08818	0.62483	0.046	0.19407	0.04692
V642	0.55096	0.12527	0.02236	0.26825	0.03315
V643	0.05079	0.73857	0.08494	0.09857	0.02713
V644	0.04412	0.40334	0.04209	0.45056	0.05989
V645	0.14119	0.64044	0.03982	0.15024	0.0283
V646	0.11689	0.48274	0.04969	0.27052	0.08016
V647	0.68226	0.1111	0.02403	0.14887	0.03374
V648	0.35495	0.16972	0.0231	0.30786	0.14437
V649	0.2217	0.1816	0.08566	0.17344	0.3376
V650	0.03271	0.07291	0.06544	0.7836	0.04534
V651	0.1258	0.2259	0.01841	0.5904	0.0395
V652	0.29184	0.09083	0.04702	0.52141	0.04889
V653	0.2764	0.10262	0.06087	0.49416	0.06595
V654	0.04184	0.15926	0.01996	0.15966	0.61927
V655	0.1259	0.18524	0.24563	0.4051	0.03813
V656	0.10911	0.10615	0.01845	0.18583	0.58045
V657	0.03702	0.45313	0.05013	0.34868	0.11103
V658	0.03428	0.10404	0.04419	0.58463	0.23286
V659	0.0239	0.1008	0.08006	0.70785	0.08739
V660	0.06172	0.35544	0.04254	0.12379	0.41651
V661	0.04312	0.581	0.03868	0.22957	0.10763
V662	0.03875	0.43284	0.04419	0.09352	0.3907
V663	0.71139	0.11874	0.02583	0.10886	0.03517
V664	0.03134	0.10693	0.11786	0.39915	0.34472
V665	0.02945	0.58002	0.19654	0.13817	0.05582
V666	0.08597	0.73604	0.06365	0.08688	0.02747
V667	0.03358	0.52265	0.23227	0.14975	0.06175
V668	0.48334	0.27725	0.06122	0.13396	0.04422
V669	0.37158	0.32203	0.04446	0.15702	0.10491
V670	0.08474	0.56976	0.066	0.10853	0.17098
V671	0.5498	0.14887	0.16044	0.10876	0.03212
V672	0.08583	0.16156	0.09559	0.32543	0.3316
V673	0.02404	0.11673	0.0201	0.19831	0.64082
V674	0.26672	0.26043	0.35824	0.06491	0.04969
V675	0.51994	0.11061	0.0513	0.20928	0.10887
V676	0.19181	0.26285	0.36626	0.06548	0.11361
V677	0.04269	0.31888	0.19536	0.36836	0.07471
V678	0.05311	0.33772	0.03557	0.11973	0.45387
V679	0.01736	0.18499	0.35131	0.40813	0.0382
V680	0.14898	0.09255	0.03627	0.37109	0.35111
V681	0.40823	0.12296	0.05291	0.31957	0.09632
V682	0.00908	0.28495	0.6217	0.05755	0.02672
V683	0.05723	0.33023	0.45596	0.06045	0.09613
V684	0.06068	0.06811	0.02296	0.80143	0.04682
V685	0.01512	0.26179	0.5624	0.12942	0.03127
V686	0.23494	0.54561	0.08396	0.0976	0.03788
V687	0.00895	0.2052	0.42846	0.31615	0.04124
V688	0.00849	0.27915	0.61334	0.06252	0.0365
V689	0.37299	0.17811	0.16937	0.15945	0.12008
V690	0.09466	0.72735	0.04215	0.10195	0.03388
V691	0.12208	0.18085	0.05779	0.57678	0.0625
V692	0.06831	0.08728	0.02935	0.70711	0.10794
V693	0.0234	0.51004	0.34704	0.08873	0.03079
V694	0.08051	0.22557	0.05217	0.55304	0.08873
V695	0.11227	0.2151	0.13984	0.10338	0.4294
V696	0.09492	0.23695	0.51035	0.06447	0.0933
V697	0.08638	0.22903	0.25961	0.32126	0.10372
V698	0.02576	0.15016	0.16401	0.10584	0.55422
V699	0.04133	0.09233	0.05806	0.61841	0.18987
V700	0.05653	0.70623	0.09093	0.07691	0.0694
V701	0.02592	0.23908	0.03506	0.11619	0.58375
V702	0.02855	0.16122	0.02436	0.63724	0.14863
V703	0.02613	0.07831	0.03747	0.80489	0.05321
V704	0.04403	0.21948	0.31638	0.08932	0.33079
V705	0.68834	0.123	0.01905	0.11588	0.05373
V706	0.12721	0.224	0.14616	0.41361	0.08903
V707	0.12333	0.19644	0.08088	0.2991	0.30025
V708	0.02726	0.56259	0.31265	0.072	0.02549
V709	0.02354	0.1221	0.04972	0.1214	0.68324
V710	0.10401	0.21454	0.36587	0.07036	0.24522
V711	0.06586	0.10319	0.04053	0.13252	0.65789
V712	0.05164	0.2351	0.48608	0.18982	0.03735
V713	0.19771	0.43976	0.25736	0.08014	0.02504
V714	0.05988	0.10762	0.02024	0.12523	0.68702
V715	0.01563	0.38023	0.4369	0.13602	0.03122
V716	0.55723	0.23405	0.03035	0.13299	0.04539
V717	0.31419	0.24374	0.11807	0.10205	0.22196
V718	0.48401	0.16496	0.21372	0.08135	0.05596
V719	0.31705	0.28658	0.10503	0.17286	0.11847
V720	0.1132	0.15036	0.095	0.12585	0.51559
V721	0.03878	0.11593	0.06281	0.12989	0.65259
V722	0.02943	0.26635	0.06861	0.47834	0.15726
V723	0.09581	0.26075	0.10993	0.48055	0.05296
V724	0.11124	0.57449	0.05867	0.22071	0.03489
V725	0.04214	0.10968	0.02772	0.12543	0.69504
V726	0.18622	0.46813	0.0696	0.12824	0.14782
V727	0.01534	0.27735	0.60919	0.06198	0.03614
V728	0.56743	0.14542	0.11172	0.14217	0.03328
V729	0.46599	0.18009	0.04081	0.27609	0.03703
V730	0.09802	0.18241	0.29907	0.34894	0.07157
V731	0.01686	0.08717	0.0663	0.78407	0.04561
V732	0.0274	0.06006	0.02389	0.83944	0.04921
V733	0.03007	0.28488	0.59351	0.05587	0.03567
V734	0.3626	0.22784	0.26936	0.10469	0.0355
V735	0.06752	0.2587	0.19405	0.10384	0.37589
V736	0.02519	0.13849	0.02816	0.1233	0.68486
V737	0.70787	0.12346	0.02578	0.10802	0.03487
V738	0.03111	0.4462	0.0376	0.10103	0.38406
V739	0.02816	0.07263	0.01697	0.83312	0.04912
V740	0.18368	0.18407	0.10774	0.1057	0.4188
V741	0.39986	0.10624	0.02176	0.34183	0.13032
V742	0.06204	0.21565	0.40055	0.18791	0.13385
V743	0.03674	0.15134	0.08322	0.18419	0.5445
V744	0.15876	0.1632	0.1503	0.46371	0.06403
V745	0.14405	0.09815	0.05582	0.65574	0.04624
V746	0.29973	0.50083	0.0558	0.08839	0.05524
V747	0.0298	0.28141	0.58669	0.06152	0.04058
V748	0.13359	0.29888	0.23604	0.1196	0.21189
V749	0.15549	0.18546	0.1153	0.41314	0.13061
V750	0.57037	0.23843	0.02532	0.13519	0.03071
V751	0.03366	0.43863	0.41847	0.07906	0.03018
V752	0.03317	0.20353	0.04153	0.11726	0.60451
V753	0.40328	0.18947	0.19896	0.09932	0.10897
V754	0.10298	0.31554	0.0266	0.51178	0.0431
V755	0.20561	0.62103	0.05956	0.08099	0.03282
V756	0.03224	0.1862	0.04099	0.1534	0.58717
V757	0.14951	0.09209	0.09726	0.61655	0.04459
V758	0.06278	0.40016	0.02185	0.47283	0.04239
V759	0.08717	0.14742	0.10319	0.10109	0.56113
V760	0.07187	0.16165	0.18608	0.27296	0.30743
V761	0.05201	0.38016	0.47362	0.06446	0.02975
V762	0.02272	0.15326	0.15645	0.39051	0.27707
V763	0.03651	0.30442	0.02875	0.10453	0.52579
V764	0.10088	0.13506	0.08548	0.62753	0.05105
V765	0.13001	0.2373	0.45308	0.09607	0.08353
V766	0.0653	0.48196	0.2174	0.11045	0.12488
V767	0.22793	0.4512	0.07547	0.12003	0.12537
V768	0.05812	0.71846	0.06991	0.1202	0.03332
V769	0.54768	0.1539	0.15498	0.08642	0.05703
V770	0.22691	0.19819	0.36137	0.18173	0.03179
V771	0.06344	0.63808	0.03285	0.16075	0.10488
V772	0.04407	0.27824	0.59064	0.06169	0.02535
V773	0.03998	0.09774	0.01906	0.24784	0.59538
V774	0.12525	0.21056	0.39506	0.06752	0.20161
V775	0.66649	0.1117	0.0344	0.14514	0.04226
V776	0.28226	0.42276	0.14807	0.0994	0.04751
V777	0.17186	0.40178	0.21021	0.15571	0.06044
V778	0.42078	0.13863	0.02829	0.25937	0.15293
V779	0.05867	0.45602	0.3758	0.0742	0.03531
V780	0.0225	0.27485	0.61442	0.06221	0.02602
V781	0.1494	0.35536	0.1614	0.07929	0.25454
V782	0.20054	0.28235	0.03968	0.10131	0.37612
V783	0.00942	0.22665	0.46353	0.08486	0.21554
V784	0.0342	0.55069	0.02461	0.29424	0.09626
V785	0.54416	0.19727	0.01797	0.17257	0.06804
V786	0.14278	0.22578	0.03114	0.54445	0.05585
V787	0.12061	0.53268	0.0241	0.2425	0.08012
V788	0.30705	0.41039	0.07997	0.08136	0.12123
V789	0.02229	0.20386	0.02585	0.41864	0.32936
V790	0.23444	0.2742	0.07277	0.17617	0.24242
V791	0.15345	0.26913	0.08149	0.23828	0.25764
V792	0.68999	0.12883	0.0359	0.10251	0.04277
V793	0.27096	0.30029	0.06537	0.15999	0.20338
V794	0.02648	0.13307	0.10511	0.23449	0.50084
V795	0.11941	0.71113	0.04184	0.08807	0.03954
V796	0.23924	0.40225	0.10887	0.19885	0.05079
V797	0.13559	0.09674	0.01874	0.1305	0.61843
V798	0.11829	0.47779	0.0301	0.1575	0.21632
V799	0.03615	0.2002	0.05958	0.62631	0.07777
V800	0.03932	0.11001	0.03314	0.20575	0.61177
V801	0.2983	0.11604	0.11513	0.41433	0.0562
V802	0.04296	0.2535	0.03474	0.11331	0.5555
V803	0.25083	0.10078	0.0221	0.56933	0.05696
V804	0.16091	0.2413	0.17451	0.35624	0.06704
V805	0.11654	0.26846	0.33448	0.19025	0.09027
V806	0.36445	0.15246	0.16941	0.12956	0.18412
V807	0.5454	0.12017	0.06941	0.1306	0.13441
V808	0.62376	0.12251	0.05707	0.09876	0.09791
V809	0.17273	0.54684	0.04401	0.10897	0.12744
V810	0.03499	0.13446	0.05226	0.46497	0.31332
V811	0.05682	0.17601	0.03993	0.18688	0.54036
V812	0.03062	0.59828	0.18214	0.13897	0.04999
V813	0.03611	0.30327	0.19502	0.08406	0.38155
V814	0.16768	0.49921	0.07716	0.20998	0.04596
V815	0.198	0.59021	0.05166	0.12689	0.03323
V816	0.0304	0.46075	0.02978	0.41939	0.05968
V817	0.57654	0.15921	0.12968	0.10643	0.02815
V818	0.03979	0.31123	0.29039	0.09903	0.25955
V819	0.68574	0.12552	0.03008	0.12534	0.03331
V820	0.06467	0.36692	0.12043	0.39129	0.0567
V821	0.02605	0.11072	0.0215	0.13155	0.71018
V822	0.16248	0.08289	0.02859	0.68402	0.04202
V823	0.04929	0.2105	0.2003	0.08802	0.45188
V824	0.07482	0.13129	0.0404	0.11445	0.63904
V825	0.11291	0.22	0.45083	0.18945	0.0268
V826	0.03642	0.27181	0.59301	0.07331	0.02546
V827	0.28536	0.1927	0.01768	0.39549	0.10877
V828	0.20314	0.22673	0.10801	0.13465	0.32747
V829	0.07868	0.21875	0.25457	0.20736	0.24064
V830	0.11259	0.23856	0.47728	0.07742	0.09414
V831	0.03639	0.64034	0.06796	0.20812	0.0472
V832	0.18366	0.10274	0.07781	0.28349	0.35231
V833	0.16828	0.6582	0.03382	0.08263	0.05707
V834	0.55993	0.20874	0.04711	0.113	0.07122
V835	0.20591	0.31158	0.09428	0.29611	0.09212
V836	0.27218	0.22802	0.32432	0.14447	0.03101
V837	0.04128	0.71626	0.04177	0.11612	0.08456
V838	0.01599	0.07795	0.08036	0.77425	0.05145
V839	0.04626	0.14253	0.0836	0.1085	0.61911
V840	0.67812	0.12182	0.04064	0.12227	0.03715
V841	0.16123	0.24948	0.49613	0.06405	0.0291
V842	0.3894	0.1692	0.17304	0.22911	0.03925
V843	0.35984	0.13652	0.13559	0.14113	0.22691
V844	0.0193	0.34064	0.52412	0.07527	0.04068
V845	0.03578	0.07593	0.01677	0.60301	0.26851
V846	0.10381	0.15122	0.10263	0.14606	0.49627
V847	0.18508	0.11035	0.06429	0.19762	0.44265
V848	0.56015	0.13009	0.02235	0.16804	0.11937
V849	0.10498	0.26111	0.48683	0.0648	0.08228
V850	0.17176	0.18257	0.24106	0.1899	0.21472
V851	0.70918	0.11599	0.02	0.11464	0.0402
V852	0.20348	0.15738	0.08564	0.22541	0.32808
V853	0.03306	0.28853	0.43976	0.16249	0.07617
V854	0.04518	0.38944	0.21919	0.13543	0.21076
V855	0.09247	0.38234	0.09823	0.33216	0.0948
V856	0.13981	0.39922	0.06958	0.08695	0.30444
V857	0.07266	0.15248	0.15508	0.40972	0.21004
V858	0.0294	0.37678	0.17557	0.24292	0.17533
V859	0.11934	0.08321	0.0354	0.69507	0.06698
V860	0.04333	0.19061	0.07376	0.60871	0.08359
V861	0.12327	0.11959	0.12008	0.59332	0.04375
V862	0.07303	0.10495	0.03924	0.18571	0.59707
V863	0.04578	0.77487	0.04384	0.08879	0.04672
V864	0.03582	0.25802	0.57728	0.10325	0.02562
V865	0.06699	0.21634	0.44969	0.23889	0.02808
V866	0.03075	0.24305	0.45452	0.22784	0.04385
V867	0.45986	0.1266	0.02307	0.09915	0.29132
V868	0.17591	0.31704	0.3114	0.15374	0.04191
V869	0.03224	0.10564	0.04222	0.13067	0.68924
V870	0.22369	0.22921	0.08609	0.2792	0.18181
V871	0.04406	0.15802	0.10488	0.17176	0.52127
V872	0.31321	0.11444	0.0282	0.47213	0.07201
V873	0.0542	0.34447	0.14328	0.37564	0.08242
V874	0.09317	0.14041	0.02618	0.12044	0.61979
V875	0.02146	0.21892	0.03954	0.49456	0.22552
V876	0.3831	0.15833	0.06786	0.10414	0.28658
V877	0.19654	0.55307	0.05744	0.15387	0.03908
V878	0.03496	0.59994	0.06031	0.26247	0.04232
V879	0.66919	0.14076	0.02977	0.12297	0.03732
V880	0.07925	0.14863	0.0446	0.43704	0.29048
V881	0.01784	0.21197	0.40805	0.07179	0.29035
V882	0.0458	0.4279	0.03573	0.45513	0.03543
V883	0.40599	0.22183	0.02992	0.23516	0.10711
V884	0.02606	0.10329	0.02152	0.14004	0.70909
V885	0.13383	0.22227	0.30673	0.15481	0.18236
V886	0.02033	0.09509	0.0473	0.28854	0.54874
V887	0.08723	0.74228	0.0359	0.08236	0.05222
V888	0.05961	0.15794	0.06545	0.63271	0.08428
V889	0.10854	0.69189	0.06168	0.09907	0.03882
V890	0.03806	0.11448	0.13071	0.59406	0.12269
V891	0.00942	0.29401	0.60149	0.06888	0.02619
V892	0.46893	0.27452	0.03693	0.09481	0.12481
V893	0.11434	0.31001	0.38198	0.12458	0.0691
V894	0.08933	0.47793	0.06395	0.30095	0.06784
V895	0.48663	0.16586	0.21867	0.09779	0.03104
V896	0.1677	0.28452	0.2024	0.30961	0.03577
V897	0.01682	0.07218	0.05161	0.72293	0.13646
V898	0.3322	0.10687	0.02958	0.12165	0.4097
V899	0.44191	0.33363	0.08837	0.08254	0.05356
V900	0.19985	0.30317	0.2294	0.22324	0.04434
