mature.neutrophil	CD14.pos.CD16.neg.classical.monocyte	macrophage	memory.CD4.pos.AB.T.cell	cytotoxic.CD56.dim.NK.cell
V1	0.20714	0.25355	0.24479	0.21397	0.08054
V2	0	0.71834	0.12982	0.13882	0.01302
V3	0	0.17379	0.40594	0.42027	0
V4	0	0.17867	0.17584	0.15301	0.49248
V5	0	0.15981	0	0.2124	0.62779
V6	0.21242	0.18186	0.25232	0.29179	0.06161
V7	0	0.19292	0.35781	0.14572	0.30355
V8	0	0.19424	0.80576	0	0
V9	0	0.13519	0.2405	0.6243	0
V10	0.36776	0.17433	0.4579	0	0
V11	0	0.19241	0.03955	0.1776	0.59044
V12	0	0.18532	0.18729	0.37155	0.25584
V13	0.04766	0.18851	0.0056	0.50233	0.2559
V14	0.07107	0.13266	0.05175	0.69268	0.05183
V15	0	0.08577	0	0.91423	0
V16	0.45408	0.16447	0.00999	0.36885	0.00262
V17	0	0.35581	0	0.16798	0.47622
V18	0.0048	0.45022	0.29567	0.24931	0
V19	0	0.14396	0	0.21423	0.64181
V20	0	0.1617	0.65378	0.18452	0
V21	0	0.32897	0.12399	0.24892	0.29812
V22	0.73646	0.17269	0.06696	0	0.02388
V23	0	0.1877	0	0.23669	0.57561
V24	0.33435	0.23942	0.00311	0.16913	0.25398
V25	0	0.14197	0	0.48278	0.37525
V26	0.35778	0.28994	0.06375	0.13513	0.15341
V27	0.04104	0.51754	0.22305	0.09781	0.12056
V28	0	0.16778	0.1914	0.64005	0.00076
V29	0	0.10889	0.30338	0.58774	0
V30	0.63995	0.19477	0.02812	0.04458	0.09258
V31	0.29881	0.23625	0.00818	0.33526	0.1215
V32	0.85325	0.10112	0	0	0.04563
V33	0	0.28908	0	0.22024	0.49068
V34	0.05186	0.77814	0.09418	0.07583	0
V35	0.02237	0.59585	0.32411	0.05767	0
V36	0	0.28704	0.14326	0.18721	0.38249
V37	0.65776	0.11429	0	0.03584	0.19211
V38	0.02812	0.21295	0.43611	0.23553	0.08729
V39	0.20955	0.21215	0.30455	0.08403	0.18973
V40	0.14534	0.57347	0.07495	0.19694	0.0093
V41	0	0.77086	0.09518	0.09363	0.04033
V42	0.77869	0.14356	0.01056	0	0.06719
V43	0.37333	0.24901	0.36654	0.00672	0.00439
V44	0	0.37399	0.54704	0.01776	0.06121
V45	0	0.61268	0.15787	0.21784	0.01161
V46	0.0436	0.7048	0.14746	0.10414	0
V47	0	0.15958	0.84042	0	0
V48	0.07413	0.25052	0.21522	0.38613	0.07399
V49	0.34291	0.25115	0.23236	0.17319	0.00039
V50	0	0.17691	0.82309	0	0
V51	0.01643	0.37342	0.19668	0.1538	0.25968
V52	0	0.8246	0.10081	0.07459	0
V53	0	0.21496	0.00137	0.78367	0
V54	0.12303	0.12515	0	0.62332	0.12849
V55	0	0.0964	0	0.9036	0
V56	0	0.10174	0	0.82021	0.07805
V57	0.06634	0.29023	0.53532	0.03599	0.07212
V58	0	0.17689	0.0896	0.30417	0.42935
V59	0.76964	0.1302	0.08538	0	0.01478
V60	0.3056	0.28831	0.12998	0.20331	0.0728
V61	0.10072	0.17345	0	0.3348	0.39102
V62	0	0.2009	0.2543	0.21888	0.32592
V63	0.28654	0.33393	0.0686	0.13972	0.17122
V64	0.86497	0.11533	0.00791	0	0.0118
V65	0.00683	0.19316	0.02105	0.68166	0.09731
V66	0	0.10433	0.11438	0.78129	0
V67	0	0.17314	0.27729	0.18277	0.36681
V68	0.34155	0.17628	0.38965	0.03559	0.05692
V69	0.47941	0.22734	0.20722	0.0359	0.05013
V70	0	0.66075	0.11073	0.22851	0
V71	0.02622	0.7186	0.12381	0.13137	0
V72	0	0.44768	0.02452	0.14983	0.37797
V73	0	0.13797	0.07178	0.63462	0.15563
V74	0	0.12367	0	0.82839	0.04794
V75	0.36423	0.28585	0.33441	0.00709	0.00842
V76	0	0.07622	0	0.88813	0.03566
V77	0	0.17947	0.82053	0	0
V78	0	0.16825	0.83175	0	0
V79	0.00179	0.45902	0.05278	0.24051	0.24589
V80	0.0558	0.68096	0.06922	0.14601	0.04802
V81	0	0.16102	0.83898	0	0
V82	0.14095	0.23729	0.03413	0.58763	0
V83	0.01885	0.19643	0	0.61909	0.16564
V84	0.00815	0.29873	0	0.17493	0.51818
V85	0	0.15883	0.84117	0	0
V86	0	0.29826	0.30647	0.39527	0
V87	0.33162	0.12997	0.03338	0.49461	0.01042
V88	0.20055	0.2652	0.04509	0.30452	0.18464
V89	0	0.24967	0.75033	0	0
V90	0	0.28594	0.02379	0.21816	0.47211
V91	0	0.08431	0.05471	0.86098	0
V92	0.13816	0.20318	0	0.19004	0.46861
V93	0	0.17511	0.14306	0.555	0.12682
V94	0	0.2717	0	0.34168	0.38662
V95	0	0.34222	0	0.22049	0.43729
V96	0.69255	0.13207	0.00955	0.03676	0.12908
V97	0.06931	0.20769	0	0.24508	0.47792
V98	0	0.42139	0.19649	0.20612	0.176
V99	0.38849	0.22191	9e-04	0.30495	0.08375
V100	0.40986	0.2568	0.05037	0.13901	0.14396
V101	0	0.81977	0.10774	0.07249	0
V102	0.19835	0.32301	0.14252	0.20768	0.12843
V103	0.03551	0.16432	0	0.18288	0.61729
V104	0	0.45604	0.09481	0.1382	0.31095
V105	0	0.15849	0	0.21633	0.62518
V106	0	0.69206	0.22863	0.07545	0.00385
V107	0	0.33853	0.65364	0.00782	0
V108	0	0.26753	0.73247	0	0
V109	0	0.31142	0.044	0.37115	0.27343
V110	0.09462	0.50012	0.23144	0.17382	0
V111	0.19712	0.32031	0.48257	0	0
V112	0.09153	0.14219	0.08381	0.54074	0.14173
V113	0.13721	0.17911	0.06694	0.2756	0.34113
V114	0.44286	0.18456	0.0437	0.24092	0.08796
V115	0.78314	0.10886	0	0	0.108
V116	0	0.13377	0	0.19055	0.67568
V117	0	0.21089	0.75382	0.03529	0
V118	0	0.08053	0	0.91279	0.00668
V119	0.21291	0.17734	0.37648	0.23327	0
V120	0	0.18231	0.74379	0.07125	0.00265
V121	0.12194	0.66766	0.07186	0.10261	0.03593
V122	0	0.41513	0.10221	0.31694	0.16572
V123	0.35703	0.16959	0.06212	0.2815	0.12976
V124	0.12088	0.24139	0.04241	0.33064	0.26468
V125	0	0.47458	0.52542	0	0
V126	0.06162	0.30731	0.21028	0.2082	0.21258
V127	0.18865	0.1911	0.62025	0	0
V128	0.13344	0.69521	0.08962	0.08173	0
V129	0.15232	0.19971	0.23947	0.25843	0.15006
V130	0	0.49149	0.07317	0.31398	0.12136
V131	0	0.10773	0.20796	0.68431	0
V132	0.24208	0.13927	0	0.43195	0.18669
V133	0	0.20131	0.48371	0.1303	0.18468
V134	0	0.23108	0.72743	0	0.04149
V135	0	0.25514	0.66176	0.01949	0.06361
V136	0.89397	0.09563	0	0	0.0104
V137	0.81309	0.13514	0	0	0.05177
V138	0.14859	0.26893	0.06439	0.25083	0.26726
V139	0.03691	0.13037	0.14468	0.68804	0
V140	0	0.17361	0.0924	0.16966	0.56433
V141	0	0.31411	0.61213	0.07376	0
V142	0.10475	0.18566	0.29049	0.21651	0.20259
V143	0	0.28948	0.44429	0.18316	0.08307
V144	0.37874	0.28593	0.08248	0.19517	0.05768
V145	0	0.17443	0.82557	0	0
V146	0	0.38414	0.00899	0.40378	0.20309
V147	0.01161	0.25465	0.64238	0.08764	0.00372
V148	0.08722	0.71179	0.08927	0.11173	0
V149	0	0.06605	0	0.90604	0.02791
V150	0.05974	0.33595	0.56902	0	0.03528
V151	0.31065	0.12981	0	0.48012	0.07941
V152	0	0.09402	0.08807	0.77447	0.04344
V153	0.07882	0.31163	0.44764	0.08397	0.07794
V154	0.04588	0.58731	0.06737	0.13782	0.16161
V155	0	0.10928	0.11487	0.77585	0
V156	0.00838	0.21755	0.35311	0.22182	0.19914
V157	0.00876	0.20707	0.13803	0.36679	0.27936
V158	0.0957	0.19953	0.40099	0.11156	0.19222
V159	0.03681	0.28764	0.01843	0.64364	0.01349
V160	0.33362	0.2658	0.09034	0.14468	0.16556
V161	0.11664	0.20659	0.00854	0.17942	0.48881
V162	0	0.16247	0.83753	0	0
V163	0	0.15906	0	0.20756	0.63338
V164	0.84317	0.14061	0.00546	0	0.01076
V165	0.4956	0.27411	0.10269	0.08873	0.03887
V166	0	0.1331	0.21698	0.60719	0.04274
V167	0	0.5967	0.06796	0.23	0.10534
V168	0	0.16247	0.83753	0	0
V169	0	0.63374	0.22733	0.13893	0
V170	0.14939	0.40917	0.08563	0.28747	0.06834
V171	0.19414	0.22407	0.35113	0.20732	0.02334
V172	0.09236	0.33889	0.05811	0.16488	0.34576
V173	0.11904	0.21712	0.08321	0.47079	0.10984
V174	0.10557	0.18081	0.31424	0.26875	0.13063
V175	0	0.28229	0.09975	0.28544	0.33252
V176	0.25869	0.11726	0	0.62405	0
V177	0.10069	0.20955	0.53375	0.15601	0
V178	0.17439	0.20932	0.43282	0.13611	0.04736
V179	0.00739	0.18015	0	0.18224	0.63023
V180	0	0.1886	0.28547	0.13192	0.39401
V181	0	0.36882	0	0.19203	0.43914
V182	0.44465	0.27585	0.02061	0.22797	0.03092
V183	0.00542	0.8227	0.09924	0.07264	0
V184	0.20291	0.16131	0.27606	0.3537	0.00603
V185	0.02781	0.50479	0.05234	0.24845	0.1666
V186	0.05578	0.29185	0.01267	0.35931	0.28038
V187	0.01571	0.63729	0.06484	0.28215	0
V188	0.74053	0.13074	0.03183	0.06978	0.02712
V189	0.33931	0.28732	0.05391	0.31902	0.00045
V190	0.29049	0.21316	0.19575	0.11714	0.18346
V191	0.12897	0.28899	0.0076	0.49836	0.07609
V192	0.20883	0.27966	0.13007	0.29972	0.08172
V193	0	0.33483	0.5022	0.07142	0.09155
V194	0.15956	0.21049	0.05658	0.24459	0.32878
V195	0.46901	0.26326	0.25621	0.00422	0.0073
V196	0	0.15185	0	0.21242	0.63573
V197	0.0057	0.79788	0.09333	0.10309	0
V198	0.13772	0.31291	0.03417	0.31288	0.20231
V199	0.67548	0.11878	0.20574	0	0
V200	0.66335	0.12145	0.01408	0.04835	0.15276
V201	0	0.10146	0	0.76106	0.13748
V202	0.84081	0.14191	0	0	0.01728
V203	0.4133	0.30652	0.04183	0.14032	0.09802
V204	0.23301	0.2274	0.00069	0.16604	0.37287
V205	0.02577	0.21922	0.07035	0.21797	0.46669
V206	0	0.16629	0	0.81685	0.01686
V207	0	0.08577	0	0.91423	0
V208	0.07041	0.33535	0.46989	0.07481	0.04953
V209	0.06498	0.21072	0.04753	0.19247	0.4843
V210	0	0.16148	0.83852	0	0
V211	0.06225	0.21328	0.16306	0.17176	0.38966
V212	0	0.699	0.15145	0.12358	0.02598
V213	0.01711	0.17367	0.01231	0.38178	0.41513
V214	0	0.52083	0.43548	0.0437	0
V215	0.14853	0.31841	0.13539	0.19555	0.20211
V216	0	0.2146	0.27984	0.1539	0.35165
V217	0	0.07476	0	0.86806	0.05718
V218	0	0.29096	0.2843	0.38043	0.04431
V219	0.0417	0.35159	0.39003	0.21668	0
V220	0.1213	0.67089	0.13555	0.07226	0
V221	0	0.23152	0.44448	0.08166	0.24235
V222	0	0.14171	0	0.19601	0.66227
V223	0.40062	0.15717	0.30998	0.12114	0.01109
V224	0	0.54209	0.05687	0.19168	0.20937
V225	0.62352	0.23065	0.13837	0	0.00746
V226	0.3799	0.50473	0.0538	0.05876	0.00282
V227	0.02038	0.31732	0.01331	0.63506	0.01393
V228	0.46427	0.16136	0.27032	0.07362	0.03042
V229	0.17373	0.42724	0.29258	0.09697	0.00947
V230	0	0.13474	0	0.19681	0.66845
V231	0	0.57693	0.1123	0.26315	0.04762
V232	0.70684	0.11845	0.17471	0	0
V233	0	0.20149	0.09936	0.2277	0.47144
V234	0	0.37908	0.23596	0.38497	0
V235	0.87955	0.10455	0	0	0.0159
V236	0	0.20837	0.5912	0.18476	0.01566
V237	0.03853	0.22424	0.24539	0.37373	0.11812
V238	0	0.11931	0	0.38449	0.4962
V239	0	0.45134	0.06526	0.27481	0.20859
V240	0.00116	0.76837	0.09526	0.10772	0.02749
V241	0	0.82679	0.10106	0.07214	0
V242	0	0.35772	0.3014	0.31943	0.02144
V243	0.35261	0.17293	0.31361	0.059	0.10185
V244	0	0.43244	0.20601	0.17305	0.18851
V245	0	0.7951	0.11933	0.08557	0
V246	0.50363	0.30951	0.05003	0.05845	0.07838
V247	0.10672	0.26578	0.58853	0.03043	0.00853
V248	0.02618	0.60106	0.06624	0.12292	0.1836
V249	0.1449	0.22433	0.1766	0.21681	0.23736
V250	0	0.20776	0.57699	0.06021	0.15505
V251	0.12114	0.14679	0.0778	0.62708	0.0272
V252	0	0.24794	0.49467	0.18204	0.07535
V253	0.20742	0.53331	0.14046	0.11882	0
V254	0.41509	0.38429	0.0374	0.15283	0.0104
V255	0.72014	0.16851	0	0.02343	0.08791
V256	0	0.69997	0.07907	0.11072	0.11024
V257	0.32924	0.34732	0.16297	0.10756	0.05291
V258	0.0824	0.35615	0.07287	0.48858	0
V259	0.42476	0.3306	0.20238	0.02424	0.01802
V260	0.15668	0.20056	0.07053	0.22947	0.34277
V261	0	0.16955	0.44941	0.31252	0.06852
V262	0.80964	0.12898	0.0448	0	0.01657
V263	0.69867	0.16338	0.0158	0.10348	0.01867
V264	0.00565	0.79047	0.10054	0.10334	0
V265	0.72067	0.17815	0.08104	0	0.02014
V266	0	0.16514	0.01363	0.20323	0.618
V267	0	0.1482	0	0.29029	0.56152
V268	0.10932	0.43877	0.17662	0.25505	0.02023
V269	0.0076	0.38818	0.36472	0.23835	0.00115
V270	0	0.10049	0.00833	0.89118	0
V271	0.15108	0.64737	0.0793	0.11126	0.01099
V272	0.03821	0.73817	0.10813	0.10108	0.01441
V273	0.17838	0.16555	0.15445	0.39669	0.10493
V274	0.01056	0.20643	0	0.33267	0.45034
V275	0	0.63399	0.21825	0.14776	0
V276	0	0.17129	0.62233	0.20638	0
V277	0.27328	0.17144	0.55528	0	0
V278	0	0.15123	0.30027	0.47455	0.07395
V279	0.06088	0.11874	0	0.78666	0.03373
V280	0.1057	0.1424	0.01565	0.66962	0.06664
V281	0	0.26044	0.04725	0.69231	0
V282	0	0.82641	0.09989	0.0737	0
V283	0.24709	0.17369	0.07549	0.1758	0.32794
V284	0	0.26567	0.47542	0.06285	0.19606
V285	0.42032	0.44663	0.04472	0.08232	0.00602
V286	0.00486	0.22113	0.77401	0	0
V287	0.14233	0.20346	0.14929	0.37216	0.13276
V288	0.11335	0.21331	0.57904	0.00546	0.08885
V289	0.07728	0.2824	0.02993	0.61039	0
V290	0.33635	0.45342	0.17832	0.03191	0
V291	0.2925	0.26217	0.01697	0.42721	0.00115
V292	0.02562	0.22652	0.35973	0.12802	0.26011
V293	0	0.25102	0.74898	0	0
V294	0	0.13799	0	0.19109	0.67092
V295	0	0.14346	0.29621	0.52076	0.03958
V296	0.76567	0.18782	0	0	0.04651
V297	0	0.18891	0.70293	0.09782	0.01033
V298	0.18993	0.11805	0	0.61414	0.07788
V299	0.16909	0.1056	0	0.72531	0
V300	0.89314	0.09972	0	0	0.00714
V301	0.86676	0.10523	0	0	0.02801
V302	0	0.11021	0	0.48947	0.40032
V303	0.02373	0.3007	0.19985	0.26612	0.20959
V304	0.1088	0.21076	0.68043	0	0
V305	0.11667	0.37837	0.10485	0.21859	0.18151
V306	0.24446	0.59178	0.06469	0.09675	0.00233
V307	0.13166	0.15351	0.25224	0.46258	0
V308	0.14363	0.20449	0.62085	0.03103	0
V309	0.52354	0.1723	0.04299	0.16793	0.09324
V310	0	0.15651	0	0.24409	0.5994
V311	0	0.07799	0.01609	0.90593	0
V312	0.0016	0.36738	0.24108	0.11276	0.27718
V313	0	0.36483	0.0114	0.40937	0.21441
V314	0.0035	0.15294	0	0.47	0.37356
V315	0.86361	0.10368	0	0	0.03271
V316	0.03676	0.54404	0.29298	0.09657	0.02966
V317	0.28582	0.22474	0.48944	0	0
V318	0.81341	0.10497	0	0	0.08162
V319	0.0324	0.22107	0.74653	0	0
V320	0	0.09939	0	0.90061	0
V321	0.04835	0.38902	0.31842	0.2442	0
V322	0	0.33604	0.53939	0.07104	0.05354
V323	0.15148	0.32452	0.43177	0.0458	0.04643
V324	0	0.12882	0.02223	0.84895	0
V325	0.50646	0.20002	0.0845	0.15632	0.05271
V326	0	0.18196	0	0.28107	0.53698
V327	0.2312	0.47854	0.15222	0.10079	0.03724
V328	0	0.32876	0.18108	0.49016	0
V329	0	0.15572	0.35271	0.49158	0
V330	0.00501	0.22359	0.7714	0	0
V331	0.0462	0.20793	0.04049	0.23855	0.46683
V332	0.35563	0.19871	0.43892	0	0.00674
V333	0.27536	0.18149	0.2814	0.20905	0.05269
V334	0	0.36214	0.53815	0.09306	0.00665
V335	0.60135	0.16612	0.07581	0.06005	0.09667
V336	0.08642	0.55798	0.31563	0.03996	0
V337	0	0.13161	0	0.28996	0.57843
V338	0.60105	0.14755	0.14283	0.02538	0.08319
V339	0.1256	0.52424	0.22823	0.07662	0.04532
V340	0	0.28603	0.08196	0.19272	0.4393
V341	0	0.47889	0.46226	0.0398	0.01906
V342	0.18941	0.27366	0.4379	0.09903	0
V343	0.59462	0.1309	0.27449	0	0
V344	0.03482	0.69103	0.11306	0.11381	0.04728
V345	0.12671	0.17817	0	0.39261	0.30251
V346	0	0.34933	0.3204	0.32939	0.00089
V347	0.01057	0.50764	0.0692	0.39777	0.01483
V348	0	0.24408	0.40023	0.28117	0.07452
V349	0	0.39357	0.52275	0.03588	0.0478
V350	0.03316	0.44463	0.11238	0.319	0.09083
V351	0.07896	0.19433	0.40045	0.32626	0
V352	0.03238	0.53925	0.40773	0.02064	0
V353	0.15738	0.38757	0.04514	0.17947	0.23044
V354	0.46731	0.14141	0.39129	0	0
V355	0	0.17077	0.31823	0.511	0
V356	0.01513	0.22342	0.76145	0	0
V357	0	0.2174	0.45245	0.0938	0.23635
V358	0	0.11325	0.0119	0.87485	0
V359	0	0.18168	0	0.81832	0
V360	0.59447	0.14898	0.08968	0.15791	0.00897
V361	0.24064	0.47931	0.13036	0.08703	0.06266
V362	0.70745	0.12904	0.08686	0	0.07666
V363	0	0.16087	0	0.2815	0.55763
V364	0	0.33468	0.02555	0.50978	0.13
V365	0	0.06875	0	0.91741	0.01384
V366	0.11292	0.22715	0.54676	0.06702	0.04616
V367	0.12618	0.31275	0.20941	0.25107	0.10059
V368	0.64172	0.18601	0.12883	0.00031	0.04314
V369	0	0.59182	0.29598	0.1122	0
V370	0	0.24367	0.10833	0.431	0.217
V371	0	0.8007	0.13847	0.06083	0
V372	0.53187	0.17286	0.14497	0.12838	0.02191
V373	0.04677	0.60803	0.19343	0.15177	0
V374	0.01143	0.20011	0.35561	0.43286	0
V375	0.20619	0.19684	0.56828	0.0287	0
V376	0	0.17251	0.33868	0.1255	0.36331
V377	0.01231	0.50015	0.25409	0.23345	0
V378	0.05784	0.54316	0.21756	0.08957	0.09187
V379	0	0.1743	0.04904	0.22487	0.5518
V380	0	0.16187	0.14799	0.54062	0.14951
V381	0.05978	0.20586	0	0.17465	0.55971
V382	0.2974	0.12181	0	0.39611	0.18468
V383	0	0.12492	0.24936	0.62572	0
V384	0.18036	0.17457	0.15558	0.46566	0.02384
V385	0.00301	0.24722	0	0.17344	0.57632
V386	0.55387	0.10607	0	0.33028	0.00978
V387	0.17239	0.12503	0	0.69055	0.01204
V388	0	0.74586	0.12049	0.13366	0
V389	0.05473	0.70153	0.09225	0.12258	0.02891
V390	0.09328	0.11586	0	0.72315	0.06771
V391	0.61314	0.21591	0.00338	0.10642	0.06115
V392	0.86487	0.12535	0	0	0.00979
V393	0.02226	0.16429	0.12974	0.57739	0.10633
V394	0.59751	0.12272	0.01314	0.1867	0.07993
V395	0	0.12129	0.33764	0.54107	0
V396	0.44612	0.15602	0.39787	0	0
V397	0.56194	0.21099	0.0427	0.14665	0.03773
V398	0	0.13014	0.15005	0.67063	0.04919
V399	0	0.15326	0	0.3777	0.46904
V400	0.08813	0.51124	0.20706	0.19357	0
V401	0.22957	0.17669	0.59374	0	0
V402	0.25767	0.19521	0.42258	0.0795	0.04505
V403	0.064	0.21346	0	0.27701	0.44553
V404	0	0.17054	0.43204	0.39043	0.00699
V405	0.23225	0.31525	0.08834	0.30684	0.05732
V406	0	0.18286	0.81714	0	0
V407	0.78833	0.14409	0.03428	0.009	0.0243
V408	0	0.41241	0.01192	0.3498	0.22587
V409	0.03031	0.13436	0.04108	0.72578	0.06847
V410	0.03335	0.28872	0.2945	0.14505	0.23837
V411	0	0.13323	0	0.19621	0.67056
V412	0	0.26778	0.09575	0.17059	0.46588
V413	0	0.30752	0.15686	0.42269	0.11294
V414	0	0.18327	0	0.53904	0.27768
V415	0.07511	0.16123	0	0.18092	0.58274
V416	0.02453	0.23769	0	0.28845	0.44934
V417	0	0.18298	0.68561	0.10868	0.02274
V418	0.45155	0.402	0.06167	0.05867	0.0261
V419	0.14912	0.17858	0	0.26808	0.40422
V420	0.1338	0.18114	0.05659	0.2079	0.42056
V421	0	0.16702	0.06577	0.20338	0.56384
V422	0	0.10995	0.01886	0.7572	0.114
V423	0.17967	0.2852	0.28686	0.24426	0.00401
V424	0	0.17875	0.42097	0.09122	0.30906
V425	0.24208	0.41174	0.01332	0.14259	0.19027
V426	0.1436	0.25864	0.02297	0.52422	0.05057
V427	0.12807	0.59842	0.22129	0.05222	0
V428	0.02745	0.61247	0.13746	0.17528	0.04733
V429	0.05674	0.70973	0.07931	0.15277	0.00145
V430	0	0.18133	0.35117	0.25517	0.21232
V431	0.03513	0.41021	0.22914	0.30719	0.01832
V432	0.19278	0.19138	0.11647	0.41458	0.08479
V433	0.10061	0.18963	0.48595	0.22381	0
V434	0.14656	0.36423	0.39378	0.05056	0.04487
V435	0.4375	0.19018	0.3642	0.00149	0.00663
V436	0	0.57692	0.1522	0.14676	0.12411
V437	0.10154	0.18301	0	0.30972	0.40573
V438	0.05088	0.36554	0.22211	0.33589	0.02557
V439	0.50065	0.10551	0.03911	0.33659	0.01814
V440	0	0.4057	0.55449	0.02645	0.01336
V441	0	0.51907	0.43649	0.04444	0
V442	0	0.82536	0.10873	0.06591	0
V443	0.86142	0.10865	0	0	0.02993
V444	0.07818	0.43944	0.06954	0.40257	0.01026
V445	0	0.42863	0.0743	0.49707	0
V446	0.03388	0.16439	0.08177	0.6188	0.10116
V447	0	0.14005	0	0.54048	0.31947
V448	0.07696	0.17547	0	0.1918	0.55577
V449	0	0.16247	0.83753	0	0
V450	0.10563	0.23938	0.22787	0.23217	0.19494
V451	0.17514	0.27395	0.07049	0.41513	0.06528
V452	0	0.10526	0.1405	0.73635	0.0179
V453	0	0.11512	0	0.53515	0.34973
V454	0	0.19225	0.60351	0.04891	0.15534
V455	0	0.34119	0.26765	0.14125	0.24992
V456	0.84777	0.1082	0	0	0.04403
V457	0.56129	0.26003	0.05289	0.08777	0.03802
V458	0	0.40488	0.51346	0.07531	0.00636
V459	0.05832	0.18878	0.03304	0.55699	0.16287
V460	0.56142	0.15984	0.19647	0.05756	0.02471
V461	0.09436	0.38492	0.25317	0.11278	0.15478
V462	0	0.18563	0	0.57997	0.2344
V463	0.1252	0.16115	0.00068	0.71296	0
V464	0.0853	0.30895	0.60575	0	0
V465	0	0.23149	0	0.18886	0.57965
V466	0	0.13109	0	0.25279	0.61612
V467	0	0.31208	0.02853	0.60221	0.05718
V468	0.45842	0.34552	0.14441	0.02569	0.02596
V469	0	0.36727	0.06339	0.3606	0.20874
V470	0.73296	0.14829	0.02724	0.06487	0.02663
V471	0.27936	0.34131	0.04423	0.24121	0.09389
V472	0	0.1748	0	0.18935	0.63585
V473	0	0.29082	0.23807	0.36822	0.10289
V474	0.18759	0.22319	0.06669	0.5018	0.02074
V475	0.07105	0.22823	0.54233	0.04969	0.10869
V476	0.07372	0.1572	0.08705	0.64812	0.03392
V477	0	0.82422	0.10899	0.06679	0
V478	0.08686	0.16761	0	0.17735	0.56818
V479	0.73208	0.1497	0.03607	0.05555	0.02659
V480	0.06849	0.60666	0.12175	0.19545	0.00766
V481	0.14758	0.39863	0.09122	0.28078	0.08178
V482	0.04542	0.63853	0.26539	0.05065	0
V483	0.22837	0.50416	0.04382	0.19771	0.02594
V484	0.13545	0.49557	0.16824	0.20074	0
V485	0.54375	0.17507	0.11979	0.13819	0.02319
V486	0	0.24935	0.25468	0.13027	0.36569
V487	0.04589	0.25874	0.39378	0.30159	0
V488	0.29453	0.17053	0	0.42485	0.11009
V489	0	0.31774	0.62838	0.05389	0
V490	0	0.17628	0.66638	0.15734	0
V491	0	0.47965	0.07003	0.20844	0.24188
V492	0	0.2031	0.02504	0.7626	0.00926
V493	0	0.0651	0	0.93481	9e-05
V494	0.219	0.11838	0	0.61081	0.05182
V495	0.21195	0.29941	0.22381	0.23547	0.02936
V496	0.04679	0.22011	0	0.18157	0.55153
V497	0.01417	0.21862	0.10488	0.24	0.42233
V498	0.01434	0.77924	0.11533	0.0911	0
V499	0	0.3278	0.24401	0.16481	0.26338
V500	0.0357	0.48652	0.15782	0.29441	0.02555
V501	0	0.41858	0.00116	0.16242	0.41784
V502	0.06634	0.71959	0.12466	0.08941	0
V503	0.3133	0.16617	0.18634	0.22211	0.11208
V504	0.3671	0.28655	0.00098	0.13315	0.21223
V505	0.50348	0.13577	0.00308	0.16877	0.1889
V506	0	0.51879	0.09373	0.12998	0.2575
V507	0.73904	0.10857	0.02542	0.08106	0.04591
V508	0	0.58735	0.26929	0.10785	0.03551
V509	0	0.47056	0.17392	0.27443	0.08109
V510	0.31668	0.47444	0.09814	0.11074	0
V511	0	0.39699	0.5163	0.05969	0.02702
V512	0.0674	0.47749	0.20988	0.14483	0.10039
V513	0.0974	0.62205	0.14228	0.13017	0.0081
V514	0	0.16749	0.16611	0.18326	0.48313
V515	4e-04	0.20688	0	0.79272	0
V516	0.07817	0.39009	0.14295	0.38879	0
V517	0	0.10979	0.03022	0.85999	0
V518	0.28941	0.17056	0.31222	0.21195	0.01586
V519	0.68881	0.14843	0.0034	0.13619	0.02317
V520	0.00987	0.7633	0.10583	0.121	0
V521	0.11646	0.12813	0.12335	0.63207	0
V522	0	0.3093	0.54057	0.14293	0.0072
V523	0.06907	0.23745	0.69348	0	0
V524	0.24029	0.20262	0.53278	0	0.02431
V525	0	0.30036	0	0.18113	0.5185
V526	0	0.21765	0.78235	0	0
V527	0.00822	0.50553	0.45116	0.03508	0
V528	0.06895	0.11046	0	0.82059	0
V529	0.13015	0.20286	0.66698	0	0
V530	0	0.20684	0.79316	0	0
V531	0.09706	0.5201	0.1313	0.12344	0.12811
V532	0	0.36402	0.28961	0.10342	0.24295
V533	0.17183	0.15744	0	0.1751	0.49563
V534	0.04817	0.15903	0	0.7817	0.01109
V535	0.73878	0.19196	0.05663	0	0.01262
V536	0.03768	0.31739	0.36475	0.10952	0.17066
V537	0	0.15982	0	0.18808	0.65211
V538	0.50569	0.20616	0	0.11455	0.17361
V539	0	0.27247	0.59373	0.10636	0.02744
V540	0.08099	0.48895	0.12711	0.15874	0.14421
V541	0	0.44859	0.02613	0.1664	0.35888
V542	0	0.36282	0.13634	0.47408	0.02677
V543	0	0.27729	0.62549	0.04716	0.05005
V544	0.2236	0.29199	0.17946	0.17016	0.1348
V545	0.55588	0.36773	0.04508	0.02476	0.00654
V546	0.00403	0.71412	0.16437	0.09168	0.02581
V547	0.02696	0.71074	0.07625	0.18547	0.00058
V548	0	0.11789	0	0.88211	0
V549	0	0.13477	0	0.30422	0.56101
V550	0	0.74547	0.18423	0.07031	0
V551	0	0.05965	0	0.94035	0
V552	0.12511	0.18001	0	0.20539	0.48949
V553	0.66894	0.11668	0.0092	0.15302	0.05216
V554	0.01797	0.21585	0.45574	0.31043	0
V555	0	0.81104	0.10543	0.08353	0
V556	0.00265	0.16654	0.0412	0.75784	0.03177
V557	0.20548	0.29704	0.05412	0.41642	0.02694
V558	0	0.1888	0.69947	0.11172	0
V559	0.02381	0.47183	0.47977	0.02156	0.00302
V560	0.54146	0.29346	0.16425	0	0.00083
V561	0.59845	0.13155	0.12705	0.02862	0.11433
V562	0.03713	0.22859	0.12212	0.22637	0.38579
V563	0.11579	0.34477	0.21465	0.20347	0.12131
V564	0.2326	0.1586	0.04103	0.43004	0.13773
V565	0	0.13903	0	0.21625	0.64472
V566	0.19193	0.24179	0.0222	0.41406	0.13002
V567	0	0.16773	0.83227	0	0
V568	0	0.29729	0.41222	0.2905	0
V569	0.50635	0.19378	0.11306	0.15359	0.03322
V570	0.04485	0.17758	0.26546	0.47763	0.03448
V571	0.15432	0.16363	0.21596	0.39036	0.07573
V572	0.7488	0.11281	0	0.00649	0.1319
V573	0	0.21758	0.31571	0.4078	0.05891
V574	0.40099	0.32843	0.10777	0.14761	0.0152
V575	0.24847	0.184	0.09211	0.1899	0.28552
V576	0	0.77613	0.09766	0.09913	0.02709
V577	0.31731	0.47326	0.08941	0.12002	0
V578	0	0.26544	0.47597	0.24471	0.01389
V579	0	0.49544	0.36026	0.08527	0.05903
V580	0.13165	0.51092	0.0646	0.28777	0.00506
V581	0	0.48957	0.41855	0.09188	0
V582	0	0.18511	0.81489	0	0
V583	0.50617	0.15261	0.34122	0	0
V584	0.13489	0.49701	0.15146	0.12925	0.08738
V585	0	0.69201	0.14205	0.1398	0.02615
V586	0	0.69404	0.24891	0.05706	0
V587	0	0.64942	0.05838	0.13567	0.15654
V588	0.14372	0.4395	0.40968	0.0071	0
V589	0.02636	0.42475	0.08299	0.46279	0.00311
V590	0	0.71647	0.06671	0.11294	0.10388
V591	0.36956	0.47805	0.09028	0.06043	0.00168
V592	0	0.19221	0.67982	0.02821	0.09976
V593	0.29781	0.11416	0	0.55408	0.03394
V594	0	0.24876	0.59095	0.14699	0.0133
V595	0.38896	0.152	0.06216	0.36783	0.02905
V596	0.33502	0.27673	0.21673	0.15981	0.01171
V597	0	0.27949	0	0.25131	0.4692
V598	0.46962	0.13066	0	0.10968	0.29005
V599	0.00086	0.42687	0.12812	0.43504	0.00911
V600	0.16766	0.16305	0.16693	0.43204	0.07033
V601	0.0621	0.20514	0	0.54789	0.18487
V602	0.75776	0.21989	0.00768	0	0.01467
V603	0.05061	0.27654	0	0.27534	0.39751
V604	0	0.1968	0.62794	0.10536	0.06991
V605	0	0.21459	0.08335	0.21459	0.48746
V606	0.74778	0.10728	0	0.00715	0.13779
V607	0.07469	0.2564	0	0.17811	0.4908
V608	0.63711	0.13307	0.02245	0.1076	0.09978
V609	0.10298	0.34967	0.02946	0.47065	0.04724
V610	0.02471	0.60806	0.06824	0.299	0
V611	0.17711	0.2174	0.57587	0	0.02962
V612	0.25558	0.20907	0.29454	0.08334	0.15748
V613	0.31924	0.49926	0.09418	0.08732	0
V614	0.40804	0.16033	0	0.19352	0.23812
V615	0	0.17671	0.11638	0.60086	0.10605
V616	0.5401	0.1256	0.1452	0.15412	0.03497
V617	0.12441	0.23644	0.43545	0.12458	0.07913
V618	0.61284	0.18877	0.0652	0.03572	0.09747
V619	0.41511	0.1855	0.13682	0.08667	0.17591
V620	0	0.15849	0.33007	0.51144	0
V621	0.04773	0.3429	0.28699	0.10333	0.21904
V622	0	0.30842	0.3188	0.11092	0.26185
V623	0	0.11746	0	0.74405	0.13849
V624	0.8099	0.10884	0	0	0.08126
V625	0	0.13434	0.08236	0.7833	0
V626	0	0.20177	0.5104	0.28783	0
V627	0.02239	0.30201	0.09536	0.17196	0.40828
V628	0.85987	0.11841	0	0	0.02172
V629	0.04269	0.35556	0.60174	0	0
V630	0	0.28026	0	0.18781	0.53193
V631	0	0.17171	0.21412	0.1535	0.46067
V632	0	0.70386	0.07384	0.13196	0.09034
V633	0	0.14339	0.05851	0.58578	0.21231
V634	0.31203	0.4465	0.19612	0.04536	0
V635	0	0.25102	0.14895	0.16577	0.43427
V636	0.09676	0.28689	0.30325	0.24813	0.06496
V637	0.10682	0.19176	0.37467	0.28017	0.04658
V638	0.00502	0.50374	0.04206	0.19729	0.2519
V639	0.4283	0.41062	0.12221	0.03333	0.00554
V640	0.03252	0.30023	0.07078	0.33422	0.26226
V641	0.0356	0.65537	0.09311	0.21414	0.00178
V642	0.63078	0.12713	0	0.22864	0.01345
V643	0	0.75923	0.15892	0.08185	0
V644	0	0.43022	0.05463	0.50541	0.00975
V645	0.09232	0.66693	0.09228	0.14846	0
V646	0.06012	0.51343	0.07758	0.31402	0.03485
V647	0.84623	0.10853	0	0.0158	0.02943
V648	0.31463	0.20572	0	0.36916	0.11049
V649	0.16254	0.23618	0.05402	0.24673	0.30053
V650	0	0.08453	0.03441	0.88106	0
V651	0.06659	0.2718	0.00061	0.661	0
V652	0.25026	0.12095	0.02244	0.59979	0.00656
V653	0.23163	0.13418	0.04028	0.56934	0.02457
V654	0	0.19998	0	0.21792	0.58211
V655	0.06343	0.19802	0.29026	0.44829	0
V656	0.0297	0.16862	0	0.24768	0.554
V657	0	0.47321	0.06733	0.39562	0.06384
V658	0	0.13905	0	0.66432	0.19663
V659	0	0.11185	0.0557	0.79447	0.03797
V660	0	0.41736	0.01478	0.18075	0.38711
V661	0	0.59838	0.07099	0.26873	0.0619
V662	0	0.47035	0.02927	0.14448	0.3559
V663	0.90139	0.09526	0	0	0.00335
V664	0	0.1362	0.07732	0.47224	0.31424
V665	0	0.57821	0.26978	0.1436	0.00841
V666	0.03119	0.77021	0.13172	0.06688	0
V667	0	0.51273	0.31191	0.16207	0.01328
V668	0.53059	0.28244	0.07409	0.08959	0.02329
V669	0.34967	0.34522	0.0515	0.17874	0.07487
V670	0.02704	0.6058	0.09861	0.13553	0.13301
V671	0.65812	0.13087	0.19264	0	0.01837
V672	0.01516	0.21935	0.06264	0.40195	0.3009
V673	0	0.14227	0	0.25198	0.60574
V674	0.26444	0.24202	0.48483	0	0.00872
V675	0.56492	0.12171	0.02622	0.19185	0.09529
V676	0.1577	0.26241	0.47627	0.01459	0.08904
V677	0	0.32433	0.23291	0.41727	0.02548
V678	0	0.39798	9e-05	0.17854	0.42339
V679	0	0.14616	0.41434	0.4395	0
V680	0.08173	0.15054	0	0.44908	0.31865
V681	0.39041	0.14544	0.03367	0.36365	0.06684
V682	0	0.16247	0.83753	0	0
V683	0	0.33198	0.60108	0.00325	0.06369
V684	0	0.09587	0	0.90413	0
V685	0	0.19798	0.76434	0.03769	0
V686	0.20041	0.56617	0.13795	0.09547	0
V687	0	0.14776	0.52429	0.32794	0
V688	0	0.17176	0.82824	0	0
V689	0.35452	0.19213	0.18209	0.17639	0.09486
V690	0.0412	0.76027	0.10412	0.09441	0
V691	0.06067	0.2219	0.04447	0.65932	0.01364
V692	0	0.13188	0	0.80388	0.06424
V693	0	0.48955	0.47445	0.03601	0
V694	0.01375	0.27303	0.03999	0.63053	0.0427
V695	0.03868	0.27478	0.11865	0.16564	0.40224
V696	0.03994	0.21824	0.68452	0	0.05731
V697	0.0161	0.24798	0.30074	0.37805	0.05712
V698	0	0.18222	0.11772	0.16965	0.53042
V699	0	0.1266	0.01675	0.7042	0.15245
V700	0	0.73191	0.15933	0.08261	0.02615
V701	0	0.27572	0	0.17745	0.54684
V702	0	0.18463	0	0.71042	0.10494
V703	0	0.0915	8e-05	0.90842	0
V704	0	0.2276	0.33956	0.12551	0.30733
V705	0.8474	0.11237	0	0	0.04023
V706	0.06789	0.25245	0.16091	0.47536	0.04338
V707	0.06022	0.25125	0.05323	0.37202	0.26328
V708	0	0.54554	0.43954	0.01492	0
V709	0	0.15572	0	0.18899	0.6553
V710	0.03404	0.23179	0.43392	0.07175	0.22849
V711	0	0.16181	0	0.20078	0.63741
V712	0	0.20822	0.64152	0.15026	0
V713	0.16252	0.44474	0.36627	0.02646	0
V714	0	0.15378	0	0.18631	0.65991
V715	0	0.34643	0.57218	0.0814	0
V716	0.64481	0.23514	0.02737	0.06055	0.03213
V717	0.27527	0.27231	0.11784	0.1455	0.18909
V718	0.56483	0.14216	0.26176	0	0.03124
V719	0.2839	0.3111	0.11695	0.20363	0.08442
V720	0.03718	0.22687	0.04133	0.19993	0.49469
V721	0	0.16625	0	0.20371	0.63003
V722	0	0.28723	0.05818	0.54019	0.1144
V723	0.03212	0.2942	0.12676	0.5444	0.00253
V724	0.05941	0.60128	0.10639	0.23292	0
V725	0	0.14693	0	0.18893	0.66413
V726	0.13771	0.49471	0.09358	0.16417	0.10984
V727	0	0.175	0.825	0	0
V728	0.67049	0.1371	0.12108	0.05076	0.02057
V729	0.49349	0.18999	0.03161	0.27535	0.00956
V730	0.03029	0.19228	0.34907	0.4041	0.02426
V731	0	0.08963	0.03754	0.87283	0
V732	0	0.0642	0	0.9358	0
V733	0	0.19521	0.80479	0	0
V734	0.38172	0.22176	0.35906	0.02716	0.01031
V735	0	0.3032	0.19431	0.15262	0.34986
V736	0	0.16542	0	0.18595	0.64863
V737	0.89411	0.10201	0	0	0.00388
V738	0	0.47829	0.0236	0.15007	0.34804
V739	0	0.0758	0	0.9242	0
V740	0.1192	0.24397	0.07442	0.17479	0.38763
V741	0.3758	0.13185	0	0.39455	0.0978
V742	0	0.21521	0.48213	0.20196	0.1007
V743	0	0.20231	0.02188	0.2623	0.51351
V744	0.10297	0.18765	0.16018	0.53202	0.01718
V745	0.08185	0.13681	0.03085	0.75049	0
V746	0.27663	0.52196	0.09537	0.08441	0.02162
V747	0	0.20181	0.79819	0	0
V748	0.06888	0.32835	0.26895	0.15588	0.17794
V749	0.09845	0.21888	0.11471	0.48132	0.08665
V750	0.67365	0.23997	0.02247	0.04785	0.01606
V751	0	0.42537	0.56906	0.00556	0
V752	0	0.24758	0	0.18084	0.57158
V753	0.41385	0.19184	0.24181	0.06097	0.09153
V754	0.04367	0.35961	0.02531	0.57141	0
V755	0.16816	0.64881	0.11477	0.06826	0
V756	0	0.22973	0	0.22045	0.54982
V757	0.08948	0.12239	0.08449	0.70364	0
V758	0	0.44769	0.03026	0.52204	0
V759	0.00528	0.22819	0.04406	0.17571	0.54676
V760	0	0.20313	0.17863	0.34026	0.27798
V761	0	0.35821	0.64179	0	0
V762	0	0.16488	0.14105	0.45395	0.24012
V763	0	0.34899	0	0.16212	0.48889
V764	0.03308	0.17367	0.07451	0.71799	0.00076
V765	0.08219	0.22646	0.59406	0.04401	0.05328
V766	0	0.50316	0.28351	0.12897	0.08436
V767	0.18447	0.47472	0.10198	0.15085	0.08797
V768	0	0.74807	0.13683	0.1151	0
V769	0.64796	0.13478	0.17882	0	0.03844
V770	0.20656	0.18283	0.4707	0.1399	0
V771	0.00559	0.67447	0.07226	0.18546	0.06221
V772	0	0.19282	0.80718	0	0
V773	0	0.13249	0	0.30155	0.56596
V774	0.06867	0.21501	0.48899	0.04411	0.18322
V775	0.81393	0.11317	0.00949	0.02275	0.04066
V776	0.258	0.43497	0.20179	0.09139	0.01385
V777	0.11975	0.41249	0.27159	0.17726	0.01891
V778	0.40301	0.16609	0	0.3064	0.1245
V779	0	0.46655	0.52232	0.01113	0
V780	0	0.16699	0.83301	0	0
V781	0.08945	0.38946	0.18507	0.11602	0.22
V782	0.14284	0.34117	0.00723	0.16776	0.34099
V783	0	0.1837	0.55661	0.06345	0.19624
V784	0	0.56281	0.05009	0.33963	0.04748
V785	0.61243	0.20153	0.00068	0.13093	0.05442
V786	0.08538	0.269	0.01705	0.62268	0.00589
V787	0.06826	0.56752	0.05061	0.27748	0.03612
V788	0.2803	0.43271	0.1026	0.09407	0.09033
V789	0	0.23146	0	0.47883	0.28972
V790	0.18424	0.31374	0.06118	0.23761	0.20322
V791	0.09782	0.31461	0.06914	0.29849	0.21995
V792	0.85715	0.11683	0.00715	0	0.01887
V793	0.22386	0.33332	0.06217	0.21574	0.16491
V794	0	0.17229	0.04844	0.3093	0.46997
V795	0.06838	0.7444	0.10264	0.08459	0
V796	0.1992	0.41919	0.14498	0.22612	0.0105
V797	0.05538	0.15711	0	0.19502	0.59249
V798	0.05951	0.52188	0.03652	0.20392	0.17816
V799	0	0.22442	0.04617	0.69998	0.02943
V800	0	0.15042	0	0.26671	0.58287
V801	0.25845	0.13643	0.11323	0.47552	0.01638
V802	0	0.30335	0	0.17714	0.51952
V803	0.20092	0.13351	0	0.65372	0.01186
V804	0.10635	0.26266	0.20251	0.40806	0.02041
V805	0.05562	0.2774	0.40972	0.20632	0.05094
V806	0.34133	0.17014	0.17426	0.15481	0.15946
V807	0.60531	0.13102	0.04963	0.08621	0.12782
V808	0.73563	0.12645	0.03686	0.00092	0.10014
V809	0.12527	0.57095	0.0742	0.14077	0.08882
V810	0	0.1755	0.00517	0.53902	0.28031
V811	0	0.23448	0	0.25998	0.50553
V812	0	0.59706	0.25591	0.14459	0.00244
V813	0	0.32375	0.1974	0.12778	0.35108
V814	0.12079	0.52118	0.12026	0.23534	0.00243
V815	0.15747	0.61171	0.10128	0.12954	0
V816	0	0.48016	0.04716	0.4645	0.00818
V817	0.69464	0.14503	0.14898	0	0.01136
V818	0	0.31855	0.32679	0.12499	0.22967
V819	0.85249	0.12223	0.00323	0	0.02206
V820	0	0.39805	0.15188	0.44147	0.00861
V821	0	0.13377	0	0.19055	0.67568
V822	0.10063	0.12145	0	0.77792	0
V823	0	0.2458	0.18396	0.14325	0.42699
V824	0	0.19854	0	0.18232	0.61914
V825	0.05982	0.20355	0.60041	0.13622	0
V826	0	0.18733	0.81267	0	0
V827	0.23971	0.2305	0	0.45945	0.07034
V828	0.14624	0.27385	0.09119	0.19799	0.29073
V829	0.00554	0.24996	0.27704	0.25889	0.20857
V830	0.06096	0.22624	0.63397	0.01229	0.06654
V831	0	0.64854	0.12318	0.22827	0
V832	0.12029	0.16141	0.03086	0.36886	0.31858
V833	0.12486	0.68479	0.08574	0.0885	0.01611
V834	0.64238	0.21236	0.04209	0.04179	0.06138
V835	0.15615	0.33702	0.11081	0.34778	0.04825
V836	0.25892	0.2187	0.42997	0.09241	0
V837	0	0.73048	0.09547	0.13321	0.04084
V838	0	0.07787	0.05339	0.86874	0
V839	0	0.20372	0.0111	0.18235	0.60283
V840	0.83629	0.11895	0.01705	0	0.02771
V841	0.14189	0.18941	0.6687	0	0
V842	0.3928	0.175	0.19705	0.2256	0.00956
V843	0.3315	0.16179	0.12465	0.18196	0.2001
V844	0	0.29277	0.70723	0	0
V845	0	0.09974	0	0.66886	0.2314
V846	0.02737	0.22475	0.05289	0.2205	0.47449
V847	0.11912	0.18084	0.0049	0.2815	0.41365
V848	0.62329	0.1405	0	0.12475	0.11147
V849	0.05337	0.2484	0.65351	0	0.04472
V850	0.1099	0.20635	0.25814	0.2451	0.1805
V851	0.8925	0.09397	0	0	0.01353
V852	0.14335	0.21182	0.05206	0.30178	0.29099
V853	0	0.26482	0.556	0.14526	0.03392
V854	0	0.4039	0.25651	0.16667	0.17292
V855	0.0321	0.41843	0.12176	0.37856	0.04914
V856	0.07924	0.44741	0.06847	0.13579	0.2691
V857	0.00173	0.19099	0.14743	0.48568	0.17417
V858	0	0.37918	0.20258	0.28717	0.13108
V859	0.05221	0.1283	0	0.80021	0.01927
V860	0	0.21765	0.0623	0.68474	0.0353
V861	0.06076	0.14846	0.1194	0.67139	0
V862	0	0.17124	0	0.25275	0.57601
V863	0	0.79723	0.11092	0.09185	0
V864	0	0.19666	0.80334	0	0
V865	0	0.20217	0.59341	0.20442	0
V866	0	0.2084	0.57769	0.21391	0
V867	0.45991	0.15201	0	0.11233	0.27575
V868	0.13336	0.32101	0.40979	0.13577	7e-05
V869	0	0.14161	0	0.19691	0.66147
V870	0.17269	0.26485	0.07835	0.34362	0.14049
V871	0	0.20993	0.05317	0.24509	0.49182
V872	0.27296	0.14807	0	0.54604	0.03293
V873	0	0.36643	0.17336	0.42687	0.03333
V874	0.00979	0.20858	0	0.18375	0.59788
V875	0	0.24544	0.00728	0.56217	0.18511
V876	0.35534	0.19814	0.03589	0.14812	0.26251
V877	0.15213	0.57349	0.1041	0.17029	0
V878	0	0.6122	0.10532	0.28248	0
V879	0.82201	0.14069	0.00666	0	0.03064
V880	0.00799	0.21065	0	0.5209	0.26045
V881	0	0.18494	0.46337	0.07572	0.27596
V882	0	0.45813	0.05424	0.48764	0
V883	0.39048	0.25038	0.01504	0.26631	0.07779
V884	0	0.1264	0	0.19668	0.67692
V885	0.06938	0.24091	0.35203	0.18629	0.15139
V886	0	0.12745	0	0.35125	0.52129
V887	0.03279	0.7745	0.09764	0.08804	0.00704
V888	0	0.19626	0.04622	0.72016	0.03736
V889	0.05498	0.72178	0.12366	0.09958	0
V890	0	0.12877	0.11906	0.67423	0.07794
V891	0	0.18902	0.81098	0	0
V892	0.48899	0.29396	0.03269	0.07646	0.1079
V893	0.05925	0.31641	0.49725	0.09643	0.03066
V894	0.02935	0.51022	0.09572	0.34283	0.02188
V895	0.57933	0.13917	0.27431	0	0.00719
V896	0.1146	0.3009	0.24876	0.33574	0
V897	0	0.08551	0.00779	0.81469	0.09201
V898	0.28197	0.15257	0	0.18597	0.37949
V899	0.47239	0.34562	0.11774	0.03182	0.03243
V900	0.14945	0.31497	0.28401	0.24973	0.00183
V901	0.55563	0.14981	0	0.22491	0.06965
V902	0.74701	0.1474	0.01511	0.0322	0.05828
V903	0.17324	0.1824	0.06879	0.5533	0.02226
V904	0.63103	0.18849	0.16324	0	0.01724
V905	0	0.35338	0.07479	0.41022	0.16161
V906	0.05779	0.23376	0.42105	0.13631	0.15109
V907	0.60538	0.19515	0.07136	0.08084	0.04728
V908	0	0.35071	0.06679	0.55049	0.032
V909	0	0.17582	0	0.76991	0.05427
V910	0.56934	0.232	0.01924	0.10903	0.07039
V911	0	0.3559	0.50756	0.03998	0.09656
V912	0	0.1939	0.10628	0.21117	0.48866
V913	0.06291	0.14574	0.05542	0.69936	0.03658
V914	0.65963	0.13455	0.00502	0.14374	0.05707
V915	0.11065	0.30886	0.03131	0.16753	0.38164
V916	0.6759	0.14412	0.10943	0	0.07055
V917	0.33526	0.16513	0	0.16636	0.33324
V918	0.46818	0.243	0.23137	0.03785	0.0196
V919	0.30914	0.23805	0.01411	0.36937	0.06932
V920	0.09883	0.13301	0.10598	0.66218	0
V921	0.10636	0.31175	0.10204	0.14676	0.33309
V922	0	0.20849	0.62744	0.01327	0.1508
V923	0.0753	0.49495	0.04789	0.17694	0.20492
V924	0.39274	0.19007	0	0.33893	0.07826
V925	0.05777	0.26586	0.45593	0.18529	0.03515
V926	0	0.15565	0	0.19364	0.65071
V927	0.41154	0.30523	0.13816	0.13487	0.0102
V928	0.03847	0.35165	0.22741	0.2591	0.12337
V929	0	0.36639	0	0.16004	0.47357
V930	0	0.20287	0	0.18512	0.61202
V931	0.37004	0.23701	0.00045	0.17825	0.21425
V932	0	0.23291	0.0187	0.42435	0.32404
V933	0.20068	0.1478	0.01965	0.39098	0.24089
V934	0.56755	0.17407	0.25837	0	0
V935	0.45748	0.21565	0.12635	0.11247	0.08804
V936	0.20305	0.17856	0.11166	0.48717	0.01955
V937	0.0679	0.63685	0.17135	0.11656	0.00733
V938	0.02349	0.78577	0.11887	0.07188	0
V939	0	0.11273	0	0.427	0.46027
V940	0.44135	0.19726	0.0729	0.13566	0.15283
V941	0	0.21156	0.10865	0.52234	0.15745
V942	0.67414	0.26637	0.02728	0.01646	0.01574
V943	0	0.25795	0.00579	0.18228	0.55398
V944	0.2284	0.14932	0.10911	0.51085	0.00232
V945	0	0.36227	0.57104	0.04603	0.02066
V946	0	0.48878	0.51068	0.00053	0
V947	0.28032	0.1677	0	0.26202	0.28997
V948	0.01233	0.64398	0.1062	0.20367	0.03382
V949	0.78544	0.17496	0.03008	0	0.00952
V950	0	0.11934	0	0.88066	0
V951	0.21052	0.12892	0	0.57602	0.08453
V952	0.05484	0.15335	0.02469	0.68573	0.08138
V953	0.35797	0.17738	0.00013	0.43627	0.02825
V954	0.15788	0.50851	0.11023	0.16235	0.06103
V955	0	0.18389	0.50906	0.30705	0
V956	0	0.44763	0.13565	0.41607	0.00064
V957	0.04182	0.67559	0.13629	0.14631	0
V958	0	0.75416	0.09384	0.13841	0.01358
V959	0	0.22095	0.75882	0.01454	0.00569
V960	0.38671	0.18414	0.13966	0.17881	0.11068
V961	0	0.77496	0.0972	0.10064	0.0272
V962	0.10561	0.23571	0	0.21194	0.44674
V963	0	0.14322	0.3866	0.47017	0
V964	0	0.175	0.825	0	0
V965	0	0.12932	0.40074	0.45524	0.01469
V966	0	0.17843	0.43761	0.1438	0.24016
V967	0.26318	0.48767	0.0446	0.10723	0.09731
V968	0	0.80907	0.10433	0.08659	0
V969	0.04265	0.49523	0.18238	0.21372	0.06602
V970	0.08108	0.43561	0.4751	0.00797	0.00023
V971	0.61443	0.16854	0.17997	0.01439	0.02268
V972	0.02134	0.75837	0.08812	0.13217	0
V973	0	0.18574	0.50305	0.25511	0.0561
V974	0	0.62843	0.16908	0.18489	0.01759
V975	0	0.81872	0.09948	0.0818	0
V976	0	0.13488	0	0.23347	0.63165
V977	0	0.25132	0.12184	0.2532	0.37365
V978	0.25305	0.25092	0.20817	0.21095	0.0769
V979	0.81922	0.16863	0	0	0.01214
V980	0.21483	0.22767	0.108	0.24111	0.20839
V981	0	0.23178	0	0.19314	0.57509
V982	0.27797	0.42629	0.16129	0.09455	0.0399
V983	0.54653	0.27119	0.0156	0.06169	0.10499
V984	0.07481	0.16682	0.09789	0.61225	0.04823
V985	0	0.15165	0.0751	0.77325	0
V986	0.39562	0.23771	0.35981	0	0.00686
V987	0	0.31678	0.64648	0.03675	0
V988	0	0.2152	0.48155	0.30101	0.00224
V989	0	0.1665	0	0.19141	0.64209
V990	0.03409	0.43786	0.00129	0.24339	0.28338
V991	0	0.24912	0.05668	0.18088	0.51332
V992	0.77924	0.19278	0.00731	0	0.02068
V993	0	0.18024	0.50625	0.18594	0.12757
V994	0	0.78964	0.10905	0.10132	0
V995	0	0.24447	0.54119	0.13272	0.08163
V996	0	0.11621	0.04819	0.63425	0.20135
V997	0.13667	0.23661	0.12293	0.15836	0.34542
V998	0	0.11395	0	0.86033	0.02573
V999	0.03422	0.16751	0.09108	0.59176	0.11542
V1000	0	0.16102	0.83898	0	0
