mature.neutrophil	CD14.pos.CD16.neg.classical.monocyte	macrophage	memory.CD4.pos.AB.T.cell	cytotoxic.CD56.dim.NK.cell
V1	0.25196	0.23404	0.2211	0.1779	0.115
V2	0.06147	0.68546	0.07082	0.12471	0.05753
V3	0.06628	0.16687	0.34784	0.39362	0.0254
V4	0.02593	0.18299	0.20241	0.07497	0.5137
V5	0.03171	0.15317	0.07058	0.10933	0.63521
V6	0.25684	0.16427	0.23513	0.24953	0.09422
V7	0.02229	0.2118	0.33664	0.09787	0.3314
V8	0.02473	0.23799	0.60195	0.11453	0.02079
V9	0.06387	0.12256	0.22307	0.57049	0.02001
V10	0.33977	0.19825	0.35633	0.0687	0.03694
V11	0.04405	0.17132	0.10381	0.0819	0.59892
V12	0.07806	0.15544	0.19512	0.28947	0.2819
V13	0.11964	0.14477	0.05352	0.40091	0.28116
V14	0.14322	0.09487	0.08062	0.60101	0.08027
V15	0.04604	0.0807	0.0194	0.821	0.03285
V16	0.43892	0.14899	0.03248	0.35569	0.02391
V17	0.06743	0.30769	0.03688	0.08837	0.49963
V18	0.08177	0.41681	0.2284	0.24593	0.0271
V19	0.04293	0.15163	0.02363	0.1235	0.65832
V20	0.01892	0.20428	0.52101	0.22978	0.02602
V21	0.03272	0.31943	0.12987	0.17973	0.33825
V22	0.60647	0.18307	0.07662	0.09167	0.04217
V23	0.07738	0.15396	0.04154	0.14128	0.58583
V24	0.35731	0.21263	0.04013	0.10278	0.28716
V25	0.04042	0.13263	0.03405	0.39496	0.39795
V26	0.36817	0.2694	0.07339	0.10534	0.1837
V27	0.10893	0.48557	0.17472	0.06918	0.1616
V28	0.044	0.16162	0.18081	0.57416	0.03941
V29	0.02548	0.12883	0.27323	0.54573	0.02674
V30	0.55281	0.19529	0.04563	0.10648	0.09979
V31	0.33589	0.21058	0.03344	0.26616	0.15394
V32	0.68237	0.12045	0.03016	0.10408	0.06294
V33	0.03625	0.27248	0.03673	0.13245	0.52209
V34	0.11833	0.73148	0.03109	0.09019	0.02891
V35	0.08876	0.56113	0.23198	0.09505	0.02307
V36	0.03733	0.27453	0.15708	0.11344	0.41762
V37	0.56164	0.12498	0.02213	0.09392	0.19733
V38	0.10256	0.19365	0.37329	0.21111	0.11939
V39	0.24546	0.19612	0.27177	0.06914	0.21751
V40	0.19665	0.54436	0.03924	0.17038	0.04938
V41	0.05872	0.73735	0.03729	0.07897	0.08767
V42	0.63813	0.1478	0.04026	0.10225	0.07157
V43	0.35496	0.24221	0.28082	0.09513	0.02688
V44	0.04021	0.36998	0.43017	0.06013	0.09951
V45	0.04745	0.59562	0.10526	0.19594	0.05573
V46	0.10944	0.66523	0.08455	0.10328	0.0375
V47	0.01852	0.25102	0.64212	0.05981	0.02852
V48	0.14014	0.22154	0.19722	0.329	0.11209
V49	0.34995	0.23386	0.19811	0.19144	0.02665
V50	0.03261	0.25788	0.62794	0.05933	0.02225
V51	0.0922	0.33176	0.18032	0.10265	0.29307
V52	0.06491	0.78179	0.03246	0.09095	0.02989
V53	0.04713	0.19068	0.02726	0.71081	0.02412
V54	0.18759	0.0932	0.03177	0.52877	0.15867
V55	0.08529	0.06764	0.01887	0.8029	0.02529
V56	0.08193	0.07031	0.02523	0.71694	0.10559
V57	0.12409	0.27017	0.4233	0.07947	0.10297
V58	0.07188	0.14375	0.1323	0.20341	0.44865
V59	0.626	0.14561	0.09386	0.1035	0.03102
V60	0.32961	0.26734	0.12338	0.17697	0.10269
V61	0.16659	0.13466	0.04648	0.2311	0.42117
V62	0.05956	0.18661	0.25289	0.149	0.35193
V63	0.31252	0.3074	0.07471	0.09818	0.20719
V64	0.68474	0.13332	0.04214	0.10404	0.03576
V65	0.08926	0.1458	0.05363	0.5861	0.12521
V66	0.04545	0.09483	0.12686	0.70522	0.02764
V67	0.02347	0.18936	0.27779	0.11496	0.39442
V68	0.337	0.17614	0.3113	0.09875	0.07682
V69	0.43602	0.22408	0.1783	0.09434	0.06726
V70	0.06733	0.61849	0.06219	0.21512	0.03688
V71	0.09499	0.67655	0.06357	0.13351	0.03138
V72	0.04795	0.41388	0.04525	0.07877	0.41415
V73	0.06757	0.10798	0.10412	0.53883	0.1815
V74	0.03663	0.11478	0.0263	0.74312	0.07917
V75	0.35148	0.27643	0.25535	0.08411	0.03263
V76	0.0361	0.07291	0.03326	0.79154	0.06619
V77	0.03139	0.23958	0.61863	0.08924	0.02116
V78	0.01856	0.25323	0.6347	0.06546	0.02805
V79	0.07876	0.40576	0.05798	0.17607	0.28143
V80	0.11836	0.64155	0.02786	0.1206	0.09163
V81	0.02533	0.25079	0.64137	0.05991	0.02259
V82	0.20164	0.19898	0.04662	0.5243	0.02844
V83	0.09749	0.15035	0.03975	0.52096	0.19145
V84	0.089	0.25203	0.02965	0.0904	0.53892
V85	0.01878	0.25036	0.6418	0.0663	0.02276
V86	0.03784	0.30012	0.25835	0.37689	0.0268
V87	0.36041	0.10547	0.05746	0.44283	0.03384
V88	0.24962	0.23388	0.06775	0.22715	0.2216
V89	0.04774	0.27727	0.56504	0.0892	0.02076
V90	0.03395	0.26541	0.07069	0.12872	0.50122
V91	0.03336	0.08178	0.08345	0.7782	0.0232
V92	0.19569	0.16589	0.04687	0.09611	0.49545
V93	0.02926	0.17501	0.15129	0.48495	0.15949
V94	0.04983	0.24197	0.04232	0.25045	0.41543
V95	0.06656	0.29244	0.04306	0.13615	0.4618
V96	0.58522	0.13198	0.04478	0.10905	0.12897
V97	0.13923	0.15988	0.06058	0.14254	0.49776
V98	0.05734	0.39639	0.16935	0.16055	0.21638
V99	0.40017	0.19809	0.02705	0.2639	0.11079
V100	0.40849	0.23768	0.06582	0.11962	0.16839
V101	0.07147	0.77056	0.03912	0.0897	0.02915
V102	0.24547	0.29843	0.13323	0.15536	0.16751
V103	0.11684	0.13891	0.02894	0.09028	0.62502
V104	0.05324	0.42388	0.09392	0.08072	0.34824
V105	0.03259	0.15627	0.05691	0.1174	0.63682
V106	0.05763	0.66483	0.14968	0.07808	0.04978
V107	0.05228	0.33075	0.49312	0.09745	0.0264
V108	0.03015	0.32383	0.56372	0.06002	0.02229
V109	0.06532	0.27127	0.07028	0.28638	0.30674
V110	0.15178	0.47304	0.17419	0.16714	0.03386
V111	0.21918	0.31859	0.36816	0.07228	0.02179
V112	0.15729	0.10922	0.10969	0.4518	0.172
V113	0.19575	0.14304	0.10842	0.18028	0.37251
V114	0.43506	0.16937	0.06437	0.22303	0.10817
V115	0.64199	0.11883	0.0286	0.1044	0.10618
V116	0.03677	0.14996	0.0246	0.0998	0.68887
V117	0.05147	0.2271	0.56606	0.11897	0.03641
V118	0.0613	0.06772	0.01903	0.8129	0.03905
V119	0.2467	0.16838	0.30945	0.25539	0.02008
V120	0.0241	0.22121	0.57232	0.13971	0.04266
V121	0.17558	0.63079	0.02828	0.08735	0.078
V122	0.04521	0.39278	0.0946	0.26043	0.20698
V123	0.37755	0.15136	0.08469	0.22981	0.15659
V124	0.17859	0.20256	0.07499	0.24333	0.30053
V125	0.04795	0.46372	0.3909	0.06934	0.0281
V126	0.13063	0.27327	0.19602	0.15093	0.24915
V127	0.20523	0.19992	0.4656	0.10386	0.02539
V128	0.18508	0.65678	0.03608	0.08214	0.03993
V129	0.207	0.17835	0.23033	0.19882	0.1855
V130	0.04313	0.4716	0.05936	0.26273	0.16318
V131	0.03493	0.11468	0.19999	0.62969	0.02071
V132	0.28879	0.11805	0.0199	0.35388	0.21938
V133	0.02025	0.22619	0.42335	0.11866	0.21155
V134	0.06511	0.23307	0.54964	0.07538	0.07679
V135	0.03314	0.27134	0.52249	0.07638	0.09665
V136	0.69994	0.12203	0.03147	0.10867	0.03789
V137	0.65778	0.13847	0.02931	0.12398	0.05045
V138	0.20253	0.23082	0.08894	0.17355	0.30416
V139	0.11516	0.09846	0.14699	0.61304	0.02635
V140	0.04152	0.16061	0.14513	0.07901	0.57374
V141	0.03132	0.32522	0.47968	0.13747	0.02632
V142	0.16801	0.16549	0.2733	0.16004	0.23315
V143	0.03128	0.29801	0.38134	0.16855	0.12082
V144	0.38892	0.26805	0.08005	0.17985	0.08312
V145	0.01808	0.25021	0.6275	0.07098	0.03323
V146	0.04765	0.35131	0.02999	0.33136	0.23969
V147	0.08315	0.23959	0.49428	0.141	0.04197
V148	0.14564	0.67128	0.03585	0.10799	0.03925
V149	0.0382	0.06953	0.01966	0.81139	0.06122
V150	0.11804	0.31043	0.43807	0.06097	0.07249
V151	0.34694	0.10525	0.03155	0.41106	0.1052
V152	0.03745	0.08883	0.11193	0.68666	0.07513
V153	0.13745	0.29016	0.35999	0.10078	0.11162
V154	0.1104	0.54364	0.04625	0.09668	0.20302
V155	0.05307	0.09513	0.12646	0.69793	0.02741
V156	0.08815	0.19242	0.32138	0.17181	0.22625
V157	0.08833	0.17044	0.15674	0.27747	0.30702
V158	0.15406	0.18396	0.34901	0.09537	0.21761
V159	0.11178	0.23845	0.03404	0.56705	0.04867
V160	0.34985	0.24278	0.10024	0.10987	0.19725
V161	0.17709	0.16018	0.07334	0.08121	0.50817
V162	0.01919	0.25681	0.64057	0.06041	0.02301
V163	0.06341	0.1461	0.03599	0.11132	0.64319
V164	0.67158	0.15282	0.03645	0.10892	0.03023
V165	0.45744	0.26776	0.09207	0.1253	0.05743
V166	0.06337	0.11915	0.20957	0.52986	0.07805
V167	0.04859	0.57618	0.04027	0.186	0.14896
V168	0.01919	0.25681	0.64057	0.06041	0.02301
V169	0.06203	0.60556	0.15628	0.14073	0.03541
V170	0.2056	0.38064	0.07073	0.23507	0.10797
V171	0.23525	0.20851	0.29347	0.20779	0.05497
V172	0.15243	0.2929	0.08316	0.08982	0.38169
V173	0.17968	0.18385	0.09665	0.39613	0.14369
V174	0.16896	0.16192	0.2897	0.21679	0.16264
V175	0.07655	0.23932	0.12057	0.20287	0.36069
V176	0.30347	0.09079	0.02536	0.55671	0.02367
V177	0.15349	0.2014	0.42228	0.19779	0.02503
V178	0.21114	0.19996	0.35547	0.15485	0.07858
V179	0.09454	0.1521	0.02923	0.09027	0.63387
V180	0.03702	0.19472	0.28207	0.06898	0.41721
V181	0.06915	0.32334	0.02404	0.11706	0.46641
V182	0.43521	0.26288	0.02839	0.21994	0.05358
V183	0.07995	0.76911	0.0319	0.08303	0.036
V184	0.24644	0.14604	0.24795	0.32242	0.03715
V185	0.09907	0.45787	0.04482	0.19232	0.20591
V186	0.12265	0.24508	0.04825	0.27061	0.31341
V187	0.08509	0.59105	0.02702	0.26519	0.03165
V188	0.61401	0.13707	0.05118	0.16673	0.03101
V189	0.35837	0.26628	0.05386	0.29265	0.02884
V190	0.3123	0.19792	0.1911	0.08525	0.21344
V191	0.18753	0.24938	0.02768	0.42529	0.11013
V192	0.25576	0.25457	0.12585	0.24491	0.11891
V193	0.06677	0.3131	0.40287	0.09227	0.125
V194	0.21409	0.17455	0.09446	0.15246	0.36444
V195	0.42195	0.25779	0.20405	0.08822	0.028
V196	0.03167	0.14717	0.0706	0.10989	0.64068
V197	0.07752	0.74695	0.03091	0.11003	0.03458
V198	0.19238	0.2753	0.0551	0.2369	0.24032
V199	0.55402	0.15297	0.18608	0.08304	0.02389
V200	0.56726	0.12171	0.05032	0.10721	0.1535
V201	0.05624	0.07925	0.03924	0.66301	0.16225
V202	0.67125	0.15662	0.02524	0.11045	0.03644
V203	0.41169	0.29077	0.04734	0.1278	0.12241
V204	0.26979	0.19047	0.0532	0.08235	0.40419
V205	0.10373	0.1726	0.11679	0.1237	0.48318
V206	0.06148	0.14015	0.01957	0.72797	0.05083
V207	0.04604	0.0807	0.0194	0.821	0.03285
V208	0.12998	0.31144	0.37231	0.1003	0.08596
V209	0.13515	0.16503	0.10125	0.09789	0.50067
V210	0.01835	0.24871	0.63922	0.06556	0.02816
V211	0.13172	0.17865	0.18155	0.09202	0.41606
V212	0.06703	0.66329	0.09166	0.10801	0.07
V213	0.09899	0.12558	0.0746	0.2696	0.43123
V214	0.03743	0.5218	0.3227	0.0775	0.04056
V215	0.20156	0.28999	0.13312	0.13412	0.24121
V216	0.05882	0.20177	0.27129	0.09335	0.37477
V217	0.03497	0.06995	0.04014	0.76854	0.08639
V218	0.07421	0.26289	0.24541	0.33273	0.08476
V219	0.1127	0.32507	0.3136	0.22254	0.0261
V220	0.17314	0.6341	0.07635	0.08473	0.03168
V221	0.04844	0.23153	0.38536	0.06896	0.26571
V222	0.04255	0.14919	0.03054	0.10265	0.67508
V223	0.38254	0.15773	0.2557	0.17271	0.03132
V224	0.0522	0.51162	0.04615	0.1397	0.25032
V225	0.52484	0.23938	0.12153	0.0844	0.02985
V226	0.37694	0.47316	0.02729	0.08849	0.03412
V227	0.09667	0.26683	0.02792	0.55928	0.04929
V228	0.4228	0.16778	0.22551	0.13551	0.0484
V229	0.21541	0.40308	0.22825	0.10823	0.04504
V230	0.04274	0.14327	0.03068	0.10366	0.67965
V231	0.06999	0.54393	0.07484	0.22112	0.09012
V232	0.57689	0.14722	0.16099	0.09067	0.02423
V233	0.06395	0.17038	0.13928	0.13737	0.48902
V234	0.03548	0.37814	0.19276	0.35342	0.0402
V235	0.69273	0.12399	0.02548	0.12569	0.03212
V236	0.07517	0.19887	0.46896	0.20329	0.05371
V237	0.11127	0.19581	0.22819	0.31018	0.15455
V238	0.03367	0.12567	0.02855	0.29599	0.51613
V239	0.07086	0.4051	0.06516	0.21432	0.24456
V240	0.07406	0.723	0.03686	0.09278	0.0733
V241	0.06472	0.78307	0.03236	0.0834	0.03644
V242	0.04637	0.35097	0.25303	0.28455	0.06508
V243	0.35031	0.16922	0.26459	0.09471	0.12116
V244	0.04227	0.41982	0.17664	0.13083	0.23044
V245	0.06115	0.75704	0.05249	0.10154	0.02779
V246	0.46587	0.29957	0.04762	0.09111	0.09582
V247	0.15256	0.25177	0.44963	0.10393	0.04211
V248	0.09432	0.55129	0.04653	0.08288	0.22498
V249	0.20107	0.19693	0.18336	0.14488	0.27376
V250	0.03187	0.22693	0.47568	0.08426	0.18127
V251	0.18538	0.11356	0.09476	0.5474	0.0589
V252	0.03553	0.25773	0.42152	0.17289	0.11232
V253	0.24665	0.50748	0.09332	0.11688	0.03568
V254	0.41143	0.36739	0.02463	0.159	0.03755
V255	0.60149	0.17241	0.02319	0.11351	0.0894
V256	0.05263	0.66691	0.04208	0.08308	0.15529
V257	0.34207	0.33128	0.13682	0.10728	0.08255
V258	0.14603	0.31691	0.06324	0.44525	0.02857
V259	0.40174	0.31495	0.16034	0.08332	0.03965
V260	0.21157	0.16548	0.1081	0.13755	0.37729
V261	0.03434	0.18698	0.39488	0.27726	0.10654
V262	0.65462	0.14008	0.06414	0.10854	0.03263
V263	0.58575	0.16697	0.03403	0.18705	0.02619
V264	0.07698	0.74076	0.03774	0.11684	0.02767
V265	0.59648	0.1824	0.08253	0.10783	0.03076
V266	0.03739	0.15054	0.0905	0.0991	0.62248
V267	0.06354	0.13495	0.02846	0.19566	0.57739
V268	0.16934	0.41244	0.13748	0.22157	0.05916
V269	0.08348	0.35931	0.29456	0.21805	0.04459
V270	0.06637	0.07317	0.04649	0.79069	0.02329
V271	0.19936	0.61378	0.03467	0.10113	0.05106
V272	0.1047	0.69521	0.04988	0.09157	0.05863
V273	0.23127	0.13973	0.16111	0.32863	0.13926
V274	0.0933	0.15882	0.0545	0.22536	0.46802
V275	0.05465	0.61185	0.14934	0.14853	0.03563
V276	0.02562	0.20509	0.50128	0.23103	0.03699
V277	0.26607	0.19537	0.42649	0.07033	0.04174
V278	0.02468	0.16887	0.27902	0.41594	0.11149
V279	0.13845	0.07824	0.03163	0.68958	0.06209
V280	0.17134	0.10389	0.05207	0.57774	0.09496
V281	0.04586	0.23735	0.05579	0.6319	0.02911
V282	0.07225	0.77609	0.03213	0.08329	0.03624
V283	0.28208	0.14918	0.11249	0.09694	0.35931
V284	0.03549	0.27282	0.4061	0.06171	0.22388
V285	0.40764	0.41988	0.02593	0.11351	0.03305
V286	0.07253	0.23831	0.57544	0.08793	0.0258
V287	0.19911	0.17666	0.15554	0.29932	0.16936
V288	0.15557	0.2086	0.45594	0.06691	0.11299
V289	0.14438	0.23949	0.04086	0.54639	0.02888
V290	0.33806	0.42701	0.13103	0.07923	0.02467
V291	0.3275	0.23494	0.02766	0.38028	0.02962
V292	0.10208	0.201	0.32225	0.09025	0.28441
V293	0.02053	0.28416	0.56748	0.09565	0.03219
V294	0.03574	0.1509	0.03116	0.0977	0.6845
V295	0.0318	0.15551	0.27054	0.46457	0.07757
V296	0.62548	0.18923	0.02427	0.11045	0.05056
V297	0.03124	0.22063	0.54668	0.15318	0.04826
V298	0.24671	0.08967	0.02524	0.53005	0.10833
V299	0.22879	0.07384	0.0314	0.64304	0.02294
V300	0.69904	0.12584	0.02609	0.11584	0.03318
V301	0.68688	0.11824	0.03031	0.12869	0.03587
V302	0.03373	0.11303	0.02774	0.40408	0.42142
V303	0.09854	0.26259	0.18989	0.20421	0.24477
V304	0.14512	0.23312	0.51999	0.06544	0.03633
V305	0.17456	0.34566	0.09884	0.15784	0.2231
V306	0.27472	0.56029	0.02785	0.09777	0.03937
V307	0.19097	0.13343	0.22779	0.42778	0.02003
V308	0.17733	0.20534	0.47008	0.12205	0.02519
V309	0.48402	0.16497	0.06364	0.18077	0.1066
V310	0.04884	0.15293	0.02924	0.1538	0.61519
V311	0.04226	0.06775	0.05429	0.8052	0.03049
V312	0.08186	0.32496	0.21608	0.06852	0.30858
V313	0.07	0.3168	0.03607	0.33068	0.24645
V314	0.08712	0.11863	0.02672	0.37759	0.38994
V315	0.68642	0.12152	0.03597	0.10414	0.05195
V316	0.10118	0.51379	0.2194	0.09361	0.07201
V317	0.28266	0.2323	0.37595	0.07215	0.03693
V318	0.66033	0.12	0.02917	0.10086	0.08964
V319	0.08819	0.25565	0.56452	0.07072	0.02093
V320	0.09199	0.06306	0.02534	0.78882	0.0308
V321	0.11767	0.35913	0.25692	0.2278	0.03848
V322	0.02544	0.34878	0.43407	0.09836	0.09336
V323	0.19284	0.30535	0.33887	0.08342	0.07952
V324	0.05823	0.10338	0.05372	0.75552	0.02914
V325	0.46782	0.19438	0.09059	0.17846	0.06874
V326	0.06021	0.14896	0.0686	0.17407	0.54815
V327	0.26633	0.45326	0.11309	0.09501	0.07231
V328	0.0578	0.30732	0.15319	0.44793	0.03376
V329	0.02514	0.17499	0.3113	0.46221	0.02636
V330	0.07186	0.24155	0.57566	0.05719	0.05373
V331	0.1209	0.16026	0.09502	0.13944	0.48438
V332	0.33682	0.20673	0.33954	0.07453	0.04237
V333	0.30303	0.17004	0.25191	0.1955	0.07952
V334	0.04792	0.35621	0.42069	0.12535	0.04983
V335	0.52579	0.16765	0.08848	0.11379	0.10429
V336	0.14139	0.52497	0.22954	0.06923	0.03487
V337	0.03345	0.13825	0.036	0.19851	0.5938
V338	0.51744	0.15462	0.13982	0.09784	0.09028
V339	0.17536	0.49659	0.17235	0.07065	0.08505
V340	0.0462	0.26029	0.11251	0.11021	0.47079
V341	0.03402	0.48166	0.35044	0.06916	0.06472
V342	0.22178	0.25916	0.3429	0.15556	0.02059
V343	0.4938	0.16089	0.23371	0.08906	0.02254
V344	0.1001	0.65095	0.06243	0.09593	0.09059
V345	0.18743	0.14736	0.02666	0.30207	0.33647
V346	0.04588	0.3436	0.26705	0.29814	0.04532
V347	0.08556	0.46279	0.04473	0.35097	0.05596
V348	0.03099	0.25418	0.35494	0.24434	0.11555
V349	0.06289	0.37143	0.40513	0.07345	0.08709
V350	0.10368	0.40418	0.09413	0.26676	0.13124
V351	0.14398	0.17758	0.33873	0.30877	0.03094
V352	0.09904	0.5077	0.29219	0.07276	0.02831
V353	0.20861	0.35228	0.05612	0.11123	0.27176
V354	0.40612	0.18424	0.31483	0.07279	0.02201
V355	0.08469	0.14699	0.27544	0.46729	0.02559
V356	0.07928	0.23699	0.56642	0.07531	0.042
V357	0.04782	0.2191	0.39307	0.08108	0.25893
V358	0.05084	0.09404	0.04686	0.77848	0.02978
V359	0.06951	0.14692	0.02636	0.73357	0.02364
V360	0.51811	0.15269	0.09509	0.21135	0.02277
V361	0.27416	0.45182	0.09871	0.0767	0.09862
V362	0.59067	0.13728	0.09965	0.08717	0.08524
V363	0.04868	0.15533	0.02886	0.18832	0.57881
V364	0.05398	0.30038	0.04247	0.43884	0.16433
V365	0.03752	0.06956	0.02655	0.81958	0.04678
V366	0.15922	0.21826	0.43486	0.11054	0.07711
V367	0.1841	0.28492	0.18806	0.20307	0.13985
V368	0.54252	0.19104	0.12053	0.09519	0.05072
V369	0.05092	0.57461	0.21361	0.13798	0.02287
V370	0.03832	0.23256	0.12206	0.35601	0.25105
V371	0.069	0.75545	0.06709	0.08015	0.02832
V372	0.47403	0.17731	0.13617	0.17431	0.03819
V373	0.10976	0.57227	0.13303	0.15605	0.02889
V374	0.09209	0.1766	0.3049	0.4067	0.01971
V375	0.22276	0.19833	0.43439	0.12429	0.02023
V376	0.02867	0.18874	0.32372	0.07354	0.38532
V377	0.08608	0.46826	0.19178	0.22617	0.0277
V378	0.11901	0.51006	0.16742	0.06971	0.13381
V379	0.04286	0.15518	0.11065	0.12835	0.56296
V380	0.03528	0.15771	0.15857	0.46729	0.18115
V381	0.13296	0.17374	0.02872	0.0868	0.57779
V382	0.33624	0.10267	0.02573	0.31953	0.21584
V383	0.04852	0.12357	0.23037	0.57745	0.0201
V384	0.233	0.14813	0.15345	0.408	0.05742
V385	0.0877	0.20753	0.02934	0.08613	0.5893
V386	0.4988	0.1057	0.02624	0.34452	0.02473
V387	0.23044	0.09468	0.02526	0.60774	0.04189
V388	0.06479	0.71035	0.05761	0.13505	0.0322
V389	0.11897	0.66251	0.04194	0.10542	0.07117
V390	0.16331	0.08216	0.02502	0.63325	0.09625
V391	0.53569	0.21695	0.02267	0.15317	0.07152
V392	0.68402	0.14171	0.03112	0.11179	0.03136
V393	0.0989	0.13072	0.14163	0.49279	0.13597
V394	0.53118	0.12059	0.04391	0.21654	0.08778
V395	0.02472	0.14455	0.30197	0.50228	0.02648
V396	0.39323	0.19063	0.31739	0.07186	0.0269
V397	0.50395	0.20968	0.05181	0.18241	0.05215
V398	0.07374	0.10452	0.156	0.58657	0.07917
V399	0.05681	0.14252	0.02158	0.28661	0.49249
V400	0.14547	0.48144	0.15277	0.19815	0.02218
V401	0.23404	0.19891	0.45363	0.09286	0.02057
V402	0.27344	0.1918	0.34077	0.12254	0.07144
V403	0.13602	0.1818	0.02182	0.18262	0.47775
V404	0.02289	0.19554	0.37823	0.35323	0.05011
V405	0.27814	0.29114	0.08243	0.25599	0.0923
V406	0.03178	0.25528	0.62187	0.05816	0.03292
V407	0.64186	0.14656	0.05217	0.13215	0.02726
V408	0.04831	0.37703	0.03042	0.28183	0.26241
V409	0.11094	0.09202	0.07395	0.62812	0.09496
V410	0.10816	0.25529	0.26763	0.09884	0.27008
V411	0.03657	0.14928	0.02446	0.10635	0.68334
V412	0.03788	0.2506	0.12635	0.08957	0.49561
V413	0.04012	0.29792	0.14645	0.36227	0.15323
V414	0.058	0.16273	0.02063	0.45349	0.30516
V415	0.14686	0.1371	0.02852	0.08918	0.59834
V416	0.10296	0.19276	0.04137	0.18815	0.47475
V417	0.02451	0.21979	0.54168	0.15378	0.06024
V418	0.42929	0.38014	0.04328	0.09843	0.04886
V419	0.2069	0.14414	0.03984	0.172	0.43712
V420	0.19188	0.14409	0.10699	0.11067	0.44637
V421	0.02844	0.16072	0.12493	0.10812	0.57779
V422	0.03966	0.09553	0.06113	0.66314	0.14053
V423	0.2275	0.26436	0.24367	0.22659	0.03787
V424	0.0208	0.20418	0.37974	0.06517	0.33011
V425	0.27596	0.37969	0.02434	0.08899	0.23103
V426	0.20301	0.22023	0.04023	0.45528	0.08124
V427	0.18047	0.56414	0.15137	0.07391	0.03011
V428	0.09483	0.57574	0.08944	0.15087	0.08912
V429	0.1211	0.66816	0.02869	0.13652	0.04552
V430	0.04243	0.18609	0.32831	0.20148	0.24167
V431	0.10639	0.37705	0.18402	0.27371	0.05883
V432	0.24504	0.16354	0.12402	0.3483	0.1191
V433	0.15551	0.17991	0.39249	0.23588	0.03622
V434	0.18992	0.34587	0.30523	0.07844	0.08054
V435	0.39498	0.19319	0.28343	0.10177	0.02664
V436	0.06667	0.54317	0.11099	0.1129	0.16627
V437	0.16644	0.14316	0.04665	0.20846	0.43529
V438	0.12111	0.33184	0.1833	0.29832	0.06543
V439	0.4663	0.10148	0.06276	0.33581	0.03365
V440	0.03576	0.4057	0.42819	0.07335	0.057
V441	0.04457	0.5138	0.32226	0.09109	0.02827
V442	0.07214	0.77549	0.03943	0.08324	0.02969
V443	0.68281	0.11664	0.03004	0.14015	0.03037
V444	0.14125	0.40268	0.05042	0.35733	0.04832
V445	0.07405	0.38392	0.05776	0.44869	0.03557
V446	0.10953	0.12657	0.10381	0.53047	0.12962
V447	0.07887	0.10662	0.033	0.44277	0.33874
V448	0.14627	0.14325	0.04089	0.09905	0.57054
V449	0.01919	0.25681	0.64057	0.06041	0.02301
V450	0.1677	0.21282	0.21692	0.17142	0.23114
V451	0.22688	0.24358	0.0754	0.35366	0.10047
V452	0.03613	0.10384	0.14897	0.65744	0.05362
V453	0.04174	0.11232	0.02057	0.45158	0.37379
V454	0.02441	0.22042	0.49808	0.0777	0.1794
V455	0.06525	0.31302	0.24023	0.09967	0.28182
V456	0.67869	0.12281	0.02445	0.1219	0.05215
V457	0.50084	0.25723	0.05298	0.13619	0.05275
V458	0.03656	0.40647	0.39938	0.10688	0.05071
V459	0.12843	0.1465	0.06766	0.46714	0.19028
V460	0.48569	0.16924	0.17441	0.13282	0.03785
V461	0.15657	0.35312	0.21613	0.08123	0.19295
V462	0.06504	0.15405	0.03344	0.48766	0.25981
V463	0.19008	0.12011	0.03204	0.62889	0.02889
V464	0.13183	0.30638	0.46226	0.07332	0.0262
V465	0.05677	0.20887	0.03608	0.09979	0.59849
V466	0.0498	0.13305	0.02289	0.16516	0.62909
V467	0.07028	0.26782	0.04167	0.52952	0.09072
V468	0.42827	0.33088	0.11336	0.08104	0.04646
V469	0.03715	0.34925	0.07214	0.29496	0.2465
V470	0.60814	0.15399	0.04557	0.16098	0.03133
V471	0.3123	0.31507	0.0482	0.19786	0.12656
V472	0.03305	0.17175	0.0572	0.08957	0.64843
V473	0.04426	0.28382	0.21576	0.31334	0.14282
V474	0.24174	0.19092	0.07415	0.44033	0.05286
V475	0.1276	0.21599	0.43672	0.08516	0.13453
V476	0.14297	0.1211	0.10301	0.56704	0.06588
V477	0.06476	0.78212	0.03974	0.0835	0.02988
V478	0.15504	0.1424	0.02845	0.08866	0.58545
V479	0.60791	0.15556	0.05153	0.15393	0.03107
V480	0.12922	0.57275	0.07459	0.17471	0.04872
V481	0.20445	0.36937	0.07752	0.22676	0.1219
V482	0.10889	0.60177	0.18245	0.07091	0.03598
V483	0.26682	0.47333	0.02543	0.17205	0.06237
V484	0.18835	0.46946	0.12265	0.18525	0.03429
V485	0.48407	0.17865	0.11598	0.18276	0.03854
V486	0.0681	0.22559	0.24892	0.06883	0.38856
V487	0.11649	0.2343	0.32761	0.29606	0.02554
V488	0.33273	0.14693	0.02012	0.35957	0.14066
V489	0.02466	0.3352	0.49037	0.1174	0.03237
V490	0.02536	0.21261	0.52771	0.20865	0.02567
V491	0.04837	0.45142	0.06601	0.1532	0.281
V492	0.0523	0.17674	0.0476	0.68083	0.04254
V493	0.04542	0.06113	0.02636	0.8342	0.03289
V494	0.27075	0.08514	0.03782	0.52642	0.07987
V495	0.25767	0.27833	0.1916	0.20906	0.06334
V496	0.12182	0.16822	0.0676	0.08207	0.56029
V497	0.09532	0.17415	0.13936	0.14996	0.44121
V498	0.08297	0.73373	0.05125	0.08549	0.04655
V499	0.05054	0.31079	0.22599	0.11437	0.29831
V500	0.10514	0.45431	0.11719	0.25613	0.06723
V501	0.077	0.3563	0.03743	0.0867	0.44257
V502	0.12822	0.67599	0.06373	0.10617	0.02588
V503	0.33463	0.15448	0.1851	0.18566	0.14012
V504	0.37585	0.26036	0.02861	0.09085	0.24433
V505	0.47064	0.12428	0.04435	0.15627	0.20447
V506	0.04192	0.49793	0.0809	0.08054	0.29871
V507	0.61523	0.1146	0.05054	0.17264	0.04699
V508	0.04248	0.5757	0.1999	0.10152	0.0804
V509	0.0619	0.44241	0.14061	0.23198	0.1231
V510	0.33208	0.45184	0.06436	0.12096	0.03076
V511	0.06363	0.37572	0.39954	0.09268	0.06842
V512	0.1328	0.44937	0.16734	0.10976	0.14073
V513	0.1538	0.59236	0.08923	0.11587	0.04875
V514	0.03243	0.16668	0.19572	0.10114	0.50404
V515	0.08683	0.16091	0.0198	0.70843	0.02403
V516	0.14385	0.35611	0.11483	0.35138	0.03384
V517	0.04183	0.09765	0.06153	0.76942	0.02957
V518	0.30913	0.16226	0.26424	0.22181	0.04257
V519	0.5812	0.15236	0.02789	0.20696	0.03158
V520	0.08278	0.7169	0.04376	0.12983	0.02673
V521	0.18121	0.09911	0.13053	0.56264	0.02651
V522	0.05233	0.3031	0.42976	0.16559	0.04922
V523	0.11747	0.24209	0.51973	0.09526	0.02545
V524	0.24659	0.21146	0.41286	0.06435	0.06474
V525	0.03565	0.27845	0.05038	0.08929	0.54623
V526	0.04487	0.24896	0.58831	0.07521	0.04265
V527	0.07968	0.4751	0.32863	0.07697	0.03961
V528	0.14627	0.06945	0.03829	0.72339	0.0226
V529	0.15963	0.23135	0.5119	0.0662	0.03091
V530	0.03119	0.24323	0.59414	0.09412	0.03732
V531	0.15436	0.48751	0.10108	0.08657	0.17048
V532	0.06548	0.33653	0.25351	0.06662	0.27786
V533	0.22578	0.13789	0.02194	0.08908	0.52531
V534	0.12554	0.12101	0.01914	0.69133	0.04297
V535	0.60558	0.20365	0.06514	0.09337	0.03226
V536	0.10748	0.28822	0.31119	0.08982	0.20329
V537	0.04189	0.1623	0.03697	0.09276	0.66608
V538	0.47221	0.19581	0.02772	0.11247	0.19179
V539	0.02881	0.28887	0.47863	0.13648	0.06721
V540	0.14506	0.45458	0.10082	0.11373	0.1858
V541	0.0479	0.41332	0.0451	0.09892	0.39476
V542	0.05225	0.34112	0.1164	0.42231	0.06791
V543	0.06208	0.26819	0.48953	0.09581	0.08439
V544	0.26487	0.27067	0.16805	0.12506	0.17135
V545	0.48769	0.35527	0.0317	0.09734	0.028
V546	0.07585	0.6745	0.09918	0.08018	0.07029
V547	0.09606	0.6642	0.02838	0.16603	0.04534
V548	0.03777	0.11039	0.02655	0.79353	0.03176
V549	0.03272	0.13737	0.04244	0.21147	0.576
V550	0.05608	0.72079	0.10841	0.08227	0.03245
V551	0.04682	0.05945	0.01962	0.84678	0.02732
V552	0.18699	0.14526	0.04023	0.11101	0.51652
V553	0.57275	0.11958	0.03833	0.21112	0.05822
V554	0.09587	0.1977	0.37714	0.29834	0.03095
V555	0.06236	0.76945	0.03865	0.08103	0.04851
V556	0.08835	0.12028	0.0676	0.66271	0.06106
V557	0.25464	0.26979	0.05446	0.36103	0.06007
V558	0.02502	0.22501	0.54567	0.1673	0.037
V559	0.09179	0.43972	0.35408	0.06943	0.04497
V560	0.47153	0.29089	0.13058	0.08247	0.02452
V561	0.51729	0.13742	0.13273	0.09233	0.12023
V562	0.11182	0.18855	0.14722	0.14171	0.4107
V563	0.1761	0.31627	0.18799	0.15883	0.16082
V564	0.2798	0.12768	0.0725	0.35104	0.16897
V565	0.03433	0.14772	0.03704	0.12246	0.65845
V566	0.24363	0.20461	0.04662	0.34009	0.16506
V567	0.03161	0.24763	0.6344	0.05874	0.02761
V568	0.04198	0.29756	0.34364	0.29652	0.02031
V569	0.46472	0.19099	0.11044	0.18346	0.05039
V570	0.11835	0.15197	0.24119	0.41849	0.07
V571	0.2097	0.14153	0.20814	0.33103	0.1096
V572	0.62093	0.12328	0.0228	0.10342	0.12956
V573	0.07725	0.19312	0.2811	0.35195	0.09657
V574	0.4008	0.31287	0.08741	0.15868	0.04024
V575	0.28488	0.16071	0.12012	0.11573	0.31856
V576	0.05922	0.74335	0.03736	0.08599	0.07408
V577	0.33264	0.45044	0.05775	0.1283	0.03088
V578	0.03779	0.27385	0.40062	0.23192	0.05582
V579	0.03605	0.4962	0.27844	0.08438	0.10492
V580	0.18719	0.47889	0.0381	0.25315	0.04267
V581	0.05757	0.47175	0.31154	0.13169	0.02746
V582	0.01969	0.26786	0.62405	0.06593	0.02246
V583	0.43649	0.17346	0.27085	0.09742	0.02178
V584	0.18702	0.4714	0.11489	0.09971	0.12697
V585	0.05914	0.66323	0.08458	0.1228	0.07026
V586	0.05127	0.6729	0.16435	0.08632	0.02516
V587	0.06571	0.60431	0.03414	0.09799	0.19785
V588	0.18529	0.41913	0.29989	0.06768	0.02802
V589	0.09794	0.38073	0.0648	0.41494	0.04158
V590	0.06216	0.67566	0.02868	0.08499	0.14852
V591	0.3684	0.45145	0.058	0.09026	0.0319
V592	0.03023	0.2205	0.54032	0.08237	0.12658
V593	0.33665	0.0909	0.02528	0.48678	0.06039
V594	0.0219	0.27332	0.47896	0.17058	0.05524
V595	0.40192	0.13665	0.07749	0.33284	0.0511
V596	0.34475	0.26024	0.18492	0.17194	0.03814
V597	0.04371	0.26175	0.02979	0.16125	0.5035
V598	0.44523	0.12967	0.02726	0.08949	0.30835
V599	0.07939	0.3836	0.10176	0.38778	0.04747
V600	0.22234	0.13726	0.16888	0.36756	0.10396
V601	0.13154	0.16633	0.02662	0.46159	0.21392
V602	0.61581	0.22345	0.02534	0.1056	0.0298
V603	0.1202	0.22706	0.04826	0.17878	0.42569
V604	0.03141	0.22143	0.50971	0.13439	0.10306
V605	0.04333	0.19546	0.12562	0.12488	0.51072
V606	0.61984	0.11821	0.02276	0.10373	0.13546
V607	0.14164	0.21264	0.04141	0.08927	0.51503
V608	0.55413	0.13361	0.05037	0.15656	0.10533
V609	0.16392	0.30958	0.03528	0.40871	0.08251
V610	0.09133	0.56447	0.0331	0.28018	0.03092
V611	0.2007	0.21579	0.44466	0.08008	0.05877
V612	0.28021	0.19645	0.25701	0.08199	0.18433
V613	0.33151	0.47504	0.05852	0.10906	0.02587
V614	0.4116	0.14416	0.03872	0.14311	0.26241
V615	0.03057	0.17313	0.12882	0.52914	0.13834
V616	0.48066	0.13455	0.14199	0.19364	0.04916
V617	0.17397	0.22168	0.35907	0.1343	0.11098
V618	0.53124	0.19066	0.07643	0.09687	0.10479
V619	0.40171	0.1739	0.14489	0.08306	0.19644
V620	0.05377	0.1563	0.2898	0.47435	0.02579
V621	0.11857	0.30799	0.25174	0.06715	0.25454
V622	0.03364	0.30899	0.28911	0.07216	0.2961
V623	0.08131	0.08394	0.02546	0.64701	0.16229
V624	0.65775	0.11765	0.02887	0.11768	0.07804
V625	0.03296	0.12915	0.09836	0.71091	0.02861
V626	0.07086	0.19438	0.41834	0.27978	0.03664
V627	0.09933	0.25397	0.11874	0.09504	0.43293
V628	0.68206	0.12859	0.03041	0.12837	0.03058
V629	0.10453	0.33653	0.45313	0.07941	0.0264
V630	0.03556	0.26311	0.0435	0.0975	0.56033
V631	0.02494	0.18068	0.231	0.07955	0.48383
V632	0.06098	0.66511	0.03501	0.10482	0.13407
V633	0.06761	0.11231	0.09682	0.48924	0.23403
V634	0.32198	0.42496	0.14509	0.08381	0.02416
V635	0.04972	0.23158	0.16937	0.08642	0.4629
V636	0.16169	0.26055	0.26353	0.21216	0.10207
V637	0.16831	0.17514	0.32614	0.25035	0.08007
V638	0.08114	0.44694	0.04492	0.13978	0.28722
V639	0.40893	0.38819	0.08891	0.08301	0.03096
V640	0.10378	0.25653	0.09131	0.25152	0.29685
V641	0.10032	0.6153	0.0476	0.19314	0.04363
V642	0.54605	0.12873	0.02692	0.27292	0.02537
V643	0.06512	0.72383	0.08688	0.09786	0.02631
V644	0.05894	0.3965	0.04387	0.45127	0.04942
V645	0.15146	0.63103	0.04156	0.15036	0.02559
V646	0.12662	0.47691	0.05171	0.26913	0.07563
V647	0.67462	0.11518	0.02965	0.15087	0.02968
V648	0.3509	0.17843	0.02669	0.30409	0.13989
V649	0.21688	0.19814	0.088	0.15956	0.33742
V650	0.04912	0.07105	0.06842	0.78843	0.02299
V651	0.13727	0.22374	0.02077	0.59439	0.02383
V652	0.29501	0.09203	0.05099	0.52777	0.0342
V653	0.27934	0.10399	0.06504	0.49902	0.05262
V654	0.05011	0.1914	0.02302	0.13069	0.60478
V655	0.13428	0.17277	0.25407	0.41303	0.02585
V656	0.10973	0.14218	0.02197	0.15736	0.56877
V657	0.05103	0.44741	0.05184	0.34445	0.10526
V658	0.0478	0.11541	0.04671	0.56843	0.22165
V659	0.03946	0.10061	0.08308	0.70771	0.06915
V660	0.06916	0.36447	0.04415	0.10631	0.41591
V661	0.05683	0.57267	0.04005	0.22465	0.1058
V662	0.04882	0.4353	0.04543	0.07796	0.39249
V663	0.70266	0.12257	0.03185	0.10985	0.03307
V664	0.04246	0.12267	0.1189	0.37835	0.33762
V665	0.04252	0.56582	0.20025	0.13753	0.05389
V666	0.09912	0.72213	0.06546	0.08609	0.02719
V667	0.04573	0.50859	0.23687	0.14937	0.05945
V668	0.47858	0.27929	0.06615	0.13499	0.041
V669	0.36737	0.32526	0.04812	0.15486	0.10438
V670	0.09397	0.5627	0.06739	0.10161	0.17432
V671	0.54489	0.14678	0.16951	0.11078	0.02804
V672	0.09222	0.17649	0.09737	0.30751	0.32641
V673	0.03506	0.15269	0.02325	0.16496	0.62404
V674	0.26866	0.24497	0.37215	0.06598	0.04825
V675	0.50998	0.11888	0.05639	0.20852	0.10623
V676	0.19349	0.24978	0.37718	0.06399	0.11556
V677	0.05488	0.30874	0.20015	0.37026	0.06597
V678	0.06111	0.34907	0.03737	0.10084	0.45161
V679	0.02982	0.16779	0.36083	0.41577	0.02579
V680	0.15087	0.11442	0.03933	0.35043	0.34495
V681	0.40395	0.12852	0.05738	0.32064	0.08951
V682	0.01919	0.25681	0.64057	0.06041	0.02301
V683	0.06476	0.3116	0.46671	0.05941	0.09752
V684	0.07648	0.06862	0.02561	0.80472	0.02457
V685	0.02482	0.23542	0.58019	0.13361	0.02596
V686	0.2402	0.53861	0.08719	0.09755	0.03645
V687	0.02086	0.18424	0.44023	0.32295	0.03172
V688	0.01826	0.25186	0.63149	0.06493	0.03346
V689	0.36788	0.17877	0.17637	0.15826	0.11871
V690	0.10722	0.71479	0.04374	0.10086	0.03339
V691	0.13244	0.17927	0.0609	0.58004	0.04735
V692	0.08203	0.09148	0.03208	0.70366	0.09075
V693	0.03533	0.49121	0.35535	0.08986	0.02825
V694	0.09281	0.22481	0.05479	0.55219	0.0754
V695	0.11292	0.2311	0.13939	0.08745	0.42914
V696	0.10027	0.2168	0.52471	0.06421	0.09401
V697	0.095	0.21961	0.26632	0.32225	0.09682
V698	0.03417	0.17464	0.16003	0.08406	0.5471
V699	0.0548	0.1005	0.06073	0.60714	0.17682
V700	0.06937	0.69257	0.09272	0.07423	0.07111
V701	0.03603	0.26271	0.03701	0.09169	0.57256
V702	0.04403	0.16603	0.02675	0.62815	0.13505
V703	0.04353	0.07815	0.04008	0.80724	0.031
V704	0.05087	0.22181	0.31524	0.07849	0.33359
V705	0.67846	0.12865	0.02456	0.11606	0.05225
V706	0.13548	0.21896	0.15088	0.41546	0.07922
V707	0.12754	0.20893	0.08306	0.28402	0.29645
V708	0.03987	0.54424	0.3196	0.07279	0.0235
V709	0.03362	0.15869	0.05068	0.09214	0.66487
V710	0.10707	0.20978	0.36902	0.0637	0.25043
V711	0.07033	0.14188	0.04248	0.10345	0.64186
V712	0.06039	0.21282	0.50135	0.19472	0.03072
V713	0.20333	0.42601	0.26647	0.08168	0.02251
V714	0.06552	0.1473	0.02356	0.09518	0.66844
V715	0.02685	0.35858	0.44881	0.13907	0.02669
V716	0.55074	0.23797	0.03494	0.13379	0.04256
V717	0.30674	0.25086	0.12177	0.09499	0.22565
V718	0.47944	0.16047	0.22394	0.08202	0.05414
V719	0.3147	0.28745	0.10978	0.17093	0.11715
V720	0.11285	0.17666	0.09511	0.10485	0.51054
V721	0.04658	0.15178	0.06318	0.10164	0.63682
V722	0.04345	0.26684	0.07073	0.47082	0.14816
V723	0.10686	0.2546	0.11371	0.48482	0.04
V724	0.12236	0.56572	0.06068	0.22144	0.0298
V725	0.05006	0.14927	0.03041	0.09502	0.67524
V726	0.18979	0.46485	0.07196	0.12342	0.14998
V727	0.02463	0.25044	0.62757	0.06436	0.033
V728	0.56216	0.14542	0.11916	0.1449	0.02836
V729	0.46324	0.18175	0.04527	0.2807	0.02904
V730	0.10652	0.17009	0.30796	0.35314	0.06229
V731	0.03428	0.08481	0.06915	0.7882	0.02357
V732	0.04574	0.06059	0.02644	0.8409	0.02633
V733	0.03882	0.25857	0.61189	0.05803	0.0327
V734	0.36237	0.2172	0.28146	0.10717	0.0318
V735	0.07278	0.26737	0.19313	0.09005	0.37667
V736	0.03541	0.17426	0.03068	0.09363	0.66602
V737	0.69922	0.12734	0.03174	0.10898	0.03272
V738	0.04231	0.44757	0.03895	0.08545	0.38572
V739	0.04643	0.07319	0.01948	0.8343	0.0266
V740	0.17881	0.20325	0.10868	0.08982	0.41944
V741	0.39426	0.11617	0.02574	0.33948	0.12435
V742	0.06987	0.20201	0.40885	0.18701	0.13227
V743	0.04506	0.17868	0.08312	0.15784	0.5353
V744	0.16605	0.15809	0.15587	0.46853	0.05146
V745	0.15384	0.09718	0.05926	0.66198	0.02775
V746	0.30197	0.49632	0.05874	0.08755	0.05542
V747	0.03853	0.25533	0.60476	0.06355	0.03783
V748	0.13661	0.29549	0.23973	0.11343	0.21473
V749	0.16146	0.18668	0.11931	0.41091	0.12164
V750	0.56468	0.24157	0.0299	0.13663	0.02722
V751	0.04431	0.41739	0.43016	0.08075	0.02739
V752	0.042	0.23108	0.04319	0.0917	0.59203
V753	0.39723	0.18816	0.20722	0.09795	0.10945
V754	0.11519	0.31147	0.0287	0.51485	0.0298
V755	0.2128	0.61245	0.06201	0.08039	0.03235
V756	0.0415	0.21452	0.04277	0.12648	0.57472
V757	0.15856	0.08893	0.10163	0.62398	0.02689
V758	0.07739	0.39373	0.02347	0.47463	0.03078
V759	0.08884	0.17564	0.10232	0.07933	0.55386
V760	0.07863	0.17082	0.18757	0.25892	0.30406
V761	0.06115	0.35702	0.48846	0.06632	0.02704
V762	0.03455	0.16118	0.15786	0.3756	0.27081
V763	0.04586	0.32105	0.03091	0.08314	0.51904
V764	0.11248	0.13175	0.08919	0.63301	0.03357
V765	0.13439	0.21935	0.46671	0.09668	0.08287
V766	0.07469	0.47124	0.22096	0.10693	0.12618
V767	0.23007	0.44787	0.07829	0.11648	0.12729
V768	0.07206	0.70507	0.07167	0.11934	0.03186
V769	0.54092	0.15367	0.16353	0.08681	0.05507
V770	0.2306	0.18087	0.37603	0.18713	0.02537
V771	0.07608	0.62802	0.03414	0.1562	0.10556
V772	0.05265	0.25123	0.61015	0.0645	0.02147
V773	0.04927	0.1336	0.02231	0.21371	0.58112
V774	0.12756	0.20205	0.40118	0.06281	0.20641
V775	0.6587	0.11616	0.04006	0.14666	0.03842
V776	0.28494	0.4151	0.15395	0.09998	0.04602
V777	0.17757	0.39093	0.21701	0.15694	0.05755
V778	0.41259	0.14957	0.03231	0.25554	0.14999
V779	0.06834	0.4366	0.38645	0.07537	0.03324
V780	0.03188	0.24704	0.63393	0.06514	0.02201
V781	0.15089	0.35459	0.16349	0.07108	0.25995
V782	0.19591	0.29666	0.04216	0.08692	0.37835
V783	0.01866	0.21564	0.46647	0.07939	0.21983
V784	0.04921	0.54248	0.02591	0.28986	0.09254
V785	0.5365	0.20275	0.02231	0.17301	0.06543
V786	0.15244	0.22461	0.03377	0.54736	0.04182
V787	0.13061	0.52635	0.02569	0.24027	0.07708
V788	0.30608	0.40789	0.08343	0.07806	0.12454
V789	0.03577	0.2175	0.02823	0.39643	0.32206
V790	0.23191	0.28238	0.07555	0.16691	0.24324
V791	0.15617	0.27642	0.08378	0.2276	0.25604
V792	0.68138	0.13299	0.04182	0.10306	0.04074
V793	0.26755	0.30656	0.0685	0.15287	0.20453
V794	0.03628	0.15815	0.10446	0.20779	0.49332
V795	0.13072	0.69907	0.0435	0.08687	0.03984
V796	0.2434	0.39607	0.11331	0.20088	0.04634
V797	0.13236	0.13573	0.02238	0.10402	0.6055
V798	0.12488	0.47573	0.03181	0.14851	0.21907
V799	0.05129	0.19819	0.06212	0.62633	0.06207
V800	0.04791	0.14536	0.03548	0.17376	0.59749
V801	0.30023	0.11407	0.12093	0.4203	0.04448
V802	0.05102	0.27537	0.03673	0.09014	0.54674
V803	0.25577	0.10327	0.02541	0.57381	0.04174
V804	0.16761	0.2341	0.18042	0.36006	0.0578
V805	0.12298	0.2544	0.34402	0.19148	0.08712
V806	0.35623	0.15813	0.1752	0.12494	0.1855
V807	0.53235	0.12988	0.07491	0.12774	0.13512
V808	0.61167	0.13003	0.06287	0.09708	0.09834
V809	0.1779	0.54184	0.04593	0.10432	0.13001
V810	0.04709	0.14974	0.05446	0.44386	0.30485
V811	0.06347	0.2034	0.04197	0.16022	0.53093
V812	0.04403	0.58418	0.18557	0.13845	0.04777
V813	0.04437	0.30931	0.19329	0.07038	0.38265
V814	0.1757	0.49183	0.07991	0.21114	0.04142
V815	0.20516	0.5828	0.05397	0.12702	0.03105
V816	0.0463	0.45335	0.03128	0.41851	0.05056
V817	0.57195	0.15789	0.13771	0.10842	0.02402
V818	0.04803	0.30686	0.2913	0.09079	0.26302
V819	0.67813	0.12928	0.03582	0.12681	0.02995
V820	0.07705	0.35832	0.12393	0.3938	0.0469
V821	0.03677	0.14996	0.0246	0.0998	0.68887
V822	0.17207	0.08321	0.03166	0.69025	0.0228
V823	0.0554	0.22415	0.19726	0.07201	0.45118
V824	0.07813	0.16695	0.04237	0.0877	0.62486
V825	0.11986	0.19856	0.46679	0.19525	0.01954
V826	0.0452	0.24474	0.61244	0.07647	0.02113
V827	0.28614	0.19788	0.02079	0.39416	0.10103
V828	0.19937	0.23934	0.11	0.12233	0.32896
V829	0.08504	0.21913	0.25738	0.19893	0.23953
V830	0.11729	0.21991	0.49093	0.07729	0.09458
V831	0.05112	0.62869	0.06955	0.20704	0.04359
V832	0.18224	0.12324	0.08032	0.26549	0.34871
V833	0.17665	0.64857	0.03555	0.08076	0.05847
V834	0.55131	0.21381	0.05214	0.11246	0.07028
V835	0.21032	0.30901	0.09805	0.29619	0.08644
V836	0.27487	0.2129	0.33783	0.14865	0.02575
V837	0.05564	0.70282	0.04294	0.11244	0.08616
V838	0.03317	0.07544	0.08336	0.77812	0.02991
V839	0.0527	0.17422	0.08294	0.0832	0.60694
V840	0.67072	0.12536	0.04658	0.12359	0.03375
V841	0.16622	0.22639	0.51501	0.06657	0.02581
V842	0.38848	0.16397	0.1816	0.234	0.03195
V843	0.34985	0.14677	0.14013	0.13422	0.22902
V844	0.02915	0.3164	0.53921	0.07718	0.03806
V845	0.04978	0.09185	0.01969	0.58138	0.2573
V846	0.10477	0.17618	0.10265	0.12497	0.49143
V847	0.1806	0.13673	0.06642	0.17697	0.43929
V848	0.54762	0.14046	0.02706	0.16587	0.11899
V849	0.11034	0.24132	0.50099	0.06485	0.08251
V850	0.17255	0.18343	0.24571	0.18379	0.21453
V851	0.69984	0.12053	0.02585	0.11548	0.0383
V852	0.20047	0.17416	0.088	0.21076	0.32661
V853	0.0426	0.26903	0.45096	0.16425	0.07317
V854	0.0544	0.38355	0.22115	0.12822	0.21268
V855	0.10285	0.3764	0.10106	0.33129	0.08841
V856	0.14193	0.40198	0.07111	0.07588	0.3091
V857	0.08159	0.15688	0.15818	0.40069	0.20265
V858	0.04082	0.37082	0.178	0.23682	0.17354
V859	0.13055	0.08479	0.03843	0.69794	0.04829
V860	0.05775	0.18849	0.07658	0.60878	0.0684
V861	0.1333	0.11462	0.12486	0.60054	0.02669
V862	0.0773	0.14056	0.04144	0.15614	0.58456
V863	0.06099	0.75952	0.04516	0.08665	0.04768
V864	0.04467	0.23094	0.59675	0.10717	0.02047
V865	0.07604	0.19453	0.4645	0.24548	0.01945
V866	0.04082	0.22173	0.46777	0.23288	0.0368
V867	0.44042	0.1472	0.02737	0.08876	0.29626
V868	0.18097	0.30204	0.32259	0.15694	0.03746
V869	0.04125	0.14455	0.04379	0.10035	0.67006
V870	0.22388	0.23527	0.08939	0.27286	0.1786
V871	0.05141	0.18285	0.10405	0.14757	0.51413
V872	0.31443	0.1183	0.03177	0.47534	0.06017
V873	0.06632	0.33656	0.14695	0.37623	0.07394
V874	0.0947	0.1753	0.02908	0.09435	0.60657
V875	0.03601	0.22556	0.04164	0.48001	0.21677
V876	0.36883	0.17501	0.07141	0.09413	0.29062
V877	0.20351	0.5462	0.05981	0.15428	0.03619
V878	0.0501	0.5892	0.06185	0.26204	0.0368
V879	0.66163	0.14474	0.03537	0.12413	0.03413
V880	0.08802	0.16298	0.04713	0.41906	0.28281
V881	0.02629	0.20786	0.40723	0.0633	0.29531
V882	0.06112	0.41982	0.0374	0.45774	0.02393
V883	0.40056	0.22777	0.03368	0.23405	0.10394
V884	0.03697	0.14335	0.02468	0.10775	0.68726
V885	0.1372	0.21592	0.31298	0.15062	0.18328
V886	0.032	0.12692	0.04895	0.25497	0.53716
V887	0.1	0.72895	0.03733	0.08011	0.05362
V888	0.07324	0.1573	0.06835	0.63291	0.0682
V889	0.11981	0.6803	0.06359	0.09805	0.03825
V890	0.05135	0.11381	0.13431	0.59183	0.10871
V891	0.01952	0.26641	0.61996	0.07189	0.02222
V892	0.45927	0.28105	0.04103	0.09132	0.12733
V893	0.12072	0.29279	0.39359	0.12595	0.06694
V894	0.10075	0.4709	0.06601	0.30056	0.06177
V895	0.48382	0.15944	0.22953	0.1	0.02721
V896	0.17484	0.27367	0.20966	0.31527	0.02657
V897	0.03325	0.07732	0.05424	0.71519	0.12
V898	0.31577	0.13448	0.0333	0.10533	0.41111
V899	0.43866	0.33286	0.09355	0.08224	0.05269
V900	0.20518	0.29129	0.2379	0.22753	0.03811
