mature.neutrophil	CD14.pos.CD16.neg.classical.monocyte	macrophage	memory.CD4.pos.AB.T.cell	cytotoxic.CD56.dim.NK.cell
V1	0.2605	0.21519	0.25124	0.16576	0.1073
V2	0.05348	0.69852	0.10154	0.1099	0.03656
V3	0.05094	0.14717	0.39147	0.3875	0.02293
V4	0.00962	0.11974	0.25126	0.08223	0.53716
V5	0.01354	0.07605	0.09237	0.12852	0.68953
V6	0.26324	0.14351	0.26338	0.24005	0.08982
V7	0.00655	0.16642	0.39907	0.09766	0.33029
V8	0.00822	0.21433	0.6746	0.09541	0.00743
V9	0.04527	0.10331	0.25351	0.57411	0.02381
V10	0.34672	0.18452	0.39756	0.04576	0.02543
V11	0.03057	0.10098	0.13327	0.09463	0.64055
V12	0.06739	0.11204	0.22809	0.30379	0.28868
V13	0.1135	0.10265	0.06409	0.42703	0.29273
V14	0.13346	0.07041	0.09277	0.61546	0.0879
V15	0.01918	0.05639	0.02397	0.85669	0.04377
V16	0.4599	0.13773	0.03707	0.34236	0.02295
V17	0.06072	0.2651	0.05077	0.09529	0.52812
V18	0.07217	0.41002	0.26827	0.23409	0.01545
V19	0.02626	0.07189	0.03178	0.14681	0.72327
V20	0.00131	0.18056	0.5872	0.21437	0.01656
V21	0.01854	0.28739	0.1619	0.18841	0.34376
V22	0.64327	0.1741	0.08724	0.06262	0.03276
V23	0.07054	0.08276	0.05318	0.16285	0.63068
V24	0.39049	0.1807	0.0483	0.09404	0.28647
V25	0.02076	0.07667	0.04261	0.43755	0.42241
V26	0.39646	0.24894	0.08809	0.09089	0.17562
V27	0.10725	0.47831	0.21408	0.05569	0.14466
V28	0.02395	0.14141	0.20876	0.58342	0.04246
V29	0.00331	0.10788	0.31126	0.5489	0.02865
V30	0.59244	0.18155	0.05241	0.08287	0.09074
V31	0.35669	0.18878	0.04011	0.26209	0.15233
V32	0.73258	0.10807	0.03241	0.07318	0.05376
V33	0.02133	0.22283	0.05046	0.14829	0.55709
V34	0.11815	0.75467	0.05594	0.06767	0.00356
V35	0.0829	0.55646	0.28124	0.07577	0.00363
V36	0.02418	0.2313	0.19513	0.11985	0.42953
V37	0.61282	0.09907	0.02372	0.07386	0.19053
V38	0.09432	0.16937	0.42125	0.20337	0.1117
V39	0.25759	0.16574	0.31155	0.05702	0.2081
V40	0.20431	0.55058	0.05754	0.15422	0.03335
V41	0.05105	0.7604	0.06393	0.06066	0.06396
V42	0.68249	0.13568	0.04486	0.0741	0.06286
V43	0.36482	0.23149	0.31629	0.07145	0.01595
V44	0.02783	0.35115	0.49566	0.04471	0.08066
V45	0.03562	0.60094	0.13842	0.18641	0.0386
V46	0.10815	0.67518	0.11616	0.08439	0.01613
V47	0.00108	0.22338	0.72421	0.03967	0.01165
V48	0.13592	0.19934	0.22628	0.32907	0.10938
V49	0.36137	0.22359	0.22394	0.1717	0.0194
V50	0.01672	0.23115	0.70702	0.03903	0.00607
V51	0.0888	0.30403	0.21786	0.09929	0.29003
V52	0.05684	0.81152	0.06025	0.06893	0.00246
V53	0.02432	0.17478	0.03581	0.73515	0.02994
V54	0.18513	0.06141	0.03652	0.54972	0.16722
V55	0.06382	0.0445	0.0225	0.83277	0.03641
V56	0.0624	0.04003	0.02973	0.75134	0.11651
V57	0.11923	0.25024	0.4788	0.06381	0.08792
V58	0.062	0.08313	0.16151	0.22368	0.46968
V59	0.66107	0.13636	0.10541	0.07408	0.02309
V60	0.34697	0.25237	0.1434	0.16255	0.09471
V61	0.17239	0.07925	0.05585	0.25107	0.44144
V62	0.04916	0.13855	0.29987	0.15482	0.35759
V63	0.33679	0.2878	0.09127	0.08514	0.199
V64	0.7321	0.1233	0.04673	0.07152	0.02634
V65	0.0743	0.11855	0.06422	0.61051	0.13241
V66	0.0224	0.07346	0.14698	0.72114	0.03602
V67	0.00717	0.13653	0.33393	0.12011	0.40226
V68	0.34764	0.15883	0.34851	0.07888	0.06614
V69	0.45776	0.21163	0.20181	0.07194	0.05686
V70	0.05799	0.62803	0.08879	0.20529	0.0199
V71	0.09109	0.68993	0.09206	0.11645	0.01047
V72	0.03803	0.39228	0.0642	0.07974	0.42576
V73	0.05027	0.07241	0.12199	0.5648	0.19053
V74	0.01079	0.08859	0.03277	0.77913	0.08872
V75	0.3625	0.26719	0.28935	0.06043	0.02054
V76	0.00849	0.04516	0.04019	0.8291	0.07705
V77	0.01531	0.21444	0.6936	0.0698	0.00685
V78	0.00139	0.22615	0.71531	0.04558	0.01157
V79	0.0725	0.38935	0.07742	0.17928	0.28145
V80	0.11878	0.65519	0.04819	0.10571	0.07213
V81	0.00855	0.22344	0.72235	0.03939	0.00626
V82	0.19941	0.18558	0.05627	0.52839	0.03035
V83	0.08532	0.11658	0.04806	0.54947	0.20058
V84	0.08706	0.19847	0.04014	0.09932	0.57501
V85	0.00114	0.22303	0.72352	0.04586	0.00645
V86	0.02114	0.28633	0.29899	0.3728	0.02074
V87	0.37219	0.0904	0.06472	0.4363	0.0364
V88	0.26353	0.20551	0.08134	0.22725	0.22237
V89	0.03399	0.25504	0.63494	0.06976	0.00628
V90	0.0191	0.21539	0.09243	0.14275	0.53032
V91	0.00676	0.05927	0.09835	0.80221	0.03342
V92	0.21176	0.10838	0.05768	0.10197	0.52022
V93	0.00882	0.14359	0.17865	0.50542	0.16352
V94	0.03624	0.19593	0.05503	0.27588	0.43692
V95	0.05889	0.24963	0.05756	0.14792	0.48601
V96	0.62915	0.113	0.0498	0.08657	0.12148
V97	0.14435	0.09944	0.07489	0.15629	0.52502
V98	0.04749	0.37981	0.2063	0.15803	0.20836
V99	0.42549	0.18009	0.03207	0.25458	0.10777
V100	0.43889	0.21757	0.07789	0.10442	0.16123
V101	0.06519	0.79684	0.06762	0.06794	0.0024
V102	0.25775	0.27946	0.15764	0.14567	0.15949
V103	0.11973	0.06274	0.0369	0.10369	0.67694
V104	0.04453	0.4051	0.12314	0.07846	0.34876
V105	0.01434	0.07976	0.07495	0.13844	0.69252
V106	0.04981	0.67014	0.1933	0.05942	0.02733
V107	0.03955	0.31209	0.5589	0.07841	0.01104
V108	0.01506	0.30105	0.63921	0.03967	0.00502
V109	0.05443	0.23698	0.08844	0.30473	0.31542
V110	0.15051	0.47009	0.20938	0.15069	0.01934
V111	0.21914	0.30659	0.41706	0.04982	0.00738
V112	0.15246	0.07646	0.12687	0.46623	0.17798
V113	0.20512	0.09391	0.12942	0.18869	0.38287
V114	0.4615	0.15087	0.07379	0.20936	0.10448
V115	0.6914	0.10264	0.03063	0.07768	0.09765
V116	0.01738	0.0666	0.03357	0.11895	0.76349
V117	0.0377	0.20453	0.63301	0.10131	0.02346
V118	0.03653	0.04259	0.02297	0.84744	0.05048
V119	0.24721	0.15548	0.34415	0.23812	0.01504
V120	0.00788	0.19753	0.6423	0.12264	0.02966
V121	0.18405	0.64376	0.04777	0.06721	0.05721
V122	0.03214	0.37718	0.1204	0.26735	0.20293
V123	0.40037	0.12648	0.09723	0.22142	0.15449
V124	0.18482	0.16434	0.09047	0.25355	0.30682
V125	0.03614	0.44899	0.45626	0.04958	0.00904
V126	0.1305	0.24449	0.23062	0.1487	0.24569
V127	0.20264	0.18339	0.51663	0.08302	0.01432
V128	0.19347	0.67208	0.05817	0.05891	0.01738
V129	0.21315	0.14803	0.26195	0.19448	0.18238
V130	0.02971	0.468	0.08116	0.2664	0.15474
V131	0.01239	0.09388	0.22965	0.6382	0.02588
V132	0.30421	0.08348	0.02251	0.3639	0.22591
V133	0.00485	0.19246	0.48904	0.11269	0.20096
V134	0.05388	0.20817	0.61759	0.0591	0.06126
V135	0.01916	0.24697	0.59289	0.06133	0.07965
V136	0.75165	0.11149	0.03397	0.07508	0.0278
V137	0.70318	0.12799	0.03196	0.09467	0.0422
V138	0.21342	0.19551	0.10784	0.1759	0.30733
V139	0.10108	0.07891	0.16754	0.61978	0.03268
V140	0.02768	0.0903	0.1831	0.09014	0.60877
V141	0.0162	0.30791	0.544	0.11978	0.01212
V142	0.1703	0.12946	0.31304	0.15668	0.23052
V143	0.01708	0.27757	0.4371	0.15966	0.10858
V144	0.41145	0.25565	0.09461	0.16314	0.07515
V145	0.00121	0.22316	0.70686	0.05176	0.01702
V146	0.03321	0.33135	0.04258	0.34998	0.24288
V147	0.07245	0.22048	0.55324	0.12403	0.0298
V148	0.14904	0.68708	0.05852	0.08798	0.01738
V149	0.00959	0.04139	0.02409	0.8531	0.07183
V150	0.11223	0.29316	0.49557	0.04326	0.05579
V151	0.36205	0.08311	0.03547	0.41135	0.10802
V152	0.01382	0.06172	0.1306	0.70998	0.08388
V153	0.13482	0.27177	0.40943	0.08611	0.09786
V154	0.11068	0.54555	0.06731	0.08642	0.19004
V155	0.03104	0.074	0.1463	0.713	0.03566
V156	0.0804	0.15694	0.36985	0.17036	0.22244
V157	0.07996	0.1254	0.18606	0.2933	0.31528
V158	0.15451	0.1512	0.39902	0.08646	0.2088
V159	0.10047	0.22426	0.04379	0.58106	0.05042
V160	0.37567	0.21845	0.11845	0.09693	0.1905
V161	0.18974	0.10035	0.09053	0.0862	0.53318
V162	0.00162	0.22929	0.72306	0.03977	0.00626
V163	0.05315	0.06808	0.04712	0.13142	0.70023
V164	0.71782	0.14394	0.04065	0.07685	0.02074
V165	0.48515	0.25783	0.1071	0.10236	0.04756
V166	0.04548	0.09378	0.239	0.53996	0.08179
V167	0.03736	0.58239	0.06202	0.18241	0.13581
V168	0.00162	0.22929	0.72306	0.03977	0.00626
V169	0.05305	0.60773	0.19729	0.12548	0.01646
V170	0.21257	0.37279	0.08885	0.22693	0.09885
V171	0.23794	0.19438	0.3284	0.19214	0.04714
V172	0.16041	0.25734	0.1047	0.08937	0.38818
V173	0.17901	0.1575	0.11342	0.40416	0.14591
V174	0.16873	0.1317	0.32859	0.21221	0.15877
V175	0.06882	0.19681	0.14782	0.21587	0.37069
V176	0.30913	0.07485	0.02851	0.55878	0.02872
V177	0.14728	0.1852	0.47038	0.18046	0.01667
V178	0.21257	0.18219	0.39804	0.13877	0.06843
V179	0.09246	0.07629	0.03795	0.10499	0.68831
V180	0.02346	0.14092	0.33955	0.0705	0.42558
V181	0.06228	0.28581	0.03511	0.12571	0.49108
V182	0.46338	0.25333	0.03508	0.20183	0.04638
V183	0.07444	0.79679	0.05887	0.0607	0.0092
V184	0.24831	0.1295	0.27656	0.31085	0.03478
V185	0.09566	0.45179	0.06281	0.19095	0.1988
V186	0.12135	0.20916	0.06054	0.28668	0.32227
V187	0.07742	0.60225	0.04612	0.25816	0.01605
V188	0.65016	0.12776	0.05683	0.14	0.02524
V189	0.37505	0.25791	0.06494	0.27843	0.02367
V190	0.33212	0.16951	0.21935	0.07303	0.20599
V191	0.18817	0.23191	0.03563	0.43417	0.11011
V192	0.26558	0.23591	0.14694	0.23772	0.11385
V193	0.05728	0.29285	0.46119	0.07909	0.10958
V194	0.22793	0.12904	0.11359	0.15687	0.37257
V195	0.43929	0.24882	0.23197	0.06304	0.01689
V196	0.01332	0.06863	0.09243	0.12955	0.69607
V197	0.07189	0.77086	0.05653	0.09084	0.00988
V198	0.20052	0.24758	0.06835	0.24099	0.24255
V199	0.57868	0.14252	0.20877	0.05483	0.0152
V200	0.61056	0.10002	0.05596	0.08662	0.14684
V201	0.03437	0.04326	0.04657	0.70205	0.17374
V202	0.72004	0.14734	0.02779	0.0784	0.02643
V203	0.44178	0.27747	0.05782	0.11006	0.11286
V204	0.29649	0.14519	0.06458	0.07988	0.41386
V205	0.10241	0.11314	0.14394	0.13486	0.50564
V206	0.03964	0.11865	0.02517	0.75756	0.05897
V207	0.01918	0.05639	0.02397	0.85669	0.04377
V208	0.126	0.29511	0.42343	0.08424	0.07122
V209	0.13984	0.10469	0.12509	0.10566	0.52473
V210	0.00104	0.22155	0.72007	0.04565	0.01169
V211	0.13437	0.12674	0.21771	0.09471	0.42647
V212	0.06037	0.67288	0.125	0.09251	0.04924
V213	0.0927	0.06639	0.09052	0.29645	0.45395
V214	0.02501	0.51185	0.38358	0.05905	0.02051
V215	0.21171	0.26361	0.15961	0.1283	0.23677
V216	0.04924	0.15316	0.32332	0.09489	0.37939
V217	0.00786	0.03998	0.04812	0.80675	0.09729
V218	0.06249	0.24438	0.28257	0.33133	0.07924
V219	0.10515	0.31443	0.35731	0.20739	0.01573
V220	0.17902	0.64359	0.10464	0.06234	0.01042
V221	0.03748	0.19432	0.44881	0.06232	0.25708
V222	0.02589	0.06737	0.04105	0.12242	0.74327
V223	0.39465	0.14489	0.28375	0.15164	0.02507
V224	0.04293	0.50905	0.06698	0.13747	0.24357
V225	0.5534	0.23115	0.13965	0.05667	0.01914
V226	0.40337	0.47867	0.04056	0.0612	0.01619
V227	0.0839	0.25412	0.03754	0.5745	0.04994
V228	0.44027	0.15412	0.2513	0.11362	0.0407
V229	0.2194	0.39687	0.26514	0.08831	0.03027
V230	0.02575	0.05985	0.04111	0.12384	0.74944
V231	0.06112	0.5468	0.10113	0.21502	0.07592
V232	0.60431	0.13736	0.18013	0.06215	0.01605
V233	0.05451	0.10873	0.17221	0.15174	0.51281
V234	0.0192	0.36895	0.22934	0.35048	0.03202
V235	0.74308	0.11386	0.02706	0.09314	0.02286
V236	0.06313	0.17754	0.52551	0.18968	0.04414
V237	0.1044	0.16739	0.26175	0.3136	0.15285
V238	0.01282	0.05662	0.03659	0.33825	0.55573
V239	0.06239	0.39019	0.08584	0.21888	0.2427
V240	0.06876	0.74374	0.06254	0.07483	0.05014
V241	0.05678	0.81281	0.06016	0.06122	0.00904
V242	0.03228	0.33909	0.29505	0.27829	0.05529
V243	0.36558	0.14799	0.29735	0.07725	0.11183
V244	0.03114	0.40402	0.21666	0.12701	0.22117
V245	0.05267	0.78001	0.08321	0.08174	0.00237
V246	0.50048	0.28951	0.05819	0.068	0.08382
V247	0.14747	0.23517	0.50314	0.08503	0.02919
V248	0.09272	0.55338	0.06837	0.07282	0.21271
V249	0.21012	0.16002	0.21352	0.14266	0.27368
V250	0.01806	0.19521	0.54608	0.07404	0.16661
V251	0.18013	0.09348	0.10852	0.55393	0.06394
V252	0.02148	0.23489	0.4794	0.16344	0.10079
V253	0.25812	0.5091	0.11807	0.09552	0.01918
V254	0.43903	0.36546	0.03392	0.13626	0.02533
V255	0.64681	0.15949	0.02578	0.08762	0.08031
V256	0.04406	0.6823	0.06728	0.06977	0.1366
V257	0.3598	0.32231	0.16035	0.08761	0.06992
V258	0.14075	0.30935	0.07911	0.44549	0.02529
V259	0.42078	0.30773	0.18555	0.05886	0.02708
V260	0.22535	0.11823	0.12971	0.1412	0.38551
V261	0.01815	0.16072	0.44739	0.27341	0.10033
V262	0.69438	0.13073	0.07198	0.07822	0.02469
V263	0.62198	0.15874	0.03817	0.16121	0.0199
V264	0.07084	0.76325	0.06457	0.098	0.00334
V265	0.6311	0.17382	0.09357	0.07927	0.02225
V266	0.02125	0.07465	0.11703	0.1157	0.67138
V267	0.05165	0.06175	0.0364	0.22635	0.62385
V268	0.16967	0.40743	0.16539	0.20978	0.04773
V269	0.07407	0.34804	0.33934	0.20564	0.03292
V270	0.0435	0.05079	0.05486	0.81616	0.0347
V271	0.20984	0.62426	0.05456	0.08034	0.031
V272	0.10335	0.71134	0.07669	0.07249	0.03613
V273	0.23624	0.11323	0.18267	0.32824	0.13961
V274	0.08751	0.09918	0.0675	0.25027	0.49553
V275	0.04458	0.61534	0.18963	0.13385	0.0166
V276	0.00873	0.18233	0.56431	0.21702	0.02761
V277	0.26825	0.17952	0.47364	0.04898	0.02961
V278	0.00502	0.14036	0.32059	0.42331	0.11073
V279	0.12642	0.05416	0.03663	0.7111	0.07169
V280	0.1652	0.07906	0.0602	0.5931	0.10245
V281	0.02506	0.22376	0.07001	0.6491	0.03207
V282	0.06579	0.80453	0.05949	0.061	0.00918
V283	0.30558	0.10423	0.13324	0.09376	0.36318
V284	0.02305	0.24251	0.4715	0.0526	0.21034
V285	0.43571	0.42181	0.03699	0.0877	0.01779
V286	0.06046	0.21579	0.64274	0.06894	0.01206
V287	0.20266	0.14751	0.17886	0.30132	0.16965
V288	0.15274	0.18532	0.51216	0.05104	0.09874
V289	0.13678	0.22743	0.05135	0.5546	0.02985
V290	0.35364	0.42674	0.1574	0.05349	0.00873
V291	0.34067	0.22518	0.03444	0.37274	0.02696
V292	0.09786	0.16197	0.37469	0.08551	0.27997
V293	0.00461	0.26111	0.64016	0.07723	0.01688
V294	0.01664	0.06812	0.04224	0.11664	0.75635
V295	0.01223	0.13067	0.30925	0.47032	0.07752
V296	0.67035	0.18009	0.02767	0.08123	0.04067
V297	0.01577	0.19679	0.61467	0.13707	0.0357
V298	0.24993	0.06441	0.02848	0.54258	0.1146
V299	0.22582	0.05525	0.0356	0.65238	0.03094
V300	0.75163	0.11552	0.02784	0.08205	0.02296
V301	0.73448	0.10798	0.03251	0.09746	0.02757
V302	0.01148	0.05248	0.03479	0.45096	0.45029
V303	0.09356	0.23159	0.22393	0.20691	0.24402
V304	0.13899	0.21341	0.57932	0.04581	0.02247
V305	0.1811	0.326	0.12199	0.15337	0.21755
V306	0.29252	0.56935	0.04441	0.07379	0.01994
V307	0.18629	0.1178	0.25519	0.42015	0.02056
V308	0.17275	0.18844	0.52229	0.10205	0.01447
V309	0.51571	0.14749	0.0724	0.16328	0.10111
V310	0.03424	0.07843	0.03842	0.18015	0.66877
V311	0.01599	0.04378	0.06439	0.83379	0.04205
V312	0.07731	0.29526	0.26016	0.06333	0.30393
V313	0.059	0.29198	0.04842	0.34906	0.25153
V314	0.07622	0.06283	0.03258	0.41566	0.41271
V315	0.7352	0.11012	0.03919	0.07262	0.04287
V316	0.09715	0.50779	0.26395	0.07725	0.05386
V317	0.2862	0.21854	0.42077	0.0501	0.02439
V318	0.71025	0.10533	0.03133	0.07227	0.08082
V319	0.07764	0.23299	0.63214	0.05069	0.00654
V320	0.07175	0.03974	0.02981	0.81656	0.04214
V321	0.11142	0.3502	0.29623	0.21449	0.02765
V322	0.01103	0.32902	0.49954	0.08403	0.07638
V323	0.19408	0.29076	0.38531	0.0653	0.06455
V324	0.03544	0.08234	0.06402	0.77925	0.03894
V325	0.49518	0.1809	0.1029	0.15854	0.06248
V326	0.04867	0.08033	0.0868	0.19871	0.58549
V327	0.27964	0.45165	0.13832	0.0744	0.05598
V328	0.04242	0.29456	0.18233	0.45066	0.03004
V329	0.00467	0.15442	0.35447	0.46148	0.02496
V330	0.06048	0.21761	0.64471	0.03939	0.03782
V331	0.12195	0.10035	0.11718	0.15235	0.50816
V332	0.34432	0.19254	0.38014	0.05203	0.03097
V333	0.31286	0.152	0.2816	0.18062	0.07291
V334	0.03521	0.34041	0.48071	0.10924	0.03442
V335	0.56019	0.15114	0.10006	0.09229	0.09633
V336	0.14109	0.51937	0.27547	0.0485	0.01557
V337	0.01383	0.06265	0.04692	0.23127	0.64533
V338	0.54808	0.13819	0.15672	0.0753	0.0817
V339	0.17989	0.49252	0.20887	0.05199	0.06674
V340	0.03448	0.21221	0.14293	0.11951	0.49088
V341	0.02147	0.46853	0.4135	0.05183	0.04466
V342	0.22189	0.24723	0.38519	0.13519	0.01049
V343	0.5123	0.15007	0.26099	0.06263	0.01401
V344	0.09831	0.66183	0.08987	0.0797	0.07029
V345	0.1936	0.10212	0.03197	0.32278	0.34954
V346	0.03137	0.33194	0.3097	0.29088	0.0361
V347	0.07628	0.46296	0.0628	0.35121	0.04675
V348	0.01543	0.23191	0.40533	0.24003	0.10729
V349	0.05293	0.35481	0.4659	0.05731	0.06905
V350	0.09835	0.39456	0.11812	0.26568	0.12329
V351	0.13664	0.16146	0.3786	0.29697	0.02634
V352	0.09323	0.49879	0.34625	0.05249	0.00924
V353	0.22307	0.3317	0.07204	0.1048	0.26838
V354	0.4174	0.17151	0.3518	0.04754	0.01175
V355	0.06999	0.12794	0.31091	0.46526	0.0259
V356	0.0684	0.2143	0.6328	0.05698	0.02752
V357	0.03643	0.18154	0.45654	0.07496	0.25054
V358	0.0265	0.07197	0.05611	0.80505	0.04036
V359	0.04874	0.12851	0.03326	0.75803	0.03146
V360	0.54381	0.14298	0.10631	0.18823	0.01867
V361	0.2896	0.4502	0.12237	0.05625	0.08157
V362	0.62728	0.12245	0.11188	0.06167	0.07672
V363	0.03367	0.08383	0.03768	0.21844	0.62638
V364	0.0384	0.28034	0.0559	0.45938	0.16597
V365	0.00907	0.04307	0.03225	0.85769	0.05793
V366	0.15592	0.19869	0.48674	0.09404	0.0646
V367	0.18702	0.2661	0.21819	0.19591	0.13279
V368	0.5728	0.17962	0.13658	0.06944	0.04156
V369	0.03995	0.57287	0.26129	0.1217	0.00419
V370	0.0217	0.19698	0.14784	0.37618	0.2573
V371	0.06217	0.77745	0.10065	0.05791	0.00181
V372	0.4977	0.16543	0.15256	0.15219	0.03212
V373	0.10629	0.57411	0.1677	0.14026	0.01164
V374	0.07936	0.15883	0.34366	0.40036	0.01778
V375	0.221	0.18392	0.48176	0.10304	0.01029
V376	0.01367	0.13738	0.38693	0.07378	0.38823
V377	0.07771	0.46412	0.22986	0.21388	0.01443
V378	0.11839	0.50558	0.20576	0.05453	0.11575
V379	0.02857	0.08559	0.13993	0.14651	0.5994
V380	0.01599	0.12346	0.18652	0.48784	0.18619
V381	0.13953	0.10741	0.03675	0.0966	0.61971
V382	0.35659	0.06906	0.02872	0.32479	0.22084
V383	0.0283	0.10417	0.26246	0.58124	0.02383
V384	0.23468	0.13035	0.17354	0.40365	0.05778
V385	0.08506	0.14421	0.03917	0.09756	0.634
V386	0.52468	0.09379	0.02856	0.32865	0.02432
V387	0.22923	0.07539	0.0289	0.61801	0.04848
V388	0.0572	0.72703	0.08679	0.11891	0.01007
V389	0.11928	0.67646	0.06576	0.08814	0.05036
V390	0.15548	0.05545	0.02883	0.65492	0.10532
V391	0.57413	0.2058	0.02667	0.13024	0.06316
V392	0.73303	0.13209	0.03417	0.07901	0.02171
V393	0.08636	0.10076	0.16395	0.50772	0.14122
V394	0.56464	0.10411	0.04871	0.19831	0.08423
V395	0.00336	0.12285	0.34365	0.50327	0.02687
V396	0.40369	0.17791	0.35486	0.04726	0.01628
V397	0.53496	0.19888	0.06003	0.16071	0.04542
V398	0.05603	0.07879	0.17917	0.60095	0.08506
V399	0.04176	0.07791	0.02756	0.32482	0.52796
V400	0.14373	0.47961	0.18541	0.18295	0.0083
V401	0.23307	0.18351	0.50293	0.07098	0.00951
V402	0.27958	0.17521	0.3803	0.10402	0.06088
V403	0.13969	0.12474	0.02772	0.20103	0.50682
V404	0.00408	0.1736	0.42837	0.34897	0.04497
V405	0.29015	0.27807	0.09897	0.24687	0.08594
V406	0.01645	0.22834	0.69984	0.03884	0.01654
V407	0.68067	0.13805	0.05839	0.10308	0.01981
V408	0.03493	0.35914	0.04395	0.29658	0.26539
V409	0.09699	0.06503	0.08556	0.64878	0.10365
V410	0.10559	0.22288	0.31283	0.09378	0.26492
V411	0.01714	0.06608	0.03326	0.12674	0.75678
V412	0.02466	0.19892	0.16042	0.09758	0.51843
V413	0.02461	0.27618	0.17614	0.37201	0.15106
V414	0.04101	0.11836	0.02657	0.49279	0.32126
V415	0.15605	0.06441	0.03569	0.10003	0.64381
V416	0.1007	0.13598	0.05216	0.20831	0.50285
V417	0.00868	0.19431	0.61106	0.13865	0.0473
V418	0.45861	0.37773	0.05571	0.07305	0.0349
V419	0.22135	0.08958	0.04792	0.18419	0.45697
V420	0.20396	0.08838	0.12952	0.11568	0.46246
V421	0.01109	0.09001	0.15891	0.12374	0.61625
V422	0.01629	0.06251	0.07258	0.69838	0.15025
V423	0.22966	0.25397	0.27571	0.21084	0.02982
V424	0.00533	0.1584	0.44922	0.06153	0.32552
V425	0.30055	0.3664	0.03432	0.07617	0.22256
V426	0.20365	0.20322	0.04938	0.46191	0.08184
V427	0.18586	0.5643	0.18803	0.05159	0.01022
V428	0.09022	0.57986	0.11864	0.13901	0.07227
V429	0.1208	0.68466	0.05009	0.11975	0.02471
V430	0.02833	0.14723	0.38012	0.2042	0.24013
V431	0.09928	0.36851	0.21732	0.26569	0.04919
V432	0.25094	0.14037	0.14244	0.34719	0.11908
V433	0.14947	0.16345	0.43699	0.22079	0.02931
V434	0.19205	0.33349	0.34971	0.06005	0.0647
V435	0.40715	0.18098	0.31688	0.07773	0.01727
V436	0.05948	0.54211	0.14404	0.10337	0.15101
V437	0.17317	0.08728	0.05639	0.2265	0.45665
V438	0.11496	0.32109	0.21453	0.29201	0.05741
V439	0.48692	0.08836	0.06969	0.32095	0.03406
V440	0.02264	0.38934	0.49382	0.05578	0.03841
V441	0.03282	0.50374	0.38181	0.07242	0.0092
V442	0.0657	0.80316	0.06828	0.06054	0.00232
V443	0.72911	0.10682	0.03218	0.10935	0.02254
V444	0.13817	0.39926	0.06674	0.35495	0.04088
V445	0.0614	0.37872	0.07562	0.45389	0.03038
V446	0.09765	0.09782	0.12075	0.54779	0.13598
V447	0.06509	0.05511	0.03977	0.48222	0.35781
V448	0.15483	0.07398	0.05093	0.11035	0.60991
V449	0.00162	0.22929	0.72306	0.03977	0.00626
V450	0.17103	0.18054	0.25076	0.16871	0.22896
V451	0.23269	0.22582	0.09003	0.35329	0.09816
V452	0.01322	0.07993	0.17257	0.67375	0.06052
V453	0.02059	0.0567	0.02576	0.49916	0.39779
V454	0.00977	0.18731	0.57156	0.0671	0.16426
V455	0.05735	0.28394	0.28604	0.09577	0.27691
V456	0.72774	0.11148	0.02589	0.09143	0.04346
V457	0.53403	0.24709	0.06274	0.11257	0.04357
V458	0.02342	0.39136	0.4616	0.09006	0.03357
V459	0.12118	0.11352	0.07987	0.48753	0.19791
V460	0.50867	0.15699	0.1947	0.10906	0.03057
V461	0.15956	0.33643	0.25441	0.06956	0.18003
V462	0.04867	0.11361	0.0414	0.52368	0.27264
V463	0.18447	0.1027	0.03768	0.6401	0.03505
V464	0.12592	0.28862	0.52108	0.05296	0.01142
V465	0.04624	0.14438	0.04822	0.11523	0.64594
V466	0.03434	0.05423	0.03004	0.19424	0.68716
V467	0.05492	0.25121	0.05389	0.54799	0.09199
V468	0.4526	0.32455	0.13365	0.05576	0.03344
V469	0.02182	0.32752	0.09292	0.30923	0.24852
V470	0.6449	0.14512	0.05106	0.13404	0.02488
V471	0.33232	0.3017	0.06017	0.18683	0.11898
V472	0.0155	0.09668	0.07601	0.10609	0.70571
V473	0.02999	0.26151	0.2526	0.31745	0.13845
V474	0.24536	0.17529	0.08673	0.43933	0.05328
V475	0.12346	0.19091	0.49315	0.07141	0.12107
V476	0.13366	0.09952	0.11877	0.57682	0.07123
V477	0.05684	0.81108	0.06911	0.0608	0.00217
V478	0.16573	0.07191	0.03549	0.09842	0.62845
V479	0.64409	0.14666	0.05781	0.12694	0.0245
V480	0.12851	0.57803	0.10049	0.16077	0.0322
V481	0.21135	0.35992	0.0964	0.21903	0.1133
V482	0.10659	0.60204	0.22626	0.05026	0.01484
V483	0.28207	0.47644	0.03871	0.15488	0.04789
V484	0.19141	0.46859	0.15037	0.16893	0.0207
V485	0.5091	0.16715	0.13036	0.16068	0.03271
V486	0.0609	0.17821	0.29879	0.06836	0.39374
V487	0.10751	0.22076	0.36907	0.28346	0.0192
V488	0.35018	0.12248	0.02333	0.36168	0.14233
V489	0.00928	0.31657	0.55762	0.09958	0.01696
V490	0.00873	0.18947	0.59353	0.19259	0.01568
V491	0.03793	0.43961	0.08921	0.15449	0.27875
V492	0.03072	0.15834	0.05883	0.70339	0.04872
V493	0.01784	0.03582	0.03173	0.87011	0.04449
V494	0.27553	0.06304	0.04271	0.5333	0.08542
V495	0.2645	0.26711	0.21913	0.19458	0.05467
V496	0.1256	0.10285	0.08528	0.09069	0.59558
V497	0.09151	0.11784	0.16981	0.16193	0.45892
V498	0.0786	0.75344	0.08025	0.06545	0.02227
V499	0.04035	0.27954	0.27104	0.11306	0.29601
V500	0.0991	0.45107	0.14548	0.24876	0.05559
V501	0.07277	0.32495	0.05219	0.09	0.4601
V502	0.12901	0.68949	0.09189	0.08571	0.0039
V503	0.3511	0.13032	0.20823	0.17459	0.13577
V504	0.4106	0.23619	0.03577	0.07799	0.23946
V505	0.50843	0.09522	0.04998	0.14427	0.2021
V506	0.03171	0.49068	0.10946	0.07536	0.29279
V507	0.65164	0.10342	0.05552	0.14746	0.04196
V508	0.03117	0.57427	0.24671	0.0869	0.06094
V509	0.05138	0.43514	0.17303	0.22809	0.11235
V510	0.35039	0.45395	0.08278	0.0973	0.01558
V511	0.05328	0.36005	0.45907	0.07625	0.05136
V512	0.13249	0.44184	0.20253	0.0972	0.12594
V513	0.1575	0.59667	0.11786	0.09781	0.03016
V514	0.01696	0.10254	0.24181	0.11143	0.52725
V515	0.06855	0.1433	0.02578	0.73152	0.03085
V516	0.13933	0.34939	0.13878	0.34523	0.02727
V517	0.01694	0.07575	0.07319	0.79445	0.03967
V518	0.31619	0.14761	0.29428	0.20491	0.03701
V519	0.61713	0.14336	0.03082	0.18262	0.02607
V520	0.07733	0.73633	0.07057	0.11199	0.00379
V521	0.17418	0.08139	0.14793	0.56481	0.03169
V522	0.0396	0.28628	0.48715	0.15079	0.03619
V523	0.10971	0.22259	0.57935	0.07581	0.01254
V524	0.24908	0.19444	0.46107	0.04436	0.05105
V525	0.02133	0.22771	0.06823	0.09998	0.58275
V526	0.03095	0.2248	0.65951	0.05725	0.02749
V527	0.07229	0.46319	0.38552	0.05805	0.02095
V528	0.13393	0.04917	0.04412	0.74023	0.03254
V529	0.1543	0.2123	0.57004	0.04595	0.01741
V530	0.0158	0.21856	0.66683	0.07611	0.02269
V531	0.1592	0.48332	0.12894	0.07334	0.1552
V532	0.05814	0.30908	0.30257	0.05988	0.27034
V533	0.24846	0.07474	0.02652	0.09392	0.55637
V534	0.11209	0.10015	0.02348	0.7135	0.05078
V535	0.64327	0.19606	0.075	0.06335	0.02232
V536	0.10386	0.26325	0.36055	0.08045	0.19189
V537	0.02592	0.08428	0.04963	0.11039	0.72979
V538	0.51248	0.1733	0.03243	0.09614	0.18565
V539	0.0139	0.26876	0.54314	0.12152	0.05269
V540	0.14819	0.44701	0.12768	0.10382	0.17329
V541	0.03789	0.39278	0.06384	0.10139	0.40409
V542	0.03699	0.32977	0.14209	0.42791	0.06324
V543	0.05104	0.24651	0.55322	0.08025	0.06898
V544	0.27879	0.24936	0.19551	0.11342	0.16292
V545	0.5218	0.3544	0.04143	0.06863	0.01374
V546	0.07055	0.68461	0.13441	0.06223	0.0482
V547	0.09164	0.68066	0.04985	0.15236	0.02549
V548	0.01096	0.08817	0.03316	0.82615	0.04157
V549	0.01318	0.06351	0.0549	0.24555	0.62286
V550	0.0473	0.73479	0.14799	0.06189	0.00802
V551	0.01861	0.03411	0.02379	0.88483	0.03866
V552	0.20167	0.08314	0.0493	0.11999	0.54589
V553	0.60803	0.10686	0.04185	0.18913	0.05413
V554	0.0848	0.18036	0.42264	0.28705	0.02514
V555	0.05446	0.79569	0.06718	0.06019	0.02248
V556	0.07148	0.09764	0.0794	0.68246	0.06903
V557	0.26242	0.25745	0.06652	0.35685	0.05676
V558	0.00893	0.20175	0.61364	0.15066	0.02503
V559	0.08483	0.42655	0.41134	0.05054	0.02674
V560	0.49596	0.28465	0.15165	0.05525	0.01249
V561	0.54984	0.11817	0.14867	0.07133	0.11199
V562	0.11071	0.13639	0.17791	0.15023	0.42475
V563	0.17948	0.2988	0.22002	0.15003	0.15167
V564	0.29106	0.09881	0.0833	0.35469	0.17214
V565	0.01534	0.06742	0.04949	0.14537	0.72239
V566	0.2529	0.17973	0.05599	0.34497	0.16642
V567	0.01575	0.22057	0.7133	0.03896	0.01142
V568	0.02639	0.28455	0.39126	0.2857	0.0121
V569	0.49009	0.1784	0.12479	0.16261	0.04412
V570	0.10847	0.13029	0.27246	0.41901	0.06978
V571	0.21128	0.11701	0.23392	0.32862	0.10917
V572	0.67137	0.10487	0.02411	0.07839	0.12126
V573	0.06473	0.16904	0.31986	0.35259	0.09378
V574	0.42253	0.30631	0.10365	0.13724	0.03027
V575	0.3068	0.11981	0.14138	0.11195	0.32006
V576	0.05132	0.76684	0.06423	0.06762	0.04999
V577	0.35101	0.45297	0.07514	0.10496	0.01592
V578	0.02301	0.25675	0.45425	0.22074	0.04525
V579	0.02418	0.48692	0.33292	0.07004	0.08593
V580	0.19111	0.48139	0.05447	0.24245	0.03058
V581	0.04694	0.46184	0.36564	0.11481	0.01077
V582	0.00268	0.24126	0.70441	0.04562	0.00603
V583	0.45049	0.16212	0.30216	0.07213	0.0131
V584	0.19412	0.46724	0.14283	0.0844	0.11142
V585	0.05098	0.67355	0.11681	0.10878	0.04988
V586	0.0419	0.67881	0.21098	0.06634	0.00198
V587	0.05914	0.61328	0.05549	0.08827	0.18383
V588	0.1862	0.40914	0.34786	0.04578	0.01102
V589	0.0887	0.37489	0.08309	0.41724	0.03607
V590	0.0551	0.69336	0.05117	0.07084	0.12953
V591	0.39106	0.45377	0.07542	0.06421	0.01554
V592	0.01588	0.19099	0.61368	0.06899	0.11046
V593	0.34802	0.07213	0.02809	0.48756	0.0642
V594	0.00575	0.25296	0.54289	0.15626	0.04214
V595	0.41912	0.12168	0.08772	0.321	0.05047
V596	0.35741	0.25029	0.21041	0.15223	0.02966
V597	0.03011	0.21195	0.04112	0.1806	0.53623
V598	0.49044	0.0914	0.03068	0.07803	0.30944
V599	0.06792	0.3774	0.12581	0.3878	0.04107
V600	0.22452	0.11379	0.19067	0.36649	0.10453
V601	0.12554	0.13253	0.0327	0.48624	0.223
V602	0.65966	0.2174	0.02997	0.07443	0.01853
V603	0.12123	0.17932	0.06089	0.19318	0.44537
V604	0.01677	0.19354	0.57804	0.12206	0.08959
V605	0.03011	0.13487	0.15787	0.13921	0.53794
V606	0.6708	0.09898	0.02394	0.07904	0.12724
V607	0.14955	0.15727	0.05292	0.09592	0.54435
V608	0.59219	0.11625	0.05607	0.13589	0.0996
V609	0.1621	0.29828	0.04641	0.41383	0.07937
V610	0.08396	0.57272	0.05239	0.27423	0.0167
V611	0.1996	0.19825	0.49576	0.06087	0.04551
V612	0.29426	0.17038	0.2927	0.06826	0.1744
V613	0.35086	0.47841	0.07699	0.08426	0.00947
V614	0.44754	0.11048	0.0444	0.1352	0.26238
V615	0.00942	0.1438	0.15249	0.55153	0.14275
V616	0.50416	0.12063	0.15767	0.17296	0.04458
V617	0.17334	0.20209	0.40414	0.12044	0.09999
V618	0.5676	0.17556	0.0872	0.07399	0.09565
V619	0.43025	0.14709	0.16559	0.06801	0.18906
V620	0.03612	0.13629	0.32858	0.47329	0.02573
V621	0.11818	0.28159	0.2967	0.0585	0.24503
V622	0.02105	0.27656	0.34428	0.06734	0.29078
V623	0.06322	0.04855	0.03019	0.6844	0.17364
V624	0.7057	0.10379	0.03085	0.08966	0.07
V625	0.00843	0.10881	0.11623	0.73035	0.03618
V626	0.05762	0.17553	0.4687	0.26822	0.02993
V627	0.09824	0.20844	0.14774	0.09913	0.44645
V628	0.72888	0.11925	0.03298	0.09683	0.02206
V629	0.0969	0.3191	0.51338	0.05963	0.01098
V630	0.02089	0.20931	0.05922	0.11	0.60057
V631	0.0086	0.11998	0.28434	0.08552	0.50155
V632	0.05331	0.68064	0.05836	0.09245	0.11525
V633	0.05121	0.07133	0.11429	0.51835	0.24481
V634	0.33567	0.42389	0.17314	0.05877	0.00853
V635	0.03894	0.17959	0.20953	0.09231	0.47962
V636	0.16	0.24365	0.30024	0.20222	0.0939
V637	0.16544	0.1544	0.36598	0.24024	0.07394
V638	0.07644	0.43584	0.06306	0.13937	0.28529
V639	0.43301	0.38572	0.10848	0.05659	0.0162
V640	0.09958	0.22112	0.11216	0.26379	0.30336
V641	0.09607	0.62533	0.07099	0.18132	0.02629
V642	0.57725	0.11866	0.02947	0.25207	0.02254
V643	0.05767	0.73979	0.12233	0.07804	0.00217
V644	0.04427	0.39188	0.06008	0.45981	0.04396
V645	0.15438	0.64306	0.06378	0.13253	0.00625
V646	0.12413	0.47717	0.07066	0.26375	0.06429
V647	0.71928	0.10564	0.03165	0.12094	0.02249
V648	0.37147	0.15625	0.03144	0.30129	0.13955
V649	0.2304	0.15729	0.10609	0.16256	0.34366
V650	0.02422	0.04844	0.08039	0.81277	0.03418
V651	0.1278	0.21113	0.02785	0.60725	0.02597
V652	0.30042	0.07534	0.05758	0.52769	0.03896
V653	0.28414	0.08575	0.07368	0.49976	0.05668
V654	0.03682	0.12385	0.03139	0.15174	0.6562
V655	0.12572	0.15621	0.28639	0.40713	0.02454
V656	0.1093	0.07123	0.02762	0.17917	0.61268
V657	0.03744	0.44385	0.07117	0.35006	0.09748
V658	0.0271	0.07594	0.05645	0.60668	0.23382
V659	0.01575	0.07501	0.09782	0.73327	0.07814
V660	0.06279	0.33535	0.06063	0.1111	0.43013
V661	0.04623	0.57932	0.06144	0.22122	0.0918
V662	0.03956	0.41856	0.06489	0.07745	0.39954
V663	0.75487	0.11221	0.03445	0.07567	0.0228
V664	0.02436	0.07165	0.14296	0.40893	0.3521
V665	0.03052	0.56445	0.24583	0.12367	0.03553
V666	0.09627	0.74028	0.09666	0.06423	0.00256
V667	0.03429	0.50254	0.28444	0.13624	0.04249
V668	0.50826	0.27119	0.07855	0.11083	0.03117
V669	0.3919	0.31521	0.06011	0.13831	0.09447
V670	0.09142	0.56495	0.09344	0.09091	0.15927
V671	0.57016	0.13534	0.18924	0.08446	0.02079
V672	0.08431	0.13127	0.11767	0.32844	0.33831
V673	0.01604	0.0766	0.03119	0.19415	0.68202
V674	0.27247	0.23018	0.41776	0.04474	0.03486
V675	0.54294	0.09966	0.0629	0.19187	0.10264
V676	0.19517	0.23049	0.426	0.04744	0.1009
V677	0.04048	0.29474	0.23447	0.37011	0.06021
V678	0.05316	0.31603	0.05222	0.10685	0.47174
V679	0.01068	0.14688	0.40764	0.41142	0.02338
V680	0.15044	0.06485	0.0465	0.37701	0.36119
V681	0.424	0.10987	0.06491	0.31193	0.08929
V682	0.00162	0.22929	0.72306	0.03977	0.00626
V683	0.05475	0.29005	0.53169	0.04367	0.07984
V684	0.05412	0.04561	0.03048	0.83377	0.03602
V685	0.00866	0.21253	0.65036	0.11531	0.01314
V686	0.25177	0.54192	0.11266	0.07526	0.01838
V687	0.00211	0.16342	0.49611	0.31279	0.02556
V688	0.00137	0.22453	0.71165	0.04552	0.01694
V689	0.38663	0.15854	0.19881	0.14356	0.11245
V690	0.10603	0.73327	0.07022	0.08061	0.00987
V691	0.12256	0.16192	0.07255	0.59171	0.05125
V692	0.06314	0.06388	0.03815	0.734	0.10083
V693	0.0226	0.47836	0.41862	0.0711	0.00932
V694	0.07942	0.20681	0.06755	0.56832	0.0779
V695	0.11394	0.18338	0.171	0.09027	0.44142
V696	0.09209	0.19244	0.58871	0.04826	0.07849
V697	0.08524	0.19752	0.3041	0.32048	0.09267
V698	0.01905	0.1079	0.20082	0.09444	0.5778
V699	0.03431	0.06482	0.07203	0.64102	0.18782
V700	0.06346	0.7047	0.12776	0.05579	0.04828
V701	0.02134	0.20768	0.051	0.10388	0.61609
V702	0.0222	0.13786	0.03411	0.66291	0.14291
V703	0.01735	0.05454	0.04812	0.83764	0.04234
V704	0.03999	0.17912	0.37231	0.07643	0.33214
V705	0.72765	0.11773	0.02619	0.08525	0.04318
V706	0.12892	0.20088	0.17479	0.41759	0.07782
V707	0.12576	0.17046	0.10057	0.29915	0.30406
V708	0.02714	0.53545	0.38218	0.0525	0.00273
V709	0.01537	0.07985	0.06753	0.1095	0.72774
V710	0.10335	0.17453	0.42602	0.05527	0.24082
V711	0.06191	0.06302	0.05509	0.12225	0.69773
V712	0.04702	0.19168	0.56176	0.17868	0.02086
V713	0.20612	0.41791	0.31	0.05967	0.0063
V714	0.05537	0.06652	0.03132	0.11288	0.73391
V715	0.01157	0.34127	0.51344	0.12183	0.01189
V716	0.58779	0.23007	0.04132	0.10771	0.0331
V717	0.32904	0.2245	0.14407	0.08354	0.21885
V718	0.50052	0.14671	0.25033	0.05779	0.04466
V719	0.33196	0.27249	0.12926	0.15737	0.10892
V720	0.11387	0.11594	0.11856	0.1146	0.53704
V721	0.03231	0.075	0.08246	0.11978	0.69045
V722	0.02569	0.24454	0.08808	0.49146	0.15023
V723	0.09604	0.24107	0.13517	0.48837	0.03935
V724	0.11935	0.572	0.0842	0.20982	0.01463
V725	0.03568	0.06775	0.04069	0.11332	0.74256
V726	0.19845	0.46076	0.09358	0.1106	0.1366
V727	0.00867	0.22313	0.70627	0.04512	0.0168
V728	0.59022	0.13559	0.13297	0.11889	0.02233
V729	0.48745	0.17149	0.0522	0.26312	0.02575
V730	0.09643	0.1484	0.34693	0.34901	0.05923
V731	0.00751	0.06236	0.08206	0.81407	0.034
V732	0.01794	0.03587	0.03186	0.87636	0.03797
V733	0.02416	0.23192	0.68868	0.03877	0.01647
V734	0.3729	0.20527	0.31565	0.0842	0.02197
V735	0.06653	0.22569	0.23452	0.09103	0.38223
V736	0.01757	0.0981	0.04189	0.11127	0.73116
V737	0.75076	0.11712	0.03449	0.07514	0.02249
V738	0.0316	0.43264	0.05731	0.08543	0.39302
V739	0.01905	0.04896	0.02394	0.87036	0.03769
V740	0.1898	0.15526	0.13304	0.09146	0.43043
V741	0.41693	0.09294	0.02871	0.33613	0.12531
V742	0.05869	0.17653	0.4625	0.1794	0.12287
V743	0.03122	0.11436	0.10595	0.17902	0.56945
V744	0.1603	0.13948	0.17755	0.46974	0.05293
V745	0.14372	0.07812	0.06849	0.67393	0.03573
V746	0.32032	0.49925	0.07823	0.06418	0.03802
V747	0.02393	0.22951	0.67974	0.04493	0.02189
V748	0.13694	0.27165	0.27973	0.10558	0.20611
V749	0.15816	0.16223	0.13932	0.41713	0.12316
V750	0.60266	0.2352	0.0356	0.10909	0.01743
V751	0.03171	0.40066	0.49638	0.06151	0.00974
V752	0.02835	0.16921	0.05809	0.1056	0.63875
V753	0.41746	0.16899	0.23416	0.07918	0.10021
V754	0.10546	0.30335	0.03954	0.52358	0.02806
V755	0.22303	0.62198	0.08686	0.05682	0.0113
V756	0.02705	0.15176	0.05688	0.14532	0.61899
V757	0.14893	0.07011	0.11607	0.63092	0.03397
V758	0.0643	0.39087	0.03607	0.48338	0.02539
V759	0.08581	0.1102	0.12905	0.08828	0.58666
V760	0.06908	0.12586	0.22097	0.27251	0.31159
V761	0.04964	0.33803	0.55559	0.04667	0.01007
V762	0.01636	0.11824	0.18792	0.39844	0.27904
V763	0.03429	0.27939	0.0444	0.0906	0.55132
V764	0.09851	0.11333	0.10366	0.64461	0.03988
V765	0.12901	0.19815	0.52317	0.08034	0.06934
V766	0.06781	0.46195	0.26573	0.09454	0.10998
V767	0.24221	0.44394	0.09965	0.10108	0.11312
V768	0.06557	0.72002	0.10314	0.10171	0.00956
V769	0.56898	0.14014	0.18298	0.06144	0.04645
V770	0.22996	0.16644	0.41803	0.16787	0.0177
V771	0.06943	0.64037	0.05578	0.14626	0.08816
V772	0.03856	0.22598	0.68458	0.04462	0.00626
V773	0.0332	0.05901	0.02887	0.24806	0.63086
V774	0.12522	0.17067	0.45855	0.05172	0.19384
V775	0.70035	0.10599	0.04366	0.1182	0.0318
V776	0.2967	0.4113	0.18257	0.07828	0.03115
V777	0.17832	0.38417	0.25259	0.14069	0.04424
V778	0.43977	0.12573	0.03694	0.24849	0.14907
V779	0.0586	0.42221	0.44804	0.05599	0.01517
V780	0.01579	0.22026	0.71258	0.04503	0.00634
V781	0.15549	0.33371	0.19771	0.06199	0.2511
V782	0.21159	0.2636	0.05466	0.08472	0.38543
V783	0.00324	0.17898	0.53999	0.07094	0.20684
V784	0.03588	0.54901	0.04364	0.29137	0.08009
V785	0.5735	0.19178	0.02596	0.15073	0.05803
V786	0.14584	0.21065	0.04265	0.55745	0.04342
V787	0.12938	0.5315	0.04178	0.2338	0.06355
V788	0.32539	0.40307	0.10355	0.05869	0.1093
V789	0.01671	0.17727	0.03731	0.43157	0.33714
V790	0.24616	0.25577	0.09233	0.16373	0.24201
V791	0.15911	0.24718	0.10278	0.23238	0.25855
V792	0.72814	0.12296	0.04632	0.07112	0.03146
V793	0.28538	0.28577	0.08435	0.1451	0.1994
V794	0.01962	0.09505	0.13088	0.23351	0.52095
V795	0.13227	0.71692	0.06909	0.06532	0.0164
V796	0.25138	0.39215	0.13664	0.18476	0.03507
V797	0.13827	0.06104	0.02808	0.118	0.65461
V798	0.12633	0.47245	0.04747	0.14327	0.21048
V799	0.03104	0.17918	0.07596	0.64716	0.06666
V800	0.03283	0.07133	0.04609	0.20246	0.6473
V801	0.30625	0.0975	0.1362	0.4137	0.04635
V802	0.04025	0.22462	0.05047	0.10053	0.58413
V803	0.25781	0.08514	0.02901	0.58077	0.04727
V804	0.16451	0.21847	0.20699	0.3555	0.05453
V805	0.11725	0.23667	0.38917	0.17984	0.07707
V806	0.37776	0.13066	0.19885	0.11276	0.17997
V807	0.56973	0.10908	0.08396	0.10844	0.12879
V808	0.65338	0.11474	0.07013	0.07153	0.09021
V809	0.18612	0.54524	0.06577	0.08935	0.11352
V810	0.02891	0.1044	0.06684	0.48014	0.31971
V811	0.05382	0.14327	0.05461	0.18129	0.56701
V812	0.03213	0.58451	0.22993	0.12432	0.02911
V813	0.03365	0.27174	0.23784	0.06967	0.38711
V814	0.17802	0.49305	0.10319	0.19771	0.02804
V815	0.21439	0.59017	0.07603	0.10671	0.0127
V816	0.03038	0.45345	0.04724	0.42637	0.04256
V817	0.60012	0.14833	0.15444	0.08072	0.0164
V818	0.03733	0.2781	0.3437	0.08548	0.25539
V819	0.72353	0.11995	0.03927	0.09559	0.02166
V820	0.0649	0.34972	0.15033	0.39387	0.04118
V821	0.01738	0.0666	0.03357	0.11895	0.76349
V822	0.16316	0.06402	0.03659	0.70475	0.03149
V823	0.0459	0.17254	0.24213	0.07504	0.46439
V824	0.07259	0.09405	0.05524	0.10232	0.67581
V825	0.1108	0.18071	0.51991	0.17756	0.01102
V826	0.03052	0.21962	0.68646	0.05687	0.00653
V827	0.2981	0.17906	0.02551	0.39631	0.10101
V828	0.21161	0.20242	0.13324	0.12109	0.33165
V829	0.0775	0.18336	0.29936	0.20113	0.23866
V830	0.11093	0.19699	0.55099	0.06132	0.07977
V831	0.03969	0.63818	0.09816	0.19807	0.0259
V832	0.18735	0.07464	0.0952	0.28183	0.36097
V833	0.18453	0.66279	0.05714	0.05897	0.03657
V834	0.58844	0.20273	0.06037	0.0875	0.06096
V835	0.21499	0.29637	0.11806	0.29035	0.08022
V836	0.27825	0.20029	0.377	0.12779	0.01666
V837	0.04641	0.72135	0.06944	0.09799	0.0648
V838	0.00641	0.052	0.09814	0.8031	0.04035
V839	0.04116	0.10328	0.1072	0.09664	0.65172
V840	0.71325	0.11599	0.05141	0.09322	0.02613
V841	0.16095	0.20777	0.57297	0.04581	0.0125
V842	0.40225	0.15138	0.20274	0.21589	0.02774
V843	0.37411	0.11473	0.16073	0.12505	0.22538
V844	0.01462	0.29444	0.61075	0.05869	0.0215
V845	0.02792	0.04641	0.02407	0.62843	0.27317
V846	0.10374	0.11657	0.12741	0.13672	0.51557
V847	0.18985	0.08053	0.08027	0.19027	0.45908
V848	0.58848	0.12199	0.02968	0.14654	0.11331
V849	0.10338	0.21965	0.56193	0.04809	0.06694
V850	0.17512	0.15015	0.28182	0.18074	0.21217
V851	0.75248	0.10988	0.02739	0.08199	0.02826
V852	0.21026	0.13195	0.10541	0.21879	0.33359
V853	0.02886	0.24923	0.51048	0.15105	0.06039
V854	0.04433	0.36482	0.26548	0.12275	0.20263
V855	0.09575	0.36736	0.12483	0.3307	0.08135
V856	0.14776	0.38464	0.09258	0.06929	0.30572
V857	0.06925	0.12096	0.18471	0.41726	0.20782
V858	0.02768	0.35382	0.21451	0.23794	0.16604
V859	0.11731	0.06229	0.04476	0.71783	0.05781
V860	0.03856	0.16843	0.09195	0.62814	0.07292
V861	0.12161	0.09629	0.14296	0.60693	0.03221
V862	0.06974	0.06734	0.05272	0.18039	0.62981
V863	0.05294	0.78324	0.07458	0.0668	0.02244
V864	0.02977	0.20778	0.66695	0.08808	0.00742
V865	0.06306	0.17557	0.519	0.23025	0.01213
V866	0.02557	0.20131	0.52605	0.2195	0.02757
V867	0.48468	0.11116	0.0312	0.07693	0.29604
V868	0.17962	0.29062	0.36494	0.13889	0.02593
V869	0.02456	0.06279	0.05821	0.11957	0.73487
V870	0.23262	0.20912	0.10658	0.274	0.17769
V871	0.03932	0.12089	0.13114	0.16545	0.5432
V872	0.324	0.10023	0.03632	0.47631	0.06314
V873	0.05341	0.3241	0.17611	0.37812	0.06826
V874	0.09304	0.10566	0.03798	0.10824	0.65507
V875	0.016	0.19486	0.05331	0.5109	0.22493
V876	0.40132	0.14	0.08409	0.08488	0.28971
V877	0.21103	0.55152	0.08154	0.13606	0.01984
V878	0.03734	0.59699	0.08758	0.25651	0.02158
V879	0.70563	0.1354	0.03916	0.09387	0.02594
V880	0.07698	0.12133	0.05744	0.44906	0.29518
V881	0.01207	0.1655	0.47721	0.05782	0.2874
V882	0.04648	0.41896	0.05344	0.46365	0.01747
V883	0.42623	0.2122	0.04047	0.22187	0.09923
V884	0.01709	0.0587	0.0335	0.12819	0.76252
V885	0.13505	0.18866	0.35753	0.14341	0.17535
V886	0.01192	0.0559	0.06239	0.29223	0.57756
V887	0.09826	0.7499	0.06318	0.05934	0.02931
V888	0.05531	0.13548	0.08146	0.6535	0.07424
V889	0.12018	0.69347	0.09193	0.07819	0.01623
V890	0.0313	0.08536	0.15618	0.61195	0.1152
V891	0.00246	0.24038	0.69923	0.0518	0.00613
V892	0.4956	0.26768	0.05019	0.07016	0.11637
V893	0.11467	0.2769	0.44548	0.10963	0.05333
V894	0.09423	0.47026	0.08742	0.29674	0.05134
V895	0.50248	0.14793	0.25615	0.07446	0.01897
V896	0.172	0.26277	0.2399	0.30471	0.02062
V897	0.00736	0.0447	0.06458	0.75272	0.13063
V898	0.34921	0.08387	0.03897	0.1048	0.42315
V899	0.46541	0.32615	0.11159	0.05712	0.03973
V900	0.20562	0.28194	0.27065	0.21243	0.02936
