mature.neutrophil	CD14.pos.CD16.neg.classical.monocyte	macrophage	memory.CD4.pos.AB.T.cell	cytotoxic.CD56.dim.NK.cell
V1	0.29706	0.21473	0.21552	0.1636	0.1091
V2	0.06352	0.71501	0.07178	0.10715	0.04253
V3	0.06405	0.15785	0.34759	0.41189	0.01861
V4	0.01795	0.13608	0.21455	0.0547	0.57672
V5	0.0227	0.08955	0.06917	0.09292	0.72566
V6	0.299	0.14346	0.22674	0.24283	0.08797
V7	0.01388	0.18521	0.35746	0.08272	0.36074
V8	0.01572	0.24799	0.62923	0.10019	0.00686
V9	0.05724	0.10797	0.2175	0.60068	0.01661
V10	0.39894	0.19083	0.34665	0.04149	0.02209
V11	0.04121	0.11351	0.10571	0.06115	0.67842
V12	0.08214	0.12015	0.19462	0.30129	0.30179
V13	0.1312	0.10287	0.0466	0.42149	0.29784
V14	0.15288	0.06852	0.07207	0.62605	0.08049
V15	0.02773	0.05458	0.0111	0.87503	0.03157
V16	0.50073	0.12367	0.02341	0.33949	0.0127
V17	0.07293	0.26814	0.03217	0.06713	0.55963
V18	0.08729	0.41899	0.23248	0.2467	0.01454
V19	0.03632	0.08401	0.01595	0.10837	0.75534
V20	0.00728	0.20498	0.54045	0.23196	0.01534
V21	0.02633	0.29461	0.1324	0.17681	0.36984
V22	0.69718	0.15823	0.06547	0.05482	0.02431
V23	0.08443	0.09139	0.03581	0.13111	0.65726
V24	0.42939	0.17165	0.03261	0.0764	0.28995
V25	0.03	0.08174	0.02692	0.42546	0.43587
V26	0.44034	0.23685	0.06587	0.07882	0.17813
V27	0.12713	0.48715	0.18018	0.04487	0.16067
V28	0.03306	0.14448	0.17648	0.60928	0.0367
V29	0.01014	0.11645	0.27124	0.57937	0.0228
V30	0.64176	0.16459	0.03598	0.07294	0.08472
V31	0.3925	0.17732	0.02568	0.2551	0.1494
V32	0.78156	0.09384	0.01893	0.06244	0.04323
V33	0.02991	0.22812	0.03183	0.12071	0.58943
V34	0.13674	0.76858	0.02823	0.06091	0.00554
V35	0.09961	0.57914	0.24299	0.07353	0.00473
V36	0.03343	0.24196	0.16343	0.0999	0.46129
V37	0.65695	0.08723	0.01243	0.05867	0.18471
V38	0.11384	0.18201	0.3778	0.20848	0.11786
V39	0.29465	0.1717	0.26989	0.04494	0.21883
V40	0.23259	0.54438	0.03551	0.15355	0.03397
V41	0.05991	0.77887	0.03567	0.05095	0.0746
V42	0.73219	0.12	0.02962	0.0643	0.05389
V43	0.4167	0.23229	0.27089	0.0686	0.01152
V44	0.03778	0.37855	0.4536	0.03787	0.0922
V45	0.04416	0.61274	0.10758	0.19232	0.0432
V46	0.12624	0.6885	0.08599	0.08033	0.01894
V47	0.00715	0.26258	0.68091	0.03663	0.01273
V48	0.15798	0.20033	0.19306	0.33817	0.11045
V49	0.40838	0.21761	0.18799	0.17246	0.01355
V50	0.02588	0.26896	0.66289	0.03618	0.0061
V51	0.10588	0.31059	0.18485	0.08507	0.31362
V52	0.06572	0.83623	0.03032	0.06214	0.0056
V53	0.03263	0.1695	0.02019	0.75709	0.02058
V54	0.20782	0.0585	0.02346	0.54833	0.16189
V55	0.07638	0.04219	0.01041	0.84742	0.0236
V56	0.07514	0.03966	0.01702	0.75967	0.10852
V57	0.14421	0.26789	0.43292	0.05894	0.09604
V58	0.07617	0.09318	0.13254	0.20549	0.49262
V59	0.71548	0.12274	0.08124	0.06692	0.01362
V60	0.38938	0.24309	0.11581	0.15831	0.09341
V61	0.1956	0.08171	0.03961	0.23086	0.45223
V62	0.06209	0.15211	0.26179	0.14169	0.38232
V63	0.37611	0.27759	0.06855	0.0723	0.20545
V64	0.78334	0.10852	0.03059	0.06204	0.01551
V65	0.08824	0.11635	0.04648	0.62055	0.12838
V66	0.03173	0.07523	0.12042	0.74605	0.02657
V67	0.01478	0.15373	0.29411	0.10282	0.43455
V68	0.39772	0.16209	0.30066	0.07448	0.06506
V69	0.51035	0.2034	0.16727	0.06583	0.05315
V70	0.06895	0.63537	0.0613	0.21268	0.0217
V71	0.10648	0.70236	0.06344	0.11523	0.0125
V72	0.04747	0.39574	0.04256	0.05574	0.45849
V73	0.06273	0.07565	0.09776	0.57292	0.19094
V74	0.01853	0.08665	0.01858	0.79556	0.08067
V75	0.4134	0.26638	0.24697	0.05636	0.0169
V76	0.01629	0.04498	0.0253	0.84595	0.06748
V77	0.02435	0.24972	0.64809	0.07139	0.00645
V78	0.0074	0.26466	0.67189	0.04343	0.01262
V79	0.0859	0.38883	0.05515	0.16842	0.3017
V80	0.13742	0.65823	0.02451	0.09973	0.0801
V81	0.01619	0.26233	0.67862	0.03651	0.00634
V82	0.22431	0.17591	0.0391	0.53878	0.0219
V83	0.1001	0.11462	0.03239	0.55229	0.2006
V84	0.10167	0.2015	0.02342	0.06889	0.60451
V85	0.00717	0.26222	0.68015	0.04393	0.00654
V86	0.02929	0.29461	0.26115	0.39683	0.01812
V87	0.40854	0.08121	0.04753	0.43667	0.02604
V88	0.29531	0.19886	0.06095	0.21874	0.22614
V89	0.04586	0.28844	0.58891	0.07085	0.00594
V90	0.02762	0.2223	0.06933	0.11726	0.56348
V91	0.01436	0.05973	0.0765	0.82716	0.02226
V92	0.23753	0.11059	0.04067	0.07422	0.537
V93	0.01636	0.14832	0.14851	0.51983	0.16698
V94	0.04635	0.19892	0.03706	0.26023	0.45744
V95	0.07113	0.25231	0.03862	0.12442	0.51352
V96	0.6764	0.09987	0.03438	0.07498	0.11438
V97	0.16523	0.10437	0.05549	0.13023	0.54468
V98	0.05894	0.38729	0.17409	0.15268	0.227
V99	0.46626	0.16585	0.01881	0.24746	0.10162
V100	0.48441	0.20438	0.05736	0.09293	0.16092
V101	0.07535	0.82032	0.03766	0.06135	0.00533
V102	0.29251	0.27448	0.12871	0.13886	0.16544
V103	0.13745	0.07197	0.02165	0.0674	0.70153
V104	0.05503	0.41033	0.09552	0.05897	0.38015
V105	0.02352	0.09247	0.05379	0.10253	0.72768
V106	0.05971	0.69592	0.15799	0.05325	0.03313
V107	0.05193	0.34279	0.5138	0.07974	0.01174
V108	0.02302	0.33932	0.59552	0.03651	0.00562
V109	0.06609	0.23762	0.06629	0.29829	0.33171
V110	0.17663	0.47521	0.17532	0.15368	0.01917
V111	0.25761	0.32098	0.36959	0.04654	0.00528
V112	0.17446	0.07711	0.10186	0.46928	0.17728
V113	0.23282	0.09682	0.1036	0.17156	0.3952
V114	0.50595	0.13904	0.05456	0.20217	0.09827
V115	0.7384	0.0888	0.01805	0.06594	0.08882
V116	0.02676	0.08045	0.01691	0.07737	0.79852
V117	0.05064	0.23336	0.58561	0.10578	0.02461
V118	0.04671	0.0411	0.0106	0.86321	0.03837
V119	0.28388	0.1595	0.29981	0.24753	0.00928
V120	0.01527	0.22704	0.5961	0.12969	0.03189
V121	0.21042	0.64347	0.02465	0.05864	0.06283
V122	0.04117	0.37965	0.09357	0.2685	0.21711
V123	0.4409	0.11853	0.07503	0.21409	0.15145
V124	0.20933	0.16219	0.06907	0.24256	0.31685
V125	0.04671	0.48323	0.41297	0.04604	0.01106
V126	0.15271	0.24929	0.19753	0.13941	0.26106
V127	0.23997	0.19916	0.4656	0.08359	0.01168
V128	0.2215	0.67498	0.03309	0.05121	0.01921
V129	0.24409	0.15107	0.22645	0.19042	0.18797
V130	0.0376	0.46832	0.05698	0.27018	0.16692
V131	0.02058	0.09844	0.19553	0.6674	0.01805
V132	0.3353	0.07717	0.01144	0.35403	0.22206
V133	0.01138	0.21388	0.44548	0.10682	0.22245
V134	0.06958	0.2352	0.57103	0.05611	0.06809
V135	0.02845	0.27591	0.54809	0.05743	0.09012
V136	0.80138	0.09728	0.01986	0.065	0.01647
V137	0.75226	0.11198	0.01869	0.08519	0.03189
V138	0.24129	0.19322	0.08376	0.1621	0.31964
V139	0.11863	0.07946	0.13894	0.63919	0.02378
V140	0.03824	0.10474	0.15089	0.05847	0.64765
V141	0.02442	0.33655	0.50031	0.12605	0.01266
V142	0.19751	0.13766	0.2734	0.14909	0.24234
V143	0.02519	0.29623	0.39639	0.16284	0.11935
V144	0.45731	0.24173	0.07166	0.1579	0.07139
V145	0.00727	0.26053	0.66304	0.05035	0.01881
V146	0.04194	0.32842	0.02464	0.35006	0.25493
V147	0.0907	0.2423	0.50697	0.12926	0.03078
V148	0.17151	0.69249	0.03326	0.08307	0.01967
V149	0.0173	0.04094	0.01109	0.86921	0.06146
V150	0.13643	0.31471	0.44991	0.0376	0.06134
V151	0.3966	0.07439	0.02282	0.40661	0.09958
V152	0.02232	0.0642	0.10582	0.73061	0.07705
V153	0.16094	0.2845	0.36649	0.08226	0.10581
V154	0.12877	0.54548	0.0438	0.07416	0.20779
V155	0.04129	0.07545	0.1198	0.7372	0.02626
V156	0.09775	0.16963	0.32913	0.16568	0.23781
V157	0.09569	0.13186	0.15501	0.28767	0.32977
V158	0.18197	0.16382	0.35398	0.07669	0.22355
V159	0.11604	0.21565	0.02731	0.59692	0.04409
V160	0.41833	0.21003	0.09287	0.08493	0.19383
V161	0.21456	0.10488	0.06893	0.05791	0.55371
V162	0.00771	0.26877	0.68016	0.03688	0.00647
V163	0.06565	0.07946	0.02992	0.09444	0.73053
V164	0.7695	0.12743	0.02534	0.06767	0.01006
V165	0.53581	0.2423	0.08285	0.0965	0.04254
V166	0.05764	0.09911	0.20447	0.56044	0.07835
V167	0.04575	0.58595	0.03766	0.1807	0.14994
V168	0.00771	0.26877	0.68016	0.03688	0.00647
V169	0.06417	0.62636	0.16292	0.12728	0.01928
V170	0.241	0.3644	0.06591	0.22759	0.10109
V171	0.27357	0.19831	0.2869	0.1965	0.04472
V172	0.18408	0.25704	0.0805	0.06836	0.41002
V173	0.20355	0.1537	0.08941	0.40794	0.1454
V174	0.19634	0.13921	0.28755	0.21224	0.16466
V175	0.0828	0.20203	0.12	0.20306	0.39212
V176	0.33957	0.06625	0.0167	0.56023	0.01726
V177	0.1759	0.19861	0.42226	0.18966	0.01357
V178	0.24736	0.19076	0.3523	0.14008	0.06951
V179	0.10804	0.08575	0.0222	0.06819	0.71582
V180	0.03339	0.15852	0.29906	0.04863	0.46041
V181	0.0745	0.2872	0.01794	0.10051	0.51985
V182	0.50836	0.23443	0.02024	0.19725	0.03972
V183	0.0864	0.81819	0.02952	0.05291	0.01299
V184	0.28258	0.12977	0.23765	0.32119	0.0288
V185	0.11139	0.44854	0.0415	0.18536	0.21321
V186	0.13927	0.20677	0.04248	0.2762	0.33528
V187	0.0902	0.60282	0.02305	0.26786	0.01607
V188	0.69962	0.11246	0.04021	0.13282	0.01488
V189	0.41555	0.24231	0.04587	0.27983	0.01644
V190	0.37458	0.16825	0.1843	0.06075	0.21212
V191	0.21227	0.22179	0.02076	0.43815	0.10703
V192	0.30006	0.22937	0.11921	0.2373	0.11406
V193	0.07219	0.31264	0.41861	0.07465	0.12191
V194	0.2571	0.12959	0.08941	0.13879	0.3851
V195	0.49379	0.24232	0.19357	0.05864	0.01168
V196	0.02251	0.0825	0.06914	0.09353	0.73232
V197	0.08342	0.78872	0.02841	0.08637	0.01308
V198	0.22683	0.24121	0.04912	0.23298	0.24985
V199	0.63764	0.13451	0.17117	0.04939	0.0073
V200	0.65736	0.08817	0.03979	0.07416	0.14052
V201	0.04484	0.04474	0.03137	0.70872	0.17033
V202	0.77093	0.13004	0.01444	0.06882	0.01577
V203	0.48819	0.26038	0.03961	0.10062	0.1112
V204	0.3286	0.14237	0.04662	0.05664	0.42577
V205	0.12047	0.12145	0.11651	0.11046	0.5311
V206	0.04976	0.11452	0.01183	0.77433	0.04956
V207	0.02773	0.05458	0.0111	0.87503	0.03157
V208	0.15117	0.31021	0.38009	0.08157	0.07696
V209	0.16119	0.11151	0.09917	0.07888	0.54924
V210	0.00704	0.25994	0.67679	0.04351	0.01271
V211	0.15708	0.13576	0.18432	0.07336	0.44948
V212	0.07147	0.68963	0.09423	0.08801	0.05665
V213	0.1094	0.07292	0.06958	0.27878	0.46931
V214	0.03324	0.54342	0.34316	0.05546	0.02472
V215	0.24175	0.26209	0.13023	0.11718	0.24875
V216	0.06231	0.16812	0.2836	0.07695	0.40902
V217	0.01574	0.04075	0.03233	0.82237	0.0888
V218	0.07611	0.25025	0.24625	0.34639	0.081
V219	0.1259	0.3244	0.31724	0.2185	0.01396
V220	0.20621	0.6501	0.07603	0.05612	0.01154
V221	0.04908	0.21427	0.40461	0.04872	0.28332
V222	0.03605	0.08056	0.02387	0.0827	0.77682
V223	0.44471	0.14303	0.24191	0.15158	0.01876
V224	0.05209	0.5109	0.04381	0.12676	0.26643
V225	0.60975	0.21702	0.11051	0.05034	0.01238
V226	0.45067	0.46114	0.02135	0.05374	0.01311
V227	0.09768	0.24561	0.02135	0.59106	0.0443
V228	0.49229	0.15029	0.2117	0.11047	0.03525
V229	0.25458	0.40116	0.22788	0.08597	0.03041
V230	0.03597	0.07361	0.02399	0.08361	0.78282
V231	0.07303	0.55014	0.07396	0.22024	0.08262
V232	0.66176	0.12761	0.14655	0.05644	0.00764
V233	0.06781	0.11976	0.14195	0.12822	0.54226
V234	0.02665	0.3752	0.19514	0.3716	0.03142
V235	0.79246	0.09887	0.01413	0.08333	0.0112
V236	0.07941	0.19636	0.47847	0.20041	0.04534
V237	0.12315	0.17279	0.22624	0.3198	0.15802
V238	0.02163	0.06585	0.02113	0.31482	0.57656
V239	0.07471	0.39011	0.06256	0.21319	0.25943
V240	0.08039	0.75906	0.03492	0.06736	0.05828
V241	0.06569	0.8376	0.03024	0.0533	0.01318
V242	0.04192	0.34863	0.25846	0.2933	0.0577
V243	0.41423	0.14886	0.25425	0.06996	0.11271
V244	0.0403	0.41367	0.18379	0.11865	0.24359
V245	0.0615	0.80355	0.05267	0.07705	0.00523
V246	0.55059	0.27039	0.03956	0.05858	0.08089
V247	0.17758	0.25283	0.45487	0.08525	0.02947
V248	0.1085	0.55498	0.04438	0.0585	0.23365
V249	0.23971	0.16278	0.18069	0.13064	0.28619
V250	0.02709	0.21924	0.49982	0.06698	0.18687
V251	0.20412	0.08986	0.08582	0.56427	0.05594
V252	0.03048	0.2552	0.43648	0.16777	0.11007
V253	0.2931	0.50521	0.09078	0.09239	0.01852
V254	0.48657	0.34389	0.01734	0.13195	0.02026
V255	0.69486	0.14185	0.01354	0.07729	0.07246
V256	0.05291	0.69418	0.04056	0.05806	0.15429
V257	0.40624	0.31275	0.1303	0.08122	0.06949
V258	0.16125	0.30038	0.0576	0.46086	0.01991
V259	0.47359	0.29805	0.15194	0.05322	0.0232
V260	0.2548	0.12002	0.10364	0.12212	0.39941
V261	0.02684	0.17619	0.40446	0.2866	0.10591
V262	0.74726	0.11595	0.05233	0.07011	0.01435
V263	0.67024	0.14096	0.02411	0.15468	0.01001
V264	0.08257	0.78112	0.03593	0.09472	0.00565
V265	0.68493	0.15796	0.07111	0.07251	0.01348
V266	0.03118	0.08849	0.0911	0.08106	0.70817
V267	0.06405	0.0712	0.02125	0.19588	0.64761
V268	0.19648	0.40577	0.13529	0.21435	0.04811
V269	0.09045	0.35908	0.3009	0.21586	0.03372
V270	0.05456	0.04942	0.03858	0.83501	0.02242
V271	0.23919	0.62234	0.03131	0.07404	0.03312
V272	0.12019	0.72358	0.04886	0.06563	0.04174
V273	0.26676	0.11199	0.15242	0.33005	0.13878
V274	0.10346	0.10475	0.04911	0.22896	0.51371
V275	0.05447	0.63389	0.15579	0.1363	0.01954
V276	0.01623	0.20496	0.51772	0.23348	0.02762
V277	0.31409	0.192	0.42054	0.04546	0.02791
V278	0.01197	0.15085	0.28126	0.44263	0.11329
V279	0.14426	0.05118	0.02326	0.71948	0.06182
V280	0.18693	0.07515	0.04366	0.59926	0.09499
V281	0.03339	0.21872	0.04983	0.67316	0.0249
V282	0.07628	0.82766	0.0298	0.05314	0.01311
V283	0.34093	0.10464	0.10659	0.07406	0.37378
V284	0.03242	0.2645	0.42783	0.04047	0.23479
V285	0.48481	0.40088	0.01911	0.08172	0.01347
V286	0.07775	0.24544	0.59534	0.06969	0.01178
V287	0.23048	0.14677	0.14909	0.3021	0.17157
V288	0.18317	0.20231	0.46298	0.0447	0.10685
V289	0.15581	0.218	0.03399	0.56979	0.02241
V290	0.40047	0.41924	0.12691	0.04773	0.00566
V291	0.37595	0.20997	0.02002	0.37517	0.01889
V292	0.11777	0.17594	0.33225	0.07211	0.30193
V293	0.01092	0.2959	0.5957	0.07895	0.01853
V294	0.02606	0.08199	0.0246	0.07583	0.79153
V295	0.02006	0.13969	0.2702	0.49343	0.07662
V296	0.72099	0.16106	0.01441	0.07198	0.03156
V297	0.02447	0.22311	0.56869	0.14534	0.0384
V298	0.27654	0.05868	0.01675	0.5416	0.10643
V299	0.25132	0.0497	0.02269	0.65731	0.01898
V300	0.80107	0.10095	0.01455	0.07201	0.01141
V301	0.78379	0.09339	0.019	0.08772	0.0161
V302	0.02003	0.0595	0.01997	0.43674	0.46377
V303	0.11113	0.23728	0.19113	0.20175	0.25871
V304	0.16856	0.23657	0.52961	0.04273	0.02253
V305	0.2079	0.32327	0.09566	0.14412	0.22905
V306	0.3294	0.56049	0.02329	0.0674	0.01942
V307	0.2134	0.11872	0.21843	0.4362	0.01325
V308	0.20635	0.20506	0.47179	0.10476	0.01204
V309	0.56192	0.13468	0.05342	0.15505	0.09493
V310	0.04498	0.08869	0.02235	0.14633	0.69766
V311	0.02453	0.04365	0.04667	0.85503	0.03012
V312	0.0931	0.3052	0.22439	0.04638	0.33094
V313	0.07049	0.28878	0.03065	0.34773	0.26233
V314	0.09031	0.06685	0.01886	0.40158	0.4224
V315	0.78508	0.09591	0.02455	0.06237	0.0321
V316	0.11629	0.52303	0.22779	0.07271	0.06018
V317	0.33318	0.22811	0.37007	0.04642	0.02223
V318	0.75831	0.09132	0.01835	0.06082	0.07119
V319	0.09776	0.26279	0.58455	0.04923	0.00568
V320	0.08511	0.03778	0.01701	0.8304	0.0297
V321	0.13232	0.35761	0.25889	0.22412	0.02706
V322	0.01827	0.35537	0.45728	0.08233	0.08674
V323	0.2283	0.30163	0.34071	0.0609	0.06846
V324	0.04564	0.08024	0.04623	0.79986	0.02803
V325	0.54339	0.16728	0.0799	0.15324	0.05619
V326	0.06105	0.08983	0.0653	0.17136	0.61247
V327	0.31734	0.44597	0.11028	0.06836	0.05805
V328	0.05295	0.29503	0.15114	0.47429	0.02659
V329	0.01146	0.16479	0.31282	0.49041	0.02053
V330	0.07788	0.24798	0.59723	0.03519	0.04172
V331	0.14184	0.10725	0.09258	0.12802	0.5303
V332	0.39606	0.19806	0.33002	0.04785	0.02801
V333	0.35489	0.15189	0.24225	0.18073	0.07025
V334	0.04631	0.36473	0.43863	0.11218	0.03815
V335	0.6103	0.13853	0.07715	0.08313	0.09088
V336	0.16682	0.53573	0.23733	0.0429	0.01723
V337	0.02292	0.07395	0.02975	0.20031	0.67307
V338	0.60102	0.12824	0.12667	0.06737	0.0767
V339	0.20958	0.4989	0.17458	0.04416	0.07279
V340	0.04487	0.22107	0.11498	0.09557	0.52351
V341	0.02932	0.49966	0.37199	0.04672	0.05231
V342	0.25877	0.25534	0.33971	0.13924	0.00695
V343	0.57096	0.14548	0.21825	0.05839	0.00692
V344	0.11488	0.67143	0.0621	0.07234	0.07925
V345	0.21756	0.1001	0.01885	0.30786	0.35563
V346	0.04092	0.34206	0.27244	0.30822	0.03636
V347	0.08939	0.45832	0.0408	0.36475	0.04674
V348	0.02341	0.24705	0.36534	0.24937	0.11484
V349	0.06693	0.37921	0.42318	0.0525	0.07818
V350	0.11503	0.39298	0.09173	0.27023	0.13003
V351	0.16092	0.16986	0.3342	0.31276	0.02227
V352	0.11255	0.52328	0.30517	0.0482	0.0108
V353	0.25194	0.32456	0.0514	0.08978	0.28232
V354	0.47416	0.17382	0.3022	0.0436	0.00622
V355	0.08503	0.13411	0.27098	0.48964	0.02023
V356	0.08698	0.24303	0.58503	0.0555	0.02946
V357	0.04802	0.20139	0.4119	0.06299	0.2757
V358	0.03586	0.07011	0.03931	0.82569	0.02904
V359	0.05974	0.12367	0.01884	0.77674	0.02101
V360	0.59313	0.12993	0.0829	0.18459	0.00945
V361	0.32781	0.44313	0.09573	0.04759	0.08574
V362	0.67968	0.11083	0.0871	0.05269	0.0697
V363	0.04434	0.09295	0.02187	0.18819	0.65264
V364	0.0478	0.27606	0.03704	0.46842	0.17068
V365	0.01677	0.04246	0.01833	0.87588	0.04656
V366	0.18642	0.21387	0.43874	0.09308	0.0679
V367	0.2154	0.26621	0.18512	0.19486	0.13841
V368	0.62781	0.16627	0.10836	0.06272	0.03483
V369	0.04991	0.59572	0.22451	0.12436	0.00551
V370	0.03034	0.20149	0.12031	0.37885	0.26901
V371	0.07242	0.80296	0.06885	0.05092	0.00485
V372	0.5487	0.15417	0.1235	0.14884	0.02479
V373	0.12477	0.58434	0.13584	0.14254	0.01251
V374	0.0958	0.16629	0.30217	0.42319	0.01254
V375	0.25982	0.19704	0.43114	0.10529	0.00671
V376	0.02235	0.15685	0.34421	0.05421	0.42238
V377	0.09317	0.47271	0.19558	0.22443	0.01412
V378	0.13985	0.51477	0.17196	0.04469	0.12873
V379	0.03915	0.09801	0.11236	0.11753	0.63295
V380	0.02443	0.12917	0.15584	0.49969	0.19087
V381	0.15885	0.11283	0.02163	0.06345	0.64325
V382	0.39067	0.06291	0.01711	0.31352	0.21578
V383	0.03831	0.10956	0.22569	0.60966	0.01678
V384	0.26465	0.12678	0.14409	0.41294	0.05154
V385	0.09966	0.14991	0.02288	0.06366	0.66388
V386	0.56592	0.08117	0.01673	0.3232	0.01299
V387	0.25463	0.06848	0.01681	0.62241	0.03766
V388	0.06702	0.74461	0.05756	0.11799	0.01281
V389	0.13849	0.68322	0.03995	0.0819	0.05644
V390	0.17554	0.0522	0.01669	0.65885	0.09672
V391	0.62207	0.18667	0.01384	0.12162	0.0558
V392	0.78377	0.11632	0.01985	0.06946	0.0106
V393	0.10255	0.10295	0.13542	0.51914	0.13994
V394	0.60976	0.09144	0.03366	0.18969	0.07545
V395	0.01015	0.13237	0.3019	0.53381	0.02176
V396	0.4596	0.18069	0.30524	0.04318	0.01129
V397	0.58321	0.18191	0.04231	0.15478	0.03779
V398	0.06921	0.08202	0.14957	0.6192	0.08
V399	0.05315	0.08468	0.01363	0.30233	0.5462
V400	0.16776	0.48337	0.153	0.18886	0.00701
V401	0.27437	0.1981	0.45072	0.07063	0.00619
V402	0.32237	0.18135	0.33364	0.1022	0.06044
V403	0.15938	0.12677	0.01417	0.17614	0.52353
V404	0.0107	0.18796	0.3851	0.37188	0.04435
V405	0.32613	0.26734	0.07551	0.24706	0.08396
V406	0.02551	0.2653	0.65522	0.03566	0.01832
V407	0.73188	0.12221	0.04105	0.09552	0.00935
V408	0.04384	0.35679	0.02537	0.29277	0.28121
V409	0.11347	0.06433	0.06578	0.6596	0.09681
V410	0.12575	0.23313	0.27459	0.08107	0.28546
V411	0.0265	0.07981	0.01674	0.08579	0.79115
V412	0.03405	0.20943	0.13067	0.07108	0.55477
V413	0.03288	0.2791	0.14583	0.38368	0.15851
V414	0.05162	0.11924	0.01284	0.48725	0.32904
V415	0.17653	0.0719	0.02102	0.06545	0.6651
V416	0.11733	0.13957	0.03538	0.18523	0.5225
V417	0.01616	0.2207	0.56477	0.14661	0.05176
V418	0.50901	0.35766	0.03631	0.06601	0.03101
V419	0.24813	0.09048	0.03266	0.16129	0.46744
V420	0.23155	0.09317	0.10334	0.09217	0.47978
V421	0.01979	0.10415	0.12909	0.09283	0.65414
V422	0.02504	0.06398	0.05382	0.71037	0.14679
V423	0.26406	0.25421	0.2385	0.21682	0.02641
V424	0.01235	0.18025	0.40444	0.04452	0.35844
V425	0.33483	0.35384	0.01804	0.06088	0.23241
V426	0.22895	0.1934	0.03302	0.46797	0.07666
V427	0.21548	0.57351	0.15428	0.04573	0.011
V428	0.10658	0.58617	0.08991	0.13754	0.0798
V429	0.13972	0.69003	0.02558	0.11703	0.02764
V430	0.03871	0.16215	0.33944	0.20184	0.25786
V431	0.11778	0.37136	0.1839	0.27713	0.04985
V432	0.28209	0.13607	0.11539	0.35005	0.11641
V433	0.17732	0.17412	0.39043	0.23164	0.02649
V434	0.22553	0.34302	0.30761	0.05478	0.06906
V435	0.46098	0.18137	0.27075	0.07508	0.01183
V436	0.07184	0.55067	0.11384	0.09556	0.16809
V437	0.19637	0.08977	0.03995	0.20534	0.46856
V438	0.13513	0.32206	0.1815	0.30371	0.05761
V439	0.53002	0.07769	0.05173	0.31707	0.02348
V440	0.03132	0.42105	0.45113	0.05216	0.04433
V441	0.04228	0.53441	0.34098	0.07093	0.01139
V442	0.07616	0.82754	0.03792	0.05306	0.00533
V443	0.77814	0.09226	0.01879	0.0999	0.01091
V444	0.15822	0.39102	0.04562	0.36644	0.03871
V445	0.07276	0.37363	0.05335	0.47319	0.02706
V446	0.11466	0.09792	0.09657	0.558	0.13286
V447	0.07827	0.05894	0.02531	0.47225	0.36523
V448	0.17555	0.08049	0.03442	0.07829	0.63125
V449	0.00771	0.26877	0.68016	0.03688	0.00647
V450	0.19783	0.18491	0.21598	0.16118	0.24011
V451	0.26187	0.21691	0.06812	0.35753	0.09557
V452	0.02155	0.08341	0.14341	0.69798	0.05365
V453	0.02977	0.06179	0.01229	0.48773	0.40842
V454	0.01749	0.21255	0.52556	0.05959	0.18481
V455	0.0706	0.29556	0.24924	0.08262	0.30198
V456	0.77641	0.09641	0.0135	0.08118	0.0325
V457	0.58405	0.22881	0.04405	0.10604	0.03706
V458	0.03196	0.41941	0.41946	0.09089	0.03828
V459	0.13952	0.11208	0.06037	0.48982	0.19822
V460	0.56249	0.14824	0.16075	0.10488	0.02364
V461	0.18632	0.342	0.21875	0.05859	0.19433
V462	0.06016	0.11413	0.02625	0.52261	0.27685
V463	0.20718	0.09552	0.02392	0.6488	0.02459
V464	0.15258	0.31226	0.47346	0.05073	0.01096
V465	0.05767	0.15193	0.03053	0.08128	0.67859
V466	0.04519	0.06583	0.01501	0.15898	0.71498
V467	0.06618	0.24506	0.03559	0.56337	0.0898
V468	0.50493	0.31072	0.1058	0.04898	0.02958
V469	0.02964	0.32841	0.06931	0.30904	0.2636
V470	0.69451	0.12856	0.03507	0.12701	0.01484
V471	0.37037	0.28769	0.04134	0.1813	0.1193
V472	0.02463	0.10922	0.05444	0.06863	0.74308
V473	0.0393	0.26802	0.21797	0.32826	0.14646
V474	0.27452	0.16682	0.06582	0.44664	0.04619
V475	0.14866	0.20733	0.44627	0.06584	0.13191
V476	0.15352	0.09745	0.09482	0.58995	0.06426
V477	0.06576	0.83714	0.03841	0.05331	0.00538
V478	0.18681	0.07836	0.02093	0.06472	0.64919
V479	0.69446	0.13017	0.04081	0.11998	0.01459
V480	0.14904	0.58064	0.07344	0.16255	0.03433
V481	0.23996	0.35227	0.07278	0.2184	0.11659
V482	0.12589	0.62186	0.19033	0.04424	0.01767
V483	0.31655	0.46329	0.0201	0.1524	0.04766
V484	0.22068	0.467	0.12082	0.17182	0.01968
V485	0.55946	0.15455	0.10386	0.15704	0.02509
V486	0.07532	0.19239	0.25993	0.0479	0.42446
V487	0.12793	0.22979	0.32674	0.2998	0.01575
V488	0.384	0.11233	0.01185	0.35512	0.1367
V489	0.01616	0.34801	0.51361	0.10351	0.0187
V490	0.01607	0.21413	0.54716	0.20797	0.01466
V491	0.04712	0.44247	0.06471	0.14304	0.30267
V492	0.04011	0.15457	0.04082	0.72396	0.04053
V493	0.02641	0.03503	0.01807	0.88847	0.03201
V494	0.30415	0.05689	0.02895	0.53385	0.07617
V495	0.30153	0.26353	0.18549	0.19672	0.05272
V496	0.14461	0.10988	0.06385	0.0596	0.62206
V497	0.10872	0.12657	0.14018	0.14174	0.48278
V498	0.09167	0.77187	0.05092	0.05833	0.02722
V499	0.05129	0.29074	0.2351	0.10029	0.32258
V500	0.11674	0.45181	0.11631	0.25725	0.05788
V501	0.08609	0.32674	0.03324	0.06467	0.48927
V502	0.14932	0.70047	0.06341	0.08166	0.00513
V503	0.39356	0.12706	0.17482	0.16917	0.13539
V504	0.45215	0.22285	0.02114	0.06171	0.24215
V505	0.55158	0.08616	0.03481	0.13028	0.19715
V506	0.03978	0.49715	0.08194	0.05822	0.32291
V507	0.69994	0.08966	0.03942	0.1394	0.03156
V508	0.03976	0.59589	0.21131	0.08293	0.07011
V509	0.06285	0.43988	0.14233	0.23348	0.12146
V510	0.39352	0.44094	0.05967	0.09327	0.01259
V511	0.06732	0.38429	0.41631	0.07433	0.05774
V512	0.15573	0.44677	0.16977	0.09039	0.13734
V513	0.18211	0.60132	0.08922	0.09454	0.0328
V514	0.02631	0.11812	0.20606	0.08589	0.56362
V515	0.08117	0.13723	0.01216	0.74881	0.02062
V516	0.16105	0.3453	0.1108	0.35886	0.02399
V517	0.02542	0.07465	0.05422	0.81704	0.02866
V518	0.35939	0.14779	0.25264	0.20835	0.03182
V519	0.66371	0.12638	0.01816	0.17581	0.01594
V520	0.0902	0.7517	0.04223	0.11019	0.00568
V521	0.1981	0.07942	0.12093	0.57918	0.02236
V522	0.05154	0.30766	0.44405	0.15806	0.03869
V523	0.13416	0.24608	0.53165	0.0766	0.01151
V524	0.29155	0.20698	0.40987	0.03945	0.05214
V525	0.02994	0.23401	0.04724	0.06891	0.61991
V526	0.04287	0.25783	0.61314	0.05596	0.0302
V527	0.08854	0.48896	0.34393	0.05456	0.02402
V528	0.15222	0.04589	0.02978	0.75144	0.02067
V529	0.18616	0.23453	0.51959	0.04307	0.01664
V530	0.02478	0.2524	0.62033	0.07782	0.02467
V531	0.18441	0.48327	0.10073	0.06262	0.16898
V532	0.07164	0.32194	0.26479	0.04469	0.29694
V533	0.2753	0.07771	0.01357	0.06314	0.57027
V534	0.12875	0.09468	0.0111	0.72478	0.04069
V535	0.69761	0.17846	0.05455	0.05572	0.01366
V536	0.12449	0.27584	0.31976	0.0708	0.2091
V537	0.03599	0.09655	0.03139	0.07144	0.76463
V538	0.55662	0.15937	0.01919	0.08206	0.18276
V539	0.02203	0.29435	0.49897	0.12606	0.05859
V540	0.1718	0.44669	0.10006	0.09418	0.18727
V541	0.04713	0.39519	0.04225	0.07973	0.43571
V542	0.04665	0.32894	0.11395	0.44727	0.06319
V543	0.06568	0.27101	0.50774	0.07892	0.07664
V544	0.31686	0.24615	0.16326	0.10474	0.16898
V545	0.57467	0.33222	0.02389	0.06147	0.00776
V546	0.08348	0.70296	0.10256	0.05489	0.0561
V547	0.10684	0.68698	0.0252	0.15259	0.0284
V548	0.01856	0.0855	0.01878	0.84686	0.0303
V549	0.02221	0.07454	0.03688	0.2164	0.64997
V550	0.05606	0.76206	0.11409	0.05604	0.01176
V551	0.02714	0.03313	0.01095	0.90318	0.02561
V552	0.22601	0.08677	0.03343	0.09101	0.56279
V553	0.65385	0.09269	0.02805	0.18124	0.04417
V554	0.10282	0.19228	0.37827	0.30449	0.02214
V555	0.06358	0.81875	0.03733	0.05206	0.02828
V556	0.08523	0.09546	0.06001	0.69823	0.06107
V557	0.29383	0.24511	0.04722	0.36213	0.05171
V558	0.01629	0.22864	0.56778	0.16116	0.02614
V559	0.10356	0.45171	0.36843	0.04619	0.03011
V560	0.55171	0.27114	0.12121	0.04936	0.00659
V561	0.6015	0.10922	0.11981	0.06182	0.10764
V562	0.13024	0.14411	0.14791	0.13137	0.44637
V563	0.2078	0.29968	0.18678	0.14537	0.16037
V564	0.32325	0.09344	0.06351	0.35088	0.16892
V565	0.02463	0.0806	0.03129	0.10763	0.75584
V566	0.28213	0.17162	0.0392	0.34191	0.16514
V567	0.02485	0.25781	0.66916	0.03593	0.01225
V568	0.03565	0.29803	0.35103	0.30552	0.00978
V569	0.53911	0.1657	0.09909	0.15885	0.03725
V570	0.12783	0.13456	0.23578	0.43501	0.06682
V571	0.24071	0.11788	0.1998	0.33437	0.10725
V572	0.71769	0.09083	0.0126	0.06571	0.11316
V573	0.07925	0.17706	0.28102	0.36743	0.09524
V574	0.47064	0.29065	0.07942	0.13403	0.02525
V575	0.34278	0.11908	0.11384	0.09485	0.32945
V576	0.06023	0.78597	0.03585	0.05915	0.0588
V577	0.3939	0.43905	0.05297	0.10127	0.01281
V578	0.03207	0.27457	0.41207	0.23384	0.04745
V579	0.03224	0.50973	0.29503	0.06442	0.09859
V580	0.21783	0.47217	0.03372	0.24719	0.02911
V581	0.05866	0.48552	0.3257	0.11808	0.01204
V582	0.0088	0.28014	0.66115	0.04367	0.00624
V583	0.50698	0.16068	0.25645	0.06912	0.00676
V584	0.22353	0.46617	0.11391	0.0765	0.1199
V585	0.06082	0.68954	0.08666	0.10566	0.05732
V586	0.05019	0.70841	0.17471	0.06217	0.00452
V587	0.0703	0.61837	0.03127	0.07597	0.20409
V588	0.21932	0.42422	0.30453	0.04123	0.01069
V589	0.10341	0.36936	0.06035	0.43372	0.03316
V590	0.06527	0.70393	0.02579	0.05907	0.14594
V591	0.43813	0.43899	0.05289	0.05767	0.01231
V592	0.02476	0.21829	0.56728	0.06495	0.12472
V593	0.38095	0.06369	0.01654	0.48499	0.05383
V594	0.01244	0.27782	0.49855	0.16535	0.04584
V595	0.46087	0.11133	0.06692	0.31924	0.04164
V596	0.40471	0.24325	0.1757	0.15145	0.02489
V597	0.03948	0.21598	0.02382	0.15536	0.56536
V598	0.5303	0.08426	0.0183	0.05861	0.30852
V599	0.08084	0.37562	0.09894	0.40509	0.03952
V600	0.25434	0.11269	0.15987	0.37195	0.10116
V601	0.14322	0.12877	0.01911	0.48523	0.22368
V602	0.71215	0.19678	0.01562	0.06603	0.00943
V603	0.14006	0.18098	0.04292	0.17287	0.46318
V604	0.02574	0.21792	0.53211	0.12478	0.09946
V605	0.04059	0.14619	0.12859	0.11377	0.57086
V606	0.71682	0.08544	0.01253	0.06601	0.11921
V607	0.17019	0.15974	0.03566	0.06699	0.56743
V608	0.63881	0.10315	0.03989	0.12623	0.09192
V609	0.18445	0.28795	0.0292	0.42143	0.07696
V610	0.09804	0.57196	0.02942	0.28438	0.0162
V611	0.23597	0.21347	0.4461	0.05776	0.0467
V612	0.33488	0.17344	0.25179	0.05796	0.18193
V613	0.39421	0.46587	0.05406	0.07952	0.00635
V614	0.48851	0.10193	0.03002	0.11864	0.26089
V615	0.01699	0.14685	0.125	0.56745	0.1437
V616	0.55426	0.11143	0.12807	0.16945	0.0368
V617	0.20383	0.21281	0.35957	0.11858	0.10521
V618	0.61816	0.16088	0.06593	0.06446	0.09057
V619	0.47697	0.14157	0.13532	0.05559	0.19054
V620	0.04706	0.14399	0.28778	0.50061	0.02056
V621	0.13964	0.29124	0.25889	0.04438	0.26585
V622	0.02979	0.2928	0.30545	0.05168	0.32028
V623	0.07601	0.04876	0.01733	0.68837	0.16953
V624	0.75345	0.08966	0.01812	0.07882	0.05995
V625	0.01598	0.10875	0.09244	0.75581	0.02701
V626	0.07224	0.1905	0.42352	0.2856	0.02813
V627	0.11577	0.2147	0.11958	0.07648	0.47347
V628	0.77877	0.10382	0.01924	0.08746	0.01071
V629	0.11871	0.34477	0.46735	0.0581	0.01108
V630	0.02948	0.21584	0.03935	0.07857	0.63675
V631	0.01665	0.13729	0.24531	0.06029	0.54046
V632	0.06357	0.69076	0.0326	0.08337	0.12969
V633	0.06383	0.07536	0.09086	0.52133	0.24862
V634	0.38149	0.41808	0.14125	0.05361	0.00558
V635	0.05026	0.1918	0.17656	0.06807	0.5133
V636	0.1871	0.24814	0.26253	0.20553	0.0967
V637	0.19339	0.16202	0.32256	0.2482	0.07383
V638	0.08964	0.43462	0.04182	0.12589	0.30803
V639	0.48486	0.37043	0.08245	0.05019	0.01207
V640	0.11629	0.22164	0.08776	0.2559	0.31841
V641	0.11206	0.62912	0.04545	0.185	0.02838
V642	0.62159	0.10348	0.01731	0.24594	0.01168
V643	0.0678	0.76344	0.09011	0.07386	0.00479
V644	0.05362	0.38684	0.03929	0.47833	0.04193
V645	0.1774	0.64531	0.03892	0.13207	0.0063
V646	0.14329	0.4722	0.04803	0.27004	0.06645
V647	0.76778	0.09088	0.01855	0.11196	0.01083
V648	0.40736	0.14463	0.01865	0.29469	0.13466
V649	0.25979	0.15604	0.08267	0.14604	0.35546
V650	0.03356	0.04833	0.06079	0.83499	0.02234
V651	0.14541	0.20124	0.01354	0.62216	0.01764
V652	0.33132	0.06786	0.04158	0.53106	0.02819
V653	0.31456	0.07889	0.05554	0.50365	0.04736
V654	0.04739	0.13187	0.01576	0.11783	0.68715
V655	0.14704	0.15973	0.24795	0.42648	0.01879
V656	0.12617	0.07835	0.01398	0.14795	0.63354
V657	0.04626	0.44146	0.04838	0.36165	0.10225
V658	0.03677	0.0776	0.03963	0.61071	0.2353
V659	0.02429	0.07553	0.07619	0.75339	0.07059
V660	0.07527	0.3377	0.04061	0.08843	0.45799
V661	0.05583	0.58156	0.03719	0.22505	0.10038
V662	0.04858	0.42154	0.04285	0.05469	0.43234
V663	0.80486	0.09807	0.02012	0.06568	0.01127
V664	0.03428	0.0795	0.11601	0.40424	0.36597
V665	0.03899	0.58505	0.21045	0.1248	0.04072
V666	0.11217	0.75872	0.06615	0.05815	0.0048
V667	0.04354	0.52128	0.24826	0.13909	0.04783
V668	0.55936	0.25316	0.05731	0.10526	0.0249
V669	0.43591	0.29877	0.04104	0.13126	0.09302
V670	0.10755	0.56858	0.06671	0.08089	0.17627
V671	0.62642	0.12654	0.15474	0.07962	0.01268
V672	0.09979	0.13475	0.09314	0.32068	0.35165
V673	0.02513	0.08773	0.01555	0.15958	0.71201
V674	0.31778	0.24026	0.36788	0.0401	0.03399
V675	0.58807	0.08826	0.04578	0.1831	0.09479
V676	0.22963	0.24268	0.3793	0.04013	0.10827
V677	0.05102	0.29884	0.20054	0.38897	0.06064
V678	0.06445	0.31865	0.03312	0.08185	0.50193
V679	0.01826	0.15919	0.36372	0.43941	0.01942
V680	0.17086	0.06628	0.03163	0.36419	0.36704
V681	0.4647	0.09938	0.04746	0.30731	0.08115
V682	0.00771	0.26877	0.68016	0.03688	0.00647
V683	0.06993	0.31598	0.48678	0.03726	0.09005
V684	0.06591	0.04358	0.0174	0.84981	0.0233
V685	0.01607	0.24434	0.60412	0.12234	0.01313
V686	0.28689	0.53895	0.08529	0.07054	0.01832
V687	0.00837	0.18145	0.44997	0.33654	0.02367
V688	0.00736	0.26262	0.66807	0.04312	0.01882
V689	0.43273	0.15345	0.16579	0.13741	0.11062
V690	0.12277	0.74709	0.04216	0.07555	0.01243
V691	0.14047	0.1558	0.05348	0.6064	0.04385
V692	0.07598	0.06234	0.02409	0.74482	0.09277
V693	0.03022	0.51133	0.37692	0.07005	0.01149
V694	0.09329	0.20107	0.04824	0.58383	0.07357
V695	0.13356	0.19055	0.1412	0.06764	0.46705
V696	0.11397	0.21599	0.54079	0.04288	0.08637
V697	0.10219	0.20439	0.26593	0.33303	0.09446
V698	0.02855	0.12238	0.16734	0.06502	0.61671
V699	0.04478	0.06658	0.0535	0.64874	0.1864
V700	0.0749	0.72489	0.09603	0.04753	0.05664
V701	0.02997	0.21436	0.03205	0.07127	0.65235
V702	0.0308	0.13554	0.01954	0.6742	0.13993
V703	0.02591	0.05341	0.03228	0.85801	0.03039
V704	0.05196	0.19593	0.33127	0.05974	0.3611
V705	0.77681	0.1022	0.01365	0.07493	0.03241
V706	0.14935	0.19897	0.14532	0.43085	0.07551
V707	0.1448	0.17023	0.078	0.29123	0.31573
V708	0.03543	0.57029	0.34107	0.04861	0.0046
V709	0.02468	0.09318	0.04699	0.0709	0.76426
V710	0.12439	0.19055	0.38135	0.04188	0.26183
V711	0.07527	0.07463	0.0371	0.08534	0.72766
V712	0.06105	0.21336	0.51437	0.19122	0.02
V713	0.24108	0.4284	0.26923	0.05625	0.00504
V714	0.06789	0.07845	0.0158	0.07318	0.76468
V715	0.01859	0.37067	0.46978	0.1282	0.01275
V716	0.63833	0.20986	0.02585	0.10053	0.02543
V717	0.36912	0.21899	0.1158	0.07045	0.22564
V718	0.55741	0.14194	0.20921	0.05205	0.03939
V719	0.3729	0.26291	0.1027	0.15233	0.10916
V720	0.13245	0.12313	0.09323	0.08744	0.56375
V721	0.04321	0.08763	0.06063	0.08382	0.72471
V722	0.03425	0.24288	0.0659	0.50373	0.15323
V723	0.1126	0.23692	0.10831	0.5079	0.03428
V724	0.13879	0.57251	0.05851	0.21588	0.01431
V725	0.04665	0.08062	0.02373	0.0734	0.7756
V726	0.22666	0.45562	0.06913	0.10264	0.14596
V727	0.0162	0.2603	0.66213	0.0428	0.01857
V728	0.64333	0.12363	0.10569	0.11385	0.01349
V729	0.53203	0.15577	0.03591	0.25982	0.01647
V730	0.11509	0.15638	0.30585	0.36535	0.05733
V731	0.01513	0.06214	0.0619	0.83829	0.02254
V732	0.02649	0.03501	0.01816	0.89534	0.025
V733	0.03486	0.26795	0.64352	0.03557	0.01811
V734	0.42475	0.20589	0.2703	0.08172	0.01734
V735	0.08113	0.23584	0.20043	0.07189	0.41071
V736	0.02671	0.10991	0.02425	0.07204	0.76708
V737	0.80105	0.10262	0.02009	0.06515	0.01109
V738	0.03955	0.43582	0.03588	0.06325	0.4255
V739	0.02758	0.04736	0.01107	0.88914	0.02486
V740	0.21673	0.15848	0.10619	0.06863	0.44998
V741	0.45379	0.08282	0.01694	0.32869	0.11776
V742	0.07352	0.19264	0.41905	0.18271	0.13208
V743	0.04171	0.12402	0.08186	0.15251	0.5999
V744	0.18389	0.13778	0.14806	0.48334	0.04694
V745	0.16343	0.074	0.05073	0.68664	0.0252
V746	0.36098	0.48916	0.05492	0.05692	0.03802
V747	0.03454	0.26481	0.6341	0.04229	0.02426
V748	0.16089	0.27867	0.24348	0.09613	0.22084
V749	0.18134	0.15979	0.11248	0.42465	0.12174
V750	0.65372	0.21439	0.02069	0.10221	0.00899
V751	0.04189	0.43393	0.45285	0.05999	0.01134
V752	0.038	0.17704	0.03872	0.07197	0.67428
V753	0.46797	0.16543	0.1959	0.07173	0.09897
V754	0.12124	0.29341	0.02253	0.54075	0.02207
V755	0.25499	0.62321	0.06023	0.04979	0.01178
V756	0.03677	0.15948	0.038	0.11413	0.65162
V757	0.17006	0.06798	0.09275	0.6452	0.02401
V758	0.07556	0.38344	0.0179	0.50179	0.0213
V759	0.10179	0.11962	0.10215	0.05782	0.61861
V760	0.08386	0.13417	0.18785	0.2669	0.32722
V761	0.06362	0.37068	0.51092	0.04366	0.01112
V762	0.02499	0.12609	0.15691	0.40054	0.29147
V763	0.04379	0.28311	0.02573	0.06091	0.58646
V764	0.11508	0.1105	0.08141	0.66191	0.0311
V765	0.15621	0.21613	0.47501	0.07834	0.07431
V766	0.08256	0.47501	0.2302	0.08949	0.12274
V767	0.2749	0.43717	0.07498	0.09351	0.11944
V768	0.07693	0.73864	0.07275	0.09938	0.0123
V769	0.62515	0.1311	0.14928	0.05472	0.03976
V770	0.26775	0.17512	0.36955	0.17414	0.01344
V771	0.082	0.64561	0.03132	0.14329	0.09778
V772	0.05213	0.26065	0.6387	0.0426	0.00591
V773	0.04392	0.06912	0.01435	0.21767	0.65495
V774	0.14974	0.18719	0.41132	0.04073	0.21102
V775	0.74913	0.09163	0.02897	0.10946	0.02082
V776	0.33841	0.40726	0.15027	0.07377	0.0303
V777	0.20813	0.38751	0.21714	0.14186	0.04536
V778	0.48006	0.11444	0.02357	0.23876	0.14317
V779	0.07329	0.45189	0.40427	0.05318	0.01737
V780	0.02486	0.25732	0.66849	0.0431	0.00623
V781	0.18074	0.33705	0.16493	0.047	0.27028
V782	0.23825	0.25881	0.0368	0.06289	0.40325
V783	0.00978	0.2032	0.49392	0.06143	0.23166
V784	0.04393	0.54843	0.02174	0.30007	0.08584
V785	0.62069	0.17327	0.0134	0.14254	0.0501
V786	0.16552	0.20115	0.02673	0.57047	0.03613
V787	0.14896	0.52607	0.02126	0.23719	0.06653
V788	0.36619	0.39234	0.07897	0.04874	0.11377
V789	0.02469	0.17795	0.02154	0.42593	0.34989
V790	0.27736	0.24963	0.07003	0.15247	0.25051
V791	0.18241	0.24437	0.07927	0.22473	0.26921
V792	0.77918	0.10812	0.03038	0.06157	0.02075
V793	0.32119	0.2763	0.0625	0.13458	0.20542
V794	0.02914	0.10545	0.10443	0.21239	0.54859
V795	0.15312	0.72725	0.04176	0.05842	0.01945
V796	0.28567	0.38509	0.10912	0.18688	0.03324
V797	0.15737	0.06916	0.0143	0.08285	0.67632
V798	0.14558	0.46761	0.02783	0.13316	0.22582
V799	0.04033	0.17572	0.05582	0.66712	0.06101
V800	0.04357	0.08166	0.02925	0.17058	0.67495
V801	0.34116	0.0918	0.10986	0.41926	0.03792
V802	0.05058	0.22956	0.03184	0.06937	0.61865
V803	0.28496	0.07709	0.01693	0.58444	0.03658
V804	0.18972	0.2165	0.17468	0.36799	0.05111
V805	0.13983	0.24774	0.34734	0.18439	0.0807
V806	0.42299	0.12737	0.16553	0.10245	0.18166
V807	0.61781	0.09786	0.06356	0.09782	0.12295
V808	0.70314	0.10156	0.05152	0.06134	0.08243
V809	0.21287	0.5409	0.04289	0.08054	0.12279
V810	0.03875	0.1074	0.04834	0.4768	0.32871
V811	0.06585	0.14896	0.03664	0.15391	0.59464
V812	0.0407	0.60535	0.19473	0.12561	0.03362
V813	0.04391	0.28329	0.20303	0.04897	0.42081
V814	0.20482	0.48926	0.07713	0.20133	0.02746
V815	0.24424	0.58791	0.05135	0.10403	0.01247
V816	0.03771	0.44992	0.02666	0.44392	0.04178
V817	0.65604	0.13675	0.12402	0.07536	0.00784
V818	0.04814	0.29307	0.30523	0.07313	0.28044
V819	0.77372	0.10481	0.02458	0.08648	0.01042
V820	0.07795	0.34881	0.12162	0.41216	0.03946
V821	0.02676	0.08045	0.01691	0.07737	0.79852
V822	0.18369	0.05918	0.02326	0.71396	0.0199
V823	0.05811	0.18569	0.20647	0.05126	0.49846
V824	0.08664	0.10361	0.0371	0.06638	0.70627
V825	0.13452	0.19749	0.47167	0.18833	0.00799
V826	0.0425	0.25414	0.64067	0.05658	0.00611
V827	0.32909	0.16774	0.01307	0.39493	0.09517
V828	0.24018	0.20168	0.1064	0.10466	0.34708
V829	0.09377	0.19335	0.26214	0.19684	0.2539
V830	0.13542	0.21738	0.50314	0.05713	0.08693
V831	0.0482	0.64869	0.06947	0.20466	0.02898
V832	0.21264	0.07669	0.07371	0.26765	0.36931
V833	0.21146	0.66485	0.03267	0.05058	0.04044
V834	0.63921	0.18473	0.04253	0.07923	0.05431
V835	0.2442	0.28875	0.09231	0.29538	0.07936
V836	0.3217	0.20594	0.3301	0.12974	0.01252
V837	0.05561	0.73614	0.04173	0.09207	0.07446
V838	0.01405	0.05288	0.0764	0.82732	0.02934
V839	0.05282	0.11466	0.08244	0.0625	0.68757
V840	0.76396	0.10129	0.03513	0.08445	0.01517
V841	0.19376	0.22996	0.52217	0.04309	0.01102
V842	0.44881	0.14519	0.16906	0.21655	0.02039
V843	0.4161	0.11152	0.13144	0.11274	0.2282
V844	0.02244	0.32895	0.56689	0.0574	0.02431
V845	0.03777	0.04933	0.01128	0.62698	0.27465
V846	0.12161	0.1242	0.10142	0.1117	0.54107
V847	0.21515	0.08391	0.06057	0.16832	0.47205
V848	0.63345	0.10797	0.01757	0.13545	0.10556
V849	0.1266	0.24182	0.51525	0.04304	0.07328
V850	0.20269	0.15613	0.2446	0.17502	0.22154
V851	0.80152	0.09552	0.01432	0.07185	0.0168
V852	0.23724	0.13163	0.08219	0.20481	0.34413
V853	0.03933	0.27098	0.46652	0.15735	0.06583
V854	0.05581	0.376	0.22967	0.11558	0.22294
V855	0.11223	0.36481	0.0981	0.34158	0.08326
V856	0.16969	0.38283	0.06885	0.0512	0.32744
V857	0.08372	0.12548	0.15433	0.42328	0.21318
V858	0.03656	0.36098	0.18184	0.24126	0.17937
V859	0.13473	0.05906	0.03016	0.72872	0.04733
V860	0.04878	0.166	0.0703	0.64718	0.06773
V861	0.14078	0.0949	0.11646	0.62449	0.02337
V862	0.08363	0.07678	0.03554	0.14893	0.65512
V863	0.06194	0.80585	0.04457	0.05957	0.02806
V864	0.04154	0.23973	0.62034	0.09178	0.0066
V865	0.07906	0.19351	0.47136	0.24696	0.00911
V866	0.03565	0.22185	0.48022	0.23499	0.0273
V867	0.52525	0.1026	0.01862	0.05812	0.29542
V868	0.2114	0.29887	0.32257	0.14247	0.02469
V869	0.03479	0.07645	0.03894	0.08076	0.76907
V870	0.26238	0.20339	0.08274	0.2716	0.17989
V871	0.05076	0.13084	0.1045	0.14031	0.57359
V872	0.35638	0.09064	0.02317	0.4761	0.05371
V873	0.06528	0.32481	0.14568	0.39512	0.06912
V874	0.10847	0.11312	0.02229	0.07347	0.68265
V875	0.02376	0.19416	0.03568	0.51607	0.23034
V876	0.44242	0.13359	0.06346	0.06753	0.293
V877	0.24067	0.54761	0.05713	0.13507	0.01952
V878	0.04557	0.60306	0.06067	0.2678	0.0229
V879	0.75615	0.11901	0.02451	0.08506	0.01527
V880	0.09114	0.12187	0.04041	0.44484	0.30174
V881	0.01989	0.18811	0.43136	0.0426	0.31804
V882	0.05574	0.41363	0.03268	0.48427	0.01368
V883	0.46857	0.19682	0.02556	0.21521	0.09384
V884	0.02651	0.07294	0.01686	0.08691	0.79679
V885	0.15946	0.19879	0.31566	0.13906	0.18703
V886	0.02084	0.06645	0.04377	0.26707	0.60186
V887	0.11376	0.76501	0.03537	0.05108	0.03478
V888	0.06742	0.13298	0.06134	0.67041	0.06786
V889	0.13943	0.70523	0.06334	0.07292	0.01908
V890	0.04166	0.08873	0.12856	0.62921	0.11183
V891	0.00869	0.27873	0.65548	0.05082	0.00628
V892	0.54376	0.24969	0.03294	0.05914	0.11446
V893	0.1387	0.29314	0.40049	0.11069	0.05698
V894	0.10999	0.46723	0.06303	0.30736	0.05239
V895	0.5601	0.14308	0.21408	0.07062	0.01212
V896	0.19929	0.26196	0.20488	0.31764	0.01623
V897	0.01529	0.04648	0.04682	0.7664	0.12502
V898	0.38253	0.08169	0.0252	0.08062	0.42995
V899	0.51794	0.31038	0.08597	0.04985	0.03585
