mature.neutrophil	CD14.pos.CD16.neg.classical.monocyte	macrophage	memory.CD4.pos.AB.T.cell	cytotoxic.CD56.dim.NK.cell
V1	0.27242	0.20725	0.22436	0.17476	0.12122
V2	0.05823	0.69984	0.08985	0.10934	0.04274
V3	0.05569	0.14821	0.35518	0.41326	0.02765
V4	0.01622	0.10655	0.21049	0.10114	0.5656
V5	0.02119	0.0597	0.06755	0.15118	0.70038
V6	0.27427	0.1361	0.23448	0.25407	0.10109
V7	0.0117	0.15898	0.35434	0.1108	0.36419
V8	0.01236	0.23164	0.64197	0.09658	0.01744
V9	0.04879	0.10201	0.22156	0.6032	0.02445
V10	0.37276	0.18431	0.36878	0.03938	0.03477
V11	0.0372	0.08428	0.10389	0.11691	0.65773
V12	0.0716	0.10254	0.19448	0.3245	0.30689
V13	0.11518	0.09034	0.04718	0.44485	0.30245
V14	0.13577	0.06421	0.07371	0.63637	0.08995
V15	0.0221	0.05377	0.01242	0.87209	0.03962
V16	0.47121	0.12491	0.02447	0.35622	0.02318
V17	0.0655	0.23824	0.03599	0.11234	0.54793
V18	0.07789	0.4125	0.24438	0.24571	0.01952
V19	0.03325	0.05386	0.01587	0.16891	0.72813
V20	0.00419	0.1909	0.54891	0.23035	0.02565
V21	0.02325	0.26998	0.13599	0.2049	0.36588
V22	0.67563	0.16053	0.07021	0.05531	0.03832
V23	0.0747	0.06573	0.03542	0.18358	0.64057
V24	0.39556	0.16096	0.03416	0.10133	0.30799
V25	0.02556	0.06486	0.02743	0.4527	0.42945
V26	0.4083	0.23274	0.07143	0.09434	0.19319
V27	0.11499	0.47332	0.19188	0.05576	0.16404
V28	0.02713	0.13842	0.18027	0.61024	0.04394
V29	0.00618	0.1081	0.27543	0.57943	0.03086
V30	0.6148	0.16514	0.03814	0.08076	0.10117
V31	0.36229	0.17264	0.02747	0.27488	0.16272
V32	0.76487	0.09038	0.01758	0.06628	0.06089
V33	0.02731	0.19805	0.0349	0.16759	0.57216
V34	0.12596	0.76116	0.04703	0.05989	0.00597
V35	0.09055	0.57038	0.25918	0.07153	0.00836
V36	0.02964	0.2137	0.16407	0.1367	0.4559
V37	0.62754	0.07966	0.01043	0.07476	0.20762
V38	0.10168	0.16712	0.38493	0.21759	0.12868
V39	0.27014	0.15677	0.27845	0.0604	0.23424
V40	0.21359	0.54401	0.04795	0.15683	0.03762
V41	0.05596	0.76001	0.05508	0.05581	0.07315
V42	0.71135	0.11894	0.03001	0.06884	0.07086
V43	0.38973	0.23089	0.28938	0.06749	0.0225
V44	0.03327	0.36221	0.46303	0.04176	0.09972
V45	0.03955	0.59957	0.12332	0.19315	0.04441
V46	0.11569	0.68011	0.10339	0.08027	0.02053
V47	0.0048	0.24425	0.69493	0.0323	0.02373
V48	0.14196	0.19171	0.19849	0.3483	0.11954
V49	0.37975	0.2184	0.20055	0.17755	0.02375
V50	0.02177	0.25172	0.67818	0.03138	0.01694
V51	0.09493	0.28986	0.1898	0.10931	0.31609
V52	0.06196	0.821	0.05128	0.0609	0.00486
V53	0.02702	0.16779	0.02425	0.7545	0.02644
V54	0.18565	0.05233	0.02338	0.567	0.17164
V55	0.06579	0.04156	0.01115	0.84953	0.03197
V56	0.06457	0.0358	0.01742	0.76577	0.11645
V57	0.1303	0.25485	0.44433	0.06354	0.10698
V58	0.06645	0.07071	0.1306	0.24356	0.48868
V59	0.69555	0.12251	0.08695	0.06749	0.0275
V60	0.35982	0.24108	0.12375	0.16959	0.10576
V61	0.17236	0.06417	0.03905	0.26906	0.45536
V62	0.05446	0.12791	0.26053	0.17183	0.38526
V63	0.34701	0.27139	0.07446	0.08917	0.21796
V64	0.76826	0.10692	0.03108	0.06311	0.03063
V65	0.07669	0.11007	0.04844	0.62911	0.1357
V66	0.02552	0.07171	0.12238	0.74595	0.03444
V67	0.01282	0.12669	0.29029	0.1368	0.43339
V68	0.3694	0.15435	0.31791	0.07854	0.0798
V69	0.48234	0.20324	0.17838	0.06918	0.06686
V70	0.06243	0.62524	0.07761	0.21193	0.02279
V71	0.09745	0.69298	0.08112	0.11499	0.01346
V72	0.04305	0.3644	0.04966	0.09288	0.45001
V73	0.05341	0.06617	0.09832	0.5848	0.1973
V74	0.0141	0.08351	0.02056	0.79438	0.08746
V75	0.38638	0.26689	0.26402	0.05517	0.02754
V76	0.01186	0.04281	0.02635	0.84402	0.07495
V77	0.0203	0.23266	0.66253	0.06718	0.01733
V78	0.005	0.24666	0.68548	0.03932	0.02354
V79	0.07687	0.3682	0.06253	0.19218	0.30022
V80	0.12533	0.64761	0.04043	0.10558	0.08105
V81	0.01298	0.24414	0.69391	0.03162	0.01735
V82	0.20322	0.176	0.0427	0.54868	0.02939
V83	0.08745	0.1059	0.0339	0.56656	0.20619
V84	0.0909	0.1738	0.0258	0.1182	0.5913
V85	0.00481	0.24407	0.69442	0.03917	0.01754
V86	0.02447	0.28687	0.26956	0.3949	0.02419
V87	0.37837	0.07984	0.04927	0.45519	0.03733
V88	0.26853	0.18904	0.06419	0.24073	0.23751
V89	0.04022	0.27283	0.60399	0.06705	0.01591
V90	0.02513	0.1929	0.0712	0.16181	0.54896
V91	0.00992	0.05791	0.07819	0.82388	0.0301
V92	0.21185	0.08941	0.04066	0.11845	0.53963
V93	0.0125	0.13648	0.15047	0.52801	0.17254
V94	0.04079	0.17533	0.03933	0.29365	0.4509
V95	0.06338	0.22463	0.04187	0.16587	0.50425
V96	0.65011	0.09539	0.03466	0.08576	0.13409
V97	0.14588	0.08222	0.05524	0.17514	0.54152
V98	0.05236	0.36793	0.18137	0.16927	0.22906
V99	0.43393	0.16422	0.02011	0.26597	0.11577
V100	0.45158	0.20133	0.06195	0.10804	0.17709
V101	0.0708	0.80627	0.058	0.06001	0.00492
V102	0.26725	0.26671	0.13601	0.15376	0.17627
V103	0.12147	0.04502	0.02073	0.12538	0.68739
V104	0.04964	0.38372	0.10291	0.08884	0.37489
V105	0.02193	0.0627	0.05277	0.16092	0.70168
V106	0.05523	0.68057	0.17568	0.05402	0.03449
V107	0.04586	0.33038	0.52629	0.07705	0.02042
V108	0.01953	0.32354	0.61001	0.03206	0.01487
V109	0.0582	0.21873	0.06972	0.32316	0.3302
V110	0.16002	0.47178	0.18927	0.15476	0.02416
V111	0.23749	0.31538	0.38947	0.0432	0.01446
V112	0.15515	0.06824	0.10313	0.48687	0.18661
V113	0.20745	0.07952	0.10375	0.20529	0.40398
V114	0.47293	0.13619	0.0578	0.21896	0.11413
V115	0.71681	0.08424	0.01639	0.07407	0.10849
V116	0.02525	0.04822	0.01668	0.1427	0.76714
V117	0.04439	0.21691	0.59869	0.1043	0.03571
V118	0.03904	0.04009	0.01145	0.86271	0.04671
V119	0.26156	0.15345	0.31441	0.25101	0.01957
V120	0.01196	0.21038	0.6061	0.1288	0.04276
V121	0.19354	0.63905	0.03938	0.06274	0.06529
V122	0.03603	0.36143	0.10121	0.28322	0.2181
V123	0.40846	0.11245	0.07833	0.23341	0.16735
V124	0.18754	0.14765	0.07086	0.27048	0.32346
V125	0.04169	0.46973	0.42804	0.04329	0.01725
V126	0.13702	0.23233	0.20177	0.16037	0.2685
V127	0.2206	0.18811	0.48622	0.0818	0.02326
V128	0.20442	0.67398	0.04887	0.05121	0.02151
V129	0.22181	0.13832	0.23095	0.20772	0.2012
V130	0.03333	0.45168	0.06754	0.28068	0.16677
V131	0.01548	0.09305	0.19838	0.66737	0.02571
V132	0.30436	0.06966	0.01063	0.38	0.23535
V133	0.00895	0.19189	0.4465	0.12204	0.23062
V134	0.062	0.21818	0.58239	0.05788	0.07956
V135	0.02418	0.25857	0.55557	0.06114	0.10055
V136	0.78844	0.09433	0.01862	0.06646	0.03215
V137	0.73352	0.11128	0.01775	0.08977	0.04768
V138	0.21802	0.17804	0.08678	0.18937	0.32779
V139	0.1046	0.07532	0.14184	0.64582	0.03243
V140	0.03434	0.07584	0.14794	0.11095	0.63093
V141	0.02043	0.32416	0.51081	0.12352	0.02108
V142	0.1784	0.12046	0.27737	0.16921	0.25457
V143	0.02116	0.27984	0.4027	0.16955	0.12675
V144	0.42586	0.24315	0.07837	0.16879	0.08383
V145	0.00486	0.24274	0.67577	0.04693	0.0297
V146	0.03685	0.31063	0.03105	0.36671	0.25476
V147	0.08113	0.23009	0.5179	0.12942	0.04147
V148	0.1578	0.6879	0.0497	0.08345	0.02115
V149	0.01292	0.03908	0.01213	0.86692	0.06896
V150	0.12359	0.30271	0.46345	0.03886	0.07139
V151	0.36471	0.07086	0.02252	0.42868	0.11323
V152	0.01723	0.0592	0.10677	0.73191	0.08489
V153	0.1454	0.27265	0.37794	0.08816	0.11585
V154	0.11661	0.52876	0.05591	0.09054	0.20817
V155	0.03411	0.07204	0.12193	0.73786	0.03405
V156	0.0866	0.15061	0.33046	0.18451	0.24783
V157	0.08389	0.1138	0.15562	0.31335	0.33334
V158	0.16432	0.14528	0.3607	0.09323	0.23648
V159	0.10302	0.21344	0.03195	0.60137	0.05021
V160	0.38678	0.20305	0.09881	0.10192	0.20944
V161	0.19119	0.08259	0.06881	0.10307	0.55434
V162	0.00534	0.25075	0.69457	0.03198	0.01737
V163	0.05857	0.05069	0.02918	0.15409	0.70747
V164	0.75313	0.12819	0.02572	0.0688	0.02416
V165	0.50709	0.24668	0.09031	0.10129	0.05463
V166	0.04904	0.09047	0.20689	0.56648	0.08712
V167	0.04136	0.56755	0.05192	0.19092	0.14824
V168	0.00534	0.25075	0.69457	0.03198	0.01737
V169	0.05811	0.61484	0.17928	0.12649	0.02128
V170	0.22034	0.3596	0.07399	0.23796	0.10811
V171	0.25132	0.19145	0.29911	0.20197	0.05615
V172	0.16479	0.23593	0.08427	0.10156	0.41344
V173	0.18296	0.14624	0.09255	0.4237	0.15454
V174	0.17758	0.1247	0.29356	0.22683	0.17734
V175	0.07318	0.18	0.12148	0.23389	0.39144
V176	0.31231	0.06581	0.01648	0.57862	0.02678
V177	0.15991	0.18883	0.43679	0.19027	0.02419
V178	0.22683	0.18079	0.36524	0.14521	0.08193
V179	0.09567	0.05765	0.02168	0.12702	0.69798
V180	0.02944	0.13045	0.29567	0.08502	0.45942
V181	0.06665	0.25792	0.02281	0.14233	0.51029
V182	0.47819	0.23945	0.02349	0.20801	0.05086
V183	0.0804	0.80488	0.04995	0.0523	0.01248
V184	0.25952	0.12446	0.24712	0.32905	0.03985
V185	0.1003	0.43256	0.05085	0.20204	0.21426
V186	0.1239	0.19018	0.04498	0.30393	0.337
V187	0.08195	0.59522	0.03807	0.26737	0.01739
V188	0.67802	0.1127	0.04155	0.13932	0.0284
V189	0.38684	0.24652	0.05137	0.28998	0.02529
V190	0.34421	0.15731	0.19194	0.07735	0.22919
V191	0.19129	0.21715	0.02427	0.4522	0.11509
V192	0.27454	0.22436	0.12592	0.25037	0.12481
V193	0.06415	0.29683	0.42721	0.08132	0.13049
V194	0.23042	0.11258	0.09045	0.17186	0.39468
V195	0.46723	0.24469	0.20829	0.05729	0.0225
V196	0.02101	0.0527	0.06737	0.15223	0.70669
V197	0.07745	0.77566	0.04819	0.08586	0.01284
V198	0.20485	0.22941	0.05289	0.25548	0.25736
V199	0.61541	0.13283	0.18467	0.04696	0.02013
V200	0.629	0.08231	0.04022	0.08727	0.16119
V201	0.03753	0.03845	0.03186	0.71604	0.17613
V202	0.75435	0.13119	0.01361	0.07048	0.03036
V203	0.45644	0.26203	0.04449	0.11204	0.125
V204	0.29798	0.12523	0.0476	0.09161	0.43758
V205	0.10639	0.09726	0.11557	0.15339	0.52739
V206	0.04218	0.11238	0.01435	0.77457	0.05651
V207	0.0221	0.05377	0.01242	0.87209	0.03962
V208	0.13659	0.2991	0.39241	0.08536	0.08654
V209	0.14289	0.08822	0.09885	0.12318	0.54686
V210	0.00468	0.24192	0.69038	0.03939	0.02363
V211	0.13938	0.1126	0.18387	0.10961	0.45454
V212	0.06563	0.67425	0.11139	0.09136	0.05737
V213	0.09522	0.05404	0.06844	0.31571	0.46659
V214	0.02944	0.53	0.35672	0.05443	0.0294
V215	0.21947	0.24867	0.13635	0.13755	0.25796
V216	0.05513	0.14236	0.28221	0.10911	0.41119
V217	0.01139	0.03764	0.03321	0.82157	0.09618
V218	0.06729	0.24032	0.25278	0.35117	0.08843
V219	0.11331	0.31852	0.32843	0.21849	0.02126
V220	0.18991	0.64844	0.09205	0.05543	0.01417
V221	0.04332	0.19047	0.4068	0.06906	0.29034
V222	0.03312	0.04943	0.02335	0.14583	0.74828
V223	0.41646	0.13872	0.25745	0.15627	0.03109
V224	0.04739	0.4881	0.05487	0.1469	0.26274
V225	0.5853	0.22183	0.12005	0.04897	0.02384
V226	0.42277	0.47398	0.03054	0.05314	0.01958
V227	0.08653	0.24249	0.02662	0.59454	0.04981
V228	0.46418	0.14636	0.226	0.11464	0.04882
V229	0.23368	0.39923	0.24212	0.08694	0.03803
V230	0.03303	0.04242	0.02327	0.14725	0.75402
V231	0.06568	0.538	0.08761	0.22464	0.08407
V232	0.64078	0.12636	0.15738	0.05492	0.02057
V233	0.05966	0.0943	0.14006	0.17124	0.53474
V234	0.02233	0.36677	0.20459	0.37024	0.03607
V235	0.7784	0.09687	0.01237	0.08617	0.02618
V236	0.07028	0.18262	0.48792	0.20269	0.05648
V237	0.10973	0.15982	0.23018	0.33316	0.16711
V238	0.01909	0.04374	0.02101	0.35473	0.56143
V239	0.06671	0.37059	0.07019	0.23276	0.25974
V240	0.07422	0.74329	0.05394	0.07078	0.05778
V241	0.06197	0.82179	0.0512	0.05269	0.01234
V242	0.03627	0.33838	0.26704	0.29478	0.06352
V243	0.38432	0.1398	0.26838	0.07825	0.12924
V244	0.03583	0.39246	0.19134	0.13644	0.24393
V245	0.0577	0.78874	0.07298	0.07572	0.00486
V246	0.52098	0.2752	0.04483	0.06476	0.09422
V247	0.16143	0.24278	0.47037	0.08495	0.04046
V248	0.09832	0.53545	0.05676	0.07689	0.23259
V249	0.2173	0.14718	0.18424	0.15466	0.29662
V250	0.02301	0.19906	0.50292	0.0788	0.19621
V251	0.1834	0.08647	0.08837	0.57614	0.06561
V252	0.02586	0.23836	0.44269	0.17401	0.11908
V253	0.27174	0.50798	0.10372	0.093	0.02356
V254	0.45699	0.35466	0.02354	0.13624	0.02858
V255	0.67122	0.14217	0.01284	0.08432	0.08945
V256	0.04854	0.67216	0.05741	0.06997	0.15192
V257	0.3764	0.31452	0.14144	0.08702	0.08062
V258	0.1452	0.29921	0.06469	0.46531	0.02558
V259	0.44525	0.30337	0.16484	0.05294	0.0336
V260	0.22808	0.10234	0.10461	0.1559	0.40906
V261	0.02205	0.16054	0.40909	0.2927	0.11563
V262	0.7287	0.11571	0.05524	0.0715	0.02885
V263	0.64772	0.1438	0.02466	0.16191	0.02192
V264	0.07639	0.76903	0.05563	0.09348	0.00548
V265	0.66327	0.16069	0.07639	0.07336	0.0263
V266	0.02843	0.05906	0.08881	0.13902	0.68469
V267	0.05634	0.04646	0.02079	0.2463	0.63011
V268	0.17822	0.4019	0.14657	0.21915	0.05417
V269	0.08066	0.35114	0.31068	0.21695	0.04058
V270	0.04608	0.04853	0.03979	0.83488	0.03072
V271	0.2207	0.62186	0.04541	0.07585	0.03619
V272	0.11038	0.71263	0.06665	0.06786	0.04248
V273	0.24256	0.10353	0.15606	0.34704	0.1508
V274	0.09038	0.08345	0.04889	0.26962	0.50766
V275	0.04917	0.62171	0.17233	0.13549	0.0213
V276	0.0123	0.19105	0.52529	0.23332	0.03803
V277	0.29019	0.18187	0.44341	0.04378	0.04074
V278	0.00836	0.13737	0.2839	0.44897	0.1214
V279	0.1277	0.04872	0.02373	0.72927	0.07058
V280	0.16699	0.07122	0.04474	0.61222	0.10482
V281	0.02782	0.21603	0.05523	0.6708	0.03012
V282	0.07138	0.81312	0.05052	0.05253	0.01246
V283	0.30945	0.08823	0.1082	0.10552	0.3886
V284	0.02827	0.24207	0.43196	0.05611	0.24158
V285	0.45569	0.41413	0.02664	0.08261	0.02092
V286	0.06932	0.23	0.61142	0.06655	0.02271
V287	0.20882	0.13683	0.15257	0.31898	0.1828
V288	0.16671	0.18749	0.47644	0.04971	0.11966
V289	0.13999	0.2175	0.03881	0.57509	0.02862
V290	0.37434	0.42733	0.14008	0.04562	0.01262
V291	0.34828	0.2128	0.02314	0.38835	0.02743
V292	0.10528	0.15446	0.33463	0.09513	0.3105
V293	0.00819	0.27972	0.60746	0.07629	0.02834
V294	0.02457	0.04992	0.02408	0.1403	0.76113
V295	0.0155	0.1288	0.27379	0.49709	0.08481
V296	0.70024	0.16419	0.01442	0.07503	0.04612
V297	0.02024	0.20786	0.57757	0.14507	0.04927
V298	0.25098	0.05493	0.01627	0.56045	0.11737
V299	0.22776	0.04856	0.02286	0.67278	0.02804
V300	0.78849	0.09845	0.01289	0.07367	0.0265
V301	0.76836	0.09097	0.01768	0.09153	0.03147
V302	0.01701	0.042	0.02008	0.46483	0.45608
V303	0.09897	0.21968	0.19447	0.22204	0.26484
V304	0.15361	0.22286	0.54907	0.04033	0.03412
V305	0.18806	0.30982	0.10219	0.16357	0.23635
V306	0.30662	0.56657	0.03538	0.06767	0.02375
V307	0.19408	0.11369	0.22612	0.44352	0.02258
V308	0.1888	0.19399	0.49049	0.10347	0.02325
V309	0.53098	0.1324	0.05634	0.16898	0.1113
V310	0.04045	0.06115	0.02228	0.20077	0.67535
V311	0.01904	0.04239	0.04789	0.85217	0.03851
V312	0.08359	0.28278	0.22895	0.07128	0.33339
V313	0.0624	0.2722	0.03569	0.36641	0.2633
V314	0.07846	0.0511	0.01886	0.43122	0.42036
V315	0.76917	0.09288	0.02384	0.06516	0.04895
V316	0.10513	0.51266	0.24145	0.07595	0.0648
V317	0.30849	0.22165	0.39121	0.04458	0.03407
V318	0.73857	0.08725	0.01681	0.06701	0.09036
V319	0.08774	0.24818	0.60268	0.04511	0.01628
V320	0.0737	0.03687	0.01756	0.83365	0.03822
V321	0.11929	0.35128	0.27009	0.22559	0.03375
V322	0.01515	0.33946	0.46521	0.08596	0.09422
V323	0.20882	0.29309	0.35554	0.06367	0.07888
V324	0.03817	0.07896	0.04836	0.79873	0.03578
V325	0.51385	0.16795	0.08536	0.16293	0.06991
V326	0.05362	0.06523	0.06429	0.21979	0.59706
V327	0.29359	0.44746	0.12192	0.07188	0.06515
V328	0.04591	0.28961	0.15902	0.47349	0.03197
V329	0.00761	0.15545	0.31849	0.49001	0.02843
V330	0.06945	0.23062	0.61265	0.0341	0.05319
V331	0.12494	0.08454	0.09187	0.17084	0.52781
V332	0.36953	0.19217	0.35068	0.04684	0.04079
V333	0.32783	0.14506	0.25326	0.18984	0.08401
V334	0.04068	0.3526	0.44882	0.11207	0.04582
V335	0.58209	0.13603	0.08192	0.09194	0.10801
V336	0.15214	0.53056	0.25345	0.04161	0.02224
V337	0.0209	0.04765	0.02925	0.25103	0.65117
V338	0.57334	0.12518	0.13483	0.07339	0.09327
V339	0.19152	0.49317	0.18861	0.04812	0.07858
V340	0.04006	0.19212	0.11574	0.13785	0.51423
V341	0.02575	0.48438	0.3845	0.04791	0.05746
V342	0.23814	0.25055	0.35613	0.13887	0.01632
V343	0.54602	0.14281	0.23547	0.05639	0.0193
V344	0.10479	0.65839	0.07866	0.07798	0.08018
V345	0.19351	0.08668	0.01894	0.33869	0.36219
V346	0.03531	0.33278	0.28138	0.30806	0.04247
V347	0.08014	0.45136	0.0517	0.36706	0.04974
V348	0.01926	0.23163	0.36962	0.25657	0.12292
V349	0.05989	0.36495	0.4341	0.05541	0.08565
V350	0.10324	0.3819	0.10048	0.28033	0.13405
V351	0.14573	0.1613	0.34505	0.31577	0.03216
V352	0.10233	0.51477	0.32088	0.04616	0.01586
V353	0.22935	0.31136	0.05724	0.11292	0.28914
V354	0.44885	0.16924	0.32356	0.04009	0.01826
V355	0.07465	0.12681	0.27745	0.49236	0.02873
V356	0.07773	0.2269	0.6008	0.0538	0.04077
V357	0.04231	0.17774	0.41405	0.08271	0.2832
V358	0.02933	0.06905	0.04112	0.82369	0.03682
V359	0.05112	0.12253	0.02162	0.77701	0.02771
V360	0.56731	0.13063	0.08842	0.19275	0.02089
V361	0.30335	0.44371	0.10662	0.05299	0.09333
V362	0.65576	0.10715	0.09262	0.05718	0.08729
V363	0.03945	0.06701	0.02202	0.23871	0.6328
V364	0.04163	0.26465	0.04252	0.4781	0.1731
V365	0.01234	0.0411	0.01938	0.8726	0.05458
V366	0.16955	0.20178	0.45192	0.09651	0.08024
V367	0.19593	0.25681	0.19266	0.2074	0.1472
V368	0.60239	0.16777	0.11654	0.06449	0.04881
V369	0.04463	0.58448	0.24035	0.12227	0.00827
V370	0.02575	0.18441	0.12248	0.39603	0.27133
V371	0.06786	0.78908	0.08899	0.04932	0.00476
V372	0.52073	0.15476	0.1318	0.15543	0.03727
V373	0.1137	0.5776	0.15116	0.14226	0.01528
V374	0.08489	0.15869	0.30981	0.42553	0.02107
V375	0.23946	0.1883	0.45056	0.10393	0.01775
V376	0.01948	0.12908	0.33974	0.08707	0.42464
V377	0.0836	0.4667	0.20814	0.22333	0.01823
V378	0.12674	0.50291	0.18494	0.05313	0.13227
V379	0.03487	0.07087	0.11004	0.16797	0.61625
V380	0.01979	0.11631	0.15707	0.51043	0.1964
V381	0.14091	0.0871	0.02168	0.11632	0.63398
V382	0.35643	0.05516	0.01583	0.34098	0.2316
V383	0.03156	0.10338	0.2297	0.61083	0.02453
V384	0.24169	0.12267	0.14914	0.4243	0.0622
V385	0.08885	0.12165	0.024	0.11819	0.64731
V386	0.53841	0.08003	0.01591	0.34102	0.02462
V387	0.23078	0.06731	0.01699	0.63782	0.04709
V388	0.06211	0.73111	0.07633	0.11741	0.01304
V389	0.1264	0.67343	0.05661	0.08578	0.05778
V390	0.15645	0.04842	0.01672	0.67223	0.10618
V391	0.5951	0.18971	0.01472	0.13049	0.06997
V392	0.76914	0.11566	0.01929	0.07076	0.02515
V393	0.08967	0.09382	0.13738	0.5303	0.14883
V394	0.58045	0.08835	0.03424	0.20512	0.09183
V395	0.0063	0.12372	0.30668	0.53342	0.02987
V396	0.43379	0.17602	0.32648	0.04023	0.02347
V397	0.55497	0.18486	0.04581	0.1637	0.05067
V398	0.05933	0.07493	0.15158	0.6255	0.08866
V399	0.04627	0.06323	0.01409	0.34196	0.53445
V400	0.15255	0.48064	0.16694	0.18882	0.01105
V401	0.25313	0.18787	0.47368	0.06782	0.01751
V402	0.29757	0.1731	0.34915	0.10629	0.07389
V403	0.14083	0.10528	0.01486	0.21922	0.51982
V404	0.00707	0.17585	0.39109	0.37281	0.05317
V405	0.2991	0.26573	0.08216	0.25884	0.09417
V406	0.02147	0.24768	0.66958	0.03201	0.02926
V407	0.71266	0.12308	0.04283	0.09854	0.02289
V408	0.03869	0.33683	0.03248	0.31282	0.27918
V409	0.09926	0.05961	0.06722	0.66832	0.10559
V410	0.11275	0.2135	0.27852	0.10262	0.29261
V411	0.02497	0.04791	0.01649	0.15024	0.76038
V412	0.03069	0.17974	0.13085	0.11564	0.54308
V413	0.02819	0.26598	0.15116	0.39256	0.16211
V414	0.04431	0.10494	0.01465	0.50795	0.32815
V415	0.15617	0.04666	0.01998	0.1207	0.65649
V416	0.1033	0.11694	0.03606	0.2272	0.51651
V417	0.01269	0.20482	0.57273	0.14724	0.06252
V418	0.47976	0.36841	0.04366	0.06775	0.04041
V419	0.22062	0.07256	0.03217	0.20099	0.47366
V420	0.20611	0.07296	0.10317	0.1318	0.48596
V421	0.01823	0.07526	0.12638	0.14567	0.63446
V422	0.01994	0.05781	0.05501	0.71429	0.15294
V423	0.24227	0.25135	0.24963	0.22097	0.03578
V424	0.01046	0.15271	0.4026	0.07159	0.36265
V425	0.30867	0.3461	0.02374	0.07993	0.24156
V426	0.20717	0.19089	0.03634	0.48042	0.08519
V427	0.19869	0.57205	0.1702	0.04405	0.01502
V428	0.09613	0.57454	0.10449	0.14318	0.08167
V429	0.12765	0.68268	0.04234	0.11862	0.02871
V430	0.0332	0.14157	0.33867	0.221	0.26556
V431	0.10538	0.36458	0.1941	0.28013	0.05582
V432	0.25698	0.12981	0.11966	0.36552	0.12804
V433	0.16086	0.16416	0.40306	0.23443	0.03748
V434	0.20628	0.336	0.32151	0.05769	0.07853
V435	0.43475	0.17786	0.28915	0.07447	0.02376
V436	0.06454	0.53271	0.12667	0.1079	0.16819
V437	0.17329	0.07134	0.03954	0.24443	0.4714
V438	0.12125	0.31581	0.19065	0.30794	0.06436
V439	0.49976	0.07574	0.05384	0.33461	0.03605
V440	0.02754	0.40616	0.46268	0.05225	0.05137
V441	0.03769	0.52232	0.35501	0.06885	0.01612
V442	0.07132	0.81351	0.05861	0.05168	0.00489
V443	0.76268	0.08996	0.01748	0.10427	0.02561
V444	0.14313	0.38796	0.05446	0.37111	0.04334
V445	0.06473	0.36867	0.06219	0.47342	0.031
V446	0.10034	0.09042	0.09821	0.56933	0.14169
V447	0.06761	0.04528	0.02521	0.49739	0.36452
V448	0.15542	0.0564	0.03369	0.13004	0.62445
V449	0.00534	0.25075	0.69457	0.03198	0.01737
V450	0.17842	0.16964	0.22012	0.18128	0.25054
V451	0.23822	0.21322	0.07291	0.37062	0.10503
V452	0.01647	0.07765	0.14517	0.69925	0.06145
V453	0.02525	0.0466	0.01278	0.51239	0.40299
V454	0.01436	0.19141	0.52852	0.07107	0.19464
V455	0.06306	0.27318	0.25375	0.10532	0.30469
V456	0.75952	0.09406	0.01159	0.08574	0.04909
V457	0.5566	0.23383	0.04874	0.11141	0.04943
V458	0.02799	0.40593	0.43072	0.09053	0.04484
V459	0.12339	0.10302	0.06191	0.50623	0.20545
V460	0.5359	0.14736	0.17151	0.10847	0.03675
V461	0.16893	0.3284	0.22755	0.07262	0.2025
V462	0.05163	0.10182	0.0277	0.53938	0.27947
V463	0.1865	0.09503	0.02526	0.66033	0.03288
V464	0.13897	0.30187	0.49095	0.04774	0.02046
V465	0.05181	0.12234	0.0316	0.1366	0.65764
V466	0.0405	0.0384	0.01466	0.2146	0.69184
V467	0.0577	0.23891	0.04085	0.56784	0.0947
V468	0.47685	0.31781	0.11612	0.04924	0.03999
V469	0.02575	0.30931	0.0754	0.32655	0.26299
V470	0.67271	0.13017	0.03632	0.13275	0.02805
V471	0.34185	0.28609	0.04678	0.19528	0.13
V472	0.02314	0.07785	0.05373	0.12943	0.71585
V473	0.03391	0.25457	0.22292	0.33699	0.15161
V474	0.25068	0.16494	0.06982	0.45883	0.05572
V475	0.13448	0.19236	0.45592	0.07345	0.14379
V476	0.13678	0.09305	0.09725	0.59953	0.07338
V477	0.06215	0.82183	0.05944	0.05183	0.00475
V478	0.16571	0.05364	0.02011	0.11848	0.64206
V479	0.67243	0.1319	0.0427	0.12518	0.02779
V480	0.13569	0.57449	0.08797	0.1648	0.03705
V481	0.21905	0.34655	0.08057	0.22998	0.12384
V482	0.11553	0.6136	0.20682	0.0432	0.02085
V483	0.293	0.4664	0.02973	0.15756	0.05331
V484	0.2016	0.46644	0.13357	0.17377	0.02463
V485	0.53139	0.15556	0.11118	0.16432	0.03754
V486	0.06697	0.16589	0.26038	0.08096	0.4258
V487	0.11518	0.2222	0.33736	0.30099	0.02426
V488	0.35279	0.10798	0.01179	0.37777	0.14967
V489	0.01297	0.33474	0.52397	0.1012	0.02711
V490	0.01232	0.20038	0.55602	0.20623	0.02505
V491	0.04246	0.41862	0.07356	0.1662	0.29915
V492	0.03345	0.15171	0.04446	0.72339	0.04699
V493	0.02088	0.03437	0.01893	0.88544	0.04038
V494	0.27725	0.05377	0.02895	0.55244	0.08758
V495	0.27696	0.26117	0.19541	0.20358	0.06289
V496	0.12839	0.08454	0.06356	0.11067	0.61284
V497	0.0958	0.10323	0.13912	0.18039	0.48146
V498	0.08469	0.75881	0.07018	0.05901	0.02731
V499	0.04562	0.26783	0.2386	0.12455	0.3234
V500	0.10477	0.44444	0.12775	0.26097	0.06207
V501	0.07718	0.29724	0.03836	0.10456	0.48267
V502	0.13738	0.69479	0.08071	0.08065	0.00647
V503	0.36316	0.11931	0.18185	0.18473	0.15095
V504	0.419	0.21585	0.02347	0.08237	0.2593
V505	0.51704	0.07797	0.03498	0.15186	0.21815
V506	0.03661	0.47081	0.09225	0.08286	0.31747
V507	0.67718	0.0876	0.04005	0.14826	0.04691
V508	0.03551	0.57987	0.22561	0.08676	0.07225
V509	0.05578	0.42668	0.1526	0.24083	0.12412
V510	0.36675	0.44984	0.07026	0.09418	0.01898
V511	0.06013	0.37136	0.4275	0.07587	0.06513
V512	0.14079	0.43559	0.18096	0.10047	0.14218
V513	0.16672	0.59692	0.10433	0.09615	0.03587
V514	0.02337	0.08992	0.20177	0.13105	0.5539
V515	0.07082	0.13624	0.01515	0.75063	0.02716
V516	0.1454	0.34248	0.12021	0.36243	0.02949
V517	0.01995	0.07314	0.05627	0.81418	0.03646
V518	0.33229	0.1424	0.26601	0.21526	0.04403
V519	0.64079	0.12792	0.01783	0.185	0.02846
V520	0.08313	0.7407	0.0611	0.10915	0.00591
V521	0.17861	0.07608	0.12461	0.58924	0.03145
V522	0.04515	0.29533	0.45379	0.15842	0.04731
V523	0.12165	0.23308	0.54886	0.07411	0.02229
V524	0.26886	0.19691	0.42927	0.03971	0.06525
V525	0.02762	0.20264	0.04994	0.11992	0.59989
V526	0.0374	0.24059	0.62676	0.05409	0.04115
V527	0.08013	0.47861	0.35797	0.05347	0.02982
V528	0.13547	0.04479	0.03049	0.76032	0.02893
V529	0.17015	0.2214	0.54022	0.04013	0.0281
V530	0.02069	0.23496	0.63326	0.07555	0.03554
V531	0.16756	0.47225	0.11214	0.07515	0.1729
V532	0.06422	0.29959	0.27033	0.06618	0.29967
V533	0.24642	0.05599	0.01263	0.11076	0.5742
V534	0.11372	0.09325	0.01268	0.73202	0.04833
V535	0.67635	0.18299	0.05887	0.05531	0.02649
V536	0.11206	0.25859	0.32613	0.08552	0.2177
V537	0.03312	0.06539	0.03104	0.13393	0.73652
V538	0.52441	0.15445	0.01974	0.09944	0.20197
V539	0.01811	0.28015	0.50659	0.12748	0.06767
V540	0.15558	0.43371	0.11002	0.10923	0.19146
V541	0.0428	0.36562	0.04947	0.11467	0.42744
V542	0.0403	0.3216	0.12185	0.4488	0.06745
V543	0.05826	0.2562	0.51634	0.08198	0.08723
V544	0.28986	0.23768	0.17155	0.11928	0.18163
V545	0.54843	0.34478	0.02955	0.06073	0.0165
V546	0.07647	0.68844	0.12034	0.05796	0.05679
V547	0.09729	0.67742	0.04217	0.15397	0.02914
V548	0.01403	0.08438	0.02094	0.84297	0.03769
V549	0.02005	0.04902	0.03626	0.26467	0.63001
V550	0.05241	0.74704	0.13331	0.05507	0.01218
V551	0.02158	0.03272	0.01184	0.9	0.03385
V552	0.20134	0.06532	0.03289	0.13788	0.56257
V553	0.62843	0.09098	0.02787	0.1934	0.05932
V554	0.09183	0.18229	0.38872	0.30568	0.03149
V555	0.05959	0.80241	0.05785	0.05274	0.02741
V556	0.07397	0.09214	0.06219	0.703	0.06869
V557	0.26892	0.24496	0.05254	0.37323	0.06035
V558	0.01275	0.21366	0.57711	0.15993	0.03655
V559	0.09353	0.44111	0.38295	0.04542	0.037
V560	0.5252	0.27825	0.13276	0.04723	0.01656
V561	0.57282	0.1039	0.12667	0.07032	0.12628
V562	0.11516	0.12129	0.14771	0.16743	0.44841
V563	0.18843	0.28906	0.19479	0.15883	0.16889
V564	0.29432	0.08673	0.06498	0.372	0.18197
V565	0.02305	0.05024	0.03063	0.16804	0.72803
V566	0.25643	0.16476	0.04148	0.36158	0.17574
V567	0.02082	0.24026	0.68387	0.03167	0.02339
V568	0.03022	0.28966	0.35988	0.3036	0.01664
V569	0.51023	0.16666	0.10601	0.16699	0.05011
V570	0.11379	0.12601	0.24066	0.44289	0.07665
V571	0.21867	0.10905	0.20513	0.34789	0.11927
V572	0.69381	0.08607	0.0105	0.07594	0.13368
V573	0.0696	0.16529	0.28617	0.37451	0.10443
V574	0.44091	0.2974	0.08782	0.13888	0.03499
V575	0.31182	0.10439	0.11648	0.12325	0.34407
V576	0.05623	0.76782	0.0554	0.06274	0.05781
V577	0.36704	0.44818	0.06314	0.10246	0.01917
V578	0.0271	0.26203	0.41993	0.23512	0.05582
V579	0.02856	0.49328	0.30644	0.06977	0.10194
V580	0.19868	0.47193	0.04448	0.25151	0.0334
V581	0.05244	0.47575	0.33857	0.11619	0.01704
V582	0.00641	0.26271	0.67507	0.03899	0.01682
V583	0.48127	0.15731	0.27497	0.06768	0.01877
V584	0.20408	0.4594	0.12558	0.08545	0.12549
V585	0.05577	0.67348	0.10395	0.10903	0.05777
V586	0.04708	0.69434	0.19252	0.06011	0.00595
V587	0.06406	0.5965	0.0459	0.09193	0.20161
V588	0.20151	0.42018	0.3216	0.03876	0.01795
V589	0.09261	0.36467	0.06907	0.43603	0.03761
V590	0.0598	0.68289	0.04287	0.07058	0.14385
V591	0.41046	0.45011	0.06292	0.05729	0.01922
V592	0.02087	0.19892	0.57359	0.0713	0.13532
V593	0.35081	0.06135	0.01589	0.50611	0.06584
V594	0.00916	0.26405	0.50585	0.16586	0.05507
V595	0.42933	0.10991	0.07054	0.33592	0.05429
V596	0.37542	0.24478	0.18777	0.15657	0.03547
V597	0.03561	0.18768	0.0269	0.19941	0.55039
V598	0.49513	0.07205	0.01695	0.08429	0.33159
V599	0.07191	0.36929	0.10809	0.40674	0.04396
V600	0.23109	0.10534	0.16418	0.38629	0.11311
V601	0.12705	0.11939	0.02048	0.50318	0.2299
V602	0.69207	0.20339	0.01675	0.06629	0.0215
V603	0.12385	0.15849	0.04439	0.21073	0.46253
V604	0.0213	0.20134	0.53716	0.12985	0.11034
V605	0.03598	0.11862	0.12729	0.15916	0.55894
V606	0.6927	0.08006	0.01027	0.07682	0.14015
V607	0.15164	0.13551	0.03669	0.1134	0.56275
V608	0.61082	0.09973	0.04087	0.13869	0.10988
V609	0.16599	0.28418	0.03477	0.43164	0.08342
V610	0.08862	0.56519	0.04357	0.28468	0.01794
V611	0.21687	0.20219	0.4633	0.05833	0.05931
V612	0.30836	0.16148	0.26145	0.07105	0.19766
V613	0.36816	0.47553	0.06496	0.07911	0.01224
V614	0.4523	0.09255	0.0301	0.14379	0.28126
V615	0.01303	0.13676	0.1271	0.57355	0.14956
V616	0.52577	0.10894	0.13586	0.17861	0.05082
V617	0.18549	0.20057	0.37058	0.12595	0.1174
V618	0.59032	0.16034	0.07017	0.07181	0.10735
V619	0.44457	0.13297	0.14191	0.07079	0.20975
V620	0.0399	0.13621	0.29342	0.50172	0.02874
V621	0.12611	0.27223	0.26529	0.06343	0.27294
V622	0.02635	0.26828	0.30811	0.07554	0.32171
V623	0.06551	0.0427	0.01775	0.69818	0.17586
V624	0.73348	0.08602	0.01655	0.08565	0.07831
V625	0.01153	0.10584	0.09513	0.75351	0.03399
V626	0.06348	0.17913	0.43275	0.28653	0.03811
V627	0.10298	0.18912	0.121	0.11474	0.47216
V628	0.76327	0.10266	0.01822	0.09057	0.02528
V629	0.10756	0.33422	0.48304	0.05529	0.01989
V630	0.0273	0.18479	0.04186	0.13014	0.61592
V631	0.01495	0.10819	0.24143	0.10334	0.5321
V632	0.05796	0.67057	0.04951	0.09354	0.12843
V633	0.05439	0.06373	0.09103	0.53749	0.25337
V634	0.35564	0.42505	0.15505	0.05175	0.01251
V635	0.0447	0.16334	0.17558	0.10929	0.5071
V636	0.1695	0.239	0.27078	0.21401	0.10672
V637	0.17555	0.15142	0.33194	0.25542	0.08567
V638	0.08107	0.41331	0.05035	0.14999	0.30529
V639	0.45635	0.3813	0.09302	0.04886	0.02047
V640	0.10335	0.20428	0.0907	0.28142	0.32024
V641	0.10191	0.621	0.06112	0.18605	0.02991
V642	0.59641	0.10393	0.01671	0.25942	0.02353
V643	0.06303	0.75007	0.10944	0.07237	0.00509
V644	0.04727	0.38012	0.04824	0.47897	0.0454
V645	0.16298	0.6427	0.0544	0.13179	0.00813
V646	0.12956	0.46598	0.05898	0.27545	0.07003
V647	0.75142	0.08895	0.01711	0.11718	0.02534
V648	0.37624	0.1408	0.01937	0.31522	0.14837
V649	0.23359	0.14017	0.08448	0.17693	0.36484
V650	0.02714	0.04699	0.06229	0.83294	0.03064
V651	0.13029	0.20101	0.01767	0.62747	0.02356
V652	0.30402	0.06641	0.04274	0.54818	0.03865
V653	0.28804	0.0767	0.05722	0.51979	0.05826
V654	0.04272	0.10302	0.0169	0.17264	0.66471
V655	0.13214	0.15343	0.25592	0.43077	0.02773
V656	0.11106	0.05431	0.01362	0.19922	0.6218
V657	0.04071	0.42958	0.05859	0.36687	0.10424
V658	0.03072	0.06825	0.0405	0.62184	0.2387
V659	0.01906	0.07176	0.07797	0.7531	0.07812
V660	0.0673	0.30854	0.04593	0.12562	0.45261
V661	0.05021	0.56698	0.05169	0.23082	0.10029
V662	0.04453	0.39122	0.05056	0.08939	0.4243
V663	0.79266	0.09519	0.01895	0.06668	0.02652
V664	0.02883	0.06285	0.11487	0.42828	0.36516
V665	0.03464	0.57126	0.22489	0.12591	0.0433
V666	0.10347	0.74924	0.08529	0.05661	0.00538
V667	0.03874	0.50834	0.26093	0.14045	0.05154
V668	0.53118	0.25981	0.06382	0.10925	0.03594
V669	0.40494	0.30108	0.0471	0.14211	0.10477
V670	0.0972	0.55209	0.08019	0.09424	0.17627
V671	0.60317	0.12468	0.16595	0.08044	0.02576
V672	0.08752	0.1177	0.09381	0.34774	0.35323
V673	0.0233	0.05924	0.01579	0.21442	0.68726
V674	0.29356	0.23325	0.38808	0.03905	0.04606
V675	0.55695	0.08419	0.04709	0.19957	0.11219
V676	0.21015	0.23099	0.39305	0.04522	0.12059
V677	0.04445	0.29014	0.20768	0.39114	0.06658
V678	0.05796	0.28856	0.03821	0.12209	0.49319
V679	0.01389	0.14887	0.37038	0.43883	0.02801
V680	0.15041	0.05256	0.03119	0.39416	0.37169
V681	0.43201	0.09667	0.04932	0.32639	0.0956
V682	0.00534	0.25075	0.69457	0.03198	0.01737
V683	0.06242	0.30023	0.49686	0.04082	0.09967
V684	0.05633	0.04296	0.01817	0.85079	0.03174
V685	0.01268	0.22785	0.61616	0.11962	0.0237
V686	0.26543	0.54222	0.09906	0.07039	0.0229
V687	0.00498	0.16851	0.45813	0.33541	0.03296
V688	0.00498	0.24462	0.68098	0.03968	0.02974
V689	0.40125	0.1478	0.17426	0.1503	0.12639
V690	0.11332	0.73796	0.06051	0.07511	0.01311
V691	0.12533	0.15359	0.05696	0.61286	0.05126
V692	0.06541	0.0588	0.02514	0.75	0.10064
V693	0.02672	0.49845	0.39028	0.06769	0.01687
V694	0.08212	0.19659	0.05258	0.58895	0.07977
V695	0.11881	0.16571	0.142	0.10503	0.46845
V696	0.10278	0.19944	0.55285	0.04624	0.09869
V697	0.09086	0.1933	0.2724	0.34003	0.10341
V698	0.02568	0.09341	0.16461	0.11477	0.60152
V699	0.0376	0.05876	0.05436	0.6572	0.19207
V700	0.06918	0.70925	0.11418	0.05053	0.05686
V701	0.02785	0.18239	0.03466	0.1243	0.6308
V702	0.0255	0.1288	0.02214	0.67844	0.14511
V703	0.02036	0.05247	0.03368	0.8549	0.03859
V704	0.04596	0.17069	0.33009	0.0874	0.36586
V705	0.75994	0.10036	0.01191	0.07892	0.04886
V706	0.13373	0.19291	0.15057	0.43893	0.08386
V707	0.12867	0.15467	0.07972	0.31757	0.31936
V708	0.03176	0.55717	0.35638	0.04577	0.00893
V709	0.02316	0.06185	0.04607	0.13294	0.73597
V710	0.11176	0.16928	0.38659	0.06022	0.27216
V711	0.06681	0.04614	0.03598	0.14522	0.70585
V712	0.05344	0.20052	0.52465	0.1907	0.03069
V713	0.22196	0.42657	0.28587	0.05383	0.01177
V714	0.06072	0.04823	0.01537	0.13638	0.7393
V715	0.01536	0.35774	0.48108	0.12558	0.02024
V716	0.61345	0.21575	0.02839	0.10481	0.03761
V717	0.33909	0.20941	0.1221	0.08894	0.24046
V718	0.53067	0.1379	0.22442	0.05286	0.05414
V719	0.34386	0.2603	0.11029	0.16441	0.12114
V720	0.11753	0.0988	0.09312	0.13316	0.55739
V721	0.03898	0.05821	0.05931	0.14258	0.70092
V722	0.02904	0.23184	0.07072	0.51139	0.15701
V723	0.10009	0.2335	0.11455	0.51104	0.04082
V724	0.12585	0.56797	0.07297	0.21645	0.01676
V725	0.04233	0.04968	0.02313	0.13672	0.74814
V726	0.20704	0.44781	0.0794	0.11457	0.15119
V727	0.01301	0.24247	0.67567	0.03931	0.02954
V728	0.62	0.12308	0.11281	0.11776	0.02636
V729	0.50257	0.15848	0.03859	0.2729	0.02746
V730	0.10259	0.14618	0.31244	0.37139	0.0674
V731	0.01065	0.06065	0.06368	0.83458	0.03044
V732	0.02094	0.03453	0.01902	0.89207	0.03344
V733	0.03005	0.25051	0.6585	0.03193	0.029
V734	0.39748	0.20304	0.28819	0.08217	0.02912
V735	0.07218	0.21063	0.20132	0.10446	0.41141
V736	0.02518	0.07795	0.02449	0.13488	0.7375
V737	0.78833	0.10024	0.0191	0.06615	0.02619
V738	0.03655	0.40487	0.04418	0.09733	0.41707
V739	0.02195	0.0468	0.01224	0.88591	0.0331
V740	0.19334	0.13746	0.10749	0.10558	0.45612
V741	0.42124	0.07894	0.01622	0.35094	0.13265
V742	0.06458	0.17595	0.42466	0.19201	0.14281
V743	0.03699	0.09773	0.08113	0.19989	0.58425
V744	0.1656	0.1331	0.15275	0.49253	0.05602
V745	0.14597	0.07261	0.05248	0.6953	0.03364
V746	0.33576	0.49475	0.06616	0.05886	0.04446
V747	0.02973	0.24768	0.64791	0.03953	0.03515
V748	0.14509	0.26249	0.24972	0.11299	0.22971
V749	0.16241	0.15242	0.11637	0.43778	0.13102
V750	0.63076	0.22154	0.02293	0.10494	0.01984
V751	0.03718	0.421	0.46636	0.0572	0.01826
V752	0.03471	0.14615	0.04023	0.1269	0.65201
V753	0.4379	0.15938	0.20844	0.07938	0.1149
V754	0.10877	0.29176	0.02896	0.54358	0.02692
V755	0.23587	0.62496	0.0752	0.04894	0.01504
V756	0.03326	0.13035	0.03917	0.16632	0.6309
V757	0.15205	0.06524	0.09499	0.65473	0.03299
V758	0.06727	0.37889	0.02679	0.5023	0.02474
V759	0.09036	0.09319	0.10159	0.1084	0.60646
V760	0.07342	0.11512	0.18773	0.29239	0.33135
V761	0.05698	0.35783	0.52511	0.04046	0.01962
V762	0.02064	0.10914	0.15699	0.41948	0.29375
V763	0.03985	0.25119	0.03029	0.10865	0.57002
V764	0.10129	0.10793	0.08448	0.66735	0.03895
V765	0.14151	0.20282	0.48749	0.0816	0.08658
V766	0.07386	0.46109	0.24131	0.09752	0.12623
V767	0.25241	0.43321	0.08512	0.10316	0.12609
V768	0.07101	0.7259	0.09142	0.09885	0.01282
V769	0.60038	0.12865	0.15971	0.05631	0.05495
V770	0.2467	0.16728	0.38556	0.17587	0.0246
V771	0.07421	0.63059	0.04719	0.15035	0.09767
V772	0.04571	0.24389	0.65566	0.03797	0.01676
V773	0.03896	0.04405	0.01426	0.26677	0.63597
V774	0.13514	0.16753	0.41938	0.05462	0.22333
V775	0.73057	0.08963	0.02864	0.11523	0.03594
V776	0.3129	0.4101	0.16387	0.07507	0.03807
V777	0.18953	0.38343	0.22944	0.14495	0.05265
V778	0.44645	0.10979	0.02396	0.26021	0.15958
V779	0.06599	0.43955	0.41934	0.05105	0.02407
V780	0.02083	0.24012	0.68333	0.03842	0.01731
V781	0.16357	0.32015	0.17257	0.06726	0.27645
V782	0.21495	0.23964	0.0402	0.09591	0.40931
V783	0.00762	0.18033	0.49512	0.07695	0.23998
V784	0.03916	0.53532	0.03531	0.3039	0.0863
V785	0.59387	0.1757	0.014	0.15239	0.06403
V786	0.14878	0.19996	0.03065	0.57766	0.04296
V787	0.13508	0.51928	0.0334	0.24288	0.06936
V788	0.33914	0.39305	0.08821	0.05653	0.12307
V789	0.02116	0.16043	0.02437	0.44789	0.34615
V790	0.25222	0.23838	0.07455	0.17471	0.26014
V791	0.16357	0.23027	0.08327	0.24769	0.2752
V792	0.76334	0.10648	0.03075	0.06306	0.03637
V793	0.29287	0.26893	0.06817	0.15356	0.21647
V794	0.02558	0.0812	0.10273	0.25405	0.53644
V795	0.1407	0.72075	0.0595	0.05852	0.02054
V796	0.26307	0.38606	0.11968	0.19111	0.04008
V797	0.13901	0.04353	0.01345	0.1388	0.66522
V798	0.13161	0.45192	0.03735	0.15169	0.22743
V799	0.03393	0.17167	0.05997	0.66758	0.06685
V800	0.0389	0.05527	0.0288	0.2232	0.65383
V801	0.31321	0.08892	0.11444	0.43415	0.04928
V802	0.04577	0.19909	0.03484	0.11986	0.60045
V803	0.26006	0.07633	0.01716	0.60022	0.04623
V804	0.17138	0.21174	0.18184	0.37506	0.05998
V805	0.126	0.23648	0.35663	0.19037	0.09053
V806	0.39019	0.11814	0.17269	0.11924	0.19974
V807	0.58796	0.09273	0.06621	0.11082	0.14228
V808	0.67951	0.09795	0.05333	0.0681	0.10111
V809	0.19469	0.53396	0.05493	0.09019	0.12623
V810	0.03282	0.09306	0.0492	0.49686	0.32807
V811	0.05843	0.12311	0.03765	0.20147	0.57934
V812	0.03621	0.59175	0.20999	0.12613	0.03591
V813	0.03928	0.25619	0.20502	0.08136	0.41815
V814	0.18655	0.48779	0.08962	0.20429	0.03175
V815	0.22553	0.58934	0.06512	0.10427	0.01574
V816	0.03321	0.44095	0.03741	0.44427	0.04417
V817	0.63389	0.13692	0.13324	0.07556	0.02039
V818	0.04286	0.2706	0.30841	0.09377	0.28436
V819	0.75786	0.10358	0.02424	0.08943	0.02488
V820	0.0689	0.34253	0.13029	0.41389	0.04439
V821	0.02525	0.04822	0.01668	0.1427	0.76714
V822	0.16481	0.05825	0.0239	0.72469	0.02835
V823	0.05169	0.15777	0.20525	0.09071	0.49459
V824	0.077	0.07492	0.03678	0.12417	0.68713
V825	0.12147	0.18695	0.48523	0.18798	0.01837
V826	0.03691	0.23727	0.65666	0.05221	0.01695
V827	0.30171	0.16477	0.0145	0.41304	0.10598
V828	0.21666	0.1849	0.10965	0.13339	0.35541
V829	0.08294	0.17435	0.2649	0.21664	0.26117
V830	0.12231	0.20219	0.51539	0.0608	0.0993
V831	0.04367	0.63594	0.08617	0.2045	0.02973
V832	0.18848	0.06165	0.07362	0.29933	0.37691
V833	0.19465	0.66187	0.04814	0.05259	0.04276
V834	0.61317	0.18775	0.04578	0.08452	0.06877
V835	0.22259	0.28513	0.09975	0.30504	0.08749
V836	0.2975	0.20088	0.34738	0.13088	0.02335
V837	0.05078	0.71822	0.06027	0.09717	0.07356
V838	0.00964	0.05076	0.07784	0.82425	0.03751
V839	0.04727	0.0856	0.08127	0.11898	0.66687
V840	0.74678	0.09983	0.03575	0.08758	0.03006
V841	0.17745	0.21689	0.54361	0.03959	0.02246
V842	0.41976	0.14326	0.17892	0.22573	0.03233
V843	0.38281	0.10074	0.13611	0.13429	0.24605
V844	0.01892	0.31364	0.57873	0.05516	0.03355
V845	0.03164	0.03937	0.01179	0.64044	0.27675
V846	0.10758	0.10005	0.10093	0.15539	0.53605
V847	0.19034	0.06513	0.05998	0.20792	0.47663
V848	0.60479	0.10459	0.01667	0.1501	0.12385
V849	0.11443	0.22694	0.52825	0.0453	0.08508
V850	0.18307	0.14085	0.24866	0.19403	0.23339
V851	0.78857	0.09255	0.01244	0.07396	0.03248
V852	0.21265	0.11621	0.08346	0.23536	0.35232
V853	0.03386	0.257	0.47381	0.1602	0.07513
V854	0.04953	0.35633	0.237	0.13146	0.22568
V855	0.10039	0.35696	0.10662	0.34786	0.08817
V856	0.15373	0.36379	0.07596	0.07651	0.33002
V857	0.073	0.11226	0.15566	0.43903	0.22005
V858	0.03174	0.34391	0.18888	0.25308	0.18239
V859	0.1189	0.05709	0.03108	0.73696	0.05596
V860	0.04151	0.16117	0.07406	0.64925	0.074
V861	0.1252	0.09152	0.11981	0.63167	0.0318
V862	0.07386	0.05146	0.03479	0.20131	0.63858
V863	0.058	0.78935	0.06491	0.06031	0.02742
V864	0.03594	0.22381	0.63459	0.08828	0.01738
V865	0.06995	0.18176	0.48311	0.2461	0.01908
V866	0.03008	0.20898	0.48865	0.23504	0.03726
V867	0.49008	0.09156	0.01773	0.08286	0.31777
V868	0.19285	0.29337	0.33669	0.1434	0.0337
V869	0.0319	0.04574	0.0379	0.14298	0.74147
V870	0.2384	0.1949	0.08682	0.2893	0.19058
V871	0.04485	0.10461	0.10352	0.18577	0.56125
V872	0.32716	0.08918	0.02364	0.49499	0.06502
V873	0.05733	0.31679	0.15357	0.39814	0.07417
V874	0.0963	0.08549	0.02242	0.12934	0.66644
V875	0.0198	0.18084	0.03896	0.52822	0.23219
V876	0.40742	0.12227	0.06559	0.09223	0.31248
V877	0.22149	0.54811	0.07024	0.13684	0.02332
V878	0.04094	0.59199	0.07603	0.26689	0.02416
V879	0.7382	0.11953	0.02448	0.08814	0.02965
V880	0.07945	0.10839	0.04162	0.46622	0.30432
V881	0.01718	0.16195	0.43131	0.06571	0.32385
V882	0.04942	0.40865	0.04271	0.48258	0.01664
V883	0.43634	0.19667	0.02812	0.23134	0.10753
V884	0.02499	0.04099	0.01646	0.15153	0.76603
V885	0.14379	0.18281	0.3219	0.15372	0.19778
V886	0.01846	0.04305	0.04279	0.31079	0.58491
V887	0.10526	0.75331	0.05398	0.05248	0.03497
V888	0.0581	0.12877	0.0644	0.67394	0.07479
V889	0.12803	0.69758	0.08069	0.07326	0.02044
V890	0.03461	0.0809	0.13001	0.63464	0.11983
V891	0.00621	0.26132	0.6695	0.04619	0.01677
V892	0.51348	0.25152	0.03711	0.0685	0.12939
V893	0.12496	0.28216	0.41346	0.11295	0.06647
V894	0.09901	0.46069	0.07438	0.31023	0.05568
V895	0.53414	0.1403	0.23072	0.07005	0.0248
V896	0.18099	0.25932	0.21462	0.32115	0.02392
V897	0.01112	0.04145	0.04761	0.76808	0.13174
V898	0.34791	0.06538	0.02415	0.11765	0.44491
V899	0.48951	0.31784	0.09511	0.05094	0.0466
V900	0.21733	0.27971	0.24504	0.22266	0.03526
