mature.neutrophil	CD14.pos.CD16.neg.classical.monocyte	macrophage	memory.CD4.pos.AB.T.cell	cytotoxic.CD56.dim.NK.cell
V1	0.20306	0.26988	0.25374	0.20526	0.06807
V2	0	0.7127	0.14189	0.14541	0
V3	0	0.18623	0.40494	0.40883	0
V4	0	0.22266	0.18454	0.14859	0.44421
V5	0	0.21585	0	0.21365	0.5705
V6	0.20775	0.19827	0.26017	0.28722	0.04659
V7	0	0.22771	0.36502	0.13963	0.26764
V8	0	0.20863	0.79137	0	0
V9	0	0.14577	0.24302	0.61121	0
V10	0.35673	0.18556	0.45771	0	0
V11	0	0.24146	0.05014	0.17339	0.53501
V12	0	0.21305	0.19431	0.37838	0.21426
V13	0.03891	0.21904	0.01673	0.51345	0.21187
V14	0.06884	0.14632	0.06172	0.71067	0.01245
V15	0	0.0985	0	0.9015	0
V16	0.44938	0.16767	0.01825	0.3647	0
V17	0	0.39923	0	0.17187	0.4289
V18	0.00723	0.45105	0.29796	0.24376	0
V19	0	0.19774	0	0.22058	0.58168
V20	0	0.17738	0.6446	0.17802	0
V21	0	0.35686	0.13383	0.25388	0.25543
V22	0.72676	0.17705	0.07327	0	0.02292
V23	0	0.238	0	0.23991	0.52209
V24	0.32733	0.26776	0.01493	0.15446	0.23552
V25	0	0.17824	0	0.50434	0.31742
V26	0.3506	0.30831	0.07513	0.12634	0.13962
V27	0.04154	0.52906	0.23135	0.09608	0.10197
V28	0	0.17811	0.19617	0.62572	0
V29	0	0.12109	0.30376	0.57516	0
V30	0.62913	0.20454	0.03462	0.04981	0.0819
V31	0.29523	0.25162	0.02059	0.33306	0.0995
V32	0.84696	0.10819	0	0	0.04485
V33	0	0.33512	0	0.22597	0.43891
V34	0.06394	0.75363	0.10677	0.07565	0
V35	0.02531	0.59126	0.32708	0.05635	0
V36	0	0.32201	0.15218	0.18786	0.33795
V37	0.6484	0.13426	0	0.04113	0.17621
V38	0.01818	0.23843	0.43967	0.23721	0.06652
V39	0.20104	0.23978	0.31264	0.06822	0.17832
V40	0.15126	0.56415	0.08712	0.19747	0
V41	0	0.7655	0.10889	0.10351	0.02211
V42	0.77018	0.14912	0.017	0	0.06371
V43	0.36514	0.25422	0.36747	0.01135	0.00182
V44	0	0.38827	0.54536	0.01919	0.04717
V45	0	0.61083	0.16696	0.22222	0
V46	0.05368	0.68698	0.15822	0.10111	0
V47	0	0.175	0.825	0	0
V48	0.06963	0.26754	0.22132	0.39362	0.0479
V49	0.33716	0.2555	0.23893	0.16841	0
V50	0	0.19216	0.80784	0	0
V51	0.00799	0.40486	0.20512	0.15239	0.22964
V52	0.00259	0.8099	0.11316	0.07436	0
V53	0	0.22057	0.01193	0.7675	0
V54	0.11884	0.14924	0	0.64217	0.08976
V55	0	0.10788	0	0.89212	0
V56	0	0.11893	0	0.85474	0.02633
V57	0.05662	0.31271	0.53604	0.03308	0.06155
V58	0	0.21621	0.09822	0.30553	0.38005
V59	0.76017	0.13373	0.09134	0	0.01476
V60	0.3001	0.30008	0.14097	0.19846	0.06039
V61	0.08678	0.22111	0	0.3388	0.35331
V62	0	0.23521	0.26047	0.21674	0.28758
V63	0.27969	0.35323	0.08194	0.12981	0.15533
V64	0.85594	0.11703	0.01494	0	0.01208
V65	0.00413	0.20951	0.03189	0.70248	0.05199
V66	0	0.11542	0.11918	0.7654	0
V67	0	0.21108	0.28473	0.17839	0.3258
V68	0.33265	0.19048	0.39048	0.03478	0.05162
V69	0.47008	0.23559	0.21278	0.03596	0.04559
V70	0.00574	0.64814	0.12078	0.22535	0
V71	0.03704	0.6984	0.13472	0.12984	0
V72	0	0.47798	0.03755	0.15075	0.33371
V73	0	0.15771	0.08143	0.65489	0.10598
V74	0	0.13911	0	0.86089	0
V75	0.35753	0.29038	0.3363	0.00993	0.00586
V76	0	0.09205	0	0.90795	0
V77	0	0.19454	0.80546	0	0
V78	0	0.18349	0.81651	0	0
V79	0	0.4801	0.06514	0.2459	0.20886
V80	0.06527	0.66849	0.08278	0.1541	0.02937
V81	0	0.17629	0.82371	0	0
V82	0.1406	0.2416	0.04373	0.57407	0
V83	0.01395	0.22012	0.0077	0.63892	0.11932
V84	0	0.35084	0	0.17719	0.47198
V85	0	0.174	0.826	0	0
V86	0	0.30644	0.30794	0.38562	0
V87	0.32866	0.13723	0.04169	0.49242	0
V88	0.19436	0.2878	0.05703	0.30239	0.15842
V89	0	0.26168	0.73832	0	0
V90	0	0.32565	0.0362	0.21827	0.41989
V91	0	0.09453	0.06152	0.84395	0
V92	0.12244	0.25815	0	0.18347	0.43595
V93	0	0.1929	0.15276	0.57367	0.08068
V94	0	0.30893	0.00309	0.35179	0.33619
V95	0	0.3789	0.00932	0.22332	0.38845
V96	0.68244	0.14359	0.01576	0.04175	0.11646
V97	0.05099	0.26378	0.00336	0.24251	0.43936
V98	0	0.43853	0.20527	0.21153	0.14466
V99	0.38344	0.23271	0.01212	0.3068	0.06493
V100	0.40262	0.27326	0.06199	0.13136	0.13077
V101	0.0108	0.79693	0.11901	0.07327	0
V102	0.19323	0.34137	0.15393	0.20021	0.11126
V103	0.01256	0.23082	0	0.1796	0.57703
V104	0	0.48111	0.10653	0.14043	0.27194
V105	0	0.21331	0	0.22008	0.56661
V106	0	0.68896	0.23608	0.07497	0
V107	0	0.34766	0.64607	0.00627	0
V108	0	0.27833	0.72167	0	0
V109	0	0.33624	0.05643	0.37843	0.22891
V110	0.09813	0.49648	0.23765	0.16774	0
V111	0.19088	0.32729	0.48183	0	0
V112	0.08496	0.16475	0.09308	0.55307	0.10413
V113	0.12402	0.21962	0.07662	0.27084	0.3089
V114	0.43665	0.1963	0.05361	0.24036	0.07307
V115	0.77594	0.11943	0	0.00468	0.09995
V116	0	0.18985	0	0.19514	0.615
V117	0	0.22656	0.74203	0.03141	0
V118	0	0.09369	0	0.90631	0
V119	0.20781	0.18765	0.37763	0.22691	0
V120	0	0.1991	0.73341	0.06749	0
V121	0.13038	0.65474	0.0859	0.10663	0.02236
V122	0	0.43027	0.11419	0.32671	0.12883
V123	0.35082	0.18827	0.07163	0.27798	0.11131
V124	0.1121	0.27206	0.053	0.33276	0.23008
V125	0	0.4781	0.5219	0	0
V126	0.05375	0.33587	0.21808	0.20641	0.18588
V127	0.17805	0.20662	0.61533	0	0
V128	0.14183	0.67757	0.10127	0.07933	0
V129	0.14485	0.22516	0.24827	0.25037	0.13135
V130	0	0.50065	0.08661	0.32667	0.08607
V131	0	0.11881	0.21149	0.66971	0
V132	0.23692	0.16577	0	0.44022	0.15709
V133	0	0.22823	0.48516	0.13145	0.15516
V134	0	0.25021	0.71898	0	0.03081
V135	0	0.27469	0.65637	0.02014	0.04881
V136	0.88714	0.10032	0	0	0.01255
V137	0.80452	0.13664	0.00202	0.01225	0.04456
V138	0.13962	0.29961	0.07517	0.249	0.2366
V139	0.03245	0.14289	0.14932	0.67534	0
V140	0	0.2217	0.10216	0.16517	0.51097
V141	0	0.32429	0.60668	0.06904	0
V142	0.09397	0.21879	0.2984	0.20745	0.18139
V143	0	0.30768	0.44678	0.18569	0.05985
V144	0.37427	0.29373	0.09303	0.19276	0.04621
V145	0	0.1898	0.8102	0	0
V146	0	0.40176	0.02199	0.41772	0.15853
V147	0.00142	0.27476	0.63889	0.08492	0
V148	0.0971	0.69088	0.10215	0.10987	0
V149	0	0.0813	0	0.9187	0
V150	0.05145	0.35362	0.56836	0	0.02657
V151	0.30899	0.14514	0.00236	0.48856	0.05495
V152	0	0.1077	0.09722	0.79508	0
V153	0.07224	0.33121	0.44992	0.08066	0.06596
V154	0.04781	0.5933	0.08123	0.14254	0.13511
V155	0	0.12014	0.11948	0.76038	0
V156	0	0.24982	0.36023	0.21794	0.17202
V157	0	0.24137	0.14696	0.37265	0.23903
V158	0.08296	0.23324	0.40749	0.10055	0.17576
V159	0.03943	0.29113	0.02943	0.64001	0
V160	0.32643	0.28642	0.10147	0.13474	0.15095
V161	0.09901	0.26051	0.01888	0.16714	0.45446
V162	0	0.1775	0.8225	0	0
V163	0	0.21288	0	0.21083	0.57629
V164	0.83414	0.1413	0.01296	0	0.0116
V165	0.48793	0.27946	0.11081	0.0904	0.03141
V166	0	0.14712	0.22425	0.62402	0.00462
V167	0	0.60211	0.08136	0.24194	0.07459
V168	0	0.1775	0.8225	0	0
V169	0	0.63121	0.23311	0.13568	0
V170	0.14956	0.41564	0.09745	0.29006	0.04729
V171	0.19043	0.23558	0.35446	0.20631	0.01323
V172	0.08085	0.37774	0.06928	0.15937	0.31277
V173	0.11405	0.23543	0.09333	0.47868	0.07851
V174	0.09729	0.20736	0.32031	0.26533	0.10971
V175	0	0.31299	0.10884	0.28935	0.28882
V176	0.25698	0.1274	0	0.61562	0
V177	0.09314	0.22499	0.53132	0.15055	0
V178	0.16747	0.22655	0.43388	0.13488	0.03722
V179	0	0.23806	0	0.18119	0.58075
V180	0	0.22837	0.29321	0.12385	0.35457
V181	0	0.40926	0	0.19772	0.39302
V182	0.44053	0.2795	0.03136	0.23009	0.01853
V183	0.01993	0.79609	0.11096	0.07301	0
V184	0.19836	0.17349	0.28149	0.34666	0
V185	0.02938	0.51507	0.06532	0.25506	0.13518
V186	0.04756	0.32269	0.02498	0.36372	0.24104
V187	0.02585	0.62009	0.07667	0.27739	0
V188	0.73082	0.13171	0.03695	0.08251	0.018
V189	0.33541	0.29043	0.06458	0.30958	0
V190	0.28166	0.23921	0.20697	0.10005	0.17211
V191	0.12846	0.29889	0.02063	0.50725	0.04477
V192	0.20426	0.29475	0.14061	0.29791	0.06246
V193	0	0.35185	0.50091	0.07246	0.07477
V194	0.1477	0.24926	0.06671	0.23727	0.29905
V195	0.46043	0.26581	0.26024	0.00775	0.00576
V196	0	0.20817	0	0.21457	0.57726
V197	0.01956	0.7724	0.10477	0.10327	0
V198	0.13145	0.3361	0.04672	0.31443	0.1713
V199	0.66392	0.12535	0.21073	0	0
V200	0.65289	0.13612	0.02001	0.05208	0.13891
V201	0	0.12294	0	0.7947	0.08236
V202	0.83438	0.14636	0	0	0.01925
V203	0.40776	0.31721	0.05337	0.13585	0.08581
V204	0.22046	0.26881	0.01242	0.15227	0.34603
V205	0.00685	0.27273	0.07914	0.21387	0.42741
V206	0	0.17949	0	0.82051	0
V207	0	0.0985	0	0.9015	0
V208	0.06515	0.35166	0.47078	0.07361	0.0388
V209	0.04596	0.26547	0.05718	0.18457	0.44683
V210	0	0.17695	0.82305	0	0
V211	0.04483	0.26237	0.17311	0.1604	0.3593
V212	0.00589	0.69032	0.16234	0.13295	0.0085
V213	0.00168	0.21949	0.02226	0.38744	0.36913
V214	0	0.52547	0.43624	0.03829	0
V215	0.14155	0.34409	0.14643	0.18855	0.17937
V216	0	0.25068	0.28689	0.14687	0.31556
V217	0	0.09075	0.00322	0.90459	0.00145
V218	0	0.3032	0.28863	0.3915	0.01668
V219	0.03961	0.36106	0.38974	0.20959	0
V220	0.12875	0.65495	0.14551	0.07079	0
V221	0	0.26164	0.44695	0.07735	0.21406
V222	0	0.19725	0	0.20027	0.60248
V223	0.39272	0.16532	0.31183	0.12471	0.00542
V224	0	0.5569	0.06979	0.19942	0.17389
V225	0.61339	0.23458	0.14455	0	0.00747
V226	0.3811	0.49334	0.06368	0.06188	0
V227	0.02321	0.31992	0.02491	0.63197	0
V228	0.45476	0.17062	0.27291	0.07593	0.02578
V229	0.17384	0.42837	0.2994	0.09503	0.00336
V230	0	0.19056	0	0.20107	0.60837
V231	0.00152	0.57814	0.1244	0.27377	0.02217
V232	0.69541	0.12497	0.17962	0	0
V233	0	0.24314	0.10782	0.22668	0.42236
V234	0	0.38477	0.24065	0.37459	0
V235	0.87289	0.10837	0	0	0.01874
V236	0	0.22446	0.58519	0.19035	0
V237	0.03133	0.24742	0.25112	0.3815	0.08863
V238	0	0.16277	0	0.40355	0.43368
V239	0	0.46832	0.07791	0.28171	0.17205
V240	0.01355	0.74987	0.10808	0.11839	0.01012
V241	0.00252	0.81233	0.11355	0.07159	0
V242	0	0.36723	0.30566	0.32711	0
V243	0.34378	0.19073	0.31673	0.05417	0.09459
V244	0	0.45037	0.21488	0.17818	0.15657
V245	0	0.78368	0.13135	0.08497	0
V246	0.49659	0.31562	0.05901	0.05969	0.06909
V247	0.09754	0.28209	0.58595	0.03424	0.00019
V248	0.02832	0.60864	0.0795	0.12824	0.15531
V249	0.13562	0.25593	0.18704	0.20597	0.21544
V250	0	0.23372	0.57398	0.06067	0.13163
V251	0.11835	0.15854	0.08756	0.63555	0
V252	0	0.26727	0.49469	0.18493	0.05311
V253	0.21046	0.52556	0.14985	0.11413	0
V254	0.41321	0.38123	0.04781	0.15624	0.00152
V255	0.71195	0.17674	0	0.0342	0.0771
V256	0	0.70154	0.09376	0.11961	0.08509
V257	0.3252	0.35422	0.17289	0.10183	0.04586
V258	0.08396	0.35684	0.082	0.4772	0
V259	0.41926	0.33073	0.2077	0.02701	0.0153
V260	0.14383	0.24166	0.08064	0.21987	0.31401
V261	0	0.18829	0.45029	0.32313	0.03829
V262	0.80062	0.13154	0.051	0	0.01684
V263	0.68862	0.16444	0.02102	0.11805	0.00787
V264	0.01893	0.76505	0.11167	0.10434	0
V265	0.71076	0.18081	0.08593	0.00442	0.01808
V266	0	0.21618	0.02462	0.19955	0.55965
V267	0	0.19703	0	0.29782	0.50515
V268	0.11172	0.44006	0.18629	0.2585	0.00343
V269	0.00655	0.39729	0.36643	0.22972	0
V270	0	0.10995	0.01614	0.87391	0
V271	0.15874	0.63323	0.09236	0.11566	0
V272	0.04923	0.71969	0.12111	0.10997	0
V273	0.1708	0.18601	0.1632	0.39955	0.08044
V274	0	0.2561	0	0.33874	0.40517
V275	0	0.63094	0.2245	0.14456	0
V276	0	0.18747	0.61418	0.19835	0
V277	0.26183	0.18626	0.5519	0	0
V278	0	0.16867	0.30496	0.49023	0.03614
V279	0.05913	0.13374	0	0.80713	0
V280	0.10288	0.15645	0.02675	0.6861	0.02782
V281	0	0.26543	0.05621	0.67836	0
V282	0.01087	0.80389	0.11177	0.07347	0
V283	0.23432	0.21315	0.08718	0.15911	0.30624
V284	0	0.29264	0.47735	0.0591	0.17091
V285	0.41814	0.43881	0.05459	0.08846	0
V286	0	0.23683	0.76317	0	0
V287	0.13458	0.2263	0.15872	0.37373	0.10667
V288	0.09949	0.24058	0.57982	0.00132	0.07878
V289	0.07932	0.2843	0.04005	0.59634	0
V290	0.33457	0.44731	0.18547	0.03264	0
V291	0.29019	0.26574	0.02783	0.41624	0
V292	0.01008	0.26756	0.36815	0.11755	0.23666
V293	0	0.26344	0.73656	0	0
V294	0	0.1943	0	0.19466	0.61104
V295	0	0.15828	0.30043	0.53859	0.00271
V296	0.75635	0.18932	0.00525	0.00888	0.0402
V297	0	0.20666	0.69403	0.09931	0
V298	0.18833	0.13587	0	0.63134	0.04446
V299	0.1681	0.1169	3e-04	0.7147	0
V300	0.88649	0.10329	0	0	0.01022
V301	0.85965	0.11004	0	0	0.03031
V302	0	0.14787	0	0.51211	0.34002
V303	0.01559	0.3293	0.20754	0.26881	0.17875
V304	0.09698	0.22796	0.67506	0	0
V305	0.1123	0.3982	0.1161	0.21709	0.15632
V306	0.24928	0.57822	0.07634	0.09617	0
V307	0.12646	0.16433	0.25556	0.45365	0
V308	0.13343	0.22089	0.61695	0.02873	0
V309	0.51466	0.18459	0.05154	0.16996	0.07924
V310	0	0.2079	0	0.25158	0.54052
V311	0	0.08878	0.02382	0.88741	0
V312	0	0.39602	0.24815	0.10791	0.24792
V313	0	0.38376	0.02442	0.42062	0.1712
V314	0	0.19017	0	0.48977	0.32006
V315	0.85624	0.10903	0.0022	0	0.03253
V316	0.0392	0.54593	0.29868	0.09908	0.0171
V317	0.27655	0.23552	0.48793	0	0
V318	0.80707	0.11459	0	0	0.07833
V319	0.01907	0.24085	0.74008	0	0
V320	0	0.1118	0	0.8882	0
V321	0.04875	0.3943	0.3217	0.23525	0
V322	0	0.35131	0.53734	0.07528	0.03607
V323	0.14677	0.33736	0.43247	0.04408	0.03933
V324	0	0.13815	0.03054	0.83131	0
V325	0.49718	0.20926	0.09357	0.1582	0.04179
V326	0	0.22856	0.00674	0.28279	0.48191
V327	0.23155	0.47797	0.16302	0.09862	0.02884
V328	0	0.33497	0.18666	0.47837	0
V329	0	0.16779	0.35294	0.47927	0
V330	0	0.23997	0.76003	0	0
V331	0.02824	0.26032	0.0497	0.23447	0.42726
V332	0.34621	0.20952	0.44009	0	0.00419
V333	0.27087	0.19555	0.2877	0.20338	0.0425
V334	0	0.3728	0.53489	0.09231	0
V335	0.58994	0.17839	0.08311	0.06205	0.08651
V336	0.08993	0.55275	0.31957	0.03776	0
V337	0	0.18161	0	0.30023	0.51816
V338	0.58858	0.15926	0.1489	0.02724	0.07602
V339	0.12848	0.52451	0.2367	0.07468	0.03564
V340	0	0.32433	0.09176	0.19245	0.39147
V341	0	0.48684	0.4635	0.04336	0.0063
V342	0.185	0.28192	0.43666	0.09641	0
V343	0.58234	0.13856	0.2791	0	0
V344	0.04376	0.67919	0.12513	0.12237	0.02954
V345	0.11754	0.21512	0	0.4022	0.26514
V346	0	0.35728	0.32229	0.32042	0
V347	0.0185	0.50056	0.08055	0.40038	0
V348	0	0.26198	0.40349	0.28884	0.0457
V349	0	0.40644	0.52128	0.03693	0.03535
V350	0.03395	0.45258	0.1229	0.32837	0.0622
V351	0.07338	0.2085	0.40037	0.31776	0
V352	0.03372	0.53856	0.40993	0.01779	0
V353	0.15148	0.41169	0.05889	0.17295	0.20499
V354	0.45539	0.15146	0.39315	0	0
V355	0	0.18156	0.31704	0.5014	0
V356	0.00258	0.24388	0.75354	0	0
V357	0	0.2471	0.45429	0.09139	0.20722
V358	0	0.12315	0.02022	0.85662	0
V359	0	0.19126	0.00317	0.80557	0
V360	0.58388	0.15344	0.09656	0.16612	0
V361	0.24028	0.48109	0.14223	0.0827	0.0537
V362	0.6974	0.13847	0.09291	0	0.07122
V363	0	0.20961	0	0.28988	0.50051
V364	0	0.34744	0.03888	0.52722	0.08646
V365	0	0.08361	0	0.91639	0
V366	0.10266	0.2484	0.54663	0.06515	0.03716
V367	0.12174	0.32973	0.21812	0.24946	0.08094
V368	0.63018	0.19152	0.13404	0.00606	0.03819
V369	0	0.59024	0.29905	0.11071	0
V370	0	0.26662	0.11867	0.44282	0.1719
V371	0.00726	0.78253	0.14902	0.06119	0
V372	0.52083	0.18094	0.15205	0.13196	0.01422
V373	0.05382	0.59735	0.19997	0.14885	0
V374	0.00544	0.21447	0.3561	0.42398	0
V375	0.197	0.21011	0.56498	0.02791	0
V376	0	0.21052	0.34611	0.1175	0.32588
V377	0.01627	0.49861	0.25759	0.22753	0
V378	0.0594	0.54953	0.2261	0.0897	0.07527
V379	0	0.22068	0.05934	0.22369	0.49629
V380	0	0.18157	0.15699	0.55828	0.10316
V381	0.04018	0.26761	0	0.1715	0.52071
V382	0.29283	0.14715	0	0.40194	0.15808
V383	0	0.13572	0.25188	0.6124	0
V384	0.17588	0.1866	0.164	0.47295	0.00056
V385	0	0.29917	0	0.17419	0.52664
V386	0.54749	0.11204	0.00139	0.33909	0
V387	0.17132	0.13801	0	0.69067	0
V388	0.00285	0.73354	0.13186	0.13175	0
V389	0.06469	0.68584	0.1054	0.13105	0.01302
V390	0.09133	0.13319	0	0.7506	0.02488
V391	0.60339	0.22235	0.01117	0.11369	0.0494
V392	0.85722	0.12789	0.0031	0	0.01179
V393	0.01585	0.18506	0.1387	0.59387	0.06653
V394	0.58853	0.13265	0.01998	0.19431	0.06453
V395	0	0.1338	0.33761	0.52859	0
V396	0.43442	0.16607	0.39951	0	0
V397	0.55303	0.21646	0.05106	0.15301	0.02644
V398	0	0.14402	0.15732	0.69246	0.00621
V399	0	0.1949	0	0.39401	0.41109
V400	0.09179	0.50573	0.21329	0.18919	0
V401	0.21829	0.19167	0.59004	0	0
V402	0.24951	0.21081	0.4234	0.07864	0.03764
V403	0.0504	0.26429	0	0.27921	0.4061
V404	0	0.18527	0.43109	0.38364	0
V405	0.22949	0.32492	0.10006	0.30637	0.03915
V406	0	0.19833	0.80167	0	0
V407	0.77886	0.14193	0.03935	0.02211	0.01776
V408	0	0.43101	0.02569	0.36084	0.18246
V409	0.02691	0.14956	0.05103	0.74869	0.0238
V410	0.02327	0.3228	0.30326	0.13502	0.21565
V411	0	0.18893	0	0.20154	0.60953
V412	0	0.30822	0.10543	0.16951	0.41684
V413	0	0.32285	0.16619	0.43516	0.0758
V414	0	0.21265	0	0.56367	0.22368
V415	0.05457	0.22419	0	0.17542	0.54581
V416	0.00951	0.29026	0	0.29268	0.40756
V417	0	0.20176	0.67829	0.11337	0.00658
V418	0.44696	0.39807	0.07068	0.06532	0.01897
V419	0.13645	0.22579	0	0.26722	0.37054
V420	0.11791	0.22973	0.06716	0.19616	0.38903
V421	0	0.21448	0.07636	0.20157	0.50759
V422	0	0.12651	0.03029	0.78449	0.05871
V423	0.17782	0.29333	0.2933	0.23555	0
V424	0	0.21392	0.42533	0.08673	0.27402
V425	0.23724	0.42936	0.02811	0.13472	0.17058
V426	0.14316	0.26658	0.03485	0.53618	0.01923
V427	0.13347	0.58789	0.22829	0.05034	0
V428	0.0338	0.60616	0.14815	0.18492	0.02697
V429	0.06802	0.68908	0.09223	0.15066	0
V430	0	0.20941	0.35608	0.25761	0.1769
V431	0.03679	0.41417	0.23567	0.31336	0
V432	0.1863	0.20907	0.12618	0.4174	0.06105
V433	0.09343	0.20577	0.48378	0.21701	0
V434	0.14296	0.37508	0.39608	0.04812	0.03776
V435	0.42771	0.1969	0.36452	0.00668	0.00419
V436	0	0.58497	0.16259	0.15411	0.09833
V437	0.08709	0.23172	0	0.31333	0.36786
V438	0.05175	0.372	0.22922	0.34393	0.00309
V439	0.49399	0.11115	0.0474	0.34609	0.00136
V440	0	0.41548	0.55329	0.02867	0.00255
V441	0	0.52269	0.4372	0.04012	0
V442	0.01123	0.80189	0.12055	0.06633	0
V443	0.85256	0.10856	0	0.01459	0.0243
V444	0.08211	0.43711	0.08083	0.39995	0
V445	0.00135	0.42807	0.08346	0.48713	0
V446	0.02888	0.18289	0.09198	0.63592	0.06033
V447	0	0.17222	0	0.56268	0.2651
V448	0.05704	0.23735	0	0.18767	0.51794
V449	0	0.1775	0.8225	0	0
V450	0.097	0.26854	0.23569	0.22722	0.17155
V451	0.17163	0.28635	0.08136	0.41979	0.04086
V452	0	0.11768	0.14638	0.73594	0
V453	0	0.1485	0	0.56165	0.28985
V454	0	0.2191	0.60044	0.0489	0.13157
V455	0	0.36704	0.27436	0.14008	0.21852
V456	0.8413	0.11405	0	0	0.04465
V457	0.55305	0.26381	0.06062	0.09385	0.02866
V458	0	0.41391	0.51151	0.07458	0
V459	0.0535	0.21028	0.04412	0.57069	0.12142
V460	0.54962	0.16701	0.20142	0.06226	0.01969
V461	0.09026	0.40495	0.26206	0.105	0.13773
V462	0	0.21318	0	0.60397	0.18285
V463	0.12392	0.16858	0.00994	0.69756	0
V464	0.07694	0.32145	0.60162	0	0
V465	0	0.28177	0	0.19224	0.52599
V466	0	0.18264	0	0.26264	0.55472
V467	0	0.32006	0.04124	0.62315	0.01554
V468	0.45327	0.34508	0.15076	0.0288	0.02209
V469	0	0.38665	0.07594	0.37116	0.16625
V470	0.7227	0.14952	0.03248	0.0775	0.01779
V471	0.27554	0.3516	0.05692	0.24002	0.07593
V472	0	0.23063	0	0.19068	0.57869
V473	0	0.30678	0.24453	0.37986	0.06883
V474	0.18514	0.23163	0.07745	0.50578	0
V475	0.05831	0.25679	0.54355	0.04546	0.0959
V476	0.07103	0.16964	0.09692	0.66241	0
V477	0.0031	0.8092	0.12105	0.06665	0
V478	0.06708	0.22932	0	0.17266	0.53094
V479	0.72214	0.1505	0.04125	0.06794	0.01817
V480	0.07555	0.59556	0.13268	0.19621	0
V481	0.14686	0.40733	0.10293	0.28256	0.06031
V482	0.05134	0.63052	0.26941	0.04873	0
V483	0.23118	0.49871	0.05673	0.20137	0.012
V484	0.13829	0.49181	0.17711	0.1928	0
V485	0.5334	0.18206	0.12687	0.14321	0.01446
V486	0	0.28627	0.26271	0.12081	0.33022
V487	0.04171	0.27042	0.39376	0.2941	0
V488	0.29194	0.18917	0	0.4335	0.08539
V489	0	0.32831	0.62236	0.04933	0
V490	0	0.19183	0.65743	0.15074	0
V491	0	0.49857	0.08252	0.215	0.2039
V492	0	0.21099	0.03517	0.75384	0
V493	0	0.07846	0	0.92154	0
V494	0.21637	0.13116	0.00869	0.62296	0.02081
V495	0.20993	0.30873	0.23225	0.23172	0.01737
V496	0.02551	0.28183	0.00565	0.17387	0.51315
V497	0	0.26624	0.11325	0.23796	0.38256
V498	0.02582	0.75806	0.12668	0.08944	0
V499	0	0.35496	0.2511	0.16573	0.22821
V500	0.04022	0.48604	0.16723	0.30376	0.00274
V501	0	0.45157	0.01368	0.16182	0.37293
V502	0.07673	0.69848	0.13531	0.08948	0
V503	0.30603	0.18598	0.1958	0.21336	0.09883
V504	0.35975	0.3089	0.0127	0.12319	0.19547
V505	0.49515	0.15644	0.01126	0.16523	0.17193
V506	0	0.53864	0.10654	0.13342	0.22141
V507	0.72951	0.11123	0.03036	0.09327	0.03563
V508	0	0.59037	0.27581	0.11683	0.01699
V509	0	0.4786	0.18361	0.28419	0.05359
V510	0.31706	0.46719	0.10799	0.10776	0
V511	0	0.40801	0.51484	0.06244	0.0147
V512	0.06763	0.4878	0.21898	0.14323	0.08235
V513	0.10477	0.61134	0.15297	0.13092	0
V514	0	0.21065	0.17498	0.18002	0.43435
V515	0.00134	0.21588	0	0.78278	0
V516	0.08015	0.39086	0.15078	0.3782	0
V517	0	0.11957	0.03809	0.84235	0
V518	0.28427	0.18076	0.31496	0.21439	0.00562
V519	0.67887	0.15056	0.00933	0.15025	0.01099
V520	0.02306	0.73973	0.11638	0.12082	0
V521	0.11187	0.13978	0.12992	0.61842	0
V522	0	0.32191	0.53614	0.14195	0
V523	0.05795	0.25488	0.68716	0	0
V524	0.23039	0.21931	0.53247	0	0.01783
V525	0	0.34545	0.00671	0.1822	0.46564
V526	0	0.23148	0.76852	0	0
V527	0.00803	0.51025	0.45139	0.03032	0
V528	0.06714	0.12065	0.0058	0.80641	0
V529	0.11773	0.22017	0.66211	0	0
V530	0	0.2213	0.7787	0	0
V531	0.09784	0.52869	0.14289	0.12188	0.1087
V532	0	0.38979	0.29658	0.0988	0.21483
V533	0.15728	0.21171	0	0.16661	0.46439
V534	0.04747	0.17132	0	0.7812	0
V535	0.72895	0.1958	0.06322	0	0.01203
V536	0.02801	0.34663	0.37106	0.10309	0.15121
V537	0	0.21565	0	0.19042	0.59394
V538	0.49854	0.22757	0.00325	0.1116	0.15903
V539	0	0.2885	0.59039	0.11118	0.00992
V540	0.08136	0.49971	0.13835	0.15848	0.12211
V541	0	0.47655	0.03919	0.16955	0.31471
V542	0	0.36979	0.14548	0.48474	0
V543	0	0.29468	0.62036	0.04886	0.03611
V544	0.21768	0.3123	0.19142	0.15716	0.12143
V545	0.54933	0.36262	0.05298	0.03491	0.00016
V546	0.01406	0.70146	0.17469	0.09957	0.01022
V547	0.03936	0.68923	0.08842	0.18298	0
V548	0	0.13016	0	0.86984	0
V549	0	0.18343	0	0.31545	0.50112
V550	0	0.7381	0.19378	0.06812	0
V551	0	0.07221	0	0.92779	0
V552	0.10894	0.23534	0	0.2001	0.45562
V553	0.65865	0.12242	0.01493	0.16599	0.038
V554	0.01117	0.23254	0.45411	0.30217	0
V555	0.00126	0.79905	0.1178	0.08189	0
V556	0.00084	0.17806	0.05043	0.77067	0
V557	0.2033	0.30421	0.06619	0.4217	0.0046
V558	0	0.20525	0.68975	0.10501	0
V559	0.02221	0.47859	0.47999	0.0192	0
V560	0.53318	0.29404	0.16956	0.00176	0.00146
V561	0.58582	0.14632	0.13405	0.02771	0.10611
V562	0.02103	0.27565	0.13041	0.22328	0.34962
V563	0.11213	0.36248	0.22317	0.20007	0.10216
V564	0.22631	0.1793	0.05144	0.43238	0.11057
V565	0	0.1939	0	0.22186	0.58423
V566	0.18712	0.25892	0.0339	0.41879	0.10127
V567	0	0.18319	0.81681	0	0
V568	0	0.30639	0.41058	0.28303	0
V569	0.49771	0.20159	0.12064	0.15655	0.02351
V570	0.03989	0.19334	0.27029	0.49069	0.0058
V571	0.1473	0.18279	0.22234	0.39468	0.05289
V572	0.74127	0.124	0	0.01585	0.11888
V573	0	0.23298	0.31822	0.41962	0.02918
V574	0.39808	0.32906	0.1164	0.14886	0.00759
V575	0.23704	0.21972	0.10356	0.17494	0.26474
V576	0	0.76954	0.1112	0.10968	0.00957
V577	0.31733	0.46612	0.09962	0.11694	0
V578	0	0.28034	0.47498	0.24468	0
V579	0	0.50519	0.36441	0.08927	0.04113
V580	0.13656	0.50318	0.07677	0.28348	0
V581	0	0.49298	0.4178	0.08922	0
V582	0	0.1996	0.8004	0	0
V583	0.49453	0.16193	0.34354	0	0
V584	0.13606	0.50294	0.16218	0.12695	0.07187
V585	0	0.6888	0.15366	0.15016	0.00738
V586	0	0.68929	0.25448	0.05624	0
V587	0	0.65594	0.07237	0.14457	0.12712
V588	0.14298	0.4406	0.41035	0.00607	0
V589	0.03046	0.42228	0.09236	0.45491	0
V590	0	0.71749	0.0815	0.12119	0.07982
V591	0.3693	0.46903	0.09889	0.06278	0
V592	0	0.21589	0.67346	0.02993	0.08072
V593	0.29704	0.1266	0	0.56797	0.00839
V594	0	0.26406	0.58701	0.14893	0
V595	0.38511	0.16075	0.07127	0.37043	0.01244
V596	0.32982	0.28167	0.22488	0.15883	0.00479
V597	0	0.32364	0	0.25783	0.41853
V598	0.46191	0.16366	0	0.10192	0.27251
V599	0.00462	0.42688	0.13686	0.43164	0
V600	0.16156	0.18038	0.17494	0.43624	0.04687
V601	0.05767	0.23159	0	0.56906	0.14168
V602	0.74886	0.2205	0.01511	0	0.01553
V603	0.03698	0.32174	0.00763	0.27758	0.35607
V604	0	0.21847	0.62232	0.10955	0.04966
V605	0	0.25713	0.09307	0.21351	0.43629
V606	0.74033	0.11888	0	0.01658	0.12421
V607	0.05792	0.31333	0	0.17599	0.45277
V608	0.62625	0.14395	0.02918	0.11365	0.08697
V609	0.10372	0.35486	0.04258	0.48148	0.01737
V610	0.03351	0.59293	0.07983	0.29373	0
V611	0.16711	0.23541	0.57425	0	0.02323
V612	0.24765	0.23232	0.30166	0.07087	0.1475
V613	0.31958	0.49021	0.10407	0.08615	0
V614	0.40125	0.18982	0.0032	0.18542	0.22031
V615	0	0.1922	0.12682	0.6228	0.05819
V616	0.5293	0.13464	0.15235	0.15771	0.026
V617	0.11741	0.25677	0.43737	0.12124	0.06721
V618	0.60102	0.20068	0.0719	0.03906	0.08734
V619	0.40548	0.20811	0.14587	0.07623	0.1643
V620	0	0.16965	0.32946	0.5009	0
V621	0.03985	0.37303	0.2952	0.09388	0.19803
V622	0	0.33764	0.32578	0.10741	0.22917
V623	0	0.13836	0	0.77573	0.0859
V624	0.80212	0.11473	0	0.00992	0.07323
V625	0	0.14414	0.08947	0.76639	0
V626	0	0.21586	0.50542	0.27872	0
V627	0.00707	0.34955	0.10469	0.16763	0.37106
V628	0.85187	0.12196	0.00215	0	0.02403
V629	0.0364	0.36653	0.59707	0	0
V630	0	0.32927	0	0.19078	0.47995
V631	0	0.2147	0.22227	0.14958	0.41344
V632	0	0.70347	0.08793	0.14275	0.06585
V633	0	0.16617	0.06887	0.60364	0.16132
V634	0.31091	0.4417	0.20431	0.04308	0
V635	0	0.29105	0.15743	0.16233	0.38919
V636	0.09365	0.30292	0.30839	0.24761	0.04744
V637	0.10065	0.21062	0.37866	0.28072	0.02935
V638	0.0042	0.52233	0.05457	0.20355	0.21536
V639	0.42476	0.40514	0.12912	0.03878	0.00221
V640	0.02382	0.33122	0.08225	0.33802	0.22468
V641	0.04584	0.63875	0.10467	0.21074	0
V642	0.62194	0.12978	0.00615	0.24213	0
V643	0.00188	0.74833	0.16935	0.08045	0
V644	0	0.43202	0.06584	0.50214	0
V645	0.10205	0.6482	0.10388	0.14587	0
V646	0.0666	0.50933	0.08951	0.32349	0.01107
V647	0.83743	0.1076	0	0.03314	0.02182
V648	0.31187	0.22143	0.00746	0.37138	0.08786
V649	0.15219	0.2715	0.06471	0.24033	0.27126
V650	0	0.0948	0.04183	0.86337	0
V651	0.06958	0.27257	0.01072	0.64712	0
V652	0.24709	0.12931	0.03129	0.59231	0
V653	0.22865	0.14423	0.04951	0.57761	0
V654	0	0.24983	0	0.22398	0.52618
V655	0.0596	0.20952	0.29165	0.43922	0
V656	0.01011	0.22799	0	0.25232	0.50958
V657	0	0.47851	0.08042	0.41093	0.03014
V658	0	0.1612	0.00802	0.68933	0.14146
V659	0	0.12436	0.06518	0.81046	0
V660	0	0.44817	0.02711	0.18203	0.34269
V661	0	0.60039	0.08459	0.28149	0.03353
V662	0	0.49801	0.04272	0.14615	0.31312
V663	0.8947	0.09919	0	0	0.00611
V664	0	0.16658	0.08718	0.48521	0.26103
V665	0	0.57878	0.27517	0.14605	0
V666	0.04308	0.74757	0.14211	0.06724	0
V667	0	0.51812	0.31646	0.16542	0
V668	0.52335	0.28427	0.0819	0.09508	0.0154
V669	0.34581	0.35289	0.06311	0.17628	0.06191
V670	0.02991	0.6088	0.11151	0.14206	0.10772
V671	0.64551	0.13635	0.19609	0.00585	0.0162
V672	0.0042	0.25487	0.07328	0.40924	0.25842
V673	0	0.19348	0	0.26223	0.5443
V674	0.25607	0.2552	0.48466	0	0.00407
V675	0.55627	0.13336	0.03389	0.19615	0.08034
V676	0.14893	0.2833	0.47659	0.01083	0.08036
V677	0	0.33394	0.23967	0.42639	0
V678	0	0.43158	0.01254	0.17967	0.3762
V679	0	0.15985	0.41291	0.42723	0
V680	0.07074	0.19066	0	0.46137	0.27723
V681	0.38642	0.15711	0.04282	0.36553	0.04812
V682	0	0.1775	0.8225	0	0
V683	0	0.34817	0.59711	0.00408	0.05063
V684	0	0.10756	0	0.89244	0
V685	0	0.21284	0.75215	0.03501	0
V686	0.20378	0.55613	0.14826	0.09183	0
V687	0	0.16318	0.51823	0.31859	0
V688	0	0.18731	0.81269	0	0
V689	0.34771	0.20826	0.19153	0.16791	0.08459
V690	0.05265	0.7372	0.11626	0.09388	0
V691	0.06195	0.22818	0.05365	0.65622	0
V692	0	0.14855	0	0.83651	0.01494
V693	0	0.49429	0.47288	0.03283	0
V694	0.01574	0.28	0.05196	0.64956	0.00273
V695	0.02289	0.32288	0.12778	0.15866	0.36779
V696	0.02602	0.24549	0.68364	0	0.04485
V697	0.01163	0.26585	0.30533	0.38577	0.03141
V698	0	0.22791	0.12728	0.16593	0.47888
V699	0	0.14549	0.02784	0.72773	0.09894
V700	0.00704	0.72101	0.17035	0.09097	0.01063
V701	0	0.32504	0	0.1811	0.49385
V702	0	0.20308	2e-04	0.74376	0.05297
V703	0	0.10176	0.0083	0.88993	0
V704	0	0.26174	0.34655	0.11761	0.2741
V705	0.84098	0.11834	0	0	0.04068
V706	0.06607	0.26405	0.16915	0.48605	0.01468
V707	0.05078	0.28265	0.06458	0.37601	0.22598
V708	0	0.54767	0.43993	0.0124	0
V709	0	0.21216	0	0.19141	0.59643
V710	0.01877	0.27057	0.44007	0.06117	0.20942
V711	0	0.21618	0	0.20302	0.5808
V712	0	0.22274	0.63283	0.14443	0
V713	0.16368	0.44312	0.36765	0.02554	0
V714	0	0.20857	0	0.18881	0.60262
V715	0	0.3556	0.56763	0.07677	0
V716	0.63456	0.23812	0.03413	0.0703	0.02289
V717	0.26795	0.29682	0.12996	0.13072	0.17455
V718	0.55289	0.15197	0.2652	0	0.02994
V719	0.27896	0.32322	0.1284	0.19838	0.07104
V720	0.01828	0.28191	0.05057	0.19441	0.45484
V721	0	0.2218	0	0.20442	0.57378
V722	0	0.301	0.07045	0.55893	0.06963
V723	0.03289	0.29932	0.13314	0.53465	0
V724	0.06705	0.58781	0.11673	0.22841	0
V725	0	0.20266	0	0.19183	0.6055
V726	0.13865	0.50078	0.10652	0.16338	0.09066
V727	0	0.19058	0.80942	0	0
V728	0.65855	0.14115	0.12606	0.05998	0.01426
V729	0.48604	0.19418	0.04063	0.27915	0
V730	0.02411	0.20991	0.3527	0.41328	0
V731	0	0.09956	0.04489	0.85555	0
V732	0	0.07708	0	0.92292	0
V733	0	0.20992	0.79008	0	0
V734	0.37339	0.22871	0.36019	0.03082	0.00689
V735	0	0.33629	0.20237	0.1489	0.31245
V736	0	0.22066	0	0.18969	0.58964
V737	0.88744	0.10583	0	0	0.00674
V738	0	0.50475	0.03712	0.15407	0.30407
V739	0	0.08834	0	0.91166	0
V740	0.10574	0.2884	0.08468	0.16436	0.35681
V741	0.37376	0.14905	0	0.40049	0.07669
V742	0	0.2362	0.48162	0.20392	0.07826
V743	0	0.24609	0.0332	0.26174	0.45896
V744	0.09958	0.19883	0.16822	0.53337	0
V745	0.07974	0.14587	0.03876	0.73563	0
V746	0.27852	0.51491	0.10636	0.08564	0.01457
V747	0	0.21619	0.78381	0	0
V748	0.06205	0.35459	0.27692	0.1493	0.15714
V749	0.09443	0.23473	0.12432	0.49005	0.05648
V750	0.6639	0.23933	0.02841	0.06038	0.00797
V751	0	0.4316	0.56554	0.00286	0
V752	0	0.2985	0	0.18419	0.51731
V753	0.40448	0.20723	0.24672	0.05725	0.0843
V754	0.04816	0.3569	0.03617	0.55878	0
V755	0.17484	0.63334	0.12511	0.06671	0
V756	0	0.27921	0	0.22416	0.49664
V757	0.08614	0.1329	0.09116	0.68981	0
V758	0.00572	0.44118	0.04128	0.51182	0
V759	0	0.27728	0.05349	0.16929	0.49994
V760	0	0.23212	0.18532	0.34633	0.23623
V761	0	0.36598	0.63402	0	0
V762	0	0.1905	0.15014	0.46759	0.19176
V763	0	0.39341	0	0.16668	0.43991
V764	0.03104	0.18354	0.08127	0.70414	0
V765	0.06991	0.25077	0.59331	0.04356	0.04245
V766	0	0.51385	0.28966	0.13093	0.06556
V767	0.18376	0.48054	0.11448	0.14892	0.0723
V768	0.01046	0.72851	0.14737	0.11366	0
V769	0.6356	0.14386	0.18412	0	0.03643
V770	0.19934	0.19542	0.46942	0.13582	0
V771	0.01474	0.6641	0.08545	0.19797	0.03774
V772	0	0.20727	0.79273	0	0
V773	0	0.1806	0	0.31372	0.50568
V774	0.05444	0.24967	0.49223	0.03528	0.16839
V775	0.80428	0.11177	0.01467	0.03696	0.03231
V776	0.25677	0.43473	0.21136	0.08806	0.00909
V777	0.12082	0.41743	0.27935	0.174	0.0084
V778	0.39824	0.18253	0.00786	0.30675	0.10462
V779	0	0.4718	0.51951	0.00869	0
V780	0	0.18241	0.81759	0	0
V781	0.08353	0.41478	0.19536	0.10813	0.1982
V782	0.13322	0.37762	0.01924	0.1603	0.30961
V783	0	0.21235	0.55401	0.06524	0.1684
V784	0	0.56495	0.06427	0.35398	0.0168
V785	0.60315	0.20821	0.00795	0.13906	0.04163
V786	0.0873	0.27218	0.02783	0.61269	0
V787	0.07538	0.55894	0.06376	0.28868	0.01324
V788	0.27745	0.4391	0.11516	0.08832	0.07997
V789	0	0.26191	0	0.5013	0.23679
V790	0.1768	0.33867	0.07365	0.23248	0.1784
V791	0.09059	0.34079	0.07996	0.30148	0.18718
V792	0.84814	0.11897	0.01427	0	0.01862
V793	0.21822	0.35367	0.07447	0.20967	0.14397
V794	0	0.21285	0.06002	0.31162	0.41551
V795	0.07887	0.7225	0.11489	0.08375	0
V796	0.19947	0.42001	0.15525	0.22527	0
V797	0.034	0.22072	0	0.19275	0.55253
V798	0.06067	0.53164	0.0502	0.20897	0.14851
V799	0	0.23313	0.05647	0.7104	0
V800	0	0.20115	0	0.2747	0.52415
V801	0.25446	0.14693	0.12118	0.47743	0
V802	0	0.35046	0	0.18086	0.46868
V803	0.20004	0.14609	0	0.65387	0
V804	0.10377	0.27361	0.20913	0.41348	0
V805	0.05004	0.29519	0.41383	0.20565	0.03528
V806	0.33327	0.19351	0.18387	0.14176	0.14759
V807	0.59454	0.14522	0.05725	0.0869	0.1161
V808	0.72642	0.13409	0.04195	0.00726	0.09028
V809	0.12863	0.57089	0.08792	0.14211	0.07045
V810	0	0.20117	0.01717	0.5567	0.22496
V811	0	0.28171	0	0.26377	0.45453
V812	0	0.5966	0.26101	0.14239	0
V813	0	0.3569	0.20668	0.12433	0.31209
V814	0.12516	0.51417	0.13046	0.23021	0
V815	0.16312	0.59925	0.11231	0.12532	0
V816	0	0.47897	0.05946	0.46157	0
V817	0.68305	0.15053	0.15368	0.00032	0.01242
V818	0	0.3448	0.33309	0.12271	0.1994
V819	0.84339	0.12324	0.01006	0	0.02331
V820	0.00059	0.40197	0.15988	0.43756	0
V821	0	0.18985	0	0.19514	0.615
V822	0.0987	0.13275	0.00095	0.76759	0
V823	0	0.28556	0.19257	0.13717	0.3847
V824	0	0.25203	0	0.18184	0.56613
V825	0.05029	0.2213	0.59628	0.13213	0
V826	0	0.20226	0.79774	0	0
V827	0.23793	0.24421	0.00427	0.46884	0.04476
V828	0.13627	0.30809	0.10182	0.19049	0.26333
V829	0	0.27974	0.28232	0.26017	0.17778
V830	0.04771	0.25299	0.63269	0.01175	0.05486
V831	0	0.64389	0.13298	0.22313	0
V832	0.10818	0.19938	0.04041	0.37018	0.28184
V833	0.1332	0.66937	0.09881	0.09408	0.00455
V834	0.63168	0.21883	0.04876	0.0485	0.05223
V835	0.15386	0.34587	0.12156	0.3525	0.02621
V836	0.25304	0.22819	0.4291	0.08967	0
V837	0	0.72677	0.10911	0.1435	0.02061
V838	0	0.08863	0.06031	0.85106	0
V839	0	0.25307	0.02187	0.17788	0.54719
V840	0.82713	0.12079	0.02383	0	0.02826
V841	0.12889	0.2068	0.66431	0	0
V842	0.38676	0.18193	0.20438	0.22632	0.00061
V843	0.32273	0.18899	0.13396	0.16969	0.18462
V844	0	0.30341	0.69659	0	0
V845	0	0.1256	0	0.70126	0.17314
V846	0.00845	0.27852	0.06212	0.21668	0.43423
V847	0.10386	0.22695	0.01507	0.27731	0.37681
V848	0.61484	0.15462	0	0.13337	0.09717
V849	0.04075	0.27307	0.65226	0	0.03392
V850	0.10141	0.23565	0.26615	0.23805	0.15874
V851	0.88591	0.09805	0	0	0.01604
V852	0.13281	0.24589	0.06255	0.30069	0.25806
V853	0	0.28071	0.5522	0.15112	0.01596
V854	0	0.4225	0.26359	0.16996	0.14395
V855	0.03393	0.42266	0.13199	0.39027	0.02115
V856	0.07402	0.47288	0.08146	0.13167	0.23996
V857	0	0.2131	0.15644	0.49763	0.13284
V858	0	0.39549	0.21118	0.29451	0.09881
V859	0.05046	0.13929	0.00852	0.80173	0
V860	0	0.22758	0.0727	0.69972	0
V861	0.05699	0.15947	0.12508	0.65846	0
V862	0	0.22128	0	0.2572	0.52153
V863	5e-04	0.78716	0.12332	0.08902	0
V864	0	0.21111	0.78889	0	0
V865	0	0.21517	0.58425	0.20058	0
V866	0	0.22321	0.57124	0.20556	0
V867	0.45282	0.18427	0	0.10391	0.259
V868	0.13119	0.32922	0.40954	0.13005	0
V869	0	0.19784	0	0.20023	0.60193
V870	0.16655	0.28537	0.08867	0.34556	0.11386
V871	0	0.25258	0.06332	0.24464	0.43947
V872	0.2706	0.15711	0.01018	0.55593	0.00618
V873	0	0.37428	0.18234	0.44036	0.00301
V874	0	0.26612	0	0.18332	0.55056
V875	0	0.26366	0.02032	0.58151	0.13451
V876	0.34586	0.22871	0.04675	0.1342	0.24448
V877	0.15708	0.56404	0.11508	0.16381	0
V878	0	0.60738	0.11535	0.27727	0
V879	0.81272	0.14045	0.01287	0.00618	0.02777
V880	0	0.24097	0.01049	0.53574	0.2128
V881	0	0.2181	0.4661	0.07159	0.24421
V882	0	0.45569	0.06427	0.48004	0
V883	0.38537	0.26055	0.02654	0.26665	0.0609
V884	0	0.18243	0	0.20206	0.61551
V885	0.06012	0.26918	0.3591	0.1796	0.132
V886	0	0.17377	0	0.36574	0.46049
V887	0.04462	0.75356	0.11028	0.09154	0
V888	0	0.20624	0.0565	0.73727	0
V889	0.06526	0.70225	0.13517	0.09732	0
V890	0	0.14414	0.12828	0.69616	0.03142
V891	0	0.2034	0.7966	0	0
V892	0.48195	0.30457	0.04268	0.07405	0.09675
V893	0.05309	0.3322	0.49782	0.09713	0.01975
V894	0.03502	0.50611	0.10708	0.35179	0
V895	0.5667	0.14709	0.27775	0	0.00846
V896	0.11366	0.30705	0.25326	0.32603	0
V897	0	0.10094	0.01972	0.84337	0.03598
V898	0.27126	0.19733	0	0.176	0.3554
V899	0.46681	0.34593	0.12487	0.03489	0.02751
V900	0.14849	0.32217	0.28982	0.23952	0
V901	0.54858	0.16053	0.00365	0.23345	0.05379
V902	0.73774	0.14986	0.0205	0.04279	0.04911
V903	0.17079	0.19087	0.0782	0.56015	0
V904	0.61975	0.19523	0.16864	0	0.01637
V905	0	0.37055	0.08602	0.42254	0.12089
V906	0.04677	0.26395	0.42658	0.12909	0.13361
V907	0.59448	0.20167	0.07806	0.08794	0.03786
V908	0	0.35703	0.07842	0.56455	0
V909	0	0.18729	0.01183	0.7973	0.00359
V910	0.56069	0.23941	0.02751	0.1137	0.05869
V911	0	0.37343	0.50649	0.04051	0.07957
V912	0	0.23664	0.11501	0.21016	0.43819
V913	0.06058	0.15798	0.06512	0.71632	0
V914	0.64896	0.14124	0.01123	0.15561	0.04295
V915	0.09874	0.35065	0.04206	0.1597	0.34885
V916	0.66453	0.1525	0.11413	0.00495	0.06388
V917	0.32715	0.20484	0	0.15581	0.31221
V918	0.46004	0.24682	0.23612	0.0403	0.01672
V919	0.30654	0.24823	0.02605	0.3701	0.04909
V920	0.09472	0.14416	0.11233	0.64879	0
V921	0.09549	0.35024	0.11247	0.1375	0.3043
V922	0	0.23511	0.62288	0.01118	0.13083
V923	0.07462	0.50925	0.06145	0.17851	0.17618
V924	0.39005	0.20429	0.00185	0.34404	0.05977
V925	0.05153	0.28261	0.45659	0.18879	0.02048
V926	0	0.21075	0	0.19728	0.59197
V927	0.40715	0.30629	0.14679	0.13524	0.00453
V928	0.034	0.37085	0.23459	0.26334	0.09722
V929	0	0.40954	0	0.16356	0.4269
V930	0	0.25334	0.00794	0.17964	0.55908
V931	0.36341	0.26093	0.01171	0.16727	0.19667
V932	0	0.26267	0.03063	0.43389	0.27281
V933	0.19096	0.17784	0.02984	0.39223	0.20913
V934	0.55604	0.18033	0.26363	0	0
V935	0.44822	0.22901	0.13503	0.10938	0.07836
V936	0.19862	0.18963	0.12089	0.49085	0
V937	0.07536	0.62627	0.18081	0.11756	0
V938	0.03548	0.76279	0.12965	0.07208	0
V939	0	0.15441	0	0.44688	0.39871
V940	0.43263	0.21622	0.08346	0.1279	0.13979
V941	0	0.23058	0.1191	0.53851	0.1118
V942	0.66438	0.2645	0.03393	0.02815	0.00903
V943	0	0.30321	0.01672	0.18013	0.49994
V944	0.22389	0.15869	0.11658	0.50085	0
V945	0	0.37397	0.5682	0.04886	0.00897
V946	0	0.49195	0.50805	0	0
V947	0.27091	0.20285	0.00491	0.25622	0.26511
V948	0.02121	0.63371	0.11813	0.21494	0.01201
V949	0.77701	0.1756	0.0372	0	0.01019
V950	0	0.12876	0.00785	0.86339	0
V951	0.20869	0.14719	0	0.59132	0.0528
V952	0.05228	0.16913	0.03525	0.70397	0.03937
V953	0.35647	0.18461	0.00993	0.44131	0.00767
V954	0.15973	0.50975	0.12244	0.16242	0.04566
V955	0	0.19711	0.50278	0.30011	0
V956	0	0.44858	0.14417	0.40725	0
V957	0.0516	0.65916	0.14653	0.14271	0
V958	0.00423	0.74263	0.10686	0.14628	0
V959	0	0.23662	0.74677	0.01661	0
V960	0.38026	0.20053	0.14864	0.17174	0.09883
V961	0.00485	0.7641	0.11031	0.11068	0.01007
V962	0.09267	0.28522	0	0.21258	0.40954
V963	0	0.15747	0.38614	0.45638	0
V964	0	0.19058	0.80942	0	0
V965	0	0.14527	0.40131	0.45342	0
V966	0	0.20887	0.44022	0.14271	0.2082
V967	0.26358	0.49071	0.0575	0.10413	0.08408
V968	0.00968	0.78749	0.11633	0.0865	0
V969	0.04532	0.49945	0.19109	0.2193	0.04484
V970	0.07864	0.44173	0.47471	0.00492	0
V971	0.60182	0.17419	0.1847	0.02061	0.01868
V972	0.03401	0.73504	0.10033	0.13062	0
V973	0	0.20455	0.5017	0.26189	0.03187
V974	0	0.62737	0.17855	0.19408	0
V975	0.00241	0.80424	0.11143	0.08192	0
V976	0	0.1879	0	0.24157	0.57053
V977	0	0.28589	0.13044	0.25716	0.32651
V978	0.24798	0.26632	0.21767	0.20331	0.06472
V979	0.81112	0.17109	0.00415	0	0.01365
V980	0.20619	0.25558	0.11821	0.2343	0.18572
V981	0	0.27926	0.00844	0.19028	0.52202
V982	0.27574	0.42916	0.17123	0.09145	0.03242
V983	0.5381	0.28103	0.02446	0.06273	0.09368
V984	0.0715	0.18039	0.10749	0.62792	0.0127
V985	0	0.16069	0.08205	0.75726	0
V986	0.38671	0.24588	0.36135	0	0.00606
V987	0	0.32702	0.63943	0.03355	0
V988	0	0.2292	0.47777	0.29302	0
V989	0	0.22093	0	0.19526	0.58381
V990	0.02978	0.46302	0.01532	0.24714	0.24474
V991	0	0.2927	0.06619	0.1786	0.46252
V992	0.77076	0.1931	0.01513	0	0.02102
V993	0	0.20435	0.50661	0.18825	0.10078
V994	0	0.7787	0.12105	0.10025	0
V995	0	0.26463	0.53873	0.13734	0.05931
V996	0	0.13871	0.05838	0.65597	0.14694
V997	0.12415	0.27831	0.13371	0.14418	0.31964
V998	0	0.12767	0	0.87233	0
V999	0.02843	0.18775	0.10112	0.60754	0.07517
V1000	0	0.17624	0.82376	0	0
