mature.neutrophil	CD14.pos.CD16.neg.classical.monocyte	macrophage	memory.CD4.pos.AB.T.cell	cytotoxic.CD56.dim.NK.cell
V1	0.29047	0.17275	0.27323	0.14768	0.11586
V2	0.08604	0.64461	0.11457	0.10207	0.05271
V3	0.06599	0.11792	0.42194	0.37141	0.02274
V4	0.02184	0.091	0.26972	0.04822	0.56922
V5	0.02658	0.05492	0.10202	0.08431	0.73217
V6	0.28857	0.11244	0.28447	0.22052	0.09399
V7	0.01871	0.1301	0.42616	0.07168	0.35336
V8	0.02076	0.17241	0.71198	0.08123	0.01362
V9	0.06038	0.08232	0.27746	0.56023	0.0196
V10	0.37138	0.14458	0.42242	0.03193	0.02969
V11	0.04441	0.07584	0.14524	0.05454	0.67997
V12	0.08293	0.08637	0.24734	0.27804	0.30531
V13	0.13365	0.08027	0.07288	0.40319	0.31002
V14	0.15481	0.05472	0.10491	0.5994	0.08616
V15	0.03383	0.04538	0.03071	0.85359	0.03649
V16	0.49822	0.11193	0.0449	0.32509	0.01986
V17	0.08078	0.21929	0.05639	0.06221	0.58133
V18	0.09713	0.35206	0.30015	0.22956	0.0211
V19	0.04062	0.05172	0.03759	0.09946	0.77061
V20	0.01311	0.14573	0.62242	0.19788	0.02086
V21	0.03457	0.23875	0.17931	0.16626	0.38112
V22	0.68222	0.1405	0.09805	0.04498	0.03425
V23	0.0867	0.06093	0.06018	0.12189	0.6703
V24	0.42524	0.14552	0.05562	0.06829	0.30533
V25	0.03443	0.05827	0.0495	0.4079	0.4499
V26	0.43667	0.20476	0.09837	0.07016	0.19004
V27	0.13845	0.41334	0.23959	0.03847	0.17016
V28	0.03865	0.1156	0.23105	0.57446	0.04024
V29	0.01556	0.08621	0.33871	0.53358	0.02593
V30	0.63365	0.14665	0.06103	0.06328	0.09539
V31	0.39389	0.15505	0.04706	0.24296	0.16104
V32	0.76653	0.08585	0.04141	0.05218	0.05402
V33	0.03703	0.18276	0.05636	0.11415	0.6097
V34	0.16495	0.70225	0.06134	0.05645	0.015
V35	0.11316	0.49076	0.31841	0.06496	0.01272
V36	0.03939	0.18675	0.21355	0.09152	0.4688
V37	0.64523	0.07794	0.03111	0.04923	0.1965
V38	0.11149	0.13269	0.45077	0.1847	0.12035
V39	0.28134	0.12809	0.3329	0.03647	0.22119
V40	0.2523	0.4922	0.06367	0.14788	0.04395
V41	0.08579	0.70983	0.06989	0.04674	0.08776
V42	0.71927	0.10879	0.05375	0.05394	0.06426
V43	0.39645	0.18555	0.34085	0.05738	0.01976
V44	0.0449	0.2908	0.53927	0.02994	0.09509
V45	0.06255	0.54327	0.15733	0.1848	0.05205
V46	0.14843	0.61606	0.13241	0.07468	0.02842
V47	0.01349	0.17964	0.76127	0.0266	0.01899
V48	0.15917	0.16128	0.24833	0.31451	0.1167
V49	0.3958	0.1813	0.24455	0.157	0.02135
V50	0.0297	0.18634	0.74446	0.02631	0.01319
V51	0.1112	0.25135	0.23952	0.07678	0.32116
V52	0.09484	0.7662	0.06608	0.05789	0.01499
V53	0.04124	0.1484	0.04237	0.74319	0.0248
V54	0.20943	0.04719	0.044	0.5282	0.17118
V55	0.08149	0.03504	0.0293	0.82623	0.02795
V56	0.07916	0.03032	0.03689	0.73824	0.11538
V57	0.13901	0.20036	0.51348	0.04808	0.09908
V58	0.07678	0.06125	0.17563	0.18946	0.49687
V59	0.69473	0.10915	0.1169	0.05594	0.02328
V60	0.38514	0.20759	0.15854	0.14578	0.10295
V61	0.19406	0.05868	0.06363	0.21708	0.46656
V62	0.06359	0.1069	0.32165	0.12722	0.38063
V63	0.3775	0.23811	0.10182	0.06441	0.21815
V64	0.76719	0.09859	0.05643	0.05174	0.02605
V65	0.09332	0.09624	0.07372	0.60014	0.13658
V66	0.03641	0.05848	0.16434	0.71058	0.0302
V67	0.01914	0.10558	0.3568	0.09124	0.42726
V68	0.37184	0.12327	0.37139	0.06212	0.07139
V69	0.49359	0.17032	0.21902	0.05534	0.06173
V70	0.08985	0.57318	0.09943	0.20737	0.03017
V71	0.12966	0.63449	0.10387	0.11046	0.02152
V72	0.05901	0.33599	0.07045	0.05172	0.48283
V73	0.06572	0.0553	0.13602	0.54484	0.19813
V74	0.02482	0.07225	0.03966	0.77631	0.08696
V75	0.39778	0.21574	0.31441	0.04669	0.02539
V76	0.0218	0.03514	0.04843	0.82183	0.07282
V77	0.02798	0.17243	0.72997	0.05622	0.0134
V78	0.01378	0.1822	0.75273	0.03239	0.0189
V79	0.09766	0.33572	0.0858	0.16165	0.31918
V80	0.16074	0.59959	0.05137	0.09538	0.09292
V81	0.02119	0.17981	0.75914	0.02646	0.0134
V82	0.2305	0.15529	0.06488	0.52218	0.02714
V83	0.10485	0.09403	0.05579	0.53416	0.21117
V84	0.10713	0.16068	0.0453	0.06348	0.62342
V85	0.01356	0.17957	0.76055	0.03277	0.01356
V86	0.03766	0.24037	0.33119	0.36786	0.02292
V87	0.40418	0.07143	0.07461	0.41733	0.03245
V88	0.2961	0.16861	0.09107	0.20591	0.23832
V89	0.0485	0.20686	0.67476	0.05679	0.01309
V90	0.03414	0.17518	0.10215	0.11	0.57853
V91	0.01976	0.04719	0.1118	0.79514	0.0261
V92	0.23499	0.0823	0.06508	0.06731	0.55033
V93	0.0222	0.11639	0.19794	0.49059	0.17289
V94	0.05269	0.16017	0.06192	0.2489	0.47632
V95	0.07831	0.20618	0.06406	0.11779	0.53366
V96	0.66285	0.0898	0.05845	0.06421	0.1247
V97	0.16425	0.0747	0.08333	0.12096	0.55676
V98	0.06889	0.3227	0.22979	0.14184	0.23679
V99	0.46479	0.1471	0.03884	0.23652	0.11276
V100	0.47862	0.17715	0.08771	0.08364	0.17288
V101	0.10373	0.74959	0.07515	0.05689	0.01464
V102	0.29349	0.23017	0.17389	0.12743	0.17502
V103	0.13791	0.04397	0.04308	0.06035	0.7147
V104	0.06621	0.3466	0.13664	0.05396	0.39659
V105	0.02763	0.05811	0.08355	0.09368	0.73703
V106	0.07962	0.60905	0.22185	0.04716	0.04233
V107	0.05609	0.25655	0.60303	0.06577	0.01856
V108	0.02968	0.24598	0.68413	0.02728	0.01293
V109	0.07336	0.19642	0.09881	0.2856	0.34581
V110	0.18676	0.40816	0.23523	0.14265	0.02721
V111	0.24808	0.24964	0.45178	0.03711	0.01339
V112	0.17384	0.0581	0.1407	0.44321	0.18415
V113	0.22703	0.06989	0.1416	0.15811	0.40337
V114	0.49732	0.12088	0.08372	0.18953	0.10855
V115	0.72462	0.08158	0.03901	0.05555	0.09924
V116	0.03145	0.04722	0.03976	0.06895	0.81261
V117	0.05123	0.16404	0.6682	0.08652	0.02999
V118	0.05213	0.03332	0.02977	0.8414	0.04337
V119	0.27161	0.1214	0.36952	0.22197	0.0155
V120	0.02015	0.15812	0.6783	0.10717	0.03626
V121	0.23463	0.58478	0.05176	0.05355	0.07527
V122	0.05223	0.32522	0.13451	0.25787	0.23018
V123	0.4318	0.09956	0.10842	0.1993	0.16091
V124	0.21068	0.13159	0.10088	0.22866	0.3282
V125	0.05655	0.38242	0.50508	0.03728	0.01867
V126	0.15424	0.1981	0.25237	0.1271	0.26819
V127	0.22229	0.14418	0.54612	0.06855	0.01887
V128	0.24695	0.61329	0.06422	0.04603	0.02951
V129	0.23678	0.11575	0.28242	0.17202	0.19302
V130	0.05179	0.4146	0.09012	0.2631	0.18038
V131	0.02548	0.07527	0.25285	0.62533	0.02107
V132	0.33361	0.06463	0.02867	0.33836	0.23473
V133	0.01714	0.15236	0.52175	0.09172	0.21702
V134	0.068	0.1663	0.65166	0.0442	0.06984
V135	0.03285	0.19885	0.63157	0.04598	0.09074
V136	0.78596	0.08898	0.04341	0.05447	0.02718
V137	0.74023	0.10273	0.04058	0.07415	0.04231
V138	0.24185	0.15792	0.11917	0.15084	0.33022
V139	0.11984	0.06234	0.18549	0.60495	0.02738
V140	0.04076	0.06652	0.19781	0.05178	0.64312
V141	0.03149	0.25348	0.58863	0.10711	0.0193
V142	0.19013	0.09923	0.33454	0.13273	0.24338
V143	0.03193	0.22675	0.47503	0.14408	0.12222
V144	0.45373	0.21197	0.10599	0.14691	0.0814
V145	0.0135	0.18002	0.74379	0.03833	0.02437
V146	0.05298	0.28486	0.04726	0.34256	0.27234
V147	0.08859	0.17642	0.58955	0.10919	0.03624
V148	0.19668	0.63074	0.06449	0.07844	0.02966
V149	0.02328	0.03229	0.03098	0.84661	0.06685
V150	0.13291	0.23746	0.53423	0.02926	0.06615
V151	0.39357	0.0648	0.04323	0.3898	0.1086
V152	0.02702	0.04814	0.1463	0.69681	0.08174
V153	0.15747	0.21908	0.44311	0.07014	0.1102
V154	0.14602	0.48612	0.07361	0.06909	0.22517
V155	0.0456	0.0589	0.16348	0.70221	0.02981
V156	0.09659	0.12241	0.39616	0.14737	0.23747
V157	0.09693	0.09773	0.20295	0.26719	0.33521
V158	0.17316	0.1156	0.42413	0.06501	0.2221
V159	0.12536	0.19038	0.05047	0.58388	0.04991
V160	0.41117	0.17787	0.13079	0.0756	0.20457
V161	0.21086	0.07501	0.09975	0.05158	0.56279
V162	0.01419	0.18472	0.76078	0.0268	0.01352
V163	0.06847	0.0484	0.05389	0.08586	0.74339
V164	0.75613	0.11596	0.04986	0.05751	0.02054
V165	0.52948	0.21285	0.11928	0.08624	0.05216
V166	0.06042	0.07377	0.26163	0.52207	0.08211
V167	0.06432	0.52827	0.06719	0.17583	0.16439
V168	0.01419	0.18472	0.76078	0.0268	0.01352
V169	0.08209	0.546	0.22551	0.11891	0.02748
V170	0.25196	0.31938	0.09943	0.21741	0.11181
V171	0.26466	0.15358	0.35459	0.17592	0.05125
V172	0.18794	0.2103	0.11556	0.06196	0.42424
V173	0.20534	0.12781	0.12649	0.38688	0.15348
V174	0.18884	0.10198	0.35159	0.19026	0.16732
V175	0.0871	0.15851	0.16273	0.18974	0.40192
V176	0.34061	0.05919	0.03604	0.5418	0.02235
V177	0.16675	0.14632	0.50191	0.16501	0.02001
V178	0.23588	0.14167	0.42602	0.12167	0.07476
V179	0.10974	0.05531	0.04397	0.06115	0.72983
V180	0.03633	0.10847	0.36204	0.04167	0.45149
V181	0.08318	0.23886	0.03886	0.09507	0.54403
V182	0.51013	0.21199	0.04163	0.1869	0.04935
V183	0.11505	0.74913	0.06441	0.04853	0.02287
V184	0.27275	0.10166	0.29838	0.29271	0.0345
V185	0.12633	0.39578	0.06905	0.1791	0.22974
V186	0.14511	0.17196	0.06832	0.2646	0.35001
V187	0.11172	0.54999	0.04944	0.26481	0.02404
V188	0.68652	0.1028	0.06638	0.11993	0.02437
V189	0.41843	0.21651	0.07396	0.2669	0.0242
V190	0.35943	0.13319	0.23688	0.05153	0.21897
V191	0.22072	0.19583	0.04139	0.42525	0.11682
V192	0.29953	0.19399	0.1623	0.2216	0.12258
V193	0.07529	0.23825	0.49918	0.06304	0.12424
V194	0.25266	0.09987	0.12492	0.12772	0.39483
V195	0.47703	0.20175	0.25212	0.04865	0.02045
V196	0.02624	0.04865	0.10212	0.08472	0.73827
V197	0.11095	0.72228	0.06148	0.08258	0.02271
V198	0.23231	0.20614	0.07668	0.22137	0.26349
V199	0.60717	0.11337	0.22411	0.03901	0.01634
V200	0.64213	0.07859	0.06485	0.06363	0.1508
V201	0.04912	0.03231	0.05495	0.68532	0.17831
V202	0.75965	0.11883	0.03635	0.05875	0.02643
V203	0.48803	0.23101	0.06599	0.09178	0.12319
V204	0.32485	0.11392	0.07263	0.04963	0.43897
V205	0.11979	0.08601	0.15665	0.10114	0.53641
V206	0.05684	0.09869	0.03102	0.75833	0.05512
V207	0.03383	0.04538	0.03071	0.85359	0.03649
V208	0.1489	0.23997	0.45952	0.06944	0.08218
V209	0.1589	0.07835	0.13642	0.07119	0.55513
V210	0.01337	0.1784	0.7569	0.03244	0.01889
V211	0.15283	0.09631	0.23417	0.06508	0.45161
V212	0.0924	0.6158	0.14209	0.08242	0.06729
V213	0.10942	0.04799	0.10066	0.26162	0.4803
V214	0.04646	0.4447	0.42986	0.04688	0.0321
V215	0.24324	0.21579	0.1754	0.10682	0.25875
V216	0.06375	0.11857	0.34603	0.06725	0.40439
V217	0.02088	0.03046	0.05698	0.79696	0.09472
V218	0.0815	0.20121	0.31075	0.32036	0.08617
V219	0.12909	0.26001	0.39289	0.1976	0.02041
V220	0.22782	0.58168	0.1189	0.05055	0.02105
V221	0.05156	0.15305	0.4787	0.04031	0.27638
V222	0.04011	0.04783	0.04753	0.07419	0.79035
V223	0.42113	0.11383	0.30418	0.13447	0.02639
V224	0.06756	0.45201	0.07319	0.1217	0.28555
V225	0.59478	0.18897	0.15353	0.04099	0.02173
V226	0.46761	0.41581	0.04602	0.04721	0.02336
V227	0.10815	0.21811	0.04319	0.58022	0.05033
V228	0.46922	0.12184	0.26959	0.0962	0.04316
V229	0.25733	0.33379	0.29427	0.07578	0.03883
V230	0.03991	0.04142	0.04772	0.0749	0.79606
V231	0.09038	0.49047	0.11327	0.21281	0.09307
V232	0.63351	0.10972	0.19437	0.04562	0.01678
V233	0.06927	0.0824	0.18666	0.11743	0.54425
V234	0.03749	0.31751	0.25718	0.35061	0.0372
V235	0.77862	0.09102	0.03612	0.07237	0.02187
V236	0.07808	0.14076	0.55856	0.17288	0.04972
V237	0.12386	0.13355	0.28488	0.29501	0.16271
V238	0.02577	0.04046	0.04298	0.29964	0.59115
V239	0.08645	0.33714	0.09535	0.20543	0.27563
V240	0.10581	0.69208	0.06834	0.06323	0.07055
V241	0.09469	0.76736	0.0659	0.04899	0.02306
V242	0.05103	0.28596	0.32752	0.27178	0.06371
V243	0.39048	0.11428	0.31775	0.05866	0.11883
V244	0.05102	0.3453	0.24152	0.10941	0.25275
V245	0.08843	0.73122	0.09356	0.07259	0.01421
V246	0.55005	0.24108	0.06643	0.05032	0.09213
V247	0.16771	0.18794	0.53785	0.07075	0.03575
V248	0.12592	0.49378	0.07462	0.05376	0.25191
V249	0.23446	0.12568	0.23098	0.11797	0.29091
V250	0.03097	0.15393	0.57954	0.05511	0.18045
V251	0.2046	0.07367	0.12173	0.53863	0.06138
V252	0.03565	0.18933	0.51608	0.14687	0.11207
V253	0.30819	0.4457	0.13341	0.08493	0.02778
V254	0.49569	0.311	0.03939	0.12398	0.02993
V255	0.68788	0.12853	0.03327	0.06706	0.08326
V256	0.07459	0.62811	0.07311	0.05382	0.17036
V257	0.4033	0.26755	0.17762	0.07219	0.07934
V258	0.17219	0.26481	0.08939	0.44791	0.0257
V259	0.46513	0.25337	0.20454	0.04448	0.03248
V260	0.2489	0.09043	0.14178	0.11142	0.40747
V261	0.0311	0.12754	0.47899	0.25467	0.1077
V262	0.72916	0.10455	0.08236	0.05939	0.02454
V263	0.66349	0.12917	0.04648	0.1418	0.01906
V264	0.1096	0.71376	0.07118	0.09084	0.01462
V265	0.66978	0.14068	0.10465	0.06179	0.0231
V266	0.03441	0.05369	0.12808	0.07307	0.71075
V267	0.0667	0.04389	0.04258	0.18417	0.66265
V268	0.20602	0.34968	0.18531	0.20232	0.05667
V269	0.09659	0.29237	0.37477	0.19618	0.04009
V270	0.05931	0.04015	0.06445	0.8095	0.02659
V271	0.26254	0.56466	0.06016	0.06869	0.04394
V272	0.14494	0.65562	0.08557	0.06099	0.05288
V273	0.26139	0.08832	0.19931	0.30627	0.14471
V274	0.10494	0.07541	0.0758	0.21564	0.52821
V275	0.07273	0.55459	0.21691	0.12804	0.02772
V276	0.02108	0.1465	0.59965	0.20038	0.03239
V277	0.28934	0.13966	0.50098	0.03526	0.03476
V278	0.01752	0.11252	0.34812	0.4055	0.11633
V279	0.148	0.04234	0.04446	0.69793	0.06727
V280	0.18923	0.06236	0.06964	0.57687	0.10189
V281	0.04249	0.19077	0.07988	0.6576	0.02926
V282	0.10499	0.758	0.06519	0.04879	0.02303
V283	0.33015	0.07866	0.1451	0.06504	0.38106
V284	0.0373	0.19377	0.50626	0.03275	0.22992
V285	0.49709	0.36227	0.04264	0.07456	0.02345
V286	0.07488	0.17304	0.67825	0.05542	0.01841
V287	0.22799	0.11711	0.19569	0.2806	0.17861
V288	0.17056	0.1449	0.54176	0.03488	0.10789
V289	0.16506	0.19304	0.05894	0.55558	0.02738
V290	0.40602	0.362	0.17665	0.04038	0.01496
V291	0.38164	0.18927	0.04086	0.36251	0.02573
V292	0.11474	0.12482	0.40011	0.06183	0.29851
V293	0.01777	0.2126	0.68133	0.06386	0.02444
V294	0.03053	0.04834	0.04892	0.06743	0.80479
V295	0.02528	0.10436	0.33629	0.45428	0.07979
V296	0.71407	0.14658	0.03536	0.06193	0.04207
V297	0.02838	0.15769	0.65033	0.12123	0.04237
V298	0.27853	0.05	0.0356	0.52154	0.11433
V299	0.25336	0.0434	0.04366	0.6361	0.02348
V300	0.78704	0.09255	0.03698	0.0613	0.02213
V301	0.76915	0.0861	0.0417	0.07645	0.0266
V302	0.0244	0.03802	0.04128	0.4186	0.4777
V303	0.11426	0.18819	0.2454	0.18645	0.2657
V304	0.15647	0.16984	0.612	0.03278	0.02891
V305	0.21479	0.27305	0.13547	0.13463	0.24205
V306	0.35293	0.50684	0.04909	0.0615	0.02964
V307	0.20895	0.09288	0.27699	0.40341	0.01777
V308	0.19174	0.14871	0.55325	0.08735	0.01895
V309	0.55186	0.11825	0.08215	0.14274	0.105
V310	0.04881	0.05755	0.04452	0.13659	0.71253
V311	0.02962	0.03418	0.07488	0.82669	0.03463
V312	0.09807	0.24143	0.28479	0.04013	0.33558
V313	0.08052	0.2486	0.05436	0.33775	0.27876
V314	0.093	0.0468	0.03885	0.38455	0.43679
V315	0.76902	0.08762	0.04856	0.05203	0.04278
V316	0.1277	0.44294	0.29663	0.06429	0.06844
V317	0.31175	0.17257	0.44933	0.03662	0.02972
V318	0.74366	0.08384	0.03997	0.05062	0.08192
V319	0.09309	0.18735	0.66859	0.03803	0.01294
V320	0.08967	0.03076	0.03726	0.80813	0.03417
V321	0.13795	0.29418	0.32819	0.20589	0.0338
V322	0.02621	0.27222	0.54254	0.0695	0.08954
V323	0.22198	0.23554	0.41762	0.05035	0.07451
V324	0.05117	0.06669	0.07415	0.77567	0.03232
V325	0.53303	0.14654	0.11468	0.14038	0.06537
V326	0.06337	0.05892	0.09614	0.15944	0.62214
V327	0.32775	0.3875	0.15543	0.06094	0.06838
V328	0.06206	0.25083	0.20406	0.45153	0.03153
V329	0.01738	0.12519	0.38503	0.44829	0.02412
V330	0.07484	0.17397	0.67948	0.02601	0.04571
V331	0.14025	0.07504	0.12827	0.11814	0.5383
V332	0.37014	0.15168	0.40491	0.03777	0.0355
V333	0.33912	0.1193	0.30278	0.16192	0.07688
V334	0.05284	0.28256	0.5244	0.09644	0.04376
V335	0.59511	0.12088	0.11117	0.07232	0.10052
V336	0.17662	0.45191	0.31004	0.03573	0.0257
V337	0.02694	0.04458	0.0539	0.18794	0.68664
V338	0.57822	0.10967	0.1703	0.05658	0.08523
V339	0.21879	0.4275	0.23413	0.03739	0.0822
V340	0.05036	0.17095	0.15682	0.08815	0.53372
V341	0.04118	0.40217	0.45968	0.03857	0.0584
V342	0.24934	0.19886	0.41611	0.12149	0.01419
V343	0.53954	0.11896	0.27859	0.04736	0.01555
V344	0.13672	0.6038	0.10058	0.0673	0.0916
V345	0.21837	0.0793	0.03822	0.29386	0.37025
V346	0.04971	0.27981	0.34352	0.28477	0.04219
V347	0.10532	0.41221	0.06978	0.35758	0.05511
V348	0.02937	0.18829	0.43984	0.22439	0.11811
V349	0.07224	0.29353	0.50881	0.04316	0.08226
V350	0.12661	0.34117	0.13222	0.25934	0.14066
V351	0.15667	0.12683	0.40779	0.2812	0.02751
V352	0.12183	0.43193	0.38743	0.04011	0.0187
V353	0.26017	0.27852	0.0803	0.0827	0.29831
V354	0.44284	0.13561	0.37335	0.03364	0.01456
V355	0.08635	0.10223	0.3375	0.45001	0.02391
V356	0.08303	0.17126	0.66765	0.04339	0.03468
V357	0.05023	0.14239	0.48597	0.05295	0.26846
V358	0.04143	0.05812	0.06564	0.80137	0.03345
V359	0.06702	0.10772	0.04002	0.76014	0.0251
V360	0.57925	0.11521	0.11817	0.16973	0.01764
V361	0.33924	0.38499	0.13749	0.04105	0.09723
V362	0.65832	0.09727	0.12298	0.04257	0.07885
V363	0.04827	0.06251	0.04369	0.17701	0.66852
V364	0.05784	0.23981	0.06309	0.45669	0.18256
V365	0.02261	0.03378	0.0399	0.85193	0.05179
V366	0.1754	0.15634	0.51808	0.07793	0.07226
V367	0.21684	0.2188	0.23974	0.17928	0.14536
V368	0.60911	0.14462	0.14971	0.05242	0.04414
V369	0.06581	0.51	0.297	0.11412	0.01307
V370	0.03684	0.16127	0.16395	0.35924	0.27869
V371	0.09924	0.726	0.1147	0.0461	0.01396
V372	0.532	0.1333	0.16698	0.13458	0.03314
V373	0.14152	0.51293	0.19075	0.13418	0.02063
V374	0.09663	0.12774	0.37261	0.38623	0.01679
V375	0.24242	0.14375	0.51141	0.08839	0.01403
V376	0.02576	0.10578	0.41105	0.04618	0.41123
V377	0.10543	0.40432	0.25902	0.21013	0.0211
V378	0.15195	0.44002	0.23113	0.03839	0.13851
V379	0.04193	0.06286	0.15248	0.10763	0.6351
V380	0.02955	0.09863	0.20586	0.46939	0.19657
V381	0.15999	0.08178	0.04246	0.0573	0.65848
V382	0.38533	0.05224	0.03575	0.29839	0.22829
V383	0.0424	0.08294	0.28706	0.56786	0.01974
V384	0.26142	0.10402	0.19057	0.38662	0.05737
V385	0.10359	0.11321	0.04464	0.05783	0.68073
V386	0.56027	0.07488	0.03637	0.30795	0.02053
V387	0.2577	0.05999	0.03611	0.60317	0.04304
V388	0.09125	0.67576	0.09754	0.11361	0.02183
V389	0.16215	0.61995	0.07236	0.07722	0.06833
V390	0.17879	0.0431	0.03584	0.63844	0.10383
V391	0.61979	0.16878	0.03341	0.11155	0.06648
V392	0.77029	0.1061	0.04328	0.05911	0.02122
V393	0.10439	0.07937	0.18108	0.48919	0.14598
V394	0.59876	0.08223	0.05746	0.17639	0.08517
V395	0.01561	0.09897	0.37285	0.48757	0.025
V396	0.42957	0.14061	0.37708	0.03336	0.01938
V397	0.57764	0.16278	0.06909	0.14319	0.04729
V398	0.07178	0.06182	0.19804	0.58405	0.08431
V399	0.05685	0.05862	0.03299	0.28798	0.56356
V400	0.17975	0.41956	0.20882	0.17759	0.01429
V401	0.25338	0.14393	0.53177	0.05724	0.01368
V402	0.30361	0.13658	0.40596	0.08728	0.06656
V403	0.1616	0.09759	0.03282	0.16646	0.54153
V404	0.01667	0.1398	0.46208	0.33343	0.04803
V405	0.32936	0.23259	0.11066	0.23396	0.09343
V406	0.02935	0.18376	0.73692	0.02589	0.02408
V407	0.7178	0.11107	0.0681	0.08383	0.01921
V408	0.05536	0.31019	0.0484	0.28618	0.29988
V409	0.11592	0.05062	0.09733	0.63315	0.10297
V410	0.12559	0.17695	0.33882	0.07127	0.28737
V411	0.03117	0.04679	0.03939	0.07718	0.80547
V412	0.03948	0.15911	0.17542	0.06453	0.56145
V413	0.04143	0.23173	0.19647	0.36414	0.16623
V414	0.05728	0.09548	0.03178	0.47185	0.3436
V415	0.17565	0.04551	0.04183	0.05875	0.67827
V416	0.12001	0.10684	0.05905	0.17465	0.53944
V417	0.02094	0.15574	0.64654	0.12224	0.05455
V418	0.51595	0.32031	0.06375	0.05834	0.04165
V419	0.24504	0.06706	0.05505	0.1508	0.48206
V420	0.2247	0.06472	0.14108	0.08334	0.48617
V421	0.02357	0.06668	0.17268	0.08418	0.65289
V422	0.02993	0.04867	0.08328	0.68424	0.15388
V423	0.26106	0.20605	0.30157	0.19786	0.03346
V424	0.01708	0.12326	0.47661	0.03675	0.34629
V425	0.34578	0.31158	0.03865	0.05459	0.24941
V426	0.23588	0.16999	0.05705	0.45248	0.08459
V427	0.22937	0.49779	0.21374	0.03912	0.01997
V428	0.1245	0.52033	0.13366	0.13088	0.09063
V429	0.16457	0.6303	0.05396	0.11332	0.03785
V430	0.04164	0.11545	0.4069	0.18034	0.25566
V431	0.12612	0.31443	0.24242	0.25997	0.05705
V432	0.27923	0.11194	0.15717	0.32804	0.12362
V433	0.16895	0.12745	0.46701	0.20433	0.03224
V434	0.22289	0.27325	0.38247	0.04556	0.07583
V435	0.43528	0.14399	0.33817	0.06264	0.01992
V436	0.08765	0.48068	0.16204	0.08895	0.18068
V437	0.1949	0.06528	0.06406	0.19271	0.48305
V438	0.14189	0.26999	0.23864	0.28491	0.06458
V439	0.51961	0.06926	0.07991	0.30011	0.0311
V440	0.04014	0.32616	0.54116	0.04267	0.04987
V441	0.05487	0.43735	0.42775	0.06104	0.01899
V442	0.10463	0.75599	0.076	0.0486	0.01479
V443	0.76398	0.08532	0.04127	0.08824	0.0212
V444	0.17244	0.34878	0.07493	0.35737	0.04647
V445	0.08597	0.33191	0.08533	0.46361	0.03318
V446	0.1168	0.07706	0.13483	0.53143	0.13989
V447	0.08122	0.04078	0.04681	0.45378	0.37741
V448	0.17431	0.0534	0.0579	0.071	0.64339
V449	0.01419	0.18472	0.76078	0.0268	0.01352
V450	0.19434	0.14254	0.27167	0.14621	0.24525
V451	0.26624	0.18824	0.10097	0.34054	0.10401
V452	0.02644	0.06341	0.19157	0.66112	0.05746
V453	0.03425	0.0422	0.03149	0.47029	0.42178
V454	0.02195	0.1478	0.60429	0.04825	0.17771
V455	0.07595	0.23192	0.31288	0.07367	0.30559
V456	0.76305	0.08885	0.03456	0.07035	0.04318
V457	0.58044	0.20512	0.07175	0.09569	0.047
V458	0.04125	0.32882	0.50797	0.07779	0.04417
V459	0.14273	0.09018	0.09046	0.46872	0.20791
V460	0.54012	0.12562	0.21045	0.09174	0.03207
V461	0.1894	0.27755	0.28016	0.0508	0.20208
V462	0.06538	0.09127	0.04827	0.50489	0.29019
V463	0.21152	0.08335	0.04532	0.63064	0.02917
V464	0.14667	0.23502	0.5597	0.04037	0.01824
V465	0.06248	0.11352	0.05436	0.07474	0.6949
V466	0.04867	0.03725	0.03589	0.14841	0.72977
V467	0.07574	0.21469	0.06133	0.55061	0.09763
V468	0.50143	0.26999	0.14846	0.04079	0.03932
V469	0.03986	0.27892	0.10386	0.29852	0.27885
V470	0.68374	0.11705	0.06027	0.1145	0.02444
V471	0.37601	0.25398	0.06812	0.17115	0.13074
V472	0.0291	0.07237	0.08454	0.06137	0.75262
V473	0.04641	0.21698	0.27881	0.30578	0.15202
V474	0.2776	0.14486	0.09782	0.42684	0.05288
V475	0.14105	0.14949	0.52386	0.05392	0.13168
V476	0.1557	0.07903	0.13287	0.56297	0.06943
V477	0.09459	0.76478	0.07694	0.04888	0.0148
V478	0.1859	0.05178	0.0416	0.05801	0.6627
V479	0.68275	0.11801	0.06735	0.10774	0.02416
V480	0.16792	0.51934	0.11305	0.15597	0.04372
V481	0.24982	0.30666	0.10784	0.2081	0.12757
V482	0.14154	0.53632	0.25791	0.03775	0.02648
V483	0.33566	0.4176	0.04264	0.14576	0.05834
V484	0.23291	0.40789	0.16918	0.16204	0.02797
V485	0.54474	0.13488	0.14364	0.14317	0.03357
V486	0.07668	0.13989	0.32089	0.04115	0.42139
V487	0.12807	0.17821	0.40114	0.27126	0.02132
V488	0.38423	0.09857	0.02954	0.34067	0.14699
V489	0.02401	0.26123	0.60296	0.08684	0.02496
V490	0.02102	0.15286	0.62925	0.17652	0.02036
V491	0.05978	0.38387	0.0989	0.13701	0.32044
V492	0.04762	0.13305	0.0679	0.70591	0.04552
V493	0.03202	0.02767	0.03942	0.86411	0.03679
V494	0.30432	0.04876	0.05107	0.51282	0.08302
V495	0.29947	0.21869	0.24083	0.18053	0.06049
V496	0.14439	0.07711	0.09408	0.05335	0.63108
V497	0.10835	0.0902	0.18417	0.13008	0.4872
V498	0.11769	0.70108	0.08994	0.05367	0.03761
V499	0.05757	0.2286	0.29681	0.09062	0.32641
V500	0.12956	0.39462	0.16353	0.24593	0.06635
V501	0.09554	0.27351	0.05763	0.06005	0.51328
V502	0.1731	0.63236	0.10398	0.07651	0.01405
V503	0.37796	0.10169	0.22528	0.15303	0.14203
V504	0.45155	0.19388	0.04182	0.05447	0.25827
V505	0.53946	0.07358	0.05839	0.11924	0.20933
V506	0.05344	0.43095	0.12173	0.05355	0.34032
V507	0.68543	0.08247	0.06497	0.12595	0.04117
V508	0.05575	0.51066	0.27999	0.07493	0.07867
V509	0.07501	0.37831	0.19433	0.22154	0.13081
V510	0.40702	0.39117	0.09363	0.08607	0.02211
V511	0.07288	0.29937	0.50208	0.06286	0.06282
V512	0.16545	0.37925	0.22626	0.0821	0.14694
V513	0.20062	0.53514	0.13355	0.08806	0.04263
V514	0.02935	0.07689	0.25967	0.0768	0.55729
V515	0.08902	0.1207	0.03158	0.7339	0.0248
V516	0.171	0.29931	0.15574	0.34354	0.03041
V517	0.03109	0.06109	0.08419	0.79062	0.03301
V518	0.34219	0.11551	0.31637	0.18731	0.03862
V519	0.65738	0.11628	0.03877	0.1626	0.02497
V520	0.11561	0.68529	0.07837	0.1063	0.01443
V521	0.19727	0.06382	0.16402	0.54844	0.02645
V522	0.05618	0.23439	0.52804	0.13733	0.04406
V523	0.12663	0.17856	0.61412	0.06226	0.01843
V524	0.27125	0.15157	0.48926	0.03013	0.05779
V525	0.03705	0.18617	0.07569	0.0635	0.6376
V526	0.04447	0.18082	0.69605	0.04362	0.03504
V527	0.09723	0.39686	0.42883	0.04569	0.0314
V528	0.15578	0.03847	0.05277	0.72848	0.0245
V529	0.17224	0.16903	0.60224	0.033	0.02349
V530	0.02858	0.17585	0.70366	0.06209	0.02982
V531	0.1975	0.42042	0.14408	0.05628	0.18172
V532	0.07726	0.25435	0.33085	0.03814	0.29941
V533	0.27211	0.05477	0.03233	0.05642	0.58438
V534	0.13459	0.08238	0.02959	0.70777	0.04568
V535	0.68541	0.15967	0.08524	0.04605	0.02363
V536	0.12497	0.21169	0.39117	0.06094	0.21123
V537	0.04026	0.06193	0.05647	0.06378	0.77755
V538	0.55201	0.13972	0.03926	0.07294	0.19607
V539	0.02804	0.21795	0.58484	0.107	0.06217
V540	0.1833	0.38719	0.1424	0.08702	0.2001
V541	0.0588	0.33657	0.07013	0.07522	0.45929
V542	0.0573	0.28288	0.15989	0.43017	0.06977
V543	0.06666	0.19781	0.59119	0.0651	0.07924
V544	0.3122	0.20284	0.21382	0.09381	0.17732
V545	0.58124	0.29909	0.04848	0.05352	0.01766
V546	0.10456	0.62605	0.15324	0.0494	0.06675
V547	0.13092	0.6279	0.05349	0.14939	0.03831
V548	0.02528	0.0726	0.04035	0.82668	0.03509
V549	0.02611	0.04532	0.06246	0.20321	0.6629
V550	0.07932	0.67882	0.17053	0.05057	0.02077
V551	0.03308	0.0264	0.03092	0.87925	0.03035
V552	0.22371	0.06114	0.0563	0.08315	0.5757
V553	0.64316	0.08534	0.05048	0.16743	0.05359
V554	0.10206	0.14382	0.45489	0.272	0.02723
V555	0.09131	0.74792	0.07422	0.04763	0.03892
V556	0.08992	0.07911	0.0907	0.674	0.06626
V557	0.30037	0.21711	0.07538	0.3475	0.05963
V558	0.02136	0.16225	0.65034	0.13511	0.03094
V559	0.10971	0.36085	0.45438	0.03772	0.03735
V560	0.54191	0.23453	0.16714	0.04052	0.0159
V561	0.57837	0.09252	0.16149	0.05146	0.11615
V562	0.12909	0.10562	0.19293	0.12023	0.45213
V563	0.21014	0.24676	0.24216	0.13294	0.168
V564	0.31966	0.07655	0.09368	0.33183	0.17828
V565	0.02888	0.04791	0.05654	0.09841	0.76827
V566	0.28548	0.14745	0.06415	0.32695	0.17598
V567	0.0285	0.17726	0.74954	0.02605	0.01865
V568	0.04272	0.23534	0.42938	0.2773	0.01525
V569	0.52669	0.14454	0.13781	0.14512	0.04584
V570	0.12738	0.10349	0.29629	0.40157	0.07127
V571	0.23484	0.09124	0.2534	0.30777	0.11275
V572	0.7052	0.08327	0.03199	0.05565	0.12389
V573	0.08148	0.13537	0.34743	0.33626	0.09945
V574	0.46999	0.25557	0.11631	0.12368	0.03445
V575	0.33247	0.09198	0.154	0.08463	0.33692
V576	0.08638	0.71708	0.07035	0.05502	0.07118
V577	0.40811	0.3905	0.085	0.09406	0.02233
V578	0.03789	0.20924	0.493	0.20766	0.05221
V579	0.04483	0.42121	0.37307	0.05585	0.10504
V580	0.23555	0.42547	0.06036	0.2407	0.03792
V581	0.06947	0.39791	0.4084	0.10497	0.01925
V582	0.01551	0.19462	0.74385	0.03269	0.01332
V583	0.47757	0.12812	0.322	0.05717	0.01513
V584	0.23533	0.40431	0.15985	0.06925	0.13125
V585	0.08186	0.61763	0.13238	0.10023	0.06791
V586	0.07051	0.61789	0.24305	0.05562	0.01294
V587	0.08999	0.55687	0.05934	0.07158	0.22222
V588	0.21951	0.34389	0.38458	0.03317	0.01886
V589	0.11638	0.32708	0.09368	0.42296	0.0399
V590	0.08803	0.64046	0.0541	0.05503	0.16239
V591	0.45038	0.39098	0.08553	0.05082	0.0223
V592	0.02825	0.15175	0.64699	0.05211	0.1209
V593	0.3799	0.05644	0.03557	0.46713	0.06097
V594	0.01901	0.20574	0.58339	0.14186	0.05
V595	0.45251	0.09689	0.09897	0.30211	0.04953
V596	0.39383	0.20442	0.23079	0.13776	0.03319
V597	0.04639	0.17345	0.04622	0.14788	0.58606
V598	0.51992	0.0699	0.03787	0.05019	0.32212
V599	0.09279	0.32788	0.1419	0.39108	0.04635
V600	0.24965	0.08918	0.20823	0.34564	0.1073
V601	0.14876	0.10733	0.03883	0.46906	0.23602
V602	0.70779	0.17851	0.03762	0.05641	0.01966
V603	0.14332	0.14446	0.06834	0.16305	0.48083
V604	0.02943	0.15456	0.61232	0.1046	0.09909
V605	0.04417	0.10459	0.17194	0.10442	0.57488
V606	0.70395	0.07848	0.03185	0.05586	0.12986
V607	0.1721	0.12447	0.05955	0.06094	0.58293
V608	0.62624	0.09246	0.06506	0.11425	0.10199
V609	0.19564	0.25569	0.05269	0.41026	0.08572
V610	0.11838	0.52029	0.05703	0.28042	0.02387
V611	0.22033	0.15562	0.52563	0.04615	0.05227
V612	0.31964	0.13272	0.31364	0.04813	0.18586
V613	0.40951	0.41509	0.08711	0.07247	0.01582
V614	0.47861	0.08552	0.05221	0.10879	0.27487
V615	0.02309	0.11729	0.16996	0.5396	0.15007
V616	0.53412	0.09567	0.17163	0.15358	0.045
V617	0.19571	0.15796	0.43386	0.10296	0.10952
V618	0.60566	0.14101	0.09775	0.05485	0.10073
V619	0.45925	0.11553	0.17966	0.04659	0.19898
V620	0.05067	0.1094	0.35676	0.45907	0.0241
V621	0.14137	0.22827	0.32319	0.03748	0.26969
V622	0.03623	0.22531	0.37458	0.04447	0.3194
V623	0.08013	0.03698	0.03717	0.6674	0.17832
V624	0.73929	0.0828	0.03943	0.06796	0.07052
V625	0.02212	0.08906	0.13127	0.72664	0.03091
V626	0.07301	0.13914	0.50241	0.25232	0.03311
V627	0.11844	0.1668	0.16177	0.06953	0.48346
V628	0.76515	0.0954	0.04207	0.07627	0.02111
V629	0.11733	0.26224	0.55497	0.04708	0.01838
V630	0.03629	0.17025	0.06595	0.07275	0.65476
V631	0.02064	0.09094	0.30441	0.05288	0.53112
V632	0.08551	0.62788	0.06271	0.07908	0.14482
V633	0.06665	0.05407	0.1276	0.49463	0.25705
V634	0.38611	0.35906	0.19414	0.04594	0.01475
V635	0.05411	0.1416	0.22738	0.06104	0.51587
V636	0.18564	0.19687	0.3275	0.18685	0.10315
V637	0.18637	0.12027	0.39263	0.222	0.07873
V638	0.10346	0.37955	0.06929	0.12039	0.32731
V639	0.48779	0.32597	0.12192	0.04251	0.02181
V640	0.12134	0.18132	0.12454	0.24263	0.33016
V641	0.13346	0.57033	0.07852	0.18004	0.03766
V642	0.61492	0.09583	0.0374	0.2319	0.01995
V643	0.09181	0.68566	0.14025	0.06877	0.01351
V644	0.06718	0.34528	0.0675	0.4711	0.04894
V645	0.20076	0.58616	0.07083	0.12729	0.01497
V646	0.15937	0.42284	0.07851	0.26298	0.0763
V647	0.75413	0.08444	0.04063	0.09982	0.02099
V648	0.40762	0.1268	0.03809	0.28182	0.14567
V649	0.25709	0.12451	0.1172	0.13498	0.36621
V650	0.03841	0.03806	0.09219	0.805	0.02634
V651	0.15547	0.17955	0.03309	0.60991	0.02197
V652	0.32993	0.05915	0.06702	0.51004	0.03386
V653	0.3136	0.06734	0.08427	0.48133	0.05346
V654	0.05237	0.09647	0.03639	0.11019	0.70458
V655	0.14647	0.1251	0.31168	0.39332	0.02344
V656	0.12747	0.0518	0.03309	0.1384	0.64923
V657	0.06051	0.39311	0.0793	0.3541	0.11298
V658	0.04151	0.05914	0.06504	0.58887	0.24544
V659	0.02953	0.05979	0.1109	0.72418	0.0756
V660	0.08505	0.28352	0.06698	0.08319	0.48126
V661	0.0748	0.52614	0.06672	0.21992	0.11241
V662	0.06098	0.36125	0.07123	0.05057	0.45597
V663	0.78929	0.08964	0.04398	0.0551	0.02199
V664	0.03754	0.05327	0.15735	0.37985	0.372
V665	0.05491	0.50181	0.27931	0.11519	0.04877
V666	0.13756	0.6855	0.1098	0.0532	0.01394
V667	0.05733	0.43957	0.32054	0.12722	0.05535
V668	0.5565	0.22536	0.08864	0.09503	0.03446
V669	0.43947	0.26532	0.06821	0.12237	0.10462
V670	0.12517	0.50468	0.10379	0.07537	0.19099
V671	0.59929	0.10829	0.20365	0.06731	0.02145
V672	0.10245	0.10352	0.1302	0.30269	0.36114
V673	0.02972	0.05611	0.03688	0.14944	0.72785
V674	0.29825	0.18253	0.44697	0.03111	0.04114
V675	0.57562	0.0783	0.07229	0.16933	0.10447
V676	0.21874	0.18175	0.45625	0.03147	0.11179
V677	0.05946	0.24819	0.26088	0.36499	0.06647
V678	0.07383	0.26595	0.05768	0.07675	0.52579
V679	0.02344	0.11847	0.43937	0.39559	0.02314
V680	0.17122	0.04804	0.05395	0.34696	0.37982
V681	0.45712	0.08632	0.07454	0.29167	0.09034
V682	0.01419	0.18472	0.76078	0.0268	0.01352
V683	0.07184	0.23574	0.57138	0.02888	0.09216
V684	0.07102	0.03594	0.03796	0.82743	0.02764
V685	0.02117	0.1713	0.6876	0.10066	0.01928
V686	0.3036	0.47748	0.12735	0.06373	0.02785
V687	0.0142	0.13042	0.53108	0.29623	0.02806
V688	0.01368	0.1811	0.74863	0.0322	0.02439
V689	0.41622	0.12519	0.21603	0.12382	0.11874
V690	0.14871	0.68004	0.07828	0.07095	0.02202
V691	0.14694	0.13437	0.08293	0.58666	0.04911
V692	0.08055	0.05062	0.04582	0.72364	0.09937
V693	0.04255	0.4118	0.46688	0.05972	0.01905
V694	0.10132	0.17421	0.07701	0.56727	0.0802
V695	0.134	0.14461	0.18611	0.06074	0.47454
V696	0.1074	0.15211	0.62022	0.03304	0.08722
V697	0.10421	0.15958	0.33132	0.30555	0.09935
V698	0.03186	0.0814	0.21659	0.05783	0.61232
V699	0.04909	0.04997	0.08236	0.62381	0.19478
V700	0.09726	0.64687	0.14584	0.04243	0.06761
V701	0.03682	0.16895	0.05693	0.06587	0.67142
V702	0.03784	0.11449	0.04047	0.6581	0.14909
V703	0.03143	0.04343	0.05706	0.83296	0.03511
V704	0.05444	0.13964	0.39866	0.05118	0.35608
V705	0.76366	0.09398	0.03486	0.06438	0.04313
V706	0.15314	0.16419	0.19411	0.40681	0.08175
V707	0.14807	0.13727	0.11196	0.27603	0.32666
V708	0.04972	0.46691	0.43024	0.04054	0.01259
V709	0.02888	0.058	0.07564	0.06327	0.77421
V710	0.1203	0.13489	0.45338	0.03401	0.25742
V711	0.07734	0.04407	0.06241	0.07716	0.73903
V712	0.06125	0.15311	0.59693	0.16304	0.02567
V713	0.24222	0.35324	0.34376	0.04746	0.01332
V714	0.07114	0.04703	0.03715	0.06537	0.77931
V715	0.0272	0.28467	0.55883	0.11	0.0193
V716	0.63546	0.18977	0.04913	0.0904	0.03524
V717	0.36257	0.18209	0.15785	0.06165	0.23584
V718	0.52793	0.11558	0.2674	0.0415	0.04759
V719	0.37143	0.2252	0.14346	0.14077	0.11914
V720	0.13222	0.08838	0.12966	0.07947	0.57028
V721	0.04633	0.0539	0.09141	0.07573	0.73264
V722	0.04292	0.207	0.09944	0.48748	0.16317
V723	0.1198	0.20253	0.15151	0.48656	0.0396
V724	0.15812	0.51564	0.09408	0.20976	0.0224
V725	0.05038	0.04812	0.04709	0.06532	0.7891
V726	0.24043	0.40025	0.10438	0.09585	0.15909
V727	0.02118	0.17985	0.74286	0.03188	0.02422
V728	0.62291	0.10867	0.14555	0.10051	0.02236
V729	0.5278	0.13987	0.06098	0.24677	0.02457
V730	0.11406	0.11809	0.37449	0.3318	0.06157
V731	0.02072	0.04992	0.0941	0.80864	0.02663
V732	0.0322	0.02783	0.03961	0.87067	0.02969
V733	0.0374	0.18667	0.72604	0.02589	0.024
V734	0.4027	0.16382	0.33886	0.06926	0.02536
V735	0.08452	0.18122	0.25508	0.06416	0.41501
V736	0.03174	0.07378	0.04806	0.06466	0.78176
V737	0.78588	0.09379	0.0439	0.05466	0.02177
V738	0.05225	0.3755	0.06253	0.05929	0.45042
V739	0.03364	0.03908	0.03081	0.86684	0.02963
V740	0.21314	0.12133	0.14537	0.06134	0.45882
V741	0.44966	0.07309	0.03593	0.31382	0.1275
V742	0.07387	0.1383	0.49405	0.16053	0.13324
V743	0.04541	0.08766	0.11655	0.14194	0.60844
V744	0.18412	0.11257	0.19601	0.45528	0.05202
V745	0.16684	0.06237	0.07895	0.66248	0.02935
V746	0.37731	0.4352	0.0881	0.05049	0.04891
V747	0.0372	0.1845	0.71706	0.03171	0.02952
V748	0.16172	0.22047	0.3054	0.08569	0.22672
V749	0.18306	0.13162	0.15485	0.40125	0.12921
V750	0.65204	0.19446	0.04307	0.09192	0.01851
V751	0.0502	0.3369	0.54491	0.04942	0.01856
V752	0.04377	0.1351	0.0649	0.06589	0.69035
V753	0.44729	0.13349	0.25203	0.06077	0.10641
V754	0.13372	0.26244	0.04501	0.53133	0.0275
V755	0.27699	0.5596	0.09791	0.04402	0.02147
V756	0.04203	0.12018	0.06369	0.10659	0.6675
V757	0.17125	0.05491	0.13022	0.61558	0.02805
V758	0.0902	0.34584	0.04001	0.4968	0.02715
V759	0.10228	0.08313	0.14057	0.05167	0.62235
V760	0.08507	0.09768	0.2399	0.24638	0.33097
V761	0.06751	0.27885	0.60107	0.03422	0.01835
V762	0.02957	0.09325	0.2061	0.37436	0.29672
V763	0.05236	0.23249	0.04914	0.05642	0.60959
V764	0.11904	0.09213	0.1171	0.63643	0.0353
V765	0.14664	0.15643	0.55506	0.06432	0.07756
V766	0.09335	0.39826	0.29738	0.08041	0.1306
V767	0.28774	0.38255	0.11153	0.08631	0.13186
V768	0.10041	0.6665	0.1172	0.09451	0.02139
V769	0.59812	0.11189	0.19719	0.04423	0.04856
V770	0.2528	0.12957	0.44573	0.15168	0.02022
V771	0.10335	0.58629	0.06003	0.13926	0.11107
V772	0.05219	0.18167	0.72118	0.03184	0.01313
V773	0.04746	0.04178	0.03456	0.20536	0.67085
V774	0.14245	0.13133	0.48639	0.03235	0.20747
V775	0.73444	0.08473	0.0529	0.09718	0.03075
V776	0.34294	0.3481	0.20401	0.06533	0.03961
V777	0.2132	0.32319	0.28089	0.12922	0.0535
V778	0.47425	0.10014	0.0444	0.22659	0.15463
V779	0.08044	0.35644	0.49465	0.04376	0.0247
V780	0.02856	0.17698	0.74898	0.03214	0.01333
V781	0.18534	0.27673	0.21771	0.04066	0.27956
V782	0.24338	0.21729	0.06126	0.05682	0.42125
V783	0.01506	0.14088	0.57158	0.05046	0.22201
V784	0.06194	0.49796	0.0464	0.29669	0.09702
V785	0.61781	0.15703	0.03276	0.132	0.06041
V786	0.1743	0.17796	0.04951	0.55636	0.04187
V787	0.1683	0.47715	0.04482	0.23241	0.07732
V788	0.37443	0.34093	0.11623	0.04227	0.12613
V789	0.0318	0.14601	0.04294	0.41322	0.36602
V790	0.28024	0.21164	0.10265	0.14225	0.26322
V791	0.18737	0.20391	0.11417	0.21253	0.28202
V792	0.7633	0.09814	0.05593	0.05133	0.03131
V793	0.32416	0.23764	0.09422	0.12536	0.21862
V794	0.03282	0.07163	0.14361	0.19733	0.55461
V795	0.17904	0.66078	0.07696	0.05364	0.02959
V796	0.29535	0.33379	0.15306	0.17589	0.04191
V797	0.1573	0.04288	0.03377	0.07547	0.69058
V798	0.1615	0.41504	0.05143	0.1279	0.24413
V799	0.04813	0.15057	0.08666	0.64812	0.06653
V800	0.04708	0.0516	0.05281	0.15967	0.68883
V801	0.33438	0.07644	0.15055	0.39471	0.04393
V802	0.05757	0.18382	0.0563	0.06395	0.63836
V803	0.28796	0.06802	0.03619	0.56553	0.04229
V804	0.19134	0.17888	0.22809	0.34428	0.05741
V805	0.13833	0.19042	0.42155	0.16406	0.08565
V806	0.40422	0.10107	0.21495	0.09055	0.18922
V807	0.60086	0.08569	0.09422	0.08641	0.13282
V808	0.68586	0.09095	0.07988	0.05097	0.09233
V809	0.23127	0.48492	0.07242	0.07471	0.13668
V810	0.04352	0.08246	0.07584	0.45739	0.3408
V811	0.07037	0.11295	0.06141	0.1449	0.61036
V812	0.05726	0.52258	0.26181	0.11655	0.0418
V813	0.05005	0.22179	0.26007	0.04308	0.42501
V814	0.22037	0.43443	0.11583	0.19321	0.03616
V815	0.2651	0.52979	0.08532	0.09807	0.02172
V816	0.05294	0.40604	0.05212	0.43953	0.04938
V817	0.63257	0.119	0.16792	0.06358	0.01692
V818	0.05388	0.22649	0.37434	0.06407	0.28121
V819	0.75931	0.09612	0.04857	0.07526	0.02073
V820	0.08871	0.30143	0.16906	0.39503	0.04578
V821	0.03145	0.04722	0.03976	0.06895	0.81261
V822	0.18765	0.05089	0.04444	0.69307	0.02395
V823	0.06109	0.13497	0.26137	0.04494	0.49763
V824	0.08909	0.07008	0.06222	0.05969	0.71893
V825	0.12774	0.14332	0.55245	0.16215	0.01433
V826	0.04374	0.17667	0.72264	0.04377	0.01319
V827	0.33452	0.14863	0.0313	0.38093	0.10463
V828	0.23921	0.16256	0.14619	0.09522	0.35681
V829	0.09479	0.14641	0.3238	0.17862	0.25639
V830	0.1275	0.1551	0.5831	0.04555	0.08875
V831	0.06865	0.5841	0.11045	0.19913	0.03767
V832	0.20887	0.05489	0.10577	0.25088	0.37959
V833	0.23632	0.60341	0.06285	0.04556	0.05185
V834	0.63187	0.16483	0.06953	0.06924	0.06453
V835	0.25092	0.24887	0.1317	0.28064	0.08787
V836	0.30434	0.15854	0.40453	0.11268	0.01991
V837	0.07933	0.66985	0.07604	0.08787	0.08691
V838	0.0193	0.04089	0.11151	0.79482	0.03349
V839	0.05572	0.07781	0.11748	0.05605	0.69294
V840	0.74775	0.09257	0.06109	0.07317	0.02542
V841	0.17889	0.16499	0.60488	0.03294	0.0183
V842	0.43269	0.12027	0.22062	0.19849	0.02792
V843	0.40042	0.08789	0.17463	0.1008	0.23626
V844	0.02908	0.24039	0.65477	0.04571	0.03005
V845	0.04222	0.03458	0.0301	0.60667	0.28642
V846	0.12158	0.0891	0.13911	0.10253	0.54768
V847	0.21112	0.05904	0.08933	0.15674	0.48376
V848	0.62474	0.09737	0.03727	0.12411	0.11653
V849	0.12012	0.17458	0.59582	0.0334	0.07609
V850	0.19695	0.1169	0.30328	0.15774	0.22514
V851	0.78708	0.08779	0.03655	0.06109	0.02749
V852	0.23527	0.1032	0.11656	0.19099	0.35399
V853	0.04362	0.2016	0.54939	0.13604	0.06935
V854	0.06471	0.30724	0.29383	0.10484	0.22937
V855	0.12315	0.31667	0.14015	0.32816	0.09186
V856	0.17988	0.32692	0.10263	0.0461	0.34447
V857	0.08617	0.09581	0.20289	0.39586	0.21927
V858	0.04627	0.30058	0.239	0.22642	0.18773
V859	0.13833	0.04924	0.05322	0.7068	0.05242
V860	0.0559	0.14084	0.10423	0.62578	0.07325
V861	0.14255	0.07683	0.15936	0.59411	0.02715
V862	0.08562	0.04822	0.05984	0.13855	0.66777
V863	0.08889	0.73434	0.08309	0.05511	0.03857
V864	0.04293	0.16664	0.70297	0.07403	0.01344
V865	0.07804	0.13972	0.55267	0.21458	0.01498
V866	0.03934	0.1616	0.56249	0.20418	0.0324
V867	0.51611	0.0863	0.03823	0.04979	0.30958
V868	0.20777	0.23698	0.39765	0.12581	0.03178
V869	0.03839	0.04384	0.06581	0.07221	0.77975
V870	0.26382	0.17215	0.11834	0.25563	0.19005
V871	0.05389	0.09292	0.14349	0.12996	0.57974
V872	0.35676	0.08007	0.04406	0.45844	0.06067
V873	0.07513	0.27614	0.19732	0.37559	0.07582
V874	0.11103	0.08021	0.04371	0.06674	0.69832
V875	0.03149	0.16274	0.0608	0.50149	0.24348
V876	0.43155	0.10991	0.09376	0.05917	0.30561
V877	0.25971	0.49119	0.09138	0.12893	0.02879
V878	0.06496	0.54373	0.09795	0.26257	0.03079
V879	0.74318	0.10898	0.04814	0.07411	0.02559
V880	0.09537	0.09696	0.06559	0.4274	0.31468
V881	0.02428	0.1288	0.50582	0.03477	0.30634
V882	0.07057	0.37195	0.05979	0.47855	0.01914
V883	0.46793	0.17457	0.04762	0.20475	0.10513
V884	0.03108	0.04056	0.03979	0.07809	0.81047
V885	0.15553	0.14785	0.38464	0.12299	0.18898
V886	0.02458	0.03923	0.07057	0.25175	0.61388
V887	0.14052	0.69752	0.06964	0.04651	0.04582
V888	0.0734	0.11193	0.09273	0.64864	0.0733
V889	0.16284	0.63653	0.10392	0.06787	0.02884
V890	0.04577	0.06725	0.17348	0.59635	0.11715
V891	0.01524	0.19388	0.73879	0.0388	0.01329
V892	0.54288	0.22201	0.05778	0.05094	0.12639
V893	0.13604	0.22424	0.48229	0.09517	0.06227
V894	0.12554	0.41661	0.09782	0.29877	0.06126
V895	0.53005	0.1173	0.27364	0.05851	0.0205
V896	0.20101	0.21697	0.26431	0.29537	0.02235
V897	0.0202	0.034	0.07477	0.73951	0.13151
V898	0.37584	0.06273	0.04599	0.07229	0.44316
V899	0.51554	0.27217	0.12452	0.04178	0.04599
V900	0.23724	0.23131	0.29722	0.20058	0.03365
