mature.neutrophil	CD14.pos.CD16.neg.classical.monocyte	macrophage	memory.CD4.pos.AB.T.cell	cytotoxic.CD56.dim.NK.cell
V1	0.25683	0.22625	0.25276	0.15798	0.10619
V2	0.03786	0.68625	0.11597	0.09492	0.06499
V3	0.05564	0.14532	0.40417	0.35891	0.03596
V4	0.00556	0.16688	0.24334	0.09917	0.48504
V5	0.01602	0.14042	0.07819	0.14357	0.6218
V6	0.2656	0.15038	0.26582	0.22581	0.09239
V7	0	0.19067	0.40075	0.10711	0.30148
V8	0	0.19098	0.70658	0.09563	0.00681
V9	0.05836	0.10888	0.26125	0.52665	0.04486
V10	0.34352	0.17166	0.40585	0.05244	0.02653
V11	0.02984	0.16165	0.12096	0.11247	0.57509
V12	0.07068	0.1423	0.2253	0.29173	0.27
V13	0.12176	0.14301	0.05975	0.39498	0.2805
V14	0.15071	0.08899	0.0928	0.55952	0.10799
V15	0.04784	0.07665	0.02472	0.77549	0.0753
V16	0.45765	0.14787	0.04361	0.30891	0.04196
V17	0.05585	0.32428	0.04732	0.10643	0.46611
V18	0.06493	0.41766	0.27433	0.20661	0.03647
V19	0.03038	0.14078	0.01926	0.15952	0.65006
V20	0	0.16316	0.61244	0.20452	0.01987
V21	0.01274	0.3306	0.16011	0.18209	0.31446
V22	0.6168	0.17176	0.096	0.07378	0.04166
V23	0.07235	0.14726	0.04169	0.17231	0.56638
V24	0.37729	0.21315	0.04959	0.10195	0.25801
V25	0.03133	0.12858	0.0344	0.40808	0.39761
V26	0.37892	0.27109	0.09193	0.09413	0.16393
V27	0.0921	0.49208	0.21749	0.05606	0.14227
V28	0.03481	0.15624	0.21423	0.52916	0.06557
V29	0.01253	0.10963	0.32272	0.50735	0.04777
V30	0.56623	0.18958	0.0608	0.09069	0.09269
V31	0.34908	0.21336	0.04373	0.24175	0.15209
V32	0.70065	0.10696	0.04301	0.08907	0.0603
V33	0.01927	0.28493	0.04451	0.15438	0.49691
V34	0.09337	0.72474	0.07758	0.06307	0.04124
V35	0.0675	0.55327	0.28368	0.06892	0.02664
V36	0.01824	0.27819	0.18986	0.12683	0.38687
V37	0.59196	0.11479	0.02832	0.08872	0.17621
V38	0.09308	0.17236	0.42963	0.19581	0.10913
V39	0.25471	0.17901	0.31325	0.06608	0.18695
V40	0.18295	0.54935	0.07308	0.13528	0.05934
V41	0.03308	0.73814	0.08282	0.05711	0.08885
V42	0.65546	0.13669	0.05408	0.0861	0.06768
V43	0.35606	0.22533	0.32184	0.07433	0.02244
V44	0.01548	0.3528	0.50351	0.04748	0.08074
V45	0.02557	0.60206	0.14816	0.15907	0.06513
V46	0.08697	0.66246	0.12953	0.07465	0.04639
V47	0	0.19236	0.75291	0.04558	0.00916
V48	0.13755	0.21783	0.228	0.30076	0.11586
V49	0.35448	0.22667	0.22824	0.15968	0.03093
V50	0.00679	0.20629	0.73736	0.04501	0.00455
V51	0.0804	0.33756	0.2176	0.10227	0.26217
V52	0.03784	0.77343	0.08217	0.06368	0.04288
V53	0.04308	0.201	0.0401	0.65187	0.06395
V54	0.20033	0.08827	0.03407	0.50055	0.17678
V55	0.09203	0.06233	0.023	0.75436	0.06828
V56	0.08599	0.06453	0.02756	0.68261	0.1393
V57	0.11173	0.24807	0.48973	0.06683	0.08365
V58	0.06408	0.13031	0.15223	0.22465	0.42873
V59	0.63981	0.13126	0.11283	0.08441	0.03169
V60	0.3352	0.26695	0.14673	0.15281	0.09831
V61	0.17594	0.12802	0.04817	0.247	0.40086
V62	0.04634	0.17086	0.29703	0.1604	0.32537
V63	0.32029	0.31226	0.09509	0.08833	0.18402
V64	0.69871	0.11935	0.05779	0.08719	0.03696
V65	0.08855	0.14838	0.06376	0.54964	0.14966
V66	0.04183	0.0857	0.15043	0.65923	0.06282
V67	0.0017	0.16996	0.33171	0.13055	0.36609
V68	0.3442	0.15302	0.35504	0.08353	0.06422
V69	0.44416	0.21325	0.20571	0.07637	0.06051
V70	0.04736	0.62524	0.10284	0.17239	0.05218
V71	0.0727	0.67538	0.10783	0.1003	0.04379
V72	0.02954	0.43806	0.06597	0.08723	0.3792
V73	0.06332	0.10023	0.11911	0.51885	0.19849
V74	0.03355	0.11565	0.03278	0.70166	0.11637
V75	0.35026	0.26259	0.29485	0.064	0.0283
V76	0.03537	0.06647	0.03941	0.75355	0.1052
V77	0.0064	0.18986	0.72624	0.07231	0.00519
V78	0	0.19647	0.74366	0.05046	0.0094
V79	0.06507	0.42501	0.08146	0.16822	0.26024
V80	0.09932	0.64705	0.06564	0.09476	0.09324
V81	0	0.19592	0.75411	0.04568	0.00428
V82	0.20905	0.20577	0.06138	0.46655	0.05725
V83	0.09736	0.15278	0.04591	0.49677	0.20717
V84	0.08346	0.2617	0.0341	0.11344	0.5073
V85	0	0.1919	0.75252	0.05117	0.00442
V86	0.02064	0.29819	0.30596	0.33405	0.04116
V87	0.38025	0.10064	0.06813	0.39537	0.0556
V88	0.25911	0.23687	0.08196	0.21338	0.20867
V89	0.02482	0.23835	0.65831	0.07097	0.00756
V90	0.01599	0.27485	0.08567	0.14914	0.47436
V91	0.0308	0.07375	0.1003	0.73214	0.06302
V92	0.2098	0.16189	0.05056	0.11648	0.46127
V93	0.01554	0.17131	0.17909	0.46136	0.1727
V94	0.03772	0.25141	0.0502	0.26188	0.39879
V95	0.05532	0.30695	0.05402	0.15157	0.43214
V96	0.60991	0.12151	0.05537	0.09628	0.11693
V97	0.14458	0.15479	0.06609	0.16506	0.46948
V98	0.0387	0.40667	0.20792	0.14885	0.19785
V99	0.41418	0.20015	0.03705	0.23469	0.11393
V100	0.42133	0.23787	0.08216	0.10663	0.152
V101	0.04496	0.7625	0.08838	0.06226	0.04189
V102	0.24851	0.30047	0.15908	0.13931	0.15264
V103	0.1198	0.1272	0.02507	0.12324	0.6047
V104	0.03447	0.44356	0.12455	0.08303	0.3144
V105	0.01727	0.14531	0.06128	0.15179	0.62435
V106	0.03278	0.6597	0.19981	0.05465	0.05305
V107	0.02946	0.30318	0.57391	0.07714	0.01632
V108	0.00364	0.28533	0.65866	0.04405	0.00831
V109	0.05445	0.28231	0.08689	0.28268	0.29368
V110	0.13791	0.47298	0.21511	0.13347	0.04053
V111	0.21083	0.2983	0.42357	0.05258	0.01472
V112	0.16397	0.09975	0.12435	0.43065	0.18129
V113	0.20655	0.13266	0.12296	0.19101	0.34682
V114	0.45137	0.16625	0.07741	0.19774	0.10723
V115	0.66586	0.10664	0.03873	0.09169	0.09709
V116	0.02237	0.13631	0.0208	0.13793	0.68259
V117	0.03076	0.18498	0.66062	0.10112	0.02251
V118	0.06504	0.06208	0.02303	0.76848	0.08136
V119	0.25218	0.14902	0.35244	0.2228	0.02357
V120	8e-05	0.17831	0.67165	0.12108	0.02889
V121	0.15683	0.6329	0.06613	0.06453	0.07961
V122	0.02735	0.40886	0.12372	0.24086	0.19921
V123	0.39585	0.14522	0.09804	0.21115	0.14974
V124	0.18441	0.20414	0.08776	0.24149	0.28219
V125	0.02261	0.44532	0.46025	0.04931	0.02251
V126	0.12536	0.27327	0.22988	0.14651	0.22497
V127	0.20201	0.16516	0.53368	0.08499	0.01416
V128	0.16427	0.65306	0.07731	0.05693	0.04842
V129	0.21354	0.16477	0.26197	0.18908	0.17065
V130	0.02336	0.49046	0.0891	0.23485	0.16223
V131	0.02671	0.10117	0.23758	0.58543	0.04911
V132	0.30904	0.11344	0.02066	0.33792	0.21895
V133	0	0.19972	0.49851	0.11632	0.18545
V134	0.04589	0.19385	0.64084	0.06319	0.05623
V135	0.00875	0.2389	0.61227	0.06474	0.07534
V136	0.71576	0.107	0.04616	0.09211	0.03896
V137	0.67431	0.12724	0.04261	0.10472	0.05112
V138	0.20997	0.23331	0.10566	0.17239	0.27868
V139	0.11858	0.08809	0.17172	0.56532	0.0563
V140	0.02644	0.14476	0.17193	0.10808	0.54879
V141	0.00689	0.30052	0.55979	0.11377	0.01903
V142	0.17126	0.14576	0.3141	0.15866	0.21022
V143	0.00829	0.2853	0.44478	0.15293	0.10869
V144	0.39456	0.26817	0.10082	0.15313	0.08332
V145	0	0.19497	0.73475	0.05569	0.0146
V146	0.03334	0.37078	0.04611	0.31287	0.2369
V147	0.06704	0.20845	0.5727	0.12052	0.0313
V148	0.1244	0.66965	0.07752	0.07883	0.04959
V149	0.03879	0.06275	0.02374	0.77341	0.10131
V150	0.10246	0.28882	0.50606	0.04669	0.05597
V151	0.3678	0.10073	0.03674	0.37605	0.11869
V152	0.03243	0.07879	0.13171	0.64969	0.10739
V153	0.12661	0.27634	0.41543	0.0868	0.09482
V154	0.09523	0.5596	0.07777	0.08325	0.18414
V155	0.05027	0.08635	0.14984	0.65132	0.06222
V156	0.07797	0.17375	0.37339	0.17014	0.20475
V157	0.08257	0.1619	0.18163	0.28101	0.29289
V158	0.1524	0.15986	0.40481	0.09385	0.18908
V159	0.11105	0.25031	0.04898	0.51025	0.07941
V160	0.36248	0.24227	0.11997	0.10018	0.1751
V161	0.18819	0.15344	0.08243	0.1027	0.47323
V162	0	0.19862	0.75104	0.04586	0.00448
V163	0.05538	0.13496	0.03393	0.14636	0.62937
V164	0.68316	0.14055	0.05267	0.09065	0.03297
V165	0.46114	0.26373	0.11517	0.10233	0.05763
V166	0.0567	0.10484	0.24335	0.49696	0.09816
V167	0.02698	0.59315	0.07461	0.15974	0.14552
V168	0	0.19862	0.75104	0.04586	0.00448
V169	0.03953	0.60449	0.20408	0.10855	0.04335
V170	0.20163	0.38913	0.09601	0.20342	0.1098
V171	0.23808	0.19397	0.33315	0.18103	0.05376
V172	0.15294	0.3026	0.10257	0.09722	0.34466
V173	0.18463	0.18371	0.11352	0.36667	0.15147
V174	0.17118	0.14129	0.33148	0.20597	0.15008
V175	0.06702	0.24205	0.14328	0.20992	0.33773
V176	0.32426	0.0874	0.03157	0.5037	0.05307
V177	0.1473	0.17409	0.48559	0.1717	0.02131
V178	0.21218	0.17834	0.40567	0.13543	0.06838
V179	0.09259	0.14253	0.02603	0.12382	0.61503
V180	0.01755	0.17524	0.33795	0.08476	0.3845
V181	0.05781	0.34216	0.03318	0.13178	0.43508
V182	0.44309	0.26378	0.04514	0.18588	0.06211
V183	0.05303	0.76166	0.08077	0.05718	0.04736
V184	0.25479	0.13009	0.28163	0.28762	0.04587
V185	0.08617	0.47557	0.07055	0.17352	0.1942
V186	0.12181	0.25393	0.059	0.26784	0.29743
V187	0.06777	0.60174	0.06311	0.21662	0.05076
V188	0.63153	0.12679	0.06558	0.13964	0.03646
V189	0.36466	0.27021	0.07331	0.24777	0.04405
V190	0.32596	0.18768	0.21965	0.08044	0.18627
V191	0.1917	0.25932	0.0398	0.38367	0.12551
V192	0.26067	0.25528	0.14871	0.21824	0.1171
V193	0.04794	0.29743	0.46911	0.08015	0.10538
V194	0.22629	0.1694	0.10844	0.16063	0.33524
V195	0.42393	0.24553	0.23703	0.06738	0.02613
V196	0.01609	0.13293	0.07795	0.14464	0.6284
V197	0.05261	0.74243	0.07768	0.08002	0.04725
V198	0.19629	0.28299	0.06984	0.22382	0.22706
V199	0.56578	0.13339	0.21414	0.06537	0.02132
V200	0.59395	0.1108	0.06026	0.09706	0.13794
V201	0.05476	0.07279	0.04289	0.63975	0.18982
V202	0.6835	0.1448	0.04055	0.09238	0.03877
V203	0.41841	0.2918	0.06604	0.1095	0.11426
V204	0.2901	0.18866	0.06109	0.09337	0.36679
V205	0.10161	0.165	0.13533	0.14534	0.45273
V206	0.0609	0.1455	0.0268	0.67725	0.08955
V207	0.04784	0.07665	0.02472	0.77549	0.0753
V208	0.11705	0.29668	0.43025	0.08366	0.07236
V209	0.1394	0.15711	0.11667	0.11981	0.46701
V210	0	0.19113	0.74894	0.0507	0.00923
V211	0.13254	0.16696	0.21193	0.10702	0.38156
V212	0.04376	0.66441	0.1367	0.08187	0.07326
V213	0.0978	0.11587	0.08109	0.2887	0.41652
V214	0.01094	0.51068	0.38481	0.05616	0.03741
V215	0.20414	0.2929	0.15939	0.12702	0.21654
V216	0.04442	0.18562	0.32161	0.10609	0.34226
V217	0.03338	0.06218	0.04664	0.73472	0.12309
V218	0.06199	0.25988	0.28621	0.30099	0.09093
V219	0.1	0.31716	0.3638	0.18919	0.02985
V220	0.15245	0.62976	0.11898	0.05875	0.04006
V221	0.02961	0.21058	0.45616	0.07106	0.23258
V222	0.02949	0.13632	0.02764	0.13964	0.66691
V223	0.39373	0.13923	0.2895	0.14676	0.03077
V224	0.03192	0.53355	0.07531	0.12877	0.23044
V225	0.52801	0.22933	0.14747	0.06498	0.03022
V226	0.36425	0.47256	0.05802	0.06448	0.04069
V227	0.09367	0.28061	0.04367	0.50198	0.08008
V228	0.43497	0.15071	0.25585	0.11369	0.04477
V229	0.2056	0.39828	0.26887	0.08389	0.04336
V230	0.02978	0.12889	0.02746	0.14105	0.67282
V231	0.05085	0.55536	0.11184	0.18579	0.09617
V232	0.58932	0.12925	0.1861	0.0725	0.02282
V233	0.05378	0.16014	0.16286	0.16052	0.4627
V234	0.01658	0.38389	0.23528	0.3086	0.05565
V235	0.70873	0.11023	0.0394	0.10649	0.03515
V236	0.06082	0.16734	0.5437	0.18188	0.04626
V237	0.10654	0.18683	0.26262	0.29203	0.15197
V238	0.02241	0.11602	0.02536	0.32313	0.51309
V239	0.05613	0.42297	0.09014	0.20045	0.23032
V240	0.04968	0.72315	0.08154	0.06797	0.07766
V241	0.03752	0.77494	0.08196	0.05765	0.04793
V242	0.02767	0.35168	0.29971	0.25004	0.0709
V243	0.36229	0.14927	0.30143	0.08318	0.10383
V244	0.02087	0.4308	0.2182	0.12193	0.2082
V245	0.03502	0.75071	0.10127	0.07222	0.04079
V246	0.46907	0.29822	0.06874	0.07445	0.08951
V247	0.1418	0.22453	0.51771	0.08523	0.03073
V248	0.07768	0.56924	0.07857	0.07232	0.20219
V249	0.20823	0.18814	0.21129	0.14493	0.2474
V250	0.00872	0.19604	0.56248	0.07979	0.15297
V251	0.19479	0.10912	0.10993	0.50147	0.08468
V252	0.01407	0.23729	0.49117	0.15777	0.09971
V253	0.23323	0.50656	0.12966	0.08826	0.04228
V254	0.40792	0.36963	0.04818	0.12814	0.04611
V255	0.61907	0.1643	0.03557	0.09675	0.0843
V256	0.02928	0.67811	0.082	0.06628	0.14434
V257	0.34091	0.32964	0.16569	0.087	0.07676
V258	0.14359	0.3285	0.08672	0.38739	0.05381
V259	0.39921	0.30795	0.19166	0.06272	0.03846
V260	0.22412	0.15807	0.12413	0.14773	0.34595
V261	0.01603	0.16223	0.4595	0.26013	0.10211
V262	0.66796	0.12723	0.08099	0.08957	0.03425
V263	0.60132	0.15957	0.04845	0.15655	0.0341
V264	0.05225	0.7363	0.08469	0.08527	0.04148
V265	0.60627	0.17142	0.10237	0.08731	0.03263
V266	0.02246	0.13647	0.10302	0.13241	0.60564
V267	0.05638	0.12539	0.02431	0.22786	0.56606
V268	0.15917	0.41713	0.17183	0.18594	0.06593
V269	0.06758	0.35484	0.34418	0.18604	0.04736
V270	0.06949	0.06753	0.05561	0.74198	0.0654
V271	0.18116	0.6139	0.07245	0.0745	0.058
V272	0.08152	0.69406	0.09387	0.06589	0.06467
V273	0.2417	0.12935	0.18283	0.3061	0.14001
V274	0.09029	0.15517	0.05844	0.24614	0.44996
V275	0.03184	0.61156	0.19697	0.11535	0.04428
V276	0.00392	0.16929	0.5885	0.20706	0.03124
V277	0.26674	0.16268	0.48741	0.05499	0.02818
V278	0.00751	0.15288	0.32634	0.39363	0.11964
V279	0.14871	0.07411	0.0362	0.644	0.09697
V280	0.1811	0.10135	0.05995	0.53699	0.12061
V281	0.03832	0.24993	0.07557	0.57226	0.06393
V282	0.04523	0.76829	0.08139	0.05747	0.04762
V283	0.30252	0.13768	0.12891	0.10608	0.32481
V284	0.0126	0.25487	0.47989	0.05977	0.19288
V285	0.39891	0.42028	0.05319	0.08734	0.04028
V286	0.05339	0.19517	0.66965	0.07106	0.01072
V287	0.20556	0.16998	0.17851	0.28018	0.16577
V288	0.14824	0.17689	0.52782	0.05729	0.08977
V289	0.14663	0.25044	0.05745	0.48592	0.05955
V290	0.32758	0.42275	0.16567	0.05602	0.02798
V291	0.33676	0.24094	0.04235	0.32939	0.05057
V292	0.09382	0.18172	0.37814	0.09429	0.25203
V293	0	0.24273	0.66167	0.07752	0.01808
V294	0.02109	0.13731	0.02874	0.13529	0.67757
V295	0.01739	0.13993	0.31674	0.43449	0.09145
V296	0.6374	0.18008	0.03962	0.09132	0.05158
V297	0.00866	0.18083	0.64111	0.13388	0.03552
V298	0.26443	0.08539	0.0279	0.49255	0.12972
V299	0.24705	0.0686	0.0375	0.5898	0.05707
V300	0.71452	0.11113	0.04077	0.09814	0.03544
V301	0.70373	0.10494	0.04368	0.10907	0.03857
V302	0.02423	0.1046	0.02552	0.42144	0.42421
V303	0.09007	0.26262	0.22292	0.19764	0.22674
V304	0.13353	0.19538	0.59985	0.0504	0.02083
V305	0.17152	0.35494	0.12416	0.14584	0.20353
V306	0.25964	0.55908	0.0628	0.07145	0.04703
V307	0.19721	0.11965	0.26093	0.38546	0.03675
V308	0.17127	0.17131	0.54047	0.10191	0.01503
V309	0.50147	0.1601	0.07718	0.15869	0.10256
V310	0.03795	0.14525	0.02632	0.18736	0.60312
V311	0.04272	0.05995	0.06498	0.76056	0.0718
V312	0.06821	0.328	0.25945	0.07057	0.27377
V313	0.0595	0.3327	0.05063	0.31441	0.24275
V314	0.08663	0.11304	0.0242	0.38949	0.38664
V315	0.70336	0.10775	0.04975	0.08837	0.05077
V316	0.08257	0.51153	0.2665	0.07187	0.06753
V317	0.28104	0.20737	0.43004	0.055	0.02655
V318	0.68192	0.10718	0.04049	0.08754	0.08286
V319	0.06969	0.2137	0.65613	0.05438	0.0061
V320	0.09932	0.05685	0.02987	0.74114	0.07282
V321	0.10501	0.35682	0.30131	0.1931	0.04377
V322	0	0.33065	0.50856	0.08314	0.07765
V323	0.18538	0.29134	0.39024	0.06696	0.06608
V324	0.05813	0.10235	0.06551	0.70442	0.06959
V325	0.47983	0.1899	0.10854	0.15208	0.06963
V326	0.0511	0.14055	0.075	0.2035	0.52986
V327	0.25678	0.45434	0.14663	0.0727	0.06955
V328	0.04557	0.31394	0.18829	0.39662	0.05559
V329	0.00891	0.15769	0.36645	0.42473	0.04222
V330	0.05222	0.19849	0.67066	0.04459	0.03403
V331	0.12212	0.15286	0.10824	0.16128	0.4555
V332	0.34012	0.18263	0.38706	0.05784	0.03236
V333	0.31274	0.1542	0.28486	0.17302	0.07518
V334	0.02525	0.33933	0.49011	0.10358	0.04173
V335	0.54204	0.15931	0.10535	0.09798	0.09533
V336	0.12318	0.51708	0.27786	0.04719	0.03469
V337	0.01998	0.1271	0.03439	0.23174	0.58679
V338	0.5336	0.14162	0.16092	0.08312	0.08074
V339	0.16086	0.49622	0.21359	0.05164	0.0777
V340	0.02994	0.26602	0.13617	0.12835	0.43952
V341	0.00771	0.47008	0.41533	0.05125	0.05563
V342	0.219	0.24156	0.39276	0.12845	0.01822
V343	0.50472	0.13982	0.26654	0.07015	0.01877
V344	0.07908	0.65443	0.10403	0.07251	0.08994
V345	0.19867	0.14619	0.02713	0.30455	0.32347
V346	0.02735	0.34269	0.31542	0.26082	0.05373
V347	0.07203	0.47757	0.07422	0.30106	0.07513
V348	0.01024	0.24134	0.41295	0.22585	0.10962
V349	0.04107	0.35623	0.47321	0.05828	0.07121
V350	0.09198	0.41616	0.12358	0.23614	0.13214
V351	0.1408	0.15774	0.38945	0.27576	0.03624
V352	0.07733	0.49648	0.34841	0.05067	0.02711
V353	0.21012	0.36385	0.07566	0.10608	0.24429
V354	0.41251	0.158	0.35928	0.0554	0.01481
V355	0.07903	0.13067	0.32023	0.4274	0.04267
V356	0.06079	0.19516	0.6585	0.06062	0.02492
V357	0.02914	0.19605	0.46472	0.08307	0.22703
V358	0.05086	0.0918	0.05713	0.72912	0.07108
V359	0.07002	0.15273	0.03609	0.67692	0.06423
V360	0.53319	0.14456	0.11308	0.17844	0.03074
V361	0.26582	0.45448	0.13102	0.05819	0.09049
V362	0.6096	0.12332	0.1169	0.07355	0.07663
V363	0.03795	0.14916	0.02617	0.22	0.56673
V364	0.04269	0.31583	0.05914	0.40637	0.17597
V365	0.03809	0.06277	0.03213	0.77898	0.08804
V366	0.15213	0.19052	0.49998	0.09525	0.06213
V367	0.18201	0.28467	0.21946	0.18272	0.13114
V368	0.55173	0.18041	0.14283	0.07687	0.04816
V369	0.02805	0.57067	0.26522	0.10626	0.02979
V370	0.02382	0.23559	0.14612	0.3463	0.24817
V371	0.04248	0.74699	0.11687	0.05418	0.03947
V372	0.48596	0.16814	0.15791	0.1465	0.0415
V373	0.09154	0.57236	0.17594	0.12148	0.03868
V374	0.08532	0.16064	0.35335	0.36753	0.03316
V375	0.22218	0.16674	0.49671	0.10267	0.0117
V376	0.00703	0.16441	0.38852	0.08722	0.35282
V377	0.06857	0.47067	0.23585	0.18677	0.03813
V378	0.1026	0.51502	0.20957	0.05405	0.11876
V379	0.02912	0.14317	0.12812	0.15807	0.54152
V380	0.02295	0.15117	0.18575	0.44907	0.19105
V381	0.13797	0.17035	0.02768	0.11479	0.54921
V382	0.36016	0.09519	0.02716	0.30505	0.21245
V383	0.04072	0.10916	0.27106	0.53412	0.04494
V384	0.24203	0.14183	0.17621	0.36738	0.07255
V385	0.08322	0.20974	0.03046	0.11446	0.56213
V386	0.5231	0.10006	0.0348	0.30088	0.04116
V387	0.2472	0.09245	0.03048	0.55614	0.07374
V388	0.04048	0.70893	0.10375	0.1015	0.04534
V389	0.09795	0.66434	0.0829	0.07937	0.07544
V390	0.1754	0.07808	0.02754	0.59339	0.1256
V391	0.54658	0.21367	0.03707	0.12999	0.07269
V392	0.69704	0.1285	0.04658	0.09388	0.034
V393	0.09701	0.12287	0.16366	0.46529	0.15117
V394	0.55361	0.11327	0.05375	0.1906	0.08877
V395	0.01011	0.12415	0.35652	0.46516	0.04406
V396	0.39889	0.16533	0.36207	0.0546	0.01911
V397	0.51449	0.2062	0.06885	0.15358	0.05688
V398	0.07062	0.09321	0.18165	0.55022	0.10429
V399	0.04939	0.13778	0.01758	0.31012	0.48513
V400	0.13214	0.48294	0.19248	0.15955	0.03289
V401	0.23304	0.1641	0.51877	0.07447	0.00961
V402	0.27819	0.16956	0.38748	0.10447	0.0603
V403	0.14066	0.18215	0.02047	0.20287	0.45385
V404	0.00338	0.17433	0.44133	0.32509	0.05586
V405	0.28085	0.29561	0.10412	0.22291	0.0965
V406	0.00619	0.20525	0.7299	0.04431	0.01435
V407	0.65596	0.13515	0.06811	0.10949	0.03128
V408	0.03301	0.3982	0.04782	0.26768	0.25329
V409	0.11487	0.08643	0.08489	0.59018	0.12364
V410	0.09943	0.24809	0.31386	0.09933	0.23929
V411	0.0223	0.13571	0.0205	0.14398	0.67751
V412	0.01968	0.25432	0.15301	0.10978	0.4632
V413	0.02394	0.30523	0.17813	0.33532	0.15738
V414	0.05227	0.16564	0.02162	0.45064	0.30984
V415	0.15564	0.1261	0.02497	0.1198	0.5735
V416	0.10109	0.1944	0.04479	0.20792	0.45179
V417	0.00089	0.18036	0.63665	0.13577	0.04634
V418	0.42329	0.37987	0.06936	0.07568	0.05181
V419	0.22203	0.13861	0.04108	0.18824	0.41004
V420	0.20392	0.13257	0.12215	0.12837	0.41299
V421	0.01087	0.14707	0.14699	0.13852	0.55656
V422	0.03493	0.09043	0.07041	0.63532	0.16891
V423	0.22661	0.25773	0.27994	0.19344	0.04227
V424	0	0.1753	0.45418	0.07363	0.29689
V425	0.27975	0.39081	0.0422	0.08076	0.20648
V426	0.20897	0.22743	0.05333	0.40889	0.10138
V427	0.1616	0.5585	0.19531	0.05035	0.03425
V428	0.07619	0.58261	0.12874	0.12218	0.09029
V429	0.10035	0.66929	0.06952	0.10422	0.05663
V430	0.02543	0.16531	0.38497	0.2016	0.22269
V431	0.09413	0.38109	0.22183	0.23554	0.06741
V432	0.25481	0.159	0.14314	0.31863	0.12441
V433	0.15112	0.15484	0.45026	0.20902	0.03476
V434	0.18033	0.33612	0.3538	0.0615	0.06825
V435	0.40193	0.17218	0.32271	0.08141	0.02177
V436	0.04566	0.55503	0.15098	0.09594	0.15239
V437	0.17565	0.13763	0.04879	0.2254	0.41253
V438	0.1118	0.33569	0.21886	0.25973	0.07392
V439	0.48839	0.09422	0.07424	0.29481	0.04834
V440	0.01004	0.38758	0.50118	0.05589	0.04531
V441	0.01924	0.50217	0.38385	0.06749	0.02726
V442	0.0452	0.76662	0.08913	0.05704	0.04201
V443	0.70002	0.10379	0.0434	0.11864	0.03414
V444	0.13405	0.41508	0.0768	0.30624	0.06783
V445	0.06314	0.39931	0.0849	0.39124	0.06141
V446	0.11014	0.12217	0.11996	0.4989	0.14883
V447	0.07773	0.10023	0.03221	0.44767	0.34215
V448	0.15445	0.13389	0.04059	0.12762	0.54345
V449	0	0.19862	0.75104	0.04586	0.00448
V450	0.1692	0.20449	0.24979	0.16643	0.21009
V451	0.23199	0.2484	0.09345	0.31576	0.11039
V452	0.02947	0.09327	0.17642	0.6167	0.08414
V453	0.03484	0.10581	0.0177	0.46255	0.37909
V454	0	0.18532	0.59001	0.07371	0.15096
V455	0.04919	0.31355	0.28621	0.09975	0.25131
V456	0.69638	0.11034	0.03699	0.10401	0.05228
V457	0.50606	0.25367	0.07305	0.11192	0.0553
V458	0.01173	0.39175	0.46809	0.08556	0.04287
V459	0.13088	0.14596	0.07783	0.44474	0.2006
V460	0.49815	0.15542	0.19941	0.10979	0.03723
V461	0.1483	0.35529	0.25622	0.07215	0.16804
V462	0.06026	0.15633	0.03742	0.4766	0.26938
V463	0.20265	0.12156	0.0403	0.57259	0.0629
V464	0.11669	0.27925	0.5335	0.05507	0.0155
V465	0.04574	0.21104	0.03877	0.12933	0.57512
V466	0.03976	0.12107	0.01738	0.2003	0.62149
V467	0.06303	0.28159	0.05828	0.48145	0.11565
V468	0.4254	0.32598	0.14201	0.06074	0.04587
V469	0.01957	0.36605	0.09508	0.28034	0.23896
V470	0.62372	0.14468	0.06056	0.13418	0.03687
V471	0.31684	0.32094	0.06688	0.17238	0.12296
V472	0.0173	0.16295	0.06266	0.12381	0.63328
V473	0.02775	0.28464	0.25476	0.29004	0.14281
V474	0.25059	0.19374	0.09057	0.39183	0.07327
V475	0.11845	0.18831	0.50622	0.07622	0.11079
V476	0.14846	0.1171	0.11993	0.52215	0.09236
V477	0.03765	0.77297	0.08985	0.05732	0.04221
V478	0.16482	0.13293	0.0254	0.11799	0.55886
V479	0.62278	0.14604	0.06708	0.12796	0.03614
V480	0.11246	0.57693	0.1131	0.13898	0.05853
V481	0.20106	0.37756	0.10264	0.1979	0.12084
V482	0.08734	0.59497	0.23115	0.04775	0.0388
V483	0.25946	0.47933	0.05299	0.13906	0.06916
V484	0.17653	0.47215	0.1589	0.14885	0.04357
V485	0.49588	0.17108	0.13621	0.15375	0.04307
V486	0.05503	0.21485	0.29604	0.08095	0.35313
V487	0.10817	0.22148	0.37793	0.26057	0.03186
V488	0.35143	0.14644	0.02472	0.33029	0.14712
V489	0	0.30861	0.57247	0.09579	0.02313
V490	0.00313	0.174	0.6202	0.18411	0.01855
V491	0.02905	0.47262	0.09418	0.14576	0.25838
V492	0.04768	0.1844	0.06189	0.62681	0.07922
V493	0.04796	0.05346	0.03186	0.79148	0.07523
V494	0.28969	0.07978	0.04314	0.48398	0.10342
V495	0.25819	0.27517	0.22272	0.17884	0.06508
V496	0.12437	0.16221	0.07536	0.10881	0.52925
V497	0.09081	0.16558	0.16199	0.16851	0.41311
V498	0.05798	0.72927	0.0979	0.05976	0.05509
V499	0.0324	0.31279	0.27032	0.11584	0.26866
V500	0.09085	0.46287	0.15298	0.21705	0.07625
V501	0.06548	0.37632	0.05195	0.09871	0.40754
V502	0.10592	0.67221	0.1081	0.07629	0.03748
V503	0.34947	0.14148	0.20951	0.17025	0.12929
V504	0.39118	0.26435	0.0404	0.08589	0.21818
V505	0.49894	0.11596	0.05106	0.14681	0.18722
V506	0.01962	0.51983	0.11484	0.07733	0.26838
V507	0.63677	0.10309	0.06288	0.14685	0.05041
V508	0.01827	0.57588	0.25009	0.07906	0.0767
V509	0.04355	0.45351	0.17801	0.20275	0.12217
V510	0.32168	0.45217	0.09584	0.0923	0.03801
V511	0.04198	0.36049	0.46628	0.07457	0.05669
V512	0.11885	0.45488	0.20661	0.09259	0.12707
V513	0.13552	0.59217	0.12972	0.08758	0.055
V514	0.01426	0.14892	0.23355	0.12573	0.47754
V515	0.08865	0.16819	0.02913	0.65045	0.06358
V516	0.13692	0.36438	0.14578	0.30108	0.05184
V517	0.04022	0.09466	0.07462	0.72036	0.07014
V518	0.31776	0.14525	0.29926	0.19374	0.04399
V519	0.59933	0.14522	0.04043	0.17509	0.03993
V520	0.05871	0.71421	0.08968	0.09648	0.04091
V521	0.19121	0.08976	0.15141	0.51371	0.05392
V522	0.03199	0.28367	0.49978	0.14203	0.04253
V523	0.10373	0.20596	0.60032	0.07719	0.0128
V524	0.24672	0.18221	0.47216	0.0505	0.0484
V525	0.01779	0.29049	0.06178	0.11317	0.51677
V526	0.02172	0.20514	0.68738	0.06058	0.02517
V527	0.05767	0.46341	0.38778	0.05584	0.03529
V528	0.15862	0.06429	0.04512	0.67086	0.06111
V529	0.14958	0.19356	0.58996	0.05065	0.01624
V530	0.00658	0.19786	0.69661	0.07786	0.0211
V531	0.14241	0.49774	0.1353	0.07197	0.15258
V532	0.04843	0.33737	0.30328	0.06621	0.24471
V533	0.24641	0.12911	0.0189	0.11249	0.49309
V534	0.13282	0.12357	0.02495	0.63873	0.07993
V535	0.61303	0.19302	0.08538	0.07448	0.03408
V536	0.09617	0.27953	0.36401	0.08391	0.17637
V537	0.0284	0.1526	0.03651	0.12857	0.65391
V538	0.49253	0.19381	0.03757	0.10319	0.17291
V539	0.00437	0.26351	0.55959	0.11782	0.05471
V540	0.1335	0.46549	0.13348	0.09932	0.16821
V541	0.02979	0.43731	0.06573	0.10533	0.36184
V542	0.03839	0.35298	0.14776	0.37464	0.08623
V543	0.04232	0.24007	0.56935	0.08163	0.06663
V544	0.27	0.26862	0.19627	0.11267	0.15244
V545	0.48189	0.35263	0.05708	0.0745	0.03391
V546	0.05166	0.67359	0.14561	0.05752	0.07162
V547	0.07541	0.66786	0.06896	0.12976	0.058
V548	0.03652	0.11067	0.03461	0.74437	0.07382
V549	0.01919	0.12667	0.04242	0.24358	0.56814
V550	0.02946	0.71345	0.15909	0.0567	0.04129
V551	0.05023	0.05137	0.02442	0.80382	0.07017
V552	0.20123	0.1381	0.04093	0.13443	0.48531
V553	0.59489	0.11096	0.04888	0.18234	0.06293
V554	0.08632	0.17711	0.43498	0.26698	0.03461
V555	0.03588	0.76367	0.08713	0.05598	0.05734
V556	0.08947	0.11985	0.08049	0.61571	0.09448
V557	0.25939	0.27644	0.07303	0.31488	0.07626
V558	0.00175	0.18585	0.64038	0.14589	0.02612
V559	0.07129	0.42573	0.41491	0.05009	0.03799
V560	0.47023	0.28262	0.15938	0.06185	0.02592
V561	0.53771	0.12342	0.15192	0.08084	0.10611
V562	0.10932	0.1814	0.1714	0.15676	0.38112
V563	0.17162	0.31804	0.22161	0.14257	0.14616
V564	0.29619	0.12218	0.08232	0.32832	0.171
V565	0.01983	0.13526	0.03586	0.15844	0.65061
V566	0.25393	0.20852	0.05749	0.31266	0.1674
V567	0.00577	0.19517	0.74523	0.04488	0.00895
V568	0.02313	0.28843	0.40096	0.26	0.02748
V569	0.47614	0.18498	0.13025	0.15505	0.05358
V570	0.11596	0.13915	0.2765	0.38579	0.08261
V571	0.21771	0.1277	0.23512	0.30652	0.11296
V572	0.64663	0.11175	0.03174	0.09221	0.11768
V573	0.06729	0.18051	0.32445	0.32616	0.10159
V574	0.40076	0.31182	0.11255	0.12919	0.04568
V575	0.30326	0.15085	0.13801	0.12038	0.28749
V576	0.03322	0.74264	0.08352	0.06223	0.07838
V577	0.32267	0.45144	0.08856	0.09867	0.03867
V578	0.01734	0.25728	0.46566	0.20614	0.05359
V579	0.01033	0.49499	0.33429	0.06733	0.09306
V580	0.17752	0.48814	0.06775	0.20895	0.05763
V581	0.03489	0.46402	0.36902	0.10379	0.02829
V582	0	0.21384	0.73053	0.05037	0.00526
V583	0.445	0.15088	0.30893	0.07763	0.01756
V584	0.17581	0.47739	0.14983	0.08108	0.1159
V585	0.03581	0.66542	0.12917	0.09505	0.07456
V586	0.02554	0.66487	0.21685	0.06024	0.0325
V587	0.04523	0.6214	0.06854	0.08345	0.18138
V588	0.17141	0.40575	0.35139	0.04722	0.02424
V589	0.08901	0.39436	0.09183	0.36025	0.06455
V590	0.03944	0.68578	0.06798	0.06735	0.13944
V591	0.35674	0.44989	0.08959	0.06603	0.03774
V592	0.00641	0.18104	0.63706	0.07393	0.10157
V593	0.35854	0.08612	0.03013	0.44217	0.08304
V594	0	0.24521	0.56011	0.14882	0.04586
V595	0.41867	0.132	0.09159	0.29341	0.06433
V596	0.34715	0.25467	0.21477	0.14249	0.04092
V597	0.0291	0.27341	0.03522	0.18182	0.48046
V598	0.47821	0.12019	0.03082	0.09286	0.27792
V599	0.06701	0.39555	0.13308	0.33709	0.06726
V600	0.23135	0.12681	0.1918	0.3387	0.11133
V601	0.13532	0.17038	0.03082	0.44062	0.22285
V602	0.62202	0.21478	0.0439	0.08539	0.03392
V603	0.11979	0.23281	0.05598	0.19206	0.39936
V604	0.00873	0.18642	0.59843	0.12155	0.08488
V605	0.02805	0.19034	0.14853	0.14878	0.4843
V606	0.64693	0.10634	0.03116	0.09297	0.1226
V607	0.1463	0.21601	0.04654	0.11051	0.48064
V608	0.57629	0.12506	0.06146	0.1373	0.09989
V609	0.16325	0.32207	0.05298	0.3614	0.1003
V610	0.07572	0.57573	0.06821	0.23004	0.0503
V611	0.19694	0.18513	0.50947	0.06506	0.04339
V612	0.29104	0.18081	0.29434	0.07556	0.15824
V613	0.3198	0.47402	0.09109	0.08129	0.03381
V614	0.43777	0.138	0.04468	0.14	0.23955
V615	0.01808	0.17201	0.15316	0.49998	0.15676
V616	0.49787	0.12226	0.16201	0.1664	0.05146
V617	0.16977	0.20305	0.4117	0.11949	0.096
V618	0.54527	0.18375	0.09369	0.08225	0.09504
V619	0.42196	0.164	0.16578	0.07674	0.17153
V620	0.0434	0.13962	0.33937	0.43483	0.04278
V621	0.10959	0.30564	0.29757	0.06513	0.22207
V622	0.0111	0.30496	0.34589	0.07459	0.26345
V623	0.08328	0.0793	0.02657	0.62203	0.18882
V624	0.67917	0.10523	0.04001	0.10167	0.07392
V625	0.02695	0.12715	0.11926	0.66126	0.06539
V626	0.0575	0.1693	0.48421	0.25167	0.03731
V627	0.09325	0.25765	0.14241	0.10904	0.39766
V628	0.69721	0.11602	0.04457	0.10829	0.03391
V629	0.08667	0.31189	0.52419	0.06038	0.01687
V630	0.01833	0.27362	0.05222	0.12255	0.53329
V631	0.00383	0.16225	0.2779	0.10196	0.45406
V632	0.03878	0.67466	0.07429	0.08413	0.12814
V633	0.06291	0.10389	0.10982	0.47888	0.2445
V634	0.31151	0.42002	0.18088	0.06021	0.02737
V635	0.03393	0.22877	0.20261	0.1049	0.42979
V636	0.15618	0.25404	0.30338	0.18921	0.09719
V637	0.16737	0.15514	0.37265	0.2274	0.07743
V638	0.06653	0.46835	0.06882	0.1334	0.2629
V639	0.4003	0.38501	0.11949	0.06078	0.03442
V640	0.09863	0.26325	0.11016	0.24787	0.28008
V641	0.08211	0.62089	0.08652	0.1535	0.05698
V642	0.56685	0.12289	0.03767	0.23464	0.03794
V643	0.03924	0.71745	0.13622	0.06947	0.03761
V644	0.04645	0.41387	0.06965	0.39535	0.07468
V645	0.13279	0.63127	0.08166	0.1147	0.03958
V646	0.11468	0.48871	0.08185	0.22815	0.08662
V647	0.69278	0.10282	0.04242	0.12776	0.03423
V648	0.36709	0.17955	0.03438	0.27647	0.14252
V649	0.22775	0.19687	0.10242	0.16357	0.30939
V650	0.04963	0.06324	0.08151	0.74157	0.06406
V651	0.14082	0.23481	0.03375	0.53285	0.05777
V652	0.31418	0.08721	0.06027	0.47733	0.06101
V653	0.29608	0.09927	0.07574	0.45258	0.07632
V654	0.03855	0.19155	0.02132	0.16191	0.58666
V655	0.13292	0.16145	0.29269	0.37183	0.04111
V656	0.11168	0.13411	0.0168	0.18756	0.54985
V657	0.03445	0.46502	0.0802	0.30323	0.11709
V658	0.0423	0.11291	0.05225	0.55309	0.23945
V659	0.03542	0.09573	0.0985	0.66655	0.1038
V660	0.05593	0.38429	0.06067	0.1156	0.38351
V661	0.03685	0.58713	0.07488	0.19004	0.1111
V662	0.02987	0.4601	0.06797	0.08427	0.35779
V663	0.71801	0.1071	0.04696	0.09306	0.03488
V664	0.03175	0.11082	0.13633	0.38667	0.33442
V665	0.01891	0.56592	0.24985	0.10876	0.05657
V666	0.07415	0.71522	0.11306	0.05918	0.0384
V667	0.02251	0.50778	0.28816	0.12147	0.06008
V668	0.48148	0.27556	0.08864	0.10922	0.04511
V669	0.37043	0.32857	0.06874	0.13118	0.10108
V670	0.0764	0.57607	0.10291	0.08524	0.15937
V671	0.55863	0.12949	0.19443	0.09034	0.02711
V672	0.08818	0.17442	0.11241	0.31048	0.3145
V673	0.02156	0.14416	0.01928	0.19928	0.61572
V674	0.26627	0.22158	0.426	0.0499	0.03625
V675	0.53357	0.11042	0.06666	0.18554	0.10382
V676	0.189	0.22958	0.43461	0.05281	0.094
V677	0.04025	0.31174	0.23879	0.33048	0.07873
V678	0.04718	0.36925	0.0513	0.11368	0.41861
V679	0.01371	0.14482	0.42249	0.38199	0.03699
V680	0.1593	0.10829	0.03982	0.35537	0.33723
V681	0.42275	0.12398	0.06793	0.2875	0.09784
V682	0	0.19862	0.75104	0.04586	0.00448
V683	0.04414	0.28786	0.54377	0.04748	0.07675
V684	0.08199	0.06331	0.03086	0.75632	0.06752
V685	0.00049	0.19263	0.68002	0.11356	0.01329
V686	0.22434	0.53683	0.12503	0.07126	0.04254
V687	0.00052	0.15467	0.51642	0.29473	0.03366
V688	0	0.19578	0.73954	0.05029	0.01439
V689	0.38032	0.1688	0.2008	0.14109	0.10899
V690	0.08331	0.71047	0.08917	0.07213	0.04491
V691	0.13543	0.18474	0.07594	0.5262	0.07769
V692	0.08477	0.08925	0.03689	0.66407	0.12502
V693	0.00936	0.47709	0.42092	0.06703	0.0256
V694	0.08945	0.23446	0.07113	0.50235	0.10261
V695	0.10948	0.23018	0.16533	0.10163	0.39338
V696	0.08588	0.17892	0.61012	0.05398	0.0711
V697	0.08634	0.21074	0.30784	0.29508	0.10001
V698	0.01667	0.1609	0.19061	0.11098	0.52083
V699	0.05088	0.09574	0.0687	0.5851	0.19958
V700	0.0443	0.69131	0.13979	0.05203	0.07257
V701	0.01903	0.27307	0.04388	0.11774	0.54627
V702	0.03809	0.17246	0.03402	0.59308	0.16235
V703	0.04412	0.07321	0.04862	0.76102	0.07303
V704	0.03321	0.20555	0.374	0.08664	0.3006
V705	0.69525	0.11624	0.03761	0.09874	0.05216
V706	0.13357	0.21962	0.17753	0.37556	0.09372
V707	0.12768	0.21148	0.09754	0.28062	0.28268
V708	0.01318	0.53039	0.3829	0.05068	0.02286
V709	0.01814	0.14728	0.05358	0.12796	0.65304
V710	0.09818	0.18727	0.43305	0.06464	0.21685
V711	0.06362	0.12907	0.04167	0.13849	0.62715
V712	0.04319	0.17834	0.58413	0.17072	0.02363
V713	0.19056	0.4147	0.31413	0.05902	0.0216
V714	0.05773	0.13515	0.01866	0.13186	0.65659
V715	0.0015	0.33798	0.52498	0.11457	0.02098
V716	0.55743	0.23297	0.05308	0.1098	0.04672
V717	0.31742	0.2496	0.14483	0.08912	0.19903
V718	0.49254	0.14062	0.25482	0.06586	0.04618
V719	0.31911	0.28889	0.13303	0.14831	0.11065
V720	0.11269	0.17134	0.1097	0.12821	0.47806
V721	0.03411	0.13982	0.0684	0.13581	0.62187
V722	0.03137	0.27842	0.09048	0.43649	0.16324
V723	0.10239	0.2611	0.14013	0.43195	0.06443
V724	0.10621	0.57171	0.09823	0.17827	0.04558
V725	0.03846	0.13663	0.02737	0.13186	0.66568
V726	0.18076	0.47477	0.10202	0.10415	0.1383
V727	0	0.19873	0.73686	0.05005	0.01436
V728	0.57642	0.13286	0.1392	0.12044	0.03108
V729	0.47687	0.18061	0.05979	0.2401	0.04264
V730	0.10073	0.15237	0.35337	0.32415	0.06937
V731	0.03234	0.07842	0.0836	0.74127	0.06436
V732	0.04856	0.05277	0.03226	0.79723	0.06918
V733	0.014	0.21005	0.71754	0.04402	0.01438
V734	0.36669	0.19895	0.32105	0.08608	0.02722
V735	0.06011	0.26679	0.23088	0.09974	0.34248
V736	0.02035	0.16705	0.02957	0.12943	0.65361
V737	0.71389	0.11223	0.04703	0.09213	0.03471
V738	0.02195	0.47332	0.06121	0.09085	0.35267
V739	0.04904	0.06775	0.02476	0.7886	0.06986
V740	0.1859	0.20064	0.12764	0.1032	0.38261
V741	0.41757	0.11165	0.03051	0.31004	0.13023
V742	0.0555	0.17847	0.47306	0.17486	0.11811
V743	0.03171	0.17452	0.09503	0.18479	0.51395
V744	0.17002	0.15334	0.18063	0.42452	0.0715
V745	0.16407	0.09433	0.07035	0.60817	0.06308
V746	0.28951	0.49656	0.092	0.06421	0.05771
V747	0.0139	0.20855	0.70855	0.04934	0.01965
V748	0.12955	0.29328	0.28056	0.10682	0.18979
V749	0.16388	0.18578	0.13987	0.37812	0.13234
V750	0.5712	0.23569	0.04854	0.11094	0.03363
V751	0.01943	0.39665	0.5035	0.06019	0.02023
V752	0.02694	0.23607	0.04928	0.12015	0.56756
V753	0.40958	0.17401	0.23672	0.08418	0.09551
V754	0.11209	0.32657	0.04778	0.45382	0.05975
V755	0.19337	0.60832	0.10247	0.05544	0.0404
V756	0.02694	0.21807	0.04754	0.15457	0.55288
V757	0.16813	0.08129	0.11836	0.5736	0.05861
V758	0.06793	0.41141	0.04701	0.41393	0.05972
V759	0.08395	0.16829	0.11887	0.10593	0.52296
V760	0.07089	0.15985	0.21719	0.26338	0.28869
V761	0.03832	0.32899	0.56808	0.0486	0.01601
V762	0.02083	0.15305	0.1847	0.37345	0.26797
V763	0.02955	0.33983	0.04103	0.10293	0.48666
V764	0.11529	0.13146	0.10663	0.57999	0.06663
V765	0.12423	0.18854	0.53918	0.08293	0.06513
V766	0.05455	0.47439	0.26811	0.08938	0.11357
V767	0.22225	0.45517	0.10832	0.0963	0.11796
V768	0.04752	0.70229	0.11859	0.08785	0.04375
V769	0.55491	0.13725	0.18779	0.07071	0.04934
V770	0.23339	0.15529	0.42932	0.16001	0.02198
V771	0.05572	0.63842	0.07148	0.12753	0.10685
V772	0.0295	0.20235	0.71405	0.0494	0.00469
V773	0.03975	0.12318	0.01695	0.246	0.57412
V774	0.1205	0.17524	0.4686	0.06034	0.17533
V775	0.67767	0.10388	0.0529	0.12391	0.04165
V776	0.27626	0.4124	0.18877	0.07603	0.04653
V777	0.16686	0.38924	0.25753	0.12897	0.0574
V778	0.43259	0.1467	0.03959	0.23358	0.14755
V779	0.04567	0.41973	0.45295	0.05475	0.0269
V780	0.00623	0.19438	0.74463	0.05045	0.0043
V781	0.14451	0.36145	0.19864	0.06735	0.22805
V782	0.20168	0.30774	0.05481	0.09353	0.34224
V783	0	0.17932	0.55348	0.0784	0.18879
V784	0.03	0.55969	0.05761	0.24868	0.10404
V785	0.54871	0.19941	0.036	0.1472	0.06867
V786	0.1561	0.23461	0.04779	0.48976	0.07174
V787	0.11803	0.53818	0.05586	0.20076	0.08717
V788	0.30199	0.41198	0.11198	0.06193	0.11212
V789	0.0238	0.22678	0.03404	0.39471	0.32067
V790	0.23816	0.28835	0.09353	0.15758	0.22237
V791	0.15567	0.28373	0.10265	0.21766	0.24029
V792	0.69571	0.11961	0.05701	0.08645	0.04123
V793	0.27275	0.31286	0.08798	0.13962	0.18678
V794	0.02156	0.14956	0.12034	0.2327	0.47584
V795	0.10736	0.69522	0.08764	0.06054	0.04923
V796	0.23802	0.39941	0.14393	0.16471	0.05393
V797	0.13859	0.12454	0.017	0.13593	0.58394
V798	0.11395	0.49381	0.05664	0.13348	0.20213
V799	0.0447	0.20712	0.07919	0.57506	0.09393
V800	0.03699	0.13662	0.03373	0.20681	0.58586
V801	0.31506	0.10574	0.13909	0.3778	0.06231
V802	0.03692	0.28797	0.04461	0.11358	0.51692
V803	0.27335	0.10182	0.03116	0.52199	0.07168
V804	0.16668	0.23278	0.2103	0.31999	0.07024
V805	0.1135	0.24088	0.39541	0.17007	0.08014
V806	0.37372	0.14499	0.19941	0.11669	0.16519
V807	0.55553	0.11926	0.08775	0.11433	0.12313
V808	0.63336	0.1177	0.07621	0.08346	0.08926
V809	0.16451	0.55062	0.07849	0.08424	0.12213
V810	0.03898	0.14906	0.0614	0.44203	0.30854
V811	0.05409	0.2063	0.04598	0.18554	0.50809
V812	0.02021	0.58393	0.23486	0.10865	0.05235
V813	0.02518	0.31371	0.2349	0.07927	0.34695
V814	0.16384	0.49757	0.11407	0.17146	0.05307
V815	0.18827	0.58258	0.09189	0.0957	0.04156
V816	0.03095	0.4719	0.05896	0.36383	0.07436
V817	0.58354	0.14329	0.16056	0.08799	0.02463
V818	0.02842	0.30287	0.34574	0.09017	0.23279
V819	0.69322	0.11665	0.05032	0.10665	0.03316
V820	0.0651	0.36809	0.15648	0.34419	0.06613
V821	0.02237	0.13631	0.0208	0.13793	0.68259
V822	0.18582	0.08017	0.03802	0.63584	0.06015
V823	0.04051	0.21765	0.23637	0.08897	0.41651
V824	0.07245	0.15988	0.04337	0.12006	0.60423
V825	0.11031	0.16603	0.53964	0.16974	0.01428
V826	0.02164	0.19565	0.71742	0.06049	0.0048
V827	0.29917	0.20237	0.02926	0.35449	0.11471
V828	0.20611	0.24056	0.1306	0.12545	0.29729
V829	0.07495	0.20959	0.2993	0.19563	0.22054
V830	0.10508	0.18682	0.56879	0.06586	0.07345
V831	0.02908	0.63518	0.11184	0.16656	0.05735
V832	0.19224	0.11352	0.08885	0.27334	0.33206
V833	0.15643	0.64767	0.0755	0.05704	0.06335
V834	0.56122	0.20766	0.06968	0.09337	0.06806
V835	0.21002	0.31482	0.12277	0.25851	0.09388
V836	0.27659	0.19235	0.38549	0.12367	0.0219
V837	0.03147	0.70651	0.08659	0.0865	0.08892
V838	0.03069	0.06615	0.09971	0.73402	0.06943
V839	0.04073	0.16623	0.09497	0.1142	0.58387
V840	0.686	0.11271	0.06129	0.10369	0.03631
V841	0.15674	0.18754	0.59364	0.05075	0.01133
V842	0.40088	0.15381	0.2065	0.20099	0.03781
V843	0.37093	0.1344	0.15939	0.1297	0.20557
V844	0.00343	0.28289	0.62921	0.06037	0.0241
V845	0.04649	0.08547	0.01809	0.57433	0.27562
V846	0.10304	0.17046	0.11861	0.14696	0.46094
V847	0.19164	0.12832	0.07237	0.19449	0.41318
V848	0.57084	0.13364	0.03556	0.14699	0.11298
V849	0.0962	0.20871	0.58001	0.0529	0.06218
V850	0.17534	0.16907	0.28179	0.17819	0.19562
V851	0.71633	0.1058	0.03999	0.09811	0.03976
V852	0.21039	0.17055	0.10102	0.21417	0.30387
V853	0.02149	0.24595	0.52507	0.14465	0.06284
V854	0.03499	0.38913	0.2663	0.11876	0.19083
V855	0.09247	0.38767	0.13062	0.29021	0.09902
V856	0.13562	0.41827	0.09623	0.07447	0.27541
V857	0.07571	0.14917	0.18271	0.3868	0.20561
V858	0.02118	0.37932	0.21646	0.21734	0.16569
V859	0.13933	0.08164	0.04509	0.64939	0.08456
V860	0.0518	0.19525	0.09474	0.56005	0.09816
V861	0.13847	0.10847	0.14655	0.54984	0.05667
V862	0.07247	0.13088	0.04059	0.18814	0.56792
V863	0.03483	0.75461	0.09318	0.06072	0.05665
V864	0.02218	0.1841	0.69873	0.08885	0.00615
V865	0.06244	0.16281	0.53978	0.21776	0.01721
V866	0.02158	0.19248	0.54547	0.20737	0.03309
V867	0.47056	0.1401	0.03214	0.09072	0.26648
V868	0.17329	0.29078	0.37046	0.13031	0.03516
V869	0.02781	0.13047	0.04388	0.13699	0.66086
V870	0.2307	0.23738	0.10728	0.25146	0.17318
V871	0.03888	0.17789	0.12108	0.17254	0.4896
V872	0.33294	0.11672	0.039	0.429	0.08235
V873	0.05316	0.34473	0.18034	0.33399	0.08779
V874	0.09233	0.17147	0.02756	0.12514	0.58351
V875	0.02436	0.23587	0.05283	0.45905	0.22789
V876	0.39186	0.16979	0.08331	0.09518	0.25986
V877	0.18853	0.54856	0.09595	0.12027	0.04668
V878	0.0298	0.59937	0.10119	0.21552	0.05411
V879	0.67518	0.13347	0.05029	0.10379	0.03727
V880	0.0854	0.1643	0.05323	0.41279	0.28428
V881	0.00318	0.17939	0.48697	0.06872	0.26174
V882	0.04879	0.43774	0.06501	0.39635	0.05211
V883	0.41158	0.23068	0.04653	0.2053	0.10591
V884	0.02273	0.12819	0.02058	0.146	0.68249
V885	0.13212	0.20124	0.36118	0.14276	0.16269
V886	0.01927	0.11532	0.05012	0.2848	0.5305
V887	0.07548	0.72513	0.08279	0.05575	0.06085
V888	0.07074	0.16109	0.08345	0.58523	0.09949
V889	0.09691	0.67717	0.10795	0.07031	0.04766
V890	0.04512	0.10569	0.15702	0.55971	0.13248
V891	0	0.21307	0.72588	0.05562	0.00543
V892	0.46692	0.28021	0.05952	0.07709	0.11626
V893	0.1076	0.27546	0.45423	0.10614	0.05658
V894	0.08717	0.48308	0.09788	0.25544	0.07642
V895	0.4958	0.13894	0.26135	0.08025	0.02366
V896	0.1717	0.27199	0.24488	0.2727	0.03873
V897	0.02941	0.06927	0.06248	0.68664	0.1522
V898	0.34356	0.12501	0.03451	0.1187	0.37822
V899	0.43577	0.32914	0.12093	0.06244	0.05173
V900	0.20116	0.28665	0.27546	0.19367	0.04306
V901	0.52569	0.14121	0.03579	0.21019	0.08713
V902	0.63698	0.14052	0.05332	0.10983	0.05934
V903	0.24146	0.14725	0.09546	0.44012	0.07571
