mature.neutrophil	CD14.pos.CD16.neg.classical.monocyte	macrophage	memory.CD4.pos.AB.T.cell	cytotoxic.CD56.dim.NK.cell
V1	0.24025	0.16989	0.31607	0.18846	0.08534
V2	0.03198	0.55494	0.22058	0.12643	0.06608
V3	0.05607	0.09598	0.44033	0.38346	0.02417
V4	0.01558	0.16736	0.26924	0.1643	0.38352
V5	0.02667	0.16626	0.11525	0.21389	0.47793
V6	0.24797	0.10298	0.32075	0.25732	0.07098
V7	0.00916	0.16316	0.42686	0.15619	0.24463
V8	0.02575	0.12296	0.75311	0.09698	0.00119
V9	0.05186	0.07655	0.30004	0.53706	0.03448
V10	0.35545	0.10619	0.48255	0.04223	0.01358
V11	0.03615	0.17606	0.15592	0.18437	0.4475
V12	0.06325	0.12281	0.26321	0.33958	0.21116
V13	0.10247	0.13184	0.11312	0.43355	0.21902
V14	0.1259	0.07169	0.14605	0.57132	0.08504
V15	0.0411	0.07317	0.08839	0.72723	0.07011
V16	0.42066	0.10471	0.10896	0.33117	0.03451
V17	0.0514	0.29508	0.10901	0.17456	0.36995
V18	0.0597	0.324	0.34851	0.2368	0.03099
V19	0.03941	0.17246	0.0652	0.22723	0.4957
V20	0.01464	0.10509	0.64715	0.22158	0.01153
V21	0.01129	0.28013	0.21773	0.24021	0.25064
V22	0.61963	0.11924	0.16563	0.05979	0.03571
V23	0.06937	0.16572	0.08617	0.24012	0.43863
V24	0.3454	0.18487	0.10966	0.14022	0.21984
V25	0.03002	0.13639	0.08655	0.44249	0.30455
V26	0.35398	0.22109	0.16211	0.12168	0.14113
V27	0.08436	0.40123	0.29969	0.09182	0.1229
V28	0.02974	0.11864	0.26018	0.53908	0.05236
V29	0.01524	0.07697	0.35302	0.51703	0.03774
V30	0.5541	0.14266	0.12794	0.09375	0.08156
V31	0.3111	0.17343	0.10904	0.27904	0.12738
V32	0.70383	0.06587	0.10265	0.07164	0.05602
V33	0.0216	0.26594	0.10269	0.22182	0.38795
V34	0.0827	0.59292	0.18834	0.08553	0.05051
V35	0.06531	0.44469	0.37353	0.08842	0.02806
V36	0.01953	0.24593	0.2371	0.18953	0.30791
V37	0.57403	0.08708	0.08279	0.09849	0.15761
V38	0.0935	0.12115	0.4712	0.22975	0.0844
V39	0.2481	0.13638	0.36762	0.09185	0.15605
V40	0.161	0.44599	0.17083	0.16453	0.05764
V41	0.02887	0.60188	0.1918	0.08918	0.08827
V42	0.65497	0.09228	0.11686	0.07533	0.06057
V43	0.35826	0.15737	0.40044	0.07206	0.01187
V44	0.02856	0.27382	0.56475	0.06505	0.06782
V45	0.01979	0.48032	0.24368	0.19387	0.06234
V46	0.07696	0.53898	0.23353	0.1004	0.05013
V47	0.02238	0.1295	0.80307	0.03901	0.00604
V48	0.1208	0.16657	0.28332	0.33798	0.09133
V49	0.33932	0.16205	0.30199	0.17634	0.0203
V50	0.03583	0.13669	0.78873	0.03772	0.00103
V51	0.07309	0.2811	0.27718	0.15435	0.21427
V52	0.03462	0.62875	0.19495	0.08758	0.0541
V53	0.03434	0.1615	0.11051	0.63503	0.05862
V54	0.16836	0.08041	0.08921	0.52216	0.13986
V55	0.07551	0.05997	0.0855	0.71656	0.06246
V56	0.07112	0.06521	0.08586	0.66555	0.11225
V57	0.11957	0.18206	0.54934	0.08275	0.06629
V58	0.05988	0.13258	0.18827	0.28498	0.33429
V59	0.64742	0.07911	0.18019	0.06812	0.02515
V60	0.31064	0.20729	0.2192	0.18114	0.08173
V61	0.15297	0.13137	0.09553	0.30331	0.31682
V62	0.04675	0.14966	0.32843	0.21598	0.25918
V63	0.2941	0.25905	0.16727	0.12179	0.15779
V64	0.70413	0.07491	0.12006	0.06568	0.03523
V65	0.07192	0.12529	0.12347	0.56093	0.1184
V66	0.03542	0.06814	0.19636	0.64737	0.05272
V67	0.01012	0.15448	0.3562	0.18701	0.2922
V68	0.34727	0.09467	0.42236	0.08824	0.04747
V69	0.43936	0.1532	0.28113	0.07871	0.04759
V70	0.03794	0.49985	0.20391	0.20509	0.05322
V71	0.06296	0.5469	0.21362	0.12798	0.04853
V72	0.0268	0.37638	0.13865	0.15125	0.30692
V73	0.05328	0.08988	0.16619	0.53718	0.15348
V74	0.02838	0.10344	0.09598	0.67493	0.09727
V75	0.35028	0.19286	0.3755	0.06248	0.01888
V76	0.03154	0.06666	0.09841	0.713	0.09039
V77	0.03378	0.121	0.77598	0.06921	3e-05
V78	0.02155	0.13275	0.79467	0.04515	0.00589
V79	0.05405	0.35274	0.15714	0.22348	0.21257
V80	0.08515	0.52821	0.16924	0.12866	0.08874
V81	0.02943	0.12847	0.80281	0.03778	0.00151
V82	0.1761	0.15984	0.13014	0.48617	0.04775
V83	0.08006	0.13454	0.10531	0.5178	0.16229
V84	0.07622	0.25066	0.09043	0.18255	0.40014
V85	0.02265	0.12864	0.80211	0.04447	0.00213
V86	0.01986	0.22506	0.36087	0.36092	0.03329
V87	0.34004	0.06783	0.12766	0.42035	0.04411
V88	0.227	0.19704	0.14532	0.25933	0.17131
V89	0.04686	0.16481	0.71471	0.07183	0.00179
V90	0.01806	0.25467	0.13909	0.21675	0.37143
V91	0.02721	0.06415	0.15152	0.7001	0.05702
V92	0.18706	0.16489	0.09789	0.17896	0.3712
V93	0.01275	0.14111	0.22589	0.48544	0.13482
V94	0.03308	0.22949	0.10879	0.31771	0.31093
V95	0.04918	0.27683	0.11514	0.21702	0.34183
V96	0.60079	0.08227	0.11459	0.09917	0.10318
V97	0.12893	0.15902	0.11147	0.22964	0.37094
V98	0.03373	0.32971	0.27589	0.19816	0.1625
V99	0.37705	0.15774	0.10312	0.2652	0.0969
V100	0.39574	0.19127	0.15036	0.13159	0.13103
V101	0.04044	0.62065	0.20013	0.08626	0.05252
V102	0.22517	0.24125	0.22915	0.17705	0.12738
V103	0.1113	0.15517	0.06824	0.19325	0.47204
V104	0.03067	0.37369	0.19594	0.14207	0.25763
V105	0.02747	0.1708	0.1013	0.22163	0.4788
V106	0.03089	0.53529	0.29829	0.08051	0.05502
V107	0.04567	0.22324	0.63577	0.08481	0.01052
V108	0.02807	0.20803	0.71611	0.04219	0.0056
V109	0.04456	0.24132	0.14879	0.33357	0.23177
V110	0.12512	0.37527	0.30234	0.1608	0.03647
V111	0.21698	0.22186	0.50238	0.05156	0.00722
V112	0.14009	0.08318	0.17298	0.46274	0.14101
V113	0.18363	0.12421	0.1673	0.24686	0.27799
V114	0.42145	0.12316	0.14134	0.22436	0.08969
V115	0.66256	0.06848	0.09646	0.08445	0.08804
V116	0.03575	0.17345	0.06569	0.20666	0.51846
V117	0.05147	0.11804	0.71017	0.10802	0.0123
V118	0.05462	0.06221	0.08529	0.7247	0.07318
V119	0.24445	0.09078	0.40979	0.24427	0.01071
V120	0.02234	0.11439	0.71348	0.13104	0.01874
V121	0.13899	0.52147	0.17003	0.09166	0.07785
V122	0.02045	0.33145	0.19708	0.28877	0.16226
V123	0.36417	0.10953	0.15693	0.24539	0.12398
V124	0.15885	0.17801	0.14408	0.29341	0.22565
V125	0.03374	0.35118	0.53373	0.06032	0.02104
V126	0.11304	0.22362	0.28576	0.19505	0.18254
V127	0.21593	0.09723	0.60091	0.08443	0.00151
V128	0.14694	0.53803	0.18375	0.07791	0.05336
V129	0.19655	0.12545	0.31171	0.22957	0.13672
V130	0.01637	0.39416	0.17376	0.27951	0.13621
V131	0.02502	0.07429	0.27539	0.58521	0.04009
V132	0.26829	0.10158	0.07531	0.37672	0.1781
V133	0.00874	0.15621	0.53039	0.15307	0.15159
V134	0.06553	0.12908	0.69323	0.07027	0.0419
V135	0.02758	0.17256	0.66115	0.07857	0.06015
V136	0.71926	0.06603	0.1068	0.06943	0.03847
V137	0.6731	0.08347	0.10465	0.09227	0.04652
V138	0.18411	0.20077	0.16395	0.22512	0.22604
V139	0.10038	0.06337	0.21866	0.57384	0.04376
V140	0.03406	0.15818	0.20057	0.17785	0.42934
V141	0.02233	0.22172	0.61502	0.12781	0.01311
V142	0.16122	0.11268	0.3557	0.20102	0.16938
V143	0.01639	0.21786	0.49189	0.18667	0.08719
V144	0.36841	0.20939	0.17526	0.17635	0.07059
V145	0.02029	0.1315	0.78608	0.05233	0.00981
V146	0.02521	0.3069	0.12127	0.35625	0.19037
V147	0.08018	0.13996	0.62583	0.13486	0.01918
V148	0.10931	0.54745	0.18494	0.10399	0.05431
V149	0.0351	0.06628	0.08566	0.72403	0.08894
V150	0.11302	0.2149	0.57364	0.05515	0.04329
V151	0.32546	0.07733	0.09378	0.40616	0.09728
V152	0.02764	0.06783	0.17777	0.6404	0.08635
V153	0.12813	0.20891	0.47677	0.11006	0.07614
V154	0.08107	0.46123	0.16911	0.12898	0.1596
V155	0.04231	0.06811	0.19621	0.64174	0.05164
V156	0.07703	0.13531	0.40987	0.21376	0.16403
V157	0.07258	0.14227	0.22446	0.33146	0.22923
V158	0.15251	0.11857	0.44783	0.12645	0.15465
V159	0.08955	0.19865	0.12126	0.52337	0.06718
V160	0.33791	0.19612	0.18644	0.13047	0.14906
V161	0.16977	0.15812	0.1259	0.16629	0.37992
V162	0.0231	0.13467	0.80094	0.03867	0.00261
V163	0.05821	0.16376	0.0767	0.21682	0.4845
V164	0.6853	0.09472	0.11709	0.07118	0.0317
V165	0.44586	0.20301	0.19232	0.1103	0.04851
V166	0.04998	0.07778	0.28169	0.51486	0.07568
V167	0.02014	0.47938	0.16951	0.2039	0.12707
V168	0.0231	0.13467	0.80094	0.03867	0.00261
V169	0.03525	0.48492	0.29839	0.13715	0.0443
V170	0.17549	0.31261	0.17661	0.2422	0.09309
V171	0.22912	0.13356	0.39371	0.20554	0.03807
V172	0.13494	0.26539	0.16348	0.15447	0.28172
V173	0.15737	0.14746	0.17238	0.40288	0.11991
V174	0.16076	0.10167	0.37477	0.24442	0.11838
V175	0.05825	0.21241	0.1945	0.26781	0.26702
V176	0.28026	0.06484	0.0917	0.51835	0.04485
V177	0.15164	0.11019	0.53961	0.18981	0.00874
V178	0.21111	0.11893	0.4631	0.1566	0.05027
V179	0.08837	0.1685	0.07035	0.19478	0.478
V180	0.02598	0.16003	0.36335	0.14124	0.30941
V181	0.0516	0.30639	0.09878	0.19746	0.34577
V182	0.41257	0.20731	0.11977	0.20594	0.05441
V183	0.04763	0.62097	0.19284	0.0816	0.05696
V184	0.23751	0.0814	0.33538	0.31513	0.03059
V185	0.07121	0.38908	0.15415	0.22302	0.16253
V186	0.10235	0.22076	0.12097	0.31976	0.23617
V187	0.05514	0.48068	0.16421	0.24708	0.05289
V188	0.62566	0.07863	0.12992	0.13562	0.03016
V189	0.3317	0.20881	0.14914	0.27288	0.03748
V190	0.31111	0.14557	0.2792	0.10766	0.15646
V191	0.16065	0.20997	0.11107	0.41513	0.10318
V192	0.23353	0.19944	0.21619	0.2553	0.09554
V193	0.05581	0.22788	0.52475	0.10566	0.08589
V194	0.20119	0.1538	0.15808	0.21545	0.27147
V195	0.42294	0.17909	0.31808	0.06282	0.01706
V196	0.02735	0.16127	0.11419	0.21492	0.48227
V197	0.04596	0.60335	0.18912	0.10601	0.05556
V198	0.16826	0.23733	0.1366	0.27301	0.18479
V199	0.57846	0.07505	0.28777	0.0469	0.01182
V200	0.58222	0.07452	0.11765	0.10409	0.12152
V201	0.04639	0.07481	0.09781	0.63155	0.14944
V202	0.68262	0.10083	0.10474	0.07401	0.0378
V203	0.39236	0.23607	0.14083	0.13051	0.10022
V204	0.2614	0.17571	0.114	0.14512	0.30377
V205	0.09316	0.16318	0.1757	0.21024	0.35772
V206	0.0492	0.12285	0.09379	0.65706	0.07711
V207	0.0411	0.07317	0.08839	0.72723	0.07011
V208	0.12041	0.22383	0.49503	0.10366	0.05708
V209	0.12713	0.15877	0.15782	0.18467	0.37161
V210	0.02173	0.12813	0.79936	0.04503	0.00574
V211	0.12312	0.15396	0.25096	0.16469	0.30727
V212	0.03766	0.53811	0.23856	0.11408	0.0716
V213	0.08665	0.12251	0.12415	0.34272	0.32397
V214	0.01854	0.40761	0.46346	0.07452	0.03587
V215	0.18265	0.24177	0.22431	0.17222	0.17905
V216	0.04729	0.16341	0.353	0.16073	0.27557
V217	0.02994	0.06414	0.10341	0.7001	0.10241
V218	0.05533	0.19788	0.33937	0.33577	0.07165
V219	0.09715	0.23759	0.42848	0.21545	0.02132
V220	0.13786	0.51602	0.22275	0.07891	0.04445
V221	0.0395	0.16876	0.49104	0.10927	0.19143
V222	0.03976	0.17025	0.07118	0.20981	0.509
V223	0.38888	0.08023	0.35726	0.1566	0.01702
V224	0.0254	0.43828	0.1615	0.18191	0.19291
V225	0.52742	0.1689	0.22543	0.0547	0.02354
V226	0.34255	0.39118	0.152	0.07177	0.04251
V227	0.07464	0.22285	0.11886	0.51501	0.06865
V228	0.43201	0.0921	0.32653	0.11884	0.03052
V229	0.19663	0.31357	0.35237	0.10092	0.03651
V230	0.04056	0.16545	0.07046	0.21065	0.51289
V231	0.04101	0.44415	0.20418	0.22482	0.08584
V232	0.60075	0.07243	0.25792	0.05484	0.01406
V233	0.05274	0.15976	0.19901	0.22586	0.36263
V234	0.01362	0.29688	0.3032	0.33906	0.04724
V235	0.70888	0.0692	0.10053	0.08639	0.035
V236	0.07102	0.10733	0.58547	0.20508	0.0311
V237	0.09484	0.14418	0.30909	0.33271	0.11917
V238	0.0276	0.13938	0.07391	0.36827	0.39084
V239	0.04547	0.34748	0.1662	0.25268	0.18816
V240	0.04281	0.5894	0.19033	0.09883	0.07863
V241	0.03436	0.63064	0.19479	0.08214	0.05807
V242	0.02598	0.2709	0.36105	0.28434	0.05773
V243	0.35951	0.0974	0.36508	0.09458	0.08343
V244	0.01869	0.3511	0.28686	0.17157	0.17178
V245	0.03134	0.6095	0.21157	0.09714	0.05045
V246	0.45107	0.24058	0.1459	0.0824	0.08005
V247	0.15236	0.15379	0.58275	0.09271	0.01839
V248	0.06582	0.47032	0.16957	0.1199	0.17439
V249	0.18941	0.15536	0.26197	0.19204	0.20123
V250	0.02465	0.14521	0.59847	0.10678	0.12489
V251	0.16554	0.0823	0.16524	0.52078	0.06614
V252	0.024	0.17571	0.53272	0.18885	0.07872
V253	0.21456	0.4113	0.22483	0.10803	0.04129
V254	0.38126	0.29995	0.13324	0.14173	0.04382
V255	0.60919	0.12136	0.0993	0.09391	0.07624
V256	0.02379	0.55416	0.18401	0.10755	0.13048
V257	0.32433	0.26028	0.24667	0.10358	0.06515
V258	0.11933	0.25646	0.16401	0.4139	0.04629
V259	0.39149	0.23868	0.27544	0.06338	0.03101
V260	0.20073	0.1449	0.17133	0.20275	0.28029
V261	0.02316	0.11446	0.4904	0.29294	0.07904
V262	0.6743	0.07815	0.14578	0.07234	0.02942
V263	0.58777	0.11078	0.11522	0.15695	0.02929
V264	0.04553	0.59778	0.19543	0.11071	0.05055
V265	0.60733	0.11758	0.173	0.07552	0.02657
V266	0.03149	0.16009	0.1368	0.20362	0.468
V267	0.05633	0.15044	0.0702	0.2887	0.43434
V268	0.14101	0.32956	0.25358	0.21977	0.05607
V269	0.06536	0.27127	0.40988	0.216	0.03749
V270	0.05739	0.06059	0.11351	0.70968	0.05882
V271	0.16154	0.50473	0.1759	0.09808	0.05974
V272	0.07126	0.56672	0.20114	0.09407	0.06681
V273	0.2149	0.09642	0.23429	0.34421	0.11019
V274	0.0802	0.15838	0.10579	0.30555	0.35009
V275	0.0281	0.49011	0.29172	0.14461	0.04546
V276	0.02004	0.10952	0.62317	0.2269	0.02037
V277	0.28164	0.09612	0.56022	0.04743	0.01459
V278	0.00977	0.11565	0.35949	0.42153	0.09355
V279	0.12226	0.06512	0.09481	0.63818	0.07963
V280	0.15146	0.08363	0.11697	0.55234	0.09561
V281	0.02933	0.19659	0.1456	0.57205	0.05643
V282	0.04091	0.62587	0.19381	0.08189	0.05752
V283	0.27807	0.12361	0.1764	0.15283	0.26909
V284	0.02496	0.20155	0.52102	0.09279	0.15968
V285	0.37625	0.34473	0.14304	0.09544	0.04053
V286	0.07536	0.12494	0.72732	0.07027	0.00212
V287	0.18103	0.13322	0.23195	0.32232	0.13149
V288	0.16001	0.1182	0.58466	0.06698	0.07016
V289	0.12063	0.19617	0.12993	0.50216	0.05111
V290	0.31481	0.34122	0.25742	0.06054	0.02601
V291	0.29791	0.1881	0.11507	0.35523	0.04369
V292	0.09448	0.14706	0.41526	0.13705	0.20615
V293	0.01753	0.173	0.71481	0.08227	0.01239
V294	0.03417	0.17269	0.07216	0.20512	0.51586
V295	0.01832	0.10281	0.35055	0.45744	0.07089
V296	0.63158	0.13326	0.10664	0.08078	0.04774
V297	0.02822	0.11727	0.68257	0.14797	0.02397
V298	0.22517	0.07231	0.08459	0.51355	0.10439
V299	0.20845	0.05332	0.09617	0.59361	0.04844
V300	0.71535	0.07092	0.10186	0.07587	0.03601
V301	0.7059	0.06225	0.10426	0.09103	0.03656
V302	0.02641	0.12258	0.07648	0.45054	0.324
V303	0.0797	0.21498	0.27609	0.24775	0.18148
V304	0.15181	0.12527	0.66735	0.04607	0.00949
V305	0.15007	0.2923	0.19571	0.19333	0.16859
V306	0.23719	0.46162	0.16297	0.08844	0.04978
V307	0.17822	0.07688	0.31016	0.41081	0.02392
V308	0.18369	0.10373	0.60381	0.1062	0.00257
V309	0.47825	0.11573	0.14098	0.1783	0.08675
V310	0.0427	0.1696	0.07252	0.25305	0.46214
V311	0.037	0.05673	0.12025	0.7211	0.06492
V312	0.06483	0.27477	0.31473	0.1205	0.22517
V313	0.04726	0.27798	0.12196	0.35869	0.19411
V314	0.07511	0.12263	0.07549	0.42845	0.29832
V315	0.70838	0.06509	0.11015	0.0689	0.04748
V316	0.07713	0.41112	0.35266	0.09846	0.06062
V317	0.29088	0.13896	0.50589	0.04979	0.01449
V318	0.68224	0.06771	0.09901	0.07561	0.07543
V319	0.09113	0.14146	0.71844	0.04897	0
V320	0.08109	0.05472	0.09032	0.70923	0.06464
V321	0.09787	0.2733	0.37128	0.22302	0.03454
V322	0.01226	0.25426	0.56391	0.1054	0.06416
V323	0.18648	0.21935	0.46145	0.08036	0.05238
V324	0.04764	0.08573	0.12448	0.68138	0.06078
V325	0.45993	0.13708	0.17815	0.16789	0.05694
V326	0.05059	0.15513	0.11641	0.26827	0.4096
V327	0.23931	0.36833	0.23674	0.09283	0.06279
V328	0.03711	0.24116	0.25372	0.4215	0.04651
V329	0.0129	0.11167	0.39983	0.44342	0.03217
V330	0.07504	0.12989	0.72896	0.04324	0.02287
V331	0.11027	0.15453	0.15008	0.22549	0.35963
V332	0.34947	0.11731	0.46281	0.05121	0.0192
V333	0.2997	0.10141	0.34533	0.19676	0.05681
V334	0.0356	0.25714	0.55127	0.12298	0.033
V335	0.53139	0.11167	0.17154	0.10432	0.08108
V336	0.11825	0.41722	0.36848	0.06266	0.03338
V337	0.02827	0.15443	0.07923	0.2908	0.44726
V338	0.53086	0.09045	0.22875	0.08367	0.06627
V339	0.14957	0.40253	0.30365	0.07459	0.06966
V340	0.02979	0.24338	0.18509	0.19433	0.34741
V341	0.01663	0.37398	0.48868	0.07082	0.04989
V342	0.21847	0.17045	0.4617	0.14139	0.00798
V343	0.51517	0.07849	0.3428	0.05607	0.00746
V344	0.06833	0.53393	0.2066	0.10567	0.08548
V345	0.16937	0.1398	0.08113	0.35283	0.25687
V346	0.02663	0.26174	0.37569	0.29239	0.04355
V347	0.05759	0.3778	0.1633	0.33358	0.06772
V348	0.01534	0.18217	0.4545	0.26145	0.08655
V349	0.05055	0.27586	0.53798	0.07668	0.05893
V350	0.07624	0.33264	0.20205	0.27882	0.11024
V351	0.13571	0.10197	0.43665	0.30301	0.02266
V352	0.07904	0.39719	0.43288	0.06499	0.0259
V353	0.18495	0.30733	0.14867	0.15407	0.20498
V354	0.42533	0.09353	0.43788	0.04023	0.00302
V355	0.07251	0.08872	0.35918	0.44927	0.03032
V356	0.0821	0.12595	0.71708	0.06057	0.01429
V357	0.03902	0.15567	0.49755	0.12151	0.18625
V358	0.04203	0.07955	0.11645	0.69852	0.06345
V359	0.05649	0.12506	0.10326	0.65732	0.05786
V360	0.51783	0.09198	0.1811	0.18763	0.02147
V361	0.24784	0.37139	0.22035	0.07903	0.08139
V362	0.6132	0.07531	0.1817	0.06486	0.06494
V363	0.041	0.16894	0.07382	0.28178	0.43446
V364	0.03264	0.25743	0.13145	0.43657	0.1419
V365	0.03425	0.06397	0.09306	0.72978	0.07894
V366	0.1599	0.12753	0.55806	0.10942	0.04508
V367	0.1638	0.22348	0.28427	0.22208	0.10637
V368	0.55184	0.12443	0.2154	0.06997	0.03836
V369	0.02756	0.45566	0.35367	0.13141	0.0317
V370	0.01918	0.19825	0.19965	0.38857	0.19435
V371	0.03893	0.60819	0.22581	0.07771	0.04935
V372	0.47364	0.11155	0.2288	0.15606	0.02994
V373	0.08085	0.45916	0.27135	0.14942	0.03923
V374	0.08008	0.10961	0.39578	0.39246	0.02207
V375	0.2327	0.09894	0.56366	0.1047	0
V376	0.01813	0.14658	0.41062	0.13926	0.28542
V377	0.06128	0.36973	0.31745	0.21724	0.0343
V378	0.09329	0.4194	0.29644	0.08654	0.10434
V379	0.03393	0.15708	0.16238	0.22645	0.42017
V380	0.01969	0.12652	0.2294	0.47612	0.14827
V381	0.12476	0.18348	0.07526	0.18361	0.4329
V382	0.31838	0.08315	0.07959	0.34449	0.17439
V383	0.03729	0.07731	0.30768	0.54257	0.03515
V384	0.2141	0.10113	0.23244	0.39711	0.05522
V385	0.0781	0.21546	0.08103	0.18554	0.43986
V386	0.48933	0.06196	0.09527	0.31928	0.03417
V387	0.20869	0.07381	0.09078	0.56553	0.06118
V388	0.03479	0.57302	0.21133	0.1293	0.05157
V389	0.08505	0.54244	0.18806	0.10981	0.07465
V390	0.14542	0.0699	0.08566	0.59812	0.10089
V391	0.52701	0.16458	0.10622	0.13746	0.06473
V392	0.6989	0.08486	0.10964	0.07308	0.03352
V393	0.08229	0.09891	0.21057	0.49099	0.11724
V394	0.53049	0.07316	0.11357	0.20755	0.07523
V395	0.01394	0.08623	0.3863	0.47926	0.03426
V396	0.41103	0.10023	0.44062	0.04108	0.00705
V397	0.49435	0.15296	0.13944	0.16519	0.04806
V398	0.06016	0.07247	0.22481	0.56148	0.08108
V399	0.04721	0.15264	0.06855	0.3593	0.3723
V400	0.11796	0.38272	0.28102	0.18762	0.03067
V401	0.24746	0.09566	0.58926	0.06762	0
V402	0.27933	0.10942	0.45153	0.11618	0.04355
V403	0.12277	0.18271	0.07308	0.26405	0.3574
V404	0.01081	0.122	0.4739	0.35118	0.04211
V405	0.25061	0.23376	0.17796	0.25735	0.08032
V406	0.03426	0.13588	0.78209	0.03917	0.0086
V407	0.65651	0.08621	0.13347	0.09703	0.02677
V408	0.02519	0.33034	0.12416	0.31637	0.20395
V409	0.09501	0.07324	0.13784	0.59634	0.09756
V410	0.09523	0.20286	0.36172	0.14442	0.19577
V411	0.03536	0.1723	0.0655	0.2121	0.51474
V412	0.02279	0.2361	0.19796	0.17736	0.3658
V413	0.01842	0.2435	0.23883	0.37341	0.12583
V414	0.04416	0.15696	0.08123	0.47768	0.23997
V415	0.14163	0.15055	0.06844	0.18799	0.45139
V416	0.08901	0.19013	0.09663	0.27032	0.35392
V417	0.02043	0.11869	0.67546	0.15183	0.03359
V418	0.404	0.30942	0.15586	0.08219	0.04853
V419	0.19492	0.14051	0.08919	0.24688	0.3285
V420	0.18445	0.13153	0.16364	0.18767	0.33269
V421	0.02018	0.16224	0.17812	0.20777	0.4317
V422	0.02967	0.08513	0.12358	0.62821	0.13341
V423	0.21292	0.18962	0.34759	0.21931	0.03056
V424	0.01095	0.14974	0.47769	0.11813	0.24349
V425	0.25077	0.33117	0.1201	0.11904	0.17892
V426	0.17632	0.18132	0.12231	0.43717	0.08288
V427	0.15066	0.45491	0.29246	0.0662	0.03577
V428	0.06462	0.46984	0.2243	0.15895	0.08228
V429	0.08657	0.54418	0.1764	0.13292	0.05994
V430	0.02949	0.13142	0.41469	0.24717	0.17723
V431	0.08235	0.29655	0.29489	0.27082	0.05538
V432	0.22436	0.12148	0.20014	0.35517	0.09885
V433	0.15161	0.09597	0.49961	0.23259	0.02021
V434	0.17903	0.25986	0.42869	0.0767	0.05572
V435	0.40775	0.10765	0.39871	0.07644	0.00946
V436	0.03895	0.45109	0.23874	0.13961	0.13161
V437	0.15328	0.14016	0.09633	0.28377	0.32646
V438	0.09786	0.25954	0.28782	0.29519	0.05959
V439	0.45671	0.05407	0.1343	0.31744	0.03749
V440	0.02313	0.30109	0.56708	0.07016	0.03854
V441	0.02603	0.39938	0.46259	0.08505	0.02694
V442	0.04108	0.62429	0.20103	0.08055	0.05305
V443	0.70073	0.06081	0.10414	0.10202	0.03229
V444	0.11193	0.3281	0.16143	0.33873	0.05981
V445	0.04965	0.31229	0.16712	0.41603	0.0549
V446	0.09199	0.10058	0.17153	0.51981	0.11609
V447	0.06667	0.10845	0.08361	0.47752	0.26374
V448	0.13997	0.15212	0.08398	0.19507	0.42885
V449	0.0231	0.13467	0.80094	0.03867	0.00261
V450	0.15425	0.16436	0.29988	0.21191	0.16961
V451	0.20051	0.19618	0.16166	0.35209	0.08956
V452	0.02542	0.0743	0.21904	0.61348	0.06777
V453	0.03359	0.11977	0.07146	0.48502	0.29015
V454	0.01815	0.13573	0.62427	0.09822	0.12362
V455	0.0477	0.25927	0.33842	0.14923	0.20538
V456	0.69664	0.06897	0.09712	0.08849	0.04878
V457	0.49009	0.19579	0.14829	0.11784	0.04798
V458	0.02197	0.30391	0.53319	0.10472	0.03622
V459	0.10955	0.12524	0.13332	0.47475	0.15714
V460	0.49518	0.097	0.272	0.11066	0.02516
V461	0.13893	0.28703	0.32487	0.10814	0.14103
V462	0.04977	0.14482	0.09579	0.50041	0.20921
V463	0.16884	0.09637	0.10349	0.57848	0.05283
V464	0.1295	0.20214	0.60466	0.05607	0.00764
V465	0.04723	0.21715	0.08833	0.20075	0.44655
V466	0.04578	0.15435	0.06319	0.26275	0.47393
V467	0.04928	0.2255	0.13075	0.49927	0.09522
V468	0.41453	0.25794	0.22632	0.06182	0.0394
V469	0.01399	0.30171	0.16537	0.32754	0.19139
V470	0.61689	0.09561	0.12635	0.13003	0.03112
V471	0.28495	0.26012	0.14286	0.20678	0.10529
V472	0.02785	0.18537	0.10342	0.19635	0.487
V473	0.024	0.22387	0.30816	0.33	0.11396
V474	0.21661	0.14872	0.15588	0.42005	0.05874
V475	0.12699	0.13216	0.55735	0.09529	0.08821
V476	0.12471	0.09043	0.17398	0.53867	0.0722
V477	0.0346	0.629	0.20184	0.08097	0.05359
V478	0.14911	0.15448	0.06972	0.18549	0.4412
V479	0.6173	0.09625	0.13337	0.1228	0.03028
V480	0.09738	0.46425	0.211	0.17108	0.0563
V481	0.17535	0.30367	0.18138	0.23788	0.10173
V482	0.08183	0.48329	0.32681	0.06763	0.04045
V483	0.23217	0.39106	0.14524	0.16654	0.06499
V484	0.15815	0.37636	0.24842	0.17728	0.03979
V485	0.48145	0.11559	0.20666	0.16426	0.03204
V486	0.05633	0.1895	0.33228	0.1359	0.28599
V487	0.10393	0.15691	0.43041	0.28794	0.02081
V488	0.30936	0.11962	0.0849	0.36438	0.12175
V489	0.01559	0.23	0.62887	0.10809	0.01744
V490	0.02163	0.11138	0.65736	0.19963	0.01
V491	0.0233	0.39022	0.1728	0.20149	0.2122
V492	0.03762	0.14847	0.12747	0.61869	0.06775
V493	0.04182	0.05598	0.09266	0.73945	0.07008
V494	0.2495	0.06229	0.09952	0.50546	0.08324
V495	0.23978	0.2083	0.29386	0.20681	0.05125
V496	0.11404	0.17191	0.1179	0.17767	0.41848
V497	0.08308	0.15833	0.20174	0.23082	0.32603
V498	0.05099	0.5945	0.20729	0.08672	0.06049
V499	0.0318	0.26032	0.32107	0.16863	0.21818
V500	0.07729	0.36602	0.23661	0.25392	0.06617
V501	0.05804	0.33065	0.11963	0.16367	0.328
V502	0.09372	0.54797	0.21455	0.09978	0.04398
V503	0.32903	0.09858	0.26776	0.20009	0.10454
V504	0.36004	0.22584	0.10713	0.11778	0.18922
V505	0.47105	0.08813	0.10585	0.17383	0.16113
V506	0.01681	0.43141	0.19536	0.13279	0.22363
V507	0.63045	0.05765	0.1241	0.14562	0.04218
V508	0.01764	0.46337	0.33795	0.11023	0.07081
V509	0.03582	0.36069	0.25567	0.24532	0.1025
V510	0.30167	0.36674	0.18832	0.10639	0.03688
V511	0.05066	0.27773	0.53178	0.09355	0.04629
V512	0.10748	0.3673	0.28729	0.1292	0.10873
V513	0.12083	0.48146	0.22921	0.11411	0.05439
V514	0.02217	0.15134	0.25952	0.19083	0.37614
V515	0.07133	0.1368	0.09834	0.63645	0.05709
V516	0.11704	0.28347	0.22278	0.33299	0.04372
V517	0.03373	0.08063	0.1314	0.69217	0.06207
V518	0.30617	0.08962	0.36065	0.21458	0.02897
V519	0.58242	0.09895	0.10518	0.17898	0.03447
V520	0.05107	0.57888	0.19882	0.1225	0.04873
V521	0.16446	0.06204	0.20278	0.52987	0.04086
V522	0.04156	0.20891	0.55347	0.16445	0.0316
V523	0.1207	0.13474	0.6632	0.0786	0.00275
V524	0.25849	0.11737	0.5427	0.04798	0.03346
V525	0.02164	0.27229	0.11731	0.18385	0.40491
V526	0.04569	0.13558	0.74142	0.06119	0.01612
V527	0.06213	0.3675	0.46706	0.07169	0.03162
V528	0.1305	0.0538	0.10358	0.65911	0.053
V529	0.16752	0.12339	0.65884	0.04491	0.00533
V530	0.03138	0.12953	0.74607	0.08016	0.01286
V531	0.12625	0.40838	0.22199	0.11082	0.13257
V532	0.04848	0.27926	0.35776	0.11223	0.20227
V533	0.21989	0.14444	0.06466	0.17352	0.39749
V534	0.10825	0.10328	0.08987	0.63052	0.06808
V535	0.61356	0.13983	0.15677	0.05986	0.02997
V536	0.09536	0.22133	0.41813	0.12015	0.14503
V537	0.0377	0.18073	0.08001	0.20055	0.50101
V538	0.46636	0.15777	0.09982	0.12442	0.15162
V539	0.01932	0.19238	0.60818	0.13785	0.04226
V540	0.11758	0.38102	0.2158	0.14237	0.14323
V541	0.02606	0.3736	0.13908	0.16832	0.29294
V542	0.02962	0.27584	0.21866	0.40397	0.07192
V543	0.05677	0.17214	0.62229	0.09738	0.05142
V544	0.25027	0.21335	0.2636	0.14567	0.12712
V545	0.46448	0.2873	0.14188	0.07248	0.03386
V546	0.04605	0.54819	0.24778	0.08708	0.07091
V547	0.06406	0.53989	0.17519	0.1602	0.06065
V548	0.03113	0.09672	0.099	0.70531	0.06784
V549	0.02672	0.15159	0.08661	0.3016	0.43348
V550	0.02774	0.57965	0.26316	0.081	0.04845
V551	0.04405	0.05578	0.08699	0.74555	0.06762
V552	0.17941	0.14888	0.08615	0.1979	0.38767
V553	0.57746	0.06818	0.10959	0.19185	0.05292
V554	0.08697	0.11838	0.47872	0.29398	0.02194
V555	0.03213	0.62186	0.19873	0.08266	0.06462
V556	0.07284	0.09787	0.13809	0.61469	0.07651
V557	0.22564	0.21737	0.14652	0.3472	0.06327
V558	0.02165	0.12143	0.68099	0.15945	0.01647
V559	0.07682	0.33516	0.49199	0.06363	0.03241
V560	0.46516	0.21727	0.24213	0.05513	0.0203
V561	0.53318	0.07709	0.21614	0.084	0.08959
V562	0.09876	0.16729	0.21381	0.21687	0.30327
V563	0.15562	0.25293	0.28872	0.18237	0.12036
V564	0.26001	0.09841	0.13712	0.36715	0.13731
V565	0.03118	0.16748	0.07874	0.22656	0.49605
V566	0.21844	0.17149	0.1214	0.35289	0.13577
V567	0.03514	0.12664	0.79604	0.03798	0.0042
V568	0.02719	0.2135	0.45283	0.28614	0.02034
V569	0.45858	0.12996	0.20087	0.16886	0.04173
V570	0.10367	0.0986	0.32046	0.41523	0.06204
V571	0.19617	0.08993	0.28432	0.34218	0.0874
V572	0.63788	0.07703	0.08872	0.08993	0.10644
V573	0.06201	0.13306	0.3667	0.35994	0.0783
V574	0.37978	0.24402	0.19358	0.14398	0.03864
V575	0.2781	0.12999	0.18845	0.16522	0.23824
V576	0.02923	0.6044	0.19325	0.09304	0.08008
V577	0.30184	0.36609	0.18091	0.11352	0.03764
V578	0.0253	0.18822	0.512	0.23401	0.04046
V579	0.01434	0.39667	0.40994	0.09738	0.08167
V580	0.1525	0.39227	0.16006	0.24084	0.05433
V581	0.03856	0.36481	0.44534	0.12551	0.02578
V582	0.02198	0.14782	0.78227	0.0451	0.00283
V583	0.45409	0.0873	0.38521	0.06793	0.00546
V584	0.15848	0.389	0.23696	0.1138	0.10176
V585	0.03016	0.53774	0.2311	0.12833	0.07268
V586	0.02571	0.53865	0.31435	0.08253	0.03876
V587	0.03687	0.51014	0.16482	0.12975	0.15843
V588	0.17105	0.31972	0.43537	0.05391	0.01994
V589	0.07191	0.30916	0.17334	0.38896	0.05663
V590	0.03289	0.56084	0.17172	0.10735	0.12719
V591	0.33818	0.36848	0.18233	0.07356	0.03746
V592	0.02685	0.12483	0.6764	0.09049	0.08143
V593	0.31438	0.0641	0.08824	0.4651	0.06819
V594	0.01219	0.17794	0.60513	0.17007	0.03467
V595	0.3852	0.08976	0.15374	0.32032	0.05099
V596	0.33187	0.18795	0.29062	0.15941	0.03015
V597	0.02892	0.25569	0.09405	0.24681	0.37452
V598	0.44901	0.106	0.08162	0.12318	0.24019
V599	0.05395	0.309	0.21113	0.368	0.05792
V600	0.20545	0.09141	0.2437	0.37299	0.08645
V601	0.11218	0.14986	0.09175	0.47061	0.1756
V602	0.61481	0.16458	0.11529	0.07191	0.0334
V603	0.10364	0.21488	0.11192	0.2532	0.31637
V604	0.02542	0.12822	0.63672	0.14361	0.06603
V605	0.03065	0.18736	0.18748	0.21603	0.37849
V606	0.63806	0.07247	0.08744	0.09117	0.11087
V607	0.13036	0.21125	0.0985	0.17665	0.38324
V608	0.56083	0.08328	0.12221	0.14792	0.08576
V609	0.13594	0.25714	0.12963	0.39337	0.08392
V610	0.06151	0.45909	0.16703	0.26102	0.05136
V611	0.20891	0.11941	0.57637	0.06682	0.02849
V612	0.28318	0.13439	0.35305	0.09805	0.13133
V613	0.29971	0.38706	0.18563	0.09311	0.03449
V614	0.40494	0.11655	0.09894	0.17527	0.2043
V615	0.01435	0.1416	0.20344	0.51761	0.123
V616	0.48473	0.07048	0.22789	0.17904	0.03787
V617	0.16917	0.14456	0.46698	0.14423	0.07506
V618	0.53562	0.13506	0.16157	0.08548	0.08227
V619	0.40597	0.12371	0.22743	0.09663	0.14626
V620	0.04188	0.09659	0.37532	0.45465	0.03157
V621	0.10481	0.25019	0.35437	0.10633	0.1843
V622	0.0169	0.25359	0.39087	0.12215	0.2165
V623	0.0691	0.08005	0.08374	0.61857	0.14853
V624	0.67811	0.06478	0.09864	0.0914	0.06708
V625	0.02229	0.10237	0.17262	0.6464	0.05632
V626	0.06325	0.11126	0.52369	0.27776	0.02404
V627	0.08435	0.23245	0.19321	0.17087	0.31913
V628	0.69848	0.07244	0.10643	0.09018	0.03247
V629	0.09875	0.23158	0.59441	0.06507	0.0102
V630	0.02264	0.26099	0.10691	0.19353	0.41593
V631	0.01402	0.15931	0.30151	0.16448	0.36068
V632	0.03159	0.54955	0.17741	0.12418	0.11727
V633	0.05321	0.09736	0.1564	0.50428	0.18875
V634	0.29962	0.33753	0.27183	0.06606	0.02495
V635	0.03561	0.21091	0.24272	0.16902	0.34175
V636	0.14523	0.19182	0.36236	0.22386	0.07674
V637	0.16016	0.10362	0.4204	0.25847	0.05735
V638	0.05564	0.38958	0.14873	0.189	0.21705
V639	0.38597	0.31129	0.20819	0.0627	0.03184
V640	0.08346	0.22406	0.1693	0.30079	0.22238
V641	0.06874	0.49967	0.18857	0.18597	0.05705
V642	0.54101	0.07988	0.10044	0.24699	0.03168
V643	0.03569	0.58232	0.24229	0.09397	0.04574
V644	0.03502	0.32525	0.15361	0.4199	0.06621
V645	0.11594	0.51304	0.18634	0.14043	0.04425
V646	0.09604	0.39022	0.17166	0.26529	0.07678
V647	0.69204	0.05932	0.10307	0.11383	0.03174
V648	0.32708	0.14481	0.09731	0.31193	0.11887
V649	0.20117	0.17435	0.15615	0.2171	0.25123
V650	0.04205	0.05646	0.13485	0.70902	0.05763
V651	0.11489	0.186	0.10733	0.54067	0.05111
V652	0.27333	0.06199	0.11839	0.4972	0.04909
V653	0.25752	0.07229	0.13339	0.47642	0.06039
V654	0.04198	0.2041	0.07188	0.23037	0.45167
V655	0.12034	0.1118	0.34105	0.39838	0.02844
V656	0.10195	0.15528	0.0635	0.25187	0.4274
V657	0.02513	0.36953	0.16545	0.33968	0.10022
V658	0.03583	0.10861	0.10693	0.56252	0.1861
V659	0.02928	0.08231	0.15072	0.65299	0.08471
V660	0.04888	0.33374	0.12937	0.1795	0.30851
V661	0.02817	0.47126	0.17101	0.23001	0.09956
V662	0.0267	0.3919	0.14303	0.147	0.29137
V663	0.72118	0.06648	0.1076	0.06939	0.03535
V664	0.02955	0.11054	0.17612	0.42646	0.25732
V665	0.01781	0.45217	0.33733	0.13918	0.05351
V666	0.0662	0.58382	0.22113	0.08221	0.04664
V667	0.02279	0.40328	0.36785	0.15224	0.05385
V668	0.46547	0.21378	0.16698	0.11497	0.0388
V669	0.3421	0.26578	0.14723	0.15628	0.08861
V670	0.06476	0.47158	0.19566	0.12882	0.13917
V671	0.56535	0.07205	0.26605	0.08013	0.01643
V672	0.07535	0.1574	0.16197	0.35984	0.24544
V673	0.03089	0.17156	0.06684	0.26174	0.46896
V674	0.27504	0.15329	0.50113	0.04663	0.02392
V675	0.51017	0.07133	0.12555	0.20552	0.08743
V676	0.19426	0.16709	0.49862	0.06445	0.07558
V677	0.03398	0.24025	0.29963	0.36249	0.06365
V678	0.04235	0.32527	0.11819	0.17959	0.33461
V679	0.01973	0.09773	0.45304	0.4029	0.0266
V680	0.13602	0.1105	0.08966	0.39978	0.26404
V681	0.38656	0.08804	0.12766	0.31749	0.08025
V682	0.0231	0.13467	0.80094	0.03867	0.00261
V683	0.05795	0.21619	0.60276	0.06093	0.06217
V684	0.06744	0.05965	0.09229	0.71886	0.06176
V685	0.02402	0.12525	0.72488	0.1197	0.00614
V686	0.20625	0.43875	0.22269	0.08939	0.04292
V687	0.01281	0.10113	0.54567	0.31701	0.02338
V688	0.02078	0.13259	0.79073	0.04605	0.00984
V689	0.36241	0.11961	0.26478	0.16479	0.08841
V690	0.07299	0.57959	0.19852	0.09705	0.05186
V691	0.11138	0.1452	0.14054	0.53945	0.06343
V692	0.06919	0.08132	0.09634	0.65195	0.10119
V693	0.01853	0.37795	0.49542	0.08319	0.02492
V694	0.0717	0.18694	0.13896	0.51853	0.08387
V695	0.09998	0.20893	0.21262	0.16198	0.31649
V696	0.10384	0.11666	0.66476	0.06061	0.05413
V697	0.07834	0.15773	0.35562	0.33068	0.07762
V698	0.02468	0.16753	0.2199	0.17933	0.40857
V699	0.04254	0.09077	0.12125	0.59004	0.1554
V700	0.03964	0.56327	0.24314	0.08144	0.07251
V701	0.02402	0.26212	0.09925	0.18911	0.42551
V702	0.0304	0.14859	0.09902	0.59195	0.13004
V703	0.03774	0.06755	0.10782	0.7204	0.06648
V704	0.0393	0.17412	0.40654	0.1354	0.24465
V705	0.69555	0.07479	0.09827	0.08245	0.04895
V706	0.11426	0.1681	0.23672	0.40732	0.0736
V707	0.10835	0.18372	0.15349	0.33113	0.2233
V708	0.02138	0.42492	0.46307	0.06558	0.02505
V709	0.02992	0.17589	0.09396	0.19981	0.50041
V710	0.10291	0.14619	0.4734	0.09845	0.17905
V711	0.06506	0.15853	0.08266	0.20964	0.48412
V712	0.05709	0.114	0.62786	0.18852	0.01252
V713	0.18726	0.32769	0.39949	0.06746	0.0181
V714	0.06163	0.16869	0.06321	0.2025	0.50397
V715	0.01539	0.25487	0.58312	0.13048	0.01615
V716	0.54383	0.17845	0.12635	0.10959	0.04178
V717	0.29449	0.20429	0.20986	0.12278	0.16858
V718	0.49979	0.08195	0.32864	0.05675	0.03287
V719	0.2934	0.22827	0.20649	0.17884	0.093
V720	0.10295	0.17206	0.15209	0.19446	0.37844
V721	0.04098	0.16536	0.10678	0.20746	0.47941
V722	0.02322	0.22634	0.15702	0.463	0.13041
V723	0.08453	0.20119	0.20606	0.45581	0.0524
V724	0.09038	0.4578	0.19625	0.20953	0.04604
V725	0.0467	0.17024	0.07077	0.20301	0.50929
V726	0.15952	0.38897	0.18858	0.14266	0.12027
V727	0.02724	0.13109	0.78721	0.04552	0.00893
V728	0.57536	0.07832	0.20807	0.11684	0.02141
V729	0.44599	0.13087	0.12839	0.26001	0.03475
V730	0.09435	0.10441	0.39529	0.3551	0.05085
V731	0.02831	0.06888	0.13767	0.70623	0.05891
V732	0.04242	0.05513	0.09332	0.7431	0.06602
V733	0.041	0.13961	0.77189	0.03926	0.00823
V734	0.36832	0.13353	0.39698	0.08606	0.0151
V735	0.05707	0.23183	0.27751	0.15707	0.27653
V736	0.03139	0.1922	0.07553	0.20096	0.49993
V737	0.71666	0.07114	0.10829	0.06893	0.03498
V738	0.01964	0.40191	0.13807	0.15333	0.28706
V739	0.04254	0.06665	0.0882	0.73604	0.06657
V740	0.16733	0.18512	0.17635	0.16077	0.31042
V741	0.37657	0.08531	0.08772	0.34179	0.1086
V742	0.06134	0.12721	0.51076	0.20839	0.09231
V743	0.03363	0.17964	0.13747	0.25108	0.39817
V744	0.14732	0.11239	0.23519	0.45053	0.05457
V745	0.13599	0.0738	0.12852	0.60954	0.05216
V746	0.26965	0.40783	0.18677	0.08003	0.05571
V747	0.03989	0.13852	0.76269	0.04661	0.01229
V748	0.12089	0.23574	0.33907	0.14829	0.15602
V749	0.13994	0.14602	0.19752	0.41237	0.10414
V750	0.55826	0.18096	0.1224	0.10728	0.03109
V751	0.03267	0.30702	0.57256	0.07027	0.01748
V752	0.03142	0.2356	0.09993	0.19227	0.44077
V753	0.40253	0.12058	0.30493	0.09421	0.07775
V754	0.09049	0.25709	0.12724	0.47164	0.05354
V755	0.17574	0.50095	0.20557	0.07317	0.04457
V756	0.03067	0.2194	0.09774	0.22414	0.42805
V757	0.14158	0.05939	0.17094	0.58185	0.04623
V758	0.0531	0.32403	0.13324	0.43399	0.05563
V759	0.08024	0.17463	0.15761	0.17507	0.41244
V760	0.06349	0.13896	0.25671	0.31431	0.22653
V761	0.05482	0.24696	0.6347	0.0521	0.01141
V762	0.01879	0.13483	0.22567	0.41314	0.20757
V763	0.03026	0.30891	0.10397	0.17234	0.38452
V764	0.09491	0.10206	0.16367	0.58546	0.05389
V765	0.13532	0.12578	0.59554	0.09521	0.04814
V766	0.05115	0.38098	0.34571	0.12458	0.09757
V767	0.2002	0.37194	0.19493	0.12921	0.10373
V768	0.04154	0.56872	0.22506	0.11486	0.04982
V769	0.56118	0.08188	0.25894	0.06051	0.03749
V770	0.23499	0.09229	0.48931	0.17484	0.00858
V771	0.04546	0.51707	0.17267	0.16604	0.09876
V772	0.05573	0.13175	0.77001	0.0425	0
V773	0.04351	0.15117	0.06434	0.30303	0.43796
V774	0.12738	0.12925	0.51301	0.08608	0.14429
V775	0.6777	0.05871	0.11394	0.11304	0.03661
V776	0.26259	0.3291	0.27712	0.0903	0.04089
V777	0.15576	0.3047	0.33594	0.15593	0.04766
V778	0.3954	0.11481	0.09897	0.26654	0.12428
V779	0.05437	0.32888	0.52677	0.06665	0.02334
V780	0.0355	0.12575	0.79508	0.04349	0.00018
V781	0.13202	0.29969	0.26621	0.11116	0.19092
V782	0.1779	0.27198	0.11912	0.14881	0.28219
V783	0.01061	0.13924	0.5845	0.10967	0.15597
V784	0.02196	0.44678	0.15269	0.28508	0.09349
V785	0.52781	0.15146	0.10398	0.15626	0.0605
V786	0.12874	0.18534	0.11933	0.50632	0.06027
V787	0.09853	0.43371	0.15083	0.23706	0.07987
V788	0.28216	0.33736	0.19688	0.08412	0.09948
V789	0.01997	0.20414	0.09668	0.43022	0.24899
V790	0.20988	0.2412	0.16026	0.20457	0.18409
V791	0.1336	0.23707	0.16683	0.26866	0.19384
V792	0.70131	0.07485	0.11926	0.06595	0.03863
V793	0.24358	0.25893	0.15922	0.18085	0.15741
V794	0.02431	0.15561	0.15894	0.29343	0.36772
V795	0.09476	0.56932	0.19634	0.08463	0.05494
V796	0.21551	0.31624	0.22841	0.19329	0.04655
V797	0.12658	0.15152	0.06127	0.20377	0.45685
V798	0.09659	0.40751	0.14208	0.18264	0.17117
V799	0.03489	0.16547	0.14416	0.57737	0.0781
V800	0.04133	0.16065	0.07875	0.27057	0.4487
V801	0.28232	0.06983	0.19552	0.4055	0.04683
V802	0.03754	0.27098	0.10178	0.18423	0.40547
V803	0.23263	0.08004	0.09198	0.53607	0.05927
V804	0.14666	0.17468	0.27159	0.35271	0.05437
V805	0.11105	0.17681	0.44981	0.20044	0.0619
V806	0.35543	0.10587	0.25746	0.14392	0.13732
V807	0.54185	0.07896	0.14764	0.12579	0.10577
V808	0.63279	0.07404	0.13753	0.07734	0.0783
V809	0.14476	0.45255	0.1731	0.11958	0.11002
V810	0.03323	0.14142	0.11494	0.47253	0.23788
V811	0.05114	0.20553	0.09695	0.25165	0.39473
V812	0.01874	0.46686	0.32506	0.13857	0.05078
V813	0.02673	0.27068	0.28414	0.13749	0.28095
V814	0.14339	0.39832	0.20608	0.20293	0.04929
V815	0.16862	0.47535	0.19312	0.11865	0.04425
V816	0.022	0.37208	0.14819	0.38947	0.06825
V817	0.58993	0.08674	0.23178	0.07549	0.01606
V818	0.03171	0.24793	0.39366	0.13559	0.19111
V819	0.69554	0.07202	0.11243	0.08883	0.03118
V820	0.05291	0.28619	0.23014	0.3749	0.05587
V821	0.03575	0.17345	0.06569	0.20666	0.51846
V822	0.15359	0.06517	0.09843	0.63124	0.05157
V823	0.04279	0.19992	0.27328	0.15107	0.33294
V824	0.07124	0.17993	0.08702	0.19224	0.46958
V825	0.11936	0.10164	0.59019	0.18597	0.00284
V826	0.04794	0.12566	0.77119	0.05521	0
V827	0.2591	0.16344	0.09616	0.38597	0.09534
V828	0.1836	0.20823	0.18727	0.17764	0.24326
V829	0.06976	0.1692	0.34144	0.24345	0.17616
V830	0.11923	0.12482	0.62397	0.07617	0.0558
V831	0.02272	0.50747	0.2124	0.19977	0.05765
V832	0.16729	0.10942	0.13473	0.32569	0.26287
V833	0.1392	0.53357	0.1811	0.08093	0.0652
V834	0.55109	0.15601	0.14013	0.09334	0.05943
V835	0.18291	0.2481	0.19657	0.29545	0.07697
V836	0.277	0.12621	0.45396	0.13316	0.00967
V837	0.026	0.5735	0.19309	0.12088	0.08653
V838	0.02725	0.05926	0.15007	0.70171	0.06171
V839	0.04491	0.18103	0.13332	0.18664	0.4541
V840	0.69056	0.06628	0.1236	0.08725	0.03231
V841	0.17509	0.11735	0.66344	0.04346	0.00066
V842	0.38322	0.09782	0.27358	0.2203	0.02508
V843	0.34769	0.10337	0.21355	0.16365	0.17174
V844	0.02437	0.20643	0.68629	0.06511	0.0178
V845	0.04141	0.09484	0.07429	0.57558	0.21388
V846	0.09391	0.16925	0.16065	0.2123	0.36389
V847	0.16919	0.13088	0.11701	0.25419	0.32873
V848	0.55001	0.0957	0.09522	0.16037	0.09869
V849	0.11196	0.14284	0.63919	0.05948	0.04653
V850	0.16189	0.132	0.32781	0.22141	0.15689
V851	0.71768	0.06602	0.1004	0.07635	0.03954
V852	0.18392	0.15203	0.15262	0.2678	0.24364
V853	0.03295	0.17809	0.57187	0.16925	0.04783
V854	0.03294	0.31523	0.32936	0.16527	0.1572
V855	0.07645	0.30583	0.20747	0.32769	0.08255
V856	0.11919	0.35333	0.17071	0.12669	0.23008
V857	0.06482	0.12445	0.22763	0.42366	0.15944
V858	0.01762	0.30334	0.28118	0.263	0.13486
V859	0.1143	0.06936	0.10388	0.64218	0.07029
V860	0.04076	0.15606	0.15673	0.56638	0.08008
V861	0.1168	0.07972	0.19847	0.56084	0.04417
V862	0.06981	0.15304	0.08401	0.25423	0.43892
V863	0.03082	0.61402	0.2039	0.08799	0.06326
V864	0.04655	0.11557	0.74912	0.08875	0
V865	0.07222	0.10146	0.58139	0.23852	0.00641
V866	0.03379	0.12963	0.58522	0.22991	0.02144
V867	0.44163	0.12213	0.08514	0.12055	0.23055
V868	0.17026	0.21553	0.4397	0.14998	0.02454
V869	0.03815	0.16416	0.0843	0.208	0.50539
V870	0.20065	0.1924	0.17089	0.29533	0.14073
V871	0.03932	0.17859	0.16166	0.23916	0.38127
V872	0.29079	0.08883	0.0997	0.45354	0.06714
V873	0.04325	0.26862	0.24872	0.36727	0.07214
V874	0.08666	0.18764	0.07481	0.19592	0.45496
V875	0.01856	0.20125	0.1176	0.48334	0.17926
V876	0.36392	0.14455	0.13927	0.13116	0.2211
V877	0.16805	0.44494	0.194	0.14619	0.04682
V878	0.02235	0.47606	0.19919	0.24796	0.05444
V879	0.67558	0.08762	0.114	0.08876	0.03403
V880	0.07087	0.15026	0.10933	0.44856	0.22097
V881	0.01783	0.14601	0.51252	0.1085	0.21514
V882	0.03733	0.34309	0.15217	0.41747	0.04995
V883	0.37706	0.18223	0.11583	0.2341	0.09078
V884	0.03638	0.1676	0.0651	0.21312	0.51779
V885	0.12737	0.15297	0.40832	0.18045	0.13089
V886	0.0253	0.13884	0.09376	0.33726	0.40483
V887	0.06624	0.59292	0.19283	0.08238	0.06563
V888	0.0568	0.13011	0.14379	0.58856	0.08073
V889	0.08573	0.55228	0.21426	0.0955	0.05222
V890	0.03785	0.08744	0.20209	0.56925	0.10337
V891	0.02134	0.14679	0.77786	0.0513	0.00271
V892	0.44592	0.22768	0.13328	0.08949	0.10364
V893	0.11187	0.20328	0.5161	0.12631	0.04245
V894	0.07176	0.38284	0.18635	0.29101	0.06804
V895	0.50396	0.07773	0.33635	0.07044	0.01152
V896	0.15497	0.2034	0.31068	0.30219	0.02876
V897	0.0263	0.06986	0.11597	0.66568	0.1222
V898	0.31063	0.12464	0.08224	0.16881	0.31368
V899	0.42298	0.26246	0.20453	0.0645	0.04553
V900	0.1878	0.21484	0.34439	0.2209	0.03207
V901	0.49643	0.10131	0.09745	0.23016	0.07465
