mature.neutrophil	CD14.pos.CD16.neg.classical.monocyte	macrophage	memory.CD4.pos.AB.T.cell	cytotoxic.CD56.dim.NK.cell
V1	0.3258	0.18791	0.18729	0.1843	0.11471
V2	0.11607	0.65481	0.07705	0.12556	0.02651
V3	0.05986	0.15172	0.30174	0.47897	0.00771
V4	0.00985	0.0946	0.17834	0.11939	0.59783
V5	0.01422	0.03856	0.05267	0.17753	0.71702
V6	0.31699	0.12806	0.19174	0.27386	0.08935
V7	0.00635	0.15667	0.31343	0.1342	0.38935
V8	0.00891	0.26341	0.60897	0.11345	0.00526
V9	0.04633	0.10196	0.17979	0.67193	0
V10	0.45734	0.18257	0.31716	0.01568	0.02726
V11	0.03578	0.06286	0.08463	0.13568	0.68104
V12	0.07676	0.09347	0.16075	0.36785	0.30118
V13	0.12615	0.0707	0.03389	0.48638	0.28289
V14	0.1455	0.05796	0.05664	0.67472	0.06518
V15	0.0104	0.04522	0.0064	0.9293	0.00867
V16	0.53774	0.09371	0.01424	0.34786	0.00645
V17	0.08176	0.18843	0.02442	0.12995	0.57544
V18	0.11172	0.37527	0.21844	0.29456	0
V19	0.02801	0.02809	0.00826	0.19522	0.74043
V20	0	0.20648	0.49723	0.28527	0.01102
V21	0.02808	0.23251	0.11537	0.24129	0.38275
V22	0.78598	0.12241	0.04943	0.01245	0.02973
V23	0.08012	0.04298	0.02508	0.20601	0.64581
V24	0.46813	0.12027	0.02228	0.08587	0.30346
V25	0.01838	0.04599	0.01826	0.50299	0.41438
V26	0.49686	0.18274	0.0536	0.077	0.18981
V27	0.17125	0.43013	0.17216	0.05045	0.176
V28	0.02288	0.126	0.14698	0.68558	0.01856
V29	0	0.11078	0.22747	0.65536	0.00639
V30	0.72568	0.11731	0.02364	0.04364	0.08973
V31	0.41765	0.13393	0.01688	0.28264	0.1489
V32	0.85413	0.06718	0.00796	0.01889	0.05185
V33	0.03041	0.15441	0.02387	0.19782	0.59349
V34	0.21659	0.71531	0.03105	0.03705	0
V35	0.14808	0.54086	0.24447	0.06659	0
V36	0.0331	0.18615	0.14119	0.16108	0.47848
V37	0.72097	0.0489	0.0021	0.03754	0.1905
V38	0.1237	0.16906	0.32969	0.25294	0.12461
V39	0.3263	0.15057	0.23511	0.05077	0.23725
V40	0.30323	0.47607	0.03303	0.16792	0.01974
V41	0.11894	0.72542	0.04024	0.04852	0.06688
V42	0.80669	0.08782	0.01788	0.0261	0.06152
V43	0.48316	0.2153	0.24231	0.04688	0.01236
V44	0.05011	0.366	0.43727	0.04079	0.10582
V45	0.07698	0.54617	0.10935	0.24058	0.02692
V46	0.19638	0.63501	0.08983	0.07877	0
V47	0	0.2819	0.67518	0.02825	0.01467
V48	0.17015	0.17036	0.16349	0.39136	0.10464
V49	0.45949	0.19138	0.16326	0.17534	0.01052
V50	0.02383	0.28612	0.65765	0.02607	0.00633
V51	0.12489	0.25421	0.16423	0.11997	0.3367
V52	0.13138	0.79303	0.03512	0.04047	0
V53	0.02389	0.13529	0.01507	0.82576	0
V54	0.20282	0.04119	0.01487	0.59477	0.14635
V55	0.0607	0.03649	0.00554	0.89534	0.00194
V56	0.06053	0.03093	0.0107	0.80985	0.08798
V57	0.17166	0.25895	0.39777	0.06247	0.10915
V58	0.06957	0.06019	0.10692	0.27666	0.48665
V59	0.79629	0.09575	0.06323	0.02513	0.0196
V60	0.43337	0.20081	0.10007	0.16915	0.09661
V61	0.19558	0.04647	0.02747	0.29246	0.43802
V62	0.05914	0.12173	0.22359	0.20075	0.39479
V63	0.42865	0.22018	0.057	0.07626	0.2179
V64	0.86458	0.08047	0.01851	0.01403	0.02241
V65	0.08086	0.09061	0.03565	0.68212	0.11076
V66	0.01652	0.06956	0.09692	0.81008	0.00692
V67	0.00675	0.12043	0.25204	0.16329	0.4575
V68	0.44839	0.15057	0.26446	0.06195	0.07463
V69	0.58315	0.17338	0.1414	0.04269	0.05938
V70	0.11167	0.56548	0.06242	0.26043	0
V71	0.16943	0.64107	0.06652	0.12299	0
V72	0.06188	0.30467	0.03594	0.10787	0.48963
V73	0.05029	0.06062	0.07681	0.63803	0.17425
V74	0.00388	0.06747	0.01279	0.85763	0.05823
V75	0.48299	0.24641	0.22109	0.03215	0.01736
V76	0	0.03728	0.01778	0.90026	0.04468
V77	0.0205	0.2658	0.63307	0.07447	0.00616
V78	0	0.28258	0.66505	0.03808	0.01429
V79	0.10522	0.30798	0.04722	0.22286	0.31672
V80	0.20343	0.58536	0.02535	0.11211	0.07375
V81	0.01046	0.28154	0.67447	0.02667	0.00687
V82	0.23544	0.14084	0.02984	0.58853	0.00534
V83	0.09355	0.08372	0.02327	0.61625	0.18321
V84	0.10936	0.12917	0.01572	0.13052	0.61523
V85	0	0.28168	0.67441	0.03717	0.00674
V86	0.02984	0.26202	0.23542	0.47117	0.00154
V87	0.41866	0.0662	0.03537	0.46131	0.01846
V88	0.31794	0.15113	0.04792	0.25509	0.22791
V89	0.0512	0.29762	0.575	0.07273	0.00344
V90	0.02766	0.15383	0.05615	0.19193	0.57044
V91	0	0.05363	0.06014	0.8855	0.00073
V92	0.24496	0.06334	0.02864	0.11895	0.5441
V93	0.00586	0.11942	0.12305	0.59721	0.15447
V94	0.04459	0.13664	0.0276	0.34078	0.45039
V95	0.07776	0.17785	0.02961	0.19236	0.52242
V96	0.74161	0.06684	0.02172	0.04876	0.12107
V97	0.16844	0.06039	0.0415	0.191	0.53867
V98	0.07422	0.32325	0.15996	0.20173	0.24083
V99	0.50621	0.1223	0.01037	0.26085	0.10026
V100	0.54584	0.15303	0.04477	0.0872	0.16917
V101	0.14334	0.77501	0.0422	0.03945	0
V102	0.32766	0.22789	0.11245	0.15932	0.17267
V103	0.1338	0.02292	0.0124	0.13479	0.69609
V104	0.0726	0.32851	0.08622	0.10016	0.41251
V105	0.01526	0.03987	0.03996	0.18857	0.71634
V106	0.1117	0.65444	0.16701	0.04857	0.01828
V107	0.06387	0.34628	0.49628	0.08611	0.00746
V108	0.0261	0.34869	0.597	0.02636	0.00185
V109	0.06793	0.17744	0.05341	0.37184	0.32937
V110	0.22616	0.4275	0.16652	0.17361	0.00621
V111	0.3075	0.31118	0.35238	0.02715	0.00178
V112	0.17218	0.06167	0.08043	0.51983	0.16589
V113	0.23891	0.06559	0.08223	0.21851	0.39476
V114	0.54717	0.10383	0.04141	0.20737	0.10022
V115	0.80612	0.05855	0.00707	0.03136	0.0969
V116	0.01751	0.02155	0.00864	0.16487	0.78742
V117	0.0533	0.24063	0.5573	0.12206	0.02671
V118	0.02953	0.03502	0.00582	0.91342	0.01622
V119	0.30575	0.15713	0.26229	0.2704	0.00444
V120	0.00786	0.23651	0.56484	0.15631	0.03448
V121	0.2962	0.57597	0.02431	0.04841	0.05511
V122	0.0501	0.30628	0.08292	0.34118	0.21954
V123	0.46613	0.09026	0.05951	0.23052	0.15357
V124	0.22308	0.11604	0.05337	0.29318	0.31432
V125	0.0714	0.47005	0.41867	0.03853	0.00135
V126	0.17186	0.2056	0.1716	0.17753	0.27341
V127	0.27514	0.19969	0.43526	0.07652	0.01338
V128	0.314	0.62172	0.03357	0.03019	0.00052
V129	0.26372	0.12705	0.19064	0.2249	0.19369
V130	0.05476	0.38454	0.05125	0.34302	0.16643
V131	0.00578	0.09137	0.15995	0.7429	0
V132	0.33959	0.05124	0.00386	0.39395	0.21136
V133	0.00383	0.19789	0.40035	0.1475	0.25042
V134	0.07911	0.23707	0.54269	0.06085	0.08028
V135	0.02812	0.27897	0.51813	0.06828	0.10649
V136	0.88141	0.07099	0.00845	0.01558	0.02358
V137	0.82576	0.08232	0.008	0.04571	0.03821
V138	0.26272	0.14319	0.06769	0.19963	0.32677
V139	0.11093	0.07276	0.11222	0.69685	0.00725
V140	0.03146	0.06078	0.12268	0.12799	0.65709
V141	0.0274	0.33845	0.478	0.14955	0.0066
V142	0.21239	0.11734	0.23074	0.18371	0.25583
V143	0.02596	0.27392	0.3635	0.20735	0.12928
V144	0.51462	0.1928	0.05913	0.16018	0.07327
V145	0	0.27591	0.65347	0.04886	0.02177
V146	0.0468	0.25282	0.01939	0.42978	0.25121
V147	0.10433	0.24538	0.46737	0.15076	0.03218
V148	0.25424	0.63404	0.03426	0.07745	0
V149	0	0.03309	0.00616	0.92298	0.03777
V150	0.16619	0.31097	0.42267	0.03101	0.06917
V151	0.40173	0.05639	0.01377	0.4348	0.09331
V152	0.00636	0.05736	0.08384	0.79447	0.05798
V153	0.19156	0.26452	0.3362	0.09053	0.1172
V154	0.17799	0.463	0.04043	0.09497	0.22361
V155	0.0268	0.06946	0.09643	0.80055	0.00676
V156	0.10244	0.14795	0.28035	0.21463	0.25464
V157	0.09316	0.09822	0.12774	0.35251	0.32837
V158	0.20163	0.14929	0.30941	0.09584	0.24382
V159	0.11944	0.16991	0.02071	0.66604	0.0239
V160	0.46548	0.16192	0.07826	0.08823	0.20612
V161	0.22222	0.0599	0.05229	0.10383	0.56176
V162	0	0.28796	0.67818	0.02725	0.00661
V163	0.05949	0.02803	0.01977	0.17654	0.71616
V164	0.85401	0.09613	0.01386	0.02063	0.01536
V165	0.62173	0.19249	0.06725	0.07435	0.04418
V166	0.04659	0.09015	0.16788	0.63022	0.06515
V167	0.07735	0.4977	0.03618	0.23445	0.15432
V168	0	0.28796	0.67818	0.02725	0.00661
V169	0.107	0.57539	0.1672	0.14977	0.00064
V170	0.28422	0.29993	0.0572	0.26155	0.09709
V171	0.30005	0.18812	0.25151	0.21663	0.04368
V172	0.20738	0.19206	0.06647	0.10476	0.42933
V173	0.21434	0.11988	0.07173	0.45703	0.13702
V174	0.21049	0.12343	0.24222	0.25237	0.17149
V175	0.08565	0.1508	0.1004	0.2692	0.39395
V176	0.33933	0.0543	0.00901	0.59309	0.00427
V177	0.2	0.19618	0.37963	0.21357	0.01062
V178	0.27608	0.18401	0.31079	0.15401	0.07511
V179	0.10492	0.03265	0.0132	0.13955	0.70968
V180	0.02821	0.12378	0.25665	0.09997	0.49139
V181	0.08427	0.20408	0.01273	0.16433	0.53459
V182	0.57377	0.18192	0.01209	0.19554	0.03668
V183	0.15764	0.77699	0.03398	0.03139	0
V184	0.29997	0.12047	0.20174	0.35435	0.02347
V185	0.14278	0.36465	0.03597	0.23569	0.2209
V186	0.14684	0.14953	0.03164	0.3379	0.33408
V187	0.13422	0.5215	0.02279	0.32149	0
V188	0.76978	0.08342	0.02685	0.10176	0.01819
V189	0.46091	0.1947	0.0363	0.30003	0.00805
V190	0.41493	0.13657	0.15687	0.06488	0.22674
V191	0.23006	0.17064	0.01385	0.49092	0.09453
V192	0.32754	0.18856	0.10243	0.26758	0.11389
V193	0.08711	0.29405	0.39091	0.09026	0.13767
V194	0.26847	0.08999	0.07106	0.1794	0.39109
V195	0.58028	0.21102	0.16805	0.02819	0.01246
V196	0.01344	0.03283	0.05233	0.17755	0.72385
V197	0.15035	0.73588	0.03237	0.08141	0
V198	0.2525	0.18161	0.03777	0.2781	0.25002
V199	0.72647	0.11029	0.14275	0.00782	0.01267
V200	0.7197	0.05536	0.02592	0.05149	0.14753
V201	0.02925	0.03329	0.02247	0.76646	0.14854
V202	0.85562	0.09731	0.00409	0.02178	0.0212
V203	0.56237	0.2004	0.02955	0.09098	0.1167
V204	0.34883	0.09374	0.03392	0.08095	0.44257
V205	0.12226	0.07789	0.09423	0.17085	0.53476
V206	0.03858	0.0899	0.00746	0.83666	0.0274
V207	0.0104	0.04522	0.0064	0.9293	0.00867
V208	0.18221	0.29307	0.35257	0.0885	0.08366
V209	0.16442	0.06831	0.07881	0.13019	0.55827
V210	0	0.2778	0.66961	0.03811	0.01448
V211	0.16469	0.09903	0.15312	0.11749	0.46567
V212	0.12471	0.63019	0.09884	0.1	0.04626
V213	0.10226	0.04242	0.0525	0.35136	0.45146
V214	0.05859	0.52206	0.34921	0.05475	0.01539
V215	0.27303	0.21188	0.113	0.14169	0.2604
V216	0.06181	0.13467	0.24348	0.12519	0.43485
V217	0	0.03353	0.02335	0.8768	0.06632
V218	0.0818	0.21703	0.21677	0.41048	0.07392
V219	0.15045	0.30175	0.28906	0.255	0.00374
V220	0.2891	0.59827	0.07658	0.03604	0
V221	0.04939	0.19176	0.36362	0.07794	0.3173
V222	0.02778	0.0243	0.0146	0.16798	0.76533
V223	0.49332	0.12938	0.20897	0.14801	0.02032
V224	0.07853	0.42311	0.03957	0.17293	0.28585
V225	0.71717	0.1697	0.08939	0.00922	0.01453
V226	0.56046	0.40014	0.01648	0.01964	0.00327
V227	0.10242	0.19456	0.01611	0.6636	0.02332
V228	0.55117	0.13084	0.1826	0.0957	0.03969
V229	0.31127	0.36711	0.21367	0.08187	0.02609
V230	0.02708	0.01864	0.01453	0.16899	0.77075
V231	0.10825	0.47128	0.07143	0.27519	0.07384
V232	0.75158	0.10154	0.11901	0.01486	0.01301
V233	0.064	0.07791	0.1164	0.19733	0.54437
V234	0.03318	0.32422	0.17926	0.44929	0.01405
V235	0.87038	0.07233	0.00344	0.03683	0.01702
V236	0.08509	0.1956	0.42968	0.2433	0.04634
V237	0.12823	0.14661	0.19157	0.37699	0.1566
V238	0.00962	0.02594	0.01297	0.40165	0.54981
V239	0.09171	0.31055	0.05426	0.27493	0.26855
V240	0.14494	0.70176	0.0387	0.06862	0.04599
V241	0.13253	0.79974	0.03533	0.0324	0
V242	0.04907	0.30891	0.23634	0.35764	0.04805
V243	0.46024	0.13139	0.2214	0.06094	0.12603
V244	0.05524	0.34692	0.17132	0.16218	0.26434
V245	0.1219	0.75478	0.05833	0.06499	0
V246	0.64736	0.20641	0.02888	0.03163	0.08572
V247	0.20875	0.25208	0.42151	0.0859	0.03176
V248	0.15465	0.46895	0.04123	0.07923	0.25594
V249	0.2603	0.1289	0.1521	0.16128	0.29742
V250	0.023	0.21351	0.45486	0.09142	0.21722
V251	0.20283	0.0764	0.06767	0.61134	0.04177
V252	0.02887	0.24296	0.3957	0.21228	0.12019
V253	0.37074	0.45273	0.086	0.08401	0.00652
V254	0.58038	0.27713	0.01084	0.11748	0.01418
V255	0.77292	0.10139	0.00369	0.04392	0.07808
V256	0.09799	0.61935	0.04272	0.07238	0.16756
V257	0.47157	0.26885	0.11613	0.07034	0.07311
V258	0.18147	0.24785	0.04883	0.52076	0.00108
V259	0.56115	0.25818	0.13322	0.0241	0.02335
V260	0.26493	0.08237	0.08325	0.16032	0.40913
V261	0.0183	0.16484	0.35398	0.35386	0.10902
V262	0.8262	0.08861	0.03773	0.02678	0.02068
V263	0.74907	0.10249	0.01289	0.12502	0.01054
V264	0.14683	0.72429	0.04005	0.08884	0
V265	0.7751	0.12106	0.05414	0.03248	0.01722
V266	0.02335	0.04088	0.07122	0.16445	0.7001
V267	0.05533	0.027	0.01286	0.27919	0.62563
V268	0.23914	0.35034	0.12476	0.24708	0.03868
V269	0.11242	0.3253	0.27626	0.26083	0.02518
V270	0.03909	0.04428	0.02895	0.8864	0.00129
V271	0.32739	0.55996	0.03029	0.06302	0.01934
V272	0.19254	0.66712	0.05216	0.06168	0.02649
V273	0.2766	0.09279	0.12374	0.37016	0.13671
V274	0.09986	0.06229	0.03628	0.30424	0.49733
V275	0.09456	0.58185	0.16055	0.16293	0.00011
V276	0.00759	0.20613	0.47158	0.2896	0.02509
V277	0.3603	0.19024	0.3892	0.02668	0.03357
V278	3e-05	0.1342	0.2399	0.51921	0.10666
V279	0.13341	0.04244	0.01572	0.76472	0.04371
V280	0.18368	0.05946	0.03209	0.64456	0.0802
V281	0.0285	0.17693	0.04084	0.75231	0.00141
V282	0.14573	0.78781	0.03455	0.03191	0
V283	0.35859	0.07161	0.08559	0.09635	0.38786
V284	0.03319	0.24453	0.3932	0.06249	0.26658
V285	0.59383	0.33435	0.01278	0.05327	0.00578
V286	0.08835	0.25659	0.572	0.07042	0.01265
V287	0.24363	0.11838	0.12222	0.34721	0.16857
V288	0.21348	0.19638	0.42448	0.04265	0.123
V289	0.16458	0.1737	0.02649	0.63258	0.00265
V290	0.4909	0.37654	0.11609	0.01647	0
V291	0.40729	0.16755	0.01286	0.40455	0.00774
V292	0.12854	0.15407	0.28776	0.10416	0.32547
V293	0.00685	0.30458	0.58271	0.08789	0.01796
V294	0.01712	0.02405	0.01504	0.16271	0.78107
V295	0.00799	0.12809	0.2295	0.56876	0.06566
V296	0.80927	0.11948	0.00457	0.03048	0.0362
V297	0.02035	0.22632	0.53396	0.17764	0.04173
V298	0.27101	0.04484	0.00907	0.58218	0.0929
V299	0.24477	0.04197	0.01465	0.69537	0.00324
V300	0.88234	0.07375	0.00378	0.02257	0.01756
V301	0.85702	0.06816	0.00792	0.04438	0.02252
V302	0.00651	0.0267	0.01224	0.5168	0.43776
V303	0.12158	0.19278	0.16468	0.2542	0.26674
V304	0.19822	0.2416	0.50254	0.03127	0.02638
V305	0.24359	0.25989	0.08256	0.17637	0.23758
V306	0.4233	0.50458	0.02092	0.04599	0.00522
V307	0.22296	0.11071	0.18468	0.47886	0.0028
V308	0.23805	0.20535	0.43795	0.10602	0.01263
V309	0.61738	0.09855	0.03943	0.14665	0.09798
V310	0.03769	0.03687	0.01394	0.22986	0.68165
V311	0.00685	0.03998	0.03551	0.90893	0.00873
V312	0.10907	0.25534	0.20118	0.07529	0.35913
V313	0.07645	0.21953	0.02354	0.42307	0.2574
V314	0.07971	0.03516	0.01131	0.47249	0.40134
V315	0.85994	0.06975	0.01287	0.01702	0.04043
V316	0.16371	0.47668	0.22379	0.07763	0.05819
V317	0.38689	0.22185	0.34017	0.02571	0.02537
V318	0.82657	0.06319	0.00745	0.02237	0.08042
V319	0.11487	0.27235	0.56679	0.04071	0.00528
V320	0.0698	0.0335	0.01081	0.87703	0.00886
V321	0.16023	0.32342	0.23692	0.26271	0.01673
V322	0.02334	0.34077	0.43684	0.10118	0.09788
V323	0.27222	0.28293	0.31455	0.05546	0.07485
V324	0.03216	0.0683	0.03603	0.85658	0.00694
V325	0.60734	0.12836	0.06309	0.14282	0.05838
V326	0.05413	0.04703	0.04971	0.25049	0.59864
V327	0.38728	0.39739	0.10214	0.0574	0.05579
V328	0.05748	0.24942	0.13352	0.55201	0.00758
V329	0	0.15455	0.27021	0.56937	0.00587
V330	0.08851	0.25788	0.57456	0.02933	0.04972
V331	0.14345	0.06635	0.07339	0.18863	0.52818
V332	0.45412	0.18783	0.2994	0.02511	0.03355
V333	0.38627	0.13695	0.2076	0.195	0.07418
V334	0.05912	0.35292	0.41874	0.13288	0.03634
V335	0.68671	0.09913	0.05862	0.05891	0.09663
V336	0.22781	0.50304	0.23578	0.02702	0.00634
V337	0.01263	0.0275	0.01984	0.28992	0.65012
V338	0.67813	0.09577	0.10148	0.04038	0.08423
V339	0.27455	0.44995	0.16709	0.03454	0.07386
V340	0.04579	0.16024	0.09718	0.1621	0.5347
V341	0.04916	0.47682	0.37428	0.04738	0.05236
V342	0.29726	0.24568	0.30977	0.14464	0.00266
V343	0.65447	0.12485	0.18645	0.0228	0.01142
V344	0.17804	0.60513	0.0642	0.078	0.07464
V345	0.22178	0.0619	0.01054	0.36126	0.34451
V346	0.04746	0.30594	0.24945	0.37341	0.02375
V347	0.11589	0.38245	0.03658	0.43719	0.02789
V348	0.01942	0.22509	0.32298	0.31322	0.1193
V349	0.08759	0.36421	0.40599	0.05646	0.08575
V350	0.14072	0.3226	0.08141	0.32888	0.12639
V351	0.174	0.16531	0.28983	0.3559	0.01496
V352	0.15997	0.49964	0.30357	0.03682	0
V353	0.29485	0.25375	0.04212	0.1112	0.29808
V354	0.55001	0.16001	0.26914	0.01081	0.01002
V355	0.08185	0.12591	0.23032	0.55495	0.00697
V356	0.09968	0.25184	0.56027	0.05388	0.03433
V357	0.04752	0.18021	0.36954	0.09508	0.30764
V358	0.02097	0.05928	0.02995	0.88248	0.00731
V359	0.04987	0.09831	0.01327	0.83854	0
V360	0.6639	0.09749	0.06381	0.16563	0.00917
V361	0.39829	0.39228	0.08809	0.03364	0.0877
V362	0.75563	0.07996	0.06811	0.0181	0.07821
V363	0.03648	0.04246	0.01366	0.27312	0.63428
V364	0.04985	0.21537	0.02952	0.54691	0.15836
V365	0	0.03553	0.01203	0.92895	0.02348
V366	0.21635	0.20943	0.39775	0.09969	0.07679
V367	0.24373	0.2257	0.1614	0.2265	0.14267
V368	0.71791	0.12781	0.08671	0.02755	0.04003
V369	0.0837	0.54967	0.22722	0.13941	0
V370	0.02484	0.15599	0.10007	0.45711	0.26198
V371	0.13758	0.76126	0.07516	0.02599	0
V372	0.61763	0.12203	0.10021	0.13398	0.02615
V373	0.17862	0.52581	0.13475	0.16082	0
V374	0.09792	0.15695	0.25975	0.4851	0.00028
V375	0.29304	0.20037	0.3976	0.10237	0.0066
V376	0.01493	0.128	0.29659	0.10513	0.45535
V377	0.12523	0.42305	0.18528	0.26643	0
V378	0.19017	0.45973	0.166	0.04584	0.13826
V379	0.03183	0.05413	0.09001	0.19434	0.6297
V380	0.01371	0.10381	0.12852	0.57348	0.18047
V381	0.16191	0.05708	0.01284	0.12229	0.64588
V382	0.39217	0.04092	0.00829	0.34927	0.20935
V383	0.02535	0.10392	0.18761	0.68312	0
V384	0.27632	0.10942	0.11853	0.45263	0.04311
V385	0.10286	0.08592	0.01479	0.1319	0.66454
V386	0.61212	0.05471	0.00713	0.31692	0.00912
V387	0.25025	0.05555	0.0096	0.66238	0.02222
V388	0.12334	0.68521	0.06217	0.12928	0
V389	0.20886	0.61781	0.0418	0.08584	0.0457
V390	0.1681	0.03998	0.0097	0.70211	0.08011
V391	0.71003	0.13243	0.00453	0.09594	0.05706
V392	0.86777	0.086	0.00875	0.02116	0.01632
V393	0.09625	0.08445	0.10999	0.58193	0.12739
V394	0.66376	0.06036	0.0215	0.17704	0.07734
V395	0	0.12422	0.25664	0.61248	0.00666
V396	0.53261	0.16718	0.27257	0.01215	0.01549
V397	0.65823	0.13568	0.03032	0.13765	0.03812
V398	0.05819	0.07298	0.12146	0.68285	0.06451
V399	0.04368	0.04216	0.00723	0.3876	0.51933
V400	0.2149	0.42864	0.14507	0.21138	0
V401	0.31305	0.19941	0.42278	0.05737	0.00739
V402	0.36206	0.17463	0.29547	0.1003	0.06753
V403	0.16289	0.07495	0.00726	0.24141	0.51349
V404	0	0.17819	0.33905	0.44669	0.03606
V405	0.3598	0.21858	0.06362	0.27703	0.08096
V406	0.02373	0.27987	0.6469	0.0279	0.0216
V407	0.80731	0.09391	0.02803	0.05686	0.0139
V408	0.05138	0.27609	0.02039	0.36955	0.28259
V409	0.10394	0.05384	0.05159	0.70974	0.08089
V410	0.14206	0.20022	0.24069	0.1109	0.30613
V411	0.0172	0.02153	0.00856	0.174	0.77872
V412	0.03338	0.1496	0.11035	0.13556	0.57111
V413	0.03304	0.22845	0.12649	0.4604	0.15162
V414	0.04214	0.07801	0.00747	0.56199	0.31038
V415	0.17466	0.02505	0.01168	0.12614	0.66248
V416	0.1186	0.08716	0.0251	0.25642	0.51273
V417	0.01018	0.22155	0.52889	0.18191	0.05746
V418	0.61582	0.29146	0.02808	0.03598	0.02866
V419	0.25151	0.05089	0.02154	0.21034	0.46572
V420	0.23679	0.05813	0.08183	0.13519	0.48807
V421	0.01135	0.05871	0.10448	0.17057	0.65489
V422	0.01001	0.04997	0.04125	0.77207	0.1267
V423	0.29601	0.23457	0.20988	0.23901	0.02054
V424	0.00397	0.15628	0.36114	0.08622	0.39239
V425	0.39637	0.27803	0.01203	0.06757	0.24599
V426	0.24455	0.15177	0.02455	0.51495	0.06417
V427	0.2939	0.53093	0.15129	0.02388	0
V428	0.15502	0.51508	0.08936	0.16631	0.07424
V429	0.21054	0.62632	0.02712	0.12859	0.00742
V430	0.03191	0.14024	0.28778	0.26459	0.27547
V431	0.14328	0.31995	0.16726	0.33043	0.03909
V432	0.29379	0.11143	0.0953	0.38792	0.11156
V433	0.19688	0.17182	0.34474	0.26297	0.02359
V434	0.27273	0.31994	0.28468	0.04814	0.07451
V435	0.52957	0.16568	0.23805	0.05188	0.01481
V436	0.10689	0.4788	0.11115	0.1226	0.18054
V437	0.19786	0.05147	0.02787	0.26544	0.45736
V438	0.1569	0.27758	0.16171	0.35613	0.04769
V439	0.56725	0.05643	0.03751	0.31822	0.0206
V440	0.04529	0.4135	0.4425	0.05386	0.04484
V441	0.06946	0.51289	0.34469	0.07296	0
V442	0.14509	0.78547	0.04268	0.02676	0
V443	0.85101	0.0671	0.00775	0.05767	0.01646
V444	0.19026	0.32284	0.03943	0.42589	0.02157
V445	0.08724	0.30922	0.04669	0.55196	0.00489
V446	0.10776	0.07942	0.07634	0.61886	0.11762
V447	0.06576	0.0328	0.01661	0.54105	0.34378
V448	0.17575	0.03475	0.02308	0.13515	0.63127
V449	0	0.28796	0.67818	0.02725	0.00661
V450	0.21684	0.15254	0.18429	0.19724	0.24909
V451	0.28352	0.17294	0.05515	0.4008	0.08759
V452	0.00627	0.07539	0.11577	0.76731	0.03526
V453	0.01611	0.03047	0.00636	0.56065	0.38641
V454	0.01122	0.20721	0.48203	0.08234	0.2172
V455	0.08119	0.24943	0.22421	0.11852	0.32666
V456	0.84783	0.07004	0.00307	0.03942	0.03963
V457	0.67657	0.17258	0.03222	0.08054	0.03808
V458	0.04622	0.40437	0.40919	0.10504	0.03518
V459	0.1371	0.08485	0.04661	0.54627	0.18517
V460	0.63903	0.12081	0.13146	0.08136	0.02734
V461	0.22301	0.2995	0.19829	0.06979	0.20941
V462	0.05073	0.07888	0.01833	0.59409	0.25797
V463	0.20565	0.07718	0.0162	0.69369	0.00727
V464	0.18698	0.31046	0.45362	0.03995	0.00899
V465	0.05683	0.08718	0.02146	0.15751	0.67701
V466	0.0356	0.01743	0.00748	0.24453	0.69496
V467	0.06788	0.1919	0.02815	0.64034	0.07173
V468	0.59996	0.26175	0.09114	0.01702	0.03014
V469	0.03263	0.25836	0.05861	0.3863	0.2641
V470	0.76979	0.0955	0.0226	0.09447	0.01764
V471	0.41887	0.2279	0.03245	0.19856	0.12222
V472	0.01793	0.05082	0.04073	0.15215	0.73837
V473	0.03979	0.2255	0.1909	0.3991	0.14472
V474	0.28983	0.13473	0.05278	0.4877	0.03496
V475	0.17136	0.20008	0.40307	0.07442	0.15107
V476	0.1493	0.08292	0.07535	0.64357	0.04885
V477	0.13249	0.79683	0.04355	0.02713	0
V478	0.18716	0.0307	0.01169	0.12198	0.64846
V479	0.77055	0.09738	0.02758	0.08682	0.01768
V480	0.206	0.51406	0.07236	0.18887	0.01871
V481	0.28052	0.28996	0.06297	0.25188	0.11467
V482	0.19029	0.58392	0.19336	0.02975	0.00267
V483	0.38627	0.39819	0.01655	0.1605	0.03849
V484	0.27635	0.41267	0.11328	0.1917	0.00599
V485	0.62932	0.1194	0.08329	0.14207	0.02592
V486	0.07935	0.1516	0.22562	0.08971	0.45371
V487	0.14228	0.2164	0.28815	0.34727	0.00589
V488	0.39456	0.082	0.00465	0.38682	0.13197
V489	0.01807	0.35034	0.49544	0.12154	0.01459
V490	0.00855	0.21612	0.50803	0.25614	0.01116
V491	0.06503	0.35628	0.05772	0.19664	0.32434
V492	0.0311	0.12467	0.03243	0.79295	0.01884
V493	0.0077	0.0313	0.01183	0.93966	0.0095
V494	0.29975	0.0455	0.01938	0.57064	0.06472
V495	0.33597	0.23439	0.16253	0.21679	0.05032
V496	0.14786	0.06036	0.04859	0.1174	0.62578
V497	0.10939	0.08559	0.11462	0.20273	0.48767
V498	0.16057	0.7273	0.05638	0.04984	0.00591
V499	0.05758	0.24131	0.21025	0.14353	0.34733
V500	0.15042	0.38513	0.1085	0.30973	0.04621
V501	0.10071	0.2424	0.02631	0.1183	0.51228
V502	0.22383	0.64236	0.06516	0.06866	0
V503	0.42287	0.10422	0.14534	0.18486	0.14271
V504	0.51177	0.16092	0.01256	0.06195	0.2528
V505	0.59483	0.05252	0.02237	0.12984	0.20044
V506	0.06332	0.4118	0.07584	0.09224	0.3568
V507	0.76088	0.06489	0.02608	0.11205	0.03611
V508	0.0712	0.54771	0.21491	0.09859	0.06758
V509	0.0833	0.37257	0.13274	0.29163	0.11975
V510	0.4777	0.38884	0.05406	0.07691	0.0025
V511	0.08828	0.37023	0.39813	0.08289	0.06047
V512	0.19903	0.3908	0.1588	0.10543	0.14595
V513	0.2539	0.54154	0.08864	0.09636	0.01956
V514	0.01811	0.08033	0.17061	0.15405	0.5769
V515	0.07461	0.10857	0.00778	0.80904	0
V516	0.18761	0.29204	0.09874	0.41401	0.00759
V517	0.01012	0.06432	0.0424	0.87609	0.00708
V518	0.39008	0.13797	0.21789	0.22274	0.03132
V519	0.73569	0.09002	0.00778	0.15022	0.0163
V520	0.15287	0.69046	0.04577	0.1109	0
V521	0.19642	0.07165	0.09768	0.62633	0.00793
V522	0.06018	0.29853	0.4132	0.19161	0.03648
V523	0.15699	0.24989	0.50606	0.07534	0.01172
V524	0.33325	0.20374	0.37902	0.02354	0.06044
V525	0.03162	0.15867	0.03712	0.14263	0.62997
V526	0.04511	0.26987	0.59273	0.05727	0.03501
V527	0.12724	0.46605	0.33983	0.05008	0.01681
V528	0.14002	0.04094	0.02118	0.79594	0.00192
V529	0.21897	0.23921	0.49264	0.02955	0.01964
V530	0.0216	0.26432	0.60002	0.08647	0.02759
V531	0.23876	0.41567	0.09426	0.07047	0.18084
V532	0.08605	0.27293	0.24232	0.07183	0.32687
V533	0.28042	0.03194	0.00519	0.10528	0.57716
V534	0.12227	0.07445	0.00616	0.77637	0.02075
V535	0.79452	0.13697	0.04004	0.01105	0.01743
V536	0.1465	0.2478	0.28507	0.09098	0.22965
V537	0.02914	0.03819	0.02115	0.1556	0.75592
V538	0.61971	0.10989	0.00959	0.07184	0.18896
V539	0.02199	0.29198	0.46702	0.15573	0.06328
V540	0.21921	0.37457	0.09185	0.11556	0.1988
V541	0.06169	0.30571	0.03563	0.13324	0.46372
V542	0.05223	0.27325	0.10042	0.52801	0.0461
V543	0.07552	0.2721	0.47176	0.09245	0.08817
V544	0.35475	0.20527	0.1432	0.11688	0.1799
V545	0.70238	0.25924	0.01475	0.02027	0.00335
V546	0.1435	0.64845	0.10851	0.05256	0.04698
V547	0.16685	0.61889	0.02715	0.1801	0.00701
V548	0.00318	0.06884	0.01303	0.90787	0.00708
V549	0.0117	0.02979	0.02566	0.30358	0.62928
V550	0.11198	0.7226	0.12289	0.04253	0
V551	0.00786	0.02932	0.00599	0.95442	0.00241
V552	0.22986	0.04319	0.02227	0.14045	0.56424
V553	0.71505	0.06259	0.0163	0.15994	0.04611
V554	0.11071	0.18481	0.33441	0.35568	0.01439
V555	0.1286	0.78326	0.043	0.04058	0.00456
V556	0.07629	0.07935	0.04733	0.75471	0.04231
V557	0.3218	0.19569	0.03771	0.40323	0.04158
V558	0.01003	0.23255	0.53445	0.197	0.02596
V559	0.13992	0.43265	0.36223	0.03896	0.02624
V560	0.65835	0.22278	0.10269	0.01042	0.00576
V561	0.67244	0.07931	0.09486	0.03783	0.11557
V562	0.13519	0.10112	0.12272	0.18593	0.45504
V563	0.23997	0.25387	0.16531	0.17315	0.1677
V564	0.3287	0.07234	0.04809	0.38756	0.16331
V565	0.01549	0.0263	0.0208	0.1953	0.74211
V566	0.29584	0.12993	0.02867	0.38585	0.15972
V567	0.02161	0.27653	0.66006	0.02716	0.01463
V568	0.03691	0.27715	0.31862	0.36733	0
V569	0.60331	0.12949	0.08023	0.14838	0.03859
V570	0.1301	0.12129	0.19886	0.49184	0.05792
V571	0.25012	0.1028	0.1672	0.37545	0.10442
V572	0.78598	0.05765	0.00218	0.03409	0.12009
V573	0.07927	0.15844	0.24029	0.43174	0.09027
V574	0.54442	0.24139	0.06736	0.12446	0.02238
V575	0.36336	0.08573	0.09274	0.11581	0.34237
V576	0.11946	0.73586	0.04074	0.05807	0.04587
V577	0.47725	0.38596	0.04745	0.08686	0.00248
V578	0.03213	0.26144	0.37507	0.28836	0.043
V579	0.05556	0.46776	0.29299	0.07654	0.10716
V580	0.27327	0.40061	0.02994	0.2833	0.01289
V581	0.08584	0.45908	0.31868	0.1364	0
V582	0.00259	0.29713	0.65791	0.03689	0.00549
V583	0.58216	0.14443	0.22289	0.04037	0.01015
V584	0.28227	0.40502	0.10655	0.08114	0.12503
V585	0.1101	0.627	0.0912	0.12546	0.04623
V586	0.09933	0.66885	0.18301	0.04881	0
V587	0.11307	0.53113	0.03061	0.10113	0.22406
V588	0.27847	0.40397	0.29152	0.02231	0.00372
V589	0.12297	0.3045	0.05305	0.50609	0.01339
V590	0.11481	0.62818	0.02792	0.07117	0.15792
V591	0.53955	0.38308	0.04606	0.02759	0.00372
V592	0.02074	0.21814	0.53219	0.08203	0.1469
V593	0.38483	0.04984	0.00856	0.51174	0.04502
V594	0.00841	0.27434	0.46327	0.20753	0.04646
V595	0.48855	0.08771	0.05204	0.33396	0.03774
V596	0.45948	0.21296	0.15229	0.15228	0.02299
V597	0.0401	0.14463	0.01689	0.23408	0.56431
V598	0.57421	0.04345	0.00788	0.05609	0.31836
V599	0.09697	0.31542	0.08853	0.47787	0.02122
V600	0.26389	0.09662	0.13115	0.41208	0.09625
V601	0.14212	0.09285	0.01211	0.54378	0.20915
V602	0.81474	0.14889	0.00572	0.0195	0.01114
V603	0.14834	0.12224	0.03182	0.23591	0.46169
V604	0.02129	0.21561	0.48885	0.15846	0.11578
V605	0.0361	0.09679	0.10611	0.1873	0.57371
V606	0.78333	0.05306	0.00206	0.03505	0.12649
V607	0.18003	0.09899	0.02516	0.11742	0.5784
V608	0.70142	0.0692	0.02642	0.10641	0.09654
V609	0.2061	0.22927	0.02231	0.47891	0.0634
V610	0.13927	0.49027	0.0284	0.34206	0
V611	0.27257	0.21226	0.41198	0.04925	0.05393
V612	0.3712	0.15224	0.21873	0.05961	0.19822
V613	0.4856	0.41045	0.04862	0.05532	0
V614	0.5246	0.06428	0.01888	0.12662	0.26562
V615	0.00649	0.11755	0.10263	0.64527	0.12807
V616	0.61294	0.08625	0.10264	0.15888	0.03929
V617	0.23062	0.20368	0.31772	0.13328	0.1147
V618	0.7003	0.11741	0.04923	0.0366	0.09646
V619	0.52912	0.1074	0.11139	0.04952	0.20256
V620	0.03857	0.13527	0.24485	0.57489	0.00642
V621	0.16345	0.25172	0.23297	0.06262	0.28924
V622	0.03334	0.24903	0.27661	0.08707	0.35396
V623	0.06292	0.03498	0.01089	0.74201	0.1492
V624	0.82057	0.062	0.00729	0.04215	0.06799
V625	0.00197	0.09351	0.07492	0.82402	0.00558
V626	0.07323	0.18797	0.37637	0.33999	0.02245
V627	0.12573	0.15754	0.1002	0.12787	0.48867
V628	0.8557	0.07687	0.00811	0.04312	0.01621
V629	0.14826	0.34289	0.44933	0.05212	0.0074
V630	0.02985	0.14159	0.03006	0.15209	0.6464
V631	0.00818	0.10055	0.20687	0.12086	0.56355
V632	0.11148	0.61323	0.03451	0.10347	0.13731
V633	0.05185	0.05651	0.07121	0.58908	0.23135
V634	0.46669	0.37747	0.13011	0.02573	0
V635	0.04921	0.14167	0.14976	0.12607	0.53329
V636	0.21278	0.22137	0.22894	0.23943	0.09748
V637	0.21109	0.15221	0.27597	0.28694	0.0738
V638	0.11627	0.34898	0.03596	0.17013	0.32866
V639	0.5906	0.31497	0.07118	0.01565	0.0076
V640	0.124	0.16665	0.07136	0.31891	0.31908
V641	0.16759	0.55667	0.04587	0.22149	0.00838
V642	0.6845	0.07101	0.00715	0.22725	0.01008
V643	0.1265	0.71486	0.09659	0.06206	0
V644	0.06538	0.31789	0.03415	0.56234	0.02024
V645	0.24991	0.57622	0.03879	0.13508	0
V646	0.18368	0.39716	0.04321	0.32201	0.05393
V647	0.8369	0.06675	0.00762	0.07282	0.01592
V648	0.42468	0.10874	0.01065	0.32275	0.13318
V649	0.27571	0.11196	0.0659	0.18515	0.36128
V650	0.01693	0.04475	0.04732	0.88973	0.00127
V651	0.14937	0.15873	0.00888	0.68302	0
V652	0.33147	0.05679	0.03023	0.56464	0.01687
V653	0.31595	0.06666	0.04223	0.53831	0.03685
V654	0.0434	0.06982	0.00895	0.19927	0.67857
V655	0.15406	0.14716	0.21273	0.47893	0.00712
V656	0.12205	0.032	0.0066	0.21852	0.62083
V657	0.0616	0.36277	0.04297	0.44314	0.08952
V658	0.02372	0.05489	0.02905	0.67927	0.21307
V659	0.00945	0.06426	0.06064	0.81488	0.05076
V660	0.08849	0.25402	0.03302	0.14507	0.47941
V661	0.08891	0.49607	0.03598	0.28551	0.09353
V662	0.06613	0.33144	0.03658	0.10163	0.46421
V663	0.88607	0.07223	0.00868	0.01504	0.01799
V664	0.02165	0.05547	0.09159	0.47761	0.35368
V665	0.06813	0.53897	0.2122	0.15161	0.02909
V666	0.18482	0.70868	0.0704	0.03611	0
V667	0.06863	0.47721	0.24432	0.17045	0.03939
V668	0.65336	0.19714	0.04466	0.08045	0.02438
V669	0.50015	0.23923	0.03254	0.13161	0.09647
V670	0.15533	0.4891	0.06445	0.10081	0.19032
V671	0.71033	0.10062	0.12595	0.04546	0.01764
V672	0.09676	0.09551	0.07374	0.38804	0.34595
V673	0.01626	0.03389	0.00827	0.24799	0.6936
V674	0.37158	0.23083	0.33928	0.01995	0.03836
V675	0.63449	0.06007	0.03187	0.17612	0.09745
V676	0.26817	0.23134	0.3447	0.03379	0.12199
V677	0.05562	0.25732	0.17773	0.46167	0.04767
V678	0.07514	0.23557	0.02617	0.14135	0.52178
V679	0.00695	0.15173	0.31732	0.51689	0.00711
V680	0.16538	0.03778	0.02106	0.4243	0.35149
V681	0.48933	0.0744	0.03439	0.3236	0.07828
V682	0	0.28796	0.67818	0.02725	0.00661
V683	0.0861	0.31004	0.46047	0.03823	0.10516
V684	0.05027	0.0381	0.01129	0.89854	0.00179
V685	0.00957	0.25512	0.57924	0.14413	0.01195
V686	0.37056	0.48686	0.08192	0.05506	0.0056
V687	0	0.17998	0.40032	0.40438	0.01532
V688	0	0.27926	0.65968	0.03903	0.02203
V689	0.47309	0.12716	0.13856	0.14236	0.11883
V690	0.19805	0.69169	0.04529	0.06497	0
V691	0.14067	0.12579	0.04224	0.66566	0.02564
V692	0.06401	0.04956	0.01692	0.79624	0.07326
V693	0.05156	0.49425	0.38085	0.07334	0
V694	0.09382	0.15913	0.03846	0.6534	0.05518
V695	0.14341	0.13961	0.1186	0.11445	0.48394
V696	0.13047	0.21878	0.5056	0.04323	0.10192
V697	0.10845	0.17992	0.22989	0.39188	0.08985
V698	0.02168	0.07728	0.13824	0.13354	0.62925
V699	0.03103	0.05034	0.04081	0.70946	0.16835
V700	0.13454	0.67439	0.10253	0.04184	0.04669
V701	0.03053	0.1377	0.02362	0.14541	0.66274
V702	0.0206	0.10242	0.01372	0.74322	0.12004
V703	0.00897	0.0463	0.02392	0.91225	0.00857
V704	0.05111	0.16766	0.28908	0.102	0.39016
V705	0.85187	0.07397	0.0032	0.03158	0.03939
V706	0.15845	0.1678	0.12313	0.48601	0.06461
V707	0.15034	0.12386	0.06123	0.35372	0.31084
V708	0.06292	0.55019	0.35042	0.03647	0
V709	0.01664	0.03675	0.03396	0.15507	0.75757
V710	0.1385	0.17221	0.33931	0.06084	0.28913
V711	0.06917	0.02529	0.02559	0.16499	0.71496
V712	0.0638	0.21493	0.47167	0.23163	0.01798
V713	0.30412	0.39961	0.2576	0.03867	0
V714	0.06141	0.02318	0.00781	0.15409	0.75349
V715	0.02357	0.36451	0.45379	0.15324	0.00489
V716	0.73705	0.15467	0.01515	0.06693	0.0262
V717	0.41197	0.17298	0.0987	0.07747	0.23888
V718	0.63379	0.11974	0.17851	0.02103	0.04692
V719	0.41773	0.21561	0.08871	0.16446	0.11349
V720	0.13609	0.07563	0.07457	0.1446	0.5691
V721	0.03619	0.03727	0.04578	0.16558	0.71517
V722	0.03182	0.19032	0.05425	0.58394	0.13967
V723	0.12	0.19709	0.09202	0.57418	0.01671
V724	0.1908	0.50035	0.05702	0.25183	0
V725	0.03911	0.02461	0.01442	0.15648	0.76539
V726	0.28375	0.38442	0.06287	0.11607	0.15288
V727	0.01132	0.27567	0.65274	0.03835	0.02193
V728	0.72189	0.09479	0.08303	0.08341	0.01688
V729	0.58798	0.11724	0.02503	0.25724	0.01251
V730	0.11988	0.14531	0.26003	0.4241	0.05069
V731	0	0.05477	0.04824	0.8963	0.00068
V732	0.00764	0.03158	0.01189	0.94649	0.0024
V733	0.03658	0.28034	0.63449	0.02737	0.02123
V734	0.48561	0.19079	0.23959	0.06422	0.01977
V735	0.08879	0.18544	0.17402	0.11836	0.43339
V736	0.01999	0.0472	0.0153	0.15677	0.76074
V737	0.88384	0.07514	0.00866	0.01471	0.01765
V738	0.05679	0.34316	0.0306	0.11204	0.4574
V739	0.00949	0.03997	0.00627	0.94233	0.00194
V740	0.23265	0.10974	0.08652	0.10635	0.46474
V741	0.46943	0.05851	0.0082	0.34916	0.1147
V742	0.07542	0.18242	0.37022	0.22912	0.14282
V743	0.0359	0.07504	0.06477	0.23338	0.59091
V744	0.19153	0.11792	0.12238	0.53338	0.03479
V745	0.15689	0.06335	0.03874	0.73338	0.00764
V746	0.44868	0.43355	0.05048	0.03589	0.0314
V747	0.03553	0.2784	0.61947	0.03821	0.02839
V748	0.18686	0.24027	0.21574	0.12074	0.23639
V749	0.1908	0.12841	0.09283	0.47572	0.11223
V750	0.75539	0.16063	0.01052	0.06501	0.00845
V751	0.06007	0.42918	0.44881	0.05867	0.00327
V752	0.03676	0.10761	0.02887	0.14796	0.67881
V753	0.52268	0.13959	0.16995	0.05823	0.10956
V754	0.1338	0.23664	0.01759	0.61197	0
V755	0.34591	0.57101	0.05883	0.02424	0
V756	0.03385	0.09473	0.02796	0.19373	0.64973
V757	0.16471	0.06165	0.07328	0.69227	0.00809
V758	0.09024	0.31266	0.01506	0.58203	0
V759	0.10244	0.07118	0.08244	0.11946	0.62448
V760	0.08019	0.10313	0.15573	0.33216	0.32878
V761	0.08152	0.37444	0.5016	0.03561	0.00682
V762	0.01477	0.09584	0.1291	0.476	0.28429
V763	0.05033	0.19913	0.01937	0.12823	0.60293
V764	0.10916	0.09364	0.06563	0.71899	0.01258
V765	0.18137	0.21274	0.43644	0.084	0.08545
V766	0.11463	0.42392	0.22179	0.10856	0.13109
V767	0.33563	0.37403	0.06807	0.09877	0.1235
V768	0.13627	0.68286	0.07789	0.10298	0
V769	0.71021	0.10178	0.12081	0.02003	0.04716
V770	0.29496	0.17565	0.32905	0.18834	0.012
V771	0.13044	0.56569	0.03214	0.17792	0.09381
V772	0.05703	0.27464	0.62828	0.03388	0.00616
V773	0.0338	0.02369	0.00728	0.30179	0.63344
V774	0.16847	0.17554	0.36847	0.05313	0.23438
V775	0.81493	0.06788	0.017	0.07357	0.02662
V776	0.4072	0.36613	0.14017	0.06028	0.02622
V777	0.25321	0.34817	0.20067	0.15753	0.04042
V778	0.51216	0.07869	0.01386	0.2524	0.14289
V779	0.10281	0.4368	0.40208	0.04804	0.01027
V780	0.02144	0.27647	0.65929	0.03594	0.00686
V781	0.21714	0.28011	0.1476	0.06364	0.29152
V782	0.26793	0.18815	0.02737	0.09304	0.42351
V783	0.00168	0.19212	0.448	0.09117	0.26703
V784	0.06877	0.46236	0.02086	0.37536	0.07264
V785	0.70354	0.12155	0.0042	0.11985	0.05086
V786	0.17342	0.15887	0.01964	0.63067	0.0174
V787	0.19743	0.44565	0.01925	0.28368	0.05399
V788	0.4374	0.33706	0.0698	0.03578	0.11997
V789	0.01818	0.12381	0.01507	0.50704	0.3359
V790	0.30824	0.19368	0.05708	0.1821	0.2589
V791	0.20265	0.18943	0.06459	0.27297	0.27035
V792	0.8583	0.08055	0.0183	0.01473	0.02813
V793	0.36075	0.21739	0.05156	0.15589	0.21441
V794	0.02034	0.06512	0.08333	0.29421	0.53699
V795	0.23426	0.67725	0.04448	0.04401	0
V796	0.33625	0.33455	0.09938	0.20554	0.02428
V797	0.15465	0.02145	0.0063	0.14796	0.66964
V798	0.18689	0.38314	0.02351	0.16886	0.23759
V799	0.03328	0.1413	0.0453	0.73959	0.04053
V800	0.03515	0.03359	0.01954	0.25371	0.65802
V801	0.34881	0.08047	0.08977	0.45041	0.03053
V802	0.0541	0.15329	0.02375	0.13849	0.63038
V803	0.28222	0.06283	0.00962	0.62288	0.02245
V804	0.20836	0.18539	0.14943	0.41564	0.04118
V805	0.1607	0.22917	0.30907	0.21777	0.0833
V806	0.4617	0.10031	0.13719	0.10766	0.19313
V807	0.6822	0.06404	0.04613	0.07892	0.1287
V808	0.77266	0.0713	0.03622	0.02881	0.091
V809	0.28142	0.46746	0.03953	0.08606	0.12552
V810	0.02821	0.07306	0.03607	0.55204	0.31062
V811	0.06409	0.09079	0.0267	0.23139	0.58703
V812	0.07205	0.55757	0.19856	0.15228	0.01955
V813	0.04974	0.22445	0.18009	0.09278	0.45294
V814	0.25902	0.42581	0.0725	0.23025	0.01242
V815	0.32592	0.52706	0.04913	0.0979	0
V816	0.05188	0.37241	0.02364	0.53342	0.01864
V817	0.74274	0.10777	0.09986	0.0376	0.01203
V818	0.05473	0.25322	0.27462	0.10772	0.30972
V819	0.85008	0.07806	0.01304	0.04277	0.01604
V820	0.09081	0.29294	0.10886	0.48533	0.02206
V821	0.01751	0.02155	0.00864	0.16487	0.78742
V822	0.17666	0.04984	0.01556	0.75603	0.00191
V823	0.05765	0.14055	0.17562	0.10352	0.52266
V824	0.08395	0.04888	0.0261	0.14022	0.70086
V825	0.15187	0.19844	0.42854	0.21661	0.00456
V826	0.04437	0.2684	0.62764	0.05346	0.00613
V827	0.34364	0.1295	0.00657	0.43351	0.08677
V828	0.26369	0.15133	0.0885	0.13645	0.36003
V829	0.09905	0.15907	0.22641	0.25111	0.26436
V830	0.15625	0.21561	0.4673	0.05979	0.10106
V831	0.08635	0.57894	0.0717	0.25563	0.00738
V832	0.21484	0.04864	0.05593	0.32057	0.36002
V833	0.29848	0.60712	0.03307	0.03414	0.02719
V834	0.72985	0.13525	0.02963	0.04739	0.05787
V835	0.2745	0.23719	0.07938	0.33654	0.07239
V836	0.36437	0.19956	0.29455	0.12991	0.01162
V837	0.10532	0.67358	0.04585	0.10866	0.06659
V838	0	0.04825	0.05977	0.88367	0.00831
V839	0.04867	0.06146	0.06467	0.13768	0.68751
V840	0.83757	0.07593	0.02242	0.04262	0.02146
V841	0.22762	0.23597	0.49513	0.02813	0.01314
V842	0.49002	0.12593	0.141	0.22369	0.01936
V843	0.44279	0.08592	0.10858	0.12535	0.23736
V844	0.02487	0.33505	0.55669	0.05896	0.02444
V845	0.02258	0.02876	0.00591	0.69335	0.24941
V846	0.12368	0.07875	0.08183	0.17272	0.54302
V847	0.21778	0.04832	0.04474	0.22101	0.46815
V848	0.69546	0.07046	0.00718	0.11808	0.10882
V849	0.14777	0.2414	0.48484	0.04075	0.08525
V850	0.21923	0.13181	0.20664	0.21209	0.23023
V851	0.87993	0.06965	0.00358	0.02325	0.02361
V852	0.24817	0.09279	0.06477	0.25176	0.34252
V853	0.04171	0.26475	0.42783	0.19549	0.07021
V854	0.06988	0.32069	0.21342	0.15445	0.24156
V855	0.13383	0.30162	0.08668	0.40567	0.07221
V856	0.20777	0.30478	0.05953	0.07342	0.3545
V857	0.07877	0.09909	0.12698	0.49064	0.20453
V858	0.04393	0.30103	0.16502	0.30601	0.184
V859	0.12465	0.0495	0.02165	0.77513	0.02908
V860	0.04179	0.13436	0.0573	0.71832	0.04824
V861	0.13538	0.0839	0.09417	0.6799	0.00664
V862	0.07788	0.03167	0.02466	0.2265	0.63929
V863	0.12531	0.76589	0.05084	0.05294	0.00501
V864	0.04122	0.25458	0.59708	0.10138	0.00575
V865	0.08344	0.19472	0.42537	0.29326	0.00321
V866	0.03237	0.22038	0.43549	0.28833	0.02344
V867	0.57179	0.05925	0.00839	0.05635	0.30422
V868	0.25006	0.27961	0.29412	0.15552	0.02069
V869	0.02635	0.02295	0.02703	0.16455	0.75912
V870	0.28363	0.1575	0.06695	0.31399	0.17794
V871	0.04635	0.08313	0.08471	0.21679	0.56902
V872	0.36192	0.07165	0.01473	0.50741	0.04429
V873	0.07405	0.27296	0.13	0.4674	0.0556
V874	0.10815	0.05595	0.01367	0.14209	0.68015
V875	0.01723	0.14512	0.02722	0.59466	0.21578
V876	0.47888	0.09265	0.04823	0.07489	0.30535
V877	0.31399	0.48475	0.05458	0.14285	0.00383
V878	0.07653	0.52947	0.06069	0.33331	0
V879	0.83464	0.08867	0.01308	0.04302	0.02059
V880	0.085	0.08483	0.0296	0.5141	0.28647
V881	0.01311	0.16893	0.38668	0.07674	0.35454
V882	0.06983	0.34003	0.02862	0.56153	0
V883	0.51558	0.14907	0.01661	0.22531	0.09343
V884	0.01656	0.01584	0.00848	0.17465	0.78448
V885	0.17814	0.1789	0.27271	0.17134	0.1989
V886	0.00923	0.02711	0.03112	0.35401	0.57853
V887	0.19106	0.71556	0.03887	0.03843	0.01607
V888	0.0603	0.10759	0.04912	0.73415	0.04885
V889	0.21443	0.65276	0.06618	0.06662	0
V890	0.02827	0.07598	0.10388	0.6966	0.09527
V891	0.00233	0.29527	0.65042	0.04673	0.00526
V892	0.63164	0.1873	0.02287	0.0372	0.12099
V893	0.16586	0.27939	0.37097	0.12367	0.06011
V894	0.14287	0.39479	0.05784	0.36809	0.03642
V895	0.63774	0.12253	0.18377	0.03917	0.01679
V896	0.22495	0.23191	0.17894	0.35976	0.00445
V897	0	0.03691	0.03513	0.82457	0.10339
V898	0.39554	0.04314	0.01465	0.10369	0.44298
V899	0.62016	0.2535	0.07196	0.01761	0.03677
V900	0.26976	0.25847	0.20767	0.24471	0.0194
V901	0.63595	0.07882	0.00766	0.20677	0.07079
V902	0.78268	0.09	0.01767	0.06146	0.0482
V903	0.26609	0.10305	0.0573	0.53816	0.03541
V904	0.7105	0.14256	0.10861	0.01061	0.02772
V905	0.04128	0.24689	0.06436	0.44241	0.20507
V906	0.16332	0.18296	0.32539	0.12928	0.19906
V907	0.69639	0.12522	0.04939	0.08375	0.04524
V908	0.04028	0.25335	0.05118	0.60918	0.04601
V909	0.01856	0.09997	0.01948	0.79694	0.06504
V910	0.67515	0.14597	0.01531	0.09281	0.07076
V911	0.0582	0.33208	0.40676	0.05518	0.14778
V912	0.04234	0.07996	0.1239	0.18318	0.57063
