mature.neutrophil	CD14.pos.CD16.neg.classical.monocyte	macrophage	memory.CD4.pos.AB.T.cell	cytotoxic.CD56.dim.NK.cell
V1	0.27551	0.22106	0.22224	0.17068	0.11052
V2	0.05945	0.70265	0.09074	0.11045	0.03671
V3	0.05587	0.15603	0.35544	0.40812	0.02454
V4	0.01188	0.12574	0.2193	0.08504	0.55804
V5	0.01644	0.07886	0.07118	0.13054	0.70297
V6	0.27872	0.14777	0.233	0.24769	0.09282
V7	0.00818	0.17693	0.36325	0.10282	0.34882
V8	0.00995	0.23868	0.6369	0.10553	0.00894
V9	0.04949	0.1077	0.22401	0.59397	0.02483
V10	0.37417	0.19445	0.3554	0.04874	0.02724
V11	0.03418	0.10462	0.10888	0.09647	0.65585
V12	0.07264	0.11641	0.19988	0.3132	0.29787
V13	0.11948	0.10403	0.05006	0.431	0.29543
V14	0.14024	0.07157	0.07603	0.62319	0.08898
V15	0.02248	0.0574	0.01529	0.86097	0.04386
V16	0.47261	0.13624	0.02669	0.34166	0.0228
V17	0.06568	0.26784	0.03885	0.09569	0.53195
V18	0.07861	0.42298	0.24105	0.24123	0.01613
V19	0.02978	0.07395	0.01698	0.14796	0.73132
V20	0.00196	0.19822	0.54778	0.23335	0.01869
V21	0.02212	0.29453	0.13998	0.19221	0.35116
V22	0.66145	0.17273	0.06929	0.06364	0.03289
V23	0.07542	0.08465	0.03743	0.16442	0.63808
V24	0.40287	0.18012	0.03592	0.09442	0.28666
V25	0.02399	0.07833	0.02984	0.44148	0.42637
V26	0.41091	0.24927	0.07191	0.0916	0.1763
V27	0.11511	0.48943	0.19047	0.05695	0.14804
V28	0.02715	0.14624	0.18298	0.59984	0.04379
V29	0.00485	0.11379	0.2783	0.5729	0.03017
V30	0.60708	0.17952	0.03938	0.08344	0.09059
V31	0.36767	0.18791	0.02997	0.26228	0.15219
V32	0.74807	0.10555	0.01954	0.07352	0.05331
V33	0.0251	0.2259	0.03759	0.14927	0.56214
V34	0.12563	0.75321	0.05012	0.06758	0.00345
V35	0.09074	0.57512	0.25187	0.07832	0.00395
V36	0.02773	0.23875	0.16923	0.12288	0.44141
V37	0.62627	0.09688	0.01268	0.0743	0.18988
V38	0.10213	0.17961	0.38526	0.21468	0.11832
V39	0.27447	0.17258	0.27652	0.05961	0.21682
V40	0.21286	0.54897	0.05097	0.15399	0.0332
V41	0.05698	0.76067	0.0579	0.06059	0.06386
V42	0.69779	0.13332	0.03145	0.07476	0.06269
V43	0.38929	0.24015	0.27895	0.07471	0.0169
V44	0.03205	0.37611	0.45751	0.04771	0.08662
V45	0.04094	0.60814	0.12345	0.18843	0.03905
V46	0.1158	0.67998	0.10299	0.08501	0.01622
V47	0.00192	0.25099	0.68907	0.04426	0.01376
V48	0.1444	0.20507	0.19989	0.33811	0.11253
V49	0.38088	0.22807	0.19517	0.17588	0.02
V50	0.01964	0.25866	0.67075	0.04343	0.00752
V51	0.09548	0.31274	0.19207	0.10184	0.29786
V52	0.06314	0.81143	0.05421	0.06886	0.00236
V53	0.02805	0.17613	0.02764	0.73823	0.02996
V54	0.19245	0.06168	0.02579	0.55222	0.16786
V55	0.06829	0.04521	0.01393	0.83613	0.03643
V56	0.06677	0.04079	0.01999	0.75542	0.11703
V57	0.13047	0.26758	0.43957	0.06815	0.09423
V58	0.06689	0.08627	0.13573	0.22923	0.48189
V59	0.68143	0.13528	0.08467	0.07536	0.02327
V60	0.36203	0.25477	0.12247	0.16483	0.0959
V61	0.18011	0.08022	0.04122	0.2532	0.44525
V62	0.0536	0.14541	0.26739	0.16103	0.37256
V63	0.3492	0.28905	0.07548	0.08599	0.20029
V64	0.74883	0.12094	0.03211	0.07199	0.02613
V65	0.07918	0.12008	0.05135	0.61587	0.13352
V66	0.02552	0.07584	0.12529	0.73651	0.03684
V67	0.00891	0.14441	0.29954	0.12554	0.4216
V68	0.37272	0.16609	0.30875	0.08293	0.06951
V69	0.47901	0.21499	0.17374	0.07404	0.05823
V70	0.06381	0.63054	0.07974	0.20599	0.01993
V71	0.09801	0.6924	0.08227	0.11685	0.01046
V72	0.04281	0.39558	0.05323	0.07996	0.42842
V73	0.05442	0.07451	0.10187	0.57514	0.19406
V74	0.01385	0.08986	0.02349	0.78368	0.08913
V75	0.38531	0.27575	0.25452	0.06293	0.0215
V76	0.01135	0.04633	0.02917	0.8356	0.07755
V77	0.01803	0.23952	0.65666	0.07745	0.00835
V78	0.0022	0.2537	0.67968	0.05078	0.01365
V79	0.07808	0.39234	0.06609	0.18029	0.28321
V80	0.12565	0.65311	0.04407	0.10538	0.07179
V81	0.01042	0.25085	0.68704	0.04394	0.00775
V82	0.20755	0.18614	0.04536	0.53054	0.03041
V83	0.09042	0.11781	0.0368	0.55313	0.20185
V84	0.09264	0.2006	0.02801	0.09973	0.57902
V85	0.00199	0.25059	0.6883	0.05115	0.00797
V86	0.02458	0.298	0.26887	0.38678	0.02177
V87	0.38476	0.08997	0.05064	0.43813	0.0365
V88	0.27376	0.20675	0.06613	0.22924	0.22413
V89	0.03881	0.28111	0.59591	0.07658	0.00759
V90	0.02267	0.21971	0.07479	0.14454	0.53829
V91	0.00939	0.06103	0.08112	0.81455	0.0339
V92	0.22086	0.10946	0.04241	0.10275	0.52453
V93	0.01127	0.14824	0.15449	0.51822	0.16778
V94	0.04034	0.19851	0.04237	0.27806	0.44072
V95	0.0638	0.25245	0.04495	0.14886	0.48994
V96	0.64432	0.111	0.03576	0.08738	0.12155
V97	0.15161	0.10117	0.05767	0.15805	0.53149
V98	0.05253	0.3895	0.18295	0.16164	0.21338
V99	0.43784	0.17847	0.02269	0.25383	0.10718
V100	0.45385	0.21721	0.0624	0.10503	0.16151
V101	0.07172	0.79759	0.06042	0.06796	0.00231
V102	0.27001	0.28368	0.13592	0.14824	0.16215
V103	0.12617	0.06412	0.02201	0.10435	0.68335
V104	0.04956	0.41151	0.10599	0.07933	0.35361
V105	0.01735	0.08241	0.05574	0.1403	0.70421
V106	0.05599	0.68357	0.17196	0.06054	0.02793
V107	0.04503	0.33868	0.51888	0.08488	0.01254
V108	0.01791	0.3322	0.60004	0.04364	0.00621
V109	0.0592	0.24043	0.07326	0.30809	0.31903
V110	0.16034	0.4799	0.18596	0.15393	0.01987
V111	0.23771	0.32449	0.37651	0.05302	0.00827
V112	0.16028	0.07812	0.10577	0.47464	0.1812
V113	0.21547	0.09587	0.10643	0.19221	0.39001
V114	0.4765	0.15023	0.05832	0.21028	0.10467
V115	0.70578	0.10018	0.01851	0.07825	0.09729
V116	0.02065	0.06883	0.01771	0.11989	0.77293
V117	0.04266	0.22595	0.59369	0.11124	0.02646
V118	0.04026	0.04344	0.01423	0.85147	0.0506
V119	0.26457	0.16263	0.30762	0.24906	0.01611
V120	0.00936	0.21892	0.60349	0.13489	0.03334
V121	0.19225	0.64103	0.04279	0.06704	0.05689
V122	0.03668	0.3828	0.10428	0.27068	0.20556
V123	0.41552	0.12679	0.07839	0.22357	0.15573
V124	0.19331	0.16635	0.0735	0.2565	0.31034
V125	0.0414	0.4788	0.41693	0.0528	0.01007
V126	0.13895	0.2517	0.20386	0.15283	0.25267
V127	0.22222	0.19756	0.47473	0.08948	0.01601
V128	0.20218	0.67002	0.05167	0.05889	0.01724
V129	0.22573	0.15279	0.23224	0.20083	0.1884
V130	0.0346	0.471	0.07128	0.26764	0.15548
V131	0.01488	0.0979	0.20133	0.65901	0.02688
V132	0.31373	0.08292	0.01302	0.36436	0.22597
V133	0.00591	0.20701	0.45179	0.1202	0.2151
V134	0.06038	0.22885	0.57846	0.06466	0.06764
V135	0.02216	0.26979	0.55416	0.06666	0.08722
V136	0.76734	0.10902	0.02061	0.07548	0.02754
V137	0.71779	0.12534	0.01996	0.095	0.04191
V138	0.22323	0.19812	0.08887	0.17832	0.31146
V139	0.1075	0.08117	0.14401	0.63381	0.03351
V140	0.03108	0.09436	0.15453	0.09252	0.62752
V141	0.01928	0.3332	0.50474	0.12914	0.01364
V142	0.18182	0.13518	0.27966	0.16315	0.24018
V143	0.01989	0.29432	0.40203	0.16861	0.11514
V144	0.42655	0.25576	0.07824	0.16407	0.07538
V145	0.002	0.24995	0.6708	0.05758	0.01967
V146	0.03773	0.3329	0.03514	0.35078	0.24344
V147	0.0805	0.23901	0.51374	0.13395	0.03279
V148	0.15706	0.68528	0.05259	0.08783	0.01724
V149	0.01259	0.04244	0.01484	0.85801	0.07212
V150	0.12358	0.31409	0.45585	0.04636	0.06013
V151	0.37329	0.08236	0.02476	0.41166	0.10793
V152	0.01655	0.0638	0.11014	0.72395	0.08556
V153	0.146	0.28691	0.37274	0.09086	0.1035
V154	0.11743	0.54645	0.05942	0.08648	0.19022
V155	0.03453	0.07633	0.1247	0.72799	0.03645
V156	0.08703	0.16553	0.33519	0.17862	0.23362
V157	0.08567	0.12957	0.15995	0.30102	0.32379
V158	0.16663	0.16025	0.36125	0.09129	0.22057
V159	0.1061	0.22514	0.03551	0.58277	0.05048
V160	0.39103	0.22001	0.09833	0.09823	0.19241
V161	0.19903	0.1021	0.07106	0.08727	0.54053
V162	0.00257	0.25751	0.6878	0.04437	0.00775
V163	0.05755	0.07003	0.03091	0.13262	0.70889
V164	0.73354	0.14129	0.0274	0.07724	0.02054
V165	0.50138	0.25798	0.08925	0.10351	0.04787
V166	0.04962	0.09768	0.21047	0.55759	0.08463
V167	0.04265	0.5832	0.05594	0.1824	0.13581
V168	0.00257	0.25751	0.6878	0.04437	0.00775
V169	0.05902	0.62017	0.17598	0.12795	0.01688
V170	0.22151	0.37462	0.07609	0.22838	0.0994
V171	0.25406	0.20251	0.29365	0.20034	0.04944
V172	0.16873	0.26088	0.08687	0.09043	0.39309
V173	0.18776	0.15981	0.09459	0.40988	0.14796
V174	0.18044	0.13769	0.29472	0.22133	0.16582
V175	0.07413	0.20174	0.12542	0.22022	0.3785
V176	0.31904	0.07429	0.01913	0.55891	0.02863
V177	0.16083	0.19802	0.43046	0.1924	0.01829
V178	0.22913	0.19248	0.35929	0.14653	0.07257
V179	0.09813	0.07795	0.02307	0.10567	0.69517
V180	0.02635	0.1491	0.30443	0.07366	0.44646
V181	0.06737	0.28782	0.02565	0.12599	0.49317
V182	0.47552	0.2509	0.02629	0.20124	0.04605
V183	0.08107	0.79621	0.05301	0.06062	0.00908
V184	0.26348	0.13391	0.24463	0.32173	0.03624
V185	0.10178	0.45303	0.05475	0.19129	0.19915
V186	0.12763	0.21101	0.04811	0.28869	0.32455
V187	0.08339	0.60093	0.04226	0.25751	0.01591
V188	0.66583	0.12572	0.04237	0.14083	0.02525
V189	0.38728	0.25721	0.05297	0.27889	0.02364
V190	0.34988	0.17331	0.19048	0.07513	0.21119
V191	0.19559	0.23192	0.02787	0.43455	0.11009
V192	0.27781	0.23912	0.1259	0.24154	0.11563
V193	0.06348	0.31192	0.42384	0.08397	0.1168
V194	0.23862	0.13107	0.09265	0.15934	0.37833
V195	0.46215	0.25413	0.20101	0.06519	0.01752
V196	0.01621	0.07134	0.071	0.13162	0.70982
V197	0.07833	0.76987	0.05136	0.09068	0.00977
V198	0.20874	0.24898	0.0557	0.24257	0.24401
V199	0.60584	0.14431	0.1772	0.05689	0.01575
V200	0.62601	0.09823	0.04105	0.08754	0.14716
V201	0.03791	0.04436	0.03447	0.7081	0.17516
V202	0.73465	0.14441	0.0162	0.07862	0.02613
V203	0.4552	0.27594	0.04609	0.11023	0.11254
V204	0.3076	0.14588	0.04927	0.08054	0.4167
V205	0.10898	0.11649	0.11969	0.13772	0.51713
V206	0.04357	0.11964	0.01748	0.76024	0.05907
V207	0.02248	0.0574	0.01529	0.86097	0.04386
V208	0.13698	0.31219	0.38611	0.08908	0.07563
V209	0.1477	0.1074	0.10206	0.10761	0.53524
V210	0.0018	0.24868	0.68483	0.05089	0.0138
V211	0.14303	0.13126	0.18864	0.0975	0.43958
V212	0.06658	0.67916	0.11131	0.09329	0.04967
V213	0.09836	0.06815	0.07163	0.30087	0.46098
V214	0.02969	0.53817	0.34831	0.06198	0.02185
V215	0.22245	0.26846	0.13709	0.13079	0.24122
V216	0.05389	0.16117	0.28943	0.09893	0.39657
V217	0.01064	0.04118	0.03598	0.81412	0.09809
V218	0.06786	0.25358	0.25355	0.34279	0.08222
V219	0.11368	0.32902	0.32371	0.21678	0.01681
V220	0.18851	0.64633	0.09198	0.06275	0.01043
V221	0.04145	0.20769	0.41132	0.06608	0.27346
V222	0.0294	0.06954	0.02477	0.12348	0.7528
V223	0.41851	0.14908	0.24929	0.15698	0.02616
V224	0.04823	0.51106	0.05883	0.1377	0.24419
V225	0.57388	0.23213	0.11657	0.05799	0.01943
V226	0.41477	0.47447	0.03361	0.06117	0.01598
V227	0.08918	0.25487	0.03047	0.57555	0.04993
V228	0.46393	0.15771	0.21874	0.1175	0.04213
V229	0.23316	0.40823	0.23613	0.09111	0.03136
V230	0.02925	0.06196	0.02465	0.12495	0.7592
V231	0.06686	0.55058	0.08987	0.21632	0.07637
V232	0.62946	0.13811	0.15179	0.06413	0.01652
V233	0.05914	0.11278	0.14554	0.15561	0.52692
V234	0.02304	0.37964	0.20445	0.35983	0.03303
V235	0.75799	0.11127	0.01487	0.09329	0.02258
V236	0.0698	0.19205	0.48621	0.2039	0.04804
V237	0.11158	0.17351	0.23283	0.32398	0.15811
V238	0.01579	0.05834	0.02279	0.3415	0.56158
V239	0.06781	0.39363	0.07372	0.22038	0.24446
V240	0.07504	0.74346	0.05675	0.07473	0.05001
V241	0.06306	0.81269	0.05417	0.06115	0.00893
V242	0.03647	0.35186	0.26612	0.28807	0.05749
V243	0.38903	0.153	0.26165	0.08035	0.11597
V244	0.03562	0.41482	0.1928	0.13001	0.22675
V245	0.0588	0.78241	0.07457	0.08192	0.00231
V246	0.514	0.28764	0.0463	0.06843	0.08363
V247	0.16219	0.25255	0.46219	0.09126	0.03181
V248	0.0991	0.55472	0.06027	0.07287	0.21304
V249	0.22196	0.16436	0.18604	0.14656	0.28109
V250	0.02048	0.21232	0.50687	0.07986	0.18047
V251	0.18871	0.09481	0.09023	0.56145	0.06481
V252	0.02434	0.25131	0.44263	0.17392	0.1078
V253	0.26942	0.51194	0.10294	0.09639	0.01931
V254	0.45049	0.36193	0.02675	0.13577	0.02506
V255	0.65981	0.15674	0.01552	0.08801	0.07991
V256	0.04974	0.68329	0.06065	0.0697	0.13662
V257	0.37611	0.3256	0.13845	0.08903	0.07082
V258	0.14778	0.31119	0.06746	0.44815	0.02541
V259	0.44047	0.31191	0.1597	0.0603	0.02762
V260	0.23648	0.12046	0.10685	0.14377	0.39244
V261	0.02041	0.17137	0.41199	0.2895	0.10673
V262	0.7128	0.12882	0.05477	0.07897	0.02464
V263	0.63537	0.15633	0.02683	0.16164	0.01984
V264	0.07729	0.76325	0.05826	0.09796	0.00325
V265	0.64936	0.1726	0.07521	0.08043	0.0224
V266	0.02443	0.07766	0.09337	0.11787	0.68666
V267	0.05594	0.06338	0.02228	0.22829	0.63012
V268	0.17912	0.41348	0.14583	0.21304	0.04853
V269	0.08092	0.363	0.3073	0.21418	0.0346
V270	0.04741	0.05186	0.04251	0.8233	0.03492
V271	0.21858	0.62196	0.0484	0.08024	0.03081
V272	0.11049	0.71219	0.06865	0.07258	0.03609
V273	0.24828	0.1156	0.15748	0.33578	0.14286
V274	0.09301	0.10108	0.05155	0.25301	0.50135
V275	0.0503	0.627	0.16946	0.13626	0.01699
V276	0.01031	0.19911	0.52491	0.23514	0.03053
V277	0.29258	0.19187	0.43079	0.05264	0.03212
V278	0.00663	0.14759	0.28843	0.44155	0.11581
V279	0.13236	0.05465	0.02639	0.71465	0.07195
V280	0.17235	0.07971	0.04721	0.59757	0.10315
V281	0.0289	0.22616	0.05845	0.65423	0.03226
V282	0.07227	0.80424	0.05348	0.06093	0.00907
V283	0.31964	0.10577	0.10949	0.09557	0.36953
V284	0.02608	0.25944	0.43427	0.05588	0.22433
V285	0.44753	0.41771	0.02974	0.08747	0.01755
V286	0.06833	0.23798	0.604	0.07574	0.01395
V287	0.21321	0.15081	0.15422	0.3082	0.17356
V288	0.16761	0.19958	0.47143	0.05494	0.10645
V289	0.14319	0.22829	0.04202	0.55661	0.02988
V290	0.36957	0.43084	0.13623	0.05448	0.00888
V291	0.35078	0.22388	0.02631	0.3722	0.02682
V292	0.10583	0.17106	0.3389	0.08979	0.29442
V293	0.00601	0.28839	0.6015	0.08486	0.01925
V294	0.01985	0.07042	0.02552	0.11768	0.76653
V295	0.01433	0.13727	0.27735	0.49001	0.08105
V296	0.68385	0.17707	0.01715	0.08155	0.04037
V297	0.018	0.2167	0.57566	0.14989	0.03974
V298	0.2583	0.06416	0.01883	0.54395	0.11477
V299	0.23409	0.05521	0.02536	0.65439	0.03095
V300	0.76671	0.11294	0.01535	0.08231	0.02269
V301	0.74994	0.10547	0.0197	0.0976	0.02728
V302	0.01439	0.054	0.02211	0.455	0.45451
V303	0.10023	0.23866	0.1975	0.21263	0.25097
V304	0.15431	0.23213	0.53865	0.04989	0.02502
V305	0.19012	0.33014	0.10407	0.15537	0.22031
V306	0.3021	0.56586	0.03861	0.07368	0.01974
V307	0.19769	0.12175	0.22545	0.43367	0.02144
V308	0.18978	0.20322	0.48087	0.10994	0.01619
V309	0.5311	0.1465	0.05678	0.16427	0.10136
V310	0.03801	0.08041	0.02381	0.1817	0.67606
V311	0.01902	0.04504	0.05067	0.84284	0.04243
V312	0.08363	0.3057	0.2313	0.0653	0.31406
V313	0.06391	0.29373	0.03946	0.35039	0.2525
V314	0.08104	0.06394	0.02091	0.4185	0.41561
V315	0.75135	0.10773	0.02538	0.07302	0.04252
V316	0.10517	0.52289	0.23677	0.07955	0.05562
V317	0.31018	0.23154	0.37851	0.05347	0.02629
V318	0.72525	0.10284	0.01887	0.07271	0.08033
V319	0.08739	0.25643	0.59264	0.05567	0.00787
V320	0.07643	0.04043	0.02029	0.82061	0.04224
V321	0.11984	0.36273	0.2665	0.22205	0.02888
V322	0.01369	0.35314	0.46118	0.0898	0.08219
V323	0.20941	0.30611	0.3473	0.06892	0.06827
V324	0.03914	0.08377	0.05111	0.78672	0.03925
V325	0.51163	0.1807	0.0846	0.16015	0.06293
V326	0.05292	0.08269	0.06759	0.20165	0.59516
V327	0.29193	0.45551	0.1206	0.0754	0.05656
V328	0.04696	0.3016	0.16025	0.46041	0.03078
V329	0.00643	0.163	0.32041	0.48368	0.02649
V330	0.06832	0.23993	0.60626	0.04332	0.04218
V331	0.12899	0.10291	0.09521	0.15506	0.51782
V332	0.37094	0.20237	0.33854	0.05518	0.03296
V333	0.3318	0.1567	0.24908	0.18686	0.07555
V334	0.03997	0.36389	0.44252	0.11643	0.03718
V335	0.57793	0.15045	0.08103	0.09357	0.09701
V336	0.15196	0.53566	0.24598	0.05014	0.01626
V337	0.01686	0.06467	0.03112	0.2338	0.65355
V338	0.56953	0.13862	0.13167	0.07712	0.08305
V339	0.19105	0.50258	0.18495	0.0532	0.06822
V340	0.03855	0.21789	0.12015	0.1218	0.5016
V341	0.02551	0.49548	0.37681	0.05469	0.04751
V342	0.23921	0.26021	0.34669	0.14243	0.01147
V343	0.54038	0.15353	0.22607	0.06529	0.01472
V344	0.10526	0.6641	0.08023	0.07995	0.07046
V345	0.20147	0.10257	0.02113	0.32403	0.3508
V346	0.03553	0.34521	0.27977	0.30176	0.03772
V347	0.08201	0.46403	0.05539	0.35181	0.04676
V348	0.01813	0.24488	0.37148	0.25231	0.1132
V349	0.05914	0.37852	0.42742	0.061	0.07392
V350	0.10478	0.3992	0.10278	0.26859	0.12465
V351	0.1473	0.17037	0.34199	0.31225	0.0281
V352	0.10225	0.52107	0.31186	0.05489	0.00994
V353	0.23203	0.33313	0.05975	0.10541	0.26968
V354	0.44684	0.17898	0.3111	0.05038	0.01271
V355	0.07577	0.13406	0.27833	0.48459	0.02726
V356	0.07691	0.23593	0.59376	0.06254	0.03085
V357	0.04027	0.19442	0.4188	0.07962	0.2669
V358	0.02993	0.07329	0.04397	0.81217	0.04064
V359	0.05295	0.12956	0.02482	0.76119	0.03149
V360	0.56143	0.14238	0.08708	0.19025	0.01886
V361	0.30179	0.45306	0.10601	0.05694	0.08219
V362	0.64749	0.12163	0.09041	0.06301	0.07746
V363	0.03742	0.08577	0.0237	0.22031	0.63281
V364	0.04282	0.28239	0.04637	0.46167	0.16675
V365	0.01202	0.04416	0.02218	0.86344	0.0582
V366	0.17059	0.21294	0.44634	0.10061	0.06952
V367	0.19778	0.2727	0.19242	0.20088	0.13622
V368	0.59347	0.17996	0.11353	0.07093	0.0421
V369	0.04547	0.59021	0.23458	0.12525	0.0045
V370	0.02503	0.20199	0.12649	0.38382	0.26268
V371	0.06873	0.78185	0.08946	0.05819	0.00177
V372	0.51718	0.16633	0.12892	0.1549	0.03267
V373	0.11406	0.58268	0.14903	0.14236	0.01187
V374	0.08595	0.16683	0.30971	0.41858	0.01893
V375	0.24127	0.19702	0.4397	0.11043	0.01158
V376	0.0158	0.14641	0.35009	0.07762	0.41008
V377	0.08437	0.4758	0.20575	0.21913	0.01495
V378	0.12682	0.51631	0.18292	0.0557	0.11825
V379	0.03198	0.08891	0.11517	0.14974	0.61421
V380	0.01865	0.12778	0.16138	0.50088	0.1913
V381	0.14629	0.10882	0.02322	0.09712	0.62455
V382	0.36788	0.06837	0.01794	0.32506	0.22074
V383	0.03155	0.10888	0.23228	0.60238	0.0249
V384	0.24632	0.1328	0.1497	0.4121	0.05907
V385	0.09051	0.14626	0.02578	0.09806	0.63939
V386	0.53721	0.09205	0.01835	0.32821	0.02418
V387	0.23737	0.07526	0.01975	0.61916	0.04846
V388	0.06331	0.72957	0.07784	0.11924	0.01004
V389	0.12651	0.67594	0.05921	0.08809	0.05024
V390	0.16196	0.05574	0.01939	0.65732	0.1056
V391	0.58644	0.20302	0.01759	0.1302	0.06275
V392	0.74843	0.12944	0.02135	0.07931	0.02147
V393	0.09207	0.10366	0.14052	0.51924	0.14451
V394	0.57924	0.10244	0.03546	0.19875	0.08411
V395	0.00491	0.12996	0.30918	0.52748	0.02848
V396	0.43261	0.18588	0.31396	0.0501	0.01745
V397	0.5493	0.1973	0.04678	0.16125	0.04538
V398	0.06054	0.08151	0.15462	0.61603	0.0873
V399	0.04571	0.07944	0.01571	0.32709	0.53204
V400	0.15287	0.48798	0.16438	0.18622	0.00854
V401	0.25522	0.19712	0.46044	0.07642	0.0108
V402	0.30063	0.18425	0.34108	0.10966	0.06438
V403	0.14611	0.12582	0.01661	0.20197	0.50949
V404	0.0055	0.1848	0.39271	0.36899	0.04799
V405	0.30172	0.27959	0.08319	0.24893	0.08657
V406	0.01916	0.25528	0.66325	0.04319	0.01912
V407	0.69722	0.1359	0.0434	0.10372	0.01975
V408	0.03956	0.36068	0.03664	0.29715	0.26596
V409	0.10259	0.06624	0.06972	0.65658	0.10486
V410	0.11363	0.23247	0.28068	0.09749	0.27574
V411	0.02039	0.06827	0.01754	0.12776	0.76603
V412	0.0282	0.205	0.13577	0.09967	0.53135
V413	0.02832	0.28312	0.15402	0.38008	0.15446
V414	0.04498	0.11971	0.01717	0.49527	0.32287
V415	0.16336	0.06551	0.02127	0.10064	0.64921
V416	0.10649	0.13781	0.03845	0.20996	0.50728
V417	0.01011	0.21408	0.5718	0.15161	0.05241
V418	0.47156	0.37513	0.04538	0.07324	0.03469
V419	0.23027	0.09022	0.03405	0.18543	0.46003
V420	0.21456	0.09039	0.10582	0.11786	0.47136
V421	0.01364	0.09385	0.13237	0.12676	0.63339
V422	0.01924	0.06408	0.05793	0.70675	0.15201
V423	0.24384	0.2618	0.24564	0.2177	0.03101
V424	0.00654	0.17001	0.41153	0.06524	0.34668
V425	0.30991	0.36486	0.02714	0.07618	0.22191
V426	0.21173	0.20361	0.03932	0.46334	0.082
V427	0.19729	0.57388	0.16571	0.05264	0.01048
V428	0.09697	0.58472	0.10537	0.1401	0.07284
V429	0.12783	0.68242	0.04583	0.1194	0.02453
V430	0.03153	0.15577	0.34577	0.21435	0.25259
V431	0.10652	0.37768	0.19319	0.27209	0.05052
V432	0.26269	0.14248	0.12045	0.35324	0.12115
V433	0.16221	0.17381	0.39837	0.23406	0.03155
V434	0.20636	0.34859	0.31414	0.06298	0.06792
V435	0.43364	0.18783	0.27875	0.08146	0.01832
V436	0.06534	0.54944	0.12769	0.10459	0.15294
V437	0.18092	0.08833	0.04168	0.22843	0.46064
V438	0.12264	0.3291	0.19025	0.29908	0.05894
V439	0.50196	0.08741	0.05437	0.32214	0.03412
V440	0.02665	0.4174	0.45475	0.05964	0.04155
V441	0.03803	0.52967	0.34628	0.07604	0.00999
V442	0.07227	0.80399	0.06096	0.06056	0.00222
V443	0.74442	0.1043	0.01954	0.10944	0.02231
V444	0.14521	0.4003	0.05765	0.35591	0.04093
V445	0.06671	0.38113	0.06539	0.45628	0.03049
V446	0.10359	0.09995	0.1012	0.55698	0.13828
V447	0.06961	0.05625	0.02756	0.48598	0.36061
V448	0.1622	0.07524	0.03535	0.11124	0.61596
V449	0.00257	0.25751	0.6878	0.04437	0.00775
V450	0.18164	0.18638	0.22189	0.17394	0.23616
V451	0.24223	0.22741	0.07492	0.35645	0.09899
V452	0.01582	0.08285	0.14854	0.69066	0.06212
V453	0.02382	0.05805	0.01477	0.50269	0.40068
V454	0.01131	0.20467	0.5327	0.07265	0.17867
V455	0.06266	0.29507	0.25608	0.09911	0.28708
V456	0.74248	0.10881	0.0141	0.09157	0.04305
V457	0.54819	0.24546	0.04969	0.11313	0.04352
V458	0.02726	0.41756	0.42318	0.09583	0.03618
V459	0.1275	0.11509	0.06462	0.49279	0.20001
V460	0.53104	0.15879	0.16684	0.11195	0.03138
V461	0.17004	0.34649	0.22634	0.07167	0.18546
V462	0.05282	0.11505	0.03052	0.52718	0.27443
V463	0.1918	0.10294	0.02805	0.64214	0.03507
V464	0.13915	0.31089	0.48	0.05712	0.01285
V465	0.05058	0.14692	0.03374	0.11605	0.65272
V466	0.03811	0.05597	0.0157	0.19585	0.69436
V467	0.05956	0.2529	0.04454	0.55064	0.09236
V468	0.4696	0.32627	0.11353	0.0568	0.0338
V469	0.0259	0.33167	0.07915	0.31224	0.25105
V470	0.65984	0.14298	0.03752	0.13479	0.02487
V471	0.3433	0.30126	0.0491	0.18729	0.11904
V472	0.01861	0.09962	0.05677	0.10739	0.71761
V473	0.03383	0.27052	0.22545	0.32725	0.14295
V474	0.25515	0.17636	0.07163	0.44314	0.05372
V475	0.13494	0.20487	0.45388	0.07642	0.12989
V476	0.14081	0.10135	0.09958	0.58588	0.07237
V477	0.0632	0.81213	0.06178	0.06082	0.00207
V478	0.17333	0.07297	0.02138	0.09898	0.63334
V479	0.65965	0.14463	0.04349	0.12773	0.02449
V480	0.13609	0.58085	0.08912	0.1616	0.03233
V481	0.22042	0.36222	0.0825	0.22075	0.11411
V482	0.11537	0.61646	0.20133	0.05152	0.01532
V483	0.29093	0.47355	0.03356	0.15439	0.04757
V484	0.20158	0.47387	0.13251	0.17105	0.02099
V485	0.5276	0.16743	0.10891	0.16294	0.03312
V486	0.0663	0.18664	0.26597	0.07099	0.4101
V487	0.11603	0.23205	0.33418	0.29722	0.02052
V488	0.36065	0.12153	0.01449	0.36134	0.14199
V489	0.01166	0.34395	0.51769	0.10776	0.01895
V490	0.01021	0.20797	0.55431	0.20977	0.01775
V491	0.04292	0.44367	0.07706	0.15549	0.28085
V492	0.0345	0.16017	0.04762	0.7087	0.04901
V493	0.02105	0.03682	0.02172	0.87575	0.04466
V494	0.28497	0.06283	0.0312	0.53535	0.08565
V495	0.27868	0.27295	0.19291	0.19936	0.05611
V496	0.13256	0.10505	0.06623	0.09179	0.60437
V497	0.09773	0.12169	0.14389	0.16591	0.47077
V498	0.08527	0.75508	0.07185	0.06556	0.02224
V499	0.0448	0.2901	0.24197	0.11678	0.30636
V500	0.10595	0.45722	0.12844	0.25204	0.05636
V501	0.07819	0.32743	0.04152	0.09026	0.46261
V502	0.13695	0.69156	0.08159	0.08603	0.00386
V503	0.36923	0.13272	0.18037	0.17878	0.1389
V504	0.42292	0.23465	0.02585	0.07803	0.23854
V505	0.52317	0.09406	0.03611	0.1447	0.20196
V506	0.03671	0.49642	0.09523	0.07591	0.29574
V507	0.66749	0.10144	0.04081	0.1483	0.04196
V508	0.03625	0.59002	0.22188	0.08914	0.0627
V509	0.05673	0.44337	0.15347	0.23203	0.11439
V510	0.36265	0.45334	0.0708	0.09766	0.01555
V511	0.0595	0.38365	0.42073	0.08107	0.05505
V512	0.14122	0.45109	0.17981	0.09924	0.12863
V513	0.16634	0.60068	0.10405	0.09857	0.03036
V514	0.01962	0.10769	0.21036	0.11525	0.54707
V515	0.07322	0.14409	0.01842	0.73345	0.03082
V516	0.14718	0.3542	0.12096	0.34997	0.02768
V517	0.02005	0.07735	0.05912	0.80342	0.04006
V518	0.33618	0.15269	0.26005	0.21248	0.03861
V519	0.63001	0.14087	0.02031	0.18285	0.02596
V520	0.08389	0.73694	0.06342	0.11204	0.00371
V521	0.18321	0.08306	0.12581	0.57557	0.03236
V522	0.04443	0.30658	0.44898	0.16089	0.03912
V523	0.12169	0.24225	0.53944	0.08235	0.01427
V524	0.27121	0.20759	0.41866	0.04763	0.0549
V525	0.02507	0.2315	0.05297	0.10078	0.58968
V526	0.03551	0.24907	0.62132	0.06311	0.03098
V527	0.07985	0.48736	0.34935	0.06107	0.02237
V528	0.14015	0.04965	0.03306	0.74448	0.03265
V529	0.17106	0.2307	0.52871	0.05001	0.01952
V530	0.01842	0.2432	0.62844	0.08416	0.02579
V531	0.16793	0.48822	0.11295	0.07413	0.15677
V532	0.06365	0.32172	0.27175	0.06205	0.28083
V533	0.25794	0.07514	0.01379	0.09429	0.55884
V534	0.11771	0.10063	0.01569	0.71518	0.05078
V535	0.6604	0.19438	0.05864	0.06422	0.02235
V536	0.11235	0.27614	0.32618	0.08421	0.20112
V537	0.02945	0.08668	0.03292	0.11137	0.73958
V538	0.52555	0.1714	0.02195	0.09626	0.18483
V539	0.01651	0.29123	0.50385	0.13101	0.0574
V540	0.15657	0.45196	0.11133	0.10497	0.17517
V541	0.04272	0.39591	0.0532	0.10173	0.40645
V542	0.04144	0.33558	0.12413	0.43459	0.06427
V543	0.05713	0.26746	0.51357	0.08673	0.07512
V544	0.29314	0.25417	0.17033	0.11598	0.16638
V545	0.53436	0.35106	0.03212	0.06886	0.0136
V546	0.07723	0.69179	0.11947	0.06283	0.04868
V547	0.09816	0.67879	0.04582	0.15191	0.02532
V548	0.01406	0.08941	0.02393	0.8309	0.0417
V549	0.01615	0.06559	0.03842	0.24849	0.63135
V550	0.05347	0.74437	0.13139	0.06264	0.00813
V551	0.02188	0.03507	0.01459	0.88971	0.03875
V552	0.21032	0.08405	0.03453	0.12085	0.55024
V553	0.62189	0.10473	0.02953	0.18976	0.05408
V554	0.09229	0.19142	0.38599	0.30327	0.02702
V555	0.06061	0.79637	0.06046	0.06017	0.02239
V556	0.07628	0.09918	0.06494	0.68986	0.06974
V557	0.27196	0.25785	0.05494	0.35833	0.05693
V558	0.0104	0.22213	0.5747	0.16471	0.02806
V559	0.09337	0.45076	0.37382	0.05343	0.02862
V560	0.5156	0.28663	0.12856	0.05649	0.01272
V561	0.57099	0.11822	0.12412	0.07301	0.11367
V562	0.11773	0.14062	0.15185	0.15399	0.43582
V563	0.19004	0.30616	0.19448	0.1538	0.15551
V564	0.30221	0.09923	0.06671	0.35815	0.1737
V565	0.01845	0.06968	0.03248	0.1469	0.73249
V566	0.26216	0.18012	0.04397	0.34665	0.16709
V567	0.01851	0.24701	0.67764	0.04337	0.01346
V568	0.03015	0.29969	0.35711	0.29995	0.01308
V569	0.50773	0.17876	0.10416	0.16474	0.04461
V570	0.11599	0.13537	0.24256	0.43364	0.07244
V571	0.22313	0.12029	0.20608	0.33806	0.11244
V572	0.68502	0.10233	0.01297	0.0789	0.12078
V573	0.07028	0.17671	0.28824	0.3669	0.09787
V574	0.43757	0.30667	0.08706	0.13828	0.03041
V575	0.32107	0.12159	0.11751	0.11412	0.32571
V576	0.05729	0.76706	0.05821	0.06754	0.04989
V577	0.3629	0.45178	0.06426	0.1052	0.01586
V578	0.02627	0.27325	0.41808	0.23396	0.04843
V579	0.02868	0.50742	0.30143	0.0728	0.08967
V580	0.19906	0.48037	0.0479	0.24221	0.03046
V581	0.0528	0.48397	0.33147	0.12016	0.0116
V582	0.00374	0.26995	0.6681	0.05074	0.00746
V583	0.47878	0.16747	0.26441	0.07544	0.0139
V584	0.20404	0.47238	0.12538	0.08549	0.11272
V585	0.05689	0.67903	0.10429	0.10955	0.05024
V586	0.04788	0.69442	0.18779	0.06779	0.00212
V587	0.06489	0.61341	0.04995	0.0881	0.18365
V588	0.20082	0.4277	0.31154	0.04809	0.01185
V589	0.09468	0.37738	0.07195	0.41973	0.03625
V590	0.06088	0.6926	0.04668	0.07062	0.12922
V591	0.40394	0.45231	0.06377	0.06452	0.01547
V592	0.01813	0.21034	0.57473	0.07538	0.12142
V593	0.35862	0.07139	0.01842	0.48751	0.06406
V594	0.00748	0.27432	0.50363	0.16852	0.04605
V595	0.43413	0.12149	0.0707	0.32297	0.05071
V596	0.37619	0.2547	0.18317	0.15557	0.03038
V597	0.03413	0.21452	0.02946	0.18163	0.54026
V598	0.50415	0.09021	0.01858	0.07828	0.30878
V599	0.07356	0.38235	0.11006	0.39245	0.04159
V600	0.23615	0.11628	0.16527	0.37519	0.1071
V601	0.13149	0.13328	0.02336	0.48811	0.22376
V602	0.67307	0.21424	0.01952	0.07481	0.01837
V603	0.12761	0.18137	0.04702	0.19474	0.44925
V604	0.01914	0.2117	0.53868	0.13253	0.09794
V605	0.0337	0.1395	0.13252	0.14246	0.55182
V606	0.68449	0.09647	0.01271	0.07956	0.12677
V607	0.15684	0.15902	0.03876	0.09654	0.54884
V608	0.60703	0.11452	0.04187	0.13682	0.09976
V609	0.1692	0.29855	0.0385	0.41436	0.07938
V610	0.08997	0.57217	0.04736	0.2739	0.0166
V611	0.21811	0.21268	0.45449	0.06545	0.04927
V612	0.31285	0.17652	0.25858	0.07105	0.18099
V613	0.3629	0.4773	0.06584	0.08454	0.00942
V614	0.46135	0.10958	0.03152	0.13545	0.2621
V615	0.01207	0.14783	0.13084	0.56337	0.1459
V616	0.5243	0.12104	0.13313	0.17616	0.04538
V617	0.18717	0.21344	0.36657	0.12705	0.10576
V618	0.58453	0.17462	0.06982	0.07496	0.09607
V619	0.44965	0.14868	0.1401	0.0695	0.19208
V620	0.03991	0.14332	0.29529	0.49431	0.02717
V621	0.12678	0.2926	0.26561	0.06067	0.25433
V622	0.0243	0.29011	0.3113	0.07019	0.3041
V623	0.06758	0.04939	0.02025	0.68825	0.17452
V624	0.72042	0.10129	0.01866	0.09005	0.06959
V625	0.01118	0.11146	0.09802	0.74256	0.03678
V626	0.06333	0.18785	0.43104	0.28541	0.03236
V627	0.10477	0.21358	0.12461	0.10106	0.45598
V628	0.74418	0.11667	0.02031	0.09701	0.02182
V629	0.10734	0.34303	0.47319	0.0641	0.01233
V630	0.02456	0.21274	0.04461	0.11083	0.60726
V631	0.01059	0.12664	0.25041	0.0889	0.52345
V632	0.05906	0.68053	0.05305	0.09229	0.11507
V633	0.0554	0.07339	0.09464	0.52743	0.24914
V634	0.35166	0.42909	0.15057	0.05995	0.00873
V635	0.0431	0.18615	0.18159	0.09484	0.49432
V636	0.17088	0.25266	0.26932	0.2096	0.09754
V637	0.17758	0.16244	0.32994	0.25211	0.07794
V638	0.08218	0.43779	0.05411	0.13971	0.28621
V639	0.44846	0.38632	0.09164	0.05731	0.01627
V640	0.1058	0.2249	0.09389	0.26759	0.30783
V641	0.10268	0.62578	0.06388	0.18143	0.02623
V642	0.59015	0.11646	0.01918	0.25181	0.02241
V643	0.06405	0.74632	0.10878	0.07868	0.00217
V644	0.04913	0.39357	0.05205	0.46122	0.04403
V645	0.16237	0.64214	0.05687	0.13245	0.00616
V646	0.13097	0.4782	0.06214	0.26432	0.06436
V647	0.73433	0.10313	0.01923	0.12104	0.02228
V648	0.38267	0.15517	0.02197	0.30102	0.13918
V649	0.24092	0.15941	0.08649	0.16484	0.34834
V650	0.02748	0.04981	0.06503	0.82311	0.03456
V651	0.13376	0.21137	0.02126	0.60772	0.02589
V652	0.31095	0.07514	0.0446	0.53021	0.03909
V653	0.29468	0.08588	0.0589	0.50348	0.05706
V654	0.04077	0.12602	0.01843	0.1527	0.66207
V655	0.13437	0.16235	0.25557	0.42201	0.0257
V656	0.11518	0.07247	0.01482	0.18026	0.61726
V657	0.04233	0.44607	0.06247	0.35133	0.0978
V658	0.03046	0.07747	0.04339	0.6126	0.23608
V659	0.01869	0.07693	0.08098	0.74412	0.07928
V660	0.06803	0.33822	0.04931	0.11158	0.43287
V661	0.05167	0.57986	0.05553	0.2212	0.09174
V662	0.0445	0.42177	0.0543	0.07764	0.4018
V663	0.77071	0.10976	0.02092	0.07605	0.02256
V664	0.02738	0.07434	0.11977	0.41821	0.3603
V665	0.03553	0.57991	0.22105	0.12688	0.03662
V666	0.1036	0.74345	0.08591	0.06452	0.00252
V667	0.03924	0.51956	0.25648	0.14063	0.04408
V668	0.52299	0.27016	0.06407	0.11157	0.03121
V669	0.40452	0.31394	0.04887	0.13843	0.09424
V670	0.09797	0.56805	0.08264	0.09131	0.16003
V671	0.59483	0.13648	0.16032	0.08697	0.0214
V672	0.08987	0.13428	0.09743	0.33413	0.3443
V673	0.01923	0.07866	0.017	0.19579	0.68932
V674	0.29523	0.24374	0.37597	0.04773	0.03732
V675	0.55822	0.09836	0.04781	0.19281	0.1028
V676	0.2115	0.2444	0.38646	0.05044	0.10719
V677	0.04497	0.30376	0.20869	0.38051	0.06207
V678	0.05811	0.31874	0.04136	0.10722	0.47457
V679	0.01262	0.1562	0.37184	0.43424	0.02509
V680	0.15721	0.06563	0.03342	0.37985	0.36388
V681	0.43807	0.10926	0.05045	0.31283	0.08939
V682	0.00257	0.25751	0.6878	0.04437	0.00775
V683	0.06129	0.31318	0.49211	0.04699	0.08643
V684	0.05832	0.04642	0.02098	0.83819	0.0361
V685	0.01032	0.2358	0.61165	0.12703	0.0152
V686	0.26286	0.54436	0.09842	0.0759	0.01847
V687	0.00307	0.17626	0.45816	0.33462	0.02789
V688	0.00212	0.25171	0.67588	0.05068	0.0196
V689	0.40599	0.16102	0.17165	0.14665	0.11469
V690	0.11334	0.73345	0.06277	0.08064	0.00979
V691	0.12891	0.1634	0.05965	0.59642	0.05161
V692	0.06756	0.06478	0.02789	0.73842	0.10134
V693	0.02682	0.50674	0.38103	0.07517	0.01024
V694	0.08468	0.2087	0.05575	0.57245	0.07841
V695	0.12123	0.1885	0.14575	0.09231	0.45221
V696	0.10232	0.21013	0.54906	0.05255	0.08593
V697	0.09189	0.20572	0.27319	0.33273	0.09647
V698	0.02199	0.11272	0.1715	0.09713	0.59667
V699	0.03784	0.06634	0.05729	0.64854	0.19
V700	0.06993	0.71148	0.11361	0.05627	0.04871
V701	0.02505	0.21088	0.03722	0.10452	0.62233
V702	0.0257	0.13926	0.02525	0.66626	0.14354
V703	0.0205	0.05575	0.0365	0.84465	0.0426
V704	0.04415	0.18934	0.33719	0.08012	0.3492
V705	0.74242	0.11501	0.01442	0.08541	0.04275
V706	0.13648	0.2054	0.1521	0.42646	0.07956
V707	0.13256	0.17319	0.08285	0.30319	0.30821
V708	0.03208	0.56326	0.34633	0.05514	0.00319
V709	0.01847	0.0825	0.04866	0.11078	0.7396
V710	0.11215	0.18569	0.3884	0.05852	0.25524
V711	0.06664	0.06494	0.03794	0.12347	0.70701
V712	0.05247	0.2089	0.52187	0.19353	0.02323
V713	0.22099	0.43345	0.27658	0.06215	0.00682
V714	0.05987	0.06838	0.01639	0.11363	0.74174
V715	0.01439	0.3675	0.47411	0.13072	0.01328
V716	0.601	0.22745	0.03056	0.10804	0.03295
V717	0.34376	0.22732	0.12173	0.08506	0.22214
V718	0.52719	0.14996	0.21637	0.06023	0.04625
V719	0.34592	0.27482	0.10977	0.15937	0.11012
V720	0.12068	0.11889	0.09642	0.1166	0.54741
V721	0.03601	0.07754	0.06243	0.12143	0.70258
V722	0.02958	0.24784	0.07424	0.49656	0.15178
V723	0.10231	0.24516	0.11659	0.49595	0.04
V724	0.12645	0.57351	0.07499	0.21042	0.01463
V725	0.03955	0.06985	0.02455	0.11424	0.75181
V726	0.20739	0.46285	0.08124	0.11127	0.13725
V727	0.01036	0.24973	0.67028	0.05019	0.01944
V728	0.61072	0.13535	0.11008	0.12113	0.02272
V729	0.50109	0.17002	0.04003	0.26321	0.02566
V730	0.104	0.15581	0.31305	0.36488	0.06226
V731	0.01025	0.06401	0.06658	0.82477	0.0344
V732	0.02116	0.03687	0.02183	0.88205	0.0381
V733	0.02802	0.2585	0.65151	0.043	0.01897
V734	0.39775	0.21286	0.27831	0.08793	0.02315
V735	0.07217	0.2337	0.20599	0.09373	0.39442
V736	0.02086	0.10062	0.02616	0.11214	0.74021
V737	0.76652	0.11463	0.0211	0.07551	0.02225
V738	0.03645	0.43536	0.04797	0.08553	0.3947
V739	0.02234	0.04996	0.01508	0.87486	0.03776
V740	0.19987	0.15849	0.10998	0.09314	0.43852
V741	0.42895	0.09184	0.01856	0.33573	0.12492
V742	0.06426	0.18837	0.42616	0.19034	0.13087
V743	0.03487	0.11765	0.0851	0.18207	0.58031
V744	0.16926	0.14267	0.15389	0.47999	0.05419
V745	0.15051	0.07895	0.05487	0.67968	0.03599
V746	0.33173	0.49854	0.06729	0.06447	0.03796
V747	0.0277	0.25574	0.6418	0.0498	0.02496
V748	0.1463	0.2812	0.25008	0.10917	0.21326
V749	0.16652	0.16531	0.11821	0.42458	0.12539
V750	0.61574	0.23226	0.02542	0.10928	0.0173
V751	0.03664	0.43	0.45656	0.06588	0.01092
V752	0.03214	0.17234	0.04272	0.10644	0.64636
V753	0.43973	0.17273	0.20287	0.08171	0.10296
V754	0.11127	0.30377	0.03289	0.52407	0.02799
V755	0.23309	0.62251	0.07605	0.05708	0.01127
V756	0.03074	0.15465	0.04166	0.14665	0.6263
V757	0.1565	0.07137	0.09704	0.64058	0.03451
V758	0.06954	0.391	0.03107	0.48312	0.02527
V759	0.09172	0.11353	0.10539	0.08991	0.59945
V760	0.07443	0.1306	0.193	0.28072	0.32125
V761	0.05619	0.36623	0.51559	0.05051	0.01148
V762	0.01899	0.12263	0.162	0.40944	0.28694
V763	0.03868	0.28228	0.0331	0.09086	0.55508
V764	0.10437	0.11522	0.08679	0.6532	0.04041
V765	0.14196	0.21384	0.48255	0.08652	0.07512
V766	0.07415	0.4763	0.23875	0.09734	0.11345
V767	0.25235	0.44594	0.08619	0.10181	0.11371
V768	0.07203	0.72425	0.09191	0.10225	0.00957
V769	0.59313	0.14119	0.15482	0.06337	0.0475
V770	0.24895	0.17651	0.37747	0.17786	0.01921
V771	0.07534	0.63981	0.05087	0.14602	0.08796
V772	0.04426	0.25134	0.64733	0.0494	0.00766
V773	0.0369	0.06068	0.01546	0.25006	0.63689
V774	0.13615	0.18271	0.41913	0.05517	0.20683
V775	0.716	0.10367	0.03002	0.11866	0.03166
V776	0.31146	0.41725	0.15974	0.07982	0.03173
V777	0.18967	0.39451	0.22554	0.14464	0.04563
V778	0.45277	0.12451	0.02596	0.2482	0.14856
V779	0.06542	0.44946	0.409	0.05955	0.01656
V780	0.01856	0.24666	0.67683	0.05013	0.00782
V781	0.16507	0.3415	0.17318	0.06341	0.25684
V782	0.22019	0.26477	0.04278	0.08511	0.38714
V783	0.00407	0.19477	0.50099	0.07641	0.22376
V784	0.04104	0.54857	0.03971	0.29082	0.07986
V785	0.58584	0.18908	0.01683	0.15059	0.05765
V786	0.15235	0.21121	0.03405	0.55893	0.04345
V787	0.13613	0.52988	0.03761	0.23313	0.06326
V788	0.33819	0.40444	0.0883	0.05926	0.10981
V789	0.0202	0.17921	0.02738	0.43407	0.33916
V790	0.25614	0.25779	0.07649	0.16536	0.24421
V791	0.16714	0.25025	0.08593	0.23511	0.26157
V792	0.74485	0.12059	0.03181	0.07155	0.03121
V793	0.29638	0.28703	0.06985	0.14618	0.20057
V794	0.02265	0.09837	0.10775	0.23847	0.53277
V795	0.14009	0.7165	0.06175	0.06534	0.01631
V796	0.26269	0.39584	0.11903	0.18695	0.03549
V797	0.145	0.06217	0.01448	0.11866	0.65969
V798	0.13297	0.47216	0.04155	0.14311	0.21021
V799	0.03486	0.18153	0.06304	0.65332	0.06725
V800	0.03652	0.0733	0.03068	0.20448	0.65502
V801	0.31996	0.09849	0.11446	0.42001	0.04709
V802	0.04462	0.22761	0.03738	0.10106	0.58933
V803	0.26646	0.08483	0.0199	0.58157	0.04724
V804	0.17417	0.2238	0.18198	0.36407	0.05598
V805	0.12659	0.24929	0.35374	0.18902	0.08136
V806	0.39697	0.13287	0.17102	0.11541	0.18373
V807	0.58684	0.10795	0.06606	0.10967	0.12949
V808	0.6706	0.113	0.05345	0.0725	0.09044
V809	0.19438	0.54484	0.05797	0.0894	0.1134
V810	0.03241	0.10643	0.05237	0.48547	0.32332
V811	0.0583	0.1457	0.04009	0.1829	0.57301
V812	0.03729	0.59918	0.20631	0.12728	0.02995
V813	0.03781	0.28145	0.20948	0.07166	0.3996
V814	0.18691	0.49549	0.09056	0.19887	0.02817
V815	0.22382	0.58984	0.06682	0.10687	0.01265
V816	0.03517	0.45415	0.04168	0.42651	0.04249
V817	0.62278	0.14867	0.12905	0.08272	0.01678
V818	0.04165	0.29136	0.31098	0.08911	0.2669
V819	0.7393	0.11745	0.0259	0.09588	0.02146
V820	0.07036	0.3558	0.13178	0.40017	0.04189
V821	0.02065	0.06883	0.01771	0.11989	0.77293
V822	0.16996	0.06431	0.0266	0.70761	0.03152
V823	0.0504	0.17968	0.21173	0.07742	0.48077
V824	0.07765	0.09619	0.0388	0.1032	0.68415
V825	0.12179	0.19519	0.47959	0.19098	0.01246
V826	0.03515	0.24444	0.64947	0.06296	0.00797
V827	0.30722	0.17818	0.01768	0.39611	0.10081
V828	0.22202	0.2059	0.11158	0.1232	0.3373
V829	0.08359	0.1913	0.2682	0.20882	0.24809
V830	0.12227	0.21371	0.51087	0.06638	0.08676
V831	0.04518	0.64193	0.08785	0.19905	0.026
V832	0.19633	0.07592	0.0761	0.28572	0.36594
V833	0.19299	0.66068	0.05104	0.05891	0.03637
V834	0.6034	0.20088	0.04665	0.08816	0.06092
V835	0.22464	0.29944	0.10099	0.29377	0.08115
V836	0.29939	0.21041	0.33774	0.13454	0.01792
V837	0.05214	0.72214	0.06299	0.09798	0.06475
V838	0.009	0.05367	0.08083	0.81555	0.04095
V839	0.04525	0.10652	0.08519	0.09818	0.66486
V840	0.7301	0.11371	0.03654	0.09368	0.02597
V841	0.17841	0.22583	0.53165	0.0499	0.01421
V842	0.42229	0.15368	0.1751	0.2205	0.02842
V843	0.39146	0.11614	0.13552	0.12754	0.22933
V844	0.01721	0.32285	0.57167	0.06413	0.02415
V845	0.03134	0.04751	0.014	0.63234	0.27481
V846	0.11024	0.11973	0.10455	0.13931	0.52617
V847	0.19874	0.08178	0.06235	0.19251	0.46461
V848	0.6016	0.11981	0.01897	0.14673	0.11288
V849	0.11427	0.23824	0.52242	0.05212	0.07295
V850	0.18634	0.15581	0.25064	0.18726	0.21995
V851	0.76754	0.10732	0.0149	0.08228	0.02796
V852	0.21997	0.13389	0.08583	0.22196	0.33835
V853	0.03267	0.26836	0.47189	0.16183	0.06525
V854	0.04917	0.37732	0.23764	0.12657	0.20929
V855	0.10217	0.37207	0.10875	0.33467	0.08234
V856	0.15572	0.38791	0.07849	0.06978	0.3081
V857	0.0744	0.12486	0.15949	0.42797	0.21328
V858	0.0318	0.36348	0.19066	0.24376	0.17031
V859	0.12321	0.06294	0.03375	0.72204	0.05807
V860	0.04254	0.17107	0.07704	0.63558	0.07376
V861	0.12869	0.09845	0.12166	0.61832	0.03287
V862	0.07459	0.06909	0.03675	0.18222	0.63736
V863	0.05902	0.7847	0.06704	0.06685	0.02239
V864	0.03419	0.23078	0.62889	0.09723	0.00891
V865	0.06964	0.18982	0.47949	0.24741	0.01363
V866	0.02888	0.2179	0.48688	0.2361	0.03024
V867	0.49816	0.10991	0.01946	0.07716	0.29531
V868	0.19328	0.30421	0.32952	0.14548	0.02751
V869	0.02798	0.06506	0.04002	0.12089	0.74604
V870	0.24267	0.2114	0.08862	0.27747	0.17985
V871	0.04331	0.12465	0.10805	0.16878	0.55522
V872	0.33434	0.09964	0.0261	0.47682	0.0631
V873	0.05839	0.33118	0.15509	0.38564	0.06971
V874	0.09868	0.10744	0.02402	0.10889	0.66097
V875	0.0195	0.19706	0.04243	0.51452	0.2265
V876	0.41619	0.14026	0.06628	0.08572	0.29154
V877	0.22033	0.55171	0.07179	0.13634	0.01982
V878	0.04263	0.59974	0.07854	0.25746	0.02162
V879	0.72104	0.13279	0.02625	0.09419	0.02574
V880	0.08197	0.12295	0.04451	0.45288	0.29769
V881	0.01369	0.17836	0.43883	0.06161	0.30751
V882	0.05149	0.4201	0.04658	0.46443	0.01741
V883	0.43891	0.21054	0.03045	0.22136	0.09874
V884	0.02035	0.06085	0.01744	0.12926	0.7721
V885	0.14515	0.19809	0.32266	0.15019	0.1839
V886	0.01478	0.05788	0.0454	0.29607	0.58586
V887	0.10537	0.74945	0.0567	0.0593	0.02919
V888	0.05975	0.13749	0.06726	0.6605	0.075
V889	0.12792	0.69571	0.08166	0.07849	0.01623
V890	0.03467	0.08813	0.13351	0.62581	0.11788
V891	0.00359	0.26867	0.66263	0.05756	0.00755
V892	0.50884	0.26572	0.03892	0.07049	0.11602
V893	0.12528	0.29458	0.40664	0.11644	0.05705
V894	0.10047	0.47276	0.07701	0.2982	0.05156
V895	0.52963	0.15135	0.22174	0.07746	0.01983
V896	0.18273	0.26996	0.21284	0.31309	0.02137
V897	0.01002	0.04608	0.05051	0.76133	0.13206
V898	0.36082	0.08365	0.02571	0.10532	0.42451
V899	0.48165	0.32675	0.09365	0.05798	0.03998
