mature.neutrophil	CD14.pos.CD16.neg.classical.monocyte	macrophage	memory.CD4.pos.AB.T.cell	cytotoxic.CD56.dim.NK.cell
V1	0.22997	0.21644	0.24064	0.21505	0.0979
V2	0.01591	0.59814	0.15035	0.18228	0.05332
V3	0.01338	0.16432	0.37277	0.43037	0.01916
V4	0	0.18554	0.18976	0.19627	0.42843
V5	0	0.17094	0.03568	0.26131	0.53206
V6	0.23256	0.15858	0.24598	0.28235	0.08053
V7	0	0.19766	0.34285	0.17973	0.27976
V8	0	0.20154	0.71092	0.08662	0.00092
V9	0.00826	0.13344	0.23302	0.60709	0.01819
V10	0.37184	0.16624	0.41829	0.02178	0.02185
V11	0	0.19168	0.078	0.22777	0.50255
V12	0.02663	0.16745	0.19336	0.3793	0.23325
V13	0.07242	0.16393	0.04418	0.48854	0.23092
V14	0.09631	0.11797	0.07756	0.63685	0.07131
V15	0	0.10338	0.01247	0.85295	0.0312
V16	0.45178	0.14281	0.02993	0.35399	0.02149
V17	0.0106	0.31051	0.0333	0.22648	0.41911
V18	0.03625	0.36996	0.28466	0.28535	0.02378
V19	0	0.1702	0	0.27767	0.55213
V20	0	0.17196	0.57954	0.23715	0.01134
V21	0	0.29619	0.14537	0.28232	0.27612
V22	0.71626	0.1559	0.07199	0.03085	0.025
V23	0.01692	0.18722	0.00916	0.29311	0.49358
V24	0.34887	0.21015	0.03435	0.16809	0.23856
V25	0	0.15396	0.0116	0.50614	0.32831
V26	0.36861	0.2473	0.08383	0.1463	0.15396
V27	0.0699	0.43268	0.22928	0.12997	0.13818
V28	0	0.16277	0.19202	0.61136	0.03385
V29	0	0.12205	0.28449	0.57467	0.0188
V30	0.62485	0.17121	0.04086	0.08283	0.08024
V31	0.31447	0.20336	0.03685	0.3146	0.13072
V32	0.82643	0.10072	0.00167	0.02907	0.04211
V33	0	0.27047	0.02538	0.27312	0.43103
V34	0.07786	0.6447	0.11736	0.13343	0.02665
V35	0.04593	0.49435	0.31592	0.12412	0.01969
V36	0	0.26545	0.16268	0.22752	0.34436
V37	0.64052	0.11508	0	0.08248	0.16192
V38	0.05987	0.18536	0.3995	0.25398	0.10129
V39	0.2306	0.1851	0.29185	0.10942	0.18303
V40	0.1665	0.47358	0.09769	0.21593	0.0463
V41	0.01026	0.64774	0.12111	0.14202	0.07886
V42	0.75342	0.12709	0.02196	0.04505	0.05249
V43	0.38097	0.21002	0.33032	0.06274	0.01595
V44	0	0.3374	0.50219	0.0781	0.08231
V45	0	0.51856	0.17514	0.25544	0.05086
V46	0.06985	0.5811	0.16426	0.14891	0.03588
V47	0	0.2076	0.7768	0.01132	0.00429
V48	0.10125	0.21277	0.21474	0.37747	0.09376
V49	0.35282	0.20958	0.22261	0.19218	0.02281
V50	0	0.2214	0.76711	0.0115	0
V51	0.04657	0.31428	0.20536	0.18915	0.24464
V52	0.01571	0.69206	0.1258	0.13943	0.027
V53	0	0.19207	0.03728	0.74549	0.02516
V54	0.14253	0.12061	0.0211	0.58186	0.1339
V55	0.02518	0.09882	0.01154	0.83804	0.02642
V56	0.02358	0.10389	0.01294	0.76706	0.09254
V57	0.09259	0.24806	0.48189	0.09187	0.08559
V58	0.01499	0.16938	0.11578	0.32866	0.37119
V59	0.74634	0.11975	0.08634	0.03384	0.01373
V60	0.32001	0.24273	0.14019	0.20873	0.08834
V61	0.12102	0.16182	0.02494	0.34768	0.34453
V62	0.00366	0.19589	0.2553	0.2481	0.29705
V63	0.30262	0.28185	0.08977	0.1523	0.17346
V64	0.83596	0.10925	0.01989	0.02002	0.01487
V65	0.03818	0.16165	0.05389	0.6394	0.10689
V66	0	0.11323	0.12721	0.73367	0.02589
V67	0	0.18263	0.27436	0.21362	0.32939
V68	0.35235	0.15239	0.35201	0.08235	0.0609
V69	0.47741	0.19683	0.19733	0.07506	0.05338
V70	0.02334	0.53894	0.1329	0.26929	0.03553
V71	0.05311	0.58985	0.14362	0.18296	0.03046
V72	0	0.388	0.06414	0.20196	0.3459
V73	0.01256	0.13293	0.09653	0.60548	0.15249
V74	0	0.1289	0.02121	0.78145	0.06843
V75	0.37478	0.24034	0.30451	0.05857	0.02179
V76	0	0.09422	0.0226	0.82513	0.05804
V77	0	0.20549	0.74236	0.05173	0.00041
V78	0	0.2099	0.76471	0.02058	0.00482
V79	0.03043	0.37498	0.08629	0.27443	0.23387
V80	0.08107	0.55926	0.09558	0.18233	0.08176
V81	0	0.21039	0.78029	0.00932	0
V82	0.16151	0.19666	0.06151	0.55053	0.0298
V83	0.04798	0.16759	0.03543	0.58939	0.15961
V84	0.03426	0.26612	0.01411	0.23403	0.45148
V85	0	0.20626	0.77703	0.0167	0
V86	0	0.26922	0.29477	0.41528	0.02073
V87	0.34102	0.11515	0.05517	0.45501	0.03364
V88	0.21917	0.22664	0.07415	0.29607	0.18396
V89	0	0.2513	0.68184	0.06359	0.00327
V90	0	0.26224	0.06223	0.2634	0.41213
V91	0	0.09785	0.07844	0.8026	0.0211
V92	0.15633	0.18899	0.02378	0.21876	0.41214
V93	0	0.17099	0.15468	0.54385	0.13048
V94	0	0.24761	0.03429	0.37513	0.34296
V95	0.01191	0.29432	0.04084	0.2686	0.38433
V96	0.67007	0.11883	0.02579	0.08143	0.10388
V97	0.09187	0.18672	0.03751	0.27226	0.41164
V98	0.00661	0.36313	0.20681	0.2419	0.18155
V99	0.39448	0.1887	0.0277	0.29455	0.09456
V100	0.41811	0.21985	0.06997	0.15077	0.14129
V101	0.02415	0.68109	0.13151	0.13694	0.0263
V102	0.22055	0.27458	0.15466	0.21014	0.14008
V103	0.05829	0.17009	0	0.24056	0.53107
V104	0	0.39527	0.12402	0.18814	0.29257
V105	0	0.17474	0.02132	0.2709	0.53304
V106	0.00987	0.58479	0.23632	0.12353	0.04549
V107	0.00289	0.30447	0.58716	0.09193	0.01355
V108	0	0.28361	0.6866	0.02706	0.00273
V109	0.01248	0.26722	0.07682	0.39102	0.25245
V110	0.11851	0.41324	0.23355	0.2028	0.0319
V111	0.21414	0.2797	0.44804	0.04766	0.01045
V112	0.11341	0.12877	0.10504	0.50996	0.14282
V113	0.15686	0.16218	0.0956	0.28033	0.30503
V114	0.44371	0.16121	0.06244	0.24028	0.09236
V115	0.75783	0.10316	0.0014	0.05379	0.08382
V116	0	0.16465	0	0.25478	0.58057
V117	0.0013	0.20671	0.66512	0.10642	0.02045
V118	0	0.09905	0.00999	0.85286	0.03811
V119	0.22991	0.15256	0.34447	0.25773	0.01533
V120	0	0.18928	0.655	0.13094	0.02478
V121	0.1443	0.55235	0.09647	0.13715	0.06973
V122	0	0.35729	0.12681	0.34397	0.17192
V123	0.36708	0.15171	0.08132	0.26772	0.13217
V124	0.14087	0.20737	0.07305	0.33429	0.24443
V125	0	0.41812	0.48855	0.07532	0.01801
V126	0.0905	0.26106	0.2146	0.22695	0.20689
V127	0.20099	0.17002	0.54555	0.07266	0.01078
V128	0.15687	0.57718	0.11007	0.11908	0.0368
V129	0.17608	0.17605	0.23738	0.25542	0.15507
V130	0	0.41686	0.10283	0.3424	0.13791
V131	0	0.1188	0.20465	0.66001	0.01654
V132	0.25682	0.13714	0.00629	0.41608	0.18366
V133	0	0.20309	0.4472	0.16958	0.18014
V134	0.02139	0.21361	0.64083	0.06471	0.05946
V135	0	0.24598	0.59462	0.08088	0.07852
V136	0.86534	0.09766	0.00264	0.01897	0.01539
V137	0.78427	0.11712	0.00753	0.05889	0.03219
V138	0.16875	0.22977	0.09189	0.26077	0.24881
V139	0.06693	0.11629	0.15128	0.64025	0.02525
V140	0	0.17974	0.12098	0.21689	0.4824
V141	0	0.28962	0.55353	0.14258	0.01426
V142	0.13202	0.16649	0.28094	0.22467	0.19589
V143	0	0.26937	0.41579	0.21242	0.10242
V144	0.38886	0.24164	0.09653	0.20083	0.07214
V145	0	0.20793	0.75045	0.031	0.01062
V146	0	0.3283	0.04882	0.42412	0.19877
V147	0.04309	0.22036	0.5634	0.14406	0.02909
V148	0.11184	0.58599	0.11256	0.15293	0.03668
V149	0	0.09093	0.00837	0.84789	0.05281
V150	0.08595	0.28502	0.51108	0.06043	0.05752
V151	0.32223	0.11921	0.02333	0.44274	0.09249
V152	0	0.10618	0.10601	0.72326	0.06456
V153	0.10457	0.26447	0.41048	0.12716	0.09332
V154	0.06936	0.48051	0.09793	0.17873	0.17348
V155	0	0.11611	0.12818	0.72957	0.02613
V156	0.04122	0.19165	0.33392	0.24106	0.19215
V157	0.03838	0.18185	0.15356	0.37431	0.2519
V158	0.12083	0.17713	0.373	0.14341	0.18562
V159	0.06461	0.2323	0.05102	0.60754	0.04453
V160	0.34581	0.22742	0.10802	0.15473	0.16401
V161	0.13626	0.18559	0.05019	0.20405	0.42392
V162	0	0.21186	0.77842	0.00973	0
V163	0	0.18037	0	0.27143	0.5482
V164	0.81573	0.12734	0.01715	0.02954	0.01025
V165	0.49629	0.2355	0.1068	0.11554	0.04588
V166	0.00832	0.13241	0.21376	0.57852	0.06699
V167	0.00045	0.5062	0.09788	0.26665	0.12882
V168	0	0.21186	0.77842	0.00973	0
V169	0.01551	0.52966	0.23449	0.18737	0.03296
V170	0.17361	0.34023	0.10621	0.28718	0.09276
V171	0.21517	0.19013	0.32699	0.22182	0.04589
V172	0.11473	0.2874	0.08979	0.194	0.31407
V173	0.13979	0.18634	0.10441	0.44856	0.1209
V174	0.13332	0.16069	0.3002	0.26863	0.13716
V175	0.02502	0.24195	0.12334	0.31302	0.29667
V176	0.27191	0.10793	0.02051	0.57406	0.02559
V177	0.12414	0.18176	0.47585	0.20165	0.01661
V178	0.1936	0.18112	0.3955	0.16564	0.06414
V179	0.03301	0.18285	0	0.24458	0.53956
V180	0	0.19373	0.2836	0.16896	0.35371
V181	0.01396	0.32079	0.02386	0.2506	0.39078
V182	0.44961	0.23409	0.03979	0.22949	0.04702
V183	0.03337	0.68089	0.12316	0.1303	0.03229
V184	0.22358	0.14051	0.26226	0.34099	0.03267
V185	0.05537	0.4113	0.08461	0.27524	0.17347
V186	0.07828	0.24374	0.05073	0.37092	0.25633
V187	0.04105	0.51514	0.0932	0.31959	0.03101
V188	0.71507	0.11507	0.03872	0.11486	0.01628
V189	0.3487	0.24014	0.07259	0.31015	0.02841
V190	0.30839	0.18736	0.19756	0.12803	0.17866
V191	0.14876	0.23945	0.04191	0.47465	0.09524
V192	0.22911	0.23729	0.14307	0.28984	0.1007
V193	0.02153	0.29043	0.45754	0.1243	0.1062
V194	0.17867	0.1864	0.08648	0.24992	0.29852
V195	0.46967	0.22296	0.23615	0.05415	0.01707
V196	0	0.16598	0.03416	0.26209	0.53777
V197	0.0331	0.65595	0.11835	0.16064	0.03195
V198	0.1576	0.26311	0.06588	0.31535	0.19807
V199	0.66206	0.12278	0.19892	0.01076	0.00548
V200	0.64458	0.11162	0.02954	0.08817	0.12609
V201	0	0.1119	0.02512	0.72432	0.13865
V202	0.81587	0.1311	0.00404	0.03278	0.0162
V203	0.42217	0.25966	0.06122	0.15225	0.1047
V204	0.24649	0.20172	0.0386	0.17848	0.3347
V205	0.05324	0.19447	0.10132	0.24965	0.40131
V206	0.00246	0.15837	0.02123	0.77016	0.04778
V207	0	0.10338	0.01247	0.85295	0.0312
V208	0.09688	0.28356	0.42867	0.12024	0.07065
V209	0.08907	0.18892	0.08241	0.22236	0.41725
V210	0	0.20527	0.77058	0.0196	0.00455
V211	0.0886	0.19167	0.17723	0.19635	0.34616
V212	0.02202	0.57826	0.16933	0.16614	0.06426
V213	0.04559	0.15507	0.05207	0.39279	0.35446
V214	0	0.45759	0.41163	0.09962	0.03117
V215	0.17175	0.27111	0.15114	0.20599	0.20001
V216	0.00195	0.20891	0.2781	0.19141	0.31964
V217	0	0.09168	0.02773	0.80663	0.07395
V218	0.0261	0.24651	0.27294	0.38375	0.0707
V219	0.07269	0.2943	0.36304	0.24891	0.02106
V220	0.14554	0.55758	0.15033	0.11725	0.0293
V221	0	0.22267	0.41594	0.13023	0.23115
V222	0	0.17002	0	0.26006	0.56993
V223	0.40404	0.13766	0.28344	0.15267	0.0222
V224	0.00095	0.45985	0.09055	0.23639	0.21226
V225	0.6144	0.2032	0.13451	0.03304	0.01486
V226	0.39455	0.41883	0.06785	0.0909	0.02786
V227	0.04943	0.255	0.04761	0.60297	0.04499
V228	0.46278	0.14514	0.24726	0.10956	0.03526
V229	0.19316	0.3551	0.28294	0.12892	0.03988
V230	0	0.16465	0	0.26081	0.57455
V231	0.02512	0.47501	0.13325	0.28698	0.07963
V232	0.68922	0.11861	0.16794	0.01866	0.00558
V233	0.00526	0.19328	0.12558	0.26722	0.40866
V234	0	0.33151	0.23518	0.39932	0.03398
V235	0.85002	0.09918	0	0.04111	0.00969
V236	0.03051	0.18537	0.51992	0.22275	0.04145
V237	0.06804	0.19333	0.24026	0.37031	0.12806
V238	0	0.14587	0	0.42846	0.42568
V239	0.02185	0.37199	0.09603	0.30591	0.20423
V240	0.02802	0.63196	0.1201	0.15301	0.0669
V241	0.01561	0.69382	0.12562	0.13216	0.03279
V242	0	0.31587	0.29334	0.3357	0.05509
V243	0.36339	0.15198	0.29072	0.09443	0.09948
V244	0	0.37867	0.21613	0.21256	0.19264
V245	0.01367	0.66731	0.14239	0.15074	0.02589
V246	0.50712	0.26422	0.06298	0.087	0.07868
V247	0.13077	0.22613	0.52236	0.09257	0.02817
V248	0.05056	0.49035	0.09789	0.16989	0.1913
V249	0.16856	0.19782	0.18637	0.22108	0.22617
V250	0	0.20781	0.52221	0.11553	0.15445
V251	0.14216	0.12929	0.09827	0.57669	0.05359
V252	0	0.23596	0.4565	0.21252	0.09503
V253	0.22764	0.4426	0.15102	0.14526	0.03347
V254	0.42801	0.32019	0.0526	0.16665	0.03255
V255	0.69912	0.14969	0.00768	0.07385	0.06967
V256	0.00415	0.58987	0.10979	0.1607	0.1355
V257	0.34386	0.29294	0.16555	0.12647	0.07118
V258	0.10632	0.28955	0.09493	0.48006	0.02914
V259	0.43408	0.27583	0.19278	0.06662	0.03068
V260	0.1761	0.1799	0.09838	0.23559	0.31004
V261	0	0.17285	0.41305	0.32661	0.0875
V262	0.78339	0.11731	0.05021	0.03498	0.01411
V263	0.67591	0.14206	0.02594	0.14331	0.01278
V264	0.03314	0.65026	0.12488	0.16596	0.02576
V265	0.70114	0.15506	0.08172	0.04806	0.01402
V266	0	0.17149	0.05713	0.24901	0.52237
V267	0	0.16818	0	0.34554	0.48628
V268	0.1355	0.36388	0.18342	0.26446	0.05274
V269	0.03948	0.32458	0.3427	0.25572	0.03751
V270	0.00573	0.10398	0.04243	0.82335	0.0245
V271	0.17293	0.53681	0.1015	0.14176	0.04701
V272	0.06369	0.60782	0.13009	0.14434	0.05406
V273	0.19872	0.14702	0.1632	0.37439	0.11667
V274	0.03951	0.18403	0.03321	0.35734	0.38591
V275	0.00661	0.53582	0.22753	0.19686	0.03318
V276	0	0.1782	0.55346	0.24543	0.0229
V277	0.27911	0.16371	0.50073	0.03049	0.02595
V278	0	0.15799	0.28562	0.46652	0.08987
V279	0.08773	0.10793	0.02469	0.72294	0.05671
V280	0.12611	0.12573	0.04837	0.6164	0.08338
V281	0	0.2279	0.07404	0.6702	0.02786
V282	0.02428	0.68659	0.12432	0.13202	0.03279
V283	0.26166	0.16101	0.10064	0.1796	0.29709
V284	0	0.25283	0.44193	0.11184	0.1934
V285	0.43397	0.37071	0.05791	0.11162	0.02578
V286	0.02938	0.21538	0.68936	0.05817	0.00772
V287	0.16372	0.17907	0.16075	0.35577	0.14069
V288	0.13554	0.18782	0.51816	0.06515	0.09333
V289	0.10126	0.23055	0.05964	0.57965	0.0289
V290	0.3516	0.37619	0.17715	0.07533	0.01972
V291	0.30849	0.2205	0.04167	0.39891	0.03042
V292	0.05644	0.19986	0.34011	0.16114	0.24245
V293	0	0.24419	0.6657	0.07616	0.01395
V294	0	0.16847	0	0.25424	0.57729
V295	0	0.14918	0.28113	0.50769	0.062
V296	0.74239	0.16191	0.01074	0.0522	0.03276
V297	0	0.1928	0.62141	0.15361	0.03219
V298	0.20555	0.11416	0.01606	0.56966	0.09458
V299	0.18615	0.09877	0.02624	0.66317	0.02567
V300	0.86476	0.09962	0	0.02564	0.00998
V301	0.83491	0.09642	0.00337	0.04996	0.01535
V302	0	0.135	0	0.51694	0.34806
V303	0.05251	0.25459	0.20533	0.28475	0.20282
V304	0.1247	0.20614	0.61808	0.03174	0.01935
V305	0.13924	0.31798	0.12574	0.23259	0.18445
V306	0.2642	0.49171	0.08382	0.12461	0.03566
V307	0.15546	0.13456	0.24206	0.44934	0.01859
V308	0.1632	0.17786	0.54708	0.1003	0.01156
V309	0.51818	0.1533	0.05855	0.18227	0.08769
V310	0	0.1775	0	0.30614	0.51636
V311	0	0.09166	0.04729	0.83233	0.02872
V312	0.03436	0.3103	0.24257	0.15358	0.25919
V313	0.01982	0.30129	0.05036	0.42377	0.20476
V314	0.0314	0.15017	0.00269	0.49109	0.32465
V315	0.83457	0.10032	0.0092	0.02472	0.03118
V316	0.0607	0.45189	0.28919	0.13551	0.0627
V317	0.2952	0.19995	0.44295	0.03866	0.02323
V318	0.78743	0.10273	0.00149	0.03979	0.06857
V319	0.05041	0.22931	0.68537	0.0329	0.00201
V320	0.03278	0.09583	0.0175	0.82228	0.03161
V321	0.07857	0.32263	0.30417	0.26173	0.03291
V322	0	0.30873	0.49436	0.1211	0.0758
V323	0.17342	0.27293	0.39753	0.09156	0.06456
V324	0	0.12789	0.05319	0.78935	0.02956
V325	0.50358	0.1751	0.09266	0.17274	0.05592
V326	0	0.18002	0.04144	0.32035	0.45818
V327	0.25033	0.39864	0.16148	0.12599	0.06356
V328	0.00895	0.28291	0.18724	0.4908	0.03009
V329	0	0.1599	0.32829	0.49425	0.01756
V330	0.02853	0.22005	0.68801	0.02782	0.03559
V331	0.07198	0.18531	0.07585	0.26555	0.40132
V332	0.3622	0.17601	0.39696	0.03649	0.02833
V333	0.29328	0.15732	0.26774	0.21291	0.06875
V334	0	0.32536	0.49251	0.14388	0.03825
V335	0.58851	0.14903	0.08351	0.0951	0.08385
V336	0.10723	0.46286	0.30646	0.09345	0.03001
V337	0	0.15881	0	0.34482	0.49637
V338	0.58869	0.13367	0.13889	0.0679	0.07084
V339	0.14732	0.43651	0.23244	0.10882	0.0749
V340	0	0.2618	0.11051	0.23866	0.38903
V341	0	0.42296	0.43386	0.09167	0.05152
V342	0.20818	0.22982	0.39807	0.15013	0.01382
V343	0.58279	0.13017	0.25634	0.02488	0.00582
V344	0.06062	0.56819	0.13473	0.15561	0.08085
V345	0.14479	0.16778	0.0116	0.39955	0.27628
V346	0	0.30983	0.30845	0.34351	0.0382
V347	0.04038	0.40729	0.09438	0.40719	0.05076
V348	0	0.23153	0.37554	0.29651	0.09642
V349	0.01563	0.34138	0.47764	0.09352	0.07184
V350	0.06101	0.36288	0.13226	0.33205	0.1118
V351	0.10737	0.16796	0.36737	0.33225	0.02505
V352	0.05887	0.44921	0.38131	0.08965	0.02096
V353	0.17968	0.32655	0.07576	0.19307	0.22494
V354	0.46517	0.15023	0.36888	0.01014	0.00558
V355	0.03525	0.14824	0.29413	0.5016	0.02077
V356	0.03896	0.21419	0.67475	0.04816	0.02393
V357	0	0.21132	0.42126	0.1422	0.22522
V358	0	0.11713	0.04442	0.80897	0.02948
V359	0.01243	0.16242	0.03098	0.76883	0.02534
V360	0.57958	0.13339	0.09192	0.1822	0.01291
V361	0.25965	0.40053	0.14245	0.11186	0.08551
V362	0.68842	0.11828	0.0899	0.03914	0.06425
V363	0	0.17903	0	0.33745	0.48352
V364	0.00264	0.28516	0.06043	0.51369	0.13808
V365	0	0.09103	0.0167	0.85052	0.04175
V366	0.13569	0.19709	0.48978	0.11488	0.06255
V367	0.15105	0.26422	0.21199	0.25553	0.11721
V368	0.62957	0.16211	0.12438	0.04932	0.03462
V369	0.00139	0.50685	0.29553	0.17617	0.02006
V370	0	0.22439	0.12898	0.44082	0.20581
V371	0.02211	0.66834	0.15887	0.12489	0.02579
V372	0.52328	0.15425	0.14083	0.15311	0.02852
V373	0.07161	0.49995	0.20242	0.19821	0.02782
V374	0.04548	0.17224	0.32836	0.4383	0.01563
V375	0.22147	0.17044	0.50346	0.09699	0.00764
V376	0	0.18137	0.32763	0.16263	0.32837
V377	0.04212	0.4119	0.25135	0.26872	0.02591
V378	0.08159	0.45148	0.22589	0.12566	0.11538
V379	0	0.17695	0.08412	0.26939	0.46955
V380	0	0.16081	0.15897	0.53166	0.14857
V381	0.08141	0.20058	0	0.2315	0.48651
V382	0.31069	0.12079	0.01025	0.37704	0.18123
V383	0	0.13037	0.2404	0.61212	0.01712
V384	0.19997	0.15215	0.16152	0.4351	0.05126
V385	0.02953	0.23097	0.00398	0.23746	0.49806
V386	0.53994	0.10048	0.01289	0.32849	0.01819
V387	0.18943	0.11616	0.0212	0.63175	0.04145
V388	0.01774	0.62059	0.14184	0.18858	0.03125
V389	0.08044	0.57646	0.11627	0.16164	0.06518
V390	0.11614	0.11047	0.01545	0.67351	0.08443
V391	0.6001	0.18917	0.01972	0.13466	0.05635
V392	0.83667	0.11643	0.00795	0.02861	0.01034
V393	0.0518	0.1448	0.14256	0.54669	0.11415
V394	0.58201	0.11302	0.02959	0.20435	0.07103
V395	0	0.13282	0.31422	0.53496	0.018
V396	0.44495	0.15813	0.37098	0.01514	0.01079
V397	0.55282	0.18425	0.05426	0.16796	0.04072
V398	0.02128	0.12284	0.15709	0.62996	0.06884
V399	0	0.16961	0	0.42145	0.40895
V400	0.11158	0.42078	0.21162	0.23401	0.02201
V401	0.23851	0.16756	0.535	0.05344	0.00548
V402	0.27187	0.16877	0.38355	0.11815	0.05766
V403	0.08818	0.20307	0	0.31383	0.39491
V404	0	0.1748	0.39598	0.39164	0.03758
V405	0.25263	0.2657	0.10546	0.29603	0.08019
V406	0	0.21964	0.75269	0.01626	0.0114
V407	0.76176	0.12348	0.03871	0.06584	0.01021
V408	0	0.35108	0.05143	0.37998	0.2175
V409	0.06032	0.11817	0.06942	0.66894	0.08315
V410	0.06473	0.24815	0.28682	0.17305	0.22725
V411	0	0.16424	0	0.26066	0.5751
V412	0	0.24993	0.12241	0.2177	0.40995
V413	0	0.27395	0.16967	0.43008	0.1263
V414	0.00166	0.18189	0.00763	0.55485	0.25398
V415	0.09551	0.16693	0	0.23213	0.50543
V416	0.05107	0.21247	0.024	0.32195	0.39052
V417	0	0.1898	0.60891	0.15838	0.04291
V418	0.46306	0.33426	0.0714	0.09201	0.03929
V419	0.16745	0.16903	0.01694	0.28645	0.36013
V420	0.15335	0.16666	0.08892	0.2215	0.36956
V421	0	0.17427	0.09795	0.24776	0.48002
V422	0	0.11682	0.0508	0.71434	0.11804
V423	0.2026	0.23994	0.27437	0.24906	0.03403
V424	0	0.18671	0.3953	0.13554	0.28245
V425	0.25981	0.34503	0.04513	0.15637	0.19365
V426	0.16374	0.21424	0.05333	0.49579	0.07291
V427	0.15198	0.49539	0.22518	0.09942	0.02804
V428	0.05186	0.50096	0.15557	0.21248	0.07913
V429	0.08266	0.58124	0.10454	0.18903	0.04253
V430	0	0.18311	0.3353	0.27681	0.20478
V431	0.0655	0.33696	0.22764	0.31916	0.05075
V432	0.21214	0.16636	0.13077	0.38964	0.1011
V433	0.12461	0.16577	0.43447	0.24758	0.02756
V434	0.16833	0.30667	0.36631	0.09279	0.0659
V435	0.43784	0.16423	0.32547	0.05909	0.01336
V436	0.02075	0.48088	0.16883	0.187	0.14254
V437	0.12194	0.1689	0.02505	0.32777	0.35633
V438	0.08107	0.30096	0.22045	0.34145	0.05607
V439	0.49171	0.09864	0.05386	0.32708	0.0287
V440	0	0.36347	0.50886	0.08375	0.04391
V441	0	0.45489	0.41298	0.11151	0.02063
V442	0.0247	0.68649	0.13261	0.12941	0.02679
V443	0.82735	0.0951	0.00409	0.06318	0.01028
V444	0.10375	0.35735	0.09252	0.40133	0.04504
V445	0.02688	0.34531	0.09785	0.49666	0.0333
V446	0.0625	0.143	0.103	0.58103	0.11047
V447	0.02228	0.13907	0.01156	0.54523	0.28186
V448	0.09822	0.17451	0.00775	0.2396	0.47992
V449	0	0.21186	0.77842	0.00973	0
V450	0.13153	0.20813	0.22823	0.23996	0.19216
V451	0.19337	0.22974	0.09215	0.39705	0.08768
V452	0	0.1155	0.14896	0.69013	0.04541
V453	0	0.13547	0	0.55648	0.30805
V454	0	0.1982	0.54468	0.10394	0.15318
V455	0.0143	0.29923	0.26678	0.18175	0.23794
V456	0.8187	0.10142	0	0.04866	0.03122
V457	0.55608	0.22472	0.06212	0.11677	0.04032
V458	0	0.36224	0.47326	0.12568	0.03883
V459	0.0829	0.16243	0.06485	0.5318	0.15802
V460	0.55034	0.14349	0.18381	0.09698	0.02538
V461	0.12201	0.32443	0.25273	0.13897	0.16185
V462	0.01074	0.17331	0.02428	0.57574	0.21593
V463	0.14558	0.13706	0.03416	0.65297	0.03024
V464	0.10502	0.27588	0.5537	0.05294	0.01246
V465	0	0.23032	0.01072	0.25491	0.50405
V466	0	0.15756	0	0.31518	0.52726
V467	0.01989	0.25694	0.06054	0.5842	0.07843
V468	0.46731	0.28964	0.14104	0.06526	0.03674
V469	0	0.31919	0.09358	0.38387	0.20335
V470	0.70789	0.12957	0.03542	0.11013	0.01699
V471	0.29521	0.28486	0.06802	0.24321	0.1087
V472	0	0.18774	0.02345	0.24493	0.54387
V473	0	0.26319	0.23853	0.37954	0.11874
V474	0.20694	0.18812	0.08729	0.46805	0.04959
V475	0.0971	0.19989	0.48662	0.10283	0.11356
V476	0.09875	0.13706	0.10598	0.59962	0.05858
V477	0.01577	0.69259	0.13379	0.13082	0.02703
V478	0.10665	0.17131	0	0.22832	0.49372
V479	0.70844	0.13049	0.04215	0.10222	0.0167
V480	0.09272	0.49742	0.13984	0.22464	0.04538
V481	0.17159	0.33206	0.11111	0.28127	0.10398
V482	0.06979	0.5296	0.26572	0.10271	0.03218
V483	0.24714	0.41778	0.06831	0.21099	0.05579
V484	0.15786	0.40973	0.17795	0.22195	0.03251
V485	0.53476	0.15584	0.11906	0.16202	0.02833
V486	0.01216	0.23112	0.25671	0.16891	0.3311
V487	0.07647	0.21764	0.36261	0.3237	0.01958
V488	0.30688	0.15481	0.01451	0.40327	0.12052
V489	0	0.29459	0.56762	0.11925	0.01855
V490	0	0.18274	0.59196	0.2138	0.0115
V491	0	0.40994	0.10163	0.25295	0.23548
V492	0	0.18392	0.05574	0.72033	0.04001
V493	0	0.08664	0.0169	0.86568	0.03078
V494	0.23288	0.10751	0.03093	0.5567	0.07198
V495	0.23543	0.25187	0.21981	0.23732	0.05557
V496	0.07114	0.19608	0.04182	0.22126	0.46969
V497	0.04388	0.19284	0.12875	0.2693	0.36523
V498	0.04032	0.64445	0.13664	0.13601	0.04259
V499	0	0.29723	0.24823	0.20378	0.25076
V500	0.0642	0.39827	0.16864	0.30946	0.05943
V501	0.02465	0.34728	0.04476	0.21316	0.37015
V502	0.0923	0.5935	0.14356	0.1462	0.02445
V503	0.32757	0.14799	0.18734	0.21827	0.11883
V504	0.37782	0.24292	0.03046	0.14489	0.2039
V505	0.49647	0.1248	0.0273	0.18163	0.16979
V506	0	0.44643	0.12281	0.17944	0.25133
V507	0.71168	0.09712	0.03411	0.12575	0.03134
V508	0	0.50498	0.2728	0.15215	0.07007
V509	0.01371	0.39437	0.18573	0.30047	0.10572
V510	0.33253	0.39461	0.10919	0.13569	0.02798
V511	0.01667	0.34354	0.4718	0.11268	0.0553
V512	0.09553	0.39998	0.21579	0.16826	0.12045
V513	0.12132	0.51455	0.15776	0.16052	0.04585
V514	0	0.17569	0.1815	0.22294	0.41986
V515	0.03281	0.17192	0.02598	0.74368	0.02561
V516	0.10486	0.3198	0.15416	0.38857	0.03261
V517	0	0.11578	0.05889	0.79704	0.0283
V518	0.30257	0.14713	0.28953	0.22525	0.03551
V519	0.66593	0.1309	0.01612	0.16891	0.01814
V520	0.03724	0.62765	0.12866	0.18024	0.02621
V521	0.13811	0.11536	0.13519	0.5845	0.02684
V522	0.003	0.27963	0.49156	0.18782	0.03799
V523	0.09037	0.21509	0.61416	0.07112	0.00925
V524	0.25072	0.18257	0.47976	0.03917	0.04778
V525	0	0.27525	0.03958	0.23378	0.45139
V526	0	0.22555	0.70111	0.04852	0.02482
V527	0.03679	0.42202	0.41669	0.0939	0.0306
V528	0.09494	0.09942	0.03269	0.74887	0.02407
V529	0.14408	0.2021	0.61034	0.02933	0.01416
V530	0	0.21143	0.7004	0.07024	0.01793
V531	0.11951	0.43175	0.15071	0.15295	0.14509
V532	0.01459	0.31895	0.28634	0.14489	0.23522
V533	0.18679	0.16286	0	0.21056	0.43978
V534	0.07539	0.14002	0.01831	0.72557	0.04071
V535	0.71928	0.17218	0.06238	0.03015	0.01602
V536	0.06572	0.27155	0.34459	0.14556	0.17258
V537	0	0.18453	0	0.25248	0.56299
V538	0.50336	0.18417	0.01908	0.13392	0.15947
V539	0	0.25756	0.53695	0.15284	0.05266
V540	0.10804	0.40584	0.14476	0.18447	0.15689
V541	0	0.38624	0.06534	0.21944	0.32898
V542	0.00198	0.31193	0.15114	0.47663	0.05832
V543	0.01571	0.24997	0.5585	0.10681	0.06902
V544	0.24597	0.24975	0.18591	0.17483	0.14355
V545	0.5553	0.31003	0.05389	0.06589	0.01488
V546	0.03079	0.58968	0.18036	0.13475	0.06442
V547	0.05502	0.57927	0.10201	0.22164	0.04206
V548	0	0.12423	0.02361	0.82265	0.0295
V549	0	0.15819	0.00617	0.355	0.48064
V550	0.0052	0.63493	0.20025	0.12902	0.03059
V551	0	0.08431	0.00988	0.88041	0.0254
V552	0.14426	0.1737	0.01219	0.23967	0.43018
V553	0.64663	0.10629	0.0225	0.18221	0.04237
V554	0.05127	0.18582	0.41132	0.32771	0.02388
V555	0.01454	0.6795	0.12932	0.13278	0.04387
V556	0.03549	0.14087	0.06856	0.69955	0.05553
V557	0.22471	0.24896	0.07648	0.39443	0.05542
V558	0	0.19342	0.61932	0.16674	0.02052
V559	0.0519	0.39444	0.43987	0.07953	0.03425
V560	0.53879	0.25117	0.1546	0.0434	0.01202
V561	0.58622	0.12131	0.12679	0.06901	0.09667
V562	0.06485	0.20046	0.14224	0.25331	0.33915
V563	0.14182	0.29026	0.21721	0.21611	0.1346
V564	0.2478	0.14165	0.06768	0.40109	0.14178
V565	0	0.16794	0	0.27815	0.55391
V566	0.20855	0.20487	0.05285	0.39569	0.13804
V567	0	0.21196	0.77071	0.01223	0.0051
V568	0	0.2704	0.38555	0.32965	0.0144
V569	0.50242	0.17003	0.11558	0.17195	0.04002
V570	0.0746	0.15397	0.25354	0.45833	0.05955
V571	0.17654	0.14548	0.21419	0.371	0.09279
V572	0.72655	0.10667	0	0.06285	0.10393
V573	0.02691	0.19075	0.29742	0.40404	0.08088
V574	0.41306	0.27517	0.11306	0.1637	0.03501
V575	0.26407	0.16763	0.11383	0.1914	0.26306
V576	0.00967	0.65334	0.12339	0.14617	0.06742
V577	0.33264	0.39317	0.10225	0.14395	0.02798
V578	0	0.24887	0.44047	0.26553	0.04513
V579	0	0.43519	0.34871	0.12865	0.08744
V580	0.15389	0.41789	0.08879	0.29883	0.0406
V581	0.0112	0.42055	0.39301	0.15483	0.02042
V582	0	0.2244	0.75463	0.02097	0
V583	0.49954	0.1434	0.3099	0.0405	0.00667
V584	0.15599	0.41455	0.16566	0.15384	0.10996
V585	0.01311	0.57849	0.16199	0.18234	0.06406
V586	0.00068	0.59501	0.25699	0.12482	0.0225
V587	0.01811	0.53427	0.09224	0.18399	0.17139
V588	0.16601	0.3676	0.37981	0.06655	0.02002
V589	0.0539	0.34082	0.10488	0.4613	0.03909
V590	0.0155	0.59457	0.09783	0.16184	0.13025
V591	0.38395	0.39687	0.10003	0.09256	0.02659
V592	0	0.19704	0.60665	0.09084	0.10547
V593	0.30855	0.10764	0.01757	0.51002	0.05623
V594	0	0.2391	0.53302	0.18705	0.04083
V595	0.39671	0.13572	0.07717	0.34402	0.04638
V596	0.34631	0.23098	0.21116	0.17821	0.03334
V597	0	0.26452	0.01797	0.30151	0.41599
V598	0.47253	0.13406	0.00259	0.13274	0.25808
V599	0.03271	0.34378	0.14349	0.43655	0.04348
V600	0.18868	0.14452	0.17245	0.40587	0.08848
V601	0.08568	0.17997	0.02247	0.53491	0.17698
V602	0.73759	0.19063	0.01874	0.04048	0.01257
V603	0.07442	0.2355	0.04021	0.30068	0.34919
V604	0	0.19927	0.56326	0.15327	0.0842
V605	0	0.20799	0.11163	0.25769	0.42269
V606	0.72483	0.10251	0	0.06385	0.10881
V607	0.09699	0.23035	0.02293	0.22151	0.42822
V608	0.61846	0.12064	0.03665	0.13916	0.08509
V609	0.12464	0.2857	0.06037	0.45596	0.07333
V610	0.04897	0.49163	0.09567	0.33326	0.03047
V611	0.19456	0.18949	0.51301	0.05992	0.04303
V612	0.2743	0.18162	0.28129	0.10978	0.153
V613	0.33526	0.41547	0.10577	0.12055	0.02295
V614	0.41611	0.14861	0.02344	0.19345	0.21838
V615	0	0.1706	0.13195	0.58365	0.11379
V616	0.52926	0.11701	0.14104	0.17461	0.03808
V617	0.14581	0.20406	0.39897	0.15845	0.09271
V618	0.60036	0.16717	0.07361	0.07483	0.08403
V619	0.42161	0.1647	0.14384	0.10648	0.16337
V620	0	0.157	0.31006	0.51305	0.01989
V621	0.07849	0.29135	0.2807	0.13633	0.21313
V622	0	0.28661	0.31274	0.15089	0.24977
V623	0.02381	0.11688	0.01142	0.70915	0.13875
V624	0.78105	0.09997	0.00209	0.05876	0.05813
V625	0	0.13633	0.10125	0.73635	0.02608
V626	0.02106	0.18359	0.45836	0.30957	0.02741
V627	0.05161	0.25786	0.12076	0.21053	0.35923
V628	0.82873	0.10547	0.00602	0.04958	0.0102
V629	0.06911	0.30476	0.54368	0.06807	0.01437
V630	0	0.26421	0.02871	0.24318	0.4639
V631	0	0.18135	0.22206	0.19318	0.40341
V632	0.01466	0.58398	0.1034	0.17984	0.11812
V633	0.01299	0.13711	0.08659	0.56795	0.19535
V634	0.32813	0.3724	0.19384	0.08499	0.02064
V635	0	0.23817	0.16815	0.20807	0.38562
V636	0.12574	0.24281	0.29146	0.2535	0.08648
V637	0.13453	0.16659	0.34845	0.28254	0.06789
V638	0.03307	0.40962	0.07829	0.23928	0.23973
V639	0.44172	0.34108	0.12349	0.07058	0.02313
V640	0.05751	0.2522	0.09904	0.34795	0.2433
V641	0.06186	0.53328	0.11608	0.24726	0.04152
V642	0.61077	0.11492	0.01477	0.24467	0.01488
V643	0.01666	0.63688	0.17665	0.14465	0.02517
V644	0.00938	0.35702	0.08261	0.50615	0.04485
V645	0.11618	0.54879	0.11468	0.19492	0.02543
V646	0.08802	0.41921	0.10119	0.3248	0.06677
V647	0.81277	0.09463	0.00423	0.07841	0.00996
V648	0.32819	0.17837	0.0261	0.34752	0.11982
V649	0.18243	0.20585	0.08408	0.2517	0.27593
V650	0	0.09664	0.06297	0.81757	0.02282
V651	0.09147	0.22011	0.03622	0.62766	0.02454
V652	0.26231	0.10863	0.04865	0.54562	0.0348
V653	0.24523	0.11954	0.06433	0.5211	0.0498
V654	0	0.20977	0	0.28349	0.50674
V655	0.09244	0.16959	0.27416	0.44121	0.02259
V656	0.05368	0.17006	0	0.30057	0.4757
V657	0.00087	0.39891	0.09563	0.41346	0.09114
V658	0	0.13875	0.03443	0.64237	0.18444
V659	0	0.11797	0.07949	0.74189	0.06064
V660	0.01689	0.35085	0.05602	0.22921	0.34702
V661	0.01076	0.50003	0.099	0.29753	0.09268
V662	0	0.4051	0.06858	0.1976	0.32872
V663	0.87265	0.09752	0.00284	0.01705	0.00994
V664	0	0.14271	0.10299	0.47781	0.27649
V665	0	0.49632	0.27247	0.18415	0.04706
V666	0.05814	0.63735	0.15192	0.12733	0.02526
V667	0	0.44818	0.30574	0.19485	0.05122
V668	0.52856	0.24252	0.08092	0.11742	0.03058
V669	0.36436	0.28955	0.07016	0.18597	0.08996
V670	0.05098	0.4952	0.12479	0.17878	0.15025
V671	0.64066	0.11806	0.17673	0.05236	0.01219
V672	0.04331	0.18902	0.09097	0.40845	0.26825
V673	0	0.1676	0	0.3129	0.5195
V674	0.27556	0.21229	0.43859	0.03957	0.03398
V675	0.55238	0.11296	0.04257	0.20497	0.08711
V676	0.17749	0.22431	0.43329	0.06891	0.09598
V677	0.0046	0.28486	0.23267	0.42188	0.056
V678	0.00542	0.34163	0.04328	0.23174	0.37794
V679	0	0.15322	0.37976	0.44944	0.01758
V680	0.1034	0.14363	0.01989	0.44918	0.2839
V681	0.39741	0.13033	0.05362	0.34098	0.07766
V682	0	0.21186	0.77842	0.00973	0
V683	0.01961	0.29075	0.53955	0.06912	0.08097
V684	0.01602	0.10017	0.01901	0.83874	0.02605
V685	0	0.20106	0.67381	0.11684	0.0083
V686	0.22087	0.47001	0.14919	0.12588	0.03405
V687	0	0.15891	0.47248	0.34924	0.01937
V688	0	0.20924	0.75719	0.02309	0.01047
V689	0.36818	0.16805	0.18187	0.18042	0.10148
V690	0.06734	0.62713	0.12682	0.14765	0.03106
V691	0.08681	0.184	0.07159	0.6135	0.0441
V692	0.02517	0.12063	0.02513	0.74803	0.08104
V693	0	0.43187	0.445	0.10435	0.01878
V694	0.04442	0.22133	0.06942	0.59892	0.06592
V695	0.06614	0.23851	0.1406	0.19938	0.35536
V696	0.06711	0.19812	0.604	0.05573	0.07504
V697	0.04881	0.21092	0.28621	0.37287	0.08118
V698	0	0.18638	0.14143	0.21567	0.45651
V699	0	0.12805	0.05054	0.67146	0.14995
V700	0.02273	0.60704	0.17631	0.12902	0.06491
V701	0	0.26402	0.02006	0.23927	0.47665
V702	0	0.17416	0.02604	0.68547	0.11433
V703	0	0.10122	0.03423	0.83477	0.02978
V704	0	0.22121	0.32928	0.16384	0.28567
V705	0.81992	0.10652	0	0.042	0.03156
V706	0.09414	0.21251	0.1689	0.45715	0.06729
V707	0.08385	0.21392	0.08325	0.37658	0.2424
V708	0	0.47842	0.41678	0.08945	0.01535
V709	0	0.17799	0.01152	0.24956	0.56092
V710	0.06329	0.20389	0.39989	0.11772	0.2152
V711	0.00451	0.17927	0.00334	0.2637	0.54918
V712	0.01267	0.19596	0.56764	0.20489	0.01884
V713	0.18442	0.37155	0.34314	0.0846	0.01629
V714	0	0.17647	0	0.25393	0.5696
V715	0	0.31594	0.52074	0.14832	0.015
V716	0.62974	0.20393	0.03812	0.09911	0.0291
V717	0.29522	0.23529	0.13165	0.15052	0.18732
V718	0.55322	0.13345	0.24154	0.03322	0.03857
V719	0.30006	0.26122	0.12958	0.20905	0.10008
V720	0.06304	0.20013	0.0774	0.23466	0.42477
V721	0	0.17742	0.02844	0.25742	0.53672
V722	0	0.25304	0.08659	0.53602	0.12435
V723	0.06082	0.2411	0.13911	0.52242	0.03656
V724	0.08398	0.49055	0.12653	0.26905	0.02989
V725	0	0.17347	0	0.25402	0.5725
V726	0.15834	0.40988	0.11707	0.1859	0.12881
V727	0	0.21112	0.755	0.0231	0.01078
V728	0.65172	0.12211	0.11639	0.09611	0.01367
V729	0.48894	0.16479	0.04748	0.27517	0.02361
V730	0.06233	0.16718	0.32303	0.39468	0.05277
V731	0	0.10145	0.06444	0.81189	0.02221
V732	0	0.08571	0.01708	0.87217	0.02504
V733	0	0.22742	0.74241	0.01797	0.0122
V734	0.38827	0.18857	0.32439	0.07799	0.02078
V735	0.01989	0.26641	0.20524	0.19309	0.31537
V736	0	0.18898	0	0.25145	0.55956
V737	0.8661	0.10208	0.00391	0.01779	0.01012
V738	0	0.41114	0.06314	0.20372	0.322
V739	0	0.09611	0.01196	0.86651	0.02543
V740	0.14145	0.21388	0.10249	0.19595	0.34623
V741	0.385	0.12378	0.01439	0.3708	0.10603
V742	0.02095	0.19489	0.43887	0.23207	0.11321
V743	0	0.19706	0.06194	0.29902	0.44198
V744	0.12654	0.16116	0.16646	0.50013	0.0457
V745	0.10652	0.11902	0.05912	0.68601	0.02932
V746	0.29417	0.43451	0.1092	0.11198	0.05014
V747	0	0.22503	0.72769	0.02891	0.01836
V748	0.09826	0.27881	0.26543	0.17821	0.17928
V749	0.12103	0.18676	0.13039	0.45888	0.10294
V750	0.65719	0.20671	0.03209	0.09078	0.01324
V751	0	0.37738	0.52267	0.08332	0.01662
V752	0	0.24083	0.02214	0.24189	0.49514
V753	0.42054	0.1688	0.22788	0.09344	0.08934
V754	0.07129	0.28776	0.05638	0.55587	0.02869
V755	0.19038	0.53891	0.13133	0.10934	0.03005
V756	0	0.22685	0.02048	0.27539	0.47728
V757	0.11315	0.10981	0.10281	0.64622	0.028
V758	0.02977	0.35464	0.06196	0.52406	0.02957
V759	0.03311	0.20226	0.0818	0.21846	0.46437
V760	0.02704	0.18109	0.18675	0.35344	0.25167
V761	0.01378	0.32842	0.59266	0.05242	0.01272
V762	0	0.16493	0.15485	0.45945	0.22076
V763	0	0.31627	0.02676	0.22342	0.43355
V764	0.0631	0.14686	0.09542	0.66189	0.03272
V765	0.10704	0.19876	0.52886	0.09841	0.06694
V766	0.02945	0.41969	0.27952	0.16339	0.10795
V767	0.20424	0.39549	0.12166	0.16918	0.10943
V768	0.02619	0.61731	0.15623	0.16963	0.03064
V769	0.63297	0.12597	0.16887	0.03409	0.0381
V770	0.22125	0.15895	0.42313	0.17983	0.01685
V771	0.03184	0.54776	0.10018	0.22674	0.09348
V772	0	0.22707	0.75051	0.02135	0.00107
V773	0	0.15683	0	0.35777	0.48539
V774	0.09397	0.19112	0.44393	0.09641	0.17457
V775	0.78243	0.09698	0.01804	0.08176	0.02079
V776	0.27607	0.36346	0.20146	0.11728	0.04173
V777	0.14666	0.34614	0.26567	0.19091	0.05063
V778	0.40913	0.14996	0.02449	0.29041	0.12601
V779	0.02255	0.39447	0.47751	0.08225	0.02321
V780	0	0.2108	0.77098	0.01822	0
V781	0.11588	0.32838	0.19461	0.14497	0.21617
V782	0.16297	0.2899	0.04506	0.18978	0.31229
V783	0	0.19123	0.50425	0.11779	0.18673
V784	0	0.47564	0.08103	0.36219	0.08115
V785	0.59871	0.17746	0.01778	0.15487	0.05118
V786	0.10864	0.22035	0.04903	0.5827	0.03928
V787	0.09204	0.46054	0.07987	0.29861	0.06895
V788	0.29675	0.3623	0.1179	0.11584	0.1072
V789	0	0.2167	0.02324	0.49693	0.26313
V790	0.20388	0.2668	0.08736	0.24084	0.20113
V791	0.11873	0.26502	0.0965	0.30943	0.21033
V792	0.82832	0.10976	0.01952	0.02221	0.02018
V793	0.24474	0.2834	0.08559	0.21618	0.17009
V794	0	0.1738	0.08263	0.33936	0.40422
V795	0.09336	0.61374	0.12474	0.13088	0.03729
V796	0.21888	0.34781	0.15573	0.23459	0.04299
V797	0.07684	0.1643	0	0.24818	0.51068
V798	0.08547	0.42711	0.07129	0.23238	0.18376
V799	0	0.20103	0.07376	0.66899	0.05622
V800	0	0.17235	0	0.32487	0.50278
V801	0.27349	0.12206	0.12348	0.43841	0.04256
V802	0	0.28152	0.02465	0.23666	0.45716
V803	0.21609	0.12164	0.02284	0.59834	0.04109
V804	0.13111	0.22138	0.20244	0.3948	0.05027
V805	0.08526	0.23559	0.37938	0.22603	0.07375
V806	0.3569	0.15225	0.17656	0.15881	0.15549
V807	0.59211	0.11978	0.06117	0.11722	0.10972
V808	0.71207	0.11312	0.04573	0.05237	0.07671
V809	0.14559	0.47417	0.10038	0.16677	0.11309
V810	0	0.16724	0.04381	0.53823	0.25071
V811	0.00287	0.22592	0.02236	0.30697	0.44188
V812	0	0.51145	0.26036	0.18601	0.04217
V813	0	0.29577	0.20983	0.17334	0.32105
V814	0.14351	0.42755	0.13627	0.2538	0.03887
V815	0.17823	0.50715	0.11979	0.16437	0.03046
V816	0	0.40195	0.07716	0.47542	0.04546
V817	0.67509	0.13	0.14091	0.04654	0.00746
V818	0	0.29122	0.31915	0.16577	0.22386
V819	0.82121	0.10643	0.013	0.04937	0.01
V820	0.03002	0.32316	0.16284	0.44149	0.04248
V821	0	0.16465	0	0.25478	0.58057
V822	0.12313	0.10888	0.02786	0.7153	0.02483
V823	0	0.23418	0.1982	0.18683	0.38079
V824	0.01496	0.19981	0.00889	0.24446	0.53187
V825	0.08696	0.17858	0.52991	0.19556	0.00899
V826	0	0.21689	0.74534	0.03684	0.00093
V827	0.25563	0.19678	0.02618	0.43271	0.08871
V828	0.1676	0.23711	0.11492	0.21087	0.2695
V829	0.0371	0.21645	0.26978	0.27573	0.20093
V830	0.08777	0.19921	0.56159	0.07514	0.07628
V831	0.00097	0.54604	0.1452	0.26629	0.04149
V832	0.13928	0.14731	0.06443	0.36378	0.28519
V833	0.14743	0.56837	0.1078	0.12354	0.05286
V834	0.62667	0.1852	0.05285	0.08196	0.05333
V835	0.17837	0.28099	0.1261	0.33995	0.0746
V836	0.27271	0.18568	0.38793	0.13477	0.01891
V837	0.00821	0.61417	0.12194	0.17776	0.07792
V838	0	0.093	0.07687	0.80341	0.02672
V839	0	0.19898	0.0557	0.23263	0.51269
V840	0.80485	0.10462	0.02574	0.05017	0.01462
V841	0.15472	0.19571	0.61647	0.02457	0.00853
V842	0.397	0.15078	0.1913	0.23336	0.02757
V843	0.34542	0.14719	0.13616	0.18167	0.18956
V844	0	0.27908	0.63772	0.06138	0.02181
V845	0	0.12054	0	0.66457	0.21489
V846	0.05434	0.1984	0.08655	0.25327	0.40744
V847	0.13875	0.16276	0.04482	0.29257	0.36111
V848	0.60768	0.12965	0.01067	0.15491	0.09709
V849	0.0799	0.21964	0.57971	0.05596	0.06479
V850	0.13637	0.18251	0.25384	0.2484	0.17888
V851	0.86369	0.09497	0	0.0263	0.01504
V852	0.16336	0.18551	0.08159	0.30379	0.26575
V853	0	0.24761	0.50385	0.18938	0.05917
V854	0.00303	0.35434	0.25963	0.2036	0.17939
V855	0.05965	0.33966	0.13886	0.38557	0.07626
V856	0.10386	0.37287	0.09879	0.16832	0.25616
V857	0.03168	0.16708	0.1587	0.47487	0.16767
V858	0	0.33402	0.21052	0.31082	0.14464
V859	0.07946	0.11221	0.03368	0.72934	0.04532
V860	0.00343	0.19433	0.08724	0.65398	0.06102
V861	0.0877	0.12958	0.1311	0.6258	0.02583
V862	0.01636	0.17572	0.00667	0.30821	0.49304
V863	0.01379	0.66836	0.13438	0.13956	0.04392
V864	0	0.20506	0.71368	0.07916	0.0021
V865	0.03096	0.1796	0.52075	0.25945	0.00923
V866	0	0.20291	0.51804	0.25385	0.0252
V867	0.46399	0.14997	0.00626	0.13249	0.2473
V868	0.1558	0.26926	0.37726	0.16811	0.02958
V869	0	0.16972	0.0018	0.25981	0.56867
V870	0.19169	0.22599	0.10094	0.33269	0.14869
V871	0	0.20252	0.08689	0.2846	0.42599
V872	0.28394	0.12989	0.03009	0.50015	0.05593
V873	0.01899	0.30697	0.18139	0.42947	0.06317
V874	0.0356	0.20338	0	0.24722	0.5138
V875	0	0.2205	0.0449	0.55572	0.17888
V876	0.36719	0.1765	0.06193	0.15345	0.24093
V877	0.17391	0.47401	0.12224	0.19473	0.03511
V878	6e-04	0.51385	0.12926	0.32087	0.03541
V879	0.79282	0.12132	0.0162	0.05358	0.01607
V880	0.03718	0.17954	0.03939	0.51089	0.233
V881	0	0.19107	0.43105	0.12365	0.25424
V882	0.01091	0.3762	0.082	0.50708	0.02381
V883	0.39736	0.21165	0.03922	0.26217	0.0896
V884	0	0.15867	0	0.26164	0.5797
V885	0.09894	0.20758	0.33384	0.20472	0.15492
V886	0	0.14833	0.01518	0.39228	0.44421
V887	0.05868	0.63996	0.121	0.13133	0.04903
V888	0.01968	0.16966	0.0736	0.67617	0.06089
V889	0.08101	0.59559	0.14337	0.14391	0.03612
V890	0	0.13191	0.13342	0.6418	0.09288
V891	0	0.22395	0.74719	0.02886	0
V892	0.49345	0.25196	0.04983	0.09871	0.10605
V893	0.08618	0.26718	0.45011	0.1424	0.05413
V894	0.059	0.41346	0.11636	0.35484	0.05634
V895	0.56446	0.12926	0.25041	0.04336	0.0125
V896	0.14054	0.25041	0.24257	0.3422	0.02427
V897	0	0.09877	0.04128	0.75897	0.10098
V898	0.29461	0.15386	0.00857	0.19972	0.34324
V899	0.48046	0.29083	0.11865	0.06831	0.04176
V900	0.17436	0.26368	0.27327	0.254	0.03469
V901	0.54519	0.13555	0.01586	0.23553	0.06788
V902	0.7224	0.12865	0.02563	0.08117	0.04214
V903	0.19235	0.15496	0.08907	0.51446	0.04916
V904	0.62003	0.16965	0.1562	0.02996	0.02416
V905	0	0.30726	0.10214	0.42412	0.16648
V906	0.08683	0.2032	0.38987	0.1669	0.1532
V907	0.59241	0.17075	0.07778	0.11534	0.04373
V908	0	0.30071	0.093	0.546	0.06029
V909	0	0.16441	0.03457	0.72697	0.07405
V910	0.5614	0.202	0.03473	0.13441	0.06746
V911	0	0.32181	0.46855	0.09705	0.11258
V912	0	0.19219	0.13111	0.25361	0.42308
V913	0.08862	0.12718	0.08062	0.64399	0.05959
V914	0.63781	0.12138	0.01958	0.17301	0.04822
V915	0.13228	0.26386	0.06619	0.1951	0.34258
V916	0.65728	0.12875	0.10832	0.0511	0.05455
V917	0.34843	0.16557	0.00046	0.17923	0.30631
V918	0.46844	0.20664	0.21636	0.08049	0.02807
V919	0.3243	0.20247	0.03999	0.34649	0.08675
V920	0.12201	0.11863	0.12066	0.61187	0.02684
V921	0.12959	0.26853	0.12545	0.17163	0.30481
V922	0	0.20791	0.56417	0.07907	0.14885
V923	0.09994	0.40815	0.08071	0.20528	0.20592
V924	0.40259	0.16844	0.01773	0.32137	0.08987
V925	0.08478	0.22597	0.41435	0.21502	0.05989
V926	0	0.18029	0	0.25851	0.56121
V927	0.4226	0.25582	0.13813	0.15513	0.02832
V928	0.06778	0.29379	0.22819	0.27418	0.13606
V929	0.01166	0.32104	0.02841	0.21998	0.4189
V930	0.02233	0.18576	0.04513	0.2338	0.51298
V931	0.38401	0.20659	0.02941	0.1764	0.20359
V932	0.00816	0.2085	0.056	0.43856	0.28877
V933	0.21655	0.13541	0.05293	0.37077	0.22434
V934	0.55774	0.16017	0.24198	0.03212	0.008
V935	0.45974	0.18759	0.13086	0.13353	0.08827
V936	0.22125	0.15499	0.12499	0.4516	0.04717
V937	0.0927	0.52626	0.18345	0.15207	0.04552
V938	0.05025	0.65154	0.14035	0.1321	0.02577
V939	0	0.13975	0.00327	0.46083	0.39616
V940	0.44503	0.17386	0.08831	0.14875	0.14405
V941	0	0.1977	0.12731	0.51808	0.15691
