cytotoxic.CD56.dim.NK.cell	memory.CD4.pos.AB.T.cell	memory.B.cell	CD14.pos.CD16.neg.classical.monocyte
V1	0.56135	0.0087	0.17396	0.25599
V2	0.1456	0.07795	0.05556	0.72089
V3	0.04878	0.64725	0.01338	0.2906
V4	0.86246	0.11854	0	0.01901
V5	0.10195	0.48525	0.2632	0.1496
V6	0.06806	0.89386	0.01912	0.01897
V7	0.13944	0.36234	0.08629	0.41193
V8	0.12462	0.03317	0.8143	0.0279
V9	0.23548	0.22963	0.03937	0.49552
V10	0.01875	0.03904	0.89712	0.04509
V11	0.20392	0.35675	0.434	0.00534
V12	0.02244	0.5999	0.36573	0.01193
V13	0.25426	0.7221	0.00496	0.01868
V14	0.06244	0.92481	0.00639	0.00636
V15	0.11115	0.62292	0.11991	0.14602
V16	0.91191	0.0449	0.01769	0.02551
V17	0.07764	0.89129	0.01207	0.019
V18	0.57475	0.35149	0.04086	0.0329
V19	0.1483	0.83417	0.00535	0.01218
V20	0.15957	0.47464	0.02077	0.34501
V21	0.12512	0.05761	0.78961	0.02766
V22	0.01561	0.07988	0.2238	0.68071
V23	0.37998	0.04532	0.56897	0.00573
V24	0.92564	0.04221	0.03112	0.00102
V25	0.35003	0.22535	0.13439	0.29024
V26	0.39435	0.39463	0.01839	0.19262
V27	0.0972	0.05107	0.02599	0.82573
V28	0.00377	0.08589	0.90853	0.00181
V29	0.43935	0.03006	0.50468	0.0259
V30	0.09337	0.19848	0.3001	0.40805
V31	0.19993	0.17437	0.31979	0.3059
V32	0.07859	0.02516	0.03862	0.85763
V33	0.03905	0.5057	0.36691	0.08833
V34	0.12465	0.04354	0.80408	0.02774
V35	0.15066	0.74681	0.07671	0.02582
V36	0.00693	0.03254	0.51128	0.44924
V37	0.56104	0.05862	0.09807	0.28227
V38	0.43122	0.00471	0.18093	0.38313
V39	0.15652	0.58699	0.13001	0.12648
V40	0.0912	0.8366	0.07143	0.00077
V41	0.00572	0.70148	0.04476	0.24804
V42	0.2211	0.02169	0.22536	0.53185
V43	0.12457	0.33444	0.51427	0.02671
V44	0.01388	0.06434	0.76901	0.15277
V45	0.08922	0.61045	0.2219	0.07843
V46	0.80225	0.07414	0.11817	0.00544
V47	0.45746	0.1767	0.32378	0.04206
V48	0.80304	0.17407	0.00436	0.01853
V49	0.7415	0.18625	0	0.07225
V50	0.05998	0.85712	0.07726	0.00563
V51	0.30809	0.40565	0.26021	0.02605
V52	0.02463	0.10669	0.84038	0.0283
V53	0.72626	0.12557	0.14752	0.00065
V54	0.42778	0.18185	0.37205	0.01833
V55	0.21266	0.10999	0.26127	0.41608
V56	0.04435	0.01369	0.1001	0.84185
V57	0.08795	0.8804	0.01955	0.0121
V58	0.65431	0.00769	0.04276	0.29524
V59	0.43626	0.41688	0.10532	0.04154
V60	0.12785	0.13222	0.35642	0.38351
V61	0.81963	0.09825	0.01015	0.07197
V62	0.88402	0.0389	0.0654	0.01169
V63	0.01384	0.85495	0.11247	0.01873
V64	0.00712	0.87707	0.00085	0.11495
V65	0.01598	0.00705	0.11947	0.85749
V66	0.20434	0.71999	0.0179	0.05778
V67	0.14782	0.32512	0.51521	0.01184
V68	0.15578	0.13715	0.02683	0.68025
V69	0.02218	0.30128	0.63315	0.0434
V70	0.56264	0.13702	0.1863	0.11404
V71	0.1606	0.05586	0.40849	0.37505
V72	0.59585	0.14503	0.09701	0.16211
V73	0.14342	0.6414	0.13757	0.0776
V74	0.05643	0.22503	0.7175	0.00104
V75	0.71815	0.00846	0.19291	0.08047
V76	0.00066	0.16303	0.19916	0.63715
V77	0.03556	0.29941	0.01206	0.65297
V78	0.31204	0.09832	0.20115	0.38849
V79	0.00718	0.0904	0.82393	0.07849
V80	0.34835	0.02191	0.5538	0.07594
V81	0.0546	0.15997	0.77912	0.00632
V82	0.00233	0.08673	0.90248	0.00846
V83	0.13154	0.16671	0.0808	0.62095
V84	0.40476	0.03505	0.1739	0.38629
V85	0.10299	0.305	0.4303	0.16172
V86	0.04401	0.05525	0.86447	0.03627
V87	0.02932	0.86285	0.05039	0.05744
V88	0.16327	0.04603	0.29494	0.49576
V89	0.01865	0.01357	0.228	0.73978
V90	0.02283	0.91364	0.05134	0.01219
V91	0.03	0.76287	0.18116	0.02597
V92	0.46068	0.02117	0.39671	0.12144
V93	0.89384	0.02018	0	0.08598
V94	0.01423	0.46588	0.02427	0.49562
V95	0.25551	0.44337	0.16233	0.13878
V96	0.07079	0.09676	0.03277	0.79969
V97	0.6896	0.10161	0.20358	0.00522
V98	0.67929	0.30865	0	0.01206
V99	0.80024	0.04962	0.14466	0.00548
V100	0.07484	0.04332	0.86081	0.02103
V101	0.02831	0.05663	0.01183	0.90323
V102	0.92394	0.05866	0.00492	0.01248
V103	0.01078	0.04601	0.10972	0.8335
V104	0.02613	0.96022	0.00699	0.00667
V105	0.05207	0.92809	0.01359	0.00625
V106	0.11211	0.52631	0.3272	0.03438
V107	0.18184	0.18684	0.58818	0.04314
V108	0.14186	0.76925	0.08816	0.00073
V109	0.01321	0.14058	0.6282	0.21801
V110	0.04911	0.8974	0.0346	0.01888
V111	0.91321	0.01345	0.06725	0.00609
V112	0.12504	0.04878	0.46601	0.36017
V113	0.18889	0.09073	0.19491	0.52547
V114	0.24776	0.03816	0.08956	0.62451
V115	0.00697	0.7714	0.21584	0.00579
V116	0.13771	0.30433	0.39578	0.16218
V117	0.68285	0.25196	0.0324	0.03279
V118	0.15601	0.60465	0.03521	0.20412
V119	0.11342	0.07079	0.0575	0.75828
V120	0.07516	0.07352	0.838	0.01332
V121	0.61777	0.11527	0.09644	0.17052
V122	0.95547	0.01935	0.01242	0.01276
V123	0.00606	0.53438	0.04802	0.41154
V124	0.65797	0.29369	0	0.04834
V125	0.38629	0.42232	0.17315	0.01824
V126	0.03711	0.14551	0.05842	0.75896
V127	0.16333	0.03776	0.28343	0.51548
V128	0.03259	0.01379	0.12985	0.82378
V129	0.59028	0.22412	0.16024	0.02535
V130	0.00688	0.67132	0.31602	0.00577
V131	0.02269	0.91196	0.00065	0.06471
V132	0.93864	0.01645	0.02602	0.01889
V133	0.91422	0.02414	0.04968	0.01197
V134	0.104	0.39978	0.13734	0.35887
V135	0.07747	0.01712	0.20227	0.70314
V136	0.24162	0.41276	0.01297	0.33265
V137	0.66229	0.03377	0.24709	0.05685
V138	0.20971	0.40962	0.18774	0.19293
V139	0.36286	0.19232	0.20943	0.23539
V140	0.02987	0.08932	0.06286	0.81795
V141	0.05973	0.1385	0.57953	0.22224
V142	0.78181	0.0192	0.19807	0.00091
V143	0.44388	0.25643	0.07108	0.22861
V144	0.16611	0.14116	0.18444	0.50829
V145	0.00094	0.77847	0.21468	0.00591
V146	0.06162	0.01648	0.04273	0.87916
V147	0.92191	0.02775	0.01763	0.0327
V148	0.12353	0.06375	0.61601	0.19672
V149	0.25583	0.52659	0.21238	0.00521
V150	0.08066	0.22985	0.61896	0.07053
V151	0.19825	0.65463	0.0339	0.11322
V152	0.22982	0.45647	0.22501	0.0887
V153	0.09716	0.78271	0.0185	0.10163
V154	0.23725	0.46515	0.27141	0.02619
V155	0.48706	0.13119	0.29511	0.08663
V156	0.03085	0.12701	0.72563	0.11651
V157	0.30872	0.14241	0.33563	0.21324
V158	0.02857	0.00467	0.05013	0.91662
V159	0.89054	0.06917	0	0.04029
V160	0.708	0.00886	0.06643	0.21671
V161	0.21708	0.00943	0.03915	0.73433
V162	0.06255	0.30553	0.08934	0.54257
V163	0.09089	0.50929	0.17603	0.2238
V164	0.34675	0.30767	0.11236	0.23322
V165	0.00981	0.28461	0.00652	0.69906
V166	0.00932	0.10085	0.08354	0.80629
V167	0.36182	0.00348	0.01226	0.62243
V168	0.27874	0.59304	0.07782	0.05039
V169	0.19193	0.04967	0.04581	0.71259
V170	0.10201	0.02289	0.55724	0.31786
V171	0.12483	0.2333	0.6068	0.03506
V172	0.71274	0.01664	0.2649	0.00572
V173	0.02757	0.14825	0.05011	0.77407
V174	0.01658	0.16644	0.08702	0.72995
V175	0.06052	0.02831	0.79843	0.11275
V176	0.00704	0.82881	0.15832	0.00583
V177	0.00997	0.97571	7e-04	0.01362
V178	0.00604	0.79659	0.00679	0.19057
V179	0.15845	0.01379	0.41197	0.41579
V180	0.02697	0.89938	0.07278	0.00087
V181	0.15948	0.11852	0.57375	0.14826
V182	0.30066	0.1715	0.47607	0.05177
V183	0.17014	0.81824	0.00566	0.00596
V184	0.9645	0.02115	0.01309	0.00125
V185	0.55745	0.42559	0.01141	0.00554
V186	0.11299	0.49622	0.27225	0.11854
V187	0.94545	0.02049	0.02775	0.00631
V188	0.05705	0.24579	0.00597	0.69118
V189	0.83006	0.02248	0.01734	0.13011
V190	0.65569	0.02335	0.31538	0.00558
V191	0.18203	0.19856	0.58466	0.03476
V192	0.30018	0.48218	0.0519	0.16574
V193	0.61571	0.03168	0.24216	0.11045
V194	0.03235	0.94224	0.00597	0.01944
V195	0.01403	0.05921	0.91806	0.00869
V196	0.01491	0.08953	0.0224	0.87316
V197	0.42477	0.04404	0.03042	0.50077
V198	0.05916	0.51592	0.3733	0.05162
V199	0.16474	0.02262	0.19556	0.61708
V200	0.12212	0.59261	0.0199	0.26537
V201	0.08995	0.57852	0.19401	0.13751
V202	0.01514	0.03283	0.79297	0.15906
V203	0.15731	0.43609	0.38787	0.01873
V204	0.00654	0.56409	0.0091	0.42027
V205	0.0189	0.07398	0.89275	0.01437
V206	0.04658	0.1062	0.84046	0.00677
V207	0.13107	0.18961	0.06134	0.61798
V208	0.24706	0.0707	0.67004	0.0122
V209	0.3004	0.48342	0.07009	0.14608
V210	0.07708	0.79537	0.08592	0.04163
V211	0.4329	0.01386	0.03956	0.51368
V212	0.5092	0.04299	0.42947	0.01834
V213	0.65475	0.02826	0.11324	0.20375
V214	0.33858	0.14923	0.1778	0.3344
V215	0.29662	0.09113	0.02433	0.58792
V216	0.04931	0.00366	0.04138	0.90565
V217	0.03892	0.50771	0.24148	0.21189
V218	0.09162	0.46083	0.17822	0.26933
V219	0.09917	0.66853	0.01251	0.21979
V220	0.00607	0.85424	0.00617	0.13352
V221	0.82147	0.01095	0.00512	0.16246
V222	0.3188	0.12305	0.389	0.16914
V223	0.00679	0.13482	0.78866	0.06974
V224	0.95273	0.01968	0.02639	0.0012
V225	0.05072	0.89137	0.05212	0.00579
V226	0.30451	0.0848	0.59875	0.01193
V227	0.78691	0.01273	0.18872	0.01164
V228	0.79217	0.06219	0.06477	0.08086
V229	0.01965	0.05022	0.90809	0.02204
V230	0.01981	0.04072	0.03912	0.90034
V231	0.01416	0.28262	0.12139	0.58183
V232	0.04018	0.68473	0.00189	0.2732
V233	0.5827	0.07955	0.20589	0.13185
V234	0.03198	0.92804	0.02763	0.01235
V235	0.37464	0.06157	0.53762	0.02617
V236	0.04142	0.07054	0.81843	0.06961
V237	0.16253	0.01054	0.042	0.78493
V238	0.12268	0.57225	0.2624	0.04267
V239	0.06217	0.42028	0.02347	0.49409
V240	0.49156	0.03969	0.42748	0.04127
V241	0.01778	0.03638	0.8848	0.06105
V242	0.11916	0.78375	0.08549	0.01159
V243	0.23543	0.04499	0.65121	0.06837
V244	0.19891	0.02377	0.70118	0.07615
V245	0.60489	0.29702	0.04903	0.04907
V246	0.05262	0.15147	0.77584	0.02007
V247	0.16378	0.04987	0.78515	0.0012
V248	0.02539	0.0393	0.06197	0.87334
V249	0.00157	0.05879	0.87845	0.0612
V250	0.76313	0.01502	0.21619	0.00567
V251	0.93368	0.05441	0.00549	0.00643
V252	0.00984	0.84844	0.14083	0.00089
V253	0.37139	0.06033	0.17591	0.39237
V254	0.00797	0.94016	0.04563	0.00625
V255	0.04056	0.92507	0.00055	0.03382
V256	0.17126	0.2047	0.54405	0.07999
V257	0.43257	0.08905	0.24927	0.22911
V258	0.17298	0.25711	0.44991	0.12
V259	0.03141	0.29107	0.64242	0.0351
V260	0.00152	0.29458	0.69741	0.00649
V261	0.63006	0.02993	0.20188	0.13813
V262	0.09633	0.05947	0.02548	0.81872
V263	0.01657	0.96285	0.00058	0.02001
V264	0.15869	0.03287	0.46218	0.34626
V265	0.03242	0.00646	0.15999	0.80113
V266	0.62538	0.36727	0.00648	0.00088
V267	0.00054	0.16843	0.30819	0.52285
V268	0.39001	0.02026	0.1532	0.43653
V269	0.00594	0.56742	0.38416	0.04248
V270	0.65284	0.0258	0.24769	0.07367
V271	0.81717	0.06209	0.03182	0.08892
V272	0.04793	0.84912	0.01184	0.09111
V273	0.05817	0.02653	0.04965	0.86565
V274	0.71055	0.00774	0.18398	0.09773
V275	0.0026	0.06495	0.92309	0.00936
V276	0.509	0.34082	0.01065	0.13954
V277	0.03225	0.2017	0.17624	0.58982
V278	0.03282	0.05109	0.32054	0.59554
V279	0.7079	0.05277	0.11168	0.12765
V280	0.02857	0.00467	0.05013	0.91662
V281	0.55692	0.02717	0.14611	0.26981
V282	0.05155	0.0724	0.82372	0.05233
V283	0.2014	0.60347	0.06078	0.13435
V284	0.02397	0.91725	0.05279	0.00599
V285	0.07504	0.04822	0.87517	0.00156
V286	0.23715	0.56753	0.10818	0.08714
V287	0.08756	0.88149	0.01199	0.01896
V288	0.01302	0.26697	0.45412	0.2659
V289	0.27875	0.21186	0.43911	0.07029
V290	0.80705	0.17875	0.01331	0.00089
V291	0.48764	0.06955	0.4313	0.01151
V292	0.93587	0.01674	0	0.04738
V293	0.28766	0.02834	0.64977	0.03423
V294	0.08451	0.3845	0.00386	0.52712
V295	0.01451	0.17019	0.20938	0.60593
V296	0.16938	0.11434	0.63737	0.07891
V297	0.07579	0.00419	0.08863	0.83138
V298	0.29357	0.10228	0.59226	0.01188
V299	0.06479	0.28605	0.01836	0.6308
V300	0.00103	0.03528	0.25735	0.70633
V301	0.11275	0.10437	0.67555	0.10733
V302	0.63716	0.35082	0	0.01203
V303	0.00056	0.60749	0.36548	0.02647
V304	0.04999	0.03365	0.7646	0.15177
V305	0.11441	0.14609	0.49308	0.24642
V306	0.82116	0.09075	0.04808	0.04001
V307	0.01571	0.95793	0.01356	0.0128
V308	0.22475	0.21896	0.31765	0.23865
V309	0.33088	0.31679	0.02778	0.32455
V310	0.07186	0.31613	0.16115	0.45086
V311	0.50083	0.4884	0.00509	0.00568
V312	0.08835	0.76057	0.13255	0.01853
V313	0.00082	0.12585	0.02971	0.84361
V314	0.01319	0.49151	0.11542	0.37989
V315	0.11034	0.65179	0.03533	0.20254
V316	0.3057	0.12399	0.41122	0.1591
V317	0.07747	0.72823	0.04331	0.15098
V318	0.03095	0.57945	0.0146	0.375
V319	0.05339	0.07028	0.84806	0.02827
V320	0.06999	0.13422	0.67834	0.11744
V321	0.6154	0.37731	0.00644	0.00085
V322	0.18735	0.32448	0.07616	0.41201
V323	0.05218	0.02212	0.10602	0.81968
V324	0.66038	0.25514	0.06643	0.01805
V325	0.29104	0.65271	0.05087	0.00538
V326	0.00031	0.57985	0.0926	0.32724
V327	0.01624	0.1424	0.11739	0.72396
V328	0.04066	0.03397	0.76449	0.16089
V329	0.16613	0.10093	0.18492	0.54801
V330	0.38167	0.01231	0.35367	0.25234
V331	0.34695	0.07915	0.04849	0.52541
V332	0.00846	0.04737	0.20651	0.73767
V333	0.42118	0.06776	0.40592	0.10514
V334	0.34549	0.01292	0.37831	0.26328
V335	0.02126	0.32972	0.53118	0.11785
V336	0.16164	0.7271	0.01815	0.09311
V337	0.2729	0.40751	0.29346	0.02614
V338	0.00092	0.98343	0.00849	0.00716
V339	0.11957	0.03938	0.83394	0.00711
V340	0.04962	0.21377	0.55603	0.18059
V341	0.02381	0.03641	0.08081	0.85898
V342	0.23252	0.01955	0.62651	0.12142
V343	0.95676	0.03057	0.00595	0.00673
V344	0.6678	0.15504	0.17653	0.00063
V345	0.02032	0.07362	0.90452	0.00154
V346	0.22345	0.10035	0.30699	0.36921
V347	0.04124	0.0125	0.14709	0.79917
V348	0.0477	0.67984	0.13839	0.13407
V349	0.34192	0.15525	0.40449	0.09834
V350	0.02593	0.81385	0.15939	0.00082
V351	0.01505	0.03062	0.42616	0.52818
V352	0.04292	0.0366	0.85134	0.06914
V353	0.88739	0.0253	0.0322	0.0551
V354	0.039	0.71407	0.21309	0.03383
V355	0.26561	0.06776	0.48947	0.17715
V356	0.03185	0.02407	0.11845	0.82563
V357	0.10384	0.32732	0.29576	0.27308
V358	0.54916	0.09582	0.05197	0.30305
V359	0.57708	0.05028	0.03522	0.33743
V360	0.53413	0.43634	0.01803	0.01151
V361	0.001	0.46008	0.53282	0.0061
V362	0.00102	0.97626	0.01577	0.00695
V363	0.16061	0.10536	0.50062	0.23341
V364	0.14561	0.06224	0.70491	0.08724
V365	0.26174	0.02505	0.02006	0.69316
V366	0.06742	0.71054	0.07922	0.14282
V367	0.57474	0.13399	0.00564	0.28562
V368	0.07724	0.7598	0.078	0.08497
V369	0.0152	0.40836	0.57057	0.00587
V370	0.28701	0.27137	0.41523	0.02639
V371	0.17167	0.7447	0.02569	0.05794
V372	0.15467	0.04744	0.13346	0.66443
V373	0.07026	0.12586	0.50478	0.2991
V374	0.76505	0.02575	0.20841	0.00078
V375	0.03795	0.03742	0.16312	0.7615
V376	0.03099	0.03235	0.11663	0.82002
V377	0.79333	0.00525	0.01175	0.18968
V378	0.0071	0.03189	0.43588	0.52514
V379	0.33223	0.19239	0.01427	0.46111
V380	0.14142	0.06398	0.21868	0.57592
V381	0.74078	0.01543	0.09227	0.15152
V382	0.07758	0.05667	0.85861	0.00714
V383	0.83759	0.01081	0.04775	0.10384
V384	0.56304	0.06839	0.13665	0.23192
V385	0.86167	0.01895	0.07228	0.0471
V386	0.2935	0.01422	0.15772	0.53456
V387	0.59212	0.13816	0.1938	0.07592
V388	0.36884	0.33163	0.15122	0.1483
V389	0.40022	0.5313	0.0107	0.05778
V390	0.28306	0.25595	0.45565	0.00534
V391	0.41558	0.09812	0.02164	0.46467
V392	0.42392	0.21313	0.17309	0.18985
V393	0.27125	0.21937	0.36878	0.1406
V394	0.08428	0.2237	0.12114	0.57088
V395	0.20965	0.39829	0.20965	0.18241
V396	0.00793	0.96563	0.0067	0.01975
V397	0.7842	0.08338	0.09995	0.03247
V398	0.44657	0.12659	0.10134	0.3255
V399	0.1796	0.57374	0.14933	0.09734
V400	0.00038	0.60172	0.06405	0.33385
V401	0.03116	0.15147	0.74742	0.06995
V402	0.77823	0.18561	0.03538	0.00078
V403	0.02429	0.02751	0.09206	0.85615
V404	0.08046	0.18598	0.64466	0.0889
V405	0.21102	0.02939	0.18299	0.5766
V406	0.6418	0.24899	0.0171	0.09211
V407	0.00092	0.98343	0.00849	0.00716
V408	0.08118	0.2331	0.4258	0.25992
V409	0.00138	0.03844	0.05007	0.91011
V410	0.07759	0.87695	0.02665	0.01882
V411	0.43956	0.01099	0.00415	0.54529
V412	0.14793	0.06931	0.53026	0.25249
V413	0.04882	0.49632	0.18818	0.26669
V414	0.02975	0.51703	0.33618	0.11704
V415	0.43924	0.0277	0.24604	0.28701
V416	0.01551	0.10732	0.87577	0.00141
V417	0.3612	0.62784	0.00521	0.00575
V418	0.06514	0.09521	0.1575	0.68215
V419	0.02546	0.00573	0.05862	0.9102
V420	0.00042	0.90598	0.01252	0.08109
V421	0.14498	0.04445	0.70517	0.1054
V422	0.04726	0.07069	0.01987	0.86218
V423	0.07484	0.04332	0.86081	0.02103
V424	0.00092	0.05216	0.64612	0.3008
V425	0.04967	0.22865	0.62284	0.09883
V426	0.08177	0.05334	0.80428	0.06062
V427	0.05974	0.40025	0.20291	0.33709
V428	0.07711	0.79651	0.05086	0.07552
V429	0.02275	0.00608	0.06689	0.90428
V430	0.75299	0.16547	0.01697	0.06456
V431	0.16962	0.02617	0.48204	0.32217
V432	0.10132	0.08989	0.05718	0.75162
V433	0.04903	0.75722	0.00128	0.19247
V434	0.33457	0.06976	0.05787	0.5378
V435	0.50745	0.01316	0.12822	0.35117
V436	0.37712	0.01345	0.12368	0.48575
V437	0.22217	0.23154	0.00886	0.53743
V438	0.61475	0.1533	0.03361	0.19834
V439	0.03386	0.10908	0.0185	0.83856
V440	0.48329	0.03495	0.03759	0.44416
V441	0.05953	0.11971	0.63262	0.18815
V442	0.30844	0.34555	0.14357	0.20244
V443	0.74779	0.00986	0.09192	0.15043
V444	0.02032	0.07362	0.90452	0.00154
V445	0.60663	0.0254	0.3426	0.02537
V446	0.02914	0.85421	0.05055	0.06609
V447	0.6356	0.08904	0.18191	0.09345
V448	0.01622	0.06239	0.21417	0.70722
V449	0.55976	0.04055	0.30656	0.09313
V450	0.1323	0.85197	0.01485	0.00088
V451	0.92247	0.05824	0	0.01928
V452	0.03563	0.01523	0.09294	0.8562
V453	0.81456	0.07259	0.06488	0.04796
V454	0.00068	0.94199	0.04473	0.0126
V455	0.59736	0.03513	0.31031	0.0572
V456	0.31737	0.11388	0.4101	0.15865
V457	0.00118	0.05837	0.03367	0.90678
V458	0.25751	0.22952	0.00842	0.50455
V459	0.0129	0.81703	0.08647	0.08359
V460	0.94282	0.01807	0.0267	0.01241
V461	0.06177	0.04029	0.0215	0.87645
V462	0.34004	0.24803	0.00222	0.40972
V463	0.2414	0.49019	0.16066	0.10775
V464	0.50586	0.09739	0.00677	0.38999
V465	0.39216	0.43949	0.02559	0.14276
V466	0.58404	0.18486	0.00515	0.22596
V467	0.30016	0.58915	0.07705	0.03364
V468	0.49065	0.41045	0.04947	0.04944
V469	0.01378	0.16728	0.30964	0.5093
V470	0.55166	0.11736	0.18746	0.14352
V471	0.26058	0.10142	0.04179	0.59622
V472	0.31311	0.33841	0.00176	0.34673
V473	0.09056	0.55858	0.33209	0.01877
V474	0.11476	0.00422	0.12058	0.76045
V475	0.17393	0.40863	0.08421	0.33323
V476	0.15914	0.01781	0.06772	0.75533
V477	0.59969	0.03696	0.21416	0.14919
V478	0.12156	0.61099	0.00633	0.26112
V479	0.01444	0.08914	0.81779	0.07863
V480	0.07347	0.31748	0.05099	0.55805
V481	0.13753	0.04107	0.80818	0.01323
V482	0.69686	0.15954	0.11085	0.03274
V483	0.12105	0.10487	0.08345	0.69063
V484	0.0236	0.07934	0.03879	0.85828
V485	0.10776	0.76081	0.01162	0.1198
V486	0.2629	0.26295	0.13655	0.33761
V487	0.06959	0.04539	0.10047	0.78455
V488	0.00324	0.03717	0.86492	0.09467
V489	0.20353	0.10687	0.67741	0.01218
V490	0.3337	0.31827	0.07268	0.27534
V491	0.43008	0.47861	0.03314	0.05818
V492	0.02315	0.84917	0.12197	0.00571
V493	0.04987	0.00386	0.01376	0.93251
V494	0.18314	0.14941	0.54872	0.11873
V495	0.20897	0.63932	0.13331	0.0184
V496	0.25542	0.70326	2e-05	0.0413
V497	0.01572	0.04786	0.92723	0.00919
V498	0.31115	0.09902	0.05812	0.53172
V499	0.60212	0.27185	0.12089	0.00513
V500	0.0924	0.12446	0.7478	0.03534
V501	0.00302	0.01043	0.07695	0.9096
V502	0.54416	0.27941	0.15108	0.02536
V503	0.18862	0.09073	0.21729	0.50337
V504	0.21442	0.71676	0.01105	0.05777
V505	0.18868	0.20754	0.2737	0.33008
V506	0.08065	0.24569	0.48033	0.19334
V507	0.61821	0.09636	0.12489	0.16054
V508	0.7521	0.16738	0.04019	0.04033
V509	0.21773	0.06088	0.53432	0.18708
V510	0.21176	0.5294	0.25357	0.00527
V511	0.04087	0.43305	0.04935	0.47673
V512	0.23643	0.04644	0.08978	0.62736
V513	0.06844	0.66405	0.20774	0.05977
V514	0.01897	0.08797	0.01124	0.88182
V515	0.77507	0.06038	0.04835	0.1162
V516	0.89303	0.10042	0	0.00655
V517	0.03474	0.02798	0.27669	0.66059
V518	0.94326	0.0498	0	0.00694
V519	0.02144	0.88284	0.00574	0.08998
V520	0.02337	0.01884	0.64003	0.31775
V521	0.55787	0.04768	0.36896	0.02549
V522	0.006	0.11985	0.60549	0.26866
V523	0.34733	0.12013	0.27713	0.2554
V524	0.006	0.7884	0.17965	0.02594
V525	0.2472	0.20683	0.0312	0.51478
V526	0.64938	0.07694	0.07677	0.1969
V527	0.19418	0.0249	0.42505	0.35587
V528	0.08705	0.87124	0.00038	0.04133
V529	0.0542	0.05867	0.24359	0.64354
V530	0.00615	0.20053	0.69595	0.09738
V531	0.01804	0.8749	0.10621	0.00085
V532	0.16306	0.33584	0.03074	0.47037
V533	0.27194	0.35899	0.14449	0.22458
V534	0.00748	0.02927	0.72702	0.23624
V535	0.55076	0.00335	0.01499	0.4309
V536	0.18057	0.00941	0.39682	0.4132
V537	0.5795	0.25978	0.14955	0.01117
V538	0.45423	0.05084	0.09216	0.40277
V539	0.25551	0.44337	0.16233	0.13878
V540	0.18376	0.71468	0.06802	0.03354
V541	0.0135	0.52533	0.06585	0.39532
V542	0.18827	0.12044	0.27392	0.41736
V543	0.8822	0.01259	0.01088	0.09433
V544	0.09672	0.08307	0.18795	0.63226
V545	0.36134	0.13749	0.07508	0.42609
V546	0.04135	0.89243	0.06044	0.00579
V547	0.0313	0.65529	0.30161	0.0118
V548	0.14043	0.77707	0.07704	0.00547
V549	0.313	0.04447	0.63041	0.01211
V550	0.58542	0.02976	0.00194	0.38288
V551	0.16059	0.75625	0.03354	0.04962
V552	0.00043	0.55234	0.00965	0.43758
V553	0.21602	0.15024	0.6147	0.01904
V554	0.05189	0.09085	0.03447	0.8228
V555	0.08204	0.22098	0.3571	0.33988
V556	0.00197	0.06022	0.90777	0.03005
V557	0.82039	0.02998	0.01065	0.13897
V558	0.0571	0.80619	0.02635	0.11036
V559	0.00966	0.81234	0.17714	0.00085
V560	0.66144	0.33252	0	0.00603
V561	0.0026	0.06495	0.92309	0.00936
V562	0.7829	0.01176	0.11701	0.08832
V563	0.23553	0.03288	0.72516	0.00643
V564	0.05456	0.09168	0.84044	0.01332
V565	0.11544	0.2561	0.40092	0.22754
V566	0.69995	0.09563	0.00483	0.19959
V567	0.20664	0.46269	0.02788	0.30279
V568	0.23791	0.00865	0.06402	0.68943
V569	0.67958	0.0297	0.0011	0.28961
V570	0.02185	0.28815	0.62903	0.06097
V571	0.8152	0.12912	0	0.05568
V572	0.43196	0.01839	0.45673	0.09292
V573	0.0583	0.18108	0.01402	0.74661
V574	0.0307	0.79789	0.15966	0.01176
V575	0.01723	0.08373	0.14155	0.75748
V576	0.13818	0.81571	0.03433	0.01177
V577	0.03485	0.04377	0.23431	0.68707
V578	0.04932	0.06838	0.70796	0.17434
V579	0.00652	0.88923	0.08535	0.0189
V580	0.14523	0.00929	0.12656	0.71892
V581	0.06679	0.08814	0.00929	0.83578
V582	0.58125	0.14387	0.03408	0.24079
V583	0.00656	0.0491	0.61966	0.32468
V584	0.51434	0.15485	0.29739	0.03342
V585	0.00779	0.02062	0.47514	0.49645
V586	0.22229	0.0258	0.66649	0.08543
V587	0.25505	0.03095	0.6872	0.0268
V588	0.62901	0.04216	0.02674	0.30209
V589	0.04742	0.83562	0.05923	0.05773
V590	0.04142	0.77437	0.17864	0.00556
V591	0.00104	0.04219	0.22745	0.72932
V592	0.15295	0.0638	0.78209	0.00115
V593	0.57913	0.00565	0.19229	0.22292
V594	0.32493	0.29082	0.34153	0.04272
V595	0.03191	0.03613	0.03634	0.89562
V596	0.03093	0.28025	0.23973	0.44908
V597	0.00035	0.58841	0.33428	0.07697
V598	0.01698	0.13268	0.83687	0.01347
V599	0.61282	0.32931	0.03253	0.02534
V600	0.34502	0.48954	0.05108	0.11435
V601	0.15333	0.27791	0.08747	0.48128
V602	0.03439	0.03992	0.02656	0.89913
V603	0.0073	0.38783	0.01861	0.58627
V604	0.51061	0.11725	0.34648	0.02566
V605	0.05953	0.32801	0.41941	0.19306
V606	0.72786	0.15395	0.01021	0.10797
V607	0.65077	0.01381	0.11316	0.22225
V608	0.21068	0.15459	0.40935	0.22538
V609	0.02206	0.23371	0.25231	0.49193
V610	0.77049	0.02279	0.09144	0.11528
V611	0.28327	0.00796	0.06212	0.64664
V612	0.02323	0.09887	0.81689	0.06101
V613	0.03119	0.33533	0.59851	0.03497
V614	0.76565	0.06029	0.04843	0.12563
V615	0.13	0.0575	0.01568	0.79682
V616	0.06743	0.72868	0.04342	0.16047
V617	0.46037	0.17159	0.36738	0.00065
V618	0.72405	0.01065	0.00092	0.26438
V619	0.37531	0.03088	0.33675	0.25706
V620	0.00688	0.67132	0.31602	0.00577
V621	0.42396	0.1486	0.18443	0.24301
V622	0.347	0.22474	0.40204	0.02622
V623	0.01712	0.07333	0.16249	0.74706
V624	0.77652	0.20473	0	0.01875
V625	0.25241	0.51105	0.09977	0.13677
V626	0.95018	0.03665	0	0.01318
V627	0.00131	0.03477	0.09865	0.86527
V628	0.00077	0.24196	0.02291	0.73436
V629	0.11572	0.29121	0.29696	0.29611
V630	0.03097	0.33438	0.5914	0.04325
V631	0.01538	0.19612	0.11467	0.67383
V632	0.5807	0.00421	0.1432	0.27189
V633	0.00129	0.05169	0.83419	0.11284
V634	0.38737	0.27139	0.33605	0.00519
V635	0.0214	0.7795	0.00645	0.19265
V636	0.11284	0.1034	0.66653	0.11723
V637	0.30039	0.19297	0.09559	0.41105
V638	0.37259	0.25832	0.07278	0.2963
V639	0.25663	0.44034	0.30235	0.00068
V640	0.03203	0.15656	0.76763	0.04378
V641	0.88732	0.04094	0.02436	0.04738
V642	0.75982	0.17638	0	0.06381
V643	0.00561	0.17895	0.47728	0.33816
V644	0.89867	0.08417	0.00484	0.01231
V645	0.24889	0.41978	0.31284	0.01849
V646	0.00953	0.97579	0.00776	0.00693
V647	0.13501	0.09156	0.72151	0.05193
V648	0.39801	0.44262	0.13371	0.02566
V649	0.02397	0.07526	0.84815	0.05261
V650	0.05058	0.09559	0.79293	0.0609
V651	0.29888	0.03	0.66494	0.00617
V652	0.08104	0.08572	0.46978	0.36345
V653	0.10943	0.68712	0.09842	0.10502
V654	0.69597	0.19779	0.05731	0.04893
V655	0.03064	0.59193	0.02183	0.35559
V656	0.19859	0.27705	0.0153	0.50906
V657	0.02628	0.08528	0.02104	0.86741
V658	0.60352	0.20614	0.05877	0.13157
V659	0.31845	0.08285	0.3888	0.20989
V660	0.02501	0.95453	0.00058	0.01988
V661	0.05059	0.43363	0.05793	0.45785
V662	0.39883	0.02428	0.48296	0.09394
V663	0.22735	0.07344	0.59253	0.10667
V664	0.19085	0.07385	0.69241	0.04289
V665	0.69149	0.18503	0.04031	0.08318
V666	0.57989	0.00374	0.10547	0.3109
V667	0.75354	0.08066	0.16508	0.00073
V668	0.11089	0.80857	0.07978	0.00076
V669	0.21931	0.42159	0.26003	0.09908
V670	0.06979	0.91033	0.00043	0.01946
V671	0.35479	0.2867	0.26974	0.08877
V672	0.01819	0.05464	0.89788	0.02929
V673	0.22192	0.37403	0.24261	0.16144
V674	0.72246	0.143	0.01711	0.11743
V675	0.12626	0.32797	0.33994	0.20582
V676	0.0259	0.11061	0.11859	0.7449
V677	0.37417	0.41134	0.09861	0.11588
V678	0.4925	0.49041	0.01155	0.00554
V679	0.04177	0.31936	0.62661	0.01226
V680	0.28964	0.55802	0.13393	0.01841
V681	0.89425	0.06948	0.01068	0.02559
V682	0.10229	0.30009	0.56266	0.03496
V683	0.01341	0.96488	0.02069	0.00102
V684	0.70012	0.15758	0.09334	0.04896
V685	0.48681	0.34782	0.12395	0.04143
V686	0.08437	0.17718	0.16516	0.57329
V687	0.03458	0.0237	0.03915	0.90256
V688	0.35709	0.52295	1e-04	0.11985
V689	0.24985	0.00286	0.05533	0.69195
V690	0.45993	0.04563	0.43607	0.05836
V691	0.15076	0.03758	0.80481	0.00685
V692	0.07058	0.13986	0.72854	0.06102
V693	0.22162	0.10273	0.39719	0.27846
V694	0.00763	0.03144	0.32077	0.64016
V695	0.23263	0.00873	0.17119	0.58746
V696	0.07234	0.08906	0.02466	0.81393
V697	0.01716	0.0741	0.02402	0.88472
V698	0.82377	0.01058	0.01125	0.1544
V699	0.56145	0.28621	0.06735	0.085
V700	0.22953	0.02761	0.01394	0.72892
V701	0.10154	0.54249	0.11295	0.24302
V702	0.54151	0.07755	0.01291	0.36803
V703	0.12436	0.05071	0.52023	0.3047
V704	0.82516	0.04521	0.02435	0.10528
V705	0.95148	0.01084	0.01181	0.02588
V706	0.07072	0.05947	0.79135	0.07846
V707	0.03063	0.43727	0.49738	0.03473
V708	0.02946	0.88621	0.01891	0.06542
V709	0.12501	0.26242	0.54178	0.07078
V710	0.60283	0.20591	0.05024	0.14103
V711	0.07755	0.81138	0.08521	0.02586
V712	0.81903	0.05464	0.00436	0.12198
V713	0.42686	0.30166	0.03486	0.23662
V714	0.0059	0.68784	0.02093	0.28533
V715	0.28966	0.33761	0.312	0.06073
V716	0.0345	0.04665	0.05871	0.86014
V717	0.07102	0.91565	0.00044	0.01289
V718	0.13432	0.57663	0.18147	0.10758
V719	0.04789	0.72781	0.03545	0.18886
V720	0.69379	0.00975	0.2326	0.06386
V721	0.11433	0.15683	0.50387	0.22496
V722	0.08409	0.35164	0.01667	0.5476
V723	0.10609	0.08697	0.01538	0.79156
V724	0.57869	0.0263	0.08787	0.30714
V725	0.00149	0.11331	0.8563	0.02889
V726	0.03103	0.38718	0.12801	0.45378
V727	0.24912	0.65969	0.08587	0.00532
V728	0.02346	0.88447	0.08626	0.00581
V729	0.40075	0.01392	0.17325	0.41208
V730	0.8985	0.03606	0.04019	0.02524
V731	0.02143	0.18875	0.42407	0.36575
V732	0.34258	0.07328	0.3752	0.20894
V733	0.64462	0.18345	0.03276	0.13916
V734	0.22725	0.31244	0.45495	0.00536
V735	0.01455	0.03156	0.51263	0.44126
V736	0.14675	0.01283	0.01809	0.82232
V737	0.32091	0.2874	0.25171	0.13999
V738	0.06978	0.32936	0.47161	0.12925
V739	0.00085	0.02799	0.62633	0.34482
V740	0.83442	0.08816	0.06589	0.01152
V741	0.48289	0.09658	0.13031	0.29022
V742	0.38085	0.6051	0.01326	0.00078
V743	0.12532	0.1461	0.70904	0.01954
V744	0.51477	0.04104	0.34115	0.10304
V745	0.01276	0.7068	0.17652	0.10391
V746	0.97506	0.01728	7e-05	0.00759
V747	0.05033	0.02277	0.72879	0.19812
V748	0.11308	0.10017	0.61942	0.16733
V749	0.27319	0.17263	0.05783	0.49635
V750	0.39876	0.47071	0.01774	0.11279
V751	0.03817	0.87845	0.03417	0.0492
V752	0.45954	0.22241	0.14035	0.1777
V753	0.03387	0.04424	0.01225	0.90965
V754	0.00752	0.93519	0.00069	0.0566
V755	0.13925	0.18661	0.36806	0.30609
V756	0.02885	0.01918	0.06711	0.88486
V757	0.32021	0.59513	0.05893	0.02573
V758	0.03826	0.77985	0.11466	0.06724
V759	0.11498	0.05727	0.43341	0.39434
V760	0.28324	0.05313	0.30168	0.36195
V761	0.0586	0.58658	0.27635	0.07847
V762	0.00063	0.39902	0.01889	0.58146
V763	0.37591	0.3608	0.02671	0.23658
V764	0.00663	0.93059	0.00612	0.05666
V765	0.66484	0.08778	0.00073	0.24665
V766	0.01294	0.31464	0.46085	0.21157
V767	0.47966	0.11932	0.25578	0.14524
V768	0.04939	0.91224	0.01937	0.019
V769	0.12797	0.83337	0.02679	0.01187
V770	0.00953	0.97579	0.00776	0.00693
V771	0.15938	0.03979	0.78779	0.01304
V772	0.12799	0.06568	0.79983	0.0065
V773	0.1483	0.83417	0.00535	0.01218
V774	0.02007	0.04158	0.90856	0.02979
V775	0.10567	0.03967	0.30771	0.54695
V776	0.4163	0.42843	0.05069	0.10457
V777	0.16647	0.111	0.15266	0.56986
V778	0.53265	0.27571	0.0684	0.12324
V779	0.15898	0.04256	0.52746	0.271
V780	0.10167	0.77381	0.12378	0.00074
V781	0.04801	0.03757	0.04061	0.87381
V782	0.00699	0.12731	0.80474	0.06096
V783	0.78848	0.02211	0.0484	0.14102
V784	0.09977	0.88139	0.01281	0.00604
V785	0.03165	0.93645	0.01264	0.01927
V786	0.71804	0.15773	0.08374	0.0405
V787	0.00087	0.84462	0.14853	0.00598
V788	0.50206	0.30324	0.15318	0.04153
V789	0.06276	0.37444	0.03252	0.53028
V790	0.44945	0.02705	0.08291	0.44059
V791	0.1254	0.37705	0.34663	0.15092
V792	0.12282	0.55512	0.0067	0.31536
V793	0.1098	0.67347	0.03506	0.18167
V794	0.0411	0.08708	0.80208	0.06974
V795	0.10399	0.04468	0.0693	0.78204
V796	0.02551	0.10106	0.85256	0.02087
V797	0.74858	0.01359	0.22622	0.01161
V798	0.60701	0.29978	0.07523	0.01799
V799	0.11808	0.78969	0.0258	0.06643
V800	0.06	0.02962	0.54888	0.36151
V801	0.12811	0.11142	0.35668	0.40379
V802	0.03245	0.07629	0.29941	0.59186
V803	0.21077	0.52729	0.26127	0.00067
V804	0.51537	0.02294	0.39581	0.06588
V805	0.02629	0.0544	0.91753	0.00178
V806	0.03927	0.91519	0.01199	0.03355
V807	0.24844	0.15218	0.04096	0.55842
V808	0.65286	0.27389	0.04047	0.03278
V809	0.04363	0.07833	0.87666	0.00138
V810	0.01159	0.98024	0.00073	0.00744
V811	0.42008	0.06976	0.21641	0.29375
V812	0.54344	0.2636	0.05057	0.14238
V813	0.59131	0.19323	0.1901	0.02537
V814	0.41346	0.53889	0.04231	0.00534
V815	0.00083	0.92262	0.07035	0.0062
V816	0.91683	0.01818	0.06389	0.0011
V817	0.02676	0.09615	0.86332	0.01376
V818	0.00107	0.07024	0.05495	0.87373
V819	0.82993	0.08194	0.04811	0.04001
V820	0.12411	0.09983	0.02971	0.74634
V821	0.20798	0.31588	0.40558	0.07056
V822	0.06487	0.05085	0.86329	0.02099
V823	0.02191	0.19002	0.69966	0.0884
V824	0.08459	0.38578	0.52881	0.00082
V825	0.21227	0.28926	0.27049	0.22798
V826	0.41835	0.41903	0.15137	0.01125
V827	0.35809	0.60525	0.01095	0.02572
V828	0.21302	0.1627	0.11876	0.50553
V829	0.03427	0.2527	0.04507	0.66796
V830	0.2119	0.23047	0.03148	0.52615
V831	0.7732	0.0874	0.03194	0.10746
V832	0.25753	0.40744	0.17464	0.1604
V833	0.13551	0.51985	0.18515	0.15949
V834	0.28528	0.07033	0.08779	0.5566
V835	0.34621	0.45855	0.11764	0.07759
V836	0.00619	0.69452	0.00776	0.29153
V837	0.21028	0.3859	0.19928	0.20454
V838	0.91628	0.05089	0.02683	0.006
V839	0.28389	0.61573	0.09509	0.00529
V840	0.27333	0.71889	0.00691	0.00087
V841	0.00161	0.06681	0.87843	0.05315
V842	0.34802	0.16157	0.27734	0.21307
V843	0.01587	0.04598	0.86867	0.06948
V844	0.10422	0.08477	0.41214	0.39887
V845	0.06089	0.11205	0.76597	0.06109
V846	0.00123	0.03555	0.7681	0.19512
V847	0.00327	0.01006	0.05734	0.92934
V848	0.08002	0.52116	0.17556	0.22326
V849	0.00065	0.95879	0.00657	0.03399
V850	0.96174	0.01257	0.01277	0.01292
V851	0.3182	0.5383	0.14287	0.00063
V852	0.09934	0.04956	0.147	0.70411
V853	0.23417	0.22103	0.42509	0.11971
V854	0.59566	0.16561	0.10633	0.1324
V855	0.00327	0.01006	0.05734	0.92934
V856	0.03924	0.35186	0.37344	0.23547
V857	0.6745	0.17365	0.0325	0.11935
V858	0.54057	0.02635	0.42742	0.00566
V859	0.65334	0.23759	0.01709	0.09198
V860	0.17901	0.1132	0.06203	0.64576
V861	0.08182	0.3607	0.54553	0.01195
V862	0.12398	0.09343	0.73922	0.04338
V863	0.19432	0.06391	0.00667	0.7351
V864	0.06314	0.0407	0.06409	0.83207
V865	0.1063	0.01165	0.29406	0.58798
V866	0.7132	0.02589	0.24939	0.01151
V867	0.71041	0.03549	0.24863	0.00547
V868	0.50944	0.27854	0.13527	0.07676
V869	0.01772	0.96813	0.00736	0.00678
V870	0.09474	0.35043	0.02382	0.53101
V871	0.00065	0.95879	0.00657	0.03399
V872	0.00855	0.02364	0.27831	0.6895
V873	0.88486	0.0349	0.04794	0.03231
V874	0.18257	0.78751	0.02914	0.00079
V875	0.01421	0.19095	0.21993	0.57491
V876	0.14835	0.3294	0.43245	0.08981
V877	0.03943	0.39961	0.31441	0.24656
V878	0.12108	0.81541	0.06275	0.00076
V879	0.17375	0.7083	0.04214	0.07581
V880	0.28973	0.56478	0.00497	0.14052
V881	0.13429	0.0477	0.63317	0.18484
V882	0.79636	0.00741	0.12518	0.07105
V883	0.27022	0.20997	0.519	0.00081
V884	0.01842	0.29329	0.00624	0.68205
V885	0.691	0.2229	0.08543	0.00067
V886	0.01284	0.36311	0.48683	0.13722
V887	0.63632	0.06164	0.1625	0.13955
V888	0.09115	0.05738	0.764	0.08747
V889	0.90906	0.05421	0.01804	0.01869
V890	0.03013	0.14211	0.65096	0.17681
V891	0.6192	0.05148	0.28852	0.04081
V892	0.27156	0.18462	0.01547	0.52834
V893	0.57736	0.21103	0.15309	0.05853
V894	0.06048	0.31227	0.5923	0.03494
V895	0.59214	0.06201	0.20519	0.14066
V896	0.03235	0.94224	0.00597	0.01944
V897	0.67919	0.26022	0.00405	0.05654
V898	0.46114	0.0036	0.01023	0.52503
V899	0.02371	0.19139	0.15576	0.62914
V900	0.07047	0.29159	0.38897	0.24897
V901	0.0296	0.84783	0.00562	0.11695
V902	0.04164	0.90809	0.04434	0.00593
V903	0.00616	0.42371	0.52715	0.04298
V904	0.01921	0.97287	0.00065	0.00727
V905	0.14142	0.00512	0.19761	0.65585
V906	0.3976	0.08731	0.11325	0.40184
V907	0.41182	0.52103	0.0176	0.04955
V908	0.01107	0.05655	0.08929	0.84309
V909	0.11702	0.81724	0.00041	0.06532
V910	0.15545	0.00419	0.13654	0.70381
V911	0.50252	0.39859	0.03267	0.06622
V912	0.38063	0.33045	0.13078	0.15814
V913	0.11943	0.00266	0.02144	0.85647
V914	0.16789	0.50272	0.29511	0.03428
V915	0.2213	0.00286	0.01624	0.7596
V916	0.23588	0.06365	0.65778	0.04269
V917	0.7115	0.03088	0.1669	0.09073
V918	0.03858	0.64399	0.2306	0.08683
V919	0.1882	0.23047	0.31903	0.2623
V920	0.61311	0.19719	0.09558	0.09412
V921	0.02728	0.1696	0.04007	0.76305
V922	0.09046	0.47134	0.39525	0.04295
V923	0.07605	0.02307	0.05617	0.8447
V924	0.03036	0.68013	0.26333	0.02619
V925	0.17296	0.0368	0.02267	0.76757
V926	0.19324	0.02594	0.03874	0.74208
V927	0.02344	0.04785	0.06948	0.85923
V928	0.03903	0.89868	0.00549	0.0568
V929	0.04799	0.6577	0.12963	0.16469
V930	0.49663	0.37678	0.03289	0.0937
V931	0.1251	0.27351	0.53061	0.07078
V932	0.03005	0.11046	0.64106	0.21843
V933	0.57354	0.4038	0.01101	0.01165
V934	0.00652	0.14704	0.29892	0.54752
V935	0.55765	0.15987	0.21508	0.06739
V936	0.51802	0.27379	0.01806	0.19013
V937	0.54101	0.12516	0.08906	0.24477
V938	0.36588	0.04588	0.32835	0.25988
V939	0.75234	0.02152	0.07448	0.15167
V940	0.02122	0.80406	0.14104	0.03368
V941	0.00322	0.05325	0.9333	0.01023
V942	0.7244	0.19154	0.06606	0.01799
V943	0.38317	0.12866	0.43702	0.05115
V944	0.01512	0.27468	0.07256	0.63764
V945	0.54582	0.36067	0.0103	0.08321
V946	0.44478	0.26269	0.25879	0.03375
V947	0.0744	0.04943	0.25357	0.62261
V948	0.32496	0.042	0.614	0.01904
V949	0.00067	0.11062	0.22339	0.66532
V950	0.04876	0.54337	0.21821	0.18966
V951	0.81505	0.02623	0.15311	0.0056
V952	0.06216	0.12344	0.28877	0.52564
V953	0.01703	0.0751	0.87891	0.02897
V954	0.03288	0.18053	0.15572	0.63086
V955	0.1108	0.61699	0.02745	0.24475
V956	0.03133	0.03085	0.54724	0.39059
V957	0.32961	0.01877	0.00548	0.64614
V958	0.04987	0.00386	0.01376	0.93251
V959	0.21981	0.25834	0.45134	0.0705
V960	0.22427	0.27612	0.08605	0.41356
V961	0.12459	0.38973	0.36639	0.11928
V962	0.35186	0.16759	0.411	0.06955
V963	0.59215	0.16827	0.16358	0.076
V964	0.83463	0.03426	0.0988	0.03231
V965	0.0487	0.50847	0.19834	0.24449
V966	0.95458	0.02722	0.00531	0.01289
V967	0.04962	0.04486	0.56267	0.34286
V968	0.00107	0.15781	0.78042	0.0607
V969	0.00744	0.29833	0.04517	0.64906
V970	0.03069	0.11484	0.45825	0.39622
V971	0.49448	0.08443	0.34438	0.07671
V972	0.50469	0.19712	0.05194	0.24625
V973	0.25636	0.4294	0.08215	0.23209
V974	0.00565	0.79584	0.12339	0.07512
V975	0.09381	0.29758	0.60293	0.00568
V976	0.43424	0.24545	0.12111	0.1992
V977	0.30433	0.36338	0.32709	0.0052
V978	0.05771	0.09245	0.07828	0.77155
V979	0.78666	0.02636	0.18143	0.00555
V980	0.97506	0.01728	7e-05	0.00759
V981	0.32341	0.03394	0.45849	0.18416
V982	0.42918	0.40671	0.07791	0.0862
V983	0.69757	0.06067	0.00525	0.23651
V984	0.01334	0.84977	0.10334	0.03355
V985	0.06819	0.20158	0.01302	0.71721
V986	0.30714	0.53678	0.05106	0.10502
V987	0.22065	0.76038	5e-05	0.01893
V988	0.20636	0.01849	0.02253	0.75263
V989	0.42617	0.47935	0.07631	0.01818
V990	0.0012	0.06294	0.80394	0.13192
V991	0.61655	0.37143	0	0.01201
V992	0.18981	0.01825	0.54856	0.24338
V993	0.05797	0.73697	0.16312	0.04195
V994	0.16989	0.79181	0.02653	0.01177
V995	0.7362	0.10496	0.0323	0.12655
V996	0.25967	0.1228	0.01689	0.60065
V997	0.01564	0.03594	0.83559	0.11283
V998	0.86993	0.01896	0.06396	0.04715
V999	0.11118	0.88197	0.00039	0.00646
V1000	0.30698	0.02722	0.00574	0.66007
