cytotoxic.CD56.dim.NK.cell	memory.CD4.pos.AB.T.cell	memory.B.cell	CD14.pos.CD16.neg.classical.monocyte
V1	0.47182	0.24777	0.211	0.06941
V2	0.18327	0.29874	0.20206	0.31593
V3	0	0.935	0.00951	0.05549
V4	0.64496	0.35504	0	0
V5	0.0086	0.68784	0.30031	0.00325
V6	0	1	0	0
V7	0.09326	0.65087	0.13358	0.1223
V8	0	0.07277	0.92723	0
V9	0.22014	0.52761	0.08589	0.16636
V10	0	0.00587	0.99413	0
V11	0.04445	0.51625	0.43929	0
V12	0	0.64867	0.35133	0
V13	0.12159	0.87841	0	0
V14	0	1	0	0
V15	0.01943	0.85977	0.1208	0
V16	0.68762	0.31238	0	0
V17	0	1	0	0
V18	0.40097	0.59903	0	0
V19	0.03002	0.96998	0	0
V20	0.10748	0.78939	0.02359	0.07953
V21	0	0.12747	0.87253	0
V22	0	0.26113	0.44943	0.28944
V23	0.21878	0.16872	0.6125	0
V24	0.69579	0.30421	0	0
V25	0.2661	0.50393	0.16072	0.06925
V26	0.29746	0.68361	0	0.01893
V27	0.1525	0.24538	0.18846	0.41366
V28	0	0.00654	0.99346	0
V29	0.27336	0.1871	0.53954	0
V30	0.03991	0.41043	0.42398	0.12568
V31	0.11461	0.4152	0.39383	0.07635
V32	0.14374	0.19263	0.21791	0.44572
V33	0	0.61966	0.38034	0
V34	0	0.09564	0.90436	0
V35	0.03956	0.93611	0.02433	0
V36	0	0.10027	0.7246	0.17513
V37	0.46958	0.33387	0.12067	0.07588
V38	0.38771	0.21753	0.2633	0.13147
V39	0.05597	0.83219	0.11184	0
V40	0	0.99326	0.00674	0
V41	0	0.91749	0.05199	0.03052
V42	0.21257	0.19247	0.3874	0.20757
V43	0	0.46518	0.53482	0
V44	0	0.09903	0.87703	0.02395
V45	0	0.78703	0.21297	0
V46	0.60219	0.35112	0.04668	0
V47	0.27004	0.42324	0.30672	0
V48	0.59661	0.40339	0	0
V49	0.56527	0.43473	0	0
V50	0	0.98459	0.01541	0
V51	0.16434	0.59779	0.23787	0
V52	0	0.10427	0.89573	0
V53	0.52987	0.38723	0.0829	0
V54	0.24365	0.39788	0.35847	0
V55	0.15685	0.34605	0.36288	0.13422
V56	0.08911	0.16564	0.31523	0.43003
V57	0	1	0	0
V58	0.5841	0.3022	0.03573	0.07797
V59	0.27085	0.67209	0.05706	0
V60	0.06413	0.33908	0.47878	0.11802
V61	0.62754	0.37246	0	0
V62	0.67578	0.32422	0	0
V63	0	0.94061	0.05939	0
V64	0	1	0	0
V65	0.05831	0.15062	0.33902	0.45205
V66	0.09087	0.90913	0	0
V67	0.00364	0.4605	0.53586	0
V68	0.18693	0.38594	0.14067	0.28647
V69	0	0.33925	0.66075	0
V70	0.40037	0.41616	0.18048	0.00299
V71	0.09599	0.23486	0.54742	0.12173
V72	0.455	0.44184	0.08414	0.01902
V73	0.03691	0.84921	0.11388	0
V74	0	0.25334	0.74666	0
V75	0.56533	0.26603	0.16864	0
V76	0	0.33427	0.40744	0.25828
V77	0.03632	0.5815	0.10995	0.27223
V78	0.25364	0.34338	0.28288	0.1201
V79	0	0.09937	0.90063	0
V80	0.21696	0.15713	0.62514	0.00077
V81	0	0.17304	0.82696	0
V82	0	0.0249	0.9751	0
V83	0.13285	0.41179	0.22111	0.23425
V84	0.34478	0.2788	0.25166	0.12476
V85	0	0.49839	0.48305	0.01856
V86	0	0.04853	0.95147	0
V87	0	1	0	0
V88	0.13136	0.22553	0.45809	0.18503
V89	0.01636	0.14513	0.48469	0.35382
V90	0	1	0	0
V91	0	0.8552	0.1448	0
V92	0.32257	0.21591	0.44545	0.01607
V93	0.71421	0.28579	0	0
V94	0	0.7607	0.0784	0.1609
V95	0.15011	0.69582	0.15266	0.00141
V96	0.11296	0.32229	0.18364	0.3811
V97	0.49452	0.3554	0.15008	0
V98	0.50498	0.49502	0	0
V99	0.60553	0.31167	0.0828	0
V100	0	0.04778	0.95222	0
V101	0.08234	0.18595	0.21446	0.51725
V102	0.70468	0.29532	0	0
V103	0.04077	0.21036	0.33468	0.41419
V104	0	1	0	0
V105	0	1	0	0
V106	0	0.67522	0.32478	0
V107	0.0392	0.33146	0.62934	0
V108	0.01431	0.9531	0.03259	0
V109	0	0.2205	0.72914	0.05036
V110	0	1	0	0
V111	0.69399	0.30601	0	0
V112	0.05959	0.19843	0.62131	0.12067
V113	0.16608	0.31596	0.32783	0.19013
V114	0.27079	0.24693	0.22458	0.2577
V115	0	0.82712	0.17288	0
V116	0.0333	0.50589	0.44149	0.01931
V117	0.50038	0.49962	0	0
V118	0.07935	0.88033	0.0236	0.01673
V119	0.15532	0.2932	0.21163	0.33984
V120	0	0.08426	0.91574	0
V121	0.48843	0.40712	0.08111	0.02333
V122	0.72238	0.27762	0	0
V123	0	0.79479	0.09031	0.1149
V124	0.49218	0.50782	0	0
V125	0.22875	0.64727	0.12398	0
V126	0.05384	0.38567	0.21932	0.34117
V127	0.13974	0.20593	0.45506	0.19927
V128	0.06742	0.15629	0.36416	0.41213
V129	0.39689	0.48942	0.11369	0
V130	0	0.70306	0.29694	0
V131	0	1	0	0
V132	0.71425	0.28575	0	0
V133	0.69184	0.30816	0	0
V134	0.04772	0.66643	0.1935	0.09235
V135	0.0841	0.16615	0.43283	0.31692
V136	0.19126	0.72293	0.00864	0.07717
V137	0.48719	0.28859	0.22422	0
V138	0.12055	0.65631	0.19858	0.02455
V139	0.261	0.45923	0.23127	0.0485
V140	0.06211	0.28836	0.25437	0.39516
V141	0	0.26652	0.68335	0.05013
V142	0.59435	0.26386	0.14179	0
V143	0.33721	0.5539	0.06671	0.04218
V144	0.13667	0.37494	0.31045	0.17793
V145	0	0.8274	0.1726	0
V146	0.12618	0.16857	0.23552	0.46973
V147	0.70211	0.29789	0	0
V148	0.01389	0.19539	0.7399	0.05082
V149	0.10375	0.72355	0.1727	0
V150	0	0.34054	0.65946	0
V151	0.10364	0.89636	0	0
V152	0.10561	0.68009	0.2143	0
V153	0.00494	0.99506	0	0
V154	0.09459	0.6549	0.25051	0
V155	0.3169	0.38528	0.29782	0
V156	0	0.19311	0.79684	0.01005
V157	0.20199	0.37487	0.37794	0.04519
V158	0.0792	0.14878	0.25003	0.522
V159	0.68134	0.31866	0	0
V160	0.6039	0.29426	0.05983	0.04201
V161	0.28425	0.19377	0.1779	0.34409
V162	0.03678	0.5724	0.19979	0.19103
V163	0.01269	0.74322	0.21083	0.03326
V164	0.2525	0.5859	0.11895	0.04264
V165	0.01104	0.5621	0.1123	0.31456
V166	0.02766	0.30156	0.28336	0.38742
V167	0.40942	0.23154	0.08754	0.2715
V168	0.15212	0.82801	0.01987	0
V169	0.2319	0.27658	0.1771	0.31442
V170	0.02023	0.14081	0.73504	0.10393
V171	0	0.36043	0.63957	0
V172	0.53252	0.24233	0.22515	0
V173	0.04733	0.3858	0.21028	0.3566
V174	0.01843	0.39361	0.26544	0.32252
V175	0	0.0472	0.93214	0.02066
V176	0	0.89318	0.10682	0
V177	0	1	0	0
V178	0	1	0	0
V179	0.10356	0.16038	0.58049	0.15557
V180	0	0.99376	0.00624	0
V181	0.04124	0.28126	0.65294	0.02456
V182	0.1514	0.35621	0.49239	0
V183	0.04355	0.95645	0	0
V184	0.73557	0.26443	0	0
V185	0.38097	0.61903	0	0
V186	0.01107	0.69345	0.29548	0
V187	0.72026	0.27974	0	0
V188	0.06753	0.52481	0.10518	0.30248
V189	0.68079	0.31921	0	0
V190	0.46676	0.24895	0.28429	0
V191	0.03758	0.34095	0.62147	0
V192	0.20312	0.7624	0.02635	0.00813
V193	0.4679	0.27098	0.25361	0.00751
V194	0	1	0	0
V195	0	0	1	0
V196	0.06683	0.27755	0.19607	0.45955
V197	0.42304	0.31514	0.07604	0.18578
V198	0	0.6306	0.3694	0
V199	0.17132	0.17437	0.39403	0.26028
V200	0.05944	0.87797	0.01848	0.04411
V201	0	0.79455	0.20545	0
V202	0	0.0392	0.93136	0.02944
V203	0.01792	0.59496	0.38712	0
V204	0	0.84552	0.03134	0.12314
V205	0	0.03547	0.96453	0
V206	0	0.09474	0.90526	0
V207	0.13535	0.44946	0.18277	0.23242
V208	0.08195	0.18683	0.73122	0
V209	0.19842	0.75638	0.04444	0.00076
V210	0	0.96325	0.03675	0
V211	0.43981	0.26606	0.09727	0.19686
V212	0.32145	0.23562	0.44293	0
V213	0.54802	0.29319	0.11487	0.04391
V214	0.26316	0.41686	0.2284	0.09157
V215	0.31724	0.3553	0.10073	0.22673
V216	0.1055	0.15076	0.24146	0.50228
V217	0	0.68075	0.29391	0.02534
V218	0.01878	0.69646	0.23099	0.05378
V219	0.03071	0.94702	0	0.02228
V220	0	1	0	0
V221	0.69366	0.30071	0	0.00563
V222	0.20166	0.35003	0.42078	0.02753
V223	0	0.14699	0.85301	0
V224	0.72226	0.27774	0	0
V225	0	1	0	0
V226	0.14405	0.21552	0.64042	0
V227	0.60598	0.25584	0.13819	0
V228	0.61438	0.3808	0.00482	0
V229	0	0.00223	0.99777	0
V230	0.07486	0.18591	0.23826	0.50096
V231	0	0.52036	0.26813	0.2115
V232	0	0.95951	0	0.04049
V233	0.43515	0.33619	0.21578	0.01289
V234	0	1	0	0
V235	0.22652	0.19896	0.57451	0
V236	0	0.09766	0.90234	0
V237	0.22814	0.18682	0.20455	0.38049
V238	0.0027	0.74471	0.25259	0
V239	0.03729	0.72824	0.0697	0.16477
V240	0.31604	0.23603	0.44793	0
V241	0	0.01297	0.98703	0
V242	0.00035	0.97469	0.02496	0
V243	0.09396	0.1746	0.73144	0
V244	0.06185	0.1168	0.81652	0.00483
V245	0.43312	0.56688	0	0
V246	0	0.17874	0.82126	0
V247	0	0.11391	0.88609	0
V248	0.08478	0.19992	0.25842	0.45688
V249	0	0.03498	0.96502	0
V250	0.57925	0.25297	0.16779	0
V251	0.71336	0.28664	0	0
V252	0	0.91584	0.08416	0
V253	0.31494	0.31084	0.24948	0.12474
V254	0	1	0	0
V255	0	1	0	0
V256	0.03785	0.37139	0.59076	0
V257	0.32547	0.33137	0.29049	0.05267
V258	0.05256	0.45143	0.49283	0.00319
V259	0	0.33547	0.66453	0
V260	0	0.27153	0.72847	0
V261	0.48974	0.28108	0.21245	0.01673
V262	0.15164	0.26106	0.18364	0.40365
V263	0	1	0	0
V264	0.08976	0.18911	0.6075	0.11363
V265	0.05688	0.12779	0.41154	0.40378
V266	0.44762	0.55238	0	0
V267	0	0.32609	0.48522	0.18869
V268	0.35768	0.25058	0.24192	0.14983
V269	0	0.61426	0.38574	0
V270	0.48809	0.27901	0.2329	0
V271	0.63681	0.36319	0	0
V272	0	1	0	0
V273	0.11858	0.18662	0.23861	0.45619
V274	0.57157	0.253	0.17543	0
V275	0	0	1	0
V276	0.38564	0.61436	0	0
V277	0.00224	0.43502	0.34161	0.22112
V278	0	0.191	0.56007	0.24894
V279	0.56715	0.33902	0.08862	0.00521
V280	0.0792	0.14878	0.25003	0.522
V281	0.46344	0.28198	0.1813	0.07328
V282	0	0.09619	0.90381	0
V283	0.10959	0.86486	0.02555	0
V284	0	1	0	0
V285	0	0.03291	0.96709	0
V286	0.11989	0.80798	0.07212	0
V287	0	1	0	0
V288	0	0.38871	0.55302	0.05827
V289	0.13679	0.41689	0.44632	0
V290	0.59385	0.40615	0	0
V291	0.30151	0.25951	0.43898	0
V292	0.73158	0.26842	0	0
V293	0.13689	0.1388	0.72432	0
V294	0.08029	0.68694	0.0459	0.18688
V295	0	0.37077	0.39999	0.22924
V296	0.03104	0.26664	0.70232	0
V297	0.13161	0.14565	0.29584	0.4269
V298	0.13266	0.23624	0.6311	0
V299	0.0692	0.56219	0.11941	0.24921
V300	0	0.15368	0.51752	0.3288
V301	0	0.23117	0.75695	0.01188
V302	0.45999	0.54001	0	0
V303	0	0.63984	0.36016	0
V304	0	0.07719	0.89088	0.03192
V305	0.01692	0.3256	0.5965	0.06098
V306	0.61911	0.38089	0	0
V307	0	1	0	0
V308	0.13028	0.44627	0.36998	0.05347
V309	0.27052	0.62859	0.02352	0.07737
V310	0.02201	0.57601	0.2573	0.14468
V311	0.33563	0.66437	0	0
V312	0	0.91505	0.08495	0
V313	0.03867	0.34118	0.19661	0.42354
V314	0	0.72433	0.17635	0.09932
V315	0.03967	0.91848	0.0263	0.01555
V316	0.18754	0.34118	0.44653	0.02475
V317	0	0.98166	0.01834	0
V318	0	0.86816	0.03632	0.09552
V319	0	0.07843	0.92157	0
V320	0	0.23306	0.7537	0.01324
V321	0.43664	0.56336	0	0
V322	0.13877	0.6294	0.11354	0.11829
V323	0.09517	0.179	0.31956	0.40627
V324	0.4712	0.5288	0	0
V325	0.15154	0.84846	0	0
V326	0	0.79576	0.13259	0.07165
V327	0.01776	0.35435	0.3105	0.31739
V328	0	0.06775	0.89869	0.03356
V329	0.15165	0.31474	0.33291	0.20071
V330	0.29789	0.19227	0.43802	0.07183
V331	0.34864	0.34713	0.11046	0.19376
V332	0	0.20942	0.44781	0.34278
V333	0.27228	0.28024	0.44292	0.00456
V334	0.26456	0.18838	0.46946	0.0776
V335	0	0.42672	0.57328	0
V336	0.06578	0.93422	0	0
V337	0.12276	0.60542	0.27182	0
V338	0	1	0	0
V339	0	0.06017	0.93983	0
V340	0	0.33976	0.63254	0.0277
V341	0.07038	0.20009	0.2883	0.44122
V342	0.11172	0.12598	0.73597	0.02633
V343	0.72981	0.27019	0	0
V344	0.46981	0.41244	0.11774	0
V345	0	0.01336	0.98664	0
V346	0.15277	0.33469	0.40248	0.11006
V347	0.06521	0.15824	0.38008	0.39648
V348	0	0.8654	0.1346	0
V349	0.20132	0.37791	0.42069	8e-05
V350	0	0.8949	0.1051	0
V351	0	0.11736	0.66641	0.21623
V352	0	0.03457	0.96543	0
V353	0.67967	0.32033	0	0
V354	0	0.81837	0.18163	0
V355	0.15804	0.24271	0.562	0.03726
V356	0.07008	0.16921	0.34837	0.41234
V357	0.02201	0.55219	0.36468	0.06113
V358	0.46301	0.40549	0.05467	0.07683
V359	0.50817	0.35944	0.03779	0.09461
V360	0.36397	0.63603	0	0
V361	0	0.45357	0.54643	0
V362	0	1	0	0
V363	0.06181	0.28801	0.59323	0.05694
V364	0.01574	0.18472	0.79087	0.00866
V365	0.31859	0.23329	0.13173	0.31639
V366	0	0.93887	0.06113	0
V367	0.49511	0.44155	0	0.06334
V368	0	0.95439	0.04561	0
V369	0	0.42066	0.57934	0
V370	0.12747	0.46349	0.40905	0
V371	0.0643	0.9357	0	0
V372	0.1685	0.23796	0.31455	0.27899
V373	0	0.28313	0.63347	0.0834
V374	0.57388	0.27392	0.1522	0
V375	0.04644	0.21069	0.38483	0.35804
V376	0.06257	0.18611	0.34471	0.40661
V377	0.67813	0.29986	0	0.02201
V378	0	0.10677	0.67819	0.21504
V379	0.3072	0.50334	0.03577	0.15369
V380	0.1325	0.24807	0.39651	0.22292
V381	0.60775	0.30332	0.0747	0.01423
V382	0	0.05232	0.94768	0
V383	0.6826	0.3174	0	0
V384	0.44985	0.33685	0.16028	0.05302
V385	0.6717	0.31974	0.00857	0
V386	0.29937	0.19426	0.29393	0.21244
V387	0.41449	0.41036	0.17516	0
V388	0.25436	0.59091	0.14504	0.00969
V389	0.25289	0.74711	0	0
V390	0.11324	0.42859	0.45817	0
V391	0.39121	0.40895	0.0425	0.15735
V392	0.30489	0.4802	0.18385	0.03107
V393	0.15322	0.44019	0.3948	0.01178
V394	0.07224	0.46991	0.25266	0.20519
V395	0.11673	0.64481	0.21788	0.02059
V396	0	1	0	0
V397	0.58321	0.37936	0.03743	0
V398	0.37149	0.41568	0.12561	0.08723
V399	0.0692	0.80783	0.12297	0
V400	0	0.83473	0.09073	0.07454
V401	0	0.18906	0.81094	0
V402	0.56743	0.43257	0	0
V403	0.07312	0.17844	0.30446	0.44399
V404	0	0.3059	0.6941	0
V405	0.21109	0.20608	0.35222	0.23062
V406	0.48189	0.51811	0	0
V407	0	1	0	0
V408	0	0.42651	0.51183	0.06167
V409	0.0677	0.16224	0.2467	0.52336
V410	0	1	0	0
V411	0.47297	0.27142	0.03542	0.22019
V412	0.05068	0.22416	0.65163	0.07353
V413	0	0.70342	0.24631	0.05027
V414	0	0.63594	0.36406	0
V415	0.35539	0.24601	0.3167	0.08189
V416	0	0.0679	0.9321	0
V417	0.21378	0.78622	0	0
V418	0.06035	0.29751	0.35808	0.28406
V419	0.07891	0.14589	0.25885	0.51635
V420	0	1	0	0
V421	0.01826	0.15813	0.80582	0.01779
V422	0.106	0.25988	0.18679	0.44734
V423	0	0.04778	0.95222	0
V424	0	0.08961	0.81803	0.09237
V425	0	0.33424	0.66576	0
V426	0	0.10321	0.89679	0
V427	0	0.63925	0.27381	0.08694
V428	0	0.9912	0.0088	0
V429	0.07617	0.14419	0.27264	0.50701
V430	0.56253	0.43747	0	0
V431	0.09239	0.18192	0.62313	0.10255
V432	0.13362	0.31672	0.21602	0.33364
V433	0	0.99565	0	0.00435
V434	0.34071	0.32108	0.13786	0.20036
V435	0.44331	0.26305	0.18119	0.11246
V436	0.37581	0.2249	0.21781	0.18148
V437	0.21968	0.53213	0.05628	0.19191
V438	0.49665	0.47246	0.00352	0.02737
V439	0.08675	0.32317	0.17524	0.41484
V440	0.45289	0.32446	0.06974	0.15291
V441	0	0.22845	0.72929	0.04226
V442	0.21218	0.60304	0.15346	0.03131
V443	0.6163	0.29518	0.07433	0.01419
V444	0	0.01336	0.98664	0
V445	0.42303	0.25785	0.31912	0
V446	0	1	0	0
V447	0.47476	0.35613	0.16911	0
V448	0.00531	0.23528	0.44695	0.31246
V449	0.39931	0.28077	0.31992	0
V450	0	1	0	0
V451	0.70772	0.29228	0	0
V452	0.08954	0.15776	0.30638	0.44632
V453	0.61661	0.38339	0	0
V454	0	1	0	0
V455	0.42134	0.27485	0.30381	0
V456	0.19719	0.33266	0.44561	0.02453
V457	0.069	0.17994	0.22682	0.52423
V458	0.25144	0.5389	0.03805	0.1716
V459	0	0.95051	0.04949	0
V460	0.7162	0.2838	0	0
V461	0.12833	0.20886	0.19694	0.46586
V462	0.30729	0.57143	0	0.12127
V463	0.12512	0.73603	0.13885	0
V464	0.45472	0.42465	0.00395	0.11668
V465	0.28279	0.71721	0	0
V466	0.47506	0.49031	0	0.03463
V467	0.17063	0.81638	0.01299	0
V468	0.3295	0.6705	0	0
V469	0	0.34144	0.4804	0.17816
V470	0.40192	0.39086	0.19007	0.01715
V471	0.27971	0.35925	0.13048	0.23057
V472	0.27321	0.6394	0	0.08738
V473	0	0.67746	0.32254	0
V474	0.16282	0.15683	0.32176	0.35859
V475	0.11436	0.69725	0.11276	0.07563
V476	0.21015	0.19995	0.23987	0.35003
V477	0.46024	0.28562	0.23419	0.01994
V478	0.057	0.90049	0	0.04251
V479	0	0.10564	0.89436	0
V480	0.06135	0.59383	0.14628	0.19854
V481	0	0.08516	0.91484	0
V482	0.50941	0.44175	0.04884	0
V483	0.14205	0.32483	0.24589	0.28724
V484	0.07353	0.27459	0.21715	0.43472
V485	0.0224	0.9776	0	0
V486	0.19714	0.53814	0.17822	0.0865
V487	0.10307	0.23318	0.29607	0.36768
V488	0	0.0066	0.99151	0.00188
V489	0.04509	0.22291	0.73199	0
V490	0.25639	0.60916	0.07616	0.05829
V491	0.2749	0.7251	0	0
V492	0	0.93676	0.06324	0
V493	0.08841	0.15371	0.22455	0.53332
V494	0.05728	0.32241	0.60984	0.01046
V495	0.08032	0.84041	0.07928	0
V496	0.13064	0.86936	0	0
V497	0	0	1	0
V498	0.3084	0.36113	0.13687	0.1936
V499	0.41021	0.53196	0.05783	0
V500	0	0.20213	0.79787	0
V501	0.06354	0.13758	0.28056	0.51832
V502	0.35356	0.53972	0.10673	0
V503	0.15881	0.31656	0.34672	0.17791
V504	0.09789	0.90211	0	0
V505	0.1155	0.45423	0.3451	0.08517
V506	0	0.41367	0.55544	0.03089
V507	0.48336	0.37538	0.11958	0.02167
V508	0.55841	0.44159	0	0
V509	0.11508	0.21903	0.62246	0.04342
V510	0.06386	0.71592	0.22022	0
V511	0	0.73978	0.10729	0.15293
V512	0.25899	0.25666	0.22538	0.25897
V513	0	0.8134	0.1866	0
V514	0.06992	0.25915	0.19374	0.47718
V515	0.61847	0.37919	0.00234	0
V516	0.67796	0.32204	0	0
V517	0.02116	0.15758	0.52439	0.29687
V518	0.72403	0.27597	0	0
V519	0	1	0	0
V520	0	0.04526	0.8463	0.10844
V521	0.37022	0.26534	0.36444	0
V522	0	0.19336	0.73481	0.07183
V523	0.25182	0.35147	0.33406	0.06265
V524	0	0.85993	0.14007	0
V525	0.24159	0.49977	0.08286	0.17578
V526	0.53076	0.37047	0.06443	0.03434
V527	0.12735	0.18672	0.56721	0.11871
V528	0	1	0	0
V529	0.03728	0.23312	0.46183	0.26777
V530	0	0.25004	0.74996	0
V531	0	0.95746	0.04254	0
V532	0.13723	0.64052	0.06996	0.15229
V533	0.18443	0.61436	0.16022	0.04099
V534	0	0.04021	0.89077	0.06901
V535	0.53565	0.28079	0.02701	0.15655
V536	0.13048	0.15269	0.55953	0.15729
V537	0.3883	0.51387	0.09784	0
V538	0.40564	0.32982	0.13674	0.1278
V539	0.15011	0.69582	0.15266	0.00141
V540	0.07234	0.9167	0.01097	0
V541	0	0.78368	0.1118	0.10453
V542	0.13326	0.35469	0.37629	0.13576
V543	0.70637	0.29363	0	0
V544	0.0878	0.27471	0.38207	0.25542
V545	0.31588	0.43402	0.11426	0.13585
V546	0	1	0	0
V547	0	0.71532	0.28468	0
V548	0.01728	0.96026	0.02246	0
V549	0.15187	0.15939	0.68874	0
V550	0.55295	0.32633	0	0.12072
V551	0.05084	0.94916	0	0
V552	0	0.82516	0.04067	0.13418
V553	0.06319	0.2787	0.65811	0
V554	0.09698	0.29821	0.20083	0.40398
V555	0.00832	0.4274	0.47028	0.094
V556	0	0.01041	0.98959	0
V557	0.67516	0.32484	0	0
V558	0	1	0	0
V559	0	0.87603	0.12397	0
V560	0.48435	0.51565	0	0
V561	0	0	1	0
V562	0.63334	0.28833	0.07833	0
V563	0.06793	0.11993	0.81213	0
V564	0	0.09358	0.90642	0
V565	0.0158	0.47014	0.46602	0.04804
V566	0.58025	0.3978	0	0.02195
V567	0.1469	0.76327	0.02771	0.06213
V568	0.28314	0.19241	0.21384	0.31061
V569	0.60634	0.32071	0	0.07296
V570	0	0.34573	0.65427	0
V571	0.62415	0.37585	0	0
V572	0.28731	0.19479	0.51307	0.00484
V573	0.08648	0.43635	0.13616	0.34102
V574	0	0.88158	0.11842	0
V575	0.01694	0.28355	0.35498	0.34454
V576	0.02177	0.97823	0	0
V577	0.02582	0.20153	0.46867	0.30398
V578	0	0.1505	0.8114	0.0381
V579	0	0.97496	0.02504	0
V580	0.18079	0.17074	0.32421	0.32426
V581	0.1279	0.28692	0.15903	0.42615
V582	0.47451	0.46177	0.01649	0.04723
V583	0	0.09661	0.79973	0.10367
V584	0.32126	0.40773	0.27101	0
V585	0	0.07565	0.71912	0.20524
V586	0.08528	0.14115	0.76623	0.00733
V587	0.0989	0.1405	0.7606	0
V588	0.54908	0.36227	0.0114	0.07725
V589	0	0.9939	0.0061	0
V590	0	0.86885	0.13115	0
V591	0	0.18458	0.47566	0.33976
V592	0	0.13248	0.86752	0
V593	0.48426	0.23381	0.2259	0.05603
V594	0.17731	0.49175	0.33094	0
V595	0.09289	0.18552	0.23283	0.48876
V596	0	0.49729	0.3588	0.14391
V597	0	0.65441	0.34559	0
V598	0	0.10909	0.89091	0
V599	0.43895	0.56105	0	0
V600	0.2282	0.7656	0.0062	0
V601	0.12202	0.55659	0.16416	0.15722
V602	0.09662	0.18192	0.2189	0.50256
V603	0	0.66549	0.1139	0.22061
V604	0.31453	0.35994	0.32553	0
V605	0	0.4958	0.47768	0.02652
V606	0.5661	0.4339	0	0
V607	0.55378	0.2701	0.12302	0.05309
V608	0.10997	0.37006	0.4701	0.04986
V609	0	0.43675	0.39894	0.16432
V610	0.62126	0.32023	0.05851	0
V611	0.32766	0.19621	0.19587	0.28025
V612	0	0.11198	0.88802	0
V613	0	0.37995	0.62005	0
V614	0.60928	0.38317	0.00755	0
V615	0.18856	0.27114	0.1548	0.3855
V616	0	0.97767	0.02233	0
V617	0.26327	0.38433	0.3524	0
V618	0.64454	0.29595	0	0.05951
V619	0.28625	0.23272	0.41208	0.06895
V620	0	0.70306	0.29694	0
V621	0.32004	0.42007	0.20704	0.05285
V622	0.18905	0.42581	0.38514	0
V623	0.01607	0.26753	0.38164	0.33476
V624	0.58026	0.41974	0	0
V625	0.14895	0.7744	0.07665	0
V626	0.72637	0.27363	0	0
V627	0.04402	0.18435	0.31011	0.46151
V628	0.0068	0.49438	0.1637	0.33512
V629	0.0359	0.52159	0.37162	0.07089
V630	0	0.38816	0.61184	0
V631	0.00365	0.41991	0.29819	0.27825
V632	0.5044	0.24053	0.17651	0.07856
V633	0	0.03721	0.95167	0.01112
V634	0.22054	0.46707	0.31238	0
V635	0	1	0	0
V636	0	0.23854	0.74701	0.01444
V637	0.25455	0.48083	0.13838	0.12624
V638	0.29271	0.56293	0.07728	0.06709
V639	0.09808	0.62803	0.27389	0
V640	0	0.18125	0.81875	0
V641	0.67725	0.32275	0	0
V642	0.57929	0.42071	0	0
V643	0	0.29552	0.61257	0.09191
V644	0.67425	0.32575	0	0
V645	0.0978	0.60733	0.29487	0
V646	0	1	0	0
V647	0	0.21046	0.78954	0
V648	0.24041	0.67482	0.08477	0
V649	0	0.08411	0.91589	0
V650	0	0.13415	0.86585	0
V651	0.13109	0.13265	0.73627	0
V652	0.00945	0.24637	0.62596	0.11821
V653	0.00983	0.91464	0.07554	0
V654	0.51418	0.48582	0	0
V655	0	0.87661	0.03766	0.08573
V656	0.18642	0.58673	0.05147	0.17538
V657	0.08351	0.27746	0.18886	0.45018
V658	0.45472	0.51976	0.02483	0.00069
V659	0.21144	0.30007	0.44236	0.04613
V660	0	1	0	0
V661	0.00766	0.73325	0.11522	0.14387
V662	0.25685	0.18976	0.54735	0.00604
V663	0.09625	0.2297	0.66477	0.00928
V664	0.04619	0.19462	0.75919	0
V665	0.52142	0.47858	0	0
V666	0.51367	0.258	0.13442	0.09391
V667	0.55873	0.34356	0.09772	0
V668	0	0.97949	0.02051	0
V669	0.09841	0.64251	0.25908	0
V670	0	1	0	0
V671	0.21149	0.52076	0.26774	0
V672	0	0.02168	0.97832	0
V673	0.12228	0.60448	0.25874	0.01449
V674	0.56489	0.43511	0	0
V675	0.03189	0.53748	0.39909	0.03154
V676	0.03045	0.32517	0.31493	0.32946
V677	0.2493	0.6844	0.0663	0
V678	0.31869	0.68131	0	0
V679	0	0.34718	0.65282	0
V680	0.14606	0.7812	0.07274	0
V681	0.66982	0.33018	0	0
V682	0	0.41005	0.58995	0
V683	0	1	0	0
V684	0.51443	0.45041	0.03516	0
V685	0.31041	0.6165	0.07308	0
V686	0.07282	0.40775	0.31245	0.20699
V687	0.092	0.17027	0.23718	0.50056
V688	0.24571	0.75429	0	0
V689	0.30728	0.17419	0.19559	0.32294
V690	0.29106	0.23896	0.46998	0
V691	0	0.08716	0.91284	0
V692	0	0.21605	0.78395	0
V693	0.13601	0.30904	0.47906	0.07589
V694	0	0.1376	0.57694	0.28546
V695	0.24641	0.16817	0.33851	0.2469
V696	0.11933	0.30585	0.17854	0.39628
V697	0.07081	0.24229	0.20999	0.47692
V698	0.69013	0.30663	0	0.00324
V699	0.39805	0.58195	0.02001	0
V700	0.29718	0.23246	0.12938	0.34099
V701	0.03014	0.79633	0.13396	0.03957
V702	0.48505	0.40561	0.00324	0.1061
V703	0.04078	0.20066	0.66369	0.09487
V704	0.65978	0.34022	0	0
V705	0.73094	0.26906	0	0
V706	0	0.11127	0.88856	0.00017
V707	0	0.49268	0.50732	0
V708	0	1	0	0
V709	0	0.41793	0.58207	0
V710	0.45461	0.52445	0.01817	0.00277
V711	0	0.97417	0.02583	0
V712	0.66357	0.33643	0	0
V713	0.33224	0.60735	0.01855	0.04187
V714	0	0.92215	0.0312	0.04664
V715	0.15057	0.54607	0.30336	0
V716	0.08385	0.21903	0.25641	0.44071
V717	0	1	0	0
V718	0.02681	0.79913	0.17406	0
V719	0	0.96966	0.02436	0.00598
V720	0.53127	0.25316	0.21557	0
V721	0.00936	0.33857	0.60273	0.04933
V722	0.08046	0.64925	0.07676	0.19353
V723	0.1587	0.31122	0.15101	0.37907
V724	0.50223	0.30121	0.10658	0.08997
V725	0	0.08037	0.91963	0
V726	0	0.63467	0.22368	0.14165
V727	0.11348	0.87504	0.01149	0
V728	0	0.97844	0.02156	0
V729	0.35926	0.23541	0.26369	0.14164
V730	0.68255	0.31745	0	0
V731	0	0.3423	0.5513	0.1064
V732	0.23156	0.29545	0.42694	0.04605
V733	0.50611	0.49389	0	0
V734	0.06444	0.47665	0.45892	0
V735	0	0.10744	0.72226	0.1703
V736	0.22176	0.18216	0.17533	0.42075
V737	0.20569	0.52385	0.26038	0.01007
V738	0	0.47735	0.51574	0.00691
V739	0	0.03814	0.84113	0.12072
V740	0.62144	0.37856	0	0
V741	0.39571	0.37224	0.1577	0.07435
V742	0.22506	0.77494	0	0
V743	0	0.24528	0.75472	0
V744	0.3629	0.26166	0.3707	0.00474
V745	0	0.82741	0.17259	0
V746	0.74619	0.25381	0	0
V747	0	0.05305	0.89188	0.05507
V748	0	0.24439	0.72078	0.03483
V749	0.25964	0.4506	0.12112	0.16865
V750	0.27281	0.72719	0	0
V751	0	1	0	0
V752	0.33285	0.49851	0.14433	0.02431
V753	0.08502	0.16977	0.21852	0.52668
V754	0	1	0	0
V755	0.0566	0.40998	0.45474	0.07868
V756	0.09033	0.15936	0.27291	0.4774
V757	0.19131	0.80869	0	0
V758	0	0.92545	0.07455	0
V759	0.05365	0.2133	0.59521	0.13784
V760	0.22006	0.26149	0.40466	0.11379
V761	0	0.72036	0.27964	0
V762	0	0.66678	0.1131	0.22013
V763	0.29129	0.65809	0.01114	0.03948
V764	0	1	0	0
V765	0.56896	0.38642	0	0.04462
V766	0	0.42885	0.54004	0.03111
V767	0.33387	0.37284	0.27513	0.01815
V768	0	1	0	0
V769	0.00831	0.99169	0	0
V770	0	1	0	0
V771	0.00097	0.1104	0.88863	0
V772	0	0.11722	0.88278	0
V773	0.03002	0.96998	0	0
V774	0	0	1	0
V775	0.08599	0.19364	0.50715	0.21322
V776	0.28399	0.70811	0.0079	0
V777	0.15783	0.33272	0.29709	0.21235
V778	0.39018	0.576	0.03382	0
V779	0.06928	0.18902	0.65754	0.08416
V780	0	0.93223	0.06777	0
V781	0.1088	0.20648	0.22802	0.4567
V782	0	0.12986	0.87014	0
V783	0.65082	0.33784	0.00955	0.0018
V784	0	1	0	0
V785	0	1	0	0
V786	0.52698	0.45438	0.01864	0
V787	0	0.90485	0.09515	0
V788	0.31999	0.5679	0.1121	0
V789	0.04437	0.67292	0.09819	0.18452
V790	0.41838	0.28961	0.14115	0.15085
V791	0.02133	0.57777	0.39064	0.01026
V792	0.07009	0.86313	0	0.06679
V793	0.03814	0.9336	0.02327	0.00499
V794	0	0.12078	0.87922	0
V795	0.14788	0.24026	0.2481	0.36376
V796	0	0.09383	0.90617	0
V797	0.56908	0.24802	0.1829	0
V798	0.42801	0.56412	0.00788	0
V799	0.01825	0.98175	0	0
V800	0	0.13297	0.74021	0.12682
V801	0.06718	0.31294	0.48854	0.13134
V802	0	0.23982	0.52212	0.23805
V803	0.05702	0.71522	0.22776	0
V804	0.34891	0.22726	0.42383	0
V805	0	0.00397	0.99603	0
V806	0	1	0	0
V807	0.25464	0.42209	0.11552	0.20775
V808	0.47078	0.52922	0	0
V809	0	0.04632	0.95368	0
V810	0	1	0	0
V811	0.33045	0.31509	0.27482	0.07964
V812	0.40766	0.56789	0.01902	0.00543
V813	0.39354	0.4589	0.14756	0
V814	0.24677	0.75323	0	0
V815	0	0.99732	0.00268	0
V816	0.69413	0.30587	0	0
V817	0	0.07992	0.92008	0
V818	0.05003	0.23996	0.24662	0.46339
V819	0.62749	0.37251	0	0
V820	0.16779	0.3346	0.16474	0.33287
V821	0.07269	0.50672	0.42059	0
V822	0	0.0486	0.9514	0
V823	0	0.25112	0.74888	0
V824	0	0.45551	0.54449	0
V825	0.11962	0.53103	0.30694	0.04241
V826	0.25304	0.64562	0.10135	0
V827	0.21787	0.78213	0	0
V828	0.18663	0.42235	0.21662	0.1744
V829	0.03077	0.51402	0.17985	0.27537
V830	0.20442	0.52781	0.08624	0.18153
V831	0.61224	0.38776	0	0
V832	0.15501	0.65293	0.17876	0.01331
V833	0.04202	0.75261	0.19861	0.00675
V834	0.29416	0.30515	0.19033	0.21037
V835	0.21063	0.71478	0.07458	0
V836	0	0.94605	0.00443	0.04952
V837	0.11892	0.63608	0.21399	0.03101
V838	0.69131	0.30869	0	0
V839	0.14155	0.83632	0.02213	0
V840	0.12976	0.87024	0	0
V841	0	0.04138	0.95862	0
V842	0.24004	0.40796	0.31151	0.04048
V843	0	0.03	0.97	0
V844	0.04144	0.25592	0.56734	0.1353
V845	0	0.16596	0.83404	0
V846	0	0.0293	0.92303	0.04767
V847	0.07444	0.15386	0.23509	0.53661
V848	0.00044	0.75776	0.20955	0.03226
V849	0	1	0	0
V850	0.72937	0.27063	0	0
V851	0.1671	0.75416	0.07874	0
V852	0.11302	0.22691	0.35397	0.3061
V853	0.10641	0.43341	0.45518	0.005
V854	0.44915	0.45271	0.09043	0.00771
V855	0.07444	0.15386	0.23509	0.53661
V856	0	0.51858	0.44251	0.0389
V857	0.52234	0.47766	0	0
V858	0.35013	0.20982	0.44005	0
V859	0.49602	0.50398	0	0
V860	0.1969	0.35406	0.18809	0.26095
V861	0	0.43586	0.56414	0
V862	0	0.19876	0.80124	0
V863	0.2491	0.30127	0.11287	0.33676
V864	0.1143	0.21399	0.25756	0.41415
V865	0.09436	0.13944	0.51778	0.24842
V866	0.52593	0.27044	0.20362	0
V867	0.52156	0.27805	0.20039	0
V868	0.34553	0.55258	0.10189	0
V869	0	1	0	0
V870	0.08272	0.65418	0.07946	0.18364
V871	0	1	0	0
V872	0	0.14279	0.53992	0.31728
V873	0.67582	0.32418	0	0
V874	0.05257	0.94743	0	0
V875	0	0.39392	0.39434	0.21174
V876	0.02609	0.50976	0.46415	0
V877	0	0.57463	0.38277	0.04261
V878	0	0.99982	0.00018	0
V879	0.07233	0.92767	0	0
V880	0.19476	0.80524	0	0
V881	0.02596	0.1723	0.75515	0.04659
V882	0.6319	0.27859	0.0895	0
V883	0.09601	0.36566	0.53833	0
V884	0.01687	0.57324	0.11181	0.29808
V885	0.49935	0.49112	0.00952	0
V886	0	0.45758	0.53951	0.00291
V887	0.49472	0.32708	0.16272	0.01548
V888	0	0.12999	0.86208	0.00793
V889	0.67803	0.32197	0	0
V890	0	0.22968	0.73777	0.03254
V891	0.43188	0.29858	0.26954	0
V892	0.2689	0.4807	0.06456	0.18585
V893	0.39842	0.4899	0.11168	0
V894	0	0.38933	0.61067	0
V895	0.44891	0.31709	0.21772	0.01628
V896	0	1	0	0
V897	0.50773	0.49227	0	0
V898	0.49173	0.25783	0.04052	0.20991
V899	0.00207	0.41851	0.33358	0.24584
V900	0	0.48613	0.46207	0.05179
V901	0	1	0	0
V902	0	1	0	0
V903	0	0.45554	0.54446	0
V904	0	1	0	0
V905	0.15845	0.13907	0.41108	0.29139
V906	0.34165	0.37003	0.16275	0.12557
V907	0.26139	0.73861	0	0
V908	0.04738	0.23241	0.29947	0.42074
V909	0.01402	0.98598	0	0
V910	0.19164	0.15594	0.333	0.31941
V911	0.34751	0.65249	0	0
V912	0.26619	0.60089	0.12018	0.01274
V913	0.18796	0.17145	0.1901	0.45049
V914	0.03856	0.67866	0.28278	0
V915	0.29463	0.19167	0.14025	0.37345
V916	0.08588	0.19487	0.71925	0
V917	0.55271	0.30168	0.14561	0
V918	0	0.77407	0.22593	0
V919	0.09618	0.4651	0.3792	0.05952
V920	0.45089	0.49105	0.05806	0
V921	0.04581	0.41614	0.19581	0.34224
V922	0	0.60125	0.39875	0
V923	0.14126	0.18556	0.23963	0.43355
V924	0	0.76064	0.23936	0
V925	0.23563	0.24504	0.15751	0.36182
V926	0.25025	0.23392	0.1752	0.34063
V927	0.07032	0.21768	0.27308	0.43892
V928	0	1	0	0
V929	0	0.86594	0.13406	0
V930	0.35049	0.64951	0	0
V931	0	0.43582	0.56418	0
V932	0	0.19716	0.75097	0.05187
V933	0.39841	0.60159	0	0
V934	0	0.31525	0.48565	0.19911
V935	0.38198	0.42851	0.18951	0
V936	0.40329	0.5771	0	0.01961
V937	0.43148	0.416	0.09762	0.05489
V938	0.27524	0.2568	0.3989	0.06906
V939	0.60993	0.3291	0.0506	0.01037
V940	0	0.89778	0.10222	0
V941	0	0	1	0
V942	0.53074	0.46926	0	0
V943	0.22357	0.32859	0.44784	0
V944	0.00044	0.52228	0.2245	0.25277
V945	0.39341	0.60659	0	0
V946	0.26665	0.50496	0.22839	0
V947	0.05609	0.21366	0.47295	0.2573
V948	0.16515	0.17027	0.66458	0
V949	0	0.27386	0.44804	0.27811
V950	0	0.72989	0.25539	0.01472
V951	0.62284	0.2812	0.09596	0
V952	0.01766	0.33157	0.45761	0.19316
V953	0	0.05693	0.94307	0
V954	0.01248	0.40647	0.33263	0.24842
V955	0.04292	0.90132	0.02097	0.03479
V956	0	0.11115	0.74823	0.14062
V957	0.38107	0.2554	0.07652	0.28701
V958	0.08841	0.15371	0.22455	0.53332
V959	0.08291	0.44541	0.47168	0
V960	0.17933	0.57648	0.12384	0.12035
V961	0.01617	0.58089	0.40294	0
V962	0.20395	0.37292	0.42313	0
V963	0.41627	0.44805	0.13568	0
V964	0.63876	0.3253	0.03594	0
V965	0	0.70726	0.25174	0.041
V966	0.72574	0.27426	0	0
V967	0	0.15127	0.7354	0.11333
V968	0	0.15237	0.84763	0
V969	0	0.55743	0.17844	0.26413
V970	0	0.25052	0.62002	0.12946
V971	0.32103	0.32097	0.358	0
V972	0.39513	0.51603	0.03931	0.04953
V973	0.17825	0.69755	0.08376	0.04045
V974	0	0.90738	0.09262	0
V975	0	0.36619	0.63381	0
V976	0.31469	0.52981	0.12372	0.03178
V977	0.14026	0.55399	0.30575	0
V978	0.08743	0.30457	0.2567	0.35131
V979	0.59986	0.27856	0.12157	0
V980	0.74619	0.25381	0	0
V981	0.21595	0.21658	0.52667	0.04081
V982	0.28203	0.6836	0.03437	0
V983	0.59288	0.36669	0	0.04043
V984	0	0.94784	0.05216	0
V985	0.08944	0.46897	0.12264	0.31894
V986	0.19529	0.79976	0.00495	0
V987	0.09776	0.90224	0	0
V988	0.2733	0.21777	0.15428	0.35466
V989	0.26445	0.72214	0.01341	0
V990	0	0.06867	0.91257	0.01876
V991	0.44085	0.55915	0	0
V992	0.10326	0.13176	0.68834	0.07664
V993	0	0.86526	0.13474	0
V994	0.04758	0.95242	0	0
V995	0.5853	0.4147	0	0
V996	0.28488	0.39204	0.08792	0.23516
V997	0	0.0272	0.96287	0.00993
V998	0.67882	0.32118	0	0
V999	0	1	0	0
V1000	0.3545	0.26565	0.08247	0.29738
