B_cells	NK_cells	T_cells_CD4.	Monocytes
V1	0.59023	0.01175	0.1722	0.22583
V2	0.22848	0.11156	0.04889	0.61107
V3	0.10007	0.63235	0.02152	0.24606
V4	0.86687	0.11495	0	0.01818
V5	0.14295	0.48363	0.26332	0.1101
V6	0.11784	0.83059	0.05019	0.00138
V7	0.1938	0.38172	0.08822	0.33626
V8	0.15925	0.04529	0.78327	0.0122
V9	0.2968	0.25956	0.03062	0.41302
V10	0.04705	0.05155	0.86588	0.03552
V11	0.22346	0.3608	0.41574	0
V12	0.05178	0.57657	0.37165	0
V13	0.29802	0.68037	0.02161	0
V14	0.10686	0.86153	0.03162	0
V15	0.15646	0.59362	0.13959	0.11033
V16	0.89113	0.05019	0.02336	0.03533
V17	0.12783	0.83186	0.03932	0.001
V18	0.58708	0.34701	0.0517	0.01421
V19	0.19363	0.77984	0.02653	0
V20	0.2128	0.4798	0.02008	0.28732
V21	0.15992	0.09884	0.734	0.00724
V22	0.07379	0.12476	0.21279	0.58866
V23	0.39227	0.06775	0.53997	0
V24	0.92576	0.03771	0.03654	0
V25	0.38118	0.256	0.13042	0.2324
V26	0.43	0.39565	0.01701	0.15734
V27	0.19292	0.08414	0.01514	0.70781
V28	0.00412	0.09927	0.89661	0
V29	0.45811	0.05369	0.4824	0.0058
V30	0.14367	0.24803	0.27965	0.32866
V31	0.2423	0.22081	0.29494	0.24196
V32	0.17974	0.0481	0.04167	0.73049
V33	0.07607	0.50645	0.36059	0.05689
V34	0.15919	0.07857	0.75183	0.01041
V35	0.19705	0.69552	0.10743	0
V36	0.04558	0.075	0.4836	0.39583
V37	0.5808	0.08015	0.09536	0.24369
V38	0.48247	0	0.17775	0.33978
V39	0.19989	0.55977	0.14655	0.09379
V40	0.12473	0.77546	0.09981	0
V41	0.04089	0.68478	0.06686	0.20747
V42	0.28792	0.0452	0.21352	0.45337
V43	0.15895	0.35775	0.4833	0
V44	0.04017	0.12032	0.71762	0.1219
V45	0.13221	0.58277	0.236	0.04903
V46	0.79613	0.08089	0.12297	0
V47	0.46604	0.20911	0.30958	0.01526
V48	0.81228	0.17275	0.00378	0.01118
V49	0.74909	0.1868	0	0.0641
V50	0.09957	0.78932	0.11111	0
V51	0.3337	0.40445	0.26185	0
V52	0.05368	0.15535	0.77837	0.0126
V53	0.72607	0.12539	0.14854	0
V54	0.43588	0.20954	0.35458	0
V55	0.26296	0.15446	0.24361	0.33896
V56	0.13809	0.03402	0.10167	0.72621
V57	0.13481	0.81631	0.04888	0
V58	0.68837	0.00748	0.03571	0.26845
V59	0.45456	0.4091	0.1194	0.01694
V60	0.17644	0.18499	0.3285	0.31007
V61	0.8144	0.11018	0.00534	0.07008
V62	0.87388	0.0457	0.07305	0.00738
V63	0.05276	0.79635	0.15089	0
V64	0.04952	0.85085	0.00872	0.09091
V65	0.10141	0.00723	0.13168	0.75968
V66	0.25108	0.67555	0.03741	0.03596
V67	0.17344	0.34127	0.48529	0
V68	0.23546	0.17199	0.013	0.57955
V69	0.05192	0.3399	0.59215	0.01602
V70	0.55869	0.16696	0.18373	0.09062
V71	0.21161	0.09979	0.37773	0.31087
V72	0.59652	0.1704	0.09668	0.1364
V73	0.18727	0.60514	0.15926	0.04833
V74	0.07342	0.24641	0.68017	0
V75	0.72691	0	0.19995	0.07314
V76	0.03693	0.21134	0.19578	0.55595
V77	0.10088	0.32292	0	0.5762
V78	0.35548	0.13675	0.18887	0.3189
V79	0.02806	0.14504	0.76778	0.05912
V80	0.37894	0.04593	0.52072	0.05441
V81	0.07986	0.19467	0.72547	0
V82	0.0157	0.12087	0.86339	4e-05
V83	0.20274	0.20396	0.07587	0.51743
V84	0.44722	0.05741	0.16655	0.32882
V85	0.14112	0.34088	0.39782	0.12018
V86	0.07482	0.09671	0.8049	0.02357
V87	0.07322	0.80181	0.08651	0.03846
V88	0.2234	0.08328	0.27629	0.41702
V89	0.09084	0.04027	0.21427	0.65462
V90	0.06724	0.84336	0.0894	0
V91	0.06955	0.71634	0.21246	0.00164
V92	0.4844	0.0414	0.37545	0.09875
V93	0.89618	0.01359	0	0.09023
V94	0.06411	0.47917	0.02615	0.43057
V95	0.28957	0.44015	0.16867	0.10161
V96	0.16207	0.13137	0.02296	0.6836
V97	0.68279	0.11342	0.20379	0
V98	0.70656	0.29344	0	0
V99	0.7964	0.05598	0.14762	0
V100	0.10708	0.07366	0.8121	0.00716
V101	0.12268	0.09282	0	0.7845
V102	0.91334	0.06314	0.0047	0.01882
V103	0.08618	0.07916	0.1052	0.72947
V104	0.07402	0.89052	0.03546	0
V105	0.0973	0.86024	0.04246	0
V106	0.15252	0.51729	0.32809	0.00211
V107	0.21493	0.23286	0.53856	0.01365
V108	0.17284	0.71363	0.11353	0
V109	0.0401	0.20244	0.58076	0.1767
V110	0.098	0.8311	0.07037	0.00054
V111	0.91199	0	0.08353	0.00448
V112	0.17563	0.09382	0.42949	0.30106
V113	0.25034	0.1313	0.18402	0.43433
V114	0.3205	0.06068	0.08562	0.5332
V115	0.03268	0.72192	0.2454	0
V116	0.17553	0.33763	0.3668	0.12003
V117	0.68669	0.25617	0.03867	0.01847
V118	0.20474	0.58266	0.04709	0.16551
V119	0.1994	0.1039	0.05239	0.64431
V120	0.10565	0.11446	0.77988	0
V121	0.61961	0.14007	0.09582	0.1445
V122	0.92802	0.01563	0.02459	0.03175
V123	0.04599	0.54176	0.0592	0.35305
V124	0.67721	0.28702	0	0.03578
V125	0.40441	0.41183	0.18376	0
V126	0.11301	0.18069	0.05483	0.65148
V127	0.22589	0.07153	0.26631	0.43627
V128	0.12065	0.0376	0.12487	0.71688
V129	0.58899	0.24247	0.1678	0.00074
V130	0.03044	0.635	0.33456	0
V131	0.06719	0.86927	0.0166	0.04694
V132	0.91442	0.01071	0.04005	0.03481
V133	0.89942	0.02578	0.06025	0.01454
V134	0.15418	0.41666	0.14102	0.28814
V135	0.15538	0.04214	0.19175	0.61073
V136	0.29557	0.42088	0.00582	0.27773
V137	0.66193	0.04972	0.24444	0.04391
V138	0.2472	0.41655	0.18835	0.14789
V139	0.38769	0.22762	0.19935	0.18535
V140	0.11186	0.12453	0.06062	0.70299
V141	0.09733	0.19686	0.52912	0.17669
V142	0.79414	0.00348	0.20238	0
V143	0.46612	0.27702	0.07056	0.1863
V144	0.22527	0.18543	0.17508	0.41423
V145	0.01373	0.73728	0.24899	0
V146	0.1648	0.03395	0.05299	0.74826
V147	0.89823	0.03195	0.02408	0.04574
V148	0.16502	0.11277	0.56324	0.15897
V149	0.27837	0.49812	0.22351	0
V150	0.11745	0.27763	0.56416	0.04077
V151	0.24386	0.6198	0.05106	0.08529
V152	0.2634	0.45068	0.22912	0.0568
V153	0.14792	0.73564	0.03945	0.07699
V154	0.26828	0.45702	0.2747	0
V155	0.49181	0.16666	0.28035	0.06118
V156	0.06068	0.18665	0.66512	0.08754
V157	0.3391	0.18517	0.30856	0.16717
V158	0.12746	0.0046	0.08052	0.78742
V159	0.88217	0.07032	0	0.04751
V160	0.72944	0.00588	0.06545	0.19923
V161	0.30153	0.01541	0.03816	0.64489
V162	0.12102	0.33504	0.09072	0.45323
V163	0.13562	0.50549	0.18514	0.17374
V164	0.37662	0.32559	0.11264	0.18515
V165	0.07127	0.29865	0	0.63008
V166	0.07912	0.13683	0.08114	0.70291
V167	0.43417	0	0.00094	0.56489
V168	0.3157	0.56144	0.0986	0.02426
V169	0.27327	0.07665	0.03904	0.61104
V170	0.15043	0.05767	0.52043	0.27147
V171	0.16113	0.27555	0.55923	0.00409
V172	0.72464	0.00263	0.27273	0
V173	0.10162	0.18233	0.04646	0.66958
V174	0.07978	0.20303	0.08522	0.63197
V175	0.09769	0.05405	0.76131	0.08695
V176	0.03595	0.77169	0.19235	0
V177	0.05334	0.91655	0.02012	0.00998
V178	0.04661	0.76826	0.02501	0.16012
V179	0.21695	0.0366	0.38729	0.35916
V180	0.0599	0.83604	0.10406	0
V181	0.19614	0.17059	0.5197	0.11357
V182	0.32477	0.21234	0.44014	0.02274
V183	0.2098	0.76372	0.02649	0
V184	0.96451	0	0.03549	0
V185	0.58045	0.3997	0.01985	0
V186	0.15371	0.49084	0.27189	0.08356
V187	0.92859	0.01742	0.04249	0.0115
V188	0.12694	0.2619	0	0.61115
V189	0.83451	0.02581	0.01377	0.12592
V190	0.66212	0.02894	0.30894	0
V191	0.21547	0.24301	0.53866	0.00287
V192	0.33731	0.47304	0.06036	0.12928
V193	0.6214	0.04821	0.23707	0.09332
V194	0.08101	0.87901	0.03205	0.00793
V195	0.04696	0.08713	0.86023	0.00568
V196	0.09599	0.1251	0.01124	0.76767
V197	0.48101	0.06343	0.01795	0.43762
V198	0.09874	0.51303	0.36833	0.0199
V199	0.23736	0.04625	0.18749	0.52891
V200	0.17457	0.57814	0.02717	0.22013
V201	0.13232	0.55917	0.20653	0.10199
V202	0.04554	0.07142	0.75316	0.12987
V203	0.1889	0.43374	0.37736	0
V204	0.05444	0.56659	0.01101	0.36795
V205	0.05045	0.11337	0.83144	0.00474
V206	0.07297	0.14375	0.78328	0
V207	0.2032	0.22452	0.05508	0.5172
V208	0.26906	0.10451	0.62643	0
V209	0.33537	0.47296	0.08029	0.11139
V210	0.1246	0.73797	0.11881	0.01862
V211	0.49258	0.02244	0.02994	0.45504
V212	0.51984	0.06758	0.41258	0
V213	0.66616	0.03919	0.113	0.18166
V214	0.37373	0.18644	0.16911	0.27071
V215	0.36481	0.12296	0.00826	0.50396
V216	0.15484	0	0.0677	0.77746
V217	0.07814	0.51034	0.24724	0.16428
V218	0.13694	0.46838	0.18358	0.2111
V219	0.15096	0.64447	0.02211	0.18246
V220	0.04644	0.81726	0.02954	0.10676
V221	0.83808	0.00649	0	0.15543
V222	0.34526	0.16649	0.35665	0.1316
V223	0.02944	0.1918	0.73157	0.04719
V224	0.955	0	0.045	0
V225	0.0926	0.82095	0.08645	0
V226	0.32209	0.11846	0.55945	0
V227	0.79612	0.00514	0.19798	0.00076
V228	0.77973	0.07655	0.06839	0.07533
V229	0.0498	0.08016	0.85143	0.0186
V230	0.11193	0.07324	0.04326	0.77157
V231	0.06208	0.32106	0.12276	0.4941
V232	0.09039	0.67365	0	0.23596
V233	0.58263	0.10752	0.20085	0.109
V234	0.07937	0.85749	0.06313	0
V235	0.39571	0.09646	0.50641	0.00142
V236	0.07411	0.12223	0.75399	0.04967
V237	0.25304	0.01853	0.04456	0.68388
V238	0.16398	0.55183	0.27269	0.0115
V239	0.12031	0.43574	0.02078	0.42318
V240	0.50488	0.06625	0.40777	0.0211
V241	0.0458	0.05855	0.85139	0.04426
V242	0.16005	0.72372	0.11623	0
V243	0.26773	0.08311	0.60275	0.04641
V244	0.23726	0.0371	0.67017	0.05547
V245	0.61048	0.29998	0.05749	0.03206
V246	0.08474	0.1981	0.71715	0
V247	0.17899	0.06813	0.75288	0
V248	0.11735	0.07098	0.06439	0.74728
V249	0.00883	0.1036	0.83795	0.04962
V250	0.77195	0.0043	0.22374	0
V251	0.9264	0.0572	0.00794	0.00847
V252	0.03455	0.79257	0.17289	0
V253	0.41357	0.09027	0.16738	0.32878
V254	0.04754	0.86916	0.08329	0
V255	0.0891	0.87611	0.01308	0.0217
V256	0.20507	0.25036	0.49534	0.04923
V257	0.45394	0.12472	0.23401	0.18733
V258	0.20764	0.29649	0.41211	0.08376
V259	0.06397	0.33028	0.59942	0.00633
V260	0.00716	0.32038	0.67246	0
V261	0.63594	0.04404	0.2	0.12002
V262	0.19118	0.09339	0.01375	0.70169
V263	0.06243	0.90723	0.01693	0.01341
V264	0.20901	0.07028	0.42849	0.29222
V265	0.11681	0.01268	0.16132	0.70919
V266	0.65566	0.33565	0.00869	0
V267	0.02567	0.22524	0.29896	0.45012
V268	0.4418	0.03436	0.14901	0.37483
V269	0.03241	0.56433	0.39049	0.01277
V270	0.65568	0.03909	0.24511	0.06012
V271	0.80756	0.07462	0.03226	0.08556
V272	0.09544	0.80112	0.03443	0.069
V273	0.15837	0.05117	0.05494	0.73552
V274	0.72109	0	0.19052	0.08839
V275	0.01469	0.09245	0.87803	0.01483
V276	0.53109	0.34577	0.00719	0.11595
V277	0.08761	0.24724	0.17158	0.49357
V278	0.09257	0.09372	0.30126	0.51245
V279	0.70313	0.06875	0.11418	0.11394
V280	0.12746	0.0046	0.08052	0.78742
V281	0.58012	0.04137	0.14385	0.23467
V282	0.08518	0.12233	0.75785	0.03464
V283	0.245	0.57476	0.07742	0.10282
V284	0.06563	0.84551	0.08886	0
V285	0.09213	0.05712	0.85076	0
V286	0.2752	0.54118	0.12563	0.05799
V287	0.13752	0.82251	0.03905	0.00092
V288	0.04247	0.31967	0.42652	0.21134
V289	0.30472	0.25117	0.40492	0.03919
V290	0.82763	0.15641	0.01595	0
V291	0.49343	0.09531	0.41126	0
V292	0.92795	0.00926	0	0.06279
V293	0.31927	0.05444	0.61375	0.01254
V294	0.14485	0.39469	0	0.46047
V295	0.06525	0.21821	0.20282	0.51372
V296	0.2054	0.16418	0.57895	0.05147
V297	0.17328	0.00589	0.1008	0.72002
V298	0.31161	0.13707	0.55132	0
V299	0.13321	0.31231	0.00661	0.54787
V300	0.04736	0.06747	0.2457	0.63946
V301	0.15108	0.15823	0.61209	0.0786
V302	0.66729	0.33271	0	0
V303	0.01803	0.6005	0.38147	0
V304	0.08687	0.07547	0.71471	0.12295
V305	0.15475	0.20092	0.44866	0.19567
V306	0.80574	0.10321	0.05391	0.03714
V307	0.06322	0.88594	0.04757	0.00327
V308	0.26056	0.25999	0.29444	0.18501
V309	0.37576	0.33484	0.02056	0.26883
V310	0.12349	0.34863	0.1614	0.36647
V311	0.52925	0.4576	0.01315	0
V312	0.13091	0.70618	0.1629	0
V313	0.0583	0.15748	0.02436	0.75987
V314	0.05128	0.50655	0.12559	0.31659
V315	0.16016	0.6247	0.05043	0.16471
V316	0.33332	0.16797	0.3765	0.1222
V317	0.12595	0.68908	0.06584	0.11914
V318	0.08264	0.57635	0.01898	0.32203
V319	0.08607	0.11573	0.78522	0.01298
V320	0.10641	0.19061	0.61513	0.08785
V321	0.64567	0.34546	0.00887	0
V322	0.24161	0.34719	0.07471	0.33649
V323	0.14339	0.04676	0.10417	0.70569
V324	0.66451	0.25888	0.07661	0
V325	0.32102	0.60747	0.07151	0
V326	0.02208	0.58935	0.11164	0.27694
V327	0.07926	0.18376	0.11379	0.62319
V328	0.07688	0.07649	0.71604	0.1306
V329	0.22921	0.14227	0.17496	0.45356
V330	0.42244	0.02906	0.33239	0.21611
V331	0.40394	0.10849	0.03951	0.44806
V332	0.07012	0.08488	0.19447	0.65053
V333	0.43911	0.10284	0.37887	0.07917
V334	0.38749	0.03119	0.35446	0.22685
V335	0.05148	0.3673	0.4963	0.08492
V336	0.21059	0.68395	0.0367	0.06877
V337	0.30093	0.40757	0.29149	0
V338	0.02567	0.9209	0.04591	0.00752
V339	0.1454	0.04509	0.80951	0
V340	0.08418	0.26774	0.50853	0.13956
V341	0.11223	0.06813	0.08059	0.73906
V342	0.27258	0.03549	0.5952	0.09673
V343	0.93518	0.03497	0.01066	0.01919
V344	0.66704	0.15607	0.17689	0
V345	0.04803	0.08858	0.8634	0
V346	0.27038	0.14543	0.2836	0.30059
V347	0.12732	0.03472	0.14181	0.69616
V348	0.08892	0.64596	0.1628	0.10232
V349	0.36134	0.19645	0.37351	0.0687
V350	0.05205	0.75868	0.18927	0
V351	0.06489	0.06964	0.40164	0.46382
V352	0.07428	0.07178	0.80194	0.052
V353	0.87168	0.02896	0.03778	0.06159
V354	0.0787	0.67416	0.24004	0.0071
V355	0.29961	0.111	0.4477	0.14169
V356	0.1201	0.04995	0.11417	0.71579
V357	0.14659	0.3592	0.28124	0.21297
V358	0.57274	0.11973	0.0463	0.26123
V359	0.60864	0.06784	0.02612	0.2974
V360	0.5559	0.41529	0.02881	0
V361	0.00835	0.46332	0.52834	0
V362	0.02286	0.91702	0.05642	0.0037
V363	0.20026	0.15748	0.45568	0.18658
V364	0.18341	0.10908	0.64607	0.06144
V365	0.34179	0.04099	0.00589	0.61133
V366	0.11364	0.67124	0.10524	0.10988
V367	0.60163	0.14895	0	0.24942
V368	0.12384	0.7087	0.10723	0.06023
V369	0.03655	0.41299	0.55046	0
V370	0.31088	0.29639	0.39273	0
V371	0.21908	0.69628	0.0486	0.03604
V372	0.23215	0.07911	0.12749	0.56125
V373	0.11359	0.18323	0.46154	0.24164
V374	0.77356	0.02239	0.20404	0
V375	0.11725	0.06976	0.15466	0.65834
V376	0.11743	0.06279	0.11141	0.70837
V377	0.81727	0	0.00187	0.18086
V378	0.05144	0.07124	0.41281	0.4645
V379	0.3873	0.22025	0	0.39245
V380	0.20863	0.10306	0.20579	0.48252
V381	0.74857	0.01684	0.09534	0.13925
V382	0.10457	0.08564	0.80979	0
V383	0.83831	0.0053	0.05295	0.10344
V384	0.57436	0.09293	0.134	0.19871
V385	0.84846	0.02044	0.08064	0.05046
V386	0.35808	0.02709	0.15381	0.46102
V387	0.58539	0.16675	0.19242	0.05544
V388	0.3898	0.3441	0.15272	0.11338
V389	0.43462	0.51055	0.01898	0.03585
V390	0.29797	0.27201	0.43002	0
V391	0.46784	0.12539	0.00595	0.40082
V392	0.4387	0.24304	0.16845	0.14981
V393	0.29884	0.25876	0.34045	0.10194
V394	0.14823	0.26059	0.11945	0.47173
V395	0.24716	0.40716	0.20853	0.13714
V396	0.05003	0.89929	0.03742	0.01326
V397	0.77074	0.09749	0.10739	0.02438
V398	0.47485	0.15728	0.0964	0.27147
V399	0.22028	0.54759	0.1659	0.06623
V400	0.02645	0.60516	0.08202	0.28637
V401	0.06047	0.20716	0.68589	0.04648
V402	0.79133	0.1694	0.03927	0
V403	0.11334	0.05503	0.09171	0.73991
V404	0.11717	0.23927	0.58418	0.05938
V405	0.28018	0.05427	0.17519	0.49036
V406	0.64859	0.26009	0.01537	0.07595
V407	0.02567	0.9209	0.04591	0.00752
V408	0.12228	0.28208	0.39247	0.20316
V409	0.07272	0.06669	0.05982	0.80077
V410	0.1269	0.81427	0.05884	0
V411	0.50017	0.0059	0	0.49393
V412	0.19071	0.11706	0.48666	0.20557
V413	0.0913	0.50164	0.19578	0.21128
V414	0.06524	0.51869	0.33361	0.08246
V415	0.47211	0.05053	0.23375	0.24362
V416	0.03371	0.12982	0.83647	0
V417	0.39481	0.58657	0.01862	0
V418	0.13768	0.13831	0.14971	0.5743
V419	0.12079	0.00433	0.08869	0.78619
V420	0.01895	0.8706	0.04619	0.06427
V421	0.18346	0.08725	0.64914	0.08015
V422	0.14531	0.1086	0.00504	0.74106
V423	0.10708	0.07366	0.8121	0.00716
V424	0.01505	0.1044	0.61742	0.26313
V425	0.0831	0.27992	0.5685	0.06848
V426	0.11777	0.09928	0.74224	0.04071
V427	0.10495	0.42154	0.20396	0.26955
V428	0.12506	0.74145	0.08045	0.05304
V429	0.11595	0.01563	0.0885	0.77993
V430	0.75012	0.17812	0.01486	0.0569
V431	0.2186	0.0606	0.44758	0.27322
V432	0.18646	0.12468	0.05222	0.63663
V433	0.09763	0.73482	0.00508	0.16248
V434	0.3926	0.0992	0.04961	0.45859
V435	0.54563	0.01987	0.12475	0.30975
V436	0.43428	0.02249	0.12122	0.422
V437	0.28897	0.25268	0	0.45835
V438	0.62375	0.17691	0.02776	0.17157
V439	0.12034	0.14369	0.00348	0.7325
V440	0.53147	0.05122	0.02699	0.39033
V441	0.09688	0.17847	0.5753	0.14935
V442	0.34027	0.35974	0.14397	0.15602
V443	0.75736	0.00678	0.09515	0.1407
V444	0.04803	0.08858	0.8634	0
V445	0.61584	0.03968	0.33622	0.00827
V446	0.07288	0.79493	0.08585	0.04634
V447	0.62771	0.11413	0.18175	0.07642
V448	0.07904	0.10405	0.20232	0.61459
V449	0.56566	0.06429	0.29542	0.07463
V450	0.1666	0.79637	0.03702	0
V451	0.91097	0.05807	0	0.03096
V452	0.12917	0.03737	0.09545	0.73801
V453	0.7983	0.08561	0.07089	0.0452
V454	0.02575	0.88391	0.08787	0.00247
V455	0.60161	0.0553	0.30207	0.04101
V456	0.34399	0.15706	0.37544	0.1235
V457	0.06777	0.09305	0.03325	0.80593
V458	0.32064	0.25045	0	0.42891
V459	0.04839	0.76842	0.12192	0.06127
V460	0.92004	0.01347	0.04132	0.02517
V461	0.1652	0.07671	0.00991	0.74818
V462	0.3908	0.25777	0	0.35143
V463	0.27587	0.47763	0.17136	0.07514
V464	0.54675	0.11103	0	0.34221
V465	0.42351	0.43315	0.02981	0.11353
V466	0.60438	0.19876	0	0.19686
V467	0.33603	0.55782	0.09904	0.00712
V468	0.50758	0.40216	0.06154	0.02873
V469	0.05612	0.22221	0.29519	0.42649
V470	0.55199	0.147	0.18341	0.11761
V471	0.32935	0.13392	0.03088	0.50585
V472	0.36287	0.34126	0	0.29587
V473	0.12643	0.53885	0.33472	0
V474	0.20479	0	0.12879	0.66641
V475	0.22375	0.41977	0.08817	0.2683
V476	0.24653	0.03231	0.06908	0.65208
V477	0.60662	0.05685	0.2091	0.12743
V478	0.1753	0.59634	0.0088	0.21956
V479	0.03825	0.14379	0.75885	0.05911
V480	0.13587	0.34283	0.04903	0.47226
V481	0.16728	0.06945	0.76327	0
V482	0.68825	0.17707	0.11876	0.01593
V483	0.19961	0.14282	0.07823	0.57934
V484	0.10965	0.11318	0.03539	0.74178
V485	0.1594	0.71993	0.02786	0.0928
V486	0.30451	0.29189	0.13378	0.26983
V487	0.15797	0.07633	0.09679	0.66891
V488	0.00826	0.06037	0.85261	0.07876
V489	0.22708	0.14524	0.62768	0
V490	0.37006	0.33556	0.07265	0.22173
V491	0.4561	0.46356	0.04461	0.03573
V492	0.05826	0.78544	0.1563	0
V493	0.16869	0	0	0.83131
V494	0.21704	0.19932	0.49814	0.08551
V495	0.24459	0.59851	0.15689	0
V496	0.30376	0.67172	0.0047	0.01982
V497	0.04738	0.05503	0.88957	0.00802
V498	0.36925	0.1314	0.05035	0.449
V499	0.60229	0.26845	0.12926	0
V500	0.12916	0.17496	0.6846	0.01127
V501	0.06794	0.02357	0.0971	0.81139
V502	0.54769	0.29135	0.16095	0
V503	0.24816	0.13231	0.20432	0.41522
V504	0.26166	0.67424	0.02795	0.03615
V505	0.23289	0.25116	0.25528	0.26067
V506	0.11881	0.294	0.43961	0.14758
V507	0.61811	0.12144	0.12475	0.1357
V508	0.74506	0.17842	0.04512	0.0314
V509	0.25481	0.10458	0.49059	0.15002
V510	0.23582	0.50209	0.26209	0
V511	0.09455	0.44871	0.05351	0.40323
V512	0.30841	0.07245	0.08545	0.5337
V513	0.11036	0.62924	0.22891	0.03149
V514	0.09976	0.12062	0	0.77963
V515	0.76835	0.0753	0.04909	0.10726
V516	0.90367	0.09306	0	0.00327
V517	0.10295	0.06078	0.26019	0.57608
V518	0.93612	0.04932	0	0.01455
V519	0.06536	0.8373	0.02879	0.06855
V520	0.06285	0.03753	0.62046	0.27916
V521	0.56411	0.07195	0.35722	0.00673
V522	0.03067	0.18113	0.56454	0.22365
V523	0.37739	0.16016	0.25692	0.20554
V524	0.03753	0.74505	0.2143	0.00312
V525	0.31102	0.23758	0.02067	0.43072
V526	0.65489	0.09747	0.07615	0.17149
V527	0.24529	0.05654	0.39644	0.30173
V528	0.13806	0.82401	0.01487	0.02307
V529	0.12126	0.10049	0.22914	0.54911
V530	0.02875	0.25605	0.64578	0.06942
V531	0.04707	0.815	0.13793	0
V532	0.22352	0.35759	0.02423	0.39466
V533	0.30762	0.3718	0.14527	0.17531
V534	0.03778	0.06896	0.69126	0.202
V535	0.60494	0	0.00187	0.3932
V536	0.24022	0.00831	0.38738	0.36409
V537	0.57774	0.2651	0.15716	0
V538	0.4949	0.07211	0.08767	0.34533
V539	0.28957	0.44015	0.16867	0.10161
V540	0.22909	0.6668	0.09632	0.00779
V541	0.05489	0.53323	0.07768	0.3342
V542	0.23945	0.16706	0.25482	0.33868
V543	0.88372	0.00723	0.01069	0.09836
V544	0.16749	0.12668	0.17782	0.52801
V545	0.40558	0.16989	0.0691	0.35543
V546	0.08253	0.82206	0.09541	0
V547	0.06274	0.61966	0.3176	0
V548	0.17715	0.71685	0.106	0
V549	0.33275	0.07323	0.59402	0
V550	0.62733	0.02701	0	0.34566
V551	0.20867	0.70597	0.05881	0.02654
V552	0.03082	0.56185	0.01414	0.39319
V553	0.24138	0.19055	0.56807	0
V554	0.1434	0.12473	0.02753	0.70433
V555	0.12673	0.27075	0.33161	0.27091
V556	0.0091	0.09708	0.8636	0.03022
V557	0.82813	0.0362	0.0023	0.13337
V558	0.10435	0.75896	0.05151	0.08518
V559	0.0325	0.76062	0.20688	0
V560	0.69045	0.30955	0	0
V561	0.01469	0.09245	0.87803	0.01483
V562	0.78251	0.01025	0.12357	0.08367
V563	0.25627	0.04417	0.69955	0
V564	0.08559	0.13494	0.77947	0
V565	0.15507	0.30003	0.36937	0.17554
V566	0.71328	0.10603	0	0.18069
V567	0.25753	0.46469	0.02816	0.24961
V568	0.31803	0.01301	0.06356	0.6054
V569	0.70967	0.02511	0	0.26522
V570	0.051	0.33021	0.58484	0.03396
V571	0.81789	0.12975	0	0.05236
V572	0.45756	0.03768	0.43211	0.07265
V573	0.13747	0.20989	0	0.65264
V574	0.06701	0.74094	0.19205	0
V575	0.08416	0.124	0.13563	0.65621
V576	0.1822	0.75477	0.06303	0
V577	0.10473	0.0807	0.22079	0.59378
V578	0.08657	0.12295	0.65046	0.14002
V579	0.04359	0.82957	0.12542	0.00142
V580	0.22869	0.02241	0.12467	0.62423
V581	0.16063	0.11607	0	0.7233
V582	0.59834	0.16845	0.02636	0.20686
V583	0.03578	0.10089	0.58384	0.27948
V584	0.51738	0.1861	0.28881	0.00772
V585	0.05422	0.05214	0.45126	0.44237
V586	0.25825	0.05443	0.62378	0.06354
V587	0.28586	0.05794	0.65095	0.00526
V588	0.65764	0.0572	0.01584	0.26932
V589	0.09368	0.77519	0.09368	0.03745
V590	0.07329	0.71934	0.20738	0
V591	0.04926	0.07654	0.21798	0.65622
V592	0.16867	0.08536	0.74597	0
V593	0.60798	0	0.19273	0.19929
V594	0.3485	0.31376	0.32767	0.01007
V595	0.13146	0.06783	0.03948	0.76123
V596	0.07556	0.32368	0.23353	0.36723
V597	0.01466	0.58864	0.34754	0.04916
V598	0.04432	0.17452	0.78117	0
V599	0.62573	0.32412	0.04223	0.00792
V600	0.37599	0.47566	0.06179	0.08656
V601	0.21193	0.30776	0.08602	0.3943
V602	0.13731	0.07612	0.02086	0.76571
V603	0.05937	0.40695	0.01529	0.51839
V604	0.5154	0.15033	0.33385	0.00042
V605	0.09738	0.36488	0.39171	0.14603
V606	0.73029	0.16958	0.00244	0.09769
V607	0.66909	0.01815	0.11309	0.19966
V608	0.2471	0.20299	0.37381	0.1761
V609	0.06739	0.2829	0.24374	0.40596
V610	0.76933	0.02855	0.09549	0.10663
V611	0.3591	0.01154	0.06013	0.56924
V612	0.05029	0.15306	0.75427	0.04239
V613	0.06385	0.36656	0.56317	0.00641
V614	0.76087	0.076	0.04835	0.11478
V615	0.22114	0.0898	0	0.68906
V616	0.11537	0.6906	0.06596	0.12808
V617	0.46298	0.18287	0.35416	0
V618	0.7531	0.00098	0	0.24592
V619	0.41131	0.05723	0.31497	0.21649
V620	0.03044	0.635	0.33456	0
V621	0.44479	0.18326	0.17693	0.19502
V622	0.36508	0.25465	0.38027	0
V623	0.08325	0.11424	0.15505	0.64745
V624	0.79346	0.19677	0	0.00978
V625	0.2895	0.49597	0.11242	0.10211
V626	0.93088	0.03857	0	0.03055
V627	0.06284	0.06321	0.09995	0.774
V628	0.05132	0.26642	0.0173	0.66496
V629	0.16036	0.3274	0.28017	0.23207
V630	0.06346	0.36681	0.55504	0.0147
V631	0.07273	0.23565	0.11372	0.5779
V632	0.6132	0	0.14199	0.24481
V633	0.00905	0.09911	0.79921	0.09264
V634	0.39364	0.28133	0.32503	0
V635	0.06682	0.7518	0.02091	0.16047
V636	0.15125	0.15764	0.60344	0.08767
V637	0.34639	0.22627	0.09038	0.33696
V638	0.40579	0.28226	0.07069	0.24127
V639	0.27308	0.42421	0.30272	0
V640	0.06185	0.20817	0.70721	0.02278
V641	0.86878	0.0487	0.02819	0.05434
V642	0.76447	0.17687	0	0.05866
V643	0.03381	0.23832	0.44798	0.27989
V644	0.89479	0.08652	0.00475	0.01393
V645	0.27518	0.41591	0.30891	0
V646	0.05678	0.90269	0.04053	0
V647	0.17148	0.14132	0.65974	0.02746
V648	0.42014	0.43104	0.14882	0
V649	0.05156	0.12607	0.78578	0.03659
V650	0.08463	0.14974	0.72513	0.0405
V651	0.31801	0.04138	0.64062	0
V652	0.13031	0.13811	0.43205	0.29954
V653	0.15629	0.64572	0.12269	0.0753
V654	0.68942	0.21134	0.06332	0.03592
V655	0.08101	0.58681	0.03052	0.30166
V656	0.26407	0.30277	0.00046	0.4327
V657	0.11376	0.1226	0.00771	0.75593
V658	0.60337	0.22748	0.06029	0.10887
V659	0.34942	0.12516	0.35696	0.16846
V660	0.07239	0.89955	0.0168	0.01126
V661	0.10393	0.44841	0.06307	0.38459
V662	0.42539	0.0488	0.45413	0.07168
V663	0.26029	0.11951	0.5412	0.07901
V664	0.22453	0.11846	0.63884	0.01817
V665	0.68566	0.20177	0.04194	0.07062
V666	0.61616	0	0.10277	0.28107
V667	0.75518	0.08076	0.16406	0
V668	0.14312	0.75021	0.10667	0
V669	0.25318	0.42429	0.25697	0.06556
V670	0.11905	0.86097	0.0157	0.00428
V671	0.37278	0.30943	0.2592	0.05859
V672	0.04718	0.09107	0.83887	0.02288
V673	0.25667	0.38718	0.23674	0.11941
V674	0.72206	0.16099	0.01122	0.10573
V675	0.16722	0.35795	0.31952	0.1553
V676	0.09483	0.15247	0.1146	0.6381
V677	0.39797	0.40808	0.10726	0.08669
V678	0.51901	0.45903	0.02196	0
V679	0.06872	0.3422	0.58909	0
V680	0.31956	0.52821	0.15223	0
V681	0.88022	0.07669	0.01189	0.0312
V682	0.13934	0.33369	0.52384	0.00314
V683	0.05211	0.89886	0.04903	0
V684	0.6905	0.17486	0.1003	0.03434
V685	0.4976	0.35064	0.13491	0.01684
V686	0.1474	0.22129	0.15851	0.4728
V687	0.13675	0.0491	0.04827	0.76588
V688	0.39801	0.50648	0	0.0955
V689	0.32998	0	0.05541	0.61461
V690	0.47589	0.0763	0.41085	0.03696
V691	0.17483	0.04989	0.77528	0
V692	0.10678	0.19382	0.66267	0.03673
V693	0.26198	0.14962	0.36351	0.22489
V694	0.06177	0.0662	0.30248	0.56954
V695	0.30553	0.01882	0.16613	0.50952
V696	0.16608	0.12472	0.01193	0.69727
V697	0.10102	0.11038	0.014	0.77459
V698	0.83937	0.00724	0.0051	0.1483
V699	0.56512	0.29612	0.0742	0.06456
V700	0.31302	0.04363	0	0.64336
V701	0.14908	0.53315	0.12624	0.19153
V702	0.57992	0.09554	0	0.32454
V703	0.17139	0.09689	0.47913	0.25258
V704	0.8198	0.05544	0.02242	0.10234
V705	0.93134	0	0.0221	0.04656
V706	0.10687	0.1077	0.72858	0.05685
V707	0.06637	0.45029	0.47988	0.00345
V708	0.07481	0.82937	0.04878	0.04704
V709	0.16063	0.30227	0.49746	0.03964
V710	0.60435	0.2268	0.04999	0.11887
V711	0.12527	0.75249	0.12029	0.00196
V712	0.8222	0.06034	0	0.11746
V713	0.4569	0.31659	0.032	0.19452
V714	0.04488	0.67273	0.03847	0.24391
V715	0.31701	0.35364	0.30086	0.02849
V716	0.12822	0.07806	0.05972	0.734
V717	0.11863	0.8644	0.01697	0
V718	0.1764	0.55263	0.19536	0.07562
V719	0.09465	0.69468	0.0567	0.15396
V720	0.70399	0.00543	0.23621	0.05437
V721	0.15426	0.21146	0.45794	0.17633
V722	0.1483	0.3729	0.0067	0.4721
V723	0.19721	0.12075	0	0.68205
V724	0.60534	0.03859	0.08499	0.27109
V725	0.01515	0.15954	0.80722	0.01809
V726	0.07803	0.41357	0.13341	0.37498
V727	0.27914	0.61184	0.10901	0
V728	0.06143	0.81652	0.12205	0
V729	0.45081	0.02528	0.16655	0.35735
V730	0.87853	0.04144	0.04853	0.03151
V731	0.05786	0.24564	0.39668	0.29983
V732	0.37229	0.11321	0.34565	0.16885
V733	0.64563	0.2036	0.03121	0.11955
V734	0.24475	0.32236	0.43289	0
V735	0.05857	0.07448	0.4826	0.38436
V736	0.24123	0.02727	0.00987	0.72163
V737	0.34465	0.31136	0.24138	0.1026
V738	0.10666	0.36321	0.43726	0.09287
V739	0.01457	0.06644	0.60637	0.31262
V740	0.82881	0.09728	0.0739	0
V741	0.50585	0.12616	0.12562	0.24237
V742	0.41004	0.56416	0.02581	0
V743	0.1579	0.18959	0.65251	0
V744	0.5254	0.06736	0.32582	0.08142
V745	0.0457	0.67483	0.20402	0.07544
V746	0.96372	0	0	0.03628
V747	0.08886	0.04045	0.70323	0.16746
V748	0.15267	0.15498	0.56105	0.1313
V749	0.33098	0.20555	0.05039	0.41307
V750	0.4311	0.45966	0.02288	0.08636
V751	0.08504	0.81521	0.06819	0.03156
V752	0.46981	0.24875	0.13902	0.14241
V753	0.13757	0.07945	0	0.78299
V754	0.04944	0.8925	0.01736	0.0407
V755	0.18274	0.23618	0.33829	0.24279
V756	0.12451	0.04242	0.07536	0.75771
V757	0.35629	0.56316	0.08037	0.00019
V758	0.07976	0.72884	0.14726	0.04414
V759	0.16758	0.10338	0.40009	0.32896
V760	0.32877	0.08902	0.2804	0.30181
V761	0.09858	0.5686	0.28508	0.04774
V762	0.0377	0.42058	0.01793	0.5238
V763	0.4127	0.37	0.02388	0.19342
V764	0.04709	0.87836	0.03433	0.04022
V765	0.68842	0.08888	0	0.2227
V766	0.04184	0.35933	0.43461	0.16422
V767	0.4879	0.15362	0.24304	0.11544
V768	0.09901	0.84694	0.05136	0.00269
V769	0.17286	0.77216	0.05498	0
V770	0.05678	0.90269	0.04053	0
V771	0.18768	0.06749	0.74484	0
V772	0.15324	0.09867	0.74809	0
V773	0.19363	0.77984	0.02653	0
V774	0.04857	0.05524	0.87037	0.02582
V775	0.17014	0.07651	0.28834	0.465
V776	0.44077	0.42116	0.05989	0.07818
V777	0.23144	0.15225	0.14509	0.47122
V778	0.53933	0.28943	0.07262	0.09862
V779	0.2037	0.08538	0.48661	0.22432
V780	0.13159	0.71803	0.15038	0
V781	0.14845	0.06994	0.04164	0.73996
V782	0.0294	0.18267	0.74599	0.04194
V783	0.7929	0.02645	0.04833	0.13232
V784	0.14173	0.8188	0.03947	0
V785	0.08039	0.86969	0.04309	0.00683
V786	0.70808	0.17391	0.09077	0.02724
V787	0.01462	0.79673	0.18865	0
V788	0.50792	0.3127	0.16231	0.01706
V789	0.12282	0.39545	0.0293	0.45243
V790	0.49834	0.041	0.07856	0.3821
V791	0.16451	0.39677	0.3289	0.10982
V792	0.17832	0.55007	0.00539	0.26622
V793	0.15976	0.64186	0.0519	0.14649
V794	0.0735	0.14117	0.73705	0.04828
V795	0.19249	0.07436	0.06659	0.66656
V796	0.056	0.14713	0.79139	0.00549
V797	0.7596	0.00524	0.2347	0.00045
V798	0.61391	0.29908	0.08701	0
V799	0.16765	0.73741	0.05018	0.04475
V800	0.10958	0.07067	0.5124	0.30735
V801	0.17881	0.16394	0.32862	0.32863
V802	0.08981	0.12545	0.28116	0.50359
V803	0.23141	0.49955	0.26904	0
V804	0.52935	0.04181	0.38086	0.04799
V805	0.05229	0.05277	0.89494	0
V806	0.0881	0.85204	0.04078	0.01908
V807	0.31487	0.18673	0.0299	0.46851
V808	0.65721	0.27654	0.04873	0.01753
V809	0.065	0.1003	0.8347	0
V810	0.05844	0.92053	0.01794	0.00309
V811	0.44949	0.10188	0.20501	0.24362
V812	0.55308	0.27884	0.05188	0.1162
V813	0.58964	0.21575	0.1946	0
V814	0.43675	0.50545	0.0578	0
V815	0.02457	0.86394	0.1115	0
V816	0.92524	0	0.07476	0
V817	0.05759	0.13859	0.80382	0
V818	0.06602	0.1015	0.05647	0.77601
V819	0.8138	0.09473	0.05345	0.03802
V820	0.21071	0.13558	0.01691	0.6368
V821	0.23953	0.3419	0.38065	0.03792
V822	0.09706	0.0861	0.80957	0.00727
V823	0.0499	0.24502	0.64401	0.06107
V824	0.10281	0.38695	0.51023	0
V825	0.24879	0.31975	0.25545	0.17602
V826	0.43124	0.40515	0.1636	0
V827	0.39706	0.57356	0.02482	0.00456
V828	0.27254	0.20045	0.11333	0.41368
V829	0.09916	0.28317	0.0403	0.57736
V830	0.27711	0.26117	0.02075	0.44097
V831	0.76666	0.1032	0.03082	0.09931
V832	0.29059	0.41143	0.1774	0.12058
V833	0.17896	0.50831	0.19384	0.11888
V834	0.34825	0.10201	0.08192	0.46782
V835	0.37292	0.44789	0.13008	0.04912
V836	0.04961	0.67926	0.01894	0.25219
V837	0.24832	0.39746	0.19809	0.15613
V838	0.90912	0.05471	0.03617	0
V839	0.31038	0.57394	0.11568	0
V840	0.30544	0.67172	0.02283	0
V841	0.01225	0.11256	0.83225	0.04294
V842	0.37318	0.20058	0.25795	0.16829
V843	0.04445	0.08822	0.81559	0.05173
V844	0.15589	0.13443	0.38021	0.32947
V845	0.09532	0.16668	0.69839	0.0396
V846	0.00829	0.07645	0.74553	0.16973
V847	0.07029	0.02255	0.08712	0.82004
V848	0.12378	0.51594	0.1857	0.17458
V849	0.02136	0.90988	0.04037	0.02839
V850	0.93636	0	0.02847	0.03517
V851	0.33728	0.50533	0.15739	0
V852	0.17791	0.08404	0.13927	0.59877
V853	0.26361	0.2628	0.39025	0.08334
V854	0.59265	0.19041	0.10749	0.10944
V855	0.07029	0.02255	0.08712	0.82004
V856	0.07744	0.38523	0.35428	0.18304
V857	0.67264	0.19264	0.03155	0.10317
V858	0.54954	0.03704	0.41342	0
V859	0.65786	0.24979	0.01501	0.07734
V860	0.25368	0.14913	0.05533	0.54186
V861	0.10964	0.37399	0.51637	0
V862	0.16056	0.14329	0.67619	0.01997
V863	0.27613	0.08216	0	0.64171
V864	0.1582	0.06943	0.06476	0.70761
V865	0.17615	0.03263	0.27917	0.51205
V866	0.71781	0.0339	0.24829	0
V867	0.71152	0.04308	0.2454	0
V868	0.51177	0.29289	0.14177	0.05358
V869	0.06629	0.89608	0.03764	0
V870	0.15816	0.37171	0.01763	0.45249
V871	0.02136	0.90988	0.04037	0.02839
V872	0.06925	0.05525	0.26117	0.61433
V873	0.86641	0.04057	0.05557	0.03745
V874	0.21382	0.73477	0.05142	0
V875	0.06295	0.24005	0.21296	0.48403
V876	0.18414	0.35619	0.403	0.05667
V877	0.07819	0.42473	0.30489	0.19219
V878	0.15402	0.75675	0.08924	0
V879	0.22003	0.66306	0.06489	0.05202
V880	0.33464	0.54478	0.0083	0.11228
V881	0.17538	0.09285	0.58103	0.15074
V882	0.79639	0	0.13297	0.07064
V883	0.28229	0.22652	0.49119	0
V884	0.08012	0.30732	0	0.61256
V885	0.69635	0.21408	0.08958	0
V886	0.04191	0.39736	0.45929	0.10143
V887	0.6354	0.0838	0.16132	0.11947
V888	0.12892	0.10502	0.70252	0.06354
V889	0.89125	0.06006	0.02335	0.02534
V890	0.06097	0.20206	0.59612	0.14084
V891	0.61923	0.0745	0.28193	0.02435
V892	0.3355	0.21418	0	0.45031
V893	0.572	0.23294	0.15767	0.0374
V894	0.09579	0.34583	0.55308	0.0053
V895	0.59378	0.08718	0.19986	0.11918
V896	0.08101	0.87901	0.03205	0.00793
V897	0.69097	0.2643	0	0.04473
V898	0.52277	0	0	0.47723
V899	0.07958	0.23684	0.15193	0.53166
V900	0.11063	0.33341	0.36279	0.19318
V901	0.07514	0.80743	0.02544	0.09198
V902	0.08446	0.83667	0.07888	0
V903	0.03069	0.44443	0.51136	0.01351
V904	0.0686	0.91409	0.01731	0
V905	0.21942	0	0.20062	0.57996
V906	0.43723	0.11809	0.1078	0.33688
V907	0.44417	0.50021	0.02863	0.02699
V908	0.08722	0.08984	0.08765	0.73529
V909	0.16943	0.77765	0.00904	0.04388
V910	0.23965	0	0.141	0.61935
V911	0.52097	0.39246	0.04129	0.04528
V912	0.40214	0.3426	0.13341	0.12186
V913	0.21897	0	0.02414	0.75689
V914	0.20727	0.49382	0.29769	0.00122
V915	0.30717	0	0.01196	0.68087
V916	0.26652	0.10498	0.6085	0.02
V917	0.70738	0.0426	0.16969	0.08034
V918	0.07654	0.61703	0.24891	0.05751
V919	0.22763	0.27264	0.29597	0.20376
V920	0.60803	0.21865	0.09966	0.07365
V921	0.09988	0.2016	0.03476	0.66376
V922	0.13013	0.47342	0.38565	0.0108
V923	0.17473	0.04524	0.06104	0.71899
V924	0.06782	0.647	0.28518	0
V925	0.26139	0.06096	0.01035	0.6673
V926	0.27954	0.04321	0.03407	0.64318
V927	0.11084	0.07943	0.07043	0.7393
V928	0.087	0.84447	0.02846	0.04007
V929	0.0898	0.6299	0.15214	0.12816
V930	0.51393	0.3756	0.0386	0.07187
V931	0.16068	0.31157	0.48808	0.03966
V932	0.06302	0.17118	0.58893	0.17688
V933	0.59652	0.38444	0.01905	0
V934	0.04741	0.20193	0.28519	0.46547
V935	0.55256	0.18922	0.2126	0.04562
V936	0.53826	0.28864	0.01212	0.16098
V937	0.55493	0.1526	0.08564	0.20684
V938	0.40065	0.0776	0.30627	0.21547
V939	0.75726	0.02698	0.07604	0.13972
V940	0.05983	0.75172	0.17678	0.01167
V941	0.01439	0.06452	0.9024	0.01869
V942	0.72412	0.20104	0.07476	8e-05
V943	0.40037	0.16784	0.407	0.02479
V944	0.06813	0.30776	0.07343	0.55068
V945	0.56482	0.35989	0.01053	0.06476
V946	0.45599	0.28379	0.2568	0.00343
V947	0.14293	0.08853	0.23826	0.53028
V948	0.34801	0.07257	0.57942	0
V949	0.03538	0.16014	0.21756	0.58691
V950	0.08815	0.5381	0.22737	0.14638
V951	0.81427	0.02956	0.15617	0
V952	0.11754	0.1756	0.27061	0.43625
V953	0.04489	0.11948	0.81538	0.02025
V954	0.09164	0.2251	0.15167	0.53159
V955	0.16243	0.59779	0.03826	0.20151
V956	0.07751	0.07367	0.51212	0.3367
V957	0.40044	0.01831	0	0.58125
V958	0.16869	0	0	0.83131
V959	0.24948	0.29376	0.4176	0.03916
V960	0.27677	0.30399	0.08261	0.33664
V961	0.16324	0.40568	0.34784	0.08324
V962	0.37081	0.2071	0.38195	0.04014
V963	0.58565	0.1941	0.16549	0.05477
V964	0.82097	0.04286	0.10609	0.03008
V965	0.09097	0.51133	0.20636	0.19134
V966	0.92875	0.03142	0.00808	0.03176
V967	0.09618	0.09378	0.52201	0.28802
V968	0.0105	0.21245	0.73369	0.04337
V969	0.05969	0.32813	0.04289	0.56929
V970	0.07232	0.17324	0.42543	0.32901
V971	0.49995	0.11901	0.32658	0.05447
V972	0.52312	0.2233	0.04825	0.20533
V973	0.29771	0.43075	0.08783	0.18371
V974	0.03725	0.75185	0.15854	0.05235
V975	0.1173	0.31658	0.56613	0
V976	0.4509	0.26928	0.12058	0.15925
V977	0.31991	0.35982	0.32027	0
V978	0.14232	0.12886	0.07461	0.65421
V979	0.78723	0.03078	0.18199	0
V980	0.96372	0	0	0.03628
V981	0.35772	0.06661	0.42504	0.15064
V982	0.44973	0.40175	0.08896	0.05956
V983	0.71854	0.06641	0	0.21505
V984	0.05142	0.79193	0.14179	0.01486
V985	0.14476	0.22769	0	0.62755
V986	0.34267	0.51622	0.06461	0.07651
V987	0.26837	0.7199	0.01173	0
V988	0.29438	0.03338	0.01318	0.65906
V989	0.44692	0.45998	0.0931	0
V990	0.00885	0.11576	0.76644	0.10895
V991	0.64756	0.35244	0	0
V992	0.23534	0.04521	0.51271	0.20674
V993	0.10025	0.68897	0.19311	0.01767
V994	0.21215	0.73528	0.05257	0
V995	0.73264	0.12281	0.02994	0.11461
V996	0.33108	0.1542	0	0.51472
V997	0.04451	0.07478	0.7919	0.08881
V998	0.85556	0.01998	0.07179	0.05268
V999	0.15299	0.83281	0.0142	0
V1000	0.38019	0.02908	0	0.59073
