cytotoxic.CD56.dim.NK.cell	memory.CD4.pos.AB.T.cell	memory.B.cell	CD14.pos.CD16.neg.classical.monocyte
V1	0.25555	0.02181	0.08212	0.64052
V2	0.02648	0.02895	0.01527	0.9293
V3	0.01684	0.32043	0.00271	0.66002
V4	0.796	0.13937	0.00033	0.0643
V5	0.03204	0.33183	0.15076	0.48538
V6	0.03125	0.717	0.00227	0.24948
V7	0.03352	0.14008	0.02333	0.80306
V8	0.04885	0.08738	0.8021	0.06167
V9	0.05331	0.07645	0.00746	0.86278
V10	0.01253	0.08741	0.81016	0.0899
V11	0.10121	0.34415	0.4646	0.09004
V12	0.00741	0.49749	0.3338	0.16129
V13	0.14258	0.63581	0	0.22161
V14	0.03461	0.74946	0	0.21592
V15	0.03614	0.41719	0.0484	0.49828
V16	0.85976	0.06872	0.00894	0.06258
V17	0.03485	0.71664	0	0.24851
V18	0.45503	0.34726	0.01546	0.18225
V19	0.07516	0.70551	0	0.21933
V20	0.0428	0.21244	0.00354	0.74122
V21	0.04678	0.09806	0.78957	0.06559
V22	0.00195	0.0331	0.08855	0.8764
V23	0.23924	0.09662	0.6489	0.01524
V24	0.84989	0.0955	0.05461	0
V25	0.11896	0.10678	0.04922	0.72504
V26	0.16872	0.24899	0.00374	0.57854
V27	0.02386	0.02443	0.00936	0.94235
V28	0.0074	0.16634	0.81199	0.01426
V29	0.2901	0.08104	0.55836	0.07051
V30	0.01857	0.07582	0.11763	0.78797
V31	0.05566	0.08685	0.14888	0.70861
V32	0.0212	0.01399	0.01487	0.94994
V33	0.01067	0.37386	0.28283	0.33264
V34	0.04535	0.09269	0.79823	0.06374
V35	0.07097	0.65258	0.0342	0.24225
V36	0.00131	0.03639	0.25202	0.71028
V37	0.23514	0.03523	0.03842	0.69121
V38	0.14432	0.01703	0.07983	0.75883
V39	0.05746	0.41944	0.05638	0.46671
V40	0.05801	0.68653	0.07147	0.18399
V41	0.00478	0.36634	0.01403	0.61484
V42	0.04813	0.01491	0.08512	0.85183
V43	0.0502	0.2952	0.52142	0.13318
V44	0.00191	0.07338	0.59954	0.32516
V45	0.0321	0.47968	0.14168	0.34654
V46	0.76954	0.10878	0.11086	0.01082
V47	0.31107	0.17943	0.34119	0.16832
V48	0.7354	0.18528	0.00198	0.07734
V49	0.5894	0.16706	0.00019	0.24335
V50	0.02965	0.70903	0.04729	0.21403
V51	0.17881	0.40222	0.2443	0.17467
V52	0.00562	0.12401	0.79555	0.07483
V53	0.64788	0.16047	0.17472	0.01693
V54	0.29662	0.19439	0.42251	0.08648
V55	0.05161	0.04481	0.09778	0.80579
V56	0.01261	0.01061	0.05601	0.92077
V57	0.03954	0.72482	0.00509	0.23055
V58	0.29408	0.01667	0.01921	0.67005
V59	0.29697	0.40697	0.06369	0.23237
V60	0.02862	0.05381	0.1525	0.76507
V61	0.66968	0.09463	0.00464	0.23105
V62	0.85893	0.07266	0.04717	0.02124
V63	0.00781	0.69011	0.06502	0.23707
V64	0.01448	0.57394	0	0.41158
V65	0.00766	0.0118	0.08547	0.89507
V66	0.09316	0.58934	0.00075	0.31675
V67	0.06784	0.29849	0.53915	0.09452
V68	0.0287	0.04579	0.00578	0.91973
V69	0.00502	0.23981	0.59663	0.15854
V70	0.36565	0.11309	0.11951	0.40175
V71	0.04055	0.03291	0.19618	0.73037
V72	0.34655	0.09575	0.04737	0.51034
V73	0.05748	0.51224	0.0682	0.36209
V74	0.02947	0.22124	0.71102	0.03827
V75	0.54415	0.04576	0.16163	0.24846
V76	0.00119	0.06315	0.08085	0.85481
V77	0.01088	0.10188	0.00313	0.88411
V78	0.08747	0.03906	0.07301	0.80046
V79	0.00129	0.10307	0.7212	0.17444
V80	0.16798	0.07016	0.55108	0.21078
V81	0.01974	0.16121	0.78399	0.03506
V82	0	0.13416	0.83773	0.02811
V83	0.02471	0.05198	0.01967	0.90364
V84	0.12429	0.02047	0.06288	0.79237
V85	0.03027	0.19541	0.30019	0.47413
V86	0.01613	0.09404	0.81073	0.0791
V87	0.01122	0.64837	0.01636	0.32405
V88	0.03584	0.02274	0.11748	0.82394
V89	0.00557	0.0148	0.11043	0.8692
V90	0.01118	0.73473	0.02238	0.2317
V91	0.01112	0.62684	0.12753	0.23451
V92	0.23874	0.05785	0.35681	0.3466
V93	0.71712	0.04728	0.00165	0.23396
V94	0.00322	0.17447	0.00847	0.81384
V95	0.11261	0.31772	0.07935	0.49032
V96	0.01577	0.0383	0.01067	0.93527
V97	0.61458	0.13401	0.23017	0.02123
V98	0.58791	0.31586	0	0.09623
V99	0.75338	0.08954	0.15283	0.00425
V100	0.02454	0.0923	0.83628	0.04688
V101	0.01481	0.04744	0.00294	0.9348
V102	0.8849	0.08832	0.00372	0.02306
V103	0.00158	0.02504	0.05869	0.91469
V104	0.01786	0.75983	0	0.22231
V105	0.02592	0.7531	0.00335	0.21763
V106	0.04516	0.45218	0.29106	0.21161
V107	0.07932	0.16991	0.60389	0.14688
V108	0.09082	0.65647	0.0806	0.17211
V109	0.00275	0.09325	0.42283	0.48117
V110	0.02457	0.71674	0.01118	0.24751
V111	0.87121	0.06133	0.06669	0.00076
V112	0.03092	0.03378	0.24288	0.69243
V113	0.03984	0.03305	0.0623	0.86481
V114	0.05459	0.01707	0.02388	0.90445
V115	0.0058	0.63042	0.18244	0.18133
V116	0.04312	0.19772	0.27428	0.48488
V117	0.58936	0.24417	0.01255	0.15391
V118	0.05356	0.35525	0.00657	0.58462
V119	0.02166	0.02741	0.01612	0.93482
V120	0.02551	0.11009	0.82677	0.03763
V121	0.35457	0.07679	0.04671	0.52193
V122	0.90721	0.06122	0.01302	0.01856
V123	0.00323	0.21671	0.01371	0.76635
V124	0.52916	0.27401	0	0.19684
V125	0.26635	0.43178	0.14006	0.16181
V126	0.00712	0.0517	0.01612	0.92506
V127	0.03518	0.01956	0.11313	0.83214
V128	0.00951	0.01124	0.07209	0.90716
V129	0.50506	0.23775	0.12871	0.12848
V130	0.00529	0.55125	0.28395	0.15951
V131	0.01807	0.6555	0	0.32643
V132	0.88549	0.05353	0.02081	0.04017
V133	0.87745	0.06501	0.0369	0.02064
V134	0.02304	0.1673	0.04074	0.76892
V135	0.0162	0.01301	0.08401	0.88678
V136	0.06909	0.19141	0.00236	0.73714
V137	0.52547	0.06237	0.22871	0.18345
V138	0.07852	0.24708	0.08438	0.59003
V139	0.14114	0.10821	0.09286	0.65778
V140	0.00633	0.03707	0.02194	0.93467
V141	0.0127	0.08808	0.37892	0.5203
V142	0.67902	0.08102	0.23996	0
V143	0.18267	0.14124	0.02679	0.6493
V144	0.03547	0.04915	0.05505	0.86034
V145	0.0048	0.63091	0.18282	0.18147
V146	0.0184	0.01009	0.02087	0.95064
V147	0.84668	0.05671	0.01068	0.08593
V148	0.03887	0.06564	0.44054	0.45495
V149	0.14359	0.5102	0.19949	0.14672
V150	0.02503	0.18117	0.57406	0.21975
V151	0.08226	0.47559	0.00617	0.43597
V152	0.11082	0.37406	0.14591	0.36921
V153	0.03921	0.55141	0.00102	0.40836
V154	0.12838	0.44188	0.24305	0.18669
V155	0.30566	0.12965	0.25902	0.30567
V156	0.00575	0.10766	0.60931	0.27728
V157	0.11874	0.08842	0.2034	0.58944
V158	0.01268	0.00796	0.05509	0.92427
V159	0.80431	0.08371	0.00018	0.1118
V160	0.39232	0.02418	0.02932	0.55418
V161	0.06052	0.00809	0.01379	0.9176
V162	0.01117	0.10434	0.02236	0.86213
V163	0.02486	0.28711	0.06605	0.62198
V164	0.13028	0.1684	0.04335	0.65797
V165	0.00622	0.10836	0.00185	0.88357
V166	0.00132	0.0424	0.03472	0.92156
V167	0.1235	0.01139	0.00828	0.85682
V168	0.14637	0.52714	0.03727	0.28923
V169	0.04021	0.02064	0.01332	0.92584
V170	0.02725	0.03635	0.32038	0.61602
V171	0.05317	0.2087	0.60864	0.12949
V172	0.59591	0.07318	0.32339	0.00753
V173	0.00537	0.05696	0.01472	0.92295
V174	0.00271	0.06096	0.02633	0.90999
V175	0.01993	0.07334	0.66837	0.23836
V176	0.00614	0.67488	0.12125	0.19774
V177	0.01432	0.75527	0	0.23042
V178	0.00532	0.4637	0.00444	0.52654
V179	0.03857	0.02369	0.20297	0.73476
V180	0.02393	0.70993	0.08124	0.18491
V181	0.05771	0.09539	0.45766	0.38924
V182	0.15747	0.16602	0.48897	0.18754
V183	0.09752	0.7007	0	0.20178
V184	0.85513	0.07531	0.06956	0
V185	0.44682	0.43506	0.00319	0.11492
V186	0.03917	0.3618	0.17441	0.42462
V187	0.90998	0.06423	0.02509	7e-04
V188	0.01475	0.09045	0.00167	0.89313
V189	0.58439	0.03597	0.00974	0.3699
V190	0.5308	0.07937	0.38121	0.00862
V191	0.08239	0.18012	0.60997	0.12751
V192	0.12343	0.32185	0.01287	0.54185
V193	0.403	0.0572	0.19119	0.34861
V194	0.01894	0.73477	0	0.24629
V195	0.00698	0.10343	0.86689	0.0227
V196	0.0038	0.05504	0.0089	0.93226
V197	0.1288	0.01913	0.00742	0.84465
V198	0.02011	0.41081	0.32625	0.24283
V199	0.03262	0.01335	0.07047	0.88356
V200	0.03696	0.30712	0.00284	0.65308
V201	0.02891	0.3956	0.09553	0.47996
V202	0.00797	0.06898	0.60564	0.31741
V203	0.07571	0.39776	0.37796	0.14856
V204	0.00324	0.23375	0.00589	0.75713
V205	0.00552	0.11065	0.84467	0.03916
V206	0.01751	0.13244	0.81897	0.03108
V207	0.02467	0.06118	0.01532	0.89884
V208	0.12828	0.10696	0.73057	0.03418
V209	0.12973	0.34362	0.02113	0.50552
V210	0.02972	0.64696	0.03574	0.28758
V211	0.139	0.01258	0.01333	0.83509
V212	0.36361	0.08583	0.49741	0.05315
V213	0.35937	0.03322	0.052	0.55542
V214	0.10681	0.06459	0.06409	0.7645
V215	0.07454	0.03343	0.00569	0.88634
V216	0.02356	0.00658	0.03106	0.9388
V217	0.00832	0.29331	0.11477	0.5836
V218	0.02331	0.23526	0.06466	0.67676
V219	0.03316	0.37174	0.00087	0.59423
V220	0.00603	0.5462	0.00329	0.44448
V221	0.52644	0.03309	0.00665	0.43382
V222	0.13455	0.09126	0.28547	0.48871
V223	0.00154	0.12428	0.70604	0.16813
V224	0.8433	0.07976	0.07693	0
V225	0.02567	0.73171	0.0285	0.21412
V226	0.17208	0.11936	0.67028	0.03827
V227	0.70302	0.05942	0.21154	0.02602
V228	0.63716	0.06791	0.03368	0.26125
V229	0.00994	0.09588	0.84886	0.04532
V230	0.00582	0.02597	0.02312	0.94509
V231	0.00245	0.09233	0.03426	0.87096
V232	0.01908	0.3542	0	0.62672
V233	0.35943	0.07445	0.13596	0.43017
V234	0.01832	0.74106	0.00892	0.2317
V235	0.22192	0.10123	0.60138	0.07547
V236	0.01087	0.0942	0.73591	0.15903
V237	0.04397	0.00852	0.01509	0.93242
V238	0.05056	0.4905	0.20895	0.24998
V239	0.01619	0.154	0.00648	0.82333
V240	0.32335	0.07997	0.47505	0.12163
V241	0.01155	0.08129	0.78586	0.1213
V242	0.05587	0.68449	0.04118	0.21846
V243	0.09846	0.08304	0.63745	0.18105
V244	0.08395	0.07272	0.65845	0.18487
V245	0.47889	0.27692	0.02086	0.22332
V246	0.01538	0.15051	0.76874	0.06537
V247	0.11909	0.10359	0.77444	0.00288
V248	0.00609	0.02229	0.0332	0.93842
V249	0	0.09969	0.77659	0.12372
V250	0.67405	0.06421	0.25477	0.00698
V251	0.90025	0.09151	0.00452	0.00372
V252	0.01956	0.68049	0.12445	0.1755
V253	0.10867	0.0276	0.06055	0.80317
V254	0.00724	0.74399	0.03264	0.21612
V255	0.02219	0.70727	0	0.27055
V256	0.06505	0.17018	0.51119	0.25358
V257	0.1799	0.05673	0.13191	0.63146
V258	0.06265	0.18502	0.36964	0.38269
V259	0.0079	0.2377	0.62129	0.1331
V260	0.00116	0.25029	0.68072	0.06783
V261	0.3914	0.04419	0.13561	0.4288
V262	0.02105	0.0281	0.00877	0.94208
V263	0.01566	0.73846	0	0.24588
V264	0.04085	0.03107	0.24817	0.67992
V265	0.01113	0.01202	0.08924	0.8876
V266	0.52995	0.38213	0.00859	0.07933
V267	0.00013	0.06671	0.13334	0.79983
V268	0.11206	0.01671	0.05226	0.81898
V269	0.00453	0.44258	0.32864	0.22424
V270	0.48544	0.05619	0.22159	0.23678
V271	0.64863	0.06299	0.0132	0.27518
V272	0.02369	0.59309	0.00031	0.38291
V273	0.0164	0.01453	0.02206	0.94701
V274	0.52182	0.04317	0.1381	0.29691
V275	0	0.11353	0.8612	0.02527
V276	0.29053	0.24175	0.00197	0.46575
V277	0.00487	0.06625	0.05489	0.87399
V278	0.00485	0.02671	0.13128	0.83715
V279	0.48054	0.05347	0.06227	0.40372
V280	0.01268	0.00796	0.05509	0.92427
V281	0.24262	0.02213	0.06139	0.67385
V282	0.01767	0.09976	0.76225	0.12032
V283	0.08184	0.41913	0.01805	0.48098
V284	0.01273	0.73794	0.03294	0.2164
V285	0.08397	0.10191	0.81278	0.00134
V286	0.11222	0.45717	0.05155	0.37906
V287	0.03928	0.71455	0	0.24617
V288	0.0033	0.13476	0.26831	0.59364
V289	0.13706	0.18234	0.43216	0.24844
V290	0.7449	0.21583	0.01435	0.02491
V291	0.35649	0.10724	0.50579	0.03048
V292	0.81915	0.05624	0.00168	0.12293
V293	0.14602	0.08334	0.68294	0.08769
V294	0.02234	0.14025	0.00122	0.83619
V295	0.00208	0.06076	0.0725	0.86465
V296	0.06716	0.11527	0.5986	0.21897
V297	0.02096	0.00866	0.05139	0.91899
V298	0.16596	0.12959	0.66327	0.04118
V299	0.01493	0.09742	0.00409	0.88356
V300	8e-05	0.02842	0.12057	0.85093
V301	0.03747	0.10013	0.59006	0.27234
V302	0.53597	0.35516	0	0.10887
V303	0.00643	0.48491	0.31867	0.18999
V304	0.01538	0.06405	0.59892	0.32166
V305	0.02783	0.0867	0.30911	0.57636
V306	0.73749	0.09944	0.03164	0.13143
V307	0.01024	0.75276	0.0038	0.2332
V308	0.07306	0.1171	0.17325	0.6366
V309	0.10327	0.14414	0.00568	0.74691
V310	0.01265	0.11679	0.04654	0.82403
V311	0.38254	0.4827	0	0.13476
V312	0.03678	0.65558	0.07898	0.22866
V313	0.00098	0.06969	0.01178	0.91756
V314	0.0038	0.20795	0.03411	0.75413
V315	0.03774	0.37709	0.00893	0.57624
V316	0.13055	0.09281	0.31022	0.46642
V317	0.02861	0.46254	0.01438	0.49447
V318	0.0113	0.25108	0.00525	0.73238
V319	0.01785	0.10588	0.81033	0.06594
V320	0.01905	0.11575	0.5658	0.29939
V321	0.52576	0.38485	0.00813	0.08127
V322	0.04565	0.12302	0.02117	0.81017
V323	0.01333	0.01225	0.05093	0.92349
V324	0.58408	0.26499	0.04284	0.10809
V325	0.17788	0.61745	0.02486	0.1798
V326	0.00311	0.27311	0.02777	0.69602
V327	0.00231	0.05026	0.03972	0.90771
V328	0.01297	0.06159	0.58861	0.33683
V329	0.03375	0.03343	0.05629	0.87654
V330	0.13689	0.02717	0.22846	0.60747
V331	0.09442	0.0297	0.01196	0.86392
V332	0.00113	0.02477	0.09139	0.88271
V333	0.22336	0.07849	0.37442	0.32374
V334	0.11869	0.02991	0.24128	0.61012
V335	0.00517	0.22581	0.42537	0.34364
V336	0.06699	0.53998	0.00079	0.39223
V337	0.15098	0.39071	0.28803	0.17028
V338	0.00567	0.76742	0.00486	0.22205
V339	0.07112	0.0917	0.81922	0.01796
V340	0.01072	0.13306	0.39879	0.45743
V341	0.00562	0.01834	0.04514	0.9309
V342	0.08881	0.06184	0.55269	0.29665
V343	0.91703	0.07586	0.0071	0
V344	0.56971	0.19835	0.20962	0.02232
V345	0.02879	0.13792	0.82055	0.01274
V346	0.06014	0.04604	0.12832	0.7655
V347	0.0111	0.01028	0.07483	0.90379
V348	0.01416	0.45636	0.05838	0.47109
V349	0.17503	0.13425	0.36143	0.32929
V350	0.02551	0.65672	0.14493	0.17284
V351	0.0026	0.02988	0.19454	0.77297
V352	0.01579	0.08025	0.75818	0.14578
V353	0.76585	0.04827	0.02128	0.16459
V354	0.01456	0.5855	0.15336	0.24658
V355	0.10144	0.0616	0.36931	0.46765
V356	0.00888	0.0137	0.06158	0.91583
V357	0.02538	0.1594	0.13764	0.67759
V358	0.22413	0.04926	0.01443	0.71218
V359	0.22814	0.02654	0.00979	0.73552
V360	0.42196	0.43555	0.00467	0.13781
V361	0.00177	0.37225	0.52231	0.10368
V362	0.00551	0.75863	0.01251	0.22335
V363	0.04885	0.06859	0.32637	0.55619
V364	0.05416	0.08442	0.64308	0.21833
V365	0.07381	0.01257	0.00581	0.90781
V366	0.02169	0.46341	0.02812	0.48678
V367	0.25151	0.06604	0.0026	0.67986
V368	0.02732	0.56453	0.02968	0.37846
V369	0.00473	0.33762	0.56689	0.09077
V370	0.15822	0.2598	0.44819	0.13379
V371	0.07633	0.60031	0.00336	0.32
V372	0.02857	0.01747	0.0411	0.91286
V373	0.01474	0.06915	0.2837	0.6324
V374	0.65635	0.08169	0.26196	0
V375	0.00886	0.01884	0.0685	0.90381
V376	0.00855	0.01745	0.05656	0.91743
V377	0.48327	0.02476	0.01229	0.47967
V378	0.00123	0.03214	0.19865	0.76799
V379	0.09131	0.07002	0.00341	0.83526
V380	0.02775	0.02525	0.07465	0.87235
V381	0.48305	0.0322	0.04873	0.43602
V382	0.02945	0.10228	0.84899	0.01928
V383	0.63166	0.03362	0.02882	0.3059
V384	0.25845	0.04876	0.05993	0.63285
V385	0.7625	0.04998	0.04829	0.13923
V386	0.07178	0.01233	0.05696	0.85893
V387	0.43666	0.13576	0.1431	0.28448
V388	0.17596	0.23242	0.07514	0.51648
V389	0.24036	0.46575	0.00021	0.29369
V390	0.15661	0.26288	0.51593	0.06457
V391	0.12675	0.03846	0.00539	0.8294
V392	0.19022	0.13741	0.08195	0.59043
V393	0.11732	0.15761	0.27714	0.44793
V394	0.01369	0.07223	0.03037	0.88372
V395	0.08005	0.24846	0.10083	0.57066
V396	0.00807	0.74092	0.00119	0.24982
V397	0.72432	0.10251	0.06849	0.10468
V398	0.15715	0.05983	0.03378	0.74924
V399	0.07284	0.44847	0.07346	0.40523
V400	0.00298	0.28114	0.01834	0.69754
V401	0.00578	0.1379	0.67164	0.18468
V402	0.72271	0.22215	0.03078	0.02436
V403	0.00753	0.01555	0.05286	0.92405
V404	0.02414	0.14874	0.57261	0.25451
V405	0.044	0.01626	0.06155	0.87819
V406	0.46616	0.199	0.00493	0.3299
V407	0.00567	0.76742	0.00486	0.22205
V408	0.01913	0.11729	0.24876	0.61482
V409	0.00029	0.02873	0.05416	0.91682
V410	0.03543	0.71001	0.00848	0.24609
V411	0.15581	0.01919	0.00226	0.82274
V412	0.04407	0.0563	0.33044	0.56918
V413	0.01064	0.25692	0.06882	0.66362
V414	0.00829	0.35854	0.24052	0.39265
V415	0.16346	0.0257	0.12031	0.69053
V416	0.01474	0.15764	0.81029	0.01732
V417	0.25352	0.5816	0	0.16489
V418	0.0105	0.03388	0.04973	0.90589
V419	0.0118	0.00964	0.06134	0.91722
V420	0.00481	0.63147	0.00368	0.36004
V421	0.05203	0.07345	0.61985	0.25467
V422	0.01418	0.0383	0.00559	0.94193
V423	0.02454	0.0923	0.83628	0.04688
V424	0.00025	0.05846	0.39028	0.55102
V425	0.01223	0.16875	0.53813	0.28089
V426	0.02885	0.08564	0.74556	0.13994
V427	0.01145	0.17726	0.07283	0.73846
V428	0.03373	0.58924	0.01744	0.35958
V429	0.00922	0.00946	0.06597	0.91535
V430	0.60996	0.1493	0.0057	0.23504
V431	0.046	0.03087	0.26998	0.65315
V432	0.0195	0.03389	0.01572	0.9309
V433	0.02487	0.44526	0	0.52986
V434	0.08647	0.02591	0.01653	0.87109
V435	0.19115	0.01746	0.04704	0.74435
V436	0.10741	0.01381	0.03883	0.83994
V437	0.05184	0.08236	0.00254	0.86326
V438	0.33481	0.09034	0.00992	0.56493
V439	0.01064	0.05346	0.00566	0.93023
V440	0.16032	0.01932	0.01062	0.80974
V441	0.01385	0.08733	0.45392	0.4449
V442	0.12214	0.20331	0.06077	0.61378
V443	0.48779	0.03116	0.04934	0.43171
V444	0.02879	0.13792	0.82055	0.01274
V445	0.47379	0.07426	0.38239	0.06956
V446	0.01064	0.63381	0.01647	0.33907
V447	0.46477	0.08351	0.12813	0.32359
V448	0.00209	0.02727	0.08832	0.88232
V449	0.36068	0.06518	0.28222	0.29192
V450	0.10501	0.70585	0.00796	0.18117
V451	0.86684	0.08917	0.00046	0.04353
V452	0.0108	0.01089	0.05696	0.92134
V453	0.72285	0.08095	0.04175	0.15445
V454	0.00484	0.73817	0.02881	0.22817
V455	0.4337	0.06858	0.32131	0.17642
V456	0.13684	0.0906	0.30965	0.46291
V457	0.00116	0.04714	0.0245	0.9272
V458	0.06283	0.08315	0.00258	0.85144
V459	0.00739	0.58869	0.03252	0.37141
V460	0.90354	0.05678	0.02146	0.01822
V461	0.0211	0.02301	0.00723	0.94866
V462	0.10645	0.10694	0.00153	0.78507
V463	0.11246	0.38159	0.08212	0.42383
V464	0.18401	0.04512	0.00275	0.76813
V465	0.18667	0.31292	0.00606	0.49435
V466	0.29546	0.10413	0.0022	0.59821
V467	0.16794	0.54499	0.03728	0.24979
V468	0.35084	0.38412	0.01843	0.24661
V469	0.00231	0.06324	0.12497	0.80948
V470	0.32586	0.09263	0.10913	0.47239
V471	0.05787	0.03508	0.0101	0.89694
V472	0.10306	0.15758	0.00128	0.73808
V473	0.03559	0.48128	0.30567	0.17746
V474	0.02559	0.00964	0.05832	0.90645
V475	0.04848	0.18156	0.02229	0.74767
V476	0.03507	0.01128	0.0205	0.93315
V477	0.35658	0.04243	0.13956	0.46143
V478	0.03746	0.31959	2e-04	0.64275
V479	0.00193	0.10253	0.71825	0.17729
V480	0.01587	0.10573	0.01346	0.86493
V481	0.06381	0.09364	0.81166	0.03089
V482	0.63171	0.15881	0.07638	0.1331
V483	0.02218	0.03658	0.0213	0.91995
V484	0.00581	0.03946	0.01437	0.94037
V485	0.04247	0.5191	0	0.43843
V486	0.07581	0.11436	0.04499	0.76485
V487	0.01522	0.01956	0.03491	0.9303
V488	0.01419	0.07976	0.7288	0.17726
V489	0.09134	0.13287	0.73268	0.04311
V490	0.11476	0.15485	0.02433	0.70606
V491	0.27172	0.42906	0.00926	0.28996
V492	0.01153	0.69701	0.08407	0.20738
V493	0.06066	0.00845	0.00579	0.9251
V494	0.06982	0.11892	0.47069	0.34057
V495	0.10877	0.59759	0.08185	0.21179
V496	0.13733	0.59449	0	0.26818
V497	0.00992	0.09266	0.87635	0.02108
V498	0.07479	0.03318	0.0166	0.87542
V499	0.52469	0.29981	0.10164	0.07386
V500	0.03439	0.1305	0.73786	0.09725
V501	0.003	0.0198	0.09773	0.87946
V502	0.44261	0.29351	0.11696	0.14691
V503	0.04067	0.03288	0.0735	0.85295
V504	0.09859	0.58178	0	0.31963
V505	0.04778	0.09281	0.1127	0.7467
V506	0.02001	0.14574	0.32659	0.50767
V507	0.36533	0.07194	0.0643	0.49843
V508	0.65753	0.16435	0.0187	0.15942
V509	0.0763	0.0616	0.3926	0.46949
V510	0.10955	0.49886	0.2489	0.14269
V511	0.00781	0.16199	0.01356	0.81664
V512	0.05052	0.01955	0.02366	0.90627
V513	0.02599	0.53078	0.13273	0.3105
V514	0.00809	0.06186	0.00305	0.92699
V515	0.56487	0.05529	0.02192	0.35792
V516	0.84379	0.13467	0.00104	0.02049
V517	0.00832	0.01916	0.11546	0.85705
V518	0.89494	0.09996	0.00081	0.00429
V519	0.01378	0.61197	0	0.37425
V520	0.00912	0.04073	0.38353	0.56661
V521	0.42046	0.08672	0.41687	0.07596
V522	0.00199	0.07865	0.37086	0.5485
V523	0.12825	0.07375	0.13712	0.66088
V524	0.00588	0.63075	0.13329	0.23008
V525	0.05535	0.06916	0.00641	0.86908
V526	0.35746	0.05342	0.03062	0.5585
V527	0.05139	0.02768	0.22203	0.6989
V528	0.03915	0.67788	0	0.28297
V529	0.00936	0.02449	0.09259	0.87356
V530	0.00176	0.15788	0.58711	0.25325
V531	0.02136	0.69387	0.10104	0.18372
V532	0.03744	0.1236	0.00577	0.83318
V533	0.09966	0.20379	0.05709	0.63947
V534	0.00442	0.05743	0.50032	0.43783
V535	0.21137	0.01323	0.0102	0.7652
V536	0.04454	0.02318	0.19479	0.73749
V537	0.50405	0.28048	0.12598	0.08948
V538	0.14846	0.0225	0.02895	0.80009
V539	0.11261	0.31772	0.07935	0.49032
V540	0.08775	0.62233	0.02982	0.26009
V541	0.004	0.21537	0.01802	0.76261
V542	0.04372	0.04749	0.10354	0.80524
V543	0.67963	0.04125	0.0121	0.26701
V544	0.01848	0.02805	0.06194	0.89153
V545	0.09891	0.05145	0.02239	0.82725
V546	0.02182	0.72763	0.03586	0.21469
V547	0.01238	0.55079	0.25969	0.17714
V548	0.06659	0.6877	0.04348	0.20223
V549	0.17777	0.09594	0.6943	0.03199
V550	0.24018	0.02531	0.00226	0.73224
V551	0.07288	0.62045	0.00578	0.30088
V552	0.00189	0.22774	0.00601	0.76436
V553	0.09879	0.15955	0.6658	0.07585
V554	0.01305	0.0394	0.01132	0.93622
V555	0.01715	0.09703	0.16507	0.72075
V556	0	0.10687	0.8331	0.06003
V557	0.56568	0.03946	0.0056	0.38926
V558	0.02461	0.5507	0.00642	0.41827
V559	0.01874	0.65478	0.15768	0.1688
V560	0.57125	0.34327	0	0.08547
V561	0	0.11353	0.8612	0.02527
V562	0.60579	0.04342	0.07635	0.27444
V563	0.13458	0.09034	0.75882	0.01627
V564	0.01888	0.11902	0.82085	0.04125
V565	0.03053	0.13923	0.24216	0.58808
V566	0.40705	0.06138	0.00255	0.52902
V567	0.06186	0.22718	0.00479	0.70617
V568	0.06252	0.00883	0.01925	0.90939
V569	0.32486	0.02956	0.00067	0.64491
V570	0.00471	0.22614	0.57367	0.19548
V571	0.69472	0.12412	0.00067	0.18048
V572	0.23171	0.06189	0.44222	0.26418
V573	0.01407	0.07033	0.00365	0.91195
V574	0.0126	0.66595	0.11222	0.20923
V575	0.00257	0.03468	0.05763	0.90512
V576	0.06314	0.69977	0.01222	0.22487
V577	0.00639	0.02212	0.09519	0.87631
V578	0.01094	0.07197	0.53159	0.38551
V579	0.00662	0.70388	0.04818	0.24132
V580	0.02729	0.00895	0.05028	0.91349
V581	0.02171	0.04755	0.00299	0.92774
V582	0.27216	0.0779	0.00945	0.64048
V583	0.00143	0.04854	0.36165	0.58838
V584	0.37795	0.16516	0.31961	0.13728
V585	0.00543	0.03273	0.22663	0.73522
V586	0.08776	0.07098	0.62646	0.2148
V587	0.12816	0.08553	0.72011	0.0662
V588	0.27471	0.0263	0.00844	0.69055
V589	0.0178	0.63909	0.02104	0.32207
V590	0.02226	0.64678	0.14162	0.18935
V591	0.00018	0.02834	0.11031	0.86117
V592	0.10687	0.11879	0.76446	0.00988
V593	0.29923	0.02455	0.1063	0.56991
V594	0.18606	0.27532	0.34725	0.19137
V595	0.01161	0.02196	0.01731	0.94912
V596	0.00483	0.10672	0.08535	0.8031
V597	0.00643	0.42742	0.26384	0.30231
V598	0.00362	0.14522	0.80589	0.04527
V599	0.51382	0.32492	0.01103	0.15024
V600	0.16525	0.37935	0.01491	0.44048
V601	0.03406	0.09423	0.02261	0.84911
V602	0.01325	0.02544	0.01165	0.94966
V603	0.00229	0.13958	0.00748	0.85065
V604	0.37282	0.13501	0.39637	0.0958
V605	0.01396	0.19178	0.27031	0.52395
V606	0.52892	0.11922	0.00354	0.34833
V607	0.34188	0.02422	0.05082	0.58309
V608	0.06871	0.09371	0.25545	0.58212
V609	0.00319	0.08209	0.09328	0.82144
V610	0.557	0.04287	0.05228	0.34785
V611	0.07632	0.00961	0.0192	0.89487
V612	0.00449	0.10951	0.74302	0.14298
V613	0.00807	0.27521	0.57266	0.14405
V614	0.54655	0.0508	0.02126	0.38139
V615	0.0336	0.02709	0.00451	0.93481
V616	0.02587	0.4525	0.01425	0.50737
V617	0.33887	0.20546	0.42459	0.03109
V618	0.38192	0.02745	0.00156	0.58907
V619	0.13416	0.03719	0.20438	0.62427
V620	0.00529	0.55125	0.28395	0.15951
V621	0.16962	0.08347	0.08021	0.66669
V622	0.20372	0.22827	0.4451	0.12292
V623	0.0024	0.03115	0.0671	0.89935
V624	0.69719	0.21559	0	0.08722
V625	0.1089	0.36705	0.03933	0.48472
V626	0.90054	0.07803	0.00088	0.02055
V627	0.00036	0.02481	0.07106	0.90377
V628	0.002	0.09541	0.00825	0.89434
V629	0.02752	0.13606	0.13458	0.70184
V630	0.00767	0.27068	0.55843	0.16322
V631	0.00211	0.06865	0.03643	0.89281
V632	0.26829	0.01788	0.06171	0.65212
V633	0	0.08932	0.68449	0.22619
V634	0.26323	0.28114	0.38165	0.07398
V635	0.01224	0.45254	8e-04	0.53442
V636	0.03959	0.09379	0.56902	0.2976
V637	0.07974	0.06924	0.02732	0.8237
V638	0.12697	0.12233	0.02444	0.72626
V639	0.16789	0.41479	0.31724	0.10009
V640	0.00702	0.1479	0.72415	0.12092
V641	0.78829	0.05889	0.01208	0.14074
V642	0.61402	0.16475	0	0.22123
V643	0.00159	0.09026	0.2521	0.65605
V644	0.85467	0.10867	0.00334	0.03332
V645	0.13407	0.40673	0.31052	0.14868
V646	0.00911	0.76437	0.00237	0.22415
V647	0.05195	0.10876	0.70445	0.13484
V648	0.27403	0.44819	0.08789	0.18989
V649	0.00575	0.09965	0.77616	0.11844
V650	0.01143	0.10706	0.73339	0.14811
V651	0.18011	0.08852	0.71654	0.01482
V652	0.01782	0.04657	0.24191	0.6937
V653	0.03817	0.49737	0.04122	0.42324
V654	0.59403	0.18399	0.02835	0.19362
V655	0.0098	0.26079	0.00817	0.72124
V656	0.04415	0.1008	0.00336	0.85169
V657	0.00896	0.04892	0.00732	0.9348
V658	0.37889	0.14832	0.0218	0.45099
V659	0.12276	0.05985	0.25756	0.55984
V660	0.01781	0.73726	0	0.24493
V661	0.00964	0.16424	0.01545	0.81067
V662	0.20451	0.0661	0.46275	0.26663
V663	0.09249	0.08416	0.5338	0.28954
V664	0.07933	0.10197	0.70529	0.11342
V665	0.5345	0.1532	0.01458	0.29772
V666	0.24501	0.01582	0.04116	0.698
V667	0.66697	0.1231	0.20207	0.00786
V668	0.06876	0.67187	0.07873	0.18064
V669	0.10283	0.33378	0.17513	0.38827
V670	0.03768	0.72037	0	0.24195
V671	0.19201	0.24366	0.2163	0.34803
V672	0.00846	0.09598	0.83597	0.05958
V673	0.09107	0.2462	0.13548	0.52725
V674	0.51239	0.10872	0.00595	0.37294
V675	0.0365	0.18908	0.1981	0.57633
V676	0.00413	0.04046	0.04063	0.91478
V677	0.19021	0.31972	0.04525	0.44483
V678	0.37288	0.48913	0.00222	0.13577
V679	0.0122	0.27372	0.62769	0.08639
V680	0.17114	0.54348	0.08656	0.19882
V681	0.84395	0.08463	0.00501	0.06641
V682	0.03655	0.25613	0.56296	0.14435
V683	0.02165	0.73471	0.04968	0.19396
V684	0.60016	0.15203	0.06108	0.18673
V685	0.35685	0.34443	0.07984	0.21888
V686	0.01377	0.05799	0.04818	0.88006
V687	0.01335	0.01366	0.0234	0.9496
V688	0.1845	0.39225	0	0.42325
V689	0.07208	0.00741	0.01808	0.90244
V690	0.2814	0.07977	0.4584	0.18043
V691	0.08754	0.0925	0.80318	0.01678
V692	0.02089	0.13242	0.68265	0.16404
V693	0.0673	0.06179	0.22568	0.64523
V694	0.00103	0.02517	0.14517	0.82862
V695	0.05085	0.01254	0.06502	0.8716
V696	0.01674	0.03802	0.00635	0.93889
V697	0.00492	0.04703	0.00968	0.93837
V698	0.53862	0.03094	0.01168	0.41876
V699	0.38793	0.24408	0.03095	0.33704
V700	0.06675	0.01583	0.00458	0.91284
V701	0.02613	0.29108	0.03833	0.64446
V702	0.20503	0.03749	0.00422	0.75326
V703	0.03297	0.0407	0.29765	0.62868
V704	0.62562	0.049	0.01018	0.3152
V705	0.87896	0.05031	0.01295	0.05777
V706	0.02407	0.08598	0.70944	0.18051
V707	0.00813	0.35501	0.46491	0.17196
V708	0.01384	0.64406	0.00542	0.33668
V709	0.04594	0.21314	0.50525	0.23567
V710	0.36742	0.14227	0.01767	0.47264
V711	0.03634	0.67292	0.03524	0.2555
V712	0.59171	0.05442	0.00308	0.35079
V713	0.16819	0.16809	0.00892	0.6548
V714	0.00426	0.34543	0.0076	0.64271
V715	0.15722	0.30033	0.28037	0.26208
V716	0.00837	0.02367	0.02687	0.94109
V717	0.04275	0.73286	0	0.22439
V718	0.05037	0.43283	0.09345	0.42334
V719	0.01484	0.42805	0.01159	0.54552
V720	0.5342	0.04896	0.22504	0.19181
V721	0.02879	0.09264	0.33018	0.54839
V722	0.01891	0.1248	0.00358	0.85271
V723	0.02423	0.03699	0.00421	0.93458
V724	0.23741	0.02081	0.03282	0.70896
V725	0	0.13585	0.79274	0.07142
V726	0.00551	0.14674	0.03483	0.81292
V727	0.14747	0.62328	0.04778	0.18147
V728	0.01179	0.71867	0.05626	0.21328
V729	0.12382	0.01675	0.06625	0.79319
V730	0.84445	0.06337	0.02759	0.06459
V731	0.00347	0.08502	0.20901	0.70251
V732	0.13493	0.05582	0.24973	0.55952
V733	0.40615	0.12558	0.01035	0.45792
V734	0.11441	0.30948	0.49918	0.07693
V735	0.00263	0.03487	0.25225	0.71025
V736	0.05111	0.00943	0.00646	0.933
V737	0.15103	0.20517	0.15828	0.48552
V738	0.01981	0.22366	0.36498	0.39155
V739	0	0.05175	0.37045	0.57779
V740	0.80738	0.11197	0.0465	0.03414
V741	0.18879	0.0529	0.05009	0.70822
V742	0.28308	0.56985	0.0081	0.13897
V743	0.04999	0.15462	0.72747	0.06792
V744	0.30526	0.06254	0.31137	0.32083
V745	0.00663	0.49628	0.09769	0.3994
V746	0.92471	0.07098	0.00431	0
V747	0.01828	0.05424	0.53277	0.39472
V748	0.03565	0.08142	0.47143	0.4115
V749	0.06354	0.05982	0.01577	0.86088
V750	0.20842	0.3645	0.00282	0.42426
V751	0.01458	0.66866	0.01046	0.3063
V752	0.2233	0.14591	0.06607	0.56472
V753	0.0216	0.03626	0.00358	0.93856
V754	0.0119	0.67699	0	0.31111
V755	0.03328	0.09121	0.17991	0.6956
V756	0.00998	0.01098	0.04777	0.93128
V757	0.18989	0.55672	0.02707	0.22632
V758	0.01429	0.5964	0.04807	0.34123
V759	0.02764	0.03469	0.20948	0.72819
V760	0.08099	0.02816	0.13252	0.75833
V761	0.02004	0.45155	0.20017	0.32824
V762	0.00164	0.14353	0.00768	0.84716
V763	0.1413	0.20589	0.00614	0.64666
V764	0.0066	0.67662	0.00174	0.31503
V765	0.3486	0.05788	0.00177	0.59175
V766	0.00376	0.18062	0.29391	0.52171
V767	0.26102	0.09151	0.17801	0.46945
V768	0.02442	0.72447	0.00359	0.24752
V769	0.05789	0.70576	0.00861	0.22774
V770	0.00911	0.76437	0.00237	0.22415
V771	0.07494	0.09467	0.79982	0.03058
V772	0.0586	0.10803	0.81051	0.02285
V773	0.07516	0.70551	0	0.21933
V774	0.01292	0.08921	0.83927	0.0586
V775	0.0214	0.02231	0.12272	0.83358
V776	0.22839	0.3459	0.01603	0.40968
V777	0.03296	0.03667	0.04409	0.88627
V778	0.31943	0.20899	0.02887	0.44271
V779	0.04642	0.0438	0.32096	0.58882
V780	0.067	0.65158	0.10831	0.17311
V781	0.01443	0.01995	0.01618	0.94943
V782	0.00125	0.1258	0.7274	0.14554
V783	0.53215	0.03428	0.02678	0.40678
V784	0.05339	0.73292	0.00077	0.21292
V785	0.01756	0.73412	0.00103	0.2473
V786	0.63254	0.15582	0.0542	0.15744
V787	0.00518	0.68544	0.1116	0.19777
V788	0.38006	0.30156	0.109	0.20938
V789	0.01516	0.12956	0.0085	0.84678
V790	0.14386	0.01552	0.0262	0.81442
V791	0.04105	0.24721	0.23295	0.47879
V792	0.0353	0.26944	0.00066	0.6946
V793	0.03905	0.40595	0.00884	0.54616
V794	0.00979	0.10116	0.72659	0.16247
V795	0.021	0.01906	0.02087	0.93907
V796	0.00656	0.12499	0.81089	0.05757
V797	0.64403	0.06218	0.26639	0.0274
V798	0.52788	0.307	0.04662	0.1185
V799	0.0508	0.60573	0.0029	0.34057
V800	0.01528	0.03533	0.29816	0.65123
V801	0.02947	0.04772	0.1509	0.7719
V802	0.00456	0.03197	0.11951	0.84395
V803	0.11118	0.49603	0.27061	0.12217
V804	0.32553	0.06385	0.40954	0.20108
V805	0.07433	0.10074	0.82494	0
V806	0.02002	0.70689	0	0.27309
V807	0.05294	0.05059	0.01115	0.88532
V808	0.55852	0.26571	0.0163	0.15947
V809	0.03904	0.13264	0.81293	0.01539
V810	0.01709	0.76368	0	0.21923
V811	0.15001	0.04204	0.0933	0.71465
V812	0.31402	0.18692	0.0169	0.48217
V813	0.50018	0.20527	0.17274	0.1218
V814	0.30354	0.525	0.0218	0.14965
V815	0.00488	0.73189	0.05411	0.20912
V816	0.82569	0.0701	0.10421	0
V817	0.00782	0.12434	0.82388	0.04395
V818	0.00018	0.04463	0.03545	0.91974
V819	0.74392	0.09382	0.03207	0.13019
V820	0.02371	0.03532	0.00799	0.93298
V821	0.09819	0.25908	0.37225	0.27048
V822	0.02193	0.09637	0.83492	0.04677
V823	0.00409	0.15158	0.60901	0.23532
V824	0.04588	0.34028	0.53801	0.07583
V825	0.07482	0.15744	0.13247	0.63527
V826	0.30654	0.43848	0.11858	0.13639
V827	0.22828	0.55559	0	0.21613
V828	0.04622	0.05462	0.03107	0.86809
V829	0.00649	0.08439	0.01228	0.89684
V830	0.04632	0.07753	0.00622	0.86993
V831	0.57601	0.07422	0.01205	0.33771
V832	0.10825	0.27386	0.08318	0.5347
V833	0.04505	0.34522	0.08475	0.52498
V834	0.06674	0.02494	0.02391	0.88441
V835	0.18722	0.40083	0.06429	0.34767
V836	0.00444	0.34643	0.00535	0.64378
V837	0.07662	0.22767	0.08958	0.60614
V838	0.88906	0.08662	0.02153	0.00279
V839	0.18046	0.59101	0.05514	0.1734
V840	0.19585	0.63697	0.00469	0.16248
V841	0	0.10399	0.78393	0.11208
V842	0.13962	0.0968	0.15627	0.60731
V843	0.00638	0.08733	0.76426	0.14203
V844	0.02534	0.04275	0.18801	0.7439
V845	0.01733	0.11397	0.71578	0.15291
V846	0	0.0751	0.55537	0.36953
V847	0.00717	0.01627	0.09175	0.88482
V848	0.02165	0.29521	0.06561	0.61752
V849	0.00502	0.7203	0.00168	0.273
V850	0.91348	0.05483	0.01403	0.01766
V851	0.22521	0.50852	0.14125	0.12503
V852	0.01921	0.01955	0.04962	0.91163
V853	0.10016	0.16562	0.34848	0.38575
V854	0.36722	0.12686	0.05765	0.44827
V855	0.00717	0.01627	0.09175	0.88482
V856	0.00725	0.1907	0.21528	0.58678
V857	0.46296	0.12823	0.01058	0.39823
V858	0.39284	0.08181	0.51271	0.01263
V859	0.47428	0.19208	0.00504	0.3286
V860	0.03411	0.03748	0.01606	0.91236
V861	0.03505	0.31302	0.55506	0.09687
V862	0.04755	0.11048	0.72912	0.11285
V863	0.05258	0.03143	0.00268	0.91332
V864	0.01521	0.01879	0.02411	0.94189
V865	0.0219	0.01523	0.12722	0.83565
V866	0.60668	0.07385	0.29442	0.02505
V867	0.61454	0.0836	0.29492	0.00695
V868	0.35296	0.24474	0.08287	0.31943
V869	0.01576	0.76111	0.00082	0.22232
V870	0.02117	0.12132	0.00463	0.85287
V871	0.00502	0.7203	0.00168	0.273
V872	0.00164	0.02222	0.12866	0.84748
V873	0.81584	0.06298	0.03203	0.08915
V874	0.13244	0.67295	0.01992	0.17469
V875	0.00225	0.06598	0.07759	0.85417
V876	0.05542	0.25493	0.37275	0.31691
V877	0.00786	0.20891	0.16389	0.61934
V878	0.07839	0.67661	0.06192	0.18308
V879	0.07628	0.55139	0.01098	0.36136
V880	0.12132	0.39747	0	0.48121
V881	0.0425	0.06065	0.46834	0.42851
V882	0.64561	0.04174	0.09532	0.21733
V883	0.15998	0.2255	0.57262	0.0419
V884	0.00814	0.10927	0.00189	0.88069
V885	0.61934	0.26111	0.07763	0.04192
V886	0.00408	0.23736	0.3673	0.39126
V887	0.39857	0.06283	0.09528	0.44331
V888	0.03101	0.08324	0.68081	0.20493
V889	0.86394	0.07998	0.01143	0.04465
V890	0.00471	0.10384	0.47805	0.4134
V891	0.48821	0.08369	0.30011	0.12799
V892	0.06449	0.06573	0.00386	0.86592
V893	0.44604	0.20096	0.10679	0.24621
V894	0.02011	0.26013	0.5764	0.14335
V895	0.35882	0.06452	0.13262	0.44405
V896	0.01894	0.73477	0	0.24629
V897	0.54028	0.23201	0.00084	0.22687
V898	0.16301	0.01242	0.00831	0.81626
V899	0.0034	0.06228	0.04958	0.88474
V900	0.01608	0.15086	0.2227	0.61036
V901	0.01549	0.56237	0	0.42215
V902	0.0219	0.73846	0.02345	0.21619
V903	0.00321	0.32946	0.48632	0.181
V904	0.01977	0.7607	0	0.21953
V905	0.02683	0.01092	0.087	0.87526
V906	0.11814	0.03617	0.03539	0.8103
V907	0.26056	0.4671	0.0029	0.26944
V908	0.00162	0.0295	0.04798	0.92091
V909	0.0526	0.61955	0	0.32785
V910	0.03114	0.01012	0.06119	0.89755
V911	0.33665	0.35991	0.00955	0.29389
V912	0.17696	0.22551	0.06285	0.53467
V913	0.05483	0.00755	0.00965	0.92797
V914	0.07643	0.44806	0.26302	0.21249
V915	0.07905	0.00833	0.00835	0.90427
V916	0.10316	0.09697	0.68631	0.11356
V917	0.54626	0.05362	0.11131	0.2888
V918	0.01259	0.48046	0.14489	0.36207
V919	0.05373	0.11612	0.16117	0.66898
V920	0.43151	0.16232	0.05535	0.35083
V921	0.00533	0.06325	0.01196	0.91946
V922	0.03264	0.39395	0.36072	0.21268
V923	0.01888	0.01089	0.02282	0.94741
V924	0.01103	0.56243	0.2084	0.21813
V925	0.04366	0.01644	0.00607	0.93384
V926	0.04537	0.0121	0.01269	0.92984
V927	0.00571	0.02511	0.03465	0.93453
V928	0.01993	0.66441	0	0.31566
V929	0.01367	0.41578	0.0486	0.52195
V930	0.30674	0.31321	0.00964	0.37041
V931	0.04623	0.22065	0.49292	0.2402
V932	0.00434	0.07791	0.43672	0.48104
V933	0.4614	0.40731	0.00226	0.12902
V934	0.0017	0.05606	0.12184	0.8204
V935	0.40226	0.15566	0.17695	0.26512
V936	0.26447	0.16835	0.00428	0.5629
V937	0.24336	0.0705	0.03601	0.65013
V938	0.13184	0.04065	0.18905	0.63845
V939	0.49112	0.03412	0.03797	0.43679
V940	0.00894	0.6513	0.07806	0.2617
V941	0	0.11002	0.8731	0.01688
V942	0.66024	0.20422	0.04406	0.09148
V943	0.22641	0.13496	0.4643	0.17432
V944	0.00246	0.09291	0.01959	0.88504
V945	0.37154	0.30165	0.00167	0.32515
V946	0.30966	0.26965	0.25302	0.16767
V947	0.01528	0.02177	0.09707	0.86587
V948	0.18198	0.08974	0.67653	0.05175
V949	0	0.04595	0.09459	0.85946
V950	0.01317	0.32773	0.09913	0.55997
V951	0.7437	0.07473	0.17606	0.00551
V952	0.01009	0.04485	0.11034	0.83472
V953	0.00373	0.10805	0.8222	0.06603
V954	0.0049	0.05936	0.04784	0.8879
V955	0.03456	0.33105	0.00594	0.62845
V956	0.00833	0.03452	0.29152	0.66563
V957	0.10963	0.01592	0.00265	0.87179
V958	0.06066	0.00845	0.00579	0.9251
V959	0.10204	0.21618	0.42997	0.2518
V960	0.05573	0.10533	0.02392	0.81503
V961	0.04239	0.27938	0.27572	0.40252
V962	0.18996	0.15273	0.41108	0.24624
V963	0.43579	0.15522	0.11276	0.29623
V964	0.77205	0.06149	0.06953	0.09693
V965	0.01099	0.27351	0.07698	0.63852
V966	0.91143	0.06652	0.00474	0.01731
V967	0.01194	0.03937	0.31077	0.63792
V968	0	0.15058	0.69836	0.15106
V969	0.00185	0.10046	0.01318	0.88451
V970	0.00404	0.0559	0.22201	0.71806
V971	0.31813	0.08985	0.33828	0.25374
V972	0.21629	0.1038	0.0144	0.66552
V973	0.08954	0.23952	0.02592	0.64503
V974	0.00591	0.59192	0.05342	0.34875
V975	0.03987	0.26422	0.62653	0.06937
V976	0.19008	0.14651	0.05364	0.60977
V977	0.1803	0.36999	0.35377	0.09593
V978	0.01303	0.03467	0.02218	0.93012
V979	0.70999	0.07153	0.21197	0.00652
V980	0.92471	0.07098	0.00431	0
V981	0.12653	0.04927	0.34403	0.48017
V982	0.25429	0.34528	0.03426	0.36617
V983	0.3741	0.04377	0.00302	0.57912
V984	0.00752	0.67257	0.05105	0.26885
V985	0.01566	0.07517	0.00328	0.90589
V986	0.1455	0.41783	0.01447	0.42219
V987	0.12414	0.65669	0	0.21917
V988	0.05687	0.01213	0.00714	0.92385
V989	0.29915	0.48325	0.04474	0.17286
V990	0	0.08952	0.64444	0.26604
V991	0.51083	0.37231	0	0.11685
V992	0.05852	0.03995	0.36774	0.53379
V993	0.02252	0.60147	0.10022	0.27579
V994	0.08331	0.68659	0.00907	0.22104
V995	0.51799	0.08201	0.01127	0.38873
V996	0.06148	0.04226	0.00427	0.89199
V997	0.0077	0.07522	0.69044	0.22664
V998	0.76912	0.04993	0.04236	0.13859
V999	0.06997	0.72618	0	0.20385
V1000	0.10188	0.01909	0.00286	0.87617
