B_cells	NK_cells	T_cells_CD4.	Monocytes
V1	0.56449	0	0.18095	0.25456
V2	0.19133	0.08193	0.08218	0.64456
V3	0.07163	0.6151	0.03811	0.27516
V4	0.85508	0.10156	0	0.04337
V5	0.11527	0.46853	0.27819	0.13801
V6	0.09436	0.82379	0.0563	0.02555
V7	0.16404	0.35949	0.11017	0.3663
V8	0.13107	0.02554	0.80558	0.03781
V9	0.26678	0.23591	0.05443	0.44288
V10	0.01484	0.03059	0.89668	0.05789
V11	0.2095	0.35578	0.43472	0
V12	0.03101	0.57226	0.3911	0.00563
V13	0.28308	0.67131	0.02625	0.01936
V14	0.08844	0.86507	0.03841	0.00808
V15	0.13149	0.57887	0.15252	0.13711
V16	0.87731	0.03501	0.02577	0.06192
V17	0.10482	0.82515	0.04458	0.02545
V18	0.57106	0.33285	0.05545	0.04064
V19	0.17759	0.7763	0.03198	0.01414
V20	0.18603	0.45849	0.03881	0.31667
V21	0.13112	0.08081	0.75434	0.03374
V22	0.03289	0.09563	0.24697	0.6245
V23	0.38038	0.05553	0.55698	0.00711
V24	0.93081	0.02726	0.04192	0
V25	0.3552	0.23592	0.14644	0.26245
V26	0.407	0.37795	0.02822	0.18683
V27	0.15222	0.0518	0.05117	0.74481
V28	0	0.0801	0.9199	0
V29	0.43857	0.03852	0.4902	0.03272
V30	0.11135	0.22615	0.30302	0.35948
V31	0.21305	0.20073	0.31311	0.27311
V32	0.13623	0.01678	0.07879	0.76819
V33	0.04767	0.49374	0.37711	0.08148
V34	0.13083	0.06031	0.77333	0.03552
V35	0.17665	0.68409	0.11513	0.02412
V36	0.00595	0.05016	0.51569	0.4282
V37	0.55632	0.06205	0.10912	0.27251
V38	0.45323	0	0.18244	0.36433
V39	0.17666	0.54575	0.15857	0.11902
V40	0.11009	0.77957	0.11035	0
V41	0.01061	0.66951	0.08345	0.23643
V42	0.25565	0.02036	0.23909	0.48489
V43	0.13475	0.3462	0.50148	0.01757
V44	0.00605	0.10015	0.74517	0.14864
V45	0.10697	0.57022	0.2486	0.0742
V46	0.79175	0.07017	0.12679	0.01129
V47	0.44612	0.19332	0.31718	0.04338
V48	0.79948	0.15915	0.00406	0.03732
V49	0.73386	0.17431	0	0.09183
V50	0.08331	0.79358	0.12311	0
V51	0.31628	0.39418	0.27237	0.01716
V52	0.01986	0.13722	0.8051	0.03782
V53	0.72785	0.11809	0.15406	0
V54	0.42267	0.19795	0.36616	0.01322
V55	0.23277	0.13173	0.26554	0.36997
V56	0.0948	0.00077	0.1379	0.76652
V57	0.11616	0.81398	0.05622	0.01364
V58	0.6631	0	0.0408	0.2961
V59	0.43638	0.39583	0.12501	0.04277
V60	0.14537	0.16296	0.35098	0.3407
V61	0.79817	0.09618	0.00819	0.09746
V62	0.85968	0.03106	0.07343	0.03583
V63	0.02743	0.79061	0.16176	0.0202
V64	0.02367	0.84425	0.01714	0.11494
V65	0.05101	0	0.14885	0.80014
V66	0.23202	0.66353	0.04413	0.06031
V67	0.15683	0.33535	0.50782	0
V68	0.20049	0.14444	0.04407	0.611
V69	0.02174	0.32492	0.61355	0.03979
V70	0.53799	0.15063	0.19136	0.12002
V71	0.18037	0.07811	0.39981	0.34171
V72	0.57562	0.15318	0.10646	0.16474
V73	0.16406	0.59144	0.16985	0.07465
V74	0.05149	0.23669	0.71183	0
V75	0.70578	0	0.1945	0.09972
V76	0	0.18353	0.22732	0.58915
V77	0.06505	0.29796	0.02787	0.60913
V78	0.32702	0.11462	0.20906	0.3493
V79	0	0.12565	0.79245	0.08191
V80	0.35639	0.02896	0.5335	0.08115
V81	0.05649	0.18406	0.75946	0
V82	0	0.1	0.88236	0.01765
V83	0.16898	0.17723	0.10574	0.54806
V84	0.41972	0.03692	0.18545	0.35792
V85	0.11224	0.32463	0.41502	0.14811
V86	0.04284	0.07793	0.8307	0.04853
V87	0.04811	0.79375	0.09599	0.06215
V88	0.19135	0.05948	0.30124	0.44793
V89	0.04736	0.00941	0.24957	0.69366
V90	0.04411	0.84109	0.09894	0.01586
V91	0.04455	0.70745	0.22401	0.02399
V92	0.46208	0.02464	0.38493	0.12835
V93	0.88079	0.00386	0	0.11535
V94	0.03018	0.45739	0.051	0.46144
V95	0.2657	0.42376	0.17992	0.13062
V96	0.1222	0.0986	0.05937	0.71983
V97	0.67911	0.10466	0.21042	0.00581
V98	0.69519	0.28107	0	0.02375
V99	0.7899	0.04514	0.151	0.01396
V100	0.07621	0.05454	0.83612	0.03312
V101	0.08215	0.066	0.0169	0.83495
V102	0.90104	0.04729	0.0063	0.04536
V103	0.03922	0.04388	0.14273	0.77417
V104	0.05253	0.89034	0.04287	0.01426
V105	0.07859	0.86409	0.05063	0.00669
V106	0.12671	0.50535	0.34131	0.02663
V107	0.18872	0.21671	0.55432	0.04025
V108	0.16127	0.71503	0.12371	0
V109	0.0063	0.18259	0.60662	0.20448
V110	0.07351	0.82366	0.07767	0.02515
V111	0.89754	0	0.07356	0.0289
V112	0.14323	0.07231	0.45255	0.33191
V113	0.21812	0.10666	0.20996	0.46525
V114	0.28728	0.03503	0.11424	0.56345
V115	0.01388	0.72281	0.26136	0.00195
V116	0.14714	0.32105	0.38308	0.14873
V117	0.67126	0.24184	0.04145	0.04545
V118	0.18098	0.56557	0.06061	0.19283
V119	0.16085	0.07313	0.08747	0.67855
V120	0.07778	0.09837	0.80692	0.01693
V121	0.59779	0.12322	0.10516	0.17382
V122	0.9133	0.00345	0.02675	0.05651
V123	0.01277	0.5228	0.08123	0.38319
V124	0.66369	0.27499	0	0.06133
V125	0.39227	0.40391	0.19213	0.01169
V126	0.07376	0.14907	0.0907	0.68647
V127	0.19307	0.04763	0.29177	0.46753
V128	0.07602	0.00526	0.15976	0.75896
V129	0.57217	0.22767	0.17227	0.02789
V130	0.01088	0.63338	0.35398	0.00177
V131	0.04315	0.86331	0.02361	0.06993
V132	0.90026	0	0.04026	0.05948
V133	0.88564	0.01185	0.06043	0.04209
V134	0.12512	0.39629	0.16078	0.31781
V135	0.11699	0.01353	0.22422	0.64526
V136	0.26848	0.39975	0.02441	0.30735
V137	0.64338	0.03602	0.24863	0.07197
V138	0.22148	0.40005	0.20211	0.17636
V139	0.36183	0.20889	0.21289	0.21639
V140	0.06945	0.09036	0.09843	0.74176
V141	0.06584	0.1773	0.55206	0.2048
V142	0.79508	0	0.20492	0
V143	0.44219	0.2582	0.08355	0.21606
V144	0.19318	0.16137	0.20011	0.44534
V145	0	0.73515	0.26163	0.00322
V146	0.11989	0.00222	0.09144	0.78644
V147	0.88426	0.01811	0.02659	0.07103
V148	0.13522	0.0931	0.58439	0.18729
V149	0.26754	0.49611	0.23636	0
V150	0.08825	0.26063	0.5827	0.06842
V151	0.22293	0.60533	0.06068	0.11106
V152	0.23965	0.43602	0.24013	0.0842
V153	0.12595	0.72485	0.04872	0.10048
V154	0.24933	0.44765	0.28676	0.01627
V155	0.47027	0.15004	0.28806	0.09164
V156	0.02822	0.16802	0.68978	0.11398
V157	0.31286	0.16636	0.32249	0.1983
V158	0.07969	0	0.09877	0.82153
V159	0.86937	0.05699	0	0.07364
V160	0.70605	0	0.06817	0.22579
V161	0.26253	0	0.06139	0.67608
V162	0.0879	0.31056	0.11792	0.48362
V163	0.10763	0.48881	0.20134	0.20222
V164	0.35171	0.30721	0.12597	0.21511
V165	0.03462	0.28486	0.01039	0.67013
V166	0.03477	0.1025	0.11878	0.74396
V167	0.40073	0	0.01101	0.58826
V168	0.29589	0.54817	0.1059	0.05004
V169	0.23739	0.04888	0.071	0.64273
V170	0.11735	0.03625	0.5448	0.3016
V171	0.13381	0.25962	0.5764	0.03017
V172	0.70924	0	0.26853	0.02223
V173	0.06232	0.14973	0.08313	0.70483
V174	0.03961	0.17291	0.12007	0.66741
V175	0.06586	0.03298	0.7867	0.11446
V176	0.01658	0.77383	0.20757	0.00201
V177	0.03134	0.91385	0.02525	0.02956
V178	0.01926	0.75554	0.03914	0.18606
V179	0.18385	0.01416	0.41073	0.39125
V180	0.04177	0.84252	0.11571	0
V181	0.16822	0.15302	0.53751	0.14126
V182	0.30107	0.19648	0.4519	0.05054
V183	0.19743	0.76326	0.03258	0.00672
V184	0.96324	0	0.03676	0
V185	0.57281	0.39055	0.02381	0.01284
V186	0.12716	0.47646	0.28606	0.11032
V187	0.91497	0.00441	0.04338	0.03724
V188	0.09474	0.25219	0.00366	0.64942
V189	0.81678	0.01165	0.01974	0.15183
V190	0.64961	0.01761	0.31277	0.02001
V191	0.18925	0.22708	0.55389	0.02979
V192	0.31449	0.45616	0.07097	0.15839
V193	0.60047	0.03328	0.24348	0.12277
V194	0.0568	0.87438	0.0377	0.03112
V195	0.01597	0.06888	0.88609	0.02906
V196	0.05115	0.08448	0.05264	0.81173
V197	0.45298	0.041	0.03924	0.46679
V198	0.07186	0.5	0.38338	0.04476
V199	0.20362	0.02014	0.21631	0.55992
V200	0.14881	0.55983	0.04284	0.24852
V201	0.10649	0.54456	0.2206	0.12835
V202	0.01213	0.05092	0.78116	0.15579
V203	0.17132	0.42802	0.39512	0.00554
V204	0.02122	0.54612	0.03374	0.39893
V205	0.01775	0.09473	0.85829	0.02923
V206	0.04832	0.13191	0.81977	0
V207	0.16938	0.19819	0.08422	0.5482
V208	0.25073	0.09061	0.64841	0.01025
V209	0.3129	0.45632	0.09037	0.14041
V210	0.10102	0.7272	0.12774	0.04404
V211	0.46424	0	0.05126	0.4845
V212	0.50135	0.05303	0.41915	0.02647
V213	0.64391	0.02267	0.12308	0.21035
V214	0.34652	0.16569	0.18677	0.30102
V215	0.33339	0.09765	0.03414	0.53481
V216	0.10569	0	0.0846	0.80971
V217	0.04886	0.49467	0.2645	0.19197
V218	0.10817	0.4501	0.2013	0.24043
V219	0.12644	0.62808	0.03589	0.2096
V220	0.02071	0.80646	0.04143	0.13141
V221	0.81859	0	0	0.18141
V222	0.32021	0.14836	0.36942	0.162
V223	0	0.17259	0.75515	0.07226
V224	0.95424	0	0.04516	6e-04
V225	0.07609	0.82632	0.09759	0
V226	0.30741	0.10585	0.57928	0.00746
V227	0.7778	0	0.19258	0.02962
V228	0.76202	0.06214	0.07227	0.10357
V229	0.01909	0.06201	0.87792	0.04098
V230	0.06525	0.03432	0.0853	0.81512
V231	0.02657	0.29579	0.15179	0.52585
V232	0.0625	0.66138	0.01063	0.26549
V233	0.56139	0.09122	0.20875	0.13863
V234	0.05586	0.85382	0.0709	0.01942
V235	0.37434	0.07981	0.51691	0.02893
V236	0.04273	0.10339	0.77927	0.07461
V237	0.21112	0	0.07126	0.71762
V238	0.13916	0.53976	0.28468	0.0364
V239	0.08921	0.4129	0.04561	0.45228
V240	0.48509	0.05078	0.41516	0.04898
V241	0.01397	0.03658	0.87924	0.07021
V242	0.14636	0.7231	0.12715	0.00338
V243	0.24217	0.06531	0.61989	0.07263
V244	0.21034	0.01551	0.69192	0.08223
V245	0.59385	0.28521	0.06194	0.059
V246	0.05527	0.18196	0.74299	0.01978
V247	0.16059	0.05498	0.78443	0
V248	0.07187	0.03429	0.10432	0.78953
V249	0	0.08166	0.85334	0.065
V250	0.75756	0	0.21924	0.02321
V251	0.91557	0.04096	0.01039	0.03308
V252	0.01583	0.7971	0.18707	0
V253	0.38601	0.06921	0.18684	0.35794
V254	0.027	0.87223	0.09346	0.00731
V255	0.06558	0.87357	0.01706	0.04378
V256	0.17826	0.23371	0.51093	0.07709
V257	0.42926	0.10574	0.247	0.218
V258	0.18019	0.28004	0.42703	0.11274
V259	0.03438	0.31457	0.61995	0.03111
V260	0	0.30696	0.69304	0
V261	0.61422	0.02925	0.20734	0.14919
V262	0.1508	0.06095	0.04979	0.73845
V263	0.0395	0.90571	0.02135	0.03344
V264	0.17761	0.04899	0.45045	0.32295
V265	0.07203	0	0.18208	0.7459
V266	0.6565	0.33062	0.01288	0
V267	0	0.19797	0.32449	0.47753
V268	0.41248	0.0128	0.16984	0.40489
V269	0.00348	0.55236	0.40717	0.037
V270	0.6359	0.02517	0.24974	0.08919
V271	0.79077	0.06002	0.03698	0.11224
V272	0.07183	0.79231	0.04334	0.09251
V273	0.11452	0.01795	0.09356	0.77397
V274	0.69884	0	0.18523	0.11594
V275	0	0.07185	0.89598	0.03217
V276	0.5109	0.32899	0.01585	0.14426
V277	0.05039	0.22177	0.20182	0.52602
V278	0.05478	0.06692	0.33322	0.54508
V279	0.68387	0.05362	0.12055	0.14195
V280	0.07969	0	0.09877	0.82153
V281	0.55499	0.02414	0.15676	0.26411
V282	0.05437	0.10398	0.78163	0.06002
V283	0.22277	0.55975	0.08811	0.12937
V284	0.04747	0.85101	0.1005	0.00103
V285	0.06772	0.04109	0.89119	0
V286	0.2534	0.52707	0.13485	0.08468
V287	0.1153	0.81574	0.04427	0.02469
V288	0.01009	0.30069	0.44806	0.24116
V289	0.28008	0.23525	0.41634	0.06832
V290	0.83181	0.14913	0.01906	0
V291	0.48128	0.08284	0.42185	0.01403
V292	0.9144	0	0	0.0856
V293	0.29517	0.03729	0.62882	0.03872
V294	0.11649	0.38734	0.00132	0.49486
V295	0.02712	0.19223	0.23414	0.54651
V296	0.17748	0.14675	0.5962	0.07957
V297	0.12934	0	0.11796	0.7527
V298	0.29765	0.12551	0.57192	0.00492
V299	0.09863	0.28585	0.03622	0.57931
V300	0	0.03626	0.28341	0.68033
V301	0.12212	0.14041	0.63218	0.10529
V302	0.65568	0.32132	0	0.02301
V303	0	0.58645	0.39437	0.01918
V304	0.05511	0.05585	0.74037	0.14867
V305	0.12528	0.18187	0.4685	0.22436
V306	0.78983	0.08879	0.05601	0.06538
V307	0.03895	0.88072	0.05452	0.02582
V308	0.2331	0.24168	0.30972	0.2155
V309	0.34902	0.31448	0.03766	0.29884
V310	0.09191	0.32631	0.18522	0.39657
V311	0.52086	0.44884	0.01737	0.01293
V312	0.11246	0.70009	0.1745	0.01295
V313	0.00786	0.11977	0.0647	0.80767
V314	0.02028	0.48691	0.14692	0.34589
V315	0.13601	0.60801	0.06441	0.19158
V316	0.30808	0.15013	0.3895	0.1523
V317	0.10192	0.6754	0.07832	0.14436
V318	0.05169	0.55737	0.03916	0.35177
V319	0.05422	0.09772	0.80903	0.03903
V320	0.07669	0.17271	0.63725	0.11335
V321	0.64646	0.34043	0.01311	0
V322	0.2124	0.32497	0.09619	0.36644
V323	0.10195	0.0146	0.1394	0.74405
V324	0.6499	0.245	0.07941	0.02569
V325	0.31379	0.6063	0.0799	0
V326	0	0.56718	0.12919	0.30363
V327	0.03881	0.15404	0.14851	0.65864
V328	0.04426	0.05641	0.74183	0.15751
V329	0.19644	0.11774	0.20172	0.4841
V330	0.39653	0.01008	0.34674	0.24665
V331	0.37357	0.08416	0.06394	0.47832
V332	0.02631	0.05371	0.23038	0.6896
V333	0.41669	0.08626	0.38831	0.10874
V334	0.3628	0.01198	0.36913	0.2561
V335	0.02112	0.35166	0.51623	0.11098
V336	0.18938	0.67181	0.04496	0.09385
V337	0.28275	0.39754	0.30342	0.01628
V338	0	0.91946	0.05228	0.02826
V339	0.12054	0.03008	0.8374	0.01198
V340	0.05313	0.24994	0.52982	0.16711
V341	0.06701	0.03249	0.11884	0.78166
V342	0.24622	0.01489	0.61315	0.12574
V343	0.9208	0.02053	0.01381	0.04486
V344	0.66763	0.1484	0.18397	0
V345	0.02336	0.07447	0.90217	0
V346	0.24105	0.12414	0.30344	0.33137
V347	0.08486	0.00308	0.17625	0.73581
V348	0.06306	0.63202	0.17729	0.12763
V349	0.33801	0.17995	0.38418	0.09786
V350	0.03487	0.76145	0.20368	0
V351	0.0258	0.04377	0.43382	0.49661
V352	0.04335	0.05261	0.82824	0.0758
V353	0.85575	0.01493	0.04089	0.08843
V354	0.05418	0.66237	0.25242	0.03103
V355	0.27344	0.09257	0.46283	0.17115
V356	0.07627	0.01744	0.14959	0.7567
V357	0.1166	0.34103	0.30006	0.2423
V358	0.5481	0.1004	0.0614	0.2901
V359	0.58418	0.04911	0.04061	0.32609
V360	0.54475	0.40428	0.03286	0.01811
V361	0	0.45384	0.54616	0
V362	0	0.91354	0.06219	0.02426
V363	0.17138	0.13806	0.47456	0.216
V364	0.15468	0.09077	0.66573	0.08883
V365	0.30685	0.01525	0.03396	0.64394
V366	0.08901	0.65679	0.11848	0.13572
V367	0.58136	0.1381	0	0.28054
V368	0.10104	0.6969	0.11787	0.08419
V369	0.01649	0.40725	0.57626	0
V370	0.29168	0.285	0.40585	0.01747
V371	0.19876	0.68482	0.05572	0.0607
V372	0.19654	0.05158	0.15799	0.59389
V373	0.0815	0.16215	0.48485	0.2715
V374	0.77485	0.01419	0.21095	0
V375	0.07574	0.03912	0.18867	0.69646
V376	0.07399	0.0301	0.14699	0.74892
V377	0.79604	0	0.00046	0.2035
V378	0.01101	0.04506	0.44596	0.49796
V379	0.35929	0.19817	0.02001	0.42253
V380	0.17475	0.07755	0.2339	0.5138
V381	0.72793	0.00239	0.10232	0.16735
V382	0.07897	0.0707	0.84163	0.0087
V383	0.81968	0	0.0523	0.12802
V384	0.55098	0.07541	0.1461	0.22751
V385	0.8319	0.00668	0.08257	0.07886
V386	0.32667	0.00311	0.17907	0.49115
V387	0.56537	0.15133	0.19812	0.08519
V388	0.36742	0.32759	0.16284	0.14215
V389	0.41691	0.49673	0.02529	0.06107
V390	0.28619	0.26576	0.44805	0
V391	0.44043	0.10254	0.02657	0.43046
V392	0.41464	0.22481	0.18034	0.18022
V393	0.27341	0.2414	0.35305	0.13214
V394	0.11403	0.23502	0.14802	0.50293
V395	0.22125	0.3899	0.22213	0.16672
V396	0.02695	0.89448	0.04433	0.03424
V397	0.75387	0.08328	0.10952	0.05333
V398	0.4494	0.13659	0.1138	0.30021
V399	0.19687	0.53366	0.1768	0.09267
V400	0	0.58586	0.10056	0.31358
V401	0.02794	0.1889	0.71035	0.07281
V402	0.79528	0.16182	0.04289	0
V403	0.06725	0.02022	0.1294	0.78313
V404	0.08737	0.22186	0.60419	0.08658
V405	0.24744	0.02862	0.20233	0.52161
V406	0.63047	0.24452	0.02045	0.10457
V407	0	0.91946	0.05228	0.02826
V408	0.09095	0.26344	0.41241	0.23319
V409	0.01936	0.02528	0.10246	0.85291
V410	0.10408	0.80638	0.06567	0.02387
V411	0.47526	0	0	0.52474
V412	0.16083	0.09713	0.50709	0.23496
V413	0.06265	0.48417	0.21383	0.23935
V414	0.03598	0.50462	0.3502	0.1092
V415	0.44587	0.03196	0.24841	0.27377
V416	0.00971	0.11622	0.87407	0
V417	0.38567	0.581	0.02382	0.00951
V418	0.10022	0.11027	0.18223	0.60728
V419	0.07237	0	0.10657	0.82106
V420	0	0.86097	0.05338	0.08565
V421	0.15516	0.06856	0.66979	0.10649
V422	0.10257	0.07197	0.04364	0.78182
V423	0.07621	0.05454	0.83612	0.03312
V424	0	0.07976	0.63634	0.2839
V425	0.0528	0.26295	0.58922	0.09504
V426	0.08782	0.08057	0.76484	0.06677
V427	0.07514	0.40242	0.22422	0.29822
V428	0.10235	0.73144	0.08995	0.07626
V429	0.06679	0	0.11355	0.81967
V430	0.73363	0.16304	0.01797	0.08536
V431	0.18775	0.03976	0.46872	0.30377
V432	0.14808	0.0943	0.087	0.67062
V433	0.072	0.72148	0.01743	0.18909
V434	0.36252	0.0744	0.07527	0.48782
V435	0.51957	0.00019	0.14183	0.33841
V436	0.40428	0.00035	0.14426	0.45112
V437	0.26002	0.23456	0.015	0.49043
V438	0.60276	0.15927	0.03791	0.20006
V439	0.07921	0.10735	0.04179	0.77166
V440	0.50501	0.02991	0.04605	0.41902
V441	0.06577	0.15921	0.5984	0.17662
V442	0.31516	0.3419	0.15622	0.18672
V443	0.73642	0	0.09699	0.16659
V444	0.02336	0.07447	0.90217	0
V445	0.59761	0.0254	0.34065	0.03634
V446	0.04802	0.78655	0.09561	0.06982
V447	0.60812	0.09903	0.18767	0.10518
V448	0.03743	0.0738	0.23734	0.65143
V449	0.54558	0.04894	0.30258	0.1029
V450	0.15518	0.80052	0.0443	0
V451	0.90002	0.04381	0	0.05618
V452	0.084	0.00345	0.13235	0.7802
V453	0.78195	0.07181	0.07288	0.07336
V454	0	0.8812	0.09511	0.02368
V455	0.58279	0.04068	0.3075	0.06902
V456	0.3194	0.13908	0.38882	0.1527
V457	0.01533	0.04899	0.07758	0.8581
V458	0.29241	0.2329	0.01366	0.46102
V459	0.02172	0.75969	0.13379	0.0848
V460	0.90553	0.00088	0.0422	0.05138
V461	0.12134	0.04318	0.04706	0.78842
V462	0.36744	0.24853	0	0.38403
V463	0.25266	0.46306	0.18184	0.10245
V464	0.52553	0.09959	0.00166	0.37323
V465	0.40242	0.41684	0.03888	0.14186
V466	0.58572	0.18783	0.00032	0.22613
V467	0.31655	0.54513	0.10552	0.0328
V468	0.49065	0.38812	0.06676	0.05448
V469	0.02055	0.19732	0.32357	0.45855
V470	0.53038	0.1303	0.19241	0.1469
V471	0.29786	0.10839	0.05798	0.53577
V472	0.34017	0.33326	0	0.32657
V473	0.10693	0.53363	0.35177	0.00767
V474	0.16209	0	0.14116	0.69676
V475	0.19567	0.39937	0.10647	0.29849
V476	0.20727	0.00417	0.1025	0.68605
V477	0.58457	0.04024	0.21773	0.15746
V478	0.14942	0.57818	0.02409	0.24831
V479	0.00491	0.12524	0.7865	0.08335
V480	0.10261	0.31824	0.07684	0.50232
V481	0.14163	0.05199	0.78803	0.01835
V482	0.67052	0.16177	0.12231	0.0454
V483	0.16336	0.11457	0.11034	0.61173
V484	0.06594	0.07532	0.0762	0.78253
V485	0.13741	0.70726	0.03747	0.11786
V486	0.2768	0.27105	0.1522	0.29995
V487	0.11809	0.04507	0.13178	0.70506
V488	0	0.03513	0.87097	0.09389
V489	0.20974	0.13319	0.65281	0.00426
V490	0.34435	0.31619	0.08765	0.25181
V491	0.43843	0.44983	0.05039	0.06136
V492	0.04058	0.78922	0.1702	0
V493	0.11619	0	0.00021	0.88361
V494	0.18971	0.18242	0.51379	0.11408
V495	0.22951	0.5929	0.1677	0.00989
V496	0.28695	0.66071	0.00864	0.0437
V497	0.0176	0.03377	0.91592	0.03271
V498	0.33889	0.10628	0.07559	0.47925
V499	0.59971	0.26123	0.13575	0.00331
V500	0.09949	0.15696	0.70528	0.03827
V501	0.01657	0	0.12636	0.85707
V502	0.53106	0.27723	0.16598	0.02573
V503	0.21618	0.10832	0.22927	0.44623
V504	0.24284	0.66211	0.03447	0.06058
V505	0.20339	0.23063	0.27476	0.29122
V506	0.08844	0.27635	0.45863	0.17659
V507	0.59633	0.10467	0.13381	0.16518
V508	0.72902	0.16394	0.04742	0.05962
V509	0.22705	0.08578	0.5075	0.17966
V510	0.22342	0.50037	0.27621	0
V511	0.06313	0.42627	0.07778	0.43282
V512	0.27534	0.04661	0.11442	0.56362
V513	0.08555	0.61672	0.24145	0.05629
V514	0.05778	0.08974	0.02319	0.8293
V515	0.75022	0.06056	0.0546	0.13461
V516	0.89517	0.07894	0	0.0259
V517	0.06308	0.03273	0.29356	0.61064
V518	0.92662	0.0353	0	0.03808
V519	0.04131	0.82911	0.0378	0.09178
V520	0.02741	0.01396	0.64876	0.30987
V521	0.54568	0.05749	0.36254	0.03429
V522	0	0.15933	0.5901	0.25057
V523	0.35128	0.14069	0.2719	0.23612
V524	0.0107	0.7373	0.22674	0.02527
V525	0.2802	0.21349	0.04479	0.46152
V526	0.6325	0.08116	0.08569	0.20065
V527	0.21476	0.03529	0.41719	0.33276
V528	0.11561	0.81674	0.01973	0.04793
V529	0.08386	0.07261	0.26123	0.5823
V530	0	0.23762	0.66814	0.09425
V531	0.02975	0.81972	0.15053	0
V532	0.19366	0.33487	0.0477	0.42377
V533	0.28256	0.35385	0.15887	0.20472
V534	0.00278	0.04732	0.71978	0.23012
V535	0.57591	0	0.00683	0.41726
V536	0.20784	0	0.40026	0.3919
V537	0.57095	0.25592	0.16361	0.00952
V538	0.46702	0.05132	0.10714	0.37451
V539	0.2657	0.42376	0.17992	0.13062
V540	0.20925	0.65438	0.1039	0.03247
V541	0.02271	0.51368	0.09927	0.36434
V542	0.20889	0.14484	0.27647	0.3698
V543	0.86632	0	0.0116	0.12208
V544	0.13115	0.09997	0.20787	0.56102
V545	0.37754	0.1468	0.09092	0.38473
V546	0.06537	0.82752	0.10712	0
V547	0.04382	0.61602	0.33548	0.00468
V548	0.16567	0.71798	0.11635	0
V549	0.31491	0.05864	0.61197	0.01448
V550	0.60779	0.01578	0	0.37643
V551	0.18796	0.69467	0.06602	0.05135
V552	0	0.54101	0.03639	0.4226
V553	0.22211	0.17814	0.58864	0.01112
V554	0.10276	0.09036	0.06555	0.74134
V555	0.09527	0.25051	0.35337	0.30086
V556	0	0.07607	0.87922	0.04471
V557	0.81046	0.02126	0.0088	0.15948
V558	0.08113	0.74887	0.06132	0.10868
V559	0.01403	0.76362	0.22235	0
V560	0.6826	0.29949	0	0.0179
V561	0	0.07185	0.89598	0.03217
V562	0.76338	0	0.12518	0.11144
V563	0.23656	0.02759	0.7236	0.01225
V564	0.05683	0.11907	0.80886	0.01524
V565	0.12555	0.28221	0.38764	0.2046
V566	0.69607	0.09509	0	0.20884
V567	0.23132	0.44433	0.04572	0.27862
V568	0.2811	0	0.08548	0.63342
V569	0.69146	0.01443	0	0.29411
V570	0.0206	0.31504	0.60619	0.05817
V571	0.80188	0.11706	0	0.08107
V572	0.43672	0.02123	0.44159	0.10046
V573	0.10136	0.18066	0.03129	0.68669
V574	0.0478	0.73988	0.20613	0.00618
V575	0.04226	0.09261	0.17093	0.6942
V576	0.16723	0.75173	0.07075	0.01029
V577	0.06496	0.05168	0.25443	0.62893
V578	0.05455	0.10299	0.67565	0.16681
V579	0.0163	0.82457	0.13507	0.02406
V580	0.19135	0	0.15268	0.65597
V581	0.12302	0.09272	0.01784	0.76642
V582	0.57553	0.15015	0.0388	0.23552
V583	0	0.07776	0.6132	0.30904
V584	0.4984	0.17024	0.29575	0.03561
V585	0.01512	0.02712	0.48265	0.47511
V586	0.23172	0.03596	0.6419	0.09042
V587	0.26102	0.04037	0.66792	0.03069
V588	0.63418	0.0393	0.02856	0.29796
V589	0.06939	0.76643	0.10291	0.06127
V590	0.05657	0.72103	0.2224	0
V591	0.00059	0.04511	0.25519	0.69911
V592	0.15011	0.07303	0.77685	0
V593	0.5818	0	0.19214	0.22606
V594	0.32645	0.29978	0.33712	0.03665
V595	0.08582	0.03142	0.08021	0.80255
V596	0.04221	0.30156	0.25858	0.39766
V597	0	0.5718	0.35945	0.06875
V598	0.01398	0.15863	0.81125	0.01614
V599	0.6102	0.30998	0.04549	0.03432
V600	0.35534	0.46045	0.07	0.11421
V601	0.18127	0.28427	0.11041	0.42406
V602	0.09131	0.03932	0.06057	0.80879
V603	0.0232	0.38298	0.04388	0.54994
V604	0.49642	0.13464	0.34067	0.02828
V605	0.06611	0.34795	0.41053	0.17542
V606	0.71325	0.15517	0.00655	0.12504
V607	0.64627	0.00199	0.12372	0.22802
V608	0.21906	0.18428	0.39007	0.20659
V609	0.03242	0.2592	0.27075	0.43763
V610	0.74998	0.0141	0.10081	0.13511
V611	0.32424	0	0.07963	0.59614
V612	0.01679	0.13461	0.78136	0.06724
V613	0.03593	0.3522	0.58229	0.02958
V614	0.74249	0.0608	0.05445	0.14226
V615	0.18183	0.06164	0.02988	0.72665
V616	0.09126	0.67654	0.07895	0.15326
V617	0.45769	0.17487	0.36744	0
V618	0.73042	0	0	0.26958
V619	0.38576	0.03844	0.32909	0.24672
V620	0.01088	0.63338	0.35398	0.00177
V621	0.41937	0.16388	0.1903	0.22644
V622	0.34666	0.24178	0.39209	0.01947
V623	0.04067	0.08272	0.19023	0.68638
V624	0.78191	0.18374	0	0.03435
V625	0.2666	0.48009	0.123	0.1303
V626	0.9199	0.0258	0	0.0543
V627	0.00741	0.02562	0.13989	0.82708
V628	0.00712	0.23739	0.05248	0.70301
V629	0.13061	0.30871	0.29899	0.26169
V630	0.03475	0.35253	0.57447	0.03825
V631	0.03384	0.20706	0.14713	0.61197
V632	0.58667	0	0.14295	0.27039
V633	0	0.07699	0.81486	0.10815
V634	0.3859	0.27554	0.33856	0
V635	0.03984	0.73856	0.03415	0.18744
V636	0.12248	0.13971	0.62398	0.11383
V637	0.31768	0.20385	0.11215	0.36632
V638	0.38018	0.26203	0.08682	0.27097
V639	0.26166	0.42108	0.31726	0
V640	0.02937	0.19039	0.73168	0.04855
V641	0.85361	0.03384	0.03164	0.08091
V642	0.75043	0.1645	0	0.08508
V643	0	0.21722	0.47299	0.30979
V644	0.88356	0.07156	0.00573	0.03915
V645	0.26014	0.40927	0.32331	0.00729
V646	0.03345	0.89794	0.0473	0.02131
V647	0.14278	0.1237	0.67857	0.05495
V648	0.40344	0.41945	0.15497	0.02214
V649	0.01846	0.10738	0.81254	0.06161
V650	0.05385	0.13121	0.74912	0.06582
V651	0.30115	0.02538	0.66091	0.01256
V652	0.09714	0.11615	0.45599	0.33072
V653	0.13324	0.632	0.13404	0.10072
V654	0.67309	0.19663	0.06672	0.06356
V655	0.05035	0.56717	0.05025	0.33222
V656	0.2337	0.27906	0.02505	0.4622
V657	0.07118	0.08297	0.04832	0.79752
V658	0.58314	0.21077	0.06824	0.13784
V659	0.32366	0.10634	0.37133	0.19867
V660	0.04894	0.89747	0.02108	0.03251
V661	0.07394	0.42588	0.08698	0.41321
V662	0.4036	0.03217	0.46442	0.09981
V663	0.23429	0.10138	0.55749	0.10684
V664	0.1975	0.10069	0.65625	0.04557
V665	0.66844	0.18663	0.04638	0.09856
V666	0.59009	0	0.1051	0.30482
V667	0.7565	0.07341	0.17009	0
V668	0.13047	0.75237	0.11716	0
V669	0.22877	0.40911	0.26865	0.09348
V670	0.09597	0.85731	0.01902	0.02771
V671	0.35011	0.29388	0.26838	0.08763
V672	0.0159	0.07298	0.8655	0.04562
V673	0.23111	0.37046	0.24961	0.14883
V674	0.7046	0.1461	0.01615	0.13314
V675	0.13831	0.34072	0.33598	0.185
V676	0.05344	0.12209	0.14963	0.67484
V677	0.37677	0.39214	0.1163	0.11479
V678	0.51142	0.45112	0.02648	0.01098
V679	0.04763	0.33379	0.61529	0.00329
V680	0.30622	0.52213	0.16141	0.01025
V681	0.86624	0.06124	0.01383	0.05869
V682	0.11231	0.31873	0.54036	0.02859
V683	0.03489	0.90587	0.05924	0
V684	0.67192	0.15971	0.10408	0.06428
V685	0.47936	0.33636	0.14007	0.04422
V686	0.11254	0.19549	0.18744	0.50454
V687	0.09072	0.0143	0.08818	0.8068
V688	0.38	0.49671	0	0.1233
V689	0.29243	0	0.0677	0.63987
V690	0.45556	0.06024	0.41936	0.06484
V691	0.15176	0.03493	0.80205	0.01126
V692	0.07662	0.17562	0.6846	0.06316
V693	0.23402	0.12961	0.3815	0.25487
V694	0.01982	0.03723	0.33781	0.60514
V695	0.27201	0	0.18954	0.53845
V696	0.12608	0.09156	0.04854	0.73382
V697	0.05647	0.06893	0.05657	0.81804
V698	0.81906	0	0.00701	0.17393
V699	0.54632	0.28036	0.0805	0.09281
V700	0.27715	0.01963	0.0245	0.67873
V701	0.12207	0.51547	0.14188	0.22058
V702	0.55601	0.0784	0.01104	0.35456
V703	0.13961	0.07611	0.50127	0.28302
V704	0.80324	0.04067	0.02812	0.12797
V705	0.91513	0	0.01672	0.06815
V706	0.07706	0.08904	0.75204	0.08186
V707	0.03828	0.43678	0.4971	0.02784
V708	0.05109	0.82145	0.0575	0.06996
V709	0.13304	0.286	0.51376	0.0672
V710	0.58453	0.21049	0.05803	0.14694
V711	0.10192	0.74228	0.12851	0.02729
V712	0.80747	0.04899	0	0.14355
V713	0.43277	0.29802	0.04461	0.22459
V714	0.0143	0.65638	0.0564	0.27292
V715	0.29378	0.33892	0.31074	0.05656
V716	0.08451	0.04259	0.09898	0.77391
V717	0.09685	0.86373	0.02079	0.01863
V718	0.15217	0.53901	0.20781	0.10101
V719	0.06896	0.68013	0.07058	0.18033
V720	0.68344	0	0.23406	0.08249
V721	0.12434	0.19263	0.47755	0.20548
V722	0.11634	0.34914	0.03263	0.50189
V723	0.15821	0.09154	0.0304	0.71985
V724	0.58073	0.01973	0.0997	0.29984
V725	0	0.13896	0.82402	0.03702
V726	0.04629	0.39083	0.15726	0.40562
V727	0.2704	0.61131	0.1183	0
V728	0.04336	0.82215	0.13449	0
V729	0.42248	0.00405	0.1868	0.38667
V730	0.86367	0.02669	0.05018	0.05946
V731	0.02414	0.22444	0.42129	0.33013
V732	0.34681	0.09437	0.3596	0.19923
V733	0.62636	0.18714	0.03872	0.14777
V734	0.23117	0.31699	0.45185	0
V735	0.02006	0.04965	0.51318	0.41711
V736	0.19929	0	0.03973	0.76098
V737	0.32056	0.29463	0.25255	0.13225
V738	0.07688	0.34737	0.45477	0.12097
V739	0	0.04095	0.62616	0.33288
V740	0.81597	0.0834	0.07531	0.02532
V741	0.48002	0.10658	0.14096	0.27244
V742	0.40578	0.562	0.03223	0
V743	0.13414	0.17563	0.67628	0.01395
V744	0.50392	0.05115	0.33358	0.11135
V745	0.01858	0.66303	0.21832	0.10007
V746	0.94353	0	0	0.05647
V747	0.05642	0.01728	0.7302	0.19611
V748	0.12296	0.13631	0.58173	0.15899
V749	0.30132	0.18197	0.07438	0.44233
V750	0.41074	0.44393	0.03063	0.1147
V751	0.06077	0.80706	0.07671	0.05547
V752	0.44743	0.23091	0.15021	0.17145
V753	0.09451	0.05481	0.01626	0.83442
V754	0.02552	0.88793	0.02336	0.06319
V755	0.15293	0.21632	0.35807	0.27268
V756	0.07815	0.00723	0.11456	0.80006
V757	0.33802	0.55093	0.08571	0.02535
V758	0.05419	0.71882	0.15876	0.06823
V759	0.13415	0.08095	0.42401	0.36089
V760	0.30063	0.06781	0.29964	0.33192
V761	0.07174	0.55563	0.29951	0.07311
V762	0	0.39733	0.04665	0.55602
V763	0.38823	0.35136	0.03678	0.22363
V764	0.02304	0.87143	0.04243	0.0631
V765	0.66941	0.07903	0	0.25156
V766	0.01014	0.34225	0.45449	0.19312
V767	0.46531	0.13626	0.2528	0.14563
V768	0.07476	0.84057	0.05765	0.02701
V769	0.15719	0.76901	0.06229	0.01151
V770	0.03345	0.89794	0.0473	0.02131
V771	0.16294	0.05034	0.76918	0.01755
V772	0.13366	0.08598	0.77947	0.00089
V773	0.17759	0.7763	0.03198	0.01414
V774	0.01762	0.03501	0.89957	0.04779
V775	0.13517	0.05151	0.31622	0.4971
V776	0.42077	0.40547	0.0675	0.10627
V777	0.19848	0.12644	0.17297	0.50212
V778	0.51903	0.27293	0.08072	0.12732
V779	0.17327	0.06473	0.50739	0.25461
V780	0.11854	0.71937	0.16209	0
V781	0.10407	0.03509	0.08127	0.77958
V782	0	0.16396	0.77088	0.06516
V783	0.77327	0.01189	0.05507	0.15977
V784	0.12689	0.82146	0.04724	0.00442
V785	0.05577	0.86456	0.04935	0.03032
V786	0.69061	0.15905	0.09379	0.05655
V787	0	0.79607	0.20062	0.0033
V788	0.48974	0.29806	0.16802	0.04418
V789	0.09039	0.37198	0.05526	0.48237
V790	0.4701	0.01944	0.09894	0.41152
V791	0.136	0.38031	0.34468	0.139
V792	0.15087	0.52997	0.02306	0.2961
V793	0.136	0.62617	0.06501	0.17283
V794	0.04198	0.12226	0.76145	0.07432
V795	0.15295	0.04341	0.10187	0.70176
V796	0.02271	0.12891	0.81777	0.03062
V797	0.74251	0	0.22936	0.02813
V798	0.60075	0.28579	0.09118	0.02228
V799	0.14651	0.72683	0.05809	0.06856
V800	0.07433	0.04779	0.53835	0.33953
V801	0.14678	0.14149	0.35138	0.36035
V802	0.05218	0.09851	0.3126	0.5367
V803	0.2192	0.49782	0.28299	0
V804	0.50999	0.0272	0.38793	0.07488
V805	0.02801	0.03747	0.93452	0
V806	0.06401	0.84581	0.04751	0.04267
V807	0.28331	0.16117	0.05585	0.49967
V808	0.64173	0.26246	0.05205	0.04376
V809	0.03929	0.08771	0.873	0
V810	0.0357	0.91833	0.02241	0.02356
V811	0.42355	0.08205	0.22055	0.27386
V812	0.53229	0.26189	0.06059	0.14523
V813	0.57212	0.20074	0.19902	0.02811
V814	0.432	0.50216	0.06468	0.00115
V815	7e-05	0.86979	0.12233	0.00781
V816	0.92843	0	0.07157	0
V817	0.02585	0.12114	0.83244	0.02057
V818	0.01459	0.0608	0.09872	0.82589
V819	0.79811	0.08	0.05559	0.0663
V820	0.17282	0.10571	0.05026	0.67121
V821	0.21398	0.32721	0.39311	0.0657
V822	0.0656	0.06734	0.83391	0.03315
V823	0.01718	0.22732	0.6675	0.088
V824	0.08458	0.38191	0.53351	0
V825	0.22173	0.3017	0.27105	0.20552
V826	0.42331	0.39953	0.17218	0.00498
V827	0.3808	0.56159	0.02945	0.02816
V828	0.2416	0.17591	0.13902	0.44347
V829	0.06388	0.2551	0.07228	0.60874
V830	0.24635	0.23651	0.04608	0.47107
V831	0.74939	0.08841	0.03559	0.12662
V832	0.26647	0.39515	0.18953	0.14885
V833	0.15293	0.49272	0.20741	0.14694
V834	0.31643	0.07683	0.10817	0.49857
V835	0.35203	0.43298	0.138	0.07699
V836	0.01976	0.66264	0.03696	0.28064
V837	0.22219	0.37998	0.21243	0.1854
V838	0.89789	0.03912	0.03831	0.02467
V839	0.30205	0.57302	0.12493	0
V840	0.29968	0.67099	0.02933	0
V841	0	0.09177	0.84933	0.0589
V842	0.34813	0.18196	0.27149	0.19842
V843	0.01189	0.06934	0.8432	0.07557
V844	0.12311	0.11244	0.40401	0.36044
V845	0.06478	0.14862	0.72154	0.06506
V846	0	0.05268	0.76026	0.18706
V847	0.01372	0	0.11529	0.87098
V848	0.09637	0.49943	0.20212	0.20208
V849	0	0.90645	0.04634	0.04721
V850	0.91948	0	0.02328	0.05724
V851	0.32964	0.50362	0.16674	0
V852	0.14082	0.05524	0.17185	0.63209
V853	0.2369	0.24622	0.40326	0.11362
V854	0.57225	0.17388	0.11571	0.13815
V855	0.01372	0	0.11529	0.87098
V856	0.04616	0.36826	0.37358	0.212
V857	0.6539	0.17676	0.03757	0.13177
V858	0.53671	0.02525	0.42091	0.01712
V859	0.64055	0.23461	0.01971	0.10513
V860	0.21929	0.12131	0.08562	0.57378
V861	0.09159	0.36802	0.54039	0
V862	0.13184	0.12527	0.69568	0.04721
V863	0.24507	0.07102	0.00096	0.68295
V864	0.11658	0.03685	0.10188	0.74469
V865	0.13993	0.00572	0.30921	0.54513
V866	0.70174	0.02154	0.25024	0.02648
V867	0.70161	0.03225	0.24995	0.01619
V868	0.49221	0.27697	0.14854	0.08228
V869	0.0437	0.89398	0.04465	0.01766
V870	0.12717	0.34781	0.04321	0.48181
V871	0	0.90645	0.04634	0.04721
V872	0.02654	0.02466	0.2979	0.6509
V873	0.85064	0.02608	0.05742	0.06586
V874	0.20439	0.73664	0.05897	0
V875	0.02517	0.21485	0.24273	0.51725
V876	0.1569	0.34097	0.41749	0.08464
V877	0.04769	0.40719	0.32434	0.22079
V878	0.14213	0.75858	0.09929	0
V879	0.19961	0.65021	0.07351	0.07667
V880	0.3136	0.52828	0.01836	0.13977
V881	0.146	0.0735	0.60213	0.17837
V882	0.77744	0	0.12733	0.09523
V883	0.26934	0.21914	0.51152	0
V884	0.04512	0.29664	0.00625	0.65199
V885	0.69794	0.20718	0.09488	0
V886	0.0102	0.38178	0.47923	0.12879
V887	0.6144	0.0679	0.16904	0.14867
V888	0.09963	0.08615	0.72495	0.08928
V889	0.87771	0.04449	0.02544	0.05236
V890	0.0288	0.18318	0.62051	0.16752
V891	0.60109	0.06046	0.28636	0.05209
V892	0.30558	0.19086	0.02274	0.48082
V893	0.55295	0.21711	0.16332	0.06661
V894	0.06759	0.33134	0.57155	0.02951
V895	0.57271	0.07105	0.20811	0.14812
V896	0.0568	0.87438	0.0377	0.03112
V897	0.67545	0.25015	0.00242	0.07198
V898	0.49398	0	0.00537	0.50065
V899	0.04183	0.21027	0.18334	0.56456
V900	0.07963	0.31557	0.38232	0.22249
V901	0.0506	0.79742	0.03548	0.1165
V902	0.06746	0.84247	0.09006	0
V903	0.00073	0.43142	0.53053	0.03733
V904	0.04529	0.91417	0.02053	0.02002
V905	0.18349	0	0.21122	0.60528
V906	0.4096	0.09649	0.12805	0.36586
V907	0.42655	0.48642	0.03437	0.05266
V908	0.04087	0.05375	0.12602	0.77936
V909	0.14802	0.76867	0.01451	0.0688
V910	0.20049	0	0.15314	0.64637
V911	0.50313	0.37793	0.04654	0.0724
V912	0.3795	0.3256	0.14378	0.15113
V913	0.17347	0	0.03597	0.79056
V914	0.18327	0.48172	0.30926	0.02575
V915	0.26789	0	0.02276	0.70935
V916	0.24138	0.08769	0.62516	0.04577
V917	0.68832	0.0277	0.17496	0.10902
V918	0.05004	0.60413	0.26327	0.08257
V919	0.19897	0.25367	0.31303	0.23433
V920	0.58817	0.20188	0.10652	0.10343
V921	0.06147	0.16998	0.07096	0.69759
V922	0.10315	0.46063	0.40069	0.03553
V923	0.13222	0.01315	0.09824	0.75639
V924	0.04362	0.63659	0.29894	0.02085
V925	0.22238	0.03327	0.04142	0.70293
V926	0.24095	0.01648	0.06556	0.67701
V927	0.06526	0.04282	0.11005	0.78188
V928	0.0639	0.83747	0.03559	0.06304
V929	0.06358	0.6149	0.16717	0.15436
V930	0.49565	0.36046	0.04505	0.09883
V931	0.13341	0.29586	0.5042	0.06652
V932	0.02976	0.15083	0.61457	0.20485
V933	0.58467	0.37268	0.02223	0.02042
V934	0.00995	0.17567	0.31536	0.49901
V935	0.53283	0.17319	0.2187	0.07528
V936	0.51662	0.27121	0.02278	0.18939
V937	0.53104	0.13391	0.09921	0.23584
V938	0.37442	0.05831	0.32064	0.24663
V939	0.73732	0.01244	0.0828	0.16744
V940	0.03369	0.74324	0.18796	0.03511
V941	0	0.0427	0.92173	0.03556
V942	0.70885	0.18663	0.07665	0.02787
V943	0.37909	0.15146	0.41692	0.05252
V944	0.03136	0.28103	0.1046	0.58301
V945	0.54711	0.34459	0.01638	0.09192
V946	0.4361	0.26955	0.26339	0.03096
V947	0.10653	0.06133	0.26924	0.5629
V948	0.32684	0.0565	0.59376	0.0229
V949	0	0.1305	0.2497	0.61981
V950	0.05996	0.52255	0.24357	0.17392
V951	0.80287	0.01707	0.15798	0.02208
V952	0.08291	0.15056	0.29875	0.46778
V953	0.01181	0.10151	0.8433	0.04337
V954	0.05392	0.19849	0.18333	0.56427
V955	0.13727	0.58008	0.05339	0.22926
V956	0.04115	0.05002	0.54095	0.36788
V957	0.37471	0.00728	0	0.61802
V958	0.11619	0	0.00021	0.88361
V959	0.22392	0.27798	0.43073	0.06736
V960	0.24746	0.28111	0.10459	0.36684
V961	0.13521	0.39024	0.36281	0.11174
V962	0.3476	0.19085	0.39198	0.06957
V963	0.56549	0.17796	0.17152	0.08502
V964	0.80451	0.02874	0.10733	0.05942
V965	0.062	0.49389	0.22376	0.22036
V966	0.91537	0.01827	0.01022	0.05614
V967	0.06119	0.07104	0.54831	0.31946
V968	0	0.19176	0.7483	0.05994
V969	0.02159	0.30111	0.07502	0.60228
V970	0.03703	0.15035	0.45224	0.36037
V971	0.47962	0.10306	0.33452	0.0828
V972	0.49938	0.20388	0.06175	0.23499
V973	0.27273	0.41236	0.10173	0.21318
V974	0.00967	0.74294	0.17123	0.07616
V975	0.09847	0.30938	0.59215	0
V976	0.4275	0.25093	0.13261	0.18896
V977	0.30978	0.35546	0.33476	0
V978	0.10276	0.09672	0.11035	0.69018
V979	0.77599	0.01856	0.18444	0.02101
V980	0.94353	0	0	0.05647
V981	0.33268	0.04836	0.43822	0.18074
V982	0.4297	0.38639	0.09602	0.08788
V983	0.69993	0.05603	0	0.24404
V984	0.02462	0.78472	0.15229	0.03837
V985	0.10961	0.20053	0.02908	0.66078
V986	0.322	0.50106	0.07289	0.10406
V987	0.25179	0.71218	0.01578	0.02026
V988	0.25547	0.00684	0.04252	0.69517
V989	0.43379	0.45018	0.09839	0.01764
V990	0	0.09305	0.78209	0.12486
V991	0.63665	0.34178	0	0.02157
V992	0.20616	0.02467	0.53318	0.23599
V993	0.07636	0.67795	0.20436	0.04133
V994	0.19807	0.73168	0.05964	0.01062
V995	0.71493	0.10757	0.03559	0.14191
V996	0.29986	0.12962	0.02496	0.54555
V997	0.01191	0.05489	0.82032	0.11288
V998	0.83988	0.00636	0.07384	0.07992
V999	0.13729	0.8367	0.01829	0.00772
V1000	0.35356	0.01855	0	0.6279
