cytotoxic.CD56.dim.NK.cell	memory.CD4.pos.AB.T.cell	memory.B.cell	CD14.pos.CD16.neg.classical.monocyte
V1	0.54634	0.01462	0.17175	0.26729
V2	0.13932	0.08122	0.06142	0.71803
V3	0.06188	0.62603	0.01622	0.29587
V4	0.84696	0.13295	0.00077	0.01931
V5	0.11132	0.47825	0.25716	0.15327
V6	0.08485	0.87888	0.01862	0.01766
V7	0.14304	0.34841	0.08489	0.42366
V8	0.12094	0.02364	0.8276	0.02781
V9	0.22963	0.22221	0.04278	0.50538
V10	0.02158	0.02614	0.90711	0.04517
V11	0.20752	0.3482	0.43967	0.0046
V12	0.03569	0.58888	0.36457	0.01086
V13	0.26051	0.71702	0.0049	0.01758
V14	0.08146	0.90528	0.00767	0.00558
V15	0.1222	0.61459	0.11477	0.14844
V16	0.89626	0.0594	0.01842	0.02592
V17	0.09433	0.87592	0.01198	0.01777
V18	0.57446	0.35416	0.03899	0.03239
V19	0.16064	0.82246	0.00583	0.01107
V20	0.16429	0.45987	0.02323	0.35261
V21	0.12152	0.04765	0.80365	0.02719
V22	0.02076	0.08078	0.21619	0.68228
V23	0.37018	0.0428	0.58152	0.0055
V24	0.89948	0.06463	0.03394	0.00195
V25	0.34714	0.22261	0.13006	0.3002
V26	0.39533	0.3881	0.01868	0.19789
V27	0.09493	0.06018	0.03827	0.80662
V28	0.01201	0.09035	0.89607	0.00157
V29	0.43091	0.02907	0.51402	0.026
V30	0.09621	0.19075	0.29159	0.42144
V31	0.19961	0.1696	0.31305	0.31774
V32	0.07905	0.03698	0.05139	0.83257
V33	0.04972	0.49651	0.36423	0.08954
V34	0.12071	0.03445	0.81746	0.02738
V35	0.16281	0.73991	0.07288	0.0244
V36	0.01007	0.03236	0.49834	0.45923
V37	0.54656	0.06337	0.09613	0.29394
V38	0.41463	0.00986	0.17807	0.39744
V39	0.16675	0.58021	0.12453	0.12851
V40	0.10767	0.82277	0.06948	8e-05
V41	0.01957	0.68363	0.04496	0.25184
V42	0.21041	0.02643	0.21907	0.54409
V43	0.1296	0.32379	0.52085	0.02576
V44	0.01611	0.05611	0.77209	0.1557
V45	0.10106	0.6045	0.21576	0.07868
V46	0.79201	0.08426	0.1183	0.00543
V47	0.45738	0.17631	0.32434	0.04196
V48	0.79204	0.1844	0.00513	0.01844
V49	0.73197	0.19453	0	0.07351
V50	0.07681	0.84399	0.07459	0.00462
V51	0.31487	0.40182	0.25816	0.02515
V52	0.02723	0.09322	0.85184	0.02771
V53	0.71561	0.13584	0.14761	0.00094
V54	0.42696	0.1805	0.3748	0.01774
V55	0.20772	0.10807	0.25413	0.43008
V56	0.04703	0.02543	0.10544	0.8221
V57	0.10355	0.86671	0.01885	0.01089
V58	0.63219	0.01779	0.04432	0.30571
V59	0.44048	0.41726	0.1012	0.04106
V60	0.12761	0.12761	0.34808	0.3967
V61	0.8082	0.10778	0.01062	0.0734
V62	0.87029	0.0527	0.06517	0.01183
V63	0.0315	0.84274	0.10829	0.01748
V64	0.02589	0.85758	0.00253	0.114
V65	0.02291	0.01966	0.12711	0.83032
V66	0.21364	0.71263	0.01696	0.05678
V67	0.1515	0.31464	0.52297	0.01089
V68	0.15021	0.13533	0.03521	0.67924
V69	0.02869	0.28748	0.64083	0.043
V70	0.55908	0.13951	0.18372	0.11769
V71	0.15693	0.05492	0.39972	0.38843
V72	0.59137	0.14746	0.09387	0.1673
V73	0.15477	0.63565	0.13196	0.07762
V74	0.06204	0.21729	0.71992	0.00075
V75	0.70974	0.01517	0.19183	0.08326
V76	0.00729	0.15819	0.19343	0.64108
V77	0.04271	0.28562	0.0216	0.65006
V78	0.30363	0.09842	0.19545	0.4025
V79	0.01	0.0788	0.83256	0.07864
V80	0.34182	0.0185	0.5618	0.07789
V81	0.05722	0.14672	0.79021	0.00585
V82	0.00811	0.07414	0.90875	0.009
V83	0.12916	0.16179	0.08257	0.62648
V84	0.39014	0.0395	0.17013	0.40022
V85	0.10865	0.29641	0.42853	0.16642
V86	0.04436	0.04351	0.87624	0.0359
V87	0.04645	0.84957	0.04771	0.05626
V88	0.15694	0.04762	0.28582	0.50962
V89	0.02304	0.02235	0.2226	0.73201
V90	0.04202	0.89723	0.04973	0.01101
V91	0.04554	0.75378	0.17604	0.02465
V92	0.45446	0.02172	0.39781	0.12601
V93	0.87323	0.037	0.00123	0.08855
V94	0.0257	0.44326	0.02989	0.50114
V95	0.26273	0.43758	0.15762	0.14207
V96	0.07226	0.09955	0.04348	0.78472
V97	0.68177	0.10854	0.20467	0.00501
V98	0.67095	0.31708	0.00011	0.01186
V99	0.78905	0.05995	0.14546	0.00554
V100	0.07436	0.03167	0.873	0.02097
V101	0.03679	0.07456	0.02743	0.86122
V102	0.90447	0.07582	0.00682	0.01289
V103	0.01781	0.05357	0.11379	0.81482
V104	0.04799	0.93718	0.00879	0.00604
V105	0.07153	0.90903	0.01403	0.00541
V106	0.1216	0.52066	0.32432	0.03342
V107	0.18289	0.17932	0.59489	0.0429
V108	0.15395	0.76071	0.08521	0.00012
V109	0.01683	0.13194	0.62634	0.22489
V110	0.06702	0.88253	0.03289	0.01757
V111	0.89421	0.03081	0.0682	0.00677
V112	0.1227	0.04736	0.45612	0.37382
V113	0.18229	0.09019	0.18942	0.53811
V114	0.23357	0.04395	0.09146	0.63102
V115	0.02408	0.75981	0.21127	0.00484
V116	0.14275	0.29707	0.39323	0.16695
V117	0.67948	0.25676	0.03122	0.03254
V118	0.16478	0.59218	0.03465	0.20839
V119	0.1092	0.07493	0.06436	0.75152
V120	0.07477	0.06169	0.85049	0.01304
V121	0.61174	0.1185	0.09336	0.17639
V122	0.93342	0.03872	0.01433	0.01353
V123	0.01767	0.51347	0.05037	0.41849
V124	0.65363	0.29761	0	0.04876
V125	0.3912	0.42123	0.17034	0.01723
V126	0.0418	0.14255	0.06511	0.75054
V127	0.15656	0.04028	0.27417	0.52899
V128	0.03592	0.02486	0.13292	0.8063
V129	0.58862	0.22795	0.15848	0.02495
V130	0.02219	0.65937	0.31354	0.00491
V131	0.04138	0.89333	0.00186	0.06343
V132	0.9201	0.03346	0.02693	0.0195
V133	0.89758	0.04001	0.05012	0.01229
V134	0.11058	0.38605	0.13325	0.37012
V135	0.07546	0.02456	0.19643	0.70355
V136	0.24294	0.40019	0.01588	0.34099
V137	0.65721	0.03857	0.24618	0.05803
V138	0.21605	0.40298	0.18211	0.19885
V139	0.36096	0.19064	0.20418	0.24423
V140	0.0348	0.09265	0.07175	0.80079
V141	0.06202	0.1307	0.57771	0.22957
V142	0.76315	0.03424	0.20098	0.00162
V143	0.44046	0.25417	0.06905	0.23632
V144	0.1621	0.13767	0.17956	0.52067
V145	0.01726	0.76697	0.21085	0.00492
V146	0.06383	0.02993	0.05687	0.84937
V147	0.90495	0.04305	0.01851	0.03349
V148	0.12185	0.058	0.61624	0.20391
V149	0.26218	0.52418	0.20938	0.00426
V150	0.08415	0.2199	0.62515	0.0708
V151	0.20785	0.6457	0.03235	0.1141
V152	0.23839	0.45155	0.22018	0.08988
V153	0.11064	0.7701	0.01808	0.10118
V154	0.24463	0.46174	0.26848	0.02515
V155	0.48547	0.13167	0.29412	0.08875
V156	0.03335	0.1162	0.73194	0.11851
V157	0.30803	0.13925	0.33115	0.22157
V158	0.03623	0.02019	0.06941	0.87418
V159	0.87396	0.08408	0.00066	0.04131
V160	0.69099	0.01836	0.06595	0.2247
V161	0.20335	0.02219	0.04813	0.72634
V162	0.06797	0.29093	0.08906	0.55204
V163	0.10065	0.49844	0.17051	0.2304
V164	0.34793	0.30254	0.10834	0.24119
V165	0.02067	0.27562	0.01786	0.68585
V166	0.01726	0.10208	0.08942	0.79124
V167	0.33693	0.01718	0.02178	0.62412
V168	0.28637	0.59036	0.07372	0.04954
V169	0.18075	0.05589	0.05315	0.71022
V170	0.09876	0.02111	0.55094	0.32919
V171	0.12761	0.22394	0.61409	0.03435
V172	0.70311	0.02336	0.26755	0.00598
V173	0.0336	0.14564	0.05834	0.76242
V174	0.02361	0.16052	0.09074	0.72513
V175	0.05942	0.01972	0.80656	0.1143
V176	0.02522	0.81587	0.15403	0.00488
V177	0.03288	0.95143	0.00251	0.01317
V178	0.02247	0.77565	0.00902	0.19285
V179	0.15276	0.01465	0.40253	0.43006
V180	0.04782	0.87966	0.07238	0.00014
V181	0.15918	0.11208	0.57602	0.15271
V182	0.30131	0.16661	0.48032	0.05177
V183	0.1808	0.80771	0.00644	0.00505
V184	0.9302	0.04692	0.02019	0.00268
V185	0.55218	0.43115	0.01159	0.00508
V186	0.12226	0.48969	0.26715	0.1209
V187	0.92361	0.03976	0.02951	0.00712
V188	0.06324	0.23742	0.01673	0.68261
V189	0.81254	0.03445	0.01863	0.13438
V190	0.64475	0.02907	0.32048	0.0057
V191	0.18289	0.19072	0.59224	0.03416
V192	0.30487	0.4763	0.04984	0.16899
V193	0.60964	0.03558	0.24026	0.11452
V194	0.05229	0.92248	0.00692	0.01831
V195	0.01827	0.04565	0.92658	0.00951
V196	0.02321	0.09964	0.03657	0.84059
V197	0.40247	0.05081	0.03531	0.51141
V198	0.06933	0.50823	0.37124	0.0512
V199	0.15612	0.02811	0.19091	0.62486
V200	0.13174	0.57595	0.02137	0.27094
V201	0.10095	0.57124	0.18775	0.14005
V202	0.01693	0.02502	0.79641	0.16164
V203	0.16474	0.42828	0.38926	0.01772
V204	0.01964	0.54124	0.01489	0.42423
V205	0.02186	0.06027	0.90341	0.01446
V206	0.04888	0.093	0.85163	0.00649
V207	0.12926	0.18299	0.06462	0.62313
V208	0.241	0.06371	0.68354	0.01175
V209	0.30581	0.47842	0.06705	0.14872
V210	0.09182	0.78642	0.08146	0.0403
V211	0.40886	0.02389	0.04418	0.52308
V212	0.50075	0.04356	0.43745	0.01824
V213	0.64199	0.03508	0.11089	0.21204
V214	0.33277	0.14727	0.17291	0.34705
V215	0.281	0.09356	0.03101	0.59442
V216	0.05613	0.01982	0.05828	0.86577
V217	0.04992	0.49605	0.23555	0.21848
V218	0.10049	0.4489	0.17282	0.27778
V219	0.11059	0.65222	0.01379	0.22341
V220	0.02377	0.83488	0.00782	0.13353
V221	0.79996	0.02349	0.00757	0.16898
V222	0.31766	0.12037	0.38669	0.17528
V223	0.0103	0.12323	0.79697	0.0695
V224	0.92129	0.04394	0.03241	0.00236
V225	0.06861	0.87591	0.05066	0.00482
V226	0.29896	0.07921	0.6104	0.01143
V227	0.77559	0.02272	0.18984	0.01185
V228	0.78335	0.07036	0.06337	0.08293
V229	0.02219	0.03702	0.91845	0.02234
V230	0.02682	0.05333	0.05579	0.86406
V231	0.02234	0.26809	0.12017	0.58939
V232	0.05469	0.6624	0.00536	0.27756
V233	0.57737	0.0828	0.20312	0.13671
V234	0.05183	0.91026	0.02667	0.01124
V235	0.36832	0.0582	0.54759	0.0259
V236	0.04201	0.06029	0.82818	0.06952
V237	0.15421	0.02309	0.05203	0.77067
V238	0.13295	0.56733	0.25784	0.04189
V239	0.06978	0.40038	0.02883	0.50101
V240	0.48522	0.03973	0.43318	0.04187
V241	0.02021	0.02478	0.89406	0.06095
V242	0.13232	0.7757	0.08168	0.0103
V243	0.22987	0.03947	0.6614	0.06926
V244	0.19239	0.01787	0.71239	0.07735
V245	0.60517	0.2988	0.0469	0.04914
V246	0.05455	0.1386	0.78751	0.01934
V247	0.16212	0.04575	0.79076	0.00137
V248	0.03079	0.04999	0.07432	0.8449
V249	0.00479	0.04801	0.88623	0.06098
V250	0.75074	0.02486	0.21837	0.00602
V251	0.91125	0.07375	0.00784	0.00717
V252	0.02983	0.83037	0.13957	0.00023
V253	0.35861	0.06298	0.17172	0.4067
V254	0.02917	0.92072	0.0447	0.00542
V255	0.06013	0.9058	0.00156	0.03251
V256	0.17312	0.1974	0.54853	0.08094
V257	0.42658	0.08993	0.24449	0.239
V258	0.17638	0.25143	0.44946	0.12273
V259	0.03753	0.27759	0.65047	0.03441
V260	0.00883	0.28199	0.70322	0.00597
V261	0.62277	0.03488	0.1989	0.14345
V262	0.09417	0.06771	0.03756	0.80056
V263	0.03833	0.94036	0.00213	0.01918
V264	0.15432	0.03239	0.45329	0.36
V265	0.03629	0.01736	0.16105	0.7853
V266	0.6148	0.37572	0.00846	0.00102
V267	0.00601	0.16293	0.29783	0.53323
V268	0.37336	0.02591	0.15035	0.45038
V269	0.01734	0.55779	0.3829	0.04197
V270	0.64655	0.03065	0.24693	0.07587
V271	0.80584	0.07157	0.03151	0.09108
V272	0.06413	0.83364	0.01192	0.09031
V273	0.05995	0.03765	0.06217	0.84022
V274	0.70172	0.01452	0.18262	0.10114
V275	0.00817	0.05235	0.92878	0.01071
V276	0.50744	0.33841	0.01089	0.14326
V277	0.03803	0.1922	0.17171	0.59806
V278	0.03524	0.05265	0.30803	0.60409
V279	0.70039	0.05884	0.10902	0.13174
V280	0.03623	0.02019	0.06941	0.87418
V281	0.54223	0.03253	0.14368	0.28156
V282	0.05187	0.0613	0.83488	0.05195
V283	0.21037	0.59565	0.05782	0.13615
V284	0.04369	0.89984	0.05143	0.00505
V285	0.08342	0.04156	0.87324	0.00179
V286	0.24539	0.56389	0.10309	0.08763
V287	0.1033	0.86721	0.01175	0.01774
V288	0.0193	0.25713	0.44811	0.27546
V289	0.28059	0.20818	0.4402	0.07103
V290	0.78757	0.19535	0.01561	0.00147
V291	0.48034	0.06946	0.43904	0.01116
V292	0.91424	0.03521	0.0014	0.04915
V293	0.28043	0.02369	0.66156	0.03431
V294	0.09117	0.36715	0.01134	0.53035
V295	0.02088	0.16317	0.20322	0.61272
V296	0.16843	0.10617	0.64557	0.07983
V297	0.07645	0.01599	0.09524	0.81231
V298	0.28937	0.09648	0.60284	0.01132
V299	0.06981	0.27181	0.02673	0.63165
V300	0.00684	0.04193	0.25134	0.69989
V301	0.11254	0.09553	0.68253	0.10939
V302	0.63064	0.35737	0.00024	0.01176
V303	0.01223	0.59854	0.36371	0.02552
V304	0.04945	0.02685	0.76882	0.15488
V305	0.11574	0.13985	0.48874	0.25567
V306	0.81243	0.10025	0.04693	0.04039
V307	0.03708	0.93688	0.01415	0.01189
V308	0.22598	0.21429	0.31193	0.2478
V309	0.32719	0.309	0.02947	0.33433
V310	0.07759	0.3033	0.15645	0.46266
V311	0.49579	0.4936	0.00543	0.00517
V312	0.10204	0.75262	0.12818	0.01716
V313	0.0115	0.1324	0.04384	0.81226
V314	0.02405	0.47377	0.11282	0.38936
V315	0.12133	0.63757	0.03482	0.20628
V316	0.30479	0.12064	0.41027	0.16431
V317	0.09093	0.71456	0.0418	0.15271
V318	0.04357	0.55673	0.0188	0.38091
V319	0.05399	0.05821	0.86008	0.02772
V320	0.0713	0.1245	0.68438	0.11982
V321	0.60529	0.38521	0.00846	0.00104
V322	0.18812	0.31306	0.07533	0.4235
V323	0.05368	0.03169	0.11034	0.80429
V324	0.65838	0.25996	0.06419	0.01747
V325	0.29619	0.6508	0.04858	0.00443
V326	0.01109	0.56259	0.09182	0.3345
V327	0.02289	0.13889	0.11835	0.71986
V328	0.04066	0.02696	0.76815	0.16423
V329	0.16035	0.09962	0.1801	0.55993
V330	0.37277	0.01368	0.34964	0.26391
V331	0.32841	0.08259	0.05199	0.53701
V332	0.01425	0.05268	0.20071	0.73236
V333	0.41763	0.06666	0.4072	0.1085
V334	0.33733	0.01386	0.37343	0.27538
V335	0.02834	0.31766	0.53365	0.12035
V336	0.17237	0.71734	0.01754	0.09275
V337	0.27952	0.40371	0.29157	0.0252
V338	0.02432	0.95722	0.01149	0.00697
V339	0.118	0.02981	0.84486	0.00733
V340	0.05402	0.2043	0.55568	0.186
V341	0.02885	0.04691	0.08951	0.83472
V342	0.22594	0.01395	0.63488	0.12524
V343	0.93226	0.05126	0.00871	0.00778
V344	0.65985	0.16303	0.17633	0.00079
V345	0.02908	0.06661	0.90299	0.00132
V346	0.21925	0.09845	0.29942	0.38288
V347	0.04335	0.02297	0.14731	0.78637
V348	0.06144	0.66932	0.13316	0.13608
V349	0.34197	0.15214	0.40523	0.10066
V350	0.04442	0.7988	0.15664	0.00015
V351	0.01791	0.03205	0.41286	0.53718
V352	0.04274	0.02734	0.86057	0.06934
V353	0.87282	0.03854	0.03226	0.05638
V354	0.05325	0.7064	0.20771	0.03265
V355	0.26234	0.06514	0.48854	0.18398
V356	0.03564	0.03328	0.12204	0.80904
V357	0.10962	0.31822	0.28944	0.28272
V358	0.53414	0.09873	0.05246	0.31467
V359	0.55673	0.05676	0.03753	0.34898
V360	0.53182	0.43986	0.01752	0.0108
V361	0.01127	0.44564	0.53776	0.00533
V362	0.02373	0.95195	0.01773	0.00658
V363	0.15973	0.1002	0.49747	0.2426
V364	0.14241	0.05505	0.71401	0.08854
V365	0.24401	0.03584	0.03006	0.69009
V366	0.08094	0.6987	0.07565	0.14471
V367	0.55872	0.13759	0.00846	0.29522
V368	0.09116	0.7504	0.07387	0.08458
V369	0.02497	0.39121	0.57864	0.00517
V370	0.29062	0.26635	0.41741	0.02562
V371	0.18252	0.73646	0.02417	0.05686
V372	0.14743	0.05165	0.1324	0.66852
V373	0.07198	0.1195	0.49801	0.31051
V374	0.74757	0.04074	0.21031	0.00138
V375	0.04007	0.04316	0.16052	0.75625
V376	0.03481	0.04054	0.12025	0.80439
V377	0.77125	0.01771	0.01422	0.19682
V378	0.01081	0.03294	0.42255	0.5337
V379	0.32001	0.18866	0.01951	0.47182
V380	0.13637	0.06518	0.21211	0.58634
V381	0.72789	0.02455	0.0904	0.15717
V382	0.07858	0.04442	0.86987	0.00712
V383	0.82275	0.02264	0.04728	0.10733
V384	0.55164	0.07213	0.13396	0.24227
V385	0.8495	0.03104	0.07121	0.04824
V386	0.27728	0.02051	0.15545	0.54676
V387	0.58933	0.14149	0.19156	0.07762
V388	0.37294	0.32817	0.14682	0.15207
V389	0.40211	0.53042	0.01007	0.0574
V390	0.28431	0.24965	0.46138	0.00466
V391	0.39713	0.10076	0.02636	0.47575
V392	0.42241	0.21218	0.16899	0.19643
V393	0.27383	0.21562	0.36612	0.14443
V394	0.08704	0.21396	0.11905	0.57995
V395	0.21616	0.39205	0.20386	0.18793
V396	0.02932	0.94386	0.00805	0.01876
V397	0.77755	0.09162	0.09835	0.03248
V398	0.43665	0.12657	0.09922	0.33756
V399	0.18952	0.5683	0.14392	0.09826
V400	0.01167	0.58274	0.06507	0.34052
V401	0.03418	0.13885	0.75673	0.07024
V402	0.76392	0.19816	0.03676	0.00116
V403	0.0292	0.03757	0.09902	0.8342
V404	0.0828	0.17606	0.65106	0.09008
V405	0.20036	0.03411	0.17872	0.58681
V406	0.63813	0.2518	0.01652	0.09355
V407	0.02432	0.95722	0.01149	0.00697
V408	0.08551	0.22531	0.41968	0.2695
V409	0.01131	0.05252	0.0693	0.86688
V410	0.09367	0.86352	0.02536	0.01745
V411	0.41167	0.02631	0.01231	0.54971
V412	0.14575	0.06499	0.52714	0.26213
V413	0.0598	0.48279	0.18262	0.27478
V414	0.04075	0.5077	0.33216	0.11938
V415	0.42732	0.03144	0.24207	0.29917
V416	0.02166	0.10544	0.87177	0.00113
V417	0.36142	0.62788	0.0057	0.005
V418	0.0659	0.09579	0.15439	0.68392
V419	0.03268	0.02038	0.07761	0.86933
V420	0.01799	0.88829	0.01367	0.08005
V421	0.14141	0.03822	0.71284	0.10753
V422	0.0514	0.08017	0.03369	0.83474
V423	0.07436	0.03167	0.873	0.02097
V424	0.0034	0.04935	0.63869	0.30857
V425	0.05423	0.21815	0.62739	0.10023
V426	0.07978	0.0444	0.81535	0.06046
V427	0.06841	0.38696	0.19672	0.34791
V428	0.09155	0.78574	0.04801	0.0747
V429	0.02972	0.02089	0.08444	0.86495
V430	0.74558	0.17225	0.01667	0.06549
V431	0.16474	0.02562	0.47451	0.33513
V432	0.09885	0.09221	0.06368	0.74526
V433	0.06382	0.73809	0.00357	0.19452
V434	0.31653	0.07381	0.06091	0.54874
V435	0.48865	0.02002	0.12657	0.36476
V436	0.35832	0.02046	0.12261	0.49861
V437	0.21633	0.2229	0.01589	0.54487
V438	0.60593	0.15604	0.03325	0.20478
V439	0.0396	0.1143	0.0318	0.8143
V440	0.46006	0.04256	0.04123	0.45614
V441	0.06123	0.11209	0.63294	0.19374
V442	0.31218	0.34031	0.13873	0.20878
V443	0.73437	0.01911	0.09021	0.1563
V444	0.02908	0.06661	0.90299	0.00132
V445	0.59925	0.02899	0.34621	0.02556
V446	0.04625	0.84083	0.04791	0.06501
V447	0.6315	0.09296	0.17958	0.09596
V448	0.02115	0.06531	0.20763	0.70591
V449	0.55307	0.04325	0.3074	0.09629
V450	0.14765	0.83541	0.01653	4e-04
V451	0.90232	0.0763	0.00139	0.01999
V452	0.03952	0.02707	0.09957	0.83384
V453	0.80625	0.08176	0.06335	0.04864
V454	0.02109	0.92336	0.04381	0.01174
V455	0.59096	0.03838	0.31213	0.05853
V456	0.31641	0.11081	0.4089	0.16388
V457	0.01197	0.07433	0.05169	0.86201
V458	0.24994	0.22206	0.01479	0.5132
V459	0.02902	0.80514	0.08275	0.08309
V460	0.92294	0.03629	0.02779	0.01299
V461	0.0645	0.05372	0.03583	0.84595
V462	0.33041	0.24224	0.00719	0.42017
V463	0.24932	0.48569	0.15558	0.10941
V464	0.48522	0.10222	0.01137	0.40119
V465	0.39391	0.43557	0.02489	0.14563
V466	0.5732	0.18708	0.00693	0.23278
V467	0.30686	0.58744	0.07313	0.03257
V468	0.4919	0.41156	0.04724	0.04929
V469	0.01929	0.16043	0.29895	0.52133
V470	0.54709	0.11949	0.18471	0.14871
V471	0.24754	0.1029	0.04671	0.60284
V472	0.30899	0.33016	0.00549	0.35536
V473	0.10115	0.55224	0.32899	0.01761
V474	0.11022	0.01436	0.12311	0.7523
V475	0.17809	0.39636	0.08237	0.34318
V476	0.15012	0.02776	0.07399	0.74812
V477	0.5921	0.04154	0.21126	0.15511
V478	0.13128	0.59323	0.00891	0.26659
V479	0.01732	0.07761	0.82633	0.07874
V480	0.07843	0.30146	0.05437	0.56575
V481	0.13376	0.03164	0.82137	0.01322
V482	0.69387	0.16495	0.10859	0.03258
V483	0.11783	0.10569	0.08589	0.69059
V484	0.02983	0.08642	0.05151	0.83224
V485	0.12046	0.74785	0.01176	0.11994
V486	0.26189	0.25695	0.13231	0.34885
V487	0.06933	0.05163	0.10429	0.77474
V488	0.00721	0.02897	0.86814	0.09568
V489	0.19926	0.09895	0.69018	0.01161
V490	0.33312	0.3116	0.07072	0.28456
V491	0.43245	0.47832	0.03126	0.05797
V492	0.04118	0.83607	0.11803	0.00471
V493	0.06721	0.02672	0.02944	0.87664
V494	0.18376	0.1422	0.55238	0.12165
V495	0.21784	0.63628	0.12878	0.01711
V496	0.26145	0.69808	8e-05	0.04039
V497	0.02137	0.03444	0.93365	0.01054
V498	0.29533	0.10086	0.06067	0.54314
V499	0.59977	0.27601	0.11958	0.00464
V500	0.09239	0.11375	0.75923	0.03463
V501	0.01489	0.03276	0.09924	0.85312
V502	0.54404	0.2819	0.14921	0.02485
V503	0.18227	0.09001	0.21071	0.517
V504	0.22327	0.70941	0.01053	0.05679
V505	0.18897	0.20201	0.26704	0.34198
V506	0.08541	0.23776	0.47716	0.19967
V507	0.61236	0.09998	0.12152	0.16614
V508	0.74611	0.17474	0.03876	0.04039
V509	0.21385	0.05707	0.53473	0.19435
V510	0.21887	0.52607	0.25075	0.00431
V511	0.05035	0.41276	0.05184	0.48506
V512	0.2232	0.05135	0.09156	0.63389
V513	0.08101	0.65746	0.20224	0.05929
V514	0.02791	0.1046	0.02594	0.84155
V515	0.76394	0.06904	0.04736	0.11966
V516	0.87246	0.11853	0.00178	0.00723
V517	0.03669	0.03225	0.26677	0.66429
V518	0.91855	0.07099	0.00228	0.00818
V519	0.03974	0.86441	0.00662	0.08923
V520	0.02537	0.01483	0.63362	0.32617
V521	0.55126	0.04982	0.37332	0.0256
V522	0.00905	0.11278	0.60077	0.2774
V523	0.34429	0.11841	0.27129	0.26601
V524	0.022	0.77867	0.17458	0.02475
V525	0.23999	0.20057	0.03549	0.52395
V526	0.63853	0.08224	0.07494	0.20429
V527	0.18815	0.02535	0.41666	0.36984
V528	0.10258	0.8564	0.00109	0.03994
V529	0.05471	0.06037	0.23516	0.64975
V530	0.01045	0.18756	0.70338	0.09861
V531	0.03833	0.85576	0.10576	0.00015
V532	0.16363	0.32154	0.03445	0.48037
V533	0.27606	0.35229	0.13965	0.232
V534	0.01005	0.02295	0.72458	0.24242
V535	0.52152	0.01523	0.02108	0.44218
V536	0.17398	0.01038	0.3889	0.42675
V537	0.57875	0.26253	0.14824	0.01048
V538	0.43657	0.05574	0.09127	0.41642
V539	0.26273	0.43758	0.15762	0.14207
V540	0.19432	0.70939	0.06411	0.03218
V541	0.02521	0.50467	0.06658	0.40354
V542	0.18487	0.11776	0.26623	0.43114
V543	0.86411	0.02622	0.01243	0.09724
V544	0.09501	0.08358	0.18283	0.63857
V545	0.349	0.13713	0.07472	0.43914
V546	0.05979	0.87686	0.05853	0.00482
V547	0.04502	0.64607	0.29825	0.01066
V548	0.15236	0.76908	0.07415	0.00441
V549	0.30459	0.04011	0.64354	0.01176
V550	0.5575	0.04259	0.0072	0.39272
V551	0.17215	0.74779	0.03161	0.04845
V552	0.01233	0.53058	0.01666	0.44043
V553	0.21351	0.14276	0.62544	0.01829
V554	0.05479	0.09536	0.04584	0.80401
V555	0.08603	0.2127	0.34938	0.35189
V556	0.00583	0.04779	0.91619	0.03018
V557	0.80245	0.0416	0.01215	0.1438
V558	0.0722	0.7921	0.02562	0.11008
V559	0.02908	0.79658	0.17413	0.00021
V560	0.65099	0.34255	0.00055	0.00591
V561	0.00817	0.05235	0.92878	0.01071
V562	0.77272	0.02076	0.1154	0.09112
V563	0.22746	0.02716	0.7389	0.00648
V564	0.05597	0.07907	0.85196	0.013
V565	0.11935	0.24864	0.39634	0.23567
V566	0.68434	0.10306	0.00651	0.20609
V567	0.21034	0.44963	0.02942	0.3106
V568	0.22146	0.01949	0.06958	0.68947
V569	0.65436	0.0422	0.00481	0.29864
V570	0.02793	0.27543	0.63554	0.06111
V571	0.80252	0.14073	6e-05	0.05669
V572	0.42598	0.01724	0.46064	0.09613
V573	0.06241	0.17662	0.02521	0.73575
V574	0.04734	0.78704	0.15511	0.01051
V575	0.02306	0.08565	0.14075	0.75054
V576	0.15116	0.80582	0.03252	0.01049
V577	0.0372	0.04728	0.22652	0.689
V578	0.0498	0.06148	0.70988	0.17883
V579	0.02496	0.87529	0.08206	0.01769
V580	0.13733	0.01843	0.12748	0.71676
V581	0.07029	0.09733	0.02313	0.80925
V582	0.57023	0.14612	0.03455	0.2491
V583	0.00928	0.04568	0.61151	0.33353
V584	0.51233	0.15597	0.29834	0.03336
V585	0.0113	0.0216	0.46246	0.50464
V586	0.21525	0.02058	0.67682	0.08735
V587	0.24762	0.02532	0.70052	0.02654
V588	0.60901	0.04964	0.02909	0.31226
V589	0.06359	0.8239	0.05589	0.05662
V590	0.05726	0.76373	0.1744	0.00461
V591	0.00742	0.04862	0.22265	0.7213
V592	0.15162	0.0591	0.78801	0.00126
V593	0.56627	0.01093	0.19018	0.23262
V594	0.3296	0.28708	0.34096	0.04236
V595	0.03754	0.04915	0.05196	0.86135
V596	0.03788	0.26739	0.23289	0.46184
V597	0.0108	0.58257	0.32915	0.07749
V598	0.02104	0.11805	0.84772	0.01319
V599	0.6114	0.3328	0.0311	0.0247
V600	0.34964	0.48586	0.04844	0.11606
V601	0.15325	0.26755	0.08661	0.49259
V602	0.04054	0.05341	0.04202	0.86403
V603	0.01804	0.36842	0.02662	0.58693
V604	0.50642	0.11844	0.34967	0.02547
V605	0.06663	0.31811	0.41601	0.19924
V606	0.71898	0.15995	0.01064	0.11043
V607	0.63643	0.0217	0.11082	0.23105
V608	0.2104	0.14964	0.40564	0.23431
V609	0.0285	0.2232	0.24422	0.50408
V610	0.75946	0.03174	0.08952	0.11928
V611	0.26421	0.01848	0.06696	0.65035
V612	0.02557	0.08702	0.82671	0.06069
V613	0.03838	0.32152	0.60583	0.03427
V614	0.75448	0.06874	0.04745	0.12934
V615	0.12435	0.06691	0.02792	0.78082
V616	0.08113	0.71442	0.04194	0.16251
V617	0.45449	0.17323	0.3717	0.00058
V618	0.69775	0.02547	0.00435	0.27244
V619	0.36733	0.0321	0.33221	0.26836
V620	0.02219	0.65937	0.31354	0.00491
V621	0.41961	0.14775	0.18018	0.25247
V622	0.34816	0.22199	0.40429	0.02556
V623	0.02262	0.07591	0.15938	0.7421
V624	0.76649	0.21461	0.00015	0.01875
V625	0.25966	0.50597	0.09522	0.13915
V626	0.92552	0.05832	0.00204	0.01412
V627	0.01	0.04635	0.10851	0.83514
V628	0.01099	0.23491	0.03466	0.71944
V629	0.12035	0.28247	0.2905	0.30667
V630	0.03807	0.32106	0.59808	0.04279
V631	0.02268	0.18729	0.11493	0.6751
V632	0.56401	0.01075	0.14166	0.28358
V633	0.00433	0.04402	0.83756	0.11409
V634	0.38869	0.26851	0.33827	0.00452
V635	0.03762	0.75924	0.00852	0.19462
V636	0.11264	0.09496	0.67263	0.11977
V637	0.29303	0.18915	0.09388	0.42394
V638	0.36777	0.25455	0.07133	0.30634
V639	0.26024	0.43851	0.30108	0.00016
V640	0.03489	0.14324	0.77867	0.0432
V641	0.87334	0.05356	0.02463	0.04847
V642	0.75049	0.1845	0	0.06501
V643	0.01041	0.17081	0.46851	0.35027
V644	0.88104	0.09996	0.00647	0.01253
V645	0.25524	0.41581	0.31146	0.01749
V646	0.03253	0.95119	0.00982	0.00646
V647	0.13301	0.08249	0.73272	0.05178
V648	0.40318	0.44224	0.12993	0.02465
V649	0.02595	0.06383	0.85801	0.0522
V650	0.0515	0.08491	0.80294	0.06065
V651	0.29011	0.02583	0.67784	0.00622
V652	0.08176	0.08145	0.45972	0.37707
V653	0.12162	0.67906	0.09368	0.10564
V654	0.69215	0.2039	0.05494	0.04901
V655	0.04328	0.56967	0.02505	0.362
V656	0.19536	0.26587	0.02123	0.51754
V657	0.033	0.09482	0.03498	0.8372
V658	0.59904	0.20939	0.05672	0.13486
V659	0.3146	0.08157	0.38544	0.2184
V660	0.04621	0.93289	0.00197	0.01892
V661	0.05943	0.41453	0.05954	0.46651
V662	0.39306	0.02283	0.48727	0.09683
V663	0.22407	0.06811	0.59843	0.10939
V664	0.18669	0.06619	0.70446	0.04266
V665	0.68672	0.18986	0.03878	0.08464
V666	0.56036	0.01116	0.1054	0.32308
V667	0.74058	0.09255	0.16579	0.00109
V668	0.12524	0.797	0.07763	0.00013
V669	0.22681	0.41664	0.25566	0.1009
V670	0.08725	0.89276	0.00151	0.01849
V671	0.3588	0.28471	0.26611	0.09039
V672	0.02073	0.04153	0.90872	0.02902
V673	0.22829	0.36816	0.23743	0.16611
V674	0.7131	0.14937	0.01716	0.12037
V675	0.13209	0.31995	0.33496	0.213
V676	0.03135	0.11101	0.11964	0.738
V677	0.37945	0.40772	0.09459	0.11824
V678	0.48833	0.49508	0.01161	0.00498
V679	0.04836	0.30461	0.63566	0.01137
V680	0.29664	0.55639	0.12977	0.01719
V681	0.87924	0.08322	0.01167	0.02587
V682	0.107	0.28975	0.56896	0.03429
V683	0.0379	0.93747	0.02438	0.00025
V684	0.69719	0.16329	0.09039	0.04913
V685	0.48961	0.34866	0.12056	0.04117
V686	0.08606	0.17041	0.16101	0.58251
V687	0.0404	0.03706	0.05586	0.86668
V688	0.35884	0.51923	5e-04	0.12142
V689	0.23303	0.01503	0.06221	0.68973
V690	0.45444	0.04542	0.44064	0.0595
V691	0.14659	0.02924	0.81711	0.00707
V692	0.0716	0.12896	0.73849	0.06095
V693	0.21911	0.09939	0.39156	0.28994
V694	0.01224	0.03545	0.3087	0.64361
V695	0.21993	0.01531	0.16821	0.59656
V696	0.07361	0.09363	0.03672	0.79604
V697	0.02488	0.08501	0.0389	0.85121
V698	0.80365	0.02291	0.01322	0.16021
V699	0.56102	0.28758	0.06479	0.08662
V700	0.21477	0.03872	0.02497	0.72154
V701	0.1114	0.53031	0.10873	0.24957
V702	0.52054	0.08297	0.01701	0.37948
V703	0.122	0.04821	0.51339	0.3164
V704	0.81108	0.05587	0.02468	0.10836
V705	0.93111	0.02848	0.01361	0.0268
V706	0.06966	0.04986	0.80173	0.07875
V707	0.04004	0.4236	0.50242	0.03394
V708	0.04741	0.87002	0.01847	0.06409
V709	0.12863	0.25337	0.54688	0.07112
V710	0.59785	0.20897	0.04839	0.14479
V711	0.09269	0.80168	0.08117	0.02446
V712	0.8033	0.06514	0.00577	0.12579
V713	0.42362	0.29727	0.03482	0.24429
V714	0.02028	0.6655	0.02341	0.29081
V715	0.29595	0.33348	0.3097	0.06088
V716	0.03867	0.05578	0.07029	0.83526
V717	0.0895	0.89662	0.00164	0.01224
V718	0.14453	0.57055	0.17592	0.109
V719	0.06193	0.71146	0.03497	0.19164
V720	0.68633	0.01552	0.23236	0.06578
V721	0.11567	0.15061	0.50067	0.23306
V722	0.08919	0.33416	0.02337	0.55328
V723	0.10338	0.09244	0.0276	0.77658
V724	0.5604	0.03334	0.08692	0.31934
V725	0.00577	0.09945	0.8661	0.02868
V726	0.04	0.36997	0.12533	0.46471
V727	0.25654	0.65664	0.08252	0.0043
V728	0.04233	0.86942	0.0834	0.00485
V729	0.38404	0.01971	0.17006	0.4262
V730	0.88459	0.04963	0.04012	0.02566
V731	0.02661	0.18055	0.41436	0.37848
V732	0.33787	0.07246	0.37203	0.21764
V733	0.63805	0.18707	0.03204	0.14283
V734	0.22916	0.30442	0.46177	0.00465
V735	0.01707	0.03153	0.49969	0.45171
V736	0.14105	0.02805	0.03135	0.79955
V737	0.32536	0.28425	0.24674	0.14365
V738	0.07639	0.31984	0.47121	0.13256
V739	0.00378	0.02746	0.61688	0.35188
V740	0.82432	0.09958	0.06472	0.01138
V741	0.47176	0.09851	0.12734	0.30239
V742	0.37687	0.60769	0.01497	0.00047
V743	0.12505	0.13551	0.72074	0.01869
V744	0.5081	0.04243	0.34277	0.10669
V745	0.0268	0.6971	0.17125	0.10484
V746	0.9445	0.04181	0.00403	0.00966
V747	0.05021	0.01662	0.73048	0.20268
V748	0.11287	0.09317	0.62131	0.17265
V749	0.26422	0.16867	0.05962	0.50749
V750	0.40079	0.4676	0.01723	0.11438
V751	0.05557	0.86432	0.03229	0.04782
V752	0.45746	0.22281	0.13607	0.18366
V753	0.0432	0.06225	0.02779	0.86677
V754	0.02779	0.91466	0.00202	0.05553
V755	0.14047	0.18089	0.36117	0.31748
V756	0.03395	0.03146	0.07992	0.85467
V757	0.32587	0.59369	0.05586	0.02458
V758	0.05355	0.77025	0.10964	0.06655
V759	0.11292	0.05549	0.42276	0.40882
V760	0.27485	0.05416	0.2949	0.37609
V761	0.06988	0.58003	0.27131	0.07877
V762	0.01117	0.38025	0.02767	0.5809
V763	0.37497	0.35417	0.0271	0.24376
V764	0.02607	0.9112	0.00715	0.05558
V765	0.64621	0.09577	0.00332	0.25469
V766	0.01985	0.30392	0.45751	0.21872
V767	0.47728	0.11984	0.25228	0.15059
V768	0.06746	0.89588	0.01898	0.01768
V769	0.1412	0.82271	0.02547	0.01062
V770	0.03253	0.95119	0.00982	0.00646
V771	0.15419	0.03117	0.80165	0.01299
V772	0.1258	0.05533	0.81256	0.00631
V773	0.16064	0.82246	0.00583	0.01107
V774	0.0226	0.02926	0.91823	0.0299
V775	0.10294	0.04148	0.29652	0.55906
V776	0.41992	0.42562	0.04823	0.10623
V777	0.16064	0.10943	0.1494	0.58053
V778	0.53148	0.2762	0.06584	0.12648
V779	0.15503	0.04028	0.52311	0.28158
V780	0.11569	0.76339	0.1208	0.00013
V781	0.05139	0.04894	0.05395	0.84572
V782	0.01047	0.11525	0.81343	0.06085
V783	0.77395	0.03226	0.04798	0.14581
V784	0.1154	0.86628	0.01318	0.00513
V785	0.0515	0.91761	0.01291	0.01799
V786	0.71434	0.16395	0.08116	0.04056
V787	0.01872	0.8311	0.14513	0.00506
V788	0.5042	0.30389	0.15059	0.04132
V789	0.06938	0.35595	0.03747	0.53721
V790	0.4294	0.034	0.08296	0.45365
V791	0.1325	0.36906	0.34311	0.15533
V792	0.13088	0.53709	0.01016	0.32187
V793	0.12122	0.66013	0.03421	0.18444
V794	0.04214	0.07678	0.81149	0.0696
V795	0.09995	0.05183	0.0756	0.77262
V796	0.02806	0.08721	0.86427	0.02046
V797	0.73849	0.02154	0.2281	0.01186
V798	0.60726	0.30278	0.07267	0.0173
V799	0.13135	0.77877	0.02442	0.06546
V800	0.0595	0.02775	0.53992	0.37283
V801	0.12687	0.10828	0.34734	0.41751
V802	0.03549	0.07654	0.28753	0.60043
V803	0.21636	0.52589	0.25768	7e-05
V804	0.50754	0.02403	0.40053	0.06791
V805	0.04179	0.04548	0.91076	0.00197
V806	0.0579	0.8979	0.01208	0.03213
V807	0.23852	0.14972	0.0452	0.56657
V808	0.6514	0.27743	0.03875	0.03242
V809	0.04976	0.07008	0.87894	0.00122
V810	0.03582	0.95385	0.0029	0.00743
V811	0.41124	0.0712	0.21201	0.30556
V812	0.54077	0.26427	0.04882	0.14615
V813	0.58858	0.19747	0.18896	0.02499
V814	0.41363	0.54114	0.04068	0.00454
V815	0.02111	0.90501	0.06848	0.0054
V816	0.89012	0.03998	0.06771	0.00219
V817	0.02947	0.08221	0.87467	0.01365
V818	0.01082	0.07985	0.06847	0.84085
V819	0.8208	0.09171	0.04707	0.04043
V820	0.11994	0.10236	0.03921	0.7385
V821	0.21223	0.31028	0.4063	0.0712
V822	0.06476	0.0389	0.87549	0.02085
V823	0.0261	0.17681	0.70778	0.0893
V824	0.09218	0.37524	0.53215	0.00042
V825	0.21542	0.28393	0.26448	0.23617
V826	0.42163	0.41937	0.14873	0.01028
V827	0.36088	0.6041	0.01034	0.02469
V828	0.20801	0.15883	0.11633	0.51684
V829	0.04075	0.24024	0.0514	0.66761
V830	0.20663	0.2227	0.03602	0.53466
V831	0.76314	0.0948	0.03159	0.11047
V832	0.26362	0.40208	0.16973	0.16457
V833	0.14489	0.51268	0.17925	0.16318
V834	0.2708	0.07354	0.08852	0.56714
V835	0.35299	0.45587	0.11286	0.07828
V836	0.02113	0.6714	0.01165	0.29582
V837	0.21604	0.37883	0.19385	0.21127
V838	0.89733	0.06834	0.02788	0.00645
V839	0.28989	0.61418	0.09163	0.0043
V840	0.27747	0.7131	0.00897	0.00047
V841	0.00475	0.05652	0.88582	0.05291
V842	0.3473	0.15932	0.27196	0.22141
V843	0.01804	0.03522	0.87726	0.06949
V844	0.1032	0.08114	0.40268	0.41298
V845	0.06131	0.10128	0.77657	0.06084
V846	0.00365	0.03073	0.76699	0.19863
V847	0.0166	0.03061	0.08863	0.86416
V848	0.09018	0.51	0.17013	0.22969
V849	0.02054	0.93829	0.00837	0.0328
V850	0.93917	0.03212	0.01494	0.01377
V851	0.32012	0.5406	0.13916	0.00011
V852	0.09613	0.0536	0.14499	0.70528
V853	0.23592	0.21663	0.42486	0.1226
V854	0.59238	0.16835	0.10282	0.13645
V855	0.0166	0.03061	0.08863	0.86416
V856	0.0472	0.34106	0.36781	0.24394
V857	0.6684	0.17766	0.03163	0.12231
V858	0.52977	0.02848	0.43606	0.00569
V859	0.64916	0.24076	0.01655	0.09352
V860	0.17095	0.11318	0.06573	0.65014
V861	0.08817	0.34785	0.55293	0.01104
V862	0.12222	0.08372	0.75114	0.04291
V863	0.18449	0.07309	0.01809	0.72434
V864	0.06399	0.049	0.07326	0.81374
V865	0.10226	0.0163	0.28402	0.59742
V866	0.70453	0.03294	0.25106	0.01147
V867	0.7011	0.0433	0.25007	0.00554
V868	0.51017	0.27995	0.13185	0.07803
V869	0.04034	0.94424	0.00921	0.00621
V870	0.09912	0.33365	0.02958	0.53764
V871	0.02054	0.93829	0.00837	0.0328
V872	0.01342	0.02975	0.26909	0.68774
V873	0.8723	0.04748	0.04741	0.0328
V874	0.19261	0.77761	0.02957	0.00021
V875	0.02074	0.18261	0.21307	0.58358
V876	0.15373	0.32198	0.4332	0.09109
V877	0.04826	0.38813	0.30861	0.255
V878	0.13495	0.80336	0.06161	8e-05
V879	0.18446	0.7004	0.03969	0.07545
V880	0.2949	0.55722	0.00552	0.14236
V881	0.1315	0.04307	0.63431	0.19113
V882	0.78584	0.01711	0.1239	0.07315
V883	0.26814	0.20491	0.52644	0.00051
V884	0.02803	0.28274	0.01704	0.67218
V885	0.68184	0.23195	0.08542	0.00079
V886	0.02062	0.3513	0.48734	0.14074
V887	0.63001	0.06558	0.15971	0.1447
V888	0.08918	0.04856	0.774	0.08826
V889	0.89311	0.06906	0.01882	0.01901
V890	0.03342	0.13268	0.65218	0.18172
V891	0.61373	0.05529	0.28983	0.04114
V892	0.26072	0.18077	0.02165	0.53686
V893	0.57611	0.21485	0.15007	0.05897
V894	0.06616	0.30011	0.59947	0.03426
V895	0.58594	0.06552	0.20232	0.14622
V896	0.05229	0.92248	0.00692	0.01831
V897	0.67463	0.26404	0.00414	0.05719
V898	0.43336	0.01642	0.01844	0.53178
V899	0.02983	0.1836	0.15225	0.63432
V900	0.07624	0.283	0.38315	0.25761
V901	0.04677	0.82985	0.00687	0.11652
V902	0.06084	0.89105	0.04314	0.00497
V903	0.01485	0.40902	0.53362	0.04251
V904	0.04353	0.94669	0.00266	0.00712
V905	0.13496	0.0117	0.19335	0.65999
V906	0.3836	0.08931	0.11133	0.41576
V907	0.41379	0.52068	0.01663	0.04889
V908	0.01843	0.06395	0.09579	0.82184
V909	0.13017	0.80464	0.00092	0.06427
V910	0.14725	0.01325	0.13638	0.70312
V911	0.50386	0.39823	0.03109	0.06682
V912	0.38414	0.3272	0.12611	0.16254
V913	0.11825	0.02077	0.03569	0.8253
V914	0.17653	0.49844	0.29171	0.03332
V915	0.20848	0.01899	0.02853	0.744
V916	0.23078	0.05703	0.66948	0.0427
V917	0.7039	0.03807	0.16467	0.09336
V918	0.0516	0.63618	0.2248	0.08742
V919	0.18971	0.22564	0.31275	0.2719
V920	0.61144	0.20015	0.09232	0.0961
V921	0.03377	0.16516	0.04945	0.75162
V922	0.09944	0.46314	0.39506	0.04236
V923	0.07605	0.03399	0.06716	0.8228
V924	0.04438	0.6717	0.2589	0.02503
V925	0.16376	0.04647	0.03387	0.7559
V926	0.1817	0.03573	0.0479	0.73468
V927	0.029	0.05657	0.07984	0.83459
V928	0.05684	0.88141	0.00612	0.05562
V929	0.06128	0.64642	0.12446	0.16783
V930	0.49722	0.37599	0.03151	0.09528
V931	0.12899	0.26438	0.53544	0.07119
V932	0.03279	0.10268	0.63923	0.2253
V933	0.57047	0.40768	0.01078	0.01108
V934	0.01197	0.14228	0.28716	0.55859
V935	0.55549	0.16227	0.2135	0.06874
V936	0.51282	0.27252	0.01865	0.19601
V937	0.53133	0.12682	0.08696	0.25489
V938	0.35866	0.04698	0.32335	0.27102
V939	0.739	0.03094	0.07301	0.15705
V940	0.0376	0.79322	0.13674	0.03244
V941	0.0105	0.04635	0.93084	0.01232
V942	0.71965	0.19873	0.06408	0.01754
V943	0.38272	0.12525	0.44061	0.05142
V944	0.02357	0.25996	0.07599	0.64047
V945	0.54504	0.36061	0.0099	0.08445
V946	0.44612	0.26239	0.25816	0.03332
V947	0.07357	0.05093	0.24472	0.63079
V948	0.31689	0.03748	0.62698	0.01865
V949	0.00656	0.10967	0.21703	0.66675
V950	0.05987	0.53393	0.21164	0.19456
V951	0.80184	0.0381	0.1542	0.00586
V952	0.0639	0.1199	0.27834	0.53785
V953	0.01973	0.0621	0.88966	0.02851
V954	0.0384	0.17359	0.1523	0.63572
V955	0.12131	0.60041	0.0283	0.24998
V956	0.03281	0.02884	0.53701	0.40134
V957	0.30631	0.03345	0.01545	0.64479
V958	0.06721	0.02672	0.02944	0.87664
V959	0.22232	0.25326	0.45329	0.07113
V960	0.22288	0.26675	0.08463	0.42574
V961	0.13233	0.38131	0.36418	0.12217
V962	0.35217	0.16431	0.41303	0.07049
V963	0.59015	0.17139	0.16085	0.07761
V964	0.82433	0.04529	0.09763	0.03275
V965	0.05977	0.49587	0.19242	0.25194
V966	0.93236	0.04629	0.00771	0.01364
V967	0.05015	0.04162	0.55457	0.35366
V968	0.00472	0.14469	0.78991	0.06069
V969	0.01691	0.2829	0.05201	0.64818
V970	0.03409	0.10956	0.44697	0.40938
V971	0.49016	0.08535	0.34608	0.07841
V972	0.49585	0.198	0.05143	0.25471
V973	0.26084	0.42091	0.07921	0.23903
V974	0.02097	0.78553	0.11873	0.07477
V975	0.09841	0.28506	0.6115	0.00504
V976	0.43254	0.24454	0.117	0.20593
V977	0.3091	0.3593	0.32716	0.00444
V978	0.06	0.09397	0.08315	0.76289
V979	0.77475	0.03743	0.18204	0.00578
V980	0.9445	0.04181	0.00403	0.00966
V981	0.31769	0.03323	0.45735	0.19174
V982	0.43425	0.40403	0.07441	0.0873
V983	0.67888	0.06933	0.0077	0.24409
V984	0.03055	0.83785	0.09931	0.03229
V985	0.07142	0.1944	0.02361	0.71056
V986	0.31306	0.53242	0.04839	0.10614
V987	0.22888	0.75262	0.00049	0.01801
V988	0.19456	0.03058	0.03377	0.74109
V989	0.42863	0.48094	0.07321	0.01722
V990	0.00396	0.05507	0.80762	0.13335
V991	0.61045	0.3777	0.00012	0.01173
V992	0.18415	0.0157	0.54673	0.25342
V993	0.07198	0.72869	0.15849	0.04084
V994	0.1806	0.78372	0.02518	0.01051
V995	0.72668	0.11133	0.03189	0.13011
V996	0.24761	0.12332	0.0244	0.60467
V997	0.0174	0.02672	0.84168	0.1142
V998	0.85736	0.03133	0.06304	0.04827
V999	0.12662	0.86568	0.00178	0.00592
V1000	0.28586	0.04043	0.0158	0.65792
