B_cells	NK_cells	T_cells_CD4.	Monocytes
V1	0.57957	0	0.19398	0.22645
V2	0.22604	0.08904	0.07325	0.61167
V3	0.10503	0.61063	0.03445	0.2499
V4	0.84889	0.1006	0.01528	0.03522
V5	0.1474	0.45186	0.28697	0.11377
V6	0.12805	0.79853	0.06687	0.00655
V7	0.19696	0.35689	0.10675	0.3394
V8	0.16892	0.01803	0.79179	0.02126
V9	0.29996	0.23608	0.05001	0.41395
V10	0.06066	0.02276	0.8762	0.04039
V11	0.23454	0.32706	0.4384	0
V12	0.06303	0.54085	0.39612	0
V13	0.31181	0.64595	0.0408	0.00145
V14	0.11965	0.8332	0.04715	0
V15	0.16371	0.56386	0.15887	0.11355
V16	0.85252	0.03366	0.06065	0.05318
V17	0.13846	0.80096	0.05397	0.00661
V18	0.58536	0.31153	0.07884	0.02427
V19	0.20734	0.74928	0.04337	0
V20	0.2183	0.45488	0.03521	0.29161
V21	0.16734	0.0742	0.7419	0.01656
V22	0.06456	0.10049	0.24304	0.59191
V23	0.39649	0.04803	0.55548	0
V24	0.8913	0.02422	0.08448	0
V25	0.38409	0.22788	0.15281	0.23522
V26	0.4344	0.36413	0.03799	0.16348
V27	0.18895	0.06272	0.03424	0.71409
V28	0.0097	0.0778	0.9125	0
V29	0.45326	0.03246	0.49629	0.018
V30	0.14471	0.22198	0.3042	0.32912
V31	0.24545	0.19249	0.31852	0.24354
V32	0.17306	0.02389	0.06807	0.73498
V33	0.08142	0.47442	0.386	0.05815
V34	0.16735	0.05479	0.75916	0.0187
V35	0.20796	0.65991	0.12795	0.00418
V36	0.04414	0.05161	0.51332	0.39093
V37	0.57422	0.0577	0.12377	0.24431
V38	0.47667	0	0.19306	0.33027
V39	0.20858	0.52888	0.16678	0.09577
V40	0.13795	0.74087	0.12118	0
V41	0.04172	0.6635	0.08365	0.21113
V42	0.28869	0.02064	0.24094	0.44973
V43	0.16735	0.324	0.50865	0
V44	0.04591	0.09486	0.73813	0.1211
V45	0.13968	0.54985	0.25846	0.05201
V46	0.77821	0.06146	0.16033	0
V47	0.46464	0.17795	0.33261	0.0248
V48	0.79239	0.14546	0.03613	0.02602
V49	0.74732	0.17417	0	0.07851
V50	0.1112	0.75512	0.13368	0
V51	0.34214	0.36998	0.28788	0
V52	0.06153	0.12844	0.78922	0.02081
V53	0.71645	0.10278	0.18077	0
V54	0.44018	0.18065	0.37917	0
V55	0.26495	0.12856	0.26833	0.33816
V56	0.12972	0.00526	0.1325	0.73252
V57	0.14766	0.78519	0.06715	0
V58	0.67144	0	0.06239	0.26617
V59	0.45907	0.37335	0.14371	0.02387
V60	0.17919	0.15783	0.35391	0.30907
V61	0.79207	0.08785	0.03656	0.08352
V62	0.83537	0.02717	0.11106	0.0264
V63	0.06018	0.76512	0.17439	0.00032
V64	0.057	0.84048	0.00952	0.09301
V65	0.08248	0	0.14796	0.76955
V66	0.26289	0.64279	0.05426	0.04006
V67	0.18384	0.30761	0.50855	0
V68	0.23596	0.15056	0.03154	0.58194
V69	0.05921	0.30631	0.61605	0.01844
V70	0.55261	0.13939	0.20827	0.09974
V71	0.21412	0.07487	0.40251	0.3085
V72	0.59057	0.14375	0.12303	0.14265
V73	0.19567	0.57113	0.18032	0.05288
V74	0.08655	0.21555	0.6979	0
V75	0.7014	0	0.21651	0.08209
V76	0.02083	0.18972	0.22486	0.56458
V77	0.0987	0.30445	0.01175	0.5851
V78	0.3569	0.1115	0.21367	0.31792
V79	0.0352	0.11901	0.78416	0.06163
V80	0.37875	0.02425	0.53634	0.06066
V81	0.09166	0.1669	0.74143	0
V82	0.01428	0.09801	0.88034	0.00737
V83	0.20287	0.1814	0.09793	0.51779
V84	0.44646	0.0348	0.19277	0.32597
V85	0.1454	0.30932	0.42247	0.12281
V86	0.08556	0.07281	0.81021	0.03141
V87	0.08033	0.77271	0.10581	0.04114
V88	0.22534	0.05907	0.30231	0.41328
V89	0.08228	0.01435	0.24554	0.65783
V90	0.07689	0.81091	0.1122	0
V91	0.07768	0.68304	0.23634	0.00294
V92	0.47881	0.01974	0.3952	0.10626
V93	0.87744	0.01624	0.00198	0.10434
V94	0.06355	0.45734	0.04427	0.43484
V95	0.29602	0.40649	0.18966	0.10783
V96	0.1573	0.11037	0.04197	0.69036
V97	0.67358	0.09244	0.23397	0
V98	0.708	0.27061	0.00938	0.01201
V99	0.77529	0.03837	0.18324	0.0031
V100	0.11723	0.0496	0.81576	0.01741
V101	0.11725	0.07559	0	0.80717
V102	0.8756	0.04606	0.04066	0.03768
V103	0.06673	0.05434	0.13638	0.74255
V104	0.0874	0.8622	0.0504	0
V105	0.10951	0.83035	0.06014	0
V106	0.15909	0.48192	0.35402	0.00497
V107	0.2208	0.20109	0.55791	0.0202
V108	0.18742	0.67765	0.13494	0
V109	0.044	0.17413	0.6072	0.17467
V110	0.10729	0.79668	0.09022	0.0058
V111	0.86586	0	0.11387	0.02027
V112	0.17807	0.06898	0.45467	0.29827
V113	0.25123	0.10715	0.20957	0.43205
V114	0.32016	0.03731	0.11356	0.52897
V115	0.04404	0.68785	0.26811	0
V116	0.17983	0.30568	0.39104	0.12345
V117	0.67712	0.22411	0.06813	0.03063
V118	0.21321	0.55537	0.0625	0.16891
V119	0.19621	0.0818	0.0765	0.64548
V120	0.11814	0.09138	0.79016	0.00031
V121	0.61093	0.11505	0.12275	0.15126
V122	0.88059	0.00373	0.06609	0.04959
V123	0.04429	0.5218	0.07648	0.35743
V124	0.68049	0.26723	0.00501	0.04727
V125	0.41371	0.3783	0.20798	0
V126	0.10595	0.15801	0.07745	0.65859
V127	0.22708	0.04789	0.29261	0.43242
V128	0.10984	0.0098	0.15462	0.72575
V129	0.58302	0.21017	0.19569	0.01111
V130	0.04209	0.60038	0.35754	0
V131	0.07561	0.84962	0.02518	0.04959
V132	0.86866	0	0.07942	0.05192
V133	0.85623	0.01043	0.09969	0.03365
V134	0.15799	0.3912	0.15983	0.29099
V135	0.1526	0.01572	0.22173	0.60995
V136	0.30109	0.39411	0.023	0.2818
V137	0.64555	0.02992	0.26834	0.05618
V138	0.25291	0.38627	0.20892	0.1519
V139	0.38897	0.19824	0.22269	0.1901
V140	0.10061	0.10167	0.08679	0.71093
V141	0.10231	0.16851	0.55369	0.1755
V142	0.77155	0	0.22845	0
V143	0.46794	0.24774	0.09299	0.19132
V144	0.22633	0.16117	0.19915	0.41336
V145	0.01549	0.70987	0.27464	0
V146	0.15798	0.00727	0.0817	0.75305
V147	0.85817	0.01801	0.06209	0.06172
V148	0.1703	0.08653	0.5843	0.15887
V149	0.29016	0.46334	0.2465	0
V150	0.12425	0.24456	0.58505	0.04614
V151	0.25438	0.58904	0.06746	0.08911
V152	0.27005	0.41623	0.25124	0.06248
V153	0.15856	0.70924	0.05407	0.07812
V154	0.27744	0.42202	0.30054	0
V155	0.48757	0.13779	0.30261	0.07203
V156	0.0661	0.15869	0.68606	0.08915
V157	0.34118	0.156	0.3312	0.17162
V158	0.1148	0	0.09827	0.78693
V159	0.86357	0.06444	0.00586	0.06613
V160	0.70861	0	0.09164	0.19976
V161	0.29728	0	0.06114	0.64158
V162	0.12085	0.31253	0.11039	0.45623
V163	0.13996	0.47823	0.20486	0.17696
V164	0.38097	0.29665	0.1322	0.19018
V165	0.06666	0.28724	0	0.6461
V166	0.0628	0.1132	0.10947	0.71453
V167	0.42824	0	0.02141	0.55035
V168	0.32489	0.52575	0.11966	0.0297
V169	0.27204	0.05469	0.06479	0.60847
V170	0.15383	0.03378	0.54461	0.26778
V171	0.16815	0.24208	0.57965	0.01012
V172	0.70016	0	0.28763	0.01221
V173	0.09407	0.15926	0.06907	0.6776
V174	0.06955	0.18086	0.10905	0.64054
V175	0.10591	0.02859	0.77582	0.08969
V176	0.04646	0.73816	0.21538	0
V177	0.0671	0.90058	0.01776	0.01456
V178	0.0516	0.74694	0.0402	0.16126
V179	0.21815	0.01335	0.41265	0.35585
V180	0.07118	0.80233	0.12649	0
V181	0.20162	0.14258	0.54011	0.11569
V182	0.32753	0.18117	0.46051	0.03079
V183	0.22404	0.73085	0.04511	0
V184	0.9184	0	0.0816	0
V185	0.58504	0.36472	0.05024	0
V186	0.15953	0.45808	0.29558	0.08681
V187	0.88109	0.00376	0.08583	0.02931
V188	0.12519	0.25084	0	0.62397
V189	0.80704	0.00963	0.05059	0.13274
V190	0.64577	0.014	0.33004	0.01019
V191	0.22135	0.21061	0.55774	0.0103
V192	0.34479	0.44098	0.07883	0.1354
V193	0.60844	0.02755	0.26081	0.1032
V194	0.09117	0.85126	0.04381	0.01376
V195	0.06178	0.0656	0.85708	0.01554
V196	0.08334	0.09987	0.03371	0.78307
V197	0.48128	0.03965	0.04501	0.43405
V198	0.10598	0.47797	0.39394	0.02211
V199	0.23831	0.02127	0.21588	0.52454
V200	0.181	0.55345	0.04132	0.22423
V201	0.1387	0.52864	0.22792	0.10474
V202	0.05539	0.04851	0.76847	0.12763
V203	0.19853	0.39906	0.4024	0
V204	0.05484	0.54487	0.02728	0.37302
V205	0.06161	0.0894	0.835	0.01399
V206	0.08539	0.11905	0.79556	0
V207	0.20351	0.20277	0.07446	0.51926
V208	0.27644	0.08138	0.64217	0
V209	0.34274	0.44036	0.09889	0.11801
V210	0.13379	0.70339	0.13937	0.02344
V211	0.49072	0	0.0597	0.44958
V212	0.51109	0.04585	0.43024	0.01281
V213	0.653	0.01857	0.14264	0.1858
V214	0.37559	0.16058	0.19213	0.27169
V215	0.3665	0.10022	0.03001	0.50327
V216	0.14474	0	0.0805	0.77475
V217	0.08144	0.48324	0.26914	0.16618
V218	0.14015	0.44176	0.20351	0.21459
V219	0.15893	0.62003	0.03562	0.18543
V220	0.05318	0.79462	0.04527	0.10693
V221	0.80751	0	0.03264	0.15985
V222	0.34742	0.13749	0.37826	0.13683
V223	0.03487	0.16324	0.74984	0.05205
V224	0.9108	0	0.0892	0
V225	0.1046	0.7867	0.1087	0
V226	0.32868	0.09423	0.57709	0
V227	0.76171	0	0.21919	0.0191
V228	0.75638	0.05546	0.10029	0.08787
V229	0.06447	0.05783	0.85151	0.02619
V230	0.09654	0.04858	0.07537	0.7795
V231	0.05852	0.29888	0.14414	0.49846
V232	0.09612	0.66183	0	0.24205
V233	0.57403	0.08323	0.22554	0.1172
V234	0.08991	0.8252	0.08387	0.00102
V235	0.39445	0.07104	0.5213	0.01321
V236	0.08323	0.09679	0.76599	0.05399
V237	0.24749	0	0.0683	0.68421
V238	0.17125	0.51717	0.29688	0.01471
V239	0.12301	0.41452	0.03573	0.42674
V240	0.49768	0.04385	0.42622	0.03226
V241	0.05918	0.03084	0.85889	0.0511
V242	0.17337	0.68873	0.1379	0
V243	0.27134	0.0586	0.6176	0.05246
V244	0.24293	0.00797	0.6873	0.0618
V245	0.60668	0.26643	0.08455	0.04235
V246	0.09438	0.16976	0.7343	0.00155
V247	0.19018	0.04704	0.76278	0
V248	0.10407	0.04617	0.09652	0.75324
V249	0.00735	0.08066	0.85871	0.05328
V250	0.74333	0	0.24315	0.01352
V251	0.88792	0.04092	0.04652	0.02464
V252	0.04661	0.75835	0.19505	0
V253	0.41409	0.06724	0.19219	0.32649
V254	0.05723	0.83644	0.10633	0
V255	0.09998	0.86147	0.01312	0.02543
V256	0.21054	0.21842	0.51613	0.0549
V257	0.4524	0.09863	0.25788	0.19109
V258	0.21273	0.26379	0.43432	0.08916
V259	0.07223	0.29592	0.62164	0.01022
V260	0.01026	0.29022	0.69952	0
V261	0.62243	0.02389	0.2259	0.12779
V262	0.18717	0.07226	0.03262	0.70795
V263	0.07468	0.89063	0.01757	0.01712
V264	0.21131	0.04578	0.45339	0.28951
V265	0.10648	0	0.18041	0.71311
V266	0.65629	0.30124	0.04247	0
V267	0.01445	0.20166	0.32887	0.45501
V268	0.44057	0.01126	0.17639	0.37179
V269	0.03769	0.5303	0.41742	0.01459
V270	0.63953	0.01962	0.26886	0.07199
V271	0.78345	0.05425	0.06592	0.09639
V272	0.10439	0.77752	0.04754	0.07055
V273	0.15088	0.02629	0.08434	0.7385
V274	0.69579	0	0.2074	0.09681
V275	0.01445	0.07217	0.88949	0.02389
V276	0.53244	0.31296	0.03143	0.12316
V277	0.08208	0.22447	0.19674	0.49671
V278	0.0906	0.06988	0.33	0.50951
V279	0.68689	0.04708	0.14403	0.12201
V280	0.1148	0	0.09827	0.78693
V281	0.57228	0.02036	0.17108	0.23627
V282	0.09473	0.09691	0.76711	0.04125
V283	0.25424	0.5448	0.09413	0.10683
V284	0.07658	0.81178	0.11164	0
V285	0.10671	0.0324	0.86089	0
V286	0.28382	0.50754	0.14548	0.06316
V287	0.14895	0.79157	0.05396	0.00552
V288	0.04593	0.29002	0.45241	0.21164
V289	0.30812	0.21878	0.4259	0.04721
V290	0.81386	0.13152	0.05463	0
V291	0.49308	0.07343	0.43349	0
V292	0.90142	0.01012	0.00983	0.07864
V293	0.32034	0.0325	0.6255	0.02166
V294	0.14709	0.38376	0	0.46915
V295	0.05967	0.19491	0.22927	0.51616
V296	0.2104	0.13572	0.59574	0.05814
V297	0.16511	0	0.11644	0.71844
V298	0.31859	0.11185	0.56955	0
V299	0.13195	0.29166	0.0215	0.55488
V300	0.02598	0.04294	0.28184	0.64923
V301	0.15784	0.13077	0.62951	0.08188
V302	0.66914	0.3059	0.01463	0.01033
V303	0.01984	0.56889	0.41069	0.00057
V304	0.09486	0.05208	0.73147	0.12159
V305	0.15969	0.17252	0.47277	0.19502
V306	0.77921	0.07995	0.08729	0.05354
V307	0.07353	0.85283	0.06447	0.00916
V308	0.26439	0.23069	0.3167	0.18821
V309	0.38017	0.30779	0.03979	0.27225
V310	0.12426	0.32501	0.18178	0.36895
V311	0.53734	0.4215	0.04116	0
V312	0.1433	0.671	0.18571	0
V313	0.02905	0.13373	0.05144	0.78578
V314	0.05294	0.48429	0.14307	0.31969
V315	0.16843	0.59896	0.06481	0.16781
V316	0.33551	0.13898	0.39798	0.12752
V317	0.13429	0.66243	0.08274	0.12053
V318	0.08568	0.5555	0.03238	0.32644
V319	0.09546	0.09121	0.79111	0.02222
V320	0.11381	0.16201	0.63558	0.0886
V321	0.64729	0.31061	0.0421	0
V322	0.24532	0.32266	0.09277	0.33925
V323	0.13647	0.02045	0.13352	0.70956
V324	0.65612	0.22635	0.10646	0.01107
V325	0.33483	0.57142	0.09376	0
V326	0.01465	0.57114	0.13024	0.28397
V327	0.06887	0.16075	0.141	0.62938
V328	0.08488	0.05288	0.73235	0.12989
V329	0.22979	0.11875	0.2007	0.45077
V330	0.42046	0.00743	0.35487	0.21724
V331	0.40444	0.08442	0.06553	0.44561
V332	0.05675	0.06037	0.22613	0.65674
V333	0.43674	0.07753	0.39816	0.08757
V334	0.38868	0.00924	0.37621	0.22586
V335	0.05684	0.33512	0.52204	0.086
V336	0.22105	0.65455	0.05253	0.07187
V337	0.30978	0.3728	0.31742	0
V338	0.023	0.89771	0.06609	0.0132
V339	0.15876	0.02156	0.81968	0
V340	0.0891	0.23773	0.53321	0.13996
V341	0.09857	0.04342	0.11177	0.74623
V342	0.27629	0.00941	0.61237	0.10193
V343	0.88927	0.02307	0.05013	0.03752
V344	0.66199	0.13056	0.20745	0
V345	0.06571	0.06702	0.86727	0
V346	0.27298	0.11986	0.30727	0.29989
V347	0.11961	0.00658	0.17183	0.70199
V348	0.09529	0.61782	0.18337	0.10353
V349	0.36316	0.16626	0.39438	0.0762
V350	0.06496	0.72398	0.21105	0
V351	0.06402	0.04646	0.43013	0.4594
V352	0.08535	0.04786	0.81124	0.05555
V353	0.83515	0.01312	0.07506	0.07667
V354	0.08744	0.63924	0.26344	0.00988
V355	0.30249	0.08456	0.46786	0.1451
V356	0.10965	0.02382	0.14373	0.72279
V357	0.14906	0.33045	0.30551	0.21498
V358	0.56895	0.09637	0.07253	0.26215
V359	0.60307	0.04501	0.05545	0.29646
V360	0.5601	0.37908	0.05751	0.00331
V361	0.00968	0.43213	0.5582	0
V362	0.01408	0.89687	0.07918	0.00987
V363	0.20486	0.1298	0.47834	0.187
V364	0.18884	0.08363	0.66048	0.06706
V365	0.34158	0.01722	0.03023	0.61096
V366	0.1213	0.64343	0.12318	0.11209
V367	0.60142	0.13315	0.01165	0.25378
V368	0.13359	0.67786	0.12659	0.06196
V369	0.05023	0.37743	0.57234	0
V370	0.31837	0.26428	0.41736	0
V371	0.23001	0.6648	0.06512	0.04006
V372	0.23096	0.05479	0.15539	0.55886
V373	0.11802	0.15493	0.48707	0.23998
V374	0.75502	0.00802	0.23696	0
V375	0.10934	0.0455	0.1837	0.66146
V376	0.10697	0.03785	0.14063	0.71455
V377	0.78741	0	0.03459	0.178
V378	0.04833	0.04805	0.44256	0.46106
V379	0.3913	0.19704	0.01848	0.39318
V380	0.20889	0.07917	0.23251	0.47943
V381	0.72766	0	0.12616	0.14617
V382	0.11825	0.06416	0.8176	0
V383	0.80611	0	0.08359	0.11031
V384	0.56808	0.06984	0.16065	0.20142
V385	0.81341	0.00317	0.11614	0.06727
V386	0.35863	0.0027	0.18177	0.4569
V387	0.57675	0.13915	0.21737	0.06674
V388	0.39471	0.31266	0.17318	0.11945
V389	0.44289	0.47477	0.04067	0.04167
V390	0.30709	0.2412	0.4517	0
V391	0.46969	0.10158	0.02936	0.39937
V392	0.43935	0.21315	0.19151	0.15598
V393	0.3026	0.2267	0.36259	0.10812
V394	0.14738	0.23761	0.141	0.47401
V395	0.25301	0.37553	0.22926	0.1422
V396	0.06065	0.86977	0.05171	0.01787
V397	0.74561	0.07427	0.1392	0.04092
V398	0.4743	0.13195	0.12256	0.27119
V399	0.22797	0.51448	0.18704	0.07051
V400	0.02094	0.58768	0.0998	0.29158
V401	0.06587	0.17759	0.70534	0.0512
V402	0.7807	0.14311	0.0762	0
V403	0.09919	0.02943	0.12327	0.74812
V404	0.12358	0.20819	0.60473	0.06351
V405	0.28062	0.02922	0.20364	0.48652
V406	0.64228	0.22901	0.04207	0.08664
V407	0.023	0.89771	0.06609	0.0132
V408	0.12506	0.25247	0.418	0.20447
V409	0.03734	0.03933	0.10063	0.8227
V410	0.13781	0.78065	0.07709	0.00445
V411	0.50605	2e-05	0	0.49393
V412	0.19508	0.09081	0.50935	0.20476
V413	0.09505	0.47628	0.21516	0.21351
V414	0.06926	0.48698	0.35873	0.08503
V415	0.46883	0.02836	0.25874	0.24407
V416	0.04922	0.10488	0.84589	0
V417	0.40785	0.54983	0.04232	0
V418	0.13395	0.11482	0.17716	0.57406
V419	0.10579	0	0.10678	0.78744
V420	0.00992	0.85851	0.06437	0.0672
V421	0.18952	0.06262	0.66456	0.08329
V422	0.13915	0.08706	0.02078	0.75301
V423	0.11723	0.0496	0.81576	0.01741
V424	0.00989	0.08012	0.64968	0.26031
V425	0.08862	0.24827	0.59186	0.07125
V426	0.12645	0.07444	0.75164	0.04747
V427	0.10742	0.39661	0.22448	0.27148
V428	0.13496	0.7122	0.09795	0.0549
V429	0.0993	0	0.1138	0.7869
V430	0.73443	0.15054	0.04477	0.07026
V431	0.22098	0.0365	0.47171	0.2708
V432	0.18312	0.10276	0.07593	0.63819
V433	0.10512	0.72176	0.00695	0.16617
V434	0.39368	0.07536	0.07611	0.45485
V435	0.54055	0	0.15303	0.30642
V436	0.433	0	0.15017	0.41683
V437	0.29406	0.23624	0.00811	0.46159
V438	0.61853	0.15061	0.05401	0.17685
V439	0.11352	0.12177	0.01881	0.7459
V440	0.53001	0.02782	0.05587	0.3863
V441	0.10322	0.15028	0.59805	0.14845
V442	0.34526	0.32958	0.16285	0.16231
V443	0.73361	0	0.12135	0.14504
V444	0.06571	0.06702	0.86727	0
V445	0.60003	0.02029	0.35637	0.02331
V446	0.0802	0.76729	0.10416	0.04834
V447	0.61585	0.08994	0.20753	0.08667
V448	0.06915	0.07953	0.23309	0.61824
V449	0.5569	0.04298	0.31672	0.08341
V450	0.18134	0.76227	0.05639	0
V451	0.88549	0.05127	0.0129	0.05034
V452	0.11833	0.00877	0.12711	0.74579
V453	0.77155	0.06416	0.10342	0.06086
V454	0.02013	0.86109	0.11179	0.00699
V455	0.58971	0.03432	0.32365	0.05232
V456	0.34626	0.1283	0.39759	0.12785
V457	0.03456	0.0667	0.06727	0.83147
V458	0.32603	0.23383	0.00749	0.43265
V459	0.05234	0.743	0.14227	0.06239
V460	0.8731	3e-05	0.08277	0.04409
V461	0.1595	0.05577	0.02631	0.75842
V462	0.39918	0.24528	0	0.35554
V463	0.28281	0.44438	0.19278	0.08004
V464	0.5505	0.09649	0.0098	0.34321
V465	0.42956	0.40002	0.05016	0.12026
V466	0.60411	0.17869	0.01549	0.20171
V467	0.34457	0.5211	0.12104	0.01329
V468	0.51116	0.36647	0.08638	0.03599
V469	0.05429	0.19688	0.32183	0.427
V470	0.54615	0.12056	0.20834	0.12495
V471	0.3315	0.11126	0.05309	0.50416
V472	0.37265	0.32757	0	0.29978
V473	0.13654	0.50352	0.35994	0
V474	0.19772	0	0.14112	0.66116
V475	0.22832	0.39418	0.10485	0.27265
V476	0.2431	0.00769	0.09773	0.65148
V477	0.59566	0.03447	0.23462	0.13525
V478	0.18144	0.57175	0.02265	0.22416
V479	0.04487	0.1181	0.77554	0.06149
V480	0.13573	0.32103	0.06737	0.47587
V481	0.17755	0.04715	0.7724	0.0029
V482	0.67313	0.14809	0.14809	0.03068
V483	0.1977	0.11994	0.10314	0.57922
V484	0.09766	0.09012	0.06078	0.75144
V485	0.17006	0.69333	0.04144	0.09516
V486	0.30835	0.26537	0.15382	0.27246
V487	0.15279	0.05231	0.12478	0.67012
V488	0.01657	0.03073	0.87482	0.07789
V489	0.23622	0.11981	0.64397	0
V490	0.37444	0.30709	0.09255	0.22593
V491	0.46294	0.42833	0.06668	0.04206
V492	0.06963	0.75141	0.17897	0
V493	0.1558	0	0	0.8442
V494	0.22193	0.17003	0.51788	0.09017
V495	0.25633	0.56347	0.1802	0
V496	0.31796	0.64204	0.01553	0.02447
V497	0.06529	0.02508	0.8901	0.01953
V498	0.37097	0.10777	0.07395	0.4473
V499	0.60355	0.23836	0.15808	0
V500	0.13682	0.14599	0.69751	0.01968
V501	0.03307	0	0.13165	0.83528
V502	0.54567	0.25756	0.18843	0.00834
V503	0.2491	0.10793	0.22999	0.41298
V504	0.27342	0.6413	0.04483	0.04045
V505	0.23607	0.22322	0.27867	0.26204
V506	0.12236	0.26337	0.46461	0.14965
V507	0.60869	0.09704	0.15141	0.14286
V508	0.72792	0.15055	0.07552	0.04601
V509	0.25831	0.07863	0.5105	0.15257
V510	0.2478	0.46723	0.28498	0
V511	0.09653	0.42638	0.07047	0.40661
V512	0.30834	0.04922	0.11313	0.52932
V513	0.11838	0.59568	0.25135	0.03459
V514	0.09081	0.10233	0	0.80686
V515	0.74824	0.05447	0.081	0.1163
V516	0.88578	0.08104	0.015	0.01818
V517	0.09888	0.03658	0.28974	0.5748
V518	0.9109	0.04616	0.01066	0.03229
V519	0.0735	0.81604	0.04077	0.06969
V520	0.06994	0.01079	0.64472	0.27456
V521	0.55277	0.05034	0.37665	0.02023
V522	0.0336	0.15322	0.59259	0.22058
V523	0.37855	0.13281	0.28043	0.20822
V524	0.04358	0.71394	0.23831	0.00417
V525	0.3135	0.21407	0.04023	0.43219
V526	0.64327	0.07516	0.10485	0.17671
V527	0.2475	0.03279	0.42041	0.2993
V528	0.14942	0.80249	0.01954	0.02854
V529	0.11839	0.07628	0.25781	0.54753
V530	0.0339	0.22542	0.66916	0.07152
V531	0.06005	0.78006	0.1599	0
V532	0.22664	0.3355	0.04021	0.39765
V533	0.31341	0.34273	0.16394	0.17991
V534	0.04593	0.04647	0.71045	0.19714
V535	0.59171	0	0.02737	0.38092
V536	0.24115	0	0.40254	0.35631
V537	0.57899	0.23455	0.18645	0
V538	0.49249	0.04894	0.11611	0.34246
V539	0.29602	0.40649	0.18966	0.10783
V540	0.2402	0.63098	0.11592	0.0129
V541	0.05489	0.51167	0.09513	0.3383
V542	0.24172	0.14162	0.2787	0.33796
V543	0.84695	0	0.04713	0.10593
V544	0.16533	0.10297	0.20466	0.52703
V545	0.40765	0.14548	0.09249	0.35437
V546	0.09397	0.78799	0.11804	0
V547	0.07455	0.58462	0.34083	0
V548	0.19107	0.6813	0.12763	0
V549	0.33786	0.05238	0.6095	0.00027
V550	0.63191	0.02023	0	0.34786
V551	0.21914	0.67372	0.07555	0.03159
V552	0.01687	0.54723	0.03349	0.40242
V553	0.24978	0.16261	0.58761	0
V554	0.13709	0.10337	0.04765	0.71189
V555	0.12869	0.24341	0.35686	0.27104
V556	0.00706	0.07588	0.88117	0.03589
V557	0.80412	0.0197	0.03618	0.14
V558	0.11387	0.73491	0.06581	0.08541
V559	0.0451	0.72587	0.22903	0
V560	0.69113	0.28258	0.0194	0.00689
V561	0.01445	0.07217	0.88949	0.02389
V562	0.75438	0	0.1513	0.09432
V563	0.26559	0.02095	0.71346	0
V564	0.09789	0.1104	0.79171	0
V565	0.1588	0.27003	0.39417	0.177
V566	0.7066	0.0908	0.01622	0.18638
V567	0.26367	0.43818	0.04434	0.25381
V568	0.31471	0	0.08771	0.59759
V569	0.71004	0.02089	0	0.26907
V570	0.05759	0.29743	0.60926	0.03572
V571	0.80133	0.11432	0.01455	0.06981
V572	0.45407	0.0167	0.44944	0.07979
V573	0.13567	0.1906	0.01134	0.66239
V574	0.07767	0.7071	0.21523	0
V575	0.07199	0.09996	0.16505	0.663
V576	0.19577	0.72111	0.08312	0
V577	0.09966	0.05609	0.25018	0.59407
V578	0.09333	0.09698	0.6711	0.1386
V579	0.04793	0.79909	0.14819	0.00479
V580	0.22696	0	0.15274	0.6203
V581	0.15866	0.10231	0	0.73904
V582	0.59413	0.14306	0.05248	0.21032
V583	0.03739	0.07622	0.61178	0.27461
V584	0.51291	0.15591	0.31289	0.01829
V585	0.05606	0.03011	0.47813	0.4357
V586	0.26154	0.03176	0.6377	0.06899
V587	0.28811	0.03559	0.66182	0.01447
V588	0.64868	0.03523	0.04654	0.26954
V589	0.10229	0.74475	0.11274	0.04022
V590	0.08521	0.68526	0.22954	0
V591	0.02596	0.05221	0.25308	0.66875
V592	0.18067	0.06324	0.75609	0
V593	0.59322	0	0.20804	0.19874
V594	0.35257	0.28004	0.35131	0.01608
V595	0.12132	0.04427	0.06848	0.76593
V596	0.07496	0.29915	0.25731	0.36857
V597	0.01363	0.56021	0.37689	0.04927
V598	0.05595	0.14824	0.79581	0
V599	0.62133	0.28864	0.07085	0.01919
V600	0.38355	0.44229	0.08116	0.093
V601	0.2144	0.28375	0.10607	0.39577
V602	0.1286	0.05447	0.04088	0.77605
V603	0.05538	0.38631	0.03398	0.52434
V604	0.5097	0.12239	0.35588	0.01202
V605	0.09962	0.33421	0.41718	0.149
V606	0.71814	0.144	0.0309	0.10696
V607	0.65542	0	0.1425	0.20207
V608	0.25057	0.17392	0.3968	0.17871
V609	0.06552	0.25807	0.26863	0.40779
V610	0.74624	0.01001	0.12708	0.11667
V611	0.35649	0	0.08307	0.56045
V612	0.05636	0.12658	0.76969	0.04737
V613	0.07328	0.33195	0.58628	0.00848
V614	0.74186	0.05486	0.0801	0.12319
V615	0.21912	0.07151	0.01195	0.69742
V616	0.12377	0.66437	0.08265	0.1292
V617	0.46713	0.15556	0.3773	0
V618	0.74845	0.00241	0	0.24914
V619	0.4108	0.03394	0.33783	0.21742
V620	0.04209	0.60038	0.35754	0
V621	0.44443	0.156	0.1996	0.19997
V622	0.37098	0.22359	0.40535	9e-05
V623	0.07071	0.08961	0.18516	0.65451
V624	0.78557	0.17772	0.01295	0.02376
V625	0.29722	0.46405	0.13095	0.10779
V626	0.90209	0.03783	0.01018	0.0499
V627	0.02263	0.03838	0.13725	0.80174
V628	0.03297	0.24627	0.04042	0.68034
V629	0.16359	0.29914	0.30357	0.23371
V630	0.07171	0.33252	0.57906	0.01671
V631	0.0648	0.2123	0.13941	0.58348
V632	0.59939	0	0.15971	0.2409
V633	0.00886	0.0761	0.82316	0.09188
V634	0.4012	0.25031	0.34849	0
V635	0.0728	0.73127	0.03285	0.16309
V636	0.15816	0.1301	0.62201	0.08972
V637	0.34896	0.20189	0.11214	0.33701
V638	0.40917	0.25444	0.09213	0.24426
V639	0.28519	0.38935	0.32545	0
V640	0.06817	0.1785	0.72439	0.02894
V641	0.83382	0.03126	0.06501	0.06991
V642	0.75935	0.16253	0.00586	0.07226
V643	0.03566	0.21087	0.47534	0.27813
V644	0.86342	0.06637	0.03976	0.03045
V645	0.28502	0.38126	0.33372	0
V646	0.06878	0.86831	0.05699	0.00592
V647	0.17746	0.11457	0.67202	0.03596
V648	0.42737	0.3957	0.17346	0.00348
V649	0.06009	0.10073	0.79632	0.04285
V650	0.09316	0.12272	0.73824	0.04587
V651	0.32565	0.01943	0.65492	0
V652	0.1337	0.11169	0.45715	0.29746
V653	0.16555	0.61428	0.14198	0.07819
V654	0.67804	0.18174	0.09178	0.04845
V655	0.08415	0.56329	0.04645	0.30611
V656	0.26771	0.28047	0.01683	0.43498
V657	0.10523	0.09931	0.02515	0.77032
V658	0.59861	0.19853	0.08554	0.11732
V659	0.35092	0.09836	0.37946	0.17126
V660	0.08417	0.88232	0.01745	0.01606
V661	0.10733	0.42567	0.07999	0.38701
V662	0.42341	0.02677	0.47108	0.07874
V663	0.26449	0.09256	0.55886	0.08409
V664	0.22901	0.09223	0.65131	0.02745
V665	0.67577	0.17379	0.06894	0.0815
V666	0.60357	0	0.12308	0.27335
V667	0.74025	0.06185	0.19789	0
V668	0.15762	0.71451	0.12787	0
V669	0.25961	0.3894	0.27981	0.07119
V670	0.13063	0.84588	0.0141	0.00939
V671	0.37556	0.27586	0.28207	0.06651
V672	0.06033	0.06896	0.84086	0.02985
V673	0.26232	0.35414	0.25888	0.12465
V674	0.71021	0.13567	0.03964	0.11448
V675	0.17121	0.32692	0.34334	0.15853
V676	0.08316	0.12949	0.14258	0.64476
V677	0.40364	0.37428	0.12863	0.09345
V678	0.527	0.42232	0.05068	0
V679	0.08127	0.3084	0.61033	0
V680	0.33132	0.49363	0.17505	0
V681	0.84688	0.05706	0.04642	0.04964
V682	0.14684	0.29888	0.54635	0.00792
V683	0.06564	0.86342	0.07094	0
V684	0.67479	0.1465	0.1295	0.04921
V685	0.49886	0.31576	0.15938	0.02599
V686	0.14574	0.1976	0.18268	0.47397
V687	0.12742	0.0233	0.07946	0.76982
V688	0.40975	0.48061	0.0073	0.10234
V689	0.32512	0	0.07145	0.60343
V690	0.47134	0.05286	0.42952	0.04629
V691	0.18643	0.02807	0.7855	0
V692	0.11439	0.16421	0.67886	0.04254
V693	0.26572	0.12209	0.38714	0.22505
V694	0.05407	0.04205	0.33423	0.56965
V695	0.30512	0	0.19214	0.50273
V696	0.16162	0.10389	0.02956	0.70492
V697	0.08876	0.08531	0.03718	0.78874
V698	0.8071	0	0.04025	0.15265
V699	0.56321	0.2637	0.09897	0.07412
V700	0.31336	0.02289	0.0154	0.64835
V701	0.15443	0.50566	0.14452	0.19539
V702	0.57879	0.07476	0.0214	0.32504
V703	0.17442	0.07176	0.50316	0.25066
V704	0.79508	0.03702	0.05689	0.11101
V705	0.88325	0	0.05758	0.05917
V706	0.11599	0.0827	0.74067	0.06064
V707	0.07471	0.41408	0.5044	0.0068
V708	0.08358	0.80345	0.06415	0.04883
V709	0.16654	0.26829	0.51975	0.04542
V710	0.6002	0.19849	0.07519	0.12612
V711	0.13494	0.71663	0.14133	0.0071
V712	0.80355	0.0469	0.02372	0.12583
V713	0.45944	0.28709	0.05365	0.19982
V714	0.04563	0.65149	0.05533	0.24755
V715	0.32178	0.31841	0.32403	0.03578
V716	0.11798	0.05473	0.08928	0.73801
V717	0.13159	0.84768	0.0207	3e-05
V718	0.18433	0.5204	0.21683	0.07844
V719	0.10193	0.66986	0.07251	0.15571
V720	0.68031	0	0.25338	0.06631
V721	0.15865	0.18261	0.48186	0.17687
V722	0.1501	0.35197	0.02147	0.47646
V723	0.19484	0.10275	0.01108	0.69133
V724	0.59753	0.01643	0.11564	0.2704
V725	0.01585	0.13359	0.82544	0.02511
V726	0.07889	0.39004	0.15213	0.37894
V727	0.29292	0.57641	0.13067	0
V728	0.0719	0.78341	0.14469	0
V729	0.4499	0.00246	0.19389	0.35375
V730	0.83934	0.02399	0.08651	0.05016
V731	0.05965	0.21869	0.42288	0.29878
V732	0.37321	0.08685	0.36803	0.17192
V733	0.63902	0.17585	0.05783	0.1273
V734	0.25524	0.28943	0.45533	0
V735	0.05962	0.05046	0.51022	0.3797
V736	0.23774	0.00098	0.02947	0.73181
V737	0.3482	0.27889	0.26395	0.10896
V738	0.11065	0.33095	0.46204	0.09636
V739	0.00448	0.04484	0.64129	0.30939
V740	0.80118	0.07427	0.11062	0.01392
V741	0.50263	0.10169	0.15159	0.24409
V742	0.42276	0.52556	0.05167	0
V743	0.1682	0.16207	0.66973	0
V744	0.51789	0.04468	0.34637	0.09106
V745	0.05066	0.64657	0.2266	0.07617
V746	0.94081	0	0	0.05919
V747	0.09742	0.01145	0.72491	0.16622
V748	0.15839	0.12741	0.58202	0.13217
V749	0.33377	0.18256	0.07163	0.41203
V750	0.43722	0.42522	0.04387	0.09369
V751	0.09355	0.78561	0.08562	0.03522
V752	0.47071	0.21887	0.16236	0.14806
V753	0.1318	0.06151	0	0.80668
V754	0.05929	0.88124	0.01597	0.0435
V755	0.1864	0.20789	0.36276	0.24295
V756	0.11228	0.01434	0.10912	0.76426
V757	0.36521	0.52563	0.10259	0.00657
V758	0.08606	0.69878	0.16872	0.04643
V759	0.16953	0.07809	0.42562	0.32676
V760	0.33061	0.06468	0.30482	0.29989
V761	0.10451	0.53619	0.30904	0.05025
V762	0.02386	0.40362	0.03843	0.5341
V763	0.41692	0.34022	0.04389	0.19896
V764	0.056	0.852	0.04929	0.04271
V765	0.69021	0.08131	0	0.22847
V766	0.04607	0.32937	0.45936	0.16521
V767	0.48493	0.1264	0.26594	0.12274
V768	0.10867	0.81512	0.0677	0.00851
V769	0.18652	0.73898	0.0745	0
V770	0.06878	0.86831	0.05699	0.00592
V771	0.19688	0.0457	0.75489	0.00254
V772	0.16541	0.07637	0.75823	0
V773	0.20734	0.74928	0.04337	0
V774	0.06367	0.02726	0.87691	0.03216
V775	0.17041	0.05257	0.31529	0.46173
V776	0.44635	0.38702	0.08095	0.08568
V777	0.23191	0.12822	0.17071	0.46916
V778	0.53867	0.2582	0.09652	0.1066
V779	0.20734	0.06017	0.50907	0.22342
V780	0.14662	0.68156	0.17183	0
V781	0.14002	0.04683	0.06935	0.74381
V782	0.03537	0.15492	0.76374	0.04596
V783	0.76867	0.00863	0.08295	0.13975
V784	0.15507	0.78746	0.05746	0
V785	0.08986	0.8406	0.05685	0.01269
V786	0.69163	0.14563	0.12072	0.04202
V787	0.01033	0.77456	0.21511	0
V788	0.50825	0.27894	0.18682	0.02598
V789	0.12421	0.3744	0.04476	0.45663
V790	0.49596	0.01745	0.1084	0.37819
V791	0.16855	0.36392	0.35299	0.11453
V792	0.18304	0.52608	0.01948	0.2714
V793	0.16846	0.616	0.06618	0.14937
V794	0.08167	0.11456	0.7502	0.05356
V795	0.18809	0.05129	0.09405	0.66657
V796	0.06509	0.12058	0.80028	0.01405
V797	0.73025	0	0.25249	0.01726
V798	0.61159	0.26538	0.11626	0.00677
V799	0.17872	0.7074	0.06591	0.04796
V800	0.11307	0.04612	0.53668	0.30414
V801	0.18096	0.13749	0.35356	0.32798
V802	0.0866	0.10121	0.30963	0.50256
V803	0.24414	0.46433	0.29153	0
V804	0.52193	0.02186	0.39989	0.05632
V805	0.07173	0.02716	0.90111	0
V806	0.09765	0.8243	0.05404	0.02402
V807	0.3169	0.16355	0.05063	0.46892
V808	0.64997	0.24365	0.078	0.02838
V809	0.0794	0.0782	0.8424	0
V810	0.0729	0.89981	0.01825	0.00904
V811	0.4488	0.07748	0.22877	0.24495
V812	0.55202	0.24818	0.07575	0.12405
V813	0.58235	0.18461	0.2215	0.01154
V814	0.44754	0.46891	0.08355	0
V815	0.02506	0.83935	0.13559	0
V816	0.88778	0	0.11222	0
V817	0.06896	0.1135	0.81359	0.00395
V818	0.03553	0.0765	0.0915	0.79647
V819	0.7863	0.07202	0.08711	0.05457
V820	0.2084	0.11455	0.03609	0.64095
V821	0.24481	0.30786	0.4034	0.04394
V822	0.10729	0.06211	0.81302	0.01758
V823	0.05477	0.21433	0.66605	0.06485
V824	0.1152	0.35243	0.53237	0
V825	0.25341	0.28896	0.27867	0.17895
V826	0.44033	0.37133	0.18834	0
V827	0.40677	0.53646	0.04638	0.0104
V828	0.27441	0.17652	0.13659	0.41248
V829	0.09676	0.2608	0.0599	0.58254
V830	0.28015	0.23787	0.03955	0.44243
V831	0.74938	0.08076	0.06076	0.10909
V832	0.29698	0.37959	0.19819	0.12523
V833	0.18522	0.47746	0.21438	0.12294
V834	0.34843	0.07813	0.10835	0.46508
V835	0.37927	0.4127	0.15171	0.05632
V836	0.0526	0.65793	0.03422	0.25525
V837	0.25396	0.36663	0.21905	0.16035
V838	0.86969	0.03686	0.07826	0.01519
V839	0.32319	0.53886	0.13795	0
V840	0.32111	0.6328	0.04609	0
V841	0.01448	0.08949	0.8496	0.04643
V842	0.37529	0.17102	0.28149	0.17219
V843	0.05581	0.06528	0.82364	0.05526
V844	0.15866	0.10896	0.40539	0.32698
V845	0.10321	0.1389	0.71305	0.04484
V846	0.00411	0.05463	0.77406	0.16721
V847	0.02764	0	0.12348	0.84888
V848	0.12859	0.48876	0.20579	0.17686
V849	0.01618	0.89544	0.0579	0.03047
V850	0.88585	0	0.06472	0.04943
V851	0.35036	0.47027	0.17938	0
V852	0.17553	0.05935	0.16824	0.59688
V853	0.267	0.23092	0.41203	0.09005
V854	0.58697	0.16273	0.13305	0.11725
V855	0.02764	0	0.12348	0.84888
V856	0.08016	0.35634	0.37932	0.18418
V857	0.66357	0.16526	0.05833	0.11284
V858	0.54196	0.0204	0.4315	0.00614
V859	0.65138	0.21945	0.04194	0.08723
V860	0.25373	0.12631	0.07733	0.54262
V861	0.12112	0.33972	0.53916	0
V862	0.16728	0.116	0.68799	0.02873
V863	0.2792	0.07	0	0.6508
V864	0.15122	0.04601	0.09324	0.70953
V865	0.17557	0.00667	0.30843	0.50933
V866	0.69416	0.01686	0.27287	0.0161
V867	0.69412	0.02693	0.27306	0.00589
V868	0.5113	0.26019	0.16541	0.0631
V869	0.07972	0.86655	0.05233	0.0014
V870	0.16066	0.3505	0.03257	0.45627
V871	0.01618	0.89544	0.0579	0.03047
V872	0.06094	0.0301	0.29372	0.61524
V873	0.82892	0.02283	0.09228	0.05598
V874	0.22852	0.69963	0.07185	0
V875	0.05799	0.21673	0.23845	0.48683
V876	0.18942	0.32206	0.42635	0.06218
V877	0.08101	0.39601	0.32964	0.19334
V878	0.16908	0.72135	0.10958	0
V879	0.23142	0.63139	0.08152	0.05567
V880	0.34346	0.5119	0.02702	0.11761
V881	0.18065	0.06762	0.60121	0.15051
V882	0.76491	0	0.15553	0.07957
V883	0.29133	0.19717	0.51151	0
V884	0.0767	0.29626	0	0.62704
V885	0.69276	0.18604	0.1212	0
V886	0.04586	0.36557	0.48547	0.10311
V887	0.62342	0.06119	0.18807	0.12733
V888	0.13721	0.07969	0.71586	0.06723
V889	0.85401	0.0422	0.05997	0.04383
V890	0.06609	0.17356	0.62081	0.13953
V891	0.60579	0.05317	0.30405	0.037
V892	0.339	0.1924	0.0172	0.4514
V893	0.56616	0.20143	0.18359	0.04881
V894	0.10365	0.31153	0.57617	0.00864
V895	0.58446	0.06425	0.22494	0.12635
V896	0.09117	0.85126	0.04381	0.01376
V897	0.68285	0.23282	0.02833	0.05599
V898	0.51614	0	0.02116	0.4627
V899	0.07354	0.21381	0.17758	0.53507
V900	0.11328	0.30408	0.3882	0.19444
V901	0.08278	0.78677	0.0375	0.09296
V902	0.09614	0.80282	0.10104	0
V903	0.03653	0.41053	0.53771	0.01524
V904	0.08233	0.90021	0.01296	0.0045
V905	0.21825	0	0.21276	0.56898
V906	0.43707	0.09465	0.13385	0.33443
V907	0.45157	0.46387	0.05091	0.03366
V908	0.06796	0.06552	0.11852	0.748
V909	0.18108	0.75457	0.01581	0.04853
V910	0.23515	0	0.15526	0.60958
V911	0.52361	0.35787	0.06475	0.05377
V912	0.4067	0.31143	0.1534	0.12847
V913	0.21186	0	0.02804	0.76011
V914	0.21495	0.45785	0.323	0.0042
V915	0.30188	0	0.02327	0.67485
V916	0.27007	0.07981	0.62241	0.02771
V917	0.68838	0.02206	0.19823	0.09133
V918	0.08224	0.58608	0.27215	0.05953
V919	0.23141	0.24315	0.31926	0.20618
V920	0.60129	0.18869	0.12532	0.08471
V921	0.09391	0.179	0.05585	0.67124
V922	0.13635	0.4384	0.41192	0.01333
V923	0.16814	0.01963	0.09052	0.72171
V924	0.07758	0.61289	0.30953	0
V925	0.25907	0.03929	0.02988	0.67176
V926	0.276	0.02065	0.06067	0.64268
V927	0.09576	0.05505	0.10191	0.74728
V928	0.09706	0.82006	0.04001	0.04286
V929	0.0959	0.60271	0.17129	0.1301
V930	0.51712	0.34195	0.0617	0.07922
V931	0.16683	0.27795	0.51078	0.04444
V932	0.0674	0.14336	0.61413	0.17511
V933	0.59713	0.34845	0.048	0.00642
V934	0.04362	0.17676	0.31248	0.46714
V935	0.54651	0.15977	0.23691	0.05681
V936	0.53874	0.25858	0.03637	0.16632
V937	0.55076	0.12744	0.11212	0.20967
V938	0.40038	0.05272	0.32943	0.21747
V939	0.73658	0.00858	0.10823	0.1466
V940	0.0663	0.71985	0.1996	0.01425
V941	0.02015	0.0388	0.91434	0.02671
V942	0.70923	0.17096	0.1057	0.01412
V943	0.40079	0.13847	0.42731	0.03343
V944	0.06228	0.28593	0.09487	0.55692
V945	0.5655	0.32574	0.03577	0.07299
V946	0.45648	0.25017	0.28153	0.01182
V947	0.14124	0.06422	0.26638	0.52816
V948	0.349	0.05033	0.59244	0.00823
V949	0.01476	0.1381	0.24941	0.59773
V950	0.09182	0.51064	0.24876	0.14878
V951	0.78482	0.01272	0.18957	0.01289
V952	0.11693	0.15064	0.29712	0.43531
V953	0.05467	0.09551	0.82268	0.02715
V954	0.08528	0.2024	0.17736	0.53496
V955	0.16966	0.57302	0.05246	0.20487
V956	0.08087	0.04955	0.53822	0.33137
V957	0.40777	0.00687	0	0.58536
V958	0.1558	0	0	0.8442
V959	0.25426	0.26011	0.43946	0.04617
V960	0.28016	0.27888	0.10213	0.33883
V961	0.16768	0.37228	0.37173	0.08831
V962	0.37189	0.17607	0.40291	0.04913
V963	0.57745	0.16465	0.19134	0.06656
V964	0.78853	0.02359	0.13963	0.04825
V965	0.09438	0.4847	0.22632	0.1946
V966	0.88523	0.02067	0.0446	0.04951
V967	0.09997	0.06869	0.54664	0.2847
V968	0.00962	0.18509	0.75884	0.04646
V969	0.05282	0.30609	0.06406	0.57703
V970	0.0731	0.14686	0.45285	0.32719
V971	0.49552	0.09362	0.34738	0.06348
V972	0.52261	0.19552	0.07244	0.20942
V973	0.30421	0.40114	0.10614	0.1885
V974	0.04107	0.72484	0.18043	0.05367
V975	0.12908	0.28361	0.5873	0
V976	0.45285	0.23989	0.14241	0.16484
V977	0.32989	0.3264	0.34371	0
V978	0.13662	0.10534	0.1008	0.65724
V979	0.76072	0.01419	0.21354	0.01155
V980	0.94081	0	0	0.05919
V981	0.35862	0.04289	0.44441	0.15408
V982	0.45381	0.36676	0.11158	0.06785
V983	0.71129	0.05302	0.01581	0.21988
V984	0.05649	0.76141	0.16394	0.01816
V985	0.14385	0.20908	0.01049	0.63658
V986	0.35124	0.48232	0.08344	0.083
V987	0.28247	0.6912	0.02467	0.00165
V988	0.29158	0.00866	0.03651	0.66326
V989	0.45609	0.42479	0.11905	8e-05
V990	0.00737	0.09142	0.79373	0.10748
V991	0.65309	0.32858	0.00809	0.01025
V992	0.23827	0.02197	0.53442	0.20535
V993	0.10891	0.65489	0.21584	0.02036
V994	0.22584	0.70147	0.07269	0
V995	0.71937	0.09914	0.05861	0.12288
V996	0.33416	0.1329	0.01763	0.51531
V997	0.056	0.05195	0.80396	0.08809
V998	0.82027	0.00303	0.10799	0.06871
V999	0.16711	0.81212	0.02077	0
V1000	0.38744	0.01678	0	0.59579
