B_cells	NK_cells	T_cells_CD4.	Monocytes
V1	0.57891	0	0.18706	0.23403
V2	0.21493	0.09035	0.06323	0.63149
V3	0.09588	0.61069	0.03942	0.25402
V4	0.86071	0.10202	0.00578	0.03149
V5	0.13869	0.45358	0.29185	0.11587
V6	0.11915	0.80191	0.07507	0.00387
V7	0.18865	0.35753	0.10664	0.34719
V8	0.15464	0.011	0.81022	0.02414
V9	0.29126	0.23731	0.04603	0.4254
V10	0.0429	0.01565	0.89663	0.04482
V11	0.22486	0.32874	0.4464	0
V12	0.05189	0.54303	0.40508	0
V13	0.30491	0.64966	0.04543	0
V14	0.1098	0.83437	0.05583	0
V15	0.1556	0.56547	0.16414	0.11479
V16	0.86922	0.03321	0.04676	0.05081
V17	0.12971	0.80389	0.06265	0.00374
V18	0.5856	0.31678	0.07594	0.02169
V19	0.19908	0.75069	0.05024	0
V20	0.2109	0.45535	0.03718	0.29657
V21	0.15374	0.06951	0.75772	0.01903
V22	0.05532	0.1002	0.23541	0.60907
V23	0.39132	0.04381	0.56487	0
V24	0.90993	0.0236	0.06647	0
V25	0.37747	0.22998	0.15075	0.2418
V26	0.42947	0.3675	0.03717	0.16586
V27	0.17735	0.06326	0.02399	0.7354
V28	0	0.07288	0.92712	0
V29	0.45078	0.028	0.50412	0.0171
V30	0.13501	0.22165	0.30382	0.33952
V31	0.23628	0.19255	0.31928	0.25189
V32	0.16078	0.02444	0.05484	0.75994
V33	0.07145	0.47595	0.39307	0.05953
V34	0.15357	0.04908	0.77609	0.02126
V35	0.20012	0.66393	0.13431	0.00164
V36	0.03141	0.04882	0.51267	0.40711
V37	0.57351	0.05657	0.11722	0.2527
V38	0.47118	0	0.18562	0.34319
V39	0.20027	0.53106	0.1717	0.09698
V40	0.12836	0.74351	0.12813	0
V41	0.0337	0.66245	0.08968	0.21416
V42	0.27854	0.01858	0.23541	0.46747
V43	0.15634	0.32611	0.51755	0
V44	0.031	0.09096	0.74911	0.12894
V45	0.13065	0.55203	0.26496	0.05237
V46	0.78776	0.06092	0.15132	0
V47	0.46107	0.17928	0.3353	0.02435
V48	0.80222	0.1482	0.0267	0.02288
V49	0.75045	0.17331	0	0.07624
V50	0.10141	0.7579	0.1407	0
V51	0.33447	0.37382	0.2917	0
V52	0.04594	0.12527	0.80562	0.02317
V53	0.72246	0.10243	0.17512	0
V54	0.43551	0.18143	0.38306	0
V55	0.2556	0.1281	0.26621	0.3501
V56	0.11891	0.00605	0.11835	0.7567
V57	0.13817	0.78738	0.07445	0
V58	0.67408	0	0.05101	0.2749
V59	0.4552	0.3781	0.14416	0.02253
V60	0.16891	0.1574	0.35367	0.32002
V61	0.80225	0.08789	0.02717	0.08269
V62	0.85116	0.02652	0.09904	0.02328
V63	0.05117	0.76688	0.18195	0
V64	0.04915	0.83489	0.02294	0.09302
V65	0.07264	0	0.13378	0.79359
V66	0.25569	0.64595	0.0601	0.03826
V67	0.17304	0.30926	0.5177	0
V68	0.2253	0.15154	0.02469	0.59847
V69	0.04621	0.30705	0.62606	0.02068
V70	0.55247	0.14008	0.20607	0.10138
V71	0.20349	0.07228	0.4032	0.32102
V72	0.59103	0.14522	0.11823	0.14552
V73	0.1874	0.57369	0.18605	0.05285
V74	0.07197	0.21494	0.71309	0
V75	0.70802	0	0.20931	0.08267
V76	0.01452	0.18877	0.2189	0.57781
V77	0.08896	0.30496	0.00846	0.59762
V78	0.34909	0.11116	0.21038	0.32937
V79	0.01998	0.11547	0.7983	0.06625
V80	0.37253	0.01931	0.54412	0.06404
V81	0.07684	0.16506	0.7581	0
V82	0.0028	0.0937	0.89474	0.00876
V83	0.19303	0.18218	0.0918	0.533
V84	0.44066	0.03338	0.18739	0.33857
V85	0.13527	0.31008	0.42758	0.12707
V86	0.06915	0.06782	0.8284	0.03463
V87	0.07215	0.77421	0.11366	0.03997
V88	0.21471	0.05682	0.29908	0.42939
V89	0.07098	0.01365	0.23554	0.67984
V90	0.06753	0.81311	0.11936	0
V91	0.06815	0.68572	0.24409	0.00204
V92	0.4763	0.01576	0.39796	0.10998
V93	0.8874	0.00993	0	0.10268
V94	0.05373	0.45768	0.04377	0.44482
V95	0.28843	0.40986	0.19264	0.10907
V96	0.14748	0.11116	0.03222	0.70915
V97	0.67838	0.09123	0.23038	0
V98	0.71206	0.2744	0.00613	0.00741
V99	0.78709	0.03688	0.17603	0
V100	0.10136	0.04358	0.83524	0.01982
V101	0.106	0.07241	0	0.82159
V102	0.89269	0.04668	0.02644	0.0342
V103	0.05992	0.0547	0.12291	0.76247
V104	0.07765	0.86278	0.05958	0
V105	0.09962	0.83212	0.06826	0
V106	0.14939	0.48519	0.36076	0.00465
V107	0.21011	0.20124	0.56734	0.02132
V108	0.17865	0.68013	0.14123	0
V109	0.03097	0.17256	0.61364	0.18284
V110	0.0981	0.8004	0.09781	0.00369
V111	0.88419	0	0.0994	0.0164
V112	0.16671	0.06598	0.45641	0.3109
V113	0.24125	0.10657	0.20475	0.44743
V114	0.31009	0.0373	0.1041	0.54851
V115	0.03371	0.68968	0.27661	0
V116	0.17008	0.30676	0.39565	0.12752
V117	0.68107	0.22835	0.06239	0.02819
V118	0.20569	0.55636	0.06732	0.17063
V119	0.18512	0.0829	0.06544	0.66655
V120	0.10235	0.08716	0.80813	0.00235
V121	0.61238	0.11547	0.11742	0.15473
V122	0.90167	0.00181	0.04925	0.04728
V123	0.03555	0.52066	0.07899	0.3648
V124	0.68267	0.27068	0.00208	0.04457
V125	0.40766	0.38242	0.20993	0
V126	0.0975	0.15985	0.06786	0.6748
V127	0.21636	0.0452	0.28902	0.44942
V128	0.09983	0.01025	0.14141	0.7485
V129	0.58403	0.21352	0.19346	0.00899
V130	0.03114	0.60228	0.36658	0
V131	0.06856	0.84682	0.03677	0.04784
V132	0.88786	0	0.06267	0.04947
V133	0.87442	0.00865	0.08587	0.03106
V134	0.14959	0.39156	0.16142	0.29743
V135	0.14099	0.01521	0.21244	0.63137
V136	0.2936	0.39592	0.02314	0.28734
V137	0.65039	0.02664	0.26662	0.05635
V138	0.24493	0.38814	0.21206	0.15487
V139	0.38271	0.19931	0.22219	0.19579
V140	0.09268	0.10302	0.07477	0.72952
V141	0.09005	0.16717	0.55918	0.18359
V142	0.78036	0	0.21964	0
V143	0.46359	0.2506	0.09021	0.19559
V144	0.21651	0.16048	0.19563	0.42739
V145	0.00845	0.70907	0.28248	0
V146	0.14526	0.00857	0.06715	0.77903
V147	0.8759	0.01626	0.04789	0.05996
V148	0.15837	0.08367	0.59119	0.16677
V149	0.28187	0.46662	0.25151	0
V150	0.11183	0.2452	0.59425	0.04871
V151	0.24706	0.59128	0.07283	0.08883
V152	0.26202	0.41962	0.25545	0.06291
V153	0.15018	0.7101	0.06141	0.07831
V154	0.26881	0.42575	0.30545	0
V155	0.48519	0.13784	0.30382	0.07315
V156	0.05253	0.15616	0.69647	0.09485
V157	0.33368	0.15587	0.33288	0.17756
V158	0.10351	0	0.08185	0.81464
V159	0.87497	0.06239	0	0.06264
V160	0.71382	0	0.0807	0.20549
V161	0.28568	0	0.04935	0.66497
V162	0.112	0.31246	0.10819	0.46736
V163	0.13166	0.47872	0.2094	0.18022
V164	0.37466	0.29905	0.13197	0.19433
V165	0.05618	0.28558	0	0.65824
V166	0.05584	0.11527	0.09675	0.73214
V167	0.42041	0	0.00776	0.57183
V168	0.31811	0.53007	0.12352	0.0283
V169	0.2607	0.05527	0.05429	0.62974
V170	0.14135	0.0293	0.54874	0.28061
V171	0.1564	0.2431	0.58962	0.01088
V172	0.70793	0	0.28354	0.00853
V173	0.08581	0.16117	0.0591	0.69393
V174	0.06196	0.18203	0.10065	0.65536
V175	0.09041	0.02437	0.78828	0.09694
V176	0.03663	0.74006	0.22331	0
V177	0.05965	0.89699	0.03263	0.01073
V178	0.04311	0.74637	0.04727	0.16325
V179	0.20699	0.00957	0.41227	0.37117
V180	0.06157	0.80431	0.13412	0
V181	0.19064	0.14046	0.54751	0.12138
V182	0.31978	0.18147	0.4674	0.03136
V183	0.21588	0.73304	0.05108	0
V184	0.94056	0	0.05944	0
V185	0.58398	0.36959	0.04643	0
V186	0.15054	0.46011	0.30082	0.08853
V187	0.90228	0.00221	0.06915	0.02636
V188	0.11625	0.24888	0	0.63487
V189	0.81826	0.00771	0.03844	0.13559
V190	0.65216	0.0092	0.33117	0.00748
V191	0.21056	0.21098	0.56765	0.0108
V192	0.33818	0.44418	0.0808	0.13683
V193	0.61124	0.0241	0.25907	0.10558
V194	0.08292	0.85209	0.05434	0.01066
V195	0.04427	0.05953	0.8784	0.0178
V196	0.07401	0.10176	0.02174	0.80249
V197	0.47417	0.04099	0.03565	0.44919
V198	0.09541	0.48012	0.40108	0.02339
V199	0.22687	0.01979	0.20861	0.54473
V200	0.1736	0.5537	0.04589	0.22681
V201	0.13021	0.53012	0.23349	0.10618
V202	0.03832	0.04316	0.78185	0.13667
V203	0.18837	0.40164	0.40999	0
V204	0.04535	0.54478	0.02909	0.38079
V205	0.04517	0.08538	0.8532	0.01626
V206	0.0694	0.11617	0.81444	0
V207	0.19383	0.20367	0.06901	0.53349
V208	0.2672	0.07793	0.65487	0
V209	0.33628	0.4438	0.10119	0.11874
V210	0.12518	0.70661	0.14646	0.02175
V211	0.48422	9e-05	0.04923	0.46646
V212	0.51135	0.04222	0.43534	0.0111
V213	0.65629	0.0167	0.13561	0.19139
V214	0.36867	0.16087	0.18986	0.2806
V215	0.35696	0.10105	0.02254	0.51946
V216	0.13123	0	0.06556	0.80321
V217	0.07266	0.48322	0.27421	0.1699
V218	0.13211	0.44215	0.20703	0.21871
V219	0.15106	0.61992	0.04155	0.18747
V220	0.04465	0.79407	0.05309	0.1082
V221	0.81886	0	0.01751	0.16363
V222	0.34009	0.13673	0.38132	0.14186
V223	0.0204	0.16066	0.76285	0.05609
V224	0.93156	0	0.06844	0
V225	0.09425	0.79024	0.11552	0
V226	0.32086	0.09158	0.58757	0
V227	0.77292	0	0.21167	0.01541
V228	0.76576	0.05435	0.09172	0.08817
V229	0.04729	0.05165	0.87179	0.02926
V230	0.08763	0.05005	0.05959	0.80273
V231	0.04904	0.29911	0.14111	0.51074
V232	0.08745	0.66049	0.00681	0.24525
V233	0.57466	0.08217	0.22294	0.12023
V234	0.08059	0.82787	0.09153	0
V235	0.38942	0.06791	0.52986	0.01281
V236	0.06782	0.09294	0.78113	0.05811
V237	0.23496	0	0.05649	0.70855
V238	0.16192	0.52014	0.30333	0.01461
V239	0.11388	0.41451	0.03575	0.43586
V240	0.49641	0.04055	0.4302	0.03283
V241	0.04158	0.02597	0.87659	0.05586
V242	0.16426	0.6915	0.14423	0
V243	0.26165	0.05441	0.62832	0.05561
V244	0.23129	0.00514	0.69745	0.06612
V245	0.6076	0.27113	0.08059	0.04069
V246	0.07966	0.16792	0.74915	0.00327
V247	0.17763	0.0414	0.78097	0
V248	0.09485	0.04725	0.08133	0.77657
V249	0	0.07543	0.8688	0.05577
V250	0.75316	0	0.23713	0.00972
V251	0.90604	0.04174	0.03097	0.02125
V252	0.0359	0.76045	0.20365	0
V253	0.40752	0.06595	0.18777	0.33876
V254	0.04865	0.83761	0.11374	0
V255	0.09259	0.85781	0.02721	0.02239
V256	0.20001	0.21847	0.52385	0.05767
V257	0.44789	0.09796	0.25641	0.19774
V258	0.20266	0.26471	0.44024	0.09238
V259	0.05875	0.29684	0.63218	0.01223
V260	0	0.28925	0.71075	0
V261	0.62567	0.02017	0.22253	0.13163
V262	0.17579	0.07281	0.02254	0.72886
V263	0.06729	0.88704	0.03206	0.01361
V264	0.20052	0.04251	0.45504	0.30194
V265	0.09607	0	0.16799	0.73595
V266	0.65791	0.30615	0.03595	0
V267	0.0073	0.20021	0.32551	0.46698
V268	0.43398	0.00964	0.16982	0.38656
V269	0.02727	0.53168	0.42522	0.01583
V270	0.644	0.01584	0.26701	0.07315
V271	0.79341	0.05397	0.05562	0.09701
V272	0.09625	0.77697	0.05647	0.0703
V273	0.13911	0.02718	0.06987	0.76384
V274	0.7017	0	0.19993	0.09837
V275	0.00263	0.06612	0.90591	0.02534
V276	0.53021	0.31725	0.02857	0.12398
V277	0.07322	0.22406	0.19264	0.51007
V278	0.079	0.06789	0.32525	0.52786
V279	0.69247	0.04562	0.13722	0.1247
V280	0.10351	0	0.08185	0.81464
V281	0.57194	0.01767	0.16552	0.24487
V282	0.07931	0.09284	0.78351	0.04434
V283	0.24683	0.54678	0.09901	0.10738
V284	0.06693	0.81415	0.11892	0
V285	0.08972	0.02898	0.8813	0
V286	0.2764	0.51092	0.14967	0.06301
V287	0.14004	0.79466	0.06225	0.00306
V288	0.03478	0.29003	0.456	0.2192
V289	0.2998	0.21953	0.43191	0.04876
V290	0.82361	0.13348	0.04291	0
V291	0.49128	0.07057	0.43815	0
V292	0.9173	0.00648	0	0.07622
V293	0.31236	0.02693	0.63754	0.02316
V294	0.13893	0.38312	0	0.47795
V295	0.04972	0.1945	0.22461	0.53116
V296	0.19916	0.13328	0.60593	0.06163
V297	0.15302	0	0.10286	0.74412
V298	0.31061	0.10939	0.58	0
V299	0.12294	0.2921	0.01826	0.5667
V300	0.02022	0.04192	0.27207	0.6658
V301	0.14521	0.128	0.63992	0.08688
V302	0.67184	0.31062	0.01151	0.00602
V303	0.01115	0.56952	0.41916	0.00018
V304	0.0796	0.04676	0.74391	0.12973
V305	0.14854	0.17185	0.47664	0.20296
V306	0.79025	0.08053	0.07779	0.05142
V307	0.06516	0.85541	0.07337	0.00607
V308	0.25571	0.23088	0.31922	0.19419
V309	0.37339	0.30985	0.03822	0.27854
V310	0.1158	0.32452	0.18156	0.37811
V311	0.5344	0.4267	0.0389	0
V312	0.13382	0.67375	0.19243	0
V313	0.02439	0.13608	0.03886	0.80067
V314	0.04364	0.48359	0.14605	0.32672
V315	0.16075	0.59944	0.07068	0.16913
V316	0.32788	0.13796	0.40178	0.13238
V317	0.12605	0.66313	0.08909	0.12174
V318	0.07542	0.55592	0.0355	0.33317
V319	0.07969	0.08662	0.8088	0.02489
V320	0.10052	0.15998	0.64541	0.09409
V321	0.64866	0.31541	0.03594	0
V322	0.23699	0.32354	0.09192	0.34755
V323	0.12587	0.02089	0.12019	0.73305
V324	0.65998	0.23081	0.10141	0.0078
V325	0.32757	0.57526	0.09716	0
V326	0.00883	0.56844	0.13466	0.28807
V327	0.06097	0.16184	0.13226	0.64494
V328	0.06935	0.04772	0.74466	0.13827
V329	0.21957	0.11761	0.19594	0.46688
V330	0.41474	0.00379	0.35513	0.22634
V331	0.39612	0.08525	0.05741	0.46122
V332	0.04817	0.06015	0.21622	0.67547
V333	0.43276	0.07459	0.40237	0.09028
V334	0.38187	0.00579	0.37691	0.23543
V335	0.04528	0.33593	0.5289	0.08988
V336	0.21376	0.6561	0.05884	0.07131
V337	0.30143	0.3764	0.32217	0
V338	0.02038	0.89536	0.07525	0.009
V339	0.14414	0.01194	0.84392	0
V340	0.07729	0.23724	0.53943	0.14603
V341	0.08964	0.0441	0.0971	0.76916
V342	0.26623	0.0065	0.61964	0.10763
V343	0.9097	0.02259	0.03332	0.03439
V344	0.66564	0.13105	0.20331	0
V345	0.04715	0.06224	0.89061	0
V346	0.26379	0.11863	0.30671	0.31087
V347	0.10898	0.00731	0.15907	0.72463
V348	0.08705	0.6184	0.18957	0.10498
V349	0.35653	0.16602	0.39889	0.07855
V350	0.05435	0.72622	0.21944	0
V351	0.05112	0.04416	0.42766	0.47706
V352	0.06915	0.04179	0.82871	0.06035
V353	0.85069	0.01143	0.06236	0.07551
V354	0.0779	0.64193	0.27115	0.00902
V355	0.29387	0.08183	0.47284	0.15145
V356	0.09985	0.02358	0.13077	0.74581
V357	0.13998	0.33117	0.30818	0.22067
V358	0.56723	0.09696	0.06556	0.27025
V359	0.60175	0.04539	0.04645	0.30641
V360	0.55945	0.38534	0.05521	0
V361	0.00053	0.43216	0.56731	0
V362	0.01361	0.8932	0.08782	0.00537
V363	0.19416	0.1282	0.48276	0.19488
V364	0.17671	0.07958	0.67212	0.07158
V365	0.33043	0.01909	0.0194	0.63108
V366	0.113	0.64402	0.1297	0.11328
V367	0.60013	0.13453	0.00469	0.26065
V368	0.12492	0.67977	0.13332	0.06199
V369	0.03685	0.37958	0.58357	0
V370	0.31005	0.26615	0.4238	0
V371	0.22276	0.66742	0.07155	0.03827
V372	0.21978	0.05475	0.14644	0.57904
V373	0.10593	0.15422	0.48997	0.24988
V374	0.76427	0.0045	0.23124	0
V375	0.09921	0.04469	0.17313	0.68297
V376	0.09751	0.03759	0.12784	0.73706
V377	0.79719	0	0.01926	0.18355
V378	0.0364	0.04594	0.43956	0.4781
V379	0.38331	0.19871	0.01342	0.40455
V380	0.19813	0.07795	0.22712	0.49681
V381	0.73433	0	0.11619	0.14948
V382	0.10245	0.05908	0.83847	0
V383	0.81764	0	0.07054	0.11183
V384	0.56752	0.06906	0.15546	0.20796
V385	0.82761	0.00083	0.10544	0.06613
V386	0.34936	0.00244	0.17368	0.47451
V387	0.57767	0.13952	0.21544	0.06737
V388	0.38875	0.31573	0.17405	0.12146
V389	0.4381	0.47976	0.04179	0.04035
V390	0.29866	0.242	0.45934	0
V391	0.46281	0.10273	0.02205	0.41241
V392	0.43468	0.21516	0.19036	0.1598
V393	0.29422	0.22773	0.36621	0.11183
V394	0.13808	0.2379	0.13708	0.48694
V395	0.24465	0.37786	0.23234	0.14515
V396	0.05307	0.87063	0.06155	0.01474
V397	0.75549	0.07398	0.13181	0.03873
V398	0.46987	0.13312	0.11711	0.27991
V399	0.21999	0.5173	0.19192	0.07078
V400	0.01452	0.58531	0.10419	0.29599
V401	0.05217	0.17582	0.71728	0.05473
V402	0.78832	0.14574	0.06594	0
V403	0.08997	0.02927	0.10907	0.77169
V404	0.11088	0.20769	0.61405	0.06737
V405	0.27005	0.02845	0.19634	0.50517
V406	0.64417	0.23244	0.03712	0.08627
V407	0.02038	0.89536	0.07525	0.009
V408	0.1146	0.25244	0.42134	0.21162
V409	0.03337	0.04168	0.08223	0.84271
V410	0.12866	0.78467	0.08455	0.00212
V411	0.49393	0	0	0.50607
V412	0.18394	0.08806	0.51391	0.21409
V413	0.08679	0.47594	0.21966	0.21761
V414	0.05966	0.48795	0.36512	0.08728
V415	0.46474	0.02587	0.25571	0.25367
V416	0.03269	0.1018	0.86551	0
V417	0.40179	0.55491	0.0433	0
V418	0.12366	0.11483	0.16931	0.59219
V419	0.0949	0	0.09011	0.81499
V420	0.00851	0.85247	0.0735	0.06552
V421	0.17727	0.05822	0.67567	0.08883
V422	0.12898	0.08763	0.01129	0.7721
V423	0.10136	0.04358	0.83524	0.01982
V424	0	0.0763	0.65237	0.27133
V425	0.07633	0.24831	0.60031	0.07506
V426	0.11187	0.06977	0.76733	0.05102
V427	0.09887	0.39659	0.22687	0.27767
V428	0.12635	0.714	0.10513	0.05451
V429	0.08934	0	0.09763	0.81303
V430	0.74099	0.15299	0.03706	0.06896
V431	0.21038	0.03259	0.47425	0.28278
V432	0.17236	0.10379	0.06568	0.65817
V433	0.09697	0.71907	0.01688	0.16707
V434	0.38515	0.0763	0.06763	0.47092
V435	0.53734	0	0.14485	0.31781
V436	0.42551	0	0.14142	0.43307
V437	0.28473	0.23746	0.00368	0.47412
V438	0.61916	0.15245	0.04799	0.1804
V439	0.10469	0.12258	0.00967	0.76306
V440	0.52492	0.02852	0.04624	0.40032
V441	0.09011	0.14867	0.60536	0.15586
V442	0.33824	0.33218	0.16401	0.16557
V443	0.74088	0	0.11094	0.14818
V444	0.04715	0.06224	0.89061	0
V445	0.60366	0.01716	0.35757	0.02161
V446	0.07197	0.76828	0.11207	0.04768
V447	0.61888	0.0888	0.20448	0.08784
V448	0.0599	0.07939	0.22436	0.63635
V449	0.55766	0.03977	0.31725	0.08532
V450	0.17236	0.76474	0.0629	0
V451	0.90085	0.05091	0.00152	0.04673
V452	0.10781	0.00947	0.11257	0.77015
V453	0.78303	0.06315	0.09475	0.05907
V454	0.0177	0.85892	0.12028	0.0031
V455	0.59181	0.03131	0.32388	0.053
V456	0.33884	0.1276	0.4008	0.13277
V457	0.02966	0.06987	0.05078	0.84969
V458	0.31729	0.23506	0.00327	0.44438
V459	0.04504	0.74265	0.14996	0.06236
V460	0.89297	0	0.0658	0.04123
V461	0.1478	0.05602	0.01639	0.77979
V462	0.39052	0.2455	0	0.36399
V463	0.2752	0.44763	0.19627	0.08089
V464	0.5461	0.09742	0.00231	0.35417
V465	0.4244	0.40401	0.05058	0.121
V466	0.60349	0.18105	0.00932	0.20614
V467	0.33823	0.52597	0.12454	0.01125
V468	0.50842	0.37155	0.08536	0.03466
V469	0.0442	0.19599	0.31955	0.44025
V470	0.54571	0.12062	0.20579	0.12789
V471	0.32181	0.11227	0.04543	0.52049
V472	0.36497	0.32884	0	0.30619
V473	0.12621	0.50635	0.36744	0
V474	0.18527	0	0.12888	0.68586
V475	0.22055	0.39496	0.10633	0.27815
V476	0.23085	0.0086	0.08513	0.67543
V477	0.59714	0.03234	0.23123	0.13929
V478	0.17413	0.57186	0.0274	0.22661
V479	0.03016	0.1144	0.78934	0.06609
V480	0.12714	0.32125	0.06481	0.4868
V481	0.16392	0.04163	0.78976	0.00469
V482	0.67844	0.15035	0.14284	0.02838
V483	0.18707	0.12044	0.09474	0.59776
V484	0.08912	0.09175	0.04761	0.77152
V485	0.16202	0.69375	0.0488	0.09544
V486	0.30059	0.26683	0.15278	0.27981
V487	0.14198	0.05262	0.11273	0.69267
V488	0	0.0284	0.88742	0.08417
V489	0.22553	0.11765	0.65682	0
V490	0.36782	0.30976	0.09142	0.231
V491	0.4587	0.43309	0.06734	0.04088
V492	0.05943	0.75388	0.18668	0
V493	0.14037	0	0	0.85963
V494	0.21157	0.1684	0.52548	0.09455
V495	0.24776	0.56708	0.18516	0
V496	0.31132	0.64449	0.02247	0.02172
V497	0.04667	0.01991	0.91111	0.02231
V498	0.36218	0.10866	0.06669	0.46247
V499	0.60382	0.24141	0.15477	0
V500	0.12314	0.14366	0.71145	0.02175
V501	0.02903	0	0.11494	0.85603
V502	0.54508	0.26178	0.1871	0.00604
V503	0.23925	0.10687	0.22592	0.42797
V504	0.2664	0.64451	0.05051	0.03858
V505	0.22687	0.22391	0.27882	0.2704
V506	0.11171	0.26352	0.46941	0.15537
V507	0.61028	0.09692	0.14638	0.14642
V508	0.73524	0.15296	0.06828	0.04352
V509	0.24845	0.07536	0.51647	0.15972
V510	0.23871	0.4703	0.29098	0
V511	0.08709	0.42653	0.07071	0.41567
V512	0.29809	0.04935	0.10379	0.54877
V513	0.10941	0.59771	0.25859	0.03429
V514	0.07968	0.10009	0	0.82023
V515	0.75627	0.05345	0.07203	0.11825
V516	0.89945	0.0823	0.00439	0.01386
V517	0.08704	0.03481	0.28307	0.59507
V518	0.92763	0.04458	0	0.02779
V519	0.06598	0.81405	0.05057	0.0694
V520	0.05392	0.00615	0.65058	0.28935
V521	0.55457	0.04724	0.37963	0.01857
V522	0.0205	0.15161	0.59739	0.2305
V523	0.37175	0.13274	0.28004	0.21547
V524	0.0346	0.71569	0.24633	0.00338
V525	0.30468	0.21498	0.0356	0.44474
V526	0.64621	0.07392	0.09834	0.18153
V527	0.23739	0.02926	0.42137	0.31198
V528	0.14127	0.80216	0.0306	0.02597
V529	0.10711	0.07532	0.25137	0.56621
V530	0.02039	0.22423	0.67922	0.07616
V531	0.04967	0.78249	0.16784	0
V532	0.21853	0.33578	0.03921	0.40647
V533	0.30585	0.34516	0.16534	0.18364
V534	0.0294	0.04169	0.72022	0.20869
V535	0.59008	0	0.01374	0.39618
V536	0.22989	0	0.39942	0.37068
V537	0.57845	0.23762	0.18393	0
V538	0.48762	0.04823	0.10865	0.35549
V539	0.28843	0.40986	0.19264	0.10907
V540	0.2325	0.63495	0.12176	0.01079
V541	0.0454	0.51145	0.09753	0.34562
V542	0.23208	0.14065	0.27723	0.35003
V543	0.86149	0	0.03192	0.10659
V544	0.15483	0.10176	0.19837	0.54504
V545	0.40045	0.14689	0.08675	0.36592
V546	0.08369	0.79114	0.12517	0
V547	0.06393	0.58693	0.34914	0
V548	0.18224	0.68406	0.1337	0
V549	0.33079	0.04808	0.62113	0
V550	0.62599	0.01697	0	0.35704
V551	0.21182	0.67633	0.0824	0.02945
V552	0.01296	0.54379	0.03508	0.40817
V553	0.23963	0.16145	0.59893	0
V554	0.12768	0.10446	0.03692	0.73094
V555	0.11876	0.24315	0.35842	0.27966
V556	0	0.06976	0.89281	0.03743
V557	0.81425	0.01804	0.02477	0.14294
V558	0.10531	0.73499	0.07366	0.08605
V559	0.03419	0.72821	0.2376	0
V560	0.69527	0.2875	0.01479	0.00244
V561	0.00263	0.06612	0.90591	0.02534
V562	0.76341	0	0.14132	0.09527
V563	0.25553	0.0164	0.72807	0
V564	0.08232	0.10756	0.81013	0
V565	0.14871	0.27019	0.39793	0.18317
V566	0.71035	0.09103	0.00812	0.1905
V567	0.25633	0.43955	0.04612	0.258
V568	0.30393	0	0.0759	0.62017
V569	0.70865	0.01615	0	0.2752
V570	0.04495	0.29794	0.6186	0.03851
V571	0.81142	0.11473	0.00628	0.06756
V572	0.4506	0.01257	0.45396	0.08287
V573	0.12688	0.19142	0.00514	0.67656
V574	0.0677	0.70942	0.22289	0
V575	0.06436	0.10093	0.15426	0.68045
V576	0.18714	0.72368	0.08918	0
V577	0.08859	0.0552	0.24236	0.61385
V578	0.07919	0.09369	0.68035	0.14677
V579	0.04067	0.80043	0.15622	0.00268
V580	0.21478	0	0.14162	0.6436
V581	0.14701	0.09908	0	0.75391
V582	0.59343	0.14451	0.04641	0.21565
V583	0.02379	0.07301	0.61541	0.28779
V584	0.51155	0.15722	0.31405	0.01718
V585	0.04201	0.02637	0.47724	0.45437
V586	0.2514	0.02665	0.64849	0.07346
V587	0.27896	0.02982	0.67502	0.01621
V588	0.6495	0.03541	0.03686	0.27823
V589	0.09342	0.74708	0.12037	0.03914
V590	0.07522	0.68717	0.2376	0
V591	0.02081	0.05102	0.24295	0.68522
V592	0.16772	0.05784	0.77444	0
V593	0.59349	0	0.20108	0.20543
V594	0.34539	0.28238	0.35613	0.01611
V595	0.11043	0.04494	0.05389	0.79074
V596	0.06599	0.29876	0.25669	0.37856
V597	0.00634	0.55966	0.38354	0.05046
V598	0.04007	0.14605	0.81269	0.00119
V599	0.62293	0.29414	0.06668	0.01625
V600	0.3779	0.44618	0.08324	0.09268
V601	0.20556	0.28449	0.10374	0.40621
V602	0.11751	0.0548	0.02886	0.79882
V603	0.04519	0.3867	0.03146	0.53665
V604	0.50896	0.12203	0.35872	0.01029
V605	0.08959	0.33451	0.42208	0.15382
V606	0.72358	0.14509	0.02368	0.10765
V607	0.65817	0	0.13375	0.20809
V608	0.24118	0.1735	0.39991	0.18541
V609	0.0561	0.25738	0.26716	0.41935
V610	0.75498	0.00705	0.11882	0.11916
V611	0.34625	0	0.07204	0.58171
V612	0.0419	0.12318	0.78437	0.05055
V613	0.06008	0.33323	0.59646	0.01022
V614	0.74916	0.05423	0.07116	0.12545
V615	0.20725	0.07148	0.0039	0.71736
V616	0.11541	0.66493	0.08913	0.13053
V617	0.46377	0.15522	0.38101	0
V618	0.74665	0	0	0.25335
V619	0.40479	0.03046	0.33837	0.22639
V620	0.03114	0.60228	0.36658	0
V621	0.43955	0.15671	0.19767	0.20607
V622	0.36422	0.22529	0.4105	0
V623	0.06277	0.0904	0.17462	0.67222
V624	0.79328	0.18031	0.00629	0.02011
V625	0.28999	0.46704	0.13447	0.1085
V626	0.9188	0.0351	0	0.0461
V627	0.02186	0.03826	0.12175	0.81813
V628	0.02672	0.24718	0.03261	0.69348
V629	0.15419	0.29961	0.3059	0.2403
V630	0.05882	0.33374	0.58863	0.01882
V631	0.05631	0.21321	0.13255	0.59793
V632	0.59943	0	0.1514	0.24917
V633	0	0.07081	0.83188	0.09731
V634	0.39546	0.25162	0.35291	0
V635	0.06379	0.7307	0.04055	0.16496
V636	0.14558	0.12743	0.63183	0.09516
V637	0.34137	0.20292	0.10836	0.34735
V638	0.40305	0.25702	0.08932	0.25061
V639	0.27661	0.39174	0.33165	0
V640	0.05393	0.17671	0.73805	0.03131
V641	0.84873	0.03077	0.0523	0.0682
V642	0.76529	0.1643	0	0.07042
V643	0.02369	0.2098	0.47783	0.28867
V644	0.87851	0.06785	0.02667	0.02697
V645	0.2763	0.38427	0.33943	0
V646	0.06019	0.87118	0.06618	0.00245
V647	0.165	0.11084	0.68562	0.03854
V648	0.4226	0.40099	0.1752	0.00121
V649	0.04432	0.09675	0.81295	0.04598
V650	0.07825	0.1196	0.7529	0.04925
V651	0.31782	0.01506	0.66711	0
V652	0.12152	0.10944	0.45924	0.30979
V653	0.1571	0.61627	0.14814	0.07849
V654	0.68259	0.18477	0.08606	0.04658
V655	0.07376	0.56459	0.04907	0.31258
V656	0.25885	0.28094	0.01431	0.44589
V657	0.0962	0.1006	0.01479	0.78841
V658	0.59889	0.20116	0.0811	0.11886
V659	0.34351	0.09674	0.38165	0.1781
V660	0.07663	0.87898	0.03182	0.01258
V661	0.09821	0.42576	0.08055	0.39548
V662	0.41886	0.02242	0.47662	0.0821
V663	0.25464	0.09	0.56696	0.08839
V664	0.21797	0.08852	0.66406	0.02946
V665	0.67964	0.17604	0.06329	0.08103
V666	0.60336	0	0.11341	0.28322
V667	0.74849	0.05956	0.19195	0
V668	0.1483	0.71712	0.13459	0
V669	0.25102	0.39263	0.28408	0.07226
V670	0.1226	0.84398	0.02751	0.00591
V671	0.36958	0.27886	0.28472	0.06684
V672	0.04358	0.06315	0.86013	0.03314
V673	0.25393	0.35659	0.26206	0.12742
V674	0.71511	0.13687	0.03243	0.11559
V675	0.1616	0.32781	0.34721	0.16338
V676	0.0756	0.13029	0.13284	0.66127
V677	0.39819	0.37866	0.12956	0.0936
V678	0.52386	0.42775	0.04839	0
V679	0.06799	0.3098	0.62221	0
V680	0.3235	0.4978	0.1787	0
V681	0.86136	0.05799	0.03378	0.04687
V682	0.13497	0.30056	0.55522	0.00925
V683	0.05544	0.86636	0.0782	0
V684	0.6801	0.14854	0.12391	0.04745
V685	0.49643	0.32028	0.15914	0.02416
V686	0.13631	0.19752	0.17828	0.48789
V687	0.11557	0.02456	0.06377	0.79611
V688	0.40421	0.48423	0.01008	0.10148
V689	0.31441	0	0.05969	0.6259
V690	0.46842	0.04982	0.43369	0.04807
V691	0.1735	0.02092	0.80558	0
V692	0.10061	0.16257	0.69116	0.04566
V693	0.25639	0.1211	0.38876	0.23375
V694	0.04322	0.04093	0.32722	0.58864
V695	0.29463	0	0.18324	0.52213
V696	0.15163	0.10479	0.02018	0.72339
V697	0.07987	0.08774	0.02467	0.80772
V698	0.81828	0	0.02554	0.15618
V699	0.56267	0.26782	0.09612	0.0734
V700	0.30134	0.02466	0.00572	0.66828
V701	0.1463	0.50635	0.1488	0.19855
V702	0.5758	0.075	0.01371	0.33549
V703	0.16301	0.06832	0.50683	0.26183
V704	0.80537	0.03617	0.04596	0.1125
V705	0.90268	0	0.04	0.05732
V706	0.10123	0.07828	0.7551	0.06539
V707	0.06253	0.41614	0.51316	0.00817
V708	0.07563	0.8035	0.07298	0.04788
V709	0.15572	0.26947	0.52752	0.0473
V710	0.60046	0.20093	0.07078	0.12782
V711	0.12613	0.72052	0.14858	0.00477
V712	0.8128	0.04637	0.01318	0.12765
V713	0.45477	0.28999	0.05131	0.20393
V714	0.03727	0.6509	0.06026	0.25157
V715	0.31413	0.32155	0.32861	0.03572
V716	0.1081	0.0551	0.07513	0.76167
V717	0.12229	0.84527	0.03244	0
V718	0.1758	0.52289	0.22229	0.07902
V719	0.09317	0.67034	0.07882	0.15767
V720	0.68602	0	0.24802	0.06596
V721	0.14751	0.1819	0.48633	0.18426
V722	0.14133	0.35172	0.02019	0.48677
V723	0.18377	0.10309	0.00308	0.71007
V724	0.59728	0.01536	0.10732	0.28003
V725	0.00313	0.13029	0.83914	0.02745
V726	0.07021	0.38957	0.15259	0.38763
V727	0.2849	0.57977	0.13533	0
V728	0.06218	0.78555	0.15228	0
V729	0.44354	0.00115	0.18756	0.36776
V730	0.85558	0.02295	0.07356	0.04791
V731	0.04871	0.21767	0.42448	0.30914
V732	0.36631	0.08516	0.36975	0.17878
V733	0.6407	0.17798	0.05222	0.12911
V734	0.24568	0.29094	0.46338	0
V735	0.04589	0.0479	0.5101	0.39611
V736	0.22403	0.00403	0.01859	0.75336
V737	0.34122	0.28115	0.26599	0.11164
V738	0.1002	0.33169	0.46836	0.09976
V739	0	0.03993	0.63968	0.3204
V740	0.81369	0.07531	0.10035	0.01066
V741	0.49951	0.10129	0.14677	0.25243
V742	0.41711	0.53088	0.05201	0
V743	0.15556	0.16049	0.68395	0
V744	0.51726	0.04135	0.34814	0.09325
V745	0.04223	0.6469	0.23367	0.0772
V746	0.94875	0	0	0.05125
V747	0.08168	0.0081	0.7338	0.17643
V748	0.1462	0.12508	0.58975	0.13897
V749	0.32523	0.18354	0.06631	0.42492
V750	0.43256	0.42983	0.0443	0.09331
V751	0.08511	0.78778	0.09366	0.03344
V752	0.46677	0.22155	0.16034	0.15134
V753	0.11948	0.05763	0	0.8229
V754	0.05149	0.87725	0.02993	0.04134
V755	0.17641	0.20768	0.3647	0.25121
V756	0.10181	0.01564	0.0931	0.78945
V757	0.35936	0.53096	0.10562	0.00406
V758	0.07777	0.7003	0.17598	0.04595
V759	0.15803	0.07562	0.42618	0.34017
V760	0.32238	0.06258	0.30347	0.31157
V761	0.09537	0.5381	0.31572	0.05081
V762	0.01788	0.40227	0.03621	0.54364
V763	0.41126	0.34318	0.04288	0.20268
V764	0.04774	0.85276	0.05836	0.04114
V765	0.689	0.07795	0	0.23305
V766	0.03474	0.32891	0.46484	0.1715
V767	0.48205	0.12641	0.26549	0.12605
V768	0.09985	0.81808	0.07627	0.0058
V769	0.17776	0.74145	0.08078	0
V770	0.06019	0.87118	0.06618	0.00245
V771	0.18428	0.04006	0.77181	0.00384
V772	0.15188	0.07218	0.77594	0
V773	0.19908	0.75069	0.05024	0
V774	0.04592	0.02071	0.89742	0.03595
V775	0.15915	0.05028	0.31141	0.47916
V776	0.442	0.39128	0.08137	0.08535
V777	0.22173	0.12811	0.16481	0.48535
V778	0.537	0.2617	0.09378	0.10752
V779	0.19626	0.05695	0.5132	0.23359
V780	0.13698	0.68429	0.17873	0
V781	0.12883	0.0474	0.05549	0.76827
V782	0.02075	0.15219	0.77766	0.04939
V783	0.77792	0.00632	0.07281	0.14296
V784	0.14591	0.78929	0.0648	0
V785	0.08157	0.84218	0.06661	0.00965
V786	0.69756	0.14791	0.11461	0.03992
V787	0.00611	0.77107	0.22282	0
V788	0.5061	0.28308	0.18643	0.02439
V789	0.1151	0.37446	0.04372	0.46672
V790	0.4904	0.01732	0.09951	0.39277
V791	0.15923	0.36555	0.35761	0.11761
V792	0.17566	0.52602	0.02294	0.27538
V793	0.16071	0.61644	0.07239	0.15046
V794	0.06668	0.11128	0.76442	0.05763
V795	0.17649	0.05188	0.08177	0.68986
V796	0.04902	0.11765	0.81734	0.01599
V797	0.73939	0	0.24699	0.01361
V798	0.61325	0.27025	0.11285	0.00365
V799	0.17072	0.70942	0.07294	0.04691
V800	0.09946	0.04245	0.53969	0.31839
V801	0.17047	0.13634	0.35325	0.33994
V802	0.07605	0.0997	0.30487	0.51939
V803	0.23509	0.46738	0.29753	0
V804	0.52143	0.01779	0.40265	0.05812
V805	0.05244	0.02134	0.92622	0
V806	0.08938	0.82543	0.06365	0.02154
V807	0.30756	0.16446	0.04455	0.48343
V808	0.65304	0.24816	0.07281	0.02599
V809	0.06181	0.07303	0.86516	0
V810	0.0648	0.89717	0.03297	0.00506
V811	0.44369	0.07666	0.22598	0.25366
V812	0.55059	0.25137	0.0726	0.12544
V813	0.58362	0.18695	0.21997	0.00947
V814	0.44238	0.47365	0.08398	0
V815	0.01999	0.83662	0.14339	0
V816	0.90487	0	0.09513	0
V817	0.05244	0.11041	0.83089	0.00626
V818	0.03102	0.07864	0.07549	0.81484
V819	0.79775	0.07257	0.0772	0.05248
V820	0.19749	0.11551	0.02742	0.65958
V821	0.23547	0.30952	0.40978	0.04522
V822	0.09123	0.05676	0.83211	0.0199
V823	0.04154	0.21313	0.67645	0.06888
V824	0.10351	0.35382	0.54266	0
V825	0.24449	0.29075	0.2808	0.18396
V826	0.43509	0.37527	0.18964	0
V827	0.40167	0.54235	0.04855	0.00742
V828	0.2652	0.17726	0.13174	0.4258
V829	0.08743	0.26206	0.05455	0.59596
V830	0.27083	0.23921	0.03538	0.45457
V831	0.75663	0.08101	0.05207	0.11029
V832	0.28928	0.38229	0.20085	0.12758
V833	0.17668	0.4794	0.21915	0.12477
V834	0.33922	0.07848	0.10035	0.48194
V835	0.37317	0.41715	0.15373	0.05595
V836	0.04349	0.65787	0.03915	0.25949
V837	0.24559	0.36897	0.22165	0.16379
V838	0.88798	0.03762	0.06306	0.01134
V839	0.3158	0.5424	0.1418	0
V840	0.31381	0.63736	0.04883	0
V841	0.00121	0.08492	0.86419	0.04968
V842	0.36856	0.17198	0.2817	0.17776
V843	0.03874	0.05962	0.84145	0.06018
V844	0.14723	0.10651	0.40621	0.34006
V845	0.08892	0.1363	0.72668	0.0481
V846	0	0.04879	0.7769	0.17432
V847	0.02462	0	0.10519	0.87019
V848	0.12034	0.48927	0.21031	0.18008
V849	0.01408	0.89093	0.06785	0.02714
V850	0.90635	0	0.04648	0.04716
V851	0.34315	0.47382	0.18303	0
V852	0.16428	0.05958	0.15868	0.61746
V853	0.25812	0.23123	0.41745	0.09321
V854	0.58745	0.16419	0.12903	0.11932
V855	0.02462	0	0.10519	0.87019
V856	0.06999	0.35612	0.38371	0.19019
V857	0.66668	0.16707	0.05249	0.11375
V858	0.54358	0.01628	0.43592	0.00422
V859	0.65352	0.22289	0.03672	0.08688
V860	0.24326	0.12763	0.0694	0.55971
V861	0.10926	0.3415	0.54924	0
V862	0.15437	0.11286	0.70193	0.03084
V863	0.2655	0.06763	0	0.66687
V864	0.14051	0.04592	0.08011	0.73346
V865	0.16373	0.00526	0.30229	0.52872
V866	0.70302	0.0127	0.27111	0.01316
V867	0.70279	0.02385	0.27107	0.00229
V868	0.50929	0.26388	0.16418	0.06265
V869	0.0703	0.86799	0.06171	0
V870	0.15208	0.35029	0.03128	0.46635
V871	0.01408	0.89093	0.06785	0.02714
V872	0.04992	0.02928	0.28523	0.63556
V873	0.84429	0.02142	0.08029	0.054
V874	0.22023	0.70227	0.0775	0
V875	0.04842	0.21577	0.23505	0.50076
V876	0.17951	0.32372	0.43304	0.06373
V877	0.07135	0.39656	0.33326	0.19883
V878	0.15975	0.72425	0.116	0
V879	0.22382	0.63383	0.08767	0.05469
V880	0.33732	0.51567	0.02929	0.11772
V881	0.16883	0.06409	0.6088	0.15828
V882	0.7749	0	0.14556	0.07954
V883	0.28279	0.19701	0.5202	0
V884	0.06598	0.29519	0	0.63883
V885	0.69647	0.18852	0.115	0
V886	0.03464	0.36611	0.49212	0.10712
V887	0.62618	0.05964	0.18351	0.13067
V888	0.12313	0.0755	0.72899	0.07238
V889	0.87016	0.04266	0.04622	0.04097
V890	0.05319	0.17198	0.62816	0.14666
V891	0.60921	0.05009	0.30422	0.03648
V892	0.33006	0.19347	0.01217	0.4643
V893	0.56644	0.20438	0.18111	0.04806
V894	0.09103	0.3128	0.58589	0.01028
V895	0.58565	0.06254	0.22205	0.12975
V896	0.08292	0.85209	0.05434	0.01066
V897	0.6865	0.23682	0.02233	0.05434
V898	0.51099	0	0.00747	0.48154
V899	0.06448	0.21407	0.17217	0.54927
V900	0.10321	0.30414	0.39182	0.20083
V901	0.07499	0.78487	0.04671	0.09343
V902	0.08595	0.806	0.10805	0
V903	0.02467	0.41136	0.5467	0.01727
V904	0.07429	0.8965	0.02869	0.00053
V905	0.20638	0	0.20322	0.5904
V906	0.43111	0.09419	0.12805	0.34665
V907	0.44697	0.46908	0.05174	0.0322
V908	0.06118	0.06616	0.1047	0.76796
V909	0.17341	0.75384	0.02571	0.04705
V910	0.22304	0	0.14406	0.6329
V911	0.52136	0.36243	0.06371	0.0525
V912	0.40091	0.31463	0.15396	0.1305
V913	0.19805	0	0.01804	0.78391
V914	0.2054	0.46154	0.32887	0.00419
V915	0.29003	0	0.0116	0.69837
V916	0.26047	0.076	0.63429	0.02924
V917	0.69481	0.01955	0.19287	0.09277
V918	0.07339	0.58713	0.27921	0.06027
V919	0.22205	0.24403	0.32128	0.21264
V920	0.60231	0.19143	0.1212	0.08505
V921	0.08533	0.18067	0.04687	0.68713
V922	0.12606	0.44064	0.41885	0.01445
V923	0.15609	0.02065	0.07648	0.74678
V924	0.06735	0.61533	0.31732	0
V925	0.24693	0.03986	0.02025	0.69297
V926	0.26436	0.02065	0.04928	0.66571
V927	0.08747	0.05599	0.08721	0.76934
V928	0.08908	0.81982	0.05005	0.04104
V929	0.08766	0.60314	0.17746	0.13174
V930	0.51455	0.34666	0.06031	0.07847
V931	0.15604	0.27883	0.51868	0.04646
V932	0.05418	0.14157	0.62075	0.1835
V933	0.59829	0.35437	0.04476	0.00259
V934	0.0333	0.17613	0.30902	0.48154
V935	0.54631	0.16108	0.23576	0.05686
V936	0.53622	0.26195	0.03259	0.16924
V937	0.54941	0.128	0.1069	0.21568
V938	0.39403	0.05014	0.3296	0.22623
V939	0.74444	0.00582	0.09939	0.15035
V940	0.05711	0.72262	0.20721	0.01306
V941	0.00434	0.03218	0.93457	0.02891
V942	0.7155	0.17419	0.09921	0.01109
V943	0.39535	0.13772	0.43249	0.03444
V944	0.05345	0.28671	0.08998	0.56986
V945	0.56443	0.33058	0.03292	0.07207
V946	0.45247	0.25286	0.28354	0.01113
V947	0.13012	0.06283	0.26036	0.54669
V948	0.34269	0.04565	0.60396	0.00771
V949	0.00991	0.13716	0.2419	0.61102
V950	0.08352	0.51074	0.25406	0.15168
V951	0.79843	0.01012	0.18253	0.00892
V952	0.10679	0.14984	0.29398	0.44938
V953	0.03882	0.09132	0.83987	0.02998
V954	0.07629	0.20274	0.17172	0.54925
V955	0.16203	0.57305	0.05762	0.2073
V956	0.06642	0.04641	0.54034	0.34683
V957	0.3944	0.00499	0	0.60061
V958	0.14037	0	0	0.85963
V959	0.24515	0.2616	0.44624	0.04701
V960	0.27192	0.28029	0.10005	0.34774
V961	0.15842	0.37394	0.37752	0.09013
V962	0.36557	0.17628	0.40775	0.05041
V963	0.57838	0.16612	0.18871	0.06679
V964	0.80134	0.02185	0.1304	0.04641
V965	0.08605	0.48462	0.23087	0.19845
V966	0.90516	0.01914	0.02897	0.04673
V967	0.08634	0.06546	0.55012	0.29808
V968	0	0.18165	0.76954	0.04881
V969	0.04312	0.30721	0.05915	0.59051
V970	0.06158	0.14512	0.45378	0.33952
V971	0.49352	0.09175	0.34968	0.06505
V972	0.51947	0.19809	0.06785	0.21459
V973	0.29671	0.40362	0.10784	0.19182
V974	0.03333	0.72499	0.18813	0.05355
V975	0.11679	0.28485	0.59836	0
V976	0.44835	0.24248	0.14068	0.16849
V977	0.32203	0.32868	0.34929	0
V978	0.12687	0.10699	0.08971	0.67644
V979	0.77274	0.01155	0.20784	0.00786
V980	0.94875	0	0	0.05125
V981	0.35155	0.0388	0.44868	0.16096
V982	0.44974	0.37121	0.11169	0.06736
V983	0.71494	0.05297	0.0067	0.22539
V984	0.04851	0.7634	0.17182	0.01627
V985	0.13499	0.20958	0.00504	0.65039
V986	0.34504	0.48652	0.08632	0.08212
V987	0.27519	0.69329	0.03152	0
V988	0.27938	0.01032	0.02546	0.68484
V989	0.45106	0.42967	0.11927	0
V990	0	0.08682	0.80013	0.11304
V991	0.6547	0.33267	0.00689	0.00573
V992	0.22795	0.01755	0.53927	0.21523
V993	0.10005	0.65763	0.2232	0.01912
V994	0.21754	0.70407	0.07839	0
V995	0.72487	0.09943	0.05106	0.12464
V996	0.32425	0.13395	0.01103	0.53077
V997	0.03827	0.04645	0.81953	0.09574
V998	0.835	0.00057	0.097	0.06743
V999	0.15858	0.80984	0.03158	0
V1000	0.37377	0.01512	0	0.61111
