cytotoxic.CD56.dim.NK.cell	memory.CD4.pos.AB.T.cell	memory.B.cell	CD14.pos.CD16.neg.classical.monocyte
V1	0.55045	0.02658	0.17364	0.24933
V2	0.14446	0.09428	0.07818	0.68308
V3	0.07514	0.61908	0.0242	0.28158
V4	0.8238	0.14596	0.01407	0.01617
V5	0.12717	0.47597	0.25424	0.14262
V6	0.10066	0.86275	0.02531	0.01129
V7	0.15673	0.34934	0.09369	0.40024
V8	0.13672	0.03255	0.7936	0.03714
V9	0.24121	0.22827	0.05494	0.47558
V10	0.03548	0.03504	0.8716	0.05788
V11	0.22332	0.35017	0.42037	0.00614
V12	0.04818	0.58576	0.35569	0.01037
V13	0.27812	0.69897	0.01131	0.0116
V14	0.09706	0.88631	0.01663	0
V15	0.13917	0.60636	0.11797	0.1365
V16	0.86982	0.07676	0.03085	0.02257
V17	0.11074	0.85909	0.01888	0.0113
V18	0.57926	0.34973	0.04444	0.02657
V19	0.17793	0.80392	0.01292	0.00523
V20	0.17975	0.45542	0.03199	0.33284
V21	0.13687	0.058	0.77034	0.03479
V22	0.02635	0.09322	0.22305	0.65738
V23	0.3831	0.05546	0.55007	0.01137
V24	0.85948	0.08915	0.049	0.00237
V25	0.35928	0.22887	0.13408	0.27777
V26	0.41005	0.38449	0.025	0.18046
V27	0.09862	0.0757	0.05865	0.76702
V28	0.03241	0.10311	0.84837	0.01611
V29	0.44178	0.04126	0.48815	0.02881
V30	0.10736	0.19891	0.29133	0.4024
V31	0.21297	0.17844	0.30885	0.29974
V32	0.08321	0.05448	0.07134	0.79097
V33	0.0628	0.49646	0.35703	0.08371
V34	0.13636	0.04413	0.78383	0.03567
V35	0.18045	0.72474	0.07659	0.01822
V36	0.01633	0.04354	0.48762	0.45251
V37	0.55019	0.07614	0.10253	0.27114
V38	0.42037	0.02049	0.18244	0.37671
V39	0.18495	0.57169	0.12644	0.11692
V40	0.12384	0.80059	0.07557	0
V41	0.02935	0.67725	0.05287	0.24053
V42	0.21806	0.0385	0.22315	0.52029
V43	0.14565	0.32789	0.49966	0.02681
V44	0.02537	0.06565	0.75007	0.1589
V45	0.11732	0.59752	0.21417	0.07099
V46	0.77442	0.09989	0.12053	0.00517
V47	0.46648	0.18445	0.31	0.03908
V48	0.77711	0.19134	0.01643	0.01511
V49	0.72516	0.20101	0.00918	0.06464
V50	0.09289	0.8275	0.07962	0
V51	0.32963	0.39855	0.24973	0.02208
V52	0.04028	0.10353	0.81981	0.03639
V53	0.69969	0.15085	0.14797	0.00148
V54	0.43667	0.18877	0.35665	0.0179
V55	0.21897	0.11904	0.25494	0.40706
V56	0.05164	0.04336	0.12127	0.78373
V57	0.12023	0.84885	0.0259	0.00502
V58	0.63007	0.0304	0.05515	0.28437
V59	0.45205	0.41077	0.10256	0.03461
V60	0.13857	0.13814	0.3443	0.37899
V61	0.79459	0.1202	0.02078	0.06443
V62	0.84532	0.07062	0.07339	0.01067
V63	0.04471	0.83114	0.11185	0.01229
V64	0.03919	0.84648	0.00873	0.10561
V65	0.0278	0.03944	0.14162	0.79115
V66	0.23295	0.69733	0.02193	0.0478
V67	0.1677	0.31893	0.50012	0.01325
V68	0.15705	0.14656	0.05207	0.64432
V69	0.04049	0.29442	0.61991	0.04518
V70	0.56422	0.14924	0.18039	0.10615
V71	0.16764	0.06583	0.39308	0.37345
V72	0.59451	0.15687	0.0975	0.15111
V73	0.17274	0.62528	0.13308	0.0689
V74	0.07753	0.22533	0.68851	0.00863
V75	0.70682	0.02712	0.1894	0.07666
V76	0.01165	0.16745	0.20241	0.61849
V77	0.05019	0.28761	0.03836	0.62385
V78	0.31367	0.1094	0.19838	0.37855
V79	0.02064	0.08843	0.80575	0.08518
V80	0.35534	0.02888	0.53835	0.07743
V81	0.07265	0.15639	0.75661	0.01435
V82	0.02428	0.08653	0.86671	0.02248
V83	0.13784	0.17101	0.09593	0.59522
V84	0.39761	0.05143	0.17467	0.3763
V85	0.12303	0.30169	0.41709	0.15819
V86	0.0584	0.0532	0.84294	0.04546
V87	0.061	0.83797	0.05298	0.04806
V88	0.16576	0.05986	0.28614	0.48824
V89	0.02852	0.03808	0.22825	0.70516
V90	0.05683	0.88184	0.05599	0.00534
V91	0.05945	0.74412	0.17649	0.01994
V92	0.46414	0.03266	0.38353	0.11968
V93	0.85027	0.05562	0.01453	0.07958
V94	0.0345	0.43994	0.04319	0.48237
V95	0.27932	0.43422	0.15747	0.12899
V96	0.07716	0.11406	0.06278	0.746
V97	0.67548	0.12071	0.19828	0.00553
V98	0.66524	0.31483	0.01102	0.00891
V99	0.77225	0.07675	0.14523	0.00577
V100	0.0897	0.04127	0.8374	0.03164
V101	0.03933	0.09416	0.05189	0.81463
V102	0.87276	0.0942	0.02178	0.01126
V103	0.02185	0.06949	0.1292	0.77946
V104	0.06301	0.9186	0.0181	0.00029
V105	0.08696	0.89029	0.02275	0
V106	0.138	0.51621	0.31545	0.03034
V107	0.19841	0.18791	0.56955	0.04412
V108	0.17018	0.74	0.08982	0
V109	0.02464	0.14213	0.61182	0.22141
V110	0.08247	0.86693	0.03929	0.01131
V111	0.8629	0.05291	0.07751	0.00668
V112	0.13258	0.05843	0.44734	0.36164
V113	0.19161	0.10178	0.19552	0.51109
V114	0.23901	0.05726	0.10485	0.59887
V115	0.03701	0.74997	0.21069	0.00233
V116	0.15824	0.30177	0.38259	0.1574
V117	0.67631	0.25824	0.03836	0.02709
V118	0.1823	0.58366	0.04065	0.19339
V119	0.11421	0.08852	0.0816	0.71568
V120	0.09021	0.07203	0.8149	0.02286
V121	0.61403	0.129	0.0974	0.15957
V122	0.89648	0.0617	0.02974	0.01207
V123	0.02632	0.50963	0.06129	0.40276
V124	0.65387	0.29645	0.00783	0.04185
V125	0.40347	0.41552	0.16707	0.01394
V126	0.0479	0.15372	0.08207	0.71631
V127	0.16478	0.05208	0.2755	0.50765
V128	0.04057	0.04271	0.14597	0.77075
V129	0.59052	0.23263	0.15526	0.0216
V130	0.0342	0.65411	0.30771	0.00397
V131	0.05599	0.88045	0.00806	0.05551
V132	0.88859	0.05407	0.04003	0.01731
V133	0.86796	0.06065	0.06033	0.01107
V134	0.12468	0.38633	0.13933	0.34966
V135	0.08119	0.03871	0.20414	0.67596
V136	0.2584	0.39772	0.02428	0.3196
V137	0.65661	0.05205	0.23795	0.05339
V138	0.23236	0.40195	0.18202	0.18367
V139	0.37291	0.19881	0.20258	0.2257
V140	0.03964	0.10737	0.0891	0.76389
V141	0.07234	0.14098	0.56304	0.22364
V142	0.74089	0.05772	0.19754	0.00385
V143	0.45138	0.25796	0.07484	0.21583
V144	0.17239	0.14765	0.18586	0.4941
V145	0.02979	0.75704	0.21045	0.00272
V146	0.06837	0.04847	0.07673	0.80643
V147	0.87762	0.06211	0.03112	0.02915
V148	0.13333	0.06907	0.59803	0.19957
V149	0.27749	0.5151	0.20512	0.00229
V150	0.09813	0.22829	0.60281	0.07077
V151	0.22644	0.63406	0.03717	0.10233
V152	0.25499	0.44791	0.21603	0.08107
V153	0.12781	0.7576	0.02345	0.09114
V154	0.26081	0.45661	0.26054	0.02204
V155	0.49364	0.14166	0.28336	0.08134
V156	0.04407	0.12624	0.70965	0.12003
V157	0.32063	0.14927	0.32296	0.20713
V158	0.04088	0.04262	0.08916	0.82735
V159	0.84997	0.10051	0.01367	0.03584
V160	0.68732	0.03079	0.07433	0.20756
V161	0.20473	0.03751	0.06651	0.69126
V162	0.07823	0.29393	0.10111	0.52673
V163	0.11628	0.49539	0.17279	0.21554
V164	0.36141	0.30428	0.11232	0.22199
V165	0.02677	0.27739	0.03643	0.65941
V166	0.02174	0.11634	0.10615	0.75577
V167	0.33513	0.03238	0.04054	0.59195
V168	0.30408	0.5778	0.07652	0.04159
V169	0.18478	0.07003	0.07023	0.67496
V170	0.10833	0.03111	0.53753	0.32303
V171	0.14305	0.23137	0.58922	0.03636
V172	0.69465	0.04019	0.25699	0.00817
V173	0.03919	0.15684	0.07607	0.7279
V174	0.02931	0.17078	0.10594	0.69397
V175	0.07166	0.02629	0.7821	0.11995
V176	0.03848	0.80435	0.15579	0.00138
V177	0.04716	0.93281	0.01178	0.00826
V178	0.03346	0.76666	0.01622	0.18366
V179	0.16188	0.02471	0.39651	0.4169
V180	0.06265	0.85833	0.07903	0
V181	0.17273	0.12269	0.55657	0.14801
V182	0.31542	0.17571	0.45872	0.05016
V183	0.19759	0.78791	0.0145	0
V184	0.88059	0.07534	0.04027	0.0038
V185	0.55593	0.42083	0.02127	0.00198
V186	0.13884	0.48653	0.26313	0.11151
V187	0.88589	0.06359	0.0439	0.00662
V188	0.07003	0.24232	0.03451	0.65314
V189	0.79996	0.04907	0.02953	0.12144
V190	0.64251	0.04387	0.30524	0.00838
V191	0.19836	0.19911	0.5665	0.03603
V192	0.32168	0.4698	0.05486	0.15366
V193	0.61227	0.04813	0.23413	0.10547
V194	0.06716	0.90627	0.01454	0.01203
V195	0.03502	0.0569	0.88449	0.02359
V196	0.02647	0.11642	0.05834	0.79877
V197	0.40554	0.06447	0.04909	0.48089
V198	0.08378	0.50684	0.36184	0.04755
V199	0.16249	0.04075	0.19816	0.5986
V200	0.14791	0.56891	0.02868	0.2545
V201	0.11731	0.56536	0.18809	0.12924
V202	0.027	0.03324	0.77286	0.1669
V203	0.18086	0.42709	0.375	0.01705
V204	0.02861	0.53483	0.02633	0.41023
V205	0.03722	0.07104	0.86564	0.0261
V206	0.06433	0.10387	0.81471	0.0171
V207	0.1383	0.19117	0.07864	0.59189
V208	0.25733	0.07533	0.64944	0.0179
V209	0.32285	0.47168	0.07109	0.13439
V210	0.10828	0.77349	0.08519	0.03304
V211	0.40983	0.03741	0.05837	0.4944
V212	0.50812	0.05711	0.41432	0.02046
V213	0.64188	0.04781	0.11561	0.1947
V214	0.34383	0.15653	0.17591	0.32373
V215	0.28597	0.10627	0.04632	0.56144
V216	0.06056	0.04139	0.07873	0.81932
V217	0.06294	0.4952	0.23585	0.20601
V218	0.11542	0.44808	0.17574	0.26075
V219	0.12681	0.64333	0.02038	0.20948
V220	0.0368	0.82499	0.01474	0.12347
V221	0.78687	0.03849	0.02004	0.15461
V222	0.33051	0.13057	0.37409	0.16483
V223	0.02119	0.13262	0.77125	0.07494
V224	0.87496	0.07272	0.04884	0.00349
V225	0.0843	0.85871	0.05699	0
V226	0.31389	0.09105	0.57872	0.01634
V227	0.76257	0.03873	0.18638	0.01232
V228	0.77329	0.08359	0.06962	0.0735
V229	0.0378	0.04694	0.88016	0.03511
V230	0.03028	0.07168	0.0759	0.82213
V231	0.02963	0.27296	0.13157	0.56585
V232	0.06808	0.65436	0.01269	0.26487
V233	0.58143	0.09447	0.19953	0.12457
V234	0.06655	0.89398	0.03423	0.00524
V235	0.38137	0.07026	0.51973	0.02864
V236	0.05454	0.06992	0.79982	0.07571
V237	0.15615	0.03969	0.07107	0.7331
V238	0.14971	0.5607	0.25257	0.03701
V239	0.08061	0.39912	0.0412	0.47907
V240	0.49366	0.05232	0.41248	0.04154
V241	0.03317	0.03408	0.86024	0.07251
V242	0.14967	0.75955	0.08558	0.0052
V243	0.24471	0.05025	0.63389	0.07115
V244	0.20671	0.0263	0.68594	0.08106
V245	0.60802	0.29826	0.0521	0.04162
V246	0.06903	0.14853	0.75613	0.02632
V247	0.17675	0.05962	0.75112	0.0125
V248	0.03493	0.06703	0.09269	0.80535
V249	0.0168	0.05855	0.85257	0.07207
V250	0.73779	0.04195	0.21252	0.00774
V251	0.87489	0.09466	0.02413	0.00632
V252	0.04504	0.81311	0.14185	0
V253	0.36704	0.07512	0.17604	0.38179
V254	0.04271	0.90468	0.05246	0.00015
V255	0.07575	0.89012	0.00814	0.02599
V256	0.18808	0.20583	0.52749	0.0786
V257	0.43581	0.10135	0.24087	0.22197
V258	0.1917	0.25803	0.43427	0.11601
V259	0.05027	0.28461	0.6277	0.03742
V260	0.02158	0.28782	0.67731	0.01329
V261	0.62423	0.04746	0.19629	0.13203
V262	0.0979	0.08307	0.05771	0.76132
V263	0.05217	0.92384	0.01032	0.01367
V264	0.16479	0.04311	0.44403	0.34806
V265	0.04129	0.03417	0.17177	0.75278
V266	0.60583	0.37279	0.02138	0
V267	0.01059	0.17282	0.30006	0.51653
V268	0.37947	0.03781	0.15706	0.42566
V269	0.02749	0.55711	0.37566	0.03974
V270	0.64729	0.04391	0.23948	0.06931
V271	0.79383	0.08513	0.04054	0.0805
V272	0.0795	0.8215	0.01755	0.08145
V273	0.06436	0.05486	0.08137	0.79941
V274	0.69934	0.02624	0.18107	0.09336
V275	0.02557	0.06506	0.88273	0.02664
V276	0.51742	0.33669	0.01723	0.12866
V277	0.04583	0.20021	0.18033	0.57363
V278	0.04151	0.0648	0.30869	0.585
V279	0.69662	0.07194	0.11232	0.11912
V280	0.04088	0.04262	0.08916	0.82735
V281	0.54624	0.04513	0.14722	0.26141
V282	0.06502	0.07119	0.80485	0.05894
V283	0.22885	0.5856	0.06208	0.12347
V284	0.05828	0.88341	0.05831	0
V285	0.09886	0.05565	0.83036	0.01513
V286	0.26365	0.55381	0.10505	0.0775
V287	0.12018	0.84988	0.01864	0.01129
V288	0.0273	0.26538	0.44096	0.26636
V289	0.29537	0.21584	0.42178	0.067
V290	0.76423	0.20519	0.03001	0.00058
V291	0.48842	0.08241	0.41531	0.01386
V292	0.88322	0.05746	0.01604	0.04329
V293	0.29612	0.03451	0.63061	0.03876
V294	0.10097	0.36636	0.02412	0.50854
V295	0.02691	0.17225	0.21073	0.59011
V296	0.18325	0.11658	0.6201	0.08007
V297	0.08098	0.03469	0.11196	0.77238
V298	0.30443	0.1082	0.57143	0.01594
V299	0.07836	0.27479	0.04264	0.60422
V300	0.0123	0.05653	0.25425	0.67692
V301	0.1257	0.10634	0.6585	0.10947
V302	0.62854	0.35226	0.01063	0.00856
V303	0.02125	0.59713	0.35726	0.02437
V304	0.06021	0.03565	0.74597	0.15817
V305	0.12789	0.14984	0.47675	0.24551
V306	0.79782	0.11255	0.05467	0.03497
V307	0.05088	0.92072	0.02247	0.00593
V308	0.24016	0.22187	0.30588	0.23209
V309	0.34066	0.31077	0.0379	0.31068
V310	0.08934	0.30696	0.16374	0.43997
V311	0.50332	0.48005	0.01488	0.00175
V312	0.11871	0.73924	0.12971	0.01234
V313	0.01515	0.14654	0.06421	0.7741
V314	0.03339	0.47254	0.12121	0.37286
V315	0.13824	0.62852	0.04096	0.19228
V316	0.31814	0.13102	0.39624	0.1546
V317	0.10709	0.70474	0.04739	0.14078
V318	0.05486	0.55021	0.02899	0.36593
V319	0.06845	0.06812	0.82649	0.03693
V320	0.08349	0.13485	0.66201	0.11965
V321	0.59844	0.38057	0.02099	0
V322	0.20159	0.3155	0.08421	0.3987
V323	0.05839	0.04815	0.12531	0.76815
V324	0.65563	0.26132	0.06909	0.01396
V325	0.31187	0.63381	0.05423	9e-05
V326	0.01891	0.55902	0.10052	0.32155
V327	0.02879	0.14982	0.13184	0.68956
V328	0.05085	0.0363	0.74548	0.16737
V329	0.16942	0.1112	0.18678	0.53259
V330	0.38272	0.02351	0.34263	0.25114
V331	0.334	0.09484	0.06494	0.50623
V332	0.01931	0.0668	0.20857	0.70533
V333	0.42859	0.07848	0.39078	0.10214
V334	0.34799	0.0237	0.36543	0.26288
V335	0.03869	0.32428	0.52004	0.11699
V336	0.19123	0.70381	0.02245	0.08251
V337	0.29527	0.40073	0.28138	0.02263
V338	0.03767	0.93852	0.02191	0.0019
V339	0.13411	0.04029	0.80697	0.01863
V340	0.06515	0.21291	0.54137	0.18057
V341	0.03302	0.06392	0.10694	0.79612
V342	0.23961	0.02286	0.612	0.12554
V343	0.89125	0.07578	0.02589	0.00708
V344	0.65101	0.17421	0.17327	0.00151
V345	0.04642	0.0804	0.85787	0.01532
V346	0.23089	0.10926	0.29702	0.36283
V347	0.04812	0.04008	0.15931	0.75249
V348	0.07606	0.66173	0.13624	0.12597
V349	0.35478	0.1622	0.38864	0.09438
V350	0.05989	0.78225	0.15786	0
V351	0.02386	0.04359	0.4069	0.52565
V352	0.05531	0.03612	0.83087	0.0777
V353	0.8526	0.05518	0.04258	0.04964
V354	0.06752	0.69774	0.20693	0.02781
V355	0.27517	0.07669	0.47211	0.17603
V356	0.03992	0.05014	0.13631	0.77363
V357	0.12377	0.32226	0.28704	0.26692
V358	0.53845	0.11026	0.06107	0.29022
V359	0.55802	0.0703	0.04806	0.32361
V360	0.53762	0.43018	0.02526	0.00694
V361	0.02287	0.4476	0.52025	0.00927
V362	0.03745	0.9335	0.02761	0.00144
V363	0.17206	0.1113	0.48359	0.23305
V364	0.15614	0.06551	0.68806	0.09029
V365	0.24523	0.0513	0.04854	0.65493
V366	0.09673	0.68964	0.08038	0.13325
V367	0.56198	0.14745	0.01831	0.27225
V368	0.10782	0.73892	0.07794	0.07532
V369	0.03801	0.39523	0.55741	0.00935
V370	0.30498	0.2713	0.39857	0.02516
V371	0.20141	0.72163	0.02905	0.04791
V372	0.1535	0.06498	0.14388	0.63765
V373	0.08243	0.12968	0.48744	0.30046
V374	0.73002	0.06081	0.20553	0.00364
V375	0.04527	0.05816	0.17142	0.72516
V376	0.03918	0.05709	0.1344	0.76933
V377	0.76103	0.03136	0.02676	0.18085
V378	0.01659	0.04516	0.41541	0.52284
V379	0.3297	0.19651	0.03154	0.44225
V380	0.14458	0.07752	0.21736	0.56053
V381	0.72303	0.03745	0.09604	0.14348
V382	0.09483	0.05462	0.83196	0.01859
V383	0.80971	0.03702	0.05628	0.09699
V384	0.55647	0.08458	0.13668	0.22227
V385	0.83256	0.04648	0.07825	0.04271
V386	0.28355	0.03267	0.1635	0.52028
V387	0.5926	0.15102	0.18672	0.06966
V388	0.38671	0.32875	0.14685	0.13769
V389	0.41747	0.51829	0.01557	0.04867
V390	0.29892	0.25542	0.43851	0.00714
V391	0.40234	0.1131	0.03917	0.44539
V392	0.4333	0.21868	0.16825	0.17977
V393	0.28834	0.22319	0.35384	0.13463
V394	0.09716	0.22075	0.12975	0.55233
V395	0.23266	0.39113	0.20243	0.17379
V396	0.04297	0.92793	0.01641	0.0127
V397	0.76545	0.10448	0.10154	0.02853
V398	0.44468	0.13675	0.1059	0.31268
V399	0.20779	0.55962	0.1445	0.08808
V400	0.01971	0.57793	0.07453	0.32782
V401	0.046	0.14846	0.7317	0.07384
V402	0.74265	0.20908	0.04795	0.00032
V403	0.03335	0.05495	0.11608	0.79561
V404	0.09639	0.18546	0.62856	0.08959
V405	0.20714	0.04666	0.18581	0.56039
V406	0.64016	0.25411	0.02365	0.08208
V407	0.03767	0.93852	0.02191	0.0019
V408	0.09798	0.23354	0.41127	0.25721
V409	0.016	0.07172	0.0891	0.82318
V410	0.11005	0.84708	0.03179	0.01108
V411	0.4091	0.04083	0.02945	0.52063
V412	0.15732	0.07608	0.51336	0.25324
V413	0.07291	0.48176	0.18574	0.25959
V414	0.05313	0.50725	0.32728	0.11234
V415	0.43552	0.0427	0.24049	0.28129
V416	0.03849	0.11655	0.83127	0.01369
V417	0.37487	0.61023	0.01405	0.00085
V418	0.07284	0.10775	0.16489	0.65453
V419	0.03714	0.04238	0.09644	0.82404
V420	0.02926	0.87745	0.02072	0.07256
V421	0.15472	0.04883	0.68739	0.10907
V422	0.05531	0.09694	0.05528	0.79247
V423	0.0897	0.04127	0.8374	0.03164
V424	0.00999	0.06012	0.62242	0.30746
V425	0.06646	0.22689	0.60741	0.09925
V426	0.09369	0.05386	0.78574	0.06671
V427	0.08107	0.38875	0.20008	0.3301
V428	0.10832	0.77334	0.05282	0.06552
V429	0.03446	0.04255	0.1029	0.8201
V430	0.73838	0.1795	0.02508	0.05704
V431	0.17526	0.03587	0.46391	0.32496
V432	0.10442	0.10537	0.08059	0.70961
V433	0.07847	0.72791	0.00918	0.18444
V434	0.32173	0.08682	0.07388	0.51758
V435	0.49227	0.03257	0.1327	0.34247
V436	0.36306	0.03294	0.1317	0.4723
V437	0.22627	0.22928	0.02947	0.51498
V438	0.60837	0.16486	0.04103	0.18573
V439	0.04355	0.12904	0.053	0.77441
V440	0.4626	0.05606	0.0537	0.42764
V441	0.07226	0.12242	0.61543	0.1899
V442	0.32699	0.34107	0.14058	0.19136
V443	0.7293	0.03158	0.09613	0.14299
V444	0.04642	0.0804	0.85787	0.01532
V445	0.60153	0.04221	0.33022	0.02604
V446	0.06092	0.82965	0.05315	0.05628
V447	0.63253	0.10459	0.17652	0.08636
V448	0.02652	0.07852	0.21504	0.67992
V449	0.55896	0.0551	0.29653	0.08941
V450	0.16176	0.8121	0.02614	0
V451	0.87032	0.09575	0.01641	0.01752
V452	0.04408	0.04528	0.11634	0.7943
V453	0.79277	0.09505	0.06978	0.0424
V454	0.03331	0.90904	0.05135	0.00631
V455	0.59448	0.05128	0.29951	0.05473
V456	0.32945	0.12134	0.39497	0.15424
V457	0.01553	0.0934	0.07272	0.81835
V458	0.26035	0.22869	0.02752	0.48344
V459	0.04127	0.79639	0.08762	0.07473
V460	0.8886	0.05843	0.04124	0.01173
V461	0.06846	0.07158	0.0577	0.80226
V462	0.34087	0.24734	0.01727	0.39452
V463	0.26644	0.47986	0.15529	0.09841
V464	0.48897	0.11373	0.02344	0.37386
V465	0.40941	0.42929	0.03038	0.13092
V466	0.57761	0.19428	0.0154	0.2127
V467	0.32357	0.57395	0.07629	0.02618
V468	0.50216	0.40479	0.05166	0.04139
V469	0.0258	0.16987	0.30076	0.50357
V470	0.55293	0.1298	0.18214	0.13514
V471	0.25453	0.11434	0.06132	0.56981
V472	0.32243	0.33085	0.01392	0.3328
V473	0.11668	0.54741	0.31998	0.01593
V474	0.11391	0.02975	0.13681	0.71953
V475	0.19368	0.39526	0.08937	0.3217
V476	0.15344	0.04328	0.09107	0.7122
V477	0.59506	0.05429	0.20787	0.14278
V478	0.14732	0.5863	0.01543	0.25095
V479	0.02818	0.08708	0.79999	0.08475
V480	0.08877	0.30414	0.06758	0.5395
V481	0.15012	0.04156	0.78535	0.02297
V482	0.68836	0.17328	0.11007	0.02829
V483	0.12466	0.11706	0.10046	0.65781
V484	0.03382	0.10237	0.07127	0.79255
V485	0.13805	0.73585	0.01702	0.10908
V486	0.27524	0.26181	0.13731	0.32564
V487	0.07457	0.06661	0.11933	0.73948
V488	0.02018	0.04025	0.83388	0.10569
V489	0.21574	0.10957	0.65699	0.0177
V490	0.3469	0.3132	0.07736	0.26254
V491	0.44624	0.4685	0.03623	0.04903
V492	0.05523	0.82285	0.12137	0.00055
V493	0.06973	0.05323	0.05603	0.82101
V494	0.19807	0.15283	0.53173	0.11738
V495	0.23493	0.62295	0.12959	0.01254
V496	0.27994	0.68202	0.00528	0.03276
V497	0.03916	0.04582	0.88872	0.0263
V498	0.30245	0.11232	0.07344	0.51179
V499	0.59966	0.2769	0.12027	0.00316
V500	0.107	0.12383	0.7291	0.04006
V501	0.01954	0.05322	0.11856	0.80868
V502	0.54859	0.28339	0.14685	0.02117
V503	0.192	0.10136	0.21545	0.49118
V504	0.24273	0.69379	0.01562	0.04786
V505	0.2025	0.20933	0.26586	0.32231
V506	0.09837	0.24514	0.46516	0.19134
V507	0.61418	0.11128	0.12373	0.1508
V508	0.73773	0.18188	0.04591	0.03447
V509	0.22661	0.06853	0.51758	0.18728
V510	0.23469	0.51803	0.24461	0.00267
V511	0.06091	0.41177	0.06364	0.46368
V512	0.2289	0.06456	0.10484	0.6017
V513	0.09655	0.64959	0.20141	0.05245
V514	0.03058	0.12167	0.05011	0.79765
V515	0.75588	0.0822	0.05504	0.10688
V516	0.83969	0.13618	0.01794	0.00619
V517	0.04251	0.04566	0.26929	0.64254
V518	0.87764	0.09468	0.02026	0.00742
V519	0.05389	0.85236	0.01277	0.08098
V520	0.03351	0.02327	0.61739	0.32583
V521	0.55587	0.06284	0.3553	0.026
V522	0.01583	0.12287	0.58717	0.27413
V523	0.35553	0.1289	0.26726	0.24831
V524	0.03403	0.76983	0.1759	0.02024
V525	0.25041	0.20809	0.04833	0.49316
V526	0.63854	0.09453	0.08086	0.18606
V527	0.19829	0.03619	0.4089	0.35662
V528	0.12031	0.84015	0.00691	0.03263
V529	0.06124	0.073	0.2401	0.62566
V530	0.0203	0.19689	0.68315	0.09965
V531	0.05334	0.83678	0.10989	0
V532	0.17639	0.32326	0.04598	0.45437
V533	0.29125	0.35257	0.14196	0.21423
V534	0.01819	0.03226	0.70445	0.2451
V535	0.51866	0.02853	0.03607	0.41674
V536	0.18325	0.01948	0.38368	0.41359
V537	0.58068	0.26451	0.14608	0.00873
V538	0.44169	0.06852	0.10031	0.38948
V539	0.27932	0.43422	0.15747	0.12899
V540	0.21288	0.69399	0.06773	0.02539
V541	0.03458	0.50175	0.07653	0.38714
V542	0.19628	0.12845	0.26658	0.40869
V543	0.84498	0.04315	0.02467	0.08719
V544	0.10267	0.09601	0.1907	0.61062
V545	0.35779	0.14683	0.0846	0.41078
V546	0.0753	0.86024	0.06446	0
V547	0.05858	0.63986	0.29259	0.00897
V548	0.16956	0.75186	0.07857	0
V549	0.31965	0.05217	0.61046	0.01772
V550	0.55605	0.05604	0.02038	0.36754
V551	0.1907	0.73277	0.03642	0.04011
V552	0.02002	0.52443	0.02894	0.42661
V553	0.22967	0.1524	0.59569	0.02224
V554	0.05951	0.11016	0.06539	0.76493
V555	0.09769	0.22045	0.34572	0.33614
V556	0.02042	0.05853	0.87684	0.0442
V557	0.79047	0.05606	0.02358	0.12989
V558	0.08808	0.78044	0.0312	0.10028
V559	0.04337	0.7819	0.17473	0
V560	0.64573	0.33794	0.01263	0.00369
V561	0.02557	0.06506	0.88273	0.02664
V562	0.76482	0.03395	0.11875	0.08249
V563	0.24332	0.03791	0.70289	0.01588
V564	0.07106	0.0895	0.8167	0.02273
V565	0.13307	0.25542	0.38751	0.22401
V566	0.6818	0.11423	0.01636	0.18761
V567	0.22703	0.4453	0.03727	0.29041
V568	0.22366	0.03414	0.08576	0.65644
V569	0.64946	0.05578	0.01707	0.27769
V570	0.03918	0.28262	0.61591	0.0623
V571	0.78843	0.15125	0.01072	0.0496
V572	0.43712	0.02783	0.4422	0.09286
V573	0.06821	0.1857	0.04412	0.70198
V574	0.06186	0.77529	0.15627	0.00658
V575	0.02806	0.09909	0.15313	0.71972
V576	0.16871	0.78762	0.03868	0.005
V577	0.04299	0.06062	0.23246	0.66393
V578	0.06015	0.07171	0.68995	0.17819
V579	0.03838	0.86253	0.08708	0.012
V580	0.14167	0.03294	0.13994	0.68544
V581	0.07378	0.11349	0.04524	0.76749
V582	0.57457	0.1555	0.04273	0.2272
V583	0.0159	0.05628	0.59711	0.33071
V584	0.51849	0.16518	0.28513	0.0312
V585	0.01801	0.03328	0.45267	0.49604
V586	0.23009	0.02951	0.65137	0.08903
V587	0.26346	0.03601	0.66816	0.03237
V588	0.60802	0.06317	0.03994	0.28887
V589	0.07944	0.81145	0.06082	0.04829
V590	0.07136	0.7525	0.17489	0.00125
V591	0.01263	0.06347	0.22829	0.69561
V592	0.1671	0.07149	0.74944	0.01198
V593	0.57012	0.02145	0.19073	0.2177
V594	0.34327	0.29047	0.32706	0.0392
V595	0.04126	0.06741	0.07265	0.81868
V596	0.04727	0.27303	0.23726	0.44245
V597	0.01929	0.58125	0.32646	0.073
V598	0.03519	0.12829	0.81387	0.02265
V599	0.61342	0.32916	0.0376	0.01982
V600	0.36563	0.47806	0.053	0.10331
V601	0.16542	0.27201	0.09698	0.46559
V602	0.0443	0.07215	0.06365	0.8199
V603	0.02523	0.36679	0.04209	0.56589
V604	0.51281	0.1296	0.33284	0.02476
V605	0.07941	0.32352	0.4071	0.18996
V606	0.71475	0.16781	0.0192	0.09824
V607	0.63616	0.0342	0.11611	0.21352
V608	0.22417	0.15954	0.39475	0.22154
V609	0.03642	0.23074	0.24863	0.48422
V610	0.75209	0.04531	0.09446	0.10814
V611	0.26634	0.03287	0.0826	0.6182
V612	0.03768	0.09659	0.79855	0.06717
V613	0.05112	0.32725	0.58525	0.03639
V614	0.74696	0.08194	0.05512	0.11598
V615	0.127	0.08257	0.0484	0.74204
V616	0.09681	0.70503	0.04776	0.15039
V617	0.46024	0.1832	0.35325	0.00331
V618	0.68906	0.04038	0.01746	0.25309
V619	0.37775	0.04301	0.32525	0.254
V620	0.0342	0.65411	0.30771	0.00397
V621	0.42941	0.15718	0.1804	0.23302
V622	0.36116	0.22854	0.3851	0.0252
V623	0.02756	0.08962	0.17041	0.71241
V624	0.75211	0.221	0.01145	0.01544
V625	0.27758	0.4988	0.09783	0.12579
V626	0.88632	0.08196	0.019	0.01273
V627	0.01522	0.0643	0.1244	0.79607
V628	0.01594	0.23946	0.05342	0.69118
V629	0.13427	0.28785	0.28783	0.29005
V630	0.05064	0.3271	0.57826	0.044
V631	0.02876	0.19527	0.12799	0.64798
V632	0.56644	0.02178	0.1462	0.26557
V633	0.01417	0.05367	0.81106	0.12111
V634	0.39919	0.27297	0.32246	0.00538
V635	0.05014	0.75002	0.01516	0.18468
V636	0.12571	0.10591	0.64922	0.11916
V637	0.30421	0.19652	0.10236	0.3969
V638	0.38017	0.25904	0.07824	0.28254
V639	0.27476	0.43385	0.29099	0.00039
V640	0.04774	0.1523	0.75112	0.04884
V641	0.85266	0.06973	0.03559	0.04202
V642	0.74084	0.19289	0.00934	0.05693
V643	0.0169	0.17991	0.46184	0.34135
V644	0.85184	0.11697	0.02059	0.0106
V645	0.27101	0.4125	0.30074	0.01575
V646	0.04668	0.93283	0.01961	0.00088
V647	0.14772	0.09295	0.70359	0.05574
V648	0.41568	0.4345	0.12962	0.0202
V649	0.03826	0.07359	0.82795	0.0602
V650	0.06455	0.09458	0.77458	0.06629
V651	0.30536	0.03746	0.64266	0.01451
V652	0.09124	0.0923	0.45164	0.36482
V653	0.13908	0.66882	0.09701	0.0951
V654	0.68851	0.20896	0.06053	0.04201
V655	0.05485	0.56367	0.03486	0.34662
V656	0.20666	0.2701	0.03382	0.48942
V657	0.03636	0.11094	0.05662	0.79608
V658	0.60283	0.2149	0.06194	0.12034
V659	0.32688	0.09279	0.37441	0.20592
V660	0.06021	0.91677	0.0098	0.01322
V661	0.07077	0.41339	0.07056	0.44528
V662	0.40471	0.03406	0.46748	0.09375
V663	0.23831	0.0793	0.57512	0.10727
V664	0.2023	0.07675	0.67439	0.04656
V665	0.68439	0.19617	0.04534	0.07409
V666	0.56186	0.02242	0.11274	0.30298
V667	0.72232	0.11133	0.16417	0.00218
V668	0.1416	0.77543	0.08297	0
V669	0.2433	0.41469	0.25017	0.09184
V670	0.10326	0.87551	0.0088	0.01242
V671	0.37208	0.28778	0.25814	0.082
V672	0.03485	0.05135	0.87294	0.04086
V673	0.24443	0.36877	0.23385	0.15295
V674	0.709	0.15826	0.02554	0.10721
V675	0.14704	0.32412	0.32874	0.2001
V676	0.03701	0.12337	0.13318	0.70644
V677	0.39377	0.40378	0.09714	0.10531
V678	0.49652	0.4814	0.02059	0.00148
V679	0.06235	0.31023	0.61143	0.01599
V680	0.3124	0.54458	0.13004	0.01298
V681	0.85433	0.09923	0.02415	0.02229
V682	0.12241	0.29552	0.54662	0.03545
V683	0.05263	0.91226	0.03511	0
V684	0.69301	0.17121	0.09316	0.04263
V685	0.49894	0.34548	0.12041	0.03517
V686	0.09557	0.17908	0.16947	0.55588
V687	0.04444	0.05604	0.07617	0.82335
V688	0.37519	0.51021	0.00525	0.10935
V689	0.23352	0.02998	0.07917	0.65733
V690	0.46456	0.05779	0.41996	0.05768
V691	0.16284	0.03967	0.77955	0.01794
V692	0.08514	0.13874	0.7118	0.06433
V693	0.2317	0.11045	0.38245	0.2754
V694	0.01801	0.04872	0.30797	0.6253
V695	0.2258	0.02763	0.17637	0.5702
V696	0.07818	0.10868	0.05665	0.7565
V697	0.02799	0.10288	0.06071	0.80841
V698	0.7912	0.03708	0.02525	0.14646
V699	0.56794	0.28758	0.06866	0.07582
V700	0.21545	0.05467	0.04455	0.68533
V701	0.12736	0.52602	0.11351	0.23311
V702	0.52307	0.09558	0.02876	0.35259
V703	0.1328	0.05906	0.5015	0.30664
V704	0.79859	0.06994	0.03457	0.0969
V705	0.8981	0.04964	0.02837	0.02389
V706	0.08253	0.06018	0.77374	0.08355
V707	0.05263	0.42627	0.48703	0.03406
V708	0.06232	0.85789	0.02447	0.05532
V709	0.14387	0.26039	0.5266	0.06915
V710	0.60153	0.21469	0.05406	0.12972
V711	0.10903	0.78759	0.08516	0.01822
V712	0.79147	0.07883	0.01679	0.11291
V713	0.43619	0.29858	0.04198	0.22326
V714	0.03027	0.65822	0.03251	0.279
V715	0.31107	0.33445	0.29903	0.05545
V716	0.04288	0.07226	0.08873	0.79613
V717	0.10533	0.87843	0.00992	0.00632
V718	0.16218	0.56331	0.17565	0.09885
V719	0.07604	0.7026	0.04154	0.17982
V720	0.68516	0.02731	0.22644	0.0611
V721	0.12811	0.1603	0.48748	0.22411
V722	0.0997	0.3348	0.03695	0.52856
V723	0.10738	0.10733	0.04777	0.73752
V724	0.56198	0.04646	0.09461	0.29695
V725	0.01817	0.11043	0.8326	0.0388
V726	0.05005	0.37139	0.13427	0.44428
V727	0.27265	0.64085	0.08625	0.00026
V728	0.05735	0.85406	0.08843	0.00015
V729	0.39035	0.0311	0.17525	0.4033
V730	0.86024	0.06716	0.0501	0.0225
V731	0.03481	0.18934	0.40933	0.36653
V732	0.34979	0.08375	0.36155	0.20491
V733	0.63887	0.19425	0.03911	0.12778
V734	0.2446	0.30817	0.44056	0.00667
V735	0.02332	0.04255	0.48939	0.44474
V736	0.14161	0.04601	0.05292	0.75946
V737	0.33917	0.2881	0.24147	0.13126
V738	0.08982	0.32527	0.45829	0.12662
V739	0.01103	0.03791	0.59992	0.35114
V740	0.80452	0.11397	0.07175	0.00977
V741	0.47924	0.10975	0.13171	0.27929
V742	0.38658	0.58874	0.02468	0
V743	0.14099	0.14466	0.68981	0.02454
V744	0.51571	0.05415	0.33031	0.09982
V745	0.03832	0.69128	0.17373	0.09667
V746	0.89715	0.06928	0.02386	0.00971
V747	0.06064	0.02382	0.71053	0.20501
V748	0.12536	0.10406	0.60145	0.16912
V749	0.27448	0.17705	0.07119	0.47728
V750	0.41641	0.45941	0.02256	0.10163
V751	0.07069	0.85142	0.03806	0.03983
V752	0.46708	0.22859	0.13718	0.16715
V753	0.04617	0.08262	0.05229	0.81892
V754	0.0418	0.90116	0.00863	0.04841
V755	0.15361	0.18943	0.3552	0.30176
V756	0.03834	0.0502	0.09827	0.81319
V757	0.34213	0.57913	0.05996	0.01877
V758	0.06816	0.76019	0.11307	0.05858
V759	0.12239	0.06717	0.41565	0.39479
V760	0.2853	0.06556	0.29239	0.35675
V761	0.08482	0.57575	0.26742	0.07201
V762	0.01825	0.3778	0.04318	0.56078
V763	0.38932	0.35314	0.03406	0.22347
V764	0.03974	0.89872	0.01383	0.04771
V765	0.64425	0.10752	0.01363	0.2346
V766	0.02854	0.31046	0.44967	0.21134
V767	0.48568	0.13001	0.24612	0.13819
V768	0.08327	0.87963	0.02576	0.01133
V769	0.15862	0.80435	0.03202	0.00501
V770	0.04668	0.93283	0.01961	0.00088
V771	0.17051	0.04134	0.76591	0.02224
V772	0.14228	0.06651	0.77511	0.0161
V773	0.17793	0.80392	0.01292	0.00523
V774	0.03796	0.03861	0.87964	0.04379
V775	0.11035	0.05393	0.29694	0.53878
V776	0.43343	0.42013	0.05274	0.09371
V777	0.16978	0.12026	0.15825	0.55171
V778	0.53988	0.2774	0.07021	0.11251
V779	0.16612	0.05149	0.50971	0.27268
V780	0.13171	0.74474	0.12354	0
V781	0.05557	0.06656	0.07397	0.8039
V782	0.02143	0.12438	0.78711	0.06708
V783	0.76561	0.04578	0.05657	0.13204
V784	0.13154	0.84716	0.0213	0
V785	0.06661	0.90151	0.02016	0.01172
V786	0.70802	0.17213	0.08482	0.03503
V787	0.03207	0.81876	0.14752	0.00164
V788	0.51217	0.30394	0.14808	0.0358
V789	0.07996	0.35554	0.0508	0.5137
V790	0.43332	0.04722	0.09342	0.42604
V791	0.14813	0.37132	0.33531	0.14524
V792	0.14623	0.53077	0.01802	0.30498
V793	0.13835	0.65029	0.03993	0.17143
V794	0.05451	0.08628	0.78407	0.07513
V795	0.10433	0.06672	0.09266	0.73629
V796	0.04193	0.09758	0.83057	0.02992
V797	0.72826	0.03758	0.22135	0.01281
V798	0.60808	0.30166	0.07662	0.01364
V799	0.14863	0.76538	0.02965	0.05634
V800	0.0679	0.03799	0.52801	0.3661
V801	0.13739	0.11929	0.34374	0.39958
V802	0.0422	0.08812	0.28957	0.5801
V803	0.23171	0.5175	0.2508	0
V804	0.51547	0.03626	0.38307	0.06521
V805	0.05933	0.05901	0.86497	0.01669
V806	0.07383	0.88233	0.01874	0.02509
V807	0.24718	0.15925	0.05883	0.53474
V808	0.65004	0.27775	0.04519	0.02702
V809	0.06662	0.08277	0.83667	0.01394
V810	0.05003	0.93407	0.01333	0.00256
V811	0.42008	0.08301	0.21225	0.28466
V812	0.5487	0.26614	0.05406	0.1311
V813	0.5903	0.20429	0.18342	0.02199
V814	0.42498	0.52699	0.04715	0.00088
V815	0.03493	0.88894	0.07528	0.00085
V816	0.85133	0.06646	0.07896	0.00325
V817	0.0442	0.09257	0.8392	0.02404
V818	0.01453	0.09748	0.08773	0.80026
V819	0.80515	0.10492	0.05498	0.03496
V820	0.12547	0.11531	0.05757	0.70165
V821	0.22843	0.31395	0.3912	0.06642
V822	0.07989	0.04847	0.84044	0.03119
V823	0.03698	0.18573	0.68657	0.09073
V824	0.10836	0.3773	0.51009	0.00425
V825	0.23062	0.28849	0.26059	0.2203
V826	0.43233	0.41294	0.1472	0.00753
V827	0.37648	0.58874	0.01628	0.01849
V828	0.21842	0.16776	0.12566	0.48816
V829	0.04822	0.24516	0.06732	0.6393
V830	0.21728	0.22896	0.04904	0.50472
V831	0.7551	0.10672	0.03997	0.09821
V832	0.27994	0.40049	0.16909	0.15047
V833	0.16235	0.50766	0.17962	0.15036
V834	0.27751	0.08631	0.10047	0.53571
V835	0.36826	0.44948	0.11395	0.06832
V836	0.03115	0.66397	0.02034	0.28454
V837	0.23234	0.37918	0.19328	0.1952
V838	0.86449	0.08861	0.04125	0.00565
V839	0.30516	0.59934	0.0949	6e-04
V840	0.28988	0.69074	0.01938	0
V841	0.01676	0.06644	0.85265	0.06415
V842	0.35921	0.16872	0.26664	0.20543
V843	0.03034	0.04476	0.84626	0.07864
V844	0.11306	0.09207	0.39705	0.39782
V845	0.07479	0.11151	0.74829	0.06541
V846	0.01311	0.04061	0.74362	0.20265
V847	0.02162	0.05047	0.10788	0.82004
V848	0.10542	0.50697	0.17245	0.21516
V849	0.03392	0.92288	0.01645	0.02675
V850	0.90032	0.05611	0.03089	0.01267
V851	0.33356	0.52637	0.14007	0
V852	0.102	0.06709	0.15633	0.67458
V853	0.25107	0.22424	0.40944	0.11525
V854	0.59629	0.17591	0.1053	0.1225
V855	0.02162	0.05047	0.10788	0.82004
V856	0.05884	0.34554	0.36279	0.23283
V857	0.66785	0.1849	0.03867	0.10858
V858	0.53494	0.04256	0.41262	0.00988
V859	0.65018	0.24397	0.02381	0.08205
V860	0.17835	0.12453	0.08063	0.61649
V861	0.10317	0.35218	0.53086	0.01379
V862	0.13693	0.09438	0.7208	0.04789
V863	0.18637	0.08807	0.0378	0.68775
V864	0.06851	0.06507	0.09107	0.77536
V865	0.10877	0.02861	0.28557	0.57705
V866	0.69793	0.04821	0.24135	0.01251
V867	0.69357	0.05863	0.24079	0.00701
V868	0.51843	0.28166	0.13136	0.06855
V869	0.05487	0.92597	0.01861	0.00055
V870	0.11018	0.33437	0.04282	0.51263
V871	0.03392	0.92288	0.01645	0.02675
V872	0.01885	0.04412	0.27131	0.66572
V873	0.85055	0.06433	0.05637	0.02874
V874	0.20793	0.75403	0.03804	0
V875	0.02736	0.19122	0.21957	0.56185
V876	0.16945	0.32603	0.41848	0.08604
V877	0.0599	0.39128	0.30653	0.24229
V878	0.15095	0.78111	0.06795	0
V879	0.20304	0.68702	0.04413	0.0658
V880	0.31275	0.54754	0.01058	0.12913
V881	0.14387	0.05331	0.61528	0.18754
V882	0.77647	0.02989	0.12684	0.06681
V883	0.28312	0.21272	0.49918	0.00497
V884	0.0346	0.28447	0.03509	0.64583
V885	0.67014	0.23871	0.09104	0.00012
V886	0.03021	0.35706	0.47634	0.13638
V887	0.63103	0.07802	0.15916	0.13179
V888	0.10233	0.05875	0.74731	0.09161
V889	0.86528	0.08675	0.03154	0.01644
V890	0.04311	0.14259	0.63482	0.17949
V891	0.61566	0.0677	0.2779	0.03874
V892	0.27003	0.18909	0.03525	0.50562
V893	0.57987	0.22043	0.14793	0.05177
V894	0.08036	0.30612	0.57744	0.03607
V895	0.58929	0.07773	0.19919	0.13379
V896	0.06716	0.90627	0.01454	0.01203
V897	0.67312	0.26555	0.01223	0.0491
V898	0.43022	0.03102	0.03512	0.50364
V899	0.03676	0.19204	0.16263	0.60857
V900	0.08884	0.28889	0.37671	0.24556
V901	0.06125	0.81921	0.01285	0.10669
V902	0.07611	0.87375	0.05014	0
V903	0.02546	0.41357	0.51809	0.04288
V904	0.05863	0.92634	0.01306	0.00197
V905	0.14046	0.02471	0.2009	0.63393
V906	0.39116	0.10096	0.11896	0.38891
V907	0.42859	0.50868	0.0221	0.04063
V908	0.02237	0.08001	0.11243	0.78519
V909	0.14872	0.79015	0.00583	0.05531
V910	0.15155	0.02691	0.14839	0.67315
V911	0.51362	0.39261	0.03646	0.0573
V912	0.39776	0.32726	0.12763	0.14735
V913	0.11942	0.04071	0.05783	0.78204
V914	0.1935	0.49321	0.28345	0.02983
V915	0.20745	0.03638	0.04964	0.70652
V916	0.24638	0.06831	0.6392	0.0461
V917	0.70124	0.05047	0.16354	0.08475
V918	0.0654	0.63013	0.22445	0.08002
V919	0.20386	0.23293	0.30785	0.25537
V920	0.61357	0.20688	0.09473	0.08482
V921	0.03947	0.17539	0.06717	0.71798
V922	0.11498	0.46234	0.38295	0.03973
V923	0.08047	0.05089	0.08573	0.7829
V924	0.05757	0.66477	0.25604	0.02162
V925	0.16587	0.06242	0.05339	0.71832
V926	0.18441	0.05125	0.06606	0.69828
V927	0.03302	0.07284	0.09771	0.79642
V928	0.07253	0.86811	0.01204	0.04731
V929	0.07576	0.63984	0.12831	0.15609
V930	0.50771	0.37203	0.03683	0.08343
V931	0.14419	0.27106	0.51574	0.06901
V932	0.04164	0.1136	0.62321	0.22155
V933	0.57399	0.39911	0.01956	0.00733
V934	0.01776	0.15246	0.28967	0.54011
V935	0.56009	0.17137	0.2071	0.06143
V936	0.52166	0.27488	0.02572	0.17774
V937	0.53764	0.13687	0.09252	0.23297
V938	0.36932	0.05834	0.31666	0.25567
V939	0.73321	0.04405	0.07972	0.14302
V940	0.05126	0.78316	0.13904	0.02653
V941	0.0264	0.05916	0.88235	0.03209
V942	0.71166	0.20414	0.0696	0.0146
V943	0.3947	0.13588	0.41991	0.04951
V944	0.03023	0.26431	0.09065	0.61482
V945	0.55285	0.35735	0.01623	0.07358
V946	0.45619	0.26584	0.24797	0.03001
V947	0.08039	0.0637	0.24879	0.60712
V948	0.33173	0.04922	0.59521	0.02383
V949	0.01117	0.12245	0.2236	0.64277
V950	0.07376	0.53136	0.2124	0.18247
V951	0.78363	0.05612	0.15382	0.00643
V952	0.07251	0.13046	0.28029	0.51674
V953	0.03337	0.07237	0.85529	0.03896
V954	0.04565	0.18203	0.16265	0.60967
V955	0.13772	0.59276	0.03518	0.23434
V956	0.03991	0.03966	0.5249	0.39553
V957	0.30539	0.04873	0.0346	0.61129
V958	0.06973	0.05323	0.05603	0.82101
V959	0.23796	0.25919	0.43544	0.06741
V960	0.23604	0.27087	0.09324	0.39986
V961	0.14845	0.38268	0.35464	0.11424
V962	0.36493	0.17357	0.3954	0.0661
V963	0.59355	0.17935	0.15816	0.06895
V964	0.80882	0.06044	0.10168	0.02907
V965	0.07315	0.49472	0.19477	0.23736
V966	0.89373	0.07026	0.02387	0.01213
V967	0.05859	0.05244	0.54199	0.34698
V968	0.01484	0.15474	0.76367	0.06675
V969	0.02287	0.28611	0.06788	0.62314
V970	0.04201	0.11999	0.44068	0.39732
V971	0.49833	0.09678	0.33197	0.07293
V972	0.50422	0.20482	0.05839	0.23257
V973	0.2775	0.41774	0.0842	0.22056
V974	0.03248	0.77769	0.12259	0.06724
V975	0.11421	0.29072	0.58547	0.0096
V976	0.44359	0.24926	0.1196	0.18755
V977	0.32268	0.35848	0.31423	0.00461
V978	0.0656	0.10742	0.09937	0.72761
V979	0.7598	0.05471	0.17885	0.00664
V980	0.89715	0.06928	0.02386	0.00971
V981	0.32974	0.04447	0.44257	0.18323
V982	0.4468	0.3992	0.07749	0.07652
V983	0.67554	0.08172	0.01848	0.22426
V984	0.04389	0.82676	0.10331	0.02604
V985	0.07768	0.20206	0.04187	0.6784
V986	0.33057	0.52288	0.0525	0.09406
V987	0.24641	0.73456	0.00709	0.01194
V988	0.1957	0.04703	0.0533	0.70396
V989	0.44009	0.47081	0.07658	0.01252
V990	0.01294	0.06478	0.78253	0.13976
V991	0.61018	0.37141	0.01005	0.00836
V992	0.19576	0.02474	0.53197	0.24752
V993	0.08767	0.71827	0.1595	0.03456
V994	0.19832	0.76508	0.03153	0.00507
V995	0.72124	0.12264	0.04	0.11612
V996	0.25392	0.13484	0.03987	0.57136
V997	0.02829	0.03567	0.81495	0.12109
V998	0.83863	0.04808	0.07077	0.04252
V999	0.14256	0.84578	0.01113	0.00053
V1000	0.28527	0.05594	0.03478	0.62401
