B_cells	NK_cells	T_cells_CD4.	Monocytes
V1	0.57892	0	0.20627	0.21481
V2	0.23694	0.1017	0.06934	0.59202
V3	0.11312	0.61346	0.03163	0.24179
V4	0.85997	0.11477	0.00351	0.02175
V5	0.15706	0.44463	0.29699	0.10132
V6	0.14043	0.79145	0.06811	0
V7	0.20201	0.36248	0.10558	0.32992
V8	0.18758	0.00112	0.80507	0.00623
V9	0.30487	0.24739	0.04232	0.40542
V10	0.08843	0.0067	0.87916	0.02571
V11	0.23991	0.31291	0.44717	0
V12	0.07768	0.51999	0.40233	0
V13	0.31222	0.65086	0.03691	0
V14	0.1322	0.82176	0.04604	0
V15	0.17081	0.56218	0.16326	0.10376
V16	0.85607	0.04511	0.06066	0.03816
V17	0.15076	0.79724	0.052	0
V18	0.58729	0.32212	0.07908	0.01151
V19	0.21172	0.74837	0.03991	0
V20	0.2205	0.46293	0.03209	0.28448
V21	0.18367	0.06316	0.75131	0.00186
V22	0.07744	0.10498	0.25247	0.56511
V23	0.39359	0.03892	0.56749	0
V24	0.87945	0.03108	0.08947	0
V25	0.3874	0.23414	0.15435	0.22411
V26	0.43705	0.37438	0.03446	0.15411
V27	0.20754	0.07793	0.02254	0.692
V28	0.04228	0.06406	0.89367	0
V29	0.45373	0.02627	0.51776	0.00225
V30	0.15485	0.2187	0.31381	0.31264
V31	0.2523	0.18943	0.33006	0.22821
V32	0.1941	0.03406	0.06464	0.70719
V33	0.09557	0.46119	0.39741	0.04583
V34	0.18411	0.04339	0.76877	0.00372
V35	0.21152	0.65546	0.13302	0
V36	0.06506	0.04725	0.52115	0.36653
V37	0.57523	0.06097	0.12942	0.23438
V38	0.47692	0	0.20386	0.31922
V39	0.21437	0.52816	0.17131	0.08617
V40	0.14601	0.7272	0.12679	0
V41	0.05192	0.65775	0.08978	0.20055
V42	0.29407	0.02129	0.25161	0.43304
V43	0.17651	0.30763	0.51587	0
V44	0.06922	0.08402	0.74229	0.10447
V45	0.14937	0.54222	0.26714	0.04127
V46	0.76686	0.06296	0.17019	0
V47	0.46431	0.17643	0.34918	0.01008
V48	0.80014	0.15691	0.03065	0.01229
V49	0.75298	0.1819	0	0.06512
V50	0.12164	0.73801	0.14035	0
V51	0.3416	0.36195	0.29646	0
V52	0.08615	0.11558	0.79215	0.00612
V53	0.70755	0.10245	0.19	0
V54	0.43478	0.17378	0.39144	0
V55	0.27107	0.12846	0.27824	0.32223
V56	0.14803	0.01188	0.14276	0.69733
V57	0.15694	0.77649	0.06657	0
V58	0.67011	0	0.07231	0.25758
V59	0.4618	0.37947	0.14664	0.01209
V60	0.18913	0.15438	0.36469	0.2918
V61	0.79956	0.0983	0.03046	0.07168
V62	0.83262	0.03404	0.12372	0.00962
V63	0.0717	0.74605	0.18225	0
V64	0.07102	0.83492	0.00732	0.08674
V65	0.10149	0	0.16578	0.73273
V66	0.26628	0.65045	0.05228	0.03098
V67	0.19239	0.29179	0.51581	0
V68	0.24513	0.16453	0.02161	0.56874
V69	0.07939	0.29061	0.62434	0.00566
V70	0.55248	0.14254	0.21854	0.08644
V71	0.22298	0.07013	0.416	0.29088
V72	0.59162	0.15098	0.12639	0.13101
V73	0.20204	0.56863	0.18623	0.0431
V74	0.10354	0.1972	0.69926	0
V75	0.70002	0	0.23233	0.06765
V76	0.03416	0.19243	0.23297	0.54044
V77	0.10575	0.31619	0.0041	0.57396
V78	0.35984	0.11356	0.22201	0.30459
V79	0.05919	0.10669	0.78739	0.04673
V80	0.38197	0.01724	0.55529	0.04551
V81	0.11023	0.14932	0.74045	0
V82	0.04024	0.0852	0.87456	0
V83	0.21065	0.19007	0.09698	0.5023
V84	0.448	0.03671	0.20065	0.31464
V85	0.15718	0.29985	0.43433	0.10863
V86	0.10975	0.06165	0.81219	0.0164
V87	0.09286	0.76282	0.11227	0.03205
V88	0.23359	0.05781	0.31336	0.39524
V89	0.09929	0.01887	0.25782	0.62402
V90	0.0891	0.79081	0.12009	0
V91	0.08827	0.66861	0.24312	0
V92	0.47894	0.01503	0.41541	0.09062
V93	0.88942	0.01937	0	0.0912
V94	0.07317	0.45773	0.04637	0.42272
V95	0.30148	0.40769	0.19453	0.09629
V96	0.17152	0.1285	0.03036	0.66962
V97	0.66405	0.09065	0.24531	0
V98	0.71591	0.28409	0	0
V99	0.76588	0.03831	0.1958	0
V100	0.13981	0.03728	0.82072	0.00219
V101	0.12786	0.09048	0	0.78166
V102	0.88384	0.06113	0.03282	0.02221
V103	0.08079	0.06614	0.14732	0.70575
V104	0.10214	0.84895	0.04892	0
V105	0.12261	0.81759	0.0598	0
V106	0.16826	0.46822	0.36351	0
V107	0.23127	0.19123	0.57223	0.00527
V108	0.19123	0.66877	0.14	0
V109	0.06355	0.1637	0.61516	0.1576
V110	0.12005	0.78435	0.0956	0
V111	0.86366	0	0.13203	0.00431
V112	0.18886	0.06361	0.46757	0.27996
V113	0.25744	0.10971	0.21748	0.41537
V114	0.32512	0.04423	0.1165	0.51414
V115	0.05765	0.66813	0.27422	0
V116	0.19004	0.29764	0.40263	0.10969
V117	0.67964	0.2352	0.0678	0.01736
V118	0.21695	0.56214	0.05996	0.16095
V119	0.20901	0.09432	0.07475	0.62191
V120	0.13579	0.07693	0.78727	0
V121	0.61179	0.12118	0.12724	0.13979
V122	0.88399	0.01028	0.07078	0.03495
V123	0.05355	0.51888	0.0809	0.34667
V124	0.68639	0.27954	0	0.03407
V125	0.41157	0.37521	0.21322	0
V126	0.11515	0.17338	0.07379	0.63768
V127	0.2356	0.04655	0.30376	0.41408
V128	0.12682	0.01633	0.1674	0.68945
V129	0.58077	0.21412	0.20511	0
V130	0.05657	0.57909	0.36433	0
V131	0.08859	0.85745	0.01112	0.04284
V132	0.87195	0.00158	0.08925	0.03722
V133	0.8546	0.01597	0.112	0.01742
V134	0.16381	0.39316	0.16198	0.28106
V135	0.16623	0.01882	0.23263	0.58233
V136	0.30409	0.40272	0.01954	0.27364
V137	0.64452	0.02807	0.28553	0.04188
V138	0.25929	0.38453	0.21613	0.14005
V139	0.39139	0.19967	0.23172	0.17722
V140	0.11253	0.11793	0.08803	0.68151
V141	0.11804	0.15941	0.56354	0.15901
V142	0.75977	0	0.24023	0
V143	0.47149	0.2579	0.0891	0.1815
V144	0.23287	0.16335	0.20601	0.39777
V145	0.02316	0.69352	0.28332	0
V146	0.18059	0.01527	0.08187	0.72226
V147	0.86234	0.02681	0.06362	0.04723
V148	0.18321	0.07858	0.59608	0.14212
V149	0.2924	0.45465	0.25295	0
V150	0.14014	0.23275	0.59551	0.0316
V151	0.25854	0.59582	0.06511	0.08052
V152	0.27596	0.41237	0.2616	0.05007
V153	0.16614	0.7115	0.05193	0.07043
V154	0.2797	0.4116	0.3087	0
V155	0.48706	0.13698	0.31852	0.05745
V156	0.0855	0.14634	0.69381	0.07435
V157	0.34461	0.15319	0.34523	0.15696
V158	0.1383	0	0.10865	0.75305
V159	0.87387	0.07478	0	0.05135
V160	0.7091	0	0.10159	0.1893
V161	0.30823	0	0.06609	0.62568
V162	0.12618	0.31793	0.1112	0.44469
V163	0.14793	0.4752	0.21049	0.16638
V164	0.38573	0.30376	0.13044	0.18008
V165	0.07571	0.29501	0	0.62927
V166	0.073	0.1289	0.11342	0.68467
V167	0.42911	0	0.03006	0.54083
V168	0.32891	0.5294	0.12244	0.01925
V169	0.28139	0.0654	0.06174	0.59148
V170	0.16665	0.0264	0.55751	0.24944
V171	0.18082	0.22951	0.58967	0
V172	0.69542	0	0.30458	0
V173	0.10127	0.17573	0.06581	0.65719
V174	0.07794	0.19188	0.11176	0.61842
V175	0.12724	0.01551	0.78284	0.07441
V176	0.05995	0.71829	0.22175	0
V177	0.08186	0.90624	0.0041	0.00781
V178	0.06425	0.73967	0.04479	0.1513
V179	0.22705	0.00954	0.4266	0.33681
V180	0.08456	0.78104	0.1344	0
V181	0.21244	0.13391	0.55307	0.10057
V182	0.33275	0.17482	0.47699	0.01543
V183	0.2265	0.7292	0.04429	0
V184	0.90861	0	0.09139	0
V185	0.57992	0.3712	0.04888	0
V186	0.16889	0.45039	0.30591	0.07481
V187	0.88034	0.00971	0.09706	0.01289
V188	0.12963	0.26064	0	0.60973
V189	0.80903	0.01575	0.05352	0.1217
V190	0.64002	0.00991	0.35007	0
V191	0.23032	0.19935	0.57033	0
V192	0.34966	0.4495	0.07501	0.12583
V193	0.60873	0.02481	0.27711	0.08935
V194	0.10705	0.8464	0.0412	0.00535
V195	0.08921	0.05352	0.85727	0
V196	0.08984	0.12367	0.02482	0.76167
V197	0.4817	0.04753	0.04441	0.42636
V198	0.11906	0.46443	0.40548	0.01104
V199	0.24623	0.02329	0.22573	0.50475
V200	0.18471	0.55985	0.03887	0.21657
V201	0.14692	0.52366	0.23524	0.09418
V202	0.0794	0.03929	0.77101	0.1103
V203	0.20483	0.38408	0.41109	0
V204	0.06665	0.54258	0.02944	0.36133
V205	0.08761	0.07797	0.83442	0
V206	0.10579	0.10313	0.79108	0
V207	0.212	0.21382	0.06824	0.50594
V208	0.28053	0.0691	0.65037	0
V209	0.34794	0.44862	0.09568	0.10777
V210	0.14347	0.6959	0.14711	0.01351
V211	0.48958	0.00595	0.06422	0.44025
V212	0.50887	0.04038	0.45075	0
V213	0.65373	0.02012	0.15165	0.17449
V214	0.37842	0.16348	0.19894	0.25916
V215	0.37169	0.11196	0.02098	0.49537
V216	0.17102	0	0.08512	0.74386
V217	0.09167	0.47485	0.27869	0.15478
V218	0.14818	0.44011	0.20774	0.20396
V219	0.16271	0.62545	0.03391	0.17793
V220	0.06556	0.78648	0.04939	0.09858
V221	0.81074	0.00182	0.03737	0.15007
V222	0.35063	0.13335	0.39406	0.12196
V223	0.05869	0.14931	0.75431	0.03769
V224	0.90042	0	0.09958	0
V225	0.11606	0.76858	0.11536	0
V226	0.3292	0.08334	0.58746	0
V227	0.76002	0	0.23758	0.0024
V228	0.75704	0.06083	0.10716	0.07497
V229	0.09167	0.04536	0.85208	0.01089
V230	0.11125	0.06637	0.07597	0.74642
V231	0.0656	0.30394	0.1456	0.48486
V232	0.10539	0.66078	0	0.23383
V233	0.5734	0.0844	0.23818	0.10402
V234	0.10291	0.80762	0.08948	0
V235	0.3964	0.0639	0.5397	0
V236	0.10585	0.08578	0.76948	0.03889
V237	0.264	0	0.07174	0.66426
V238	0.18057	0.50766	0.30838	0.00339
V239	0.12822	0.42139	0.03167	0.41872
V240	0.49668	0.03888	0.44683	0.01761
V241	0.0861	0.01874	0.85944	0.03572
V242	0.17777	0.67865	0.14358	0
V243	0.28048	0.04959	0.63296	0.03696
V244	0.25383	0	0.70014	0.04603
V245	0.60886	0.27717	0.08418	0.02978
V246	0.11274	0.15318	0.73408	0
V247	0.20104	0.03344	0.76552	0
V248	0.11928	0.06062	0.102	0.7181
V249	0.03246	0.0696	0.85993	0.03801
V250	0.73916	0	0.26084	0
V251	0.89372	0.0562	0.04145	0.00863
V252	0.06031	0.73819	0.2015	0
V253	0.41594	0.06855	0.2009	0.31461
V254	0.06933	0.81437	0.1163	0
V255	0.11536	0.86718	0	0.01746
V256	0.22122	0.209	0.52904	0.04074
V257	0.45257	0.09914	0.27058	0.17772
V258	0.22226	0.25525	0.44758	0.0749
V259	0.09096	0.27986	0.62918	0
V260	0.02812	0.26973	0.70215	0
V261	0.62249	0.02163	0.24088	0.115
V262	0.20459	0.08831	0.02121	0.68589
V263	0.09058	0.8949	0.00436	0.01017
V264	0.22145	0.0397	0.46733	0.27151
V265	0.12414	0	0.19651	0.67935
V266	0.65054	0.30784	0.04162	0
V267	0.02694	0.19991	0.33802	0.43514
V268	0.44293	0.01249	0.18318	0.36141
V269	0.05575	0.51233	0.4277	0.00422
V270	0.6391	0.01694	0.28625	0.05771
V271	0.78673	0.063	0.06575	0.08452
V272	0.11504	0.77627	0.04563	0.06305
V273	0.17053	0.03708	0.0857	0.7067
V274	0.69479	0	0.22231	0.0829
V275	0.04401	0.0615	0.88735	0.00714
V276	0.53458	0.32497	0.02784	0.11261
V277	0.09124	0.22705	0.20319	0.47852
V278	0.10421	0.06949	0.34062	0.48567
V279	0.6868	0.05024	0.15328	0.10968
V280	0.1383	0	0.10865	0.75305
V281	0.57349	0.0209	0.17995	0.22565
V282	0.11701	0.08538	0.77176	0.02586
V283	0.25928	0.54952	0.0933	0.0979
V284	0.08934	0.79072	0.11994	0
V285	0.12744	0.01662	0.85594	0
V286	0.28911	0.50952	0.14856	0.05281
V287	0.1601	0.78812	0.05178	0
V288	0.0626	0.27942	0.4621	0.19588
V289	0.31388	0.2121	0.44161	0.03241
V290	0.81046	0.13751	0.05203	0
V291	0.48616	0.06528	0.44856	0
V292	0.91921	0.01561	0	0.06518
V293	0.32688	0.02372	0.6427	0.0067
V294	0.15075	0.39005	0	0.4592
V295	0.07076	0.19629	0.23715	0.4958
V296	0.22176	0.12569	0.60909	0.04347
V297	0.1851	0	0.12797	0.68693
V298	0.31988	0.10038	0.57973	0
V299	0.13678	0.30439	0.01381	0.54503
V300	0.04185	0.04738	0.294	0.61677
V301	0.17263	0.12009	0.64032	0.06696
V302	0.67708	0.32206	0.00086	0
V303	0.03169	0.54911	0.41919	0
V304	0.1148	0.04208	0.73822	0.1049
V305	0.17181	0.16529	0.4841	0.1788
V306	0.78115	0.08841	0.0914	0.03904
V307	0.08861	0.84059	0.07079	0
V308	0.27081	0.22645	0.32891	0.17383
V309	0.38328	0.31756	0.03532	0.26384
V310	0.1316	0.32533	0.18699	0.35608
V311	0.53321	0.42803	0.03877	0
V312	0.14948	0.6588	0.19172	0
V313	0.03514	0.15651	0.04615	0.76219
V314	0.06051	0.48294	0.14643	0.31012
V315	0.17268	0.60367	0.06403	0.15962
V316	0.33931	0.13406	0.41421	0.11241
V317	0.14143	0.66204	0.08437	0.11216
V318	0.09545	0.55649	0.03053	0.31752
V319	0.11874	0.07941	0.79437	0.00748
V320	0.13076	0.1503	0.64494	0.07399
V321	0.64159	0.31697	0.04143	0
V322	0.25105	0.3306	0.08787	0.33048
V323	0.15357	0.02787	0.14326	0.67529
V324	0.65592	0.23492	0.10916	0
V325	0.33426	0.571	0.09475	0
V326	0.02193	0.5688	0.13477	0.27449
V327	0.07865	0.17016	0.14619	0.605
V328	0.10555	0.04323	0.73852	0.1127
V329	0.23683	0.12089	0.20851	0.43377
V330	0.42121	0.00436	0.37219	0.20225
V331	0.40678	0.09297	0.06358	0.43668
V332	0.07113	0.06667	0.23746	0.62474
V333	0.438	0.07202	0.41774	0.07224
V334	0.39048	0.00594	0.39325	0.21033
V335	0.07429	0.3218	0.53188	0.07203
V336	0.22633	0.6596	0.05049	0.06357
V337	0.31066	0.36327	0.32607	0
V338	0.03019	0.88875	0.07668	0.00438
V339	0.1746	0.00188	0.82351	0
V340	0.10402	0.22705	0.54419	0.12474
V341	0.11324	0.05599	0.1203	0.71047
V342	0.28541	0	0.62832	0.08627
V343	0.89433	0.03539	0.04813	0.02215
V344	0.65421	0.13073	0.21506	0
V345	0.09009	0.05214	0.85777	0
V346	0.27877	0.11797	0.3195	0.28376
V347	0.13613	0.01163	0.18393	0.66832
V348	0.10408	0.61238	0.18938	0.09416
V349	0.36625	0.16166	0.41074	0.06134
V350	0.07697	0.70602	0.21701	0
V351	0.08198	0.04418	0.43999	0.43385
V352	0.10944	0.03526	0.81517	0.04014
V353	0.8378	0.01996	0.07989	0.06235
V354	0.09835	0.62862	0.27303	0
V355	0.30865	0.07797	0.48391	0.12946
V356	0.1257	0.03114	0.15562	0.68754
V357	0.15911	0.3246	0.31546	0.20083
V358	0.57022	0.10286	0.07338	0.25353
V359	0.60326	0.05104	0.05693	0.28877
V360	0.55709	0.3863	0.05661	0
V361	0.02735	0.40984	0.56281	0
V362	0.0291	0.87986	0.09104	0
V363	0.21525	0.12312	0.49108	0.17055
V364	0.20207	0.07371	0.67222	0.05199
V365	0.34857	0.02766	0.02707	0.5967
V366	0.12923	0.64088	0.12658	0.10331
V367	0.60379	0.14296	0.00678	0.24648
V368	0.14213	0.67304	0.13191	0.05292
V369	0.06908	0.35595	0.57497	0
V370	0.31895	0.2531	0.42795	0
V371	0.23545	0.67008	0.0636	0.03088
V372	0.23922	0.06111	0.16213	0.53754
V373	0.13199	0.14804	0.49728	0.22268
V374	0.74507	0.00513	0.24979	0
V375	0.12406	0.05153	0.19431	0.6301
V376	0.1223	0.04597	0.15174	0.67999
V377	0.78685	0	0.04501	0.16814
V378	0.06722	0.04585	0.45209	0.43484
V379	0.39389	0.20865	0.01183	0.38563
V380	0.21738	0.0813	0.24158	0.45975
V381	0.72934	0	0.13592	0.13474
V382	0.13662	0.0489	0.81449	0
V383	0.80802	0	0.09355	0.09843
V384	0.56866	0.07358	0.16752	0.19024
V385	0.81431	0.00509	0.12841	0.0522
V386	0.36218	0.00504	0.18982	0.44295
V387	0.57613	0.14159	0.22917	0.05311
V388	0.39803	0.31641	0.17749	0.10807
V389	0.44542	0.48488	0.03823	0.03147
V390	0.30867	0.22931	0.46202	0
V391	0.47268	0.11117	0.02234	0.39381
V392	0.44149	0.21714	0.19761	0.14375
V393	0.3076	0.22184	0.37648	0.09408
V394	0.1551	0.24248	0.14423	0.4582
V395	0.25926	0.37302	0.2378	0.12992
V396	0.07227	0.86264	0.05507	0.01003
V397	0.74527	0.0791	0.1503	0.02533
V398	0.47594	0.13928	0.12395	0.26083
V399	0.23455	0.51203	0.19348	0.05994
V400	0.02772	0.58489	0.10545	0.28194
V401	0.0871	0.16438	0.71203	0.03649
V402	0.7766	0.14998	0.07341	0
V403	0.11535	0.03914	0.13406	0.71145
V404	0.13968	0.19665	0.61455	0.04913
V405	0.28672	0.03162	0.21236	0.4693
V406	0.6458	0.24108	0.03781	0.07531
V407	0.03019	0.88875	0.07668	0.00438
V408	0.13693	0.24458	0.42932	0.18917
V409	0.04598	0.05772	0.10806	0.78824
V410	0.14871	0.77319	0.07809	0
V411	0.50539	0.00898	0	0.48563
V412	0.20571	0.08394	0.52234	0.18801
V413	0.1032	0.47254	0.22116	0.2031
V414	0.08237	0.47473	0.36995	0.07295
V415	0.46923	0.02687	0.27287	0.23104
V416	0.07187	0.08882	0.83931	0
V417	0.40576	0.55368	0.04057	0
V418	0.14513	0.12062	0.18427	0.54998
V419	0.12685	0	0.11885	0.75431
V420	0.02163	0.84859	0.07108	0.0587
V421	0.2026	0.05278	0.67651	0.06811
V422	0.15475	0.10753	0.00634	0.73138
V423	0.13981	0.03728	0.82072	0.00219
V424	0.02871	0.07232	0.658	0.24097
V425	0.10585	0.23598	0.60119	0.05697
V426	0.146	0.06353	0.75835	0.03212
V427	0.11595	0.39312	0.23155	0.25938
V428	0.14419	0.70754	0.10208	0.04619
V429	0.11967	0	0.12775	0.75258
V430	0.7402	0.16238	0.03954	0.05788
V431	0.23096	0.0301	0.48609	0.25285
V432	0.19534	0.11556	0.0737	0.61539
V433	0.11481	0.72585	0	0.15934
V434	0.39591	0.08389	0.07535	0.44484
V435	0.54204	0	0.16044	0.29752
V436	0.43478	0.00246	0.15635	0.40642
V437	0.2978	0.24833	0.0011	0.45278
V438	0.62224	0.16162	0.04895	0.16719
V439	0.12062	0.14427	0.00554	0.72957
V440	0.52896	0.03451	0.05805	0.37847
V441	0.11951	0.14031	0.60794	0.13223
V442	0.35001	0.33343	0.16513	0.15142
V443	0.73448	0	0.13225	0.13327
V444	0.09009	0.05214	0.85777	0
V445	0.59702	0.01702	0.37796	0.008
V446	0.09224	0.75763	0.11052	0.0396
V447	0.6152	0.09161	0.22012	0.07307
V448	0.0824	0.08495	0.24356	0.58909
V449	0.55648	0.03858	0.3362	0.06874
V450	0.18626	0.75572	0.05801	0
V451	0.89759	0.06538	0.00054	0.03649
V452	0.13667	0.0167	0.13747	0.70916
V453	0.77261	0.07006	0.11117	0.04616
V454	0.03332	0.84306	0.12362	0
V455	0.58794	0.0306	0.34372	0.03774
V456	0.34966	0.12403	0.41362	0.11269
V457	0.03805	0.09267	0.06382	0.80546
V458	0.32931	0.24547	9e-04	0.42433
V459	0.06364	0.73239	0.15038	0.05358
V460	0.8744	0.00488	0.09237	0.02835
V461	0.18119	0.07083	0.01367	0.73432
V462	0.39927	0.25473	0	0.34599
V463	0.28878	0.44415	0.19796	0.06912
V464	0.55259	0.10536	0.00386	0.33819
V465	0.43288	0.41034	0.04693	0.10985
V466	0.60611	0.19017	0.011	0.19273
V467	0.34886	0.52511	0.12381	0.00222
V468	0.51316	0.37582	0.08653	0.02449
V469	0.06692	0.19469	0.3306	0.4078
V470	0.54623	0.1234	0.21848	0.11189
V471	0.3371	0.12301	0.04539	0.49449
V472	0.37401	0.33554	0	0.29045
V473	0.14476	0.48727	0.36797	0
V474	0.21298	0	0.15319	0.63383
V475	0.23396	0.39903	0.10354	0.26348
V476	0.25655	0.0146	0.09915	0.6297
V477	0.59565	0.03319	0.24886	0.12229
V478	0.18445	0.57815	0.02077	0.21663
V479	0.0686	0.10589	0.77896	0.04656
V480	0.14129	0.32873	0.06505	0.46493
V481	0.19033	0.03423	0.77544	0
V482	0.67288	0.15479	0.15688	0.01545
V483	0.20724	0.12947	0.10422	0.55907
V484	0.10756	0.11153	0.05492	0.72599
V485	0.17617	0.69636	0.03998	0.08749
V486	0.31315	0.26912	0.15728	0.26045
V487	0.16736	0.06169	0.13126	0.63969
V488	0.04377	0.02503	0.86918	0.06202
V489	0.24242	0.10713	0.65045	0
V490	0.3796	0.31688	0.08668	0.21684
V491	0.46574	0.4378	0.0649	0.03156
V492	0.08131	0.73245	0.18624	0
V493	0.18853	0	0	0.81147
V494	0.23204	0.16097	0.53142	0.07556
V495	0.2591	0.557	0.1839	0
V496	0.32145	0.65199	0.01079	0.01577
V497	0.09501	0.01221	0.88901	0.00377
V498	0.37418	0.11667	0.07168	0.43746
V499	0.59738	0.24061	0.16201	0
V500	0.15461	0.13418	0.70662	0.00459
V501	0.05851	0	0.14832	0.79317
V502	0.54356	0.26095	0.19548	0
V503	0.25522	0.10978	0.23858	0.39642
V504	0.27729	0.64847	0.04298	0.03126
V505	0.24304	0.22116	0.28864	0.24716
V506	0.13531	0.25374	0.47596	0.13499
V507	0.60885	0.1013	0.15903	0.13082
V508	0.73127	0.16055	0.0763	0.03187
V509	0.26667	0.07159	0.52522	0.13652
V510	0.25149	0.45556	0.29294	0
V511	0.10299	0.42885	0.07201	0.39615
V512	0.31378	0.05703	0.11489	0.51429
V513	0.12906	0.58667	0.26021	0.02406
V514	0.09537	0.12022	0	0.78442
V515	0.74972	0.06066	0.08462	0.105
V516	0.8981	0.09653	0.00156	0.00381
V517	0.11311	0.03872	0.30037	0.5478
V518	0.92513	0.05902	0	0.01585
V519	0.08486	0.81366	0.03889	0.0626
V520	0.09197	0	0.6531	0.25493
V521	0.55073	0.04652	0.39808	0.00467
V522	0.05397	0.14333	0.60018	0.20253
V523	0.38053	0.13224	0.29314	0.19408
V524	0.05656	0.69756	0.24588	0
V525	0.31828	0.22542	0.0324	0.42389
V526	0.6445	0.07948	0.11007	0.16595
V527	0.25552	0.02787	0.43506	0.28156
V528	0.16146	0.8046	0.01326	0.02069
V529	0.13055	0.07871	0.26749	0.52325
V530	0.05608	0.21087	0.67583	0.05723
V531	0.07242	0.76002	0.16756	0
V532	0.23174	0.3446	0.03428	0.38938
V533	0.31894	0.34639	0.16553	0.16914
V534	0.07018	0.03891	0.71386	0.17705
V535	0.58821	0	0.03745	0.37435
V536	0.2484	0	0.41475	0.33685
V537	0.57286	0.23613	0.19101	0
V538	0.49358	0.05263	0.12012	0.33367
V539	0.30148	0.40769	0.19453	0.09629
V540	0.24451	0.63288	0.11966	0.00295
V541	0.06357	0.50941	0.09908	0.32795
V542	0.2483	0.14071	0.28893	0.32206
V543	0.85145	0	0.05407	0.09448
V544	0.17535	0.10617	0.21297	0.50552
V545	0.40992	0.15413	0.09106	0.34489
V546	0.10602	0.76853	0.12546	0
V547	0.0865	0.56562	0.34789	0
V548	0.19461	0.6729	0.13248	0
V549	0.3384	0.04194	0.61966	0
V550	0.63165	0.02698	0	0.34137
V551	0.22521	0.67736	0.07544	0.02199
V552	0.02552	0.54501	0.03886	0.39061
V553	0.2552	0.14953	0.59527	0
V554	0.15024	0.1216	0.04033	0.68783
V555	0.13955	0.23764	0.36801	0.25479
V556	0.03384	0.06454	0.88155	0.02007
V557	0.8085	0.02676	0.03467	0.13007
V558	0.12286	0.7321	0.06733	0.07772
V559	0.05932	0.70655	0.23412	0
V560	0.6948	0.29575	0.00945	0
V561	0.04401	0.0615	0.88735	0.00714
V562	0.75424	0	0.1648	0.08096
V563	0.27061	0.00938	0.72001	0
V564	0.11714	0.09538	0.78747	0
V565	0.16918	0.26212	0.40619	0.16251
V566	0.71119	0.09915	0.01173	0.17793
V567	0.26752	0.44599	0.04108	0.2454
V568	0.3234	0	0.09279	0.58382
V569	0.71369	0.02534	0	0.26097
V570	0.07716	0.28239	0.61804	0.02241
V571	0.8155	0.12707	0	0.05743
V572	0.45448	0.01124	0.4701	0.06419
V573	0.14253	0.20734	0.00166	0.64847
V574	0.08815	0.69009	0.22176	0
V575	0.08369	0.10993	0.17345	0.63294
V576	0.1998	0.71694	0.08327	0
V577	0.11346	0.05954	0.2606	0.5664
V578	0.11225	0.08746	0.67835	0.12194
V579	0.06036	0.78149	0.15815	0
V580	0.23919	0.00074	0.16259	0.59747
V581	0.17071	0.11495	0	0.71434
V582	0.59746	0.15362	0.04721	0.20171
V583	0.05807	0.06925	0.61829	0.25439
V584	0.51166	0.15576	0.3292	0.00338
V585	0.07587	0.02733	0.48679	0.41002
V586	0.27117	0.02339	0.65217	0.05327
V587	0.29657	0.0263	0.67713	0
V588	0.64888	0.04165	0.0477	0.26178
V589	0.1139	0.73573	0.11955	0.03082
V590	0.09512	0.66932	0.23556	0
V591	0.04286	0.0572	0.2651	0.63484
V592	0.19256	0.04849	0.75895	0
V593	0.59186	0	0.2218	0.18635
V594	0.35617	0.27483	0.36661	0.0024
V595	0.13937	0.05922	0.067	0.73441
V596	0.08425	0.29671	0.26531	0.35372
V597	0.02337	0.548	0.38956	0.03906
V598	0.07616	0.13133	0.79251	0
V599	0.623	0.29976	0.0711	0.00613
V600	0.38796	0.45096	0.0788	0.08227
V601	0.2202	0.29037	0.10446	0.38497
V602	0.14833	0.07132	0.03126	0.74909
V603	0.06457	0.38978	0.03537	0.51028
V604	0.50691	0.11933	0.37376	0
V605	0.11171	0.32435	0.42886	0.13509
V606	0.72295	0.15457	0.02612	0.09635
V607	0.65652	0	0.15226	0.19122
V608	0.25792	0.16856	0.41036	0.16316
V609	0.07591	0.256	0.277	0.39108
V610	0.74684	0.01095	0.13771	0.1045
V611	0.36184	0	0.08925	0.54891
V612	0.0805	0.11409	0.7731	0.03231
V613	0.09109	0.3149	0.594	0
V614	0.74347	0.06109	0.08354	0.1119
V615	0.23565	0.08506	0.00106	0.67823
V616	0.13045	0.66377	0.08499	0.12079
V617	0.46154	0.14889	0.38956	0
V618	0.75151	0.00759	0	0.2409
V619	0.41231	0.0299	0.35493	0.20286
V620	0.05657	0.57909	0.36433	0
V621	0.44595	0.15923	0.20716	0.18767
V622	0.36884	0.21477	0.41639	0
V623	0.08382	0.09847	0.19422	0.62349
V624	0.79683	0.19205	0.00093	0.0102
V625	0.3029	0.46855	0.13103	0.09753
V626	0.91621	0.0485	0	0.0353
V627	0.04158	0.05074	0.14974	0.75793
V628	0.03653	0.25867	0.04044	0.66436
V629	0.17244	0.29389	0.31437	0.2193
V630	0.09033	0.31694	0.58852	0.00422
V631	0.07328	0.22002	0.14315	0.56355
V632	0.59924	0	0.17053	0.23023
V633	0.03259	0.06508	0.82605	0.07629
V634	0.39852	0.24214	0.35934	0
V635	0.08436	0.73011	0.03115	0.15438
V636	0.1727	0.11969	0.63286	0.07475
V637	0.35272	0.20887	0.11191	0.3265
V638	0.4128	0.26456	0.08769	0.23495
V639	0.28786	0.37827	0.33387	0
V640	0.0901	0.16462	0.73102	0.01426
V641	0.83741	0.04128	0.06593	0.05538
V642	0.76595	0.17355	0	0.0605
V643	0.05319	0.20227	0.48438	0.26017
V644	0.87097	0.08102	0.03264	0.01537
V645	0.28693	0.37018	0.34289	0
V646	0.08327	0.85426	0.06247	0
V647	0.19204	0.10364	0.68355	0.02077
V648	0.42728	0.39696	0.17577	0
V649	0.08452	0.08885	0.79919	0.02744
V650	0.11456	0.11093	0.74378	0.03072
V651	0.32742	0.00847	0.66412	0
V652	0.14646	0.10508	0.46919	0.27927
V653	0.17181	0.612	0.14722	0.06897
V654	0.6805	0.19165	0.09291	0.03495
V655	0.09325	0.56247	0.04802	0.29625
V656	0.27177	0.29075	0.01093	0.42654
V657	0.11271	0.12319	0.01227	0.75183
V658	0.60118	0.20878	0.08346	0.10658
V659	0.35399	0.09446	0.39533	0.15621
V660	0.10001	0.87783	0.01305	0.00912
V661	0.11256	0.42877	0.08131	0.37736
V662	0.42492	0.0205	0.49127	0.06331
V663	0.27307	0.08467	0.57342	0.06884
V664	0.24014	0.08247	0.66493	0.01246
V665	0.68043	0.1847	0.06537	0.06951
V666	0.60316	0	0.13272	0.26412
V667	0.73099	0.06038	0.20863	0
V668	0.16371	0.70322	0.13307	0
V669	0.26579	0.38493	0.29071	0.05858
V670	0.14586	0.84389	0.009	0.00124
V671	0.37866	0.27434	0.29518	0.05182
V672	0.08692	0.05699	0.84127	0.01482
V673	0.2683	0.35095	0.26855	0.1122
V674	0.71492	0.14636	0.03475	0.10397
V675	0.18059	0.31955	0.35484	0.14502
V676	0.09479	0.13955	0.14836	0.61731
V677	0.40831	0.38239	0.12758	0.08172
V678	0.52232	0.42784	0.04984	0
V679	0.09729	0.28901	0.6137	0
V680	0.33228	0.4904	0.17731	0
V681	0.85471	0.07095	0.0392	0.03514
V682	0.15941	0.28467	0.55592	0
V683	0.07998	0.84034	0.07968	0
V684	0.67537	0.15357	0.13646	0.03461
V685	0.50184	0.32262	0.16271	0.01284
V686	0.15442	0.20097	0.18822	0.45639
V687	0.14839	0.03464	0.08056	0.7364
V688	0.41468	0.49361	0	0.09171
V689	0.33256	0	0.07804	0.5894
V690	0.47088	0.04771	0.44963	0.03179
V691	0.19902	0.00822	0.79275	0
V692	0.13305	0.15197	0.68715	0.02783
V693	0.27241	0.11811	0.40054	0.20894
V694	0.0713	0.04425	0.34445	0.54
V695	0.31102	0	0.20281	0.48617
V696	0.17659	0.12272	0.0164	0.68428
V697	0.09509	0.11025	0.02748	0.76718
V698	0.8092	0	0.04832	0.14247
V699	0.56636	0.27428	0.09757	0.06178
V700	0.32415	0.03422	0.00655	0.63508
V701	0.16016	0.50655	0.14732	0.18598
V702	0.58224	0.08179	0.01568	0.32029
V703	0.18593	0.06527	0.51593	0.23286
V704	0.79784	0.04502	0.0575	0.09963
V705	0.88971	0	0.06461	0.04568
V706	0.13583	0.07177	0.7468	0.0456
V707	0.09097	0.39641	0.51262	0
V708	0.09496	0.79756	0.06656	0.04092
V709	0.17972	0.25762	0.53169	0.03097
V710	0.60375	0.2094	0.07141	0.11544
V711	0.14428	0.70657	0.14915	0
V712	0.80994	0.05672	0.01745	0.11589
V713	0.46245	0.29779	0.04905	0.19072
V714	0.05719	0.64534	0.06076	0.23672
V715	0.32656	0.31378	0.33788	0.02179
V716	0.13313	0.06901	0.09254	0.70532
V717	0.14526	0.84332	0.01142	0
V718	0.19191	0.51635	0.22412	0.06762
V719	0.10944	0.66802	0.07586	0.14669
V720	0.67826	0	0.2708	0.05093
V721	0.17098	0.17487	0.49305	0.1611
V722	0.15413	0.36197	0.01499	0.4689
V723	0.20967	0.11873	0	0.67159
V724	0.59743	0.01991	0.1217	0.26096
V725	0.03845	0.12074	0.83037	0.01045
V726	0.08542	0.39104	0.15528	0.36826
V727	0.29425	0.57376	0.13198	0
V728	0.0839	0.76324	0.15287	0
V729	0.45176	0.00365	0.20171	0.34289
V730	0.83917	0.03226	0.09424	0.03433
V731	0.07404	0.21146	0.43332	0.28118
V732	0.37551	0.08323	0.38419	0.15706
V733	0.64286	0.18702	0.05304	0.11708
V734	0.25949	0.27603	0.46448	0
V735	0.07969	0.04603	0.51827	0.35601
V736	0.25609	0.01097	0.0264	0.70654
V737	0.35153	0.27751	0.27474	0.09622
V738	0.12409	0.31977	0.47376	0.08238
V739	0.02508	0.03935	0.64815	0.28743
V740	0.7987	0.08169	0.11961	0
V741	0.5036	0.10625	0.15683	0.23332
V742	0.41932	0.52814	0.05254	0
V743	0.17941	0.14671	0.67388	0
V744	0.51767	0.04056	0.36606	0.07571
V745	0.06222	0.63702	0.23415	0.06661
V746	0.95351	0	0	0.04649
V747	0.11782	0.00245	0.73119	0.14855
V748	0.17208	0.11821	0.59333	0.11638
V749	0.33874	0.19288	0.06509	0.40329
V750	0.44041	0.43581	0.04088	0.0829
V751	0.10634	0.77728	0.09036	0.02602
V752	0.47215	0.22456	0.16722	0.13607
V753	0.15028	0.07242	0	0.7773
V754	0.0734	0.8795	0.00988	0.03722
V755	0.19611	0.20272	0.37434	0.22683
V756	0.13071	0.02353	0.11721	0.72855
V757	0.36694	0.52896	0.1041	0
V758	0.09746	0.68917	0.17655	0.03682
V759	0.18024	0.07311	0.43838	0.30826
V760	0.33457	0.06293	0.31822	0.28429
V761	0.11561	0.52529	0.32008	0.03901
V762	0.02663	0.40896	0.04172	0.52269
V763	0.41976	0.35037	0.03986	0.19001
V764	0.06778	0.84416	0.05342	0.03464
V765	0.69315	0.08643	0	0.22042
V766	0.06285	0.31663	0.46989	0.15063
V767	0.48471	0.12676	0.2796	0.10893
V768	0.12309	0.80723	0.06968	0
V769	0.19156	0.73392	0.07452	0
V770	0.08327	0.85426	0.06247	0
V771	0.20797	0.03304	0.75899	0
V772	0.17794	0.0625	0.75956	0
V773	0.21172	0.74837	0.03991	0
V774	0.09229	0.00847	0.88198	0.01727
V775	0.18091	0.05182	0.32624	0.44102
V776	0.45025	0.39698	0.07815	0.07461
V777	0.23854	0.13273	0.17598	0.45275
V778	0.54234	0.26876	0.09348	0.09542
V779	0.21726	0.05374	0.52284	0.20615
V780	0.15281	0.66971	0.17747	0
V781	0.15857	0.06076	0.06769	0.71297
V782	0.05942	0.14114	0.76813	0.03132
V783	0.77	0.01209	0.08957	0.12834
V784	0.16363	0.77876	0.05762	0
V785	0.10598	0.83334	0.05649	0.0042
V786	0.69229	0.15331	0.12707	0.02734
V787	0.0244	0.75337	0.22224	0
V788	0.50944	0.28348	0.19466	0.01242
V789	0.12913	0.38104	0.04258	0.44725
V790	0.49604	0.02228	0.11251	0.36918
V791	0.17891	0.35583	0.3639	0.10135
V792	0.18601	0.53268	0.01703	0.26428
V793	0.17335	0.62007	0.06535	0.14123
V794	0.10404	0.10292	0.75448	0.03856
V795	0.20257	0.06199	0.09579	0.63965
V796	0.08938	0.10803	0.80259	0
V797	0.72731	0	0.272	0.00069
V798	0.60952	0.2723	0.11818	0
V799	0.18625	0.71064	0.06357	0.03953
V800	0.12838	0.04022	0.5473	0.2841
V801	0.19065	0.13416	0.36474	0.31045
V802	0.0998	0.10132	0.31965	0.47924
V803	0.24841	0.4527	0.29889	0
V804	0.52108	0.01544	0.42179	0.04169
V805	0.09822	0.00589	0.89589	0
V806	0.11213	0.81994	0.05237	0.01556
V807	0.32231	0.1755	0.04174	0.46045
V808	0.65237	0.25457	0.07789	0.01517
V809	0.10166	0.06236	0.83598	0
V810	0.08987	0.90204	0.00695	0.00114
V811	0.44953	0.07795	0.24037	0.23215
V812	0.55584	0.25958	0.07119	0.11339
V813	0.57993	0.18729	0.23278	0
V814	0.44469	0.47126	0.08406	0
V815	0.03322	0.82009	0.14669	0
V816	0.87556	0	0.12444	0
V817	0.09113	0.09919	0.80967	0
V818	0.04304	0.09824	0.09412	0.7646
V819	0.7878	0.08047	0.09178	0.03995
V820	0.22116	0.1303	0.02425	0.62429
V821	0.25306	0.29946	0.41751	0.02997
V822	0.13052	0.05046	0.81673	0.00229
V823	0.07473	0.20056	0.67425	0.05046
V824	0.12799	0.3339	0.53811	0
V825	0.25976	0.28604	0.28891	0.16529
V826	0.43882	0.37117	0.19001	0
V827	0.40944	0.5456	0.04496	0
V828	0.27936	0.18233	0.13908	0.39923
V829	0.1017	0.27195	0.05802	0.56833
V830	0.28497	0.2497	0.03167	0.43366
V831	0.75446	0.08962	0.05753	0.09839
V832	0.30194	0.37938	0.2049	0.11379
V833	0.1927	0.4749	0.22051	0.11189
V834	0.35183	0.08574	0.10979	0.45265
V835	0.38309	0.41727	0.15458	0.04506
V836	0.06506	0.6526	0.03784	0.24451
V837	0.26	0.36501	0.22687	0.14813
V838	0.86747	0.04882	0.08372	0
V839	0.32416	0.53662	0.13922	0
V840	0.31815	0.63422	0.04763	0
V841	0.04002	0.07819	0.85056	0.03123
V842	0.37749	0.17056	0.29379	0.15817
V843	0.08119	0.05356	0.82517	0.04008
V844	0.16963	0.10373	0.4177	0.30895
V845	0.12362	0.12679	0.7197	0.02989
V846	0.02673	0.04652	0.77815	0.14859
V847	0.05098	0	0.13948	0.80954
V848	0.13615	0.48578	0.21157	0.1665
V849	0.02134	0.89062	0.06539	0.02266
V850	0.89041	0	0.074	0.03558
V851	0.35097	0.46652	0.18251	0
V852	0.18699	0.06625	0.17584	0.57092
V853	0.27412	0.22392	0.42628	0.07567
V854	0.58755	0.16921	0.13786	0.10537
V855	0.05098	0	0.13948	0.80954
V856	0.09276	0.34615	0.39048	0.17062
V857	0.66815	0.17621	0.05355	0.1021
V858	0.53604	0.01407	0.44989	0
V859	0.65497	0.23145	0.03771	0.07586
V860	0.2609	0.13742	0.07437	0.52731
V861	0.13319	0.32165	0.54516	0
V862	0.1828	0.10539	0.69842	0.01339
V863	0.28894	0.07815	0	0.63291
V864	0.168	0.0576	0.09625	0.67815
V865	0.18694	0.00789	0.31893	0.48625
V866	0.69234	0.01513	0.29254	0
V867	0.68676	0.02432	0.28892	0
V868	0.5128	0.26599	0.17129	0.04992
V869	0.09462	0.85258	0.0528	0
V870	0.16379	0.36067	0.02627	0.44927
V871	0.02134	0.89062	0.06539	0.02266
V872	0.07882	0.03378	0.30405	0.58336
V873	0.8291	0.02968	0.10092	0.0403
V874	0.23065	0.69642	0.07293	0
V875	0.06933	0.21705	0.24612	0.46749
V876	0.19999	0.3127	0.43964	0.04767
V877	0.09224	0.38727	0.34015	0.18034
V878	0.17408	0.71173	0.11419	0
V879	0.23624	0.63699	0.07964	0.04712
V880	0.3461	0.52115	0.02467	0.10808
V881	0.19333	0.05935	0.61353	0.13379
V882	0.76391	0	0.17072	0.06537
V883	0.29446	0.18486	0.52068	0
V884	0.08451	0.30402	0	0.61147
V885	0.68634	0.1897	0.12396	0
V886	0.06369	0.35194	0.4952	0.08916
V887	0.62344	0.06286	0.1989	0.11481
V888	0.15479	0.06921	0.72379	0.05222
V889	0.85713	0.05467	0.05963	0.02856
V890	0.08455	0.16274	0.62919	0.12352
V891	0.60438	0.04976	0.3234	0.02246
V892	0.34291	0.20399	0.01015	0.44294
V893	0.56655	0.20691	0.19189	0.03465
V894	0.11899	0.29596	0.58505	0
V895	0.58383	0.06495	0.23814	0.11309
V896	0.10705	0.8464	0.0412	0.00535
V897	0.68653	0.24568	0.02406	0.04372
V898	0.51426	0	0.03013	0.45561
V899	0.08254	0.21834	0.18355	0.51557
V900	0.12422	0.29546	0.40011	0.18021
V901	0.09317	0.78511	0.03593	0.0858
V902	0.10851	0.78375	0.10773	0
V903	0.0573	0.39227	0.54663	0.00379
V904	0.09969	0.90031	0	0
V905	0.2284	0	0.22498	0.54662
V906	0.43859	0.09939	0.13774	0.32428
V907	0.4544	0.47428	0.04798	0.02334
V908	0.07993	0.07979	0.12729	0.71298
V909	0.18908	0.75727	0.01232	0.04133
V910	0.24585	0	0.16625	0.5879
V911	0.52672	0.36888	0.06199	0.04241
V912	0.41063	0.31738	0.15436	0.11762
V913	0.23365	0	0.03345	0.7329
V914	0.22103	0.44646	0.33251	0
V915	0.31232	0	0.03076	0.65693
V916	0.27903	0.0708	0.63774	0.01244
V917	0.68854	0.02232	0.21148	0.07767
V918	0.09357	0.5768	0.28044	0.04919
V919	0.23885	0.23903	0.33076	0.19135
V920	0.60169	0.19617	0.12993	0.07221
V921	0.10017	0.19489	0.05164	0.6533
V922	0.14815	0.42614	0.42382	0.0019
V923	0.18718	0.02942	0.09265	0.69075
V924	0.08873	0.59628	0.315	0
V925	0.27303	0.04923	0.02421	0.65352
V926	0.2871	0.02855	0.05972	0.62463
V927	0.1104	0.07005	0.10761	0.71194
V928	0.10907	0.81783	0.03823	0.03488
V929	0.10374	0.59886	0.1768	0.1206
V930	0.52057	0.35372	0.05798	0.06772
V931	0.17984	0.26685	0.52299	0.03031
V932	0.08657	0.13357	0.62214	0.15772
V933	0.59574	0.35785	0.04641	0
V934	0.05696	0.1753	0.32126	0.44648
V935	0.54606	0.16241	0.24879	0.04275
V936	0.54077	0.27045	0.03219	0.15659
V937	0.55218	0.13415	0.11442	0.19925
V938	0.40229	0.04911	0.34558	0.20301
V939	0.73789	0.01025	0.11669	0.13517
V940	0.07918	0.70739	0.20906	0.00437
V941	0.05014	0.02217	0.91709	0.01059
V942	0.71063	0.17996	0.10941	0
V943	0.40256	0.13348	0.4451	0.01885
V944	0.06849	0.29494	0.09355	0.54302
V945	0.56806	0.33812	0.03231	0.06151
V946	0.45622	0.24872	0.29505	0
V947	0.15237	0.06646	0.27621	0.50496
V948	0.35162	0.04145	0.60693	0
V949	0.02931	0.1421	0.25854	0.57005
V950	0.10132	0.50459	0.25598	0.13811
V951	0.78058	0.0132	0.20623	0
V952	0.12828	0.14989	0.30603	0.4158
V953	0.08021	0.08381	0.82377	0.01221
V954	0.09443	0.20693	0.18352	0.51512
V955	0.17354	0.57907	0.04996	0.19742
V956	0.09899	0.04478	0.54639	0.30984
V957	0.40989	0.01613	0	0.57398
V958	0.18853	0	0	0.81147
V959	0.26239	0.25235	0.45431	0.03096
V960	0.2858	0.28689	0.09819	0.32912
V961	0.17857	0.36346	0.38382	0.07415
V962	0.37484	0.17129	0.4194	0.03447
V963	0.57684	0.16879	0.20114	0.05323
V964	0.78767	0.02721	0.15291	0.03221
V965	0.10292	0.48014	0.23285	0.18409
V966	0.89261	0.03151	0.04037	0.03551
V967	0.11646	0.06242	0.55613	0.26499
V968	0.03044	0.17047	0.76698	0.03211
V969	0.05953	0.31398	0.06471	0.56179
V970	0.0877	0.14072	0.46351	0.30807
V971	0.49491	0.09004	0.36604	0.04901
V972	0.52496	0.20627	0.06866	0.20011
V973	0.30987	0.40823	0.10272	0.17918
V974	0.05399	0.71274	0.18891	0.04436
V975	0.14219	0.26623	0.59158	0
V976	0.45527	0.2463	0.14481	0.15361
V977	0.33021	0.31635	0.35344	0
V978	0.14886	0.11851	0.10237	0.63027
V979	0.75612	0.01404	0.22984	0
V980	0.95351	0	0	0.04649
V981	0.36232	0.03661	0.46221	0.13886
V982	0.45756	0.37569	0.11036	0.05639
V983	0.7167	0.06067	0.0104	0.21223
V984	0.06923	0.74869	0.1741	0.00798
V985	0.15035	0.22418	0.00158	0.62389
V986	0.35573	0.49071	0.08125	0.07232
V987	0.28565	0.69734	0.01701	0
V988	0.30251	0.01841	0.03494	0.64413
V989	0.45403	0.42755	0.11841	0
V990	0.03165	0.08004	0.79697	0.09134
V991	0.65867	0.34133	0	0
V992	0.2478	0.01608	0.54821	0.18791
V993	0.11939	0.64658	0.22419	0.00984
V994	0.22848	0.69843	0.07309	0
V995	0.72417	0.10772	0.05548	0.11263
V996	0.33918	0.14522	0.0096	0.506
V997	0.08045	0.04148	0.80559	0.07248
V998	0.82158	0.00519	0.11961	0.05362
V999	0.17883	0.81649	0.00468	0
V1000	0.3917	0.02426	0	0.58404
