cytotoxic.CD56.dim.NK.cell	memory.CD4.pos.AB.T.cell	memory.B.cell	CD14.pos.CD16.neg.classical.monocyte
V1	0.58168	0.0091	0.16774	0.24148
V2	0.1573	0.07992	0.05643	0.70636
V3	0.05214	0.65278	0.01319	0.28189
V4	0.86887	0.11431	0	0.01681
V5	0.10818	0.4858	0.26121	0.14481
V6	0.07172	0.89202	0.01874	0.01751
V7	0.14934	0.36513	0.08517	0.40036
V8	0.12811	0.03346	0.81197	0.02646
V9	0.25107	0.23024	0.03867	0.48003
V10	0.01922	0.03942	0.89867	0.04269
V11	0.21181	0.35085	0.43233	0.00501
V12	0.02355	0.59737	0.36778	0.0113
V13	0.26498	0.71321	0.00463	0.01718
V14	0.06574	0.92251	0.00648	0.00527
V15	0.11789	0.62343	0.11774	0.14094
V16	0.91718	0.04375	0.01624	0.02284
V17	0.08174	0.88894	0.0118	0.01752
V18	0.58968	0.34143	0.03847	0.03043
V19	0.15542	0.82851	0.00517	0.0109
V20	0.16993	0.47638	0.02026	0.33343
V21	0.12882	0.05709	0.78768	0.02641
V22	0.01696	0.08232	0.22944	0.67128
V23	0.38822	0.045	0.56138	0.0054
V24	0.92795	0.04181	0.03008	0.00017
V25	0.36856	0.22316	0.13046	0.27782
V26	0.41168	0.38882	0.01742	0.18207
V27	0.10574	0.05289	0.02756	0.8138
V28	0.00377	0.08534	0.90894	0.00195
V29	0.45015	0.03003	0.49532	0.02449
V30	0.10019	0.20014	0.30139	0.39828
V31	0.21225	0.17417	0.31777	0.29581
V32	0.08565	0.02682	0.04119	0.84634
V33	0.04136	0.50569	0.36742	0.08553
V34	0.12822	0.04353	0.80183	0.02642
V35	0.15817	0.74252	0.07501	0.0243
V36	0.00738	0.03362	0.52017	0.43883
V37	0.58211	0.05783	0.09372	0.26635
V38	0.45259	0.00519	0.17708	0.36515
V39	0.16543	0.58576	0.12718	0.12164
V40	0.09578	0.83231	0.07181	1e-04
V41	0.00613	0.70827	0.04441	0.24119
V42	0.23623	0.02244	0.22542	0.51591
V43	0.13017	0.33038	0.51376	0.02568
V44	0.01448	0.0644	0.77469	0.14643
V45	0.09435	0.61006	0.21999	0.07561
V46	0.81016	0.07198	0.11328	0.00458
V47	0.47194	0.17236	0.31592	0.03979
V48	0.81208	0.1675	0.0039	0.01652
V49	0.75401	0.17957	0	0.06643
V50	0.06318	0.85486	0.07717	0.00479
V51	0.32047	0.39895	0.25597	0.02461
V52	0.02538	0.10509	0.84255	0.02699
V53	0.73565	0.12149	0.14271	0.00015
V54	0.44038	0.1773	0.36511	0.01721
V55	0.22662	0.11053	0.25982	0.40304
V56	0.04841	0.01506	0.10474	0.83179
V57	0.09254	0.87738	0.01919	0.01088
V58	0.67499	0.00811	0.04073	0.27616
V59	0.45164	0.40822	0.10112	0.03902
V60	0.13656	0.13305	0.35715	0.37324
V61	0.8302	0.0947	0.00921	0.0659
V62	0.88973	0.03818	0.06184	0.01025
V63	0.01463	0.85544	0.11235	0.01758
V64	0.00758	0.88133	0.00086	0.11024
V65	0.01749	0.00801	0.12634	0.84815
V66	0.21417	0.71402	0.01717	0.05464
V67	0.15386	0.32047	0.51437	0.0113
V68	0.16809	0.13973	0.02729	0.66489
V69	0.02317	0.29816	0.63696	0.04171
V70	0.58058	0.13336	0.17875	0.10732
V71	0.17088	0.05658	0.40886	0.36368
V72	0.61489	0.14123	0.09203	0.15185
V73	0.15134	0.63917	0.13497	0.07452
V74	0.05825	0.221	0.7197	0.00105
V75	0.73186	0.0089	0.18481	0.07443
V76	0.00072	0.1668	0.20366	0.62882
V77	0.03863	0.30647	0.01246	0.64243
V78	0.33024	0.09803	0.19788	0.37385
V79	0.00738	0.08946	0.82811	0.07504
V80	0.36009	0.02223	0.54585	0.07183
V81	0.05627	0.15704	0.78056	0.00613
V82	0.00231	0.08557	0.90398	0.00814
V83	0.14212	0.16945	0.08104	0.60739
V84	0.42556	0.03537	0.16988	0.36919
V85	0.10916	0.30457	0.42991	0.15635
V86	0.04533	0.05482	0.86535	0.03451
V87	0.03104	0.86452	0.04958	0.05485
V88	0.1746	0.04697	0.2961	0.48234
V89	0.02029	0.01467	0.23624	0.7288
V90	0.02412	0.91366	0.05116	0.01105
V91	0.03167	0.76269	0.18096	0.02469
V92	0.47606	0.02147	0.38792	0.11455
V93	0.90148	0.02042	0	0.0781
V94	0.01538	0.47413	0.02454	0.48596
V95	0.2689	0.44012	0.15805	0.13293
V96	0.07699	0.09949	0.03423	0.7893
V97	0.6999	0.09849	0.19703	0.00458
V98	0.69102	0.2984	0	0.01058
V99	0.80764	0.04857	0.13914	0.00465
V100	0.07677	0.04345	0.85977	0.02
V101	0.03109	0.05972	0.01272	0.89647
V102	0.92776	0.05711	0.00446	0.01067
V103	0.01182	0.0483	0.11482	0.82506
V104	0.02757	0.95973	0.0072	0.0055
V105	0.05486	0.92627	0.01365	0.00521
V106	0.11782	0.523	0.32625	0.03293
V107	0.18929	0.1838	0.5855	0.04141
V108	0.14856	0.76321	0.08811	0.00012
V109	0.01396	0.14071	0.63414	0.21119
V110	0.05181	0.89661	0.03409	0.01749
V111	0.91665	0.01409	0.06428	0.00498
V112	0.13312	0.04957	0.46773	0.34959
V113	0.20227	0.09179	0.19445	0.51149
V114	0.26553	0.03895	0.08938	0.60614
V115	0.00733	0.76949	0.21805	0.00513
V116	0.14582	0.30365	0.39395	0.15658
V117	0.69613	0.24354	0.03022	0.03011
V118	0.16538	0.60434	0.03416	0.19611
V119	0.12308	0.07257	0.05897	0.74538
V120	0.07721	0.07262	0.83732	0.01285
V121	0.63678	0.1122	0.09152	0.1595
V122	0.95788	0.01981	0.01147	0.01084
V123	0.00654	0.54259	0.048	0.40286
V124	0.67148	0.28415	0	0.04437
V125	0.40024	0.41427	0.1685	0.01698
V126	0.04045	0.14976	0.06021	0.74958
V127	0.17487	0.0387	0.28469	0.50174
V128	0.03563	0.01513	0.1354	0.81383
V129	0.60493	0.21757	0.1539	0.02361
V130	0.00721	0.66824	0.31929	0.00526
V131	0.02402	0.91375	0.00068	0.06155
V132	0.94217	0.01686	0.02429	0.01668
V133	0.9185	0.02428	0.04682	0.01039
V134	0.11134	0.40319	0.13595	0.34951
V135	0.08405	0.01827	0.20683	0.69084
V136	0.25579	0.41194	0.01256	0.31972
V137	0.6757	0.03342	0.23817	0.05271
V138	0.22199	0.40875	0.18392	0.18534
V139	0.38124	0.1902	0.20414	0.22442
V140	0.03265	0.09186	0.06571	0.80978
V141	0.06339	0.13862	0.58291	0.21508
V142	0.78737	0.02004	0.19224	0.00034
V143	0.46343	0.25209	0.06809	0.21638
V144	0.17816	0.14253	0.18374	0.49558
V145	0.00098	0.77655	0.21721	0.00526
V146	0.0672	0.018	0.0462	0.8686
V147	0.92684	0.02759	0.01625	0.02932
V148	0.13029	0.06395	0.61671	0.18904
V149	0.26625	0.5191	0.20995	0.0047
V150	0.08453	0.22777	0.61988	0.06783
V151	0.20868	0.65047	0.03266	0.10819
V152	0.2415	0.45271	0.22085	0.08493
V153	0.10271	0.78238	0.01793	0.09699
V154	0.24776	0.45904	0.26836	0.02484
V155	0.50339	0.12818	0.28672	0.0817
V156	0.03231	0.12593	0.72986	0.1119
V157	0.32469	0.14086	0.33068	0.20377
V158	0.03117	0.0055	0.05649	0.90684
V159	0.89676	0.06697	0	0.03627
V160	0.72629	0.00938	0.06286	0.20147
V161	0.23353	0.0104	0.0403	0.71576
V162	0.06763	0.31084	0.08956	0.53196
V163	0.09697	0.51235	0.17406	0.21662
V164	0.36459	0.30454	0.10872	0.22215
V165	0.01072	0.29276	0.00697	0.68955
V166	0.01022	0.10415	0.08699	0.79864
V167	0.38474	0.00424	0.01275	0.59827
V168	0.29127	0.58595	0.07518	0.0476
V169	0.20661	0.05073	0.04645	0.69621
V170	0.10838	0.02361	0.56048	0.30753
V171	0.13007	0.23002	0.6062	0.03371
V172	0.72058	0.01704	0.25743	0.00494
V173	0.03009	0.15282	0.05194	0.76516
V174	0.0181	0.17122	0.08908	0.7216
V175	0.06296	0.02895	0.80071	0.10738
V176	0.00742	0.82785	0.15964	0.00509
V177	0.01055	0.97664	0.00074	0.01207
V178	0.00646	0.80221	0.00678	0.18455
V179	0.16868	0.01443	0.41363	0.40325
V180	0.02842	0.89763	0.07381	0.00014
V181	0.16773	0.1175	0.57219	0.14257
V182	0.31211	0.16821	0.47034	0.04934
V183	0.17808	0.81146	0.00553	0.00493
V184	0.96429	0.02202	0.01336	0.00033
V185	0.57089	0.4138	0.01073	0.00459
V186	0.11966	0.49564	0.27025	0.11445
V187	0.94777	0.02092	0.02624	0.00508
V188	0.062	0.25199	0.00633	0.67969
V189	0.84172	0.02263	0.01606	0.1196
V190	0.66438	0.02352	0.30713	0.00498
V191	0.18932	0.19535	0.58195	0.03337
V192	0.31505	0.47736	0.04984	0.15775
V193	0.63173	0.03162	0.23328	0.10336
V194	0.03415	0.94206	0.00596	0.01783
V195	0.01427	0.05885	0.91857	0.00832
V196	0.01639	0.0927	0.02451	0.8664
V197	0.44658	0.04418	0.02962	0.47962
V198	0.0624	0.51458	0.37332	0.0497
V199	0.17727	0.02355	0.19746	0.60172
V200	0.12994	0.5947	0.01936	0.256
V201	0.09552	0.57978	0.19177	0.13292
V202	0.01577	0.0335	0.79874	0.15199
V203	0.16448	0.43124	0.38648	0.01779
V204	0.00705	0.57232	0.00922	0.4114
V205	0.01931	0.07292	0.89397	0.0138
V206	0.04785	0.10436	0.84116	0.00664
V207	0.14155	0.19277	0.06153	0.60415
V208	0.25371	0.06961	0.66502	0.01165
V209	0.31503	0.47814	0.0675	0.13933
V210	0.08133	0.7945	0.0846	0.03958
V211	0.45536	0.01457	0.03878	0.4913
V212	0.52017	0.04248	0.4202	0.01715
V213	0.67372	0.02829	0.1078	0.19018
V214	0.35695	0.14804	0.1735	0.32152
V215	0.31632	0.09205	0.02427	0.56735
V216	0.05388	0.00431	0.04611	0.8957
V217	0.04157	0.51172	0.24074	0.20597
V218	0.09789	0.4642	0.17641	0.2615
V219	0.10545	0.67057	0.01215	0.21182
V220	0.00647	0.85892	0.0061	0.1285
V221	0.83453	0.01143	0.00471	0.14933
V222	0.33419	0.12163	0.38305	0.16113
V223	0.00699	0.13309	0.79315	0.06677
V224	0.95315	0.02071	0.02585	0.00029
V225	0.05346	0.88963	0.05199	0.00493
V226	0.31279	0.08319	0.59271	0.01131
V227	0.79455	0.01309	0.18196	0.01039
V228	0.8046	0.06043	0.06057	0.07439
V229	0.02007	0.05032	0.90862	0.02099
V230	0.0217	0.04306	0.04337	0.89187
V231	0.01536	0.28833	0.12265	0.57365
V232	0.04293	0.69012	0.00195	0.265
V233	0.60053	0.0778	0.19791	0.12377
V234	0.03377	0.9277	0.02743	0.01111
V235	0.38506	0.06063	0.52944	0.02487
V236	0.04296	0.07008	0.82056	0.0664
V237	0.17575	0.01173	0.04371	0.76882
V238	0.12906	0.56953	0.26052	0.04089
V239	0.06695	0.42653	0.02355	0.48297
V240	0.50384	0.03939	0.41785	0.03892
V241	0.01827	0.03681	0.88706	0.05786
V242	0.12513	0.77989	0.08436	0.01062
V243	0.24384	0.04497	0.64632	0.06488
V244	0.20597	0.0242	0.6976	0.07224
V245	0.6204	0.28803	0.04608	0.04549
V246	0.05437	0.14878	0.77758	0.01927
V247	0.1674	0.04981	0.78157	0.00122
V248	0.02782	0.04154	0.06646	0.86418
V249	0.00153	0.05858	0.88177	0.05812
V250	0.77022	0.0155	0.20943	0.00486
V251	0.93665	0.05314	0.00507	0.00513
V252	0.01037	0.8468	0.1426	0.00024
V253	0.39138	0.06043	0.17212	0.37607
V254	0.00843	0.94049	0.04584	0.00525
V255	0.04281	0.92501	0.00056	0.03162
V256	0.17933	0.20241	0.54154	0.07672
V257	0.45184	0.08794	0.24292	0.2173
V258	0.18211	0.25503	0.4475	0.11536
V259	0.03278	0.28787	0.64553	0.03382
V260	0.00151	0.29025	0.70196	0.00629
V261	0.64741	0.02987	0.19371	0.12902
V262	0.10485	0.06137	0.02699	0.80679
V263	0.01751	0.96369	6e-04	0.01819
V264	0.16855	0.03369	0.46296	0.3348
V265	0.03539	0.00737	0.16706	0.79019
V266	0.63781	0.35582	0.00628	9e-05
V267	0.00056	0.17143	0.31388	0.51413
V268	0.41112	0.02087	0.15027	0.41774
V269	0.00623	0.56688	0.38604	0.04084
V270	0.66717	0.02572	0.23865	0.06846
V271	0.82854	0.06032	0.02945	0.08169
V272	0.05073	0.85056	0.0115	0.08721
V273	0.0635	0.02824	0.05318	0.85508
V274	0.72529	0.00818	0.1759	0.09063
V275	0.00257	0.06449	0.92402	0.00891
V276	0.52655	0.33273	0.00982	0.1309
V277	0.03494	0.20566	0.17829	0.58112
V278	0.03542	0.05235	0.32673	0.5855
V279	0.7242	0.05148	0.10565	0.11867
V280	0.03117	0.0055	0.05649	0.90684
V281	0.57743	0.02733	0.1406	0.25465
V282	0.05333	0.07185	0.82497	0.04985
V283	0.21225	0.60011	0.05884	0.1288
V284	0.0253	0.91674	0.0529	0.00506
V285	0.07655	0.0489	0.87296	0.00159
V286	0.24897	0.56293	0.10498	0.08312
V287	0.09214	0.87869	0.01169	0.01749
V288	0.01388	0.26876	0.45818	0.25918
V289	0.29071	0.2085	0.43366	0.06713
V290	0.81464	0.17245	0.01278	0.00012
V291	0.49836	0.06812	0.4228	0.01072
V292	0.94014	0.0172	0	0.04266
V293	0.29574	0.02852	0.64323	0.03252
V294	0.09101	0.39035	0.0041	0.51454
V295	0.01573	0.17376	0.21314	0.59737
V296	0.17672	0.11277	0.63504	0.07546
V297	0.08245	0.00492	0.09261	0.82002
V298	0.30194	0.10019	0.58658	0.01129
V299	0.07017	0.2922	0.01872	0.61891
V300	0.00113	0.03695	0.26613	0.69579
V301	0.11808	0.1035	0.67571	0.10271
V302	0.64969	0.33969	0	0.01062
V303	0.00056	0.60636	0.36775	0.02533
V304	0.05227	0.03419	0.76839	0.14515
V305	0.12147	0.14611	0.49397	0.23844
V306	0.83101	0.08761	0.04484	0.03655
V307	0.0166	0.95831	0.01363	0.01146
V308	0.23801	0.21799	0.31452	0.22948
V309	0.3486	0.31428	0.02667	0.31045
V310	0.07732	0.31991	0.16097	0.44179
V311	0.51462	0.47597	0.00476	0.00465
V312	0.09299	0.75824	0.13132	0.01745
V313	0.00095	0.13089	0.03209	0.83607
V314	0.01419	0.49838	0.11527	0.37216
V315	0.11728	0.65321	0.03443	0.19507
V316	0.32019	0.12234	0.40554	0.15193
V317	0.08225	0.72993	0.04237	0.14545
V318	0.03322	0.58648	0.01457	0.36572
V319	0.05498	0.06955	0.84855	0.02692
V320	0.0735	0.13319	0.68048	0.11284
V321	0.62799	0.36567	0.00626	9e-05
V322	0.2001	0.32599	0.07495	0.39897
V323	0.05699	0.02366	0.11019	0.80916
V324	0.67385	0.24685	0.06289	0.01641
V325	0.30286	0.64308	0.04949	0.00457
V326	0.00034	0.5876	0.09239	0.31967
V327	0.01772	0.1462	0.12016	0.71592
V328	0.04257	0.03442	0.76915	0.15386
V329	0.17841	0.10228	0.18498	0.53433
V330	0.3994	0.01266	0.34782	0.24012
V331	0.36731	0.07942	0.0475	0.50576
V332	0.00923	0.04917	0.21324	0.72837
V333	0.43636	0.06671	0.39757	0.09936
V334	0.36232	0.01339	0.37283	0.25147
V335	0.02246	0.32928	0.53426	0.11401
V336	0.17021	0.72357	0.01739	0.08883
V337	0.2843	0.40121	0.2897	0.02479
V338	0.00099	0.98413	0.009	0.00588
V339	0.12225	0.03952	0.8313	0.00693
V340	0.05263	0.21382	0.55908	0.17447
V341	0.02605	0.03832	0.08555	0.85009
V342	0.24209	0.01997	0.62242	0.11552
V343	0.95853	0.03056	0.0056	0.00531
V344	0.67823	0.15032	0.17128	0.00017
V345	0.02065	0.07327	0.9044	0.00168
V346	0.23742	0.10054	0.30519	0.35686
V347	0.04498	0.01371	0.15275	0.78855
V348	0.05077	0.68264	0.13691	0.12968
V349	0.35617	0.15253	0.39771	0.09359
V350	0.02729	0.81141	0.16107	0.00022
V351	0.01617	0.03195	0.43503	0.51685
V352	0.04438	0.03701	0.85294	0.06568
V353	0.8948	0.0252	0.02991	0.05009
V354	0.04119	0.71367	0.21287	0.03227
V355	0.2786	0.06753	0.48482	0.16906
V356	0.03486	0.02556	0.12335	0.81623
V357	0.11087	0.32871	0.29515	0.26527
V358	0.5706	0.09423	0.04952	0.28566
V359	0.59851	0.04991	0.03357	0.31801
V360	0.54788	0.42491	0.01697	0.01023
V361	0.001	0.45579	0.53742	0.00579
V362	0.0011	0.97703	0.01615	0.00572
V363	0.16998	0.10508	0.50016	0.22477
V364	0.15154	0.06201	0.7033	0.08315
V365	0.2802	0.0259	0.02053	0.67337
V366	0.07162	0.71255	0.07793	0.1379
V367	0.59547	0.1311	0.00521	0.26823
V368	0.08176	0.76022	0.07644	0.08158
V369	0.01581	0.4036	0.57497	0.00562
V370	0.29796	0.26653	0.41041	0.0251
V371	0.1803	0.74001	0.02476	0.05493
V372	0.16684	0.04852	0.13464	0.65
V373	0.07489	0.12656	0.5078	0.29076
V374	0.77137	0.02598	0.20237	0.00027
V375	0.04133	0.039	0.16815	0.75152
V376	0.03394	0.03419	0.12123	0.81064
V377	0.8082	0.00587	0.01105	0.17488
V378	0.00761	0.03324	0.44519	0.51396
V379	0.35125	0.1918	0.0139	0.44306
V380	0.15203	0.06519	0.22003	0.56275
V381	0.75659	0.01568	0.08726	0.14047
V382	0.07937	0.05617	0.85751	0.00696
V383	0.84884	0.01117	0.04465	0.09534
V384	0.58339	0.0674	0.13099	0.21822
V385	0.87009	0.01915	0.06783	0.04294
V386	0.31212	0.01493	0.15649	0.51646
V387	0.60871	0.13429	0.18601	0.07099
V388	0.38589	0.32697	0.1461	0.14104
V389	0.41492	0.52102	0.00997	0.05409
V390	0.29246	0.25097	0.45158	0.00499
V391	0.43741	0.09754	0.02107	0.44399
V392	0.44298	0.2098	0.16723	0.17999
V393	0.28474	0.21696	0.36377	0.13453
V394	0.09117	0.2279	0.12153	0.5594
V395	0.22177	0.39704	0.20587	0.17532
V396	0.00839	0.96673	0.00681	0.01806
V397	0.79511	0.08069	0.09445	0.02975
V398	0.46746	0.12494	0.09759	0.31001
V399	0.18937	0.57113	0.14611	0.09339
V400	0.00042	0.60954	0.06392	0.32611
V401	0.03247	0.14964	0.75089	0.067
V402	0.78694	0.17908	0.03388	1e-04
V403	0.02657	0.02917	0.0972	0.84706
V404	0.08439	0.18427	0.646	0.08534
V405	0.22591	0.03029	0.18324	0.56055
V406	0.65727	0.24133	0.01583	0.08557
V407	0.00099	0.98413	0.009	0.00588
V408	0.08662	0.23386	0.42709	0.25243
V409	0.00157	0.04094	0.05651	0.90098
V410	0.08168	0.87472	0.0262	0.01739
V411	0.46306	0.01198	0.00422	0.52073
V412	0.15661	0.06943	0.53043	0.24354
V413	0.05225	0.50113	0.18726	0.25936
V414	0.03156	0.51806	0.33696	0.11343
V415	0.45887	0.0281	0.23985	0.27318
V416	0.01581	0.10584	0.87685	0.0015
V417	0.37425	0.61613	0.00488	0.00475
V418	0.07069	0.09753	0.16013	0.67164
V419	0.02778	0.00662	0.06515	0.90045
V420	0.00047	0.90963	0.01238	0.07752
V421	0.15112	0.04464	0.70388	0.10036
V422	0.0517	0.0733	0.02154	0.85346
V423	0.07677	0.04345	0.85977	0.02
V424	0.00091	0.05319	0.65439	0.29152
V425	0.05222	0.2271	0.62529	0.09538
V426	0.08469	0.05313	0.80454	0.05764
V427	0.06407	0.40432	0.2024	0.32922
V428	0.08153	0.79652	0.04969	0.07227
V429	0.02483	0.00688	0.0737	0.89459
V430	0.7655	0.15962	0.0155	0.05938
V431	0.17987	0.02676	0.48221	0.31116
V432	0.10991	0.09235	0.05847	0.73926
V433	0.05219	0.76086	0.00128	0.18567
V434	0.35466	0.07001	0.05682	0.51851
V435	0.52971	0.01365	0.12417	0.33247
V436	0.3983	0.01418	0.12145	0.46607
V437	0.23705	0.23263	0.00885	0.52147
V438	0.63408	0.14937	0.03154	0.18501
V439	0.03708	0.1128	0.01996	0.83016
V440	0.50615	0.03524	0.03636	0.42226
V441	0.06293	0.11955	0.63614	0.18138
V442	0.32462	0.34249	0.13933	0.19357
V443	0.76334	0.01027	0.08698	0.13941
V444	0.02065	0.07327	0.9044	0.00168
V445	0.61789	0.02545	0.33307	0.02359
V446	0.03087	0.85617	0.04974	0.06322
V447	0.6522	0.08653	0.17399	0.08729
V448	0.01765	0.06409	0.22009	0.69818
V449	0.57539	0.04027	0.29709	0.08726
V450	0.13869	0.84624	0.01505	2e-05
V451	0.92629	0.05674	0	0.01697
V452	0.03893	0.0167	0.09811	0.84625
V453	0.82523	0.07014	0.06072	0.0439
V454	0.00074	0.94306	0.04485	0.01135
V455	0.61114	0.03496	0.30061	0.05329
V456	0.33212	0.11249	0.40404	0.15135
V457	0.00135	0.0613	0.03828	0.89907
V458	0.274	0.23005	0.00836	0.4876
V459	0.01371	0.82037	0.0855	0.08043
V460	0.94581	0.01851	0.02507	0.01061
V461	0.06751	0.04236	0.02341	0.86672
V462	0.359	0.24681	0.00228	0.39191
V463	0.25384	0.48628	0.15655	0.10333
V464	0.52777	0.09612	0.00644	0.36967
V465	0.40861	0.43214	0.02432	0.13494
V466	0.60325	0.18042	0.00469	0.21164
V467	0.31291	0.58111	0.07445	0.03153
V468	0.50625	0.40077	0.04682	0.04616
V469	0.01486	0.17024	0.31456	0.50034
V470	0.57052	0.11459	0.17996	0.13492
V471	0.27823	0.10236	0.04157	0.57784
V472	0.3302	0.33615	0.00179	0.33186
V473	0.09501	0.55527	0.33188	0.01784
V474	0.12445	0.00493	0.12383	0.74678
V475	0.18517	0.41008	0.08259	0.32216
V476	0.17198	0.01903	0.06925	0.73974
V477	0.61754	0.03663	0.20612	0.13971
V478	0.12925	0.6128	0.00622	0.25173
V479	0.01494	0.08836	0.82156	0.07514
V480	0.07938	0.32299	0.0512	0.54643
V481	0.14098	0.04127	0.80504	0.01271
V482	0.71024	0.15424	0.10526	0.03027
V483	0.13095	0.10715	0.08409	0.67781
V484	0.02586	0.08197	0.04147	0.8507
V485	0.11394	0.76014	0.01118	0.11474
V486	0.2787	0.26211	0.13352	0.32567
V487	0.07577	0.04715	0.10313	0.77396
V488	0.00327	0.03774	0.86906	0.08992
V489	0.20967	0.10489	0.67377	0.01168
V490	0.35128	0.31515	0.07023	0.26334
V491	0.44524	0.46894	0.03136	0.05445
V492	0.02441	0.84807	0.12258	0.00494
V493	0.05464	0.00495	0.01476	0.92564
V494	0.19219	0.14779	0.5462	0.11382
V495	0.2186	0.63334	0.13083	0.01723
V496	0.26652	0.69496	0	0.03852
V497	0.01598	0.04782	0.92748	0.00872
V498	0.33042	0.09928	0.0571	0.5132
V499	0.61544	0.26359	0.11649	0.00448
V500	0.09576	0.12228	0.74809	0.03388
V501	0.00335	0.01159	0.08556	0.89951
V502	0.55931	0.27183	0.14522	0.02365
V503	0.20187	0.09164	0.21694	0.48955
V504	0.22457	0.7104	0.01053	0.0545
V505	0.20084	0.20755	0.27188	0.31973
V506	0.08567	0.24579	0.4817	0.18684
V507	0.63694	0.09398	0.11886	0.15022
V508	0.76422	0.16137	0.03742	0.03698
V509	0.22887	0.06088	0.53119	0.17906
V510	0.22069	0.52261	0.25194	0.00476
V511	0.04401	0.43953	0.04926	0.46721
V512	0.25358	0.0474	0.08964	0.60937
V513	0.07237	0.66388	0.20639	0.05736
V514	0.02086	0.09145	0.01211	0.87557
V515	0.78867	0.05874	0.04521	0.10738
V516	0.8976	0.0972	0	0.0052
V517	0.03758	0.02925	0.28339	0.64979
V518	0.94551	0.04902	0	0.00547
V519	0.02273	0.88558	0.00561	0.08608
V520	0.02476	0.01976	0.64769	0.30779
V521	0.56964	0.04699	0.35953	0.02384
V522	0.00632	0.12053	0.61222	0.26093
V523	0.36499	0.11907	0.27179	0.24415
V524	0.00634	0.78902	0.18001	0.02463
V525	0.26339	0.20761	0.03077	0.49823
V526	0.66852	0.0752	0.07267	0.18362
V527	0.20602	0.02553	0.42481	0.34364
V528	0.09167	0.86916	0.00035	0.03882
V529	0.0587	0.06023	0.24844	0.63262
V530	0.00638	0.19889	0.70086	0.09387
V531	0.01901	0.8732	0.10763	0.00016
V532	0.17433	0.33794	0.03037	0.45735
V533	0.28704	0.35737	0.14069	0.2149
V534	0.00781	0.03001	0.73508	0.2271
V535	0.57329	0.00404	0.01473	0.40794
V536	0.19196	0.01009	0.39798	0.39998
V537	0.59348	0.25222	0.14416	0.01014
V538	0.47692	0.05077	0.08913	0.38318
V539	0.2689	0.44012	0.15805	0.13293
V540	0.19276	0.70938	0.06624	0.03162
V541	0.01454	0.53333	0.06573	0.3864
V542	0.20089	0.12113	0.27305	0.40492
V543	0.89101	0.01295	0.00993	0.08612
V544	0.10451	0.08485	0.19018	0.62046
V545	0.38169	0.13705	0.07296	0.4083
V546	0.04361	0.89108	0.06038	0.00493
V547	0.03292	0.65271	0.30326	0.0111
V548	0.14722	0.77187	0.07624	0.00467
V549	0.32059	0.04421	0.62372	0.01147
V550	0.60745	0.02999	0.00195	0.3606
V551	0.16874	0.75184	0.03249	0.04694
V552	0.00048	0.56108	0.00986	0.42857
V553	0.22336	0.14724	0.61127	0.01814
V554	0.05663	0.0935	0.03643	0.81344
V555	0.08784	0.22241	0.35863	0.33112
V556	0.00193	0.05987	0.90981	0.02839
V557	0.83263	0.02971	0.0098	0.12786
V558	0.06053	0.8078	0.02582	0.10586
V559	0.01017	0.81021	0.17936	0.00026
V560	0.67336	0.32171	0	0.00493
V561	0.00257	0.06449	0.92402	0.00891
V562	0.7957	0.01213	0.11066	0.0815
V563	0.24088	0.03309	0.71985	0.00618
V564	0.05608	0.09024	0.84082	0.01287
V565	0.1228	0.25634	0.40075	0.22011
V566	0.71728	0.093	0.00432	0.1854
V567	0.21913	0.46261	0.02701	0.29125
V568	0.25511	0.00951	0.06458	0.67079
V569	0.69891	0.02991	0.00103	0.27015
V570	0.02287	0.2857	0.63272	0.05871
V571	0.8249	0.12439	0	0.05071
V572	0.44599	0.01862	0.4478	0.08759
V573	0.06341	0.18605	0.0147	0.73584
V574	0.03237	0.79681	0.15992	0.0109
V575	0.01883	0.08648	0.14607	0.74862
V576	0.14493	0.81083	0.0336	0.01064
V577	0.03783	0.04528	0.24042	0.67648
V578	0.05186	0.06845	0.71222	0.16746
V579	0.0069	0.89019	0.08526	0.01765
V580	0.1569	0.01014	0.12884	0.70411
V581	0.07288	0.09068	0.00992	0.82652
V582	0.60146	0.14059	0.03212	0.22583
V583	0.00693	0.05003	0.62783	0.31522
V584	0.5286	0.15053	0.28942	0.03145
V585	0.00833	0.02159	0.48515	0.48493
V586	0.23049	0.02611	0.66241	0.08099
V587	0.26202	0.03113	0.68133	0.02553
V588	0.64968	0.04199	0.0253	0.28304
V589	0.05017	0.83655	0.05818	0.05511
V590	0.0436	0.7721	0.17942	0.00488
V591	0.00114	0.0441	0.23567	0.71909
V592	0.1565	0.06336	0.77898	0.00117
V593	0.59913	0.00606	0.18544	0.20937
V594	0.3378	0.28564	0.3359	0.04065
V595	0.03491	0.03821	0.04004	0.88683
V596	0.03331	0.28375	0.24135	0.4416
V597	0.00034	0.58957	0.33566	0.07443
V598	0.01744	0.13047	0.83906	0.01303
V599	0.62703	0.31921	0.0305	0.02326
V600	0.36027	0.48243	0.04885	0.10845
V601	0.16437	0.27993	0.08658	0.46912
V602	0.03762	0.0422	0.02947	0.8907
V603	0.00793	0.39631	0.01922	0.57654
V604	0.52361	0.11402	0.33827	0.0241
V605	0.06335	0.32894	0.42047	0.18724
V606	0.74215	0.14877	0.00927	0.09981
V607	0.67026	0.01412	0.10798	0.20765
V608	0.22279	0.15382	0.40671	0.21668
V609	0.02381	0.23728	0.25509	0.48382
V610	0.7844	0.02286	0.08614	0.10661
V611	0.30315	0.00887	0.06233	0.62565
V612	0.02407	0.09766	0.82008	0.05818
V613	0.03261	0.33212	0.60156	0.03372
V614	0.77987	0.05859	0.04522	0.11631
V615	0.14104	0.05918	0.01658	0.7832
V616	0.07168	0.73127	0.04257	0.15448
V617	0.47116	0.16727	0.36119	0.00038
V618	0.74234	0.01128	0.00086	0.24552
V619	0.39295	0.03139	0.33084	0.24482
V620	0.00721	0.66824	0.31929	0.00526
V621	0.44356	0.14654	0.17872	0.23117
V622	0.35908	0.22004	0.39604	0.02484
V623	0.01868	0.07552	0.16776	0.73805
V624	0.7861	0.1972	0	0.01671
V625	0.26543	0.50695	0.09668	0.13094
V626	0.95262	0.03625	0	0.01113
V627	0.00147	0.03677	0.10504	0.85673
V628	0.00088	0.24914	0.02423	0.72574
V629	0.12357	0.29227	0.29623	0.28793
V630	0.03244	0.33156	0.59439	0.04161
V631	0.01677	0.20142	0.117	0.66481
V632	0.60142	0.00465	0.13794	0.25599
V633	0.00125	0.05188	0.83939	0.10748
V634	0.39905	0.26503	0.33117	0.00476
V635	0.02282	0.78461	0.00639	0.18617
V636	0.11832	0.10252	0.66684	0.11233
V637	0.31862	0.19259	0.09324	0.39555
V638	0.39172	0.25545	0.07022	0.28261
V639	0.26637	0.43282	0.30046	0.00034
V640	0.03324	0.15425	0.77048	0.04202
V641	0.89453	0.03993	0.02247	0.04307
V642	0.77153	0.17	0	0.05847
V643	0.00596	0.18061	0.48294	0.33048
V644	0.90364	0.08143	0.00432	0.0106
V645	0.25929	0.4138	0.30943	0.01747
V646	0.01007	0.97609	0.00814	0.0057
V647	0.14004	0.09031	0.72012	0.04954
V648	0.41246	0.43405	0.12944	0.02405
V649	0.02476	0.07458	0.85048	0.05019
V650	0.05252	0.09442	0.79499	0.05806
V651	0.3054	0.0302	0.65851	0.00589
V652	0.08655	0.08648	0.47315	0.35382
V653	0.11585	0.68666	0.09648	0.10101
V654	0.70989	0.19109	0.05377	0.04524
V655	0.03287	0.59889	0.02172	0.34652
V656	0.2122	0.27866	0.0152	0.49393
V657	0.02884	0.08827	0.0229	0.85999
V658	0.62106	0.20038	0.05544	0.12312
V659	0.33433	0.0823	0.38323	0.20015
V660	0.02642	0.95489	0.00059	0.0181
V661	0.05445	0.43978	0.05772	0.44806
V662	0.41254	0.02454	0.47414	0.08878
V663	0.2372	0.07281	0.5882	0.10179
V664	0.19744	0.07285	0.68879	0.04092
V665	0.70635	0.17884	0.0376	0.07721
V666	0.60148	0.00423	0.10149	0.29281
V667	0.76157	0.07839	0.15984	2e-04
V668	0.11631	0.80353	0.08005	0.00011
V669	0.23062	0.41814	0.25611	0.09512
V670	0.07352	0.90826	0.00043	0.01779
V671	0.36986	0.282	0.26369	0.08445
V672	0.01861	0.05431	0.8993	0.02778
V673	0.23418	0.37187	0.23876	0.1552
V674	0.73721	0.1383	0.01578	0.10871
V675	0.13418	0.32814	0.33875	0.19894
V676	0.02824	0.11395	0.1216	0.7362
V677	0.39027	0.405	0.09461	0.11013
V678	0.50633	0.47816	0.01092	0.00459
V679	0.04344	0.315	0.62973	0.01183
V680	0.30166	0.55036	0.1308	0.01718
V681	0.90025	0.06721	0.0096	0.02294
V682	0.10694	0.29665	0.56278	0.03363
V683	0.01416	0.96406	0.02168	1e-04
V684	0.71409	0.15242	0.08816	0.04533
V685	0.5027	0.33946	0.11899	0.03885
V686	0.0913	0.18043	0.16644	0.56183
V687	0.03781	0.02545	0.04342	0.89331
V688	0.37192	0.51455	3e-05	0.1135
V689	0.26769	0.00342	0.05613	0.67275
V690	0.4733	0.04528	0.42651	0.05492
V691	0.15427	0.03774	0.80138	0.00662
V692	0.07351	0.13787	0.73033	0.05829
V693	0.23455	0.10273	0.39451	0.26821
V694	0.00825	0.03282	0.32957	0.62936
V695	0.24908	0.00942	0.17154	0.56996
V696	0.07878	0.09149	0.02602	0.80372
V697	0.01886	0.07713	0.02649	0.87753
V698	0.83648	0.01101	0.01045	0.14206
V699	0.57819	0.2784	0.06375	0.07966
V700	0.24685	0.0287	0.01452	0.70993
V701	0.10822	0.54513	0.11122	0.23543
V702	0.56383	0.07662	0.01224	0.34731
V703	0.13202	0.05146	0.52181	0.29471
V704	0.83679	0.04411	0.02245	0.09664
V705	0.95464	0.01147	0.01082	0.02307
V706	0.07345	0.05921	0.79256	0.07478
V707	0.03216	0.43449	0.4999	0.03346
V708	0.03119	0.88793	0.0185	0.06238
V709	0.13116	0.25986	0.54084	0.06813
V710	0.62072	0.20022	0.0473	0.13176
V711	0.0817	0.80986	0.08408	0.02436
V712	0.83079	0.05319	0.0039	0.11212
V713	0.44588	0.29689	0.03318	0.22405
V714	0.00633	0.69525	0.02088	0.27754
V715	0.30242	0.33248	0.30713	0.05796
V716	0.03772	0.04872	0.06243	0.85113
V717	0.07478	0.91329	0.00046	0.01147
V718	0.14203	0.57578	0.1785	0.10369
V719	0.05103	0.73161	0.03478	0.18257
V720	0.70684	0.01011	0.2239	0.05915
V721	0.12131	0.15658	0.50463	0.21749
V722	0.09065	0.35732	0.01685	0.53519
V723	0.11527	0.08932	0.01618	0.77923
V724	0.60025	0.02662	0.0841	0.28903
V725	0.00145	0.11147	0.85963	0.02745
V726	0.03345	0.39305	0.1281	0.44539
V727	0.25977	0.65126	0.08437	0.0046
V728	0.02475	0.88357	0.08668	0.005
V729	0.42177	0.0145	0.16978	0.39395
V730	0.90443	0.03541	0.03749	0.02268
V731	0.02295	0.19046	0.4284	0.3582
V732	0.35911	0.07283	0.3692	0.19886
V733	0.66189	0.17783	0.03054	0.12975
V734	0.23556	0.30689	0.45252	0.00502
V735	0.01554	0.03265	0.52088	0.43093
V736	0.15917	0.01418	0.01942	0.80722
V737	0.33629	0.2837	0.24634	0.13367
V738	0.07388	0.32898	0.47233	0.12481
V739	0.00084	0.029	0.63577	0.33439
V740	0.84242	0.08524	0.06222	0.01012
V741	0.5038	0.09533	0.1255	0.27537
V742	0.394	0.59288	0.01307	5e-05
V743	0.12968	0.14348	0.70813	0.01871
V744	0.53063	0.04068	0.33163	0.09706
V745	0.01357	0.71015	0.1757	0.10058
V746	0.97565	0.01827	0.00024	0.00584
V747	0.05283	0.02354	0.73365	0.18998
V748	0.11916	0.09978	0.62014	0.16092
V749	0.29049	0.17297	0.05686	0.47968
V750	0.41464	0.46215	0.01667	0.10655
V751	0.04035	0.87936	0.03351	0.04677
V752	0.47884	0.21838	0.13484	0.16793
V753	0.0371	0.04707	0.01313	0.90269
V754	0.00798	0.93765	0.00071	0.05366
V755	0.14833	0.18704	0.36755	0.29708
V756	0.03158	0.02065	0.07245	0.87531
V757	0.33315	0.586	0.05684	0.02401
V758	0.04054	0.78164	0.11327	0.06454
V759	0.12269	0.05813	0.43585	0.38334
V760	0.29958	0.05338	0.29851	0.34853
V761	0.062	0.58695	0.27532	0.07573
V762	0.00071	0.40794	0.01963	0.57173
V763	0.39353	0.35639	0.0255	0.22457
V764	0.00704	0.93319	0.00605	0.05372
V765	0.68347	0.08592	0.00065	0.22996
V766	0.01375	0.31617	0.46423	0.20584
V767	0.49784	0.11679	0.24829	0.13709
V768	0.0521	0.91132	0.01907	0.01751
V769	0.13434	0.82875	0.02622	0.0107
V770	0.01007	0.97609	0.00814	0.0057
V771	0.16335	0.03999	0.78418	0.01247
V772	0.13128	0.06485	0.79754	0.00633
V773	0.15542	0.82851	0.00517	0.0109
V774	0.02051	0.04184	0.90953	0.02812
V775	0.11366	0.04074	0.31145	0.53415
V776	0.43256	0.42045	0.0482	0.09879
V777	0.17883	0.11241	0.1524	0.55636
V778	0.55035	0.2688	0.06485	0.116
V779	0.16825	0.04322	0.52752	0.261
V780	0.10668	0.76899	0.12416	0.00017
V781	0.05254	0.03972	0.04372	0.86402
V782	0.00719	0.12557	0.80901	0.05823
V783	0.80215	0.02211	0.04537	0.13036
V784	0.10485	0.87738	0.01272	0.00505
V785	0.03341	0.93636	0.01252	0.01771
V786	0.73131	0.1524	0.07893	0.03736
V787	0.00092	0.84399	0.14984	0.00525
V788	0.51806	0.29557	0.14737	0.039
V789	0.06773	0.38073	0.03274	0.5188
V790	0.47178	0.02753	0.08049	0.42021
V791	0.13281	0.37629	0.34503	0.14586
V792	0.13072	0.55768	0.00663	0.30497
V793	0.11657	0.67445	0.03413	0.17486
V794	0.04269	0.08618	0.80458	0.06655
V795	0.11301	0.04629	0.07136	0.76935
V796	0.02622	0.09931	0.85449	0.01998
V797	0.75677	0.014	0.21879	0.01044
V798	0.62139	0.29065	0.07153	0.01642
V799	0.12441	0.78732	0.025	0.06327
V800	0.06391	0.0305	0.55428	0.35131
V801	0.13697	0.11243	0.35781	0.39279
V802	0.03503	0.07807	0.30473	0.58217
V803	0.21942	0.52003	0.26025	3e-04
V804	0.52925	0.02299	0.38596	0.0618
V805	0.02672	0.05459	0.91684	0.00185
V806	0.04147	0.91529	0.01172	0.03152
V807	0.26497	0.15277	0.04052	0.54174
V808	0.66683	0.26505	0.03792	0.0302
V809	0.04461	0.07724	0.87669	0.00145
V810	0.01226	0.9809	8e-04	0.00603
V811	0.43978	0.06923	0.21076	0.28023
V812	0.56155	0.25711	0.04778	0.13356
V813	0.60579	0.18741	0.18312	0.02368
V814	0.42716	0.52759	0.04073	0.00452
V815	0.00088	0.92279	0.07105	0.00528
V816	0.9191	0.01878	0.06187	0.00025
V817	0.02745	0.09461	0.86466	0.01328
V818	0.00122	0.07318	0.05971	0.86589
V819	0.83948	0.07913	0.04486	0.03653
V820	0.13446	0.10222	0.03066	0.73266
V821	0.21796	0.31224	0.4021	0.0677
V822	0.06658	0.05068	0.86273	0.02002
V823	0.02292	0.18831	0.70379	0.08498
V824	0.08805	0.38077	0.53049	0.00069
V825	0.22495	0.28847	0.26732	0.21926
V826	0.43234	0.41025	0.14713	0.01028
V827	0.37141	0.59448	0.01031	0.02381
V828	0.2278	0.16381	0.11727	0.49112
V829	0.03726	0.25898	0.04601	0.65775
V830	0.22643	0.23199	0.03116	0.51042
V831	0.78653	0.08448	0.02962	0.09938
V832	0.2712	0.40466	0.17018	0.15396
V833	0.14371	0.52002	0.18224	0.15403
V834	0.30384	0.07084	0.0867	0.53862
V835	0.36107	0.45166	0.11362	0.07366
V836	0.00664	0.70202	0.00787	0.28347
V837	0.22266	0.38506	0.19548	0.1968
V838	0.92012	0.04971	0.02532	0.00486
V839	0.2954	0.60684	0.09318	0.00458
V840	0.28427	0.70864	0.00705	5e-05
V841	0.00158	0.06646	0.88144	0.05052
V842	0.36543	0.15971	0.27174	0.20312
V843	0.01634	0.04623	0.8714	0.06602
V844	0.11142	0.08556	0.41458	0.38845
V845	0.06328	0.1105	0.7679	0.05833
V846	0.00121	0.03636	0.7756	0.18684
V847	0.00362	0.01125	0.06689	0.91823
V848	0.08542	0.52445	0.17389	0.21623
V849	0.00071	0.9608	0.00668	0.03181
V850	0.96397	0.01326	0.01185	0.01092
V851	0.32993	0.52903	0.14089	0.00014
V852	0.10764	0.05084	0.14954	0.69197
V853	0.24568	0.2186	0.42089	0.11483
V854	0.61372	0.16122	0.1009	0.12416
V855	0.00362	0.01125	0.06689	0.91823
V856	0.04191	0.35429	0.37502	0.22878
V857	0.69057	0.1682	0.0302	0.11103
V858	0.54973	0.02647	0.41866	0.00514
V859	0.66863	0.23018	0.01581	0.08538
V860	0.19278	0.11497	0.06212	0.63013
V861	0.08538	0.35635	0.54684	0.01144
V862	0.12841	0.09206	0.73808	0.04146
V863	0.20965	0.06527	0.007	0.71807
V864	0.06883	0.04263	0.06697	0.82158
V865	0.11435	0.01239	0.2987	0.57457
V866	0.72223	0.02584	0.24148	0.01044
V867	0.71887	0.03509	0.24126	0.00478
V868	0.52646	0.2718	0.12942	0.07231
V869	0.01872	0.96805	0.00765	0.00558
V870	0.10202	0.35559	0.02388	0.5185
V871	0.00071	0.9608	0.00668	0.03181
V872	0.00927	0.02521	0.28694	0.67859
V873	0.89176	0.0343	0.04474	0.02921
V874	0.1909	0.77996	0.02908	6e-05
V875	0.0154	0.19486	0.22361	0.56613
V876	0.1561	0.32691	0.43059	0.0864
V877	0.04218	0.40283	0.31535	0.23964
V878	0.12695	0.8101	0.06286	9e-05
V879	0.18279	0.70423	0.04075	0.07224
V880	0.30341	0.55846	0.00469	0.13345
V881	0.14123	0.04815	0.63355	0.17707
V882	0.80805	0.00794	0.11875	0.06526
V883	0.27858	0.20561	0.51516	0.00066
V884	0.02005	0.30129	0.00665	0.672
V885	0.70202	0.21556	0.08233	1e-04
V886	0.01359	0.36351	0.48986	0.13305
V887	0.6542	0.0604	0.15498	0.13042
V888	0.09477	0.05733	0.76446	0.08344
V889	0.91407	0.05275	0.01663	0.01656
V890	0.0318	0.14176	0.65592	0.17051
V891	0.63213	0.05054	0.27919	0.03814
V892	0.2889	0.18539	0.0153	0.51041
V893	0.59375	0.20517	0.14639	0.0547
V894	0.06327	0.30892	0.59412	0.0337
V895	0.61025	0.0608	0.19724	0.13171
V896	0.03415	0.94206	0.00596	0.01783
V897	0.69294	0.25147	0.00355	0.05204
V898	0.48475	0.00434	0.01025	0.50066
V899	0.02577	0.19563	0.15815	0.62044
V900	0.07525	0.29288	0.39007	0.2418
V901	0.0314	0.85095	0.0055	0.11214
V902	0.04392	0.90686	0.04421	0.00501
V903	0.00643	0.42142	0.53077	0.04139
V904	0.02029	0.97305	0.00071	0.00595
V905	0.15243	0.00572	0.2008	0.64105
V906	0.41867	0.08697	0.11011	0.38426
V907	0.42667	0.51047	0.01658	0.04628
V908	0.01212	0.05875	0.09386	0.83527
V909	0.12316	0.81453	0.00039	0.06192
V910	0.16783	0.00485	0.13905	0.68828
V911	0.51837	0.38882	0.03074	0.06208
V912	0.39787	0.32579	0.12609	0.15025
V913	0.12997	0.00345	0.02347	0.84311
V914	0.17601	0.49824	0.29297	0.03278
V915	0.23829	0.00355	0.01727	0.74089
V916	0.24365	0.06288	0.65286	0.0406
V917	0.72614	0.03075	0.15902	0.08409
V918	0.04091	0.64541	0.22971	0.08397
V919	0.19983	0.2299	0.31688	0.25339
V920	0.63006	0.19147	0.09042	0.08804
V921	0.02977	0.17458	0.04166	0.75398
V922	0.09517	0.46848	0.39503	0.04132
V923	0.0828	0.02438	0.05921	0.83361
V924	0.03201	0.67903	0.26393	0.02503
V925	0.18686	0.03801	0.02364	0.75149
V926	0.20827	0.02696	0.03978	0.72499
V927	0.02566	0.04999	0.07363	0.85073
V928	0.04127	0.89953	0.00533	0.05387
V929	0.05116	0.6612	0.12822	0.15942
V930	0.51326	0.36776	0.03096	0.08802
V931	0.13129	0.27092	0.52968	0.06811
V932	0.03179	0.11065	0.64659	0.21097
V933	0.58714	0.39227	0.01029	0.01031
V934	0.00705	0.14996	0.30468	0.53831
V935	0.57388	0.15555	0.20736	0.06321
V936	0.53689	0.26776	0.01695	0.1784
V937	0.5616	0.12263	0.08503	0.23074
V938	0.38352	0.04604	0.32267	0.24777
V939	0.76776	0.02163	0.07013	0.14048
V940	0.02244	0.8051	0.14044	0.03201
V941	0.0032	0.05363	0.93365	0.00953
V942	0.73646	0.18484	0.06242	0.01628
V943	0.39632	0.12578	0.42937	0.04853
V944	0.01645	0.28116	0.07356	0.62883
V945	0.56197	0.35087	0.00943	0.07773
V946	0.45931	0.25661	0.25229	0.03179
V947	0.08034	0.05054	0.25791	0.61121
V948	0.3333	0.04175	0.60692	0.01802
V949	0.00073	0.11368	0.22927	0.65632
V950	0.05202	0.54708	0.21701	0.18389
V951	0.82145	0.02637	0.14746	0.00473
V952	0.06704	0.12534	0.29238	0.51524
V953	0.01746	0.0743	0.88078	0.02747
V954	0.03572	0.18437	0.15794	0.62198
V955	0.11785	0.61905	0.02686	0.23624
V956	0.03341	0.0318	0.55428	0.38051
V957	0.35143	0.01982	0.00565	0.6231
V958	0.05464	0.00495	0.01476	0.92564
V959	0.22992	0.25506	0.4475	0.06752
V960	0.23909	0.2767	0.08445	0.39977
V961	0.13171	0.38836	0.36474	0.11519
V962	0.36555	0.16425	0.40412	0.06608
V963	0.60898	0.16361	0.15634	0.07106
V964	0.8434	0.03375	0.0934	0.02945
V965	0.05209	0.51303	0.19725	0.23762
V966	0.95686	0.02728	0.00493	0.01093
V967	0.05285	0.04581	0.56828	0.33306
V968	0.00103	0.15591	0.78507	0.058
V969	0.00812	0.30582	0.04633	0.63973
V970	0.03287	0.11618	0.46327	0.38768
V971	0.5098	0.08252	0.33534	0.07234
V972	0.52485	0.19307	0.04947	0.2326
V973	0.27069	0.42742	0.07983	0.22207
V974	0.006	0.79919	0.12243	0.07238
V975	0.09742	0.293	0.60411	0.00547
V976	0.45341	0.24138	0.11645	0.18875
V977	0.3153	0.35634	0.32358	0.00478
V978	0.06291	0.09542	0.0804	0.76127
V979	0.79372	0.02638	0.17517	0.00472
V980	0.97565	0.01827	0.00024	0.00584
V981	0.33806	0.03434	0.45257	0.17503
V982	0.44559	0.39868	0.07439	0.08134
V983	0.71573	0.05943	0.0048	0.22004
V984	0.01412	0.85146	0.10267	0.03176
V985	0.07406	0.20652	0.01351	0.70591
V986	0.3212	0.53003	0.04899	0.09978
V987	0.23029	0.75238	1e-05	0.01732
V988	0.22227	0.0198	0.02351	0.73442
V989	0.4404	0.46941	0.07343	0.01676
V990	0.00116	0.06309	0.80963	0.12612
V991	0.62949	0.35991	0	0.0106
V992	0.20007	0.01866	0.54739	0.23389
V993	0.06128	0.73675	0.16192	0.04005
V994	0.1779	0.78561	0.02585	0.01064
V995	0.75138	0.10144	0.02992	0.11727
V996	0.27759	0.12403	0.0169	0.58148
V997	0.0162	0.03641	0.83992	0.10747
V998	0.87797	0.01914	0.05993	0.04296
V999	0.11676	0.87747	0.00038	0.00539
V1000	0.32733	0.02823	0.00597	0.63847
