B_cells	NK_cells	T_cells_CD4.	Monocytes
V1	0.55887	0	0.21606	0.22507
V2	0.20394	0.07303	0.09416	0.62887
V3	0.08938	0.59582	0.06199	0.25281
V4	0.85601	0.09555	0.01865	0.02979
V5	0.13294	0.43438	0.32353	0.10915
V6	0.1184	0.78228	0.09932	0
V7	0.17638	0.3433	0.13221	0.34811
V8	0.16424	0	0.8274	0.00836
V9	0.27944	0.22373	0.06716	0.42967
V10	0.06261	0	0.90999	0.0274
V11	0.22092	0.30558	0.47351	0
V12	0.05483	0.51444	0.43073	0
V13	0.29491	0.63943	0.06566	0
V14	0.11025	0.81227	0.07748	0
V15	0.14819	0.55026	0.19116	0.11039
V16	0.84929	0.02479	0.08074	0.04518
V17	0.12905	0.78799	0.08296	0
V18	0.57459	0.30721	0.10205	0.01615
V19	0.19255	0.73745	0.06999	0
V20	0.19791	0.44386	0.0593	0.29893
V21	0.16249	0.05248	0.77913	0.0059
V22	0.04195	0.0793	0.28091	0.59785
V23	0.38055	0.02653	0.59291	0
V24	0.8732	0.0135	0.1133	0
V25	0.36798	0.21577	0.1769	0.23935
V26	0.41906	0.35723	0.05859	0.16512
V27	0.16998	0.04772	0.04558	0.73671
V28	0.01327	0.06014	0.92659	0
V29	0.44112	0.01078	0.54209	0.00602
V30	0.12741	0.20119	0.33984	0.33157
V31	0.22876	0.17253	0.35527	0.24344
V32	0.15423	0.00219	0.09039	0.7532
V33	0.0708	0.45365	0.42522	0.05033
V34	0.16303	0.03153	0.7975	0.00794
V35	0.19239	0.64572	0.16189	0
V36	0.03239	0.02702	0.55017	0.39042
V37	0.56152	0.03658	0.15054	0.25136
V38	0.45207	0	0.21446	0.33347
V39	0.19291	0.51637	0.19838	0.09234
V40	0.12552	0.71723	0.15725	0
V41	0.02662	0.64241	0.12109	0.20989
V42	0.26592	0	0.27471	0.45937
V43	0.15473	0.30098	0.54429	0
V44	0.04177	0.07212	0.77306	0.11305
V45	0.12719	0.53353	0.29397	0.04531
V46	0.76108	0.04728	0.19163	0
V47	0.44971	0.16284	0.37128	0.01617
V48	0.79199	0.13858	0.0507	0.01873
V49	0.75	0.1674	0.00556	0.07704
V50	0.0999	0.72851	0.17159	0
V51	0.32469	0.35331	0.322	0
V52	0.0607	0.10817	0.82152	0.00961
V53	0.7012	0.08739	0.21141	0
V54	0.42157	0.16249	0.41594	0
V55	0.24607	0.10734	0.3033	0.34329
V56	0.10453	0	0.16343	0.73205
V57	0.13558	0.76635	0.09808	0
V58	0.64871	0	0.08286	0.26843
V59	0.44606	0.36662	0.17056	0.01675
V60	0.16238	0.13615	0.39084	0.31063
V61	0.79201	0.07839	0.04948	0.08011
V62	0.82501	0.01451	0.14415	0.01633
V63	0.04785	0.73808	0.21407	0
V64	0.04826	0.82589	0.03554	0.09031
V65	0.05367	0	0.18234	0.76399
V66	0.24733	0.63792	0.0806	0.03414
V67	0.17179	0.28491	0.54329	0
V68	0.21407	0.13632	0.04612	0.60349
V69	0.0536	0.28429	0.65347	0.00863
V70	0.53972	0.12474	0.23953	0.096
V71	0.19733	0.04929	0.4427	0.31069
V72	0.57948	0.13124	0.14668	0.14259
V73	0.18065	0.55837	0.21416	0.04682
V74	0.08067	0.1911	0.72824	0
V75	0.68405	0	0.24397	0.07198
V76	0.00027	0.16868	0.26188	0.56917
V77	0.07624	0.28908	0.03172	0.60295
V78	0.33816	0.09101	0.24591	0.32491
V79	0.03312	0.09777	0.81862	0.05049
V80	0.36606	0.00072	0.58034	0.05287
V81	0.08727	0.14259	0.77013	0
V82	0.01268	0.08105	0.90627	0
V83	0.18065	0.16484	0.12257	0.53194
V84	0.42953	0.01091	0.22311	0.33645
V85	0.13248	0.28926	0.46102	0.11724
V86	0.08597	0.05218	0.84206	0.0198
V87	0.0695	0.75402	0.14427	0.03221
V88	0.20601	0.033	0.33968	0.42131
V89	0.05968	0	0.28207	0.65826
V90	0.06514	0.78198	0.15288	0
V91	0.06626	0.66048	0.27326	0
V92	0.46362	0	0.43597	0.1004
V93	0.89304	0.0018	0.00034	0.10482
V94	0.04518	0.4363	0.07661	0.4419
V95	0.2811	0.39537	0.21865	0.10487
V96	0.13596	0.0992	0.05505	0.70979
V97	0.65696	0.0759	0.26714	0
V98	0.71016	0.27055	0.01525	0.00404
V99	0.76074	0.02179	0.21747	0
V100	0.11669	0.02597	0.85073	0.0066
V101	0.09454	0.06831	0	0.83715
V102	0.87724	0.04076	0.05162	0.03038
V103	0.03893	0.03704	0.17812	0.7459
V104	0.07898	0.83967	0.08135	0
V105	0.09999	0.80782	0.09219	0
V106	0.14591	0.46218	0.39192	0
V107	0.21033	0.18136	0.59816	0.01015
V108	0.17228	0.65876	0.16896	0
V109	0.03555	0.15092	0.6441	0.16943
V110	0.09763	0.77495	0.12742	0
V111	0.84929	0	0.14559	0.00512
V112	0.16233	0.04357	0.49489	0.2992
V113	0.2296	0.08524	0.24329	0.44187
V114	0.29736	0.01421	0.14105	0.54737
V115	0.0355	0.66075	0.30374	0
V116	0.16655	0.2865	0.42883	0.11812
V117	0.66901	0.21891	0.0886	0.02348
V118	0.19539	0.54659	0.08782	0.1702
V119	0.17382	0.06528	0.10029	0.66061
V120	0.11379	0.06921	0.817	0
V121	0.60024	0.10057	0.14742	0.15177
V122	0.87275	0	0.08801	0.03924
V123	0.02636	0.49992	0.11156	0.36215
V124	0.67737	0.2637	0.01608	0.04285
V125	0.39684	0.36538	0.23778	0
V126	0.08111	0.14543	0.10109	0.67237
V127	0.20752	0.0208	0.33025	0.44143
V128	0.08423	0	0.19082	0.72495
V129	0.56988	0.20051	0.22743	0.00218
V130	0.03386	0.5731	0.39304	0
V131	0.06717	0.84451	0.04462	0.0437
V132	0.85692	0	0.10307	0.04001
V133	0.84531	0	0.13151	0.02318
V134	0.13896	0.37666	0.18811	0.29627
V135	0.12939	0	0.25541	0.6152
V136	0.28137	0.38393	0.04537	0.28933
V137	0.63558	0.00881	0.3059	0.04971
V138	0.23702	0.37195	0.24088	0.15015
V139	0.3726	0.18229	0.25489	0.19022
V140	0.07544	0.08933	0.11614	0.7191
V141	0.09177	0.14576	0.59158	0.17089
V142	0.74665	0	0.25335	0
V143	0.45477	0.23913	0.11125	0.19485
V144	0.20512	0.14094	0.23185	0.42209
V145	0	0.68664	0.31336	0
V146	0.13668	0	0.10208	0.76124
V147	0.85636	0.00582	0.08391	0.05392
V148	0.15957	0.06281	0.6236	0.15401
V149	0.27405	0.4469	0.27905	0
V150	0.11615	0.22389	0.62313	0.03684
V151	0.23881	0.58222	0.09275	0.08621
V152	0.25508	0.40178	0.28668	0.05646
V153	0.14493	0.69946	0.08182	0.07379
V154	0.26068	0.40409	0.33523	0
V155	0.47292	0.12095	0.34025	0.06588
V156	0.05903	0.13618	0.72404	0.08075
V157	0.32514	0.13627	0.36923	0.16936
V158	0.09017	0	0.1253	0.78453
V159	0.87251	0.05578	0.01034	0.06137
V160	0.69012	0	0.1115	0.19838
V161	0.26902	0	0.07872	0.65226
V162	0.09854	0.2959	0.13815	0.46742
V163	0.12431	0.46259	0.23691	0.17619
V164	0.36681	0.28727	0.15275	0.19316
V165	0.04779	0.27812	0	0.67409
V166	0.03563	0.10084	0.14282	0.72071
V167	0.39463	0	0.0436	0.56176
V168	0.31027	0.51824	0.14852	0.02297
V169	0.24964	0.0351	0.08662	0.62864
V170	0.14112	0.00638	0.58543	0.26707
V171	0.15973	0.2222	0.61805	1e-05
V172	0.68278	0	0.31722	0
V173	0.06827	0.14713	0.0931	0.69149
V174	0.0441	0.16514	0.14033	0.65043
V175	0.10232	0	0.81634	0.08134
V176	0.03691	0.71037	0.25271	0
V177	0.06115	0.8953	0.03568	0.00787
V178	0.03922	0.72554	0.07738	0.15785
V179	0.19791	0	0.4461	0.35599
V180	0.06064	0.7725	0.16685	0
V181	0.19019	0.12025	0.57989	0.10967
V182	0.31448	0.16262	0.50112	0.02179
V183	0.20766	0.71782	0.07452	0
V184	0.89217	0	0.10783	0
V185	0.56812	0.35799	0.07389	0
V186	0.1455	0.44077	0.33266	0.08107
V187	0.86769	0	0.11517	0.01714
V188	0.10278	0.24304	0	0.65418
V189	0.79909	0	0.0699	0.13101
V190	0.63107	0	0.36893	0
V191	0.21091	0.19109	0.59796	4e-05
V192	0.32966	0.43455	0.10045	0.13534
V193	0.59874	0.00392	0.29762	0.09971
V194	0.08416	0.83702	0.07288	0.00593
V195	0.0638	0.04639	0.88738	0.00243
V196	0.05622	0.09268	0.05023	0.80087
V197	0.46092	0.01916	0.06624	0.45368
V198	0.0954	0.45772	0.4334	0.01348
V199	0.21513	0	0.24972	0.53516
V200	0.16234	0.54278	0.06732	0.22757
V201	0.12411	0.51336	0.26189	0.10065
V202	0.05314	0.02601	0.80168	0.11917
V203	0.18425	0.37733	0.43842	0
V204	0.03874	0.523	0.06062	0.37764
V205	0.06229	0.07153	0.86439	0.00178
V206	0.0828	0.0968	0.82041	0
V207	0.18245	0.18899	0.09251	0.53604
V208	0.26356	0.05814	0.67831	0
V209	0.32818	0.43416	0.1207	0.11696
V210	0.12189	0.68667	0.1772	0.01424
V211	0.46188	0	0.07786	0.46026
V212	0.49835	0.02523	0.47543	0.00099
V213	0.64196	0	0.16988	0.18816
V214	0.35802	0.14295	0.22234	0.27668
V215	0.34583	0.08306	0.0439	0.52721
V216	0.12245	0	0.09998	0.77757
V217	0.06722	0.4634	0.30583	0.16355
V218	0.12376	0.42714	0.23332	0.21577
V219	0.14134	0.60862	0.06318	0.18687
V220	0.04183	0.77385	0.08202	0.10229
V221	0.7939	0	0.04854	0.15755
V222	0.33193	0.11703	0.41839	0.13266
V223	0.03232	0.14114	0.7854	0.04114
V224	0.88429	0	0.11571	0
V225	0.09356	0.75925	0.14719	0
V226	0.31387	0.07221	0.61392	0
V227	0.74624	0	0.24986	0.00389
V228	0.74929	0.04144	0.12599	0.08328
V229	0.06658	0.03609	0.88349	0.01385
V230	0.07131	0.03719	0.10458	0.78692
V231	0.03671	0.28115	0.17308	0.50906
V232	0.08396	0.65345	0.01358	0.24901
V233	0.56165	0.06488	0.25907	0.1144
V234	0.0794	0.79848	0.12212	0
V235	0.38244	0.05038	0.56564	0.00154
V236	0.08083	0.07593	0.80059	0.04264
V237	0.22166	0	0.08458	0.69376
V238	0.158	0.49989	0.33586	0.00624
V239	0.10287	0.39919	0.05931	0.43863
V240	0.48436	0.02237	0.47031	0.02296
V241	0.06191	0.0038	0.89493	0.03937
V242	0.15848	0.66872	0.1728	0
V243	0.26147	0.03519	0.65996	0.04338
V244	0.23126	0	0.71926	0.04948
V245	0.59659	0.26106	0.10603	0.03633
V246	0.08925	0.14632	0.76442	0
V247	0.18221	0.02407	0.79372	0
V248	0.07923	0.03112	0.13112	0.75853
V249	0.005	0.06163	0.89275	0.04062
V250	0.72606	0	0.27394	0
V251	0.8866	0.03625	0.06132	0.01584
V252	0.03806	0.72942	0.23252	0
V253	0.39637	0.04366	0.22374	0.33623
V254	0.04494	0.80517	0.14989	0
V255	0.0934	0.85819	0.02932	0.01909
V256	0.19975	0.19837	0.55532	0.04656
V257	0.43646	0.07911	0.29319	0.19124
V258	0.2001	0.24418	0.47321	0.08251
V259	0.06677	0.27418	0.65905	0
V260	0.00173	0.26516	0.73311	0
V261	0.61261	0	0.26131	0.12608
V262	0.16755	0.05837	0.04433	0.72975
V263	0.06838	0.88418	0.03654	0.0109
V264	0.19639	0.01846	0.49451	0.29064
V265	0.07976	0	0.21232	0.70793
V266	0.64022	0.29378	0.066	0
V267	0	0.17889	0.36412	0.45699
V268	0.41908	0	0.19944	0.38148
V269	0.03054	0.50731	0.45707	0.00508
V270	0.62884	0	0.30505	0.06611
V271	0.77945	0.04274	0.08469	0.09312
V272	0.09234	0.76538	0.07716	0.06513
V273	0.13033	0.00596	0.11292	0.75078
V274	0.67843	0	0.23342	0.08815
V275	0.01319	0.05596	0.92113	0.00971
V276	0.51973	0.30724	0.05039	0.12263
V277	0.06003	0.20475	0.23075	0.50447
V278	0.07231	0.04443	0.36791	0.51535
V279	0.67736	0.02969	0.17289	0.12006
V280	0.09017	0	0.1253	0.78453
V281	0.55903	0	0.19945	0.24152
V282	0.09284	0.0758	0.80203	0.02932
V283	0.23859	0.53687	0.11946	0.10508
V284	0.06556	0.78166	0.15278	0
V285	0.10618	0.00427	0.88955	0
V286	0.26879	0.49798	0.17447	0.05876
V287	0.13874	0.77867	0.08259	0
V288	0.0346	0.26741	0.48976	0.20823
V289	0.29468	0.20015	0.46585	0.03931
V290	0.80368	0.1216	0.07472	0
V291	0.47535	0.05136	0.4733	0
V292	0.91748	0	0.00825	0.07427
V293	0.31009	0.00944	0.66931	0.01116
V294	0.12794	0.37898	0	0.49308
V295	0.03884	0.17312	0.26516	0.52289
V296	0.2008	0.11357	0.63632	0.0493
V297	0.13946	0	0.14286	0.71767
V298	0.30415	0.08945	0.6064	0
V299	0.10804	0.27796	0.04109	0.57292
V300	0.00282	0.01986	0.32405	0.65327
V301	0.14992	0.10795	0.66832	0.07381
V302	0.66725	0.30629	0.0245	0.00196
V303	0.00766	0.54376	0.44858	0
V304	0.08951	0.02804	0.76854	0.1139
V305	0.14665	0.15071	0.51092	0.19171
V306	0.77289	0.07011	0.11056	0.04643
V307	0.06513	0.83127	0.1036	0
V308	0.2487	0.21145	0.35348	0.18637
V309	0.36254	0.29812	0.05898	0.28037
V310	0.10444	0.30666	0.21382	0.37508
V311	0.52039	0.41521	0.0644	0
V312	0.12931	0.6493	0.22139	0
V313	0	0.12538	0.07519	0.79943
V314	0.03563	0.46488	0.17517	0.32433
V315	0.15145	0.58829	0.09192	0.16835
V316	0.32059	0.11807	0.4385	0.12284
V317	0.11956	0.64877	0.114	0.11767
V318	0.06986	0.538	0.05985	0.33229
V319	0.09496	0.07074	0.82326	0.01104
V320	0.10641	0.1391	0.67362	0.08087
V321	0.63107	0.30303	0.06591	0
V322	0.22584	0.31136	0.11297	0.34983
V323	0.11362	0	0.17086	0.71552
V324	0.64644	0.22067	0.13125	0.00164
V325	0.31686	0.56058	0.12256	0
V326	0	0.55071	0.1642	0.28509
V327	0.04393	0.14428	0.17432	0.63747
V328	0.08002	0.02915	0.76861	0.12222
V329	0.20822	0.09643	0.23451	0.46084
V330	0.39961	0	0.38705	0.21334
V331	0.38358	0.06511	0.08643	0.46487
V332	0.03246	0.03894	0.26671	0.66189
V333	0.42276	0.0545	0.44116	0.08159
V334	0.36838	0	0.40932	0.2223
V335	0.04826	0.31337	0.56025	0.07811
V336	0.20578	0.64715	0.07938	0.06769
V337	0.29267	0.35515	0.35218	0
V338	0.00396	0.88065	0.11321	0.00218
V339	0.15244	0	0.84756	0
V340	0.07785	0.21568	0.57222	0.13425
V341	0.07299	0.02634	0.1496	0.75107
V342	0.26244	0	0.64571	0.09185
V343	0.88744	0.01557	0.06788	0.02911
V344	0.64625	0.11647	0.23729	0
V345	0.06536	0.04639	0.88825	0
V346	0.25477	0.09778	0.34476	0.3027
V347	0.09372	0	0.20484	0.70143
V348	0.08114	0.60128	0.21868	0.0989
V349	0.34849	0.14727	0.43476	0.06948
V350	0.0552	0.69752	0.24728	0
V351	0.0495	0.02131	0.46778	0.46141
V352	0.08485	0.02266	0.84842	0.04407
V353	0.83158	0	0.09923	0.0692
V354	0.07687	0.62071	0.30156	0.00085
V355	0.28912	0.06049	0.50935	0.14104
V356	0.08569	0.00012	0.18532	0.72888
V357	0.13319	0.31169	0.34171	0.21341
V358	0.55634	0.07856	0.0936	0.2715
V359	0.58928	0.02573	0.0767	0.3083
V360	0.54476	0.37353	0.08172	0
V361	0.00054	0.40624	0.59322	0
V362	0	0.8724	0.1276	0
V363	0.19165	0.10703	0.51764	0.18368
V364	0.18075	0.06086	0.70041	0.05799
V365	0.31765	0	0.0489	0.63345
V366	0.10691	0.6286	0.15595	0.10853
V367	0.59069	0.11885	0.0264	0.26405
V368	0.12036	0.66276	0.16152	0.05535
V369	0.04554	0.35055	0.6039	0
V370	0.30174	0.24418	0.45407	0
V371	0.21548	0.65859	0.09223	0.0337
V372	0.20779	0.03265	0.18835	0.57121
V373	0.10566	0.13227	0.52441	0.23766
V374	0.73453	0	0.26547	0
V375	0.0864	0.02245	0.2229	0.66825
V376	0.08268	0.01617	0.18103	0.72011
V377	0.76867	0	0.05596	0.17537
V378	0.03372	0.02336	0.4805	0.46242
V379	0.37123	0.1839	0.03481	0.41006
V380	0.18763	0.05562	0.26793	0.48882
V381	0.71236	0	0.14555	0.14209
V382	0.11522	0.04019	0.84459	0
V383	0.79249	0	0.1043	0.10321
V384	0.55572	0.05107	0.18825	0.20495
V385	0.80182	0	0.14184	0.05634
V386	0.3317	0	0.20409	0.46422
V387	0.56413	0.1246	0.25018	0.06109
V388	0.38037	0.3019	0.20019	0.11753
V389	0.42857	0.471	0.06366	0.03677
V390	0.29204	0.22029	0.48767	0
V391	0.45256	0.08384	0.04412	0.41949
V392	0.42458	0.20029	0.21977	0.15535
V393	0.28763	0.20861	0.40092	0.10283
V394	0.12573	0.21987	0.17074	0.48365
V395	0.2373	0.36058	0.26262	0.1395
V396	0.05062	0.85223	0.0882	0.00895
V397	0.73563	0.06187	0.1698	0.0327
V398	0.45831	0.11663	0.14633	0.27873
V399	0.21325	0.50176	0.21977	0.06522
V400	0.00106	0.5683	0.13646	0.29417
V401	0.06081	0.1558	0.7428	0.0406
V402	0.77003	0.13404	0.09593	0
V403	0.07427	0.00843	0.16393	0.75338
V404	0.11568	0.18695	0.64273	0.05464
V405	0.25817	0.00278	0.23874	0.50031
V406	0.63453	0.22306	0.05827	0.08413
V407	0.00396	0.88065	0.11321	0.00218
V408	0.11104	0.23127	0.45595	0.20174
V409	0.00346	0.02751	0.14075	0.82829
V410	0.12706	0.76379	0.10915	0
V411	0.48324	0	0	0.51676
V412	0.1817	0.0664	0.54961	0.20229
V413	0.0785	0.45962	0.24752	0.21435
V414	0.05777	0.46602	0.39777	0.07843
V415	0.45305	0.00311	0.29588	0.24795
V416	0.04725	0.08347	0.86928	0
V417	0.38952	0.54223	0.06826	0
V418	0.11147	0.09465	0.21169	0.58219
V419	0.07848	0	0.13578	0.78574
V420	0	0.83699	0.10528	0.05773
V421	0.18125	0.03857	0.70489	0.07529
V422	0.11767	0.07755	0.02925	0.77553
V423	0.11669	0.02597	0.85073	0.0066
V424	0.00011	0.05674	0.68652	0.25663
V425	0.08007	0.22704	0.63011	0.06278
V426	0.12307	0.05242	0.78844	0.03607
V427	0.09023	0.37854	0.2578	0.27343
V428	0.12233	0.69769	0.13206	0.04792
V429	0.07161	0	0.14495	0.78344
V430	0.73128	0.14357	0.05896	0.06618
V431	0.20646	0.00895	0.51344	0.27115
V432	0.16048	0.08733	0.09971	0.65247
V433	0.09257	0.71245	0.0269	0.16808
V434	0.37208	0.05587	0.09848	0.47357
V435	0.51837	0	0.17096	0.31067
V436	0.40669	0	0.16834	0.42497
V437	0.27126	0.22354	0.02539	0.47981
V438	0.6101	0.13996	0.069	0.18094
V439	0.0877	0.11308	0.02965	0.76956
V440	0.51091	0.00688	0.07924	0.40297
V441	0.09433	0.12687	0.63612	0.14268
V442	0.33053	0.31894	0.18771	0.16282
V443	0.71759	0	0.14199	0.14042
V444	0.06536	0.04639	0.88825	0
V445	0.58744	0	0.40017	0.01239
V446	0.06901	0.74846	0.1424	0.04013
V447	0.6044	0.07281	0.24067	0.08212
V448	0.0458	0.05823	0.27215	0.62381
V449	0.5447	0.01918	0.35771	0.07841
V450	0.16665	0.74419	0.08916	0
V451	0.89447	0.04429	0.01631	0.04492
V452	0.09339	0	0.16058	0.74602
V453	0.76456	0.05128	0.13052	0.05363
V454	0.00634	0.83484	0.15881	0
V455	0.57773	0.01188	0.36514	0.04525
V456	0.33107	0.10787	0.43783	0.12323
V457	0.001	0.06288	0.09293	0.84319
V458	0.30431	0.221	0.02464	0.45005
V459	0.03988	0.72315	0.18209	0.05488
V460	0.86002	0	0.1079	0.03207
V461	0.14163	0.04091	0.03574	0.78172
V462	0.38409	0.24099	0	0.37491
V463	0.26802	0.43303	0.22311	0.07584
V464	0.53644	0.07878	0.02424	0.36055
V465	0.41496	0.39446	0.07112	0.11946
V466	0.59336	0.16821	0.03118	0.20726
V467	0.32993	0.51415	0.15078	0.00514
V468	0.49811	0.36154	0.11035	0.03001
V469	0.03677	0.17452	0.35799	0.43072
V470	0.53318	0.10454	0.23969	0.12259
V471	0.31042	0.09502	0.06841	0.52615
V472	0.35904	0.3258	0	0.31516
V473	0.1231	0.48109	0.39581	0
V474	0.17032	0	0.16744	0.66225
V475	0.20957	0.38234	0.12939	0.2787
V476	0.21863	0	0.11784	0.66354
V477	0.58479	0.01169	0.26967	0.13386
V478	0.16252	0.56074	0.04952	0.22722
V479	0.04206	0.09674	0.8107	0.0505
V480	0.11278	0.30559	0.09247	0.48916
V481	0.17112	0.02338	0.8055	0
V482	0.66212	0.13809	0.17739	0.02241
V483	0.17483	0.10227	0.13017	0.59272
V484	0.07101	0.08201	0.08125	0.76573
V485	0.15524	0.68321	0.06927	0.09229
V486	0.29041	0.25092	0.18164	0.27702
V487	0.13016	0.03232	0.15909	0.67843
V488	0.01718	0.01117	0.90482	0.06684
V489	0.22417	0.09762	0.67821	0
V490	0.35902	0.29871	0.11089	0.23137
V491	0.44966	0.42419	0.08883	0.03731
V492	0.05835	0.72398	0.21767	0
V493	0.13953	0	0	0.86047
V494	0.21064	0.14828	0.55784	0.08324
V495	0.23974	0.54834	0.21192	0
V496	0.30448	0.64118	0.03569	0.01864
V497	0.06975	0	0.92338	0.00687
V498	0.34983	0.08977	0.09475	0.46565
V499	0.58752	0.22756	0.18491	0
V500	0.13198	0.12494	0.73418	0.00891
V501	0.00281	0	0.16931	0.82787
V502	0.5321	0.24899	0.21891	0
V503	0.22787	0.08581	0.26469	0.42163
V504	0.25843	0.63581	0.0713	0.03447
V505	0.21869	0.20455	0.31366	0.2631
V506	0.1098	0.24245	0.50302	0.14473
V507	0.59735	0.08074	0.17956	0.14235
V508	0.7222	0.14297	0.09545	0.03938
V509	0.24566	0.05459	0.55146	0.14829
V510	0.23246	0.44816	0.31938	0
V511	0.07713	0.40768	0.10076	0.41444
V512	0.28559	0.02776	0.13946	0.54719
V513	0.10635	0.57877	0.28817	0.02672
V514	0.06588	0.0965	0	0.83763
V515	0.74163	0.04055	0.10291	0.11492
V516	0.89744	0.07708	0.01554	0.00994
V517	0.07925	0.01112	0.32837	0.58126
V518	0.92377	0.04009	0.00974	0.0264
V519	0.0627	0.80228	0.07117	0.06386
V520	0.06049	0	0.67133	0.26818
V521	0.5399	0.03019	0.421	0.00891
V522	0.02463	0.12891	0.62979	0.21668
V523	0.36152	0.11341	0.31679	0.20828
V524	0.03293	0.69017	0.2769	0
V525	0.29258	0.2008	0.0569	0.44972
V526	0.63336	0.05695	0.13018	0.17952
V527	0.23124	0.00545	0.46181	0.3015
V528	0.14034	0.79705	0.04098	0.02162
V529	0.09736	0.05275	0.29504	0.55486
V530	0.02934	0.20249	0.70603	0.06213
V531	0.04948	0.75143	0.19909	0
V532	0.20548	0.32307	0.06042	0.41103
V533	0.29813	0.33199	0.18877	0.18111
V534	0.04205	0.02453	0.74271	0.19072
V535	0.56194	0	0.04989	0.38816
V536	0.21777	0	0.42889	0.35334
V537	0.56248	0.22318	0.21434	0
V538	0.47562	0.02595	0.14245	0.35599
V539	0.2811	0.39537	0.21865	0.10487
V540	0.22555	0.62241	0.14734	0.0047
V541	0.0369	0.49109	0.12913	0.34288
V542	0.22259	0.12022	0.3142	0.343
V543	0.83613	0	0.06544	0.09843
V544	0.14364	0.08026	0.23994	0.53616
V545	0.3889	0.12976	0.11388	0.36747
V546	0.08292	0.75951	0.15757	0
V547	0.06417	0.55951	0.37631	0
V548	0.17551	0.66289	0.1616	0
V549	0.32346	0.02989	0.64665	0
V550	0.62454	0.00567	0	0.3698
V551	0.20505	0.66645	0.10427	0.02424
V552	0	0.5233	0.07116	0.40554
V553	0.23701	0.14022	0.62277	0
V554	0.1142	0.09251	0.06515	0.72813
V555	0.11238	0.22253	0.39462	0.27047
V556	0.00654	0.05798	0.91303	0.02245
V557	0.80151	0.00448	0.05231	0.14169
V558	0.10033	0.72119	0.09749	0.08099
V559	0.03704	0.69846	0.2645	0
V560	0.68841	0.28187	0.02972	0
V561	0.01319	0.05596	0.92113	0.00971
V562	0.73907	0	0.17546	0.08548
V563	0.25306	0	0.74694	0
V564	0.09443	0.0886	0.81698	0
V565	0.14419	0.24948	0.4326	0.17374
V566	0.70146	0.0763	0.02995	0.19229
V567	0.24457	0.42846	0.06749	0.25948
V568	0.28597	0	0.10549	0.60853
V569	0.70873	0.00626	0	0.285
V570	0.05122	0.27563	0.64702	0.02614
V571	0.8083	0.10765	0.0174	0.06665
V572	0.43853	0	0.48964	0.07183
V573	0.11134	0.1781	0.02691	0.68365
V574	0.06619	0.68174	0.25206	0
V575	0.04655	0.08271	0.20219	0.66855
V576	0.1806	0.70577	0.11362	0
V577	0.0786	0.03189	0.28872	0.60079
V578	0.08651	0.07391	0.7078	0.13178
V579	0.03582	0.77338	0.19081	0
V580	0.1997	0	0.1764	0.6239
V581	0.13854	0.09314	0	0.76831
V582	0.58451	0.13107	0.06745	0.21696
V583	0.028	0.05246	0.64785	0.27169
V584	0.49846	0.1416	0.35101	0.00893
V585	0.0436	0.00538	0.51486	0.43616
V586	0.25172	0.0082	0.67966	0.06043
V587	0.2789	0.01276	0.70466	0.00367
V588	0.63629	0.01705	0.06696	0.27971
V589	0.09105	0.72674	0.15078	0.03142
V590	0.07415	0.66084	0.26501	0
V591	0.00171	0.02922	0.29581	0.67325
V592	0.17338	0.03915	0.78747	0
V593	0.5725	0	0.232	0.1955
V594	0.33772	0.26393	0.39037	0.00797
V595	0.09931	0.02979	0.09417	0.77672
V596	0.05681	0.27911	0.29161	0.37246
V597	0	0.54064	0.41806	0.0413
V598	0.0517	0.12553	0.82278	0
V599	0.61137	0.28455	0.09361	0.01047
V600	0.36927	0.43679	0.1033	0.09064
V601	0.19387	0.26945	0.12985	0.40683
V602	0.10895	0.04204	0.05467	0.79434
V603	0.03472	0.36574	0.06513	0.53441
V604	0.49545	0.10577	0.39753	0.00125
V605	0.08615	0.31356	0.45609	0.14421
V606	0.71417	0.13452	0.04516	0.10615
V607	0.63735	0	0.16173	0.20092
V608	0.23561	0.15312	0.43579	0.17548
V609	0.04716	0.23698	0.3038	0.41206
V610	0.73522	0	0.15237	0.11242
V611	0.32661	0	0.1016	0.57179
V612	0.05427	0.10551	0.80456	0.03566
V613	0.06692	0.30919	0.62389	0
V614	0.73499	0.04036	0.10226	0.12238
V615	0.1995	0.05453	0.02318	0.72279
V616	0.10829	0.65025	0.11469	0.12677
V617	0.44984	0.13678	0.41337	0
V618	0.7416	0	0	0.2584
V619	0.39485	0.00788	0.37902	0.21825
V620	0.03386	0.5731	0.39304	0
V621	0.42917	0.1399	0.22927	0.20166
V622	0.35338	0.20459	0.44203	0
V623	0.0458	0.07137	0.22322	0.65961
V624	0.78799	0.1732	0.02191	0.0169
V625	0.28246	0.45563	0.15609	0.10582
V626	0.91574	0.02998	0.00913	0.04515
V627	0	0.01938	0.18132	0.79929
V628	0.00291	0.22981	0.07065	0.69663
V629	0.14675	0.28006	0.34016	0.23303
V630	0.06529	0.31049	0.6174	0.00682
V631	0.04126	0.19463	0.17117	0.59294
V632	0.57847	0	0.18087	0.24066
V633	0.00484	0.05508	0.85814	0.08193
V634	0.38413	0.23218	0.38369	0
V635	0.06029	0.7154	0.06264	0.16167
V636	0.14982	0.10729	0.66074	0.08215
V637	0.32997	0.18718	0.13546	0.34739
V638	0.39357	0.24506	0.11066	0.25071
V639	0.27015	0.3706	0.35926	0
V640	0.06426	0.1568	0.76104	0.0179
V641	0.83144	0.02052	0.08567	0.06238
V642	0.76238	0.15665	0.01105	0.06992
V643	0.02378	0.18745	0.51236	0.27641
V644	0.86453	0.06108	0.05159	0.02281
V645	0.26857	0.36233	0.36911	0
V646	0.05998	0.84449	0.09553	0
V647	0.1708	0.09268	0.71121	0.02531
V648	0.41262	0.38699	0.20038	0
V649	0.05918	0.08031	0.82997	0.03055
V650	0.0899	0.10155	0.77414	0.03441
V651	0.31113	0	0.68887	0
V652	0.11981	0.08609	0.49622	0.29788
V653	0.1508	0.60037	0.17555	0.07328
V654	0.67043	0.17464	0.11258	0.04236
V655	0.06787	0.54438	0.07841	0.30934
V656	0.2455	0.26721	0.03592	0.45136
V657	0.07918	0.09241	0.03553	0.79288
V658	0.58952	0.19041	0.10343	0.11665
V659	0.33508	0.07638	0.4198	0.16873
V660	0.07834	0.87144	0.04069	0.00954
V661	0.08772	0.40786	0.10969	0.39473
V662	0.41009	0.00266	0.51518	0.07207
V663	0.25319	0.07035	0.59982	0.07664
V664	0.22022	0.07063	0.69212	0.01703
V665	0.67047	0.16619	0.08487	0.07847
V666	0.58142	0	0.14328	0.2753
V667	0.72497	0.04488	0.23015	0
V668	0.14396	0.6933	0.16274	0
V669	0.24492	0.37438	0.31542	0.06527
V670	0.12406	0.83709	0.03575	0.0031
V671	0.36015	0.26154	0.31791	0.0604
V672	0.06165	0.04844	0.87224	0.01767
V673	0.24687	0.33888	0.29311	0.12114
V674	0.70593	0.12596	0.0538	0.11431
V675	0.15629	0.30789	0.38091	0.15492
V676	0.05778	0.113	0.17692	0.6523
V677	0.38985	0.36769	0.15174	0.09073
V678	0.50897	0.41518	0.07585	0
V679	0.07444	0.28319	0.64237	0
V680	0.31475	0.48155	0.2037	0
V681	0.84801	0.05072	0.0584	0.04288
V682	0.13741	0.27816	0.58443	0
V683	0.05543	0.83079	0.11378	0
V684	0.66487	0.13611	0.15674	0.04229
V685	0.48679	0.30901	0.1852	0.019
V686	0.12458	0.17831	0.21466	0.48245
V687	0.10704	0.00367	0.1087	0.78059
V688	0.39646	0.47851	0.02307	0.10196
V689	0.29487	0	0.0905	0.61463
V690	0.45752	0.03101	0.47284	0.03864
V691	0.17926	0	0.82074	0
V692	0.10921	0.14265	0.71608	0.03206
V693	0.24995	0.10018	0.42602	0.22385
V694	0.03558	0.01869	0.37297	0.57276
V695	0.2764	0	0.21584	0.50776
V696	0.14044	0.09303	0.0407	0.72583
V697	0.06131	0.07951	0.05283	0.80636
V698	0.79178	0	0.05912	0.1491
V699	0.55246	0.2576	0.11925	0.07069
V700	0.29266	0.00236	0.02908	0.67589
V701	0.1368	0.49216	0.17461	0.19642
V702	0.56705	0.05528	0.03582	0.34186
V703	0.16033	0.04655	0.54363	0.24949
V704	0.79082	0.02376	0.07634	0.10908
V705	0.87553	0	0.07731	0.04716
V706	0.11209	0.06046	0.77731	0.05013
V707	0.06693	0.39111	0.54196	0
V708	0.07252	0.78775	0.09864	0.04109
V709	0.15628	0.24853	0.55857	0.03662
V710	0.59105	0.1901	0.09262	0.12623
V711	0.12295	0.69733	0.17972	0
V712	0.80327	0.03472	0.03517	0.12684
V713	0.445	0.27884	0.07213	0.20404
V714	0.03079	0.62922	0.09311	0.24688
V715	0.30719	0.30302	0.36177	0.02802
V716	0.09408	0.03982	0.12041	0.7457
V717	0.12368	0.83628	0.04004	0
V718	0.16985	0.50621	0.25067	0.07327
V719	0.08696	0.65327	0.10595	0.15382
V720	0.66293	0	0.28148	0.05559
V721	0.14605	0.16101	0.51985	0.17308
V722	0.12728	0.33792	0.04208	0.49272
V723	0.17397	0.08903	0.02247	0.71453
V724	0.58202	0	0.14031	0.27767
V725	0.00945	0.11461	0.86276	0.01317
V726	0.05924	0.37203	0.18246	0.38628
V727	0.27645	0.56413	0.15942	0
V728	0.06005	0.7549	0.18505	0
V729	0.4264	0	0.21409	0.35951
V730	0.83176	0.01187	0.11506	0.0413
V731	0.04543	0.19578	0.46066	0.29813
V732	0.35745	0.06452	0.4083	0.16974
V733	0.63178	0.16709	0.07343	0.12771
V734	0.24118	0.26819	0.49063	0
V735	0.04826	0.02582	0.54667	0.37925
V736	0.21415	0	0.0425	0.74335
V737	0.3325	0.26427	0.29836	0.10488
V738	0.09857	0.31045	0.50146	0.08952
V739	0	0.02245	0.67386	0.30369
V740	0.79076	0.06486	0.14022	0.00416
V741	0.48779	0.08349	0.17887	0.24985
V742	0.40328	0.51639	0.08033	0
V743	0.15921	0.13858	0.7022	0
V744	0.50473	0.02161	0.38813	0.08553
V745	0.03905	0.62705	0.26397	0.06993
V746	0.94482	0	0.00628	0.0489
V747	0.08989	0	0.75246	0.15764
V748	0.14852	0.10426	0.6209	0.12632
V749	0.31395	0.16853	0.08876	0.42876
V750	0.42262	0.42053	0.0655	0.09135
V751	0.08325	0.7686	0.12206	0.02609
V752	0.45628	0.20745	0.18887	0.1474
V753	0.11422	0.04967	0	0.83611
V754	0.05209	0.87163	0.03895	0.03733
V755	0.17106	0.18684	0.40037	0.24174
V756	0.08811	0	0.14364	0.76824
V757	0.34974	0.51872	0.13154	0
V758	0.07408	0.68039	0.20738	0.03815
V759	0.15331	0.05262	0.46521	0.32887
V760	0.31249	0.04034	0.34317	0.304
V761	0.09233	0.51711	0.34773	0.04283
V762	0	0.38337	0.07226	0.54436
V763	0.40104	0.3325	0.06363	0.20283
V764	0.04582	0.83382	0.08664	0.03372
V765	0.69061	0.0678	0	0.24159
V766	0.03558	0.30596	0.49803	0.16042
V767	0.46988	0.10906	0.30154	0.11952
V768	0.1007	0.79775	0.10088	0.00067
V769	0.17185	0.723	0.10515	0
V770	0.05998	0.84449	0.09553	0
V771	0.18915	0.02192	0.78893	0
V772	0.15841	0.05371	0.78788	0
V773	0.19255	0.73745	0.06999	0
V774	0.06628	0	0.91412	0.0196
V775	0.15109	0.02643	0.35305	0.46943
V776	0.43332	0.38188	0.10179	0.083
V777	0.20997	0.10793	0.2017	0.4804
V778	0.52781	0.25139	0.11556	0.10524
V779	0.19322	0.03493	0.55016	0.2217
V780	0.13326	0.65999	0.20676	0
V781	0.11882	0.03129	0.09421	0.75568
V782	0.03306	0.13329	0.79919	0.03445
V783	0.75804	0	0.10445	0.13751
V784	0.14247	0.76848	0.08905	0
V785	0.08294	0.82501	0.0874	0.00465
V786	0.68229	0.13596	0.14718	0.03457
V787	0	0.74571	0.25429	0
V788	0.49482	0.26995	0.21656	0.01867
V789	0.10289	0.35833	0.06971	0.46907
V790	0.47575	0	0.13246	0.39179
V791	0.15513	0.34527	0.39032	0.10927
V792	0.1626	0.5147	0.04556	0.27713
V793	0.15247	0.60529	0.09327	0.14897
V794	0.07877	0.09333	0.78543	0.04247
V795	0.1658	0.03244	0.12234	0.67942
V796	0.06442	0.10123	0.83161	0.00274
V797	0.71424	0	0.28376	0.002
V798	0.59968	0.25892	0.1414	0
V799	0.16578	0.69912	0.09369	0.04141
V800	0.1013	0.02048	0.57499	0.30323
V801	0.16381	0.11495	0.39075	0.3305
V802	0.06731	0.07746	0.34724	0.508
V803	0.22953	0.44537	0.3251	0
V804	0.50798	0	0.44291	0.04911
V805	0.07307	0	0.92693	0
V806	0.08974	0.81074	0.08371	0.01582
V807	0.29586	0.14892	0.06592	0.48931
V808	0.6411	0.23864	0.09934	0.02092
V809	0.07837	0.05628	0.86534	0
V810	0.06797	0.89074	0.03963	0.00165
V811	0.43274	0.05552	0.2628	0.24894
V812	0.54171	0.24148	0.09285	0.12397
V813	0.56908	0.17343	0.25496	0.00254
V814	0.42969	0.45976	0.11055	0
V815	0.00548	0.81324	0.18128	0
V816	0.8614	0	0.1386	0
V817	0.06693	0.09315	0.83992	0
V818	0.00499	0.06896	0.12458	0.80148
V819	0.77979	0.06199	0.11093	0.04728
V820	0.18701	0.10097	0.04904	0.66299
V821	0.23165	0.28955	0.4425	0.03629
V822	0.10715	0.04047	0.8456	0.00679
V823	0.04868	0.19205	0.70401	0.05525
V824	0.10571	0.32793	0.56636	0
V825	0.23731	0.27229	0.31342	0.17698
V826	0.42503	0.36088	0.2141	0
V827	0.39288	0.53409	0.07158	0.00144
V828	0.25276	0.15925	0.16405	0.42394
V829	0.07279	0.24509	0.08603	0.59609
V830	0.25844	0.22563	0.05659	0.45933
V831	0.74686	0.06958	0.07539	0.10817
V832	0.28135	0.36661	0.2295	0.12254
V833	0.16992	0.46323	0.24653	0.12032
V834	0.32628	0.0583	0.13353	0.48189
V835	0.36518	0.40515	0.17823	0.05144
V836	0.03876	0.6359	0.07015	0.25519
V837	0.23776	0.35201	0.25167	0.15856
V838	0.85995	0.0302	0.10576	0.00409
V839	0.30659	0.52733	0.16608	0
V840	0.30125	0.62141	0.07734	0
V841	0.01347	0.07072	0.88231	0.03351
V842	0.35883	0.15343	0.31723	0.17052
V843	0.05656	0.04329	0.85674	0.0434
V844	0.14255	0.08391	0.44435	0.3292
V845	0.09919	0.11744	0.74944	0.03393
V846	0	0.03447	0.80662	0.15891
V847	0	0	0.15998	0.84002
V848	0.11229	0.47319	0.23833	0.17619
V849	0	0.87923	0.10024	0.02054
V850	0.87531	0	0.08767	0.03702
V851	0.33454	0.45774	0.20772	0
V852	0.15281	0.03802	0.2032	0.60598
V853	0.25323	0.2115	0.45149	0.08378
V854	0.57551	0.15047	0.15852	0.11551
V855	0	0	0.15998	0.84002
V856	0.06662	0.33448	0.41775	0.18115
V857	0.65782	0.15639	0.07358	0.11221
V858	0.52639	0	0.47361	0
V859	0.6439	0.21335	0.05799	0.08476
V860	0.23124	0.11022	0.0988	0.55974
V861	0.11082	0.31575	0.57343	0
V862	0.16126	0.09494	0.72606	0.01775
V863	0.26102	0.0555	0	0.68348
V864	0.12922	0.02769	0.12381	0.71928
V865	0.1522	0	0.33674	0.51106
V866	0.68394	0	0.31211	0.00395
V867	0.68086	0.00829	0.31085	0
V868	0.4977	0.25072	0.19348	0.0581
V869	0.07156	0.84367	0.08477	0
V870	0.13775	0.33696	0.05335	0.47194
V871	0	0.87923	0.10024	0.02054
V872	0.0414	0.0062	0.33317	0.61924
V873	0.82214	0.00896	0.12146	0.04744
V874	0.21126	0.68556	0.10318	0
V875	0.0379	0.1953	0.27385	0.49295
V876	0.1772	0.30307	0.46551	0.05421
V877	0.06667	0.37557	0.36702	0.19075
V878	0.15487	0.70105	0.14407	0
V879	0.21687	0.62471	0.10774	0.05068
V880	0.32671	0.50586	0.05127	0.11617
V881	0.17025	0.04319	0.6412	0.14536
V882	0.7495	0	0.18154	0.06896
V883	0.27785	0.17592	0.54623	0
V884	0.05732	0.2877	0	0.65498
V885	0.67885	0.17553	0.14562	0
V886	0.03719	0.34322	0.52361	0.09598
V887	0.61271	0.04207	0.2196	0.12563
V888	0.13184	0.05723	0.75357	0.05736
V889	0.85022	0.03463	0.0794	0.03576
V890	0.05733	0.15073	0.65867	0.13327
V891	0.59469	0.0319	0.34469	0.02872
V892	0.31773	0.17829	0.03344	0.47054
V893	0.55313	0.1909	0.21358	0.0424
V894	0.09565	0.29006	0.61429	0
V895	0.57227	0.04488	0.25883	0.12402
V896	0.08416	0.83702	0.07288	0.00593
V897	0.67596	0.22827	0.04447	0.0513
V898	0.48373	0	0.04354	0.47273
V899	0.05098	0.19468	0.21127	0.54308
V900	0.09806	0.28319	0.42691	0.19185
V901	0.07074	0.77274	0.06755	0.08898
V902	0.08535	0.77453	0.14012	0
V903	0.03117	0.38709	0.57627	0.00547
V904	0.07754	0.89352	0.02895	0
V905	0.19061	0	0.23818	0.57121
V906	0.41914	0.07451	0.16039	0.34596
V907	0.43791	0.46081	0.07337	0.02791
V908	0.03978	0.0508	0.15742	0.752
V909	0.16918	0.74848	0.03924	0.0431
V910	0.20636	0	0.1796	0.61404
V911	0.512	0.35378	0.08479	0.04943
V912	0.39344	0.30239	0.17639	0.12778
V913	0.18657	0	0.04592	0.76751
V914	0.20055	0.43957	0.35988	0
V915	0.27109	0	0.04426	0.68465
V916	0.26019	0.05817	0.66443	0.01721
V917	0.67981	0.00138	0.23189	0.08692
V918	0.07017	0.56837	0.30859	0.05286
V919	0.21546	0.22438	0.35571	0.20445
V920	0.5896	0.17865	0.15084	0.08091
V921	0.06867	0.16574	0.07915	0.68644
V922	0.12484	0.41938	0.45174	0.00404
V923	0.14737	0	0.11892	0.73371
V924	0.06601	0.59009	0.3439	0
V925	0.23869	0.01767	0.04688	0.69676
V926	0.25356	0	0.08315	0.66329
V927	0.07048	0.04083	0.13683	0.75186
V928	0.08664	0.80817	0.06998	0.03521
V929	0.08128	0.5863	0.20542	0.12699
V930	0.50516	0.33754	0.08096	0.07634
V931	0.15637	0.25788	0.54987	0.03588
V932	0.05886	0.11983	0.65128	0.17003
V933	0.58472	0.34442	0.07086	0
V934	0.02581	0.15369	0.34886	0.47164
V935	0.53306	0.1465	0.26982	0.05063
V936	0.52619	0.25119	0.05396	0.16866
V937	0.53809	0.11215	0.13548	0.21428
V938	0.38441	0.02741	0.36989	0.21829
V939	0.72479	0	0.13055	0.14466
V940	0.05593	0.69915	0.23993	0.00499
V941	0.02036	0.00926	0.9567	0.01368
V942	0.7014	0.16386	0.12957	0.00517
V943	0.38658	0.11979	0.46881	0.02481
V944	0.03857	0.26955	0.1225	0.56938
V945	0.55413	0.32143	0.05464	0.06979
V946	0.44154	0.23685	0.31802	0.00359
V947	0.11999	0.04036	0.30363	0.53602
V948	0.33694	0.02879	0.63427	0
V949	0	0.11613	0.28536	0.59852
V950	0.07671	0.49396	0.2829	0.14644
V951	0.77398	0	0.226	2e-05
V952	0.0979	0.1281	0.3333	0.4407
V953	0.05431	0.07649	0.85401	0.0152
V954	0.06214	0.18311	0.21137	0.54338
V955	0.15202	0.56218	0.07854	0.20725
V956	0.06958	0.02532	0.5747	0.3304
V957	0.38553	0	0	0.61447
V958	0.13953	0	0	0.86047
V959	0.24123	0.24163	0.479	0.03814
V960	0.26144	0.26737	0.12191	0.34928
V961	0.1549	0.35325	0.41006	0.08179
V962	0.35742	0.158	0.44298	0.0416
V963	0.56468	0.15212	0.22215	0.06105
V964	0.7802	0.00717	0.17284	0.03979
V965	0.07826	0.46802	0.25922	0.1945
V966	0.88731	0.0112	0.05919	0.0423
V967	0.08905	0.04401	0.5841	0.28284
V968	0.00245	0.16317	0.79908	0.0353
V969	0.02909	0.28811	0.09393	0.58888
V970	0.05805	0.1228	0.49138	0.32777
V971	0.48144	0.07329	0.38814	0.05713
V972	0.50999	0.18558	0.08972	0.21472
V973	0.28838	0.39273	0.12774	0.19115
V974	0.03035	0.70396	0.22014	0.04555
V975	0.12026	0.26002	0.61972	0
V976	0.43884	0.22897	0.16652	0.16567
V977	0.31344	0.30778	0.37878	0
V978	0.11306	0.09098	0.12947	0.66649
V979	0.74957	0	0.25043	0
V980	0.94482	0	0.00628	0.0489
V981	0.34453	0.01743	0.48715	0.1509
V982	0.44072	0.36099	0.1342	0.06409
V983	0.70627	0.03653	0.02849	0.22871
V984	0.04521	0.7401	0.20608	0.00861
V985	0.11965	0.19534	0.02673	0.65828
V986	0.33672	0.47685	0.10638	0.08005
V987	0.26837	0.68746	0.04417	0
V988	0.26652	0	0.05375	0.67973
V989	0.43922	0.41619	0.1446	0
V990	0.00352	0.06947	0.8285	0.09851
V991	0.6561	0.33264	0.00895	0.00231
V992	0.2246	0	0.57349	0.20191
V993	0.09755	0.63735	0.2539	0.0112
V994	0.20897	0.68795	0.10309	0
V995	0.71589	0.08714	0.07354	0.12342
V996	0.31227	0.11716	0.03244	0.53813
V997	0.0553	0.02947	0.83683	0.0784
V998	0.80931	0	0.13298	0.05771
V999	0.15791	0.80541	0.03668	0
V1000	0.36908	0	0	0.63092
