B_cells	NK_cells	T_cells_CD4.	Monocytes
V1	0.61192	0	0.15963	0.22845
V2	0.16908	0.09224	0.0138	0.72488
V3	0.02742	0.69802	0.01505	0.25951
V4	0.93429	0.06571	0	0
V5	0.07922	0.50902	0.3156	0.09616
V6	0.02539	0.91983	0.05479	0
V7	0.14167	0.40015	0.08471	0.37346
V8	0.07524	0	0.92476	0
V9	0.26283	0.2617	0.00649	0.46898
V10	0	0	1	0
V11	0.15953	0.34959	0.49088	0
V12	0	0.57704	0.42296	0
V13	0.25677	0.73089	0.01234	0
V14	0.00828	0.9598	0.03193	0
V15	0.09826	0.64474	0.16534	0.09165
V16	0.98996	0.01004	0	0
V17	0.03816	0.92035	0.04149	0
V18	0.61278	0.34772	0.0395	0
V19	0.12428	0.85351	0.0222	0
V20	0.16868	0.51558	0.00674	0.309
V21	0.07645	0.04445	0.8791	0
V22	0	0.09961	0.21439	0.686
V23	0.36146	0.01141	0.62713	0
V24	1	0	0	0
V25	0.36839	0.25132	0.13599	0.2443
V26	0.43309	0.41526	0.00457	0.14708
V27	0.11078	0.04287	0	0.84635
V28	0	0.01998	0.98002	0
V29	0.44318	0	0.55682	0
V30	0.07803	0.23734	0.316	0.36863
V31	0.19541	0.20325	0.33875	0.26259
V32	0.09492	0.01227	0	0.89281
V33	0	0.53046	0.43836	0.03118
V34	0.0765	0.02121	0.90229	0
V35	0.12972	0.74831	0.12197	0
V36	0	0.02719	0.53825	0.43456
V37	0.61151	0.0505	0.08427	0.25372
V38	0.47951	0	0.15558	0.36491
V39	0.15019	0.60452	0.17425	0.07104
V40	0.03613	0.85011	0.11375	0
V41	0	0.73712	0.06565	0.19723
V42	0.24601	0.00823	0.2206	0.52516
V43	0.08044	0.344	0.57556	0
V44	0	0.06558	0.82517	0.10925
V45	0.06484	0.62687	0.28875	0.01954
V46	0.85234	0.03656	0.11111	0
V47	0.46026	0.18231	0.35743	0
V48	0.86826	0.13174	0	0
V49	0.81527	0.16287	0	0.02187
V50	0.00332	0.86651	0.13017	0
V51	0.29365	0.40395	0.3024	0
V52	0	0.0986	0.9014	0
V53	0.7693	0.08641	0.14429	0
V54	0.41652	0.1766	0.40687	0
V55	0.21966	0.13065	0.26832	0.38138
V56	0.05579	0	0.06083	0.88338
V57	0.04719	0.90092	0.05189	0
V58	0.72848	0	0	0.27152
V59	0.45198	0.41945	0.12857	0
V60	0.1163	0.16202	0.37518	0.3465
V61	0.89682	0.0743	0	0.02888
V62	0.95163	0.00019	0.04819	0
V63	0	0.83715	0.16285	0
V64	0	0.93891	0.01023	0.05086
V65	0.00462	0	0.07078	0.9246
V66	0.21417	0.74402	0.04182	0
V67	0.09805	0.32496	0.57699	0
V68	0.17601	0.15085	0	0.67314
V69	0	0.31137	0.68863	0
V70	0.58456	0.14315	0.20079	0.0715
V71	0.1562	0.06255	0.43222	0.34902
V72	0.63389	0.15158	0.09286	0.12167
V73	0.13366	0.65631	0.19298	0.01705
V74	0	0.20384	0.79616	0
V75	0.77485	0	0.18566	0.03949
V76	0	0.19115	0.18642	0.62243
V77	0.01861	0.32054	0	0.66085
V78	0.33324	0.11258	0.20025	0.35393
V79	0	0.09061	0.88434	0.02505
V80	0.35417	0	0.60722	0.03861
V81	0	0.14622	0.85378	0
V82	0	0.04646	0.95354	0
V83	0.14439	0.19847	0.05531	0.60184
V84	0.44562	0.02355	0.16758	0.36325
V85	0.0744	0.33712	0.47553	0.11295
V86	0	0.04045	0.95955	0
V87	0	0.89467	0.10533	0
V88	0.16989	0.04912	0.30188	0.47911
V89	0	0.00236	0.21371	0.78393
V90	0	0.90776	0.09224	0
V91	0	0.75546	0.24454	0
V92	0.48538	0	0.42777	0.08685
V93	0.96572	0	0	0.03428
V94	0	0.51289	0.0044	0.48271
V95	0.25766	0.46218	0.19546	0.08471
V96	0.08317	0.10464	0	0.81219
V97	0.71581	0.07174	0.21245	0
V98	0.7363	0.2637	0	0
V99	0.85145	0.00759	0.14095	0
V100	0.00789	0.0134	0.9787	0
V101	0.0266	0.02979	0	0.94361
V102	0.99223	0.00777	0	0
V103	0.00138	0.04939	0.06954	0.87969
V104	0	0.97263	0.02737	0
V105	0	0.95618	0.04382	0
V106	0.07543	0.53336	0.39121	0
V107	0.1519	0.20345	0.64465	0
V108	0.09993	0.77211	0.12796	0
V109	0	0.16246	0.66704	0.1705
V110	0	0.92002	0.07998	0
V111	0.97516	0	0.02484	0
V112	0.11187	0.05366	0.49642	0.33805
V113	0.20231	0.10864	0.18921	0.49984
V114	0.28607	0.03203	0.05928	0.62261
V115	0	0.73458	0.26542	0
V116	0.11511	0.33461	0.43742	0.11286
V117	0.73481	0.24372	0.02148	0
V118	0.15943	0.63494	0.04896	0.15668
V119	0.1325	0.08365	0.01542	0.76843
V120	0.00383	0.0597	0.93647	0
V121	0.66061	0.11678	0.09029	0.13232
V122	1	0	0	0
V123	0	0.57532	0.04674	0.37793
V124	0.72525	0.27475	0	0
V125	0.38207	0.41506	0.20288	0
V126	0.03761	0.17179	0.02071	0.76989
V127	0.17182	0.03697	0.28773	0.50349
V128	0.03693	0.00066	0.0921	0.87031
V129	0.6036	0.22009	0.1763	0
V130	0	0.63179	0.36821	0
V131	0	0.97957	0.02043	0
V132	1	0	0	0
V133	0.97938	0	0.02062	0
V134	0.09474	0.43826	0.15294	0.31406
V135	0.08307	0.00499	0.1872	0.72474
V136	0.2637	0.44128	0	0.29501
V137	0.70627	0.00795	0.26911	0.01667
V138	0.20659	0.4351	0.21781	0.1405
V139	0.3748	0.21344	0.22213	0.18963
V140	0.03401	0.10444	0.02182	0.83973
V141	0.01853	0.16697	0.62857	0.18592
V142	0.82659	0	0.17341	0
V143	0.47522	0.27623	0.06425	0.1843
V144	0.17262	0.17096	0.18127	0.47515
V145	0	0.73896	0.26104	0
V146	0.07686	0	0.00118	0.92196
V147	1	0	0	0
V148	0.09748	0.06898	0.66676	0.16678
V149	0.22914	0.51396	0.2569	0
V150	0.03837	0.25732	0.68113	0.02317
V151	0.20766	0.67815	0.057	0.05719
V152	0.22361	0.47118	0.27276	0.03244
V153	0.08664	0.82213	0.04756	0.04367
V154	0.21491	0.46471	0.32039	0
V155	0.49819	0.13787	0.32147	0.04247
V156	0	0.14547	0.78213	0.0724
V157	0.31338	0.15941	0.35669	0.17053
V158	0.03507	0	0	0.96493
V159	0.97498	0.02502	0	0
V160	0.78308	0	0.02766	0.18925
V161	0.24789	0	0	0.75211
V162	0.05297	0.34725	0.08076	0.51902
V163	0.07259	0.53852	0.2164	0.17249
V164	0.36473	0.332	0.1179	0.18538
V165	0	0.28531	0	0.71469
V166	0	0.1179	0.04626	0.83584
V167	0.39242	0	0	0.60758
V168	0.28707	0.6015	0.11143	0
V169	0.22473	0.05226	0	0.723
V170	0.07934	0.00905	0.60785	0.30377
V171	0.08267	0.24933	0.668	0
V172	0.74475	0	0.25525	0
V173	0.025	0.17249	0.01061	0.79191
V174	0.00104	0.19693	0.05998	0.74206
V175	0.00675	0	0.90712	0.08612
V176	0	0.79497	0.20503	0
V177	0	0.9902	0.0098	0
V178	0	0.84473	0.01809	0.13718
V179	0.15894	0	0.43382	0.40724
V180	0	0.89409	0.10591	0
V181	0.13582	0.13635	0.61864	0.10919
V182	0.29069	0.18443	0.52319	0.0017
V183	0.14578	0.83387	0.02035	0
V184	1	0	0	0
V185	0.59777	0.40223	0	0
V186	0.09072	0.5174	0.32812	0.06376
V187	1	0	0	0
V188	0.05052	0.24952	0	0.69996
V189	0.9069	0	0	0.0931
V190	0.67791	0	0.32209	0
V191	0.14784	0.21168	0.64048	0
V192	0.31973	0.50455	0.06176	0.11396
V193	0.65746	0.00612	0.26028	0.07614
V194	0	0.97028	0.02972	0
V195	0	0.01612	0.98388	0
V196	0.00723	0.07876	0	0.91401
V197	0.48313	0.02615	0	0.49073
V198	0.01699	0.53518	0.44783	0
V199	0.18464	0.01105	0.18518	0.61913
V200	0.12322	0.63061	0.02139	0.22478
V201	0.0682	0.60036	0.24872	0.08273
V202	0	0.01101	0.8673	0.12169
V203	0.11733	0.435	0.44767	0
V204	0	0.60269	0	0.39731
V205	0	0.04745	0.95255	0
V206	0	0.08582	0.91418	0
V207	0.14529	0.22323	0.03009	0.60139
V208	0.21045	0.05076	0.73879	0
V209	0.31657	0.50379	0.0866	0.09304
V210	0.04516	0.81099	0.14385	0
V211	0.49254	0	0	0.50746
V212	0.51524	0.01401	0.47076	0
V213	0.71524	0.00172	0.10618	0.17686
V214	0.35725	0.16963	0.17983	0.29329
V215	0.33529	0.09048	0	0.57423
V216	0.05269	0	0	0.94731
V217	0.00194	0.54163	0.29474	0.16169
V218	0.07496	0.4951	0.21097	0.21897
V219	0.09383	0.70933	0.0189	0.17794
V220	0	0.90215	0.02703	0.07082
V221	0.88365	0	0	0.11635
V222	0.32035	0.13565	0.4162	0.1278
V223	0	0.14311	0.84412	0.01278
V224	1	0	0	0
V225	0	0.90247	0.09753	0
V226	0.27643	0.06786	0.65571	0
V227	0.83059	0	0.16941	0
V228	0.85887	0.04385	0.0537	0.04358
V229	0	0.01305	0.98695	0
V230	0.02529	0.03397	0	0.94074
V231	0	0.32548	0.11337	0.56115
V232	0.01299	0.74236	0	0.24465
V233	0.61215	0.07514	0.21873	0.09399
V234	0	0.93633	0.06367	0
V235	0.36608	0.04474	0.58917	0
V236	0	0.07213	0.89936	0.02851
V237	0.18655	0	0	0.81345
V238	0.09362	0.57941	0.32698	0
V239	0.05298	0.46733	0	0.47969
V240	0.50841	0.01863	0.47295	0
V241	0	0	0.98692	0.01308
V242	0.08286	0.78327	0.13387	0
V243	0.21936	0.03233	0.71789	0.03042
V244	0.17751	0	0.7833	0.03919
V245	0.65083	0.29916	0.05001	0
V246	0	0.15226	0.84774	0
V247	0.09786	0.00749	0.89465	0
V248	0.03242	0.03983	0.01877	0.90897
V249	0	0.04119	0.95355	0.00526
V250	0.80069	0	0.19931	0
V251	1	0	0	0
V252	0	0.81883	0.18117	0
V253	0.40478	0.06068	0.17038	0.36416
V254	0	0.92257	0.07743	0
V255	0	0.9862	0.0138	0
V256	0.14529	0.22789	0.59384	0.03297
V257	0.45452	0.09457	0.25945	0.19146
V258	0.15094	0.28497	0.49243	0.07166
V259	0	0.30048	0.69952	0
V260	0	0.26238	0.73762	0
V261	0.67602	0.00371	0.21392	0.10635
V262	0.10976	0.05374	0	0.8365
V263	0	0.99258	0.00742	0
V264	0.15276	0.02646	0.49425	0.32653
V265	0.0302	0	0.11991	0.84989
V266	0.682	0.318	0	0
V267	0	0.19853	0.31171	0.48976
V268	0.4372	0	0.14106	0.42174
V269	0	0.559	0.441	0
V270	0.69706	0	0.26699	0.03594
V271	0.89505	0.04377	0.00855	0.05262
V272	0.02011	0.90459	0.04423	0.03107
V273	0.07307	0.01872	0.00757	0.90064
V274	0.76664	0	0.17445	0.05891
V275	0	0.01874	0.98126	0
V276	0.55553	0.35225	0	0.09222
V277	0.01186	0.24293	0.17434	0.57088
V278	0.00992	0.06223	0.32973	0.59812
V279	0.76228	0.03429	0.10975	0.09368
V280	0.03507	0	0	0.96493
V281	0.60885	0.00382	0.14226	0.24507
V282	0	0.07396	0.91446	0.01158
V283	0.20776	0.62415	0.08759	0.0805
V284	0	0.90924	0.09076	0
V285	0	0	1	0
V286	0.24208	0.58241	0.14661	0.0289
V287	0.0512	0.90824	0.04056	0
V288	0	0.3014	0.48712	0.21148
V289	0.26727	0.23102	0.4813	0.02041
V290	0.88479	0.11521	0	0
V291	0.48411	0.04574	0.47014	0
V292	1	0	0	0
V293	0.27598	0	0.72402	0
V294	0.07751	0.40695	0	0.51554
V295	0	0.20457	0.20673	0.5887
V296	0.14234	0.12623	0.69346	0.03797
V297	0.09034	0	0.04065	0.86901
V298	0.26397	0.08892	0.6471	0
V299	0.06111	0.31099	0	0.6279
V300	0	0.02838	0.24073	0.73089
V301	0.07717	0.11942	0.73352	0.0699
V302	0.69052	0.30948	0	0
V303	0	0.58389	0.41611	0
V304	0	0.02181	0.85197	0.12622
V305	0.0901	0.17468	0.52827	0.20696
V306	0.89018	0.07471	0.03511	0
V307	0	0.96077	0.03923	0
V308	0.21844	0.24778	0.34223	0.19156
V309	0.36355	0.34605	0.00382	0.28658
V310	0.05745	0.35868	0.17159	0.41227
V311	0.53425	0.46575	0	0
V312	0.04687	0.76032	0.19281	0
V313	0	0.12029	0	0.87971
V314	0	0.53257	0.1309	0.33654
V315	0.10536	0.68422	0.05456	0.15586
V316	0.30516	0.1363	0.44115	0.11739
V317	0.06038	0.76276	0.07749	0.09937
V318	0.00411	0.63355	0.00638	0.35596
V319	0	0.0619	0.9381	0
V320	0.02468	0.15681	0.73921	0.07929
V321	0.67063	0.32937	0	0
V322	0.19782	0.36119	0.06755	0.37344
V323	0.06415	0.01326	0.06903	0.85356
V324	0.69668	0.24063	0.06269	0
V325	0.28363	0.64489	0.07148	0
V326	0	0.61476	0.1092	0.27604
V327	0	0.17364	0.09466	0.7317
V328	0	0.02161	0.84543	0.13296
V329	0.17638	0.12198	0.17798	0.52367
V330	0.40859	0	0.36577	0.22564
V331	0.3924	0.08712	0.00823	0.51225
V332	0	0.05334	0.18511	0.76155
V333	0.43246	0.06267	0.43924	0.06563
V334	0.36836	0	0.3934	0.23823
V335	0	0.3552	0.58377	0.06103
V336	0.16649	0.75666	0.04238	0.03447
V337	0.25388	0.4068	0.33931	0
V338	0	0.97388	0.02612	0
V339	0.05024	0	0.94976	0
V340	0.00414	0.24876	0.60771	0.13938
V341	0.02743	0.03777	0.03794	0.89686
V342	0.22318	0	0.68716	0.08967
V343	1	0	0	0
V344	0.69931	0.12045	0.18023	0
V345	0	0.01661	0.98339	0
V346	0.22878	0.1181	0.31886	0.33426
V347	0.04602	0	0.11457	0.83942
V348	0.01612	0.70575	0.19824	0.0799
V349	0.33875	0.16915	0.43957	0.05253
V350	0	0.79209	0.20791	0
V351	0	0.02738	0.44623	0.52639
V352	0	0.01325	0.95526	0.03149
V353	0.97452	0	0.00931	0.01617
V354	0	0.7157	0.2843	0
V355	0.26321	0.07	0.52455	0.14224
V356	0.0368	0.01586	0.08024	0.8671
V357	0.08417	0.36437	0.32805	0.22341
V358	0.60329	0.09735	0.02525	0.2741
V359	0.64612	0.03671	0	0.31718
V360	0.56874	0.42246	0.0088	0
V361	0	0.42278	0.57722	0
V362	0	0.96391	0.03609	0
V363	0.14347	0.12398	0.53549	0.19707
V364	0.11447	0.06134	0.77347	0.05072
V365	0.29732	0	0	0.70268
V366	0.04529	0.7394	0.12596	0.08935
V367	0.62967	0.11997	0	0.25036
V368	0.05585	0.78722	0.13266	0.02427
V369	0	0.37991	0.62009	0
V370	0.26436	0.27568	0.45996	0
V371	0.17437	0.76937	0.05626	0
V372	0.17563	0.05091	0.11136	0.6621
V373	0.03863	0.15433	0.54228	0.26476
V374	0.8092	0	0.1908	0
V375	0.03661	0.03918	0.13755	0.78666
V376	0.03465	0.03127	0.07875	0.85533
V377	0.85751	0	0	0.14249
V378	0	0.0273	0.45307	0.51962
V379	0.3669	0.20063	0	0.43248
V380	0.15031	0.07576	0.21301	0.56091
V381	0.80914	0	0.07097	0.1199
V382	0.00105	0.02638	0.97257	0
V383	0.91983	0	0.0127	0.06747
V384	0.60393	0.06283	0.13376	0.19948
V385	0.93861	0	0.05566	0.00573
V386	0.33224	0	0.13893	0.52883
V387	0.61539	0.14197	0.21186	0.03078
V388	0.38109	0.35098	0.17037	0.09756
V389	0.43923	0.54772	0.01305	0
V390	0.24938	0.24654	0.50408	0
V391	0.46494	0.09289	0	0.44218
V392	0.43893	0.23263	0.18479	0.14365
V393	0.26361	0.2434	0.4007	0.09229
V394	0.0818	0.26121	0.1123	0.5447
V395	0.20468	0.42236	0.24302	0.12995
V396	0	0.97291	0.02709	0
V397	0.83701	0.06314	0.09985	0
V398	0.48269	0.13932	0.08903	0.28896
V399	0.17411	0.58847	0.1979	0.03952
V400	0	0.63815	0.07502	0.28683
V401	0	0.16753	0.81156	0.02091
V402	0.85078	0.14015	0.00907	0
V403	0.02755	0.02179	0.05034	0.90033
V404	0.03799	0.213	0.70371	0.04531
V405	0.237	0.02062	0.17175	0.57064
V406	0.69996	0.25406	0	0.04598
V407	0	0.97388	0.02612	0
V408	0.05224	0.26969	0.46243	0.21564
V409	0	0.02733	0.00145	0.97122
V410	0.03776	0.89739	0.06485	0
V411	0.47647	0	0	0.52353
V412	0.13038	0.07699	0.57132	0.22131
V413	0.01937	0.53416	0.22802	0.21845
V414	0	0.54088	0.39986	0.05925
V415	0.47497	0.01227	0.25308	0.25968
V416	0	0.0606	0.9394	0
V417	0.37406	0.62269	0.00325	0
V418	0.06509	0.12013	0.14052	0.67427
V419	0.03035	0	0.0095	0.96016
V420	0	0.95063	0.04449	0.00487
V421	0.11565	0.03681	0.77445	0.07309
V422	0.0538	0.06051	0	0.88569
V423	0.00789	0.0134	0.9787	0
V424	0	0.04976	0.68662	0.26362
V425	0	0.26033	0.68507	0.0546
V426	0.03111	0.04835	0.89644	0.0241
V427	0.03624	0.44097	0.23171	0.29108
V428	0.05685	0.83031	0.09994	0.0129
V429	0.02563	0	0.01828	0.95609
V430	0.82249	0.15847	0	0.01904
V431	0.16441	0.0149	0.51762	0.30306
V432	0.11821	0.10725	0.01714	0.7574
V433	0.02446	0.82102	0.00182	0.1527
V434	0.37863	0.07659	0.02022	0.52457
V435	0.56257	0	0.10547	0.33196
V436	0.42567	0	0.09836	0.47596
V437	0.24421	0.2406	0	0.51519
V438	0.66899	0.16126	0.00761	0.16214
V439	0.0342	0.10193	0	0.86386
V440	0.55016	0.01548	0	0.43436
V441	0.01577	0.14431	0.68622	0.15371
V442	0.31955	0.37017	0.15886	0.15142
V443	0.8172	0	0.06465	0.11815
V444	0	0.01661	0.98339	0
V445	0.63112	0	0.36888	0
V446	0	0.89286	0.10714	0
V447	0.66855	0.08279	0.19554	0.05313
V448	0	0.07672	0.20103	0.72226
V449	0.58805	0.02229	0.33362	0.05604
V450	0.09049	0.87519	0.03432	0
V451	0.99631	0.00369	0	0
V452	0.04505	0.00028	0.05329	0.90138
V453	0.88378	0.05415	0.05688	0.00519
V454	0	0.92406	0.07594	0
V455	0.63054	0.0109	0.34183	0.01674
V456	0.3185	0.12439	0.43968	0.11743
V457	0	0.04156	0	0.95844
V458	0.28365	0.23722	0	0.47913
V459	0	0.8416	0.14469	0.01371
V460	1	0	0	0
V461	0.06943	0.02648	0	0.90408
V462	0.37275	0.24876	0	0.37849
V463	0.24148	0.50593	0.20082	0.05178
V464	0.56073	0.0757	0	0.36357
V465	0.42635	0.45829	0.02261	0.09276
V466	0.63721	0.1774	0	0.18538
V467	0.30346	0.58925	0.10729	0
V468	0.52385	0.41726	0.05889	0
V469	0	0.20181	0.31997	0.47821
V470	0.57656	0.12066	0.1994	0.10338
V471	0.29908	0.11606	0	0.58485
V472	0.34265	0.34762	0	0.30973
V473	0.04265	0.55784	0.39951	0
V474	0.13088	0	0.07736	0.79175
V475	0.17891	0.44337	0.08875	0.28897
V476	0.18778	0.00043	0.03046	0.78133
V477	0.64038	0.01712	0.22622	0.11628
V478	0.12376	0.65225	0	0.22399
V479	0	0.09115	0.88084	0.02802
V480	0.07032	0.3584	0.02994	0.54133
V481	0.08181	0.00781	0.91039	0
V482	0.73282	0.15133	0.11585	0
V483	0.13716	0.12768	0.05283	0.68233
V484	0.02654	0.08377	0	0.88969
V485	0.10183	0.80052	0.03232	0.06533
V486	0.27418	0.29316	0.14099	0.29167
V487	0.08235	0.04905	0.0664	0.80221
V488	0	0	0.95712	0.04288
V489	0.15901	0.09768	0.74331	0
V490	0.35647	0.34565	0.06813	0.22975
V491	0.46544	0.49225	0.0423	0
V492	0	0.82888	0.17112	0
V493	0.02972	0	0	0.97028
V494	0.16118	0.16919	0.59375	0.07588
V495	0.18839	0.63265	0.17897	0
V496	0.2717	0.72741	0.00089	0
V497	0	0	1	0
V498	0.34975	0.11346	0.02272	0.51407
V499	0.62282	0.25	0.12718	0
V500	0.04186	0.13394	0.8242	0
V501	0	0	0.02354	0.97646
V502	0.55426	0.27609	0.16965	0
V503	0.19984	0.10852	0.21533	0.4763
V504	0.22776	0.74234	0.02989	0
V505	0.18457	0.24112	0.29009	0.28423
V506	0.04798	0.28112	0.52286	0.14804
V507	0.65793	0.09412	0.12482	0.12312
V508	0.81272	0.15927	0.02801	0
V509	0.20759	0.06162	0.57662	0.15417
V510	0.17618	0.51777	0.30605	0
V511	0.02107	0.48074	0.04191	0.45628
V512	0.27193	0.0452	0.05986	0.62302
V513	0.03712	0.68119	0.2817	0
V514	0.00973	0.06451	0	0.92577
V515	0.84509	0.044	0.02897	0.08193
V516	0.96684	0.03316	0	0
V517	0.01845	0.02529	0.27565	0.68061
V518	1	0	0	0
V519	0	0.94079	0.03394	0.02527
V520	0	0	0.69935	0.30065
V521	0.57247	0.02319	0.40433	0
V522	0	0.13773	0.64022	0.22205
V523	0.36047	0.1341	0.29028	0.21515
V524	0	0.76642	0.23358	0
V525	0.27732	0.23208	0	0.4906
V526	0.7035	0.06948	0.06325	0.16376
V527	0.19675	0.01278	0.45295	0.33753
V528	0.06176	0.92159	0.01665	0
V529	0.04512	0.07199	0.23929	0.64359
V530	0	0.21636	0.74449	0.03915
V531	0	0.856	0.144	0
V532	0.17653	0.37567	0.00372	0.44408
V533	0.27987	0.38507	0.161	0.17406
V534	0	0.01047	0.78691	0.20262
V535	0.59961	0	0	0.40039
V536	0.18499	0	0.41177	0.40324
V537	0.59199	0.24571	0.1623	0
V538	0.50507	0.04252	0.07032	0.38209
V539	0.25766	0.46218	0.19546	0.08471
V540	0.17332	0.71827	0.10841	0
V541	0	0.56736	0.07309	0.35955
V542	0.19106	0.14507	0.28219	0.38168
V543	0.95336	0	0	0.04664
V544	0.10032	0.10397	0.17736	0.61835
V545	0.39677	0.15602	0.05206	0.39515
V546	0	0.8947	0.1053	0
V547	0	0.63488	0.36512	0
V548	0.10485	0.77545	0.1197	0
V549	0.28814	0.0156	0.69626	0
V550	0.64515	0	0	0.35485
V551	0.15645	0.7764	0.06715	0
V552	0	0.58581	0	0.41419
V553	0.17763	0.15008	0.67229	0
V554	0.06203	0.09759	0	0.84038
V555	0.05861	0.26051	0.38412	0.29676
V556	0	0.02819	0.97181	0
V557	0.89786	0	0	0.10214
V558	0.03281	0.85042	0.06304	0.05374
V559	0	0.77937	0.22063	0
V560	0.71809	0.28191	0	0
V561	0	0.01874	0.98126	0
V562	0.84852	0	0.10161	0.04987
V563	0.18948	0	0.81052	0
V564	0	0.07888	0.92112	0
V565	0.09191	0.29137	0.43629	0.18043
V566	0.76676	0.0697	0	0.16354
V567	0.22159	0.49752	0.01909	0.2618
V568	0.27723	0	0.01485	0.70792
V569	0.74507	0	0	0.25493
V570	0	0.30784	0.68992	0.00225
V571	0.89854	0.09601	0	0.00545
V572	0.45064	0	0.49288	0.05648
V573	0.05959	0.18503	0	0.75539
V574	0	0.7819	0.2181	0
V575	0.004	0.10282	0.11598	0.7772
V576	0.11043	0.82286	0.0667	0
V577	0.02294	0.04977	0.2259	0.70139
V578	0	0.07846	0.7758	0.14574
V579	0	0.87135	0.12865	0
V580	0.168	0	0.09366	0.73834
V581	0.07129	0.07121	0	0.8575
V582	0.63675	0.15239	0.00495	0.20591
V583	0	0.05014	0.65832	0.29154
V584	0.51857	0.15418	0.32725	0
V585	0	0.00424	0.50052	0.49525
V586	0.20703	0	0.74088	0.05208
V587	0.23174	0	0.76826	0
V588	0.70242	0.01841	0	0.27917
V589	0.01364	0.86903	0.11732	0
V590	0	0.76081	0.23919	0
V591	0	0.03982	0.20573	0.75446
V592	0.08494	0.02696	0.8881	0
V593	0.63036	0	0.1764	0.19324
V594	0.31524	0.30117	0.38359	0
V595	0.04009	0.0283	0	0.93161
V596	0	0.32668	0.25921	0.4141
V597	0	0.59906	0.39865	0.00229
V598	0	0.11303	0.88697	0
V599	0.65583	0.31871	0.02546	0
V600	0.36774	0.50691	0.06458	0.06078
V601	0.16018	0.31604	0.07736	0.44642
V602	0.03991	0.02687	0	0.93322
V603	0	0.41837	0	0.58163
V604	0.51122	0.11005	0.37873	0
V605	0.02318	0.36491	0.46695	0.14497
V606	0.7932	0.14155	0	0.06524
V607	0.71249	0	0.09357	0.19394
V608	0.20028	0.17859	0.43773	0.1834
V609	0	0.27653	0.26523	0.45824
V610	0.83934	0	0.07838	0.08228
V611	0.32937	0	0.01077	0.65986
V612	0	0.10343	0.88547	0.0111
V613	0	0.34257	0.65743	0
V614	0.83527	0.04456	0.02826	0.09191
V615	0.14331	0.04321	0	0.81348
V616	0.0477	0.76488	0.07735	0.11007
V617	0.4509	0.14565	0.40345	0
V618	0.77981	0	0	0.22019
V619	0.40036	0.01521	0.35556	0.22886
V620	0	0.63179	0.36821	0
V621	0.4447	0.16385	0.19106	0.20039
V622	0.32992	0.22785	0.44222	0
V623	0.00187	0.09061	0.14037	0.76715
V624	0.84299	0.15701	0	0
V625	0.26024	0.52989	0.12743	0.08245
V626	1	0	0	0
V627	0	0.02778	0.05049	0.92173
V628	0	0.24958	0	0.75042
V629	0.09902	0.32802	0.32489	0.24807
V630	0	0.34708	0.65292	0
V631	0	0.231	0.09801	0.67099
V632	0.63835	0	0.11512	0.24652
V633	0	0.03695	0.90108	0.06197
V634	0.3669	0.25978	0.37332	0
V635	0	0.83525	0.01786	0.14689
V636	0.07812	0.11913	0.72293	0.07982
V637	0.32423	0.22067	0.0818	0.3733
V638	0.40016	0.2841	0.06282	0.25292
V639	0.22164	0.42603	0.35233	0
V640	0	0.16559	0.83441	0
V641	0.97485	0.01482	0.00274	0.0076
V642	0.83546	0.15161	0	0.01293
V643	0	0.2069	0.50302	0.29008
V644	0.96762	0.03238	0	0
V645	0.22227	0.41628	0.36145	0
V646	0	0.97287	0.02713	0
V647	0.09832	0.0977	0.79421	0.00977
V648	0.40139	0.43757	0.16103	0
V649	0	0.07253	0.92409	0.00337
V650	0	0.10643	0.87374	0.01983
V651	0.26556	0	0.73444	0
V652	0.05709	0.10419	0.50157	0.33714
V653	0.09686	0.70759	0.14862	0.04693
V654	0.74837	0.19762	0.05401	0
V655	0.00251	0.64419	0.02216	0.33113
V656	0.21694	0.29796	0	0.4851
V657	0.02626	0.07559	0	0.89815
V658	0.64371	0.21764	0.05088	0.08777
V659	0.32467	0.08974	0.41325	0.17234
V660	0	0.98827	0.01173	0
V661	0.03376	0.48001	0.05404	0.43219
V662	0.41347	0	0.52807	0.05845
V663	0.21216	0.07599	0.64277	0.06907
V664	0.16308	0.07121	0.76572	0
V665	0.74593	0.18789	0.02754	0.03864
V666	0.6443	0	0.06746	0.28824
V667	0.80245	0.03539	0.16216	0
V668	0.06116	0.81746	0.12138	0
V669	0.21021	0.43939	0.30665	0.04375
V670	0.02667	0.95718	0.01615	0
V671	0.35547	0.30489	0.30307	0.03658
V672	0	0.02707	0.97293	0
V673	0.21573	0.3974	0.27792	0.10895
V674	0.78593	0.13668	0	0.07739
V675	0.10621	0.36014	0.37802	0.15564
V676	0.01753	0.13708	0.09314	0.75225
V677	0.39255	0.42667	0.11744	0.06334
V678	0.52513	0.47311	0.00176	0
V679	0	0.31315	0.68685	0
V680	0.27924	0.55123	0.16953	0
V681	0.96774	0.03226	0	0
V682	0.05751	0.31654	0.62595	0
V683	0	0.96495	0.03505	0
V684	0.74651	0.15492	0.09765	0.00092
V685	0.50379	0.35156	0.14465	0
V686	0.0809	0.21382	0.15872	0.54657
V687	0.04433	0.01068	0	0.94499
V688	0.39397	0.54028	0	0.06575
V689	0.28834	0	0	0.71166
V690	0.47471	0.03068	0.47783	0.01678
V691	0.089	0	0.911	0
V692	0.02097	0.15901	0.80168	0.01834
V693	0.21869	0.11881	0.42103	0.24147
V694	0	0.02795	0.31778	0.65428
V695	0.26456	0	0.14766	0.58778
V696	0.08385	0.08985	0	0.8263
V697	0.01373	0.06153	0	0.92473
V698	0.88982	0	0	0.11018
V699	0.59665	0.29591	0.07166	0.03577
V700	0.25694	0	0	0.74306
V701	0.08985	0.57316	0.14331	0.19368
V702	0.60081	0.05604	0	0.34316
V703	0.10689	0.0547	0.55921	0.2792
V704	0.90787	0.02093	0	0.0712
V705	1	0	0	0
V706	0.01929	0.05834	0.87886	0.04351
V707	0	0.44001	0.55999	0
V708	0	0.9379	0.0621	0
V709	0.09318	0.28737	0.59882	0.02062
V710	0.64579	0.21757	0.03845	0.0982
V711	0.03849	0.81996	0.14155	0
V712	0.8997	0.01641	0	0.08389
V713	0.46448	0.32292	0.01884	0.19376
V714	0	0.7284	0.02864	0.24297
V715	0.28443	0.35374	0.35726	0.00457
V716	0.04435	0.04919	0.01579	0.89067
V717	0.02372	0.95986	0.01643	0
V718	0.12029	0.59386	0.23555	0.05031
V719	0.02173	0.76976	0.06528	0.14323
V720	0.74576	0	0.23276	0.02148
V721	0.08851	0.18603	0.54106	0.18441
V722	0.08218	0.38308	0	0.53474
V723	0.11679	0.0799	0	0.8033
V724	0.64177	0.00247	0.06855	0.28722
V725	0	0.09467	0.90533	0
V726	0.00288	0.43432	0.13988	0.42292
V727	0.23179	0.65012	0.11808	0
V728	0	0.86981	0.13019	0
V729	0.44619	0	0.15781	0.396
V730	0.97596	0.00149	0.02255	0
V731	0	0.2238	0.45134	0.32486
V732	0.35269	0.07636	0.39853	0.17242
V733	0.69679	0.19116	0.0136	0.09845
V734	0.18472	0.30451	0.51077	0
V735	0	0.02762	0.54369	0.4287
V736	0.15479	0	0	0.84521
V737	0.32208	0.30875	0.28067	0.0885
V738	0.03237	0.3612	0.52563	0.0808
V739	0	0.00938	0.66991	0.32072
V740	0.89181	0.05708	0.05111	0
V741	0.51899	0.10145	0.12411	0.25546
V742	0.39347	0.59593	0.01059	0
V743	0.07346	0.14774	0.7788	0
V744	0.53768	0.02431	0.37147	0.06654
V745	0	0.72222	0.24071	0.03707
V746	1	0	0	0
V747	0	0	0.82116	0.17884
V748	0.08214	0.11734	0.66791	0.13261
V749	0.30443	0.19958	0.02759	0.4684
V750	0.43581	0.48952	0.01485	0.05982
V751	0	0.91633	0.08367	0
V752	0.47847	0.2408	0.14889	0.13185
V753	0.03168	0.01586	0	0.95245
V754	0	0.98636	0.01364	0
V755	0.12441	0.22004	0.39294	0.2626
V756	0.03749	0.00507	0.02662	0.93082
V757	0.32495	0.59277	0.08228	0
V758	0.00103	0.81004	0.18549	0.00343
V759	0.1015	0.06598	0.45959	0.37292
V760	0.29993	0.05432	0.31188	0.33387
V761	0.02328	0.60725	0.34938	0.0201
V762	0	0.42645	0	0.57355
V763	0.41054	0.38589	0.01079	0.19277
V764	0	0.96779	0.03221	0
V765	0.73497	0.05155	0	0.21348
V766	0	0.34511	0.50061	0.15427
V767	0.49582	0.12568	0.27419	0.10431
V768	0.00102	0.94209	0.05689	0
V769	0.09809	0.84456	0.05735	0
V770	0	0.97287	0.02713	0
V771	0.10748	0.00589	0.88662	0
V772	0.06476	0.04264	0.8926	0
V773	0.12428	0.85351	0.0222	0
V774	0	0	1	0
V775	0.10412	0.04199	0.31418	0.53971
V776	0.44681	0.44268	0.0592	0.0513
V777	0.17881	0.13489	0.14024	0.54607
V778	0.56529	0.28897	0.06916	0.07658
V779	0.14534	0.0412	0.56876	0.24469
V780	0.04783	0.77664	0.17553	0
V781	0.06061	0.03622	0	0.90317
V782	0	0.13317	0.86302	0.00382
V783	0.86867	0	0.02024	0.11109
V784	0.05566	0.90491	0.03943	0
V785	0	0.95872	0.04128	0
V786	0.7635	0.15187	0.08463	0
V787	0	0.80821	0.19179	0
V788	0.51569	0.30662	0.17769	0
V789	0.05505	0.42042	0.0076	0.51694
V790	0.50905	0.00672	0.05618	0.42806
V791	0.10271	0.40464	0.39322	0.09943
V792	0.12492	0.59336	0	0.28172
V793	0.10428	0.705	0.05765	0.13307
V794	0	0.09413	0.87831	0.02755
V795	0.12156	0.04863	0.03015	0.79966
V796	0	0.08737	0.91263	0
V797	0.7862	0	0.2138	0
V798	0.63669	0.28606	0.07725	0
V799	0.11093	0.8248	0.06216	0.00211
V800	0.02691	0.02445	0.598	0.35063
V801	0.11791	0.13787	0.37332	0.3709
V802	0.00922	0.09852	0.30592	0.58633
V803	0.17122	0.51475	0.31403	0
V804	0.53898	0	0.43401	0.027
V805	0	0	1	0
V806	0	0.95428	0.04572	0
V807	0.2822	0.17769	0	0.54011
V808	0.69885	0.26703	0.03412	0
V809	0	0.03432	0.96568	0
V810	0	0.99488	0.00512	0
V811	0.4492	0.07077	0.22108	0.25894
V812	0.58288	0.27723	0.04296	0.09693
V813	0.60345	0.18853	0.20803	0
V814	0.42404	0.52615	0.04982	0
V815	0	0.89753	0.10247	0
V816	0.98648	0	0.01352	0
V817	0	0.07616	0.92384	0
V818	0	0.06976	0.00667	0.92356
V819	0.90062	0.0649	0.03448	0
V820	0.14196	0.10844	0	0.74961
V821	0.1891	0.33762	0.45669	0.01659
V822	0	0.02741	0.97259	0
V823	0	0.20894	0.75506	0.036
V824	0.01448	0.37634	0.60918	0
V825	0.20555	0.31974	0.29691	0.17779
V826	0.41553	0.40763	0.17684	0
V827	0.37773	0.60837	0.0139	0
V828	0.23107	0.19135	0.10606	0.47152
V829	0.02486	0.28982	0.01318	0.67213
V830	0.23608	0.26088	0	0.50304
V831	0.84494	0.0765	0.00724	0.07132
V832	0.25921	0.42906	0.2048	0.10693
V833	0.12315	0.54189	0.22955	0.10541
V834	0.32182	0.0789	0.05956	0.53972
V835	0.35984	0.47147	0.14793	0.02076
V836	0	0.74091	0.0044	0.25469
V837	0.20677	0.41222	0.22902	0.15199
V838	0.98936	0.00997	0.00067	0
V839	0.26998	0.60525	0.12477	0
V840	0.26697	0.72226	0.01078	0
V841	0	0.05089	0.94911	0
V842	0.35626	0.17957	0.29514	0.16904
V843	0	0.02814	0.94994	0.02192
V844	0.08864	0.10229	0.43677	0.3723
V845	0.00629	0.12757	0.84583	0.02031
V846	0	0.01403	0.83172	0.15425
V847	0	0	0.00631	0.99369
V848	0.05901	0.55082	0.21794	0.17222
V849	0	0.97268	0.02732	0
V850	1	0	0	0
V851	0.30277	0.52489	0.17234	0
V852	0.10995	0.0566	0.12502	0.70843
V853	0.21876	0.2461	0.46327	0.07187
V854	0.62917	0.17337	0.10748	0.08999
V855	0	0	0.00631	0.99369
V856	0	0.3907	0.42074	0.18856
V857	0.72997	0.17844	0.01302	0.07858
V858	0.54482	0	0.45518	0
V859	0.71162	0.24221	0	0.04617
V860	0.20379	0.13525	0.02649	0.63448
V861	0.02182	0.36152	0.61666	0
V862	0.08411	0.10009	0.8158	0
V863	0.21612	0.03904	0	0.74484
V864	0.07827	0.04097	0.0243	0.85647
V865	0.10865	0	0.29444	0.59691
V866	0.74802	0	0.25198	0
V867	0.7446	0	0.2554	0
V868	0.52924	0.29005	0.15501	0.0257
V869	0	0.97325	0.02675	0
V870	0.09616	0.38877	0	0.51507
V871	0	0.97268	0.02732	0
V872	0	0.01612	0.26895	0.71492
V873	0.96498	0.00164	0.03338	0
V874	0.15273	0.7968	0.05047	0
V875	0	0.22823	0.22062	0.55115
V876	0.12344	0.35369	0.48479	0.03808
V877	0.00078	0.43935	0.36167	0.1982
V878	0.0751	0.82554	0.09935	0
V879	0.17748	0.73181	0.07665	0.01406
V880	0.31949	0.59123	1e-05	0.08926
V881	0.10989	0.04588	0.68781	0.15641
V882	0.86354	0	0.10713	0.02933
V883	0.22967	0.19261	0.57773	0
V884	0	0.3007	0	0.6993
V885	0.73623	0.18882	0.07495	0
V886	0	0.38756	0.535	0.07744
V887	0.67757	0.0494	0.16864	0.10439
V888	0.04706	0.05553	0.84481	0.0526
V889	0.98226	0.01774	0	0
V890	0	0.16591	0.69924	0.13485
V891	0.65072	0.03267	0.31661	0
V892	0.30122	0.19386	0	0.50492
V893	0.60078	0.21966	0.17181	0.00775
V894	0.00601	0.33027	0.66372	0
V895	0.62619	0.05228	0.21649	0.10505
V896	0	0.97028	0.02972	0
V897	0.74649	0.25028	0	0.00323
V898	0.50103	0	0	0.49897
V899	0.00213	0.23195	0.14842	0.6175
V900	0.039	0.33026	0.42868	0.20206
V901	0	0.90808	0.03056	0.06136
V902	0	0.91518	0.08482	0
V903	0	0.42043	0.57957	0
V904	0	0.99696	0.00304	0
V905	0.15821	0	0.17035	0.67144
V906	0.43464	0.09497	0.09825	0.37214
V907	0.44623	0.53203	0.02175	0
V908	0.0036	0.0619	0.04807	0.88643
V909	0.11308	0.87517	0.01136	0.00038
V910	0.17786	0	0.0974	0.72474
V911	0.54435	0.4093	0.03461	0.01173
V912	0.39643	0.35001	0.14586	0.1077
V913	0.11796	0	0	0.88204
V914	0.14052	0.50722	0.35226	0
V915	0.2348	0	0	0.7652
V916	0.21618	0.05676	0.72706	0
V917	0.76473	0.00247	0.17703	0.05577
V918	0	0.66582	0.3055	0.02869
V919	0.17848	0.26337	0.34382	0.21433
V920	0.64716	0.20517	0.09943	0.04824
V921	0.02323	0.1944	0	0.78237
V922	0.0519	0.48449	0.46361	0
V923	0.09369	0.01276	0.01659	0.87696
V924	0	0.67034	0.32966	0
V925	0.19637	0.01653	0	0.7871
V926	0.22681	0.00942	0	0.76377
V927	0.02761	0.05042	0.02725	0.89471
V928	0.00445	0.95785	0.0377	0
V929	0.01742	0.68673	0.18283	0.11302
V930	0.53622	0.39019	0.0311	0.04248
V931	0.09355	0.29841	0.58779	0.02025
V932	0	0.13139	0.68868	0.17993
V933	0.61591	0.38409	0	0
V934	0	0.17728	0.30204	0.52068
V935	0.57483	0.16688	0.23792	0.02037
V936	0.56399	0.28779	0	0.14822
V937	0.58148	0.13264	0.07769	0.20818
V938	0.38716	0.03859	0.34543	0.22882
V939	0.82453	0	0.054	0.12147
V940	0	0.79804	0.20196	0
V941	0	0	1	0
V942	0.76739	0.17446	0.05816	0
V943	0.3841	0.13412	0.47904	0.00274
V944	0	0.31418	0.05242	0.6334
V945	0.59793	0.37028	0	0.0318
V946	0.4432	0.26596	0.29084	0
V947	0.07076	0.05789	0.25047	0.62088
V948	0.30663	0.01534	0.67804	0
V949	0	0.13343	0.2081	0.65848
V950	0.01552	0.57477	0.27135	0.13836
V951	0.86289	0	0.13711	0
V952	0.04596	0.15578	0.29683	0.50144
V953	0	0.05834	0.94166	0
V954	0.01694	0.21873	0.14746	0.61687
V955	0.10808	0.65316	0.03676	0.202
V956	0	0.02767	0.59185	0.38048
V957	0.3596	0	0	0.6404
V958	0.02972	0	0	0.97028
V959	0.20038	0.28037	0.49968	0.01957
V960	0.23979	0.31066	0.07559	0.37396
V961	0.10059	0.41373	0.41778	0.0679
V962	0.34815	0.18034	0.45004	0.02147
V963	0.61667	0.17439	0.1795	0.02944
V964	0.9023	0.00097	0.09673	0
V965	0.01797	0.54424	0.24233	0.19546
V966	1	0	0	0
V967	0.01074	0.05064	0.61219	0.32643
V968	0	0.16274	0.83726	0
V969	0	0.33488	0.01489	0.65023
V970	0	0.1435	0.48889	0.36761
V971	0.50704	0.08221	0.37624	0.03451
V972	0.54416	0.21453	0.03476	0.20655
V973	0.26943	0.45558	0.09212	0.18287
V974	0	0.812	0.18673	0.00128
V975	0.02945	0.29447	0.67608	0
V976	0.45576	0.2653	0.12643	0.15251
V977	0.27765	0.35092	0.37143	0
V978	0.06686	0.11145	0.04291	0.77879
V979	0.83027	0	0.16973	0
V980	1	0	0	0
V981	0.33344	0.02117	0.49291	0.15248
V982	0.45544	0.41842	0.09426	0.03188
V983	0.77092	0.02387	0	0.20521
V984	0	0.84318	0.15682	0
V985	0.06958	0.20692	0	0.7235
V986	0.32631	0.55442	0.06974	0.04953
V987	0.21828	0.7792	0.00252	0
V988	0.23243	0	0	0.76757
V989	0.43507	0.47197	0.09295	0
V990	0	0.05543	0.86273	0.08185
V991	0.66775	0.33225	0	0
V992	0.18294	0	0.59571	0.22135
V993	0.01771	0.74788	0.23441	0
V994	0.1491	0.79777	0.05313	0
V995	0.8025	0.09899	0.00766	0.09085
V996	0.29209	0.1234	0	0.58451
V997	0	0.01363	0.91637	0.07
V998	0.94925	0	0.04466	0.00609
V999	0.06977	0.92202	0.0082	0
V1000	0.33892	0	0	0.66108
