cytotoxic.CD56.dim.NK.cell	memory.CD4.pos.AB.T.cell	memory.B.cell	CD14.pos.CD16.neg.classical.monocyte
V1	0.5521	0.0095	0.18567	0.25274
V2	0.14059	0.08684	0.06233	0.71025
V3	0.04974	0.6319	0.01749	0.30087
V4	0.87135	0.11087	0	0.01778
V5	0.10291	0.45761	0.28952	0.14996
V6	0.06891	0.88986	0.02362	0.01761
V7	0.14071	0.34311	0.09669	0.41949
V8	0.11834	0.02807	0.82767	0.02592
V9	0.23534	0.21819	0.04535	0.50112
V10	0.01819	0.03465	0.90467	0.04248
V11	0.20079	0.33216	0.46285	0.00421
V12	0.02183	0.57256	0.39509	0.01053
V13	0.26	0.71572	0.00692	0.01736
V14	0.06275	0.92217	0.0101	0.00498
V15	0.11394	0.60177	0.13555	0.14874
V16	0.91728	0.03927	0.0192	0.02425
V17	0.07858	0.88801	0.01574	0.01766
V18	0.58634	0.33615	0.04582	0.03169
V19	0.15105	0.83034	0.0079	0.01071
V20	0.16281	0.45675	0.0252	0.35524
V21	0.11903	0.04875	0.80652	0.02569
V22	0.01582	0.08639	0.23417	0.66362
V23	0.36711	0.03898	0.589	0.00491
V24	0.92677	0.03986	0.03337	0
V25	0.35084	0.20863	0.148	0.29252
V26	0.40321	0.37837	0.02188	0.19654
V27	0.09313	0.07287	0.03277	0.80123
V28	0.00467	0.08502	0.90862	0.00169
V29	0.42631	0.02474	0.52466	0.0243
V30	0.0921	0.18277	0.32058	0.40455
V31	0.19739	0.15796	0.34187	0.30278
V32	0.0757	0.05137	0.04589	0.82704
V33	0.03866	0.47526	0.39915	0.08693
V34	0.11834	0.03691	0.819	0.02575
V35	0.15421	0.73415	0.08723	0.02441
V36	0.00718	0.03697	0.52273	0.43311
V37	0.55713	0.0543	0.10673	0.28184
V38	0.4215	0.00905	0.19213	0.37732
V39	0.16028	0.56523	0.14634	0.12816
V40	0.09212	0.8267	0.08118	0
V41	0.00552	0.68495	0.05261	0.25692
V42	0.21398	0.02722	0.23767	0.52113
V43	0.12269	0.30688	0.54552	0.02491
V44	0.01331	0.05589	0.78533	0.14548
V45	0.09024	0.58563	0.24619	0.07793
V46	0.80273	0.06636	0.12664	0.00428
V47	0.45425	0.15866	0.3469	0.04018
V48	0.81374	0.164	0.005	0.01725
V49	0.75222	0.17591	0	0.07187
V50	0.06024	0.8478	0.08781	0.00415
V51	0.31003	0.38163	0.28396	0.02439
V52	0.02347	0.09361	0.85663	0.02629
V53	0.72566	0.11614	0.1582	0
V54	0.42306	0.16377	0.39646	0.01671
V55	0.20885	0.10124	0.27818	0.41173
V56	0.04303	0.0394	0.10785	0.80972
V57	0.08911	0.87625	0.02404	0.01059
V58	0.64838	0.00979	0.04714	0.29468
V59	0.44455	0.39784	0.11733	0.04028
V60	0.12503	0.12043	0.37684	0.3777
V61	0.82799	0.08936	0.01141	0.07123
V62	0.8858	0.03381	0.06995	0.01044
V63	0.01331	0.84272	0.12663	0.01734
V64	0.00696	0.87194	0.00283	0.11827
V65	0.01701	0.03595	0.12726	0.81977
V66	0.21027	0.71027	0.02175	0.05771
V67	0.14476	0.29959	0.54513	0.01051
V68	0.15179	0.14019	0.03263	0.67539
V69	0.02137	0.2737	0.66394	0.04099
V70	0.56204	0.12273	0.20239	0.11283
V71	0.15559	0.05182	0.42667	0.36592
V72	0.59987	0.13184	0.10641	0.16189
V73	0.14672	0.62067	0.15491	0.07769
V74	0.05436	0.20521	0.73986	0.00057
V75	0.71047	0.00589	0.20545	0.07818
V76	0.00161	0.16065	0.21118	0.62656
V77	0.03592	0.29371	0.01777	0.65261
V78	0.30761	0.09082	0.21574	0.38584
V79	0.00685	0.07859	0.84028	0.07428
V80	0.33606	0.01775	0.57385	0.07234
V81	0.05222	0.14253	0.79963	0.00562
V82	0.00251	0.07999	0.90953	0.00797
V83	0.12941	0.16215	0.08936	0.61908
V84	0.39692	0.03502	0.18591	0.38215
V85	0.10193	0.27843	0.46087	0.15877
V86	0.04196	0.04732	0.87688	0.03385
V87	0.02928	0.85464	0.05866	0.05742
V88	0.15817	0.04669	0.30969	0.48546
V89	0.01895	0.03251	0.2362	0.71234
V90	0.02256	0.90719	0.05955	0.0107
V91	0.02968	0.74399	0.20179	0.02454
V92	0.44917	0.01715	0.41651	0.11717
V93	0.89727	0.0176	0	0.08513
V94	0.01444	0.44919	0.0299	0.50647
V95	0.26017	0.41986	0.18047	0.1395
V96	0.06878	0.11202	0.03964	0.77955
V97	0.68589	0.09149	0.21849	0.00412
V98	0.69089	0.29835	0	0.01076
V99	0.79764	0.04345	0.15454	0.00437
V100	0.07086	0.03713	0.87253	0.01949
V101	0.02861	0.09529	0.02119	0.85491
V102	0.93005	0.05343	0.0054	0.01112
V103	0.0119	0.06922	0.11755	0.80133
V104	0.02602	0.9575	0.01118	0.0053
V105	0.05218	0.92498	0.01799	0.00485
V106	0.11241	0.49846	0.35644	0.03269
V107	0.1772	0.16546	0.61661	0.04073
V108	0.14394	0.75698	0.09908	0
V109	0.01274	0.12547	0.65103	0.21076
V110	0.04951	0.89217	0.04084	0.01748
V111	0.91248	0.01086	0.07174	0.00492
V112	0.12072	0.04545	0.48421	0.34962
V113	0.1845	0.08722	0.20846	0.51981
V114	0.24123	0.04501	0.09705	0.61672
V115	0.00642	0.7518	0.2373	0.00448
V116	0.13645	0.2786	0.42534	0.15961
V117	0.69445	0.23781	0.03619	0.03154
V118	0.16079	0.58745	0.04147	0.2103
V119	0.10932	0.0832	0.06463	0.74284
V120	0.07136	0.06349	0.85296	0.01219
V121	0.62052	0.1039	0.1055	0.17008
V122	0.95851	0.01673	0.01334	0.01142
V123	0.00613	0.51558	0.05589	0.4224
V124	0.67162	0.28081	0	0.04757
V125	0.39083	0.40194	0.19055	0.01668
V126	0.03673	0.15308	0.06594	0.74425
V127	0.1581	0.0398	0.29738	0.50473
V128	0.03211	0.0384	0.13788	0.79161
V129	0.59382	0.20761	0.17468	0.02388
V130	0.00633	0.64652	0.34261	0.00453
V131	0.02284	0.90905	0.00265	0.06545
V132	0.94095	0.01362	0.02782	0.01761
V133	0.91544	0.02075	0.05312	0.01069
V134	0.10479	0.37785	0.15245	0.36492
V135	0.07463	0.03127	0.21136	0.68274
V136	0.24597	0.39639	0.01623	0.34141
V137	0.65449	0.02806	0.26281	0.05464
V138	0.21282	0.38558	0.20736	0.19424
V139	0.36228	0.17625	0.22708	0.23439
V140	0.02969	0.10646	0.07048	0.79336
V141	0.0578	0.12305	0.60414	0.215
V142	0.77344	0.01724	0.2093	2e-05
V143	0.44985	0.2394	0.07949	0.23126
V144	0.16343	0.13259	0.19839	0.5056
V145	0.00034	0.75922	0.23579	0.00465
V146	0.05918	0.04594	0.0503	0.84458
V147	0.92567	0.02377	0.01916	0.03141
V148	0.11922	0.05526	0.63654	0.18898
V149	0.25735	0.50594	0.23285	0.00386
V150	0.07858	0.20548	0.64864	0.0673
V151	0.20446	0.64015	0.03974	0.11565
V152	0.23296	0.43107	0.24821	0.08776
V153	0.09999	0.7737	0.02276	0.10355
V154	0.23899	0.43991	0.29661	0.02449
V155	0.48299	0.11657	0.31607	0.08437
V156	0.02957	0.10935	0.74979	0.11129
V157	0.30528	0.12643	0.35892	0.20938
V158	0.02846	0.03904	0.05807	0.87443
V159	0.89803	0.06279	0	0.03919
V160	0.70385	0.00895	0.07189	0.21531
V161	0.20877	0.02796	0.04535	0.71793
V162	0.06236	0.29139	0.09933	0.54692
V163	0.09224	0.48445	0.19594	0.22736
V164	0.35066	0.28824	0.12512	0.23598
V165	0.01101	0.28406	0.0126	0.69234
V166	0.01045	0.11677	0.09168	0.78111
V167	0.35189	0.0183	0.01671	0.6131
V168	0.28599	0.57642	0.08809	0.0495
V169	0.18539	0.06094	0.05199	0.70167
V170	0.09772	0.02291	0.57338	0.30598
V171	0.12187	0.2091	0.6361	0.03293
V172	0.70215	0.01353	0.27957	0.00475
V173	0.02752	0.1573	0.05747	0.75771
V174	0.01696	0.16982	0.09551	0.71772
V175	0.05756	0.02475	0.81093	0.10676
V176	0.00649	0.81353	0.1755	0.00447
V177	0.00988	0.97365	0.00413	0.01234
V178	0.00566	0.78622	0.01004	0.19807
V179	0.15254	0.01726	0.42675	0.40345
V180	0.02698	0.8902	0.08282	0
V181	0.15503	0.10269	0.5995	0.14278
V182	0.2952	0.15196	0.50357	0.04927
V183	0.1728	0.81418	0.0085	0.00452
V184	0.96598	0.01978	0.01424	0
V185	0.56695	0.41526	0.01362	0.00417
V186	0.11421	0.46826	0.29934	0.11819
V187	0.94738	0.01787	0.02966	0.00508
V188	0.05663	0.24606	0.01147	0.68584
V189	0.83099	0.0201	0.01944	0.12947
V190	0.64412	0.01945	0.33176	0.00466
V191	0.17752	0.17668	0.61316	0.03264
V192	0.30774	0.46371	0.05932	0.16923
V193	0.6076	0.02616	0.2583	0.10794
V194	0.03236	0.94007	0.00939	0.01819
V195	0.01338	0.05211	0.92643	0.00808
V196	0.01604	0.11807	0.03078	0.83511
V197	0.41672	0.0476	0.03482	0.50085
V198	0.05872	0.48622	0.40525	0.04982
V199	0.15853	0.03125	0.20639	0.60382
V200	0.12553	0.57581	0.02449	0.27417
V201	0.09129	0.55384	0.21625	0.13862
V202	0.01464	0.03	0.80438	0.15098
V203	0.15633	0.40856	0.41805	0.01706
V204	0.00655	0.54729	0.01323	0.43292
V205	0.01809	0.06522	0.90337	0.01332
V206	0.04443	0.09413	0.85526	0.00618
V207	0.12919	0.18424	0.06882	0.61775
V208	0.2372	0.06062	0.69109	0.01108
V209	0.30785	0.46387	0.07968	0.1486
V210	0.07842	0.7831	0.09786	0.04062
V211	0.42352	0.02147	0.04432	0.51069
V212	0.49643	0.0366	0.44999	0.01698
V213	0.65028	0.02485	0.12253	0.20233
V214	0.33597	0.13626	0.19288	0.3349
V215	0.29127	0.09385	0.02916	0.58572
V216	0.04807	0.03675	0.04918	0.86599
V217	0.03892	0.48083	0.26613	0.21413
V218	0.09276	0.43619	0.19745	0.2736
V219	0.10196	0.65408	0.01606	0.22789
V220	0.00571	0.84746	0.00916	0.13767
V221	0.82076	0.01101	0.00628	0.16195
V222	0.31465	0.10763	0.41322	0.16449
V223	0.00645	0.11818	0.80934	0.06603
V224	0.95367	0.0178	0.02852	0
V225	0.05085	0.88456	0.06024	0.00435
V226	0.29431	0.07336	0.6216	0.01073
V227	0.78022	0.00971	0.19957	0.0105
V228	0.79541	0.05441	0.07044	0.07974
V229	0.01897	0.04408	0.91638	0.02058
V230	0.02042	0.07426	0.04699	0.85834
V231	0.01434	0.26923	0.13274	0.58368
V232	0.04105	0.6714	0.00429	0.28326
V233	0.57909	0.06903	0.222	0.12987
V234	0.03199	0.92372	0.0334	0.01089
V235	0.36306	0.05243	0.56003	0.02448
V236	0.03953	0.06072	0.83422	0.06553
V237	0.15586	0.03154	0.04876	0.76384
V238	0.12391	0.54631	0.28865	0.04112
V239	0.06268	0.40434	0.0289	0.50408
V240	0.47924	0.0333	0.44818	0.03928
V241	0.01724	0.0328	0.89238	0.05758
V242	0.12088	0.7724	0.0967	0.01002
V243	0.22574	0.0377	0.67189	0.06467
V244	0.18974	0.0196	0.71857	0.07209
V245	0.61559	0.28172	0.05473	0.04796
V246	0.05038	0.13336	0.79783	0.01842
V247	0.15704	0.04346	0.79871	0.00079
V248	0.02523	0.06741	0.06997	0.83739
V249	0.00156	0.05303	0.88755	0.05786
V250	0.75472	0.01204	0.22857	0.00467
V251	0.93884	0.05008	0.00595	0.00513
V252	0.00981	0.83431	0.15589	0
V253	0.3646	0.05724	0.18865	0.38952
V254	0.00753	0.93426	0.05333	0.00487
V255	0.04091	0.92332	0.00274	0.03303
V256	0.16762	0.18205	0.57347	0.07686
V257	0.42839	0.0786	0.26695	0.22606
V258	0.17112	0.23224	0.47975	0.11688
V259	0.03034	0.26396	0.67266	0.03304
V260	0.00122	0.27007	0.72302	0.00569
V261	0.62327	0.02504	0.21625	0.13543
V262	0.09225	0.08041	0.03229	0.79505
V263	0.01645	0.96129	0.00343	0.01883
V264	0.15307	0.03164	0.48027	0.33503
V265	0.03195	0.02769	0.16863	0.77173
V266	0.63383	0.3581	0.00807	0
V267	0.00109	0.16006	0.32472	0.51413
V268	0.38103	0.0231	0.16414	0.43174
V269	0.00531	0.53777	0.41616	0.04076
V270	0.64434	0.02097	0.26349	0.0712
V271	0.82206	0.05491	0.03502	0.08801
V272	0.04888	0.84284	0.01537	0.0929
V273	0.05622	0.05365	0.05741	0.83272
V274	0.70363	0.00517	0.19597	0.09523
V275	0.00271	0.0595	0.92894	0.00884
V276	0.52006	0.3255	0.01278	0.14166
V277	0.03196	0.19272	0.18914	0.58618
V278	0.03198	0.05574	0.3325	0.57977
V279	0.70756	0.0453	0.121	0.12614
V280	0.02846	0.03904	0.05807	0.87443
V281	0.54914	0.02612	0.15724	0.2675
V282	0.04925	0.06228	0.8394	0.04907
V283	0.20746	0.58552	0.06969	0.13734
V284	0.02369	0.91058	0.06115	0.00458
V285	0.07359	0.0423	0.883	0.00111
V286	0.24284	0.54772	0.12208	0.08737
V287	0.08885	0.87796	0.01556	0.01762
V288	0.01263	0.24274	0.48247	0.26215
V289	0.27539	0.18973	0.46721	0.06767
V290	0.81368	0.17145	0.01487	0
V291	0.47689	0.06001	0.45279	0.01031
V292	0.93863	0.01481	0	0.04656
V293	0.27574	0.0236	0.66845	0.03221
V294	0.08487	0.37233	0.00752	0.53528
V295	0.0146	0.16442	0.22262	0.59835
V296	0.164	0.09817	0.66268	0.07516
V297	0.07309	0.02696	0.09626	0.80368
V298	0.28449	0.08884	0.61602	0.01065
V299	0.06443	0.27879	0.02392	0.63287
V300	0.00247	0.05247	0.26528	0.67979
V301	0.10863	0.08903	0.70013	0.10222
V302	0.64963	0.33962	5e-05	0.0107
V303	3e-05	0.57969	0.39537	0.02491
V304	0.04774	0.02935	0.77873	0.14419
V305	0.1115	0.13015	0.51843	0.23992
V306	0.82745	0.08146	0.05239	0.03871
V307	0.0153	0.9553	0.01799	0.01141
V308	0.22307	0.19878	0.34222	0.23594
V309	0.33456	0.30102	0.03247	0.33195
V310	0.07161	0.29635	0.17663	0.45541
V311	0.50954	0.47953	0.00667	0.00425
V312	0.08948	0.74481	0.14865	0.01706
V313	0.00317	0.14822	0.0374	0.8112
V314	0.01312	0.46903	0.1293	0.38854
V315	0.11372	0.63538	0.04176	0.20913
V316	0.30079	0.10819	0.43627	0.15475
V317	0.07973	0.714	0.05075	0.15551
V318	0.03157	0.5627	0.01905	0.38669
V319	0.05091	0.06043	0.86243	0.02623
V320	0.06743	0.11651	0.70387	0.11219
V321	0.62386	0.36811	0.00802	0
V322	0.1891	0.30691	0.08544	0.41855
V323	0.05076	0.04431	0.11385	0.79107
V324	0.66967	0.24057	0.07316	0.0166
V325	0.297	0.64139	0.05772	0.00389
V326	0.00019	0.55897	0.10471	0.33613
V327	0.01657	0.14595	0.12659	0.71089
V328	0.03887	0.02963	0.7787	0.15281
V329	0.16238	0.09731	0.19784	0.54247
V330	0.37124	0.01178	0.37134	0.24564
V331	0.34047	0.07918	0.05419	0.52616
V332	0.00933	0.06183	0.2152	0.71364
V333	0.41266	0.05716	0.42875	0.10142
V334	0.33501	0.01244	0.39625	0.2563
V335	0.02065	0.30068	0.56395	0.11473
V336	0.16694	0.71607	0.02215	0.09484
V337	0.27385	0.38257	0.3191	0.02447
V338	8e-04	0.98003	0.01325	0.00592
V339	0.11393	0.03347	0.84602	0.00657
V340	0.04834	0.19149	0.585	0.17516
V341	0.02383	0.06164	0.0886	0.82593
V342	0.22287	0.01599	0.64535	0.11579
V343	0.96078	0.02746	0.00638	0.00538
V344	0.66579	0.14485	0.18936	0
V345	0.02016	0.0696	0.90892	0.00132
V346	0.21922	0.09117	0.32578	0.36383
V347	0.04024	0.03477	0.15529	0.7697
V348	0.0483	0.65903	0.15633	0.13634
V349	0.33751	0.13719	0.43	0.0953
V350	0.02593	0.79794	0.17613	0
V351	0.01495	0.03739	0.43778	0.50987
V352	0.04093	0.03211	0.86183	0.06514
V353	0.89027	0.02123	0.03477	0.05373
V354	0.0389	0.69227	0.23643	0.0324
V355	0.25846	0.05799	0.5126	0.17095
V356	0.03153	0.04701	0.12633	0.79513
V357	0.1037	0.30252	0.32076	0.27302
V358	0.54944	0.08871	0.05745	0.3044
V359	0.57315	0.049	0.03944	0.33842
V360	0.54441	0.42464	0.02086	0.01009
V361	0.00062	0.43221	0.56209	0.00507
V362	0.00071	0.97257	0.0211	0.00562
V363	0.15646	0.09211	0.5249	0.22653
V364	0.13923	0.05248	0.72565	0.08264
V365	0.25297	0.0394	0.02521	0.68241
V366	0.06905	0.69345	0.091	0.14651
V367	0.57796	0.12607	0.00744	0.28853
V368	0.07887	0.74587	0.08931	0.08596
V369	0.0145	0.37968	0.60103	0.00479
V370	0.28455	0.24752	0.44337	0.02456
V371	0.17691	0.73474	0.03046	0.05789
V372	0.14954	0.05465	0.14282	0.65299
V373	0.06814	0.11209	0.52835	0.29142
V374	0.75699	0.02256	0.22044	0
V375	0.0371	0.05294	0.17177	0.73818
V376	0.03071	0.0538	0.12462	0.79086
V377	0.79183	0.00512	0.01353	0.18952
V378	0.00756	0.03943	0.44689	0.50613
V379	0.33029	0.18431	0.01786	0.46754
V380	0.13724	0.06491	0.23162	0.56622
V381	0.7378	0.01286	0.09937	0.14997
V382	0.07344	0.04868	0.87131	0.00657
V383	0.8375	0.00834	0.05165	0.10251
V384	0.55952	0.06153	0.14807	0.23088
V385	0.86166	0.01538	0.07735	0.04562
V386	0.28477	0.02108	0.16747	0.52668
V387	0.59182	0.12395	0.21	0.07423
V388	0.37363	0.31039	0.16737	0.14862
V389	0.41113	0.51831	0.01296	0.0576
V390	0.27854	0.23488	0.48231	0.00427
V391	0.41149	0.09605	0.02564	0.46682
V392	0.42551	0.19568	0.18932	0.18949
V393	0.26935	0.19776	0.39533	0.13756
V394	0.0834	0.21319	0.13229	0.57112
V395	0.21232	0.37397	0.23074	0.18297
V396	0.00752	0.96338	0.01053	0.01857
V397	0.78717	0.07387	0.10794	0.03102
V398	0.44598	0.11643	0.11099	0.3266
V399	0.18381	0.55122	0.16727	0.09769
V400	3e-04	0.5822	0.07364	0.34385
V401	0.02984	0.13264	0.77142	0.0661
V402	0.78402	0.17744	0.03854	0
V403	0.02435	0.05358	0.09999	0.82208
V404	0.07804	0.16454	0.67249	0.08492
V405	0.20442	0.03489	0.19389	0.5668
V406	0.65325	0.23499	0.01962	0.09215
V407	8e-04	0.98003	0.01325	0.00592
V408	0.08001	0.21083	0.45325	0.25592
V409	0.00414	0.07571	0.05796	0.86219
V410	0.07862	0.87191	0.03209	0.01738
V411	0.42799	0.02386	0.00759	0.54056
V412	0.14296	0.06064	0.55212	0.24427
V413	0.04917	0.4715	0.20845	0.27088
V414	0.02936	0.48711	0.36731	0.11622
V415	0.43065	0.02629	0.26062	0.28243
V416	0.0152	0.10058	0.88298	0.00124
V417	0.36867	0.61982	0.0072	0.0043
V418	0.06333	0.09919	0.16776	0.66971
V419	0.02573	0.04121	0.06679	0.86628
V420	0	0.9011	0.01654	0.08235
V421	0.13869	0.03726	0.72429	0.09976
V422	0.04588	0.09653	0.02782	0.82977
V423	0.07086	0.03713	0.87253	0.01949
V424	0.00107	0.05028	0.66002	0.28863
V425	0.04824	0.20434	0.65222	0.0952
V426	0.07797	0.04504	0.82012	0.05687
V427	0.05984	0.37601	0.22299	0.34116
V428	0.07894	0.78581	0.0589	0.07635
V429	0.02312	0.03761	0.0752	0.86407
V430	0.76358	0.15359	0.0191	0.06374
V431	0.16347	0.02559	0.49961	0.31134
V432	0.09798	0.10047	0.06429	0.73726
V433	0.05026	0.74693	0.00315	0.19967
V434	0.32747	0.07071	0.06416	0.53766
V435	0.49947	0.01515	0.13783	0.34756
V436	0.36789	0.0188	0.13248	0.48083
V437	0.22067	0.22349	0.01257	0.54327
V438	0.62063	0.14236	0.03788	0.19913
V439	0.03374	0.13089	0.02629	0.80908
V440	0.47581	0.03755	0.04224	0.4444
V441	0.05743	0.10493	0.65671	0.18093
V442	0.31255	0.32415	0.15896	0.20433
V443	0.74425	0.008	0.09894	0.14881
V444	0.02016	0.0696	0.90892	0.00132
V445	0.59522	0.02076	0.3602	0.02382
V446	0.02915	0.84553	0.05884	0.06648
V447	0.6343	0.07758	0.19641	0.09171
V448	0.01647	0.07226	0.22359	0.68768
V449	0.55043	0.03391	0.32534	0.09032
V450	0.13472	0.84617	0.01911	0
V451	0.9286	0.05332	0	0.01807
V452	0.03501	0.04268	0.10085	0.82146
V453	0.8192	0.06382	0.07038	0.0466
V454	0.00021	0.93612	0.05242	0.01125
V455	0.58766	0.02935	0.32817	0.05482
V456	0.31234	0.09904	0.43447	0.15415
V457	0.00412	0.09616	0.04245	0.85726
V458	0.25653	0.22045	0.01181	0.51121
V459	0.01249	0.80418	0.09877	0.08456
V460	0.94516	0.01526	0.0285	0.01108
V461	0.05959	0.06991	0.02943	0.84107
V462	0.34061	0.23815	0.0045	0.41674
V463	0.24576	0.46682	0.17913	0.10829
V464	0.50329	0.09416	0.00908	0.39347
V465	0.40245	0.42222	0.02984	0.14549
V466	0.59081	0.17393	0.0068	0.22846
V467	0.30754	0.57315	0.08703	0.03229
V468	0.50146	0.39426	0.05574	0.04853
V469	0.0138	0.1576	0.32698	0.50162
V470	0.55083	0.10437	0.20303	0.14177
V471	0.25578	0.1022	0.04758	0.59445
V472	0.31642	0.32479	0.00371	0.35508
V473	0.09015	0.53183	0.36087	0.01715
V474	0.10996	0.02136	0.1288	0.73988
V475	0.17698	0.38834	0.09482	0.33986
V476	0.15269	0.0349	0.07464	0.73776
V477	0.59282	0.03134	0.22938	0.14647
V478	0.12484	0.59574	0.00912	0.27029
V479	0.01382	0.07727	0.8346	0.07431
V480	0.07354	0.30475	0.05833	0.56337
V481	0.13056	0.03516	0.82208	0.0122
V482	0.70224	0.14564	0.12082	0.03131
V483	0.11785	0.10892	0.09143	0.68181
V484	0.02373	0.10323	0.04651	0.82653
V485	0.11112	0.75109	0.01484	0.12295
V486	0.264	0.2446	0.15048	0.34093
V487	0.06737	0.06154	0.10809	0.763
V488	0.00433	0.0341	0.87155	0.09001
V489	0.19586	0.09294	0.70021	0.01099
V490	0.33792	0.29976	0.08184	0.28048
V491	0.44123	0.46321	0.03793	0.05763
V492	0.02277	0.83661	0.13632	0.0043
V493	0.05049	0.04005	0.02254	0.88692
V494	0.17895	0.13054	0.57619	0.11431
V495	0.21248	0.62159	0.14909	0.01684
V496	0.26197	0.69635	0.00102	0.04066
V497	0.0151	0.04193	0.93442	0.00855
V498	0.30507	0.09719	0.06463	0.53311
V499	0.60668	0.25739	0.13199	0.00393
V500	0.08876	0.10785	0.7704	0.03299
V501	0.00551	0.04461	0.0856	0.86428
V502	0.5482	0.2622	0.16567	0.02394
V503	0.18423	0.08648	0.23186	0.49742
V504	0.22078	0.70771	0.01378	0.05773
V505	0.1871	0.19007	0.29471	0.32812
V506	0.0793	0.22197	0.5098	0.18894
V507	0.61871	0.08578	0.13583	0.15967
V508	0.76189	0.15495	0.04411	0.03905
V509	0.21052	0.0522	0.55682	0.18046
V510	0.21214	0.50713	0.2768	0.00393
V511	0.04116	0.41543	0.05687	0.48653
V512	0.23016	0.05246	0.0974	0.61998
V513	0.06901	0.64086	0.2313	0.05883
V514	0.02006	0.12107	0.02031	0.83855
V515	0.77867	0.05292	0.05297	0.11544
V516	0.89928	0.09549	0	0.00523
V517	0.03397	0.03986	0.28654	0.63963
V518	0.94726	0.04715	0	0.00559
V519	0.02152	0.87813	0.00851	0.09185
V520	0.02276	0.01992	0.65236	0.30496
V521	0.54658	0.04043	0.38905	0.02394
V522	0.00591	0.10786	0.62625	0.25998
V523	0.3427	0.10814	0.29665	0.2525
V524	0.00536	0.77013	0.19992	0.02459
V525	0.24634	0.19756	0.03638	0.51971
V526	0.6503	0.06915	0.08397	0.19658
V527	0.18737	0.02473	0.44244	0.34546
V528	0.08894	0.86827	0.00203	0.04077
V529	0.05251	0.06455	0.2554	0.62754
V530	0.00583	0.17915	0.72159	0.09343
V531	0.01801	0.86311	0.11888	0
V532	0.16378	0.32069	0.03626	0.47927
V533	0.27561	0.33771	0.16023	0.22645
V534	0.00745	0.0293	0.73781	0.22543
V535	0.54098	0.01085	0.01822	0.42995
V536	0.17366	0.01334	0.41174	0.40126
V537	0.58373	0.24347	0.16301	0.00978
V538	0.44912	0.04938	0.09991	0.40159
V539	0.26017	0.41986	0.18047	0.1395
V540	0.18831	0.70184	0.07753	0.03232
V541	0.01353	0.50558	0.07551	0.40538
V542	0.18495	0.11063	0.29161	0.41281
V543	0.88424	0.01005	0.0122	0.09351
V544	0.09409	0.08446	0.19918	0.62228
V545	0.35852	0.13009	0.08285	0.42854
V546	0.0414	0.88485	0.06941	0.00434
V547	0.03077	0.63007	0.32882	0.01034
V548	0.14251	0.76625	0.08733	0.00392
V549	0.30069	0.038	0.65031	0.01101
V550	0.5786	0.03419	0.00407	0.38314
V551	0.16545	0.74627	0.03925	0.04903
V552	0.00073	0.53603	0.01387	0.44937
V553	0.20896	0.13271	0.64097	0.01737
V554	0.0507	0.10877	0.04176	0.79877
V555	0.08082	0.20159	0.38108	0.33651
V556	0.00205	0.05452	0.91529	0.02814
V557	0.82202	0.02724	0.01205	0.13869
V558	0.05848	0.79674	0.03182	0.11296
V559	0.0096	0.79567	0.19473	0
V560	0.67158	0.3235	0.00019	0.00473
V561	0.00271	0.0595	0.92894	0.00884
V562	0.77926	0.00875	0.12545	0.08654
V563	0.22491	0.02779	0.74149	0.00581
V564	0.05205	0.08023	0.85551	0.01221
V565	0.1142	0.23229	0.42921	0.22431
V566	0.70462	0.08871	0.00615	0.20051
V567	0.21078	0.44536	0.03314	0.31072
V568	0.22924	0.02392	0.07046	0.67638
V569	0.67523	0.03168	0.00261	0.29048
V570	0.02106	0.26087	0.65997	0.05811
V571	0.82465	0.12053	0	0.05482
V572	0.41941	0.01449	0.47702	0.08908
V573	0.05757	0.18825	0.02041	0.73377
V574	0.03037	0.78168	0.17773	0.01022
V575	0.01758	0.09552	0.15083	0.73607
V576	0.14071	0.80903	0.04005	0.01021
V577	0.03411	0.05454	0.24408	0.66727
V578	0.04723	0.05904	0.72752	0.1662
V579	0.00591	0.87957	0.09696	0.01756
V580	0.13883	0.02559	0.1349	0.70067
V581	0.06492	0.11125	0.01674	0.80709
V582	0.58552	0.13357	0.03851	0.24239
V583	0.00659	0.0472	0.63394	0.31227
V584	0.51088	0.13875	0.31864	0.03172
V585	0.00836	0.02867	0.48542	0.47754
V586	0.21234	0.02137	0.68544	0.08085
V587	0.24384	0.02599	0.70509	0.02508
V588	0.62622	0.04104	0.03015	0.3026
V589	0.04798	0.82603	0.06835	0.05764
V590	0.04131	0.75697	0.19756	0.00417
V591	0.00251	0.05868	0.23598	0.70282
V592	0.1466	0.05645	0.79624	0.00071
V593	0.57083	0.00468	0.20477	0.21972
V594	0.32449	0.26695	0.36778	0.04077
V595	0.03136	0.06869	0.04413	0.85582
V596	0.03059	0.26122	0.25848	0.44971
V597	0	0.55991	0.3642	0.07589
V598	0.01631	0.11804	0.85323	0.01242
V599	0.62466	0.31482	0.03655	0.02397
V600	0.35412	0.47168	0.05825	0.11595
V601	0.15313	0.26254	0.09711	0.48722
V602	0.03365	0.07421	0.03506	0.85708
V603	0.00785	0.37642	0.02451	0.59122
V604	0.50382	0.10356	0.36861	0.02401
V605	0.05871	0.30076	0.45015	0.19037
V606	0.73765	0.14263	0.01178	0.10793
V607	0.64504	0.01277	0.12199	0.2202
V608	0.20695	0.13731	0.43506	0.22068
V609	0.0219	0.21857	0.27	0.48954
V610	0.76871	0.01878	0.0986	0.11391
V611	0.27444	0.0213	0.06853	0.63573
V612	0.02219	0.08556	0.83482	0.05744
V613	0.03022	0.30677	0.63	0.03301
V614	0.76913	0.05291	0.05309	0.12487
V615	0.12476	0.07764	0.0223	0.77529
V616	0.06928	0.71446	0.0509	0.16535
V617	0.45386	0.15723	0.38891	0
V618	0.71981	0.01405	0.00231	0.26383
V619	0.36594	0.02808	0.35502	0.25096
V620	0.00633	0.64652	0.34261	0.00453
V621	0.42261	0.13532	0.19987	0.2422
V622	0.34342	0.20369	0.42849	0.02441
V623	0.01741	0.08489	0.1719	0.7258
V624	0.78724	0.19524	0	0.01752
V625	0.25884	0.48999	0.11246	0.13871
V626	0.9543	0.03384	0	0.01186
V627	0.0036	0.06467	0.10647	0.82527
V628	0.00254	0.24502	0.02997	0.72246
V629	0.11527	0.26782	0.32099	0.29592
V630	0.03005	0.30553	0.62349	0.04093
V631	0.0157	0.19284	0.12477	0.6667
V632	0.57181	0.00577	0.15344	0.26898
V633	0.0013	0.04738	0.84431	0.10701
V634	0.38482	0.25134	0.3598	0.00405
V635	0.02166	0.76903	0.00944	0.19988
V636	0.10891	0.08823	0.69101	0.11185
V637	0.29996	0.18065	0.10522	0.41417
V638	0.37594	0.24199	0.08143	0.30063
V639	0.25579	0.41871	0.32551	0
V640	0.0306	0.13747	0.79083	0.04111
V641	0.89213	0.03519	0.0265	0.04618
V642	0.77111	0.16574	0	0.06314
V643	0.00558	0.16295	0.50042	0.33105
V644	0.90572	0.07804	0.00531	0.01093
V645	0.24921	0.39493	0.33898	0.01688
V646	0.00918	0.97297	0.01223	0.00562
V647	0.12962	0.07785	0.74379	0.04873
V648	0.40443	0.42309	0.14831	0.02417
V649	0.0229	0.0651	0.86248	0.04952
V650	0.04829	0.08217	0.81232	0.05723
V651	0.28607	0.0253	0.68309	0.00555
V652	0.07844	0.0782	0.48969	0.35368
V653	0.11239	0.66905	0.11197	0.10659
V654	0.70546	0.18362	0.06316	0.04776
V655	0.03119	0.57457	0.02722	0.36702
V656	0.19808	0.26593	0.0195	0.51649
V657	0.0264	0.11261	0.02927	0.83173
V658	0.6107	0.19195	0.06544	0.13191
V659	0.31215	0.07181	0.41149	0.20456
V660	0.02509	0.95293	0.0033	0.01868
V661	0.05083	0.41507	0.06615	0.46795
V662	0.38679	0.01962	0.50362	0.08998
V663	0.21996	0.0617	0.61623	0.10211
V664	0.18317	0.06252	0.71401	0.04029
V665	0.70079	0.17141	0.04497	0.08283
V666	0.57138	0.00628	0.11369	0.30865
V667	0.75051	0.07348	0.17602	0
V668	0.11217	0.79772	0.09011	0
V669	0.22137	0.39523	0.28522	0.09818
V670	0.07057	0.90863	0.00264	0.01816
V671	0.35558	0.26394	0.29329	0.08719
V672	0.01757	0.04759	0.90757	0.02728
V673	0.22381	0.34876	0.26615	0.16128
V674	0.73139	0.13174	0.01946	0.11742
V675	0.12617	0.30238	0.36724	0.20421
V676	0.02579	0.11833	0.12758	0.7283
V677	0.38175	0.39134	0.11028	0.11663
V678	0.50165	0.48035	0.01389	0.00411
V679	0.04047	0.29232	0.65619	0.01103
V680	0.2945	0.53944	0.14921	0.01686
V681	0.90159	0.06235	0.01171	0.02435
V682	0.10023	0.27284	0.59401	0.03292
V683	0.01348	0.95962	0.0269	0
V684	0.70642	0.14406	0.10194	0.04758
V685	0.4935	0.32921	0.13718	0.04011
V686	0.08315	0.16901	0.17827	0.56957
V687	0.03384	0.05755	0.04699	0.86163
V688	0.36696	0.50952	0.00089	0.12263
V689	0.24102	0.01796	0.06152	0.6795
V690	0.44902	0.03846	0.45695	0.05556
V691	0.14371	0.03183	0.81815	0.0063
V692	0.06779	0.1216	0.75318	0.05743
V693	0.21663	0.09155	0.41934	0.27248
V694	0.00826	0.04349	0.33023	0.61802
V695	0.22496	0.01803	0.181	0.576
V696	0.07022	0.10657	0.03159	0.79162
V697	0.01816	0.10599	0.03261	0.84324
V698	0.82309	0.01024	0.01283	0.15384
V699	0.56993	0.27002	0.07508	0.08497
V700	0.22124	0.04561	0.01948	0.71367
V701	0.10337	0.52018	0.12739	0.24906
V702	0.53919	0.07519	0.01568	0.36994
V703	0.11989	0.0465	0.53919	0.29442
V704	0.82908	0.03966	0.02686	0.1044
V705	0.95399	0.00857	0.01276	0.02468
V706	0.06748	0.05055	0.80798	0.074
V707	0.02987	0.40659	0.53068	0.03286
V708	0.02962	0.88095	0.02343	0.066
V709	0.12269	0.23636	0.57305	0.0679
V710	0.61016	0.19241	0.05597	0.14146
V711	0.07872	0.79999	0.09681	0.02448
V712	0.82377	0.04934	0.00519	0.1217
V713	0.43397	0.28514	0.04008	0.24081
V714	0.00585	0.67225	0.02637	0.29554
V715	0.29044	0.31258	0.33819	0.0588
V716	0.03387	0.07213	0.06648	0.82751
V717	0.07173	0.9138	0.00292	0.01155
V718	0.13674	0.55283	0.20236	0.10808
V719	0.04881	0.7138	0.04213	0.19526
V720	0.68473	0.00674	0.24682	0.06171
V721	0.11164	0.13928	0.53015	0.21894
V722	0.08427	0.33907	0.02158	0.55508
V723	0.10184	0.10405	0.0221	0.772
V724	0.57276	0.02604	0.09526	0.30594
V725	0.00144	0.101	0.87062	0.02694
V726	0.03095	0.36709	0.14173	0.46023
V727	0.25344	0.64606	0.09671	0.0038
V728	0.02307	0.87486	0.09769	0.00437
V729	0.39141	0.0172	0.18459	0.40679
V730	0.90158	0.0311	0.04344	0.02388
V731	0.021	0.1725	0.44686	0.35965
V732	0.33546	0.06341	0.39728	0.20384
V733	0.65251	0.17064	0.03695	0.1399
V734	0.22338	0.28908	0.48326	0.00428
V735	0.01427	0.03571	0.5246	0.42541
V736	0.14068	0.03906	0.02497	0.79529
V737	0.32244	0.26465	0.27447	0.13845
V738	0.06882	0.3015	0.50347	0.12621
V739	0.00123	0.03148	0.63668	0.33061
V740	0.83917	0.07962	0.07105	0.01016
V741	0.48043	0.08834	0.14163	0.28961
V742	0.38681	0.59686	0.01634	0
V743	0.12052	0.12863	0.73301	0.01783
V744	0.50465	0.03409	0.36125	0.10001
V745	0.01232	0.68508	0.19784	0.10475
V746	0.97769	0.01584	0.00027	0.0062
V747	0.04808	0.02064	0.74224	0.18905
V748	0.10941	0.08627	0.64346	0.16086
V749	0.27135	0.16428	0.06458	0.49979
V750	0.40955	0.45481	0.02101	0.11463
V751	0.03846	0.87234	0.04031	0.04889
V752	0.46319	0.20516	0.154	0.17765
V753	0.03374	0.08353	0.02158	0.86115
V754	0.00732	0.9329	0.00292	0.05686
V755	0.13687	0.16905	0.39197	0.30211
V756	0.02857	0.04973	0.07526	0.84645
V757	0.32784	0.58082	0.06698	0.02436
V758	0.03853	0.76427	0.12998	0.06722
V759	0.11108	0.05405	0.45112	0.38375
V760	0.27638	0.04914	0.3187	0.35579
V761	0.05868	0.5597	0.30397	0.07764
V762	0.00147	0.38779	0.02489	0.58585
V763	0.38248	0.34468	0.03123	0.2416
V764	0.00609	0.92785	0.0093	0.05677
V765	0.66664	0.08357	0.002	0.2478
V766	0.01249	0.28801	0.49106	0.20844
V767	0.47704	0.10509	0.27538	0.1425
V768	0.0498	0.90857	0.02403	0.01759
V769	0.13012	0.82781	0.03174	0.01032
V770	0.00918	0.97297	0.01223	0.00562
V771	0.15141	0.03375	0.80287	0.01196
V772	0.12187	0.05675	0.81551	0.00587
V773	0.15105	0.83034	0.0079	0.01071
V774	0.01938	0.03657	0.91631	0.02775
V775	0.10198	0.04313	0.32151	0.53338
V776	0.4262	0.41086	0.05745	0.10549
V777	0.16257	0.10739	0.16386	0.56618
V778	0.54049	0.25928	0.07638	0.12385
V779	0.15315	0.03871	0.54684	0.2613
V780	0.10282	0.7595	0.13768	0
V781	0.04651	0.06552	0.04834	0.83964
V782	0.00667	0.1117	0.82415	0.05748
V783	0.78788	0.01896	0.05284	0.14032
V784	0.10089	0.87763	0.01683	0.00465
V785	0.03166	0.9336	0.01677	0.01797
V786	0.72512	0.14451	0.0913	0.03908
V787	0.00039	0.83031	0.16459	0.00472
V788	0.50711	0.28443	0.16833	0.04013
V789	0.06316	0.35987	0.03871	0.53827
V790	0.44194	0.02984	0.08973	0.43849
V791	0.12565	0.34901	0.3759	0.14944
V792	0.12551	0.53938	0.00956	0.32555
V793	0.11315	0.65792	0.04144	0.18749
V794	0.03926	0.07488	0.82009	0.06576
V795	0.09992	0.06074	0.07663	0.76272
V796	0.02426	0.0888	0.86763	0.0193
V797	0.74008	0.01063	0.23878	0.01051
V798	0.6162	0.28423	0.08302	0.01655
V799	0.12149	0.78088	0.03077	0.06686
V800	0.05757	0.03035	0.56416	0.34792
V801	0.12505	0.10205	0.37609	0.39681
V802	0.03174	0.07801	0.31223	0.57802
V803	0.21009	0.50607	0.28384	0
V804	0.50273	0.01848	0.4157	0.06309
V805	0.02756	0.0475	0.9236	0.00133
V806	0.03957	0.91194	0.01584	0.03266
V807	0.24522	0.1476	0.04677	0.56041
V808	0.66457	0.25887	0.04506	0.0315
V809	0.04243	0.07231	0.88416	0.0011
V810	0.01153	0.97766	0.00469	0.00611
V811	0.41442	0.06333	0.23147	0.29078
V812	0.55204	0.24786	0.05675	0.14335
V813	0.59277	0.17741	0.2059	0.02392
V814	0.42141	0.52684	0.04784	0.00391
V815	0.00041	0.91453	0.08016	0.0049
V816	0.91607	0.01591	0.06803	0
V817	0.02545	0.08501	0.87688	0.01267
V818	0.00345	0.09911	0.06312	0.83432
V819	0.83598	0.07299	0.05233	0.0387
V820	0.12024	0.10985	0.03599	0.73393
V821	0.20655	0.28918	0.43592	0.06835
V822	0.0616	0.04348	0.87547	0.01944
V823	0.02104	0.16823	0.72643	0.0843
V824	0.08286	0.36023	0.55684	8e-05
V825	0.21296	0.2658	0.29412	0.22713
V826	0.42308	0.40046	0.16669	0.00978
V827	0.36767	0.59439	0.01343	0.02451
V828	0.21098	0.15428	0.12936	0.50539
V829	0.03432	0.24801	0.05232	0.66535
V830	0.21109	0.22076	0.0369	0.53126
V831	0.77946	0.07801	0.03538	0.10716
V832	0.2614	0.38382	0.19331	0.16147
V833	0.13781	0.49486	0.20607	0.16125
V834	0.27951	0.07098	0.09569	0.55383
V835	0.35314	0.438	0.13167	0.07719
V836	0.00615	0.6801	0.01157	0.30218
V837	0.213	0.36184	0.21939	0.20577
V838	0.9205	0.04587	0.02889	0.00473
V839	0.28921	0.60058	0.10637	0.00383
V840	0.27741	0.71271	0.00988	0
V841	0.00161	0.06008	0.88806	0.05025
V842	0.34548	0.14509	0.29882	0.21061
V843	0.01528	0.04048	0.87872	0.06552
V844	0.10093	0.07809	0.43129	0.38968
V845	0.05818	0.09657	0.78781	0.05744
V846	0.00128	0.03467	0.77792	0.18613
V847	0.00657	0.04841	0.06615	0.87886
V848	0.08114	0.4962	0.19573	0.22692
V849	0.00027	0.9562	0.01023	0.0333
V850	0.96443	0.01032	0.01367	0.01157
V851	0.32147	0.52146	0.15707	0
V852	0.09595	0.05866	0.15647	0.68892
V853	0.23104	0.19863	0.45364	0.11669
V854	0.59986	0.15132	0.11685	0.13197
V855	0.00657	0.04841	0.06615	0.87886
V856	0.03869	0.32515	0.40225	0.23391
V857	0.68236	0.16153	0.0365	0.11961
V858	0.52691	0.02202	0.44624	0.00482
V859	0.66414	0.22423	0.01962	0.09201
V860	0.17454	0.11483	0.06913	0.64151
V861	0.08022	0.33279	0.57637	0.01062
V862	0.11884	0.08006	0.76047	0.04063
V863	0.18728	0.08048	0.01206	0.72018
V864	0.06109	0.06216	0.07124	0.80551
V865	0.10204	0.02102	0.30548	0.57145
V866	0.70428	0.02144	0.26389	0.01038
V867	0.7015	0.03061	0.26345	0.00444
V868	0.51506	0.25991	0.14912	0.0759
V869	0.01754	0.96535	0.01167	0.00544
V870	0.09504	0.33717	0.02917	0.53862
V871	0.00027	0.9562	0.01023	0.0333
V872	0.00924	0.03958	0.28715	0.66403
V873	0.88746	0.02994	0.05165	0.03095
V874	0.18558	0.77998	0.03444	0
V875	0.01429	0.18228	0.23487	0.56855
V876	0.14659	0.30215	0.46379	0.08747
V877	0.03913	0.3728	0.34179	0.24629
V878	0.12252	0.80592	0.07156	0
V879	0.17931	0.69543	0.0488	0.07646
V880	0.29798	0.55107	0.00676	0.14419
V881	0.12891	0.04121	0.65293	0.17695
V882	0.79194	0.00498	0.13396	0.06912
V883	0.26358	0.1924	0.54386	0.00016
V884	0.01924	0.29092	0.01197	0.67786
V885	0.69473	0.21256	0.09271	0
V886	0.01238	0.33385	0.51944	0.13432
V887	0.63363	0.05349	0.17526	0.13763
V888	0.08705	0.04884	0.78131	0.0828
V889	0.9148	0.04817	0.01958	0.01744
V890	0.02908	0.12569	0.67526	0.16996
V891	0.61033	0.04401	0.3066	0.03906
V892	0.26881	0.17883	0.01948	0.53288
V893	0.58107	0.19447	0.16735	0.0571
V894	0.05893	0.2845	0.62361	0.03296
V895	0.58751	0.05338	0.22092	0.13819
V896	0.03236	0.94007	0.00939	0.01819
V897	0.69188	0.24715	0.00502	0.05594
V898	0.45013	0.01467	0.01383	0.52136
V899	0.02361	0.18517	0.16745	0.62376
V900	0.06964	0.26686	0.41713	0.24637
V901	0.03	0.84148	0.0083	0.12023
V902	0.04169	0.90202	0.05176	0.00454
V903	0.00559	0.39298	0.5605	0.04093
V904	0.01916	0.97053	0.00432	0.00599
V905	0.13577	0.01717	0.20751	0.63955
V906	0.3931	0.08202	0.12313	0.40175
V907	0.42292	0.50741	0.02075	0.04891
V908	0.01216	0.07984	0.09708	0.81092
V909	0.12012	0.81215	0.00176	0.06597
V910	0.14871	0.01968	0.14556	0.68605
V911	0.51403	0.38245	0.03734	0.06618
V912	0.38573	0.31013	0.14522	0.15892
V913	0.11484	0.03111	0.02883	0.82522
V914	0.16888	0.47633	0.32214	0.03266
V915	0.21263	0.02573	0.02218	0.73947
V916	0.22656	0.05373	0.6796	0.04011
V917	0.70728	0.02559	0.17869	0.08844
V918	0.03861	0.61893	0.25592	0.08654
V919	0.18695	0.20911	0.34358	0.26037
V920	0.61927	0.18204	0.10509	0.09361
V921	0.02731	0.17693	0.04733	0.74843
V922	0.08994	0.44137	0.42759	0.0411
V923	0.07326	0.04697	0.06352	0.81625
V924	0.02995	0.65576	0.28961	0.02468
V925	0.16606	0.05418	0.02872	0.75104
V926	0.18585	0.04161	0.04506	0.72748
V927	0.02355	0.07331	0.077	0.82614
V928	0.03949	0.89534	0.00826	0.05691
V929	0.04858	0.63666	0.14644	0.16832
V930	0.50786	0.36002	0.03763	0.09449
V931	0.12297	0.24716	0.56193	0.06794
V932	0.02897	0.09772	0.66296	0.21034
V933	0.58446	0.39227	0.013	0.01027
V934	0.00691	0.14093	0.31467	0.53749
V935	0.55661	0.14449	0.23316	0.06574
V936	0.5266	0.25942	0.02118	0.1928
V937	0.54192	0.11503	0.09766	0.2454
V938	0.35746	0.04089	0.3474	0.25425
V939	0.75079	0.01831	0.08049	0.15041
V940	0.02088	0.78819	0.15848	0.03245
V941	0.00347	0.05004	0.93686	0.00964
V942	0.73283	0.17831	0.0723	0.01656
V943	0.37684	0.1124	0.46195	0.0488
V944	0.01553	0.26625	0.08123	0.63699
V945	0.55803	0.34591	0.01226	0.08381
V946	0.44452	0.2427	0.28072	0.03207
V947	0.07207	0.05447	0.26565	0.6078
V948	0.31266	0.03536	0.63443	0.01755
V949	0.00164	0.11464	0.23455	0.64916
V950	0.04901	0.51723	0.24186	0.1919
V951	0.81003	0.02258	0.16285	0.00454
V952	0.06071	0.1168	0.30519	0.5173
V953	0.01631	0.06568	0.8911	0.02692
V954	0.03256	0.17476	0.16734	0.62534
V955	0.11382	0.60009	0.03285	0.25325
V956	0.03024	0.03208	0.56141	0.37627
V957	0.31964	0.03499	0.00989	0.63548
V958	0.05049	0.04005	0.02254	0.88692
V959	0.21702	0.23372	0.48135	0.06791
V960	0.22565	0.26003	0.09582	0.4185
V961	0.12471	0.36101	0.39668	0.11761
V962	0.34707	0.14874	0.43725	0.06693
V963	0.59434	0.15304	0.17813	0.07449
V964	0.83404	0.02917	0.10597	0.03082
V965	0.04904	0.48319	0.21962	0.24815
V966	0.95887	0.02385	0.00575	0.01153
V967	0.04772	0.04261	0.5794	0.33026
V968	0.00081	0.14002	0.80187	0.05731
V969	0.00815	0.29092	0.05259	0.64835
V970	0.0298	0.10515	0.47806	0.387
V971	0.48713	0.07226	0.36637	0.07425
V972	0.50928	0.18332	0.05812	0.24929
V973	0.26158	0.40908	0.09283	0.23652
V974	0.00493	0.77987	0.13964	0.07555
V975	0.09134	0.27267	0.63132	0.00467
V976	0.43804	0.22783	0.13388	0.20026
V977	0.30356	0.3406	0.35184	0.004
V978	0.05659	0.10411	0.08601	0.75328
V979	0.78058	0.02252	0.19238	0.00452
V980	0.97769	0.01584	0.00027	0.0062
V981	0.31344	0.02912	0.47972	0.17771
V982	0.43892	0.38739	0.08745	0.08625
V983	0.6987	0.05724	0.00678	0.23728
V984	0.01284	0.83789	0.11692	0.03235
V985	0.06696	0.20469	0.01893	0.70942
V986	0.31549	0.51974	0.05834	0.10644
V987	0.22562	0.75524	0.00149	0.01765
V988	0.19838	0.03791	0.0284	0.73531
V989	0.43428	0.46359	0.08542	0.0167
V990	0.00112	0.05619	0.81729	0.12541
V991	0.62805	0.36098	0.00021	0.01075
V992	0.1824	0.01709	0.56627	0.23424
V993	0.05839	0.71804	0.18286	0.04071
V994	0.17312	0.78518	0.03146	0.01024
V995	0.7433	0.09458	0.03583	0.12629
V996	0.2553	0.12391	0.02136	0.59943
V997	0.01513	0.03243	0.84554	0.1069
V998	0.87032	0.01538	0.06858	0.04571
V999	0.11283	0.87896	0.00304	0.00516
V1000	0.29722	0.04262	0.01021	0.64995
