cytotoxic.CD56.dim.NK.cell	memory.CD4.pos.AB.T.cell	memory.B.cell	CD14.pos.CD16.neg.classical.monocyte
V1	0.58052	0.0114	0.19105	0.21704
V2	0.17314	0.10074	0.06495	0.66116
V3	0.06004	0.66906	0.01581	0.25509
V4	0.86378	0.1196	0.00018	0.01645
V5	0.11467	0.47626	0.28277	0.12629
V6	0.07797	0.88203	0.0235	0.0165
V7	0.16116	0.38295	0.09887	0.35702
V8	0.12726	0.01839	0.83069	0.02367
V9	0.26782	0.25234	0.04584	0.434
V10	0.01883	0.02207	0.921	0.0381
V11	0.20899	0.3354	0.45107	0.00454
V12	0.02685	0.57495	0.3879	0.0103
V13	0.26833	0.70868	0.00678	0.01621
V14	0.06997	0.91631	0.00873	0.00499
V15	0.1258	0.61585	0.13344	0.12491
V16	0.91114	0.04542	0.02133	0.02211
V17	0.08801	0.88013	0.01531	0.01654
V18	0.57994	0.34481	0.04682	0.02843
V19	0.16082	0.82141	0.00741	0.01036
V20	0.18249	0.49381	0.02421	0.29949
V21	0.12819	0.04439	0.80389	0.02353
V22	0.0201	0.09909	0.26089	0.61991
V23	0.37654	0.03507	0.58345	0.00494
V24	0.9266	0.03884	0.03426	0.00029
V25	0.37308	0.23404	0.14851	0.24437
V26	0.41566	0.39916	0.02159	0.1636
V27	0.11506	0.07496	0.02867	0.78131
V28	0.003	0.05534	0.94026	0.0014
V29	0.43453	0.02291	0.52036	0.0222
V30	0.10847	0.21128	0.33181	0.34845
V31	0.21866	0.18054	0.34457	0.25624
V32	0.0921	0.04719	0.04313	0.81758
V33	0.04613	0.49008	0.38873	0.07507
V34	0.12752	0.03003	0.81889	0.02356
V35	0.16395	0.72685	0.08674	0.02246
V36	0.00835	0.03472	0.56446	0.39247
V37	0.58484	0.06543	0.10981	0.23993
V38	0.46164	0.0085	0.20153	0.32832
V39	0.17204	0.57689	0.14342	0.10765
V40	0.09966	0.8205	0.07984	0
V41	0.0087	0.72049	0.05245	0.21836
V42	0.25001	0.03047	0.25484	0.46468
V43	0.13133	0.31534	0.53046	0.02287
V44	0.01601	0.0568	0.79895	0.12824
V45	0.10033	0.59296	0.23968	0.06703
V46	0.79431	0.07203	0.1291	0.00456
V47	0.45503	0.17135	0.33772	0.03589
V48	0.80362	0.17412	0.00615	0.0161
V49	0.74842	0.18915	0	0.06243
V50	0.06808	0.83968	0.08771	0.00453
V51	0.31506	0.38803	0.27465	0.02226
V52	0.02663	0.09154	0.8578	0.02404
V53	0.72123	0.1204	0.15818	0.00018
V54	0.42485	0.17371	0.38568	0.01576
V55	0.23738	0.12019	0.28876	0.35367
V56	0.05149	0.034	0.11502	0.79948
V57	0.09844	0.86745	0.0238	0.01031
V58	0.68524	0.01247	0.04866	0.25362
V59	0.44286	0.40585	0.11553	0.03575
V60	0.14466	0.14064	0.38877	0.32593
V61	0.82274	0.1023	0.01259	0.06237
V62	0.8787	0.03807	0.07318	0.01006
V63	0.01815	0.83869	0.1268	0.01636
V64	0.00998	0.88636	0.00153	0.10214
V65	0.01704	0.02667	0.13456	0.82173
V66	0.2208	0.70726	0.02177	0.05018
V67	0.15372	0.30464	0.53143	0.01021
V68	0.18468	0.16453	0.03114	0.61964
V69	0.02565	0.28432	0.65319	0.03684
V70	0.56656	0.13773	0.19959	0.09611
V71	0.17877	0.06049	0.44239	0.31835
V72	0.60684	0.1496	0.10692	0.13664
V73	0.1572	0.62509	0.15123	0.06648
V74	0.05823	0.20219	0.73888	0.00071
V75	0.71686	0.00703	0.20751	0.0686
V76	0.00116	0.18732	0.2321	0.57942
V77	0.04449	0.33958	0.0129	0.60303
V78	0.33879	0.10792	0.22314	0.33015
V79	0.00788	0.07825	0.84757	0.0663
V80	0.35128	0.01545	0.56939	0.06388
V81	0.05712	0.14103	0.7964	0.00544
V82	0.00174	0.06374	0.92746	0.00705
V83	0.15622	0.19305	0.09487	0.55586
V84	0.43387	0.04217	0.19394	0.33002
V85	0.11407	0.29954	0.45191	0.13448
V86	0.04633	0.04005	0.88286	0.03076
V87	0.03666	0.85407	0.0588	0.05047
V88	0.1859	0.05493	0.32957	0.4296
V89	0.02261	0.02759	0.2655	0.6843
V90	0.02825	0.90151	0.05983	0.01041
V91	0.03647	0.74193	0.19897	0.02262
V92	0.46452	0.01882	0.41455	0.10211
V93	0.90358	0.02152	0.00012	0.07477
V94	0.01929	0.50538	0.02827	0.44706
V95	0.27078	0.43599	0.17637	0.11686
V96	0.08583	0.12535	0.03727	0.75156
V97	0.68148	0.09761	0.21649	0.00443
V98	0.68553	0.30398	0.00021	0.01028
V99	0.79189	0.04699	0.15651	0.00461
V100	0.07739	0.02698	0.87773	0.0179
V101	0.02674	0.07788	0.01099	0.88439
V102	0.92421	0.05833	0.00686	0.0106
V103	0.01328	0.06777	0.12731	0.79164
V104	0.03066	0.9548	0.00935	0.00519
V105	0.05924	0.919	0.01684	0.00492
V106	0.12147	0.5038	0.3452	0.02953
V107	0.18723	0.17579	0.60047	0.03651
V108	0.15191	0.75006	0.09803	0
V109	0.01595	0.13867	0.66208	0.1833
V110	0.05748	0.88509	0.04099	0.01644
V111	0.9092	0.01109	0.07469	0.00501
V112	0.14035	0.05189	0.50241	0.30535
V113	0.21643	0.10474	0.22121	0.45762
V114	0.28429	0.05214	0.10444	0.55912
V115	0.00952	0.74971	0.23603	0.00474
V116	0.15031	0.29912	0.41572	0.13486
V117	0.6843	0.24969	0.03761	0.02839
V118	0.17541	0.60855	0.04098	0.17506
V119	0.13551	0.09437	0.06747	0.70265
V120	0.07761	0.05772	0.85319	0.01148
V121	0.62986	0.11996	0.10658	0.14361
V122	0.95584	0.0182	0.01514	0.01083
V123	0.00897	0.56746	0.05626	0.36731
V124	0.66642	0.29183	0	0.04175
V125	0.3917	0.40641	0.18619	0.0157
V126	0.04608	0.17732	0.06873	0.70787
V127	0.18672	0.04681	0.31812	0.44835
V128	0.03817	0.03278	0.15086	0.77819
V129	0.58721	0.21894	0.17203	0.02182
V130	0.00917	0.6464	0.33964	0.0048
V131	0.02826	0.9129	0.00145	0.05739
V132	0.93726	0.01601	0.03042	0.0163
V133	0.91019	0.0233	0.05623	0.01028
V134	0.12119	0.41549	0.15499	0.30833
V135	0.09286	0.03124	0.2356	0.64031
V136	0.26879	0.42909	0.01509	0.28703
V137	0.65684	0.03269	0.26225	0.04822
V138	0.22732	0.40751	0.20379	0.16137
V139	0.38036	0.1976	0.22654	0.1955
V140	0.03636	0.11714	0.07344	0.77306
V141	0.06778	0.13744	0.6095	0.18527
V142	0.77624	0.01392	0.20948	0.00036
V143	0.46402	0.26358	0.0799	0.1925
V144	0.19077	0.15817	0.20945	0.44161
V145	0.00208	0.75802	0.23506	0.00484
V146	0.06938	0.03918	0.04694	0.8445
V147	0.9219	0.02857	0.02123	0.02829
V148	0.1337	0.06029	0.64276	0.16324
V149	0.26428	0.504	0.22739	0.00433
V150	0.08746	0.21861	0.63473	0.0592
V151	0.21668	0.64625	0.03959	0.09748
V152	0.24224	0.44278	0.24031	0.07467
V153	0.1113	0.77823	0.02238	0.08809
V154	0.24555	0.44473	0.28727	0.02244
V155	0.48705	0.12955	0.31044	0.07296
V156	0.03512	0.11877	0.7487	0.09741
V157	0.32388	0.1439	0.3558	0.17643
V158	0.0268	0.029	0.04917	0.89503
V159	0.89402	0.0709	0	0.03507
V160	0.72928	0.01184	0.07474	0.18414
V161	0.25225	0.02543	0.04498	0.67734
V162	0.07684	0.33623	0.10452	0.48241
V163	0.1049	0.51076	0.19474	0.18959
V164	0.36835	0.31218	0.12435	0.19512
V165	0.01237	0.3268	0.00601	0.65482
V166	0.01205	0.12923	0.09763	0.76109
V167	0.40843	0.01513	0.01266	0.56377
V168	0.29269	0.57706	0.0869	0.04334
V169	0.22486	0.06872	0.05329	0.65313
V170	0.11332	0.02209	0.59606	0.26853
V171	0.13061	0.21894	0.62065	0.0298
V172	0.70435	0.01137	0.27949	0.00478
V173	0.03452	0.18095	0.05861	0.72592
V174	0.0215	0.1982	0.10267	0.67764
V175	0.06516	0.01645	0.82394	0.09445
V176	0.00977	0.81	0.1755	0.00474
V177	0.0125	0.97427	0.00186	0.01136
V178	0.00908	0.81338	0.00805	0.16949
V179	0.17712	0.01599	0.45019	0.3567
V180	0.03069	0.88803	0.08128	0
V181	0.1695	0.11461	0.59283	0.12307
V182	0.30439	0.16344	0.48862	0.04355
V183	0.18204	0.80543	0.0078	0.00473
V184	0.97006	0.01689	0.01261	0.00044
V185	0.56602	0.41522	0.01426	0.0045
V186	0.12539	0.48359	0.29106	0.09996
V187	0.94399	0.01884	0.03201	0.00516
V188	0.06983	0.28345	0.00543	0.64128
V189	0.84141	0.02564	0.02055	0.1124
V190	0.64691	0.01766	0.33069	0.00475
V191	0.18696	0.18657	0.59694	0.02953
V192	0.31972	0.48074	0.05911	0.14042
V193	0.61703	0.03156	0.25773	0.09367
V194	0.03877	0.93619	0.00815	0.0169
V195	0.01234	0.03777	0.94267	0.00722
V196	0.01682	0.11725	0.02335	0.84257
V197	0.46604	0.05577	0.03505	0.44314
V198	0.06709	0.49586	0.39286	0.04418
V199	0.19151	0.03409	0.22539	0.54902
V200	0.14095	0.60582	0.02345	0.22978
V201	0.10255	0.56898	0.2118	0.11667
V202	0.01666	0.02238	0.82704	0.13392
V203	0.16547	0.41371	0.40474	0.01609
V204	0.00946	0.60117	0.00991	0.37946
V205	0.01914	0.05541	0.91315	0.0123
V206	0.04797	0.08829	0.85789	0.00584
V207	0.15583	0.21781	0.07208	0.55428
V208	0.24778	0.05915	0.68252	0.01055
V209	0.31849	0.47892	0.07875	0.12384
V210	0.0881	0.77833	0.09734	0.03622
V211	0.476	0.02352	0.04541	0.45507
V212	0.50205	0.03742	0.4447	0.01583
V213	0.67159	0.0316	0.12525	0.17156
V214	0.36332	0.15802	0.19592	0.28273
V215	0.33741	0.11047	0.02817	0.52396
V216	0.05136	0.02757	0.04255	0.87852
V217	0.04753	0.50769	0.26439	0.1804
V218	0.10603	0.46716	0.19773	0.22908
V219	0.11521	0.67948	0.01488	0.19043
V220	0.00926	0.86451	0.00771	0.11853
V221	0.84004	0.0135	0.0062	0.14026
V222	0.33056	0.1225	0.40742	0.13952
V223	0.00771	0.12263	0.81074	0.05892
V224	0.9557	0.01601	0.02788	4e-04
V225	0.05824	0.87691	0.06021	0.00464
V226	0.30392	0.07446	0.61131	0.01031
V227	0.77896	0.0095	0.20155	0.00999
V228	0.79277	0.0648	0.07292	0.06952
V229	0.01949	0.03148	0.9303	0.01873
V230	0.02055	0.06425	0.04095	0.87425
V231	0.01912	0.31421	0.14217	0.5245
V232	0.04943	0.70728	0.00203	0.24125
V233	0.58841	0.08072	0.2202	0.11067
V234	0.0384	0.91801	0.03309	0.0105
V235	0.37215	0.05396	0.55156	0.02233
V236	0.04512	0.05898	0.83736	0.05855
V237	0.19144	0.02839	0.0482	0.73197
V238	0.1333	0.55049	0.27956	0.03665
V239	0.07611	0.45545	0.02742	0.44102
V240	0.48682	0.03515	0.44269	0.03534
V241	0.01824	0.02065	0.9094	0.05171
V242	0.13038	0.76301	0.09666	0.00995
V243	0.23993	0.03738	0.66525	0.05743
V244	0.20375	0.01363	0.71862	0.064
V245	0.60936	0.29284	0.05569	0.0421
V246	0.05609	0.13579	0.79091	0.01721
V247	0.16275	0.03159	0.80476	0.00089
V248	0.02867	0.06283	0.07063	0.83787
V249	0.00106	0.04282	0.90424	0.05188
V250	0.75563	0.01079	0.22886	0.00472
V251	0.9346	0.05269	0.0075	0.00522
V252	0.01169	0.83216	0.1561	5e-05
V253	0.40061	0.06857	0.19607	0.33476
V254	0.011	0.93147	0.05261	0.00493
V255	0.04807	0.92078	0.00143	0.02972
V256	0.17879	0.1958	0.55851	0.0669
V257	0.44743	0.09261	0.26883	0.19112
V258	0.18308	0.25021	0.46689	0.09981
V259	0.03553	0.27321	0.66132	0.02994
V260	0.00142	0.27161	0.72143	0.00554
V261	0.63574	0.03106	0.21707	0.11613
V262	0.11455	0.08454	0.02818	0.77273
V263	0.0206	0.96046	0.00168	0.01726
V264	0.17551	0.03512	0.49707	0.29229
V265	0.03762	0.02282	0.18643	0.75312
V266	0.63453	0.35725	0.00812	1e-04
V267	9e-04	0.18666	0.34955	0.46289
V268	0.42354	0.02754	0.17286	0.37606
V269	0.00812	0.54765	0.40765	0.03658
V270	0.64966	0.02486	0.26311	0.06236
V271	0.82049	0.06546	0.03705	0.077
V272	0.05742	0.84777	0.01465	0.08016
V273	0.06709	0.04868	0.05628	0.82794
V274	0.71175	0.00675	0.19838	0.08312
V275	0.00186	0.04169	0.94879	0.00766
V276	0.52574	0.34252	0.01283	0.1189
V277	0.04107	0.22766	0.20411	0.52716
V278	0.0405	0.06216	0.36521	0.53213
V279	0.71386	0.05527	0.12265	0.10822
V280	0.0268	0.029	0.04917	0.89503
V281	0.57783	0.03168	0.16166	0.22883
V282	0.05526	0.05996	0.8406	0.04418
V283	0.21968	0.5964	0.06897	0.11495
V284	0.02898	0.90536	0.06089	0.00477
V285	0.07342	0.02795	0.89749	0.00114
V286	0.25205	0.55422	0.11947	0.07426
V287	0.09844	0.86986	0.01521	0.01649
V288	0.01649	0.27034	0.48764	0.22553
V289	0.28515	0.204	0.4519	0.05896
V290	0.80991	0.17391	0.016	0.00018
V291	0.48086	0.06277	0.44642	0.00995
V292	0.94224	0.01636	0.00025	0.04115
V293	0.28838	0.01857	0.66384	0.0292
V294	0.10168	0.42098	0.00353	0.47381
V295	0.01906	0.19383	0.24282	0.54429
V296	0.17596	0.10627	0.6518	0.06597
V297	0.08899	0.02273	0.10075	0.78753
V298	0.29334	0.09187	0.60451	0.01027
V299	0.07958	0.32287	0.02092	0.57662
V300	0.00132	0.04761	0.2995	0.65157
V301	0.12042	0.09712	0.6931	0.08936
V302	0.6449	0.34454	0.00029	0.01027
V303	0.00132	0.58614	0.38961	0.02294
V304	0.05508	0.0254	0.79244	0.12708
V305	0.12685	0.14711	0.52076	0.20528
V306	0.81745	0.09306	0.0548	0.0347
V307	0.02001	0.95234	0.01682	0.01083
V308	0.2417	0.22171	0.3388	0.19778
V309	0.3594	0.33011	0.03217	0.27833
V310	0.08652	0.33682	0.18343	0.39322
V311	0.51136	0.47714	0.00694	0.00456
V312	0.09858	0.73835	0.14696	0.0161
V313	0.00194	0.15722	0.03223	0.80862
V314	0.01785	0.51546	0.13276	0.33393
V315	0.12695	0.65724	0.04125	0.17456
V316	0.31652	0.12255	0.42924	0.13169
V317	0.09063	0.72833	0.05029	0.13075
V318	0.03936	0.61	0.01693	0.33371
V319	0.05616	0.0555	0.86438	0.02396
V320	0.07673	0.12684	0.69869	0.09774
V321	0.62428	0.36752	0.00811	9e-05
V322	0.21336	0.34386	0.0873	0.35548
V323	0.06219	0.04144	0.12355	0.77282
V324	0.65923	0.25089	0.07428	0.0156
V325	0.30309	0.63436	0.05818	0.00437
V326	0.00131	0.60291	0.10712	0.28867
V327	0.02112	0.17147	0.13826	0.66915
V328	0.04518	0.02576	0.79448	0.13458
V329	0.19169	0.1171	0.21162	0.4796
V330	0.39883	0.01254	0.37745	0.21118
V331	0.38676	0.0944	0.05594	0.46291
V332	0.01077	0.06493	0.24194	0.68236
V333	0.42416	0.06551	0.42213	0.08821
V334	0.36354	0.01292	0.40276	0.22078
V335	0.02561	0.31984	0.55556	0.09898
V336	0.17794	0.71939	0.02189	0.08079
V337	0.28028	0.38903	0.3083	0.02238
V338	0.003	0.98094	0.01056	0.0055
V339	0.11987	0.02218	0.85185	0.0061
V340	0.05698	0.21099	0.58193	0.1501
V341	0.02729	0.05891	0.09262	0.82118
V342	0.24032	0.0118	0.64636	0.10153
V343	0.95808	0.02854	0.00797	0.00541
V344	0.6631	0.14832	0.18841	0.00018
V345	0.01616	0.04763	0.93498	0.00123
V346	0.24613	0.10759	0.33454	0.31175
V347	0.04884	0.03005	0.17163	0.74948
V348	0.05736	0.67317	0.15438	0.11509
V349	0.34818	0.15119	0.41856	0.08207
V350	0.0298	0.79472	0.17544	5e-05
V351	0.01831	0.03601	0.47866	0.46702
V352	0.04566	0.02345	0.87263	0.05826
V353	0.88785	0.0268	0.03743	0.04791
V354	0.04624	0.69222	0.23215	0.02938
V355	0.27746	0.06628	0.51003	0.14623
V356	0.03782	0.04339	0.1378	0.78099
V357	0.11803	0.3318	0.3203	0.22987
V358	0.57749	0.10455	0.05939	0.25856
V359	0.60976	0.05861	0.04057	0.29107
V360	0.54216	0.42627	0.02172	0.00985
V361	0.00142	0.43447	0.55897	0.00514
V362	0.00301	0.97301	0.01862	0.00536
V363	0.17433	0.10529	0.52687	0.1935
V364	0.15228	0.05397	0.72082	0.07293
V365	0.30067	0.04074	0.02227	0.63632
V366	0.0793	0.70711	0.09012	0.12346
V367	0.60433	0.14443	0.00647	0.24477
V368	0.08927	0.74859	0.08852	0.07362
V369	0.0176	0.38318	0.59423	0.00499
V370	0.29122	0.25792	0.42837	0.02249
V371	0.18727	0.73175	0.03058	0.0504
V372	0.18201	0.06328	0.15577	0.59894
V373	0.08028	0.1282	0.53942	0.25211
V374	0.75947	0.02004	0.22019	3e-04
V375	0.04607	0.0553	0.19147	0.70717
V376	0.03713	0.05256	0.13624	0.77407
V377	0.81481	0.00779	0.01364	0.16376
V378	0.00878	0.03696	0.48978	0.46449
V379	0.36914	0.21143	0.01626	0.40317
V380	0.16474	0.07741	0.25009	0.50776
V381	0.75116	0.01749	0.10244	0.12891
V382	0.07903	0.0383	0.87653	0.00613
V383	0.84375	0.01221	0.05435	0.08968
V384	0.58132	0.07319	0.15061	0.19488
V385	0.85974	0.01915	0.08053	0.04059
V386	0.32892	0.02288	0.17956	0.46864
V387	0.59139	0.13769	0.20696	0.06396
V388	0.38286	0.32862	0.16429	0.12423
V389	0.41347	0.52331	0.01327	0.04994
V390	0.28588	0.2395	0.47005	0.00456
V391	0.4549	0.11305	0.025	0.40705
V392	0.43737	0.21646	0.18772	0.15845
V393	0.28231	0.21601	0.3852	0.11649
V394	0.10207	0.25104	0.14137	0.50552
V395	0.22649	0.39498	0.22638	0.15215
V396	0.01102	0.96308	0.00878	0.01713
V397	0.77745	0.08405	0.11036	0.02813
V398	0.47277	0.13611	0.11383	0.27729
V399	0.19411	0.55981	0.16322	0.08286
V400	0.00139	0.62774	0.07469	0.29618
V401	0.03504	0.14008	0.76609	0.05879
V402	0.77894	0.1804	0.04051	0.00015
V403	0.02756	0.04887	0.10525	0.81831
V404	0.08749	0.1767	0.66171	0.07411
V405	0.24162	0.04032	0.20956	0.5085
V406	0.65022	0.2504	0.02037	0.07902
V407	0.003	0.98094	0.01056	0.0055
V408	0.09251	0.23594	0.45388	0.21767
V409	0.00225	0.06021	0.04917	0.88837
V410	0.08792	0.86377	0.03195	0.01637
V411	0.48696	0.02044	0.00359	0.48902
V412	0.16156	0.06855	0.5594	0.21048
V413	0.05921	0.50351	0.20942	0.22786
V414	0.03597	0.50536	0.35925	0.09941
V415	0.45904	0.03171	0.2672	0.24205
V416	0.01332	0.08345	0.90215	0.00108
V417	0.37384	0.61441	0.00715	0.0046
V418	0.07954	0.1179	0.18468	0.61787
V419	0.02444	0.02916	0.05978	0.88663
V420	0.00215	0.91052	0.01537	0.07196
V421	0.15199	0.03735	0.7228	0.08786
V422	0.05432	0.09759	0.02103	0.82707
V423	0.07739	0.02698	0.87773	0.0179
V424	0.00069	0.04972	0.69302	0.25657
V425	0.05576	0.21908	0.64219	0.08297
V426	0.08624	0.04211	0.82068	0.05096
V427	0.07187	0.41296	0.22627	0.2889
V428	0.08914	0.78612	0.05887	0.06587
V429	0.02246	0.0288	0.06995	0.87879
V430	0.75561	0.16843	0.02031	0.05565
V431	0.18585	0.02717	0.51571	0.27128
V432	0.12181	0.1158	0.06712	0.69527
V433	0.0589	0.76998	0.0016	0.16952
V434	0.37423	0.08464	0.06684	0.47428
V435	0.53755	0.01852	0.14382	0.30011
V436	0.41427	0.02155	0.14081	0.42337
V437	0.25446	0.25686	0.00962	0.47907
V438	0.63285	0.16103	0.03862	0.1675
V439	0.0398	0.13989	0.01952	0.80078
V440	0.52341	0.04504	0.0433	0.38825
V441	0.06688	0.11659	0.66011	0.15643
V442	0.32719	0.34607	0.15708	0.16966
V443	0.75823	0.01151	0.1021	0.12815
V444	0.01616	0.04763	0.93498	0.00123
V445	0.59889	0.02118	0.35813	0.0218
V446	0.03664	0.84632	0.05898	0.05806
V447	0.63577	0.09001	0.19514	0.07908
V448	0.02066	0.08024	0.24987	0.64923
V449	0.55945	0.0396	0.32231	0.07864
V450	0.14175	0.8406	0.01766	0
V451	0.92518	0.05798	0.00026	0.01658
V452	0.04082	0.03628	0.10561	0.81728
V453	0.81102	0.07452	0.07299	0.04147
V454	0.00252	0.93481	0.05196	0.01071
V455	0.59252	0.03308	0.32585	0.04856
V456	0.32796	0.11247	0.42821	0.13135
V457	0.00224	0.07836	0.03342	0.88597
V458	0.29243	0.25289	0.00913	0.44554
V459	0.01742	0.81064	0.0987	0.07323
V460	0.94117	0.01711	0.03115	0.01057
V461	0.06992	0.06479	0.02262	0.84267
V462	0.37512	0.26637	0.00191	0.35661
V463	0.25562	0.47839	0.17451	0.09149
V464	0.54338	0.10972	0.00755	0.33934
V465	0.41014	0.43862	0.02986	0.12138
V466	0.60709	0.19416	0.00607	0.19268
V467	0.31238	0.5724	0.08623	0.029
V468	0.49895	0.40238	0.05621	0.04246
V469	0.01793	0.18466	0.35001	0.44739
V470	0.55855	0.11944	0.20196	0.12006
V471	0.29775	0.12114	0.04857	0.53254
V472	0.34386	0.35403	0.00155	0.30056
V473	0.09885	0.53437	0.35059	0.01619
V474	0.1356	0.01913	0.14042	0.70484
V475	0.19623	0.4229	0.09576	0.28511
V476	0.18791	0.03469	0.07894	0.69846
V477	0.60687	0.03849	0.22969	0.12495
V478	0.14013	0.62528	0.00746	0.22713
V479	0.01631	0.07742	0.84004	0.06622
V480	0.08999	0.35103	0.05992	0.49905
V481	0.13883	0.02576	0.82401	0.0114
V482	0.6922	0.15847	0.1211	0.02823
V483	0.14475	0.12959	0.09807	0.62759
V484	0.02732	0.10675	0.04351	0.82242
V485	0.12257	0.75897	0.01423	0.10423
V486	0.2883	0.27391	0.15184	0.28595
V487	0.08429	0.06602	0.11799	0.7317
V488	0.00223	0.02203	0.89542	0.08032
V489	0.20536	0.09446	0.68965	0.01053
V490	0.35829	0.32667	0.08193	0.23311
V491	0.44094	0.47058	0.03843	0.05005
V492	0.02822	0.83068	0.13647	0.00462
V493	0.0412	0.03004	0.01248	0.91628
V494	0.19211	0.1439	0.56535	0.09864
V495	0.22062	0.61713	0.14636	0.01589
V496	0.27137	0.69204	0.00065	0.03594
V497	0.01338	0.02753	0.95158	0.00752
V498	0.34943	0.11585	0.06707	0.46765
V499	0.60123	0.26307	0.13139	0.00431
V500	0.09722	0.11197	0.76086	0.02995
V501	0.00327	0.03285	0.07719	0.88669
V502	0.54452	0.27114	0.16253	0.02182
V503	0.21527	0.10357	0.24518	0.43598
V504	0.23071	0.70528	0.01379	0.05022
V505	0.20878	0.21578	0.29801	0.27743
V506	0.0907	0.24362	0.50518	0.1605
V507	0.62896	0.09977	0.13645	0.13481
V508	0.75086	0.1683	0.04601	0.03483
V509	0.22985	0.05862	0.5567	0.15484
V510	0.22038	0.50567	0.26958	0.00437
V511	0.05149	0.46609	0.05769	0.42474
V512	0.27225	0.06128	0.10471	0.56176
V513	0.07804	0.64497	0.22563	0.05135
V514	0.01982	0.11406	0.01031	0.85581
V515	0.78106	0.0641	0.05507	0.09977
V516	0.8956	0.09854	0.00059	0.00528
V517	0.04248	0.03949	0.31913	0.5989
V518	0.94673	0.04709	0.00065	0.00553
V519	0.02749	0.88552	0.00743	0.07957
V520	0.0265	0.01477	0.68698	0.27175
V521	0.55028	0.04355	0.38428	0.02189
V522	0.0074	0.11952	0.6454	0.22768
V523	0.3655	0.12397	0.29769	0.21284
V524	0.00881	0.77025	0.19824	0.0227
V525	0.2808	0.22984	0.03634	0.45302
V526	0.66619	0.08197	0.08589	0.16596
V527	0.21341	0.02723	0.45853	0.30083
V528	0.09846	0.86414	0.00115	0.03625
V529	0.06568	0.07371	0.28166	0.57894
V530	0.00746	0.19012	0.72009	0.08233
V531	0.02098	0.86065	0.11838	0
V532	0.18883	0.36147	0.0358	0.4139
V533	0.29192	0.36151	0.15874	0.18784
V534	0.00808	0.02169	0.76963	0.2006
V535	0.59275	0.0103	0.01664	0.38032
V536	0.20139	0.01107	0.43347	0.35408
V537	0.57755	0.25164	0.16119	0.00961
V538	0.48921	0.06013	0.10464	0.34601
V539	0.27078	0.43599	0.17637	0.11686
V540	0.1983	0.69549	0.07708	0.02913
V541	0.01828	0.55559	0.07695	0.34918
V542	0.21149	0.13116	0.30254	0.35481
V543	0.89124	0.01375	0.01306	0.08195
V544	0.11539	0.10127	0.21762	0.56573
V545	0.3957	0.15236	0.08551	0.36642
V546	0.04821	0.87773	0.06942	0.00464
V547	0.03665	0.6299	0.32327	0.01018
V548	0.15147	0.75697	0.08714	0.00441
V549	0.31153	0.03423	0.64379	0.01045
V550	0.62522	0.03767	0.00171	0.3354
V551	0.17546	0.74183	0.03952	0.0432
V552	0.00157	0.59167	0.01043	0.39633
V553	0.21875	0.13852	0.62646	0.01627
V554	0.0624	0.11907	0.0393	0.77923
V555	0.09491	0.22935	0.38808	0.28766
V556	0.00139	0.0406	0.93259	0.02542
V557	0.83373	0.03334	0.01284	0.12009
V558	0.06785	0.80424	0.03143	0.09647
V559	0.01133	0.7937	0.19489	7e-05
V560	0.66937	0.32531	0.00048	0.00484
V561	0.00186	0.04169	0.94879	0.00766
V562	0.78346	0.0119	0.12876	0.07589
V563	0.23464	0.01869	0.74117	0.00551
V564	0.05686	0.07552	0.85612	0.01149
V565	0.12864	0.25687	0.42536	0.18914
V566	0.7214	0.10233	0.00582	0.17046
V567	0.23124	0.47637	0.03251	0.25988
V568	0.27382	0.02231	0.07422	0.62965
V569	0.71144	0.0357	0.00106	0.25179
V570	0.02546	0.27332	0.6496	0.05162
V571	0.81922	0.13238	0	0.0484
V572	0.4337	0.01388	0.47415	0.07827
V573	0.0713	0.21589	0.01487	0.69794
V574	0.03698	0.77644	0.17645	0.01012
V575	0.02196	0.1077	0.16673	0.70361
V576	0.15056	0.79897	0.04041	0.01007
V577	0.04308	0.05838	0.27262	0.62591
V578	0.05534	0.06273	0.73647	0.14546
V579	0.00957	0.8766	0.09732	0.01651
V580	0.17123	0.02336	0.14758	0.65783
V581	0.07851	0.11509	0.0084	0.798
V582	0.60364	0.15296	0.0393	0.2041
V583	0.00777	0.04818	0.66648	0.27757
V584	0.50926	0.15062	0.3115	0.02863
V585	0.00909	0.02275	0.53035	0.4378
V586	0.2278	0.0173	0.68345	0.07145
V587	0.25626	0.01997	0.70092	0.02285
V588	0.65969	0.04956	0.03084	0.25991
V589	0.05682	0.82419	0.06839	0.0506
V590	0.04766	0.75165	0.19614	0.00455
V591	0.0014	0.05716	0.26551	0.67593
V592	0.15223	0.04645	0.80047	0.00085
V593	0.59557	0.00681	0.2095	0.18812
V594	0.32989	0.27866	0.35515	0.0363
V595	0.03337	0.06004	0.03862	0.86796
V596	0.03886	0.29908	0.26978	0.39228
V597	0.00116	0.57403	0.35839	0.06642
V598	0.01811	0.11428	0.85597	0.01164
V599	0.61691	0.32333	0.03783	0.02193
V600	0.36125	0.48337	0.05803	0.09735
V601	0.1775	0.30117	0.10068	0.42065
V602	0.03517	0.06376	0.02745	0.87362
V603	0.0102	0.43041	0.0211	0.53829
V604	0.50459	0.11293	0.36049	0.02199
V605	0.06876	0.32488	0.44482	0.16154
V606	0.73635	0.15832	0.01246	0.09286
V607	0.66943	0.01715	0.12554	0.18788
V608	0.22604	0.15564	0.43198	0.18634
V609	0.02836	0.25427	0.28587	0.4315
V610	0.77503	0.02456	0.10146	0.09895
V611	0.32431	0.02044	0.0719	0.58334
V612	0.02573	0.08642	0.83643	0.05142
V613	0.03556	0.31626	0.61825	0.02992
V614	0.77309	0.06404	0.05517	0.1077
V615	0.15301	0.08176	0.01656	0.74867
V616	0.07977	0.73096	0.05055	0.13873
V617	0.45661	0.1605	0.3826	0.00029
V618	0.75502	0.01471	0.00096	0.22931
V619	0.39272	0.03271	0.35984	0.21473
V620	0.00917	0.6464	0.33964	0.0048
V621	0.44124	0.15424	0.20112	0.2034
V622	0.34871	0.21437	0.41459	0.02232
V623	0.02175	0.09509	0.19116	0.692
V624	0.77968	0.20394	0.00013	0.01625
V625	0.26925	0.50385	0.11076	0.11613
V626	0.95279	0.03559	0.00054	0.01108
V627	0.00198	0.05543	0.10991	0.83268
V628	0.00174	0.28136	0.02573	0.69116
V629	0.13114	0.29727	0.32194	0.24965
V630	0.03545	0.31637	0.61141	0.03677
V631	0.02037	0.2282	0.1355	0.61594
V632	0.60342	0.00688	0.15867	0.23102
V633	0.00087	0.03899	0.86514	0.09501
V634	0.38719	0.25764	0.35074	0.00442
V635	0.02771	0.79438	0.00781	0.17011
V636	0.12093	0.09679	0.68487	0.09742
V637	0.33098	0.20861	0.1083	0.35211
V638	0.39814	0.26873	0.08204	0.25109
V639	0.26352	0.41764	0.31865	0.00018
V640	0.03543	0.14281	0.78469	0.03707
V641	0.8878	0.04252	0.02866	0.04103
V642	0.76563	0.17916	0	0.05521
V643	0.00754	0.18501	0.51808	0.28937
V644	0.89814	0.08456	0.00676	0.01054
V645	0.25582	0.40004	0.32824	0.01589
V646	0.01223	0.97244	0.00997	0.00535
V647	0.14021	0.08141	0.73463	0.04374
V648	0.40423	0.42788	0.14574	0.02214
V649	0.02609	0.06188	0.86752	0.04451
V650	0.05501	0.08417	0.8097	0.05111
V651	0.29704	0.01719	0.68045	0.00531
V652	0.09314	0.08994	0.50809	0.30883
V653	0.1236	0.67588	0.11027	0.09025
V654	0.69544	0.19802	0.06451	0.04203
V655	0.03902	0.62039	0.0255	0.31509
V656	0.22897	0.30301	0.01752	0.4505
V657	0.02954	0.11352	0.02213	0.83481
V658	0.61312	0.20952	0.06598	0.11138
V659	0.33285	0.08376	0.40993	0.17346
V660	0.02988	0.95129	0.00164	0.01719
V661	0.06288	0.4643	0.06769	0.40513
V662	0.40121	0.01986	0.49992	0.079
V663	0.23473	0.06797	0.60835	0.08895
V664	0.19481	0.06393	0.70493	0.03633
V665	0.69569	0.18705	0.04604	0.07123
V666	0.60886	0.00736	0.11811	0.26567
V667	0.74713	0.0761	0.17653	0.00023
V668	0.12029	0.79089	0.08882	0
V669	0.23162	0.40922	0.2759	0.08326
V670	0.07886	0.90294	0.00137	0.01683
V671	0.36221	0.27933	0.28407	0.07439
V672	0.01869	0.03678	0.9197	0.02483
V673	0.23694	0.36846	0.25957	0.13503
V674	0.73131	0.1478	0.02028	0.1006
V675	0.14026	0.32602	0.36216	0.17156
V676	0.03293	0.13823	0.1398	0.68904
V677	0.38769	0.40541	0.1086	0.0983
V678	0.50206	0.47903	0.01443	0.00448
V679	0.04618	0.29742	0.64579	0.01061
V680	0.29971	0.53799	0.14646	0.01584
V681	0.89349	0.07079	0.01344	0.02228
V682	0.10917	0.28302	0.57803	0.02978
V683	0.01458	0.96368	0.02174	0
V684	0.6975	0.158	0.10258	0.04193
V685	0.49069	0.33868	0.13506	0.03556
V686	0.10177	0.20111	0.19107	0.50605
V687	0.0353	0.04748	0.04098	0.87624
V688	0.37567	0.52015	0.00043	0.10375
V689	0.28697	0.01614	0.06364	0.63326
V690	0.45789	0.04184	0.45098	0.04929
V691	0.15059	0.02114	0.82238	0.00588
V692	0.07593	0.12892	0.74395	0.05121
V693	0.23969	0.10527	0.42287	0.23217
V694	0.00964	0.04136	0.36888	0.58011
V695	0.26521	0.01792	0.19642	0.52045
V696	0.0873	0.11714	0.02749	0.76807
V697	0.01854	0.09946	0.02508	0.85693
V698	0.84029	0.01308	0.01322	0.13341
V699	0.56907	0.28342	0.07499	0.07251
V700	0.26607	0.04479	0.01467	0.67447
V701	0.11742	0.54774	0.12701	0.20783
V702	0.5787	0.08819	0.01484	0.31828
V703	0.13792	0.05164	0.55426	0.25618
V704	0.83188	0.04859	0.02857	0.09096
V705	0.95323	0.00995	0.01436	0.02246
V706	0.07565	0.04895	0.80963	0.06577
V707	0.03562	0.41559	0.51901	0.02978
V708	0.03697	0.8824	0.02299	0.05764
V709	0.13287	0.25037	0.55718	0.05957
V710	0.61405	0.2102	0.05674	0.119
V711	0.08797	0.79275	0.09671	0.02257
V712	0.83056	0.05813	0.00565	0.10566
V713	0.44979	0.30952	0.04014	0.20055
V714	0.00896	0.71336	0.02481	0.25287
V715	0.29759	0.32444	0.32661	0.05136
V716	0.04017	0.07054	0.0674	0.82189
V717	0.07954	0.90813	0.00147	0.01086
V718	0.1479	0.56299	0.19754	0.09158
V719	0.05841	0.73562	0.04156	0.1644
V720	0.69023	0.00745	0.24782	0.0545
V721	0.12595	0.15699	0.53026	0.18679
V722	0.10216	0.38708	0.01913	0.49162
V723	0.1261	0.11426	0.01623	0.74341
V724	0.6071	0.0324	0.09885	0.26164
V725	0.00113	0.09578	0.8786	0.02449
V726	0.03953	0.41294	0.14764	0.39988
V727	0.26053	0.63889	0.09625	0.00434
V728	0.02851	0.86895	0.09786	0.00468
V729	0.43203	0.01995	0.19393	0.35408
V730	0.89559	0.03647	0.04607	0.02187
V731	0.02668	0.19712	0.46228	0.31392
V732	0.35681	0.07429	0.39607	0.17282
V733	0.65616	0.18826	0.03767	0.11791
V734	0.23185	0.29251	0.47108	0.00457
V735	0.01739	0.03361	0.56435	0.38465
V736	0.17021	0.03299	0.01892	0.77788
V737	0.33293	0.28322	0.26717	0.11668
V738	0.07838	0.32044	0.49326	0.10792
V739	0.00076	0.02369	0.67802	0.29752
V740	0.82732	0.0886	0.07411	0.00996
V741	0.50598	0.10368	0.14476	0.24558
V742	0.39278	0.59113	0.01608	0
V743	0.1291	0.13243	0.72175	0.01673
V744	0.51555	0.0397	0.35756	0.08718
V745	0.017	0.69797	0.19511	0.08992
V746	0.97825	0.01469	0.00116	0.0059
V747	0.0556	0.01456	0.76304	0.16679
V748	0.12241	0.09603	0.64284	0.13872
V749	0.30718	0.19216	0.06675	0.43391
V750	0.41512	0.46705	0.02104	0.09679
V751	0.04653	0.86968	0.04049	0.04331
V752	0.47228	0.22593	0.15316	0.14863
V753	0.0305	0.06591	0.01127	0.89231
V754	0.0105	0.93774	0.00155	0.0502
V755	0.15536	0.19237	0.39559	0.25669
V756	0.03109	0.04169	0.07447	0.85275
V757	0.33206	0.57892	0.06676	0.02226
V758	0.04644	0.76614	0.12893	0.05849
V759	0.13016	0.06183	0.47181	0.3362
V760	0.30681	0.0587	0.32854	0.30595
V761	0.06757	0.56967	0.29576	0.067
V762	0.00159	0.44263	0.02138	0.53441
V763	0.4	0.3682	0.03095	0.20085
V764	0.00986	0.93204	0.0079	0.05021
V765	0.69223	0.0951	0.00071	0.21196
V766	0.01629	0.31335	0.49162	0.17875
V767	0.48584	0.12051	0.27251	0.12113
V768	0.05769	0.90204	0.02372	0.01655
V769	0.13984	0.81809	0.03193	0.01014
V770	0.01223	0.97244	0.00997	0.00535
V771	0.16034	0.02505	0.80338	0.01123
V772	0.12913	0.04992	0.81535	0.0056
V773	0.16082	0.82141	0.00741	0.01036
V774	0.01962	0.0233	0.93194	0.02514
V775	0.12368	0.04902	0.34777	0.47954
V776	0.42963	0.42368	0.05753	0.08917
V777	0.19312	0.1291	0.17536	0.50242
V778	0.54309	0.27577	0.07623	0.10491
V779	0.173	0.04255	0.55828	0.22617
V780	0.11034	0.75287	0.13678	0
V781	0.05487	0.06175	0.04549	0.83789
V782	0.00786	0.11444	0.82628	0.05143
V783	0.79903	0.02487	0.05497	0.12113
V784	0.1098	0.86927	0.01615	0.00478
V785	0.03831	0.92905	0.01588	0.01676
V786	0.71458	0.15802	0.09256	0.03485
V787	0.00229	0.82746	0.16537	0.00487
V788	0.50366	0.29541	0.16531	0.03562
V789	0.0771	0.41039	0.03823	0.47428
V790	0.48675	0.03588	0.09443	0.38295
V791	0.13791	0.36948	0.36634	0.12627
V792	0.14205	0.57431	0.00781	0.27583
V793	0.126	0.6764	0.04097	0.15663
V794	0.04506	0.07583	0.82046	0.05864
V795	0.12417	0.06604	0.08134	0.72844
V796	0.02714	0.08468	0.87038	0.01781
V797	0.74107	0.0097	0.23928	0.00995
V798	0.60832	0.29249	0.08367	0.01553
V799	0.13226	0.77891	0.03086	0.05798
V800	0.06902	0.03012	0.59245	0.30841
V801	0.14543	0.12043	0.39058	0.34355
V802	0.04047	0.09071	0.34071	0.52811
V803	0.21878	0.50333	0.27775	0.00013
V804	0.51297	0.0194	0.41185	0.05578
V805	0.01955	0.03166	0.94743	0.00135
V806	0.04725	0.90807	0.01515	0.02953
V807	0.28325	0.174	0.0475	0.49525
V808	0.65493	0.27025	0.04643	0.02838
V809	0.04207	0.05562	0.90126	0.00106
V810	0.01352	0.97885	0.002	0.00563
V811	0.44074	0.07509	0.23652	0.24765
V812	0.55619	0.26613	0.05729	0.12038
V813	0.58669	0.1889	0.20261	0.02181
V814	0.42237	0.52469	0.0486	0.00434
V815	0.00258	0.91245	0.08004	0.00492
V816	0.916	0.01454	0.0691	0.00036
V817	0.02784	0.07862	0.88169	0.01185
V818	0.00195	0.09427	0.06068	0.8431
V819	0.8263	0.08412	0.05484	0.03474
V820	0.14821	0.12696	0.03417	0.69066
V821	0.21681	0.30338	0.42038	0.05943
V822	0.06724	0.03443	0.88043	0.0179
V823	0.0253	0.17942	0.72103	0.07425
V824	0.08871	0.3607	0.55018	0.00042
V825	0.22911	0.29115	0.29048	0.18926
V826	0.42275	0.40365	0.16396	0.00964
V827	0.37121	0.5927	0.01376	0.02234
V828	0.24277	0.18176	0.13578	0.43969
V829	0.04362	0.28973	0.05312	0.61353
V830	0.24313	0.25567	0.03678	0.46442
V831	0.77907	0.09123	0.03703	0.09267
V832	0.27325	0.40272	0.18914	0.13488
V833	0.15059	0.51264	0.20207	0.1347
V834	0.32199	0.08568	0.10135	0.49097
V835	0.35816	0.44713	0.12871	0.066
V836	0.00925	0.72252	0.00883	0.2594
V837	0.22762	0.38488	0.21614	0.17136
V838	0.91431	0.04963	0.03115	0.00491
V839	0.29476	0.59518	0.10574	0.00432
V840	0.28608	0.70514	0.00878	0
V841	0.00111	0.05089	0.90292	0.04508
V842	0.36369	0.16425	0.29572	0.17634
V843	0.01712	0.03189	0.89224	0.05874
V844	0.11869	0.0911	0.44998	0.34024
V845	0.06564	0.10117	0.78185	0.05134
V846	0.00083	0.02507	0.80857	0.16553
V847	0.00363	0.03387	0.05094	0.91157
V848	0.0931	0.52288	0.19458	0.18943
V849	0.00253	0.95888	0.00856	0.03003
V850	0.96246	0.01116	0.01546	0.01093
V851	0.32752	0.51773	0.15472	4e-05
V852	0.11882	0.06718	0.17252	0.64148
V853	0.24373	0.21572	0.44088	0.09967
V854	0.60326	0.16884	0.11624	0.11166
V855	0.00363	0.03387	0.05094	0.91157
V856	0.04731	0.35307	0.40117	0.19845
V857	0.68299	0.1777	0.03743	0.10187
V858	0.53242	0.01874	0.44396	0.00488
V859	0.66148	0.23935	0.02034	0.07883
V860	0.20989	0.13645	0.07256	0.5811
V861	0.08756	0.33804	0.56407	0.01032
V862	0.1285	0.08264	0.75224	0.03662
V863	0.22782	0.0855	0.0059	0.68077
V864	0.07546	0.063	0.07443	0.78711
V865	0.12422	0.01958	0.33388	0.52232
V866	0.70344	0.02232	0.26428	0.00996
V867	0.70118	0.03125	0.26295	0.00462
V868	0.51423	0.27413	0.14661	0.06503
V869	0.02139	0.96369	0.00966	0.00526
V870	0.11381	0.38436	0.02784	0.47399
V871	0.00253	0.95888	0.00856	0.03003
V872	0.01042	0.03514	0.32226	0.63218
V873	0.88239	0.03528	0.05438	0.02795
V874	0.19382	0.77249	0.03369	0
V875	0.01876	0.21509	0.25399	0.51216
V876	0.15843	0.31702	0.44932	0.07523
V877	0.04772	0.40276	0.34107	0.20845
V878	0.13077	0.799	0.07023	0
V879	0.18961	0.69611	0.04877	0.06551
V880	0.31029	0.56295	0.00622	0.12054
V881	0.14456	0.04372	0.65848	0.15324
V882	0.79509	0.00689	0.13707	0.06095
V883	0.27244	0.19311	0.53399	0.00045
V884	0.02288	0.3347	0.00569	0.63673
V885	0.6905	0.21556	0.09383	0.00011
V886	0.01615	0.35466	0.51341	0.11578
V887	0.64292	0.06363	0.17609	0.11735
V888	0.09706	0.04776	0.78188	0.0733
V889	0.90747	0.0547	0.02169	0.01613
V890	0.03518	0.13771	0.67962	0.14749
V891	0.61192	0.04947	0.30365	0.03496
V892	0.30791	0.20719	0.01761	0.46729
V893	0.57731	0.20845	0.16468	0.04956
V894	0.0663	0.29405	0.60982	0.02984
V895	0.59893	0.06343	0.22002	0.11761
V896	0.03877	0.93619	0.00815	0.0169
V897	0.6856	0.26014	0.00549	0.04878
V898	0.50834	0.01248	0.01055	0.46863
V899	0.03054	0.21998	0.18179	0.5677
V900	0.08111	0.29418	0.41589	0.20882
V901	0.03736	0.85221	0.00726	0.10316
V902	0.04852	0.89525	0.05151	0.00472
V903	0.00791	0.40439	0.55088	0.03683
V904	0.02242	0.97011	0.00192	0.00555
V905	0.16563	0.01521	0.22801	0.59115
V906	0.42917	0.0982	0.12789	0.34474
V907	0.42387	0.51205	0.02121	0.04287
V908	0.01354	0.08005	0.10262	0.80379
V909	0.13095	0.8107	0.00102	0.05732
V910	0.18312	0.01654	0.15866	0.64169
V911	0.51232	0.39277	0.03786	0.05704
V912	0.395	0.32919	0.14289	0.13292
V913	0.13583	0.0245	0.02221	0.81745
V914	0.17762	0.48109	0.31184	0.02945
V915	0.25592	0.01953	0.01679	0.70775
V916	0.2391	0.05467	0.67009	0.03614
V917	0.71073	0.0316	0.18055	0.07711
V918	0.04627	0.62892	0.25034	0.07447
V919	0.20513	0.23443	0.34177	0.21866
V920	0.6171	0.19812	0.10474	0.08004
V921	0.03436	0.20426	0.04686	0.71453
V922	0.09919	0.45053	0.41362	0.03666
V923	0.0898	0.04396	0.06458	0.80166
V924	0.03632	0.65699	0.28395	0.02274
V925	0.20353	0.05641	0.02529	0.71476
V926	0.22691	0.04339	0.04476	0.68493
V927	0.02708	0.07152	0.07977	0.82163
V928	0.04727	0.89532	0.00734	0.05007
V929	0.05792	0.65549	0.14535	0.14124
V930	0.50788	0.37388	0.03804	0.0802
V931	0.13324	0.26117	0.54604	0.05955
V932	0.03528	0.10812	0.67407	0.18253
V933	0.58077	0.39546	0.01382	0.00996
V934	0.00874	0.16586	0.34083	0.48458
V935	0.55689	0.15813	0.22811	0.05688
V936	0.53817	0.27969	0.02112	0.16102
V937	0.56134	0.13239	0.09949	0.20678
V938	0.38328	0.04844	0.35133	0.21695
V939	0.7629	0.02437	0.08335	0.12938
V940	0.02685	0.78629	0.15745	0.02941
V941	0.00223	0.03053	0.95912	0.00812
V942	0.72094	0.18966	0.07384	0.01556
V943	0.38327	0.12283	0.45063	0.04327
V944	0.02013	0.3109	0.08562	0.58335
V945	0.55735	0.35842	0.01267	0.07156
V946	0.44487	0.25385	0.27249	0.02879
V947	0.08919	0.06215	0.29161	0.55705
V948	0.32339	0.03281	0.62748	0.01631
V949	0.00113	0.13194	0.26	0.60693
V950	0.05838	0.54116	0.23926	0.1612
V951	0.80764	0.02346	0.16423	0.00467
V952	0.07484	0.13913	0.3264	0.45963
V953	0.01793	0.05883	0.89871	0.02453
V954	0.04198	0.20774	0.18165	0.56862
V955	0.12829	0.62784	0.03225	0.21163
V956	0.03709	0.03174	0.59494	0.33623
V957	0.37534	0.03188	0.00475	0.58803
V958	0.0412	0.03004	0.01248	0.91628
V959	0.22766	0.24764	0.46552	0.05918
V960	0.25258	0.29395	0.09811	0.35536
V961	0.13629	0.37852	0.38533	0.09986
V962	0.35597	0.16199	0.42369	0.05836
V963	0.59232	0.168	0.17563	0.06405
V964	0.8279	0.03457	0.10947	0.02806
V965	0.05888	0.51309	0.21955	0.20849
V966	0.95563	0.02614	0.00733	0.01089
V967	0.05763	0.0457	0.60539	0.29128
V968	0.00083	0.14405	0.80379	0.05133
V969	0.0103	0.33851	0.05322	0.59797
V970	0.03724	0.12158	0.50063	0.34055
V971	0.49341	0.08242	0.35944	0.06474
V972	0.52662	0.20592	0.05904	0.20842
V973	0.27832	0.43363	0.09232	0.19573
V974	0.00861	0.7864	0.1392	0.06579
V975	0.0984	0.27616	0.62057	0.00487
V976	0.44985	0.2502	0.13305	0.1669
V977	0.30949	0.34398	0.34214	0.00439
V978	0.07085	0.11912	0.09239	0.71763
V979	0.77745	0.02345	0.19443	0.00467
V980	0.97825	0.01469	0.00116	0.0059
V981	0.33512	0.03289	0.47964	0.15234
V982	0.43986	0.40013	0.08665	0.07337
V983	0.72338	0.06698	0.00616	0.20348
V984	0.01777	0.83581	0.11703	0.02939
V985	0.0828	0.23638	0.01385	0.66697
V986	0.32414	0.52811	0.05807	0.08968
V987	0.23475	0.748	0.00085	0.01639
V988	0.241	0.03585	0.02504	0.69812
V989	0.43388	0.46539	0.08504	0.01568
V990	8e-04	0.05231	0.83576	0.11112
V991	0.62472	0.36473	0.00029	0.01026
V992	0.20345	0.01506	0.57788	0.20361
V993	0.0671	0.71705	0.17949	0.03635
V994	0.18268	0.77566	0.03158	0.01007
V995	0.74528	0.10943	0.03721	0.10808
V996	0.29767	0.14509	0.01913	0.5381
V997	0.0169	0.02349	0.86473	0.09487
V998	0.86844	0.01925	0.07164	0.04067
V999	0.12071	0.87277	0.00145	0.00507
V1000	0.34929	0.04122	0.00492	0.60457
