B_cells	NK_cells	T_cells_CD4.	Monocytes
V1	0.55559	0.03222	0.16311	0.24908
V2	0.20997	0.14866	0.03179	0.60958
V3	0.09845	0.65424	0	0.24731
V4	0.81243	0.12913	0	0.05844
V5	0.14046	0.49759	0.23706	0.12489
V6	0.12178	0.84226	0.01672	0.01924
V7	0.1819	0.41239	0.06527	0.34044
V8	0.16619	0.04729	0.74759	0.03893
V9	0.27868	0.29171	0.01292	0.41669
V10	0.06452	0.05052	0.82878	0.05617
V11	0.22963	0.37339	0.39698	0
V12	0.06851	0.58393	0.34383	0.00373
V13	0.28898	0.69159	0	0.01943
V14	0.11632	0.87857	1e-04	0.00502
V15	0.15418	0.60984	0.11295	0.12303
V16	0.83505	0.06931	0.01856	0.07708
V17	0.13083	0.84409	0.00612	0.01896
V18	0.55261	0.36091	0.03776	0.04872
V19	0.19521	0.79265	0	0.01214
V20	0.20008	0.50722	0	0.2927
V21	0.16449	0.10195	0.69794	0.03562
V22	0.0656	0.15732	0.19336	0.58371
V23	0.38383	0.07656	0.52315	0.01646
V24	0.8912	0.06098	0.03733	0.01049
V25	0.36021	0.27927	0.11275	0.24777
V26	0.40484	0.41606	0.00193	0.17717
V27	0.17098	0.12039	0	0.70862
V28	0.02603	0.10079	0.87318	0
V29	0.43518	0.06209	0.46022	0.04251
V30	0.13536	0.27258	0.25839	0.33367
V31	0.23037	0.24075	0.27496	0.25393
V32	0.15563	0.08611	0.02581	0.73245
V33	0.08296	0.51466	0.33144	0.07094
V34	0.16496	0.08166	0.71631	0.03708
V35	0.19585	0.70334	0.08057	0.02024
V36	0.04655	0.09362	0.46639	0.39344
V37	0.54639	0.10346	0.08699	0.26315
V38	0.45688	0.02091	0.17003	0.35219
V39	0.19466	0.57615	0.12185	0.10734
V40	0.13495	0.79126	0.07379	0
V41	0.04396	0.7056	0.03994	0.2105
V42	0.27232	0.07003	0.2004	0.45724
V43	0.16257	0.3633	0.45666	0.01747
V44	0.05053	0.12654	0.68781	0.13512
V45	0.13318	0.59265	0.20708	0.06709
V46	0.75456	0.09857	0.11781	0.02906
V47	0.44117	0.21954	0.29055	0.04874
V48	0.76182	0.18621	0	0.05197
V49	0.70064	0.20108	0	0.09828
V50	0.11091	0.80405	0.08504	0
V51	0.32241	0.41559	0.24079	0.02121
V52	0.06429	0.15546	0.74223	0.03802
V53	0.70636	0.14673	0.14691	0
V54	0.41981	0.22129	0.33813	0.02077
V55	0.24926	0.17776	0.22605	0.34693
V56	0.11734	0.06565	0.08208	0.73493
V57	0.13985	0.83139	0.01783	0.01094
V58	0.64713	0.03083	0.03047	0.29158
V59	0.43122	0.4235	0.09904	0.04624
V60	0.16888	0.20594	0.30901	0.31618
V61	0.76199	0.12965	0	0.10836
V62	0.81837	0.06287	0.06497	0.0538
V63	0.06127	0.80366	0.12056	0.01451
V64	0.05434	0.8484	0	0.09725
V65	0.08139	0.03259	0.11072	0.7753
V66	0.2445	0.68899	0.01221	0.0543
V67	0.1818	0.35219	0.46512	0.00089
V68	0.21745	0.20684	0	0.57571
V69	0.06364	0.34093	0.55861	0.03682
V70	0.52691	0.18341	0.16924	0.12043
V71	0.20257	0.11891	0.36024	0.31828
V72	0.56188	0.18994	0.08579	0.16239
V73	0.18408	0.61511	0.13259	0.06822
V74	0.09317	0.25053	0.6563	0
V75	0.68223	0.01517	0.19279	0.10981
V76	0.03497	0.24421	0.17296	0.54786
V77	0.08816	0.3494	0	0.56244
V78	0.33589	0.1605	0.17361	0.32999
V79	0.04344	0.14793	0.73068	0.07794
V80	0.36358	0.05472	0.50004	0.08167
V81	0.09795	0.19908	0.70297	0
V82	0.02836	0.12013	0.82807	0.02343
V83	0.18791	0.23932	0.05715	0.51562
V84	0.42263	0.08086	0.15521	0.3413
V85	0.1385	0.35294	0.37291	0.13566
V86	0.08619	0.10076	0.76419	0.04886
V87	0.07756	0.81412	0.05505	0.05328
V88	0.21303	0.1081	0.25927	0.4196
V89	0.07984	0.07246	0.19556	0.65213
V90	0.07517	0.85572	0.05871	0.0104
V91	0.07745	0.72244	0.1812	0.01892
V92	0.45908	0.05404	0.36001	0.12687
V93	0.83671	0.0368	0	0.12649
V94	0.06066	0.51463	0.00123	0.42347
V95	0.27617	0.45672	0.14539	0.12172
V96	0.14202	0.1697	0.00323	0.68505
V97	0.65205	0.13029	0.19562	0.02204
V98	0.66228	0.3025	0	0.03522
V99	0.75288	0.07235	0.14285	0.03192
V100	0.11766	0.07487	0.77245	0.03502
V101	0.09393	0.11706	0	0.78901
V102	0.85612	0.07938	0.00185	0.06265
V103	0.06666	0.11469	0.08055	0.7381
V104	0.08416	0.90676	0	0.00908
V105	0.10717	0.87977	0.00999	0.00307
V106	0.1528	0.522	0.30038	0.02482
V107	0.21183	0.23671	0.5117	0.03976
V108	0.18206	0.72891	0.08902	0
V109	0.0501	0.21229	0.55318	0.18444
V110	0.102	0.84109	0.03786	0.01905
V111	0.85644	0.01623	0.07619	0.05114
V112	0.17039	0.11225	0.4104	0.30695
V113	0.23622	0.15995	0.16705	0.43678
V114	0.30099	0.09386	0.07278	0.53237
V115	0.05077	0.73306	0.21617	0
V116	0.16954	0.35052	0.34332	0.13662
V117	0.64463	0.27057	0.02881	0.05599
V118	0.1968	0.60429	0.02321	0.1757
V119	0.18134	0.14187	0.03414	0.64265
V120	0.11781	0.11782	0.74411	0.02027
V121	0.58233	0.16036	0.08575	0.17157
V122	0.86543	0.03857	0.0222	0.0738
V123	0.04533	0.57208	0.03339	0.3492
V124	0.63443	0.29772	0	0.06785
V125	0.39168	0.42805	0.16352	0.01676
V126	0.09731	0.21948	0.03391	0.6493
V127	0.21441	0.09699	0.24999	0.43862
V128	0.10246	0.07122	0.10102	0.72531
V129	0.55523	0.25485	0.15209	0.03782
V130	0.04903	0.64372	0.30725	0
V131	0.07091	0.87107	0	0.05801
V132	0.85481	0.03227	0.0364	0.07652
V133	0.84264	0.04547	0.0524	0.05949
V134	0.14701	0.44479	0.11529	0.29291
V135	0.14277	0.07209	0.17598	0.60917
V136	0.27532	0.44034	0	0.28434
V137	0.62233	0.06525	0.23195	0.08048
V138	0.23555	0.43651	0.16487	0.16307
V139	0.36614	0.24726	0.18162	0.20498
V140	0.09055	0.16189	0.03988	0.70768
V141	0.10089	0.20834	0.50428	0.18649
V142	0.76606	0.02203	0.2027	0.00921
V143	0.43967	0.2996	0.05456	0.20617
V144	0.21204	0.21378	0.15647	0.41771
V145	0.03804	0.74397	0.21687	0.00112
V146	0.13944	0.06853	0.04009	0.75194
V147	0.84085	0.05396	0.01959	0.08559
V148	0.1649	0.12339	0.53931	0.1724
V149	0.27894	0.51686	0.2042	0
V150	0.12202	0.28098	0.5339	0.0631
V151	0.23601	0.63602	0.02671	0.10126
V152	0.25258	0.46351	0.20561	0.0783
V153	0.14844	0.75283	0.00988	0.08884
V154	0.26152	0.46784	0.25205	0.01859
V155	0.46427	0.17962	0.26285	0.09326
V156	0.06958	0.19097	0.63469	0.10476
V157	0.32209	0.20146	0.28929	0.18716
V158	0.10043	0.02183	0.07459	0.80315
V159	0.82562	0.08728	0	0.0871
V160	0.68396	0.02759	0.06248	0.22598
V161	0.2804	0.04918	0.02583	0.64459
V162	0.11311	0.3693	0.06805	0.44954
V163	0.13188	0.52586	0.15886	0.1834
V164	0.35631	0.34856	0.09224	0.20289
V165	0.05993	0.32628	0	0.61379
V166	0.06294	0.17413	0.05817	0.70475
V167	0.4123	0.01893	0	0.56877
V168	0.3022	0.57446	0.0752	0.04814
V169	0.25404	0.11351	0.02438	0.60807
V170	0.14989	0.07244	0.5	0.27767
V171	0.16329	0.27741	0.52941	0.02989
V172	0.68296	0.01494	0.26249	0.03962
V173	0.08696	0.22022	0.02653	0.66628
V174	0.06812	0.24117	0.06348	0.62723
V175	0.1071	0.05614	0.73041	0.10634
V176	0.05273	0.7836	0.16367	0
V177	0.06261	0.91491	0	0.02249
V178	0.05012	0.78735	0	0.16253
V179	0.20742	0.05628	0.37066	0.36564
V180	0.07369	0.85075	0.07557	0
V181	0.1929	0.18129	0.49504	0.13077
V182	0.31107	0.22009	0.41737	0.05148
V183	0.21381	0.78033	0	0.00586
V184	0.91803	0.02232	0.04082	0.01882
V185	0.55364	0.41697	0.00763	0.02177
V186	0.15131	0.50321	0.24562	0.09985
V187	0.86849	0.03763	0.03812	0.05576
V188	0.11287	0.29029	0	0.59685
V189	0.78062	0.04942	0.01067	0.1593
V190	0.62485	0.04488	0.29438	0.03589
V191	0.21258	0.24623	0.51159	0.02961
V192	0.32046	0.49266	0.03932	0.14756
V193	0.58463	0.06397	0.22546	0.12594
V194	0.08559	0.88997	0	0.02444
V195	0.06392	0.0899	0.81531	0.03087
V196	0.07577	0.15262	0	0.7716
V197	0.45465	0.09508	0.0048	0.44548
V198	0.10507	0.5174	0.33822	0.03931
V199	0.22454	0.07431	0.17363	0.52753
V200	0.16829	0.60269	0.00267	0.22635
V201	0.1316	0.5737	0.17948	0.11522
V202	0.05947	0.08049	0.71897	0.14106
V203	0.19305	0.44491	0.35536	0.00668
V204	0.05006	0.58867	0	0.36127
V205	0.063	0.11425	0.79176	0.03099
V206	0.09111	0.14854	0.75802	0.00232
V207	0.18795	0.2615	0.03478	0.51578
V208	0.26832	0.11028	0.60471	0.01669
V209	0.31907	0.49179	0.05789	0.13125
V210	0.12651	0.74565	0.09007	0.03776
V211	0.46518	0.05258	0.01969	0.46255
V212	0.49154	0.07617	0.39471	0.03758
V213	0.6254	0.06014	0.10672	0.20774
V214	0.35315	0.20932	0.15324	0.28429
V215	0.34135	0.15331	0	0.50534
V216	0.12739	0.02986	0.0577	0.78504
V217	0.08209	0.52686	0.21894	0.17211
V218	0.13269	0.49075	0.1571	0.21946
V219	0.14783	0.66404	0	0.18813
V220	0.05204	0.83501	0	0.11296
V221	0.78275	0.0311	0	0.18615
V222	0.32923	0.18038	0.33721	0.15318
V223	0.04346	0.19197	0.69556	0.069
V224	0.90791	0.01534	0.05127	0.02548
V225	0.10428	0.83712	0.0586	0
V226	0.31839	0.12635	0.54129	0.01397
V227	0.74351	0.01784	0.18975	0.0489
V228	0.72988	0.09691	0.0604	0.1128
V229	0.06614	0.08388	0.80807	0.04191
V230	0.08285	0.1071	0.02825	0.78181
V231	0.05858	0.35627	0.098	0.48716
V232	0.08786	0.67909	0	0.23305
V233	0.54887	0.12488	0.188	0.13825
V234	0.0854	0.86999	0.03014	0.01447
V235	0.37752	0.1016	0.48355	0.03733
V236	0.08416	0.12612	0.71756	0.07216
V237	0.23048	0.05205	0.03278	0.68469
V238	0.163	0.55873	0.24539	0.03288
V239	0.11369	0.46901	0	0.41731
V240	0.47736	0.07568	0.38997	0.05699
V241	0.06271	0.05792	0.81177	0.0676
V242	0.16821	0.73875	0.0914	0.00164
V243	0.26073	0.0895	0.57757	0.07221
V244	0.23364	0.04137	0.64448	0.08051
V245	0.57492	0.31532	0.04469	0.06507
V246	0.09482	0.19789	0.68581	0.02147
V247	0.19481	0.0743	0.73089	0
V248	0.09262	0.10625	0.0458	0.75533
V249	0.02069	0.10616	0.80169	0.07146
V250	0.72511	0.01548	0.21743	0.04198
V251	0.86864	0.07273	0.00596	0.05267
V252	0.05309	0.80274	0.14416	0
V253	0.39125	0.11454	0.15402	0.34019
V254	0.06122	0.88386	0.05192	0.003
V255	0.09115	0.87567	0	0.03317
V256	0.20093	0.2565	0.46885	0.07372
V257	0.42916	0.14304	0.21912	0.20869
V258	0.20167	0.30664	0.38689	0.1048
V259	0.07554	0.33029	0.56535	0.02882
V260	0.02926	0.32198	0.64317	0.0056
V261	0.59777	0.06171	0.19039	0.15013
V262	0.16942	0.12873	0	0.70185
V263	0.0693	0.9054	0	0.02531
V264	0.20081	0.08744	0.41142	0.30033
V265	0.10195	0.035	0.14441	0.71864
V266	0.63738	0.36001	0.00262	0
V267	0.02564	0.25291	0.27498	0.44646
V268	0.41681	0.05821	0.13924	0.38574
V269	0.0436	0.56704	0.35837	0.03098
V270	0.61603	0.05486	0.23304	0.09607
V271	0.75674	0.0963	0.02533	0.12163
V272	0.09909	0.81872	0.00214	0.08005
V273	0.13421	0.08765	0.03909	0.73904
V274	0.67636	0.0137	0.18436	0.12559
V275	0.03086	0.09388	0.83644	0.03882
V276	0.49905	0.36171	0	0.13925
V277	0.08073	0.28059	0.14953	0.48915
V278	0.08759	0.12098	0.28367	0.50777
V279	0.65953	0.08945	0.10587	0.14515
V280	0.10043	0.02183	0.07459	0.80315
V281	0.54552	0.06327	0.13498	0.25622
V282	0.09518	0.12592	0.72008	0.05882
V283	0.23602	0.59312	0.05287	0.11799
V284	0.07792	0.86201	0.06007	0
V285	0.11232	0.06104	0.82664	0
V286	0.26428	0.55642	0.10052	0.07879
V287	0.13993	0.83517	0.00652	0.01838
V288	0.05079	0.33424	0.39757	0.2174
V289	0.29175	0.25961	0.38195	0.06669
V290	0.80077	0.17932	0.01572	0.0042
V291	0.4738	0.10446	0.39783	0.02391
V292	0.86861	0.03186	0	0.09954
V293	0.30794	0.06004	0.58825	0.04376
V294	0.13264	0.41783	0	0.44953
V295	0.06082	0.25021	0.1812	0.50777
V296	0.20212	0.17098	0.55031	0.0766
V297	0.15374	0.0309	0.08634	0.72902
V298	0.30912	0.14571	0.53326	0.0119
V299	0.12012	0.34216	0	0.53772
V300	0.03689	0.09741	0.229	0.6367
V301	0.15359	0.16524	0.58258	0.09858
V302	0.62624	0.34103	0	0.03272
V303	0.03345	0.60077	0.34764	0.01814
V304	0.09735	0.08404	0.68256	0.13605
V305	0.15329	0.21518	0.42577	0.20576
V306	0.75504	0.12181	0.04486	0.0783
V307	0.07035	0.89781	0.01149	0.02035
V308	0.24858	0.27815	0.27282	0.20046
V309	0.35325	0.36012	0.00606	0.28057
V310	0.11674	0.37899	0.13702	0.36725
V311	0.50628	0.47359	0	0.02013
V312	0.13795	0.71624	0.13667	0.00914
V313	0.03431	0.18891	0.01083	0.76595
V314	0.05411	0.53418	0.09729	0.31443
V315	0.15706	0.64546	0.02474	0.17274
V316	0.31796	0.18111	0.35676	0.14418
V317	0.12633	0.70702	0.03917	0.12748
V318	0.08042	0.60076	0	0.31882
V319	0.0955	0.11827	0.74593	0.04031
V320	0.11227	0.1966	0.58612	0.10501
V321	0.62776	0.36937	0.00287	0
V322	0.22653	0.37818	0.05289	0.34239
V323	0.1244	0.08154	0.08283	0.71123
V324	0.62565	0.27326	0.06434	0.03675
V325	0.31909	0.62773	0.05318	0
V326	0.02785	0.61092	0.08377	0.27746
V327	0.06817	0.22137	0.09205	0.6184
V328	0.08731	0.08555	0.68375	0.14338
V329	0.21569	0.17225	0.15756	0.4545
V330	0.40093	0.04556	0.31823	0.23529
V331	0.37966	0.13905	0.02772	0.45356
V332	0.05852	0.11822	0.17482	0.64844
V333	0.41705	0.11468	0.3609	0.10737
V334	0.37021	0.04799	0.3387	0.24309
V335	0.0627	0.37438	0.46495	0.09797
V336	0.20634	0.69855	0.01041	0.0847
V337	0.29233	0.4184	0.26952	0.01975
V338	0.03624	0.9322	0.00821	0.02336
V339	0.1571	0.04808	0.77634	0.01849
V340	0.08927	0.278	0.48132	0.15141
V341	0.08898	0.10408	0.05898	0.74797
V342	0.2646	0.04221	0.57298	0.1202
V343	0.8736	0.05541	0.008	0.06299
V344	0.6506	0.1766	0.1728	0
V345	0.07394	0.09332	0.83274	0
V346	0.25703	0.1672	0.26557	0.31019
V347	0.11101	0.06654	0.12101	0.70144
V348	0.09178	0.66034	0.13574	0.11214
V349	0.34491	0.20761	0.35245	0.09503
V350	0.07031	0.76894	0.16075	0
V351	0.064	0.09272	0.3839	0.45939
V352	0.08658	0.07489	0.76453	0.074
V353	0.81517	0.05095	0.03179	0.10209
V354	0.08666	0.67805	0.20924	0.02605
V355	0.28744	0.1232	0.42762	0.16174
V356	0.10114	0.08568	0.09035	0.72283
V357	0.13986	0.38033	0.2573	0.22251
V358	0.53895	0.14274	0.0389	0.27942
V359	0.57345	0.09408	0.01708	0.31539
V360	0.52832	0.4304	0.01532	0.02595
V361	0.02804	0.46795	0.49988	0.00413
V362	0.02143	0.93686	0.01971	0.022
V363	0.19497	0.1709	0.43419	0.19993
V364	0.18388	0.11583	0.61516	0.08513
V365	0.31879	0.07252	0	0.60869
V366	0.11513	0.68702	0.07793	0.11993
V367	0.56375	0.16909	0	0.26716
V368	0.12625	0.72088	0.0793	0.07358
V369	0.05907	0.41873	0.5222	0
V370	0.30201	0.30551	0.37117	0.02131
V371	0.21569	0.70879	0.02156	0.05396
V372	0.21615	0.11254	0.1115	0.5598
V373	0.11463	0.19781	0.43932	0.24825
V374	0.74601	0.04165	0.20489	0.00745
V375	0.10293	0.10517	0.13357	0.65834
V376	0.09866	0.09882	0.08787	0.71465
V377	0.77321	0	0.01592	0.21087
V378	0.04967	0.09357	0.39615	0.46061
V379	0.36106	0.24262	0	0.39632
V380	0.19582	0.13316	0.18853	0.48249
V381	0.70186	0.03716	0.09049	0.17049
V382	0.12022	0.08958	0.77611	0.01409
V383	0.78592	0.02649	0.04921	0.13838
V384	0.54134	0.11444	0.12328	0.22095
V385	0.79369	0.0382	0.07524	0.09287
V386	0.33804	0.05259	0.14353	0.46585
V387	0.55061	0.18166	0.17756	0.09016
V388	0.37053	0.36267	0.13192	0.13488
V389	0.41231	0.52486	0.0012	0.06163
V390	0.29967	0.2857	0.41463	0
V391	0.44002	0.15117	0	0.40881
V392	0.41455	0.26205	0.15125	0.17215
V393	0.28523	0.27146	0.31887	0.12444
V394	0.13612	0.29426	0.09904	0.47058
V395	0.23619	0.4242	0.18574	0.15387
V396	0.06025	0.91147	0.00097	0.02731
V397	0.72097	0.11419	0.09856	0.06629
V398	0.44809	0.1806	0.08495	0.28636
V399	0.21325	0.56095	0.14092	0.08488
V400	0.03059	0.62922	0.05539	0.28479
V401	0.06929	0.20834	0.65421	0.06816
V402	0.7694	0.19343	0.03599	0.00117
V403	0.09143	0.09015	0.06952	0.7489
V404	0.12097	0.24354	0.55501	0.08048
V405	0.26492	0.08093	0.16237	0.49178
V406	0.60897	0.27816	0.00469	0.10818
V407	0.03624	0.9322	0.00821	0.02336
V408	0.12111	0.29842	0.36768	0.21279
V409	0.04908	0.0982	0.04299	0.80974
V410	0.12987	0.8256	0.02687	0.01766
V411	0.47037	0.03398	0	0.49565
V412	0.18635	0.13067	0.46569	0.21729
V413	0.09182	0.52393	0.16729	0.21695
V414	0.07271	0.52752	0.30414	0.09564
V415	0.44604	0.07003	0.22179	0.26214
V416	0.06091	0.1321	0.80699	0
V417	0.38304	0.60403	0	0.01294
V418	0.12437	0.1728	0.13124	0.57158
V419	0.09494	0.0242	0.07925	0.80161
V420	0.02652	0.88798	0.01081	0.07469
V421	0.18423	0.09404	0.61983	0.1019
V422	0.12021	0.13626	0	0.74354
V423	0.11766	0.07487	0.77245	0.03502
V424	0.02518	0.11555	0.59392	0.26536
V425	0.08981	0.28488	0.53835	0.08696
V426	0.12499	0.10391	0.70513	0.06597
V427	0.10274	0.44694	0.17738	0.27294
V428	0.12702	0.7557	0.0504	0.06689
V429	0.09126	0.03955	0.07502	0.79416
V430	0.70374	0.19543	0.00685	0.09398
V431	0.21023	0.07652	0.43057	0.28268
V432	0.16869	0.16214	0.03472	0.63446
V433	0.09761	0.73861	0	0.16378
V434	0.36942	0.12925	0.03875	0.46257
V435	0.51396	0.04245	0.11857	0.32502
V436	0.4093	0.04801	0.113	0.42969
V437	0.26728	0.2774	0	0.45532
V438	0.58724	0.199	0.01765	0.19611
V439	0.09831	0.17012	0	0.73157
V440	0.50172	0.08034	0.0166	0.40134
V441	0.10294	0.18776	0.5486	0.1607
V442	0.32253	0.3811	0.12102	0.17535
V443	0.71095	0.02759	0.0901	0.17136
V444	0.07394	0.09332	0.83274	0
V445	0.57814	0.05163	0.32018	0.05005
V446	0.07734	0.80806	0.05459	0.06001
V447	0.59004	0.13119	0.16921	0.10957
V448	0.06738	0.13702	0.184	0.6116
V449	0.53369	0.07866	0.28119	0.10646
V450	0.17588	0.81414	0.00998	0
V451	0.8528	0.07446	0	0.07273
V452	0.1064	0.06994	0.07541	0.74825
V453	0.74716	0.10485	0.06204	0.08595
V454	0.03427	0.89496	0.05292	0.01786
V455	0.56728	0.06819	0.28791	0.07662
V456	0.32863	0.17017	0.35651	0.14469
V457	0.04899	0.12056	0.01934	0.81111
V458	0.29757	0.27369	0	0.42874
V459	0.05499	0.78079	0.09182	0.07241
V460	0.85941	0.03446	0.03716	0.06897
V461	0.13869	0.11038	0	0.75093
V462	0.3642	0.27986	0	0.35593
V463	0.26345	0.49356	0.14743	0.09556
V464	0.51325	0.13346	0	0.35328
V465	0.40053	0.45148	0.0133	0.13469
V466	0.56656	0.21697	0	0.21647
V467	0.32055	0.56945	0.076	0.03401
V468	0.48015	0.41627	0.04528	0.0583
V469	0.05686	0.24881	0.27178	0.42255
V470	0.52035	0.16529	0.16951	0.14485
V471	0.30995	0.16844	0.01474	0.50687
V472	0.33863	0.36139	0	0.29998
V473	0.1361	0.54855	0.30977	0.00559
V474	0.18756	0.02406	0.11605	0.67233
V475	0.21026	0.44822	0.06444	0.27708
V476	0.22623	0.06738	0.05525	0.65114
V477	0.57068	0.07315	0.19905	0.15712
V478	0.16631	0.6101	0	0.2236
V479	0.05153	0.14747	0.72312	0.07788
V480	0.12628	0.37849	0.02777	0.46746
V481	0.17469	0.07192	0.72968	0.02372
V482	0.64607	0.19107	0.10771	0.05515
V483	0.18333	0.17902	0.06047	0.57718
V484	0.08678	0.14645	0.01903	0.74774
V485	0.15863	0.73584	0.00038	0.10514
V486	0.28683	0.3167	0.1154	0.28107
V487	0.14034	0.11402	0.07609	0.66955
V488	0.03481	0.06266	0.8102	0.09234
V489	0.23179	0.15217	0.60519	0.01085
V490	0.34933	0.36052	0.05326	0.2369
V491	0.4322	0.47808	0.02693	0.06279
V492	0.07361	0.7975	0.12889	0
V493	0.13559	0.00346	0	0.86096
V494	0.21207	0.20848	0.47298	0.10647
V495	0.24291	0.61267	0.13361	0.01081
V496	0.29031	0.66958	0	0.04011
V497	0.06728	0.05213	0.8466	0.03398
V498	0.34701	0.16171	0.03736	0.45393
V499	0.57965	0.28685	0.11792	0.01557
V500	0.13436	0.17586	0.65103	0.03875
V501	0.03794	0.05307	0.07863	0.83037
V502	0.51787	0.30449	0.14374	0.03391
V503	0.23447	0.15996	0.18691	0.41866
V504	0.25425	0.6876	0.00323	0.05492
V505	0.22086	0.27248	0.23586	0.2708
V506	0.11868	0.30657	0.41386	0.16089
V507	0.5807	0.14068	0.11492	0.16369
V508	0.69932	0.19504	0.03532	0.07033
V509	0.24625	0.11666	0.46874	0.16835
V510	0.23969	0.51806	0.24225	0
V511	0.09028	0.48144	0.02983	0.39845
V512	0.28997	0.1063	0.07149	0.53224
V513	0.11364	0.63734	0.19969	0.04933
V514	0.07939	0.14071	0	0.7799
V515	0.72046	0.09728	0.04141	0.14085
V516	0.84785	0.10588	0	0.04627
V517	0.09464	0.09124	0.24281	0.57131
V518	0.87828	0.06559	0	0.05612
V519	0.07079	0.85159	0	0.07762
V520	0.07135	0.04749	0.59882	0.28233
V521	0.53108	0.08203	0.34038	0.04652
V522	0.04051	0.19171	0.53992	0.22787
V523	0.35765	0.17877	0.24044	0.22314
V524	0.04855	0.7507	0.18196	0.0188
V525	0.29157	0.27022	0.00351	0.43471
V526	0.61443	0.11954	0.06833	0.1977
V527	0.23464	0.07464	0.37968	0.31103
V528	0.13686	0.82438	0	0.03876
V529	0.11254	0.13085	0.21179	0.54482
V530	0.04207	0.25844	0.6127	0.08679
V531	0.06501	0.82584	0.10916	0
V532	0.20804	0.39133	0.00424	0.39639
V533	0.29193	0.3941	0.12278	0.19119
V534	0.04819	0.08083	0.66237	0.20861
V535	0.57218	0.01232	0.00729	0.40821
V536	0.23044	0.02253	0.37572	0.37131
V537	0.55366	0.28166	0.14363	0.02105
V538	0.46547	0.09814	0.07918	0.35721
V539	0.27617	0.45672	0.14539	0.12172
V540	0.22445	0.67627	0.06988	0.0294
V541	0.05522	0.56164	0.05153	0.3316
V542	0.22694	0.19069	0.23615	0.34622
V543	0.82636	0.03195	0.00788	0.13381
V544	0.15394	0.15919	0.16028	0.5266
V545	0.38199	0.19652	0.05667	0.36483
V546	0.09414	0.83778	0.06808	0
V547	0.07896	0.62829	0.2904	0.00235
V548	0.18563	0.73286	0.08151	0
V549	0.32475	0.08015	0.57213	0.02297
V550	0.5894	0.05108	0	0.35952
V551	0.20556	0.71786	0.03029	0.04629
V552	0.02774	0.58721	0	0.38505
V553	0.24193	0.19751	0.54481	0.01576
V554	0.12253	0.16095	0.01	0.70652
V555	0.12332	0.29132	0.30893	0.27643
V556	0.02481	0.0992	0.82455	0.05145
V557	0.77567	0.05847	0	0.16587
V558	0.10852	0.77663	0.01992	0.09493
V559	0.0517	0.77076	0.17754	0
V560	0.65083	0.3201	0	0.02907
V561	0.03086	0.09388	0.83644	0.03882
V562	0.73303	0.0277	0.11851	0.12077
V563	0.25721	0.04952	0.67378	0.0195
V564	0.09853	0.13711	0.7473	0.01706
V565	0.14955	0.31565	0.34661	0.18819
V566	0.66932	0.12596	0	0.20471
V567	0.2424	0.49072	0.00862	0.25826
V568	0.29757	0.04449	0.05442	0.60352
V569	0.66641	0.04845	0	0.28513
V570	0.06325	0.3329	0.55231	0.05154
V571	0.76311	0.14485	0	0.09204
V572	0.43592	0.04859	0.41515	0.10033
V573	0.11935	0.23736	0	0.6433
V574	0.08067	0.75188	0.16409	0.00336
V575	0.0713	0.16113	0.11314	0.65444
V576	0.18674	0.77012	0.03486	0.00827
V577	0.09458	0.11207	0.20324	0.59011
V578	0.09505	0.13164	0.62198	0.15133
V579	0.05273	0.83672	0.09424	0.01631
V580	0.21313	0.05216	0.11122	0.62349
V581	0.13709	0.14248	0	0.72043
V582	0.56334	0.19159	0.01683	0.22823
V583	0.04276	0.11386	0.5618	0.28157
V584	0.48891	0.19661	0.27145	0.04303
V585	0.05642	0.07505	0.43153	0.43701
V586	0.25195	0.06101	0.59867	0.08837
V587	0.27787	0.06216	0.62372	0.03626
V588	0.61897	0.08356	0.0071	0.29037
V589	0.09766	0.78619	0.06325	0.05291
V590	0.08874	0.73149	0.17976	0
V591	0.03748	0.1079	0.19933	0.6553
V592	0.18495	0.092	0.72306	0
V593	0.57259	0.01748	0.18532	0.2246
V594	0.3327	0.3224	0.3053	0.0396
V595	0.10413	0.10334	0.02438	0.76815
V596	0.0748	0.35153	0.20783	0.36584
V597	0.03179	0.59222	0.3146	0.06139
V598	0.06104	0.17409	0.74631	0.01856
V599	0.58856	0.33767	0.03019	0.04359
V600	0.35785	0.49342	0.04151	0.10721
V601	0.19824	0.33939	0.06568	0.39669
V602	0.10932	0.11333	0.00277	0.77457
V603	0.05183	0.44085	0	0.50732
V604	0.48678	0.15896	0.31699	0.03727
V605	0.10008	0.37706	0.36414	0.15872
V606	0.68385	0.18643	0	0.12972
V607	0.62816	0.03908	0.10818	0.22458
V608	0.23629	0.21855	0.35278	0.19239
V609	0.06613	0.31082	0.21962	0.40343
V610	0.72017	0.0483	0.08968	0.14184
V611	0.33729	0.04279	0.05122	0.5687
V612	0.05964	0.15579	0.71938	0.06519
V613	0.07662	0.36757	0.52915	0.02666
V614	0.71363	0.09703	0.04159	0.14775
V615	0.19724	0.1182	0	0.68456
V616	0.11682	0.70885	0.03902	0.13531
V617	0.45619	0.19895	0.34486	0
V618	0.70686	0.02607	0	0.26707
V619	0.39072	0.07446	0.30021	0.23461
V620	0.04903	0.64372	0.30725	0
V621	0.41984	0.20319	0.16116	0.2158
V622	0.35145	0.26386	0.35923	0.02546
V623	0.07032	0.14968	0.13346	0.64654
V624	0.74299	0.20849	0	0.04852
V625	0.27612	0.51454	0.08862	0.12072
V626	0.87009	0.05774	0	0.07217
V627	0.03702	0.09744	0.07592	0.78962
V628	0.04018	0.30389	0	0.65593
V629	0.15307	0.34926	0.25648	0.24119
V630	0.07461	0.36829	0.52158	0.03552
V631	0.06449	0.27145	0.09238	0.57168
V632	0.57828	0.01612	0.13879	0.26681
V633	0.0246	0.10311	0.7655	0.10678
V634	0.38834	0.297	0.31149	0.00318
V635	0.06995	0.76653	0	0.16353
V636	0.15393	0.16507	0.57502	0.10598
V637	0.32594	0.25305	0.07536	0.34566
V638	0.38316	0.30709	0.05362	0.25613
V639	0.27589	0.43994	0.28417	0
V640	0.07095	0.20819	0.67425	0.04661
V641	0.81392	0.0692	0.02235	0.09453
V642	0.71575	0.19155	0	0.0927
V643	0.04145	0.25532	0.42213	0.2811
V644	0.84051	0.10213	0.00065	0.05671
V645	0.27187	0.4278	0.28857	0.01176
V646	0.06582	0.91395	0.00349	0.01675
V647	0.17288	0.14585	0.62628	0.05499
V648	0.40122	0.44437	0.12746	0.02695
V649	0.0619	0.12904	0.74874	0.06032
V650	0.09392	0.15262	0.6896	0.06386
V651	0.31395	0.04549	0.61954	0.02103
V652	0.12885	0.15477	0.41196	0.30442
V653	0.15576	0.65833	0.09589	0.09001
V654	0.64764	0.22711	0.05268	0.07256
V655	0.08022	0.6143	0.00335	0.30212
V656	0.24409	0.32607	0	0.42984
V657	0.09104	0.14952	0	0.75944
V658	0.56807	0.24687	0.04774	0.13733
V659	0.33264	0.14028	0.33879	0.18828
V660	0.0777	0.89795	0	0.02435
V661	0.10012	0.48011	0.03948	0.38029
V662	0.40607	0.05907	0.43566	0.0992
V663	0.25325	0.1282	0.51656	0.10199
V664	0.22132	0.12316	0.60818	0.04734
V665	0.64455	0.22005	0.03123	0.10416
V666	0.58238	0.0131	0.10439	0.30013
V667	0.73237	0.10302	0.16379	0.00081
V668	0.15382	0.7644	0.08178	0
V669	0.24366	0.43641	0.23302	0.08692
V670	0.12121	0.85863	0	0.02017
V671	0.35459	0.32212	0.23819	0.0851
V672	0.06266	0.09489	0.79657	0.04589
V673	0.24569	0.40289	0.21343	0.13799
V674	0.67814	0.18092	0.00355	0.13739
V675	0.16099	0.3737	0.29545	0.16986
V676	0.08099	0.19022	0.09284	0.63596
V677	0.37799	0.42576	0.08678	0.10947
V678	0.49761	0.47601	0.00788	0.0185
V679	0.08797	0.34677	0.56131	0.00395
V680	0.31267	0.54423	0.12961	0.01349
V681	0.82588	0.09479	0.00572	0.07361
V682	0.14296	0.33571	0.49284	0.02849
V683	0.06755	0.91649	0.01596	0
V684	0.6467	0.19014	0.08936	0.07381
V685	0.47073	0.36489	0.11489	0.04949
V686	0.13447	0.25344	0.13905	0.47304
V687	0.10892	0.08581	0.03351	0.77176
V688	0.37465	0.51292	0	0.11243
V689	0.31206	0.01065	0.05876	0.61853
V690	0.45099	0.08646	0.3923	0.07026
V691	0.18414	0.05288	0.74539	0.01759
V692	0.11319	0.19563	0.63063	0.06055
V693	0.25095	0.16713	0.34423	0.23769
V694	0.05449	0.09435	0.28596	0.5652
V695	0.28884	0.04495	0.15562	0.5106
V696	0.14451	0.15821	0	0.69728
V697	0.07952	0.13851	0.00227	0.7797
V698	0.78545	0.03191	0.00242	0.18022
V699	0.5327	0.31359	0.0591	0.09461
V700	0.28859	0.07198	0	0.63944
V701	0.14507	0.55458	0.09994	0.20042
V702	0.54422	0.117	0	0.33878
V703	0.168	0.11268	0.4583	0.26101
V704	0.76874	0.07742	0.01765	0.13619
V705	0.87604	0.00347	0.03338	0.0871
V706	0.11531	0.11297	0.69349	0.07824
V707	0.07722	0.4506	0.44668	0.02551
V708	0.08003	0.84472	0.01507	0.06019
V709	0.16008	0.30713	0.46907	0.06372
V710	0.56919	0.24684	0.03838	0.1456
V711	0.12763	0.75911	0.09136	0.0219
V712	0.7695	0.08087	0	0.14963
V713	0.42989	0.33884	0.01773	0.21353
V714	0.04479	0.69879	0.01104	0.24538
V715	0.30387	0.36422	0.27834	0.05357
V716	0.10474	0.11385	0.04153	0.73988
V717	0.12202	0.86578	0	0.0122
V718	0.17344	0.5661	0.16933	0.09113
V719	0.09812	0.71323	0.02936	0.15929
V720	0.66148	0.01836	0.22724	0.09292
V721	0.15222	0.22492	0.43447	0.18839
V722	0.13578	0.40027	0	0.46395
V723	0.1743	0.14842	0	0.67729
V724	0.56905	0.06191	0.07926	0.28979
V725	0.031	0.1587	0.7688	0.04149
V726	0.07559	0.44477	0.10637	0.37326
V727	0.28058	0.63157	0.08785	0
V728	0.07514	0.83026	0.09461	0
V729	0.42605	0.04806	0.15729	0.3686
V730	0.82319	0.06078	0.04136	0.07466
V731	0.06252	0.26522	0.37111	0.30116
V732	0.35418	0.12779	0.32866	0.18937
V733	0.60768	0.22422	0.02055	0.14754
V734	0.24932	0.33563	0.41505	0
V735	0.06046	0.09269	0.46398	0.38288
V736	0.21691	0.05975	0	0.72333
V737	0.3273	0.32651	0.2208	0.12538
V738	0.11016	0.3719	0.40887	0.10906
V739	0.01872	0.08044	0.58657	0.31427
V740	0.77827	0.11377	0.06561	0.04234
V741	0.47629	0.14811	0.11444	0.26116
V742	0.40357	0.58624	0.01018	0
V743	0.16541	0.19298	0.62469	0.01692
V744	0.49634	0.08089	0.31054	0.11223
V745	0.05497	0.68495	0.17369	0.08639
V746	0.91935	0	0	0.08065
V747	0.09957	0.04244	0.67972	0.17827
V748	0.15361	0.16498	0.53549	0.14593
V749	0.31177	0.23711	0.03379	0.41733
V750	0.40814	0.47713	0.00611	0.10862
V751	0.08878	0.82907	0.03516	0.04699
V752	0.44429	0.26809	0.1229	0.16471
V753	0.10704	0.10665	0	0.78631
V754	0.05721	0.89223	0	0.05056
V755	0.17558	0.25572	0.31699	0.2517
V756	0.09891	0.07564	0.05814	0.76731
V757	0.34048	0.57437	0.05824	0.0269
V758	0.08301	0.73921	0.11851	0.05927
V759	0.16144	0.12275	0.38139	0.33442
V760	0.31236	0.10847	0.26629	0.31289
V761	0.10246	0.57672	0.25632	0.0645
V762	0.02913	0.45725	0	0.51362
V763	0.38803	0.39196	0.00884	0.21118
V764	0.05639	0.89109	0	0.05252
V765	0.64567	0.11072	0	0.24361
V766	0.05139	0.37072	0.40452	0.17337
V767	0.46075	0.17005	0.22727	0.14193
V768	0.10331	0.85908	0.01691	0.0207
V769	0.1776	0.78701	0.02623	0.00916
V770	0.06582	0.91395	0.00349	0.01675
V771	0.19291	0.07097	0.71229	0.02382
V772	0.16753	0.10519	0.72091	0.00637
V773	0.19521	0.79265	0	0.01214
V774	0.06615	0.05583	0.83046	0.04756
V775	0.16026	0.1031	0.27147	0.46516
V776	0.41822	0.4387	0.04135	0.10173
V777	0.21703	0.18249	0.12854	0.47193
V778	0.50897	0.3087	0.05759	0.12474
V779	0.19766	0.09992	0.46638	0.23604
V780	0.14377	0.73138	0.12485	0
V781	0.12325	0.10572	0.02605	0.74498
V782	0.04421	0.18295	0.70958	0.06326
V783	0.74232	0.04952	0.04327	0.16488
V784	0.14945	0.83743	0.01027	0.00285
V785	0.08506	0.88459	0.00641	0.02394
V786	0.66323	0.18866	0.08116	0.06695
V787	0.0281	0.8102	0.15948	0.00222
V788	0.4804	0.32645	0.14375	0.04939
V789	0.1154	0.43185	0.00569	0.44706
V790	0.46885	0.0675	0.07112	0.39254
V791	0.15866	0.40969	0.30445	0.12719
V792	0.16674	0.56478	0	0.26849
V793	0.15738	0.66157	0.02583	0.15522
V794	0.08273	0.14462	0.70122	0.07143
V795	0.17394	0.11125	0.04888	0.66593
V796	0.06737	0.14709	0.75405	0.03149
V797	0.7106	0.01767	0.22519	0.04654
V798	0.58096	0.31371	0.07318	0.03215
V799	0.16751	0.75173	0.02006	0.0607
V800	0.11029	0.08723	0.49077	0.31172
V801	0.17054	0.18491	0.30951	0.33503
V802	0.08342	0.15342	0.26284	0.50032
V803	0.23629	0.51459	0.24912	0
V804	0.50097	0.05337	0.36491	0.08075
V805	0.07987	0.04907	0.87106	0
V806	0.09236	0.86798	0.00508	0.03459
V807	0.29559	0.21942	0.01355	0.47144
V808	0.61761	0.2919	0.03702	0.05346
V809	0.08711	0.1064	0.80648	0
V810	0.06704	0.91554	0	0.01742
V811	0.42546	0.12192	0.19172	0.26091
V812	0.52119	0.29859	0.03799	0.14223
V813	0.55567	0.22774	0.17845	0.03814
V814	0.42577	0.525	0.04319	0.00603
V815	0.03801	0.8781	0.08002	0.00387
V816	0.88877	0.01685	0.07494	0.01944
V817	0.0706	0.1389	0.76825	0.02225
V818	0.04005	0.13387	0.03841	0.78767
V819	0.7625	0.11345	0.0445	0.07954
V820	0.19165	0.17326	0	0.63509
V821	0.23131	0.35092	0.35603	0.06175
V822	0.10764	0.0885	0.76858	0.03528
V823	0.06065	0.24755	0.6115	0.08029
V824	0.12079	0.39422	0.485	0
V825	0.2373	0.33826	0.23394	0.1905
V826	0.41926	0.42363	0.14552	0.01159
V827	0.37854	0.58676	0.00376	0.03094
V828	0.25605	0.22936	0.09748	0.41711
V829	0.08987	0.32022	0.02086	0.56905
V830	0.25968	0.29438	0.00307	0.44287
V831	0.72004	0.12507	0.02164	0.13325
V832	0.27709	0.42932	0.15486	0.13873
V833	0.17332	0.52475	0.16859	0.13333
V834	0.32692	0.1326	0.06922	0.47127
V835	0.35526	0.46302	0.10795	0.07378
V836	0.04983	0.6993	0	0.25087
V837	0.23695	0.4159	0.17573	0.17141
V838	0.85469	0.07106	0.03067	0.04358
V839	0.30908	0.59504	0.09587	0
V840	0.30612	0.69135	0.00253	0
V841	0.03357	0.11451	0.78942	0.0625
V842	0.35396	0.21817	0.24007	0.1878
V843	0.05928	0.09241	0.77537	0.07294
V844	0.15051	0.15459	0.36111	0.33379
V845	0.10314	0.16915	0.66519	0.06252
V846	0.01732	0.08488	0.71869	0.17911
V847	0.04914	0.04339	0.07372	0.83374
V848	0.12194	0.53569	0.1595	0.18287
V849	0.03273	0.92388	0.00445	0.03894
V850	0.87955	0.00361	0.03948	0.07736
V851	0.33617	0.5263	0.13753	0
V852	0.16288	0.11858	0.12188	0.59666
V853	0.25211	0.27367	0.36688	0.10733
V854	0.55838	0.20892	0.09552	0.13718
V855	0.04914	0.04339	0.07372	0.83374
V856	0.08123	0.40087	0.32663	0.19128
V857	0.63253	0.21296	0.0204	0.13411
V858	0.52276	0.04987	0.39666	0.03071
V859	0.61809	0.26781	0.00492	0.10919
V860	0.23642	0.18372	0.03882	0.54104
V861	0.12561	0.38235	0.49204	0
V862	0.1633	0.14686	0.64195	0.04789
V863	0.25361	0.11069	0	0.6357
V864	0.13731	0.1075	0.04568	0.70951
V865	0.16512	0.05697	0.26554	0.51236
V866	0.67281	0.04867	0.23583	0.04269
V867	0.67296	0.05902	0.23582	0.03219
V868	0.48311	0.30813	0.12438	0.08437
V869	0.07568	0.91099	0.00047	0.01286
V870	0.14601	0.40553	0	0.44845
V871	0.03273	0.92388	0.00445	0.03894
V872	0.05933	0.08455	0.24567	0.61046
V873	0.81094	0.06026	0.0484	0.0804
V874	0.22082	0.75231	0.02686	0
V875	0.05961	0.27164	0.18977	0.47898
V876	0.17965	0.36462	0.37727	0.07846
V877	0.08147	0.44121	0.27796	0.19936
V878	0.16386	0.7722	0.06394	0
V879	0.21534	0.6769	0.03838	0.06938
V880	0.31573	0.55572	0	0.12855
V881	0.17515	0.10334	0.55676	0.16475
V882	0.74902	0.00858	0.13328	0.10912
V883	0.28554	0.23804	0.47642	0
V884	0.06863	0.33506	0	0.59631
V885	0.67791	0.23746	0.08463	0
V886	0.05199	0.40498	0.42901	0.11402
V887	0.59703	0.103	0.15084	0.14913
V888	0.13517	0.11093	0.66939	0.0845
V889	0.83645	0.07764	0.01745	0.06847
V890	0.07012	0.21057	0.56799	0.15132
V891	0.58264	0.08748	0.26669	0.0632
V892	0.31187	0.23836	0	0.44977
V893	0.53871	0.24709	0.1423	0.07189
V894	0.10409	0.34742	0.51968	0.02881
V895	0.55954	0.10493	0.18805	0.14748
V896	0.08559	0.88997	0	0.02444
V897	0.64685	0.27562	0	0.07753
V898	0.49745	0.01626	0.00057	0.48572
V899	0.07245	0.27111	0.13025	0.52619
V900	0.10991	0.3497	0.33759	0.2028
V901	0.07904	0.82052	0	0.10044
V902	0.09611	0.85385	0.05004	0
V903	0.04306	0.44594	0.47798	0.03302
V904	0.07492	0.91214	0	0.01294
V905	0.20987	0.01168	0.19623	0.58222
V906	0.41215	0.14325	0.09688	0.34772
V907	0.42128	0.51436	0.01033	0.05403
V908	0.06743	0.12564	0.06384	0.7431
V909	0.16566	0.77569	0	0.05865
V910	0.22524	0.0155	0.1362	0.62306
V911	0.4918	0.40827	0.0256	0.07432
V912	0.38127	0.36194	0.11312	0.14366
V913	0.19782	0.01816	0.0126	0.77143
V914	0.20257	0.50105	0.27202	0.02436
V915	0.29049	0.00938	0.00899	0.69114
V916	0.25948	0.11052	0.58153	0.04847
V917	0.66307	0.05975	0.16122	0.11595
V918	0.08224	0.62627	0.21892	0.07256
V919	0.21704	0.29155	0.27453	0.21688
V920	0.57143	0.2346	0.08767	0.1063
V921	0.08665	0.23933	0.01621	0.65781
V922	0.13386	0.47743	0.35698	0.03173
V923	0.15261	0.08091	0.04505	0.72144
V924	0.07799	0.65088	0.25418	0.01695
V925	0.23884	0.09537	0	0.66579
V926	0.25788	0.08055	0.02018	0.64138
V927	0.08538	0.11549	0.05044	0.74869
V928	0.09127	0.85527	0	0.05346
V929	0.09288	0.6454	0.1248	0.13691
V930	0.48588	0.39271	0.02372	0.09768
V931	0.16047	0.31698	0.45992	0.06262
V932	0.07006	0.1806	0.56351	0.18583
V933	0.56496	0.40017	0.00561	0.02926
V934	0.04748	0.22901	0.26254	0.46098
V935	0.52073	0.20308	0.19631	0.07988
V936	0.50669	0.30958	0.00091	0.18282
V937	0.52251	0.17411	0.07569	0.22768
V938	0.38037	0.09316	0.29224	0.23423
V939	0.70967	0.04878	0.07088	0.17067
V940	0.06693	0.75906	0.14662	0.02739
V941	0.03539	0.05994	0.8643	0.04038
V942	0.67979	0.21531	0.06397	0.04093
V943	0.38138	0.17597	0.38631	0.05635
V944	0.06223	0.34463	0.05099	0.54215
V945	0.53203	0.37556	0	0.09241
V946	0.43112	0.29492	0.23662	0.03734
V947	0.13336	0.11797	0.22134	0.52733
V948	0.33514	0.07878	0.55472	0.03137
V949	0.02249	0.19447	0.19745	0.58558
V950	0.0917	0.55465	0.19819	0.15546
V951	0.76434	0.0446	0.1505	0.04057
V952	0.11039	0.20276	0.251	0.43585
V953	0.05753	0.12168	0.77701	0.04378
V954	0.08338	0.2592	0.1307	0.52671
V955	0.1582	0.6209	0.01294	0.20796
V956	0.08081	0.09059	0.49139	0.33721
V957	0.37586	0.04628	0	0.57786
V958	0.13559	0.00346	0	0.86096
V959	0.24046	0.30157	0.39299	0.06498
V960	0.2599	0.33282	0.06332	0.34396
V961	0.15868	0.41677	0.32215	0.10241
V962	0.3534	0.2168	0.36032	0.06948
V963	0.55035	0.20913	0.15092	0.0896
V964	0.7678	0.06071	0.09851	0.07298
V965	0.09153	0.53097	0.17837	0.19912
V966	0.8683	0.05432	0.00364	0.07374
V967	0.09808	0.10908	0.49993	0.29292
V968	0.02845	0.21193	0.69699	0.06263
V969	0.05285	0.36484	0.02296	0.55935
V970	0.07275	0.19148	0.40447	0.3313
V971	0.4732	0.13074	0.31015	0.08591
V972	0.49269	0.2456	0.03621	0.22549
V973	0.28216	0.454	0.06534	0.1985
V974	0.0458	0.76121	0.12786	0.06512
V975	0.1327	0.32416	0.54314	0
V976	0.42597	0.28993	0.10392	0.18019
V977	0.31982	0.37631	0.30387	0
V978	0.12488	0.16632	0.05452	0.65429
V979	0.73954	0.04638	0.17508	0.039
V980	0.91935	0	0	0.08065
V981	0.3417	0.07933	0.40652	0.17244
V982	0.42656	0.41873	0.06959	0.08512
V983	0.6734	0.08822	0	0.23839
V984	0.05834	0.80043	0.11112	0.03011
V985	0.12721	0.25528	0	0.61751
V986	0.32715	0.53285	0.04286	0.09714
V987	0.25929	0.72291	0	0.0178
V988	0.27145	0.0691	0	0.65945
V989	0.42826	0.47492	0.07451	0.02231
V990	0.02282	0.1195	0.73534	0.12234
V991	0.60936	0.36047	0	0.03017
V992	0.22754	0.05843	0.49377	0.22027
V993	0.10426	0.69662	0.16372	0.0354
V994	0.21453	0.74939	0.02614	0.00993
V995	0.68897	0.14442	0.02047	0.14614
V996	0.30792	0.18046	0	0.51161
V997	0.05964	0.0816	0.75492	0.10383
V998	0.80141	0.03882	0.06598	0.0938
V999	0.15639	0.83893	0	0.00469
V1000	0.35578	0.05797	0	0.58625
