cytotoxic.CD56.dim.NK.cell	memory.CD4.pos.AB.T.cell	memory.B.cell	CD14.pos.CD16.neg.classical.monocyte
V1	0.55953	0.012	0.1781	0.25037
V2	0.14485	0.0896	0.05561	0.70995
V3	0.05115	0.64079	0.01406	0.29399
V4	0.86824	0.11374	0	0.01802
V5	0.10392	0.47077	0.27635	0.14896
V6	0.07222	0.88812	0.02144	0.01822
V7	0.14178	0.35608	0.08949	0.41265
V8	0.12103	0.02789	0.82437	0.02671
V9	0.23863	0.22796	0.04013	0.49328
V10	0.01742	0.03318	0.90615	0.04326
V11	0.2044	0.3389	0.45174	0.00496
V12	0.02337	0.58094	0.38436	0.01134
V13	0.26405	0.7121	0.00595	0.01791
V14	0.06639	0.92025	0.00801	0.00536
V15	0.11476	0.61124	0.12722	0.14678
V16	0.91421	0.04251	0.01892	0.02437
V17	0.08225	0.88564	0.01384	0.01826
V18	0.58565	0.33916	0.04327	0.03191
V19	0.15537	0.82672	0.00659	0.01132
V20	0.1635	0.46777	0.02152	0.34721
V21	0.12156	0.05071	0.80116	0.02657
V22	0.01532	0.08927	0.22749	0.66792
V23	0.37389	0.04027	0.58036	0.00548
V24	0.92657	0.04012	0.03297	0.00034
V25	0.35393	0.21897	0.13915	0.28794
V26	0.40364	0.3849	0.01933	0.19213
V27	0.09572	0.06973	0.02529	0.80926
V28	0.00355	0.07662	0.9179	0.00193
V29	0.43332	0.0266	0.51514	0.02494
V30	0.09304	0.1941	0.30949	0.40337
V31	0.1998	0.16885	0.32954	0.30181
V32	0.0775	0.04643	0.03795	0.83812
V33	0.03979	0.48826	0.38467	0.08728
V34	0.121	0.03789	0.81451	0.0266
V35	0.15705	0.73536	0.08247	0.02512
V36	0.00636	0.03731	0.51927	0.43706
V37	0.5627	0.05921	0.10043	0.27765
V38	0.42944	0.01061	0.18454	0.37541
V39	0.16136	0.57435	0.13762	0.12667
V40	0.09577	0.82702	0.07721	0
V41	0.00674	0.69435	0.04757	0.25134
V42	0.21944	0.02978	0.22936	0.52141
V43	0.12446	0.31621	0.53348	0.02584
V44	0.01288	0.05959	0.78041	0.14712
V45	0.09188	0.59551	0.23468	0.07792
V46	0.80268	0.06954	0.12292	0.00486
V47	0.45753	0.16697	0.33475	0.04074
V48	0.81055	0.16669	0.00516	0.0176
V49	0.75031	0.17909	0	0.07059
V50	0.06344	0.84807	0.08367	0.00482
V51	0.31321	0.38924	0.27242	0.02513
V52	0.02342	0.09683	0.85263	0.02713
V53	0.72759	0.11893	0.15326	0.00023
V54	0.42698	0.17133	0.38417	0.01752
V55	0.21241	0.10953	0.26831	0.40975
V56	0.0432	0.03491	0.09961	0.82228
V57	0.09289	0.874	0.02187	0.01125
V58	0.65475	0.0124	0.04343	0.28941
V59	0.44507	0.40348	0.11087	0.04058
V60	0.12689	0.1294	0.3661	0.37761
V61	0.82484	0.09422	0.01081	0.07012
V62	0.88438	0.03645	0.06825	0.01091
V63	0.0155	0.84522	0.12122	0.01806
V64	0.0087	0.87366	0.00135	0.11629
V65	0.01575	0.0295	0.11862	0.83613
V66	0.21256	0.71029	0.01971	0.05744
V67	0.14746	0.30704	0.53419	0.0113
V68	0.15594	0.14479	0.02679	0.67247
V69	0.02179	0.28353	0.65272	0.04195
V70	0.56535	0.13047	0.19254	0.11164
V71	0.15859	0.05709	0.41733	0.36699
V72	0.60156	0.13926	0.09995	0.15923
V73	0.14814	0.62825	0.14619	0.07742
V74	0.05526	0.209	0.73471	0.00103
V75	0.71565	0.0086	0.19795	0.0778
V76	0.00076	0.16691	0.20355	0.62878
V77	0.03611	0.30129	0.01158	0.65102
V78	0.31231	0.09799	0.20655	0.38315
V79	0.00638	0.08203	0.83606	0.07553
V80	0.34318	0.01991	0.5637	0.07321
V81	0.05302	0.14637	0.79446	0.00614
V82	0.00168	0.07693	0.91315	0.00824
V83	0.13175	0.17057	0.08228	0.6154
V84	0.40368	0.03895	0.17788	0.37949
V85	0.10299	0.29119	0.44679	0.15903
V86	0.04187	0.04834	0.87495	0.03484
V87	0.03171	0.85628	0.05463	0.05738
V88	0.16139	0.05113	0.30124	0.48624
V89	0.01841	0.02968	0.23051	0.72141
V90	0.02506	0.90747	0.0561	0.01136
V91	0.03188	0.74933	0.19347	0.02533
V92	0.45613	0.02066	0.40569	0.11752
V93	0.89609	0.02045	0	0.08345
V94	0.01503	0.46172	0.02491	0.49834
V95	0.26144	0.42994	0.1707	0.13793
V96	0.07031	0.11173	0.03226	0.78571
V97	0.68898	0.09542	0.21086	0.00473
V98	0.69076	0.29802	0	0.01122
V99	0.79895	0.04604	0.15009	0.00492
V100	0.07208	0.03701	0.87072	0.02019
V101	0.02781	0.08061	0.01028	0.8813
V102	0.92687	0.05574	0.00583	0.01155
V103	0.01071	0.06479	0.10962	0.81488
V104	0.02859	0.95709	0.00871	0.0056
V105	0.05551	0.92364	0.01559	0.00526
V106	0.11408	0.50881	0.34357	0.03355
V107	0.18015	0.17462	0.60355	0.04168
V108	0.14763	0.75764	0.09473	0
V109	0.01255	0.13321	0.64206	0.21219
V110	0.05249	0.89137	0.03799	0.01815
V111	0.91181	0.01247	0.07029	0.00543
V112	0.12313	0.05007	0.47523	0.35157
V113	0.18858	0.09406	0.19942	0.51795
V114	0.24743	0.04786	0.09062	0.61409
V115	0.00811	0.75647	0.23029	0.00514
V116	0.13802	0.29097	0.41128	0.15973
V117	0.69239	0.24163	0.03427	0.03171
V118	0.1615	0.59547	0.0374	0.20563
V119	0.11213	0.08448	0.05757	0.74582
V120	0.0725	0.06532	0.84927	0.01291
V121	0.62277	0.11068	0.09926	0.16729
V122	0.95628	0.01838	0.01353	0.01181
V123	0.00684	0.52803	0.05002	0.41511
V124	0.67017	0.28271	0	0.04712
V125	0.39312	0.40732	0.18215	0.01742
V126	0.03672	0.15576	0.05868	0.74884
V127	0.16142	0.04405	0.28906	0.50546
V128	0.03191	0.03389	0.12994	0.80425
V129	0.59451	0.21402	0.1671	0.02438
V130	0.00776	0.65285	0.33415	0.00524
V131	0.02497	0.90876	0.0013	0.06497
V132	0.93877	0.0158	0.02754	0.01788
V133	0.91413	0.02278	0.05195	0.01115
V134	0.10577	0.39133	0.14336	0.35953
V135	0.0759	0.03156	0.20447	0.68807
V136	0.24747	0.40551	0.01333	0.33369
V137	0.65993	0.03167	0.25363	0.05478
V138	0.21404	0.39732	0.19647	0.19216
V139	0.36556	0.18617	0.21645	0.23181
V140	0.02945	0.10501	0.06282	0.80272
V141	0.05815	0.13133	0.59397	0.21655
V142	0.77741	0.01782	0.2043	0.00046
V143	0.45097	0.24853	0.07376	0.22674
V144	0.16595	0.14222	0.18942	0.50242
V145	0.00192	0.76377	0.22904	0.00527
V146	0.05974	0.03963	0.04204	0.85859
V147	0.92319	0.02663	0.01884	0.03135
V148	0.12084	0.06029	0.62818	0.19069
V149	0.26123	0.51026	0.22388	0.00463
V150	0.07957	0.21605	0.63596	0.06842
V151	0.20597	0.64401	0.03634	0.11368
V152	0.23457	0.44156	0.23617	0.0877
V153	0.10187	0.77583	0.02023	0.10207
V154	0.24154	0.44829	0.28485	0.02532
V155	0.4871	0.12396	0.30447	0.08446
V156	0.02958	0.11725	0.74074	0.11243
V157	0.3094	0.13593	0.34564	0.20903
V158	0.0279	0.03065	0.04885	0.89259
V159	0.89534	0.0658	0	0.03885
V160	0.70918	0.01187	0.06768	0.21128
V161	0.21579	0.0261	0.03895	0.71916
V162	0.06303	0.30322	0.09193	0.54183
V163	0.09318	0.49733	0.18549	0.224
V164	0.35314	0.29828	0.11703	0.23154
V165	0.01039	0.28939	0.00579	0.69443
V166	0.00933	0.11565	0.08357	0.79145
V167	0.36155	0.01703	0.01179	0.60963
V168	0.28787	0.57977	0.08275	0.04961
V169	0.19131	0.06238	0.04565	0.70066
V170	0.0993	0.02535	0.56678	0.30857
V171	0.12355	0.21873	0.62384	0.03388
V172	0.70785	0.01469	0.27223	0.00522
V173	0.02744	0.15933	0.05017	0.76307
V174	0.01664	0.17443	0.08792	0.72101
V175	0.05799	0.02502	0.80892	0.10807
V176	0.00835	0.81659	0.16995	0.0051
V177	0.01202	0.97377	0.00167	0.01253
V178	0.00726	0.79162	0.00739	0.19373
V179	0.15597	0.01915	0.419	0.40588
V180	0.02919	0.892	0.07882	0
V181	0.15724	0.11114	0.5876	0.14403
V182	0.29958	0.16087	0.48957	0.04998
V183	0.17768	0.81026	0.00699	0.00506
V184	0.96576	0.01965	0.01407	0.00052
V185	0.56878	0.41362	0.01281	0.00479
V186	0.11509	0.48105	0.28617	0.11769
V187	0.94548	0.01938	0.02956	0.00559
V188	0.05755	0.2509	0.00523	0.68632
V189	0.83184	0.02329	0.01803	0.12684
V190	0.65031	0.0208	0.32372	0.00516
V191	0.18044	0.18579	0.6002	0.03357
V192	0.30843	0.47125	0.05465	0.16567
V193	0.61397	0.03049	0.24829	0.10725
V194	0.03524	0.93873	0.00736	0.01868
V195	0.01274	0.05135	0.92745	0.00847
V196	0.01489	0.11001	0.02143	0.85367
V197	0.42496	0.05045	0.0305	0.4941
V198	0.06018	0.49793	0.39131	0.05058
V199	0.16296	0.03317	0.19902	0.60484
V200	0.12646	0.58459	0.02097	0.26798
V201	0.09246	0.56529	0.20492	0.13733
V202	0.014	0.03036	0.80287	0.15277
V203	0.15898	0.41753	0.40554	0.01795
V204	0.00741	0.55862	0.00913	0.42484
V205	0.01758	0.06541	0.90306	0.01394
V206	0.04467	0.09614	0.85253	0.00666
V207	0.13154	0.19286	0.06234	0.61326
V208	0.24274	0.06339	0.68211	0.01176
V209	0.30854	0.47168	0.07383	0.14595
V210	0.08076	0.78583	0.09231	0.04111
V211	0.43243	0.02296	0.03968	0.50493
V212	0.503	0.03919	0.4402	0.0176
V213	0.65574	0.0293	0.11602	0.19894
V214	0.34015	0.14548	0.18325	0.33112
V215	0.29757	0.09773	0.02436	0.58034
V216	0.04816	0.02895	0.04043	0.88246
V217	0.03988	0.49458	0.25368	0.21186
V218	0.09363	0.44957	0.1871	0.2697
V219	0.10315	0.66141	0.01328	0.22217
V220	0.00749	0.85016	0.00697	0.13538
V221	0.82294	0.01329	0.00537	0.1584
V222	0.31852	0.11651	0.40007	0.1649
V223	0.00613	0.12359	0.80303	0.06725
V224	0.95302	0.01863	0.02787	0.00047
V225	0.05408	0.88414	0.05685	0.00493
V226	0.30037	0.07709	0.6111	0.01144
V227	0.7828	0.01154	0.19468	0.01097
V228	0.795	0.05929	0.06699	0.07872
V229	0.01826	0.0431	0.91745	0.02119
V230	0.01954	0.06461	0.03825	0.8776
V231	0.0145	0.28064	0.12488	0.57998
V232	0.04235	0.67884	0.00199	0.27682
V233	0.58351	0.07563	0.21206	0.1288
V234	0.03484	0.92306	0.03065	0.01145
V235	0.36955	0.0559	0.54939	0.02517
V236	0.03958	0.06353	0.83004	0.06685
V237	0.16148	0.02896	0.04175	0.76781
V238	0.12562	0.55588	0.27669	0.04182
V239	0.06339	0.41652	0.02405	0.49604
V240	0.48606	0.03631	0.43775	0.03987
V241	0.01652	0.03105	0.89384	0.05859
V242	0.1242	0.77296	0.09201	0.01083
V243	0.23075	0.04089	0.66247	0.06589
V244	0.19382	0.02079	0.71208	0.07332
V245	0.61541	0.2852	0.05155	0.04784
V246	0.05099	0.1389	0.79082	0.0193
V247	0.1603	0.04293	0.79552	0.00126
V248	0.02471	0.06109	0.06183	0.85236
V249	0.00087	0.05206	0.88831	0.05876
V250	0.75827	0.0135	0.22307	0.00516
V251	0.93624	0.05155	0.00655	0.00565
V252	0.01142	0.83708	0.15142	7e-05
V253	0.371	0.06239	0.1803	0.3863
V254	0.00982	0.93501	0.04989	0.00528
V255	0.04375	0.92167	0.00128	0.0333
V256	0.16975	0.19237	0.56009	0.07779
V257	0.43302	0.08588	0.25635	0.22475
V258	0.17282	0.24441	0.46542	0.11735
V259	0.03096	0.27341	0.66164	0.03399
V260	0.00131	0.27646	0.71595	0.00628
V261	0.62926	0.02939	0.207	0.13434
V262	0.09481	0.07755	0.02478	0.80286
V263	0.01892	0.96047	0.00148	0.01912
V264	0.15617	0.03531	0.47114	0.33739
V265	0.03169	0.02581	0.16086	0.78164
V266	0.63737	0.3549	0.00761	0.00011
V267	0.00052	0.16835	0.31576	0.51537
V268	0.38857	0.02637	0.15651	0.42854
V269	0.00646	0.54884	0.40314	0.04157
V270	0.65025	0.02448	0.2541	0.07116
V271	0.82082	0.05951	0.03301	0.08665
V272	0.05096	0.84409	0.01317	0.09179
V273	0.05677	0.04791	0.04934	0.84599
V274	0.70862	0.00824	0.18854	0.0946
V275	0.0018	0.05687	0.93227	0.00906
V276	0.51994	0.33032	0.01125	0.13849
V277	0.03224	0.20273	0.18067	0.58436
V278	0.032	0.05844	0.3261	0.58345
V279	0.7102	0.05078	0.1147	0.12432
V280	0.0279	0.03065	0.04885	0.89259
V281	0.55623	0.0293	0.1498	0.26467
V282	0.04949	0.06497	0.83529	0.05025
V283	0.20858	0.59199	0.06456	0.13487
V284	0.02624	0.91106	0.05761	0.0051
V285	0.07367	0.04109	0.88365	0.00159
V286	0.24419	0.55464	0.11448	0.08669
V287	0.09253	0.87551	0.01375	0.01821
V288	0.01284	0.25586	0.46921	0.26208
V289	0.27897	0.20008	0.45265	0.0683
V290	0.81411	0.17093	0.01476	2e-04
V291	0.4826	0.06359	0.44287	0.01094
V292	0.93757	0.01653	0	0.0459
V293	0.28259	0.02464	0.65982	0.03295
V294	0.08593	0.38218	0.00349	0.5284
V295	0.01439	0.17254	0.21451	0.59856
V296	0.16676	0.10558	0.65129	0.07638
V297	0.07467	0.02511	0.08784	0.81239
V298	0.29005	0.09381	0.60474	0.01139
V299	0.06531	0.28713	0.0182	0.62936
V300	0.00084	0.04849	0.26089	0.68978
V301	0.11033	0.09636	0.68972	0.10359
V302	0.64957	0.33915	6e-05	0.01123
V303	0.00113	0.58905	0.3841	0.02572
V304	0.04791	0.03129	0.77483	0.14597
V305	0.11281	0.13954	0.50668	0.24097
V306	0.82493	0.08633	0.05007	0.03867
V307	0.01789	0.95471	0.01555	0.01185
V308	0.2257	0.21059	0.32863	0.23508
V309	0.33682	0.30986	0.02868	0.32464
V310	0.07247	0.3102	0.16722	0.45012
V311	0.51248	0.47651	0.00614	0.00487
V312	0.09217	0.74803	0.14197	0.01783
V313	0.00123	0.14293	0.02897	0.82687
V314	0.01385	0.48323	0.1207	0.38222
V315	0.11456	0.64344	0.03763	0.20438
V316	0.30503	0.11703	0.42288	0.15506
V317	0.08104	0.72004	0.04638	0.15254
V318	0.0325	0.57303	0.01508	0.37939
V319	0.05119	0.06241	0.85933	0.02708
V320	0.06804	0.1247	0.69373	0.11353
V321	0.6273	0.36501	0.0076	8e-05
V322	0.19059	0.31882	0.0788	0.41179
V323	0.0512	0.04107	0.10608	0.80165
V324	0.66864	0.24449	0.06972	0.01715
V325	0.30067	0.6399	0.0548	0.00463
V326	0.00105	0.57118	0.0974	0.33038
V327	0.01623	0.15075	0.11893	0.71409
V328	0.03885	0.03172	0.77471	0.15472
V329	0.1653	0.10444	0.18941	0.54085
V330	0.37845	0.01465	0.36104	0.24586
V331	0.34721	0.0841	0.04896	0.51973
V332	0.00819	0.06108	0.20894	0.72179
V333	0.41821	0.06331	0.41652	0.10197
V334	0.3424	0.01535	0.38554	0.25671
V335	0.02112	0.31296	0.55064	0.11528
V336	0.16844	0.71837	0.01977	0.09342
V337	0.2772	0.3907	0.30684	0.02526
V338	0.00269	0.98099	0.01031	0.00601
V339	0.11634	0.03311	0.84354	0.00701
V340	0.0487	0.2027	0.57253	0.17608
V341	0.0232	0.05714	0.08038	0.83928
V342	0.22783	0.01788	0.63719	0.11709
V343	0.95819	0.02883	0.0071	0.00588
V344	0.6695	0.14706	0.18321	0.00023
V345	0.01898	0.06534	0.91399	0.00169
V346	0.2232	0.09898	0.31481	0.36301
V347	0.04027	0.0313	0.14779	0.78064
V348	0.0498	0.66815	0.1473	0.13475
V349	0.3416	0.14616	0.41653	0.09571
V350	0.02805	0.80104	0.17084	7e-05
V351	0.01427	0.03762	0.4333	0.5148
V352	0.04076	0.03215	0.86081	0.06628
V353	0.88875	0.02449	0.03349	0.05328
V354	0.04089	0.69899	0.22694	0.03318
V355	0.26328	0.06425	0.50052	0.17195
V356	0.03133	0.04314	0.11833	0.80719
V357	0.10464	0.31632	0.30779	0.27126
V358	0.55301	0.09457	0.05324	0.29917
V359	0.57933	0.0526	0.03578	0.33229
V360	0.54578	0.42382	0.0197	0.01069
V361	0.00124	0.43904	0.55398	0.00575
V362	0.00274	0.97357	0.01785	0.00584
V363	0.15872	0.1002	0.51345	0.22764
V364	0.14198	0.05655	0.71739	0.08408
V365	0.26087	0.03885	0.01951	0.68077
V366	0.07043	0.70092	0.08454	0.14411
V367	0.58064	0.13164	0.00555	0.28216
V368	0.08073	0.75051	0.08356	0.0852
V369	0.01529	0.38726	0.59192	0.00554
V370	0.28816	0.25664	0.4298	0.0254
V371	0.17905	0.7353	0.02799	0.05766
V372	0.15354	0.05743	0.13557	0.65347
V373	0.06877	0.12068	0.51761	0.29294
V374	0.76126	0.02333	0.21502	0.00039
V375	0.03705	0.05258	0.16477	0.74559
V376	0.03054	0.05091	0.11671	0.80184
V377	0.79445	0.00842	0.01206	0.18506
V378	0.00662	0.0389	0.44299	0.51149
V379	0.33554	0.19169	0.01422	0.45855
V380	0.14007	0.07011	0.22315	0.56666
V381	0.74147	0.01657	0.09444	0.14751
V382	0.07491	0.04899	0.86906	0.00705
V383	0.83821	0.01177	0.04913	0.10089
V384	0.56455	0.06714	0.14067	0.22764
V385	0.86162	0.01825	0.07465	0.04549
V386	0.29181	0.02302	0.16044	0.52473
V387	0.59444	0.13119	0.20044	0.07393
V388	0.37519	0.31963	0.15818	0.14701
V389	0.41165	0.51948	0.01181	0.05707
V390	0.28298	0.24132	0.47072	0.00498
V391	0.41775	0.10101	0.02175	0.45949
V392	0.42763	0.20539	0.17957	0.18741
V393	0.27234	0.20886	0.38131	0.13749
V394	0.08443	0.22377	0.12456	0.56724
V395	0.21372	0.38571	0.21929	0.18128
V396	0.00981	0.96309	0.00816	0.01894
V397	0.78632	0.07883	0.1036	0.03126
V398	0.44968	0.12414	0.10411	0.32207
V399	0.18486	0.5601	0.15803	0.097
V400	0.00111	0.59374	0.0674	0.33775
V401	0.02997	0.13997	0.7626	0.06746
V402	0.78482	0.17724	0.03778	0.00016
V403	0.02368	0.04864	0.09141	0.83627
V404	0.07906	0.17379	0.66091	0.08624
V405	0.20971	0.0381	0.18619	0.56601
V406	0.65218	0.23931	0.01811	0.0904
V407	0.00269	0.98099	0.01031	0.00601
V408	0.08084	0.22361	0.43985	0.2557
V409	0.00145	0.06296	0.04887	0.88672
V410	0.08199	0.87046	0.02949	0.01807
V411	0.43928	0.02159	0.00354	0.53559
V412	0.14538	0.06652	0.5424	0.2457
V413	0.05012	0.48477	0.19783	0.26729
V414	0.03035	0.50074	0.35285	0.11606
V415	0.4374	0.02996	0.25152	0.28112
V416	0.01443	0.09682	0.88724	0.00151
V417	0.37226	0.61649	0.00634	0.00491
V418	0.06419	0.10403	0.16024	0.67154
V419	0.0249	0.03117	0.05746	0.88646
V420	0.00187	0.90252	0.01393	0.08167
V421	0.14123	0.04088	0.71659	0.1013
V422	0.0462	0.09093	0.01897	0.8439
V423	0.07208	0.03701	0.87072	0.02019
V424	4e-04	0.05207	0.65649	0.29104
V425	0.04865	0.21504	0.64018	0.09614
V426	0.07899	0.04762	0.81526	0.05813
V427	0.0607	0.39024	0.21197	0.33708
V428	0.08093	0.78856	0.05476	0.07575
V429	0.02235	0.03099	0.0658	0.88087
V430	0.76064	0.15858	0.0179	0.06288
V431	0.16672	0.02849	0.49109	0.3137
V432	0.10015	0.10256	0.05728	0.74001
V433	0.05169	0.75166	0.00153	0.19512
V434	0.3345	0.07542	0.05856	0.53151
V435	0.50665	0.01806	0.13087	0.34442
V436	0.37565	0.02136	0.12571	0.47727
V437	0.22482	0.23113	0.00856	0.53549
V438	0.62177	0.14862	0.03463	0.19498
V439	0.03359	0.12617	0.0176	0.82264
V440	0.48393	0.0409	0.03791	0.43726
V441	0.05784	0.11281	0.64669	0.18266
V442	0.31465	0.3341	0.1499	0.20134
V443	0.74803	0.0115	0.09405	0.14641
V444	0.01898	0.06534	0.91399	0.00169
V445	0.60144	0.02306	0.35118	0.02432
V446	0.03148	0.84753	0.05475	0.06624
V447	0.63731	0.08423	0.1875	0.09096
V448	0.01589	0.07344	0.21721	0.69346
V449	0.55658	0.03848	0.31453	0.09041
V450	0.13915	0.84399	0.01687	0
V451	0.92625	0.05547	0	0.01828
V452	0.03499	0.03715	0.09211	0.83575
V453	0.81759	0.06872	0.06728	0.0464
V454	0.00223	0.93708	0.04897	0.01172
V455	0.59371	0.03278	0.31829	0.05521
V456	0.3165	0.10749	0.42146	0.15454
V457	0.00145	0.08173	0.03286	0.88397
V458	0.26055	0.22862	0.00816	0.50267
V459	0.01438	0.80888	0.09276	0.08398
V460	0.9431	0.01709	0.02832	0.01148
V461	0.06017	0.06299	0.02059	0.85625
V462	0.34484	0.245	0.00192	0.40823
V463	0.24714	0.47618	0.16945	0.10724
V464	0.50909	0.09873	0.00655	0.38563
V465	0.40198	0.42848	0.02712	0.14243
V466	0.59195	0.17982	0.00519	0.22304
V467	0.3094	0.57577	0.08206	0.03277
V468	0.50124	0.39795	0.05237	0.04844
V469	0.01357	0.1667	0.31785	0.50188
V470	0.55418	0.11186	0.19351	0.14045
V471	0.26144	0.10723	0.04208	0.58926
V472	0.3192	0.33203	0.00158	0.34719
V473	0.09248	0.54079	0.34872	0.01801
V474	0.11265	0.02176	0.12126	0.74433
V475	0.17749	0.40063	0.0878	0.33408
V476	0.15787	0.0344	0.06762	0.74011
V477	0.59899	0.03615	0.21956	0.1453
V478	0.12584	0.60349	0.00667	0.264
V479	0.01345	0.08094	0.83001	0.07561
V480	0.07437	0.31557	0.05224	0.55782
V481	0.13366	0.03513	0.81835	0.01285
V482	0.7017	0.15153	0.11515	0.03162
V483	0.12048	0.11405	0.0842	0.68127
V484	0.02316	0.09832	0.03811	0.84041
V485	0.11269	0.75384	0.01271	0.12076
V486	0.26651	0.25609	0.14152	0.33588
V487	0.0687	0.06104	0.10074	0.76952
V488	0.00304	0.03269	0.87337	0.0909
V489	0.19999	0.09766	0.69062	0.01173
V490	0.33989	0.30968	0.0756	0.27483
V491	0.44095	0.46644	0.03532	0.05729
V492	0.02524	0.83843	0.13139	0.00495
V493	0.04879	0.03088	0.0119	0.90842
V494	0.18143	0.13989	0.56345	0.11523
V495	0.21526	0.62506	0.14206	0.01762
V496	0.26549	0.69339	0.00048	0.04063
V497	0.01434	0.04061	0.93618	0.00887
V498	0.31167	0.10312	0.05893	0.52628
V499	0.60866	0.26007	0.12669	0.00458
V500	0.09023	0.11383	0.76196	0.03398
V501	0.00296	0.03628	0.0753	0.88545
V502	0.54974	0.2676	0.15821	0.02445
V503	0.18828	0.0934	0.22242	0.49591
V504	0.2231	0.70715	0.01236	0.05739
V505	0.18921	0.20155	0.28292	0.32633
V506	0.08017	0.23438	0.49602	0.18944
V507	0.62203	0.09226	0.12858	0.15713
V508	0.75892	0.15995	0.0421	0.03903
V509	0.21465	0.05779	0.54594	0.18161
V510	0.21583	0.51237	0.2671	0.0047
V511	0.04187	0.42793	0.05098	0.47921
V512	0.23607	0.05564	0.09088	0.61741
V513	0.0708	0.64948	0.22053	0.05919
V514	0.01888	0.10967	0.00978	0.86168
V515	0.77864	0.05812	0.04986	0.11338
V516	0.89786	0.09611	0.00031	0.00572
V517	0.03391	0.03949	0.28068	0.64592
V518	0.94625	0.04735	0.00033	0.00607
V519	0.0236	0.87902	0.00663	0.09076
V520	0.02207	0.02116	0.64938	0.30739
V521	0.55264	0.04388	0.37898	0.0245
V522	0.00549	0.11429	0.61859	0.26163
V523	0.34817	0.11589	0.28504	0.25091
V524	0.00716	0.77547	0.19206	0.02532
V525	0.24988	0.2065	0.03167	0.51195
V526	0.65349	0.07468	0.07886	0.19297
V527	0.19153	0.02813	0.43323	0.34711
V528	0.09195	0.86615	0.00099	0.0409
V529	0.05301	0.06733	0.24801	0.63165
V530	0.00572	0.18712	0.7126	0.09457
V531	0.01998	0.86541	0.11462	0
V532	0.16566	0.33184	0.03143	0.47107
V533	0.27754	0.34815	0.15104	0.22327
V534	0.00665	0.02877	0.73691	0.22767
V535	0.55009	0.01171	0.01491	0.42329
V536	0.17792	0.01505	0.4038	0.40322
V537	0.58506	0.24803	0.15645	0.01046
V538	0.4553	0.05413	0.0939	0.39667
V539	0.26144	0.42994	0.1707	0.13793
V540	0.19116	0.70285	0.0731	0.03289
V541	0.01428	0.51864	0.06883	0.39825
V542	0.18777	0.11968	0.28143	0.41112
V543	0.88359	0.01341	0.01137	0.09163
V544	0.09562	0.08996	0.19168	0.62273
V545	0.36354	0.13752	0.07671	0.42223
V546	0.04441	0.88492	0.06574	0.00494
V547	0.03255	0.63747	0.3188	0.01118
V548	0.14605	0.76611	0.08316	0.00468
V549	0.30757	0.03944	0.64135	0.01164
V550	0.58701	0.03512	0.00162	0.37625
V551	0.16768	0.74671	0.03645	0.04916
V552	0.00119	0.54729	0.00966	0.44185
V553	0.21312	0.13954	0.62909	0.01824
V554	0.0512	0.10682	0.03399	0.80799
V555	0.08169	0.21394	0.36875	0.33562
V556	0.00125	0.05242	0.91755	0.02878
V557	0.82292	0.03026	0.01109	0.13574
V558	0.06028	0.79974	0.02867	0.11131
V559	0.01099	0.79919	0.18972	0.00011
V560	0.67298	0.32155	0.00027	0.00521
V561	0.0018	0.05687	0.93227	0.00906
V562	0.78195	0.01207	0.12026	0.08572
V563	0.23039	0.02782	0.73554	0.00625
V564	0.05254	0.08241	0.85212	0.01293
V565	0.11516	0.24551	0.41523	0.2241
V566	0.7062	0.09311	0.00487	0.19582
V567	0.21224	0.45447	0.02907	0.30422
V568	0.23636	0.02324	0.06405	0.67635
V569	0.68156	0.03302	0.00088	0.28454
V570	0.02143	0.2712	0.64821	0.05916
V571	0.82205	0.12382	0	0.05412
V572	0.42678	0.01722	0.46621	0.08979
V573	0.05839	0.19047	0.0133	0.73785
V574	0.03281	0.78509	0.17105	0.01105
V575	0.01711	0.09651	0.1432	0.74318
V576	0.14457	0.80693	0.03754	0.01095
V577	0.03409	0.05489	0.23782	0.67319
V578	0.04739	0.06375	0.72059	0.16827
V579	0.00803	0.88141	0.09233	0.01824
V580	0.14336	0.02456	0.12763	0.70445
V581	0.06615	0.10562	0.00804	0.82018
V582	0.58744	0.1403	0.03506	0.2372
V583	0.0059	0.0496	0.62987	0.31462
V584	0.51399	0.1464	0.30729	0.03232
V585	0.00737	0.02762	0.48247	0.48254
V586	0.21715	0.0231	0.67754	0.0822
V587	0.24998	0.02671	0.69752	0.02579
V588	0.63142	0.04446	0.02712	0.297
V589	0.05037	0.82811	0.06388	0.05764
V590	0.04364	0.7604	0.19108	0.00488
V591	0.00089	0.05573	0.23037	0.71301
V592	0.14946	0.05684	0.7925	0.0012
V593	0.57746	0.00844	0.19663	0.21747
V594	0.32775	0.27622	0.35464	0.04139
V595	0.03084	0.0599	0.03554	0.87372
V596	0.03098	0.27447	0.24789	0.44666
V597	0.001	0.57156	0.35124	0.07621
V598	0.01606	0.12056	0.85028	0.0131
V599	0.624	0.31706	0.03459	0.02436
V600	0.35419	0.47794	0.054	0.11387
V601	0.15479	0.27463	0.09	0.48058
V602	0.03318	0.06393	0.02567	0.87722
V603	0.00785	0.3865	0.01868	0.58697
V604	0.50804	0.10997	0.35733	0.02466
V605	0.05952	0.31392	0.43604	0.19052
V606	0.73578	0.14777	0.01077	0.10568
V607	0.6511	0.01636	0.11572	0.21682
V608	0.20987	0.14764	0.42164	0.22085
V609	0.02197	0.23034	0.26015	0.48754
V610	0.77106	0.02284	0.09386	0.11225
V611	0.28219	0.02127	0.06227	0.63427
V612	0.022	0.08975	0.82962	0.05862
V613	0.03094	0.31651	0.61858	0.03396
V614	0.76955	0.05793	0.04988	0.12264
V615	0.12827	0.07488	0.01484	0.78202
V616	0.07067	0.72073	0.04651	0.16209
V617	0.45867	0.16163	0.37929	0.00041
V618	0.72569	0.01497	0.00076	0.25858
V619	0.3727	0.03218	0.34425	0.25087
V620	0.00776	0.65285	0.33415	0.00524
V621	0.42643	0.14356	0.19058	0.23942
V622	0.3471	0.2124	0.41532	0.02518
V623	0.01691	0.08583	0.1647	0.73256
V624	0.7855	0.19669	0	0.01781
V625	0.2596	0.49861	0.10522	0.13657
V626	0.95262	0.03499	0.00023	0.01216
V627	0.0013	0.05649	0.09757	0.84464
V628	0.00125	0.24853	0.02269	0.72753
V629	0.11632	0.28151	0.3082	0.29397
V630	0.03067	0.31589	0.61152	0.04191
V631	0.01546	0.20079	0.1169	0.66685
V632	0.5793	0.00822	0.14644	0.26603
V633	0.00065	0.04686	0.84424	0.10825
V634	0.38836	0.25772	0.34916	0.00477
V635	0.0233	0.77418	0.00705	0.19547
V636	0.11054	0.09565	0.68056	0.11325
V637	0.30343	0.19019	0.09814	0.40824
V638	0.37802	0.2516	0.07532	0.29506
V639	0.26032	0.42309	0.31632	0.00027
V640	0.0308	0.14418	0.78287	0.04215
V641	0.88951	0.03909	0.02556	0.04583
V642	0.76815	0.16962	0	0.06223
V643	0.0054	0.17274	0.48997	0.33189
V644	0.90255	0.08034	0.0057	0.01141
V645	0.25235	0.40284	0.3271	0.01771
V646	0.01145	0.97319	0.00953	0.00582
V647	0.13194	0.08331	0.7348	0.04995
V648	0.40597	0.42808	0.14113	0.02482
V649	0.02261	0.06741	0.85944	0.05055
V650	0.04864	0.08688	0.80597	0.05852
V651	0.29314	0.02543	0.67543	0.00601
V652	0.07955	0.08444	0.48041	0.35561
V653	0.11368	0.6761	0.10488	0.10534
V654	0.70368	0.18908	0.05976	0.04747
V655	0.03211	0.5853	0.02277	0.35981
V656	0.20146	0.27513	0.01531	0.5081
V657	0.0259	0.10552	0.02009	0.84849
V658	0.61122	0.19828	0.06101	0.12949
V659	0.31708	0.07932	0.39879	0.20482
V660	0.02746	0.95207	0.00144	0.01903
V661	0.05163	0.42822	0.05999	0.46016
V662	0.39387	0.02261	0.49276	0.09076
V663	0.22405	0.06784	0.60493	0.10318
V664	0.18715	0.06669	0.70489	0.04127
V665	0.69944	0.17715	0.04204	0.08137
V666	0.579	0.00867	0.10756	0.30477
V667	0.75288	0.07598	0.17085	0.00029
V668	0.11589	0.79805	0.08606	0
V669	0.2231	0.40665	0.27235	0.09791
V670	0.07403	0.90612	0.00121	0.01864
V671	0.35842	0.27394	0.28053	0.08711
V672	0.01698	0.04708	0.9079	0.02804
V673	0.22569	0.36071	0.25337	0.16022
V674	0.72978	0.13739	0.01788	0.11495
V675	0.12716	0.31527	0.35373	0.20384
V676	0.02567	0.12174	0.11994	0.73266
V677	0.38248	0.39902	0.10348	0.11502
V678	0.50402	0.47824	0.01298	0.00476
V679	0.0415	0.30011	0.6466	0.01179
V680	0.29751	0.54293	0.14201	0.01755
V681	0.89819	0.06577	0.01158	0.02446
V682	0.10183	0.28305	0.58127	0.03384
V683	0.01531	0.96201	0.02268	0
V684	0.70569	0.15011	0.09678	0.04743
V685	0.49492	0.33454	0.13017	0.04037
V686	0.08412	0.17876	0.16961	0.56751
V687	0.03336	0.04803	0.03834	0.88027
V688	0.36776	0.51206	3e-04	0.11988
V689	0.24829	0.01819	0.05513	0.6784
V690	0.45564	0.04222	0.44585	0.05629
V691	0.14679	0.0316	0.81487	0.00674
V692	0.06848	0.12893	0.74382	0.05877
V693	0.22065	0.09897	0.40755	0.27283
V694	0.00728	0.04219	0.32556	0.62497
V695	0.2313	0.01939	0.17388	0.57542
V696	0.0718	0.10501	0.02402	0.79917
V697	0.01704	0.09587	0.02311	0.86398
V698	0.82508	0.01275	0.0116	0.15056
V699	0.57108	0.27493	0.07038	0.08361
V700	0.22873	0.04288	0.01322	0.71518
V701	0.10439	0.53203	0.11909	0.24449
V702	0.5449	0.07925	0.0129	0.36295
V703	0.1221	0.05056	0.5307	0.29664
V704	0.82841	0.04384	0.02521	0.10253
V705	0.95192	0.01056	0.01275	0.02476
V706	0.06808	0.05341	0.80315	0.07536
V707	0.03087	0.41677	0.51858	0.03378
V708	0.03208	0.88141	0.0209	0.06561
V709	0.12407	0.24759	0.55946	0.06888
V710	0.61071	0.19846	0.05208	0.13875
V711	0.08142	0.80166	0.09171	0.02521
V712	0.82344	0.05277	0.00468	0.11911
V713	0.43488	0.29342	0.03627	0.23544
V714	0.00696	0.68162	0.0222	0.28922
V715	0.29366	0.32199	0.32497	0.05938
V716	0.03383	0.06698	0.05855	0.84064
V717	0.07544	0.91132	0.0013	0.01194
V718	0.13783	0.56286	0.19199	0.10732
V719	0.05031	0.7207	0.03791	0.19108
V720	0.69071	0.00935	0.23831	0.06163
V721	0.11282	0.14927	0.51802	0.21989
V722	0.08538	0.34965	0.01673	0.54824
V723	0.10482	0.10232	0.01452	0.77833
V724	0.57919	0.02963	0.08962	0.30156
V725	0.00094	0.10262	0.86878	0.02766
V726	0.03158	0.38087	0.13307	0.45448
V727	0.25741	0.64595	0.09203	0.00461
V728	0.0256	0.87596	0.09345	0.005
V729	0.39891	0.01999	0.17674	0.40435
V730	0.8997	0.03418	0.04204	0.02409
V731	0.02105	0.18278	0.43603	0.36014
V732	0.34112	0.0703	0.38474	0.20383
V733	0.65247	0.17669	0.03402	0.13682
V734	0.22722	0.29556	0.47222	0.005
V735	0.01369	0.03603	0.52078	0.4295
V736	0.14508	0.03338	0.01725	0.80429
V737	0.32513	0.27516	0.26184	0.13787
V738	0.06969	0.31419	0.48936	0.12676
V739	0.00043	0.03068	0.63532	0.33356
V740	0.8368	0.08368	0.06881	0.01071
V741	0.48499	0.09461	0.13412	0.28628
V742	0.39162	0.59331	0.01507	0
V743	0.12286	0.13458	0.72385	0.01871
V744	0.51118	0.03881	0.34995	0.10006
V745	0.01387	0.69424	0.18775	0.10414
V746	0.97595	0.01649	0.00098	0.00658
V747	0.04817	0.02173	0.73914	0.19096
V748	0.11085	0.0936	0.63316	0.16238
V749	0.27554	0.17285	0.05896	0.49266
V750	0.40935	0.45946	0.01894	0.11225
V751	0.04097	0.87266	0.03732	0.04904
V752	0.46434	0.21463	0.1456	0.17543
V753	0.03308	0.06922	0.0106	0.8871
V754	0.00931	0.93269	0.00138	0.05662
V755	0.13865	0.18033	0.37933	0.3017
V756	0.02802	0.04231	0.06668	0.86299
V757	0.32977	0.58233	0.06297	0.02492
V758	0.04052	0.7695	0.12285	0.06713
V759	0.11304	0.05862	0.44242	0.38592
V760	0.28183	0.0546	0.30851	0.35505
V761	0.06015	0.57075	0.2913	0.07779
V762	0.00116	0.39758	0.01903	0.58223
V763	0.38409	0.35203	0.02788	0.236
V764	0.00826	0.92787	0.0072	0.05667
V765	0.67029	0.08666	0.00057	0.24248
V766	0.01282	0.30089	0.47773	0.20856
V767	0.48061	0.11349	0.26387	0.14204
V768	0.05286	0.90718	0.02171	0.01825
V769	0.13396	0.82546	0.02954	0.01104
V770	0.01145	0.97319	0.00953	0.00582
V771	0.15503	0.0341	0.79823	0.01264
V772	0.1247	0.0581	0.81084	0.00636
V773	0.15537	0.82672	0.00659	0.01132
V774	0.01854	0.0349	0.91808	0.02847
V775	0.10402	0.04643	0.3137	0.53585
V776	0.42617	0.4167	0.05344	0.10369
V777	0.16592	0.11482	0.156	0.56326
V778	0.54146	0.26547	0.07127	0.1218
V779	0.15586	0.04261	0.53819	0.26333
V780	0.10613	0.761	0.13286	1e-05
V781	0.04673	0.05959	0.04004	0.85363
V782	0.00632	0.11651	0.81854	0.05863
V783	0.78997	0.02275	0.04964	0.13764
V784	0.10522	0.87485	0.01483	0.00511
V785	0.03453	0.9325	0.01445	0.01851
V786	0.72366	0.15023	0.08696	0.03916
V787	0.00212	0.83298	0.15961	0.00529
V788	0.50868	0.29051	0.16039	0.04042
V789	0.06379	0.37189	0.03331	0.53101
V790	0.44936	0.03314	0.08414	0.43336
V791	0.12662	0.36242	0.36172	0.14924
V792	0.12667	0.54765	0.00696	0.31871
V793	0.11412	0.66504	0.03742	0.18342
V794	0.03938	0.07898	0.81462	0.06703
V795	0.10239	0.06083	0.06933	0.76745
V796	0.02421	0.09117	0.86457	0.02005
V797	0.74406	0.01218	0.23281	0.01095
V798	0.61649	0.28737	0.07904	0.0171
V799	0.12368	0.78173	0.02817	0.06642
V800	0.05815	0.03229	0.55834	0.35122
V801	0.12695	0.11045	0.36559	0.39701
V802	0.03184	0.08247	0.30494	0.58075
V803	0.2145	0.51044	0.27486	2e-04
V804	0.50966	0.02127	0.40544	0.06362
V805	0.02518	0.04609	0.92686	0.00186
V806	0.0424	0.91085	0.01366	0.03309
V807	0.2499	0.155	0.04138	0.55373
V808	0.6629	0.2627	0.04267	0.03172
V809	0.04185	0.06965	0.88703	0.00147
V810	0.01354	0.97847	0.0018	0.00618
V811	0.42002	0.06906	0.22225	0.28866
V812	0.55265	0.25405	0.05266	0.14063
V813	0.59408	0.18404	0.19748	0.0244
V814	0.42381	0.52611	0.04548	0.0046
V815	0.00234	0.91596	0.0764	0.00529
V816	0.9159	0.01708	0.06659	0.00044
V817	0.0253	0.08652	0.87479	0.01338
V818	0.00121	0.09097	0.05449	0.85333
V819	0.8334	0.07787	0.05007	0.03866
V820	0.12332	0.11188	0.02947	0.73533
V821	0.20893	0.30033	0.42168	0.06906
V822	0.06239	0.04396	0.87347	0.02018
V823	0.02106	0.17683	0.71648	0.08563
V824	0.08477	0.36608	0.54853	0.00062
V825	0.2145	0.27887	0.28108	0.22556
V826	0.42513	0.40458	0.15976	0.01053
V827	0.36952	0.59325	0.0123	0.02493
V828	0.21448	0.16331	0.1216	0.5006
V829	0.03453	0.25594	0.04569	0.66383
V830	0.21451	0.22979	0.03199	0.52372
V831	0.77834	0.08351	0.0331	0.10505
V832	0.26282	0.39471	0.18284	0.15963
V833	0.13864	0.50678	0.19512	0.15947
V834	0.28527	0.07617	0.0891	0.54946
V835	0.35441	0.445	0.12385	0.07674
V836	0.0073	0.68877	0.00813	0.2958
V837	0.21415	0.37379	0.20838	0.20368
V838	0.9179	0.04815	0.02867	0.00529
V839	0.29244	0.6015	0.10147	0.0046
V840	0.28323	0.70839	0.00837	0
V841	0.00095	0.05953	0.88844	0.05107
V842	0.34959	0.15512	0.28596	0.20933
V843	0.01475	0.04056	0.87803	0.06666
V844	0.10242	0.08474	0.42171	0.39114
V845	0.05869	0.10246	0.78007	0.05878
V846	6e-04	0.03396	0.77745	0.18799
V847	0.00347	0.03674	0.0558	0.90399
V848	0.08212	0.50908	0.18521	0.22358
V849	0.00224	0.95627	0.00795	0.03354
V850	0.96224	0.01193	0.01391	0.01193
V851	0.32562	0.52308	0.15125	5e-05
V852	0.09773	0.0611	0.14914	0.69203
V853	0.23392	0.20989	0.43925	0.11693
V854	0.60109	0.15917	0.1098	0.12994
V855	0.00347	0.03674	0.0558	0.90399
V856	0.03937	0.33873	0.38848	0.23342
V857	0.68217	0.1668	0.0338	0.11723
V858	0.5337	0.02309	0.43783	0.00537
V859	0.66315	0.22856	0.01809	0.0902
V860	0.17894	0.12024	0.06261	0.63821
V861	0.08197	0.34098	0.56562	0.01144
V862	0.12102	0.08502	0.75225	0.04171
V863	0.19434	0.0779	0.0057	0.72206
V864	0.06217	0.05932	0.06384	0.81467
V865	0.1043	0.02206	0.29893	0.57471
V866	0.70919	0.02357	0.25637	0.01087
V867	0.70664	0.03244	0.25593	0.00498
V868	0.51633	0.26701	0.14127	0.07539
V869	0.02002	0.96517	0.00911	0.0057
V870	0.09628	0.34822	0.02425	0.53125
V871	0.00224	0.95627	0.00795	0.03354
V872	0.00813	0.03697	0.28204	0.67286
V873	0.88611	0.03301	0.04986	0.03102
V874	0.19037	0.77761	0.03202	0
V875	0.01414	0.19172	0.22583	0.56831
V876	0.14861	0.31361	0.4496	0.08817
V877	0.03983	0.38659	0.32829	0.24529
V878	0.12652	0.80572	0.06775	0
V879	0.1808	0.69812	0.04528	0.0758
V880	0.29919	0.55439	0.00544	0.14097
V881	0.13117	0.04543	0.64461	0.17879
V882	0.79487	0.0078	0.12865	0.06867
V883	0.2689	0.19692	0.53351	0.00067
V884	0.01903	0.29693	0.00553	0.67851
V885	0.69732	0.21301	0.08955	0.00012
V886	0.01285	0.34632	0.50602	0.13481
V887	0.63783	0.05903	0.16701	0.13613
V888	0.08839	0.0518	0.77565	0.08416
V889	0.91145	0.05147	0.01935	0.01773
V890	0.02914	0.13343	0.66579	0.17164
V891	0.61589	0.04803	0.29672	0.03937
V892	0.27374	0.18596	0.01535	0.52494
V893	0.58217	0.20164	0.15922	0.05696
V894	0.05999	0.29445	0.61166	0.0339
V895	0.59263	0.0593	0.21099	0.13708
V896	0.03524	0.93873	0.00736	0.01868
V897	0.69004	0.25015	0.00457	0.05523
V898	0.46061	0.01415	0.00974	0.51549
V899	0.02357	0.19427	0.15923	0.62293
V900	0.0704	0.28044	0.40324	0.24592
V901	0.03218	0.84318	0.00643	0.11821
V902	0.04483	0.9016	0.04854	0.00503
V903	0.00624	0.40318	0.54878	0.0418
V904	0.0216	0.97059	0.00172	0.00609
V905	0.13935	0.01819	0.20026	0.64221
V906	0.39843	0.08847	0.116	0.39711
V907	0.42333	0.50882	0.01915	0.0487
V908	0.01102	0.07564	0.08884	0.8245
V909	0.12289	0.81083	0.00089	0.06539
V910	0.15374	0.01918	0.13799	0.68908
V911	0.51381	0.38611	0.03469	0.0654
V912	0.38723	0.31911	0.13665	0.15702
V913	0.1173	0.02601	0.02065	0.83604
V914	0.17093	0.48571	0.30992	0.03344
V915	0.22044	0.02132	0.01552	0.74273
V916	0.23168	0.05747	0.66982	0.04103
V917	0.711	0.02976	0.17138	0.08786
V918	0.04014	0.62905	0.24436	0.08645
V919	0.18861	0.22207	0.33038	0.25893
V920	0.61976	0.18891	0.0991	0.09223
V921	0.0273	0.17939	0.0402	0.75311
V922	0.09169	0.45265	0.41375	0.04191
V923	0.07494	0.04324	0.05597	0.82585
V924	0.03174	0.66354	0.27922	0.02551
V925	0.17206	0.0528	0.02208	0.75306
V926	0.19242	0.04141	0.03855	0.72762
V927	0.02291	0.06825	0.06916	0.83968
V928	0.0421	0.8946	0.00653	0.05677
V929	0.05003	0.64656	0.13765	0.16575
V930	0.50743	0.36508	0.03481	0.09269
V931	0.1243	0.25843	0.54837	0.06891
V932	0.02899	0.10436	0.6546	0.21205
V933	0.58519	0.39166	0.01232	0.01083
V934	0.00637	0.14887	0.306	0.53876
V935	0.55953	0.15201	0.22283	0.06562
V936	0.52737	0.26542	0.01879	0.18843
V937	0.54542	0.12164	0.09164	0.24129
V938	0.36399	0.04607	0.33604	0.25389
V939	0.75375	0.02231	0.07619	0.14775
V940	0.02302	0.79258	0.1513	0.0331
V941	0.00233	0.04525	0.94272	0.00969
V942	0.73093	0.18293	0.06909	0.01705
V943	0.3816	0.11981	0.44916	0.04943
V944	0.01545	0.27563	0.07397	0.63495
V945	0.55765	0.34909	0.01112	0.08214
V946	0.44767	0.25039	0.26929	0.03265
V947	0.07307	0.05754	0.25837	0.61102
V948	0.31943	0.03741	0.6249	0.01826
V949	0.00062	0.11802	0.22744	0.65392
V950	0.05021	0.53029	0.22977	0.18972
V951	0.81207	0.02434	0.15853	0.00505
V952	0.06124	0.12529	0.29592	0.51755
V953	0.0158	0.06671	0.88978	0.02771
V954	0.03284	0.18365	0.15912	0.62439
V955	0.11476	0.60885	0.02911	0.24728
V956	0.03018	0.03411	0.55602	0.37969
V957	0.32951	0.03188	0.00466	0.63396
V958	0.04879	0.03088	0.0119	0.90842
V959	0.21966	0.24454	0.46711	0.06869
V960	0.22798	0.27109	0.0888	0.41213
V961	0.12593	0.37369	0.38269	0.11769
V962	0.35132	0.15775	0.42344	0.06748
V963	0.59593	0.16057	0.16944	0.07406
V964	0.8344	0.03237	0.10218	0.03105
V965	0.05008	0.4964	0.20858	0.24494
V966	0.95608	0.02568	0.00634	0.0119
V967	0.04799	0.04597	0.57295	0.3331
V968	6e-04	0.1454	0.79555	0.05845
V969	0.0078	0.29981	0.04599	0.64641
V970	0.02975	0.11272	0.46901	0.38851
V971	0.49239	0.07886	0.35424	0.07451
V972	0.51094	0.19154	0.0537	0.24381
V973	0.26302	0.41908	0.08599	0.23191
V974	0.00684	0.78569	0.13217	0.0753
V975	0.09318	0.27987	0.62157	0.00538
V976	0.4397	0.23729	0.12577	0.19724
V977	0.30764	0.34652	0.3411	0.00473
V978	0.05735	0.10558	0.07867	0.7584
V979	0.78332	0.02432	0.18734	0.00502
V980	0.97595	0.01649	0.00098	0.00658
V981	0.32	0.0334	0.46801	0.17859
V982	0.43898	0.39393	0.0819	0.08519
V983	0.70223	0.06057	0.00523	0.23197
V984	0.01497	0.84077	0.11126	0.033
V985	0.06816	0.20868	0.01234	0.71083
V986	0.31635	0.52487	0.05413	0.10465
V987	0.23	0.75119	0.00068	0.01813
V988	0.20576	0.03522	0.02197	0.73706
V989	0.43554	0.46617	0.08095	0.01734
V990	0.00057	0.05768	0.81498	0.12677
V991	0.62907	0.35965	7e-05	0.01122
V992	0.18629	0.01921	0.5584	0.2361
V993	0.06054	0.7238	0.17431	0.04136
V994	0.17718	0.78266	0.02919	0.01096
V995	0.74248	0.10043	0.03333	0.12376
V996	0.26113	0.12852	0.01661	0.59374
V997	0.01444	0.03213	0.84523	0.10819
V998	0.87008	0.01827	0.06611	0.04554
V999	0.11722	0.87602	0.00128	0.00548
V1000	0.30643	0.03998	0.00488	0.64871
