B_cells	NK_cells	T_cells_CD4.	Monocytes
V1	0.57662	0.00931	0.1868	0.22727
V2	0.21393	0.12098	0.04815	0.61694
V3	0.08661	0.63537	0.02248	0.25553
V4	0.85957	0.12015	0	0.02029
V5	0.13002	0.47798	0.2755	0.1165
V6	0.10644	0.83165	0.05515	0.00676
V7	0.18136	0.38381	0.09181	0.34301
V8	0.15523	0.03581	0.79552	0.01344
V9	0.28459	0.26464	0.03193	0.41884
V10	0.04482	0.04459	0.87582	0.03477
V11	0.21571	0.35097	0.43331	0
V12	0.04219	0.57051	0.3873	0
V13	0.29037	0.68056	0.02896	0.00012
V14	0.09778	0.8657	0.03652	0
V15	0.14378	0.59176	0.14738	0.11708
V16	0.87696	0.04709	0.03925	0.0367
V17	0.11666	0.8342	0.04257	0.00656
V18	0.57684	0.34199	0.06343	0.01774
V19	0.1846	0.78326	0.03214	0
V20	0.20038	0.48107	0.02326	0.29529
V21	0.15472	0.0907	0.74529	0.0093
V22	0.05569	0.12807	0.22051	0.59573
V23	0.38416	0.05925	0.55658	0
V24	0.90972	0.03192	0.05836	0
V25	0.37067	0.25572	0.13789	0.23572
V26	0.41896	0.39411	0.02447	0.16245
V27	0.17922	0.09769	0.00934	0.71375
V28	0	0.09115	0.90885	0
V29	0.44865	0.04513	0.49934	0.00688
V30	0.13081	0.24581	0.28969	0.33369
V31	0.23102	0.21655	0.30648	0.24594
V32	0.1646	0.05842	0.04043	0.73655
V33	0.06264	0.50009	0.37456	0.06272
V34	0.15461	0.07105	0.7631	0.01124
V35	0.18587	0.69235	0.11678	0.005
V36	0.03407	0.07283	0.49311	0.39999
V37	0.56814	0.07832	0.10824	0.2453
V38	0.46904	0	0.18938	0.34158
V39	0.18815	0.55692	0.15518	0.09975
V40	0.11542	0.77266	0.11193	0
V41	0.02365	0.68547	0.07306	0.21782
V42	0.27514	0.04588	0.22341	0.45557
V43	0.15094	0.3489	0.50016	0
V44	0.03233	0.11368	0.72979	0.1242
V45	0.11947	0.57819	0.24708	0.05527
V46	0.78222	0.07388	0.1439	0
V47	0.45516	0.20072	0.32567	0.01845
V48	0.8011	0.16843	0.01693	0.01354
V49	0.74248	0.1908	0	0.06672
V50	0.08939	0.7872	0.12341	0
V51	0.32597	0.39725	0.27678	0
V52	0.04759	0.14671	0.79078	0.01492
V53	0.7135	0.11783	0.16867	0
V54	0.42698	0.2013	0.37172	0
V55	0.25198	0.1529	0.25379	0.34134
V56	0.11875	0.03876	0.10974	0.73274
V57	0.12536	0.81932	0.05532	0
V58	0.67159	0.00505	0.05236	0.27101
V59	0.44493	0.40389	0.12993	0.02126
V60	0.16473	0.18139	0.33953	0.31434
V61	0.80211	0.10825	0.01782	0.07181
V62	0.85662	0.03853	0.09466	0.01018
V63	0.03786	0.79483	0.16424	0.00306
V64	0.03562	0.85593	0.00929	0.09916
V65	0.08086	0.01253	0.1409	0.76571
V66	0.24067	0.6754	0.04326	0.04068
V67	0.1661	0.33185	0.50206	0
V68	0.2215	0.1821	0.01006	0.58634
V69	0.04128	0.33088	0.60852	0.01933
V70	0.54723	0.16174	0.19788	0.09315
V71	0.20087	0.09624	0.3894	0.31348
V72	0.58549	0.16774	0.10862	0.13815
V73	0.1756	0.60117	0.16853	0.05469
V74	0.06797	0.2367	0.69532	0
V75	0.71148	0	0.21443	0.0741
V76	0.01746	0.2143	0.20346	0.56478
V77	0.0845	0.32944	0	0.58606
V78	0.34393	0.1355	0.1995	0.32107
V79	0.0199	0.13782	0.78212	0.06016
V80	0.36923	0.03791	0.53606	0.0568
V81	0.07569	0.18582	0.73849	0
V82	0.00044	0.11153	0.8841	0.00392
V83	0.18853	0.20985	0.07724	0.52438
V84	0.43463	0.05679	0.17743	0.33115
V85	0.12956	0.3335	0.41209	0.12485
V86	0.07226	0.08983	0.81356	0.02436
V87	0.05879	0.80204	0.09562	0.04356
V88	0.21127	0.08245	0.28639	0.41989
V89	0.07477	0.04402	0.22202	0.65918
V90	0.05498	0.8437	0.10132	0
V91	0.05617	0.71268	0.22464	0.00651
V92	0.47294	0.03477	0.39167	0.10062
V93	0.88866	0.0194	0	0.09194
V94	0.04865	0.48166	0.02854	0.44115
V95	0.27899	0.43585	0.17829	0.10687
V96	0.14628	0.14527	0.01691	0.69154
V97	0.67086	0.10613	0.22301	0
V98	0.70194	0.29657	0	0.00149
V99	0.78217	0.04812	0.16971	0
V100	0.10477	0.06637	0.82042	0.00844
V101	0.10266	0.10365	0	0.79369
V102	0.90059	0.06174	0.01749	0.02019
V103	0.06302	0.08514	0.11344	0.7384
V104	0.0647	0.89632	0.03898	0
V105	0.08816	0.86378	0.04806	0
V106	0.14159	0.50932	0.34277	0.00631
V107	0.20656	0.2236	0.55258	0.01726
V108	0.16366	0.71008	0.12626	0
V109	0.02851	0.19635	0.59375	0.18138
V110	0.08549	0.82924	0.07817	0.0071
V111	0.89321	0	0.10197	0.00482
V112	0.165	0.0903	0.44094	0.30376
V113	0.23754	0.13214	0.19229	0.43803
V114	0.30673	0.06594	0.09066	0.53668
V115	0.02142	0.71905	0.25953	0
V116	0.16423	0.3303	0.38073	0.12474
V117	0.67564	0.25126	0.05162	0.02148
V118	0.19252	0.58296	0.0515	0.17303
V119	0.18418	0.11352	0.052	0.6503
V120	0.10339	0.10754	0.78907	0
V121	0.60701	0.13707	0.10843	0.1475
V122	0.91272	0.00928	0.04465	0.03335
V123	0.02919	0.54337	0.06355	0.36389
V124	0.67071	0.29019	0	0.0391
V125	0.39645	0.40576	0.19779	0
V126	0.09396	0.1908	0.05371	0.66153
V127	0.21368	0.07106	0.2765	0.43877
V128	0.10041	0.04206	0.13385	0.72368
V129	0.57683	0.23515	0.18266	0.00536
V130	0.02056	0.63001	0.34943	0
V131	0.05497	0.87907	0.0141	0.05185
V132	0.89865	0.0032	0.06209	0.03606
V133	0.88168	0.01766	0.08296	0.0177
V134	0.14117	0.4175	0.1458	0.29553
V135	0.14011	0.04489	0.20005	0.61495
V136	0.28277	0.42133	0.01078	0.28512
V137	0.64903	0.04302	0.26216	0.04579
V138	0.23578	0.41238	0.1988	0.15305
V139	0.37603	0.22383	0.21071	0.18943
V140	0.09129	0.13435	0.0623	0.71207
V141	0.08668	0.19059	0.54243	0.1803
V142	0.77879	0	0.22121	0
V143	0.45547	0.27697	0.07724	0.19032
V144	0.2127	0.18663	0.18239	0.41828
V145	0	0.73498	0.26502	0
V146	0.1489	0.04312	0.0532	0.75477
V147	0.88448	0.02794	0.04139	0.04619
V148	0.15633	0.10672	0.57585	0.1611
V149	0.27031	0.491	0.23869	0
V150	0.10843	0.26861	0.57904	0.04392
V151	0.23339	0.61935	0.05661	0.09066
V152	0.25245	0.44392	0.24102	0.06262
V153	0.13581	0.7381	0.04353	0.08256
V154	0.26024	0.44965	0.29011	0
V155	0.47996	0.15905	0.29599	0.065
V156	0.05119	0.17858	0.67979	0.09044
V157	0.32847	0.17943	0.32209	0.17001
V158	0.1062	0.01081	0.08629	0.7967
V159	0.87532	0.07621	0	0.04847
V160	0.71359	0.00238	0.08268	0.20134
V161	0.28661	0.02358	0.04138	0.64843
V162	0.10648	0.33954	0.09297	0.46101
V163	0.12206	0.50382	0.19312	0.181
V164	0.36613	0.3252	0.11838	0.19029
V165	0.05502	0.30616	0	0.63883
V166	0.0572	0.14595	0.08438	0.71247
V167	0.41819	0	0.01326	0.56855
V168	0.30562	0.557	0.10778	0.0296
V169	0.25901	0.08546	0.0397	0.61583
V170	0.14091	0.05357	0.53212	0.27341
V171	0.15241	0.26574	0.57439	0.00746
V172	0.71059	0	0.28941	0
V173	0.0823	0.19274	0.04535	0.6796
V174	0.06037	0.21124	0.08673	0.64166
V175	0.09273	0.04467	0.77416	0.08844
V176	0.02356	0.77005	0.20638	0
V177	0.04224	0.92998	0.01286	0.01491
V178	0.03138	0.76983	0.02911	0.16967
V179	0.206	0.03457	0.39843	0.361
V180	0.04872	0.83407	0.11721	0
V181	0.18697	0.16316	0.53309	0.11678
V182	0.31523	0.2032	0.45503	0.02653
V183	0.20037	0.7652	0.03443	0
V184	0.94577	0	0.05423	0
V185	0.57178	0.3941	0.03412	0
V186	0.1409	0.48441	0.28455	0.09014
V187	0.911	0.00893	0.06548	0.01459
V188	0.10965	0.26971	0	0.62063
V189	0.81846	0.02262	0.03063	0.1283
V190	0.64964	0.02138	0.32898	0
V191	0.20706	0.2334	0.55303	0.00651
V192	0.32652	0.47145	0.06674	0.13528
V193	0.60836	0.0419	0.25395	0.09578
V194	0.06979	0.88349	0.03387	0.01285
V195	0.04454	0.08037	0.86832	0.00676
V196	0.07502	0.14003	0.00783	0.77712
V197	0.46623	0.06667	0.02569	0.44141
V198	0.08624	0.50531	0.38298	0.02547
V199	0.22376	0.04837	0.19598	0.53189
V200	0.16157	0.57955	0.03048	0.2284
V201	0.11926	0.55576	0.21672	0.10826
V202	0.04058	0.06664	0.76119	0.1316
V203	0.18074	0.42522	0.39404	0
V204	0.03945	0.56908	0.0127	0.37877
V205	0.0461	0.10568	0.84127	0.00694
V206	0.07036	0.13567	0.79397	0
V207	0.18895	0.23189	0.05401	0.52516
V208	0.26311	0.09572	0.64117	0
V209	0.32483	0.47113	0.08681	0.11722
V210	0.11204	0.7345	0.12886	0.02459
V211	0.47642	0.02522	0.04022	0.45813
V212	0.5094	0.05937	0.43047	0.00077
V213	0.65287	0.03539	0.12864	0.1831
V214	0.36241	0.18535	0.17852	0.27372
V215	0.3521	0.1301	0.00928	0.50852
V216	0.13925	0.00598	0.07045	0.78432
V217	0.06333	0.50797	0.25729	0.17142
V218	0.12319	0.46742	0.19047	0.21893
V219	0.13744	0.64622	0.02531	0.19104
V220	0.03114	0.81941	0.03392	0.11553
V221	0.82255	0.00673	0.01237	0.15835
V222	0.33487	0.15963	0.37082	0.13469
V223	0.02016	0.18376	0.74634	0.04973
V224	0.9362	0	0.0638	0
V225	0.08242	0.81981	0.09777	0
V226	0.3151	0.10958	0.57533	0
V227	0.78047	0	0.21721	0.00232
V228	0.76505	0.07208	0.08515	0.07772
V229	0.04758	0.07289	0.86056	0.01896
V230	0.08809	0.08249	0.04599	0.78343
V231	0.04607	0.32588	0.12494	0.50311
V232	0.07669	0.67725	0	0.24606
V233	0.57032	0.10229	0.21606	0.11132
V234	0.06847	0.85862	0.07199	0.00091
V235	0.3863	0.08737	0.52248	0.00386
V236	0.06898	0.11497	0.76567	0.05037
V237	0.23908	0.02762	0.04662	0.68669
V238	0.15242	0.545	0.28563	0.01695
V239	0.10665	0.4411	0.02053	0.43172
V240	0.49374	0.05818	0.42477	0.02331
V241	0.04344	0.04968	0.86314	0.04374
V242	0.15057	0.72147	0.12796	0
V243	0.26035	0.07437	0.61709	0.04819
V244	0.23104	0.02815	0.6849	0.05591
V245	0.5997	0.29538	0.06891	0.036
V246	0.0796	0.18958	0.73082	0
V247	0.17504	0.06098	0.76398	0
V248	0.09418	0.07827	0.07018	0.75737
V249	0	0.09471	0.85543	0.04986
V250	0.75736	0	0.24264	0
V251	0.91209	0.05513	0.0217	0.01109
V252	0.02369	0.79003	0.18627	0
V253	0.40142	0.08899	0.17858	0.33101
V254	0.0327	0.87077	0.09653	0
V255	0.07916	0.88624	0.00932	0.02528
V256	0.19622	0.24141	0.50918	0.05319
V257	0.44221	0.11988	0.2479	0.19002
V258	0.19717	0.28778	0.42709	0.08796
V259	0.05402	0.32099	0.61539	0.0096
V260	0	0.3095	0.6905	0
V261	0.62221	0.03859	0.21668	0.12251
V262	0.17682	0.10708	0.00803	0.70807
V263	0.05118	0.91778	0.01235	0.01869
V264	0.19904	0.06597	0.44057	0.29442
V265	0.09795	0.01703	0.17045	0.71457
V266	0.64576	0.32899	0.02525	0
V267	0.00624	0.22483	0.30965	0.45929
V268	0.4291	0.03483	0.15925	0.37682
V269	0.0199	0.55754	0.40529	0.01727
V270	0.64203	0.03244	0.26257	0.06296
V271	0.79357	0.07192	0.04671	0.08779
V272	0.08287	0.80493	0.03731	0.07489
V273	0.14127	0.05994	0.05663	0.74216
V274	0.70589	0	0.20495	0.08916
V275	0.00219	0.0846	0.89559	0.01762
V276	0.5201	0.34303	0.01648	0.12039
V277	0.07041	0.24998	0.17747	0.50215
V278	0.07791	0.09422	0.3103	0.51757
V279	0.68931	0.06427	0.13054	0.11588
V280	0.1062	0.01081	0.08629	0.7967
V281	0.56697	0.0391	0.15732	0.23661
V282	0.08066	0.11483	0.76941	0.0351
V283	0.23431	0.57387	0.08341	0.1084
V284	0.05395	0.84482	0.10123	0
V285	0.09245	0.04647	0.86108	0
V286	0.26466	0.53722	0.13436	0.06377
V287	0.12641	0.82504	0.04272	0.00583
V288	0.03001	0.31476	0.43822	0.217
V289	0.29499	0.24229	0.41932	0.04341
V290	0.81571	0.15064	0.03365	0
V291	0.48391	0.08676	0.42934	0
V292	0.92146	0.01514	0	0.0634
V293	0.3118	0.04568	0.6284	0.01412
V294	0.12998	0.40025	0	0.46977
V295	0.04855	0.22048	0.20961	0.52136
V296	0.19724	0.15593	0.59231	0.05452
V297	0.15651	0.01219	0.1065	0.7248
V298	0.30463	0.12807	0.5673	0
V299	0.11808	0.32084	0.00371	0.55736
V300	0.02214	0.06696	0.26019	0.65071
V301	0.14324	0.15055	0.62556	0.08065
V302	0.6631	0.33654	0	0.00037
V303	0.00224	0.59597	0.39841	0.00339
V304	0.08045	0.06959	0.72546	0.12451
V305	0.14485	0.19512	0.46118	0.19885
V306	0.79126	0.09859	0.07007	0.04007
V307	0.04987	0.88726	0.05406	0.00882
V308	0.24972	0.25471	0.30687	0.18869
V309	0.36439	0.33592	0.02617	0.27352
V310	0.10935	0.34993	0.16679	0.37393
V311	0.52128	0.45298	0.02574	0
V312	0.12066	0.7035	0.17585	0
V313	0.03132	0.16909	0.02686	0.77272
V314	0.03638	0.50813	0.12995	0.32554
V315	0.14764	0.62605	0.05446	0.17185
V316	0.32314	0.16093	0.39038	0.12555
V317	0.11276	0.68906	0.0715	0.12669
V318	0.06923	0.58018	0.0191	0.33149
V319	0.08294	0.10838	0.79465	0.01402
V320	0.09724	0.18208	0.62936	0.09132
V321	0.63579	0.33878	0.02543	0
V322	0.22975	0.3504	0.07713	0.34272
V323	0.12512	0.05183	0.11157	0.71148
V324	0.65404	0.2533	0.09065	0.002
V325	0.31288	0.60323	0.08389	0
V326	0	0.58988	0.12017	0.28995
V327	0.05967	0.19025	0.11818	0.63189
V328	0.07022	0.07116	0.72593	0.13269
V329	0.21603	0.14382	0.18262	0.45753
V330	0.41111	0.02493	0.34677	0.21719
V331	0.39071	0.11235	0.04497	0.45198
V332	0.05051	0.08833	0.20338	0.65778
V333	0.42823	0.09505	0.39478	0.08194
V334	0.3766	0.02689	0.36849	0.22802
V335	0.03899	0.35988	0.51087	0.09026
V336	0.19905	0.68399	0.04183	0.07512
V337	0.29266	0.39983	0.30752	0
V338	0.00052	0.9263	0.0581	0.01507
V339	0.14295	0.03788	0.81916	0
V340	0.07249	0.2609	0.52293	0.14368
V341	0.08926	0.07435	0.08809	0.74829
V342	0.26476	0.02484	0.61059	0.09982
V343	0.92152	0.03141	0.02644	0.02062
V344	0.65551	0.14908	0.19541	0
V345	0.04773	0.08303	0.86924	0
V346	0.25933	0.14256	0.29449	0.30363
V347	0.1085	0.03841	0.15112	0.70198
V348	0.07479	0.64454	0.17185	0.10882
V349	0.3514	0.18855	0.3881	0.07195
V350	0.04106	0.75611	0.20283	0
V351	0.05263	0.0693	0.40997	0.46809
V352	0.07149	0.0647	0.81208	0.05173
V353	0.85728	0.0242	0.05628	0.06224
V354	0.06562	0.6699	0.25205	0.01243
V355	0.29017	0.10358	0.46235	0.1439
V356	0.09957	0.05524	0.12232	0.72287
V357	0.13362	0.35464	0.29235	0.21939
V358	0.56013	0.11935	0.05619	0.26433
V359	0.59417	0.06795	0.03737	0.30051
V360	0.54766	0.41028	0.04207	0
V361	0	0.45279	0.54721	0
V362	0.00309	0.91739	0.06826	0.01127
V363	0.19092	0.15151	0.46838	0.1892
V364	0.17606	0.10129	0.65914	0.06352
V365	0.32661	0.05009	0.0077	0.6156
V366	0.10041	0.6708	0.11188	0.11691
V367	0.59172	0.15465	0	0.25363
V368	0.11118	0.70756	0.1161	0.06516
V369	0.02903	0.40421	0.56676	0
V370	0.30297	0.28791	0.40912	0
V371	0.20855	0.69682	0.05403	0.0406
V372	0.21742	0.08361	0.13305	0.56592
V373	0.10224	0.17771	0.47484	0.24521
V374	0.75904	0.01483	0.22612	0
V375	0.09877	0.07415	0.16219	0.66489
V376	0.09675	0.06797	0.11915	0.71613
V377	0.79896	0	0.01875	0.18229
V378	0.03877	0.07106	0.42151	0.46867
V379	0.37512	0.22534	0.0017	0.39784
V380	0.19477	0.10435	0.21423	0.48665
V381	0.7333	0.01226	0.11277	0.14168
V382	0.10329	0.07857	0.81814	0
V383	0.8232	0	0.0726	0.1042
V384	0.56172	0.0905	0.14668	0.2011
V385	0.83283	0.01291	0.10256	0.0517
V386	0.34469	0.02898	0.16267	0.46366
V387	0.57335	0.16053	0.20746	0.05866
V388	0.37925	0.34025	0.1621	0.1184
V389	0.42454	0.50667	0.02763	0.04117
V390	0.2904	0.26265	0.44696	0
V391	0.45503	0.12879	0.01093	0.40525
V392	0.428	0.2397	0.17913	0.15317
V393	0.28868	0.25133	0.3545	0.10549
V394	0.13312	0.26408	0.1234	0.47939
V395	0.23602	0.4028	0.2188	0.14238
V396	0.03513	0.90255	0.04258	0.01975
V397	0.75589	0.0912	0.12551	0.02741
V398	0.46315	0.15707	0.10568	0.2741
V399	0.20954	0.54329	0.17582	0.07135
V400	0.00527	0.60685	0.08907	0.29882
V401	0.05164	0.19828	0.7009	0.04917
V402	0.77999	0.16388	0.05613	0
V403	0.09113	0.06079	0.09972	0.74837
V404	0.10795	0.23036	0.59933	0.06236
V405	0.26714	0.05599	0.18404	0.49283
V406	0.63729	0.25679	0.02612	0.0798
V407	0.00052	0.9263	0.0581	0.01507
V408	0.10961	0.27674	0.4051	0.20855
V409	0.03726	0.07331	0.07031	0.81911
V410	0.11598	0.81519	0.0649	0.00393
V411	0.48476	0.01598	0	0.49926
V412	0.18133	0.11174	0.49912	0.20781
V413	0.07714	0.50108	0.20307	0.21871
V414	0.05091	0.51326	0.34707	0.08877
V415	0.45985	0.047	0.24792	0.24523
V416	0.02946	0.12323	0.84731	0
V417	0.38659	0.58332	0.03009	0
V418	0.12058	0.14209	0.1559	0.58143
V419	0.09865	0.00834	0.09677	0.79623
V420	0	0.87202	0.05614	0.07184
V421	0.17626	0.0794	0.66257	0.08177
V422	0.12752	0.12267	0	0.74981
V423	0.10477	0.06637	0.82042	0.00844
V424	0	0.099	0.63193	0.26907
V425	0.07265	0.2717	0.58412	0.07153
V426	0.11332	0.09204	0.7542	0.04044
V427	0.09081	0.4209	0.21088	0.27741
V428	0.11231	0.74119	0.08769	0.05881
V429	0.09263	0.01913	0.09774	0.7905
V430	0.73851	0.17496	0.02685	0.05967
V431	0.20908	0.0563	0.45952	0.2751
V432	0.17154	0.13474	0.05132	0.6424
V433	0.08436	0.74171	0.00281	0.17111
V434	0.37911	0.10308	0.05533	0.46248
V435	0.5319	0.01934	0.13726	0.31149
V436	0.42036	0.02428	0.13073	0.42463
V437	0.27601	0.25908	0	0.46491
V438	0.61268	0.1762	0.03714	0.17397
V439	0.10118	0.15768	0	0.74113
V440	0.51611	0.05288	0.03737	0.39364
V441	0.08651	0.17149	0.58891	0.15309
V442	0.32948	0.35749	0.15142	0.1616
V443	0.74223	0.00232	0.11299	0.14246
V444	0.04773	0.08303	0.86924	0
V445	0.60365	0.03155	0.35513	0.00967
V446	0.05823	0.79526	0.09422	0.05229
V447	0.61473	0.10851	0.19747	0.0793
V448	0.06073	0.10741	0.21082	0.62104
V449	0.55324	0.05688	0.31212	0.07775
V450	0.15693	0.79627	0.0468	0
V451	0.90432	0.06419	0	0.03149
V452	0.10867	0.04242	0.10345	0.74546
V453	0.78315	0.08055	0.08827	0.04803
V454	0.00193	0.88358	0.10291	0.01158
V455	0.58906	0.04783	0.31955	0.04356
V456	0.33405	0.14979	0.39012	0.12604
V457	0.037	0.10466	0.03672	0.82162
V458	0.30779	0.25677	0	0.43544
V459	0.03201	0.76865	0.13199	0.06735
V460	0.90327	0.00553	0.06375	0.02744
V461	0.15043	0.09049	0.00306	0.75601
V462	0.3788	0.26335	0	0.35785
V463	0.2652	0.47278	0.18098	0.08104
V464	0.53591	0.11766	0	0.34643
V465	0.41315	0.43087	0.03753	0.11845
V466	0.59461	0.20399	0	0.2014
V467	0.32616	0.55311	0.10874	0.01198
V468	0.49768	0.39766	0.07202	0.03263
V469	0.04186	0.22225	0.3035	0.4324
V470	0.5401	0.14217	0.19748	0.12024
V471	0.31635	0.1413	0.03096	0.51139
V472	0.35108	0.34592	0	0.30299
V473	0.11676	0.53259	0.35065	0
V474	0.18958	0.00355	0.13658	0.67028
V475	0.2119	0.42067	0.09217	0.27526
V476	0.23265	0.03965	0.07187	0.65582
V477	0.59402	0.05111	0.22553	0.12935
V478	0.16167	0.59777	0.01231	0.22825
V479	0.0305	0.13658	0.77257	0.06035
V480	0.12101	0.34794	0.04982	0.48123
V481	0.16341	0.06249	0.7741	0
V482	0.6749	0.17073	0.1343	0.02006
V483	0.18505	0.15011	0.08002	0.58482
V484	0.08823	0.12646	0.03343	0.75187
V485	0.14703	0.72188	0.03223	0.09886
V486	0.2937	0.29245	0.13982	0.27403
V487	0.14103	0.08329	0.10117	0.67451
V488	0	0.05235	0.86759	0.08006
V489	0.22122	0.13681	0.64196	0
V490	0.35943	0.33656	0.07702	0.22699
V491	0.44626	0.45959	0.05368	0.04047
V492	0.04617	0.78371	0.17013	0
V493	0.15977	0	0.00499	0.83524
V494	0.20828	0.19133	0.51146	0.08893
V495	0.2365	0.59464	0.16886	0
V496	0.29399	0.67136	0.00928	0.02537
V497	0.04674	0.04752	0.89598	0.00976
V498	0.35698	0.13619	0.0541	0.45274
V499	0.59299	0.26238	0.14463	0
V500	0.12264	0.16638	0.6968	0.01418
V501	0.04069	0.02327	0.11261	0.82343
V502	0.53736	0.28476	0.17502	0.00286
V503	0.23598	0.13287	0.21298	0.41817
V504	0.25152	0.6733	0.03409	0.04109
V505	0.22116	0.24791	0.26569	0.26523
V506	0.10723	0.28732	0.45368	0.15176
V507	0.60528	0.11775	0.13835	0.13862
V508	0.73266	0.17413	0.0585	0.03471
V509	0.24594	0.0978	0.50418	0.15209
V510	0.22782	0.4949	0.27728	0
V511	0.08063	0.4517	0.05605	0.41162
V512	0.29469	0.07807	0.08971	0.53753
V513	0.09814	0.62544	0.24039	0.03603
V514	0.07815	0.13311	0	0.78874
V515	0.7539	0.07186	0.06433	0.1099
V516	0.89656	0.09839	0	0.00506
V517	0.08809	0.06394	0.2672	0.58077
V518	0.92907	0.05485	0	0.01608
V519	0.0517	0.84252	0.03065	0.07513
V520	0.05676	0.03172	0.6308	0.28071
V521	0.55289	0.06379	0.37535	0.00797
V522	0.01921	0.17537	0.57732	0.2281
V523	0.36576	0.15568	0.26984	0.20873
V524	0.02193	0.74185	0.22697	0.00925
V525	0.29883	0.24303	0.02189	0.43624
V526	0.64132	0.0947	0.08967	0.17431
V527	0.23522	0.05277	0.40838	0.30364
V528	0.12753	0.83062	0.01369	0.02815
V529	0.10614	0.10244	0.23717	0.55425
V530	0.01885	0.24798	0.66094	0.07224
V531	0.03487	0.8135	0.15163	0
V532	0.2109	0.36185	0.02562	0.40163
V533	0.29754	0.37102	0.15118	0.18026
V534	0.03111	0.06503	0.69969	0.20417
V535	0.58718	0	0.01667	0.39615
V536	0.22949	0.00694	0.39768	0.36589
V537	0.56849	0.25875	0.17276	0
V538	0.48172	0.07236	0.09836	0.34757
V539	0.27899	0.43585	0.17829	0.10687
V540	0.21841	0.66414	0.10448	0.01297
V541	0.03928	0.53472	0.08224	0.34376
V542	0.22767	0.16529	0.26487	0.34218
V543	0.86829	0.0028	0.02953	0.09938
V544	0.1527	0.12946	0.18476	0.53308
V545	0.39369	0.17248	0.07459	0.35924
V546	0.07171	0.8205	0.10779	0
V547	0.05252	0.6152	0.33228	0
V548	0.16783	0.71438	0.11779	0
V549	0.32585	0.0645	0.60965	0
V550	0.61442	0.0351	0	0.35048
V551	0.19756	0.70574	0.06472	0.03197
V552	0.00992	0.56465	0.0196	0.40583
V553	0.23511	0.18211	0.58278	0
V554	0.12546	0.1381	0.02303	0.71341
V555	0.11379	0.26715	0.34322	0.27584
V556	0	0.08835	0.88026	0.03139
V557	0.81376	0.03421	0.01674	0.13529
V558	0.09158	0.76115	0.05627	0.09101
V559	0.02254	0.75761	0.21985	0
V560	0.68448	0.31034	0.00518	0
V561	0.00219	0.0846	0.89559	0.01762
V562	0.76714	0.00398	0.14332	0.08556
V563	0.25066	0.03532	0.71402	0
V564	0.08313	0.12752	0.78935	0
V565	0.14298	0.29366	0.38242	0.18095
V566	0.70419	0.1118	0	0.18401
V567	0.24573	0.46542	0.03264	0.25622
V568	0.303	0.02009	0.0681	0.60881
V569	0.69837	0.03211	0	0.26952
V570	0.03996	0.32135	0.60074	0.03795
V571	0.81	0.13443	0	0.05558
V572	0.4463	0.03033	0.44805	0.07531
V573	0.12048	0.21886	0	0.66066
V574	0.05546	0.739	0.20554	0
V575	0.0633	0.12963	0.14228	0.6648
V576	0.17297	0.75552	0.07151	0
V577	0.08821	0.08361	0.22833	0.59985
V578	0.07797	0.11627	0.66233	0.14343
V579	0.02586	0.82776	0.1382	0.00818
V580	0.21437	0.02772	0.13115	0.62675
V581	0.1435	0.127	0	0.7295
V582	0.58646	0.16837	0.03502	0.21015
V583	0.02394	0.09737	0.59522	0.28346
V584	0.50623	0.1781	0.30495	0.01072
V585	0.04425	0.05246	0.45794	0.44535
V586	0.25075	0.04687	0.63676	0.06562
V587	0.27941	0.04974	0.66467	0.00618
V588	0.64281	0.05693	0.02812	0.27214
V589	0.08057	0.77415	0.10248	0.0428
V590	0.06246	0.71661	0.22093	0
V591	0.02587	0.07799	0.23019	0.66595
V592	0.16518	0.07799	0.75683	0
V593	0.59377	0	0.20577	0.20046
V594	0.33883	0.30477	0.34245	0.01395
V595	0.11142	0.07811	0.03925	0.77122
V596	0.06029	0.32371	0.24099	0.375
V597	0	0.58268	0.362	0.05532
V598	0.03829	0.16674	0.79497	0
V599	0.61582	0.31913	0.05477	0.01028
V600	0.36594	0.473	0.06889	0.09217
V601	0.1992	0.3112	0.0889	0.4007
V602	0.11918	0.08918	0.01539	0.77625
V603	0.04267	0.41139	0.01637	0.52958
V604	0.50376	0.14163	0.3507	0.00391
V605	0.08362	0.35922	0.40555	0.1516
V606	0.71824	0.16707	0.01442	0.10028
V607	0.65494	0.0149	0.1289	0.20127
V608	0.2369	0.19674	0.38745	0.17891
V609	0.05198	0.2834	0.25114	0.41348
V610	0.754	0.02299	0.1138	0.10921
V611	0.3438	0.01762	0.06594	0.57264
V612	0.0431	0.14504	0.76754	0.04432
V613	0.05339	0.35743	0.5794	0.00977
V614	0.74637	0.0728	0.06318	0.11765
V615	0.20653	0.09984	0	0.69363
V616	0.10189	0.69073	0.07154	0.13585
V617	0.45362	0.17391	0.37247	0
V618	0.74163	0.00839	0	0.24998
V619	0.39986	0.05241	0.32942	0.21831
V620	0.02056	0.63001	0.34943	0
V621	0.43363	0.18067	0.18778	0.19791
V622	0.35716	0.24636	0.39648	0
V623	0.0633	0.11901	0.16237	0.65532
V624	0.78736	0.20042	0	0.01222
V625	0.27903	0.4938	0.11897	0.1082
V626	0.92452	0.04421	0	0.03126
V627	0.03485	0.06713	0.11247	0.78555
V628	0.02368	0.27484	0.02067	0.68082
V629	0.14742	0.32329	0.29135	0.23794
V630	0.05281	0.35761	0.57108	0.0185
V631	0.05416	0.24129	0.11684	0.5877
V632	0.59897	0	0.15451	0.24651
V633	0	0.09156	0.81445	0.09399
V634	0.38538	0.27277	0.34185	0
V635	0.0529	0.75572	0.02213	0.16924
V636	0.14325	0.14999	0.61705	0.08971
V637	0.33505	0.22865	0.09533	0.34096
V638	0.39486	0.28352	0.07569	0.24593
V639	0.2653	0.41556	0.31913	0
V640	0.05366	0.19898	0.72216	0.02521
V641	0.85525	0.04527	0.04463	0.05485
V642	0.757	0.18118	0	0.06183
V643	0.02143	0.23469	0.45896	0.28492
V644	0.88213	0.08464	0.01761	0.01562
V645	0.26697	0.4078	0.32522	0
V646	0.04351	0.9047	0.04684	0.00495
V647	0.16466	0.13335	0.672	0.02998
V648	0.41206	0.42624	0.16028	0.00142
V649	0.04603	0.11843	0.79815	0.03738
V650	0.07791	0.14135	0.73839	0.04235
V651	0.31158	0.03137	0.65705	0
V652	0.11885	0.13416	0.44345	0.30355
V653	0.14388	0.64364	0.13145	0.08104
V654	0.67841	0.20679	0.07645	0.03836
V655	0.06722	0.58843	0.03311	0.31124
V656	0.25102	0.30767	0.0021	0.43921
V657	0.09388	0.1384	0.0015	0.76622
V658	0.59231	0.22515	0.07003	0.11251
V659	0.33917	0.11857	0.37177	0.17049
V660	0.06117	0.90606	0.01576	0.017
V661	0.08988	0.45075	0.06598	0.39339
V662	0.41512	0.04152	0.46961	0.07375
V663	0.25171	0.11152	0.55506	0.08172
V664	0.21727	0.11015	0.65169	0.02089
V665	0.6745	0.19893	0.05271	0.07387
V666	0.6014	0	0.11555	0.28305
V667	0.74159	0.07337	0.18504	0
V668	0.13374	0.74721	0.11905	0
V669	0.242	0.41694	0.26954	0.07153
V670	0.10878	0.86948	0.01246	0.00928
V671	0.3624	0.30197	0.27271	0.06292
V672	0.0439	0.08412	0.84868	0.02331
V673	0.24542	0.3812	0.24882	0.12456
V674	0.71036	0.15895	0.02272	0.10797
V675	0.15514	0.35183	0.33256	0.16047
V676	0.07482	0.15877	0.11927	0.64714
V677	0.38844	0.40548	0.1152	0.09089
V678	0.51074	0.4538	0.03546	0
V679	0.06103	0.33316	0.60582	0
V680	0.3118	0.52389	0.16431	0
V681	0.86762	0.07518	0.02432	0.03288
V682	0.13044	0.32402	0.53931	0.00622
V683	0.04034	0.8995	0.06016	0
V684	0.6771	0.16915	0.11535	0.0384
V685	0.48752	0.34566	0.14543	0.02138
V686	0.13259	0.22328	0.16481	0.47932
V687	0.11764	0.05757	0.04993	0.77486
V688	0.3893	0.50949	0	0.10121
V689	0.31519	0	0.06516	0.61965
V690	0.46455	0.06825	0.42706	0.04014
V691	0.17148	0.03815	0.79038	0
V692	0.09899	0.18464	0.67686	0.03951
V693	0.25171	0.14417	0.37687	0.22725
V694	0.04669	0.06826	0.31019	0.57486
V695	0.29208	0.02152	0.17479	0.51162
V696	0.15067	0.13902	0.00581	0.70449
V697	0.0793	0.12514	0.01046	0.7851
V698	0.82164	0.00367	0.02347	0.15121
V699	0.55466	0.29295	0.08366	0.06873
V700	0.29838	0.05387	0	0.64775
V701	0.13558	0.53249	0.13233	0.19961
V702	0.56774	0.0994	0.00393	0.32892
V703	0.16156	0.09267	0.49095	0.25482
V704	0.8051	0.05255	0.03786	0.10449
V705	0.91653	0	0.03837	0.0451
V706	0.10153	0.10066	0.73985	0.05796
V707	0.05498	0.44173	0.49616	0.00713
V708	0.06153	0.83202	0.05378	0.05267
V709	0.15096	0.29275	0.51219	0.0441
V710	0.594	0.22531	0.05911	0.12159
V711	0.1128	0.74815	0.13086	0.00818
V712	0.81143	0.06406	0.00395	0.12056
V713	0.44606	0.31634	0.03889	0.19871
V714	0.02843	0.674	0.04372	0.25385
V715	0.30656	0.34484	0.31471	0.0339
V716	0.10752	0.08711	0.06276	0.7426
V717	0.10945	0.87273	0.01648	0.00133
V718	0.16482	0.54883	0.20554	0.08081
V719	0.08109	0.69567	0.06182	0.16142
V720	0.68958	0	0.25406	0.05636
V721	0.14424	0.20533	0.47068	0.17975
V722	0.13408	0.37937	0.00591	0.48065
V723	0.18195	0.13104	0	0.68702
V724	0.59151	0.03748	0.09818	0.27283
V725	0	0.1501	0.82802	0.02188
V726	0.06352	0.41576	0.13738	0.38334
V727	0.27105	0.60827	0.12068	0
V728	0.049	0.81544	0.13556	0
V729	0.43793	0.02557	0.17727	0.35923
V730	0.8623	0.03592	0.06835	0.03344
V731	0.04434	0.24273	0.40738	0.30555
V732	0.36152	0.10662	0.36064	0.17122
V733	0.63427	0.20192	0.04105	0.12276
V734	0.23741	0.31284	0.44975	0
V735	0.0479	0.072	0.49206	0.38805
V736	0.2271	0.03897	0.00946	0.72448
V737	0.33389	0.30507	0.25369	0.10735
V738	0.09432	0.35555	0.4521	0.09802
V739	0	0.06222	0.62028	0.3175
V740	0.81423	0.0913	0.09286	0.00161
V741	0.49396	0.12477	0.13662	0.24466
V742	0.40119	0.55826	0.04055	0
V743	0.15242	0.18124	0.66634	0
V744	0.51382	0.06009	0.34273	0.08335
V745	0.03084	0.67356	0.21376	0.08183
V746	0.96046	0	0	0.03954
V747	0.08203	0.03438	0.71299	0.1706
V748	0.14401	0.14795	0.57411	0.13393
V749	0.31945	0.21067	0.05239	0.41749
V750	0.42085	0.45669	0.03104	0.09142
V751	0.07204	0.81606	0.07523	0.03666
V752	0.4591	0.24571	0.14952	0.14567
V753	0.11953	0.0892	0	0.79127
V754	0.0366	0.90218	0.01454	0.04668
V755	0.17151	0.2316	0.34979	0.2471
V756	0.10268	0.048	0.0825	0.76681
V757	0.3463	0.55803	0.09083	0.00484
V758	0.06558	0.72605	0.15795	0.05042
V759	0.15643	0.10047	0.41098	0.33212
V760	0.3172	0.08591	0.29285	0.30404
V761	0.08493	0.56325	0.29769	0.05414
V762	0.01132	0.42569	0.02302	0.53996
V763	0.40147	0.3694	0.03045	0.19868
V764	0.03261	0.88203	0.03945	0.04591
V765	0.67825	0.09479	0	0.22696
V766	0.02914	0.35395	0.44729	0.16962
V767	0.47665	0.14809	0.25723	0.11804
V768	0.08725	0.84837	0.05601	0.00837
V769	0.16351	0.77362	0.06287	0
V770	0.04351	0.9047	0.04684	0.00495
V771	0.18329	0.06032	0.75639	0
V772	0.14949	0.09097	0.75954	0
V773	0.1846	0.78326	0.03214	0
V774	0.04728	0.04522	0.88181	0.02569
V775	0.1576	0.07696	0.29735	0.46809
V776	0.43087	0.41844	0.06791	0.08279
V777	0.21797	0.15478	0.15117	0.47608
V778	0.52919	0.28754	0.0806	0.10267
V779	0.19412	0.0801	0.49892	0.22686
V780	0.12232	0.71392	0.16375	0
V781	0.13028	0.08021	0.04126	0.74825
V782	0.02041	0.17465	0.76077	0.04417
V783	0.7773	0.0223	0.06615	0.13426
V784	0.13202	0.82118	0.0468	0
V785	0.06845	0.87274	0.04575	0.01306
V786	0.69516	0.1682	0.10604	0.0306
V787	0	0.79571	0.20429	0
V788	0.49791	0.30694	0.17457	0.02058
V789	0.10844	0.40042	0.02957	0.46156
V790	0.48432	0.04197	0.08917	0.38454
V791	0.15255	0.38947	0.3423	0.11568
V792	0.1647	0.55161	0.00841	0.27529
V793	0.14703	0.64311	0.05604	0.15382
V794	0.06725	0.13311	0.75016	0.04948
V795	0.1772	0.08272	0.06856	0.67151
V796	0.05087	0.13873	0.80271	0.00769
V797	0.74365	0	0.25346	0.00289
V798	0.60514	0.29408	0.10078	0
V799	0.15658	0.73987	0.05437	0.04918
V800	0.09997	0.06769	0.52236	0.30997
V801	0.16731	0.16124	0.3392	0.33225
V802	0.07484	0.12566	0.29006	0.50943
V803	0.22356	0.49199	0.28445	0
V804	0.51751	0.03371	0.39817	0.05061
V805	0.05336	0.04163	0.90501	0
V806	0.07626	0.85631	0.04354	0.02389
V807	0.30286	0.19361	0.02995	0.47359
V808	0.64679	0.27177	0.06139	0.02005
V809	0.06533	0.09454	0.84013	0
V810	0.0478	0.93012	0.01388	0.00819
V811	0.43748	0.09861	0.21761	0.2463
V812	0.54257	0.27711	0.06019	0.12014
V813	0.5776	0.20847	0.20993	0.00399
V814	0.42859	0.4999	0.07151	0
V815	0.00445	0.86784	0.12771	0
V816	0.90603	0	0.09397	0
V817	0.05393	0.13094	0.81514	0
V818	0.03705	0.11172	0.06222	0.78902
V819	0.799	0.09007	0.07005	0.04088
V820	0.19651	0.14794	0.0121	0.64345
V821	0.22896	0.33248	0.39558	0.04299
V822	0.09463	0.0787	0.8176	0.00907
V823	0.03966	0.23672	0.65997	0.06366
V824	0.09476	0.37772	0.52752	0
V825	0.23766	0.31479	0.2666	0.18095
V826	0.42366	0.40009	0.17625	0
V827	0.38748	0.57006	0.03387	0.00859
V828	0.26026	0.20339	0.11827	0.41809
V829	0.08238	0.29036	0.04012	0.58715
V830	0.26455	0.26688	0.02149	0.44707
V831	0.75446	0.10131	0.04283	0.1014
V832	0.27965	0.40696	0.18757	0.12582
V833	0.16719	0.50548	0.20296	0.12436
V834	0.33479	0.10573	0.08746	0.47203
V835	0.36306	0.44334	0.13928	0.05431
V836	0.03433	0.68151	0.02187	0.2623
V837	0.23655	0.39329	0.20802	0.16214
V838	0.89242	0.04991	0.05487	0.0028
V839	0.30253	0.56959	0.12788	0
V840	0.29672	0.66759	0.03569	0
V841	0.00082	0.10502	0.85009	0.04408
V842	0.36208	0.19561	0.27094	0.17138
V843	0.04023	0.08172	0.8259	0.05215
V844	0.14466	0.13154	0.39112	0.33268
V845	0.08798	0.15792	0.71227	0.04183
V846	0	0.06971	0.75821	0.17208
V847	0.04176	0.02525	0.10071	0.83228
V848	0.11017	0.51444	0.19361	0.18178
V849	0	0.91418	0.04981	0.03601
V850	0.92047	0	0.04523	0.0343
V851	0.32944	0.49914	0.17142	0
V852	0.16245	0.0884	0.14574	0.60341
V853	0.25398	0.25484	0.4044	0.08679
V854	0.58131	0.18702	0.11986	0.11181
V855	0.04176	0.02525	0.10071	0.83228
V856	0.06316	0.38049	0.36647	0.18987
V857	0.66123	0.19043	0.04178	0.10655
V858	0.53905	0.02878	0.43217	0
V859	0.64698	0.24663	0.02601	0.08038
V860	0.23993	0.15723	0.05471	0.54813
V861	0.10156	0.36523	0.53321	0
V862	0.15408	0.13534	0.68794	0.02264
V863	0.26186	0.09154	0	0.64659
V864	0.14095	0.07846	0.06703	0.71356
V865	0.1632	0.03437	0.2878	0.51463
V866	0.70504	0.02658	0.26838	0
V867	0.69859	0.03579	0.26562	0
V868	0.50153	0.28824	0.153	0.05723
V869	0.05605	0.90161	0.0414	0.00094
V870	0.14421	0.37781	0.0167	0.46128
V871	0	0.91418	0.04981	0.03601
V872	0.05362	0.05777	0.26939	0.61923
V873	0.85058	0.0349	0.07547	0.03905
V874	0.20467	0.73323	0.0621	0
V875	0.0464	0.242	0.21939	0.49221
V876	0.1735	0.34722	0.41736	0.06192
V877	0.06363	0.42079	0.31612	0.19946
V878	0.14457	0.75485	0.10058	0
V879	0.20926	0.663	0.07005	0.05768
V880	0.3232	0.54244	0.01541	0.11895
V881	0.16692	0.08628	0.59418	0.15262
V882	0.77959	0	0.14859	0.07182
V883	0.27528	0.21689	0.50783	0
V884	0.06376	0.31432	0	0.62191
V885	0.68561	0.20716	0.10723	0
V886	0.02888	0.39087	0.47342	0.10682
V887	0.62212	0.07885	0.17689	0.12214
V888	0.12253	0.09766	0.71481	0.065
V889	0.87697	0.05691	0.03909	0.02704
V890	0.04979	0.19513	0.61007	0.14501
V891	0.60692	0.06669	0.29997	0.02642
V892	0.32329	0.22062	1e-05	0.45608
V893	0.56041	0.22715	0.17096	0.04148
V894	0.08576	0.33642	0.56889	0.00893
V895	0.58103	0.08216	0.21524	0.12157
V896	0.06979	0.88349	0.03387	0.01285
V897	0.67958	0.26035	0.01147	0.04859
V898	0.50648	0	0.01053	0.48299
V899	0.0618	0.24047	0.15719	0.54054
V900	0.09706	0.32816	0.37515	0.19964
V901	0.0618	0.81222	0.02769	0.09829
V902	0.07424	0.83584	0.08992	0
V903	0.01962	0.43647	0.52739	0.01652
V904	0.05948	0.92699	0.01084	0.00269
V905	0.20666	0	0.21045	0.5829
V906	0.42456	0.11832	0.11699	0.34013
V907	0.43466	0.49654	0.03732	0.03148
V908	0.06316	0.0974	0.09438	0.74506
V909	0.15834	0.78139	0.01172	0.04856
V910	0.22584	0	0.15121	0.62295
V911	0.51106	0.3888	0.05044	0.0497
V912	0.39219	0.34035	0.14084	0.12662
V913	0.20607	0	0.03312	0.76081
V914	0.19651	0.48497	0.31203	0.00649
V915	0.29277	0	0.02317	0.68406
V916	0.25935	0.09609	0.62294	0.02161
V917	0.69285	0.03652	0.18768	0.08294
V918	0.06267	0.61379	0.25981	0.06373
V919	0.21633	0.2675	0.30821	0.20796
V920	0.59645	0.21443	0.11186	0.07726
V921	0.08198	0.21251	0.03295	0.67255
V922	0.11825	0.46482	0.40072	0.01621
V923	0.15878	0.05345	0.06341	0.72436
V924	0.05622	0.64385	0.29831	0.00162
V925	0.24761	0.07141	0.00884	0.67214
V926	0.26499	0.052	0.0357	0.64731
V927	0.08806	0.08715	0.07594	0.74885
V928	0.07459	0.84907	0.03103	0.0453
V929	0.07559	0.62893	0.15996	0.13553
V930	0.50385	0.37245	0.04744	0.07626
V931	0.15101	0.30214	0.50301	0.04384
V932	0.05286	0.16491	0.60221	0.18002
V933	0.58821	0.37985	0.03194	0
V934	0.03243	0.20251	0.29293	0.47213
V935	0.54064	0.18301	0.22689	0.04945
V936	0.52689	0.2872	0.02097	0.16494
V937	0.54279	0.15105	0.0964	0.20976
V938	0.38965	0.07256	0.3207	0.21709
V939	0.74204	0.02235	0.0935	0.14211
V940	0.04463	0.74812	0.18909	0.01816
V941	0.01083	0.05636	0.9128	0.02001
V942	0.71194	0.19515	0.08928	0.00363
V943	0.39027	0.15884	0.42301	0.02788
V944	0.05113	0.31414	0.07397	0.56076
V945	0.55427	0.35612	0.02058	0.06904
V946	0.44508	0.2755	0.27154	0.00789
V947	0.12853	0.09065	0.24596	0.53485
V948	0.34077	0.06385	0.59538	0
V949	0.01466	0.16311	0.22664	0.59558
V950	0.07386	0.53635	0.23663	0.15316
V951	0.79958	0.02154	0.17888	0
V952	0.10357	0.17498	0.27955	0.44189
V953	0.03911	0.11168	0.82754	0.02167
V954	0.07404	0.22858	0.15711	0.54026
V955	0.14969	0.59992	0.04151	0.20889
V956	0.06835	0.07159	0.52036	0.3397
V957	0.3855	0.02948	0	0.58502
V958	0.15977	0	0.00499	0.83524
V959	0.23983	0.28452	0.43226	0.04339
V960	0.26546	0.30702	0.08532	0.3422
V961	0.15168	0.398	0.36195	0.08837
V962	0.36084	0.19876	0.39668	0.04372
V963	0.57331	0.18835	0.17975	0.05859
V964	0.8047	0.03562	0.12674	0.03294
V965	0.07646	0.51008	0.21377	0.19969
V966	0.91639	0.02837	0.02308	0.03215
V967	0.08685	0.09065	0.53191	0.29059
V968	0	0.20374	0.75197	0.04429
V969	0.04159	0.33392	0.04401	0.58048
V970	0.05936	0.16978	0.43653	0.33433
V971	0.48846	0.11095	0.34304	0.05755
V972	0.51146	0.22324	0.05605	0.20926
V973	0.28654	0.43067	0.09323	0.18957
V974	0.02133	0.7509	0.16953	0.05824
V975	0.1103	0.3072	0.5825	0
V976	0.4406	0.26777	0.12887	0.16276
V977	0.31199	0.35086	0.33716	0
V978	0.12423	0.13723	0.07667	0.66187
V979	0.77316	0.02272	0.20412	0
V980	0.96046	0	0	0.03954
V981	0.34774	0.06013	0.43995	0.15217
V982	0.43976	0.39816	0.09771	0.06437
V983	0.70807	0.07284	0	0.2191
V984	0.03474	0.7894	0.15406	0.0218
V985	0.12823	0.23601	0	0.63576
V986	0.33229	0.51374	0.07179	0.08218
V987	0.26049	0.72304	0.01607	4e-04
V988	0.27939	0.04329	0.01444	0.66288
V989	0.4393	0.4555	0.1052	0
V990	0	0.10801	0.78153	0.11046
V991	0.64341	0.35651	0	8e-05
V992	0.22644	0.04043	0.52469	0.20844
V993	0.08785	0.68517	0.20442	0.02256
V994	0.20307	0.73542	0.06151	0
V995	0.72037	0.12085	0.04135	0.11743
V996	0.31761	0.16177	0	0.52062
V997	0.04059	0.06922	0.80052	0.08968
V998	0.83971	0.01262	0.09362	0.05405
V999	0.14479	0.84307	0.01214	0
V1000	0.3654	0.03944	0	0.59516
