cytotoxic.CD56.dim.NK.cell	memory.CD4.pos.AB.T.cell	memory.B.cell	CD14.pos.CD16.neg.classical.monocyte
V1	0.61597	0.01212	0.16302	0.20889
V2	0.18298	0.09332	0.0621	0.66159
V3	0.05566	0.68419	0.0141	0.24606
V4	0.86837	0.11748	0	0.01415
V5	0.11517	0.50542	0.25299	0.12642
V6	0.07357	0.89346	0.01793	0.01505
V7	0.16375	0.39324	0.08755	0.35547
V8	0.13959	0.04545	0.79069	0.02427
V9	0.27817	0.25194	0.04104	0.42884
V10	0.02074	0.05417	0.88596	0.03913
V11	0.22205	0.36574	0.40758	0.00463
V12	0.0251	0.61642	0.34828	0.0102
V13	0.26867	0.71199	0.0047	0.01464
V14	0.06672	0.92256	0.00615	0.00457
V15	0.1243	0.63978	0.11428	0.12164
V16	0.9184	0.04724	0.0151	0.01926
V17	0.08394	0.8896	0.01143	0.01502
V18	0.59564	0.34211	0.0363	0.02596
V19	0.15813	0.82739	0.00509	0.00938
V20	0.18353	0.50287	0.02139	0.29221
V21	0.14053	0.07005	0.7652	0.02422
V22	0.0198	0.09814	0.2477	0.63436
V23	0.40768	0.05443	0.53287	0.00502
V24	0.9254	0.04673	0.0277	0.00017
V25	0.39309	0.2362	0.12914	0.24156
V26	0.42919	0.39828	0.01759	0.15494
V27	0.12403	0.06403	0.03172	0.78021
V28	0.00433	0.10454	0.88897	0.00216
V29	0.47227	0.03731	0.4687	0.02172
V30	0.11179	0.22209	0.30667	0.35944
V31	0.23216	0.18958	0.31582	0.26244
V32	0.10013	0.03393	0.04703	0.81891
V33	0.04417	0.52712	0.35337	0.07534
V34	0.13975	0.0559	0.78013	0.02423
V35	0.16287	0.74531	0.07078	0.02104
V36	0.00845	0.04364	0.5403	0.40761
V37	0.61562	0.0628	0.09216	0.22942
V38	0.49253	0.00826	0.1773	0.32191
V39	0.1736	0.59923	0.12263	0.10455
V40	0.09689	0.83575	0.06719	0.00017
V41	0.0061	0.73937	0.04484	0.20969
V42	0.26673	0.02817	0.23429	0.47081
V43	0.13912	0.34868	0.489	0.0232
V44	0.01639	0.07807	0.77202	0.13352
V45	0.09918	0.62532	0.20969	0.06581
V46	0.81562	0.07645	0.1039	0.00403
V47	0.48972	0.17928	0.29623	0.03477
V48	0.81262	0.16975	0.00367	0.01397
V49	0.76189	0.18237	0	0.05574
V50	0.0648	0.85888	0.07208	0.00424
V51	0.33213	0.40671	0.23955	0.02161
V52	0.02807	0.12254	0.82439	0.025
V53	0.74175	0.1262	0.13189	0.00016
V54	0.45727	0.18522	0.34222	0.01529
V55	0.25144	0.12332	0.2635	0.36174
V56	0.05607	0.02069	0.11832	0.80493
V57	0.09478	0.87745	0.01835	0.00942
V58	0.71143	0.0107	0.04049	0.23738
V59	0.46118	0.41025	0.0951	0.03347
V60	0.15207	0.14873	0.3618	0.3374
V61	0.83819	0.0976	0.0089	0.05531
V62	0.89223	0.04225	0.05672	0.0088
V63	0.01519	0.86406	0.10547	0.01528
V64	0.00716	0.89744	0.00113	0.09426
V65	0.0196	0.01303	0.14333	0.82404
V66	0.22007	0.7166	0.01679	0.04655
V67	0.16327	0.33834	0.48801	0.01038
V68	0.19362	0.16033	0.0304	0.61565
V69	0.02534	0.32133	0.6155	0.03782
V70	0.59922	0.13878	0.16964	0.09236
V71	0.19056	0.06611	0.41408	0.32925
V72	0.63583	0.14644	0.08856	0.12917
V73	0.15776	0.64939	0.12867	0.06418
V74	0.06229	0.24179	0.69475	0.00117
V75	0.75095	0.01228	0.17312	0.06365
V76	0.00085	0.19314	0.21799	0.58802
V77	0.04309	0.3469	0.01481	0.5952
V78	0.36167	0.1079	0.19879	0.33164
V79	0.00841	0.10635	0.81665	0.06859
V80	0.38367	0.02915	0.52334	0.06384
V81	0.0613	0.17599	0.75683	0.00588
V82	0.00298	0.10391	0.88533	0.00777
V83	0.16268	0.19223	0.08688	0.5582
V84	0.46335	0.04087	0.17022	0.32557
V85	0.11773	0.32517	0.41894	0.13817
V86	0.04984	0.0697	0.84878	0.03169
V87	0.03221	0.87314	0.04754	0.0471
V88	0.19748	0.05558	0.3061	0.44084
V89	0.02354	0.02024	0.25834	0.69788
V90	0.02485	0.91745	0.04808	0.00961
V91	0.03311	0.7748	0.17047	0.02162
V92	0.50332	0.02655	0.37027	0.09986
V93	0.91089	0.02374	0	0.06537
V94	0.01687	0.51845	0.02653	0.43814
V95	0.28194	0.45177	0.15178	0.11451
V96	0.08978	0.11733	0.039	0.75388
V97	0.70967	0.10386	0.18237	0.0041
V98	0.69211	0.29889	0	0.009
V99	0.81488	0.05315	0.12788	0.0041
V100	0.08425	0.05748	0.83977	0.01849
V101	0.03485	0.07204	0.01702	0.87608
V102	0.92607	0.06094	0.00397	0.00902
V103	0.01413	0.06017	0.12914	0.79656
V104	0.02788	0.96058	0.0068	0.00475
V105	0.056	0.9265	0.01296	0.00455
V106	0.12422	0.5378	0.30879	0.02919
V107	0.20323	0.19855	0.56103	0.03719
V108	0.15065	0.76687	0.0823	0.00018
V109	0.01557	0.15944	0.63325	0.19174
V110	0.05323	0.89931	0.03237	0.01508
V111	0.91867	0.0182	0.05885	0.00429
V112	0.14873	0.05883	0.47464	0.3178
V113	0.22775	0.1047	0.20218	0.46538
V114	0.30169	0.04651	0.09513	0.55667
V115	0.00763	0.78334	0.2044	0.00463
V116	0.15654	0.32246	0.38305	0.13795
V117	0.70077	0.24516	0.02848	0.02559
V118	0.1745	0.62248	0.03426	0.16875
V119	0.1437	0.08623	0.0653	0.70477
V120	0.08449	0.08783	0.81564	0.01205
V121	0.65938	0.11711	0.08798	0.13552
V122	0.95657	0.0238	0.0105	0.00913
V123	0.00681	0.58389	0.05006	0.35925
V124	0.67681	0.28575	0	0.03743
V125	0.40955	0.41854	0.15704	0.01487
V126	0.04658	0.17523	0.06689	0.71129
V127	0.19827	0.04661	0.29552	0.45961
V128	0.04117	0.02069	0.15219	0.78595
V129	0.61499	0.22128	0.14327	0.02046
V130	0.00752	0.68712	0.30056	0.0048
V131	0.02428	0.92249	0.00089	0.05235
V132	0.94321	0.02036	0.02235	0.01408
V133	0.91999	0.02815	0.04299	0.00887
V134	0.12132	0.43154	0.13752	0.30962
V135	0.09795	0.02412	0.22482	0.6531
V136	0.27469	0.43336	0.01344	0.27852
V137	0.69429	0.03789	0.2224	0.04542
V138	0.23578	0.42443	0.17904	0.16075
V139	0.40553	0.20096	0.19879	0.19472
V140	0.03784	0.10991	0.07365	0.77859
V141	0.07024	0.15574	0.58009	0.19393
V142	0.79599	0.02538	0.17827	0.00036
V143	0.48686	0.26155	0.06672	0.18487
V144	0.20039	0.15978	0.19048	0.44936
V145	0.00101	0.79071	0.20356	0.00473
V146	0.07781	0.02412	0.05259	0.84548
V147	0.9293	0.03097	0.0151	0.02464
V148	0.14389	0.07482	0.61125	0.17004
V149	0.2741	0.52587	0.19578	0.00425
V150	0.09201	0.24658	0.60027	0.06114
V151	0.21647	0.65946	0.03193	0.09214
V152	0.25269	0.46388	0.20994	0.07348
V153	0.10697	0.79232	0.01792	0.08279
V154	0.25782	0.46842	0.25188	0.02188
V155	0.52383	0.13472	0.27061	0.07084
V156	0.03591	0.14322	0.71923	0.10164
V157	0.34821	0.15166	0.32206	0.17807
V158	0.03516	0.00966	0.06453	0.89066
V159	0.89916	0.07046	0	0.03038
V160	0.75543	0.01213	0.06101	0.17143
V161	0.26897	0.01457	0.0446	0.67186
V162	0.07583	0.34536	0.09474	0.48407
V163	0.10384	0.53609	0.17087	0.1892
V164	0.38502	0.31696	0.10677	0.19125
V165	0.01177	0.33435	0.00899	0.6449
V166	0.01216	0.12371	0.09764	0.76649
V167	0.43124	0.00723	0.01451	0.54702
V168	0.29903	0.58878	0.07132	0.04087
V169	0.2383	0.06074	0.05108	0.64987
V170	0.1213	0.03121	0.56769	0.2798
V171	0.14033	0.24728	0.58187	0.03052
V172	0.73435	0.02239	0.23885	0.00442
V173	0.03454	0.17959	0.05802	0.72785
V174	0.02091	0.19944	0.09815	0.6815
V175	0.06956	0.04019	0.79257	0.09769
V176	0.00767	0.83867	0.1491	0.00455
V177	0.01007	0.97877	0.00089	0.01027
V178	0.00648	0.82693	0.00738	0.15921
V179	0.18957	0.01998	0.42291	0.36754
V180	0.02836	0.90225	0.0692	0.00019
V181	0.18265	0.13084	0.55915	0.12736
V182	0.33037	0.17905	0.44674	0.04384
V183	0.17997	0.81036	0.00536	0.00432
V184	0.95973	0.02756	0.01244	0.00027
V185	0.57209	0.41377	0.01013	0.00401
V186	0.12707	0.51333	0.25981	0.09979
V187	0.94646	0.02521	0.02399	0.00434
V188	0.07066	0.28723	0.00824	0.63387
V189	0.85852	0.02553	0.01553	0.10042
V190	0.68024	0.02948	0.2858	0.00448
V191	0.20285	0.21021	0.55684	0.0301
V192	0.32893	0.4875	0.04888	0.1347
V193	0.65442	0.03608	0.22041	0.08909
V194	0.0349	0.944	0.00586	0.01524
V195	0.01518	0.07608	0.90081	0.00794
V196	0.01919	0.11171	0.02884	0.84026
V197	0.49022	0.05026	0.03124	0.42829
V198	0.06605	0.53335	0.35654	0.04406
V199	0.20316	0.02987	0.20936	0.55761
V200	0.13879	0.61914	0.02018	0.2219
V201	0.10102	0.59828	0.18538	0.11532
V202	0.01758	0.0453	0.79845	0.13867
V203	0.17281	0.44595	0.36528	0.01595
V204	0.00743	0.61537	0.01057	0.36663
V205	0.02112	0.08984	0.87615	0.0129
V206	0.05204	0.12227	0.81927	0.00642
V207	0.16182	0.21738	0.0663	0.5545
V208	0.27041	0.08126	0.63755	0.01078
V209	0.3282	0.48726	0.06555	0.11899
V210	0.08434	0.80127	0.08025	0.03414
V211	0.50107	0.01834	0.04075	0.43983
V212	0.54104	0.0495	0.39422	0.01524
V213	0.70141	0.03226	0.10411	0.16222
V214	0.38503	0.16	0.17275	0.28221
V215	0.3543	0.10461	0.02648	0.51461
V216	0.06081	0.00813	0.05261	0.87845
V217	0.04472	0.53828	0.23612	0.18089
V218	0.10563	0.49015	0.17477	0.22945
V219	0.11165	0.69301	0.01285	0.1825
V220	0.0065	0.877	0.0065	0.10999
V221	0.85559	0.01419	0.00485	0.12537
V222	0.35739	0.13119	0.37049	0.14093
V223	0.00786	0.15208	0.77911	0.06096
V224	0.95	0.02569	0.02403	0.00027
V225	0.05474	0.89217	0.04875	0.00434
V226	0.3313	0.09422	0.56406	0.01043
V227	0.80616	0.01735	0.16747	0.00902
V228	0.8165	0.06374	0.057	0.06277
V229	0.0217	0.06608	0.89278	0.01944
V230	0.02533	0.05322	0.0494	0.87205
V231	0.01723	0.3242	0.13029	0.52827
V232	0.04509	0.72184	0.0025	0.23057
V233	0.62281	0.08292	0.18803	0.10623
V234	0.03463	0.92979	0.02597	0.0096
V235	0.4059	0.06915	0.50274	0.02221
V236	0.04766	0.08461	0.80707	0.06066
V237	0.20519	0.01624	0.04893	0.72963
V238	0.13559	0.58207	0.24642	0.03591
V239	0.07378	0.46589	0.02551	0.43482
V240	0.52647	0.04584	0.39348	0.03421
V241	0.01969	0.05079	0.87652	0.05301
V242	0.12863	0.78307	0.079	0.0093
V243	0.26284	0.0545	0.62428	0.05837
V244	0.22325	0.03327	0.67827	0.0652
V245	0.62769	0.29013	0.04352	0.03866
V246	0.05959	0.16688	0.75565	0.01788
V247	0.17662	0.06389	0.7581	0.00138
V248	0.03258	0.05195	0.0749	0.84056
V249	0.00218	0.07425	0.87043	0.05314
V250	0.78219	0.02019	0.19334	0.00428
V251	0.93389	0.05734	0.0044	0.00437
V252	0.00994	0.85678	0.13299	3e-04
V253	0.42678	0.06757	0.17295	0.3327
V254	0.00857	0.94368	0.04316	0.00459
V255	0.04387	0.92847	0.00076	0.0269
V256	0.19343	0.21692	0.52113	0.06851
V257	0.48114	0.09495	0.23556	0.18834
V258	0.19562	0.27089	0.43154	0.10195
V259	0.03582	0.31026	0.62313	0.03079
V260	0.00184	0.31398	0.67827	0.00591
V261	0.67157	0.03395	0.18398	0.11049
V262	0.1232	0.07425	0.03108	0.77147
V263	0.01749	0.96627	0.00075	0.0155
V264	0.18775	0.04117	0.46822	0.30285
V265	0.04057	0.01192	0.18583	0.76168
V266	0.63634	0.35774	0.00582	1e-04
V267	0.00074	0.19516	0.32857	0.47552
V268	0.4512	0.02529	0.15239	0.37113
V269	0.00654	0.58858	0.36867	0.03622
V270	0.68754	0.02976	0.22376	0.05894
V271	0.83986	0.06336	0.02797	0.0688
V272	0.05222	0.86145	0.01171	0.07461
V273	0.07401	0.03592	0.06024	0.82983
V274	0.74548	0.01153	0.1655	0.07749
V275	0.00322	0.08244	0.90591	0.00843
V276	0.54088	0.33821	0.00999	0.11093
V277	0.03967	0.23354	0.18889	0.5379
V278	0.04086	0.06386	0.34642	0.54885
V279	0.74357	0.05549	0.10031	0.10064
V280	0.03516	0.00966	0.06453	0.89066
V281	0.61148	0.03128	0.13727	0.21996
V282	0.05885	0.08638	0.80903	0.04573
V283	0.22146	0.611	0.05727	0.11027
V284	0.02592	0.91999	0.04964	0.00445
V285	0.07976	0.06465	0.8538	0.00179
V286	0.25843	0.5699	0.1004	0.07127
V287	0.09452	0.87914	0.01135	0.01499
V288	0.01508	0.29361	0.45821	0.2331
V289	0.30767	0.2198	0.41322	0.05931
V290	0.8126	0.17577	0.01152	0.00011
V291	0.51833	0.07553	0.39648	0.00966
V292	0.94356	0.0208	0	0.03564
V293	0.31583	0.03738	0.61751	0.02928
V294	0.10104	0.42875	0.00523	0.46498
V295	0.01797	0.1996	0.22638	0.55604
V296	0.19164	0.12621	0.61428	0.06787
V297	0.09611	0.00857	0.10422	0.7911
V298	0.31994	0.11164	0.55801	0.01041
V299	0.07954	0.32908	0.02133	0.57005
V300	0.00143	0.0472	0.2886	0.66278
V301	0.12916	0.11732	0.66081	0.09271
V302	0.65096	0.33998	0	0.00906
V303	0.00041	0.62717	0.34992	0.0225
V304	0.05837	0.04474	0.7648	0.13208
V305	0.13374	0.16196	0.49071	0.21358
V306	0.83708	0.0903	0.04182	0.0308
V307	0.01688	0.96024	0.01304	0.00984
V308	0.2566	0.23333	0.30868	0.20139
V309	0.37234	0.33025	0.02757	0.26983
V310	0.08595	0.35056	0.16555	0.39793
V311	0.51506	0.47633	0.00457	0.00404
V312	0.09633	0.7651	0.1233	0.01527
V313	0.00117	0.15471	0.03687	0.80724
V314	0.0152	0.53503	0.11763	0.33214
V315	0.12386	0.67338	0.03464	0.16813
V316	0.34266	0.13243	0.39169	0.13323
V317	0.08603	0.74748	0.04179	0.12469
V318	0.03573	0.62479	0.01591	0.32357
V319	0.06065	0.08455	0.82994	0.02486
V320	0.08067	0.14985	0.66762	0.10186
V321	0.62622	0.36789	0.0058	9e-05
V322	0.21923	0.35087	0.07703	0.35287
V323	0.0665	0.03081	0.12362	0.77906
V324	0.67855	0.24882	0.05853	0.0141
V325	0.30698	0.64278	0.04621	0.00403
V326	0.00013	0.6238	0.09342	0.28266
V327	0.02059	0.17087	0.1315	0.67704
V328	0.04751	0.04532	0.76718	0.13999
V329	0.20223	0.11663	0.19327	0.48787
V330	0.43104	0.01705	0.34107	0.21085
V331	0.40575	0.08979	0.0501	0.45436
V332	0.01086	0.06103	0.23332	0.69479
V333	0.46043	0.07387	0.37871	0.08699
V334	0.39221	0.01798	0.36783	0.22198
V335	0.02442	0.35346	0.52023	0.10189
V336	0.17689	0.72998	0.01737	0.07577
V337	0.29548	0.41074	0.27192	0.02186
V338	0.00091	0.98565	0.00842	0.00502
V339	0.13118	0.05333	0.80891	0.00659
V340	0.05793	0.23402	0.55163	0.15643
V341	0.03042	0.04819	0.09624	0.82515
V342	0.26246	0.02778	0.60642	0.10334
V343	0.95564	0.03506	0.00478	0.00452
V344	0.68576	0.15528	0.15876	0.00019
V345	0.02029	0.09122	0.88657	0.00192
V346	0.26173	0.11189	0.30699	0.31939
V347	0.05217	0.01915	0.16991	0.75877
V348	0.05353	0.70223	0.13239	0.11185
V349	0.37642	0.16225	0.3792	0.08213
V350	0.02731	0.82197	0.15042	0.00029
V351	0.01854	0.04135	0.45706	0.48304
V352	0.04896	0.04951	0.84143	0.0601
V353	0.90157	0.02843	0.02795	0.04205
V354	0.04307	0.72777	0.2009	0.02826
V355	0.30107	0.07612	0.47317	0.14965
V356	0.04043	0.03338	0.13871	0.78749
V357	0.12065	0.35185	0.2927	0.2348
V358	0.6038	0.10107	0.04937	0.24576
V359	0.63633	0.05477	0.03385	0.27505
V360	0.55087	0.42426	0.01602	0.00885
V361	0.00119	0.48004	0.51337	0.0054
V362	0.00105	0.97865	0.0154	0.0049
V363	0.18646	0.11794	0.49502	0.20059
V364	0.16519	0.07344	0.68619	0.07518
V365	0.3195	0.03195	0.02313	0.62542
V366	0.07519	0.73022	0.07595	0.11864
V367	0.62618	0.13831	0.00585	0.22966
V368	0.08517	0.77119	0.07361	0.07003
V369	0.01717	0.42786	0.5497	0.00527
V370	0.31294	0.27779	0.3869	0.02236
V371	0.18613	0.74301	0.02398	0.04688
V372	0.19298	0.05804	0.14449	0.60449
V373	0.08327	0.14313	0.51096	0.26264
V374	0.78075	0.03175	0.18721	3e-04
V375	0.04797	0.04859	0.18493	0.71851
V376	0.03941	0.04317	0.13609	0.78133
V377	0.83299	0.00847	0.01099	0.14755
V378	0.00875	0.04314	0.46779	0.48031
V379	0.38333	0.20837	0.01523	0.39307
V380	0.17364	0.07607	0.23152	0.51877
V381	0.7791	0.01873	0.08317	0.119
V382	0.08648	0.07151	0.83531	0.0067
V383	0.86363	0.01403	0.04221	0.08013
V384	0.61316	0.07254	0.12696	0.18734
V385	0.87854	0.0223	0.06295	0.03621
V386	0.34913	0.01919	0.16259	0.46909
V387	0.62511	0.13911	0.17485	0.06092
V388	0.40292	0.33573	0.14025	0.12109
V389	0.42264	0.52157	0.00992	0.04587
V390	0.30672	0.26295	0.42571	0.00463
V391	0.47683	0.10794	0.0224	0.39283
V392	0.46553	0.21862	0.16131	0.15453
V393	0.30327	0.22886	0.35004	0.11782
V394	0.10344	0.25614	0.12865	0.51177
V395	0.23558	0.41257	0.19971	0.15214
V396	0.00842	0.96947	0.00667	0.01543
V397	0.80322	0.08395	0.08754	0.0253
V398	0.4998	0.13386	0.09718	0.26917
V399	0.19826	0.58173	0.13959	0.08042
V400	0.00022	0.64653	0.06511	0.28814
V401	0.03601	0.16827	0.73475	0.06096
V402	0.78627	0.18265	0.03098	1e-04
V403	0.03077	0.03755	0.1097	0.82199
V404	0.09221	0.20219	0.62871	0.07689
V405	0.25645	0.03708	0.1922	0.51427
V406	0.66805	0.24413	0.01544	0.07238
V407	0.00091	0.98565	0.00842	0.00502
V408	0.09491	0.25478	0.42498	0.22532
V409	0.00194	0.05113	0.06432	0.8826
V410	0.08388	0.87621	0.02494	0.01496
V411	0.50995	0.01602	0.00541	0.46861
V412	0.17248	0.0805	0.52827	0.21875
V413	0.05651	0.53012	0.18543	0.22795
V414	0.03362	0.5411	0.32557	0.09971
V415	0.49332	0.03249	0.23519	0.23901
V416	0.01625	0.12483	0.85719	0.00173
V417	0.37599	0.61509	0.00478	0.00414
V418	0.0821	0.11453	0.17299	0.63038
V419	0.03125	0.01125	0.07463	0.88287
V420	0.00033	0.92112	0.01244	0.06611
V421	0.16539	0.05472	0.68922	0.09066
V422	0.05974	0.08813	0.02554	0.82659
V423	0.08425	0.05748	0.83977	0.01849
V424	0.00136	0.06568	0.66552	0.26743
V425	0.0571	0.24707	0.6097	0.08613
V426	0.09319	0.06563	0.78847	0.05271
V427	0.07016	0.43402	0.20321	0.29261
V428	0.08456	0.80552	0.048	0.06192
V429	0.0283	0.01178	0.08403	0.8759
V430	0.77309	0.16203	0.01496	0.04992
V431	0.19973	0.03378	0.48587	0.28062
V432	0.1283	0.10851	0.06482	0.69836
V433	0.05411	0.78429	0.00171	0.1599
V434	0.39312	0.07958	0.05985	0.46745
V435	0.56901	0.01697	0.12366	0.29036
V436	0.44032	0.01783	0.12489	0.41696
V437	0.26366	0.25638	0.01027	0.46969
V438	0.65702	0.15499	0.03114	0.15685
V439	0.04273	0.13371	0.02381	0.79975
V440	0.54919	0.04014	0.03774	0.37292
V441	0.06964	0.13533	0.63141	0.16363
V442	0.34278	0.35497	0.13554	0.1667
V443	0.78584	0.01319	0.08289	0.11808
V444	0.02029	0.09122	0.88657	0.00192
V445	0.63737	0.0309	0.31114	0.02059
V446	0.03217	0.8657	0.04789	0.05423
V447	0.67039	0.09094	0.16382	0.07485
V448	0.02062	0.07787	0.23874	0.66277
V449	0.59848	0.04534	0.28058	0.0756
V450	0.13854	0.84729	0.01409	8e-05
V451	0.92541	0.06035	0	0.01425
V452	0.04503	0.02244	0.11094	0.82159
V453	0.8329	0.07334	0.0567	0.03706
V454	7e-04	0.94716	0.04232	0.00982
V455	0.63207	0.03997	0.28182	0.04615
V456	0.3551	0.12208	0.39018	0.13264
V457	0.0017	0.07474	0.04351	0.88005
V458	0.30243	0.252	0.00968	0.43589
V459	0.01419	0.83443	0.08221	0.06918
V460	0.94579	0.02228	0.02292	0.00901
V461	0.07787	0.05224	0.02757	0.84232
V462	0.38776	0.26497	0.00306	0.34421
V463	0.26505	0.49634	0.14955	0.08906
V464	0.5658	0.10475	0.00729	0.32217
V465	0.42265	0.43881	0.02399	0.11455
V466	0.62745	0.18743	0.00522	0.1799
V467	0.32044	0.58225	0.07022	0.0271
V468	0.51418	0.40207	0.04441	0.03934
V469	0.01675	0.19377	0.32794	0.46154
V470	0.59261	0.12042	0.17135	0.11562
V471	0.31325	0.11624	0.04458	0.52593
V472	0.35303	0.3555	0.00246	0.28902
V473	0.09992	0.57036	0.31379	0.01593
V474	0.14543	0.00843	0.1366	0.70955
V475	0.20015	0.43393	0.0834	0.28252
V476	0.20067	0.02484	0.07623	0.69825
V477	0.64257	0.04108	0.19637	0.11997
V478	0.1378	0.63729	0.00686	0.21805
V479	0.01689	0.10473	0.80973	0.06866
V480	0.08929	0.35852	0.05493	0.49727
V481	0.15225	0.05401	0.7819	0.01184
V482	0.71843	0.15761	0.09811	0.02586
V483	0.15158	0.12447	0.09172	0.63223
V484	0.03006	0.09908	0.04753	0.82333
V485	0.1189	0.7717	0.0115	0.0979
V486	0.30067	0.27985	0.13385	0.28564
V487	0.08867	0.05785	0.11462	0.73886
V488	0.00373	0.05156	0.86258	0.08213
V489	0.22462	0.11823	0.64631	0.01085
V490	0.37306	0.32907	0.06996	0.2279
V491	0.4543	0.46941	0.03004	0.04624
V492	0.02524	0.85588	0.11447	0.00441
V493	0.05519	0.00839	0.01978	0.91664
V494	0.20824	0.16132	0.52892	0.10152
V495	0.22477	0.63779	0.12241	0.01503
V496	0.2715	0.6955	0.00022	0.03278
V497	0.01691	0.06473	0.91008	0.00828
V498	0.36572	0.11157	0.06022	0.46249
V499	0.62085	0.26728	0.10791	0.00396
V500	0.10453	0.13831	0.72626	0.0309
V501	0.00332	0.01844	0.09842	0.87981
V502	0.5684	0.27575	0.13531	0.02055
V503	0.22687	0.10443	0.22461	0.44409
V504	0.23081	0.71228	0.01052	0.04639
V505	0.21967	0.22528	0.27139	0.28366
V506	0.09343	0.26595	0.47434	0.16627
V507	0.65924	0.09876	0.11382	0.12818
V508	0.77004	0.1637	0.03505	0.03121
V509	0.24909	0.07033	0.52125	0.15932
V510	0.22817	0.53198	0.2355	0.00435
V511	0.04861	0.47934	0.05201	0.42004
V512	0.28841	0.05585	0.09557	0.56017
V513	0.07565	0.67846	0.19593	0.04995
V514	0.02378	0.10941	0.01613	0.85069
V515	0.80465	0.0618	0.04302	0.09054
V516	0.89437	0.1012	0	0.00443
V517	0.04328	0.03768	0.30445	0.61459
V518	0.94153	0.05386	0	0.00461
V519	0.02329	0.89721	0.00595	0.07354
V520	0.02773	0.02839	0.66051	0.28338
V521	0.58968	0.05327	0.33615	0.0209
V522	0.00695	0.13836	0.61696	0.23774
V523	0.39132	0.12871	0.26641	0.21356
V524	0.00644	0.80234	0.16967	0.02155
V525	0.29284	0.22793	0.03277	0.44647
V526	0.69385	0.07973	0.07037	0.15605
V527	0.22871	0.03209	0.42921	0.30999
V528	0.0943	0.87211	0.00058	0.03302
V529	0.06796	0.07257	0.26588	0.59359
V530	0.00711	0.22045	0.68733	0.08511
V531	0.01867	0.8806	0.10052	0.00021
V532	0.19261	0.36681	0.03232	0.40826
V533	0.30477	0.37185	0.13782	0.18557
V534	0.00858	0.04085	0.74252	0.20805
V535	0.61906	0.00657	0.01564	0.35873
V536	0.21492	0.01514	0.40601	0.36393
V537	0.60155	0.25596	0.13358	0.00891
V538	0.51651	0.05691	0.09034	0.33624
V539	0.28194	0.45177	0.15178	0.11451
V540	0.19804	0.71208	0.06267	0.02721
V541	0.01564	0.57253	0.06791	0.34392
V542	0.22356	0.13502	0.27734	0.36407
V543	0.90195	0.0161	0.00971	0.07223
V544	0.12039	0.09912	0.20267	0.57781
V545	0.4157	0.14925	0.07487	0.36019
V546	0.04478	0.89429	0.05659	0.00435
V547	0.03446	0.67007	0.2855	0.00996
V548	0.15089	0.77386	0.07109	0.00415
V549	0.33948	0.05404	0.59591	0.01057
V550	0.64908	0.03471	0.00261	0.3136
V551	0.17412	0.75454	0.03116	0.04019
V552	0.00034	0.60526	0.01124	0.38316
V553	0.23871	0.16066	0.58406	0.01658
V554	0.06591	0.11142	0.04155	0.78112
V555	0.09698	0.24453	0.36088	0.29761
V556	0.00264	0.07665	0.89458	0.02612
V557	0.85005	0.03285	0.00963	0.10746
V558	0.06281	0.82096	0.02554	0.09068
V559	0.00984	0.82232	0.16753	0.00032
V560	0.67244	0.32331	0	0.00425
V561	0.00322	0.08244	0.90591	0.00843
V562	0.81183	0.01531	0.10379	0.06906
V563	0.25602	0.04426	0.6939	0.00582
V564	0.0616	0.10684	0.81949	0.01208
V565	0.13349	0.276	0.3954	0.1951
V566	0.74083	0.09779	0.00473	0.15666
V567	0.23427	0.48475	0.02788	0.25311
V568	0.29186	0.01345	0.07023	0.62447
V569	0.73345	0.03367	0.00154	0.23133
V570	0.02508	0.30863	0.61313	0.05316
V571	0.83063	0.12685	0	0.04252
V572	0.47161	0.02429	0.42714	0.07696
V573	0.07287	0.21603	0.01759	0.69351
V574	0.03374	0.80695	0.1497	0.00961
V575	0.02203	0.10315	0.16082	0.71401
V576	0.1484	0.81068	0.03168	0.00925
V577	0.04383	0.0561	0.2598	0.64026
V578	0.05787	0.08122	0.70892	0.15199
V579	0.00702	0.89748	0.08022	0.01527
V580	0.18315	0.01432	0.14022	0.66231
V581	0.08411	0.10873	0.01311	0.79405
V582	0.62847	0.14697	0.03199	0.19258
V583	0.00789	0.0619	0.64009	0.29012
V584	0.54544	0.15677	0.27039	0.02739
V585	0.00923	0.02998	0.50801	0.45278
V586	0.24953	0.03471	0.64305	0.0727
V587	0.28005	0.04077	0.65606	0.02312
V588	0.68551	0.04612	0.02551	0.24286
V589	0.05192	0.84495	0.0558	0.04734
V590	0.04492	0.78288	0.16778	0.00442
V591	0.00143	0.05503	0.25722	0.68632
V592	0.16585	0.07702	0.75583	0.0013
V593	0.63092	0.00924	0.17924	0.1806
V594	0.35296	0.29504	0.3163	0.03569
V595	0.04028	0.04753	0.04561	0.86658
V596	0.0371	0.31426	0.24786	0.40078
V597	0.00034	0.61192	0.32227	0.06546
V598	0.0193	0.14968	0.81881	0.01222
V599	0.63151	0.3199	0.02873	0.01986
V600	0.37231	0.48823	0.04726	0.0922
V601	0.1825	0.30662	0.09019	0.42069
V602	0.04309	0.05201	0.03416	0.87074
V603	0.00877	0.44149	0.0216	0.52813
V604	0.54201	0.12094	0.31589	0.02115
V605	0.06873	0.35223	0.41308	0.16596
V606	0.75457	0.1521	0.00919	0.08414
V607	0.70089	0.01718	0.10456	0.17737
V608	0.24137	0.16726	0.39982	0.19154
V609	0.02676	0.26591	0.26469	0.44264
V610	0.80233	0.02601	0.08147	0.09019
V611	0.34411	0.01238	0.06733	0.57618
V612	0.02684	0.11427	0.80564	0.05324
V613	0.03543	0.3552	0.57881	0.03057
V614	0.79668	0.06201	0.04324	0.09807
V615	0.16467	0.07108	0.0198	0.74445
V616	0.07503	0.75044	0.04209	0.13244
V617	0.48587	0.17544	0.33824	0.00045
V618	0.77502	0.01424	0.0013	0.20944
V619	0.42376	0.03705	0.3244	0.21479
V620	0.00752	0.68712	0.30056	0.0048
V621	0.47104	0.15517	0.17382	0.19996
V622	0.37572	0.22965	0.37255	0.02208
V623	0.02191	0.09071	0.18402	0.70335
V624	0.78682	0.19908	0	0.0141
V625	0.27735	0.51717	0.09327	0.11222
V626	0.95008	0.04059	0	0.00933
V627	0.00176	0.04668	0.11876	0.8328
V628	0.00093	0.28721	0.02758	0.68427
V629	0.13485	0.31471	0.29472	0.25572
V630	0.0353	0.35451	0.57263	0.03755
V631	0.01934	0.23162	0.127	0.62204
V632	0.63667	0.00742	0.13468	0.22123
V633	0.00183	0.06619	0.834	0.09798
V634	0.41261	0.27381	0.30925	0.00434
V635	0.02371	0.80885	0.00696	0.16048
V636	0.12954	0.11636	0.65278	0.10132
V637	0.34727	0.2087	0.09506	0.34897
V638	0.41637	0.26894	0.07003	0.24467
V639	0.27405	0.44404	0.28151	4e-04
V640	0.03672	0.17299	0.7519	0.03839
V641	0.90002	0.04282	0.02105	0.03611
V642	0.77851	0.17248	0	0.04901
V643	0.00661	0.20273	0.49012	0.30054
V644	0.90207	0.08499	0.00394	0.009
V645	0.26989	0.42419	0.29039	0.01553
V646	0.00999	0.97752	0.00761	0.00488
V647	0.15254	0.10362	0.69882	0.04501
V648	0.4214	0.43686	0.12086	0.02087
V649	0.02756	0.0901	0.83627	0.04607
V650	0.0582	0.10996	0.77875	0.05309
V651	0.32208	0.04034	0.63205	0.00552
V652	0.09698	0.0996	0.48119	0.32224
V653	0.12131	0.69888	0.093	0.08682
V654	0.71725	0.19377	0.05057	0.03841
V655	0.03535	0.63566	0.02308	0.30591
V656	0.2353	0.30498	0.01686	0.44285
V657	0.03322	0.10663	0.02709	0.83306
V658	0.6373	0.20504	0.05322	0.10444
V659	0.35952	0.09065	0.37426	0.17557
V660	0.02668	0.95713	0.00076	0.01543
V661	0.05993	0.47785	0.06052	0.4017
V662	0.43762	0.03057	0.45346	0.07835
V663	0.25636	0.08293	0.56959	0.09112
V664	0.21348	0.08446	0.66506	0.037
V665	0.71673	0.18203	0.03582	0.06542
V666	0.63964	0.00685	0.10005	0.25347
V667	0.76844	0.08379	0.14755	0.00021
V668	0.11803	0.80699	0.07482	0.00016
V669	0.24242	0.43082	0.24413	0.08263
V670	0.07489	0.90934	6e-04	0.01516
V671	0.38577	0.29128	0.24982	0.07313
V672	0.02034	0.07038	0.88359	0.02569
V673	0.24812	0.38622	0.23075	0.1349
V674	0.75109	0.14173	0.01544	0.09174
V675	0.14469	0.34868	0.33157	0.17506
V676	0.03267	0.13372	0.13382	0.69978
V677	0.40401	0.41112	0.0907	0.09417
V678	0.50778	0.47789	0.01034	0.00399
V679	0.04703	0.33765	0.60435	0.01097
V680	0.30949	0.55313	0.12235	0.01502
V681	0.90085	0.07072	0.00908	0.01935
V682	0.11499	0.31565	0.53898	0.03038
V683	0.01316	0.96553	0.02114	0.00017
V684	0.72305	0.15575	0.08258	0.03862
V685	0.51253	0.34258	0.11154	0.03335
V686	0.10405	0.20426	0.17565	0.51604
V687	0.04328	0.03276	0.04935	0.87462
V688	0.38293	0.52031	0.00039	0.09637
V689	0.3059	0.00642	0.06117	0.62651
V690	0.49667	0.05175	0.40341	0.04817
V691	0.16517	0.05076	0.77777	0.00629
V692	0.08055	0.15479	0.71166	0.053
V693	0.25626	0.11416	0.39137	0.23821
V694	0.0096	0.04259	0.35321	0.59459
V695	0.28271	0.01332	0.18033	0.52364
V696	0.09193	0.10848	0.03007	0.76952
V697	0.02191	0.093	0.0309	0.85419
V698	0.85649	0.01382	0.01035	0.11934
V699	0.58937	0.2822	0.06066	0.06777
V700	0.28313	0.0353	0.01708	0.6645
V701	0.11557	0.56934	0.11026	0.20483
V702	0.60178	0.08368	0.01309	0.30144
V703	0.14697	0.06114	0.52534	0.26655
V704	0.8501	0.04718	0.02152	0.08119
V705	0.95563	0.01494	0.01009	0.01934
V706	0.08106	0.07236	0.77836	0.06822
V707	0.03472	0.45724	0.47796	0.03009
V708	0.03238	0.89615	0.01823	0.05325
V709	0.14121	0.27769	0.52007	0.06103
V710	0.63757	0.20507	0.04572	0.11164
V711	0.08438	0.81521	0.07928	0.02113
V712	0.84541	0.05656	0.00396	0.09407
V713	0.46877	0.30637	0.03319	0.19168
V714	0.00639	0.72947	0.02179	0.24236
V715	0.31637	0.34275	0.29021	0.05067
V716	0.04395	0.06027	0.0703	0.82548
V717	0.07586	0.91373	6e-04	0.00981
V718	0.14919	0.58996	0.17109	0.08975
V719	0.05366	0.75414	0.0349	0.15729
V720	0.72556	0.01389	0.20965	0.0509
V721	0.13332	0.17267	0.4996	0.1944
V722	0.10128	0.39459	0.01888	0.48525
V723	0.13453	0.10501	0.01948	0.74098
V724	0.63694	0.0304	0.08319	0.24947
V725	0.00206	0.13019	0.84242	0.02533
V726	0.0368	0.42975	0.13234	0.40111
V727	0.26445	0.65296	0.0785	0.00409
V728	0.02544	0.88918	0.08096	0.00442
V729	0.46132	0.01825	0.17138	0.34905
V730	0.90725	0.03897	0.03463	0.01915
V731	0.02564	0.21285	0.43543	0.32607
V732	0.38503	0.08081	0.35993	0.17423
V733	0.67799	0.18244	0.02971	0.10986
V734	0.24746	0.32138	0.4265	0.00466
V735	0.01774	0.0422	0.54018	0.39989
V736	0.18513	0.01926	0.02283	0.77279
V737	0.35393	0.29474	0.23572	0.11561
V738	0.07979	0.35026	0.45922	0.11073
V739	0.0014	0.03896	0.65091	0.30873
V740	0.84544	0.08855	0.05731	0.0087
V741	0.53543	0.10256	0.12364	0.23838
V742	0.39408	0.59375	0.01208	8e-05
V743	0.14054	0.15932	0.68288	0.01726
V744	0.55534	0.04622	0.31403	0.08441
V745	0.01407	0.72975	0.16899	0.0872
V746	0.97208	0.02297	0	0.00495
V747	0.05856	0.03308	0.73509	0.17327
V748	0.13094	0.11332	0.61126	0.14449
V749	0.32123	0.19039	0.05949	0.42888
V750	0.42614	0.46681	0.01656	0.09049
V751	0.04173	0.8859	0.03231	0.04006
V752	0.50016	0.22606	0.12993	0.14385
V753	0.04073	0.05677	0.0176	0.88491
V754	0.00781	0.94571	0.00091	0.04557
V755	0.16281	0.20498	0.36716	0.26504
V756	0.0365	0.02757	0.08201	0.85392
V757	0.33961	0.58612	0.05358	0.02069
V758	0.04223	0.79384	0.1082	0.05572
V759	0.13767	0.06876	0.44465	0.34892
V760	0.32874	0.06152	0.29906	0.31068
V761	0.06531	0.60535	0.26307	0.06627
V762	0.00061	0.45417	0.02193	0.52329
V763	0.41364	0.36806	0.02576	0.19254
V764	0.0071	0.94087	0.00631	0.04572
V765	0.7118	0.09135	0.00116	0.19569
V766	0.01484	0.34194	0.45917	0.18404
V767	0.52148	0.12356	0.2369	0.11806
V768	0.05338	0.91328	0.01829	0.01505
V769	0.13749	0.82839	0.02485	0.00928
V770	0.00999	0.97752	0.00761	0.00488
V771	0.176	0.05228	0.76011	0.01161
V772	0.14168	0.07903	0.77323	0.00605
V773	0.15813	0.82739	0.00509	0.00938
V774	0.02182	0.05722	0.89505	0.02591
V775	0.1303	0.04987	0.32612	0.49371
V776	0.44495	0.42451	0.04647	0.08407
V777	0.20246	0.12793	0.16022	0.50939
V778	0.56514	0.2739	0.06225	0.09871
V779	0.18599	0.0519	0.52744	0.23467
V780	0.10855	0.7754	0.11582	0.00023
V781	0.06082	0.04935	0.04998	0.83985
V782	0.00809	0.14424	0.79444	0.05322
V783	0.82143	0.0253	0.04336	0.1099
V784	0.10649	0.87706	0.01204	0.00441
V785	0.03434	0.93835	0.01213	0.01518
V786	0.73928	0.15534	0.07368	0.0317
V787	0.00091	0.85446	0.13994	0.00469
V788	0.52918	0.29953	0.1377	0.03358
V789	0.07539	0.41937	0.03527	0.46997
V790	0.51386	0.03251	0.08222	0.37141
V791	0.14223	0.3952	0.33442	0.12814
V792	0.14024	0.586	0.00738	0.26638
V793	0.1227	0.69269	0.03417	0.15044
V794	0.04728	0.10158	0.79034	0.0608
V795	0.13253	0.05647	0.07926	0.73175
V796	0.02894	0.11716	0.83536	0.01854
V797	0.77056	0.0184	0.20196	0.00908
V798	0.62648	0.2927	0.06665	0.01417
V799	0.12896	0.79259	0.02438	0.05407
V800	0.07197	0.03897	0.5667	0.32236
V801	0.15313	0.12679	0.3643	0.35579
V802	0.04035	0.09238	0.32274	0.54452
V803	0.22591	0.52996	0.24378	0.00036
V804	0.55347	0.02838	0.36418	0.05397
V805	0.02335	0.07332	0.9013	0.00204
V806	0.04261	0.91894	0.01155	0.02691
V807	0.29654	0.17042	0.04331	0.48973
V808	0.67235	0.26627	0.03567	0.02571
V809	0.047	0.09453	0.85679	0.00168
V810	0.01164	0.98233	0.00091	0.00512
V811	0.47255	0.07588	0.20679	0.24478
V812	0.57759	0.26289	0.04627	0.11324
V813	0.6171	0.19199	0.17035	0.02056
V814	0.43063	0.52742	0.03796	0.00399
V815	9e-04	0.928	0.06648	0.00463
V816	0.91892	0.02389	0.05694	0.00024
V817	0.03	0.11234	0.84525	0.01241
V818	0.00152	0.08853	0.06782	0.84213
V819	0.84556	0.08189	0.04178	0.03076
V820	0.15667	0.11911	0.03458	0.68964
V821	0.23059	0.32648	0.38326	0.05966
V822	0.07326	0.06532	0.84291	0.01851
V823	0.02539	0.20842	0.68921	0.07698
V824	0.09262	0.40156	0.50504	0.00078
V825	0.24162	0.30524	0.26155	0.19158
V826	0.44046	0.41396	0.13652	0.00906
V827	0.37616	0.59345	0.01006	0.02034
V828	0.25433	0.18177	0.12198	0.44192
V829	0.04229	0.29504	0.05046	0.61221
V830	0.25238	0.25551	0.03333	0.45877
V831	0.79998	0.08786	0.02836	0.0838
V832	0.28565	0.41706	0.16431	0.13298
V833	0.15197	0.53811	0.17653	0.1334
V834	0.34	0.08091	0.09106	0.48803
V835	0.37235	0.45669	0.10793	0.06303
V836	0.00675	0.73696	0.00871	0.24758
V837	0.23728	0.40132	0.19039	0.17102
V838	0.91865	0.05401	0.02316	0.00418
V839	0.30068	0.60862	0.08663	0.00407
V840	0.28411	0.70931	0.00649	9e-05
V841	0.00221	0.08239	0.86916	0.04624
V842	0.38898	0.16994	0.26433	0.17675
V843	0.01827	0.0602	0.86105	0.06047
V844	0.12476	0.09869	0.42293	0.35362
V845	0.06954	0.12655	0.75067	0.05324
V846	0.00171	0.04842	0.77911	0.17076
V847	0.0033	0.01706	0.07657	0.90306
V848	0.09132	0.54915	0.17066	0.18887
V849	0.00062	0.96565	0.00664	0.02708
V850	0.96291	0.01703	0.01085	0.0092
V851	0.3351	0.53366	0.13105	0.00019
V852	0.12522	0.06166	0.16229	0.65083
V853	0.26222	0.23148	0.40492	0.10138
V854	0.63159	0.16609	0.09663	0.10569
V855	0.0033	0.01706	0.07657	0.90306
V856	0.04568	0.38011	0.37113	0.20308
V857	0.70485	0.17199	0.02925	0.09392
V858	0.56937	0.03342	0.39252	0.00468
V859	0.6791	0.23312	0.01544	0.07234
V860	0.21989	0.13224	0.06735	0.58053
V861	0.09114	0.37707	0.52124	0.01055
V862	0.13998	0.10581	0.71654	0.03767
V863	0.24144	0.07747	0.00913	0.67196
V864	0.08051	0.05259	0.07508	0.79182
V865	0.13158	0.01762	0.31535	0.53545
V866	0.73637	0.03089	0.22359	0.00915
V867	0.73151	0.04077	0.22346	0.00427
V868	0.53941	0.27654	0.1222	0.06184
V869	0.01866	0.96934	0.0072	0.0048
V870	0.11407	0.39143	0.02603	0.46846
V871	0.00062	0.96565	0.00664	0.02708
V872	0.01079	0.03358	0.31018	0.64545
V873	0.89601	0.03783	0.04151	0.02465
V874	0.19147	0.7812	0.02722	0.00011
V875	0.01744	0.22228	0.23624	0.52405
V876	0.16627	0.34392	0.41346	0.07635
V877	0.04583	0.43009	0.31209	0.21199
V878	0.12835	0.81261	0.05888	0.00015
V879	0.18937	0.70964	0.03934	0.06165
V880	0.3148	0.56667	0.00504	0.11349
V881	0.15566	0.05804	0.6271	0.1592
V882	0.82294	0.01086	0.1109	0.0553
V883	0.29167	0.2189	0.4887	0.00073
V884	0.02215	0.34288	0.00857	0.6264
V885	0.70472	0.21918	0.07598	0.00012
V886	0.0146	0.389	0.47801	0.11839
V887	0.67647	0.06493	0.14736	0.11124
V888	0.10448	0.06971	0.74987	0.07595
V889	0.91433	0.05629	0.0154	0.01399
V890	0.03552	0.1601	0.65037	0.15401
V891	0.65013	0.05583	0.26089	0.03314
V892	0.3201	0.20408	0.01698	0.45885
V893	0.60636	0.2094	0.13738	0.04687
V894	0.06809	0.33013	0.57122	0.03056
V895	0.63342	0.06589	0.1877	0.11299
V896	0.0349	0.944	0.00586	0.01524
V897	0.69909	0.25335	0.00367	0.04389
V898	0.53253	0.0071	0.01166	0.44871
V899	0.02943	0.22375	0.1695	0.57733
V900	0.0821	0.31587	0.38702	0.21502
V901	0.03261	0.86559	0.00582	0.09598
V902	0.04507	0.90899	0.04154	0.0044
V903	0.0069	0.44628	0.50957	0.03725
V904	0.02011	0.974	0.00083	0.00507
V905	0.17694	0.00947	0.21508	0.59851
V906	0.45452	0.09565	0.11149	0.33835
V907	0.43421	0.51033	0.01607	0.03938
V908	0.0145	0.07203	0.10568	0.80779
V909	0.12717	0.81949	0.00064	0.05269
V910	0.19522	0.00824	0.15095	0.64558
V911	0.52722	0.39071	0.02948	0.05259
V912	0.41525	0.3345	0.1215	0.12875
V913	0.15083	0.0065	0.02733	0.81534
V914	0.18443	0.51019	0.27642	0.02896
V915	0.2736	0.00652	0.02003	0.69984
V916	0.26178	0.07344	0.6282	0.03658
V917	0.74434	0.03446	0.14941	0.07178
V918	0.04313	0.66399	0.21982	0.07307
V919	0.21708	0.24699	0.31245	0.22347
V920	0.64372	0.19551	0.08575	0.07501
V921	0.03409	0.20411	0.04669	0.71511
V922	0.10089	0.48627	0.37616	0.03668
V923	0.09693	0.03129	0.06641	0.80537
V924	0.03362	0.69524	0.24906	0.02208
V925	0.21744	0.04645	0.02697	0.70914
V926	0.24169	0.03367	0.04408	0.68056
V927	0.02994	0.06186	0.08286	0.82534
V928	0.04241	0.90618	0.00554	0.04587
V929	0.05408	0.68322	0.12492	0.13777
V930	0.52474	0.37068	0.02994	0.07465
V931	0.14118	0.28899	0.50889	0.06095
V932	0.03566	0.12674	0.64606	0.19154
V933	0.58952	0.39186	0.00975	0.00887
V934	0.00788	0.1727	0.3206	0.49881
V935	0.5898	0.16098	0.19472	0.0545
V936	0.55627	0.27495	0.0171	0.15169
V937	0.58956	0.12953	0.08319	0.19772
V938	0.41328	0.0526	0.3166	0.21753
V939	0.78949	0.02473	0.06698	0.1188
V940	0.02339	0.81627	0.13253	0.02781
V941	0.00389	0.07166	0.91549	0.00896
V942	0.74095	0.18718	0.05789	0.01398
V943	0.41636	0.13475	0.40602	0.04287
V944	0.01867	0.31896	0.07985	0.58252
V945	0.57121	0.35339	0.00945	0.06595
V946	0.47341	0.26305	0.23583	0.02772
V947	0.09256	0.06137	0.27446	0.57161
V948	0.35345	0.05118	0.579	0.01637
V949	0.00101	0.1338	0.24688	0.61831
V950	0.05554	0.57184	0.21193	0.16068
V951	0.82953	0.03077	0.13557	0.00413
V952	0.07634	0.14404	0.30524	0.47439
V953	0.01931	0.09067	0.86459	0.02543
V954	0.0409	0.21113	0.16926	0.57871
V955	0.12543	0.64289	0.02737	0.20431
V956	0.03788	0.04096	0.57036	0.3508
V957	0.39581	0.02517	0.00731	0.57171
V958	0.05519	0.00839	0.01978	0.91664
V959	0.24434	0.2686	0.42725	0.05981
V960	0.26141	0.29848	0.08658	0.35353
V961	0.14077	0.40678	0.35135	0.10111
V962	0.38467	0.17378	0.38343	0.05812
V963	0.6239	0.16811	0.14717	0.06082
V964	0.85146	0.03728	0.08633	0.02493
V965	0.05612	0.54094	0.1944	0.20854
V966	0.95537	0.03119	0.00424	0.0092
V967	0.05949	0.05596	0.57928	0.30527
V968	0.00147	0.17567	0.76993	0.05293
V969	0.00912	0.34688	0.05053	0.59347
V970	0.03704	0.13283	0.47458	0.35555
V971	0.53175	0.08882	0.31642	0.063
V972	0.55012	0.20162	0.04886	0.19939
V973	0.28664	0.44323	0.07887	0.19126
V974	0.00606	0.81441	0.11708	0.06245
V975	0.10422	0.31316	0.57746	0.00516
V976	0.47527	0.25019	0.11306	0.16148
V977	0.32668	0.36642	0.30253	0.00437
V978	0.07317	0.11291	0.08934	0.72459
V979	0.80349	0.03097	0.16136	0.00417
V980	0.97208	0.02297	0	0.00495
V981	0.36371	0.04077	0.44128	0.15423
V982	0.45761	0.40227	0.07088	0.06924
V983	0.74407	0.06372	0.00524	0.18697
V984	0.01461	0.86091	0.09702	0.02747
V985	0.08503	0.23755	0.01615	0.66127
V986	0.33197	0.53566	0.04734	0.08503
V987	0.23376	0.75129	2e-04	0.01475
V988	0.25699	0.02541	0.02667	0.69093
V989	0.44727	0.4695	0.06873	0.01451
V990	0.00164	0.07757	0.80567	0.11512
V991	0.63095	0.35999	0	0.00906
V992	0.22028	0.02545	0.54439	0.20988
V993	0.06375	0.74827	0.15315	0.03484
V994	0.18136	0.78491	0.02451	0.00922
V995	0.76697	0.10523	0.02894	0.09886
V996	0.31226	0.13983	0.01895	0.52895
V997	0.01797	0.04898	0.83494	0.09811
V998	0.88581	0.02229	0.05572	0.03618
V999	0.11787	0.87697	0.00052	0.00464
V1000	0.3693	0.03459	0.00768	0.58844
