cytotoxic.CD56.dim.NK.cell	memory.CD4.pos.AB.T.cell	memory.B.cell	CD14.pos.CD16.neg.classical.monocyte
V1	0.5631	0.0136	0.17527	0.24803
V2	0.14767	0.09782	0.05584	0.69867
V3	0.05044	0.65336	0.01291	0.2833
V4	0.86404	0.11802	0	0.01794
V5	0.10359	0.48285	0.26736	0.14621
V6	0.06957	0.89338	0.01911	0.01794
V7	0.14226	0.3694	0.08663	0.40172
V8	0.12209	0.02943	0.82152	0.02697
V9	0.23951	0.23936	0.03907	0.48206
V10	0.01798	0.035	0.90386	0.04316
V11	0.2034	0.34853	0.44283	0.00524
V12	0.02292	0.59175	0.3738	0.01153
V13	0.25701	0.7206	0.00462	0.01776
V14	0.06377	0.92447	0.0063	0.00546
V15	0.11331	0.62268	0.12121	0.1428
V16	0.91283	0.04492	0.01788	0.02437
V17	0.07921	0.89096	0.01187	0.01797
V18	0.57813	0.34895	0.04103	0.03189
V19	0.15044	0.8332	0.00509	0.01126
V20	0.16275	0.48037	0.0203	0.33658
V21	0.12276	0.05285	0.79744	0.02694
V22	0.0158	0.09712	0.22786	0.65922
V23	0.37517	0.04191	0.5772	0.00572
V24	0.92556	0.04189	0.0322	0.00035
V25	0.3541	0.22765	0.13523	0.28302
V26	0.39894	0.39573	0.01799	0.18734
V27	0.09792	0.07789	0.02609	0.7981
V28	0.00377	0.07811	0.91595	0.00217
V29	0.43535	0.02787	0.51148	0.02529
V30	0.09491	0.20352	0.30466	0.39691
V31	0.20215	0.17622	0.32389	0.29774
V32	0.07907	0.05449	0.03904	0.8274
V33	0.0398	0.50015	0.37381	0.08624
V34	0.12214	0.03942	0.8115	0.02694
V35	0.15287	0.74454	0.07765	0.02494
V36	0.00671	0.04127	0.51913	0.4329
V37	0.56448	0.06319	0.09826	0.27407
V38	0.43392	0.01284	0.18267	0.37057
V39	0.1593	0.58571	0.13136	0.12363
V40	0.09275	0.83377	0.07332	0.00016
V41	0.00635	0.70668	0.04481	0.24216
V42	0.22327	0.0335	0.22834	0.51489
V43	0.12444	0.32589	0.5235	0.02618
V44	0.01356	0.06257	0.77743	0.14644
V45	0.09072	0.60696	0.22563	0.0767
V46	0.80174	0.07268	0.1206	0.00499
V47	0.45722	0.17263	0.32901	0.04115
V48	0.80524	0.17277	0.00437	0.01763
V49	0.74481	0.18545	0	0.06974
V50	0.06119	0.8548	0.07905	0.00495
V51	0.31009	0.39963	0.26493	0.02535
V52	0.02391	0.09977	0.84891	0.02741
V53	0.72608	0.12299	0.15065	0.00028
V54	0.42646	0.1771	0.37855	0.0179
V55	0.21521	0.11641	0.26458	0.4038
V56	0.04424	0.04163	0.10178	0.81236
V57	0.08953	0.87968	0.01957	0.01121
V58	0.65776	0.01433	0.0426	0.28531
V59	0.43947	0.41365	0.10641	0.04048
V60	0.12918	0.13672	0.36153	0.37257
V61	0.8221	0.09834	0.01003	0.06953
V62	0.884	0.03842	0.06657	0.01101
V63	0.01458	0.85256	0.11493	0.01792
V64	0.00795	0.88016	5e-04	0.1114
V65	0.016	0.03614	0.12187	0.82599
V66	0.20702	0.71928	0.01766	0.05604
V67	0.14734	0.3163	0.52474	0.01162
V68	0.15831	0.15484	0.02675	0.6601
V69	0.02221	0.29212	0.64349	0.04218
V70	0.56485	0.1358	0.18817	0.11118
V71	0.16169	0.06123	0.41387	0.36321
V72	0.60006	0.14528	0.09725	0.1574
V73	0.1457	0.639	0.13937	0.07592
V74	0.05559	0.21507	0.72812	0.00122
V75	0.71775	0.00949	0.19508	0.07768
V76	0.00072	0.17773	0.20282	0.61873
V77	0.03646	0.31725	0.01162	0.63467
V78	0.31511	0.10422	0.20322	0.37745
V79	0.00683	0.08529	0.83245	0.07542
V80	0.34544	0.02098	0.56012	0.07345
V81	0.05352	0.15138	0.78872	0.00638
V82	0.00186	0.07894	0.91084	0.00836
V83	0.13406	0.18119	0.08128	0.60347
V84	0.40763	0.04245	0.17541	0.37451
V85	0.10402	0.30101	0.43758	0.15738
V86	0.04288	0.0502	0.87189	0.03504
V87	0.03039	0.86305	0.05079	0.05576
V88	0.16478	0.05602	0.2992	0.47999
V89	0.01885	0.03489	0.23293	0.71333
V90	0.02368	0.91272	0.05228	0.01132
V91	0.03087	0.75892	0.18508	0.02514
V92	0.45928	0.02188	0.40136	0.11748
V93	0.89541	0.02218	0	0.08241
V94	0.01492	0.4779	0.02405	0.48313
V95	0.25903	0.4414	0.16406	0.13551
V96	0.07175	0.12106	0.03283	0.77435
V97	0.6884	0.09911	0.20755	0.00494
V98	0.68215	0.30662	0	0.01123
V99	0.79894	0.0484	0.14762	0.00505
V100	0.07298	0.03857	0.86802	0.02043
V101	0.0281	0.09016	0.01115	0.87059
V102	0.92479	0.05858	0.00511	0.01152
V103	0.01084	0.07325	0.11155	0.80436
V104	0.027	0.96038	0.00695	0.00567
V105	0.05323	0.92772	0.01366	0.00539
V106	0.11296	0.5199	0.33357	0.03358
V107	0.18098	0.18034	0.59651	0.04217
V108	0.14386	0.76561	0.09035	0.00018
V109	0.0132	0.13902	0.6373	0.21047
V110	0.05038	0.89677	0.03493	0.01792
V111	0.91213	0.0135	0.06891	0.00546
V112	0.1258	0.05378	0.47199	0.34844
V113	0.19144	0.10123	0.19717	0.51016
V114	0.25102	0.05367	0.09026	0.60506
V115	0.00746	0.76553	0.22174	0.00527
V116	0.13905	0.30076	0.4023	0.1579
V117	0.68632	0.24951	0.03246	0.0317
V118	0.15921	0.60687	0.03496	0.19896
V119	0.11501	0.09241	0.05799	0.73459
V120	0.07345	0.0675	0.84584	0.01321
V121	0.62169	0.11618	0.09672	0.1654
V122	0.95589	0.01968	0.0127	0.01172
V123	0.00659	0.54334	0.04806	0.40201
V124	0.66194	0.29154	0	0.04653
V125	0.38851	0.41775	0.17609	0.01764
V126	0.03747	0.16709	0.05897	0.73647
V127	0.16495	0.04849	0.28761	0.49895
V128	0.03261	0.04031	0.13219	0.79489
V129	0.5917	0.22095	0.16266	0.02468
V130	0.00731	0.66309	0.32418	0.00542
V131	0.02373	0.91346	0.00032	0.06249
V132	0.93866	0.01692	0.02652	0.01789
V133	0.91401	0.02419	0.05061	0.01119
V134	0.10626	0.40438	0.13867	0.35069
V135	0.07831	0.03653	0.20564	0.67951
V136	0.24563	0.41757	0.01251	0.3243
V137	0.66135	0.03325	0.2504	0.05499
V138	0.21331	0.40891	0.18972	0.18806
V139	0.36622	0.19336	0.21158	0.22884
V140	0.03003	0.1142	0.06376	0.792
V141	0.05995	0.13743	0.58776	0.21486
V142	0.77867	0.01858	0.20223	0.00052
V143	0.44885	0.25755	0.07111	0.22248
V144	0.16865	0.15069	0.18658	0.49409
V145	0.00134	0.77254	0.22072	0.0054
V146	0.06085	0.0475	0.04353	0.84812
V147	0.92261	0.02829	0.01787	0.03124
V148	0.12333	0.06369	0.62343	0.18954
V149	0.25718	0.52101	0.21691	0.0049
V150	0.08048	0.22297	0.62799	0.06855
V151	0.20163	0.65423	0.03371	0.11043
V152	0.23244	0.45271	0.22812	0.08673
V153	0.09928	0.78395	0.01815	0.09862
V154	0.2387	0.45919	0.27659	0.02551
V155	0.48767	0.12877	0.29916	0.08441
V156	0.03056	0.12239	0.7348	0.11225
V157	0.31103	0.14224	0.33976	0.20696
V158	0.02805	0.03797	0.05203	0.88196
V159	0.89224	0.06928	0	0.03848
V160	0.71119	0.01348	0.06633	0.209
V161	0.2197	0.03167	0.03946	0.70917
V162	0.06404	0.31699	0.09005	0.52892
V163	0.09288	0.51048	0.17838	0.21826
V164	0.35149	0.30841	0.1131	0.227
V165	0.01036	0.30521	0.00606	0.67837
V166	0.00949	0.12543	0.08472	0.78036
V167	0.3666	0.02119	0.01221	0.6
V168	0.28209	0.59052	0.07839	0.04899
V169	0.1944	0.06957	0.0459	0.69013
V170	0.10196	0.02755	0.56422	0.30628
V171	0.12433	0.22563	0.61576	0.03428
V172	0.70908	0.01557	0.27001	0.00533
V173	0.02789	0.17079	0.05054	0.75078
V174	0.01692	0.18636	0.08785	0.70887
V175	0.05953	0.02692	0.80576	0.10778
V176	0.00756	0.82452	0.16269	0.00524
V177	0.01066	0.97663	0.00036	0.01235
V178	0.00667	0.80101	0.00639	0.18592
V179	0.15916	0.02185	0.41741	0.40158
V180	0.02783	0.89705	0.07493	0.00019
V181	0.15946	0.11596	0.58097	0.14361
V182	0.30014	0.16639	0.483	0.05047
V183	0.17247	0.81691	0.00547	0.00515
V184	0.96426	0.02116	0.01404	0.00054
V185	0.56013	0.42352	0.01145	0.00491
V186	0.11463	0.49267	0.27688	0.11582
V187	0.94522	0.02066	0.02853	0.00559
V188	0.05828	0.26547	0.00549	0.67076
V189	0.83209	0.02514	0.01727	0.1255
V190	0.65166	0.02178	0.3212	0.00536
V191	0.18103	0.19173	0.59321	0.03403
V192	0.30456	0.48223	0.05175	0.16146
V193	0.61552	0.03235	0.24494	0.10718
V194	0.03342	0.9426	0.00573	0.01825
V195	0.01301	0.05317	0.92527	0.00855
V196	0.01492	0.1196	0.0225	0.84298
V197	0.42829	0.0557	0.03016	0.48585
V198	0.05992	0.50934	0.38039	0.05036
V199	0.1666	0.03765	0.19858	0.59717
V200	0.12492	0.59695	0.01943	0.25869
V201	0.0917	0.57709	0.19686	0.13435
V202	0.01481	0.03238	0.80102	0.1518
V203	0.15783	0.42833	0.3956	0.01824
V204	0.00711	0.57386	0.00866	0.41037
V205	0.01794	0.06732	0.90062	0.01412
V206	0.04534	0.09878	0.849	0.00689
V207	0.13363	0.20422	0.06154	0.6006
V208	0.24356	0.06592	0.67845	0.01208
V209	0.30466	0.48257	0.07016	0.14261
V210	0.07862	0.79399	0.08705	0.04035
V211	0.4368	0.02668	0.03938	0.49714
V212	0.50502	0.04069	0.43639	0.01789
V213	0.65754	0.03177	0.11372	0.19697
V214	0.34177	0.15298	0.17915	0.32611
V215	0.30079	0.10521	0.02415	0.56984
V216	0.04883	0.03635	0.0427	0.87212
V217	0.04005	0.50762	0.24535	0.20698
V218	0.09358	0.46285	0.18056	0.26301
V219	0.10151	0.67232	0.01202	0.21415
V220	0.00678	0.85761	0.0058	0.12981
V221	0.82378	0.0148	0.00502	0.1564
V222	0.32022	0.12192	0.39404	0.16383
V223	0.00652	0.12823	0.79803	0.06723
V224	0.95194	0.01999	0.02757	0.00049
V225	0.05192	0.88983	0.05317	0.00509
V226	0.30109	0.08006	0.60709	0.01176
V227	0.78426	0.01227	0.19241	0.01106
V228	0.79417	0.06254	0.06502	0.07828
V229	0.01869	0.04497	0.91496	0.02138
V230	0.01959	0.07368	0.04019	0.86653
V231	0.01471	0.2951	0.12285	0.56734
V232	0.04151	0.69076	0.0015	0.26623
V233	0.58416	0.07963	0.20802	0.12819
V234	0.03305	0.92763	0.02792	0.0114
V235	0.37109	0.05826	0.54505	0.0256
V236	0.04067	0.06603	0.82636	0.06694
V237	0.16471	0.03509	0.04247	0.75772
V238	0.12396	0.56712	0.26725	0.04166
V239	0.06379	0.43157	0.02317	0.48146
V240	0.48816	0.03794	0.43362	0.04027
V241	0.01712	0.03278	0.89173	0.05837
V242	0.12069	0.78141	0.08698	0.01092
V243	0.23274	0.04255	0.6586	0.06611
V244	0.19601	0.02214	0.7085	0.07334
V245	0.60881	0.2944	0.04917	0.04762
V246	0.05167	0.14354	0.78513	0.01966
V247	0.16122	0.0449	0.79245	0.00144
V248	0.0253	0.06969	0.06354	0.84146
V249	0.00115	0.0542	0.88606	0.05858
V250	0.75979	0.01435	0.2206	0.00526
V251	0.93435	0.0542	0.0058	0.00565
V252	0.01052	0.84403	0.14515	3e-04
V253	0.37443	0.0672	0.17749	0.38088
V254	0.0086	0.93942	0.04657	0.00541
V255	0.04178	0.92575	2e-04	0.03226
V256	0.17104	0.19912	0.55198	0.07786
V257	0.43495	0.09081	0.25194	0.22229
V258	0.17394	0.25244	0.45683	0.11679
V259	0.0313	0.28189	0.65254	0.03427
V260	0.00136	0.28396	0.70819	0.00649
V261	0.63122	0.03143	0.20367	0.13369
V262	0.09707	0.08572	0.02555	0.79166
V263	0.01741	0.96377	0.00024	0.01858
V264	0.1594	0.0381	0.468	0.33451
V265	0.03245	0.03159	0.16362	0.77234
V266	0.62944	0.36375	0.00662	2e-04
V267	0.00056	0.1781	0.31381	0.50753
V268	0.39304	0.02969	0.15459	0.42267
V269	0.00629	0.56029	0.39209	0.04133
V270	0.65197	0.02588	0.25086	0.07129
V271	0.81945	0.06281	0.03177	0.08598
V272	0.04936	0.85065	0.01144	0.08855
V273	0.05789	0.05616	0.05078	0.83517
V274	0.71073	0.00917	0.18569	0.09441
V275	0.00201	0.05852	0.93036	0.00911
V276	0.5136	0.34053	0.01026	0.13561
V277	0.03295	0.21426	0.17874	0.57404
V278	0.03308	0.06442	0.32595	0.57655
V279	0.71048	0.05374	0.1122	0.12359
V280	0.02805	0.03797	0.05203	0.88196
V281	0.5593	0.03197	0.14698	0.26176
V282	0.05064	0.06749	0.83141	0.05045
V283	0.20495	0.60296	0.06087	0.13122
V284	0.02475	0.91612	0.05392	0.00522
V285	0.07463	0.04279	0.88077	0.00182
V286	0.24026	0.56551	0.10912	0.0851
V287	0.08917	0.88112	0.01178	0.01793
V288	0.01336	0.26602	0.46197	0.25864
V289	0.27918	0.20687	0.44543	0.06851
V290	0.80915	0.17683	0.01377	0.00026
V291	0.48381	0.06638	0.43857	0.01124
V292	0.93672	0.01795	0	0.04534
V293	0.28388	0.02577	0.65703	0.03332
V294	0.08636	0.39695	0.00348	0.51321
V295	0.01488	0.18314	0.21304	0.58894
V296	0.16834	0.10964	0.64552	0.0765
V297	0.07635	0.03126	0.09004	0.80236
V298	0.29067	0.09712	0.60047	0.01174
V299	0.06617	0.30226	0.01796	0.61361
V300	0.00085	0.05496	0.26289	0.68129
V301	0.11215	0.10055	0.68371	0.10358
V302	0.64061	0.34816	0	0.01123
V303	0.00087	0.60002	0.37342	0.02568
V304	0.04944	0.03302	0.77217	0.14537
V305	0.11504	0.14596	0.50011	0.23889
V306	0.82281	0.09009	0.04843	0.03867
V307	0.01645	0.95824	0.01357	0.01173
V308	0.22721	0.21877	0.32203	0.232
V309	0.33518	0.32095	0.02733	0.31655
V310	0.07344	0.32327	0.16311	0.44018
V311	0.50385	0.48621	0.00498	0.00496
V312	0.08972	0.75724	0.1352	0.01784
V313	0.00095	0.15383	0.03001	0.81521
V314	0.01388	0.4979	0.11663	0.37159
V315	0.11282	0.65458	0.03512	0.19748
V316	0.30675	0.12238	0.41656	0.15431
V317	0.07947	0.72993	0.0433	0.1473
V318	0.03218	0.58738	0.01416	0.36627
V319	0.05215	0.06471	0.85576	0.02737
V320	0.06967	0.12977	0.68712	0.11344
V321	0.61934	0.37388	0.00659	0.00019
V322	0.1911	0.33113	0.07634	0.40143
V323	0.05245	0.04826	0.10769	0.7916
V324	0.66334	0.25227	0.06705	0.01734
V325	0.2939	0.64975	0.05157	0.00478
V326	0.00071	0.58574	0.0935	0.32005
V327	0.01659	0.16151	0.11898	0.70292
V328	0.04023	0.03349	0.77235	0.15393
V329	0.16845	0.11218	0.18723	0.53214
V330	0.38221	0.01631	0.35757	0.24391
V331	0.35052	0.09074	0.04827	0.51047
V332	0.0085	0.06807	0.21056	0.71288
V333	0.42024	0.06647	0.41125	0.10204
V334	0.346	0.01715	0.38215	0.25471
V335	0.02162	0.32344	0.54046	0.11448
V336	0.16434	0.72728	0.01775	0.09064
V337	0.27455	0.40099	0.29897	0.02549
V338	0.00152	0.98382	0.00863	0.00604
V339	0.11725	0.03469	0.84087	0.00719
V340	0.04994	0.21052	0.56484	0.17469
V341	0.02373	0.06553	0.08246	0.82828
V342	0.23038	0.01931	0.6333	0.11701
V343	0.95711	0.03066	0.00637	0.00585
V344	0.66753	0.15205	0.18012	3e-04
V345	0.01939	0.06674	0.91196	0.00191
V346	0.22579	0.10512	0.31067	0.35842
V347	0.04126	0.03713	0.14996	0.77165
V348	0.0491	0.67952	0.14042	0.13096
V349	0.34236	0.15181	0.41013	0.0957
V350	0.02688	0.80874	0.16409	0.00029
V351	0.01498	0.04212	0.43362	0.50928
V352	0.0419	0.03353	0.85835	0.06622
V353	0.88844	0.02609	0.03241	0.05306
V354	0.03998	0.70938	0.21778	0.03286
V355	0.2659	0.06774	0.49526	0.1711
V356	0.03198	0.05055	0.12036	0.79711
V357	0.10555	0.32754	0.30045	0.26646
V358	0.55361	0.10045	0.05175	0.29419
V359	0.58094	0.05699	0.03498	0.32709
V360	0.53716	0.43399	0.01806	0.01079
V361	0.00109	0.44926	0.54368	0.00597
V362	0.00161	0.97656	0.01595	0.00588
V363	0.16124	0.10558	0.50738	0.2258
V364	0.14405	0.05921	0.7126	0.08413
V365	0.26488	0.04516	0.01987	0.67009
V366	0.06915	0.71141	0.0799	0.13954
V367	0.57941	0.13847	0.00524	0.27687
V368	0.0789	0.75959	0.07864	0.08286
V369	0.01523	0.39737	0.58159	0.00581
V370	0.28714	0.2648	0.4223	0.02577
V371	0.17424	0.74397	0.02553	0.05625
V372	0.15677	0.06404	0.13509	0.6441
V373	0.07074	0.12746	0.51194	0.28986
V374	0.76221	0.0245	0.21284	0.00044
V375	0.03813	0.05962	0.16603	0.73622
V376	0.0312	0.05858	0.11847	0.79174
V377	0.79582	0.00987	0.01167	0.18263
V378	0.00701	0.04343	0.44349	0.50608
V379	0.33617	0.20168	0.01384	0.44831
V380	0.14331	0.07636	0.22169	0.55863
V381	0.74292	0.01813	0.09264	0.14631
V382	0.07555	0.05108	0.86614	0.00723
V383	0.83909	0.01289	0.04787	0.10015
V384	0.56597	0.07141	0.13759	0.22503
V385	0.8621	0.01954	0.07293	0.04543
V386	0.29615	0.02666	0.15929	0.5179
V387	0.59364	0.13631	0.19611	0.07394
V388	0.37274	0.32997	0.1526	0.14469
V389	0.40399	0.52963	0.01037	0.05602
V390	0.28204	0.24894	0.46376	0.00525
V391	0.42004	0.10795	0.02132	0.45069
V392	0.42758	0.21307	0.1746	0.18475
V393	0.27295	0.21636	0.374	0.13669
V394	0.08609	0.23586	0.12246	0.55559
V395	0.21313	0.39696	0.21212	0.17779
V396	0.00858	0.96644	0.00654	0.01845
V397	0.78512	0.0823	0.10117	0.03141
V398	0.45066	0.13099	0.10156	0.31679
V399	0.18234	0.57134	0.15116	0.09517
V400	0.00079	0.60827	0.06442	0.32652
V401	0.03082	0.14492	0.75671	0.06756
V402	0.78015	0.18334	0.03629	0.00022
V403	0.02428	0.05657	0.09388	0.82527
V404	0.08029	0.18005	0.65356	0.0861
V405	0.21336	0.04271	0.18525	0.55868
V406	0.64614	0.24764	0.01684	0.08938
V407	0.00152	0.98382	0.00863	0.00604
V408	0.08224	0.23254	0.43256	0.25266
V409	0.00126	0.07186	0.05198	0.8749
V410	0.07911	0.87624	0.02681	0.01785
V411	0.44407	0.02566	0.0038	0.52647
V412	0.14822	0.0706	0.5372	0.24398
V413	0.05021	0.49855	0.19098	0.26026
V414	0.03051	0.51267	0.34257	0.11425
V415	0.44095	0.0325	0.24819	0.27835
V416	0.0147	0.09913	0.88445	0.00172
V417	0.36476	0.62524	0.00499	0.00501
V418	0.06605	0.11227	0.15981	0.66187
V419	0.02508	0.03846	0.06053	0.87594
V420	0.00108	0.90815	0.01223	0.07855
V421	0.14348	0.04265	0.7125	0.10137
V422	0.04715	0.10007	0.01985	0.83293
V423	0.07298	0.03857	0.86802	0.02043
V424	0.00064	0.05546	0.655	0.2889
V425	0.04964	0.22231	0.6321	0.09595
V426	0.08038	0.04951	0.81179	0.05832
V427	0.06118	0.40336	0.20587	0.32959
V428	0.07886	0.79661	0.05104	0.0735
V429	0.02249	0.0381	0.0692	0.87021
V430	0.75626	0.16454	0.01675	0.06245
V431	0.17001	0.03082	0.48794	0.31123
V432	0.10281	0.11123	0.05756	0.7284
V433	0.05061	0.76109	0.00089	0.18742
V434	0.33794	0.08172	0.05781	0.52253
V435	0.51084	0.02051	0.12892	0.33973
V436	0.38027	0.02469	0.12452	0.47052
V437	0.22548	0.24311	0.00842	0.52299
V438	0.61973	0.15501	0.03326	0.19199
V439	0.03404	0.13625	0.01839	0.81132
V440	0.48759	0.04525	0.03733	0.42983
V441	0.05951	0.11797	0.64104	0.18148
V442	0.31276	0.34506	0.14475	0.19743
V443	0.74966	0.01279	0.0923	0.14524
V444	0.01939	0.06674	0.91196	0.00191
V445	0.60333	0.02415	0.34793	0.02459
V446	0.03023	0.85462	0.05093	0.06422
V447	0.63726	0.08816	0.18375	0.09083
V448	0.0164	0.08075	0.21815	0.6847
V449	0.55861	0.04042	0.31057	0.09041
V450	0.13506	0.84981	0.01505	9e-05
V451	0.92352	0.05831	0	0.01818
V452	0.03551	0.04441	0.09476	0.82532
V453	0.81624	0.07202	0.06534	0.0464
V454	0.00128	0.94153	0.04559	0.0116
V455	0.59546	0.03441	0.31466	0.05547
V456	0.31837	0.11258	0.41524	0.1538
V457	0.00122	0.09151	0.03479	0.87249
V458	0.26127	0.24023	0.00799	0.49052
V459	0.01378	0.81728	0.08751	0.08143
V460	0.9429	0.01831	0.02733	0.01146
V461	0.06123	0.07142	0.02158	0.84577
V462	0.34454	0.25575	0.00188	0.39783
V463	0.24444	0.48761	0.16247	0.10549
V464	0.51029	0.10525	0.00639	0.37807
V465	0.39633	0.43933	0.02533	0.13901
V466	0.58886	0.18734	0.00477	0.21903
V467	0.30329	0.58637	0.07776	0.03258
V468	0.49419	0.40816	0.04961	0.04804
V469	0.01407	0.17634	0.31528	0.49431
V470	0.55432	0.11702	0.1892	0.13947
V471	0.26421	0.11517	0.04175	0.57887
V472	0.31728	0.34374	0.0014	0.33757
V473	0.09114	0.55182	0.33881	0.01822
V474	0.11602	0.0271	0.1224	0.73448
V475	0.17726	0.41286	0.08448	0.32539
V476	0.16099	0.04052	0.06841	0.73008
V477	0.60089	0.0384	0.21618	0.14453
V478	0.12415	0.61557	0.00591	0.25437
V479	0.01406	0.08423	0.82616	0.07555
V480	0.07531	0.32993	0.05102	0.54374
V481	0.13466	0.03677	0.81548	0.01309
V482	0.69909	0.15709	0.11203	0.0318
V483	0.12312	0.12265	0.08385	0.67038
V484	0.02362	0.10781	0.03919	0.82938
V485	0.11001	0.7623	0.01115	0.11654
V486	0.26693	0.26608	0.13748	0.32951
V487	0.07049	0.06869	0.10156	0.75926
V488	0.00364	0.03498	0.87131	0.09008
V489	0.20072	0.10092	0.68627	0.01208
V490	0.33829	0.32025	0.07271	0.26876
V491	0.43373	0.47674	0.03305	0.05647
V492	0.02397	0.84571	0.12523	0.00509
V493	0.0503	0.03836	0.01308	0.89826
V494	0.1832	0.14554	0.55616	0.1151
V495	0.211	0.63561	0.13566	0.01773
V496	0.25841	0.70189	0	0.0397
V497	0.01461	0.04206	0.93438	0.00895
V498	0.31459	0.11043	0.05807	0.51692
V499	0.60388	0.26827	0.12307	0.00478
V500	0.09133	0.11778	0.75646	0.03443
V501	0.00295	0.04266	0.07995	0.87444
V502	0.54604	0.27584	0.15343	0.0247
V503	0.19117	0.10028	0.22006	0.48849
V504	0.21722	0.71612	0.01071	0.05595
V505	0.19124	0.21008	0.27726	0.32142
V506	0.08144	0.24291	0.48819	0.18746
V507	0.62169	0.09711	0.12557	0.15563
V508	0.75494	0.16573	0.04034	0.03899
V509	0.21748	0.06098	0.54097	0.18057
V510	0.21277	0.5231	0.25916	0.00497
V511	0.04205	0.44319	0.04929	0.46547
V512	0.23957	0.06187	0.09049	0.60807
V513	0.06968	0.66046	0.21159	0.05827
V514	0.01898	0.11912	0.01059	0.85131
V515	0.77763	0.06151	0.04836	0.11249
V516	0.89439	0.09991	0	0.0057
V517	0.0351	0.04498	0.28163	0.6383
V518	0.94429	0.0497	0	0.00601
V519	0.02256	0.88484	0.00534	0.08726
V520	0.02321	0.02375	0.64812	0.30492
V521	0.55442	0.04571	0.37506	0.02482
V522	0.00587	0.12031	0.61446	0.25935
V523	0.34988	0.12192	0.28015	0.24805
V524	0.00656	0.78467	0.18373	0.02504
V525	0.25102	0.21746	0.03095	0.50057
V526	0.6533	0.07932	0.0768	0.19057
V527	0.19499	0.03069	0.43045	0.34386
V528	0.08875	0.87154	2e-05	0.03969
V529	0.05477	0.07413	0.24784	0.62326
V530	0.00604	0.19375	0.70597	0.09424
V531	0.01881	0.87148	0.10948	0.00023
V532	0.16613	0.345	0.03043	0.45843
V533	0.27621	0.35943	0.14573	0.21863
V534	0.00712	0.03125	0.73589	0.22574
V535	0.55421	0.01439	0.01487	0.41653
V536	0.18145	0.0176	0.4021	0.39885
V537	0.58095	0.25618	0.15218	0.01069
V538	0.45884	0.0588	0.09233	0.39002
V539	0.25903	0.4414	0.16406	0.13551
V540	0.18631	0.71246	0.06873	0.0325
V541	0.01421	0.53344	0.06626	0.3861
V542	0.19063	0.12671	0.27748	0.40519
V543	0.88379	0.01464	0.01078	0.09079
V544	0.09824	0.09751	0.19075	0.6135
V545	0.36555	0.14531	0.07507	0.41407
V546	0.04247	0.89072	0.06173	0.00509
V547	0.03189	0.64812	0.30865	0.01134
V548	0.14208	0.77448	0.07859	0.00485
V549	0.3086	0.04092	0.63855	0.01193
V550	0.58958	0.03907	0.00168	0.36967
V551	0.16313	0.75523	0.03356	0.04809
V552	0.00082	0.56294	0.00924	0.427
V553	0.21379	0.14401	0.62356	0.01865
V554	0.05234	0.11628	0.03472	0.79666
V555	0.08328	0.22325	0.3628	0.33068
V556	0.00151	0.05443	0.91526	0.0288
V557	0.82274	0.03263	0.01053	0.1341
V558	0.05862	0.80779	0.02622	0.10737
V559	0.01031	0.80688	0.18247	0.00034
V560	0.6646	0.33012	0	0.00528
V561	0.00201	0.05852	0.93036	0.00911
V562	0.7835	0.01312	0.11798	0.0854
V563	0.23137	0.0291	0.73305	0.00648
V564	0.05328	0.08484	0.84865	0.01322
V565	0.11669	0.25452	0.40756	0.22123
V566	0.70417	0.09842	0.00451	0.19289
V567	0.2105	0.46676	0.02743	0.2953
V568	0.24049	0.02817	0.06441	0.66693
V569	0.68303	0.03635	0.00086	0.27975
V570	0.02194	0.27965	0.63917	0.05924
V571	0.81768	0.12874	0	0.05358
V572	0.42976	0.01824	0.4621	0.0899
V573	0.05936	0.20317	0.01364	0.72382
V574	0.03158	0.79379	0.16349	0.01114
V575	0.01747	0.10503	0.14413	0.73337
V576	0.14006	0.81432	0.03464	0.01098
V577	0.03519	0.06147	0.23862	0.66472
V578	0.04904	0.06724	0.71624	0.16748
V579	0.00717	0.88772	0.08712	0.018
V580	0.14676	0.02952	0.12835	0.69536
V581	0.0676	0.115	0.00872	0.80868
V582	0.58594	0.14662	0.03376	0.23368
V583	0.00633	0.05309	0.62833	0.31225
V584	0.51371	0.15126	0.30235	0.03267
V585	0.00779	0.03141	0.48309	0.47771
V586	0.21945	0.02442	0.67386	0.08228
V587	0.25133	0.02798	0.69457	0.02612
V588	0.63291	0.04827	0.02645	0.29238
V589	0.04874	0.83553	0.05968	0.05604
V590	0.04232	0.76936	0.18329	0.00503
V591	0.00088	0.06277	0.23243	0.70391
V592	0.15057	0.0585	0.78954	0.00138
V593	0.58091	0.00986	0.19375	0.21547
V594	0.32615	0.28501	0.34709	0.04175
V595	0.0316	0.06856	0.03724	0.86259
V596	0.03169	0.28641	0.24348	0.43842
V597	0.00083	0.58312	0.34097	0.07509
V598	0.01639	0.12443	0.84584	0.01335
V599	0.61647	0.32646	0.03264	0.02444
V600	0.34897	0.48849	0.05104	0.1115
V601	0.15619	0.28668	0.08781	0.46932
V602	0.03395	0.07302	0.02697	0.86606
V603	0.00777	0.40295	0.01838	0.57091
V604	0.50869	0.11383	0.35246	0.02502
V605	0.06037	0.32507	0.42669	0.18788
V606	0.73175	0.15378	0.00994	0.10453
V607	0.65342	0.01814	0.11363	0.21481
V608	0.21213	0.15418	0.41507	0.21862
V609	0.02264	0.24195	0.25655	0.47887
V610	0.77195	0.02457	0.0919	0.11157
V611	0.28694	0.02571	0.06243	0.62492
V612	0.0227	0.09313	0.82545	0.05872
V613	0.03121	0.32598	0.60862	0.03419
V614	0.76849	0.06149	0.04836	0.12166
V615	0.13151	0.08263	0.01542	0.77044
V616	0.06927	0.73097	0.04343	0.15633
V617	0.45816	0.16678	0.37453	0.00053
V618	0.72761	0.01711	0.00071	0.25457
V619	0.37617	0.03453	0.34052	0.24878
V620	0.00731	0.66309	0.32418	0.00542
V621	0.42733	0.15017	0.18607	0.23643
V622	0.34629	0.21927	0.40886	0.02558
V623	0.01732	0.09373	0.16569	0.72326
V624	0.77892	0.2033	0	0.01778
V625	0.256	0.50992	0.10046	0.13363
V626	0.95107	0.03692	0	0.01201
V627	0.00115	0.06447	0.10088	0.8335
V628	0.00105	0.26372	0.02292	0.71231
V629	0.11752	0.29209	0.30141	0.28899
V630	0.03105	0.32544	0.6014	0.0421
V631	0.01581	0.21336	0.11631	0.65452
V632	0.583	0.00978	0.14409	0.26313
V633	0.00094	0.04892	0.84248	0.10766
V634	0.38642	0.26561	0.34293	0.00503
V635	0.02261	0.78367	0.00604	0.18768
V636	0.11244	0.09983	0.67457	0.11315
V637	0.30457	0.19959	0.09586	0.39998
V638	0.37717	0.26123	0.0728	0.28881
V639	0.25754	0.43281	0.30921	0.00044
V640	0.03154	0.14908	0.77688	0.0425
V641	0.88851	0.04135	0.02447	0.04567
V642	0.76281	0.17566	0	0.06153
V643	0.00571	0.18108	0.48515	0.32807
V644	0.89992	0.08372	0.00494	0.01142
V645	0.24979	0.41326	0.31897	0.01799
V646	0.01009	0.97623	0.00783	0.00586
V647	0.13343	0.08655	0.72966	0.05036
V648	0.40065	0.43866	0.13573	0.02496
V649	0.02332	0.06998	0.85599	0.05071
V650	0.04976	0.0902	0.80136	0.05868
V651	0.2942	0.02663	0.67297	0.0062
V652	0.08181	0.0899	0.47644	0.35186
V653	0.11156	0.68642	0.09942	0.1026
V654	0.69923	0.19578	0.05753	0.04746
V655	0.03184	0.59935	0.02147	0.34733
V656	0.2019	0.28772	0.01488	0.4955
V657	0.02637	0.11497	0.02106	0.8376
V658	0.60761	0.20563	0.05874	0.12802
V659	0.31969	0.08367	0.39349	0.20315
V660	0.02595	0.95533	0.00022	0.0185
V661	0.05198	0.44311	0.05803	0.44688
V662	0.3965	0.02388	0.48868	0.09094
V663	0.22607	0.07105	0.59961	0.10327
V664	0.1884	0.06946	0.70043	0.04171
V665	0.69505	0.18393	0.04022	0.0808
V666	0.5829	0.01044	0.10589	0.30077
V667	0.7524	0.07873	0.16852	0.00035
V668	0.11256	0.80538	0.08189	0.00016
V669	0.22173	0.41738	0.26399	0.0969
V670	0.07121	0.91046	9e-05	0.01824
V671	0.35695	0.28262	0.2737	0.08673
V672	0.01743	0.04911	0.90523	0.02823
V673	0.22495	0.37173	0.2457	0.15761
V674	0.72652	0.14295	0.01686	0.11367
V675	0.12801	0.32602	0.34548	0.20049
V676	0.02619	0.13131	0.12025	0.72225
V677	0.37798	0.4096	0.09919	0.11324
V678	0.49539	0.48818	0.01155	0.00489
V679	0.04157	0.30904	0.63729	0.0121
V680	0.29227	0.55391	0.13609	0.01773
V681	0.89566	0.06923	0.01066	0.02445
V682	0.10216	0.29169	0.57196	0.03419
V683	0.01396	0.96464	0.02122	0.00018
V684	0.70278	0.15564	0.09403	0.04755
V685	0.48988	0.34426	0.12547	0.04039
V686	0.08611	0.18919	0.16747	0.55724
V687	0.03412	0.05667	0.04027	0.86894
V688	0.36109	0.52217	0	0.11675
V689	0.25273	0.02283	0.05569	0.66875
V690	0.45774	0.04403	0.44156	0.05667
V691	0.14784	0.03315	0.81211	0.0069
V692	0.06981	0.13361	0.73759	0.05899
V693	0.2232	0.10463	0.40217	0.27001
V694	0.00762	0.04785	0.32698	0.61756
V695	0.23531	0.02307	0.17343	0.56819
V696	0.07325	0.11416	0.02463	0.78796
V697	0.01707	0.1055	0.02428	0.85315
V698	0.82594	0.01414	0.01114	0.14878
V699	0.5656	0.28398	0.06752	0.0829
V700	0.23248	0.04967	0.01369	0.70416
V701	0.10375	0.54476	0.11395	0.23753
V702	0.54627	0.08502	0.01251	0.35619
V703	0.12484	0.05406	0.52682	0.29428
V704	0.82759	0.04666	0.02419	0.10157
V705	0.95182	0.01157	0.01198	0.02463
V706	0.06968	0.05581	0.79912	0.0754
V707	0.03094	0.42805	0.5071	0.03391
V708	0.03066	0.88727	0.01868	0.06339
V709	0.12515	0.25569	0.55014	0.06902
V710	0.60719	0.20575	0.05009	0.13697
V711	0.07911	0.8095	0.08648	0.02491
V712	0.82173	0.05634	0.00421	0.11771
V713	0.43178	0.30332	0.03456	0.23034
V714	0.00654	0.69441	0.02066	0.27839
V715	0.29173	0.33185	0.31708	0.05934
V716	0.03437	0.07559	0.05992	0.83012
V717	0.07256	0.91554	0.00012	0.01178
V718	0.1364	0.57433	0.18399	0.10528
V719	0.04937	0.73109	0.0353	0.18424
V720	0.69256	0.01025	0.2355	0.0617
V721	0.11493	0.15578	0.51125	0.21803
V722	0.08604	0.36434	0.01628	0.53334
V723	0.10741	0.11115	0.01504	0.7664
V724	0.5822	0.03249	0.08796	0.29735
V725	0.00116	0.1059	0.86509	0.02785
V726	0.03198	0.39539	0.12947	0.44316
V727	0.25149	0.65615	0.08756	0.0048
V728	0.02427	0.88214	0.08845	0.00515
V729	0.40357	0.02276	0.17484	0.39884
V730	0.89903	0.0361	0.0407	0.02417
V731	0.02184	0.1916	0.43089	0.35567
V732	0.34373	0.0743	0.37983	0.20214
V733	0.64898	0.18344	0.0325	0.13507
V734	0.22626	0.3046	0.46387	0.00527
V735	0.01442	0.03992	0.52028	0.42538
V736	0.14882	0.04041	0.01804	0.79274
V737	0.32412	0.28448	0.25491	0.13649
V738	0.07046	0.32421	0.47971	0.12562
V739	6e-04	0.03348	0.63508	0.33084
V740	0.83514	0.08714	0.06688	0.01084
V741	0.48649	0.10023	0.13097	0.28231
V742	0.38452	0.60185	0.01351	0.00012
V743	0.1238	0.13903	0.71804	0.01914
V744	0.51368	0.04078	0.34542	0.10011
V745	0.01353	0.70532	0.17955	0.10159
V746	0.97514	0.01794	0.00049	0.00642
V747	0.04986	0.02398	0.73662	0.18954
V748	0.11294	0.09817	0.62733	0.16156
V749	0.27716	0.18228	0.05782	0.48274
V750	0.40299	0.46978	0.01735	0.10988
V751	0.03936	0.87872	0.03427	0.04764
V752	0.46352	0.22226	0.14131	0.1729
V753	0.03347	0.07822	0.01154	0.87677
V754	0.00839	0.93679	0.00034	0.05448
V755	0.14075	0.18804	0.37338	0.29783
V756	0.02869	0.05045	0.069	0.85186
V757	0.32319	0.59252	0.05942	0.02487
V758	0.03943	0.77874	0.11632	0.06551
V759	0.11581	0.06309	0.43934	0.38177
V760	0.28516	0.05856	0.30513	0.35115
V761	0.05967	0.5823	0.28135	0.07667
V762	0.00087	0.41423	0.01873	0.56617
V763	0.38046	0.36287	0.02637	0.2303
V764	0.00735	0.93228	0.00576	0.05461
V765	0.66905	0.092	0.00047	0.23849
V766	0.01328	0.31178	0.46918	0.20576
V767	0.48155	0.11853	0.25884	0.14108
V768	0.05066	0.91205	0.01935	0.01793
V769	0.1298	0.83221	0.02696	0.01104
V770	0.01009	0.97623	0.00783	0.00586
V771	0.15611	0.03568	0.79533	0.01288
V772	0.12549	0.06015	0.80777	0.0066
V773	0.15044	0.8332	0.00509	0.01126
V774	0.01908	0.03673	0.91564	0.02855
V775	0.10687	0.05139	0.31273	0.52901
V776	0.42032	0.42705	0.05063	0.10201
V777	0.16891	0.12298	0.15415	0.55395
V778	0.53686	0.27438	0.06848	0.12028
V779	0.15909	0.0454	0.53406	0.26145
V780	0.1032	0.76941	0.12717	0.00022
V781	0.04778	0.06812	0.04127	0.84283
V782	0.00672	0.12065	0.81393	0.05869
V783	0.79062	0.0246	0.04838	0.1364
V784	0.1015	0.88043	0.01283	0.00523
V785	0.03274	0.93665	0.0125	0.01811
V786	0.72056	0.15576	0.08439	0.03929
V787	0.0014	0.84052	0.15269	0.00539
V788	0.50468	0.29949	0.1553	0.04052
V789	0.06439	0.38672	0.03242	0.51646
V790	0.45355	0.03689	0.08298	0.42658
V791	0.12697	0.37336	0.35246	0.14721
V792	0.12534	0.56041	0.00629	0.30797
V793	0.11221	0.67582	0.03485	0.17713
V794	0.04041	0.08213	0.81036	0.0671
V795	0.10522	0.06841	0.07013	0.75624
V796	0.02465	0.09384	0.86116	0.02035
V797	0.74556	0.013	0.23037	0.01108
V798	0.61026	0.29646	0.076	0.01728
V799	0.12023	0.78958	0.02564	0.06456
V800	0.06028	0.03512	0.556	0.34861
V801	0.12945	0.1171	0.36176	0.39169
V802	0.03283	0.08935	0.30425	0.57357
V803	0.21153	0.5206	0.26747	0.00039
V804	0.51239	0.0223	0.40138	0.06392
V805	0.0262	0.04781	0.92392	0.00208
V806	0.04053	0.91557	0.01173	0.03217
V807	0.25196	0.16419	0.04074	0.54311
V808	0.65656	0.27111	0.0406	0.03173
V809	0.04279	0.07099	0.88453	0.00169
V810	0.01217	0.98122	0.00042	0.0062
V811	0.42255	0.07353	0.21839	0.28553
V812	0.54814	0.26292	0.05045	0.13849
V813	0.59216	0.19008	0.19302	0.02474
V814	0.41646	0.53595	0.04282	0.00477
V815	0.0014	0.92093	0.07224	0.00542
V816	0.91578	0.01797	0.06582	0.00043
V817	0.02577	0.0889	0.87171	0.01362
V818	0.00099	0.10035	0.05645	0.84221
V819	0.83149	0.08136	0.04848	0.03867
V820	0.12588	0.12109	0.02976	0.72328
V821	0.20901	0.30953	0.41251	0.06895
V822	0.0632	0.04579	0.87058	0.02043
V823	0.02182	0.18334	0.70939	0.08546
V824	0.08435	0.37556	0.53928	0.00081
V825	0.21539	0.2886	0.27417	0.22185
V826	0.42021	0.41484	0.1542	0.01075
V827	0.36158	0.60301	0.0107	0.02471
V828	0.21656	0.17237	0.11942	0.49165
V829	0.03505	0.27035	0.04528	0.64933
V830	0.21533	0.24154	0.03125	0.51188
V831	0.77617	0.08782	0.03181	0.1042
V832	0.26105	0.40584	0.17634	0.15677
V833	0.13784	0.51867	0.18757	0.15593
V834	0.28864	0.08255	0.08817	0.54064
V835	0.34968	0.45574	0.11875	0.07583
V836	0.00686	0.70137	0.00737	0.2844
V837	0.21384	0.38517	0.20153	0.19946
V838	0.91658	0.05054	0.02754	0.00534
V839	0.28658	0.61174	0.09689	0.00479
V840	0.27663	0.71622	0.00703	0.00012
V841	0.00122	0.06168	0.88612	0.05097
V842	0.35078	0.16168	0.28054	0.207
V843	0.01536	0.04239	0.87575	0.06649
V844	0.1051	0.09038	0.41794	0.38658
V845	0.06004	0.10629	0.77466	0.05901
V846	0.00086	0.03615	0.77673	0.18626
V847	0.00356	0.04333	0.06047	0.89264
V848	0.0818	0.52236	0.17806	0.21778
V849	0.00128	0.95996	0.00638	0.03238
V850	0.96209	0.013	0.01309	0.01182
V851	0.32076	0.53296	0.14606	0.00022
V852	0.10073	0.06796	0.14907	0.68223
V853	0.23494	0.21707	0.43141	0.11657
V854	0.59922	0.16513	0.10678	0.12887
V855	0.00356	0.04333	0.06047	0.89264
V856	0.04012	0.35048	0.3801	0.2293
V857	0.67839	0.17341	0.03226	0.11593
V858	0.53548	0.0242	0.43481	0.00551
V859	0.65742	0.23649	0.01685	0.08925
V860	0.1818	0.12878	0.0622	0.62722
V861	0.08176	0.35104	0.55548	0.01172
V862	0.1224	0.08811	0.74734	0.04216
V863	0.19735	0.08528	0.0062	0.71117
V864	0.06364	0.06769	0.06494	0.80373
V865	0.10718	0.02573	0.29914	0.56795
V866	0.71034	0.02471	0.25389	0.01106
V867	0.70749	0.03392	0.25343	0.00516
V868	0.5127	0.27574	0.13655	0.07501
V869	0.01848	0.9684	0.00738	0.00575
V870	0.09699	0.36241	0.02351	0.51708
V871	0.00128	0.95996	0.00638	0.03238
V872	0.00848	0.04249	0.28408	0.66495
V873	0.88563	0.03493	0.04843	0.03102
V874	0.18532	0.78484	0.02972	0.00012
V875	0.0146	0.20278	0.2238	0.55882
V876	0.14911	0.32326	0.43994	0.08769
V877	0.04042	0.39933	0.31991	0.24034
V878	0.12303	0.81262	0.06421	0.00014
V879	0.17658	0.70741	0.04214	0.07387
V880	0.29367	0.56492	0.00459	0.13682
V881	0.13374	0.04792	0.64053	0.1778
V882	0.7966	0.00858	0.12634	0.06847
V883	0.26839	0.20295	0.52784	0.00082
V884	0.01902	0.31309	0.00578	0.66211
V885	0.69276	0.21986	0.08717	2e-04
V886	0.01321	0.3576	0.49571	0.13348
V887	0.63861	0.06246	0.16365	0.13528
V888	0.09002	0.05413	0.77169	0.08416
V889	0.90983	0.05411	0.01832	0.01774
V890	0.03015	0.13916	0.66019	0.1705
V891	0.61719	0.05007	0.29298	0.03976
V892	0.27519	0.19629	0.01504	0.51347
V893	0.57986	0.20834	0.15482	0.05698
V894	0.06035	0.30334	0.60211	0.0342
V895	0.5938	0.06267	0.20721	0.13632
V896	0.03342	0.9426	0.00573	0.01825
V897	0.68309	0.25847	0.00382	0.05462
V898	0.46564	0.01757	0.00994	0.50685
V899	0.02415	0.2058	0.15799	0.61206
V900	0.07153	0.29059	0.39557	0.2423
V901	0.0309	0.85035	0.00522	0.11353
V902	0.04275	0.90692	0.04517	0.00517
V903	0.00629	0.41447	0.5374	0.04184
V904	0.01999	0.97355	0.00034	0.00611
V905	0.14283	0.02223	0.2009	0.63404
V906	0.40135	0.09459	0.11379	0.39028
V907	0.41563	0.51898	0.01739	0.048
V908	0.0111	0.08422	0.09089	0.81379
V909	0.11908	0.81765	6e-05	0.06322
V910	0.15722	0.02383	0.13869	0.68026
V911	0.50625	0.39661	0.03259	0.06455
V912	0.38449	0.3294	0.13179	0.15432
V913	0.12067	0.03256	0.02165	0.82513
V914	0.16915	0.49655	0.30078	0.03352
V915	0.22461	0.02673	0.0162	0.73246
V916	0.23293	0.05991	0.66568	0.04147
V917	0.71228	0.03155	0.16841	0.08776
V918	0.03962	0.6406	0.23486	0.08492
V919	0.19048	0.23064	0.32354	0.25534
V920	0.61643	0.19583	0.09604	0.0917
V921	0.02766	0.19175	0.04041	0.74018
V922	0.09117	0.46403	0.40285	0.04195
V923	0.07654	0.05093	0.05718	0.81535
V924	0.03113	0.67419	0.26922	0.02546
V925	0.17519	0.06022	0.02258	0.742
V926	0.19559	0.04808	0.03898	0.71735
V927	0.02342	0.0768	0.07081	0.82897
V928	0.04036	0.8997	0.0051	0.05484
V929	0.04943	0.65842	0.13132	0.16083
V930	0.50062	0.3753	0.03273	0.09135
V931	0.12532	0.26665	0.53901	0.06902
V932	0.03004	0.10967	0.64991	0.21037
V933	0.57653	0.40159	0.01099	0.01089
V934	0.00664	0.158	0.30441	0.53095
V935	0.55885	0.1574	0.21803	0.06572
V936	0.52294	0.27467	0.01767	0.18471
V937	0.54522	0.12768	0.08924	0.23787
V938	0.36724	0.04906	0.33201	0.25169
V939	0.7547	0.02421	0.07457	0.14651
V940	0.02212	0.80147	0.14385	0.03256
V941	0.00257	0.04732	0.9404	0.00971
V942	0.72676	0.18924	0.06674	0.01725
V943	0.3822	0.12452	0.4434	0.04988
V944	0.01561	0.29042	0.073	0.62097
V945	0.54989	0.35918	0.00998	0.08095
V946	0.44555	0.2583	0.26319	0.03295
V947	0.07539	0.06363	0.25784	0.60314
V948	0.32075	0.03879	0.62184	0.01861
V949	0.00056	0.12704	0.22765	0.64476
V950	0.05013	0.54313	0.22164	0.18511
V951	0.81299	0.02555	0.15632	0.00514
V952	0.06315	0.13333	0.29361	0.50991
V953	0.01627	0.06904	0.88677	0.02792
V954	0.03358	0.19481	0.15788	0.61372
V955	0.11329	0.62071	0.02717	0.23883
V956	0.03143	0.03736	0.55463	0.37658
V957	0.3342	0.03743	0.00506	0.62331
V958	0.0503	0.03836	0.01308	0.89826
V959	0.22024	0.25249	0.45849	0.06878
V960	0.22852	0.28243	0.08633	0.40272
V961	0.126	0.3847	0.37283	0.11647
V962	0.35168	0.16336	0.41721	0.06775
V963	0.59435	0.16632	0.1653	0.07403
V964	0.83472	0.03408	0.10003	0.03118
V965	0.05013	0.50995	0.20129	0.23863
V966	0.95518	0.02738	0.00563	0.01181
V967	0.04983	0.04937	0.57024	0.33056
V968	0.00082	0.15055	0.79015	0.05848
V969	0.00783	0.31548	0.0455	0.63119
V970	0.03096	0.11966	0.46513	0.38424
V971	0.4937	0.08244	0.34915	0.07471
V972	0.50931	0.19925	0.05179	0.23965
V973	0.26083	0.4307	0.08239	0.22608
V974	0.00627	0.79506	0.12539	0.07329
V975	0.09314	0.28807	0.61311	0.00569
V976	0.43862	0.24554	0.12183	0.19401
V977	0.30488	0.35626	0.33384	0.00502
V978	0.05873	0.11469	0.07913	0.74745
V979	0.78436	0.02544	0.18507	0.00512
V980	0.97514	0.01794	0.00049	0.00642
V981	0.32322	0.03534	0.4637	0.17774
V982	0.43337	0.40433	0.0782	0.08411
V983	0.70155	0.06497	0.00496	0.22852
V984	0.01413	0.84829	0.10524	0.03234
V985	0.06932	0.22213	0.0126	0.69596
V986	0.31108	0.53545	0.05104	0.10243
V987	0.22333	0.75879	0	0.01788
V988	0.20921	0.04166	0.0225	0.72663
V989	0.42901	0.4764	0.07714	0.01745
V990	0.00086	0.0604	0.81252	0.12622
V991	0.61982	0.36896	0	0.01121
V992	0.18947	0.02104	0.55482	0.23468
V993	0.0592	0.73381	0.16623	0.04076
V994	0.17203	0.79029	0.02669	0.01099
V995	0.74007	0.10537	0.03203	0.12253
V996	0.2637	0.1373	0.01653	0.58247
V997	0.01525	0.03399	0.84308	0.10768
V998	0.87047	0.01957	0.06451	0.04546
V999	0.11334	0.88099	8e-05	0.00558
V1000	0.31083	0.04612	0.00532	0.63773
