cytotoxic.CD56.dim.NK.cell	memory.CD4.pos.AB.T.cell	memory.B.cell	CD14.pos.CD16.neg.classical.monocyte
V1	0.61993	0.0114	0.21102	0.15765
V2	0.24908	0.11988	0.08681	0.54424
V3	0.08411	0.7033	0.02048	0.19212
V4	0.86347	0.12324	0.00014	0.01314
V5	0.14157	0.46834	0.29751	0.09258
V6	0.09678	0.86073	0.02845	0.01405
V7	0.20682	0.41279	0.11854	0.26185
V8	0.14202	0.0067	0.83305	0.01823
V9	0.33313	0.28458	0.05794	0.32434
V10	0.02296	0.00768	0.94074	0.02863
V11	0.22795	0.31699	0.45104	0.00402
V12	0.03525	0.55234	0.40345	0.00895
V13	0.29284	0.68487	0.00866	0.01362
V14	0.0848	0.90001	0.01065	0.00454
V15	0.15525	0.60453	0.14781	0.0924
V16	0.91376	0.04641	0.02325	0.01658
V17	0.10723	0.85977	0.01895	0.01406
V18	0.58973	0.33525	0.05248	0.02254
V19	0.18463	0.79703	0.0094	0.00895
V20	0.23068	0.51819	0.03044	0.2207
V21	0.14349	0.03657	0.8017	0.01825
V22	0.03426	0.11715	0.33673	0.51186
V23	0.39801	0.02814	0.56992	0.00393
V24	0.93225	0.0346	0.03305	9e-05
V25	0.41404	0.24778	0.16542	0.17276
V26	0.44879	0.40655	0.02652	0.11814
V27	0.17797	0.08337	0.0377	0.70095
V28	0.00144	0.02578	0.97233	0.00044
V29	0.44455	0.01915	0.51895	0.01735
V30	0.14224	0.23226	0.37272	0.25278
V31	0.25975	0.19184	0.36814	0.18027
V32	0.14274	0.04535	0.05769	0.75422
V33	0.06143	0.47864	0.40282	0.05711
V34	0.14247	0.02049	0.81886	0.01819
V35	0.18839	0.69662	0.09632	0.01867
V36	0.01381	0.031	0.65092	0.30427
V37	0.62518	0.07454	0.12656	0.17372
V38	0.52445	0.00552	0.23077	0.23926
V39	0.20088	0.56294	0.15651	0.07966
V40	0.11751	0.79497	0.08742	1e-04
V41	0.01403	0.75358	0.065	0.16739
V42	0.31591	0.0314	0.30165	0.35105
V43	0.14914	0.30314	0.52929	0.01843
V44	0.02324	0.05359	0.82766	0.09552
V45	0.1224	0.57289	0.25333	0.05139
V46	0.78852	0.07287	0.13472	0.0039
V47	0.45758	0.17186	0.34212	0.02844
V48	0.80271	0.17669	0.00753	0.01306
V49	0.75656	0.19566	8e-05	0.0477
V50	0.08387	0.81415	0.09766	0.00432
V51	0.3293	0.37204	0.2806	0.01806
V52	0.03401	0.08321	0.86413	0.01865
V53	0.72387	0.11569	0.16038	6e-05
V54	0.43178	0.16994	0.38536	0.01292
V55	0.29161	0.13346	0.322	0.25293
V56	0.08109	0.02872	0.15789	0.7323
V57	0.11836	0.84422	0.02842	0.00901
V58	0.7451	0.01321	0.05789	0.1838
V59	0.45482	0.39268	0.12411	0.02839
V60	0.18233	0.1545	0.42668	0.2365
V61	0.82429	0.11186	0.01565	0.0482
V62	0.87894	0.0381	0.07513	0.00783
V63	0.02482	0.8196	0.1415	0.01408
V64	0.01404	0.90273	0.00207	0.08116
V65	0.02379	0.01697	0.18054	0.77869
V66	0.25136	0.68298	0.02642	0.03924
V67	0.17336	0.28945	0.52856	0.00863
V68	0.25932	0.1975	0.04143	0.50175
V69	0.03448	0.27687	0.65976	0.02889
V70	0.57915	0.1422	0.20779	0.07085
V71	0.22191	0.06526	0.4811	0.23173
V72	0.62111	0.16035	0.11931	0.09923
V73	0.1837	0.60244	0.16319	0.05068
V74	0.06786	0.18634	0.74558	0.00023
V75	0.72587	0.00606	0.21638	0.0517
V76	0.0021	0.22423	0.29762	0.47605
V77	0.07016	0.40672	0.01656	0.50656
V78	0.39031	0.1211	0.25134	0.23725
V79	0.01113	0.07297	0.86546	0.05044
V80	0.37111	0.01082	0.56987	0.04821
V81	0.06774	0.12973	0.79819	0.00433
V82	0.00102	0.04541	0.94866	0.00492
V83	0.21694	0.22794	0.12207	0.43306
V84	0.49098	0.04739	0.2217	0.23994
V85	0.13947	0.30129	0.46276	0.09648
V86	0.05732	0.0296	0.88962	0.02346
V87	0.04985	0.84037	0.06923	0.04055
V88	0.24195	0.06038	0.37877	0.3189
V89	0.03679	0.02164	0.35063	0.59093
V90	0.03676	0.88499	0.06907	0.00917
V91	0.04849	0.71802	0.21462	0.01887
V92	0.48045	0.01771	0.42515	0.07668
V93	0.91811	0.02436	0.00012	0.05741
V94	0.03147	0.57547	0.03723	0.35583
V95	0.29732	0.42882	0.1883	0.08555
V96	0.13423	0.1512	0.05045	0.66412
V97	0.68524	0.0949	0.21609	0.00377
V98	0.69445	0.29679	3e-04	0.00846
V99	0.78718	0.04742	0.1615	0.0039
V100	0.09145	0.01433	0.88046	0.01376
V101	0.0303	0.06812	0.01306	0.88851
V102	0.92707	0.05746	0.00741	0.00807
V103	0.02231	0.0726	0.17724	0.72785
V104	0.03771	0.94637	0.01126	0.00467
V105	0.07247	0.9029	0.0201	0.00453
V106	0.14194	0.48041	0.3538	0.02385
V107	0.20425	0.17158	0.59571	0.02845
V108	0.17442	0.71912	0.10637	9e-05
V109	0.02402	0.14478	0.69643	0.13477
V110	0.0727	0.86504	0.04824	0.01402
V111	0.91078	0.0098	0.07556	0.00386
V112	0.17734	0.05459	0.54516	0.2229
V113	0.2795	0.11978	0.26066	0.34006
V114	0.36742	0.05905	0.13375	0.43978
V115	0.01282	0.72906	0.25372	0.00439
V116	0.17962	0.29977	0.42416	0.09644
V117	0.68761	0.2473	0.04265	0.02244
V118	0.21341	0.61	0.04919	0.1274
V119	0.20099	0.11196	0.09134	0.5957
V120	0.09119	0.04737	0.85249	0.00895
V121	0.6475	0.1301	0.11894	0.10345
V122	0.9578	0.01796	0.01607	0.00817
V123	0.01511	0.62479	0.0717	0.2884
V124	0.67599	0.29155	0.00015	0.03231
V125	0.40751	0.3869	0.19254	0.01306
V126	0.07484	0.21868	0.0942	0.61229
V127	0.24545	0.05088	0.36999	0.33369
V128	0.06101	0.02754	0.20846	0.70299
V129	0.59452	0.21254	0.17555	0.01739
V130	0.01242	0.62436	0.35887	0.00435
V131	0.03796	0.91395	0.00195	0.04614
V132	0.93894	0.01643	0.03236	0.01226
V133	0.90982	0.02357	0.05864	0.00798
V134	0.15716	0.43946	0.17859	0.22479
V135	0.14147	0.0293	0.30542	0.52382
V136	0.32023	0.45181	0.01923	0.20873
V137	0.65951	0.03453	0.26943	0.03653
V138	0.26111	0.40639	0.21818	0.11432
V139	0.41145	0.2078	0.2433	0.13744
V140	0.05975	0.14178	0.10214	0.69633
V141	0.08943	0.14369	0.63384	0.13304
V142	0.79086	0.009	0.20004	9e-05
V143	0.49247	0.27783	0.0923	0.1374
V144	0.24796	0.17935	0.24612	0.32656
V145	0.00205	0.73986	0.25365	0.00443
V146	0.10511	0.03367	0.06113	0.8001
V147	0.92566	0.03016	0.02323	0.02096
V148	0.16118	0.06058	0.66137	0.11688
V149	0.28583	0.4753	0.23485	0.00402
V150	0.10541	0.21507	0.63455	0.04497
V151	0.25077	0.62933	0.04677	0.07313
V152	0.26656	0.42822	0.24971	0.05552
V153	0.13884	0.76639	0.02776	0.06701
V154	0.26372	0.42342	0.29457	0.01828
V155	0.48919	0.13479	0.3205	0.05552
V156	0.04794	0.11928	0.76035	0.07243
V157	0.35285	0.15132	0.37163	0.1242
V158	0.02987	0.02063	0.05514	0.89436
V159	0.89568	0.07689	4e-05	0.02738
V160	0.76851	0.0128	0.08613	0.13257
V161	0.34927	0.02215	0.05979	0.56879
V162	0.11256	0.38563	0.13261	0.3692
V163	0.13298	0.51545	0.21489	0.13668
V164	0.40464	0.31998	0.13809	0.13729
V165	0.01985	0.40133	0.00682	0.572
V166	0.02115	0.15771	0.13614	0.68501
V167	0.5243	0.01037	0.01461	0.45071
V168	0.31556	0.55446	0.09584	0.03414
V169	0.30993	0.07917	0.07099	0.53991
V170	0.14384	0.01801	0.64229	0.19585
V171	0.14752	0.21165	0.61732	0.02351
V172	0.70835	0.00812	0.27967	0.00386
V173	0.05712	0.22355	0.08075	0.63857
V174	0.03652	0.24308	0.1393	0.5811
V175	0.08213	0.00557	0.84184	0.07045
V176	0.01313	0.79068	0.19177	0.00442
V177	0.01476	0.9732	0.00242	0.00962
V178	0.01403	0.84292	0.01038	0.13267
V179	0.22316	0.01137	0.50275	0.26272
V180	0.03709	0.87298	0.08981	0.00012
V181	0.19603	0.11698	0.59797	0.08903
V182	0.31923	0.16135	0.48582	0.03361
V183	0.20585	0.7802	0.00963	0.00433
V184	0.9775	0.01309	0.00926	0.00014
V185	0.58834	0.3914	0.01629	0.00397
V186	0.15233	0.47049	0.30336	0.07382
V187	0.94597	0.01777	0.03239	0.00388
V188	0.10668	0.34295	0.00604	0.54434
V189	0.8602	0.03013	0.02491	0.08475
V190	0.65314	0.01439	0.3286	0.00387
V191	0.20359	0.18118	0.59196	0.02328
V192	0.35154	0.47824	0.06848	0.10174
V193	0.62818	0.03382	0.26751	0.07048
V194	0.04961	0.92576	0.01035	0.01429
V195	0.01238	0.01917	0.96349	0.00496
V196	0.02504	0.13339	0.02899	0.81257
V197	0.55199	0.06339	0.04404	0.34058
V198	0.08453	0.47781	0.40265	0.03501
V199	0.26114	0.03491	0.27745	0.42651
V200	0.17909	0.6222	0.02941	0.16929
V201	0.12875	0.55729	0.22793	0.08602
V202	0.02341	0.0121	0.86431	0.10018
V203	0.18633	0.39314	0.40713	0.01339
V204	0.01558	0.66807	0.01263	0.30373
V205	0.02302	0.04175	0.92589	0.00933
V206	0.05703	0.07611	0.86239	0.00447
V207	0.21636	0.25676	0.09372	0.43316
V208	0.26599	0.05292	0.6726	0.00848
V209	0.34779	0.47293	0.08905	0.09023
V210	0.10947	0.75198	0.10934	0.02921
V211	0.56838	0.02415	0.05705	0.35042
V212	0.51192	0.03516	0.44035	0.01257
V213	0.70347	0.03553	0.13893	0.12207
V214	0.41064	0.17164	0.21702	0.2007
V215	0.42785	0.13023	0.03655	0.40537
V216	0.07122	0.01992	0.0512	0.85766
V217	0.06618	0.51325	0.28829	0.13228
V218	0.13461	0.47952	0.22013	0.16574
V219	0.1469	0.69313	0.01907	0.14089
V220	0.01388	0.88252	0.01011	0.09349
V221	0.87251	0.01513	0.00758	0.10478
V222	0.35501	0.1282	0.41799	0.0988
V223	0.01113	0.11956	0.82424	0.04507
V224	0.9615	0.01268	0.02569	0.00013
V225	0.07213	0.855	0.06848	0.00439
V226	0.32177	0.06911	0.60076	0.00836
V227	0.78773	0.00725	0.19734	0.00768
V228	0.79287	0.07194	0.08207	0.05312
V229	0.02304	0.01619	0.94663	0.01415
V230	0.02715	0.05895	0.05052	0.86338
V231	0.03223	0.36927	0.18159	0.41691
V232	0.06969	0.74402	0.00238	0.18391
V233	0.60587	0.08549	0.22859	0.08005
V234	0.04907	0.90255	0.03919	0.00919
V235	0.38318	0.05125	0.54804	0.01753
V236	0.05808	0.05317	0.84447	0.04428
V237	0.27893	0.02456	0.06452	0.632
V238	0.15561	0.52587	0.28922	0.02929
V239	0.11064	0.51232	0.03584	0.34119
V240	0.4951	0.0343	0.44303	0.02756
V241	0.02295	0.00717	0.93068	0.0392
V242	0.15289	0.73126	0.10704	0.00881
V243	0.26066	0.03363	0.66231	0.04341
V244	0.22632	0.00515	0.72048	0.04805
V245	0.61571	0.28934	0.06238	0.03257
V246	0.06839	0.12815	0.78971	0.01375
V247	0.17652	0.01681	0.8064	0.00027
V248	0.04502	0.06416	0.09734	0.79348
V249	0.00073	0.03094	0.92884	0.03948
V250	0.76959	0.00752	0.21926	0.00362
V251	0.93876	0.04972	0.00762	0.00391
V252	0.01371	0.81552	0.17064	0.00013
V253	0.45722	0.07743	0.22315	0.2422
V254	0.01403	0.92119	0.06023	0.00456
V255	0.06145	0.91233	0.0019	0.02431
V256	0.19897	0.19413	0.55667	0.05022
V257	0.47116	0.10169	0.29056	0.13659
V258	0.20652	0.24944	0.47087	0.07317
V259	0.04622	0.26393	0.66621	0.02365
V260	0.00107	0.257	0.73748	0.00445
V261	0.65173	0.03418	0.2297	0.0844
V262	0.1779	0.09701	0.03725	0.68785
V263	0.02622	0.95709	0.00224	0.01446
V264	0.21658	0.03522	0.53697	0.21122
V265	0.05953	0.01403	0.2552	0.67124
V266	0.65012	0.34113	0.00867	8e-05
V267	0.00158	0.21667	0.421	0.36076
V268	0.49252	0.02975	0.20229	0.27544
V269	0.01197	0.53326	0.42548	0.0293
V270	0.65622	0.02624	0.27076	0.04678
V271	0.82283	0.07367	0.04387	0.05962
V272	0.0759	0.84247	0.01868	0.06296
V273	0.10422	0.04693	0.07663	0.77223
V274	0.72421	0.00584	0.20794	0.06201
V275	0.00106	0.02076	0.97307	0.00511
V276	0.5494	0.34725	0.0161	0.08725
V277	0.06508	0.26768	0.25435	0.41289
V278	0.06361	0.06829	0.44475	0.42334
V279	0.72621	0.06086	0.13335	0.07958
V280	0.02987	0.02063	0.05514	0.89436
V281	0.61875	0.03571	0.18052	0.16503
V282	0.06857	0.05344	0.84423	0.03376
V283	0.25302	0.58339	0.07853	0.08507
V284	0.03683	0.88921	0.06949	0.00447
V285	0.07993	0.01055	0.90917	0.00035
V286	0.27876	0.53484	0.13032	0.05609
V287	0.11903	0.8482	0.0188	0.01397
V288	0.02546	0.28483	0.52338	0.16633
V289	0.30315	0.20179	0.4503	0.04475
V290	0.81321	0.16937	0.01733	9e-05
V291	0.49087	0.06005	0.44093	0.00815
V292	0.9537	0.01632	0	0.02998
V293	0.30368	0.01186	0.66165	0.02281
V294	0.14505	0.48046	0.00384	0.37064
V295	0.03224	0.22968	0.30404	0.43404
V296	0.1959	0.10535	0.64938	0.04937
V297	0.13665	0.01458	0.1354	0.71337
V298	0.31002	0.08647	0.59513	0.00838
V299	0.11986	0.38257	0.02782	0.46975
V300	0.00234	0.0453	0.39297	0.55938
V301	0.14256	0.09685	0.69429	0.06629
V302	0.6562	0.33494	0.00036	0.0085
V303	0.00144	0.56998	0.40962	0.01896
V304	0.07147	0.01828	0.81636	0.09389
V305	0.1584	0.15382	0.54117	0.14661
V306	0.81153	0.09966	0.06167	0.02714
V307	0.02598	0.94422	0.02041	0.0094
V308	0.27778	0.22919	0.35472	0.1383
V309	0.41137	0.3485	0.03958	0.20055
V310	0.1206	0.36985	0.21612	0.29344
V311	0.53506	0.45273	0.00817	0.00404
V312	0.11843	0.70853	0.15928	0.01375
V313	0.00379	0.18912	0.04224	0.76486
V314	0.02855	0.55708	0.15982	0.25455
V315	0.16049	0.6613	0.04991	0.12831
V316	0.34057	0.12738	0.43753	0.09452
V317	0.11619	0.72582	0.05995	0.09804
V318	0.05812	0.66146	0.02203	0.25839
V319	0.06787	0.04644	0.86724	0.01846
V320	0.09685	0.12739	0.70391	0.07185
V321	0.64051	0.35073	0.00868	8e-05
V322	0.26695	0.37046	0.10472	0.25786
V323	0.09872	0.03963	0.1704	0.69125
V324	0.66006	0.24659	0.08056	0.01279
V325	0.32954	0.60202	0.06438	0.00407
V326	0.00192	0.64614	0.13038	0.22156
V327	0.036	0.21032	0.18515	0.56853
V328	0.06038	0.01846	0.82209	0.09908
V329	0.25198	0.13577	0.25398	0.35827
V330	0.43693	0.0104	0.4016	0.15107
V331	0.4733	0.10869	0.06953	0.34848
V332	0.01912	0.07201	0.32318	0.58568
V333	0.43469	0.06875	0.43011	0.06645
V334	0.40621	0.01025	0.42592	0.15763
V335	0.0362	0.32062	0.56949	0.07369
V336	0.20666	0.70429	0.02697	0.06209
V337	0.29672	0.37207	0.31301	0.0182
V338	0.0031	0.98002	0.01206	0.00481
V339	0.13196	0.00832	0.85523	0.00449
V340	0.07588	0.21723	0.59889	0.108
V341	0.04338	0.06014	0.12814	0.76834
V342	0.26668	0.00463	0.65357	0.07511
V343	0.96134	0.02675	0.00793	0.00399
V344	0.66793	0.14147	0.19054	6e-05
V345	0.01335	0.02299	0.96328	0.00039
V346	0.29444	0.11802	0.36525	0.22229
V347	0.07788	0.02497	0.23455	0.6626
V348	0.07622	0.66621	0.17162	0.08594
V349	0.36522	0.15357	0.42002	0.06119
V350	0.03661	0.77337	0.1899	0.00012
V351	0.02966	0.03352	0.56994	0.36688
V352	0.05778	0.01256	0.88566	0.044
V353	0.88714	0.03143	0.04383	0.0376
V354	0.0601	0.66825	0.24757	0.02408
V355	0.30641	0.0687	0.52132	0.10357
V356	0.06116	0.04135	0.19135	0.70614
V357	0.14791	0.34337	0.34375	0.16496
V358	0.62468	0.11809	0.07115	0.18608
V359	0.66711	0.06772	0.04984	0.21533
V360	0.55944	0.40715	0.02503	0.00837
V361	0.00127	0.41601	0.57836	0.00436
V362	0.00305	0.9707	0.0215	0.00475
V363	0.20772	0.11044	0.54543	0.13641
V364	0.17642	0.05084	0.71845	0.05429
V365	0.40009	0.04271	0.02873	0.52846
V366	0.10199	0.70149	0.10346	0.09307
V367	0.65301	0.1606	0.00833	0.17806
V368	0.11306	0.72974	0.10047	0.05674
V369	0.02302	0.36611	0.60659	0.00428
V370	0.305	0.24969	0.42721	0.0181
V371	0.21525	0.70853	0.03657	0.03965
V372	0.2527	0.07269	0.19889	0.47572
V373	0.10602	0.1368	0.57511	0.18207
V374	0.77386	0.01531	0.21075	8e-05
V375	0.07434	0.05929	0.25653	0.60984
V376	0.06044	0.05403	0.18893	0.6966
V377	0.85277	0.00807	0.01667	0.12249
V378	0.01489	0.03398	0.58536	0.36576
V379	0.44604	0.23464	0.02053	0.2988
V380	0.22343	0.08856	0.30145	0.38655
V381	0.7707	0.02002	0.11473	0.09455
V382	0.0913	0.02423	0.87993	0.00454
V383	0.85429	0.01421	0.0628	0.0687
V384	0.61607	0.08076	0.1656	0.13757
V385	0.8655	0.02024	0.08434	0.02992
V386	0.41057	0.02227	0.21401	0.35316
V387	0.59842	0.14072	0.21336	0.0475
V388	0.4054	0.32911	0.17613	0.08935
V389	0.43375	0.51087	0.01645	0.03894
V390	0.3052	0.22549	0.46536	0.00396
V391	0.53112	0.13062	0.03193	0.30633
V392	0.45775	0.22605	0.20279	0.11341
V393	0.3065	0.218	0.39141	0.08409
V394	0.14641	0.29273	0.1773	0.38356
V395	0.25919	0.39321	0.24008	0.10752
V396	0.01426	0.96045	0.01086	0.01443
V397	0.77088	0.08849	0.11836	0.02227
V398	0.51552	0.15164	0.13205	0.2008
V399	0.22041	0.54208	0.17514	0.06236
V400	0.00202	0.67559	0.09266	0.22973
V401	0.04657	0.13727	0.77154	0.04462
V402	0.78144	0.17486	0.04363	7e-05
V403	0.04329	0.04615	0.14534	0.76521
V404	0.10659	0.1756	0.66292	0.0549
V405	0.31366	0.04363	0.25415	0.38856
V406	0.66011	0.2552	0.02449	0.06019
V407	0.0031	0.98002	0.01206	0.00481
V408	0.1183	0.24662	0.47855	0.15654
V409	0.00438	0.04881	0.05532	0.89149
V410	0.10748	0.84068	0.03789	0.01395
V411	0.59663	0.01799	0.00347	0.38192
V412	0.19688	0.07111	0.58153	0.15047
V413	0.08117	0.51799	0.23459	0.16625
V414	0.04969	0.49808	0.37754	0.07469
V415	0.49676	0.03506	0.29318	0.175
V416	0.01263	0.06411	0.92292	0.00034
V417	0.40298	0.58426	0.00863	0.00413
V418	0.12128	0.14226	0.23902	0.49744
V419	0.02851	0.0202	0.07111	0.88018
V420	0.00253	0.92041	0.0196	0.05746
V421	0.17611	0.03349	0.72514	0.06526
V422	0.08517	0.11119	0.02677	0.77687
V423	0.09145	0.01433	0.88046	0.01376
V424	0.00085	0.04711	0.75855	0.19349
V425	0.07193	0.21827	0.64737	0.06243
V426	0.10311	0.03546	0.82275	0.03868
V427	0.09824	0.43605	0.25548	0.21024
V428	0.11284	0.76689	0.06882	0.05145
V429	0.02733	0.01963	0.08654	0.86649
V430	0.75745	0.17543	0.02434	0.04278
V431	0.22682	0.02581	0.55207	0.19529
V432	0.18316	0.13941	0.0907	0.58673
V433	0.0797	0.78853	0.00197	0.1298
V434	0.45973	0.09789	0.08322	0.35917
V435	0.59594	0.01992	0.16631	0.21783
V436	0.49367	0.02188	0.16882	0.31562
V437	0.32332	0.2932	0.0122	0.37127
V438	0.65708	0.1755	0.04644	0.12098
V439	0.06318	0.16982	0.02503	0.74197
V440	0.60312	0.05142	0.05388	0.29157
V441	0.0871	0.12012	0.6801	0.11268
V442	0.3573	0.35062	0.17123	0.12086
V443	0.77824	0.0128	0.11465	0.09431
V444	0.01335	0.02299	0.96328	0.00039
V445	0.60633	0.01958	0.35705	0.01705
V446	0.05019	0.83394	0.06962	0.04625
V447	0.64414	0.09464	0.20218	0.05904
V448	0.03509	0.0928	0.32593	0.54617
V449	0.57465	0.04109	0.3257	0.05856
V450	0.16195	0.81808	0.01987	1e-04
V451	0.9305	0.05717	0	0.01234
V452	0.06333	0.03082	0.14474	0.76112
V453	0.80426	0.0816	0.0817	0.03244
V454	0.00268	0.92779	0.06018	0.00935
V455	0.59939	0.034	0.32977	0.03685
V456	0.35112	0.11713	0.4373	0.09444
V457	0.00444	0.06738	0.03658	0.89159
V458	0.36636	0.2853	0.01151	0.33683
V459	0.02522	0.80324	0.11382	0.05772
V460	0.94191	0.01718	0.03285	0.00806
V461	0.10747	0.06592	0.02826	0.79835
V462	0.44613	0.29046	0.00198	0.26143
V463	0.2822	0.4638	0.1855	0.0685
V464	0.61417	0.12502	0.00954	0.25127
V465	0.43829	0.43751	0.03574	0.08845
V466	0.6397	0.21148	0.00794	0.14088
V467	0.33188	0.54956	0.09506	0.02351
V468	0.51391	0.39021	0.06289	0.03299
V469	0.02976	0.21218	0.4148	0.34327
V470	0.57282	0.12679	0.21372	0.08667
V471	0.37891	0.14265	0.06257	0.41586
V472	0.40505	0.37388	0.00165	0.21943
V473	0.11665	0.50935	0.36031	0.01369
V474	0.20455	0.01158	0.18643	0.59743
V475	0.24199	0.4419	0.11192	0.20419
V476	0.2708	0.03317	0.10582	0.59021
V477	0.62702	0.04199	0.24143	0.08956
V478	0.17886	0.6432	0.00961	0.16832
V479	0.02266	0.07249	0.85471	0.05014
V480	0.13189	0.4048	0.07791	0.3854
V481	0.15224	0.01419	0.82475	0.00882
V482	0.69248	0.15858	0.1269	0.02204
V483	0.20759	0.15639	0.12966	0.50637
V484	0.04374	0.12473	0.05936	0.77216
V485	0.15082	0.75168	0.01812	0.07938
V486	0.33652	0.28995	0.17073	0.2028
V487	0.13097	0.07432	0.16051	0.6342
V488	0.00097	0.00775	0.93021	0.06107
V489	0.2203	0.08822	0.68291	0.00857
V490	0.40114	0.33922	0.09453	0.16511
V491	0.45562	0.4605	0.04485	0.03903
V492	0.03636	0.80891	0.15036	0.00437
V493	0.03538	0.02302	0.01411	0.92749
V494	0.21466	0.14567	0.56719	0.07249
V495	0.24461	0.58629	0.15567	0.01342
V496	0.2993	0.67102	0.00099	0.02868
V497	0.01268	0.01008	0.97219	0.00505
V498	0.43272	0.13323	0.08309	0.35096
V499	0.60967	0.251	0.13549	0.00384
V500	0.11394	0.10715	0.75564	0.02328
V501	0.00457	0.02162	0.09116	0.88265
V502	0.55907	0.25863	0.165	0.0173
V503	0.27589	0.11755	0.28562	0.32094
V504	0.25935	0.684	0.01717	0.03947
V505	0.25282	0.22888	0.32275	0.19556
V506	0.11363	0.24917	0.52268	0.11453
V507	0.64831	0.10744	0.14766	0.09659
V508	0.75026	0.17109	0.0516	0.02705
V509	0.26205	0.05981	0.56794	0.1102
V510	0.242	0.47741	0.27655	0.00404
V511	0.07674	0.52125	0.07374	0.32827
V512	0.35495	0.07044	0.13389	0.44073
V513	0.09713	0.62279	0.2399	0.04018
V514	0.02649	0.12354	0.01195	0.83803
V515	0.78884	0.07205	0.06355	0.07556
V516	0.89925	0.09629	0.00031	0.00416
V517	0.06773	0.03872	0.40281	0.49074
V518	0.95262	0.04315	0.00022	0.00401
V519	0.03811	0.88923	0.00979	0.06287
V520	0.03813	0.00542	0.75094	0.20551
V521	0.55847	0.04282	0.38156	0.01716
V522	0.01209	0.12624	0.69222	0.16945
V523	0.40033	0.13265	0.31671	0.15031
V524	0.01271	0.75196	0.21624	0.01909
V525	0.34934	0.26198	0.04648	0.34219
V526	0.6931	0.09102	0.09743	0.11846
V527	0.26068	0.02634	0.4959	0.21707
V528	0.12044	0.8488	0.00159	0.02917
V529	0.09997	0.0844	0.35248	0.46315
V530	0.01132	0.19047	0.73546	0.06275
V531	0.02549	0.84404	0.13035	0.00012
V532	0.24564	0.39792	0.04556	0.31088
V533	0.326	0.36756	0.17388	0.13256
V534	0.01196	0.01216	0.82514	0.15074
V535	0.67961	0.0079	0.02014	0.29235
V536	0.25475	0.00494	0.48088	0.25943
V537	0.5859	0.24139	0.16459	0.00812
V538	0.55626	0.06907	0.12436	0.25031
V539	0.29732	0.42882	0.1883	0.08555
V540	0.22521	0.66527	0.08587	0.02366
V541	0.02927	0.60765	0.09648	0.2666
V542	0.264	0.14506	0.33723	0.25371
V543	0.90574	0.01578	0.01579	0.06268
V544	0.16518	0.11954	0.27058	0.4447
V545	0.46171	0.1715	0.10272	0.26407
V546	0.06023	0.85673	0.07865	0.00439
V547	0.04748	0.60491	0.33871	0.0089
V548	0.17473	0.72513	0.09595	0.0042
V549	0.33055	0.02782	0.6333	0.00833
V550	0.70117	0.04197	0.00171	0.25515
V551	0.20123	0.71771	0.04657	0.0345
V552	0.00243	0.66531	0.01321	0.31905
V553	0.23538	0.13257	0.61898	0.01307
V554	0.09939	0.14414	0.05392	0.70256
V555	0.1247	0.24582	0.42252	0.20696
V556	0.00086	0.02496	0.95502	0.01916
V557	0.85564	0.03865	0.01584	0.08986
V558	0.08845	0.79854	0.03858	0.07443
V559	0.01346	0.77514	0.21127	0.00013
V560	0.68443	0.31107	0.00043	0.00407
V561	0.00106	0.02076	0.97307	0.00511
V562	0.78974	0.01293	0.13957	0.05776
V563	0.25265	0.00753	0.73564	0.00419
V564	0.06746	0.06537	0.85818	0.00899
V565	0.16024	0.26415	0.4426	0.13301
V566	0.75419	0.11404	0.00751	0.12426
V567	0.27955	0.4936	0.04016	0.18669
V568	0.3675	0.01903	0.09692	0.51655
V569	0.76926	0.04068	0.00111	0.18895
V570	0.03459	0.26812	0.65737	0.03992
V571	0.82115	0.14103	5e-05	0.03777
V572	0.44846	0.01072	0.48171	0.05911
V573	0.11093	0.26468	0.0192	0.60519
V574	0.04817	0.7513	0.19156	0.00897
V575	0.03737	0.1294	0.2252	0.60803
V576	0.17393	0.77042	0.04678	0.00887
V577	0.06956	0.06429	0.35013	0.51602
V578	0.07306	0.06176	0.75898	0.1062
V579	0.01325	0.86217	0.1104	0.01418
V580	0.24694	0.01939	0.19287	0.54081
V581	0.1217	0.1343	0.00938	0.73462
V582	0.63561	0.16896	0.04777	0.14766
V583	0.01253	0.0467	0.73094	0.20982
V584	0.50999	0.15118	0.31606	0.02278
V585	0.0145	0.01463	0.62611	0.34476
V586	0.25124	0.01075	0.6848	0.05321
V587	0.27312	0.0123	0.69681	0.01776
V588	0.71301	0.05765	0.03814	0.1912
V589	0.07465	0.80551	0.07936	0.04048
V590	0.05978	0.72509	0.21083	0.0043
V591	0.00251	0.05945	0.3523	0.58574
V592	0.16568	0.03253	0.80153	0.00025
V593	0.63065	0.0053	0.22869	0.13537
V594	0.3417	0.27185	0.35773	0.02873
V595	0.04733	0.05575	0.04847	0.84845
V596	0.0587	0.33147	0.31284	0.29699
V597	0.00137	0.56578	0.38071	0.05214
V598	0.02271	0.10343	0.86472	0.00914
V599	0.62535	0.31424	0.04275	0.01766
V600	0.38665	0.47444	0.06646	0.07245
V601	0.23126	0.33437	0.1227	0.31167
V602	0.04837	0.05876	0.03254	0.86033
V603	0.01746	0.50801	0.02798	0.44654
V604	0.5092	0.11307	0.36022	0.01752
V605	0.08998	0.33047	0.4632	0.11635
V606	0.74737	0.167	0.01539	0.07024
V607	0.70426	0.01937	0.14114	0.13524
V608	0.26211	0.16203	0.44568	0.13018
V609	0.04493	0.2885	0.33756	0.329
V610	0.78375	0.02818	0.11298	0.07509
V611	0.42776	0.01772	0.09265	0.46187
V612	0.03416	0.08127	0.84543	0.03913
V613	0.0464	0.30587	0.62401	0.02373
V614	0.78329	0.0721	0.06377	0.08084
V615	0.22893	0.09398	0.02103	0.65607
V616	0.10384	0.73227	0.06054	0.10335
V617	0.4659	0.15208	0.38193	9e-05
V618	0.81188	0.01531	0.00099	0.17183
V619	0.43098	0.03424	0.38204	0.15275
V620	0.01242	0.62436	0.35887	0.00435
V621	0.46814	0.16658	0.21996	0.14531
V622	0.36172	0.20836	0.41202	0.0179
V623	0.03698	0.11307	0.25641	0.59354
V624	0.78249	0.20426	0.00016	0.01309
V625	0.29775	0.49412	0.12247	0.08566
V626	0.95691	0.03467	0.00018	0.00824
V627	0.00367	0.04959	0.14673	0.80002
V628	0.00315	0.3496	0.03465	0.6126
V629	0.16432	0.31055	0.34677	0.17836
V630	0.04659	0.30713	0.6174	0.02888
V631	0.03495	0.27842	0.17983	0.5068
V632	0.64901	0.00555	0.17829	0.16715
V633	0.00067	0.02912	0.89887	0.07134
V634	0.39885	0.24575	0.35146	0.00395
V635	0.03989	0.81879	0.01016	0.13116
V636	0.14409	0.097	0.68738	0.07153
V637	0.38843	0.23064	0.1278	0.25313
V638	0.44154	0.28487	0.09529	0.1783
V639	0.2886	0.38995	0.32136	9e-05
V640	0.04598	0.13781	0.78753	0.02868
V641	0.89279	0.04504	0.03175	0.03042
V642	0.77175	0.18569	5e-05	0.04252
V643	0.01288	0.20069	0.57054	0.21588
V644	0.89603	0.08751	0.00791	0.00855
V645	0.2731	0.38125	0.33239	0.01326
V646	0.01467	0.96889	0.01169	0.00474
V647	0.15912	0.07801	0.72933	0.03354
V648	0.41642	0.41103	0.15443	0.01812
V649	0.03407	0.05459	0.87732	0.03401
V650	0.06943	0.07973	0.8122	0.03864
V651	0.31732	0.0073	0.6713	0.00408
V652	0.12352	0.09715	0.55372	0.22561
V653	0.15144	0.65732	0.12312	0.06812
V654	0.69342	0.20194	0.07192	0.03272
V655	0.05755	0.66768	0.03275	0.24203
V656	0.2951	0.33982	0.02265	0.34243
V657	0.04562	0.13162	0.02813	0.79463
V658	0.62692	0.21688	0.07453	0.08168
V659	0.36449	0.08889	0.42465	0.12197
V660	0.03774	0.94565	0.00218	0.01443
V661	0.09269	0.51432	0.08552	0.30747
V662	0.41654	0.01758	0.50627	0.05961
V663	0.25807	0.06781	0.60813	0.06599
V664	0.21283	0.06009	0.69897	0.02811
V665	0.70271	0.19125	0.05219	0.05385
V666	0.66887	0.00576	0.13475	0.19063
V667	0.74732	0.0732	0.17941	8e-05
V668	0.14134	0.76197	0.0966	9e-05
V669	0.25698	0.39715	0.28412	0.06176
V670	0.09665	0.88741	0.00183	0.01411
V671	0.37751	0.27616	0.29075	0.05558
V672	0.02303	0.02337	0.9347	0.0189
V673	0.26633	0.36497	0.27162	0.09707
V674	0.74347	0.15678	0.02441	0.07534
V675	0.17102	0.32969	0.37784	0.12145
V676	0.05503	0.16961	0.18831	0.58706
V677	0.40796	0.39972	0.11902	0.0733
V678	0.52143	0.45768	0.01684	0.00405
V679	0.05768	0.28397	0.64948	0.00887
V680	0.31759	0.51307	0.15594	0.0134
V681	0.89058	0.07585	0.01594	0.01764
V682	0.12736	0.27268	0.57634	0.02362
V683	0.01522	0.96208	0.02255	0.00015
V684	0.69653	0.16113	0.11004	0.03229
V685	0.49924	0.32962	0.14309	0.02805
V686	0.14534	0.23565	0.23557	0.38345
V687	0.04835	0.04081	0.05025	0.86059
V688	0.40666	0.51388	7e-04	0.07876
V689	0.38499	0.01048	0.08297	0.52156
V690	0.46814	0.04179	0.45244	0.03763
V691	0.16371	0.00804	0.82387	0.00438
V692	0.09331	0.12601	0.74183	0.03885
V693	0.27999	0.11201	0.44408	0.16392
V694	0.01681	0.03942	0.4655	0.47826
V695	0.34072	0.01485	0.24078	0.40365
V696	0.13729	0.14093	0.03681	0.68497
V697	0.02603	0.10578	0.03073	0.83746
V698	0.86898	0.01485	0.01609	0.10007
V699	0.58088	0.28157	0.08256	0.05499
V700	0.366	0.04688	0.01822	0.56889
V701	0.14906	0.55505	0.14455	0.15134
V702	0.64659	0.10074	0.01874	0.23393
V703	0.17151	0.05348	0.59047	0.18455
V704	0.83972	0.05599	0.0344	0.06989
V705	0.95802	0.00977	0.0155	0.0167
V706	0.09323	0.04349	0.81392	0.04936
V707	0.04689	0.40154	0.52773	0.02383
V708	0.05021	0.87527	0.02858	0.04594
V709	0.1536	0.24542	0.55548	0.0455
V710	0.63032	0.21848	0.06494	0.08625
V711	0.10813	0.76468	0.10836	0.01883
V712	0.84543	0.06626	0.00729	0.08103
V713	0.484	0.32349	0.04832	0.14419
V714	0.01449	0.75868	0.03203	0.19479
V715	0.3133	0.31594	0.33121	0.03956
V716	0.06379	0.07608	0.09297	0.76715
V717	0.09636	0.89247	0.00193	0.00924
V718	0.1755	0.54521	0.21058	0.06871
V719	0.07975	0.74597	0.05086	0.12343
V720	0.69548	0.00615	0.25688	0.04148
V721	0.1538	0.1639	0.54958	0.13272
V722	0.1474	0.44456	0.02525	0.38279
V723	0.19129	0.13691	0.02075	0.65105
V724	0.66071	0.03704	0.11465	0.1876
V725	0.00079	0.08535	0.895	0.01887
V726	0.06037	0.45556	0.17915	0.30492
V727	0.28418	0.60718	0.10457	0.00407
V728	0.03655	0.84945	0.10959	0.00442
V729	0.49602	0.02039	0.22448	0.2591
V730	0.89678	0.03773	0.04896	0.01653
V731	0.0404	0.21512	0.51027	0.23422
V732	0.38826	0.07921	0.41084	0.12168
V733	0.67266	0.19727	0.0441	0.08597
V734	0.25606	0.27411	0.46586	0.00397
V735	0.02719	0.03019	0.64555	0.29707
V736	0.25108	0.02877	0.02332	0.69683
V737	0.35316	0.28451	0.27747	0.08486
V738	0.09827	0.31904	0.50373	0.07896
V739	0.00097	0.0135	0.75716	0.22838
V740	0.81766	0.09283	0.08112	0.00839
V741	0.54418	0.11585	0.16378	0.1762
V742	0.42173	0.56034	0.01785	8e-05
V743	0.14433	0.12622	0.71596	0.01348
V744	0.52628	0.04167	0.36581	0.06624
V745	0.02489	0.69114	0.21475	0.06922
V746	0.98329	0.0123	0.00038	0.00403
V747	0.07345	0.00506	0.79809	0.1234
V748	0.14744	0.09815	0.65456	0.09985
V749	0.37447	0.21824	0.08287	0.32442
V750	0.44051	0.461	0.02557	0.07292
V751	0.06166	0.85491	0.04842	0.03501
V752	0.49088	0.23526	0.16732	0.10654
V753	0.03155	0.0529	0.01322	0.90233
V754	0.01411	0.94323	0.00209	0.04058
V755	0.19245	0.20413	0.4216	0.18183
V756	0.04554	0.03554	0.09863	0.82029
V757	0.35257	0.55474	0.0744	0.01828
V758	0.06182	0.7479	0.14414	0.04614
V759	0.16732	0.06657	0.52111	0.245
V760	0.35664	0.06435	0.35955	0.21947
V761	0.08633	0.55282	0.30945	0.05139
V762	0.00266	0.52418	0.02819	0.44496
V763	0.44025	0.3783	0.03746	0.14399
V764	0.01391	0.93538	0.01017	0.04053
V765	0.73741	0.10657	0.00077	0.15525
V766	0.02458	0.32335	0.52053	0.13153
V767	0.49488	0.12869	0.28816	0.08827
V768	0.07256	0.8846	0.02874	0.0141
V769	0.16221	0.79144	0.03744	0.0089
V770	0.01467	0.96889	0.01169	0.00474
V771	0.17454	0.01397	0.80275	0.00873
V772	0.14146	0.03906	0.81516	0.00432
V773	0.18463	0.79703	0.0094	0.00895
V774	0.02312	0.00821	0.94973	0.01893
V775	0.17062	0.05312	0.41202	0.36424
V776	0.4491	0.41803	0.06569	0.06717
V777	0.2565	0.14979	0.21282	0.38089
V778	0.55599	0.2798	0.08543	0.07878
V779	0.20995	0.0429	0.58568	0.16147
V780	0.12928	0.72321	0.14741	1e-04
V781	0.08603	0.06372	0.06152	0.78874
V782	0.01113	0.11014	0.83947	0.03927
V783	0.81791	0.02885	0.06352	0.08972
V784	0.12922	0.84705	0.01933	0.00441
V785	0.04935	0.91678	0.01964	0.01423
V786	0.71164	0.16128	0.09996	0.02713
V787	0.0023	0.81123	0.18199	0.00448
V788	0.50977	0.28938	0.17271	0.02815
V789	0.11339	0.46815	0.05011	0.36835
V790	0.56149	0.04028	0.11392	0.28431
V791	0.16546	0.36624	0.37666	0.09164
V792	0.18108	0.60331	0.01014	0.20547
V793	0.15872	0.67632	0.04942	0.11554
V794	0.0583	0.07129	0.82599	0.04442
V795	0.18778	0.07454	0.11095	0.62673
V796	0.03402	0.07488	0.87722	0.01388
V797	0.75435	0.00685	0.23121	0.00759
V798	0.61483	0.28281	0.08965	0.01271
V799	0.15917	0.75799	0.03726	0.04558
V800	0.09524	0.0274	0.6486	0.22876
V801	0.18507	0.1336	0.43288	0.24845
V802	0.06379	0.10422	0.41324	0.41875
V803	0.24044	0.47419	0.28527	9e-05
V804	0.52461	0.01817	0.41479	0.04242
V805	0.01401	0.01202	0.97355	0.00043
V806	0.06125	0.89546	0.01904	0.02425
V807	0.35664	0.20146	0.06062	0.38128
V808	0.65896	0.26641	0.05212	0.02252
V809	0.04619	0.03641	0.91707	0.00033
V810	0.01507	0.97752	0.00256	0.00485
V811	0.47623	0.08388	0.26107	0.17881
V812	0.57178	0.27418	0.06606	0.08798
V813	0.59311	0.1844	0.2052	0.01729
V814	0.44365	0.49865	0.05371	0.00399
V815	0.00263	0.90248	0.09034	0.00455
V816	0.92025	0.01146	0.06818	0.00011
V817	0.0341	0.06712	0.8896	0.00918
V818	0.00387	0.10025	0.0807	0.81518
V819	0.82023	0.09072	0.06182	0.02724
V820	0.21852	0.15371	0.04581	0.58196
V821	0.23886	0.29624	0.41984	0.04506
V822	0.07975	0.02229	0.88415	0.0138
V823	0.03495	0.17903	0.73005	0.05597
V824	0.10208	0.3405	0.55727	0.00016
V825	0.26264	0.29799	0.30693	0.13244
V826	0.43711	0.38423	0.17033	0.00832
V827	0.39408	0.5709	0.01679	0.01823
V828	0.30533	0.20661	0.16313	0.32492
V829	0.06986	0.34813	0.07126	0.51075
V830	0.30837	0.29205	0.04736	0.35221
V831	0.7855	0.10019	0.04357	0.07074
V832	0.30111	0.39921	0.20178	0.09789
V833	0.18164	0.50366	0.21711	0.09759
V834	0.39977	0.10012	0.1259	0.37421
V835	0.37701	0.4339	0.13892	0.05017
V836	0.01476	0.77335	0.01131	0.20058
V837	0.26041	0.38644	0.23114	0.12201
V838	0.91719	0.0474	0.03164	0.00377
V839	0.32009	0.56242	0.11347	0.00402
V840	0.31718	0.67303	0.0097	9e-05
V841	0.00074	0.03971	0.92522	0.03433
V842	0.39373	0.17186	0.31083	0.12358
V843	0.02267	0.02092	0.91172	0.04469
V844	0.1549	0.09972	0.49752	0.24786
V845	0.08212	0.09793	0.78095	0.039
V846	0.00074	0.01326	0.86154	0.12446
V847	0.00498	0.0233	0.04567	0.92605
V848	0.1191	0.52874	0.21527	0.13689
V849	0.00277	0.96176	0.01069	0.02478
V850	0.96478	0.01072	0.01627	0.00823
V851	0.35241	0.48665	0.16087	7e-05
V852	0.17663	0.07763	0.22529	0.52045
V853	0.26828	0.21552	0.44297	0.07323
V854	0.61602	0.17598	0.12639	0.0816
V855	0.00498	0.0233	0.04567	0.92605
V856	0.06621	0.36382	0.42687	0.1431
V857	0.69459	0.18581	0.04363	0.07597
V858	0.54025	0.01398	0.44181	0.00397
V859	0.67256	0.2434	0.02431	0.05973
V860	0.285	0.1623	0.0944	0.4583
V861	0.10251	0.32224	0.56652	0.00873
V862	0.14531	0.0785	0.74805	0.02815
V863	0.31992	0.09907	0.00634	0.57467
V864	0.11888	0.06827	0.10258	0.71027
V865	0.17433	0.01463	0.40241	0.40863
V866	0.70215	0.02143	0.2683	0.00812
V867	0.70315	0.02965	0.26338	0.00382
V868	0.52288	0.27266	0.15543	0.04903
V869	0.02631	0.95753	0.01147	0.0047
V870	0.15843	0.43817	0.03661	0.36678
V871	0.00277	0.96176	0.01069	0.02478
V872	0.01782	0.03079	0.41646	0.53494
V873	0.88509	0.03663	0.05741	0.02087
V874	0.21904	0.74327	0.03759	9e-05
V875	0.03175	0.25357	0.31466	0.40002
V876	0.18338	0.30988	0.45102	0.05572
V877	0.06667	0.41485	0.368	0.15048
V878	0.15254	0.77038	0.07698	9e-05
V879	0.21812	0.67488	0.05673	0.05026
V880	0.34501	0.55815	0.00812	0.08872
V881	0.17459	0.04201	0.67365	0.10975
V882	0.79865	0.00692	0.14785	0.04658
V883	0.29413	0.17874	0.52699	0.00014
V884	0.0362	0.4066	0.00635	0.55084
V885	0.69535	0.20645	0.09814	6e-05
V886	0.02382	0.35671	0.53322	0.08624
V887	0.65757	0.06945	0.18786	0.08513
V888	0.11686	0.04295	0.78531	0.05488
V889	0.90943	0.05501	0.02341	0.01216
V890	0.04914	0.14157	0.70204	0.10726
V891	0.61701	0.05065	0.30538	0.02697
V892	0.3852	0.23623	0.02259	0.35597
V893	0.58482	0.20714	0.17066	0.03738
V894	0.08192	0.28339	0.61105	0.02364
V895	0.61758	0.06816	0.23004	0.08422
V896	0.04961	0.92576	0.01035	0.01429
V897	0.69224	0.26309	0.00709	0.03758
V898	0.61687	0.00898	0.01219	0.36197
V899	0.05009	0.26352	0.23203	0.45435
V900	0.10538	0.30526	0.43947	0.14989
V901	0.05179	0.85776	0.00965	0.08079
V902	0.0604	0.87617	0.05899	0.00444
V903	0.01163	0.3952	0.56385	0.02931
V904	0.02665	0.96607	0.00247	0.00481
V905	0.23337	0.00846	0.28665	0.47152
V906	0.48988	0.11144	0.14922	0.24946
V907	0.44123	0.49927	0.02555	0.03396
V908	0.02223	0.08756	0.14092	0.74929
V909	0.15778	0.79567	0.00142	0.04513
V910	0.26186	0.00985	0.20519	0.5231
V911	0.52529	0.38681	0.04398	0.04392
V912	0.41692	0.33168	0.15528	0.09613
V913	0.20325	0.01736	0.02653	0.75286
V914	0.19826	0.45831	0.31963	0.0238
V915	0.35816	0.01348	0.01997	0.60839
V916	0.25705	0.05111	0.66383	0.02801
V917	0.71643	0.03475	0.19062	0.05819
V918	0.06142	0.61419	0.26722	0.05717
V919	0.24237	0.24321	0.35989	0.15453
V920	0.62486	0.20157	0.1132	0.06037
V921	0.05686	0.25301	0.06452	0.62562
V922	0.11812	0.4331	0.41981	0.02897
V923	0.13936	0.0421	0.08784	0.7307
V924	0.04808	0.63348	0.29952	0.01891
V925	0.29216	0.06138	0.03318	0.61328
V926	0.31944	0.04542	0.05984	0.5753
V927	0.0434	0.07662	0.11067	0.76932
V928	0.06218	0.88815	0.00964	0.04004
V929	0.07762	0.65411	0.1636	0.10467
V930	0.52155	0.3728	0.04453	0.06111
V931	0.15559	0.25547	0.54354	0.0454
V932	0.04984	0.11253	0.70549	0.13214
V933	0.59739	0.37811	0.01615	0.00835
V934	0.01547	0.19411	0.41452	0.3759
V935	0.5672	0.15869	0.23158	0.04253
V936	0.56789	0.29043	0.02591	0.11577
V937	0.59136	0.14566	0.11404	0.14894
V938	0.41876	0.05222	0.37437	0.15466
V939	0.77947	0.02876	0.09559	0.09618
V940	0.0364	0.76573	0.17362	0.02425
V941	0.00118	0.01098	0.98259	0.00525
V942	0.71958	0.18809	0.07968	0.01265
V943	0.39058	0.12402	0.45175	0.03365
V944	0.03375	0.3716	0.11361	0.48104
V945	0.57292	0.35667	0.01568	0.05473
V946	0.45112	0.2484	0.27754	0.02295
V947	0.13157	0.06958	0.35924	0.43961
V948	0.33804	0.02747	0.62161	0.01288
V949	0.00215	0.15798	0.33554	0.50433
V950	0.07819	0.54256	0.26116	0.1181
V951	0.8147	0.02158	0.16006	0.00367
V952	0.10866	0.15983	0.38542	0.34609
V953	0.0228	0.04835	0.91002	0.01883
V954	0.06732	0.24805	0.23116	0.45347
V955	0.16415	0.64085	0.03984	0.15517
V956	0.05475	0.02861	0.66317	0.25347
V957	0.49335	0.03019	0.00471	0.47175
V958	0.03538	0.02302	0.01411	0.92749
V959	0.25032	0.24193	0.463	0.04475
V960	0.30779	0.31928	0.11669	0.25624
V961	0.16174	0.37194	0.39308	0.07323
V962	0.37136	0.1624	0.42198	0.04426
V963	0.59937	0.17047	0.18252	0.04764
V964	0.82048	0.03825	0.11893	0.02233
V965	0.07984	0.52441	0.24367	0.15208
V966	0.95804	0.02601	0.00776	0.00819
V967	0.08099	0.04575	0.6586	0.21466
V968	0.00069	0.13982	0.8201	0.03939
V969	0.01805	0.40797	0.07175	0.50224
V970	0.05552	0.13363	0.5563	0.25455
V971	0.49908	0.08621	0.3654	0.04931
V972	0.56044	0.22056	0.06927	0.14973
V973	0.31643	0.43942	0.10512	0.13904
V974	0.01291	0.77772	0.15722	0.05215
V975	0.11297	0.26093	0.62194	0.00416
V976	0.47322	0.26057	0.14699	0.11921
V977	0.32848	0.32487	0.34269	0.00396
V978	0.11088	0.14442	0.12623	0.61847
V979	0.77394	0.02294	0.19923	0.00389
V980	0.98329	0.0123	0.00038	0.00403
V981	0.36512	0.03305	0.49365	0.10817
V982	0.45379	0.39435	0.09609	0.05577
V983	0.76426	0.07672	0.00794	0.15108
V984	0.0248	0.81891	0.13199	0.0243
V985	0.12595	0.28758	0.01789	0.56857
V986	0.35201	0.51415	0.0664	0.06745
V987	0.25958	0.72551	0.00122	0.0137
V988	0.33705	0.03509	0.03266	0.5952
V989	0.45337	0.44188	0.09173	0.01302
V990	0.00067	0.04584	0.87018	0.0833
V991	0.63793	0.35322	0.00038	0.00848
V992	0.23924	0.01001	0.60395	0.14681
V993	0.08473	0.6924	0.19363	0.02924
V994	0.20586	0.74831	0.03698	0.00885
V995	0.7574	0.11886	0.04359	0.08015
V996	0.38197	0.17091	0.02488	0.42225
V997	0.02301	0.01249	0.89353	0.07097
V998	0.87388	0.02048	0.07561	0.03002
V999	0.13939	0.85421	0.00188	0.00452
V1000	0.46003	0.04162	0.00489	0.49346
