B_cells	NK_cells	T_cells_CD4.	Monocytes
V1	0.59065	0.00219	0.16055	0.24661
V2	0.21614	0.11178	0.02332	0.64875
V3	0.09648	0.62964	0	0.27388
V4	0.86578	0.09801	0	0.03621
V5	0.1457	0.47252	0.24634	0.13545
V6	0.12324	0.83638	0.01834	0.02204
V7	0.19023	0.38082	0.06354	0.36542
V8	0.17378	0	0.78684	0.03938
V9	0.2914	0.25873	0.0074	0.44247
V10	0.06163	0.00639	0.87041	0.06157
V11	0.24144	0.34378	0.41477	0
V12	0.0644	0.56706	0.36486	0.00367
V13	0.30851	0.67712	0	0.01437
V14	0.11902	0.87539	8e-04	0.00478
V15	0.15966	0.58929	0.11646	0.1346
V16	0.89424	0.03951	0.01349	0.05276
V17	0.13291	0.83775	0.00716	0.02218
V18	0.59564	0.33531	0.03563	0.03342
V19	0.2045	0.78605	0	0.00945
V20	0.20924	0.4766	0	0.31416
V21	0.17396	0.06108	0.7321	0.03287
V22	0.06308	0.11911	0.18768	0.63013
V23	0.41505	0.03948	0.54399	0.00148
V24	0.94974	0.02787	0.02239	0
V25	0.38386	0.24848	0.11226	0.2554
V26	0.43224	0.38913	0	0.17864
V27	0.17372	0.07827	0	0.74801
V28	0.00683	0.05993	0.93324	0
V29	0.47025	0.02411	0.47805	0.02759
V30	0.1411	0.23764	0.26217	0.35908
V31	0.24398	0.20662	0.28082	0.26859
V32	0.16008	0.04943	0.01544	0.77505
V33	0.08078	0.49069	0.34719	0.08134
V34	0.17381	0.03967	0.75107	0.03546
V35	0.20549	0.69126	0.08329	0.01996
V36	0.0442	0.05775	0.46926	0.42878
V37	0.58095	0.07225	0.08343	0.26337
V38	0.47896	0	0.15865	0.36239
V39	0.20415	0.55377	0.12505	0.11703
V40	0.13373	0.79106	0.07521	0
V41	0.03688	0.68746	0.03889	0.23677
V42	0.28416	0.03707	0.19541	0.48337
V43	0.17135	0.33453	0.47924	0.01489
V44	0.04795	0.08814	0.71495	0.14896
V45	0.13714	0.57316	0.21701	0.07268
V46	0.81399	0.06811	0.11565	0.00224
V47	0.47619	0.18699	0.30011	0.03672
V48	0.81534	0.15589	0	0.02877
V49	0.74717	0.17022	0	0.08261
V50	0.11132	0.80031	0.08836	0
V51	0.34776	0.39059	0.24918	0.01247
V52	0.06464	0.11749	0.7791	0.03877
V53	0.74952	0.11046	0.14002	0
V54	0.45367	0.18857	0.34997	0.00779
V55	0.26277	0.14264	0.22782	0.36677
V56	0.11868	0.03081	0.07236	0.77815
V57	0.14451	0.8268	0.01905	0.00965
V58	0.68548	0.00128	0.02323	0.29001
V59	0.46369	0.39879	0.09989	0.03762
V60	0.17646	0.17054	0.31374	0.33926
V61	0.81493	0.09701	0	0.08806
V62	0.88005	0.03224	0.0613	0.02642
V63	0.05676	0.79663	0.12837	0.01824
V64	0.04765	0.83833	0	0.11402
V65	0.0799	0	0.10084	0.81926
V66	0.25886	0.67383	0.01132	0.05598
V67	0.19146	0.32173	0.48681	0
V68	0.22181	0.16589	0	0.6123
V69	0.06087	0.31025	0.58897	0.03991
V70	0.56508	0.15179	0.1718	0.11132
V71	0.21277	0.08301	0.36515	0.33906
V72	0.60071	0.15921	0.0843	0.15578
V73	0.19317	0.59783	0.1377	0.0713
V74	0.08662	0.21592	0.69746	0
V75	0.72632	0	0.18165	0.09203
V76	0.02416	0.20696	0.17022	0.59866
V77	0.0837	0.30762	0	0.60868
V78	0.35588	0.12676	0.17332	0.34404
V79	0.03898	0.10898	0.76816	0.08388
V80	0.3893	0.01666	0.51578	0.07826
V81	0.10068	0.1634	0.73593	0
V82	0.02247	0.07951	0.86941	0.02861
V83	0.19358	0.20268	0.05064	0.5531
V84	0.44617	0.04934	0.15192	0.35258
V85	0.14563	0.32209	0.38679	0.1455
V86	0.08876	0.05734	0.80451	0.0494
V87	0.0746	0.80761	0.05867	0.05913
V88	0.22154	0.07261	0.25821	0.44765
V89	0.07981	0.03431	0.18732	0.69857
V90	0.0739	0.84999	0.06251	0.01359
V91	0.07429	0.71088	0.19233	0.02251
V92	0.49189	0.01915	0.36809	0.12087
V93	0.88821	0.00452	0	0.10727
V94	0.05678	0.48003	0	0.46319
V95	0.2952	0.43118	0.14894	0.12468
V96	0.14383	0.12901	0	0.72715
V97	0.70328	0.09871	0.19801	0
V98	0.70944	0.27342	0	0.01714
V99	0.8113	0.04163	0.14162	0.00546
V100	0.12282	0.03227	0.81129	0.03363
V101	0.09536	0.07277	0	0.83186
V102	0.91508	0.04893	0	0.03599
V103	0.06423	0.07615	0.07257	0.78705
V104	0.08492	0.90186	0.00222	0.011
V105	0.10909	0.87585	0.01103	0.00402
V106	0.1595	0.50164	0.3153	0.02356
V107	0.2258	0.20302	0.5333	0.03788
V108	0.18485	0.72451	0.09064	0
V109	0.0457	0.17637	0.57337	0.20456
V110	0.10232	0.83527	0.04044	0.02197
V111	0.91514	0	0.06341	0.02145
V112	0.17741	0.07563	0.41761	0.32935
V113	0.24606	0.12359	0.16474	0.46561
V114	0.31285	0.05942	0.06431	0.56342
V115	0.04465	0.72396	0.23139	0
V116	0.17941	0.31993	0.3555	0.14517
V117	0.69384	0.24363	0.02539	0.03713
V118	0.20652	0.58175	0.02114	0.19059
V119	0.18512	0.10431	0.02574	0.68483
V120	0.12412	0.07708	0.78109	0.01772
V121	0.62179	0.12953	0.08351	0.16517
V122	0.92793	0.00664	0.01794	0.04748
V123	0.03928	0.54497	0.03006	0.38569
V124	0.67729	0.26784	0	0.05488
V125	0.42147	0.40325	0.16769	0.0076
V126	0.09768	0.18192	0.02451	0.6959
V127	0.22303	0.06184	0.24803	0.4671
V128	0.10189	0.0349	0.09281	0.7704
V129	0.59838	0.22616	0.15395	0.02151
V130	0.04344	0.62932	0.32724	0
V131	0.0668	0.86619	0	0.06701
V132	0.915	0.00132	0.03249	0.05119
V133	0.90393	0.01394	0.04889	0.03324
V134	0.15272	0.41456	0.11586	0.31686
V135	0.14508	0.03609	0.16787	0.65097
V136	0.28961	0.40886	0	0.30153
V137	0.66779	0.03087	0.23681	0.06454
V138	0.25	0.40863	0.16917	0.17219
V139	0.39108	0.21536	0.18439	0.20917
V140	0.09133	0.12407	0.03033	0.75427
V141	0.10301	0.17254	0.52151	0.20294
V142	0.81277	0	0.18723	0
V143	0.46908	0.27021	0.05242	0.2083
V144	0.22157	0.17942	0.15404	0.44497
V145	0.02347	0.73808	0.23329	0.00517
V146	0.14247	0.03375	0.0286	0.79518
V147	0.90046	0.02248	0.01543	0.06163
V148	0.17284	0.08523	0.55756	0.18437
V149	0.29528	0.49345	0.21127	0
V150	0.12679	0.24887	0.55936	0.06498
V151	0.2498	0.61731	0.02605	0.10685
V152	0.26926	0.43773	0.21259	0.08043
V153	0.15286	0.73911	0.00955	0.09848
V154	0.28061	0.4444	0.26184	0.01314
V155	0.49948	0.14665	0.26996	0.08391
V156	0.06863	0.15482	0.66294	0.11361
V157	0.34446	0.16728	0.29717	0.19109
V158	0.10049	0	0.05496	0.84454
V159	0.87957	0.05531	0	0.06513
V160	0.72641	0	0.05518	0.21841
V161	0.28765	0.01702	0.01465	0.68068
V162	0.11477	0.33487	0.0641	0.48626
V163	0.13627	0.50016	0.16339	0.20018
V164	0.37989	0.31944	0.09191	0.20876
V165	0.05358	0.28356	0	0.66287
V166	0.05974	0.13668	0.04838	0.75519
V167	0.41598	0	0	0.58402
V168	0.32362	0.55506	0.07614	0.04519
V169	0.2612	0.07846	0.01493	0.64541
V170	0.15506	0.0356	0.51086	0.29848
V171	0.17224	0.24588	0.55443	0.02744
V172	0.73006	0	0.25485	0.0151
V173	0.08553	0.18324	0.01647	0.71476
V174	0.06491	0.20398	0.05478	0.67633
V175	0.11055	0.01561	0.76024	0.1136
V176	0.04598	0.77849	0.17553	0
V177	0.05948	0.9098	0	0.03071
V178	0.04407	0.76965	0	0.18628
V179	0.21741	0.02127	0.37314	0.38818
V180	0.06485	0.85822	0.07694	0
V181	0.20389	0.14474	0.51269	0.13868
V182	0.33432	0.1859	0.43334	0.04643
V183	0.22459	0.7734	0	0.00201
V184	0.97878	0	0.02122	0
V185	0.59743	0.39427	0.00374	0.00456
V186	0.15817	0.47824	0.25512	0.10847
V187	0.93178	0.00718	0.03277	0.02827
V188	0.10824	0.24813	0	0.64363
V189	0.83229	0.01878	0.00511	0.14381
V190	0.67328	0.00931	0.30314	0.01427
V191	0.22696	0.21322	0.53329	0.02653
V192	0.34187	0.4685	0.03755	0.15208
V193	0.62546	0.03142	0.22822	0.11491
V194	0.08545	0.88616	0	0.02839
V195	0.06603	0.04647	0.85662	0.03088
V196	0.07171	0.1107	0	0.81759
V197	0.47464	0.06229	0	0.46307
V198	0.10567	0.49547	0.35546	0.04341
V199	0.23144	0.04017	0.1663	0.56209
V200	0.17411	0.57917	0	0.24673
V201	0.13565	0.55187	0.18625	0.12623
V202	0.05762	0.03831	0.74748	0.15659
V203	0.20489	0.41959	0.37121	0.00431
V204	0.04522	0.5576	0	0.39717
V205	0.06507	0.07354	0.83025	0.03114
V206	0.09613	0.11075	0.79151	0.00161
V207	0.19374	0.22473	0.02848	0.55305
V208	0.28882	0.07252	0.63137	0.00729
V209	0.34074	0.46766	0.05736	0.13425
V210	0.12971	0.73569	0.0946	0.03999
V211	0.48636	0.02153	0.01022	0.48189
V212	0.53057	0.04085	0.40782	0.02076
V213	0.66627	0.02887	0.10391	0.20096
V214	0.37513	0.17692	0.15315	0.29481
V215	0.35424	0.11545	0	0.53031
V216	0.12853	0	0.04288	0.82859
V217	0.08006	0.50237	0.22729	0.19028
V218	0.1366	0.46387	0.16091	0.23862
V219	0.1508	0.64134	0	0.20787
V220	0.04603	0.82266	0	0.13131
V221	0.829	0	0	0.171
V222	0.35191	0.14542	0.34704	0.15564
V223	0.0391	0.15672	0.73133	0.07285
V224	0.97061	0	0.02939	0
V225	0.10484	0.83454	0.06062	0
V226	0.3431	0.08934	0.56354	0.00402
V227	0.79836	0	0.18174	0.0199
V228	0.78223	0.06495	0.05816	0.09467
V229	0.0672	0.03931	0.84963	0.04386
V230	0.08573	0.06843	0.01736	0.82847
V231	0.05522	0.32043	0.09398	0.53036
V232	0.08352	0.65459	0	0.26188
V233	0.58773	0.09169	0.1906	0.12998
V234	0.08604	0.86587	0.03286	0.01524
V235	0.40805	0.06528	0.50254	0.02412
V236	0.08615	0.08589	0.75356	0.0744
V237	0.23608	0.0201	0.02106	0.72276
V238	0.17042	0.53901	0.25677	0.0338
V239	0.11349	0.43359	0	0.45292
V240	0.51442	0.03967	0.40246	0.04345
V241	0.06131	0.01396	0.85494	0.06979
V242	0.17546	0.72826	0.0953	0.00098
V243	0.27845	0.05049	0.60029	0.07077
V244	0.24865	0	0.67123	0.08011
V245	0.61744	0.28788	0.04259	0.05209
V246	0.09809	0.16248	0.71884	0.02059
V247	0.1997	0.03007	0.77023	0
V248	0.09417	0.06743	0.03649	0.80192
V249	0.01606	0.06393	0.84436	0.07566
V250	0.77684	0	0.20859	0.01457
V251	0.92995	0.04424	0	0.02581
V252	0.03886	0.80901	0.15214	0
V253	0.4134	0.08188	0.15187	0.35285
V254	0.05774	0.88069	0.05637	0.0052
V255	0.08937	0.86919	0	0.04144
V256	0.21403	0.22339	0.48845	0.07413
V257	0.45807	0.11016	0.2217	0.21006
V258	0.21466	0.2749	0.40233	0.10811
V259	0.07404	0.29989	0.59626	0.02981
V260	0.01957	0.29205	0.68273	0.00565
V261	0.6383	0.02963	0.19093	0.14114
V262	0.17168	0.08643	0	0.74189
V263	0.06631	0.89921	0	0.03449
V264	0.21087	0.05137	0.41763	0.32012
V265	0.09976	0	0.13585	0.7644
V266	0.67515	0.32485	0	0
V267	0.01986	0.21549	0.27704	0.4876
V268	0.43912	0.02798	0.13379	0.39911
V269	0.03677	0.54831	0.37937	0.03554
V270	0.65996	0.02112	0.237	0.08192
V271	0.80936	0.06474	0.02135	0.10456
V272	0.09835	0.80815	0.00245	0.09105
V273	0.13759	0.04988	0.02941	0.78312
V274	0.72075	0	0.17239	0.10686
V275	0.0263	0.05008	0.88099	0.04263
V276	0.53214	0.33222	0	0.13564
V277	0.07852	0.24362	0.1465	0.53136
V278	0.08795	0.08396	0.27981	0.54828
V279	0.70502	0.05666	0.10495	0.13336
V280	0.10049	0	0.05496	0.84454
V281	0.57981	0.03243	0.13217	0.25559
V282	0.09866	0.08541	0.75705	0.05888
V283	0.24992	0.57183	0.05303	0.12522
V284	0.07773	0.85901	0.06326	0
V285	0.11663	0.01142	0.87194	0
V286	0.28154	0.53484	0.1031	0.08052
V287	0.14238	0.82839	0.00763	0.02161
V288	0.04716	0.30194	0.41224	0.23866
V289	0.31341	0.22732	0.39627	0.063
V290	0.85024	0.14814	0.00161	0
V291	0.5112	0.06998	0.41039	0.00843
V292	0.92163	0	0	0.07837
V293	0.33102	0.02018	0.61241	0.03639
V294	0.13109	0.38021	0	0.4887
V295	0.0575	0.21306	0.17779	0.55165
V296	0.21526	0.13342	0.57461	0.07671
V297	0.15568	0	0.07532	0.769
V298	0.33319	0.10925	0.55533	0.00222
V299	0.11872	0.30081	0	0.58047
V300	0.03231	0.06007	0.22047	0.68714
V301	0.16134	0.12752	0.60787	0.10326
V302	0.67132	0.31289	0	0.01579
V303	0.0236	0.58512	0.37041	0.02087
V304	0.09837	0.04333	0.70955	0.14875
V305	0.15955	0.18001	0.43891	0.22153
V306	0.81009	0.09185	0.04158	0.05647
V307	0.06912	0.89282	0.01471	0.02335
V308	0.26466	0.24575	0.28009	0.2095
V309	0.3753	0.33144	0.0013	0.29195
V310	0.11934	0.34572	0.13692	0.39801
V311	0.54457	0.45016	0	0.00527
V312	0.1425	0.70455	0.14383	0.00911
V313	0.02913	0.15235	0	0.81852
V314	0.04899	0.5066	0.0974	0.34701
V315	0.16242	0.62476	0.02357	0.18925
V316	0.33987	0.14588	0.3675	0.14675
V317	0.1284	0.68877	0.03901	0.14382
V318	0.07734	0.57244	0	0.35021
V319	0.09967	0.07745	0.78445	0.03843
V320	0.11545	0.16039	0.61051	0.11365
V321	0.66481	0.33519	0	0
V322	0.23855	0.34641	0.05007	0.36497
V323	0.12634	0.04468	0.07415	0.75483
V324	0.6744	0.24609	0.06219	0.01731
V325	0.33823	0.60973	0.05204	0
V326	0.01863	0.5886	0.08368	0.30909
V327	0.06534	0.1839	0.08403	0.66674
V328	0.0879	0.04446	0.71067	0.15697
V329	0.22389	0.1362	0.15438	0.48553
V330	0.42709	0.01224	0.32182	0.23885
V331	0.39826	0.10733	0.01936	0.47505
V332	0.05572	0.07964	0.16715	0.69749
V333	0.44746	0.07959	0.37097	0.10197
V334	0.39342	0.01396	0.34287	0.24974
V335	0.0586	0.34345	0.48723	0.11072
V336	0.21572	0.68375	0.00928	0.09125
V337	0.31468	0.39311	0.27969	0.01253
V338	0.02997	0.92772	0.01302	0.0293
V339	0.16457	0.0039	0.81625	0.01528
V340	0.08975	0.24401	0.50081	0.16543
V341	0.09047	0.06543	0.05046	0.79364
V342	0.28213	0.00057	0.59387	0.12342
V343	0.93832	0.0259	0.00151	0.03428
V344	0.69083	0.14074	0.16843	0
V345	0.07025	0.04998	0.87978	0
V346	0.27146	0.13179	0.26899	0.32776
V347	0.11109	0.03027	0.11244	0.7462
V348	0.09106	0.64156	0.14099	0.12639
V349	0.36991	0.1736	0.36446	0.09203
V350	0.05823	0.77151	0.17025	0
V351	0.06317	0.05637	0.38257	0.49789
V352	0.08809	0.03296	0.80197	0.07699
V353	0.87418	0.0188	0.02853	0.07849
V354	0.08478	0.66535	0.2213	0.02856
V355	0.30661	0.0871	0.44028	0.16601
V356	0.10165	0.04718	0.08282	0.76836
V357	0.14581	0.34874	0.26445	0.241
V358	0.57163	0.11346	0.03287	0.28204
V359	0.60626	0.06533	0.00944	0.31897
V360	0.56973	0.40812	0.0118	0.01035
V361	0.01734	0.4447	0.5318	0.00616
V362	0.01679	0.93002	0.02511	0.02807
V363	0.20577	0.13518	0.44693	0.21212
V364	0.19471	0.07621	0.64258	0.0865
V365	0.32512	0.03467	0	0.64021
V366	0.11652	0.66941	0.08004	0.13403
V367	0.59562	0.13678	0	0.2676
V368	0.12895	0.70708	0.0826	0.08138
V369	0.05389	0.39236	0.55375	0
V370	0.32472	0.27479	0.38552	0.01497
V371	0.2265	0.6959	0.02149	0.05612
V372	0.22342	0.07611	0.10377	0.59671
V373	0.11781	0.16242	0.45132	0.26846
V374	0.79524	0.00497	0.19979	0
V375	0.10301	0.06745	0.1254	0.70414
V376	0.09944	0.06093	0.07947	0.76015
V377	0.80449	0	0	0.19551
V378	0.04789	0.05746	0.39511	0.49954
V379	0.37759	0.2066	0	0.41582
V380	0.20256	0.09583	0.18516	0.51645
V381	0.74765	0.00602	0.08722	0.15911
V382	0.12815	0.04808	0.81517	0.0086
V383	0.83773	0	0.04216	0.12011
V384	0.57593	0.08256	0.12174	0.21977
V385	0.85172	0.00714	0.07258	0.06856
V386	0.35239	0.02159	0.13624	0.48979
V387	0.59235	0.15084	0.18035	0.07646
V388	0.3954	0.33436	0.13371	0.13653
V389	0.4414	0.50214	0	0.05645
V390	0.31784	0.25176	0.4304	0
V391	0.45985	0.11636	0	0.42379
V392	0.44371	0.23142	0.15307	0.1718
V393	0.30562	0.23921	0.32973	0.12544
V394	0.14018	0.25848	0.09477	0.50657
V395	0.25106	0.39703	0.19085	0.16106
V396	0.05581	0.90553	0.0043	0.03435
V397	0.77502	0.08357	0.09739	0.04402
V398	0.47521	0.14975	0.08155	0.29349
V399	0.22571	0.5403	0.14554	0.08844
V400	0.0199	0.60692	0.05417	0.31901
V401	0.06886	0.17328	0.68576	0.0721
V402	0.81639	0.16006	0.02355	0
V403	0.09159	0.05286	0.06068	0.79487
V404	0.12591	0.21025	0.57998	0.08386
V405	0.27483	0.04753	0.15616	0.52147
V406	0.65301	0.25042	0.00064	0.09594
V407	0.02997	0.92772	0.01302	0.0293
V408	0.12453	0.2648	0.3802	0.23047
V409	0.04438	0.0594	0.03148	0.86474
V410	0.13243	0.8199	0.02846	0.01921
V411	0.48398	0.00013	0	0.51589
V412	0.19608	0.09353	0.47894	0.23145
V413	0.09201	0.4975	0.1722	0.23829
V414	0.06945	0.50478	0.31851	0.10725
V415	0.47404	0.03844	0.22159	0.26593
V416	0.05038	0.09315	0.85646	0
V417	0.41102	0.58575	0	0.00323
V418	0.12654	0.13506	0.12467	0.61372
V419	0.09395	0	0.06149	0.84456
V420	0.01137	0.88605	0.01378	0.0888
V421	0.19461	0.05448	0.6458	0.10511
V422	0.12146	0.09358	0	0.78496
V423	0.12282	0.03227	0.81129	0.03363
V424	0.01321	0.07932	0.61179	0.29568
V425	0.09141	0.25212	0.56337	0.0931
V426	0.13163	0.06243	0.74158	0.06437
V427	0.10367	0.41661	0.18112	0.29861
V428	0.12914	0.74323	0.05273	0.0749
V429	0.09052	0.00653	0.06366	0.83929
V430	0.7543	0.16714	0.00241	0.07615
V431	0.22127	0.04062	0.43758	0.30054
V432	0.17293	0.12495	0.02583	0.67629
V433	0.09484	0.71912	0	0.18604
V434	0.38626	0.09734	0.03038	0.48602
V435	0.54283	0.01302	0.11306	0.33109
V436	0.4289	0.0181	0.10542	0.44757
V437	0.27694	0.23952	0	0.48354
V438	0.62628	0.16907	0.01339	0.19126
V439	0.09726	0.12797	0	0.77477
V440	0.5272	0.0503	0.00789	0.41461
V441	0.10447	0.1512	0.56872	0.17562
V442	0.34429	0.35302	0.1225	0.18018
V443	0.75597	0	0.08454	0.15949
V444	0.07025	0.04998	0.87978	0
V445	0.62451	0.01597	0.33033	0.02919
V446	0.07384	0.79978	0.05817	0.06821
V447	0.63261	0.09811	0.17183	0.09745
V448	0.06689	0.09866	0.17672	0.65772
V449	0.57125	0.04454	0.28704	0.09717
V450	0.17835	0.81431	0.00734	0
V451	0.9094	0.04284	0	0.04776
V452	0.10761	0.03456	0.0656	0.79224
V453	0.80153	0.07408	0.05966	0.06472
V454	0.02282	0.89119	0.05924	0.02675
V455	0.60863	0.0337	0.29465	0.06301
V456	0.35092	0.13482	0.36709	0.14716
V457	0.04276	0.08402	0.0058	0.86742
V458	0.30895	0.2373	0	0.45375
V459	0.04787	0.77067	0.09747	0.08399
V460	0.92129	0.00352	0.03304	0.04214
V461	0.14091	0.06713	0	0.79195
V462	0.38085	0.24529	0	0.37385
V463	0.28109	0.46875	0.15152	0.09864
V464	0.53826	0.10035	0	0.36139
V465	0.42815	0.42684	0.01007	0.13494
V466	0.59969	0.18455	0	0.21576
V467	0.34454	0.551	0.07709	0.02737
V468	0.51591	0.39172	0.04375	0.04862
V469	0.05463	0.21185	0.27389	0.45963
V470	0.55694	0.13213	0.172	0.13893
V471	0.32182	0.13405	0.00716	0.53698
V472	0.35457	0.32768	0	0.31775
V473	0.14046	0.52904	0.32589	0.00462
V474	0.18937	0	0.10079	0.70984
V475	0.2221	0.41891	0.06316	0.29583
V476	0.23232	0.03348	0.04475	0.68944
V477	0.61029	0.04114	0.20028	0.14829
V478	0.17079	0.58491	0	0.2443
V479	0.0477	0.10823	0.75963	0.08444
V480	0.12733	0.34313	0.02285	0.50669
V481	0.18511	0.03011	0.76633	0.01845
V482	0.69498	0.16179	0.10674	0.03648
V483	0.189	0.14233	0.05236	0.61632
V484	0.08742	0.10953	0.0085	0.79455
V485	0.16424	0.72107	0	0.11469
V486	0.30467	0.2855	0.11481	0.29502
V487	0.14272	0.07441	0.06885	0.71402
V488	0.0242	0.01348	0.85629	0.10603
V489	0.24992	0.1153	0.63365	0.00113
V490	0.37177	0.33134	0.05131	0.24558
V491	0.46388	0.45515	0.02483	0.05614
V492	0.06898	0.79424	0.13678	0
V493	0.12675	0	0	0.87325
V494	0.22533	0.17342	0.49093	0.11031
V495	0.25929	0.5965	0.13833	0.00587
V496	0.30798	0.65276	0	0.03926
V497	0.0682	0.00534	0.89035	0.03611
V498	0.36408	0.12902	0.0302	0.47671
V499	0.62371	0.25856	0.11773	0
V500	0.1416	0.13939	0.68268	0.03633
V501	0.03498	0.00854	0.07317	0.88332
V502	0.55852	0.27671	0.14575	0.01902
V503	0.245	0.12382	0.18578	0.4454
V504	0.26928	0.67251	0.00192	0.05628
V505	0.23315	0.23955	0.23949	0.28781
V506	0.12312	0.27375	0.42999	0.17314
V507	0.62061	0.10923	0.11372	0.15644
V508	0.75045	0.16647	0.03215	0.05093
V509	0.26208	0.07996	0.48324	0.17472
V510	0.25209	0.49576	0.25215	0
V511	0.09016	0.45009	0.02563	0.43412
V512	0.30024	0.07113	0.06395	0.56469
V513	0.11589	0.62131	0.20999	0.05282
V514	0.07375	0.0988	0	0.82745
V515	0.7697	0.06556	0.03797	0.12677
V516	0.90444	0.07511	0	0.02046
V517	0.09494	0.05399	0.2366	0.61447
V518	0.93451	0.03379	0	0.03171
V519	0.06618	0.84296	0	0.09086
V520	0.07085	0.00895	0.61312	0.30708
V521	0.57421	0.04726	0.35126	0.02728
V522	0.0354	0.15617	0.55653	0.2519
V523	0.38098	0.14496	0.24438	0.22968
V524	0.04	0.74062	0.19387	0.02551
V525	0.30484	0.23557	0	0.45959
V526	0.65502	0.08901	0.06447	0.1915
V527	0.24737	0.03943	0.38408	0.32912
V528	0.13888	0.81766	0	0.04345
V529	0.11364	0.09342	0.20643	0.58651
V530	0.03668	0.22514	0.64354	0.09464
V531	0.05152	0.8344	0.11408	0
V532	0.21755	0.35804	0	0.4244
V533	0.31096	0.36532	0.12443	0.19929
V534	0.04631	0.04105	0.68343	0.22921
V535	0.59036	0	0	0.40964
V536	0.23866	0	0.36806	0.39329
V537	0.59839	0.25405	0.14549	0.00208
V538	0.49227	0.06704	0.0736	0.36708
V539	0.2952	0.43118	0.14894	0.12468
V540	0.23773	0.66266	0.07177	0.02784
V541	0.04974	0.5359	0.04897	0.36539
V542	0.23886	0.15588	0.23791	0.36735
V543	0.88249	0.00044	0.00218	0.11488
V544	0.15904	0.12167	0.1551	0.56418
V545	0.40323	0.16462	0.05185	0.3803
V546	0.09381	0.83558	0.07061	0
V547	0.07584	0.61369	0.30829	0.00219
V548	0.19181	0.72427	0.08392	0
V549	0.35147	0.04158	0.59744	0.00951
V550	0.61573	0.01883	0	0.36544
V551	0.21563	0.70604	0.03089	0.04744
V552	0.01439	0.55851	0	0.42709
V553	0.25968	0.16179	0.56937	0.00916
V554	0.12446	0.12391	0	0.75163
V555	0.12705	0.25741	0.31633	0.29922
V556	0.01305	0.05604	0.87257	0.05833
V557	0.82419	0.02535	0	0.15046
V558	0.10841	0.76403	0.02029	0.10728
V559	0.03819	0.77354	0.18827	0
V560	0.69745	0.29138	0	0.01116
V561	0.0263	0.05008	0.88099	0.04263
V562	0.78314	0	0.11413	0.10274
V563	0.27511	0.00376	0.70834	0.01279
V564	0.10316	0.09801	0.78127	0.01756
V565	0.1572	0.28332	0.35713	0.20236
V566	0.70849	0.09342	0	0.19809
V567	0.25641	0.46364	0.00503	0.27491
V568	0.3056	0.01353	0.04328	0.6376
V569	0.69912	0.01611	0	0.28478
V570	0.05942	0.30139	0.58018	0.059
V571	0.81525	0.11346	0	0.07129
V572	0.46627	0.0125	0.42542	0.09582
V573	0.11764	0.19474	0	0.68762
V574	0.0785	0.74371	0.1746	0.00319
V575	0.06857	0.1216	0.10587	0.70396
V576	0.19555	0.76219	0.03649	0.00577
V577	0.09484	0.07469	0.19623	0.63424
V578	0.09596	0.09322	0.64407	0.16675
V579	0.04597	0.82949	0.10124	0.0233
V580	0.21781	0.0197	0.10082	0.66166
V581	0.13749	0.10072	0	0.76178
V582	0.5987	0.16173	0.01196	0.22761
V583	0.03848	0.07745	0.57519	0.30888
V584	0.5277	0.16406	0.27945	0.02879
V585	0.05548	0.03822	0.43213	0.47417
V586	0.26842	0.02191	0.62085	0.08883
V587	0.29832	0.02211	0.65064	0.02893
V588	0.65557	0.05405	0	0.29038
V589	0.09665	0.77815	0.06679	0.05841
V590	0.08557	0.72337	0.19106	0
V591	0.03303	0.06999	0.1911	0.70588
V592	0.18929	0.048	0.76272	0
V593	0.60693	0	0.17428	0.21879
V594	0.35857	0.2934	0.31615	0.03189
V595	0.10764	0.06535	0.01365	0.81336
V596	0.07315	0.31718	0.2103	0.39937
V597	0.01594	0.57533	0.33365	0.07508
V598	0.06009	0.13773	0.78316	0.01902
V599	0.63499	0.31214	0.02745	0.02542
V600	0.38185	0.46897	0.04017	0.109
V601	0.20714	0.30639	0.06195	0.42452
V602	0.11276	0.07055	0	0.81669
V603	0.04625	0.40109	0	0.55266
V604	0.52526	0.12577	0.32645	0.02252
V605	0.10059	0.34789	0.37949	0.17203
V606	0.72897	0.1548	0	0.11623
V607	0.66785	0.00869	0.10413	0.21933
V608	0.25175	0.18429	0.3633	0.20067
V609	0.0641	0.27587	0.22052	0.43951
V610	0.76969	0.01654	0.08726	0.12651
V611	0.34846	0.0122	0.0402	0.59915
V612	0.05889	0.11723	0.75547	0.06842
V613	0.07434	0.33819	0.55782	0.02965
V614	0.76179	0.06616	0.03754	0.1345
V615	0.19945	0.07723	0	0.72332
V616	0.11765	0.69037	0.03893	0.15305
V617	0.48549	0.16093	0.35359	0
V618	0.73886	0	0	0.26114
V619	0.41558	0.04132	0.30346	0.23965
V620	0.04344	0.62932	0.32724	0
V621	0.44884	0.17139	0.16262	0.21716
V622	0.37973	0.23189	0.37367	0.01471
V623	0.06829	0.11081	0.12636	0.69454
V624	0.79395	0.17813	0	0.02791
V625	0.29438	0.49033	0.08957	0.12571
V626	0.92757	0.02558	0	0.04686
V627	0.02935	0.05904	0.06817	0.84343
V628	0.0307	0.26097	0	0.70833
V629	0.16043	0.31715	0.26268	0.25974
V630	0.07255	0.3391	0.5499	0.03845
V631	0.0609	0.23459	0.08529	0.61922
V632	0.61048	0	0.12484	0.26468
V633	0.01265	0.06301	0.80368	0.12066
V634	0.41438	0.26499	0.32063	0
V635	0.06526	0.74923	0	0.1855
V636	0.1612	0.12738	0.59898	0.11243
V637	0.34418	0.22124	0.07197	0.36261
V638	0.40714	0.27695	0.05095	0.26496
V639	0.2895	0.41484	0.29566	0
V640	0.07134	0.17267	0.70817	0.04782
V641	0.87223	0.03825	0.01822	0.07129
V642	0.76262	0.16035	0	0.07703
V643	0.0371	0.2203	0.43382	0.30878
V644	0.89738	0.07123	0	0.03138
V645	0.2928	0.40374	0.30034	0.00311
V646	0.06485	0.90877	0.00718	0.01921
V647	0.18349	0.1073	0.65666	0.05256
V648	0.43207	0.42092	0.12976	0.01725
V649	0.06213	0.08853	0.78749	0.06184
V650	0.09663	0.11424	0.72371	0.06542
V651	0.33689	0.00474	0.64727	0.01109
V652	0.13243	0.1194	0.41942	0.32875
V653	0.1618	0.64164	0.09919	0.09737
V654	0.6962	0.19875	0.0504	0.05465
V655	0.07803	0.5904	0	0.33157
V656	0.25287	0.28871	0	0.45842
V657	0.08944	0.10706	0	0.8035
V658	0.60779	0.21777	0.04495	0.12949
V659	0.35527	0.10595	0.34706	0.19173
V660	0.07582	0.8919	0	0.03227
V661	0.10063	0.44799	0.03627	0.41512
V662	0.43485	0.02244	0.44794	0.09477
V663	0.26984	0.09044	0.53586	0.10386
V664	0.23668	0.08449	0.63583	0.04301
V665	0.68998	0.1909	0.02825	0.09087
V666	0.61133	0	0.08726	0.30141
V667	0.77814	0.06508	0.15678	0
V668	0.15252	0.76551	0.08197	0
V669	0.25922	0.41023	0.2409	0.08965
V670	0.12171	0.85316	0	0.02512
V671	0.38046	0.29306	0.24509	0.08139
V672	0.06309	0.0515	0.83754	0.04787
V673	0.26158	0.37511	0.2199	0.14341
V674	0.72437	0.15096	0	0.12467
V675	0.17024	0.34391	0.30524	0.18061
V676	0.07838	0.15227	0.08484	0.68451
V677	0.40452	0.39979	0.08733	0.10836
V678	0.53662	0.45517	0.00449	0.00372
V679	0.08775	0.31868	0.59357	0
V680	0.33613	0.52475	0.13341	0.00572
V681	0.88444	0.06568	0.00035	0.04953
V682	0.15008	0.30599	0.51822	0.02571
V683	0.0593	0.92839	0.0123	0
V684	0.69576	0.16133	0.088	0.05492
V685	0.50684	0.33863	0.11657	0.03795
V686	0.13915	0.21731	0.13538	0.50816
V687	0.11253	0.04694	0.02302	0.81751
V688	0.39742	0.48685	0	0.11572
V689	0.31688	0	0.0348	0.64832
V690	0.48508	0.05009	0.40457	0.06027
V691	0.19548	0.00946	0.78414	0.01092
V692	0.11754	0.15988	0.66076	0.06181
V693	0.26615	0.13139	0.35242	0.25004
V694	0.05305	0.0577	0.27944	0.60982
V695	0.29913	0.01382	0.14699	0.54007
V696	0.14605	0.11595	0	0.738
V697	0.07663	0.09661	0	0.82676
V698	0.83406	0	0	0.16594
V699	0.57128	0.28531	0.05793	0.08547
V700	0.29316	0.03383	0	0.67301
V701	0.14995	0.53043	0.10117	0.21845
V702	0.57116	0.08426	0	0.34457
V703	0.17521	0.07553	0.46967	0.27959
V704	0.82002	0.04622	0.01289	0.12087
V705	0.92843	0	0.01129	0.06028
V706	0.11977	0.07171	0.72665	0.08187
V707	0.07525	0.42679	0.47212	0.02584
V708	0.07674	0.83775	0.01713	0.06837
V709	0.16912	0.27575	0.49054	0.06459
V710	0.60847	0.21738	0.03548	0.13867
V711	0.13096	0.74986	0.0961	0.02308
V712	0.81733	0.04745	0	0.13522
V713	0.45899	0.3111	0.0139	0.21601
V714	0.03963	0.67877	0.0079	0.27371
V715	0.32541	0.33532	0.28739	0.05188
V716	0.10687	0.07577	0.03208	0.78528
V717	0.12312	0.86009	0	0.0168
V718	0.18202	0.54441	0.17543	0.09814
V719	0.09656	0.69618	0.02842	0.17885
V720	0.70578	0	0.21991	0.07431
V721	0.15913	0.18988	0.44881	0.20218
V722	0.13691	0.36207	0	0.50102
V723	0.17655	0.10677	0	0.71668
V724	0.60348	0.03162	0.07391	0.29099
V725	0.02541	0.12075	0.80849	0.04535
V726	0.0751	0.41272	0.1055	0.40668
V727	0.29597	0.61507	0.08895	0
V728	0.07255	0.82759	0.09986	0
V729	0.44857	0.01807	0.1522	0.38117
V730	0.88268	0.02941	0.0381	0.04981
V731	0.05995	0.23003	0.38044	0.32959
V732	0.3781	0.09381	0.33572	0.19238
V733	0.64893	0.19473	0.01671	0.13963
V734	0.26326	0.30349	0.43326	0
V735	0.05993	0.05697	0.46772	0.41538
V736	0.2187	0.02101	0	0.76029
V737	0.35029	0.29713	0.22643	0.12616
V738	0.11186	0.34252	0.42726	0.11836
V739	0.00702	0.04333	0.60225	0.3474
V740	0.83675	0.08502	0.06119	0.01704
V741	0.50719	0.11719	0.11198	0.26364
V742	0.42851	0.5695	0.00198	0
V743	0.17558	0.15798	0.65448	0.01196
V744	0.53281	0.04646	0.31769	0.10304
V745	0.0484	0.66977	0.18248	0.09935
V746	0.94689	0	0	0.05311
V747	0.09975	0.00334	0.70044	0.19647
V748	0.16054	0.12776	0.55514	0.15656
V749	0.3268	0.20404	0.02815	0.44101
V750	0.43663	0.45338	0.00251	0.10748
V751	0.08756	0.8221	0.03819	0.05214
V752	0.47494	0.23739	0.12389	0.16378
V753	0.10968	0.0625	0	0.82782
V754	0.05018	0.88837	0	0.06145
V755	0.18407	0.22105	0.32454	0.27033
V756	0.10078	0.03877	0.04812	0.81233
V757	0.36567	0.55646	0.05817	0.0197
V758	0.08133	0.72704	0.12478	0.06685
V759	0.16808	0.08632	0.38731	0.35829
V760	0.32995	0.07509	0.26732	0.32764
V761	0.10273	0.55678	0.2689	0.07159
V762	0.02114	0.4173	0	0.56156
V763	0.41428	0.36531	0.0047	0.21571
V764	0.05011	0.88845	0.00098	0.06046
V765	0.68023	0.07835	0	0.24142
V766	0.04755	0.34098	0.42139	0.19008
V767	0.49411	0.13659	0.23227	0.13704
V768	0.10378	0.85388	0.01883	0.02351
V769	0.1851	0.78028	0.02737	0.00726
V770	0.06485	0.90877	0.00718	0.01921
V771	0.20496	0.02884	0.74772	0.01847
V772	0.17779	0.06504	0.75717	0
V773	0.2045	0.78605	0	0.00945
V774	0.06511	0.00903	0.87346	0.05239
V775	0.16541	0.06615	0.2697	0.49873
V776	0.4474	0.4136	0.03962	0.09939
V777	0.2252	0.14701	0.12377	0.50402
V778	0.54441	0.27977	0.05606	0.11975
V779	0.20823	0.06294	0.47794	0.25088
V780	0.14244	0.72779	0.12977	0
V781	0.12668	0.06845	0.01562	0.78926
V782	0.03958	0.14696	0.74603	0.06743
V783	0.79217	0.0175	0.03925	0.15108
V784	0.15507	0.83393	0.01099	0
V785	0.08439	0.87818	0.00893	0.02849
V786	0.7139	0.15974	0.07942	0.04694
V787	0.0178	0.80519	0.17257	0.00444
V788	0.51758	0.29833	0.14673	0.03736
V789	0.11599	0.39802	0.00024	0.48575
V790	0.49419	0.03708	0.0639	0.40482
V791	0.16758	0.3813	0.31563	0.13549
V792	0.17142	0.53705	0	0.29153
V793	0.16253	0.64171	0.02488	0.17087
V794	0.08489	0.10545	0.73672	0.07294
V795	0.17779	0.07385	0.0401	0.70826
V796	0.0688	0.10859	0.79111	0.0315
V797	0.76122	0	0.21812	0.02066
V798	0.62665	0.28707	0.07197	0.01432
V799	0.17369	0.7403	0.02076	0.06526
V800	0.11372	0.04994	0.50069	0.33565
V801	0.17869	0.14977	0.31366	0.35788
V802	0.08375	0.11614	0.25959	0.54052
V803	0.24542	0.49479	0.25979	0
V804	0.5371	0.01802	0.37419	0.07069
V805	0.07935	0.00523	0.91542	0
V806	0.09143	0.86165	0.00757	0.03935
V807	0.30883	0.18614	0.00619	0.49883
V808	0.66532	0.26481	0.03424	0.03564
V809	0.08513	0.06301	0.85187	0
V810	0.06538	0.91039	0	0.02422
V811	0.45169	0.08953	0.19184	0.26693
V812	0.55745	0.26991	0.03547	0.13717
V813	0.59969	0.19843	0.18146	0.02042
V814	0.45592	0.5036	0.04048	0
V815	0.02647	0.87733	0.08826	0.00794
V816	0.94492	0	0.05508	0
V817	0.07312	0.10005	0.80434	0.02249
V818	0.03625	0.0963	0.02713	0.84032
V819	0.81804	0.08329	0.04123	0.05744
V820	0.19448	0.13145	0	0.67407
V821	0.247	0.3212	0.36968	0.06212
V822	0.11229	0.04547	0.80822	0.03401
V823	0.05782	0.21386	0.64239	0.08593
V824	0.11525	0.36796	0.51679	0
V825	0.25134	0.30752	0.23965	0.20149
V826	0.45201	0.39933	0.14866	0
V827	0.40687	0.56883	0.00112	0.02319
V828	0.26805	0.1957	0.09335	0.4429
V829	0.08822	0.28318	0.01258	0.61602
V830	0.27045	0.25885	0	0.47069
V831	0.76989	0.0941	0.01782	0.1182
V832	0.29519	0.4024	0.15823	0.14418
V833	0.18256	0.50103	0.17399	0.14242
V834	0.34179	0.09956	0.06171	0.49695
V835	0.38079	0.43848	0.10958	0.07114
V836	0.04385	0.67598	0	0.28018
V837	0.25108	0.3879	0.17978	0.18125
V838	0.91659	0.04315	0.02341	0.01685
V839	0.32753	0.57584	0.09663	0
V840	0.32106	0.67894	0	0
V841	0.02078	0.0736	0.83664	0.06899
V842	0.37806	0.18415	0.24598	0.1918
V843	0.05828	0.05064	0.81407	0.077
V844	0.15641	0.1188	0.36617	0.35862
V845	0.10672	0.13172	0.69697	0.06459
V846	0.01289	0.04471	0.743	0.19941
V847	0.04424	0.00985	0.06093	0.88498
V848	0.12518	0.51025	0.16389	0.20068
V849	0.01616	0.92404	0.00804	0.05176
V850	0.93297	0	0.01736	0.04967
V851	0.355	0.50605	0.13895	0
V852	0.16749	0.08045	0.11471	0.63735
V853	0.27069	0.24163	0.38067	0.107
V854	0.59753	0.17839	0.09472	0.12936
V855	0.04424	0.00985	0.06093	0.88498
V856	0.07986	0.37148	0.3385	0.21016
V857	0.67614	0.18356	0.01677	0.12353
V858	0.56443	0.01252	0.41132	0.01172
V859	0.66258	0.23984	0.00099	0.09659
V860	0.2448	0.14843	0.03023	0.57654
V861	0.12834	0.35367	0.51799	0
V862	0.17286	0.10819	0.67374	0.04521
V863	0.25657	0.07108	0	0.67235
V864	0.14012	0.06833	0.03739	0.75416
V865	0.16979	0.02224	0.26015	0.54782
V866	0.72603	0.01474	0.24132	0.01791
V867	0.72542	0.02599	0.2402	0.00839
V868	0.51962	0.27961	0.12621	0.07456
V869	0.07552	0.90511	0.00384	0.01553
V870	0.14906	0.36736	0	0.48358
V871	0.01616	0.92404	0.00804	0.05176
V872	0.05875	0.04749	0.23723	0.65653
V873	0.87025	0.02812	0.04583	0.05581
V874	0.22639	0.75096	0.02265	0
V875	0.05663	0.23487	0.18756	0.52094
V876	0.19041	0.33548	0.39231	0.08181
V877	0.0799	0.41312	0.28745	0.21952
V878	0.16452	0.77214	0.06335	0
V879	0.22683	0.66057	0.0389	0.0737
V880	0.33513	0.531	0	0.13387
V881	0.18371	0.06496	0.57533	0.176
V882	0.79397	0	0.11611	0.08992
V883	0.30077	0.20155	0.49768	0
V884	0.06186	0.29216	0	0.64598
V885	0.72013	0.20335	0.07653	0
V886	0.0473	0.3765	0.44897	0.12723
V887	0.63817	0.07018	0.15121	0.14045
V888	0.14141	0.07018	0.69976	0.08865
V889	0.89608	0.04878	0.01198	0.04316
V890	0.06841	0.17408	0.58981	0.1677
V891	0.62732	0.05387	0.27351	0.04529
V892	0.32347	0.20098	0	0.47555
V893	0.57966	0.2177	0.14397	0.05867
V894	0.1057	0.31774	0.54776	0.02879
V895	0.59777	0.07215	0.18979	0.14029
V896	0.08545	0.88616	0	0.02839
V897	0.69112	0.24531	0	0.06357
V898	0.50492	0	0	0.49508
V899	0.06964	0.23419	0.12524	0.57094
V900	0.11228	0.31833	0.34867	0.22072
V901	0.07567	0.81011	0	0.11422
V902	0.097	0.85082	0.05219	0
V903	0.03685	0.421	0.50581	0.03634
V904	0.07441	0.90694	0	0.01865
V905	0.21188	0	0.17344	0.61468
V906	0.43534	0.11183	0.0923	0.36054
V907	0.45257	0.49317	0.00739	0.04687
V908	0.06508	0.08657	0.05582	0.79253
V909	0.17107	0.76569	0	0.06323
V910	0.22803	0	0.11532	0.65665
V911	0.52808	0.38292	0.02328	0.06572
V912	0.4076	0.33364	0.11423	0.14454
V913	0.19662	0	0	0.80338
V914	0.21502	0.47825	0.28332	0.02341
V915	0.28788	0	0	0.71212
V916	0.27827	0.0717	0.60638	0.04365
V917	0.7096	0.02712	0.16223	0.10105
V918	0.08008	0.6084	0.23002	0.08151
V919	0.23006	0.25891	0.28166	0.22937
V920	0.61354	0.20552	0.08676	0.09418
V921	0.08483	0.20251	0.00607	0.70659
V922	0.13731	0.45371	0.37471	0.03427
V923	0.15643	0.04466	0.0352	0.76371
V924	0.07513	0.63744	0.26939	0.01804
V925	0.24295	0.05597	0	0.70108
V926	0.26586	0.04694	0.00958	0.67762
V927	0.08683	0.07615	0.04169	0.79533
V928	0.08961	0.84957	0	0.06081
V929	0.09175	0.62604	0.12896	0.15325
V930	0.52004	0.36632	0.02098	0.09266
V931	0.1692	0.28592	0.48076	0.06411
V932	0.069	0.14403	0.58336	0.20361
V933	0.60887	0.37636	0.00192	0.01286
V934	0.04421	0.19183	0.26274	0.50122
V935	0.56025	0.17208	0.20022	0.06745
V936	0.53969	0.27933	0	0.18098
V937	0.55604	0.14373	0.07256	0.22767
V938	0.4053	0.06056	0.29558	0.23856
V939	0.75628	0.01686	0.06752	0.15934
V940	0.06162	0.74879	0.15545	0.03415
V941	0.03167	0.01365	0.90741	0.04726
V942	0.73229	0.18747	0.0611	0.01914
V943	0.41093	0.14177	0.39977	0.04752
V944	0.05793	0.30832	0.04424	0.58951
V945	0.56872	0.34682	0	0.08446
V946	0.46567	0.26539	0.24384	0.0251
V947	0.13578	0.08079	0.21628	0.56715
V948	0.36224	0.03981	0.57906	0.01889
V949	0.01364	0.15474	0.19463	0.637
V950	0.09031	0.53139	0.20639	0.17191
V951	0.82307	0.01315	0.15014	0.01365
V952	0.11278	0.16555	0.25082	0.47085
V953	0.0572	0.08074	0.81591	0.04616
V954	0.08083	0.22212	0.12571	0.57133
V955	0.16351	0.59901	0.01045	0.22703
V956	0.08157	0.0537	0.49873	0.366
V957	0.38369	0.0107	0	0.60561
V958	0.12675	0	0	0.87325
V959	0.25773	0.27005	0.409	0.06321
V960	0.2741	0.30108	0.0602	0.36462
V961	0.16786	0.38918	0.33508	0.10788
V962	0.38016	0.18338	0.37315	0.06331
V963	0.59245	0.17898	0.15268	0.07589
V964	0.82424	0.02816	0.09744	0.05016
V965	0.09177	0.50569	0.18366	0.21888
V966	0.93049	0.0229	0	0.04661
V967	0.10078	0.07223	0.51108	0.31592
V968	0.01576	0.17743	0.73806	0.06875
V969	0.04695	0.32949	0.01372	0.60984
V970	0.07246	0.15584	0.41141	0.36028
V971	0.50804	0.09674	0.31832	0.0769
V972	0.52468	0.21575	0.03257	0.227
V973	0.30044	0.42768	0.06424	0.20765
V974	0.03805	0.75151	0.13551	0.07494
V975	0.13435	0.29321	0.57245	0
V976	0.45535	0.25973	0.10405	0.18087
V977	0.33934	0.34636	0.3143	0
V978	0.12744	0.12873	0.04534	0.6985
V979	0.79742	0.01404	0.17636	0.01219
V980	0.94689	0	0	0.05311
V981	0.36558	0.04421	0.41683	0.17338
V982	0.45698	0.39283	0.06899	0.0812
V983	0.71102	0.05571	0	0.23328
V984	0.05209	0.792	0.11841	0.0375
V985	0.1261	0.21297	0	0.66093
V986	0.3493	0.51022	0.04189	0.09858
V987	0.275	0.71054	0	0.01446
V988	0.27664	0.03053	0	0.69282
V989	0.46153	0.45305	0.07431	0.01111
V990	0.01171	0.08043	0.77046	0.1374
V991	0.65286	0.33245	0	0.01469
V992	0.24085	0.02107	0.50553	0.23255
V993	0.10517	0.68302	0.1729	0.03891
V994	0.22616	0.74168	0.02667	0.0055
V995	0.73499	0.11398	0.01655	0.13447
V996	0.31718	0.14141	0	0.54142
V997	0.05762	0.03899	0.7886	0.1148
V998	0.85805	0.00739	0.06339	0.07117
V999	0.16135	0.8331	0	0.00555
V1000	0.36271	0.02157	0	0.61572
