cytotoxic.CD56.dim.NK.cell	memory.CD4.pos.AB.T.cell	memory.B.cell	CD14.pos.CD16.neg.classical.monocyte
V1	0.69331	0.0098	0.19298	0.10391
V2	0.37923	0.11855	0.09583	0.40638
V3	0.13693	0.68995	0.02426	0.14886
V4	0.89241	0.09885	0	0.00874
V5	0.20613	0.42808	0.29708	0.0687
V6	0.14822	0.80844	0.03157	0.01177
V7	0.29593	0.38908	0.12524	0.18976
V8	0.18713	0.00245	0.79675	0.01367
V9	0.44203	0.26654	0.06099	0.23044
V10	0.03508	0.00245	0.94059	0.02188
V11	0.29655	0.27514	0.42506	0.00326
V12	0.05518	0.51924	0.41789	0.00769
V13	0.37298	0.60697	0.00933	0.01072
V14	0.13057	0.85351	0.01192	0.004
V15	0.22802	0.55127	0.1518	0.06891
V16	0.94405	0.02962	0.01706	0.00927
V17	0.16194	0.80512	0.02122	0.01172
V18	0.66011	0.27531	0.04877	0.0158
V19	0.25777	0.7246	0.01031	0.00732
V20	0.32992	0.47673	0.03302	0.16033
V21	0.18921	0.03161	0.76541	0.01376
V22	0.06275	0.12643	0.39184	0.41899
V23	0.49123	0.02045	0.48559	0.00273
V24	0.95684	0.02025	0.02291	0
V25	0.4971	0.22418	0.16103	0.11769
V26	0.53278	0.35798	0.02743	0.08182
V27	0.30195	0.08183	0.04353	0.57269
V28	0.00053	0.01411	0.98527	9e-05
V29	0.51302	0.01525	0.45952	0.01222
V30	0.20524	0.2262	0.38382	0.18474
V31	0.34658	0.17604	0.35367	0.1237
V32	0.24968	0.04048	0.0689	0.64093
V33	0.09571	0.44883	0.41086	0.04459
V34	0.1876	0.01617	0.78257	0.01366
V35	0.26008	0.62655	0.0985	0.01487
V36	0.02538	0.02979	0.70627	0.23856
V37	0.69473	0.0685	0.12074	0.11604
V38	0.61885	0.00326	0.2188	0.15908
V39	0.27512	0.50809	0.15783	0.05895
V40	0.17442	0.73439	0.091	2e-04
V41	0.02516	0.76168	0.07656	0.1366
V42	0.41851	0.02907	0.30293	0.24949
V43	0.20171	0.27281	0.5111	0.01438
V44	0.03796	0.05169	0.83727	0.07308
V45	0.17776	0.52541	0.25703	0.03979
V46	0.82526	0.0577	0.11435	0.0027
V47	0.51124	0.15097	0.31687	0.02092
V48	0.84317	0.14119	0.00681	0.00883
V49	0.80687	0.16121	0	0.03192
V50	0.12888	0.76342	0.1038	0.0039
V51	0.3945	0.32464	0.26708	0.01378
V52	0.05194	0.07621	0.85731	0.01454
V53	0.77745	0.08906	0.13349	1e-05
V54	0.4971	0.14444	0.34897	0.00948
V55	0.38928	0.12467	0.31259	0.17346
V56	0.14625	0.02321	0.19383	0.63671
V57	0.17703	0.78441	0.03098	0.00758
V58	0.82115	0.01077	0.05308	0.11501
V59	0.52928	0.33293	0.11711	0.02068
V60	0.25264	0.14922	0.42719	0.17095
V61	0.85696	0.09557	0.01498	0.03249
V62	0.91673	0.02369	0.05508	0.0045
V63	0.04031	0.79256	0.15492	0.01221
V64	0.0237	0.90533	0.00269	0.06828
V65	0.04266	0.0089	0.22483	0.7236
V66	0.33718	0.60526	0.02793	0.02963
V67	0.23343	0.2559	0.5038	0.00687
V68	0.38467	0.19495	0.04593	0.37445
V69	0.05398	0.25974	0.66333	0.02294
V70	0.64308	0.12227	0.18693	0.04772
V71	0.30354	0.06227	0.46926	0.16493
V72	0.67872	0.14202	0.11268	0.06657
V73	0.25575	0.54169	0.16407	0.03849
V74	0.09904	0.16721	0.73368	7e-05
V75	0.7799	0.004	0.18269	0.03341
V76	0.00339	0.24612	0.35273	0.39775
V77	0.12369	0.43139	0.02006	0.42486
V78	0.4778	0.114	0.24485	0.16335
V79	0.01821	0.06908	0.87353	0.03917
V80	0.43846	0.0086	0.51882	0.03411
V81	0.09837	0.1166	0.78158	0.00346
V82	0.00044	0.03711	0.95878	0.00367
V83	0.3231	0.2243	0.13221	0.32039
V84	0.57932	0.04459	0.21344	0.16265
V85	0.1975	0.27891	0.45341	0.07018
V86	0.08543	0.02486	0.87187	0.01784
V87	0.08086	0.80806	0.0775	0.03357
V88	0.34174	0.05727	0.37644	0.22454
V89	0.06765	0.01744	0.41675	0.49815
V90	0.05811	0.85709	0.07675	0.00806
V91	0.07733	0.67993	0.22695	0.01579
V92	0.54354	0.01573	0.38718	0.05356
V93	0.94218	0.02051	0	0.03731
V94	0.05684	0.60414	0.04564	0.29338
V95	0.37504	0.38006	0.18342	0.06148
V96	0.23143	0.15925	0.06015	0.54917
V97	0.74653	0.07306	0.17783	0.00259
V98	0.75567	0.23839	0	0.00594
V99	0.82383	0.03753	0.13595	0.00268
V100	0.13143	0.00935	0.84881	0.01041
V101	0.05135	0.05965	0.01617	0.87284
V102	0.95382	0.03658	0.00505	0.00455
V103	0.0429	0.07617	0.22552	0.6554
V104	0.0587	0.92422	0.01289	0.00419
V105	0.11169	0.86184	0.02242	0.00404
V106	0.19889	0.43239	0.34986	0.01886
V107	0.2589	0.15384	0.56583	0.02143
V108	0.24896	0.64349	0.10739	0.00016
V109	0.04013	0.14318	0.71406	0.10263
V110	0.11316	0.82171	0.05327	0.01185
V111	0.9392	0.00378	0.05482	0.00219
V112	0.24758	0.05243	0.53905	0.16094
V113	0.38533	0.11421	0.26147	0.23899
V114	0.4862	0.05671	0.14064	0.31644
V115	0.02063	0.70313	0.27221	0.00403
V116	0.24897	0.27309	0.409	0.06894
V117	0.74711	0.19892	0.0387	0.01527
V118	0.30255	0.55333	0.05215	0.09197
V119	0.3171	0.11332	0.10389	0.46568
V120	0.13074	0.04069	0.82171	0.00687
V121	0.70833	0.1136	0.11022	0.06785
V122	0.9742	0.00972	0.0115	0.00458
V123	0.02788	0.64731	0.08584	0.23898
V124	0.73504	0.2426	0	0.02236
V125	0.48773	0.32476	0.17779	0.00972
V126	0.13369	0.2384	0.11453	0.51337
V127	0.34816	0.04807	0.3697	0.23407
V128	0.11258	0.02254	0.25775	0.60713
V129	0.66823	0.16897	0.15089	0.01191
V130	0.02003	0.59597	0.38007	0.00393
V131	0.06172	0.89728	0.00242	0.03858
V132	0.96055	0.00887	0.02371	0.00687
V133	0.93851	0.01372	0.0432	0.00457
V134	0.22916	0.41746	0.18707	0.16631
V135	0.23165	0.02629	0.33906	0.403
V136	0.42092	0.41142	0.02083	0.14683
V137	0.71362	0.02916	0.23297	0.02425
V138	0.34522	0.36179	0.21266	0.08033
V139	0.48472	0.18848	0.23261	0.0942
V140	0.11059	0.15659	0.12782	0.605
V141	0.13378	0.13855	0.63034	0.09733
V142	0.85516	0.00235	0.14249	0
V143	0.56551	0.24899	0.09154	0.09396
V144	0.35094	0.1703	0.24843	0.23033
V145	0.00205	0.71942	0.27446	0.00407
V146	0.18625	0.02681	0.07359	0.71336
V147	0.95258	0.0187	0.01709	0.01162
V148	0.2208	0.05704	0.63856	0.0836
V149	0.36689	0.40698	0.22282	0.00331
V150	0.1496	0.19792	0.61825	0.03423
V151	0.33962	0.55795	0.04868	0.05375
V152	0.34208	0.37676	0.24061	0.04055
V153	0.20763	0.70994	0.03094	0.05149
V154	0.33323	0.3696	0.28312	0.01405
V155	0.53413	0.12277	0.3025	0.0406
V156	0.07565	0.11426	0.75522	0.05487
V157	0.42379	0.13819	0.35236	0.08567
V158	0.05003	0.01244	0.06592	0.87161
V159	0.91871	0.06328	0	0.018
V160	0.82857	0.01083	0.07769	0.08291
V161	0.49189	0.01761	0.06563	0.42488
V162	0.18121	0.38867	0.1489	0.28123
V163	0.19508	0.48197	0.22212	0.10082
V164	0.48667	0.28442	0.13471	0.0942
V165	0.03754	0.45027	0.00835	0.50385
V166	0.0412	0.17815	0.17354	0.60711
V167	0.67245	0.00553	0.01405	0.30796
V168	0.3926	0.4864	0.09526	0.02574
V169	0.44074	0.07706	0.07781	0.4044
V170	0.20213	0.01598	0.63951	0.14238
V171	0.19627	0.19083	0.59481	0.01808
V172	0.76097	0.00516	0.23128	0.00258
V173	0.10428	0.24715	0.10012	0.54845
V174	0.06778	0.26742	0.17025	0.49454
V175	0.12072	0.00158	0.82495	0.05275
V176	0.02111	0.76632	0.20849	0.00408
V177	0.02253	0.96621	0.00288	0.00837
V178	0.02471	0.85249	0.01302	0.10979
V179	0.30737	0.00866	0.49867	0.1853
V180	0.05747	0.84433	0.09797	0.00024
V181	0.25941	0.10809	0.5689	0.0636
V182	0.38101	0.14246	0.45185	0.02468
V183	0.28343	0.70262	0.01029	0.00366
V184	0.98869	0.00617	0.00514	0
V185	0.67665	0.30585	0.01463	0.00287
V186	0.2205	0.42476	0.29992	0.05482
V187	0.96541	0.00965	0.02281	0.00213
V188	0.18138	0.36198	0.00689	0.44974
V189	0.89727	0.02569	0.02282	0.05423
V190	0.71595	0.0101	0.27133	0.00262
V191	0.25823	0.1619	0.5622	0.01767
V192	0.43384	0.42434	0.06971	0.07211
V193	0.68562	0.0301	0.23682	0.04746
V194	0.07873	0.89696	0.01213	0.01218
V195	0.01741	0.01179	0.96717	0.00363
V196	0.04649	0.14689	0.036	0.77062
V197	0.66575	0.05725	0.04368	0.23333
V198	0.1262	0.44095	0.40495	0.0279
V199	0.37378	0.03219	0.28686	0.30718
V200	0.26494	0.5774	0.03245	0.12522
V201	0.19174	0.51168	0.23219	0.0644
V202	0.03817	0.00843	0.87651	0.0769
V203	0.25055	0.34768	0.39124	0.01053
V204	0.02871	0.70105	0.0159	0.25434
V205	0.03471	0.0352	0.92287	0.00722
V206	0.08394	0.06699	0.84559	0.00348
V207	0.32286	0.25276	0.10257	0.32181
V208	0.33678	0.04467	0.61224	0.0063
V209	0.42822	0.41831	0.08935	0.06411
V210	0.16532	0.69554	0.11564	0.0235
V211	0.68378	0.02084	0.05656	0.23881
V212	0.58615	0.02808	0.37715	0.00862
V213	0.76422	0.03204	0.12556	0.07818
V214	0.49679	0.15739	0.20915	0.13667
V215	0.5508	0.1235	0.03845	0.28725
V216	0.12896	0.01179	0.06146	0.79779
V217	0.10593	0.49082	0.30257	0.10067
V218	0.19524	0.45311	0.22871	0.12294
V219	0.21717	0.65443	0.02192	0.10648
V220	0.02386	0.88513	0.01265	0.07837
V221	0.91424	0.0124	0.00689	0.06647
V222	0.42177	0.11725	0.39279	0.0682
V223	0.01841	0.11414	0.83211	0.03534
V224	0.97702	0.00558	0.0174	0
V225	0.11146	0.81033	0.07423	0.00397
V226	0.39892	0.05757	0.53738	0.00613
V227	0.85082	0.00138	0.14336	0.00444
V228	0.82823	0.0619	0.07428	0.0356
V229	0.03451	0.01035	0.94431	0.01083
V230	0.04827	0.05343	0.06265	0.83565
V231	0.05862	0.39305	0.2124	0.33592
V232	0.11509	0.73644	0.00289	0.14558
V233	0.67267	0.07345	0.2015	0.05238
V234	0.07776	0.87033	0.04392	0.00799
V235	0.44361	0.04461	0.49904	0.01273
V236	0.0881	0.04895	0.82935	0.0336
V237	0.42502	0.01873	0.07153	0.48472
V238	0.21914	0.47228	0.28573	0.02285
V239	0.18034	0.51284	0.04178	0.26504
V240	0.55942	0.02932	0.39204	0.01922
V241	0.03563	0.00226	0.932	0.03011
V242	0.21985	0.66254	0.11026	0.00735
V243	0.32241	0.02989	0.61625	0.03145
V244	0.28704	0.00215	0.67596	0.03485
V245	0.67999	0.23947	0.05796	0.02258
V246	0.10027	0.11688	0.77204	0.01081
V247	0.23248	0.01042	0.75706	4e-05
V248	0.08582	0.06452	0.1249	0.72476
V249	0.00042	0.02638	0.94241	0.03079
V250	0.83938	0.00152	0.15701	0.00208
V251	0.96225	0.03068	0.00493	0.00214
V252	0.02118	0.79282	0.18578	0.00022
V253	0.54379	0.07335	0.21711	0.16574
V254	0.02193	0.90625	0.06763	0.0042
V255	0.09706	0.88048	0.00226	0.0202
V256	0.25664	0.17591	0.53021	0.03723
V257	0.52957	0.09562	0.27991	0.0949
V258	0.27043	0.22571	0.45073	0.05313
V259	0.07105	0.24461	0.66563	0.01871
V260	0.00078	0.24085	0.75467	0.00371
V261	0.70891	0.03072	0.20504	0.05533
V262	0.30083	0.09695	0.04296	0.55925
V263	0.04182	0.94311	0.00268	0.01239
V264	0.29492	0.03294	0.5229	0.14924
V265	0.10914	0.00702	0.31229	0.57155
V266	0.72173	0.27069	0.00752	6e-05
V267	0.00246	0.23166	0.47676	0.28912
V268	0.59038	0.02767	0.19658	0.18537
V269	0.02016	0.51018	0.44555	0.02411
V270	0.71318	0.02225	0.23374	0.03084
V271	0.85497	0.06391	0.04085	0.04027
V272	0.12052	0.80675	0.02186	0.05087
V273	0.1866	0.043	0.0945	0.67589
V274	0.78075	0.0038	0.17578	0.03967
V275	0.00042	0.01248	0.98341	0.00369
V276	0.62102	0.30199	0.01663	0.06036
V277	0.11279	0.27982	0.28636	0.32102
V278	0.1092	0.07006	0.48976	0.33097
V279	0.77964	0.05184	0.11726	0.05126
V280	0.05003	0.01244	0.06592	0.87161
V281	0.69421	0.03218	0.16572	0.1079
V282	0.10074	0.04863	0.82491	0.02571
V283	0.33993	0.51839	0.07988	0.0618
V284	0.05778	0.86121	0.07689	0.00411
V285	0.11299	0.00385	0.8831	6e-05
V286	0.35864	0.47076	0.12906	0.04155
V287	0.17842	0.78912	0.0209	0.01156
V288	0.04337	0.28127	0.54669	0.12866
V289	0.36914	0.17834	0.41993	0.03259
V290	0.85312	0.13202	0.01483	2e-05
V291	0.56808	0.04805	0.37814	0.00572
V292	0.97483	0.00867	0	0.0165
V293	0.36289	0.00904	0.61132	0.01674
V294	0.23111	0.47838	0.0043	0.28621
V295	0.05841	0.24521	0.34792	0.34846
V296	0.25183	0.09608	0.61583	0.03626
V297	0.23557	0.00726	0.15954	0.59763
V298	0.386	0.07252	0.5353	0.00618
V299	0.1991	0.3936	0.03287	0.37443
V300	0.00379	0.04485	0.47391	0.47745
V301	0.19479	0.09009	0.66603	0.04909
V302	0.72439	0.26953	7e-05	0.006
V303	0.00152	0.54875	0.43375	0.01598
V304	0.10668	0.0155	0.80789	0.06993
V305	0.22752	0.14348	0.52388	0.10513
V306	0.84575	0.08163	0.05469	0.01794
V307	0.04155	0.92661	0.02359	0.00825
V308	0.3605	0.20653	0.33758	0.09539
V309	0.50693	0.31318	0.04105	0.13883
V310	0.18753	0.36245	0.2309	0.21913
V311	0.62254	0.3668	0.00763	0.00303
V312	0.1739	0.65053	0.16421	0.01136
V313	0.00637	0.21544	0.05426	0.72393
V314	0.05041	0.56477	0.18155	0.20327
V315	0.23908	0.6118	0.05417	0.09495
V316	0.40794	0.11612	0.41002	0.06591
V317	0.17583	0.68287	0.0659	0.0754
V318	0.0978	0.66782	0.02667	0.20771
V319	0.09863	0.04094	0.84631	0.01412
V320	0.14288	0.1195	0.68453	0.0531
V321	0.71462	0.27781	0.0075	6e-05
V322	0.37068	0.34027	0.10797	0.18108
V323	0.1753	0.03641	0.20627	0.58202
V324	0.72038	0.19877	0.07193	0.00892
V325	0.42519	0.50929	0.06222	0.0033
V326	0.00275	0.66452	0.1522	0.18052
V327	0.06687	0.23148	0.22351	0.47813
V328	0.09333	0.0156	0.81694	0.07413
V329	0.35316	0.13178	0.26057	0.25449
V330	0.513	0.00889	0.37549	0.10261
V331	0.59187	0.0998	0.06929	0.23904
V332	0.03697	0.07685	0.391	0.49518
V333	0.48578	0.06401	0.40237	0.04784
V334	0.49	0.0085	0.39536	0.10614
V335	0.05857	0.30688	0.5777	0.05685
V336	0.28283	0.64042	0.02941	0.04734
V337	0.36411	0.32449	0.29747	0.01393
V338	0.00318	0.97866	0.01382	0.00434
V339	0.17606	0.00317	0.81744	0.00333
V340	0.11584	0.20761	0.59668	0.07988
V341	0.08222	0.06039	0.16298	0.6944
V342	0.3325	0.00202	0.61194	0.05354
V343	0.97725	0.0155	0.00509	0.00216
V344	0.73168	0.10883	0.15948	1e-05
V345	0.01752	0.01313	0.96928	8e-05
V346	0.38507	0.10996	0.35163	0.15334
V347	0.13981	0.02029	0.28361	0.55629
V348	0.11856	0.63222	0.18264	0.06657
V349	0.42809	0.13776	0.39011	0.04404
V350	0.0572	0.73945	0.20314	2e-04
V351	0.05247	0.03264	0.62711	0.28778
V352	0.08722	0.00849	0.87099	0.0333
V353	0.90808	0.02702	0.03984	0.02506
V354	0.09339	0.62794	0.25878	0.01989
V355	0.3773	0.06321	0.48834	0.07115
V356	0.11323	0.03864	0.23747	0.61066
V357	0.21102	0.32251	0.34572	0.12075
V358	0.70035	0.10719	0.06949	0.12297
V359	0.7438	0.06246	0.04918	0.14456
V360	0.63943	0.33092	0.02353	0.00612
V361	0.0011	0.39336	0.60177	0.00377
V362	0.0031	0.96796	0.02463	0.00431
V363	0.27952	0.10285	0.52226	0.09537
V364	0.23728	0.04621	0.67704	0.03948
V365	0.53955	0.03904	0.03089	0.39052
V366	0.15473	0.66169	0.11134	0.07223
V367	0.72869	0.14389	0.00855	0.11887
V368	0.1719	0.67705	0.10667	0.04437
V369	0.03626	0.34241	0.61767	0.00366
V370	0.36771	0.21845	0.40012	0.01372
V371	0.29491	0.63585	0.03881	0.03043
V372	0.36951	0.07089	0.21163	0.34798
V373	0.15788	0.13251	0.57671	0.13289
V374	0.84246	0.00665	0.15089	0
V375	0.13199	0.06027	0.30319	0.50456
V376	0.11203	0.05383	0.23371	0.60042
V377	0.89813	0.00673	0.01583	0.07931
V378	0.02777	0.03311	0.6502	0.28892
V379	0.56411	0.21093	0.02108	0.20388
V380	0.32557	0.08597	0.31049	0.27797
V381	0.81929	0.01766	0.1027	0.06035
V382	0.13037	0.0179	0.84833	0.00341
V383	0.88684	0.01186	0.05638	0.04492
V384	0.6905	0.07101	0.15038	0.08812
V385	0.90895	0.01154	0.06269	0.01682
V386	0.52979	0.0192	0.2083	0.24271
V387	0.66126	0.11837	0.18842	0.03195
V388	0.47658	0.29121	0.16977	0.06244
V389	0.51174	0.44258	0.0171	0.02857
V390	0.3872	0.18803	0.42171	0.00306
V391	0.63448	0.12156	0.03295	0.21101
V392	0.52021	0.20491	0.19563	0.07926
V393	0.37782	0.19464	0.36843	0.0591
V394	0.22786	0.29369	0.194	0.28445
V395	0.34217	0.35014	0.23258	0.07511
V396	0.0225	0.95212	0.01288	0.01249
V397	0.81128	0.0717	0.10214	0.01489
V398	0.59307	0.14001	0.1296	0.13732
V399	0.29502	0.48462	0.17388	0.04649
V400	0.00287	0.69781	0.10971	0.18961
V401	0.07229	0.12901	0.76438	0.03432
V402	0.82703	0.13547	0.03748	2e-05
V403	0.08184	0.04311	0.18461	0.69044
V404	0.15188	0.16263	0.64461	0.04088
V405	0.42466	0.0411	0.25807	0.27617
V406	0.72037	0.21452	0.02369	0.04142
V407	0.00318	0.97866	0.01382	0.00434
V408	0.17207	0.23451	0.47832	0.1151
V409	0.00757	0.0385	0.06738	0.88655
V410	0.16235	0.78469	0.04134	0.01162
V411	0.72563	0.01401	0.00293	0.25743
V412	0.26906	0.06688	0.55755	0.10652
V413	0.12805	0.49743	0.24862	0.12589
V414	0.07953	0.47179	0.39044	0.05825
V415	0.56782	0.03326	0.27941	0.11951
V416	0.0176	0.05417	0.92815	8e-05
V417	0.50555	0.48289	0.00836	0.0032
V418	0.19894	0.14807	0.26824	0.38475
V419	0.0486	0.01183	0.08709	0.85248
V420	0.00298	0.92468	0.02388	0.04847
V421	0.23599	0.03018	0.68618	0.04765
V422	0.15627	0.11859	0.03265	0.69248
V423	0.13143	0.00935	0.84881	0.01041
V424	0.00108	0.04657	0.80105	0.1513
V425	0.1082	0.2047	0.63948	0.04762
V426	0.1454	0.03146	0.79405	0.02909
V427	0.1517	0.42184	0.2694	0.15706
V428	0.17226	0.71255	0.07458	0.04061
V429	0.04719	0.01128	0.10751	0.83402
V430	0.80354	0.14501	0.02275	0.0287
V431	0.30833	0.02344	0.53145	0.13677
V432	0.29557	0.14195	0.10318	0.45931
V433	0.12812	0.76688	0.00242	0.10258
V434	0.57263	0.0919	0.0842	0.25126
V435	0.67934	0.01824	0.15768	0.14475
V436	0.60035	0.01962	0.16547	0.21455
V437	0.43598	0.27845	0.01335	0.27222
V438	0.71606	0.15674	0.04589	0.08131
V439	0.11716	0.18872	0.03099	0.66313
V440	0.70398	0.04694	0.05313	0.19595
V441	0.12941	0.11511	0.67291	0.08257
V442	0.43486	0.31327	0.16736	0.08451
V443	0.82552	0.01116	0.10296	0.06036
V444	0.01752	0.01313	0.96928	8e-05
V445	0.67602	0.01473	0.29788	0.01137
V446	0.08168	0.80218	0.07811	0.03803
V447	0.70814	0.07856	0.17427	0.03902
V448	0.06488	0.09984	0.38422	0.45106
V449	0.64836	0.03423	0.27869	0.03872
V450	0.23254	0.74654	0.02072	2e-04
V451	0.95669	0.03643	0	0.00688
V452	0.11683	0.02524	0.18105	0.67688
V453	0.834	0.06989	0.07409	0.02202
V454	0.00283	0.92048	0.06838	0.00831
V455	0.66311	0.02841	0.28388	0.0246
V456	0.41681	0.10704	0.41022	0.06593
V457	0.00769	0.05935	0.04319	0.88977
V458	0.48302	0.26556	0.01233	0.23909
V459	0.04225	0.78285	0.1272	0.04771
V460	0.96224	0.00928	0.02395	0.00454
V461	0.19421	0.06401	0.03376	0.70802
V462	0.5605	0.25986	0.00188	0.17776
V463	0.36123	0.40793	0.18061	0.05023
V464	0.70946	0.11301	0.00963	0.16791
V465	0.52043	0.38147	0.03639	0.06171
V466	0.70315	0.19185	0.00845	0.09655
V467	0.40508	0.48238	0.09443	0.0181
V468	0.58962	0.32709	0.05979	0.0235
V469	0.05299	0.22144	0.45731	0.26826
V470	0.63513	0.11169	0.19511	0.05807
V471	0.49827	0.13663	0.066	0.29911
V472	0.51675	0.33061	0.00159	0.15104
V473	0.16548	0.46327	0.36007	0.01118
V474	0.33277	0.00495	0.20542	0.45685
V475	0.33929	0.40296	0.11449	0.14327
V476	0.40804	0.02847	0.11642	0.44707
V477	0.69072	0.03721	0.21412	0.05795
V478	0.26623	0.59803	0.01094	0.12479
V479	0.03625	0.0684	0.85671	0.03864
V480	0.21365	0.40442	0.08819	0.29373
V481	0.19726	0.00958	0.78651	0.00666
V482	0.75329	0.1245	0.1077	0.01452
V483	0.31617	0.15825	0.1443	0.38128
V484	0.08341	0.13788	0.07596	0.70274
V485	0.22046	0.69784	0.0206	0.0611
V486	0.43007	0.2627	0.16782	0.13941
V487	0.22002	0.07556	0.18785	0.51657
V488	5e-04	0.00245	0.94937	0.04769
V489	0.27534	0.0776	0.64048	0.00659
V490	0.48889	0.30346	0.09448	0.11317
V491	0.52626	0.39988	0.04517	0.02869
V492	0.05714	0.77621	0.16263	0.00402
V493	0.05323	0.01513	0.01706	0.91458
V494	0.27586	0.13333	0.53837	0.05244
V495	0.32236	0.51456	0.1525	0.01058
V496	0.38331	0.5938	0.00105	0.02184
V497	0.01743	0.00361	0.97531	0.00365
V498	0.54853	0.12385	0.08383	0.24379
V499	0.68258	0.19777	0.11685	0.0028
V500	0.15929	0.09733	0.72566	0.01772
V501	0.00726	0.01228	0.11335	0.86711
V502	0.64332	0.20367	0.14119	0.01181
V503	0.37894	0.11168	0.28523	0.22415
V504	0.34293	0.60862	0.01849	0.02995
V505	0.34399	0.20908	0.31262	0.13431
V506	0.16307	0.23434	0.51923	0.08336
V507	0.71146	0.09293	0.13305	0.06257
V508	0.80083	0.1359	0.04549	0.01778
V509	0.33513	0.0553	0.53279	0.07678
V510	0.31581	0.41531	0.26552	0.00337
V511	0.12738	0.52835	0.08551	0.25876
V512	0.47523	0.06787	0.14055	0.31635
V513	0.14393	0.57739	0.24688	0.0318
V514	0.0473	0.13161	0.01452	0.80658
V515	0.82961	0.06219	0.05818	0.05001
V516	0.92373	0.0736	0	0.00267
V517	0.11854	0.0376	0.45366	0.3902
V518	0.97181	0.02603	0	0.00216
V519	0.06269	0.87343	0.01199	0.05189
V520	0.06235	0.00151	0.77779	0.15835
V521	0.62851	0.03485	0.32495	0.01169
V522	0.02156	0.12663	0.72047	0.13134
V523	0.4753	0.12174	0.30023	0.10274
V524	0.02113	0.72797	0.23453	0.01638
V525	0.45979	0.24659	0.04933	0.24429
V526	0.75333	0.08005	0.08998	0.07665
V527	0.35041	0.02381	0.47474	0.15104
V528	0.1816	0.79323	0.00183	0.02334
V529	0.16458	0.08675	0.38943	0.35924
V530	0.0193	0.18418	0.74721	0.04931
V531	0.03997	0.81764	0.14216	0.00023
V532	0.35287	0.37255	0.04926	0.22532
V533	0.40798	0.32917	0.17046	0.09239
V534	0.02078	0.00868	0.85462	0.11592
V535	0.77889	0.00523	0.0194	0.19648
V536	0.3529	0.00159	0.46623	0.17928
V537	0.66151	0.19111	0.14163	0.00575
V538	0.65256	0.06322	0.11965	0.16457
V539	0.37504	0.38006	0.18342	0.06148
V540	0.30402	0.5905	0.08702	0.01846
V541	0.05195	0.62213	0.11316	0.21277
V542	0.36185	0.13519	0.32857	0.17439
V543	0.93192	0.01338	0.01435	0.04035
V544	0.25349	0.12088	0.29154	0.33409
V545	0.55907	0.15916	0.10311	0.17866
V546	0.09371	0.81669	0.08559	0.004
V547	0.07455	0.56682	0.35097	0.00765
V548	0.24918	0.64984	0.09734	0.00363
V549	0.40795	0.02211	0.56392	0.00602
V550	0.78945	0.03732	0.0014	0.17183
V551	0.27442	0.64924	0.04938	0.02696
V552	0.00359	0.70921	0.01677	0.27043
V553	0.29594	0.11613	0.57807	0.00986
V554	0.17778	0.15629	0.06643	0.5995
V555	0.18373	0.23662	0.42891	0.15074
V556	0.00039	0.01889	0.96592	0.0148
V557	0.89576	0.03277	0.0146	0.05687
V558	0.13695	0.76025	0.0438	0.05901
V559	0.02094	0.75034	0.22851	0.00021
V560	0.75257	0.24454	3e-05	0.00287
V561	0.00042	0.01248	0.98341	0.00369
V562	0.83137	0.01039	0.12062	0.03762
V563	0.32356	0.003	0.67041	0.00303
V564	0.09745	0.05778	0.83779	0.00698
V565	0.23132	0.24373	0.43091	0.09404
V566	0.81128	0.10025	0.00742	0.08105
V567	0.3799	0.44635	0.04252	0.13123
V568	0.50559	0.0147	0.10251	0.3772
V569	0.837	0.03704	0.00087	0.1251
V570	0.05442	0.25255	0.66163	0.03141
V571	0.85524	0.11907	0	0.02569
V572	0.51217	0.00865	0.43766	0.04152
V573	0.19167	0.28316	0.02308	0.50208
V574	0.07594	0.71244	0.2038	0.00782
V575	0.06989	0.14192	0.27286	0.51533
V576	0.24513	0.69839	0.04914	0.00735
V577	0.12234	0.06616	0.39873	0.41277
V578	0.10985	0.05939	0.75196	0.0788
V579	0.02153	0.84327	0.12284	0.01236
V580	0.37577	0.01476	0.20834	0.40112
V581	0.2166	0.1412	0.0106	0.6316
V582	0.69742	0.15432	0.0481	0.10016
V583	0.02243	0.04629	0.76776	0.16352
V584	0.56571	0.13028	0.2875	0.01651
V585	0.02663	0.01098	0.68951	0.27288
V586	0.31502	0.00807	0.6387	0.03822
V587	0.33232	0.0092	0.6454	0.01309
V588	0.78451	0.05234	0.03726	0.12589
V589	0.11836	0.76168	0.08696	0.033
V590	0.09219	0.68223	0.22169	0.00389
V591	0.00408	0.06194	0.42833	0.50565
V592	0.22027	0.02487	0.75482	4e-05
V593	0.70027	0.00393	0.20768	0.08812
V594	0.40242	0.23922	0.33688	0.02148
V595	0.08686	0.0503	0.0595	0.80334
V596	0.09784	0.33466	0.33823	0.22926
V597	0.00159	0.54952	0.40612	0.04278
V598	0.03469	0.09435	0.8637	0.00725
V599	0.69777	0.25115	0.03885	0.01224
V600	0.46343	0.41723	0.06705	0.05229
V601	0.33016	0.31706	0.12901	0.22377
V602	0.08812	0.05269	0.03863	0.82056
V603	0.03296	0.55141	0.03529	0.38033
V604	0.57388	0.0954	0.31827	0.01245
V605	0.13502	0.31305	0.46556	0.08637
V606	0.80054	0.13851	0.01455	0.0464
V607	0.76543	0.01783	0.12937	0.08737
V608	0.34372	0.14715	0.41968	0.08945
V609	0.07722	0.29637	0.3701	0.25631
V610	0.82388	0.02497	0.10141	0.04974
V611	0.57183	0.0135	0.09468	0.31999
V612	0.05306	0.07604	0.84076	0.03014
V613	0.07151	0.2847	0.62493	0.01886
V614	0.82663	0.06215	0.05829	0.05293
V615	0.36885	0.09223	0.02348	0.51543
V616	0.15902	0.6943	0.06707	0.07961
V617	0.53697	0.12485	0.33816	2e-05
V618	0.87521	0.01267	0.00065	0.11146
V619	0.5087	0.03165	0.35629	0.10336
V620	0.02003	0.59597	0.38007	0.00393
V621	0.53242	0.15418	0.21295	0.10045
V622	0.42892	0.17955	0.37822	0.01331
V623	0.06902	0.12362	0.30936	0.498
V624	0.82898	0.1622	0	0.00882
V625	0.37822	0.43783	0.12201	0.06194
V626	0.97443	0.02099	0	0.00458
V627	0.00611	0.04516	0.18673	0.762
V628	0.00521	0.40139	0.04496	0.54844
V629	0.23384	0.2912	0.34658	0.12838
V630	0.07203	0.28648	0.61865	0.02283
V631	0.06424	0.30314	0.21437	0.41825
V632	0.72281	0.0041	0.16397	0.10912
V633	5e-04	0.02559	0.91868	0.05522
V634	0.47131	0.20614	0.31948	0.00308
V635	0.06698	0.8144	0.01255	0.10607
V636	0.19851	0.09021	0.65904	0.05224
V637	0.48479	0.21327	0.12823	0.17371
V638	0.52546	0.25734	0.09519	0.12201
V639	0.3801	0.32482	0.295	8e-05
V640	0.07021	0.12847	0.77903	0.0223
V641	0.92975	0.02915	0.02399	0.01711
V642	0.8177	0.15363	0	0.02867
V643	0.02347	0.20337	0.60499	0.16818
V644	0.91757	0.06991	0.00683	0.00569
V645	0.34153	0.33241	0.31578	0.01027
V646	0.02234	0.95995	0.01343	0.00428
V647	0.21063	0.07094	0.69329	0.02515
V648	0.48635	0.3529	0.1471	0.01365
V649	0.0525	0.05008	0.87117	0.02624
V650	0.10284	0.07376	0.79409	0.02931
V651	0.3968	0.00312	0.59718	0.0029
V652	0.18171	0.09482	0.55827	0.16519
V653	0.22287	0.59805	0.12751	0.05158
V654	0.74109	0.16979	0.06643	0.02269
V655	0.09656	0.67119	0.03896	0.19329
V656	0.40864	0.31897	0.0247	0.24769
V657	0.08703	0.14561	0.0352	0.73216
V658	0.68804	0.1864	0.07041	0.05514
V659	0.43648	0.082	0.39789	0.08363
V660	0.05942	0.92564	0.0026	0.01235
V661	0.15369	0.5141	0.0975	0.23472
V662	0.47686	0.01563	0.46521	0.04229
V663	0.32287	0.06184	0.56781	0.04749
V664	0.2696	0.05383	0.65572	0.02085
V665	0.76143	0.15562	0.0472	0.03575
V666	0.75699	0.00332	0.12069	0.119
V667	0.79342	0.0566	0.14997	0
V668	0.21005	0.69098	0.0988	0.00018
V669	0.33298	0.34973	0.27234	0.04495
V670	0.1478	0.8384	0.00208	0.01171
V671	0.44226	0.24319	0.27424	0.04031
V672	0.03524	0.01805	0.93216	0.01455
V673	0.3457	0.32377	0.2617	0.06883
V674	0.79746	0.13033	0.02278	0.04942
V675	0.24162	0.30197	0.36972	0.08669
V676	0.09954	0.18577	0.22617	0.48853
V677	0.47879	0.35183	0.11662	0.05276
V678	0.6049	0.37597	0.01603	0.0031
V679	0.08678	0.26111	0.64482	0.0073
V680	0.38897	0.4485	0.15204	0.0105
V681	0.91276	0.06154	0.01411	0.01159
V682	0.17702	0.24622	0.55841	0.01835
V683	0.02224	0.95275	0.02473	0.00029
V684	0.75005	0.13143	0.09687	0.02165
V685	0.56898	0.27812	0.13277	0.02013
V686	0.22397	0.23757	0.25478	0.28369
V687	0.08781	0.03295	0.06119	0.81804
V688	0.49471	0.44766	0.00074	0.0569
V689	0.52652	0.00555	0.08768	0.38025
V690	0.53596	0.03593	0.40193	0.02618
V691	0.21444	0.00306	0.77926	0.00324
V692	0.13564	0.11635	0.71862	0.02939
V693	0.36378	0.10313	0.42015	0.11294
V694	0.03185	0.03877	0.53754	0.39184
V695	0.45226	0.01191	0.24615	0.28969
V696	0.23977	0.14842	0.04396	0.56785
V697	0.04717	0.11065	0.03765	0.80453
V698	0.90942	0.01223	0.01481	0.06354
V699	0.64799	0.23661	0.07695	0.03845
V700	0.51114	0.04315	0.01966	0.42604
V701	0.21743	0.51838	0.15176	0.11243
V702	0.73467	0.09122	0.01878	0.15533
V703	0.238	0.05122	0.57975	0.13104
V704	0.87146	0.04928	0.03234	0.04691
V705	0.97546	0.00402	0.01121	0.00931
V706	0.13518	0.03949	0.7885	0.03682
V707	0.07287	0.37478	0.53317	0.01918
V708	0.08156	0.84741	0.03318	0.03785
V709	0.20869	0.22262	0.53428	0.03442
V710	0.69264	0.18797	0.0618	0.05759
V711	0.16288	0.70734	0.11437	0.01542
V712	0.88071	0.05801	0.00702	0.05426
V713	0.56343	0.28809	0.04924	0.09923
V714	0.02618	0.77567	0.03908	0.15907
V715	0.37873	0.27819	0.31384	0.02924
V716	0.11881	0.0786	0.11713	0.68546
V717	0.14699	0.84312	0.00215	0.00774
V718	0.24779	0.49063	0.21015	0.05144
V719	0.1273	0.71901	0.05772	0.09597
V720	0.74555	0.00462	0.22231	0.02751
V721	0.21308	0.15443	0.53718	0.09532
V722	0.2349	0.44264	0.02931	0.29314
V723	0.31351	0.14024	0.02378	0.52246
V724	0.73901	0.03344	0.10676	0.12079
V725	0.00045	0.07849	0.90624	0.01483
V726	0.10223	0.45915	0.20074	0.23789
V727	0.36951	0.52483	0.10227	0.00339
V728	0.05736	0.81873	0.11984	0.00407
V729	0.58893	0.01869	0.21743	0.17494
V730	0.93059	0.02379	0.03627	0.00936
V731	0.06738	0.21622	0.53601	0.18039
V732	0.45977	0.0733	0.38372	0.08321
V733	0.73008	0.17018	0.04232	0.05742
V734	0.34484	0.22903	0.42304	0.00309
V735	0.04688	0.02895	0.69271	0.23145
V736	0.39991	0.02193	0.0256	0.55257
V737	0.42054	0.2542	0.26496	0.06031
V738	0.14394	0.29741	0.49997	0.05868
V739	0.00124	0.00954	0.80898	0.18023
V740	0.84763	0.0754	0.07117	0.0058
V741	0.61564	0.10728	0.15781	0.11927
V742	0.52314	0.46002	0.01673	0.00011
V743	0.19124	0.11371	0.6846	0.01045
V744	0.5846	0.03771	0.3314	0.04629
V745	0.0418	0.66983	0.23242	0.05595
V746	0.99198	0.00596	0	0.00206
V747	0.11123	0.0014	0.79523	0.09214
V748	0.20334	0.0922	0.6323	0.07216
V749	0.48015	0.20484	0.08579	0.22923
V750	0.52183	0.39994	0.02625	0.05197
V751	0.09843	0.81827	0.05441	0.0289
V752	0.55577	0.2101	0.16077	0.07336
V753	0.05154	0.04047	0.01631	0.89169
V754	0.02308	0.93995	0.00262	0.03435
V755	0.26839	0.19107	0.41243	0.12811
V756	0.08369	0.02874	0.12283	0.76474
V757	0.42778	0.48418	0.07404	0.01401
V758	0.09751	0.70996	0.15512	0.03741
V759	0.23541	0.06481	0.52337	0.17641
V760	0.4441	0.0604	0.34433	0.15117
V761	0.13	0.51439	0.31544	0.04018
V762	0.00415	0.57657	0.03584	0.38343
V763	0.53053	0.33264	0.03819	0.09863
V764	0.02301	0.93029	0.01247	0.03423
V765	0.80347	0.09431	0.00058	0.10164
V766	0.04109	0.31633	0.54134	0.10124
V767	0.54308	0.11916	0.27567	0.06209
V768	0.11264	0.84313	0.03229	0.01194
V769	0.22972	0.72302	0.03985	0.00741
V770	0.02234	0.95995	0.01343	0.00428
V771	0.22282	0.00957	0.76104	0.00657
V772	0.18554	0.03251	0.77865	0.0033
V773	0.25777	0.7246	0.01031	0.00732
V774	0.0348	0.00272	0.94802	0.01446
V775	0.25268	0.05202	0.42845	0.26685
V776	0.52398	0.36277	0.06506	0.04818
V777	0.36228	0.14489	0.21952	0.2733
V778	0.61774	0.24409	0.08253	0.05565
V779	0.28484	0.04014	0.56141	0.11361
V780	0.1893	0.65948	0.15104	0.00017
V781	0.1578	0.06301	0.07674	0.70245
V782	0.01819	0.10453	0.84664	0.03064
V783	0.86282	0.02436	0.05655	0.05627
V784	0.18893	0.7862	0.02102	0.00385
V785	0.07833	0.8869	0.02262	0.01215
V786	0.76132	0.13188	0.08854	0.01826
V787	0.00234	0.79353	0.19999	0.00415
V788	0.57588	0.24499	0.15888	0.02025
V789	0.18662	0.46999	0.05804	0.28535
V790	0.66321	0.03676	0.11056	0.18947
V791	0.23313	0.33304	0.36711	0.06672
V792	0.26249	0.57267	0.01175	0.15308
V793	0.23657	0.62377	0.05358	0.08608
V794	0.08866	0.06631	0.81123	0.03379
V795	0.3032	0.07373	0.12702	0.49605
V796	0.05143	0.0677	0.87003	0.01084
V797	0.82761	0.00096	0.16706	0.00437
V798	0.68649	0.22537	0.07931	0.00883
V799	0.23116	0.69276	0.04046	0.03563
V800	0.14707	0.02567	0.65751	0.16975
V801	0.25729	0.12982	0.43467	0.17822
V802	0.10966	0.10849	0.45449	0.32737
V803	0.31441	0.41156	0.27393	1e-04
V804	0.58902	0.0155	0.36622	0.02926
V805	0.01754	0.00454	0.97784	8e-05
V806	0.09698	0.86078	0.02204	0.02019
V807	0.47011	0.19101	0.06385	0.27504
V808	0.72248	0.21476	0.04733	0.01543
V809	0.06668	0.02773	0.90552	7e-05
V810	0.02249	0.9702	0.00299	0.00431
V811	0.54345	0.07977	0.25294	0.12385
V812	0.63366	0.24084	0.06485	0.06066
V813	0.66533	0.14698	0.17589	0.0118
V814	0.53528	0.41128	0.05033	0.00311
V815	0.0027	0.89206	0.10103	0.00421
V816	0.94651	0.00443	0.04906	0
V817	0.05112	0.05972	0.88199	0.00718
V818	0.00665	0.1069	0.10472	0.78173
V819	0.85248	0.07461	0.05489	0.01803
V820	0.34548	0.15425	0.05165	0.44863
V821	0.30703	0.26327	0.39649	0.03321
V822	0.1153	0.01705	0.85716	0.0105
V823	0.05552	0.17087	0.73037	0.04325
V824	0.1447	0.30675	0.54846	9e-05
V825	0.34356	0.26871	0.29582	0.09191
V826	0.51462	0.32193	0.1571	0.00634
V827	0.4769	0.49213	0.01727	0.0137
V828	0.41239	0.19483	0.16544	0.22735
V829	0.12259	0.36875	0.0849	0.42376
V830	0.41702	0.27795	0.05097	0.25407
V831	0.82731	0.0853	0.04031	0.04708
V832	0.37931	0.35466	0.19613	0.06989
V833	0.25764	0.45465	0.21672	0.07099
V834	0.51011	0.09546	0.12861	0.26582
V835	0.44764	0.37984	0.1357	0.03682
V836	0.02664	0.79524	0.01417	0.16395
V837	0.34252	0.34615	0.22522	0.08611
V838	0.94612	0.02941	0.02236	0.0021
V839	0.41414	0.47461	0.108	0.00326
V840	0.42015	0.5704	0.00931	0.00015
V841	0.00041	0.03506	0.93776	0.02676
V842	0.46621	0.1553	0.29397	0.08452
V843	0.03564	0.01677	0.91308	0.03452
V844	0.22211	0.09726	0.5014	0.17923
V845	0.12153	0.09078	0.75808	0.02961
V846	0.00071	0.009	0.89407	0.09622
V847	0.00807	0.01384	0.04841	0.92968
V848	0.17574	0.49841	0.22415	0.1017
V849	0.00302	0.96279	0.01291	0.02129
V850	0.97919	0.00461	0.0116	0.0046
V851	0.44348	0.40684	0.14958	9e-05
V852	0.27999	0.07803	0.2493	0.39268
V853	0.34048	0.19171	0.41557	0.05224
V854	0.6764	0.15216	0.11663	0.05481
V855	0.00807	0.01384	0.04841	0.92968
V856	0.1053	0.34965	0.43786	0.10718
V857	0.75038	0.1575	0.0411	0.05101
V858	0.60865	0.00974	0.37883	0.00279
V859	0.7328	0.20325	0.02326	0.04069
V860	0.40388	0.15865	0.10169	0.33578
V861	0.14495	0.29219	0.55574	0.00712
V862	0.19251	0.07121	0.71512	0.02116
V863	0.46411	0.09671	0.00647	0.43271
V864	0.20911	0.06812	0.12324	0.59953
V865	0.26358	0.01112	0.42218	0.30311
V866	0.75249	0.01655	0.22549	0.00547
V867	0.7569	0.02277	0.21775	0.00258
V868	0.58443	0.23531	0.14548	0.03478
V869	0.04127	0.94137	0.01314	0.00422
V870	0.24267	0.4351	0.04215	0.28008
V871	0.00302	0.96279	0.01291	0.02129
V872	0.03399	0.02859	0.49168	0.44574
V873	0.9227	0.0231	0.04245	0.01175
V874	0.30227	0.65951	0.03805	0.00017
V875	0.05748	0.26917	0.35759	0.31576
V876	0.24832	0.27852	0.43225	0.04091
V877	0.10625	0.39887	0.38189	0.11299
V878	0.22309	0.69776	0.07896	0.00018
V879	0.2976	0.60518	0.05923	0.03799
V880	0.43254	0.49495	0.0089	0.06361
V881	0.24079	0.03879	0.64258	0.07784
V882	0.83655	0.00506	0.12793	0.03046
V883	0.37844	0.14766	0.47386	4e-05
V884	0.06635	0.44742	0.00763	0.47859
V885	0.75248	0.16252	0.08497	3e-05
V886	0.0394	0.34388	0.55002	0.0667
V887	0.71487	0.06112	0.16818	0.05583
V888	0.16488	0.03902	0.75553	0.04057
V889	0.94082	0.03526	0.01711	0.00681
V890	0.07827	0.13696	0.70466	0.08011
V891	0.68016	0.04177	0.26012	0.01795
V892	0.50179	0.22038	0.024	0.25382
V893	0.65235	0.17115	0.15115	0.02535
V894	0.12064	0.25941	0.6014	0.01855
V895	0.6827	0.05929	0.20338	0.05463
V896	0.07873	0.89696	0.01213	0.01218
V897	0.7467	0.22045	0.00701	0.02584
V898	0.74511	0.00512	0.01142	0.23835
V899	0.08815	0.28063	0.26706	0.36415
V900	0.15679	0.29066	0.44201	0.11054
V901	0.0853	0.8369	0.0118	0.06599
V902	0.09389	0.83748	0.0646	0.00403
V903	0.01949	0.37694	0.57974	0.02383
V904	0.0414	0.95148	0.00286	0.00426
V905	0.34909	0.00343	0.30257	0.34492
V906	0.58405	0.10316	0.14513	0.16767
V907	0.51585	0.43277	0.02614	0.02523
V908	0.04208	0.09271	0.17783	0.68738
V909	0.23067	0.73245	0.00163	0.03526
V910	0.3911	0.00452	0.21949	0.38489
V911	0.5923	0.33271	0.04352	0.03147
V912	0.48655	0.29477	0.15106	0.06763
V913	0.34025	0.0093	0.02923	0.62122
V914	0.2625	0.40689	0.31201	0.0186
V915	0.51589	0.00741	0.02086	0.45584
V916	0.31688	0.04546	0.61704	0.02063
V917	0.76582	0.02993	0.16565	0.0386
V918	0.09603	0.57967	0.27901	0.04529
V919	0.32667	0.22035	0.3451	0.10789
V920	0.68729	0.16869	0.10272	0.04129
V921	0.10372	0.27928	0.08016	0.53684
V922	0.16726	0.39482	0.4153	0.02262
V923	0.24205	0.03762	0.10461	0.61572
V924	0.07632	0.59589	0.31205	0.01574
V925	0.43637	0.05752	0.03668	0.46943
V926	0.46165	0.04177	0.06594	0.43065
V927	0.08254	0.0798	0.14134	0.69633
V928	0.09914	0.85648	0.01153	0.03285
V929	0.12119	0.62245	0.17533	0.08103
V930	0.58743	0.32391	0.04449	0.04417
V931	0.21624	0.23017	0.51947	0.03412
V932	0.07936	0.11025	0.71237	0.09802
V933	0.67982	0.29946	0.01481	0.00591
V934	0.02905	0.20683	0.46747	0.29665
V935	0.63672	0.13192	0.20268	0.02867
V936	0.64033	0.25476	0.02633	0.07859
V937	0.65462	0.13319	0.11086	0.10133
V938	0.48967	0.04922	0.35487	0.10624
V939	0.81993	0.02706	0.0893	0.06371
V940	0.05814	0.73405	0.18744	0.02038
V941	0.00044	0.00386	0.992	0.0037
V942	0.775	0.14753	0.06894	0.00853
V943	0.44359	0.11125	0.42044	0.02473
V944	0.06134	0.39899	0.13648	0.40318
V945	0.63931	0.30569	0.01592	0.03908
V946	0.51139	0.21415	0.2575	0.01697
V947	0.21045	0.06974	0.38757	0.33224
V948	0.40252	0.02293	0.56522	0.00933
V949	0.0035	0.17422	0.39875	0.42353
V950	0.12136	0.51503	0.27366	0.08995
V951	0.87102	0.01179	0.11506	0.00213
V952	0.17245	0.16119	0.40936	0.257
V953	0.03513	0.04297	0.90729	0.01461
V954	0.11729	0.26101	0.2628	0.3589
V955	0.24545	0.59659	0.04379	0.11417
V956	0.09	0.02717	0.69009	0.19274
V957	0.65012	0.02378	0.00406	0.32204
V958	0.05323	0.01513	0.01706	0.91458
V959	0.32136	0.21284	0.43318	0.03262
V960	0.40943	0.29373	0.11884	0.178
V961	0.22679	0.3371	0.38225	0.05387
V962	0.43419	0.14421	0.38962	0.03197
V963	0.66346	0.14265	0.16176	0.03213
V964	0.84925	0.03193	0.10381	0.01501
V965	0.12441	0.50318	0.25727	0.11513
V966	0.97488	0.01528	0.00527	0.00457
V967	0.12747	0.04455	0.66865	0.15933
V968	0.00054	0.13358	0.83484	0.03104
V969	0.03434	0.44618	0.08871	0.43077
V970	0.09119	0.13438	0.58058	0.19386
V971	0.55144	0.0778	0.33544	0.03531
V972	0.63283	0.19728	0.06834	0.10154
V973	0.40416	0.39297	0.10555	0.09731
V974	0.02198	0.76056	0.17414	0.04332
V975	0.15677	0.23399	0.60581	0.00342
V976	0.5439	0.23211	0.14193	0.08207
V977	0.41123	0.27272	0.31293	0.00312
V978	0.18853	0.15326	0.14967	0.50854
V979	0.81171	0.01793	0.16771	0.00265
V980	0.99198	0.00596	0	0.00206
V981	0.43442	0.03067	0.46076	0.07416
V982	0.52326	0.34264	0.09356	0.04054
V983	0.82251	0.06912	0.00791	0.10045
V984	0.04069	0.7932	0.1455	0.02061
V985	0.21021	0.30333	0.02126	0.46521
V986	0.433	0.45064	0.06705	0.04931
V987	0.34002	0.64793	0.00126	0.01079
V988	0.48231	0.03068	0.03595	0.45106
V989	0.54275	0.36291	0.08483	0.00951
V990	0.00057	0.04337	0.89173	0.06433
V991	0.7105	0.28344	8e-05	0.00598
V992	0.3144	0.00756	0.57495	0.10309
V993	0.12786	0.6465	0.20193	0.0237
V994	0.2776	0.67617	0.03894	0.00729
V995	0.80778	0.10013	0.04004	0.05205
V996	0.50587	0.16327	0.02675	0.30411
V997	0.03696	0.00856	0.90037	0.05411
V998	0.91503	0.01174	0.05634	0.01689
V999	0.2012	0.79295	0.00199	0.00386
V1000	0.61855	0.03448	0.00431	0.34266
