B_cells	NK_cells	T_cells_CD4.	Monocytes
V1	0.5608	0	0.18663	0.25258
V2	0.19479	0.08177	0.08986	0.63358
V3	0.07582	0.60492	0.04703	0.27223
V4	0.84819	0.10627	0	0.04554
V5	0.11838	0.46116	0.28341	0.13705
V6	0.09886	0.80923	0.06539	0.02652
V7	0.16694	0.35362	0.11769	0.36175
V8	0.1357	0.02565	0.80025	0.0384
V9	0.26844	0.2328	0.06194	0.43683
V10	0.02152	0.03093	0.88921	0.05834
V11	0.21227	0.35085	0.43687	0
V12	0.03624	0.56269	0.39485	0.00622
V13	0.2842	0.66073	0.03482	0.02025
V14	0.09348	0.84982	0.04775	0.00895
V15	0.13458	0.56947	0.15971	0.13624
V16	0.86664	0.03716	0.03225	0.06395
V17	0.10915	0.81082	0.05359	0.02645
V18	0.56761	0.32849	0.0624	0.04149
V19	0.18052	0.76343	0.04096	0.01509
V20	0.18843	0.45108	0.04722	0.31327
V21	0.13551	0.08147	0.74888	0.03415
V22	0.03727	0.09505	0.25296	0.61472
V23	0.37977	0.05708	0.55501	0.00815
V24	0.92056	0.03001	0.04943	0
V25	0.35506	0.23278	0.15236	0.25981
V26	0.40609	0.37246	0.03571	0.18575
V27	0.15736	0.05314	0.05881	0.73069
V28	0	0.08315	0.91685	0
V29	0.4369	0.04013	0.48954	0.03343
V30	0.11487	0.22311	0.30735	0.35468
V31	0.21528	0.19815	0.31673	0.26984
V32	0.14204	0.01779	0.0871	0.75307
V33	0.05187	0.48598	0.38112	0.08102
V34	0.1353	0.06125	0.76748	0.03597
V35	0.17949	0.67283	0.123	0.02467
V36	0.01142	0.05101	0.51608	0.42148
V37	0.55265	0.06238	0.11491	0.27006
V38	0.45146	0	0.18846	0.36008
V39	0.17929	0.53698	0.16536	0.11837
V40	0.11465	0.76625	0.1191	0
V41	0.01514	0.65851	0.09223	0.23413
V42	0.25762	0.0209	0.24404	0.47744
V43	0.13833	0.34134	0.50276	0.01756
V44	0.01169	0.1004	0.74128	0.14663
V45	0.11052	0.56108	0.25445	0.07395
V46	0.78399	0.07134	0.13219	0.01249
V47	0.44459	0.19159	0.32014	0.04368
V48	0.7918	0.15869	0.01074	0.03878
V49	0.72949	0.17717	0	0.09334
V50	0.08827	0.78002	0.13171	0
V51	0.3172	0.38849	0.277	0.0173
V52	0.02556	0.13694	0.79906	0.03844
V53	0.72216	0.11863	0.15921	0
V54	0.42165	0.1962	0.36847	0.01368
V55	0.23476	0.13037	0.26996	0.36491
V56	0.10018	0.00156	0.14657	0.75169
V57	0.12036	0.79997	0.06521	0.01446
V58	0.65772	0	0.04862	0.29366
V59	0.43521	0.39014	0.13143	0.04323
V60	0.14862	0.16116	0.35415	0.33607
V61	0.7902	0.09692	0.01443	0.09845
V62	0.84981	0.03305	0.07974	0.0374
V63	0.03206	0.77716	0.16983	0.02096
V64	0.02914	0.83119	0.02563	0.11404
V65	0.05643	0	0.15873	0.78484
V66	0.23395	0.65302	0.05243	0.0606
V67	0.16035	0.33077	0.50888	0
V68	0.20374	0.14338	0.05176	0.60112
V69	0.02683	0.32051	0.61303	0.03963
V70	0.5346	0.14961	0.19589	0.11989
V71	0.18326	0.07798	0.40183	0.33693
V72	0.57164	0.15208	0.11214	0.16414
V73	0.16687	0.58191	0.17669	0.07453
V74	0.05716	0.23425	0.70859	0
V75	0.69956	0	0.19995	0.10049
V76	0	0.18196	0.23517	0.58287
V77	0.0696	0.29362	0.0366	0.60019
V78	0.32737	0.11366	0.21409	0.34487
V79	7e-05	0.12605	0.79081	0.08306
V80	0.35625	0.0306	0.53228	0.08087
V81	0.06231	0.18288	0.75481	0
V82	0	0.1017	0.87857	0.01973
V83	0.17243	0.17502	0.11304	0.53951
V84	0.41844	0.03754	0.19055	0.35347
V85	0.11553	0.31995	0.41768	0.14685
V86	0.04907	0.07855	0.82337	0.04901
V87	0.05261	0.78015	0.10476	0.06248
V88	0.19428	0.05948	0.30513	0.44111
V89	0.05285	0.01035	0.25542	0.68138
V90	0.04914	0.82597	0.10812	0.01677
V91	0.04909	0.69559	0.23088	0.02444
V92	0.45989	0.02608	0.3862	0.12782
V93	0.8733	0.00983	0	0.11687
V94	0.03499	0.44933	0.06034	0.45534
V95	0.26707	0.41716	0.18583	0.12995
V96	0.12704	0.09899	0.0672	0.70677
V97	0.67346	0.10512	0.21451	0.00691
V98	0.69166	0.28243	0	0.02591
V99	0.78204	0.04683	0.15588	0.01525
V100	0.08208	0.05553	0.8286	0.03379
V101	0.08805	0.07041	0.0228	0.81873
V102	0.89024	0.04997	0.01247	0.04733
V103	0.0433	0.04492	0.15144	0.76033
V104	0.05832	0.87399	0.05238	0.01531
V105	0.08387	0.84854	0.06011	0.00748
V106	0.13007	0.49753	0.34572	0.02668
V107	0.19165	0.21442	0.55374	0.04019
V108	0.16487	0.70319	0.13194	0
V109	0.01145	0.18081	0.60585	0.20188
V110	0.07833	0.80879	0.08674	0.02614
V111	0.8873	0	0.08188	0.03082
V112	0.14668	0.07241	0.45369	0.32723
V113	0.22053	0.10562	0.21556	0.45829
V114	0.28874	0.03531	0.12135	0.5546
V115	0.0192	0.71032	0.26766	0.00282
V116	0.1501	0.31635	0.38606	0.1475
V117	0.66601	0.23959	0.04794	0.04646
V118	0.18348	0.55655	0.06866	0.19132
V119	0.165	0.07316	0.09531	0.66653
V120	0.08357	0.09887	0.80017	0.0174
V121	0.5934	0.12278	0.11073	0.17309
V122	0.90159	0.0056	0.03383	0.05899
V123	0.01727	0.51403	0.09008	0.37861
V124	0.66073	0.27644	0	0.06283
V125	0.39196	0.39818	0.19765	0.01221
V126	0.07809	0.14779	0.09899	0.67513
V127	0.19601	0.04776	0.29588	0.46035
V128	0.0811	0.00623	0.16792	0.74475
V129	0.5686	0.22546	0.17742	0.02853
V130	0.01628	0.62253	0.35858	0.00261
V131	0.0481	0.84924	0.03255	0.07011
V132	0.88917	0.00068	0.04816	0.06198
V133	0.87492	0.01392	0.06722	0.04393
V134	0.12845	0.38983	0.16766	0.31406
V135	0.12147	0.01415	0.23022	0.63416
V136	0.26986	0.39339	0.03268	0.30407
V137	0.63809	0.03736	0.25195	0.07259
V138	0.22339	0.39388	0.20772	0.17502
V139	0.36151	0.20627	0.21773	0.21449
V140	0.0738	0.09071	0.10691	0.72859
V141	0.07017	0.17551	0.552	0.20232
V142	0.78881	0	0.21119	0
V143	0.44059	0.25488	0.09004	0.21449
V144	0.19596	0.1594	0.20589	0.43875
V145	0	0.72509	0.26963	0.00529
V146	0.1262	0.00313	0.1001	0.77056
V147	0.87342	0.02038	0.03312	0.07309
V148	0.13885	0.09296	0.58316	0.18502
V149	0.26941	0.48868	0.24192	0
V150	0.09245	0.25738	0.58209	0.06808
V151	0.22489	0.5958	0.06866	0.11065
V152	0.2414	0.42922	0.24542	0.08397
V153	0.1295	0.71303	0.05742	0.10005
V154	0.25124	0.4409	0.29149	0.01637
V155	0.46806	0.14906	0.2912	0.09167
V156	0.0332	0.1668	0.68716	0.11284
V157	0.31334	0.16463	0.32553	0.1965
V158	0.08579	0	0.10939	0.80482
V159	0.8616	0.0624	0	0.076
V160	0.70003	0	0.07534	0.22463
V161	0.26492	0	0.07023	0.66485
V162	0.09178	0.30556	0.1258	0.47687
V163	0.11088	0.48103	0.20768	0.20041
V164	0.35163	0.3029	0.13209	0.21338
V165	0.03984	0.28167	0.01825	0.66024
V166	0.03886	0.10248	0.12737	0.73129
V167	0.39984	0	0.02073	0.57943
V168	0.29686	0.53961	0.11319	0.05034
V169	0.24009	0.04924	0.07873	0.63193
V170	0.12135	0.03715	0.54425	0.29725
V171	0.13762	0.25648	0.57576	0.03014
V172	0.70282	0	0.27297	0.0242
V173	0.06667	0.14855	0.09161	0.69317
V174	0.04369	0.17089	0.12837	0.65705
V175	0.07138	0.03418	0.78145	0.11299
V176	0.02176	0.76037	0.21498	0.00289
V177	0.03674	0.89803	0.03416	0.03106
V178	0.02447	0.74249	0.04878	0.18426
V179	0.18682	0.01539	0.41238	0.3854
V180	0.04729	0.82778	0.12493	0
V181	0.17127	0.15179	0.53705	0.13989
V182	0.30203	0.19455	0.45285	0.05056
V183	0.19994	0.75044	0.04173	0.00789
V184	0.95309	0	0.04683	8e-05
V185	0.56915	0.38491	0.03151	0.01443
V186	0.13032	0.46892	0.29108	0.10968
V187	0.90355	0.00652	0.05078	0.03915
V188	0.09899	0.25011	0.01092	0.63998
V189	0.80844	0.01359	0.02619	0.15178
V190	0.64392	0.01973	0.31473	0.02163
V191	0.19223	0.22464	0.55335	0.02978
V192	0.31509	0.44912	0.07825	0.15754
V193	0.59592	0.03447	0.24692	0.12269
V194	0.06215	0.85874	0.0468	0.03231
V195	0.02256	0.07025	0.87703	0.03015
V196	0.05568	0.08687	0.0607	0.79675
V197	0.45126	0.04164	0.04651	0.46059
V198	0.07603	0.49218	0.38722	0.04457
V199	0.20665	0.02055	0.22202	0.55078
V200	0.15163	0.55088	0.0513	0.24619
V201	0.1098	0.53585	0.22681	0.12754
V202	0.01882	0.05201	0.77587	0.1533
V203	0.17445	0.42161	0.3983	0.00565
V204	0.02647	0.53645	0.0433	0.39378
V205	0.02382	0.09559	0.8505	0.03009
V206	0.05475	0.13201	0.81324	0
V207	0.17282	0.19568	0.09174	0.53976
V208	0.25259	0.09123	0.64533	0.01084
V209	0.3135	0.44933	0.09737	0.13979
V210	0.105	0.71479	0.13572	0.04448
V211	0.46235	0.00019	0.05942	0.47805
V212	0.49845	0.05435	0.41969	0.02752
V213	0.63874	0.02387	0.1283	0.2091
V214	0.34649	0.16386	0.19207	0.29758
V215	0.33405	0.09743	0.04157	0.52695
V216	0.11277	0	0.09427	0.79296
V217	0.05278	0.48675	0.27028	0.19019
V218	0.11134	0.44303	0.20757	0.23806
V219	0.12971	0.61795	0.04456	0.20778
V220	0.02595	0.79265	0.05112	0.13027
V221	0.81062	0	0.00815	0.18123
V222	0.32056	0.14705	0.37162	0.16077
V223	3e-04	0.17207	0.75415	0.07348
V224	0.94333	0	0.05461	0.00206
V225	0.08133	0.8119	0.10677	0
V226	0.30827	0.10621	0.57748	0.00805
V227	0.77032	0	0.19828	0.03139
V228	0.75448	0.06312	0.0781	0.1043
V229	0.02562	0.06303	0.86943	0.04192
V230	0.07003	0.03655	0.09434	0.79909
V231	0.0309	0.29124	0.15941	0.51845
V232	0.06702	0.65141	0.01875	0.26282
V233	0.55756	0.09125	0.21293	0.13827
V234	0.06113	0.83814	0.08028	0.02045
V235	0.37393	0.08054	0.51605	0.02948
V236	0.04849	0.10354	0.77378	0.07419
V237	0.21494	0	0.08005	0.70501
V238	0.14235	0.53123	0.28998	0.03644
V239	0.09328	0.40596	0.05444	0.44632
V240	0.48264	0.05197	0.41597	0.04942
V241	0.02072	0.03724	0.87198	0.07006
V242	0.15002	0.71096	0.13523	0.0038
V243	0.24402	0.06612	0.61744	0.07241
V244	0.21311	0.01617	0.6889	0.08182
V245	0.58992	0.28184	0.06852	0.05971
V246	0.06073	0.18064	0.73857	0.02006
V247	0.16482	0.05674	0.77844	0
V248	0.07682	0.03567	0.11339	0.77411
V249	0	0.08305	0.85044	0.06651
V250	0.75044	0	0.22432	0.02524
V251	0.90452	0.04387	0.0168	0.03481
V252	0.02171	0.78332	0.19497	0
V253	0.38534	0.06919	0.19202	0.35345
V254	0.03191	0.85678	0.10315	0.00816
V255	0.07067	0.85942	0.02523	0.04468
V256	0.18114	0.23098	0.51121	0.07666
V257	0.42771	0.10529	0.2509	0.2161
V258	0.18293	0.27618	0.42894	0.11195
V259	0.03947	0.31037	0.6191	0.03107
V260	0	0.30408	0.69401	0.00191
V261	0.60943	0.03038	0.21141	0.14878
V262	0.15582	0.06215	0.05745	0.72459
V263	0.04491	0.89031	0.03004	0.03474
V264	0.18049	0.04949	0.45154	0.31848
V265	0.07726	0	0.19046	0.73228
V266	0.65243	0.32676	0.02081	0
V267	0	0.19612	0.33087	0.47301
V268	0.4114	0.01366	0.17536	0.39957
V269	0.00861	0.54353	0.41102	0.03684
V270	0.63072	0.02662	0.25306	0.08961
V271	0.78275	0.06121	0.04317	0.11288
V272	0.07615	0.77925	0.05242	0.09218
V273	0.1204	0.01897	0.10219	0.75845
V274	0.69276	0	0.1908	0.11644
V275	0	0.07395	0.89116	0.03489
V276	0.50829	0.32456	0.02316	0.14399
V277	0.05436	0.21868	0.20857	0.51838
V278	0.05977	0.06696	0.33702	0.53625
V279	0.67793	0.05438	0.12582	0.14187
V280	0.08579	0	0.10939	0.80482
V281	0.55128	0.02522	0.16178	0.26171
V282	0.06006	0.10413	0.77575	0.06006
V283	0.22466	0.55093	0.09566	0.12874
V284	0.05273	0.83584	0.10981	0.00162
V285	0.07466	0.0418	0.88354	0
V286	0.25496	0.51877	0.14172	0.08454
V287	0.11941	0.80174	0.05319	0.02565
V288	0.01507	0.2962	0.45049	0.23825
V289	0.28135	0.23247	0.41803	0.06815
V290	0.82466	0.14891	0.02643	0
V291	0.47889	0.08353	0.42256	0.01502
V292	0.90619	0.00553	0	0.08828
V293	0.29617	0.03885	0.62592	0.03906
V294	0.12015	0.38177	0.00965	0.48842
V295	0.0316	0.1897	0.2404	0.53829
V296	0.18058	0.14573	0.59457	0.07912
V297	0.13481	0	0.12713	0.73806
V298	0.29874	0.12541	0.57047	0.00539
V299	0.10259	0.2817	0.04481	0.5709
V300	0.00298	0.03721	0.28948	0.67034
V301	0.12615	0.13953	0.63	0.10431
V302	0.65177	0.31973	0.00363	0.02487
V303	0	0.57885	0.40048	0.02067
V304	0.06061	0.05676	0.73604	0.14659
V305	0.12872	0.17988	0.46969	0.22171
V306	0.78167	0.08938	0.06215	0.06679
V307	0.04432	0.86436	0.0642	0.02712
V308	0.23496	0.2384	0.31333	0.21332
V309	0.34914	0.31005	0.04508	0.29574
V310	0.09548	0.32105	0.19206	0.39141
V311	0.51808	0.44194	0.02544	0.01454
V312	0.11646	0.6884	0.18176	0.01338
V313	0.01036	0.12086	0.07382	0.79496
V314	0.0247	0.47882	0.15466	0.34183
V315	0.13907	0.5983	0.0726	0.19004
V316	0.30863	0.14882	0.39139	0.15116
V317	0.10553	0.66447	0.08668	0.14332
V318	0.05635	0.5479	0.04821	0.34754
V319	0.06021	0.09815	0.80207	0.03957
V320	0.08128	0.17121	0.63531	0.11221
V321	0.6426	0.33637	0.02103	0
V322	0.21471	0.31989	0.10354	0.36186
V323	0.10708	0.01533	0.14764	0.72995
V324	0.64495	0.24251	0.08575	0.02679
V325	0.315	0.597	0.08801	0
V326	0	0.55963	0.1383	0.30207
V327	0.04297	0.15238	0.15629	0.64836
V328	0.05006	0.05728	0.73744	0.15523
V329	0.19928	0.11655	0.20749	0.47667
V330	0.39553	0.01167	0.34879	0.24401
V331	0.37332	0.0839	0.07114	0.47164
V332	0.03079	0.05414	0.23685	0.67821
V333	0.41542	0.08636	0.38983	0.1084
V334	0.36244	0.01353	0.37084	0.25319
V335	0.02588	0.34639	0.51765	0.11008
V336	0.19181	0.66123	0.05333	0.09364
V337	0.28422	0.39179	0.30763	0.01636
V338	0.00076	0.90492	0.0635	0.03081
V339	0.12566	0.03055	0.83098	0.01282
V340	0.0574	0.24674	0.53049	0.16536
V341	0.07189	0.03366	0.12782	0.76663
V342	0.24805	0.01602	0.61126	0.12467
V343	0.90907	0.02353	0.02033	0.04707
V344	0.66298	0.14812	0.1889	0
V345	0.03077	0.07611	0.89313	0
V346	0.24291	0.12303	0.30707	0.327
V347	0.08995	0.00391	0.1839	0.72224
V348	0.06684	0.62188	0.18448	0.12681
V349	0.33812	0.17821	0.38614	0.09754
V350	0.04035	0.74846	0.21119	0
V351	0.03151	0.04454	0.43554	0.48842
V352	0.04954	0.0535	0.82162	0.07533
V353	0.84587	0.01686	0.04736	0.08991
V354	0.05855	0.65152	0.25863	0.0313
V355	0.27461	0.09245	0.46336	0.16958
V356	0.08132	0.01826	0.15791	0.7425
V357	0.11971	0.33577	0.30473	0.23979
V358	0.54467	0.10017	0.06779	0.28738
V359	0.58013	0.04982	0.04724	0.3228
V360	0.54161	0.39832	0.04052	0.01954
V361	0	0.44821	0.54974	0.00205
V362	0	0.89974	0.07348	0.02678
V363	0.17423	0.13704	0.47525	0.21348
V364	0.15823	0.09098	0.66264	0.08815
V365	0.30817	0.01619	0.04199	0.63364
V366	0.09272	0.64618	0.1263	0.1348
V367	0.57801	0.13846	0.00509	0.27844
V368	0.10484	0.68537	0.12582	0.08397
V369	0.02252	0.40103	0.57645	0
V370	0.29304	0.28139	0.40804	0.01753
V371	0.20105	0.67397	0.06398	0.061
V372	0.19976	0.05154	0.16472	0.58398
V373	0.08577	0.16053	0.48579	0.2679
V374	0.76817	0.01687	0.21497	0
V375	0.0805	0.0396	0.19567	0.68423
V376	0.07893	0.03096	0.15514	0.73498
V377	0.78823	0	0.0091	0.20268
V378	0.01635	0.0459	0.44776	0.49
V379	0.35936	0.19592	0.02762	0.4171
V380	0.17806	0.07705	0.23924	0.50564
V381	0.72125	0.00413	0.10772	0.1669
V382	0.08509	0.07173	0.834	0.00917
V383	0.81138	0	0.05992	0.1287
V384	0.54735	0.07557	0.15132	0.22577
V385	0.82258	0.00847	0.0886	0.08035
V386	0.32723	0.00404	0.18494	0.48379
V387	0.56154	0.15046	0.2025	0.0855
V388	0.36709	0.323	0.16838	0.14152
V389	0.41611	0.48923	0.03324	0.06142
V390	0.28781	0.26271	0.44949	0
V391	0.43907	0.10217	0.03376	0.425
V392	0.41338	0.22206	0.1855	0.17907
V393	0.27461	0.23829	0.35583	0.13128
V394	0.11783	0.23148	0.15525	0.49545
V395	0.22328	0.38378	0.22752	0.16542
V396	0.03195	0.87832	0.05405	0.03569
V397	0.7465	0.08387	0.115	0.05463
V398	0.44759	0.13555	0.11982	0.29705
V399	0.19918	0.52517	0.18331	0.09234
V400	0	0.57793	0.11009	0.31198
V401	0.03294	0.18732	0.70721	0.07254
V402	0.78871	0.16135	0.04994	0
V403	0.0722	0.02134	0.13837	0.76809
V404	0.09162	0.21942	0.603	0.08596
V405	0.24955	0.02887	0.20814	0.51344
V406	0.62583	0.24203	0.02714	0.105
V407	0.00076	0.90492	0.0635	0.03081
V408	0.09456	0.25974	0.41512	0.23059
V409	0.02258	0.02764	0.11275	0.83703
V410	0.10834	0.79233	0.07454	0.02478
V411	0.47692	0.00151	0	0.52157
V412	0.16399	0.09683	0.50718	0.232
V413	0.06649	0.47649	0.2201	0.23693
V414	0.04023	0.49659	0.3547	0.10848
V415	0.44403	0.03278	0.25231	0.27087
V416	0.01607	0.11696	0.86697	0
V417	0.38519	0.57143	0.03242	0.01097
V418	0.10445	0.1093	0.1889	0.59735
V419	0.07796	0	0.11734	0.8047
V420	0	0.84914	0.06413	0.08673
V421	0.15869	0.06916	0.66667	0.10548
V422	0.10817	0.07416	0.05101	0.76665
V423	0.08208	0.05553	0.8286	0.03379
V424	0	0.08062	0.63751	0.28187
V425	0.05715	0.25967	0.58886	0.09432
V426	0.09295	0.08109	0.75939	0.06656
V427	0.07878	0.39589	0.23049	0.29484
V428	0.10623	0.71917	0.09842	0.07619
V429	0.07211	0	0.12431	0.80358
V430	0.72706	0.16239	0.0242	0.08635
V431	0.1904	0.04051	0.46943	0.29965
V432	0.15228	0.09399	0.09488	0.65885
V433	0.07622	0.70985	0.02645	0.18748
V434	0.36247	0.07429	0.08239	0.48085
V435	0.51662	0.00138	0.14729	0.33471
V436	0.40335	0.00141	0.15039	0.44485
V437	0.26195	0.23154	0.02301	0.4835
V438	0.59849	0.15828	0.04421	0.19902
V439	0.08406	0.10857	0.04966	0.75771
V440	0.50232	0.03092	0.053	0.41376
V441	0.07037	0.15783	0.59732	0.17447
V442	0.31571	0.33695	0.16198	0.18536
V443	0.72981	0	0.10376	0.16643
V444	0.03077	0.07611	0.89313	0
V445	0.59306	0.02706	0.34261	0.03728
V446	0.05251	0.77307	0.10444	0.06999
V447	0.60348	0.09897	0.19214	0.10541
V448	0.04201	0.07367	0.24346	0.64086
V449	0.542	0.04987	0.30525	0.10288
V450	0.15903	0.78716	0.0538	0
V451	0.89136	0.04981	0	0.05883
V452	0.08931	0.00438	0.1413	0.76501
V453	0.77389	0.0727	0.07876	0.07464
V454	0	0.86821	0.10583	0.02596
V455	0.57857	0.04197	0.31001	0.06945
V456	0.31978	0.13799	0.39067	0.15157
V457	0.01816	0.05248	0.08672	0.84264
V458	0.29363	0.22992	0.02174	0.45471
V459	0.02606	0.74717	0.14212	0.08465
V460	0.89412	0.00288	0.04938	0.05363
V461	0.1276	0.0452	0.05453	0.77267
V462	0.36899	0.2502	0	0.38081
V463	0.25414	0.45581	0.18797	0.10209
V464	0.52272	0.0995	0.00867	0.36911
V465	0.4016	0.41075	0.04622	0.14143
V466	0.58181	0.18629	0.00721	0.22469
V467	0.31725	0.53668	0.1128	0.03328
V468	0.48857	0.38266	0.0738	0.05498
V469	0.02526	0.19473	0.32807	0.45194
V470	0.52712	0.12953	0.19695	0.14641
V471	0.29916	0.10779	0.06535	0.5277
V472	0.34189	0.33263	0.00133	0.32415
V473	0.11081	0.5252	0.35613	0.00786
V474	0.16649	0	0.1494	0.6841
V475	0.19804	0.39304	0.11372	0.29521
V476	0.21079	0.00483	0.11042	0.67396
V477	0.5803	0.04114	0.22168	0.15688
V478	0.15223	0.56887	0.03291	0.246
V479	0.01024	0.12508	0.78173	0.08294
V480	0.10635	0.31319	0.08516	0.4953
V481	0.14602	0.05327	0.78178	0.01893
V482	0.66492	0.16088	0.12779	0.04641
V483	0.16704	0.11365	0.11776	0.60155
V484	0.07056	0.07686	0.08462	0.76795
V485	0.14074	0.69594	0.04612	0.1172
V486	0.27795	0.26704	0.15848	0.29652
V487	0.12289	0.04538	0.13961	0.69212
V488	0	0.03576	0.86948	0.09476
V489	0.2126	0.13297	0.64995	0.00448
V490	0.34445	0.31165	0.09444	0.24946
V491	0.43725	0.44329	0.05776	0.0617
V492	0.04579	0.77598	0.17823	0
V493	0.12543	0	0.00851	0.86607
V494	0.19233	0.18065	0.51381	0.1132
V495	0.23168	0.58348	0.17464	0.0102
V496	0.28821	0.65092	0.01667	0.0442
V497	0.02468	0.03405	0.90735	0.03392
V498	0.33927	0.10555	0.08275	0.47243
V499	0.59565	0.25833	0.14153	0.00449
V500	0.10424	0.15599	0.70128	0.03848
V501	0.01908	0	0.13846	0.84246
V502	0.52825	0.27392	0.17149	0.02634
V503	0.21859	0.10729	0.23451	0.43961
V504	0.24457	0.6517	0.04284	0.0609
V505	0.20578	0.22743	0.27913	0.28766
V506	0.09201	0.27255	0.46058	0.17486
V507	0.59192	0.10443	0.13909	0.16456
V508	0.72247	0.16311	0.05361	0.06081
V509	0.22908	0.08584	0.5073	0.17778
V510	0.22596	0.49261	0.28144	0
V511	0.06747	0.41897	0.08641	0.42715
V512	0.27696	0.04677	0.12154	0.55472
V513	0.08937	0.60677	0.24761	0.05625
V514	0.06251	0.09332	0.03002	0.81416
V515	0.74308	0.06157	0.06058	0.13477
V516	0.88744	0.08452	0	0.02804
V517	0.0682	0.03329	0.29816	0.60034
V518	0.91754	0.04198	0	0.04048
V519	0.04622	0.81521	0.04717	0.09141
V520	0.03381	0.01463	0.64662	0.30494
V521	0.54208	0.05865	0.36411	0.03516
V522	0.00098	0.15844	0.59173	0.24885
V523	0.35112	0.13942	0.27568	0.23378
V524	0.01544	0.72498	0.23381	0.02577
V525	0.28166	0.21081	0.05244	0.45509
V526	0.62755	0.08147	0.0914	0.19958
V527	0.21706	0.03604	0.41874	0.32816
V528	0.11952	0.80336	0.0285	0.04862
V529	0.08836	0.07236	0.26642	0.57285
V530	0.00095	0.23567	0.66864	0.09475
V531	0.03533	0.80555	0.15911	0
V532	0.19624	0.32968	0.05581	0.41827
V533	0.28363	0.3485	0.16485	0.20302
V534	0.0096	0.04855	0.7155	0.22635
V535	0.57187	0	0.0159	0.41223
V536	0.21049	0	0.40315	0.38636
V537	0.56744	0.25314	0.16899	0.01042
V538	0.46499	0.05152	0.11345	0.37004
V539	0.26707	0.41716	0.18583	0.12995
V540	0.21161	0.64385	0.11162	0.03292
V541	0.02705	0.50511	0.10778	0.36005
V542	0.21129	0.14334	0.2807	0.36467
V543	0.85707	0	0.01984	0.12309
V544	0.13505	0.09914	0.21384	0.55197
V545	0.37708	0.14534	0.0977	0.37988
V546	0.07072	0.81307	0.11621	0
V547	0.04877	0.60573	0.34027	0.00523
V548	0.16916	0.7062	0.12464	0
V549	0.31547	0.06002	0.60915	0.01537
V550	0.60519	0.02154	0	0.37327
V551	0.19051	0.6835	0.07429	0.0517
V552	0	0.53331	0.04716	0.41953
V553	0.22462	0.1768	0.58734	0.01124
V554	0.10775	0.09106	0.07358	0.72761
V555	0.09883	0.24704	0.357	0.29713
V556	0	0.07773	0.87523	0.04704
V557	0.80241	0.02324	0.01508	0.15927
V558	0.0852	0.7366	0.0701	0.1081
V559	0.02	0.75041	0.22959	0
V560	0.67909	0.30029	0.00039	0.02024
V561	0	0.07395	0.89116	0.03489
V562	0.75612	0	0.13161	0.11227
V563	0.2388	0.02858	0.71928	0.01333
V564	0.06298	0.11925	0.80216	0.01561
V565	0.12873	0.27824	0.39056	0.20248
V566	0.69156	0.09796	0.00213	0.20836
V567	0.23313	0.43727	0.05375	0.27584
V568	0.28294	0	0.0938	0.62326
V569	0.68749	0.02014	0	0.29237
V570	0.02555	0.31079	0.60579	0.05788
V571	0.79599	0.12103	0	0.08298
V572	0.43504	0.02294	0.44185	0.10017
V573	0.10574	0.17915	0.03957	0.67554
V574	0.05255	0.72735	0.21338	0.00672
V575	0.04639	0.09226	0.17855	0.68279
V576	0.1704	0.73904	0.0795	0.01106
V577	0.06982	0.05184	0.25991	0.61843
V578	0.05971	0.10295	0.67277	0.16457
V579	0.02075	0.81046	0.14375	0.02503
V580	0.195	0	0.16036	0.64464
V581	0.12849	0.09448	0.02504	0.75199
V582	0.5717	0.14923	0.04519	0.23388
V583	0.00387	0.07832	0.61269	0.30513
V584	0.49594	0.16903	0.29893	0.03611
V585	0.0214	0.0283	0.48324	0.46706
V586	0.23377	0.03742	0.63896	0.08985
V587	0.26263	0.04191	0.66438	0.03108
V588	0.62922	0.04046	0.03508	0.29524
V589	0.07374	0.75328	0.11145	0.06154
V590	0.06146	0.7091	0.22943	0
V591	0.00416	0.04582	0.26174	0.68828
V592	0.1546	0.07418	0.77122	0
V593	0.57772	0	0.19773	0.22456
V594	0.3271	0.29587	0.34042	0.03661
V595	0.0917	0.03336	0.08879	0.78616
V596	0.04638	0.29687	0.26435	0.3924
V597	0	0.56448	0.36595	0.06957
V598	0.01968	0.15809	0.80569	0.01654
V599	0.60603	0.30615	0.05242	0.0354
V600	0.3553	0.45349	0.07719	0.11402
V601	0.18418	0.27987	0.11774	0.41821
V602	0.09761	0.04188	0.0683	0.79222
V603	0.02791	0.37646	0.05339	0.54224
V604	0.49392	0.13422	0.34293	0.02892
V605	0.06975	0.34283	0.41364	0.17378
V606	0.70715	0.15466	0.01286	0.12534
V607	0.64104	0.00358	0.12893	0.22645
V608	0.22112	0.18219	0.39227	0.20442
V609	0.03686	0.25541	0.27621	0.43152
V610	0.74276	0.01573	0.10627	0.13524
V611	0.32516	0	0.08786	0.58697
V612	0.02221	0.1342	0.7764	0.0672
V613	0.04099	0.34714	0.58234	0.02953
V614	0.73551	0.06185	0.06039	0.14225
V615	0.18628	0.06287	0.03738	0.71347
V616	0.09506	0.66556	0.0873	0.15208
V617	0.45639	0.17387	0.36974	0
V618	0.72911	0	0	0.27089
V619	0.38501	0.03924	0.33164	0.24411
V620	0.01628	0.62253	0.35858	0.00261
V621	0.41801	0.16227	0.19523	0.22448
V622	0.34701	0.239	0.39435	0.01964
V623	0.04485	0.08254	0.19747	0.67514
V624	0.7769	0.1868	0	0.0363
V625	0.26787	0.47259	0.12986	0.12969
V626	0.91059	0.03224	0	0.05717
V627	0.00914	0.02728	0.15003	0.81355
V628	0.0107	0.23461	0.06184	0.69285
V629	0.13382	0.30407	0.3034	0.25871
V630	0.03968	0.34748	0.57478	0.03807
V631	0.03807	0.20423	0.15498	0.60273
V632	0.58254	0	0.14926	0.2682
V633	0	0.07837	0.81315	0.10848
V634	0.38586	0.27245	0.34169	0
V635	0.04474	0.72621	0.04337	0.18569
V636	0.12649	0.13883	0.62198	0.1127
V637	0.31823	0.20126	0.11882	0.36169
V638	0.37965	0.25852	0.09348	0.26835
V639	0.26372	0.41481	0.32147	0
V640	0.03456	0.18879	0.72789	0.04876
V641	0.84372	0.03573	0.03802	0.08253
V642	0.74569	0.16758	0	0.08673
V643	0.00442	0.21455	0.4751	0.30593
V644	0.8735	0.07362	0.01202	0.04085
V645	0.26203	0.40322	0.32726	0.00748
V646	0.03899	0.88103	0.05724	0.02274
V647	0.14664	0.12335	0.67512	0.05489
V648	0.40288	0.41338	0.1611	0.02264
V649	0.02424	0.10756	0.80641	0.06179
V650	0.0593	0.13073	0.74433	0.06564
V651	0.30203	0.02699	0.6573	0.01368
V652	0.10136	0.11537	0.45728	0.32599
V653	0.13651	0.62176	0.14149	0.10024
V654	0.66763	0.19523	0.07269	0.06446
V655	0.05496	0.55744	0.05933	0.32827
V656	0.2359	0.27508	0.03315	0.45587
V657	0.07606	0.08528	0.05604	0.78263
V658	0.57916	0.20879	0.07436	0.13768
V659	0.32397	0.10584	0.37341	0.19677
V660	0.05439	0.88219	0.02964	0.03377
V661	0.07811	0.41861	0.09539	0.40789
V662	0.40256	0.03358	0.46444	0.09943
V663	0.23629	0.1013	0.55633	0.10608
V664	0.20034	0.10088	0.65315	0.04563
V665	0.66303	0.18541	0.05243	0.09913
V666	0.5859	0	0.11208	0.30202
V667	0.75026	0.07479	0.17495	0
V668	0.13467	0.73969	0.12563	0
V669	0.23076	0.40278	0.27335	0.09311
V670	0.10053	0.84305	0.02766	0.02875
V671	0.35005	0.28988	0.27254	0.08752
V672	0.02219	0.07396	0.85743	0.04642
V673	0.23299	0.36478	0.25446	0.14778
V674	0.69864	0.14573	0.02232	0.13331
V675	0.14137	0.33557	0.33983	0.18323
V676	0.05735	0.12119	0.15743	0.66404
V677	0.37633	0.38636	0.12274	0.11457
V678	0.50885	0.44412	0.03453	0.0125
V679	0.05282	0.32913	0.61444	0.0036
V680	0.30734	0.51411	0.16787	0.01067
V681	0.85618	0.0631	0.0201	0.06062
V682	0.11628	0.31436	0.54084	0.02853
V683	0.04093	0.88929	0.06979	0
V684	0.66625	0.15881	0.10975	0.06519
V685	0.47742	0.33187	0.146	0.04471
V686	0.11626	0.19284	0.19395	0.49696
V687	0.09705	0.01567	0.09715	0.79013
V688	0.37995	0.49023	0.00665	0.12318
V689	0.29398	0	0.07649	0.62953
V690	0.45367	0.06115	0.42019	0.06499
V691	0.15597	0.03604	0.79585	0.01214
V692	0.08147	0.17414	0.68144	0.06295
V693	0.23594	0.12853	0.3837	0.25183
V694	0.02485	0.03797	0.3419	0.59528
V695	0.27375	0	0.19616	0.53009
V696	0.13109	0.09239	0.05624	0.72028
V697	0.06099	0.07179	0.06457	0.80265
V698	0.81091	0	0.01531	0.17378
V699	0.54306	0.27694	0.08687	0.09313
V700	0.2793	0.02074	0.03243	0.66752
V701	0.12525	0.50716	0.14909	0.2185
V702	0.55266	0.07863	0.01785	0.35085
V703	0.14305	0.07623	0.50154	0.27918
V704	0.79507	0.04222	0.03438	0.12833
V705	0.90398	0	0.02511	0.07091
V706	0.0823	0.08939	0.74707	0.08124
V707	0.04325	0.43005	0.49897	0.02774
V708	0.05577	0.80744	0.06665	0.07014
V709	0.13642	0.28221	0.51445	0.06692
V710	0.58056	0.20856	0.06419	0.14669
V711	0.10603	0.72949	0.13654	0.02793
V712	0.80061	0.05257	0.00277	0.14405
V713	0.43139	0.29408	0.05158	0.22294
V714	0.019	0.64527	0.0657	0.27003
V715	0.29485	0.33411	0.31451	0.05652
V716	0.08971	0.04386	0.10768	0.75874
V717	0.10156	0.84921	0.02959	0.01964
V718	0.15513	0.53034	0.214	0.10053
V719	0.07306	0.66896	0.07921	0.17878
V720	0.67764	0	0.23895	0.08341
V721	0.12777	0.19046	0.4786	0.20317
V722	0.12004	0.34362	0.04138	0.49496
V723	0.16284	0.09233	0.03797	0.70686
V724	0.57667	0.02076	0.10556	0.29701
V725	0	0.13935	0.82148	0.03917
V726	0.05049	0.38434	0.16473	0.40043
V727	0.27226	0.60183	0.1259	0
V728	0.04859	0.80818	0.14323	0
V729	0.42124	0.00523	0.19182	0.38171
V730	0.85333	0.0286	0.05668	0.06139
V731	0.02881	0.22144	0.42402	0.32573
V732	0.34672	0.09414	0.36177	0.19736
V733	0.62169	0.18566	0.04507	0.14759
V734	0.23365	0.3128	0.45355	0
V735	0.02591	0.05043	0.5133	0.41036
V736	0.20392	0.00058	0.04844	0.74705
V737	0.32094	0.29052	0.25698	0.13156
V738	0.08056	0.34234	0.45701	0.12009
V739	0	0.04276	0.62722	0.33002
V740	0.80758	0.08434	0.08153	0.02655
V741	0.47763	0.10611	0.14647	0.26979
V742	0.40564	0.55328	0.04109	0
V743	0.13842	0.1744	0.67314	0.01403
V744	0.50106	0.052	0.33577	0.11117
V745	0.02307	0.65228	0.22513	0.09951
V746	0.93822	0	0	0.06178
V747	0.06207	0.01773	0.7269	0.1933
V748	0.12677	0.13544	0.5806	0.15719
V749	0.30229	0.17993	0.08155	0.43623
V750	0.40983	0.43734	0.03824	0.11459
V751	0.06534	0.79304	0.08563	0.056
V752	0.44563	0.22808	0.15575	0.17054
V753	0.10151	0.05841	0.02271	0.81737
V754	0.0308	0.87317	0.03242	0.06361
V755	0.15599	0.21344	0.36122	0.26936
V756	0.08363	0.00831	0.12393	0.78412
V757	0.33843	0.54231	0.09322	0.02604
V758	0.05831	0.70687	0.16652	0.06831
V759	0.13784	0.08076	0.42576	0.35564
V760	0.30144	0.06779	0.30313	0.32764
V761	0.07556	0.54675	0.30488	0.07281
V762	0.00177	0.39133	0.05695	0.54994
V763	0.38762	0.34634	0.0441	0.22193
V764	0.02811	0.85611	0.05222	0.06356
V765	0.6661	0.08322	0	0.25068
V766	0.01512	0.33713	0.45679	0.19096
V767	0.46312	0.1353	0.25656	0.14502
V768	0.07966	0.82548	0.06676	0.02809
V769	0.16059	0.75594	0.07116	0.0123
V770	0.03899	0.88103	0.05724	0.02274
V771	0.16678	0.05167	0.76341	0.01815
V772	0.13835	0.08679	0.77357	0.00129
V773	0.18052	0.76343	0.04096	0.01509
V774	0.02431	0.0353	0.89173	0.04866
V775	0.13904	0.05169	0.32003	0.48925
V776	0.41967	0.39963	0.07446	0.10623
V777	0.20132	0.12511	0.17925	0.49432
V778	0.51621	0.26959	0.08699	0.12721
V779	0.17628	0.06509	0.50734	0.25129
V780	0.12288	0.70727	0.16985	0
V781	0.10989	0.03661	0.08964	0.76386
V782	0.00055	0.16363	0.76932	0.0665
V783	0.76572	0.0136	0.06117	0.15951
V784	0.13096	0.80729	0.05641	0.00534
V785	0.06106	0.84885	0.05859	0.0315
V786	0.68469	0.15831	0.09945	0.05755
V787	0	0.78511	0.20959	0.0053
V788	0.48758	0.29422	0.17357	0.04463
V789	0.09442	0.36591	0.06384	0.47583
V790	0.46804	0.02023	0.10538	0.40635
V791	0.139	0.3745	0.34852	0.13799
V792	0.1537	0.52134	0.03194	0.29302
V793	0.13911	0.61618	0.07318	0.17153
V794	0.04754	0.12199	0.75652	0.07395
V795	0.15742	0.04392	0.10985	0.68881
V796	0.02861	0.12889	0.81125	0.03125
V797	0.73577	0	0.23427	0.02997
V798	0.59672	0.28239	0.0976	0.0233
V799	0.1498	0.71487	0.06666	0.06866
V800	0.07932	0.04845	0.5379	0.33432
V801	0.1501	0.14016	0.35444	0.35529
V802	0.05682	0.09796	0.31693	0.52829
V803	0.22186	0.49002	0.28812	0
V804	0.50711	0.02875	0.38918	0.07496
V805	0.03598	0.03802	0.92599	0
V806	0.06894	0.83082	0.05664	0.0436
V807	0.28483	0.15958	0.06321	0.49238
V808	0.63698	0.25962	0.05869	0.04472
V809	0.04645	0.08885	0.8647	0
V810	0.04157	0.90234	0.03109	0.02501
V811	0.42215	0.08188	0.22495	0.27101
V812	0.52924	0.25878	0.06706	0.14492
V813	0.5685	0.19907	0.20369	0.02875
V814	0.43098	0.49441	0.07238	0.00222
V815	0.00417	0.85511	0.13191	0.00881
V816	0.91919	0	0.08081	0
V817	0.03197	0.1214	0.82552	0.02111
V818	0.01783	0.0628	0.10822	0.81114
V819	0.78972	0.08084	0.06169	0.06774
V820	0.17675	0.10561	0.05798	0.65966
V821	0.21624	0.32257	0.3957	0.06548
V822	0.07166	0.06819	0.82629	0.03385
V823	0.02214	0.2249	0.66558	0.08739
V824	0.08913	0.37632	0.53455	0
V825	0.22375	0.29719	0.27549	0.20357
V826	0.42243	0.39386	0.17797	0.00573
V827	0.38055	0.55275	0.03768	0.02902
V828	0.24362	0.17362	0.14569	0.43707
V829	0.0683	0.25142	0.08068	0.59959
V830	0.24844	0.23338	0.05379	0.46439
V831	0.74239	0.08903	0.04163	0.12696
V832	0.26779	0.38908	0.19521	0.14792
V833	0.15584	0.48489	0.21339	0.14588
V834	0.31721	0.07657	0.11505	0.49118
V835	0.35211	0.42647	0.14438	0.07704
V836	0.02508	0.65103	0.04649	0.2774
V837	0.22418	0.37402	0.21796	0.18384
V838	0.88726	0.04143	0.04519	0.02612
V839	0.30343	0.56426	0.13231	0
V840	0.30111	0.66025	0.03864	0
V841	0	0.093	0.84629	0.06071
V842	0.34804	0.17985	0.27537	0.19674
V843	0.01833	0.07027	0.83622	0.07517
V844	0.12696	0.11166	0.40613	0.35524
V845	0.06992	0.14778	0.71742	0.06489
V846	0	0.05448	0.75941	0.18611
V847	0.01644	0	0.12788	0.85568
V848	0.09975	0.49147	0.20851	0.20027
V849	0	0.89327	0.05723	0.0495
V850	0.90799	0	0.03192	0.06009
V851	0.33068	0.49603	0.17329	0
V852	0.14493	0.05518	0.17864	0.62126
V853	0.23871	0.24307	0.40533	0.11289
V854	0.56836	0.17243	0.12128	0.13792
V855	0.01644	0	0.12788	0.85568
V856	0.05025	0.36263	0.37733	0.20979
V857	0.6487	0.17556	0.04386	0.13188
V858	0.53301	0.02718	0.42123	0.01858
V859	0.63574	0.23238	0.02631	0.10558
V860	0.22202	0.12027	0.09309	0.56462
V861	0.09598	0.36283	0.54119	0
V862	0.136	0.12488	0.69182	0.0473
V863	0.248	0.07211	0.00821	0.67169
V864	0.1218	0.03755	0.11033	0.73032
V865	0.14383	0.00671	0.31323	0.53623
V866	0.69513	0.02347	0.25344	0.02796
V867	0.69508	0.03412	0.25314	0.01766
V868	0.48982	0.27342	0.15423	0.08254
V869	0.04954	0.87729	0.05428	0.01889
V870	0.13079	0.34219	0.05183	0.4752
V871	0	0.89327	0.05723	0.0495
V872	0.03179	0.02559	0.30273	0.6399
V873	0.8407	0.02788	0.06377	0.06766
V874	0.20716	0.72479	0.06805	0
V875	0.0297	0.21191	0.24875	0.50964
V876	0.15982	0.33603	0.41995	0.08421
V877	0.05172	0.4008	0.32899	0.21848
V878	0.14615	0.74579	0.10806	0
V879	0.20204	0.63983	0.08146	0.07667
V880	0.31411	0.51999	0.02667	0.13923
V881	0.14945	0.07384	0.60048	0.17623
V882	0.76979	0	0.13385	0.09636
V883	0.27119	0.21712	0.51169	0
V884	0.05021	0.29344	0.01373	0.64262
V885	0.693	0.20593	0.10108	0
V886	0.01516	0.37594	0.48127	0.12763
V887	0.60965	0.06839	0.17368	0.14828
V888	0.10438	0.08651	0.72062	0.0885
V889	0.86719	0.04668	0.03182	0.05431
V890	0.03358	0.1814	0.61946	0.16556
V891	0.59659	0.06149	0.28916	0.05275
V892	0.30664	0.18878	0.03041	0.47417
V893	0.54948	0.21491	0.16849	0.06712
V894	0.07209	0.32679	0.57167	0.02945
V895	0.56864	0.07147	0.21223	0.14766
V896	0.06215	0.85874	0.0468	0.03231
V897	0.67015	0.24773	0.00927	0.07284
V898	0.49132	0	0.01482	0.49386
V899	0.04597	0.20744	0.1904	0.55619
V900	0.08327	0.31089	0.38572	0.22012
V901	0.0553	0.7843	0.04469	0.11571
V902	0.07293	0.82765	0.09942	0
V903	0.00613	0.42484	0.53195	0.03708
V904	0.05133	0.89854	0.02884	0.0213
V905	0.18702	0	0.21786	0.59512
V906	0.40852	0.09604	0.13412	0.36133
V907	0.4256	0.47911	0.04217	0.05313
V908	0.04488	0.05478	0.13501	0.76534
V909	0.15134	0.75659	0.02313	0.06895
V910	0.20388	0	0.16089	0.63523
V911	0.50083	0.37277	0.05363	0.07278
V912	0.37895	0.32104	0.1496	0.15041
V913	0.17916	0	0.04551	0.77533
V914	0.18609	0.47427	0.31387	0.02577
V915	0.27033	0	0.03253	0.69713
V916	0.24332	0.08821	0.62257	0.0459
V917	0.68225	0.02886	0.17947	0.10941
V918	0.05403	0.59453	0.2692	0.08224
V919	0.20136	0.25007	0.31677	0.2318
V920	0.58403	0.19994	0.11233	0.1037
V921	0.06593	0.16835	0.0795	0.68623
V922	0.10678	0.45364	0.40415	0.03544
V923	0.13774	0.014	0.10673	0.74153
V924	0.04831	0.62618	0.3044	0.02111
V925	0.22588	0.03421	0.04914	0.69076
V926	0.24381	0.01718	0.07349	0.66552
V927	0.06981	0.04403	0.11906	0.76711
V928	0.06865	0.82326	0.0447	0.06339
V929	0.06741	0.60497	0.17444	0.15317
V930	0.49339	0.35559	0.05202	0.09899
V931	0.13677	0.29188	0.50514	0.06622
V932	0.03465	0.14969	0.61342	0.20224
V933	0.58083	0.36739	0.02986	0.02192
V934	0.01486	0.1735	0.32006	0.49158
V935	0.52962	0.17185	0.2229	0.07563
V936	0.5139	0.26788	0.02979	0.18843
V937	0.5278	0.1331	0.10509	0.23401
V938	0.37389	0.05858	0.32349	0.24404
V939	0.73045	0.01407	0.08848	0.167
V940	0.03815	0.73077	0.19541	0.03567
V941	0	0.04391	0.91758	0.03851
V942	0.70283	0.18546	0.08271	0.029
V943	0.37861	0.15056	0.41818	0.05265
V944	0.03551	0.27682	0.11301	0.57467
V945	0.54402	0.34007	0.02366	0.09225
V946	0.43493	0.26628	0.26758	0.03121
V947	0.11081	0.0613	0.27415	0.55374
V948	0.32715	0.05786	0.59137	0.02363
V949	0	0.12988	0.2572	0.61292
V950	0.06361	0.5143	0.24961	0.17249
V951	0.79442	0.01919	0.16269	0.0237
V952	0.08694	0.14889	0.30331	0.46085
V953	0.01754	0.10207	0.83621	0.04419
V954	0.05783	0.19586	0.19041	0.55591
V955	0.14031	0.57076	0.06176	0.22716
V956	0.04687	0.05076	0.54039	0.36198
V957	0.37632	0.01337	0	0.61032
V958	0.12543	0	0.00851	0.86607
V959	0.22604	0.27431	0.43249	0.06715
V960	0.24922	0.27699	0.11158	0.36221
V961	0.1382	0.38436	0.36638	0.11106
V962	0.34765	0.18902	0.39384	0.06949
V963	0.56169	0.1765	0.17644	0.08537
V964	0.79585	0.03033	0.1129	0.06092
V965	0.06584	0.48602	0.22993	0.21822
V966	0.90374	0.02115	0.01651	0.05859
V967	0.06632	0.07137	0.54771	0.3146
V968	0	0.19088	0.74775	0.06137
V969	0.02588	0.29652	0.08389	0.59372
V970	0.04174	0.14889	0.45413	0.35524
V971	0.47728	0.10303	0.33683	0.08286
V972	0.49685	0.20176	0.06818	0.23321
V973	0.27395	0.40597	0.10869	0.21139
V974	0.01428	0.73064	0.17901	0.07608
V975	0.10295	0.30544	0.59162	0
V976	0.42607	0.24764	0.13854	0.18775
V977	0.31101	0.35066	0.33833	0
V978	0.10737	0.09633	0.11831	0.67798
V979	0.76807	0.02062	0.18865	0.02266
V980	0.93822	0	0	0.06178
V981	0.33285	0.04915	0.43893	0.17907
V982	0.42848	0.38083	0.10269	0.088
V983	0.69542	0.05972	0.00182	0.24305
V984	0.02904	0.77135	0.16046	0.03915
V985	0.1138	0.19841	0.03747	0.65032
V986	0.32252	0.49341	0.0802	0.10387
V987	0.25348	0.70089	0.02451	0.02112
V988	0.25816	0.00787	0.05067	0.6833
V989	0.43268	0.44348	0.1053	0.01853
V990	0	0.09401	0.78108	0.12491
V991	0.6342	0.3422	0	0.0236
V992	0.20847	0.02607	0.53243	0.23303
V993	0.0804	0.66674	0.21122	0.04164
V994	0.20059	0.71959	0.06834	0.01148
V995	0.70871	0.1077	0.04166	0.14194
V996	0.30122	0.12886	0.03247	0.53745
V997	0.0186	0.05598	0.81413	0.11129
V998	0.83036	0.00816	0.08	0.08148
V999	0.14116	0.82305	0.02703	0.00876
V1000	0.35483	0.02209	0.00399	0.61909
