B_cells	NK_cells	T_cells_CD4.	Monocytes
V1	0.57456	0	0.1972	0.22824
V2	0.2224	0.06734	0.09202	0.61823
V3	0.1008	0.58947	0.05008	0.25965
V4	0.85588	0.08479	0.02488	0.03445
V5	0.14387	0.434	0.29987	0.12226
V6	0.12315	0.78401	0.07962	0.01322
V7	0.19299	0.33596	0.12221	0.34884
V8	0.16718	0	0.80401	0.02881
V9	0.29595	0.21536	0.06632	0.42237
V10	0.0595	0	0.89019	0.05031
V11	0.23386	0.31281	0.45332	0
V12	0.06104	0.52768	0.41129	0
V13	0.30857	0.63363	0.0528	0.00501
V14	0.11642	0.82234	0.06124	0
V15	0.15974	0.54683	0.17167	0.12177
V16	0.85885	0.01695	0.07085	0.05336
V17	0.13352	0.78661	0.06667	0.0132
V18	0.58709	0.29743	0.09009	0.02539
V19	0.20427	0.73841	0.05685	0.00047
V20	0.21408	0.43434	0.05088	0.3007
V21	0.16549	0.05538	0.7549	0.02423
V22	0.06285	0.07882	0.25941	0.59893
V23	0.39797	0.03062	0.57141	0
V24	0.89781	0.00777	0.09442	0
V25	0.38167	0.20911	0.16618	0.24304
V26	0.43246	0.34675	0.05082	0.16997
V27	0.18575	0.04046	0.05463	0.71916
V28	0.00949	0.06512	0.92539	0
V29	0.45431	0.01268	0.51163	0.02138
V30	0.14167	0.20103	0.31796	0.33934
V31	0.24268	0.17207	0.33214	0.25312
V32	0.17078	0	0.08814	0.74108
V33	0.07782	0.45723	0.3993	0.06564
V34	0.16568	0.03485	0.77289	0.02659
V35	0.20391	0.64655	0.14064	0.00891
V36	0.04266	0.03114	0.52518	0.40102
V37	0.57468	0.03708	0.13742	0.25082
V38	0.46997	0	0.19708	0.33295
V39	0.20487	0.51229	0.17935	0.10349
V40	0.1346	0.73074	0.13466	0
V41	0.03758	0.64253	0.09881	0.22107
V42	0.28568	0	0.25557	0.45875
V43	0.16563	0.30846	0.52374	0.00218
V44	0.04416	0.07519	0.75012	0.13052
V45	0.13583	0.53371	0.27153	0.05894
V46	0.78363	0.04494	0.17143	0
V47	0.46509	0.16109	0.3461	0.02772
V48	0.79826	0.1305	0.04602	0.02522
V49	0.75166	0.15756	0.01023	0.08055
V50	0.10807	0.74422	0.14771	0
V51	0.34174	0.35639	0.30187	0
V52	0.05956	0.11091	0.79957	0.02996
V53	0.72164	0.08654	0.19181	0
V54	0.44149	0.1645	0.39401	0
V55	0.26198	0.10751	0.28301	0.3475
V56	0.12569	0	0.14368	0.73063
V57	0.14458	0.77427	0.08115	0
V58	0.66631	0	0.06646	0.26723
V59	0.45877	0.35885	0.15592	0.02646
V60	0.17635	0.13715	0.3674	0.3191
V61	0.79731	0.0705	0.04697	0.08521
V62	0.84258	0.01002	0.12247	0.02493
V63	0.05541	0.75013	0.1874	0.00706
V64	0.052	0.82256	0.02393	0.10151
V65	0.078	0	0.15666	0.76534
V66	0.25899	0.62891	0.0667	0.0454
V67	0.18292	0.29289	0.52419	0
V68	0.23201	0.12835	0.0507	0.58894
V69	0.05649	0.28884	0.62892	0.02575
V70	0.55383	0.12139	0.22097	0.10382
V71	0.21176	0.05275	0.41688	0.31862
V72	0.59161	0.12593	0.13532	0.14714
V73	0.19186	0.55581	0.1929	0.05943
V74	0.08567	0.20008	0.71425	0
V75	0.6995	0	0.21923	0.08127
V76	0.01907	0.16749	0.2413	0.57214
V77	0.09544	0.28062	0.03181	0.59213
V78	0.35436	0.09079	0.22813	0.32671
V79	0.03337	0.10058	0.79502	0.07103
V80	0.37862	0.00351	0.55143	0.06643
V81	0.09131	0.15099	0.7577	0
V82	0.01241	0.08355	0.88953	0.0145
V83	0.19918	0.15977	0.11547	0.52557
V84	0.44507	0.01305	0.20748	0.3344
V85	0.14235	0.29048	0.43534	0.13182
V86	0.08382	0.05433	0.82092	0.04094
V87	0.07561	0.75692	0.1191	0.04837
V88	0.22264	0.03637	0.31774	0.42325
V89	0.08	0	0.25881	0.66119
V90	0.07285	0.79789	0.12584	0.00342
V91	0.07322	0.66813	0.24931	0.00935
V92	0.47934	0	0.40894	0.11172
V93	0.88377	0	0.01106	0.10517
V94	0.06013	0.43337	0.06223	0.44427
V95	0.29312	0.38994	0.20213	0.11481
V96	0.154	0.08895	0.06261	0.69444
V97	0.67807	0.07549	0.24644	0
V98	0.71245	0.25621	0.01932	0.01202
V99	0.78245	0.02103	0.19556	0.00095
V100	0.11561	0.02958	0.82841	0.0264
V101	0.11816	0.06313	0	0.81871
V102	0.88252	0.03029	0.05043	0.03676
V103	0.06516	0.03383	0.15619	0.74483
V104	0.08323	0.84898	0.0642	0.00359
V105	0.10623	0.81947	0.0743	0
V106	0.15561	0.46716	0.36719	0.01004
V107	0.2188	0.18333	0.57181	0.02606
V108	0.18479	0.66703	0.14817	0
V109	0.04185	0.15352	0.6194	0.18524
V110	0.10241	0.78168	0.10293	0.01298
V111	0.86745	0	0.11675	0.01581
V112	0.17583	0.04668	0.46893	0.30857
V113	0.24796	0.08553	0.2253	0.44122
V114	0.31706	0.01403	0.13107	0.53784
V115	0.04151	0.67598	0.28252	0
V116	0.17691	0.28696	0.40383	0.1323
V117	0.68041	0.20965	0.07889	0.03105
V118	0.20909	0.53728	0.07628	0.17735
V119	0.19279	0.05999	0.09581	0.65142
V120	0.11623	0.07363	0.80213	0.00801
V121	0.61247	0.09632	0.13545	0.15576
V122	0.8831	0	0.0693	0.0476
V123	0.04074	0.49807	0.09336	0.36783
V124	0.68404	0.2524	0.01547	0.04809
V125	0.41394	0.36518	0.22088	0
V126	0.10329	0.13694	0.09671	0.66306
V127	0.22442	0.02466	0.3085	0.44242
V128	0.10666	0	0.16787	0.72547
V129	0.58538	0.19511	0.208	0.01151
V130	0.0399	0.58771	0.37238	0
V131	0.07051	0.83357	0.03903	0.0569
V132	0.86989	0	0.08089	0.04922
V133	0.86116	0	0.10729	0.03154
V134	0.15429	0.37046	0.17433	0.30092
V135	0.14938	0	0.23525	0.61537
V136	0.29725	0.37438	0.03809	0.29028
V137	0.64896	0.01075	0.28148	0.05881
V138	0.24968	0.36814	0.22189	0.16029
V139	0.38739	0.17856	0.23624	0.19781
V140	0.0982	0.08131	0.10711	0.71338
V141	0.09998	0.14802	0.56633	0.18567
V142	0.76968	0	0.23032	0
V143	0.46665	0.22968	0.10581	0.19785
V144	0.22295	0.13938	0.21502	0.42265
V145	0.01252	0.69841	0.28907	0
V146	0.15398	0	0.09359	0.75243
V147	0.86517	7e-05	0.07245	0.06232
V148	0.16839	0.06573	0.59754	0.16833
V149	0.28917	0.45125	0.25958	0
V150	0.12172	0.22661	0.59786	0.05381
V151	0.2505	0.57346	0.08051	0.09554
V152	0.26732	0.40026	0.26385	0.06856
V153	0.15401	0.6933	0.06746	0.08523
V154	0.27619	0.40904	0.31477	0
V155	0.48819	0.11947	0.31601	0.07632
V156	0.06395	0.13936	0.69848	0.0982
V157	0.33954	0.13577	0.34501	0.17969
V158	0.11085	0	0.10697	0.78218
V159	0.87036	0.04714	0.01547	0.06703
V160	0.70509	0	0.09495	0.19996
V161	0.28964	0	0.06905	0.6413
V162	0.11737	0.29	0.1276	0.46503
V163	0.13621	0.45899	0.21829	0.1865
V164	0.37868	0.27833	0.14521	0.19778
V165	0.0659	0.26915	0.00741	0.65754
V166	0.061	0.09325	0.12875	0.71701
V167	0.41963	0	0.0291	0.55127
V168	0.32215	0.51191	0.13204	0.0339
V169	0.26841	0.03206	0.08373	0.6158
V170	0.15192	0.01109	0.55862	0.27837
V171	0.16584	0.22494	0.59324	0.01598
V172	0.69928	0	0.29069	0.01003
V173	0.09154	0.13802	0.08875	0.68169
V174	0.06736	0.15939	0.12774	0.64552
V175	0.10452	0.00849	0.78807	0.09891
V176	0.04359	0.72666	0.22975	0
V177	0.06184	0.88406	0.03084	0.02327
V178	0.04709	0.72742	0.05522	0.17027
V179	0.21438	0	0.4221	0.36351
V180	0.06777	0.79186	0.14037	0
V181	0.19967	0.12186	0.55415	0.12433
V182	0.32655	0.16316	0.4747	0.03559
V183	0.22127	0.72068	0.05805	0
V184	0.91746	0	0.08254	0
V185	0.58695	0.35208	0.06092	5e-05
V186	0.15594	0.44102	0.30846	0.09458
V187	0.88457	0	0.09002	0.02542
V188	0.12508	0.23724	0	0.63768
V189	0.80911	0	0.05782	0.13307
V190	0.64796	0	0.34091	0.01113
V191	0.21945	0.19321	0.57225	0.01509
V192	0.34189	0.42428	0.0914	0.14243
V193	0.61133	0.00676	0.27475	0.10716
V194	0.08606	0.8354	0.05669	0.02184
V195	0.0604	0.04741	0.86824	0.02396
V196	0.08127	0.07957	0.05433	0.78483
V197	0.47897	0.01773	0.06076	0.44253
V198	0.10236	0.4618	0.40721	0.02864
V199	0.23517	0	0.23157	0.53326
V200	0.17676	0.53392	0.05601	0.23331
V201	0.13483	0.51152	0.24067	0.11298
V202	0.05389	0.02842	0.78058	0.13711
V203	0.19713	0.38517	0.41771	0
V204	0.05125	0.52123	0.04452	0.383
V205	0.0599	0.07296	0.84468	0.02246
V206	0.08514	0.10378	0.81108	0
V207	0.1997	0.18127	0.09218	0.52685
V208	0.2769	0.0643	0.6588	0
V209	0.33993	0.42411	0.11132	0.12464
V210	0.12926	0.68867	0.15215	0.02992
V211	0.48323	0	0.06527	0.4515
V212	0.51287	0.02655	0.44496	0.01562
V213	0.65486	0	0.15468	0.19047
V214	0.37332	0.14011	0.20642	0.28014
V215	0.36286	0.07808	0.04743	0.51162
V216	0.1398	0	0.08866	0.77155
V217	0.07786	0.46358	0.28235	0.17621
V218	0.13643	0.42226	0.21687	0.22444
V219	0.15452	0.60086	0.05029	0.19432
V220	0.04847	0.7769	0.05969	0.11494
V221	0.80575	0	0.03592	0.15833
V222	0.34608	0.11741	0.3921	0.14441
V223	0.03285	0.1445	0.76125	0.0614
V224	0.91	0	0.09	0
V225	0.10138	0.77593	0.12269	0
V226	0.32939	0.07715	0.59346	0
V227	0.76201	0	0.22212	0.01587
V228	0.76107	0.03737	0.11157	0.08999
V229	0.06308	0.0383	0.86305	0.03557
V230	0.09489	0.02839	0.09579	0.78093
V231	0.05581	0.27633	0.16115	0.50671
V232	0.09201	0.64181	0.01343	0.25275
V233	0.57552	0.06396	0.23872	0.1218
V234	0.08495	0.81021	0.09673	0.00811
V235	0.39466	0.05203	0.53617	0.01713
V236	0.08133	0.07813	0.77771	0.06283
V237	0.24057	0	0.07666	0.68277
V238	0.16762	0.50217	0.31007	0.02014
V239	0.11919	0.39148	0.05345	0.43588
V240	0.49921	0.02437	0.44068	0.03573
V241	0.05828	0.00919	0.87173	0.0608
V242	0.17058	0.67776	0.15167	0
V243	0.27017	0.03815	0.63243	0.05925
V244	0.23995	0	0.69268	0.06738
V245	0.60861	0.2517	0.09588	0.0438
V246	0.0922	0.15222	0.74667	0.0089
V247	0.19042	0.03011	0.77947	0
V248	0.10214	0.02561	0.11652	0.75573
V249	0.00569	0.06366	0.86756	0.06309
V250	0.743	0	0.24609	0.01091
V251	0.89543	0.0258	0.05647	0.0223
V252	0.04299	0.74749	0.20951	0
V253	0.41234	0.04544	0.20709	0.33513
V254	0.05391	0.82521	0.12087	0
V255	0.09472	0.84559	0.02627	0.03342
V256	0.20831	0.19999	0.52969	0.06201
V257	0.45161	0.07878	0.27142	0.19819
V258	0.21026	0.24526	0.44764	0.09685
V259	0.06955	0.27857	0.63444	0.01744
V260	0.00948	0.27541	0.71511	0
V261	0.62545	0.00255	0.23962	0.13238
V262	0.18385	0.05024	0.05306	0.71284
V263	0.06942	0.87404	0.03062	0.02591
V264	0.20918	0.02337	0.46778	0.29967
V265	0.10201	0	0.18782	0.71017
V266	0.65977	0.28799	0.05223	0
V267	0.01251	0.17954	0.34311	0.46484
V268	0.43657	0	0.18563	0.3778
V269	0.03385	0.51393	0.4305	0.02173
V270	0.64278	0	0.28206	0.07516
V271	0.78806	0.03701	0.07667	0.09826
V272	0.09956	0.76101	0.06147	0.07796
V273	0.14878	0.00323	0.10434	0.74365
V274	0.69345	0	0.2102	0.09635
V275	0.01277	0.05633	0.89831	0.03259
V276	0.53207	0.29672	0.04344	0.12776
V277	0.07943	0.20218	0.21313	0.50526
V278	0.0886	0.04763	0.34526	0.5185
V279	0.69048	0.02805	0.1561	0.12537
V280	0.11085	0	0.10697	0.78218
V281	0.57293	0	0.18428	0.24279
V282	0.09284	0.07818	0.77903	0.04996
V283	0.25046	0.52837	0.1072	0.11397
V284	0.07328	0.8008	0.12592	0
V285	0.10716	0.01661	0.87623	0
V286	0.28079	0.49234	0.1578	0.06907
V287	0.14411	0.77715	0.06673	0.012
V288	0.04333	0.26934	0.46462	0.22271
V289	0.30677	0.20054	0.43983	0.05287
V290	0.81971	0.11641	0.06388	0
V291	0.49465	0.05484	0.44821	0.0023
V292	0.90621	0	0.01575	0.07804
V293	0.31984	0.01181	0.64119	0.02717
V294	0.14613	0.37056	0	0.48331
V295	0.05746	0.17236	0.24541	0.52476
V296	0.20851	0.11585	0.6101	0.06554
V297	0.15948	0	0.12505	0.71548
V298	0.31925	0.09454	0.5862	0
V299	0.12838	0.2687	0.04088	0.56205
V300	0.025	0.02146	0.29813	0.65542
V301	0.15582	0.11077	0.64324	0.09017
V302	0.67237	0.29234	0.0246	0.01068
V303	0.01579	0.553	0.42405	0.00716
V304	0.09315	0.03124	0.74484	0.13077
V305	0.1572	0.15226	0.48555	0.20499
V306	0.7842	0.06357	0.09791	0.05433
V307	0.06852	0.83718	0.07728	0.01703
V308	0.26182	0.21036	0.33062	0.1972
V309	0.3771	0.28836	0.0542	0.28034
V310	0.12083	0.30322	0.19722	0.37872
V311	0.53816	0.40892	0.05209	0.00083
V312	0.14056	0.65948	0.19996	0
V313	0.02742	0.11378	0.07224	0.78656
V314	0.04947	0.4614	0.1588	0.33033
V315	0.16411	0.5806	0.07883	0.17646
V316	0.33415	0.11867	0.41214	0.13503
V317	0.12989	0.64497	0.09641	0.12872
V318	0.08175	0.53257	0.0491	0.33658
V319	0.09356	0.07287	0.80225	0.03132
V320	0.11163	0.14224	0.64881	0.09733
V321	0.65059	0.2973	0.0521	0
V322	0.2414	0.30208	0.10804	0.34848
V323	0.13411	0	0.1524	0.71349
V324	0.65922	0.21215	0.11768	0.01095
V325	0.33337	0.5608	0.10582	0
V326	0.01093	0.54908	0.1454	0.29458
V327	0.06678	0.13954	0.159	0.63468
V328	0.08319	0.03217	0.74557	0.13907
V329	0.22651	0.0962	0.2172	0.4601
V330	0.4165	0	0.36148	0.22202
V331	0.40139	0.06269	0.08168	0.45425
V332	0.0554	0.03876	0.24344	0.66241
V333	0.43723	0.05677	0.41294	0.09306
V334	0.38491	0	0.38359	0.2315
V335	0.05387	0.31673	0.53429	0.0951
V336	0.21688	0.63919	0.06564	0.07829
V337	0.30917	0.35907	0.33176	0
V338	0.01747	0.88258	0.07882	0.02112
V339	0.15832	0	0.83735	0.00433
V340	0.0865	0.21775	0.54603	0.14972
V341	0.09662	0.0228	0.13177	0.74881
V342	0.27344	0	0.61898	0.10758
V343	0.89642	0.00716	0.05975	0.03667
V344	0.66637	0.11481	0.21882	0
V345	0.06547	0.05147	0.88306	0
V346	0.27035	0.09848	0.32185	0.30933
V347	0.11594	0	0.18263	0.70143
V348	0.09108	0.60048	0.19628	0.11215
V349	0.36227	0.14708	0.40839	0.08226
V350	0.06173	0.71302	0.22525	0
V351	0.06259	0.02526	0.4433	0.46886
V352	0.08394	0.02689	0.82462	0.06454
V353	0.83979	0	0.08357	0.07664
V354	0.08325	0.62429	0.27622	0.01624
V355	0.30112	0.06337	0.48209	0.15343
V356	0.1079	0.00055	0.16404	0.72751
V357	0.14572	0.31054	0.31879	0.22495
V358	0.56886	0.07638	0.0859	0.26886
V359	0.60319	0.02455	0.06894	0.30331
V360	0.56114	0.36607	0.06834	0.00445
V361	0.00798	0.41826	0.57376	0
V362	0.00846	0.88234	0.09177	0.01743
V363	0.20267	0.10901	0.49182	0.1965
V364	0.18701	0.06355	0.67446	0.07497
V365	0.33683	0	0.04611	0.61706
V366	0.11694	0.62594	0.13669	0.12042
V367	0.6015	0.11398	0.0245	0.26001
V368	0.12913	0.66205	0.13969	0.06913
V369	0.04919	0.36296	0.58786	0
V370	0.31818	0.24848	0.43281	0.00053
V371	0.2259	0.65057	0.07764	0.04588
V372	0.22787	0.03209	0.17296	0.56708
V373	0.11564	0.1344	0.49934	0.25062
V374	0.75655	0	0.24345	0
V375	0.10737	0.02237	0.20251	0.66776
V376	0.10512	0.01545	0.16052	0.71891
V377	0.78468	0	0.03815	0.17717
V378	0.04707	0.02732	0.45526	0.47034
V379	0.38779	0.1764	0.03441	0.4014
V380	0.20585	0.05685	0.24864	0.48866
V381	0.72556	0	0.12868	0.14576
V382	0.11848	0.04746	0.83407	0
V383	0.80511	0	0.08646	0.10843
V384	0.56874	0.0498	0.17404	0.20742
V385	0.81454	0	0.11985	0.06561
V386	0.35218	0	0.18738	0.46044
V387	0.57862	0.12132	0.23004	0.07002
V388	0.39297	0.29551	0.18567	0.12585
V389	0.4416	0.46079	0.05278	0.04482
V390	0.30735	0.22561	0.46704	0
V391	0.46718	0.08047	0.04478	0.40757
V392	0.4382	0.19485	0.20448	0.16247
V393	0.30069	0.20796	0.37588	0.11548
V394	0.14398	0.21587	0.15782	0.48233
V395	0.24987	0.35768	0.24204	0.15041
V396	0.05555	0.85351	0.0646	0.02634
V397	0.75061	0.05739	0.15043	0.04158
V398	0.47256	0.11276	0.13628	0.2784
V399	0.22455	0.49876	0.19961	0.07708
V400	0.01722	0.5653	0.11544	0.30203
V401	0.06366	0.15896	0.71751	0.05987
V402	0.78583	0.12857	0.0856	0
V403	0.09743	0.00705	0.14385	0.75168
V404	0.12117	0.18956	0.6176	0.07167
V405	0.27783	0.00598	0.22014	0.49605
V406	0.6444	0.213	0.05329	0.08932
V407	0.01747	0.88258	0.07882	0.02112
V408	0.1223	0.23202	0.43086	0.21482
V409	0.03648	0.02007	0.12068	0.82277
V410	0.13303	0.7664	0.08964	0.01093
V411	0.50108	0	0	0.49892
V412	0.19304	0.06933	0.52298	0.21464
V413	0.09141	0.45604	0.22875	0.22379
V414	0.06561	0.46894	0.37177	0.09368
V415	0.4684	0.00663	0.27313	0.25184
V416	0.04882	0.09046	0.86071	0
V417	0.40711	0.53904	0.05385	0
V418	0.13126	0.09277	0.1945	0.58147
V419	0.10147	0	0.1152	0.78333
V420	0.00448	0.84216	0.07832	0.07504
V421	0.18783	0.04204	0.67871	0.09143
V422	0.13636	0.0658	0.04131	0.75652
V423	0.11561	0.02958	0.82841	0.0264
V424	0.00835	0.0596	0.66055	0.2715
V425	0.08605	0.22973	0.60445	0.07976
V426	0.12475	0.05508	0.76438	0.0558
V427	0.10392	0.37575	0.23853	0.2818
V428	0.13037	0.69656	0.11114	0.06193
V429	0.09547	0	0.12241	0.78212
V430	0.73821	0.1346	0.05519	0.07199
V431	0.21901	0.01381	0.48628	0.2809
V432	0.17972	0.08096	0.09531	0.64401
V433	0.10039	0.70256	0.02191	0.17514
V434	0.39049	0.05388	0.09223	0.46339
V435	0.53485	0	0.15621	0.30894
V436	0.42609	0	0.15438	0.41953
V437	0.2898	0.21469	0.02555	0.46996
V438	0.61959	0.1326	0.06616	0.18166
V439	0.11074	0.10052	0.03994	0.7488
V440	0.52878	0.00574	0.07095	0.39453
V441	0.10106	0.12996	0.6107	0.15828
V442	0.34276	0.31168	0.17546	0.1701
V443	0.7314	0	0.12427	0.14434
V444	0.06547	0.05147	0.88306	0
V445	0.60285	0.0019	0.37009	0.02517
V446	0.07543	0.75122	0.11748	0.05588
V447	0.61858	0.07096	0.22045	0.09001
V448	0.06753	0.05785	0.24985	0.62476
V449	0.55904	0.02257	0.33093	0.08745
V450	0.17798	0.75274	0.06928	0
V451	0.89269	0.03455	0.02214	0.05062
V452	0.11491	0	0.14035	0.74474
V453	0.77724	0.04607	0.11472	0.06196
V454	0.01469	0.84618	0.12473	0.0144
V455	0.59249	0.01466	0.33776	0.05509
V456	0.34491	0.10854	0.41128	0.13526
V457	0.03323	0.04895	0.08721	0.83061
V458	0.32193	0.21265	0.0244	0.44102
V459	0.04764	0.72645	0.15557	0.07033
V460	0.87449	0	0.0845	0.04101
V461	0.15694	0.03296	0.04686	0.76324
V462	0.39939	0.23306	0	0.36755
V463	0.27984	0.42829	0.20515	0.08672
V464	0.54934	0.07541	0.02435	0.35089
V465	0.42773	0.38366	0.0626	0.12601
V466	0.60446	0.16074	0.0278	0.207
V467	0.34214	0.50783	0.13326	0.01677
V468	0.5113	0.35233	0.09799	0.03838
V469	0.05205	0.17461	0.33627	0.43707
V470	0.54713	0.10168	0.22135	0.12984
V471	0.32777	0.08947	0.07033	0.51243
V472	0.37274	0.31564	0	0.31163
V473	0.13452	0.49053	0.37495	0
V474	0.19119	0	0.1486	0.66021
V475	0.22454	0.37406	0.11949	0.28191
V476	0.23755	0	0.10904	0.65341
V477	0.59763	0.01443	0.2478	0.14015
V478	0.17718	0.55216	0.03751	0.23316
V479	0.04296	0.09941	0.78685	0.07078
V480	0.13204	0.2987	0.08509	0.48416
V481	0.17599	0.02801	0.78585	0.01015
V482	0.67657	0.13243	0.15945	0.03155
V483	0.1943	0.09762	0.12164	0.58644
V484	0.09532	0.07073	0.0809	0.75304
V485	0.16559	0.67693	0.05506	0.10242
V486	0.30518	0.24562	0.16796	0.28125
V487	0.15015	0.02996	0.14418	0.67571
V488	0.01572	0.01207	0.88453	0.08768
V489	0.23627	0.10333	0.6604	0
V490	0.37174	0.2886	0.10588	0.23378
V491	0.4622	0.41411	0.07856	0.04513
V492	0.06651	0.7401	0.19339	0
V493	0.15251	0	0	0.84749
V494	0.21998	0.14984	0.53198	0.0982
V495	0.25437	0.55206	0.19357	0
V496	0.31469	0.62917	0.0276	0.02854
V497	0.06481	0.00124	0.90486	0.02908
V498	0.36757	0.08648	0.09012	0.45584
V499	0.60636	0.22417	0.16947	0
V500	0.1347	0.12755	0.71041	0.02734
V501	0.0311	0	0.1409	0.82799
V502	0.54723	0.24309	0.20072	0.00896
V503	0.246	0.08595	0.24571	0.42233
V504	0.26959	0.62755	0.05718	0.04568
V505	0.23301	0.20316	0.29228	0.27155
V506	0.11955	0.24381	0.47725	0.15939
V507	0.61045	0.07821	0.16394	0.1474
V508	0.73223	0.13482	0.08624	0.0467
V509	0.25675	0.0572	0.52469	0.16135
V510	0.2465	0.45457	0.29893	0
V511	0.09299	0.40322	0.08774	0.41605
V512	0.3051	0.02628	0.13061	0.53801
V513	0.11432	0.58001	0.26439	0.04128
V514	0.09073	0.08679	0.00711	0.81537
V515	0.75223	0.03664	0.09216	0.11897
V516	0.8945	0.06515	0.02471	0.01564
V517	0.09708	0.0135	0.30633	0.58309
V518	0.91994	0.02931	0.02013	0.03062
V519	0.06857	0.79903	0.05493	0.07747
V520	0.06741	0	0.64935	0.28324
V521	0.55527	0.03148	0.39086	0.02239
V522	0.03168	0.13235	0.60432	0.23165
V523	0.37688	0.11272	0.29422	0.21618
V524	0.03899	0.69853	0.25126	0.01123
V525	0.30951	0.1928	0.05695	0.44073
V526	0.64562	0.05507	0.11773	0.18157
V527	0.24543	0.01018	0.43522	0.30917
V528	0.14442	0.78743	0.03269	0.03546
V529	0.11611	0.05396	0.27407	0.55587
V530	0.03164	0.20615	0.68148	0.08073
V531	0.05654	0.76942	0.17404	0
V532	0.22254	0.31393	0.05703	0.4065
V533	0.31051	0.32466	0.1767	0.18814
V534	0.04448	0.02623	0.72172	0.20758
V535	0.58457	0	0.03319	0.38224
V536	0.23503	0	0.40449	0.36048
V537	0.58149	0.22007	0.19844	0
V538	0.49157	0.02671	0.13082	0.35091
V539	0.29312	0.38994	0.20213	0.11481
V540	0.23655	0.61758	0.12829	0.01758
V541	0.05137	0.48848	0.11147	0.34868
V542	0.23876	0.11996	0.29363	0.34765
V543	0.84687	0	0.04953	0.1036
V544	0.16248	0.0801	0.22155	0.53587
V545	0.40478	0.12533	0.10727	0.36262
V546	0.0907	0.7771	0.1322	0
V547	0.07238	0.57214	0.35548	0
V548	0.18838	0.67052	0.14111	0
V549	0.33721	0.03358	0.62404	0.00518
V550	0.63614	0.00526	0	0.3586
V551	0.21505	0.65979	0.08814	0.03702
V552	0.01324	0.52338	0.05106	0.41233
V553	0.24977	0.14568	0.60455	0
V554	0.13413	0.08254	0.06819	0.71514
V555	0.12572	0.22267	0.37023	0.28138
V556	0.00531	0.05935	0.88987	0.04547
V557	0.80908	0.00121	0.04738	0.14233
V558	0.10914	0.71832	0.07958	0.09296
V559	0.04205	0.71456	0.24339	0
V560	0.69478	0.26896	0.02909	0.00716
V561	0.01277	0.05633	0.89831	0.03259
V562	0.75323	0	0.15363	0.09313
V563	0.26546	0.00056	0.72912	0.00486
V564	0.09652	0.09375	0.80429	0.00544
V565	0.15589	0.25004	0.40726	0.18682
V566	0.70917	0.07206	0.02819	0.19059
V567	0.25975	0.41863	0.05913	0.26249
V568	0.30712	0	0.09482	0.59806
V569	0.71629	0.00583	0	0.27788
V570	0.05489	0.27948	0.62182	0.04381
V571	0.80684	0.09738	0.02466	0.07112
V572	0.45388	0	0.46186	0.08426
V573	0.13238	0.16795	0.0321	0.66757
V574	0.07476	0.69558	0.22965	0
V575	0.07014	0.07917	0.18301	0.66768
V576	0.1929	0.71048	0.09662	0
V577	0.09776	0.03359	0.26697	0.60169
V578	0.0914	0.07678	0.68361	0.14821
V579	0.04299	0.784	0.16095	0.01205
V580	0.22052	0	0.15939	0.62009
V581	0.15739	0.08531	0.00962	0.74768
V582	0.59449	0.12436	0.06513	0.21602
V583	0.03585	0.05546	0.62303	0.28565
V584	0.51427	0.13933	0.32609	0.02031
V585	0.05471	0.00836	0.49117	0.44576
V586	0.26034	0.01093	0.65243	0.07631
V587	0.2873	0.01511	0.67723	0.02036
V588	0.64946	0.01517	0.05959	0.27578
V589	0.09764	0.72916	0.12605	0.04715
V590	0.08232	0.67376	0.24392	0
V591	0.02493	0.03017	0.27036	0.67454
V592	0.18079	0.04585	0.77336	0
V593	0.58838	0	0.21143	0.20019
V594	0.35166	0.26364	0.36529	0.01942
V595	0.11949	0.02237	0.08914	0.76899
V596	0.07204	0.27752	0.27167	0.37877
V597	0.00953	0.54345	0.3898	0.05721
V598	0.05425	0.13165	0.80778	0.00633
V599	0.62372	0.27481	0.08163	0.01984
V600	0.38132	0.42653	0.09345	0.0987
V601	0.21055	0.26262	0.12213	0.4047
V602	0.12658	0.03248	0.06171	0.77924
V603	0.0523	0.36192	0.05339	0.53239
V604	0.5113	0.10475	0.36969	0.01426
V605	0.09649	0.31467	0.43007	0.15877
V606	0.72187	0.12641	0.04209	0.10963
V607	0.65164	0	0.14529	0.20307
V608	0.24827	0.15361	0.41038	0.18774
V609	0.06289	0.23585	0.28336	0.4179
V610	0.74804	0	0.13428	0.11768
V611	0.34869	0	0.0899	0.56141
V612	0.05447	0.10807	0.78121	0.05625
V613	0.07044	0.31456	0.59957	0.01543
V614	0.74587	0.0367	0.09154	0.12588
V615	0.21552	0.04832	0.03275	0.70341
V616	0.1194	0.64657	0.09643	0.1376
V617	0.46929	0.13932	0.39139	0
V618	0.74787	0	0	0.25213
V619	0.41017	0.01156	0.35271	0.22555
V620	0.0399	0.58771	0.37238	0
V621	0.44332	0.13645	0.21315	0.20708
V622	0.37046	0.20717	0.41952	0.00286
V623	0.06894	0.06883	0.20263	0.6596
V624	0.79151	0.16262	0.0228	0.02308
V625	0.29407	0.44766	0.14367	0.11461
V626	0.90989	0.0204	0.01936	0.05035
V627	0.02162	0.01776	0.15753	0.80309
V628	0.03078	0.22344	0.06101	0.68477
V629	0.16038	0.27857	0.31733	0.24372
V630	0.0688	0.31522	0.59228	0.0237
V631	0.06255	0.19051	0.15698	0.58996
V632	0.59419	0	0.16339	0.24242
V633	0.00716	0.05797	0.83341	0.10147
V634	0.40228	0.23512	0.3626	0
V635	0.06821	0.7118	0.04791	0.17208
V636	0.15615	0.11001	0.63576	0.09808
V637	0.34574	0.1817	0.12693	0.34563
V638	0.40659	0.23596	0.1056	0.25186
V639	0.28455	0.37599	0.33946	0
V640	0.06599	0.1602	0.73627	0.03755
V641	0.83973	0.01413	0.07557	0.07057
V642	0.76383	0.1462	0.01594	0.07403
V643	0.03359	0.18925	0.48768	0.28947
V644	0.87061	0.05073	0.0497	0.02896
V645	0.28422	0.36751	0.34827	0
V646	0.06381	0.8527	0.06988	0.01361
V647	0.17558	0.09489	0.68629	0.04324
V648	0.42698	0.38215	0.18583	0.00504
V649	0.05834	0.08267	0.80699	0.052
V650	0.09123	0.10415	0.75025	0.05437
V651	0.32533	0	0.66933	0.00534
V652	0.1314	0.08946	0.47087	0.30827
V653	0.16147	0.59815	0.155	0.08538
V654	0.6812	0.16638	0.10287	0.04955
V655	0.08024	0.54102	0.06268	0.31606
V656	0.26352	0.25868	0.03423	0.44357
V657	0.10286	0.07889	0.0458	0.77245
V658	0.59963	0.18167	0.09739	0.12131
V659	0.34955	0.07772	0.39339	0.17934
V660	0.0789	0.8658	0.03053	0.02476
V661	0.10369	0.4031	0.0967	0.39652
V662	0.42376	0.00601	0.48597	0.08426
V663	0.26317	0.07251	0.57289	0.09143
V664	0.22744	0.07272	0.66579	0.03405
V665	0.67855	0.15733	0.08019	0.08392
V666	0.59787	0	0.12704	0.27509
V667	0.74612	0.04445	0.20943	0
V668	0.15464	0.7042	0.14116	0
V669	0.25676	0.37299	0.2923	0.07795
V670	0.12544	0.83095	0.02693	0.01668
V671	0.37417	0.25893	0.29498	0.07191
V672	0.05881	0.05014	0.85162	0.03944
V673	0.25938	0.33654	0.27159	0.13249
V674	0.7136	0.11819	0.05096	0.11725
V675	0.16809	0.3075	0.35648	0.16792
V676	0.08096	0.10821	0.16088	0.64994
V677	0.40173	0.35864	0.14065	0.09897
V678	0.52798	0.41025	0.06177	0
V679	0.08045	0.29345	0.62611	0
V680	0.33032	0.48182	0.18786	0
V681	0.85287	0.04095	0.05634	0.04984
V682	0.14416	0.28223	0.55976	0.01386
V683	0.06192	0.85305	0.08504	0
V684	0.67819	0.13037	0.14099	0.05045
V685	0.4994	0.30099	0.17149	0.02812
V686	0.14245	0.17609	0.19884	0.48262
V687	0.12609	0	0.10009	0.77382
V688	0.40742	0.46508	0.01964	0.10787
V689	0.31701	0	0.07879	0.6042
V690	0.47233	0.03322	0.44398	0.05047
V691	0.18661	0.00543	0.80378	0.00418
V692	0.1122	0.14567	0.69143	0.05071
V693	0.26349	0.10141	0.4008	0.2343
V694	0.05279	0.02097	0.34918	0.57705
V695	0.29813	0	0.19695	0.50493
V696	0.15833	0.08263	0.05023	0.70881
V697	0.08679	0.06579	0.05749	0.78993
V698	0.8053	0	0.04364	0.15106
V699	0.56399	0.24809	0.11063	0.0773
V700	0.30951	0	0.03459	0.6559
V701	0.15048	0.48633	0.1583	0.20488
V702	0.57836	0.05348	0.03566	0.3325
V703	0.17231	0.04956	0.51705	0.26108
V704	0.7998	0.01933	0.06799	0.11288
V705	0.88433	0	0.05904	0.05662
V706	0.11415	0.06312	0.75331	0.06942
V707	0.0714	0.39755	0.5176	0.01345
V708	0.07869	0.78743	0.07756	0.05632
V709	0.16397	0.25077	0.53282	0.05243
V710	0.60117	0.18143	0.08715	0.13024
V711	0.13039	0.70224	0.15407	0.0133
V712	0.80813	0.02945	0.03448	0.12795
V713	0.45778	0.26898	0.06673	0.20651
V714	0.0416	0.62992	0.0709	0.25758
V715	0.32014	0.30226	0.33739	0.04021
V716	0.11571	0.0336	0.10953	0.74117
V717	0.12645	0.8332	0.03355	0.00681
V718	0.1807	0.50427	0.22954	0.08549
V719	0.0975	0.65092	0.08696	0.16462
V720	0.67824	0	0.25637	0.06539
V721	0.15618	0.16248	0.4946	0.18674
V722	0.14619	0.32887	0.03996	0.48498
V723	0.19117	0.08035	0.03182	0.69666
V724	0.59702	0	0.12672	0.27626
V725	0.01386	0.11673	0.83505	0.03437
V726	0.07561	0.36739	0.16804	0.38895
V727	0.29135	0.56531	0.14334	0
V728	0.06864	0.77224	0.15912	0
V729	0.44405	0	0.19847	0.35747
V730	0.84574	0.00668	0.09737	0.05021
V731	0.05727	0.19708	0.43587	0.30979
V732	0.37209	0.06626	0.38193	0.17972
V733	0.6408	0.15849	0.0696	0.13111
V734	0.25501	0.27441	0.47057	0
V735	0.05807	0.02995	0.52211	0.38987
V736	0.23111	0	0.03875	0.73013
V737	0.3463	0.26106	0.27689	0.11575
V738	0.10754	0.31257	0.47487	0.10503
V739	0.00301	0.02534	0.6516	0.32005
V740	0.80784	0.05851	0.122	0.01166
V741	0.50205	0.08126	0.16548	0.25122
V742	0.42239	0.51498	0.06264	0
V743	0.1677	0.14509	0.68646	0.00075
V744	0.51945	0.02409	0.36097	0.09549
V745	0.04645	0.62951	0.23968	0.08436
V746	0.94349	0	0	0.05651
V747	0.09502	0	0.73052	0.17445
V748	0.15631	0.10678	0.59553	0.14137
V749	0.33004	0.16188	0.08759	0.42049
V750	0.43553	0.40979	0.056	0.09868
V751	0.08876	0.77011	0.09868	0.04244
V752	0.4698	0.20131	0.17481	0.15408
V753	0.13297	0.04696	0	0.82007
V754	0.05409	0.86445	0.02993	0.05152
V755	0.18354	0.18721	0.37635	0.2529
V756	0.10989	0	0.12495	0.76516
V757	0.36302	0.51271	0.11454	0.00973
V758	0.08152	0.68309	0.1816	0.05379
V759	0.16713	0.05607	0.43973	0.33707
V760	0.32854	0.04277	0.31966	0.30904
V761	0.10067	0.51982	0.32209	0.05742
V762	0.02087	0.37942	0.0578	0.54191
V763	0.41455	0.32225	0.05715	0.20605
V764	0.05104	0.83577	0.06293	0.05027
V765	0.69676	0.06642	0	0.23682
V766	0.04321	0.30864	0.47236	0.17579
V767	0.48501	0.10741	0.27915	0.12843
V768	0.10371	0.79988	0.08045	0.01596
V769	0.1836	0.72848	0.08792	0
V770	0.06381	0.8527	0.06988	0.01361
V771	0.19541	0.02648	0.76869	0.00941
V772	0.16537	0.06032	0.77431	0
V773	0.20427	0.73841	0.05685	0.00047
V774	0.06293	0.00251	0.89208	0.04249
V775	0.16788	0.02977	0.33098	0.47137
V776	0.44518	0.37132	0.09306	0.09044
V777	0.2285	0.10654	0.18688	0.47808
V778	0.53882	0.24163	0.10848	0.11107
V779	0.20533	0.03856	0.52283	0.23328
V780	0.14377	0.67088	0.18535	0
V781	0.13772	0.02487	0.08969	0.74772
V782	0.03346	0.13647	0.77498	0.05509
V783	0.76978	0	0.08979	0.14043
V784	0.15205	0.77686	0.0711	0
V785	0.08485	0.82484	0.06969	0.02062
V786	0.6952	0.13001	0.13187	0.04292
V787	0.0069	0.76338	0.22972	0
V788	0.50905	0.2639	0.19903	0.02802
V789	0.12046	0.35146	0.06275	0.46534
V790	0.49364	0	0.12086	0.3855
V791	0.16542	0.34584	0.36561	0.12313
V792	0.1788	0.50557	0.03494	0.28069
V793	0.16416	0.59801	0.08015	0.15768
V794	0.07977	0.09604	0.76182	0.06237
V795	0.18497	0.02912	0.1137	0.67221
V796	0.06316	0.10371	0.81042	0.02271
V797	0.72986	0	0.25553	0.01461
V798	0.6142	0.25118	0.12781	0.00681
V799	0.17421	0.69257	0.07878	0.05444
V800	0.11116	0.02403	0.54995	0.31486
V801	0.17821	0.11609	0.36753	0.33817
V802	0.08441	0.07907	0.32504	0.51148
V803	0.2429	0.45214	0.30496	0
V804	0.52383	0.00152	0.4146	0.06005
V805	0.07316	0.00535	0.9215	0
V806	0.09266	0.80875	0.06698	0.03162
V807	0.31296	0.1421	0.06754	0.4774
V808	0.65292	0.22909	0.08899	0.02899
V809	0.07881	0.06212	0.85907	0
V810	0.06772	0.88357	0.03123	0.01748
V811	0.4477	0.05686	0.24277	0.25267
V812	0.5522	0.23133	0.08783	0.12864
V813	0.58494	0.16888	0.2341	0.01209
V814	0.44758	0.45741	0.095	0
V815	0.02134	0.82845	0.15022	0
V816	0.8867	0	0.1133	0
V817	0.06707	0.09712	0.82388	0.01193
V818	0.03425	0.05808	0.1115	0.79616
V819	0.79133	0.05562	0.0977	0.05535
V820	0.20462	0.09238	0.05595	0.64705
V821	0.24246	0.29042	0.4171	0.05002
V822	0.10557	0.04328	0.82444	0.02671
V823	0.05246	0.19525	0.67853	0.07376
V824	0.11396	0.33799	0.54805	0
V825	0.2504	0.27003	0.29192	0.18765
V826	0.44093	0.35827	0.2008	0
V827	0.40501	0.52396	0.05802	0.01301
V828	0.27072	0.15583	0.15227	0.42118
V829	0.09379	0.23822	0.07894	0.58905
V830	0.27592	0.21698	0.05639	0.45071
V831	0.75354	0.06313	0.07175	0.11158
V832	0.29413	0.36233	0.21084	0.1327
V833	0.18167	0.45982	0.22708	0.13143
V834	0.34519	0.05617	0.12467	0.47397
V835	0.3773	0.39789	0.16387	0.06095
V836	0.04853	0.63617	0.05004	0.26526
V837	0.25074	0.34858	0.23187	0.16881
V838	0.87736	0.02178	0.08926	0.0116
V839	0.32197	0.52772	0.15031	0
V840	0.31943	0.62277	0.0578	0
V841	0.01276	0.07245	0.85861	0.05618
V842	0.37373	0.15154	0.29498	0.17976
V843	0.05432	0.04575	0.83547	0.06446
V844	0.15622	0.08636	0.4198	0.33762
V845	0.10115	0.12011	0.7254	0.05335
V846	0.0025	0.03632	0.78401	0.17717
V847	0.02534	0	0.13276	0.84191
V848	0.12484	0.46954	0.21914	0.18648
V849	0.01062	0.8794	0.07114	0.03884
V850	0.88708	0	0.06607	0.04685
V851	0.34996	0.45845	0.19159	0
V852	0.17269	0.03705	0.18608	0.60419
V853	0.26504	0.2118	0.42585	0.09731
V854	0.58824	0.1449	0.14534	0.12152
V855	0.02534	0	0.13276	0.84191
V856	0.07709	0.33559	0.39251	0.1948
V857	0.66607	0.148	0.06994	0.11598
V858	0.54341	0.00253	0.44481	0.00925
V859	0.65347	0.20361	0.05308	0.08984
V860	0.24988	0.10489	0.09511	0.55012
V861	0.11983	0.32517	0.555	0
V862	0.16536	0.09713	0.70144	0.03608
V863	0.27863	0.0547	0.00287	0.6638
V864	0.14861	0.02347	0.11379	0.71413
V865	0.17088	0	0.31538	0.51374
V866	0.69842	0	0.28514	0.01643
V867	0.69853	0.00968	0.28585	0.00594
V868	0.51164	0.24439	0.17745	0.06653
V869	0.07473	0.85122	0.06539	0.00867
V870	0.1567	0.32776	0.05055	0.46499
V871	0.01062	0.8794	0.07114	0.03884
V872	0.05969	0.00848	0.30964	0.62219
V873	0.83555	0.00461	0.1034	0.05644
V874	0.2258	0.68982	0.08439	0
V875	0.05565	0.19387	0.25435	0.49614
V876	0.18664	0.30449	0.43983	0.06904
V877	0.07779	0.37606	0.34245	0.2037
V878	0.16593	0.71146	0.1226	0
V879	0.22744	0.61662	0.09407	0.06187
V880	0.34032	0.49613	0.03969	0.12386
V881	0.17887	0.04656	0.61484	0.15973
V882	0.76374	0	0.15819	0.07807
V883	0.29184	0.18136	0.5268	0
V884	0.07664	0.28173	0.00115	0.64047
V885	0.69703	0.17146	0.13151	0
V886	0.04281	0.34664	0.49799	0.11256
V887	0.62585	0.04165	0.20084	0.13167
V888	0.13533	0.05997	0.72902	0.07569
V889	0.8603	0.02619	0.07	0.0435
V890	0.06391	0.15339	0.63333	0.14937
V891	0.60931	0.03346	0.31827	0.03896
V892	0.33497	0.17105	0.03407	0.45991
V893	0.56765	0.18538	0.1956	0.05137
V894	0.10084	0.29441	0.58947	0.01528
V895	0.58619	0.04466	0.23816	0.131
V896	0.08606	0.8354	0.05669	0.02184
V897	0.68571	0.21781	0.03893	0.05755
V898	0.50802	0	0.028	0.46398
V899	0.07107	0.19198	0.1944	0.54254
V900	0.11025	0.28359	0.4013	0.20485
V901	0.07791	0.76947	0.05181	0.10081
V902	0.09285	0.79218	0.11498	0
V903	0.03315	0.39315	0.55098	0.02271
V904	0.07706	0.88426	0.02615	0.01253
V905	0.21137	0	0.21794	0.57068
V906	0.43516	0.07337	0.14864	0.34283
V907	0.45042	0.45037	0.06266	0.03654
V908	0.06622	0.04538	0.13857	0.74983
V909	0.17636	0.73962	0.02886	0.05516
V910	0.22798	0	0.16185	0.61017
V911	0.52405	0.34314	0.07643	0.05638
V912	0.40501	0.29438	0.16568	0.13494
V913	0.20479	0	0.03682	0.75839
V914	0.21175	0.44312	0.33614	0.009
V915	0.29359	0	0.03172	0.67469
V916	0.26887	0.06012	0.63754	0.03348
V917	0.69254	0.00256	0.21056	0.09434
V918	0.07821	0.56944	0.28518	0.06717
V919	0.2285	0.22338	0.3327	0.21542
V920	0.60268	0.17238	0.13709	0.08785
V921	0.0913	0.15698	0.07589	0.67583
V922	0.13287	0.42282	0.425	0.01931
V923	0.16533	0	0.10879	0.72587
V924	0.07351	0.5978	0.3224	0.00629
V925	0.2555	0.01566	0.05011	0.67873
V926	0.27221	0	0.07823	0.64955
V927	0.0937	0.03508	0.12186	0.74936
V928	0.09212	0.80416	0.05369	0.05004
V929	0.09182	0.58469	0.18444	0.13905
V930	0.517	0.32683	0.07337	0.08281
V931	0.16424	0.26008	0.52422	0.05147
V932	0.06533	0.1231	0.62614	0.18543
V933	0.59901	0.33512	0.05861	0.00726
V934	0.04166	0.15458	0.32705	0.47671
V935	0.54781	0.14262	0.24958	0.06
V936	0.53824	0.24125	0.04879	0.17171
V937	0.55071	0.10809	0.12544	0.21576
V938	0.39959	0.03066	0.34408	0.22566
V939	0.7373	0	0.11498	0.14773
V940	0.06169	0.70467	0.21226	0.02138
V941	0.01903	0.0169	0.92771	0.03636
V942	0.71362	0.15611	0.11677	0.01349
V943	0.40073	0.12006	0.44149	0.03772
V944	0.05963	0.26334	0.11302	0.56401
V945	0.56611	0.31077	0.04719	0.07593
V946	0.457	0.23395	0.29505	0.01401
V947	0.13874	0.04172	0.28264	0.5369
V948	0.34864	0.03096	0.60744	0.01297
V949	0.01334	0.11689	0.26541	0.60436
V950	0.08809	0.49191	0.26164	0.15835
V951	0.78994	0	0.19894	0.01111
V952	0.11423	0.1289	0.31184	0.44502
V953	0.05292	0.07826	0.83223	0.0366
V954	0.0827	0.18075	0.19413	0.54241
V955	0.16539	0.55356	0.06705	0.214
V956	0.07905	0.02839	0.55057	0.34199
V957	0.40522	0	0	0.59478
V958	0.15251	0	0	0.84749
V959	0.25217	0.24264	0.45302	0.05217
V960	0.27634	0.25897	0.11691	0.34778
V961	0.16452	0.3544	0.38488	0.0962
V962	0.37135	0.15771	0.41695	0.05398
V963	0.57922	0.14742	0.2036	0.06976
V964	0.79492	0.00501	0.15123	0.04884
V965	0.0907	0.46488	0.23969	0.20473
V966	0.89255	0.00359	0.05411	0.04974
V967	0.09805	0.04717	0.55944	0.29534
V968	0.00748	0.16643	0.77046	0.05562
V969	0.05021	0.2825	0.08327	0.58402
V970	0.07096	0.12522	0.46587	0.33795
V971	0.49659	0.07427	0.36145	0.06768
V972	0.52172	0.1774	0.0852	0.21568
V973	0.30096	0.38279	0.11946	0.19679
V974	0.03648	0.70826	0.19372	0.06154
V975	0.12819	0.26886	0.60295	0
V976	0.45167	0.22183	0.15514	0.17135
V977	0.32993	0.31224	0.35783	0
V978	0.13375	0.08482	0.11981	0.66162
V979	0.7656	0	0.22392	0.01048
V980	0.94349	0	0	0.05651
V981	0.35791	0.02092	0.45906	0.16211
V982	0.45305	0.35137	0.12367	0.07192
V983	0.71363	0.03368	0.02789	0.2248
V984	0.05176	0.74588	0.17676	0.0256
V985	0.1404	0.18611	0.03095	0.64254
V986	0.34865	0.46729	0.09574	0.08831
V987	0.27869	0.67862	0.0367	0.00598
V988	0.28543	0	0.04913	0.66544
V989	0.45555	0.41174	0.13083	0.00188
V990	0.00565	0.07319	0.80415	0.11701
V991	0.65629	0.31461	0.01825	0.01085
V992	0.23643	5e-04	0.54834	0.21473
V993	0.10467	0.63995	0.22864	0.02674
V994	0.22316	0.69093	0.08591	0
V995	0.72308	0.0811	0.07007	0.12576
V996	0.3302	0.11101	0.03542	0.52337
V997	0.05456	0.03206	0.81583	0.09755
V998	0.82146	0	0.11159	0.06695
V999	0.16394	0.8016	0.03446	0
V1000	0.38701	0	0.00425	0.60874
