cytotoxic.CD56.dim.NK.cell	memory.CD4.pos.AB.T.cell	memory.B.cell	CD14.pos.CD16.neg.classical.monocyte
V1	0.60225	0.00415	0.15992	0.23368
V2	0.16172	0.08018	0.05449	0.70361
V3	0.05139	0.67543	0.01295	0.26023
V4	0.8677	0.11548	0	0.01683
V5	0.11073	0.51542	0.24139	0.13246
V6	0.06941	0.89739	0.01718	0.01602
V7	0.15181	0.38784	0.08058	0.37977
V8	0.14637	0.00018	0.82593	0.02752
V9	0.25612	0.24335	0.03765	0.46288
V10	0.023	0	0.9303	0.04671
V11	0.22121	0.36749	0.40686	0.00444
V12	0.02488	0.62605	0.33897	0.0101
V13	0.25541	0.72439	0.00464	0.01556
V14	0.06394	0.92428	0.0061	0.00568
V15	0.11725	0.64905	0.10739	0.12631
V16	0.92251	0.04001	0.01523	0.02225
V17	0.07912	0.89374	0.01103	0.01611
V18	0.58162	0.35528	0.03572	0.02738
V19	0.15073	0.83393	0.00505	0.01029
V20	0.16919	0.50097	0.01968	0.31016
V21	0.14686	0.02945	0.7971	0.02658
V22	0.01818	0.08009	0.22105	0.68068
V23	0.42114	0.02266	0.55098	0.00522
V24	0.9369	0.03321	0.02806	0.00183
V25	0.3769	0.23613	0.12411	0.26287
V26	0.40752	0.40787	0.01686	0.16775
V27	0.10595	0.05006	0.02672	0.81727
V28	0.00537	0.02756	0.96483	0.00225
V29	0.48382	0.01191	0.48085	0.02342
V30	0.1071	0.21256	0.28936	0.39098
V31	0.22547	0.18207	0.30546	0.287
V32	0.08498	0.02408	0.03912	0.85181
V33	0.04339	0.53812	0.34012	0.07837
V34	0.14626	0.01311	0.81372	0.02691
V35	0.15374	0.75768	0.06736	0.02121
V36	0.00866	0.01963	0.51567	0.45603
V37	0.59765	0.05713	0.08976	0.25546
V38	0.47074	0.00083	0.16959	0.35884
V39	0.16434	0.61074	0.11609	0.10883
V40	0.09331	0.84092	0.06511	0.00066
V41	0.0059	0.73167	0.04121	0.22121
V42	0.2488	0.01818	0.2178	0.51521
V43	0.13891	0.3508	0.48689	0.02341
V44	0.01764	0.04531	0.78396	0.1531
V45	0.09473	0.63818	0.19957	0.06752
V46	0.82272	0.06734	0.10508	0.00486
V47	0.48953	0.17677	0.29746	0.03625
V48	0.80814	0.17224	0.00371	0.01591
V49	0.75206	0.18558	0	0.06236
V50	0.06181	0.86436	0.0692	0.00463
V51	0.3241	0.41938	0.23481	0.02171
V52	0.03027	0.08339	0.85857	0.02777
V53	0.74789	0.11785	0.13323	0.00102
V54	0.45901	0.18035	0.34496	0.01567
V55	0.23964	0.11309	0.25026	0.39701
V56	0.04776	0.01169	0.09941	0.84114
V57	0.08981	0.88236	0.01769	0.01014
V58	0.68739	0.00534	0.03924	0.26804
V59	0.44601	0.42682	0.09268	0.03449
V60	0.14699	0.1374	0.34639	0.36922
V61	0.83341	0.09563	0.00892	0.06204
V62	0.89997	0.03239	0.05734	0.0103
V63	0.01454	0.86949	0.1002	0.01576
V64	0.00668	0.89175	0.00121	0.10037
V65	0.01659	0.00043	0.11988	0.8631
V66	0.20655	0.72908	0.016	0.04837
V67	0.16339	0.33831	0.48815	0.01015
V68	0.17182	0.14532	0.02675	0.65611
V69	0.02631	0.31671	0.61686	0.04012
V70	0.59402	0.13712	0.16895	0.09991
V71	0.18491	0.0524	0.39903	0.36367
V72	0.62405	0.14641	0.0874	0.14213
V73	0.14923	0.66313	0.1219	0.06574
V74	0.06546	0.21443	0.71907	0.00104
V75	0.75313	0.00124	0.1745	0.07113
V76	9e-04	0.1712	0.19579	0.63211
V77	0.03837	0.32	0.01287	0.62876
V78	0.3456	0.10004	0.18975	0.3646
V79	0.00952	0.06819	0.84408	0.07821
V80	0.39084	0.0042	0.53436	0.07061
V81	0.06446	0.14438	0.78518	0.00598
V82	0.00402	0.04323	0.94291	0.00984
V83	0.14725	0.17759	0.0779	0.59725
V84	0.44305	0.03296	0.16303	0.36097
V85	0.1161	0.3268	0.40861	0.14849
V86	0.05336	0.02211	0.8883	0.03623
V87	0.03029	0.87642	0.04455	0.04874
V88	0.18656	0.0434	0.28698	0.48306
V89	0.02095	0.00839	0.22566	0.74499
V90	0.02368	0.92006	0.04594	0.01032
V91	0.03179	0.78423	0.1622	0.02178
V92	0.50622	0.00931	0.3736	0.11087
V93	0.90822	0.01542	0	0.07637
V94	0.01547	0.49804	0.02367	0.46283
V95	0.26978	0.46448	0.1455	0.12023
V96	0.07787	0.10027	0.03318	0.78868
V97	0.71586	0.09492	0.18467	0.00456
V98	0.68245	0.30705	0	0.0105
V99	0.82431	0.04109	0.12965	0.00495
V100	0.08943	0.00713	0.88222	0.02121
V101	0.02888	0.04874	0.01377	0.90861
V102	0.93153	0.05312	0.00402	0.01133
V103	0.01201	0.04183	0.10907	0.83708
V104	0.02674	0.96036	0.00672	0.00617
V105	0.0536	0.92824	0.01266	0.0055
V106	0.12048	0.55138	0.29892	0.02922
V107	0.20551	0.18706	0.56823	0.03919
V108	0.14541	0.77407	0.07984	0.00068
V109	0.01632	0.14013	0.62896	0.21459
V110	0.05022	0.90307	0.03083	0.01587
V111	0.92903	0.00538	0.05959	0.00601
V112	0.14546	0.04238	0.45963	0.35253
V113	0.21253	0.09384	0.18766	0.50596
V114	0.27365	0.03747	0.0861	0.60278
V115	0.00752	0.78995	0.19767	0.00486
V116	0.15344	0.32567	0.3731	0.14779
V117	0.689	0.25534	0.02822	0.02744
V118	0.16291	0.62706	0.03197	0.17807
V119	0.12595	0.07216	0.05659	0.74529
V120	0.08957	0.04207	0.85522	0.01314
V121	0.64759	0.11548	0.08686	0.15007
V122	0.96522	0.01228	0.01062	0.01189
V123	0.00632	0.57028	0.04507	0.37833
V124	0.66283	0.29584	0	0.04133
V125	0.39799	0.43354	0.15356	0.01492
V126	0.04091	0.15502	0.05762	0.74646
V127	0.18636	0.03493	0.27574	0.50297
V128	0.03541	0.01048	0.12868	0.82543
V129	0.60948	0.22659	0.14266	0.02127
V130	0.00761	0.69506	0.29244	0.0049
V131	0.02284	0.91985	0.00099	0.05632
V132	0.95017	0.01039	0.02256	0.01689
V133	0.92854	0.01726	0.04348	0.01072
V134	0.11374	0.42991	0.12761	0.32874
V135	0.08779	0.0139	0.19842	0.69989
V136	0.2554	0.43317	0.01251	0.29892
V137	0.69925	0.02591	0.22505	0.04979
V138	0.22459	0.43459	0.17036	0.17046
V139	0.39384	0.1993	0.19346	0.21339
V140	0.03274	0.09018	0.06245	0.81462
V141	0.07109	0.13921	0.57386	0.21584
V142	0.81108	0.00571	0.18168	0.00153
V143	0.46667	0.26726	0.0643	0.20177
V144	0.18723	0.14899	0.17676	0.48703
V145	0.001	0.79661	0.19737	0.00503
V146	0.06511	0.01609	0.04336	0.87544
V147	0.93297	0.02314	0.01522	0.02867
V148	0.14539	0.05147	0.61156	0.19158
V149	0.26639	0.53843	0.19105	0.00414
V150	0.09354	0.23762	0.60338	0.06546
V151	0.20259	0.67121	0.03011	0.09609
V152	0.24281	0.47886	0.20219	0.07613
V153	0.09942	0.79726	0.0168	0.08652
V154	0.24994	0.4832	0.24507	0.02178
V155	0.52264	0.12964	0.2715	0.07622
V156	0.03762	0.1188	0.7298	0.11377
V157	0.34239	0.1448	0.31683	0.19598
V158	0.02918	0.00022	0.05248	0.91811
V159	0.89966	0.06474	0	0.0356
V160	0.74011	0.00502	0.06008	0.19478
V161	0.23507	0.00873	0.03878	0.71741
V162	0.06947	0.32927	0.08536	0.5159
V163	0.09824	0.54188	0.16032	0.19956
V164	0.3673	0.32338	0.10222	0.2071
V165	0.01023	0.30114	0.00769	0.68095
V166	0.01042	0.10235	0.08302	0.80421
V167	0.38766	0.00165	0.01291	0.59778
V168	0.28382	0.60618	0.06821	0.04179
V169	0.21102	0.0496	0.04501	0.69437
V170	0.12023	0.00953	0.55541	0.31483
V171	0.14227	0.23845	0.58754	0.03175
V172	0.74833	0.00245	0.24385	0.00537
V173	0.03017	0.15706	0.04968	0.76309
V174	0.01859	0.17651	0.08546	0.71944
V175	0.07282	0.00016	0.81402	0.113
V176	0.00746	0.84427	0.14335	0.00491
V177	0.00963	0.97645	0.00101	0.01291
V178	0.00599	0.81863	0.00689	0.16848
V179	0.18303	0.00374	0.40524	0.40799
V180	0.02748	0.90459	0.06717	0.00075
V181	0.18403	0.11476	0.56073	0.14048
V182	0.33211	0.17115	0.45069	0.04605
V183	0.17302	0.81657	0.00533	0.00507
V184	0.97512	0.00976	0.01263	0.0025
V185	0.55923	0.42598	0.01004	0.00475
V186	0.12232	0.52518	0.24854	0.10397
V187	0.95625	0.01315	0.02427	0.00633
V188	0.06211	0.26025	0.00708	0.67057
V189	0.85091	0.01914	0.01546	0.11449
V190	0.69456	0.00782	0.29243	0.00518
V191	0.20496	0.20029	0.56349	0.03126
V192	0.31097	0.49956	0.04648	0.143
V193	0.655	0.02497	0.22178	0.09824
V194	0.033	0.94432	0.00574	0.01694
V195	0.0173	0.0127	0.95974	0.01026
V196	0.01585	0.08193	0.02383	0.87839
V197	0.45731	0.04384	0.02907	0.46977
V198	0.06471	0.54513	0.34518	0.04499
V199	0.18565	0.02006	0.19021	0.60407
V200	0.12848	0.61785	0.01867	0.235
V201	0.09614	0.60845	0.17525	0.12015
V202	0.01889	0.00497	0.81418	0.16196
V203	0.16932	0.45666	0.35821	0.01581
V204	0.00674	0.59726	0.0095	0.38651
V205	0.02344	0.03597	0.92552	0.01507
V206	0.05566	0.07807	0.85953	0.00674
V207	0.14591	0.20238	0.05928	0.59243
V208	0.27961	0.04937	0.65985	0.01117
V209	0.31143	0.50049	0.06256	0.12552
V210	0.07944	0.81009	0.07571	0.03475
V211	0.46571	0.01279	0.03778	0.48373
V212	0.55234	0.02801	0.40345	0.0162
V213	0.68947	0.02484	0.1028	0.18289
V214	0.37033	0.15455	0.16626	0.30887
V215	0.32108	0.09606	0.02391	0.55896
V216	0.05056	0.00078	0.0427	0.90595
V217	0.04323	0.5435	0.22253	0.19074
V218	0.09989	0.49375	0.16364	0.24272
V219	0.10332	0.69129	0.01194	0.19344
V220	0.00613	0.87104	0.00615	0.11668
V221	0.84368	0.00653	0.00478	0.145
V222	0.35469	0.12213	0.36787	0.15531
V223	0.00886	0.12279	0.80011	0.06824
V224	0.96413	0.00927	0.02438	0.00222
V225	0.05224	0.89593	0.04696	0.00487
V226	0.34036	0.06797	0.58099	0.01068
V227	0.81731	0.00228	0.17006	0.01035
V228	0.8143	0.05859	0.0572	0.06991
V229	0.02413	0.00932	0.94325	0.02329
V230	0.0207	0.03761	0.04023	0.90147
V231	0.01595	0.30556	0.11697	0.56152
V232	0.04173	0.71058	0.00238	0.24531
V233	0.61925	0.07627	0.18774	0.11674
V234	0.03287	0.93163	0.02493	0.01057
V235	0.41524	0.04533	0.51591	0.02352
V236	0.05052	0.04709	0.83391	0.06848
V237	0.17691	0.01034	0.04184	0.77091
V238	0.13022	0.59688	0.23672	0.03618
V239	0.06742	0.44776	0.02293	0.46189
V240	0.53539	0.02649	0.40141	0.0367
V241	0.02171	0.00018	0.91556	0.06255
V242	0.12198	0.79305	0.07555	0.00942
V243	0.26937	0.02628	0.64012	0.06422
V244	0.22961	2e-05	0.69722	0.07315
V245	0.6134	0.30264	0.04285	0.04111
V246	0.06252	0.13867	0.77983	0.01898
V247	0.18687	0.012	0.79962	0.00151
V248	0.02734	0.03586	0.06194	0.87486
V249	0.00291	0.02409	0.91033	0.06266
V250	0.79472	0.00332	0.1966	0.00537
V251	0.94152	0.04758	0.00446	0.00644
V252	0.00975	0.86023	0.12925	0.00078
V253	0.40764	0.05977	0.16534	0.36724
V254	0.00818	0.94469	0.04162	0.0055
V255	0.04132	0.92834	0.00088	0.02945
V256	0.19436	0.20917	0.52321	0.07326
V257	0.47167	0.08724	0.23189	0.2092
V258	0.19385	0.27029	0.42672	0.10914
V259	0.03694	0.30415	0.62665	0.03227
V260	0.00236	0.297	0.69444	0.00619
V261	0.66834	0.02439	0.1841	0.12317
V262	0.10547	0.05806	0.02624	0.81023
V263	0.01662	0.96436	0.00088	0.01814
V264	0.18361	0.0246	0.45434	0.33745
V265	0.0354	0.00044	0.15861	0.80555
V266	0.63105	0.36182	0.00587	0.00127
V267	0.00086	0.17812	0.30371	0.5173
V268	0.42724	0.0177	0.1443	0.41076
V269	0.00672	0.60017	0.35582	0.03729
V270	0.69135	0.01762	0.22606	0.06498
V271	0.8361	0.05886	0.02802	0.07701
V272	0.04888	0.86186	0.01105	0.0782
V273	0.06232	0.02521	0.04996	0.86251
V274	0.74571	0.00125	0.16639	0.08664
V275	0.00434	0.01525	0.96858	0.01183
V276	0.52055	0.34941	0.00972	0.12032
V277	0.03682	0.21735	0.17092	0.5749
V278	0.03849	0.04735	0.31794	0.59622
V279	0.73891	0.0488	0.10021	0.11208
V280	0.02918	0.00022	0.05248	0.91811
V281	0.59564	0.02475	0.13418	0.24544
V282	0.0622	0.04792	0.83866	0.05122
V283	0.20794	0.62314	0.05405	0.11488
V284	0.02481	0.92231	0.04776	0.00512
V285	0.0862	0.00245	0.90923	0.00212
V286	0.24503	0.58558	0.09563	0.07375
V287	0.08928	0.8837	0.01097	0.01606
V288	0.01535	0.2872	0.44294	0.25452
V289	0.30696	0.217	0.41335	0.06269
V290	0.81438	0.17251	0.01162	0.00149
V291	0.52857	0.05608	0.40533	0.01003
V292	0.9469	0.01066	0	0.04245
V293	0.32534	0.00492	0.63773	0.03201
V294	0.09121	0.40938	0.00463	0.49478
V295	0.01679	0.1809	0.20481	0.59749
V296	0.19541	0.10467	0.62597	0.07395
V297	0.08295	4e-04	0.08825	0.8284
V298	0.32792	0.08812	0.57339	0.01057
V299	0.071	0.30554	0.01873	0.60473
V300	0.00145	0.02706	0.25578	0.71571
V301	0.13225	0.09428	0.67078	0.10269
V302	0.64002	0.34951	0	0.01047
V303	0.00068	0.63646	0.3397	0.02316
V304	0.06071	0.01033	0.77727	0.15169
V305	0.13281	0.14942	0.48176	0.236
V306	0.83605	0.08789	0.042	0.03407
V307	0.01602	0.95997	0.01265	0.01136
V308	0.24987	0.23044	0.29976	0.21993
V309	0.34984	0.33199	0.02598	0.2922
V310	0.08063	0.34142	0.15282	0.42513
V311	0.5025	0.48801	0.00458	0.00491
V312	0.09159	0.77553	0.11762	0.01526
V313	0.00098	0.12475	0.03076	0.84351
V314	0.01435	0.52915	0.10734	0.34916
V315	0.11543	0.67497	0.03224	0.17736
V316	0.341	0.12269	0.3902	0.14611
V317	0.08038	0.75027	0.03895	0.1304
V318	0.03291	0.61126	0.01441	0.34143
V319	0.06453	0.03981	0.86786	0.02781
V320	0.08308	0.12847	0.67537	0.11307
V321	0.62054	0.37236	0.00585	0.00126
V322	0.20329	0.34646	0.07116	0.37909
V323	0.05732	0.01985	0.10479	0.81803
V324	0.66872	0.25829	0.05805	0.01494
V325	0.29479	0.65617	0.04473	0.00431
V326	2e-04	0.61651	0.08552	0.29777
V327	0.0184	0.15152	0.11501	0.71507
V328	0.04951	0.01061	0.77842	0.16146
V329	0.18744	0.10538	0.17801	0.52917
V330	0.42408	0.00381	0.33578	0.23633
V331	0.37584	0.08225	0.04632	0.49559
V332	0.00979	0.04353	0.20428	0.7424
V333	0.46297	0.05999	0.38179	0.09525
V334	0.38586	0.00387	0.36191	0.24836
V335	0.02499	0.35414	0.51123	0.10964
V336	0.16513	0.73956	0.01642	0.07889
V337	0.2884	0.42328	0.26647	0.02185
V338	0.00077	0.98375	0.0083	0.00718
V339	0.13894	0.00074	0.85275	0.00757
V340	0.05862	0.22401	0.54475	0.17262
V341	0.02588	0.03345	0.08038	0.86028
V342	0.26708	0.00026	0.61626	0.11641
V343	0.96577	0.02241	0.00485	0.00696
V344	0.6911	0.14741	0.16056	0.00093
V345	0.02337	0.02126	0.9536	0.00177
V346	0.25234	0.1016	0.29497	0.35109
V347	0.0453	0.00937	0.14521	0.80013
V348	0.05067	0.70931	0.12374	0.11627
V349	0.37607	0.15581	0.37979	0.08834
V350	0.02649	0.82701	0.14578	0.00072
V351	0.01805	0.02047	0.42705	0.53442
V352	0.05214	0.0052	0.87334	0.06931
V353	0.90272	0.02128	0.02812	0.04787
V354	0.04141	0.73902	0.19104	0.02853
V355	0.30097	0.05968	0.4727	0.16665
V356	0.03477	0.02102	0.11725	0.82696
V357	0.11615	0.35342	0.27857	0.25186
V358	0.58187	0.09662	0.04768	0.27383
V359	0.61028	0.05041	0.0325	0.30682
V360	0.53463	0.44014	0.01573	0.0095
V361	0.00155	0.48037	0.51262	0.00546
V362	0.00078	0.97745	0.01501	0.00675
V363	0.18533	0.10232	0.48892	0.22343
V364	0.1698	0.04427	0.70239	0.08355
V365	0.28303	0.02456	0.02036	0.67205
V366	0.07066	0.73515	0.07083	0.12337
V367	0.60142	0.13609	0.00562	0.25688
V368	0.07997	0.77894	0.06898	0.07211
V369	0.0178	0.42565	0.55134	0.00522
V370	0.31129	0.27969	0.38635	0.02268
V371	0.1743	0.75449	0.02273	0.04848
V372	0.17411	0.04736	0.1295	0.64902
V373	0.083	0.1267	0.49878	0.29152
V374	0.79592	0.01179	0.19096	0.00133
V375	0.04245	0.03412	0.16094	0.76248
V376	0.03403	0.02902	0.11543	0.82152
V377	0.81765	0.00158	0.01081	0.16996
V378	0.00878	0.02121	0.43726	0.53275
V379	0.35606	0.2015	0.01411	0.42834
V380	0.16108	0.06344	0.21286	0.56261
V381	0.77168	0.01113	0.08286	0.13433
V382	0.0922	0.0173	0.88309	0.0074
V383	0.86039	0.00626	0.04225	0.0911
V384	0.60014	0.06621	0.12468	0.20896
V385	0.88226	0.01355	0.06342	0.04077
V386	0.32464	0.01115	0.15095	0.51327
V387	0.62177	0.1375	0.17497	0.06575
V388	0.3889	0.34625	0.13597	0.12887
V389	0.4031	0.53883	0.00965	0.04842
V390	0.30832	0.25826	0.42896	0.00446
V391	0.44574	0.10067	0.02088	0.43271
V392	0.45261	0.22102	0.15771	0.16867
V393	0.29925	0.22843	0.34551	0.12682
V394	0.09479	0.24148	0.11604	0.54768
V395	0.22532	0.42256	0.19084	0.16128
V396	0.008	0.96791	0.00654	0.01754
V397	0.80496	0.07928	0.08817	0.02759
V398	0.48046	0.12913	0.09371	0.29671
V399	0.18854	0.59526	0.13301	0.08319
V400	0.00028	0.63702	0.05939	0.30331
V401	0.0379	0.14451	0.75024	0.06735
V402	0.78826	0.17936	0.03115	0.00123
V403	0.02613	0.02427	0.09163	0.85796
V404	0.09415	0.18883	0.63331	0.08371
V405	0.23661	0.02747	0.17664	0.55927
V406	0.65226	0.25405	0.01522	0.07847
V407	0.00077	0.98375	0.0083	0.00718
V408	0.09351	0.24853	0.41199	0.24598
V409	0.00168	0.03369	0.05241	0.91222
V410	0.07908	0.88135	0.02385	0.01572
V411	0.4688	0.00832	0.00486	0.51802
V412	0.17189	0.06119	0.52223	0.24469
V413	0.05377	0.5321	0.17301	0.24111
V414	0.03307	0.55111	0.3115	0.10432
V415	0.48074	0.02414	0.22975	0.26536
V416	0.01847	0.06844	0.91154	0.00155
V417	0.36425	0.62613	0.00478	0.00485
V418	0.07406	0.09991	0.15369	0.67234
V419	0.02599	0.00041	0.06101	0.91259
V420	0.00034	0.91749	0.01173	0.07044
V421	0.16958	0.02564	0.70304	0.10174
V422	0.0503	0.06694	0.02115	0.86161
V423	0.08943	0.00713	0.88222	0.02121
V424	0.0017	0.03657	0.65606	0.30567
V425	0.05846	0.23724	0.6111	0.0932
V426	0.09751	0.02772	0.81556	0.05921
V427	0.06658	0.43315	0.18934	0.31093
V428	0.07906	0.81205	0.04497	0.06392
V429	0.02353	0.00038	0.06897	0.90712
V430	0.76401	0.16599	0.01491	0.05508
V431	0.19609	0.01637	0.47379	0.31376
V432	0.11265	0.09324	0.05623	0.73787
V433	0.05028	0.7779	0.0017	0.17012
V434	0.36345	0.07218	0.05523	0.50914
V435	0.54674	0.00987	0.11894	0.32445
V436	0.41242	0.01132	0.11692	0.45934
V437	0.24037	0.24477	0.00928	0.50558
V438	0.63875	0.15607	0.03044	0.17473
V439	0.0363	0.10887	0.0198	0.83503
V440	0.51681	0.03433	0.03549	0.41337
V441	0.07109	0.11557	0.63022	0.18312
V442	0.32815	0.36328	0.13007	0.17849
V443	0.77877	0.00508	0.08259	0.13356
V444	0.02337	0.02126	0.9536	0.00177
V445	0.64783	0.01239	0.31741	0.02237
V446	0.03031	0.86858	0.04485	0.05626
V447	0.66864	0.08551	0.16433	0.08152
V448	0.01875	0.0612	0.21155	0.7085
V449	0.60135	0.03255	0.28315	0.08295
V450	0.13408	0.85114	0.01383	0.00095
V451	0.93017	0.05235	0	0.01748
V452	0.03822	0.01285	0.09257	0.85635
V453	0.83288	0.0691	0.05701	0.04102
V454	0.00061	0.94757	0.04066	0.01117
V455	0.63798	0.02585	0.28574	0.05042
V456	0.35384	0.11127	0.38913	0.14576
V457	0.00145	0.04902	0.03559	0.91394
V458	0.27742	0.24167	0.00881	0.47209
V459	0.01356	0.83819	0.07667	0.07158
V460	0.95392	0.01157	0.02316	0.01134
V461	0.06497	0.03815	0.02265	0.87423
V462	0.36031	0.2598	0.00282	0.37708
V463	0.25304	0.51132	0.14324	0.09239
V464	0.53586	0.09851	0.00686	0.35877
V465	0.4026	0.45174	0.02307	0.12259
V466	0.60597	0.18846	0.00507	0.2005
V467	0.30492	0.60004	0.06736	0.02769
V468	0.49682	0.4187	0.04329	0.04119
V469	0.01627	0.17706	0.30445	0.50222
V470	0.58599	0.11686	0.17021	0.12694
V471	0.28503	0.10656	0.04043	0.56799
V472	0.32976	0.35342	0.0023	0.31451
V473	0.09709	0.58251	0.30462	0.01578
V474	0.12751	0.00044	0.11844	0.75361
V475	0.18708	0.43471	0.07761	0.3006
V476	0.17539	0.01678	0.06619	0.74163
V477	0.63829	0.03218	0.19607	0.13345
V478	0.12728	0.63484	0.0064	0.23149
V479	0.01848	0.06779	0.83575	0.07798
V480	0.08099	0.34162	0.04905	0.52834
V481	0.15994	0.00699	0.81993	0.01315
V482	0.71428	0.16008	0.09808	0.02756
V483	0.13579	0.11096	0.08118	0.67208
V484	0.02551	0.07561	0.03966	0.85922
V485	0.11061	0.77575	0.01084	0.10279
V486	0.2854	0.27948	0.12687	0.30826
V487	0.07762	0.04376	0.09876	0.77986
V488	0.00465	0.0024	0.89435	0.0986
V489	0.23159	0.08996	0.66734	0.01111
V490	0.35345	0.33432	0.0665	0.24573
V491	0.43495	0.48738	0.02908	0.04859
V492	0.02423	0.86113	0.10988	0.00476
V493	0.04626	0.00194	0.01581	0.93598
V494	0.20951	0.14864	0.53125	0.1106
V495	0.21434	0.65324	0.11747	0.01496
V496	0.25652	0.7082	0.00035	0.03493
V497	0.01929	0.00016	0.969	0.01155
V498	0.33792	0.1035	0.05555	0.50303
V499	0.61461	0.27383	0.10727	0.00429
V500	0.10845	0.11097	0.74728	0.0333
V501	0.00276	0.00042	0.08091	0.91591
V502	0.55925	0.28586	0.13381	0.02108
V503	0.21267	0.09348	0.20952	0.48433
V504	0.21642	0.72513	0.01008	0.04837
V505	0.21147	0.2205	0.25984	0.30819
V506	0.09276	0.26158	0.46413	0.18153
V507	0.65023	0.09517	0.11282	0.14178
V508	0.76333	0.16777	0.03496	0.03394
V509	0.24947	0.05095	0.5212	0.17838
V510	0.22217	0.54347	0.23016	0.0042
V511	0.04475	0.46373	0.04694	0.44457
V512	0.26159	0.04594	0.08643	0.60604
V513	0.07204	0.69178	0.18539	0.0508
V514	0.01972	0.07758	0.01321	0.88949
V515	0.79843	0.0574	0.04293	0.10123
V516	0.89837	0.09508	0	0.00655
V517	0.03984	0.02238	0.2739	0.66388
V518	0.95082	0.04181	0	0.00737
V519	0.02177	0.8949	0.00568	0.07765
V520	0.02842	0.00018	0.64875	0.32265
V521	0.59914	0.03569	0.34278	0.0224
V522	0.00754	0.11682	0.60828	0.26736
V523	0.38243	0.12093	0.26087	0.23577
V524	0.00632	0.81015	0.16149	0.02203
V525	0.2687	0.21942	0.02995	0.48193
V526	0.6806	0.07478	0.06935	0.17526
V527	0.22275	0.01633	0.4157	0.34522
V528	0.0887	0.87511	0.00071	0.03548
V529	0.0625	0.05764	0.23972	0.64014
V530	0.00788	0.20312	0.69502	0.09398
V531	0.01815	0.88353	0.09757	0.00075
V532	0.17648	0.35844	0.02943	0.43565
V533	0.29055	0.37875	0.13144	0.19927
V534	0.00937	0.00552	0.74375	0.24135
V535	0.58348	0.00159	0.01467	0.40026
V536	0.20698	0.00017	0.38878	0.40407
V537	0.59493	0.26316	0.13273	0.00918
V538	0.49025	0.05034	0.08581	0.3736
V539	0.26978	0.46448	0.1455	0.12023
V540	0.18678	0.726	0.05958	0.02764
V541	0.01459	0.56175	0.06134	0.36232
V542	0.21307	0.12522	0.26291	0.3988
V543	0.89931	0.00791	0.00973	0.08305
V544	0.11043	0.08652	0.18315	0.61989
V545	0.391	0.14327	0.07041	0.39532
V546	0.0427	0.89804	0.05439	0.00488
V547	0.03381	0.67974	0.27657	0.00988
V548	0.14397	0.78328	0.06837	0.00438
V549	0.35089	0.02088	0.61713	0.01111
V550	0.6165	0.02784	0.00242	0.35325
V551	0.16335	0.76567	0.02954	0.04144
V552	0.00036	0.58464	0.01006	0.40494
V553	0.24342	0.14298	0.59659	0.01701
V554	0.05649	0.09218	0.03504	0.81629
V555	0.09428	0.2372	0.34483	0.32369
V556	0.00355	0.01745	0.94715	0.03185
V557	0.84087	0.02697	0.00957	0.12259
V558	0.05863	0.82288	0.02385	0.09464
V559	0.00967	0.82681	0.16276	0.00075
V560	0.66463	0.32985	0	0.00551
V561	0.00434	0.01525	0.96858	0.01183
V562	0.81254	0.00575	0.10441	0.0773
V563	0.2677	0.00087	0.72502	0.00641
V564	0.0655	0.06382	0.85753	0.01315
V565	0.13094	0.27356	0.38339	0.21211
V566	0.72337	0.09473	0.00463	0.17726
V567	0.21784	0.48604	0.02594	0.27017
V568	0.25977	0.00715	0.06229	0.67079
V569	0.70771	0.0278	0.00146	0.26303
V570	0.02603	0.3032	0.61392	0.05685
V571	0.82419	0.12751	0	0.0483
V572	0.47729	0.00414	0.4334	0.08517
V573	0.06386	0.19095	0.01506	0.73014
V574	0.03241	0.81455	0.1433	0.00974
V575	0.01952	0.08465	0.13964	0.75619
V576	0.14067	0.81925	0.03043	0.00965
V577	0.03997	0.03993	0.23176	0.68834
V578	0.05974	0.05333	0.71455	0.17238
V579	0.00676	0.90086	0.07633	0.01605
V580	0.16228	0.00695	0.12332	0.70745
V581	0.07183	0.08779	0.0109	0.82948
V582	0.60798	0.14702	0.03107	0.21393
V583	0.0084	0.0356	0.62775	0.32825
V584	0.54629	0.15316	0.27187	0.02868
V585	0.00932	0.00605	0.47885	0.50578
V586	0.25579	0.0041	0.65861	0.08149
V587	0.28992	0.0051	0.67991	0.02507
V588	0.66093	0.04119	0.02466	0.27321
V589	0.04885	0.85002	0.05237	0.04877
V590	0.0434	0.79036	0.16166	0.00458
V591	0.00143	0.03597	0.22594	0.73666
V592	0.17484	0.02864	0.79511	0.00141
V593	0.61948	0.00094	0.17667	0.20291
V594	0.34829	0.30159	0.31345	0.03668
V595	0.03358	0.03418	0.03718	0.89506
V596	0.03552	0.30402	0.2305	0.42997
V597	0.00058	0.62191	0.30914	0.06838
V598	0.02119	0.10988	0.85549	0.01344
V599	0.61742	0.33325	0.02833	0.021
V600	0.35395	0.5036	0.04526	0.09718
V601	0.16831	0.29898	0.08263	0.45008
V602	0.03594	0.03749	0.02777	0.8988
V603	0.00782	0.41487	0.01901	0.5583
V604	0.5466	0.11155	0.31969	0.02215
V605	0.0678	0.35382	0.39974	0.17864
V606	0.74314	0.15447	0.00913	0.09326
V607	0.68722	0.00983	0.10292	0.20003
V608	0.23781	0.15825	0.39286	0.21108
V609	0.02563	0.25257	0.24468	0.47711
V610	0.7988	0.01852	0.08158	0.10111
V611	0.30865	0.00642	0.06023	0.62469
V612	0.02885	0.07864	0.83259	0.05993
V613	0.03629	0.35361	0.57832	0.03178
V614	0.78966	0.05746	0.0431	0.10977
V615	0.1416	0.05674	0.01678	0.78488
V616	0.07007	0.75173	0.03912	0.13908
V617	0.49201	0.16393	0.34327	0.00078
V618	0.75165	0.00716	0.00123	0.23997
V619	0.41658	0.02427	0.31926	0.23989
V620	0.00761	0.69506	0.29244	0.0049
V621	0.45814	0.15217	0.16983	0.21986
V622	0.37571	0.22798	0.37374	0.02258
V623	0.01951	0.07322	0.16042	0.74685
V624	0.78077	0.20296	0	0.01627
V625	0.26285	0.53134	0.08865	0.11717
V626	0.95748	0.03	0	0.01253
V627	0.00159	0.02955	0.09919	0.86967
V628	0.00084	0.25349	0.02365	0.72202
V629	0.13003	0.3131	0.28143	0.27545
V630	0.03612	0.35346	0.57099	0.03944
V631	0.01756	0.20851	0.11209	0.66183
V632	0.6193	0.00104	0.13146	0.24821
V633	0.00242	0.02231	0.85986	0.1154
V634	0.41155	0.27474	0.30945	0.00425
V635	0.02205	0.80154	0.00651	0.1699
V636	0.13242	0.09385	0.66137	0.11236
V637	0.32667	0.20319	0.08932	0.38083
V638	0.39578	0.27157	0.06675	0.2659
V639	0.27088	0.44987	0.27864	0.00061
V640	0.03877	0.14714	0.77213	0.04196
V641	0.90111	0.03675	0.02116	0.04098
V642	0.76932	0.17558	0	0.0551
V643	0.00699	0.1871	0.47336	0.33254
V644	0.90485	0.08012	0.004	0.01104
V645	0.26388	0.43601	0.28475	0.01536
V646	0.00954	0.97631	0.0075	0.00665
V647	0.15747	0.07538	0.71815	0.049
V648	0.4078	0.45342	0.11774	0.02103
V649	0.02979	0.04898	0.86905	0.05218
V650	0.06118	0.07725	0.80248	0.05909
V651	0.33507	0.00092	0.65795	0.00606
V652	0.09542	0.0824	0.46532	0.35686
V653	0.11386	0.7096	0.0872	0.08934
V654	0.70885	0.19951	0.05034	0.04131
V655	0.03269	0.62403	0.02095	0.32233
V656	0.21449	0.29426	0.0153	0.47595
V657	0.02797	0.07974	0.02239	0.86989
V658	0.62331	0.21053	0.0524	0.11376
V659	0.35574	0.07867	0.37033	0.19526
V660	0.02546	0.95583	0.00089	0.01782
V661	0.05527	0.46473	0.05479	0.42522
V662	0.44334	0.00965	0.46059	0.08643
V663	0.26014	0.06159	0.57794	0.10033
V664	0.21957	0.05533	0.68502	0.04008
V665	0.70631	0.18711	0.03554	0.07104
V666	0.61784	0.00099	0.09689	0.28427
V667	0.77818	0.07098	0.14973	0.00111
V668	0.1138	0.81295	0.07255	7e-04
V669	0.23393	0.44433	0.23579	0.08595
V670	0.07104	0.91109	0.00074	0.01714
V671	0.3781	0.29889	0.24595	0.07706
V672	0.02254	0.01625	0.93117	0.03003
V673	0.23893	0.39626	0.22225	0.14255
V674	0.73925	0.14385	0.0153	0.1016
V675	0.14087	0.35146	0.3197	0.18798
V676	0.02907	0.11511	0.11646	0.73936
V677	0.38773	0.4257	0.08754	0.09903
V678	0.49526	0.4898	0.01023	0.00471
V679	0.04818	0.33105	0.60978	0.01099
V680	0.29702	0.56978	0.1182	0.015
V681	0.90297	0.06556	0.00917	0.0223
V682	0.11567	0.31408	0.53894	0.03131
V683	0.01284	0.96555	0.02069	0.00092
V684	0.71779	0.15831	0.08249	0.0414
V685	0.49942	0.35657	0.10945	0.03456
V686	0.09585	0.19036	0.15924	0.55454
V687	0.03607	0.02312	0.04006	0.90076
V688	0.36273	0.53385	0.00048	0.10293
V689	0.27153	0.0012	0.0541	0.67318
V690	0.50337	0.03385	0.41049	0.0523
V691	0.17397	8e-04	0.81803	0.0072
V692	0.08353	0.13142	0.72711	0.05794
V693	0.25156	0.10149	0.38314	0.2638
V694	0.00909	0.02354	0.31954	0.64783
V695	0.25956	0.00483	0.16519	0.57041
V696	0.07924	0.09069	0.02538	0.80469
V697	0.01805	0.06594	0.02538	0.89063
V698	0.84576	0.00685	0.01025	0.13714
V699	0.57445	0.29382	0.05957	0.07216
V700	0.24775	0.02637	0.01479	0.71109
V701	0.10848	0.57299	0.10282	0.21571
V702	0.5727	0.07833	0.01242	0.33655
V703	0.14521	0.04277	0.51431	0.29771
V704	0.84455	0.04211	0.0215	0.09184
V705	0.96166	0.00497	0.01017	0.0232
V706	0.08484	0.03657	0.80183	0.07677
V707	0.0349	0.465	0.46935	0.03074
V708	0.0303	0.89678	0.01714	0.05578
V709	0.14175	0.27469	0.51916	0.0644
V710	0.62236	0.21047	0.04493	0.12224
V711	0.07966	0.82379	0.07512	0.02144
V712	0.83769	0.05122	0.00395	0.10714
V713	0.4461	0.31364	0.03177	0.20849
V714	0.00609	0.71731	0.01995	0.25665
V715	0.30973	0.35268	0.2853	0.05228
V716	0.03726	0.04446	0.05863	0.85964
V717	0.07232	0.91532	0.00073	0.01162
V718	0.14232	0.60197	0.16284	0.09287
V719	0.05016	0.75194	0.03237	0.16553
V720	0.73024	0.00132	0.21197	0.05647
V721	0.13262	0.16131	0.4914	0.21467
V722	0.09163	0.37529	0.01682	0.51626
V723	0.11574	0.08874	0.01651	0.77901
V724	0.6154	0.02443	0.08059	0.27957
V725	0.00278	0.08645	0.88148	0.02929
V726	0.03442	0.41933	0.12083	0.42542
V727	0.25397	0.66592	0.07591	0.0042
V728	0.0243	0.89316	0.07765	0.00489
V729	0.43904	0.01025	0.16322	0.38749
V730	0.91239	0.03074	0.03495	0.02193
V731	0.02554	0.20005	0.41736	0.35705
V732	0.38086	0.06846	0.35656	0.19412
V733	0.663	0.187	0.02926	0.12074
V734	0.24789	0.31947	0.42816	0.00447
V735	0.01766	0.0189	0.5168	0.44663
V736	0.15706	0.01358	0.01913	0.81023
V737	0.34456	0.30222	0.23017	0.12305
V738	0.07932	0.35256	0.44943	0.11869
V739	0.00173	0.0072	0.63785	0.35322
V740	0.84815	0.08421	0.05775	0.00989
V741	0.51915	0.09669	0.1202	0.26396
V742	0.38444	0.60273	0.01195	0.00088
V743	0.14494	0.13517	0.70199	0.0179
V744	0.55812	0.03237	0.31695	0.09256
V745	0.01366	0.73768	0.15853	0.09013
V746	0.98254	0.00865	0	0.00881
V747	0.06044	3e-05	0.74048	0.19905
V748	0.13266	0.0932	0.6129	0.16124
V749	0.29776	0.18187	0.05502	0.46535
V750	0.40562	0.4825	0.01595	0.09593
V751	0.03916	0.88882	0.0304	0.04162
V752	0.48669	0.22983	0.12703	0.15646
V753	0.03387	0.04016	0.0142	0.91176
V754	0.00735	0.94189	0.00102	0.04974
V755	0.15869	0.19702	0.35466	0.28964
V756	0.03052	0.01752	0.06731	0.88465
V757	0.32366	0.60379	0.0515	0.02105
V758	0.04007	0.80112	0.10158	0.05722
V759	0.13374	0.05271	0.42724	0.38631
V760	0.31758	0.05106	0.28826	0.34309
V761	0.06313	0.61739	0.25128	0.06819
V762	0.00052	0.42684	0.01929	0.55334
V763	0.39202	0.37504	0.02454	0.2084
V764	0.00661	0.93812	0.00606	0.04921
V765	0.69063	0.08668	0.00111	0.22158
V766	0.01513	0.33995	0.44535	0.19958
V767	0.51651	0.1183	0.2357	0.12949
V768	0.05037	0.91602	0.01752	0.01609
V769	0.13043	0.83586	0.02391	0.0098
V770	0.00954	0.97631	0.0075	0.00665
V771	0.1844	0.00673	0.79603	0.01284
V772	0.14899	0.03354	0.81107	0.0064
V773	0.15073	0.83393	0.00505	0.01029
V774	0.02431	2e-05	0.94432	0.03135
V775	0.12214	0.0362	0.30191	0.53975
V776	0.42642	0.43984	0.0449	0.08884
V777	0.18678	0.11713	0.14687	0.54922
V778	0.54903	0.28437	0.06086	0.10574
V779	0.18436	0.03343	0.51896	0.26325
V780	0.1047	0.78254	0.1121	0.00067
V781	0.0509	0.03579	0.04121	0.8721
V782	0.00914	0.11191	0.8189	0.06005
V783	0.81366	0.01886	0.0432	0.12429
V784	0.10189	0.88117	0.01177	0.00517
V785	0.03247	0.93923	0.01171	0.01659
V786	0.73413	0.15813	0.07356	0.03417
V787	0.00087	0.85916	0.13482	0.00515
V788	0.51838	0.311	0.13579	0.03483
V789	0.06846	0.40156	0.03149	0.49849
V790	0.48517	0.02597	0.07765	0.41121
V791	0.13831	0.40345	0.32279	0.13545
V792	0.129	0.58221	0.00682	0.28198
V793	0.11445	0.69558	0.03186	0.15811
V794	0.04997	0.06667	0.81511	0.06825
V795	0.11522	0.04377	0.06817	0.77284
V796	0.03128	0.07452	0.8735	0.02069
V797	0.78221	0.00223	0.20522	0.01034
V798	0.61536	0.304	0.06584	0.0148
V799	0.1204	0.80061	0.02298	0.05602
V800	0.07157	0.01755	0.55011	0.36077
V801	0.14756	0.11388	0.34759	0.39096
V802	0.03806	0.07572	0.29618	0.59005
V803	0.2219	0.53755	0.24	0.00056
V804	0.56058	0.01016	0.37002	0.05924
V805	0.02694	0.00345	0.9672	0.00241
V806	0.04006	0.92028	0.01105	0.02861
V807	0.27171	0.16018	0.03956	0.52855
V808	0.65952	0.27791	0.03526	0.02732
V809	0.0514	0.03347	0.91356	0.00156
V810	0.01124	0.98005	0.00103	0.00768
V811	0.4598	0.06763	0.20184	0.27073
V812	0.55991	0.27218	0.04514	0.12278
V813	0.61373	0.19475	0.17018	0.02135
V814	0.41705	0.5415	0.03709	0.00436
V815	0.00075	0.92953	0.06419	0.00553
V816	0.93224	0.00795	0.05779	0.00203
V817	0.03257	0.0663	0.88714	0.01399
V818	0.00134	0.06205	0.05634	0.88027
V819	0.84524	0.07861	0.042	0.03415
V820	0.13726	0.10394	0.02991	0.7289
V821	0.22722	0.3326	0.37799	0.06219
V822	0.07816	0.01506	0.88568	0.0211
V823	0.02679	0.191	0.6975	0.08471
V824	0.09391	0.39685	0.50845	0.00078
V825	0.23297	0.30861	0.25157	0.20685
V826	0.42906	0.42806	0.13379	0.00909
V827	0.35915	0.60976	0.00979	0.02129
V828	0.23614	0.17235	0.11286	0.47865
V829	0.03783	0.27094	0.04419	0.64703
V830	0.23083	0.24484	0.03034	0.49399
V831	0.79338	0.08509	0.0283	0.09323
V832	0.27349	0.42908	0.15751	0.13993
V833	0.14462	0.54864	0.16722	0.13952
V834	0.31304	0.07327	0.08373	0.52996
V835	0.35696	0.47364	0.10406	0.06535
V836	0.00633	0.72239	0.00802	0.26325
V837	0.22695	0.40934	0.1818	0.18191
V838	0.92604	0.04481	0.0234	0.00575
V839	0.28897	0.62308	0.08378	0.00417
V840	0.2761	0.71647	0.00645	0.00098
V841	0.00295	0.03298	0.90961	0.05446
V842	0.38086	0.16555	0.2594	0.19419
V843	0.02005	0.01362	0.89607	0.07027
V844	0.12118	0.08306	0.40557	0.39019
V845	0.07265	0.09791	0.77081	0.05863
V846	0.00221	0.00696	0.79057	0.20026
V847	0.00295	0.0023	0.06214	0.9326
V848	0.08663	0.55374	0.16017	0.19946
V849	0.00055	0.96307	0.00645	0.02993
V850	0.97142	0.00547	0.01096	0.01215
V851	0.32804	0.5426	0.12877	0.00059
V852	0.11236	0.04888	0.14362	0.69513
V853	0.25997	0.22999	0.40159	0.10845
V854	0.62083	0.16847	0.09553	0.11516
V855	0.00295	0.0023	0.06214	0.9326
V856	0.045	0.38038	0.35567	0.21894
V857	0.69197	0.17611	0.02891	0.10302
V858	0.58438	0.00683	0.40358	0.00521
V859	0.66428	0.24189	0.01525	0.07858
V860	0.19745	0.12051	0.06017	0.62188
V861	0.09162	0.3768	0.5212	0.01039
V862	0.14483	0.07628	0.73794	0.04095
V863	0.21041	0.06497	0.00783	0.71679
V864	0.06925	0.03925	0.06347	0.82803
V865	0.12236	0.00489	0.28928	0.58348
V866	0.74755	0.01459	0.22775	0.01011
V867	0.74358	0.02352	0.22791	0.00499
V868	0.52735	0.28708	0.12027	0.0653
V869	0.01782	0.96867	0.00712	0.00639
V870	0.1033	0.37541	0.02329	0.498
V871	0.00055	0.96307	0.00645	0.02993
V872	0.00995	0.01612	0.27659	0.69735
V873	0.90059	0.02962	0.04188	0.02792
V874	0.18523	0.78741	0.02657	0.00078
V875	0.01638	0.20534	0.21448	0.5638
V876	0.16408	0.34891	0.40671	0.08031
V877	0.04461	0.43264	0.29583	0.22692
V878	0.12381	0.8183	0.0572	0.00069
V879	0.17748	0.72153	0.03716	0.06383
V880	0.29551	0.57908	0.00486	0.12054
V881	0.1574	0.03342	0.6292	0.17997
V882	0.82461	0.00151	0.11166	0.06223
V883	0.29744	0.20302	0.49878	0.00076
V884	0.01962	0.31093	0.00737	0.66208
V885	0.70404	0.21874	0.07622	0.00101
V886	0.01497	0.39186	0.46601	0.12716
V887	0.67189	0.05734	0.14717	0.1236
V888	0.10849	0.03592	0.77055	0.08505
V889	0.91893	0.04911	0.01554	0.01642
V890	0.03677	0.14039	0.65032	0.17252
V891	0.65655	0.0433	0.26461	0.03554
V892	0.29312	0.1949	0.01547	0.49651
V893	0.59937	0.21417	0.13665	0.04981
V894	0.0691	0.32757	0.57172	0.03161
V895	0.6297	0.05754	0.18747	0.12529
V896	0.033	0.94432	0.00574	0.01694
V897	0.68473	0.26348	0.00369	0.04811
V898	0.49178	0.00146	0.01065	0.49611
V899	0.02699	0.20577	0.15147	0.61577
V900	0.0804	0.31425	0.37253	0.23282
V901	0.03048	0.86254	0.00554	0.10145
V902	0.04293	0.91202	0.04002	0.00503
V903	0.00726	0.45243	0.50148	0.03884
V904	0.01919	0.97248	0.00095	0.00737
V905	0.16006	6e-04	0.19297	0.64637
V906	0.43171	0.08898	0.10599	0.37332
V907	0.41523	0.52792	0.01559	0.04126
V908	0.01227	0.05196	0.08923	0.84654
V909	0.11882	0.82454	0.00076	0.05588
V910	0.17349	0.00057	0.13334	0.69259
V911	0.50893	0.40667	0.02873	0.05567
V912	0.39985	0.345	0.11763	0.13753
V913	0.12629	0.00135	0.02259	0.84977
V914	0.17837	0.5249	0.26784	0.02888
V915	0.23669	0.00143	0.01718	0.74471
V916	0.26904	0.04518	0.64614	0.03963
V917	0.74502	0.02519	0.15028	0.07951
V918	0.04149	0.67537	0.20794	0.0752
V919	0.21064	0.24502	0.30178	0.24257
V920	0.63398	0.20034	0.085	0.08068
V921	0.02978	0.18016	0.03998	0.75009
V922	0.09865	0.49818	0.36591	0.03727
V923	0.08289	0.02225	0.05573	0.83913
V924	0.0326	0.70717	0.23808	0.02215
V925	0.18869	0.03614	0.02317	0.75199
V926	0.21131	0.0251	0.03834	0.72525
V927	0.02544	0.04473	0.06918	0.86065
V928	0.03962	0.90632	0.00534	0.04871
V929	0.05113	0.68818	0.11661	0.14407
V930	0.50675	0.38454	0.02918	0.07954
V931	0.14154	0.2868	0.5074	0.06426
V932	0.03673	0.1051	0.64274	0.21542
V933	0.57448	0.40613	0.00965	0.00974
V934	0.00768	0.15469	0.29445	0.54318
V935	0.58618	0.16096	0.19462	0.05824
V936	0.53484	0.2824	0.01654	0.16622
V937	0.57285	0.12686	0.08114	0.21914
V938	0.40583	0.04059	0.31126	0.24232
V939	0.78104	0.01824	0.06665	0.13407
V940	0.02244	0.8237	0.12539	0.02846
V941	0.00497	0.00044	0.98042	0.01416
V942	0.73544	0.19177	0.05777	0.01501
V943	0.41959	0.12411	0.41098	0.04533
V944	0.01698	0.29607	0.07049	0.61646
V945	0.55276	0.36725	0.00929	0.0707
V946	0.46788	0.2692	0.23434	0.02858
V947	0.08558	0.04719	0.24951	0.61772
V948	0.36408	0.02072	0.59783	0.01737
V949	0.00106	0.11435	0.2206	0.66399
V950	0.05319	0.57882	0.19928	0.16871
V951	0.84077	0.01632	0.13768	0.00523
V952	0.0722	0.12929	0.28281	0.51571
V953	0.02138	0.04174	0.90771	0.02917
V954	0.03745	0.19341	0.15149	0.61765
V955	0.11632	0.64259	0.02535	0.21575
V956	0.03778	0.01772	0.55123	0.39326
V957	0.35381	0.01679	0.00641	0.623
V958	0.04626	0.00194	0.01581	0.93598
V959	0.24298	0.2689	0.42526	0.06285
V960	0.24343	0.29476	0.08038	0.38143
V961	0.13732	0.4155	0.3407	0.10648
V962	0.38486	0.16859	0.38482	0.06172
V963	0.61781	0.17011	0.14665	0.06543
V964	0.85653	0.02837	0.08722	0.02788
V965	0.0536	0.54408	0.18205	0.22027
V966	0.96342	0.02026	0.00429	0.01202
V967	0.05953	0.03392	0.56445	0.3421
V968	0.00199	0.14803	0.79042	0.05956
V969	0.0081	0.32053	0.04423	0.62713
V970	0.03674	0.11541	0.45588	0.39196
V971	0.53421	0.07857	0.31936	0.06785
V972	0.53035	0.20339	0.0473	0.21896
V973	0.27029	0.45093	0.07445	0.20432
V974	0.00584	0.81999	0.10962	0.06455
V975	0.10605	0.30474	0.58422	0.00498
V976	0.45873	0.25556	0.10979	0.17592
V977	0.32324	0.37215	0.30038	0.00423
V978	0.0643	0.09581	0.07698	0.7629
V979	0.81476	0.0161	0.16398	0.00516
V980	0.98254	0.00865	0	0.00881
V981	0.36257	0.02427	0.44042	0.17274
V982	0.44077	0.4175	0.06879	0.07294
V983	0.72388	0.05913	0.0051	0.21189
V984	0.01397	0.86615	0.0915	0.02837
V985	0.07487	0.21204	0.01395	0.69914
V986	0.31436	0.55141	0.04519	0.08904
V987	0.22309	0.76038	0.00034	0.01619
V988	0.22305	0.01821	0.023	0.73574
V989	0.43187	0.48646	0.06685	0.01482
V990	0.00217	0.03806	0.82591	0.13387
V991	0.61892	0.37064	0	0.01044
V992	0.2195	0.00375	0.5402	0.23654
V993	0.06068	0.75882	0.14515	0.03535
V994	0.17234	0.79442	0.02361	0.00963
V995	0.75749	0.10363	0.02875	0.11013
V996	0.28225	0.12887	0.01703	0.57185
V997	0.01957	0.00525	0.86038	0.1148
V998	0.88936	0.01364	0.05614	0.04086
V999	0.11342	0.87995	0.00065	0.00598
V1000	0.32994	0.02557	0.00674	0.63775
