cytotoxic.CD56.dim.NK.cell	memory.CD4.pos.AB.T.cell	memory.B.cell	CD14.pos.CD16.neg.classical.monocyte
V1	0.50886	0.03328	0.17667	0.28119
V2	0.14419	0.09224	0.08687	0.6767
V3	0.07607	0.59329	0.04134	0.2893
V4	0.79879	0.15966	0.01718	0.02437
V5	0.11703	0.47488	0.26061	0.14748
V6	0.10112	0.82382	0.06323	0.01183
V7	0.14602	0.34848	0.10337	0.40213
V8	0.13886	0.04818	0.76648	0.04648
V9	0.22197	0.23393	0.06101	0.48309
V10	0.0515	0.05017	0.82997	0.06836
V11	0.208	0.36225	0.42551	0.00423
V12	0.05349	0.56691	0.37004	0.00956
V13	0.26163	0.6881	0.03813	0.01214
V14	0.1001	0.83991	0.05988	0.00011
V15	0.12896	0.59339	0.13613	0.14152
V16	0.84599	0.08877	0.03331	0.03193
V17	0.11024	0.82129	0.05641	0.01206
V18	0.53586	0.37779	0.05612	0.03022
V19	0.17149	0.7748	0.04824	0.00547
V20	0.16709	0.44989	0.04258	0.34045
V21	0.13644	0.07883	0.74196	0.04277
V22	0.04078	0.09131	0.22153	0.64639
V23	0.35716	0.07359	0.55409	0.01516
V24	0.84136	0.08736	0.06038	0.01091
V25	0.3204	0.25065	0.13842	0.29053
V26	0.37079	0.40551	0.02904	0.19465
V27	0.10881	0.06821	0.07065	0.75233
V28	0.06049	0.0994	0.81059	0.02952
V29	0.40916	0.05981	0.4954	0.03564
V30	0.10251	0.21003	0.28449	0.40297
V31	0.19231	0.19809	0.30185	0.30776
V32	0.09694	0.04731	0.08364	0.7721
V33	0.06114	0.49155	0.35881	0.0885
V34	0.13722	0.06315	0.75561	0.04402
V35	0.16935	0.70557	0.1068	0.01828
V36	0.02504	0.04573	0.46578	0.46346
V37	0.50273	0.09386	0.10291	0.30051
V38	0.38635	0.02032	0.1847	0.40864
V39	0.16818	0.5661	0.14373	0.12199
V40	0.12382	0.76183	0.11435	0
V41	0.03323	0.64401	0.07559	0.24717
V42	0.20379	0.04144	0.222	0.53277
V43	0.13742	0.34197	0.4913	0.02931
V44	0.03194	0.08321	0.71213	0.17272
V45	0.1098	0.58552	0.23024	0.07444
V46	0.74061	0.11688	0.13475	0.00777
V47	0.42181	0.2162	0.31772	0.04427
V48	0.74564	0.21223	0.02131	0.02083
V49	0.68862	0.22827	0.00432	0.07879
V50	0.0938	0.78748	0.11871	0
V51	0.2983	0.41612	0.26295	0.02263
V52	0.05288	0.12293	0.78021	0.04398
V53	0.66724	0.16462	0.16434	0.0038
V54	0.39716	0.21779	0.36554	0.01951
V55	0.19908	0.1335	0.25149	0.41592
V56	0.06955	0.03705	0.12945	0.76394
V57	0.119	0.81157	0.06465	0.00478
V58	0.59067	0.03347	0.05054	0.32533
V59	0.40951	0.43433	0.11849	0.03767
V60	0.12951	0.15334	0.33291	0.38424
V61	0.76046	0.14367	0.01603	0.07983
V62	0.81849	0.08194	0.08298	0.01659
V63	0.04963	0.78908	0.14882	0.01248
V64	0.04459	0.80374	0.03758	0.11408
V65	0.05195	0.03343	0.14823	0.76639
V66	0.21604	0.6873	0.04491	0.05175
V67	0.15842	0.33202	0.49581	0.01374
V68	0.1542	0.14379	0.06071	0.64131
V69	0.04541	0.30669	0.5971	0.05081
V70	0.51166	0.18141	0.18658	0.12034
V71	0.15634	0.07852	0.37969	0.38545
V72	0.54231	0.18751	0.10003	0.17015
V73	0.15837	0.61522	0.15397	0.07245
V74	0.08768	0.22836	0.67042	0.01354
V75	0.66997	0.03686	0.19864	0.09453
V76	0.02495	0.16133	0.20525	0.60847
V77	0.06373	0.26749	0.05233	0.61645
V78	0.28167	0.126	0.19899	0.39333
V79	0.03038	0.10759	0.76576	0.09627
V80	0.32765	0.04543	0.53578	0.09115
V81	0.08222	0.17146	0.72774	0.01858
V82	0.04706	0.09706	0.82584	0.03005
V83	0.13495	0.17093	0.10404	0.59009
V84	0.36096	0.06157	0.17638	0.40109
V85	0.11387	0.31768	0.40381	0.16465
V86	0.06932	0.07208	0.80401	0.05459
V87	0.06206	0.79984	0.08653	0.05157
V88	0.15661	0.06681	0.2802	0.49638
V89	0.04675	0.0324	0.22547	0.69538
V90	0.06114	0.83595	0.09779	0.00511
V91	0.06155	0.7125	0.20558	0.02037
V92	0.42619	0.04928	0.38702	0.13752
V93	0.83191	0.06078	0.00569	0.10162
V94	0.0435	0.41551	0.05914	0.48185
V95	0.24936	0.44647	0.1682	0.13597
V96	0.08948	0.10514	0.07436	0.73101
V97	0.6357	0.14304	0.21509	0.00617
V98	0.63476	0.33163	0.02142	0.01219
V99	0.73957	0.09132	0.16035	0.00876
V100	0.09942	0.05913	0.80219	0.03926
V101	0.06226	0.07526	0.07184	0.79064
V102	0.85105	0.10236	0.02752	0.01908
V103	0.04416	0.06118	0.13677	0.75788
V104	0.07054	0.86431	0.06403	0.00112
V105	0.09088	0.843	0.06611	0
V106	0.12941	0.51345	0.32552	0.03162
V107	0.18299	0.21383	0.55316	0.05001
V108	0.1651	0.70981	0.12508	0
V109	0.02825	0.15965	0.57992	0.23218
V110	0.08396	0.82629	0.07796	0.01179
V111	0.84184	0.05496	0.08877	0.01443
V112	0.12607	0.07042	0.42954	0.37397
V113	0.17804	0.11071	0.19615	0.5151
V114	0.22343	0.05828	0.10976	0.60854
V115	0.04405	0.71133	0.24344	0.00118
V116	0.14394	0.31914	0.37288	0.16405
V117	0.63295	0.28879	0.04592	0.03233
V118	0.16812	0.57489	0.05581	0.20118
V119	0.11972	0.08487	0.09095	0.70446
V120	0.09922	0.09192	0.78003	0.02883
V121	0.56238	0.15743	0.09941	0.18077
V122	0.87936	0.06329	0.03602	0.02133
V123	0.03327	0.48266	0.0792	0.40486
V124	0.61588	0.32395	0.00967	0.0505
V125	0.3673	0.43372	0.18569	0.01329
V126	0.063	0.14356	0.09413	0.69931
V127	0.15635	0.05804	0.27046	0.51516
V128	0.05974	0.03621	0.15119	0.75286
V129	0.54219	0.26452	0.16905	0.02424
V130	0.04197	0.62414	0.331	0.00288
V131	0.05992	0.83783	0.04058	0.06166
V132	0.86909	0.0592	0.04516	0.02655
V133	0.84554	0.06732	0.06879	0.01835
V134	0.11675	0.3841	0.14868	0.35047
V135	0.08991	0.03564	0.2035	0.67095
V136	0.23602	0.40219	0.03042	0.33137
V137	0.61311	0.07243	0.24907	0.0654
V138	0.20804	0.41221	0.18968	0.19008
V139	0.33138	0.22495	0.20504	0.23864
V140	0.05806	0.09755	0.10054	0.74385
V141	0.07159	0.1609	0.53436	0.23315
V142	0.71559	0.05858	0.21427	0.01155
V143	0.40528	0.28428	0.07844	0.232
V144	0.16051	0.1573	0.18732	0.49487
V145	0.03665	0.71671	0.24398	0.00267
V146	0.08517	0.0417	0.08923	0.7839
V147	0.85628	0.07151	0.03178	0.04043
V148	0.12626	0.08817	0.57184	0.21372
V149	0.25674	0.51567	0.22759	0
V150	0.0956	0.24904	0.57724	0.07812
V151	0.20769	0.62798	0.05545	0.10887
V152	0.22848	0.45897	0.22647	0.08608
V153	0.12258	0.73321	0.04741	0.0968
V154	0.23729	0.46606	0.27437	0.02228
V155	0.4455	0.17387	0.28829	0.09234
V156	0.04807	0.14758	0.67329	0.13107
V157	0.28654	0.17513	0.31803	0.22029
V158	0.06362	0.03787	0.10206	0.79645
V159	0.82701	0.11356	0.01067	0.04876
V160	0.64919	0.03601	0.07166	0.24313
V161	0.19767	0.03198	0.07417	0.69617
V162	0.08132	0.28643	0.11212	0.52012
V163	0.10832	0.48828	0.18399	0.2194
V164	0.32185	0.32607	0.11863	0.23345
V165	0.04597	0.24985	0.05275	0.65143
V166	0.0421	0.10554	0.11636	0.73601
V167	0.31324	0.02442	0.04389	0.61845
V168	0.27632	0.58191	0.0976	0.04417
V169	0.17852	0.06822	0.07798	0.67529
V170	0.10611	0.03882	0.51521	0.33985
V171	0.13574	0.25248	0.57053	0.04125
V172	0.66229	0.05021	0.27544	0.01207
V173	0.05605	0.14464	0.08881	0.7105
V174	0.04561	0.15987	0.11671	0.67781
V175	0.07761	0.03781	0.7489	0.13568
V176	0.04537	0.7607	0.19356	0.00037
V177	0.05643	0.87527	0.05756	0.01075
V178	0.03762	0.73007	0.03971	0.1926
V179	0.15399	0.02705	0.38484	0.43413
V180	0.0698	0.80887	0.12133	0
V181	0.15856	0.14793	0.53391	0.1596
V182	0.28496	0.20522	0.45331	0.0565
V183	0.19062	0.75859	0.05079	0
V184	0.86341	0.06751	0.05242	0.01665
V185	0.52481	0.43438	0.03933	0.00147
V186	0.12746	0.48649	0.26953	0.11652
V187	0.86751	0.06517	0.05312	0.0142
V188	0.08223	0.22366	0.04748	0.64663
V189	0.7704	0.05996	0.02123	0.14841
V190	0.60769	0.05738	0.32337	0.01156
V191	0.18367	0.22387	0.55144	0.04102
V192	0.28941	0.48162	0.06581	0.16315
V193	0.56704	0.06777	0.24157	0.12362
V194	0.07165	0.85969	0.05521	0.01345
V195	0.05805	0.07076	0.84062	0.03057
V196	0.04962	0.09933	0.07505	0.77599
V197	0.3714	0.06897	0.04944	0.51019
V198	0.08119	0.50215	0.36605	0.05062
V199	0.15689	0.04122	0.19817	0.60371
V200	0.13935	0.55512	0.0429	0.26263
V201	0.10933	0.55461	0.20216	0.1339
V202	0.03538	0.04347	0.73752	0.18363
V203	0.16807	0.43356	0.38148	0.01689
V204	0.03749	0.50318	0.04382	0.41551
V205	0.0554	0.0878	0.82391	0.03289
V206	0.07798	0.12054	0.77962	0.02186
V207	0.1357	0.18922	0.08757	0.58751
V208	0.24139	0.09729	0.63853	0.02279
V209	0.28988	0.48399	0.08311	0.14301
V210	0.10477	0.74421	0.11628	0.03474
V211	0.37766	0.03574	0.05918	0.52742
V212	0.47089	0.07796	0.42613	0.02502
V213	0.59674	0.06195	0.11664	0.22466
V214	0.30635	0.17752	0.17837	0.33776
V215	0.26397	0.11063	0.05037	0.57503
V216	0.08076	0.0359	0.09146	0.79188
V217	0.06064	0.48636	0.24342	0.20958
V218	0.10766	0.44368	0.18502	0.26363
V219	0.1212	0.62386	0.03703	0.21791
V220	0.04034	0.78508	0.04249	0.13208
V221	0.76078	0.04325	0.00855	0.18742
V222	0.29628	0.15768	0.36783	0.17821
V223	0.02933	0.15174	0.73361	0.08532
V224	0.85936	0.0655	0.06011	0.01503
V225	0.08642	0.81552	0.09806	0
V226	0.29068	0.11486	0.57438	0.02007
V227	0.73182	0.0479	0.20207	0.01821
V228	0.73332	0.10598	0.07059	0.0901
V229	0.05604	0.06292	0.83764	0.04339
V230	0.05364	0.06006	0.09002	0.79627
V231	0.03974	0.2629	0.14189	0.55548
V232	0.07094	0.62502	0.0293	0.27474
V233	0.53082	0.12177	0.20507	0.14234
V234	0.07075	0.84786	0.07608	0.00532
V235	0.35056	0.09423	0.5206	0.0346
V236	0.0618	0.09058	0.76106	0.08657
V237	0.1571	0.034	0.08016	0.72874
V238	0.13917	0.55472	0.26749	0.03863
V239	0.08431	0.38238	0.05457	0.47874
V240	0.45445	0.07456	0.42107	0.04992
V241	0.04825	0.04797	0.81962	0.08416
V242	0.14399	0.73239	0.12003	0.00358
V243	0.22699	0.07172	0.61849	0.0828
V244	0.1957	0.03927	0.66964	0.09538
V245	0.56128	0.33003	0.06042	0.04828
V246	0.07625	0.1678	0.72377	0.03218
V247	0.1795	0.06852	0.73098	0.021
V248	0.05632	0.05799	0.10424	0.78145
V249	0.03114	0.07317	0.81218	0.08351
V250	0.70734	0.05078	0.22982	0.01206
V251	0.85534	0.09838	0.03235	0.01394
V252	0.05372	0.7649	0.18138	0
V253	0.33139	0.08838	0.17762	0.40261
V254	0.05079	0.85184	0.09716	0.00021
V255	0.07882	0.847	0.04484	0.02934
V256	0.172	0.232	0.50998	0.08602
V257	0.39164	0.1254	0.24194	0.24101
V258	0.17342	0.28092	0.42198	0.12369
V259	0.05488	0.29761	0.60517	0.04233
V260	0.03543	0.28772	0.65896	0.01789
V261	0.5784	0.06566	0.20225	0.15369
V262	0.10806	0.0753	0.06959	0.74705
V263	0.05991	0.87074	0.05306	0.01629
V264	0.1549	0.05337	0.42831	0.36343
V265	0.06036	0.02769	0.17429	0.73766
V266	0.58288	0.37573	0.03922	0.00217
V267	0.01921	0.17305	0.29419	0.51355
V268	0.34623	0.0433	0.15904	0.45142
V269	0.03126	0.54282	0.38314	0.04278
V270	0.60399	0.06243	0.24931	0.08427
V271	0.75738	0.10604	0.03738	0.09919
V272	0.07977	0.78761	0.04551	0.08711
V273	0.08088	0.0478	0.09325	0.77807
V274	0.66185	0.03507	0.18926	0.11381
V275	0.05114	0.07566	0.8385	0.0347
V276	0.47275	0.36551	0.0183	0.14344
V277	0.05415	0.19824	0.18457	0.56305
V278	0.05166	0.06604	0.30016	0.58214
V279	0.65087	0.0936	0.11503	0.14049
V280	0.06362	0.03787	0.10206	0.79645
V281	0.50125	0.05794	0.1492	0.29162
V282	0.072	0.09247	0.76681	0.06872
V283	0.2085	0.58241	0.07898	0.1301
V284	0.06408	0.83457	0.10135	0
V285	0.11673	0.06344	0.79272	0.02711
V286	0.23784	0.55717	0.12285	0.08214
V287	0.11867	0.81421	0.05528	0.01183
V288	0.0291	0.27529	0.42431	0.27131
V289	0.26594	0.24404	0.41615	0.07387
V290	0.74089	0.21002	0.04273	0.00636
V291	0.45151	0.10576	0.42639	0.01633
V292	0.86862	0.05872	0.01284	0.05982
V293	0.27675	0.05144	0.62388	0.04792
V294	0.10395	0.34985	0.0352	0.511
V295	0.03787	0.16985	0.21219	0.58008
V296	0.16969	0.14326	0.59715	0.0899
V297	0.09479	0.02854	0.12014	0.75653
V298	0.28153	0.13276	0.5666	0.01911
V299	0.0863	0.26044	0.05487	0.59839
V300	0.03105	0.04904	0.24967	0.67024
V301	0.12011	0.1308	0.62869	0.1204
V302	0.5982	0.36834	0.02212	0.01135
V303	0.0268	0.5759	0.37083	0.02648
V304	0.06485	0.04962	0.71185	0.17368
V305	0.11936	0.17039	0.45578	0.25447
V306	0.76017	0.1369	0.05841	0.04452
V307	0.05809	0.8685	0.06658	0.00684
V308	0.21487	0.24351	0.30075	0.24086
V309	0.30716	0.32538	0.04204	0.32542
V310	0.08801	0.30524	0.1704	0.43635
V311	0.47547	0.48809	0.03491	0.00154
V312	0.11508	0.71269	0.16097	0.01126
V313	0.03949	0.12662	0.07993	0.75396
V314	0.03738	0.45387	0.13577	0.37297
V315	0.12985	0.61216	0.05843	0.19956
V316	0.28569	0.15838	0.38836	0.16758
V317	0.10266	0.68135	0.06923	0.14676
V318	0.05947	0.52393	0.04527	0.37133
V319	0.0778	0.08869	0.78884	0.04467
V320	0.08284	0.15785	0.6294	0.12991
V321	0.57436	0.38437	0.03938	0.00188
V322	0.1847	0.31934	0.09252	0.40344
V323	0.07408	0.04232	0.13226	0.75133
V324	0.61202	0.29038	0.08154	0.01606
V325	0.29078	0.62608	0.08314	0
V326	0.02285	0.53224	0.11929	0.32562
V327	0.04453	0.14173	0.14002	0.67371
V328	0.05636	0.04939	0.71101	0.18324
V329	0.15935	0.11894	0.18819	0.53352
V330	0.35043	0.03259	0.3416	0.27539
V331	0.30498	0.10255	0.06789	0.52458
V332	0.03777	0.06166	0.20827	0.6923
V333	0.38821	0.10494	0.39099	0.11586
V334	0.31846	0.03206	0.36278	0.2867
V335	0.04011	0.33524	0.50086	0.12379
V336	0.17819	0.68983	0.04377	0.08821
V337	0.26719	0.41687	0.29279	0.02316
V338	0.04813	0.87733	0.07042	0.00412
V339	0.14087	0.05516	0.77811	0.02586
V340	0.06385	0.23203	0.51553	0.18859
V341	0.05418	0.05577	0.11688	0.77317
V342	0.22449	0.0334	0.59932	0.14278
V343	0.87359	0.07617	0.03461	0.01564
V344	0.6155	0.19109	0.19104	0.00237
V345	0.07181	0.08329	0.81887	0.02603
V346	0.2092	0.12627	0.29042	0.37411
V347	0.06521	0.03411	0.16316	0.73752
V348	0.07355	0.63897	0.15689	0.13059
V349	0.3179	0.19255	0.38527	0.10427
V350	0.06676	0.73841	0.19483	0
V351	0.03451	0.04378	0.39021	0.5315
V352	0.06505	0.05159	0.79367	0.08968
V353	0.8275	0.06658	0.04133	0.06459
V354	0.06792	0.67153	0.23151	0.02904
V355	0.25004	0.09894	0.45979	0.19123
V356	0.05902	0.04355	0.14242	0.75501
V357	0.11447	0.33146	0.28394	0.27014
V358	0.49114	0.12998	0.05973	0.31915
V359	0.51424	0.08242	0.04439	0.35895
V360	0.50303	0.44805	0.04214	0.00678
V361	0.0328	0.43499	0.52069	0.01153
V362	0.04723	0.87443	0.07571	0.00263
V363	0.15823	0.13268	0.4642	0.24488
V364	0.14837	0.08764	0.66158	0.10241
V365	0.23214	0.04666	0.05478	0.66642
V366	0.09269	0.6658	0.10302	0.1385
V367	0.51783	0.16871	0.01081	0.30265
V368	0.10303	0.71324	0.10435	0.07937
V369	0.0474	0.39073	0.55146	0.01041
V370	0.27637	0.29592	0.40063	0.02708
V371	0.18734	0.70706	0.054	0.05161
V372	0.15006	0.06566	0.14787	0.6364
V373	0.08049	0.14689	0.46446	0.30816
V374	0.70178	0.0658	0.22268	0.00974
V375	0.061	0.05383	0.17451	0.71065
V376	0.05799	0.05051	0.1409	0.7506
V377	0.73332	0.03237	0.01694	0.21737
V378	0.02778	0.04467	0.39846	0.52909
V379	0.30041	0.20689	0.0331	0.45959
V380	0.13938	0.08259	0.21631	0.56172
V381	0.68456	0.04793	0.09618	0.17133
V382	0.10632	0.07159	0.79765	0.02444
V383	0.78092	0.04485	0.05396	0.12027
V384	0.50715	0.10616	0.13896	0.24774
V385	0.8034	0.058	0.08236	0.05623
V386	0.26207	0.0337	0.16526	0.53897
V387	0.54043	0.18382	0.19503	0.08072
V388	0.34394	0.35369	0.15471	0.14765
V389	0.38364	0.53385	0.02875	0.05376
V390	0.27489	0.2761	0.443	0.00601
V391	0.36696	0.12313	0.03893	0.47098
V392	0.38621	0.2478	0.17282	0.19317
V393	0.25711	0.2504	0.34853	0.14396
V394	0.09798	0.21944	0.13766	0.54492
V395	0.20801	0.40289	0.20892	0.18017
V396	0.05017	0.87584	0.05935	0.01464
V397	0.72467	0.12895	0.11014	0.03624
V398	0.40037	0.15782	0.10792	0.33389
V399	0.18803	0.55791	0.16138	0.09268
V400	0.02432	0.54889	0.09415	0.33264
V401	0.05163	0.16977	0.69541	0.08319
V402	0.7163	0.21805	0.06135	0.0043
V403	0.05464	0.04755	0.12532	0.77249
V404	0.09387	0.20855	0.59919	0.09839
V405	0.19458	0.04906	0.18681	0.56956
V406	0.59339	0.28713	0.02408	0.0954
V407	0.04813	0.87733	0.07042	0.00412
V408	0.0926	0.249	0.39569	0.2627
V409	0.04458	0.05841	0.10252	0.79449
V410	0.10943	0.81021	0.069	0.01136
V411	0.38029	0.03418	0.02842	0.55711
V412	0.14655	0.0941	0.49252	0.26683
V413	0.07002	0.47194	0.19608	0.26196
V414	0.05168	0.50066	0.33017	0.11749
V415	0.39578	0.05648	0.24112	0.30662
V416	0.06101	0.11978	0.79609	0.02312
V417	0.35327	0.60618	0.04054	0
V418	0.08125	0.10727	0.16849	0.643
V419	0.06046	0.03735	0.1087	0.7935
V420	0.03352	0.8331	0.05466	0.07872
V421	0.1473	0.06846	0.66154	0.1227
V422	0.07339	0.08412	0.0703	0.77218
V423	0.09942	0.05913	0.80219	0.03926
V424	0.0155	0.06859	0.59271	0.3232
V425	0.06648	0.24662	0.57968	0.10722
V426	0.09678	0.07415	0.75141	0.07767
V427	0.07832	0.3851	0.20627	0.33031
V428	0.10419	0.74539	0.08102	0.0694
V429	0.05835	0.03698	0.11429	0.79038
V430	0.6967	0.20963	0.02459	0.06908
V431	0.16455	0.04596	0.44786	0.34164
V432	0.11086	0.10123	0.09068	0.69723
V433	0.07945	0.6982	0.02813	0.19422
V434	0.29435	0.09352	0.07716	0.53497
V435	0.45171	0.03791	0.13448	0.3759
V436	0.3328	0.03437	0.13419	0.49864
V437	0.21119	0.23016	0.03473	0.52392
V438	0.55889	0.19349	0.03841	0.20921
V439	0.06279	0.11361	0.06826	0.75534
V440	0.4242	0.06149	0.05304	0.46127
V441	0.07183	0.14308	0.58359	0.20149
V442	0.29111	0.36023	0.1478	0.20087
V443	0.69241	0.03994	0.0964	0.17125
V444	0.07181	0.08329	0.81887	0.02603
V445	0.5626	0.05942	0.34521	0.03277
V446	0.06164	0.79248	0.0856	0.06027
V447	0.58175	0.13369	0.18359	0.10098
V448	0.0424	0.0753	0.2139	0.6684
V449	0.51419	0.07783	0.30326	0.10472
V450	0.16071	0.77366	0.06564	0
V451	0.85151	0.10193	0.01932	0.02724
V452	0.06364	0.03883	0.12523	0.7723
V453	0.75459	0.11821	0.07371	0.05349
V454	0.04045	0.85675	0.0954	0.0074
V455	0.55144	0.07229	0.30998	0.06629
V456	0.29602	0.1486	0.38762	0.16776
V457	0.04357	0.07512	0.08811	0.79319
V458	0.24062	0.23258	0.03107	0.49573
V459	0.04319	0.75995	0.1176	0.07927
V460	0.8696	0.06181	0.04834	0.02025
V461	0.08539	0.06102	0.07242	0.78118
V462	0.31149	0.25739	0.01688	0.41424
V463	0.23879	0.48868	0.16834	0.10419
V464	0.44923	0.12601	0.01845	0.40632
V465	0.37078	0.44962	0.0376	0.142
V466	0.5328	0.22016	0.00866	0.23839
V467	0.29538	0.57903	0.09839	0.0272
V468	0.45883	0.43044	0.06423	0.0465
V469	0.03345	0.17364	0.29378	0.49913
V470	0.50085	0.1601	0.18695	0.15209
V471	0.23597	0.11874	0.06678	0.57851
V472	0.29462	0.34016	0.0145	0.35072
V473	0.11265	0.53841	0.33355	0.01539
V474	0.12059	0.02384	0.14164	0.71394
V475	0.17642	0.39712	0.09945	0.32702
V476	0.15367	0.03845	0.09877	0.70911
V477	0.54808	0.07411	0.21347	0.16434
V478	0.1405	0.57042	0.02882	0.26026
V479	0.0373	0.10701	0.75983	0.09586
V480	0.09168	0.29401	0.07961	0.5347
V481	0.15157	0.05885	0.75979	0.02979
V482	0.64146	0.20416	0.12028	0.0341
V483	0.12577	0.11647	0.10849	0.64927
V484	0.05471	0.08971	0.08512	0.77047
V485	0.13195	0.71348	0.03877	0.11581
V486	0.24597	0.27757	0.14256	0.33391
V487	0.08669	0.06192	0.12626	0.72513
V488	0.033	0.04838	0.79499	0.12363
V489	0.2036	0.13288	0.64184	0.02167
V490	0.31048	0.33153	0.08331	0.27468
V491	0.40687	0.48925	0.04964	0.05424
V492	0.06093	0.77883	0.16024	0
V493	0.0952	0.04219	0.07502	0.78759
V494	0.1803	0.17979	0.51252	0.1274
V495	0.21703	0.61616	0.15556	0.01125
V496	0.26261	0.67414	0.02663	0.03663
V497	0.06327	0.06108	0.84149	0.03416
V498	0.27627	0.12047	0.07726	0.526
V499	0.5582	0.30185	0.13834	0.00162
V500	0.10747	0.14666	0.69826	0.04761
V501	0.05	0.0437	0.12784	0.77847
V502	0.50138	0.31398	0.16148	0.02316
V503	0.17789	0.11151	0.2144	0.4962
V504	0.22538	0.68498	0.03761	0.05203
V505	0.18279	0.22688	0.26219	0.32814
V506	0.09294	0.26296	0.44592	0.19819
V507	0.56269	0.1389	0.12689	0.17152
V508	0.69513	0.21159	0.05099	0.04229
V509	0.20751	0.08885	0.50105	0.20258
V510	0.21827	0.51638	0.26535	0
V511	0.06563	0.39459	0.07794	0.46184
V512	0.21416	0.0666	0.11008	0.60916
V513	0.09239	0.63107	0.22151	0.05502
V514	0.05435	0.10065	0.06944	0.77557
V515	0.71539	0.10333	0.05258	0.1287
V516	0.81936	0.1404	0.02647	0.01377
V517	0.05557	0.04309	0.26345	0.63788
V518	0.86003	0.09408	0.02918	0.0167
V519	0.05706	0.81359	0.04246	0.08689
V520	0.0406	0.02592	0.58942	0.34406
V521	0.51526	0.08513	0.36795	0.03166
V522	0.02003	0.13799	0.55716	0.28483
V523	0.31767	0.15269	0.26612	0.26352
V524	0.03849	0.73348	0.20697	0.02105
V525	0.23091	0.21347	0.0539	0.50172
V526	0.59012	0.11727	0.08035	0.21226
V527	0.18432	0.04449	0.39705	0.37414
V528	0.11827	0.80674	0.03845	0.03654
V529	0.07022	0.07395	0.23696	0.61888
V530	0.02521	0.21469	0.6503	0.10979
V531	0.06146	0.7882	0.15034	0
V532	0.16539	0.32157	0.05491	0.45813
V533	0.25946	0.3684	0.14948	0.22267
V534	0.02539	0.03932	0.6726	0.2627
V535	0.48429	0.02307	0.03195	0.4607
V536	0.1732	0.01942	0.37385	0.43353
V537	0.53617	0.29264	0.1627	0.00848
V538	0.40168	0.07908	0.10183	0.41742
V539	0.24936	0.44647	0.1682	0.13597
V540	0.19723	0.68099	0.09559	0.02619
V541	0.03995	0.47797	0.09348	0.3886
V542	0.17918	0.14289	0.26199	0.41594
V543	0.82428	0.04878	0.01704	0.10991
V544	0.1047	0.09896	0.19201	0.60432
V545	0.32261	0.1619	0.08754	0.42795
V546	0.07831	0.81588	0.1058	0
V547	0.06247	0.61605	0.31369	0.00779
V548	0.16203	0.72423	0.11374	0
V549	0.2986	0.0717	0.60658	0.02311
V550	0.51949	0.0581	0.01245	0.40995
V551	0.17807	0.71586	0.06315	0.04292
V552	0.03007	0.49037	0.04706	0.43251
V553	0.21346	0.17742	0.58315	0.02596
V554	0.07503	0.09961	0.07821	0.74715
V555	0.09298	0.23387	0.33475	0.3384
V556	0.04003	0.07256	0.83411	0.0533
V557	0.76066	0.06777	0.01376	0.1578
V558	0.0865	0.75023	0.05717	0.1061
V559	0.05243	0.73536	0.21221	0
V560	0.61823	0.34909	0.02622	0.00646
V561	0.05114	0.07566	0.8385	0.0347
V562	0.72942	0.04473	0.12357	0.10228
V563	0.23411	0.05231	0.69135	0.02223
V564	0.08203	0.10897	0.78055	0.02845
V565	0.12236	0.27277	0.37502	0.22984
V566	0.64031	0.1356	0.00634	0.21775
V567	0.20703	0.44637	0.04662	0.29998
V568	0.21322	0.02938	0.09215	0.66525
V569	0.6132	0.06207	0.00539	0.31934
V570	0.04337	0.29624	0.59159	0.0688
V571	0.7579	0.173	0.00629	0.0628
V572	0.40201	0.0436	0.44552	0.10887
V573	0.08132	0.17125	0.05727	0.69016
V574	0.06566	0.73885	0.19012	0.00537
V575	0.04561	0.09317	0.15856	0.70265
V576	0.1617	0.76032	0.07402	0.00397
V577	0.05652	0.05869	0.22945	0.65534
V578	0.063	0.08958	0.65521	0.19221
V579	0.0436	0.81745	0.12628	0.01268
V580	0.1424	0.02909	0.14424	0.68426
V581	0.08931	0.09857	0.06005	0.75206
V582	0.52619	0.18141	0.03978	0.25262
V583	0.02211	0.06537	0.56779	0.34472
V584	0.47197	0.19685	0.29553	0.03565
V585	0.02862	0.03072	0.43351	0.50715
V586	0.21548	0.04526	0.63608	0.10318
V587	0.24788	0.05334	0.65771	0.04106
V588	0.56501	0.07528	0.03383	0.32588
V589	0.07833	0.77748	0.09263	0.05156
V590	0.07525	0.71704	0.20771	0
V591	0.03151	0.0563	0.22612	0.68607
V592	0.16989	0.08274	0.72793	0.01944
V593	0.5304	0.02617	0.19456	0.24886
V594	0.30868	0.3166	0.33224	0.04247
V595	0.06254	0.05656	0.08678	0.79412
V596	0.05067	0.27371	0.23758	0.43804
V597	0.02133	0.56411	0.33656	0.07801
V598	0.05003	0.14418	0.7771	0.02869
V599	0.57142	0.35702	0.04881	0.02275
V600	0.32972	0.49347	0.06523	0.11158
V601	0.15432	0.27439	0.10511	0.46619
V602	0.06547	0.05999	0.07932	0.79522
V603	0.0388	0.3415	0.05839	0.56131
V604	0.46871	0.15901	0.34336	0.02892
V605	0.07526	0.33446	0.39455	0.19573
V606	0.67212	0.19731	0.01431	0.11625
V607	0.59316	0.04336	0.11738	0.24609
V608	0.20192	0.183	0.38287	0.23221
V609	0.04238	0.23173	0.24733	0.47856
V610	0.7142	0.05906	0.09597	0.13076
V611	0.24991	0.02865	0.08781	0.63363
V612	0.04642	0.11742	0.75908	0.07709
V613	0.05453	0.33705	0.56744	0.04097
V614	0.70609	0.10292	0.0523	0.13869
V615	0.1326	0.07508	0.05961	0.73272
V616	0.09347	0.68006	0.06966	0.15681
V617	0.42809	0.20124	0.36669	0.00398
V618	0.65769	0.04063	0.0054	0.29627
V619	0.34303	0.05788	0.32323	0.27586
V620	0.04197	0.62414	0.331	0.00288
V621	0.38352	0.18387	0.1831	0.24951
V622	0.32701	0.25647	0.3892	0.02732
V623	0.04482	0.08471	0.17419	0.69629
V624	0.72236	0.23983	0.01626	0.02155
V625	0.24912	0.50603	0.11193	0.13292
V626	0.86971	0.0826	0.0251	0.02258
V627	0.04135	0.05334	0.1333	0.77202
V628	0.03639	0.21528	0.06958	0.67875
V629	0.12382	0.29928	0.28387	0.29303
V630	0.05375	0.33737	0.55978	0.04911
V631	0.04256	0.18615	0.13733	0.63395
V632	0.52629	0.02438	0.1481	0.30123
V633	0.02422	0.067	0.77291	0.13586
V634	0.36531	0.29549	0.33586	0.00335
V635	0.05342	0.71626	0.03681	0.19351
V636	0.11988	0.13007	0.61968	0.13037
V637	0.27367	0.21174	0.10633	0.40826
V638	0.34079	0.27946	0.08241	0.29735
V639	0.25737	0.43416	0.30847	0
V640	0.05487	0.17251	0.71582	0.0568
V641	0.82533	0.08476	0.03476	0.05515
V642	0.70578	0.21872	0.00537	0.07013
V643	0.0207	0.19076	0.44176	0.34678
V644	0.82912	0.12682	0.02648	0.01758
V645	0.24684	0.42525	0.3126	0.01531
V646	0.05613	0.87487	0.06688	0.00213
V647	0.14177	0.11775	0.67591	0.06457
V648	0.37747	0.45389	0.14801	0.02063
V649	0.04912	0.0938	0.7872	0.06988
V650	0.06987	0.11679	0.73732	0.07602
V651	0.28916	0.05127	0.63916	0.02041
V652	0.08899	0.10644	0.4315	0.37307
V653	0.12987	0.65136	0.11903	0.09974
V654	0.64209	0.2409	0.06667	0.05035
V655	0.05851	0.53755	0.05185	0.3521
V656	0.19275	0.27018	0.04056	0.49651
V657	0.05742	0.09576	0.07255	0.77427
V658	0.55082	0.2482	0.06438	0.13661
V659	0.29427	0.11627	0.36767	0.22178
V660	0.06714	0.86554	0.05166	0.01567
V661	0.07338	0.39815	0.08441	0.44406
V662	0.37151	0.05182	0.46772	0.10896
V663	0.2182	0.10391	0.55821	0.11968
V664	0.18975	0.10137	0.65374	0.05514
V665	0.63638	0.22906	0.04721	0.08735
V666	0.52234	0.02308	0.11306	0.34152
V667	0.69183	0.1225	0.18043	0.00524
V668	0.13993	0.74004	0.12003	0
V669	0.218	0.42776	0.25691	0.09732
V670	0.10472	0.83393	0.04702	0.01433
V671	0.33185	0.31615	0.26309	0.08891
V672	0.05169	0.06805	0.83085	0.04942
V673	0.21829	0.38355	0.23842	0.15974
V674	0.66496	0.18754	0.02124	0.12626
V675	0.13442	0.33725	0.32293	0.2054
V676	0.0528	0.11686	0.1406	0.68975
V677	0.35282	0.42538	0.10793	0.11387
V678	0.46794	0.49051	0.04104	0.00052
V679	0.06801	0.31766	0.59615	0.01818
V680	0.28584	0.54973	0.15284	0.01159
V681	0.8289	0.11402	0.02603	0.03105
V682	0.11735	0.31166	0.53168	0.03931
V683	0.06407	0.85328	0.08265	0
V684	0.64487	0.20314	0.10076	0.05123
V685	0.45237	0.37409	0.13458	0.03897
V686	0.09686	0.18134	0.17345	0.54835
V687	0.06559	0.04772	0.08989	0.79681
V688	0.34544	0.52209	0.01222	0.12025
V689	0.22252	0.02333	0.08547	0.66867
V690	0.42558	0.0817	0.42464	0.06807
V691	0.16532	0.05405	0.75585	0.02478
V692	0.08628	0.16221	0.67852	0.07299
V693	0.20975	0.13099	0.37145	0.28782
V694	0.03318	0.04515	0.29892	0.62276
V695	0.2128	0.0258	0.17775	0.58365
V696	0.0911	0.0992	0.06907	0.74063
V697	0.05129	0.08657	0.07724	0.7849
V698	0.76452	0.04234	0.01504	0.1781
V699	0.51736	0.32096	0.07575	0.08593
V700	0.20696	0.04875	0.05222	0.69207
V701	0.11879	0.51565	0.12803	0.23752
V702	0.48119	0.10826	0.02357	0.38697
V703	0.12601	0.07313	0.48064	0.32022
V704	0.76569	0.08688	0.02885	0.11859
V705	0.88245	0.05095	0.03084	0.03576
V706	0.08592	0.08043	0.73831	0.09534
V707	0.05496	0.42699	0.4808	0.03724
V708	0.06419	0.81896	0.05723	0.05963
V709	0.13387	0.28132	0.50922	0.07559
V710	0.55048	0.24739	0.05551	0.14662
V711	0.10665	0.75613	0.11877	0.01845
V712	0.76006	0.09557	0.00691	0.13746
V713	0.39299	0.32241	0.04466	0.23993
V714	0.03477	0.62529	0.0535	0.28643
V715	0.27897	0.35686	0.30411	0.06006
V716	0.06239	0.06338	0.10002	0.7742
V717	0.10718	0.83448	0.05036	0.00798
V718	0.148	0.55752	0.19112	0.10336
V719	0.07553	0.67492	0.06305	0.18649
V720	0.64784	0.03833	0.23754	0.07629
V721	0.11952	0.18142	0.46602	0.23304
V722	0.10212	0.32131	0.04872	0.52784
V723	0.11548	0.09859	0.05946	0.72647
V724	0.5175	0.05637	0.09439	0.33175
V725	0.03334	0.12571	0.79385	0.0471
V726	0.05388	0.36078	0.14525	0.4401
V727	0.2539	0.63007	0.11603	0
V728	0.06206	0.80835	0.12959	0
V729	0.35686	0.03545	0.1767	0.43099
V730	0.83455	0.0794	0.05471	0.03134
V731	0.03721	0.20052	0.39309	0.36918
V732	0.31513	0.10697	0.35641	0.22148
V733	0.58966	0.22624	0.03761	0.14648
V734	0.22675	0.32387	0.44423	0.00516
V735	0.03175	0.04532	0.4672	0.45573
V736	0.1471	0.03854	0.06437	0.74999
V737	0.30141	0.31335	0.24516	0.14008
V738	0.08564	0.33812	0.44312	0.13313
V739	0.01883	0.0382	0.57396	0.36901
V740	0.77122	0.13253	0.08225	0.014
V741	0.43253	0.13112	0.13369	0.30267
V742	0.36831	0.57958	0.05211	0
V743	0.13718	0.1674	0.66583	0.02959
V744	0.47222	0.07675	0.33554	0.11548
V745	0.03933	0.66402	0.19534	0.10132
V746	0.88168	0.06322	0.03299	0.02211
V747	0.06537	0.03087	0.68038	0.22338
V748	0.11819	0.1269	0.57352	0.18139
V749	0.25034	0.18679	0.07609	0.48678
V750	0.37894	0.47889	0.03083	0.11134
V751	0.0719	0.81332	0.07203	0.04275
V752	0.41803	0.25846	0.14236	0.18114
V753	0.06831	0.06559	0.07227	0.79383
V754	0.04735	0.85482	0.0438	0.05404
V755	0.14097	0.20748	0.34397	0.30759
V756	0.05987	0.04332	0.10956	0.78725
V757	0.31422	0.58402	0.08291	0.01884
V758	0.06768	0.72903	0.14155	0.06174
V759	0.11726	0.07815	0.39952	0.40507
V760	0.25843	0.07988	0.28775	0.37395
V761	0.08099	0.56395	0.2791	0.07596
V762	0.03177	0.35056	0.06044	0.55724
V763	0.35079	0.37279	0.03808	0.23834
V764	0.04424	0.85364	0.04941	0.05271
V765	0.60422	0.12449	0.00204	0.26925
V766	0.02964	0.31955	0.43381	0.217
V767	0.43721	0.15997	0.24939	0.15343
V768	0.08495	0.83764	0.06517	0.01223
V769	0.15307	0.77475	0.06787	0.00431
V770	0.05613	0.87487	0.06688	0.00213
V771	0.1689	0.05836	0.74347	0.02926
V772	0.14481	0.085	0.74897	0.02122
V773	0.17149	0.7748	0.04824	0.00547
V774	0.05605	0.05357	0.83749	0.05288
V775	0.10996	0.05788	0.28998	0.54219
V776	0.39163	0.44281	0.06269	0.10287
V777	0.15992	0.12745	0.16146	0.55117
V778	0.48886	0.30975	0.07567	0.12572
V779	0.15545	0.06583	0.4902	0.28852
V780	0.1302	0.71104	0.15876	0
V781	0.07354	0.05785	0.08716	0.78145
V782	0.0307	0.14392	0.74862	0.07676
V783	0.73062	0.05756	0.05258	0.15925
V784	0.13085	0.8077	0.06145	0
V785	0.07043	0.85593	0.06077	0.01286
V786	0.66161	0.20324	0.0927	0.04246
V787	0.0388	0.773	0.18663	0.00157
V788	0.46405	0.33457	0.16145	0.03994
V789	0.08377	0.34173	0.06368	0.51081
V790	0.39605	0.05253	0.09481	0.4566
V791	0.13549	0.38216	0.33137	0.15098
V792	0.13964	0.51679	0.02969	0.31388
V793	0.13026	0.63302	0.05844	0.17828
V794	0.06114	0.10725	0.74573	0.08587
V795	0.11191	0.06228	0.10146	0.72435
V796	0.0558	0.11648	0.79097	0.03676
V797	0.69578	0.04791	0.23826	0.01805
V798	0.56441	0.3297	0.09088	0.01501
V799	0.1412	0.74224	0.05627	0.06029
V800	0.07033	0.04553	0.50393	0.38021
V801	0.12911	0.13314	0.33209	0.40565
V802	0.0518	0.09079	0.28268	0.57473
V803	0.218	0.50913	0.27286	0
V804	0.47591	0.05471	0.39152	0.07786
V805	0.08709	0.06718	0.81632	0.02941
V806	0.07578	0.84156	0.05528	0.02739
V807	0.2289	0.16476	0.06422	0.54212
V808	0.60548	0.30869	0.05397	0.03186
V809	0.08604	0.09045	0.8004	0.02311
V810	0.06094	0.87198	0.06188	0.00519
V811	0.37831	0.10236	0.21329	0.30604
V812	0.49835	0.29817	0.05743	0.14605
V813	0.54251	0.23569	0.19686	0.02494
V814	0.39568	0.53296	0.07136	0
V815	0.04261	0.83653	0.11955	0.00131
V816	0.83389	0.0629	0.09043	0.01278
V817	0.05971	0.11038	0.7998	0.0301
V818	0.04057	0.08166	0.1006	0.77716
V819	0.76892	0.12803	0.05835	0.0447
V820	0.12887	0.11039	0.06752	0.69322
V821	0.20581	0.33513	0.38737	0.07169
V822	0.0906	0.06679	0.80404	0.03857
V823	0.04132	0.20612	0.65231	0.10025
V824	0.11044	0.37417	0.5099	0.00549
V825	0.20608	0.30638	0.26022	0.22732
V826	0.3957	0.4311	0.16769	0.00551
V827	0.34936	0.59419	0.03674	0.01971
V828	0.20047	0.17701	0.13067	0.49185
V829	0.06077	0.23141	0.08029	0.62754
V830	0.2019	0.23178	0.05582	0.5105
V831	0.71372	0.13172	0.03664	0.11792
V832	0.24969	0.41448	0.17807	0.15777
V833	0.14768	0.50521	0.19143	0.15568
V834	0.25491	0.09286	0.10458	0.54765
V835	0.33044	0.46723	0.1284	0.07392
V836	0.03689	0.62934	0.03994	0.29383
V837	0.20787	0.39114	0.19946	0.20153
V838	0.84265	0.09549	0.05025	0.0116
V839	0.28302	0.59427	0.12271	0
V840	0.27919	0.66897	0.05185	0
V841	0.03136	0.08187	0.81213	0.07465
V842	0.32004	0.19541	0.26601	0.21855
V843	0.04279	0.06062	0.80619	0.0904
V844	0.10863	0.10479	0.38138	0.40519
V845	0.07803	0.13456	0.71253	0.07488
V846	0.02072	0.04611	0.7114	0.22177
V847	0.05185	0.04378	0.11894	0.78543
V848	0.09888	0.49797	0.18428	0.21887
V849	0.04013	0.87225	0.05741	0.03021
V850	0.88401	0.05615	0.03749	0.02235
V851	0.31111	0.52372	0.16517	0
V852	0.10699	0.06602	0.16009	0.6669
V853	0.22487	0.25107	0.4	0.12405
V854	0.54294	0.20863	0.10965	0.13878
V855	0.05185	0.04378	0.11894	0.78543
V856	0.0568	0.35146	0.3545	0.23724
V857	0.6192	0.21678	0.03765	0.12637
V858	0.50181	0.05765	0.42755	0.01299
V859	0.60354	0.27709	0.0238	0.09557
V860	0.17055	0.12593	0.08803	0.61549
V861	0.10312	0.35869	0.52355	0.01464
V862	0.13334	0.11861	0.69157	0.05649
V863	0.18214	0.08183	0.04645	0.68958
V864	0.08301	0.0585	0.10127	0.75721
V865	0.11048	0.02644	0.27987	0.58321
V866	0.66202	0.06365	0.25802	0.01631
V867	0.65789	0.07421	0.25845	0.00944
V868	0.46779	0.3141	0.14125	0.07687
V869	0.06353	0.86954	0.06532	0.00161
V870	0.11033	0.32393	0.05402	0.51171
V871	0.04013	0.87225	0.05741	0.03021
V872	0.03643	0.03906	0.26482	0.65969
V873	0.82323	0.07749	0.06032	0.03896
V874	0.20082	0.72514	0.07405	0
V875	0.03676	0.18942	0.22048	0.55334
V876	0.15476	0.34329	0.40992	0.09203
V877	0.05802	0.39182	0.30442	0.24574
V878	0.14845	0.74637	0.10517	0
V879	0.1876	0.67536	0.06706	0.06998
V880	0.28703	0.55357	0.02045	0.13895
V881	0.13602	0.07093	0.58993	0.20313
V882	0.74429	0.03828	0.13293	0.0845
V883	0.26472	0.22828	0.50052	0.00648
V884	0.05178	0.25893	0.05037	0.63892
V885	0.63745	0.25394	0.10743	0.00118
V886	0.03156	0.36398	0.46147	0.14299
V887	0.58164	0.10195	0.1642	0.15221
V888	0.10241	0.07905	0.71446	0.10408
V889	0.8416	0.09847	0.03577	0.02415
V890	0.04555	0.16249	0.60156	0.19039
V891	0.57123	0.09198	0.28982	0.04698
V892	0.24885	0.19416	0.03913	0.51786
V893	0.52838	0.25414	0.15804	0.05944
V894	0.08084	0.31932	0.55966	0.04019
V895	0.5403	0.10183	0.20455	0.15332
V896	0.07165	0.85969	0.05521	0.01345
V897	0.63202	0.29598	0.01307	0.05894
V898	0.40029	0.02368	0.0338	0.54222
V899	0.04741	0.18724	0.16876	0.59659
V900	0.08398	0.30062	0.36539	0.25001
V901	0.06375	0.78277	0.03922	0.11426
V902	0.07962	0.82819	0.09219	0
V903	0.02997	0.41367	0.50872	0.04763
V904	0.06787	0.86735	0.06072	0.00406
V905	0.14035	0.01997	0.20069	0.63899
V906	0.3532	0.1156	0.12119	0.41001
V907	0.39333	0.52506	0.03664	0.04497
V908	0.04459	0.07029	0.12213	0.763
V909	0.1426	0.76432	0.03169	0.06138
V910	0.15136	0.02134	0.15217	0.67512
V911	0.46974	0.41964	0.04581	0.06481
V912	0.35442	0.35245	0.13531	0.15782
V913	0.13099	0.03285	0.0708	0.76535
V914	0.17744	0.49622	0.29535	0.03099
V915	0.20228	0.02845	0.05801	0.71125
V916	0.22848	0.0925	0.62443	0.05459
V917	0.65733	0.06933	0.17082	0.10252
V918	0.06389	0.61132	0.24096	0.08382
V919	0.1834	0.25214	0.30205	0.26241
V920	0.56125	0.24105	0.1005	0.09721
V921	0.05617	0.16166	0.08074	0.70142
V922	0.10909	0.46339	0.38516	0.04236
V923	0.09398	0.04474	0.09616	0.76512
V924	0.05993	0.6406	0.27751	0.02197
V925	0.16433	0.0567	0.06269	0.71629
V926	0.17988	0.04664	0.0742	0.69928
V927	0.05421	0.06369	0.10856	0.77354
V928	0.0744	0.82898	0.04456	0.05205
V929	0.07296	0.61794	0.14813	0.16097
V930	0.46248	0.40012	0.04399	0.09341
V931	0.13404	0.29169	0.49898	0.07529
V932	0.04471	0.1319	0.59057	0.23282
V933	0.53973	0.41817	0.03443	0.00768
V934	0.02707	0.15393	0.28408	0.53492
V935	0.50869	0.20468	0.21588	0.07075
V936	0.47531	0.30338	0.02497	0.19634
V937	0.48737	0.16263	0.09376	0.25624
V938	0.33398	0.0759	0.31418	0.27595
V939	0.69433	0.05659	0.07845	0.17062
V940	0.05339	0.74807	0.17052	0.02802
V941	0.05428	0.06676	0.83372	0.04524
V942	0.66973	0.23238	0.08029	0.0176
V943	0.35699	0.16639	0.42008	0.05654
V944	0.04297	0.25022	0.10351	0.60329
V945	0.50961	0.38628	0.02009	0.08402
V946	0.4116	0.2963	0.25929	0.03281
V947	0.08595	0.06546	0.24527	0.60332
V948	0.30826	0.07014	0.59179	0.02981
V949	0.0265	0.11766	0.2229	0.63294
V950	0.07067	0.5193	0.22334	0.1867
V951	0.75374	0.06692	0.16901	0.01034
V952	0.07583	0.13694	0.27427	0.51295
V953	0.04841	0.09098	0.81366	0.04694
V954	0.05552	0.17831	0.16828	0.59789
V955	0.12996	0.57752	0.05102	0.2415
V956	0.04561	0.04533	0.5005	0.40856
V957	0.28651	0.04194	0.03849	0.63306
V958	0.0952	0.04219	0.07502	0.78759
V959	0.21456	0.28422	0.42782	0.07341
V960	0.21432	0.27988	0.09988	0.40593
V961	0.13581	0.39363	0.35074	0.11982
V962	0.32795	0.20413	0.39377	0.07416
V963	0.54074	0.21317	0.16656	0.07953
V964	0.77563	0.07634	0.10964	0.0384
V965	0.07016	0.48414	0.20505	0.24065
V966	0.87671	0.07222	0.0297	0.02137
V967	0.06141	0.06294	0.51581	0.35984
V968	0.023	0.17178	0.72821	0.07701
V969	0.03787	0.26684	0.08263	0.61266
V970	0.04527	0.13229	0.42088	0.40155
V971	0.45279	0.12609	0.33684	0.08428
V972	0.45588	0.23172	0.05914	0.25326
V973	0.24884	0.42792	0.09396	0.22928
V974	0.03464	0.74196	0.15225	0.07116
V975	0.11443	0.30039	0.57481	0.01037
V976	0.39645	0.27745	0.12451	0.20159
V977	0.2958	0.37383	0.32862	0.00175
V978	0.07859	0.1015	0.10888	0.71102
V979	0.72824	0.06642	0.19513	0.01021
V980	0.88168	0.06322	0.03299	0.02211
V981	0.30055	0.06192	0.43571	0.20182
V982	0.40301	0.42397	0.08914	0.08387
V983	0.63596	0.09677	0.00767	0.2596
V984	0.04735	0.78709	0.13806	0.0275
V985	0.08884	0.18785	0.0544	0.66891
V986	0.2985	0.53345	0.06705	0.10099
V987	0.23343	0.71764	0.03542	0.01352
V988	0.19015	0.04116	0.06158	0.70711
V989	0.40328	0.48747	0.09704	0.01221
V990	0.02084	0.07935	0.74553	0.15429
V991	0.57976	0.38703	0.02234	0.01088
V992	0.18308	0.03343	0.51607	0.26743
V993	0.08554	0.69244	0.18608	0.03594
V994	0.1883	0.74237	0.06536	0.00397
V995	0.67739	0.1491	0.03623	0.13728
V996	0.23616	0.1375	0.04474	0.5816
V997	0.03893	0.04823	0.77725	0.13559
V998	0.81119	0.05844	0.07414	0.05623
V999	0.14239	0.804	0.05172	0.00189
V1000	0.26894	0.04965	0.03916	0.64226
