cytotoxic.CD56.dim.NK.cell	memory.CD4.pos.AB.T.cell	memory.B.cell	CD14.pos.CD16.neg.classical.monocyte
V1	0.55563	0.01337	0.17294	0.25806
V2	0.14121	0.09341	0.0534	0.71198
V3	0.0496	0.64272	0.0127	0.29498
V4	0.86339	0.11793	0	0.01868
V5	0.10283	0.47934	0.26543	0.1524
V6	0.06951	0.89264	0.01909	0.01876
V7	0.13893	0.36074	0.0846	0.41572
V8	0.12196	0.02939	0.82067	0.02798
V9	0.23264	0.23241	0.03794	0.49701
V10	0.01795	0.03493	0.90207	0.04506
V11	0.20341	0.34854	0.44285	0.0052
V12	0.02291	0.59156	0.37369	0.01184
V13	0.25683	0.72007	0.00462	0.01848
V14	0.06375	0.92422	0.00629	0.00573
V15	0.11249	0.61816	0.12033	0.14902
V16	0.91189	0.04487	0.01786	0.02538
V17	0.07914	0.89022	0.01186	0.01878
V18	0.57742	0.34851	0.04098	0.03309
V19	0.15037	0.83279	0.00509	0.01175
V20	0.15963	0.47115	0.01991	0.34932
V21	0.12265	0.0528	0.79671	0.02784
V22	0.0151	0.09297	0.21844	0.67349
V23	0.37518	0.04191	0.57721	0.0057
V24	0.92563	0.0419	0.0322	0.00027
V25	0.34868	0.22412	0.13316	0.29404
V26	0.39488	0.39167	0.0178	0.19565
V27	0.09291	0.07376	0.02475	0.80858
V28	0.00377	0.07813	0.91621	0.00188
V29	0.43499	0.02785	0.51105	0.02611
V30	0.09277	0.1989	0.29784	0.41049
V31	0.19891	0.17335	0.31872	0.30903
V32	0.07483	0.05142	0.03696	0.83678
V33	0.03964	0.49814	0.37232	0.0899
V34	0.12203	0.03938	0.81073	0.02787
V35	0.15272	0.74379	0.07757	0.02592
V36	0.00651	0.04014	0.50609	0.44725
V37	0.55611	0.0622	0.09679	0.28489
V38	0.42451	0.01248	0.17871	0.38429
V39	0.15833	0.58213	0.13056	0.12898
V40	0.09275	0.83377	0.07332	0.00016
V41	0.00625	0.69703	0.0442	0.25252
V42	0.21637	0.03236	0.2213	0.52997
V43	0.12433	0.32561	0.52306	0.027
V44	0.01345	0.06206	0.77153	0.15295
V45	0.0904	0.60487	0.22485	0.07987
V46	0.8017	0.07268	0.12059	0.00503
V47	0.45656	0.17238	0.32854	0.04252
V48	0.80469	0.17265	0.00437	0.0183
V49	0.7422	0.18479	0	0.073
V50	0.06118	0.85463	0.07904	0.00516
V51	0.3098	0.39926	0.26469	0.02624
V52	0.02389	0.09967	0.84803	0.02842
V53	0.72613	0.123	0.15066	0.00021
V54	0.42625	0.17701	0.37837	0.01836
V55	0.2102	0.11363	0.25844	0.41772
V56	0.04186	0.03925	0.09642	0.82246
V57	0.08949	0.87925	0.01956	0.0117
V58	0.64704	0.01404	0.0419	0.29702
V59	0.43879	0.413	0.10624	0.04196
V60	0.12651	0.13384	0.35411	0.38554
V61	0.81926	0.09799	0.00999	0.07276
V62	0.88369	0.0384	0.06655	0.01136
V63	0.01457	0.85193	0.11485	0.01865
V64	0.00789	0.87461	0.00049	0.11701
V65	0.0151	0.03404	0.11542	0.83544
V66	0.20646	0.71734	0.01761	0.05859
V67	0.1473	0.31623	0.52462	0.01185
V68	0.15168	0.14824	0.02561	0.67447
V69	0.02217	0.29164	0.64244	0.04375
V70	0.56195	0.13509	0.1872	0.11575
V71	0.15838	0.05991	0.40545	0.37626
V72	0.59517	0.14407	0.09645	0.16431
V73	0.1452	0.63681	0.1389	0.0791
V74	0.0556	0.21511	0.72825	0.00105
V75	0.71504	0.00944	0.19435	0.08117
V76	0.00065	0.17079	0.19503	0.63353
V77	0.03496	0.30445	0.01114	0.64945
V78	0.30842	0.10194	0.19891	0.39073
V79	0.00681	0.08498	0.82953	0.07869
V80	0.34431	0.0209	0.55828	0.07652
V81	0.05352	0.15137	0.78868	0.00643
V82	0.00186	0.07893	0.91067	0.00854
V83	0.129	0.17426	0.07822	0.61852
V84	0.39894	0.04147	0.17167	0.38792
V85	0.10321	0.29866	0.4342	0.16393
V86	0.04282	0.05012	0.87067	0.03639
V87	0.03031	0.86065	0.05065	0.05839
V88	0.16014	0.05435	0.2908	0.49471
V89	0.01794	0.03314	0.22232	0.72659
V90	0.02367	0.91226	0.05225	0.01182
V91	0.03083	0.75814	0.18489	0.02613
V92	0.45671	0.02174	0.39911	0.12244
V93	0.89135	0.02206	0	0.08658
V94	0.01445	0.46389	0.02334	0.49832
V95	0.2573	0.43843	0.16296	0.14131
V96	0.06824	0.11505	0.03123	0.78548
V97	0.6884	0.09911	0.20756	0.00493
V98	0.68188	0.3065	0	0.01162
V99	0.79891	0.0484	0.14761	0.00508
V100	0.07293	0.03855	0.86742	0.02111
V101	0.02648	0.08493	0.01051	0.87808
V102	0.92435	0.05855	0.00511	0.012
V103	0.01023	0.06927	0.10575	0.81475
V104	0.02699	0.96008	0.00695	0.00598
V105	0.05322	0.92749	0.01366	0.00563
V106	0.11281	0.51924	0.33315	0.03479
V107	0.18071	0.18007	0.59564	0.04358
V108	0.14386	0.76562	0.09035	0.00017
V109	0.01304	0.13742	0.63011	0.21943
V110	0.05034	0.89606	0.0349	0.0187
V111	0.91202	0.0135	0.0689	0.00558
V112	0.12336	0.05267	0.46291	0.36106
V113	0.18562	0.09806	0.1912	0.52512
V114	0.24141	0.05149	0.0868	0.6203
V115	0.00746	0.7654	0.2217	0.00543
V116	0.13796	0.2984	0.39918	0.16446
V117	0.68546	0.24919	0.03242	0.03292
V118	0.15747	0.60021	0.03458	0.20775
V119	0.10964	0.08797	0.05529	0.74709
V120	0.07344	0.06748	0.84565	0.01343
V121	0.6163	0.11515	0.09588	0.17267
V122	0.95538	0.01967	0.01269	0.01226
V123	0.00642	0.53066	0.04693	0.41599
V124	0.66046	0.29088	0	0.04866
V125	0.38829	0.41751	0.17599	0.01822
V126	0.03567	0.15912	0.0562	0.74901
V127	0.16007	0.04696	0.27914	0.51383
V128	0.03087	0.03804	0.12535	0.80573
V129	0.59122	0.22077	0.16253	0.02548
V130	0.00731	0.66302	0.32414	0.00553
V131	0.02365	0.91038	0.00031	0.06566
V132	0.938	0.01691	0.02651	0.01859
V133	0.91366	0.02417	0.05059	0.01157
V134	0.10418	0.39648	0.13598	0.36336
V135	0.07488	0.03479	0.19673	0.69359
V136	0.24116	0.40993	0.01227	0.33664
V137	0.65973	0.03316	0.24979	0.05732
V138	0.21119	0.40482	0.18783	0.19616
V139	0.36169	0.19093	0.20896	0.23842
V140	0.02847	0.10829	0.06054	0.8027
V141	0.05925	0.1358	0.58098	0.22397
V142	0.77875	0.01858	0.20225	0.00042
V143	0.44338	0.25437	0.07024	0.23201
V144	0.16371	0.14619	0.18113	0.50896
V145	0.00134	0.77242	0.22069	0.00556
V146	0.05753	0.04476	0.04118	0.85654
V147	0.92127	0.02824	0.01784	0.03264
V148	0.12208	0.06301	0.61712	0.1978
V149	0.25717	0.521	0.2169	0.00492
V150	0.08025	0.22231	0.62616	0.07129
V151	0.20051	0.65061	0.03353	0.11536
V152	0.23152	0.45092	0.22723	0.09033
V153	0.09876	0.77985	0.01805	0.10334
V154	0.23848	0.45878	0.27634	0.0264
V155	0.48582	0.12827	0.29803	0.08789
V156	0.03039	0.1217	0.73076	0.11715
V157	0.3076	0.14064	0.33602	0.21573
V158	0.02645	0.03569	0.04916	0.88869
V159	0.89052	0.06914	0	0.04034
V160	0.70292	0.01328	0.06555	0.21824
V161	0.20984	0.03009	0.03768	0.72239
V162	0.06196	0.30674	0.08716	0.54414
V163	0.09175	0.50426	0.17622	0.22777
V164	0.34704	0.30447	0.11167	0.23681
V165	0.00987	0.29201	0.00578	0.69234
V166	0.00897	0.11902	0.08049	0.79152
V167	0.35221	0.02022	0.01171	0.61585
V168	0.2815	0.58927	0.07823	0.051
V169	0.18608	0.06646	0.04393	0.70353
V170	0.10019	0.02701	0.55456	0.31823
V171	0.12418	0.22537	0.61506	0.03538
V172	0.70902	0.01557	0.26999	0.00542
V173	0.02652	0.16256	0.04814	0.76278
V174	0.01613	0.17796	0.08395	0.72196
V175	0.0592	0.02676	0.80133	0.11272
V176	0.00756	0.82438	0.16266	0.0054
V177	0.01065	0.97598	0.00036	0.01301
V178	0.00659	0.79264	0.00632	0.19444
V179	0.15546	0.02126	0.40775	0.41553
V180	0.02783	0.89705	0.07493	2e-04
V181	0.15837	0.11514	0.57702	0.14947
V182	0.29956	0.16606	0.48208	0.05229
V183	0.17243	0.81672	0.00547	0.00538
V184	0.96435	0.02117	0.01404	0.00045
V185	0.56006	0.42346	0.01144	0.00504
V186	0.114	0.48994	0.27535	0.12071
V187	0.94509	0.02065	0.02853	0.00573
V188	0.05575	0.25398	0.00524	0.68503
V189	0.82654	0.02495	0.01715	0.13136
V190	0.65166	0.02178	0.32119	0.00537
V191	0.18083	0.19151	0.59256	0.0351
V192	0.30196	0.47811	0.05131	0.16862
V193	0.61244	0.03217	0.24372	0.11166
V194	0.03338	0.9417	0.00573	0.01919
V195	0.013	0.05316	0.92508	0.00876
V196	0.01405	0.11292	0.02126	0.85177
V197	0.41624	0.05403	0.02931	0.50042
V198	0.0598	0.50831	0.37963	0.05226
V199	0.16037	0.03611	0.19118	0.61234
V200	0.12306	0.58805	0.01914	0.26976
V201	0.09108	0.5732	0.19553	0.14018
V202	0.01468	0.03208	0.79446	0.15878
V203	0.15774	0.42808	0.39537	0.0188
V204	0.00692	0.56013	0.00844	0.4245
V205	0.01794	0.06729	0.90029	0.01448
V206	0.04534	0.09877	0.84897	0.00692
V207	0.12859	0.19643	0.05922	0.61576
V208	0.2435	0.0659	0.6783	0.01229
V209	0.30247	0.47908	0.06965	0.1488
V210	0.07848	0.79256	0.08689	0.04207
V211	0.42396	0.02579	0.03821	0.51204
V212	0.50477	0.04067	0.43617	0.01839
V213	0.65051	0.03139	0.1125	0.2056
V214	0.33594	0.15031	0.17609	0.33766
V215	0.29	0.10132	0.02328	0.5854
V216	0.04606	0.03413	0.04031	0.8795
V217	0.0396	0.50194	0.24262	0.21584
V218	0.09221	0.45606	0.17793	0.2738
V219	0.10027	0.66412	0.01187	0.22374
V220	0.00672	0.85143	0.00575	0.1361
V221	0.81659	0.01464	0.00498	0.1638
V222	0.31753	0.12087	0.39074	0.17086
V223	0.00649	0.12783	0.79561	0.07007
V224	0.95201	0.01999	0.02758	0.00042
V225	0.05191	0.88966	0.05315	0.00528
V226	0.30102	0.08004	0.60696	0.01198
V227	0.78399	0.01227	0.19234	0.0114
V228	0.79113	0.06229	0.06477	0.08182
V229	0.01868	0.04493	0.91426	0.02213
V230	0.01845	0.06943	0.03796	0.87416
V231	0.01417	0.28493	0.11866	0.58224
V232	0.04086	0.6802	0.00147	0.27746
V233	0.58059	0.07912	0.20675	0.13354
V234	0.03303	0.92714	0.02791	0.01192
V235	0.37079	0.05821	0.54461	0.02639
V236	0.04054	0.06582	0.82387	0.06977
V237	0.15676	0.03323	0.04042	0.76959
V238	0.12376	0.56621	0.26682	0.0432
V239	0.06192	0.41901	0.02249	0.49657
V240	0.48742	0.03788	0.43297	0.04172
V241	0.01707	0.03268	0.88929	0.06096
V242	0.12065	0.78111	0.08695	0.0113
V243	0.23206	0.04242	0.65668	0.06884
V244	0.19535	0.02206	0.70611	0.07649
V245	0.60755	0.29378	0.04907	0.0496
V246	0.05164	0.14346	0.78472	0.02017
V247	0.16125	0.04491	0.7926	0.00124
V248	0.02387	0.06571	0.06007	0.85035
V249	0.00115	0.05405	0.88362	0.06118
V250	0.75973	0.01435	0.22059	0.00534
V251	0.9342	0.05419	0.0058	0.00581
V252	0.01052	0.84403	0.14515	3e-04
V253	0.36634	0.06567	0.17365	0.39433
V254	0.00859	0.93918	0.04656	0.00566
V255	0.04171	0.92415	2e-04	0.03394
V256	0.17046	0.19843	0.5501	0.081
V257	0.42976	0.08969	0.24893	0.23162
V258	0.17299	0.25105	0.45433	0.12163
V259	0.03126	0.28155	0.65176	0.03544
V260	0.00135	0.28395	0.70814	0.00656
V261	0.62696	0.03119	0.2023	0.13955
V262	0.09212	0.08121	0.02424	0.80242
V263	0.01739	0.96272	0.00024	0.01965
V264	0.15641	0.03732	0.45928	0.34699
V265	0.03078	0.02983	0.15544	0.78395
V266	0.62945	0.36376	0.00662	0.00018
V267	0.00051	0.17267	0.3044	0.52242
V268	0.38321	0.02886	0.15073	0.4372
V269	0.00628	0.55932	0.39142	0.04298
V270	0.64984	0.02578	0.25003	0.07434
V271	0.81593	0.06252	0.03163	0.08991
V272	0.04913	0.84671	0.01139	0.09278
V273	0.05475	0.05298	0.04806	0.84421
V274	0.70748	0.00911	0.18484	0.09857
V275	0.00201	0.0585	0.93011	0.00938
V276	0.50995	0.33808	0.01019	0.14178
V277	0.03178	0.20676	0.17258	0.58887
V278	0.03191	0.06209	0.31478	0.59122
V279	0.70611	0.05339	0.1115	0.129
V280	0.02645	0.03569	0.04916	0.88869
V281	0.55145	0.03147	0.14491	0.27217
V282	0.05054	0.06734	0.82966	0.05247
V283	0.20359	0.59896	0.06046	0.13699
V284	0.02474	0.9159	0.0539	0.00546
V285	0.07465	0.0428	0.88097	0.00159
V286	0.23931	0.56326	0.10869	0.08874
V287	0.08909	0.88039	0.01177	0.01875
V288	0.01316	0.26228	0.45556	0.269
V289	0.27839	0.20627	0.44416	0.07118
V290	0.8092	0.17684	0.01377	2e-04
V291	0.4837	0.06636	0.43847	0.01147
V292	0.93453	0.0179	0	0.04757
V293	0.28354	0.02573	0.65625	0.03447
V294	0.08367	0.38463	0.00336	0.52834
V295	0.01432	0.17647	0.20541	0.6038
V296	0.16777	0.10926	0.64335	0.07962
V297	0.07239	0.02948	0.08542	0.81272
V298	0.29061	0.0971	0.60035	0.01193
V299	0.06358	0.29047	0.01725	0.6287
V300	0.00077	0.05245	0.25158	0.6952
V301	0.11159	0.10004	0.68032	0.10804
V302	0.64037	0.34803	0	0.0116
V303	0.00087	0.5994	0.37304	0.0267
V304	0.04906	0.03275	0.76634	0.15185
V305	0.11357	0.14406	0.49376	0.2486
V306	0.82145	0.08994	0.04835	0.04027
V307	0.01644	0.95768	0.01356	0.01231
V308	0.22435	0.21597	0.31798	0.2417
V309	0.32929	0.31526	0.02684	0.32861
V310	0.0716	0.31518	0.15907	0.45415
V311	0.50376	0.48613	0.00498	0.00514
V312	0.08966	0.75673	0.13511	0.01851
V313	0.00084	0.14565	0.02843	0.82508
V314	0.01357	0.48752	0.1142	0.3847
V315	0.11158	0.64736	0.03473	0.20633
V316	0.30444	0.12144	0.41344	0.16068
V317	0.07884	0.72417	0.04296	0.15403
V318	0.03148	0.57492	0.01386	0.37974
V319	0.0521	0.06464	0.85488	0.02839
V320	0.06928	0.12904	0.68337	0.11831
V321	0.61936	0.3739	0.00659	0.00015
V322	0.18661	0.3233	0.07455	0.41555
V323	0.04969	0.04559	0.10212	0.8026
V324	0.66295	0.25212	0.06701	0.01793
V325	0.29386	0.64965	0.05156	0.00493
V326	0.00068	0.57521	0.09182	0.33228
V327	0.01583	0.15433	0.11379	0.71605
V328	0.03989	0.03319	0.766	0.16092
V329	0.16307	0.10851	0.18127	0.54715
V330	0.37713	0.01604	0.35282	0.254
V331	0.33999	0.08791	0.04682	0.52527
V332	0.00807	0.06484	0.20106	0.72603
V333	0.41828	0.06614	0.40933	0.10625
V334	0.3413	0.01686	0.37697	0.26487
V335	0.0215	0.32163	0.53748	0.11939
V336	0.16359	0.72396	0.01766	0.09479
V337	0.27431	0.40063	0.2987	0.02636
V338	0.00151	0.98345	0.00863	0.00641
V339	0.11724	0.03469	0.84082	0.00725
V340	0.04948	0.20855	0.55964	0.18234
V341	0.02242	0.06186	0.07806	0.83766
V342	0.22906	0.01918	0.6297	0.12205
V343	0.95693	0.03066	0.00637	0.00604
V344	0.66757	0.15206	0.18013	0.00024
V345	0.0194	0.06675	0.91218	0.00167
V346	0.22129	0.10297	0.3045	0.37124
V347	0.03917	0.03512	0.14256	0.78314
V348	0.04876	0.67488	0.13947	0.13688
V349	0.34088	0.15114	0.40837	0.0996
V350	0.02688	0.80875	0.16409	0.00028
V351	0.01449	0.04071	0.42023	0.52457
V352	0.04177	0.03341	0.85568	0.06913
V353	0.88618	0.02601	0.03233	0.05548
V354	0.03992	0.7084	0.21748	0.03419
V355	0.26355	0.06711	0.49089	0.17845
V356	0.03026	0.04774	0.11408	0.80792
V357	0.10402	0.32277	0.29611	0.2771
V358	0.54445	0.09873	0.05089	0.30593
V359	0.57033	0.05588	0.03434	0.33945
V360	0.53696	0.43383	0.01805	0.01115
V361	0.00109	0.44925	0.54367	0.006
V362	0.0016	0.97623	0.01595	0.00622
V363	0.15927	0.10425	0.50119	0.2353
V364	0.14349	0.05896	0.70982	0.08772
V365	0.25385	0.04314	0.01903	0.68398
V366	0.06864	0.70619	0.07932	0.14586
V367	0.57032	0.13624	0.00516	0.28828
V368	0.07858	0.75651	0.07833	0.08659
V369	0.01523	0.39738	0.58159	0.0058
V370	0.2869	0.26457	0.42194	0.02659
V371	0.17378	0.74198	0.02546	0.05878
V372	0.15041	0.06132	0.12963	0.65864
V373	0.06961	0.12539	0.50388	0.30111
V374	0.76229	0.0245	0.21287	0.00034
V375	0.03632	0.0567	0.15835	0.74863
V376	0.02953	0.05537	0.11233	0.80277
V377	0.78761	0.00973	0.01155	0.19111
V378	0.00676	0.04198	0.42987	0.52138
V379	0.32732	0.19629	0.01346	0.46293
V380	0.1385	0.0737	0.21429	0.57351
V381	0.7372	0.01797	0.09193	0.15291
V382	0.07555	0.05107	0.86609	0.00729
V383	0.83476	0.0128	0.04763	0.10481
V384	0.5591	0.0705	0.13591	0.23449
V385	0.86032	0.01949	0.07278	0.04741
V386	0.28697	0.02572	0.15436	0.53295
V387	0.59166	0.13584	0.19546	0.07705
V388	0.37004	0.32756	0.15149	0.1509
V389	0.40292	0.52822	0.01034	0.05852
V390	0.28205	0.24895	0.46377	0.00522
V391	0.40875	0.10496	0.02074	0.46555
V392	0.4234	0.21096	0.1729	0.19274
V393	0.27117	0.21492	0.37156	0.14236
V394	0.08312	0.22769	0.11827	0.57093
V395	0.21117	0.39328	0.21017	0.18538
V396	0.00857	0.96544	0.00653	0.01946
V397	0.78415	0.08219	0.10104	0.03262
V398	0.44285	0.12867	0.0998	0.32868
V399	0.18152	0.56876	0.15048	0.09924
V400	0.00076	0.59707	0.06324	0.33894
V401	0.03072	0.14447	0.75442	0.07039
V402	0.7802	0.18335	0.03629	0.00016
V403	0.02294	0.05339	0.08889	0.83479
V404	0.07997	0.17932	0.65096	0.08975
V405	0.2061	0.04114	0.17896	0.5738
V406	0.64332	0.24655	0.01677	0.09337
V407	0.00151	0.98345	0.00863	0.00641
V408	0.08111	0.22934	0.4267	0.26285
V409	0.00113	0.06776	0.04914	0.88197
V410	0.07904	0.87555	0.02679	0.01862
V411	0.42939	0.0247	0.00366	0.54225
V412	0.14626	0.06963	0.53013	0.25399
V413	0.04948	0.49135	0.18824	0.27093
V414	0.03034	0.50988	0.34072	0.11906
V415	0.43434	0.03196	0.24447	0.28923
V416	0.0147	0.09915	0.88464	0.0015
V417	0.36469	0.62512	0.00499	0.0052
V418	0.06328	0.10749	0.1532	0.67604
V419	0.02365	0.03617	0.05721	0.88297
V420	0.00107	0.90426	0.01217	0.08249
V421	0.14276	0.04243	0.70898	0.10583
V422	0.04458	0.09454	0.01876	0.84212
V423	0.07293	0.03855	0.86742	0.02111
V424	0.00061	0.05451	0.64442	0.30045
V425	0.04942	0.22133	0.62935	0.0999
V426	0.08017	0.04937	0.80971	0.06075
V427	0.06007	0.39607	0.20217	0.34169
V428	0.07857	0.79373	0.05085	0.07685
V429	0.02122	0.03585	0.06544	0.87749
V430	0.75403	0.16404	0.0167	0.06523
V431	0.16707	0.03022	0.47952	0.32319
V432	0.09806	0.10598	0.05492	0.74103
V433	0.05006	0.75304	0.00087	0.19602
V434	0.32754	0.0791	0.05602	0.53734
V435	0.50088	0.02004	0.12641	0.35268
V436	0.36964	0.0239	0.12104	0.48542
V437	0.21861	0.23562	0.00815	0.53762
V438	0.61315	0.15333	0.03291	0.20061
V439	0.03221	0.12894	0.01741	0.82145
V440	0.47516	0.044	0.03637	0.44447
V441	0.05893	0.1168	0.6349	0.18937
V442	0.30951	0.34144	0.14324	0.20581
V443	0.74397	0.01266	0.0916	0.15177
V444	0.0194	0.06675	0.91218	0.00167
V445	0.60279	0.02413	0.34762	0.02546
V446	0.03013	0.85189	0.05077	0.06722
V447	0.63456	0.08777	0.18297	0.0947
V448	0.01566	0.07716	0.20886	0.69832
V449	0.55626	0.04024	0.30927	0.09424
V450	0.13505	0.84978	0.01504	0.00012
V451	0.9228	0.05826	0	0.01894
V452	0.03357	0.04186	0.08972	0.83484
V453	0.81455	0.07186	0.06521	0.04839
V454	0.00128	0.94098	0.04556	0.01218
V455	0.59403	0.03432	0.31391	0.05774
V456	0.31598	0.11171	0.41213	0.16017
V457	0.00109	0.08629	0.03286	0.87977
V458	0.2536	0.2331	0.00774	0.50555
V459	0.01372	0.81394	0.08715	0.08518
V460	0.94244	0.0183	0.02732	0.01194
V461	0.05786	0.06735	0.02039	0.8544
V462	0.33641	0.24965	0.00183	0.41212
V463	0.24324	0.48521	0.16167	0.10988
V464	0.49908	0.10286	0.00624	0.39182
V465	0.39344	0.43611	0.02514	0.14531
V466	0.58175	0.18504	0.0047	0.22851
V467	0.30288	0.58558	0.07766	0.03389
V468	0.49317	0.40732	0.0495	0.05001
V469	0.01363	0.17105	0.306	0.50932
V470	0.55049	0.11618	0.18789	0.14543
V471	0.25481	0.11096	0.04026	0.59396
V472	0.31123	0.33713	0.00137	0.35027
V473	0.09109	0.55149	0.33861	0.01881
V474	0.11063	0.02569	0.11674	0.74694
V475	0.17402	0.40528	0.08294	0.33776
V476	0.15359	0.0385	0.06527	0.74263
V477	0.59651	0.0381	0.21461	0.15078
V478	0.12232	0.60653	0.00582	0.26533
V479	0.01401	0.08392	0.82326	0.07882
V480	0.07281	0.31901	0.04934	0.55884
V481	0.13462	0.03676	0.81527	0.01335
V482	0.69826	0.1569	0.11189	0.03295
V483	0.11792	0.11736	0.08033	0.68439
V484	0.02231	0.10193	0.0371	0.83866
V485	0.10933	0.75758	0.01108	0.12202
V486	0.26218	0.26131	0.13504	0.34147
V487	0.06707	0.06524	0.0967	0.77099
V488	0.00361	0.0348	0.86722	0.09437
V489	0.20068	0.1009	0.68614	0.01228
V490	0.33334	0.31552	0.07164	0.2795
V491	0.43262	0.47552	0.03297	0.0589
V492	0.02397	0.84555	0.1252	0.00527
V493	0.04737	0.03597	0.01232	0.90434
V494	0.1822	0.14473	0.55313	0.11994
V495	0.21087	0.63521	0.13557	0.01834
V496	0.25791	0.70051	0	0.04158
V497	0.01461	0.04205	0.93416	0.00918
V498	0.30499	0.10696	0.05629	0.53177
V499	0.60387	0.26827	0.12307	0.0048
V500	0.09121	0.11763	0.75553	0.03563
V501	0.00273	0.04013	0.07555	0.88159
V502	0.54558	0.2756	0.1533	0.02553
V503	0.1856	0.09727	0.21366	0.50347
V504	0.21663	0.71415	0.01068	0.05854
V505	0.18789	0.20635	0.27241	0.33336
V506	0.08062	0.24045	0.48332	0.19562
V507	0.61669	0.09631	0.12456	0.16245
V508	0.7537	0.16545	0.04027	0.04057
V509	0.21541	0.06037	0.53583	0.18839
V510	0.21277	0.52309	0.25915	0.00499
V511	0.04089	0.43115	0.04795	0.48001
V512	0.23037	0.05936	0.08701	0.62326
V513	0.0695	0.65875	0.21104	0.06071
V514	0.01788	0.1124	0.00999	0.85973
V515	0.77324	0.06114	0.04809	0.11753
V516	0.89422	0.09989	0	0.00589
V517	0.03369	0.04308	0.27061	0.65262
V518	0.94409	0.04969	0	0.00622
V519	0.02245	0.88068	0.00531	0.09155
V520	0.02279	0.02328	0.63697	0.31696
V521	0.55394	0.04567	0.37473	0.02566
V522	0.00577	0.11856	0.60578	0.26989
V523	0.3452	0.12025	0.27641	0.25814
V524	0.00655	0.78384	0.18353	0.02608
V525	0.24355	0.21092	0.03002	0.51551
V526	0.64652	0.07846	0.076	0.19901
V527	0.19118	0.03003	0.42207	0.35673
V528	0.08857	0.86977	2e-05	0.04164
V529	0.05261	0.07112	0.23822	0.63805
V530	0.00601	0.19289	0.70289	0.09821
V531	0.01881	0.87148	0.10948	0.00023
V532	0.16168	0.3357	0.02961	0.47301
V533	0.2729	0.35509	0.14399	0.22803
V534	0.00701	0.03081	0.72661	0.23557
V535	0.54083	0.01395	0.01451	0.43071
V536	0.17724	0.01711	0.39282	0.41283
V537	0.58078	0.2561	0.15214	0.01098
V538	0.4482	0.05736	0.09018	0.40426
V539	0.2573	0.43843	0.16296	0.14131
V540	0.18606	0.7115	0.06863	0.0338
V541	0.01387	0.52142	0.06476	0.39994
V542	0.1862	0.12369	0.27105	0.41906
V543	0.87953	0.01455	0.01073	0.09519
V544	0.09449	0.09368	0.18352	0.62832
V545	0.35671	0.14172	0.07325	0.42832
V546	0.04246	0.89055	0.06171	0.00528
V547	0.03188	0.6479	0.30855	0.01166
V548	0.14206	0.77436	0.07858	0.00501
V549	0.30853	0.04091	0.63839	0.01217
V550	0.57672	0.03814	0.00163	0.38351
V551	0.16277	0.75357	0.03348	0.05018
V552	0.00077	0.54878	0.009	0.44145
V553	0.21369	0.14393	0.62325	0.01913
V554	0.04967	0.11028	0.03297	0.80709
V555	0.08176	0.21916	0.35624	0.34285
V556	0.00151	0.05436	0.91414	0.02999
V557	0.81687	0.03237	0.01045	0.14031
V558	0.05828	0.8032	0.02606	0.11245
V559	0.01031	0.8069	0.18247	0.00031
V560	0.66449	0.33006	0	0.00545
V561	0.00201	0.0585	0.93011	0.00938
V562	0.78025	0.01305	0.11749	0.08921
V563	0.23136	0.0291	0.73302	0.00652
V564	0.05327	0.08482	0.84845	0.01346
V565	0.11527	0.25141	0.40264	0.23068
V566	0.69677	0.09735	0.00446	0.20142
V567	0.20702	0.45902	0.02698	0.30698
V568	0.23055	0.02686	0.06174	0.68085
V569	0.67207	0.03571	0.00084	0.29138
V570	0.02188	0.27897	0.63762	0.06152
V571	0.81553	0.1284	0	0.05607
V572	0.42795	0.01815	0.46015	0.09376
V573	0.05657	0.19363	0.013	0.7368
V574	0.03157	0.7935	0.16343	0.01151
V575	0.01661	0.09997	0.1374	0.74602
V576	0.14	0.81396	0.03462	0.01142
V577	0.03368	0.05876	0.22868	0.67889
V578	0.04861	0.06663	0.71001	0.17475
V579	0.00716	0.88699	0.08705	0.0188
V580	0.14032	0.02808	0.12275	0.70885
V581	0.06407	0.10891	0.00825	0.81877
V582	0.57843	0.1447	0.03332	0.24355
V583	0.0062	0.05209	0.61725	0.32446
V584	0.51314	0.15109	0.30202	0.03375
V585	0.00754	0.0304	0.46927	0.49279
V586	0.2186	0.02431	0.67126	0.08583
V587	0.2511	0.02795	0.69395	0.02699
V588	0.62244	0.04741	0.026	0.30415
V589	0.04861	0.83321	0.05952	0.05866
V590	0.04231	0.76923	0.18326	0.0052
V591	0.00079	0.05981	0.22204	0.71736
V592	0.1506	0.05851	0.78969	0.0012
V593	0.57407	0.00971	0.19147	0.22476
V594	0.32567	0.28459	0.34659	0.04315
V595	0.02981	0.0646	0.03518	0.87042
V596	0.0309	0.27942	0.2376	0.45207
V597	0.00082	0.5811	0.33979	0.07828
V598	0.01638	0.1244	0.84561	0.01362
V599	0.61589	0.32615	0.03261	0.02535
V600	0.34703	0.48577	0.05075	0.11645
V601	0.1519	0.27874	0.0854	0.48397
V602	0.03203	0.06881	0.02547	0.87369
V603	0.00746	0.38881	0.01772	0.58601
V604	0.50827	0.11373	0.35217	0.02583
V605	0.05977	0.32185	0.42251	0.19587
V606	0.72791	0.15296	0.00989	0.10925
V607	0.64572	0.01789	0.11229	0.22411
V608	0.20964	0.15233	0.41021	0.22782
V609	0.02198	0.23513	0.24942	0.49347
V610	0.76768	0.02442	0.09139	0.11652
V611	0.27541	0.02454	0.05991	0.64014
V612	0.02264	0.09287	0.82328	0.06121
V613	0.03117	0.32558	0.60788	0.03536
V614	0.76382	0.06109	0.04806	0.12703
V615	0.12507	0.07844	0.01465	0.78183
V616	0.06867	0.72468	0.04305	0.16359
V617	0.45821	0.1668	0.37457	0.00043
V618	0.71684	0.0168	7e-04	0.26566
V619	0.37109	0.03402	0.33592	0.25898
V620	0.00731	0.66302	0.32414	0.00553
V621	0.4219	0.14822	0.18371	0.24617
V622	0.346	0.21908	0.40852	0.0264
V623	0.01648	0.08927	0.15808	0.73617
V624	0.77836	0.20315	0	0.01848
V625	0.25429	0.50651	0.09979	0.1394
V626	0.9505	0.03689	0	0.01261
V627	0.00103	0.06088	0.09555	0.84254
V628	0.00095	0.2515	0.02185	0.72569
V629	0.11568	0.28749	0.29671	0.30011
V630	0.031	0.32492	0.60044	0.04364
V631	0.01511	0.20437	0.11147	0.66905
V632	0.57462	0.00959	0.14202	0.27377
V633	0.00092	0.04863	0.83771	0.11274
V634	0.38643	0.26562	0.34294	0.00501
V635	0.02236	0.77534	0.00598	0.19633
V636	0.11183	0.09927	0.67089	0.11802
V637	0.29754	0.19492	0.09364	0.41389
V638	0.37108	0.25696	0.07162	0.30034
V639	0.25756	0.43284	0.30924	0.00037
V640	0.03148	0.14883	0.77561	0.04408
V641	0.88663	0.04125	0.02442	0.0477
V642	0.76048	0.17512	0	0.0644
V643	0.00559	0.17775	0.4764	0.34026
V644	0.89954	0.08369	0.00494	0.01183
V645	0.24964	0.41302	0.31878	0.01855
V646	0.01008	0.97589	0.00783	0.0062
V647	0.13316	0.08637	0.7282	0.05227
V648	0.40029	0.43827	0.13561	0.02583
V649	0.02327	0.06982	0.85414	0.05277
V650	0.04963	0.08996	0.79928	0.06113
V651	0.29419	0.02663	0.67294	0.00624
V652	0.08019	0.08807	0.46711	0.36463
V653	0.111	0.68295	0.09892	0.10714
V654	0.69783	0.19538	0.05741	0.04938
V655	0.03119	0.58741	0.02103	0.36036
V656	0.19592	0.27914	0.01443	0.51052
V657	0.02488	0.10855	0.0199	0.84667
V658	0.60377	0.20431	0.05837	0.13355
V659	0.31622	0.08272	0.38923	0.21182
V660	0.02592	0.95432	0.00022	0.01954
V661	0.05062	0.43164	0.05652	0.46122
V662	0.39482	0.02377	0.48661	0.09481
V663	0.22499	0.07069	0.59674	0.10758
V664	0.18809	0.06935	0.69931	0.04325
V665	0.69242	0.18322	0.04007	0.0843
V666	0.57296	0.0102	0.10408	0.31276
V667	0.75247	0.07873	0.16854	0.00026
V668	0.11256	0.80538	0.08189	0.00017
V669	0.22076	0.41554	0.26283	0.10087
V670	0.07115	0.90961	9e-05	0.01915
V671	0.35556	0.2815	0.27263	0.0903
V672	0.01741	0.04905	0.90424	0.0293
V673	0.2232	0.36882	0.2438	0.16418
V674	0.72232	0.14211	0.01676	0.11882
V675	0.12663	0.3225	0.34178	0.20909
V676	0.02497	0.12525	0.11484	0.73495
V677	0.37597	0.40741	0.09866	0.11796
V678	0.49532	0.48811	0.01154	0.00503
V679	0.04156	0.30897	0.63714	0.01233
V680	0.29209	0.55357	0.13601	0.01834
V681	0.89474	0.06915	0.01065	0.02546
V682	0.10204	0.29134	0.57129	0.03533
V683	0.01396	0.96462	0.02122	2e-04
V684	0.70139	0.15532	0.09385	0.04944
V685	0.48913	0.34373	0.12528	0.04186
V686	0.08311	0.18255	0.16169	0.57264
V687	0.03218	0.05334	0.03803	0.87644
V688	0.35896	0.51908	0	0.12196
V689	0.24224	0.02174	0.05337	0.68264
V690	0.45666	0.04392	0.44053	0.05889
V691	0.14782	0.03315	0.81204	0.00699
V692	0.06963	0.13326	0.73572	0.0614
V693	0.21991	0.10304	0.39627	0.28078
V694	0.00729	0.04588	0.31444	0.63239
V695	0.22688	0.02212	0.16723	0.58378
V696	0.06956	0.10832	0.02339	0.79872
V697	0.01607	0.09951	0.02292	0.86151
V698	0.81922	0.01399	0.01104	0.15574
V699	0.56343	0.28288	0.06726	0.08643
V700	0.22213	0.04731	0.01306	0.71749
V701	0.10241	0.53771	0.11248	0.2474
V702	0.53481	0.08317	0.01224	0.36979
V703	0.12281	0.05313	0.51831	0.30576
V704	0.82322	0.04639	0.02406	0.10632
V705	0.95078	0.01155	0.01197	0.0257
V706	0.06943	0.0556	0.79632	0.07865
V707	0.0309	0.4275	0.50646	0.03514
V708	0.03056	0.88434	0.01861	0.06649
V709	0.12479	0.25495	0.54857	0.07168
V710	0.60293	0.20428	0.04974	0.14305
V711	0.07902	0.80863	0.08639	0.02595
V712	0.81665	0.05597	0.00419	0.12319
V713	0.42627	0.29941	0.03411	0.2402
V714	0.00642	0.68327	0.02033	0.28999
V715	0.29104	0.33105	0.31633	0.06158
V716	0.03249	0.07139	0.05672	0.8394
V717	0.07251	0.91497	0.00012	0.0124
V718	0.13573	0.57149	0.18308	0.1097
V719	0.04886	0.72361	0.03494	0.19259
V720	0.69058	0.01021	0.23482	0.06439
V721	0.11358	0.15393	0.5053	0.22719
V722	0.08325	0.35255	0.01575	0.54845
V723	0.10216	0.1056	0.01429	0.77795
V724	0.5724	0.03188	0.08648	0.30924
V725	0.00116	0.10578	0.86412	0.02895
V726	0.03115	0.38538	0.12621	0.45726
V727	0.25146	0.65608	0.08755	0.0049
V728	0.02426	0.88198	0.08844	0.00533
V729	0.39411	0.02214	0.17074	0.413
V730	0.89814	0.03606	0.04066	0.02514
V731	0.0214	0.18785	0.4226	0.36815
V732	0.34	0.07345	0.37571	0.21084
V733	0.64453	0.18216	0.03228	0.14103
V734	0.22627	0.30461	0.46388	0.00524
V735	0.01404	0.03885	0.50746	0.43964
V736	0.14114	0.03815	0.01709	0.80362
V737	0.32201	0.28261	0.25325	0.14213
V738	0.07002	0.3222	0.47676	0.13102
V739	0.00057	0.03278	0.62307	0.34357
V740	0.83484	0.08711	0.06686	0.01119
V741	0.47908	0.09865	0.12898	0.29329
V742	0.38453	0.60186	0.01351	0.00011
V743	0.12374	0.13896	0.71768	0.01962
V744	0.51138	0.04059	0.34387	0.10416
V745	0.01346	0.70182	0.17866	0.10606
V746	0.97485	0.01794	0.00049	0.00673
V747	0.04933	0.02369	0.72897	0.198
V748	0.11202	0.09734	0.62221	0.16843
V749	0.26925	0.17699	0.05617	0.49759
V750	0.40081	0.46722	0.01726	0.11471
V751	0.03927	0.87669	0.03419	0.04985
V752	0.45932	0.22022	0.14003	0.18044
V753	0.03155	0.07367	0.01088	0.8839
V754	0.00837	0.93398	0.00034	0.05731
V755	0.13847	0.18497	0.36739	0.30917
V756	0.02706	0.04749	0.06521	0.86024
V757	0.32288	0.59194	0.05936	0.02582
V758	0.03931	0.7763	0.11595	0.06844
V759	0.11331	0.06166	0.42994	0.39509
V760	0.27968	0.05737	0.29927	0.36368
V761	0.05947	0.5803	0.28039	0.07985
V762	8e-04	0.3997	0.01807	0.58144
V763	0.3756	0.3582	0.02603	0.24017
V764	0.00733	0.92952	0.00574	0.05741
V765	0.66017	0.09073	0.00046	0.24864
V766	0.01312	0.30829	0.46398	0.2146
V767	0.4782	0.11768	0.25705	0.14707
V768	0.05062	0.91127	0.01934	0.01878
V769	0.12974	0.83182	0.02695	0.0115
V770	0.01008	0.97589	0.00783	0.0062
V771	0.15606	0.03567	0.79511	0.01316
V772	0.12549	0.06014	0.80774	0.00663
V773	0.15037	0.83279	0.00509	0.01175
V774	0.01906	0.03668	0.91456	0.0297
V775	0.10344	0.04964	0.30277	0.54415
V776	0.41828	0.42497	0.05038	0.10637
V777	0.16328	0.11879	0.14903	0.56891
V778	0.53382	0.27281	0.06809	0.12529
V779	0.15679	0.0447	0.52638	0.27213
V780	0.1032	0.76942	0.12717	0.00021
V781	0.04513	0.06422	0.03901	0.85165
V782	0.0067	0.12033	0.81183	0.06114
V783	0.78507	0.0244	0.04804	0.14249
V784	0.10148	0.88023	0.01283	0.00546
V785	0.03271	0.93577	0.01249	0.01903
V786	0.71942	0.15551	0.08426	0.04081
V787	0.00139	0.84037	0.15267	0.00557
V788	0.50392	0.29903	0.15507	0.04198
V789	0.06235	0.37452	0.0314	0.53173
V790	0.44228	0.03588	0.08091	0.44092
V791	0.12606	0.37067	0.34994	0.15333
V792	0.12317	0.55073	0.00617	0.31993
V793	0.11111	0.66922	0.03451	0.18516
V794	0.04028	0.08187	0.80789	0.06996
V795	0.10012	0.06496	0.06674	0.76818
V796	0.02464	0.09378	0.86062	0.02096
V797	0.74531	0.01299	0.23029	0.01141
V798	0.60989	0.29627	0.07595	0.01789
V799	0.11984	0.78708	0.02556	0.06752
V800	0.05909	0.03436	0.54517	0.36138
V801	0.12659	0.11445	0.35381	0.40516
V802	0.03168	0.08619	0.2939	0.58822
V803	0.21155	0.52064	0.26749	0.00032
V804	0.51095	0.02223	0.40026	0.06656
V805	0.0262	0.04782	0.92412	0.00186
V806	0.04046	0.91408	0.01171	0.03374
V807	0.24395	0.15888	0.03944	0.55774
V808	0.65576	0.27077	0.04055	0.03292
V809	0.0428	0.07101	0.88473	0.00146
V810	0.01217	0.98082	0.00042	0.0066
V811	0.41609	0.07236	0.21505	0.2965
V812	0.54424	0.26103	0.05009	0.14465
V813	0.59169	0.18992	0.19287	0.02552
V814	0.41641	0.53588	0.04282	0.00489
V815	0.0014	0.92071	0.07223	0.00566
V816	0.91584	0.01798	0.06582	0.00036
V817	0.02576	0.08887	0.87147	0.0139
V818	0.00088	0.09475	0.05339	0.85099
V819	0.83011	0.08122	0.0484	0.04027
V820	0.12009	0.11541	0.02838	0.73612
V821	0.20841	0.30863	0.41133	0.07163
V822	0.06316	0.04576	0.87	0.02108
V823	0.02173	0.18259	0.70658	0.0891
V824	0.08436	0.3756	0.53935	0.00069
V825	0.21277	0.28506	0.27085	0.23132
V826	0.42009	0.41472	0.15415	0.01103
V827	0.36121	0.60239	0.01068	0.02572
V828	0.21025	0.16726	0.11594	0.50655
V829	0.03358	0.25921	0.04342	0.66379
V830	0.2088	0.23413	0.03029	0.52679
V831	0.7722	0.08735	0.03165	0.1088
V832	0.25903	0.4027	0.17498	0.16329
V833	0.13675	0.51459	0.1861	0.16256
V834	0.27935	0.07978	0.08533	0.55554
V835	0.34849	0.45418	0.11835	0.07899
V836	0.00673	0.68985	0.00724	0.29618
V837	0.21157	0.38107	0.1994	0.20796
V838	0.91649	0.05053	0.02754	0.00544
V839	0.28655	0.61168	0.09688	0.00489
V840	0.27663	0.71622	0.00703	0.00012
V841	0.00121	0.06153	0.88403	0.05322
V842	0.3469	0.15986	0.27744	0.21581
V843	0.01531	0.04224	0.87299	0.06945
V844	0.10281	0.08835	0.40892	0.39992
V845	0.05989	0.10602	0.7727	0.06139
V846	0.00084	0.03574	0.76865	0.19478
V847	0.0033	0.04065	0.057	0.89905
V848	0.0808	0.51602	0.17591	0.22727
V849	0.00128	0.95824	0.00637	0.03412
V850	0.96155	0.01299	0.01309	0.01238
V851	0.32078	0.53299	0.14606	0.00017
V852	0.09641	0.06492	0.14273	0.69594
V853	0.23369	0.2159	0.42912	0.12129
V854	0.59547	0.16408	0.10611	0.13433
V855	0.0033	0.04065	0.057	0.89905
V856	0.0396	0.34605	0.37534	0.23902
V857	0.67449	0.1724	0.03207	0.12104
V858	0.53545	0.0242	0.4348	0.00555
V859	0.65456	0.23545	0.01677	0.09322
V860	0.17462	0.12357	0.05974	0.64207
V861	0.08174	0.35095	0.55534	0.01198
V862	0.1222	0.08796	0.74613	0.04371
V863	0.18837	0.08126	0.0059	0.72446
V864	0.06033	0.06404	0.0616	0.81403
V865	0.10343	0.02471	0.28876	0.5831
V866	0.71014	0.0247	0.25381	0.01135
V867	0.70748	0.03392	0.25343	0.00518
V868	0.511	0.27482	0.1361	0.07808
V869	0.01847	0.96808	0.00737	0.00607
V870	0.09396	0.35107	0.02277	0.53221
V871	0.00128	0.95824	0.00637	0.03412
V872	0.00808	0.04057	0.27226	0.67908
V873	0.88444	0.03488	0.04836	0.03233
V874	0.18532	0.78483	0.02972	0.00013
V875	0.01407	0.19576	0.21616	0.57401
V876	0.14852	0.32198	0.43822	0.09129
V877	0.03988	0.39404	0.3157	0.25038
V878	0.12303	0.81261	0.06421	0.00015
V879	0.17595	0.70492	0.04199	0.07714
V880	0.29153	0.5608	0.00455	0.14311
V881	0.13248	0.04744	0.6345	0.18558
V882	0.79394	0.00854	0.12592	0.0716
V883	0.26842	0.20297	0.52791	0.00069
V884	0.01818	0.29987	0.00552	0.67643
V885	0.6928	0.21987	0.08718	0.00014
V886	0.01312	0.35526	0.49249	0.13912
V887	0.63429	0.06201	0.16254	0.14116
V888	0.08967	0.0539	0.76865	0.08778
V889	0.9092	0.05407	0.0183	0.01843
V890	0.02987	0.1379	0.65434	0.17789
V891	0.61628	0.04999	0.29254	0.04119
V892	0.26678	0.19021	0.01457	0.52844
V893	0.57843	0.20782	0.15444	0.05931
V894	0.06028	0.30298	0.60141	0.03534
V895	0.58974	0.06222	0.20579	0.14226
V896	0.03338	0.9417	0.00573	0.01919
V897	0.6813	0.25779	0.00381	0.05711
V898	0.45118	0.01691	0.00962	0.52229
V899	0.0232	0.19794	0.15204	0.62682
V900	0.07058	0.28672	0.39036	0.25235
V901	0.0307	0.84501	0.00519	0.1191
V902	0.04274	0.90671	0.04516	0.00539
V903	0.00628	0.41378	0.53651	0.04342
V904	0.01998	0.97319	0.00034	0.00648
V905	0.13714	0.02121	0.19293	0.64872
V906	0.39226	0.09237	0.11121	0.40417
V907	0.41472	0.51784	0.01735	0.05009
V908	0.01048	0.07971	0.0862	0.82361
V909	0.11869	0.81497	6e-05	0.06628
V910	0.15044	0.02265	0.13273	0.69419
V911	0.50477	0.39544	0.03249	0.06729
V912	0.38149	0.32681	0.13076	0.16093
V913	0.11421	0.03064	0.02048	0.83468
V914	0.16895	0.49595	0.30041	0.03469
V915	0.21422	0.02534	0.01543	0.74501
V916	0.23256	0.05981	0.66461	0.04302
V917	0.70927	0.0314	0.1677	0.09163
V918	0.03946	0.63807	0.23394	0.08853
V919	0.18786	0.22744	0.31911	0.26559
V920	0.61382	0.19498	0.09563	0.09557
V921	0.02631	0.18256	0.03849	0.75263
V922	0.09103	0.46328	0.40221	0.04349
V923	0.0725	0.04809	0.05418	0.82522
V924	0.0311	0.67353	0.26896	0.02641
V925	0.167	0.05726	0.02152	0.75423
V926	0.18676	0.04576	0.03721	0.73026
V927	0.02212	0.07253	0.06703	0.83831
V928	0.04024	0.89709	0.00508	0.05759
V929	0.04901	0.65284	0.13021	0.16795
V930	0.49846	0.37368	0.03258	0.09528
V931	0.12496	0.26588	0.53747	0.07169
V932	0.02969	0.10838	0.64249	0.21943
V933	0.5763	0.40143	0.01099	0.01128
V934	0.00639	0.15282	0.29464	0.54615
V935	0.55726	0.15694	0.21741	0.06839
V936	0.5177	0.27189	0.01749	0.19291
V937	0.53821	0.12599	0.08809	0.24771
V938	0.36223	0.04834	0.32748	0.26196
V939	0.74891	0.024	0.074	0.15309
V940	0.02209	0.8003	0.14364	0.03397
V941	0.00257	0.0473	0.94008	0.01005
V942	0.72632	0.18913	0.0667	0.01785
V943	0.38147	0.12428	0.44254	0.05171
V944	0.01497	0.27917	0.0702	0.63566
V945	0.54775	0.35778	0.00994	0.08454
V946	0.44505	0.25801	0.26289	0.03405
V947	0.07258	0.06115	0.24834	0.61792
V948	0.32059	0.03877	0.62153	0.01911
V949	0.00049	0.12179	0.21849	0.65922
V950	0.04962	0.53772	0.21944	0.19322
V951	0.81293	0.02554	0.15631	0.00522
V952	0.06121	0.12918	0.2847	0.52491
V953	0.01625	0.06896	0.88578	0.029
V954	0.03228	0.18735	0.15193	0.62844
V955	0.11178	0.61242	0.02681	0.249
V956	0.03075	0.03649	0.54289	0.38987
V957	0.32077	0.03578	0.00484	0.6386
V958	0.04737	0.03597	0.01232	0.90434
V959	0.2196	0.25176	0.45717	0.07147
V960	0.22314	0.27573	0.08429	0.41683
V961	0.12532	0.38261	0.37081	0.12126
V962	0.35067	0.16288	0.41601	0.07043
V963	0.59235	0.16575	0.16474	0.07715
V964	0.83365	0.03403	0.0999	0.03241
V965	0.04946	0.50322	0.19865	0.24866
V966	0.95466	0.02736	0.00563	0.01235
V967	0.04889	0.04839	0.55969	0.34303
V968	0.00082	0.15015	0.78809	0.06095
V969	0.00748	0.30292	0.04369	0.64591
V970	0.03029	0.11706	0.45529	0.39736
V971	0.4921	0.08216	0.34802	0.07772
V972	0.5027	0.19662	0.05111	0.24956
V973	0.25757	0.42529	0.08136	0.23577
V974	0.00624	0.79225	0.12494	0.07657
V975	0.09314	0.28808	0.61314	0.00564
V976	0.43409	0.24297	0.12057	0.20237
V977	0.30489	0.35627	0.33385	0.005
V978	0.05589	0.10907	0.07536	0.75968
V979	0.7843	0.02544	0.18506	0.0052
V980	0.97485	0.01794	0.00049	0.00673
V981	0.32018	0.03497	0.45934	0.1855
V982	0.43168	0.40275	0.07789	0.08768
V983	0.69263	0.0641	0.00489	0.23838
V984	0.01411	0.84701	0.10508	0.03381
V985	0.06626	0.21232	0.01203	0.70939
V986	0.30953	0.53277	0.05078	0.10691
V987	0.22316	0.75818	0	0.01866
V988	0.19971	0.03962	0.02147	0.7392
V989	0.42874	0.47609	0.07709	0.01808
V990	0.00085	0.05998	0.80719	0.13198
V991	0.61958	0.36882	0	0.0116
V992	0.18707	0.02073	0.54782	0.24439
V993	0.05909	0.73252	0.16593	0.04245
V994	0.17196	0.78995	0.02667	0.01142
V995	0.73547	0.10469	0.03183	0.12801
V996	0.25405	0.13216	0.01591	0.59789
V997	0.01516	0.03378	0.83842	0.11264
V998	0.86865	0.01952	0.06438	0.04745
V999	0.11331	0.88078	8e-05	0.00582
V1000	0.29849	0.04415	0.0051	0.65226
