cytotoxic.CD56.dim.NK.cell	memory.CD4.pos.AB.T.cell	memory.B.cell	CD14.pos.CD16.neg.classical.monocyte
V1	0.48258	0.18782	0.2368	0.0928
V2	0.18654	0.23605	0.21871	0.35871
V3	0.01399	0.81927	0.07494	0.0918
V4	0.68769	0.31231	0	0
V5	0.03154	0.61489	0.33255	0.02102
V6	0	0.98402	0.01598	0
V7	0.11567	0.55217	0.17556	0.1566
V8	0	0.10621	0.89379	0
V9	0.23477	0.43255	0.12916	0.20352
V10	0	0.04266	0.95734	0
V11	0.07064	0.47568	0.45368	0
V12	0	0.61175	0.38825	0
V13	0.16737	0.83263	0	0
V14	0	1	0	0
V15	0.04768	0.75976	0.17607	0.01649
V16	0.72827	0.27173	0	0
V17	0	0.9915	0.0085	0
V18	0.44308	0.52711	0.0298	0
V19	0.07288	0.92712	0	0
V20	0.13306	0.66934	0.08161	0.11599
V21	0	0.1532	0.8468	0
V22	0.00143	0.22936	0.44104	0.32818
V23	0.23337	0.16455	0.60208	0
V24	0.73601	0.26399	0	0
V25	0.28324	0.4227	0.19844	0.09562
V26	0.3252	0.58598	0.04015	0.04867
V27	0.15049	0.18589	0.2035	0.46011
V28	0	0.04153	0.95847	0
V29	0.29075	0.1729	0.53635	0
V30	0.05624	0.36174	0.43054	0.15149
V31	0.13424	0.36129	0.40579	0.09868
V32	0.13981	0.14191	0.2277	0.49057
V33	0	0.58268	0.41732	0
V34	0	0.12577	0.87423	0
V35	0.07541	0.83736	0.08723	0
V36	0	0.10524	0.70047	0.19429
V37	0.48426	0.25794	0.15498	0.10282
V38	0.39388	0.16435	0.28075	0.16103
V39	0.08749	0.73283	0.16857	0.0111
V40	0	0.92637	0.07363	0
V41	0	0.82089	0.11542	0.06369
V42	0.21523	0.16152	0.38669	0.23656
V43	0.01295	0.44233	0.54473	0
V44	0	0.1211	0.85414	0.02476
V45	0.01134	0.72553	0.26313	0
V46	0.6302	0.27526	0.09454	0
V47	0.29854	0.3673	0.33416	0
V48	0.64062	0.35938	0	0
V49	0.6068	0.3932	0	0
V50	0	0.91737	0.08263	0
V51	0.19623	0.5305	0.27327	0
V52	0	0.1299	0.8701	0
V53	0.56033	0.31253	0.12714	0
V54	0.27041	0.35145	0.37814	0
V55	0.16922	0.29407	0.37548	0.16123
V56	0.08685	0.12595	0.31263	0.47457
V57	0.00864	0.97795	0.01341	0
V58	0.59007	0.21721	0.08299	0.10973
V59	0.30849	0.57999	0.11151	0
V60	0.08144	0.2976	0.4794	0.14156
V61	0.67033	0.32967	0	0
V62	0.70646	0.25286	0.04068	0
V63	0	0.87429	0.12571	0
V64	0	0.97762	0.02238	0
V65	0.05492	0.11495	0.33402	0.49611
V66	0.13329	0.85297	0.01374	0
V67	0.02326	0.43355	0.54319	0
V68	0.19138	0.3109	0.16701	0.33072
V69	0	0.33841	0.66159	0
V70	0.42157	0.34237	0.21546	0.02059
V71	0.10835	0.20804	0.53945	0.14415
V72	0.47496	0.3552	0.12708	0.04276
V73	0.07002	0.75951	0.17047	0
V74	0	0.26334	0.73666	0
V75	0.58367	0.2023	0.20693	0.00709
V76	0	0.29958	0.4049	0.29552
V77	0.05074	0.48376	0.14659	0.31891
V78	0.26383	0.28563	0.30267	0.14788
V79	0	0.12649	0.87351	0
V80	0.22833	0.15396	0.61461	0.0031
V81	0	0.19457	0.80543	0
V82	0	0.06007	0.93993	0
V83	0.14195	0.3432	0.2396	0.27524
V84	0.35552	0.21934	0.27119	0.15395
V85	0.01626	0.45679	0.49541	0.03153
V86	0	0.08055	0.91945	0
V87	0	0.93207	0.06793	0
V88	0.13927	0.19485	0.45399	0.21189
V89	0.01577	0.12637	0.46651	0.39135
V90	0	0.94324	0.05676	0
V91	0	0.79717	0.20283	0
V92	0.33665	0.18586	0.45069	0.0268
V93	0.75772	0.24228	0	0
V94	0	0.66504	0.13003	0.20493
V95	0.17796	0.60116	0.20026	0.02062
V96	0.11361	0.25415	0.20502	0.42723
V97	0.52213	0.29033	0.18754	0
V98	0.54774	0.45226	0	0
V99	0.63135	0.24251	0.12614	0
V100	0	0.07957	0.92043	0
V101	0.08028	0.1359	0.22056	0.56326
V102	0.74434	0.25566	0	0
V103	0.04095	0.16779	0.33096	0.46031
V104	0	1	0	0
V105	0	0.9977	0.0023	0
V106	0.0149	0.62601	0.35909	0
V107	0.05516	0.32024	0.62461	0
V108	0.05047	0.85643	0.09309	0
V109	0	0.22155	0.72015	0.0583
V110	0	0.96579	0.03421	0
V111	0.72585	0.22999	0.04416	0
V112	0.06893	0.18363	0.607	0.14043
V113	0.17339	0.26568	0.33975	0.22118
V114	0.26965	0.19551	0.23976	0.29509
V115	0	0.77107	0.22893	0
V116	0.05179	0.45878	0.45717	0.03226
V117	0.54105	0.44405	0.01491	0
V118	0.11219	0.75904	0.08266	0.0461
V119	0.15615	0.22962	0.22793	0.3863
V120	0	0.11411	0.88589	0
V121	0.5056	0.32301	0.12454	0.04685
V122	0.764	0.236	0	0
V123	0	0.70043	0.14515	0.15442
V124	0.53647	0.46353	0	0
V125	0.26351	0.56481	0.17168	0
V126	0.05961	0.31439	0.23785	0.38815
V127	0.14547	0.17876	0.4491	0.22666
V128	0.06573	0.12244	0.35523	0.4566
V129	0.43191	0.41129	0.1568	0
V130	0	0.66026	0.33974	0
V131	0	0.9976	0.0024	0
V132	0.75618	0.24382	0	0
V133	0.72782	0.25	0.02218	0
V134	0.06877	0.57654	0.23221	0.12248
V135	0.08425	0.14095	0.41957	0.35523
V136	0.21437	0.60696	0.06628	0.1124
V137	0.51087	0.23189	0.25724	0
V138	0.14307	0.56969	0.24124	0.046
V139	0.27748	0.38829	0.26399	0.07024
V140	0.06545	0.23101	0.26277	0.44078
V141	0	0.26255	0.6757	0.06176
V142	0.61807	0.20259	0.17934	0
V143	0.35936	0.45803	0.11364	0.06897
V144	0.14748	0.3183	0.3252	0.20901
V145	0	0.7712	0.2288	0
V146	0.12044	0.12346	0.24226	0.51385
V147	0.74194	0.25806	0	0
V148	0.02434	0.19593	0.72194	0.05779
V149	0.14007	0.64408	0.21584	0
V150	0	0.33876	0.66124	0
V151	0.1421	0.80283	0.04861	0.00645
V152	0.13688	0.60362	0.2595	0
V153	0.04208	0.91417	0.04375	0
V154	0.12737	0.58462	0.288	0
V155	0.34177	0.32794	0.32435	0.00594
V156	0	0.20499	0.78509	0.00992
V157	0.21749	0.32528	0.39422	0.06301
V158	0.07732	0.1058	0.25081	0.56606
V159	0.72368	0.27632	0	0
V160	0.61507	0.21299	0.10256	0.06937
V161	0.27872	0.1393	0.19396	0.38802
V162	0.05608	0.48775	0.22862	0.22756
V163	0.03512	0.65489	0.25273	0.05726
V164	0.27081	0.49639	0.1647	0.0681
V165	0.02424	0.46572	0.14918	0.36086
V166	0.03185	0.24671	0.28927	0.43216
V167	0.40883	0.1581	0.1166	0.31646
V168	0.1897	0.72753	0.08277	0
V169	0.23311	0.21232	0.19687	0.35769
V170	0.0257	0.14359	0.71167	0.11905
V171	0.00264	0.35772	0.63964	0
V172	0.55499	0.19103	0.25397	0
V173	0.05365	0.31492	0.22843	0.40299
V174	0.02572	0.33085	0.27788	0.36555
V175	0	0.0794	0.90417	0.01643
V176	0	0.83063	0.16937	0
V177	0	1	0	0
V178	0	0.91755	0.04992	0.03253
V179	0.11241	0.14264	0.56654	0.17841
V180	0	0.92497	0.07503	0
V181	0.05418	0.26959	0.64533	0.0309
V182	0.1718	0.32869	0.49951	0
V183	0.08718	0.91282	0	0
V184	0.78092	0.21908	0	0
V185	0.42833	0.57167	0	0
V186	0.03663	0.62305	0.33085	0.00947
V187	0.76019	0.23981	0	0
V188	0.08001	0.42893	0.14197	0.34909
V189	0.70663	0.25193	0.01887	0.02256
V190	0.49107	0.20054	0.30839	0
V191	0.05465	0.328	0.61735	0
V192	0.2295	0.65151	0.08559	0.0334
V193	0.48459	0.21582	0.27693	0.02265
V194	0	1	0	0
V195	0	0.03651	0.96349	0
V196	0.06818	0.21236	0.21232	0.50714
V197	0.42877	0.23455	0.11318	0.2235
V198	0	0.59354	0.40646	0
V199	0.1729	0.14844	0.38562	0.29303
V200	0.08763	0.75716	0.07805	0.07716
V201	0.0242	0.70936	0.25294	0.0135
V202	0	0.06789	0.9026	0.02951
V203	0.04544	0.54384	0.41072	0
V204	0	0.7427	0.09118	0.16612
V205	0	0.06973	0.93027	0
V206	0	0.12298	0.87702	0
V207	0.14507	0.37267	0.20789	0.27437
V208	0.09456	0.19163	0.71381	0
V209	0.22554	0.64805	0.10199	0.02442
V210	0	0.89521	0.10479	0
V211	0.441	0.19297	0.13116	0.23487
V212	0.34547	0.20626	0.44827	0
V213	0.55924	0.22141	0.15226	0.0671
V214	0.27628	0.34785	0.25789	0.11798
V215	0.31998	0.27805	0.13451	0.26746
V216	0.10036	0.10668	0.24512	0.54784
V217	0	0.6215	0.32926	0.04925
V218	0.0387	0.61324	0.26856	0.07951
V219	0.06121	0.82896	0.05565	0.05418
V220	0	0.95641	0.04036	0.00323
V221	0.7125	0.2393	0.00941	0.03878
V222	0.21669	0.30657	0.43431	0.04244
V223	0	0.16961	0.83039	0
V224	0.76748	0.23252	0	0
V225	0	0.95003	0.04997	0
V226	0.15923	0.21114	0.62963	0
V227	0.62957	0.19481	0.17562	0
V228	0.64435	0.29388	0.06128	0.00049
V229	0	0.04011	0.95989	0
V230	0.0736	0.13715	0.24271	0.54654
V231	0.00375	0.45562	0.28894	0.25169
V232	0.00275	0.86913	0.04772	0.0804
V233	0.45001	0.27473	0.24464	0.03061
V234	0	0.97422	0.02578	0
V235	0.24109	0.19084	0.56807	0
V236	0	0.1267	0.8733	0
V237	0.22264	0.13547	0.21564	0.42625
V238	0.03198	0.675	0.29302	0
V239	0.06015	0.61622	0.11942	0.20421
V240	0.33954	0.20616	0.4543	0
V241	0	0.04818	0.95182	0
V242	0.0369	0.87419	0.08891	0
V243	0.106	0.17728	0.71672	0
V244	0.07113	0.13177	0.79564	0.00146
V245	0.47147	0.48179	0.04674	0
V246	0	0.19906	0.80094	0
V247	0	0.1422	0.8578	0
V248	0.07956	0.15153	0.26585	0.50305
V249	0	0.06793	0.93207	0
V250	0.60224	0.19559	0.20217	0
V251	0.75331	0.24669	0	0
V252	0	0.85161	0.14839	0
V253	0.32404	0.25032	0.27191	0.15373
V254	0	0.95451	0.04549	0
V255	0	1	0	0
V256	0.05399	0.35281	0.5932	0
V257	0.3405	0.2762	0.31095	0.07235
V258	0.07125	0.41419	0.50228	0.01228
V259	0	0.33496	0.66504	0
V260	0	0.2812	0.7188	0
V261	0.50596	0.22012	0.23906	0.03486
V262	0.1495	0.1985	0.20095	0.45106
V263	0	1	0	0
V264	0.10042	0.17142	0.59456	0.1336
V265	0.05435	0.10429	0.39556	0.44579
V266	0.49358	0.50642	0	0
V267	0	0.29602	0.48592	0.21807
V268	0.3634	0.19479	0.26027	0.18154
V269	0	0.58031	0.41969	0
V270	0.50874	0.22191	0.26449	0.00486
V271	0.67229	0.30065	0.02306	0.004
V272	0	0.96904	0.03096	0
V273	0.11416	0.13863	0.24624	0.50098
V274	0.58536	0.19131	0.20912	0.01421
V275	0	0.03406	0.96594	0
V276	0.41578	0.53783	0.02065	0.02574
V277	0.01688	0.37629	0.35094	0.25589
V278	0.00689	0.17661	0.53863	0.27787
V279	0.58193	0.26039	0.13108	0.0266
V280	0.07732	0.1058	0.25081	0.56606
V281	0.47666	0.21633	0.20891	0.09809
V282	0	0.12576	0.87424	0
V283	0.14424	0.75116	0.08922	0.01538
V284	0	0.94649	0.05351	0
V285	0	0.06649	0.93351	0
V286	0.15626	0.71202	0.13172	0
V287	0.01152	0.98076	0.00773	0
V288	0	0.36661	0.55819	0.0752
V289	0.15674	0.37946	0.4638	0
V290	0.63749	0.36251	0	0
V291	0.32402	0.23059	0.44538	0
V292	0.77521	0.22479	0	0
V293	0.14975	0.14436	0.70589	0
V294	0.1013	0.57493	0.0952	0.22857
V295	0	0.33235	0.40214	0.2655
V296	0.04517	0.2608	0.69403	0
V297	0.12728	0.10815	0.29372	0.47085
V298	0.14827	0.23056	0.62117	0
V299	0.08431	0.46755	0.15352	0.29462
V300	0	0.13747	0.49826	0.36427
V301	0	0.24011	0.74588	0.01401
V302	0.50741	0.49259	0	0
V303	0	0.60339	0.39661	0
V304	0	0.1028	0.86455	0.03265
V305	0.03241	0.30101	0.59119	0.07538
V306	0.65401	0.31375	0.03224	0
V307	0	0.99183	0.00817	0
V308	0.14678	0.39351	0.38715	0.07256
V309	0.29073	0.51988	0.07806	0.11133
V310	0.04428	0.49668	0.28336	0.17569
V311	0.38435	0.61565	0	0
V312	0.00308	0.85006	0.14685	0
V313	0.04297	0.26996	0.21442	0.47266
V314	0	0.64422	0.22172	0.13406
V315	0.06889	0.7985	0.08742	0.0452
V316	0.20332	0.30168	0.45685	0.03815
V317	0.02632	0.86995	0.08708	0.01665
V318	0.00358	0.7641	0.09634	0.13598
V319	0	0.10851	0.89149	0
V320	0	0.24128	0.74309	0.01563
V321	0.48309	0.51691	0	0
V322	0.15871	0.52855	0.15927	0.15347
V323	0.09331	0.13831	0.31719	0.4512
V324	0.50805	0.43975	0.0522	0
V325	0.19286	0.77183	0.0353	0
V326	0	0.70628	0.18788	0.10584
V327	0.02377	0.30068	0.31697	0.35858
V328	0	0.0955	0.86981	0.03469
V329	0.15898	0.26716	0.34129	0.23257
V330	0.30727	0.16195	0.44113	0.08966
V331	0.35448	0.2705	0.14483	0.23018
V332	0.00275	0.1805	0.43589	0.38086
V333	0.28824	0.24669	0.45168	0.0134
V334	0.27591	0.15956	0.4693	0.09524
V335	0	0.40779	0.58681	0.0054
V336	0.10536	0.85907	0.03557	0
V337	0.15546	0.53878	0.30575	0
V338	0	1	0	0
V339	0	0.0942	0.9058	0
V340	0	0.32799	0.63366	0.03835
V341	0.06805	0.15392	0.29064	0.48739
V342	0.12229	0.1308	0.71821	0.0287
V343	0.77145	0.22855	0	0
V344	0.50137	0.34043	0.1582	0
V345	0	0.04843	0.95157	0
V346	0.16747	0.28574	0.41206	0.13473
V347	0.06489	0.12752	0.36951	0.43808
V348	0	0.79497	0.19473	0.0103
V349	0.22008	0.33446	0.43616	0.00931
V350	0	0.83298	0.16702	0
V351	0	0.1176	0.64124	0.24117
V352	0	0.07003	0.92997	0
V353	0.71987	0.26788	0.01225	0
V354	0	0.76369	0.23631	0
V355	0.17181	0.22233	0.55709	0.04878
V356	0.06799	0.13327	0.3414	0.45734
V357	0.04252	0.48987	0.38534	0.08227
V358	0.47748	0.3146	0.0998	0.10812
V359	0.51813	0.26979	0.08393	0.12815
V360	0.41039	0.58961	0	0
V361	0	0.44023	0.55977	0
V362	0	0.99515	0.00485	0
V363	0.0762	0.26469	0.58829	0.07082
V364	0.02618	0.19299	0.77394	0.00689
V365	0.31422	0.17233	0.154	0.35945
V366	0.00745	0.85054	0.12745	0.01456
V367	0.5125	0.35807	0.0309	0.09853
V368	0.00964	0.8777	0.11266	0
V369	0	0.41119	0.58881	0
V370	0.15501	0.41907	0.42592	0
V371	0.10347	0.86782	0.02871	0
V372	0.17164	0.19463	0.31633	0.31739
V373	0	0.27256	0.62623	0.10122
V374	0.59958	0.21185	0.18857	0
V375	0.04762	0.17339	0.37992	0.39907
V376	0.06249	0.14817	0.33824	0.4511
V377	0.69601	0.22882	0.02099	0.05418
V378	0	0.1094	0.6515	0.2391
V379	0.32325	0.40277	0.08246	0.19151
V380	0.13982	0.21162	0.39438	0.25419
V381	0.62113	0.22274	0.11746	0.03868
V382	0	0.08638	0.91362	0
V383	0.70857	0.22933	0.05115	0.01096
V384	0.4656	0.26651	0.19083	0.07706
V385	0.69968	0.23858	0.06174	0
V386	0.29655	0.15625	0.30411	0.24309
V387	0.44375	0.34152	0.21357	0.00116
V388	0.27639	0.50591	0.18833	0.02937
V389	0.30106	0.6987	0.00024	0
V390	0.13909	0.39298	0.46793	0
V391	0.40277	0.31397	0.08753	0.19572
V392	0.32322	0.40517	0.21979	0.05182
V393	0.17158	0.38999	0.41311	0.02532
V394	0.08619	0.39838	0.27375	0.24167
V395	0.13871	0.5603	0.25941	0.04158
V396	0	1	0	0
V397	0.61569	0.29746	0.08686	0
V398	0.38786	0.33285	0.16282	0.11647
V399	0.10126	0.71821	0.18053	0
V400	0	0.73786	0.15097	0.11117
V401	0	0.20818	0.79182	0
V402	0.60895	0.38296	0.00809	0
V403	0.07007	0.13665	0.30432	0.48896
V404	0	0.30469	0.69531	0
V405	0.21299	0.17119	0.35254	0.26328
V406	0.52404	0.46157	0.01439	0
V407	0	1	0	0
V408	0.00749	0.39471	0.51831	0.07949
V409	0.0659	0.11851	0.24877	0.56682
V410	0	0.97252	0.02748	0
V411	0.4689	0.18955	0.07837	0.26318
V412	0.06336	0.21258	0.63878	0.08528
V413	0	0.63797	0.28453	0.0775
V414	0	0.5954	0.40137	0.00323
V415	0.36841	0.19839	0.32951	0.10368
V416	0	0.09688	0.90312	0
V417	0.26136	0.73864	0	0
V418	0.06756	0.2531	0.35622	0.32311
V419	0.07723	0.10491	0.2589	0.55896
V420	0	0.96709	0.03291	0
V421	0.02657	0.16991	0.78669	0.01682
V422	0.10605	0.19638	0.20273	0.49483
V423	0	0.07957	0.92043	0
V424	0	0.10492	0.79256	0.10252
V425	0	0.32885	0.67115	0
V426	0	0.13175	0.86825	0
V427	0.01403	0.56584	0.30628	0.11386
V428	0.0138	0.90804	0.07816	0
V429	0.0742	0.10465	0.27089	0.55026
V430	0.60328	0.39587	0.00085	0
V431	0.10295	0.16663	0.60967	0.12075
V432	0.13726	0.25173	0.2317	0.37931
V433	0.00477	0.91931	0.03554	0.04038
V434	0.34445	0.2515	0.16724	0.23681
V435	0.45359	0.19749	0.20784	0.14108
V436	0.37586	0.17226	0.23801	0.21387
V437	0.23388	0.43215	0.10047	0.2335
V438	0.51619	0.37266	0.05595	0.0552
V439	0.08957	0.25041	0.19557	0.46445
V440	0.45948	0.2411	0.10951	0.1899
V441	0	0.23123	0.71922	0.04955
V442	0.23361	0.51751	0.1948	0.05408
V443	0.6289	0.21514	0.11738	0.03859
V444	0	0.04843	0.95157	0
V445	0.44706	0.21021	0.34273	0
V446	0	0.92763	0.07237	0
V447	0.49436	0.28811	0.20541	0.01212
V448	0.00856	0.20354	0.4374	0.3505
V449	0.41796	0.22988	0.33932	0.01284
V450	0.03853	0.95921	0.00225	0
V451	0.74896	0.25104	0	0
V452	0.08538	0.1193	0.30483	0.49048
V453	0.64756	0.29866	0.05378	0
V454	0	0.95506	0.04494	0
V455	0.44533	0.22572	0.32895	0
V456	0.21284	0.29299	0.45606	0.03811
V457	0.06675	0.13293	0.23231	0.56801
V458	0.26565	0.43494	0.08702	0.21239
V459	0	0.87978	0.12022	0
V460	0.75698	0.24302	0	0
V461	0.12506	0.15379	0.21012	0.51103
V462	0.32583	0.46347	0.05029	0.1604
V463	0.15747	0.64395	0.19127	0.00731
V464	0.46787	0.32403	0.05403	0.15407
V465	0.31329	0.61564	0.04578	0.02529
V466	0.49928	0.41197	0.02115	0.06761
V467	0.20711	0.71722	0.07567	0
V468	0.37193	0.58268	0.04539	0
V469	0	0.31055	0.48116	0.20829
V470	0.41924	0.32209	0.22334	0.03533
V471	0.28169	0.28702	0.16152	0.26977
V472	0.29583	0.54034	0.03761	0.12622
V473	0	0.64036	0.35964	0
V474	0.15923	0.1188	0.32016	0.4018
V475	0.13719	0.59499	0.16029	0.10753
V476	0.20648	0.15092	0.24827	0.39433
V477	0.47481	0.22757	0.25906	0.03856
V478	0.08895	0.78522	0.0495	0.07633
V479	0	0.13225	0.86775	0
V480	0.07959	0.50165	0.1807	0.23806
V481	0	0.11749	0.88251	0
V482	0.53993	0.36063	0.09944	0
V483	0.14736	0.26623	0.25733	0.32907
V484	0.07279	0.21275	0.23095	0.48351
V485	0.05998	0.89917	0.03703	0.00382
V486	0.21344	0.45729	0.21471	0.11457
V487	0.10185	0.18631	0.30068	0.41117
V488	0	0.04285	0.95715	0
V489	0.05714	0.22827	0.7146	0
V490	0.27683	0.51056	0.12514	0.08747
V491	0.31962	0.65014	0.03024	0
V492	0	0.87137	0.12863	0
V493	0.08499	0.10755	0.22832	0.57914
V494	0.07203	0.30449	0.60763	0.01586
V495	0.11784	0.74576	0.1364	0
V496	0.17592	0.82408	0	0
V497	0	0.02908	0.97092	0
V498	0.31169	0.28978	0.16934	0.22919
V499	0.44632	0.44688	0.1068	0
V500	0	0.21841	0.78159	0
V501	0.06197	0.10031	0.27746	0.56025
V502	0.39026	0.45805	0.15169	0
V503	0.16765	0.26712	0.35717	0.20806
V504	0.14264	0.8537	0.00366	0
V505	0.13374	0.39342	0.36302	0.10982
V506	0	0.39415	0.55974	0.04611
V507	0.49972	0.29899	0.1577	0.04359
V508	0.5947	0.37805	0.02725	0
V509	0.12568	0.20656	0.6143	0.05346
V510	0.09621	0.64252	0.26126	0
V511	0.02014	0.63395	0.15431	0.1916
V512	0.25903	0.20405	0.24046	0.29646
V513	0	0.75926	0.24074	0
V514	0.07192	0.19603	0.20746	0.52459
V515	0.64113	0.2868	0.05537	0.0167
V516	0.71839	0.28161	0	0
V517	0.02294	0.14359	0.50526	0.32821
V518	0.76571	0.23429	0	0
V519	0	0.97696	0.02304	0
V520	0	0.06585	0.81426	0.11989
V521	0.39382	0.22542	0.38076	0
V522	0	0.19577	0.7214	0.08283
V523	0.26728	0.30009	0.35025	0.08237
V524	0	0.80052	0.19948	0
V525	0.2544	0.40585	0.12468	0.21507
V526	0.54472	0.28746	0.10854	0.05928
V527	0.13821	0.16578	0.55625	0.13977
V528	0.02224	0.97776	0	0
V529	0.04293	0.20366	0.45101	0.3024
V530	0	0.25629	0.74371	0
V531	0	0.89	0.11	0
V532	0.15706	0.53498	0.11799	0.18997
V533	0.20528	0.52851	0.20162	0.06459
V534	0	0.06275	0.86304	0.07421
V535	0.53818	0.19629	0.07192	0.19361
V536	0.1377	0.13447	0.54819	0.17964
V537	0.42476	0.43302	0.14221	0
V538	0.41669	0.25164	0.16999	0.16168
V539	0.17796	0.60116	0.20026	0.02062
V540	0.10956	0.81522	0.07522	0
V541	0	0.692	0.1654	0.1426
V542	0.14795	0.30188	0.38795	0.16221
V543	0.748	0.24871	0	0.00329
V544	0.09639	0.23545	0.37775	0.29041
V545	0.33014	0.34803	0.15275	0.16909
V546	0	0.93954	0.06046	0
V547	0	0.67262	0.32738	0
V548	0.05484	0.86156	0.0836	0
V549	0.16402	0.1632	0.67278	0
V550	0.55836	0.24151	0.04149	0.15863
V551	0.09115	0.86797	0.04089	0
V552	0	0.7246	0.09804	0.17736
V553	0.07856	0.27428	0.64715	0
V554	0.09908	0.23392	0.21661	0.45039
V555	0.02539	0.38306	0.47543	0.11612
V556	0	0.04571	0.95429	0
V557	0.69796	0.26111	0.01332	0.02761
V558	0	0.93991	0.06009	0
V559	0	0.81449	0.18551	0
V560	0.52956	0.47044	0	0
V561	0	0.03406	0.96594	0
V562	0.65402	0.21366	0.12439	0.00793
V563	0.07568	0.13741	0.78691	0
V564	0	0.12146	0.87854	0
V565	0.03471	0.42371	0.47712	0.06445
V566	0.59898	0.33055	0.01576	0.05471
V567	0.1713	0.64829	0.08517	0.09524
V568	0.28182	0.14167	0.22428	0.35223
V569	0.61833	0.25207	0.02155	0.10806
V570	0	0.34169	0.65831	0
V571	0.66619	0.33381	0	0
V572	0.30176	0.17457	0.51233	0.01134
V573	0.09267	0.35287	0.16574	0.38872
V574	0	0.82291	0.17709	0
V575	0.02106	0.23548	0.35619	0.38726
V576	0.06043	0.90595	0.03362	0
V577	0.02905	0.17644	0.45449	0.34002
V578	0	0.16317	0.79444	0.04239
V579	0	0.90527	0.09473	0
V580	0.1786	0.13306	0.32319	0.36514
V581	0.12805	0.21897	0.17997	0.47301
V582	0.49276	0.3641	0.06642	0.07672
V583	0	0.11102	0.77308	0.1159
V584	0.35024	0.34881	0.30095	0
V585	0	0.08322	0.69013	0.22665
V586	0.09619	0.14912	0.74809	0.0066
V587	0.10841	0.15089	0.7407	0
V588	0.55886	0.26929	0.06197	0.10987
V589	0	0.92143	0.07857	0
V590	0	0.8105	0.1895	0
V591	0	0.16107	0.46066	0.37827
V592	0	0.15781	0.84219	0
V593	0.49586	0.17608	0.24999	0.07806
V594	0.20266	0.43954	0.3578	0
V595	0.08903	0.13625	0.23932	0.5354
V596	0	0.44824	0.37781	0.17395
V597	0	0.61468	0.38532	0
V598	0	0.13622	0.86378	0
V599	0.48072	0.5037	0.01558	0
V600	0.26079	0.65837	0.06979	0.01104
V601	0.13994	0.47013	0.19763	0.1923
V602	0.09166	0.13302	0.22649	0.54883
V603	0.00707	0.57392	0.15256	0.26645
V604	0.34148	0.30872	0.3498	0
V605	0	0.46244	0.49361	0.04395
V606	0.59975	0.38125	0.00977	0.00924
V607	0.56464	0.20017	0.15785	0.07734
V608	0.12591	0.32982	0.47844	0.06583
V609	0	0.39359	0.41032	0.19608
V610	0.63881	0.2382	0.10559	0.0174
V611	0.32369	0.14607	0.20993	0.3203
V612	0	0.13937	0.86063	0
V613	0	0.37505	0.62495	0
V614	0.62981	0.28967	0.05893	0.02158
V615	0.18722	0.20388	0.17601	0.43289
V616	0.01705	0.87072	0.09035	0.02188
V617	0.29157	0.33726	0.37117	0
V618	0.65819	0.23178	0.01545	0.09459
V619	0.29766	0.19574	0.41876	0.08784
V620	0	0.66026	0.33974	0
V621	0.33592	0.34945	0.23957	0.07506
V622	0.2138	0.38076	0.40544	0
V623	0.01803	0.22475	0.37975	0.37748
V624	0.62514	0.37486	0	0
V625	0.17905	0.66942	0.1335	0.01803
V626	0.76742	0.23258	0	0
V627	0.04157	0.14289	0.3095	0.50604
V628	0.01668	0.41051	0.18991	0.3829
V629	0.05623	0.46134	0.38972	0.09271
V630	0	0.3819	0.6181	0
V631	0.01486	0.35898	0.30666	0.3195
V632	0.51332	0.17748	0.20585	0.10335
V633	0	0.07054	0.92335	0.00611
V634	0.24546	0.41535	0.33918	0
V635	0	0.91697	0.0497	0.03334
V636	9e-04	0.24493	0.73639	0.01777
V637	0.26991	0.39496	0.17653	0.15859
V638	0.31304	0.46487	0.12499	0.09709
V639	0.12837	0.56284	0.30879	0
V640	0	0.20146	0.79854	0
V641	0.71808	0.28172	2e-04	0
V642	0.62108	0.37892	0	0
V643	0	0.27957	0.60913	0.1113
V644	0.71557	0.28443	0	0
V645	0.12988	0.54457	0.32555	0
V646	0	1	0	0
V647	0.00718	0.22082	0.772	0
V648	0.27628	0.58748	0.13624	0
V649	0	0.11206	0.88794	0
V650	0	0.15873	0.84127	0
V651	0.14257	0.14016	0.71727	0
V652	0.01876	0.22925	0.61412	0.13787
V653	0.04529	0.81714	0.13757	0
V654	0.54921	0.40209	0.0487	0
V655	0.0011	0.77543	0.09878	0.1247
V656	0.20294	0.48268	0.0997	0.21469
V657	0.08135	0.21276	0.20656	0.49933
V658	0.47963	0.41972	0.07575	0.0249
V659	0.22573	0.26145	0.45092	0.0619
V660	0	1	0	0
V661	0.03259	0.62603	0.16083	0.18054
V662	0.27208	0.17522	0.54131	0.01138
V663	0.10853	0.2223	0.65623	0.01293
V664	0.0553	0.20422	0.74049	0
V665	0.55705	0.40615	0.0368	0
V666	0.5219	0.18783	0.16789	0.12238
V667	0.58595	0.27298	0.14106	0
V668	0.01962	0.89647	0.0839	0
V669	0.127	0.57141	0.29878	0.00281
V670	0	1	0	0
V671	0.23745	0.45753	0.30126	0.00376
V672	0	0.05498	0.94502	0
V673	0.14433	0.52999	0.29317	0.03251
V674	0.59485	0.36956	0.02124	0.01435
V675	0.05101	0.48247	0.41694	0.04958
V676	0.03642	0.27155	0.32004	0.37199
V677	0.27838	0.58554	0.12161	0.01447
V678	0.36881	0.63119	0	0
V679	0	0.34797	0.65203	0
V680	0.18373	0.6869	0.12937	0
V681	0.71167	0.28833	0	0
V682	0	0.40358	0.59642	0
V683	0	0.99252	0.00748	0
V684	0.5463	0.36643	0.08727	0
V685	0.34733	0.52679	0.12587	0
V686	0.08382	0.34833	0.32547	0.24238
V687	0.08762	0.12318	0.2421	0.54711
V688	0.2859	0.70069	0	0.01342
V689	0.30185	0.12594	0.2091	0.36312
V690	0.3119	0.21447	0.47363	0
V691	0	0.11939	0.88061	0
V692	0	0.23092	0.76908	0
V693	0.15259	0.27178	0.4819	0.09374
V694	0	0.13038	0.55388	0.31573
V695	0.24547	0.13513	0.33932	0.28008
V696	0.12134	0.23816	0.1975	0.443
V697	0.07138	0.18264	0.22136	0.52462
V698	0.70997	0.23843	0.01669	0.03491
V699	0.43611	0.48686	0.07704	0
V700	0.29281	0.16797	0.15273	0.38649
V701	0.05413	0.69566	0.18348	0.06673
V702	0.4964	0.30582	0.05505	0.14273
V703	0.05095	0.19115	0.64833	0.10957
V704	0.69292	0.27731	0.0198	0.00996
V705	0.77331	0.22669	0	0
V706	0	0.13732	0.86268	0
V707	0	0.47386	0.52614	0
V708	0	0.9686	0.0314	0
V709	0.01338	0.3986	0.58802	0
V710	0.47923	0.42379	0.06948	0.0275
V711	0	0.90503	0.09497	0
V712	0.69565	0.2866	0	0.01775
V713	0.35521	0.50175	0.072	0.07104
V714	0	0.82125	0.096	0.08275
V715	0.17885	0.48649	0.33466	0
V716	0.08318	0.16653	0.26279	0.4875
V717	0	1	0	0
V718	0.05783	0.714	0.22632	0.00185
V719	0	0.87165	0.09035	0.038
V720	0.55311	0.19765	0.24905	0.00019
V721	0.0262	0.31408	0.59708	0.06265
V722	0.10047	0.54245	0.12146	0.23563
V723	0.15768	0.24095	0.17512	0.42625
V724	0.51219	0.22516	0.14378	0.11887
V725	0	0.10798	0.89202	0
V726	0.00281	0.56389	0.25633	0.17697
V727	0.15328	0.77286	0.07387	0
V728	0	0.90997	0.09003	0
V729	0.36598	0.1826	0.28027	0.17116
V730	0.72007	0.2683	0.01163	0
V731	0	0.31733	0.55455	0.12812
V732	0.24608	0.25531	0.43658	0.06204
V733	0.52975	0.40078	0.04427	0.0252
V734	0.08889	0.43994	0.47118	0
V735	0	0.11227	0.69813	0.1896
V736	0.21593	0.12718	0.18978	0.46711
V737	0.2263	0.45519	0.29202	0.02649
V738	0	0.45208	0.52964	0.01827
V739	0	0.05845	0.80844	0.13311
V740	0.65454	0.30276	0.04271	0
V741	0.41108	0.29675	0.19055	0.10162
V742	0.27257	0.72743	0	0
V743	0	0.25745	0.74255	0
V744	0.37928	0.22	0.38401	0.0167
V745	0	0.76878	0.23122	0
V746	0.78866	0.21134	0	0
V747	0	0.07891	0.86263	0.05846
V748	0.01161	0.24071	0.70637	0.04131
V749	0.26915	0.36895	0.15811	0.2038
V750	0.31171	0.64877	0.02902	0.0105
V751	0	0.95675	0.04325	0
V752	0.35161	0.41882	0.18367	0.04589
V753	0.08239	0.12148	0.22416	0.57197
V754	0	0.99777	0.00223	0
V755	0.0744	0.36373	0.46276	0.0991
V756	0.08616	0.11736	0.27456	0.52192
V757	0.22747	0.71588	0.05665	0
V758	0	0.85749	0.14251	0
V759	0.06377	0.19594	0.58171	0.15858
V760	0.22839	0.22468	0.41054	0.13639
V761	0	0.67497	0.32503	0
V762	0	0.58016	0.1531	0.26674
V763	0.31548	0.54943	0.06585	0.06924
V764	0	0.98816	0.01184	0
V765	0.58736	0.31735	0.01643	0.07886
V766	0	0.40421	0.54901	0.04678
V767	0.35179	0.31502	0.29941	0.03379
V768	0	0.98326	0.01674	0
V769	0.04853	0.92845	0.02302	0
V770	0	1	0	0
V771	0.00644	0.13554	0.85802	0
V772	0	0.1451	0.8549	0
V773	0.07288	0.92712	0	0
V774	0	0.03431	0.96569	0
V775	0.0914	0.17193	0.49463	0.24204
V776	0.31924	0.60409	0.06724	0.00943
V777	0.16531	0.28058	0.30828	0.24583
V778	0.41745	0.47523	0.0862	0.02113
V779	0.08007	0.17932	0.64364	0.09697
V780	0.00197	0.86756	0.13047	0
V781	0.10482	0.15473	0.23757	0.50288
V782	0	0.15516	0.84484	0
V783	0.66521	0.24502	0.06047	0.0293
V784	0.01426	0.9828	0.00294	0
V785	0	0.9906	0.0094	0
V786	0.56	0.36808	0.07192	0
V787	0	0.84142	0.15858	0
V788	0.35479	0.4859	0.15932	0
V789	0.06608	0.56798	0.14175	0.22419
V790	0.42694	0.2173	0.17008	0.18568
V791	0.0425	0.52038	0.4124	0.02472
V792	0.09739	0.74031	0.05941	0.1029
V793	0.06735	0.81373	0.08573	0.03319
V794	0	0.14552	0.85448	0
V795	0.14755	0.18591	0.2569	0.40964
V796	0	0.12026	0.87974	0
V797	0.59098	0.19301	0.21602	0
V798	0.4653	0.47253	0.06216	0
V799	0.05603	0.90457	0.0394	0
V800	0	0.13962	0.71694	0.14344
V801	0.08193	0.27561	0.48731	0.15515
V802	0.00833	0.2173	0.50635	0.26802
V803	0.08868	0.64252	0.2688	0
V804	0.3704	0.19558	0.43403	0
V805	0	0.03983	0.96017	0
V806	0	0.98668	0.01332	0
V807	0.26295	0.34074	0.15039	0.24592
V808	0.51023	0.4611	0.02867	0
V809	0	0.07852	0.92148	0
V810	0	1	0	0
V811	0.34434	0.2578	0.29539	0.10247
V812	0.43169	0.467	0.07194	0.02937
V813	0.42738	0.38599	0.18662	0
V814	0.29162	0.68131	0.02707	0
V815	0	0.92668	0.07332	0
V816	0.72897	0.23767	0.03335	0
V817	0	0.108	0.892	0
V818	0.04974	0.18413	0.25595	0.51018
V819	0.66215	0.30643	0.03141	0
V820	0.17025	0.26357	0.18654	0.37964
V821	0.09532	0.46337	0.44131	0
V822	0	0.08057	0.91943	0
V823	0	0.25747	0.74253	0
V824	0	0.44345	0.55655	0
V825	0.13691	0.46451	0.33492	0.06367
V826	0.28982	0.56098	0.1492	0
V827	0.26468	0.73532	0	0
V828	0.19748	0.35262	0.24208	0.20782
V829	0.04404	0.43038	0.20609	0.31949
V830	0.21707	0.43334	0.12898	0.22061
V831	0.64129	0.31043	0.03819	0.01009
V832	0.17935	0.56545	0.22193	0.03327
V833	0.06615	0.66354	0.24343	0.02689
V834	0.29402	0.24604	0.21491	0.24503
V835	0.2437	0.62343	0.13287	0
V836	0	0.8392	0.07326	0.08755
V837	0.14042	0.55294	0.25427	0.05237
V838	0.72979	0.27021	0	0
V839	0.1796	0.73725	0.08314	0
V840	0.17465	0.82535	0	0
V841	0	0.0731	0.9269	0
V842	0.25617	0.35043	0.33371	0.05968
V843	0	0.0641	0.9359	0
V844	0.05319	0.23272	0.55775	0.15634
V845	0	0.1867	0.8133	0
V846	0	0.05833	0.89239	0.04928
V847	0.07049	0.10909	0.2386	0.58182
V848	0.02362	0.66738	0.25242	0.05657
V849	0	0.99561	0.00439	0
V850	0.77201	0.22799	0	0
V851	0.20222	0.66473	0.13305	0
V852	0.11556	0.18917	0.35056	0.34471
V853	0.12559	0.39087	0.4681	0.01544
V854	0.47078	0.36725	0.13211	0.02986
V855	0.07049	0.10909	0.2386	0.58182
V856	0	0.47992	0.4607	0.05937
V857	0.55116	0.39489	0.03839	0.01556
V858	0.37261	0.18259	0.4448	0
V859	0.5366	0.45023	0.01257	6e-04
V860	0.20115	0.28745	0.21018	0.30122
V861	0	0.4262	0.5738	0
V862	0	0.21447	0.78553	0
V863	0.24989	0.22551	0.14036	0.38423
V864	0.1139	0.16446	0.26244	0.4592
V865	0.09874	0.12486	0.49912	0.27729
V866	0.54959	0.21447	0.23594	0
V867	0.54572	0.22148	0.23281	0
V868	0.378	0.47022	0.15179	0
V869	0	1	0	0
V870	0.10351	0.54646	0.12551	0.22452
V871	0	0.99561	0.00439	0
V872	0	0.12997	0.51871	0.35132
V873	0.71179	0.26515	0.02306	0
V874	0.09298	0.88594	0.02108	0
V875	0	0.35281	0.40097	0.24622
V876	0.04714	0.47132	0.48153	0
V877	0	0.52719	0.40756	0.06525
V878	0.02805	0.90732	0.06464	0
V879	0.10992	0.83229	0.05779	0
V880	0.22984	0.73314	0.017	0.02002
V881	0.0345	0.1762	0.73646	0.05284
V882	0.6575	0.20821	0.13429	0
V883	0.11728	0.34221	0.5405	0
V884	0.03065	0.47642	0.14833	0.3446
V885	0.53406	0.40367	0.06227	0
V886	0	0.43218	0.55362	0.0142
V887	0.51124	0.25759	0.1962	0.03497
V888	0	0.15457	0.8411	0.00433
V889	0.72035	0.27965	0	0
V890	0	0.23359	0.7277	0.03871
V891	0.45793	0.24541	0.29666	0
V892	0.27878	0.38713	0.1078	0.22629
V893	0.42958	0.41144	0.15898	0
V894	0	0.38277	0.61723	0
V895	0.46442	0.2554	0.24502	0.03516
V896	0	1	0	0
V897	0.55156	0.44844	0	0
V898	0.4877	0.17842	0.08286	0.25101
V899	0.01538	0.35998	0.34088	0.28376
V900	0	0.45093	0.47731	0.07176
V901	0	0.96755	0.03245	0
V902	0	0.95856	0.04144	0
V903	0	0.44023	0.55977	0
V904	0	1	0	0
V905	0.15667	0.11649	0.40004	0.3268
V906	0.35375	0.29377	0.19518	0.15729
V907	0.30705	0.68211	0.01084	0
V908	0.04672	0.18516	0.30125	0.46687
V909	0.0575	0.9425	0	0
V910	0.18863	0.12073	0.33085	0.3598
V911	0.39146	0.5818	0.02674	0
V912	0.28817	0.51253	0.16621	0.03308
V913	0.18215	0.11868	0.20233	0.49684
V914	0.06823	0.61369	0.31809	0
V915	0.29054	0.13072	0.16019	0.41855
V916	0.09746	0.198	0.70454	0
V917	0.57327	0.2336	0.18482	0.0083
V918	0	0.72188	0.27812	0
V919	0.1147	0.41007	0.39588	0.07935
V920	0.48071	0.40372	0.10835	0.00723
V921	0.05355	0.33994	0.21592	0.39059
V922	0	0.57042	0.42958	0
V923	0.13642	0.13756	0.24827	0.47775
V924	0	0.71164	0.28836	0
V925	0.23228	0.18116	0.17819	0.40837
V926	0.24625	0.17383	0.19439	0.38552
V927	0.06878	0.1674	0.27797	0.48585
V928	0	0.99265	0.00735	0
V929	0	0.78467	0.19142	0.02391
V930	0.39403	0.56587	0.0397	4e-04
V931	0.01475	0.41221	0.57303	0
V932	0	0.20128	0.73863	0.06009
V933	0.44518	0.55482	0	0
V934	0	0.28572	0.48403	0.23025
V935	0.41125	0.36079	0.22796	0
V936	0.43059	0.48143	0.03885	0.04913
V937	0.45071	0.33125	0.13648	0.08156
V938	0.28735	0.21745	0.40716	0.08803
V939	0.62429	0.24314	0.09642	0.03615
V940	0	0.8348	0.1652	0
V941	0	0.02365	0.97635	0
V942	0.56465	0.38727	0.04808	0
V943	0.24622	0.29596	0.45781	0
V944	0.01414	0.44533	0.24531	0.29521
V945	0.43961	0.55273	0.00765	0
V946	0.29654	0.4388	0.26466	0
V947	0.06316	0.18806	0.4588	0.28999
V948	0.17741	0.17086	0.65173	0
V949	0	0.24439	0.43987	0.31573
V950	0	0.66478	0.29646	0.03876
V951	0.64826	0.21511	0.13663	0
V952	0.03039	0.29105	0.45653	0.22203
V953	0	0.0872	0.9128	0
V954	0.02534	0.34923	0.33977	0.28567
V955	0.07147	0.78043	0.08213	0.06597
V956	0	0.11834	0.72373	0.15793
V957	0.37832	0.18065	0.1095	0.33153
V958	0.08499	0.10755	0.22832	0.57914
V959	0.10425	0.41085	0.4849	0
V960	0.19714	0.4805	0.16755	0.15481
V961	0.03834	0.52578	0.42643	0.00945
V962	0.2247	0.33593	0.43937	0
V963	0.4466	0.37397	0.17943	0
V964	0.6662	0.24838	0.08541	0
V965	0	0.64227	0.29041	0.06732
V966	0.76687	0.23313	0	0
V967	0	0.15569	0.7152	0.12911
V968	0	0.17467	0.82533	0
V969	0.00678	0.47692	0.20714	0.30917
V970	0	0.23827	0.61095	0.15078
V971	0.34608	0.27565	0.37736	0.00091
V972	0.41805	0.4155	0.08835	0.0781
V973	0.20041	0.59817	0.1348	0.06662
V974	0	0.84071	0.15929	0
V975	0	0.36601	0.63399	0
V976	0.33562	0.44377	0.16555	0.05505
V977	0.16955	0.49556	0.33489	0
V978	0.08829	0.24749	0.26726	0.39695
V979	0.62343	0.21546	0.1611	0
V980	0.78866	0.21134	0	0
V981	0.22748	0.19382	0.52496	0.05373
V982	0.3189	0.58754	0.09356	0
V983	0.61124	0.29536	0.0195	0.0739
V984	0	0.87901	0.12099	0
V985	0.0985	0.38043	0.15592	0.36515
V986	0.22959	0.69536	0.06949	0.00556
V987	0.14428	0.85572	0	0
V988	0.26935	0.15679	0.17374	0.40012
V989	0.30402	0.62551	0.07047	0
V990	0	0.09526	0.88834	0.0164
V991	0.4874	0.5126	0	0
V992	0.11357	0.12925	0.66962	0.08755
V993	0	0.80689	0.19311	0
V994	0.08916	0.89144	0.0194	0
V995	0.60617	0.33017	0.04479	0.01888
V996	0.28886	0.31074	0.12405	0.27635
V997	0	0.06079	0.93345	0.00576
V998	0.70728	0.23998	0.05274	0
V999	0.02559	0.97441	0	0
V1000	0.35213	0.19218	0.11449	0.34119
