B_cells	NK_cells	T_cells_CD4.	Monocytes
V1	0.57743	0	0.19712	0.22545
V2	0.22955	0.08362	0.07847	0.60836
V3	0.10468	0.59638	0.05023	0.24871
V4	0.85585	0.10274	0.01128	0.03013
V5	0.15256	0.43783	0.29865	0.11096
V6	0.1324	0.7838	0.08286	0.00094
V7	0.19518	0.34706	0.11748	0.34028
V8	0.1881	0	0.79583	0.01607
V9	0.2976	0.22947	0.05722	0.41571
V10	0.08557	0	0.87798	0.03645
V11	0.24145	0.31148	0.44708	0
V12	0.07308	0.52085	0.40608	0
V13	0.30663	0.63953	0.05384	0
V14	0.12337	0.81355	0.06309	0
V15	0.16477	0.55151	0.1725	0.11122
V16	0.85939	0.03244	0.06079	0.04737
V17	0.14236	0.78746	0.0689	0.00128
V18	0.58422	0.30983	0.08673	0.01922
V19	0.20536	0.73768	0.05697	0
V20	0.21285	0.44587	0.04875	0.29253
V21	0.18539	0.05669	0.74542	0.0125
V22	0.07403	0.08919	0.25152	0.58525
V23	0.40413	0.03267	0.56319	0
V24	0.89239	0.02103	0.08658	0
V25	0.38435	0.22132	0.15881	0.23552
V26	0.43083	0.35905	0.04779	0.16233
V27	0.19658	0.05894	0.03768	0.7068
V28	0.04152	0.06199	0.89649	0
V29	0.46135	0.01701	0.50889	0.01274
V30	0.15141	0.20796	0.31245	0.32817
V31	0.25067	0.17923	0.32762	0.24248
V32	0.18329	0.01588	0.07487	0.72596
V33	0.09098	0.45719	0.39705	0.05477
V34	0.18603	0.03625	0.76325	0.01447
V35	0.20728	0.6489	0.14382	0
V36	0.06124	0.03547	0.51475	0.38854
V37	0.57356	0.04741	0.13261	0.24642
V38	0.47404	0	0.19493	0.33103
V39	0.20867	0.51789	0.17969	0.09375
V40	0.13954	0.72242	0.13803	0
V41	0.04429	0.64436	0.10316	0.2082
V42	0.29143	0.00625	0.25111	0.45121
V43	0.1772	0.30712	0.51568	0
V44	0.0669	0.077	0.73695	0.11915
V45	0.14407	0.53623	0.27084	0.04886
V46	0.77767	0.05421	0.16811	0
V47	0.46777	0.16846	0.34358	0.0202
V48	0.79651	0.14416	0.03852	0.02082
V49	0.74909	0.1733	0.00173	0.07588
V50	0.11457	0.7343	0.15113	0
V51	0.34346	0.3582	0.29835	0
V52	0.08345	0.11136	0.78878	0.0164
V53	0.71618	0.09422	0.18961	0
V54	0.44221	0.16893	0.38885	0
V55	0.2689	0.11613	0.2767	0.33827
V56	0.13945	0	0.14258	0.71798
V57	0.1494	0.7682	0.0824	0
V58	0.6658	0	0.06759	0.26661
V59	0.45877	0.36879	0.15261	0.01983
V60	0.18677	0.14386	0.36113	0.30824
V61	0.79603	0.08518	0.03835	0.08044
V62	0.83993	0.02211	0.11865	0.0193
V63	0.06511	0.74294	0.19195	0
V64	0.06057	0.82096	0.02792	0.09055
V65	0.09354	0	0.1573	0.74916
V66	0.25887	0.63633	0.06825	0.03655
V67	0.19347	0.29113	0.51539	0
V68	0.23641	0.14528	0.03771	0.5806
V69	0.0762	0.28856	0.62015	0.01509
V70	0.55419	0.13166	0.21705	0.09711
V71	0.22207	0.0587	0.41065	0.30858
V72	0.59068	0.13845	0.12934	0.14154
V73	0.19622	0.55981	0.19398	0.04999
V74	0.10344	0.19743	0.69913	0
V75	0.70233	0	0.2207	0.07697
V76	0.0328	0.17701	0.23339	0.5568
V77	0.09775	0.29615	0.02255	0.58355
V78	0.35824	0.10035	0.22218	0.31923
V79	0.05733	0.10156	0.78273	0.05838
V80	0.38781	0.00758	0.54672	0.05789
V81	0.11042	0.14839	0.74119	0
V82	0.04347	0.08265	0.87225	0.00164
V83	0.2041	0.17328	0.1056	0.51702
V84	0.44716	0.02321	0.20053	0.3291
V85	0.15445	0.29375	0.43138	0.12043
V86	0.10777	0.05556	0.80961	0.02706
V87	0.08446	0.75534	0.12376	0.03644
V88	0.23124	0.04425	0.31071	0.41379
V89	0.09463	0.00196	0.25541	0.648
V90	0.08123	0.78774	0.13103	0
V91	0.08289	0.66524	0.25187	0
V92	0.48443	0.00431	0.40741	0.10385
V93	0.88514	0.01241	0	0.10245
V94	0.06536	0.44117	0.06084	0.43263
V95	0.29748	0.39814	0.19916	0.10522
V96	0.16199	0.10896	0.04503	0.68403
V97	0.67421	0.08306	0.24273	0
V98	0.70997	0.2728	0.01065	0.00657
V99	0.77755	0.02934	0.1931	0
V100	0.13914	0.0305	0.81778	0.01258
V101	0.11981	0.07978	0	0.80041
V102	0.88352	0.04826	0.03691	0.03131
V103	0.07646	0.04741	0.14775	0.72837
V104	0.09248	0.84129	0.06623	0
V105	0.11382	0.81005	0.07613	0
V106	0.16605	0.4669	0.36607	0.00098
V107	0.23211	0.18618	0.56566	0.01605
V108	0.18648	0.66297	0.15055	0
V109	0.06123	0.15689	0.60918	0.1727
V110	0.11217	0.77926	0.10838	0.00019
V111	0.86901	0	0.11955	0.01144
V112	0.18792	0.05261	0.46142	0.29805
V113	0.2537	0.09495	0.21902	0.43234
V114	0.32036	0.02735	0.12171	0.53058
V115	0.05109	0.66745	0.28146	0
V116	0.18767	0.29095	0.40036	0.12101
V117	0.67716	0.22288	0.0742	0.02575
V118	0.20928	0.5465	0.07608	0.16813
V119	0.20114	0.07608	0.08295	0.63984
V120	0.13766	0.07382	0.78853	0
V121	0.6112	0.10852	0.12969	0.15058
V122	0.88925	0	0.06788	0.04287
V123	0.04638	0.50343	0.09458	0.35561
V124	0.67963	0.26706	0.01007	0.04324
V125	0.41275	0.36972	0.21753	0
V126	0.10815	0.15475	0.08344	0.65366
V127	0.23298	0.03261	0.30147	0.43294
V128	0.12061	0	0.16733	0.71206
V129	0.58423	0.20541	0.20452	0.00584
V130	0.05083	0.57988	0.36929	0
V131	0.07865	0.83803	0.03701	0.04631
V132	0.87466	0	0.08097	0.04437
V133	0.86275	0.00349	0.10689	0.02687
V134	0.15809	0.38013	0.17032	0.29146
V135	0.16107	0.00198	0.2323	0.60465
V136	0.29665	0.38594	0.03537	0.28204
V137	0.65074	0.01718	0.27956	0.05252
V138	0.25528	0.37507	0.21977	0.14988
V139	0.39042	0.18873	0.23159	0.18926
V140	0.10597	0.09896	0.09419	0.70088
V141	0.11637	0.15195	0.55778	0.1739
V142	0.76872	0	0.23128	0
V143	0.4669	0.24355	0.09833	0.19122
V144	0.22875	0.14911	0.20863	0.41351
V145	0.02086	0.69024	0.2889	0
V146	0.16899	0	0.08941	0.7416
V147	0.86597	0.01444	0.06329	0.05631
V148	0.1838	0.06986	0.58909	0.15724
V149	0.29153	0.45092	0.25754	0
V150	0.13837	0.22867	0.59042	0.04254
V151	0.25107	0.58128	0.08082	0.08683
V152	0.27281	0.40492	0.26325	0.05901
V153	0.1578	0.69733	0.06925	0.07562
V154	0.28006	0.40876	0.31118	0
V155	0.49053	0.12765	0.31332	0.06849
V156	0.08373	0.14116	0.6881	0.08701
V157	0.34534	0.14337	0.34123	0.17006
V158	0.12643	0	0.10458	0.769
V159	0.8696	0.06469	0.00426	0.06145
V160	0.70533	0	0.0961	0.19857
V161	0.29763	0	0.06686	0.6355
V162	0.12015	0.30217	0.12103	0.45666
V163	0.14266	0.46524	0.21651	0.17559
V164	0.38154	0.29115	0.13738	0.18993
V165	0.07062	0.28403	0	0.64535
V166	0.06874	0.11025	0.11722	0.70379
V167	0.42146	0	0.02802	0.55052
V168	0.32356	0.51865	0.13182	0.02597
V169	0.27406	0.04724	0.07181	0.60688
V170	0.16704	0.01548	0.5497	0.26778
V171	0.18147	0.22677	0.58602	0.00574
V172	0.70351	0	0.29289	0.0036
V173	0.09489	0.15671	0.07566	0.67274
V174	0.07307	0.17401	0.11845	0.63446
V175	0.12634	0.00665	0.77886	0.08815
V176	0.05314	0.71575	0.23112	0
V177	0.07039	0.88904	0.03077	0.0098
V178	0.05477	0.7273	0.06026	0.15767
V179	0.22589	0	0.41848	0.35563
V180	0.07677	0.77774	0.14549	0
V181	0.21294	0.12657	0.54678	0.11371
V182	0.33512	0.16814	0.4704	0.02634
V183	0.22093	0.71924	0.05982	0
V184	0.91756	0	0.08244	0
V185	0.57989	0.36127	0.05884	0
V186	0.16462	0.4441	0.30734	0.08395
V187	0.88802	0	0.09047	0.0215
V188	0.12487	0.2497	0	0.62543
V189	0.8097	0.00271	0.05564	0.13195
V190	0.65185	3e-04	0.34381	0.00404
V191	0.23254	0.19573	0.56595	0.00578
V192	0.34289	0.43459	0.08877	0.13375
V193	0.61325	0.01374	0.27201	0.101
V194	0.09677	0.83502	0.06008	0.00813
V195	0.08598	0.04834	0.85559	0.01009
V196	0.0826	0.1029	0.03856	0.77594
V197	0.47683	0.03213	0.05273	0.43831
V198	0.11488	0.46105	0.40494	0.01913
V199	0.2421	0.00717	0.22645	0.52428
V200	0.1769	0.54324	0.05617	0.22369
V201	0.14163	0.51577	0.2402	0.1024
V202	0.07676	0.03082	0.76652	0.1259
V203	0.20467	0.38287	0.41246	0
V204	0.05755	0.52673	0.0453	0.37042
V205	0.08507	0.07349	0.83245	0.00898
V206	0.10585	0.10128	0.79287	0
V207	0.20479	0.19668	0.07922	0.5193
V208	0.28797	0.06424	0.64778	0
V209	0.34166	0.43452	0.10797	0.11586
V210	0.13612	0.68863	0.15652	0.01873
V211	0.48367	0	0.06549	0.45085
V212	0.51795	0.03156	0.44331	0.00718
V213	0.65435	0.00762	0.15162	0.18641
V214	0.37646	0.15072	0.2006	0.27222
V215	0.36405	0.09365	0.03586	0.50643
V216	0.15622	0	0.08492	0.75886
V217	0.08686	0.46692	0.2818	0.16442
V218	0.14304	0.43006	0.21302	0.21388
V219	0.15486	0.60891	0.05167	0.18456
V220	0.05599	0.77537	0.06497	0.10366
V221	0.80729	0	0.03407	0.15864
V222	0.35242	0.12406	0.38862	0.13489
V223	0.05631	0.14519	0.74971	0.04879
V224	0.90952	0	0.09048	0
V225	0.10842	0.76491	0.12667	0
V226	0.33728	0.07847	0.58425	0
V227	0.76436	0	0.22519	0.01044
V228	0.75924	0.04903	0.10702	0.0847
V229	0.08867	0.03935	0.85057	0.02141
V230	0.1039	0.04683	0.08186	0.7674
V231	0.06022	0.28841	0.15334	0.49803
V232	0.09794	0.65035	0.00969	0.24201
V233	0.57615	0.07326	0.2351	0.11549
V234	0.09447	0.80352	0.10201	0
V235	0.40309	0.05618	0.53228	0.00845
V236	0.10387	0.07985	0.76574	0.05054
V237	0.25192	0	0.07365	0.67443
V238	0.17587	0.50279	0.31012	0.01122
V239	0.12062	0.40379	0.04787	0.42772
V240	0.50398	0.02933	0.43838	0.0283
V241	0.08358	0.01097	0.85808	0.04737
V242	0.17262	0.67357	0.15381	0
V243	0.28406	0.04139	0.62543	0.04912
V244	0.25558	0	0.687	0.05742
V245	0.60582	0.26464	0.09135	0.03819
V246	0.11323	0.152	0.73478	0
V247	0.20692	0.02934	0.76375	0
V248	0.11232	0.04134	0.10588	0.74047
V249	0.03475	0.06365	0.85278	0.04882
V250	0.74582	0	0.24929	0.00489
V251	0.89511	0.04342	0.04357	0.01791
V252	0.05303	0.73522	0.21175	0
V253	0.41469	0.05492	0.20131	0.32908
V254	0.0619	0.81121	0.12688	0
V255	0.10444	0.84592	0.02871	0.02094
V256	0.22128	0.20345	0.52358	0.0517
V257	0.45399	0.08757	0.26763	0.1908
V258	0.22109	0.24895	0.44373	0.08622
V259	0.08875	0.27847	0.62593	0.00685
V260	0.02872	0.27074	0.70055	0
V261	0.62616	0.01003	0.23694	0.12687
V262	0.1939	0.06918	0.03619	0.70073
V263	0.07897	0.87711	0.03139	0.01253
V264	0.22125	0.02835	0.46094	0.28947
V265	0.11683	0	0.18703	0.69614
V266	0.65127	0.29813	0.05061	0
V267	0.02763	0.18733	0.33392	0.45112
V268	0.44049	0	0.18407	0.37545
V269	0.05	0.51056	0.42785	0.0116
V270	0.64504	0.00578	0.28034	0.06884
V271	0.78669	0.05044	0.06884	0.09404
V272	0.10589	0.76269	0.06394	0.06748
V273	0.16068	0.01864	0.09277	0.7279
V274	0.69616	0	0.21146	0.09238
V275	0.04311	0.05633	0.88286	0.0177
V276	0.52904	0.31017	0.03974	0.12105
V277	0.08709	0.21241	0.20645	0.49406
V278	0.10072	0.05539	0.33686	0.50703
V279	0.68887	0.03832	0.15232	0.12049
V280	0.12643	0	0.10458	0.769
V281	0.5733	0.00797	0.18031	0.23841
V282	0.11533	0.07969	0.76795	0.03703
V283	0.25262	0.53671	0.10576	0.10491
V284	0.08135	0.78777	0.13088	0
V285	0.12862	0.01113	0.86026	0
V286	0.28362	0.49884	0.15727	0.06027
V287	0.1521	0.77854	0.06884	0.00052
V288	0.05877	0.27287	0.4587	0.20965
V289	0.31498	0.20551	0.43597	0.04353
V290	0.81409	0.12739	0.05851	0
V291	0.49716	0.05874	0.4441	0
V292	0.91309	0.00772	0.00433	0.07486
V293	0.33244	0.01512	0.63473	0.01771
V294	0.14598	0.38068	0	0.47334
V295	0.06652	0.18194	0.23864	0.5129
V296	0.22313	0.11923	0.6026	0.05503
V297	0.1735	0	0.12365	0.70285
V298	0.32733	0.09589	0.57678	0
V299	0.12892	0.28472	0.03128	0.55507
V300	0.04234	0.03078	0.28921	0.63766
V301	0.17283	0.1137	0.63407	0.07939
V302	0.66965	0.30791	0.0176	0.00484
V303	0.02954	0.5489	0.42156	0
V304	0.11387	0.03377	0.73254	0.11982
V305	0.17032	0.15716	0.47895	0.19358
V306	0.78315	0.07665	0.09182	0.04838
V307	0.07883	0.83451	0.08391	0.00274
V308	0.2694	0.21728	0.32679	0.18652
V309	0.3765	0.3013	0.04933	0.27287
V310	0.12591	0.31224	0.19294	0.36891
V311	0.5319	0.41783	0.05027	0
V312	0.14428	0.65461	0.20111	0
V313	0.03264	0.13486	0.05812	0.77437
V314	0.05405	0.4686	0.15793	0.31941
V315	0.16537	0.58914	0.07897	0.16652
V316	0.34117	0.12509	0.40831	0.12543
V317	0.13372	0.64929	0.09859	0.1184
V318	0.08674	0.54052	0.04723	0.32551
V319	0.11698	0.07407	0.79114	0.01781
V320	0.12949	0.14465	0.63944	0.08643
V321	0.64225	0.30722	0.05052	0
V322	0.24418	0.31488	0.10029	0.34066
V323	0.14617	0.00984	0.14592	0.69807
V324	0.65689	0.22467	0.11333	0.00512
V325	0.33056	0.56241	0.10703	0
V326	0.01715	0.55362	0.14679	0.28244
V327	0.07426	0.15316	0.14987	0.62271
V328	0.10417	0.03485	0.73298	0.128
V329	0.23272	0.10601	0.21051	0.45076
V330	0.42287	0	0.36119	0.21594
V331	0.40162	0.07626	0.0727	0.44941
V332	0.06794	0.04963	0.2356	0.64683
V333	0.4425	0.06235	0.41062	0.08453
V334	0.39219	0	0.38298	0.22484
V335	0.07088	0.31788	0.52789	0.08336
V336	0.21845	0.64526	0.06717	0.06913
V337	0.31227	0.36007	0.32767	0
V338	0.02358	0.88151	0.08863	0.00628
V339	0.17767	0	0.82233	0
V340	0.10184	0.22118	0.53911	0.13788
V341	0.10701	0.0371	0.12271	0.73318
V342	0.28729	0	0.61437	0.09834
V343	0.89785	0.0239	0.04762	0.03064
V344	0.66187	0.12307	0.21506	0
V345	0.08868	0.04988	0.86144	0
V346	0.27761	0.10629	0.3164	0.2997
V347	0.12927	0	0.18142	0.68931
V348	0.09736	0.603	0.19832	0.10132
V349	0.36849	0.15348	0.40517	0.07286
V350	0.07039	0.70293	0.22668	0
V351	0.07787	0.03119	0.43449	0.45646
V352	0.10759	0.02785	0.81249	0.05207
V353	0.84176	0.00744	0.07893	0.07188
V354	0.09214	0.62407	0.27767	0.00612
V355	0.31088	0.06852	0.477	0.14361
V356	0.11964	0.01309	0.15674	0.71052
V357	0.15538	0.3161	0.31548	0.21303
V358	0.56696	0.0886	0.07975	0.26468
V359	0.59995	0.03737	0.06266	0.30002
V360	0.55669	0.37642	0.06689	0
V361	0.02611	0.41128	0.5626	0
V362	0.02211	0.87412	0.10179	0.00199
V363	0.21496	0.11421	0.48528	0.18555
V364	0.20401	0.06634	0.66535	0.0643
V365	0.3413	0.01043	0.03793	0.61034
V366	0.12189	0.62983	0.13838	0.1099
V367	0.59802	0.1275	0.01816	0.25632
V368	0.13486	0.66389	0.14249	0.05876
V369	0.06602	0.3578	0.57618	0
V370	0.32316	0.2501	0.42674	0
V371	0.22787	0.65697	0.07877	0.0364
V372	0.23412	0.04433	0.16484	0.55671
V373	0.13021	0.13937	0.49171	0.23871
V374	0.75548	0	0.24452	0
V375	0.11875	0.03421	0.19425	0.65278
V376	0.11636	0.02803	0.15276	0.70285
V377	0.78436	0	0.03858	0.17706
V378	0.06323	0.0329	0.4463	0.45757
V379	0.38689	0.19075	0.02662	0.39574
V380	0.21346	0.06625	0.24189	0.47839
V381	0.72725	0	0.12914	0.14361
V382	0.13854	0.0448	0.81666	0
V383	0.80698	0	0.08635	0.10668
V384	0.56847	0.06082	0.16846	0.20226
V385	0.8172	0	0.12182	0.06098
V386	0.35713	0	0.18651	0.45636
V387	0.57873	0.13107	0.22673	0.06348
V388	0.39536	0.30587	0.18128	0.11749
V389	0.43915	0.4709	0.05186	0.03809
V390	0.31301	0.2267	0.46029	0
V391	0.46599	0.09425	0.03582	0.40394
V392	0.44045	0.20609	0.19872	0.15473
V393	0.30774	0.21391	0.37268	0.10567
V394	0.14914	0.22722	0.1509	0.47274
V395	0.25558	0.36403	0.24048	0.13991
V396	0.06299	0.85389	0.07087	0.01225
V397	0.74904	0.06803	0.14774	0.03519
V398	0.47309	0.12491	0.12928	0.27272
V399	0.22953	0.50361	0.1993	0.06756
V400	0.02277	0.56942	0.11809	0.28972
V401	0.08492	0.16012	0.70725	0.0477
V402	0.78012	0.13977	0.0801	0
V403	0.10908	0.02045	0.13587	0.7346
V404	0.13822	0.1919	0.60923	0.06064
V405	0.28299	0.01585	0.21379	0.48737
V406	0.64106	0.2273	0.04779	0.08385
V407	0.02358	0.88151	0.08863	0.00628
V408	0.13469	0.23684	0.42569	0.20278
V409	0.04759	0.03731	0.10865	0.80645
V410	0.14127	0.76619	0.09254	0
V411	0.50127	0	0	0.49873
V412	0.20577	0.07438	0.51585	0.20401
V413	0.09768	0.4628	0.22667	0.21284
V414	0.07776	0.46971	0.37024	0.08229
V415	0.47076	0.0144	0.26953	0.24531
V416	0.0716	0.08754	0.84086	0
V417	0.40232	0.54372	0.05397	0
V418	0.13971	0.10441	0.18654	0.56934
V419	0.11636	0	0.11352	0.77012
V420	0.01475	0.8371	0.0857	0.06245
V421	0.20485	0.04457	0.66958	0.081
V422	0.14371	0.08749	0.02404	0.74477
V423	0.13914	0.0305	0.81778	0.01258
V424	0.03138	0.0631	0.64721	0.25831
V425	0.10341	0.23176	0.59644	0.06839
V426	0.14578	0.05686	0.75364	0.04372
V427	0.11094	0.38291	0.23541	0.27074
V428	0.13639	0.69796	0.1143	0.05136
V429	0.11012	0	0.12144	0.76844
V430	0.73627	0.14916	0.04789	0.06669
V431	0.2311	0.01881	0.47938	0.27071
V432	0.18743	0.09728	0.0825	0.63279
V433	0.10566	0.70944	0.02016	0.16474
V434	0.39103	0.06723	0.08362	0.45813
V435	0.53676	0	0.15612	0.30712
V436	0.42935	0	0.15291	0.41774
V437	0.28994	0.22962	0.01722	0.46322
V438	0.61742	0.14686	0.05874	0.17698
V439	0.11162	0.12357	0.0234	0.74142
V440	0.52514	0.02007	0.06425	0.39054
V441	0.11828	0.13331	0.60179	0.14662
V442	0.34629	0.32244	0.1701	0.16118
V443	0.73307	0	0.12462	0.14231
V444	0.08868	0.04988	0.86144	0
V445	0.60569	0.00643	0.36988	0.01801
V446	0.08403	0.74955	0.12232	0.0441
V447	0.6184	0.08061	0.21727	0.08372
V448	0.07877	0.06867	0.24195	0.61061
V449	0.56173	0.02813	0.32961	0.08052
V450	0.17976	0.7471	0.07314	0
V451	0.89325	0.05301	0.00892	0.04483
V452	0.12892	0	0.13932	0.73176
V453	0.77561	0.05846	0.11025	0.05568
V454	0.02852	0.83781	0.13367	0
V455	0.59458	0.02046	0.33634	0.04862
V456	0.35172	0.11494	0.40751	0.12583
V457	0.03954	0.07173	0.07007	0.81866
V458	0.32165	0.22713	0.01677	0.43444
V459	0.05664	0.72412	0.16054	0.0587
V460	0.87914	0	0.08481	0.03606
V461	0.16886	0.05251	0.02944	0.74919
V462	0.39624	0.24418	0	0.35958
V463	0.28447	0.43507	0.20312	0.07733
V464	0.54618	0.08937	0.01658	0.34788
V465	0.42634	0.39543	0.06013	0.1181
V466	0.60082	0.17475	0.02208	0.20235
V467	0.34357	0.51416	0.13339	0.00887
V468	0.50913	0.36326	0.09548	0.03214
V469	0.06318	0.18296	0.3284	0.42545
V470	0.54772	0.11222	0.21694	0.12312
V471	0.3302	0.1052	0.05773	0.50687
V472	0.37054	0.3265	0	0.30296
V473	0.14245	0.48655	0.371	0
V474	0.20316	0	0.14711	0.64972
V475	0.22717	0.38465	0.1153	0.27288
V476	0.24832	0	0.10487	0.64681
V477	0.59895	0.02179	0.24492	0.13434
V478	0.17713	0.56103	0.03848	0.22336
V479	0.0664	0.10061	0.77468	0.05831
V480	0.13402	0.31133	0.07868	0.47597
V481	0.19585	0.02915	0.775	0
V482	0.6748	0.14371	0.1563	0.0252
V483	0.20071	0.11201	0.11105	0.57623
V484	0.10032	0.09173	0.06444	0.74352
V485	0.16799	0.68165	0.05748	0.09287
V486	0.30895	0.256	0.16288	0.27217
V487	0.16031	0.04374	0.13469	0.66126
V488	0.04418	0.01729	0.86379	0.07474
V489	0.24802	0.10355	0.64843	0
V490	0.37323	0.3014	0.09933	0.22604
V491	0.46053	0.42485	0.07597	0.03865
V492	0.07466	0.72922	0.19611	0
V493	0.17309	0	0	0.82691
V494	0.23252	0.15426	0.52547	0.08775
V495	0.25594	0.55135	0.19272	0
V496	0.31314	0.63713	0.02902	0.02071
V497	0.09095	0.00529	0.8895	0.01427
V498	0.36876	0.09976	0.08123	0.45025
V499	0.60129	0.23283	0.16588	0
V500	0.15413	0.12927	0.70083	0.01577
V501	0.05212	0	0.13971	0.80816
V502	0.54661	0.25323	0.1971	0.00306
V503	0.25182	0.09556	0.23926	0.41336
V504	0.26966	0.63441	0.05915	0.03678
V505	0.24041	0.21071	0.28776	0.26112
V506	0.13326	0.24754	0.47171	0.1475
V507	0.60934	0.08898	0.15972	0.14196
V508	0.73048	0.14856	0.08	0.04096
V509	0.26827	0.06221	0.51835	0.15117
V510	0.25045	0.45301	0.29654	0
V511	0.09555	0.41273	0.08549	0.40623
V512	0.30869	0.04026	0.1205	0.53054
V513	0.12313	0.58094	0.26487	0.03106
V514	0.09054	0.10806	0	0.8014
V515	0.75047	0.04826	0.08635	0.11492
V516	0.89436	0.08493	0.00846	0.01226
V517	0.1093	0.02296	0.29809	0.56965
V518	0.92077	0.04955	0.00367	0.02601
V519	0.07556	0.79996	0.05786	0.06662
V520	0.08739	0	0.64009	0.27252
V521	0.55854	0.03681	0.38983	0.01481
V522	0.05109	0.13559	0.59441	0.21891
V523	0.38087	0.12131	0.29022	0.2076
V524	0.05085	0.69445	0.25468	2e-05
V525	0.31079	0.20723	0.04759	0.43439
V526	0.64371	0.06636	0.11281	0.17712
V527	0.25563	0.01586	0.42891	0.29961
V528	0.15186	0.79082	0.03305	0.02427
V529	0.12613	0.06343	0.26647	0.54397
V530	0.05313	0.20733	0.67076	0.06878
V531	0.06526	0.75673	0.17801	0
V532	0.22372	0.32683	0.05081	0.39864
V533	0.31469	0.33528	0.17103	0.179
V534	0.06654	0.0298	0.7082	0.19546
V535	0.58295	0	0.03335	0.38369
V536	0.24597	0	0.40083	0.35321
V537	0.57741	0.22854	0.19405	0
V538	0.49066	0.03799	0.12498	0.34636
V539	0.29748	0.39814	0.19916	0.10522
V540	0.23821	0.62309	0.12986	0.00884
V541	0.0561	0.49469	0.11214	0.33707
V542	0.24595	0.12865	0.28716	0.33823
V543	0.84905	0	0.04879	0.10216
V544	0.17052	0.09062	0.21435	0.52451
V545	0.40531	0.13827	0.09951	0.35691
V546	0.0983	0.76527	0.13643	0
V547	0.08175	0.56556	0.3527	0
V548	0.18983	0.66703	0.14314	0
V549	0.34777	0.03608	0.61615	0
V550	0.62823	0.01785	0	0.35392
V551	0.21785	0.66489	0.08978	0.02748
V552	0.02105	0.52707	0.0534	0.39848
V553	0.26019	0.14658	0.59323	0
V554	0.14131	0.10239	0.05207	0.70423
V555	0.1365	0.22847	0.36549	0.26954
V556	0.03703	0.05907	0.87344	0.03046
V557	0.80707	0.01387	0.03911	0.13995
V558	0.11439	0.72018	0.08252	0.08291
V559	0.05212	0.70388	0.244	0
V560	0.69232	0.28463	0.02185	0.0012
V561	0.04311	0.05633	0.88286	0.0177
V562	0.75498	0	0.1554	0.08962
V563	0.27876	0.00315	0.7181	0
V564	0.11788	0.09308	0.78904	0
V565	0.16674	0.25467	0.40329	0.1753
V566	0.70581	0.08529	0.02137	0.18753
V567	0.26	0.42955	0.05681	0.25365
V568	0.31404	0	0.09203	0.59393
V569	0.70883	0.01749	0	0.27369
V570	0.07415	0.2798	0.61353	0.03253
V571	0.80787	0.11396	0.01174	0.06643
V572	0.46084	0.00106	0.46124	0.07686
V573	0.13351	0.18731	0.01944	0.65974
V574	0.08223	0.68698	0.23079	0
V575	0.08009	0.09253	0.17406	0.65332
V576	0.19412	0.70816	0.09772	0
V577	0.10927	0.04332	0.25928	0.58812
V578	0.11094	0.07974	0.6724	0.13692
V579	0.05401	0.778	0.16799	0
V580	0.2303	0	0.15742	0.61229
V581	0.16331	0.10396	0	0.73273
V582	0.59244	0.13854	0.05744	0.21157
V583	0.0555	0.05961	0.61131	0.27357
V584	0.516	0.14727	0.32332	0.01341
V585	0.07139	0.01446	0.4808	0.43335
V586	0.27491	0.01437	0.64441	0.06631
V587	0.3017	0.01806	0.66962	0.01062
V588	0.64593	0.02839	0.05299	0.27269
V589	0.10564	0.72806	0.13071	0.03558
V590	0.08953	0.66589	0.24458	0
V591	0.04178	0.04009	0.26164	0.65648
V592	0.19757	0.04457	0.75786	0
V593	0.59149	0	0.21117	0.19735
V594	0.3569	0.2683	0.36281	0.01198
V595	0.12982	0.04035	0.07463	0.75519
V596	0.0803	0.28534	0.26642	0.36795
V597	0.02064	0.54331	0.38924	0.04681
V598	0.07618	0.1301	0.79371	0
V599	0.62014	0.2876	0.07839	0.01387
V600	0.38182	0.43721	0.09091	0.09006
V601	0.21387	0.27505	0.11435	0.39673
V602	0.13719	0.05297	0.04325	0.76659
V603	0.05676	0.37177	0.05031	0.52116
V604	0.51391	0.11169	0.36792	0.00648
V605	0.10949	0.31779	0.42602	0.1467
V606	0.71866	0.14083	0.03529	0.10523
V607	0.65332	0	0.14581	0.20086
V608	0.25755	0.15972	0.40576	0.17697
V609	0.07195	0.24409	0.27738	0.40658
V610	0.74916	0	0.13591	0.11494
V611	0.35299	0	0.0881	0.55891
V612	0.07811	0.10922	0.76922	0.04344
V613	0.08866	0.31421	0.59205	0.00509
V614	0.74351	0.04883	0.08567	0.12199
V615	0.22465	0.0661	0.01856	0.69069
V616	0.12275	0.65104	0.09904	0.12717
V617	0.46959	0.1438	0.38662	0
V618	0.74718	0	0	0.25282
V619	0.41469	0.01812	0.34941	0.21779
V620	0.05083	0.57988	0.36929	0
V621	0.44539	0.14744	0.20738	0.19978
V622	0.37449	0.2109	0.41461	0
V623	0.07965	0.08131	0.19415	0.64489
V624	0.78854	0.17798	0.01471	0.01876
V625	0.29711	0.45659	0.14082	0.10548
V626	0.91271	0.03999	0.00267	0.04463
V627	0.03869	0.03096	0.14934	0.78101
V628	0.03371	0.23788	0.0535	0.67491
V629	0.16898	0.28497	0.31387	0.23218
V630	0.08689	0.31492	0.58471	0.01347
V631	0.06842	0.20326	0.14906	0.57927
V632	0.59651	0	0.16305	0.24043
V633	0.0335	0.05834	0.81874	0.08943
V634	0.40358	0.23826	0.35816	0
V635	0.07508	0.71465	0.04999	0.16029
V636	0.1729	0.11312	0.62654	0.08744
V637	0.34813	0.19394	0.11944	0.3385
V638	0.40767	0.24952	0.09775	0.24506
V639	0.28868	0.37577	0.33555	0
V640	0.08752	0.16095	0.72654	0.02499
V641	0.84007	0.0287	0.06651	0.06472
V642	0.76205	0.1626	0.00606	0.06929
V643	0.04983	0.19398	0.47968	0.27651
V644	0.87001	0.06837	0.03734	0.02428
V645	0.28814	0.36758	0.34427	0
V646	0.07369	0.84973	0.07658	0
V647	0.19325	0.09749	0.67719	0.03207
V648	0.42759	0.39048	0.18193	0
V649	0.08215	0.08354	0.79582	0.03849
V650	0.11272	0.10567	0.73961	0.042
V651	0.33677	0.00208	0.66115	0
V652	0.14492	0.09469	0.4635	0.29689
V653	0.16534	0.60221	0.15692	0.07553
V654	0.67942	0.17975	0.09686	0.04398
V655	0.08473	0.54731	0.06342	0.30453
V656	0.26364	0.27249	0.0274	0.43647
V657	0.10392	0.10291	0.02776	0.76542
V658	0.59836	0.19581	0.08988	0.11595
V659	0.35602	0.08432	0.38949	0.17018
V660	0.08918	0.86604	0.03369	0.01108
V661	0.10526	0.4129	0.0945	0.38734
V662	0.43089	0.01053	0.48265	0.07593
V663	0.27553	0.0768	0.56623	0.08144
V664	0.24268	0.07567	0.65807	0.02358
V665	0.67692	0.17157	0.07298	0.07853
V666	0.59933	0	0.12691	0.27376
V667	0.74101	0.05212	0.20687	0
V668	0.15773	0.69812	0.14415	0
V669	0.26313	0.37792	0.29092	0.06802
V670	0.13555	0.83086	0.02925	0.00434
V671	0.37844	0.26629	0.29298	0.06229
V672	0.08415	0.05124	0.83931	0.0253
V673	0.26546	0.34266	0.2696	0.12227
V674	0.7107	0.13254	0.04367	0.11309
V675	0.17758	0.31211	0.35372	0.15658
V676	0.08944	0.12226	0.15151	0.63679
V677	0.40332	0.36981	0.13637	0.09051
V678	0.52129	0.41802	0.0607	0
V679	0.09642	0.28993	0.61365	0
V680	0.33024	0.48401	0.18574	0
V681	0.85359	0.05814	0.04409	0.04417
V682	0.15923	0.28318	0.55332	0.00427
V683	0.07052	0.8377	0.09178	0
V684	0.67651	0.14207	0.13711	0.04431
V685	0.49969	0.31197	0.16688	0.02147
V686	0.1492	0.18644	0.19187	0.47248
V687	0.13807	0.01631	0.08756	0.75806
V688	0.40633	0.47772	0.01609	0.09986
V689	0.3235	0	0.07696	0.59954
V690	0.47724	0.03828	0.44142	0.04306
V691	0.20466	0.00239	0.79295	0
V692	0.13181	0.14721	0.68201	0.03897
V693	0.27236	0.10794	0.39564	0.22406
V694	0.06715	0.02914	0.34014	0.56357
V695	0.3047	0	0.19559	0.4997
V696	0.16627	0.10278	0.03343	0.69752
V697	0.08798	0.08951	0.04092	0.78158
V698	0.80617	0	0.04298	0.15086
V699	0.56276	0.26132	0.10523	0.07069
V700	0.31514	0.01694	0.02091	0.64702
V701	0.15413	0.49383	0.15757	0.19447
V702	0.57574	0.0666	0.02771	0.32995
V703	0.18567	0.05498	0.50914	0.25021
V704	0.79786	0.03225	0.06051	0.10938
V705	0.88998	0	0.05784	0.05218
V706	0.13507	0.06513	0.74212	0.05768
V707	0.08791	0.39613	0.51241	0.00354
V708	0.08595	0.78737	0.08181	0.04488
V709	0.17834	0.25321	0.5268	0.04165
V710	0.59958	0.19546	0.08013	0.12484
V711	0.13778	0.70134	0.15909	0.00179
V712	0.80609	0.04333	0.02545	0.12513
V713	0.45658	0.28225	0.06155	0.19961
V714	0.04852	0.63197	0.07504	0.24447
V715	0.32602	0.30712	0.3354	0.03145
V716	0.12535	0.04995	0.0977	0.727
V717	0.13564	0.83114	0.03322	0
V718	0.18677	0.50856	0.22912	0.07555
V719	0.10155	0.65484	0.09016	0.15344
V720	0.68196	0	0.25772	0.06032
V721	0.16952	0.16715	0.4881	0.17523
V722	0.14585	0.34289	0.03337	0.47789
V723	0.19899	0.09932	0.01733	0.68437
V724	0.59598	0.00648	0.12445	0.27308
V725	0.03812	0.1167	0.82437	0.0208
V726	0.07927	0.37729	0.16381	0.37964
V727	0.29061	0.56663	0.14276	0
V728	0.0765	0.76017	0.16333	0
V729	0.44819	0	0.19672	0.35509
V730	0.84495	0.01965	0.09144	0.04396
V731	0.07108	0.20246	0.42922	0.29723
V732	0.37772	0.07285	0.37843	0.171
V733	0.63828	0.17291	0.06248	0.12633
V734	0.26211	0.27423	0.46366	0
V735	0.07586	0.03442	0.51196	0.37776
V736	0.24439	0	0.0359	0.71971
V737	0.35075	0.26874	0.27393	0.10657
V738	0.12124	0.31467	0.47065	0.09344
V739	0.02736	0.02908	0.63685	0.30671
V740	0.80456	0.07097	0.11746	0.00701
V741	0.50236	0.09273	0.1592	0.24571
V742	0.41648	0.51874	0.06478	0
V743	0.18262	0.1445	0.67289	0
V744	0.523	0.03014	0.35893	0.08793
V745	0.05568	0.62955	0.24125	0.07351
V746	0.9488	0	0	0.0512
V747	0.11565	0	0.72044	0.16391
V748	0.17201	0.11067	0.58695	0.13036
V749	0.33249	0.17581	0.07683	0.41487
V750	0.434	0.42116	0.0542	0.09065
V751	0.09749	0.76933	0.1031	0.03009
V752	0.47063	0.21301	0.1696	0.14676
V753	0.14036	0.06248	0	0.79716
V754	0.06289	0.86592	0.0313	0.03989
V755	0.19399	0.19329	0.37133	0.24138
V756	0.12285	0.0048	0.12081	0.75153
V757	0.36332	0.51922	0.11569	0.00177
V758	0.09014	0.6818	0.18563	0.04244
V759	0.17898	0.06191	0.43258	0.32653
V760	0.33444	0.0505	0.31464	0.30042
V761	0.11076	0.52032	0.32201	0.0469
V762	0.02377	0.38902	0.05604	0.53117
V763	0.41347	0.33475	0.05331	0.19847
V764	0.05836	0.83462	0.06907	0.03795
V765	0.69026	0.07736	0	0.23237
V766	0.05884	0.31089	0.46714	0.16313
V767	0.48693	0.11648	0.27587	0.12072
V768	0.11387	0.7993	0.08384	0.00299
V769	0.18544	0.72515	0.08941	0
V770	0.07369	0.84973	0.07658	0
V771	0.21401	0.02782	0.75816	0
V772	0.18256	0.05868	0.75875	0
V773	0.20536	0.73768	0.05697	0
V774	0.08886	0.00108	0.88219	0.02786
V775	0.17802	0.03788	0.32314	0.46096
V776	0.44467	0.38328	0.08932	0.08273
V777	0.23385	0.11737	0.1794	0.46938
V778	0.53828	0.25562	0.10147	0.10464
V779	0.21758	0.04341	0.51604	0.22297
V780	0.14723	0.66528	0.18749	0
V781	0.14875	0.04193	0.07591	0.73341
V782	0.05722	0.13697	0.7635	0.0423
V783	0.7707	0	0.09047	0.13883
V784	0.15617	0.77037	0.07346	0
V785	0.09604	0.82514	0.0718	0.00702
V786	0.6934	0.14183	0.1279	0.03687
V787	0.02128	0.74816	0.23056	0
V788	0.50909	0.27392	0.19563	0.02136
V789	0.12181	0.3636	0.05753	0.45706
V790	0.49282	0.00771	0.11732	0.38215
V791	0.17582	0.34937	0.36299	0.11183
V792	0.17783	0.5156	0.03482	0.27175
V793	0.16597	0.60579	0.08036	0.14788
V794	0.10195	0.09746	0.75046	0.05013
V795	0.19459	0.04389	0.10212	0.65941
V796	0.08695	0.1041	0.79972	0.00923
V797	0.73283	0	0.25848	0.00869
V798	0.61167	0.26329	0.12402	0.00102
V799	0.1783	0.69716	0.07997	0.04457
V800	0.12732	0.02922	0.53997	0.30349
V801	0.18859	0.12311	0.36089	0.32741
V802	0.096	0.08733	0.31688	0.49979
V803	0.24731	0.45035	0.30235	0
V804	0.52818	0.00532	0.41326	0.05323
V805	0.0965	0.00098	0.90252	0
V806	0.10246	0.80936	0.06925	0.01892
V807	0.31497	0.15707	0.0564	0.47157
V808	0.64997	0.24227	0.08429	0.02347
V809	0.10148	0.06021	0.83831	0
V810	0.07792	0.88483	0.03383	0.00343
V811	0.45	0.0655	0.23871	0.24578
V812	0.55073	0.24533	0.0815	0.12243
V813	0.58417	0.17868	0.2309	0.00624
V814	0.44276	0.46216	0.09508	0
V815	0.0275	0.81586	0.15664	0
V816	0.88525	0	0.11475	0
V817	0.0909	0.0972	0.81191	0
V818	0.04369	0.07762	0.09757	0.78111
V819	0.79017	0.06882	0.09173	0.04929
V820	0.21171	0.11067	0.04059	0.63703
V821	0.25186	0.29383	0.414	0.04031
V822	0.12927	0.04419	0.81386	0.01267
V823	0.07269	0.19675	0.66868	0.06187
V824	0.1271	0.3346	0.53829	0
V825	0.25729	0.27701	0.28861	0.1771
V826	0.43978	0.3649	0.19532	0
V827	0.40366	0.53295	0.05793	0.00546
V828	0.27458	0.16708	0.14495	0.41339
V829	0.09484	0.2535	0.07065	0.58101
V830	0.27721	0.23142	0.04725	0.44411
V831	0.75236	0.0774	0.06247	0.10777
V832	0.29834	0.36965	0.20888	0.12312
V833	0.18768	0.46586	0.22569	0.12077
V834	0.34748	0.06931	0.11573	0.46747
V835	0.37938	0.40705	0.16047	0.0531
V836	0.05552	0.63889	0.05344	0.25214
V837	0.25625	0.35551	0.22993	0.1583
V838	0.8753	0.03666	0.08073	0.00731
V839	0.32125	0.52959	0.14916	0
V840	0.31374	0.62498	0.06129	0
V841	0.04141	0.0727	0.84403	0.04186
V842	0.37771	0.16035	0.29113	0.17081
V843	0.07891	0.04687	0.82239	0.05184
V844	0.16787	0.09278	0.41265	0.3267
V845	0.1221	0.1217	0.71503	0.04117
V846	0.02905	0.03819	0.76788	0.16487
V847	0.04669	0	0.13086	0.82245
V848	0.13067	0.47593	0.21774	0.17567
V849	0.01713	0.87816	0.07985	0.02485
V850	0.89257	0	0.06579	0.04164
V851	0.34965	0.46098	0.18937	0
V852	0.18133	0.04919	0.17784	0.59164
V853	0.27412	0.21684	0.42195	0.08709
V854	0.58695	0.15701	0.14049	0.11555
V855	0.04669	0	0.13086	0.82245
V856	0.08931	0.33914	0.38902	0.18253
V857	0.66386	0.16233	0.06263	0.11119
V858	0.5492	0.00566	0.4448	0.00034
V859	0.65031	0.21776	0.04748	0.08445
V860	0.25443	0.11979	0.08367	0.54211
V861	0.13276	0.32207	0.54516	0
V862	0.18371	0.0995	0.69219	0.02459
V863	0.28277	0.0674	0	0.64984
V864	0.15942	0.039	0.10231	0.69928
V865	0.18269	0	0.31197	0.50534
V866	0.7007	0.00422	0.28541	0.00967
V867	0.6997	0.01544	0.28486	0
V868	0.51158	0.25531	0.1738	0.05931
V869	0.08483	0.8468	0.06837	0
V870	0.1558	0.34192	0.04386	0.45842
V871	0.01713	0.87816	0.07985	0.02485
V872	0.07414	0.01756	0.30128	0.60701
V873	0.83444	0.01735	0.09816	0.05005
V874	0.22498	0.68763	0.08739	0
V875	0.065	0.20329	0.24768	0.48403
V876	0.19809	0.30733	0.4364	0.05818
V877	0.08831	0.37999	0.34004	0.19166
V878	0.16831	0.70587	0.12582	0
V879	0.22896	0.62392	0.09426	0.05286
V880	0.33906	0.50584	0.03995	0.11515
V881	0.19451	0.05042	0.60622	0.14884
V882	0.76591	0	0.16009	0.074
V883	0.29934	0.18242	0.51824	0
V884	0.0799	0.29315	0	0.62695
V885	0.69098	0.18137	0.12764	0
V886	0.05964	0.34767	0.49242	0.10027
V887	0.62542	0.05086	0.19759	0.12613
V888	0.15499	0.06218	0.71822	0.06461
V889	0.86024	0.04216	0.05992	0.03769
V890	0.08238	0.15655	0.6235	0.13757
V891	0.61101	0.03978	0.31642	0.03279
V892	0.33541	0.18561	0.02543	0.45355
V893	0.56719	0.19631	0.19183	0.04467
V894	0.11773	0.29468	0.58242	0.00517
V895	0.5868	0.05361	0.23479	0.12481
V896	0.09677	0.83502	0.06008	0.00813
V897	0.68199	0.23217	0.03372	0.05212
V898	0.50768	0	0.02711	0.46521
V899	0.07813	0.20301	0.18717	0.5317
V900	0.12153	0.28812	0.39757	0.19278
V901	0.08406	0.77083	0.05475	0.09036
V902	0.1005	0.78022	0.11928	0
V903	0.05277	0.39082	0.5441	0.0123
V904	0.08879	0.88181	0.0294	0
V905	0.22133	0	0.21619	0.56248
V906	0.43607	0.08477	0.14167	0.33748
V907	0.44833	0.46049	0.06122	0.02997
V908	0.0762	0.06073	0.12876	0.73432
V909	0.18036	0.74318	0.03108	0.04538
V910	0.23741	0	0.15966	0.60292
V911	0.5218	0.35548	0.07252	0.0502
V912	0.40735	0.30615	0.15952	0.12697
V913	0.21961	0	0.03614	0.74426
V914	0.22003	0.44436	0.33496	0.00065
V915	0.3017	0	0.03121	0.66708
V916	0.28266	0.06345	0.63035	0.02354
V917	0.69246	0.01042	0.20856	0.08856
V918	0.08784	0.57073	0.28463	0.0568
V919	0.23671	0.22991	0.32893	0.20444
V920	0.60095	0.18424	0.13308	0.08173
V921	0.09333	0.17538	0.06404	0.66725
V922	0.14492	0.42242	0.42239	0.01027
V923	0.17759	0.01103	0.09968	0.7117
V924	0.08393	0.59541	0.32065	0
V925	0.26358	0.03129	0.03763	0.66751
V926	0.27938	0.01063	0.06981	0.64018
V927	0.10398	0.05078	0.11124	0.734
V928	0.09939	0.80511	0.05705	0.03845
V929	0.09718	0.58854	0.18622	0.12806
V930	0.51501	0.33954	0.06949	0.07595
V931	0.17838	0.26239	0.51837	0.04087
V932	0.08425	0.12618	0.61626	0.17331
V933	0.59545	0.34752	0.05669	0.00033
V934	0.05328	0.16273	0.31928	0.46471
V935	0.54874	0.15261	0.24565	0.05301
V936	0.53518	0.25528	0.04381	0.16573
V937	0.54998	0.12034	0.11924	0.21044
V938	0.40419	0.03744	0.34066	0.21771
V939	0.73853	0	0.11576	0.14571
V940	0.07201	0.70152	0.21688	0.00959
V941	0.04873	0.0157	0.91459	0.02099
V942	0.71135	0.16887	0.11143	0.00834
V943	0.40668	0.1256	0.43816	0.02955
V944	0.06231	0.27677	0.10569	0.55523
V945	0.56274	0.32394	0.04369	0.06963
V946	0.45856	0.24143	0.29252	0.00749
V947	0.14825	0.05124	0.27493	0.52558
V948	0.36011	0.03457	0.60206	0.00327
V949	0.02899	0.12621	0.25668	0.58812
V950	0.09596	0.49654	0.26019	0.14731
V951	0.79052	0.00247	0.20149	0.00551
V952	0.12429	0.13721	0.30457	0.43393
V953	0.07756	0.0789	0.82091	0.02263
V954	0.08976	0.1915	0.18714	0.5316
V955	0.16622	0.56251	0.06699	0.20428
V956	0.09624	0.03364	0.53978	0.33034
V957	0.40573	0.00539	0	0.58889
V958	0.17309	0	0	0.82691
V959	0.2622	0.24648	0.44947	0.04185
V960	0.27985	0.27208	0.10788	0.34019
V961	0.1756	0.35743	0.38232	0.08465
V962	0.37744	0.16373	0.41356	0.04527
V963	0.57883	0.1582	0.19987	0.06311
V964	0.79339	0.0155	0.14886	0.04225
V965	0.0975	0.47111	0.23763	0.19375
V966	0.8949	0.02024	0.0414	0.04346
V967	0.11478	0.05212	0.54928	0.28383
V968	0.03034	0.16666	0.76024	0.04277
V969	0.05373	0.29531	0.07722	0.57374
V970	0.08518	0.13069	0.45821	0.32591
V971	0.4998	0.08063	0.35933	0.06025
V972	0.52066	0.1917	0.07752	0.21012
V973	0.30368	0.39403	0.11453	0.18775
V974	0.04678	0.70544	0.19794	0.04984
V975	0.14261	0.26638	0.591	0
V976	0.45281	0.23422	0.14907	0.16389
V977	0.33285	0.31323	0.35392	0
V978	0.1418	0.10052	0.10809	0.64959
V979	0.76632	0.00374	0.22553	0.00441
V980	0.9488	0	0	0.0512
V981	0.36579	0.02615	0.45486	0.1532
V982	0.45296	0.36285	0.11958	0.06461
V983	0.71083	0.04695	0.02011	0.22212
V984	0.06192	0.74246	0.18287	0.01275
V985	0.14138	0.20408	0.01956	0.63497
V986	0.3493	0.47699	0.09398	0.07973
V987	0.2793	0.68499	0.03571	0
V988	0.29426	0.00091	0.04595	0.65888
V989	0.45271	0.41859	0.1287	0
V990	0.03241	0.07339	0.78918	0.10501
V991	0.65372	0.33064	0.01076	0.00488
V992	0.24955	0.00535	0.54048	0.20462
V993	0.11261	0.63979	0.23147	0.01612
V994	0.22287	0.68961	0.08752	0
V995	0.72126	0.09489	0.06174	0.1221
V996	0.3314	0.12661	0.02475	0.51725
V997	0.07802	0.0338	0.80204	0.08614
V998	0.82445	0	0.11326	0.0623
V999	0.1694	0.79921	0.03139	0
V1000	0.38652	0.01456	0	0.59892
