B_cells	NK_cells	T_cells_CD4.	Monocytes
V1	0.58078	0.00611	0.17342	0.2397
V2	0.229	0.10408	0.05519	0.61173
V3	0.10637	0.61696	0.01821	0.25846
V4	0.8524	0.10117	0	0.04643
V5	0.14808	0.46087	0.26367	0.12738
V6	0.1271	0.80208	0.04521	0.02561
V7	0.19719	0.36908	0.08995	0.34378
V8	0.16581	0.02283	0.77879	0.03257
V9	0.2993	0.25175	0.03079	0.41815
V10	0.05654	0.03014	0.86321	0.05011
V11	0.23751	0.34318	0.41931	0
V12	0.0683	0.55206	0.37532	0.00432
V13	0.30788	0.65535	0.01581	0.02096
V14	0.12193	0.842	0.02684	0.00923
V15	0.16331	0.57019	0.13857	0.12793
V16	0.87397	0.04022	0.0205	0.06531
V17	0.13678	0.80469	0.03284	0.02569
V18	0.58335	0.32746	0.04758	0.04162
V19	0.20684	0.75659	0.02093	0.01565
V20	0.21775	0.46592	0.01841	0.29792
V21	0.16558	0.08024	0.72563	0.02855
V22	0.07437	0.11576	0.22144	0.58842
V23	0.39868	0.05609	0.5387	0.00654
V24	0.93011	0.03285	0.03705	0
V25	0.38046	0.24179	0.13182	0.24593
V26	0.42961	0.37989	0.01383	0.17667
V27	0.19284	0.07714	0.01911	0.71092
V28	0.02054	0.08304	0.89641	0
V29	0.45413	0.04018	0.47447	0.03122
V30	0.14644	0.23525	0.28423	0.33409
V31	0.24375	0.20622	0.29717	0.25287
V32	0.17635	0.03964	0.05167	0.73234
V33	0.08409	0.48128	0.36087	0.07376
V34	0.16549	0.06046	0.74381	0.03025
V35	0.2064	0.66593	0.10425	0.02342
V36	0.04749	0.06609	0.49147	0.39495
V37	0.57345	0.07189	0.09814	0.25651
V38	0.47815	0	0.1786	0.34325
V39	0.20648	0.53701	0.14554	0.11097
V40	0.14269	0.75654	0.10077	0
V41	0.0466	0.66652	0.06564	0.22123
V42	0.28913	0.03678	0.21992	0.45417
V43	0.16731	0.33482	0.48341	0.01447
V44	0.04734	0.10373	0.71639	0.13254
V45	0.13972	0.55631	0.23506	0.06891
V46	0.79071	0.07211	0.12198	0.0152
V47	0.46304	0.19017	0.3061	0.04069
V48	0.80031	0.15886	0	0.04083
V49	0.73782	0.17224	0	0.08994
V50	0.11684	0.7705	0.11267	0
V51	0.33933	0.38339	0.26118	0.0161
V52	0.05991	0.13516	0.77308	0.03185
V53	0.73219	0.11788	0.14993	0
V54	0.44031	0.19366	0.35397	0.01207
V55	0.26456	0.14189	0.2485	0.34505
V56	0.13475	0.02044	0.11225	0.73256
V57	0.14764	0.79228	0.04561	0.01447
V58	0.67871	0.00144	0.03799	0.28187
V59	0.45485	0.38827	0.11526	0.04163
V60	0.17978	0.17154	0.33305	0.31563
V61	0.80091	0.10149	0.00066	0.09694
V62	0.85723	0.03459	0.06865	0.03953
V63	0.06264	0.76751	0.14991	0.01994
V64	0.05891	0.8326	0	0.10849
V65	0.09453	0	0.13537	0.7701
V66	0.25957	0.65058	0.03163	0.05822
V67	0.18725	0.32315	0.4896	0
V68	0.23836	0.16788	0.01359	0.58017
V69	0.06111	0.31375	0.59052	0.03462
V70	0.55188	0.15212	0.18234	0.11366
V71	0.214	0.08865	0.38138	0.31597
V72	0.5893	0.15693	0.09746	0.15631
V73	0.19436	0.57826	0.15747	0.06992
V74	0.08918	0.22683	0.68399	0
V75	0.7106	0	0.19241	0.09699
V76	0.03619	0.20276	0.20363	0.55743
V77	0.10328	0.31852	0	0.57819
V78	0.3551	0.12489	0.19337	0.32664
V79	0.03736	0.12597	0.76312	0.07355
V80	0.37785	0.03304	0.51553	0.07358
V81	0.09392	0.17732	0.72877	0
V82	0.02137	0.10127	0.85865	0.01871
V83	0.2052	0.19579	0.0811	0.51792
V84	0.4445	0.04925	0.17102	0.33523
V85	0.14588	0.3207	0.39833	0.13508
V86	0.08279	0.07804	0.79738	0.04179
V87	0.08186	0.77495	0.08377	0.05941
V88	0.22631	0.07356	0.28194	0.41819
V89	0.09056	0.03102	0.22256	0.65586
V90	0.07849	0.81665	0.08873	0.01613
V91	0.0796	0.68691	0.21095	0.02255
V92	0.47899	0.03036	0.37181	0.11883
V93	0.87702	0.00944	0	0.11354
V94	0.06801	0.47002	0.02703	0.43494
V95	0.29223	0.41863	0.16727	0.12187
V96	0.16186	0.12373	0.02742	0.68698
V97	0.68318	0.10457	0.20342	0.00882
V98	0.69985	0.27334	0	0.02682
V99	0.78828	0.04734	0.14631	0.01807
V100	0.11502	0.05462	0.80294	0.02741
V101	0.12029	0.08276	0	0.79695
V102	0.89689	0.05297	0	0.05014
V103	0.08013	0.06582	0.11395	0.74009
V104	0.08748	0.86582	0.03153	0.01518
V105	0.11223	0.84016	0.04008	0.00753
V106	0.1589	0.48991	0.32739	0.02379
V107	0.21875	0.21133	0.5351	0.03481
V108	0.192	0.69388	0.11412	0
V109	0.04744	0.1849	0.58308	0.18458
V110	0.10681	0.80101	0.06735	0.02483
V111	0.8928	0	0.0719	0.03531
V112	0.17857	0.08299	0.43282	0.30563
V113	0.25224	0.12075	0.19065	0.43635
V114	0.32171	0.05452	0.09195	0.53182
V115	0.0505	0.69901	0.24831	0.00218
V116	0.17883	0.31785	0.36731	0.13601
V117	0.67834	0.23897	0.03567	0.04703
V118	0.21128	0.56317	0.04431	0.18124
V119	0.19951	0.09576	0.05975	0.64498
V120	0.11625	0.09702	0.77493	0.0118
V121	0.61056	0.12821	0.09632	0.1649
V122	0.90708	0.00778	0.02385	0.06129
V123	0.05041	0.53082	0.059	0.35978
V124	0.67061	0.26831	0	0.06108
V125	0.41232	0.39411	0.18208	0.01149
V126	0.11318	0.17265	0.0608	0.65338
V127	0.22825	0.06255	0.2723	0.4369
V128	0.11721	0.02585	0.13241	0.72454
V129	0.58315	0.22389	0.16458	0.02838
V130	0.04777	0.61103	0.33964	0.00157
V131	0.07797	0.84837	0.00663	0.06703
V132	0.89446	0.0029	0.03867	0.06396
V133	0.88166	0.01566	0.05624	0.04643
V134	0.1589	0.40218	0.14197	0.29696
V135	0.15635	0.03278	0.20071	0.61016
V136	0.29798	0.4078	0.00458	0.28964
V137	0.64997	0.03943	0.24062	0.06998
V138	0.24986	0.39772	0.18833	0.16409
V139	0.38576	0.21231	0.20014	0.20179
V140	0.1082	0.11362	0.06934	0.70884
V141	0.10316	0.18013	0.53091	0.1858
V142	0.79626	0	0.20374	0
V143	0.46365	0.26262	0.07008	0.20365
V144	0.22734	0.17476	0.18029	0.41761
V145	0.03143	0.71243	0.25037	0.00577
V146	0.15979	0.02336	0.06682	0.75002
V147	0.88032	0.02388	0.02207	0.07373
V148	0.16951	0.09784	0.56303	0.16962
V149	0.29282	0.481	0.22618	0
V150	0.1238	0.25435	0.56154	0.06031
V151	0.25125	0.59698	0.04679	0.10498
V152	0.26669	0.42706	0.22829	0.07796
V153	0.15782	0.71267	0.0343	0.09522
V154	0.27535	0.43493	0.27473	0.01499
V155	0.48653	0.14988	0.27752	0.08607
V156	0.06744	0.16719	0.66366	0.10171
V157	0.33853	0.16932	0.30882	0.18333
V158	0.11936	0	0.08963	0.79101
V159	0.86586	0.05888	0	0.07526
V160	0.71606	9e-05	0.0682	0.21565
V161	0.30039	0.01195	0.04399	0.64367
V162	0.12487	0.32548	0.09408	0.45557
V163	0.14085	0.48555	0.18574	0.18786
V164	0.37654	0.31015	0.11168	0.20163
V165	0.07135	0.2954	0	0.63325
V166	0.07493	0.12606	0.08946	0.70955
V167	0.43548	0	0.00229	0.56223
V168	0.32045	0.5367	0.0949	0.04795
V169	0.27437	0.07162	0.04475	0.60925
V170	0.15444	0.04698	0.52303	0.27555
V171	0.16696	0.25216	0.55542	0.02546
V172	0.71047	0	0.26348	0.02605
V173	0.1015	0.17387	0.05275	0.67188
V174	0.07916	0.1955	0.09138	0.63397
V175	0.10515	0.03669	0.75683	0.10133
V176	0.05277	0.74922	0.19537	0.00265
V177	0.06726	0.89256	0.00967	0.03051
V178	0.05457	0.74845	0.02237	0.1746
V179	0.21879	0.0282	0.39077	0.36224
V180	0.07727	0.8171	0.10563	0
V181	0.19991	0.15416	0.5182	0.12772
V182	0.32477	0.19275	0.43706	0.04543
V183	0.22593	0.74277	0.02262	0.00868
V184	0.96073	0	0.03541	0.00386
V185	0.58448	0.38191	0.01769	0.01592
V186	0.15985	0.46705	0.27173	0.10138
V187	0.90919	0.00821	0.03968	0.04292
V188	0.12917	0.25844	0	0.61239
V189	0.81842	0.02061	0.01383	0.14713
V190	0.65297	0.02158	0.30282	0.02263
V191	0.21915	0.22098	0.53444	0.02543
V192	0.34018	0.45401	0.05671	0.1491
V193	0.61066	0.0382	0.23487	0.11627
V194	0.09096	0.85295	0.0248	0.03128
V195	0.05751	0.06955	0.84888	0.02406
V196	0.09145	0.11003	0.01894	0.77958
V197	0.48022	0.06079	0.0183	0.4407
V198	0.10731	0.48517	0.36757	0.03995
V199	0.24003	0.03797	0.19505	0.52696
V200	0.18107	0.5611	0.02433	0.2335
V201	0.13923	0.53547	0.20621	0.1191
V202	0.05492	0.05684	0.74984	0.1384
V203	0.20136	0.41418	0.38069	0.00378
V204	0.05901	0.55422	0.01154	0.37523
V205	0.05825	0.09461	0.82341	0.02373
V206	0.08637	0.12854	0.78509	0
V207	0.20559	0.21749	0.05836	0.51856
V208	0.277	0.08937	0.62571	0.00792
V209	0.33817	0.4528	0.07688	0.13215
V210	0.1334	0.7086	0.11606	0.04194
V211	0.49169	0.01862	0.03197	0.45771
V212	0.51336	0.05464	0.40581	0.02618
V213	0.65471	0.03146	0.11506	0.19877
V214	0.37273	0.17373	0.17212	0.28142
V215	0.36648	0.11869	0.00834	0.50649
V216	0.14673	0	0.07616	0.77711
V217	0.08514	0.48937	0.2482	0.17729
V218	0.14186	0.45005	0.1846	0.2235
V219	0.15905	0.62581	0.01814	0.197
V220	0.0557	0.79457	0.02592	0.12381
V221	0.82203	0.00266	0	0.17531
V222	0.34498	0.1503	0.35563	0.14909
V223	0.03774	0.17011	0.72772	0.06443
V224	0.94801	0	0.04314	0.00885
V225	0.10982	0.80249	0.08768	0
V226	0.32997	0.10393	0.56017	0.00593
V227	0.77617	0	0.19019	0.03364
V228	0.76474	0.06679	0.06692	0.10155
V229	0.06017	0.06224	0.84269	0.0349
V230	0.10401	0.05633	0.05782	0.78184
V231	0.0661	0.31189	0.12701	0.49499
V232	0.09651	0.65576	0	0.24773
V233	0.57451	0.09474	0.19997	0.13079
V234	0.08977	0.82919	0.06107	0.01997
V235	0.39346	0.07976	0.50001	0.02677
V236	0.08205	0.10378	0.74836	0.06581
V237	0.2501	0.01395	0.05257	0.68338
V238	0.17051	0.52445	0.27165	0.03338
V239	0.12573	0.42695	0.02036	0.42696
V240	0.49869	0.05285	0.40179	0.04667
V241	0.05585	0.03776	0.84499	0.06141
V242	0.17716	0.70247	0.11654	0.00383
V243	0.26954	0.06667	0.59876	0.06503
V244	0.23966	0.01768	0.66878	0.07387
V245	0.60544	0.28219	0.05382	0.05856
V246	0.09344	0.17669	0.71481	0.01507
V247	0.19265	0.05502	0.75233	0
V248	0.11156	0.05519	0.07728	0.75597
V249	0.01623	0.08487	0.83489	0.06402
V250	0.75573	0	0.21683	0.02743
V251	0.91131	0.04697	0.00301	0.03871
V252	0.05336	0.77136	0.17528	0
V253	0.41218	0.08075	0.17173	0.33534
V254	0.06268	0.84498	0.08362	0.00872
V255	0.09971	0.85771	0	0.04258
V256	0.20877	0.22912	0.49303	0.06908
V257	0.45033	0.11141	0.23501	0.20326
V258	0.21078	0.27577	0.41095	0.1025
V259	0.07308	0.30374	0.59692	0.02626
V260	0.022	0.29814	0.67721	0.00265
V261	0.62462	0.03496	0.19941	0.141
V262	0.19133	0.08634	0.01737	0.70496
V263	0.0749	0.88728	0.00437	0.03345
V264	0.21109	0.05973	0.43151	0.29768
V265	0.11473	0	0.16918	0.71609
V266	0.66669	0.32376	0.00955	0
V267	0.02884	0.21369	0.30571	0.45176
V268	0.43847	0.02759	0.15434	0.3796
V269	0.04167	0.53448	0.39041	0.03345
V270	0.64341	0.02947	0.24163	0.08548
V271	0.79295	0.06567	0.0311	0.11029
V272	0.10544	0.77796	0.02855	0.08805
V273	0.15434	0.03913	0.06767	0.73887
V274	0.70451	0	0.18344	0.11205
V275	0.02284	0.07404	0.8705	0.03262
V276	0.52849	0.32961	0.0042	0.1377
V277	0.0893	0.2379	0.17825	0.49455
V278	0.09579	0.08473	0.30951	0.50997
V279	0.69093	0.05936	0.11406	0.13565
V280	0.11936	0	0.08963	0.79101
V281	0.57149	0.03414	0.14614	0.24823
V282	0.09335	0.10383	0.75032	0.0525
V283	0.25111	0.55284	0.07431	0.12174
V284	0.08193	0.82575	0.09042	0.00189
V285	0.10632	0.03987	0.85382	0
V286	0.27994	0.51735	0.12278	0.07993
V287	0.14688	0.79578	0.03253	0.02481
V288	0.05062	0.30128	0.42797	0.22012
V289	0.30504	0.23084	0.40195	0.06216
V290	0.8349	0.15162	0.01348	0
V291	0.4946	0.08239	0.40901	0.01399
V292	0.90843	0.00481	0	0.08676
V293	0.31873	0.03906	0.60757	0.03464
V294	0.14876	0.3876	0	0.46364
V295	0.06775	0.2088	0.21016	0.51329
V296	0.20842	0.14546	0.57518	0.07094
V297	0.1703	0	0.10765	0.72205
V298	0.32078	0.12258	0.55313	0.00351
V299	0.13676	0.30705	0.00613	0.55005
V300	0.04464	0.05825	0.25573	0.64138
V301	0.15659	0.14031	0.60874	0.09436
V302	0.66214	0.31174	0	0.02612
V303	0.03046	0.56894	0.381	0.01961
V304	0.0949	0.06077	0.7117	0.13264
V305	0.1596	0.18545	0.44993	0.20502
V306	0.79039	0.0922	0.05062	0.06679
V307	0.0736	0.85571	0.04399	0.0267
V308	0.26219	0.2441	0.29461	0.19909
V309	0.37611	0.32302	0.01916	0.28171
V310	0.12762	0.33637	0.16493	0.37108
V311	0.53529	0.43821	0.01041	0.01609
V312	0.14468	0.68007	0.16312	0.01213
V313	0.04779	0.14522	0.03266	0.77433
V314	0.05789	0.49247	0.12637	0.32328
V315	0.16804	0.60419	0.0479	0.17987
V316	0.33313	0.15172	0.37526	0.13989
V317	0.13471	0.66658	0.06332	0.13539
V318	0.08846	0.56399	0.01701	0.33054
V319	0.09324	0.09711	0.77685	0.0328
V320	0.11341	0.17153	0.61354	0.10152
V321	0.65703	0.33321	0.00976	0
V322	0.24427	0.33553	0.07591	0.34429
V323	0.14156	0.03495	0.1132	0.71029
V324	0.6577	0.24152	0.07313	0.02765
V325	0.33791	0.59118	0.07091	0
V326	0.02919	0.57165	0.11169	0.28748
V327	0.07872	0.17611	0.12069	0.62449
V328	0.08454	0.06183	0.71295	0.14068
V329	0.23134	0.13257	0.18168	0.45441
V330	0.41938	0.02024	0.33194	0.22845
V331	0.40342	0.10213	0.04291	0.45155
V332	0.0682	0.07534	0.20321	0.65325
V333	0.43571	0.08837	0.37533	0.10059
V334	0.38741	0.02241	0.35338	0.2368
V335	0.06078	0.34364	0.49613	0.09945
V336	0.21908	0.66064	0.03104	0.08925
V337	0.30752	0.38646	0.29122	0.0148
V338	0.03672	0.88995	0.04304	0.0303
V339	0.15602	0.02751	0.80759	0.00888
V340	0.09058	0.24861	0.50955	0.15125
V341	0.10689	0.05337	0.09151	0.74823
V342	0.27397	0.01935	0.59308	0.11359
V343	0.91577	0.0263	0.00799	0.04993
V344	0.67448	0.14688	0.17864	0
V345	0.06445	0.07466	0.86089	0
V346	0.27189	0.13315	0.28706	0.30791
V347	0.12568	0.02349	0.14948	0.70135
V348	0.09717	0.621	0.16303	0.1188
V349	0.3608	0.17856	0.37062	0.09002
V350	0.07117	0.73672	0.19211	0
V351	0.0679	0.06157	0.4091	0.46143
V352	0.08308	0.05411	0.79595	0.06686
V353	0.85375	0.02054	0.03638	0.08933
V354	0.08921	0.64289	0.23886	0.02905
V355	0.30028	0.09647	0.44656	0.1567
V356	0.11719	0.0381	0.12221	0.72251
V357	0.14979	0.34262	0.28359	0.224
V358	0.56666	0.1107	0.04887	0.27377
V359	0.6023	0.06321	0.02683	0.30766
V360	0.55826	0.39573	0.02563	0.02038
V361	0.02215	0.4402	0.5342	0.00345
V362	0.02667	0.89031	0.05496	0.02806
V363	0.20367	0.14257	0.45628	0.19747
V364	0.18768	0.09201	0.6412	0.07911
V365	0.34344	0.04164	0.00447	0.61045
V366	0.12218	0.64696	0.10399	0.12687
V367	0.59541	0.14057	0	0.26402
V368	0.1336	0.68218	0.10485	0.07936
V369	0.05568	0.39014	0.55418	0
V370	0.31595	0.27708	0.39184	0.01513
V371	0.22801	0.67065	0.04325	0.05809
V372	0.23339	0.07065	0.135	0.56095
V373	0.11879	0.16816	0.46481	0.24825
V374	0.7753	0.01899	0.2057	0
V375	0.11625	0.06077	0.16176	0.66122
V376	0.11472	0.05136	0.1192	0.71472
V377	0.80279	0	0.00164	0.19557
V378	0.05309	0.06307	0.42103	0.46281
V379	0.38834	0.21236	0	0.39929
V380	0.21074	0.09378	0.21301	0.48247
V381	0.73349	0.00981	0.09668	0.16002
V382	0.118	0.07009	0.80758	0.00432
V383	0.82149	0	0.05286	0.12565
V384	0.56721	0.08297	0.13572	0.21409
V385	0.83049	0.01098	0.07876	0.07977
V386	0.35785	0.02035	0.16052	0.46128
V387	0.57738	0.15178	0.18954	0.0813
V388	0.39019	0.32601	0.15069	0.1331
V389	0.43711	0.48875	0.01445	0.0597
V390	0.30998	0.25711	0.43291	0
V391	0.46759	0.11998	0.00556	0.40687
V392	0.43584	0.22703	0.16835	0.16878
V393	0.29966	0.23977	0.33936	0.12121
V394	0.15039	0.25071	0.12508	0.47381
V395	0.2498	0.38675	0.20881	0.15465
V396	0.06212	0.87052	0.0326	0.03476
V397	0.75502	0.08596	0.10445	0.05456
V398	0.47181	0.1459	0.09998	0.28231
V399	0.22573	0.52329	0.16447	0.0865
V400	0.03075	0.59075	0.08229	0.29622
V401	0.06738	0.18507	0.68337	0.06419
V402	0.79928	0.16217	0.03855	0
V403	0.10794	0.04102	0.10205	0.749
V404	0.12301	0.21794	0.582	0.07706
V405	0.28195	0.04543	0.18254	0.49008
V406	0.64169	0.24536	0.01134	0.10161
V407	0.03672	0.88995	0.04304	0.0303
V408	0.12656	0.26514	0.39455	0.21375
V409	0.06193	0.04602	0.07582	0.81623
V410	0.13595	0.78527	0.05497	0.02381
V411	0.50003	0.00548	0	0.49449
V412	0.19402	0.10327	0.48803	0.21468
V413	0.09805	0.48332	0.19634	0.22229
V414	0.07321	0.49348	0.33388	0.09943
V415	0.46729	0.0418	0.23553	0.25537
V416	0.05114	0.11399	0.83487	0
V417	0.40593	0.56612	0.01568	0.01227
V418	0.13857	0.12981	0.15778	0.57384
V419	0.11246	0	0.09655	0.79099
V420	0.02449	0.84881	0.04153	0.08518
V421	0.18821	0.07086	0.64552	0.09541
V422	0.14374	0.09856	0.00836	0.74934
V423	0.11502	0.05462	0.80294	0.02741
V424	0.01739	0.09187	0.62381	0.26694
V425	0.09065	0.25736	0.56715	0.08484
V426	0.12484	0.08108	0.73514	0.05894
V427	0.11056	0.4061	0.20602	0.27733
V428	0.13459	0.71568	0.07694	0.07279
V429	0.10787	0	0.10298	0.78915
V430	0.73899	0.16555	0.01099	0.08447
V431	0.22056	0.05024	0.44977	0.27943
V432	0.18683	0.11686	0.05913	0.63717
V433	0.10652	0.71594	0	0.17754
V434	0.39281	0.0926	0.05414	0.46045
V435	0.5391	0.01418	0.12971	0.31701
V436	0.43173	0.01698	0.12735	0.42394
V437	0.29198	0.24608	0	0.46194
V438	0.61706	0.16519	0.02751	0.19024
V439	0.11942	0.13422	0.00643	0.73993
V440	0.52876	0.04769	0.02821	0.39535
V441	0.10357	0.16112	0.57593	0.15937
V442	0.34086	0.34253	0.14224	0.17437
V443	0.74257	0.00117	0.09581	0.16045
V444	0.06445	0.07466	0.86089	0
V445	0.60443	0.02855	0.33011	0.03691
V446	0.08179	0.7685	0.08318	0.06652
V447	0.61792	0.10121	0.1802	0.10068
V448	0.07845	0.09456	0.21145	0.61554
V449	0.55781	0.05278	0.29236	0.09705
V450	0.18645	0.7788	0.03475	0
V451	0.89417	0.04614	0	0.05969
V452	0.12401	0.02317	0.10665	0.74616
V453	0.7825	0.07569	0.06772	0.07409
V454	0.03196	0.85624	0.08608	0.02572
V455	0.59216	0.04397	0.29754	0.06634
V456	0.34407	0.14091	0.37472	0.14029
V457	0.05958	0.07288	0.04684	0.8207
V458	0.32271	0.24302	0	0.43427
V459	0.05684	0.74278	0.12047	0.0799
V460	0.89956	0.00482	0.03935	0.05626
V461	0.1627	0.06984	0.01342	0.75404
V462	0.39106	0.24898	0	0.35996
V463	0.27929	0.45545	0.16973	0.09553
V464	0.54393	0.10569	0	0.35038
V465	0.42441	0.41514	0.02587	0.13457
V466	0.5988	0.1877	0	0.2135
V467	0.34002	0.53271	0.09514	0.03213
V468	0.50707	0.38171	0.05741	0.05381
V469	0.06127	0.21029	0.30124	0.42719
V470	0.54531	0.13298	0.18317	0.13855
V471	0.33169	0.12852	0.0329	0.50689
V472	0.36405	0.33045	0	0.3055
V473	0.14021	0.51613	0.33749	0.00617
V474	0.20267	0	0.13157	0.66576
V475	0.22676	0.4052	0.08829	0.27976
V476	0.24529	0.02592	0.07821	0.65058
V477	0.59661	0.04594	0.20906	0.14839
V478	0.18166	0.5793	0.00543	0.23362
V479	0.04623	0.12514	0.75516	0.07346
V480	0.13944	0.33451	0.05167	0.47438
V481	0.17563	0.05207	0.75744	0.01486
V482	0.67686	0.16109	0.11622	0.04583
V483	0.2007	0.13517	0.08459	0.57953
V484	0.10522	0.0988	0.04577	0.75021
V485	0.16903	0.69712	0.02215	0.1117
V486	0.30531	0.27759	0.1364	0.2807
V487	0.15737	0.06604	0.10554	0.67105
V488	0.02375	0.03758	0.84958	0.08908
V489	0.23876	0.13023	0.629	0.002
V490	0.37029	0.32131	0.07183	0.23656
V491	0.45749	0.44289	0.03974	0.05988
V492	0.07583	0.76535	0.15882	0
V493	0.1575	0	0	0.8425
V494	0.22004	0.18128	0.49575	0.10294
V495	0.25674	0.57629	0.15675	0.01022
V496	0.31161	0.64553	0	0.04287
V497	0.05932	0.03167	0.8811	0.02792
V498	0.36984	0.12364	0.05424	0.45228
V499	0.60919	0.25564	0.12927	0.0059
V500	0.13529	0.15359	0.67855	0.03257
V501	0.05368	0	0.11613	0.8302
V502	0.5443	0.27207	0.1578	0.02583
V503	0.24999	0.12161	0.21039	0.41801
V504	0.26999	0.64946	0.02193	0.05861
V505	0.23457	0.23647	0.25857	0.27039
V506	0.12358	0.27512	0.44044	0.16086
V507	0.60863	0.10929	0.12557	0.15651
V508	0.733	0.16427	0.04214	0.06058
V509	0.25659	0.09045	0.48909	0.16386
V510	0.25087	0.48405	0.26509	0
V511	0.09988	0.43838	0.0542	0.40754
V512	0.30993	0.06595	0.09205	0.53207
V513	0.11892	0.60068	0.22794	0.05246
V514	0.09697	0.10921	0	0.79382
V515	0.75473	0.06638	0.04846	0.13043
V516	0.89048	0.07902	0	0.0305
V517	0.10423	0.05304	0.26871	0.57402
V518	0.92034	0.03733	0	0.04233
V519	0.0756	0.8144	0.02249	0.08751
V520	0.06972	0.02383	0.62505	0.28141
V521	0.55562	0.05912	0.35118	0.03408
V522	0.03796	0.16458	0.56873	0.22873
V523	0.37595	0.14592	0.25863	0.2195
V524	0.04718	0.71536	0.2136	0.02386
V525	0.31311	0.23022	0.0205	0.43617
V526	0.64419	0.08839	0.07728	0.19013
V527	0.24679	0.047	0.39869	0.30752
V528	0.14734	0.80098	0.00503	0.04665
V529	0.12331	0.09116	0.23801	0.54752
V530	0.03751	0.23314	0.64465	0.08469
V531	0.06631	0.79399	0.13969	0
V532	0.22699	0.34928	0.02364	0.40009
V533	0.30948	0.35476	0.14468	0.19107
V534	0.04553	0.05693	0.69092	0.20662
V535	0.59906	0	0.00369	0.39725
V536	0.24211	0	0.39189	0.36599
V537	0.58196	0.25071	0.15623	0.0111
V538	0.49031	0.06497	0.09279	0.35193
V539	0.29223	0.41863	0.16727	0.12187
V540	0.23751	0.63824	0.09264	0.0316
V541	0.05974	0.52084	0.07767	0.34176
V542	0.24138	0.15514	0.25892	0.34457
V543	0.8658	0.00302	0.00994	0.12123
V544	0.16826	0.11781	0.1855	0.52844
V545	0.4049	0.15927	0.07357	0.36225
V546	0.09932	0.80358	0.0971	0
V547	0.08003	0.59521	0.32093	0.00383
V548	0.19607	0.69737	0.10656	0
V549	0.3368	0.05921	0.5911	0.01288
V550	0.62303	0.02307	0	0.35389
V551	0.21732	0.67901	0.0538	0.04986
V552	0.03074	0.55258	0.01533	0.40135
V553	0.24998	0.17305	0.56823	0.00874
V554	0.14228	0.11474	0.03442	0.70856
V555	0.13088	0.25619	0.33507	0.27786
V556	0.0129	0.07904	0.86228	0.04578
V557	0.81327	0.03098	0.0014	0.15435
V558	0.11468	0.73604	0.04666	0.10262
V559	0.05108	0.73886	0.21006	0
V560	0.68785	0.29066	0	0.02149
V561	0.02284	0.07404	0.8705	0.03262
V562	0.76585	0.00285	0.12256	0.10874
V563	0.26388	0.02644	0.69893	0.01076
V564	0.09606	0.11719	0.77684	0.00991
V565	0.1586	0.28265	0.37103	0.18773
V566	0.7037	0.09806	0	0.19824
V567	0.26104	0.4499	0.02683	0.26223
V568	0.31773	0.00854	0.0722	0.60153
V569	0.70155	0.02086	0	0.27759
V570	0.06037	0.30534	0.58341	0.05088
V571	0.80206	0.11682	0	0.08112
V572	0.45419	0.02631	0.42702	0.09247
V573	0.14017	0.20519	0	0.65464
V574	0.08269	0.71681	0.19418	0.00631
V575	0.0828	0.1147	0.14297	0.65952
V576	0.19705	0.73135	0.06032	0.01128
V577	0.1056	0.07194	0.22934	0.59313
V578	0.09396	0.10735	0.64931	0.14938
V579	0.05254	0.80015	0.12385	0.02345
V580	0.22986	0.0143	0.13361	0.62223
V581	0.16137	0.10923	0	0.7294
V582	0.5921	0.15797	0.02692	0.22302
V583	0.04066	0.08894	0.58872	0.28168
V584	0.51268	0.16783	0.28571	0.03377
V585	0.05821	0.04497	0.45728	0.43953
V586	0.26003	0.0398	0.61917	0.081
V587	0.28677	0.04161	0.64414	0.02748
V588	0.64955	0.05258	0.01626	0.28161
V589	0.10261	0.74823	0.09064	0.05852
V590	0.09148	0.69821	0.21031	0
V591	0.04576	0.06696	0.22678	0.66051
V592	0.18276	0.07156	0.74568	0
V593	0.59722	0	0.18916	0.21361
V594	0.34921	0.29283	0.32427	0.0337
V595	0.12567	0.05375	0.05251	0.76807
V596	0.08068	0.31115	0.23781	0.37036
V597	0.02375	0.5608	0.34864	0.06681
V598	0.05491	0.15475	0.7783	0.01204
V599	0.62052	0.305	0.03838	0.0361
V600	0.37875	0.45565	0.05742	0.10817
V601	0.21496	0.29718	0.08883	0.39902
V602	0.13213	0.06452	0.029	0.77435
V603	0.06153	0.40081	0.01694	0.52071
V604	0.51007	0.13287	0.33	0.02706
V605	0.10248	0.3446	0.39277	0.16015
V606	0.72034	0.15841	0	0.12126
V607	0.65745	0.01193	0.11549	0.21514
V608	0.24871	0.18733	0.37406	0.1899
V609	0.072	0.27083	0.24904	0.40813
V610	0.75359	0.02018	0.09569	0.13054
V611	0.35918	0.00845	0.06641	0.56597
V612	0.0568	0.13372	0.75031	0.05917
V613	0.07449	0.33996	0.56057	0.02498
V614	0.74756	0.0669	0.04813	0.1374
V615	0.22158	0.08633	0	0.69209
V616	0.1244	0.66811	0.0637	0.14378
V617	0.47313	0.1708	0.35606	0
V618	0.7423	0	0	0.2577
V619	0.40901	0.04764	0.3147	0.22865
V620	0.04777	0.61103	0.33964	0.00157
V621	0.44122	0.16909	0.17794	0.21174
V622	0.36819	0.23567	0.37875	0.01739
V623	0.08139	0.1043	0.16298	0.65132
V624	0.78245	0.18013	0	0.03742
V625	0.29308	0.47445	0.11015	0.12231
V626	0.91348	0.0287	0	0.05781
V627	0.04896	0.0474	0.11106	0.79258
V628	0.04825	0.26075	0.02178	0.66922
V629	0.16368	0.31202	0.28213	0.24217
V630	0.07314	0.34054	0.553	0.03331
V631	0.07369	0.22685	0.12064	0.57881
V632	0.60339	0	0.14083	0.25578
V633	0.0146	0.0825	0.79932	0.10358
V634	0.40521	0.26786	0.32692	0
V635	0.07526	0.73256	0.01624	0.17594
V636	0.15712	0.13994	0.60103	0.10191
V637	0.3465	0.21486	0.09443	0.34421
V638	0.40516	0.26887	0.07114	0.25483
V639	0.28744	0.40705	0.30552	0
V640	0.06883	0.18541	0.70389	0.04186
V641	0.8519	0.03951	0.02619	0.08239
V642	0.75356	0.16264	0	0.0838
V643	0.04096	0.22333	0.45158	0.28412
V644	0.88077	0.0756	0	0.04362
V645	0.28592	0.39703	0.31072	0.00632
V646	0.06874	0.87142	0.03711	0.02273
V647	0.17609	0.12242	0.65309	0.04839
V648	0.42296	0.40977	0.14535	0.02192
V649	0.05871	0.10726	0.77995	0.05408
V650	0.09248	0.13034	0.71928	0.0579
V651	0.32383	0.02582	0.63857	0.01178
V652	0.13447	0.12551	0.43577	0.30424
V653	0.16468	0.61996	0.12061	0.09475
V654	0.67983	0.19541	0.06121	0.06355
V655	0.08673	0.5723	0.02923	0.31174
V656	0.26792	0.29541	0	0.43666
V657	0.11141	0.10911	0.01356	0.76593
V658	0.59674	0.21283	0.05889	0.13153
V659	0.34886	0.1112	0.35689	0.18306
V660	0.084	0.87888	0.00456	0.03256
V661	0.11043	0.43687	0.06423	0.38847
V662	0.42291	0.03654	0.44914	0.09141
V663	0.26253	0.10286	0.53811	0.09649
V664	0.22735	0.10005	0.63242	0.04018
V665	0.67661	0.18749	0.03985	0.09605
V666	0.60798	0	0.10354	0.28848
V667	0.75862	0.07532	0.16606	0
V668	0.16226	0.73004	0.10771	0
V669	0.2566	0.40139	0.25589	0.08612
V670	0.12931	0.83905	0.00403	0.02761
V671	0.37244	0.28966	0.25655	0.08136
V672	0.05698	0.07364	0.83036	0.03902
V673	0.25932	0.36665	0.23635	0.13768
V674	0.71244	0.15028	0.00836	0.12892
V675	0.17072	0.33907	0.32023	0.16998
V676	0.09305	0.14433	0.12171	0.64091
V677	0.3988	0.38807	0.10477	0.10836
V678	0.52616	0.44022	0.01971	0.01391
V679	0.08569	0.32095	0.59242	0.00093
V680	0.33027	0.50865	0.15064	0.01043
V681	0.86457	0.06667	0.00684	0.06193
V682	0.14629	0.30856	0.52069	0.02446
V683	0.07115	0.87913	0.04973	0
V684	0.67831	0.15973	0.09809	0.06388
V685	0.49557	0.33033	0.1307	0.0434
V686	0.14869	0.21143	0.16499	0.47488
V687	0.13048	0.03517	0.06295	0.7714
V688	0.40016	0.48401	0	0.11583
V689	0.32999	0	0.06002	0.60998
V690	0.47139	0.06251	0.40562	0.06047
V691	0.18501	0.03391	0.77261	0.00847
V692	0.11346	0.1722	0.65884	0.0555
V693	0.26401	0.13562	0.36522	0.23515
V694	0.06177	0.0583	0.31184	0.56809
V695	0.30678	0.01238	0.17349	0.50735
V696	0.1663	0.11739	0.01504	0.70127
V697	0.0968	0.09439	0.02319	0.78562
V698	0.82328	0.00178	0.00636	0.16858
V699	0.56041	0.27862	0.07144	0.08953
V700	0.31362	0.0434	0	0.64297
V701	0.15503	0.51352	0.12573	0.20573
V702	0.57519	0.09051	0	0.3343
V703	0.17462	0.08491	0.48131	0.25915
V704	0.80524	0.04754	0.02236	0.12485
V705	0.90921	0	0.01871	0.07208
V706	0.11469	0.08968	0.72302	0.07261
V707	0.07617	0.42155	0.47772	0.02456
V708	0.08492	0.80386	0.04434	0.06687
V709	0.16569	0.2788	0.49557	0.05994
V710	0.59826	0.21297	0.04852	0.14025
V711	0.13428	0.72204	0.11751	0.02617
V712	0.80851	0.0528	0	0.13869
V713	0.45509	0.30302	0.02981	0.21208
V714	0.04998	0.65629	0.03777	0.25596
V715	0.31843	0.33158	0.29831	0.05167
V716	0.12405	0.06395	0.07153	0.74047
V717	0.1303	0.84438	0.00631	0.01901
V718	0.18345	0.52826	0.19436	0.09394
V719	0.10333	0.67329	0.05438	0.169
V720	0.68856	0	0.23034	0.0811
V721	0.15855	0.1951	0.45896	0.18739
V722	0.15352	0.36668	0.005	0.4748
V723	0.19819	0.11596	0	0.68585
V724	0.5972	0.03238	0.08852	0.28191
V725	0.02385	0.13885	0.80124	0.03606
V726	0.08336	0.40091	0.13568	0.38005
V727	0.29631	0.59483	0.10886	0
V728	0.07874	0.7978	0.12346	0
V729	0.44752	0.01885	0.17176	0.36188
V730	0.86093	0.03098	0.04568	0.06241
V731	0.06457	0.23142	0.40022	0.30379
V732	0.3711	0.09934	0.34567	0.18389
V733	0.63836	0.19065	0.02957	0.14142
V734	0.25781	0.30573	0.43646	0
V735	0.06167	0.06502	0.48907	0.38424
V736	0.23999	0.02807	0.00717	0.72477
V737	0.34478	0.29254	0.24018	0.1225
V738	0.11245	0.34095	0.43693	0.10967
V739	0.01251	0.05632	0.6158	0.31537
V740	0.81515	0.08612	0.06991	0.02882
V741	0.50044	0.11486	0.12892	0.25578
V742	0.42661	0.54822	0.02517	0
V743	0.16796	0.17091	0.65115	0.00998
V744	0.51834	0.05521	0.32231	0.10414
V745	0.05528	0.64826	0.20365	0.09281
V746	0.93918	0	0	0.06082
V747	0.0967	0.02205	0.70537	0.17588
V748	0.1575	0.1387	0.56029	0.14351
V749	0.33287	0.19731	0.05269	0.41713
V750	0.43213	0.44029	0.01846	0.10913
V751	0.09414	0.78783	0.06467	0.05336
V752	0.46704	0.23263	0.13912	0.16121
V753	0.13351	0.07183	0	0.79466
V754	0.06139	0.87266	0.00537	0.06058
V755	0.18597	0.22142	0.34085	0.25176
V756	0.11789	0.02668	0.0898	0.76563
V757	0.36075	0.53833	0.07546	0.02546
V758	0.08781	0.70171	0.1459	0.06458
V759	0.17016	0.09219	0.40433	0.33333
V760	0.32922	0.07777	0.28428	0.30873
V761	0.10623	0.54158	0.28509	0.0671
V762	0.03805	0.41478	0.02015	0.52701
V763	0.41227	0.35582	0.02095	0.21096
V764	0.0581	0.85231	0.02892	0.06067
V765	0.67942	0.08288	0	0.2377
V766	0.05046	0.33913	0.43482	0.17559
V767	0.48309	0.13862	0.24225	0.13604
V768	0.10814	0.81798	0.04673	0.02714
V769	0.18738	0.74835	0.05185	0.01241
V770	0.06874	0.87142	0.03711	0.02273
V771	0.19536	0.05071	0.73946	0.01447
V772	0.16753	0.0846	0.74786	0
V773	0.20684	0.75659	0.02093	0.01565
V774	0.059	0.03355	0.86618	0.04127
V775	0.17219	0.06728	0.29562	0.46491
V776	0.44132	0.40179	0.05577	0.10112
V777	0.23344	0.14238	0.15193	0.47225
V778	0.53524	0.27316	0.07059	0.12101
V779	0.20624	0.07289	0.48791	0.23297
V780	0.15108	0.69693	0.15199	0
V781	0.14412	0.05741	0.05335	0.74513
V782	0.03805	0.16171	0.74232	0.05792
V783	0.77725	0.01986	0.04922	0.15367
V784	0.15817	0.79946	0.03683	0.00555
V785	0.08977	0.84213	0.03763	0.03047
V786	0.69584	0.15848	0.08878	0.0569
V787	0.02778	0.77428	0.19101	0.00694
V788	0.50518	0.29251	0.1591	0.04321
V789	0.12744	0.38756	0.02954	0.45546
V790	0.49408	0.03567	0.08334	0.38691
V791	0.16783	0.37514	0.32947	0.12755
V792	0.1837	0.53525	0.00254	0.27852
V793	0.16791	0.62075	0.04892	0.16242
V794	0.08096	0.12201	0.73144	0.06559
V795	0.1922	0.06516	0.07539	0.66725
V796	0.06288	0.12714	0.78495	0.02503
V797	0.74135	0	0.22682	0.03183
V798	0.61118	0.28081	0.08427	0.02374
V799	0.17749	0.7117	0.04489	0.06593
V800	0.11374	0.05989	0.51547	0.3109
V801	0.18156	0.15125	0.333	0.33419
V802	0.09218	0.11559	0.28949	0.50273
V803	0.24691	0.48111	0.27198	0
V804	0.52311	0.03086	0.37556	0.07047
V805	0.06858	0.03579	0.89563	0
V806	0.09766	0.82568	0.03491	0.04175
V807	0.31688	0.1797	0.03112	0.4723
V808	0.65048	0.25939	0.04517	0.04496
V809	0.07875	0.08667	0.83459	0
V810	0.07203	0.89709	0.00625	0.02463
V811	0.44619	0.09017	0.2077	0.25594
V812	0.54856	0.2634	0.0499	0.13814
V813	0.58285	0.19777	0.19076	0.02862
V814	0.45048	0.48999	0.05638	0.00315
V815	0.03602	0.84251	0.11198	0.00949
V816	0.9255	0	0.07059	0.00391
V817	0.06594	0.11961	0.79912	0.01533
V818	0.05368	0.08372	0.06964	0.79296
V819	0.79834	0.0838	0.0502	0.06765
V820	0.21149	0.13073	0.019	0.63878
V821	0.2424	0.32003	0.37867	0.0589
V822	0.10477	0.06692	0.80099	0.02732
V823	0.05713	0.22238	0.64245	0.07804
V824	0.11989	0.36637	0.51374	0
V825	0.25088	0.30224	0.25667	0.19021
V826	0.44178	0.3895	0.16312	0.00561
V827	0.40182	0.54944	0.01966	0.02907
V828	0.27422	0.18972	0.11911	0.41695
V829	0.10248	0.27619	0.04366	0.57767
V830	0.2802	0.25364	0.02111	0.44505
V831	0.75443	0.09374	0.02878	0.12304
V832	0.29322	0.39173	0.17657	0.13849
V833	0.18389	0.48596	0.19355	0.1366
V834	0.34839	0.09448	0.08718	0.46995
V835	0.37476	0.42575	0.1269	0.07259
V836	0.05599	0.66301	0.01765	0.26334
V837	0.25096	0.3781	0.1988	0.17214
V838	0.89413	0.04346	0.03254	0.02987
V839	0.32632	0.55799	0.1157	0
V840	0.32479	0.65336	0.02185	0
V841	0.02	0.09426	0.82844	0.05731
V842	0.37224	0.18442	0.25903	0.18431
V843	0.05372	0.07136	0.80863	0.06628
V844	0.15922	0.12305	0.38448	0.33325
V845	0.10252	0.14648	0.69374	0.05725
V846	0.01514	0.06269	0.74587	0.1763
V847	0.06048	0	0.10403	0.83549
V848	0.13029	0.49563	0.18634	0.18773
V849	0.02731	0.88832	0.03584	0.04854
V850	0.91315	0	0.02438	0.06247
V851	0.35285	0.48954	0.15761	0
V852	0.17908	0.07478	0.14784	0.5983
V853	0.26458	0.24345	0.38833	0.10364
V854	0.5855	0.17593	0.10718	0.13139
V855	0.06048	0	0.10403	0.83549
V856	0.08362	0.36672	0.35542	0.19424
V857	0.66412	0.18017	0.02881	0.12691
V858	0.54585	0.02791	0.40777	0.01847
V859	0.65122	0.23563	0.01102	0.10213
V860	0.25545	0.14151	0.05991	0.54313
V861	0.12649	0.35365	0.51986	0
V862	0.16576	0.12372	0.66939	0.04112
V863	0.27752	0.07939	0	0.64309
V864	0.15608	0.05785	0.07508	0.71099
V865	0.17769	0.02364	0.28761	0.51106
V866	0.70355	0.02497	0.24224	0.02924
V867	0.70345	0.03552	0.24184	0.01919
V868	0.50807	0.27373	0.13944	0.07877
V869	0.07894	0.86871	0.03359	0.01877
V870	0.16296	0.36449	0.01679	0.45576
V871	0.02731	0.88832	0.03584	0.04854
V872	0.06853	0.04664	0.2715	0.61332
V873	0.84857	0.03011	0.05315	0.06817
V874	0.23351	0.71644	0.05005	0
V875	0.06583	0.23038	0.21912	0.48466
V876	0.18799	0.33367	0.40163	0.07671
V877	0.08465	0.40535	0.30697	0.20303
V878	0.17353	0.73626	0.09021	0
V879	0.22857	0.63777	0.06069	0.07297
V880	0.33869	0.52402	0.00472	0.13257
V881	0.17986	0.07861	0.58022	0.1613
V882	0.77909	0	0.12652	0.09439
V883	0.29378	0.21176	0.49447	0
V884	0.08107	0.30414	0	0.61479
V885	0.70484	0.20443	0.09073	0
V886	0.05012	0.37387	0.45996	0.11605
V887	0.62513	0.07268	0.16131	0.14088
V888	0.13595	0.08735	0.69759	0.07911
V889	0.87473	0.04948	0.0196	0.05618
V890	0.069	0.18381	0.59653	0.15065
V891	0.60924	0.0627	0.27679	0.05127
V892	0.33767	0.20792	0	0.45441
V893	0.56548	0.21502	0.15519	0.0643
V894	0.10419	0.32019	0.55046	0.02516
V895	0.58532	0.07568	0.19926	0.13974
V896	0.09096	0.85295	0.0248	0.03128
V897	0.68248	0.24625	0	0.07126
V898	0.52283	0	0	0.47717
V899	0.08132	0.228	0.15876	0.53192
V900	0.11533	0.31588	0.36481	0.20398
V901	0.08483	0.78561	0.01959	0.10997
V902	0.10147	0.81828	0.08025	0
V903	0.04067	0.41647	0.51017	0.03269
V904	0.08153	0.89432	0.0034	0.02075
V905	0.22246	0	0.20286	0.57468
V906	0.43503	0.10858	0.11268	0.34372
V907	0.44601	0.47795	0.02405	0.05199
V908	0.08125	0.07555	0.09744	0.74576
V909	0.17908	0.755	0	0.06592
V910	0.2398	0	0.14445	0.61575
V911	0.51959	0.37352	0.03638	0.07052
V912	0.40179	0.3248	0.13158	0.14183
V913	0.21676	0	0.02331	0.75993
V914	0.21263	0.46786	0.2966	0.0229
V915	0.30837	0	0.01102	0.6806
V916	0.26838	0.08771	0.6034	0.04052
V917	0.6936	0.03268	0.16895	0.10477
V918	0.08533	0.58984	0.24858	0.07625
V919	0.22956	0.25666	0.29733	0.21645
V920	0.59988	0.20177	0.09883	0.09952
V921	0.10075	0.19444	0.0399	0.66491
V922	0.13713	0.44641	0.38508	0.03138
V923	0.17195	0.03433	0.07262	0.72109
V924	0.07939	0.6168	0.28437	0.01944
V925	0.26128	0.06015	0.01047	0.6681
V926	0.27821	0.04076	0.03921	0.64182
V927	0.10436	0.06388	0.08261	0.74914
V928	0.09759	0.82034	0.02131	0.06076
V929	0.09796	0.60622	0.15199	0.14383
V930	0.513	0.35803	0.03413	0.09485
V931	0.16609	0.2884	0.48637	0.05914
V932	0.06941	0.15428	0.59121	0.1851
V933	0.59621	0.36524	0.01537	0.02318
V934	0.05186	0.19026	0.29207	0.46581
V935	0.54616	0.17246	0.20974	0.07163
V936	0.53498	0.27515	0.00997	0.1799
V937	0.54869	0.14089	0.08809	0.22234
V938	0.39836	0.06579	0.30711	0.22874
V939	0.7429	0.01984	0.07688	0.16038
V940	0.06857	0.72306	0.17546	0.03292
V941	0.02698	0.04145	0.89635	0.03523
V942	0.71341	0.18482	0.07143	0.03034
V943	0.39918	0.1495	0.4031	0.04822
V944	0.07045	0.30008	0.07767	0.5518
V945	0.56215	0.34234	0.00629	0.08922
V946	0.45352	0.26379	0.25319	0.0295
V947	0.14526	0.07924	0.24656	0.52894
V948	0.34794	0.05729	0.57374	0.02103
V949	0.02815	0.15169	0.22795	0.59222
V950	0.09549	0.51626	0.22741	0.16084
V951	0.79997	0.0206	0.15322	0.02621
V952	0.12066	0.16426	0.27782	0.43727
V953	0.05244	0.10122	0.8094	0.03694
V954	0.09285	0.21639	0.15877	0.53199
V955	0.16976	0.5796	0.03552	0.21512
V956	0.08306	0.06347	0.51658	0.3369
V957	0.40287	0.01718	0	0.57995
V958	0.1575	0	0	0.8425
V959	0.25165	0.27184	0.41542	0.06109
V960	0.27862	0.29188	0.08495	0.34455
V961	0.16729	0.38306	0.3475	0.10215
V962	0.36949	0.18808	0.37846	0.06398
V963	0.5776	0.17765	0.16335	0.08141
V964	0.80367	0.03221	0.10308	0.06104
V965	0.09739	0.49131	0.20694	0.20435
V966	0.91011	0.02475	0.00435	0.06079
V967	0.10095	0.08224	0.52497	0.29185
V968	0.01788	0.19074	0.73269	0.05869
V969	0.06079	0.32141	0.04648	0.57132
V970	0.07709	0.16012	0.4309	0.33189
V971	0.49492	0.10394	0.3235	0.07764
V972	0.51891	0.21033	0.04884	0.22192
V973	0.30038	0.41355	0.08635	0.19972
V974	0.04619	0.72493	0.1574	0.07149
V975	0.13293	0.29726	0.56981	0
V976	0.4484	0.25325	0.12075	0.1776
V977	0.33289	0.34441	0.3227	0
V978	0.14185	0.11948	0.08209	0.65658
V979	0.77402	0.02216	0.17915	0.02468
V980	0.93918	0	0	0.06082
V981	0.35717	0.05464	0.42238	0.16581
V982	0.44932	0.38167	0.08519	0.08382
V983	0.70811	0.06111	0	0.23079
V984	0.05974	0.7632	0.14053	0.03653
V985	0.14777	0.2232	0	0.62903
V986	0.34644	0.49456	0.06027	0.09873
V987	0.27824	0.69631	0.00389	0.02156
V988	0.29362	0.03397	0.01224	0.66017
V989	0.45223	0.44018	0.08937	0.01822
V990	0.01381	0.09834	0.76839	0.11946
V991	0.64445	0.33149	0	0.02405
V992	0.23739	0.03412	0.51306	0.21543
V993	0.10958	0.65958	0.19199	0.03885
V994	0.22672	0.712	0.04948	0.01179
V995	0.7219	0.11293	0.02815	0.13702
V996	0.33368	0.1496	0	0.51672
V997	0.05465	0.05881	0.78685	0.09969
V998	0.83824	0.0108	0.0699	0.08107
V999	0.16849	0.81837	0.0041	0.00904
V1000	0.38248	0.02814	0	0.58938
