B_cells	NK_cells	T_cells_CD4.	Monocytes
V1	0.5786	0	0.17944	0.24196
V2	0.2128	0.07354	0.06983	0.64383
V3	0.09743	0.59092	0.05236	0.25929
V4	0.86051	0.09811	0.00448	0.0369
V5	0.1423	0.44159	0.29398	0.12213
V6	0.12385	0.78349	0.08509	0.00757
V7	0.18853	0.34135	0.11579	0.35433
V8	0.16095	0.00993	0.7982	0.03093
V9	0.28962	0.22232	0.05448	0.43358
V10	0.04882	0.01396	0.88603	0.05119
V11	0.23137	0.32485	0.44378	0
V12	0.05938	0.53394	0.40668	0
V13	0.30782	0.63713	0.05348	0.00157
V14	0.1155	0.81765	0.06685	0
V15	0.1583	0.5501	0.1717	0.1199
V16	0.87464	0.03	0.03923	0.05613
V17	0.13415	0.78497	0.07353	0.00736
V18	0.58667	0.31089	0.07536	0.02708
V19	0.20363	0.73599	0.06038	0
V20	0.21047	0.4383	0.04853	0.3027
V21	0.16063	0.06575	0.7479	0.02571
V22	0.05544	0.08467	0.23677	0.62312
V23	0.39973	0.04358	0.55669	0
V24	0.92178	0.02323	0.05499	0
V25	0.37729	0.21952	0.15416	0.24904
V26	0.4286	0.35646	0.04304	0.1719
V27	0.17433	0.04459	0.03348	0.74761
V28	0.00731	0.06915	0.92354	0
V29	0.45661	0.02689	0.49307	0.02343
V30	0.13639	0.20945	0.30591	0.34825
V31	0.23778	0.18334	0.31871	0.26017
V32	0.15807	0.00751	0.06062	0.77379
V33	0.07691	0.46429	0.39351	0.06529
V34	0.1605	0.04581	0.76569	0.02799
V35	0.20393	0.64893	0.14096	0.00619
V36	0.03333	0.0385	0.50946	0.41871
V37	0.57243	0.05219	0.11449	0.26089
V38	0.4704	0	0.1778	0.3518
V39	0.20288	0.51696	0.17795	0.10222
V40	0.13402	0.73088	0.13511	0
V41	0.03679	0.64321	0.10041	0.21959
V42	0.27793	0.00962	0.234	0.47845
V43	0.16307	0.32058	0.51311	0.00323
V44	0.03697	0.08468	0.74149	0.13686
V45	0.13509	0.53891	0.2688	0.0572
V46	0.79575	0.061	0.14128	0.00197
V47	0.46472	0.17539	0.32842	0.03148
V48	0.80426	0.14577	0.02186	0.02811
V49	0.74801	0.16956	0	0.08243
V50	0.10765	0.74482	0.14754	0
V51	0.33971	0.36813	0.29011	0.00204
V52	0.05306	0.11998	0.79703	0.02992
V53	0.72985	0.10304	0.1671	0
V54	0.44237	0.17957	0.37725	0.00081
V55	0.25612	0.11826	0.26623	0.3594
V56	0.11657	0	0.11316	0.77027
V57	0.14379	0.77202	0.0842	0
V58	0.674	0	0.0421	0.2839
V59	0.45671	0.37033	0.14479	0.02817
V60	0.17037	0.14754	0.35282	0.32926
V61	0.80366	0.08513	0.02297	0.08825
V62	0.85849	0.02517	0.08704	0.0293
V63	0.05774	0.75142	0.1886	0.00224
V64	0.05306	0.80976	0.04208	0.0951
V65	0.07234	0	0.12213	0.80553
V66	0.25779	0.63077	0.06912	0.04232
V67	0.18028	0.30537	0.51435	0
V68	0.22252	0.13425	0.03419	0.60904
V69	0.05314	0.29991	0.62048	0.02647
V70	0.55387	0.13561	0.20217	0.10835
V71	0.2049	0.06479	0.39948	0.33083
V72	0.59076	0.13962	0.11709	0.15253
V73	0.19089	0.56007	0.19153	0.05751
V74	0.08058	0.21156	0.70786	0
V75	0.71197	0	0.1988	0.08923
V76	0.01525	0.17184	0.22256	0.59035
V77	0.08699	0.28506	0.02055	0.6074
V78	0.34905	0.10209	0.21053	0.33832
V79	0.02708	0.10966	0.7902	0.07307
V80	0.3773	0.01741	0.53378	0.0715
V81	0.08585	0.16226	0.75188	0
V82	0.01051	0.08791	0.88605	0.01553
V83	0.19165	0.16572	0.09946	0.54316
V84	0.43967	0.02693	0.18566	0.34773
V85	0.13928	0.30102	0.42571	0.134
V86	0.07637	0.06295	0.81962	0.04106
V87	0.07733	0.75707	0.12244	0.04315
V88	0.215	0.0471	0.29774	0.44015
V89	0.07089	0	0.23355	0.69555
V90	0.07438	0.79862	0.127	0
V91	0.07433	0.67127	0.24837	0.00603
V92	0.47939	0.01382	0.38868	0.11811
V93	0.88542	0.00629	0	0.1083
V94	0.05374	0.43941	0.05391	0.45293
V95	0.29005	0.39873	0.19602	0.11521
V96	0.14454	0.09065	0.04251	0.72231
V97	0.68618	0.09157	0.22225	0
V98	0.70868	0.2665	0.01234	0.01248
V99	0.79343	0.0367	0.16433	0.00554
V100	0.10874	0.04038	0.82413	0.02675
V101	0.10413	0.05676	0	0.83911
V102	0.8964	0.04308	0.02051	0.04001
V103	0.05969	0.03587	0.12375	0.78069
V104	0.08378	0.84426	0.07196	0
V105	0.1056	0.81596	0.07844	0
V106	0.15473	0.47496	0.35999	0.01031
V107	0.21542	0.19623	0.55994	0.02841
V108	0.18363	0.66872	0.14764	0
V109	0.03566	0.16431	0.60861	0.19142
V110	0.1034	0.78327	0.106	0.00732
V111	0.89366	0	0.08457	0.02177
V112	0.16849	0.05854	0.45208	0.32088
V113	0.24089	0.0948	0.20663	0.45768
V114	0.30818	0.0255	0.10624	0.56008
V115	0.04091	0.67756	0.28153	0
V116	0.17366	0.29772	0.39411	0.13451
V117	0.68248	0.22428	0.05944	0.0338
V118	0.20661	0.53969	0.07789	0.17582
V119	0.18297	0.06482	0.07274	0.67948
V120	0.11009	0.08244	0.7979	0.00958
V121	0.61222	0.11065	0.1152	0.16193
V122	0.90763	0.00085	0.03946	0.05207
V123	0.03691	0.50212	0.08939	0.37157
V124	0.67924	0.26267	0.00788	0.05021
V125	0.41231	0.37683	0.21086	0
V126	0.09543	0.13965	0.07659	0.68833
V127	0.21645	0.03583	0.28739	0.46033
V128	0.09822	0	0.13796	0.76382
V129	0.58678	0.20967	0.18802	0.01552
V130	0.03855	0.59107	0.37038	0
V131	0.07303	0.82547	0.05119	0.05031
V132	0.89443	0	0.05115	0.05442
V133	0.8822	0.00762	0.07342	0.03676
V134	0.15051	0.37579	0.16943	0.30427
V135	0.13964	0.00278	0.21153	0.64605
V136	0.29221	0.3804	0.03389	0.2935
V137	0.65384	0.0262	0.25701	0.06295
V138	0.24647	0.37627	0.21614	0.16112
V139	0.3837	0.19133	0.22173	0.20325
V140	0.09071	0.08246	0.08063	0.7462
V141	0.09389	0.15938	0.55489	0.19185
V142	0.79135	0	0.20865	0
V143	0.4626	0.2409	0.0942	0.20229
V144	0.21649	0.14786	0.19869	0.43696
V145	0.01611	0.69632	0.28757	0
V146	0.14203	0	0.06747	0.7905
V147	0.88122	0.01397	0.03971	0.0651
V148	0.16202	0.07806	0.5846	0.17532
V149	0.28687	0.45982	0.25331	0
V150	0.11764	0.23849	0.58816	0.05571
V151	0.24848	0.57598	0.08207	0.09347
V152	0.26474	0.40923	0.25716	0.06887
V153	0.1532	0.69198	0.07296	0.08185
V154	0.27471	0.41959	0.30532	0.00038
V155	0.48797	0.13412	0.2976	0.08032
V156	0.05872	0.15005	0.68933	0.1019
V157	0.33568	0.14944	0.32944	0.18545
V158	0.10117	0	0.07177	0.82706
V159	0.87414	0.05801	0	0.06785
V160	0.71461	0	0.07174	0.21365
V161	0.28186	0	0.04387	0.67427
V162	0.11172	0.29486	0.11755	0.47587
V163	0.13408	0.46333	0.2164	0.18619
V164	0.37424	0.28772	0.13708	0.20096
V165	0.05595	0.27189	0	0.67216
V166	0.05485	0.09432	0.10161	0.74922
V167	0.41765	0	0	0.58235
V168	0.32012	0.51819	0.12849	0.0332
V169	0.25816	0.04051	0.05934	0.64199
V170	0.14367	0.02318	0.54258	0.29056
V171	0.16242	0.23734	0.58273	0.01751
V172	0.71438	0	0.27164	0.01398
V173	0.08344	0.14026	0.06837	0.70793
V174	0.06073	0.16239	0.10851	0.66837
V175	0.09671	0.02041	0.77866	0.10422
V176	0.04355	0.72669	0.22976	0
V177	0.06416	0.86809	0.05469	0.01306
V178	0.04683	0.72595	0.05948	0.16774
V179	0.20796	0.00238	0.40768	0.38198
V180	0.06781	0.79111	0.14108	0
V181	0.19463	0.13486	0.54151	0.129
V182	0.32408	0.17719	0.46002	0.03871
V183	0.22039	0.71964	0.05997	0
V184	0.9535	0	0.0465	0
V185	0.58779	0.36547	0.04674	0
V186	0.15438	0.44867	0.30246	0.0945
V187	0.90984	0.00168	0.05643	0.03204
V188	0.1162	0.2359	0	0.64791
V189	0.8213	0.00531	0.03105	0.14235
V190	0.65836	0.0085	0.32034	0.0128
V191	0.21603	0.20607	0.5601	0.0178
V192	0.3382	0.43161	0.08779	0.1424
V193	0.61332	0.02282	0.25103	0.11284
V194	0.08787	0.83179	0.06688	0.01346
V195	0.05092	0.05502	0.87004	0.02403
V196	0.07005	0.07867	0.03134	0.81994
V197	0.47144	0.03196	0.03732	0.45928
V198	0.10136	0.46987	0.40025	0.02853
V199	0.22588	0.00939	0.20794	0.5568
V200	0.17418	0.53586	0.05755	0.23241
V201	0.13374	0.51583	0.23888	0.11155
V202	0.04414	0.03743	0.77382	0.1446
V203	0.19526	0.39602	0.40871	0
V204	0.04614	0.52567	0.04075	0.38744
V205	0.05194	0.08032	0.84491	0.02283
V206	0.07891	0.11318	0.80791	0
V207	0.19211	0.18647	0.07835	0.54307
V208	0.27543	0.0763	0.64739	0.00088
V209	0.33646	0.43141	0.10754	0.12458
V210	0.12992	0.69114	0.1535	0.02545
V211	0.48126	0	0.04296	0.47578
V212	0.51686	0.04128	0.42456	0.01731
V213	0.65634	0.01411	0.13016	0.19938
V214	0.36851	0.15123	0.19164	0.28863
V215	0.35399	0.08794	0.0287	0.52937
V216	0.12808	0	0.05853	0.8134
V217	0.07625	0.46814	0.27978	0.17583
V218	0.13419	0.42681	0.214	0.22499
V219	0.15239	0.60155	0.05359	0.19247
V220	0.04911	0.77361	0.06539	0.11189
V221	0.822	0	0.00733	0.17067
V222	0.34271	0.13157	0.37607	0.14965
V223	0.02737	0.15465	0.75517	0.06281
V224	0.94491	0	0.05509	0
V225	0.1006	0.77657	0.12282	0
V226	0.32912	0.09077	0.58011	0
V227	0.78005	0	0.19901	0.02094
V228	0.76842	0.05226	0.08503	0.09429
V229	0.05376	0.04752	0.86349	0.03522
V230	0.08567	0.02908	0.06337	0.82188
V231	0.04933	0.28115	0.14935	0.52018
V232	0.08852	0.63678	0.02517	0.24954
V233	0.57616	0.07897	0.2174	0.12748
V234	0.08663	0.81156	0.09991	0.00191
V235	0.39476	0.06659	0.51953	0.01911
V236	0.07477	0.08754	0.77299	0.0647
V237	0.23129	0	0.0516	0.71711
V238	0.16684	0.50852	0.30482	0.01981
V239	0.11338	0.39547	0.04814	0.44301
V240	0.5014	0.0393	0.41989	0.03942
V241	0.048	0.02262	0.86709	0.06228
V242	0.16975	0.67909	0.15115	0
V243	0.2667	0.05165	0.6189	0.06275
V244	0.23627	0.00247	0.68822	0.07303
V245	0.60834	0.26536	0.07981	0.04649
V246	0.08707	0.16309	0.73965	0.01018
V247	0.18688	0.04036	0.77275	0
V248	0.09326	0.02787	0.08358	0.79529
V249	0.00244	0.06975	0.86384	0.06396
V250	0.76002	0	0.22488	0.0151
V251	0.91049	0.03837	0.02396	0.02718
V252	0.04263	0.74722	0.21016	0
V253	0.40677	0.05797	0.18748	0.34778
V254	0.05558	0.82355	0.12087	0
V255	0.0964	0.833	0.04556	0.02503
V256	0.20488	0.21265	0.51799	0.06448
V257	0.44886	0.09256	0.25288	0.2057
V258	0.20655	0.25752	0.43661	0.09932
V259	0.06572	0.29008	0.62627	0.01793
V260	0.00812	0.2845	0.70738	0
V261	0.62702	0.01917	0.21487	0.13894
V262	0.17287	0.05375	0.03221	0.74118
V263	0.0717	0.86166	0.05071	0.01594
V264	0.20221	0.03598	0.44988	0.31193
V265	0.09442	0	0.15757	0.74801
V266	0.66247	0.30432	0.03321	0
V267	0.00931	0.18518	0.32793	0.47757
V268	0.43246	0.00289	0.16847	0.39617
V269	0.03416	0.52042	0.42539	0.02002
V270	0.64686	0.01538	0.25764	0.08011
V271	0.79599	0.05135	0.04968	0.10298
V272	0.10004	0.75774	0.06915	0.07307
V273	0.13679	0.00982	0.07402	0.77937
V274	0.70541	0	0.18957	0.10502
V275	0.01066	0.06042	0.89676	0.03216
V276	0.52926	0.30864	0.03196	0.13015
V277	0.07364	0.20771	0.19811	0.52053
V278	0.07962	0.05597	0.32442	0.53999
V279	0.69407	0.04347	0.13088	0.13159
V280	0.10117	0	0.07177	0.82706
V281	0.57124	0.01417	0.16139	0.2532
V282	0.08641	0.08772	0.77502	0.05085
V283	0.24808	0.53159	0.10789	0.11245
V284	0.07354	0.80027	0.1262	0
V285	0.09939	0.02637	0.87424	0
V286	0.27839	0.49812	0.1554	0.06809
V287	0.14432	0.77595	0.07303	0.0067
V288	0.03868	0.27905	0.45511	0.22715
V289	0.30376	0.21425	0.42624	0.05575
V290	0.8302	0.13363	0.03617	0
V291	0.49741	0.07012	0.42781	0.00466
V292	0.91651	0.00301	0	0.08048
V293	0.3182	0.02512	0.62687	0.02981
V294	0.14033	0.37097	0.00124	0.48746
V295	0.05033	0.17836	0.22912	0.54218
V296	0.20426	0.12889	0.59842	0.06843
V297	0.15049	0	0.09455	0.75495
V298	0.31868	0.10829	0.57303	0
V299	0.12098	0.2727	0.03014	0.57619
V300	0.0206	0.02652	0.27078	0.68209
V301	0.15044	0.12289	0.63278	0.09389
V302	0.66918	0.30219	0.01773	0.01089
V303	0.01859	0.55747	0.41941	0.00452
V304	0.08526	0.04169	0.73543	0.13763
V305	0.15157	0.1641	0.47298	0.21136
V306	0.794	0.07844	0.07051	0.05706
V307	0.07089	0.83674	0.08353	0.00885
V308	0.25769	0.22207	0.31834	0.20191
V309	0.3718	0.29677	0.04614	0.2853
V310	0.11658	0.30827	0.18928	0.38587
V311	0.53775	0.42083	0.04141	0
V312	0.13986	0.6616	0.19854	0
V313	0.02188	0.1126	0.04587	0.81965
V314	0.04533	0.4652	0.15632	0.33314
V315	0.16208	0.58135	0.08213	0.17444
V316	0.33083	0.13284	0.39627	0.14006
V317	0.12889	0.64549	0.09942	0.1262
V318	0.07629	0.53614	0.04853	0.33904
V319	0.08702	0.08168	0.79977	0.03152
V320	0.10607	0.15393	0.63876	0.10125
V321	0.65291	0.31341	0.03368	0
V322	0.23625	0.3079	0.10127	0.35459
V323	0.12405	0.00502	0.12139	0.74954
V324	0.66177	0.22683	0.09758	0.01383
V325	0.33104	0.56612	0.10284	0
V326	0.01161	0.54895	0.14508	0.29436
V327	0.06032	0.14342	0.13741	0.65885
V328	0.0748	0.04229	0.73661	0.1463
V329	0.21934	0.10522	0.19799	0.47744
V330	0.41656	2e-05	0.34821	0.2352
V331	0.39375	0.07433	0.06106	0.47086
V332	0.04851	0.04419	0.21617	0.69112
V333	0.43594	0.07244	0.39373	0.09789
V334	0.38373	0.00177	0.36999	0.24451
V335	0.05098	0.32666	0.5259	0.09646
V336	0.21595	0.63986	0.06877	0.07542
V337	0.30724	0.37112	0.32061	0.00103
V338	0.02718	0.87644	0.08443	0.01196
V339	0.15149	0.014	0.82951	0.005
V340	0.08167	0.22884	0.53589	0.1536
V341	0.08843	0.02525	0.09851	0.78782
V342	0.27048	0.00318	0.61075	0.11559
V343	0.91426	0.01958	0.02627	0.03989
V344	0.6725	0.13118	0.19632	0
V345	0.05596	0.05966	0.88438	0
V346	0.26461	0.10985	0.30557	0.31997
V347	0.10712	0	0.15407	0.73881
V348	0.09086	0.6019	0.1976	0.10964
V349	0.35996	0.16122	0.39287	0.08595
V350	0.06085	0.71321	0.22593	0
V351	0.05249	0.03277	0.42579	0.48896
V352	0.07595	0.03827	0.81892	0.06686
V353	0.85603	0.0095	0.05348	0.08099
V354	0.08376	0.62803	0.275	0.01321
V355	0.29692	0.07771	0.46593	0.15945
V356	0.0985	0.00749	0.13118	0.76283
V357	0.14239	0.31929	0.31023	0.22809
V358	0.56485	0.09003	0.067	0.27813
V359	0.59962	0.04003	0.04515	0.3152
V360	0.56116	0.37884	0.05568	0.00433
V361	0.00916	0.42496	0.56588	0
V362	0.02076	0.87484	0.09561	0.0088
V363	0.19698	0.12169	0.4779	0.20344
V364	0.18215	0.0752	0.66425	0.0784
V365	0.32704	0.00614	0.0233	0.64351
V366	0.11624	0.62681	0.13915	0.1178
V367	0.59765	0.1277	0.00634	0.26831
V368	0.12908	0.66367	0.14142	0.06583
V369	0.045	0.37361	0.58138	0
V370	0.3157	0.26189	0.41857	0.00383
V371	0.22527	0.65131	0.08093	0.04249
V372	0.21862	0.04129	0.14837	0.59172
V373	0.10877	0.14581	0.48652	0.2589
V374	0.77409	0.00566	0.22025	0
V375	0.09821	0.02906	0.17355	0.69917
V376	0.09619	0.02071	0.12893	0.75417
V377	0.80057	0	0.00756	0.19187
V378	0.03764	0.03431	0.43782	0.49023
V379	0.38075	0.1856	0.02105	0.4126
V380	0.19788	0.0659	0.22805	0.50817
V381	0.73568	0	0.10771	0.15661
V382	0.11185	0.05637	0.83005	0.00173
V383	0.82165	0	0.06021	0.11814
V384	0.56721	0.06453	0.15244	0.21583
V385	0.83318	0.00054	0.09445	0.07183
V386	0.34708	0	0.16948	0.48344
V387	0.57998	0.13598	0.21003	0.074
V388	0.38928	0.30599	0.17691	0.12783
V389	0.43817	0.469	0.04761	0.04522
V390	0.30561	0.23941	0.45497	0
V391	0.45957	0.09296	0.02647	0.421
V392	0.43524	0.20738	0.19048	0.1669
V393	0.29722	0.22118	0.36266	0.11895
V394	0.13762	0.22113	0.14494	0.49631
V395	0.24634	0.36625	0.23591	0.1515
V396	0.05872	0.85069	0.07342	0.01716
V397	0.75937	0.07237	0.12339	0.04486
V398	0.46889	0.12477	0.11834	0.288
V399	0.22289	0.50443	0.19666	0.07602
V400	0.01708	0.566	0.11459	0.30233
V401	0.05909	0.16967	0.70988	0.06136
V402	0.79465	0.14555	0.0598	0
V403	0.08884	0.01167	0.10936	0.79013
V404	0.11661	0.20148	0.60781	0.0741
V405	0.26927	0.01834	0.19583	0.51657
V406	0.64393	0.22697	0.03686	0.09225
V407	0.02718	0.87644	0.08443	0.01196
V408	0.1176	0.24282	0.41997	0.2196
V409	0.03431	0.01992	0.08076	0.86501
V410	0.13328	0.767	0.09378	0.00594
V411	0.48718	0	0	0.51282
V412	0.18668	0.08208	0.50834	0.22291
V413	0.08939	0.45979	0.22712	0.2237
V414	0.06483	0.47555	0.36658	0.09304
V415	0.46509	0.02172	0.25084	0.26235
V416	0.04124	0.09888	0.85988	0
V417	0.40486	0.54599	0.04915	0
V418	0.12285	0.09926	0.17238	0.60551
V419	0.09337	0	0.07924	0.82739
V420	0.01427	0.83224	0.08459	0.0689
V421	0.18242	0.05425	0.66736	0.09596
V422	0.12504	0.066	0.02318	0.78578
V423	0.10874	0.04038	0.82413	0.02675
V424	0.00279	0.06802	0.64709	0.28211
V425	0.0822	0.24091	0.5949	0.08199
V426	0.11858	0.06534	0.75867	0.0574
V427	0.10088	0.38086	0.23384	0.28442
V428	0.13054	0.6971	0.1148	0.05756
V429	0.08777	0	0.08626	0.82597
V430	0.74183	0.14964	0.03384	0.07468
V431	0.21228	0.02684	0.46827	0.29262
V432	0.17035	0.08544	0.07327	0.67095
V433	0.09862	0.6929	0.03728	0.1712
V434	0.38276	0.06504	0.07152	0.48068
V435	0.53518	0	0.13892	0.32591
V436	0.42293	0	0.13569	0.44138
V437	0.28238	0.22176	0.01303	0.48282
V438	0.61767	0.14639	0.04838	0.18756
V439	0.10059	0.09993	0.02205	0.77743
V440	0.52279	0.02067	0.04617	0.41037
V441	0.09448	0.14171	0.59986	0.16396
V442	0.33838	0.32074	0.16887	0.17201
V443	0.743	0	0.10157	0.15543
V444	0.05596	0.05966	0.88438	0
V445	0.6093	0.01577	0.34734	0.02759
V446	0.07704	0.75048	0.12163	0.05084
V447	0.62093	0.08614	0.1983	0.09463
V448	0.05991	0.06382	0.22504	0.65123
V449	0.56012	0.03791	0.3092	0.09277
V450	0.17734	0.75162	0.07104	0
V451	0.90037	0.04641	0.00126	0.05196
V452	0.10578	0	0.10883	0.78539
V453	0.787	0.06121	0.08695	0.06484
V454	0.02451	0.84174	0.12692	0.00683
V455	0.59551	0.03006	0.31464	0.0598
V456	0.34181	0.12284	0.39486	0.1405
V457	0.02829	0.04491	0.05576	0.87105
V458	0.31485	0.21967	0.01309	0.45239
V459	0.05037	0.72521	0.15859	0.06583
V460	0.89974	0	0.05374	0.04652
V461	0.14423	0.03644	0.02687	0.79246
V462	0.3901	0.23675	0	0.37315
V463	0.27737	0.4362	0.19976	0.08667
V464	0.54287	0.08951	0.00507	0.36254
V465	0.42399	0.39335	0.05603	0.12663
V466	0.60172	0.17415	0.01099	0.21314
V467	0.34036	0.51507	0.12862	0.01596
V468	0.50925	0.36381	0.08684	0.04009
V469	0.04598	0.18199	0.3219	0.45012
V470	0.54685	0.11612	0.2019	0.13513
V471	0.31907	0.09835	0.05216	0.53041
V472	0.36466	0.31947	0.00142	0.31445
V473	0.13311	0.49821	0.36869	0
V474	0.18317	0	0.12025	0.69658
V475	0.22047	0.37918	0.1158	0.28454
V476	0.22804	0	0.08527	0.68668
V477	0.59845	0.03009	0.22468	0.14678
V478	0.17467	0.55384	0.03942	0.23207
V479	0.03699	0.10858	0.78154	0.07289
V480	0.12601	0.30324	0.07529	0.49546
V481	0.17115	0.03859	0.77896	0.0113
V482	0.68063	0.14725	0.13711	0.03502
V483	0.18549	0.10411	0.10035	0.61005
V484	0.0864	0.06943	0.05559	0.78858
V485	0.16431	0.67556	0.06079	0.09933
V486	0.30009	0.2537	0.15931	0.2869
V487	0.14034	0.03605	0.11555	0.70806
V488	0.00865	0.02224	0.87761	0.09149
V489	0.23389	0.11562	0.65049	0
V490	0.36705	0.29761	0.09766	0.23768
V491	0.45902	0.42346	0.07144	0.04608
V492	0.06592	0.74075	0.19333	0
V493	0.13458	0	0	0.86542
V494	0.21568	0.16281	0.5197	0.10181
V495	0.25277	0.55745	0.18978	0
V496	0.31194	0.62802	0.03447	0.02557
V497	0.05264	0.01858	0.9004	0.02837
V498	0.35972	0.09635	0.0723	0.47163
V499	0.60889	0.23903	0.15208	0
V500	0.12978	0.13879	0.70308	0.02836
V501	0.03182	0	0.09975	0.86843
V502	0.54743	0.2569	0.18331	0.01237
V503	0.23919	0.0957	0.22697	0.43814
V504	0.26836	0.62962	0.05944	0.04257
V505	0.22809	0.2132	0.2803	0.2784
V506	0.11567	0.25467	0.46683	0.16283
V507	0.61051	0.09245	0.14342	0.15362
V508	0.73682	0.14983	0.06394	0.04941
V509	0.2517	0.07092	0.50953	0.16785
V510	0.24406	0.46321	0.29274	0
V511	0.08726	0.40809	0.08165	0.423
V512	0.29625	0.03673	0.10666	0.56036
V513	0.11422	0.58409	0.26295	0.03874
V514	0.07743	0.08359	0.00082	0.83816
V515	0.7578	0.0511	0.06643	0.12467
V516	0.89824	0.07744	0.0049	0.01942
V517	0.08683	0.02148	0.28282	0.60887
V518	0.92628	0.04004	0	0.03368
V519	0.07031	0.79341	0.06435	0.07193
V520	0.05683	0.0011	0.64299	0.29908
V521	0.55962	0.04635	0.36914	0.02488
V522	0.02473	0.14293	0.59286	0.23948
V523	0.37293	0.12592	0.27765	0.22351
V524	0.041	0.70023	0.25178	0.00699
V525	0.30285	0.20027	0.04371	0.45317
V526	0.64574	0.07012	0.09509	0.18906
V527	0.23873	0.02308	0.41628	0.32191
V528	0.14433	0.77883	0.04802	0.02883
V529	0.10686	0.06152	0.25233	0.57929
V530	0.0271	0.21707	0.67306	0.08277
V531	0.05606	0.76929	0.17464	0
V532	0.21702	0.31869	0.05053	0.41375
V533	0.30606	0.33279	0.17107	0.19008
V534	0.03382	0.03459	0.71325	0.21834
V535	0.58938	0	0.00409	0.40653
V536	0.23046	0	0.38961	0.37993
V537	0.58419	0.23558	0.18023	0
V538	0.48578	0.041	0.10864	0.36458
V539	0.29005	0.39873	0.19602	0.11521
V540	0.23568	0.62068	0.12898	0.01466
V541	0.04697	0.49284	0.10811	0.35208
V542	0.23275	0.13046	0.27757	0.35922
V543	0.86597	0	0.02139	0.11265
V544	0.15419	0.08777	0.20075	0.5573
V545	0.39852	0.13525	0.09204	0.37418
V546	0.0901	0.77751	0.13239	0
V547	0.07115	0.57614	0.3527	0
V548	0.18749	0.67223	0.14028	0
V549	0.33709	0.04613	0.61075	0.00604
V550	0.62264	0.01029	0	0.36706
V551	0.21477	0.66041	0.09175	0.03306
V552	0.01433	0.52445	0.04515	0.41607
V553	0.24775	0.15923	0.59302	0
V554	0.12465	0.08314	0.04724	0.74498
V555	0.12103	0.23199	0.35883	0.28815
V556	0.0034	0.0642	0.88714	0.04525
V557	0.81552	0.01499	0.01985	0.14963
V558	0.10895	0.71583	0.08549	0.08973
V559	0.04084	0.71509	0.24406	0
V560	0.69557	0.2828	0.01474	0.00689
V561	0.01066	0.06042	0.89676	0.03216
V562	0.76751	0	0.13096	0.10153
V563	0.26218	0.01529	0.71744	0.00509
V564	0.08988	0.10262	0.80001	0.0075
V565	0.15171	0.26087	0.39667	0.19076
V566	0.70861	0.08735	0.00631	0.19773
V567	0.25561	0.42351	0.05694	0.26394
V568	0.30045	0	0.06999	0.62956
V569	0.70484	0.01089	0	0.28426
V570	0.05159	0.29047	0.61313	0.0448
V571	0.81075	0.11134	0.00507	0.07284
V572	0.45461	0.01089	0.4439	0.0906
V573	0.12359	0.17083	0.01748	0.68811
V574	0.07433	0.69662	0.22905	0
V575	0.06392	0.08278	0.15686	0.69644
V576	0.19224	0.71024	0.09752	0
V577	0.08818	0.04122	0.24261	0.62799
V578	0.08412	0.08763	0.67339	0.15486
V579	0.0469	0.78428	0.16262	0.0062
V580	0.21224	0	0.1339	0.65386
V581	0.14548	0.08479	0	0.76972
V582	0.5914	0.13772	0.04792	0.22295
V583	0.0271	0.06464	0.61033	0.29793
V584	0.51507	0.15395	0.30681	0.02418
V585	0.04328	0.01557	0.47443	0.46673
V586	0.25651	0.02376	0.63917	0.08057
V587	0.2852	0.02795	0.66467	0.02218
V588	0.64806	0.0307	0.03417	0.28706
V589	0.09832	0.73031	0.12889	0.04247
V590	0.08151	0.67483	0.24366	0
V591	0.0213	0.03526	0.2417	0.70174
V592	0.17681	0.05664	0.76655	0
V593	0.59467	0	0.19189	0.21343
V594	0.34935	0.27667	0.35109	0.02289
V595	0.10808	0.02509	0.05887	0.80796
V596	0.06773	0.28355	0.26185	0.38687
V597	0.01291	0.54653	0.38506	0.0555
V598	0.04726	0.14111	0.80424	0.00739
V599	0.62415	0.28908	0.06527	0.0215
V600	0.37799	0.43457	0.08887	0.09857
V601	0.20494	0.26869	0.11223	0.41414
V602	0.11422	0.03349	0.0389	0.81339
V603	0.04465	0.36787	0.04126	0.54622
V604	0.51297	0.11963	0.35013	0.01727
V605	0.0936	0.3242	0.42137	0.16083
V606	0.72348	0.14138	0.02143	0.11371
V607	0.6577	0	0.12623	0.21607
V608	0.24377	0.16626	0.3964	0.19357
V609	0.05772	0.24232	0.27155	0.4284
V610	0.75714	0.00617	0.11082	0.12586
V611	0.34305	0	0.06603	0.59093
V612	0.0489	0.11748	0.77633	0.05728
V613	0.06703	0.32587	0.59139	0.01571
V614	0.75045	0.05154	0.06595	0.13206
V615	0.20388	0.0537	0.01384	0.72859
V616	0.1183	0.64705	0.09954	0.13512
V617	0.47081	0.15423	0.37495	0
V618	0.74039	0	0	0.25961
V619	0.40627	0.02677	0.33192	0.23504
V620	0.03855	0.59107	0.37038	0
V621	0.43966	0.14908	0.19767	0.21359
V622	0.36871	0.22105	0.40362	0.00662
V623	0.06244	0.07304	0.17651	0.68801
V624	0.79218	0.17624	0.00612	0.02545
V625	0.291	0.45378	0.14111	0.11412
V626	0.91884	0.0306	0	0.05056
V627	0.02282	0.01812	0.12011	0.83894
V628	0.02471	0.22697	0.04058	0.70775
V629	0.15627	0.288	0.30782	0.24791
V630	0.0656	0.32625	0.5837	0.02445
V631	0.05598	0.19498	0.13897	0.61007
V632	0.59942	0	0.14315	0.25743
V633	0.00253	0.06526	0.82638	0.10583
V634	0.4017	0.24942	0.34888	0
V635	0.06695	0.70964	0.05397	0.16944
V636	0.1507	0.12234	0.62476	0.1022
V637	0.33998	0.18996	0.11493	0.35514
V638	0.4019	0.24568	0.0949	0.25752
V639	0.282	0.38695	0.33105	0
V640	0.06112	0.17086	0.73006	0.03796
V641	0.8536	0.02812	0.04472	0.07356
V642	0.76349	0.15984	0.00067	0.076
V643	0.02741	0.19891	0.47619	0.29749
V644	0.88203	0.06464	0.02073	0.0326
V645	0.28237	0.37933	0.33829	0
V646	0.06618	0.85189	0.07681	0.00512
V647	0.17113	0.10627	0.67768	0.04492
V648	0.42465	0.39301	0.17534	0.007
V649	0.05149	0.09147	0.80455	0.05249
V650	0.0853	0.11434	0.7446	0.05576
V651	0.32407	0.0141	0.65654	0.00529
V652	0.12349	0.10121	0.45594	0.31935
V653	0.16037	0.60099	0.15577	0.08287
V654	0.68364	0.18094	0.08277	0.05265
V655	0.07512	0.54549	0.06081	0.31858
V656	0.25659	0.26443	0.02522	0.45376
V657	0.092	0.07743	0.02697	0.8036
V658	0.59827	0.19491	0.0815	0.12532
V659	0.34592	0.09185	0.37592	0.1863
V660	0.08074	0.85378	0.05049	0.01499
V661	0.09844	0.40753	0.09144	0.40258
V662	0.42303	0.02069	0.46654	0.08974
V663	0.25905	0.08612	0.55907	0.09575
V664	0.22381	0.08472	0.6556	0.03587
V665	0.67976	0.1716	0.06149	0.08715
V666	0.60284	0	0.1052	0.29196
V667	0.75684	0.06077	0.18239	0
V668	0.15364	0.70489	0.14147	0
V669	0.25412	0.38319	0.2842	0.07849
V670	0.12563	0.81617	0.04859	0.00961
V671	0.372	0.27194	0.28182	0.07424
V672	0.05015	0.05823	0.85237	0.03925
V673	0.25614	0.34676	0.26322	0.13388
V674	0.71495	0.13296	0.03029	0.1218
V675	0.16456	0.31754	0.34746	0.17045
V676	0.07475	0.11178	0.13725	0.67622
V677	0.39854	0.36849	0.13306	0.09991
V678	0.52761	0.42237	0.05002	0
V679	0.07632	0.30513	0.61855	0
V680	0.32793	0.48979	0.18228	0
V681	0.86504	0.05458	0.02809	0.05229
V682	0.1412	0.29416	0.54951	0.01513
V683	0.06214	0.85142	0.08644	0
V684	0.68193	0.14535	0.11886	0.05386
V685	0.49781	0.31332	0.15841	0.03045
V686	0.1362	0.18215	0.18368	0.49797
V687	0.11331	0.00664	0.06703	0.81302
V688	0.40291	0.47131	0.0187	0.10708
V689	0.31142	0	0.05246	0.63613
V690	0.4729	0.04834	0.42375	0.055
V691	0.18109	0.02172	0.79281	0.00438
V692	0.10701	0.15703	0.68385	0.05211
V693	0.2583	0.11441	0.38497	0.24233
V694	0.04373	0.02766	0.32579	0.60283
V695	0.29261	0	0.17604	0.53134
V696	0.14853	0.08422	0.03076	0.73649
V697	0.076	0.06432	0.03453	0.82516
V698	0.82214	0	0.01467	0.16319
V699	0.56263	0.26092	0.09664	0.07982
V700	0.29754	0.01038	0.01202	0.68006
V701	0.14816	0.4904	0.15703	0.20442
V702	0.57256	0.06889	0.01481	0.34375
V703	0.16538	0.06175	0.5015	0.27137
V704	0.80786	0.03329	0.04017	0.11869
V705	0.90874	0	0.02918	0.06208
V706	0.10779	0.07325	0.74721	0.07175
V707	0.06924	0.40779	0.51031	0.01265
V708	0.08037	0.78458	0.08437	0.05068
V709	0.16078	0.263	0.5221	0.05412
V710	0.59976	0.19468	0.07123	0.13433
V711	0.13093	0.70487	0.15492	0.00927
V712	0.81382	0.04344	0.00871	0.13402
V713	0.45363	0.27969	0.05621	0.21047
V714	0.04	0.63179	0.07106	0.25715
V715	0.3175	0.31452	0.32541	0.04257
V716	0.10624	0.03547	0.07905	0.77924
V717	0.12672	0.82192	0.05076	6e-04
V718	0.17915	0.50959	0.22699	0.08428
V719	0.09586	0.65136	0.0902	0.16258
V720	0.69051	0	0.23677	0.07272
V721	0.15073	0.17423	0.48257	0.19247
V722	0.13981	0.33334	0.03187	0.49498
V723	0.18055	0.0835	0.01418	0.72176
V724	0.59593	0.01093	0.10421	0.28892
V725	0.01025	0.12442	0.83094	0.03439
V726	0.07113	0.37193	0.16197	0.39498
V727	0.28907	0.57036	0.14057	0
V728	0.06877	0.77216	0.15907	0
V729	0.44143	0	0.18254	0.37602
V730	0.86207	0.02104	0.06338	0.0535
V731	0.05157	0.20637	0.42405	0.31802
V732	0.36852	0.08068	0.36387	0.18693
V733	0.64008	0.17236	0.05198	0.13559
V734	0.25237	0.28764	0.45999	0
V735	0.0479	0.03791	0.50686	0.40732
V736	0.22002	0	0.01712	0.76286
V737	0.34336	0.27332	0.26496	0.11836
V738	0.10501	0.32259	0.46577	0.10663
V739	0	0.03066	0.63612	0.33322
V740	0.81865	0.07377	0.09066	0.01693
V741	0.49873	0.09439	0.14639	0.26049
V742	0.42034	0.52366	0.056	0
V743	0.16333	0.15663	0.67667	0.00337
V744	0.52016	0.0395	0.33941	0.10092
V745	0.04748	0.63075	0.23994	0.08182
V746	0.94698	0	0	0.05302
V747	0.086	0.00287	0.72577	0.18536
V748	0.15045	0.11934	0.58343	0.14678
V749	0.32343	0.16984	0.07342	0.43331
V750	0.43219	0.41905	0.04955	0.09921
V751	0.0901	0.76982	0.10352	0.03656
V752	0.46704	0.21369	0.16114	0.15813
V753	0.11831	0.04407	0	0.83762
V754	0.05605	0.84869	0.05147	0.04378
V755	0.17858	0.19825	0.36351	0.25965
V756	0.10004	0	0.09272	0.80724
V757	0.36138	0.52052	0.10954	0.00855
V758	0.08291	0.68432	0.18317	0.04961
V759	0.15948	0.06746	0.42282	0.35024
V760	0.32298	0.05573	0.30043	0.32086
V761	0.10043	0.5248	0.31866	0.05611
V762	0.01791	0.38286	0.04542	0.55381
V763	0.41021	0.33161	0.04924	0.20893
V764	0.05312	0.8327	0.07048	0.04369
V765	0.6849	0.07404	0	0.24106
V766	0.03919	0.31809	0.4641	0.17862
V767	0.48357	0.1215	0.2614	0.13353
V768	0.10481	0.79937	0.08658	0.00924
V769	0.18294	0.72762	0.08944	0
V770	0.06618	0.85189	0.07681	0.00512
V771	0.19136	0.03727	0.76104	0.01033
V772	0.16131	0.06991	0.76878	0
V773	0.20363	0.73599	0.06038	0
V774	0.05199	0.01944	0.88645	0.04211
V775	0.15917	0.03992	0.31019	0.49072
V776	0.44176	0.38125	0.0857	0.09129
V777	0.22108	0.1147	0.16835	0.49588
V778	0.53657	0.25402	0.09536	0.11405
V779	0.19876	0.05131	0.5071	0.24283
V780	0.14239	0.67278	0.18483	0
V781	0.1264	0.02825	0.06108	0.78427
V782	0.02778	0.1464	0.76972	0.0561
V783	0.77993	0.00465	0.06542	0.15
V784	0.15124	0.77439	0.07438	0
V785	0.08664	0.82222	0.07847	0.01268
V786	0.69983	0.14519	0.10886	0.04612
V787	0.01354	0.75709	0.22937	0
V788	0.50756	0.27664	0.18493	0.03088
V789	0.11412	0.35574	0.05563	0.47451
V790	0.48848	0.00992	0.09907	0.40253
V791	0.16286	0.35548	0.35746	0.1242
V792	0.17578	0.50797	0.03512	0.28112
V793	0.16226	0.59837	0.08394	0.15543
V794	0.07364	0.1059	0.75629	0.06417
V795	0.17479	0.03511	0.08617	0.70393
V796	0.05618	0.11243	0.80831	0.02308
V797	0.74619	0	0.23461	0.0192
V798	0.61484	0.26552	0.11001	0.00964
V799	0.17402	0.69242	0.08366	0.04991
V800	0.10167	0.03454	0.53506	0.32873
V801	0.17174	0.12664	0.35215	0.34948
V802	0.07661	0.08661	0.30549	0.5313
V803	0.24033	0.4605	0.29917	0
V804	0.52565	0.01672	0.39239	0.06524
V805	0.06116	0.02356	0.91527	0
V806	0.09417	0.80577	0.07566	0.02439
V807	0.30537	0.14992	0.05218	0.49253
V808	0.65437	0.24351	0.07052	0.0316
V809	0.07093	0.07067	0.8584	0
V810	0.06948	0.87145	0.05173	0.00735
V811	0.4436	0.07012	0.22432	0.26195
V812	0.54967	0.24367	0.0747	0.13196
V813	0.58655	0.18354	0.21379	0.01611
V814	0.44604	0.46744	0.08652	0
V815	0.02728	0.82238	0.15034	0
V816	0.91886	0	0.08114	0
V817	0.05947	0.10545	0.82195	0.01313
V818	0.03049	0.05546	0.07819	0.83586
V819	0.80163	0.07039	0.0698	0.05817
V820	0.19471	0.09689	0.03703	0.67136
V821	0.23961	0.30241	0.406	0.05198
V822	0.09858	0.05261	0.82193	0.02688
V823	0.04814	0.20632	0.67006	0.07548
V824	0.11096	0.34887	0.54017	0
V825	0.24648	0.28098	0.28132	0.19122
V826	0.43957	0.37013	0.19029	0
V827	0.40297	0.53114	0.05447	0.01143
V828	0.26425	0.16333	0.13784	0.43458
V829	0.08585	0.24285	0.06442	0.60687
V830	0.26902	0.22358	0.04447	0.46293
V831	0.75727	0.07781	0.04846	0.11646
V832	0.29076	0.37116	0.20441	0.13368
V833	0.17933	0.4657	0.22429	0.13068
V834	0.3375	0.06674	0.10362	0.49214
V835	0.37448	0.40704	0.15672	0.06177
V836	0.04611	0.63786	0.05114	0.26489
V837	0.24708	0.35711	0.22556	0.17025
V838	0.89486	0.03504	0.05226	0.01784
V839	0.31982	0.53397	0.14622	0
V840	0.31743	0.62785	0.05472	0
V841	0.00846	0.07899	0.85593	0.05661
V842	0.37003	0.16504	0.27951	0.18542
V843	0.04545	0.05473	0.83307	0.06675
V844	0.14864	0.09764	0.40395	0.34978
V845	0.09565	0.13098	0.7188	0.05457
V846	0	0.04206	0.77254	0.1854
V847	0.02753	0	0.08921	0.88326
V848	0.12291	0.47372	0.2174	0.18596
V849	0.02054	0.87034	0.07876	0.03037
V850	0.9131	0	0.03504	0.05185
V851	0.34713	0.46695	0.18592	0
V852	0.1631	0.04514	0.16014	0.63162
V853	0.26164	0.22491	0.41301	0.10044
V854	0.58749	0.15868	0.12782	0.12601
V855	0.02753	0	0.08921	0.88326
V856	0.07368	0.34435	0.38455	0.19742
V857	0.66639	0.16221	0.05134	0.12005
V858	0.55015	0.01469	0.42542	0.00974
V859	0.6534	0.21778	0.03598	0.09284
V860	0.2411	0.11158	0.07732	0.57
V861	0.11711	0.3365	0.54639	0
V862	0.16083	0.10832	0.69359	0.03726
V863	0.26384	0.05608	0	0.68009
V864	0.13854	0.02799	0.08415	0.74932
V865	0.16302	0	0.297	0.53998
V866	0.70886	0.01288	0.25957	0.01869
V867	0.70827	0.02401	0.25922	0.0085
V868	0.51003	0.2568	0.16392	0.06924
V869	0.07646	0.84851	0.074	0.00102
V870	0.15075	0.3319	0.04325	0.4741
V871	0.02054	0.87034	0.07876	0.03037
V872	0.05011	0.01483	0.28448	0.65058
V873	0.85038	0.01963	0.07043	0.05956
V874	0.22475	0.69032	0.08493	0
V875	0.04931	0.20004	0.23953	0.51111
V876	0.1838	0.31587	0.42978	0.07056
V877	0.07493	0.38356	0.33576	0.20574
V878	0.16487	0.71097	0.12415	0
V879	0.22612	0.61815	0.09699	0.05874
V880	0.33727	0.50208	0.03765	0.12301
V881	0.17266	0.05923	0.60137	0.16673
V882	0.78014	0	0.13411	0.08575
V883	0.28978	0.1949	0.51532	0
V884	0.06599	0.28184	0	0.65217
V885	0.70175	0.1876	0.11065	0
V886	0.04004	0.35581	0.49028	0.11387
V887	0.62737	0.05672	0.17801	0.1379
V888	0.1293	0.07073	0.72094	0.07904
V889	0.87499	0.03935	0.03912	0.04654
V890	0.0582	0.16469	0.62251	0.1546
V891	0.61304	0.04915	0.29489	0.04293
V892	0.32742	0.17882	0.02096	0.4728
V893	0.5682	0.1996	0.17749	0.05471
V894	0.09766	0.30602	0.5804	0.01593
V895	0.58711	0.05974	0.21605	0.1371
V896	0.08787	0.83179	0.06688	0.01346
V897	0.68692	0.23239	0.02053	0.06017
V898	0.50848	0	0	0.49152
V899	0.06453	0.19746	0.1773	0.56071
V900	0.10649	0.29332	0.39173	0.20845
V901	0.07888	0.7641	0.06	0.09701
V902	0.09237	0.79204	0.11559	0
V903	0.03185	0.40258	0.54354	0.02203
V904	0.07882	0.86777	0.04996	0.00346
V905	0.20497	0	0.19419	0.60083
V906	0.42974	0.08547	0.12947	0.35531
V907	0.44743	0.459	0.05654	0.03703
V908	0.06066	0.0461	0.10657	0.78667
V909	0.17571	0.73345	0.04105	0.0498
V910	0.22117	0	0.13531	0.64352
V911	0.52151	0.35413	0.06625	0.0581
V912	0.40106	0.30454	0.15764	0.13675
V913	0.19461	0	0.0118	0.79359
V914	0.21004	0.45222	0.32795	0.00979
V915	0.28694	0	0.00382	0.70924
V916	0.26619	0.07285	0.62496	0.03601
V917	0.69737	0.01858	0.18458	0.09947
V918	0.07859	0.57258	0.28363	0.0652
V919	0.22412	0.23457	0.32083	0.22048
V920	0.6025	0.18593	0.12019	0.09137
V921	0.08266	0.15996	0.05691	0.70047
V922	0.1318	0.43159	0.4169	0.01971
V923	0.15391	0.00427	0.08011	0.76171
V924	0.07385	0.60244	0.32054	0.00317
V925	0.24344	0.02451	0.02787	0.70418
V926	0.2614	0.00711	0.05345	0.67805
V927	0.08607	0.03604	0.08973	0.78815
V928	0.09341	0.79959	0.06329	0.04371
V929	0.09097	0.58603	0.18627	0.13672
V930	0.51429	0.33808	0.06307	0.08456
V931	0.16107	0.27217	0.51349	0.05327
V932	0.05876	0.1339	0.61517	0.19218
V933	0.59968	0.34859	0.04456	0.00718
V934	0.03486	0.16158	0.31159	0.49197
V935	0.54847	0.15699	0.23072	0.06382
V936	0.535	0.25346	0.036	0.17554
V937	0.54823	0.12137	0.10706	0.22335
V938	0.39532	0.04633	0.32366	0.23469
V939	0.74579	0.00444	0.09218	0.15759
V940	0.06309	0.70672	0.21316	0.01703
V941	0.01443	0.03105	0.91916	0.03535
V942	0.71764	0.17131	0.09383	0.01722
V943	0.39976	0.13444	0.42442	0.04138
V944	0.05291	0.2679	0.09879	0.5804
V945	0.56406	0.323	0.03492	0.07802
V946	0.45575	0.2481	0.27844	0.0177
V947	0.1299	0.05021	0.2605	0.55939
V948	0.34865	0.0438	0.59355	0.014
V949	0.01088	0.12042	0.24388	0.62483
V950	0.08723	0.49554	0.25986	0.15737
V951	0.80513	0.01015	0.17002	0.0147
V952	0.10755	0.13724	0.29554	0.45967
V953	0.04547	0.08617	0.83206	0.03631
V954	0.07631	0.18599	0.17715	0.56055
V955	0.16296	0.55502	0.0694	0.21262
V956	0.06913	0.03755	0.53598	0.35734
V957	0.38964	0	0	0.61036
V958	0.13458	0	0	0.86542
V959	0.2493	0.25528	0.44111	0.05432
V960	0.27091	0.26542	0.10867	0.355
V961	0.16223	0.36418	0.37661	0.09698
V962	0.36938	0.17184	0.40118	0.0576
V963	0.58026	0.16188	0.1844	0.07347
V964	0.8068	0.021	0.11975	0.05246
V965	0.08894	0.4687	0.2379	0.20446
V966	0.90911	0.01641	0.02296	0.05152
V967	0.08902	0.05762	0.54528	0.30808
V968	0.00522	0.17579	0.76268	0.0563
V969	0.04213	0.28809	0.0684	0.60139
V970	0.06408	0.13483	0.45192	0.34917
V971	0.49679	0.08907	0.342	0.07214
V972	0.51799	0.18929	0.07105	0.22168
V973	0.29676	0.39019	0.11517	0.19788
V974	0.03892	0.70795	0.19578	0.05736
V975	0.12466	0.28073	0.59461	0
V976	0.44785	0.23306	0.14378	0.1753
V977	0.32815	0.32509	0.34676	0
V978	0.12515	0.08841	0.09529	0.69116
V979	0.77919	0.01157	0.1956	0.01364
V980	0.94698	0	0	0.05302
V981	0.35448	0.03575	0.44061	0.16916
V982	0.45029	0.36224	0.11418	0.07328
V983	0.71289	0.04923	0.00433	0.23355
V984	0.05443	0.74683	0.17854	0.02021
V985	0.13182	0.18948	0.01747	0.66123
V986	0.34548	0.47408	0.09274	0.08769
V987	0.27747	0.67652	0.0439	0.00212
V988	0.27577	0	0.02757	0.69666
V989	0.45426	0.42298	0.1206	0.00216
V990	0.00154	0.08079	0.79532	0.12235
V991	0.65487	0.3281	0.00695	0.01007
V992	0.23069	0.01278	0.53196	0.22457
V993	0.10532	0.64341	0.2279	0.02336
V994	0.22227	0.6913	0.08643	0
V995	0.72468	0.09607	0.0483	0.13095
V996	0.32113	0.11981	0.01871	0.54034
V997	0.04487	0.04132	0.81124	0.10257
V998	0.84082	0.00024	0.08593	0.07302
V999	0.16281	0.79036	0.04683	0
V1000	0.37124	0.00459	0	0.62416
