cytotoxic.CD56.dim.NK.cell	memory.CD4.pos.AB.T.cell	memory.B.cell	CD14.pos.CD16.neg.classical.monocyte
V1	0.5714	0.00878	0.17157	0.24826
V2	0.14946	0.07513	0.05647	0.71894
V3	0.0507	0.63968	0.0144	0.29522
V4	0.86991	0.11277	0	0.01732
V5	0.10619	0.47516	0.26916	0.14948
V6	0.0717	0.88936	0.02061	0.01834
V7	0.14498	0.35281	0.08837	0.41384
V8	0.12769	0.03205	0.81312	0.02714
V9	0.24399	0.22142	0.04029	0.4943
V10	0.01934	0.03778	0.89852	0.04436
V11	0.21061	0.34548	0.43896	0.00494
V12	0.02298	0.59004	0.37546	0.01152
V13	0.26653	0.71002	0.00561	0.01784
V14	0.06582	0.92124	0.00749	0.00545
V15	0.1164	0.6131	0.12387	0.14662
V16	0.91616	0.04333	0.01705	0.02346
V17	0.08187	0.88646	0.01331	0.01836
V18	0.59002	0.33772	0.04099	0.03127
V19	0.15641	0.82607	0.00616	0.01137
V20	0.16645	0.46449	0.02171	0.34735
V21	0.1282	0.05533	0.78949	0.02699
V22	0.01564	0.07699	0.22652	0.68085
V23	0.3872	0.04381	0.56364	0.00535
V24	0.9283	0.04133	0.03027	1e-04
V25	0.3611	0.2168	0.13553	0.28657
V26	0.40886	0.38206	0.01891	0.19017
V27	0.09972	0.04907	0.02676	0.82445
V28	0.00463	0.08298	0.91049	0.00189
V29	0.44777	0.02911	0.49829	0.02483
V30	0.09632	0.19168	0.30442	0.40758
V31	0.20655	0.16774	0.32243	0.30328
V32	0.0809	0.02455	0.03964	0.85491
V33	0.0401	0.49574	0.37598	0.08818
V34	0.12758	0.04197	0.80342	0.02703
V35	0.15841	0.73696	0.07954	0.02508
V36	0.00691	0.03139	0.51412	0.44758
V37	0.57241	0.05607	0.09699	0.27453
V38	0.44125	0.00482	0.17939	0.37454
V39	0.16378	0.57631	0.1337	0.12621
V40	0.0964	0.82858	0.07495	7e-05
V41	0.00558	0.69447	0.04718	0.25276
V42	0.22707	0.02106	0.22603	0.52584
V43	0.12923	0.32445	0.52026	0.02606
V44	0.01399	0.06178	0.77339	0.15085
V45	0.09315	0.60067	0.22799	0.07819
V46	0.80905	0.07097	0.11541	0.00457
V47	0.46877	0.16877	0.32203	0.04043
V48	0.81358	0.16513	0.00434	0.01694
V49	0.75411	0.17685	0	0.06904
V50	0.06298	0.85117	0.0809	0.00494
V51	0.31914	0.3929	0.26293	0.02503
V52	0.02518	0.10244	0.84467	0.02771
V53	0.73517	0.1196	0.14513	1e-04
V54	0.43812	0.17392	0.37064	0.01732
V55	0.21909	0.10566	0.26266	0.41259
V56	0.0451	0.01367	0.10176	0.83947
V57	0.09285	0.87478	0.02105	0.01133
V58	0.66399	0.00793	0.04213	0.28595
V59	0.45106	0.40276	0.10618	0.04
V60	0.13167	0.12725	0.35951	0.38157
V61	0.82852	0.09324	0.00995	0.0683
V62	0.88851	0.03775	0.06334	0.01039
V63	0.01399	0.85028	0.1175	0.01823
V64	0.00715	0.87474	0.0012	0.11691
V65	0.01632	0.00702	0.1216	0.85506
V66	0.21448	0.70936	0.019	0.05716
V67	0.15269	0.31538	0.52057	0.01136
V68	0.16052	0.13225	0.02768	0.67954
V69	0.02256	0.29234	0.64241	0.04269
V70	0.57423	0.13059	0.18476	0.11042
V71	0.16497	0.05375	0.40988	0.37139
V72	0.60909	0.13787	0.09604	0.15701
V73	0.15029	0.63061	0.1418	0.0773
V74	0.05817	0.21691	0.72393	0.00099
V75	0.72581	0.00872	0.18889	0.07658
V76	6e-04	0.15726	0.20243	0.63972
V77	0.03658	0.29134	0.01279	0.65929
V78	0.32112	0.09401	0.20136	0.38351
V79	0.0072	0.0867	0.82856	0.07755
V80	0.35571	0.02129	0.54927	0.07373
V81	0.05608	0.15386	0.78387	0.00619
V82	0.00254	0.08337	0.90564	0.00845
V83	0.13588	0.16089	0.08222	0.62101
V84	0.41456	0.03383	0.17293	0.37867
V85	0.10654	0.29596	0.43702	0.16048
V86	0.04517	0.05295	0.86636	0.03553
V87	0.03028	0.85899	0.05315	0.05759
V88	0.16767	0.04438	0.29622	0.49173
V89	0.01893	0.0133	0.23065	0.73712
V90	0.02362	0.91058	0.05429	0.01151
V91	0.0309	0.75573	0.18788	0.02549
V92	0.46987	0.02065	0.3923	0.11718
V93	0.89855	0.02024	0	0.08121
V94	0.01421	0.45698	0.02555	0.50326
V95	0.26639	0.43124	0.16507	0.13731
V96	0.07288	0.093	0.03375	0.80037
V97	0.69761	0.09711	0.20079	0.0045
V98	0.69417	0.29497	0	0.01086
V99	0.80613	0.04788	0.14138	0.00461
V100	0.07658	0.04186	0.86101	0.02055
V101	0.02877	0.05464	0.01278	0.90381
V102	0.92789	0.05646	0.00471	0.01095
V103	0.01084	0.04455	0.11173	0.83288
V104	0.02727	0.95876	0.00823	0.00574
V105	0.05476	0.92478	0.01509	0.00538
V106	0.11695	0.51513	0.33423	0.03369
V107	0.18771	0.17969	0.5905	0.0421
V108	0.14971	0.75861	0.09156	0.00011
V109	0.01319	0.13542	0.63425	0.21714
V110	0.05152	0.89345	0.03677	0.01826
V111	0.9158	0.01407	0.06509	0.00504
V112	0.12849	0.04698	0.46772	0.35681
V113	0.19431	0.08721	0.19639	0.52208
V114	0.25517	0.0367	0.08976	0.61836
V115	0.00687	0.76365	0.2242	0.00528
V116	0.14239	0.29527	0.40154	0.16081
V117	0.69633	0.2405	0.03222	0.03094
V118	0.16366	0.59424	0.03675	0.20534
V119	0.11647	0.068	0.05863	0.7569
V120	0.07699	0.07059	0.83939	0.01304
V121	0.63054	0.10944	0.09521	0.16481
V122	0.95719	0.01977	0.01187	0.01117
V123	0.00588	0.5255	0.05015	0.41847
V124	0.67314	0.28073	0	0.04613
V125	0.39919	0.40889	0.17466	0.01726
V126	0.0378	0.14049	0.0599	0.76181
V127	0.1677	0.03648	0.28448	0.51134
V128	0.03311	0.01371	0.13178	0.8214
V129	0.60249	0.21437	0.15919	0.02396
V130	0.00685	0.66167	0.32611	0.00538
V131	0.02352	0.91011	0.00108	0.06529
V132	0.94096	0.01687	0.02509	0.01709
V133	0.91738	0.02411	0.04793	0.01058
V134	0.10785	0.39052	0.14077	0.36086
V135	0.07924	0.01679	0.20398	0.69999
V136	0.25177	0.4018	0.01358	0.33285
V137	0.67078	0.03271	0.24254	0.05397
V138	0.21856	0.39869	0.19086	0.19189
V139	0.37425	0.18463	0.20984	0.23128
V140	0.03027	0.08556	0.06438	0.8198
V141	0.06104	0.13338	0.58507	0.22051
V142	0.78632	0.0197	0.19373	0.00025
V143	0.45815	0.24603	0.07151	0.2243
V144	0.17134	0.13584	0.18615	0.50667
V145	0.00055	0.77086	0.22318	0.00542
V146	0.0629	0.01639	0.04398	0.87673
V147	0.9253	0.02745	0.017	0.03026
V148	0.12719	0.06126	0.6175	0.19404
V149	0.26604	0.51319	0.21613	0.00465
V150	0.08331	0.22238	0.6248	0.06951
V151	0.20798	0.64345	0.03536	0.1132
V152	0.23951	0.44438	0.22865	0.08746
V153	0.1022	0.77601	0.01981	0.10198
V154	0.24701	0.45223	0.27548	0.02528
V155	0.49838	0.12517	0.29281	0.08365
V156	0.03138	0.12196	0.73174	0.11492
V157	0.31821	0.13612	0.33656	0.2091
V158	0.02877	0.00474	0.0518	0.91469
V159	0.89635	0.06606	0	0.0376
V160	0.71731	0.0092	0.06503	0.20847
V161	0.22337	0.00955	0.03987	0.72721
V162	0.06446	0.29749	0.09154	0.54652
V163	0.0947	0.4998	0.18076	0.22474
V164	0.35856	0.29721	0.11381	0.23041
V165	0.00988	0.27707	0.00712	0.70593
V166	0.0093	0.09704	0.08547	0.80819
V167	0.37177	0.00386	0.01246	0.61191
V168	0.291	0.57996	0.07976	0.04928
V169	0.19719	0.04765	0.04645	0.70871
V170	0.10467	0.02214	0.5589	0.31429
V171	0.12912	0.2254	0.61116	0.03432
V172	0.71853	0.01673	0.25978	0.00495
V173	0.02786	0.14335	0.05149	0.7773
V174	0.0166	0.16088	0.08884	0.73369
V175	0.06179	0.02741	0.80006	0.11075
V176	0.00692	0.8228	0.16502	0.00525
V177	0.01001	0.97592	0.00136	0.01271
V178	0.00582	0.79171	0.00762	0.19485
V179	0.16266	0.01337	0.4125	0.41146
V180	0.02816	0.89491	0.07682	0.00011
V181	0.16444	0.11359	0.57612	0.14585
V182	0.30909	0.16428	0.47645	0.05018
V183	0.17938	0.80903	0.00648	0.00511
V184	0.96498	0.02196	0.01285	0.00021
V185	0.57322	0.41042	0.0117	0.00466
V186	0.11783	0.48563	0.27848	0.11806
V187	0.94715	0.0209	0.0268	0.00515
V188	0.05885	0.23861	0.00648	0.69605
V189	0.83682	0.02232	0.01689	0.12396
V190	0.66228	0.02306	0.30975	0.00491
V191	0.18793	0.19121	0.58696	0.03391
V192	0.3126	0.4695	0.05323	0.16467
V193	0.62463	0.03085	0.23842	0.10611
V194	0.03378	0.94039	0.00701	0.01882
V195	0.01442	0.05704	0.91988	0.00867
V196	0.015	0.08579	0.02348	0.87573
V197	0.43455	0.04224	0.0304	0.49281
V198	0.06122	0.50579	0.38199	0.051
V199	0.16894	0.02195	0.19702	0.61209
V200	0.12809	0.58303	0.02099	0.26789
V201	0.09386	0.56896	0.19954	0.13765
V202	0.01545	0.0317	0.79605	0.1568
V203	0.1634	0.42436	0.39421	0.01803
V204	0.00627	0.55536	0.00986	0.4285
V205	0.01943	0.07086	0.8955	0.01421
V206	0.04791	0.10188	0.84347	0.00674
V207	0.13551	0.18333	0.06264	0.61852
V208	0.25276	0.0679	0.6676	0.01173
V209	0.31272	0.47055	0.07178	0.14496
V210	0.08089	0.78848	0.0895	0.04113
V211	0.4429	0.01384	0.03955	0.50371
V212	0.51724	0.04147	0.4239	0.01738
V213	0.66428	0.02757	0.11157	0.19658
V214	0.34831	0.14302	0.17842	0.33024
V215	0.30559	0.08775	0.02483	0.58183
V216	0.05056	0.00369	0.04262	0.90312
V217	0.03985	0.49896	0.24793	0.21326
V218	0.09532	0.45141	0.1826	0.27066
V219	0.10395	0.66001	0.01348	0.22256
V220	0.00593	0.85116	0.00701	0.1359
V221	0.82857	0.01132	0.00506	0.15505
V222	0.32838	0.1177	0.38885	0.16507
V223	0.00678	0.12959	0.79473	0.0689
V224	0.95362	0.0206	0.02558	2e-04
V225	0.05319	0.88678	0.05497	0.00506
V226	0.31131	0.08132	0.59602	0.01136
V227	0.79267	0.01293	0.18386	0.01054
V228	0.80046	0.05943	0.06328	0.07683
V229	0.02036	0.04859	0.90942	0.02164
V230	0.01992	0.03944	0.04032	0.90032
V231	0.01408	0.27454	0.12422	0.58716
V232	0.04171	0.67785	0.0022	0.27824
V233	0.5932	0.07597	0.20351	0.12731
V234	0.03343	0.92537	0.02962	0.01158
V235	0.38227	0.0591	0.53342	0.02521
V236	0.04233	0.06777	0.82145	0.06844
V237	0.16732	0.01071	0.04299	0.77898
V238	0.12813	0.56132	0.26864	0.04191
V239	0.0644	0.41119	0.0246	0.49981
V240	0.49993	0.03834	0.4221	0.03963
V241	0.01832	0.03518	0.88644	0.06005
V242	0.12517	0.77517	0.08876	0.0109
V243	0.24109	0.04345	0.64887	0.0666
V244	0.20369	0.02303	0.69881	0.07447
V245	0.61981	0.28429	0.04897	0.04693
V246	0.05397	0.14568	0.78072	0.01963
V247	0.16858	0.04812	0.78216	0.00114
V248	0.02531	0.03814	0.06382	0.87273
V249	0.00153	0.05648	0.88168	0.0603
V250	0.76843	0.01527	0.21144	0.00487
V251	0.93691	0.05264	0.00523	0.00522
V252	0.01015	0.84256	0.14708	0.00021
V253	0.38057	0.05789	0.17547	0.38607
V254	0.00782	0.93821	0.04855	0.00542
V255	0.0425	0.923	0.00102	0.03348
V256	0.17692	0.19719	0.54735	0.07854
V257	0.44381	0.08502	0.2478	0.22337
V258	0.17922	0.24839	0.45425	0.11814
V259	0.0321	0.2824	0.65093	0.03457
V260	0.00146	0.2854	0.70676	0.00637
V261	0.63938	0.02912	0.19865	0.13285
V262	0.09873	0.05711	0.02628	0.81789
V263	0.01704	0.96247	0.00116	0.01932
V264	0.16291	0.03186	0.46347	0.34176
V265	0.03299	0.00647	0.16211	0.79843
V266	0.64171	0.35157	0.00669	4e-05
V267	0.00034	0.16257	0.31277	0.52431
V268	0.39922	0.01984	0.15264	0.42831
V269	0.0058	0.55778	0.39438	0.04204
V270	0.66131	0.02515	0.24333	0.07021
V271	0.82516	0.05934	0.03102	0.08448
V272	0.05019	0.84491	0.01299	0.09191
V273	0.0595	0.02584	0.0512	0.86345
V274	0.71884	0.00799	0.18003	0.09313
V275	0.00281	0.06259	0.92526	0.00934
V276	0.52483	0.32775	0.01091	0.13651
V277	0.03276	0.19506	0.17907	0.59311
V278	0.03321	0.049	0.32306	0.59473
V279	0.7175	0.0504	0.10964	0.12245
V280	0.02877	0.00474	0.0518	0.91469
V281	0.56708	0.02644	0.14448	0.262
V282	0.05284	0.06962	0.82629	0.05125
V283	0.21101	0.59185	0.06283	0.1343
V284	0.02481	0.91413	0.05583	0.00523
V285	0.07889	0.04712	0.8725	0.00149
V286	0.24784	0.55516	0.11082	0.08619
V287	0.09239	0.8761	0.01319	0.01831
V288	0.01292	0.25891	0.4621	0.26606
V289	0.28751	0.20353	0.44039	0.06858
V290	0.81714	0.16969	0.01312	5e-05
V291	0.49623	0.06664	0.42641	0.01072
V292	0.93847	0.01716	0	0.04438
V293	0.29387	0.02746	0.64544	0.03323
V294	0.08779	0.37578	0.00426	0.53217
V295	0.0144	0.16424	0.21269	0.60866
V296	0.17468	0.10956	0.63834	0.07743
V297	0.07788	0.00425	0.09009	0.82778
V298	0.30072	0.09799	0.58998	0.01131
V299	0.06688	0.2784	0.01917	0.63555
V300	0.00102	0.03409	0.26001	0.70488
V301	0.1159	0.10014	0.67869	0.10527
V302	0.65324	0.33584	0	0.01091
V303	0.00042	0.59808	0.37547	0.02603
V304	0.05108	0.0325	0.76696	0.14946
V305	0.1178	0.14056	0.49761	0.24402
V306	0.82927	0.08632	0.04686	0.03754
V307	0.01597	0.9569	0.01512	0.01201
V308	0.23253	0.21085	0.32088	0.23574
V309	0.3422	0.30654	0.02844	0.32282
V310	0.07401	0.30736	0.1646	0.45403
V311	0.51712	0.47265	0.00546	0.00477
V312	0.09277	0.75202	0.13727	0.01794
V313	0.00088	0.12187	0.03086	0.84639
V314	0.01312	0.48238	0.11922	0.38528
V315	0.11593	0.64247	0.03708	0.20452
V316	0.31461	0.11846	0.41142	0.1555
V317	0.08132	0.72055	0.04551	0.15262
V318	0.03191	0.57073	0.01563	0.38173
V319	0.05481	0.06749	0.85009	0.02761
V320	0.0717	0.12899	0.68366	0.11565
V321	0.6319	0.36142	0.00667	1e-05
V322	0.19486	0.31492	0.07783	0.41239
V323	0.05346	0.02162	0.10757	0.81735
V324	0.67385	0.24358	0.06588	0.01669
V325	0.30415	0.63887	0.05232	0.00466
V326	0.00012	0.57151	0.09614	0.33223
V327	0.01624	0.13726	0.11929	0.72721
V328	0.04154	0.03269	0.76734	0.15844
V329	0.17111	0.09708	0.18651	0.5453
V330	0.39063	0.01199	0.35133	0.24605
V331	0.35565	0.07597	0.04876	0.51961
V332	0.00845	0.04556	0.20901	0.73699
V333	0.43078	0.0647	0.40301	0.10151
V334	0.35344	0.01264	0.37635	0.25757
V335	0.0215	0.32081	0.54061	0.11708
V336	0.17013	0.71739	0.01932	0.09317
V337	0.28302	0.39501	0.29677	0.0252
V338	0.00048	0.98339	0.00993	0.0062
V339	0.1228	0.03803	0.83211	0.00706
V340	0.05075	0.2068	0.56333	0.17912
V341	0.02385	0.0352	0.08253	0.85842
V342	0.2382	0.01889	0.62441	0.11851
V343	0.95854	0.03039	0.00566	0.00541
V344	0.6778	0.14789	0.17419	0.00013
V345	0.02158	0.07115	0.90566	0.00161
V346	0.23032	0.09623	0.3082	0.36525
V347	0.04212	0.01243	0.14872	0.79673
V348	0.0495	0.67185	0.14359	0.13506
V349	0.35152	0.1485	0.40426	0.09572
V350	0.02705	0.80669	0.16606	2e-04
V351	0.01505	0.02972	0.42908	0.52614
V352	0.04399	0.0354	0.85267	0.06794
V353	0.8923	0.02496	0.0311	0.05163
V354	0.04038	0.70588	0.22041	0.03333
V355	0.27301	0.06498	0.48879	0.17322
V356	0.03244	0.02335	0.1202	0.82401
V357	0.10767	0.31825	0.30118	0.2729
V358	0.56172	0.09143	0.05164	0.29521
V359	0.588	0.04832	0.03485	0.32883
V360	0.54971	0.42146	0.01835	0.01048
V361	0.00088	0.44966	0.54361	0.00585
V362	0.00049	0.97591	0.01759	0.00601
V363	0.16546	0.10098	0.50338	0.23019
V364	0.14928	0.05989	0.70537	0.08546
V365	0.26907	0.02425	0.02036	0.68633
V366	0.07053	0.70256	0.08261	0.1443
V367	0.58818	0.12765	0.0058	0.27837
V368	0.08084	0.75265	0.08128	0.08523
V369	0.0155	0.39772	0.58118	0.00561
V370	0.29611	0.2615	0.41697	0.02542
V371	0.18067	0.73486	0.02703	0.05744
V372	0.15893	0.04554	0.13455	0.66099
V373	0.07193	0.12112	0.50967	0.29728
V374	0.77042	0.02551	0.20386	2e-04
V375	0.03865	0.03606	0.16489	0.76039
V376	0.03156	0.03143	0.11842	0.8186
V377	0.80119	0.00586	0.01144	0.18151
V378	0.00709	0.03092	0.43886	0.52313
V379	0.34189	0.18506	0.01467	0.45838
V380	0.1453	0.06149	0.2203	0.57291
V381	0.74927	0.0154	0.09009	0.14524
V382	0.07941	0.05441	0.85905	0.00712
V383	0.84402	0.0111	0.04638	0.0985
V384	0.57404	0.06549	0.13529	0.22518
V385	0.86703	0.01898	0.06989	0.04411
V386	0.30091	0.01399	0.15762	0.52747
V387	0.60351	0.13172	0.19189	0.07289
V388	0.38145	0.32025	0.1526	0.1457
V389	0.41567	0.51663	0.01124	0.05646
V390	0.29129	0.24663	0.45715	0.00493
V391	0.42657	0.09364	0.02186	0.45793
V392	0.43647	0.2043	0.1733	0.18594
V393	0.28044	0.21101	0.37076	0.13778
V394	0.08685	0.21701	0.12344	0.5727
V395	0.21846	0.38749	0.21295	0.18111
V396	0.00776	0.96526	0.00786	0.01912
V397	0.79264	0.07943	0.09751	0.03043
V398	0.459	0.1208	0.10111	0.31908
V399	0.18813	0.56203	0.15308	0.09676
V400	0.00019	0.59337	0.06681	0.33963
V401	0.03176	0.14566	0.75369	0.06889
V402	0.78892	0.17631	0.03474	3e-05
V403	0.02443	0.02667	0.09395	0.85494
V404	0.08288	0.17933	0.65011	0.08768
V405	0.21673	0.02847	0.1837	0.5711
V406	0.65641	0.23774	0.01713	0.08872
V407	0.00048	0.98339	0.00993	0.0062
V408	0.08379	0.22549	0.43204	0.25868
V409	0.00145	0.03748	0.05183	0.90924
V410	0.08175	0.87167	0.02843	0.01815
V411	0.4496	0.01132	0.00436	0.53473
V412	0.15193	0.06636	0.53247	0.24924
V413	0.05032	0.48756	0.19341	0.26871
V414	0.03035	0.50745	0.34515	0.11706
V415	0.44938	0.02698	0.24361	0.28004
V416	0.01612	0.10334	0.87911	0.00144
V417	0.37692	0.61245	0.00575	0.00488
V418	0.06656	0.09163	0.15951	0.68231
V419	0.0257	0.00576	0.06082	0.90772
V420	0.00017	0.90405	0.01379	0.08199
V421	0.14882	0.04289	0.70526	0.10303
V422	0.04812	0.06786	0.02081	0.8632
V423	0.07658	0.04186	0.86101	0.02055
V424	0.00078	0.05039	0.65015	0.29869
V425	0.05091	0.22111	0.62999	0.09799
V426	0.08398	0.05128	0.80545	0.05928
V427	0.06158	0.39131	0.20789	0.33922
V428	0.081	0.78993	0.05334	0.07572
V429	0.02299	0.00599	0.06936	0.90166
V430	0.76457	0.15724	0.01674	0.06145
V431	0.1743	0.02526	0.48281	0.31763
V432	0.10399	0.08664	0.05831	0.75106
V433	0.05123	0.75129	0.00155	0.19593
V434	0.34266	0.06688	0.05815	0.53232
V435	0.51787	0.01309	0.12695	0.34209
V436	0.38605	0.01342	0.12315	0.47737
V437	0.23001	0.22346	0.00932	0.53721
V438	0.62887	0.1458	0.03342	0.19191
V439	0.03462	0.10507	0.01942	0.84089
V440	0.49362	0.03379	0.03741	0.43518
V441	0.06081	0.11515	0.63787	0.18616
V442	0.32015	0.3342	0.14526	0.20039
V443	0.75602	0.01011	0.08975	0.14412
V444	0.02158	0.07115	0.90566	0.00161
V445	0.61469	0.02485	0.33647	0.02399
V446	0.03011	0.85022	0.0533	0.06638
V447	0.6463	0.08473	0.17932	0.08965
V448	0.01628	0.05973	0.21675	0.70725
V449	0.56915	0.03922	0.30221	0.08942
V450	0.14065	0.84311	0.01624	0
V451	0.92644	0.05608	0	0.01749
V452	0.03623	0.01516	0.09477	0.85383
V453	0.82261	0.06905	0.06323	0.0451
V454	0.00028	0.94022	0.04761	0.01189
V455	0.60615	0.03412	0.30523	0.0545
V456	0.32647	0.10884	0.4098	0.15488
V457	0.00131	0.05616	0.03523	0.9073
V458	0.26613	0.22156	0.00886	0.50344
V459	0.01296	0.81233	0.09049	0.08422
V460	0.94491	0.01848	0.02573	0.01087
V461	0.06338	0.03893	0.02244	0.87525
V462	0.35097	0.23908	0.00245	0.4075
V463	0.25169	0.47773	0.16381	0.10677
V464	0.51777	0.09282	0.00695	0.38246
V465	0.40684	0.42604	0.02625	0.14088
V466	0.59851	0.17632	0.00534	0.21983
V467	0.31311	0.57551	0.07889	0.03249
V468	0.50601	0.39634	0.04996	0.04769
V469	0.01371	0.16158	0.31396	0.51075
V470	0.56377	0.11182	0.18553	0.13888
V471	0.26856	0.09742	0.04242	0.5916
V472	0.3244	0.32769	0.00199	0.34592
V473	0.09437	0.54782	0.33963	0.01817
V474	0.11763	0.0043	0.12177	0.7563
V475	0.18143	0.39863	0.08637	0.33357
V476	0.16349	0.01758	0.06852	0.75041
V477	0.60929	0.03567	0.21112	0.14392
V478	0.12748	0.60148	0.00699	0.26406
V479	0.01463	0.08561	0.82219	0.07758
V480	0.07612	0.30923	0.0527	0.56196
V481	0.14072	0.03979	0.80653	0.01296
V482	0.70799	0.15181	0.10925	0.03095
V483	0.1246	0.10091	0.08458	0.68992
V484	0.0236	0.07604	0.0401	0.86027
V485	0.11345	0.75328	0.0126	0.12068
V486	0.27229	0.25381	0.13838	0.33551
V487	0.0714	0.04376	0.10169	0.78314
V488	0.00401	0.03594	0.86642	0.09363
V489	0.20883	0.10256	0.67686	0.01174
V490	0.34541	0.30769	0.07392	0.27298
V491	0.44575	0.46389	0.0338	0.05656
V492	0.02386	0.84367	0.12738	0.00509
V493	0.05259	0.00429	0.01451	0.92861
V494	0.18925	0.14328	0.55114	0.11633
V495	0.2184	0.62717	0.13682	0.0176
V496	0.26773	0.69156	0.00031	0.0404
V497	0.01623	0.04623	0.92844	0.0091
V498	0.31887	0.09503	0.05861	0.52749
V499	0.61494	0.26033	0.1203	0.00443
V500	0.09522	0.11924	0.75099	0.03455
V501	0.00329	0.0103	0.0801	0.90631
V502	0.55683	0.26827	0.15083	0.02407
V503	0.19391	0.08713	0.21899	0.49997
V504	0.22525	0.70575	0.01191	0.05709
V505	0.19505	0.20005	0.27702	0.32788
V506	0.08326	0.23786	0.48692	0.19195
V507	0.62964	0.09176	0.12328	0.15532
V508	0.76337	0.15906	0.03952	0.03805
V509	0.22365	0.05843	0.53421	0.1837
V510	0.22015	0.51662	0.2585	0.00472
V511	0.04193	0.42383	0.05119	0.48305
V512	0.24335	0.04474	0.09007	0.62183
V513	0.07135	0.655	0.21426	0.0594
V514	0.0193	0.08428	0.01218	0.88424
V515	0.78399	0.05767	0.04733	0.111
V516	0.89862	0.09605	0	0.00533
V517	0.03526	0.02704	0.27886	0.65885
V518	0.9459	0.0485	0	0.0056
V519	0.02215	0.88024	0.00662	0.09099
V520	0.02389	0.0183	0.64254	0.31527
V521	0.56593	0.04598	0.36388	0.02421
V522	0.0059	0.11545	0.61114	0.26751
V523	0.35693	0.11509	0.27714	0.25083
V524	0.00584	0.782	0.18665	0.02551
V525	0.25573	0.19945	0.03184	0.51297
V526	0.66069	0.07341	0.0757	0.1902
V527	0.19925	0.02409	0.42549	0.35117
V528	0.0919	0.86642	0.00075	0.04094
V529	0.0552	0.05641	0.24617	0.64223
V530	0.00607	0.19342	0.70382	0.09669
V531	0.01873	0.86964	0.11149	0.00013
V532	0.16933	0.32608	0.03173	0.47286
V533	0.28269	0.3483	0.14663	0.22238
V534	0.00756	0.02821	0.73028	0.23395
V535	0.5606	0.00385	0.015	0.42055
V536	0.18503	0.00923	0.39721	0.40854
V537	0.59241	0.24869	0.1487	0.0102
V538	0.46534	0.04872	0.09147	0.39447
V539	0.26639	0.43124	0.16507	0.13731
V540	0.19293	0.70394	0.07041	0.03272
V541	0.01349	0.5169	0.06839	0.40121
V542	0.19404	0.11579	0.27587	0.4143
V543	0.8872	0.0129	0.01055	0.08935
V544	0.09925	0.07995	0.18978	0.63103
V545	0.37123	0.13197	0.07535	0.42145
V546	0.04332	0.88798	0.06363	0.00507
V547	0.03228	0.6458	0.31058	0.01134
V548	0.14767	0.76749	0.08007	0.00477
V549	0.31918	0.04302	0.62624	0.01156
V550	0.59609	0.02894	0.00208	0.3729
V551	0.16917	0.74667	0.03522	0.04894
V552	0.00027	0.54337	0.01043	0.44594
V553	0.22199	0.14426	0.61541	0.01834
V554	0.05322	0.08716	0.03563	0.82399
V555	0.0845	0.21371	0.36241	0.33938
V556	0.00206	0.05793	0.91052	0.02949
V557	0.82767	0.02923	0.01037	0.13272
V558	0.05994	0.80062	0.02809	0.11135
V559	0.00997	0.80527	0.18453	0.00023
V560	0.67661	0.31838	0	0.00501
V561	0.00281	0.06259	0.92526	0.00934
V562	0.79008	0.01198	0.11401	0.08393
V563	0.24068	0.03186	0.72125	0.00621
V564	0.05606	0.08794	0.84292	0.01308
V565	0.11933	0.24777	0.4068	0.22609
V566	0.71151	0.09095	0.00491	0.19262
V567	0.21564	0.45216	0.02891	0.30329
V568	0.24432	0.00873	0.06442	0.68252
V569	0.68939	0.02911	0.00121	0.28029
V570	0.02216	0.27955	0.63807	0.06022
V571	0.82493	0.12249	0	0.05258
V572	0.44063	0.01784	0.4519	0.08963
V573	0.06025	0.17525	0.01474	0.74976
V574	0.03172	0.79118	0.1659	0.01119
V575	0.0173	0.08063	0.14372	0.75835
V576	0.14556	0.80731	0.03613	0.01101
V577	0.03532	0.04212	0.2367	0.68586
V578	0.05025	0.06559	0.7123	0.17186
V579	0.00636	0.88562	0.08961	0.01841
V580	0.14877	0.00923	0.12742	0.71459
V581	0.06901	0.08435	0.00997	0.83667
V582	0.59486	0.13712	0.03402	0.23401
V583	0.00652	0.0473	0.62337	0.32281
V584	0.52562	0.14761	0.29483	0.03194
V585	0.00804	0.01988	0.47801	0.49407
V586	0.22752	0.02492	0.66432	0.08324
V587	0.26059	0.02999	0.68337	0.02605
V588	0.64003	0.04074	0.02632	0.29291
V589	0.04945	0.8306	0.06215	0.0578
V590	0.04319	0.76647	0.18534	0.00501
V591	0.00104	0.04077	0.23035	0.72784
V592	0.15761	0.06145	0.77985	0.00109
V593	0.58952	0.0058	0.18915	0.21553
V594	0.33546	0.28015	0.34309	0.04131
V595	0.03196	0.03501	0.03738	0.89564
V596	0.03131	0.27168	0.24447	0.45254
V597	0.00031	0.57904	0.34364	0.07701
V598	0.01743	0.12756	0.8417	0.01331
V599	0.62812	0.31553	0.03255	0.02381
V600	0.35869	0.47617	0.05228	0.11286
V601	0.15883	0.26905	0.08918	0.48294
V602	0.03445	0.03868	0.02774	0.89913
V603	0.00707	0.3791	0.0197	0.59413
V604	0.52054	0.11177	0.34331	0.02438
V605	0.06112	0.31895	0.42745	0.19248
V606	0.74011	0.14623	0.01015	0.10351
V607	0.66055	0.01376	0.11135	0.21435
V608	0.21719	0.14842	0.4122	0.2222
V609	0.02219	0.2263	0.25664	0.49488
V610	0.77836	0.02248	0.08917	0.10998
V611	0.29106	0.00819	0.0624	0.63834
V612	0.02364	0.09486	0.82155	0.05995
V613	0.03189	0.32607	0.60758	0.03446
V614	0.7749	0.05749	0.0474	0.1202
V615	0.13399	0.05521	0.01628	0.79453
V616	0.07068	0.7214	0.04567	0.16225
V617	0.47058	0.1641	0.36499	0.00033
V618	0.73345	0.01103	0.00102	0.25449
V619	0.38417	0.03007	0.33486	0.2509
V620	0.00685	0.66167	0.32611	0.00538
V621	0.43592	0.14208	0.184	0.238
V622	0.35681	0.21583	0.40222	0.02514
V623	0.01719	0.07042	0.16493	0.74746
V624	0.78841	0.19441	0	0.01717
V625	0.26381	0.49846	0.10196	0.13577
V626	0.95259	0.03589	0	0.01152
V627	0.00136	0.03362	0.10084	0.86418
V628	0.00084	0.23476	0.02406	0.74034
V629	0.11991	0.28239	0.30185	0.29585
V630	0.03166	0.32519	0.6006	0.04256
V631	0.01539	0.18997	0.11699	0.67764
V632	0.59064	0.00446	0.14133	0.26357
V633	0.0012	0.04972	0.83776	0.11132
V634	0.3978	0.26088	0.33665	0.00467
V635	0.02197	0.77437	0.00726	0.1964
V636	0.11614	0.09915	0.66961	0.11511
V637	0.31017	0.18558	0.09632	0.40793
V638	0.38486	0.24878	0.07359	0.29277
V639	0.26662	0.42696	0.30612	3e-04
V640	0.03267	0.15055	0.77378	0.04299
V641	0.89265	0.03943	0.02358	0.04434
V642	0.77176	0.16749	0	0.06075
V643	0.00547	0.17274	0.48384	0.33795
V644	0.90409	0.08041	0.00466	0.01084
V645	0.2585	0.40752	0.31628	0.01769
V646	0.0094	0.97551	0.0091	0.006
V647	0.13875	0.0878	0.72284	0.05061
V648	0.41175	0.42857	0.13514	0.02453
V649	0.02449	0.07228	0.85152	0.0517
V650	0.0517	0.09172	0.79687	0.05972
V651	0.30439	0.02911	0.66057	0.00593
V652	0.08305	0.08224	0.47336	0.36135
V653	0.11488	0.67785	0.10207	0.1052
V654	0.70849	0.18835	0.05664	0.04652
V655	0.03156	0.58347	0.02317	0.3618
V656	0.20568	0.26843	0.01596	0.50992
V657	0.02645	0.0818	0.02207	0.86968
V658	0.61701	0.19688	0.0586	0.12752
V659	0.32694	0.0793	0.38845	0.20531
V660	0.02612	0.95354	0.00113	0.01921
V661	0.05198	0.42441	0.05992	0.46369
V662	0.40716	0.02358	0.47839	0.09087
V663	0.23363	0.07042	0.59177	0.10418
V664	0.19594	0.07081	0.69149	0.04176
V665	0.70417	0.17601	0.03997	0.07985
V666	0.59002	0.00405	0.10405	0.30187
V667	0.76087	0.07708	0.16191	0.00013
V668	0.11707	0.7995	0.08334	1e-04
V669	0.22834	0.40987	0.264	0.09779
V670	0.07368	0.90664	0.00092	0.01875
V671	0.36605	0.27617	0.27112	0.08666
V672	0.01879	0.05246	0.90009	0.02866
V673	0.23088	0.36305	0.24613	0.15994
V674	0.73454	0.1358	0.01694	0.11273
V675	0.13101	0.31863	0.34545	0.20491
V676	0.02612	0.10668	0.12038	0.74682
V677	0.3877	0.39858	0.09978	0.11394
V678	0.50921	0.47418	0.01195	0.00466
V679	0.04297	0.30979	0.63529	0.01195
V680	0.30164	0.54417	0.13668	0.01751
V681	0.89962	0.06646	0.01036	0.02357
V682	0.1059	0.29087	0.56899	0.03425
V683	0.01378	0.96318	0.02295	9e-05
V684	0.7116	0.15001	0.0919	0.04649
V685	0.50111	0.33471	0.12439	0.03979
V686	0.08689	0.17136	0.16789	0.57387
V687	0.03464	0.02327	0.04031	0.90179
V688	0.37185	0.50906	0.00027	0.11882
V689	0.25668	0.00302	0.05578	0.68452
V690	0.4691	0.04399	0.43094	0.05597
V691	0.15472	0.03627	0.80225	0.00677
V692	0.07244	0.13438	0.7334	0.05978
V693	0.22829	0.09863	0.39851	0.27458
V694	0.00758	0.03038	0.32351	0.63854
V695	0.23898	0.00866	0.17154	0.58082
V696	0.07454	0.08537	0.0255	0.81459
V697	0.01732	0.07115	0.02518	0.88635
V698	0.83066	0.01091	0.01096	0.14747
V699	0.57578	0.27435	0.06747	0.0824
V700	0.23667	0.02682	0.01432	0.72219
V701	0.10575	0.53276	0.1166	0.24489
V702	0.55342	0.07407	0.01301	0.3595
V703	0.12779	0.04888	0.52215	0.30118
V704	0.83277	0.04342	0.02371	0.1001
V705	0.95337	0.01155	0.01131	0.02377
V706	0.07248	0.05712	0.7933	0.0771
V707	0.03138	0.42704	0.50737	0.0342
V708	0.03064	0.88313	0.0204	0.06583
V709	0.12927	0.25372	0.54732	0.06969
V710	0.61659	0.19661	0.05009	0.13671
V711	0.08156	0.8044	0.08877	0.02528
V712	0.82706	0.05226	0.00433	0.11635
V713	0.44126	0.29043	0.03535	0.23295
V714	0.00576	0.68108	0.02237	0.29078
V715	0.30021	0.32602	0.31446	0.05931
V716	0.03491	0.04497	0.06036	0.85976
V717	0.07508	0.91186	0.00099	0.01206
V718	0.14044	0.566	0.18628	0.10728
V719	0.04977	0.72112	0.03748	0.19163
V720	0.70151	0.00987	0.22788	0.06074
V721	0.11786	0.15089	0.50852	0.22273
V722	0.08722	0.34309	0.01756	0.55214
V723	0.10885	0.08359	0.01606	0.79151
V724	0.58913	0.02578	0.08675	0.29834
V725	0.00151	0.10869	0.8615	0.0283
V726	0.03146	0.37812	0.13148	0.45894
V727	0.26054	0.64646	0.08835	0.00465
V728	0.02418	0.88008	0.09059	0.00514
V729	0.41012	0.01375	0.17217	0.40396
V730	0.90287	0.03506	0.03888	0.02319
V731	0.02156	0.18221	0.43005	0.36619
V732	0.3513	0.07019	0.37427	0.20423
V733	0.65778	0.17482	0.03259	0.13481
V734	0.23437	0.30196	0.45871	0.00496
V735	0.01453	0.03048	0.51542	0.43956
V736	0.15176	0.01295	0.0187	0.81659
V737	0.3321	0.27684	0.25377	0.13729
V738	0.0721	0.32049	0.47926	0.12816
V739	0.00079	0.02705	0.62946	0.3427
V740	0.84163	0.08399	0.06416	0.01022
V741	0.49474	0.09231	0.12967	0.28328
V742	0.39685	0.58916	0.01398	1e-05
V743	0.12899	0.14037	0.71171	0.01893
V744	0.52419	0.03952	0.33698	0.09931
V745	0.0128	0.69946	0.18317	0.10456
V746	0.97553	0.01833	4e-05	0.0061
V747	0.0513	0.02205	0.73099	0.19565
V748	0.11634	0.09615	0.62242	0.16508
V749	0.28191	0.16602	0.05857	0.4935
V750	0.41397	0.45657	0.01833	0.11113
V751	0.03975	0.87479	0.03633	0.04913
V752	0.47329	0.21293	0.14017	0.17361
V753	0.0345	0.04301	0.01315	0.90934
V754	0.00755	0.93437	0.00114	0.05694
V755	0.14353	0.17993	0.37232	0.30422
V756	0.02895	0.0188	0.06914	0.88312
V757	0.33358	0.58126	0.06046	0.0247
V758	0.03963	0.77368	0.11936	0.06733
V759	0.11805	0.05509	0.43579	0.39107
V760	0.29089	0.05097	0.30135	0.35679
V761	0.06067	0.57736	0.28369	0.07828
V762	0.00045	0.39017	0.02006	0.58932
V763	0.38936	0.34924	0.02731	0.23409
V764	0.00641	0.92958	0.00713	0.05688
V765	0.67686	0.08374	0.00086	0.23854
V766	0.01287	0.30593	0.46946	0.21174
V767	0.49154	0.11361	0.25421	0.14064
V768	0.05188	0.90878	0.02097	0.01837
V769	0.13486	0.82566	0.02839	0.01109
V770	0.0094	0.97551	0.0091	0.006
V771	0.16289	0.03854	0.78587	0.0127
V772	0.13116	0.06303	0.79943	0.00638
V773	0.15641	0.82607	0.00616	0.01137
V774	0.02076	0.04023	0.90989	0.02912
V775	0.10827	0.03825	0.30974	0.54373
V776	0.43116	0.41478	0.05153	0.10254
V777	0.1711	0.10666	0.15404	0.56821
V778	0.54721	0.26424	0.06854	0.12002
V779	0.1632	0.04111	0.52876	0.26693
V780	0.10726	0.76406	0.12853	0.00014
V781	0.04882	0.03648	0.04189	0.87281
V782	0.00702	0.12231	0.81067	0.06
V783	0.79594	0.02176	0.04727	0.13503
V784	0.1053	0.87536	0.01413	0.00521
V785	0.03306	0.93424	0.01405	0.01865
V786	0.72944	0.15008	0.08223	0.03825
V787	0.00051	0.83915	0.1549	0.00544
V788	0.51594	0.29099	0.15319	0.03988
V789	0.06504	0.36575	0.03385	0.53536
V790	0.45978	0.02633	0.08212	0.43177
V791	0.1303	0.36703	0.35271	0.14996
V792	0.12848	0.54559	0.00736	0.31857
V793	0.11536	0.66436	0.03682	0.18346
V794	0.04199	0.08359	0.80581	0.06862
V795	0.10662	0.04308	0.07046	0.77984
V796	0.02608	0.09683	0.85661	0.02049
V797	0.7547	0.01377	0.22097	0.01056
V798	0.62146	0.2869	0.07493	0.01671
V799	0.12438	0.78199	0.02732	0.0663
V800	0.06116	0.02863	0.55169	0.35852
V801	0.13188	0.10728	0.3595	0.40133
V802	0.03284	0.07341	0.30215	0.5916
V803	0.21894	0.5142	0.2666	0.00026
V804	0.52399	0.02227	0.39057	0.06317
V805	0.02933	0.05278	0.91612	0.00177
V806	0.04111	0.91239	0.01328	0.03322
V807	0.25633	0.14606	0.04171	0.5559
V808	0.66715	0.26162	0.04025	0.03098
V809	0.04581	0.07502	0.87779	0.00138
V810	0.01172	0.98041	0.0015	0.00637
V811	0.43076	0.06671	0.21517	0.28736
V812	0.55821	0.2525	0.05071	0.13858
V813	0.60312	0.18453	0.18835	0.024
V814	0.42906	0.52327	0.0431	0.00457
V815	4e-04	0.91995	0.07422	0.00544
V816	0.91926	0.01862	0.06192	2e-04
V817	0.02739	0.09225	0.86678	0.01358
V818	0.00107	0.06746	0.05707	0.87441
V819	0.83768	0.07797	0.04682	0.03754
V820	0.1278	0.09616	0.03062	0.74542
V821	0.21537	0.30535	0.40999	0.06928
V822	0.06647	0.04896	0.86403	0.02054
V823	0.02218	0.18318	0.70715	0.08748
V824	0.08787	0.375	0.53649	0.00064
V825	0.22062	0.27988	0.27377	0.22573
V826	0.43164	0.40549	0.15249	0.01038
V827	0.37303	0.59071	0.0116	0.02467
V828	0.2203	0.15658	0.11998	0.50314
V829	0.03494	0.24552	0.04659	0.67295
V830	0.21963	0.22273	0.03225	0.52539
V831	0.78292	0.083	0.03132	0.10277
V832	0.26812	0.39568	0.1772	0.159
V833	0.14142	0.50935	0.18974	0.15949
V834	0.29344	0.06738	0.08803	0.55115
V835	0.3593	0.44503	0.11955	0.07612
V836	0.00604	0.68796	0.00861	0.29739
V837	0.21916	0.37501	0.20233	0.2035
V838	0.91976	0.0493	0.02605	0.00489
V839	0.2964	0.6017	0.09727	0.00463
V840	0.28705	0.70526	0.00768	1e-05
V841	0.00159	0.06428	0.88172	0.05241
V842	0.35825	0.15479	0.278	0.20896
V843	0.01623	0.04438	0.87096	0.06843
V844	0.10693	0.08133	0.41529	0.39645
V845	0.06219	0.10747	0.77048	0.05986
V846	0.00112	0.03436	0.77122	0.1933
V847	0.0039	0.00999	0.06021	0.9259
V848	0.08335	0.5117	0.18054	0.22442
V849	0.00029	0.95823	0.00769	0.03379
V850	0.9632	0.01332	0.0122	0.01128
V851	0.33107	0.52342	0.14541	0.00011
V852	0.10184	0.04753	0.14853	0.7021
V853	0.24182	0.21284	0.42787	0.11747
V854	0.60819	0.15801	0.1056	0.1282
V855	0.0039	0.00999	0.06021	0.9259
V856	0.03994	0.34321	0.38113	0.23572
V857	0.68732	0.16529	0.03224	0.11515
V858	0.54802	0.02577	0.42104	0.00517
V859	0.66728	0.22698	0.01713	0.08861
V860	0.18441	0.10891	0.06301	0.64366
V861	0.08496	0.35052	0.55297	0.01155
V862	0.12741	0.08957	0.7407	0.04232
V863	0.20047	0.06135	0.00709	0.73109
V864	0.06468	0.03941	0.06525	0.83066
V865	0.10879	0.01131	0.29555	0.58435
V866	0.71975	0.02543	0.24431	0.01052
V867	0.71664	0.03455	0.24409	0.00472
V868	0.5231	0.26731	0.13518	0.07441
V869	0.01827	0.96721	0.00867	0.00585
V870	0.0984	0.3418	0.02487	0.53493
V871	0.00029	0.95823	0.00769	0.03379
V872	0.0085	0.02314	0.28082	0.68754
V873	0.88967	0.03394	0.04637	0.03002
V874	0.19282	0.77637	0.03077	4e-05
V875	0.01412	0.18465	0.22387	0.57735
V876	0.15337	0.31942	0.43853	0.08868
V877	0.04022	0.39067	0.32193	0.24718
V878	0.12786	0.80637	0.0657	7e-05
V879	0.18278	0.69784	0.04392	0.07546
V880	0.30235	0.55215	0.00548	0.14001
V881	0.13781	0.04605	0.63425	0.18188
V882	0.80306	0.00787	0.1219	0.06718
V883	0.27787	0.20183	0.51968	0.00062
V884	0.01877	0.28552	0.00679	0.68892
V885	0.70281	0.2127	0.08445	4e-05
V886	0.01284	0.35394	0.49652	0.13671
V887	0.64674	0.05896	0.15993	0.13437
V888	0.09365	0.05528	0.76509	0.08599
V889	0.91338	0.05223	0.01741	0.01699
V890	0.03058	0.13686	0.65737	0.17518
V891	0.62744	0.04955	0.28413	0.03888
V892	0.28004	0.1781	0.01593	0.52593
V893	0.5899	0.2018	0.15214	0.05616
V894	0.06232	0.30324	0.60007	0.03437
V895	0.60243	0.05928	0.20265	0.13564
V896	0.03378	0.94039	0.00701	0.01882
V897	0.69347	0.24825	0.00422	0.05407
V898	0.47138	0.00406	0.01033	0.51423
V899	0.02391	0.18503	0.1586	0.63246
V900	0.07266	0.28304	0.3959	0.24841
V901	0.03072	0.84426	0.00643	0.11859
V902	0.04363	0.90424	0.04697	0.00516
V903	0.00601	0.41378	0.53778	0.04243
V904	0.01994	0.9724	0.00138	0.00627
V905	0.14493	0.00507	0.1989	0.6511
V906	0.40784	0.08355	0.11306	0.39556
V907	0.4277	0.50596	0.01821	0.04813
V908	0.01109	0.05429	0.09119	0.84343
V909	0.12334	0.81059	0.00071	0.06536
V910	0.15928	0.00426	0.13769	0.69877
V911	0.5181	0.38435	0.0331	0.06445
V912	0.39337	0.31912	0.13202	0.1555
V913	0.12382	0.00296	0.02228	0.85095
V914	0.1751	0.49078	0.30064	0.03348
V915	0.22852	0.00312	0.01669	0.75167
V916	0.24166	0.0611	0.65581	0.04143
V917	0.72008	0.03014	0.16339	0.08639
V918	0.03978	0.6354	0.23797	0.08686
V919	0.19476	0.22222	0.3228	0.26023
V920	0.62634	0.18818	0.09474	0.09073
V921	0.02757	0.16408	0.04149	0.76686
V922	0.0941	0.46028	0.40341	0.04221
V923	0.07809	0.02232	0.05738	0.8422
V924	0.03123	0.67138	0.27168	0.02571
V925	0.17793	0.03543	0.02326	0.76338
V926	0.1986	0.02514	0.03953	0.73673
V927	0.0235	0.04612	0.071	0.85938
V928	0.04079	0.8959	0.00639	0.05692
V929	0.0497	0.64966	0.13439	0.16626
V930	0.51242	0.36293	0.03332	0.09133
V931	0.12947	0.26463	0.53621	0.06969
V932	0.03046	0.10628	0.64641	0.21685
V933	0.5895	0.38868	0.01124	0.01058
V934	0.00642	0.14184	0.30324	0.54849
V935	0.5688	0.15271	0.2136	0.06489
V936	0.53316	0.26265	0.0183	0.18588
V937	0.55376	0.11932	0.08849	0.23844
V938	0.37468	0.0442	0.32714	0.25398
V939	0.76078	0.02124	0.07265	0.14533
V940	0.0217	0.79824	0.14678	0.03328
V941	0.00351	0.05183	0.93465	0.01001
V942	0.73612	0.1822	0.06512	0.01656
V943	0.39269	0.12279	0.43512	0.0494
V944	0.01515	0.26705	0.07454	0.64326
V945	0.56165	0.34693	0.01053	0.08089
V946	0.45646	0.25233	0.25888	0.03234
V947	0.07615	0.04733	0.25585	0.62067
V948	0.33148	0.04058	0.60965	0.01828
V949	0.00053	0.10669	0.22647	0.66631
V950	0.05034	0.53444	0.22443	0.19079
V951	0.81982	0.02607	0.14938	0.00473
V952	0.06355	0.11878	0.29223	0.52544
V953	0.01743	0.07214	0.88212	0.02831
V954	0.03341	0.17436	0.15839	0.63384
V955	0.1162	0.60761	0.02881	0.24738
V956	0.03178	0.02979	0.5504	0.38802
V957	0.33899	0.0186	0.00577	0.63664
V958	0.05259	0.00429	0.01451	0.92861
V959	0.22709	0.24916	0.45471	0.06904
V960	0.23303	0.26694	0.08749	0.41255
V961	0.1296	0.3794	0.37276	0.11824
V962	0.3613	0.16032	0.41085	0.06753
V963	0.60431	0.1606	0.1621	0.07299
V964	0.84061	0.0333	0.09595	0.03013
V965	0.05025	0.49967	0.20378	0.2463
V966	0.95659	0.02711	0.00503	0.01127
V967	0.05048	0.04327	0.56604	0.34021
V968	0.00091	0.15207	0.78725	0.05977
V969	0.00724	0.29042	0.04685	0.6555
V970	0.03099	0.11054	0.46283	0.39564
V971	0.50445	0.08048	0.34112	0.07395
V972	0.51824	0.18855	0.0521	0.24111
V973	0.26715	0.41792	0.08399	0.23093
V974	0.0054	0.79047	0.12856	0.07557
V975	0.09713	0.28814	0.60933	0.0054
V976	0.44751	0.23549	0.12164	0.19536
V977	0.31458	0.35099	0.32973	0.00469
V978	0.05946	0.08922	0.07968	0.77164
V979	0.79216	0.02605	0.17707	0.00472
V980	0.97553	0.01833	4e-05	0.0061
V981	0.33088	0.03291	0.45663	0.17958
V982	0.44409	0.39299	0.07878	0.08415
V983	0.70859	0.05794	0.00534	0.22814
V984	0.01347	0.84548	0.10788	0.03317
V985	0.07021	0.1951	0.01367	0.72102
V986	0.31986	0.52373	0.05247	0.10395
V987	0.23212	0.74937	0.00042	0.01809
V988	0.21255	0.01836	0.02308	0.746
V989	0.44065	0.46487	0.07733	0.01714
V990	0.00108	0.06054	0.80814	0.13024
V991	0.63297	0.35612	0	0.01092
V992	0.19498	0.01751	0.54808	0.23944
V993	0.06043	0.72903	0.1691	0.04144
V994	0.17872	0.78228	0.028	0.01099
V995	0.74737	0.09951	0.03171	0.12142
V996	0.26818	0.11814	0.01727	0.59642
V997	0.01603	0.03465	0.83815	0.11116
V998	0.87498	0.01899	0.06188	0.04416
V999	0.11791	0.87556	0.00096	0.00558
V1000	0.31576	0.0265	0.00604	0.65171
