cytotoxic.CD56.dim.NK.cell	memory.CD4.pos.AB.T.cell	memory.B.cell	CD14.pos.CD16.neg.classical.monocyte
V1	0.5587	0.01301	0.1594	0.26889
V2	0.14347	0.08722	0.04762	0.72169
V3	0.055	0.64233	0.01146	0.29121
V4	0.84779	0.13261	0	0.0196
V5	0.10815	0.49611	0.24091	0.15482
V6	0.07505	0.88787	0.01826	0.01882
V7	0.14166	0.36542	0.0742	0.41873
V8	0.12947	0.02482	0.81645	0.02925
V9	0.23259	0.2344	0.03281	0.5002
V10	0.02281	0.02861	0.90144	0.04714
V11	0.20807	0.36576	0.42078	0.00538
V12	0.0302	0.60855	0.34921	0.01205
V13	0.25149	0.72524	0.00456	0.01871
V14	0.06989	0.91615	0.00785	0.00612
V15	0.11625	0.6285	0.10628	0.14897
V16	0.90313	0.0553	0.0149	0.02667
V17	0.08423	0.88514	0.01178	0.01885
V18	0.56658	0.36382	0.03571	0.03389
V19	0.15128	0.83097	0.0057	0.01205
V20	0.16024	0.47555	0.01696	0.34725
V21	0.12974	0.05211	0.7891	0.02905
V22	0.01864	0.08727	0.20272	0.69136
V23	0.38392	0.04355	0.56659	0.00594
V24	0.91241	0.05652	0.03002	0.00104
V25	0.34856	0.23365	0.11831	0.29948
V26	0.38855	0.40026	0.01481	0.19638
V27	0.096	0.06347	0.02303	0.8175
V28	0.00996	0.07413	0.91434	0.00156
V29	0.44547	0.0292	0.49776	0.02757
V30	0.09767	0.20517	0.27413	0.42303
V31	0.20397	0.18164	0.29438	0.32001
V32	0.07869	0.03855	0.03535	0.84741
V33	0.04621	0.51732	0.34477	0.09171
V34	0.12933	0.03703	0.80453	0.02911
V35	0.15465	0.74993	0.06941	0.02601
V36	0.00958	0.03425	0.48637	0.46981
V37	0.55452	0.06515	0.08628	0.29406
V38	0.4284	0.0086	0.1645	0.39851
V39	0.1607	0.59432	0.11559	0.12939
V40	0.09779	0.83354	0.06813	0.00055
V41	0.01274	0.69842	0.03908	0.24976
V42	0.2207	0.02743	0.20413	0.54774
V43	0.13059	0.34331	0.49825	0.02785
V44	0.01752	0.06168	0.75863	0.16218
V45	0.09606	0.62006	0.20342	0.08046
V46	0.7984	0.08377	0.11218	0.00564
V47	0.46088	0.18666	0.30814	0.04432
V48	0.79067	0.18743	0.00276	0.01913
V49	0.72765	0.19783	0	0.07452
V50	0.06743	0.85441	0.07271	0.00545
V51	0.31144	0.41704	0.24455	0.02697
V52	0.0293	0.10257	0.8386	0.02953
V53	0.72067	0.13733	0.14136	0.00063
V54	0.43152	0.19114	0.35808	0.01925
V55	0.21449	0.11608	0.23758	0.43186
V56	0.04533	0.02604	0.09072	0.8379
V57	0.09401	0.87538	0.01867	0.01195
V58	0.64386	0.01425	0.03637	0.30553
V59	0.43293	0.42931	0.09489	0.04287
V60	0.13184	0.13813	0.32912	0.40092
V61	0.80901	0.10867	0.00748	0.07484
V62	0.87895	0.04832	0.0605	0.01223
V63	0.02254	0.85413	0.10461	0.01873
V64	0.01545	0.86833	0.00155	0.11466
V65	0.01821	0.01932	0.1121	0.85037
V66	0.20495	0.72111	0.01571	0.05822
V67	0.15293	0.33305	0.50182	0.0122
V68	0.15339	0.14451	0.02276	0.67935
V69	0.02802	0.30825	0.61826	0.04546
V70	0.56193	0.14648	0.17155	0.12005
V71	0.16467	0.05919	0.38165	0.39448
V72	0.59173	0.15408	0.08536	0.16883
V73	0.14825	0.64874	0.12375	0.07926
V74	0.06233	0.22472	0.71211	0.00085
V75	0.72125	0.01169	0.18178	0.08528
V76	0.00383	0.16852	0.18037	0.64727
V77	0.03873	0.30061	0.01043	0.65023
V78	0.31167	0.10468	0.18094	0.40271
V79	0.01093	0.08626	0.81989	0.08292
V80	0.35662	0.01979	0.54239	0.08119
V81	0.06	0.15745	0.77618	0.00638
V82	0.00741	0.07665	0.90744	0.00849
V83	0.13129	0.17303	0.06974	0.62595
V84	0.40198	0.04066	0.15662	0.40074
V85	0.10931	0.31492	0.40587	0.16989
V86	0.04796	0.04754	0.86649	0.03801
V87	0.03766	0.85935	0.04533	0.05766
V88	0.16446	0.05088	0.27021	0.51445
V89	0.02087	0.02246	0.21003	0.74664
V90	0.03173	0.90765	0.04861	0.01201
V91	0.03819	0.76704	0.1685	0.02627
V92	0.4681	0.02208	0.38023	0.12959
V93	0.88102	0.0298	0	0.08919
V94	0.02009	0.46344	0.02105	0.49542
V95	0.25796	0.45298	0.14595	0.14311
V96	0.07146	0.10718	0.0288	0.79256
V97	0.68796	0.11079	0.19585	0.00541
V98	0.66549	0.3222	0	0.01231
V99	0.79797	0.05757	0.13876	0.0057
V100	0.07958	0.0344	0.86412	0.0219
V101	0.03055	0.07173	0.01066	0.88707
V102	0.91215	0.07148	0.00342	0.01295
V103	0.01381	0.05694	0.09942	0.82983
V104	0.03539	0.94929	0.00893	0.00639
V105	0.06001	0.91986	0.01412	0.00601
V106	0.11815	0.53876	0.30766	0.03543
V107	0.18847	0.19352	0.57243	0.04558
V108	0.14567	0.77051	0.08328	0.00054
V109	0.01727	0.14417	0.60743	0.23113
V110	0.05682	0.89223	0.03218	0.01877
V111	0.90634	0.02359	0.06371	0.00636
V112	0.12947	0.05131	0.43895	0.38028
V113	0.18879	0.09681	0.17499	0.53941
V114	0.2432	0.04589	0.07814	0.63278
V115	0.01567	0.77387	0.20482	0.00565
V116	0.14378	0.31477	0.3714	0.17004
V117	0.67369	0.26425	0.02812	0.03394
V118	0.15821	0.60551	0.02987	0.2064
V119	0.11182	0.08065	0.0499	0.75762
V120	0.07953	0.06752	0.83919	0.01376
V121	0.61412	0.12313	0.08501	0.17774
V122	0.94524	0.03106	0.01041	0.01329
V123	0.01202	0.53302	0.04169	0.41327
V124	0.64608	0.30421	0	0.04971
V125	0.38581	0.43425	0.1612	0.01874
V126	0.03925	0.15366	0.05102	0.75607
V127	0.16411	0.04296	0.25886	0.53407
V128	0.0339	0.02525	0.11888	0.82196
V129	0.58698	0.23697	0.14958	0.02648
V130	0.01509	0.67682	0.30241	0.00567
V131	0.03102	0.90296	0.00158	0.06445
V132	0.93054	0.02666	0.02306	0.01975
V133	0.90789	0.03401	0.04559	0.01251
V134	0.10822	0.40444	0.12072	0.36662
V135	0.07796	0.02576	0.18302	0.71325
V136	0.2396	0.41449	0.01009	0.33582
V137	0.66703	0.038	0.2347	0.06028
V138	0.21337	0.41903	0.16851	0.19909
V139	0.36406	0.20142	0.18948	0.24504
V140	0.03191	0.09976	0.05664	0.81169
V141	0.06466	0.14295	0.55679	0.2356
V142	0.77753	0.02715	0.19438	0.00094
V143	0.43863	0.26464	0.06113	0.23561
V144	0.16649	0.14785	0.16492	0.52074
V145	0.00898	0.7807	0.20455	0.00577
V146	0.06202	0.03074	0.04046	0.86678
V147	0.9133	0.03764	0.01486	0.0342
V148	0.12881	0.06398	0.59718	0.21003
V149	0.2572	0.53797	0.19965	0.00518
V150	0.0868	0.23777	0.601	0.07443
V151	0.19957	0.65666	0.02918	0.11458
V152	0.234	0.46805	0.20615	0.0918
V153	0.10222	0.77944	0.01628	0.10206
V154	0.24108	0.4772	0.25471	0.02702
V155	0.49061	0.13943	0.27827	0.09169
V156	0.03558	0.1279	0.71279	0.12373
V157	0.31423	0.14884	0.31231	0.22462
V158	0.03041	0.02013	0.05135	0.89811
V159	0.87751	0.08073	0	0.04175
V160	0.70196	0.01438	0.05805	0.22561
V161	0.21078	0.02083	0.03419	0.73419
V162	0.06591	0.3085	0.07729	0.5483
V163	0.09679	0.51604	0.15764	0.22953
V164	0.34598	0.3154	0.09825	0.24037
V165	0.01441	0.28676	0.00606	0.69277
V166	0.01269	0.11012	0.07476	0.80242
V167	0.34912	0.01403	0.01026	0.6266
V168	0.27813	0.60156	0.06902	0.0513
V169	0.18751	0.05931	0.03934	0.71383
V170	0.10541	0.02313	0.53434	0.33712
V171	0.13087	0.24088	0.59141	0.03684
V172	0.71625	0.01941	0.25835	0.00599
V173	0.03037	0.15623	0.04417	0.76923
V174	0.01993	0.17272	0.07703	0.73032
V175	0.0643	0.02157	0.79452	0.1196
V176	0.01599	0.82839	0.14996	0.00567
V177	0.01975	0.9643	0.00264	0.01331
V178	0.01393	0.78887	0.0064	0.1908
V179	0.16156	0.01567	0.38593	0.43684
V180	0.03636	0.8919	0.07112	0.00062
V181	0.16604	0.12229	0.55379	0.15788
V182	0.30776	0.17919	0.45835	0.0547
V183	0.17175	0.81616	0.0063	0.00579
V184	0.94816	0.0355	0.01507	0.00127
V185	0.54549	0.43885	0.01008	0.00558
V186	0.11914	0.50755	0.2506	0.12271
V187	0.9356	0.03232	0.02552	0.00656
V188	0.05974	0.24909	0.00517	0.686
V189	0.82016	0.03005	0.01411	0.13568
V190	0.65843	0.02615	0.30959	0.00583
V191	0.18832	0.20537	0.5697	0.03661
V192	0.29822	0.48875	0.04429	0.16874
V193	0.6198	0.03564	0.22732	0.11724
V194	0.04097	0.93287	0.00697	0.01919
V195	0.01831	0.04795	0.92498	0.00876
V196	0.01774	0.10233	0.02094	0.85899
V197	0.41305	0.0516	0.02523	0.51013
V198	0.06613	0.52814	0.35231	0.05342
V199	0.16348	0.02936	0.17666	0.63049
V200	0.12528	0.59117	0.01661	0.26694
V201	0.09618	0.58728	0.17547	0.14107
V202	0.01826	0.02706	0.78628	0.1684
V203	0.16315	0.44678	0.37071	0.01936
V204	0.01291	0.55953	0.00805	0.41952
V205	0.02314	0.06555	0.89655	0.01476
V206	0.05134	0.10083	0.84099	0.00684
V207	0.1308	0.19522	0.05223	0.62175
V208	0.252	0.06878	0.66648	0.01275
V209	0.29923	0.49089	0.06065	0.14923
V210	0.08367	0.79679	0.07754	0.042
V211	0.42123	0.02196	0.03337	0.52344
V212	0.51404	0.04491	0.42156	0.01948
V213	0.65134	0.03377	0.10146	0.21343
V214	0.33795	0.1561	0.1593	0.34665
V215	0.28836	0.09929	0.02019	0.59216
V216	0.05107	0.01913	0.04103	0.88877
V217	0.04575	0.51632	0.21947	0.21845
V218	0.09729	0.46721	0.15916	0.27634
V219	0.10338	0.66557	0.01035	0.22071
V220	0.01445	0.84592	0.00622	0.13342
V221	0.80953	0.01845	0.00313	0.16889
V222	0.32523	0.12902	0.36674	0.17901
V223	0.01094	0.13361	0.78188	0.07357
V224	0.93699	0.03394	0.02784	0.00123
V225	0.05864	0.88612	0.04965	0.00558
V226	0.3096	0.08541	0.59248	0.01251
V227	0.78817	0.01735	0.18222	0.01226
V228	0.78774	0.06991	0.05748	0.08487
V229	0.02362	0.03957	0.91401	0.0228
V230	0.02167	0.05498	0.03889	0.88446
V231	0.01869	0.28547	0.10763	0.58821
V232	0.04647	0.67842	0.00173	0.27338
V233	0.58414	0.08613	0.19041	0.13933
V234	0.04075	0.92067	0.02644	0.01214
V235	0.38114	0.06206	0.52902	0.02779
V236	0.04574	0.06606	0.81452	0.07368
V237	0.15882	0.02261	0.03726	0.78131
V238	0.12824	0.58403	0.24392	0.04381
V239	0.06579	0.41907	0.02006	0.49508
V240	0.49828	0.04148	0.41614	0.0441
V241	0.02186	0.02693	0.88708	0.06412
V242	0.12376	0.78589	0.07881	0.01154
V243	0.24201	0.04309	0.64194	0.07296
V244	0.20449	0.01845	0.69578	0.08127
V245	0.59816	0.30817	0.04289	0.05078
V246	0.05772	0.1505	0.7709	0.02089
V247	0.16682	0.04356	0.78857	0.00104
V248	0.02697	0.05237	0.05831	0.86236
V249	0.00524	0.05075	0.87988	0.06413
V250	0.76356	0.02008	0.21042	0.00594
V251	0.92113	0.06792	0.0043	0.00665
V252	0.01909	0.84367	0.1366	0.00064
V253	0.36874	0.0663	0.15798	0.40698
V254	0.0175	0.9322	0.0443	0.006
V255	0.04883	0.91596	0.00165	0.03356
V256	0.17781	0.21247	0.52511	0.08461
V257	0.4351	0.09524	0.22868	0.24097
V258	0.17926	0.26764	0.42668	0.12642
V259	0.03742	0.29749	0.62838	0.03671
V260	0.00685	0.29677	0.68987	0.00652
V261	0.63214	0.03446	0.18734	0.14607
V262	0.0952	0.07178	0.02253	0.81049
V263	0.02619	0.95183	0.00228	0.0197
V264	0.16303	0.03525	0.43573	0.36599
V265	0.03389	0.01698	0.14767	0.80145
V266	0.61339	0.37941	0.0064	8e-04
V267	0.00364	0.17487	0.28314	0.53835
V268	0.38526	0.02608	0.13742	0.45124
V269	0.01282	0.5784	0.36502	0.04376
V270	0.65742	0.02951	0.23482	0.07825
V271	0.80979	0.0703	0.02709	0.09283
V272	0.05501	0.84308	0.01071	0.09121
V273	0.05854	0.03925	0.04599	0.85623
V274	0.71358	0.0106	0.17238	0.10345
V275	0.00759	0.05331	0.92971	0.0094
V276	0.49943	0.34929	0.008	0.14329
V277	0.03624	0.20709	0.1576	0.59907
V278	0.0356	0.05626	0.29461	0.61353
V279	0.70679	0.05887	0.10045	0.13389
V280	0.03041	0.02013	0.05135	0.89811
V281	0.55268	0.03258	0.13217	0.28257
V282	0.05606	0.06767	0.82105	0.05522
V283	0.2031	0.60773	0.05264	0.13653
V284	0.03287	0.91068	0.05068	0.00576
V285	0.08105	0.03956	0.87803	0.00137
V286	0.23858	0.57636	0.09599	0.08907
V287	0.0935	0.87604	0.01163	0.01883
V288	0.01788	0.27547	0.42734	0.27931
V289	0.28538	0.22167	0.4188	0.07415
V290	0.79356	0.193	0.01257	0.00088
V291	0.49178	0.07281	0.42328	0.01213
V292	0.92314	0.0275	0	0.04937
V293	0.29399	0.02454	0.64512	0.03635
V294	0.08719	0.3836	0.00315	0.52606
V295	0.01823	0.17592	0.18911	0.61674
V296	0.17614	0.11618	0.62371	0.08396
V297	0.07639	0.01614	0.08	0.82746
V298	0.29905	0.10404	0.58447	0.01244
V299	0.06722	0.28711	0.01573	0.62994
V300	0.00373	0.0418	0.23935	0.71512
V301	0.11857	0.1054	0.66167	0.11436
V302	0.62435	0.36343	0	0.01222
V303	0.00725	0.61733	0.34834	0.02708
V304	0.05375	0.02969	0.75514	0.16142
V305	0.11988	0.15172	0.46764	0.26076
V306	0.81445	0.1012	0.04247	0.04188
V307	0.02512	0.94827	0.01408	0.01254
V308	0.22927	0.22769	0.29326	0.24978
V309	0.32533	0.32172	0.0228	0.33015
V310	0.0761	0.32089	0.14297	0.46005
V311	0.4894	0.50054	0.00439	0.00568
V312	0.09463	0.7641	0.12265	0.01863
V313	0.00522	0.13586	0.02823	0.83069
V314	0.01918	0.49392	0.10167	0.38523
V315	0.1144	0.65084	0.03023	0.20453
V316	0.31282	0.12952	0.38924	0.16842
V317	0.08337	0.72642	0.03776	0.15245
V318	0.03701	0.57518	0.01249	0.37532
V319	0.05788	0.06416	0.8484	0.02956
V320	0.07519	0.13654	0.66337	0.12489
V321	0.60333	0.38951	0.00639	0.00076
V322	0.18777	0.32861	0.06504	0.41858
V323	0.05295	0.03294	0.09572	0.81839
V324	0.65366	0.26782	0.05983	0.01869
V325	0.28796	0.66017	0.04656	0.00531
V326	0.00574	0.58103	0.08209	0.33114
V327	0.01953	0.14992	0.10478	0.72577
V328	0.04419	0.02987	0.75505	0.17089
V329	0.16566	0.10725	0.16586	0.56123
V330	0.38653	0.01391	0.33215	0.26741
V331	0.33743	0.08691	0.04088	0.53478
V332	0.01144	0.05564	0.18848	0.74444
V333	0.42855	0.07118	0.38833	0.11194
V334	0.35062	0.01433	0.35573	0.27932
V335	0.0271	0.33883	0.51019	0.12387
V336	0.16419	0.72628	0.01571	0.09382
V337	0.27726	0.419	0.27665	0.02709
V338	0.01117	0.97067	0.0113	0.00685
V339	0.1237	0.03027	0.8388	0.00722
V340	0.05512	0.2212	0.53285	0.19082
V341	0.02538	0.04906	0.0741	0.85145
V342	0.23879	0.01535	0.61586	0.13001
V343	0.94384	0.04425	0.00493	0.00697
V344	0.66346	0.16685	0.16908	6e-04
V345	0.02625	0.06293	0.90951	0.00131
V346	0.22675	0.10566	0.28159	0.386
V347	0.04221	0.02331	0.13425	0.80023
V348	0.0551	0.684	0.1243	0.13661
V349	0.34845	0.16287	0.38458	0.1041
V350	0.03463	0.81147	0.15331	0.00059
V351	0.01758	0.03357	0.40019	0.54867
V352	0.04641	0.02945	0.85107	0.07307
V353	0.88048	0.03394	0.02792	0.05766
V354	0.04687	0.72061	0.19809	0.03444
V355	0.27263	0.07038	0.46825	0.18874
V356	0.03337	0.03467	0.10757	0.82439
V357	0.10933	0.33611	0.27083	0.28372
V358	0.53972	0.10274	0.04424	0.3133
V359	0.56569	0.05723	0.02945	0.34763
V360	0.52329	0.44922	0.0158	0.01169
V361	0.00742	0.46522	0.5213	0.00606
V362	0.01104	0.96485	0.01744	0.00667
V363	0.16649	0.10914	0.47663	0.24775
V364	0.15124	0.06025	0.69543	0.09307
V365	0.25313	0.03515	0.01709	0.69463
V366	0.074	0.71134	0.06979	0.14487
V367	0.56184	0.142	0.00328	0.29288
V368	0.08371	0.76122	0.06912	0.08594
V369	0.02184	0.41301	0.55929	0.00585
V370	0.29295	0.28189	0.39757	0.02759
V371	0.17387	0.74522	0.02259	0.05832
V372	0.15329	0.05491	0.11838	0.67343
V373	0.07499	0.13016	0.47857	0.31628
V374	0.76221	0.03349	0.20351	0.00079
V375	0.03926	0.0463	0.14752	0.76691
V376	0.03263	0.04288	0.10578	0.81872
V377	0.78123	0.0128	0.00915	0.19682
V378	0.00978	0.03469	0.41041	0.54512
V379	0.32357	0.19834	0.01113	0.46696
V380	0.14199	0.0701	0.19726	0.59065
V381	0.73751	0.02096	0.08254	0.159
V382	0.08247	0.04771	0.8626	0.00723
V383	0.83171	0.0176	0.04185	0.10884
V384	0.55914	0.07488	0.12289	0.24309
V385	0.85857	0.02602	0.06577	0.04964
V386	0.28941	0.02029	0.1416	0.5487
V387	0.59188	0.14823	0.17992	0.07997
V388	0.36937	0.34126	0.13568	0.15369
V389	0.39261	0.53997	0.00871	0.05871
V390	0.2878	0.26419	0.44257	0.00543
V391	0.40466	0.10556	0.01753	0.47225
V392	0.42323	0.22307	0.15607	0.19763
V393	0.27725	0.22924	0.34579	0.14772
V394	0.08688	0.22861	0.10611	0.5784
V395	0.2138	0.40803	0.18944	0.18872
V396	0.01738	0.95515	0.00801	0.01946
V397	0.78133	0.09258	0.09202	0.03407
V398	0.44154	0.1334	0.0885	0.33655
V399	0.18373	0.58245	0.1341	0.09972
V400	0.00605	0.60026	0.05667	0.33702
V401	0.03624	0.15262	0.7371	0.07404
V402	0.76639	0.19952	0.03333	0.00076
V403	0.02582	0.0394	0.08399	0.85078
V404	0.08635	0.19147	0.62799	0.09418
V405	0.20966	0.03575	0.16442	0.59017
V406	0.63197	0.25934	0.01369	0.095
V407	0.01117	0.97067	0.0113	0.00685
V408	0.08691	0.24137	0.39856	0.27316
V409	0.00536	0.05218	0.05162	0.89085
V410	0.0841	0.87243	0.02476	0.01871
V411	0.42471	0.02116	0.0026	0.55153
V412	0.15315	0.07095	0.50755	0.26835
V413	0.05562	0.50228	0.1687	0.2734
V414	0.03673	0.52849	0.31349	0.12128
V415	0.43997	0.03213	0.22633	0.30157
V416	0.02048	0.0996	0.87872	0.0012
V417	0.35385	0.63548	0.00499	0.00568
V418	0.06665	0.10348	0.14077	0.68911
V419	0.02708	0.02008	0.05992	0.89292
V420	0.0085	0.89819	0.01235	0.08096
V421	0.15035	0.04229	0.6948	0.11255
V422	0.04844	0.08378	0.01812	0.84965
V423	0.07958	0.0344	0.86412	0.0219
V424	0.00344	0.05196	0.62708	0.31752
V425	0.05542	0.23627	0.60392	0.1044
V426	0.08611	0.04847	0.80128	0.06413
V427	0.06562	0.40634	0.18203	0.34601
V428	0.08338	0.79561	0.04494	0.07607
V429	0.0244	0.02012	0.06688	0.88859
V430	0.74231	0.17712	0.01366	0.06691
V431	0.17404	0.02791	0.45681	0.34124
V432	0.10043	0.09943	0.04944	0.75069
V433	0.05544	0.7505	0.00126	0.1928
V434	0.32565	0.0777	0.04936	0.54729
V435	0.50138	0.01871	0.11485	0.36505
V436	0.37048	0.01994	0.10999	0.4996
V437	0.21865	0.23504	0.00681	0.5395
V438	0.60504	0.16234	0.0279	0.20472
V439	0.03586	0.11973	0.01684	0.82758
V440	0.47114	0.04251	0.03159	0.45476
V441	0.06441	0.12283	0.61289	0.19987
V442	0.30969	0.35408	0.12722	0.209
V443	0.74456	0.01522	0.08233	0.15789
V444	0.02625	0.06293	0.90951	0.00131
V445	0.61241	0.0274	0.33321	0.02699
V446	0.03749	0.85083	0.04529	0.06639
V447	0.63638	0.09659	0.1685	0.09853
V448	0.01904	0.06993	0.19433	0.7167
V449	0.56425	0.04415	0.29232	0.09929
V450	0.13646	0.84691	0.01598	0.00065
V451	0.90901	0.071	0	0.01999
V452	0.03706	0.02781	0.08462	0.85051
V453	0.8101	0.08147	0.05811	0.05031
V454	0.00991	0.93447	0.04324	0.01238
V455	0.60277	0.03849	0.29783	0.06091
V456	0.32465	0.11905	0.38828	0.16801
V457	0.00548	0.07152	0.03476	0.88824
V458	0.2525	0.23339	0.0063	0.50781
V459	0.02105	0.81664	0.07796	0.08435
V460	0.93406	0.02912	0.02388	0.01295
V461	0.06224	0.05548	0.01977	0.8625
V462	0.33146	0.25271	0.00094	0.41489
V463	0.24398	0.50032	0.14477	0.11093
V464	0.49229	0.10497	0.00442	0.39833
V465	0.38639	0.44655	0.02129	0.14576
V466	0.57194	0.19342	0.00287	0.23178
V467	0.29838	0.59854	0.06886	0.03422
V468	0.48331	0.42245	0.04331	0.05093
V469	0.01757	0.17339	0.28372	0.52532
V470	0.55136	0.12536	0.17228	0.15101
V471	0.25506	0.10883	0.03505	0.60107
V472	0.30718	0.3415	0.00065	0.35067
V473	0.09698	0.5701	0.31374	0.01917
V474	0.11319	0.01435	0.10909	0.76336
V475	0.17549	0.41281	0.07251	0.33919
V476	0.15616	0.02837	0.05937	0.7561
V477	0.60162	0.04183	0.19868	0.15787
V478	0.12447	0.60823	0.0051	0.2622
V479	0.01868	0.08527	0.81301	0.08305
V480	0.07635	0.31909	0.04339	0.56118
V481	0.14173	0.03347	0.81107	0.01374
V482	0.69313	0.17084	0.10176	0.03427
V483	0.12039	0.11357	0.07236	0.69369
V484	0.0256	0.09132	0.03575	0.84733
V485	0.1123	0.75736	0.00999	0.12035
V486	0.26323	0.27013	0.11974	0.34691
V487	0.06998	0.05547	0.08967	0.78488
V488	0.00643	0.0287	0.86535	0.09951
V489	0.20858	0.10687	0.67185	0.01271
V490	0.33088	0.32461	0.06225	0.28226
V491	0.42275	0.48934	0.02848	0.05944
V492	0.03194	0.84763	0.11491	0.00553
V493	0.05399	0.02415	0.01194	0.90991
V494	0.19021	0.15474	0.52898	0.12607
V495	0.2108	0.648	0.12257	0.01864
V496	0.25241	0.70607	0	0.04152
V497	0.02085	0.03553	0.93437	0.00925
V498	0.30356	0.10655	0.04937	0.54052
V499	0.5969	0.28457	0.11329	0.00524
V500	0.09791	0.12414	0.74073	0.03722
V501	0.00695	0.02663	0.08081	0.88561
V502	0.54038	0.29249	0.14068	0.02645
V503	0.1891	0.09659	0.19565	0.51866
V504	0.21455	0.71775	0.00953	0.05816
V505	0.19212	0.21496	0.24955	0.34337
V506	0.08674	0.25489	0.45455	0.20382
V507	0.61601	0.10382	0.11202	0.16815
V508	0.7434	0.17964	0.03499	0.04197
V509	0.22404	0.06221	0.51417	0.19958
V510	0.2147	0.54058	0.23948	0.00524
V511	0.0459	0.43245	0.04226	0.47939
V512	0.2322	0.05415	0.07821	0.63544
V513	0.07536	0.67236	0.19118	0.0611
V514	0.02161	0.10209	0.01022	0.86607
V515	0.76849	0.06826	0.04185	0.1214
V516	0.8783	0.11497	0	0.00674
V517	0.03672	0.03414	0.25431	0.67483
V518	0.9284	0.06443	0	0.00717
V519	0.02968	0.87473	0.00574	0.08986
V520	0.02651	0.01665	0.62141	0.33543
V521	0.56295	0.0509	0.35901	0.02714
V522	0.00935	0.12255	0.58381	0.28429
V523	0.35131	0.12607	0.25453	0.26809
V524	0.01426	0.792	0.16753	0.0262
V525	0.2434	0.21197	0.02578	0.51885
V526	0.6436	0.08407	0.06711	0.20522
V527	0.19807	0.02722	0.39905	0.37566
V528	0.09284	0.8648	0.00113	0.04123
V529	0.05599	0.06477	0.22155	0.65769
V530	0.01054	0.20384	0.68271	0.10291
V531	0.02717	0.8689	0.10332	6e-04
V532	0.16292	0.3374	0.02554	0.47414
V533	0.27384	0.36675	0.12787	0.23154
V534	0.01015	0.02541	0.714	0.25044
V535	0.53489	0.01117	0.0125	0.44144
V536	0.18362	0.0108	0.37206	0.43353
V537	0.57574	0.27229	0.14041	0.01156
V538	0.44702	0.05745	0.08018	0.41535
V539	0.25796	0.45298	0.14595	0.14311
V540	0.18639	0.71886	0.06084	0.0339
V541	0.01969	0.52506	0.05745	0.3978
V542	0.19068	0.12693	0.24944	0.43294
V543	0.87259	0.02061	0.00841	0.09839
V544	0.0977	0.09023	0.16845	0.64362
V545	0.35474	0.14486	0.06415	0.43626
V546	0.04971	0.88731	0.0574	0.00558
V547	0.03901	0.66302	0.28607	0.0119
V548	0.14409	0.77889	0.07169	0.00533
V549	0.31774	0.04192	0.62762	0.01271
V550	0.56999	0.03836	0.00036	0.39129
V551	0.16358	0.75685	0.02961	0.04996
V552	0.00611	0.54815	0.0091	0.43664
V553	0.22132	0.15448	0.6042	0.01999
V554	0.053	0.10163	0.03073	0.81464
V555	0.08688	0.22838	0.32996	0.35479
V556	0.00608	0.04996	0.91285	0.03111
V557	0.80982	0.03754	0.00787	0.14477
V558	0.06386	0.80193	0.02336	0.11086
V559	0.01871	0.80949	0.17118	0.00062
V560	0.64826	0.34564	0	0.0061
V561	0.00759	0.05331	0.92971	0.0094
V562	0.78217	0.01693	0.10772	0.09318
V563	0.23872	0.02646	0.72821	0.0066
V564	0.05944	0.0862	0.84062	0.01374
V565	0.12114	0.26488	0.37515	0.23883
V566	0.68802	0.10371	0.00246	0.20581
V567	0.2061	0.46437	0.02332	0.30622
V568	0.23075	0.01856	0.05575	0.69493
V569	0.66456	0.03792	0	0.29753
V570	0.0276	0.29568	0.61261	0.06411
V571	0.80103	0.1414	0	0.05757
V572	0.44045	0.01764	0.44244	0.09947
V573	0.06008	0.18706	0.0121	0.74075
V574	0.0391	0.79951	0.14967	0.01172
V575	0.02015	0.09245	0.12743	0.75997
V576	0.14201	0.81467	0.03164	0.01168
V577	0.03691	0.05032	0.21332	0.69945
V578	0.05358	0.06721	0.69356	0.18566
V579	0.01539	0.88608	0.07969	0.01884
V580	0.14327	0.0186	0.11349	0.72463
V581	0.06796	0.09972	0.00806	0.82425
V582	0.57135	0.15238	0.02826	0.24801
V583	0.0095	0.04924	0.59866	0.3426
V584	0.5162	0.16481	0.28373	0.03526
V585	0.01023	0.02222	0.4507	0.51685
V586	0.22814	0.02211	0.65844	0.09131
V587	0.26062	0.02629	0.68472	0.02837
V588	0.61774	0.04908	0.02197	0.31122
V589	0.05514	0.83376	0.05296	0.05814
V590	0.04901	0.77708	0.16849	0.00542
V591	0.00398	0.04976	0.20984	0.73642
V592	0.15598	0.05921	0.78381	0.00099
V593	0.57866	0.00858	0.1777	0.23507
V594	0.33015	0.30184	0.3233	0.0447
V595	0.03285	0.05071	0.03522	0.88123
V596	0.03573	0.28581	0.21697	0.46149
V597	0.00649	0.6007	0.31342	0.0794
V598	0.02184	0.12786	0.83644	0.01386
V599	0.60391	0.34161	0.0284	0.02608
V600	0.3414	0.49792	0.04391	0.11678
V601	0.15382	0.28267	0.07504	0.48847
V602	0.03566	0.05497	0.02536	0.88401
V603	0.01247	0.38652	0.01656	0.58446
V604	0.51335	0.12548	0.33403	0.02714
V605	0.06574	0.33785	0.39407	0.20235
V606	0.71703	0.16383	0.00744	0.1117
V607	0.64678	0.01921	0.10145	0.23256
V608	0.21618	0.16132	0.38458	0.23791
V609	0.02648	0.23929	0.22889	0.50534
V610	0.76797	0.02847	0.08222	0.12134
V611	0.2752	0.01726	0.05378	0.65377
V612	0.02771	0.09557	0.81231	0.06441
V613	0.03752	0.34279	0.58316	0.03653
V614	0.75922	0.06781	0.0419	0.13107
V615	0.1265	0.07023	0.01355	0.78972
V616	0.07371	0.72637	0.03787	0.16205
V617	0.46127	0.17987	0.35831	0.00055
V618	0.70905	0.01898	0	0.27197
V619	0.37962	0.03378	0.31471	0.2719
V620	0.01509	0.67682	0.30241	0.00567
V621	0.42386	0.15608	0.16665	0.25341
V622	0.35191	0.23533	0.38527	0.0275
V623	0.01996	0.08183	0.14636	0.75185
V624	0.76241	0.21833	0	0.01926
V625	0.25358	0.51886	0.08754	0.14002
V626	0.93555	0.0508	0	0.01365
V627	0.00497	0.04669	0.0923	0.85604
V628	0.00535	0.24472	0.02138	0.72855
V629	0.12109	0.29907	0.27188	0.30796
V630	0.03719	0.34226	0.57526	0.04529
V631	0.01911	0.20133	0.10174	0.67782
V632	0.57659	0.00834	0.13035	0.28473
V633	0.00425	0.04555	0.83118	0.11902
V634	0.38961	0.28195	0.32315	0.00529
V635	0.02898	0.77227	0.00585	0.19289
V636	0.11877	0.10467	0.65157	0.12499
V637	0.29736	0.19952	0.08245	0.42067
V638	0.36776	0.26579	0.06232	0.30412
V639	0.25887	0.45042	0.29018	0.00053
V640	0.03717	0.15656	0.76026	0.04602
V641	0.87954	0.04999	0.02086	0.04961
V642	0.74589	0.18828	0	0.06584
V643	0.00948	0.18494	0.45004	0.35554
V644	0.88661	0.0974	0.00324	0.01275
V645	0.25311	0.43172	0.29606	0.01912
V646	0.01945	0.96402	0.0099	0.00663
V647	0.14049	0.09066	0.71372	0.05512
V648	0.39642	0.45468	0.12251	0.02639
V649	0.02823	0.07005	0.84635	0.05536
V650	0.05538	0.09301	0.78719	0.06442
V651	0.3031	0.02468	0.66583	0.00638
V652	0.08534	0.08887	0.4422	0.38359
V653	0.11463	0.69138	0.08718	0.10682
V654	0.68871	0.20998	0.05042	0.05089
V655	0.03682	0.58799	0.01873	0.35645
V656	0.19651	0.27949	0.01226	0.51174
V657	0.02822	0.09793	0.01943	0.85441
V658	0.59636	0.21662	0.05072	0.13631
V659	0.32436	0.08718	0.36602	0.22244
V660	0.03422	0.94417	0.00202	0.01959
V661	0.0554	0.4339	0.04962	0.46108
V662	0.40743	0.02388	0.46822	0.10047
V663	0.23469	0.0743	0.57704	0.11397
V664	0.19706	0.0721	0.68526	0.04558
V665	0.68294	0.19612	0.03455	0.08638
V666	0.57307	0.00864	0.0945	0.32379
V667	0.74894	0.09133	0.15901	0.00072
V668	0.11615	0.8072	0.0761	0.00055
V669	0.22391	0.43348	0.23967	0.10293
V670	0.07689	0.90222	0.00164	0.01926
V671	0.3584	0.29825	0.25042	0.09293
V672	0.02228	0.04485	0.90243	0.03045
V673	0.22658	0.38418	0.22134	0.16791
V674	0.71163	0.15318	0.01356	0.12162
V675	0.13228	0.3376	0.31503	0.2151
V676	0.02868	0.11976	0.10592	0.74564
V677	0.37265	0.42123	0.08673	0.11938
V678	0.48163	0.5025	0.01035	0.00553
V679	0.04805	0.32379	0.61557	0.01259
V680	0.28946	0.56893	0.12292	0.01869
V681	0.884	0.08103	0.00832	0.02664
V682	0.10855	0.30864	0.54618	0.03664
V683	0.0239	0.95185	0.0235	0.00075
V684	0.69585	0.16883	0.08414	0.05118
V685	0.48352	0.36055	0.11291	0.04302
V686	0.08673	0.18344	0.14724	0.58259
V687	0.03568	0.03832	0.03889	0.8871
V688	0.35029	0.52824	0	0.12147
V689	0.24234	0.01297	0.04816	0.69653
V690	0.4676	0.04795	0.42215	0.06229
V691	0.15438	0.02899	0.80964	0.00699
V692	0.07563	0.14115	0.71857	0.06465
V693	0.22695	0.10699	0.37193	0.29413
V694	0.01023	0.03674	0.29703	0.65601
V695	0.23028	0.01526	0.15398	0.60047
V696	0.07307	0.10007	0.02187	0.80498
V697	0.01952	0.08712	0.02285	0.87051
V698	0.8128	0.01799	0.0085	0.1607
V699	0.55562	0.29707	0.05906	0.08826
V700	0.22182	0.03844	0.01176	0.72798
V701	0.10658	0.54712	0.09895	0.24734
V702	0.52813	0.08524	0.0097	0.37693
V703	0.12907	0.0524	0.49547	0.32307
V704	0.81655	0.05325	0.02035	0.10986
V705	0.94294	0.02026	0.00975	0.02705
V706	0.07506	0.05525	0.78654	0.08316
V707	0.03753	0.44645	0.47999	0.03603
V708	0.0378	0.87928	0.01753	0.06539
V709	0.13124	0.27121	0.52299	0.07456
V710	0.59493	0.21629	0.04284	0.14594
V711	0.08415	0.81199	0.07788	0.02598
V712	0.80837	0.06258	0.0022	0.12685
V713	0.41997	0.30857	0.02901	0.24246
V714	0.01298	0.68228	0.01843	0.28631
V715	0.29506	0.34883	0.29265	0.06345
V716	0.03584	0.05892	0.05457	0.85067
V717	0.07796	0.90747	0.0019	0.01267
V718	0.1393	0.58594	0.16434	0.11042
V719	0.05466	0.7241	0.03083	0.1904
V720	0.69867	0.01195	0.2215	0.06787
V721	0.11993	0.16282	0.47911	0.23814
V722	0.08668	0.3512	0.01399	0.54813
V723	0.10431	0.09806	0.01323	0.78439
V724	0.57084	0.0327	0.07708	0.31938
V725	0.00578	0.10755	0.85662	0.03005
V726	0.03641	0.38944	0.11295	0.46121
V727	0.24884	0.6666	0.07931	0.00525
V728	0.03236	0.88042	0.08162	0.0056
V729	0.39687	0.01923	0.15676	0.42715
V730	0.8924	0.04522	0.0359	0.02647
V731	0.02596	0.19503	0.39595	0.38306
V732	0.34859	0.07725	0.35278	0.22138
V733	0.63476	0.19386	0.02741	0.14396
V734	0.2313	0.32076	0.44251	0.00543
V735	0.01725	0.03325	0.48707	0.46243
V736	0.14273	0.02685	0.0161	0.81433
V737	0.32503	0.29791	0.23098	0.14608
V738	0.07614	0.34026	0.44768	0.13591
V739	0.00318	0.02673	0.60759	0.3625
V740	0.82821	0.09947	0.06032	0.012
V741	0.47869	0.1033	0.1158	0.3022
V742	0.37254	0.61321	0.0136	0.00065
V743	0.13075	0.14719	0.70161	0.02044
V744	0.52009	0.04376	0.32627	0.10988
V745	0.0204	0.71247	0.16095	0.10618
V746	0.96044	0.03171	0	0.00784
V747	0.05395	0.01792	0.71762	0.21051
V748	0.11873	0.10213	0.6007	0.17844
V749	0.26901	0.17869	0.04888	0.50342
V750	0.39219	0.47843	0.0145	0.11488
V751	0.04627	0.87352	0.03092	0.04929
V752	0.45714	0.23283	0.12523	0.1848
V753	0.03585	0.06007	0.01078	0.8933
V754	0.01661	0.92527	0.00177	0.05635
V755	0.14394	0.19418	0.34125	0.32063
V756	0.03006	0.03235	0.06381	0.87378
V757	0.31701	0.60422	0.05266	0.02611
V758	0.04614	0.78203	0.10374	0.06809
V759	0.11872	0.06021	0.40571	0.41536
V760	0.2856	0.05742	0.27756	0.37942
V761	0.06545	0.59769	0.25612	0.08074
V762	0.00541	0.39741	0.0174	0.57979
V763	0.37049	0.36632	0.02194	0.24125
V764	0.01557	0.92133	0.00663	0.05647
V765	0.65049	0.09605	0	0.25346
V766	0.01804	0.32391	0.43577	0.22228
V767	0.48269	0.12684	0.23714	0.15333
V768	0.05717	0.90533	0.01865	0.01884
V769	0.13191	0.83151	0.02483	0.01175
V770	0.01945	0.96402	0.0099	0.00663
V771	0.16292	0.03275	0.79078	0.01355
V772	0.13247	0.05991	0.80101	0.00661
V773	0.15128	0.83097	0.0057	0.01205
V774	0.02419	0.0306	0.91426	0.03095
V775	0.10772	0.04453	0.28195	0.5658
V776	0.41144	0.43776	0.04359	0.1072
V777	0.16544	0.11786	0.13545	0.58124
V778	0.52637	0.28618	0.05958	0.12787
V779	0.16361	0.04408	0.50443	0.28788
V780	0.10758	0.77411	0.11777	0.00054
V781	0.04892	0.05163	0.03797	0.86149
V782	0.0112	0.12532	0.79923	0.06425
V783	0.78217	0.02861	0.04193	0.14729
V784	0.10508	0.87592	0.01317	0.00583
V785	0.04038	0.92781	0.01275	0.01906
V786	0.71287	0.16938	0.07544	0.0423
V787	0.00953	0.84327	0.1414	0.0058
V788	0.49979	0.31551	0.14144	0.04325
V789	0.06611	0.37431	0.02764	0.53193
V790	0.44109	0.03402	0.07188	0.45301
V791	0.13161	0.38782	0.32293	0.15764
V792	0.12534	0.55277	0.00528	0.31662
V793	0.11392	0.67242	0.03017	0.18349
V794	0.04567	0.08403	0.79651	0.0738
V795	0.10227	0.05555	0.06096	0.78122
V796	0.03008	0.09554	0.85272	0.02166
V797	0.75126	0.01712	0.21937	0.01224
V798	0.60112	0.3122	0.06809	0.01859
V799	0.12229	0.78818	0.02282	0.06671
V800	0.06327	0.03039	0.52483	0.38151
V801	0.13169	0.11727	0.32913	0.42191
V802	0.03556	0.08263	0.27356	0.60825
V803	0.21339	0.53722	0.24887	0.00052
V804	0.52156	0.02415	0.38377	0.07052
V805	0.03305	0.04404	0.92137	0.00154
V806	0.04734	0.90756	0.0117	0.0334
V807	0.24407	0.15879	0.03418	0.56296
V808	0.64446	0.28623	0.03539	0.03392
V809	0.04927	0.06977	0.87979	0.00117
V810	0.02189	0.96793	0.00304	0.00714
V811	0.42057	0.07513	0.19714	0.30716
V812	0.53627	0.27347	0.04321	0.14706
V813	0.5887	0.20576	0.17897	0.02657
V814	0.40588	0.55027	0.03854	0.00531
V815	0.01015	0.91645	0.06742	0.00598
V816	0.90523	0.03084	0.06279	0.00114
V817	0.03128	0.0897	0.86484	0.01418
V818	0.00504	0.08204	0.05262	0.86029
V819	0.8234	0.09219	0.04252	0.04189
V820	0.12217	0.10968	0.02556	0.74259
V821	0.21357	0.32746	0.38489	0.07408
V822	0.0693	0.04233	0.86652	0.02185
V823	0.02694	0.1932	0.6863	0.09356
V824	0.09048	0.39089	0.51801	0.00062
V825	0.21671	0.29906	0.24682	0.2374
V826	0.41582	0.43171	0.14095	0.01152
V827	0.35182	0.61275	0.00945	0.02598
V828	0.21268	0.1692	0.10334	0.51479
V829	0.03759	0.25595	0.039	0.66746
V830	0.20926	0.23487	0.02615	0.52971
V831	0.76517	0.09585	0.02703	0.11195
V832	0.26008	0.4173	0.15699	0.16563
V833	0.1405	0.52893	0.16658	0.16399
V834	0.27998	0.07802	0.07597	0.56603
V835	0.34583	0.46915	0.10505	0.07997
V836	0.01334	0.68779	0.00714	0.29174
V837	0.21402	0.39496	0.17954	0.21148
V838	0.90596	0.06349	0.02432	0.00624
V839	0.28257	0.62448	0.08774	0.00522
V840	0.27023	0.72088	0.00819	0.00069
V841	0.00541	0.05953	0.87939	0.05567
V842	0.35206	0.16937	0.25514	0.22343
V843	0.01967	0.03838	0.86875	0.0732
V844	0.10781	0.08868	0.38456	0.41895
V845	0.06561	0.11131	0.75848	0.0646
V846	0.00377	0.03085	0.75904	0.20634
V847	0.00709	0.02486	0.06653	0.90153
V848	0.08597	0.52796	0.1573	0.22877
V849	0.00966	0.94861	0.00801	0.03371
V850	0.95146	0.02399	0.0111	0.01345
V851	0.316	0.54911	0.1344	0.00049
V852	0.09903	0.05747	0.13139	0.7121
V853	0.23982	0.23123	0.40272	0.12622
V854	0.59176	0.17584	0.09427	0.13813
V855	0.00709	0.02486	0.06653	0.90153
V856	0.04541	0.36107	0.34751	0.24601
V857	0.66497	0.18402	0.0273	0.12371
V858	0.54435	0.02728	0.42245	0.00592
V859	0.643	0.2483	0.0137	0.095
V860	0.17579	0.12109	0.05288	0.65023
V861	0.08781	0.36797	0.53192	0.01229
V862	0.1294	0.09214	0.7326	0.04586
V863	0.18891	0.07514	0.00523	0.73072
V864	0.06338	0.05232	0.05776	0.82653
V865	0.10734	0.01703	0.27013	0.6055
V866	0.71623	0.03036	0.24128	0.01212
V867	0.71234	0.04097	0.24098	0.00571
V868	0.50649	0.29057	0.12282	0.08011
V869	0.02745	0.95673	0.00933	0.00649
V870	0.09697	0.35073	0.02018	0.53211
V871	0.00966	0.94861	0.00801	0.03371
V872	0.01104	0.03037	0.25751	0.70107
V873	0.87993	0.04332	0.04284	0.03392
V874	0.18393	0.7866	0.02888	0.00058
V875	0.01813	0.19678	0.19878	0.58631
V876	0.15471	0.34055	0.41045	0.0943
V877	0.04568	0.40849	0.2898	0.25603
V878	0.12556	0.81371	0.06019	0.00054
V879	0.17621	0.71034	0.0368	0.07665
V880	0.28643	0.56806	0.00353	0.14197
V881	0.13951	0.04723	0.61599	0.19727
V882	0.79649	0.01224	0.1163	0.07497
V883	0.27368	0.21562	0.51003	0.00067
V884	0.02253	0.29475	0.00564	0.67709
V885	0.68216	0.2364	0.0808	0.00064
V886	0.0185	0.37301	0.46441	0.14408
V887	0.63687	0.06714	0.14895	0.14704
V888	0.09598	0.05364	0.75739	0.09298
V889	0.89948	0.06565	0.01537	0.01949
V890	0.03499	0.14507	0.63225	0.18769
V891	0.62344	0.05627	0.27697	0.04333
V892	0.26505	0.19052	0.01228	0.53215
V893	0.57452	0.2235	0.14075	0.06123
V894	0.06658	0.32016	0.57669	0.03658
V895	0.5938	0.06771	0.18979	0.1487
V896	0.04097	0.93287	0.00697	0.01919
V897	0.66763	0.27178	0.00227	0.05831
V898	0.44621	0.01259	0.00856	0.53265
V899	0.02723	0.19733	0.13886	0.63658
V900	0.07615	0.30096	0.36231	0.26058
V901	0.03744	0.84018	0.00543	0.11696
V902	0.05017	0.90162	0.04251	0.00571
V903	0.01217	0.43241	0.51075	0.04467
V904	0.02967	0.96048	0.00288	0.00697
V905	0.1411	0.01201	0.17937	0.66752
V906	0.39228	0.09413	0.09939	0.4142
V907	0.40442	0.53028	0.01487	0.05042
V908	0.01409	0.06799	0.0809	0.83703
V909	0.12108	0.81279	0.00076	0.06537
V910	0.15345	0.01277	0.12275	0.71103
V911	0.49476	0.40915	0.02793	0.06817
V912	0.38004	0.34026	0.11598	0.16371
V913	0.11725	0.01839	0.0197	0.84467
V914	0.17314	0.51497	0.27651	0.03538
V915	0.21432	0.01607	0.01448	0.75513
V916	0.24212	0.06223	0.65026	0.0454
V917	0.71295	0.0361	0.15513	0.09582
V918	0.04616	0.65261	0.2121	0.08913
V919	0.19254	0.23937	0.29402	0.27407
V920	0.60845	0.20851	0.0849	0.09814
V921	0.03027	0.17647	0.0354	0.75785
V922	0.09709	0.48314	0.37519	0.04458
V923	0.07628	0.03531	0.05135	0.83706
V924	0.03827	0.68784	0.24722	0.02667
V925	0.16852	0.04806	0.01971	0.76372
V926	0.18863	0.03646	0.03375	0.74117
V927	0.02522	0.05999	0.06421	0.85057
V928	0.04673	0.89082	0.00575	0.05671
V929	0.05521	0.66159	0.11541	0.16779
V930	0.48871	0.38697	0.02788	0.09644
V931	0.13131	0.28271	0.51147	0.07451
V932	0.03463	0.11276	0.62076	0.23185
V933	0.56202	0.41682	0.0093	0.01186
V934	0.0099	0.15342	0.2733	0.56338
V935	0.55755	0.17054	0.20088	0.07103
V936	0.50818	0.28236	0.01435	0.19511
V937	0.5351	0.13287	0.07757	0.25445
V938	0.37018	0.04956	0.30589	0.27437
V939	0.74774	0.02773	0.06581	0.15872
V940	0.02951	0.80596	0.13053	0.034
V941	0.00898	0.04158	0.93921	0.01023
V942	0.71711	0.20465	0.05957	0.01866
V943	0.39068	0.1346	0.42049	0.05423
V944	0.01939	0.27703	0.06332	0.64025
V945	0.53583	0.37082	0.00781	0.08554
V946	0.44593	0.27463	0.24415	0.03528
V947	0.07595	0.05518	0.23076	0.63811
V948	0.33029	0.0398	0.60981	0.0201
V949	0.00359	0.11754	0.20357	0.6753
V950	0.05566	0.55188	0.19748	0.19498
V951	0.81272	0.03366	0.14777	0.00585
V952	0.0652	0.1296	0.26314	0.54206
V953	0.02129	0.06802	0.88054	0.03015
V954	0.03651	0.18634	0.13877	0.63838
V955	0.11442	0.6156	0.02343	0.24655
V956	0.03441	0.03175	0.52295	0.41088
V957	0.31751	0.02959	0.00392	0.64899
V958	0.05399	0.02415	0.01194	0.90991
V959	0.22555	0.26901	0.43111	0.07433
V960	0.22401	0.28107	0.0738	0.42112
V961	0.13127	0.40034	0.34368	0.12471
V962	0.35811	0.17597	0.39236	0.07356
V963	0.59032	0.17932	0.15061	0.07975
V964	0.83286	0.04155	0.09161	0.03399
V965	0.05549	0.51512	0.17842	0.25097
V966	0.94307	0.03951	0.00403	0.01339
V967	0.05318	0.04577	0.53892	0.36213
V968	0.00485	0.15723	0.77405	0.06388
V969	0.01191	0.2997	0.03974	0.64865
V970	0.03468	0.11956	0.4298	0.41596
V971	0.49923	0.09011	0.32911	0.08156
V972	0.49607	0.20608	0.04418	0.25367
V973	0.2568	0.43518	0.07089	0.23713
V974	0.01357	0.79782	0.11247	0.07614
V975	0.09955	0.30265	0.59207	0.00573
V976	0.4316	0.25533	0.10678	0.2063
V977	0.30816	0.37358	0.31301	0.00525
V978	0.05915	0.10168	0.06867	0.7705
V979	0.78605	0.03319	0.17496	0.00579
V980	0.96044	0.03171	0	0.00784
V981	0.33048	0.03552	0.43785	0.19615
V982	0.42603	0.41685	0.06836	0.08875
V983	0.68538	0.068	0.00286	0.24376
V984	0.02183	0.84911	0.09533	0.03373
V985	0.06962	0.20589	0.0111	0.71339
V986	0.30476	0.54432	0.04398	0.10694
V987	0.21982	0.76075	0.00052	0.01891
V988	0.20095	0.03009	0.01963	0.74933
V989	0.41999	0.49244	0.06899	0.01857
V990	0.00412	0.05856	0.79783	0.13949
V991	0.6037	0.3841	0	0.0122
V992	0.19522	0.01693	0.5285	0.25935
V993	0.06527	0.74152	0.15057	0.04264
V994	0.17178	0.79208	0.02445	0.01169
V995	0.72787	0.1135	0.02712	0.13151
V996	0.25338	0.13046	0.01373	0.60243
V997	0.01891	0.02915	0.83266	0.11928
V998	0.8664	0.02619	0.0578	0.04962
V999	0.11572	0.87619	0.00184	0.00624
V1000	0.29593	0.03764	0.00414	0.6623
