cytotoxic.CD56.dim.NK.cell	memory.CD4.pos.AB.T.cell	memory.B.cell	CD14.pos.CD16.neg.classical.monocyte
V1	0.59928	0.01126	0.1616	0.22786
V2	0.16602	0.07782	0.05566	0.7005
V3	0.05709	0.65095	0.01399	0.27797
V4	0.86767	0.11529	0	0.01704
V5	0.11954	0.48317	0.25905	0.13824
V6	0.07481	0.88968	0.01849	0.01702
V7	0.16268	0.35699	0.08664	0.39369
V8	0.13966	0.05188	0.78299	0.02546
V9	0.26808	0.22229	0.03954	0.4701
V10	0.02134	0.06197	0.87391	0.04277
V11	0.22441	0.35832	0.41286	0.00442
V12	0.02686	0.60861	0.35411	0.01041
V13	0.27017	0.70845	0.00488	0.0165
V14	0.06644	0.92125	0.00635	0.00595
V15	0.12879	0.61824	0.11842	0.13455
V16	0.91655	0.04539	0.01576	0.02229
V17	0.0849	0.88618	0.01187	0.01706
V18	0.60036	0.33337	0.03801	0.02826
V19	0.15873	0.82515	0.0053	0.01082
V20	0.18405	0.46791	0.02133	0.32671
V21	0.14121	0.07344	0.76048	0.02488
V22	0.01892	0.0839	0.22436	0.67282
V23	0.40464	0.05724	0.53325	0.00487
V24	0.92213	0.04795	0.02801	0.00191
V25	0.39066	0.21396	0.1301	0.26528
V26	0.43163	0.37655	0.01808	0.17374
V27	0.10652	0.05365	0.02632	0.81351
V28	0.00493	0.1182	0.87531	0.00156
V29	0.46927	0.03905	0.46916	0.02251
V30	0.11139	0.19782	0.29916	0.39162
V31	0.23129	0.17058	0.31289	0.28524
V32	0.08411	0.02885	0.0391	0.84794
V33	0.0472	0.51021	0.36113	0.08146
V34	0.14037	0.06071	0.77386	0.02506
V35	0.16622	0.7377	0.07343	0.02265
V36	0.00866	0.04241	0.50953	0.4394
V37	0.60103	0.05514	0.09204	0.25179
V38	0.4704	0.00835	0.1713	0.34994
V39	0.17876	0.57897	0.12705	0.11522
V40	0.09721	0.83431	0.0677	0.00078
V41	0.00663	0.71054	0.04564	0.23719
V42	0.25062	0.02464	0.22033	0.50441
V43	0.1426	0.33863	0.49528	0.02349
V44	0.01754	0.07781	0.75928	0.14537
V45	0.10325	0.6092	0.21615	0.07141
V46	0.81402	0.07463	0.10646	0.00489
V47	0.49242	0.17004	0.30146	0.03607
V48	0.81345	0.16641	0.00392	0.01623
V49	0.76224	0.17482	0	0.06294
V50	0.06581	0.85558	0.07366	0.00495
V51	0.33747	0.39491	0.24523	0.02239
V52	0.02937	0.12435	0.8203	0.02598
V53	0.74025	0.12435	0.13434	0.00106
V54	0.45875	0.17806	0.34764	0.01554
V55	0.2447	0.10766	0.25573	0.39192
V56	0.04714	0.0181	0.09959	0.83518
V57	0.09575	0.8746	0.01891	0.01074
V58	0.68784	0.00936	0.03987	0.26293
V59	0.46706	0.39832	0.09882	0.03581
V60	0.15043	0.13211	0.3527	0.36476
V61	0.83683	0.09176	0.00929	0.06213
V62	0.88996	0.04111	0.05862	0.01031
V63	0.01618	0.85884	0.10822	0.01676
V64	0.00741	0.88349	0.00111	0.108
V65	0.01622	0.01221	0.11849	0.85309
V66	0.22409	0.70675	0.01755	0.05161
V67	0.16601	0.33038	0.49353	0.01009
V68	0.17823	0.1355	0.02739	0.65888
V69	0.02729	0.31239	0.62063	0.03968
V70	0.59932	0.12804	0.17325	0.09938
V71	0.18618	0.05938	0.40015	0.35429
V72	0.63321	0.13422	0.09058	0.142
V73	0.16281	0.63364	0.13358	0.06996
V74	0.06336	0.2425	0.6933	0.00083
V75	0.74271	0.01284	0.17493	0.06951
V76	0.00093	0.1674	0.20059	0.63108
V77	0.04004	0.30276	0.013	0.64419
V78	0.35124	0.0941	0.19437	0.36029
V79	0.0093	0.107	0.81007	0.07363
V80	0.38016	0.03133	0.52094	0.06756
V81	0.06265	0.1769	0.75493	0.00551
V82	0.00383	0.11261	0.87495	0.00861
V83	0.15342	0.16449	0.08097	0.60113
V84	0.44493	0.03553	0.16572	0.35382
V85	0.12133	0.30535	0.42332	0.15
V86	0.05093	0.07499	0.84056	0.03352
V87	0.03411	0.8641	0.04928	0.05252
V88	0.18869	0.04847	0.28976	0.47307
V89	0.02143	0.01864	0.22671	0.73322
V90	0.02565	0.91429	0.04912	0.01094
V91	0.03513	0.76703	0.17466	0.02317
V92	0.49728	0.02646	0.36927	0.10699
V93	0.90186	0.02259	0	0.07555
V94	0.01712	0.47165	0.02529	0.48594
V95	0.28817	0.43014	0.15645	0.12524
V96	0.07931	0.09778	0.03341	0.7895
V97	0.7084	0.10108	0.18598	0.00454
V98	0.69301	0.29617	0	0.01082
V99	0.81219	0.05232	0.13056	0.00493
V100	0.0854	0.06428	0.83089	0.01943
V101	0.02651	0.06365	0.0129	0.89694
V102	0.9244	0.05997	0.00421	0.01142
V103	0.01236	0.05144	0.10914	0.82706
V104	0.02765	0.95905	0.00687	0.00643
V105	0.05627	0.92474	0.01322	0.00577
V106	0.12813	0.52542	0.31603	0.03042
V107	0.206	0.19059	0.56506	0.03835
V108	0.15144	0.76412	0.08367	0.00077
V109	0.01658	0.14926	0.62556	0.20859
V110	0.05438	0.89531	0.03341	0.0169
V111	0.91464	0.01897	0.06037	0.00602
V112	0.1461	0.05363	0.45834	0.34193
V113	0.21738	0.08977	0.19216	0.5007
V114	0.27751	0.03941	0.08793	0.59515
V115	0.00818	0.77908	0.20767	0.00507
V116	0.16045	0.30239	0.38756	0.1496
V117	0.70421	0.23777	0.0299	0.02812
V118	0.17859	0.59672	0.03526	0.18943
V119	0.12867	0.07169	0.05774	0.74189
V120	0.08583	0.09215	0.80991	0.01211
V121	0.65456	0.10651	0.08966	0.14927
V122	0.95321	0.02392	0.01095	0.01192
V123	0.00701	0.54111	0.04942	0.40246
V124	0.67915	0.27857	0	0.04228
V125	0.41433	0.40842	0.16177	0.01548
V126	0.04185	0.14769	0.05933	0.75114
V127	0.1883	0.04079	0.2784	0.49251
V128	0.03517	0.01826	0.1289	0.81768
V129	0.61849	0.21246	0.14747	0.02157
V130	0.00818	0.68165	0.30514	0.00503
V131	0.02514	0.91397	0.00086	0.06003
V132	0.93992	0.02001	0.02319	0.01689
V133	0.91704	0.02771	0.04452	0.01073
V134	0.12277	0.39677	0.13802	0.34244
V135	0.08873	0.02103	0.20071	0.68954
V136	0.27376	0.40154	0.01334	0.31136
V137	0.68983	0.03598	0.22543	0.04876
V138	0.24063	0.39908	0.18298	0.1773
V139	0.40391	0.18235	0.20027	0.21348
V140	0.03282	0.09154	0.06328	0.81236
V141	0.07205	0.14415	0.57327	0.21053
V142	0.79066	0.02768	0.18016	0.0015
V143	0.4854	0.24127	0.06792	0.20542
V144	0.19312	0.1384	0.18266	0.48582
V145	0.00109	0.78704	0.20666	0.00521
V146	0.06358	0.02091	0.04299	0.87252
V147	0.92621	0.02951	0.01567	0.02861
V148	0.14419	0.07112	0.60072	0.18398
V149	0.2775	0.51829	0.19988	0.00433
V150	0.09491	0.23602	0.60465	0.06442
V151	0.22149	0.64264	0.03328	0.10259
V152	0.2589	0.44575	0.21607	0.07928
V153	0.1101	0.77811	0.01862	0.09318
V154	0.26269	0.45669	0.25797	0.02264
V155	0.52418	0.12543	0.27502	0.07537
V156	0.0378	0.13767	0.71521	0.10932
V157	0.34702	0.13776	0.32178	0.19344
V158	0.02701	0.00847	0.05031	0.91421
V159	0.89654	0.06783	0	0.03563
V160	0.73705	0.01105	0.06111	0.19079
V161	0.23823	0.01245	0.03917	0.71015
V162	0.07373	0.30615	0.09071	0.52941
V163	0.10698	0.50809	0.17482	0.21011
V164	0.38606	0.29324	0.10867	0.21203
V165	0.01071	0.28942	0.00745	0.69243
V166	0.0109	0.10345	0.08406	0.80158
V167	0.39103	0.00661	0.01242	0.58994
V168	0.30493	0.57653	0.07427	0.04427
V169	0.215	0.05094	0.04563	0.68844
V170	0.11926	0.03138	0.54718	0.30218
V171	0.14339	0.23887	0.58651	0.03123
V172	0.72897	0.02438	0.24143	0.00521
V173	0.03095	0.15126	0.05094	0.76684
V174	0.01948	0.16924	0.0882	0.72308
V175	0.07098	0.04547	0.77766	0.1059
V176	0.00819	0.83517	0.15146	0.00518
V177	0.00997	0.97604	0.00086	0.01312
V178	0.00681	0.80427	0.00727	0.18165
V179	0.18243	0.02009	0.40288	0.3946
V180	0.02838	0.90146	0.0693	0.00086
V181	0.18416	0.12223	0.55701	0.1366
V182	0.33303	0.17013	0.45151	0.04533
V183	0.17966	0.80943	0.00555	0.00536
V184	0.95599	0.02965	0.01178	0.00258
V185	0.5732	0.41124	0.01059	0.00498
V186	0.13168	0.49347	0.26621	0.10863
V187	0.9432	0.0256	0.02481	0.0064
V188	0.06424	0.24756	0.00685	0.68134
V189	0.84785	0.02316	0.01584	0.11315
V190	0.67522	0.03133	0.28844	0.005
V191	0.2056	0.20239	0.56133	0.03068
V192	0.3337	0.46569	0.05071	0.14991
V193	0.64789	0.03374	0.22247	0.0959
V194	0.03527	0.94093	0.00604	0.01775
V195	0.01541	0.08581	0.88981	0.00897
V196	0.01564	0.09417	0.02278	0.86741
V197	0.46283	0.04301	0.02956	0.4646
V198	0.0693	0.51955	0.36446	0.04669
V199	0.18796	0.02581	0.19264	0.59359
V200	0.14125	0.58831	0.02043	0.25
V201	0.10502	0.57706	0.19086	0.12706
V202	0.01827	0.04972	0.78003	0.15198
V203	0.1764	0.43513	0.37227	0.01621
V204	0.00751	0.57132	0.00984	0.41133
V205	0.02188	0.09643	0.86802	0.01366
V206	0.05301	0.12651	0.81437	0.00611
V207	0.1526	0.18688	0.0618	0.59872
V208	0.26993	0.08275	0.63678	0.01054
V209	0.33387	0.46665	0.06801	0.13147
V210	0.08721	0.79231	0.08324	0.03724
V211	0.46933	0.01574	0.03825	0.47668
V212	0.53823	0.04969	0.3964	0.01568
V213	0.68715	0.0289	0.10473	0.17922
V214	0.3786	0.14229	0.17163	0.30748
V215	0.32904	0.08878	0.02442	0.55776
V216	0.04766	0.00691	0.0414	0.90404
V217	0.04775	0.51171	0.24043	0.20011
V218	0.10831	0.45977	0.17746	0.25446
V219	0.11413	0.66583	0.01304	0.207
V220	0.00698	0.86074	0.00649	0.12579
V221	0.8394	0.01315	0.00478	0.14266
V222	0.35691	0.12006	0.37062	0.15241
V223	0.00874	0.14959	0.77664	0.06504
V224	0.94647	0.02752	0.02374	0.00228
V225	0.05548	0.88952	0.04981	0.0052
V226	0.33042	0.0938	0.5656	0.01018
V227	0.80142	0.01842	0.16996	0.0102
V228	0.81302	0.05884	0.05877	0.06938
V229	0.02234	0.07428	0.88226	0.02111
V230	0.02005	0.04631	0.03902	0.89462
V231	0.01714	0.28592	0.12328	0.57367
V232	0.04608	0.68981	0.00235	0.26176
V233	0.61903	0.07557	0.19049	0.11491
V234	0.03536	0.92677	0.02671	0.01116
V235	0.40428	0.06872	0.50436	0.02264
V236	0.04931	0.0861	0.80007	0.06452
V237	0.17918	0.01388	0.04227	0.76467
V238	0.13986	0.56932	0.25283	0.03799
V239	0.07258	0.42142	0.02438	0.48161
V240	0.5238	0.04535	0.39526	0.03558
V241	0.02069	0.05799	0.86356	0.05776
V242	0.13074	0.77779	0.08142	0.01005
V243	0.26244	0.05526	0.62111	0.06119
V244	0.22188	0.03764	0.67131	0.06917
V245	0.63237	0.28002	0.04544	0.04217
V246	0.06132	0.16549	0.75518	0.01801
V247	0.17506	0.0716	0.75212	0.00122
V248	0.02694	0.0442	0.06182	0.86704
V249	0.00279	0.08011	0.85919	0.05792
V250	0.77744	0.02172	0.19559	0.00525
V251	0.93139	0.05739	0.00469	0.00653
V252	0.01014	0.85443	0.13456	0.00088
V253	0.41137	0.05865	0.16878	0.36121
V254	0.00888	0.94167	0.04366	0.00579
V255	0.04471	0.92349	0.00076	0.03104
V256	0.19663	0.2058	0.52534	0.07223
V257	0.47419	0.08507	0.23514	0.2056
V258	0.19948	0.25473	0.43669	0.10911
V259	0.03797	0.3023	0.62788	0.03185
V260	0.00238	0.3129	0.6789	0.00581
V261	0.66285	0.03115	0.1856	0.12041
V262	0.10621	0.06193	0.02586	0.806
V263	0.01732	0.9633	0.00073	0.01866
V264	0.18341	0.03841	0.45179	0.32639
V265	0.03502	0.01139	0.1586	0.79498
V266	0.63451	0.35813	0.00597	0.00138
V267	0.00088	0.17224	0.3114	0.51547
V268	0.42928	0.02198	0.14651	0.40222
V269	0.00736	0.57776	0.37607	0.0388
V270	0.6818	0.02838	0.22633	0.06349
V271	0.83581	0.05856	0.02899	0.07664
V272	0.0541	0.84975	0.01202	0.08413
V273	0.06132	0.03067	0.05007	0.85795
V274	0.73617	0.01198	0.16726	0.08459
V275	0.00415	0.09288	0.89279	0.01018
V276	0.54382	0.32188	0.01036	0.12394
V277	0.03885	0.20309	0.17803	0.58003
V278	0.03915	0.05633	0.32048	0.58404
V279	0.73689	0.05048	0.10226	0.11037
V280	0.02701	0.00847	0.05031	0.91421
V281	0.59541	0.02758	0.13662	0.24039
V282	0.06059	0.08829	0.80299	0.04813
V283	0.22679	0.59156	0.05951	0.12214
V284	0.02638	0.91771	0.05047	0.00544
V285	0.07996	0.07422	0.84417	0.00165
V286	0.26443	0.55338	0.10429	0.0779
V287	0.09556	0.87565	0.01179	0.017
V288	0.01611	0.27196	0.45632	0.2556
V289	0.31155	0.2077	0.41852	0.06222
V290	0.81013	0.17632	0.01196	0.00159
V291	0.51646	0.07439	0.39945	0.0097
V292	0.93728	0.02055	0	0.04217
V293	0.31348	0.04097	0.61517	0.03039
V294	0.09765	0.38409	0.00456	0.5137
V295	0.01767	0.17293	0.21133	0.59806
V296	0.19349	0.12075	0.61445	0.07132
V297	0.08231	0.00784	0.08796	0.82189
V298	0.31979	0.11021	0.5599	0.01009
V299	0.07474	0.2876	0.01933	0.61833
V300	0.00148	0.04281	0.2557	0.7
V301	0.13124	0.11221	0.65785	0.0987
V302	0.65186	0.33734	0	0.0108
V303	0.00082	0.61878	0.35646	0.02394
V304	0.05965	0.04754	0.7494	0.14341
V305	0.13505	0.14809	0.48525	0.23161
V306	0.8371	0.08531	0.0434	0.03419
V307	0.01706	0.95777	0.01332	0.01185
V308	0.25769	0.21306	0.30907	0.22018
V309	0.36888	0.30319	0.0277	0.30023
V310	0.08605	0.31578	0.16231	0.43585
V311	0.51565	0.4744	0.0048	0.00515
V312	0.099	0.75778	0.12697	0.01625
V313	0.00106	0.12981	0.03033	0.8388
V314	0.01594	0.49698	0.11768	0.3694
V315	0.1272	0.64786	0.03557	0.18936
V316	0.34263	0.12176	0.39236	0.14325
V317	0.08917	0.7276	0.04318	0.14005
V318	0.03653	0.58417	0.01544	0.36386
V319	0.06196	0.0883	0.82392	0.02582
V320	0.08283	0.14262	0.66542	0.10912
V321	0.62451	0.36812	0.00599	0.00138
V322	0.21638	0.31714	0.07599	0.39049
V323	0.05715	0.02646	0.10542	0.81097
V324	0.68147	0.24237	0.06082	0.01534
V325	0.30923	0.63829	0.04789	0.0046
V326	0.00029	0.58854	0.0944	0.31677
V327	0.01933	0.14462	0.11841	0.71763
V328	0.04875	0.04812	0.75055	0.15258
V329	0.19238	0.0997	0.18282	0.5251
V330	0.41995	0.0171	0.33443	0.22853
V331	0.38286	0.07684	0.04752	0.49278
V332	0.01009	0.05261	0.2058	0.73149
V333	0.45832	0.06902	0.38006	0.09259
V334	0.38187	0.01816	0.3599	0.24007
V335	0.02638	0.33757	0.52559	0.11045
V336	0.18097	0.71647	0.0181	0.08445
V337	0.3006	0.39894	0.27795	0.02251
V338	0.001	0.98331	0.00841	0.00729
V339	0.13077	0.06107	0.80134	0.00683
V340	0.06047	0.21837	0.55059	0.17057
V341	0.02542	0.04111	0.07993	0.85354
V342	0.26008	0.03118	0.59811	0.11063
V343	0.95236	0.03562	0.00499	0.00703
V344	0.68429	0.15308	0.1617	0.00094
V345	0.01963	0.10325	0.87582	0.00131
V346	0.25624	0.09857	0.29989	0.3453
V347	0.045	0.01704	0.14616	0.7918
V348	0.05657	0.68218	0.13676	0.12449
V349	0.37841	0.15136	0.38313	0.08709
V350	0.02779	0.8194	0.15201	0.00081
V351	0.01824	0.03906	0.42475	0.51795
V352	0.05003	0.05506	0.83031	0.06461
V353	0.89691	0.02662	0.02889	0.04758
V354	0.04548	0.71803	0.20619	0.0303
V355	0.29916	0.07052	0.46895	0.16137
V356	0.0346	0.02888	0.1178	0.81872
V357	0.12332	0.32493	0.2938	0.25795
V358	0.58948	0.08969	0.04915	0.27168
V359	0.61565	0.04775	0.03334	0.30326
V360	0.55358	0.41962	0.01684	0.00996
V361	0.00168	0.47575	0.51724	0.00533
V362	0.00102	0.97677	0.01529	0.00692
V363	0.18625	0.10776	0.48845	0.21755
V364	0.16608	0.073	0.68133	0.07959
V365	0.28656	0.02699	0.02021	0.66625
V366	0.07843	0.71041	0.0787	0.13246
V367	0.61266	0.1247	0.00572	0.25692
V368	0.08854	0.75745	0.07648	0.07754
V369	0.01848	0.423	0.55344	0.00509
V370	0.31649	0.26747	0.39333	0.0227
V371	0.19005	0.73303	0.02508	0.05185
V372	0.17779	0.04899	0.13198	0.64124
V373	0.08432	0.13022	0.50057	0.28489
V374	0.77601	0.03368	0.189	0.00131
V375	0.04261	0.04166	0.16241	0.75332
V376	0.03386	0.03683	0.11586	0.81345
V377	0.8139	0.00812	0.01089	0.1671
V378	0.00882	0.04095	0.43458	0.51565
V379	0.36857	0.1845	0.01455	0.43238
V380	0.16442	0.06491	0.21657	0.5541
V381	0.76689	0.01708	0.08433	0.1317
V382	0.08733	0.07875	0.82729	0.00663
V383	0.8539	0.01308	0.04322	0.0898
V384	0.60226	0.0645	0.12754	0.20569
V385	0.87376	0.02113	0.06473	0.04038
V386	0.32711	0.01674	0.15304	0.50311
V387	0.62573	0.12976	0.17906	0.06545
V388	0.40771	0.31596	0.1442	0.13213
V389	0.42719	0.51153	0.01041	0.05087
V390	0.30867	0.25659	0.43036	0.00438
V391	0.45422	0.09363	0.02149	0.43066
V392	0.46535	0.20101	0.16412	0.16952
V393	0.30686	0.21258	0.35388	0.12667
V394	0.09966	0.2227	0.12196	0.55568
V395	0.24056	0.38833	0.204	0.1671
V396	0.00858	0.96644	0.00675	0.01823
V397	0.80272	0.07937	0.09037	0.02755
V398	0.48898	0.11905	0.09689	0.29508
V399	0.20404	0.56359	0.14466	0.08771
V400	0.00035	0.61062	0.0655	0.32354
V401	0.03805	0.16349	0.7338	0.06466
V402	0.78492	0.18193	0.03184	0.00132
V403	0.02574	0.03247	0.09125	0.85054
V404	0.09485	0.19266	0.63069	0.08181
V405	0.23929	0.03188	0.1794	0.54943
V406	0.67112	0.23272	0.0161	0.08006
V407	0.001	0.98331	0.00841	0.00729
V408	0.09681	0.23407	0.42316	0.24596
V409	0.00176	0.04605	0.04988	0.9023
V410	0.0852	0.87228	0.02578	0.01674
V411	0.47083	0.01452	0.00455	0.5101
V412	0.17151	0.07451	0.51761	0.23637
V413	0.05925	0.49891	0.18815	0.25369
V414	0.03613	0.52224	0.33271	0.10891
V415	0.48028	0.0289	0.23195	0.25887
V416	0.01629	0.13362	0.84893	0.00117
V417	0.3763	0.61359	0.00499	0.00512
V418	0.07605	0.0963	0.15787	0.66977
V419	0.02436	0.01009	0.05879	0.90676
V420	0.00056	0.91136	0.01267	0.07541
V421	0.16582	0.05537	0.68204	0.09677
V422	0.0493	0.07397	0.02045	0.85628
V423	0.0854	0.06428	0.83089	0.01943
V424	0.00168	0.06423	0.64202	0.29208
V425	0.05993	0.2354	0.61298	0.0917
V426	0.0945	0.06824	0.78153	0.05573
V427	0.07236	0.40068	0.20359	0.32337
V428	0.08749	0.79388	0.04984	0.06879
V429	0.02227	0.01064	0.06712	0.89997
V430	0.7746	0.15409	0.01567	0.05564
V431	0.19534	0.03224	0.46983	0.3026
V432	0.11548	0.09031	0.05755	0.73666
V433	0.05531	0.76082	0.00159	0.18227
V434	0.37003	0.06767	0.05668	0.50563
V435	0.54667	0.01486	0.12101	0.31747
V436	0.41472	0.0154	0.1191	0.45077
V437	0.25113	0.22625	0.00936	0.51326
V438	0.65138	0.14157	0.03178	0.17527
V439	0.036	0.11147	0.01912	0.83341
V440	0.52123	0.03438	0.03616	0.40824
V441	0.0715	0.12649	0.6245	0.17751
V442	0.34636	0.33135	0.13868	0.18361
V443	0.77281	0.01229	0.08403	0.13087
V444	0.01963	0.10325	0.87582	0.00131
V445	0.63296	0.0315	0.31379	0.02175
V446	0.03412	0.85564	0.04965	0.06059
V447	0.66855	0.08365	0.16717	0.08064
V448	0.01937	0.06677	0.21436	0.69949
V449	0.59389	0.04268	0.28255	0.08088
V450	0.13789	0.8466	0.01442	0.00108
V451	0.92321	0.05924	0	0.01754
V452	0.0377	0.01961	0.09236	0.85033
V453	0.83161	0.06879	0.05867	0.04094
V454	0.00084	0.94465	0.04288	0.01163
V455	0.62789	0.03853	0.28439	0.04919
V456	0.35475	0.11214	0.39054	0.14256
V457	0.0015	0.06644	0.03351	0.89855
V458	0.2894	0.22304	0.00891	0.47866
V459	0.01537	0.82223	0.08525	0.07714
V460	0.94259	0.02222	0.02382	0.01138
V461	0.06341	0.04434	0.02173	0.87052
V462	0.3754	0.23874	0.00271	0.38315
V463	0.27108	0.47752	0.15468	0.09672
V464	0.54381	0.09239	0.00686	0.35694
V465	0.42752	0.41994	0.02493	0.12761
V466	0.62045	0.17243	0.0052	0.20193
V467	0.32585	0.57173	0.0731	0.02932
V468	0.51961	0.39105	0.04652	0.04282
V469	0.017	0.17086	0.31203	0.50011
V470	0.59001	0.11012	0.17415	0.12573
V471	0.29247	0.09916	0.04136	0.56701
V472	0.34757	0.32699	0.00224	0.32319
V473	0.10296	0.56028	0.32036	0.01641
V474	0.12844	0.00794	0.11903	0.74459
V475	0.2016	0.40081	0.08403	0.31356
V476	0.17802	0.02117	0.06707	0.73374
V477	0.63423	0.03749	0.19779	0.13048
V478	0.13983	0.60697	0.00679	0.24641
V479	0.01826	0.10503	0.80314	0.07356
V480	0.08632	0.31736	0.05202	0.5443
V481	0.15205	0.06026	0.77559	0.0121
V482	0.72038	0.15033	0.10148	0.02781
V483	0.14025	0.10448	0.0836	0.67167
V484	0.02512	0.08312	0.03949	0.85227
V485	0.12206	0.75561	0.01188	0.11045
V486	0.29909	0.25356	0.13399	0.31335
V487	0.07831	0.04857	0.10034	0.77277
V488	0.00376	0.05859	0.84641	0.09124
V489	0.22525	0.11764	0.64659	0.01051
V490	0.37283	0.30371	0.07088	0.25258
V491	0.45965	0.45804	0.03149	0.05082
V492	0.02612	0.85214	0.1167	0.00504
V493	0.04031	0.00683	0.01497	0.93789
V494	0.21062	0.15135	0.52992	0.10811
V495	0.22892	0.62877	0.12645	0.01586
V496	0.27391	0.6889	0.00024	0.03695
V497	0.01703	0.07437	0.8986	0.01
V498	0.34567	0.09564	0.05717	0.50151
V499	0.62254	0.26193	0.11112	0.00441
V500	0.10655	0.13588	0.7258	0.03177
V501	0.00291	0.01712	0.07708	0.90289
V502	0.57268	0.26619	0.13956	0.02156
V503	0.21716	0.08991	0.21435	0.47858
V504	0.23457	0.70278	0.01101	0.05163
V505	0.2191	0.20263	0.26927	0.309
V506	0.09621	0.24755	0.47493	0.18131
V507	0.65423	0.08942	0.11593	0.14043
V508	0.77253	0.15659	0.03653	0.03435
V509	0.24745	0.06606	0.51435	0.17215
V510	0.23091	0.5243	0.24043	0.00437
V511	0.04872	0.43578	0.05064	0.46486
V512	0.26547	0.04722	0.08835	0.59895
V513	0.0789	0.66488	0.20206	0.05415
V514	0.01879	0.09305	0.01237	0.8758
V515	0.79907	0.05628	0.04421	0.10045
V516	0.89208	0.10126	0	0.00666
V517	0.04021	0.03375	0.27553	0.65051
V518	0.93786	0.05471	0	0.00742
V519	0.02465	0.88582	0.00596	0.08357
V520	0.028	0.03126	0.6333	0.30743
V521	0.58656	0.05227	0.33934	0.02183
V522	0.00754	0.12886	0.60426	0.25935
V523	0.38646	0.11566	0.2654	0.23247
V524	0.00711	0.79595	0.17356	0.02338
V525	0.28045	0.19991	0.03126	0.48838
V526	0.68421	0.07134	0.07117	0.17328
V527	0.22218	0.03015	0.41364	0.33403
V528	0.0958	0.86607	0.00057	0.03755
V529	0.06342	0.06223	0.24301	0.63134
V530	0.00802	0.21243	0.68817	0.09137
V531	0.01873	0.87894	0.1015	0.00083
V532	0.18825	0.33015	0.03142	0.45018
V533	0.30782	0.34613	0.14054	0.20551
V534	0.00897	0.04421	0.71867	0.22815
V535	0.5855	0.0061	0.01462	0.39377
V536	0.20621	0.01621	0.38689	0.39068
V537	0.60459	0.24856	0.13749	0.00936
V538	0.49461	0.04904	0.08798	0.36836
V539	0.28817	0.43014	0.15645	0.12524
V540	0.20206	0.70329	0.06515	0.0295
V541	0.01633	0.53078	0.0675	0.38539
V542	0.21821	0.1181	0.26918	0.39452
V543	0.89267	0.01535	0.00985	0.08213
V544	0.11326	0.08377	0.18758	0.61538
V545	0.40127	0.13065	0.07293	0.39515
V546	0.04558	0.89153	0.05769	0.0052
V547	0.0363	0.66238	0.29105	0.01027
V548	0.15258	0.76975	0.07298	0.00469
V549	0.33734	0.05678	0.5954	0.01047
V550	0.61907	0.0308	0.0023	0.34783
V551	0.17775	0.74545	0.03252	0.04428
V552	0.00046	0.55966	0.01041	0.42947
V553	0.24058	0.15628	0.58669	0.01645
V554	0.05689	0.09283	0.03514	0.81514
V555	0.09802	0.2217	0.35569	0.32459
V556	0.00339	0.08468	0.88319	0.02874
V557	0.83899	0.02995	0.00983	0.12124
V558	0.06525	0.8063	0.02641	0.10204
V559	0.01005	0.82017	0.16895	0.00083
V560	0.67185	0.32245	0	0.0057
V561	0.00415	0.09288	0.89279	0.01018
V562	0.8036	0.01473	0.10575	0.07592
V563	0.25397	0.05046	0.68972	0.00585
V564	0.06297	0.11036	0.81452	0.01215
V565	0.13635	0.25467	0.39584	0.21315
V566	0.73008	0.08884	0.00472	0.17637
V567	0.23513	0.4533	0.02818	0.28339
V568	0.26251	0.01164	0.06335	0.66249
V569	0.70941	0.03014	0.00134	0.25911
V570	0.02701	0.29849	0.61824	0.05626
V571	0.82977	0.12163	0	0.0486
V572	0.46694	0.02565	0.42541	0.082
V573	0.0655	0.18345	0.01489	0.73616
V574	0.03536	0.80153	0.1528	0.01031
V575	0.02024	0.08673	0.14173	0.7513
V576	0.15007	0.80692	0.03275	0.01026
V577	0.04052	0.04861	0.23397	0.67691
V578	0.0596	0.07876	0.69691	0.16472
V579	0.00753	0.89317	0.08227	0.01703
V580	0.16459	0.01254	0.12475	0.69811
V581	0.07154	0.09162	0.01026	0.82657
V582	0.62	0.13324	0.0324	0.21435
V583	0.00834	0.05989	0.61689	0.31488
V584	0.54747	0.14896	0.27505	0.02852
V585	0.00909	0.03056	0.47334	0.48701
V586	0.24831	0.03781	0.63656	0.07732
V587	0.27854	0.04489	0.65292	0.02366
V588	0.66477	0.04033	0.02526	0.26965
V589	0.05412	0.83554	0.0579	0.05244
V590	0.04616	0.7782	0.17078	0.00485
V591	0.00146	0.04857	0.22664	0.72334
V592	0.16464	0.08352	0.7507	0.00114
V593	0.61485	0.00946	0.17808	0.1976
V594	0.35766	0.28274	0.32256	0.03704
V595	0.03239	0.04106	0.03632	0.89023
V596	0.03794	0.28275	0.24209	0.43722
V597	0.00072	0.59842	0.32939	0.07147
V598	0.02045	0.15227	0.81483	0.01245
V599	0.63562	0.31255	0.03013	0.0217
V600	0.37836	0.47057	0.04924	0.10183
V601	0.17814	0.27323	0.08771	0.46091
V602	0.0342	0.04512	0.02673	0.89395
V603	0.00848	0.39295	0.01974	0.57882
V604	0.54264	0.11519	0.32033	0.02184
V605	0.07176	0.33065	0.41621	0.18138
V606	0.75382	0.1428	0.00953	0.09385
V607	0.68435	0.0153	0.10469	0.19566
V608	0.24171	0.15243	0.39779	0.20808
V609	0.02727	0.23592	0.25493	0.48188
V610	0.79359	0.02389	0.08312	0.0994
V611	0.31165	0.0106	0.06127	0.61648
V612	0.02833	0.11418	0.80091	0.05658
V613	0.03767	0.34633	0.58438	0.03163
V614	0.79042	0.05637	0.04436	0.10885
V615	0.14356	0.05934	0.01634	0.78075
V616	0.07775	0.72926	0.04343	0.14956
V617	0.48477	0.17265	0.34188	7e-04
V618	0.74996	0.01318	0.00117	0.2357
V619	0.41414	0.03415	0.31889	0.23283
V620	0.00818	0.68165	0.30514	0.00503
V621	0.46627	0.14005	0.17502	0.21866
V622	0.37903	0.22017	0.37834	0.02247
V623	0.02018	0.07661	0.16259	0.74063
V624	0.7872	0.1962	0	0.0166
V625	0.28321	0.49707	0.09647	0.12325
V626	0.94682	0.04064	0	0.01254
V627	0.00168	0.04125	0.09781	0.85925
V628	9e-04	0.24618	0.02375	0.72917
V629	0.13685	0.28862	0.29462	0.27991
V630	0.03765	0.34465	0.57838	0.03932
V631	0.01863	0.19847	0.11619	0.66671
V632	0.61707	0.00734	0.13334	0.24225
V633	0.00233	0.07054	0.8194	0.10773
V634	0.41467	0.26663	0.31444	0.00426
V635	0.02501	0.78506	0.00689	0.18305
V636	0.13156	0.11083	0.64951	0.10811
V637	0.33856	0.1846	0.09341	0.38343
V638	0.41306	0.24562	0.07056	0.27076
V639	0.2762	0.4377	0.28547	0.00063
V640	0.03858	0.16982	0.75149	0.04012
V641	0.89711	0.04012	0.02188	0.04089
V642	0.77885	0.16555	0	0.0556
V643	0.00724	0.18522	0.47967	0.32786
V644	0.90106	0.08358	0.00419	0.01117
V645	0.27431	0.41322	0.29668	0.0158
V646	0.00989	0.97557	0.0077	0.00684
V647	0.15431	0.10186	0.69718	0.04665
V648	0.42671	0.42612	0.12528	0.02189
V649	0.02896	0.09265	0.82951	0.04889
V650	0.0602	0.10908	0.77471	0.056
V651	0.31891	0.04587	0.62966	0.00556
V652	0.09686	0.08962	0.46588	0.34764
V653	0.12581	0.68168	0.09664	0.09586
V654	0.72023	0.18527	0.05262	0.04188
V655	0.03642	0.59675	0.02276	0.34407
V656	0.22599	0.27149	0.01591	0.48661
V657	0.0274	0.08959	0.02144	0.86157
V658	0.63857	0.1914	0.05508	0.11496
V659	0.35596	0.08212	0.37138	0.19054
V660	0.02677	0.95399	0.00077	0.01847
V661	0.06015	0.43539	0.05926	0.4452
V662	0.43382	0.03122	0.45182	0.08314
V663	0.25685	0.07923	0.56739	0.09653
V664	0.21392	0.08407	0.66382	0.03819
V665	0.71908	0.17182	0.0373	0.0718
V666	0.61684	0.00664	0.09866	0.27786
V667	0.76546	0.08326	0.15015	0.00113
V668	0.11882	0.80474	0.07563	0.00081
V669	0.24834	0.41192	0.25065	0.08908
V670	0.0753	0.9062	0.00059	0.0179
V671	0.39087	0.27558	0.25545	0.07811
V672	0.0213	0.07752	0.8737	0.02748
V673	0.25315	0.36406	0.23589	0.14689
V674	0.74966	0.13221	0.01601	0.10212
V675	0.14818	0.32539	0.33489	0.19154
V676	0.03004	0.11188	0.11935	0.73873
V677	0.41068	0.39254	0.09401	0.10277
V678	0.50897	0.47527	0.0108	0.00495
V679	0.04912	0.33195	0.60818	0.01074
V680	0.31407	0.54363	0.12651	0.01578
V681	0.89981	0.0682	0.00958	0.02241
V682	0.11814	0.30581	0.54488	0.03116
V683	0.01234	0.96648	0.02015	0.00103
V684	0.7251	0.14768	0.08551	0.0417
V685	0.51752	0.3311	0.11579	0.03559
V686	0.10002	0.17615	0.16572	0.55811
V687	0.03433	0.02871	0.03903	0.89792
V688	0.3869	0.50486	0.00039	0.10785
V689	0.274	0.00593	0.05492	0.66515
V690	0.49409	0.05026	0.405	0.05065
V691	0.16402	0.05805	0.77144	0.00649
V692	0.08272	0.15006	0.71157	0.05566
V693	0.25371	0.10285	0.3854	0.25804
V694	0.00924	0.03905	0.31967	0.63203
V695	0.26153	0.01208	0.16715	0.55924
V696	0.08006	0.09024	0.02523	0.80447
V697	0.01745	0.07931	0.02424	0.879
V698	0.84184	0.01275	0.01034	0.13507
V699	0.59401	0.26917	0.06298	0.07384
V700	0.25077	0.02994	0.01439	0.70491
V701	0.11889	0.53995	0.11286	0.2283
V702	0.57998	0.0733	0.01267	0.33405
V703	0.14524	0.05669	0.51045	0.28762
V704	0.84346	0.04323	0.0222	0.09111
V705	0.95128	0.01509	0.01044	0.02319
V706	0.08271	0.07384	0.77092	0.07253
V707	0.03712	0.44645	0.48513	0.0313
V708	0.03404	0.8871	0.01878	0.06007
V709	0.14482	0.26543	0.52572	0.06403
V710	0.63808	0.19108	0.04728	0.12356
V711	0.0867	0.80827	0.08208	0.02295
V712	0.83744	0.0522	0.00408	0.10628
V713	0.46781	0.28447	0.03387	0.21386
V714	0.00682	0.69689	0.02173	0.27455
V715	0.32181	0.3282	0.2967	0.05329
V716	0.03673	0.05091	0.05894	0.85342
V717	0.07581	0.91152	0.00059	0.01208
V718	0.1542	0.57112	0.1768	0.09789
V719	0.0559	0.73062	0.03579	0.17769
V720	0.7184	0.01474	0.21176	0.05511
V721	0.13514	0.15844	0.4954	0.21103
V722	0.09793	0.35119	0.01764	0.53324
V723	0.11776	0.08741	0.01612	0.7787
V724	0.6168	0.02641	0.08229	0.27451
V725	0.00271	0.1334	0.83679	0.02709
V726	0.03758	0.39047	0.13008	0.44187
V727	0.26682	0.64753	0.08117	0.00448
V728	0.02613	0.8862	0.08246	0.0052
V729	0.43969	0.01617	0.16532	0.37882
V730	0.90493	0.03726	0.03589	0.02192
V731	0.02666	0.193	0.42587	0.35446
V732	0.3802	0.07333	0.35732	0.18916
V733	0.67764	0.16975	0.03076	0.12185
V734	0.24955	0.3147	0.43133	0.00442
V735	0.01773	0.04094	0.51086	0.43047
V736	0.15844	0.01653	0.01846	0.80658
V737	0.35843	0.27607	0.24056	0.12494
V738	0.08311	0.33244	0.46452	0.11994
V739	0.0017	0.04139	0.62117	0.33575
V740	0.84488	0.08566	0.05948	0.00998
V741	0.52438	0.09102	0.12363	0.26097
V742	0.39295	0.59359	0.01246	0.00101
V743	0.14243	0.15663	0.68382	0.01712
V744	0.55096	0.04366	0.31547	0.08991
V745	0.01534	0.71373	0.1744	0.09652
V746	0.96714	0.02415	0	0.00871
V747	0.05946	0.03706	0.71504	0.18843
V748	0.1324	0.1064	0.60535	0.15585
V749	0.30858	0.16653	0.05717	0.46771
V750	0.43143	0.45095	0.01727	0.10034
V751	0.04368	0.87814	0.03349	0.04469
V752	0.50083	0.20864	0.13275	0.15777
V753	0.03079	0.05122	0.01322	0.90476
V754	0.00808	0.93831	0.00088	0.05273
V755	0.16344	0.18541	0.36296	0.28819
V756	0.02968	0.02408	0.06668	0.87956
V757	0.34438	0.57751	0.05582	0.02229
V758	0.04454	0.78181	0.11226	0.06139
V759	0.13466	0.06203	0.42752	0.37579
V760	0.31926	0.0545	0.29104	0.33521
V761	0.06868	0.58956	0.26996	0.0718
V762	6e-04	0.40505	0.02002	0.57433
V763	0.41459	0.34376	0.02631	0.21534
V764	0.00747	0.93373	0.00628	0.05252
V765	0.69652	0.08266	0.00104	0.21978
V766	0.01597	0.32121	0.46128	0.20154
V767	0.51939	0.11309	0.23966	0.12786
V768	0.05441	0.90972	0.01881	0.01705
V769	0.13887	0.82505	0.02568	0.0104
V770	0.00989	0.97557	0.0077	0.00684
V771	0.17535	0.05824	0.75457	0.01184
V772	0.14168	0.08398	0.76854	0.00581
V773	0.15873	0.82515	0.0053	0.01082
V774	0.02253	0.06555	0.88356	0.02835
V775	0.12373	0.04394	0.30415	0.52817
V776	0.45113	0.40795	0.0485	0.09241
V777	0.19242	0.10923	0.15143	0.54692
V778	0.56884	0.2588	0.06436	0.108
V779	0.18349	0.04881	0.51379	0.25391
V780	0.10957	0.77186	0.11781	0.00076
V781	0.04985	0.04163	0.04097	0.86754
V782	0.00899	0.14279	0.7913	0.05692
V783	0.81042	0.02294	0.04417	0.12246
V784	0.10683	0.87538	0.01231	0.00548
V785	0.03499	0.93516	0.01242	0.01743
V786	0.74146	0.14775	0.07633	0.03446
V787	0.00107	0.85137	0.14217	0.00538
V788	0.53413	0.28793	0.14232	0.03562
V789	0.07344	0.37489	0.03346	0.5182
V790	0.48816	0.02803	0.07931	0.40449
V791	0.14667	0.37385	0.34024	0.13925
V792	0.14123	0.55251	0.00719	0.29907
V793	0.12633	0.66932	0.03519	0.16917
V794	0.04912	0.10139	0.78493	0.06455
V795	0.11671	0.04717	0.06906	0.76706
V796	0.02999	0.12024	0.83056	0.01921
V797	0.76594	0.01972	0.20418	0.01015
V798	0.63046	0.28509	0.0692	0.01525
V799	0.1322	0.78223	0.02544	0.06012
V800	0.0716	0.03795	0.54323	0.34722
V801	0.15062	0.11177	0.35258	0.38503
V802	0.039	0.08004	0.30019	0.58077
V803	0.22763	0.52424	0.24756	0.00058
V804	0.5488	0.02866	0.36522	0.05733
V805	0.02218	0.08443	0.89146	0.00193
V806	0.04395	0.9137	0.01189	0.03046
V807	0.28095	0.14741	0.04079	0.53085
V808	0.67637	0.25826	0.03733	0.02804
V809	0.04681	0.10387	0.84814	0.00118
V810	0.01105	0.98033	0.00089	0.00773
V811	0.46215	0.06709	0.20505	0.26572
V812	0.57978	0.24709	0.04792	0.12521
V813	0.61985	0.18365	0.17494	0.02156
V814	0.43234	0.52363	0.03942	0.00461
V815	0.00098	0.92615	0.0671	0.00577
V816	0.91489	0.02556	0.05748	0.00207
V817	0.03068	0.11681	0.83968	0.01283
V818	0.0014	0.07583	0.05516	0.86761
V819	0.84504	0.07737	0.04336	0.03423
V820	0.14104	0.09917	0.03018	0.72961
V821	0.23531	0.31153	0.39029	0.06287
V822	0.07442	0.07162	0.83459	0.01936
V823	0.02729	0.20057	0.68983	0.08231
V824	0.09384	0.39733	0.50811	0.00072
V825	0.24412	0.28164	0.26379	0.21046
V826	0.44438	0.40545	0.14073	0.00943
V827	0.37963	0.5873	0.01058	0.0225
V828	0.24457	0.15796	0.11753	0.47994
V829	0.03973	0.25516	0.04604	0.65908
V830	0.24171	0.22471	0.03175	0.50183
V831	0.79668	0.08109	0.02934	0.09289
V832	0.2913	0.39454	0.16892	0.14524
V833	0.15683	0.51517	0.18129	0.14671
V834	0.31954	0.06851	0.08613	0.52582
V835	0.37917	0.44062	0.112	0.0682
V836	0.0071	0.70347	0.00836	0.28106
V837	0.24172	0.3761	0.194	0.18819
V838	0.91667	0.05344	0.02405	0.00584
V839	0.30358	0.60239	0.08958	0.00445
V840	0.28254	0.70977	0.00661	0.00109
V841	0.00283	0.08762	0.85922	0.05033
V842	0.3875	0.15438	0.2654	0.19272
V843	0.0194	0.06567	0.84962	0.06531
V844	0.12275	0.0879	0.40793	0.38142
V845	0.07151	0.12405	0.74857	0.05588
V846	0.00214	0.05294	0.757	0.18791
V847	0.00309	0.01564	0.05743	0.92384
V848	0.09448	0.52089	0.17465	0.20999
V849	0.00074	0.96115	0.00671	0.0314
V850	0.95916	0.0174	0.01128	0.01216
V851	0.3372	0.52863	0.1335	0.00067
V852	0.11433	0.052	0.14614	0.68753
V853	0.26584	0.2165	0.40967	0.10799
V854	0.63164	0.15362	0.09925	0.11549
V855	0.00309	0.01564	0.05743	0.92384
V856	0.04839	0.35491	0.37309	0.22361
V857	0.70513	0.16066	0.03034	0.10387
V858	0.56477	0.03605	0.39422	0.00495
V859	0.68189	0.22203	0.0161	0.07998
V860	0.20379	0.11178	0.06206	0.62238
V861	0.09343	0.36954	0.52672	0.01031
V862	0.14151	0.10458	0.71494	0.03898
V863	0.21485	0.06534	0.00741	0.71239
V864	0.06944	0.04419	0.06399	0.82239
V865	0.12312	0.01686	0.29047	0.56955
V866	0.73203	0.03136	0.2267	0.00991
V867	0.72725	0.04117	0.2267	0.00488
V868	0.54403	0.26295	0.12645	0.06656
V869	0.01822	0.9679	0.00728	0.0066
V870	0.11062	0.34901	0.02474	0.51563
V871	0.00074	0.96115	0.00671	0.0314
V872	0.01003	0.03099	0.27679	0.68218
V873	0.89332	0.03594	0.04292	0.02781
V874	0.19108	0.78045	0.02755	0.00091
V875	0.0173	0.19361	0.22226	0.56684
V876	0.17048	0.32782	0.42044	0.08125
V877	0.04846	0.40215	0.31469	0.23471
V878	0.1287	0.81097	0.05953	0.00079
V879	0.19405	0.69677	0.04095	0.06822
V880	0.31909	0.54826	0.00515	0.12749
V881	0.15547	0.05646	0.61574	0.17234
V882	0.81492	0.01101	0.113	0.06107
V883	0.29198	0.2161	0.49125	0.00066
V884	0.02011	0.29821	0.00707	0.67461
V885	0.70395	0.2168	0.07821	0.00103
V886	0.01601	0.3711	0.48379	0.12909
V887	0.6701	0.05897	0.14947	0.12146
V888	0.10579	0.07073	0.7429	0.08058
V889	0.91309	0.05441	0.01599	0.01651
V890	0.0375	0.15083	0.64432	0.16734
V891	0.64753	0.05326	0.26434	0.03487
V892	0.3044	0.17846	0.0159	0.50123
V893	0.60967	0.19837	0.14174	0.05022
V894	0.07067	0.32079	0.5771	0.03144
V895	0.62751	0.05992	0.18967	0.12289
V896	0.03527	0.94093	0.00604	0.01775
V897	0.702	0.24494	0.00388	0.04918
V898	0.49442	0.0066	0.01025	0.48874
V899	0.0285	0.19263	0.15756	0.62131
V900	0.08463	0.29224	0.38745	0.23568
V901	0.03433	0.85045	0.00593	0.10929
V902	0.04569	0.90654	0.04241	0.00536
V903	0.00773	0.43601	0.51687	0.03939
V904	0.01941	0.97229	0.00082	0.00748
V905	0.16182	0.00938	0.19455	0.63425
V906	0.43816	0.08302	0.10919	0.36963
V907	0.43901	0.50078	0.0169	0.04331
V908	0.01265	0.06124	0.08877	0.83734
V909	0.12936	0.81037	0.00064	0.05962
V910	0.17593	0.00791	0.13425	0.68191
V911	0.53274	0.37861	0.0309	0.05774
V912	0.41958	0.31441	0.12499	0.14103
V913	0.12563	0.0054	0.02182	0.84714
V914	0.18906	0.49765	0.2832	0.03009
V915	0.23963	0.0057	0.01658	0.73809
V916	0.26202	0.07342	0.62678	0.03778
V917	0.73799	0.03195	0.15204	0.07802
V918	0.04612	0.64769	0.2262	0.07999
V919	0.21856	0.2253	0.31231	0.24382
V920	0.64639	0.18362	0.08858	0.08141
V921	0.03064	0.17217	0.04101	0.75618
V922	0.10464	0.47284	0.38404	0.03848
V923	0.08249	0.02661	0.05631	0.83459
V924	0.03577	0.68593	0.25492	0.02338
V925	0.19187	0.03903	0.02301	0.7461
V926	0.21515	0.02825	0.03867	0.71792
V927	0.02505	0.05248	0.06909	0.85338
V928	0.04385	0.89829	0.00568	0.05218
V929	0.05701	0.66002	0.12901	0.15396
V930	0.53022	0.3562	0.03134	0.08224
V931	0.14488	0.27634	0.51479	0.064
V932	0.03738	0.11856	0.63577	0.20829
V933	0.59171	0.38785	0.01027	0.01017
V934	0.00791	0.15092	0.30126	0.53991
V935	0.5917	0.15092	0.19924	0.05814
V936	0.55563	0.25704	0.01752	0.16981
V937	0.58132	0.1166	0.08389	0.21819
V938	0.40465	0.04754	0.31194	0.23587
V939	0.77791	0.02227	0.06798	0.13184
V940	0.02508	0.80815	0.13639	0.03037
V941	0.0046	0.08223	0.90137	0.0118
V942	0.74324	0.18134	0.06013	0.01529
V943	0.41752	0.12768	0.41038	0.04442
V944	0.01825	0.2785	0.07415	0.6291
V945	0.57587	0.34123	0.0099	0.073
V946	0.47774	0.25198	0.24137	0.02891
V947	0.08695	0.05308	0.25233	0.60764
V948	0.35126	0.05344	0.57878	0.01652
V949	0.00108	0.11509	0.2247	0.65912
V950	0.05854	0.54668	0.21659	0.1782
V951	0.82593	0.03098	0.1379	0.00519
V952	0.07441	0.12531	0.28892	0.51136
V953	0.02046	0.09541	0.85727	0.02686
V954	0.03927	0.18167	0.15729	0.62176
V955	0.12825	0.6138	0.02781	0.23015
V956	0.03799	0.03992	0.54399	0.37809
V957	0.3567	0.02196	0.00603	0.61531
V958	0.04031	0.00683	0.01497	0.93789
V959	0.24864	0.25528	0.43328	0.0628
V960	0.25706	0.26791	0.08524	0.38978
V961	0.14535	0.38726	0.35812	0.10927
V962	0.38727	0.16355	0.3882	0.06098
V963	0.62584	0.15732	0.15126	0.06558
V964	0.84802	0.03538	0.08892	0.02767
V965	0.05901	0.5115	0.19786	0.23163
V966	0.9523	0.03112	0.00451	0.01207
V967	0.05982	0.05288	0.5579	0.3294
V968	0.00196	0.1731	0.76819	0.05675
V969	0.00867	0.30291	0.0463	0.64212
V970	0.03794	0.11935	0.45901	0.3837
V971	0.53077	0.08287	0.31986	0.06651
V972	0.54561	0.1839	0.04964	0.22085
V973	0.28999	0.4161	0.08061	0.2133
V974	0.00669	0.80282	0.12118	0.06931
V975	0.10622	0.30828	0.5807	0.0048
V976	0.47553	0.23059	0.11556	0.17832
V977	0.32973	0.35821	0.30777	0.00428
V978	0.06543	0.09397	0.07876	0.76185
V979	0.79942	0.03127	0.16421	0.0051
V980	0.96714	0.02415	0	0.00871
V981	0.35847	0.03877	0.43592	0.16684
V982	0.46395	0.38673	0.0737	0.07562
V983	0.72787	0.05724	0.00517	0.20972
V984	0.01567	0.85391	0.10008	0.03034
V985	0.07724	0.20308	0.01381	0.70587
V986	0.3379	0.51888	0.04941	0.09381
V987	0.23455	0.7482	0.00024	0.01701
V988	0.22701	0.02152	0.0227	0.72877
V989	0.45185	0.46116	0.07144	0.01555
V990	0.00209	0.07956	0.79251	0.12584
V991	0.63205	0.35714	0	0.01081
V992	0.21645	0.0268	0.53015	0.2266
V993	0.06642	0.73788	0.15797	0.03772
V994	0.18298	0.78143	0.02537	0.01023
V995	0.76336	0.09687	0.02985	0.10992
V996	0.29047	0.11952	0.0173	0.5727
V997	0.01888	0.05423	0.81963	0.10726
V998	0.88103	0.0211	0.05737	0.0405
V999	0.11749	0.87575	0.00052	0.00624
V1000	0.33285	0.02996	0.00641	0.63077
