B_cells	NK_cells	T_cells_CD4.	Monocytes
V1	0.60927	0.01132	0.13637	0.24304
V2	0.23575	0.09696	0.0129	0.65439
V3	0.11167	0.628	0	0.26033
V4	0.86751	0.10408	0	0.02841
V5	0.15791	0.48999	0.22789	0.12421
V6	0.13759	0.85441	0	0.00801
V7	0.20693	0.38422	0.05002	0.35882
V8	0.17716	0.02654	0.76807	0.02823
V9	0.30922	0.25237	0	0.43841
V10	0.06482	0.03314	0.85285	0.0492
V11	0.24525	0.36988	0.38487	0
V12	0.06953	0.58942	0.34105	0
V13	0.31831	0.68066	0	0.00104
V14	0.12501	0.87499	0	0
V15	0.17364	0.60534	0.09806	0.12296
V16	0.90424	0.04935	0	0.04641
V17	0.14576	0.84673	0	0.00752
V18	0.61102	0.35559	0.00807	0.02531
V19	0.21252	0.78748	0	0
V20	0.2242	0.473	0	0.30279
V21	0.17782	0.08849	0.71171	0.02199
V22	0.07841	0.11133	0.17597	0.63429
V23	0.41847	0.06597	0.51556	0
V24	0.95959	0.04041	0	0
V25	0.40019	0.25734	0.09369	0.24878
V26	0.44362	0.38896	0	0.16742
V27	0.19238	0.05393	0	0.75369
V28	0.00469	0.09535	0.89996	0
V29	0.47865	0.05	0.45206	0.01929
V30	0.15426	0.2441	0.2489	0.35275
V31	0.25708	0.21832	0.26309	0.26151
V32	0.17967	0.02638	0.00826	0.78569
V33	0.09144	0.51109	0.32854	0.06893
V34	0.17735	0.06691	0.73118	0.02456
V35	0.21913	0.71248	0.06097	0.00742
V36	0.05366	0.06318	0.45958	0.42358
V37	0.60132	0.08005	0.05855	0.26007
V38	0.4995	0	0.13906	0.36144
V39	0.21789	0.57077	0.1056	0.10574
V40	0.14176	0.81904	0.0392	0
V41	0.05278	0.69892	0.02327	0.22503
V42	0.30185	0.03512	0.17863	0.48441
V43	0.17951	0.36015	0.4564	0.00394
V44	0.05362	0.10912	0.69923	0.13803
V45	0.14926	0.5922	0.19819	0.06035
V46	0.82978	0.0912	0.07902	0
V47	0.48748	0.21009	0.27376	0.02867
V48	0.81819	0.1613	0	0.02051
V49	0.75264	0.17441	0	0.07295
V50	0.11843	0.82335	0.05822	0
V51	0.35918	0.41442	0.22362	0.00278
V52	0.06878	0.14516	0.75913	0.02694
V53	0.7667	0.13583	0.09748	0
V54	0.46325	0.2142	0.32255	0
V55	0.27797	0.14818	0.21121	0.36265
V56	0.13758	0.01131	0.05977	0.79134
V57	0.15644	0.84356	0	0
V58	0.70705	0.00519	0	0.28777
V59	0.47725	0.41887	0.07558	0.0283
V60	0.18893	0.17878	0.29906	0.33324
V61	0.82026	0.10015	0	0.07958
V62	0.89869	0.05314	0.02623	0.02194
V63	0.07052	0.81869	0.10668	0.00411
V64	0.06226	0.83959	0	0.09815
V65	0.09856	0	0.07038	0.83106
V66	0.27176	0.68497	0	0.04328
V67	0.19381	0.34638	0.45982	0
V68	0.23987	0.14895	0	0.61118
V69	0.06837	0.3348	0.56902	0.02781
V70	0.58026	0.16888	0.14655	0.10431
V71	0.22498	0.0912	0.35001	0.33382
V72	0.61845	0.17265	0.05929	0.14962
V73	0.20626	0.61707	0.1172	0.05947
V74	0.08642	0.24633	0.66724	0
V75	0.74631	0	0.16527	0.08842
V76	0.03953	0.20212	0.15799	0.60035
V77	0.10194	0.29482	0	0.60324
V78	0.37298	0.1318	0.15477	0.34045
V79	0.04385	0.13392	0.75037	0.07186
V80	0.39721	0.03968	0.49333	0.06978
V81	0.09936	0.18984	0.7108	0
V82	0.02692	0.11094	0.84466	0.01748
V83	0.2117	0.19468	0.04005	0.55357
V84	0.46507	0.05267	0.13205	0.35021
V85	0.15582	0.34102	0.36813	0.13503
V86	0.092	0.08494	0.78534	0.03772
V87	0.08914	0.8265	0.03914	0.04522
V88	0.2366	0.07342	0.24382	0.44616
V89	0.09551	0.02159	0.17621	0.70669
V90	0.08794	0.87089	0.04117	0
V91	0.08696	0.73289	0.1711	0.00905
V92	0.50376	0.03846	0.34392	0.11387
V93	0.89236	0.0086	0	0.09904
V94	0.07296	0.47281	0	0.45423
V95	0.30861	0.44705	0.12982	0.11452
V96	0.16175	0.10655	0	0.73171
V97	0.7151	0.12174	0.16316	0
V98	0.71349	0.27928	0	0.00723
V99	0.82821	0.06531	0.10648	0
V100	0.12544	0.06079	0.79122	0.02254
V101	0.11379	0.04699	0	0.83922
V102	0.91732	0.05348	0	0.02919
V103	0.08238	0.0585	0.05844	0.80068
V104	0.09488	0.90512	0	0
V105	0.11631	0.88369	0	0
V106	0.17007	0.52495	0.29311	0.01187
V107	0.23299	0.22785	0.51164	0.02752
V108	0.19295	0.75195	0.0551	0
V109	0.05331	0.19327	0.55945	0.19397
V110	0.11677	0.8549	0.02049	0.00784
V111	0.93984	0.00051	0.04162	0.01803
V112	0.18832	0.08501	0.40346	0.32321
V113	0.2631	0.12307	0.14888	0.46494
V114	0.33342	0.0499	0.04985	0.56683
V115	0.04917	0.74518	0.20565	0
V116	0.19001	0.33863	0.33643	0.13493
V117	0.70909	0.26113	0	0.02978
V118	0.22218	0.59336	0.00466	0.1798
V119	0.20439	0.08744	0.01628	0.6919
V120	0.1272	0.10626	0.75949	0.00706
V121	0.64011	0.14229	0.05811	0.15948
V122	0.94	0.01851	0	0.04149
V123	0.05572	0.54899	0.01787	0.37742
V124	0.68278	0.27238	0	0.04485
V125	0.43234	0.42454	0.14313	0
V126	0.1156	0.16706	0.01529	0.70205
V127	0.23851	0.06158	0.23343	0.46647
V128	0.12019	0.01687	0.07962	0.78332
V129	0.61194	0.24823	0.12586	0.01397
V130	0.04693	0.65115	0.30192	0
V131	0.08066	0.86824	0	0.0511
V132	0.93414	0.01853	0.00111	0.04621
V133	0.92318	0.03339	0.01462	0.02882
V134	0.16762	0.42133	0.10227	0.30878
V135	0.16211	0.02487	0.15564	0.65738
V136	0.30438	0.40554	0	0.29008
V137	0.68199	0.05099	0.20879	0.05822
V138	0.26346	0.42237	0.15205	0.16212
V139	0.40623	0.22815	0.16362	0.202
V140	0.10964	0.10611	0.02047	0.76378
V141	0.11142	0.18894	0.50657	0.19307
V142	0.83502	0.00321	0.16177	0
V143	0.48653	0.28063	0.03131	0.20153
V144	0.23811	0.18032	0.13857	0.443
V145	0.03098	0.76052	0.20851	0
V146	0.16204	0.00983	0.02148	0.80665
V147	0.91214	0.03257	0	0.05528
V148	0.18055	0.10271	0.54194	0.17481
V149	0.3018	0.51659	0.18161	0
V150	0.13439	0.2723	0.53949	0.05382
V151	0.26475	0.63288	0.00691	0.09546
V152	0.28167	0.45765	0.19085	0.06983
V153	0.16657	0.74843	0	0.08499
V154	0.29162	0.4679	0.23786	0.00262
V155	0.51213	0.16655	0.24515	0.07617
V156	0.07482	0.17738	0.64545	0.10235
V157	0.35766	0.18246	0.27647	0.18341
V158	0.11976	0	0.02737	0.85287
V159	0.88298	0.06005	0	0.05697
V160	0.74873	0.00677	0.02882	0.21568
V161	0.30999	0.00034	0	0.68967
V162	0.13161	0.33267	0.05302	0.4827
V163	0.1498	0.51312	0.14766	0.18941
V164	0.3954	0.32964	0.07422	0.20074
V165	0.07264	0.26914	0	0.65823
V166	0.0776	0.12073	0.03569	0.76597
V167	0.42863	0	0	0.57137
V168	0.33729	0.57435	0.05409	0.03427
V169	0.28212	0.06345	0.00252	0.65192
V170	0.16392	0.04689	0.49796	0.29122
V171	0.17946	0.27106	0.5329	0.01659
V172	0.74776	0	0.24199	0.01024
V173	0.10358	0.16762	0.00698	0.72182
V174	0.08223	0.19253	0.04347	0.68176
V175	0.11559	0.03606	0.74598	0.10237
V176	0.05126	0.80048	0.14826	0
V177	0.07276	0.91313	0	0.01411
V178	0.05901	0.77012	0	0.17087
V179	0.22973	0.02681	0.35882	0.38464
V180	0.07196	0.8886	0.03943	0
V181	0.21197	0.16422	0.49494	0.12887
V182	0.34321	0.20976	0.40989	0.03715
V183	0.22787	0.77213	0	0
V184	0.99721	0.00279	0	0
V185	0.60088	0.39912	0	0
V186	0.16995	0.49708	0.23593	0.09703
V187	0.95016	0.02599	0	0.02386
V188	0.12761	0.23364	0	0.63876
V189	0.84232	0.02114	0	0.13655
V190	0.68497	0.03366	0.27411	0.00725
V191	0.23407	0.23864	0.511	0.01629
V192	0.35756	0.48226	0.01771	0.14247
V193	0.64069	0.0486	0.2019	0.10881
V194	0.098	0.88945	0	0.01255
V195	0.06905	0.07571	0.83579	0.01945
V196	0.08948	0.08486	0	0.82566
V197	0.49135	0.04971	0	0.45895
V198	0.11596	0.51786	0.33493	0.03125
V199	0.24938	0.03346	0.15157	0.5656
V200	0.18814	0.57782	0	0.23404
V201	0.14851	0.5687	0.16834	0.11445
V202	0.06237	0.05814	0.73384	0.14565
V203	0.2108	0.44359	0.3456	0
V204	0.0622	0.55302	0	0.38478
V205	0.0682	0.10292	0.80908	0.0198
V206	0.09467	0.13835	0.76698	0
V207	0.21197	0.21605	0.0186	0.55338
V208	0.29279	0.10014	0.60707	0
V209	0.35583	0.48216	0.03765	0.12437
V210	0.14345	0.75635	0.07356	0.02664
V211	0.50662	0.01181	0	0.48157
V212	0.54051	0.0668	0.37986	0.01284
V213	0.68619	0.03962	0.07741	0.19678
V214	0.39186	0.18462	0.13395	0.28957
V215	0.37217	0.10073	0	0.5271
V216	0.14736	0	0.01652	0.83612
V217	0.09283	0.51725	0.21082	0.1791
V218	0.15028	0.47427	0.14696	0.22849
V219	0.16477	0.64122	0	0.19401
V220	0.0602	0.82394	0	0.11586
V221	0.83717	0	0	0.16283
V222	0.36385	0.16256	0.32618	0.14741
V223	0.04448	0.18181	0.71281	0.0609
V224	0.99472	0.00514	0.00014	0
V225	0.11205	0.85603	0.03192	0
V226	0.34716	0.11599	0.53685	0
V227	0.81832	0.00523	0.16112	0.01534
V228	0.80131	0.08145	0.0281	0.08914
V229	0.07011	0.06741	0.8305	0.03199
V230	0.10471	0.0448	0.00872	0.84177
V231	0.07114	0.31648	0.08447	0.52791
V232	0.09992	0.65316	0	0.24693
V233	0.60341	0.1079	0.16513	0.12356
V234	0.10059	0.88561	0.01291	0.00088
V235	0.41579	0.09169	0.47694	0.01558
V236	0.09065	0.11111	0.73547	0.06277
V237	0.2575	0.00115	0.00853	0.73282
V238	0.1819	0.56145	0.23467	0.02199
V239	0.13001	0.42589	0	0.44411
V240	0.52452	0.06397	0.37574	0.03578
V241	0.06492	0.04073	0.8365	0.05785
V242	0.18277	0.74854	0.06869	0
V243	0.28487	0.07435	0.57971	0.06107
V244	0.25469	0.01915	0.65585	0.07032
V245	0.6333	0.30689	0.01543	0.04439
V246	0.10302	0.19	0.69783	0.00916
V247	0.19899	0.06102	0.74	0
V248	0.11295	0.04655	0.02528	0.81521
V249	0.02035	0.09169	0.82429	0.06367
V250	0.79622	0.00223	0.19173	0.00983
V251	0.93145	0.0491	0	0.01944
V252	0.04498	0.83942	0.11561	0
V253	0.43163	0.08538	0.13295	0.35003
V254	0.06726	0.90137	0.03137	0
V255	0.10286	0.87159	0	0.02555
V256	0.22202	0.24669	0.46738	0.06391
V257	0.4737	0.12268	0.19965	0.20397
V258	0.22433	0.2955	0.38229	0.09789
V259	0.08123	0.32515	0.57574	0.01788
V260	0.02239	0.31795	0.65966	0
V261	0.65488	0.04497	0.16465	0.13551
V262	0.19025	0.06253	0	0.74723
V263	0.07967	0.90226	0	0.01807
V264	0.22209	0.061	0.40274	0.31417
V265	0.11752	0	0.11005	0.77244
V266	0.67415	0.32585	0	0
V267	0.03281	0.21649	0.26673	0.48397
V268	0.45919	0.02877	0.11346	0.39858
V269	0.04729	0.57149	0.35865	0.02257
V270	0.67441	0.04018	0.20971	0.0757
V271	0.82525	0.07627	0	0.09848
V272	0.11159	0.8122	0	0.07621
V273	0.15695	0.02724	0.02134	0.79447
V274	0.74152	0	0.15519	0.10328
V275	0.03031	0.08073	0.85793	0.03102
V276	0.54189	0.33343	0	0.12468
V277	0.09414	0.24066	0.13535	0.52985
V278	0.1012	0.0806	0.26976	0.54844
V279	0.72383	0.07141	0.07672	0.12804
V280	0.11976	0	0.02737	0.85287
V281	0.59922	0.04068	0.10807	0.25203
V282	0.10283	0.11153	0.73842	0.04721
V283	0.26461	0.58644	0.03477	0.11419
V284	0.08457	0.87942	0.03601	0
V285	0.11368	0.03897	0.84735	0
V286	0.29507	0.55215	0.08324	0.06954
V287	0.15524	0.8377	0	0.00706
V288	0.05727	0.31594	0.39823	0.22856
V289	0.32306	0.25	0.37346	0.05348
V290	0.8491	0.1509	0	0
V291	0.52073	0.09665	0.38229	0.00032
V292	0.92453	0.00504	0	0.07044
V293	0.33692	0.04645	0.58947	0.02716
V294	0.14954	0.37188	0	0.47858
V295	0.07249	0.20974	0.16664	0.55113
V296	0.22187	0.15703	0.55453	0.06656
V297	0.17499	0	0.04812	0.77689
V298	0.33653	0.13528	0.52819	0
V299	0.13653	0.28818	0	0.57529
V300	0.04704	0.05035	0.20865	0.69396
V301	0.16781	0.1497	0.58977	0.09271
V302	0.67595	0.31864	0	0.00541
V303	0.0343	0.60865	0.34947	0.00758
V304	0.10374	0.06332	0.69487	0.13807
V305	0.16933	0.19502	0.42308	0.21257
V306	0.82821	0.11053	0.01054	0.05072
V307	0.08336	0.90853	0	0.00811
V308	0.27734	0.2604	0.26101	0.20125
V309	0.38965	0.32782	0	0.28253
V310	0.13454	0.34918	0.12434	0.39195
V311	0.54731	0.45269	0	0
V312	0.1535	0.72622	0.12028	0
V313	0.04646	0.12664	0	0.8269
V314	0.06411	0.5125	0.08507	0.33832
V315	0.17781	0.63601	0.00825	0.17793
V316	0.35105	0.16391	0.34675	0.1383
V317	0.1434	0.70303	0.02204	0.13153
V318	0.09329	0.56886	0	0.33785
V319	0.10309	0.10542	0.76442	0.02707
V320	0.12227	0.18209	0.59305	0.10259
V321	0.66388	0.33612	0	0
V322	0.25552	0.34878	0.03678	0.35891
V323	0.14516	0.02626	0.06207	0.7665
V324	0.68976	0.2674	0.03273	0.01012
V325	0.34718	0.63157	0.02125	0
V326	0.03407	0.59704	0.06981	0.29908
V327	0.08225	0.17314	0.07269	0.67193
V328	0.09322	0.06398	0.69646	0.14634
V329	0.24095	0.13442	0.13931	0.48531
V330	0.44122	0.02477	0.30054	0.23346
V331	0.42021	0.10262	0.00054	0.47662
V332	0.07153	0.06799	0.15516	0.70532
V333	0.45858	0.09998	0.3473	0.09414
V334	0.40686	0.0261	0.3228	0.24424
V335	0.06733	0.36414	0.46963	0.09889
V336	0.22897	0.69287	0	0.07816
V337	0.32559	0.41703	0.25479	0.00259
V338	0.04472	0.94196	0	0.01332
V339	0.16754	0.03237	0.79593	0.00415
V340	0.09833	0.26244	0.48453	0.15471
V341	0.10907	0.0458	0.03774	0.80739
V342	0.28975	0.0193	0.57704	0.1139
V343	0.94099	0.03119	0	0.02782
V344	0.70618	0.16624	0.12758	0
V345	0.06844	0.08225	0.84931	0
V346	0.28576	0.13959	0.25201	0.32263
V347	0.12926	0.0136	0.09991	0.75723
V348	0.10495	0.65873	0.1223	0.11402
V349	0.38056	0.19456	0.34164	0.08324
V350	0.06415	0.80134	0.13451	0
V351	0.07432	0.05665	0.37367	0.49536
V352	0.09181	0.05846	0.78446	0.06526
V353	0.89308	0.03362	0	0.0733
V354	0.09698	0.68672	0.2009	0.01541
V355	0.31688	0.10455	0.42091	0.15765
V356	0.11999	0.02939	0.06994	0.78067
V357	0.15834	0.36176	0.24818	0.23172
V358	0.59292	0.11977	0.00819	0.27911
V359	0.62325	0.0625	0	0.31425
V360	0.5796	0.42012	0	0.00028
V361	0.02228	0.46952	0.5082	0
V362	0.03271	0.95224	0.0023	0.01276
V363	0.21572	0.15083	0.42982	0.20363
V364	0.2005	0.09893	0.62454	0.07603
V365	0.34402	0.01614	0	0.63984
V366	0.13087	0.68439	0.06307	0.12167
V367	0.60801	0.13359	0	0.25841
V368	0.14307	0.72489	0.0635	0.06855
V369	0.05475	0.4162	0.52905	0
V370	0.33404	0.29994	0.36063	0.0054
V371	0.24079	0.71314	0.00226	0.0438
V372	0.24224	0.06625	0.09066	0.60084
V373	0.12747	0.17492	0.4376	0.26001
V374	0.81248	0.0302	0.15731	0
V375	0.12027	0.0535	0.11307	0.71316
V376	0.11765	0.04367	0.06672	0.77197
V377	0.81308	0	0	0.18692
V378	0.05895	0.05832	0.38576	0.49697
V379	0.39406	0.1976	0	0.40833
V380	0.21924	0.09246	0.17075	0.51755
V381	0.76769	0.01891	0.0587	0.1547
V382	0.12957	0.07794	0.79248	0
V383	0.85988	0.01055	0.01341	0.11616
V384	0.59448	0.09284	0.09774	0.21494
V385	0.87128	0.02489	0.04037	0.06346
V386	0.37238	0.01789	0.11811	0.49162
V387	0.60696	0.17011	0.15354	0.06938
V388	0.40931	0.34889	0.11441	0.12739
V389	0.45016	0.50528	0	0.04455
V390	0.32224	0.27758	0.40018	0
V391	0.47628	0.10593	0	0.4178
V392	0.45892	0.24508	0.1317	0.16429
V393	0.317	0.2582	0.30842	0.11638
V394	0.15717	0.25558	0.08242	0.50483
V395	0.26449	0.41287	0.17134	0.1513
V396	0.0692	0.91253	0	0.01826
V397	0.79254	0.10418	0.06517	0.0381
V398	0.4946	0.15576	0.0602	0.28945
V399	0.23898	0.5586	0.12527	0.07715
V400	0.03576	0.6147	0.04058	0.30896
V401	0.07478	0.1978	0.66708	0.06034
V402	0.82614	0.17386	0	0
V403	0.11021	0.03329	0.0474	0.8091
V404	0.13323	0.23294	0.56112	0.07272
V405	0.29354	0.04287	0.13971	0.52389
V406	0.66098	0.25255	0	0.08648
V407	0.04472	0.94196	0	0.01332
V408	0.13514	0.27931	0.36434	0.22121
V409	0.06381	0.03675	0.01665	0.8828
V410	0.14679	0.83858	0.0092	0.00544
V411	0.49649	0	0	0.50351
V412	0.20546	0.10834	0.46295	0.22325
V413	0.10538	0.5078	0.1592	0.22762
V414	0.08068	0.52398	0.30037	0.09497
V415	0.49102	0.04804	0.19919	0.26175
V416	0.04871	0.12554	0.82576	0
V417	0.41365	0.58635	0	0
V418	0.14354	0.12645	0.11247	0.61755
V419	0.11349	0	0.03292	0.85359
V420	0.02663	0.89939	0	0.07397
V421	0.20051	0.07639	0.62833	0.09477
V422	0.13973	0.06894	0	0.79132
V423	0.12544	0.06079	0.79122	0.02254
V424	0.02061	0.093	0.59943	0.28696
V425	0.09908	0.27407	0.54512	0.08173
V426	0.13607	0.08776	0.72307	0.0531
V427	0.11734	0.42531	0.16781	0.28954
V428	0.1435	0.76012	0.03469	0.0617
V429	0.10988	0	0.03988	0.85025
V430	0.76156	0.171	0	0.06744
V431	0.23222	0.05153	0.4219	0.29435
V432	0.19211	0.10979	0.01539	0.68271
V433	0.10994	0.71945	0	0.17061
V434	0.40784	0.09208	0.01239	0.48769
V435	0.56378	0.01733	0.08935	0.32954
V436	0.44992	0.01598	0.0855	0.4486
V437	0.29463	0.22945	0	0.47592
V438	0.64189	0.17372	0	0.18439
V439	0.11546	0.10466	0	0.77988
V440	0.54549	0.04292	0	0.41159
V441	0.11207	0.16934	0.55326	0.16533
V442	0.35855	0.36443	0.10585	0.17117
V443	0.77695	0.00974	0.0576	0.15572
V444	0.06844	0.08225	0.84931	0
V445	0.63652	0.04021	0.30112	0.02215
V446	0.08851	0.81812	0.03898	0.05438
V447	0.64832	0.1162	0.14452	0.09095
V448	0.08241	0.0887	0.1657	0.66319
V449	0.58453	0.06384	0.26133	0.09029
V450	0.18197	0.81803	0	0
V451	0.91178	0.04784	0	0.04038
V452	0.12654	0.01417	0.05297	0.80632
V453	0.81979	0.09256	0.02869	0.05896
V454	0.03819	0.91345	0.03673	0.01163
V455	0.62123	0.05509	0.26753	0.05616
V456	0.36225	0.15281	0.34611	0.13883
V457	0.06077	0.05721	0	0.88203
V458	0.32631	0.22802	0	0.44566
V459	0.06226	0.78966	0.07768	0.0704
V460	0.9402	0.02126	0.00123	0.03732
V461	0.15936	0.04151	0	0.79913
V462	0.39697	0.23941	0	0.36362
V463	0.29442	0.48642	0.13111	0.08804
V464	0.55282	0.09414	0	0.35303
V465	0.44129	0.43422	0	0.12449
V466	0.61095	0.18325	0	0.20581
V467	0.35822	0.57151	0.05371	0.01656
V468	0.53099	0.41103	0.01821	0.03977
V469	0.06745	0.2135	0.26388	0.45518
V470	0.57262	0.14779	0.14738	0.13221
V471	0.341	0.12183	0	0.53717
V472	0.36973	0.32434	0	0.30593
V473	0.1471	0.55167	0.30123	0
V474	0.20883	0	0.07405	0.71712
V475	0.23805	0.425	0.04923	0.28772
V476	0.2532	0.0162	0.03299	0.69761
V477	0.6266	0.05616	0.17469	0.14255
V478	0.18567	0.5838	0	0.23053
V479	0.05245	0.13305	0.74199	0.07252
V480	0.14498	0.33938	0.01154	0.5041
V481	0.18813	0.05884	0.74504	0.00799
V482	0.71089	0.18285	0.07645	0.0298
V483	0.20779	0.13135	0.0405	0.62035
V484	0.10576	0.08783	0	0.8064
V485	0.1768	0.7228	0	0.1004
V486	0.32094	0.29352	0.09698	0.28856
V487	0.1614	0.0584	0.05692	0.72327
V488	0.02878	0.04031	0.83651	0.09439
V489	0.25056	0.14133	0.60811	0
V490	0.38874	0.34015	0.03267	0.23844
V491	0.47873	0.47326	0.00139	0.04662
V492	0.07487	0.81681	0.10833	0
V493	0.13973	0	0	0.86027
V494	0.23361	0.19442	0.47153	0.10044
V495	0.26918	0.61775	0.11307	0
V496	0.31837	0.65603	0	0.0256
V497	0.07155	0.03359	0.87088	0.02397
V498	0.38542	0.1244	0.0123	0.47788
V499	0.63543	0.28101	0.08356	0
V500	0.14653	0.16591	0.66247	0.0251
V501	0.05512	0	0.0457	0.89918
V502	0.57172	0.29892	0.1183	0.01106
V503	0.26158	0.1246	0.16983	0.44399
V504	0.2804	0.67676	0	0.04284
V505	0.24693	0.24991	0.22219	0.28097
V506	0.13282	0.29151	0.41282	0.16284
V507	0.63851	0.12324	0.08757	0.15069
V508	0.76784	0.185	0.00272	0.04444
V509	0.27151	0.09727	0.46507	0.16615
V510	0.25792	0.52024	0.22185	0
V511	0.10697	0.45069	0.01432	0.42802
V512	0.3207	0.06153	0.04963	0.56815
V513	0.12824	0.6418	0.18975	0.04021
V514	0.09214	0.07359	0	0.83426
V515	0.78969	0.07955	0.00898	0.12177
V516	0.90518	0.0814	0	0.01342
V517	0.10953	0.04631	0.22587	0.61829
V518	0.93535	0.03954	0	0.02511
V519	0.07981	0.84489	0	0.0753
V520	0.07823	0.01932	0.60384	0.29861
V521	0.5853	0.07237	0.32238	0.01995
V522	0.04336	0.17053	0.54396	0.24215
V523	0.39565	0.15707	0.22431	0.22296
V524	0.05293	0.76261	0.17282	0.01163
V525	0.32153	0.22425	0	0.45422
V526	0.67495	0.10022	0.03794	0.18689
V527	0.25961	0.04834	0.36794	0.32412
V528	0.15158	0.82046	0	0.02795
V529	0.12889	0.08702	0.19483	0.58926
V530	0.04364	0.24769	0.62595	0.08273
V531	0.05811	0.86494	0.07695	0
V532	0.2334	0.34984	0	0.41676
V533	0.32547	0.37691	0.10722	0.1904
V534	0.05222	0.05707	0.67154	0.21916
V535	0.60104	0	0	0.39896
V536	0.25211	0	0.3573	0.39059
V537	0.60978	0.27639	0.11382	0
V538	0.5137	0.06933	0.05091	0.36606
V539	0.30861	0.44705	0.12982	0.11452
V540	0.25137	0.68225	0.05063	0.01574
V541	0.06582	0.54077	0.0365	0.35692
V542	0.25353	0.1615	0.22207	0.3629
V543	0.89001	0.00263	0	0.10736
V544	0.17592	0.11595	0.14141	0.56672
V545	0.42351	0.16608	0.03221	0.3782
V546	0.10088	0.85749	0.04163	0
V547	0.0809	0.63551	0.28359	0
V548	0.19923	0.74712	0.05365	0
V549	0.35731	0.06972	0.57263	0.00035
V550	0.62917	0.01382	0	0.35701
V551	0.22971	0.7236	0.01176	0.03493
V552	0.03187	0.55296	0	0.41517
V553	0.26561	0.18927	0.54511	0
V554	0.14199	0.10019	0	0.75782
V555	0.13893	0.26791	0.30184	0.29132
V556	0.01755	0.08555	0.85063	0.04627
V557	0.8318	0.02577	0	0.14243
V558	0.12323	0.77844	0.00415	0.09418
V559	0.04373	0.80335	0.15291	0
V560	0.70158	0.29733	0	0.00108
V561	0.03031	0.08073	0.85793	0.03102
V562	0.80269	0.01368	0.08553	0.0981
V563	0.27938	0.03086	0.68755	0.00221
V564	0.1065	0.12697	0.75983	0.0067
V565	0.16807	0.29892	0.34021	0.1928
V566	0.71808	0.09299	0	0.18893
V567	0.27134	0.46415	0	0.2645
V568	0.32745	0	0.02787	0.64467
V569	0.70996	0.01411	0	0.27592
V570	0.06703	0.32508	0.56097	0.04691
V571	0.81899	0.11867	0	0.06234
V572	0.47624	0.03362	0.40204	0.08809
V573	0.13616	0.1769	0	0.68694
V574	0.08579	0.76536	0.14884	0
V575	0.08558	0.10895	0.09328	0.71219
V576	0.20593	0.78185	0.01223	0
V577	0.11026	0.06572	0.18496	0.63906
V578	0.1023	0.1121	0.62934	0.15625
V579	0.06022	0.85099	0.08005	0.00874
V580	0.23749	0.00606	0.0871	0.66936
V581	0.15651	0.07825	0	0.76525
V582	0.61477	0.16414	0	0.22108
V583	0.04604	0.08964	0.56382	0.30051
V584	0.53951	0.18741	0.25192	0.02116
V585	0.0655	0.04009	0.42381	0.4706
V586	0.27467	0.04492	0.60123	0.07918
V587	0.30357	0.04868	0.62858	0.01916
V588	0.66819	0.04836	0	0.28345
V589	0.11111	0.79743	0.04663	0.04483
V590	0.0909	0.74638	0.16272	0
V591	0.04848	0.05904	0.17836	0.71412
V592	0.1887	0.07884	0.73246	0
V593	0.62713	0	0.15663	0.21624
V594	0.36921	0.31721	0.29093	0.02265
V595	0.12641	0.04111	0.00727	0.82521
V596	0.08672	0.32142	0.19898	0.39289
V597	0.02758	0.59609	0.31441	0.06193
V598	0.06403	0.16609	0.76246	0.00742
V599	0.65028	0.33212	0	0.01759
V600	0.39701	0.48474	0.01915	0.09911
V601	0.22433	0.3064	0.04919	0.42008
V602	0.13076	0.04322	0	0.82603
V603	0.06349	0.39071	0	0.5458
V604	0.53652	0.15023	0.29843	0.01482
V605	0.11113	0.36536	0.36208	0.16144
V606	0.73646	0.1565	0	0.10704
V607	0.68825	0.01868	0.07741	0.21566
V608	0.26319	0.19992	0.34453	0.19237
V609	0.07775	0.27812	0.20978	0.43435
V610	0.78978	0.03145	0.05705	0.12171
V611	0.37074	0.00056	0.0237	0.605
V612	0.06356	0.14281	0.73713	0.05649
V613	0.08193	0.36301	0.53748	0.01757
V614	0.78176	0.07972	0.00899	0.12953
V615	0.21873	0.05532	0	0.72595
V616	0.13273	0.70406	0.02251	0.1407
V617	0.49477	0.18843	0.3168	0
V618	0.7481	0	0	0.2519
V619	0.42996	0.05371	0.28227	0.23406
V620	0.04693	0.65115	0.30192	0
V621	0.46499	0.18303	0.14106	0.21092
V622	0.38928	0.2573	0.34758	0.00584
V623	0.08496	0.09881	0.11395	0.70228
V624	0.79671	0.18406	0	0.01924
V625	0.30857	0.50553	0.07059	0.11532
V626	0.9294	0.03096	0	0.03964
V627	0.04818	0.04003	0.04983	0.86196
V628	0.04814	0.24327	0	0.70859
V629	0.17301	0.32886	0.24702	0.25111
V630	0.08033	0.36375	0.52952	0.0264
V631	0.07761	0.22661	0.07411	0.62167
V632	0.63252	0	0.10456	0.26293
V633	0.01778	0.08728	0.78583	0.10911
V634	0.42136	0.29023	0.28841	0
V635	0.08018	0.74946	0	0.17035
V636	0.16793	0.14889	0.58125	0.10193
V637	0.36259	0.22412	0.05471	0.35857
V638	0.42464	0.28453	0.03226	0.25857
V639	0.29635	0.44315	0.2605	0
V640	0.07679	0.19874	0.68844	0.03603
V641	0.8857	0.04925	0	0.06506
V642	0.76767	0.16482	0	0.06751
V643	0.04708	0.23076	0.42217	0.29999
V644	0.89913	0.07649	0	0.02438
V645	0.29983	0.42744	0.27274	0
V646	0.07827	0.91828	0	0.00345
V647	0.18873	0.13289	0.63651	0.04186
V648	0.44469	0.44209	0.10555	0.00767
V649	0.06626	0.11529	0.76844	0.05002
V650	0.10136	0.13985	0.70493	0.05385
V651	0.34226	0.03063	0.6262	0.00091
V652	0.14294	0.12901	0.40613	0.32192
V653	0.17567	0.65878	0.08032	0.08522
V654	0.71284	0.21708	0.02221	0.04787
V655	0.0932	0.58722	0	0.31958
V656	0.26993	0.27941	0	0.45066
V657	0.1075	0.08188	0	0.81062
V658	0.62522	0.23154	0.0205	0.12274
V659	0.36804	0.1211	0.32657	0.18429
V660	0.08909	0.89487	0	0.01603
V661	0.1172	0.44933	0.02507	0.4084
V662	0.44453	0.04383	0.42486	0.08677
V663	0.27768	0.11159	0.51642	0.09431
V664	0.24204	0.11021	0.61498	0.03277
V665	0.70769	0.20676	0.00127	0.08428
V666	0.63495	0	0.06467	0.30038
V667	0.79649	0.09019	0.11332	0
V668	0.16092	0.79523	0.04385	0
V669	0.27114	0.42989	0.21977	0.07919
V670	0.13427	0.85619	0	0.00953
V671	0.39269	0.3133	0.22178	0.07223
V672	0.06606	0.07953	0.81844	0.03598
V673	0.27437	0.39204	0.19998	0.13361
V674	0.73255	0.15168	0	0.11578
V675	0.1818	0.36023	0.28723	0.17074
V676	0.09564	0.14038	0.07254	0.69144
V677	0.41905	0.41579	0.06617	0.09898
V678	0.54026	0.45974	0	0
V679	0.08832	0.34281	0.56887	0
V680	0.3462	0.54531	0.10849	0
V681	0.88814	0.0697	0	0.04216
V682	0.1579	0.33138	0.49609	0.01463
V683	0.06357	0.93643	0	0
V684	0.71237	0.18073	0.05855	0.04835
V685	0.52025	0.35876	0.09168	0.02932
V686	0.15549	0.21504	0.12247	0.507
V687	0.13159	0.0221	0.01673	0.82958
V688	0.40814	0.48915	0	0.10271
V689	0.33929	0	0.00667	0.65405
V690	0.49499	0.07312	0.37947	0.05242
V691	0.19871	0.03602	0.76528	0
V692	0.12327	0.1849	0.64132	0.0505
V693	0.2784	0.14393	0.33482	0.24286
V694	0.06636	0.05149	0.26965	0.6125
V695	0.31854	0.00785	0.13014	0.54347
V696	0.16434	0.09323	0	0.74244
V697	0.09436	0.07007	0	0.83557
V698	0.84216	0	0	0.15784
V699	0.58723	0.30242	0.03262	0.07773
V700	0.31231	0.01537	0	0.67232
V701	0.16444	0.54207	0.08542	0.20807
V702	0.58519	0.07806	0	0.33676
V703	0.18489	0.08787	0.45497	0.27226
V704	0.83283	0.05301	0	0.11417
V705	0.94527	0	0	0.05473
V706	0.1246	0.09572	0.70915	0.07053
V707	0.08395	0.45119	0.45125	0.01361
V708	0.09143	0.85431	0	0.05426
V709	0.17714	0.29895	0.47014	0.05377
V710	0.62628	0.2308	0.01089	0.13203
V711	0.14476	0.77091	0.07472	0.00961
V712	0.82415	0.04924	0	0.12661
V713	0.47498	0.317	0	0.20802
V714	0.05542	0.68324	0	0.26134
V715	0.33644	0.35731	0.26412	0.04213
V716	0.12557	0.05521	0.02174	0.79748
V717	0.13559	0.8631	0	0.00131
V718	0.19477	0.56232	0.15645	0.08646
V719	0.11203	0.70906	0.01219	0.16672
V720	0.72391	0.00435	0.20202	0.06973
V721	0.16866	0.20567	0.43277	0.1929
V722	0.15435	0.35245	0	0.4932
V723	0.19556	0.08549	0	0.71895
V724	0.62515	0.03751	0.0485	0.28883
V725	0.03021	0.14888	0.78774	0.03317
V726	0.09041	0.41497	0.09473	0.39989
V727	0.30419	0.63733	0.05848	0
V728	0.07898	0.84972	0.0713	0
V729	0.46798	0.01999	0.132	0.38003
V730	0.90183	0.04795	0.00524	0.04498
V731	0.0707	0.23924	0.36858	0.32148
V732	0.39119	0.10891	0.31464	0.18526
V733	0.6642	0.20343	0	0.13236
V734	0.26709	0.32921	0.4037	0
V735	0.06936	0.06276	0.45782	0.41006
V736	0.23721	0	0	0.76279
V737	0.36327	0.31484	0.20473	0.11716
V738	0.12142	0.36275	0.40863	0.1072
V739	0.01471	0.05486	0.59029	0.34014
V740	0.85388	0.10682	0.02728	0.01202
V741	0.52586	0.1251	0.08981	0.25922
V742	0.42982	0.57018	0	0
V743	0.18085	0.1855	0.63226	0.00139
V744	0.54552	0.06605	0.29235	0.09608
V745	0.06152	0.68794	0.16422	0.08632
V746	0.95279	0	0	0.04721
V747	0.10576	0.02171	0.68638	0.18615
V748	0.16817	0.1465	0.53877	0.14655
V749	0.34653	0.20146	0.01239	0.43962
V750	0.44721	0.45673	0	0.09606
V751	0.10213	0.84008	0.01967	0.03811
V752	0.49062	0.25107	0.10203	0.15628
V753	0.12758	0.03657	0	0.83585
V754	0.06401	0.89068	0	0.04531
V755	0.19602	0.23285	0.30869	0.26244
V756	0.12003	0.01682	0.03709	0.82607
V757	0.37965	0.5775	0.03392	0.00893
V758	0.09513	0.74673	0.10468	0.05347
V759	0.17958	0.09412	0.37339	0.35291
V760	0.34515	0.08237	0.24925	0.32323
V761	0.11446	0.5773	0.24902	0.05922
V762	0.03855	0.40667	0	0.55478
V763	0.42779	0.36643	0	0.20578
V764	0.06345	0.89193	0	0.04462
V765	0.69029	0.07795	0	0.23176
V766	0.05744	0.35738	0.40603	0.17915
V767	0.50852	0.15325	0.20847	0.12976
V768	0.11813	0.87167	0.00096	0.00924
V769	0.19623	0.79979	0.00398	0
V770	0.07827	0.91828	0	0.00345
V771	0.20808	0.05767	0.72614	0.00812
V772	0.17576	0.0922	0.73203	0
V773	0.21252	0.78748	0	0
V774	0.06827	0.03612	0.85564	0.03997
V775	0.17982	0.06477	0.25711	0.49829
V776	0.4628	0.42978	0.01716	0.09026
V777	0.24284	0.1437	0.1091	0.50436
V778	0.56053	0.29448	0.03292	0.11207
V779	0.21798	0.07643	0.4623	0.24329
V780	0.14985	0.75627	0.09388	0
V781	0.14559	0.04567	0.00828	0.80047
V782	0.04481	0.17235	0.72752	0.05531
V783	0.81364	0.03059	0.00878	0.147
V784	0.15993	0.84007	0	0
V785	0.09794	0.8888	0	0.01326
V786	0.73062	0.17959	0.04938	0.04041
V787	0.02615	0.82853	0.14532	0
V788	0.53093	0.31934	0.12075	0.02898
V789	0.13222	0.38876	0	0.47902
V790	0.51663	0.037	0.0412	0.40516
V791	0.1788	0.39979	0.29652	0.1249
V792	0.18702	0.53467	0	0.27831
V793	0.17776	0.65404	0.00888	0.15932
V794	0.08965	0.13092	0.71797	0.06146
V795	0.19739	0.0566	0.02927	0.71675
V796	0.07253	0.13693	0.77052	0.02003
V797	0.77957	0.0042	0.20041	0.01582
V798	0.64157	0.30877	0.04308	0.00658
V799	0.18816	0.75709	0.00234	0.05241
V800	0.12268	0.05918	0.48939	0.32875
V801	0.1914	0.15678	0.29924	0.35258
V802	0.09732	0.1133	0.24904	0.54034
V803	0.25234	0.52368	0.22398	0
V804	0.54818	0.04021	0.34816	0.06344
V805	0.07733	0.03239	0.89029	0
V806	0.10489	0.87085	0	0.02426
V807	0.32719	0.1757	0	0.4971
V808	0.68141	0.28472	0.00548	0.02839
V809	0.0827	0.09513	0.82217	0
V810	0.07837	0.91381	0	0.00783
V811	0.46867	0.09797	0.1712	0.26216
V812	0.5748	0.28417	0.01097	0.13005
V813	0.61309	0.22086	0.15297	0.01308
V814	0.46617	0.52525	0.00858	0
V815	0.03744	0.90042	0.06214	0
V816	0.97141	0.00529	0.0233	0
V817	0.07608	0.12929	0.78327	0.01135
V818	0.05515	0.07593	0.01197	0.85696
V819	0.83639	0.10183	0.00996	0.05183
V820	0.21271	0.11122	0	0.67608
V821	0.2569	0.3437	0.34763	0.05178
V822	0.11501	0.07392	0.78819	0.02289
V823	0.06447	0.23708	0.62413	0.07433
V824	0.11729	0.39712	0.48559	0
V825	0.26439	0.322	0.22101	0.1926
V826	0.46017	0.41982	0.12001	0
V827	0.41562	0.57346	0	0.01093
V828	0.28616	0.19533	0.07746	0.44106
V829	0.10589	0.27402	0.00245	0.61765
V830	0.28709	0.2476	0	0.46531
V831	0.78478	0.1034	0	0.11183
V832	0.30868	0.41759	0.1395	0.13423
V833	0.19563	0.51667	0.15625	0.13144
V834	0.36221	0.09403	0.04554	0.49821
V835	0.39432	0.45648	0.08799	0.06122
V836	0.0597	0.67458	0	0.26572
V837	0.26471	0.40243	0.16133	0.17153
V838	0.92897	0.05894	0	0.01209
V839	0.33583	0.59802	0.06615	0
V840	0.32256	0.67744	0	0
V841	0.02497	0.1015	0.81656	0.05698
V842	0.39212	0.19863	0.22508	0.18417
V843	0.06196	0.07657	0.79636	0.0651
V844	0.16803	0.12626	0.35283	0.35289
V845	0.11186	0.15682	0.67825	0.05306
V846	0.01883	0.06358	0.72881	0.18878
V847	0.06456	0	0.03514	0.9003
V848	0.13868	0.52308	0.1485	0.18974
V849	0.03089	0.93353	0	0.03558
V850	0.95463	0	0	0.04537
V851	0.36472	0.53265	0.10263	0
V852	0.18556	0.06918	0.10208	0.64317
V853	0.28089	0.26202	0.35968	0.09741
V854	0.61439	0.1934	0.06951	0.1227
V855	0.06456	0	0.03514	0.9003
V856	0.09097	0.38616	0.32322	0.19965
V857	0.69105	0.19267	0	0.11628
V858	0.57379	0.03912	0.383	0.00409
V859	0.67063	0.24216	0	0.08721
V860	0.26431	0.13864	0.01781	0.57924
V861	0.13	0.37795	0.49205	0
V862	0.17798	0.13417	0.65357	0.03429
V863	0.27646	0.05275	0	0.67079
V864	0.15924	0.04875	0.02727	0.76474
V865	0.18496	0.01797	0.2472	0.54987
V866	0.73997	0.03837	0.21012	0.01153
V867	0.73903	0.05039	0.20856	0.00201
V868	0.53403	0.29847	0.1011	0.0664
V869	0.08838	0.91162	0	0
V870	0.16587	0.35796	0	0.47617
V871	0.03089	0.93353	0	0.03558
V872	0.07301	0.03854	0.22644	0.662
V873	0.88939	0.0464	0.01348	0.05074
V874	0.2328	0.7672	0	0
V875	0.07118	0.23308	0.17696	0.51878
V876	0.20004	0.35724	0.37159	0.07113
V877	0.09184	0.42699	0.27215	0.20902
V878	0.17304	0.80075	0.02621	0
V879	0.24095	0.6771	0.02042	0.06153
V880	0.3469	0.53249	0	0.12061
V881	0.19129	0.08249	0.55987	0.16636
V882	0.81632	0	0.09714	0.08654
V883	0.30538	0.23035	0.46427	0
V884	0.08122	0.27855	0	0.64023
V885	0.73692	0.22725	0.03583	0
V886	0.05671	0.39626	0.4316	0.11543
V887	0.65555	0.08518	0.12456	0.13472
V888	0.14648	0.09351	0.68237	0.07764
V889	0.90465	0.0584	0	0.03695
V890	0.07585	0.19276	0.57462	0.15677
V891	0.63963	0.07565	0.24629	0.03843
V892	0.34074	0.19011	0	0.46915
V893	0.594	0.23746	0.11738	0.05116
V894	0.11317	0.34298	0.52668	0.01717
V895	0.61388	0.08731	0.16472	0.13409
V896	0.098	0.88945	0	0.01255
V897	0.69695	0.24918	0	0.05387
V898	0.51734	0	0	0.48266
V899	0.08564	0.22899	0.11411	0.57127
V900	0.12326	0.33301	0.33274	0.211
V901	0.08965	0.81142	0	0.09894
V902	0.1041	0.87131	0.02459	0
V903	0.04563	0.44525	0.48529	0.02383
V904	0.08771	0.90964	0	0.00265
V905	0.23021	0	0.15076	0.61903
V906	0.45518	0.11461	0.07195	0.35827
V907	0.4629	0.50124	0	0.03586
V908	0.08345	0.06859	0.04146	0.8065
V909	0.18381	0.76784	0	0.04835
V910	0.24775	0	0.09006	0.66218
V911	0.5431	0.39993	0	0.05697
V912	0.42208	0.34766	0.09458	0.13567
V913	0.20889	0	0	0.79111
V914	0.22579	0.50128	0.26075	0.01218
V915	0.30078	0	0	0.69922
V916	0.28432	0.09731	0.58454	0.03383
V917	0.72694	0.04429	0.13337	0.09541
V918	0.09243	0.62743	0.21138	0.06876
V919	0.2427	0.27258	0.26358	0.22113
V920	0.6302	0.22272	0.05991	0.08717
V921	0.10244	0.18565	0	0.71191
V922	0.14715	0.47756	0.35272	0.02258
V923	0.17615	0.02302	0.02594	0.77488
V924	0.08661	0.6592	0.24922	0.00497
V925	0.26212	0.03421	0	0.70367
V926	0.28664	0.02877	0	0.68459
V927	0.10541	0.05635	0.0295	0.80874
V928	0.10245	0.85236	0	0.04519
V929	0.10578	0.64133	0.11173	0.14117
V930	0.53509	0.38105	0	0.08386
V931	0.17743	0.30908	0.46018	0.05331
V932	0.07654	0.16095	0.56909	0.19342
V933	0.61514	0.3823	0	0.00256
V934	0.05738	0.19161	0.25275	0.49827
V935	0.57387	0.19178	0.17438	0.05997
V936	0.55053	0.27862	0	0.17085
V937	0.57517	0.15339	0.0487	0.22274
V938	0.41984	0.07263	0.27478	0.23275
V939	0.77711	0.0295	0.03837	0.15503
V940	0.07503	0.77034	0.13428	0.02036
V941	0.03585	0.04172	0.88773	0.03469
V942	0.74843	0.20829	0.03079	0.0125
V943	0.4207	0.16524	0.37513	0.03894
V944	0.07505	0.3018	0.03302	0.59014
V945	0.57677	0.34947	0	0.07377
V946	0.47756	0.28864	0.21714	0.01667
V947	0.15104	0.07539	0.20414	0.56943
V948	0.36852	0.06728	0.55434	0.00986
V949	0.02888	0.14835	0.18149	0.64129
V950	0.10314	0.54593	0.19057	0.16037
V951	0.84026	0.0363	0.11535	0.00809
V952	0.1265	0.1665	0.23892	0.46808
V953	0.06053	0.10901	0.79612	0.03434
V954	0.09703	0.21688	0.11414	0.57194
V955	0.17871	0.60555	0	0.21574
V956	0.09027	0.06188	0.48854	0.35932
V957	0.40116	0	0	0.59884
V958	0.13973	0	0	0.86027
V959	0.26703	0.29314	0.38666	0.05317
V960	0.29122	0.30336	0.04637	0.35905
V961	0.17843	0.40931	0.31526	0.09701
V962	0.39038	0.20587	0.3492	0.05454
V963	0.60736	0.19783	0.1261	0.0687
V964	0.8429	0.04772	0.06468	0.0447
V965	0.105	0.5175	0.16961	0.20789
V966	0.93333	0.02707	0	0.0396
V967	0.10944	0.08311	0.49885	0.30859
V968	0.02177	0.20338	0.71826	0.05659
V969	0.06431	0.32228	0.00249	0.61092
V970	0.08301	0.16405	0.3996	0.35334
V971	0.52002	0.11782	0.29286	0.06931
V972	0.54351	0.22489	0.0102	0.22141
V973	0.31599	0.43847	0.0469	0.19864
V974	0.05194	0.77081	0.1159	0.06134
V975	0.13546	0.31909	0.54545	0
V976	0.4713	0.2722	0.08308	0.17343
V977	0.34532	0.37097	0.28372	0
V978	0.14559	0.11379	0.0349	0.70573
V979	0.81376	0.03755	0.14234	0.00635
V980	0.95279	0	0	0.04721
V981	0.37673	0.06127	0.39603	0.16597
V982	0.47178	0.41033	0.04574	0.07215
V983	0.72107	0.05456	0	0.22437
V984	0.06614	0.81329	0.09726	0.02331
V985	0.14465	0.19643	0	0.65892
V986	0.36422	0.52613	0.02136	0.08829
V987	0.28544	0.71399	0	0.00057
V988	0.29576	0.00932	0	0.69492
V989	0.47552	0.47497	0.04801	0.0015
V990	0.01746	0.10294	0.75376	0.12584
V991	0.6573	0.33813	0	0.00457
V992	0.25004	0.03595	0.48897	0.22505
V993	0.11793	0.70441	0.15191	0.02575
V994	0.23662	0.76168	0.0017	0
V995	0.75012	0.12203	0	0.12785
V996	0.33519	0.12763	0	0.53718
V997	0.06178	0.06194	0.77296	0.10331
V998	0.87815	0.02486	0.03084	0.06616
V999	0.16773	0.83227	0	0
V1000	0.38169	0.00636	0	0.61194
