B_cells	NK_cells	T_cells_CD4.	Monocytes
V1	0.57018	0	0.21494	0.21487
V2	0.2234	0.09713	0.09021	0.58925
V3	0.09951	0.60868	0.05054	0.24128
V4	0.85063	0.10922	0.01631	0.02383
V5	0.14556	0.4455	0.30527	0.10367
V6	0.12695	0.79161	0.08098	0.00046
V7	0.18877	0.3595	0.12339	0.32833
V8	0.17843	0.00155	0.81082	0.0092
V9	0.29127	0.24289	0.06316	0.40269
V10	0.07715	0.00829	0.88582	0.02874
V11	0.23061	0.31579	0.4536	0
V12	0.06634	0.52413	0.40953	0
V13	0.29946	0.64872	0.05182	0
V14	0.11833	0.82189	0.05977	0
V15	0.15841	0.56052	0.17535	0.10572
V16	0.85139	0.03827	0.07007	0.04027
V17	0.13692	0.7962	0.06596	0.00091
V18	0.57632	0.31839	0.09115	0.01413
V19	0.19922	0.74655	0.05424	0
V20	0.20681	0.45859	0.05153	0.28307
V21	0.17488	0.06439	0.75581	0.00492
V22	0.0683	0.10255	0.26696	0.56219
V23	0.38831	0.03849	0.57321	0
V24	0.8785	0.02461	0.09689	0
V25	0.37625	0.23183	0.16733	0.22459
V26	0.42411	0.3701	0.05081	0.15498
V27	0.19161	0.07237	0.04781	0.68821
V28	0.03266	0.06752	0.89982	0
V29	0.44778	0.02461	0.52262	0.00499
V30	0.14416	0.21871	0.32417	0.31296
V31	0.24199	0.18918	0.33922	0.22961
V32	0.17821	0.02851	0.08807	0.70521
V33	0.08444	0.46313	0.40354	0.0489
V34	0.17538	0.04428	0.77355	0.00679
V35	0.19986	0.65564	0.1445	0
V36	0.05454	0.04771	0.52953	0.36822
V37	0.56557	0.05697	0.14287	0.23459
V38	0.46728	0	0.21442	0.3183
V39	0.20188	0.52676	0.18296	0.0884
V40	0.13345	0.72879	0.13775	0
V41	0.03965	0.65447	0.10491	0.20097
V42	0.28314	0.01863	0.26569	0.43254
V43	0.1668	0.31122	0.52198	0
V44	0.05919	0.086	0.74711	0.10769
V45	0.13744	0.54298	0.27542	0.04417
V46	0.76352	0.05854	0.17795	0
V47	0.45655	0.17562	0.35509	0.01274
V48	0.79046	0.15122	0.04358	0.01474
V49	0.74366	0.1812	0.00551	0.06964
V50	0.10878	0.74016	0.15106	0
V51	0.33228	0.36333	0.3044	0
V52	0.07522	0.11838	0.79703	0.00937
V53	0.70254	0.09917	0.19828	0
V54	0.42821	0.174	0.39779	0
V55	0.2605	0.12736	0.28941	0.32272
V56	0.13484	0.00668	0.16279	0.69569
V57	0.14372	0.7763	0.07998	0
V58	0.66065	0	0.08313	0.25621
V59	0.45039	0.37728	0.15745	0.01488
V60	0.17874	0.15453	0.3739	0.29283
V61	0.78985	0.09266	0.04397	0.07351
V62	0.82978	0.02778	0.13083	0.01161
V63	0.0597	0.748	0.1923	0
V64	0.05617	0.8308	0.02411	0.08893
V65	0.0901	0	0.18258	0.72732
V66	0.25256	0.64659	0.067	0.03385
V67	0.18296	0.29531	0.52173	0
V68	0.2307	0.1596	0.04532	0.56437
V69	0.06889	0.29413	0.62797	0.00901
V70	0.54427	0.13985	0.22748	0.0884
V71	0.21323	0.06975	0.42478	0.29224
V72	0.58226	0.14724	0.13808	0.13242
V73	0.18938	0.56781	0.19684	0.04597
V74	0.09373	0.20163	0.70465	0
V75	0.69298	0	0.238	0.06902
V76	0.02764	0.19002	0.24711	0.53523
V77	0.09266	0.31137	0.02838	0.56758
V78	0.34957	0.11141	0.23421	0.30481
V79	0.04978	0.1092	0.79117	0.04985
V80	0.37504	0.01604	0.5606	0.04831
V81	0.10014	0.15321	0.74665	0
V82	0.03463	0.08867	0.8767	0
V83	0.19767	0.18652	0.116	0.49982
V84	0.43842	0.0338	0.21338	0.3144
V85	0.14661	0.30133	0.44083	0.11123
V86	0.09872	0.06348	0.81824	0.01956
V87	0.07929	0.76206	0.12361	0.03504
V88	0.22305	0.05646	0.32514	0.39534
V89	0.08872	0.01574	0.27314	0.6224
V90	0.07604	0.79317	0.13079	0
V91	0.07663	0.67042	0.25295	0
V92	0.4724	0.01292	0.42171	0.09297
V93	0.88274	0.01922	0.00218	0.09586
V94	0.06031	0.45422	0.06619	0.41928
V95	0.28972	0.40695	0.20499	0.09834
V96	0.15663	0.12312	0.05526	0.665
V97	0.65962	0.08788	0.2525	0
V98	0.70425	0.28126	0.01248	0.00201
V99	0.76286	0.03369	0.20345	0
V100	0.12934	0.03867	0.82692	0.00508
V101	0.11721	0.09648	0	0.78632
V102	0.87757	0.05415	0.04391	0.02437
V103	0.07135	0.06106	0.16577	0.70181
V104	0.0877	0.84952	0.06279	0
V105	0.10869	0.81807	0.07324	0
V106	0.15748	0.47146	0.37106	0
V107	0.22194	0.19297	0.57665	0.00844
V108	0.17969	0.66953	0.15078	0
V109	0.05426	0.16574	0.61992	0.16008
V110	0.10672	0.78585	0.10744	0
V111	0.85942	0	0.13539	0.00519
V112	0.17927	0.0636	0.47558	0.28155
V113	0.24592	0.10735	0.23178	0.41494
V114	0.31328	0.04015	0.13411	0.51246
V115	0.04568	0.67146	0.28287	0
V116	0.17951	0.29869	0.40963	0.11218
V117	0.66959	0.23093	0.07964	0.01984
V118	0.20335	0.55806	0.07678	0.16182
V119	0.19503	0.08956	0.09598	0.61943
V120	0.12611	0.07956	0.79433	0
V121	0.60269	0.11728	0.13893	0.1411
V122	0.8811	0.00361	0.07881	0.03648
V123	0.04146	0.51542	0.09895	0.34417
V124	0.67354	0.27559	0.01323	0.03764
V125	0.40201	0.37545	0.22254	0
V126	0.10269	0.1689	0.09558	0.63284
V127	0.22487	0.04499	0.31607	0.41408
V128	0.11528	0.01184	0.18588	0.68701
V129	0.5738	0.21243	0.21377	0
V130	0.04484	0.58328	0.37188	0
V131	0.07383	0.84905	0.031	0.04613
V132	0.86707	0	0.09483	0.0381
V133	0.85248	0.00912	0.1191	0.0193
V134	0.15169	0.39122	0.17672	0.28037
V135	0.15445	0.01556	0.24849	0.5815
V136	0.29037	0.39846	0.03864	0.27252
V137	0.63888	0.0247	0.29234	0.04408
V138	0.24766	0.38401	0.22661	0.14173
V139	0.38139	0.19817	0.24186	0.17857
V140	0.10052	0.11277	0.1091	0.67761
V141	0.10845	0.16096	0.56913	0.16147
V142	0.75509	0	0.24491	0
V143	0.45962	0.25412	0.10408	0.18218
V144	0.22131	0.16126	0.22039	0.39704
V145	0.01594	0.69376	0.2903	0
V146	0.16438	0.00961	0.10516	0.72085
V147	0.85776	0.02008	0.07292	0.04924
V148	0.17444	0.07924	0.60155	0.14477
V149	0.28206	0.45623	0.26171	0
V150	0.12992	0.23534	0.59993	0.03481
V151	0.24479	0.59182	0.0807	0.0827
V152	0.26464	0.41268	0.26992	0.05276
V153	0.15218	0.70767	0.0672	0.07295
V154	0.26973	0.41372	0.31655	0
V155	0.47948	0.1355	0.32517	0.05985
V156	0.07587	0.1488	0.69782	0.07751
V157	0.33552	0.15247	0.35313	0.15888
V158	0.12314	0	0.12788	0.74898
V159	0.86479	0.07076	0.00944	0.05501
V160	0.69985	0	0.11115	0.189
V161	0.29385	0	0.08567	0.62047
V162	0.1143	0.31498	0.12942	0.4413
V163	0.13632	0.47432	0.22182	0.16755
V164	0.37382	0.3013	0.14401	0.18088
V165	0.06662	0.30252	0	0.63086
V166	0.06353	0.124	0.13329	0.67918
V167	0.41731	0	0.04617	0.53652
V168	0.31616	0.52738	0.13428	0.02218
V169	0.26792	0.06059	0.08316	0.58833
V170	0.15814	0.02663	0.5639	0.25133
V171	0.1719	0.23277	0.59533	0
V172	0.69092	0	0.30908	0
V173	0.08957	0.17099	0.08797	0.65148
V174	0.0678	0.18784	0.13143	0.61293
V175	0.11701	0.01633	0.78901	0.07765
V176	0.04778	0.72081	0.2314	0
V177	0.06588	0.89905	0.02362	0.01145
V178	0.05023	0.737	0.05996	0.15281
V179	0.21744	0.00874	0.43574	0.33808
V180	0.07143	0.78342	0.14514	0
V181	0.20329	0.13487	0.55851	0.10333
V182	0.3242	0.17516	0.48227	0.01837
V183	0.21459	0.72759	0.05782	0
V184	0.90504	0	0.09496	0
V185	0.57027	0.3685	0.06123	0
V186	0.15735	0.45137	0.3138	0.07748
V187	0.87885	0.00267	0.10389	0.01459
V188	0.12028	0.26766	0	0.61205
V189	0.8023	0.00966	0.06487	0.12317
V190	0.6368	0.00692	0.35628	0
V191	0.2219	0.20203	0.57608	0
V192	0.33624	0.44569	0.09085	0.12722
V193	0.60225	0.02168	0.28482	0.09125
V194	0.09183	0.84384	0.05552	0.00881
V195	0.07742	0.05583	0.86379	0.00296
V196	0.078	0.11725	0.05013	0.75462
V197	0.4703	0.04343	0.06257	0.4237
V198	0.10783	0.46654	0.4112	0.01443
V199	0.23455	0.02017	0.24121	0.50407
V200	0.17117	0.55543	0.05706	0.21634
V201	0.13514	0.52361	0.2448	0.09644
V202	0.06864	0.04063	0.77695	0.11378
V203	0.1948	0.38713	0.41807	0
V204	0.05272	0.53921	0.04886	0.35921
V205	0.07659	0.08083	0.84081	0.00177
V206	0.09527	0.10666	0.79808	0
V207	0.19862	0.2102	0.08827	0.5029
V208	0.2737	0.07007	0.65624	0
V209	0.33475	0.44523	0.11051	0.10951
V210	0.13015	0.69562	0.1575	0.01674
V211	0.47886	0.00178	0.08156	0.4378
V212	0.50441	0.03876	0.45683	0
V213	0.64573	0.01594	0.16288	0.17545
V214	0.36793	0.1613	0.21123	0.25955
V215	0.35817	0.10714	0.04297	0.49173
V216	0.15299	0	0.10611	0.7409
V217	0.08088	0.47495	0.28792	0.15625
V218	0.13669	0.43945	0.21932	0.20454
V219	0.14946	0.62068	0.05141	0.17845
V220	0.05142	0.78409	0.06371	0.10077
V221	0.80247	0	0.0471	0.15043
V222	0.34197	0.13278	0.40096	0.12429
V223	0.04895	0.15225	0.75797	0.04084
V224	0.89684	0	0.10316	0
V225	0.10291	0.77087	0.12622	0
V226	0.32273	0.08402	0.59325	0
V227	0.75441	0	0.24167	0.00392
V228	0.75036	0.05594	0.11696	0.07674
V229	0.08005	0.0473	0.85831	0.01434
V230	0.09907	0.05963	0.0977	0.74361
V231	0.05489	0.30127	0.16313	0.48071
V232	0.09322	0.66312	0.00787	0.23579
V233	0.56587	0.08143	0.24684	0.10585
V234	0.08929	0.80966	0.10106	0
V235	0.39027	0.06346	0.54545	0.00082
V236	0.09518	0.08777	0.77488	0.04217
V237	0.24837	0	0.09257	0.65907
V238	0.16852	0.50904	0.31569	0.00675
V239	0.11515	0.41738	0.05252	0.41495
V240	0.49089	0.03684	0.45215	0.02012
V241	0.07508	0.02019	0.8657	0.03903
V242	0.16581	0.67979	0.1544	0
V243	0.27244	0.04968	0.63793	0.03994
V244	0.24559	0	0.70548	0.04893
V245	0.59803	0.27327	0.0965	0.0322
V246	0.10275	0.15685	0.74039	0
V247	0.1937	0.03513	0.77117	0
V248	0.10718	0.05444	0.12248	0.71591
V249	0.02752	0.07188	0.86011	0.04049
V250	0.73433	0	0.26567	0
V251	0.88831	0.04915	0.0517	0.01085
V252	0.0476	0.74078	0.21162	0
V253	0.40601	0.06585	0.21366	0.31448
V254	0.0571	0.81634	0.12656	0
V255	0.09947	0.86014	0.01874	0.02164
V256	0.21157	0.21053	0.53413	0.04377
V257	0.44404	0.09702	0.27976	0.17918
V258	0.21209	0.25644	0.45372	0.07775
V259	0.08111	0.28405	0.63393	0.00091
V260	0.02128	0.27417	0.70455	0
V261	0.61565	0.01812	0.24954	0.11669
V262	0.18886	0.08273	0.04631	0.68209
V263	0.07438	0.88721	0.0244	0.01401
V264	0.21207	0.03944	0.47534	0.27315
V265	0.11277	0	0.21222	0.67501
V266	0.64167	0.30461	0.05372	0
V267	0.02223	0.19914	0.34708	0.43155
V268	0.43264	0.00938	0.19753	0.36045
V269	0.04411	0.51497	0.43322	0.00771
V270	0.63335	0.01357	0.29326	0.05982
V271	0.77897	0.05753	0.07721	0.08629
V272	0.10074	0.77248	0.06108	0.0657
V273	0.15549	0.03128	0.10764	0.70559
V274	0.68763	0	0.22822	0.08415
V275	0.03565	0.06376	0.89015	0.01043
V276	0.52226	0.32054	0.04314	0.11406
V277	0.08124	0.22497	0.21843	0.47536
V278	0.09419	0.06838	0.35227	0.48515
V279	0.67955	0.04598	0.16319	0.11128
V280	0.12314	0	0.12788	0.74898
V281	0.56438	0.01731	0.19221	0.2261
V282	0.10634	0.0874	0.77712	0.02913
V283	0.24609	0.54666	0.10745	0.0998
V284	0.07615	0.7933	0.13055	0
V285	0.11708	0.0188	0.86411	0
V286	0.27637	0.50781	0.16045	0.05537
V287	0.14658	0.78732	0.06606	4e-05
V288	0.05247	0.28123	0.46863	0.19767
V289	0.30476	0.21275	0.44719	0.03531
V290	0.80375	0.13252	0.06373	0
V291	0.4813	0.06408	0.45463	0
V292	0.90976	0.01243	0.00942	0.0684
V293	0.3197	0.02317	0.6475	0.00963
V294	0.14098	0.39709	0	0.46193
V295	0.06087	0.19456	0.25157	0.493
V296	0.21282	0.12686	0.61385	0.04646
V297	0.16965	0	0.14627	0.68408
V298	0.31308	0.1013	0.58562	0
V299	0.12354	0.29965	0.03721	0.5396
V300	0.03701	0.04477	0.3066	0.61162
V301	0.1633	0.12161	0.6451	0.06999
V302	0.66347	0.31651	0.01952	5e-04
V303	0.02342	0.55167	0.4249	0
V304	0.10506	0.04325	0.74356	0.10813
V305	0.16188	0.16631	0.4908	0.18101
V306	0.77464	0.08323	0.10102	0.04111
V307	0.074	0.84077	0.08214	0.00309
V308	0.26057	0.22644	0.33744	0.17555
V309	0.36998	0.31346	0.05359	0.26296
V310	0.11964	0.32387	0.2017	0.35479
V311	0.52284	0.42547	0.05169	0
V312	0.13743	0.66036	0.20221	0
V313	0.02804	0.14975	0.071	0.75121
V314	0.04873	0.48018	0.16268	0.30841
V315	0.15971	0.59996	0.07985	0.16048
V316	0.33076	0.13373	0.42069	0.11482
V317	0.12809	0.65907	0.09887	0.11398
V318	0.08169	0.55281	0.04972	0.31578
V319	0.10784	0.08149	0.80015	0.01052
V320	0.12088	0.15239	0.64969	0.07704
V321	0.63263	0.31385	0.05352	0
V322	0.23763	0.32742	0.10609	0.32885
V323	0.14045	0.02312	0.16265	0.67377
V324	0.64784	0.23206	0.1201	0
V325	0.32259	0.57007	0.10734	0
V326	0.01243	0.56453	0.15029	0.27275
V327	0.06888	0.16672	0.16387	0.60053
V328	0.09562	0.04441	0.74401	0.11597
V329	0.22518	0.11853	0.22324	0.43305
V330	0.41354	0.00251	0.38003	0.20392
V331	0.39482	0.08864	0.0822	0.43434
V332	0.06246	0.06345	0.2525	0.62159
V333	0.43075	0.07062	0.42388	0.07474
V334	0.38253	0.00437	0.40102	0.21207
V335	0.06411	0.32445	0.53647	0.07498
V336	0.21244	0.65571	0.06584	0.06601
V337	0.30125	0.36501	0.33373	0
V338	0.01947	0.88634	0.08722	0.00697
V339	0.16592	0.00318	0.8309	0
V340	0.09432	0.22908	0.54928	0.12732
V341	0.10181	0.05038	0.1399	0.70791
V342	0.2773	0	0.63369	0.08901
V343	0.89055	0.02873	0.05684	0.02388
V344	0.64853	0.12813	0.22334	0
V345	0.07831	0.0556	0.86609	0
V346	0.26875	0.1171	0.32938	0.28477
V347	0.12423	0.00747	0.20208	0.66622
V348	0.09162	0.61109	0.20085	0.09643
V349	0.35776	0.16131	0.41694	0.064
V350	0.06481	0.70831	0.22688	0
V351	0.07126	0.04392	0.45001	0.43481
V352	0.09857	0.0367	0.82132	0.04342
V353	0.83308	0.01352	0.08916	0.06424
V354	0.08615	0.62967	0.28068	0.00349
V355	0.30024	0.07755	0.49034	0.13187
V356	0.11412	0.02649	0.17425	0.68513
V357	0.14818	0.32503	0.32458	0.2022
V358	0.55979	0.09857	0.08843	0.25321
V359	0.59318	0.04687	0.07214	0.28781
V360	0.54711	0.38369	0.0692	0
V361	0.01956	0.41386	0.56658	0
V362	0.01797	0.87864	0.10107	0.00231
V363	0.20565	0.12358	0.49792	0.17285
V364	0.19357	0.0746	0.6768	0.05503
V365	0.3354	0.02329	0.04873	0.59259
V366	0.11622	0.63864	0.13981	0.10533
V367	0.59221	0.13789	0.02401	0.24589
V368	0.12894	0.67187	0.14353	0.05566
V369	0.05831	0.36101	0.58067	0
V370	0.31068	0.25487	0.43445	0
V371	0.22166	0.66684	0.07773	0.03377
V372	0.22707	0.05742	0.17888	0.53663
V373	0.12237	0.14918	0.50394	0.22452
V374	0.74183	0.00086	0.25731	0
V375	0.11282	0.04777	0.2111	0.6283
V376	0.11081	0.04136	0.17017	0.67766
V377	0.7788	0	0.05314	0.16806
V378	0.05681	0.04569	0.46189	0.43562
V379	0.3807	0.20373	0.03235	0.38322
V380	0.20593	0.07909	0.2558	0.45917
V381	0.72064	0	0.14417	0.1352
V382	0.12688	0.05114	0.82198	0
V383	0.80035	0	0.10058	0.09907
V384	0.55969	0.07001	0.17916	0.19113
V385	0.80953	0	0.1365	0.05397
V386	0.35108	0.00193	0.20537	0.44162
V387	0.5685	0.1388	0.23738	0.05532
V388	0.38696	0.31467	0.18844	0.10993
V389	0.43217	0.48093	0.05282	0.03408
V390	0.30068	0.2313	0.46802	0
V391	0.46003	0.10639	0.04252	0.39106
V392	0.43146	0.21519	0.20811	0.14524
V393	0.29813	0.22203	0.38334	0.0965
V394	0.14287	0.23994	0.16132	0.45587
V395	0.24776	0.37266	0.2478	0.13178
V396	0.05834	0.86076	0.06771	0.01319
V397	0.73945	0.07442	0.15863	0.02751
V398	0.46521	0.13566	0.13838	0.26076
V399	0.22229	0.51162	0.2036	0.06249
V400	0.01812	0.58043	0.1214	0.28005
V401	0.07704	0.16712	0.71612	0.03972
V402	0.76939	0.14544	0.08517	0
V403	0.10388	0.03368	0.15341	0.70903
V404	0.12965	0.19893	0.61912	0.05229
V405	0.27518	0.02853	0.22782	0.46847
V406	0.63443	0.23641	0.05197	0.07719
V407	0.01947	0.88634	0.08722	0.00697
V408	0.12721	0.24563	0.43626	0.1909
V409	0.04324	0.05043	0.1276	0.77873
V410	0.13548	0.77363	0.09088	0
V411	0.49954	0.01205	0	0.48841
V412	0.19641	0.08422	0.52905	0.19032
V413	0.09181	0.47204	0.23246	0.2037
V414	0.07158	0.47616	0.37659	0.07568
V415	0.46078	0.0243	0.28298	0.23194
V416	0.06165	0.09286	0.8455	0
V417	0.39424	0.55179	0.05396	0
V418	0.13336	0.11771	0.20073	0.5482
V419	0.11306	0	0.13756	0.74938
V420	0.01056	0.84417	0.08418	0.06109
V421	0.19433	0.05335	0.68125	0.07107
V422	0.13905	0.10148	0.03312	0.72634
V423	0.12934	0.03867	0.82692	0.00508
V424	0.02489	0.07375	0.6597	0.24165
V425	0.09558	0.23865	0.60568	0.06009
V426	0.13608	0.06502	0.76355	0.03536
V427	0.10477	0.39264	0.24326	0.25934
V428	0.13066	0.70602	0.11432	0.049
V429	0.1068	0	0.1458	0.74741
V430	0.72993	0.15713	0.05301	0.05993
V431	0.22161	0.02982	0.49383	0.25474
V432	0.18147	0.11088	0.09495	0.61269
V433	0.10089	0.72104	0.01788	0.16018
V434	0.38406	0.07964	0.09366	0.44264
V435	0.53123	0	0.1728	0.29597
V436	0.42396	0	0.17133	0.40471
V437	0.28403	0.24355	0.02268	0.44975
V438	0.611	0.15668	0.06438	0.16793
V439	0.10681	0.13834	0.03252	0.72233
V440	0.51835	0.03042	0.07472	0.37651
V441	0.11011	0.14202	0.61292	0.13495
V442	0.33841	0.33189	0.17701	0.15269
V443	0.72626	0	0.13992	0.13381
V444	0.07831	0.0556	0.86609	0
V445	0.59202	0.01416	0.38343	0.0104
V446	0.07889	0.75641	0.12217	0.04253
V447	0.60807	0.08836	0.22853	0.07505
V448	0.07303	0.08215	0.25817	0.58665
V449	0.55003	0.03599	0.34306	0.07093
V450	0.17388	0.75508	0.07104	0
V451	0.88863	0.05877	0.01404	0.03856
V452	0.12389	0.0112	0.15742	0.70749
V453	0.76654	0.06496	0.12034	0.04816
V454	0.02409	0.84241	0.1335	0
V455	0.58224	0.02792	0.34982	0.04002
V456	0.34117	0.12359	0.42014	0.1151
V457	0.03524	0.08523	0.08594	0.79358
V458	0.31562	0.24067	0.02222	0.42149
V459	0.05166	0.7309	0.16116	0.05628
V460	0.87133	0	0.09897	0.0297
V461	0.16436	0.06529	0.03956	0.73079
V462	0.39136	0.25921	0	0.34943
V463	0.27677	0.4434	0.20834	0.07149
V464	0.54046	0.1006	0.0229	0.33604
V465	0.41978	0.40633	0.06252	0.11137
V466	0.59473	0.18497	0.02725	0.19305
V467	0.33599	0.52266	0.13593	0.00542
V468	0.5013	0.37238	0.09921	0.02711
V469	0.05722	0.19456	0.34138	0.40685
V470	0.53795	0.12061	0.22778	0.11366
V471	0.3239	0.11855	0.06623	0.49132
V472	0.36524	0.34077	0	0.29398
V473	0.1343	0.49048	0.37522	0
V474	0.19868	0	0.17008	0.63124
V475	0.22064	0.3962	0.12022	0.26294
V476	0.24272	0.00987	0.12008	0.62732
V477	0.5885	0.03001	0.25754	0.12395
V478	0.17149	0.57322	0.0391	0.2162
V479	0.05864	0.10827	0.78334	0.04975
V480	0.12827	0.32502	0.08566	0.46105
V481	0.18283	0.03566	0.78151	0
V482	0.66537	0.15099	0.16579	0.01786
V483	0.19429	0.12553	0.12327	0.55691
V484	0.09536	0.10559	0.07796	0.72108
V485	0.16236	0.69233	0.05566	0.08965
V486	0.30127	0.26687	0.17133	0.26054
V487	0.15421	0.05713	0.15044	0.63822
V488	0.03676	0.02664	0.87183	0.06477
V489	0.23479	0.10895	0.65627	0
V490	0.36639	0.31305	0.10364	0.21692
V491	0.45315	0.43442	0.07838	0.03406
V492	0.06911	0.73459	0.19631	0
V493	0.17343	0	0.00668	0.81989
V494	0.22266	0.16207	0.53685	0.07842
V495	0.24761	0.55765	0.19474	0
V496	0.3071	0.64838	0.02589	0.01863
V497	0.0823	0.01396	0.89648	0.00727
V498	0.36186	0.1125	0.09047	0.43517
V499	0.58957	0.23867	0.17176	0
V500	0.14477	0.1363	0.71111	0.00782
V501	0.0492	0	0.166	0.78481
V502	0.53562	0.25973	0.20465	0
V503	0.24388	0.1077	0.25234	0.39608
V504	0.26336	0.64473	0.0578	0.0341
V505	0.23221	0.22081	0.29877	0.24821
V506	0.12554	0.25538	0.48182	0.13727
V507	0.60036	0.09755	0.16977	0.13232
V508	0.72271	0.15599	0.08719	0.03411
V509	0.25794	0.07141	0.53156	0.13909
V510	0.24121	0.45788	0.30091	0
V511	0.09007	0.42558	0.09119	0.39316
V512	0.30162	0.05303	0.13297	0.51238
V513	0.1168	0.58736	0.26856	0.02727
V514	0.08761	0.12593	0	0.78646
V515	0.74223	0.05566	0.09552	0.10659
V516	0.88944	0.0907	0.01381	0.00605
V517	0.10287	0.0365	0.3142	0.54643
V518	0.91715	0.05459	0.0087	0.01956
V519	0.07075	0.80963	0.05437	0.06525
V520	0.08097	7e-04	0.66075	0.25758
V521	0.54542	0.04398	0.40342	0.00718
V522	0.04438	0.1452	0.60573	0.2047
V523	0.37125	0.13089	0.30228	0.19558
V524	0.04523	0.69928	0.25549	0
V525	0.30453	0.22076	0.05368	0.42102
V526	0.63557	0.07501	0.12247	0.16695
V527	0.24617	0.02711	0.44358	0.28314
V528	0.14662	0.80107	0.02846	0.02385
V529	0.11957	0.07665	0.28159	0.52218
V530	0.04616	0.21403	0.67943	0.06038
V531	0.06001	0.76221	0.17779	0
V532	0.21768	0.3404	0.05546	0.38646
V533	0.30702	0.34492	0.1778	0.17026
V534	0.059	0.04015	0.72033	0.18053
V535	0.57844	0	0.04981	0.37175
V536	0.2387	0	0.42345	0.33785
V537	0.56524	0.23438	0.20038	0
V538	0.48301	0.04879	0.13564	0.33257
V539	0.28972	0.40695	0.20499	0.09834
V540	0.23142	0.63138	0.13101	0.00619
V541	0.051	0.50639	0.1166	0.32601
V542	0.23769	0.13984	0.29988	0.32259
V543	0.84329	0	0.06174	0.09496
V544	0.16363	0.10364	0.22838	0.50435
V545	0.39804	0.15018	0.10817	0.34361
V546	0.09286	0.77099	0.13615	0
V547	0.07515	0.56929	0.35556	0
V548	0.18298	0.6736	0.14343	0
V549	0.33247	0.04213	0.6254	0
V550	0.62634	0.02953	0	0.34413
V551	0.21159	0.6744	0.08894	0.02506
V552	0.01653	0.53944	0.05802	0.38602
V553	0.24717	0.15161	0.60122	0
V554	0.13606	0.11624	0.06395	0.68376
V555	0.12921	0.23825	0.37666	0.25588
V556	0.02972	0.06693	0.88033	0.02302
V557	0.80052	0.02105	0.04714	0.13129
V558	0.10905	0.72937	0.08144	0.08014
V559	0.04676	0.70922	0.24402	0
V560	0.68452	0.2921	0.02338	0
V561	0.03565	0.06376	0.89015	0.01043
V562	0.74707	0	0.17101	0.08192
V563	0.26417	0.00973	0.72611	0
V564	0.1069	0.0986	0.7945	0
V565	0.15886	0.26313	0.41344	0.16457
V566	0.7003	0.09411	0.02728	0.17831
V567	0.25373	0.44185	0.05955	0.24487
V568	0.30984	0	0.11106	0.5791
V569	0.70737	0.02777	0	0.26486
V570	0.06694	0.28563	0.62174	0.02569
V571	0.80307	0.12157	0.01537	0.06
V572	0.44813	0.00943	0.47571	0.06672
V573	0.12833	0.20229	0.02749	0.64188
V574	0.07631	0.69218	0.23151	0
V575	0.07458	0.10615	0.19027	0.629
V576	0.18761	0.71617	0.09622	0
V577	0.10301	0.05691	0.27529	0.56479
V578	0.10251	0.08892	0.68355	0.12502
V579	0.04895	0.78283	0.16823	0
V580	0.22565	0	0.17936	0.595
V581	0.15982	0.12104	0	0.71914
V582	0.586	0.14876	0.06333	0.2019
V583	0.04858	0.0705	0.62432	0.25659
V584	0.50451	0.15431	0.33518	0.006
V585	0.06468	0.02718	0.4963	0.41184
V586	0.26327	0.02322	0.65724	0.05627
V587	0.28921	0.02605	0.68188	0.00286
V588	0.63929	0.0373	0.06234	0.26107
V589	0.10018	0.73512	0.13086	0.03384
V590	0.08349	0.67126	0.24525	0
V591	0.03659	0.05405	0.27921	0.63016
V592	0.18483	0.05051	0.76466	0
V593	0.58381	0	0.22938	0.1868
V594	0.34668	0.27521	0.3727	0.00541
V595	0.12494	0.05289	0.08942	0.73275
V596	0.0743	0.29623	0.2769	0.35257
V597	0.01545	0.54836	0.39432	0.04187
V598	0.06648	0.13519	0.79833	0
V599	0.61228	0.29586	0.08309	0.00877
V600	0.37491	0.44758	0.09324	0.08427
V601	0.20732	0.28749	0.12218	0.38301
V602	0.13263	0.06551	0.05554	0.74633
V603	0.05188	0.38583	0.0569	0.5054
V604	0.5014	0.1184	0.38021	0
V605	0.10238	0.32555	0.43496	0.13712
V606	0.71236	0.14929	0.04045	0.09791
V607	0.64727	0	0.16164	0.1911
V608	0.24822	0.16878	0.4177	0.16531
V609	0.066	0.25555	0.28877	0.38968
V610	0.74036	0.00595	0.14756	0.10613
V611	0.34871	0	0.10659	0.5447
V612	0.07008	0.11658	0.77782	0.03552
V613	0.08106	0.31945	0.59949	0
V614	0.73556	0.05599	0.09502	0.11342
V615	0.21984	0.07963	0.02708	0.67345
V616	0.11725	0.66083	0.09944	0.12249
V617	0.45551	0.14879	0.39569	0
V618	0.74723	0.00822	0	0.24454
V619	0.40416	0.02806	0.36329	0.20449
V620	0.04484	0.58328	0.37188	0
V621	0.43634	0.15696	0.21792	0.18878
V622	0.36115	0.21592	0.42294	0
V623	0.0741	0.09498	0.21044	0.62048
V624	0.78281	0.18547	0.0186	0.01312
V625	0.29004	0.46635	0.14414	0.09947
V626	0.90878	0.04477	0.00773	0.03873
V627	0.03427	0.04471	0.16864	0.75238
V628	0.02899	0.25289	0.06385	0.65428
V629	0.16158	0.29419	0.32375	0.22049
V630	0.07951	0.32039	0.59248	0.00762
V631	0.06308	0.21676	0.16118	0.55897
V632	0.59008	0	0.18009	0.22983
V633	0.02641	0.06715	0.82744	0.079
V634	0.3909	0.24319	0.36591	0
V635	0.0703	0.72582	0.04823	0.15565
V636	0.16341	0.12113	0.63769	0.07776
V637	0.3407	0.20566	0.12807	0.32556
V638	0.40044	0.26097	0.10371	0.23487
V639	0.27835	0.38054	0.34111	0
V640	0.07953	0.16765	0.73533	0.0175
V641	0.83197	0.03489	0.07578	0.05736
V642	0.75665	0.17037	0.00994	0.06304
V643	0.04359	0.20374	0.4912	0.26147
V644	0.86385	0.07456	0.04404	0.01755
V645	0.27745	0.37235	0.35021	0
V646	0.06915	0.85624	0.07461	0
V647	0.18312	0.10504	0.68796	0.02387
V648	0.4172	0.3967	0.18611	0
V649	0.07387	0.09117	0.80422	0.03074
V650	0.10397	0.1131	0.74893	0.034
V651	0.32148	0.00843	0.67009	0
V652	0.13694	0.10556	0.47684	0.28065
V653	0.15906	0.61051	0.15898	0.07145
V654	0.6714	0.18752	0.10389	0.03719
V655	0.07963	0.55907	0.0662	0.2951
V656	0.25761	0.28629	0.03264	0.42346
V657	0.0993	0.11718	0.03823	0.74529
V658	0.59078	0.20481	0.09631	0.1081
V659	0.34551	0.09361	0.40257	0.15831
V660	0.08453	0.87536	0.0278	0.01231
V661	0.09966	0.42557	0.10008	0.37469
V662	0.41827	0.01905	0.49683	0.06585
V663	0.26466	0.08492	0.57871	0.07171
V664	0.23152	0.0833	0.6696	0.01557
V665	0.66999	0.18006	0.07847	0.07148
V666	0.59347	0	0.14352	0.26301
V667	0.72688	0.05667	0.21645	0
V668	0.15149	0.70446	0.14405	0
V669	0.25485	0.3855	0.29841	0.06124
V670	0.13059	0.84056	0.02421	0.00465
V671	0.36899	0.2741	0.30252	0.05439
V672	0.07564	0.05909	0.84704	0.01823
V673	0.25723	0.35097	0.27747	0.11432
V674	0.70431	0.14113	0.04907	0.10549
V675	0.16986	0.32038	0.36266	0.1471
V676	0.0839	0.13583	0.16628	0.61399
V677	0.39578	0.37944	0.14095	0.08383
V678	0.51209	0.42553	0.06239	0
V679	0.08746	0.29366	0.61888	0
V680	0.32117	0.49054	0.18829	0
V681	0.84735	0.06451	0.05085	0.03728
V682	0.14997	0.2885	0.56153	0
V683	0.06589	0.84345	0.09066	0
V684	0.66754	0.14956	0.14606	0.03685
V685	0.49109	0.3203	0.17302	0.01558
V686	0.14271	0.19889	0.2037	0.4547
V687	0.1332	0.02856	0.10292	0.73532
V688	0.40014	0.48869	0.01673	0.09444
V689	0.31927	0	0.09616	0.58457
V690	0.46448	0.046	0.45513	0.03439
V691	0.19155	0.00932	0.79913	0
V692	0.12293	0.15429	0.69168	0.0311
V693	0.26287	0.11779	0.40859	0.21075
V694	0.06118	0.04268	0.35671	0.53943
V695	0.29906	0	0.21673	0.48421
V696	0.16114	0.11705	0.04257	0.67924
V697	0.0834	0.10346	0.05264	0.7605
V698	0.80073	0	0.05666	0.14261
V699	0.55515	0.27054	0.11043	0.06388
V700	0.3099	0.02992	0.03049	0.62969
V701	0.14796	0.50413	0.16133	0.18658
V702	0.57026	0.07712	0.03428	0.31833
V703	0.17672	0.06543	0.52298	0.23487
V704	0.79034	0.03933	0.06907	0.10126
V705	0.88344	0	0.07024	0.04631
V706	0.1257	0.07334	0.75206	0.04889
V707	0.08052	0.40068	0.5188	0
V708	0.08092	0.79533	0.07989	0.04386
V709	0.16952	0.25986	0.53651	0.03411
V710	0.59232	0.20474	0.08605	0.1169
V711	0.13173	0.70818	0.16009	0
V712	0.80049	0.0508	0.03146	0.11725
V713	0.44976	0.2935	0.06569	0.19105
V714	0.04389	0.64232	0.07699	0.2368
V715	0.31653	0.31435	0.34444	0.02468
V716	0.12008	0.0632	0.1134	0.70331
V717	0.13083	0.84127	0.0279	0
V718	0.17981	0.51634	0.23362	0.07023
V719	0.0963	0.66487	0.09078	0.14805
V720	0.6722	0	0.27533	0.05246
V721	0.16103	0.17605	0.49951	0.16341
V722	0.14034	0.35745	0.03795	0.46427
V723	0.19402	0.1133	0.02584	0.66684
V724	0.58814	0.01582	0.13536	0.26068
V725	0.03099	0.12363	0.83176	0.01362
V726	0.07367	0.38902	0.1712	0.36611
V727	0.28264	0.57364	0.14372	0
V728	0.07117	0.76549	0.16334	0
V729	0.4418	0.00071	0.21532	0.34217
V730	0.83561	0.0255	0.10246	0.03643
V731	0.06462	0.21246	0.44097	0.28195
V732	0.3671	0.08215	0.39162	0.15913
V733	0.63169	0.18217	0.06763	0.11851
V734	0.25069	0.27866	0.47065	0
V735	0.06889	0.04651	0.52672	0.35788
V736	0.24036	0.00625	0.0508	0.7026
V737	0.34152	0.27705	0.28301	0.09842
V738	0.11373	0.3217	0.47942	0.08515
V739	0.02094	0.04057	0.65062	0.28787
V740	0.79485	0.07688	0.12828	0
V741	0.49373	0.10273	0.16981	0.23372
V742	0.40815	0.52652	0.06534	0
V743	0.17079	0.14949	0.67972	0
V744	0.5112	0.0383	0.37255	0.07796
V745	0.05039	0.63607	0.24417	0.06938
V746	0.94671	0	0.00592	0.04736
V747	0.10788	0.00326	0.73734	0.15152
V748	0.16286	0.11938	0.59855	0.11921
V749	0.32575	0.18874	0.08445	0.40107
V750	0.42725	0.43179	0.05614	0.08482
V751	0.09226	0.7764	0.10222	0.02912
V752	0.462	0.22216	0.17826	0.13757
V753	0.13793	0.07838	0	0.78369
V754	0.05849	0.87484	0.0264	0.04028
V755	0.1858	0.20302	0.38288	0.22831
V756	0.11784	0.01745	0.1379	0.72681
V757	0.35526	0.52766	0.11708	0
V758	0.08457	0.68865	0.18691	0.03987
V759	0.17068	0.07306	0.44683	0.30944
V760	0.32509	0.06142	0.32822	0.28527
V761	0.10432	0.52633	0.32734	0.04201
V762	0.01915	0.40315	0.06293	0.51477
V763	0.40675	0.34612	0.05681	0.19032
V764	0.05373	0.84197	0.06657	0.03773
V765	0.68768	0.08864	0	0.22368
V766	0.05247	0.31858	0.47606	0.15289
V767	0.47657	0.1249	0.2876	0.11094
V768	0.10869	0.80668	0.08178	0.00285
V769	0.17915	0.73321	0.08765	0
V770	0.06915	0.85624	0.07461	0
V771	0.20062	0.03425	0.76513	0
V772	0.17007	0.06463	0.76529	0
V773	0.19922	0.74655	0.05424	0
V774	0.08028	0.01008	0.88909	0.02056
V775	0.17044	0.05056	0.33813	0.44086
V776	0.43756	0.39336	0.0924	0.07668
V777	0.22655	0.13006	0.19174	0.45165
V778	0.53055	0.26478	0.10742	0.09724
V779	0.20804	0.05368	0.52988	0.2084
V780	0.14079	0.67126	0.18795	0
V781	0.14365	0.0547	0.09012	0.71153
V782	0.04977	0.14403	0.77169	0.03451
V783	0.76285	0.00665	0.10079	0.12971
V784	0.15061	0.77845	0.07095	0
V785	0.09113	0.83242	0.06895	0.0075
V786	0.68448	0.14916	0.13673	0.02963
V787	0.01651	0.75269	0.2308	0
V788	0.49976	0.28168	0.20352	0.01504
V789	0.11627	0.37719	0.0634	0.44314
V790	0.48544	0.01833	0.12859	0.36763
V791	0.16806	0.35691	0.37118	0.10385
V792	0.1721	0.52826	0.03643	0.2632
V793	0.16029	0.61633	0.08093	0.14246
V794	0.09342	0.10508	0.75967	0.04184
V795	0.18857	0.05714	0.11638	0.63791
V796	0.07859	0.11117	0.80833	0.00191
V797	0.72209	0	0.27556	0.00234
V798	0.60096	0.26988	0.12916	0
V799	0.17241	0.70682	0.07831	0.04246
V800	0.11925	0.04056	0.55425	0.28595
V801	0.18056	0.13406	0.37406	0.31132
V802	0.08957	0.10028	0.33169	0.47846
V803	0.23813	0.45517	0.3067	0
V804	0.51525	0.01319	0.42745	0.04411
V805	0.08556	0.00853	0.90591	0
V806	0.0974	0.8177	0.06596	0.01893
V807	0.30869	0.17076	0.06322	0.45733
V808	0.64209	0.25052	0.08973	0.01766
V809	0.09061	0.06568	0.8437	0
V810	0.07332	0.89511	0.02669	0.00488
V811	0.44051	0.07553	0.25103	0.23294
V812	0.54384	0.25526	0.08601	0.1149
V813	0.5734	0.18567	0.24093	0
V814	0.43388	0.46961	0.09651	0
V815	0.02306	0.82033	0.15661	0
V816	0.8719	0	0.1281	0
V817	0.0806	0.10273	0.81667	0
V818	0.03916	0.09144	0.11468	0.75472
V819	0.78154	0.07523	0.10123	0.04199
V820	0.20621	0.12493	0.04927	0.6196
V821	0.24272	0.30078	0.42352	0.03298
V822	0.11977	0.05205	0.82288	0.0053
V823	0.06528	0.20351	0.67766	0.05356
V824	0.11813	0.33812	0.54375	0
V825	0.24901	0.28589	0.29806	0.16704
V826	0.4292	0.37096	0.19984	0
V827	0.39637	0.54241	0.05847	0.00274
V828	0.26724	0.17944	0.15532	0.39799
V829	0.08949	0.26785	0.07944	0.56321
V830	0.27103	0.24514	0.05321	0.43062
V831	0.74538	0.08469	0.06997	0.09995
V832	0.29039	0.37846	0.21541	0.11575
V833	0.18078	0.47431	0.23103	0.11387
V834	0.34016	0.08184	0.12692	0.45107
V835	0.37134	0.41569	0.1654	0.04757
V836	0.05092	0.64956	0.05498	0.24455
V837	0.24853	0.36448	0.23721	0.14979
V838	0.86592	0.04217	0.09191	0
V839	0.31286	0.5365	0.15063	0
V840	0.30637	0.63311	0.06052	0
V841	0.03401	0.08064	0.85138	0.03396
V842	0.3681	0.16948	0.30245	0.15998
V843	0.07055	0.05535	0.83074	0.04336
V844	0.15984	0.10387	0.42639	0.30991
V845	0.11328	0.12898	0.72457	0.03317
V846	0.02221	0.04821	0.77882	0.15075
V847	0.04382	0	0.15738	0.79881
V848	0.12444	0.48491	0.22295	0.1677
V849	0.01303	0.88412	0.07739	0.02546
V850	0.8852	0	0.07878	0.03602
V851	0.34047	0.46709	0.19244	0
V852	0.1747	0.0626	0.1927	0.57
V853	0.26448	0.22452	0.43261	0.07839
V854	0.57831	0.16563	0.14901	0.10705
V855	0.04382	0	0.15738	0.79881
V856	0.08275	0.34736	0.39764	0.17225
V857	0.65722	0.17128	0.06783	0.10366
V858	0.53212	0.01225	0.45563	0
V859	0.64375	0.22674	0.0518	0.07771
V860	0.24795	0.13331	0.09398	0.52476
V861	0.12344	0.32583	0.55073	0
V862	0.17366	0.10696	0.7028	0.01657
V863	0.27949	0.08396	0	0.63655
V864	0.15383	0.05219	0.11738	0.6766
V865	0.17615	0.0059	0.3319	0.48605
V866	0.68802	0.01107	0.29858	0.00234
V867	0.68357	0.02086	0.29557	0
V868	0.50256	0.26346	0.18172	0.05226
V869	0.08015	0.85415	0.0657	0
V870	0.15011	0.35622	0.04861	0.44506
V871	0.01303	0.88412	0.07739	0.02546
V872	0.06824	0.03142	0.31813	0.58221
V873	0.82504	0.02335	0.10926	0.04235
V874	0.2183	0.69577	0.08592	0
V875	0.0593	0.21569	0.25997	0.46504
V876	0.18949	0.31421	0.44564	0.05067
V877	0.08201	0.38817	0.34812	0.1817
V878	0.16192	0.71261	0.12547	0
V879	0.22261	0.63364	0.09396	0.04979
V880	0.33261	0.51692	0.04075	0.10972
V881	0.18482	0.05983	0.61884	0.1365
V882	0.75746	0	0.17608	0.06645
V883	0.28666	0.18699	0.52635	0
V884	0.07541	0.31139	0	0.6132
V885	0.67923	0.18679	0.13397	0
V886	0.05324	0.3542	0.50059	0.09197
V887	0.61575	0.05907	0.20869	0.1165
V888	0.14528	0.07057	0.72869	0.05546
V889	0.85239	0.04801	0.06899	0.03061
V890	0.07488	0.16487	0.63394	0.12631
V891	0.59876	0.04682	0.32961	0.02481
V892	0.32934	0.19916	0.03148	0.44002
V893	0.55763	0.20407	0.2012	0.03709
V894	0.10953	0.30012	0.59035	0
V895	0.57654	0.06186	0.24676	0.11484
V896	0.09183	0.84384	0.05552	0.00881
V897	0.67551	0.24087	0.03772	0.04591
V898	0.50362	0	0.04382	0.45255
V899	0.07248	0.21588	0.19954	0.5121
V900	0.11441	0.29651	0.40726	0.18183
V901	0.07919	0.78091	0.05185	0.08805
V902	0.09517	0.7861	0.11873	0
V903	0.04633	0.39556	0.55082	0.00729
V904	0.0842	0.89701	0.0188	0
V905	0.21599	0	0.23925	0.54475
V906	0.42806	0.09593	0.15237	0.32364
V907	0.44126	0.47038	0.0623	0.02606
V908	0.07114	0.07434	0.14633	0.70818
V909	0.17491	0.75361	0.02747	0.04401
V910	0.23259	0	0.18198	0.58542
V911	0.51448	0.36509	0.07564	0.0448
V912	0.39928	0.31534	0.1661	0.11927
V913	0.21642	0	0.05535	0.72823
V914	0.21054	0.44916	0.3403	0
V915	0.2981	0	0.05026	0.65165
V916	0.27098	0.0711	0.64245	0.01547
V917	0.68197	0.01811	0.22031	0.0796
V918	0.08191	0.57719	0.28875	0.05215
V919	0.22827	0.23923	0.33952	0.19298
V920	0.5923	0.19254	0.14101	0.07415
V921	0.08803	0.18998	0.07503	0.64696
V922	0.13724	0.42813	0.42932	0.00531
V923	0.17217	0.02385	0.11439	0.68958
V924	0.0773	0.59942	0.32329	0
V925	0.25832	0.04436	0.04804	0.64928
V926	0.27351	0.02368	0.08175	0.62106
V927	0.09879	0.06422	0.12789	0.7091
V928	0.09434	0.81445	0.05324	0.03797
V929	0.09156	0.59713	0.18891	0.1224
V930	0.50808	0.34959	0.07252	0.06981
V931	0.16959	0.26902	0.52793	0.03346
V932	0.07673	0.13536	0.62751	0.1604
V933	0.58591	0.35493	0.05916	0
V934	0.04754	0.17479	0.3327	0.44496
V935	0.53829	0.16022	0.2564	0.04509
V936	0.52865	0.26572	0.0481	0.15753
V937	0.54206	0.1302	0.12787	0.19987
V938	0.39386	0.04736	0.35418	0.20461
V939	0.73068	0.00523	0.12759	0.1365
V940	0.06659	0.70743	0.21818	0.0078
V941	0.04117	0.02414	0.92091	0.01378
V942	0.70285	0.17602	0.11942	0.0017
V943	0.39493	0.13293	0.45045	0.02168
V944	0.05704	0.29098	0.11436	0.53762
V945	0.55589	0.33376	0.04675	0.0636
V946	0.44806	0.24848	0.30239	0.00107
V947	0.14133	0.06441	0.28997	0.50429
V948	0.34569	0.04141	0.6129	0
V949	0.02388	0.13957	0.27188	0.56467
V950	0.09001	0.50457	0.26565	0.13977
V951	0.77803	0.00822	0.21375	0
V952	0.11751	0.14921	0.31797	0.41531
V953	0.06932	0.08638	0.82875	0.01555
V954	0.08396	0.20443	0.19964	0.51197
V955	0.16051	0.57446	0.06755	0.19748
V956	0.08875	0.04524	0.55413	0.31188
V957	0.40278	0.02052	0	0.5767
V958	0.17343	0	0.00668	0.81989
V959	0.25259	0.25357	0.4599	0.03395
V960	0.27298	0.28408	0.11507	0.32788
V961	0.16777	0.36473	0.39057	0.07693
V962	0.36646	0.17109	0.42522	0.03724
V963	0.56887	0.16592	0.20981	0.05541
V964	0.78334	0.02163	0.16078	0.03425
V965	0.0916	0.47985	0.24346	0.1851
V966	0.88797	0.0251	0.04979	0.03715
V967	0.10691	0.06299	0.56305	0.26705
V968	0.02363	0.17337	0.76799	0.03501
V969	0.04871	0.30966	0.0857	0.55593
V970	0.07831	0.14157	0.47121	0.30891
V971	0.48799	0.08834	0.37222	0.05145
V972	0.51352	0.20206	0.08394	0.20048
V973	0.29676	0.40514	0.11822	0.17989
V974	0.0418	0.71188	0.199	0.04732
V975	0.13273	0.2704	0.59687	0
V976	0.44455	0.2437	0.15693	0.15482
V977	0.3215	0.31807	0.36043	0
V978	0.13596	0.11409	0.12227	0.62768
V979	0.75323	0.0094	0.23736	0
V980	0.94671	0	0.00592	0.04736
V981	0.35451	0.03554	0.46879	0.14116
V982	0.44533	0.37252	0.12347	0.05868
V983	0.70573	0.0557	0.0266	0.21198
V984	0.05683	0.74838	0.18352	0.01127
V985	0.13614	0.21915	0.02703	0.61767
V986	0.34245	0.48735	0.09573	0.07447
V987	0.27277	0.69485	0.03238	0
V988	0.28865	0.01383	0.05757	0.63996
V989	0.44321	0.42591	0.13088	0
V990	0.02545	0.08219	0.79834	0.09402
V991	0.65028	0.34206	0.00687	0.00079
V992	0.23919	0.0157	0.5548	0.19032
V993	0.10651	0.64659	0.23354	0.01335
V994	0.21614	0.6976	0.08626	0
V995	0.71446	0.10285	0.06863	0.11405
V996	0.3256	0.14034	0.03154	0.50251
V997	0.06977	0.04302	0.81132	0.07589
V998	0.8169	0	0.12774	0.05536
V999	0.16429	0.81043	0.02528	0
V1000	0.38339	0.02995	0	0.58666
