B_cells	NK_cells	T_cells_CD4.	Monocytes
V1	0.51642	0.01432	0.23416	0.2351
V2	0.22439	0.07785	0.16476	0.533
V3	0.11851	0.48863	0.14307	0.2498
V4	0.75337	0.1261	0.06057	0.05996
V5	0.14683	0.38221	0.3367	0.13425
V6	0.15081	0.6498	0.16061	0.03877
V7	0.1899	0.28966	0.19596	0.32448
V8	0.18917	0.02737	0.73577	0.04768
V9	0.27871	0.19831	0.13972	0.38327
V10	0.09473	0.03874	0.7996	0.06693
V11	0.24298	0.30036	0.45667	0
V12	0.09231	0.46111	0.42995	0.01664
V13	0.29525	0.54584	0.12748	0.03144
V14	0.15188	0.68079	0.1464	0.02094
V15	0.16435	0.46649	0.23568	0.13348
V16	0.75582	0.06105	0.10209	0.08103
V17	0.15915	0.6544	0.14769	0.03876
V18	0.52854	0.284	0.13643	0.05102
V19	0.21311	0.62242	0.13714	0.02732
V20	0.20701	0.36958	0.13711	0.28631
V21	0.18523	0.08922	0.68331	0.04224
V22	0.07158	0.08688	0.31262	0.52892
V23	0.37557	0.07424	0.52971	0.02049
V24	0.80688	0.05574	0.13241	0.00497
V25	0.34958	0.19944	0.21247	0.2385
V26	0.39239	0.31412	0.11526	0.17823
V27	0.20433	0.06279	0.13153	0.60135
V28	0.04104	0.11258	0.84638	0
V29	0.42084	0.05752	0.47893	0.04271
V30	0.14395	0.1894	0.35007	0.31657
V31	0.23467	0.16908	0.35161	0.24465
V32	0.19588	0.02525	0.16256	0.61631
V33	0.09317	0.40307	0.42064	0.08313
V34	0.18603	0.07207	0.69762	0.04427
V35	0.20958	0.54973	0.20684	0.03384
V36	0.06294	0.0595	0.51121	0.36636
V37	0.50979	0.06572	0.1741	0.25038
V38	0.42911	0	0.24606	0.32482
V39	0.20495	0.44151	0.23644	0.11711
V40	0.16714	0.62037	0.21249	0
V41	0.06018	0.53305	0.18785	0.21892
V42	0.27231	0.0244	0.29135	0.41193
V43	0.17495	0.29071	0.51133	0.023
V44	0.0688	0.10474	0.6909	0.13556
V45	0.14577	0.46234	0.31496	0.07693
V46	0.7007	0.08281	0.19196	0.02453
V47	0.42778	0.17292	0.34988	0.04943
V48	0.70827	0.15772	0.082	0.05201
V49	0.66313	0.18002	0.05371	0.10314
V50	0.14423	0.62965	0.22318	0.00294
V51	0.32608	0.32693	0.324	0.02298
V52	0.08538	0.13685	0.72831	0.04946
V53	0.65982	0.12564	0.21454	0
V54	0.41076	0.17718	0.39063	0.02142
V55	0.25	0.11379	0.3138	0.32241
V56	0.1447	0.01006	0.2272	0.61804
V57	0.16877	0.64494	0.16049	0.02581
V58	0.59428	0.01154	0.12251	0.27167
V59	0.42087	0.33026	0.19859	0.05028
V60	0.17656	0.1406	0.38374	0.2991
V61	0.70383	0.10745	0.08119	0.10753
V62	0.74496	0.05281	0.15079	0.05143
V63	0.08064	0.63062	0.25596	0.03278
V64	0.08996	0.68169	0.11883	0.10952
V65	0.10259	0	0.25165	0.64575
V66	0.25328	0.53777	0.14202	0.06693
V67	0.19723	0.28273	0.51479	0.00525
V68	0.23018	0.12952	0.12989	0.51041
V69	0.07861	0.27592	0.60126	0.0442
V70	0.49678	0.13974	0.24271	0.12078
V71	0.20846	0.07522	0.41815	0.29817
V72	0.52645	0.14208	0.17085	0.16062
V73	0.19463	0.47842	0.24876	0.07819
V74	0.11992	0.21287	0.66721	0
V75	0.6351	0	0.25563	0.10927
V76	0.02254	0.15905	0.30601	0.51239
V77	0.10972	0.24421	0.12797	0.5181
V78	0.32617	0.1018	0.2647	0.30733
V79	0.05613	0.12637	0.73151	0.08599
V80	0.3555	0.04871	0.5139	0.08188
V81	0.12718	0.1739	0.69876	0.00016
V82	0.0271	0.12066	0.81385	0.03839
V83	0.20048	0.15032	0.18592	0.46328
V84	0.40013	0.0432	0.24114	0.31553
V85	0.14623	0.27058	0.4417	0.14149
V86	0.11821	0.0854	0.73842	0.05798
V87	0.10084	0.63055	0.19846	0.07015
V88	0.2185	0.05779	0.34157	0.38215
V89	0.10219	0.01839	0.30986	0.56955
V90	0.10388	0.66091	0.20543	0.02977
V91	0.09672	0.56673	0.30281	0.03374
V92	0.43599	0.04218	0.39613	0.1257
V93	0.77726	0.05201	0.04359	0.12715
V94	0.08138	0.35727	0.15977	0.40158
V95	0.27951	0.34665	0.24612	0.12772
V96	0.16794	0.10209	0.14252	0.58746
V97	0.61244	0.11015	0.25879	0.01863
V98	0.63165	0.25848	0.0691	0.04077
V99	0.69835	0.06432	0.20965	0.02768
V100	0.14891	0.06705	0.74018	0.04385
V101	0.13702	0.11026	0.08023	0.67249
V102	0.7773	0.08032	0.07866	0.06372
V103	0.07073	0.05488	0.23743	0.63696
V104	0.12462	0.69529	0.15138	0.02872
V105	0.14456	0.67788	0.15877	0.01879
V106	0.16321	0.41399	0.38989	0.0329
V107	0.22305	0.19121	0.54107	0.04467
V108	0.20497	0.57512	0.2199	0
V109	0.06238	0.1629	0.5892	0.18552
V110	0.13302	0.64602	0.18207	0.03889
V111	0.77956	0.00271	0.17013	0.0476
V112	0.17795	0.07236	0.45949	0.29019
V113	0.23901	0.09208	0.27135	0.39755
V114	0.2979	0.03505	0.19195	0.47509
V115	0.07658	0.5757	0.33199	0.01573
V116	0.17795	0.2664	0.41365	0.142
V117	0.60837	0.2194	0.11601	0.05622
V118	0.20623	0.45687	0.15472	0.18218
V119	0.2014	0.07178	0.1705	0.55632
V120	0.14894	0.10422	0.72026	0.02659
V121	0.54378	0.11964	0.1682	0.16838
V122	0.7826	0.0277	0.11004	0.07966
V123	0.05959	0.41366	0.18559	0.34116
V124	0.60688	0.25446	0.06701	0.07165
V125	0.38755	0.33728	0.25457	0.02059
V126	0.11144	0.13447	0.18122	0.57286
V127	0.22016	0.04733	0.33457	0.39793
V128	0.12189	0.01587	0.24584	0.6164
V129	0.52877	0.20298	0.23185	0.0364
V130	0.07463	0.5064	0.40366	0.01531
V131	0.1028	0.69266	0.12866	0.07588
V132	0.77296	0.0214	0.12427	0.08137
V133	0.76281	0.03466	0.14268	0.05985
V134	0.15692	0.31922	0.23872	0.28515
V135	0.15972	0.01912	0.28703	0.53413
V136	0.27864	0.3236	0.12076	0.277
V137	0.58155	0.05265	0.28627	0.07953
V138	0.24031	0.32764	0.2647	0.16735
V139	0.35507	0.17772	0.26688	0.20032
V140	0.10523	0.09489	0.18914	0.61074
V141	0.11234	0.15721	0.54383	0.18662
V142	0.71718	0.01831	0.26451	0
V143	0.41995	0.22061	0.15691	0.20254
V144	0.21781	0.13698	0.26371	0.38151
V145	0.03056	0.60198	0.34525	0.0222
V146	0.18434	0.01109	0.17711	0.62746
V147	0.76166	0.04444	0.10341	0.09049
V148	0.17566	0.09187	0.56208	0.17039
V149	0.28762	0.40852	0.29883	0.00504
V150	0.13568	0.2245	0.56903	0.0708
V151	0.24339	0.49171	0.15387	0.11103
V152	0.25801	0.35604	0.29954	0.08641
V153	0.16713	0.58204	0.15056	0.10027
V154	0.27019	0.36836	0.33935	0.0221
V155	0.44379	0.13887	0.32289	0.09445
V156	0.08322	0.15588	0.65176	0.10913
V157	0.3162	0.14482	0.35501	0.18398
V158	0.1375	0	0.20506	0.65744
V159	0.76185	0.09573	0.05003	0.09239
V160	0.63167	0.01394	0.1401	0.21428
V161	0.28462	0	0.15424	0.56115
V162	0.12351	0.25092	0.20696	0.4186
V163	0.14001	0.39662	0.27337	0.19
V164	0.34738	0.25758	0.1945	0.20054
V165	0.08867	0.2445	0.10012	0.56671
V166	0.06793	0.1026	0.21214	0.61733
V167	0.3826	0	0.11909	0.49831
V168	0.30556	0.44751	0.19	0.05694
V169	0.26246	0.04998	0.15471	0.53285
V170	0.15978	0.04679	0.52969	0.26374
V171	0.17803	0.22466	0.56211	0.03521
V172	0.63659	0.00601	0.31556	0.04185
V173	0.10013	0.13687	0.17559	0.58741
V174	0.07395	0.14932	0.21229	0.56444
V175	0.13127	0.04923	0.7143	0.1052
V176	0.07767	0.61414	0.29237	0.01581
V177	0.09726	0.72574	0.12878	0.04822
V178	0.08074	0.59408	0.15256	0.17261
V179	0.21231	0.02761	0.42364	0.33643
V180	0.10885	0.66712	0.22404	0
V181	0.20264	0.13911	0.52541	0.13284
V182	0.3124	0.17363	0.45897	0.05499
V183	0.22706	0.61104	0.13991	0.02198
V184	0.83669	0.00118	0.14958	0.01255
V185	0.52844	0.3278	0.11369	0.03007
V186	0.16057	0.3884	0.34172	0.1093
V187	0.78477	0.02774	0.13186	0.05564
V188	0.13289	0.22626	0.08751	0.55334
V189	0.71784	0.03454	0.09536	0.15226
V190	0.58502	0.04292	0.33507	0.03698
V191	0.22431	0.19963	0.54116	0.0349
V192	0.31865	0.37393	0.15423	0.1532
V193	0.54634	0.04838	0.28155	0.12373
V194	0.12325	0.68828	0.14204	0.04643
V195	0.0954	0.08488	0.77545	0.04427
V196	0.09055	0.10936	0.14029	0.65981
V197	0.42605	0.04549	0.12276	0.4057
V198	0.11773	0.40883	0.42475	0.04869
V199	0.23164	0.02296	0.27644	0.46895
V200	0.1762	0.45101	0.14283	0.22996
V201	0.14121	0.44167	0.29132	0.1258
V202	0.09086	0.06315	0.70878	0.1372
V203	0.20656	0.35337	0.42797	0.0121
V204	0.07982	0.42485	0.14587	0.34946
V205	0.08913	0.10626	0.76179	0.04283
V206	0.12572	0.13406	0.73537	0.00484
V207	0.20041	0.16789	0.16723	0.46446
V208	0.27432	0.09886	0.60655	0.02027
V209	0.31738	0.37486	0.17022	0.13754
V210	0.14859	0.57877	0.21985	0.05279
V211	0.43344	0.0112	0.13718	0.41818
V212	0.46887	0.06907	0.42292	0.03914
V213	0.58108	0.03748	0.18141	0.20003
V214	0.3417	0.14342	0.24583	0.26904
V215	0.33393	0.09166	0.11863	0.45578
V216	0.17891	0	0.17812	0.64297
V217	0.08933	0.40051	0.32966	0.1805
V218	0.13838	0.36639	0.27254	0.2227
V219	0.16117	0.50451	0.13832	0.196
V220	0.08293	0.63697	0.15535	0.12475
V221	0.71752	0.02278	0.08282	0.17688
V222	0.32291	0.13222	0.39146	0.15342
V223	0.05642	0.16216	0.70363	0.0778
V224	0.82657	0.00617	0.15203	0.01523
V225	0.13987	0.65104	0.20339	0.00571
V226	0.31881	0.11062	0.55304	0.01753
V227	0.69019	0.01474	0.24882	0.04625
V228	0.6734	0.07478	0.14041	0.11141
V229	0.09787	0.07443	0.77317	0.05452
V230	0.1051	0.0579	0.17907	0.65794
V231	0.06753	0.24099	0.23744	0.45404
V232	0.11465	0.53622	0.10659	0.24254
V233	0.51507	0.09202	0.2559	0.13701
V234	0.12054	0.66701	0.17857	0.03388
V235	0.37096	0.08863	0.50244	0.03797
V236	0.1106	0.10628	0.70708	0.07603
V237	0.25061	0	0.16058	0.58881
V238	0.17399	0.43956	0.34428	0.04216
V239	0.12925	0.32806	0.14816	0.39452
V240	0.45723	0.06486	0.42191	0.056
V241	0.09434	0.04689	0.78483	0.07394
V242	0.18996	0.57763	0.22029	0.01212
V243	0.26466	0.07585	0.58469	0.0748
V244	0.24449	0.02444	0.64859	0.08249
V245	0.54586	0.24826	0.13819	0.0677
V246	0.11949	0.16914	0.6832	0.02818
V247	0.214	0.07739	0.70862	0
V248	0.11514	0.04848	0.19914	0.63723
V249	0.01257	0.10049	0.80304	0.0839
V250	0.67576	0.01281	0.26907	0.04237
V251	0.78886	0.07555	0.08614	0.04945
V252	0.08811	0.63348	0.27841	0
V253	0.37356	0.0678	0.24364	0.315
V254	0.08373	0.68858	0.20684	0.02085
V255	0.12905	0.7027	0.11226	0.056
V256	0.21111	0.20283	0.50824	0.07782
V257	0.40831	0.10006	0.28996	0.20168
V258	0.21033	0.23532	0.4445	0.10985
V259	0.09224	0.26791	0.60329	0.03656
V260	0.02467	0.27348	0.68151	0.02035
V261	0.55662	0.0435	0.25294	0.14694
V262	0.20117	0.07081	0.13062	0.5974
V263	0.10622	0.72051	0.12347	0.04981
V264	0.20607	0.05409	0.45675	0.28309
V265	0.12104	0	0.27005	0.60891
V266	0.60605	0.2883	0.10565	0
V267	0.01717	0.17093	0.38599	0.42591
V268	0.39502	0.02153	0.22989	0.35356
V269	0.06179	0.44921	0.44797	0.04103
V270	0.57506	0.04327	0.2869	0.09476
V271	0.69618	0.07528	0.10936	0.11917
V272	0.12336	0.63384	0.14967	0.09314
V273	0.17292	0.02737	0.18066	0.61905
V274	0.62867	0.00201	0.24653	0.12278
V275	0.02486	0.09717	0.819	0.05897
V276	0.47671	0.27876	0.10117	0.14336
V277	0.08496	0.18483	0.27744	0.45277
V278	0.10479	0.0659	0.37072	0.45859
V279	0.61307	0.06306	0.18104	0.14283
V280	0.1375	0	0.20506	0.65744
V281	0.5081	0.03744	0.21213	0.24233
V282	0.12249	0.1067	0.70534	0.06547
V283	0.24214	0.45543	0.17527	0.12716
V284	0.11041	0.66889	0.20848	0.01222
V285	0.15497	0.05148	0.79354	0
V286	0.26969	0.42957	0.21352	0.08722
V287	0.16677	0.64846	0.14709	0.03769
V288	0.06395	0.24728	0.47012	0.21866
V289	0.2944	0.20275	0.43206	0.07079
V290	0.74492	0.14843	0.10665	0
V291	0.45465	0.09143	0.42738	0.02654
V292	0.80259	0.05101	0.03979	0.10661
V293	0.30862	0.05635	0.58909	0.04593
V294	0.14954	0.31782	0.10134	0.4313
V295	0.06877	0.16123	0.30328	0.46672
V296	0.21413	0.13565	0.57022	0.08
V297	0.18413	0	0.21036	0.60552
V298	0.3116	0.12481	0.5497	0.01389
V299	0.13408	0.23551	0.13517	0.49524
V300	0.02666	0.04617	0.34765	0.57952
V301	0.16899	0.13122	0.59892	0.10087
V302	0.5977	0.2841	0.07909	0.03911
V303	0.03897	0.48289	0.44705	0.03109
V304	0.11933	0.06688	0.67986	0.13393
V305	0.16122	0.15851	0.47637	0.2039
V306	0.69456	0.09789	0.12802	0.07953
V307	0.1042	0.68727	0.16573	0.0428
V308	0.25166	0.20258	0.34802	0.19775
V309	0.3451	0.26201	0.12339	0.2695
V310	0.12386	0.26362	0.26279	0.34973
V311	0.48699	0.37076	0.1117	0.03054
V312	0.15998	0.55993	0.25806	0.02203
V313	0.01739	0.13369	0.16711	0.6818
V314	0.06641	0.38789	0.23558	0.31012
V315	0.16813	0.49031	0.16055	0.181
V316	0.31315	0.13406	0.40789	0.1449
V317	0.14261	0.54221	0.17651	0.13868
V318	0.10345	0.43941	0.145	0.31214
V319	0.12684	0.1037	0.72046	0.049
V320	0.12907	0.15662	0.60655	0.10776
V321	0.59857	0.29588	0.10555	0
V322	0.23255	0.26503	0.1791	0.32332
V323	0.14976	0.02182	0.22564	0.60278
V324	0.59032	0.21844	0.15315	0.0381
V325	0.32394	0.49418	0.17395	0.00793
V326	0.02785	0.46053	0.22914	0.28248
V327	0.07406	0.1342	0.23484	0.5569
V328	0.11202	0.06656	0.68057	0.14085
V329	0.22191	0.10161	0.26495	0.41152
V330	0.38219	0.02839	0.36642	0.223
V331	0.36415	0.07829	0.14528	0.41228
V332	0.06507	0.05751	0.30054	0.57688
V333	0.40152	0.0873	0.40282	0.10836
V334	0.3559	0.02978	0.38435	0.22997
V335	0.07321	0.2914	0.52682	0.10857
V336	0.21576	0.54488	0.14363	0.09573
V337	0.29885	0.32956	0.34969	0.0219
V338	0.03023	0.73662	0.18065	0.0525
V339	0.18479	0.03731	0.7533	0.0246
V340	0.09879	0.21362	0.53135	0.15625
V341	0.10939	0.04473	0.21335	0.63253
V342	0.26759	0.02917	0.58347	0.11977
V343	0.78906	0.05527	0.09023	0.06544
V344	0.61161	0.14638	0.24201	0
V345	0.11519	0.09372	0.79109	0
V346	0.25752	0.10917	0.34224	0.29106
V347	0.13175	0.01179	0.25698	0.59947
V348	0.10401	0.50959	0.26128	0.12512
V349	0.33882	0.1594	0.40362	0.09816
V350	0.10125	0.6082	0.29055	0
V351	0.08629	0.0513	0.44496	0.41745
V352	0.11727	0.06419	0.74214	0.0764
V353	0.7425	0.03727	0.11731	0.10292
V354	0.10391	0.5335	0.32357	0.03902
V355	0.28563	0.09101	0.46367	0.15969
V356	0.12181	0.02558	0.23781	0.61481
V357	0.14622	0.27869	0.35187	0.22322
V358	0.5032	0.09805	0.13388	0.26487
V359	0.53151	0.05661	0.11668	0.2952
V360	0.50625	0.33725	0.12249	0.03401
V361	0.03013	0.38287	0.56658	0.02042
V362	0.01062	0.74266	0.19531	0.0514
V363	0.20141	0.12586	0.47656	0.19616
V364	0.19677	0.09393	0.62223	0.08707
V365	0.31529	0.02123	0.12484	0.53863
V366	0.13045	0.52816	0.20983	0.13156
V367	0.53206	0.13271	0.07627	0.25897
V368	0.14527	0.55793	0.21028	0.08652
V369	0.08585	0.33484	0.56954	0.00977
V370	0.30731	0.24234	0.42754	0.02281
V371	0.22423	0.55525	0.15279	0.06773
V372	0.22682	0.04805	0.23049	0.49463
V373	0.1267	0.14311	0.48865	0.24154
V374	0.69639	0.04526	0.25834	1e-05
V375	0.11911	0.04303	0.26386	0.574
V376	0.11814	0.03866	0.23378	0.60943
V377	0.70355	0	0.09921	0.19724
V378	0.065	0.05387	0.45887	0.42227
V379	0.35325	0.16977	0.10822	0.36876
V380	0.20548	0.06907	0.29155	0.43391
V381	0.64828	0.02441	0.16328	0.16403
V382	0.1547	0.08267	0.74408	0.01855
V383	0.71992	0.01566	0.13054	0.13388
V384	0.50531	0.07771	0.20468	0.2123
V385	0.72448	0.02774	0.15438	0.0934
V386	0.32694	0.01236	0.24211	0.41859
V387	0.51949	0.14232	0.24803	0.09016
V388	0.36145	0.27512	0.22463	0.13879
V389	0.40529	0.40937	0.11821	0.06712
V390	0.3053	0.23041	0.4604	0.00389
V391	0.41801	0.09601	0.10909	0.37689
V392	0.39717	0.19337	0.23818	0.17128
V393	0.28585	0.20453	0.3819	0.12771
V394	0.14843	0.19266	0.22866	0.43024
V395	0.24223	0.31753	0.28222	0.15802
V396	0.08654	0.70424	0.15658	0.05264
V397	0.66796	0.09128	0.17391	0.06685
V398	0.42365	0.12451	0.18124	0.2706
V399	0.22122	0.43353	0.25114	0.09411
V400	0.04142	0.46889	0.20289	0.28681
V401	0.08363	0.17312	0.66698	0.07626
V402	0.71554	0.15801	0.12645	0
V403	0.11051	0.03224	0.22369	0.63356
V404	0.13533	0.19533	0.58325	0.08608
V405	0.26524	0.02964	0.26439	0.44072
V406	0.5734	0.21803	0.09858	0.11
V407	0.03023	0.73662	0.18065	0.0525
V408	0.12705	0.2195	0.43973	0.21372
V409	0.03993	0.05051	0.21232	0.69724
V410	0.15735	0.63792	0.16802	0.03672
V411	0.4511	0.04038	0.05015	0.45837
V412	0.1947	0.09343	0.50104	0.21082
V413	0.10184	0.39237	0.28455	0.22124
V414	0.08188	0.41043	0.39944	0.10825
V415	0.42081	0.04127	0.29067	0.24725
V416	0.08588	0.1283	0.78582	0
V417	0.37937	0.46986	0.12425	0.02652
V418	0.13885	0.09719	0.25496	0.50901
V419	0.12386	0	0.21586	0.66028
V420	0.00224	0.7133	0.18358	0.10088
V421	0.19662	0.07668	0.6253	0.1014
V422	0.1557	0.09338	0.12204	0.62887
V423	0.14891	0.06705	0.74018	0.04385
V424	0.02247	0.08947	0.62552	0.26254
V425	0.1001	0.22679	0.57895	0.09417
V426	0.15006	0.08724	0.69316	0.06954
V427	0.10997	0.32438	0.29518	0.27047
V428	0.14829	0.58389	0.18824	0.07957
V429	0.11473	0	0.2238	0.66147
V430	0.65526	0.15872	0.09018	0.09584
V431	0.21398	0.0484	0.47018	0.26745
V432	0.18829	0.08943	0.17117	0.55111
V433	0.12065	0.5778	0.12443	0.17712
V434	0.3555	0.07032	0.15526	0.41892
V435	0.48078	0.01289	0.20195	0.30437
V436	0.38757	0.01129	0.21117	0.38997
V437	0.27468	0.1966	0.10777	0.42095
V438	0.54908	0.14984	0.10985	0.19123
V439	0.12205	0.12003	0.12772	0.6302
V440	0.46727	0.03949	0.12572	0.36752
V441	0.11703	0.14396	0.57754	0.16147
V442	0.31888	0.28465	0.22009	0.17638
V443	0.6554	0.0177	0.16265	0.16426
V444	0.11519	0.09372	0.79109	0
V445	0.54505	0.04539	0.36213	0.04744
V446	0.10028	0.62511	0.19847	0.07614
V447	0.55302	0.09902	0.23894	0.10903
V448	0.07882	0.07063	0.30345	0.5471
V449	0.50315	0.06038	0.33179	0.10468
V450	0.20268	0.64063	0.15669	0
V451	0.7819	0.086	0.05508	0.07702
V452	0.13234	0.01405	0.22479	0.62883
V453	0.68782	0.08369	0.14217	0.08633
V454	0.0273	0.71135	0.2166	0.04474
V455	0.53344	0.05648	0.33511	0.07498
V456	0.3226	0.12553	0.40661	0.14526
V457	0.032	0.08704	0.17563	0.70533
V458	0.29866	0.19582	0.10773	0.3978
V459	0.07011	0.60932	0.23197	0.0886
V460	0.77671	0.02358	0.1272	0.07251
V461	0.18493	0.06072	0.1244	0.62995
V462	0.3631	0.22215	0.07331	0.34145
V463	0.26747	0.37821	0.25125	0.10308
V464	0.48628	0.09702	0.08312	0.33358
V465	0.38995	0.34585	0.1243	0.1399
V466	0.53526	0.17124	0.08044	0.21306
V467	0.32301	0.44602	0.18965	0.04132
V468	0.46411	0.32574	0.14838	0.06176
V469	0.06671	0.16513	0.37158	0.39658
V470	0.49046	0.12181	0.24369	0.14404
V471	0.30602	0.09878	0.14028	0.45492
V472	0.34074	0.28205	0.08293	0.29429
V473	0.15065	0.43492	0.39955	0.01488
V474	0.20638	0	0.22562	0.568
V475	0.21706	0.32437	0.18882	0.26975
V476	0.2427	0.00973	0.18474	0.56283
V477	0.53301	0.05153	0.26173	0.15372
V478	0.17674	0.46451	0.12893	0.22981
V479	0.0636	0.1257	0.72477	0.08593
V480	0.13627	0.25764	0.17215	0.43395
V481	0.19624	0.06764	0.70763	0.02849
V482	0.60376	0.15339	0.18606	0.05679
V483	0.19777	0.10202	0.19102	0.50919
V484	0.10504	0.09298	0.16502	0.63697
V485	0.17533	0.56947	0.13992	0.11528
V486	0.28503	0.22343	0.22284	0.26869
V487	0.16365	0.04619	0.21508	0.57509
V488	0.04194	0.04122	0.81727	0.09956
V489	0.24466	0.13128	0.61272	0.01134
V490	0.34144	0.26329	0.16454	0.23073
V491	0.42238	0.37422	0.13615	0.06725
V492	0.1006	0.62859	0.26243	0.00837
V493	0.21443	0	0.08102	0.70455
V494	0.21917	0.16251	0.50799	0.11033
V495	0.25367	0.48137	0.24781	0.01715
V496	0.30014	0.54258	0.10524	0.05203
V497	0.10439	0.04012	0.80727	0.04822
V498	0.3369	0.09521	0.15604	0.41185
V499	0.55083	0.22926	0.20288	0.01703
V500	0.15668	0.14747	0.65052	0.04533
V501	0.02471	0	0.25747	0.71782
V502	0.49652	0.23944	0.2296	0.03444
V503	0.23714	0.09401	0.28668	0.38216
V504	0.26136	0.53753	0.13371	0.0674
V505	0.22613	0.19202	0.32228	0.25958
V506	0.12499	0.23232	0.47681	0.16589
V507	0.54229	0.10316	0.19367	0.16088
V508	0.65149	0.15755	0.1188	0.07216
V509	0.2491	0.08664	0.49866	0.1656
V510	0.25294	0.40997	0.33537	0.00172
V511	0.10752	0.33656	0.1775	0.37842
V512	0.28754	0.04537	0.19234	0.47474
V513	0.1281	0.49873	0.31203	0.06115
V514	0.0997	0.12543	0.10015	0.67472
V515	0.66519	0.07375	0.12405	0.137
V516	0.784	0.11422	0.05921	0.04257
V517	0.11421	0.03726	0.34021	0.50831
V518	0.80679	0.08988	0.04595	0.05738
V519	0.09986	0.66037	0.14732	0.09245
V520	0.10149	0.02281	0.60986	0.26584
V521	0.5042	0.07138	0.37924	0.04518
V522	0.055	0.14343	0.57651	0.22505
V523	0.34649	0.1246	0.31329	0.21562
V524	0.06458	0.59115	0.30857	0.0357
V525	0.28981	0.18098	0.13157	0.39765
V526	0.57172	0.08588	0.15037	0.19202
V527	0.23652	0.04343	0.4292	0.29085
V528	0.16437	0.65459	0.12293	0.05812
V529	0.12643	0.06776	0.31634	0.48946
V530	0.05716	0.20889	0.64035	0.0936
V531	0.09751	0.65185	0.25064	0
V532	0.21494	0.27267	0.14147	0.37092
V533	0.29166	0.29133	0.22576	0.19124
V534	0.08153	0.06074	0.65868	0.19905
V535	0.52315	0	0.10873	0.36811
V536	0.23348	0	0.42639	0.34013
V537	0.52826	0.22465	0.22619	0.0209
V538	0.43844	0.05205	0.17743	0.33208
V539	0.27951	0.34665	0.24612	0.12772
V540	0.23634	0.52891	0.19391	0.04084
V541	0.06739	0.40801	0.19875	0.32585
V542	0.23063	0.12544	0.32212	0.3218
V543	0.75551	0.0187	0.09537	0.13042
V544	0.16745	0.08792	0.27256	0.47207
V545	0.36634	0.12869	0.16724	0.33773
V546	0.12982	0.65197	0.21213	0.00607
V547	0.10171	0.49452	0.38833	0.01545
V548	0.20667	0.57676	0.21267	0.0039
V549	0.32359	0.0754	0.57413	0.02687
V550	0.55583	0.05748	0.04861	0.33808
V551	0.21702	0.56184	0.16264	0.05849
V552	0.02155	0.43352	0.16048	0.38445
V553	0.25246	0.16317	0.56732	0.01704
V554	0.14891	0.0978	0.15041	0.60288
V555	0.12924	0.20891	0.39218	0.26967
V556	0.00853	0.09864	0.82067	0.07216
V557	0.71436	0.04547	0.08182	0.15835
V558	0.12905	0.60011	0.16363	0.10721
V559	0.0872	0.60756	0.30524	0
V560	0.62001	0.2705	0.07303	0.03646
V561	0.02486	0.09717	0.819	0.05897
V562	0.67517	0.02163	0.18536	0.11783
V563	0.26642	0.0395	0.66769	0.0264
V564	0.13106	0.12207	0.72257	0.02429
V565	0.15744	0.23569	0.4174	0.18947
V566	0.62593	0.10466	0.06922	0.20019
V567	0.24675	0.36005	0.13888	0.25432
V568	0.29666	0	0.17269	0.53064
V569	0.62626	0.06226	0.03924	0.27225
V570	0.07535	0.2679	0.59527	0.06147
V571	0.71038	0.12959	0.06524	0.09479
V572	0.41707	0.04157	0.44076	0.1006
V573	0.14051	0.16216	0.12432	0.57302
V574	0.10332	0.59046	0.28956	0.01665
V575	0.07578	0.08709	0.25558	0.58155
V576	0.20533	0.6002	0.17234	0.02213
V577	0.11163	0.05179	0.31201	0.52456
V578	0.11378	0.1031	0.63247	0.15064
V579	0.06662	0.6572	0.23733	0.03886
V580	0.22683	0.00171	0.23101	0.54045
V581	0.17564	0.10752	0.0985	0.61834
V582	0.52639	0.14095	0.11175	0.22091
V583	0.05668	0.08323	0.58904	0.27104
V584	0.46913	0.15604	0.33143	0.0434
V585	0.08392	0.03876	0.47953	0.39778
V586	0.25621	0.05424	0.60035	0.08921
V587	0.28182	0.05937	0.62051	0.0383
V588	0.57097	0.05307	0.10342	0.27253
V589	0.12148	0.60802	0.20223	0.06828
V590	0.11454	0.57947	0.30362	0.00237
V591	0.02435	0.05306	0.32803	0.59455
V592	0.20673	0.08856	0.7047	0
V593	0.53293	0	0.25327	0.2138
V594	0.33327	0.25384	0.37264	0.04025
V595	0.14123	0.05112	0.16726	0.64039
V596	0.0821	0.24514	0.32274	0.35002
V597	0.03048	0.47338	0.42068	0.07546
V598	0.07926	0.15524	0.73972	0.02577
V599	0.55948	0.26757	0.12642	0.04653
V600	0.35253	0.37977	0.15248	0.11522
V601	0.20731	0.23199	0.19283	0.36788
V602	0.15251	0.06465	0.13854	0.6443
V603	0.07068	0.30244	0.15433	0.47255
V604	0.46731	0.12974	0.36544	0.03751
V605	0.10237	0.28874	0.44301	0.16587
V606	0.63916	0.15198	0.07996	0.1289
V607	0.58239	0.02145	0.18159	0.21457
V608	0.24021	0.15923	0.41106	0.1895
V609	0.0752	0.21304	0.33089	0.38087
V610	0.66475	0.03439	0.16369	0.13718
V611	0.32895	0	0.16732	0.50373
V612	0.07739	0.13265	0.71685	0.0731
V613	0.09339	0.29522	0.57632	0.03507
V614	0.65915	0.07452	0.1232	0.14314
V615	0.2268	0.07012	0.11179	0.59128
V616	0.13414	0.54243	0.17713	0.14631
V617	0.4434	0.16391	0.39269	0
V618	0.65941	0.04681	0.0386	0.25517
V619	0.37415	0.04757	0.35481	0.22347
V620	0.07463	0.5064	0.40366	0.01531
V621	0.40024	0.14495	0.24552	0.20929
V622	0.35077	0.20857	0.41526	0.02539
V623	0.07509	0.07926	0.27019	0.57546
V624	0.70158	0.18735	0.06121	0.04986
V625	0.27862	0.39196	0.20133	0.12809
V626	0.79974	0.07941	0.04283	0.07801
V627	0.00217	0.04584	0.25374	0.69825
V628	0.03565	0.20399	0.16023	0.60013
V629	0.1618	0.25364	0.34701	0.23755
V630	0.08997	0.29572	0.57194	0.04238
V631	0.07121	0.17353	0.23446	0.52081
V632	0.5365	0	0.21153	0.25197
V633	0.0213	0.09442	0.77112	0.11316
V634	0.38294	0.23826	0.37127	0.00753
V635	0.09783	0.58559	0.14255	0.17404
V636	0.16884	0.13049	0.59273	0.10794
V637	0.31802	0.17339	0.18682	0.32177
V638	0.36962	0.22136	0.16212	0.2469
V639	0.28665	0.3493	0.36405	0
V640	0.08791	0.1748	0.68072	0.05657
V641	0.74008	0.05668	0.1067	0.09655
V642	0.67455	0.17101	0.05708	0.09736
V643	0.05581	0.18351	0.4863	0.27438
V644	0.76695	0.09757	0.08009	0.0554
V645	0.2816	0.33805	0.36625	0.0141
V646	0.10042	0.69899	0.16111	0.03949
V647	0.18929	0.12061	0.63104	0.05906
V648	0.3955	0.34883	0.22498	0.03069
V649	0.08471	0.11113	0.73489	0.06928
V650	0.11811	0.12765	0.68488	0.06936
V651	0.31446	0.0458	0.61323	0.02651
V652	0.14093	0.10631	0.46405	0.28871
V653	0.16978	0.5091	0.22049	0.10064
V654	0.60807	0.18408	0.13462	0.07324
V655	0.10147	0.44598	0.15662	0.29593
V656	0.25102	0.23018	0.11937	0.39943
V657	0.11374	0.10713	0.13148	0.64765
V658	0.53393	0.19026	0.13791	0.1379
V659	0.32532	0.09982	0.39158	0.18329
V660	0.11688	0.71386	0.12093	0.04832
V661	0.11611	0.33701	0.18396	0.36291
V662	0.39168	0.04907	0.46007	0.09918
V663	0.25757	0.101	0.53766	0.10377
V664	0.23231	0.10393	0.61328	0.05047
V665	0.60368	0.1764	0.11484	0.10508
V666	0.53854	0	0.18123	0.28023
V667	0.68268	0.08963	0.2277	0
V668	0.18232	0.60142	0.21627	0
V669	0.2504	0.33486	0.32053	0.09421
V670	0.15364	0.68372	0.12136	0.04128
V671	0.3482	0.24753	0.31435	0.08992
V672	0.09062	0.08528	0.76586	0.05824
V673	0.25069	0.30392	0.30285	0.14253
V674	0.63236	0.14455	0.08732	0.13577
V675	0.16941	0.28041	0.37706	0.17312
V676	0.08401	0.11119	0.23631	0.56849
V677	0.36958	0.32562	0.18931	0.11548
V678	0.47959	0.37218	0.12037	0.02786
V679	0.10765	0.28233	0.59806	0.01197
V680	0.31858	0.42757	0.23548	0.01836
V681	0.75072	0.08533	0.08712	0.07682
V682	0.15734	0.26938	0.53981	0.03346
V683	0.10875	0.70871	0.18254	0
V684	0.60439	0.15138	0.16969	0.07455
V685	0.45489	0.28524	0.20808	0.05179
V686	0.14544	0.16379	0.25954	0.43124
V687	0.15251	0.02744	0.17794	0.64211
V688	0.37318	0.4095	0.09417	0.12315
V689	0.30452	0	0.1606	0.53488
V690	0.43397	0.07099	0.42606	0.06898
V691	0.20449	0.04978	0.72169	0.02405
V692	0.13345	0.16034	0.63981	0.0664
V693	0.25305	0.11565	0.40258	0.22871
V694	0.06815	0.0447	0.37872	0.50843
V695	0.28541	0.00467	0.25562	0.4543
V696	0.17398	0.09928	0.13057	0.59616
V697	0.0948	0.09857	0.14266	0.66396
V698	0.71897	0.01828	0.09169	0.17106
V699	0.5061	0.24277	0.15348	0.09765
V700	0.29594	0.02758	0.11313	0.56335
V701	0.15406	0.41584	0.22486	0.20524
V702	0.51102	0.08032	0.08928	0.31938
V703	0.1752	0.07705	0.49751	0.25024
V704	0.70654	0.06011	0.10113	0.13222
V705	0.79293	0	0.11213	0.09494
V706	0.13996	0.09356	0.68572	0.08077
V707	0.09473	0.35971	0.5131	0.03247
V708	0.10698	0.65236	0.16445	0.07621
V709	0.17046	0.2433	0.51631	0.06993
V710	0.53531	0.19073	0.12807	0.1459
V711	0.15149	0.58924	0.22122	0.03805
V712	0.71313	0.07241	0.06888	0.14559
V713	0.41241	0.25298	0.12464	0.20997
V714	0.06594	0.51789	0.16708	0.24909
V715	0.30532	0.28272	0.35154	0.06042
V716	0.1316	0.05572	0.18946	0.62322
V717	0.15646	0.68785	0.12352	0.03217
V718	0.18406	0.43654	0.27823	0.10116
V719	0.11588	0.54255	0.17225	0.16933
V720	0.61404	0.01595	0.279	0.09101
V721	0.16027	0.16726	0.48402	0.18845
V722	0.1499	0.28222	0.1344	0.43348
V723	0.20372	0.09664	0.11354	0.58611
V724	0.52921	0.03095	0.16554	0.2743
V725	0.03606	0.14354	0.76409	0.05631
V726	0.08775	0.31244	0.24185	0.35796
V727	0.29011	0.49838	0.2062	0.00531
V728	0.10363	0.65226	0.23585	0.00826
V729	0.40321	0.01669	0.24082	0.33929
V730	0.74564	0.04856	0.12804	0.07777
V731	0.07205	0.18823	0.44746	0.29226
V732	0.34379	0.09112	0.38114	0.18395
V733	0.56865	0.17233	0.11161	0.1474
V734	0.26103	0.26947	0.46784	0.00167
V735	0.08392	0.05771	0.50447	0.35389
V736	0.24682	0.00898	0.12879	0.61542
V737	0.32302	0.24683	0.30129	0.12886
V738	0.115	0.28985	0.4766	0.11855
V739	0.00988	0.06297	0.61999	0.30715
V740	0.7171	0.09469	0.15001	0.0382
V741	0.44806	0.10114	0.20267	0.24814
V742	0.40268	0.45999	0.13732	0
V743	0.18557	0.16272	0.6317	0.02001
V744	0.47006	0.06149	0.35659	0.11186
V745	0.06873	0.53397	0.29691	0.10039
V746	0.85032	0.00855	0.04346	0.09767
V747	0.12239	0.02513	0.67855	0.17394
V748	0.16571	0.12663	0.56093	0.14673
V749	0.3058	0.15724	0.1548	0.38217
V750	0.39729	0.36743	0.11923	0.11605
V751	0.11563	0.63926	0.1801	0.06501
V752	0.42381	0.19876	0.21273	0.16469
V753	0.16405	0.08581	0.08797	0.66216
V754	0.09006	0.70771	0.13076	0.07147
V755	0.18306	0.18138	0.39079	0.24477
V756	0.12815	0.0188	0.21061	0.64245
V757	0.34169	0.44992	0.17273	0.03565
V758	0.10089	0.57611	0.24895	0.07404
V759	0.17102	0.07728	0.43855	0.31315
V760	0.30525	0.06644	0.33636	0.29195
V761	0.11272	0.45115	0.36013	0.07599
V762	0.02779	0.31846	0.16525	0.4885
V763	0.37689	0.29298	0.12152	0.2086
V764	0.08391	0.68777	0.15633	0.07199
V765	0.61223	0.10578	0.04309	0.2389
V766	0.06458	0.28229	0.47514	0.178
V767	0.43819	0.12486	0.29495	0.142
V768	0.13581	0.66059	0.16214	0.04146
V769	0.19847	0.6127	0.1653	0.02353
V770	0.10042	0.69899	0.16111	0.03949
V771	0.21076	0.06662	0.69469	0.02793
V772	0.1915	0.09584	0.70257	0.0101
V773	0.21311	0.62242	0.13714	0.02732
V774	0.0985	0.041	0.80012	0.06038
V775	0.17206	0.05166	0.35524	0.42104
V776	0.40575	0.33844	0.14745	0.10836
V777	0.22371	0.10906	0.24179	0.42544
V778	0.48356	0.23628	0.15191	0.12826
V779	0.20512	0.06884	0.49942	0.22661
V780	0.17172	0.57619	0.25209	0
V781	0.16063	0.05013	0.16632	0.62292
V782	0.05657	0.15644	0.71433	0.07265
V783	0.68333	0.03215	0.12621	0.15832
V784	0.17756	0.65076	0.15387	0.01781
V785	0.12103	0.67897	0.1544	0.0456
V786	0.62052	0.1535	0.15874	0.06723
V787	0.01624	0.65619	0.30304	0.02453
V788	0.46307	0.25391	0.23184	0.05118
V789	0.12909	0.2982	0.1543	0.41841
V790	0.4408	0.0262	0.17093	0.36207
V791	0.16712	0.31269	0.38575	0.13444
V792	0.17717	0.42487	0.12836	0.26961
V793	0.16932	0.50525	0.16091	0.16453
V794	0.10698	0.1206	0.69611	0.0763
V795	0.19697	0.04681	0.18558	0.57064
V796	0.0914	0.13097	0.73531	0.04232
V797	0.66444	0.01427	0.27579	0.04551
V798	0.55178	0.24823	0.16562	0.03437
V799	0.18528	0.5838	0.15771	0.07321
V800	0.12911	0.05443	0.52372	0.29274
V801	0.17863	0.12444	0.38274	0.31419
V802	0.09671	0.09052	0.35756	0.45521
V803	0.25095	0.40804	0.34101	0
V804	0.4766	0.04587	0.39975	0.07778
V805	0.12762	0.04864	0.82374	0
V806	0.12465	0.66762	0.15221	0.05552
V807	0.29375	0.14079	0.13841	0.42705
V808	0.58419	0.23218	0.12902	0.0546
V809	0.12864	0.1019	0.76946	0
V810	0.10834	0.72754	0.12286	0.04126
V811	0.40368	0.07938	0.26911	0.24783
V812	0.49371	0.22765	0.13469	0.14395
V813	0.52842	0.18204	0.25301	0.03653
V814	0.41844	0.41218	0.15475	0.01464
V815	0.04386	0.69651	0.23633	0.02331
V816	0.80722	0.01114	0.16942	0.01222
V817	0.0977	0.12605	0.74482	0.03143
V818	0.03649	0.08315	0.20102	0.67934
V819	0.70031	0.09151	0.12754	0.08065
V820	0.21069	0.1023	0.13405	0.55295
V821	0.23889	0.27346	0.41918	0.06847
V822	0.14029	0.07752	0.7379	0.04429
V823	0.07154	0.20167	0.63844	0.08835
V824	0.13781	0.32061	0.54158	0
V825	0.2419	0.24819	0.31963	0.19028
V826	0.41196	0.33388	0.23826	0.0159
V827	0.37648	0.45855	0.12535	0.03962
V828	0.2579	0.14805	0.21303	0.38102
V829	0.10515	0.2108	0.16691	0.51715
V830	0.26307	0.19872	0.13367	0.40454
V831	0.66601	0.09778	0.10535	0.13086
V832	0.27939	0.32398	0.25317	0.14346
V833	0.1837	0.40013	0.27479	0.14138
V834	0.31914	0.07132	0.18402	0.42552
V835	0.35135	0.35742	0.21041	0.08082
V836	0.08103	0.51752	0.14912	0.25234
V837	0.24225	0.30947	0.27417	0.17411
V838	0.77459	0.06565	0.12061	0.03916
V839	0.31487	0.46846	0.20944	0.00723
V840	0.31584	0.5439	0.14026	0
V841	0.02963	0.1066	0.7871	0.07666
V842	0.34475	0.15615	0.31426	0.18484
V843	0.0875	0.08106	0.75405	0.07738
V844	0.16184	0.10195	0.42307	0.31315
V845	0.12538	0.14075	0.6652	0.06867
V846	0.01311	0.07533	0.73045	0.1811
V847	0.02729	0	0.24961	0.7231
V848	0.13032	0.40487	0.27493	0.18987
V849	0.0131	0.74128	0.17422	0.07141
V850	0.79328	0	0.12235	0.08437
V851	0.34174	0.41583	0.24243	0
V852	0.17995	0.05154	0.24497	0.52354
V853	0.25651	0.20948	0.42307	0.11094
V854	0.52446	0.15922	0.17872	0.13761
V855	0.02729	0	0.24961	0.7231
V856	0.0882	0.3023	0.41302	0.19649
V857	0.59024	0.16535	0.11018	0.13423
V858	0.4957	0.04859	0.4226	0.03311
V859	0.5815	0.21113	0.09662	0.11075
V860	0.24368	0.10697	0.16775	0.48161
V861	0.14144	0.30882	0.54398	0.00576
V862	0.18221	0.12163	0.64331	0.05285
V863	0.27243	0.07693	0.08456	0.56609
V864	0.16687	0.04261	0.18958	0.60094
V865	0.17689	0.01591	0.34953	0.45767
V866	0.62539	0.04475	0.28782	0.04204
V867	0.62604	0.05476	0.28741	0.03179
V868	0.46251	0.23703	0.2135	0.08696
V869	0.11583	0.69673	0.15376	0.03368
V870	0.16027	0.28007	0.14271	0.41695
V871	0.0131	0.74128	0.17422	0.07141
V872	0.07748	0.03385	0.34711	0.54157
V873	0.73687	0.04646	0.13355	0.08312
V874	0.23708	0.59653	0.1664	0
V875	0.06814	0.17894	0.30901	0.44392
V876	0.18842	0.28405	0.44175	0.08578
V877	0.08895	0.3315	0.3753	0.20426
V878	0.19161	0.60643	0.20196	0
V879	0.22688	0.5263	0.16622	0.0806
V880	0.31621	0.42989	0.11623	0.13767
V881	0.18447	0.07815	0.57466	0.16272
V882	0.69041	0.00243	0.2	0.10717
V883	0.29282	0.19776	0.50942	0
V884	0.0975	0.25685	0.09092	0.55472
V885	0.63786	0.19552	0.16663	0
V886	0.06515	0.31427	0.49697	0.12361
V887	0.55718	0.07444	0.22166	0.14671
V888	0.15623	0.09101	0.66605	0.0867
V889	0.7574	0.07152	0.10029	0.07079
V890	0.08065	0.16405	0.60051	0.1548
V891	0.54855	0.07316	0.31782	0.06047
V892	0.31023	0.16379	0.1115	0.41448
V893	0.51086	0.19292	0.22262	0.0736
V894	0.11807	0.28033	0.56703	0.03457
V895	0.52356	0.07641	0.25451	0.14552
V896	0.12325	0.68828	0.14204	0.04643
V897	0.6111	0.22589	0.08184	0.08117
V898	0.45578	0	0.11102	0.4332
V899	0.07824	0.17652	0.26196	0.48328
V900	0.11576	0.26073	0.41803	0.20547
V901	0.10626	0.63702	0.14362	0.11311
V902	0.1331	0.66121	0.19762	0.00807
V903	0.06166	0.3566	0.54108	0.04066
V904	0.121	0.72839	0.11449	0.03612
V905	0.21728	0	0.27948	0.50324
V906	0.3919	0.09011	0.19547	0.32252
V907	0.4131	0.40157	0.12532	0.06001
V908	0.0713	0.06447	0.22364	0.64059
V909	0.18759	0.62171	0.11728	0.07343
V910	0.23364	0	0.23312	0.53323
V911	0.47364	0.31922	0.12903	0.0781
V912	0.37091	0.27339	0.20897	0.14674
V913	0.2334	0	0.13384	0.63276
V914	0.21456	0.39443	0.35982	0.03119
V915	0.29009	0	0.12762	0.58229
V916	0.26535	0.09463	0.58862	0.05141
V917	0.617	0.04188	0.22662	0.1145
V918	0.09353	0.49014	0.33112	0.0852
V919	0.22293	0.21053	0.35297	0.21358
V920	0.53799	0.18147	0.17294	0.1076
V921	0.10122	0.15131	0.16475	0.58272
V922	0.1422	0.37971	0.43772	0.04037
V923	0.18774	0.02081	0.18412	0.60732
V924	0.09748	0.51383	0.36006	0.02864
V925	0.25756	0.03884	0.12491	0.57869
V926	0.26856	0.02059	0.15059	0.56026
V927	0.10277	0.05546	0.20571	0.63606
V928	0.1214	0.66659	0.14157	0.07044
V929	0.10495	0.49514	0.25181	0.1481
V930	0.46646	0.30521	0.12598	0.10235
V931	0.17055	0.25091	0.50956	0.06898
V932	0.08303	0.13871	0.59255	0.18571
V933	0.53804	0.31402	0.11132	0.03662
V934	0.05856	0.14838	0.36506	0.42799
V935	0.49419	0.15845	0.26658	0.08077
V936	0.48058	0.23373	0.10422	0.18147
V937	0.48933	0.12545	0.16559	0.21962
V938	0.36546	0.06105	0.3499	0.22359
V939	0.65534	0.0326	0.14792	0.16414
V940	0.08434	0.59518	0.27436	0.04612
V941	0.04525	0.05846	0.83658	0.05971
V942	0.63709	0.17598	0.14676	0.04018
V943	0.37361	0.14072	0.42832	0.05734
V944	0.06915	0.23071	0.19962	0.50052
V945	0.50805	0.29386	0.10139	0.0967
V946	0.4214	0.23127	0.31073	0.0366
V947	0.14735	0.05905	0.32092	0.47267
V948	0.33224	0.07311	0.56077	0.03389
V949	0.00609	0.11995	0.32897	0.54499
V950	0.09704	0.42491	0.31212	0.16593
V951	0.70526	0.04177	0.21438	0.03859
V952	0.12009	0.12952	0.34808	0.40231
V953	0.07778	0.11011	0.75539	0.05672
V954	0.08687	0.16741	0.2623	0.48342
V955	0.16811	0.46674	0.15202	0.21314
V956	0.10489	0.05758	0.52393	0.31359
V957	0.37153	0.0388	0.06444	0.52522
V958	0.21443	0	0.08102	0.70455
V959	0.24779	0.2354	0.44689	0.06992
V960	0.26141	0.23242	0.18321	0.32296
V961	0.16642	0.32194	0.40103	0.11062
V962	0.34807	0.16917	0.41042	0.07234
V963	0.51965	0.1623	0.22773	0.09032
V964	0.70465	0.04695	0.17414	0.07426
V965	0.1015	0.39997	0.29342	0.20512
V966	0.78538	0.05197	0.08383	0.07883
V967	0.11809	0.07427	0.53137	0.27627
V968	0.02542	0.18196	0.71747	0.07515
V969	0.06154	0.24538	0.1764	0.51668
V970	0.08529	0.13266	0.46724	0.31481
V971	0.45211	0.10282	0.35929	0.08578
V972	0.46577	0.18046	0.13461	0.21916
V973	0.28322	0.33705	0.18086	0.19887
V974	0.06202	0.59543	0.26178	0.08076
V975	0.15167	0.26705	0.58128	0
V976	0.40785	0.21333	0.19946	0.17937
V977	0.32282	0.29875	0.37283	0.00559
V978	0.14507	0.09145	0.1959	0.56758
V979	0.68507	0.04291	0.23419	0.03782
V980	0.85032	0.00855	0.04346	0.09767
V981	0.33336	0.05764	0.44125	0.16776
V982	0.41332	0.3227	0.17237	0.09161
V983	0.62837	0.07417	0.06766	0.2298
V984	0.07474	0.62617	0.24774	0.05135
V985	0.14692	0.1742	0.12452	0.55435
V986	0.32596	0.4114	0.15722	0.10542
V987	0.27096	0.57702	0.1199	0.03213
V988	0.28066	0.01358	0.13264	0.57312
V989	0.4193	0.37285	0.17827	0.02957
V990	0.01858	0.10568	0.74788	0.12787
V991	0.59076	0.31685	0.05415	0.03824
V992	0.23018	0.04115	0.51715	0.21151
V993	0.12282	0.54394	0.28366	0.04957
V994	0.22754	0.58808	0.16122	0.02315
V995	0.64024	0.11136	0.10512	0.14328
V996	0.30861	0.11687	0.11084	0.46369
V997	0.0908	0.0674	0.73889	0.10291
V998	0.73032	0.02722	0.14745	0.095
V999	0.18584	0.67111	0.12137	0.02168
V1000	0.3536	0.03641	0.08027	0.52971
