cytotoxic.CD56.dim.NK.cell	memory.CD4.pos.AB.T.cell	memory.B.cell	CD14.pos.CD16.neg.classical.monocyte
V1	0.5558	0.01294	0.16804	0.26322
V2	0.14297	0.08855	0.05106	0.71742
V3	0.05043	0.64993	0.01242	0.28722
V4	0.84914	0.13146	0	0.01941
V5	0.1015	0.49565	0.25197	0.15087
V6	0.06899	0.89294	0.01915	0.01891
V7	0.13789	0.37018	0.07932	0.41261
V8	0.12091	0.02358	0.8272	0.02831
V9	0.23098	0.23842	0.0355	0.4951
V10	0.01657	0.02729	0.91056	0.04557
V11	0.1993	0.36312	0.43218	0.00541
V12	0.02337	0.60503	0.3596	0.01199
V13	0.24716	0.72921	0.00488	0.01875
V14	0.06377	0.92193	0.00787	0.00644
V15	0.11021	0.63157	0.11222	0.14599
V16	0.90335	0.05431	0.01605	0.02629
V17	0.07835	0.89037	0.01233	0.01895
V18	0.5629	0.36562	0.03809	0.0334
V19	0.14615	0.83573	0.0059	0.01223
V20	0.15658	0.4823	0.01845	0.34267
V21	0.12125	0.05018	0.80045	0.02811
V22	0.01703	0.08751	0.21366	0.68179
V23	0.37426	0.04228	0.57762	0.00584
V24	0.91436	0.05329	0.0313	0.00106
V25	0.34439	0.23572	0.12576	0.29413
V26	0.38553	0.40497	0.01618	0.19333
V27	0.09593	0.06441	0.0247	0.81496
V28	0.0027	0.07065	0.925	0.00165
V29	0.43491	0.02802	0.5103	0.02677
V30	0.0931	0.20563	0.2879	0.41337
V31	0.19806	0.18163	0.30831	0.312
V32	0.07854	0.03924	0.03747	0.84475
V33	0.03967	0.51413	0.35714	0.08907
V34	0.12089	0.03537	0.81558	0.02816
V35	0.14839	0.75265	0.0731	0.02586
V36	0.00688	0.03325	0.50304	0.45682
V37	0.55371	0.06558	0.09191	0.2888
V38	0.42647	0.00855	0.17363	0.39136
V39	0.15445	0.59687	0.12196	0.12673
V40	0.09143	0.83684	0.07088	0.00085
V41	0.0083	0.70447	0.04156	0.24567
V42	0.21801	0.0276	0.2155	0.53888
V43	0.12245	0.3396	0.51084	0.02711
V44	0.01258	0.0594	0.7721	0.15592
V45	0.08914	0.61983	0.21243	0.0786
V46	0.7943	0.08295	0.11713	0.00561
V47	0.45179	0.18541	0.31962	0.04318
V48	0.79021	0.1876	0.00323	0.01897
V49	0.72774	0.19893	0	0.07333
V50	0.06101	0.8575	0.07578	0.00572
V51	0.30336	0.41612	0.25405	0.02647
V52	0.02266	0.09963	0.84916	0.02855
V53	0.71688	0.13532	0.14712	0.00068
V54	0.42172	0.18952	0.36995	0.0188
V55	0.21041	0.11641	0.25019	0.42298
V56	0.04506	0.02681	0.09564	0.83248
V57	0.0882	0.88012	0.01954	0.01214
V58	0.64587	0.01442	0.03899	0.30072
V59	0.42733	0.4306	0.09995	0.04212
V60	0.12695	0.13786	0.34446	0.39074
V61	0.80902	0.10912	0.00828	0.07358
V62	0.87674	0.04743	0.06377	0.01207
V63	0.01629	0.85589	0.10907	0.01875
V64	0.01016	0.87483	0.0016	0.11341
V65	0.01763	0.01986	0.11642	0.84608
V66	0.19968	0.72593	0.01685	0.05754
V67	0.1445	0.32958	0.51394	0.01199
V68	0.15272	0.14763	0.02461	0.67504
V69	0.02156	0.30378	0.63071	0.04395
V70	0.55592	0.14655	0.18024	0.11729
V71	0.15936	0.05871	0.39818	0.38375
V72	0.58882	0.15501	0.0907	0.16546
V73	0.14161	0.65051	0.13022	0.07766
V74	0.05471	0.22086	0.72349	0.00094
V75	0.71541	0.01159	0.18991	0.0831
V76	0.00224	0.17012	0.19005	0.63759
V77	0.03707	0.30596	0.01128	0.64569
V78	0.30815	0.10495	0.19162	0.39528
V79	0.00563	0.08347	0.83112	0.07978
V80	0.34626	0.01903	0.55629	0.07842
V81	0.05236	0.15453	0.78681	0.0063
V82	0.00055	0.07415	0.91694	0.00835
V83	0.12969	0.17582	0.07464	0.61985
V84	0.39962	0.04076	0.16594	0.39367
V85	0.10217	0.31277	0.42051	0.16455
V86	0.04111	0.04549	0.87667	0.03673
V87	0.03157	0.86357	0.04787	0.05699
V88	0.1611	0.05079	0.2842	0.50391
V89	0.01983	0.02264	0.21997	0.73756
V90	0.0254	0.9118	0.05059	0.01221
V91	0.03161	0.76684	0.17552	0.02603
V92	0.45862	0.02172	0.39408	0.12558
V93	0.88364	0.02857	0	0.08779
V94	0.01698	0.4706	0.02249	0.48993
V95	0.25129	0.45493	0.1538	0.13998
V96	0.07112	0.10896	0.03077	0.78915
V97	0.68138	0.10982	0.20343	0.00537
V98	0.66512	0.32259	0	0.01229
V99	0.79323	0.0565	0.14461	0.00566
V100	0.07171	0.03276	0.87433	0.0212
V101	0.03065	0.07201	0.01168	0.88566
V102	0.91349	0.0698	0.00388	0.01283
V103	0.013	0.05746	0.10501	0.82453
V104	0.02907	0.95537	0.00885	0.00671
V105	0.05379	0.92542	0.01446	0.00633
V106	0.11064	0.53601	0.31867	0.03468
V107	0.17928	0.19044	0.58618	0.0441
V108	0.13968	0.77272	0.08678	0.00081
V109	0.01277	0.14115	0.62353	0.22256
V110	0.05067	0.8967	0.03376	0.01887
V111	0.90576	0.02125	0.06667	0.00631
V112	0.1242	0.05061	0.45634	0.36885
V113	0.18625	0.0977	0.18509	0.53096
V114	0.24292	0.04635	0.08357	0.62716
V115	0.00919	0.77286	0.21211	0.00584
V116	0.1364	0.3131	0.38563	0.16488
V117	0.67102	0.26547	0.0301	0.03341
V118	0.1533	0.61153	0.03218	0.20299
V119	0.11147	0.0818	0.05341	0.75332
V120	0.07178	0.06522	0.84962	0.01338
V121	0.61154	0.12392	0.09033	0.17422
V122	0.94675	0.02882	0.01128	0.01315
V123	0.00867	0.53956	0.04442	0.40734
V124	0.64513	0.30592	0	0.04896
V125	0.37881	0.43445	0.16821	0.01853
V126	0.03824	0.15644	0.05441	0.75091
V127	0.16101	0.04292	0.27239	0.52369
V128	0.0336	0.02589	0.12504	0.81548
V129	0.58034	0.23709	0.15657	0.026
V130	0.00856	0.67371	0.31191	0.00582
V131	0.02538	0.90917	0.00153	0.06392
V132	0.93075	0.02518	0.02456	0.01951
V133	0.90697	0.03254	0.04813	0.01236
V134	0.10354	0.40823	0.1282	0.36003
V135	0.07677	0.02602	0.19298	0.70422
V136	0.23651	0.42073	0.01114	0.33162
V137	0.65926	0.03763	0.24442	0.05869
V138	0.20702	0.42081	0.1776	0.19457
V139	0.35846	0.20225	0.19981	0.23948
V140	0.0313	0.10117	0.0598	0.80773
V141	0.05865	0.14031	0.57363	0.22741
V142	0.77387	0.02424	0.20095	0.00093
V143	0.43584	0.26738	0.06535	0.23142
V144	0.16364	0.14935	0.17456	0.51245
V145	0.00288	0.77951	0.21165	0.00596
V146	0.06174	0.03139	0.04246	0.86442
V147	0.91334	0.037	0.016	0.03366
V148	0.12168	0.06235	0.61365	0.20232
V149	0.24983	0.53725	0.20763	0.00529
V150	0.07909	0.23403	0.61507	0.07181
V151	0.19441	0.66162	0.03125	0.11272
V152	0.22652	0.4682	0.21571	0.08957
V153	0.0969	0.78509	0.01744	0.10057
V154	0.23275	0.47611	0.2646	0.02653
V155	0.48237	0.13865	0.28975	0.08923
V156	0.02953	0.12469	0.72679	0.119
V157	0.30701	0.14834	0.32613	0.21852
V158	0.03044	0.0207	0.05246	0.8964
V159	0.87911	0.07972	0	0.04117
V160	0.70219	0.01446	0.06181	0.22154
V161	0.2116	0.02125	0.03662	0.73053
V162	0.06305	0.31296	0.08249	0.54149
V163	0.09086	0.51841	0.16613	0.2246
V164	0.34149	0.31816	0.10453	0.23582
V165	0.01288	0.29153	0.00651	0.68909
V166	0.01176	0.11157	0.07902	0.79765
V167	0.35188	0.01402	0.01109	0.623
V168	0.27238	0.60422	0.07292	0.05048
V169	0.18782	0.0601	0.04221	0.70987
V170	0.10007	0.0223	0.5517	0.32592
V171	0.12257	0.23729	0.60444	0.03569
V172	0.70805	0.01891	0.26712	0.00591
V173	0.02939	0.15921	0.04698	0.76443
V174	0.01857	0.17576	0.08169	0.72398
V175	0.05796	0.02012	0.80677	0.11515
V176	0.00957	0.82869	0.15584	0.0059
V177	0.01351	0.97051	0.00244	0.01353
V178	0.00897	0.79594	0.00683	0.18825
V179	0.15701	0.01535	0.40213	0.42551
V180	0.02966	0.89652	0.07286	0.00096
V181	0.15793	0.11996	0.56985	0.15226
V182	0.29772	0.17684	0.47243	0.05302
V183	0.16678	0.82074	0.00642	0.00606
V184	0.95301	0.03182	0.01388	0.00129
V185	0.54338	0.44009	0.01086	0.00567
V186	0.11217	0.50669	0.26166	0.11948
V187	0.93648	0.03003	0.02697	0.00652
V188	0.05848	0.25366	0.00572	0.68214
V189	0.82104	0.03037	0.01529	0.1333
V190	0.64995	0.02542	0.31889	0.00575
V191	0.17914	0.2023	0.58306	0.03549
V192	0.29341	0.49343	0.04739	0.16577
V193	0.61305	0.03524	0.23753	0.11419
V194	0.03487	0.93872	0.00708	0.01933
V195	0.01148	0.04579	0.93414	0.00858
V196	0.01746	0.10347	0.02221	0.85685
V197	0.41515	0.05246	0.02728	0.50511
V198	0.05904	0.52452	0.36446	0.05198
V199	0.16186	0.02968	0.18677	0.62169
V200	0.12075	0.59814	0.01805	0.26306
V201	0.08968	0.58835	0.18415	0.13782
V202	0.01352	0.02559	0.79882	0.16207
V203	0.15483	0.44372	0.38246	0.01899
V204	0.00951	0.56722	0.00859	0.41468
V205	0.01649	0.06313	0.90602	0.01436
V206	0.04387	0.0984	0.85099	0.00674
V207	0.12927	0.19864	0.05607	0.61602
V208	0.24235	0.06686	0.67835	0.01244
V209	0.29386	0.49499	0.06459	0.14655
V210	0.07737	0.79949	0.08165	0.04149
V211	0.42374	0.02218	0.03588	0.5182
V212	0.50336	0.04379	0.43388	0.01897
V213	0.64959	0.03384	0.10751	0.20906
V214	0.33391	0.15713	0.16878	0.34018
V215	0.28894	0.10122	0.0219	0.58793
V216	0.05067	0.01978	0.04251	0.88704
V217	0.04012	0.51682	0.22994	0.21312
V218	0.09171	0.46984	0.16795	0.2705
V219	0.09857	0.67257	0.01128	0.21758
V220	0.00918	0.8526	0.00646	0.13176
V221	0.81176	0.01849	0.00357	0.16618
V222	0.31714	0.12795	0.38124	0.17367
V223	0.00551	0.13023	0.79336	0.07089
V224	0.94184	0.02996	0.02696	0.00125
V225	0.05235	0.89013	0.05164	0.00587
V226	0.29987	0.08339	0.60454	0.0122
V227	0.78173	0.01679	0.18941	0.01206
V228	0.78551	0.07038	0.06101	0.0831
V229	0.01711	0.03782	0.92295	0.02213
V230	0.0219	0.05584	0.04021	0.88205
V231	0.01623	0.28926	0.11401	0.58049
V232	0.04195	0.68616	0.00201	0.26988
V233	0.57841	0.08572	0.1999	0.13597
V234	0.03453	0.9255	0.0276	0.01236
V235	0.37068	0.06048	0.54185	0.02698
V236	0.03914	0.06392	0.82603	0.07091
V237	0.15947	0.02309	0.03974	0.7777
V238	0.12092	0.58262	0.25357	0.04289
V239	0.06288	0.4257	0.02162	0.48981
V240	0.48751	0.04037	0.42927	0.04285
V241	0.0158	0.02542	0.89693	0.06185
V242	0.11769	0.78803	0.08263	0.01166
V243	0.2321	0.04168	0.65582	0.0704
V244	0.19513	0.0172	0.70933	0.07834
V245	0.59458	0.30987	0.04567	0.04987
V246	0.05031	0.14738	0.78206	0.02026
V247	0.15876	0.04103	0.79911	0.0011
V248	0.02685	0.05313	0.06107	0.85894
V249	0	0.04839	0.88963	0.06198
V250	0.75691	0.01908	0.21815	0.00586
V251	0.92278	0.06584	0.00476	0.00663
V252	0.01261	0.84638	0.14006	0.00096
V253	0.36608	0.06652	0.16761	0.39979
V254	0.0111	0.93675	0.04583	0.00632
V255	0.04278	0.92215	0.00156	0.03352
V256	0.16891	0.20976	0.53963	0.08169
V257	0.42967	0.09478	0.24041	0.23514
V258	0.17101	0.26536	0.4413	0.12234
V259	0.03064	0.29314	0.64065	0.03558
V260	0.00072	0.29271	0.70009	0.00648
V261	0.62678	0.0342	0.19653	0.14249
V262	0.09503	0.07289	0.02417	0.80791
V263	0.0201	0.95802	0.00204	0.01984
V264	0.15738	0.03463	0.45301	0.35498
V265	0.03336	0.01723	0.15442	0.795
V266	0.61291	0.37973	0.00641	0.00095
V267	0.00152	0.17508	0.29647	0.52693
V268	0.38372	0.02617	0.14597	0.44414
V269	0.00689	0.57423	0.37622	0.04267
V270	0.65003	0.02909	0.24475	0.07614
V271	0.80915	0.07064	0.02909	0.09111
V272	0.04925	0.84919	0.01147	0.09009
V273	0.05839	0.04009	0.04853	0.85299
V274	0.70815	0.0106	0.18036	0.10089
V275	0.00068	0.05104	0.93905	0.00923
V276	0.49723	0.35289	0.0089	0.14098
V277	0.03362	0.20923	0.16663	0.59052
V278	0.03317	0.05579	0.30917	0.60187
V279	0.70374	0.05909	0.10619	0.13098
V280	0.03044	0.0207	0.05246	0.8964
V281	0.55058	0.0325	0.13991	0.27701
V282	0.04914	0.06543	0.83223	0.0532
V283	0.19769	0.61205	0.05605	0.13421
V284	0.02653	0.91479	0.05261	0.00607
V285	0.07271	0.03716	0.88869	0.00144
V286	0.23214	0.57912	0.10141	0.08733
V287	0.0878	0.88109	0.01219	0.01893
V288	0.01342	0.27319	0.44295	0.27044
V289	0.27578	0.21948	0.43284	0.0719
V290	0.79473	0.19135	0.01297	0.00095
V291	0.48129	0.07159	0.43527	0.01185
V292	0.92585	0.02544	0	0.04871
V293	0.28403	0.02332	0.65742	0.03524
V294	0.08469	0.39	0.00354	0.52178
V295	0.01599	0.17738	0.19948	0.60714
V296	0.16731	0.11378	0.63795	0.08097
V297	0.07587	0.01686	0.08437	0.8229
V298	0.28915	0.10201	0.59669	0.01214
V299	0.06545	0.29259	0.01699	0.62498
V300	0.00252	0.04159	0.24933	0.70657
V301	0.11082	0.10293	0.67623	0.11002
V302	0.62334	0.36444	0	0.01221
V303	0.00145	0.61348	0.35849	0.02659
V304	0.04788	0.02825	0.76868	0.15518
V305	0.11331	0.15002	0.48439	0.25228
V306	0.81231	0.1013	0.04523	0.04116
V307	0.01886	0.95399	0.01438	0.01277
V308	0.22244	0.22755	0.30669	0.24332
V309	0.3231	0.32642	0.02473	0.32574
V310	0.07223	0.32398	0.15167	0.45213
V311	0.48712	0.50231	0.00477	0.0058
V312	0.08815	0.76525	0.128	0.01859
V313	0.00439	0.13765	0.02928	0.82868
V314	0.01533	0.49854	0.10771	0.37842
V315	0.10938	0.6569	0.03249	0.20123
V316	0.30407	0.12832	0.4043	0.16332
V317	0.07774	0.73215	0.04019	0.14992
V318	0.03303	0.58295	0.01348	0.37054
V319	0.05065	0.06179	0.85897	0.02859
V320	0.06811	0.13358	0.67813	0.12018
V321	0.60265	0.39004	0.00641	0.00091
V322	0.1845	0.33311	0.06974	0.41265
V323	0.05261	0.03357	0.10123	0.81259
V324	0.64973	0.26855	0.06326	0.01846
V325	0.28337	0.66218	0.04896	0.00549
V326	0.00218	0.58591	0.08646	0.32545
V327	0.01815	0.15214	0.11086	0.71885
V328	0.03872	0.02846	0.76838	0.16444
V329	0.16317	0.10846	0.1755	0.55287
V330	0.37966	0.01368	0.34661	0.26005
V331	0.33802	0.08826	0.04406	0.52966
V332	0.01017	0.05564	0.19804	0.73615
V333	0.41886	0.07014	0.40244	0.10856
V334	0.34378	0.014	0.37074	0.27148
V335	0.02131	0.33483	0.52436	0.1195
V336	0.15896	0.73166	0.0169	0.09248
V337	0.2687	0.41763	0.28711	0.02657
V338	0.00472	0.97733	0.01077	0.00717
V339	0.11532	0.02874	0.84881	0.00713
V340	0.04892	0.21814	0.54887	0.18407
V341	0.02509	0.04963	0.07803	0.84725
V342	0.22968	0.0147	0.6303	0.12532
V343	0.94629	0.04141	0.00537	0.00693
V344	0.65859	0.16474	0.17602	0.00065
V345	0.0185	0.06003	0.92006	0.0014
V346	0.22185	0.10556	0.29562	0.37697
V347	0.04168	0.02391	0.14123	0.79318
V348	0.049	0.68643	0.13077	0.1338
V349	0.33914	0.1614	0.39853	0.10092
V350	0.02817	0.81313	0.15781	0.00089
V351	0.01515	0.03291	0.41608	0.53586
V352	0.04011	0.0279	0.86162	0.07038
V353	0.87998	0.03358	0.02981	0.05664
V354	0.04018	0.71978	0.20613	0.03391
V355	0.26396	0.06909	0.48454	0.18241
V356	0.03301	0.03526	0.11352	0.81822
V357	0.10345	0.33632	0.28364	0.2766
V358	0.5402	0.10379	0.04755	0.30847
V359	0.56769	0.05799	0.03177	0.34255
V360	0.52046	0.45089	0.01696	0.01169
V361	0.00112	0.46109	0.53168	0.00611
V362	0.00467	0.971	0.01736	0.00697
V363	0.15943	0.10745	0.49344	0.23968
V364	0.14281	0.05829	0.70939	0.08951
V365	0.25455	0.0358	0.01845	0.69121
V366	0.06808	0.71576	0.07389	0.14228
V367	0.56332	0.14396	0.00388	0.28885
V368	0.07753	0.76492	0.07303	0.08453
V369	0.01513	0.40889	0.57011	0.00587
V370	0.28334	0.27948	0.41028	0.0269
V371	0.16839	0.74988	0.0241	0.05763
V372	0.15215	0.05544	0.12587	0.66654
V373	0.06945	0.12858	0.49586	0.30612
V374	0.7576	0.03105	0.21055	0.00081
V375	0.03839	0.04667	0.15588	0.75906
V376	0.03212	0.04347	0.11173	0.81268
V377	0.78398	0.01244	0.00987	0.1937
V378	0.00749	0.03396	0.42612	0.53243
V379	0.32341	0.20204	0.01222	0.46233
V380	0.13959	0.07039	0.20847	0.58155
V381	0.73592	0.02099	0.0874	0.15569
V382	0.07415	0.04556	0.87316	0.00713
V383	0.83105	0.01751	0.04459	0.10685
V384	0.55655	0.0752	0.13016	0.2381
V385	0.85627	0.02562	0.06942	0.04868
V386	0.28821	0.02057	0.14988	0.54135
V387	0.58548	0.14798	0.18849	0.07805
V388	0.36347	0.34288	0.14326	0.1504
V389	0.38893	0.54362	0.00954	0.05791
V390	0.27822	0.26186	0.4545	0.00542
V391	0.40599	0.10729	0.0191	0.46763
V392	0.41785	0.22398	0.16484	0.19333
V393	0.26874	0.22814	0.35967	0.14344
V394	0.08435	0.23167	0.11305	0.57093
V395	0.20722	0.40931	0.19924	0.18423
V396	0.01122	0.96114	0.00803	0.01961
V397	0.77725	0.09245	0.09685	0.03344
V398	0.43994	0.13461	0.09443	0.33101
V399	0.17707	0.58419	0.14115	0.09759
V400	0.00251	0.60625	0.05967	0.33157
V401	0.02976	0.14919	0.74978	0.07128
V402	0.7663	0.19804	0.03484	0.00081
V403	0.02551	0.04009	0.0884	0.84601
V404	0.07882	0.18815	0.64234	0.09068
V405	0.20771	0.03608	0.174	0.58221
V406	0.63025	0.26147	0.01492	0.09336
V407	0.00472	0.97733	0.01077	0.00717
V408	0.08087	0.23991	0.41431	0.2649
V409	0.0048	0.05293	0.05245	0.88982
V410	0.07818	0.87694	0.02609	0.0188
V411	0.42852	0.02076	0.00302	0.5477
V412	0.14644	0.06949	0.52477	0.2593
V413	0.0502	0.50464	0.17776	0.26739
V414	0.03064	0.52604	0.32553	0.11779
V415	0.43532	0.03219	0.23772	0.29476
V416	0.01367	0.0966	0.88847	0.00126
V417	0.35068	0.63821	0.00525	0.00586
V418	0.06503	0.10451	0.14913	0.68133
V419	0.02718	0.0209	0.06069	0.89122
V420	0.00315	0.90428	0.01254	0.08004
V421	0.14218	0.04077	0.70885	0.1082
V422	0.04819	0.08491	0.01947	0.84743
V423	0.07171	0.03276	0.87433	0.0212
V424	0.00017	0.05036	0.64305	0.30643
V425	0.04856	0.23245	0.61841	0.10057
V426	0.07867	0.04658	0.81296	0.06179
V427	0.06066	0.40848	0.19206	0.3388
V428	0.07734	0.80014	0.04756	0.07496
V429	0.02454	0.02082	0.06815	0.88649
V430	0.74129	0.17809	0.01487	0.06575
V431	0.16803	0.0272	0.47393	0.33084
V432	0.10006	0.10103	0.0529	0.74601
V433	0.05045	0.75784	0.00149	0.19021
V434	0.32603	0.07877	0.05303	0.54216
V435	0.50077	0.01873	0.12186	0.35864
V436	0.37006	0.02002	0.11694	0.49299
V437	0.21753	0.23968	0.00754	0.53525
V438	0.60465	0.16403	0.03011	0.20121
V439	0.03558	0.12162	0.01805	0.82475
V440	0.47331	0.0432	0.03407	0.44942
V441	0.05818	0.1202	0.629	0.19262
V442	0.30439	0.35623	0.13467	0.20471
V443	0.74296	0.0153	0.08713	0.1546
V444	0.0185	0.06003	0.92006	0.0014
V445	0.60259	0.02681	0.3443	0.02629
V446	0.03147	0.85518	0.04783	0.06553
V447	0.63065	0.09635	0.17682	0.09618
V448	0.01758	0.06996	0.20483	0.70762
V449	0.55587	0.04372	0.30389	0.09652
V450	0.13137	0.85169	0.01597	0.00097
V451	0.91085	0.06937	0	0.01978
V452	0.03687	0.02858	0.08902	0.84553
V453	0.80752	0.08155	0.06158	0.04936
V454	0.00374	0.9389	0.04476	0.0126
V455	0.59397	0.03787	0.30894	0.05923
V456	0.31586	0.11788	0.40332	0.16294
V457	0.00499	0.07223	0.03578	0.88701
V458	0.25158	0.23795	0.007	0.50348
V459	0.01532	0.81997	0.08172	0.08299
V460	0.93473	0.02702	0.02545	0.01281
V461	0.06198	0.0562	0.02116	0.86066
V462	0.3312	0.25699	0.00126	0.41055
V463	0.23702	0.50204	0.1524	0.10854
V464	0.49452	0.10665	0.00505	0.39379
V465	0.38258	0.45094	0.0231	0.14339
V466	0.57258	0.19579	0.00346	0.22817
V467	0.2928	0.60077	0.07266	0.03378
V468	0.47925	0.42453	0.04613	0.05009
V469	0.01483	0.17356	0.2976	0.51401
V470	0.54594	0.12536	0.18121	0.1475
V471	0.25481	0.11088	0.03785	0.59646
V472	0.30512	0.34715	0.00094	0.34679
V473	0.08976	0.56687	0.32446	0.01891
V474	0.11272	0.01469	0.11536	0.75723
V475	0.17121	0.41759	0.07744	0.33376
V476	0.15624	0.02883	0.06337	0.75156
V477	0.59613	0.04157	0.20836	0.15395
V478	0.12009	0.61563	0.00567	0.25861
V479	0.01296	0.08252	0.8246	0.07992
V480	0.07389	0.32426	0.04654	0.55532
V481	0.13309	0.03174	0.8218	0.01336
V482	0.68835	0.17115	0.1069	0.0336
V483	0.11933	0.11534	0.07734	0.68798
V484	0.0253	0.09246	0.0377	0.84453
V485	0.10705	0.76348	0.0108	0.11867
V486	0.25919	0.27265	0.12745	0.34071
V487	0.06955	0.05615	0.09503	0.77927
V488	0.00142	0.02738	0.87512	0.09608
V489	0.19918	0.10453	0.6839	0.0124
V490	0.32728	0.32833	0.06668	0.27771
V491	0.41882	0.49219	0.03052	0.05848
V492	0.02545	0.8491	0.11967	0.00578
V493	0.05297	0.02384	0.01278	0.91041
V494	0.18155	0.15228	0.5445	0.12167
V495	0.20413	0.64884	0.12848	0.01855
V496	0.24842	0.71039	2e-05	0.04116
V497	0.01363	0.03418	0.94314	0.00905
V498	0.30352	0.1082	0.05314	0.53515
V499	0.59163	0.28456	0.11852	0.00528
V500	0.08976	0.12134	0.75291	0.03599
V501	0.00601	0.02643	0.07947	0.88808
V502	0.53378	0.2929	0.14733	0.02599
V503	0.18624	0.09726	0.2067	0.5098
V504	0.20938	0.72277	0.01033	0.05751
V505	0.18676	0.21566	0.26211	0.33547
V506	0.08006	0.25245	0.47032	0.19717
V507	0.61266	0.10416	0.11858	0.1646
V508	0.74103	0.18031	0.0374	0.04126
V509	0.21572	0.06084	0.53078	0.19267
V510	0.2071	0.53903	0.24854	0.00534
V511	0.04257	0.43887	0.04523	0.47333
V512	0.23187	0.05473	0.08366	0.62973
V513	0.06853	0.67234	0.19934	0.0598
V514	0.02177	0.10233	0.01111	0.8648
V515	0.76736	0.06882	0.04471	0.1191
V516	0.88036	0.11292	0	0.00672
V517	0.03498	0.03407	0.26672	0.66423
V518	0.93129	0.06159	0	0.00712
V519	0.02401	0.88112	0.00605	0.08882
V520	0.02257	0.0158	0.63769	0.32394
V521	0.55297	0.04984	0.37076	0.02643
V522	0.00561	0.12008	0.60007	0.27424
V523	0.34511	0.12611	0.26713	0.26164
V524	0.00816	0.79154	0.17432	0.02598
V525	0.24214	0.21586	0.02795	0.51405
V526	0.64244	0.08466	0.07156	0.20134
V527	0.19253	0.02671	0.41579	0.36497
V528	0.08731	0.87065	0.00106	0.04097
V529	0.05396	0.06491	0.23355	0.64758
V530	0.00545	0.19999	0.69544	0.09912
V531	0.02072	0.87253	0.10581	0.00094
V532	0.16043	0.34314	0.02761	0.46882
V533	0.26825	0.36936	0.13548	0.22691
V534	0.00627	0.02393	0.72873	0.24107
V535	0.53866	0.01144	0.01328	0.43661
V536	0.17905	0.01061	0.38767	0.42267
V537	0.56933	0.27249	0.14672	0.01146
V538	0.44698	0.0581	0.08564	0.40928
V539	0.25129	0.45493	0.1538	0.13998
V540	0.18049	0.72172	0.06421	0.03358
V541	0.01594	0.5314	0.06073	0.39194
V542	0.18639	0.12726	0.2625	0.42385
V543	0.874	0.02005	0.00918	0.09677
V544	0.09574	0.09106	0.17814	0.63506
V545	0.35374	0.14687	0.06883	0.43056
V546	0.04333	0.89104	0.05975	0.00587
V547	0.03214	0.66008	0.2959	0.01188
V548	0.13797	0.78136	0.07512	0.00555
V549	0.30793	0.04051	0.63917	0.01239
V550	0.57379	0.0387	0.00065	0.38687
V551	0.15782	0.7613	0.0315	0.04938
V552	0.0031	0.55592	0.00922	0.43177
V553	0.21155	0.15183	0.6172	0.01942
V554	0.05265	0.10322	0.03273	0.81141
V555	0.0817	0.22794	0.34489	0.34547
V556	3e-05	0.04757	0.92221	0.03019
V557	0.81107	0.03795	0.00868	0.1423
V558	0.05816	0.80763	0.02491	0.10931
V559	0.01221	0.81104	0.17584	0.00091
V560	0.64763	0.3462	0	0.00617
V561	0.00068	0.05104	0.93905	0.00923
V562	0.77872	0.01686	0.11334	0.09107
V563	0.22968	0.02515	0.73867	0.0065
V564	0.05198	0.08386	0.85081	0.01335
V565	0.11452	0.26364	0.39003	0.23181
V566	0.6897	0.10486	0.003	0.20244
V567	0.20241	0.47059	0.02521	0.30179
V568	0.23147	0.01891	0.0596	0.69001
V569	0.66845	0.03795	0	0.2936
V570	0.02133	0.29113	0.62572	0.06182
V571	0.80188	0.14138	0	0.05675
V572	0.43004	0.01709	0.45667	0.0962
V573	0.05925	0.1912	0.01311	0.73643
V574	0.03252	0.79988	0.15579	0.01181
V575	0.01897	0.09319	0.13479	0.75304
V576	0.13639	0.81848	0.03329	0.01184
V577	0.03536	0.05037	0.22445	0.68982
V578	0.04764	0.06511	0.70873	0.17853
V579	0.00925	0.88877	0.08308	0.0189
V580	0.1424	0.01902	0.12022	0.71836
V581	0.06736	0.10109	0.00886	0.8227
V582	0.57133	0.15416	0.03055	0.24396
V583	0.00605	0.0478	0.61516	0.331
V584	0.50747	0.16381	0.29429	0.03442
V585	0.00791	0.02152	0.46671	0.50386
V586	0.21858	0.02087	0.67261	0.08794
V587	0.25082	0.02503	0.69665	0.0275
V588	0.61966	0.04974	0.02375	0.30684
V589	0.04892	0.83771	0.05596	0.05742
V590	0.0424	0.77688	0.17509	0.00563
V591	0.00287	0.04968	0.21937	0.72808
V592	0.14788	0.0565	0.79457	0.00104
V593	0.57526	0.00856	0.18653	0.22965
V594	0.32122	0.30017	0.33505	0.04356
V595	0.033	0.05145	0.03689	0.87866
V596	0.03208	0.28753	0.2283	0.45209
V597	0.00132	0.59696	0.32449	0.07723
V598	0.01516	0.12492	0.84642	0.0135
V599	0.60083	0.34306	0.03035	0.02576
V600	0.33655	0.50182	0.04688	0.11475
V601	0.151	0.28679	0.08029	0.48191
V602	0.03568	0.05572	0.02682	0.88178
V603	0.01021	0.39272	0.01767	0.57941
V604	0.50366	0.12427	0.3456	0.02647
V605	0.05957	0.33558	0.40871	0.19614
V606	0.71687	0.16513	0.00829	0.10971
V607	0.64543	0.01919	0.10744	0.22794
V608	0.20875	0.16022	0.40009	0.23094
V609	0.0234	0.2408	0.24082	0.49498
V610	0.76562	0.02856	0.08701	0.11881
V611	0.27606	0.01759	0.05761	0.64874
V612	0.02149	0.09269	0.8238	0.06202
V613	0.03068	0.33826	0.59562	0.03544
V614	0.75836	0.06835	0.04475	0.12855
V615	0.12698	0.07127	0.01471	0.78704
V616	0.0681	0.73227	0.04029	0.15934
V617	0.45251	0.17807	0.36879	0.00063
V618	0.71318	0.0186	0	0.26822
V619	0.37304	0.03362	0.32881	0.26452
V620	0.00856	0.67371	0.31191	0.00582
V621	0.4194	0.15672	0.17606	0.24783
V622	0.34211	0.23325	0.39783	0.0268
V623	0.0187	0.08229	0.15482	0.74419
V624	0.76254	0.21834	0	0.01912
V625	0.24751	0.52235	0.09284	0.1373
V626	0.93849	0.04799	0	0.01352
V627	0.00418	0.04725	0.09581	0.85276
V628	0.00399	0.24933	0.02223	0.72445
V629	0.1153	0.29947	0.28488	0.30035
V630	0.03048	0.33769	0.588	0.04383
V631	0.01739	0.20432	0.10783	0.67047
V632	0.5752	0.00835	0.13736	0.27909
V633	0	0.04353	0.8418	0.11467
V634	0.38032	0.28042	0.33397	0.00529
V635	0.02388	0.77955	0.00637	0.1902
V636	0.11104	0.10219	0.66655	0.12022
V637	0.29502	0.20215	0.0882	0.41463
V638	0.36506	0.26885	0.06674	0.29935
V639	0.25138	0.44866	0.29929	0.00068
V640	0.03046	0.1532	0.77188	0.04446
V641	0.87916	0.04972	0.02235	0.04877
V642	0.74583	0.18934	0	0.06483
V643	0.00598	0.18314	0.46651	0.34438
V644	0.88767	0.096	0.0037	0.01263
V645	0.24447	0.43	0.30673	0.0188
V646	0.01302	0.97031	0.00971	0.00695
V647	0.132	0.08822	0.72663	0.05315
V648	0.38994	0.4554	0.12862	0.02605
V649	0.02194	0.06755	0.85715	0.05336
V650	0.04838	0.09031	0.79928	0.06203
V651	0.29338	0.02361	0.67674	0.00627
V652	0.08037	0.08782	0.45973	0.37208
V653	0.10868	0.69455	0.09204	0.10474
V654	0.68575	0.21077	0.05358	0.04991
V655	0.03264	0.59552	0.02015	0.35168
V656	0.19472	0.28472	0.01344	0.50712
V657	0.02813	0.09909	0.02076	0.85202
V658	0.59365	0.21836	0.0542	0.13379
V659	0.31667	0.08624	0.3811	0.21599
V660	0.02802	0.9503	0.00197	0.01972
V661	0.05183	0.44013	0.05303	0.45501
V662	0.39693	0.02324	0.48273	0.0971
V663	0.22514	0.07247	0.59253	0.10986
V664	0.18791	0.07002	0.69803	0.04404
V665	0.68089	0.19737	0.03702	0.08472
V666	0.57331	0.00876	0.09997	0.31796
V667	0.74549	0.08879	0.16497	0.00075
V668	0.11011	0.8101	0.07895	0.00085
V669	0.21617	0.43312	0.25044	0.10027
V670	0.07087	0.90827	0.00148	0.01938
V671	0.35024	0.29766	0.26156	0.09054
V672	0.01584	0.04275	0.91194	0.02947
V673	0.21948	0.38463	0.23217	0.16372
V674	0.71142	0.15435	0.01477	0.11946
V675	0.12552	0.33688	0.32841	0.20919
V676	0.02744	0.12125	0.11217	0.73915
V677	0.36717	0.4238	0.09195	0.11708
V678	0.47895	0.5043	0.0111	0.00565
V679	0.04088	0.3199	0.62685	0.01237
V680	0.28304	0.56957	0.12883	0.01856
V681	0.88431	0.08025	0.00915	0.02629
V682	0.10052	0.30473	0.55923	0.03553
V683	0.01711	0.95891	0.02284	0.00114
V684	0.69178	0.16934	0.08873	0.05014
V685	0.47761	0.36144	0.11877	0.04218
V686	0.08418	0.18545	0.15585	0.57452
V687	0.03576	0.03912	0.04021	0.88491
V688	0.34704	0.53312	0	0.11984
V689	0.24325	0.0133	0.05145	0.69199
V690	0.45725	0.04672	0.43568	0.06036
V691	0.14577	0.02762	0.81972	0.00689
V692	0.06813	0.13812	0.7315	0.06226
V693	0.22041	0.10617	0.38772	0.2857
V694	0.00872	0.03636	0.31048	0.64444
V695	0.22879	0.01548	0.16289	0.59284
V696	0.07273	0.10171	0.02343	0.80213
V697	0.01948	0.08798	0.02416	0.86838
V698	0.81461	0.01804	0.00931	0.15804
V699	0.55173	0.29896	0.06282	0.08649
V700	0.22307	0.03913	0.01274	0.72506
V701	0.10108	0.55139	0.10489	0.24264
V702	0.53059	0.08649	0.01068	0.37224
V703	0.12317	0.05134	0.5129	0.31259
V704	0.81668	0.05351	0.0219	0.10791
V705	0.94358	0.01915	0.01056	0.02671
V706	0.06797	0.05327	0.79873	0.08003
V707	0.03067	0.44184	0.49241	0.03507
V708	0.03188	0.88497	0.01844	0.06471
V709	0.12311	0.26786	0.53698	0.07205
V710	0.59266	0.21821	0.04592	0.14322
V711	0.07787	0.81458	0.0817	0.02586
V712	0.80951	0.06307	0.00267	0.12475
V713	0.41775	0.31234	0.03138	0.23854
V714	0.0087	0.68947	0.01959	0.28224
V715	0.2864	0.3476	0.3042	0.0618
V716	0.03576	0.05992	0.05726	0.84706
V717	0.07199	0.91349	0.00164	0.01288
V718	0.13263	0.58698	0.17255	0.10784
V719	0.04928	0.73038	0.03292	0.18742
V720	0.69186	0.01178	0.23024	0.06612
V721	0.11313	0.16086	0.49565	0.23037
V722	0.08426	0.35745	0.01519	0.5431
V723	0.1042	0.09976	0.01437	0.78167
V724	0.57111	0.03293	0.08216	0.3138
V725	0	0.10469	0.86625	0.02905
V726	0.03269	0.39372	0.11988	0.45371
V727	0.24315	0.66823	0.08319	0.00543
V728	0.02588	0.8833	0.08494	0.00588
V729	0.395	0.01919	0.16573	0.42009
V730	0.89117	0.04462	0.03816	0.02605
V731	0.02206	0.19379	0.41222	0.37192
V732	0.34091	0.07659	0.36746	0.21503
V733	0.63347	0.19559	0.02956	0.14138
V734	0.22224	0.31819	0.45415	0.00543
V735	0.01425	0.03223	0.50418	0.44934
V736	0.14331	0.02742	0.01736	0.81192
V737	0.3176	0.29803	0.24203	0.14235
V738	0.06922	0.33718	0.46224	0.13136
V739	0.00032	0.02535	0.62339	0.35094
V740	0.82548	0.09895	0.0637	0.01187
V741	0.47654	0.10386	0.12301	0.29659
V742	0.36978	0.61562	0.01373	0.00087
V743	0.12217	0.14428	0.71374	0.01982
V744	0.5112	0.04324	0.33878	0.10678
V745	0.0147	0.71307	0.16842	0.1038
V746	0.9636	0.02863	0	0.00777
V747	0.04845	0.01691	0.73194	0.20271
V748	0.11145	0.09987	0.61678	0.1719
V749	0.26764	0.18166	0.05263	0.49807
V750	0.38857	0.48256	0.0158	0.11307
V751	0.04015	0.87839	0.03264	0.04882
V752	0.45232	0.23413	0.13261	0.18093
V753	0.03583	0.06064	0.01195	0.89158
V754	0.01087	0.93151	0.00169	0.05592
V755	0.13818	0.19342	0.3564	0.31201
V756	0.0301	0.03324	0.06668	0.86999
V757	0.31182	0.60663	0.05565	0.02589
V758	0.0398	0.78422	0.10901	0.06698
V759	0.11393	0.05964	0.42272	0.40371
V760	0.28063	0.05749	0.29137	0.37051
V761	0.05879	0.59614	0.26636	0.07871
V762	0.00334	0.40373	0.01814	0.57479
V763	0.36781	0.37089	0.0238	0.2375
V764	0.00973	0.92744	0.00681	0.05602
V765	0.65326	0.097	0	0.24974
V766	0.01329	0.32085	0.45067	0.21519
V767	0.47589	0.12626	0.2484	0.14944
V768	0.05103	0.91051	0.01951	0.01895
V769	0.12645	0.83548	0.02614	0.01193
V770	0.01302	0.97031	0.00971	0.00695
V771	0.15439	0.0311	0.80133	0.01318
V772	0.12379	0.05781	0.81188	0.00651
V773	0.14615	0.83573	0.0059	0.01223
V774	0.01766	0.02887	0.92351	0.02995
V775	0.10467	0.04438	0.2963	0.55465
V776	0.40714	0.44101	0.04656	0.10529
V777	0.16332	0.11915	0.14373	0.5738
V778	0.5227	0.28839	0.06346	0.12545
V779	0.15709	0.04304	0.52161	0.27826
V780	0.1012	0.77607	0.12191	0.00082
V781	0.04878	0.05228	0.04006	0.85888
V782	0.00564	0.122	0.81047	0.06189
V783	0.78187	0.02879	0.04476	0.14458
V784	0.09946	0.88083	0.01358	0.00613
V785	0.03427	0.93333	0.0132	0.0192
V786	0.70908	0.16976	0.07966	0.0415
V787	0.00335	0.844	0.1466	0.00605
V788	0.49333	0.31599	0.14833	0.04235
V789	0.06334	0.38065	0.02973	0.52628
V790	0.44188	0.03433	0.07693	0.44687
V791	0.12446	0.38647	0.33592	0.15315
V792	0.12135	0.56021	0.00587	0.31257
V793	0.1088	0.67834	0.03232	0.18054
V794	0.03897	0.08137	0.80862	0.07103
V795	0.10228	0.0562	0.06489	0.77664
V796	0.02339	0.09302	0.86261	0.02098
V797	0.74379	0.01682	0.22737	0.01202
V798	0.59674	0.31306	0.07182	0.01837
V799	0.11681	0.79295	0.02435	0.06589
V800	0.05879	0.02953	0.54221	0.36947
V801	0.12714	0.11684	0.34465	0.41136
V802	0.03306	0.08244	0.28752	0.59698
V803	0.20614	0.5356	0.25758	0.00068
V804	0.51137	0.02354	0.39667	0.06841
V805	0.02469	0.04141	0.93228	0.00162
V806	0.04136	0.91307	0.01226	0.0333
V807	0.24308	0.16175	0.03694	0.55823
V808	0.64127	0.28756	0.03777	0.0334
V809	0.04134	0.06676	0.89067	0.00123
V810	0.01535	0.97447	0.00276	0.00741
V811	0.41642	0.07497	0.20792	0.30069
V812	0.53352	0.2758	0.04633	0.14435
V813	0.58184	0.20546	0.18664	0.02606
V814	0.40186	0.55212	0.04057	0.00545
V815	0.0039	0.91979	0.07003	0.00627
V816	0.90741	0.02705	0.06439	0.00115
V817	0.02447	0.08723	0.8745	0.01379
V818	0.00437	0.08296	0.05483	0.85784
V819	0.82142	0.09216	0.04526	0.04116
V820	0.12176	0.11164	0.02748	0.73911
V821	0.20491	0.32503	0.39818	0.07188
V822	0.06182	0.04043	0.87658	0.02117
V823	0.02103	0.1894	0.69957	0.09
V824	0.08296	0.38746	0.52882	0.00076
V825	0.21008	0.29938	0.25893	0.23161
V826	0.40922	0.43183	0.14747	0.01148
V827	0.34803	0.61589	0.01023	0.02584
V828	0.21025	0.17138	0.1103	0.50807
V829	0.03585	0.26046	0.04166	0.66204
V830	0.20776	0.23927	0.02832	0.52465
V831	0.76455	0.09652	0.02906	0.10987
V832	0.2535	0.41909	0.16547	0.16194
V833	0.1341	0.53042	0.17523	0.16024
V834	0.27952	0.07887	0.08129	0.56032
V835	0.33965	0.47112	0.11088	0.07835
V836	0.00904	0.69539	0.0076	0.28796
V837	0.20766	0.39653	0.18909	0.20672
V838	0.90657	0.06145	0.02578	0.00619
V839	0.27686	0.62573	0.09203	0.00538
V840	0.26665	0.72447	0.00793	0.00094
V841	0	0.05689	0.88937	0.05374
V842	0.3454	0.16941	0.26727	0.21793
V843	0.01391	0.03659	0.87898	0.07053
V844	0.10311	0.08796	0.40128	0.40765
V845	0.05836	0.10852	0.77085	0.06227
V846	0	0.02903	0.77211	0.19886
V847	0.00642	0.0256	0.06351	0.90447
V848	0.08015	0.53028	0.16573	0.22384
V849	0.00381	0.95474	0.00777	0.03367
V850	0.9531	0.02186	0.01173	0.01331
V851	0.31042	0.54885	0.14006	0.00067
V852	0.09785	0.05795	0.13928	0.70492
V853	0.23121	0.22943	0.41708	0.12227
V854	0.58799	0.17679	0.09994	0.13528
V855	0.00642	0.0256	0.06351	0.90447
V856	0.03994	0.35956	0.3615	0.23899
V857	0.66356	0.18557	0.02938	0.1215
V858	0.53419	0.02621	0.43378	0.00582
V859	0.64143	0.25035	0.01493	0.09329
V860	0.17509	0.12323	0.0568	0.64487
V861	0.08024	0.36394	0.54374	0.01208
V862	0.12099	0.0897	0.74499	0.04432
V863	0.18967	0.07634	0.00587	0.72813
V864	0.06319	0.05324	0.06118	0.82238
V865	0.10492	0.017	0.28342	0.59466
V866	0.70836	0.02973	0.25002	0.01189
V867	0.70482	0.03995	0.2496	0.00563
V868	0.50077	0.29153	0.12935	0.07834
V869	0.02109	0.96285	0.00925	0.00682
V870	0.09445	0.35689	0.02182	0.52684
V871	0.00381	0.95474	0.00777	0.03367
V872	0.00971	0.03025	0.26933	0.69071
V873	0.87817	0.043	0.04549	0.03334
V874	0.17884	0.79059	0.0297	0.00086
V875	0.01565	0.19817	0.20956	0.57661
V876	0.14657	0.33784	0.42426	0.09133
V877	0.04034	0.40806	0.30249	0.24911
V878	0.1198	0.81685	0.06251	0.00084
V879	0.1706	0.71478	0.03917	0.07545
V880	0.28238	0.57359	0.0041	0.13993
V881	0.13239	0.04578	0.63191	0.18993
V882	0.79268	0.01215	0.12189	0.07328
V883	0.26512	0.21302	0.5211	0.00076
V884	0.02099	0.29959	0.00609	0.67333
V885	0.6799	0.2351	0.08429	0.00071
V886	0.01321	0.3692	0.47844	0.13914
V887	0.63238	0.0672	0.15679	0.14364
V888	0.08854	0.0518	0.77025	0.08942
V889	0.89959	0.06459	0.01656	0.01925
V890	0.02948	0.14207	0.64767	0.18079
V891	0.61478	0.05566	0.28731	0.04224
V892	0.2647	0.19413	0.01342	0.52774
V893	0.56847	0.22389	0.14776	0.05988
V894	0.0592	0.31593	0.58937	0.0355
V895	0.58827	0.06749	0.1992	0.14504
V896	0.03487	0.93872	0.00708	0.01933
V897	0.66657	0.27326	0.00277	0.0574
V898	0.45027	0.01246	0.00894	0.52833
V899	0.02509	0.19974	0.14692	0.62825
V900	0.07024	0.29955	0.37713	0.25308
V901	0.03197	0.84677	0.00577	0.11549
V902	0.04378	0.9061	0.04411	0.00602
V903	0.0063	0.42749	0.52288	0.04334
V904	0.02312	0.96704	0.00257	0.00727
V905	0.13943	0.01232	0.18903	0.65922
V906	0.39099	0.09492	0.10601	0.40808
V907	0.40071	0.53349	0.01608	0.04972
V908	0.01338	0.06858	0.08528	0.83276
V909	0.116	0.81848	0.00079	0.06473
V910	0.15271	0.01307	0.12996	0.70427
V911	0.49132	0.41163	0.03001	0.06704
V912	0.37457	0.34223	0.12287	0.16033
V913	0.11713	0.01894	0.02104	0.84288
V914	0.16527	0.51316	0.28692	0.03465
V915	0.21551	0.01652	0.01544	0.75253
V916	0.23225	0.06044	0.66339	0.04391
V917	0.70793	0.03601	0.1626	0.09346
V918	0.03975	0.65183	0.22142	0.087
V919	0.18626	0.23926	0.30752	0.26695
V920	0.60443	0.20952	0.08994	0.0961
V921	0.0292	0.18003	0.03774	0.75303
V922	0.08957	0.4795	0.38752	0.04342
V923	0.07594	0.03607	0.05424	0.83375
V924	0.03152	0.6857	0.25648	0.02631
V925	0.16929	0.04887	0.02122	0.76063
V926	0.18916	0.03708	0.03614	0.73761
V927	0.02493	0.06078	0.0675	0.84679
V928	0.04099	0.8968	0.00598	0.05623
V929	0.04939	0.66465	0.12172	0.16425
V930	0.48538	0.38981	0.03006	0.09476
V931	0.12321	0.27943	0.52534	0.07202
V932	0.02941	0.1102	0.6372	0.22319
V933	0.55974	0.4183	0.0101	0.01186
V934	0.0076	0.15362	0.28691	0.55187
V935	0.55042	0.17022	0.21006	0.06931
V936	0.50653	0.28574	0.01565	0.19208
V937	0.53348	0.13401	0.08274	0.24977
V938	0.36367	0.04925	0.31992	0.26716
V939	0.74669	0.02789	0.06988	0.15553
V940	0.02325	0.80685	0.13628	0.03361
V941	0.00127	0.03895	0.94974	0.01005
V942	0.71381	0.20481	0.06297	0.01841
V943	0.38052	0.1328	0.43407	0.05261
V944	0.01749	0.28147	0.06748	0.63356
V945	0.53357	0.37363	0.00872	0.08409
V946	0.4376	0.27398	0.25392	0.0345
V947	0.07391	0.05504	0.2432	0.62785
V948	0.32012	0.03845	0.62189	0.01953
V949	0.00223	0.11822	0.21377	0.66579
V950	0.0499	0.55282	0.20706	0.19022
V951	0.80776	0.03269	0.15375	0.0058
V952	0.06197	0.12995	0.27681	0.53127
V953	0.01483	0.06543	0.89058	0.02916
V954	0.03419	0.18861	0.14691	0.63029
V955	0.10967	0.62244	0.02521	0.24268
V956	0.03077	0.03072	0.5401	0.39841
V957	0.31993	0.02986	0.00445	0.64576
V958	0.05297	0.02384	0.01278	0.91041
V959	0.2166	0.26643	0.44497	0.072
V960	0.22086	0.28499	0.07903	0.41512
V961	0.12378	0.39853	0.35672	0.12096
V962	0.34852	0.17415	0.40596	0.07137
V963	0.58465	0.17938	0.15807	0.0779
V964	0.82913	0.04123	0.09627	0.03336
V965	0.04998	0.51708	0.18764	0.2453
V966	0.94493	0.03734	0.00447	0.01327
V967	0.04859	0.04482	0.5563	0.35029
V968	0	0.15371	0.78471	0.06158
V969	0.01009	0.30472	0.04202	0.64317
V970	0.03067	0.11816	0.44717	0.40401
V971	0.49023	0.08902	0.34152	0.07923
V972	0.49463	0.20838	0.04743	0.24955
V973	0.25185	0.43961	0.07559	0.23295
V974	0.00798	0.79934	0.11792	0.07476
V975	0.09159	0.29914	0.60358	0.0057
V976	0.42714	0.25723	0.11337	0.20226
V977	0.29948	0.37172	0.32351	0.00529
V978	0.05847	0.10315	0.07317	0.76521
V979	0.78017	0.03221	0.18189	0.00573
V980	0.9636	0.02863	0	0.00777
V981	0.32175	0.03491	0.45356	0.18978
V982	0.42113	0.41923	0.07261	0.08703
V983	0.68771	0.06906	0.00337	0.23986
V984	0.01572	0.85122	0.09963	0.03342
V985	0.06863	0.21016	0.01205	0.70916
V986	0.29977	0.54825	0.04692	0.10507
V987	0.21528	0.7653	0.00046	0.01896
V988	0.20189	0.03072	0.0211	0.74629
V989	0.41511	0.49382	0.07264	0.01843
V990	0	0.05629	0.80953	0.13419
V991	0.60247	0.38532	0	0.01221
V992	0.18814	0.01627	0.54501	0.25057
V993	0.05861	0.74222	0.15721	0.04197
V994	0.16643	0.79596	0.02576	0.01185
V995	0.72731	0.11443	0.02918	0.12908
V996	0.25341	0.13303	0.01494	0.59862
V997	0.01375	0.02748	0.84395	0.11482
V998	0.86435	0.0258	0.06118	0.04867
V999	0.11037	0.88144	0.00165	0.00654
V1000	0.29796	0.03797	0.00468	0.65939
