B_cells	NK_cells	T_cells_CD4.	Monocytes
V1	0.57409	0	0.17168	0.25423
V2	0.20069	0.0886	0.06412	0.64659
V3	0.08507	0.60741	0.03165	0.27587
V4	0.85832	0.09869	0	0.04299
V5	0.12836	0.46298	0.26902	0.13964
V6	0.10871	0.80935	0.05452	0.02743
V7	0.17588	0.35694	0.09963	0.36755
V8	0.14352	0.02088	0.79525	0.04035
V9	0.27717	0.23627	0.0432	0.44335
V10	0.02525	0.02661	0.88562	0.06251
V11	0.22354	0.35071	0.42575	0
V12	0.04447	0.56624	0.38136	0.00793
V13	0.29494	0.65735	0.02603	0.02168
V14	0.10274	0.84879	0.03746	0.01101
V15	0.1448	0.57077	0.14575	0.13868
V16	0.87903	0.03436	0.02532	0.06129
V17	0.11907	0.81041	0.04333	0.0272
V18	0.57972	0.32437	0.05521	0.0407
V19	0.19091	0.76123	0.03155	0.01631
V20	0.19858	0.45273	0.03176	0.31693
V21	0.1435	0.07883	0.7417	0.03597
V22	0.0441	0.10204	0.22542	0.62844
V23	0.39341	0.05274	0.54646	0.00738
V24	0.93216	0.02857	0.03927	0
V25	0.36629	0.23356	0.1378	0.26235
V26	0.41783	0.37054	0.02525	0.18638
V27	0.16159	0.06183	0.03105	0.74552
V28	0	0.08533	0.91467	0
V29	0.45072	0.03482	0.48105	0.03342
V30	0.12275	0.22669	0.2884	0.36217
V31	0.22479	0.19948	0.30128	0.27445
V32	0.14604	0.02424	0.05799	0.77172
V33	0.061	0.48831	0.36665	0.08403
V34	0.14312	0.05803	0.76102	0.03783
V35	0.19027	0.67268	0.11143	0.02562
V36	0.01697	0.05375	0.49561	0.43367
V37	0.56545	0.06082	0.10191	0.27183
V38	0.46325	0	0.17116	0.36559
V39	0.18957	0.53748	0.15226	0.12069
V40	0.12532	0.76703	0.10765	0
V41	0.02447	0.66193	0.07613	0.23747
V42	0.26581	0.02191	0.22395	0.48833
V43	0.14786	0.34202	0.4907	0.01942
V44	0.0169	0.10002	0.72986	0.15322
V45	0.12058	0.56243	0.24067	0.07632
V46	0.79724	0.06722	0.12474	0.01079
V47	0.45766	0.18931	0.30971	0.04331
V48	0.80332	0.15378	0.00582	0.03707
V49	0.739	0.16977	0	0.09124
V50	0.0987	0.78187	0.11943	0
V51	0.32865	0.38691	0.26571	0.01874
V52	0.03137	0.13666	0.79095	0.04103
V53	0.73453	0.1137	0.15176	0
V54	0.4348	0.19355	0.35795	0.0137
V55	0.24356	0.13274	0.25176	0.37193
V56	0.10581	0.00851	0.11654	0.76914
V57	0.13021	0.79965	0.05449	0.01565
V58	0.67012	0	0.03529	0.29459
V59	0.44737	0.38677	0.12234	0.04352
V60	0.1566	0.16382	0.33615	0.34343
V61	0.80217	0.09178	0.00917	0.09687
V62	0.86246	0.02979	0.07268	0.03507
V63	0.04186	0.77828	0.15619	0.02367
V64	0.03817	0.82999	0.01462	0.11721
V65	0.06414	0	0.13204	0.80383
V66	0.24472	0.65123	0.04233	0.06172
V67	0.17078	0.33158	0.49762	2e-05
V68	0.20999	0.14907	0.02839	0.61254
V69	0.03426	0.32242	0.60055	0.04277
V70	0.54795	0.14693	0.1856	0.11951
V71	0.19154	0.07852	0.38525	0.34469
V72	0.58439	0.15034	0.10137	0.1639
V73	0.17727	0.5822	0.16379	0.07674
V74	0.06471	0.23566	0.69963	0
V75	0.71328	0	0.18783	0.09889
V76	0.00603	0.18922	0.20907	0.59568
V77	0.0762	0.30001	0.01291	0.61088
V78	0.3376	0.11517	0.1968	0.35043
V79	0.00521	0.1262	0.78131	0.08728
V80	0.36883	0.02624	0.52243	0.08249
V81	0.06964	0.18354	0.74682	0
V82	0	0.10183	0.87453	0.02364
V83	0.17907	0.18107	0.08958	0.55028
V84	0.42988	0.03682	0.17436	0.35894
V85	0.12471	0.32115	0.40374	0.1504
V86	0.05445	0.07682	0.81706	0.05167
V87	0.06237	0.78102	0.09184	0.06478
V88	0.20193	0.06118	0.28541	0.45147
V89	0.0592	0.01594	0.22736	0.69751
V90	0.05869	0.82687	0.09532	0.01912
V91	0.05851	0.69779	0.21691	0.02678
V92	0.47367	0.02211	0.37581	0.12841
V93	0.88281	0.00208	0	0.11511
V94	0.04218	0.45418	0.03971	0.46393
V95	0.27814	0.41727	0.17342	0.13117
V96	0.13217	0.10842	0.03903	0.72039
V97	0.6875	0.10095	0.20613	0.00542
V98	0.70181	0.27428	0	0.02391
V99	0.79573	0.04214	0.14865	0.01348
V100	0.08831	0.05275	0.8234	0.03554
V101	0.09285	0.07794	0	0.8292
V102	0.90205	0.0474	0.00634	0.04421
V103	0.05171	0.05552	0.11906	0.77371
V104	0.06736	0.87389	0.04134	0.0174
V105	0.09316	0.8484	0.04889	0.00955
V106	0.14023	0.49867	0.33239	0.02871
V107	0.2019	0.21387	0.54274	0.04149
V108	0.17589	0.70288	0.12123	0
V109	0.01785	0.1825	0.5915	0.20816
V110	0.08785	0.80972	0.07492	0.02751
V111	0.89963	0	0.0719	0.02848
V112	0.15436	0.07273	0.43751	0.3354
V113	0.22836	0.10903	0.19469	0.46791
V114	0.29654	0.03779	0.09926	0.5664
V115	0.02791	0.71343	0.25369	0.00497
V116	0.15972	0.31714	0.37233	0.15081
V117	0.67804	0.23536	0.04145	0.04515
V118	0.19396	0.5573	0.05541	0.19333
V119	0.17056	0.08108	0.06793	0.68043
V120	0.09012	0.09709	0.79392	0.01887
V121	0.60637	0.12037	0.10027	0.17299
V122	0.91482	0.00282	0.02563	0.05673
V123	0.02523	0.51823	0.07113	0.38541
V124	0.67043	0.26843	0	0.06114
V125	0.40402	0.39557	0.18794	0.01247
V126	0.08451	0.15657	0.07044	0.68848
V127	0.20365	0.04924	0.27584	0.47127
V128	0.08756	0.01313	0.13842	0.76088
V129	0.58178	0.22208	0.16847	0.02767
V130	0.02472	0.62608	0.34454	0.00466
V131	0.05788	0.84796	0.02197	0.07219
V132	0.90196	0	0.03869	0.05935
V133	0.88758	0.01094	0.0597	0.04179
V134	0.13731	0.393	0.15034	0.31934
V135	0.12714	0.01836	0.20458	0.64992
V136	0.28017	0.39433	0.01825	0.30725
V137	0.65252	0.03237	0.24314	0.07196
V138	0.23399	0.39454	0.19424	0.17724
V139	0.37327	0.20575	0.20445	0.21652
V140	0.08023	0.10114	0.07602	0.74261
V141	0.07743	0.17672	0.53767	0.20819
V142	0.8007	0	0.1993	0
V143	0.45261	0.25418	0.07784	0.21537
V144	0.20355	0.16299	0.18548	0.44798
V145	0.00452	0.72942	0.25719	0.00887
V146	0.13075	0.00907	0.06977	0.79041
V147	0.88583	0.01745	0.02597	0.07075
V148	0.14701	0.09214	0.57057	0.19029
V149	0.28136	0.48771	0.23093	0
V150	0.10083	0.25844	0.57025	0.07047
V151	0.23564	0.5949	0.05725	0.1122
V152	0.25254	0.42911	0.23308	0.08526
V153	0.13942	0.71243	0.0455	0.10264
V154	0.26241	0.44013	0.2794	0.01806
V155	0.48146	0.1465	0.28055	0.09149
V156	0.03985	0.16719	0.67507	0.11789
V157	0.32463	0.16406	0.31224	0.19907
V158	0.09215	0	0.08071	0.82714
V159	0.87097	0.05596	0	0.07307
V160	0.71292	0	0.06273	0.22435
V161	0.27224	0	0.04784	0.67992
V162	0.09943	0.31042	0.10414	0.48601
V163	0.12063	0.48311	0.19246	0.2038
V164	0.36314	0.30264	0.11924	0.21498
V165	0.04532	0.2844	0	0.67029
V166	0.04667	0.113	0.09585	0.74448
V167	0.40913	0	0	0.59087
V168	0.30814	0.53769	0.10278	0.0514
V169	0.24634	0.05435	0.05428	0.64503
V170	0.12864	0.03607	0.52954	0.30574
V171	0.14681	0.25697	0.56454	0.03168
V172	0.71698	0	0.26138	0.02164
V173	0.07326	0.15759	0.06265	0.7065
V174	0.05087	0.17933	0.10015	0.66965
V175	0.07733	0.03195	0.77196	0.11876
V176	0.03113	0.763	0.20088	0.005
V177	0.0464	0.89526	0.025	0.03335
V178	0.03317	0.74568	0.0335	0.18765
V179	0.19488	0.0146	0.39533	0.39519
V180	0.05757	0.82992	0.11251	0
V181	0.18047	0.15043	0.52532	0.14378
V182	0.31398	0.19287	0.44207	0.05108
V183	0.2106	0.74837	0.03242	0.00861
V184	0.96669	0	0.03331	0
V185	0.58122	0.38019	0.02534	0.01325
V186	0.14029	0.47041	0.27706	0.11224
V187	0.91658	0.00393	0.04222	0.03727
V188	0.10404	0.24839	0	0.64757
V189	0.82044	0.00971	0.01849	0.15137
V190	0.659	0.0135	0.30735	0.02015
V191	0.2023	0.22397	0.54238	0.03134
V192	0.32631	0.44824	0.06708	0.15838
V193	0.61029	0.02954	0.2376	0.12258
V194	0.07141	0.85798	0.03648	0.03412
V195	0.02578	0.06812	0.87291	0.03318
V196	0.06263	0.09927	0.02877	0.80933
V197	0.4616	0.04129	0.02957	0.46755
V198	0.08518	0.49401	0.37303	0.04778
V199	0.21328	0.02281	0.19953	0.56439
V200	0.16196	0.55215	0.03709	0.2488
V201	0.11978	0.53769	0.21228	0.13025
V202	0.02272	0.05059	0.76597	0.16072
V203	0.18465	0.42184	0.38591	0.00759
V204	0.03367	0.54111	0.02424	0.40098
V205	0.02842	0.09453	0.84436	0.03269
V206	0.0607	0.13172	0.80656	0.00102
V207	0.17967	0.20157	0.06889	0.54987
V208	0.26394	0.08849	0.63636	0.0112
V209	0.32495	0.44847	0.08625	0.14033
V210	0.11506	0.71561	0.1233	0.04603
V211	0.47284	0.00018	0.04154	0.48545
V212	0.51282	0.04946	0.41085	0.02686
V213	0.65229	0.02082	0.11734	0.20954
V214	0.35746	0.16468	0.17653	0.30133
V215	0.34203	0.10073	0.02171	0.53553
V216	0.11794	0	0.066	0.81606
V217	0.0618	0.48938	0.25446	0.19436
V218	0.12095	0.44576	0.19132	0.24197
V219	0.13979	0.61907	0.03103	0.21011
V220	0.03486	0.79447	0.03678	0.13389
V221	0.82031	0	0	0.17969
V222	0.33217	0.14586	0.35913	0.16284
V223	0.00611	0.17281	0.74381	0.07726
V224	0.95801	0	0.04199	0
V225	0.09143	0.8141	0.09448	0
V226	0.32036	0.10339	0.56773	0.00852
V227	0.78375	0	0.18731	0.02894
V228	0.76736	0.05877	0.07085	0.10302
V229	0.02945	0.06042	0.8647	0.04542
V230	0.07673	0.04866	0.05967	0.81494
V231	0.03793	0.29757	0.13543	0.52906
V232	0.07595	0.65279	0.00526	0.266
V233	0.57104	0.08841	0.20239	0.13815
V234	0.0704	0.83887	0.06844	0.0223
V235	0.38682	0.07683	0.50632	0.03003
V236	0.05407	0.10249	0.7653	0.07815
V237	0.2214	0	0.0567	0.7219
V238	0.15258	0.53196	0.27684	0.03862
V239	0.10113	0.41011	0.03477	0.454
V240	0.49635	0.04769	0.40609	0.04988
V241	0.0244	0.03561	0.86572	0.07428
V242	0.16012	0.71102	0.1232	0.00566
V243	0.25486	0.06282	0.60786	0.07446
V244	0.22289	0.01395	0.67847	0.08469
V245	0.60208	0.278	0.06102	0.0589
V246	0.06743	0.18098	0.72955	0.02204
V247	0.17366	0.05393	0.77241	0
V248	0.08333	0.04697	0.0798	0.7899
V249	0	0.08285	0.84515	0.072
V250	0.76388	0	0.21341	0.02271
V251	0.91583	0.04219	0.00941	0.03257
V252	0.03133	0.7866	0.18208	0
V253	0.39622	0.06931	0.17543	0.35904
V254	0.04172	0.8569	0.09007	0.01131
V255	0.08047	0.85689	0.01677	0.04587
V256	0.19099	0.23048	0.49942	0.07911
V257	0.44007	0.10423	0.2376	0.2181
V258	0.19294	0.27627	0.41626	0.11453
V259	0.04675	0.3122	0.60713	0.03393
V260	0	0.30773	0.68657	0.0057
V261	0.6237	0.02558	0.20168	0.14904
V262	0.16021	0.07115	0.02979	0.73885
V263	0.05449	0.88733	0.02135	0.03683
V264	0.18886	0.04919	0.43583	0.32612
V265	0.08413	0	0.16563	0.75025
V266	0.66375	0.32143	0.01483	0
V267	0	0.20303	0.30956	0.48741
V268	0.42245	0.01244	0.15846	0.40665
V269	0.01702	0.54683	0.39623	0.03993
V270	0.64549	0.02142	0.24425	0.08884
V271	0.79504	0.05728	0.03591	0.11177
V272	0.08582	0.77889	0.04029	0.095
V273	0.12498	0.02703	0.0713	0.7767
V274	0.70636	0	0.17858	0.11506
V275	0	0.07329	0.88754	0.03916
V276	0.52037	0.32195	0.01423	0.14345
V277	0.06165	0.22464	0.18433	0.52939
V278	0.06564	0.07131	0.31288	0.55016
V279	0.69122	0.05058	0.11664	0.14156
V280	0.09215	0	0.08071	0.82714
V281	0.56481	0.0219	0.14929	0.264
V282	0.06599	0.10273	0.76835	0.06293
V283	0.23545	0.55041	0.08377	0.13038
V284	0.06205	0.83685	0.09672	0.00438
V285	0.08112	0.04078	0.8781	0
V286	0.26608	0.51777	0.1303	0.08585
V287	0.12941	0.80114	0.0431	0.02635
V288	0.02222	0.2995	0.43381	0.24446
V289	0.29286	0.23107	0.40707	0.06901
V290	0.83578	0.14397	0.02025	0
V291	0.49314	0.07953	0.41322	0.01411
V292	0.91496	0	0	0.08504
V293	0.30801	0.03406	0.61727	0.04066
V294	0.12696	0.37916	0	0.49388
V295	0.03816	0.19602	0.21524	0.55058
V296	0.19006	0.14404	0.58396	0.08194
V297	0.13983	0	0.10179	0.75838
V298	0.31061	0.12259	0.5606	0.0062
V299	0.10951	0.28742	0.02194	0.58113
V300	0.01193	0.04382	0.26025	0.684
V301	0.13415	0.13842	0.61895	0.10848
V302	0.66294	0.31389	0	0.02317
V303	0.00202	0.58474	0.38864	0.0246
V304	0.06625	0.0546	0.72599	0.15316
V305	0.13691	0.18086	0.45523	0.227
V306	0.7946	0.08508	0.0557	0.06463
V307	0.05362	0.86468	0.05226	0.02944
V308	0.24518	0.23867	0.29945	0.21671
V309	0.36011	0.31034	0.03135	0.29819
V310	0.10374	0.32514	0.17218	0.39893
V311	0.52992	0.43722	0.01904	0.01382
V312	0.12649	0.68936	0.16908	0.01507
V313	0.02052	0.13268	0.04143	0.80537
V314	0.03278	0.48279	0.13638	0.34806
V315	0.14939	0.5997	0.05885	0.19206
V316	0.32023	0.14728	0.37922	0.15328
V317	0.11556	0.66546	0.07297	0.14602
V318	0.06423	0.5517	0.03073	0.35334
V319	0.06608	0.09627	0.79594	0.04171
V320	0.08851	0.17111	0.62349	0.11689
V321	0.65404	0.33093	0.01504	0
V322	0.22387	0.32277	0.08609	0.36726
V323	0.11224	0.0227	0.11828	0.74678
V324	0.65771	0.23851	0.07875	0.02504
V325	0.32659	0.59477	0.07864	0
V326	0.00115	0.56636	0.12217	0.31032
V327	0.04991	0.16082	0.12802	0.66125
V328	0.05529	0.0554	0.72726	0.16205
V329	0.2066	0.12	0.18622	0.48718
V330	0.40763	0.00932	0.33545	0.2476
V331	0.38256	0.08599	0.05221	0.47924
V332	0.03829	0.0617	0.20775	0.69227
V333	0.42858	0.08292	0.37929	0.10921
V334	0.37393	0.01148	0.3573	0.25729
V335	0.03368	0.34912	0.50348	0.11372
V336	0.20256	0.65966	0.04239	0.09539
V337	0.29548	0.39062	0.2958	0.0181
V338	0.01396	0.90202	0.05132	0.0327
V339	0.13298	0.02303	0.82976	0.01423
V340	0.06512	0.24822	0.51647	0.17019
V341	0.0787	0.04426	0.095	0.78204
V342	0.25843	0.01364	0.59954	0.1284
V343	0.9215	0.02227	0.01185	0.04437
V344	0.67581	0.14379	0.1804	0
V345	0.03421	0.07614	0.88965	0
V346	0.25225	0.12416	0.2904	0.3332
V347	0.09586	0.01015	0.15532	0.73867
V348	0.07674	0.62395	0.16953	0.12978
V349	0.35031	0.17624	0.37504	0.09841
V350	0.04992	0.75172	0.19836	0
V351	0.03719	0.04756	0.41318	0.50208
V352	0.05462	0.05045	0.81524	0.07969
V353	0.85841	0.0135	0.04023	0.08786
V354	0.06806	0.65407	0.24431	0.03357
V355	0.28558	0.09045	0.45127	0.17271
V356	0.08761	0.02565	0.12822	0.75851
V357	0.12879	0.33803	0.2888	0.24438
V358	0.55679	0.09957	0.0546	0.28904
V359	0.59251	0.04765	0.03448	0.32535
V360	0.55359	0.39382	0.03399	0.01861
V361	0	0.45296	0.54071	0.00633
V362	0.00871	0.89984	0.06167	0.02978
V363	0.18313	0.13698	0.46147	0.21843
V364	0.16692	0.08868	0.65264	0.09176
V365	0.31599	0.01798	0.02036	0.64567
V366	0.10261	0.64768	0.11199	0.13772
V367	0.58775	0.13405	0	0.2782
V368	0.11471	0.68634	0.11248	0.08647
V369	0.02932	0.4045	0.56546	0.00072
V370	0.30459	0.27963	0.39685	0.01893
V371	0.21197	0.67253	0.05351	0.062
V372	0.2061	0.05595	0.1404	0.59755
V373	0.09304	0.16257	0.46967	0.27473
V374	0.78152	0.01159	0.20689	0
V375	0.08625	0.04599	0.16783	0.69993
V376	0.08522	0.03908	0.12517	0.75052
V377	0.79867	0	0	0.20133
V378	0.02244	0.04924	0.42491	0.50341
V379	0.36874	0.19852	0.0107	0.42205
V380	0.18494	0.08054	0.21706	0.51746
V381	0.73472	0	0.09837	0.16691
V382	0.09125	0.0694	0.82809	0.01126
V383	0.82334	0	0.04935	0.1273
V384	0.5604	0.0738	0.13882	0.22699
V385	0.83576	0.00428	0.08163	0.07833
V386	0.33638	0.00461	0.16498	0.49403
V387	0.57505	0.14705	0.19309	0.08482
V388	0.37894	0.32164	0.15713	0.14229
V389	0.42732	0.48565	0.0249	0.06213
V390	0.29977	0.26104	0.43918	0
V391	0.44877	0.10393	0.01733	0.42997
V392	0.42576	0.22119	0.17305	0.18
V393	0.28574	0.23771	0.34331	0.13324
V394	0.12485	0.23714	0.13236	0.50565
V395	0.23378	0.38471	0.21385	0.16767
V396	0.04177	0.87754	0.04249	0.03821
V397	0.76018	0.07944	0.10799	0.05239
V398	0.45942	0.13635	0.10462	0.29961
V399	0.20985	0.5251	0.17076	0.09429
V400	0.00619	0.58299	0.09277	0.31805
V401	0.03978	0.18815	0.69623	0.07583
V402	0.79982	0.15672	0.04347	0
V403	0.07901	0.03043	0.1063	0.78427
V404	0.0996	0.21999	0.59103	0.08938
V405	0.25727	0.03114	0.18665	0.52494
V406	0.63772	0.23841	0.02004	0.10383
V407	0.01396	0.90202	0.05132	0.0327
V408	0.1029	0.26162	0.3997	0.23578
V409	0.03325	0.04064	0.07577	0.85034
V410	0.11832	0.79268	0.06343	0.02558
V411	0.47865	0	0	0.52135
V412	0.17239	0.09632	0.49344	0.23785
V413	0.07559	0.47964	0.20349	0.24128
V414	0.04936	0.49927	0.33967	0.1117
V415	0.45657	0.0308	0.23829	0.27434
V416	0.02004	0.11752	0.86244	0
V417	0.39635	0.56779	0.02452	0.01134
V418	0.11045	0.11565	0.16285	0.61105
V419	0.08458	0	0.08835	0.82706
V420	0.00385	0.85229	0.05273	0.09113
V421	0.16725	0.06655	0.65641	0.10979
V422	0.11286	0.08521	0.02141	0.78052
V423	0.08831	0.05275	0.8234	0.03554
V424	0	0.08234	0.6244	0.29327
V425	0.06493	0.26097	0.57615	0.09795
V426	0.09968	0.07889	0.75161	0.06982
V427	0.08739	0.39947	0.21268	0.30046
V428	0.11607	0.71958	0.08567	0.07869
V429	0.07946	0	0.09562	0.82492
V430	0.73891	0.15842	0.0183	0.08437
V431	0.19913	0.03937	0.45468	0.30682
V432	0.15799	0.10165	0.06772	0.67265
V433	0.0857	0.71111	0.01338	0.18982
V434	0.37148	0.0768	0.06272	0.489
V435	0.52915	0	0.13222	0.33863
V436	0.41386	0.00057	0.13218	0.4534
V437	0.2701	0.23516	0.00403	0.49072
V438	0.61069	0.1566	0.0341	0.19861
V439	0.08973	0.11911	0.02044	0.77073
V440	0.51368	0.02955	0.03753	0.41925
V441	0.07734	0.15853	0.58405	0.18007
V442	0.32708	0.3367	0.14939	0.18684
V443	0.74273	0	0.09159	0.16568
V444	0.03421	0.07614	0.88965	0
V445	0.60771	0.02184	0.3338	0.03665
V446	0.0622	0.77409	0.09125	0.07246
V447	0.61715	0.09528	0.18278	0.10478
V448	0.04868	0.08091	0.21537	0.65503
V449	0.55613	0.04602	0.29513	0.10272
V450	0.16966	0.78634	0.044	0
V451	0.90058	0.04405	0	0.05536
V452	0.09537	0.01188	0.1102	0.78254
V453	0.78735	0.06776	0.07242	0.07247
V454	0.01139	0.86736	0.0931	0.02816
V455	0.59273	0.03737	0.30064	0.06926
V456	0.33146	0.13679	0.37823	0.15352
V457	0.02869	0.06655	0.05055	0.85421
V458	0.30241	0.23312	0.00345	0.46102
V459	0.03613	0.74853	0.1278	0.08753
V460	0.90743	0	0.04136	0.05121
V461	0.13167	0.0544	0.02536	0.78857
V462	0.37557	0.24255	0	0.38187
V463	0.26529	0.45536	0.17583	0.10351
V464	0.53211	0.09654	0	0.37134
V465	0.41357	0.40864	0.03652	0.14128
V466	0.5927	0.1832	0	0.22411
V467	0.32864	0.53451	0.10268	0.03417
V468	0.50038	0.379	0.06555	0.05506
V469	0.03224	0.1999	0.30538	0.46248
V470	0.54045	0.12718	0.18606	0.14631
V471	0.30704	0.11158	0.04439	0.537
V472	0.34995	0.32509	0	0.32497
V473	0.12058	0.52677	0.34281	0.00985
V474	0.17216	0	0.1257	0.70214
V475	0.20791	0.39504	0.09785	0.2992
V476	0.21689	0.00858	0.08485	0.68969
V477	0.59411	0.03784	0.21094	0.15712
V478	0.16261	0.56989	0.01906	0.24844
V479	0.01587	0.12484	0.77211	0.08718
V480	0.11405	0.31805	0.06366	0.50425
V481	0.154	0.0503	0.77484	0.02086
V482	0.67844	0.15742	0.11988	0.04425
V483	0.17311	0.11956	0.09268	0.61464
V484	0.07702	0.0893	0.05199	0.78169
V485	0.1507	0.69517	0.03449	0.11963
V486	0.28823	0.26883	0.1425	0.30044
V487	0.12804	0.05307	0.11112	0.70776
V488	0	0.03676	0.86172	0.10151
V489	0.22268	0.13123	0.64023	0.00586
V490	0.35564	0.31187	0.081	0.25149
V491	0.44885	0.43959	0.04944	0.06212
V492	0.05597	0.77892	0.165	0.00011
V493	0.12779	0	0	0.87221
V494	0.2021	0.17923	0.50244	0.11623
V495	0.24257	0.58282	0.16278	0.01183
V496	0.29889	0.64717	0.00872	0.04522
V497	0.02744	0.03039	0.90459	0.03758
V498	0.34803	0.10889	0.0629	0.48018
V499	0.60873	0.25435	0.13363	0.00329
V500	0.11185	0.1554	0.69264	0.0401
V501	0.03069	0	0.10909	0.86022
V502	0.54114	0.27069	0.16243	0.02574
V503	0.22654	0.11014	0.21438	0.44895
V504	0.2554	0.64965	0.03301	0.06194
V505	0.21507	0.22961	0.26266	0.29266
V506	0.10061	0.27406	0.44596	0.17937
V507	0.6051	0.10207	0.1284	0.16444
V508	0.73505	0.15897	0.04741	0.05857
V509	0.23905	0.08397	0.4952	0.18177
V510	0.23749	0.49216	0.27035	0
V511	0.07527	0.42333	0.06657	0.43483
V512	0.28453	0.04992	0.09903	0.56652
V513	0.0993	0.60852	0.23361	0.05857
V514	0.06918	0.10476	0.00112	0.82494
V515	0.75545	0.05786	0.05259	0.13409
V516	0.89669	0.07748	0	0.02583
V517	0.07382	0.03749	0.2728	0.61589
V518	0.9262	0.03645	0	0.03735
V519	0.05576	0.81496	0.03499	0.09429
V520	0.03818	0.01343	0.63277	0.31562
V521	0.55637	0.05423	0.35482	0.03458
V522	0.0069	0.16077	0.57589	0.25643
V523	0.36253	0.1393	0.26159	0.23658
V524	0.02514	0.72703	0.21924	0.02858
V525	0.29025	0.2142	0.03353	0.46202
V526	0.64072	0.07837	0.08116	0.19975
V527	0.22591	0.0353	0.40306	0.33573
V528	0.12972	0.8012	0.01924	0.04984
V529	0.09411	0.07752	0.2414	0.58696
V530	0.00732	0.23739	0.65618	0.09911
V531	0.04505	0.80847	0.14648	0
V532	0.20506	0.33256	0.03785	0.42453
V533	0.2944	0.34902	0.15151	0.20507
V534	0.01298	0.0482	0.70388	0.23494
V535	0.58281	0	0	0.41719
V536	0.21877	0	0.38556	0.39566
V537	0.58052	0.24938	0.16058	0.00952
V538	0.47659	0.0505	0.09764	0.37527
V539	0.27814	0.41727	0.17342	0.13117
V540	0.2222	0.64288	0.10055	0.03437
V541	0.0351	0.50935	0.08922	0.36633
V542	0.21975	0.14544	0.26272	0.37208
V543	0.86872	0	0.00981	0.12148
V544	0.14138	0.10357	0.19	0.56504
V545	0.38734	0.14771	0.08012	0.38483
V546	0.08079	0.81539	0.10382	0
V547	0.05765	0.60915	0.32634	0.00686
V548	0.18004	0.7064	0.11355	0
V549	0.32786	0.05598	0.60017	0.01599
V550	0.61239	0.01333	0	0.37428
V551	0.20132	0.68215	0.06363	0.05289
V552	0.00589	0.53841	0.02785	0.42785
V553	0.23498	0.17498	0.57711	0.01293
V554	0.11262	0.10155	0.04381	0.74202
V555	0.10687	0.25004	0.33966	0.30344
V556	0	0.07701	0.87095	0.05204
V557	0.81387	0.01993	0.00747	0.15872
V558	0.09504	0.73654	0.05737	0.11106
V559	0.02957	0.7539	0.21653	0
V560	0.68935	0.29242	0	0.01823
V561	0	0.07329	0.88754	0.03916
V562	0.7691	0	0.1202	0.1107
V563	0.24972	0.02484	0.71102	0.01442
V564	0.06905	0.11835	0.79539	0.01722
V565	0.13762	0.27959	0.37586	0.20693
V566	0.70134	0.09159	0	0.20707
V567	0.24345	0.43846	0.03933	0.27877
V568	0.29078	0	0.07161	0.63761
V569	0.69601	0.01197	0	0.29202
V570	0.0331	0.31272	0.59319	0.061
V571	0.80615	0.11339	0	0.08046
V572	0.44852	0.01879	0.43159	0.1011
V573	0.11197	0.18708	0.01368	0.68726
V574	0.06198	0.72936	0.19965	0.00901
V575	0.05382	0.10089	0.14913	0.69617
V576	0.18103	0.73839	0.06893	0.01165
V577	0.07542	0.05745	0.23332	0.63381
V578	0.06593	0.10254	0.66066	0.17088
V579	0.03132	0.81108	0.13013	0.02747
V580	0.20123	0	0.13762	0.66115
V581	0.13228	0.10335	0	0.76437
V582	0.58377	0.14799	0.03411	0.23414
V583	0.00907	0.07974	0.59642	0.31477
V584	0.50949	0.16643	0.28857	0.03551
V585	0.0262	0.02987	0.46267	0.48126
V586	0.2443	0.0337	0.62952	0.09249
V587	0.27386	0.03731	0.65586	0.03297
V588	0.64191	0.03764	0.02362	0.29684
V589	0.08343	0.75417	0.09863	0.06378
V590	0.07169	0.7118	0.21651	0
V591	0.01361	0.0528	0.23221	0.70139
V592	0.16328	0.07159	0.76513	0
V593	0.59135	0	0.18308	0.22557
V594	0.33904	0.29398	0.32937	0.03761
V595	0.09685	0.0439	0.05569	0.80356
V596	0.05416	0.30168	0.24348	0.40068
V597	0	0.57103	0.3534	0.07557
V598	0.02518	0.1582	0.79712	0.01951
V599	0.61796	0.30195	0.04572	0.03437
V600	0.367	0.45168	0.06732	0.114
V601	0.19243	0.28374	0.09824	0.42559
V602	0.1024	0.05247	0.03656	0.80856
V603	0.03418	0.38259	0.03016	0.55307
V604	0.50795	0.13102	0.33314	0.02789
V605	0.07846	0.34481	0.39856	0.17816
V606	0.71893	0.15021	0.00674	0.12413
V607	0.65489	0	0.11786	0.22725
V608	0.23107	0.18223	0.37851	0.20819
V609	0.04419	0.26046	0.25421	0.44115
V610	0.75592	0.01122	0.09799	0.13488
V611	0.33342	0	0.0665	0.60008
V612	0.02801	0.13411	0.76727	0.07061
V613	0.0484	0.34907	0.57012	0.03241
V614	0.74782	0.05824	0.05222	0.14172
V615	0.19127	0.07027	0.01209	0.72637
V616	0.1048	0.66705	0.07324	0.1549
V617	0.46956	0.17042	0.36003	0
V618	0.73283	0	0	0.26717
V619	0.39688	0.0368	0.31866	0.24765
V620	0.02472	0.62608	0.34454	0.00466
V621	0.43023	0.16175	0.18178	0.22624
V622	0.35913	0.237	0.38321	0.02066
V623	0.05225	0.09091	0.16821	0.68863
V624	0.78653	0.17912	0	0.03434
V625	0.27897	0.4722	0.11793	0.1309
V626	0.91941	0.02668	0	0.0539
V627	0.02156	0.0383	0.11515	0.82499
V628	0.01914	0.24282	0.03373	0.70431
V629	0.14267	0.30622	0.28754	0.26357
V630	0.0473	0.34919	0.56211	0.0414
V631	0.04515	0.21209	0.12786	0.6149
V632	0.59581	0	0.13432	0.26987
V633	0	0.07795	0.80597	0.11608
V634	0.39855	0.26976	0.3317	0
V635	0.05366	0.72852	0.02912	0.18871
V636	0.13448	0.13782	0.61058	0.11712
V637	0.32826	0.20366	0.10131	0.36677
V638	0.39091	0.25925	0.07933	0.27051
V639	0.27553	0.41362	0.31084	0
V640	0.0412	0.18959	0.71811	0.0511
V641	0.85625	0.03259	0.03107	0.0801
V642	0.75535	0.16015	0	0.0845
V643	0.0109	0.21803	0.45714	0.31393
V644	0.8852	0.06979	0.0065	0.03851
V645	0.27326	0.40241	0.31545	0.00889
V646	0.04822	0.881	0.04566	0.02512
V647	0.15518	0.12121	0.66634	0.05726
V648	0.41482	0.41045	0.15161	0.02312
V649	0.02941	0.10687	0.79893	0.0648
V650	0.06547	0.13036	0.73529	0.06888
V651	0.31414	0.02313	0.64828	0.01445
V652	0.10827	0.11677	0.44061	0.33436
V653	0.14648	0.62256	0.12824	0.10272
V654	0.68013	0.19143	0.06571	0.06273
V655	0.06294	0.56143	0.04191	0.33373
V656	0.24427	0.27811	0.01498	0.46265
V657	0.08224	0.09738	0.02497	0.79542
V658	0.59144	0.2064	0.06507	0.13708
V659	0.33533	0.10468	0.36024	0.19974
V660	0.06382	0.87948	0.02102	0.03567
V661	0.08616	0.42281	0.07599	0.41504
V662	0.41577	0.02936	0.45422	0.10064
V663	0.24657	0.09925	0.54528	0.1089
V664	0.21015	0.09804	0.64419	0.04762
V665	0.67537	0.18177	0.04537	0.09748
V666	0.59869	0	0.09688	0.30443
V667	0.76301	0.06952	0.16747	0
V668	0.14527	0.74036	0.11437	0
V669	0.24169	0.40321	0.26071	0.09439
V670	0.11037	0.8411	0.01918	0.02935
V671	0.36266	0.28872	0.26156	0.08707
V672	0.02634	0.0718	0.85193	0.04994
V673	0.24365	0.36516	0.24124	0.14995
V674	0.71043	0.14174	0.01555	0.13228
V675	0.15066	0.33677	0.32546	0.18712
V676	0.06442	0.12932	0.12898	0.67727
V677	0.38845	0.38511	0.11216	0.11427
V678	0.52081	0.43976	0.02774	0.01169
V679	0.06028	0.33123	0.60336	0.00513
V680	0.31852	0.51222	0.15726	0.01201
V681	0.86821	0.05979	0.01411	0.05789
V682	0.12519	0.31527	0.52881	0.03073
V683	0.05075	0.89205	0.0572	0
V684	0.6795	0.15526	0.10199	0.06326
V685	0.49006	0.32867	0.13722	0.04405
V686	0.12333	0.19834	0.17084	0.50749
V687	0.10205	0.02462	0.06432	0.80901
V688	0.39121	0.48633	0	0.12246
V689	0.30207	0	0.05404	0.64389
V690	0.46693	0.05737	0.40986	0.06584
V691	0.16454	0.03046	0.79127	0.01373
V692	0.08876	0.17445	0.67099	0.0658
V693	0.24561	0.12893	0.36897	0.25649
V694	0.03102	0.0438	0.31507	0.61011
V695	0.28188	0	0.17528	0.54284
V696	0.13591	0.1022	0.02808	0.73381
V697	0.06805	0.08466	0.03185	0.81544
V698	0.82238	0	0.00472	0.1729
V699	0.55577	0.27411	0.07804	0.09208
V700	0.28626	0.02273	0.01062	0.68039
V701	0.13508	0.50919	0.13407	0.22166
V702	0.56401	0.07771	0.00493	0.35335
V703	0.15101	0.07591	0.48674	0.28634
V704	0.80672	0.03885	0.02693	0.1275
V705	0.91703	0	0.01474	0.06822
V706	0.0888	0.08744	0.73854	0.08523
V707	0.05118	0.43236	0.48555	0.0309
V708	0.06537	0.80762	0.05433	0.07268
V709	0.14586	0.28299	0.5021	0.06906
V710	0.59285	0.20611	0.055	0.14604
V711	0.11612	0.73069	0.12451	0.02868
V712	0.81025	0.04699	0	0.14276
V713	0.44321	0.29282	0.04011	0.22385
V714	0.02768	0.64913	0.04876	0.27442
V715	0.3066	0.33303	0.30312	0.05725
V716	0.09531	0.05449	0.0753	0.7749
V717	0.11123	0.84696	0.02083	0.02098
V718	0.16542	0.53124	0.20046	0.10288
V719	0.08265	0.67092	0.06478	0.18164
V720	0.69181	0	0.22673	0.08146
V721	0.1361	0.19135	0.46442	0.20813
V722	0.12784	0.34763	0.02116	0.50337
V723	0.16783	0.10093	0.01198	0.71927
V724	0.58963	0.01849	0.09241	0.29947
V725	0	0.14003	0.81623	0.04374
V726	0.05853	0.38883	0.14464	0.40801
V727	0.28379	0.60026	0.11595	0
V728	0.05858	0.80996	0.13031	0.00114
V729	0.43265	0.00366	0.17543	0.38827
V730	0.86615	0.02547	0.04955	0.05882
V731	0.03593	0.22514	0.40533	0.3336
V732	0.35832	0.09285	0.34873	0.2001
V733	0.63381	0.18295	0.03632	0.14692
V734	0.24507	0.31193	0.443	0
V735	0.03111	0.05304	0.49335	0.4225
V736	0.20933	0.00287	0.02429	0.7635
V737	0.33259	0.28967	0.24483	0.13291
V738	0.08958	0.34396	0.44308	0.12339
V739	0	0.0444	0.61276	0.34284
V740	0.82058	0.08004	0.07471	0.02466
V741	0.49006	0.10534	0.13249	0.2721
V742	0.4171	0.54984	0.03306	0
V743	0.14678	0.17359	0.6639	0.01572
V744	0.5151	0.04815	0.32555	0.11119
V745	0.03254	0.65478	0.20985	0.10283
V746	0.94488	0	0	0.05512
V747	0.06756	0.01644	0.71533	0.20067
V748	0.13482	0.13473	0.56834	0.16211
V749	0.31121	0.18338	0.06248	0.44293
V750	0.42183	0.43487	0.02906	0.11424
V751	0.07496	0.79407	0.07325	0.05771
V752	0.45814	0.22717	0.14375	0.17095
V753	0.10548	0.0651	0	0.82942
V754	0.04004	0.87202	0.02236	0.06558
V755	0.16469	0.21534	0.34528	0.2747
V756	0.08991	0.01702	0.09081	0.80226
V757	0.34982	0.53969	0.08379	0.0267
V758	0.06826	0.70843	0.15262	0.0707
V759	0.14523	0.08188	0.4084	0.36448
V760	0.31149	0.06784	0.28706	0.33361
V761	0.08534	0.54894	0.29022	0.07549
V762	0.01032	0.39718	0.03314	0.55936
V763	0.39918	0.34521	0.03249	0.22312
V764	0.03744	0.85676	0.04011	0.06569
V765	0.6754	0.07476	0	0.24983
V766	0.02233	0.33956	0.4415	0.19661
V767	0.4763	0.13337	0.24497	0.14536
V768	0.08912	0.8257	0.05571	0.02946
V769	0.17091	0.75508	0.06048	0.01354
V770	0.04822	0.881	0.04566	0.02512
V771	0.17548	0.0485	0.75621	0.01981
V772	0.14622	0.08503	0.76677	0.00199
V773	0.19091	0.76123	0.03155	0.01631
V774	0.02798	0.03117	0.88827	0.05257
V775	0.14585	0.05416	0.29865	0.50133
V776	0.43184	0.39715	0.06507	0.10594
V777	0.20839	0.12961	0.15701	0.50499
V778	0.5288	0.26714	0.07744	0.12662
V779	0.18485	0.06451	0.49316	0.25748
V780	0.13345	0.70817	0.15838	0
V781	0.11454	0.04648	0.0579	0.78108
V782	0.00633	0.16423	0.75927	0.07017
V783	0.77832	0.00972	0.05279	0.15917
V784	0.14103	0.80674	0.04603	0.0062
V785	0.07035	0.84867	0.04769	0.03328
V786	0.69778	0.15466	0.09209	0.05547
V787	0.00356	0.78963	0.19756	0.00926
V788	0.50042	0.29136	0.1642	0.04402
V789	0.10213	0.37027	0.04339	0.48421
V790	0.47938	0.01909	0.0889	0.41263
V791	0.14887	0.37582	0.3343	0.14101
V792	0.16386	0.52301	0.01682	0.2963
V793	0.14927	0.61714	0.05988	0.1737
V794	0.05335	0.12159	0.74727	0.07779
V795	0.16255	0.05132	0.08199	0.70414
V796	0.0341	0.12861	0.80398	0.0333
V797	0.74932	0	0.22323	0.02746
V798	0.60941	0.2785	0.08998	0.0221
V799	0.16001	0.71406	0.0553	0.07064
V800	0.08532	0.0488	0.52165	0.34423
V801	0.15787	0.14246	0.33633	0.36334
V802	0.06313	0.10305	0.29264	0.54118
V803	0.23335	0.48954	0.2771	0
V804	0.52128	0.02369	0.37953	0.0755
V805	0.03875	0.03455	0.92671	0
V806	0.07841	0.83087	0.0456	0.04512
V807	0.29289	0.16387	0.04292	0.50032
V808	0.64923	0.25528	0.05186	0.04363
V809	0.05139	0.08771	0.8609	0
V810	0.05087	0.89952	0.02247	0.02714
V811	0.43422	0.08138	0.21035	0.27405
V812	0.54165	0.25638	0.05762	0.14435
V813	0.58196	0.19555	0.19467	0.02782
V814	0.44246	0.49085	0.06426	0.00242
V815	0.01579	0.85463	0.11847	0.01111
V816	0.9306	0	0.0694	0
V817	0.0371	0.12099	0.81839	0.02352
V818	0.02832	0.07658	0.0726	0.8225
V819	0.80258	0.0768	0.05517	0.06546
V820	0.18248	0.1129	0.03252	0.67209
V821	0.22707	0.32202	0.38401	0.06691
V822	0.07757	0.06604	0.82076	0.03563
V823	0.02924	0.22611	0.65352	0.09113
V824	0.09827	0.37795	0.52378	0
V825	0.234	0.29829	0.26114	0.20658
V826	0.43459	0.39072	0.16878	0.0059
V827	0.39153	0.54932	0.02945	0.02969
V828	0.25186	0.17772	0.12525	0.44517
V829	0.07503	0.25849	0.05563	0.61086
V830	0.25655	0.23742	0.03432	0.47171
V831	0.75456	0.08487	0.0345	0.12607
V832	0.27873	0.38902	0.1825	0.14975
V833	0.16601	0.48621	0.19955	0.14823
V834	0.32581	0.07932	0.09446	0.5004
V835	0.36369	0.42485	0.13383	0.07763
V836	0.03306	0.65528	0.02949	0.28218
V837	0.23455	0.37513	0.20401	0.18631
V838	0.89974	0.03945	0.03697	0.02384
V839	0.31518	0.56245	0.12237	0
V840	0.3125	0.65778	0.02973	0
V841	0	0.09271	0.84144	0.06585
V842	0.35967	0.17937	0.26219	0.19877
V843	0.02233	0.06806	0.82983	0.07978
V844	0.13421	0.11312	0.38861	0.36406
V845	0.07668	0.14753	0.70789	0.06791
V846	0	0.05458	0.74988	0.19554
V847	0.02822	0	0.09792	0.87386
V848	0.10946	0.49375	0.193	0.20379
V849	0.00865	0.89273	0.04609	0.05253
V850	0.92169	0	0.02095	0.05736
V851	0.34242	0.49352	0.16406	0
V852	0.15054	0.06097	0.15259	0.6359
V853	0.24955	0.24217	0.3934	0.11489
V854	0.58124	0.1699	0.11144	0.13742
V855	0.02822	0	0.09792	0.87386
V856	0.05835	0.36493	0.3617	0.21502
V857	0.66088	0.17225	0.03599	0.13089
V858	0.54801	0.02149	0.41288	0.01761
V859	0.64755	0.22891	0.0193	0.10425
V860	0.22881	0.12606	0.06945	0.57567
V861	0.10486	0.36451	0.52937	0.00126
V862	0.14422	0.12333	0.68318	0.04927
V863	0.25137	0.06969	0	0.67894
V864	0.12629	0.046	0.08051	0.7472
V865	0.15018	0.00905	0.29057	0.5502
V866	0.71009	0.01792	0.24577	0.02623
V867	0.71025	0.02938	0.24518	0.01519
V868	0.50268	0.27102	0.14453	0.08177
V869	0.05856	0.87741	0.04307	0.02096
V870	0.13866	0.34597	0.03213	0.48325
V871	0.00865	0.89273	0.04609	0.05253
V872	0.03769	0.03124	0.27508	0.65598
V873	0.85367	0.02429	0.05686	0.06518
V874	0.21816	0.72335	0.05848	0
V875	0.03674	0.21729	0.22491	0.52105
V876	0.16998	0.3365	0.40743	0.0861
V877	0.06007	0.40417	0.31229	0.22347
V878	0.15658	0.74645	0.09697	0
V879	0.21268	0.63887	0.07018	0.07827
V880	0.32544	0.51871	0.01603	0.13982
V881	0.1579	0.07227	0.58841	0.18142
V882	0.78289	0	0.12264	0.09447
V883	0.28313	0.21506	0.50182	0
V884	0.055	0.29376	0	0.65124
V885	0.70476	0.20134	0.0939	0
V886	0.02296	0.3788	0.46656	0.13168
V887	0.62311	0.065	0.16368	0.14821
V888	0.11149	0.08453	0.7112	0.09279
V889	0.87954	0.04396	0.02495	0.05155
V890	0.04042	0.18253	0.60584	0.17121
V891	0.61067	0.05665	0.28026	0.05243
V892	0.31518	0.19237	0.01169	0.48076
V893	0.56295	0.2121	0.15919	0.06576
V894	0.08024	0.32807	0.55958	0.03211
V895	0.58229	0.0685	0.20162	0.1476
V896	0.07141	0.85798	0.03648	0.03412
V897	0.68182	0.24352	0.00348	0.07118
V898	0.4997	0	0	0.5003
V899	0.05299	0.21429	0.16486	0.56786
V900	0.09193	0.3128	0.37013	0.22513
V901	0.06496	0.78435	0.03193	0.11875
V902	0.08228	0.82908	0.08682	0.00182
V903	0.01361	0.42755	0.51853	0.04031
V904	0.06052	0.89578	0.02073	0.02297
V905	0.19348	0	0.19558	0.61094
V906	0.41937	0.09687	0.11738	0.36637
V907	0.43682	0.47563	0.03372	0.05382
V908	0.05318	0.06616	0.10189	0.77878
V909	0.16165	0.75393	0.0137	0.07072
V910	0.21026	0	0.13788	0.65185
V911	0.51278	0.3688	0.04587	0.07255
V912	0.39087	0.31981	0.13817	0.15115
V913	0.18421	0	0.02136	0.79443
V914	0.19661	0.47447	0.30122	0.02771
V915	0.27725	0	0.01009	0.71266
V916	0.25411	0.0849	0.61328	0.04771
V917	0.69617	0.02456	0.17065	0.10862
V918	0.06375	0.59691	0.25418	0.08516
V919	0.21111	0.25146	0.30183	0.2356
V920	0.59675	0.19739	0.10306	0.1028
V921	0.07246	0.17666	0.0514	0.69947
V922	0.11635	0.45494	0.39046	0.03825
V923	0.14195	0.02088	0.07727	0.7599
V924	0.05733	0.62912	0.29007	0.02348
V925	0.23176	0.03871	0.02519	0.70434
V926	0.25041	0.02015	0.04949	0.67995
V927	0.07678	0.05563	0.08566	0.78193
V928	0.07826	0.82255	0.03365	0.06555
V929	0.07719	0.60733	0.1593	0.15618
V930	0.50554	0.35252	0.04364	0.0983
V931	0.14617	0.29237	0.49297	0.06848
V932	0.04126	0.15102	0.59923	0.20849
V933	0.59287	0.36259	0.02366	0.02088
V934	0.02154	0.1793	0.29603	0.50313
V935	0.54314	0.16894	0.2132	0.07472
V936	0.52586	0.26594	0.01992	0.18828
V937	0.54036	0.13202	0.09275	0.23487
V938	0.38559	0.05668	0.31026	0.24747
V939	0.74365	0.00979	0.0796	0.16696
V940	0.04781	0.73296	0.18159	0.03765
V941	0	0.04107	0.91561	0.04331
V942	0.71557	0.18124	0.07603	0.02715
V943	0.39127	0.14791	0.40751	0.05331
V944	0.04273	0.2837	0.08775	0.58582
V945	0.55607	0.33652	0.01608	0.09133
V946	0.44775	0.26321	0.2576	0.03144
V947	0.11677	0.06563	0.24992	0.56768
V948	0.3397	0.05349	0.58249	0.02432
V949	0.00306	0.13805	0.23096	0.62793
V950	0.07313	0.51699	0.23397	0.17591
V951	0.80845	0.01429	0.15571	0.02155
V952	0.09399	0.15352	0.28108	0.47141
V953	0.02262	0.10086	0.82937	0.04715
V954	0.06482	0.20276	0.16487	0.56756
V955	0.15046	0.57214	0.04758	0.22981
V956	0.05224	0.05214	0.52269	0.37292
V957	0.38008	0.00429	0	0.61563
V958	0.12779	0	0	0.87221
V959	0.23718	0.27391	0.42087	0.06804
V960	0.2586	0.28001	0.09397	0.36741
V961	0.14838	0.3855	0.35307	0.11305
V962	0.35996	0.1869	0.38293	0.07021
V963	0.57505	0.17344	0.16689	0.08462
V964	0.80949	0.02602	0.10601	0.05848
V965	0.07508	0.489	0.21355	0.22238
V966	0.9159	0.01891	0.0092	0.05599
V967	0.07223	0.07239	0.53145	0.32393
V968	0	0.1927	0.74062	0.06667
V969	0.03263	0.30367	0.05842	0.60528
V970	0.04852	0.15207	0.43517	0.36424
V971	0.49084	0.09971	0.32642	0.08303
V972	0.50887	0.20125	0.056	0.23388
V973	0.28468	0.40641	0.09545	0.21345
V974	0.02413	0.73243	0.16439	0.07905
V975	0.11217	0.30687	0.58097	0
V976	0.43827	0.24689	0.12631	0.18852
V977	0.3232	0.34904	0.32776	0
V978	0.11297	0.10543	0.08954	0.69207
V979	0.78227	0.01581	0.18132	0.02059
V980	0.94488	0	0	0.05512
V981	0.34441	0.0462	0.42719	0.1822
V982	0.44072	0.37814	0.09318	0.08797
V983	0.70573	0.05234	0	0.24193
V984	0.03915	0.77306	0.14691	0.04088
V985	0.12016	0.20549	0.01255	0.66179
V986	0.33392	0.49191	0.07	0.10418
V987	0.26404	0.69736	0.01605	0.02254
V988	0.26497	0.00942	0.02799	0.69761
V989	0.44473	0.44028	0.09694	0.01805
V990	0	0.09456	0.7725	0.13295
V991	0.64436	0.33383	0	0.02182
V992	0.2177	0.02423	0.51923	0.23883
V993	0.09033	0.66858	0.19755	0.04354
V994	0.21126	0.71782	0.05822	0.0127
V995	0.72068	0.10409	0.03405	0.14118
V996	0.3089	0.13331	0.01209	0.54569
V997	0.02238	0.05405	0.80595	0.11762
V998	0.84342	0.00398	0.0732	0.0794
V999	0.15148	0.8202	0.01893	0.00939
V1000	0.3594	0.01478	0	0.62582
