B_cells	NK_cells	T_cells_CD4.	Monocytes
V1	0.58255	0.02079	0.15809	0.23857
V2	0.2446	0.13546	0.01061	0.60933
V3	0.1024	0.63129	0	0.26631
V4	0.86189	0.1214	0	0.01671
V5	0.13344	0.48709	0.25451	0.12496
V6	0.11311	0.85632	0.02313	0.00744
V7	0.20109	0.39122	0.05409	0.35361
V8	0.13295	0.03237	0.81513	0.01954
V9	0.30452	0.27031	0	0.42517
V10	0.01904	0.03776	0.89916	0.04404
V11	0.20739	0.3587	0.43391	0
V12	0.03345	0.58276	0.38378	0
V13	0.29916	0.7008	0	4e-05
V14	0.10488	0.89265	0.00247	0
V15	0.15177	0.60642	0.11691	0.1249
V16	0.89013	0.06631	0.00474	0.03881
V17	0.12453	0.85808	0.01077	0.00662
V18	0.58892	0.36247	0.02984	0.01877
V19	0.19245	0.80755	0	0
V20	0.21608	0.47929	0	0.30464
V21	0.1327	0.08477	0.76583	0.0167
V22	0.08742	0.13971	0.18353	0.58934
V23	0.37153	0.06089	0.56758	0
V24	0.92276	0.05313	0.0241	0
V25	0.381	0.26568	0.10606	0.24725
V26	0.42844	0.40076	0	0.17081
V27	0.21106	0.0997	0	0.68924
V28	0	0.08264	0.91736	0
V29	0.43784	0.04731	0.50251	0.01234
V30	0.14349	0.25187	0.25988	0.34476
V31	0.23829	0.22279	0.28073	0.25819
V32	0.20538	0.07677	0.00288	0.71497
V33	0.05884	0.50927	0.3633	0.0686
V34	0.13237	0.06442	0.78501	0.0182
V35	0.19089	0.71556	0.08762	0.00593
V36	0.04469	0.07743	0.4666	0.41128
V37	0.57842	0.09151	0.07358	0.2565
V38	0.48025	0.00467	0.16314	0.35195
V39	0.19592	0.57235	0.12533	0.1064
V40	0.11859	0.79479	0.08662	0
V41	0.04126	0.6974	0.03183	0.22951
V42	0.29109	0.05869	0.18831	0.46191
V43	0.13992	0.35476	0.50364	0.00168
V44	0.0187	0.10985	0.73452	0.13693
V45	0.12035	0.59323	0.22679	0.05963
V46	0.78991	0.08849	0.1216	0
V47	0.45305	0.20882	0.3152	0.02293
V48	0.80972	0.17834	0	0.01194
V49	0.74457	0.18872	0	0.06671
V50	0.09191	0.81067	0.09742	0
V51	0.32615	0.41162	0.26213	1e-04
V52	0.02271	0.1424	0.81345	0.02144
V53	0.71914	0.13058	0.15028	0
V54	0.42363	0.21032	0.36605	0
V55	0.26424	0.16194	0.22129	0.35253
V56	0.15509	0.06078	0.07445	0.70968
V57	0.13237	0.84422	0.02341	0
V58	0.68154	0.01996	0.01596	0.28255
V59	0.45251	0.42318	0.10169	0.02261
V60	0.17484	0.18721	0.31251	0.32543
V61	0.8089	0.11696	0	0.07414
V62	0.8658	0.05507	0.06689	0.01224
V63	0.03715	0.8182	0.14004	0.00461
V64	0.04065	0.85315	0	0.1062
V65	0.12021	0.03706	0.10646	0.73626
V66	0.25185	0.69741	0.00779	0.04295
V67	0.15486	0.33744	0.5077	0
V68	0.24348	0.17865	0	0.57787
V69	0.0254	0.33221	0.61731	0.02508
V70	0.55223	0.17211	0.17512	0.10054
V71	0.20813	0.10115	0.36503	0.32569
V72	0.5945	0.18056	0.07855	0.14639
V73	0.18038	0.61796	0.14236	0.0593
V74	0.04753	0.23441	0.71806	0
V75	0.71704	2e-05	0.20242	0.08052
V76	0.05003	0.22344	0.1672	0.55933
V77	0.11131	0.31258	0	0.57611
V78	0.35516	0.14499	0.16709	0.33276
V79	0	0.13442	0.79651	0.06906
V80	0.35966	0.03998	0.53704	0.06332
V81	0.05307	0.18414	0.76279	0
V82	0	0.10345	0.89564	0.00091
V83	0.2158	0.22327	0.03606	0.52487
V84	0.44557	0.06761	0.14506	0.34176
V85	0.12856	0.33955	0.39745	0.13444
V86	0.04797	0.08116	0.83734	0.03352
V87	0.06449	0.82434	0.06302	0.04815
V88	0.22607	0.09117	0.25477	0.42799
V89	0.10797	0.05969	0.18509	0.64725
V90	0.05651	0.86999	0.07297	0.00052
V91	0.0541	0.73057	0.20672	0.00862
V92	0.47033	0.04047	0.38044	0.10876
V93	0.88816	0.0174	0	0.09444
V94	0.07624	0.47729	0	0.44647
V95	0.28617	0.44906	0.14984	0.11494
V96	0.17777	0.15297	0	0.66926
V97	0.67475	0.11728	0.20796	0
V98	0.70447	0.29553	0	0
V99	0.7888	0.062	0.1492	0
V100	0.08012	0.05798	0.84616	0.01574
V101	0.13692	0.10792	0	0.75515
V102	0.90864	0.07196	0	0.0194
V103	0.10315	0.10688	0.07882	0.71115
V104	0.06981	0.92204	0.00815	0
V105	0.09409	0.88822	0.01769	0
V106	0.13614	0.52032	0.33239	0.01114
V107	0.19418	0.22404	0.55883	0.02295
V108	0.16672	0.7306	0.10268	0
V109	0.02392	0.19681	0.58606	0.19322
V110	0.09029	0.85283	0.04858	0.0083
V111	0.90487	0.00179	0.08469	0.00865
V112	0.17133	0.09557	0.41677	0.31632
V113	0.25561	0.14374	0.15561	0.44503
V114	0.32999	0.08167	0.05042	0.53792
V115	0.01711	0.73771	0.24518	0
V116	0.16382	0.33567	0.36604	0.13447
V117	0.68982	0.27085	0.01777	0.02156
V118	0.20755	0.5978	0.01268	0.18197
V119	0.21825	0.13164	0.01316	0.63695
V120	0.08081	0.10372	0.81483	0.00065
V121	0.61707	0.15004	0.07668	0.15621
V122	0.92894	0.02774	0.00813	0.03519
V123	0.05497	0.54926	0.02191	0.37386
V124	0.6745	0.2879	0	0.0376
V125	0.40085	0.42395	0.1752	0
V126	0.13071	0.20652	0.01759	0.64518
V127	0.2296	0.08128	0.24284	0.44628
V128	0.13584	0.0613	0.1002	0.70266
V129	0.58312	0.25043	0.15988	0.00657
V130	0.0125	0.64524	0.34226	0
V131	0.05872	0.88506	0	0.05622
V132	0.9127	0.02088	0.02806	0.03837
V133	0.89347	0.03442	0.05204	0.02007
V134	0.15723	0.4232	0.11302	0.30655
V135	0.16964	0.06192	0.16057	0.60788
V136	0.2924	0.41388	0	0.29372
V137	0.65185	0.05107	0.24663	0.05046
V138	0.24378	0.42328	0.17073	0.16222
V139	0.38257	0.23202	0.18473	0.20068
V140	0.13018	0.15771	0.02364	0.68846
V141	0.08296	0.19198	0.53266	0.1924
V142	0.78385	0.00474	0.21141	0
V143	0.46762	0.29054	0.0416	0.20024
V144	0.23079	0.19547	0.1465	0.42724
V145	0	0.75208	0.24792	0
V146	0.19097	0.0639	0.01431	0.73083
V147	0.89737	0.04618	0.00721	0.04924
V148	0.15021	0.10623	0.56974	0.17381
V149	0.27081	0.50653	0.22265	0
V150	0.09458	0.26985	0.58378	0.05178
V151	0.24556	0.63918	0.019	0.09626
V152	0.25578	0.45673	0.21962	0.06787
V153	0.14668	0.7589	0.00577	0.08865
V154	0.25954	0.46417	0.27627	2e-05
V155	0.48066	0.16737	0.28045	0.07152
V156	0.0375	0.17703	0.68482	0.10065
V157	0.33107	0.18589	0.30126	0.18178
V158	0.14905	0.04171	0.0442	0.76505
V159	0.87617	0.07581	0	0.04802
V160	0.72438	0.01655	0.04795	0.21112
V161	0.31842	0.04451	0.00016	0.63691
V162	0.13327	0.34605	0.05456	0.46612
V163	0.13177	0.51239	0.16461	0.19123
V164	0.37737	0.33722	0.08527	0.20014
V165	0.08658	0.29097	0	0.62245
V166	0.09857	0.16661	0.04744	0.68737
V167	0.43369	0	0	0.56631
V168	0.31371	0.57861	0.07617	0.03151
V169	0.28969	0.1026	0	0.60772
V170	0.14183	0.05622	0.51439	0.28756
V171	0.1378	0.26708	0.58212	0.01299
V172	0.71425	0.00536	0.28039	0
V173	0.12109	0.20961	0.00983	0.65947
V174	0.0984	0.22619	0.04786	0.62755
V175	0.07569	0.03264	0.78999	0.10167
V176	0.02137	0.79195	0.18667	0
V177	0.04299	0.94365	0	0.01336
V178	0.04414	0.77602	0	0.17985
V179	0.21382	0.03949	0.37382	0.37287
V180	0.04948	0.85632	0.09421	0
V181	0.1808	0.16485	0.5274	0.12695
V182	0.30811	0.20822	0.45176	0.03191
V183	0.20815	0.78973	0.00212	0
V184	0.96576	0.00652	0.02772	0
V185	0.5838	0.41534	0.00086	0
V186	0.14231	0.49525	0.26589	0.09656
V187	0.92448	0.02792	0.03115	0.01646
V188	0.13591	0.25853	0	0.60556
V189	0.82942	0.03623	0	0.13436
V190	0.6499	0.02933	0.32077	0
V191	0.19381	0.23495	0.55885	0.01239
V192	0.33993	0.48856	0.02825	0.14326
V193	0.61097	0.05059	0.23568	0.10276
V194	0.07579	0.90693	0.00303	0.01425
V195	0.01183	0.0724	0.90115	0.01462
V196	0.11263	0.14899	0	0.73838
V197	0.47883	0.07407	0	0.44711
V198	0.07962	0.51523	0.37423	0.03092
V199	0.246	0.06434	0.15704	0.53261
V200	0.17669	0.58478	0	0.23854
V201	0.12418	0.56822	0.19182	0.11578
V202	0.02669	0.06127	0.76669	0.14535
V203	0.17404	0.43488	0.39108	0
V204	0.05901	0.55285	0	0.38815
V205	0.01591	0.09886	0.87136	0.01386
V206	0.04564	0.13193	0.82243	0
V207	0.21657	0.24343	0.01489	0.52511
V208	0.24717	0.09446	0.65836	0
V209	0.33603	0.48726	0.05235	0.12436
V210	0.1157	0.75546	0.10163	0.02721
V211	0.49337	0.03988	0.00127	0.46548
V212	0.50166	0.06439	0.42931	0.00465
V213	0.66089	0.04822	0.09789	0.19301
V214	0.3721	0.19461	0.14802	0.28527
V215	0.36634	0.12409	0	0.50957
V216	0.18442	0.03223	0.02917	0.75418
V217	0.06969	0.51506	0.23336	0.18189
V218	0.13487	0.47451	0.16088	0.22974
V219	0.15021	0.64955	0	0.20024
V220	0.04208	0.83277	0	0.12516
V221	0.82523	0.00934	0	0.16543
V222	0.33463	0.16388	0.35684	0.14465
V223	0.00069	0.18198	0.75869	0.05863
V224	0.95576	0.00414	0.04009	0
V225	0.08573	0.84435	0.06991	0
V226	0.30241	0.10981	0.58779	0
V227	0.78683	0.00386	0.20384	0.00546
V228	0.7752	0.08711	0.05534	0.08234
V229	0.01834	0.06313	0.89106	0.02746
V230	0.12974	0.10651	0.01129	0.75246
V231	0.07663	0.3306	0.08868	0.50409
V232	0.08706	0.65848	0	0.25446
V233	0.57473	0.11218	0.19371	0.11938
V234	0.07218	0.88224	0.04296	0.00262
V235	0.37457	0.08946	0.52694	0.00903
V236	0.0484	0.10977	0.78156	0.06026
V237	0.27578	0.04824	0.00584	0.67013
V238	0.15011	0.55883	0.27028	0.02078
V239	0.12935	0.43383	0	0.43682
V240	0.48716	0.06297	0.42091	0.02897
V241	0.01844	0.03953	0.8853	0.05674
V242	0.15414	0.74272	0.10314	0
V243	0.247	0.07338	0.62413	0.05549
V244	0.21551	0.02737	0.69212	0.065
V245	0.61174	0.31362	0.03719	0.03746
V246	0.05685	0.18846	0.75103	0.00366
V247	0.15302	0.05564	0.79134	0
V248	0.13318	0.10271	0.03399	0.73011
V249	0	0.08646	0.86145	0.05209
V250	0.76232	0.00452	0.23316	0
V251	0.92148	0.06883	0	0.00969
V252	0.02195	0.80933	0.16872	0
V253	0.41229	0.09824	0.14742	0.34206
V254	0.0332	0.89867	0.06813	0
V255	0.08168	0.8921	0	0.02623
V256	0.18704	0.24425	0.50848	0.06024
V257	0.44692	0.12741	0.22447	0.2012
V258	0.19331	0.29321	0.41674	0.09673
V259	0.03637	0.32203	0.62581	0.01579
V260	0	0.30208	0.69792	0
V261	0.62738	0.04974	0.19279	0.13009
V262	0.20776	0.10881	0	0.68343
V263	0.05267	0.92926	0	0.01807
V264	0.2041	0.07154	0.41777	0.30659
V265	0.13359	0.03894	0.13307	0.69441
V266	0.656	0.344	0	0
V267	0.03043	0.22933	0.27803	0.4622
V268	0.44091	0.04738	0.1244	0.38731
V269	0.01224	0.56688	0.39816	0.02272
V270	0.64534	0.04176	0.24495	0.06796
V271	0.80603	0.08823	0.01342	0.09231
V272	0.09294	0.82302	0.00241	0.08163
V273	0.18046	0.0796	0.02035	0.7196
V274	0.71195	0.00126	0.19015	0.09664
V275	0	0.07432	0.91081	0.01487
V276	0.528	0.34677	0	0.12523
V277	0.0985	0.25825	0.13983	0.50342
V278	0.10039	0.10473	0.27427	0.52061
V279	0.69869	0.07628	0.10212	0.12291
V280	0.14905	0.04171	0.0442	0.76505
V281	0.57485	0.04959	0.12758	0.24797
V282	0.05906	0.11046	0.7862	0.04428
V283	0.24557	0.59162	0.04771	0.1151
V284	0.05522	0.86872	0.07606	0
V285	0.06867	0.03596	0.89537	0
V286	0.27221	0.55528	0.10408	0.06843
V287	0.13483	0.85165	0.00806	0.00545
V288	0.03363	0.31558	0.42099	0.2298
V289	0.28987	0.24814	0.4125	0.04949
V290	0.82802	0.17184	0.00014	0
V291	0.47778	0.09235	0.42987	0
V292	0.9227	0.01333	0	0.06397
V293	0.29627	0.04499	0.63838	0.02036
V294	0.14783	0.38151	0	0.47065
V295	0.07776	0.2285	0.17242	0.52132
V296	0.18402	0.15526	0.5976	0.06313
V297	0.19381	0.0354	0.06647	0.70432
V298	0.29234	0.12876	0.57889	0
V299	0.1424	0.30629	0	0.55131
V300	0.05985	0.08617	0.22004	0.63394
V301	0.12994	0.14911	0.63008	0.09087
V302	0.66501	0.33499	0	0
V303	0	0.60564	0.38935	0.00502
V304	0.06686	0.06448	0.73116	0.1375
V305	0.14534	0.1976	0.44621	0.21084
V306	0.80322	0.11675	0.03881	0.04122
V307	0.05314	0.91502	0.02189	0.00995
V308	0.25415	0.26137	0.28395	0.20053
V309	0.37646	0.3396	0	0.28394
V310	0.12966	0.35649	0.1307	0.38314
V311	0.53025	0.46975	0	0
V312	0.12169	0.72425	0.15406	0
V313	0.08007	0.19004	0	0.72989
V314	0.05743	0.51269	0.09432	0.33556
V315	0.16208	0.6392	0.01711	0.18161
V316	0.32199	0.16504	0.37726	0.13571
V317	0.12467	0.70444	0.03609	0.1348
V318	0.08821	0.56977	0	0.34202
V319	0.05871	0.10211	0.81696	0.02222
V320	0.08502	0.18218	0.63257	0.10024
V321	0.64596	0.35404	0	0
V322	0.24873	0.35825	0.04049	0.35253
V323	0.16046	0.07188	0.07637	0.69129
V324	0.66591	0.27227	0.06068	0.00113
V325	0.32025	0.62507	0.05468	0
V326	0.02304	0.59511	0.08275	0.2991
V327	0.09629	0.20479	0.07976	0.61916
V328	0.05735	0.06584	0.73058	0.14622
V329	0.23551	0.15442	0.14672	0.46335
V330	0.4123	0.03174	0.32612	0.22983
V331	0.41008	0.12591	0.0053	0.45871
V332	0.08679	0.10603	0.16499	0.6422
V333	0.42571	0.10097	0.38359	0.08972
V334	0.37864	0.03415	0.34743	0.23978
V335	0.03164	0.3627	0.5074	0.09826
V336	0.21045	0.70392	0.00583	0.0798
V337	0.29109	0.41388	0.29503	0
V338	0.00561	0.95549	0.0275	0.0114
V339	0.12037	0.03158	0.84804	0
V340	0.06751	0.26166	0.51596	0.15487
V341	0.12796	0.09818	0.05114	0.72272
V342	0.25493	0.02167	0.6141	0.10931
V343	0.93318	0.04518	0	0.02164
V344	0.65948	0.16105	0.17947	0
V345	0.01666	0.07396	0.90938	0
V346	0.26834	0.14865	0.26771	0.3153
V347	0.1427	0.05812	0.11577	0.68341
V348	0.08148	0.65769	0.14452	0.1163
V349	0.34866	0.19323	0.37869	0.07942
V350	0.03928	0.77581	0.18491	0
V351	0.06978	0.07732	0.37746	0.47544
V352	0.05013	0.05818	0.82933	0.06236
V353	0.86889	0.04032	0.02451	0.06628
V354	0.06349	0.68703	0.23433	0.01515
V355	0.28796	0.10829	0.44931	0.15444
V356	0.13545	0.07643	0.08743	0.70069
V357	0.14174	0.36075	0.26719	0.23032
V358	0.57275	0.13202	0.01997	0.27526
V359	0.60585	0.0836	0	0.31055
V360	0.55933	0.43214	0.00853	0
V361	0	0.4538	0.5462	0
V362	0.00841	0.94354	0.03995	0.0081
V363	0.1905	0.15285	0.45516	0.20149
V364	0.16092	0.09762	0.66821	0.07325
V365	0.34514	0.05014	0	0.60472
V366	0.10998	0.68739	0.07769	0.12494
V367	0.59245	0.145	0	0.26254
V368	0.11765	0.72617	0.08527	0.07091
V369	0.01405	0.40832	0.57763	0
V370	0.29724	0.29614	0.40509	0.00153
V371	0.21868	0.71923	0.01879	0.04329
V372	0.24327	0.09689	0.09532	0.56452
V373	0.10477	0.18139	0.45537	0.25847
V374	0.76123	0.0263	0.21246	0
V375	0.13228	0.09088	0.12533	0.65152
V376	0.13261	0.08824	0.08496	0.6942
V377	0.80869	0	0	0.19131
V378	0.05557	0.07764	0.391	0.47579
V379	0.38308	0.21377	0	0.40316
V380	0.21566	0.11594	0.17764	0.49075
V381	0.74262	0.02588	0.08202	0.14948
V382	0.07981	0.07254	0.84765	0
V383	0.83469	0.01521	0.0399	0.1102
V384	0.57091	0.10224	0.11564	0.2112
V385	0.84203	0.02799	0.07458	0.05541
V386	0.36105	0.04316	0.12624	0.46955
V387	0.57814	0.17318	0.18479	0.0639
V388	0.3877	0.35308	0.13379	0.12542
V389	0.43426	0.52349	0	0.04225
V390	0.28252	0.26824	0.44925	0
V391	0.46345	0.12558	0	0.41097
V392	0.43473	0.25063	0.1518	0.16284
V393	0.28818	0.25875	0.3381	0.11497
V394	0.15875	0.27296	0.08518	0.48311
V395	0.24214	0.41302	0.19261	0.15222
V396	0.03909	0.92901	0.01126	0.02065
V397	0.76538	0.10734	0.09882	0.02847
V398	0.47587	0.16987	0.06922	0.28504
V399	0.21468	0.55889	0.14916	0.07728
V400	0.02517	0.61657	0.04968	0.30857
V401	0.03452	0.1974	0.71102	0.05706
V402	0.79249	0.18474	0.02277	0
V403	0.12879	0.08181	0.06623	0.72317
V404	0.09472	0.23096	0.60304	0.07128
V405	0.28626	0.06985	0.14677	0.49712
V406	0.64833	0.26853	0	0.08314
V407	0.00561	0.95549	0.0275	0.0114
V408	0.11364	0.28166	0.38443	0.22028
V409	0.08841	0.0987	0.0383	0.77459
V410	0.12286	0.84089	0.03149	0.00476
V411	0.48724	0.0129	0	0.49986
V412	0.18073	0.11391	0.48467	0.2207
V413	0.08876	0.50901	0.17238	0.22984
V414	0.05022	0.52306	0.33032	0.09641
V415	0.46462	0.05546	0.22251	0.25741
V416	0.00068	0.11967	0.87965	0
V417	0.39552	0.60448	0	0
V418	0.15037	0.15748	0.11596	0.57619
V419	0.14066	0.03752	0.05723	0.7646
V420	0.00834	0.89575	0.01963	0.07628
V421	0.16225	0.07681	0.66899	0.09196
V422	0.15796	0.1236	0	0.71845
V423	0.08012	0.05798	0.84616	0.01574
V424	0.00086	0.10292	0.61649	0.27972
V425	0.06108	0.27216	0.58631	0.08045
V426	0.09252	0.0857	0.77081	0.05097
V427	0.10492	0.4274	0.17965	0.28803
V428	0.11983	0.76074	0.05583	0.0636
V429	0.13321	0.04253	0.06297	0.76129
V430	0.75026	0.1887	0	0.06104
V431	0.21239	0.06097	0.43896	0.28767
V432	0.20473	0.1521	0.0129	0.63027
V433	0.0912	0.73017	0	0.17863
V434	0.39918	0.11642	0.01613	0.46828
V435	0.54177	0.03268	0.10333	0.32222
V436	0.43545	0.03773	0.09415	0.43267
V437	0.28752	0.24505	0	0.46743
V438	0.62546	0.18987	0.0017	0.18297
V439	0.1329	0.15886	0	0.70825
V440	0.52977	0.06778	0	0.40245
V441	0.07991	0.17204	0.58368	0.16437
V442	0.33876	0.36815	0.12166	0.17142
V443	0.75223	0.01556	0.082	0.1502
V444	0.01666	0.07396	0.90938	0
V445	0.59985	0.03866	0.34704	0.01445
V446	0.06436	0.8158	0.06302	0.05682
V447	0.62013	0.11906	0.17575	0.08506
V448	0.09336	0.12109	0.17396	0.61159
V449	0.55447	0.06503	0.29719	0.08331
V450	0.16409	0.82047	0.01545	0
V451	0.90644	0.06411	0	0.02945
V452	0.14587	0.06307	0.06894	0.72212
V453	0.79421	0.09711	0.05876	0.04993
V454	0.00704	0.91353	0.07197	0.00745
V455	0.58856	0.05615	0.30679	0.0485
V456	0.33306	0.15468	0.37659	0.13567
V457	0.09027	0.13001	0.00632	0.7734
V458	0.31804	0.24246	0	0.4395
V459	0.03784	0.78856	0.10089	0.0727
V460	0.91669	0.023	0.03093	0.02938
V461	0.18436	0.08927	0	0.72636
V462	0.38454	0.24982	0	0.36564
V463	0.27153	0.48649	0.15528	0.08669
V464	0.53711	0.10875	0	0.35414
V465	0.42625	0.44902	6e-05	0.12467
V466	0.59631	0.19495	0	0.20874
V467	0.33425	0.57509	0.07765	0.01301
V468	0.50881	0.41801	0.03893	0.03425
V469	0.06207	0.22676	0.27077	0.4404
V470	0.54565	0.15189	0.17399	0.12847
V471	0.33781	0.15014	0	0.51205
V472	0.35567	0.33393	0	0.31039
V473	0.11102	0.54529	0.34369	0
V474	0.22232	0.02932	0.09382	0.65455
V475	0.22832	0.42933	0.05596	0.2864
V476	0.2661	0.05881	0.03099	0.6441
V477	0.59894	0.06112	0.20181	0.13813
V478	0.17206	0.59027	0	0.23767
V479	0.01066	0.13249	0.78756	0.06929
V480	0.15015	0.35542	0.00993	0.4845
V481	0.14187	0.05619	0.80089	0.00105
V482	0.68449	0.18573	0.10845	0.02133
V483	0.21446	0.16449	0.04071	0.58034
V484	0.12838	0.15031	0	0.72132
V485	0.15737	0.7362	0	0.10643
V486	0.30618	0.3008	0.10791	0.28511
V487	0.17569	0.10364	0.06153	0.65914
V488	0	0.03878	0.87517	0.08605
V489	0.20572	0.13738	0.65691	0
V490	0.37251	0.34776	0.04234	0.23739
V491	0.45802	0.4812	0.01863	0.04215
V492	0.0459	0.80687	0.14723	0
V493	0.20974	0.00854	0	0.78172
V494	0.2014	0.19388	0.50645	0.09826
V495	0.24012	0.6147	0.14518	0
V496	0.29842	0.67665	0	0.02493
V497	0.01558	0.03951	0.92657	0.01834
V498	0.3772	0.14857	0.0143	0.45993
V499	0.60012	0.27813	0.12174	0
V500	0.10229	0.16364	0.71309	0.02098
V501	0.08919	0.04751	0.08209	0.78121
V502	0.5425	0.30044	0.15229	0.00477
V503	0.25187	0.14205	0.17932	0.42676
V504	0.26238	0.69466	0	0.04296
V505	0.23077	0.25547	0.23664	0.27712
V506	0.10611	0.29016	0.44044	0.16329
V507	0.61345	0.12866	0.11035	0.14755
V508	0.74604	0.19288	0.02642	0.03465
V509	0.24197	0.09905	0.49489	0.16409
V510	0.22613	0.50994	0.26393	0
V511	0.10743	0.45664	0.01643	0.4195
V512	0.31812	0.09247	0.051	0.53841
V513	0.09781	0.64005	0.22118	0.04096
V514	0.11428	0.13987	0	0.74585
V515	0.76526	0.08677	0.03224	0.11572
V516	0.8978	0.10021	0	0.002
V517	0.11444	0.07616	0.23125	0.57816
V518	0.93126	0.05638	0	0.01237
V519	0.06063	0.85753	0	0.08184
V520	0.05711	0.033	0.61424	0.29565
V521	0.54776	0.06988	0.3699	0.01246
V522	0.01838	0.17614	0.56521	0.24027
V523	0.37114	0.16284	0.24569	0.22033
V524	0.0204	0.76215	0.20712	0.01033
V525	0.31536	0.24293	0	0.44171
V526	0.65169	0.10779	0.05666	0.18386
V527	0.24049	0.05827	0.38542	0.31581
V528	0.13161	0.8393	0	0.02908
V529	0.1318	0.11478	0.20025	0.55318
V530	0.00391	0.2455	0.6683	0.08229
V531	0.03363	0.83408	0.13228	0
V532	0.23024	0.36141	0	0.40835
V533	0.30697	0.38081	0.12177	0.19045
V534	0.02336	0.06263	0.69496	0.21905
V535	0.59288	0	0	0.40712
V536	0.23866	0.01685	0.36961	0.37488
V537	0.57495	0.27441	0.15064	0
V538	0.49427	0.08528	0.06199	0.35847
V539	0.28617	0.44906	0.14984	0.11494
V540	0.22512	0.68529	0.07475	0.01484
V541	0.06308	0.53865	0.0443	0.35397
V542	0.23973	0.1728	0.23458	0.35289
V543	0.87947	0.01618	0	0.10435
V544	0.17815	0.14182	0.14653	0.5335
V545	0.4096	0.18456	0.03699	0.36885
V546	0.07415	0.84566	0.08018	0
V547	0.04694	0.63092	0.32214	0
V548	0.17154	0.73526	0.09321	0
V549	0.31185	0.06538	0.62276	0
V550	0.61174	0.02927	0	0.35899
V551	0.20684	0.72844	0.03044	0.03429
V552	0.03431	0.55496	0	0.41074
V553	0.22215	0.18306	0.59479	0
V554	0.15991	0.15119	0	0.6889
V555	0.1225	0.27129	0.31832	0.2879
V556	0	0.07845	0.89165	0.0299
V557	0.81928	0.03958	0	0.14113
V558	0.10255	0.78045	0.01884	0.09815
V559	0.01921	0.77522	0.20557	0
V560	0.68811	0.31189	0	0
V561	0	0.07432	0.91081	0.01487
V562	0.77515	0.01661	0.11683	0.09141
V563	0.23262	0.02932	0.73806	0
V564	0.05946	0.12359	0.81695	0
V565	0.14585	0.29874	0.36363	0.19179
V566	0.70475	0.10451	0	0.19074
V567	0.26104	0.47206	0	0.2669
V568	0.33085	0.04018	0.027	0.60197
V569	0.69544	0.02673	0	0.27783
V570	0.02553	0.32334	0.60689	0.04424
V571	0.81102	0.13316	0	0.05582
V572	0.44061	0.03458	0.44296	0.08185
V573	0.14782	0.21177	0	0.64041
V574	0.05435	0.75885	0.1868	0
V575	0.10111	0.14771	0.10414	0.64704
V576	0.17944	0.78073	0.03983	0
V577	0.11666	0.09725	0.1917	0.59439
V578	0.06724	0.11275	0.66418	0.15584
V579	0.02686	0.85305	0.11147	0.00861
V580	0.24388	0.04705	0.09154	0.61753
V581	0.17234	0.12637	0	0.70129
V582	0.59945	0.18087	0	0.21968
V583	0.02535	0.09888	0.57904	0.29673
V584	0.50491	0.18668	0.29375	0.01466
V585	0.05798	0.05726	0.42921	0.45555
V586	0.23681	0.04533	0.6438	0.07406
V587	0.2609	0.04685	0.67917	0.01308
V588	0.65098	0.0662	0	0.28281
V589	0.08608	0.79628	0.07077	0.04687
V590	0.06035	0.73426	0.2054	0
V591	0.06299	0.09867	0.19036	0.64798
V592	0.14371	0.07209	0.7842	0
V593	0.6002	0.00168	0.18566	0.21246
V594	0.33576	0.31421	0.331	0.01902
V595	0.15301	0.10094	0.00173	0.74432
V596	0.0793	0.32819	0.2086	0.38392
V597	0	0.59076	0.34957	0.05967
V598	0.01211	0.16357	0.82295	0.00136
V599	0.62893	0.33926	0.02072	0.01109
V600	0.37805	0.49146	0.03363	0.09686
V601	0.221	0.32057	0.04925	0.40918
V602	0.15623	0.09794	0	0.74582
V603	0.0723	0.40024	0	0.52746
V604	0.50092	0.14923	0.34314	0.00671
V605	0.08454	0.3627	0.39027	0.16248
V606	0.72486	0.17145	0	0.1037
V607	0.66404	0.02822	0.09624	0.21149
V608	0.23817	0.20022	0.37009	0.19152
V609	0.07251	0.28629	0.21959	0.42161
V610	0.76334	0.03586	0.08497	0.11583
V611	0.3684	0.03808	0.02319	0.57033
V612	0.02245	0.14097	0.78383	0.05275
V613	0.03804	0.36043	0.58635	0.01519
V614	0.758	0.08744	0.03069	0.12386
V615	0.23453	0.09463	0	0.67084
V616	0.11441	0.70575	0.03585	0.144
V617	0.44952	0.18256	0.36792	0
V618	0.73842	0.00275	0	0.25882
V619	0.40219	0.05997	0.30806	0.22979
V620	0.0125	0.64524	0.34226	0
V621	0.44036	0.18966	0.16037	0.20961
V622	0.3522	0.25381	0.39229	0.0017
V623	0.09935	0.13378	0.12591	0.64095
V624	0.79038	0.20054	0	0.00908
V625	0.28861	0.50885	0.08759	0.11495
V626	0.92746	0.04307	0	0.02947
V627	0.08097	0.09473	0.07684	0.74746
V628	0.06863	0.2778	0	0.65358
V629	0.15571	0.32914	0.26613	0.24902
V630	0.03853	0.36237	0.57516	0.02394
V631	0.08864	0.25049	0.07999	0.58088
V632	0.60888	0.00198	0.13078	0.25836
V633	0	0.08679	0.81379	0.09942
V634	0.38246	0.28114	0.3364	0
V635	0.06455	0.75588	0	0.17956
V636	0.13086	0.1484	0.62055	0.10019
V637	0.35086	0.23934	0.05884	0.35096
V638	0.40809	0.2948	0.04057	0.25654
V639	0.26192	0.42783	0.31025	0
V640	0.03344	0.19843	0.73623	0.0319
V641	0.86849	0.06302	0.0105	0.05799
V642	0.75992	0.1795	0	0.06058
V643	0.0276	0.23509	0.43924	0.29807
V644	0.89079	0.09555	0	0.01367
V645	0.26444	0.42172	0.31384	0
V646	0.04549	0.93247	0.0159	0.00614
V647	0.14687	0.1298	0.68471	0.03862
V648	0.41725	0.44466	0.13579	0.0023
V649	0.02346	0.11463	0.81568	0.04624
V650	0.05842	0.13971	0.75158	0.05029
V651	0.29632	0.02565	0.67803	0
V652	0.12435	0.13765	0.42163	0.31637
V653	0.15092	0.66149	0.10022	0.08737
V654	0.69108	0.22405	0.04484	0.04003
V655	0.08859	0.58859	0	0.32282
V656	0.26388	0.29431	0	0.44182
V657	0.12779	0.14198	0	0.73023
V658	0.60379	0.23976	0.03768	0.11877
V659	0.33984	0.12344	0.35461	0.18212
V660	0.06356	0.92116	0	0.01528
V661	0.1151	0.45647	0.02677	0.40166
V662	0.40884	0.0445	0.46551	0.08115
V663	0.2427	0.11199	0.55486	0.09045
V664	0.20015	0.10668	0.66455	0.02862
V665	0.68779	0.21537	0.02011	0.07672
V666	0.61515	0	0.09046	0.29439
V667	0.74703	0.08524	0.16773	0
V668	0.13709	0.76713	0.09578	0
V669	0.24459	0.42993	0.24873	0.07675
V670	0.11324	0.87979	0	0.00697
V671	0.36486	0.31226	0.2541	0.06878
V672	0.01592	0.07671	0.8758	0.03157
V673	0.25025	0.3926	0.22389	0.13327
V674	0.71919	0.16801	0	0.1128
V675	0.15806	0.35747	0.31258	0.17188
V676	0.11131	0.17457	0.08212	0.632
V677	0.39827	0.42197	0.08359	0.09617
V678	0.52144	0.47539	0.00317	0
V679	0.04484	0.33581	0.61934	0
V680	0.31652	0.54234	0.14114	0
V681	0.87748	0.08926	0	0.03326
V682	0.11718	0.32748	0.54301	0.01233
V683	0.04171	0.92504	0.03326	0
V684	0.68782	0.18483	0.08643	0.04093
V685	0.49419	0.3626	0.12012	0.02309
V686	0.15765	0.23414	0.12508	0.48313
V687	0.15946	0.07796	0.01388	0.74869
V688	0.39157	0.50439	0	0.10404
V689	0.34569	0.01734	0.02515	0.61181
V690	0.45924	0.07348	0.42145	0.04583
V691	0.15075	0.0286	0.82066	0
V692	0.08122	0.18366	0.68802	0.04711
V693	0.25535	0.14832	0.35674	0.2396
V694	0.07397	0.0807	0.27295	0.57238
V695	0.31158	0.03776	0.13623	0.51444
V696	0.17994	0.14055	0	0.67951
V697	0.11725	0.13706	0	0.7457
V698	0.82892	0.01278	0	0.15829
V699	0.56667	0.31008	0.05074	0.07251
V700	0.31812	0.04951	0	0.63237
V701	0.1483	0.5425	0.09906	0.21014
V702	0.56938	0.09377	0	0.33686
V703	0.1634	0.09476	0.47348	0.26835
V704	0.81883	0.06997	0.00219	0.10901
V705	0.93669	0	0.01363	0.04967
V706	0.08315	0.09618	0.75287	0.06779
V707	0.0419	0.44688	0.49782	0.0134
V708	0.06925	0.85259	0.02046	0.0577
V709	0.1416	0.29686	0.5111	0.05045
V710	0.60567	0.23992	0.02607	0.12835
V711	0.11578	0.77074	0.10402	0.00946
V712	0.8141	0.06177	0	0.12412
V713	0.4591	0.32935	0.00251	0.20904
V714	0.04893	0.6826	0.00199	0.26648
V715	0.3055	0.35676	0.29943	0.03831
V716	0.1456	0.11139	0.02547	0.71754
V717	0.11368	0.88632	0	0
V718	0.16892	0.56302	0.18122	0.08684
V719	0.09489	0.70949	0.02409	0.17153
V720	0.6947	0.00565	0.23909	0.06056
V721	0.14356	0.20731	0.4571	0.19202
V722	0.15408	0.36481	0	0.48111
V723	0.2082	0.12721	0	0.66459
V724	0.60125	0.05041	0.06424	0.2841
V725	0	0.14326	0.83544	0.0213
V726	0.08569	0.41969	0.10188	0.39273
V727	0.27679	0.62983	0.09338	0
V728	0.04964	0.83797	0.1124	0
V729	0.44897	0.03628	0.14512	0.36963
V730	0.87365	0.05259	0.0376	0.03616
V731	0.0541	0.24627	0.3823	0.31733
V732	0.36244	0.11196	0.34331	0.18229
V733	0.64805	0.21791	0.00514	0.12891
V734	0.22871	0.32033	0.45096	0
V735	0.05718	0.07686	0.46528	0.40067
V736	0.2598	0.0426	0	0.69759
V737	0.33817	0.31635	0.23008	0.1154
V738	0.08998	0.35916	0.4444	0.10646
V739	0.003	0.06499	0.60449	0.32753
V740	0.82408	0.10924	0.06451	0.00217
V741	0.50303	0.1353	0.10502	0.25665
V742	0.41045	0.58274	0.00681	0
V743	0.13467	0.18142	0.68391	0
V744	0.51275	0.06606	0.3302	0.09099
V745	0.03431	0.68812	0.18946	0.08811
V746	0.9633	0	0	0.0367
V747	0.07232	0.03075	0.71287	0.18407
V748	0.13608	0.14692	0.57148	0.14553
V749	0.33936	0.22217	0.01403	0.42444
V750	0.43235	0.47197	0	0.09568
V751	0.07834	0.83934	0.04166	0.04067
V752	0.46736	0.2588	0.11949	0.15434
V753	0.15546	0.08913	0	0.75541
V754	0.04	0.9093	0	0.0507
V755	0.17813	0.23654	0.32668	0.25865
V756	0.1419	0.07008	0.04674	0.74128
V757	0.35438	0.58022	0.06029	0.0051
V758	0.06925	0.74471	0.13178	0.05426
V759	0.16398	0.10341	0.38736	0.34525
V760	0.32488	0.09421	0.26595	0.31496
V761	0.08372	0.5755	0.28151	0.05927
V762	0.04973	0.41798	0	0.53229
V763	0.41316	0.37824	0	0.20859
V764	0.03973	0.90478	0.00417	0.05131
V765	0.67781	0.08736	0	0.23483
V766	0.02982	0.35497	0.43351	0.1817
V767	0.47905	0.15565	0.23824	0.12706
V768	0.09322	0.87268	0.02449	0.00961
V769	0.1701	0.79707	0.03283	0
V770	0.04549	0.93247	0.0159	0.00614
V771	0.16279	0.05657	0.78063	0
V772	0.12774	0.08524	0.78702	0
V773	0.19245	0.80755	0	0
V774	0.02001	0.03878	0.90776	0.03346
V775	0.17583	0.08665	0.26276	0.47476
V776	0.44243	0.43533	0.0348	0.08744
V777	0.2397	0.16671	0.11271	0.48089
V778	0.5401	0.30276	0.04882	0.10832
V779	0.19383	0.08082	0.48538	0.23997
V780	0.12268	0.73329	0.14403	0
V781	0.1697	0.10159	0.00499	0.72372
V782	0	0.17058	0.77727	0.05215
V783	0.7887	0.03499	0.03426	0.14204
V784	0.13926	0.84465	0.0161	0
V785	0.07434	0.89855	0.01327	0.01384
V786	0.70621	0.18442	0.07724	0.03213
V787	0	0.81767	0.18233	0
V788	0.50381	0.32321	0.15022	0.02276
V789	0.13475	0.3998	0	0.46545
V790	0.49767	0.05597	0.05176	0.3946
V791	0.15378	0.39708	0.32484	0.1243
V792	0.17547	0.54007	0	0.28446
V793	0.16019	0.65751	0.0195	0.1628
V794	0.04755	0.12955	0.76372	0.05918
V795	0.21161	0.10069	0.03128	0.65641
V796	0.02383	0.1335	0.82822	0.01446
V797	0.7464	0.00497	0.24424	0.00439
V798	0.61648	0.3131	0.07042	0
V799	0.16527	0.75967	0.02172	0.05335
V800	0.10316	0.06814	0.50326	0.32544
V801	0.17762	0.16535	0.31261	0.34442
V802	0.09757	0.1338	0.25629	0.51235
V803	0.2208	0.50639	0.27281	0
V804	0.51361	0.03884	0.39139	0.05617
V805	0.02484	0.03795	0.93721	0
V806	0.08307	0.87946	0.01076	0.02671
V807	0.32291	0.19911	0	0.47798
V808	0.66051	0.29181	0.02718	0.0205
V809	0.03936	0.08835	0.87229	0
V810	0.04797	0.94519	0	0.00683
V811	0.44417	0.1069	0.19108	0.25785
V812	0.5545	0.29245	0.02633	0.12672
V813	0.5819	0.2213	0.19065	0.00614
V814	0.43751	0.52244	0.04005	0
V815	0.00539	0.89203	0.10258	0
V816	0.92309	0.002	0.0749	0
V817	0.02632	0.12698	0.84156	0.00515
V818	0.08656	0.13955	0.02668	0.7472
V819	0.81133	0.10756	0.03897	0.04214
V820	0.2227	0.14918	0	0.62812
V821	0.22456	0.34027	0.38644	0.04873
V822	0.06988	0.07063	0.84285	0.01663
V823	0.02427	0.23594	0.66686	0.07293
V824	0.08172	0.38088	0.5374	0
V825	0.24405	0.32341	0.24123	0.1913
V826	0.4284	0.41641	0.15519	0
V827	0.39832	0.59306	0	0.00861
V828	0.27959	0.21487	0.07988	0.42565
V829	0.11846	0.30173	0	0.57981
V830	0.2821	0.2662	0	0.45169
V831	0.76748	0.11758	0.0082	0.10674
V832	0.28712	0.4191	0.15991	0.13386
V833	0.17288	0.51626	0.17716	0.1337
V834	0.35533	0.11927	0.04752	0.47787
V835	0.37033	0.46074	0.11072	0.05821
V836	0.05024	0.67567	0	0.27409
V837	0.2443	0.40259	0.18111	0.17201
V838	0.90431	0.07135	0.02066	0.00367
V839	0.30777	0.58985	0.10237	0
V840	0.30608	0.69122	0.0027	0
V841	0	0.09791	0.85591	0.04619
V842	0.36608	0.20351	0.24845	0.18195
V843	0.01658	0.0758	0.8444	0.06322
V844	0.15329	0.13717	0.36474	0.3448
V845	0.06914	0.15583	0.72547	0.04956
V846	0	0.06671	0.75302	0.18028
V847	0.09139	0.05079	0.06535	0.79248
V848	0.1194	0.52294	0.16587	0.19179
V849	0.00662	0.94098	0.01759	0.03481
V850	0.94037	0	0.02111	0.03852
V851	0.33271	0.51501	0.15228	0
V852	0.19209	0.10415	0.10655	0.59721
V853	0.25069	0.25997	0.39323	0.09611
V854	0.59025	0.20049	0.08997	0.11929
V855	0.09139	0.05079	0.06535	0.79248
V856	0.06757	0.38561	0.34556	0.20127
V857	0.67458	0.20625	0.00717	0.11201
V858	0.53237	0.03505	0.43258	0
V859	0.65816	0.25832	0	0.08353
V860	0.26644	0.16978	0.01613	0.54765
V861	0.08927	0.36992	0.54081	0
V862	0.13509	0.13189	0.70295	0.03007
V863	0.28376	0.08587	0	0.63037
V864	0.17794	0.09981	0.02917	0.69308
V865	0.18284	0.04604	0.25329	0.51783
V866	0.70665	0.03582	0.25574	0.00179
V867	0.7017	0.04524	0.25307	0
V868	0.50787	0.30243	0.12816	0.06155
V869	0.05993	0.92851	0.00991	0.00165
V870	0.16598	0.37042	0	0.4636
V871	0.00662	0.94098	0.01759	0.03481
V872	0.08443	0.07372	0.2299	0.61196
V873	0.86102	0.05131	0.04546	0.0422
V874	0.2114	0.75685	0.03175	0
V875	0.07305	0.24724	0.18481	0.49489
V876	0.16851	0.35336	0.40971	0.06842
V877	0.06979	0.42535	0.29383	0.21102
V878	0.14867	0.77466	0.07667	0
V879	0.21857	0.68265	0.03755	0.06123
V880	0.33085	0.54514	0	0.12401
V881	0.15969	0.08544	0.59018	0.16469
V882	0.79231	0	0.13175	0.07595
V883	0.26395	0.21996	0.51609	0
V884	0.09394	0.29935	0	0.60671
V885	0.69593	0.2245	0.07957	0
V886	0.02419	0.394	0.46614	0.11567
V887	0.62912	0.08827	0.15259	0.13002
V888	0.10543	0.09214	0.72693	0.0755
V889	0.89031	0.07749	0.00406	0.02815
V890	0.04265	0.19407	0.60751	0.15577
V891	0.60726	0.07646	0.28548	0.0308
V892	0.33409	0.20783	0	0.45808
V893	0.56735	0.24138	0.14681	0.04446
V894	0.07183	0.34105	0.57344	0.01368
V895	0.58617	0.0903	0.19399	0.12953
V896	0.07579	0.90693	0.00303	0.01425
V897	0.6878	0.26394	0	0.04825
V898	0.51423	0	0	0.48577
V899	0.0926	0.24877	0.12032	0.53832
V900	0.10137	0.33179	0.35586	0.21098
V901	0.07115	0.82226	0	0.10659
V902	0.07735	0.86023	0.06242	0
V903	0.00725	0.44009	0.52945	0.0232
V904	0.06009	0.93913	0	0.00079
V905	0.23325	0.02245	0.16695	0.57735
V906	0.43787	0.12893	0.08237	0.35083
V907	0.44649	0.51981	0.00058	0.03312
V908	0.10466	0.12113	0.05869	0.71553
V909	0.16213	0.78586	0	0.05201
V910	0.25595	0.02089	0.10965	0.61352
V911	0.52347	0.40854	0.01588	0.05211
V912	0.40133	0.35374	0.11037	0.13456
V913	0.25025	0.02229	0	0.72746
V914	0.19339	0.4986	0.29808	0.00993
V915	0.32393	0.01173	0	0.66434
V916	0.24382	0.09522	0.63286	0.0281
V917	0.69918	0.04723	0.16571	0.08789
V918	0.06347	0.62676	0.24042	0.06935
V919	0.22181	0.27333	0.28493	0.21992
V920	0.60608	0.22867	0.08242	0.08283
V921	0.11982	0.22733	0	0.65285
V922	0.1112	0.47442	0.39324	0.02114
V923	0.19707	0.0734	0.02601	0.70352
V924	0.05103	0.65877	0.28473	0.00547
V925	0.27497	0.07148	0	0.65355
V926	0.29644	0.06712	0	0.63644
V927	0.12684	0.11001	0.04158	0.72157
V928	0.08196	0.86825	0	0.04979
V929	0.08421	0.64178	0.12994	0.14406
V930	0.51669	0.39124	0.01265	0.07942
V931	0.14156	0.30529	0.50292	0.05024
V932	0.04775	0.16573	0.59408	0.19244
V933	0.60061	0.39939	0	0
V934	0.05603	0.20617	0.26057	0.47723
V935	0.54444	0.19317	0.20851	0.05387
V936	0.5355	0.29206	0	0.17244
V937	0.5532	0.16324	0.06357	0.22
V938	0.39197	0.07984	0.29885	0.22934
V939	0.75245	0.03574	0.0621	0.14971
V940	0.04524	0.77052	0.16448	0.01976
V941	0	0.04075	0.94001	0.01923
V942	0.72508	0.21355	0.05813	0.00324
V943	0.38448	0.1633	0.4189	0.03332
V944	0.08714	0.32136	0.03513	0.55637
V945	0.56384	0.36554	0	0.07062
V946	0.44493	0.28642	0.25656	0.01209
V947	0.1524	0.10229	0.20979	0.53552
V948	0.32646	0.06398	0.60675	0.00281
V949	0.05347	0.17353	0.18866	0.58435
V950	0.08075	0.54516	0.21118	0.16291
V951	0.80562	0.03461	0.15978	0
V952	0.12335	0.1841	0.24424	0.44832
V953	0.01216	0.10768	0.85183	0.02834
V954	0.10503	0.2383	0.11923	0.53744
V955	0.16613	0.61193	0.00257	0.21938
V956	0.07395	0.07372	0.49886	0.35347
V957	0.39594	0.02738	0	0.57667
V958	0.20974	0.00854	0	0.78172
V959	0.23368	0.29098	0.42621	0.04913
V960	0.28312	0.31592	0.04895	0.35201
V961	0.15016	0.4051	0.34844	0.09629
V962	0.35629	0.20498	0.3886	0.05013
V963	0.57952	0.20152	0.15518	0.06378
V964	0.81426	0.04972	0.10077	0.03525
V965	0.08577	0.51702	0.18631	0.2109
V966	0.92648	0.04007	0	0.03345
V967	0.08896	0.09135	0.51409	0.3056
V968	0	0.19907	0.75359	0.04734
V969	0.08009	0.34072	0.00568	0.57351
V970	0.06898	0.17336	0.4116	0.34606
V971	0.48662	0.11853	0.33138	0.06346
V972	0.52486	0.23753	0.01802	0.2196
V973	0.29906	0.44273	0.05877	0.19943
V974	0.02533	0.76917	0.14203	0.06347
V975	0.09509	0.30961	0.59529	0
V976	0.44942	0.28001	0.09834	0.17223
V977	0.30824	0.36142	0.33035	0
V978	0.15916	0.15795	0.03555	0.64734
V979	0.77825	0.03502	0.18673	0
V980	0.9633	0	0	0.0367
V981	0.34488	0.06406	0.4275	0.16356
V982	0.4504	0.41613	0.0645	0.06897
V983	0.70772	0.06544	0	0.22684
V984	0.03597	0.81174	0.12894	0.02336
V985	0.15418	0.22669	0	0.61913
V986	0.34416	0.53373	0.03546	0.08664
V987	0.26433	0.73567	0	0
V988	0.30507	0.04794	0	0.64698
V989	0.44747	0.47683	0.07569	0
V990	0	0.10413	0.7793	0.11657
V991	0.64505	0.35495	0	0
V992	0.22373	0.04178	0.51338	0.22111
V993	0.08875	0.70527	0.18124	0.02474
V994	0.21022	0.75887	0.03091	0
V995	0.73334	0.13745	0.00638	0.12284
V996	0.33091	0.15098	0	0.5181
V997	0.02139	0.06162	0.81379	0.1032
V998	0.85085	0.02907	0.06317	0.05691
V999	0.14781	0.85219	0	0
V1000	0.37757	0.03667	0	0.58575
