B_cells	NK_cells	T_cells_CD4.	Monocytes
V1	0.57744	0.01437	0.17585	0.23234
V2	0.21882	0.11899	0.04217	0.62002
V3	0.0911	0.64142	0.01548	0.252
V4	0.85687	0.1211	0	0.02203
V5	0.1318	0.49111	0.26372	0.11337
V6	0.10947	0.84425	0.04336	0.00293
V7	0.18417	0.38873	0.08404	0.34306
V8	0.14735	0.04476	0.79569	0.0122
V9	0.28697	0.26652	0.02582	0.42068
V10	0.03633	0.05268	0.87632	0.03467
V11	0.21306	0.36582	0.42112	0
V12	0.04076	0.58518	0.37406	0
V13	0.28976	0.69298	0.01726	0
V14	0.09943	0.87587	0.0247	0
V15	0.14622	0.60347	0.13645	0.11386
V16	0.88051	0.05626	0.02382	0.03941
V17	0.11945	0.84582	0.03214	0.0026
V18	0.57672	0.35444	0.05133	0.01751
V19	0.18477	0.79434	0.02088	0
V20	0.20365	0.48701	0.01553	0.29382
V21	0.14803	0.10131	0.74328	0.00738
V22	0.0613	0.13068	0.20955	0.59847
V23	0.38049	0.06986	0.54965	0
V24	0.91699	0.04438	0.03863	0
V25	0.37071	0.26248	0.12878	0.23803
V26	0.41965	0.40294	0.0146	0.16281
V27	0.18436	0.09196	0.0066	0.71708
V28	0	0.10014	0.89986	0
V29	0.44611	0.05538	0.49176	0.00675
V30	0.13317	0.25362	0.27871	0.33449
V31	0.23194	0.22569	0.29572	0.24665
V32	0.17085	0.05439	0.03436	0.7404
V33	0.06357	0.51494	0.36278	0.05871
V34	0.14734	0.08086	0.76145	0.01035
V35	0.1876	0.70802	0.10383	0.00054
V36	0.03461	0.07814	0.48546	0.40178
V37	0.56841	0.0838	0.0973	0.2505
V38	0.47047	0.00128	0.18112	0.34712
V39	0.18966	0.56894	0.14435	0.09705
V40	0.1163	0.78703	0.09668	0
V41	0.03001	0.6946	0.06234	0.21305
V42	0.27684	0.04865	0.21362	0.46088
V43	0.1476	0.36334	0.48907	0
V44	0.02803	0.12371	0.72514	0.12313
V45	0.12135	0.59245	0.23523	0.05097
V46	0.7862	0.08591	0.12789	0
V47	0.45434	0.21386	0.31405	0.01775
V48	0.80237	0.1782	0.00434	0.01509
V49	0.73893	0.19265	0	0.06842
V50	0.09127	0.80105	0.10768	0
V51	0.32407	0.41144	0.26448	0
V52	0.04241	0.15848	0.78673	0.01238
V53	0.71615	0.12988	0.15397	0
V54	0.42512	0.21448	0.3604	0
V55	0.25268	0.15903	0.24346	0.34483
V56	0.12673	0.03848	0.09728	0.73752
V57	0.12674	0.83027	0.04299	0
V58	0.67438	0.01025	0.0389	0.27648
V59	0.44442	0.41693	0.1188	0.01984
V60	0.16582	0.1895	0.32926	0.31542
V61	0.80353	0.11598	0.0058	0.07469
V62	0.8616	0.05035	0.07627	0.01178
V63	0.04203	0.81003	0.14794	0
V64	0.04122	0.86531	0	0.09346
V65	0.08837	0.01211	0.12744	0.77208
V66	0.24151	0.68745	0.03291	0.03813
V67	0.16257	0.34618	0.49126	0
V68	0.22583	0.17959	0.00623	0.58835
V69	0.03858	0.34618	0.59948	0.01576
V70	0.54692	0.17183	0.18615	0.0951
V71	0.20068	0.10308	0.38007	0.31618
V72	0.58499	0.17589	0.09747	0.14165
V73	0.17706	0.61498	0.15722	0.05074
V74	0.06158	0.24993	0.68849	0
V75	0.71455	4e-04	0.20709	0.07796
V76	0.02382	0.2179	0.19216	0.56611
V77	0.09024	0.32531	0	0.58445
V78	0.34475	0.14126	0.18896	0.32503
V79	0.01482	0.14878	0.7778	0.0586
V80	0.36678	0.04789	0.52885	0.05648
V81	0.06902	0.19754	0.73344	0
V82	0	0.12417	0.87583	0
V83	0.19296	0.21104	0.06985	0.52615
V84	0.43555	0.06101	0.16776	0.33567
V85	0.12962	0.34644	0.40092	0.12302
V86	0.06484	0.09957	0.81285	0.02274
V87	0.06405	0.81505	0.08145	0.03945
V88	0.21275	0.08688	0.27651	0.42385
V89	0.08011	0.04508	0.21107	0.66374
V90	0.0585	0.8568	0.0847	0
V91	0.05881	0.72796	0.21098	0.00225
V92	0.47187	0.04328	0.38224	0.10261
V93	0.8862	0.01865	0	0.09515
V94	0.05561	0.48559	0.02022	0.43857
V95	0.27964	0.44757	0.16752	0.10526
V96	0.15268	0.14053	0.01352	0.69327
V97	0.67245	0.11794	0.20961	0
V98	0.69741	0.30036	0	0.00223
V99	0.78623	0.06011	0.15366	0
V100	0.09649	0.07576	0.82079	0.00697
V101	0.1103	0.09611	0	0.79359
V102	0.90292	0.07013	0.00391	0.02305
V103	0.07199	0.08614	0.0997	0.74217
V104	0.06705	0.90536	0.02759	0
V105	0.09001	0.87421	0.03579	0
V106	0.14162	0.52565	0.3304	0.00233
V107	0.20337	0.23722	0.54495	0.01446
V108	0.1636	0.72478	0.11162	0
V109	0.02686	0.20691	0.5864	0.17982
V110	0.0895	0.84389	0.06444	0.00218
V111	0.901	0	0.09038	0.00861
V112	0.16411	0.09722	0.4325	0.30617
V113	0.24002	0.13615	0.18228	0.44155
V114	0.30924	0.06587	0.08276	0.54213
V115	0.02251	0.7329	0.24459	0
V116	0.16463	0.34305	0.36937	0.12295
V117	0.67593	0.26271	0.03898	0.02238
V118	0.19506	0.59175	0.04286	0.17033
V119	0.19011	0.11178	0.04477	0.65335
V120	0.09518	0.11723	0.78759	0
V121	0.60767	0.14502	0.0972	0.15011
V122	0.9175	0.0201	0.02632	0.03608
V123	0.03569	0.54921	0.05446	0.36064
V124	0.6671	0.29352	0	0.03938
V125	0.39532	0.42011	0.18456	0
V126	0.10183	0.18932	0.04665	0.6622
V127	0.2152	0.07511	0.26639	0.4433
V128	0.10802	0.04255	0.12076	0.72866
V129	0.57755	0.24811	0.17033	0.00401
V130	0.02012	0.64476	0.33512	0
V131	0.05852	0.88426	0.00936	0.04786
V132	0.90347	0.01425	0.04316	0.03912
V133	0.88744	0.0297	0.06367	0.01919
V134	0.14384	0.42408	0.13765	0.29444
V135	0.14486	0.04611	0.18938	0.61966
V136	0.28611	0.42784	0.00187	0.28418
V137	0.64948	0.05207	0.25061	0.04784
V138	0.23735	0.42369	0.18703	0.15193
V139	0.37659	0.23301	0.20013	0.19026
V140	0.10034	0.13336	0.05253	0.71377
V141	0.08521	0.20105	0.53388	0.17985
V142	0.78367	0.00564	0.21069	0
V143	0.45545	0.28388	0.06872	0.19194
V144	0.21508	0.19096	0.17258	0.42137
V145	0	0.75065	0.24935	0
V146	0.15577	0.03956	0.04573	0.75894
V147	0.88767	0.03723	0.02532	0.04978
V148	0.15297	0.11593	0.56924	0.16186
V149	0.26897	0.50606	0.22497	0
V150	0.10569	0.28264	0.57009	0.04158
V151	0.23454	0.62978	0.04703	0.08865
V152	0.25326	0.45827	0.22891	0.05956
V153	0.13882	0.74801	0.0337	0.07947
V154	0.25872	0.46428	0.277	0
V155	0.4798	0.17092	0.28444	0.06484
V156	0.04743	0.19081	0.67327	0.08849
V157	0.32808	0.18947	0.31124	0.17121
V158	0.11577	0.00972	0.07442	0.80009
V159	0.8723	0.07638	0	0.05132
V160	0.71596	0.00824	0.06948	0.20632
V161	0.29061	0.02104	0.0344	0.65395
V162	0.11071	0.3422	0.08535	0.46174
V163	0.12469	0.5141	0.18277	0.17844
V164	0.3665	0.33285	0.11029	0.19036
V165	0.06139	0.30062	0	0.638
V166	0.06611	0.14557	0.07379	0.71453
V167	0.42172	0	0.00266	0.57562
V168	0.30633	0.57087	0.09627	0.02652
V169	0.26303	0.0832	0.03373	0.62003
V170	0.13816	0.06005	0.52552	0.27627
V171	0.14964	0.28041	0.56564	0.00431
V172	0.71415	0.00454	0.28131	0
V173	0.09049	0.19112	0.03808	0.68031
V174	0.06775	0.21128	0.07804	0.64293
V175	0.08595	0.05406	0.77241	0.08759
V176	0.02553	0.78391	0.19056	0
V177	0.04563	0.93573	0.00751	0.01114
V178	0.03783	0.77909	0.01859	0.1645
V179	0.2057	0.03942	0.38975	0.36514
V180	0.0513	0.84837	0.10033	0
V181	0.18448	0.17448	0.52514	0.1159
V182	0.31334	0.21659	0.44563	0.02445
V183	0.2006	0.77766	0.02175	0
V184	0.95785	0.00055	0.0416	0
V185	0.57192	0.40831	0.01977	0
V186	0.14263	0.49848	0.27257	0.08632
V187	0.91714	0.0214	0.04524	0.01622
V188	0.11537	0.26483	0	0.6198
V189	0.82195	0.02991	0.01607	0.13207
V190	0.65113	0.03155	0.31732	0
V191	0.20398	0.24751	0.54488	0.00363
V192	0.32755	0.48099	0.05753	0.13394
V193	0.60892	0.05025	0.24284	0.09799
V194	0.07318	0.89345	0.02404	0.00933
V195	0.03741	0.08974	0.86694	0.00591
V196	0.08378	0.13503	0.00178	0.77941
V197	0.46842	0.06838	0.01671	0.4465
V198	0.08684	0.52127	0.37115	0.02074
V199	0.22674	0.05006	0.18615	0.53705
V200	0.16474	0.58688	0.02241	0.22597
V201	0.12157	0.56823	0.20505	0.10515
V202	0.03484	0.0748	0.7596	0.13076
V203	0.17858	0.44012	0.38131	0
V204	0.04609	0.57375	0.00473	0.37543
V205	0.04015	0.11612	0.83888	0.00486
V206	0.06314	0.14607	0.79078	0
V207	0.19359	0.23213	0.04825	0.52602
V208	0.25724	0.10677	0.63599	0
V209	0.32563	0.48114	0.07757	0.11565
V210	0.11521	0.74975	0.11515	0.01989
V211	0.47927	0.0273	0.02947	0.46395
V212	0.50813	0.06998	0.42142	0.00048
V213	0.65346	0.04197	0.11659	0.18798
V214	0.36312	0.19203	0.16825	0.2766
V215	0.3537	0.12917	0.00415	0.51297
V216	0.14633	0.00204	0.06308	0.78855
V217	0.06592	0.51926	0.24605	0.16877
V218	0.1259	0.47648	0.18117	0.21646
V219	0.14111	0.65436	0.01696	0.18758
V220	0.03773	0.82986	0.02256	0.10985
V221	0.82549	0.0119	0	0.16261
V222	0.33393	0.17037	0.36057	0.13513
V223	0.01595	0.19605	0.741	0.047
V224	0.94819	0	0.05181	0
V225	0.08471	0.83325	0.08204	0
V226	0.31042	0.12124	0.56834	0
V227	0.78409	0.00618	0.20564	0.00409
V228	0.76783	0.08118	0.07083	0.08016
V229	0.04016	0.08241	0.85925	0.01818
V230	0.09878	0.08146	0.03484	0.78492
V231	0.05135	0.32822	0.11722	0.50322
V232	0.08035	0.67866	0	0.24099
V233	0.57043	0.11141	0.20439	0.11377
V234	0.07171	0.87117	0.05712	0
V235	0.38382	0.09903	0.5148	0.00235
V236	0.0633	0.12561	0.76225	0.04885
V237	0.24341	0.02398	0.03998	0.69263
V238	0.15333	0.56103	0.27303	0.01262
V239	0.11108	0.44304	0.01443	0.43144
V240	0.49255	0.06846	0.41567	0.02332
V241	0.03531	0.06051	0.86102	0.04316
V242	0.15111	0.73551	0.11337	0
V243	0.25597	0.08548	0.61124	0.0473
V244	0.22518	0.03725	0.68117	0.0564
V245	0.5999	0.30697	0.05727	0.03586
V246	0.07339	0.20163	0.72497	0
V247	0.16675	0.06987	0.76338	0
V248	0.10456	0.07834	0.05742	0.75968
V249	0	0.1058	0.84704	0.04716
V250	0.76162	0.00611	0.23226	0
V251	0.91595	0.06433	0.00709	0.01263
V252	0.02513	0.80417	0.1707	0
V253	0.40244	0.09414	0.16792	0.33549
V254	0.03705	0.88401	0.07894	0
V255	0.08174	0.89295	0.00289	0.02242
V256	0.19395	0.25488	0.50052	0.05064
V257	0.44227	0.1287	0.2367	0.19233
V258	0.19663	0.30143	0.41582	0.08612
V259	0.05131	0.33624	0.60658	0.00586
V260	0	0.32289	0.67711	0
V261	0.62336	0.04642	0.20501	0.12521
V262	0.1825	0.1016	0.00506	0.71084
V263	0.05473	0.9238	0.00694	0.01453
V264	0.19797	0.0727	0.43216	0.29717
V265	0.10421	0.01822	0.15734	0.72023
V266	0.647	0.34321	0.00979	0
V267	0.01122	0.23151	0.29815	0.45912
V268	0.42987	0.03762	0.15001	0.3825
V269	0.02045	0.57393	0.39316	0.01247
V270	0.64312	0.04108	0.25134	0.06446
V271	0.79597	0.07973	0.03375	0.09056
V272	0.08689	0.81466	0.0277	0.07074
V273	0.14868	0.05752	0.04772	0.74609
V274	0.70842	0.00044	0.19741	0.09373
V275	0	0.09553	0.88943	0.01504
V276	0.52043	0.35288	0.00562	0.12107
V277	0.07544	0.2541	0.16763	0.50282
V278	0.08182	0.09799	0.29985	0.52034
V279	0.69067	0.07257	0.11753	0.11924
V280	0.11577	0.00972	0.07442	0.80009
V281	0.56755	0.04434	0.14681	0.2413
V282	0.07458	0.12548	0.76614	0.03381
V283	0.23551	0.58424	0.07379	0.10646
V284	0.05722	0.85838	0.0844	0
V285	0.0824	0.05526	0.86234	0
V286	0.26562	0.55021	0.12321	0.06097
V287	0.12894	0.83648	0.03211	0.00247
V288	0.03035	0.3253	0.42873	0.21562
V289	0.29356	0.25592	0.40925	0.04126
V290	0.81946	0.16218	0.01836	0
V291	0.48207	0.0981	0.41983	0
V292	0.91836	0.01469	0	0.06695
V293	0.30723	0.05639	0.62313	0.01326
V294	0.13369	0.39769	0	0.46862
V295	0.05364	0.22429	0.19934	0.52273
V296	0.19358	0.16782	0.58612	0.05247
V297	0.16373	0.01039	0.09604	0.72984
V298	0.30005	0.14018	0.55977	0
V299	0.12316	0.31951	0	0.55734
V300	0.03262	0.07238	0.24419	0.65081
V301	0.13958	0.16193	0.61893	0.07955
V302	0.65923	0.34077	0	0
V303	0.00223	0.61201	0.38577	0
V304	0.07494	0.07848	0.72229	0.12429
V305	0.14357	0.20504	0.45219	0.1992
V306	0.79425	0.10841	0.05584	0.0415
V307	0.05469	0.89986	0.04036	0.0051
V308	0.25015	0.26506	0.29566	0.18912
V309	0.36558	0.34174	0.01743	0.27525
V310	0.11312	0.35584	0.15737	0.37368
V311	0.52091	0.46706	0.01203	0
V312	0.12164	0.71749	0.16087	0
V313	0.04377	0.16711	0.01631	0.7728
V314	0.04078	0.51411	0.12178	0.32333
V315	0.15038	0.63461	0.04562	0.16939
V316	0.32191	0.17181	0.38069	0.12559
V317	0.1164	0.69965	0.06126	0.12269
V318	0.07415	0.58442	0.01247	0.32897
V319	0.07577	0.11858	0.79314	0.01251
V320	0.09468	0.1945	0.62192	0.08891
V321	0.637	0.35315	0.00986	0
V322	0.23212	0.35445	0.07018	0.34325
V323	0.13266	0.05193	0.09924	0.71618
V324	0.65445	0.26562	0.07778	0.00215
V325	0.31227	0.61763	0.0701	0
V326	0.00703	0.59945	0.10873	0.28479
V327	0.06695	0.19125	0.1081	0.63371
V328	0.06493	0.07964	0.72325	0.13219
V329	0.21879	0.14739	0.17282	0.461
V330	0.41032	0.03139	0.33722	0.22107
V331	0.39238	0.1137	0.0373	0.45663
V332	0.05727	0.09064	0.19097	0.66111
V333	0.42694	0.10545	0.38506	0.08256
V334	0.37585	0.0335	0.3591	0.23155
V335	0.03822	0.37373	0.50125	0.0868
V336	0.20104	0.69552	0.0319	0.07154
V337	0.29111	0.4143	0.2946	0
V338	0.00862	0.94034	0.04054	0.0105
V339	0.13362	0.04628	0.8201	0
V340	0.07122	0.27281	0.51358	0.14238
V341	0.09917	0.07504	0.07438	0.75141
V342	0.26083	0.03493	0.60515	0.09909
V343	0.92506	0.04163	0.00968	0.02362
V344	0.65682	0.16123	0.18195	0
V345	0.03952	0.09118	0.86929	0
V346	0.26002	0.14983	0.28424	0.3059
V347	0.11525	0.03886	0.13855	0.70734
V348	0.07803	0.65657	0.15998	0.10541
V349	0.34991	0.20072	0.37797	0.0714
V350	0.04198	0.77022	0.1878	0
V351	0.0548	0.07359	0.40098	0.47063
V352	0.06409	0.07378	0.81145	0.05068
V353	0.86061	0.03333	0.04016	0.06589
V354	0.06774	0.68547	0.2391	0.00769
V355	0.28817	0.11372	0.45318	0.14492
V356	0.10745	0.05552	0.10948	0.72755
V357	0.13573	0.36523	0.28147	0.21757
V358	0.56096	0.12467	0.0459	0.26847
V359	0.59584	0.07216	0.02678	0.30522
V360	0.5474	0.42417	0.02842	0
V361	0	0.46837	0.53163	0
V362	0.00995	0.93293	0.05101	0.00612
V363	0.18924	0.1611	0.45975	0.18991
V364	0.17138	0.1122	0.65421	0.06221
V365	0.33015	0.04728	0.00177	0.6208
V366	0.10387	0.68184	0.10108	0.1132
V367	0.5893	0.15382	0	0.25688
V368	0.11426	0.72034	0.10333	0.06206
V369	0.02492	0.41874	0.55633	0
V370	0.30038	0.30179	0.39783	0
V371	0.20965	0.70874	0.04369	0.03793
V372	0.22181	0.08469	0.12369	0.56981
V373	0.10205	0.18726	0.46484	0.24584
V374	0.76301	0.02492	0.21208	0
V375	0.1056	0.07546	0.15042	0.66851
V376	0.10493	0.06875	0.10633	0.71999
V377	0.80419	0	0.00721	0.1886
V378	0.04053	0.07521	0.41256	0.4717
V379	0.37577	0.22446	0	0.39978
V380	0.19822	0.10779	0.20396	0.49003
V381	0.73586	0.01914	0.09965	0.14535
V382	0.09428	0.08748	0.81824	0
V383	0.8261	0.00777	0.05711	0.10902
V384	0.56215	0.09711	0.13608	0.20466
V385	0.83667	0.02294	0.08544	0.05495
V386	0.34685	0.03065	0.15328	0.46922
V387	0.57344	0.17146	0.19556	0.05954
V388	0.37965	0.3512	0.15165	0.11749
V389	0.42493	0.51941	0.01641	0.03925
V390	0.28715	0.27651	0.43634	0
V391	0.45618	0.13055	0.00395	0.40932
V392	0.42769	0.24886	0.16887	0.15458
V393	0.28791	0.26356	0.34346	0.10506
V394	0.13826	0.26779	0.11385	0.4801
V395	0.23719	0.41429	0.20741	0.14111
V396	0.04056	0.91447	0.03003	0.01494
V397	0.75859	0.10195	0.11086	0.0286
V398	0.46356	0.16253	0.09602	0.27789
V399	0.21035	0.55635	0.16423	0.06907
V400	0.01242	0.61498	0.07854	0.29405
V401	0.0475	0.21144	0.69454	0.04653
V402	0.78272	0.17554	0.04173	0
V403	0.10009	0.06101	0.08647	0.75242
V404	0.10548	0.24391	0.59042	0.06019
V405	0.26923	0.05799	0.17431	0.49846
V406	0.63768	0.26659	0.01493	0.0808
V407	0.00862	0.94034	0.04054	0.0105
V408	0.11012	0.28735	0.39504	0.20749
V409	0.05096	0.07443	0.05449	0.82013
V410	0.11897	0.82825	0.05278	0
V411	0.48573	0.01069	0	0.50357
V412	0.17916	0.12023	0.49135	0.20926
V413	0.07997	0.51024	0.1933	0.21649
V414	0.05245	0.52724	0.33531	0.08501
V415	0.46011	0.05317	0.2372	0.24952
V416	0.02178	0.13217	0.84605	0
V417	0.38647	0.59746	0.01607	0
V418	0.12713	0.14464	0.14503	0.58319
V419	0.10773	0.00748	0.0842	0.80059
V420	0.00707	0.88621	0.04035	0.06637
V421	0.17137	0.08975	0.65768	0.08121
V422	0.13445	0.11507	0	0.75048
V423	0.09649	0.07576	0.82079	0.00697
V424	0	0.10794	0.62413	0.26793
V425	0.07012	0.2853	0.57506	0.06952
V426	0.10671	0.10221	0.75117	0.03991
V427	0.09406	0.42925	0.20127	0.27542
V428	0.11595	0.75426	0.07535	0.05444
V429	0.10171	0.02017	0.08361	0.79452
V430	0.73922	0.18405	0.01526	0.06147
V431	0.20763	0.06293	0.45164	0.2778
V432	0.17703	0.13274	0.04444	0.64578
V433	0.08775	0.7456	0	0.16666
V434	0.38115	0.10459	0.04715	0.46711
V435	0.53295	0.02303	0.12712	0.31689
V436	0.42214	0.0261	0.1216	0.43016
V437	0.2777	0.25639	0	0.46591
V438	0.61219	0.18274	0.02743	0.17763
V439	0.10786	0.14981	0	0.74233
V440	0.51836	0.05598	0.02682	0.39884
V441	0.08451	0.18237	0.58116	0.15196
V442	0.33033	0.36727	0.1416	0.1608
V443	0.7446	0.00897	0.09968	0.14675
V444	0.03952	0.09118	0.86929	0
V445	0.60345	0.04131	0.34453	0.01071
V446	0.06371	0.80839	0.08048	0.04742
V447	0.61555	0.11827	0.18533	0.08085
V448	0.06672	0.10982	0.19897	0.62449
V449	0.55354	0.06641	0.30134	0.07871
V450	0.15787	0.80936	0.03277	0
V451	0.90123	0.06424	0	0.03453
V452	0.11711	0.04242	0.09055	0.74992
V453	0.78649	0.09045	0.0735	0.04956
V454	0.01118	0.90014	0.08393	0.00475
V455	0.58927	0.0575	0.30865	0.04458
V456	0.33253	0.16072	0.37992	0.12683
V457	0.04988	0.1031	0.02475	0.82227
V458	0.30931	0.25432	0	0.43638
V459	0.03725	0.78155	0.11811	0.06309
V460	0.90881	0.01713	0.04427	0.0298
V461	0.15652	0.08458	0.00056	0.75834
V462	0.37927	0.2621	0	0.35864
V463	0.266	0.48555	0.1701	0.07836
V464	0.53406	0.11548	0	0.35046
V465	0.41342	0.4409	0.02744	0.11823
V466	0.59241	0.20425	0	0.20334
V467	0.32662	0.56719	0.09717	0.00902
V468	0.49742	0.40999	0.06048	0.03211
V469	0.04462	0.22792	0.29349	0.43397
V470	0.54012	0.15161	0.18597	0.1223
V471	0.31871	0.14061	0.02592	0.51476
V472	0.35188	0.34587	0	0.30225
V473	0.11515	0.54751	0.33734	0
V474	0.19533	0.003	0.12609	0.67559
V475	0.21446	0.42736	0.08379	0.27439
V476	0.23694	0.03722	0.06452	0.66131
V477	0.59427	0.05909	0.21403	0.13262
V478	0.16514	0.60537	0.0039	0.22559
V479	0.02526	0.14759	0.76863	0.05851
V480	0.12582	0.34996	0.04316	0.48107
V481	0.15518	0.07162	0.7732	0
V482	0.67656	0.1825	0.121	0.01994
V483	0.18985	0.14991	0.07222	0.58802
V484	0.09722	0.1231	0.02576	0.75392
V485	0.15006	0.73169	0.02233	0.09592
V486	0.29497	0.2992	0.13017	0.27567
V487	0.14787	0.08299	0.09087	0.67827
V488	0	0.06419	0.85892	0.07689
V489	0.21524	0.14845	0.63631	0
V490	0.35995	0.34274	0.06975	0.22756
V491	0.44629	0.472	0.04257	0.03914
V492	0.04823	0.79785	0.15391	0
V493	0.16248	0	0	0.83752
V494	0.20572	0.20345	0.50324	0.0876
V495	0.23542	0.6086	0.15598	0
V496	0.29479	0.68353	0	0.02168
V497	0.0386	0.05691	0.89617	0.00832
V498	0.35848	0.13758	0.04645	0.45749
V499	0.59311	0.27544	0.13145	0
V500	0.11759	0.17873	0.69232	0.01136
V501	0.05228	0.0279	0.09338	0.82645
V502	0.53765	0.29805	0.16305	0.00125
V503	0.23769	0.13723	0.20295	0.42213
V504	0.25267	0.68568	0.02339	0.03826
V505	0.22278	0.25663	0.25484	0.26575
V506	0.10657	0.29925	0.44331	0.15087
V507	0.60613	0.12605	0.12668	0.14113
V508	0.73406	0.18447	0.04583	0.03564
V509	0.24337	0.10753	0.49599	0.1531
V510	0.22622	0.50995	0.26383	0
V511	0.08553	0.45542	0.0481	0.41094
V512	0.29746	0.07818	0.08194	0.54243
V513	0.09975	0.63966	0.2278	0.03279
V514	0.08558	0.12438	0	0.79004
V515	0.75632	0.07994	0.05096	0.11279
V516	0.89465	0.09925	0	0.0061
V517	0.092	0.0654	0.25797	0.58464
V518	0.92625	0.05546	0	0.01829
V519	0.05668	0.85171	0.02123	0.07037
V520	0.05254	0.03868	0.62542	0.28336
V521	0.55188	0.07437	0.36486	0.00889
V522	0.01779	0.18512	0.56954	0.22755
V523	0.36619	0.16461	0.25888	0.21032
V524	0.02569	0.7577	0.21284	0.00376
V525	0.30099	0.24441	0.01588	0.43872
V526	0.64254	0.10172	0.07803	0.17771
V527	0.23459	0.05914	0.39943	0.30684
V528	0.13008	0.84096	0.00492	0.02404
V529	0.11033	0.10536	0.22665	0.55765
V530	0.01546	0.26105	0.6533	0.07019
V531	0.03699	0.82772	0.13529	0
V532	0.21424	0.36469	0.01891	0.40216
V533	0.29789	0.37948	0.14254	0.1801
V534	0.02707	0.07254	0.6959	0.20449
V535	0.59095	0	0.00575	0.4033
V536	0.22936	0.01073	0.39002	0.36989
V537	0.56816	0.27167	0.16018	0
V538	0.48272	0.07594	0.08833	0.35301
V539	0.27964	0.44757	0.16752	0.10526
V540	0.21958	0.67862	0.09267	0.00913
V541	0.04473	0.54055	0.07329	0.34143
V542	0.22908	0.17199	0.25435	0.34458
V543	0.872	0.01095	0.01338	0.10367
V544	0.15716	0.13226	0.17434	0.53623
V545	0.39504	0.1761	0.0661	0.36276
V546	0.07455	0.83426	0.09118	0
V547	0.05185	0.62982	0.31833	0
V548	0.16792	0.72859	0.10349	0
V549	0.32092	0.07556	0.60352	0
V550	0.61376	0.03156	0	0.35467
V551	0.19931	0.71888	0.05379	0.02801
V552	0.01768	0.57021	0.00935	0.40276
V553	0.23011	0.19454	0.57535	0
V554	0.13332	0.13445	0.01734	0.71488
V555	0.11522	0.27625	0.33241	0.27611
V556	0	0.09911	0.87265	0.02825
V557	0.81619	0.04093	0.0032	0.13967
V558	0.09531	0.77186	0.04528	0.08756
V559	0.02322	0.7715	0.20528	0
V560	0.68243	0.31757	0	0
V561	0	0.09553	0.88943	0.01504
V562	0.76999	0.01226	0.12894	0.08881
V563	0.24362	0.04589	0.71049	0
V564	0.07541	0.13768	0.78692	0
V565	0.14376	0.30521	0.3717	0.17933
V566	0.70128	0.11119	0	0.18753
V567	0.24826	0.47195	0.02417	0.25562
V568	0.30665	0.01789	0.06089	0.61457
V569	0.69691	0.02958	0	0.27351
V570	0.03759	0.33628	0.59193	0.03419
V571	0.80748	0.13559	0	0.05692
V572	0.44511	0.0395	0.43968	0.07571
V573	0.1263	0.21287	0	0.66083
V574	0.0567	0.75278	0.19052	0
V575	0.07098	0.13122	0.13052	0.66728
V576	0.1733	0.76793	0.05878	0
V577	0.09359	0.08567	0.21793	0.60281
V578	0.07446	0.1265	0.65697	0.14207
V579	0.0312	0.84375	0.12195	0.00311
V580	0.21879	0.02685	0.12159	0.63278
V581	0.14961	0.11963	0	0.73076
V582	0.58667	0.17419	0.02588	0.21326
V583	0.02232	0.10458	0.58872	0.28438
V584	0.50556	0.19065	0.29342	0.01037
V585	0.04444	0.05591	0.45123	0.44841
V586	0.24639	0.05681	0.63217	0.06464
V587	0.2739	0.06005	0.66089	0.00516
V588	0.64453	0.06155	0.01679	0.27713
V589	0.08478	0.78792	0.08896	0.03834
V590	0.06312	0.73041	0.20646	0
V591	0.03468	0.08171	0.21575	0.66786
V592	0.15695	0.08726	0.7558	0
V593	0.59534	0	0.19881	0.20585
V594	0.33747	0.31904	0.33123	0.01226
V595	0.12029	0.07554	0.03076	0.77341
V596	0.06391	0.33037	0.23132	0.3744
V597	0	0.59947	0.35005	0.05048
V598	0.03198	0.17772	0.7903	0
V599	0.61541	0.33134	0.04215	0.0111
V600	0.36625	0.4839	0.05936	0.09049
V601	0.20231	0.31473	0.08129	0.40167
V602	0.12727	0.08487	0.01013	0.77772
V603	0.05065	0.41314	0.00887	0.52733
V604	0.50347	0.15437	0.33957	0.00259
V605	0.08395	0.37134	0.39481	0.14991
V606	0.71895	0.17541	0.00271	0.10293
V607	0.6561	0.02069	0.11697	0.20625
V608	0.23634	0.20719	0.37676	0.17971
V609	0.05575	0.28935	0.24131	0.41359
V610	0.75692	0.03149	0.0994	0.11218
V611	0.34699	0.01627	0.05823	0.57851
V612	0.03817	0.15668	0.76344	0.04171
V613	0.05132	0.37303	0.56997	0.00568
V614	0.74883	0.08048	0.05026	0.12043
V615	0.21082	0.09284	0	0.69635
V616	0.10567	0.70126	0.06126	0.13181
V617	0.45197	0.18695	0.36108	0
V618	0.74027	0.00557	0	0.25416
V619	0.39954	0.05947	0.31958	0.22142
V620	0.02012	0.64476	0.33512	0
V621	0.43365	0.1887	0.1773	0.20036
V622	0.35451	0.2599	0.38559	0
V623	0.07045	0.12104	0.15033	0.65818
V624	0.78369	0.20303	0	0.01328
V625	0.28003	0.50471	0.10935	0.10591
V626	0.92101	0.04466	0	0.03433
V627	0.04679	0.06968	0.09524	0.78829
V628	0.03511	0.27418	0.0115	0.6792
V629	0.14941	0.33335	0.28031	0.23693
V630	0.05104	0.3732	0.56166	0.0141
V631	0.06124	0.2428	0.10801	0.58796
V632	0.60055	0	0.14747	0.25197
V633	0	0.10143	0.80755	0.09102
V634	0.38319	0.28653	0.33028	0
V635	0.05803	0.76302	0.01405	0.1649
V636	0.13968	0.16124	0.61024	0.08883
V637	0.33637	0.23308	0.08676	0.34378
V638	0.39541	0.28929	0.06793	0.24737
V639	0.26325	0.43046	0.30629	0
V640	0.04919	0.21221	0.71591	0.02269
V641	0.85799	0.05395	0.0296	0.05847
V642	0.75414	0.18282	0	0.06305
V643	0.02158	0.24356	0.44994	0.28492
V644	0.88448	0.09332	0.00425	0.01795
V645	0.26526	0.42248	0.31226	0
V646	0.04874	0.91717	0.033	0.0011
V647	0.1597	0.14491	0.66787	0.02752
V648	0.41126	0.43985	0.14888	0
V649	0.0404	0.12931	0.79463	0.03566
V650	0.0736	0.15335	0.73322	0.03982
V651	0.3058	0.04278	0.65142	0
V652	0.11883	0.14163	0.4348	0.30474
V653	0.14633	0.65616	0.11949	0.07802
V654	0.67843	0.21747	0.06407	0.04003
V655	0.07237	0.59445	0.02483	0.30835
V656	0.25337	0.30668	0	0.43995
V657	0.10148	0.13128	0	0.76724
V658	0.59235	0.23388	0.05979	0.11398
V659	0.33803	0.12859	0.36098	0.1724
V660	0.06482	0.91617	0.00661	0.0124
V661	0.09481	0.45521	0.05802	0.39195
V662	0.41309	0.05072	0.46167	0.07452
V663	0.24856	0.12246	0.5481	0.08088
V664	0.2126	0.12161	0.64733	0.01846
V665	0.67474	0.208	0.04201	0.07524
V666	0.60355	0	0.1077	0.28875
V667	0.74484	0.08502	0.17015	0
V668	0.13434	0.76166	0.10399	0
V669	0.24271	0.43098	0.25793	0.06838
V670	0.11172	0.88055	0.00263	0.00511
V671	0.36189	0.31509	0.2614	0.06162
V672	0.03692	0.09378	0.84703	0.02226
V673	0.24636	0.39342	0.23721	0.12301
V674	0.71065	0.16681	0.01145	0.1111
V675	0.15615	0.3637	0.32103	0.15912
V676	0.08232	0.16007	0.10875	0.64886
V677	0.38789	0.41573	0.10583	0.09056
V678	0.51051	0.46819	0.0213	0
V679	0.05652	0.34739	0.59609	0
V680	0.31069	0.53766	0.15165	0
V681	0.86984	0.0833	0.01151	0.03534
V682	0.12784	0.3394	0.5297	0.00306
V683	0.04451	0.91232	0.04318	0
V684	0.67885	0.18021	0.1023	0.03864
V685	0.48725	0.35804	0.13487	0.01985
V686	0.13729	0.22745	0.15449	0.48077
V687	0.1262	0.05541	0.04056	0.77783
V688	0.38756	0.51284	0	0.0996
V689	0.31879	0	0.05622	0.62499
V690	0.46345	0.0786	0.41825	0.0397
V691	0.16274	0.04864	0.78862	0
V692	0.09528	0.19777	0.67024	0.03671
V693	0.25126	0.15345	0.36622	0.22906
V694	0.05104	0.07066	0.30044	0.57786
V695	0.29431	0.02199	0.16576	0.51794
V696	0.15687	0.13377	0.00261	0.70675
V697	0.08806	0.12033	0.00435	0.78726
V698	0.8262	0.01106	0.00763	0.15511
V699	0.5545	0.30336	0.07328	0.06886
V700	0.301	0.04712	0	0.65188
V701	0.13835	0.54173	0.1232	0.19672
V702	0.56746	0.0997	0	0.33284
V703	0.15956	0.10013	0.48329	0.25702
V704	0.8079	0.06032	0.02408	0.1077
V705	0.92171	0	0.02733	0.05096
V706	0.09589	0.11093	0.7369	0.05627
V707	0.05438	0.45806	0.4852	0.00236
V708	0.06628	0.84358	0.04216	0.04798
V709	0.1493	0.30725	0.50261	0.04083
V710	0.5933	0.23308	0.04963	0.12399
V711	0.11593	0.76403	0.11658	0.00346
V712	0.81062	0.06599	0	0.12338
V713	0.44628	0.32343	0.02989	0.2004
V714	0.0351	0.68176	0.03323	0.2499
V715	0.30628	0.35949	0.30338	0.03085
V716	0.11659	0.0859	0.05199	0.74551
V717	0.11149	0.8826	0.00591	0
V718	0.16589	0.56172	0.19401	0.07838
V719	0.08513	0.70504	0.05159	0.15823
V720	0.69144	0.00682	0.24316	0.05858
V721	0.14287	0.21576	0.46166	0.17971
V722	0.13845	0.38019	0.00036	0.481
V723	0.18666	0.12397	0	0.68937
V724	0.59232	0.04226	0.08707	0.27834
V725	0	0.16295	0.81921	0.01783
V726	0.06773	0.42067	0.12917	0.38243
V727	0.27014	0.62224	0.10763	0
V728	0.05174	0.82937	0.11889	0
V729	0.43891	0.02832	0.16811	0.36465
V730	0.86688	0.04635	0.05094	0.03583
V731	0.04553	0.25118	0.39791	0.30537
V732	0.3607	0.11635	0.34998	0.17297
V733	0.6344	0.20973	0.03094	0.12494
V734	0.23411	0.32717	0.43872	0
V735	0.04834	0.07761	0.48406	0.39
V736	0.23218	0.03375	0.00419	0.72989
V737	0.33397	0.31707	0.24274	0.10622
V738	0.09398	0.36943	0.44127	0.09532
V739	0	0.06985	0.61215	0.31799
V740	0.81846	0.10295	0.07675	0.00183
V741	0.49403	0.1309	0.12634	0.24872
V742	0.4015	0.57369	0.02481	0
V743	0.14642	0.19331	0.66026	0
V744	0.51298	0.06959	0.33205	0.08539
V745	0.03426	0.68608	0.20196	0.0777
V746	0.9583	0	0	0.0417
V747	0.07689	0.04242	0.71062	0.17008
V748	0.14091	0.15854	0.56688	0.13367
V749	0.32081	0.21226	0.04602	0.42092
V750	0.42113	0.46767	0.0205	0.0907
V751	0.07654	0.82885	0.062	0.03261
V752	0.45892	0.25497	0.1389	0.14721
V753	0.12635	0.08174	0	0.79191
V754	0.04147	0.91192	0.00521	0.0414
V755	0.17213	0.24095	0.33967	0.24725
V756	0.11189	0.04761	0.06982	0.77067
V757	0.34692	0.57269	0.07844	0.00195
V758	0.06979	0.74068	0.14412	0.04541
V759	0.15621	0.10686	0.4023	0.33464
V760	0.31795	0.09271	0.28203	0.30731
V761	0.0869	0.57836	0.28523	0.04951
V762	0.02132	0.42885	0.01306	0.53677
V763	0.40236	0.37713	0.02128	0.19923
V764	0.03824	0.89328	0.02716	0.04132
V765	0.67645	0.09343	0	0.23012
V766	0.02932	0.36556	0.43728	0.16784
V767	0.47616	0.15834	0.24569	0.11981
V768	0.09085	0.86079	0.04415	0.00422
V769	0.16414	0.78565	0.05021	0
V770	0.04874	0.91717	0.033	0.0011
V771	0.1753	0.06958	0.75512	0
V772	0.14139	0.10099	0.75762	0
V773	0.18477	0.79434	0.02088	0
V774	0.03874	0.05387	0.88217	0.02523
V775	0.15942	0.08047	0.28788	0.47222
V776	0.43072	0.42908	0.05792	0.08228
V777	0.22116	0.15784	0.14191	0.4791
V778	0.52867	0.29641	0.0716	0.10332
V779	0.19212	0.08808	0.49145	0.22836
V780	0.12248	0.72861	0.14891	0
V781	0.13834	0.07743	0.03334	0.75089
V782	0.01588	0.18668	0.75593	0.04151
V783	0.78009	0.02973	0.05171	0.13847
V784	0.13342	0.83274	0.03384	0
V785	0.07243	0.88421	0.03505	0.0083
V786	0.69646	0.17916	0.09292	0.03147
V787	0.00076	0.81148	0.18776	0
V788	0.49743	0.31975	0.16277	0.02006
V789	0.11334	0.40279	0.02279	0.46108
V790	0.48566	0.04526	0.07887	0.39021
V791	0.1537	0.40286	0.33063	0.11282
V792	0.16843	0.55824	0.00043	0.27291
V793	0.14997	0.65214	0.047	0.15089
V794	0.06247	0.14468	0.74518	0.04768
V795	0.18317	0.08111	0.06019	0.67553
V796	0.04505	0.15005	0.79951	0.00539
V797	0.74763	0.00629	0.24264	0.00344
V798	0.605	0.30682	0.08818	0
V799	0.15854	0.75072	0.04468	0.04606
V800	0.09812	0.07386	0.51563	0.31239
V801	0.16806	0.1684	0.32925	0.33429
V802	0.0789	0.13015	0.2794	0.51155
V803	0.22175	0.50717	0.27108	0
V804	0.51687	0.04286	0.38895	0.05132
V805	0.04405	0.05066	0.9053	0
V806	0.08002	0.8666	0.03313	0.02025
V807	0.3045	0.19343	0.02505	0.47702
V808	0.64657	0.28327	0.04898	0.02118
V809	0.05631	0.10277	0.84093	0
V810	0.05115	0.93672	0.00761	0.00452
V811	0.43818	0.10577	0.20662	0.24943
V812	0.54219	0.28559	0.05099	0.12123
V813	0.57825	0.22121	0.19779	0.00275
V814	0.42801	0.51442	0.05758	0
V815	0.00892	0.882	0.10908	0
V816	0.91725	0	0.08275	0
V817	0.04714	0.14128	0.81158	0
V818	0.04893	0.11092	0.04918	0.79097
V819	0.8023	0.09993	0.05539	0.04238
V820	0.20142	0.14375	0.00899	0.64584
V821	0.22881	0.34732	0.3841	0.03976
V822	0.08677	0.0885	0.81764	0.0071
V823	0.03625	0.24998	0.65218	0.06159
V824	0.09069	0.39234	0.51697	0
V825	0.23847	0.32527	0.25614	0.18012
V826	0.42212	0.41323	0.16465	0
V827	0.38816	0.58385	0.02175	0.00625
V828	0.26258	0.20697	0.10928	0.42117
V829	0.08926	0.29041	0.03356	0.58676
V830	0.26725	0.26815	0.01562	0.44898
V831	0.75534	0.10849	0.03149	0.10468
V832	0.28064	0.4187	0.17622	0.12444
V833	0.1685	0.51676	0.19219	0.12256
V834	0.33723	0.10758	0.07905	0.47614
V835	0.36296	0.4559	0.12875	0.05239
V836	0.04071	0.68831	0.01281	0.25817
V837	0.23834	0.40448	0.19681	0.16037
V838	0.89844	0.06115	0.03739	0.00302
V839	0.30147	0.58359	0.11494	0
V840	0.29679	0.68278	0.02043	0
V841	0	0.11538	0.84318	0.04144
V842	0.36208	0.20538	0.25993	0.17261
V843	0.03371	0.09104	0.82476	0.05049
V844	0.14475	0.13847	0.38176	0.33502
V845	0.08409	0.17039	0.70637	0.03915
V846	0	0.07915	0.75074	0.17012
V847	0.05437	0.02868	0.08221	0.83474
V848	0.11279	0.52472	0.1833	0.17919
V849	0.00526	0.92888	0.03507	0.03079
V850	0.92669	0	0.03357	0.03974
V851	0.3284	0.51392	0.15768	0
V852	0.16788	0.08975	0.13506	0.6073
V853	0.25257	0.26756	0.39387	0.086
V854	0.58124	0.19616	0.10826	0.11434
V855	0.05437	0.02868	0.08221	0.83474
V856	0.06475	0.39179	0.35603	0.18743
V857	0.66138	0.19867	0.0315	0.10845
V858	0.538	0.03859	0.42341	0
V859	0.64701	0.25621	0.01464	0.08214
V860	0.24363	0.15668	0.04868	0.55101
V861	0.09761	0.37974	0.52265	0
V862	0.14892	0.14682	0.68425	0.02001
V863	0.26479	0.08553	0	0.64967
V864	0.14823	0.07655	0.05766	0.71756
V865	0.16528	0.03632	0.27854	0.51986
V866	0.70655	0.0364	0.25581	0.00124
V867	0.70092	0.046	0.25308	0
V868	0.50111	0.29975	0.14173	0.05741
V869	0.05919	0.91135	0.02947	0
V870	0.14852	0.37903	0.01141	0.46104
V871	0.00526	0.92888	0.03507	0.03079
V872	0.05898	0.05973	0.25852	0.62278
V873	0.85468	0.04522	0.05833	0.04177
V874	0.20472	0.74711	0.04818	0
V875	0.05139	0.24654	0.20944	0.49262
V876	0.17318	0.36181	0.4065	0.05851
V877	0.06574	0.43186	0.30553	0.19687
V878	0.1452	0.76918	0.08562	0
V879	0.21058	0.67467	0.06039	0.05435
V880	0.32504	0.55347	0.0048	0.11669
V881	0.16322	0.09566	0.58767	0.15345
V882	0.78448	0	0.14008	0.07543
V883	0.27117	0.23023	0.4986	0
V884	0.06987	0.30938	0	0.62075
V885	0.68727	0.22044	0.09229	0
V886	0.02864	0.40431	0.46334	0.10371
V887	0.6231	0.08735	0.16486	0.12469
V888	0.11735	0.10816	0.71093	0.06356
V889	0.8807	0.06659	0.02322	0.0295
V890	0.04748	0.20658	0.60253	0.14341
V891	0.60701	0.07693	0.28846	0.0276
V892	0.32422	0.21799	0	0.45779
V893	0.56068	0.2388	0.15931	0.04121
V894	0.08322	0.35202	0.55981	0.00495
V895	0.58155	0.09076	0.20369	0.12401
V896	0.07318	0.89345	0.02404	0.00933
V897	0.68012	0.27075	0	0.04913
V898	0.51096	0	0	0.48904
V899	0.06772	0.24358	0.14741	0.54129
V900	0.09804	0.33935	0.36497	0.19763
V901	0.06632	0.82059	0.01839	0.09469
V902	0.07677	0.84915	0.07408	0
V903	0.01805	0.45211	0.51706	0.01278
V904	0.06209	0.93365	0.00426	0
V905	0.2096	0	0.20154	0.58886
V906	0.4259	0.12284	0.10726	0.344
V907	0.43452	0.5091	0.02623	0.03015
V908	0.07258	0.09772	0.08138	0.74832
V909	0.16091	0.79271	0.00112	0.04527
V910	0.22987	0	0.1412	0.62893
V911	0.51075	0.40026	0.0397	0.04929
V912	0.39202	0.34994	0.1318	0.12625
V913	0.21101	0	0.02319	0.7658
V914	0.19708	0.5014	0.29943	0.00209
V915	0.29672	0	0.01247	0.69081
V916	0.2547	0.10782	0.61687	0.0206
V917	0.69483	0.04524	0.17487	0.08506
V918	0.06491	0.62759	0.24805	0.05945
V919	0.21717	0.27765	0.29711	0.20807
V920	0.59692	0.22492	0.09989	0.07827
V921	0.08928	0.20997	0.02672	0.67403
V922	0.11808	0.48107	0.38917	0.01168
V923	0.1654	0.05112	0.05457	0.72891
V924	0.05673	0.65813	0.28514	0
V925	0.2519	0.06736	0.00418	0.67656
V926	0.26917	0.04894	0.02947	0.65242
V927	0.09817	0.08716	0.06337	0.7513
V928	0.07895	0.85912	0.02102	0.0409
V929	0.07914	0.64011	0.14887	0.13189
V930	0.50359	0.38311	0.03713	0.07617
V931	0.14937	0.31671	0.49307	0.04085
V932	0.05059	0.17502	0.5946	0.1798
V933	0.58811	0.39332	0.01857	0
V934	0.03579	0.2074	0.28325	0.47356
V935	0.54081	0.19433	0.21552	0.04934
V936	0.52727	0.29533	0.01077	0.16663
V937	0.54321	0.1577	0.08618	0.21292
V938	0.38905	0.08002	0.31049	0.22044
V939	0.74458	0.0298	0.07979	0.14583
V940	0.04892	0.76388	0.17442	0.01277
V941	0.00047	0.06427	0.91594	0.01933
V942	0.71304	0.20682	0.07618	0.00396
V943	0.38857	0.17161	0.41288	0.02694
V944	0.05769	0.31492	0.067	0.5604
V945	0.55428	0.36718	0.00928	0.06926
V946	0.44469	0.28933	0.25996	0.00603
V947	0.13196	0.09334	0.23619	0.53852
V948	0.33619	0.07502	0.58878	0
V949	0.0218	0.16628	0.21458	0.59734
V950	0.07615	0.54727	0.22606	0.15052
V951	0.80406	0.03284	0.1631	0
V952	0.10687	0.18064	0.26908	0.44341
V953	0.03348	0.12239	0.82435	0.01978
V954	0.07961	0.23175	0.14732	0.54132
V955	0.15242	0.60718	0.03341	0.207
V956	0.06701	0.07706	0.51438	0.34155
V957	0.38673	0.02277	0	0.5905
V958	0.16248	0	0	0.83752
V959	0.23845	0.29868	0.42194	0.04093
V960	0.26728	0.31122	0.07813	0.34337
V961	0.15226	0.41205	0.34993	0.08576
V962	0.35928	0.21148	0.38661	0.04264
V963	0.57392	0.19951	0.16764	0.05894
V964	0.8086	0.04641	0.11045	0.03454
V965	0.0795	0.52005	0.20409	0.19636
V966	0.91912	0.03778	0.00731	0.03579
V967	0.08488	0.0972	0.52527	0.29265
V968	0	0.21618	0.74243	0.04139
V969	0.04921	0.33495	0.03665	0.57919
V970	0.06012	0.17785	0.42722	0.33481
V971	0.48785	0.12217	0.33217	0.05781
V972	0.51192	0.22967	0.04694	0.21147
V973	0.2881	0.43842	0.08467	0.18881
V974	0.02596	0.76438	0.15568	0.05398
V975	0.10556	0.32137	0.57307	0
V976	0.44041	0.27624	0.11902	0.16433
V977	0.30973	0.36542	0.32485	0
V978	0.13184	0.13675	0.06739	0.66402
V979	0.77693	0.03378	0.18929	0
V980	0.9583	0	0	0.0417
V981	0.34592	0.06887	0.43083	0.15437
V982	0.43946	0.40941	0.08767	0.06345
V983	0.70607	0.07127	0	0.22266
V984	0.03976	0.80524	0.13873	0.01626
V985	0.13384	0.23045	0	0.63571
V986	0.33301	0.52498	0.06176	0.08025
V987	0.26024	0.73501	0.00475	0
V988	0.28373	0.03973	0.00842	0.66812
V989	0.43821	0.46887	0.09292	0
V990	0	0.11788	0.77399	0.10813
V991	0.63898	0.36069	0	0.00033
V992	0.22394	0.04764	0.5181	0.21032
V993	0.09037	0.7	0.19115	0.01849
V994	0.20315	0.74835	0.0485	0
V995	0.72123	0.12805	0.03055	0.12017
V996	0.31926	0.15789	0	0.52286
V997	0.03407	0.07791	0.79966	0.08836
V998	0.84395	0.02257	0.07644	0.05704
V999	0.14497	0.84931	0.00572	0
V1000	0.3668	0.03336	0	0.59984
