cytotoxic.CD56.dim.NK.cell	memory.CD4.pos.AB.T.cell	memory.B.cell	CD14.pos.CD16.neg.classical.monocyte
V1	0.61186	0.00524	0.1692	0.2137
V2	0.19083	0.08891	0.07409	0.64617
V3	0.06124	0.67612	0.01742	0.24523
V4	0.86387	0.11779	0	0.01834
V5	0.12554	0.49036	0.25033	0.13376
V6	0.07679	0.88637	0.0192	0.01764
V7	0.17453	0.38691	0.09372	0.34484
V8	0.15566	0.00079	0.81461	0.02894
V9	0.29094	0.25025	0.04854	0.41027
V10	0.02104	4e-04	0.93349	0.04507
V11	0.23104	0.35715	0.40561	0.0062
V12	0.028	0.61639	0.34319	0.01243
V13	0.26695	0.7101	0.00508	0.01787
V14	0.0674	0.92041	0.00648	0.00571
V15	0.13233	0.62376	0.11667	0.12724
V16	0.91437	0.04464	0.01656	0.02442
V17	0.08702	0.88306	0.01231	0.0176
V18	0.58669	0.34263	0.03876	0.03192
V19	0.15924	0.82371	0.00554	0.01151
V20	0.19342	0.49542	0.0256	0.28556
V21	0.1561	0.03221	0.78262	0.02907
V22	0.02039	0.09096	0.26505	0.6236
V23	0.42754	0.02602	0.53971	0.00673
V24	0.93378	0.03886	0.02564	0.00173
V25	0.3977	0.22981	0.13222	0.24027
V26	0.42846	0.39357	0.01976	0.15821
V27	0.1241	0.06053	0.04619	0.76919
V28	0.00073	0.03553	0.96371	3e-05
V29	0.4866	0.01404	0.47253	0.02683
V30	0.12345	0.21562	0.31277	0.34815
V31	0.2426	0.17904	0.31615	0.26221
V32	0.1001	0.02813	0.06152	0.81025
V33	0.05034	0.51582	0.34993	0.08391
V34	0.15553	0.01507	0.80047	0.02894
V35	0.16687	0.735	0.07288	0.02525
V36	0.00707	0.02194	0.54876	0.42223
V37	0.60978	0.06111	0.0976	0.23151
V38	0.49721	0.00123	0.18495	0.3166
V39	0.18151	0.58305	0.12492	0.11051
V40	0.09869	0.83644	0.06449	0.00039
V41	0.0066	0.73267	0.04958	0.21115
V42	0.28118	0.02084	0.24457	0.45342
V43	0.14806	0.33827	0.48553	0.02814
V44	0.01676	0.04859	0.78749	0.14717
V45	0.10783	0.61052	0.209	0.07265
V46	0.81526	0.07062	0.10745	0.00667
V47	0.48974	0.17104	0.29667	0.04255
V48	0.80406	0.17325	0.0041	0.0186
V49	0.75048	0.18522	0.00038	0.06392
V50	0.0672	0.85426	0.07294	0.00561
V51	0.33531	0.39988	0.23814	0.02667
V52	0.03104	0.08754	0.85185	0.02957
V53	0.74511	0.12087	0.13298	0.00104
V54	0.46121	0.17535	0.34355	0.01989
V55	0.26484	0.11606	0.26946	0.34964
V56	0.05756	0.01298	0.12806	0.8014
V57	0.09706	0.87225	0.01925	0.01145
V58	0.70706	0.00703	0.04452	0.2414
V59	0.45507	0.40698	0.09742	0.04053
V60	0.16422	0.1396	0.36329	0.3329
V61	0.82688	0.09872	0.01021	0.06419
V62	0.8915	0.03644	0.05963	0.01243
V63	0.01638	0.85808	0.10746	0.01808
V64	0.0074	0.89107	0.00275	0.09878
V65	0.0159	5e-04	0.14886	0.83475
V66	0.22287	0.70649	0.01829	0.05235
V67	0.17247	0.32782	0.48655	0.01315
V68	0.20185	0.16025	0.04139	0.59651
V69	0.02892	0.31044	0.61655	0.0441
V70	0.59005	0.13333	0.17202	0.10461
V71	0.20417	0.05661	0.41347	0.32576
V72	0.62443	0.14432	0.09217	0.13908
V73	0.16488	0.63447	0.13061	0.07003
V74	0.06872	0.21917	0.71191	2e-04
V75	0.74558	0.0022	0.1786	0.07362
V76	0	0.18829	0.23171	0.58001
V77	0.04664	0.35147	0.02497	0.57692
V78	0.37111	0.10271	0.20492	0.32127
V79	0.00679	0.07196	0.84099	0.08025
V80	0.39714	0.00565	0.52267	0.07454
V81	0.06824	0.14799	0.77718	0.00659
V82	0	0.04772	0.94508	0.0072
V83	0.17385	0.19197	0.09807	0.53611
V84	0.46838	0.03624	0.17789	0.31749
V85	0.12938	0.31269	0.41325	0.14468
V86	0.05681	0.02526	0.88063	0.03731
V87	0.03619	0.86166	0.05027	0.05188
V88	0.20993	0.04763	0.31321	0.42923
V89	0.02352	0.00891	0.27196	0.69561
V90	0.02708	0.91174	0.04972	0.01146
V91	0.03724	0.76668	0.17078	0.0253
V92	0.50693	0.01113	0.37002	0.11192
V93	0.90745	0.01889	0.00056	0.0731
V94	0.01785	0.52123	0.03371	0.42722
V95	0.28655	0.43764	0.15405	0.12176
V96	0.0926	0.11282	0.05193	0.74265
V97	0.71129	0.09727	0.18486	0.00659
V98	0.68546	0.30227	0	0.01227
V99	0.81664	0.04524	0.13141	0.0067
V100	0.09466	0.00837	0.87533	0.02164
V101	0.02619	0.06215	0.03865	0.87301
V102	0.92488	0.05826	0.00423	0.01264
V103	0.0124	0.05057	0.14235	0.79468
V104	0.02852	0.95871	0.00709	0.00567
V105	0.05705	0.92387	0.01338	0.0057
V106	0.13293	0.52722	0.30533	0.03452
V107	0.21575	0.18066	0.55915	0.04444
V108	0.15306	0.76584	0.0807	4e-04
V109	0.01568	0.14113	0.63929	0.2039
V110	0.05633	0.89201	0.03394	0.01773
V111	0.92397	0.00886	0.06025	0.00692
V112	0.16238	0.04657	0.47243	0.31862
V113	0.23992	0.10028	0.21258	0.44721
V114	0.31453	0.04312	0.10463	0.53772
V115	0.00739	0.78511	0.20172	0.00579
V116	0.1669	0.31112	0.37652	0.14546
V117	0.68796	0.24935	0.03094	0.03175
V118	0.18265	0.60927	0.03715	0.17093
V119	0.15093	0.08213	0.07881	0.68813
V120	0.09424	0.04493	0.84683	0.01401
V121	0.64638	0.11656	0.09233	0.14473
V122	0.95945	0.01706	0.01073	0.01276
V123	0.00667	0.5835	0.05654	0.35329
V124	0.66751	0.28883	7e-05	0.04358
V125	0.40675	0.41392	0.15999	0.01933
V126	0.04905	0.17361	0.08002	0.69733
V127	0.21118	0.03921	0.3043	0.44531
V128	0.04243	0.01146	0.16279	0.78333
V129	0.60522	0.22037	0.14833	0.02608
V130	0.00727	0.69213	0.29475	0.00585
V131	0.02711	0.91461	0.00187	0.05641
V132	0.94322	0.01447	0.02387	0.01844
V133	0.921	0.0213	0.04518	0.01251
V134	0.13142	0.42354	0.14347	0.30157
V135	0.10546	0.01616	0.24192	0.63646
V136	0.2825	0.42634	0.01714	0.27402
V137	0.69017	0.02915	0.22722	0.05347
V138	0.24318	0.41204	0.18138	0.16341
V139	0.41155	0.19403	0.20048	0.19393
V140	0.03886	0.10327	0.08794	0.76993
V141	0.07948	0.13954	0.5792	0.20179
V142	0.81096	0.00919	0.17857	0.00127
V143	0.48339	0.25971	0.07082	0.18609
V144	0.21171	0.15369	0.2003	0.4343
V145	0.00017	0.79374	0.20034	0.00575
V146	0.07617	0.018	0.06616	0.83967
V147	0.92522	0.02759	0.01669	0.03051
V148	0.15812	0.05428	0.61042	0.17718
V149	0.27687	0.52301	0.19406	0.00606
V150	0.10284	0.23083	0.5964	0.06994
V151	0.21977	0.64738	0.03447	0.09838
V152	0.25853	0.45219	0.20928	0.07999
V153	0.11359	0.77973	0.01975	0.08693
V154	0.26331	0.46004	0.24978	0.02688
V155	0.52261	0.12657	0.27108	0.07974
V156	0.04078	0.12107	0.72482	0.11334
V157	0.357	0.1417	0.32067	0.18063
V158	0.02622	0.00018	0.06603	0.90757
V159	0.89531	0.06853	0	0.03616
V160	0.74796	0.00665	0.06636	0.17903
V161	0.27742	0.00989	0.05623	0.65645
V162	0.0841	0.34674	0.10459	0.46456
V163	0.11368	0.52063	0.1752	0.19048
V164	0.39038	0.30942	0.10956	0.19064
V165	0.01051	0.33553	0.02124	0.63273
V166	0.01063	0.11869	0.11117	0.75952
V167	0.43972	0.00274	0.02192	0.53563
V168	0.29954	0.57963	0.07349	0.04734
V169	0.24663	0.05733	0.06269	0.63335
V170	0.13484	0.01127	0.57019	0.2837
V171	0.15191	0.23182	0.5797	0.03657
V172	0.74743	0.00428	0.24162	0.00667
V173	0.03642	0.17757	0.0708	0.71521
V174	0.02186	0.19808	0.11064	0.66942
V175	0.07982	0.00058	0.81009	0.10951
V176	0.00785	0.83864	0.14785	0.00567
V177	0.01044	0.97683	0.00131	0.01142
V178	0.00688	0.81796	0.00908	0.16607
V179	0.20363	0.0047	0.42192	0.36975
V180	0.02876	0.90522	0.0657	0.00032
V181	0.19576	0.11442	0.55201	0.13781
V182	0.34087	0.1646	0.44267	0.05186
V183	0.18086	0.80773	0.00562	0.00579
V184	0.976	0.01575	0.00625	0.002
V185	0.56569	0.41726	0.01076	0.00629
V186	0.13642	0.50017	0.25682	0.10659
V187	0.95002	0.01799	0.02485	0.00715
V188	0.07452	0.28908	0.0198	0.6166
V189	0.84846	0.0227	0.01756	0.11127
V190	0.69497	0.01085	0.28752	0.00666
V191	0.21515	0.19383	0.55483	0.03619
V192	0.33247	0.47588	0.05192	0.13973
V193	0.64663	0.02775	0.22316	0.10246
V194	0.03688	0.93933	0.00638	0.01741
V195	0.01314	0.01476	0.96482	0.00729
V196	0.01564	0.1061	0.04583	0.83243
V197	0.49177	0.04792	0.03841	0.42191
V198	0.07386	0.52175	0.35347	0.05093
V199	0.21461	0.02304	0.22192	0.54044
V200	0.14748	0.6097	0.02337	0.21946
V201	0.11029	0.58129	0.18711	0.12132
V202	0.01735	0.00633	0.82413	0.15219
V203	0.18086	0.43741	0.3617	0.02003
V204	0.00701	0.61232	0.0152	0.36547
V205	0.02202	0.03899	0.92458	0.01441
V206	0.05735	0.08211	0.85377	0.00677
V207	0.17248	0.21854	0.07774	0.53124
V208	0.28912	0.0524	0.64502	0.01345
V209	0.3309	0.47482	0.06857	0.1257
V210	0.09028	0.78804	0.08287	0.0388
V211	0.50723	0.01452	0.04786	0.43039
V212	0.55041	0.0313	0.39863	0.01966
V213	0.69422	0.0282	0.11018	0.1674
V214	0.39199	0.15276	0.17689	0.27836
V215	0.36943	0.10605	0.03572	0.48881
V216	0.05529	0.00129	0.06229	0.88112
V217	0.05032	0.5244	0.23768	0.18761
V218	0.11527	0.47679	0.17884	0.2291
V219	0.1199	0.68324	0.01524	0.18162
V220	0.00704	0.87026	0.00797	0.11472
V221	0.84997	0.00902	0.00655	0.13447
V222	0.3661	0.12061	0.36642	0.14687
V223	0.00669	0.12612	0.79655	0.07064
V224	0.96411	0.01498	0.01902	0.00189
V225	0.05671	0.88796	0.04971	0.00562
V226	0.34968	0.07034	0.56669	0.01329
V227	0.81164	0.00407	0.1717	0.01259
V228	0.80509	0.0623	0.06082	0.07178
V229	0.02241	0.01098	0.94455	0.02206
V230	0.01966	0.04542	0.06196	0.87296
V231	0.01804	0.32118	0.14091	0.51986
V232	0.05011	0.71518	0.0058	0.22892
V233	0.61303	0.07834	0.19147	0.11716
V234	0.03675	0.92482	0.02703	0.0114
V235	0.4207	0.04813	0.50386	0.02731
V236	0.05479	0.05068	0.82391	0.07062
V237	0.2137	0.01207	0.06285	0.71138
V238	0.14281	0.57143	0.24369	0.04207
V239	0.08077	0.46653	0.03287	0.41982
V240	0.53186	0.0297	0.39589	0.04256
V241	0.02039	0.00071	0.91723	0.06167
V242	0.13148	0.77557	0.08127	0.01168
V243	0.27955	0.029	0.62341	0.06804
V244	0.23967	4e-04	0.68479	0.07514
V245	0.61578	0.29202	0.04648	0.04572
V246	0.06715	0.1403	0.77089	0.02167
V247	0.19633	0.01381	0.78952	0.00034
V248	0.03031	0.04355	0.08963	0.83651
V249	0	0.02711	0.91114	0.06175
V250	0.78972	0.0057	0.19785	0.00674
V251	0.93594	0.05242	0.00447	0.00717
V252	0.00955	0.86063	0.12953	0.00029
V253	0.4318	0.06413	0.17982	0.32424
V254	0.0091	0.94259	0.04274	0.00558
V255	0.0464	0.92257	0.00125	0.02978
V256	0.20599	0.20102	0.51553	0.07745
V257	0.48272	0.08937	0.23788	0.19003
V258	0.20601	0.25738	0.42501	0.1116
V259	0.04064	0.29847	0.62418	0.03671
V260	0	0.30219	0.69143	0.00638
V261	0.66349	0.02718	0.18834	0.12099
V262	0.12529	0.07221	0.04592	0.75658
V263	0.01814	0.96334	0.00122	0.01729
V264	0.20318	0.02679	0.46749	0.30254
V265	0.04194	0.00049	0.19619	0.76138
V266	0.6346	0.35919	0.00513	0.00108
V267	0	0.18974	0.34133	0.46893
V268	0.45735	0.02034	0.16035	0.36196
V269	0.00661	0.58648	0.36544	0.04146
V270	0.68322	0.02015	0.22869	0.06794
V271	0.82718	0.0629	0.03111	0.07881
V272	0.05794	0.8492	0.01296	0.0799
V273	0.07361	0.02925	0.07435	0.82278
V274	0.73815	0.00221	0.17109	0.08855
V275	0	0.01778	0.97477	0.00745
V276	0.53427	0.33594	0.0116	0.1182
V277	0.04351	0.22798	0.19896	0.52955
V278	0.0447	0.05256	0.35451	0.54823
V279	0.72965	0.05244	0.1057	0.11221
V280	0.02622	0.00018	0.06603	0.90757
V281	0.60538	0.02791	0.14323	0.22348
V282	0.06779	0.05124	0.82691	0.05406
V283	0.22459	0.59851	0.06007	0.11683
V284	0.02735	0.91701	0.05004	0.0056
V285	0.08754	0.00427	0.90783	0.00036
V286	0.2628	0.55738	0.1024	0.07742
V287	0.09729	0.87285	0.01223	0.01763
V288	0.01576	0.28567	0.45877	0.2398
V289	0.31679	0.20754	0.4066	0.06906
V290	0.81121	0.17606	0.01132	0.00141
V291	0.52854	0.05922	0.39926	0.01297
V292	0.94243	0.01517	0	0.0424
V293	0.33596	0.00661	0.62182	0.03561
V294	0.10883	0.43498	0.01241	0.44378
V295	0.01846	0.19388	0.24006	0.5476
V296	0.20621	0.10539	0.61082	0.07758
V297	0.09634	0.00038	0.11196	0.79132
V298	0.3376	0.08994	0.55916	0.0133
V299	0.08474	0.33045	0.03145	0.55337
V300	0	0.03162	0.30377	0.66461
V301	0.14233	0.09585	0.65891	0.10291
V302	0.64524	0.34254	0	0.01223
V303	0	0.62654	0.34682	0.02664
V304	0.0667	0.01207	0.77578	0.14546
V305	0.14685	0.14895	0.48657	0.21762
V306	0.82583	0.09073	0.04548	0.03797
V307	0.018	0.95729	0.01337	0.01135
V308	0.26663	0.22411	0.30749	0.20177
V309	0.37921	0.32363	0.03177	0.26539
V310	0.09371	0.3411	0.17332	0.39187
V311	0.50882	0.4803	0.00463	0.00625
V312	0.10149	0.75488	0.12502	0.01861
V313	0.00027	0.14817	0.05175	0.79981
V314	0.01631	0.53014	0.12409	0.32945
V315	0.13215	0.65975	0.03767	0.17043
V316	0.35077	0.12048	0.38734	0.14142
V317	0.09408	0.73196	0.04467	0.1293
V318	0.03915	0.62215	0.0203	0.31839
V319	0.0685	0.04227	0.85976	0.02946
V320	0.09107	0.1283	0.66778	0.11285
V321	0.62561	0.36821	0.0051	0.00108
V322	0.23016	0.34597	0.08343	0.34044
V323	0.0699	0.02342	0.13558	0.77111
V324	0.66792	0.25219	0.06116	0.01874
V325	0.30366	0.64299	0.04746	0.0059
V326	0	0.61685	0.09951	0.28364
V327	0.02139	0.16902	0.1426	0.66699
V328	0.05368	0.01257	0.78255	0.15121
V329	0.21432	0.11306	0.20541	0.46722
V330	0.44035	0.00477	0.34056	0.21431
V331	0.41609	0.08854	0.0581	0.43727
V332	0.00922	0.05237	0.2493	0.68912
V333	0.46181	0.06242	0.37743	0.09835
V334	0.40177	0.00483	0.36522	0.22818
V335	0.02678	0.34354	0.51925	0.11043
V336	0.18247	0.71644	0.01898	0.08211
V337	0.30031	0.40336	0.26937	0.02695
V338	0.00061	0.98587	0.0078	0.00571
V339	0.14619	0.00175	0.84518	0.00689
V340	0.06504	0.21997	0.55197	0.16303
V341	0.02851	0.04015	0.1085	0.82284
V342	0.27879	0.00072	0.60473	0.11576
V343	0.96067	0.02733	0.00469	0.00732
V344	0.69079	0.14894	0.15936	0.00091
V345	0.01628	0.02673	0.95678	0.00021
V346	0.27458	0.10442	0.31031	0.31069
V347	0.0551	0.01008	0.18058	0.75425
V348	0.05968	0.68913	0.13476	0.11643
V349	0.38232	0.14942	0.3763	0.09196
V350	0.02828	0.82436	0.14708	0.00029
V351	0.01867	0.02348	0.46887	0.48898
V352	0.05595	0.00646	0.8675	0.07009
V353	0.89452	0.02536	0.03056	0.04956
V354	0.04787	0.71936	0.20023	0.03255
V355	0.31443	0.06204	0.46636	0.15716
V356	0.04206	0.02466	0.15037	0.78291
V357	0.13175	0.34096	0.2916	0.2357
V358	0.59863	0.10005	0.05474	0.24657
V359	0.62915	0.05504	0.03855	0.27726
V360	0.54275	0.42829	0.01686	0.0121
V361	0	0.47928	0.51461	0.00611
V362	0.00056	0.97952	0.01428	0.00565
V363	0.20066	0.10401	0.49101	0.20431
V364	0.18061	0.04694	0.68655	0.0859
V365	0.32502	0.02781	0.03313	0.61404
V366	0.08332	0.71298	0.07951	0.1242
V367	0.62049	0.13912	0.00906	0.23133
V368	0.09226	0.75533	0.07668	0.07574
V369	0.01812	0.42388	0.55181	0.00619
V370	0.32029	0.26855	0.38378	0.02738
V371	0.19056	0.7311	0.02583	0.05251
V372	0.20237	0.05399	0.15652	0.58712
V373	0.09369	0.12853	0.50979	0.26799
V374	0.79437	0.01611	0.18832	0.0012
V375	0.05111	0.03967	0.19911	0.71011
V376	0.04081	0.03441	0.14826	0.77652
V377	0.82874	0.00269	0.01297	0.15561
V378	0.00745	0.02464	0.47975	0.48817
V379	0.39045	0.20581	0.0206	0.38314
V380	0.18676	0.06963	0.24331	0.5003
V381	0.76842	0.01379	0.08777	0.13002
V382	0.09635	0.02047	0.87624	0.00694
V383	0.8553	0.0087	0.04566	0.09035
V384	0.60737	0.06941	0.13187	0.19135
V385	0.87271	0.01702	0.06678	0.04349
V386	0.36426	0.01265	0.17254	0.45056
V387	0.61663	0.13511	0.17856	0.0697
V388	0.40388	0.32534	0.14284	0.12794
V389	0.41814	0.51878	0.01085	0.05223
V390	0.31868	0.25307	0.42191	0.00634
V391	0.4819	0.10583	0.02856	0.38372
V392	0.46143	0.21475	0.1651	0.15871
V393	0.31003	0.21823	0.34502	0.12672
V394	0.11469	0.25681	0.14064	0.48785
V395	0.24322	0.39977	0.20109	0.15592
V396	0.00896	0.96689	0.00683	0.01731
V397	0.79315	0.08254	0.09256	0.03174
V398	0.49991	0.12962	0.10235	0.26813
V399	0.2041	0.56587	0.14234	0.08769
V400	0	0.64075	0.07122	0.28803
V401	0.04123	0.14477	0.74356	0.07044
V402	0.78532	0.18164	0.03179	0.00125
V403	0.02881	0.02784	0.11939	0.82396
V404	0.10407	0.1838	0.62574	0.08638
V405	0.26842	0.0322	0.20383	0.49556
V406	0.65496	0.24636	0.01706	0.08162
V407	0.00061	0.98587	0.0078	0.00571
V408	0.10526	0.24391	0.42157	0.22926
V409	0	0.03861	0.06562	0.89577
V410	0.08735	0.86857	0.02637	0.01771
V411	0.51509	0.01011	0.01252	0.46229
V412	0.18693	0.0641	0.52517	0.2238
V413	0.06291	0.51761	0.19097	0.2285
V414	0.03859	0.53004	0.32408	0.10728
V415	0.49294	0.02651	0.23818	0.24237
V416	0.0137	0.0758	0.91041	8e-05
V417	0.3736	0.61539	0.00496	0.00605
V418	0.08884	0.11239	0.18885	0.60991
V419	0.02344	0.00047	0.0762	0.8999
V420	0.00023	0.91557	0.01354	0.07066
V421	0.18111	0.0282	0.6893	0.1014
V422	0.0597	0.08361	0.04264	0.81405
V423	0.09466	0.00837	0.87533	0.02164
V424	0	0.04021	0.68223	0.27756
V425	0.06536	0.23055	0.60684	0.09724
V426	0.10519	0.03042	0.80316	0.06123
V427	0.07795	0.42598	0.20769	0.28838
V428	0.09103	0.79101	0.05057	0.06739
V429	0.02173	0.00046	0.08447	0.89335
V430	0.76013	0.16517	0.01654	0.05816
V431	0.2153	0.01865	0.48374	0.28232
V432	0.1355	0.10533	0.07852	0.68064
V433	0.05943	0.77234	0.00385	0.16439
V434	0.40546	0.07915	0.06811	0.44728
V435	0.57248	0.01184	0.13142	0.28426
V436	0.44846	0.01319	0.13291	0.40545
V437	0.27466	0.25525	0.01704	0.45306
V438	0.64784	0.15678	0.03452	0.16087
V439	0.04276	0.12753	0.03962	0.79008
V440	0.55246	0.03794	0.04377	0.36583
V441	0.0789	0.11712	0.63121	0.17277
V442	0.34811	0.34344	0.13825	0.1702
V443	0.77657	0.00669	0.08757	0.12916
V444	0.01628	0.02673	0.95678	0.00021
V445	0.64479	0.01494	0.31464	0.02562
V446	0.03628	0.8535	0.05073	0.05949
V447	0.6591	0.08713	0.16861	0.08516
V448	0.02111	0.06964	0.25133	0.65792
V449	0.5952	0.03548	0.28283	0.08648
V450	0.13983	0.84618	0.01357	0.00041
V451	0.92373	0.05783	0	0.01844
V452	0.04451	0.01401	0.11919	0.82228
V453	0.82169	0.07301	0.06049	0.04481
V454	5e-04	0.94578	0.04234	0.01138
V455	0.6318	0.02904	0.28456	0.0546
V456	0.36251	0.11011	0.38644	0.14094
V457	0	0.06061	0.05497	0.88442
V458	0.3159	0.24999	0.0159	0.41822
V459	0.01555	0.82423	0.08557	0.07465
V460	0.94714	0.01607	0.02416	0.01263
V461	0.07575	0.04597	0.04446	0.83382
V462	0.3942	0.26343	0.00772	0.33466
V463	0.26893	0.48226	0.15189	0.09691
V464	0.56672	0.10304	0.01182	0.31842
V465	0.42079	0.43231	0.02636	0.12054
V466	0.62033	0.18828	0.00734	0.18404
V467	0.31991	0.57538	0.07262	0.03209
V468	0.50702	0.40012	0.04691	0.04595
V469	0.0174	0.18636	0.33943	0.45681
V470	0.58595	0.11579	0.17444	0.12382
V471	0.32482	0.11429	0.05336	0.50753
V472	0.36008	0.34971	0.0061	0.28412
V473	0.10859	0.56213	0.30945	0.01984
V474	0.15359	5e-04	0.1483	0.69761
V475	0.20971	0.42505	0.0886	0.27664
V476	0.20865	0.0198	0.08954	0.68201
V477	0.6346	0.03519	0.2004	0.12981
V478	0.14573	0.628	0.0097	0.21657
V479	0.01794	0.07118	0.83119	0.07969
V480	0.09855	0.36437	0.06495	0.47213
V481	0.16988	0.0085	0.80783	0.01379
V482	0.70759	0.15804	0.10203	0.03234
V483	0.16159	0.12331	0.10293	0.61218
V484	0.02829	0.09525	0.06234	0.81411
V485	0.1266	0.75745	0.01294	0.103
V486	0.30785	0.27384	0.13767	0.28064
V487	0.0938	0.05225	0.12789	0.72606
V488	0	0.00272	0.90269	0.09459
V489	0.24232	0.0923	0.65183	0.01354
V490	0.37804	0.32107	0.07428	0.22661
V491	0.44729	0.46775	0.03198	0.05297
V492	0.02733	0.85294	0.1141	0.00562
V493	0.03733	0.00331	0.03978	0.91959
V494	0.22026	0.1444	0.52333	0.11201
V495	0.225	0.63138	0.12477	0.01885
V496	0.27082	0.69084	7e-04	0.03764
V497	0.01416	0.00089	0.97754	0.00741
V498	0.37902	0.11113	0.06807	0.44178
V499	0.61635	0.26725	0.11002	0.00637
V500	0.11712	0.11255	0.7334	0.03694
V501	0.00045	0.00047	0.08846	0.91062
V502	0.55886	0.27526	0.13978	0.0261
V503	0.23884	0.09915	0.23331	0.4287
V504	0.23361	0.70265	0.01152	0.05222
V505	0.22957	0.21776	0.27148	0.28119
V506	0.1046	0.25473	0.46774	0.17293
V507	0.64525	0.09739	0.11846	0.1389
V508	0.756	0.1675	0.03794	0.03856
V509	0.26289	0.05369	0.51702	0.1664
V510	0.23301	0.52886	0.23206	0.00607
V511	0.05409	0.47779	0.05996	0.40816
V512	0.30055	0.05188	0.10548	0.5421
V513	0.08228	0.66661	0.19534	0.05577
V514	0.01901	0.10294	0.03604	0.84201
V515	0.7905	0.06106	0.04689	0.10155
V516	0.89481	0.09817	0	0.00702
V517	0.04693	0.02578	0.31762	0.60967
V518	0.94497	0.04776	0	0.00726
V519	0.02681	0.88843	0.00706	0.0777
V520	0.0296	0.00047	0.67436	0.29557
V521	0.59461	0.03888	0.3404	0.0261
V522	0.00601	0.12027	0.62538	0.24833
V523	0.39831	0.12074	0.26546	0.2155
V524	0.00695	0.79783	0.17019	0.02503
V525	0.30572	0.22747	0.04045	0.42636
V526	0.68606	0.07781	0.07504	0.16109
V527	0.24413	0.01851	0.42946	0.3079
V528	0.09795	0.86396	0.00119	0.0369
V529	0.07368	0.06474	0.27953	0.58205
V530	0.00636	0.1993	0.69717	0.09717
V531	0.01829	0.88416	0.09726	0.00029
V532	0.20275	0.36498	0.03917	0.3931
V533	0.31123	0.36189	0.14133	0.18555
V534	0.00713	0.00632	0.76105	0.2255
V535	0.61576	0.00248	0.02	0.36177
V536	0.22807	0.00026	0.40604	0.36563
V537	0.59437	0.25573	0.13742	0.01247
V538	0.52186	0.05517	0.09657	0.3264
V539	0.28655	0.43764	0.15405	0.12176
V540	0.20064	0.70279	0.06481	0.03176
V541	0.01684	0.57091	0.07469	0.33756
V542	0.23638	0.12868	0.28273	0.35221
V543	0.8962	0.0112	0.01066	0.08194
V544	0.12913	0.09461	0.21432	0.56194
V545	0.42428	0.1465	0.08048	0.34875
V546	0.04673	0.89052	0.05715	0.0056
V547	0.03813	0.66844	0.28129	0.01213
V548	0.15242	0.76947	0.07242	0.00569
V549	0.36115	0.02337	0.60219	0.01328
V550	0.64729	0.03164	0.00735	0.31371
V551	0.17867	0.74262	0.03321	0.04549
V552	5e-05	0.60532	0.01605	0.37859
V553	0.25256	0.14089	0.58586	0.02068
V554	0.06808	0.10655	0.05608	0.76929
V555	0.107	0.2365	0.36026	0.29624
V556	0	0.02031	0.94963	0.03006
V557	0.83933	0.03085	0.01136	0.11846
V558	0.06932	0.80636	0.02796	0.09636
V559	0.00951	0.82629	0.16391	0.00028
V560	0.66706	0.32641	0	0.00653
V561	0	0.01778	0.97477	0.00745
V562	0.80234	0.00791	0.1097	0.08005
V563	0.27882	0.00192	0.7125	0.00676
V564	0.06845	0.06773	0.84978	0.01404
V565	0.14482	0.2662	0.39148	0.1975
V566	0.73029	0.09884	0.00684	0.16403
V567	0.24298	0.47765	0.03198	0.24738
V568	0.3009	0.00831	0.0805	0.61029
V569	0.72593	0.03157	0.00483	0.23767
V570	0.02818	0.2968	0.61318	0.06184
V571	0.82044	0.1298	0	0.04975
V572	0.47914	0.00548	0.42737	0.08801
V573	0.07586	0.21359	0.02975	0.68079
V574	0.03703	0.80105	0.15017	0.01174
V575	0.02271	0.09676	0.1743	0.70623
V576	0.15086	0.80439	0.03319	0.01156
V577	0.04797	0.0474	0.27466	0.62997
V578	0.06585	0.05645	0.71547	0.16223
V579	0.00758	0.89287	0.08161	0.01794
V580	0.19206	0.00808	0.15143	0.64843
V581	0.08356	0.10411	0.02884	0.78349
V582	0.62183	0.14777	0.03551	0.19489
V583	0.00643	0.0396	0.65363	0.30035
V584	0.54465	0.14957	0.27212	0.03366
V585	0.00758	0.00732	0.52075	0.46435
V586	0.26732	0.0054	0.64457	0.08271
V587	0.30095	0.0067	0.66445	0.02791
V588	0.67933	0.04539	0.02986	0.24542
V589	0.05764	0.83158	0.05827	0.05251
V590	0.04763	0.7797	0.16693	0.00575
V591	0	0.04287	0.27202	0.6851
V592	0.18408	0.03207	0.78355	3e-04
V593	0.62729	0.00156	0.18464	0.18651
V594	0.35786	0.28613	0.31293	0.04308
V595	0.03586	0.04048	0.05976	0.8639
V596	0.04127	0.3051	0.25322	0.40042
V597	0	0.60648	0.32017	0.07336
V598	0.02103	0.11428	0.85059	0.01411
V599	0.62213	0.32209	0.03084	0.02493
V600	0.37192	0.47985	0.04944	0.09878
V601	0.19336	0.30414	0.09737	0.40514
V602	0.03768	0.04517	0.051	0.86615
V603	0.00743	0.44335	0.02995	0.51927
V604	0.54214	0.11218	0.31927	0.02641
V605	0.07702	0.34183	0.40939	0.17176
V606	0.73954	0.15442	0.01077	0.09527
V607	0.69291	0.01213	0.11065	0.18431
V608	0.25415	0.15601	0.39601	0.19383
V609	0.02939	0.26127	0.27429	0.43505
V610	0.78965	0.02181	0.08613	0.10241
V611	0.35532	0.0078	0.07646	0.56041
V612	0.02997	0.08243	0.82522	0.06239
V613	0.04017	0.34617	0.57728	0.03638
V614	0.78334	0.06095	0.04697	0.10874
V615	0.16925	0.06869	0.0338	0.72826
V616	0.08328	0.73695	0.04522	0.13455
V617	0.49663	0.16387	0.33888	0.00062
V618	0.77093	0.0097	0.0044	0.21498
V619	0.43147	0.02681	0.3243	0.21741
V620	0.00727	0.69213	0.29475	0.00585
V621	0.46932	0.1496	0.17816	0.20292
V622	0.38194	0.21966	0.37118	0.02722
V623	0.02249	0.08378	0.19802	0.69571
V624	0.77776	0.20375	0	0.01849
V625	0.28126	0.50457	0.09517	0.119
V626	0.95187	0.03537	0	0.01276
V627	0	0.03403	0.12277	0.8432
V628	0	0.28255	0.0397	0.67774
V629	0.14546	0.30403	0.29397	0.25653
V630	0.04006	0.34423	0.57161	0.0441
V631	0.02065	0.23349	0.14162	0.60424
V632	0.63257	0.00166	0.14116	0.2246
V633	0	0.02503	0.86428	0.11069
V634	0.41891	0.26724	0.30754	0.00631
V635	0.02728	0.79829	0.00887	0.16556
V636	0.14239	0.09567	0.64966	0.11228
V637	0.35668	0.20568	0.10062	0.33702
V638	0.41719	0.26613	0.07465	0.24203
V639	0.28158	0.44085	0.27715	0.00041
V640	0.04218	0.14827	0.76421	0.04534
V641	0.89214	0.04134	0.02333	0.04319
V642	0.76609	0.17668	0.00019	0.05704
V643	0.00617	0.1918	0.49614	0.30589
V644	0.90018	0.08312	0.00416	0.01254
V645	0.27601	0.41662	0.28754	0.01984
V646	0.01032	0.97657	0.00743	0.00567
V647	0.16706	0.0781	0.70161	0.05323
V648	0.41725	0.43227	0.1244	0.02607
V649	0.03074	0.05262	0.86235	0.05429
V650	0.06694	0.08032	0.79149	0.06125
V651	0.34723	0.00198	0.64406	0.00673
V652	0.10811	0.08701	0.48049	0.32439
V653	0.1286	0.68374	0.09473	0.09293
V654	0.7042	0.19555	0.05434	0.04591
V655	0.03916	0.63155	0.0274	0.3019
V656	0.24626	0.3042	0.02333	0.42621
V657	0.03055	0.10182	0.0443	0.82334
V658	0.62303	0.20583	0.057	0.11414
V659	0.36965	0.08111	0.37145	0.17779
V660	0.028	0.95353	0.00116	0.01731
V661	0.06617	0.4724	0.06763	0.3938
V662	0.44664	0.01152	0.45204	0.08981
V663	0.26991	0.0639	0.56397	0.10222
V664	0.22982	0.05807	0.66752	0.04459
V665	0.70175	0.18392	0.03914	0.07519
V666	0.63503	0.00158	0.10639	0.257
V667	0.77503	0.07502	0.14882	0.00113
V668	0.12053	0.80656	0.07253	0.00039
V669	0.24914	0.4192	0.24105	0.09061
V670	0.07631	0.90529	0.00101	0.0174
V671	0.38892	0.28281	0.24747	0.08081
V672	0.02126	0.01912	0.92995	0.02967
V673	0.25593	0.3738	0.22841	0.14187
V674	0.73579	0.1442	0.01734	0.10267
V675	0.15564	0.33582	0.32959	0.17895
V676	0.03574	0.12914	0.14617	0.68894
V677	0.4015	0.40238	0.09296	0.10317
V678	0.5017	0.4812	0.01089	0.00621
V679	0.05311	0.32646	0.60712	0.01331
V680	0.3097	0.5461	0.12506	0.01913
V681	0.89681	0.0691	0.00979	0.0243
V682	0.1256	0.30202	0.5363	0.03609
V683	0.01143	0.97341	0.01483	0.00033
V684	0.7111	0.15633	0.08624	0.04634
V685	0.50565	0.33953	0.1144	0.04042
V686	0.1149	0.20281	0.18925	0.49304
V687	0.03795	0.02603	0.0617	0.87432
V688	0.37991	0.51404	0.00156	0.10449
V689	0.3133	0.00184	0.07108	0.61379
V690	0.50272	0.0366	0.40401	0.05667
V691	0.18311	0.00187	0.80818	0.00684
V692	0.09126	0.13109	0.71604	0.06161
V693	0.26878	0.10303	0.38892	0.23927
V694	0.008	0.02719	0.36759	0.59722
V695	0.29802	0.00578	0.19153	0.50467
V696	0.09438	0.10401	0.04415	0.75746
V697	0.01768	0.08332	0.04904	0.84996
V698	0.84851	0.00948	0.01195	0.13006
V699	0.57758	0.28204	0.06372	0.07666
V700	0.29167	0.03053	0.02823	0.64957
V701	0.12544	0.55399	0.11415	0.20641
V702	0.60019	0.08392	0.01744	0.29845
V703	0.16072	0.04601	0.52075	0.27251
V704	0.8383	0.04664	0.02415	0.09091
V705	0.9572	0.00806	0.01044	0.02431
V706	0.09185	0.0396	0.78984	0.0787
V707	0.03931	0.44952	0.47595	0.03521
V708	0.03651	0.88614	0.01968	0.05767
V709	0.15241	0.26405	0.51338	0.07015
V710	0.62465	0.20613	0.04884	0.12038
V711	0.08923	0.80397	0.08183	0.02496
V712	0.83505	0.0554	0.00538	0.10416
V713	0.46796	0.3027	0.03623	0.19311
V714	0.00668	0.72533	0.02545	0.24253
V715	0.32063	0.33318	0.28712	0.05907
V716	0.04348	0.0526	0.08535	0.81857
V717	0.07655	0.91102	0.001	0.01144
V718	0.15719	0.57182	0.17378	0.09721
V719	0.05959	0.74158	0.03793	0.16089
V720	0.72496	0.00237	0.21283	0.05983
V721	0.14673	0.16004	0.49476	0.19846
V722	0.11087	0.40007	0.02674	0.46232
V723	0.13877	0.10167	0.03315	0.72641
V724	0.63331	0.02762	0.08906	0.25001
V725	0	0.09106	0.8793	0.02964
V726	0.04099	0.42368	0.13993	0.39539
V727	0.26345	0.65037	0.08028	0.00589
V728	0.02733	0.88592	0.08116	0.00559
V729	0.46715	0.0121	0.17851	0.34223
V730	0.9035	0.03477	0.03724	0.02449
V731	0.02775	0.20279	0.43908	0.33038
V732	0.39352	0.07113	0.35852	0.17684
V733	0.66316	0.18469	0.03286	0.11928
V734	0.25651	0.31243	0.42478	0.00628
V735	0.01686	0.02136	0.54733	0.41446
V736	0.18718	0.01587	0.03712	0.75983
V737	0.35679	0.28587	0.23312	0.12422
V738	0.08979	0.33824	0.45161	0.12036
V739	0	0.00832	0.66886	0.32282
V740	0.8409	0.0864	0.06024	0.01247
V741	0.53291	0.099	0.12955	0.23854
V742	0.39249	0.59479	0.01203	0.00069
V743	0.15365	0.13508	0.68997	0.0213
V744	0.55067	0.03511	0.31625	0.09797
V745	0.01556	0.72005	0.17131	0.09309
V746	0.9784	0.01409	0	0.00751
V747	0.06678	0.00025	0.7459	0.18708
V748	0.14419	0.09523	0.60761	0.15298
V749	0.33435	0.18774	0.06621	0.41169
V750	0.42084	0.46201	0.01788	0.09926
V751	0.04636	0.87515	0.03413	0.04436
V752	0.49419	0.2227	0.13318	0.14994
V753	0.02958	0.04764	0.03829	0.88448
V754	0.00826	0.94114	0.00168	0.04891
V755	0.17459	0.19508	0.36547	0.26486
V756	0.03349	0.01969	0.09433	0.85248
V757	0.3373	0.58174	0.05548	0.02549
V758	0.04722	0.77979	0.11151	0.06148
V759	0.15097	0.05795	0.44656	0.34452
V760	0.3386	0.05503	0.30259	0.30377
V761	0.07298	0.59249	0.26109	0.07344
V762	6e-05	0.45688	0.03016	0.51291
V763	0.41526	0.36142	0.02869	0.19464
V764	0.00773	0.93621	0.00676	0.04929
V765	0.70552	0.09077	0.00355	0.20016
V766	0.0156	0.33345	0.45662	0.19433
V767	0.51874	0.11698	0.23798	0.1263
V768	0.0564	0.90664	0.01933	0.01763
V769	0.14003	0.82247	0.02598	0.01152
V770	0.01032	0.97657	0.00743	0.00567
V771	0.19507	0.00811	0.78307	0.01374
V772	0.15709	0.03631	0.7998	0.0068
V773	0.15924	0.82371	0.00554	0.01151
V774	0.02249	0.00062	0.9471	0.0298
V775	0.14189	0.04119	0.33819	0.47874
V776	0.44035	0.41842	0.04904	0.0922
V777	0.21347	0.12481	0.17001	0.49172
V778	0.55502	0.27061	0.06526	0.10911
V779	0.20109	0.03663	0.52567	0.2366
V780	0.11175	0.77412	0.11377	0.00036
V781	0.06096	0.04327	0.0652	0.83057
V782	0.00705	0.1158	0.81507	0.06208
V783	0.8091	0.02216	0.04687	0.12186
V784	0.1076	0.87393	0.01276	0.00571
V785	0.03666	0.93305	0.01278	0.0175
V786	0.7271	0.15612	0.07775	0.03904
V787	0.00028	0.85577	0.13833	0.00562
V788	0.52111	0.2962	0.14194	0.04076
V789	0.08238	0.42273	0.04409	0.4508
V790	0.51676	0.02946	0.08774	0.36605
V791	0.15157	0.38192	0.33005	0.13646
V792	0.14824	0.57726	0.01084	0.26366
V793	0.13065	0.67974	0.0371	0.1525
V794	0.05441	0.06944	0.80576	0.07039
V795	0.13914	0.05278	0.09422	0.71385
V796	0.03157	0.07866	0.86791	0.02186
V797	0.77625	0.00388	0.20719	0.01268
V798	0.61748	0.29437	0.06945	0.0187
V799	0.13456	0.77953	0.02641	0.0595
V800	0.08111	0.01988	0.57084	0.32817
V801	0.16629	0.118	0.36817	0.34753
V802	0.04392	0.08202	0.33154	0.54252
V803	0.232	0.52813	0.23945	0.00041
V804	0.55559	0.01247	0.36884	0.06309
V805	0.01778	0.00658	0.97528	0.00037
V806	0.04627	0.91096	0.01263	0.03015
V807	0.30989	0.16804	0.05171	0.47036
V808	0.66105	0.26894	0.03825	0.03175
V809	0.04762	0.03977	0.91237	0.00024
V810	0.01074	0.9821	0.00141	0.00575
V811	0.47331	0.07023	0.21042	0.24604
V812	0.56941	0.26089	0.04909	0.1206
V813	0.6087	0.1906	0.1745	0.02621
V814	0.4257	0.52885	0.0394	0.00605
V815	0.00045	0.9281	0.06588	0.00557
V816	0.93175	0.01275	0.05382	0.00168
V817	0.03272	0.07095	0.88212	0.01421
V818	0	0.07584	0.07775	0.84641
V819	0.8351	0.08163	0.04527	0.038
V820	0.16466	0.11677	0.04729	0.67128
V821	0.23797	0.31536	0.37817	0.06849
V822	0.08212	0.018	0.87814	0.02173
V823	0.02843	0.18716	0.69732	0.0871
V824	0.10023	0.39241	0.50714	0.00023
V825	0.25098	0.29781	0.26006	0.19116
V826	0.43587	0.41144	0.14045	0.01224
V827	0.37247	0.59191	0.0108	0.02482
V828	0.26754	0.17816	0.12989	0.42441
V829	0.04661	0.29734	0.06284	0.59322
V830	0.26462	0.25458	0.04185	0.43895
V831	0.78475	0.08795	0.0316	0.0957
V832	0.28981	0.40389	0.16649	0.13982
V833	0.161	0.52151	0.17914	0.13836
V834	0.35662	0.08037	0.09917	0.46384
V835	0.37275	0.44717	0.10959	0.0705
V836	0.00693	0.73279	0.01189	0.24839
V837	0.2446	0.38795	0.19248	0.17497
V838	0.91923	0.0495	0.02429	0.00698
V839	0.2992	0.607	0.08788	0.00591
V840	0.28122	0.7122	0.00597	6e-04
V841	0	0.03608	0.90982	0.0541
V842	0.39655	0.16216	0.2622	0.17908
V843	0.01908	0.01607	0.89426	0.07059
V844	0.13765	0.08818	0.42527	0.3489
V845	0.07918	0.10048	0.7587	0.06164
V846	0	0.00855	0.80277	0.18868
V847	0	0.00313	0.06433	0.93254
V848	0.10054	0.53306	0.17565	0.19075
V849	0.00039	0.9628	0.00693	0.02988
V850	0.96749	0.00886	0.01082	0.01283
V851	0.336	0.53259	0.13088	0.00052
V852	0.13432	0.05743	0.17677	0.63149
V853	0.27087	0.21944	0.39738	0.11232
V854	0.61793	0.16592	0.0999	0.11624
V855	0	0.00313	0.06433	0.93254
V856	0.05187	0.37122	0.36918	0.20773
V857	0.68964	0.17404	0.03205	0.10427
V858	0.58842	0.00904	0.39583	0.0067
V859	0.66695	0.23449	0.01702	0.08154
V860	0.23231	0.13241	0.07766	0.55762
V861	0.09984	0.36593	0.52114	0.01309
V862	0.15412	0.07933	0.72184	0.04471
V863	0.24721	0.07452	0.02106	0.65721
V864	0.08302	0.04597	0.09001	0.781
V865	0.14208	0.00565	0.32453	0.52774
V866	0.74218	0.01802	0.22709	0.01271
V867	0.74028	0.02723	0.22585	0.00664
V868	0.53071	0.27346	0.12587	0.06995
V869	0.01857	0.96846	0.00728	0.00569
V870	0.12316	0.39357	0.0345	0.44877
V871	0.00039	0.9628	0.00693	0.02988
V872	0.00832	0.0184	0.32271	0.65056
V873	0.89065	0.03378	0.04476	0.03081
V874	0.19237	0.78045	0.02671	0.00047
V875	0.01813	0.21986	0.24983	0.51218
V876	0.17669	0.33128	0.40726	0.08476
V877	0.05147	0.42147	0.31223	0.21483
V878	0.13058	0.81235	0.05667	0.00039
V879	0.19462	0.69666	0.04154	0.06719
V880	0.31711	0.55854	0.00643	0.11791
V881	0.17049	0.03629	0.62601	0.16721
V882	0.81574	0.00271	0.11711	0.06444
V883	0.30864	0.20229	0.48867	4e-04
V884	0.02217	0.3429	0.01996	0.61497
V885	0.70444	0.21781	0.07675	0.00099
V886	0.01545	0.37992	0.47493	0.1297
V887	0.6652	0.06032	0.15325	0.12124
V888	0.11754	0.03897	0.75592	0.08758
V889	0.91126	0.05364	0.01672	0.01838
V890	0.04059	0.14067	0.65455	0.16419
V891	0.64848	0.0465	0.26392	0.04111
V892	0.33392	0.20447	0.02373	0.43788
V893	0.59553	0.20718	0.14252	0.05476
V894	0.07629	0.3186	0.56869	0.03642
V895	0.6255	0.06047	0.1916	0.12244
V896	0.03688	0.93933	0.00638	0.01741
V897	0.68603	0.25831	0.00438	0.05127
V898	0.5386	0.00219	0.01736	0.44185
V899	0.03267	0.2225	0.18247	0.56236
V900	0.09176	0.30691	0.3831	0.21824
V901	0.03689	0.85456	0.00743	0.10113
V902	0.04682	0.90541	0.04214	0.00563
V903	0.00657	0.43903	0.51123	0.04316
V904	0.01917	0.97379	0.00129	0.00575
V905	0.18805	0.00075	0.22622	0.58498
V906	0.45945	0.09252	0.11722	0.33081
V907	0.4294	0.50767	0.01731	0.04562
V908	0.01274	0.0627	0.11869	0.80586
V909	0.13162	0.80931	0.00142	0.05764
V910	0.20568	0.00071	0.16193	0.63168
V911	0.5198	0.38798	0.0316	0.06062
V912	0.41403	0.32557	0.12424	0.13616
V913	0.14204	0.00222	0.04286	0.81289
V914	0.19175	0.50014	0.27362	0.0345
V915	0.27832	0.00227	0.03107	0.68834
V916	0.27876	0.04774	0.62945	0.04404
V917	0.73357	0.02857	0.1558	0.08207
V918	0.04862	0.65329	0.2186	0.07949
V919	0.22613	0.23862	0.31087	0.22437
V920	0.63058	0.1951	0.08932	0.085
V921	0.03601	0.20329	0.05995	0.70074
V922	0.1108	0.47556	0.37078	0.04286
V923	0.09723	0.02609	0.08089	0.79579
V924	0.03748	0.6909	0.24554	0.02608
V925	0.22382	0.04239	0.0398	0.694
V926	0.24813	0.02909	0.05614	0.66664
V927	0.02791	0.05306	0.09611	0.82292
V928	0.04664	0.89731	0.00634	0.04971
V929	0.06003	0.67176	0.12836	0.13985
V930	0.51837	0.36735	0.0323	0.08197
V931	0.15179	0.27556	0.50281	0.06984
V932	0.04072	0.10782	0.65072	0.20074
V933	0.58282	0.3947	0.01033	0.01216
V934	0.00687	0.16743	0.33688	0.48882
V935	0.58145	0.15714	0.19773	0.06368
V936	0.55174	0.27359	0.01939	0.15528
V937	0.58395	0.12703	0.08785	0.20117
V938	0.42038	0.04362	0.31607	0.21993
V939	0.77805	0.02134	0.07119	0.12942
V940	0.02692	0.8064	0.13474	0.03194
V941	0.00055	0.00113	0.99065	0.00767
V942	0.73105	0.18935	0.06088	0.01873
V943	0.42252	0.12185	0.40454	0.05109
V944	0.01972	0.32198	0.09155	0.56675
V945	0.56085	0.35462	0.01069	0.07384
V946	0.47036	0.25929	0.23673	0.03362
V947	0.10143	0.05295	0.28582	0.55981
V948	0.37247	0.0236	0.58348	0.02045
V949	0	0.1286	0.26194	0.60947
V950	0.06168	0.55968	0.21346	0.16518
V951	0.8341	0.02009	0.13905	0.00676
V952	0.08464	0.13696	0.31667	0.46172
V953	0.02105	0.04503	0.90405	0.02987
V954	0.04583	0.20855	0.18227	0.56335
V955	0.13403	0.63091	0.0305	0.20457
V956	0.04175	0.02005	0.57954	0.35866
V957	0.40425	0.01993	0.0168	0.55901
V958	0.03733	0.00331	0.03978	0.91959
V959	0.25328	0.25639	0.42078	0.06956
V960	0.27221	0.29546	0.09253	0.33981
V961	0.15034	0.39438	0.34652	0.10876
V962	0.38921	0.16202	0.38116	0.06762
V963	0.6129	0.16594	0.15203	0.06913
V964	0.84574	0.03208	0.09107	0.03112
V965	0.06252	0.52716	0.19879	0.21152
V966	0.95776	0.02504	0.00442	0.01278
V967	0.06725	0.03756	0.58461	0.31058
V968	0	0.15006	0.78818	0.06176
V969	0.00802	0.34972	0.0621	0.58016
V970	0.04141	0.12	0.4788	0.3598
V971	0.53034	0.07982	0.31749	0.07235
V972	0.54384	0.20063	0.05312	0.20241
V973	0.29392	0.43254	0.08307	0.19046
V974	0.00664	0.80467	0.12046	0.06823
V975	0.11417	0.30187	0.57765	0.00632
V976	0.47201	0.24681	0.11637	0.16481
V977	0.33402	0.35973	0.30006	0.00619
V978	0.07871	0.10915	0.10384	0.7083
V979	0.80935	0.01966	0.16426	0.00673
V980	0.9784	0.01409	0	0.00751
V981	0.37458	0.02657	0.43764	0.1612
V982	0.45313	0.3966	0.07394	0.07633
V983	0.73525	0.064	0.00785	0.1929
V984	0.01614	0.85333	0.09922	0.03131
V985	0.08859	0.23584	0.02792	0.64765
V986	0.33251	0.52541	0.04993	0.09216
V987	0.23327	0.74845	0.00052	0.01776
V988	0.26575	0.02133	0.03882	0.67409
V989	0.44096	0.46891	0.07126	0.01887
V990	0	0.04121	0.82957	0.12922
V991	0.62577	0.36203	0	0.0122
V992	0.23537	0.0048	0.54178	0.21805
V993	0.06945	0.73552	0.15547	0.03957
V994	0.18284	0.77986	0.02567	0.01163
V995	0.75301	0.10592	0.03202	0.10906
V996	0.32448	0.13922	0.02703	0.50927
V997	0.01875	0.00694	0.8631	0.1112
V998	0.87979	0.01722	0.05942	0.04357
V999	0.11833	0.87511	0.00078	0.00578
V1000	0.37326	0.02889	0.01681	0.58104
