cytotoxic.CD56.dim.NK.cell	memory.CD4.pos.AB.T.cell	memory.B.cell	CD14.pos.CD16.neg.classical.monocyte
V1	0.55726	0.01019	0.1681	0.26446
V2	0.14565	0.08219	0.06008	0.71208
V3	0.05669	0.62855	0.01573	0.29903
V4	0.859	0.12153	0	0.01947
V5	0.1081	0.47553	0.25928	0.15708
V6	0.07664	0.88452	0.01936	0.01948
V7	0.14374	0.34667	0.08462	0.42496
V8	0.12355	0.01917	0.82914	0.02813
V9	0.23539	0.22055	0.04115	0.50291
V10	0.01878	0.02275	0.91304	0.04543
V11	0.2083	0.34537	0.44089	0.00544
V12	0.0282	0.59019	0.36947	0.01214
V13	0.26053	0.71579	0.00446	0.01922
V14	0.07189	0.91316	0.00823	0.00672
V15	0.11828	0.61312	0.11615	0.15245
V16	0.9101	0.04888	0.0149	0.02612
V17	0.08634	0.88161	0.01252	0.01953
V18	0.58327	0.3456	0.03724	0.03389
V19	0.15621	0.82537	0.00586	0.01257
V20	0.16415	0.45889	0.02228	0.35468
V21	0.12366	0.04393	0.80452	0.02789
V22	0.02135	0.08165	0.2182	0.6788
V23	0.37961	0.03681	0.57774	0.00583
V24	0.9174	0.0509	0.03016	0.00154
V25	0.35275	0.21836	0.12845	0.30044
V26	0.40062	0.38252	0.01741	0.19944
V27	0.10079	0.06223	0.03675	0.80023
V28	0.00727	0.07648	0.91464	0.00162
V29	0.44069	0.02367	0.50902	0.02663
V30	0.09651	0.18987	0.29192	0.42169
V31	0.2026	0.16674	0.31191	0.31876
V32	0.08465	0.03865	0.05057	0.82614
V33	0.04434	0.49544	0.36769	0.09253
V34	0.12312	0.03022	0.81872	0.02793
V35	0.15895	0.74043	0.07412	0.02651
V36	0.00981	0.03122	0.50144	0.45753
V37	0.55687	0.05865	0.09325	0.29124
V38	0.42589	0.00657	0.17492	0.39262
V39	0.16424	0.57801	0.12558	0.13218
V40	0.10059	0.82662	0.07173	0.00106
V41	0.01279	0.6861	0.04531	0.25581
V42	0.21841	0.0248	0.21781	0.53898
V43	0.12834	0.32155	0.52272	0.02739
V44	0.0144	0.05373	0.77469	0.15718
V45	0.09633	0.60345	0.21847	0.08175
V46	0.80506	0.07492	0.11425	0.00577
V47	0.46518	0.171	0.32031	0.04352
V48	0.80495	0.17372	0.00228	0.01905
V49	0.74252	0.18378	0	0.0737
V50	0.06831	0.84898	0.07681	0.0059
V51	0.31783	0.39725	0.25804	0.02688
V52	0.02473	0.09073	0.85614	0.0284
V53	0.72861	0.12581	0.14451	0.00106
V54	0.43395	0.17567	0.37156	0.01882
V55	0.21268	0.10574	0.25299	0.42859
V56	0.05074	0.02671	0.10658	0.81597
V57	0.09637	0.87155	0.0196	0.01248
V58	0.64591	0.01206	0.04121	0.30083
V59	0.44659	0.41003	0.10034	0.04304
V60	0.12957	0.12579	0.34763	0.397
V61	0.81991	0.09881	0.00776	0.07351
V62	0.88431	0.0423	0.0613	0.01209
V63	0.02163	0.84761	0.11148	0.01928
V64	0.0158	0.86403	0.00251	0.11767
V65	0.02514	0.02083	0.12826	0.82576
V66	0.21186	0.71175	0.01698	0.05942
V67	0.15116	0.31206	0.52481	0.01197
V68	0.15604	0.13608	0.03343	0.67445
V69	0.02459	0.28592	0.64484	0.04465
V70	0.56778	0.13362	0.1799	0.1187
V71	0.16084	0.0526	0.39882	0.38773
V72	0.59993	0.14146	0.09093	0.16768
V73	0.15139	0.63432	0.13353	0.08076
V74	0.05891	0.21117	0.72893	0.00099
V75	0.72205	0.00816	0.18672	0.08307
V76	0.00637	0.15915	0.19546	0.63902
V77	0.04218	0.28889	0.0201	0.64883
V78	0.31077	0.0954	0.19351	0.40032
V79	0.00742	0.07581	0.8367	0.08007
V80	0.35036	0.01493	0.55602	0.07869
V81	0.05535	0.14294	0.79548	0.00623
V82	0.00388	0.06887	0.91874	0.00851
V83	0.13281	0.16204	0.08182	0.62334
V84	0.40029	0.03624	0.16739	0.39608
V85	0.10708	0.29418	0.42913	0.1696
V86	0.04304	0.03978	0.88061	0.03657
V87	0.03742	0.85423	0.04919	0.05916
V88	0.16214	0.04598	0.28535	0.50652
V89	0.0249	0.02253	0.22496	0.72761
V90	0.03133	0.90463	0.0515	0.01254
V91	0.03721	0.75609	0.17998	0.02672
V92	0.46421	0.0173	0.39198	0.12651
V93	0.88627	0.02648	0	0.08725
V94	0.02217	0.44668	0.02912	0.50202
V95	0.26378	0.43356	0.15756	0.1451
V96	0.07589	0.10186	0.04223	0.78001
V97	0.69353	0.10035	0.20061	0.00551
V98	0.68095	0.3066	0	0.01246
V99	0.8026	0.05051	0.14108	0.00582
V100	0.07414	0.02794	0.87684	0.02108
V101	0.03969	0.07635	0.02612	0.85783
V102	0.91939	0.06452	0.0032	0.0129
V103	0.01973	0.05613	0.11511	0.80903
V104	0.03606	0.94742	0.00946	0.00707
V105	0.06148	0.91699	0.01494	0.0066
V106	0.11821	0.51912	0.3271	0.03557
V107	0.18481	0.17646	0.59424	0.04449
V108	0.15008	0.76137	0.08753	0.00101
V109	0.01488	0.13013	0.62813	0.22686
V110	0.05766	0.88872	0.03423	0.01939
V111	0.90958	0.0196	0.06427	0.00655
V112	0.1258	0.04523	0.45581	0.37316
V113	0.18805	0.08862	0.18859	0.53475
V114	0.24347	0.0429	0.08979	0.62384
V115	0.01423	0.76276	0.21702	0.006
V116	0.1422	0.29447	0.39322	0.17011
V117	0.68991	0.24755	0.02887	0.03368
V118	0.16261	0.59109	0.03441	0.21189
V119	0.11471	0.07617	0.0634	0.74571
V120	0.07427	0.05801	0.8544	0.01332
V121	0.62105	0.11243	0.09033	0.17619
V122	0.94951	0.02676	0.01046	0.01327
V123	0.01313	0.51592	0.05023	0.42072
V124	0.66331	0.28713	0	0.04955
V125	0.39624	0.41518	0.16984	0.01874
V126	0.04322	0.14459	0.06469	0.74751
V127	0.16206	0.03876	0.27375	0.52543
V128	0.03924	0.02596	0.13431	0.80048
V129	0.59786	0.22043	0.15553	0.02618
V130	0.01329	0.66077	0.32	0.00594
V131	0.0314	0.90033	0.00197	0.06629
V132	0.93471	0.02262	0.02318	0.01949
V133	0.91234	0.02915	0.04614	0.01237
V134	0.10937	0.38453	0.13367	0.37243
V135	0.07939	0.02464	0.19775	0.69823
V136	0.24563	0.39783	0.01451	0.34203
V137	0.6685	0.03209	0.24078	0.05863
V138	0.21659	0.39923	0.18219	0.20199
V139	0.36676	0.18615	0.20201	0.24508
V140	0.03691	0.09523	0.07136	0.7965
V141	0.06117	0.12932	0.57797	0.23154
V142	0.77778	0.02403	0.19681	0.00138
V143	0.44722	0.24865	0.0673	0.23683
V144	0.16624	0.1363	0.17872	0.51874
V145	0.00735	0.77007	0.21647	0.00611
V146	0.06904	0.03165	0.05628	0.84303
V147	0.91883	0.03271	0.01492	0.03354
V148	0.12378	0.05564	0.61548	0.2051
V149	0.26296	0.5212	0.21046	0.00537
V150	0.08259	0.21829	0.62611	0.073
V151	0.20614	0.64405	0.03232	0.11749
V152	0.23856	0.44803	0.22065	0.09276
V153	0.10489	0.77205	0.01827	0.10479
V154	0.24542	0.4581	0.26947	0.02701
V155	0.49385	0.12646	0.28946	0.09024
V156	0.03158	0.11436	0.73363	0.12043
V157	0.31342	0.13545	0.32824	0.22289
V158	0.03955	0.0223	0.06902	0.86913
V159	0.88588	0.07315	0	0.04098
V160	0.70413	0.01161	0.06258	0.22168
V161	0.21384	0.02079	0.04644	0.71894
V162	0.06745	0.29177	0.08915	0.55164
V163	0.0974	0.49632	0.17208	0.2342
V164	0.35239	0.29781	0.10709	0.24271
V165	0.0194	0.27836	0.01631	0.68594
V166	0.01808	0.1047	0.08986	0.78736
V167	0.35178	0.01396	0.01906	0.6152
V168	0.28746	0.58668	0.07384	0.05202
V169	0.18945	0.05608	0.05139	0.70308
V170	0.10143	0.01909	0.55065	0.32883
V171	0.12727	0.22123	0.61555	0.03595
V172	0.7159	0.0151	0.26295	0.00605
V173	0.03483	0.148	0.05783	0.75934
V174	0.02382	0.16235	0.091	0.72283
V175	0.05939	0.01639	0.80868	0.11554
V176	0.01486	0.82017	0.15889	0.00608
V177	0.01989	0.96311	0.00288	0.01412
V178	0.01409	0.78059	0.00904	0.19629
V179	0.15769	0.01301	0.40175	0.42755
V180	0.03683	0.88743	0.07462	0.00112
V181	0.16134	0.1094	0.57438	0.15488
V182	0.30643	0.16302	0.47709	0.05347
V183	0.17752	0.80979	0.00642	0.00627
V184	0.9517	0.03133	0.01518	0.00179
V185	0.56129	0.42283	0.00997	0.0059
V186	0.11938	0.48712	0.26911	0.1244
V187	0.93963	0.02791	0.02564	0.00682
V188	0.06372	0.24006	0.0149	0.68133
V189	0.82567	0.02603	0.01548	0.13282
V190	0.65768	0.02129	0.31516	0.00587
V191	0.18478	0.18787	0.59165	0.0357
V192	0.30736	0.47151	0.04925	0.17188
V193	0.62015	0.03006	0.23509	0.1147
V194	0.04152	0.93109	0.00743	0.01996
V195	0.01485	0.04127	0.93506	0.00882
V196	0.02502	0.10265	0.03569	0.83663
V197	0.41467	0.0477	0.03284	0.50478
V198	0.06453	0.50715	0.37469	0.05363
V199	0.16256	0.0272	0.19062	0.61963
V200	0.12876	0.57615	0.02093	0.27417
V201	0.09663	0.56947	0.19004	0.14386
V202	0.01549	0.02191	0.79982	0.16279
V203	0.16365	0.42583	0.39132	0.0192
V204	0.01471	0.54449	0.01405	0.42675
V205	0.01886	0.05694	0.90983	0.01437
V206	0.04666	0.08964	0.85701	0.00668
V207	0.13286	0.18313	0.0635	0.62051
V208	0.24623	0.05943	0.68204	0.0123
V209	0.3083	0.47339	0.06653	0.15179
V210	0.08493	0.78881	0.08333	0.04293
V211	0.42219	0.02035	0.04148	0.51598
V212	0.51133	0.03805	0.43173	0.01889
V213	0.6535	0.02908	0.10727	0.21015
V214	0.3393	0.14376	0.17095	0.34598
V215	0.29083	0.09212	0.02894	0.58812
V216	0.0604	0.02095	0.05765	0.86101
V217	0.04515	0.49465	0.23789	0.22231
V218	0.09784	0.44679	0.17398	0.28139
V219	0.10614	0.65356	0.0135	0.2268
V220	0.01455	0.84025	0.00793	0.13726
V221	0.81396	0.01558	0.00458	0.16588
V222	0.32359	0.11651	0.38309	0.17681
V223	0.00746	0.11961	0.80167	0.07125
V224	0.94109	0.02975	0.02742	0.00174
V225	0.05938	0.88215	0.05238	0.00608
V226	0.30552	0.07499	0.6074	0.01209
V227	0.78934	0.01347	0.18509	0.01209
V228	0.795	0.06221	0.05971	0.08308
V229	0.01957	0.03282	0.92551	0.02209
V230	0.02989	0.05618	0.05532	0.85861
V231	0.02069	0.26958	0.12106	0.58867
V232	0.04821	0.66618	0.00466	0.28095
V233	0.58694	0.07717	0.19877	0.13712
V234	0.04109	0.91816	0.02803	0.01272
V235	0.37661	0.05362	0.54293	0.02684
V236	0.04092	0.05723	0.83081	0.07104
V237	0.16271	0.02292	0.05081	0.76356
V238	0.12945	0.56599	0.26036	0.0442
V239	0.06806	0.40242	0.02788	0.50164
V240	0.49479	0.03504	0.42744	0.04273
V241	0.01794	0.02115	0.89928	0.06163
V242	0.12682	0.77773	0.08357	0.01189
V243	0.23528	0.036	0.65817	0.07055
V244	0.19737	0.01355	0.71058	0.07851
V245	0.61381	0.29069	0.04488	0.05062
V246	0.05285	0.13519	0.79178	0.02018
V247	0.1638	0.03786	0.79712	0.00122
V248	0.0337	0.05253	0.07439	0.83938
V249	0.00198	0.04381	0.89248	0.06173
V250	0.76411	0.01585	0.21402	0.00602
V251	0.92756	0.06137	0.00412	0.00694
V252	0.0187	0.83636	0.14382	0.00111
V253	0.36769	0.06004	0.16923	0.40304
V254	0.01708	0.9298	0.04655	0.00658
V255	0.04985	0.91383	0.00177	0.03455
V256	0.17444	0.19476	0.54771	0.08309
V257	0.43463	0.08579	0.24095	0.23863
V258	0.17713	0.24844	0.44885	0.12557
V259	0.03377	0.27573	0.65457	0.03593
V260	0.00361	0.27913	0.71077	0.00649
V261	0.63323	0.02925	0.19433	0.14319
V262	0.09981	0.06976	0.03601	0.79441
V263	0.02644	0.95057	0.00244	0.02055
V264	0.1586	0.0302	0.45227	0.35893
V265	0.03894	0.01796	0.16225	0.78084
V266	0.62686	0.36567	0.00618	0.00129
V267	0.0047	0.16206	0.30045	0.53279
V268	0.38366	0.02325	0.14788	0.44521
V269	0.0105	0.55837	0.38719	0.04394
V270	0.6579	0.02429	0.24154	0.07627
V271	0.81773	0.06294	0.0283	0.09103
V272	0.05599	0.83799	0.01224	0.09378
V273	0.06471	0.03941	0.06173	0.83415
V274	0.7144	0.00723	0.17748	0.10089
V275	0.00428	0.04727	0.93888	0.00957
V276	0.51455	0.33191	0.0092	0.14434
V277	0.03754	0.19323	0.17252	0.59671
V278	0.03646	0.05247	0.31016	0.60091
V279	0.71134	0.05204	0.10508	0.13154
V280	0.03955	0.0223	0.06902	0.86913
V281	0.55281	0.02823	0.1402	0.27876
V282	0.05094	0.05807	0.83783	0.05317
V283	0.20915	0.5931	0.058	0.13975
V284	0.03269	0.90757	0.05345	0.00628
V285	0.07996	0.03333	0.88519	0.00153
V286	0.24543	0.56028	0.10364	0.09064
V287	0.09599	0.87218	0.01233	0.0195
V288	0.01627	0.25547	0.45018	0.27808
V289	0.28465	0.20438	0.43791	0.07307
V290	0.80344	0.18269	0.01247	0.0014
V291	0.49021	0.06385	0.43417	0.01177
V292	0.92742	0.02424	0	0.04835
V293	0.28764	0.01903	0.65829	0.03505
V294	0.09018	0.36967	0.00991	0.53024
V295	0.02013	0.16373	0.20468	0.61146
V296	0.17092	0.10322	0.64413	0.08172
V297	0.08127	0.01711	0.09554	0.80609
V298	0.29549	0.09213	0.60034	0.01203
V299	0.0704	0.2741	0.02525	0.63025
V300	0.00751	0.04088	0.25389	0.69772
V301	0.11331	0.09308	0.68217	0.11144
V302	0.64018	0.3474	0	0.01243
V303	0.00473	0.59993	0.3682	0.02714
V304	0.04952	0.02404	0.77023	0.15621
V305	0.1165	0.13786	0.48818	0.25745
V306	0.82422	0.09119	0.04353	0.04105
V307	0.02505	0.94669	0.01504	0.01322
V308	0.22875	0.21054	0.31087	0.24983
V309	0.33268	0.30497	0.028	0.33435
V310	0.07665	0.30229	0.1572	0.46386
V311	0.50453	0.4854	0.00407	0.006
V312	0.09587	0.75433	0.13076	0.01904
V313	0.01183	0.135	0.0429	0.81027
V314	0.01974	0.47453	0.11388	0.39185
V315	0.11721	0.63787	0.03486	0.21006
V316	0.31049	0.11683	0.40657	0.16611
V317	0.08494	0.71604	0.04236	0.15666
V318	0.03881	0.55958	0.01814	0.38348
V319	0.05273	0.05465	0.86423	0.02838
V320	0.07043	0.12259	0.68503	0.12195
V321	0.61696	0.37551	0.00624	0.00129
V322	0.19066	0.31079	0.07465	0.4239
V323	0.05742	0.03293	0.11092	0.79873
V324	0.66883	0.25085	0.06178	0.01855
V325	0.29774	0.64786	0.04877	0.00564
V326	0.0058	0.56381	0.09257	0.33783
V327	0.02322	0.14049	0.11896	0.71733
V328	0.04032	0.02428	0.76992	0.16548
V329	0.16535	0.0984	0.17959	0.55665
V330	0.38185	0.01047	0.34525	0.26244
V331	0.33912	0.08032	0.04961	0.53095
V332	0.01538	0.05363	0.2031	0.7279
V333	0.42596	0.06238	0.40196	0.1097
V334	0.34569	0.01085	0.36946	0.274
V335	0.02448	0.31614	0.53622	0.12316
V336	0.16921	0.71732	0.01749	0.09599
V337	0.28198	0.39914	0.2919	0.02698
V338	0.01096	0.9692	0.01218	0.00766
V339	0.11946	0.02423	0.84912	0.00719
V340	0.05202	0.20292	0.55656	0.1885
V341	0.03171	0.0491	0.09	0.82919
V342	0.23191	0.01095	0.63091	0.12623
V343	0.94898	0.03882	0.00489	0.00731
V344	0.67174	0.15381	0.17344	0.00101
V345	0.02476	0.05944	0.91444	0.00137
V346	0.22427	0.09577	0.29771	0.38225
V347	0.04676	0.02376	0.14888	0.7806
V348	0.05505	0.66972	0.13529	0.13994
V349	0.34811	0.14791	0.4014	0.10258
V350	0.03443	0.80302	0.1615	0.00104
V351	0.01837	0.03116	0.41585	0.53462
V352	0.04179	0.02343	0.86449	0.07029
V353	0.88587	0.02922	0.02864	0.05627
V354	0.04582	0.70786	0.21146	0.03486
V355	0.26801	0.06173	0.48505	0.18521
V356	0.03874	0.0347	0.12309	0.80347
V357	0.1084	0.31596	0.29	0.28564
V358	0.54447	0.0941	0.04985	0.31159
V359	0.56899	0.05201	0.03471	0.3443
V360	0.53997	0.43213	0.01602	0.01188
V361	0.00456	0.44549	0.54384	0.00611
V362	0.01047	0.96348	0.01864	0.00741
V363	0.16244	0.09775	0.49575	0.24406
V364	0.14511	0.05155	0.71322	0.09012
V365	0.2559	0.03412	0.02773	0.68225
V366	0.07481	0.69958	0.07695	0.14866
V367	0.56981	0.13209	0.00612	0.29199
V368	0.08485	0.75191	0.07528	0.08797
V369	0.01906	0.3915	0.58355	0.00589
V370	0.29424	0.26273	0.41592	0.02712
V371	0.17948	0.73652	0.0244	0.0596
V372	0.15368	0.05135	0.13164	0.66334
V373	0.07214	0.11802	0.49838	0.31146
V374	0.76309	0.02933	0.20636	0.00122
V375	0.04272	0.04436	0.16208	0.75083
V376	0.03774	0.04216	0.12122	0.79888
V377	0.78536	0.01015	0.01109	0.1934
V378	0.01084	0.03226	0.42559	0.53131
V379	0.32812	0.18652	0.01739	0.46797
V380	0.14108	0.06426	0.21177	0.58289
V381	0.74028	0.01721	0.0866	0.15591
V382	0.07777	0.04036	0.87476	0.00712
V383	0.83558	0.01429	0.04374	0.10639
V384	0.56139	0.06729	0.1306	0.24072
V385	0.86263	0.02167	0.0673	0.04839
V386	0.28751	0.01845	0.15348	0.54056
V387	0.59875	0.13499	0.18752	0.07874
V388	0.3771	0.32274	0.1456	0.15456
V389	0.40699	0.52451	0.00912	0.05937
V390	0.28852	0.24539	0.46067	0.00542
V391	0.40788	0.09774	0.02407	0.47031
V392	0.42862	0.20705	0.16662	0.1977
V393	0.27755	0.21147	0.36409	0.1469
V394	0.088	0.21402	0.11911	0.57887
V395	0.21668	0.38821	0.20407	0.19104
V396	0.01717	0.95391	0.00865	0.02027
V397	0.78946	0.08291	0.09437	0.03326
V398	0.44509	0.12262	0.0968	0.33549
V399	0.18784	0.56554	0.14503	0.10159
V400	0.0063	0.58391	0.06541	0.34437
V401	0.03198	0.13695	0.75919	0.07188
V402	0.77761	0.18745	0.0337	0.00124
V403	0.03225	0.0395	0.10013	0.82812
V404	0.08181	0.17402	0.65196	0.09221
V405	0.2082	0.03282	0.17774	0.58124
V406	0.64754	0.24329	0.01454	0.09464
V407	0.01096	0.9692	0.01218	0.00766
V408	0.08453	0.2233	0.42013	0.27204
V409	0.01347	0.0543	0.06918	0.86304
V410	0.08586	0.86856	0.02626	0.01932
V411	0.42715	0.02106	0.0095	0.54228
V412	0.14848	0.0625	0.5259	0.26313
V413	0.05558	0.48167	0.18426	0.27849
V414	0.03515	0.50667	0.33539	0.12279
V415	0.43711	0.0276	0.23811	0.29718
V416	0.01741	0.09652	0.88481	0.00125
V417	0.366	0.6231	0.00484	0.00606
V418	0.06821	0.09661	0.15496	0.68023
V419	0.03575	0.02209	0.07748	0.86468
V420	0.00781	0.89516	0.01394	0.08309
V421	0.14414	0.0351	0.71172	0.10904
V422	0.05511	0.0824	0.03245	0.83004
V423	0.07414	0.02794	0.87684	0.02108
V424	0.00225	0.04646	0.64219	0.3091
V425	0.05176	0.21675	0.62884	0.10265
V426	0.0804	0.04063	0.8172	0.06177
V427	0.06564	0.38556	0.19804	0.35076
V428	0.08487	0.78811	0.04906	0.07796
V429	0.03273	0.02216	0.08455	0.86057
V430	0.75636	0.16351	0.01403	0.0661
V431	0.16916	0.02338	0.47317	0.33429
V432	0.10358	0.09374	0.06271	0.73997
V433	0.05677	0.74189	0.00314	0.1982
V434	0.32679	0.07175	0.0586	0.54285
V435	0.50034	0.01605	0.12352	0.36009
V436	0.36936	0.01796	0.12022	0.49245
V437	0.22254	0.22198	0.01388	0.54161
V438	0.61523	0.14976	0.03103	0.20398
V439	0.04202	0.11673	0.03054	0.81072
V440	0.4724	0.03883	0.03854	0.45023
V441	0.06056	0.11039	0.63321	0.19584
V442	0.31557	0.33541	0.13779	0.21123
V443	0.74682	0.01201	0.08634	0.15482
V444	0.02476	0.05944	0.91444	0.00137
V445	0.61097	0.02221	0.34065	0.02617
V446	0.03737	0.84515	0.04933	0.06815
V447	0.64121	0.08674	0.1753	0.09675
V448	0.02214	0.06603	0.20964	0.70219
V449	0.56393	0.03774	0.30141	0.09693
V450	0.14196	0.84001	0.01679	0.00124
V451	0.91604	0.06412	0	0.01983
V452	0.04307	0.02864	0.10068	0.82761
V453	0.8182	0.07285	0.05974	0.04921
V454	0.00894	0.93239	0.04566	0.01301
V455	0.60241	0.03248	0.30588	0.05922
V456	0.32243	0.10701	0.40503	0.16553
V457	0.01352	0.07657	0.05122	0.85869
V458	0.2568	0.22038	0.01277	0.51005
V459	0.02023	0.80848	0.08476	0.08653
V460	0.93831	0.02487	0.02394	0.01288
V461	0.0695	0.05593	0.03452	0.84005
V462	0.33787	0.23918	0.0053	0.41766
V463	0.24991	0.48139	0.15611	0.1126
V464	0.49702	0.0977	0.00891	0.39637
V465	0.39904	0.42947	0.02377	0.14772
V466	0.58314	0.18051	0.00478	0.23157
V467	0.30845	0.58375	0.07319	0.03461
V468	0.49948	0.40362	0.04577	0.05113
V469	0.01825	0.16012	0.30118	0.52046
V470	0.55582	0.11385	0.18093	0.1494
V471	0.2568	0.10174	0.04479	0.59667
V472	0.31464	0.32644	0.00394	0.35497
V473	0.09659	0.55159	0.33263	0.01919
V474	0.11606	0.01451	0.12334	0.74609
V475	0.17876	0.39376	0.08207	0.34541
V476	0.15848	0.02774	0.07292	0.74086
V477	0.60241	0.03602	0.20664	0.15492
V478	0.12818	0.59416	0.00821	0.26944
V479	0.01495	0.07493	0.82989	0.08024
V480	0.07843	0.30287	0.05371	0.56499
V481	0.13605	0.02718	0.8234	0.01336
V482	0.70449	0.15661	0.1052	0.03369
V483	0.12241	0.10634	0.08521	0.68604
V484	0.03213	0.08893	0.051	0.82793
V485	0.11544	0.74928	0.0117	0.12357
V486	0.26587	0.25348	0.13124	0.34941
V487	0.07337	0.053	0.10423	0.76941
V488	0.00518	0.02376	0.87504	0.09601
V489	0.20332	0.09505	0.68937	0.01226
V490	0.33766	0.30732	0.06953	0.28548
V491	0.43814	0.47162	0.03027	0.05996
V492	0.03132	0.84075	0.12197	0.00596
V493	0.06953	0.02635	0.02756	0.87656
V494	0.18615	0.13944	0.55055	0.12386
V495	0.2166	0.63412	0.1304	0.01888
V496	0.26208	0.6956	0	0.04232
V497	0.01755	0.0295	0.94357	0.00938
V498	0.30482	0.09906	0.05862	0.5375
V499	0.60973	0.26745	0.11737	0.00544
V500	0.09243	0.11065	0.76103	0.0359
V501	0.01627	0.0294	0.09805	0.85628
V502	0.55227	0.27458	0.14691	0.02624
V503	0.18795	0.08819	0.20979	0.51407
V504	0.22208	0.70831	0.01027	0.05934
V505	0.19125	0.19955	0.26617	0.34302
V506	0.08395	0.23582	0.47771	0.20253
V507	0.62165	0.09413	0.11807	0.16615
V508	0.75667	0.16604	0.03594	0.04135
V509	0.21846	0.05409	0.53195	0.19549
V510	0.21838	0.52325	0.25294	0.00543
V511	0.04763	0.41455	0.05157	0.48625
V512	0.23262	0.05046	0.0899	0.62702
V513	0.0751	0.65791	0.20494	0.06206
V514	0.02957	0.1066	0.02477	0.83905
V515	0.77553	0.06115	0.04404	0.11929
V516	0.88688	0.10611	0	0.00701
V517	0.03864	0.03207	0.26918	0.66011
V518	0.93432	0.05812	0	0.00756
V519	0.0301	0.87054	0.00685	0.09251
V520	0.02498	0.01325	0.63589	0.32588
V521	0.56195	0.04374	0.36797	0.02633
V522	0.00745	0.11061	0.6032	0.27873
V523	0.35064	0.11448	0.26874	0.26613
V524	0.01266	0.7819	0.17877	0.02666
V525	0.24654	0.1991	0.03389	0.52047
V526	0.64909	0.07597	0.0719	0.20304
V527	0.19355	0.02307	0.41502	0.36837
V528	0.09537	0.86121	0.0011	0.04232
V529	0.05684	0.06051	0.23689	0.64575
V530	0.00743	0.18524	0.70661	0.10071
V531	0.02726	0.86292	0.10872	0.00109
V532	0.16584	0.32075	0.03326	0.48015
V533	0.27859	0.34788	0.13903	0.23451
V534	0.00858	0.02105	0.72766	0.24271
V535	0.53681	0.01003	0.01836	0.4348
V536	0.17953	0.00853	0.38764	0.4243
V537	0.58781	0.25486	0.14585	0.01148
V538	0.44734	0.05216	0.0887	0.4118
V539	0.26378	0.43356	0.15756	0.1451
V540	0.19185	0.70867	0.06499	0.0345
V541	0.02071	0.50676	0.06683	0.4057
V542	0.1889	0.11569	0.26544	0.42998
V543	0.87742	0.01725	0.00912	0.09621
V544	0.09812	0.08323	0.18315	0.6355
V545	0.35728	0.13442	0.07268	0.43562
V546	0.05008	0.88325	0.06059	0.00608
V547	0.03743	0.64712	0.3034	0.01205
V548	0.14802	0.77059	0.07568	0.00571
V549	0.3125	0.03504	0.64021	0.01226
V550	0.57309	0.03595	0.00455	0.38641
V551	0.16863	0.74833	0.03196	0.05107
V552	0.00769	0.53408	0.0154	0.44282
V553	0.21709	0.13959	0.624	0.01932
V554	0.05804	0.09736	0.0448	0.79981
V555	0.0852	0.21133	0.34988	0.35359
V556	0.00264	0.0435	0.92386	0.03
V557	0.81573	0.03307	0.00918	0.14203
V558	0.06494	0.79502	0.02611	0.11393
V559	0.01831	0.80086	0.17977	0.00106
V560	0.66216	0.33149	0	0.00635
V561	0.00428	0.04727	0.93888	0.00957
V562	0.78494	0.01327	0.11098	0.09081
V563	0.23349	0.02101	0.73901	0.00648
V564	0.05435	0.07571	0.85661	0.01332
V565	0.11879	0.24617	0.39655	0.23849
V566	0.69635	0.09561	0.00412	0.20392
V567	0.21137	0.44725	0.02848	0.3129
V568	0.23213	0.01824	0.06804	0.68158
V569	0.66929	0.03492	0.00216	0.29364
V570	0.0242	0.27364	0.63909	0.06307
V571	0.81347	0.12988	0	0.05665
V572	0.43537	0.01316	0.45478	0.09669
V573	0.06432	0.17877	0.02349	0.73342
V574	0.03845	0.79063	0.15887	0.01205
V575	0.02417	0.08742	0.14204	0.74637
V576	0.14639	0.80815	0.03335	0.01211
V577	0.03903	0.0478	0.22857	0.6846
V578	0.04957	0.05901	0.71086	0.18056
V579	0.0143	0.88155	0.08471	0.01943
V580	0.14459	0.01825	0.12696	0.71021
V581	0.07417	0.09871	0.02136	0.80576
V582	0.57979	0.14059	0.0322	0.24743
V583	0.00825	0.04393	0.61417	0.33364
V584	0.52128	0.15003	0.29411	0.03458
V585	0.01132	0.02014	0.46558	0.50295
V586	0.22086	0.01694	0.67377	0.08842
V587	0.25392	0.02064	0.69814	0.0273
V588	0.62172	0.04434	0.02625	0.30769
V589	0.05547	0.82751	0.05744	0.05959
V590	0.04873	0.76673	0.17877	0.00578
V591	0.00791	0.04842	0.2248	0.71887
V592	0.15291	0.05202	0.79389	0.00118
V593	0.57772	0.0058	0.18585	0.23062
V594	0.33389	0.28281	0.33908	0.04422
V595	0.04105	0.05176	0.05144	0.85575
V596	0.03589	0.26754	0.23402	0.46255
V597	0.0044	0.58198	0.33357	0.08005
V598	0.01764	0.11443	0.85443	0.0135
V599	0.62129	0.32349	0.02918	0.02604
V600	0.35301	0.48038	0.04789	0.11872
V601	0.15553	0.2663	0.08595	0.49223
V602	0.04417	0.0561	0.04119	0.85854
V603	0.01549	0.37221	0.02558	0.58672
V604	0.51556	0.11292	0.34502	0.02651
V605	0.06369	0.31633	0.41741	0.20256
V606	0.7297	0.15155	0.00812	0.11063
V607	0.64824	0.01588	0.10729	0.22858
V608	0.21362	0.14665	0.40373	0.23601
V609	0.02698	0.22294	0.24587	0.50421
V610	0.77148	0.02406	0.0857	0.11876
V611	0.27596	0.01677	0.06509	0.64218
V612	0.02347	0.08412	0.83024	0.06216
V613	0.03416	0.32022	0.60972	0.0359
V614	0.76609	0.06083	0.04426	0.12881
V615	0.13134	0.06815	0.0261	0.77442
V616	0.07494	0.71606	0.04259	0.1664
V617	0.46413	0.16582	0.36917	0.00088
V618	0.71324	0.01747	0.00164	0.26766
V619	0.37586	0.02865	0.32807	0.26742
V620	0.01329	0.66077	0.32	0.00594
V621	0.42661	0.14341	0.17746	0.25252
V622	0.35364	0.21774	0.40168	0.02694
V623	0.02378	0.07756	0.1611	0.73756
V624	0.77709	0.2037	0	0.01922
V625	0.2606	0.5015	0.0954	0.1425
V626	0.94095	0.04537	0	0.01369
V627	0.01184	0.04765	0.10883	0.83168
V628	0.01009	0.23786	0.0333	0.71875
V629	0.12001	0.28005	0.29073	0.30921
V630	0.03392	0.31962	0.60185	0.04462
V631	0.02221	0.18878	0.11556	0.67345
V632	0.57608	0.00592	0.13803	0.27996
V633	0.00153	0.03937	0.84398	0.11512
V634	0.39439	0.26378	0.33648	0.00535
V635	0.02978	0.76335	0.00844	0.19843
V636	0.11343	0.09232	0.67242	0.12184
V637	0.29945	0.18652	0.09226	0.42177
V638	0.37406	0.25007	0.06969	0.30617
V639	0.26216	0.43432	0.30274	0.00079
V640	0.03268	0.14067	0.78208	0.04457
V641	0.88614	0.0441	0.02122	0.04854
V642	0.76014	0.17482	0	0.06504
V643	0.00839	0.16958	0.47066	0.35138
V644	0.89572	0.08859	0.003	0.0127
V645	0.25669	0.4121	0.3122	0.01901
V646	0.01954	0.9625	0.01059	0.00738
V647	0.1348	0.07908	0.73291	0.05321
V648	0.40837	0.43593	0.12926	0.02645
V649	0.02382	0.06098	0.86192	0.05328
V650	0.05044	0.08193	0.80545	0.06218
V651	0.29821	0.0193	0.67619	0.0063
V652	0.08293	0.07963	0.46032	0.37711
V653	0.11677	0.67887	0.09504	0.10931
V654	0.70255	0.19494	0.0523	0.05021
V655	0.0384	0.57219	0.02458	0.36483
V656	0.19987	0.26521	0.01949	0.51543
V657	0.03544	0.09742	0.03393	0.83322
V658	0.60773	0.20213	0.05438	0.13577
V659	0.32122	0.07772	0.38189	0.21916
V660	0.03464	0.94273	0.0022	0.02042
V661	0.05701	0.41573	0.0593	0.46795
V662	0.402	0.01896	0.48138	0.09766
V663	0.22883	0.06483	0.5952	0.11113
V664	0.19069	0.06241	0.70296	0.04394
V665	0.69685	0.18137	0.03623	0.08555
V666	0.57302	0.00655	0.10176	0.31867
V667	0.7542	0.08269	0.16198	0.00113
V668	0.11982	0.79922	0.07991	0.00105
V669	0.22702	0.41308	0.2561	0.1038
V670	0.07906	0.89929	0.00166	0.01998
V671	0.36341	0.27971	0.26424	0.09265
V672	0.01816	0.03772	0.91488	0.02924
V673	0.22921	0.3642	0.23733	0.16927
V674	0.72385	0.141	0.01469	0.12046
V675	0.13119	0.31726	0.33539	0.21616
V676	0.03238	0.11254	0.12017	0.73491
V677	0.38345	0.40226	0.09357	0.12072
V678	0.49635	0.4875	0.01029	0.00585
V679	0.04447	0.30277	0.64046	0.01231
V680	0.29813	0.55281	0.13022	0.01884
V681	0.89291	0.0727	0.00825	0.02614
V682	0.10542	0.28739	0.57121	0.03598
V683	0.02485	0.9491	0.02478	0.00127
V684	0.70748	0.155	0.08718	0.05034
V685	0.49693	0.34124	0.11888	0.04295
V686	0.08731	0.17074	0.16125	0.58071
V687	0.0442	0.03943	0.05541	0.86096
V688	0.36263	0.51403	0	0.12335
V689	0.24431	0.01305	0.06031	0.68234
V690	0.46414	0.04087	0.4345	0.0605
V691	0.14982	0.02322	0.82003	0.00693
V692	0.07061	0.12653	0.74014	0.06272
V693	0.22353	0.0963	0.38959	0.29057
V694	0.01285	0.03532	0.31179	0.64004
V695	0.22914	0.01408	0.16688	0.58991
V696	0.07765	0.09591	0.03531	0.79112
V697	0.02727	0.088	0.03808	0.84665
V698	0.81732	0.01494	0.01004	0.1577
V699	0.5693	0.27986	0.0627	0.08815
V700	0.22551	0.03754	0.02275	0.71419
V701	0.10824	0.52886	0.10965	0.25325
V702	0.53263	0.07854	0.01434	0.37449
V703	0.12479	0.04588	0.51287	0.31646
V704	0.82336	0.04736	0.02156	0.10772
V705	0.94695	0.01676	0.0098	0.0265
V706	0.06981	0.04691	0.80304	0.08025
V707	0.03479	0.42331	0.50614	0.03577
V708	0.03817	0.87536	0.01922	0.06725
V709	0.12801	0.25112	0.54739	0.07348
V710	0.60654	0.2018	0.04619	0.14548
V711	0.08563	0.80463	0.08318	0.02657
V712	0.816	0.05649	0.00293	0.12458
V713	0.43002	0.2918	0.03332	0.24487
V714	0.01352	0.66893	0.02339	0.29416
V715	0.29897	0.32907	0.30875	0.06321
V716	0.04192	0.05834	0.07001	0.82974
V717	0.08066	0.90405	0.00191	0.01338
V718	0.14143	0.56841	0.1776	0.11255
V719	0.05543	0.71375	0.03538	0.19544
V720	0.69906	0.00812	0.22682	0.06601
V721	0.11619	0.14837	0.50021	0.23523
V722	0.08931	0.33594	0.02209	0.55265
V723	0.109	0.09366	0.02573	0.77162
V724	0.57215	0.02881	0.08379	0.31525
V725	0.00246	0.09568	0.87283	0.02903
V726	0.0373	0.37013	0.12625	0.46631
V727	0.25636	0.65445	0.08363	0.00556
V728	0.03191	0.87577	0.08624	0.00608
V729	0.39473	0.01669	0.1674	0.42118
V730	0.89815	0.03954	0.0364	0.02591
V731	0.02487	0.17933	0.41627	0.37952
V732	0.34528	0.06852	0.36807	0.21813
V733	0.6475	0.17962	0.02968	0.1432
V734	0.23118	0.30107	0.46229	0.00545
V735	0.01711	0.03017	0.5024	0.45032
V736	0.14936	0.02751	0.02954	0.7936
V737	0.32905	0.2794	0.24543	0.14613
V738	0.07365	0.31839	0.47239	0.13557
V739	0.00269	0.02443	0.62093	0.35196
V740	0.83679	0.09005	0.06132	0.01185
V741	0.48075	0.09436	0.12456	0.30033
V742	0.38427	0.60073	0.01388	0.00112
V743	0.12575	0.13248	0.72207	0.0197
V744	0.51829	0.03743	0.33688	0.1074
V745	0.01926	0.69848	0.17393	0.10832
V746	0.96376	0.02787	0	0.00838
V747	0.05028	0.01338	0.73217	0.20417
V748	0.11409	0.09051	0.62078	0.17462
V749	0.27122	0.16711	0.05783	0.50383
V750	0.40581	0.46158	0.01611	0.11651
V751	0.0465	0.8694	0.0335	0.05059
V752	0.46435	0.21712	0.13372	0.18481
V753	0.04657	0.0635	0.02633	0.86359
V754	0.01667	0.92311	0.00225	0.05797
V755	0.14167	0.17878	0.36062	0.31893
V756	0.03726	0.03336	0.08047	0.84891
V757	0.3279	0.59001	0.05567	0.02642
V758	0.04564	0.77275	0.11203	0.06957
V759	0.1157	0.05353	0.42298	0.40778
V760	0.28207	0.05113	0.29236	0.37443
V761	0.06453	0.57919	0.27441	0.08187
V762	0.00827	0.38373	0.02636	0.58164
V763	0.38062	0.34879	0.0257	0.2449
V764	0.0153	0.91902	0.00754	0.05815
V765	0.6588	0.08894	0.00098	0.25128
V766	0.01614	0.30235	0.45969	0.22182
V767	0.48529	0.11482	0.2484	0.15148
V768	0.05801	0.90267	0.01984	0.01947
V769	0.13583	0.82587	0.02609	0.01221
V770	0.01954	0.9625	0.01059	0.00738
V771	0.15723	0.02653	0.80307	0.01316
V772	0.12743	0.0512	0.8149	0.00647
V773	0.15621	0.82537	0.00586	0.01257
V774	0.02012	0.02449	0.92557	0.02982
V775	0.10641	0.04057	0.29745	0.55557
V776	0.4252	0.41909	0.04719	0.10852
V777	0.16579	0.1086	0.14849	0.57712
V778	0.53912	0.26912	0.06383	0.12793
V779	0.15859	0.03783	0.52173	0.28185
V780	0.10987	0.76513	0.12402	0.00098
V781	0.05561	0.05126	0.05356	0.83958
V782	0.00759	0.11179	0.8184	0.06222
V783	0.78669	0.02437	0.04453	0.14441
V784	0.10821	0.87166	0.01379	0.00634
V785	0.04081	0.92579	0.01363	0.01978
V786	0.725	0.15543	0.07793	0.04165
V787	0.00813	0.83603	0.1496	0.00624
V788	0.51149	0.29699	0.14849	0.04303
V789	0.06842	0.3576	0.03655	0.53743
V790	0.44087	0.0307	0.08044	0.44799
V791	0.13087	0.36676	0.34373	0.15864
V792	0.12895	0.53752	0.0092	0.32432
V793	0.11677	0.66051	0.03444	0.18828
V794	0.04085	0.07368	0.81422	0.07125
V795	0.10557	0.05314	0.07508	0.76621
V796	0.02543	0.08426	0.86945	0.02086
V797	0.75164	0.01311	0.22321	0.01204
V798	0.61676	0.29408	0.07064	0.01853
V799	0.12592	0.78092	0.0248	0.06835
V800	0.06083	0.026	0.54117	0.37201
V801	0.12933	0.10646	0.347	0.41721
V802	0.03641	0.07639	0.28965	0.59755
V803	0.21652	0.52143	0.26123	0.00083
V804	0.51824	0.01926	0.39405	0.06845
V805	0.03391	0.03814	0.9263	0.00165
V806	0.04804	0.90497	0.01265	0.03434
V807	0.24616	0.14875	0.04331	0.56177
V808	0.66103	0.26871	0.03658	0.03369
V809	0.04668	0.06351	0.88855	0.00126
V810	0.02239	0.96628	0.00334	0.008
V811	0.41979	0.06741	0.20888	0.30392
V812	0.5487	0.25714	0.04688	0.14728
V813	0.59799	0.19028	0.18556	0.02617
V814	0.41888	0.53555	0.03996	0.00561
V815	0.00917	0.91307	0.07123	0.00653
V816	0.90826	0.02706	0.06305	0.00163
V817	0.02664	0.07889	0.88069	0.01378
V818	0.0119	0.08258	0.06864	0.83687
V819	0.8325	0.08284	0.04362	0.04103
V820	0.12554	0.10372	0.03761	0.73314
V821	0.21359	0.30692	0.40588	0.07362
V822	0.06394	0.03512	0.8799	0.02104
V823	0.02331	0.17533	0.71001	0.09134
V824	0.08856	0.37258	0.53801	0.00085
V825	0.21719	0.2803	0.26386	0.23866
V826	0.42722	0.41323	0.14799	0.01157
V827	0.36422	0.59978	0.00965	0.02635
V828	0.2134	0.15753	0.11511	0.51396
V829	0.04055	0.24286	0.05074	0.66585
V830	0.21217	0.22125	0.03453	0.53204
V831	0.77437	0.08675	0.02862	0.11026
V832	0.265	0.39787	0.16948	0.16765
V833	0.14228	0.50998	0.18068	0.16705
V834	0.28013	0.0719	0.08665	0.56132
V835	0.35636	0.45014	0.11263	0.08087
V836	0.01428	0.67523	0.01119	0.29929
V837	0.21673	0.3752	0.1939	0.21417
V838	0.91222	0.05706	0.0243	0.00643
V839	0.29102	0.6111	0.09239	0.00549
V840	0.27927	0.71122	0.00827	0.00123
V841	0.00193	0.05172	0.89276	0.05359
V842	0.35296	0.15508	0.2695	0.22246
V843	0.01588	0.03169	0.882	0.07042
V844	0.10534	0.07959	0.40274	0.41233
V845	0.06048	0.09878	0.77828	0.06246
V846	0.00181	0.02694	0.77172	0.19953
V847	0.0167	0.03057	0.08425	0.86849
V848	0.08645	0.50828	0.17174	0.23352
V849	0.0089	0.94771	0.0087	0.03469
V850	0.95535	0.02006	0.01114	0.01344
V851	0.32445	0.53426	0.14043	0.00086
V852	0.10061	0.05391	0.14525	0.70022
V853	0.23865	0.213	0.42313	0.12523
V854	0.60097	0.16184	0.09994	0.13725
V855	0.0167	0.03057	0.08425	0.86849
V856	0.04396	0.33924	0.36973	0.24708
V857	0.67799	0.17001	0.02925	0.12275
V858	0.54148	0.02198	0.43062	0.00592
V859	0.65841	0.23257	0.01451	0.09451
V860	0.17738	0.11315	0.06444	0.64504
V861	0.0852	0.3463	0.55642	0.01209
V862	0.12368	0.08041	0.7517	0.04421
V863	0.19351	0.07224	0.01575	0.71851
V864	0.06829	0.05084	0.07283	0.80804
V865	0.10653	0.01557	0.28506	0.59283
V866	0.71727	0.02514	0.24571	0.01188
V867	0.71369	0.03497	0.24555	0.00579
V868	0.5177	0.27289	0.1296	0.07981
V869	0.02775	0.95512	0.00993	0.0072
V870	0.09934	0.33487	0.02843	0.53735
V871	0.0089	0.94771	0.0087	0.03469
V872	0.01441	0.02993	0.27205	0.68361
V873	0.88544	0.03777	0.04365	0.03315
V874	0.19045	0.77835	0.03008	0.00112
V875	0.01965	0.18309	0.21463	0.58262
V876	0.1531	0.31954	0.43344	0.09392
V877	0.04466	0.38625	0.31057	0.25852
V878	0.12995	0.80582	0.0632	0.00103
V879	0.1817	0.69977	0.04009	0.07844
V880	0.29688	0.55358	0.00459	0.14495
V881	0.13412	0.04016	0.63333	0.19239
V882	0.79901	0.00877	0.11926	0.07296
V883	0.27287	0.19989	0.52635	0.00089
V884	0.02701	0.28496	0.01548	0.67254
V885	0.69403	0.22199	0.08286	0.00112
V886	0.01619	0.35006	0.48989	0.14386
V887	0.64013	0.05962	0.15561	0.14463
V888	0.09021	0.04546	0.77443	0.0899
V889	0.90698	0.05845	0.01532	0.01925
V890	0.03175	0.13085	0.6535	0.18389
V891	0.62502	0.04872	0.28417	0.04209
V892	0.26862	0.17905	0.01968	0.53264
V893	0.58467	0.20753	0.14727	0.06053
V894	0.06302	0.29823	0.60282	0.03592
V895	0.59586	0.05989	0.19798	0.14627
V896	0.04152	0.93109	0.00743	0.01996
V897	0.68469	0.2552	0.00208	0.05804
V898	0.44828	0.01199	0.01563	0.5241
V899	0.02938	0.18453	0.15317	0.63292
V900	0.07426	0.28081	0.38428	0.26065
V901	0.03814	0.8348	0.00684	0.12021
V902	0.05078	0.89824	0.04475	0.00623
V903	0.00939	0.4087	0.53753	0.04439
V904	0.03048	0.95864	0.00312	0.00776
V905	0.14119	0.01135	0.19338	0.65407
V906	0.39296	0.08625	0.109	0.41178
V907	0.41899	0.51451	0.01562	0.05089
V908	0.0202	0.06659	0.09672	0.8165
V909	0.12498	0.80717	0.00083	0.06703
V910	0.15465	0.01266	0.13601	0.69669
V911	0.5116	0.39021	0.02956	0.06863
V912	0.38865	0.32175	0.12477	0.16483
V913	0.12572	0.01986	0.03409	0.82033
V914	0.17506	0.49573	0.29377	0.03545
V915	0.21945	0.01677	0.02646	0.73732
V916	0.23578	0.05341	0.66699	0.04382
V917	0.71553	0.03079	0.16013	0.09355
V918	0.04504	0.63642	0.22795	0.09059
V919	0.19142	0.22229	0.31216	0.27412
V920	0.62013	0.193	0.0895	0.09737
V921	0.03472	0.16765	0.04858	0.74904
V922	0.09588	0.46179	0.39775	0.04457
V923	0.08135	0.03533	0.06658	0.81674
V924	0.03678	0.67316	0.26316	0.02691
V925	0.17211	0.04671	0.03201	0.74916
V926	0.19125	0.03533	0.04613	0.72729
V927	0.03158	0.05929	0.07991	0.82922
V928	0.04755	0.88766	0.00644	0.05834
V929	0.05528	0.6464	0.12642	0.1719
V930	0.50445	0.36852	0.02995	0.09708
V931	0.12824	0.26238	0.53581	0.07357
V932	0.03159	0.10125	0.64019	0.22698
V933	0.57919	0.39959	0.00918	0.01204
V934	0.01115	0.14202	0.28986	0.55697
V935	0.56425	0.15606	0.20961	0.07009
V936	0.52072	0.2662	0.01676	0.19632
V937	0.54058	0.12194	0.08411	0.25337
V938	0.36679	0.04332	0.31958	0.27032
V939	0.75132	0.02351	0.06942	0.15576
V940	0.02857	0.79683	0.13989	0.03472
V941	0.00625	0.03589	0.9473	0.01056
V942	0.73061	0.18983	0.06111	0.01845
V943	0.38991	0.12114	0.43602	0.05293
V944	0.02229	0.26238	0.07591	0.63941
V945	0.55283	0.35297	0.00823	0.08597
V946	0.45312	0.25669	0.25531	0.03488
V947	0.07634	0.05083	0.24595	0.62688
V948	0.32485	0.0331	0.62269	0.01936
V949	0.00647	0.10979	0.21914	0.6646
V950	0.0551	0.53247	0.21401	0.19842
V951	0.81567	0.02845	0.14991	0.00596
V952	0.06477	0.11956	0.27949	0.53618
V953	0.01703	0.05893	0.8951	0.02894
V954	0.03832	0.17413	0.15308	0.63447
V955	0.1176	0.6009	0.02809	0.25341
V956	0.03304	0.02751	0.53903	0.40041
V957	0.32071	0.02955	0.01279	0.63695
V958	0.06953	0.02635	0.02756	0.87656
V959	0.22449	0.24977	0.4523	0.07344
V960	0.22655	0.26479	0.08362	0.42503
V961	0.1304	0.37908	0.36519	0.12534
V962	0.35829	0.16018	0.40923	0.0723
V963	0.59905	0.16462	0.15751	0.07881
V964	0.83743	0.03589	0.09352	0.03316
V965	0.05532	0.49459	0.1943	0.25579
V966	0.94821	0.03445	0.00396	0.01338
V967	0.05084	0.03984	0.55591	0.35341
V968	0.00155	0.14177	0.79464	0.06203
V969	0.01533	0.2861	0.05136	0.64722
V970	0.03352	0.10875	0.44858	0.40915
V971	0.49951	0.08008	0.34066	0.07975
V972	0.50424	0.19249	0.04929	0.25397
V973	0.2628	0.41666	0.07877	0.24177
V974	0.01236	0.78822	0.12154	0.07787
V975	0.09623	0.28302	0.61506	0.00569
V976	0.43889	0.2391	0.11501	0.207
V977	0.31225	0.35489	0.32753	0.00533
V978	0.06265	0.09594	0.08288	0.75853
V979	0.78849	0.02803	0.17758	0.00589
V980	0.96376	0.02787	0	0.00838
V981	0.3252	0.02986	0.45284	0.1921
V982	0.43946	0.39776	0.07328	0.0895
V983	0.69165	0.0624	0.00516	0.2408
V984	0.02085	0.84239	0.10221	0.03455
V985	0.07345	0.19648	0.02181	0.70825
V986	0.31531	0.52779	0.04795	0.10895
V987	0.22785	0.75254	0.00015	0.01946
V988	0.20473	0.02977	0.03168	0.73382
V989	0.43398	0.47489	0.07242	0.0187
V990	0.00134	0.05125	0.81253	0.13488
V991	0.61977	0.36784	0	0.01239
V992	0.18916	0.01321	0.54428	0.25335
V993	0.06504	0.73059	0.16104	0.04333
V994	0.17719	0.78505	0.02564	0.01212
V995	0.73768	0.10337	0.02909	0.12986
V996	0.25651	0.12255	0.02227	0.59866
V997	0.01559	0.02368	0.8455	0.11523
V998	0.87054	0.02195	0.05912	0.04838
V999	0.1201	0.87122	0.00181	0.00687
V1000	0.29947	0.03705	0.01315	0.65033
