cytotoxic.CD56.dim.NK.cell	memory.CD4.pos.AB.T.cell	memory.B.cell	CD14.pos.CD16.neg.classical.monocyte
V1	0.64071	0.0324	0.18289	0.14399
V2	0.27865	0.10839	0.17139	0.44156
V3	0.11542	0.70244	0.01748	0.16466
V4	0.86964	0.13036	0	0
V5	0.14341	0.51181	0.25876	0.08602
V6	0.09958	0.90042	0	0
V7	0.225	0.42409	0.12095	0.22996
V8	0.09467	0.0201	0.85351	0.03172
V9	0.35184	0.29207	0.08212	0.27397
V10	0	0.01138	0.95119	0.03743
V11	0.2205	0.3798	0.3997	0
V12	0.01542	0.62354	0.35361	0.00743
V13	0.30765	0.69235	0	0
V14	0.0789	0.9211	0	0
V15	0.16504	0.64844	0.10678	0.07974
V16	0.92286	0.07714	0	0
V17	0.11138	0.88862	0	0
V18	0.62899	0.36611	0	0.0049
V19	0.19306	0.80694	0	0
V20	0.24777	0.53557	0.0312	0.18546
V21	0.10228	0.06613	0.80205	0.02954
V22	0.07734	0.11265	0.38349	0.42652
V23	0.40807	0.04262	0.54171	0.0076
V24	0.92931	0.07069	0	0
V25	0.42616	0.27935	0.13927	0.15522
V26	0.47102	0.42752	0	0.10147
V27	0.22902	0.05863	0.16246	0.54989
V28	0	0.0271	0.9729	0
V29	0.47254	0.03496	0.47217	0.02033
V30	0.15625	0.2522	0.36425	0.2273
V31	0.25944	0.23361	0.34007	0.16688
V32	0.20961	0.02051	0.18757	0.58231
V33	0.05147	0.5324	0.35758	0.05855
V34	0.09787	0.04135	0.83061	0.03017
V35	0.20756	0.75686	0.02931	0.00627
V36	0.01568	0.04071	0.6468	0.29681
V37	0.63857	0.10402	0.10349	0.15392
V38	0.53826	0.01876	0.22299	0.21998
V39	0.21318	0.61077	0.10584	0.07021
V40	0.11972	0.85916	0.02111	0
V41	0.04238	0.75471	0.06094	0.14196
V42	0.33079	0.034	0.32162	0.31359
V43	0.13862	0.3556	0.48253	0.02325
V44	0	0.08037	0.81237	0.10726
V45	0.12933	0.62787	0.19457	0.04822
V46	0.84281	0.10763	0.04956	0
V47	0.48343	0.21631	0.27279	0.02747
V48	0.82158	0.17842	0	0
V49	0.77921	0.205	0	0.01578
V50	0.0839	0.88728	0.02882	0
V51	0.35777	0.41664	0.20928	0.01631
V52	0	0.11147	0.86176	0.02676
V53	0.77025	0.15228	0.07747	0
V54	0.45797	0.21034	0.31971	0.01198
V55	0.29181	0.16149	0.31348	0.23323
V56	0.15469	0.01043	0.26657	0.56831
V57	0.12129	0.87871	0	0
V58	0.75398	0.04553	0.04302	0.15748
V59	0.4905	0.4402	0.0502	0.01909
V60	0.18766	0.18609	0.41168	0.21458
V61	0.84704	0.13328	0	0.01968
V62	0.91663	0.08059	0.00278	0
V63	0.03118	0.89353	0.07171	0.00358
V64	0.03644	0.90277	0	0.0608
V65	0.11655	0.00035	0.29026	0.59284
V66	0.26555	0.71402	0	0.02043
V67	0.15658	0.34638	0.48637	0.01067
V68	0.28749	0.18198	0.11993	0.4106
V69	0	0.33071	0.63387	0.03542
V70	0.59966	0.18326	0.14967	0.06741
V71	0.2231	0.09176	0.4682	0.21694
V72	0.64578	0.19482	0.06852	0.09088
V73	0.19773	0.65562	0.1036	0.04305
V74	0.01096	0.24753	0.73694	0.00457
V75	0.76925	0.03306	0.15455	0.04314
V76	0.04932	0.20779	0.3481	0.39479
V77	0.12966	0.36309	0.09862	0.40863
V78	0.39678	0.14796	0.24192	0.21335
V79	0	0.09373	0.84308	0.06319
V80	0.38923	0.01974	0.53351	0.05751
V81	0.00456	0.17917	0.80407	0.01219
V82	0	0.04519	0.94574	0.00907
V83	0.24088	0.22095	0.18428	0.35389
V84	0.49725	0.07332	0.21515	0.21429
V85	0.1292	0.34982	0.42373	0.09725
V86	0	0.05449	0.90944	0.03606
V87	0.0645	0.89612	0.01469	0.02469
V88	0.24746	0.07442	0.38791	0.29021
V89	0.08769	0.01092	0.40785	0.49353
V90	0.03996	0.95368	0.00636	0
V91	0.05272	0.78577	0.15089	0.01063
V92	0.50544	0.03891	0.37625	0.0794
V93	0.93089	0.049	0	0.02011
V94	0.08237	0.54538	0.08499	0.28725
V95	0.31564	0.47245	0.13318	0.07873
V96	0.19395	0.12435	0.16193	0.51977
V97	0.73367	0.1313	0.13503	0
V98	0.71861	0.28139	0	0
V99	0.84469	0.07698	0.07833	0
V100	0.02087	0.03679	0.91703	0.02532
V101	0.13772	0.01945	0.18479	0.65805
V102	0.92596	0.07404	0	0
V103	0.10646	0.04996	0.28252	0.56106
V104	0.03366	0.96634	0	0
V105	0.06802	0.93198	0	0
V106	0.13882	0.54	0.29809	0.0231
V107	0.1883	0.22097	0.55691	0.03382
V108	0.18299	0.77993	0.03709	0
V109	0	0.18641	0.67128	0.14231
V110	0.07874	0.92126	0	0
V111	0.93603	0.05518	0.00879	0
V112	0.17699	0.07816	0.53132	0.21353
V113	0.2872	0.13503	0.27929	0.29848
V114	0.38304	0.05999	0.18645	0.37053
V115	0.00533	0.80728	0.18739	0
V116	0.17264	0.34745	0.3845	0.09541
V117	0.72715	0.2707	0	0.00215
V118	0.23204	0.6355	0.02433	0.10813
V119	0.24356	0.09859	0.18375	0.47411
V120	0.02334	0.0777	0.87913	0.01984
V121	0.67516	0.16331	0.06708	0.09445
V122	0.95057	0.04943	0	0
V123	0.05545	0.60955	0.09257	0.24242
V124	0.7084	0.28692	0	0.00468
V125	0.44155	0.43916	0.11127	0.00801
V126	0.13654	0.18914	0.19097	0.48334
V127	0.25181	0.06108	0.38264	0.30447
V128	0.13268	0.00874	0.30434	0.55423
V129	0.632	0.25864	0.1009	0.00847
V130	0	0.69481	0.30519	0
V131	0.05396	0.9242	0	0.02183
V132	0.95022	0.04978	0	0
V133	0.93488	0.06512	0	0
V134	0.17573	0.45664	0.17165	0.19598
V135	0.16747	0.02328	0.36197	0.44728
V136	0.34318	0.46602	0.01522	0.17558
V137	0.6994	0.06645	0.20022	0.03394
V138	0.27047	0.44782	0.17353	0.10818
V139	0.42465	0.24554	0.20221	0.1276
V140	0.13742	0.10822	0.21455	0.5398
V141	0.06703	0.18348	0.61093	0.13856
V142	0.82796	0.03811	0.13393	0
V143	0.51302	0.3065	0.05836	0.12211
V144	0.25601	0.19517	0.26446	0.28435
V145	0	0.81302	0.18698	0
V146	0.18325	0.00669	0.2028	0.60726
V147	0.93826	0.06174	0	0
V148	0.13806	0.09236	0.64315	0.12643
V149	0.29909	0.54196	0.15895	0
V150	0.07875	0.26651	0.60092	0.05382
V151	0.26947	0.66894	0	0.06159
V152	0.27915	0.47899	0.18766	0.0542
V153	0.15609	0.79273	0	0.05118
V154	0.27696	0.48133	0.22685	0.01486
V155	0.51776	0.17434	0.25211	0.05578
V156	0.00667	0.16584	0.74079	0.0867
V157	0.36479	0.18758	0.32507	0.12256
V158	0.13072	0	0.20822	0.66107
V159	0.90636	0.09364	0	0
V160	0.78642	0.04313	0.05659	0.11386
V161	0.37619	0.0075	0.14924	0.46707
V162	0.14716	0.36713	0.1731	0.31261
V163	0.14404	0.54515	0.18672	0.12409
V164	0.41817	0.35246	0.10426	0.12511
V165	0.09862	0.34089	0.10551	0.45498
V166	0.10285	0.12332	0.24031	0.53352
V167	0.52868	0.00937	0.0783	0.38365
V168	0.34331	0.60944	0.02215	0.0251
V169	0.33374	0.07549	0.15307	0.4377
V170	0.13118	0.03736	0.63777	0.1937
V171	0.12617	0.26465	0.5791	0.03008
V172	0.76357	0.03026	0.20617	0
V173	0.12971	0.18816	0.18323	0.4989
V174	0.09994	0.21173	0.22642	0.46191
V175	0.03564	0.01598	0.85731	0.09107
V176	0.00988	0.86749	0.12264	0
V177	0.01613	0.98387	0	0
V178	0.04619	0.8465	0	0.10731
V179	0.22453	0.02275	0.49794	0.25478
V180	0.03589	0.93524	0.02887	0
V181	0.1784	0.15872	0.56803	0.09486
V182	0.32812	0.20414	0.43095	0.03678
V183	0.21055	0.78945	0	0
V184	0.96127	0.03873	0	0
V185	0.60358	0.39642	0	0
V186	0.15214	0.51886	0.25738	0.07163
V187	0.95127	0.04873	0	0
V188	0.16361	0.30223	0.09736	0.43681
V189	0.87991	0.06576	0	0.05433
V190	0.70039	0.03902	0.26	6e-04
V191	0.18896	0.23061	0.55115	0.02928
V192	0.37374	0.51219	0.02464	0.08943
V193	0.6609	0.0622	0.20907	0.06784
V194	0.05422	0.94578	0	0
V195	0	0.01744	0.9728	0.00976
V196	0.13065	0.08811	0.17514	0.6061
V197	0.56324	0.07976	0.06912	0.28788
V198	0.07427	0.53878	0.3522	0.03476
V199	0.27625	0.02745	0.32057	0.37573
V200	0.20087	0.63342	0.02295	0.14276
V201	0.13514	0.60477	0.18354	0.07655
V202	0	0.02243	0.86418	0.11338
V203	0.18315	0.4531	0.3519	0.01184
V204	0.06176	0.64412	0.0446	0.24953
V205	0	0.04915	0.9356	0.01524
V206	0	0.10737	0.88244	0.01019
V207	0.24355	0.24697	0.15607	0.35341
V208	0.24596	0.08139	0.65621	0.01645
V209	0.36989	0.51133	0.03813	0.08064
V210	0.1207	0.81906	0.04449	0.01575
V211	0.57938	0.03588	0.08475	0.29998
V212	0.54071	0.05823	0.38733	0.01372
V213	0.72618	0.0616	0.0993	0.11292
V214	0.41556	0.20505	0.19946	0.17994
V215	0.43987	0.13491	0.08813	0.33709
V216	0.15704	0	0.20238	0.64058
V217	0.06992	0.54535	0.26196	0.12278
V218	0.14517	0.50497	0.20072	0.14914
V219	0.1725	0.70834	0	0.11915
V220	0.03721	0.88944	0	0.07335
V221	0.88077	0.04879	0	0.07044
V222	0.36749	0.16754	0.36495	0.10002
V223	0	0.14586	0.79624	0.05791
V224	0.95343	0.04657	0	0
V225	0.07299	0.92701	0	0
V226	0.32012	0.09914	0.56762	0.01311
V227	0.84059	0.03085	0.12856	0
V228	0.83687	0.11301	0.01503	0.03509
V229	0	0.01782	0.96135	0.02083
V230	0.1323	0.0209	0.20551	0.64129
V231	0.08135	0.34491	0.232	0.34174
V232	0.10216	0.74593	0	0.15191
V233	0.62511	0.12015	0.17672	0.07801
V234	0.05225	0.94775	0	0
V235	0.40999	0.06661	0.49943	0.02397
V236	0.00309	0.08684	0.84938	0.0607
V237	0.30965	0.0083	0.17169	0.51036
V238	0.15794	0.58593	0.23121	0.02492
V239	0.15274	0.49104	0.07184	0.28438
V240	0.52231	0.05862	0.38896	0.03011
V241	0	0.01169	0.93818	0.05013
V242	0.16617	0.80163	0.0322	0
V243	0.24819	0.05857	0.64027	0.05297
V244	0.20401	0.01833	0.7175	0.06016
V245	0.65809	0.32449	0	0.01742
V246	0.01011	0.1765	0.78905	0.02434
V247	0.12452	0.04804	0.8217	0.00574
V248	0.14137	0.0342	0.22446	0.59997
V249	0	0.03485	0.91517	0.04998
V250	0.81257	0.03233	0.1551	0
V251	0.9356	0.0644	0	0
V252	0.01041	0.88437	0.10522	0
V253	0.46346	0.10543	0.21466	0.21645
V254	0.0168	0.9832	0	0
V255	0.07044	0.92956	0	0
V256	0.18343	0.24464	0.51674	0.05519
V257	0.49312	0.13343	0.24502	0.12843
V258	0.19993	0.30073	0.4262	0.07315
V259	0.00293	0.32561	0.64115	0.03032
V260	0	0.28906	0.70573	0.0052
V261	0.6806	0.06151	0.17656	0.08133
V262	0.22887	0.07032	0.15872	0.5421
V263	0.02962	0.97038	0	0
V264	0.2158	0.05902	0.52043	0.20474
V265	0.12135	0	0.33721	0.54144
V266	0.66687	0.33313	0	0
V267	0.02619	0.22223	0.43235	0.31923
V268	0.5001	0.04821	0.20547	0.24622
V269	0	0.59013	0.37918	0.0307
V270	0.69336	0.05593	0.2057	0.04501
V271	0.85523	0.10962	0	0.03515
V272	0.0914	0.86416	0	0.04444
V273	0.18014	0.01889	0.20517	0.5958
V274	0.77189	0.026	0.14835	0.05377
V275	0	0.01771	0.97454	0.00775
V276	0.57101	0.36094	0	0.06804
V277	0.10154	0.2604	0.29194	0.34612
V278	0.08892	0.07043	0.47103	0.36963
V279	0.76269	0.09371	0.07484	0.06875
V280	0.13072	0	0.20822	0.66107
V281	0.6332	0.06296	0.15364	0.15021
V282	0.01188	0.08585	0.85293	0.04934
V283	0.27353	0.62585	0.02755	0.07307
V284	0.03938	0.95689	0.00373	0
V285	0	0.0375	0.95487	0.00763
V286	0.30015	0.58549	0.06331	0.05104
V287	0.12375	0.87625	0	0
V288	0.01285	0.32562	0.5017	0.15983
V289	0.3094	0.25043	0.39175	0.04842
V290	0.82114	0.17886	0	0
V291	0.51774	0.08783	0.38772	0.00671
V292	0.95883	0.04117	0	0
V293	0.30385	0.02772	0.63665	0.03179
V294	0.19059	0.45149	0.0527	0.30522
V295	0.07631	0.22024	0.34394	0.35951
V296	0.17467	0.15094	0.61885	0.05554
V297	0.19531	0	0.24347	0.56122
V298	0.30747	0.12002	0.55992	0.01258
V299	0.16918	0.34713	0.10268	0.38102
V300	0.05178	0.03679	0.44129	0.47014
V301	0.11554	0.13538	0.6707	0.07838
V302	0.67915	0.32085	0	0
V303	0	0.6239	0.3567	0.0194
V304	0.02886	0.04167	0.81826	0.1112
V305	0.1418	0.19515	0.51747	0.14558
V306	0.85415	0.13979	0	0.00607
V307	0.02655	0.97345	0	0
V308	0.28097	0.26747	0.3157	0.13587
V309	0.42613	0.37402	0.03005	0.1698
V310	0.14055	0.37785	0.22541	0.25619
V311	0.55232	0.44768	0	0
V312	0.12674	0.78033	0.08753	0.0054
V313	0.10804	0.14269	0.17616	0.5731
V314	0.06173	0.55603	0.16412	0.21812
V315	0.18107	0.68188	0.02829	0.10876
V316	0.35157	0.16662	0.386	0.09582
V317	0.13775	0.75815	0.02354	0.08056
V318	0.0961	0.64734	0.0447	0.21187
V319	0	0.08105	0.88892	0.03003
V320	0.06521	0.1711	0.67927	0.08442
V321	0.65765	0.34235	0	0
V322	0.27781	0.3901	0.10747	0.22462
V323	0.16604	0.0194	0.2687	0.54587
V324	0.71298	0.28696	6e-05	0
V325	0.3479	0.6521	0	0
V326	0.03095	0.64663	0.13113	0.19128
V327	0.09626	0.18534	0.26301	0.4554
V328	0.01664	0.04109	0.82681	0.11546
V329	0.26615	0.14275	0.27937	0.31173
V330	0.457	0.02399	0.36842	0.1506
V331	0.48138	0.12239	0.09685	0.29939
V332	0.07289	0.06326	0.38048	0.48338
V333	0.45551	0.10119	0.3764	0.0669
V334	0.41963	0.02551	0.39722	0.15765
V335	0.01436	0.37338	0.53256	0.0797
V336	0.2279	0.72627	0	0.04584
V337	0.31137	0.42759	0.24383	0.01721
V338	0.00427	0.99573	0	0
V339	0.0713	0.02574	0.88905	0.01391
V340	0.05337	0.263	0.57022	0.11341
V341	0.13082	0.03633	0.24819	0.58466
V342	0.26125	0.01027	0.63874	0.08974
V343	0.95374	0.04626	0	0
V344	0.709	0.18246	0.10854	0
V345	0	0.02956	0.96871	0.00173
V346	0.29239	0.15482	0.34896	0.20382
V347	0.13625	0.01117	0.31895	0.53362
V348	0.08933	0.70629	0.12662	0.07776
V349	0.37643	0.1963	0.36415	0.06313
V350	0.03143	0.84346	0.12511	0
V351	0.03955	0.0395	0.57891	0.34203
V352	0	0.03011	0.91019	0.05969
V353	0.91824	0.07342	0	0.00834
V354	0.06021	0.73534	0.18495	0.0195
V355	0.31259	0.09535	0.48007	0.11199
V356	0.13445	0.02008	0.29083	0.55464
V357	0.15036	0.3801	0.31754	0.15199
V358	0.63108	0.15421	0.05449	0.16023
V359	0.67342	0.10477	0.04198	0.17983
V360	0.58581	0.41419	0	0
V361	0	0.46077	0.53575	0.00348
V362	0.00444	0.99556	0	0
V363	0.19723	0.1486	0.51422	0.13996
V364	0.14773	0.08558	0.69944	0.06725
V365	0.42256	0.03312	0.11031	0.43402
V366	0.11867	0.74076	0.0618	0.07877
V367	0.66416	0.18884	0	0.147
V368	0.12875	0.78073	0.04445	0.04607
V369	0	0.42196	0.57292	0.00511
V370	0.31394	0.30146	0.36544	0.01917
V371	0.23309	0.74464	0	0.02228
V372	0.27303	0.06739	0.25802	0.40156
V373	0.0926	0.17433	0.55516	0.17791
V374	0.80841	0.04754	0.14405	0
V375	0.12298	0.05054	0.32782	0.49867
V376	0.13094	0.03194	0.28788	0.54925
V377	0.86528	0.04484	0	0.08988
V378	0.0248	0.03925	0.59225	0.3437
V379	0.45105	0.25321	0.03906	0.25669
V380	0.24138	0.09366	0.33043	0.33454
V381	0.8029	0.05092	0.06618	0.08
V382	0.01442	0.04945	0.92036	0.01577
V383	0.89571	0.05255	0.0067	0.04504
V384	0.62482	0.11335	0.13429	0.12754
V385	0.90834	0.06101	0.02046	0.01019
V386	0.42112	0.02144	0.24209	0.31535
V387	0.62808	0.17964	0.14647	0.04582
V388	0.42931	0.36471	0.12278	0.0832
V389	0.45912	0.52282	0	0.01806
V390	0.30329	0.27957	0.41414	0.003
V391	0.53777	0.15581	0.0487	0.25772
V392	0.48	0.25895	0.15579	0.10527
V393	0.31611	0.26121	0.33959	0.08308
V394	0.17802	0.28033	0.215	0.32664
V395	0.26832	0.43668	0.19232	0.10268
V396	0.02159	0.97841	0	0
V397	0.82206	0.13014	0.03965	0.00816
V398	0.53326	0.18211	0.11242	0.17221
V399	0.23442	0.59419	0.11615	0.05524
V400	0.03424	0.67494	0.09473	0.19608
V401	0	0.18196	0.75722	0.06082
V402	0.80192	0.19808	0	0
V403	0.13157	0.02294	0.26103	0.58446
V404	0.0807	0.22598	0.63057	0.06275
V405	0.32508	0.0443	0.28969	0.34093
V406	0.69005	0.27345	0	0.03649
V407	0.00427	0.99573	0	0
V408	0.10972	0.2891	0.44954	0.15164
V409	0.12014	0.00526	0.21134	0.66326
V410	0.11264	0.88736	0	0
V411	0.60343	0.02867	0.04126	0.32664
V412	0.18064	0.10359	0.56208	0.1537
V413	0.09154	0.54013	0.2176	0.15073
V414	0.04333	0.54552	0.33744	0.07372
V415	0.5142	0.05939	0.26511	0.16131
V416	0	0.08089	0.91653	0.00257
V417	0.41345	0.58655	0	0
V418	0.15315	0.13351	0.2983	0.41505
V419	0.1305	0	0.21605	0.65345
V420	0.02163	0.93948	0	0.0389
V421	0.14652	0.06295	0.71124	0.07929
V422	0.17082	0.07421	0.16582	0.58914
V423	0.02087	0.03679	0.91703	0.02532
V424	0	0.0682	0.74032	0.19148
V425	0.04483	0.27244	0.61296	0.06977
V426	0.05309	0.06161	0.82923	0.05607
V427	0.11438	0.45612	0.24302	0.18649
V428	0.13241	0.81439	0.0136	0.0396
V429	0.12836	0	0.22706	0.64458
V430	0.78467	0.19955	0	0.01579
V431	0.22315	0.05054	0.53559	0.19073
V432	0.22393	0.1221	0.18318	0.47079
V433	0.10774	0.78807	0	0.10419
V434	0.46919	0.10708	0.11615	0.30758
V435	0.60378	0.04438	0.15529	0.19655
V436	0.50712	0.02732	0.1811	0.28446
V437	0.34726	0.2926	0.05585	0.30428
V438	0.67964	0.21124	0.0065	0.10262
V439	0.15636	0.12675	0.1573	0.55959
V440	0.60249	0.07983	0.06705	0.25063
V441	0.06111	0.16019	0.65477	0.12393
V442	0.37698	0.38042	0.12971	0.11289
V443	0.81196	0.0423	0.06634	0.07941
V444	0	0.02956	0.96871	0.00173
V445	0.64578	0.04709	0.28971	0.01742
V446	0.06546	0.88429	0.01981	0.03044
V447	0.67611	0.12983	0.13899	0.05508
V448	0.08262	0.08714	0.38067	0.44957
V449	0.59727	0.07294	0.26919	0.06061
V450	0.15979	0.84021	0	0
V451	0.9282	0.0718	0	0
V452	0.14734	0.00805	0.26075	0.58387
V453	0.84922	0.12483	0.0119	0.01404
V454	0.00683	0.99317	0	0
V455	0.63412	0.06349	0.26229	0.0401
V456	0.36357	0.15541	0.38548	0.09553
V457	0.12189	0.01821	0.19596	0.66394
V458	0.3848	0.29128	0.04228	0.28164
V459	0.03953	0.85042	0.06155	0.0485
V460	0.95078	0.04922	0	0
V461	0.18972	0.03252	0.17357	0.60419
V462	0.45548	0.3127	0.00868	0.22315
V463	0.29881	0.51348	0.12338	0.06433
V464	0.61403	0.15961	0.01598	0.21037
V465	0.46232	0.4607	0	0.07698
V466	0.65216	0.23519	0	0.11265
V467	0.36525	0.60193	0.0177	0.01511
V468	0.55036	0.43113	0	0.0185
V469	0.04883	0.22244	0.4255	0.30323
V470	0.59351	0.16394	0.15816	0.08439
V471	0.39874	0.14589	0.11341	0.34197
V472	0.42394	0.38995	0	0.1861
V473	0.11296	0.57126	0.3025	0.01328
V474	0.24156	0	0.26653	0.49191
V475	0.25778	0.46322	0.10271	0.17629
V476	0.29905	0.01918	0.20044	0.48133
V477	0.64655	0.07276	0.19361	0.08708
V478	0.20009	0.65707	0	0.14284
V479	0	0.09934	0.83735	0.06331
V480	0.16991	0.3806	0.12871	0.32078
V481	0.10173	0.0341	0.84366	0.02051
V482	0.74357	0.19895	0.04581	0.01167
V483	0.24008	0.14337	0.20151	0.41504
V484	0.13766	0.09082	0.1923	0.57922
V485	0.17254	0.7659	0	0.06156
V486	0.3449	0.31936	0.1552	0.18055
V487	0.18248	0.05936	0.25139	0.50677
V488	0	0.00312	0.92484	0.07203
V489	0.19809	0.12717	0.65903	0.01571
V490	0.41749	0.36631	0.06999	0.14622
V491	0.48666	0.49192	0	0.02141
V492	0.03555	0.88636	0.07809	0
V493	0.13778	0	0.18844	0.67378
V494	0.20014	0.19086	0.53167	0.07733
V495	0.26256	0.65308	0.07785	0.0065
V496	0.31371	0.68151	0	0.00477
V497	0	0.009	0.98078	0.01021
V498	0.43766	0.14515	0.11767	0.29952
V499	0.65091	0.2966	0.05249	0
V500	0.07068	0.15092	0.74137	0.03703
V501	0.11343	0	0.23157	0.65499
V502	0.59053	0.30966	0.09363	0.00618
V503	0.28288	0.1364	0.29641	0.28431
V504	0.27518	0.7058	0	0.01902
V505	0.25476	0.26738	0.29945	0.17841
V506	0.10211	0.29463	0.48831	0.11494
V507	0.66792	0.14305	0.0988	0.09022
V508	0.78999	0.20406	0	0.00594
V509	0.25953	0.08576	0.5363	0.1184
V510	0.24687	0.54671	0.20642	0
V511	0.11054	0.51019	0.10702	0.27226
V512	0.3696	0.07108	0.18731	0.37201
V513	0.10228	0.68315	0.17869	0.03588
V514	0.13339	0.07433	0.17136	0.62092
V515	0.82565	0.11326	0.00618	0.05491
V516	0.89826	0.10174	0	0
V517	0.10134	0.03277	0.44218	0.42371
V518	0.94407	0.05593	0	0
V519	0.05566	0.90209	0	0.04226
V520	0.01311	0.01903	0.7593	0.20856
V521	0.5902	0.07141	0.31962	0.01876
V522	0	0.16045	0.66875	0.1708
V523	0.41206	0.16361	0.28144	0.14289
V524	0.01485	0.82117	0.1504	0.01358
V525	0.37275	0.26444	0.0764	0.28642
V526	0.71353	0.12486	0.05446	0.10716
V527	0.25866	0.04589	0.48367	0.21178
V528	0.13239	0.86257	0	0.00504
V529	0.13069	0.08544	0.39038	0.39349
V530	0	0.22931	0.69717	0.07353
V531	0.02405	0.91062	0.06533	0
V532	0.26631	0.39994	0.06947	0.26428
V533	0.34206	0.39627	0.13661	0.12507
V534	0	0.02478	0.81553	0.1597
V535	0.68662	0.02935	0.03499	0.24904
V536	0.25441	0.01188	0.4796	0.25412
V537	0.62903	0.28525	0.08571	0
V538	0.55907	0.09826	0.12306	0.21962
V539	0.31564	0.47245	0.13318	0.07873
V540	0.24566	0.72346	0.01939	0.01148
V541	0.06614	0.59696	0.11054	0.22636
V542	0.26529	0.17442	0.32494	0.23534
V543	0.92368	0.04705	0	0.02927
V544	0.18714	0.11877	0.31782	0.37627
V545	0.46345	0.19809	0.10654	0.23192
V546	0.06145	0.9279	0.01065	0
V547	0.0338	0.67685	0.28481	0.00453
V548	0.18599	0.78913	0.02489	0
V549	0.32794	0.04768	0.61139	0.01298
V550	0.70997	0.07399	0.00554	0.21049
V551	0.22035	0.76209	0	0.01756
V552	0.05234	0.63328	0.05133	0.26305
V553	0.22235	0.17377	0.58618	0.0177
V554	0.17286	0.11014	0.17388	0.54312
V555	0.1273	0.27774	0.4068	0.18816
V556	0	0.02519	0.95178	0.02302
V557	0.86961	0.07093	0	0.05946
V558	0.10706	0.83194	0	0.061
V559	0.00757	0.84701	0.14542	0
V560	0.70131	0.29869	0	0
V561	0	0.01771	0.97454	0.00775
V562	0.84424	0.03789	0.07383	0.04404
V563	0.22445	0.02763	0.73771	0.01022
V564	0	0.10137	0.87945	0.01918
V565	0.14862	0.30995	0.40824	0.13319
V566	0.76163	0.14432	0	0.09406
V567	0.29712	0.51235	0.03018	0.16034
V568	0.38621	0.00974	0.17459	0.42946
V569	0.77644	0.07258	0	0.15097
V570	0	0.32569	0.62581	0.0485
V571	0.84339	0.14956	0	0.00705
V572	0.47127	0.02844	0.43553	0.06476
V573	0.17403	0.22355	0.12214	0.48028
V574	0.05012	0.82428	0.12507	0.00053
V575	0.09494	0.11371	0.3029	0.48844
V576	0.18639	0.81361	0	0
V577	0.1059	0.06026	0.39758	0.43627
V578	0.03685	0.10098	0.74215	0.12001
V579	0.02148	0.93232	0.0462	0
V580	0.27021	0.01057	0.26915	0.45008
V581	0.19927	0.0953	0.14134	0.5641
V582	0.64979	0.20421	0.02079	0.12521
V583	0	0.06935	0.72254	0.20812
V584	0.5436	0.1935	0.24101	0.02189
V585	0.01907	0.01853	0.63284	0.32956
V586	0.23492	0.02908	0.671	0.065
V587	0.26029	0.03268	0.68004	0.02699
V588	0.71775	0.09915	0.02567	0.15743
V589	0.0879	0.86607	0.02017	0.02586
V590	0.05845	0.8	0.14155	0
V591	0.05987	0.04882	0.40577	0.48554
V592	0.11673	0.06857	0.8096	0.00509
V593	0.65676	0.02288	0.19341	0.12695
V594	0.36467	0.31273	0.2924	0.0302
V595	0.14837	0.01874	0.20118	0.63171
V596	0.08076	0.34242	0.3199	0.25691
V597	0	0.6145	0.33352	0.05198
V598	0	0.12442	0.85992	0.01567
V599	0.66576	0.33424	0	0
V600	0.41246	0.51474	0.00903	0.06377
V601	0.24774	0.33923	0.14306	0.26997
V602	0.14919	0.01809	0.19004	0.64268
V603	0.08271	0.45782	0.10522	0.35425
V604	0.53641	0.1549	0.29114	0.01755
V605	0.0809	0.37622	0.42785	0.11503
V606	0.76951	0.18672	0	0.04377
V607	0.72635	0.04295	0.10763	0.12308
V608	0.25765	0.20387	0.40736	0.13112
V609	0.06761	0.29536	0.35212	0.2849
V610	0.82692	0.06324	0.05306	0.05678
V611	0.43685	0.01002	0.15879	0.39435
V612	0	0.11163	0.83527	0.0531
V613	0.00595	0.36672	0.59629	0.03105
V614	0.81341	0.115	0.01031	0.06128
V615	0.2696	0.07294	0.13809	0.51937
V616	0.12712	0.75979	0.02595	0.08713
V617	0.488	0.19424	0.31776	0
V618	0.81854	0.04683	0	0.13463
V619	0.44532	0.05803	0.34802	0.14863
V620	0	0.69481	0.30519	0
V621	0.48736	0.20127	0.18004	0.13133
V622	0.38203	0.25306	0.34622	0.0187
V623	0.09227	0.10132	0.32655	0.47987
V624	0.8016	0.1984	0	0
V625	0.31909	0.53698	0.06818	0.07575
V626	0.94874	0.05126	0	0
V627	0.10237	0.02519	0.2667	0.60574
V628	0.089	0.28718	0.14272	0.4811
V629	0.16668	0.34736	0.32378	0.16218
V630	0.01074	0.36798	0.58702	0.03427
V631	0.08973	0.24705	0.25014	0.41307
V632	0.66954	0.02329	0.15461	0.15256
V633	0	0.03363	0.88168	0.08469
V634	0.42806	0.28776	0.28284	0.00134
V635	0.06911	0.82573	0	0.10516
V636	0.11629	0.13957	0.66202	0.08213
V637	0.39889	0.25202	0.12427	0.22482
V638	0.45513	0.316	0.0731	0.15577
V639	0.28729	0.45808	0.25463	0
V640	0	0.18467	0.77525	0.04008
V641	0.91247	0.08523	0	0.0023
V642	0.79736	0.19103	0	0.0116
V643	0.00647	0.23542	0.55556	0.20255
V644	0.90015	0.09985	0	0
V645	0.28324	0.43892	0.2659	0.01194
V646	0.01562	0.98438	0	0
V647	0.12957	0.11634	0.70984	0.04424
V648	0.45493	0.45845	0.07461	0.01201
V649	0	0.08297	0.87393	0.0431
V650	0.01707	0.11659	0.8096	0.05674
V651	0.3051	0.02412	0.66125	0.00953
V652	0.1177	0.12698	0.54054	0.21477
V653	0.16298	0.70799	0.06987	0.05915
V654	0.74218	0.23942	0	0.0184
V655	0.09347	0.65838	0.04653	0.20161
V656	0.31196	0.34437	0.05719	0.28648
V657	0.14405	0.08893	0.17032	0.59669
V658	0.65233	0.25711	0.01994	0.07062
V659	0.37178	0.12461	0.38136	0.12225
V660	0.03958	0.96042	0	0
V661	0.12455	0.50527	0.10893	0.26124
V662	0.43719	0.03407	0.46246	0.06628
V663	0.24896	0.10116	0.57753	0.07236
V664	0.18986	0.09686	0.67764	0.03564
V665	0.73733	0.22742	0	0.03525
V666	0.67976	0.02649	0.12153	0.17222
V667	0.79732	0.10773	0.09494	0
V668	0.14501	0.82372	0.03127	0
V669	0.26467	0.44861	0.22707	0.05965
V670	0.09792	0.90208	0	0
V671	0.39625	0.31875	0.2277	0.0573
V672	0	0.03202	0.9411	0.02688
V673	0.27629	0.40829	0.22275	0.09267
V674	0.76489	0.18451	0	0.0506
V675	0.16631	0.37239	0.34531	0.116
V676	0.11143	0.14904	0.26824	0.47129
V677	0.43423	0.43995	0.05866	0.06715
V678	0.54187	0.45813	0	0
V679	0.01478	0.34035	0.6293	0.01557
V680	0.34626	0.57515	0.07188	0.00671
V681	0.90191	0.09809	0	0
V682	0.10766	0.3248	0.53752	0.03003
V683	0.01655	0.98345	0	0
V684	0.74469	0.20111	0.0328	0.0214
V685	0.53604	0.37785	0.0691	0.01701
V686	0.17621	0.23039	0.26588	0.32752
V687	0.14676	0.00709	0.20453	0.64162
V688	0.42307	0.51891	0	0.05802
V689	0.40306	0	0.15866	0.43828
V690	0.48982	0.0703	0.40038	0.0395
V691	0.11251	0.02877	0.84615	0.01258
V692	0.05351	0.16995	0.72391	0.05264
V693	0.27985	0.14817	0.41065	0.16133
V694	0.05146	0.0353	0.49378	0.41946
V695	0.35852	0.00785	0.27753	0.3561
V696	0.19907	0.10974	0.15521	0.53597
V697	0.1329	0.05987	0.18419	0.62304
V698	0.88121	0.05123	0	0.06756
V699	0.61455	0.32553	0.01639	0.04354
V700	0.39132	0.03202	0.11181	0.46486
V701	0.1633	0.58188	0.12201	0.1328
V702	0.64687	0.13955	0.01647	0.19712
V703	0.16119	0.08235	0.57376	0.18269
V704	0.87013	0.08821	0	0.04166
V705	0.9621	0.0379	0	0
V706	0.04475	0.07139	0.81691	0.06695
V707	0.02523	0.46119	0.488	0.02558
V708	0.06677	0.90732	0	0.0259
V709	0.13702	0.29786	0.51596	0.04916
V710	0.6526	0.25935	0.01408	0.07398
V711	0.11682	0.83872	0.0379	0.00655
V712	0.86255	0.08994	0	0.04751
V713	0.50415	0.35034	0.02081	0.1247
V714	0.05081	0.74683	0.03943	0.16293
V715	0.33208	0.36193	0.26595	0.04003
V716	0.14782	0.04845	0.22046	0.58327
V717	0.09541	0.90459	0	0
V718	0.18125	0.59864	0.15904	0.06107
V719	0.10376	0.76267	0.0284	0.10517
V720	0.7407	0.02994	0.19146	0.0379
V721	0.13849	0.20519	0.52296	0.13336
V722	0.19086	0.41857	0.07514	0.31544
V723	0.24156	0.10859	0.13428	0.51557
V724	0.66776	0.06576	0.09807	0.16841
V725	0	0.09351	0.88063	0.02586
V726	0.09014	0.45148	0.19925	0.25913
V727	0.30546	0.67606	0.01848	0
V728	0.03757	0.91997	0.04246	0
V729	0.50432	0.03923	0.22325	0.2332
V730	0.92375	0.07625	0	0
V731	0.04026	0.2494	0.49624	0.2141
V732	0.39794	0.11417	0.36723	0.12065
V733	0.69966	0.23248	0	0.06786
V734	0.24235	0.3382	0.41936	9e-05
V735	0.0283	0.04172	0.64167	0.28831
V736	0.29564	0.00413	0.14878	0.55145
V737	0.37316	0.32218	0.22188	0.08278
V738	0.087	0.36805	0.46012	0.08483
V739	0	0.01919	0.75423	0.22657
V740	0.86559	0.13241	0.00199	0
V741	0.55908	0.14752	0.13739	0.156
V742	0.43154	0.56846	0	0
V743	0.11228	0.16923	0.6951	0.02339
V744	0.55588	0.06751	0.31006	0.06655
V745	0.03247	0.73491	0.16833	0.06429
V746	0.96734	0.03266	0	0
V747	0.0305	0.02004	0.81125	0.1382
V748	0.12428	0.1383	0.62953	0.10789
V749	0.39187	0.22716	0.10621	0.27477
V750	0.46103	0.48098	0	0.05799
V751	0.07777	0.90755	0	0.01469
V752	0.51257	0.26914	0.12101	0.09729
V753	0.13874	0.00551	0.18718	0.66857
V754	0.03022	0.95243	0	0.01735
V755	0.18942	0.24604	0.39599	0.16854
V756	0.14513	0.00502	0.23215	0.61769
V757	0.38946	0.60282	0	0.00772
V758	0.07062	0.80848	0.08378	0.03712
V759	0.1687	0.08947	0.50775	0.23408
V760	0.3586	0.09405	0.34543	0.20192
V761	0.08516	0.60529	0.25959	0.04996
V762	0.07114	0.46888	0.10494	0.35505
V763	0.45793	0.40492	0.01305	0.1241
V764	0.03092	0.94947	0	0.01961
V765	0.74066	0.13848	0	0.12085
V766	0.00969	0.36758	0.49339	0.12935
V767	0.51899	0.16448	0.23093	0.08559
V768	0.07762	0.92238	0	0
V769	0.17078	0.82922	0	0
V770	0.01562	0.98438	0	0
V771	0.13271	0.03743	0.81106	0.01879
V772	0.08908	0.071	0.828	0.01192
V773	0.19306	0.80694	0	0
V774	0	0.01145	0.96384	0.02471
V775	0.1866	0.05765	0.42725	0.3285
V776	0.47548	0.4556	0.0093	0.05963
V777	0.27076	0.15684	0.24916	0.32323
V778	0.58545	0.31834	0.02906	0.06714
V779	0.19803	0.06965	0.56627	0.16605
V780	0.12835	0.79507	0.07658	0
V781	0.16883	0.03508	0.19917	0.59692
V782	0	0.13285	0.81552	0.05163
V783	0.84908	0.06883	0.0146	0.0675
V784	0.12745	0.87255	0	0
V785	0.05489	0.94511	0	0
V786	0.76096	0.20438	0.02247	0.01219
V787	0	0.88871	0.11129	0
V788	0.54577	0.33551	0.10033	0.01839
V789	0.1556	0.44445	0.09386	0.30609
V790	0.56539	0.06401	0.12258	0.24803
V791	0.16094	0.41235	0.33797	0.08873
V792	0.20973	0.61217	0.00544	0.17266
V793	0.18047	0.69954	0.02324	0.09675
V794	0.00516	0.10705	0.82593	0.06186
V795	0.23184	0.05911	0.20977	0.49927
V796	0	0.10132	0.87846	0.02022
V797	0.8003	0.0312	0.16851	0
V798	0.66707	0.32413	0.0088	0
V799	0.17748	0.79491	0	0.02761
V800	0.08415	0.04469	0.64607	0.22509
V801	0.18993	0.1611	0.41907	0.22989
V802	0.0896	0.10652	0.44142	0.36246
V803	0.23836	0.54523	0.21641	0
V804	0.55326	0.04093	0.35969	0.04612
V805	0	0.02043	0.97714	0.00242
V806	0.07215	0.92748	0	0.00037
V807	0.37959	0.20127	0.10001	0.31912
V808	0.70036	0.29441	0	0.00523
V809	0	0.05892	0.93674	0.00434
V810	0.01448	0.98552	0	0
V811	0.48983	0.11557	0.23279	0.1618
V812	0.59989	0.30824	0.01583	0.07604
V813	0.62897	0.22957	0.13122	0.01025
V814	0.46714	0.53286	0	0
V815	0.00596	0.97032	0.02373	0
V816	0.93849	0.0613	0.00021	0
V817	0	0.08946	0.89429	0.01626
V818	0.10974	0.06318	0.217	0.61008
V819	0.86367	0.13066	0	0.00567
V820	0.25832	0.13343	0.14188	0.46638
V821	0.23646	0.34793	0.36869	0.04693
V822	0.00747	0.04777	0.91826	0.02651
V823	0	0.22869	0.7019	0.06941
V824	0.07159	0.40386	0.52455	0
V825	0.26993	0.33796	0.26583	0.12628
V826	0.47611	0.43396	0.08792	0.00201
V827	0.41907	0.58093	0	0
V828	0.31233	0.21887	0.18589	0.2829
V829	0.12343	0.31284	0.15384	0.40989
V830	0.32985	0.29451	0.08352	0.29213
V831	0.81982	0.13262	0	0.04756
V832	0.31674	0.43873	0.15339	0.09114
V833	0.18622	0.54853	0.17496	0.09029
V834	0.41676	0.10609	0.15985	0.3173
V835	0.40617	0.48142	0.06877	0.04363
V836	0.05558	0.75786	0.01843	0.16813
V837	0.26885	0.42786	0.18846	0.11484
V838	0.92325	0.07675	0	0
V839	0.33983	0.63369	0.02648	0
V840	0.31723	0.68277	0	0
V841	0	0.04703	0.91146	0.04151
V842	0.40727	0.20836	0.26677	0.1176
V843	0	0.02731	0.91433	0.05836
V844	0.15602	0.12393	0.48707	0.23298
V845	0.03387	0.13645	0.77317	0.05652
V846	0	0.02042	0.84757	0.13201
V847	0.12287	0	0.20064	0.67649
V848	0.13075	0.55789	0.18667	0.12469
V849	0.01283	0.98579	0	0.00139
V850	0.95792	0.04208	0	0
V851	0.37249	0.5498	0.07771	0
V852	0.2044	0.06967	0.29234	0.43358
V853	0.26697	0.26499	0.39415	0.0739
V854	0.64291	0.21043	0.0708	0.07586
V855	0.12287	0	0.20064	0.67649
V856	0.05759	0.40712	0.39906	0.13622
V857	0.72359	0.22063	0	0.05578
V858	0.57733	0.0328	0.38684	0.00303
V859	0.70255	0.26109	0	0.03636
V860	0.30601	0.15575	0.1569	0.38134
V861	0.07523	0.38111	0.53376	0.0099
V862	0.11265	0.11745	0.72883	0.04108
V863	0.34776	0.08602	0.10291	0.46331
V864	0.18748	0.04238	0.21636	0.55377
V865	0.19195	0.01254	0.43301	0.3625
V866	0.7579	0.05219	0.18929	0.00062
V867	0.75446	0.05982	0.18572	0
V868	0.55405	0.31489	0.0875	0.04356
V869	0.02431	0.97569	0	0
V870	0.19814	0.41951	0.07954	0.30281
V871	0.01283	0.98579	0	0.00139
V872	0.06189	0.02419	0.45843	0.45548
V873	0.92031	0.07969	0	0
V874	0.2259	0.7741	0	0
V875	0.07362	0.24482	0.34213	0.33944
V876	0.17474	0.36137	0.40687	0.05702
V877	0.06426	0.45202	0.34259	0.14112
V878	0.15646	0.83135	0.01219	0
V879	0.24101	0.71939	0	0.0396
V880	0.36235	0.56832	0	0.06933
V881	0.15087	0.07104	0.65876	0.11933
V882	0.85355	0.03097	0.08281	0.03267
V883	0.27663	0.23245	0.49092	0
V884	0.10744	0.35151	0.1029	0.43815
V885	0.74197	0.24618	0.01185	0
V886	0.00744	0.40523	0.49687	0.09045
V887	0.68557	0.1008	0.13185	0.08178
V888	0.07673	0.07103	0.77967	0.07257
V889	0.91376	0.08624	0	0
V890	0.01886	0.18647	0.67661	0.11807
V891	0.65177	0.08501	0.23587	0.02734
V892	0.39888	0.24365	0.06151	0.29596
V893	0.61751	0.25057	0.09907	0.03284
V894	0.05002	0.34234	0.57778	0.02986
V895	0.63754	0.10072	0.17874	0.083
V896	0.05422	0.94578	0	0
V897	0.72263	0.26552	0	0.01185
V898	0.62525	0.01802	0.04428	0.31245
V899	0.09647	0.24719	0.28422	0.37212
V900	0.09936	0.34786	0.4098	0.14297
V901	0.07091	0.86778	0	0.0613
V902	0.06088	0.93912	0	0
V903	0	0.44327	0.52253	0.03421
V904	0.02324	0.97676	0	0
V905	0.25094	0	0.33576	0.4133
V906	0.49119	0.14453	0.14726	0.21702
V907	0.46873	0.5171	0	0.01416
V908	0.11337	0.06335	0.25622	0.56706
V909	0.17318	0.80558	0	0.02124
V910	0.28136	0	0.27519	0.44345
V911	0.56126	0.41447	0	0.02427
V912	0.44317	0.36712	0.10243	0.08729
V913	0.25242	0	0.16337	0.58421
V914	0.20178	0.51938	0.25907	0.01977
V915	0.38249	0	0.11982	0.49769
V916	0.24233	0.08432	0.63851	0.03483
V917	0.76054	0.06601	0.12581	0.04763
V918	0.06522	0.66702	0.21488	0.05287
V919	0.24072	0.28624	0.32729	0.14575
V920	0.66119	0.24127	0.04628	0.05127
V921	0.12877	0.21431	0.17003	0.48689
V922	0.11336	0.48834	0.36792	0.03039
V923	0.20722	0.01877	0.20554	0.56848
V924	0.04242	0.701	0.24012	0.01647
V925	0.32387	0.0462	0.13718	0.49274
V926	0.3434	0.0368	0.15257	0.46723
V927	0.13158	0.04999	0.23536	0.58307
V928	0.07692	0.9066	0	0.01647
V929	0.09118	0.69115	0.12466	0.09301
V930	0.55697	0.39825	0	0.04477
V931	0.13882	0.31018	0.50166	0.04934
V932	0.02021	0.1546	0.68434	0.14085
V933	0.61923	0.38077	0	0
V934	0.04478	0.19887	0.42799	0.32837
V935	0.5925	0.20042	0.16469	0.04239
V936	0.5859	0.31653	0	0.09757
V937	0.60624	0.17777	0.08419	0.1318
V938	0.43377	0.07968	0.33781	0.14873
V939	0.80795	0.06764	0.04832	0.07609
V940	0.04333	0.82735	0.11366	0.01565
V941	0	0.0073	0.9858	0.0069
V942	0.77225	0.22775	0	0
V943	0.41573	0.15983	0.38798	0.03646
V944	0.0925	0.33321	0.18941	0.38487
V945	0.60342	0.36559	0	0.03099
V946	0.4798	0.29511	0.20476	0.02033
V947	0.15274	0.06996	0.39607	0.38123
V948	0.3432	0.05058	0.58986	0.01636
V949	0.04833	0.14723	0.38472	0.41971
V950	0.08211	0.57939	0.2288	0.1097
V951	0.86026	0.04997	0.08977	0
V952	0.12297	0.17446	0.39536	0.30721
V953	0	0.06374	0.90815	0.02811
V954	0.10859	0.23535	0.28308	0.37298
V955	0.18262	0.6587	0.02733	0.13134
V956	0.04463	0.049	0.66119	0.24518
V957	0.49301	0.03243	0.07455	0.40001
V958	0.13778	0	0.18844	0.67378
V959	0.24475	0.29551	0.41349	0.04625
V960	0.31788	0.34158	0.11671	0.22383
V961	0.15862	0.41854	0.35115	0.07169
V962	0.38748	0.20061	0.36501	0.0469
V963	0.63156	0.21106	0.11479	0.0426
V964	0.88236	0.07259	0.04014	0.0049
V965	0.08915	0.5486	0.22201	0.14025
V966	0.95156	0.04844	0	0
V967	0.0687	0.07172	0.64879	0.21079
V968	0	0.15931	0.7899	0.05078
V969	0.08237	0.36165	0.15485	0.40113
V970	0.05313	0.16389	0.54719	0.23578
V971	0.52398	0.12282	0.30328	0.04992
V972	0.57169	0.25813	0.04134	0.12884
V973	0.33595	0.46466	0.07167	0.12772
V974	0.0207	0.83133	0.10011	0.04786
V975	0.08071	0.3144	0.59584	0.00905
V976	0.4929	0.29464	0.10439	0.10806
V977	0.33955	0.38096	0.27837	0.00112
V978	0.16729	0.12207	0.21858	0.49205
V979	0.83604	0.04966	0.11429	0
V980	0.96734	0.03266	0	0
V981	0.37724	0.05622	0.45189	0.11466
V982	0.48605	0.43555	0.03109	0.04731
V983	0.77069	0.11387	0	0.11544
V984	0.03235	0.88354	0.07065	0.01345
V985	0.18373	0.25059	0.11206	0.45362
V986	0.37655	0.55741	0.00826	0.05778
V987	0.27573	0.72427	0	0
V988	0.36501	0.02158	0.13239	0.48102
V989	0.48892	0.49594	0.01397	0.00117
V990	0	0.05837	0.84517	0.09646
V991	0.65884	0.34116	0	0
V992	0.23652	0.02025	0.58778	0.15544
V993	0.09222	0.75207	0.13234	0.02336
V994	0.21771	0.78229	0	0
V995	0.78455	0.15625	0	0.0592
V996	0.40159	0.17062	0.08042	0.34737
V997	0	0.0182	0.89586	0.08593
V998	0.91548	0.06292	0.01286	0.00874
V999	0.13789	0.86211	0	0
V1000	0.46547	0.04398	0.07872	0.41183
