cytotoxic.CD56.dim.NK.cell	memory.CD4.pos.AB.T.cell	memory.B.cell	CD14.pos.CD16.neg.classical.monocyte
V1	0.65016	0.00417	0.15806	0.18761
V2	0.21157	0.10142	0.06373	0.62328
V3	0.05756	0.72368	0.01154	0.20722
V4	0.86933	0.11686	0	0.0138
V5	0.12123	0.53084	0.23612	0.11181
V6	0.07213	0.89943	0.01532	0.01312
V7	0.17504	0.43235	0.07991	0.31271
V8	0.15941	0.00024	0.81792	0.02244
V9	0.30265	0.27796	0.03705	0.38234
V10	0.03084	0	0.9338	0.03536
V11	0.23062	0.37002	0.39507	0.00429
V12	0.02876	0.63062	0.33143	0.00918
V13	0.25901	0.72431	0.00347	0.01321
V14	0.06491	0.92596	0.00522	0.0039
V15	0.12611	0.66648	0.10236	0.10505
V16	0.92689	0.04065	0.01364	0.01882
V17	0.08176	0.89571	0.00944	0.01309
V18	0.58919	0.355	0.03143	0.02438
V19	0.15394	0.83366	0.00404	0.00837
V20	0.18939	0.54232	0.01777	0.25052
V21	0.15949	0.02996	0.78792	0.02263
V22	0.02682	0.10204	0.26597	0.60516
V23	0.43339	0.02298	0.53893	0.0047
V24	0.93882	0.03425	0.02625	0.00068
V25	0.41671	0.24948	0.12046	0.21335
V26	0.43267	0.41973	0.01398	0.13361
V27	0.14421	0.06795	0.03316	0.75468
V28	0.01509	0.02852	0.95638	1e-05
V29	0.49756	0.01203	0.46956	0.02085
V30	0.12766	0.23946	0.30773	0.32515
V31	0.25356	0.19598	0.31264	0.23782
V32	0.11938	0.03284	0.05286	0.79492
V33	0.04841	0.54943	0.33455	0.06761
V34	0.15921	0.01337	0.80488	0.02254
V35	0.15972	0.75806	0.06333	0.01889
V36	0.01454	0.02235	0.57583	0.38727
V37	0.64907	0.0603	0.08584	0.20479
V38	0.53496	0.00055	0.17512	0.28937
V39	0.17492	0.62368	0.11024	0.09116
V40	0.09475	0.8446	0.06066	0
V41	0.00733	0.77832	0.0379	0.17645
V42	0.30249	0.02077	0.24147	0.43526
V43	0.14879	0.35354	0.47583	0.02184
V44	0.02399	0.04765	0.80419	0.12417
V45	0.10173	0.64713	0.19285	0.05829
V46	0.82525	0.06779	0.10249	0.00447
V47	0.50338	0.17618	0.28698	0.03346
V48	0.81004	0.17346	0.00278	0.01372
V49	0.7631	0.18618	0	0.05071
V50	0.06416	0.8654	0.06669	0.00376
V51	0.33592	0.41855	0.22519	0.02033
V52	0.03837	0.08515	0.8536	0.02288
V53	0.75191	0.11892	0.12882	0.00035
V54	0.46986	0.18015	0.33506	0.01494
V55	0.28109	0.12632	0.26472	0.32786
V56	0.06744	0.01544	0.12964	0.78749
V57	0.09253	0.88326	0.01592	0.00829
V58	0.74737	0.00547	0.03585	0.21131
V59	0.4554	0.42652	0.08679	0.03129
V60	0.17209	0.15265	0.36643	0.30883
V61	0.8452	0.09641	0.00729	0.0511
V62	0.90232	0.03291	0.05569	0.00909
V63	0.01586	0.87343	0.09732	0.01339
V64	0.00737	0.91346	0.00129	0.07787
V65	0.0274	0	0.15718	0.81542
V66	0.21425	0.73182	0.0136	0.04034
V67	0.1731	0.34047	0.47662	0.0098
V68	0.219	0.18077	0.02986	0.57037
V69	0.03167	0.32248	0.61093	0.03492
V70	0.61528	0.13793	0.1609	0.08589
V71	0.2154	0.05781	0.42408	0.30271
V72	0.65369	0.14909	0.08041	0.11681
V73	0.1574	0.66991	0.11647	0.05622
V74	0.07311	0.21905	0.70784	0
V75	0.77025	0.00127	0.16876	0.05972
V76	0.00373	0.21339	0.22709	0.55579
V77	0.04977	0.39481	0.01506	0.54036
V78	0.39647	0.10962	0.19541	0.2985
V79	0.01478	0.07031	0.85064	0.06427
V80	0.41154	0.00424	0.52385	0.06038
V81	0.07362	0.14686	0.77472	0.00479
V82	0.01202	0.04452	0.93797	0.00549
V83	0.18457	0.21622	0.08577	0.51344
V84	0.50408	0.03573	0.16779	0.29239
V85	0.12893	0.33919	0.40755	0.12433
V86	0.06283	0.02265	0.88539	0.02913
V87	0.03256	0.88662	0.04064	0.04019
V88	0.22522	0.04988	0.31641	0.4085
V89	0.03223	0.01034	0.28232	0.6751
V90	0.02523	0.92297	0.04345	0.00834
V91	0.03497	0.78841	0.15751	0.01911
V92	0.53092	0.00941	0.36626	0.09341
V93	0.92512	0.01569	0	0.0592
V94	0.01942	0.57427	0.02318	0.38313
V95	0.28639	0.47362	0.13864	0.10134
V96	0.10598	0.13275	0.04057	0.72071
V97	0.72163	0.09492	0.17902	0.00443
V98	0.68282	0.30834	0	0.00885
V99	0.82711	0.04148	0.12691	0.0045
V100	0.10043	0.00732	0.87563	0.01662
V101	0.04138	0.07123	0.02008	0.86731
V102	0.93287	0.05441	0.00346	0.00926
V103	0.02175	0.05786	0.14246	0.77793
V104	0.02702	0.96322	0.00586	0.00391
V105	0.05472	0.92983	0.01157	0.00388
V106	0.12832	0.55464	0.29027	0.02677
V107	0.21847	0.18847	0.55768	0.03539
V108	0.14801	0.77653	0.07546	0
V109	0.02151	0.14943	0.65217	0.17688
V110	0.05237	0.90613	0.02837	0.01313
V111	0.93079	0.00563	0.05889	0.00469
V112	0.17117	0.04683	0.48764	0.29436
V113	0.25758	0.10905	0.20551	0.42785
V114	0.34346	0.0448	0.09571	0.51603
V115	0.00928	0.79475	0.19206	0.00391
V116	0.16771	0.33727	0.37061	0.12441
V117	0.69626	0.25482	0.0247	0.02422
V118	0.17557	0.65319	0.02786	0.14337
V119	0.16865	0.09328	0.06895	0.66912
V120	0.10044	0.04295	0.84602	0.0106
V121	0.68018	0.11779	0.0803	0.12174
V122	0.9683	0.01271	0.00963	0.00936
V123	0.0085	0.63742	0.04413	0.30995
V124	0.67093	0.29512	0	0.03396
V125	0.40645	0.43207	0.14719	0.01428
V126	0.05658	0.20084	0.07008	0.6725
V127	0.2268	0.04045	0.30757	0.42518
V128	0.05186	0.01374	0.16725	0.76715
V129	0.61646	0.22636	0.13724	0.01994
V130	0.01009	0.70075	0.28512	0.00404
V131	0.02416	0.93122	0.00087	0.04375
V132	0.95421	0.01071	0.02114	0.01395
V133	0.93051	0.01769	0.0426	0.0092
V134	0.12999	0.47017	0.12859	0.27124
V135	0.11865	0.01735	0.24214	0.62186
V136	0.28371	0.46546	0.0111	0.23973
V137	0.715	0.02588	0.21648	0.04264
V138	0.24347	0.45105	0.16513	0.14035
V139	0.43055	0.20765	0.18928	0.17252
V140	0.04692	0.12171	0.08035	0.75102
V141	0.08285	0.14795	0.59202	0.17718
V142	0.81532	0.00594	0.17823	5e-04
V143	0.50131	0.27845	0.05839	0.16185
V144	0.22424	0.17201	0.19153	0.41223
V145	0.0022	0.80223	0.19162	0.00394
V146	0.09182	0.02186	0.05909	0.82724
V147	0.93903	0.02367	0.01361	0.02368
V148	0.16346	0.0542	0.6264	0.15594
V149	0.27337	0.53851	0.18406	0.00406
V150	0.10414	0.24179	0.59711	0.05696
V151	0.21257	0.6821	0.02607	0.07926
V152	0.25637	0.4834	0.19469	0.06554
V153	0.10469	0.81186	0.01426	0.06919
V154	0.26033	0.48314	0.23611	0.02041
V155	0.54181	0.12998	0.26174	0.06647
V156	0.04524	0.12277	0.73761	0.09438
V157	0.374	0.15062	0.31561	0.15976
V158	0.04177	0	0.06832	0.88991
V159	0.90635	0.06532	0	0.02833
V160	0.78662	0.00511	0.05545	0.15281
V161	0.31031	0.01052	0.04685	0.63232
V162	0.08634	0.38887	0.09196	0.43283
V163	0.10884	0.56959	0.15861	0.16295
V164	0.40027	0.33689	0.09646	0.16637
V165	0.01515	0.38156	0.01052	0.59276
V166	0.01814	0.13839	0.10594	0.73752
V167	0.4834	0.00137	0.01375	0.50148
V168	0.2937	0.60696	0.06265	0.03669
V169	0.27419	0.06205	0.05164	0.61212
V170	0.14115	0.01022	0.59127	0.25737
V171	0.15305	0.24069	0.57735	0.02892
V172	0.75504	0.00258	0.23783	0.00455
V173	0.04245	0.20538	0.06115	0.69102
V174	0.02734	0.22664	0.10233	0.64369
V175	0.08437	0.00011	0.82478	0.09074
V176	0.00897	0.84771	0.13947	0.00385
V177	0.00982	0.98101	7e-04	0.00847
V178	0.00711	0.85425	0.00557	0.13308
V179	0.21652	0.00381	0.43793	0.34175
V180	0.02788	0.90991	0.06221	0
V181	0.20141	0.11849	0.56187	0.11823
V182	0.34919	0.17153	0.43768	0.0416
V183	0.17474	0.8169	0.00447	0.00389
V184	0.97967	0.01025	0.00926	0.00081
V185	0.56005	0.42713	0.00865	0.00417
V186	0.132	0.53706	0.24261	0.08833
V187	0.95791	0.01361	0.02363	0.00486
V188	0.08	0.32765	0.00979	0.58256
V189	0.87587	0.01955	0.01318	0.0914
V190	0.70232	0.00794	0.28518	0.00457
V191	0.21724	0.20159	0.55246	0.02871
V192	0.32969	0.51234	0.04098	0.11698
V193	0.67747	0.02504	0.21372	0.08377
V194	0.03413	0.94806	0.00481	0.013
V195	0.02485	0.01316	0.95646	0.00553
V196	0.02673	0.1164	0.03266	0.82421
V197	0.53296	0.0489	0.02842	0.38972
V198	0.07071	0.55154	0.33776	0.04
V199	0.23493	0.02394	0.21875	0.52237
V200	0.14059	0.6557	0.01642	0.1873
V201	0.10424	0.625	0.17049	0.10027
V202	0.0253	0.00515	0.84119	0.12835
V203	0.17812	0.45782	0.3491	0.01497
V204	0.00862	0.66696	0.0089	0.31553
V205	0.03171	0.03681	0.92062	0.01086
V206	0.0647	0.0797	0.85062	0.00499
V207	0.18211	0.24587	0.06476	0.50725
V208	0.29363	0.04975	0.64654	0.01007
V209	0.32897	0.5105	0.05657	0.10396
V210	0.08341	0.81467	0.07219	0.02972
V211	0.5492	0.01412	0.03751	0.39917
V212	0.56161	0.0283	0.39515	0.01494
V213	0.73198	0.02555	0.09814	0.14433
V214	0.4159	0.16521	0.16615	0.25273
V215	0.39533	0.1141	0.0252	0.46537
V216	0.06883	9e-05	0.05845	0.87263
V217	0.04887	0.57232	0.22049	0.15832
V218	0.11205	0.52559	0.16289	0.19947
V219	0.11177	0.72591	0.01021	0.15211
V220	0.00723	0.89644	0.005	0.09133
V221	0.87695	0.0067	0.00407	0.11228
V222	0.38302	0.12552	0.36375	0.12771
V223	0.01369	0.12608	0.80335	0.05688
V224	0.96833	0.00974	0.02116	0.00076
V225	0.05408	0.89764	0.04449	0.00378
V226	0.35423	0.0683	0.56757	0.0099
V227	0.82195	0.0024	0.16653	0.00911
V228	0.83124	0.05889	0.05181	0.05806
V229	0.0325	0.00962	0.94095	0.01694
V230	0.03339	0.05391	0.05481	0.85789
V231	0.0215	0.3658	0.12915	0.48355
V232	0.04631	0.75871	0.00267	0.19231
V233	0.64452	0.07705	0.18077	0.09767
V234	0.03438	0.93422	0.02309	0.00831
V235	0.43152	0.04546	0.5017	0.02132
V236	0.05991	0.04838	0.83478	0.05693
V237	0.241	0.01297	0.05367	0.69235
V238	0.13741	0.60035	0.2296	0.03264
V239	0.08066	0.51528	0.02271	0.38135
V240	0.54868	0.02668	0.39133	0.03331
V241	0.02959	2e-04	0.9215	0.04871
V242	0.12577	0.79307	0.07271	0.00846
V243	0.28728	0.02655	0.63096	0.05521
V244	0.24645	1e-05	0.69237	0.06117
V245	0.62362	0.30262	0.03797	0.03579
V246	0.07173	0.14066	0.77111	0.0165
V247	0.19892	0.01237	0.78861	0.00011
V248	0.04118	0.05057	0.08431	0.82393
V249	0.00889	0.02492	0.91719	0.049
V250	0.79885	0.00346	0.19313	0.00457
V251	0.94228	0.04893	0.0039	0.00488
V252	0.01087	0.86463	0.1245	0
V253	0.46662	0.06508	0.16928	0.29903
V254	0.00916	0.94782	0.03918	0.00383
V255	0.04261	0.93407	0.00063	0.02269
V256	0.2084	0.21225	0.51534	0.06401
V257	0.51092	0.09109	0.22861	0.16938
V258	0.20899	0.27677	0.42029	0.09395
V259	0.04327	0.30934	0.6187	0.02869
V260	0.00688	0.30331	0.68514	0.00467
V261	0.6972	0.02463	0.17738	0.10078
V262	0.14482	0.07907	0.03244	0.74367
V263	0.01697	0.96937	6e-04	0.01306
V264	0.21346	0.02691	0.48094	0.2787
V265	0.05118	0	0.20437	0.74445
V266	0.63065	0.36401	0.00504	0.00031
V267	0.00337	0.21155	0.34291	0.44217
V268	0.49677	0.01932	0.14999	0.33392
V269	0.00916	0.60832	0.35021	0.03231
V270	0.70911	0.01765	0.21814	0.05511
V271	0.85231	0.05949	0.02451	0.06369
V272	0.05166	0.87637	0.00923	0.06274
V273	0.08914	0.03475	0.06828	0.80783
V274	0.76538	0.00126	0.1612	0.07216
V275	0.01318	0.01582	0.96526	0.00574
V276	0.54201	0.35323	0.00767	0.0971
V277	0.04866	0.26109	0.1911	0.49916
V278	0.05205	0.05693	0.36866	0.52236
V279	0.76351	0.04951	0.09421	0.09276
V280	0.04177	0	0.06832	0.88991
V281	0.64483	0.02592	0.13184	0.19742
V282	0.07233	0.04916	0.83558	0.04293
V283	0.21959	0.63625	0.04877	0.09538
V284	0.02603	0.92502	0.04515	0.0038
V285	0.09514	0.0026	0.90212	0.00013
V286	0.25668	0.59109	0.08951	0.06272
V287	0.09191	0.88569	0.00931	0.0131
V288	0.01972	0.31028	0.45763	0.21237
V289	0.32448	0.21814	0.40143	0.05595
V290	0.81327	0.17526	0.01097	5e-04
V291	0.53816	0.05648	0.3958	0.00956
V292	0.9556	0.01101	0	0.03339
V293	0.34256	0.005	0.62452	0.02791
V294	0.10931	0.47852	0.00596	0.40621
V295	0.02351	0.22091	0.2344	0.52118
V296	0.21062	0.10638	0.61906	0.06393
V297	0.11456	0	0.11162	0.77382
V298	0.34202	0.08849	0.55959	0.0099
V299	0.08931	0.37284	0.02058	0.51726
V300	0.0061	0.03465	0.3163	0.64295
V301	0.14556	0.09657	0.67131	0.08656
V302	0.64129	0.3499	0	0.00881
V303	0.00229	0.64499	0.33256	0.02015
V304	0.07146	0.01075	0.79513	0.12266
V305	0.15071	0.15966	0.49409	0.19555
V306	0.84342	0.08872	0.03843	0.02943
V307	0.01676	0.96355	0.01137	0.00832
V308	0.27584	0.24275	0.30125	0.18017
V309	0.38753	0.35438	0.02331	0.23479
V310	0.09636	0.38528	0.16083	0.35753
V311	0.50318	0.48896	0.00373	0.00413
V312	0.09588	0.77661	0.11375	0.01377
V313	0.00466	0.17325	0.04034	0.78175
V314	0.01778	0.58454	0.10874	0.28894
V315	0.12503	0.70459	0.02813	0.14225
V316	0.36709	0.12565	0.38524	0.12202
V317	0.08641	0.77399	0.03407	0.10553
V318	0.0378	0.67327	0.01324	0.27569
V319	0.07436	0.04067	0.86206	0.0229
V320	0.09401	0.1321	0.67944	0.09445
V321	0.62047	0.37419	0.00504	0.00031
V322	0.23486	0.38563	0.06959	0.30992
V323	0.08277	0.02652	0.1351	0.7556
V324	0.67501	0.25746	0.05368	0.01385
V325	0.29821	0.65602	0.04188	0.0039
V326	0.0011	0.67074	0.08511	0.24306
V327	0.02714	0.19403	0.1363	0.64253
V328	0.05924	0.0111	0.80057	0.1291
V329	0.2301	0.12453	0.1965	0.44887
V330	0.46654	0.00383	0.33922	0.1904
V331	0.44805	0.09401	0.04665	0.41129
V332	0.01671	0.05714	0.25521	0.67094
V333	0.48519	0.06049	0.3727	0.08161
V334	0.42693	0.00389	0.36717	0.20201
V335	0.02932	0.36605	0.51222	0.0924
V336	0.17214	0.74909	0.01388	0.06489
V337	0.30044	0.42223	0.25676	0.02057
V338	0.00142	0.98708	0.00749	0.00401
V339	0.15079	0.00084	0.84324	0.00513
V340	0.06739	0.23501	0.55569	0.14191
V341	0.03871	0.0464	0.1062	0.80869
V342	0.28873	2e-04	0.61452	0.09655
V343	0.96757	0.02322	0.0042	0.00501
V344	0.69728	0.14798	0.15446	0.00029
V345	0.02822	0.02209	0.94965	4e-05
V346	0.29081	0.11134	0.30839	0.28946
V347	0.06603	0.01194	0.18553	0.7365
V348	0.05525	0.72992	0.11933	0.0955
V349	0.39696	0.15667	0.36981	0.07656
V350	0.02837	0.83094	0.14069	0
V351	0.02594	0.02403	0.49192	0.45811
V352	0.06176	0.00537	0.87681	0.05606
V353	0.91417	0.02162	0.02484	0.03937
V354	0.04482	0.74454	0.18557	0.02508
V355	0.32954	0.06179	0.47178	0.13689
V356	0.05118	0.0285	0.1528	0.76752
V357	0.13156	0.37763	0.28168	0.20913
V358	0.63607	0.10267	0.04337	0.21789
V359	0.6713	0.05377	0.02974	0.24519
V360	0.53747	0.44024	0.0136	0.00869
V361	0.00476	0.48937	0.50153	0.00434
V362	0.00148	0.98076	0.01381	0.00395
V363	0.20803	0.10864	0.50053	0.1828
V364	0.18389	0.04515	0.70024	0.07072
V365	0.36159	0.02997	0.02258	0.58586
V366	0.07662	0.7556	0.06649	0.10129
V367	0.65067	0.14356	0.00501	0.20076
V368	0.08478	0.7907	0.06441	0.06011
V369	0.02267	0.43289	0.54008	0.00436
V370	0.32546	0.27911	0.37418	0.02126
V371	0.18058	0.7592	0.01952	0.04069
V372	0.22373	0.0585	0.14926	0.56851
V373	0.09796	0.13811	0.52188	0.24204
V374	0.80051	0.0121	0.18695	0.00045
V375	0.06097	0.04452	0.20042	0.69409
V376	0.04992	0.03942	0.14924	0.76142
V377	0.85799	0.00157	0.00915	0.1313
V378	0.01498	0.0249	0.50474	0.45538
V379	0.41195	0.22448	0.01329	0.35028
V380	0.20093	0.07539	0.24126	0.48242
V381	0.80259	0.01132	0.07776	0.10832
V382	0.10332	0.01773	0.87381	0.00514
V383	0.88159	0.00637	0.03836	0.07368
V384	0.644	0.0688	0.11984	0.16736
V385	0.89163	0.01381	0.06019	0.03438
V386	0.39322	0.01247	0.16285	0.43146
V387	0.63771	0.1379	0.16755	0.05684
V388	0.41188	0.35234	0.12834	0.10745
V389	0.41233	0.53936	0.00755	0.04075
V390	0.32076	0.25927	0.41557	0.0044
V391	0.51595	0.1122	0.02026	0.35159
V392	0.4819	0.22779	0.1521	0.13822
V393	0.32089	0.23289	0.33882	0.10741
V394	0.11969	0.28957	0.12759	0.46315
V395	0.24381	0.43722	0.18576	0.13321
V396	0.00847	0.97328	0.00524	0.01301
V397	0.81241	0.07962	0.08339	0.02459
V398	0.53223	0.13765	0.08932	0.24081
V399	0.19819	0.60333	0.12733	0.07115
V400	0.00105	0.69397	0.05766	0.24732
V401	0.04549	0.148	0.74962	0.05689
V402	0.78914	0.18111	0.02932	0.00043
V403	0.03909	0.03337	0.12053	0.80701
V404	0.10574	0.19313	0.62984	0.07128
V405	0.29271	0.03228	0.19753	0.47748
V406	0.66778	0.25432	0.01235	0.06554
V407	0.00142	0.98708	0.00749	0.00401
V408	0.10743	0.26654	0.42133	0.20469
V409	0.0078	0.04836	0.06718	0.87666
V410	0.08196	0.88346	0.02146	0.01312
V411	0.55921	0.0092	0.00585	0.42574
V412	0.19454	0.06522	0.53925	0.20099
V413	0.06108	0.56824	0.17301	0.19768
V414	0.03722	0.56721	0.30723	0.08834
V415	0.52826	0.02536	0.23067	0.21571
V416	0.02465	0.0704	0.90494	0
V417	0.36571	0.62636	0.00391	0.00402
V418	0.099	0.12627	0.18176	0.59298
V419	0.03824	0	0.08009	0.88167
V420	0.00089	0.93441	0.0098	0.0549
V421	0.18502	0.02625	0.704	0.08473
V422	0.07058	0.0941	0.02904	0.80628
V423	0.10043	0.00732	0.87563	0.01662
V424	0.00588	0.04014	0.70608	0.2479
V425	0.06676	0.24333	0.60957	0.08033
V426	0.10925	0.02831	0.81326	0.04918
V427	0.07748	0.47224	0.19355	0.25673
V428	0.08344	0.82321	0.04034	0.05301
V429	0.03577	0	0.09123	0.87299
V430	0.7759	0.16592	0.01228	0.0459
V431	0.22592	0.01769	0.49839	0.25801
V432	0.15013	0.12027	0.06812	0.66148
V433	0.05379	0.81116	0.00166	0.13339
V434	0.43664	0.08302	0.05602	0.42432
V435	0.612	0.01042	0.11924	0.25835
V436	0.48851	0.0124	0.12147	0.37761
V437	0.28581	0.28269	0.00973	0.42177
V438	0.67621	0.16024	0.02633	0.13722
V439	0.05146	0.15102	0.02611	0.77142
V440	0.59254	0.03787	0.03397	0.33561
V441	0.0823	0.12167	0.64568	0.15034
V442	0.35376	0.37586	0.12391	0.14647
V443	0.80975	0.00515	0.07764	0.10746
V444	0.02822	0.02209	0.94965	4e-05
V445	0.65829	0.01245	0.30936	0.01989
V446	0.0326	0.88046	0.04077	0.04617
V447	0.6878	0.08577	0.1565	0.06994
V448	0.02816	0.07822	0.25589	0.63774
V449	0.62098	0.03279	0.2748	0.07143
V450	0.13419	0.85252	0.01329	0
V451	0.93237	0.05366	0	0.01397
V452	0.05544	0.01722	0.12111	0.80623
V453	0.84295	0.06954	0.05241	0.03511
V454	0.00129	0.95236	0.03801	0.00835
V455	0.65343	0.02596	0.27693	0.04368
V456	0.38047	0.11394	0.38399	0.1216
V457	0.00668	0.07043	0.04995	0.87294
V458	0.3275	0.27607	0.00904	0.38738
V459	0.01479	0.85329	0.07318	0.05874
V460	0.95675	0.01193	0.02204	0.00928
V461	0.09197	0.05363	0.03132	0.82308
V462	0.4098	0.28566	0.00351	0.30102
V463	0.26644	0.51737	0.13674	0.07946
V464	0.60029	0.1072	0.00658	0.28594
V465	0.42234	0.45879	0.01941	0.09946
V466	0.64434	0.19462	0.00415	0.1569
V467	0.31418	0.5989	0.06232	0.02459
V468	0.5079	0.41773	0.03842	0.03595
V469	0.02221	0.20827	0.33991	0.42961
V470	0.61393	0.11836	0.16284	0.10486
V471	0.34959	0.12617	0.04207	0.48218
V472	0.36602	0.38004	0.00276	0.25118
V473	0.10386	0.58547	0.29592	0.01475
V474	0.17308	0	0.14535	0.68157
V475	0.21017	0.47008	0.07454	0.24521
V476	0.23426	0.02111	0.08082	0.66381
V477	0.6687	0.03261	0.18952	0.10917
V478	0.13858	0.6724	0.00561	0.1834
V479	0.02513	0.0698	0.8409	0.06417
V480	0.10047	0.40665	0.05156	0.44133
V481	0.17355	0.00718	0.80886	0.01041
V482	0.72279	0.15983	0.09241	0.02497
V483	0.17602	0.13879	0.09388	0.59132
V484	0.03797	0.10573	0.05373	0.80256
V485	0.1164	0.79221	0.00896	0.08242
V486	0.32077	0.30086	0.12545	0.25292
V487	0.10682	0.05772	0.12308	0.71238
V488	0.00986	0.00248	0.91145	0.0762
V489	0.24573	0.09068	0.65348	0.01012
V490	0.38826	0.35222	0.06118	0.19834
V491	0.44502	0.48844	0.02489	0.04166
V492	0.02637	0.86367	0.10617	0.00379
V493	0.05526	0.00182	0.02131	0.92162
V494	0.22591	0.15198	0.52758	0.09452
V495	0.22124	0.65161	0.11322	0.01393
V496	0.26136	0.70981	0.00015	0.02868
V497	0.02617	0.00024	0.9679	0.00569
V498	0.40464	0.11944	0.05616	0.41976
V499	0.6188	0.27411	0.10284	0.00426
V500	0.11995	0.11241	0.73859	0.02905
V501	0.01032	0	0.10285	0.88683
V502	0.56717	0.28476	0.1282	0.01987
V503	0.25633	0.10786	0.22743	0.40839
V504	0.22429	0.72729	0.00821	0.04021
V505	0.23896	0.23926	0.26623	0.25555
V506	0.10556	0.27528	0.46862	0.15054
V507	0.68101	0.09671	0.10595	0.11633
V508	0.77138	0.16797	0.03097	0.02969
V509	0.27406	0.05315	0.52648	0.1463
V510	0.22979	0.54405	0.22209	0.00407
V511	0.05406	0.52985	0.0472	0.36889
V512	0.32811	0.05527	0.09637	0.52026
V513	0.07732	0.69933	0.17938	0.04397
V514	0.03086	0.11164	0.01873	0.83877
V515	0.81992	0.05826	0.03836	0.08346
V516	0.89855	0.09668	0	0.00477
V517	0.05579	0.02749	0.3301	0.58662
V518	0.95191	0.0431	0	0.00499
V519	0.02363	0.9107	0.00469	0.06098
V520	0.03662	0	0.6992	0.26418
V521	0.60965	0.03581	0.33424	0.0203
V522	0.01202	0.12682	0.64095	0.22021
V523	0.42116	0.12688	0.25931	0.19266
V524	0.00791	0.81622	0.15698	0.01889
V525	0.31899	0.25186	0.02986	0.39929
V526	0.72149	0.07683	0.06337	0.13831
V527	0.25749	0.01775	0.44013	0.28463
V528	0.09133	0.88012	0.00054	0.02801
V529	0.08315	0.07129	0.28367	0.5619
V530	0.01211	0.20893	0.69958	0.07938
V531	0.01884	0.88889	0.09228	0
V532	0.20584	0.40603	0.0286	0.35953
V533	0.31611	0.39567	0.12678	0.16143
V534	0.0149	0.00582	0.78491	0.19437
V535	0.65952	0.00138	0.01358	0.32551
V536	0.24315	0	0.41946	0.33739
V537	0.6009	0.26228	0.12779	0.00903
V538	0.56015	0.05533	0.08456	0.29997
V539	0.28639	0.47362	0.13864	0.10134
V540	0.19312	0.72731	0.05532	0.02425
V541	0.0181	0.6259	0.06071	0.29529
V542	0.24965	0.14055	0.27912	0.33067
V543	0.91789	0.00807	0.00785	0.06618
V544	0.14179	0.10554	0.20973	0.54293
V545	0.45251	0.15861	0.06829	0.3206
V546	0.04449	0.90023	0.05151	0.00377
V547	0.03758	0.68352	0.26992	0.00898
V548	0.14734	0.78347	0.06541	0.00377
V549	0.36576	0.02112	0.60319	0.00994
V550	0.68591	0.03022	0.00312	0.28074
V551	0.16983	0.76934	0.02569	0.03514
V552	0.00153	0.65901	0.00973	0.32974
V553	0.25711	0.14369	0.58348	0.01573
V554	0.08024	0.12494	0.04459	0.75023
V555	0.11043	0.26048	0.35968	0.26942
V556	0.01068	0.018	0.94808	0.02324
V557	0.86704	0.02756	0.00805	0.09734
V558	0.06258	0.8405	0.02049	0.07642
V559	0.01078	0.83153	0.15769	0
V560	0.66381	0.33176	0	0.00443
V561	0.01318	0.01582	0.96526	0.00574
V562	0.83007	0.00583	0.09956	0.06454
V563	0.28109	0.00097	0.71305	0.00489
V564	0.07541	0.06525	0.84873	0.01061
V565	0.14685	0.28972	0.38898	0.17445
V566	0.76015	0.09775	0.00384	0.13826
V567	0.24115	0.51998	0.02324	0.21563
V568	0.33268	0.00821	0.07243	0.58668
V569	0.76297	0.02937	0.0018	0.20586
V570	0.03124	0.30944	0.61005	0.04927
V571	0.83251	0.1284	0	0.0391
V572	0.49864	0.00418	0.42454	0.07265
V573	0.08486	0.24609	0.01873	0.65031
V574	0.03533	0.81674	0.13939	0.00854
V575	0.0298	0.11149	0.17169	0.68701
V576	0.14485	0.81912	0.02766	0.00837
V577	0.0567	0.05052	0.27981	0.61297
V578	0.0705	0.05605	0.73342	0.14003
V579	0.00782	0.9054	0.0735	0.01329
V580	0.21456	0.00816	0.14762	0.62966
V581	0.09937	0.11982	0.015	0.76581
V582	0.651	0.15286	0.02735	0.16878
V583	0.01349	0.0392	0.67745	0.26987
V584	0.55838	0.15299	0.2622	0.02643
V585	0.01539	0.00665	0.5478	0.43016
V586	0.27408	0.00416	0.65382	0.06795
V587	0.30651	0.00519	0.66655	0.02175
V588	0.71901	0.04352	0.02225	0.21522
V589	0.05201	0.85885	0.04845	0.04069
V590	0.04591	0.79361	0.15663	0.00385
V591	0.00606	0.04702	0.28145	0.66548
V592	0.1867	0.02936	0.78387	7e-05
V593	0.6635	0.00082	0.17395	0.16173
V594	0.36242	0.30055	0.30318	0.03385
V595	0.04775	0.04874	0.05133	0.85218
V596	0.04405	0.34409	0.24556	0.36629
V597	0.00196	0.63601	0.30379	0.05824
V598	0.02924	0.11227	0.84785	0.01064
V599	0.62342	0.33267	0.02499	0.01892
V600	0.37056	0.50902	0.03953	0.08088
V601	0.19913	0.34115	0.08434	0.37538
V602	0.04991	0.05376	0.03989	0.85643
V603	0.01087	0.49657	0.01986	0.47269
V604	0.55663	0.11174	0.31106	0.02057
V605	0.07737	0.37169	0.40247	0.14846
V606	0.76009	0.15589	0.00719	0.07683
V607	0.73274	0.01008	0.0989	0.15828
V608	0.26354	0.16674	0.39662	0.17309
V609	0.03303	0.29312	0.2681	0.40575
V610	0.82096	0.01879	0.07649	0.08377
V611	0.3907	0.00723	0.06837	0.5337
V612	0.03643	0.08074	0.83315	0.04967
V613	0.04232	0.35967	0.56956	0.02845
V614	0.81373	0.05821	0.03834	0.08971
V615	0.19229	0.07569	0.02178	0.71024
V616	0.07606	0.77848	0.03434	0.11111
V617	0.50004	0.16503	0.33477	0.00016
V618	0.80572	0.00743	0.00151	0.18534
V619	0.45901	0.02544	0.3213	0.19425
V620	0.01009	0.70075	0.28512	0.00404
V621	0.49552	0.15874	0.16638	0.17935
V622	0.38995	0.22698	0.3619	0.02116
V623	0.02976	0.09593	0.19785	0.67646
V624	0.7819	0.20444	0	0.01366
V625	0.27837	0.54159	0.08187	0.09817
V626	0.95961	0.03097	0	0.00942
V627	0.00743	0.04071	0.12891	0.82294
V628	0.00331	0.32801	0.02702	0.64167
V629	0.1478	0.33665	0.28659	0.22896
V630	0.04213	0.35949	0.56358	0.0348
V631	0.02527	0.26443	0.13104	0.57926
V632	0.67254	0.00089	0.12932	0.19725
V633	0.00769	0.02334	0.87808	0.09088
V634	0.42124	0.27457	0.29989	0.00431
V635	0.02461	0.83639	0.00546	0.13354
V636	0.146	0.09643	0.66317	0.09439
V637	0.37677	0.22524	0.08745	0.31054
V638	0.43589	0.28822	0.06179	0.2141
V639	0.27826	0.45176	0.26997	1e-05
V640	0.04669	0.14998	0.76749	0.03584
V641	0.90974	0.03735	0.01879	0.03412
V642	0.7789	0.17632	0	0.04478
V643	0.0111	0.20777	0.50385	0.27729
V644	0.90646	0.08104	0.00334	0.00916
V645	0.27465	0.43527	0.27534	0.01474
V646	0.00983	0.9795	0.00673	0.00395
V647	0.17055	0.07651	0.71042	0.04252
V648	0.41654	0.4514	0.11238	0.01968
V649	0.038	0.05037	0.86866	0.04297
V650	0.071	0.07901	0.80064	0.04934
V651	0.34886	0.00102	0.64531	0.00482
V652	0.11406	0.09162	0.49556	0.29877
V653	0.12087	0.72251	0.08181	0.07481
V654	0.71958	0.19906	0.0454	0.03597
V655	0.03759	0.68301	0.01904	0.26035
V656	0.25357	0.33784	0.01526	0.39333
V657	0.04113	0.11324	0.03076	0.81487
V658	0.64584	0.2134	0.04639	0.09438
V659	0.38972	0.08196	0.37004	0.15828
V660	0.02562	0.96073	6e-04	0.01305
V661	0.06604	0.52708	0.05442	0.35246
V662	0.4663	0.00973	0.45002	0.07396
V663	0.2793	0.06268	0.57237	0.08565
V664	0.2346	0.05591	0.67417	0.03532
V665	0.7213	0.18738	0.03098	0.06034
V666	0.67714	0.00081	0.09514	0.22691
V667	0.78271	0.07165	0.14524	4e-04
V668	0.1161	0.81578	0.06812	0
V669	0.24793	0.44973	0.22784	0.0745
V670	0.0726	0.91394	0.00043	0.01303
V671	0.39702	0.30033	0.23551	0.06714
V672	0.03095	0.01664	0.92942	0.02299
V673	0.25726	0.40702	0.21576	0.11996
V674	0.7584	0.14536	0.01275	0.08348
V675	0.15561	0.36798	0.32077	0.15564
V676	0.04136	0.14951	0.14112	0.66802
V677	0.40611	0.4291	0.08057	0.08422
V678	0.49704	0.49003	0.00884	0.00409
V679	0.0554	0.33453	0.6001	0.00998
V680	0.30575	0.56693	0.11323	0.01409
V681	0.90733	0.0661	0.00788	0.01869
V682	0.12558	0.31655	0.52934	0.02852
V683	0.01141	0.97155	0.01704	0
V684	0.729	0.15808	0.0766	0.03632
V685	0.50998	0.35567	0.10299	0.03137
V686	0.12164	0.22874	0.17838	0.47124
V687	0.05051	0.03286	0.05465	0.86198
V688	0.37624	0.53916	0.00046	0.08413
V689	0.34827	0.00074	0.06322	0.58777
V690	0.52016	0.03409	0.39996	0.04579
V691	0.18724	0.00089	0.80683	0.00504
V692	0.09398	0.13366	0.72291	0.04945
V693	0.2831	0.10853	0.3915	0.21688
V694	0.01556	0.0291	0.3853	0.57004
V695	0.32404	0.00518	0.18471	0.48607
V696	0.10916	0.12197	0.03113	0.73774
V697	0.02947	0.09459	0.03578	0.84015
V698	0.87669	0.00701	0.00856	0.10773
V699	0.58971	0.29475	0.05327	0.06226
V700	0.32545	0.03336	0.01803	0.62316
V701	0.12002	0.60422	0.09971	0.17605
V702	0.63703	0.08481	0.0116	0.26657
V703	0.16833	0.04632	0.54022	0.24513
V704	0.86436	0.04271	0.01861	0.07431
V705	0.96727	0.00519	0.00885	0.01869
V706	0.09601	0.03741	0.8027	0.06387
V707	0.04005	0.47108	0.46135	0.02752
V708	0.03244	0.90823	0.01459	0.04474
V709	0.15282	0.27865	0.51151	0.05702
V710	0.64683	0.21376	0.03931	0.1001
V711	0.08308	0.82646	0.07176	0.01869
V712	0.85943	0.05207	0.00314	0.08536
V713	0.47882	0.32689	0.0277	0.16659
V714	0.00767	0.77106	0.01762	0.20364
V715	0.32445	0.35297	0.27553	0.04706
V716	0.05386	0.06186	0.0782	0.80608
V717	0.07362	0.91755	0.00043	0.00839
V718	0.15107	0.612	0.15764	0.07929
V719	0.05449	0.78468	0.02823	0.1326
V720	0.74738	0.00137	0.20343	0.04783
V721	0.15001	0.17117	0.50208	0.17675
V722	0.11201	0.44313	0.01757	0.42728
V723	0.15616	0.11793	0.02119	0.70471
V724	0.67505	0.02591	0.07713	0.22191
V725	0.00848	0.08862	0.87998	0.02292
V726	0.04235	0.47506	0.12567	0.35691
V727	0.25813	0.66492	0.07306	0.0039
V728	0.02612	0.89516	0.07493	0.00378
V729	0.50464	0.01095	0.16961	0.3148
V730	0.91746	0.03123	0.03252	0.01878
V731	0.03216	0.22258	0.44413	0.30114
V732	0.41485	0.07124	0.35672	0.15718
V733	0.68798	0.18862	0.02519	0.0982
V734	0.25785	0.32204	0.41573	0.00437
V735	0.02469	0.02143	0.57305	0.38083
V736	0.21585	0.01776	0.02479	0.7416
V737	0.36642	0.30714	0.22218	0.10427
V738	0.08921	0.36462	0.44522	0.10095
V739	0.00605	0.00777	0.69662	0.28956
V740	0.8506	0.08486	0.05551	0.00903
V741	0.56721	0.10245	0.11745	0.21289
V742	0.38387	0.60551	0.01056	7e-05
V743	0.15561	0.13648	0.69169	0.01623
V744	0.57834	0.03264	0.3087	0.08033
V745	0.01552	0.75505	0.15442	0.07502
V746	0.98568	0.0091	0	0.00522
V747	0.0718	0	0.76769	0.16051
V748	0.14832	0.0974	0.62085	0.13344
V749	0.35174	0.20719	0.05432	0.38676
V750	0.42132	0.48593	0.01292	0.07983
V751	0.04173	0.89705	0.02699	0.03423
V752	0.51532	0.23574	0.12019	0.12875
V753	0.04548	0.05801	0.02009	0.87642
V754	0.00785	0.95358	0.00074	0.03783
V755	0.18103	0.21334	0.36517	0.24046
V756	0.04464	0.02431	0.0913	0.83975
V757	0.33187	0.60227	0.04687	0.019
V758	0.04295	0.81116	0.09779	0.0481
V759	0.15927	0.05904	0.46019	0.3215
V760	0.36283	0.05561	0.29968	0.28188
V761	0.06885	0.62719	0.24519	0.05876
V762	0.00212	0.51049	0.02017	0.46722
V763	0.42208	0.39037	0.02109	0.16646
V764	0.0073	0.94996	0.00472	0.03802
V765	0.73726	0.0903	0.00126	0.17117
V766	0.01913	0.36106	0.4525	0.16732
V767	0.54317	0.1204	0.22879	0.10764
V768	0.05253	0.9187	0.01568	0.0131
V769	0.134	0.83626	0.02141	0.00833
V770	0.00983	0.9795	0.00673	0.00395
V771	0.19892	0.00691	0.78382	0.01035
V772	0.16075	0.03422	0.80006	0.00497
V773	0.15394	0.83366	0.00404	0.00837
V774	0.03249	7e-05	0.94437	0.02307
V775	0.15321	0.04269	0.34411	0.45999
V776	0.44279	0.44315	0.03907	0.07499
V777	0.22953	0.13843	0.16106	0.47098
V778	0.57029	0.28594	0.05423	0.08954
V779	0.20985	0.03586	0.54034	0.21395
V780	0.10722	0.78554	0.10725	0
V781	0.07189	0.05038	0.0566	0.82113
V782	0.01426	0.115	0.82124	0.0495
V783	0.8411	0.01928	0.03886	0.10076
V784	0.10364	0.88208	0.01042	0.00386
V785	0.03386	0.94301	0.01008	0.01305
V786	0.7441	0.15768	0.068	0.03022
V787	0.00193	0.86335	0.13087	0.00385
V788	0.5302	0.30917	0.12886	0.03178
V789	0.08328	0.47046	0.03188	0.41438
V790	0.55919	0.02853	0.07704	0.33525
V791	0.15008	0.4157	0.31936	0.11486
V792	0.14236	0.62548	0.0062	0.22596
V793	0.12323	0.72183	0.02774	0.1272
V794	0.05901	0.06818	0.81589	0.05692
V795	0.15725	0.05764	0.085	0.70011
V796	0.03946	0.0762	0.86759	0.01675
V797	0.78802	0.00234	0.2005	0.00915
V798	0.62135	0.30339	0.06142	0.01385
V799	0.12517	0.80866	0.01984	0.04634
V800	0.08737	0.01933	0.59345	0.29985
V801	0.17492	0.12799	0.37192	0.32516
V802	0.0511	0.09089	0.341	0.51701
V803	0.22851	0.54023	0.23126	0
V804	0.57602	0.01022	0.36276	0.051
V805	0.0302	0.00367	0.96598	0.00015
V806	0.04195	0.92577	0.00942	0.02286
V807	0.32772	0.18663	0.04015	0.44551
V808	0.66807	0.27649	0.03118	0.02426
V809	0.05796	0.03454	0.90745	5e-05
V810	0.01045	0.98476	0.00074	0.00406
V811	0.50682	0.07149	0.2011	0.22058
V812	0.58533	0.27509	0.03926	0.10032
V813	0.62085	0.19474	0.16433	0.02008
V814	0.41929	0.54254	0.03417	0.004
V815	0.00152	0.93361	0.06103	0.00384
V816	0.93587	0.0083	0.05517	0.00067
V817	0.04094	0.06783	0.88053	0.0107
V818	0.00625	0.08748	0.07503	0.83124
V819	0.8529	0.07919	0.0385	0.02942
V820	0.18121	0.13376	0.03525	0.64978
V821	0.23992	0.33536	0.36928	0.05543
V822	0.0885	0.01541	0.8794	0.01668
V823	0.0325	0.19577	0.70043	0.07131
V824	0.10102	0.40237	0.49662	0
V825	0.25598	0.3245	0.25028	0.16924
V826	0.43484	0.42734	0.12894	0.00888
V827	0.36649	0.60718	0.00787	0.01846
V828	0.2825	0.19814	0.11875	0.40061
V829	0.05069	0.33675	0.04986	0.56269
V830	0.27595	0.28326	0.03054	0.41025
V831	0.81177	0.08604	0.02464	0.07754
V832	0.29164	0.43918	0.1513	0.11787
V833	0.15596	0.56585	0.16199	0.1162
V834	0.3809	0.0854	0.08845	0.44525
V835	0.37277	0.47381	0.09684	0.05659
V836	0.00791	0.77769	0.00703	0.20737
V837	0.24647	0.42587	0.177	0.15066
V838	0.92698	0.04591	0.02239	0.00472
V839	0.29344	0.62213	0.0805	0.00393
V840	0.27482	0.71965	0.00553	0
V841	0.00896	0.03405	0.91438	0.04261
V842	0.41596	0.17185	0.25428	0.15792
V843	0.02763	0.01406	0.90205	0.05626
V844	0.14476	0.0933	0.43625	0.32568
V845	0.08266	0.09985	0.76785	0.04965
V846	0.00726	0.00734	0.82573	0.15966
V847	0.01058	0.00232	0.07926	0.90784
V848	0.09612	0.58262	0.15861	0.16265
V849	0.00101	0.97116	0.00509	0.02274
V850	0.97482	0.00574	0.01004	0.00939
V851	0.33304	0.54435	0.12259	2e-05
V852	0.1498	0.06205	0.17218	0.61597
V853	0.27802	0.23427	0.39352	0.09419
V854	0.64411	0.17065	0.08884	0.0964
V855	0.01058	0.00232	0.07926	0.90784
V856	0.05206	0.40557	0.36158	0.1808
V857	0.71239	0.17734	0.02495	0.08531
V858	0.59339	0.00697	0.39501	0.00462
V859	0.68029	0.24183	0.01234	0.06554
V860	0.25029	0.14747	0.0663	0.53594
V861	0.10015	0.38012	0.50996	0.00978
V862	0.15705	0.07741	0.73	0.03553
V863	0.2764	0.08324	0.01068	0.62968
V864	0.09804	0.05293	0.0828	0.76624
V865	0.15508	0.00526	0.33498	0.50468
V866	0.75516	0.01475	0.22083	0.00926
V867	0.75024	0.02373	0.22151	0.00452
V868	0.54312	0.28712	0.11293	0.05683
V869	0.01802	0.97168	0.00636	0.00393
V870	0.12466	0.43833	0.02388	0.41313
V871	0.00101	0.97116	0.00509	0.02274
V872	0.0163	0.01999	0.34027	0.62344
V873	0.90686	0.0301	0.03913	0.02391
V874	0.18599	0.7889	0.02511	0
V875	0.02276	0.24813	0.24444	0.48467
V876	0.1761	0.35522	0.39853	0.07015
V877	0.05142	0.46134	0.30072	0.18652
V878	0.1254	0.82173	0.05286	0
V879	0.185	0.72909	0.03258	0.05332
V880	0.31017	0.58953	0.00379	0.09651
V881	0.1763	0.03499	0.6421	0.14662
V882	0.83908	0.00156	0.1078	0.05157
V883	0.3089	0.20503	0.486	7e-05
V884	0.02611	0.38893	0.00991	0.57505
V885	0.70699	0.21964	0.07307	3e-04
V886	0.01864	0.40774	0.46586	0.10776
V887	0.70073	0.05798	0.13998	0.10131
V888	0.1213	0.03672	0.77044	0.07153
V889	0.92225	0.04991	0.01396	0.01388
V890	0.04439	0.14765	0.66612	0.14184
V891	0.66896	0.04323	0.25577	0.03205
V892	0.34822	0.22443	0.01582	0.41153
V893	0.61181	0.21415	0.13028	0.04376
V894	0.07723	0.33211	0.56206	0.0286
V895	0.65797	0.05828	0.18086	0.10289
V896	0.03413	0.94806	0.00481	0.013
V897	0.69381	0.26345	0.00272	0.04002
V898	0.58233	0.00119	0.01053	0.40595
V899	0.03714	0.25327	0.17276	0.53682
V900	0.09261	0.33547	0.37918	0.19274
V901	0.03279	0.88251	0.00474	0.07997
V902	0.0445	0.91368	0.03802	0.00381
V903	0.01052	0.45909	0.49658	0.03381
V904	0.01896	0.97632	0.00068	0.00404
V905	0.20763	0	0.22678	0.56559
V906	0.49354	0.09747	0.10536	0.30363
V907	0.42405	0.52753	0.01299	0.03543
V908	0.02188	0.07142	0.11506	0.79164
V909	0.12286	0.83177	0.00064	0.04473
V910	0.22901	0	0.15878	0.61221
V911	0.52113	0.4064	0.02468	0.0478
V912	0.42313	0.35162	0.11079	0.11446
V913	0.1718	0.00093	0.03072	0.79656
V914	0.1873	0.52657	0.25935	0.02678
V915	0.31496	0.00103	0.02042	0.66358
V916	0.28505	0.04553	0.63444	0.03498
V917	0.7633	0.02531	0.14445	0.06694
V918	0.04559	0.68816	0.20232	0.06393
V919	0.23336	0.26023	0.30539	0.20102
V920	0.65107	0.20147	0.07797	0.0695
V921	0.04159	0.23535	0.04789	0.67517
V922	0.10654	0.50211	0.35789	0.03346
V923	0.11538	0.0298	0.07362	0.7812
V924	0.03598	0.71228	0.23198	0.01975
V925	0.25217	0.04675	0.02734	0.67374
V926	0.27919	0.03172	0.04545	0.64364
V927	0.03818	0.0623	0.09159	0.80793
V928	0.04163	0.91556	0.00438	0.03842
V929	0.05598	0.71419	0.11247	0.11736
V930	0.52279	0.38544	0.02494	0.06683
V931	0.15234	0.2911	0.49964	0.05692
V932	0.04536	0.11201	0.66688	0.17575
V933	0.57702	0.40612	0.00813	0.00873
V934	0.01251	0.18646	0.33745	0.46359
V935	0.6013	0.16123	0.18619	0.05127
V936	0.56599	0.28903	0.01355	0.13142
V937	0.61593	0.1326	0.07541	0.17606
V938	0.44735	0.0427	0.31293	0.19702
V939	0.81228	0.01859	0.06129	0.10784
V940	0.0247	0.82959	0.12144	0.02428
V941	0.01454	0.00053	0.97897	0.00596
V942	0.74026	0.19199	0.05387	0.01388
V943	0.43701	0.12387	0.39833	0.04079
V944	0.02311	0.36302	0.07972	0.53415
V945	0.56528	0.36821	0.00723	0.05928
V946	0.48029	0.26821	0.22512	0.02638
V947	0.11144	0.05742	0.29149	0.53966
V948	0.3794	0.02088	0.58415	0.01557
V949	0.0045	0.14504	0.26251	0.58795
V950	0.05879	0.60562	0.19612	0.13947
V951	0.84326	0.01667	0.13548	0.00458
V952	0.09156	0.15234	0.31658	0.43953
V953	0.02983	0.04272	0.90439	0.02306
V954	0.0508	0.2378	0.17272	0.53868
V955	0.12722	0.67823	0.02211	0.17244
V956	0.04892	0.01978	0.60302	0.32828
V957	0.44524	0.01994	0.00816	0.52666
V958	0.05526	0.00182	0.02131	0.92162
V959	0.25806	0.27151	0.41425	0.05617
V960	0.28154	0.32773	0.07923	0.31151
V961	0.14822	0.42594	0.33491	0.09093
V962	0.40326	0.16845	0.37359	0.0547
V963	0.63326	0.1706	0.13962	0.05652
V964	0.86351	0.02862	0.08369	0.02418
V965	0.06036	0.57681	0.18197	0.18087
V966	0.966	0.02092	0.00369	0.00938
V967	0.07333	0.03748	0.60661	0.28258
V968	0.00612	0.15201	0.79283	0.04904
V969	0.01209	0.3957	0.04973	0.54248
V970	0.04674	0.12989	0.4917	0.33167
V971	0.55133	0.07879	0.31041	0.05948
V972	0.57059	0.21156	0.04192	0.17593
V973	0.29444	0.47177	0.06954	0.16425
V974	0.00723	0.83356	0.10577	0.05345
V975	0.11561	0.308	0.57191	0.00448
V976	0.48948	0.264	0.10366	0.14285
V977	0.33211	0.37183	0.29183	0.00423
V978	0.08912	0.12559	0.09534	0.68995
V979	0.81913	0.01635	0.15997	0.00454
V980	0.98568	0.0091	0	0.00522
V981	0.39435	0.0251	0.44016	0.1404
V982	0.45547	0.41968	0.06249	0.06235
V983	0.76889	0.06163	0.00439	0.16509
V984	0.01529	0.87319	0.08775	0.02378
V985	0.09683	0.2696	0.01721	0.61636
V986	0.32797	0.55762	0.0397	0.07472
V987	0.22705	0.75963	0.00017	0.01315
V988	0.29795	0.02304	0.02685	0.65216
V989	0.43703	0.48629	0.06281	0.01387
V990	0.00686	0.03986	0.84639	0.10689
V991	0.62063	0.37057	0	0.00879
V992	0.24642	0.0038	0.55615	0.19363
V993	0.06475	0.76421	0.1404	0.03064
V994	0.17654	0.79394	0.02113	0.00839
V995	0.78057	0.10484	0.02487	0.08972
V996	0.34636	0.15334	0.01822	0.48208
V997	0.02672	0.00544	0.87685	0.09099
V998	0.89841	0.01392	0.05333	0.03434
V999	0.1144	0.88131	0.00032	0.00397
V1000	0.4125	0.03065	0.00833	0.54852
