B_cells	NK_cells	T_cells_CD4.	Monocytes
V1	0.55945	0.038	0.14923	0.25332
V2	0.2245	0.1495	0.01995	0.60605
V3	0.10117	0.65724	0	0.24159
V4	0.81376	0.13912	0	0.04711
V5	0.14172	0.51541	0.21303	0.12984
V6	0.11861	0.86107	0	0.02032
V7	0.18598	0.42873	0.04468	0.34061
V8	0.17582	0.02179	0.75292	0.04946
V9	0.28108	0.30286	0	0.41607
V10	0.08011	0.02	0.83075	0.06915
V11	0.23056	0.38798	0.38146	0
V12	0.07314	0.59757	0.31835	0.01095
V13	0.2744	0.70994	0	0.01566
V14	0.11229	0.88453	0	0.00319
V15	0.153	0.63412	0.08653	0.12635
V16	0.84755	0.08188	0	0.07057
V17	0.12574	0.85572	0	0.01854
V18	0.54732	0.39668	0.01284	0.04315
V19	0.18521	0.80527	0	0.00952
V20	0.19703	0.51578	0	0.28718
V21	0.17287	0.08516	0.69718	0.04479
V22	0.08533	0.15483	0.17391	0.58593
V23	0.38731	0.06872	0.52406	0.01991
V24	0.91001	0.07691	0.01308	0
V25	0.35838	0.2957	0.09525	0.25067
V26	0.39357	0.43369	0	0.17274
V27	0.19129	0.11207	0	0.69664
V28	0.03998	0.0786	0.88142	0
V29	0.43952	0.05598	0.46029	0.04421
V30	0.14408	0.27654	0.23998	0.3394
V31	0.2342	0.24745	0.25767	0.26068
V32	0.17981	0.08238	0.01627	0.72154
V33	0.08753	0.52737	0.30781	0.0773
V34	0.17383	0.06243	0.71714	0.04661
V35	0.19119	0.73547	0.05094	0.02239
V36	0.06515	0.08121	0.45156	0.40208
V37	0.54812	0.11622	0.06909	0.26657
V38	0.46138	0.0235	0.15618	0.35894
V39	0.19187	0.60223	0.09588	0.11003
V40	0.13344	0.8255	0.04105	0
V41	0.05107	0.7262	0.01094	0.21179
V42	0.28219	0.07001	0.18422	0.46358
V43	0.1653	0.37054	0.4406	0.02356
V44	0.06287	0.10861	0.6814	0.14712
V45	0.13323	0.61325	0.18193	0.07158
V46	0.76719	0.11639	0.09728	0.01913
V47	0.44067	0.2326	0.27832	0.04841
V48	0.75977	0.19975	0	0.04048
V49	0.69483	0.21551	0	0.08966
V50	0.11141	0.83604	0.05255	0
V51	0.31858	0.44035	0.22021	0.02086
V52	0.07564	0.13793	0.73676	0.04967
V53	0.70912	0.16489	0.12599	0
V54	0.41988	0.23344	0.32757	0.0191
V55	0.25502	0.18151	0.20995	0.35352
V56	0.14227	0.06117	0.06497	0.73159
V57	0.13557	0.85315	0	0.01129
V58	0.65514	0.04115	0.00686	0.29684
V59	0.42434	0.45599	0.07643	0.04324
V60	0.17721	0.20679	0.29251	0.3235
V61	0.76133	0.13843	0	0.10024
V62	0.83534	0.07681	0.04128	0.04656
V63	0.0636	0.82893	0.08792	0.01955
V64	0.0564	0.84862	0	0.09498
V65	0.10785	0.022	0.09181	0.77833
V66	0.23448	0.71263	0	0.05288
V67	0.18368	0.35989	0.45062	0.00582
V68	0.22762	0.20416	0	0.56822
V69	0.0716	0.3386	0.54383	0.04597
V70	0.5271	0.1987	0.15347	0.12073
V71	0.21124	0.11455	0.347	0.3272
V72	0.5614	0.20856	0.06731	0.16272
V73	0.18108	0.64168	0.10587	0.07137
V74	0.10396	0.24383	0.65222	0
V75	0.69249	0.0188	0.17976	0.10895
V76	0.05317	0.24461	0.15239	0.54982
V77	0.10277	0.34775	0	0.54948
V78	0.33896	0.16739	0.15794	0.33571
V79	0.05619	0.12981	0.7247	0.0893
V80	0.36806	0.04457	0.50053	0.08684
V81	0.10841	0.18693	0.69951	0.00515
V82	0.03897	0.09832	0.82741	0.03529
V83	0.19901	0.24388	0.04265	0.51445
V84	0.42592	0.08643	0.14071	0.34693
V85	0.14211	0.3612	0.35388	0.14281
V86	0.09816	0.07986	0.76167	0.06031
V87	0.07826	0.8406	0.0241	0.05705
V88	0.22379	0.10615	0.24369	0.42638
V89	0.10343	0.06666	0.17575	0.65416
V90	0.07707	0.88392	0.02488	0.01413
V91	0.07916	0.7451	0.15138	0.02435
V92	0.46288	0.05143	0.35423	0.13146
V93	0.84256	0.04014	0	0.1173
V94	0.07206	0.51444	0	0.41349
V95	0.27175	0.48076	0.12372	0.12377
V96	0.16166	0.16346	0	0.67488
V97	0.65929	0.1453	0.18106	0.01435
V98	0.65307	0.32344	0	0.02349
V99	0.76683	0.08554	0.1244	0.02324
V100	0.12909	0.05202	0.77286	0.04604
V101	0.12045	0.10268	0	0.77687
V102	0.86282	0.08421	0	0.05297
V103	0.08924	0.11002	0.06296	0.73778
V104	0.08372	0.90763	0	0.00865
V105	0.10495	0.89252	0	0.00254
V106	0.15274	0.54032	0.27698	0.02996
V107	0.21499	0.23619	0.50224	0.04659
V108	0.17829	0.76352	0.05819	0
V109	0.06223	0.20288	0.54039	0.19451
V110	0.1018	0.87005	0.00604	0.0221
V111	0.88003	0.02518	0.05161	0.04319
V112	0.18079	0.10502	0.39801	0.31618
V113	0.24507	0.16383	0.1495	0.4416
V114	0.31038	0.09823	0.05717	0.53422
V115	0.05484	0.75322	0.18632	0.00562
V116	0.17185	0.36082	0.32414	0.14319
V117	0.64364	0.30186	0.00482	0.04968
V118	0.19327	0.63037	0	0.17636
V119	0.19881	0.14031	0.02296	0.63792
V120	0.12851	0.09972	0.74229	0.02949
V121	0.58299	0.17757	0.06738	0.17206
V122	0.88006	0.0518	0.00065	0.0675
V123	0.05736	0.58817	0.00756	0.34691
V124	0.62449	0.31742	0	0.0581
V125	0.38549	0.45665	0.14396	0.0139
V126	0.11646	0.22005	0.02044	0.64305
V127	0.22562	0.09484	0.2342	0.44533
V128	0.12705	0.06662	0.08217	0.72416
V129	0.55429	0.27899	0.13399	0.03274
V130	0.05406	0.65947	0.27944	0.00702
V131	0.06989	0.87335	0	0.05677
V132	0.87112	0.04496	0.01327	0.07066
V133	0.86111	0.05843	0.0281	0.05237
V134	0.15165	0.46033	0.09334	0.29467
V135	0.1626	0.06783	0.15762	0.61195
V136	0.26926	0.45165	0	0.27909
V137	0.62906	0.07105	0.22121	0.07868
V138	0.23284	0.45657	0.14421	0.16638
V139	0.36516	0.26181	0.16407	0.20896
V140	0.11173	0.15809	0.02751	0.70268
V141	0.11026	0.20206	0.49163	0.19604
V142	0.78358	0.02675	0.18967	0
V143	0.4354	0.3223	0.03512	0.20718
V144	0.22052	0.21936	0.1384	0.42172
V145	0.0417	0.76369	0.18667	0.00795
V146	0.16595	0.0641	0.02888	0.74107
V147	0.85418	0.06648	0	0.07934
V148	0.17314	0.11294	0.53201	0.18191
V149	0.27347	0.54523	0.1813	0
V150	0.12805	0.27899	0.52142	0.07153
V151	0.22973	0.66794	0.00019	0.10214
V152	0.24893	0.48741	0.18261	0.08105
V153	0.14358	0.76791	0	0.0885
V154	0.25784	0.49186	0.23036	0.01994
V155	0.4645	0.19034	0.25037	0.09479
V156	0.0795	0.17898	0.6262	0.11532
V157	0.3234	0.20848	0.275	0.19311
V158	0.12989	0.00895	0.06212	0.79904
V159	0.82962	0.09277	0	0.07761
V160	0.69235	0.03776	0.0414	0.2285
V161	0.29478	0.05231	0.00889	0.64401
V162	0.1248	0.379	0.04861	0.44758
V163	0.13399	0.54428	0.13491	0.18682
V164	0.35203	0.36942	0.07402	0.20452
V165	0.07829	0.32288	0	0.59882
V166	0.08404	0.17182	0.04247	0.70167
V167	0.41832	0.0128	0	0.56888
V168	0.29424	0.60855	0.04932	0.04789
V169	0.2672	0.11602	0.01105	0.60573
V170	0.16197	0.05956	0.49077	0.2877
V171	0.16778	0.27703	0.51791	0.03728
V172	0.69525	0.01455	0.25489	0.03531
V173	0.10688	0.22044	0.01324	0.65944
V174	0.08699	0.24371	0.04576	0.62354
V175	0.1192	0.03281	0.73002	0.11797
V176	0.05643	0.80705	0.1318	0.00472
V177	0.06395	0.91318	0	0.02287
V178	0.05353	0.78764	0	0.15883
V179	0.21801	0.04843	0.35859	0.37497
V180	0.07728	0.88191	0.04082	0
V181	0.19828	0.17679	0.4858	0.13913
V182	0.31191	0.22516	0.40771	0.05522
V183	0.20275	0.79443	0	0.00282
V184	0.9444	0.03702	0.01858	0
V185	0.54174	0.4458	0	0.01246
V186	0.15167	0.52161	0.22184	0.10487
V187	0.88712	0.0509	0.01479	0.04719
V188	0.12799	0.28814	0	0.58387
V189	0.78786	0.05785	0	0.15429
V190	0.63264	0.0469	0.2881	0.03235
V191	0.21564	0.24673	0.50211	0.03551
V192	0.31372	0.5232	0.01506	0.14802
V193	0.58969	0.06898	0.21425	0.12708
V194	0.08352	0.89241	0	0.02408
V195	0.08116	0.06596	0.81129	0.04159
V196	0.0982	0.14075	0	0.76105
V197	0.45474	0.0999	0	0.44536
V198	0.10847	0.53134	0.31461	0.04558
V199	0.23842	0.07303	0.15627	0.53228
V200	0.16534	0.61232	0	0.22234
V201	0.13197	0.59423	0.15422	0.11958
V202	0.07458	0.05887	0.71357	0.15299
V203	0.19252	0.46076	0.33533	0.01139
V204	0.06106	0.58799	0	0.35095
V205	0.07723	0.09301	0.78768	0.04207
V206	0.10286	0.1314	0.75459	0.01115
V207	0.19839	0.26681	0.02109	0.5137
V208	0.2724	0.09975	0.60524	0.02262
V209	0.31214	0.52149	0.03462	0.13176
V210	0.12501	0.77389	0.05989	0.04121
V211	0.47096	0.06076	0	0.46827
V212	0.49653	0.07491	0.39166	0.0369
V213	0.63022	0.07077	0.08924	0.20977
V214	0.35405	0.22061	0.13636	0.28899
V215	0.34392	0.15407	0	0.502
V216	0.15686	0.02325	0.04505	0.77484
V217	0.08786	0.54204	0.19327	0.17682
V218	0.13579	0.50665	0.1349	0.22266
V219	0.14465	0.67111	0	0.18423
V220	0.05373	0.83563	0	0.11064
V221	0.78736	0.03265	0	0.17999
V222	0.33081	0.18498	0.32527	0.15893
V223	0.05539	0.17681	0.68764	0.08016
V224	0.93564	0.02695	0.02874	0.00867
V225	0.10538	0.86898	0.02564	0
V226	0.32122	0.12041	0.54017	0.0182
V227	0.75906	0.02151	0.17578	0.04365
V228	0.73789	0.11374	0.03895	0.10942
V229	0.08176	0.05955	0.80532	0.05338
V230	0.10848	0.09843	0.01944	0.77365
V231	0.07407	0.36207	0.07894	0.48492
V232	0.09156	0.68119	0	0.22725
V233	0.55125	0.13511	0.17412	0.13952
V234	0.08632	0.89618	0	0.0175
V235	0.38078	0.09692	0.48191	0.04039
V236	0.09534	0.10828	0.71324	0.08314
V237	0.2482	0.05357	0.01775	0.68049
V238	0.16186	0.58065	0.22006	0.03743
V239	0.1214	0.47037	0	0.40823
V240	0.48203	0.07441	0.38635	0.05721
V241	0.07825	0.02931	0.81225	0.08019
V242	0.16515	0.77102	0.0609	0.00293
V243	0.2656	0.07747	0.5771	0.07983
V244	0.24058	0.02101	0.64902	0.0894
V245	0.57121	0.34713	0.02132	0.06034
V246	0.1038	0.18499	0.67998	0.03123
V247	0.20536	0.05613	0.73851	0
V248	0.11779	0.10077	0.03274	0.7487
V249	0.03132	0.08351	0.80059	0.08458
V250	0.73982	0.01751	0.20585	0.03683
V251	0.87881	0.07972	0	0.04147
V252	0.05822	0.82991	0.11187	0
V253	0.39425	0.12043	0.13966	0.34566
V254	0.06477	0.91108	0.01633	0.00783
V255	0.08831	0.8787	0	0.03299
V256	0.20395	0.25826	0.45678	0.08101
V257	0.43071	0.15067	0.20498	0.21364
V258	0.20385	0.31392	0.37095	0.11128
V259	0.08332	0.3273	0.55102	0.03835
V260	0.03751	0.31489	0.63108	0.01652
V261	0.60316	0.06805	0.17721	0.15159
V262	0.18935	0.12047	0	0.69018
V263	0.06949	0.90525	0	0.02525
V264	0.20971	0.07921	0.40091	0.31017
V265	0.127	0.02512	0.12558	0.7223
V266	0.6197	0.3803	0	0
V267	0.04122	0.25107	0.25576	0.45194
V268	0.42116	0.06349	0.1238	0.39155
V269	0.04898	0.57946	0.33319	0.03837
V270	0.62232	0.05953	0.22259	0.09557
V271	0.7653	0.11349	0.00364	0.11757
V272	0.09605	0.82505	0	0.0789
V273	0.15955	0.08337	0.028	0.72908
V274	0.68645	0.01749	0.17048	0.12558
V275	0.0429	0.06942	0.83664	0.05105
V276	0.48689	0.3794	0	0.13371
V277	0.09613	0.28437	0.12957	0.48992
V278	0.10636	0.11491	0.26637	0.51236
V279	0.66507	0.10367	0.08707	0.14419
V280	0.12989	0.00895	0.06212	0.79904
V281	0.54858	0.07186	0.11925	0.26031
V282	0.10612	0.10806	0.7161	0.06972
V283	0.2302	0.62249	0.02808	0.11923
V284	0.08117	0.89233	0.02616	0.00034
V285	0.12786	0.03543	0.83672	0
V286	0.25806	0.58553	0.07638	0.08004
V287	0.13417	0.84799	0	0.01783
V288	0.06224	0.33554	0.37737	0.22485
V289	0.29189	0.26804	0.36911	0.07096
V290	0.7995	0.2005	0	0
V291	0.47781	0.10547	0.3939	0.02282
V292	0.8746	0.03515	0	0.09025
V293	0.31293	0.04629	0.59161	0.04918
V294	0.14022	0.42091	0	0.43888
V295	0.07853	0.25124	0.16105	0.50918
V296	0.20719	0.16408	0.54409	0.08464
V297	0.1783	0.02559	0.07031	0.72581
V298	0.31182	0.14123	0.53108	0.01587
V299	0.13196	0.34111	0	0.52694
V300	0.05739	0.09096	0.20955	0.6421
V301	0.16103	0.15532	0.576	0.10766
V302	0.61533	0.36356	0	0.02111
V303	0.03855	0.61355	0.32182	0.02609
V304	0.10996	0.0646	0.67857	0.14687
V305	0.16043	0.21369	0.41149	0.21439
V306	0.76284	0.14201	0.02227	0.07288
V307	0.07133	0.90691	0	0.02176
V308	0.25	0.2884	0.25518	0.20642
V309	0.34722	0.37471	0	0.27807
V310	0.12592	0.38991	0.11528	0.36889
V311	0.49115	0.4979	0	0.01095
V312	0.1365	0.74438	0.10685	0.01227
V313	0.05171	0.18531	0	0.76298
V314	0.06483	0.54779	0.0727	0.31467
V315	0.15585	0.67023	0	0.17393
V316	0.31964	0.18493	0.34542	0.15001
V317	0.12587	0.73316	0.01141	0.12955
V318	0.0877	0.60166	0	0.31064
V319	0.10649	0.09927	0.74291	0.05133
V320	0.12073	0.18729	0.57749	0.11449
V321	0.60981	0.39019	0	0
V322	0.22858	0.39433	0.03446	0.34263
V323	0.14799	0.078	0.06603	0.70798
V324	0.62451	0.30368	0.04187	0.02994
V325	0.30956	0.66725	0.02319	0
V326	0.0373	0.62688	0.05717	0.27865
V327	0.08743	0.22272	0.07379	0.61606
V328	0.1004	0.06613	0.67937	0.1541
V329	0.22574	0.1759	0.13992	0.45843
V330	0.4055	0.04296	0.30883	0.24271
V331	0.38349	0.14963	0.01058	0.45629
V332	0.08014	0.11354	0.15537	0.65095
V333	0.41944	0.11569	0.35342	0.11145
V334	0.37519	0.0442	0.32971	0.25091
V335	0.07092	0.37704	0.44614	0.1059
V336	0.19847	0.71813	0	0.0834
V337	0.28917	0.44077	0.24967	0.02039
V338	0.03447	0.94045	0	0.02507
V339	0.16739	0.02206	0.78304	0.02751
V340	0.09741	0.27619	0.46629	0.16011
V341	0.11343	0.0993	0.04347	0.7438
V342	0.27064	0.02662	0.5738	0.12894
V343	0.8833	0.06275	0	0.05396
V344	0.65132	0.19503	0.15365	0
V345	0.0951	0.07117	0.83373	0
V346	0.26233	0.17021	0.24996	0.3175
V347	0.1348	0.06134	0.10219	0.70167
V348	0.09345	0.68262	0.1079	0.11603
V349	0.34529	0.21433	0.34086	0.09952
V350	0.07443	0.79588	0.12968	0
V351	0.08415	0.08251	0.36758	0.46576
V352	0.09929	0.05137	0.7636	0.08573
V353	0.82913	0.0638	0.00973	0.09734
V354	0.08836	0.699	0.18116	0.03147
V355	0.29113	0.11929	0.42011	0.16947
V356	0.1254	0.08135	0.07243	0.72082
V357	0.14391	0.39229	0.23562	0.22818
V358	0.53927	0.15897	0.01933	0.28243
V359	0.57425	0.10828	0	0.31746
V360	0.51811	0.46393	0	0.01796
V361	0.03375	0.47284	0.47993	0.01347
V362	0.0171	0.95725	0	0.02565
V363	0.20085	0.16757	0.4227	0.20888
V364	0.19115	0.10277	0.6123	0.09377
V365	0.32669	0.07038	0	0.60294
V366	0.11549	0.71101	0.05073	0.12277
V367	0.5578	0.17824	0	0.26396
V368	0.12519	0.74735	0.0505	0.07697
V369	0.06723	0.42054	0.50451	0.00772
V370	0.30143	0.3185	0.35719	0.02287
V371	0.20836	0.7368	0	0.05484
V372	0.23041	0.11407	0.09456	0.56096
V373	0.12528	0.19295	0.42467	0.2571
V374	0.75953	0.04957	0.19091	0
V375	0.12504	0.10134	0.11489	0.65874
V376	0.12241	0.09473	0.07045	0.71241
V377	0.7872	0.00201	0	0.21079
V378	0.06967	0.08307	0.37958	0.46768
V379	0.35856	0.24871	0	0.39273
V380	0.20849	0.13398	0.17062	0.48691
V381	0.71091	0.04701	0.07171	0.17037
V382	0.13202	0.06855	0.7767	0.02273
V383	0.80028	0.03757	0.02654	0.13561
V384	0.54274	0.126	0.10723	0.22402
V385	0.80868	0.04873	0.05335	0.08924
V386	0.34569	0.05562	0.12718	0.47152
V387	0.55165	0.19743	0.16187	0.08906
V388	0.36524	0.3851	0.11354	0.13611
V389	0.39779	0.54724	0	0.05497
V390	0.29969	0.29627	0.40305	0.001
V391	0.43763	0.15512	0	0.40725
V392	0.41198	0.27959	0.13391	0.17452
V393	0.28541	0.28189	0.30321	0.12949
V394	0.14808	0.30153	0.08002	0.47037
V395	0.23442	0.44471	0.16346	0.15742
V396	0.06095	0.91154	0	0.0275
V397	0.72888	0.1329	0.07727	0.06095
V398	0.4478	0.1946	0.06764	0.28996
V399	0.20945	0.58717	0.11575	0.08763
V400	0.04049	0.64636	0.02828	0.28488
V401	0.0784	0.19636	0.64657	0.07867
V402	0.77113	0.22002	0.00885	0
V403	0.11648	0.08562	0.05267	0.74522
V404	0.12751	0.2386	0.5443	0.08959
V405	0.27575	0.08171	0.14544	0.49711
V406	0.6009	0.29708	0	0.10202
V407	0.03447	0.94045	0	0.02507
V408	0.12831	0.30218	0.34909	0.22041
V409	0.07184	0.0905	0.02959	0.80807
V410	0.12722	0.85307	0	0.01971
V411	0.47204	0.03393	0	0.49403
V412	0.19387	0.12325	0.456	0.22687
V413	0.09729	0.53823	0.14437	0.22011
V414	0.07797	0.5407	0.27946	0.10187
V415	0.44971	0.07331	0.20872	0.26826
V416	0.07898	0.1134	0.80762	0
V417	0.36676	0.62635	0	0.00689
V418	0.1416	0.17359	0.11272	0.57209
V419	0.12383	0.0116	0.06587	0.7987
V420	0.02491	0.89995	0	0.07514
V421	0.19194	0.07897	0.61794	0.11115
V422	0.14378	0.12544	0	0.73078
V423	0.12909	0.05202	0.77286	0.04604
V424	0.03994	0.09983	0.58335	0.27689
V425	0.0969	0.28162	0.52515	0.09633
V426	0.13517	0.08575	0.70263	0.07645
V427	0.10985	0.45969	0.15443	0.27602
V428	0.12538	0.78301	0.02182	0.06979
V429	0.11923	0.03081	0.05936	0.7906
V430	0.70119	0.21189	0	0.08692
V431	0.21854	0.06742	0.42115	0.29289
V432	0.18628	0.16209	0.02195	0.62968
V433	0.09757	0.74263	0	0.1598
V434	0.37405	0.13881	0.02187	0.46527
V435	0.5176	0.0503	0.1019	0.3302
V436	0.41485	0.05306	0.09696	0.43513
V437	0.26973	0.28144	0	0.44883
V438	0.58532	0.21903	0	0.19565
V439	0.11986	0.16051	0	0.71963
V440	0.50393	0.09117	0	0.4049
V441	0.11281	0.17864	0.53801	0.17053
V442	0.31804	0.40131	0.1034	0.17725
V443	0.72091	0.0368	0.07099	0.17131
V444	0.0951	0.07117	0.83373	0
V445	0.58485	0.05352	0.31374	0.04789
V446	0.0782	0.83456	0.02365	0.06359
V447	0.59306	0.14431	0.15367	0.10896
V448	0.08806	0.1335	0.16472	0.61372
V449	0.53786	0.08197	0.27208	0.10808
V450	0.16773	0.83227	0	0
V451	0.85856	0.07818	0	0.06326
V452	0.13205	0.06533	0.05838	0.74425
V453	0.75585	0.12287	0.0399	0.08138
V454	0.03474	0.92469	0.01684	0.02373
V455	0.57279	0.07179	0.2797	0.07572
V456	0.33042	0.17371	0.34551	0.15035
V457	0.07021	0.10983	0.01272	0.80724
V458	0.29774	0.27901	0	0.42325
V459	0.05747	0.80542	0.06081	0.0763
V460	0.87622	0.04735	0.01391	0.06252
V461	0.16329	0.09986	0	0.73685
V462	0.35948	0.28925	0	0.35127
V463	0.2585	0.51969	0.12413	0.09769
V464	0.50908	0.14018	0	0.35075
V465	0.39051	0.47752	0	0.13197
V466	0.559	0.22898	0	0.21202
V467	0.31214	0.60496	0.04968	0.03322
V468	0.47329	0.45222	0.02016	0.05433
V469	0.07324	0.2473	0.25252	0.42695
V470	0.52092	0.17871	0.15418	0.14619
V471	0.31621	0.17585	0.00069	0.50724
V472	0.33215	0.37359	0	0.29426
V473	0.13689	0.56656	0.28537	0.01118
V474	0.20819	0.02003	0.09813	0.67365
V475	0.21026	0.46768	0.04398	0.27808
V476	0.24273	0.06783	0.04142	0.64802
V477	0.57491	0.07992	0.18598	0.1592
V478	0.16304	0.61876	0	0.21821
V479	0.06331	0.12985	0.71765	0.08919
V480	0.13743	0.38961	0.00886	0.46411
V481	0.18373	0.05146	0.73282	0.03199
V482	0.64867	0.21345	0.08774	0.05014
V483	0.19792	0.18167	0.0452	0.57521
V484	0.10967	0.13938	0.01126	0.73969
V485	0.15262	0.74491	0	0.10247
V486	0.2868	0.33339	0.0956	0.28422
V487	0.16193	0.11189	0.0598	0.66638
V488	0.04979	0.03534	0.80958	0.10528
V489	0.23667	0.14385	0.60342	0.01606
V490	0.34557	0.38326	0.03297	0.2382
V491	0.42344	0.51523	0.00166	0.05967
V492	0.07733	0.82556	0.0971	0
V493	0.16233	0	0	0.83767
V494	0.21591	0.20737	0.46283	0.11389
V495	0.23712	0.64441	0.10654	0.01193
V496	0.27684	0.68834	0	0.03482
V497	0.08547	0.02195	0.84687	0.0457
V498	0.35121	0.17166	0.02075	0.45639
V499	0.57851	0.31699	0.09655	0.00794
V500	0.14237	0.16416	0.64559	0.04788
V501	0.0599	0.04595	0.05933	0.83482
V502	0.51511	0.33179	0.12449	0.0286
V503	0.2431	0.16317	0.16986	0.42387
V504	0.24252	0.70569	0	0.0518
V505	0.22457	0.28169	0.21697	0.27677
V506	0.12454	0.30972	0.39702	0.16872
V507	0.58244	0.15617	0.09698	0.16441
V508	0.70199	0.22016	0.01299	0.06486
V509	0.25138	0.10991	0.46182	0.17689
V510	0.2369	0.54457	0.21853	0
V511	0.10142	0.49586	0.00739	0.39533
V512	0.29953	0.11049	0.05634	0.53365
V513	0.11399	0.65882	0.17284	0.05435
V514	0.10287	0.12855	0	0.76859
V515	0.7276	0.11412	0.01992	0.13836
V516	0.85274	0.11376	0	0.0335
V517	0.11536	0.08564	0.22453	0.57448
V518	0.88564	0.06938	0	0.04498
V519	0.06976	0.85441	0	0.07583
V520	0.08881	0.02685	0.59077	0.29356
V521	0.53637	0.08427	0.33438	0.04498
V522	0.05435	0.18128	0.52635	0.23803
V523	0.35915	0.18656	0.22558	0.2287
V524	0.05168	0.77228	0.15111	0.02493
V525	0.29302	0.2753	0	0.43169
V526	0.61676	0.13562	0.04881	0.19881
V527	0.24258	0.06773	0.36888	0.32082
V528	0.13056	0.83234	0	0.0371
V529	0.13053	0.12817	0.19319	0.54811
V530	0.05305	0.24921	0.60082	0.09692
V531	0.06977	0.85468	0.07555	0
V532	0.20973	0.39864	0	0.39163
V533	0.28861	0.41485	0.10293	0.1936
V534	0.06488	0.06128	0.65384	0.22
V535	0.57619	0.01186	0	0.41195
V536	0.2408	0.00891	0.36711	0.38318
V537	0.55225	0.30898	0.12427	0.01449
V538	0.46749	0.11009	0.06103	0.36139
V539	0.27175	0.48076	0.12372	0.12377
V540	0.21824	0.70876	0.04201	0.03098
V541	0.06629	0.57735	0.02633	0.33004
V542	0.23335	0.1941	0.21976	0.35279
V543	0.83596	0.0375	0	0.12654
V544	0.16894	0.16009	0.14149	0.52948
V545	0.38294	0.20972	0.0392	0.36814
V546	0.09579	0.86937	0.03485	0
V547	0.08235	0.64537	0.26322	0.00906
V548	0.18171	0.76736	0.05093	0
V549	0.32819	0.06936	0.57411	0.02834
V550	0.58758	0.05388	0	0.35854
V551	0.19938	0.74942	0.00281	0.04838
V552	0.03738	0.58733	0	0.3753
V553	0.24518	0.19471	0.53918	0.02093
V554	0.14428	0.15598	0.00188	0.69786
V555	0.13172	0.29557	0.2896	0.28311
V556	0.03593	0.0753	0.82463	0.06414
V557	0.77873	0.06186	0	0.15941
V558	0.10725	0.79637	0	0.09638
V559	0.05738	0.79582	0.14679	0
V560	0.641	0.34181	0	0.01719
V561	0.0429	0.06942	0.83664	0.05105
V562	0.74511	0.036	0.10011	0.11878
V563	0.26342	0.02942	0.68063	0.02653
V564	0.10952	0.11966	0.74409	0.02673
V565	0.15378	0.3226	0.32813	0.19548
V566	0.66574	0.13454	0	0.19972
V567	0.2376	0.50677	0	0.25563
V568	0.30999	0.04768	0.03787	0.60445
V569	0.66511	0.05202	0	0.28287
V570	0.07142	0.33042	0.53719	0.06096
V571	0.76154	0.15564	0	0.08281
V572	0.44012	0.04313	0.41264	0.10411
V573	0.13588	0.23298	0	0.63114
V574	0.08227	0.77631	0.13287	0.00854
V575	0.09207	0.15923	0.09435	0.65435
V576	0.18161	0.80446	0.00461	0.00932
V577	0.11493	0.10768	0.18455	0.59285
V578	0.10664	0.11707	0.61468	0.1616
V579	0.05555	0.86272	0.06052	0.0212
V580	0.23059	0.05097	0.09362	0.62482
V581	0.15898	0.13324	0	0.70777
V582	0.56131	0.20992	0	0.22877
V583	0.05886	0.09919	0.5501	0.29185
V584	0.48973	0.21023	0.25911	0.04093
V585	0.07789	0.06334	0.41531	0.44346
V586	0.25778	0.04551	0.60004	0.09667
V587	0.28309	0.04645	0.62761	0.04286
V588	0.61777	0.09194	0	0.2903
V589	0.0977	0.81338	0.03243	0.05649
V590	0.09165	0.758	0.15035	0
V591	0.05781	0.10226	0.17975	0.66018
V592	0.1955	0.0757	0.7288	0
V593	0.57764	0.02173	0.17161	0.22903
V594	0.33068	0.33971	0.28875	0.04086
V595	0.13152	0.09509	0.01674	0.75665
V596	0.08739	0.35744	0.18641	0.36876
V597	0.03744	0.60523	0.28874	0.06859
V598	0.07335	0.15725	0.74006	0.02933
V599	0.58459	0.37336	0.00495	0.0371
V600	0.34986	0.52634	0.017	0.1068
V601	0.20396	0.35162	0.04748	0.39695
V602	0.13656	0.10133	0.0011	0.76101
V603	0.06586	0.43896	0	0.49518
V604	0.48896	0.16797	0.30751	0.03557
V605	0.10649	0.3843	0.34372	0.16549
V606	0.67885	0.1983	0	0.12286
V607	0.63382	0.04819	0.09069	0.2273
V608	0.2393	0.22252	0.33838	0.19981
V609	0.08064	0.31392	0.19895	0.40649
V610	0.73037	0.05931	0.06979	0.14053
V611	0.34744	0.04699	0.03384	0.57173
V612	0.07031	0.13892	0.71417	0.0766
V613	0.08402	0.36779	0.51285	0.03534
V614	0.72027	0.11387	0.0204	0.14546
V615	0.21466	0.11169	0	0.67364
V616	0.11738	0.73404	0.0114	0.13719
V617	0.45581	0.20952	0.33466	0
V618	0.70814	0.02751	0	0.26435
V619	0.39493	0.07375	0.28945	0.24186
V620	0.05406	0.65947	0.27944	0.00702
V621	0.41921	0.21611	0.14507	0.21961
V622	0.35102	0.27585	0.34695	0.02618
V623	0.0912	0.14695	0.11461	0.64724
V624	0.73896	0.22427	0	0.03676
V625	0.27014	0.54238	0.06528	0.1222
V626	0.87605	0.0606	0	0.06334
V627	0.057	0.09259	0.057	0.79341
V628	0.05689	0.29885	0	0.64426
V629	0.15768	0.35946	0.23613	0.24672
V630	0.08161	0.36884	0.50461	0.04494
V631	0.08247	0.27463	0.07328	0.56962
V632	0.58294	0.02262	0.12292	0.27152
V633	0.03667	0.08168	0.76244	0.11921
V634	0.38678	0.31494	0.29678	0.0015
V635	0.07202	0.76784	0	0.16014
V636	0.16149	0.15541	0.56809	0.11502
V637	0.32692	0.26652	0.05794	0.34862
V638	0.37979	0.32737	0.03504	0.2578
V639	0.27315	0.46303	0.26382	0
V640	0.0801	0.19568	0.66687	0.05736
V641	0.82637	0.08307	0.00137	0.08919
V642	0.71076	0.20554	0	0.0837
V643	0.05567	0.2513	0.40408	0.28895
V644	0.84535	0.10896	0	0.04569
V645	0.26926	0.44941	0.26831	0.01303
V646	0.06746	0.91506	0	0.01748
V647	0.17971	0.13419	0.62224	0.06386
V648	0.39425	0.47594	0.10565	0.02416
V649	0.07345	0.10996	0.74469	0.0719
V650	0.10406	0.13728	0.68414	0.07452
V651	0.31869	0.02817	0.62577	0.02737
V652	0.1408	0.14845	0.39767	0.31308
V653	0.15386	0.68464	0.06843	0.09307
V654	0.64764	0.25289	0.03142	0.06805
V655	0.08683	0.6175	0	0.29568
V656	0.2458	0.3307	0	0.42349
V657	0.11409	0.13795	0	0.74796
V658	0.56534	0.2708	0.02808	0.13579
V659	0.33549	0.14187	0.32742	0.19522
V660	0.07703	0.89892	0	0.02404
V661	0.11021	0.49491	0.01692	0.37796
V662	0.41013	0.05277	0.43341	0.10369
V663	0.2576	0.12106	0.51182	0.10953
V664	0.22659	0.11203	0.60623	0.05515
V665	0.64397	0.24493	0.01029	0.10081
V666	0.58799	0.02001	0.08642	0.30559
V667	0.73862	0.11705	0.14433	0
V668	0.15123	0.79912	0.04966	0
V669	0.24107	0.45725	0.21117	0.09051
V670	0.11626	0.86475	0	0.01899
V671	0.35164	0.34115	0.22015	0.08706
V672	0.07752	0.07186	0.79322	0.0574
V673	0.24377	0.42202	0.19242	0.14179
V674	0.67444	0.19386	0	0.1317
V675	0.16383	0.38551	0.27482	0.17584
V676	0.10077	0.19039	0.07465	0.63419
V677	0.37094	0.45435	0.06467	0.11004
V678	0.48437	0.50512	0	0.01051
V679	0.09532	0.3456	0.5464	0.01268
V680	0.30559	0.57624	0.10551	0.01266
V681	0.83199	0.10309	0	0.06492
V682	0.14729	0.33913	0.47799	0.03559
V683	0.07109	0.92891	0	0
V684	0.64889	0.21239	0.06898	0.06974
V685	0.46506	0.39432	0.09438	0.04624
V686	0.14675	0.25845	0.11999	0.47481
V687	0.13739	0.07888	0.02379	0.75994
V688	0.361	0.53266	0	0.10634
V689	0.32548	0.00995	0.04186	0.62271
V690	0.45483	0.08517	0.38814	0.07186
V691	0.19312	0.02987	0.7514	0.02561
V692	0.12148	0.18506	0.6232	0.07026
V693	0.25544	0.16798	0.33102	0.24556
V694	0.07606	0.08748	0.26744	0.56902
V695	0.29964	0.04613	0.13824	0.51599
V696	0.16455	0.14972	0	0.68573
V697	0.10318	0.12749	0	0.76934
V698	0.7916	0.03384	0	0.17457
V699	0.52815	0.34241	0.03745	0.09199
V700	0.29906	0.06929	0	0.63165
V701	0.14663	0.57556	0.07516	0.20265
V702	0.53989	0.12342	0	0.33669
V703	0.17761	0.10394	0.44778	0.27067
V704	0.77747	0.09056	0	0.13197
V705	0.89353	0.01468	0.0106	0.08118
V706	0.12568	0.09568	0.68996	0.08868
V707	0.08346	0.45724	0.42587	0.03343
V708	0.07931	0.85956	0	0.06113
V709	0.16333	0.31068	0.4548	0.07119
V710	0.56653	0.27121	0.01805	0.14421
V711	0.12622	0.78792	0.06034	0.02553
V712	0.77146	0.08609	0	0.14245
V713	0.42388	0.36295	0	0.21317
V714	0.05131	0.7066	0	0.24209
V715	0.30116	0.38313	0.26014	0.05557
V716	0.12954	0.10856	0.02943	0.73247
V717	0.11714	0.87232	0	0.01054
V718	0.1717	0.58936	0.14416	0.09479
V719	0.10074	0.73684	0.00142	0.161
V720	0.67117	0.02032	0.21655	0.09196
V721	0.1587	0.22381	0.42056	0.19693
V722	0.14365	0.40204	0	0.45431
V723	0.19223	0.14168	0	0.66609
V724	0.5723	0.07398	0.06014	0.29357
V725	0.04242	0.13998	0.76403	0.05357
V726	0.08704	0.45564	0.08443	0.37289
V727	0.27287	0.66741	0.05972	0
V728	0.07848	0.86009	0.06143	0
V729	0.43032	0.05228	0.14278	0.37463
V730	0.83836	0.07448	0.01817	0.06899
V731	0.07587	0.26361	0.35249	0.30802
V732	0.35712	0.12903	0.31772	0.19613
V733	0.60598	0.24825	0	0.14576
V734	0.25019	0.34825	0.40156	0
V735	0.07919	0.08048	0.44921	0.39112
V736	0.23514	0.05241	0	0.71245
V737	0.32479	0.34484	0.20189	0.12849
V738	0.11532	0.37842	0.38968	0.11658
V739	0.0331	0.06386	0.57689	0.32615
V740	0.78954	0.13445	0.04234	0.03367
V741	0.47675	0.16055	0.09788	0.26482
V742	0.38639	0.61361	0	0
V743	0.17215	0.1844	0.61934	0.0241
V744	0.50012	0.08263	0.30229	0.11496
V745	0.05913	0.70371	0.14555	0.09162
V746	0.92657	0	0	0.07343
V747	0.11353	0.01791	0.67802	0.19054
V748	0.16119	0.15658	0.52688	0.15536
V749	0.31468	0.24823	0.01819	0.41891
V750	0.39548	0.50018	0	0.10434
V751	0.08869	0.85588	0.00516	0.05027
V752	0.44112	0.28792	0.10476	0.16619
V753	0.13521	0.09215	0	0.77264
V754	0.05817	0.89258	0	0.04925
V755	0.18123	0.26009	0.29972	0.25895
V756	0.12603	0.07024	0.04353	0.7602
V757	0.33194	0.61208	0.03073	0.02525
V758	0.08346	0.76462	0.08833	0.06359
V759	0.17267	0.11658	0.36761	0.34315
V760	0.31745	0.10921	0.25266	0.32068
V761	0.1044	0.5945	0.23034	0.07076
V762	0.04119	0.45588	0	0.50293
V763	0.37951	0.41182	0	0.20867
V764	0.05678	0.89196	0	0.05127
V765	0.64092	0.1195	0	0.23958
V766	0.06171	0.37386	0.3838	0.18063
V767	0.46101	0.18113	0.21313	0.14473
V768	0.10158	0.87638	0	0.02205
V769	0.17249	0.81768	0	0.00983
V770	0.06746	0.91506	0	0.01748
V771	0.20112	0.05153	0.71558	0.03177
V772	0.17645	0.08867	0.72178	0.0131
V773	0.18521	0.80527	0	0.00952
V774	0.08194	0.02716	0.83093	0.05997
V775	0.17452	0.09907	0.25544	0.47097
V776	0.41026	0.47155	0.01757	0.10062
V777	0.22724	0.18685	0.11107	0.47485
V778	0.50405	0.33524	0.03743	0.12328
V779	0.2057	0.0908	0.45772	0.24578
V780	0.14266	0.76343	0.09391	0
V781	0.14877	0.09953	0.01753	0.73417
V782	0.05638	0.16696	0.702	0.07465
V783	0.75318	0.06255	0.02082	0.16345
V784	0.14352	0.8549	0	0.00158
V785	0.08355	0.89196	0	0.02449
V786	0.66591	0.21164	0.06009	0.06236
V787	0.02848	0.8362	0.12635	0.00896
V788	0.47627	0.35331	0.12386	0.04656
V789	0.12476	0.4359	0	0.43934
V790	0.47205	0.07857	0.05241	0.39697
V791	0.16012	0.42345	0.2832	0.13323
V792	0.1651	0.57291	0	0.26198
V793	0.15574	0.68722	8e-05	0.15696
V794	0.09336	0.12829	0.69611	0.08225
V795	0.19366	0.10972	0.0357	0.66092
V796	0.07941	0.12873	0.74911	0.04276
V797	0.72438	0.01941	0.21443	0.04178
V798	0.57802	0.34588	0.05056	0.02554
V799	0.16253	0.77565	0	0.06182
V800	0.12513	0.07492	0.47897	0.32098
V801	0.1797	0.18438	0.29333	0.34259
V802	0.10088	0.14934	0.24506	0.50472
V803	0.23367	0.54085	0.22548	0
V804	0.50631	0.05154	0.3603	0.08186
V805	0.10229	0.01753	0.88018	0
V806	0.08972	0.87549	0	0.03479
V807	0.30058	0.22777	0	0.47165
V808	0.61523	0.32423	0.01321	0.04733
V809	0.10416	0.0868	0.80904	0
V810	0.06913	0.91281	0	0.01806
V811	0.42747	0.12821	0.17792	0.26641
V812	0.51662	0.32574	0.01637	0.14127
V813	0.55588	0.24881	0.16193	0.03337
V814	0.41721	0.56697	0.01451	0.00131
V815	0.03939	0.9073	0.04375	0.00955
V816	0.9192	0.02705	0.05134	0.00241
V817	0.08325	0.11999	0.76375	0.03301
V818	0.05991	0.12764	0.02622	0.78623
V819	0.77115	0.1326	0.02203	0.07422
V820	0.206	0.16756	0	0.62644
V821	0.23093	0.36367	0.33882	0.06657
V822	0.11937	0.06702	0.76746	0.04615
V823	0.07015	0.23873	0.60074	0.09038
V824	0.12734	0.40213	0.47053	0
V825	0.23766	0.35301	0.21395	0.19539
V826	0.41303	0.45443	0.12485	0.00769
V827	0.36389	0.611	0	0.02511
V828	0.26191	0.23835	0.07991	0.41982
V829	0.10635	0.32694	0.00327	0.56343
V830	0.26221	0.29897	0	0.43882
V831	0.72493	0.14401	0.00118	0.12988
V832	0.27322	0.45172	0.13379	0.14127
V833	0.17253	0.54581	0.1448	0.13687
V834	0.33293	0.14	0.05332	0.47375
V835	0.34832	0.49277	0.08566	0.07324
V836	0.05678	0.69903	0	0.24419
V837	0.23534	0.43594	0.15385	0.17487
V838	0.87186	0.08657	0.00815	0.03343
V839	0.30053	0.63092	0.06855	0
V840	0.28961	0.71039	0	0
V841	0.04687	0.09269	0.78537	0.07507
V842	0.35414	0.22895	0.22436	0.19255
V843	0.07376	0.06987	0.77171	0.08465
V844	0.16162	0.15021	0.34616	0.342
V845	0.11241	0.15568	0.65919	0.07271
V846	0.02907	0.06381	0.71499	0.19213
V847	0.07355	0.03454	0.05572	0.83619
V848	0.1247	0.55382	0.13517	0.18632
V849	0.03063	0.92966	0	0.03972
V850	0.89701	0.01452	0.01672	0.07175
V851	0.32828	0.5587	0.11302	0
V852	0.18047	0.11823	0.10386	0.59744
V853	0.25271	0.28171	0.35252	0.11307
V854	0.55753	0.22909	0.07676	0.13661
V855	0.07355	0.03454	0.05572	0.83619
V856	0.08919	0.40852	0.30466	0.19763
V857	0.63173	0.23644	0	0.13182
V858	0.52815	0.04816	0.39356	0.03013
V859	0.61057	0.28629	0	0.10314
V860	0.24714	0.18866	0.02436	0.53984
V861	0.13037	0.38709	0.47617	0.00637
V862	0.17062	0.13448	0.63795	0.05696
V863	0.26559	0.10696	0	0.62745
V864	0.16041	0.10411	0.03316	0.70232
V865	0.18087	0.0511	0.24924	0.51878
V866	0.68293	0.05408	0.22504	0.03795
V867	0.68278	0.06529	0.22502	0.02691
V868	0.47892	0.33374	0.10421	0.08312
V869	0.07658	0.91022	0	0.0132
V870	0.15242	0.40755	0	0.44003
V871	0.03063	0.92966	0	0.03972
V872	0.08181	0.078	0.22634	0.61385
V873	0.82553	0.07377	0.02535	0.07535
V874	0.21297	0.78703	0	0
V875	0.07672	0.27338	0.16963	0.48027
V876	0.18078	0.37528	0.35891	0.08502
V877	0.08897	0.45184	0.25435	0.20484
V878	0.16089	0.80758	0.03153	0
V879	0.20937	0.70796	0.01194	0.07072
V880	0.30297	0.5732	0	0.12383
V881	0.18314	0.09098	0.55125	0.17464
V882	0.7636	0.01314	0.11592	0.10734
V883	0.28736	0.24325	0.46939	0
V884	0.08635	0.33239	0	0.58126
V885	0.67517	0.26334	0.0615	0
V886	0.06049	0.40936	0.40819	0.12196
V887	0.60072	0.11471	0.13485	0.14973
V888	0.14472	0.09445	0.66635	0.09449
V889	0.8483	0.0902	0	0.0615
V890	0.08046	0.20143	0.55673	0.16139
V891	0.58762	0.09237	0.25859	0.06142
V892	0.31251	0.2421	0	0.44539
V893	0.53711	0.26931	0.12391	0.06967
V894	0.11017	0.34852	0.50451	0.0368
V895	0.56265	0.11435	0.17404	0.14896
V896	0.08352	0.89241	0	0.02408
V897	0.63807	0.29351	0	0.06842
V898	0.50071	0.01182	0	0.48747
V899	0.08927	0.27414	0.11072	0.52587
V900	0.11662	0.35664	0.31698	0.20976
V901	0.07769	0.82372	0	0.09859
V902	0.09775	0.8853	0.01695	0
V903	0.05011	0.45043	0.4577	0.04175
V904	0.07648	0.90949	0	0.01403
V905	0.22721	0.00212	0.18068	0.58999
V906	0.41407	0.1536	0.08011	0.35222
V907	0.40876	0.54298	0	0.04827
V908	0.08991	0.1208	0.04758	0.74171
V909	0.1581	0.78537	0	0.05652
V910	0.24252	0.01081	0.11908	0.6276
V911	0.48439	0.4439	0.00115	0.07056
V912	0.37584	0.38522	0.09403	0.14491
V913	0.22147	0.01071	0	0.76782
V914	0.20048	0.52237	0.24959	0.02756
V915	0.30585	0.00163	0	0.69252
V916	0.26383	0.09999	0.58043	0.05575
V917	0.67079	0.06888	0.14547	0.11486
V918	0.08462	0.6444	0.19274	0.07825
V919	0.21963	0.30133	0.25613	0.22291
V920	0.57017	0.25812	0.0672	0.10451
V921	0.10645	0.24106	0.00203	0.65045
V922	0.13592	0.49143	0.335	0.03765
V923	0.17646	0.07793	0.03286	0.71274
V924	0.08078	0.66857	0.22734	0.02331
V925	0.25264	0.09067	0	0.65669
V926	0.27228	0.08437	0.0053	0.63804
V927	0.10892	0.11034	0.03646	0.74428
V928	0.08846	0.85915	0	0.05238
V929	0.09544	0.6665	0.09741	0.14065
V930	0.47858	0.42636	0	0.09505
V931	0.16362	0.32149	0.44513	0.06975
V932	0.08139	0.16982	0.55251	0.19628
V933	0.55343	0.42718	0	0.01939
V934	0.06527	0.2263	0.24359	0.46484
V935	0.52066	0.2192	0.1812	0.07894
V936	0.49674	0.3249	0	0.17836
V937	0.52197	0.19068	0.05741	0.22994
V938	0.38427	0.09338	0.28096	0.24139
V939	0.71866	0.06049	0.05065	0.17021
V940	0.06865	0.78305	0.11548	0.03281
V941	0.04848	0.02894	0.86942	0.05315
V942	0.68223	0.24156	0.04248	0.03373
V943	0.3826	0.18079	0.37795	0.05867
V944	0.0786	0.35132	0.03185	0.53823
V945	0.51928	0.39549	0	0.08522
V946	0.42858	0.31584	0.22	0.03558
V947	0.15014	0.11549	0.2031	0.53127
V948	0.3387	0.06876	0.55655	0.03599
V949	0.03849	0.19267	0.1778	0.59104
V950	0.09582	0.57082	0.17368	0.15968
V951	0.77962	0.05442	0.13249	0.03346
V952	0.12419	0.20169	0.23296	0.44116
V953	0.07066	0.10107	0.77279	0.05548
V954	0.09958	0.26214	0.11127	0.52701
V955	0.1566	0.63696	0	0.20643
V956	0.09784	0.07793	0.47821	0.34602
V957	0.38153	0.04449	0	0.57398
V958	0.16233	0	0	0.83767
V959	0.24075	0.31059	0.37812	0.07054
V960	0.26129	0.34751	0.04619	0.34501
V961	0.15978	0.43061	0.30145	0.10816
V962	0.35372	0.22445	0.34933	0.0725
V963	0.5502	0.22813	0.13363	0.08803
V964	0.7811	0.07328	0.07751	0.0681
V965	0.09668	0.54602	0.15454	0.20276
V966	0.87549	0.05909	0	0.06542
V967	0.11255	0.0972	0.48782	0.30243
V968	0.03943	0.19753	0.68845	0.07459
V969	0.07008	0.37314	0.0028	0.55398
V970	0.08666	0.1856	0.38831	0.33943
V971	0.47553	0.13635	0.30088	0.08724
V972	0.48956	0.26684	0.01688	0.22672
V973	0.27791	0.47854	0.0436	0.19995
V974	0.04928	0.78355	0.0974	0.06977
V975	0.13997	0.32666	0.53337	0
V976	0.42228	0.31077	0.08528	0.18168
V977	0.3169	0.39696	0.28606	7e-05
V978	0.14483	0.1651	0.04029	0.64979
V979	0.75335	0.05513	0.15917	0.03235
V980	0.92657	0	0	0.07343
V981	0.346	0.074	0.40027	0.17973
V982	0.41939	0.45069	0.04657	0.08335
V983	0.67061	0.09509	0	0.2343
V984	0.0604	0.82568	0.07883	0.03509
V985	0.142	0.25222	0	0.60578
V986	0.31921	0.56597	0.01805	0.09677
V987	0.24589	0.74016	0	0.01395
V988	0.2835	0.06477	0	0.65173
V989	0.42053	0.51232	0.04894	0.01821
V990	0.03434	0.09953	0.73108	0.13505
V991	0.59677	0.38351	0	0.01972
V992	0.23458	0.04644	0.48834	0.23064
V993	0.10424	0.72086	0.1347	0.0402
V994	0.2075	0.78235	0	0.01015
V995	0.69198	0.16438	0	0.14364
V996	0.31189	0.18119	0	0.50692
V997	0.07465	0.05895	0.75132	0.11508
V998	0.81702	0.04981	0.04329	0.08989
V999	0.14851	0.84928	0	0.00221
V1000	0.36193	0.05671	0	0.58136
