B_cells	NK_cells	T_cells_CD4.	Monocytes
V1	0.568	0	0.1754	0.2566
V2	0.18779	0.08215	0.07455	0.65551
V3	0.06752	0.62493	0.02938	0.27816
V4	0.86167	0.09721	0	0.04112
V5	0.11218	0.47575	0.27303	0.13903
V6	0.09007	0.838	0.04735	0.02458
V7	0.16108	0.36525	0.10276	0.37091
V8	0.12664	0.02554	0.81058	0.03724
V9	0.26501	0.23899	0.04704	0.44896
V10	0.0084	0.03044	0.90369	0.05747
V11	0.20681	0.36068	0.43251	0
V12	0.02598	0.58162	0.38733	0.00508
V13	0.282	0.68164	0.0179	0.01846
V14	0.08368	0.87983	0.02928	0.00721
V15	0.12845	0.58802	0.14548	0.13805
V16	0.88773	0.03306	0.01943	0.05978
V17	0.10073	0.83898	0.03582	0.02446
V18	0.57439	0.33723	0.04864	0.03975
V19	0.17479	0.7888	0.02322	0.01319
V20	0.18358	0.46571	0.03057	0.32015
V21	0.1269	0.08029	0.75946	0.03335
V22	0.02839	0.09626	0.24101	0.63433
V23	0.38099	0.05411	0.55882	0.00607
V24	0.94069	0.02467	0.03464	0
V25	0.35523	0.23906	0.14059	0.26511
V26	0.40781	0.3834	0.02087	0.18792
V27	0.14703	0.05055	0.04352	0.75891
V28	0	0.07735	0.92265	0
V29	0.44019	0.03707	0.49075	0.03199
V30	0.10778	0.22918	0.29869	0.36436
V31	0.21078	0.20331	0.30948	0.27643
V32	0.1304	0.01582	0.07047	0.78331
V33	0.04355	0.50134	0.37311	0.082
V34	0.12656	0.05952	0.77883	0.03509
V35	0.17393	0.69504	0.10745	0.02358
V36	5e-04	0.04944	0.51506	0.435
V37	0.55976	0.06183	0.10342	0.27499
V38	0.45483	0	0.17652	0.36865
V39	0.17408	0.55431	0.15189	0.11972
V40	0.10574	0.79247	0.10179	0
V41	0.00618	0.6801	0.0749	0.23882
V42	0.25358	0.01992	0.23415	0.49236
V43	0.13127	0.35101	0.5001	0.01762
V44	0.00052	0.10003	0.74872	0.15073
V45	0.10352	0.57914	0.24285	0.0745
V46	0.79926	0.06918	0.12153	0.01003
V47	0.44759	0.19511	0.31424	0.04306
V48	0.80613	0.1583	0	0.03557
V49	0.73799	0.17173	0	0.09028
V50	0.07858	0.8067	0.11472	0
V51	0.31538	0.39979	0.26779	0.01703
V52	0.01433	0.13763	0.81079	0.03725
V53	0.7333	0.11771	0.14899	0
V54	0.42366	0.19975	0.36384	0.01275
V55	0.23069	0.13311	0.26112	0.37507
V56	0.0893	1e-04	0.12924	0.78136
V57	0.11215	0.8277	0.04735	0.01281
V58	0.66821	0	0.03319	0.2986
V59	0.43751	0.40148	0.11871	0.04231
V60	0.14207	0.16478	0.34776	0.34539
V61	0.80588	0.09566	0.00207	0.0964
V62	0.86927	0.02923	0.06733	0.03417
V63	0.02297	0.80367	0.15389	0.01948
V64	0.01843	0.85686	0.00883	0.11588
V65	0.04548	0	0.13906	0.81546
V66	0.23016	0.67375	0.03605	0.06004
V67	0.15343	0.33991	0.50666	0
V68	0.19714	0.14555	0.03645	0.62085
V69	0.01678	0.32933	0.61389	0.03999
V70	0.54123	0.15172	0.18691	0.12013
V71	0.17744	0.07832	0.39769	0.34656
V72	0.57941	0.15438	0.10088	0.16533
V73	0.16132	0.60073	0.16315	0.0748
V74	0.04602	0.23921	0.71477	0
V75	0.71184	0	0.18923	0.09893
V76	0	0.18511	0.21952	0.59537
V77	0.06045	0.3022	0.01928	0.61807
V78	0.32653	0.11564	0.20406	0.35377
V79	0	0.12543	0.79374	0.08083
V80	0.35651	0.02749	0.53455	0.08144
V81	0.05088	0.18534	0.76378	0
V82	0	0.09853	0.88583	0.01564
V83	0.16544	0.17945	0.09848	0.55662
V84	0.42081	0.03641	0.18039	0.36239
V85	0.10898	0.32928	0.4123	0.14945
V86	0.03684	0.07745	0.83765	0.04807
V87	0.04377	0.80694	0.08743	0.06186
V88	0.18834	0.05957	0.29731	0.45479
V89	0.04182	0.00858	0.24369	0.70591
V90	0.0393	0.85573	0.09	0.01497
V91	0.04017	0.71899	0.21727	0.02357
V92	0.46416	0.02336	0.38359	0.12889
V93	0.88683	0	0	0.11317
V94	0.02541	0.46516	0.04186	0.46758
V95	0.26434	0.43025	0.17409	0.13132
V96	0.11726	0.09833	0.05155	0.73286
V97	0.68457	0.10438	0.2064	0.00465
V98	0.69852	0.27995	0	0.02153
V99	0.79752	0.04362	0.14626	0.0126
V100	0.0706	0.05371	0.84323	0.03246
V101	0.07613	0.06173	0.01096	0.85118
V102	0.91159	0.04486	0.00026	0.04329
V103	0.03491	0.04295	0.13411	0.78804
V104	0.04704	0.90619	0.03355	0.01321
V105	0.07359	0.87909	0.0414	0.00592
V106	0.12342	0.51303	0.33693	0.02662
V107	0.18589	0.21905	0.55473	0.04034
V108	0.1578	0.72654	0.11566	0
V109	0.00123	0.18441	0.60717	0.20719
V110	0.06894	0.83809	0.0688	0.02417
V111	0.90756	0	0.06553	0.02691
V112	0.13975	0.07232	0.45126	0.33667
V113	0.21561	0.10774	0.20441	0.47224
V114	0.28568	0.03482	0.10719	0.5723
V115	0.00877	0.73497	0.25516	0.0011
V116	0.14421	0.3257	0.38006	0.15003
V117	0.67633	0.2442	0.03508	0.04439
V118	0.1785	0.57434	0.05275	0.19441
V119	0.15663	0.07316	0.07966	0.69055
V120	0.07223	0.098	0.81328	0.01648
V121	0.60198	0.12379	0.09968	0.17455
V122	0.92477	0.00146	0.01985	0.05391
V123	0.00831	0.53124	0.07259	0.38786
V124	0.66644	0.27377	0	0.05979
V125	0.39256	0.40959	0.1867	0.01116
V126	0.06928	0.15045	0.08246	0.69781
V127	0.19004	0.04758	0.28764	0.47475
V128	0.07079	0.0044	0.15164	0.77317
V129	0.57561	0.22995	0.16723	0.02721
V130	0.00569	0.64395	0.34941	0.00095
V131	0.0384	0.87696	0.01485	0.06979
V132	0.91103	0	0.03216	0.05681
V133	0.89607	0.00995	0.05384	0.04014
V134	0.12176	0.40261	0.15399	0.32164
V135	0.11241	0.01302	0.21821	0.65635
V136	0.26704	0.40598	0.01631	0.31067
V137	0.64849	0.03484	0.24536	0.07131
V138	0.21957	0.40611	0.19656	0.17776
V139	0.36206	0.21152	0.20811	0.21831
V140	0.06492	0.09016	0.08998	0.75494
V141	0.06156	0.17914	0.55193	0.20737
V142	0.80117	0	0.19883	0
V143	0.44366	0.26154	0.07716	0.21764
V144	0.19031	0.16335	0.19437	0.45197
V145	0	0.74503	0.25376	0.00121
V146	0.11355	0.00138	0.08273	0.80233
V147	0.89486	0.01602	0.02023	0.06888
V148	0.13164	0.09334	0.58538	0.18964
V149	0.26572	0.5034	0.23088	0
V150	0.08414	0.26391	0.58313	0.06882
V151	0.22101	0.61462	0.05287	0.11149
V152	0.23794	0.4427	0.23491	0.08445
V153	0.12254	0.73629	0.04023	0.10094
V154	0.24746	0.45428	0.28208	0.01618
V155	0.47237	0.1511	0.28493	0.0916
V156	0.02334	0.16935	0.69212	0.11518
V157	0.31232	0.16811	0.31944	0.20013
V158	0.07348	0	0.08818	0.83835
V159	0.87684	0.05196	0	0.0712
V160	0.71184	0	0.06118	0.22698
V161	0.26005	0	0.05265	0.6873
V162	0.08394	0.31547	0.11016	0.49043
V163	0.1044	0.49639	0.1951	0.20412
V164	0.35172	0.31149	0.11992	0.21687
V165	0.02939	0.28801	0.00261	0.67999
V166	0.03048	0.10264	0.11024	0.75664
V167	0.40139	0	0.0015	0.59711
V168	0.29493	0.55656	0.09876	0.04975
V169	0.2346	0.04857	0.06333	0.65351
V170	0.11337	0.0355	0.54511	0.30602
V171	0.13012	0.26278	0.57687	0.03024
V172	0.71553	0	0.26426	0.02021
V173	0.05782	0.15096	0.07472	0.71651
V174	0.03537	0.17495	0.11187	0.67781
V175	0.0605	0.03198	0.79153	0.11599
V176	0.01161	0.78691	0.20031	0.00116
V177	0.0262	0.92919	0.01655	0.02806
V178	0.01423	0.76811	0.02974	0.18792
V179	0.18082	0.01308	0.40894	0.39716
V180	0.03649	0.85679	0.10672	0
V181	0.16522	0.15433	0.53776	0.14268
V182	0.30014	0.19845	0.45087	0.05054
V183	0.19505	0.77573	0.02366	0.00556
V184	0.97303	0	0.02697	0
V185	0.57635	0.3962	0.01626	0.01118
V186	0.12404	0.48385	0.28108	0.11102
V187	0.92613	0.00245	0.0362	0.03522
V188	0.08987	0.25216	0	0.65796
V189	0.82482	0.00989	0.01345	0.15184
V190	0.65515	0.01571	0.31082	0.01832
V191	0.18636	0.22956	0.55425	0.02983
V192	0.31386	0.46306	0.06381	0.15926
V193	0.60484	0.03225	0.24008	0.12283
V194	0.05172	0.88959	0.02877	0.02993
V195	0.00963	0.06766	0.89474	0.02797
V196	0.04645	0.08225	0.0446	0.8267
V197	0.45445	0.04046	0.03208	0.47301
V198	0.0678	0.50766	0.37955	0.045
V199	0.2005	0.01982	0.21061	0.56908
V200	0.14598	0.56851	0.03458	0.25093
V201	0.10322	0.55306	0.2145	0.12923
V202	0.00564	0.04997	0.78604	0.15835
V203	0.16827	0.43433	0.39193	0.00547
V204	0.01607	0.5554	0.0244	0.40413
V205	0.01189	0.09402	0.8657	0.02839
V206	0.04214	0.13194	0.82591	0
V207	0.16585	0.20073	0.07676	0.55666
V208	0.24894	0.09015	0.65125	0.00967
V209	0.31227	0.4632	0.08348	0.14105
V210	0.09721	0.73925	0.11992	0.04362
V211	0.46588	0	0.04317	0.49095
V212	0.50416	0.05188	0.41856	0.0254
V213	0.64883	0.02165	0.11791	0.2116
V214	0.34643	0.16756	0.18152	0.30449
V215	0.33257	0.09793	0.02682	0.54268
V216	0.09861	0	0.07488	0.82651
V217	0.04498	0.50238	0.2588	0.19384
V218	0.10498	0.457	0.19512	0.2429
V219	0.12321	0.63786	0.02744	0.21149
V220	0.01565	0.81982	0.03194	0.13259
V221	0.82102	0	0	0.17898
V222	0.31983	0.14973	0.36717	0.16327
V223	0	0.17324	0.75571	0.07105
V224	0.96426	0	0.03574	0
V225	0.07109	0.84027	0.08864	0
V226	0.30659	0.10563	0.58091	0.00687
V227	0.78513	0	0.18708	0.02779
V228	0.7693	0.06133	0.06657	0.10279
V229	0.01281	0.06114	0.886	0.04005
V230	0.06029	0.03219	0.07629	0.83123
V231	0.02218	0.30024	0.14426	0.53332
V232	0.05809	0.67101	0.00266	0.26824
V233	0.56506	0.0913	0.20465	0.13898
V234	0.05084	0.86904	0.06173	0.01839
V235	0.37475	0.07923	0.51764	0.02838
V236	0.03715	0.10337	0.7844	0.07507
V237	0.20726	0	0.06252	0.73022
V238	0.13604	0.5481	0.27946	0.0364
V239	0.08513	0.41963	0.03696	0.45829
V240	0.48745	0.04975	0.41429	0.04851
V241	0.00745	0.03613	0.88603	0.07039
V242	0.14287	0.73491	0.11924	0.00298
V243	0.24037	0.06465	0.62211	0.07287
V244	0.20767	0.015	0.69466	0.08267
V245	0.59763	0.28863	0.05549	0.05825
V246	0.05	0.18338	0.74708	0.01954
V247	0.15653	0.05342	0.79006	0
V248	0.06673	0.03305	0.09524	0.80499
V249	0	0.08049	0.85593	0.06358
V250	0.76455	0	0.21433	0.02112
V251	0.92636	0.03824	0.00415	0.03126
V252	0.0102	0.81046	0.17934	0
V253	0.38651	0.06933	0.1817	0.36246
V254	0.02229	0.88723	0.08401	0.00648
V255	0.06077	0.88728	0.00906	0.04289
V256	0.17545	0.23647	0.51052	0.07756
V257	0.43067	0.10629	0.24314	0.21991
V258	0.17751	0.28388	0.42505	0.11356
V259	0.02942	0.31878	0.62061	0.0312
V260	0	0.30914	0.69086	0
V261	0.6188	0.02828	0.20333	0.1496
V262	0.14573	0.05985	0.04215	0.75228
V263	0.03435	0.92064	0.01287	0.03214
V264	0.17469	0.04861	0.44922	0.32748
V265	0.06668	0	0.17378	0.75954
V266	0.66036	0.33452	0.00512	0
V267	0	0.19981	0.31811	0.48208
V268	0.41336	0.01207	0.16434	0.41023
V269	0	0.56047	0.40273	0.0368
V270	0.6409	0.0239	0.24646	0.08874
V271	0.79852	0.059	0.03093	0.11155
V272	0.06767	0.80496	0.03448	0.09288
V273	0.10859	0.01699	0.08491	0.78951
V274	0.70475	0	0.17982	0.11543
V275	0	0.06999	0.90049	0.02952
V276	0.51337	0.33343	0.00868	0.14452
V277	0.0463	0.22483	0.19514	0.53373
V278	0.04975	0.06697	0.32933	0.55395
V279	0.68958	0.05301	0.11538	0.14202
V280	0.07348	0	0.08818	0.83835
V281	0.55847	0.02321	0.15179	0.26654
V282	0.04887	0.10397	0.78714	0.06002
V283	0.2209	0.56837	0.08071	0.13003
V284	0.04242	0.8657	0.09141	0.00046
V285	0.06109	0.04052	0.89839	0
V286	0.25186	0.5352	0.1281	0.08485
V287	0.11142	0.82924	0.03559	0.02374
V288	0.00518	0.30512	0.44553	0.24417
V289	0.27885	0.23805	0.41459	0.06851
V290	0.83865	0.14951	0.01184	0
V291	0.4836	0.08229	0.4211	0.01301
V292	0.91888	0	0	0.08112
V293	0.2942	0.0359	0.6315	0.03839
V294	0.11174	0.38837	0	0.49989
V295	0.02256	0.19474	0.22792	0.55478
V296	0.17448	0.14786	0.59762	0.08004
V297	0.12383	0	0.10882	0.76735
V298	0.2966	0.12574	0.57321	0.00446
V299	0.09458	0.28992	0.02777	0.58773
V300	0	0.03525	0.27638	0.68838
V301	0.11819	0.14138	0.63411	0.10632
V302	0.65841	0.3208	0	0.0208
V303	0	0.59388	0.38834	0.01778
V304	0.04975	0.0551	0.74433	0.15082
V305	0.12184	0.18389	0.46718	0.22708
V306	0.79774	0.08834	0.05003	0.06389
V307	0.03383	0.89668	0.04499	0.02451
V308	0.23122	0.24495	0.3061	0.21773
V309	0.34878	0.31887	0.03038	0.30197
V310	0.08825	0.33147	0.17847	0.40181
V311	0.52354	0.45569	0.00949	0.01127
V312	0.10862	0.71147	0.16737	0.01254
V313	0.00503	0.11883	0.05571	0.82043
V314	0.01589	0.49474	0.13933	0.35005
V315	0.13299	0.61742	0.05641	0.19318
V316	0.30749	0.15148	0.38756	0.15347
V317	0.0984	0.68598	0.07016	0.14546
V318	0.04712	0.5665	0.03032	0.35607
V319	0.04847	0.09742	0.81559	0.03851
V320	0.07221	0.17429	0.63895	0.11455
V321	0.65013	0.34452	0.00536	0
V322	0.21001	0.32997	0.08894	0.37107
V323	0.0967	0.01395	0.13119	0.75816
V324	0.65467	0.24758	0.07321	0.02454
V325	0.31261	0.6154	0.07199	0
V326	0	0.57441	0.1203	0.30529
V327	0.0345	0.15574	0.1408	0.66896
V328	0.03862	0.05568	0.74584	0.15986
V329	0.19349	0.11896	0.19598	0.49157
V330	0.39739	0.00865	0.34463	0.24933
V331	0.37364	0.08451	0.05683	0.48503
V332	0.02168	0.05336	0.22394	0.70102
V333	0.41789	0.08627	0.38675	0.10909
V334	0.36304	0.01059	0.36733	0.25904
V335	0.01647	0.35687	0.5147	0.11196
V336	0.18702	0.68207	0.03682	0.0941
V337	0.28132	0.40321	0.29926	0.01621
V338	0	0.9331	0.04132	0.02558
V339	0.11565	0.02978	0.84342	0.01115
V340	0.04891	0.25315	0.52899	0.16895
V341	0.06194	0.03146	0.10989	0.79671
V342	0.24442	0.01393	0.61481	0.12684
V343	0.9323	0.01768	0.00748	0.04254
V344	0.67208	0.14878	0.17914	0
V345	0.01625	0.073	0.91075	0
V346	0.23913	0.12529	0.29979	0.33579
V347	0.07965	0.00236	0.16863	0.74937
V348	0.05936	0.64186	0.17026	0.12852
V349	0.33787	0.18172	0.3822	0.09821
V350	0.02962	0.77406	0.19632	0
V351	0.02012	0.04311	0.43191	0.50486
V352	0.03737	0.05187	0.83444	0.07632
V353	0.86536	0.01317	0.03459	0.08688
V354	0.04995	0.67292	0.24634	0.0308
V355	0.27224	0.09282	0.46217	0.17277
V356	0.07107	0.01671	0.14131	0.7709
V357	0.11347	0.3462	0.29542	0.24491
V358	0.5513	0.10073	0.05512	0.29285
V359	0.58796	0.04853	0.0341	0.32941
V360	0.54779	0.41019	0.02539	0.01664
V361	0	0.45843	0.54157	0
V362	0	0.92704	0.05119	0.02177
V363	0.16854	0.13914	0.47373	0.2186
V364	0.15123	0.09068	0.66854	0.08954
V365	0.30537	0.01437	0.02606	0.65421
V366	0.0854	0.66707	0.11084	0.1367
V367	0.5831	0.13498	0	0.28192
V368	0.09738	0.70809	0.11009	0.08444
V369	0.01067	0.41341	0.57592	0
V370	0.29035	0.28862	0.40362	0.01741
V371	0.19653	0.69538	0.04767	0.06042
V372	0.19322	0.05168	0.1513	0.6038
V373	0.07726	0.16381	0.48375	0.27519
V374	0.78127	0.0117	0.20702	0
V375	0.07086	0.03873	0.18171	0.70871
V376	0.0689	0.02934	0.13888	0.76287
V377	0.79839	0	0	0.20161
V378	0.00565	0.04436	0.44399	0.506
V379	0.35905	0.20043	0.01255	0.42797
V380	0.17135	0.07808	0.22858	0.52199
V381	0.73435	0.00085	0.09701	0.16779
V382	0.0731	0.06981	0.84883	0.00825
V383	0.82777	0	0.04492	0.12731
V384	0.55441	0.07537	0.14095	0.22926
V385	0.84096	0.00505	0.07671	0.07728
V386	0.32595	0.00231	0.17321	0.49852
V387	0.56904	0.1523	0.19382	0.08485
V388	0.3677	0.33215	0.15736	0.14279
V389	0.41766	0.50412	0.01751	0.06071
V390	0.28463	0.26883	0.44653	0
V391	0.44158	0.10296	0.01952	0.43594
V392	0.41579	0.22758	0.17524	0.18139
V393	0.2722	0.24451	0.35025	0.13303
V394	0.11014	0.23853	0.14088	0.51045
V395	0.21923	0.39591	0.21681	0.16806
V396	0.02218	0.91013	0.03487	0.03281
V397	0.76101	0.08285	0.10417	0.05197
V398	0.45102	0.13774	0.10785	0.30339
V399	0.19461	0.54197	0.1704	0.09303
V400	0	0.59341	0.09129	0.3153
V401	0.02304	0.19059	0.71322	0.07315
V402	0.80157	0.16242	0.03601	0
V403	0.06213	0.01921	0.12047	0.79819
V404	0.08321	0.22436	0.60516	0.08726
V405	0.24521	0.02842	0.19655	0.52982
V406	0.63491	0.2471	0.01388	0.10411
V407	0	0.9331	0.04132	0.02558
V408	0.08734	0.26711	0.40965	0.23589
V409	0.01584	0.02308	0.09221	0.86887
V410	0.10003	0.82001	0.05701	0.02295
V411	0.47283	0	0	0.52717
V412	0.15768	0.0975	0.50683	0.23799
V413	0.05884	0.49165	0.20764	0.24187
V414	0.03181	0.51248	0.34573	0.10999
V415	0.44753	0.03127	0.24452	0.27669
V416	0.00356	0.11566	0.88078	0
V417	0.38615	0.59039	0.01544	0.00802
V418	0.09588	0.11128	0.1756	0.61723
V419	0.06663	0	0.09586	0.83751
V420	0	0.87245	0.04293	0.08463
V421	0.15173	0.0681	0.67262	0.10754
V422	0.09687	0.0699	0.03625	0.79698
V423	0.0706	0.05371	0.84323	0.03246
V424	0	0.0791	0.63485	0.28604
V425	0.04852	0.26625	0.5894	0.09582
V426	0.08288	0.08018	0.76993	0.06701
V427	0.07147	0.4088	0.21804	0.30169
V428	0.09861	0.74335	0.08168	0.07636
V429	0.06131	0	0.10284	0.83585
V430	0.73999	0.16383	0.01185	0.08433
V431	0.18505	0.03914	0.46785	0.30796
V432	0.14379	0.09467	0.07916	0.68238
V433	0.06792	0.73265	0.00868	0.19075
V434	0.36238	0.07457	0.06824	0.49481
V435	0.5222	0	0.13582	0.34199
V436	0.40495	0	0.13776	0.45729
V437	0.25797	0.23755	0.00712	0.49737
V438	0.60681	0.16037	0.03171	0.2011
V439	0.07421	0.10626	0.03395	0.78558
V440	0.50744	0.02902	0.03922	0.42431
V441	0.06125	0.16069	0.59922	0.17884
V442	0.31456	0.3468	0.15052	0.18812
V443	0.74284	0	0.0904	0.16676
V444	0.01625	0.073	0.91075	0
V445	0.60201	0.02391	0.33871	0.03537
V446	0.04371	0.79959	0.08701	0.06969
V447	0.61258	0.09921	0.18328	0.10493
V448	0.03273	0.07399	0.23124	0.66203
V449	0.54903	0.04816	0.29992	0.1029
V450	0.1515	0.81348	0.03502	0
V451	0.90838	0.03819	0	0.05343
V452	0.07855	0.00264	0.12341	0.79541
V453	0.78977	0.07107	0.06715	0.07201
V454	0	0.89382	0.08472	0.02146
V455	0.58686	0.03956	0.30501	0.06857
V456	0.31899	0.14022	0.38693	0.15385
V457	0.01223	0.04565	0.0685	0.87362
V458	0.29106	0.23586	0.00574	0.46734
V459	0.0175	0.77184	0.12565	0.08501
V460	0.91652	0	0.03458	0.0489
V461	0.11504	0.04124	0.03957	0.80415
V462	0.36573	0.247	0	0.38726
V463	0.25119	0.47018	0.1758	0.10283
V464	0.52673	0.09682	0	0.37644
V465	0.40317	0.42284	0.03168	0.14231
V466	0.58763	0.18567	0	0.2267
V467	0.31587	0.55342	0.09839	0.03232
V468	0.49263	0.39355	0.05987	0.05395
V469	0.01582	0.19989	0.31904	0.46525
V470	0.53349	0.13117	0.18795	0.1474
V471	0.29643	0.10902	0.05071	0.54384
V472	0.33806	0.33314	0	0.3288
V473	0.10316	0.54188	0.34745	0.00751
V474	0.15763	0	0.13297	0.7094
V475	0.19325	0.40557	0.09933	0.30184
V476	0.20369	0.0036	0.0946	0.69811
V477	0.58864	0.03949	0.21383	0.15804
V478	0.14661	0.58719	0.01551	0.25069
V479	0	0.1255	0.79077	0.08373
V480	0.09879	0.32318	0.06865	0.50938
V481	0.13743	0.05087	0.79392	0.01779
V482	0.67594	0.16278	0.11694	0.04434
V483	0.15958	0.11553	0.10298	0.62191
V484	0.06115	0.07391	0.0678	0.79714
V485	0.13417	0.71825	0.02901	0.11857
V486	0.27557	0.27501	0.14601	0.30341
V487	0.11319	0.04483	0.12399	0.718
V488	0	0.03469	0.87216	0.09315
V489	0.20699	0.13352	0.65543	0.00407
V490	0.34416	0.3207	0.08096	0.25418
V491	0.43955	0.45629	0.04316	0.06099
V492	0.03557	0.80208	0.16235	0
V493	0.1048	0	0	0.8952
V494	0.18713	0.18426	0.51361	0.115
V495	0.22741	0.60208	0.16091	0.0096
V496	0.28572	0.67027	8e-04	0.0432
V497	0.01082	0.03365	0.92402	0.0315
V498	0.33833	0.10708	0.06851	0.48608
V499	0.60363	0.26417	0.13011	0.00209
V500	0.0949	0.15804	0.70897	0.03809
V501	0.0137	0	0.11445	0.87186
V502	0.53375	0.28058	0.16058	0.02509
V503	0.21367	0.10938	0.22406	0.45289
V504	0.24117	0.67227	0.02629	0.06027
V505	0.20096	0.23381	0.2704	0.29484
V506	0.08488	0.28013	0.45659	0.1784
V507	0.60055	0.10501	0.12864	0.16581
V508	0.73538	0.1649	0.04136	0.05836
V509	0.22503	0.08584	0.50753	0.1816
V510	0.22096	0.50798	0.27106	0
V511	0.05881	0.43334	0.06931	0.43855
V512	0.27359	0.04652	0.10736	0.57253
V513	0.08183	0.62641	0.2354	0.05636
V514	0.05288	0.08631	0.01639	0.84441
V515	0.75711	0.05972	0.04874	0.13443
V516	0.90258	0.07374	0	0.02367
V517	0.05791	0.03225	0.2889	0.62094
V518	0.93541	0.02901	0	0.03558
V519	0.03663	0.84254	0.02867	0.09217
V520	0.02116	0.01343	0.65053	0.31489
V521	0.54917	0.05648	0.36096	0.03339
V522	0	0.16021	0.58776	0.25202
V523	0.35135	0.14201	0.26814	0.2385
V524	0.00611	0.74927	0.21981	0.0248
V525	0.2786	0.21617	0.03727	0.46796
V526	0.63723	0.08099	0.08006	0.20173
V527	0.2124	0.03466	0.41552	0.33742
V528	0.11189	0.82971	0.01116	0.04723
V529	0.07927	0.07292	0.25602	0.5918
V530	0	0.2395	0.66693	0.09357
V531	0.0244	0.83345	0.14215	0
V532	0.19098	0.33997	0.03973	0.42933
V533	0.28146	0.35912	0.15295	0.20646
V534	0	0.04602	0.72144	0.23253
V535	0.57859	0	0	0.42141
V536	0.20514	0	0.39734	0.39752
V537	0.57434	0.25875	0.15833	0.00858
V538	0.46885	0.05121	0.10092	0.37903
V539	0.26434	0.43025	0.17409	0.13132
V540	0.20698	0.66463	0.09636	0.03203
V541	0.01839	0.52195	0.09094	0.36872
V542	0.20641	0.14638	0.27224	0.37498
V543	0.87535	0	0.0036	0.12106
V544	0.12715	0.10083	0.20192	0.5701
V545	0.37784	0.14832	0.08423	0.38961
V546	0.06026	0.8415	0.09824	0
V547	0.03906	0.62611	0.33068	0.00415
V548	0.16233	0.72943	0.10824	0
V549	0.31438	0.05743	0.61459	0.0136
V550	0.61004	0.01037	0	0.37959
V551	0.1855	0.70554	0.05795	0.05101
V552	0	0.54835	0.02592	0.42573
V553	0.21968	0.17956	0.58974	0.01102
V554	0.09765	0.08979	0.05752	0.75505
V555	0.09166	0.25394	0.34972	0.30468
V556	0	0.07464	0.88292	0.04244
V557	0.81821	0.01947	0.00265	0.15966
V558	0.07719	0.76077	0.05274	0.1093
V559	0.00832	0.77644	0.21524	0
V560	0.68584	0.29867	0	0.01549
V561	0	0.06999	0.90049	0.02952
V562	0.77046	0	0.11894	0.1106
V563	0.23444	0.02671	0.72767	0.01117
V564	0.05093	0.11902	0.81516	0.01489
V565	0.12237	0.28615	0.38468	0.2068
V566	0.69966	0.09129	0	0.20906
V567	0.22945	0.45123	0.03785	0.28146
V568	0.27915	0	0.07726	0.64359
V569	0.69508	0.00908	0	0.29584
V570	0.01576	0.31929	0.60643	0.05852
V571	0.80747	0.11342	0	0.0791
V572	0.43833	0.01969	0.44124	0.10075
V573	0.09687	0.18222	0.02309	0.69782
V574	0.04324	0.75206	0.19904	0.00567
V575	0.03795	0.09302	0.1634	0.70564
V576	0.1642	0.76406	0.06221	0.00952
V577	0.06002	0.0516	0.24894	0.63945
V578	0.0495	0.10318	0.67819	0.16913
V579	0.01201	0.83828	0.1266	0.02312
V580	0.18763	0	0.14508	0.66729
V581	0.11747	0.09105	0.01069	0.78078
V582	0.57914	0.15116	0.03253	0.23718
V583	0	0.07708	0.61147	0.31146
V584	0.50077	0.17152	0.29261	0.0351
V585	0.00892	0.02605	0.48181	0.48322
V586	0.22973	0.03469	0.64457	0.09101
V587	0.25947	0.03902	0.6712	0.0303
V588	0.63886	0.03829	0.02216	0.3007
V589	0.06522	0.77917	0.09457	0.06104
V590	0.05186	0.73262	0.21551	0
V591	0	0.04432	0.24773	0.70794
V592	0.14581	0.07205	0.78214	0
V593	0.5857	0	0.18668	0.22761
V594	0.32581	0.30367	0.33382	0.0367
V595	0.07983	0.02956	0.07162	0.81899
V596	0.03799	0.30615	0.25285	0.40301
V597	0	0.57895	0.35304	0.06801
V598	0.00844	0.15931	0.81647	0.01578
V599	0.61423	0.31385	0.03871	0.03321
V600	0.35534	0.46731	0.06293	0.11441
V601	0.17827	0.2886	0.10317	0.42996
V602	0.08493	0.03688	0.0528	0.82539
V603	0.01847	0.38931	0.03456	0.55766
V604	0.49883	0.13515	0.33841	0.02761
V605	0.06247	0.35301	0.40737	0.17715
V606	0.71911	0.15582	0.00037	0.1247
V607	0.65125	0.00058	0.11858	0.2296
V608	0.21698	0.18639	0.3878	0.20882
V609	0.02793	0.26294	0.26531	0.44382
V610	0.75694	0.01264	0.09546	0.13495
V611	0.32317	0	0.0715	0.60533
V612	0.01151	0.13514	0.78601	0.06734
V613	0.031	0.35724	0.58208	0.02968
V614	0.74921	0.05992	0.04862	0.14224
V615	0.17733	0.06047	0.02243	0.73976
V616	0.08756	0.68717	0.07078	0.15449
V617	0.45891	0.17595	0.36513	0
V618	0.73159	0	0	0.26841
V619	0.38639	0.03777	0.32649	0.24935
V620	0.00569	0.64395	0.34941	0.00095
V621	0.4206	0.16555	0.18542	0.22843
V622	0.34631	0.24457	0.38981	0.0193
V623	0.03631	0.08297	0.18305	0.69767
V624	0.78666	0.181	0	0.03234
V625	0.26534	0.48745	0.11626	0.13095
V626	0.92893	0.01974	0	0.05133
V627	0.00524	0.02411	0.12991	0.84075
V628	0.00337	0.24016	0.04329	0.71318
V629	0.12739	0.31326	0.2946	0.26475
V630	0.02994	0.35755	0.57402	0.03849
V631	0.0295	0.20988	0.13937	0.62125
V632	0.59061	0	0.13676	0.27263
V633	0	0.07583	0.81624	0.10792
V634	0.38593	0.27864	0.33544	0
V635	0.0351	0.75054	0.02511	0.18925
V636	0.11858	0.14068	0.62573	0.11502
V637	0.317	0.20646	0.10556	0.37099
V638	0.38058	0.26555	0.08025	0.27362
V639	0.25967	0.42725	0.31308	0
V640	0.02432	0.19209	0.7352	0.0484
V641	0.86324	0.03213	0.02542	0.07921
V642	0.75491	0.16171	0	0.08338
V643	0	0.2192	0.46888	0.31192
V644	0.89316	0.06957	0	0.03727
V645	0.25831	0.41521	0.31937	0.00711
V646	0.02819	0.9143	0.03761	0.0199
V647	0.13904	0.12419	0.68173	0.05503
V648	0.40397	0.42544	0.14894	0.02164
V649	0.01284	0.10735	0.81833	0.06148
V650	0.04859	0.13178	0.75358	0.06606
V651	0.30034	0.02395	0.66429	0.01143
V652	0.09293	0.117	0.45453	0.33553
V653	0.13005	0.64196	0.12676	0.10123
V654	0.67837	0.19817	0.06084	0.06262
V655	0.04584	0.57652	0.04139	0.33625
V656	0.23139	0.28297	0.0171	0.46854
V657	0.06614	0.08083	0.04062	0.81242
V658	0.58695	0.21285	0.06222	0.13799
V659	0.32328	0.10692	0.36919	0.20061
V660	0.04376	0.91228	0.0127	0.03125
V661	0.06976	0.43292	0.07873	0.41859
V662	0.40458	0.03095	0.46427	0.1002
V663	0.23234	0.10157	0.55845	0.10764
V664	0.19475	0.10062	0.6591	0.04553
V665	0.67365	0.18799	0.04042	0.09794
V666	0.59406	0	0.09826	0.30768
V667	0.76248	0.07218	0.16533	0
V668	0.12646	0.76466	0.10888	0
V669	0.22682	0.41533	0.26398	0.09387
V670	0.09165	0.8711	0.01059	0.02666
V671	0.35014	0.29787	0.26425	0.08775
V672	0.00984	0.07215	0.87318	0.04483
V673	0.22925	0.37604	0.24479	0.14992
V674	0.71033	0.14663	0.01009	0.13295
V675	0.13526	0.34579	0.33211	0.18683
V676	0.04935	0.12305	0.14192	0.68568
V677	0.37716	0.39786	0.10997	0.11501
V678	0.51393	0.458	0.01865	0.00943
V679	0.0426	0.33843	0.61595	0.00301
V680	0.30513	0.52998	0.15506	0.00983
V681	0.87605	0.05959	0.00769	0.05667
V682	0.10846	0.32309	0.53976	0.02869
V683	0.02913	0.92191	0.04896	0
V684	0.6774	0.16074	0.09853	0.06333
V685	0.48121	0.34084	0.13424	0.04371
V686	0.10872	0.19814	0.18098	0.51217
V687	0.0843	0.01299	0.07919	0.82353
V688	0.37857	0.49872	0	0.12271
V689	0.29075	0	0.05902	0.65023
V690	0.45738	0.05947	0.41846	0.06469
V691	0.14774	0.03399	0.80788	0.01039
V692	0.07193	0.17719	0.68747	0.06341
V693	0.23207	0.13074	0.37924	0.25796
V694	0.01471	0.03661	0.33364	0.61504
V695	0.27015	0	0.18301	0.54684
V696	0.12097	0.09084	0.04085	0.74734
V697	0.05176	0.06622	0.04858	0.83344
V698	0.82625	0	0	0.17375
V699	0.54945	0.28383	0.07425	0.09247
V700	0.27487	0.01858	0.01667	0.68989
V701	0.1189	0.52356	0.1348	0.22273
V702	0.55909	0.07827	0.00435	0.35829
V703	0.13617	0.07609	0.50081	0.28693
V704	0.81112	0.03933	0.02199	0.12757
V705	0.92613	0	0.00856	0.06531
V706	0.07199	0.08883	0.75666	0.08252
V707	0.03345	0.44343	0.49514	0.02798
V708	0.04657	0.83512	0.04851	0.0698
V709	0.12974	0.28978	0.51295	0.06752
V710	0.58833	0.21252	0.05197	0.14719
V711	0.098	0.75467	0.12066	0.02666
V712	0.81313	0.04416	0	0.14271
V713	0.43401	0.30195	0.03777	0.22626
V714	0.0097	0.66702	0.04738	0.2759
V715	0.29272	0.34367	0.30699	0.05662
V716	0.07917	0.04145	0.09027	0.78911
V717	0.0924	0.87777	0.0122	0.01762
V718	0.14927	0.54746	0.20172	0.10155
V719	0.06496	0.69091	0.06217	0.18195
V720	0.6891	0	0.22933	0.08157
V721	0.12094	0.19484	0.47636	0.20786
V722	0.11256	0.35451	0.02407	0.50886
V723	0.15351	0.09082	0.02289	0.73278
V724	0.58454	0.01884	0.09391	0.30272
V725	0	0.13877	0.82627	0.03495
V726	0.04206	0.39714	0.1499	0.4109
V727	0.26859	0.62056	0.11085	0
V728	0.03835	0.8357	0.12595	0
V729	0.42354	0.00301	0.1818	0.39166
V730	0.87375	0.02495	0.04387	0.05743
V731	0.01949	0.22741	0.41847	0.33463
V732	0.34681	0.09469	0.35737	0.20112
V733	0.63083	0.18876	0.03247	0.14794
V734	0.22877	0.32116	0.45007	0
V735	0.01427	0.04899	0.5128	0.42394
V736	0.19461	0	0.0307	0.77469
V737	0.32014	0.29873	0.24816	0.13297
V738	0.07325	0.35235	0.45247	0.12193
V739	0	0.03933	0.62482	0.33585
V740	0.8241	0.08261	0.06927	0.02402
V741	0.48222	0.10716	0.1355	0.27512
V742	0.40588	0.57055	0.02357	0
V743	0.13001	0.17695	0.67914	0.01389
V744	0.50665	0.05045	0.33139	0.11152
V745	0.01422	0.67345	0.21164	0.10069
V746	0.94882	0	0	0.05118
V747	0.05092	0.01699	0.7331	0.19899
V748	0.11922	0.13729	0.58263	0.16086
V749	0.3002	0.18406	0.06729	0.44845
V750	0.41159	0.45043	0.02318	0.1148
V751	0.0564	0.82065	0.06799	0.05496
V752	0.4491	0.23379	0.14474	0.17237
V753	0.08745	0.05125	0.00984	0.85145
V754	0.02049	0.9022	0.01451	0.06279
V755	0.14986	0.21919	0.35488	0.27607
V756	0.07252	0.00626	0.10518	0.81604
V757	0.33761	0.55937	0.07836	0.02466
V758	0.05021	0.73042	0.15117	0.0682
V759	0.13044	0.08121	0.42214	0.36621
V760	0.29972	0.06792	0.29613	0.33623
V761	0.068	0.56432	0.29422	0.07346
V762	0	0.40264	0.03627	0.56109
V763	0.38873	0.35632	0.0296	0.22535
V764	0.01821	0.88617	0.03293	0.06268
V765	0.67241	0.07514	0	0.25245
V766	0.00524	0.34729	0.45209	0.19538
V767	0.46738	0.13729	0.24907	0.14625
V768	0.0701	0.85529	0.04869	0.02592
V769	0.15395	0.7817	0.05363	0.01072
V770	0.02819	0.9143	0.03761	0.0199
V771	0.15926	0.04917	0.77461	0.01696
V772	0.12915	0.08531	0.78502	0.00052
V773	0.17479	0.7888	0.02322	0.01319
V774	0.01119	0.03489	0.90697	0.04695
V775	0.13123	0.05141	0.31235	0.505
V776	0.42179	0.41125	0.06066	0.1063
V777	0.19553	0.12782	0.16672	0.50994
V778	0.52172	0.27632	0.07456	0.12741
V779	0.17028	0.06446	0.50726	0.25801
V780	0.11438	0.73113	0.15449	0
V781	0.09816	0.03364	0.07288	0.79531
V782	0	0.16439	0.77184	0.06377
V783	0.78054	0.01035	0.04912	0.16
V784	0.12304	0.83525	0.03822	0.0035
V785	0.05076	0.87976	0.04033	0.02915
V786	0.69635	0.15993	0.08823	0.05549
V787	0	0.80679	0.19186	0.00135
V788	0.4918	0.3019	0.16258	0.04371
V789	0.08633	0.37791	0.04682	0.48894
V790	0.47193	0.01875	0.09259	0.41673
V791	0.13303	0.38604	0.34085	0.14008
V792	0.14801	0.53835	0.01439	0.29925
V793	0.13294	0.63585	0.05702	0.17418
V794	0.03658	0.12265	0.76603	0.07474
V795	0.14841	0.04301	0.09389	0.71469
V796	0.01699	0.12908	0.82392	0.03002
V797	0.74912	0	0.22462	0.02626
V798	0.60464	0.28924	0.08489	0.02123
V799	0.14335	0.73845	0.04972	0.06848
V800	0.06938	0.04725	0.53855	0.34481
V801	0.14341	0.14285	0.34826	0.36548
V802	0.04748	0.09912	0.30823	0.54517
V803	0.21662	0.50547	0.27792	0
V804	0.51275	0.02582	0.38664	0.07479
V805	0.02037	0.03712	0.94251	0
V806	0.05934	0.8603	0.03861	0.04175
V807	0.28167	0.16277	0.04859	0.50697
V808	0.64632	0.26539	0.04554	0.04275
V809	0.03243	0.08673	0.88084	0
V810	0.03014	0.93385	0.01391	0.0221
V811	0.42478	0.08231	0.21618	0.27673
V812	0.53518	0.26506	0.05423	0.14553
V813	0.57561	0.20249	0.19445	0.02745
V814	0.43298	0.50983	0.05715	5e-05
V815	0	0.88198	0.11214	0.00588
V816	0.93736	0	0.06264	0
V817	0.01994	0.12102	0.83897	0.02006
V818	0.01107	0.05899	0.08926	0.84068
V819	0.80625	0.07932	0.04963	0.06479
V820	0.1688	0.10588	0.04258	0.68273
V821	0.21177	0.33181	0.39048	0.06595
V822	0.0598	0.06662	0.84112	0.03247
V823	0.01231	0.22981	0.66919	0.08868
V824	0.08017	0.38746	0.53237	0
V825	0.2197	0.30614	0.26663	0.20753
V826	0.42416	0.40517	0.16647	0.0042
V827	0.38104	0.57023	0.02142	0.0273
V828	0.23949	0.1782	0.13242	0.44989
V829	0.05939	0.25871	0.06399	0.6179
V830	0.24415	0.2396	0.03849	0.47776
V831	0.75614	0.08795	0.02966	0.12625
V832	0.26514	0.40113	0.18391	0.14981
V833	0.15006	0.50039	0.2015	0.14806
V834	0.31549	0.07716	0.10136	0.50598
V835	0.35193	0.4394	0.13172	0.07695
V836	0.01459	0.67378	0.02767	0.28396
V837	0.2202	0.38583	0.20697	0.187
V838	0.90824	0.037	0.03164	0.02313
V839	0.3007	0.5816	0.1177	0
V840	0.2983	0.68141	0.02029	0
V841	0	0.09077	0.85204	0.05719
V842	0.34815	0.18409	0.26763	0.20013
V843	0.00565	0.06855	0.84977	0.07603
V844	0.11924	0.11327	0.40178	0.36572
V845	0.05982	0.14956	0.72535	0.06527
V846	0	0.0511	0.76078	0.18813
V847	0.0107	0	0.10287	0.88643
V848	0.093	0.50718	0.19584	0.20398
V849	0	0.91921	0.0358	0.04499
V850	0.9308	0	0.01489	0.05431
V851	0.32862	0.51107	0.16031	0
V852	0.13662	0.05536	0.1651	0.64292
V853	0.23511	0.24937	0.40114	0.11438
V854	0.57597	0.17542	0.11024	0.13837
V855	0.0107	0	0.10287	0.88643
V856	0.04209	0.37379	0.36981	0.21432
V857	0.65889	0.17809	0.0314	0.13163
V858	0.54033	0.0235	0.42055	0.01562
V859	0.64517	0.23694	0.01324	0.10465
V860	0.21644	0.12242	0.07821	0.58293
V861	0.08734	0.37319	0.53948	0
V862	0.12783	0.12578	0.69925	0.04714
V863	0.24092	0.06655	0	0.69253
V864	0.11126	0.03625	0.09344	0.75905
V865	0.13594	0.00486	0.30513	0.55406
V866	0.70816	0.01979	0.24711	0.02494
V867	0.70795	0.03055	0.24684	0.01466
V868	0.4945	0.28055	0.14294	0.08201
V869	0.03817	0.91012	0.03526	0.01645
V870	0.12349	0.35329	0.03476	0.48847
V871	0	0.91921	0.0358	0.04499
V872	0.02122	0.02385	0.29302	0.66191
V873	0.86032	0.02445	0.05126	0.06397
V874	0.20171	0.74816	0.05012	0
V875	0.02056	0.21777	0.23676	0.52492
V876	0.15404	0.34586	0.41499	0.08511
V877	0.04367	0.41344	0.31969	0.2232
V878	0.13828	0.77098	0.09073	0
V879	0.19727	0.66031	0.06574	0.07668
V880	0.31305	0.53643	0.0102	0.14032
V881	0.14261	0.07329	0.60352	0.18057
V882	0.7849	0	0.12101	0.09409
V883	0.26754	0.22124	0.51122	0
V884	0.03988	0.29909	0	0.66103
V885	0.70266	0.20855	0.08879	0
V886	0.00534	0.38754	0.47709	0.13003
V887	0.61895	0.06754	0.16447	0.14904
V888	0.09503	0.08591	0.72895	0.09011
V889	0.88797	0.04253	0.01919	0.05031
V890	0.02409	0.185	0.62135	0.16957
V891	0.60544	0.05958	0.28359	0.05139
V892	0.30437	0.19295	0.01521	0.48747
V893	0.55629	0.21938	0.15825	0.06608
V894	0.06321	0.33589	0.57128	0.02962
V895	0.57659	0.07077	0.20406	0.14858
V896	0.05172	0.88959	0.02877	0.02993
V897	0.67931	0.25003	0	0.07066
V898	0.49449	0	0	0.50551
V899	0.03758	0.21307	0.17636	0.57299
V900	0.07599	0.32018	0.37889	0.22495
V901	0.0461	0.81007	0.02652	0.11731
V902	0.06226	0.85682	0.08092	0
V903	0	0.43664	0.52692	0.03644
V904	0.03958	0.92934	0.01236	0.01872
V905	0.1799	0	0.20464	0.61547
V906	0.4105	0.09704	0.12205	0.37041
V907	0.42747	0.49362	0.02673	0.05218
V908	0.03663	0.05284	0.11711	0.79342
V909	0.14483	0.7804	0.0061	0.06867
V910	0.19703	0	0.14547	0.6575
V911	0.50532	0.38309	0.03959	0.07201
V912	0.37997	0.33015	0.13803	0.15186
V913	0.16778	0	0.0265	0.80572
V914	0.18054	0.48903	0.30469	0.02575
V915	0.26534	0	0.01314	0.72152
V916	0.2395	0.08731	0.62753	0.04567
V917	0.69418	0.02669	0.17054	0.10859
V918	0.04613	0.61347	0.25744	0.08296
V919	0.19657	0.25724	0.30927	0.23692
V920	0.59214	0.2039	0.10082	0.10314
V921	0.0569	0.17165	0.06251	0.70895
V922	0.09961	0.4675	0.39722	0.03567
V923	0.12665	0.01242	0.0897	0.77124
V924	0.03909	0.64673	0.29355	0.02063
V925	0.21881	0.03239	0.03374	0.71506
V926	0.23801	0.01582	0.05769	0.68848
V927	0.0605	0.04175	0.10106	0.79669
V928	0.05939	0.85116	0.02673	0.06272
V929	0.05982	0.62452	0.16004	0.15561
V930	0.49779	0.36533	0.03822	0.09866
V931	0.13012	0.29986	0.50315	0.06688
V932	0.02494	0.15203	0.61548	0.20756
V933	0.58839	0.378	0.01476	0.01885
V934	0.00501	0.17784	0.31064	0.50651
V935	0.5359	0.17462	0.21456	0.07492
V936	0.51918	0.27455	0.01591	0.19035
V937	0.53408	0.13482	0.09341	0.23769
V938	0.37483	0.05816	0.31776	0.24925
V939	0.74391	0.01099	0.07722	0.16787
V940	0.02939	0.75537	0.18067	0.03458
V941	0	0.04176	0.92557	0.03268
V942	0.71468	0.18793	0.07071	0.02667
V943	0.37955	0.15245	0.4156	0.0524
V944	0.02712	0.28518	0.09631	0.59139
V945	0.55006	0.34915	0.00924	0.09155
V946	0.43723	0.27282	0.25925	0.0307
V947	0.10216	0.06143	0.26432	0.57209
V948	0.32655	0.05531	0.59597	0.02217
V949	0	0.13116	0.24222	0.62662
V950	0.05634	0.53061	0.23761	0.17543
V951	0.81109	0.01512	0.15342	0.02037
V952	0.07879	0.15224	0.29419	0.47478
V953	0.00624	0.10112	0.85004	0.0426
V954	0.04987	0.2011	0.17633	0.5727
V955	0.13424	0.58915	0.0452	0.23142
V956	0.03553	0.04939	0.54123	0.37385
V957	0.37288	0.00148	0	0.62564
V958	0.1048	0	0	0.8952
V959	0.22185	0.28164	0.42891	0.0676
V960	0.24561	0.28519	0.09768	0.37151
V961	0.13226	0.39603	0.35923	0.11248
V962	0.34753	0.19272	0.39007	0.06967
V963	0.56914	0.17952	0.16669	0.08465
V964	0.81293	0.0273	0.10192	0.05785
V965	0.0582	0.50155	0.21766	0.22259
V966	0.92677	0.01562	0.00404	0.05357
V967	0.05612	0.07082	0.54865	0.32441
V968	0	0.1928	0.74859	0.05861
V969	0.01721	0.30563	0.06629	0.61087
V970	0.03234	0.15186	0.45021	0.3656
V971	0.48186	0.10321	0.3322	0.08273
V972	0.50172	0.20609	0.0554	0.23678
V973	0.27148	0.41864	0.09488	0.21501
V974	0.00521	0.75488	0.16362	0.0763
V975	0.09414	0.31333	0.59253	0
V976	0.42881	0.25424	0.12676	0.19018
V977	0.30859	0.36021	0.3312	0
V978	0.09802	0.09721	0.10242	0.70236
V979	0.78369	0.01669	0.18034	0.01928
V980	0.94882	0	0	0.05118
V981	0.33244	0.04774	0.43738	0.18244
V982	0.43086	0.39191	0.08947	0.08777
V983	0.7036	0.05162	0	0.24478
V984	0.02035	0.79771	0.14431	0.03763
V985	0.10531	0.20266	0.02079	0.67124
V986	0.32147	0.50857	0.0657	0.10426
V987	0.25017	0.72314	0.0073	0.01939
V988	0.25268	0.00588	0.03446	0.70697
V989	0.43486	0.45678	0.09162	0.01673
V990	0	0.0923	0.78279	0.12491
V991	0.63896	0.34157	0	0.01948
V992	0.20383	0.02346	0.5337	0.23901
V993	0.07246	0.68883	0.19765	0.04105
V994	0.19565	0.74346	0.05114	0.00976
V995	0.72091	0.10762	0.02961	0.14186
V996	0.29836	0.13043	0.01756	0.55365
V997	0.00543	0.05395	0.82608	0.11454
V998	0.84913	0.00475	0.06784	0.07828
V999	0.13365	0.84989	0.00978	0.00667
V1000	0.35127	0.01304	0	0.63569
