cytotoxic.CD56.dim.NK.cell	memory.CD4.pos.AB.T.cell	memory.B.cell	CD14.pos.CD16.neg.classical.monocyte
V1	0.59813	0.01174	0.15826	0.23188
V2	0.16218	0.0826	0.05495	0.70026
V3	0.05357	0.65859	0.01352	0.27432
V4	0.866	0.11715	0	0.01684
V5	0.11356	0.49835	0.24943	0.13867
V6	0.07342	0.89167	0.01789	0.01702
V7	0.15487	0.37192	0.08274	0.39047
V8	0.13932	0.04536	0.78916	0.02617
V9	0.2592	0.23471	0.03817	0.46792
V10	0.02064	0.05391	0.88177	0.04368
V11	0.22208	0.36579	0.40763	0.0045
V12	0.02509	0.61617	0.34813	0.01062
V13	0.26819	0.71069	0.00469	0.01644
V14	0.06664	0.92144	0.00614	0.00578
V15	0.12253	0.63065	0.11263	0.13419
V16	0.9156	0.04709	0.01505	0.02226
V17	0.08377	0.88777	0.01141	0.01706
V18	0.59416	0.34126	0.0362	0.02838
V19	0.15791	0.82622	0.00508	0.01079
V20	0.17549	0.48084	0.0204	0.32327
V21	0.14033	0.06995	0.76411	0.02561
V22	0.01764	0.08756	0.2212	0.6736
V23	0.40768	0.05442	0.53286	0.00504
V24	0.92399	0.04665	0.02766	0.0017
V25	0.38027	0.22847	0.12488	0.26639
V26	0.41998	0.38972	0.01718	0.17312
V27	0.10652	0.05486	0.02715	0.81147
V28	0.00433	0.1046	0.88945	0.00162
V29	0.4716	0.03725	0.46804	0.02311
V30	0.10589	0.21034	0.29046	0.39331
V31	0.22405	0.18293	0.30475	0.28827
V32	0.08505	0.02866	0.03987	0.84642
V33	0.04385	0.52333	0.35082	0.08201
V34	0.13953	0.05581	0.77889	0.02578
V35	0.16258	0.74403	0.07065	0.02274
V36	0.00789	0.04082	0.50618	0.44511
V37	0.59572	0.06073	0.08913	0.25442
V38	0.46797	0.00779	0.1684	0.35584
V39	0.17154	0.59214	0.12115	0.11516
V40	0.09684	0.83535	0.06716	0.00065
V41	0.0059	0.71654	0.04341	0.23414
V42	0.24678	0.02597	0.21671	0.51054
V43	0.139	0.34838	0.48859	0.02403
V44	0.01611	0.0767	0.75869	0.1485
V45	0.09856	0.62146	0.20838	0.07159
V46	0.81492	0.07638	0.10381	0.00489
V47	0.48869	0.1789	0.2956	0.03681
V48	0.81083	0.16937	0.00366	0.01614
V49	0.75618	0.18099	0	0.06283
V50	0.06476	0.85832	0.07203	0.00489
V51	0.33176	0.40626	0.23928	0.02271
V52	0.02803	0.12234	0.82304	0.0266
V53	0.74113	0.12609	0.13178	0.00099
V54	0.45696	0.1851	0.34199	0.01594
V55	0.2379	0.11663	0.24926	0.39621
V56	0.04778	0.01747	0.10089	0.83386
V57	0.09466	0.87631	0.01832	0.01071
V58	0.68529	0.01026	0.03895	0.2655
V59	0.45994	0.40914	0.09484	0.03608
V60	0.14492	0.14169	0.34474	0.36865
V61	0.83212	0.09688	0.00883	0.06217
V62	0.89084	0.04218	0.05663	0.01034
V63	0.01516	0.8627	0.1053	0.01683
V64	0.00705	0.88455	0.0011	0.1073
V65	0.01653	0.01085	0.12142	0.8512
V66	0.21889	0.71276	0.01669	0.05166
V67	0.16327	0.33834	0.488	0.01039
V68	0.17312	0.14327	0.02708	0.65653
V69	0.02527	0.32046	0.61383	0.04043
V70	0.59362	0.13747	0.16803	0.10087
V71	0.1817	0.06299	0.3948	0.3605
V72	0.62559	0.14406	0.0871	0.14324
V73	0.15677	0.64533	0.12786	0.07004
V74	0.06231	0.24187	0.69499	0.00083
V75	0.7453	0.01218	0.17181	0.07071
V76	0.00072	0.17417	0.19662	0.62849
V77	0.03861	0.31109	0.01318	0.63712
V78	0.34415	0.10262	0.1891	0.36413
V79	0.00834	0.10557	0.81067	0.07542
V80	0.38135	0.02897	0.52016	0.06952
V81	0.06131	0.17602	0.75695	0.00572
V82	0.00298	0.10385	0.88474	0.00844
V83	0.14759	0.17433	0.07874	0.59933
V84	0.44072	0.03881	0.16184	0.35862
V85	0.11589	0.32008	0.41238	0.15165
V86	0.04969	0.0695	0.84632	0.03449
V87	0.03203	0.86828	0.04727	0.05242
V88	0.184	0.05172	0.28515	0.47913
V89	0.02059	0.0176	0.22654	0.73527
V90	0.02482	0.91627	0.04802	0.01089
V91	0.03305	0.77348	0.17017	0.0233
V92	0.49778	0.02624	0.36617	0.10981
V93	0.90114	0.02347	0	0.07539
V94	0.01564	0.48143	0.02456	0.47838
V95	0.27842	0.44613	0.14986	0.12559
V96	0.07786	0.10169	0.03374	0.7867
V97	0.70934	0.10381	0.18228	0.00457
V98	0.6909	0.29837	0	0.01074
V99	0.81418	0.0531	0.12777	0.00495
V100	0.08413	0.05741	0.83863	0.01983
V101	0.02889	0.05974	0.01406	0.89732
V102	0.92395	0.06079	0.00396	0.01129
V103	0.01198	0.0512	0.11018	0.82664
V104	0.02784	0.95919	0.00679	0.00618
V105	0.05594	0.9255	0.01294	0.00561
V106	0.12402	0.53691	0.30828	0.0308
V107	0.20279	0.19813	0.55982	0.03926
V108	0.15058	0.76652	0.08227	0.00063
V109	0.01517	0.15546	0.6175	0.21186
V110	0.05313	0.89764	0.03231	0.01692
V111	0.91721	0.01817	0.05876	0.00586
V112	0.1421	0.05616	0.45345	0.3483
V113	0.21122	0.09703	0.18745	0.5043
V114	0.27353	0.04206	0.08616	0.59825
V115	0.00763	0.78301	0.20432	0.00505
V116	0.15414	0.31749	0.37714	0.15123
V117	0.6989	0.2445	0.0284	0.0282
V118	0.17044	0.608	0.03343	0.18813
V119	0.12599	0.07549	0.05716	0.74136
V120	0.08446	0.0878	0.81534	0.01241
V121	0.64777	0.11503	0.0864	0.15079
V122	0.95408	0.02373	0.01047	0.01171
V123	0.0064	0.55096	0.04717	0.39547
V124	0.67348	0.28434	0	0.04217
V125	0.40922	0.4182	0.15691	0.01568
V126	0.0408	0.15359	0.05857	0.74704
V127	0.18399	0.04317	0.27419	0.49866
V128	0.03517	0.01753	0.1302	0.81709
V129	0.61412	0.22096	0.14307	0.02185
V130	0.00751	0.68697	0.30049	0.00503
V131	0.02409	0.9152	0.00087	0.05984
V132	0.9406	0.0203	0.02228	0.01682
V133	0.9183	0.02809	0.04291	0.0107
V134	0.11599	0.41258	0.13142	0.34
V135	0.08672	0.02123	0.19908	0.69296
V136	0.26328	0.41532	0.01282	0.30858
V137	0.69118	0.03771	0.22139	0.04972
V138	0.23107	0.41593	0.17542	0.17758
V139	0.39506	0.19575	0.19362	0.21557
V140	0.03252	0.09452	0.06334	0.80962
V141	0.06847	0.15181	0.5655	0.21422
V142	0.79514	0.02535	0.17809	0.00143
V143	0.47448	0.25488	0.06499	0.20565
V144	0.1865	0.14864	0.17721	0.48765
V145	0.001	0.79035	0.20346	0.00518
V146	0.06562	0.02017	0.04431	0.8699
V147	0.92555	0.03083	0.01503	0.02859
V148	0.1407	0.07314	0.59772	0.18844
V149	0.27408	0.52582	0.19576	0.00435
V150	0.09156	0.24538	0.59734	0.06572
V151	0.21405	0.65209	0.03155	0.10231
V152	0.25097	0.46072	0.20849	0.07982
V153	0.10579	0.78356	0.0177	0.09295
V154	0.25753	0.4679	0.2516	0.02297
V155	0.52048	0.13385	0.26886	0.07681
V156	0.03551	0.1416	0.71113	0.11176
V157	0.34033	0.14821	0.31474	0.19673
V158	0.02922	0.00785	0.05374	0.90919
V159	0.89458	0.07009	0	0.03533
V160	0.73601	0.01179	0.0594	0.1928
V161	0.23663	0.01267	0.03914	0.71156
V162	0.06983	0.31806	0.08718	0.52492
V163	0.10127	0.52283	0.16661	0.20929
V164	0.37494	0.30864	0.10394	0.21249
V165	0.01036	0.29601	0.00785	0.68578
V166	0.01041	0.10655	0.08412	0.79893
V167	0.38888	0.00639	0.01299	0.59174
V168	0.29792	0.5866	0.07105	0.04443
V169	0.21172	0.05384	0.04529	0.68915
V170	0.1164	0.02991	0.54473	0.30896
V171	0.14012	0.24691	0.58099	0.03198
V172	0.73374	0.02237	0.23865	0.00525
V173	0.03008	0.15661	0.05053	0.76279
V174	0.01841	0.17602	0.08659	0.71897
V175	0.0687	0.03968	0.78282	0.1088
V176	0.00767	0.83818	0.14901	0.00514
V177	0.01004	0.97627	0.00089	0.0128
V178	0.00632	0.80721	0.00717	0.1793
V179	0.1792	0.01883	0.39977	0.4022
V180	0.02834	0.90179	0.06917	0.00069
V181	0.18007	0.12898	0.55125	0.1397
V182	0.32949	0.17857	0.44554	0.04641
V183	0.17979	0.80958	0.00535	0.00527
V184	0.95785	0.0275	0.01242	0.00223
V185	0.57157	0.4134	0.01012	0.00491
V186	0.12575	0.50803	0.2571	0.10912
V187	0.94471	0.02516	0.02394	0.00619
V188	0.0627	0.25499	0.00721	0.6751
V189	0.84599	0.02514	0.01528	0.11359
V190	0.67985	0.02946	0.28563	0.00505
V191	0.20257	0.20992	0.55606	0.03145
V192	0.3233	0.47914	0.04801	0.14955
V193	0.64817	0.03572	0.21829	0.09782
V194	0.03481	0.94166	0.00584	0.01769
V195	0.01516	0.07602	0.90004	0.00878
V196	0.01605	0.09383	0.02417	0.86595
V197	0.45744	0.04682	0.02907	0.46668
V198	0.06583	0.53162	0.35538	0.04717
V199	0.18435	0.02699	0.18991	0.59875
V200	0.13425	0.5989	0.01947	0.24738
V201	0.09969	0.59041	0.18292	0.12699
V202	0.01723	0.0444	0.78291	0.15546
V203	0.17272	0.4457	0.36508	0.0165
V204	0.00697	0.57918	0.00988	0.40397
V205	0.0211	0.08976	0.8754	0.01374
V206	0.05205	0.12229	0.81939	0.00627
V207	0.14682	0.19716	0.06007	0.59595
V208	0.27037	0.08125	0.63746	0.01092
V209	0.3236	0.48042	0.0646	0.13139
V210	0.08406	0.79861	0.07998	0.03735
V211	0.4655	0.01695	0.03778	0.47977
V212	0.54054	0.04945	0.39385	0.01616
V213	0.68507	0.03148	0.10165	0.1818
V214	0.37019	0.15379	0.16604	0.30998
V215	0.32317	0.09532	0.02406	0.55744
V216	0.05059	0.00656	0.04376	0.89909
V217	0.0437	0.52609	0.23074	0.19948
V218	0.10237	0.47502	0.16934	0.25327
V219	0.1086	0.67413	0.01246	0.20481
V220	0.00639	0.86254	0.00637	0.1247
V221	0.83831	0.01387	0.00473	0.14309
V222	0.35134	0.12895	0.3642	0.15551
V223	0.00781	0.15118	0.77452	0.06649
V224	0.94835	0.02564	0.02399	0.00201
V225	0.0547	0.8915	0.04871	0.00509
V226	0.33126	0.0942	0.56399	0.01054
V227	0.80509	0.01732	0.16725	0.01034
V228	0.81023	0.06324	0.05655	0.06999
V229	0.02165	0.06596	0.89106	0.02133
V230	0.02106	0.04427	0.04117	0.8935
V231	0.01574	0.2967	0.11918	0.56838
V232	0.04346	0.69592	0.00237	0.25826
V233	0.61535	0.08192	0.18576	0.11698
V234	0.03458	0.92841	0.02593	0.01107
V235	0.40544	0.06908	0.50216	0.02332
V236	0.04737	0.08409	0.80219	0.06635
V237	0.17814	0.01394	0.04239	0.76554
V238	0.13526	0.58064	0.24581	0.03829
V239	0.06858	0.43312	0.02364	0.47467
V240	0.52521	0.04573	0.39254	0.03653
V241	0.01956	0.05046	0.87094	0.05905
V242	0.12853	0.78244	0.07894	0.01009
V243	0.26154	0.05423	0.62119	0.06304
V244	0.2218	0.03305	0.67386	0.07129
V245	0.62526	0.28901	0.04334	0.04239
V246	0.05955	0.16678	0.75515	0.01852
V247	0.17664	0.0639	0.7582	0.00126
V248	0.02737	0.04359	0.06302	0.86602
V249	0.00217	0.07378	0.86495	0.05911
V250	0.78144	0.02016	0.19316	0.00524
V251	0.93206	0.05722	0.00439	0.00633
V252	0.00993	0.85642	0.13293	0.00072
V253	0.4058	0.06419	0.16438	0.36563
V254	0.00856	0.9427	0.04311	0.00563
V255	0.04369	0.92459	0.00075	0.03098
V256	0.19236	0.21572	0.51823	0.07369
V257	0.46906	0.09254	0.22961	0.20879
V258	0.19368	0.2682	0.42725	0.11087
V259	0.03576	0.30972	0.62204	0.03248
V260	0.00184	0.31396	0.67823	0.00596
V261	0.66244	0.03347	0.18146	0.12263
V262	0.10588	0.06369	0.02662	0.80382
V263	0.01743	0.9633	0.00074	0.01852
V264	0.17961	0.03934	0.44789	0.33315
V265	0.03485	0.01009	0.15989	0.79518
V266	0.63563	0.35734	0.00581	0.00122
V267	0.00066	0.18044	0.30384	0.51506
V268	0.42503	0.02375	0.14348	0.40774
V269	0.00652	0.58686	0.36758	0.03905
V270	0.68328	0.02957	0.22236	0.06479
V271	0.83246	0.06279	0.02771	0.07703
V272	0.0517	0.85294	0.01158	0.08378
V273	0.06258	0.03023	0.0509	0.85629
V274	0.73852	0.01141	0.16394	0.08613
V275	0.00321	0.08232	0.9047	0.00977
V276	0.53314	0.33335	0.00982	0.1237
V277	0.03625	0.21354	0.1727	0.5775
V278	0.03725	0.05818	0.31609	0.58848
V279	0.73431	0.05478	0.09904	0.11187
V280	0.02922	0.00785	0.05374	0.90919
V281	0.59274	0.03029	0.13302	0.24395
V282	0.05862	0.08604	0.80585	0.04949
V283	0.21859	0.60309	0.05651	0.12181
V284	0.0259	0.91919	0.0496	0.00531
V285	0.07977	0.06466	0.85391	0.00167
V286	0.25653	0.56571	0.09965	0.0781
V287	0.09433	0.87735	0.01132	0.017
V288	0.01461	0.28458	0.44411	0.25671
V289	0.30631	0.21882	0.41138	0.06349
V290	0.81154	0.17554	0.01151	0.00142
V291	0.51814	0.0755	0.39634	0.01002
V292	0.93748	0.02065	0	0.04187
V293	0.31519	0.03731	0.61626	0.03125
V294	0.0931	0.39512	0.00473	0.50704
V295	0.01631	0.1815	0.20588	0.59631
V296	0.19055	0.12548	0.61077	0.07319
V297	0.08251	0.00719	0.08945	0.82086
V298	0.31992	0.11164	0.55798	0.01047
V299	0.07175	0.29689	0.01915	0.61222
V300	0.0012	0.0416	0.25512	0.70208
V301	0.12793	0.11619	0.65451	0.10137
V302	0.64989	0.33942	0	0.01069
V303	4e-04	0.62613	0.34934	0.02413
V304	0.05736	0.04396	0.75164	0.14704
V305	0.13004	0.15746	0.47712	0.23538
V306	0.83403	0.08996	0.04167	0.03434
V307	0.01684	0.95846	0.01302	0.01168
V308	0.24981	0.22713	0.30048	0.22258
V309	0.35764	0.31718	0.02643	0.29875
V310	0.08088	0.32988	0.15573	0.43351
V311	0.51453	0.47585	0.00456	0.00505
V312	0.09623	0.76425	0.12316	0.01636
V313	9e-04	0.13163	0.0313	0.83617
V314	0.01445	0.50925	0.11191	0.36439
V315	0.12095	0.65756	0.03379	0.1877
V316	0.33753	0.13043	0.38579	0.14626
V317	0.08461	0.73517	0.04108	0.13915
V318	0.0339	0.59315	0.01504	0.35791
V319	0.06054	0.08441	0.82854	0.02651
V320	0.07979	0.14821	0.66031	0.11169
V321	0.62553	0.36748	0.0058	0.00119
V322	0.20732	0.33177	0.07278	0.38813
V323	0.05702	0.02627	0.10604	0.81067
V324	0.67764	0.24849	0.05845	0.01543
V325	0.30682	0.64244	0.04618	0.00456
V326	0.00011	0.59816	0.08953	0.31221
V327	0.01817	0.15122	0.11638	0.71422
V328	0.04661	0.04444	0.75263	0.15633
V329	0.18648	0.10747	0.17816	0.52789
V330	0.41846	0.01651	0.33107	0.23396
V331	0.37652	0.08324	0.04641	0.49383
V332	0.00947	0.05344	0.20475	0.73234
V333	0.45643	0.07322	0.3754	0.09495
V334	0.38026	0.01739	0.35659	0.24575
V335	0.02416	0.34963	0.51459	0.11162
V336	0.17526	0.72326	0.01719	0.08429
V337	0.29517	0.41032	0.27163	0.02288
V338	0.00091	0.98384	0.0084	0.00685
V339	0.13113	0.05331	0.80864	0.00692
V340	0.05679	0.22943	0.54083	0.17295
V341	0.02574	0.04073	0.08161	0.85193
V342	0.25939	0.02744	0.59929	0.11388
V343	0.95349	0.03497	0.00477	0.00676
V344	0.68528	0.15517	0.15866	0.00089
V345	0.0203	0.09127	0.88706	0.00137
V346	0.24994	0.1068	0.2931	0.35016
V347	0.04497	0.01636	0.1466	0.79207
V348	0.05279	0.69258	0.13055	0.12408
V349	0.37363	0.16104	0.37638	0.08895
V350	0.0273	0.82166	0.15037	0.00067
V351	0.01706	0.03803	0.42127	0.52364
V352	0.04863	0.04918	0.83584	0.06635
V353	0.89628	0.02825	0.02778	0.04768
V354	0.04297	0.72611	0.20044	0.03047
V355	0.29554	0.0747	0.46445	0.16531
V356	0.03453	0.02839	0.11863	0.81846
V357	0.11692	0.34096	0.28362	0.2585
V358	0.58177	0.09734	0.04751	0.27337
V359	0.60974	0.05243	0.03238	0.30545
V360	0.55025	0.42378	0.016	0.00996
V361	0.00119	0.48003	0.51336	0.00542
V362	0.00104	0.97701	0.01538	0.00657
V363	0.18152	0.11478	0.48187	0.22183
V364	0.16398	0.07289	0.68118	0.08195
V365	0.28468	0.02833	0.02052	0.66647
V366	0.07407	0.71936	0.07479	0.13178
V367	0.6041	0.13339	0.0056	0.25691
V368	0.08449	0.76504	0.07301	0.07745
V369	0.01717	0.4279	0.54975	0.00519
V370	0.31266	0.27754	0.38655	0.02325
V371	0.18514	0.73908	0.02384	0.05193
V372	0.17345	0.05206	0.1298	0.64469
V373	0.08027	0.13796	0.4926	0.28917
V374	0.78002	0.03171	0.18704	0.00123
V375	0.04192	0.04237	0.16173	0.75398
V376	0.03372	0.03684	0.1166	0.81284
V377	0.81329	0.00824	0.0107	0.16778
V378	0.00803	0.03967	0.4311	0.5212
V379	0.35969	0.19546	0.01422	0.43064
V380	0.15931	0.06971	0.21237	0.55861
V381	0.76635	0.0184	0.08178	0.13347
V382	0.08648	0.07151	0.83525	0.00676
V383	0.85394	0.01386	0.04172	0.09048
V384	0.59728	0.07063	0.12363	0.20845
V385	0.87446	0.02219	0.06265	0.0407
V386	0.3231	0.01767	0.15039	0.50883
V387	0.62148	0.1383	0.17382	0.06639
V388	0.39748	0.33118	0.13833	0.13301
V389	0.42045	0.51887	0.00986	0.05082
V390	0.30676	0.26299	0.42576	0.00449
V391	0.44677	0.10106	0.02091	0.43126
V392	0.45646	0.21434	0.15813	0.17107
V393	0.29955	0.22605	0.34572	0.12868
V394	0.09473	0.23455	0.11776	0.55296
V395	0.23127	0.40501	0.19602	0.16769
V396	0.0084	0.96682	0.00665	0.01813
V397	0.80113	0.08373	0.08731	0.02783
V398	0.48087	0.12875	0.09344	0.29694
V399	0.19664	0.57697	0.13843	0.08796
V400	2e-04	0.61911	0.0623	0.31839
V401	0.03581	0.16734	0.73068	0.06616
V402	0.7854	0.18245	0.03094	0.0012
V403	0.02602	0.03168	0.09301	0.84929
V404	0.09154	0.20073	0.62416	0.08357
V405	0.23521	0.03391	0.17621	0.55468
V406	0.66245	0.24207	0.01529	0.08019
V407	0.00091	0.98384	0.0084	0.00685
V408	0.09211	0.24725	0.41242	0.24822
V409	0.00151	0.0425	0.05362	0.90237
V410	0.08373	0.87459	0.02489	0.01679
V411	0.46865	0.01462	0.00489	0.51184
V412	0.16743	0.07812	0.5128	0.24165
V413	0.05474	0.51358	0.1796	0.25207
V414	0.03326	0.53537	0.3221	0.10927
V415	0.47729	0.0314	0.2275	0.26381
V416	0.01625	0.1249	0.85765	0.0012
V417	0.37564	0.61452	0.00477	0.00507
V418	0.07337	0.10229	0.1546	0.66973
V419	0.02603	0.00921	0.06233	0.90244
V420	0.00032	0.91225	0.01231	0.07512
V421	0.16376	0.05417	0.68241	0.09966
V422	0.05049	0.07443	0.02151	0.85357
V423	0.08413	0.05741	0.83863	0.01983
V424	0.00129	0.06301	0.63895	0.29675
V425	0.05664	0.24511	0.60484	0.09341
V426	0.09274	0.06531	0.78462	0.05733
V427	0.06729	0.41627	0.19487	0.32157
V428	0.08394	0.79965	0.04764	0.06878
V429	0.02362	0.00967	0.07037	0.89634
V430	0.76839	0.16104	0.01486	0.05571
V431	0.19174	0.03239	0.46642	0.30945
V432	0.11271	0.09523	0.05686	0.7352
V433	0.0528	0.76538	0.00163	0.18019
V434	0.36392	0.07358	0.05532	0.50717
V435	0.54367	0.01616	0.1181	0.32207
V436	0.41106	0.01656	0.11652	0.45586
V437	0.24375	0.23695	0.00941	0.50989
V438	0.64221	0.15147	0.0304	0.17591
V439	0.0363	0.1137	0.02016	0.82983
V440	0.5163	0.03767	0.03541	0.41062
V441	0.06818	0.13248	0.61822	0.18112
V442	0.3356	0.34752	0.13267	0.18421
V443	0.77293	0.01295	0.0815	0.13262
V444	0.0203	0.09127	0.88706	0.00137
V445	0.63629	0.03085	0.31061	0.02225
V446	0.03195	0.85997	0.04756	0.06052
V447	0.6653	0.09024	0.16256	0.0819
V448	0.01826	0.06904	0.21198	0.70072
V449	0.59391	0.04499	0.27842	0.08268
V450	0.13843	0.84659	0.01408	0.00091
V451	0.9225	0.06015	0	0.01735
V452	0.03814	0.01887	0.09409	0.8489
V453	0.82933	0.07302	0.05645	0.0412
V454	7e-04	0.94558	0.04224	0.01148
V455	0.62935	0.03979	0.2806	0.05026
V456	0.34976	0.12022	0.38429	0.14573
V457	0.00131	0.06222	0.03623	0.90024
V458	0.28105	0.23412	0.00891	0.47592
V459	0.01407	0.82742	0.0815	0.07701
V460	0.94363	0.02223	0.02287	0.01127
V461	0.0655	0.04381	0.02312	0.86758
V462	0.36608	0.2501	0.00282	0.381
V463	0.26271	0.49195	0.14821	0.09713
V464	0.53675	0.09931	0.00685	0.35708
V465	0.41657	0.43249	0.02362	0.12731
V466	0.61082	0.18243	0.00504	0.20171
V467	0.31968	0.58087	0.07005	0.0294
V468	0.51224	0.40055	0.04424	0.04297
V469	0.01552	0.17976	0.30428	0.50043
V470	0.58458	0.11877	0.169	0.12764
V471	0.28636	0.10618	0.04066	0.5668
V472	0.33729	0.33962	0.00229	0.3208
V473	0.09984	0.56995	0.31357	0.01664
V474	0.12707	0.00721	0.1193	0.74642
V475	0.1921	0.41646	0.07999	0.31145
V476	0.1759	0.02163	0.06673	0.73573
V477	0.63307	0.04046	0.19345	0.13302
V478	0.13329	0.61644	0.00659	0.24369
V479	0.01676	0.10396	0.80387	0.0754
V480	0.0819	0.3289	0.05031	0.53889
V481	0.15216	0.05399	0.78148	0.01237
V482	0.71678	0.15724	0.09787	0.0281
V483	0.13552	0.1112	0.08192	0.67136
V484	0.02544	0.08396	0.04026	0.85034
V485	0.11731	0.76141	0.01133	0.10995
V486	0.28882	0.26878	0.12851	0.31388
V487	0.07706	0.05016	0.09959	0.7732
V488	0.00368	0.05095	0.85252	0.09286
V489	0.22462	0.11823	0.64629	0.01087
V490	0.3614	0.31876	0.06773	0.25211
V491	0.45209	0.46712	0.02989	0.0509
V492	0.02523	0.85538	0.1144	0.00499
V493	0.04559	0.00673	0.01627	0.93141
V494	0.20616	0.1597	0.52361	0.11052
V495	0.22456	0.63719	0.12229	0.01597
V496	0.27035	0.69255	0.00021	0.0369
V497	0.01688	0.06464	0.90891	0.00957
V498	0.33887	0.10329	0.05571	0.50213
V499	0.62055	0.26715	0.10786	0.00444
V500	0.10434	0.13806	0.72492	0.03268
V501	0.00267	0.01522	0.08222	0.8999
V502	0.56765	0.27538	0.13512	0.02185
V503	0.21121	0.09715	0.20904	0.4826
V504	0.22954	0.70838	0.01046	0.05162
V505	0.21118	0.21655	0.26086	0.31141
V506	0.0915	0.26044	0.46451	0.18355
V507	0.64867	0.09716	0.11197	0.1422
V508	0.76739	0.16313	0.03493	0.03455
V509	0.24407	0.06889	0.51072	0.17632
V510	0.22816	0.53196	0.23549	0.00439
V511	0.04539	0.44785	0.04852	0.45824
V512	0.26135	0.0505	0.08651	0.60164
V513	0.0753	0.67535	0.19502	0.05432
V514	0.01983	0.09152	0.01341	0.87524
V515	0.79527	0.06106	0.0425	0.10117
V516	0.89257	0.101	0	0.00643
V517	0.03879	0.03369	0.27314	0.65437
V518	0.93918	0.05372	0	0.00709
V519	0.02305	0.8878	0.00588	0.08327
V520	0.02655	0.02715	0.6328	0.3135
V521	0.5888	0.05319	0.33565	0.02236
V522	0.00671	0.13378	0.59667	0.26284
V523	0.38028	0.12505	0.25885	0.23582
V524	0.00643	0.80082	0.16934	0.02341
V525	0.27192	0.21158	0.03034	0.48616
V526	0.67836	0.07792	0.06877	0.17495
V527	0.21848	0.0306	0.40998	0.34094
V528	0.09386	0.86803	0.00057	0.03754
V529	0.06121	0.06528	0.23953	0.63398
V530	0.00705	0.21856	0.68142	0.09297
V531	0.01867	0.88017	0.10047	0.00069
V532	0.18033	0.34338	0.03018	0.44611
V533	0.29721	0.3626	0.13436	0.20584
V534	0.00831	0.03955	0.71947	0.23268
V535	0.58293	0.00612	0.01466	0.3963
V536	0.20325	0.01426	0.38393	0.39855
V537	0.60118	0.2558	0.1335	0.00952
V538	0.48907	0.05383	0.08547	0.37164
V539	0.27842	0.44613	0.14986	0.12559
V540	0.19756	0.71033	0.06251	0.0296
V541	0.01478	0.54191	0.06421	0.37909
V542	0.21146	0.12766	0.26228	0.3986
V543	0.89216	0.01591	0.00959	0.08233
V544	0.10913	0.08977	0.18367	0.61743
V545	0.39238	0.14081	0.0706	0.39621
V546	0.04474	0.89362	0.05654	0.0051
V547	0.03445	0.66975	0.28536	0.01044
V548	0.15082	0.77347	0.07106	0.00465
V549	0.33938	0.05403	0.59574	0.01084
V550	0.61566	0.03286	0.00241	0.34906
V551	0.17336	0.75128	0.03101	0.04435
V552	0.00029	0.56749	0.01046	0.42175
V553	0.23861	0.16059	0.58381	0.017
V554	0.05659	0.09563	0.03561	0.81217
V555	0.093	0.23448	0.34604	0.32648
V556	0.00263	0.07642	0.89183	0.02912
V557	0.83657	0.03231	0.00946	0.12166
V558	0.06206	0.81113	0.02521	0.10159
V559	0.00983	0.82202	0.16746	0.00068
V560	0.67156	0.32289	0	0.00555
V561	0.00321	0.08232	0.9047	0.00977
V562	0.80496	0.01517	0.10289	0.07698
V563	0.25597	0.04425	0.69376	0.00601
V564	0.06158	0.1068	0.8192	0.01243
V565	0.13016	0.26908	0.38549	0.21527
V566	0.72325	0.09544	0.00458	0.17673
V567	0.22556	0.46671	0.02679	0.28094
V568	0.26047	0.01187	0.06258	0.66508
V569	0.70637	0.03238	0.00144	0.25981
V570	0.02498	0.30732	0.61051	0.0572
V571	0.82552	0.12606	0	0.04842
V572	0.46788	0.02409	0.42376	0.08427
V573	0.06392	0.18956	0.01534	0.73118
V574	0.03371	0.80633	0.14958	0.01037
V575	0.01921	0.09012	0.14064	0.75003
V576	0.14824	0.80985	0.03165	0.01026
V577	0.03903	0.04989	0.23153	0.67955
V578	0.05673	0.07961	0.69501	0.16865
V579	0.00701	0.89586	0.08008	0.01705
V580	0.162	0.01253	0.12396	0.70152
V581	0.07188	0.09285	0.0111	0.82417
V582	0.61105	0.14287	0.03106	0.21503
V583	0.00754	0.05925	0.61316	0.32004
V584	0.54451	0.1565	0.26993	0.02905
V585	0.00852	0.02769	0.47054	0.49326
V586	0.24766	0.03444	0.63822	0.07967
V587	0.27966	0.04071	0.65515	0.02448
V588	0.65992	0.04435	0.02451	0.27122
V589	0.05164	0.84038	0.05548	0.0525
V590	0.0449	0.78257	0.16771	0.00481
V591	0.00119	0.04823	0.22605	0.72452
V592	0.16587	0.07703	0.75592	0.00118
V593	0.61493	0.00898	0.17465	0.20144
V594	0.35223	0.29444	0.31564	0.03769
V595	0.03362	0.0396	0.03809	0.8887
V596	0.03493	0.29602	0.23344	0.43561
V597	0.00034	0.60792	0.32015	0.07159
V598	0.01929	0.14961	0.81843	0.01268
V599	0.63028	0.31927	0.02867	0.02179
V600	0.36835	0.48301	0.04673	0.10191
V601	0.17064	0.28666	0.08425	0.45845
V602	0.0359	0.04326	0.02844	0.8924
V603	0.00795	0.40219	0.01959	0.57028
V604	0.54137	0.12079	0.31551	0.02232
V605	0.06735	0.34515	0.40476	0.18275
V606	0.74641	0.15044	0.00907	0.09407
V607	0.68287	0.0167	0.10183	0.19859
V608	0.23543	0.16312	0.38995	0.2115
V609	0.02493	0.24793	0.24678	0.48036
V610	0.79313	0.0257	0.08052	0.10066
V611	0.30923	0.011	0.06041	0.61936
V612	0.02671	0.11369	0.80156	0.05804
V613	0.03537	0.35459	0.57781	0.03224
V614	0.78653	0.0612	0.04267	0.1096
V615	0.14242	0.06134	0.01702	0.77922
V616	0.07365	0.73666	0.04129	0.1484
V617	0.48575	0.17539	0.33816	7e-04
V618	0.74856	0.01371	0.00122	0.23651
V619	0.41133	0.03593	0.31485	0.23789
V620	0.00751	0.68697	0.30049	0.00503
V621	0.45869	0.15108	0.16922	0.22101
V622	0.37536	0.22943	0.3722	0.02301
V623	0.01917	0.07946	0.16139	0.73998
V624	0.78493	0.1986	0	0.01647
V625	0.27386	0.51064	0.09207	0.12343
V626	0.94728	0.04046	0	0.01226
V627	0.00139	0.03943	0.10068	0.8585
V628	0.00075	0.25207	0.02412	0.72307
V629	0.13032	0.30412	0.28478	0.28078
V630	0.03521	0.3536	0.57116	0.04003
V631	0.01723	0.20684	0.11338	0.66255
V632	0.61634	0.00714	0.13034	0.24618
V633	0.0018	0.06529	0.82287	0.11003
V634	0.4126	0.2738	0.30924	0.00436
V635	0.02312	0.78925	0.00676	0.18087
V636	0.12816	0.11511	0.64579	0.11094
V637	0.3288	0.19754	0.08994	0.38372
V638	0.40209	0.25968	0.06757	0.27066
V639	0.274	0.44396	0.28147	0.00057
V640	0.03662	0.1725	0.74977	0.04111
V641	0.89549	0.0426	0.02093	0.04098
V642	0.77323	0.1713	0	0.05547
V643	0.00631	0.19409	0.4693	0.33029
V644	0.9002	0.08481	0.00394	0.01106
V645	0.26974	0.42396	0.29022	0.01607
V646	0.00997	0.97592	0.00759	0.00652
V647	0.15205	0.10329	0.69659	0.04807
V648	0.42087	0.43631	0.12071	0.02212
V649	0.02744	0.08971	0.8327	0.05015
V650	0.05792	0.10944	0.77507	0.05756
V651	0.32202	0.04034	0.63194	0.00571
V652	0.09258	0.09504	0.45937	0.35301
V653	0.12012	0.69205	0.09207	0.09575
V654	0.7145	0.19302	0.05037	0.04211
V655	0.03367	0.6058	0.02193	0.33859
V656	0.21844	0.28307	0.01557	0.48292
V657	0.02793	0.08976	0.02274	0.85957
V658	0.62943	0.2025	0.05254	0.11554
V659	0.35128	0.08855	0.36566	0.1945
V660	0.0266	0.95428	0.00076	0.01836
V661	0.05618	0.44806	0.05668	0.43909
V662	0.43424	0.03033	0.44994	0.08549
V663	0.25408	0.08218	0.56452	0.09921
V664	0.21295	0.08425	0.66341	0.03939
V665	0.71158	0.18072	0.03555	0.07215
V666	0.61525	0.00654	0.09618	0.28203
V667	0.76781	0.08372	0.14743	0.00103
V668	0.11797	0.80658	0.07478	0.00067
V669	0.24054	0.42749	0.24223	0.08973
V670	0.07469	0.90693	6e-04	0.01778
V671	0.38327	0.28939	0.24818	0.07916
V672	0.02029	0.07021	0.88147	0.02803
V673	0.24445	0.38048	0.22731	0.14776
V674	0.74226	0.14005	0.01524	0.10245
V675	0.14157	0.34117	0.32441	0.19286
V676	0.02868	0.11751	0.11763	0.73618
V677	0.40003	0.40707	0.08979	0.10311
V678	0.50733	0.47746	0.01033	0.00489
V679	0.04703	0.33763	0.60431	0.01104
V680	0.30921	0.55263	0.12224	0.01592
V681	0.89812	0.0705	0.00905	0.02233
V682	0.11482	0.31517	0.53816	0.03185
V683	0.01315	0.96488	0.02113	0.00085
V684	0.72045	0.15519	0.08228	0.04209
V685	0.51118	0.34168	0.11124	0.0359
V686	0.09523	0.18691	0.16072	0.55715
V687	0.03605	0.02715	0.04111	0.89569
V688	0.37825	0.51394	0.00037	0.10744
V689	0.27258	0.00558	0.05442	0.66742
V690	0.4947	0.05155	0.4018	0.05196
V691	0.16512	0.05075	0.77754	0.00659
V692	0.0802	0.15411	0.70855	0.05714
V693	0.24807	0.11048	0.37884	0.26261
V694	0.00858	0.03817	0.31745	0.6358
V695	0.25841	0.01207	0.16475	0.56478
V696	0.07925	0.09345	0.02583	0.80147
V697	0.01826	0.07776	0.02579	0.87818
V698	0.84067	0.01354	0.01014	0.13565
V699	0.58533	0.28026	0.06023	0.07419
V700	0.24936	0.03094	0.01494	0.70477
V701	0.11239	0.55368	0.10719	0.22675
V702	0.5729	0.07961	0.0124	0.33509
V703	0.14153	0.05883	0.50588	0.29376
V704	0.84058	0.04664	0.02126	0.09152
V705	0.9521	0.01488	0.01005	0.02297
V706	0.08051	0.07186	0.77303	0.07461
V707	0.03465	0.45643	0.47711	0.03181
V708	0.03214	0.8898	0.01809	0.05997
V709	0.14058	0.27644	0.51774	0.06525
V710	0.62867	0.20219	0.04506	0.12408
V711	0.08422	0.81365	0.07912	0.02302
V712	0.83388	0.05577	0.00389	0.10646
V713	0.45618	0.29812	0.03225	0.21345
V714	0.00613	0.7023	0.02093	0.27063
V715	0.31524	0.34153	0.28917	0.05406
V716	0.03723	0.05099	0.05959	0.85219
V717	0.0757	0.91185	6e-04	0.01185
V718	0.14782	0.58455	0.16951	0.09812
V719	0.05246	0.73742	0.0341	0.17602
V720	0.72154	0.01381	0.20848	0.05618
V721	0.12999	0.16835	0.48712	0.21454
V722	0.09307	0.36265	0.01726	0.52702
V723	0.11658	0.09089	0.01678	0.77575
V724	0.61307	0.02922	0.08002	0.27769
V725	0.00206	0.12989	0.84049	0.02756
V726	0.03456	0.40386	0.12431	0.43727
V727	0.26435	0.65272	0.07847	0.00446
V728	0.02542	0.88855	0.08091	0.00512
V729	0.43641	0.01719	0.16206	0.38434
V730	0.90465	0.03886	0.03453	0.02196
V731	0.02448	0.20326	0.41585	0.35641
V732	0.37625	0.07894	0.35169	0.19313
V733	0.66859	0.17989	0.02928	0.12223
V734	0.24749	0.32143	0.42656	0.00452
V735	0.01663	0.03957	0.50731	0.43648
V736	0.15878	0.01634	0.01948	0.80539
V737	0.34966	0.29117	0.23286	0.12631
V738	0.07884	0.34609	0.45374	0.12134
V739	0.00132	0.03707	0.62027	0.34134
V740	0.84433	0.08843	0.05724	0.01
V741	0.51774	0.09913	0.1195	0.26363
V742	0.39378	0.5933	0.01207	0.00084
V743	0.14048	0.15925	0.68258	0.01769
V744	0.55069	0.04583	0.31138	0.0921
V745	0.01393	0.72253	0.1673	0.09625
V746	0.96899	0.02289	0	0.00812
V747	0.05716	0.03226	0.71751	0.19307
V748	0.12865	0.11132	0.60056	0.15947
V749	0.29965	0.17753	0.05541	0.46741
V750	0.4216	0.46184	0.01637	0.1002
V751	0.04152	0.88162	0.03215	0.04471
V752	0.49131	0.22204	0.1276	0.15906
V753	0.03385	0.04713	0.01457	0.90446
V754	0.00775	0.93879	0.00089	0.05257
V755	0.15705	0.1977	0.35413	0.29111
V756	0.03056	0.02295	0.06878	0.87771
V757	0.33903	0.58513	0.05349	0.02235
V758	0.04198	0.78905	0.10754	0.06144
V759	0.13069	0.06522	0.42209	0.38199
V760	0.31426	0.05876	0.28584	0.34114
V761	0.06491	0.60159	0.26142	0.07207
V762	0.00052	0.41393	0.0199	0.56565
V763	0.40244	0.35807	0.02502	0.21448
V764	0.00705	0.93429	0.00626	0.0524
V765	0.69027	0.08855	0.00108	0.22009
V766	0.0145	0.33414	0.44869	0.20267
V767	0.51439	0.12187	0.23366	0.13008
V768	0.05327	0.91142	0.01825	0.01706
V769	0.13733	0.82746	0.02482	0.01039
V770	0.00997	0.97592	0.00759	0.00652
V771	0.17591	0.05225	0.75971	0.01212
V772	0.14169	0.07904	0.77328	0.00599
V773	0.15791	0.82622	0.00508	0.01079
V774	0.02176	0.05705	0.89238	0.02881
V775	0.11993	0.04582	0.30015	0.53411
V776	0.44084	0.42059	0.04602	0.09255
V777	0.1863	0.11763	0.14736	0.54871
V778	0.55901	0.27092	0.06155	0.10852
V779	0.1799	0.05017	0.51016	0.25977
V780	0.1085	0.7751	0.11577	0.00063
V781	0.05118	0.0414	0.04202	0.8654
V782	0.00805	0.14349	0.7903	0.05816
V783	0.80896	0.0249	0.04268	0.12346
V784	0.10639	0.87623	0.01203	0.00535
V785	0.03426	0.93621	0.0121	0.01743
V786	0.73694	0.15485	0.07344	0.03477
V787	0.00091	0.85391	0.13985	0.00534
V788	0.52786	0.29878	0.13735	0.03601
V789	0.06953	0.38682	0.03245	0.5112
V790	0.4838	0.03054	0.07734	0.40833
V791	0.14026	0.38972	0.32977	0.14025
V792	0.13467	0.56276	0.00703	0.29553
V793	0.12019	0.67853	0.03343	0.16785
V794	0.047	0.10098	0.7857	0.06633
V795	0.11519	0.04895	0.06882	0.76705
V796	0.02891	0.11704	0.83447	0.01958
V797	0.76961	0.01838	0.20171	0.01031
V798	0.62572	0.29234	0.06656	0.01539
V799	0.12814	0.78754	0.02421	0.06011
V800	0.0686	0.0371	0.54021	0.35409
V801	0.14518	0.12016	0.34536	0.3893
V802	0.03686	0.08437	0.295	0.58378
V803	0.22587	0.52989	0.24375	0.00049
V804	0.55067	0.02823	0.36233	0.05876
V805	0.02335	0.07333	0.90144	0.00188
V806	0.04245	0.91561	0.0115	0.03043
V807	0.27348	0.15709	0.03986	0.52957
V808	0.67065	0.2656	0.03557	0.02818
V809	0.04702	0.09458	0.85717	0.00123
V810	0.01161	0.98024	0.00091	0.00724
V811	0.45702	0.07335	0.19995	0.26968
V812	0.56955	0.25922	0.0456	0.12564
V813	0.61628	0.19173	0.17012	0.02187
V814	0.43037	0.52709	0.03794	0.0046
V815	9e-04	0.92709	0.06641	0.0056
V816	0.91742	0.02385	0.05685	0.00188
V817	0.02998	0.11228	0.84475	0.013
V818	0.00118	0.0745	0.05711	0.86721
V819	0.84244	0.08159	0.04162	0.03435
V820	0.13775	0.10462	0.03031	0.72732
V821	0.22956	0.32501	0.38153	0.0639
V822	0.07317	0.06523	0.84183	0.01977
V823	0.02519	0.20685	0.684	0.08396
V824	0.09264	0.40161	0.5051	0.00065
V825	0.23558	0.29758	0.25497	0.21187
V826	0.44023	0.41375	0.13645	0.00957
V827	0.37534	0.59215	0.01003	0.02248
V828	0.2368	0.16918	0.1135	0.48052
V829	0.03783	0.26417	0.0451	0.6529
V830	0.23372	0.23656	0.03078	0.49895
V831	0.79163	0.08693	0.02804	0.09339
V832	0.28146	0.41094	0.16188	0.14571
V833	0.14962	0.52979	0.17378	0.14682
V834	0.31352	0.07452	0.08388	0.52808
V835	0.37014	0.45398	0.10727	0.06861
V836	0.00647	0.70829	0.00833	0.27692
V837	0.23226	0.39281	0.18632	0.18861
V838	0.91723	0.05392	0.02313	0.00572
V839	0.30057	0.6084	0.08659	0.00444
V840	0.28388	0.70873	0.00648	0.00091
V841	0.0022	0.08195	0.86455	0.0513
V842	0.38017	0.16606	0.25831	0.19546
V843	0.01815	0.05978	0.85513	0.06694
V844	0.11839	0.0936	0.40131	0.38669
V845	0.06923	0.12599	0.74735	0.05743
V846	0.00166	0.04718	0.75966	0.1915
V847	0.00262	0.01395	0.06349	0.91994
V848	0.08905	0.5355	0.16639	0.20906
V849	0.00062	0.96147	0.00661	0.0313
V850	0.96025	0.01698	0.01082	0.01195
V851	0.33496	0.53344	0.131	6e-04
V852	0.11128	0.05469	0.14418	0.68985
V853	0.25974	0.22928	0.40107	0.1099
V854	0.62394	0.16407	0.09544	0.11655
V855	0.00262	0.01395	0.06349	0.91994
V856	0.04447	0.37006	0.3613	0.22417
V857	0.69681	0.17001	0.02889	0.10429
V858	0.56914	0.03341	0.39237	0.00508
V859	0.67339	0.23115	0.01529	0.08016
V860	0.19842	0.11923	0.06068	0.62167
V861	0.09113	0.37705	0.52121	0.01061
V862	0.13963	0.10554	0.71471	0.04012
V863	0.21233	0.068	0.00793	0.71174
V864	0.06906	0.04499	0.06436	0.8216
V865	0.12008	0.01598	0.28777	0.57618
V866	0.73566	0.03086	0.22337	0.01011
V867	0.73101	0.04074	0.22331	0.00494
V868	0.53637	0.27498	0.1215	0.06715
V869	0.01863	0.96786	0.00719	0.00632
V870	0.10524	0.36115	0.02394	0.50967
V871	0.00062	0.96147	0.00661	0.0313
V872	0.00954	0.02973	0.27574	0.685
V873	0.89296	0.03769	0.04137	0.02798
V874	0.19135	0.78069	0.0272	0.00076
V875	0.01592	0.2033	0.21607	0.56471
V876	0.16518	0.34165	0.41072	0.08246
V877	0.04452	0.41786	0.30319	0.23443
V878	0.12829	0.81221	0.05885	0.00065
V879	0.18805	0.70467	0.03905	0.06823
V880	0.31008	0.55816	0.00494	0.12682
V881	0.1524	0.05681	0.61397	0.17683
V882	0.81722	0.01078	0.11012	0.06189
V883	0.29169	0.21892	0.48873	0.00066
V884	0.01966	0.30516	0.00753	0.66765
V885	0.70411	0.21899	0.07592	0.00098
V886	0.0144	0.38388	0.47171	0.13001
V887	0.66728	0.06403	0.14533	0.12335
V888	0.10369	0.06917	0.74418	0.08296
V889	0.91204	0.05614	0.01535	0.01646
V890	0.03483	0.15697	0.63774	0.17046
V891	0.64849	0.05569	0.26022	0.0356
V892	0.2964	0.1889	0.01564	0.49906
V893	0.60383	0.20852	0.13679	0.05086
V894	0.06799	0.32962	0.57032	0.03207
V895	0.62481	0.06498	0.18512	0.12508
V896	0.03481	0.94166	0.00584	0.01769
V897	0.69527	0.25196	0.00364	0.04913
V898	0.49185	0.00646	0.01068	0.491
V899	0.02658	0.20231	0.15324	0.61787
V900	0.0798	0.30701	0.37616	0.23703
V901	0.03216	0.85359	0.00571	0.10854
V902	0.04503	0.90822	0.04151	0.00524
V903	0.00688	0.44506	0.50818	0.03987
V904	0.02006	0.97211	0.00082	0.007
V905	0.15884	0.00838	0.19304	0.63974
V906	0.43119	0.09068	0.1057	0.37243
V907	0.43242	0.50822	0.016	0.04337
V908	0.0123	0.06137	0.0902	0.83612
V909	0.12626	0.8136	0.00063	0.05952
V910	0.17312	0.00717	0.1338	0.6859
V911	0.52429	0.38853	0.02931	0.05787
V912	0.40907	0.3295	0.11967	0.14176
V913	0.12778	0.00532	0.02306	0.84384
V914	0.18415	0.50942	0.27599	0.03044
V915	0.239	0.00554	0.0174	0.73806
V916	0.26114	0.07325	0.62665	0.03896
V917	0.73826	0.03417	0.14817	0.0794
V918	0.0428	0.65903	0.21816	0.08001
V919	0.2108	0.23982	0.30337	0.24601
V920	0.63881	0.19401	0.08508	0.08209
V921	0.02974	0.17835	0.04072	0.75119
V922	0.10065	0.48513	0.37527	0.03895
V923	0.08285	0.02659	0.05671	0.83386
V924	0.03357	0.6942	0.24868	0.02355
V925	0.1899	0.04042	0.02345	0.74622
V926	0.21256	0.02947	0.03867	0.71931
V927	0.02532	0.05232	0.07022	0.85213
V928	0.04213	0.90025	0.00549	0.05212
V929	0.05312	0.67108	0.12267	0.15313
V930	0.52042	0.36761	0.02967	0.0823
V931	0.14054	0.28768	0.50659	0.06518
V932	0.03475	0.1235	0.62964	0.21211
V933	0.58877	0.39136	0.00974	0.01013
V934	0.0072	0.15849	0.29432	0.53999
V935	0.58698	0.16021	0.19378	0.05903
V936	0.54445	0.26909	0.0167	0.16976
V937	0.57345	0.12596	0.08087	0.21971
V938	0.40112	0.05102	0.30724	0.24062
V939	0.77653	0.0243	0.06586	0.13331
V940	0.02333	0.81407	0.13216	0.03043
V941	0.00388	0.07151	0.91356	0.01105
V942	0.73989	0.18692	0.05781	0.01539
V943	0.41521	0.13438	0.40489	0.04552
V944	0.01681	0.28784	0.07198	0.62338
V945	0.56695	0.35074	0.00936	0.07295
V946	0.47262	0.26261	0.23543	0.02934
V947	0.08392	0.05556	0.24886	0.61166
V948	0.3532	0.05114	0.57858	0.01708
V949	0.00085	0.11979	0.22115	0.65821
V950	0.05442	0.56034	0.20764	0.17759
V951	0.82868	0.03073	0.13543	0.00515
V952	0.07062	0.13322	0.2824	0.51376
V953	0.01927	0.09048	0.86276	0.02749
V954	0.03696	0.19091	0.15304	0.61908
V955	0.12172	0.6239	0.02652	0.22786
V956	0.03589	0.03877	0.54064	0.3847
V957	0.355	0.02244	0.00646	0.6161
V958	0.04559	0.00673	0.01627	0.93141
V959	0.24327	0.26742	0.42535	0.06397
V960	0.24721	0.28223	0.08181	0.38875
V961	0.13934	0.40265	0.34777	0.11024
V962	0.38295	0.173	0.38171	0.06233
V963	0.62022	0.16711	0.14629	0.06638
V964	0.84884	0.03716	0.08606	0.02794
V965	0.05457	0.52598	0.18899	0.23046
V966	0.95281	0.03111	0.00423	0.01185
V967	0.05688	0.05347	0.55394	0.33572
V968	0.00146	0.17475	0.76594	0.05784
V969	0.00814	0.31162	0.04531	0.63492
V970	0.03518	0.12614	0.45082	0.38787
V971	0.52891	0.08834	0.31471	0.06803
V972	0.53507	0.19608	0.04748	0.22137
V973	0.27908	0.43153	0.07675	0.21264
V974	0.00602	0.80856	0.11623	0.06919
V975	0.10424	0.31323	0.57759	0.00493
V976	0.46527	0.24491	0.11064	0.17918
V977	0.32669	0.36643	0.30253	0.00435
V978	0.06381	0.09842	0.07788	0.75989
V979	0.80276	0.03094	0.16122	0.00509
V980	0.96899	0.02289	0	0.00812
V981	0.35653	0.03994	0.43255	0.17097
V982	0.45438	0.39942	0.07036	0.07584
V983	0.72281	0.06186	0.00505	0.21028
V984	0.01456	0.85833	0.09672	0.03039
V985	0.07519	0.21009	0.01418	0.70054
V986	0.32878	0.5305	0.04686	0.09385
V987	0.23326	0.74968	0.00019	0.01686
V988	0.22507	0.0221	0.02325	0.72958
V989	0.44675	0.46895	0.06864	0.01565
V990	0.00161	0.07639	0.79351	0.12849
V991	0.62992	0.3594	0	0.01068
V992	0.21402	0.02469	0.5289	0.23238
V993	0.06355	0.74594	0.15266	0.03785
V994	0.18118	0.78411	0.02448	0.01024
V995	0.75717	0.10387	0.02854	0.11042
V996	0.28438	0.12726	0.01717	0.57119
V997	0.01774	0.04834	0.82412	0.10981
V998	0.88159	0.02217	0.05545	0.04078
V999	0.11771	0.87575	0.00052	0.00602
V1000	0.33139	0.03091	0.00679	0.63091
