CD14.pos.CD16.neg.classical.monocyte	mature.neutrophil	memory.B.cell	cytotoxic.CD56.dim.NK.cell	memory.CD4.pos.AB.T.cell	macrophage
V1	0.13174	0.01365	0.62831	0.06278	0.0839	0.07963
V2	0.48025	0.08064	0.06928	0.1212	0.15012	0.09851
V3	0.26982	0	0.20712	0.05984	0.08182	0.38141
V4	0.24607	0.31621	0.06553	0.11026	0.15628	0.10566
V5	0.09107	0.03301	0.02649	0.44665	0.35087	0.0519
V6	0.25524	0	0.17163	0.08423	0.1929	0.296
V7	0.12333	0.2738	0.05328	0.07661	0.42524	0.04773
V8	0.56639	0.02471	0.07429	0.12878	0.06908	0.13676
V9	0.30175	0.10167	0.05264	0.22364	0.1197	0.2006
V10	0.40194	0.01954	0.08564	0.27052	0.11758	0.10478
V11	0.15521	0.53994	0.08015	0.07125	0.10655	0.0469
V12	0.26509	0	0.10477	0.06537	0.0819	0.48287
V13	0.13849	0.38334	0.25674	0.07266	0.0943	0.05447
V14	0.12698	0.01935	0.0315	0.59515	0.15994	0.06707
V15	0.42182	0.04153	0.05904	0.13474	0.22772	0.11515
V16	0.12837	0	0.04173	0.31467	0.38598	0.12925
V17	0.25548	0	0.16847	0.05875	0.07531	0.44199
V18	0.57423	0.10035	0.08109	0.07193	0.05671	0.11569
V19	0.48346	0.02948	0.18546	0.06493	0.12888	0.10779
V20	0.50907	0.03627	0.12088	0.12817	0.07269	0.13291
V21	0.2766	0	0.0789	0.0667	0.10973	0.46808
V22	0.21994	0.01981	0.05576	0.10766	0.51702	0.07981
V23	0.11781	0	0.27811	0.07283	0.47565	0.0556
V24	0.19011	0	0.04695	0.13692	0.54341	0.08261
V25	0.39343	0.20386	0.06135	0.14007	0.11004	0.09125
V26	0.28058	0	0.06026	0.06767	0.52374	0.06775
V27	0.226	0	0.18639	0.06316	0.08264	0.44181
V28	0.17246	0.17953	0.16077	0.2046	0.12635	0.1563
V29	0.15151	0.41921	0.12622	0.10324	0.09281	0.10701
V30	0.25925	0.12646	0.13378	0.06293	0.24455	0.17303
V31	0.52772	0.00661	0.18902	0.07593	0.0577	0.14303
V32	0.08119	0.01338	0.2839	0.40523	0.1291	0.08719
V33	0.24999	0.29643	0.21323	0.07228	0.07933	0.08874
V34	0.06327	0	0.39758	0.07855	0.39527	0.06534
V35	0.08807	0.04044	0.16514	0.39885	0.23183	0.07568
V36	0.1557	0.34808	0.1359	0.06923	0.23302	0.05807
V37	0.10459	0	0.59367	0.06713	0.08564	0.14896
V38	0.23931	0	0.16184	0.05751	0.07405	0.46729
V39	0.48233	0.02272	0.06183	0.23085	0.08624	0.11603
V40	0.14642	0.35379	0.06385	0.15283	0.18847	0.09464
V41	0.55646	0	0.08811	0.06506	0.06269	0.22768
V42	0.25797	0	0.42889	0.06221	0.10945	0.14148
V43	0.23173	0.28146	0.06454	0.08021	0.25092	0.09114
V44	0.15964	0.54679	0.07686	0.06729	0.09457	0.05486
V45	0.37119	0.22083	0.09701	0.07372	0.08448	0.15276
V46	0.14268	0	0.05493	0.23427	0.36893	0.19919
V47	0.14447	0.29554	0.0562	0.14981	0.27495	0.07904
V48	0.12473	0.43164	0.18514	0.06344	0.15033	0.04471
V49	0.15298	0.51839	0.07341	0.06652	0.1437	0.04499
V50	0.08077	0	0.23202	0.07177	0.52641	0.08904
V51	0.07593	0	0.04907	0.07678	0.74855	0.04967
V52	0.12688	0.39303	0.22641	0.08332	0.11538	0.05498
V53	0.17849	0	0.11053	0.08473	0.56931	0.05693
V54	0.12269	0.08414	0.44274	0.09267	0.15214	0.10563
V55	0.08379	0.01127	0.1264	0.08674	0.64299	0.04882
V56	0.05816	0.03505	0.5786	0.13764	0.12681	0.06374
V57	0.22852	0.23348	0.09239	0.062	0.18062	0.20301
V58	0.07029	0.00983	0.65653	0.07552	0.09078	0.09705
V59	0.11223	0.01245	0.01868	0.60952	0.18517	0.06194
V60	0.42448	0.00881	0.05285	0.31834	0.10004	0.09547
V61	0.33062	0.06502	0.06484	0.16426	0.1326	0.24266
V62	0.43642	0.00732	0.11102	0.13571	0.1429	0.16663
V63	0.18786	0.34014	0.07328	0.10941	0.10288	0.18643
V64	0.09256	0.05751	0.04846	0.0701	0.68671	0.04467
V65	0.45027	0.07649	0.08833	0.07515	0.09864	0.21111
V66	0.40233	0.01314	0.14105	0.07753	0.27285	0.0931
V67	0.14109	0.0972	0.26454	0.2169	0.10784	0.17244
V68	0.63093	0.01832	0.08083	0.0897	0.05433	0.12589
V69	0.4857	0	0.07497	0.0642	0.08125	0.29387
V70	0.09973	0.00847	0.19104	0.44381	0.19272	0.06423
V71	0.14452	0.16626	0.07305	0.12719	0.35914	0.12985
V72	0.46804	0.07971	0.11683	0.07555	0.11058	0.14929
V73	0.11664	0.00323	0.09287	0.54505	0.17552	0.0667
V74	0.09147	0.12085	0.0338	0.53901	0.16203	0.05284
V75	0.14229	0.54449	0.06903	0.0805	0.11923	0.04446
V76	0.07019	3e-04	0.54587	0.0843	0.23058	0.06876
V77	0.16117	0.10109	0.10827	0.40147	0.12933	0.09866
V78	0.42832	0.07613	0.09879	0.13918	0.08701	0.17058
V79	0.20473	0.35126	0.08008	0.0621	0.08421	0.21762
V80	0.19603	0.37083	0.07298	0.06763	0.09778	0.19475
V81	0.53959	0.07527	0.12036	0.07072	0.07107	0.12298
V82	0.13834	0.49513	0.06918	0.08882	0.15928	0.04925
V83	0.1918	0.102	0.05622	0.31077	0.23322	0.10598
V84	0.32139	0.00709	0.10566	0.33166	0.12945	0.10475
V85	0.60603	0.0163	0.12919	0.07171	0.05343	0.12334
V86	0.28106	0	0.14049	0.25239	0.10964	0.21643
V87	0.08588	0.01867	0.0354	0.62403	0.16808	0.06794
V88	0.17812	0	0.04238	0.39222	0.17234	0.21494
V89	0.16699	0.09878	0.36421	0.06518	0.08137	0.22348
V90	0.15616	0.43432	0.14247	0.06893	0.13667	0.06144
V91	0.1057	0	0.07415	0.13249	0.62682	0.06084
V92	0.09418	0.02775	0.05382	0.07584	0.69369	0.05472
V93	0.26209	0.00715	0.06358	0.12446	0.28926	0.25346
V94	0.07064	0.01183	0.22178	0.49301	0.14187	0.06087
V95	0.06922	0	0.25977	0.13915	0.47977	0.05209
V96	0.15841	0.24209	0.06615	0.09149	0.3107	0.13116
V97	0.07851	0	0.05207	0.11022	0.71371	0.0455
V98	0.10614	0.06068	0.02899	0.52136	0.22341	0.05942
V99	0.08315	0.02042	0.02259	0.63736	0.1772	0.05927
V100	0.07606	0.00123	0.37381	0.23418	0.2285	0.08622
V101	0.0975	0.26249	0.35189	0.12349	0.10134	0.06329
V102	0.59002	0.0231	0.14053	0.07143	0.0541	0.12082
V103	0.50529	0.0212	0.07389	0.16453	0.11271	0.12238
V104	0.09438	0.00195	0.18991	0.48868	0.15424	0.07084
V105	0.25178	0	0.1252	0.05797	0.07373	0.49132
V106	0.12881	0	0.48241	0.05792	0.08743	0.24344
V107	0.16028	0.42907	0.20946	0.06315	0.08735	0.05069
V108	0.22018	0	0.08939	0.06621	0.24585	0.37837
V109	0.22194	0	0.07378	0.05898	0.22756	0.41774
V110	0.10419	0.12168	0.53664	0.06104	0.0926	0.08385
V111	0.05514	0.02121	0.6679	0.07696	0.10602	0.07278
V112	0.12166	0.23836	0.03246	0.40966	0.14379	0.05407
V113	0.08208	0.06634	0.48973	0.08802	0.20647	0.06736
V114	0.16233	0.00374	0.5067	0.15649	0.09223	0.07851
V115	0.39989	0.0209	0.07863	0.08124	0.17579	0.24355
V116	0.62133	0.01752	0.07935	0.10085	0.05626	0.12469
V117	0.43177	0.00688	0.05882	0.12453	0.2821	0.09589
V118	0.13693	0.44482	0.13012	0.08354	0.14658	0.05801
V119	0.14742	0.52191	0.07724	0.08885	0.10219	0.06239
V120	0.15525	0.14483	0.11086	0.32081	0.19267	0.07559
V121	0.3316	0	0.06046	0.2342	0.0881	0.28563
V122	0.28514	0.01938	0.04015	0.42514	0.15327	0.07692
V123	0.34426	0	0.06564	0.09116	0.18623	0.31271
V124	0.07272	0	0.24832	0.07339	0.55007	0.0555
V125	0.09492	0.11092	0.5005	0.10245	0.09196	0.09925
V126	0.23793	0.14737	0.10607	0.06682	0.08749	0.35431
V127	0.08644	0.00571	0.60514	0.1257	0.10223	0.07478
V128	0.30632	0.184	0.12624	0.15972	0.13873	0.085
V129	0.05854	0.01942	0.62937	0.11348	0.10309	0.0761
V130	0.41988	0.09485	0.06068	0.21502	0.11012	0.09946
V131	0.11342	0	0.06616	0.07762	0.62167	0.12113
V132	0.11345	0.32951	0.3149	0.0625	0.12538	0.05427
V133	0.11445	0.14471	0.42964	0.11597	0.13259	0.06266
V134	0.22554	0.41009	0.07124	0.06967	0.15065	0.07282
V135	0.11873	0	0.55735	0.06276	0.12719	0.13396
V136	0.17691	0.46112	0.11171	0.07439	0.11915	0.05672
V137	0.09815	0.11726	0.42311	0.07583	0.23021	0.05543
V138	0.18867	0	0.05501	0.31079	0.18134	0.2642
V139	0.15272	0	0.15694	0.07076	0.41165	0.20792
V140	0.44952	0.16508	0.09517	0.10809	0.07592	0.10621
V141	0.25116	0.19215	0.13322	0.21896	0.12214	0.08237
V142	0.19901	0.45444	0.07602	0.09809	0.09141	0.08103
V143	0.11674	0.043	0.47513	0.11298	0.17098	0.08116
V144	0.25156	0.08219	0.07529	0.1391	0.09412	0.35773
V145	0.08666	0.00364	0.02869	0.64298	0.16378	0.07426
V146	0.16241	0	0.09855	0.07232	0.5737	0.09302
V147	0.41656	0.03397	0.14328	0.09177	0.06866	0.24575
V148	0.07954	0.13858	0.56367	0.06165	0.08795	0.06861
V149	0.20927	0.31218	0.06795	0.07775	0.08525	0.2476
V150	0.0873	0.00577	0.01706	0.63751	0.19195	0.06041
V151	0.22615	0.24936	0.06896	0.06808	0.10105	0.2864
V152	0.13053	0.16407	0.33875	0.08579	0.19215	0.0887
V153	0.06298	0.03353	0.48141	0.22524	0.13053	0.06631
V154	0.39815	0.13133	0.07877	0.06254	0.06846	0.26074
V155	0.13918	0.23926	0.11118	0.06456	0.37386	0.07195
V156	0.11346	0.32317	0.06013	0.06597	0.39827	0.039
V157	0.20801	0.04202	0.08312	0.23714	0.11492	0.31479
V158	0.07287	0.05142	0.6478	0.06309	0.08863	0.07619
V159	0.18132	0.17062	0.27057	0.16839	0.12765	0.08144
V160	0.07618	0	0.65398	0.06918	0.08889	0.11177
V161	0.11953	0.34766	0.04439	0.25528	0.18951	0.04364
V162	0.1355	0.36299	0.05303	0.13664	0.25499	0.05684
V163	0.06588	0.00789	0.69092	0.06434	0.09005	0.08094
V164	0.10271	0.25253	0.29383	0.13055	0.1632	0.05719
V165	0.11465	0	0.07192	0.0794	0.63152	0.10252
V166	0.14851	0	0.0478	0.15296	0.436	0.21472
V167	0.07295	0.00311	0.33051	0.37843	0.14822	0.06678
V168	0.51398	0.01741	0.06493	0.21263	0.07474	0.11631
V169	0.07537	0.00951	0.5291	0.19517	0.11127	0.07959
V170	0.36872	0.02497	0.11774	0.24675	0.1461	0.09572
V171	0.23737	0.29488	0.08018	0.06202	0.09388	0.23168
V172	0.13369	0.04586	0.41837	0.17422	0.10338	0.12448
V173	0.09081	0.0062	0.59896	0.06179	0.10061	0.14163
V174	0.47185	0.07687	0.07183	0.07157	0.2115	0.09639
V175	0.16147	0.43956	0.14224	0.07418	0.13094	0.05161
V176	0.05255	0.00722	0.68808	0.07132	0.10599	0.07484
V177	0.19476	0.03456	0.27569	0.08081	0.2218	0.19238
V178	0.10177	0.00747	0.0719	0.07049	0.69145	0.05691
V179	0.11326	0	0.0587	0.45677	0.22223	0.14903
V180	0.26698	0	0.17459	0.31047	0.10113	0.14684
V181	0.42094	0.07384	0.10678	0.10418	0.12532	0.16894
V182	0.07574	0.07117	0.57478	0.10427	0.09331	0.08073
V183	0.09284	0.00743	0.02235	0.6516	0.16428	0.0615
V184	0.33047	0.27553	0.07004	0.07981	0.16496	0.07919
V185	0.19374	0.34061	0.07888	0.06805	0.18644	0.13228
V186	0.05787	0.00505	0.47246	0.27703	0.1225	0.06509
V187	0.27654	0.33382	0.06364	0.07449	0.18559	0.06592
V188	0.21176	0.37968	0.07249	0.0778	0.08582	0.17245
V189	0.11403	0.02457	0.16949	0.08386	0.48985	0.11821
V190	0.13406	0.10106	0.05687	0.07736	0.50256	0.12809
V191	0.19324	0.37569	0.06788	0.06772	0.098	0.19748
V192	0.41341	0.16213	0.12478	0.08054	0.11422	0.10492
V193	0.27596	0.0296	0.07999	0.06817	0.0868	0.45948
V194	0.09287	0	0.06154	0.13874	0.64865	0.05821
V195	0.06431	0.00135	0.54593	0.12642	0.19271	0.06927
V196	0.08226	0.00401	0.0364	0.61636	0.1969	0.06407
V197	0.21289	0	0.06839	0.07334	0.57662	0.06875
V198	0.17438	0.27497	0.07843	0.15084	0.26033	0.06105
V199	0.10871	0.15206	0.11729	0.12822	0.44189	0.05184
V200	0.11996	6e-05	0.44056	0.20884	0.10872	0.12187
V201	0.09584	0.00236	0.01642	0.64326	0.16276	0.07936
V202	0.15643	0.02013	0.34526	0.08703	0.20353	0.18762
V203	0.44951	0.03104	0.05702	0.27304	0.08688	0.10251
V204	0.26309	0	0.09292	0.16624	0.09502	0.38273
V205	0.06113	0.02174	0.67481	0.07626	0.09182	0.07424
V206	0.08641	0.0413	0.10478	0.53435	0.17626	0.0569
V207	0.3399	0.12991	0.08296	0.20922	0.10813	0.12988
V208	0.3234	0.06427	0.31685	0.09299	0.11451	0.08797
V209	0.29048	0.317	0.06732	0.08376	0.0864	0.15504
V210	0.13267	0.02088	0.62117	0.0626	0.0837	0.07898
V211	0.42336	0.00987	0.13431	0.06961	0.18629	0.17657
V212	0.10377	0.19761	0.17981	0.2934	0.16324	0.06217
V213	0.10914	0.03859	0.2304	0.08455	0.48255	0.05476
V214	0.57662	0.02815	0.08828	0.10063	0.08542	0.1209
V215	0.19073	0.4075	0.06657	0.08278	0.08852	0.16391
V216	0.17913	0.34835	0.24864	0.06713	0.09698	0.05976
V217	0.24496	0	0.0869	0.11546	0.29243	0.26025
V218	0.13653	0.23889	0.0395	0.38691	0.1466	0.05158
V219	0.58968	0.00246	0.08837	0.06631	0.06074	0.19244
V220	0.15286	0.01131	0.03333	0.58052	0.1481	0.07388
V221	0.17828	0.4758	0.08489	0.10792	0.1003	0.05281
V222	0.14897	0.18967	0.0752	0.15503	0.36398	0.06715
V223	0.17778	0.19861	0.23698	0.06596	0.10212	0.21855
V224	0.06864	0	0.32755	0.06744	0.48241	0.05396
V225	0.30003	0	0.08683	0.0645	0.0738	0.47484
V226	0.25958	0.03306	0.188	0.23682	0.18308	0.09946
V227	0.48408	0	0.06539	0.20248	0.08219	0.16586
V228	0.16979	0.16995	0.35942	0.09632	0.11285	0.09167
V229	0.18713	0.00212	0.29707	0.22101	0.20278	0.08989
V230	0.10183	0.12279	0.54227	0.06711	0.08655	0.07945
V231	0.11916	0.01968	0.02537	0.59875	0.17521	0.06184
V232	0.36483	0	0.05399	0.24068	0.0936	0.2469
V233	0.58244	0.01961	0.08848	0.10611	0.07266	0.1307
V234	0.37342	0	0.05836	0.07761	0.39963	0.09098
V235	0.13971	0.00294	0.03884	0.58112	0.1643	0.07309
V236	0.12689	0	0.17841	0.0752	0.4634	0.15611
V237	0.06149	0.0053	0.61551	0.13269	0.11209	0.07291
V238	0.47399	0	0.09728	0.11661	0.0938	0.21832
V239	0.4124	0.0213	0.13261	0.14792	0.1674	0.11838
V240	0.10061	0.16049	0.04557	0.13844	0.51015	0.04473
V241	0.42649	0.12264	0.06464	0.17196	0.11151	0.10276
V242	0.31385	0.00578	0.08832	0.17384	0.15187	0.26635
V243	0.10717	0.28136	0.35014	0.09019	0.11577	0.05538
V244	0.19516	0	0.06079	0.06412	0.49058	0.18936
V245	0.54872	0	0.08188	0.06492	0.06945	0.23503
V246	0.08662	0.03062	0.1949	0.29783	0.32911	0.06092
V247	0.32377	0.02506	0.06568	0.1786	0.09955	0.30734
V248	0.25357	0.00952	0.04567	0.20336	0.39605	0.09182
V249	0.24286	0.11405	0.3086	0.11397	0.08208	0.13844
V250	0.0903	0.02039	0.02267	0.63983	0.16277	0.06405
V251	0.13041	0.39427	0.14684	0.16752	0.10728	0.05369
V252	0.08395	0.01034	0.05078	0.59421	0.19319	0.06753
V253	0.17422	0.01174	0.04753	0.31516	0.2171	0.23425
V254	0.12983	0.17592	0.09765	0.18016	0.33735	0.07909
V255	0.32199	0.2089	0.10895	0.10137	0.12378	0.13502
V256	0.14737	0.54317	0.07025	0.07104	0.11262	0.05556
V257	0.14256	0.27726	0.076	0.081	0.34479	0.07838
V258	0.10992	0.17816	0.13059	0.3902	0.12634	0.06479
V259	0.11725	0.38939	0.26833	0.07208	0.08994	0.06301
V260	0.17476	0.00132	0.06297	0.07906	0.56413	0.11776
V261	0.40878	0	0.08716	0.08838	0.23338	0.18229
V262	0.11157	0.01239	0.59881	0.07092	0.13584	0.07046
V263	0.08164	0.04766	0.48445	0.19983	0.11104	0.07539
V264	0.46024	0.00442	0.13632	0.08763	0.11385	0.19755
V265	0.09913	0	0.04836	0.08638	0.71489	0.05124
V266	0.30709	0	0.08667	0.06671	0.08122	0.4583
V267	0.21926	0.45433	0.06532	0.10832	0.09738	0.05539
V268	0.62946	0.01276	0.07743	0.07272	0.05233	0.1553
V269	0.10014	0.04065	0.11294	0.51872	0.16545	0.06211
V270	0.27367	0.33494	0.08027	0.07435	0.16708	0.0697
V271	0.20976	0.05638	0.23536	0.0724	0.09424	0.33186
V272	0.09646	0	0.04581	0.11915	0.64963	0.08895
V273	0.1141	0	0.08141	0.11964	0.60569	0.07916
V274	0.21833	0	0.17695	0.0942	0.08638	0.42413
V275	0.49961	0.13911	0.07812	0.07608	0.06871	0.13837
V276	0.22954	0.16166	0.11662	0.11349	0.11908	0.25961
V277	0.4054	0	0.07505	0.06842	0.17272	0.27841
V278	0.17915	0.07913	0.10986	0.21476	0.34474	0.07237
V279	0.26188	0	0.20342	0.0981	0.09313	0.34347
V280	0.16118	0.00222	0.02794	0.57557	0.15412	0.07897
V281	0.14663	0.53538	0.08806	0.08471	0.09648	0.04874
V282	0.10084	0.00896	0.05181	0.11075	0.67471	0.05293
V283	0.11491	0.29767	0.05416	0.07136	0.41541	0.0465
V284	0.12349	0.06416	0.25912	0.27735	0.14508	0.1308
V285	0.09048	0.02018	0.01667	0.63903	0.16965	0.06399
V286	0.4886	0.03191	0.11528	0.1824	0.07314	0.10867
V287	0.09488	0	0.06853	0.1205	0.64032	0.07577
V288	0.23057	0.16773	0.07766	0.06724	0.17712	0.27968
V289	0.06756	0.07101	0.54421	0.12988	0.11747	0.06987
V290	0.0774	0.00064	0.18924	0.5072	0.151	0.07451
V291	0.10584	0.02643	0.01769	0.6166	0.16443	0.06902
V292	0.18503	0.06699	0.04283	0.421	0.21826	0.06591
V293	0.08997	0.01491	0.07124	0.07616	0.69642	0.05131
V294	0.41199	0.00889	0.06304	0.07718	0.28627	0.15263
V295	0.3011	0	0.08718	0.05889	0.07856	0.47427
V296	0.13615	0.26449	0.10464	0.22801	0.15307	0.11363
V297	0.28078	0	0.07466	0.06849	0.08527	0.4908
V298	0.13599	0.49778	0.15822	0.06952	0.09306	0.04542
V299	0.16494	0.06611	0.53626	0.06809	0.08878	0.07583
V300	0.52252	0.08046	0.0972	0.07031	0.05961	0.16989
V301	0.37501	0.28553	0.10188	0.07426	0.07908	0.08424
V302	0.10948	0.21048	0.08059	0.37162	0.16653	0.0613
V303	0.13597	0.45539	0.10353	0.07418	0.18115	0.04979
V304	0.0925	0	0.06604	0.07028	0.72034	0.05084
V305	0.13037	0	0.16198	0.33685	0.1902	0.18061
V306	0.40159	0.03858	0.07434	0.06865	0.06982	0.34703
V307	0.19578	0	0.05706	0.07787	0.56916	0.10013
V308	0.08249	0.01405	0.01584	0.65447	0.17267	0.06048
V309	0.12171	0.38087	0.04966	0.27981	0.1159	0.05205
V310	0.17451	0.25947	0.23133	0.06574	0.09603	0.17291
V311	0.43589	0	0.08061	0.0672	0.0637	0.3526
V312	0.17231	0	0.03762	0.28814	0.4272	0.07473
V313	0.34061	0	0.07171	0.08964	0.07301	0.42502
V314	0.25372	0.01314	0.03579	0.48815	0.13425	0.07495
V315	0.20967	0.44997	0.0733	0.06528	0.12733	0.07445
V316	0.30228	0	0.0802	0.10793	0.09012	0.41947
V317	0.14117	0	0.03268	0.50031	0.17286	0.15297
V318	0.08633	0.01097	0.04249	0.62585	0.16103	0.07334
V319	0.3086	0.13653	0.21746	0.1499	0.08838	0.09913
V320	0.245	0.13822	0.2721	0.13214	0.0902	0.12234
V321	0.13162	0.43758	0.05104	0.22023	0.11578	0.04375
V322	0.1117	0	0.1101	0.07693	0.57826	0.12301
V323	0.11929	0.20918	0.03848	0.29071	0.29225	0.05007
V324	0.16511	0	0.07472	0.20013	0.39724	0.1628
V325	0.17821	0.52271	0.08593	0.06684	0.09217	0.05413
V326	0.21676	0.47375	0.0801	0.0659	0.10472	0.05876
V327	0.11763	0.00648	0.64739	0.06327	0.08566	0.07956
V328	0.20051	0.14271	0.17203	0.15143	0.26679	0.06653
V329	0.06995	0	0.43343	0.06562	0.35881	0.07219
V330	0.06094	0.00634	0.67715	0.07096	0.105	0.07962
V331	0.49876	0.05329	0.10351	0.11602	0.07237	0.15605
V332	0.17177	0.01357	0.15892	0.07023	0.36543	0.22009
V333	0.08218	0.01188	0.35799	0.28484	0.18086	0.08226
V334	0.09929	0.3025	0.3148	0.133	0.09697	0.05345
V335	0.15454	0.00921	0.55809	0.06704	0.08185	0.12927
V336	0.29879	0.39014	0.08645	0.06485	0.08487	0.0749
V337	0.13819	0.12046	0.09036	0.07315	0.53124	0.0466
V338	0.52117	0.00308	0.09803	0.07193	0.1773	0.12848
V339	0.15479	0.05904	0.3118	0.22551	0.12179	0.12707
V340	0.45173	0.18798	0.06868	0.09187	0.08699	0.11276
V341	0.25368	0.03191	0.06441	0.41441	0.15445	0.08114
V342	0.1422	0	0.04037	0.47801	0.1779	0.16152
V343	0.26141	0.07846	0.14979	0.07913	0.09252	0.33869
V344	0.15037	0.40349	0.0608	0.07906	0.20728	0.099
V345	0.08008	0	0.05434	0.07691	0.74258	0.04609
V346	0.18785	0	0.0476	0.32754	0.35409	0.08292
V347	0.37721	0.09382	0.07562	0.11625	0.24739	0.08972
V348	0.14804	0.10003	0.47846	0.07444	0.12528	0.07375
V349	0.52045	0.06233	0.09593	0.12202	0.09218	0.10709
V350	0.36395	0.01951	0.14366	0.21042	0.08445	0.17802
V351	0.32222	0.00233	0.10292	0.08044	0.08971	0.40238
V352	0.17399	0.20715	0.06594	0.063	0.2953	0.19462
V353	0.07761	0.13891	0.56901	0.06172	0.08827	0.06448
V354	0.2065	0.00517	0.21425	0.0639	0.31004	0.20014
V355	0.05955	0.03082	0.67904	0.06993	0.09123	0.06943
V356	0.40362	0.09113	0.07907	0.20408	0.10309	0.119
V357	0.26907	0.00301	0.32529	0.07647	0.23579	0.09038
V358	0.24552	0	0.11475	0.08131	0.08385	0.47457
V359	0.18651	0.06611	0.03591	0.44649	0.1856	0.07938
V360	0.39045	0	0.05891	0.19031	0.24644	0.11389
V361	0.14543	0.55581	0.07094	0.07601	0.10281	0.04901
V362	0.1282	0.38112	0.06814	0.25817	0.1188	0.04558
V363	0.52411	0.04943	0.10672	0.06553	0.12594	0.12828
V364	0.23762	0.09552	0.07748	0.08587	0.16697	0.33654
V365	0.33868	0.28131	0.06621	0.14827	0.08378	0.08174
V366	0.14423	0.18475	0.3549	0.10263	0.14312	0.07037
V367	0.09895	0	0.03942	0.43362	0.35133	0.07668
V368	0.21592	0.05849	0.11974	0.08599	0.19218	0.32768
V369	0.1146	0	0.04689	0.10948	0.64081	0.08823
V370	0.09489	0.05767	0.48326	0.15555	0.11136	0.09726
V371	0.15574	0.18165	0.04292	0.36561	0.11969	0.13439
V372	0.15371	0.43573	0.06195	0.07927	0.19308	0.07626
V373	0.58662	0.00676	0.07725	0.06644	0.05456	0.20837
V374	0.20487	0.01038	0.20585	0.37227	0.1359	0.07074
V375	0.33809	0.00156	0.19059	0.10098	0.26977	0.09901
V376	0.23226	0	0.08068	0.14101	0.14612	0.39992
V377	0.1091	0	0.32679	0.06654	0.42785	0.06972
V378	0.25562	0.00415	0.20036	0.06109	0.10478	0.37399
V379	0.40178	0	0.16046	0.06045	0.06457	0.31274
V380	0.08901	0.00784	0.07101	0.08225	0.6981	0.05179
V381	0.29916	0.02757	0.2574	0.23661	0.09777	0.0815
V382	0.09271	0.00526	0.04655	0.19677	0.60816	0.05056
V383	0.20777	0.0319	0.31577	0.2506	0.11409	0.07988
V384	0.08809	0.0196	0.61761	0.07661	0.12496	0.07313
V385	0.27791	0	0.09394	0.05891	0.07422	0.49502
V386	0.44848	0.02832	0.2366	0.07011	0.10311	0.11339
V387	0.2412	0.01266	0.06711	0.47901	0.12642	0.07361
V388	0.54593	0.04338	0.16961	0.06484	0.06238	0.11386
V389	0.37438	0.01551	0.08103	0.06307	0.07782	0.38819
V390	0.13138	0.02112	0.03082	0.52448	0.17031	0.1219
V391	0.11307	0	0.0399	0.43166	0.32969	0.08569
V392	0.15125	0.00076	0.37795	0.13602	0.09116	0.24286
V393	0.14088	0.09406	0.30991	0.10461	0.18963	0.16091
V394	0.08779	0.00326	0.0444	0.59929	0.20131	0.06395
V395	0.05687	0.05299	0.66297	0.06943	0.0912	0.06654
V396	0.39921	0.05205	0.05458	0.27832	0.12602	0.08981
V397	0.25746	0.08362	0.09484	0.06804	0.11364	0.38239
V398	0.15212	0.43151	0.07169	0.0796	0.21081	0.05427
V399	0.06546	0.0039	0.64079	0.09535	0.10722	0.08728
V400	0.19968	0	0.04468	0.31997	0.11639	0.31928
V401	0.16554	0.00978	0.491	0.06941	0.16216	0.10211
V402	0.13094	0.01029	0.02558	0.6032	0.15356	0.07643
V403	0.17939	0	0.06524	0.08382	0.34974	0.32181
V404	0.05703	0.01644	0.6994	0.06485	0.09107	0.07121
V405	0.30757	0.2483	0.11807	0.09576	0.15663	0.07367
V406	0.21723	0.00961	0.18055	0.12503	0.22048	0.24711
V407	0.12377	0.00103	0.55607	0.06054	0.09085	0.16774
V408	0.12415	0.07697	0.04978	0.50102	0.13873	0.10935
V409	0.62471	0.03654	0.07783	0.06755	0.0521	0.14127
V410	0.63547	0.0243	0.07744	0.06749	0.06476	0.13055
V411	0.21588	0	0.06139	0.22656	0.09534	0.40082
V412	0.42761	0.13615	0.1056	0.09218	0.14851	0.08996
V413	0.09557	0.09272	0.04611	0.53973	0.16804	0.05782
V414	0.15582	0.04978	0.04098	0.43418	0.25192	0.06732
V415	0.10597	0	0.27071	0.31141	0.19753	0.11437
V416	0.12521	0.08987	0.04725	0.22504	0.40611	0.10653
V417	0.26462	0	0.11483	0.13661	0.08113	0.40281
V418	0.08504	0.04965	0.32525	0.14983	0.31169	0.07853
V419	0.27067	0	0.07511	0.0605	0.08289	0.51084
V420	0.26879	0	0.07447	0.06492	0.08111	0.51072
V421	0.11519	0.01684	0.08808	0.11521	0.60095	0.06374
V422	0.22663	0.20164	0.05629	0.07104	0.38549	0.05891
V423	0.12408	0.1281	0.02459	0.5147	0.14896	0.05957
V424	0.55674	0.07823	0.08235	0.10465	0.06132	0.11672
V425	0.0943	0.05723	0.05936	0.06949	0.66989	0.04973
V426	0.2322	0	0.19383	0.06488	0.08421	0.42487
V427	0.38632	0.08877	0.15204	0.14541	0.09629	0.13117
V428	0.27276	0.01359	0.03082	0.48093	0.12454	0.07735
V429	0.0843	0.00944	0.10362	0.43191	0.30347	0.06727
V430	0.10332	0.05733	0.43367	0.19378	0.11497	0.09693
V431	0.0517	0.01538	0.68614	0.08315	0.09356	0.07007
V432	0.11251	0.32245	0.05558	0.3262	0.13388	0.04939
V433	0.08531	0.00641	0.04924	0.63557	0.16229	0.06119
V434	0.09761	0.2212	0.14935	0.35492	0.12356	0.05336
V435	0.11379	0	0.0569	0.06499	0.61343	0.1509
V436	0.58127	0.08659	0.0806	0.07758	0.05697	0.11699
V437	0.22815	0.1925	0.2429	0.0735	0.16089	0.10206
V438	0.13335	0.26481	0.05681	0.10302	0.39215	0.04986
V439	0.08252	0	0.12117	0.06965	0.67601	0.05065
V440	0.17698	0.02209	0.33166	0.10069	0.24037	0.12821
V441	0.13643	0.03284	0.37028	0.16244	0.10875	0.18926
V442	0.3663	0.08146	0.17489	0.10386	0.11405	0.15944
V443	0.09302	0.00017	0.06492	0.58117	0.18272	0.078
V444	0.52494	0.02412	0.09287	0.08272	0.12908	0.14627
V445	0.63846	0.02597	0.08921	0.0675	0.05138	0.12748
V446	0.12781	0.38162	0.23413	0.07758	0.10842	0.07044
V447	0.23176	0.14073	0.0553	0.18622	0.13517	0.25082
V448	0.07209	0.021	0.63466	0.06589	0.13816	0.06819
V449	0.44865	0.0251	0.06627	0.24442	0.08257	0.133
V450	0.12419	0.00645	0.51648	0.06476	0.21645	0.07167
V451	0.15309	0.0178	0.15119	0.16206	0.45691	0.05895
V452	0.17969	0	0.06488	0.34691	0.15813	0.25038
V453	0.29234	0.00563	0.39328	0.13667	0.08695	0.08514
V454	0.21601	0.04756	0.10892	0.42267	0.12788	0.07696
V455	0.17809	0.50419	0.08858	0.07975	0.09261	0.05678
V456	0.58162	0.00726	0.09749	0.07227	0.08913	0.15222
V457	0.23331	0	0.07207	0.06547	0.24182	0.38733
V458	0.11025	0	0.33151	0.06984	0.37243	0.11596
V459	0.07388	0.01943	0.4523	0.27662	0.11375	0.06401
V460	0.32945	0.03599	0.2189	0.14831	0.10682	0.16053
V461	0.27467	0.0258	0.0508	0.33954	0.20986	0.09934
V462	0.06094	0.00366	0.66785	0.07609	0.09931	0.09214
V463	0.08557	0.00231	0.05825	0.0992	0.71057	0.0441
V464	0.16598	0.51142	0.07299	0.08	0.12219	0.04743
V465	0.31943	0.06896	0.33818	0.06244	0.10454	0.10645
V466	0.13932	0.01365	0.0354	0.53158	0.20146	0.07858
V467	0.64623	0.01819	0.08389	0.06784	0.05082	0.13303
V468	0.31216	0.07494	0.10941	0.21924	0.20469	0.07957
V469	0.08749	0.09572	0.49479	0.12197	0.10116	0.09887
V470	0.45901	0.0091	0.091	0.11257	0.22288	0.10543
V471	0.11425	0.15258	0.40134	0.10303	0.12416	0.10464
V472	0.15033	0.33981	0.05658	0.08535	0.29836	0.06958
V473	0.1483	0.56303	0.07767	0.06764	0.09615	0.04721
V474	0.1132	0.00293	0.29806	0.38552	0.13102	0.06926
V475	0.12678	0.10356	0.22793	0.17777	0.29433	0.06963
V476	0.40648	0	0.06416	0.19137	0.11589	0.22209
V477	0.17226	0.38444	0.09822	0.11936	0.1113	0.11441
V478	0.07141	0.00573	0.64003	0.07533	0.09763	0.10987
V479	0.1016	0.10018	0.53695	0.06867	0.12152	0.07109
V480	0.10476	0.17035	0.04428	0.25905	0.37345	0.04811
V481	0.34288	0.06195	0.12997	0.11179	0.25269	0.10073
V482	0.45131	0	0.08664	0.0677	0.06209	0.33225
V483	0.13958	0.53988	0.10912	0.07093	0.09516	0.04532
V484	0.57921	0.01149	0.12157	0.06616	0.09517	0.1264
V485	0.24619	0.09247	0.36736	0.1096	0.08731	0.09707
V486	0.20719	0	0.50211	0.08592	0.07953	0.12524
V487	0.11423	0.23321	0.05712	0.07188	0.47614	0.04742
V488	0.26866	0.41305	0.07796	0.08917	0.08475	0.06641
V489	0.55686	0.02574	0.12584	0.07174	0.0972	0.12262
V490	0.28535	0	0.06969	0.09733	0.09969	0.44793
V491	0.14045	0.18928	0.27652	0.06376	0.25709	0.07291
V492	0.20993	0	0.20514	0.11623	0.14979	0.31891
V493	0.56155	0.10559	0.07394	0.08277	0.05887	0.11728
V494	0.19539	0	0.29262	0.07644	0.07975	0.3558
V495	0.24081	0.35731	0.18009	0.07269	0.08793	0.06116
V496	0.22949	0.07128	0.24503	0.06283	0.23621	0.15517
V497	0.10345	0.1304	0.15643	0.08948	0.47228	0.04796
V498	0.13605	0.0731	0.2758	0.27516	0.15831	0.08158
V499	0.14396	0.42869	0.15706	0.10369	0.10531	0.06129
V500	0.38068	0.1297	0.10318	0.09765	0.18137	0.10742
V501	0.16966	0.51924	0.06932	0.07995	0.09972	0.06212
V502	0.08857	0	0.04472	0.23136	0.5788	0.05655
V503	0.17103	0.24122	0.06054	0.34743	0.12443	0.05535
V504	0.15745	0.52538	0.09911	0.06625	0.10456	0.04724
V505	0.07528	0	0.37292	0.31144	0.14647	0.09389
V506	0.33249	0	0.08493	0.15829	0.13075	0.29354
V507	0.25972	0	0.07503	0.05872	0.08846	0.51806
V508	0.14237	0.37703	0.08787	0.11536	0.22599	0.05137
V509	0.10573	0.01037	0.02714	0.56024	0.2376	0.05892
V510	0.63653	0.01694	0.07733	0.06786	0.07086	0.13047
V511	0.24653	0	0.05605	0.21404	0.09865	0.38473
V512	0.12705	0.15484	0.43518	0.07879	0.10577	0.09837
V513	0.08969	0	0.2028	0.10386	0.55012	0.05353
V514	0.15773	0.49175	0.10876	0.06419	0.09177	0.08579
V515	0.15363	0.27707	0.04515	0.33231	0.11757	0.07427
V516	0.06358	0.0383	0.57988	0.07077	0.17635	0.07112
V517	0.06463	0	0.31288	0.21242	0.34956	0.06051
V518	0.30689	0.25817	0.08268	0.12788	0.11521	0.10917
V519	0.21304	0.34904	0.06789	0.11426	0.09576	0.16001
V520	0.49597	0.06942	0.08331	0.13322	0.06801	0.15007
V521	0.13868	0	0.05473	0.07996	0.65939	0.06724
V522	0.33972	0.11565	0.07383	0.08051	0.22562	0.16467
V523	0.35216	0.11336	0.10174	0.1556	0.08787	0.18927
V524	0.11992	0	0.09197	0.17228	0.48952	0.12632
V525	0.39445	0	0.10361	0.07183	0.066	0.36411
V526	0.13338	0.47157	0.12525	0.06978	0.1565	0.04352
V527	0.29833	0.01201	0.42267	0.06908	0.10712	0.09078
V528	0.5858	0.01508	0.1465	0.07153	0.06075	0.12034
V529	0.14405	0.06244	0.0421	0.52137	0.16153	0.06852
V530	0.15044	0.15213	0.27002	0.13937	0.14803	0.14002
V531	0.64111	0.02497	0.07755	0.07282	0.0519	0.13165
V532	0.16217	0	0.07826	0.46029	0.22702	0.07226
V533	0.16041	0	0.23823	0.07924	0.30419	0.21794
V534	0.13342	0	0.03641	0.44411	0.20303	0.18303
V535	0.41586	0.03404	0.1986	0.15317	0.08066	0.11767
V536	0.06883	0	0.54758	0.18281	0.10285	0.09793
V537	0.1378	0.41127	0.05585	0.21799	0.11447	0.06262
V538	0.18898	0	0.05256	0.31021	0.10567	0.34258
V539	0.09766	0	0.03456	0.53233	0.26407	0.07137
V540	0.2877	0	0.27969	0.07601	0.24216	0.11444
V541	0.11358	0.1889	0.03559	0.43736	0.15393	0.07064
V542	0.12183	0.3834	0.0645	0.22023	0.15933	0.05071
V543	0.06125	0	0.48168	0.08388	0.30399	0.0692
V544	0.26215	0	0.07746	0.08422	0.09899	0.47718
V545	0.12356	0.40844	0.1067	0.07958	0.23293	0.04878
V546	0.45036	0.05176	0.06042	0.22939	0.10244	0.10563
V547	0.13638	0.05061	0.03539	0.32488	0.34908	0.10365
V548	0.26789	0	0.07519	0.05997	0.0824	0.51456
V549	0.15151	0	0.47355	0.12409	0.1092	0.14165
V550	0.08199	0	0.28922	0.06759	0.50441	0.05679
V551	0.23869	0	0.09827	0.14238	0.16206	0.35859
V552	0.11352	0.01496	0.14656	0.25602	0.38208	0.08686
V553	0.59039	0.01255	0.09589	0.08989	0.08322	0.12806
V554	0.157	0.51979	0.08487	0.06587	0.0985	0.07397
V555	0.347	0	0.07244	0.23395	0.08645	0.26017
V556	0.11565	0.00807	0.35872	0.30998	0.12924	0.07834
V557	0.1719	0.47591	0.12324	0.06963	0.09563	0.0637
V558	0.37059	0.12361	0.06842	0.14335	0.07832	0.21571
V559	0.0764	0	0.04315	0.16626	0.66328	0.0509
V560	0.53376	0.0232	0.08237	0.0769	0.12803	0.15575
V561	0.05237	0.02346	0.69816	0.06484	0.09114	0.07003
V562	0.40811	0.16657	0.09987	0.11328	0.07893	0.13323
V563	0.25479	0	0.06954	0.1063	0.07963	0.48973
V564	0.22886	0.00564	0.0641	0.06967	0.28556	0.34617
V565	0.25976	0	0.08104	0.05862	0.08201	0.51857
V566	0.2701	0.02053	0.08695	0.09893	0.11002	0.41348
V567	0.31831	0.21076	0.05878	0.20924	0.10981	0.0931
V568	0.11413	0	0.05894	0.09237	0.68528	0.04929
V569	0.55788	0.02932	0.07298	0.08889	0.06513	0.18582
V570	0.50965	0.11098	0.09178	0.10393	0.0711	0.11256
V571	0.07846	0.17226	0.49866	0.0738	0.11634	0.06048
V572	0.06911	0.01	0.60854	0.07768	0.16339	0.07129
V573	0.20995	0.48216	0.07518	0.06605	0.10559	0.06109
V574	0.16795	0	0.3233	0.08853	0.1091	0.31112
V575	0.14823	0.42103	0.10613	0.13957	0.10966	0.07538
V576	0.30752	0.07158	0.06841	0.06589	0.41339	0.07321
V577	0.32433	0.02385	0.06097	0.10703	0.37541	0.1084
V578	0.11379	0	0.0569	0.06499	0.61343	0.1509
V579	0.10915	0.01266	0.1652	0.23622	0.42037	0.05639
V580	0.17508	0.00117	0.09958	0.32013	0.29839	0.10565
V581	0.50004	0.03849	0.11948	0.11706	0.12062	0.10431
V582	0.50288	0.01257	0.07233	0.19532	0.08037	0.13655
V583	0.16266	0	0.2731	0.06241	0.25438	0.24745
V584	0.16676	0	0.04631	0.29264	0.30919	0.1851
V585	0.14497	0.30682	0.21584	0.11596	0.10454	0.11187
V586	0.20632	0.47271	0.09908	0.07035	0.09376	0.05779
V587	0.24265	0.00831	0.24643	0.30274	0.11092	0.08895
V588	0.09865	0.01305	0.0501	0.61191	0.16541	0.06088
V589	0.16099	0.18128	0.24732	0.11308	0.09488	0.20245
V590	0.1867	0	0.31795	0.11009	0.09179	0.29347
V591	0.55234	0.01343	0.08857	0.15856	0.07325	0.11386
V592	0.13138	0.24574	0.10333	0.31464	0.15057	0.05435
V593	0.08782	0.0142	0.02214	0.65067	0.16472	0.06045
V594	0.16524	0	0.04877	0.46616	0.13548	0.18436
V595	0.15571	0.17372	0.0869	0.1441	0.27072	0.16886
V596	0.10336	0.15367	0.0573	0.1167	0.52809	0.04089
V597	0.35119	0	0.07471	0.07238	0.42262	0.07909
V598	0.61431	0.04277	0.07718	0.06722	0.05918	0.13933
V599	0.21813	0	0.0577	0.16306	0.16914	0.39197
V600	0.38857	0.05612	0.067	0.09812	0.12792	0.26228
V601	0.18899	0.08766	0.08115	0.30408	0.10906	0.22907
V602	0.11633	0	0.12474	0.07099	0.54234	0.1456
V603	0.21211	0.24621	0.0919	0.10035	0.11216	0.23727
V604	0.11959	0.31084	0.05468	0.0713	0.4001	0.04348
V605	0.12721	0	0.06645	0.06991	0.67244	0.06399
V606	0.41092	0.01723	0.23068	0.10431	0.06888	0.16799
V607	0.23526	0	0.06622	0.07312	0.22391	0.40149
V608	0.18631	0.40244	0.06755	0.10807	0.11031	0.12532
V609	0.07783	0.01179	0.52698	0.20721	0.10579	0.07041
V610	0.11	0.09158	0.37714	0.17957	0.13449	0.10722
V611	0.1412	0.54251	0.07834	0.08463	0.10879	0.04454
V612	0.09474	0.15689	0.02937	0.52173	0.14554	0.05173
V613	0.46397	0.09641	0.07981	0.06357	0.06337	0.23287
V614	0.13016	0.07265	0.41799	0.06756	0.14093	0.1707
V615	0.09493	0.02281	0.08959	0.07568	0.66468	0.05231
V616	0.33996	0.27152	0.06677	0.08995	0.09477	0.13703
V617	0.08594	0	0.04898	0.07687	0.73892	0.04929
V618	0.20662	0.00956	0.48904	0.06811	0.09883	0.12783
V619	0.12441	0.42156	0.16825	0.08346	0.14725	0.05507
V620	0.20926	0	0.25177	0.06883	0.07689	0.39324
V621	0.09001	0.00148	0.07825	0.57497	0.18176	0.07352
V622	0.3974	0.11426	0.07473	0.06504	0.25685	0.09172
V623	0.21931	0.44945	0.07492	0.06486	0.09723	0.09423
V624	0.13417	0.41198	0.04891	0.23859	0.11107	0.05528
V625	0.12787	0.09471	0.18148	0.36737	0.1412	0.08738
V626	0.13503	0	0.05601	0.1931	0.45422	0.16164
V627	0.46369	0.00823	0.05121	0.28053	0.08662	0.10972
V628	0.18463	0.01463	0.2775	0.12473	0.16929	0.22922
V629	0.11402	0.32753	0.03847	0.34129	0.12912	0.04957
V630	0.46436	0	0.08761	0.09883	0.09273	0.25648
V631	0.21643	0	0.10519	0.14999	0.12196	0.40643
V632	0.10438	0.01093	0.13744	0.27904	0.39894	0.06927
V633	0.06898	0.13968	0.57439	0.06788	0.08947	0.0596
V634	0.53604	0.0207	0.07378	0.18809	0.07061	0.11079
V635	0.08261	0.0409	0.21637	0.46153	0.13586	0.06272
V636	0.14685	0.40655	0.05787	0.10926	0.19956	0.0799
V637	0.25699	0	0.07793	0.06195	0.15635	0.44679
V638	0.11469	0.07875	0.07127	0.42001	0.25307	0.0622
V639	0.28159	0.02692	0.11032	0.08887	0.36632	0.12599
V640	0.12568	0.09047	0.38399	0.07379	0.18707	0.139
V641	0.07149	0.05342	0.40355	0.08357	0.32999	0.05799
V642	0.26107	0.01169	0.26812	0.17412	0.08687	0.19813
V643	0.58254	0.01988	0.06898	0.12337	0.07475	0.13048
V644	0.55292	0.00983	0.0684	0.12945	0.06998	0.16943
V645	0.51787	0.00901	0.08054	0.12315	0.06514	0.20431
V646	0.07938	0	0.36445	0.06741	0.42881	0.05995
V647	0.24213	0	0.07399	0.26773	0.11978	0.29637
V648	0.21242	0.22072	0.15737	0.10015	0.1049	0.20443
V649	0.18328	0.01029	0.04971	0.5281	0.15267	0.07595
V650	0.238	0.13431	0.19667	0.07044	0.2936	0.06698
V651	0.20657	0.22482	0.11271	0.08468	0.19906	0.17216
V652	0.11126	0.00206	0.11331	0.53456	0.16781	0.071
V653	0.18922	0.28828	0.08424	0.08363	0.16501	0.18962
V654	0.5744	0.01911	0.12701	0.07208	0.08164	0.12576
V655	0.26378	0	0.07584	0.10348	0.29583	0.26107
V656	0.1392	0.05998	0.46737	0.09362	0.16632	0.07351
V657	0.35524	0	0.05665	0.13521	0.27871	0.17419
V658	0.08618	0.06454	0.15202	0.4993	0.14128	0.05668
V659	0.15001	0.54033	0.07522	0.07091	0.10067	0.06286
V660	0.58969	0.00972	0.0758	0.07782	0.05532	0.19165
V661	0.18831	0	0.1659	0.14595	0.19037	0.30947
V662	0.54478	0.0128	0.07864	0.14129	0.07146	0.15103
V663	0.12881	0.10533	0.05906	0.09548	0.56263	0.04868
V664	0.15843	0.04692	0.54123	0.06251	0.10209	0.08882
V665	0.08207	0	0.04894	0.07666	0.74236	0.04997
V666	0.34738	0.2245	0.06708	0.13422	0.10605	0.12077
V667	0.24373	0	0.0951	0.08845	0.09097	0.48175
V668	0.5628	0.11343	0.0806	0.07181	0.05776	0.1136
V669	0.25647	0.0471	0.05241	0.2414	0.10377	0.29885
V670	0.16323	0.25662	0.06273	0.26256	0.12116	0.1337
V671	0.30332	0.0063	0.03952	0.45159	0.1183	0.08096
V672	0.14423	0.39615	0.04796	0.2501	0.11159	0.04996
V673	0.22447	0.06029	0.21001	0.06555	0.07996	0.35972
V674	0.55135	0.00822	0.07563	0.06672	0.18693	0.11116
V675	0.2814	0.04072	0.08545	0.06292	0.09804	0.43147
V676	0.09527	0.00555	0.0912	0.58592	0.16077	0.06128
V677	0.24186	0.25562	0.17179	0.0605	0.07863	0.19161
V678	0.22367	0.0256	0.09277	0.0706	0.39381	0.19355
V679	0.26677	0.01637	0.10279	0.08045	0.08727	0.44634
V680	0.08303	0	0.30605	0.066	0.45669	0.08822
V681	0.17276	0.46668	0.08871	0.06846	0.09013	0.11326
V682	0.17892	0.36093	0.0643	0.07288	0.16252	0.16045
V683	0.10093	0	0.05509	0.06755	0.67533	0.10111
V684	0.18612	0.47823	0.06464	0.11262	0.10121	0.05719
V685	0.11559	0.40783	0.23121	0.06283	0.13296	0.04959
V686	0.27114	0	0.35101	0.06593	0.08604	0.22587
V687	0.17021	0.15823	0.24222	0.12477	0.08952	0.21505
V688	0.37698	0	0.06872	0.06939	0.29428	0.19063
V689	0.12199	0.01089	0.5102	0.13801	0.11465	0.10426
V690	0.14048	0	0.07357	0.08224	0.55212	0.15159
V691	0.15915	0.32503	0.18407	0.1102	0.12286	0.09869
V692	0.43316	0.00584	0.05072	0.26269	0.14362	0.10396
V693	0.55161	0.09602	0.08523	0.07678	0.05878	0.13158
V694	0.5477	0.09747	0.07759	0.09333	0.06083	0.12308
V695	0.57002	0.00579	0.07175	0.07774	0.1256	0.14909
V696	0.16202	0.3344	0.08871	0.1012	0.25627	0.05739
V697	0.10798	0.01376	0.57107	0.09429	0.11731	0.09559
V698	0.14572	0.55933	0.07153	0.07165	0.10241	0.04936
V699	0.21749	0.00911	0.43134	0.08714	0.13792	0.11699
V700	0.18276	0	0.05073	0.07432	0.62468	0.06751
V701	0.60858	0.00632	0.08314	0.06662	0.0533	0.18205
V702	0.23628	0	0.10517	0.16378	0.09464	0.40013
V703	0.23612	0.33828	0.07283	0.06449	0.22496	0.06331
V704	0.34262	0.20336	0.19665	0.06191	0.0832	0.11227
V705	0.10919	0.07264	0.23424	0.17311	0.3462	0.06463
V706	0.19195	0.03214	0.28172	0.06154	0.16721	0.26544
V707	0.46435	0	0.07585	0.06309	0.06935	0.32735
V708	0.09473	0.28848	0.39301	0.07294	0.09555	0.05529
V709	0.08735	0.00329	0.01948	0.59404	0.23693	0.0589
V710	0.36308	0.03561	0.14011	0.09989	0.22989	0.13142
V711	0.11402	0.16035	0.33104	0.18144	0.10586	0.10729
V712	0.1045	0.18494	0.06105	0.07254	0.52948	0.04749
V713	0.28613	0.34785	0.08797	0.08444	0.09842	0.0952
V714	0.10743	0.34994	0.33088	0.06705	0.09507	0.04963
V715	0.07516	0.02184	0.67067	0.06328	0.08941	0.07963
V716	0.19872	0	0.05201	0.25592	0.25145	0.2419
V717	0.10471	0	0.06615	0.06896	0.68864	0.07155
V718	0.10853	0.27191	0.05793	0.06665	0.45601	0.03897
V719	0.14951	0.51637	0.08802	0.07033	0.1166	0.05917
V720	0.25788	0	0.21026	0.26528	0.12471	0.14186
V721	0.1798	0.17325	0.21135	0.0607	0.1512	0.22369
V722	0.07996	0	0.06022	0.07129	0.74255	0.04598
V723	0.14025	0.43882	0.09311	0.07411	0.19319	0.06053
V724	0.13694	0.22698	0.30311	0.12553	0.15291	0.05453
V725	0.13078	0.01915	0.09353	0.15027	0.4964	0.10986
V726	0.08709	0.00332	0.42046	0.08382	0.31203	0.09328
V727	0.22066	0	0.13251	0.14965	0.09228	0.4049
V728	0.10057	0.00757	0.01753	0.62772	0.15951	0.08711
V729	0.24055	0.33469	0.0774	0.0846	0.19023	0.07252
V730	0.18865	0	0.10687	0.3202	0.11483	0.26945
V731	0.19984	0.02221	0.35634	0.06272	0.21807	0.14082
V732	0.17039	0.28499	0.07299	0.09072	0.2657	0.1152
V733	0.22421	0	0.23829	0.18669	0.13237	0.21844
V734	0.22557	0	0.23205	0.05702	0.08747	0.39789
V735	0.11079	0.06493	0.03462	0.5419	0.15225	0.09551
V736	0.18294	0.348	0.10294	0.0879	0.10065	0.17757
V737	0.07415	0	0.05429	0.07709	0.74836	0.04611
V738	0.3246	0.03341	0.10194	0.29801	0.1114	0.13064
V739	0.20607	0.21639	0.16986	0.08551	0.23243	0.08974
V740	0.10643	0.18429	0.30658	0.09302	0.24309	0.0666
V741	0.35546	0.11328	0.16212	0.11571	0.17223	0.0812
V742	0.29444	0.00251	0.06462	0.32973	0.20039	0.10831
V743	0.09667	0.07758	0.22333	0.27199	0.26518	0.06525
V744	0.3693	0.04997	0.07397	0.15787	0.07987	0.26903
V745	0.13999	0.35846	0.06114	0.09077	0.30346	0.04618
V746	0.59018	0.02411	0.07978	0.08379	0.06939	0.15275
V747	0.21969	0	0.13126	0.09011	0.4838	0.07514
V748	0.21217	0	0.22153	0.08011	0.16881	0.31739
V749	0.39501	0	0.06587	0.15888	0.15587	0.22438
V750	0.09326	0.07217	0.01883	0.59708	0.16283	0.05582
V751	0.09251	0.01255	0.04396	0.60493	0.18653	0.05952
V752	0.22712	0	0.07268	0.11355	0.51162	0.07503
V753	0.1951	0	0.07854	0.12128	0.33401	0.27108
V754	0.16692	0.29736	0.14025	0.10569	0.12869	0.16109
V755	0.32366	0.01181	0.06891	0.08333	0.38161	0.13068
V756	0.25158	0	0.07847	0.06565	0.11696	0.48735
V757	0.20659	0.29034	0.07101	0.07767	0.13034	0.22405
V758	0.29261	0.41436	0.07113	0.0702	0.08161	0.07009
V759	0.1814	0	0.08211	0.15581	0.47049	0.11018
V760	0.25691	0	0.07897	0.07598	0.07676	0.51138
V761	0.06785	0	0.3073	0.08025	0.4919	0.05269
V762	0.11117	0	0.58119	0.08763	0.10864	0.11136
V763	0.1047	0.11784	0.04252	0.49545	0.16931	0.07018
V764	0.22361	0	0.11161	0.19228	0.27774	0.19476
V765	0.26765	0	0.07442	0.06533	0.08194	0.51066
V766	0.31294	0.23852	0.07443	0.07439	0.18681	0.11291
V767	0.2279	0	0.25914	0.12779	0.10295	0.28222
V768	0.14309	0.45234	0.16999	0.07282	0.09697	0.06479
V769	0.05177	0.00685	0.64682	0.1205	0.10505	0.06901
V770	0.14618	0.2972	0.04555	0.32301	0.13046	0.05761
V771	0.17226	0.03612	0.38296	0.09701	0.08473	0.22691
V772	0.09125	0.00054	0.61224	0.07435	0.0877	0.13393
V773	0.39141	0	0.07754	0.17694	0.11377	0.24034
V774	0.22453	0.00502	0.53823	0.06245	0.08346	0.08632
V775	0.14106	0.46265	0.15156	0.0935	0.10513	0.0461
V776	0.59371	0.01952	0.07639	0.07195	0.05483	0.1836
V777	0.17544	0.11211	0.0561	0.08147	0.38266	0.19222
V778	0.07532	0.02862	0.62345	0.1066	0.0937	0.07229
V779	0.64893	0.01887	0.07827	0.06793	0.05697	0.12903
V780	0.11715	0.01318	0.05066	0.60132	0.15466	0.06302
V781	0.48412	0.0954	0.09711	0.06376	0.06193	0.19768
V782	0.26308	0	0.09999	0.05865	0.07468	0.5036
V783	0.17963	0.48326	0.07416	0.06983	0.10171	0.0914
V784	0.07767	0.02436	0.27542	0.10259	0.46208	0.05788
V785	0.12575	0.43266	0.12934	0.07384	0.18857	0.04984
