CD14.pos.CD16.neg.classical.monocyte	mature.neutrophil	memory.B.cell	cytotoxic.CD56.dim.NK.cell	memory.CD4.pos.AB.T.cell	macrophage
V1	0.17276	0	0.78724	0	0.03999	0
V2	0.55329	0.12692	0.03064	0.08131	0.14737	0.06047
V3	0.31548	0.0595	0.21521	0	0.04025	0.36956
V4	0.32206	0.3843	0.00395	0.08456	0.14264	0.06248
V5	0.11306	0.02666	0	0.50762	0.35266	0
V6	0.31201	0.0277	0.1794	0	0.1993	0.28159
V7	0.15329	0.35306	0	0	0.49365	0
V8	0.64244	0.06741	0.04544	0.09474	0.04675	0.10322
V9	0.36623	0.15182	0	0.2194	0.09232	0.17024
V10	0.47516	0.03778	0.06249	0.26931	0.10061	0.05465
V11	0.23991	0.65329	0.00091	0.04998	0.05591	0
V12	0.33427	0.04249	0.07238	0	0.03974	0.51112
V13	0.21336	0.43088	0.28383	0.00324	0.0687	0
V14	0.18106	0	0	0.72374	0.0952	0
V15	0.48449	0.08765	0.01457	0.08578	0.24699	0.08052
V16	0.1675	0.00718	0	0.31957	0.43216	0.0736
V17	0.31485	0.04679	0.15965	0	0.03114	0.44757
V18	0.65919	0.14893	0.05091	0.02588	0.03558	0.07951
V19	0.54224	0.06553	0.20079	0	0.12592	0.06551
V20	0.57824	0.07797	0.10972	0.08514	0.05334	0.09559
V21	0.33766	0.05774	0.03294	0	0.07516	0.4965
V22	0.24673	0.06724	0	0.0091	0.6412	0.03573
V23	0.13075	0	0.3287	0	0.54055	0
V24	0.21534	0.02584	0	0.04554	0.67895	0.03433
V25	0.47566	0.25368	0.01045	0.12149	0.09057	0.04814
V26	0.31032	0.03319	0.00413	0	0.63236	0.02
V27	0.29453	0.02341	0.19039	0	0.04289	0.44879
V28	0.24233	0.2193	0.15021	0.17651	0.10116	0.11049
V29	0.23132	0.49821	0.08558	0.07415	0.05081	0.05993
V30	0.30776	0.18957	0.1106	0	0.24918	0.14288
V31	0.59182	0.04401	0.21042	0.00065	0.04738	0.10571
V32	0.1452	0	0.34156	0.41483	0.09842	0
V33	0.32859	0.3404	0.22672	0.01078	0.0562	0.03731
V34	0.07504	0	0.49591	0	0.42905	0
V35	0.14509	0.03343	0.16755	0.42837	0.22556	0
V36	0.22366	0.41562	0.10679	0.00173	0.24722	0.00498
V37	0.15062	0	0.74042	0	0.04192	0.06704
V38	0.31397	0.01846	0.15469	0	0.02736	0.48552
V39	0.55192	0.05887	0.02386	0.23294	0.06131	0.07109
V40	0.21772	0.42649	0	0.13992	0.1719	0.04397
V41	0.62345	0.0521	0.06472	0.00452	0.04474	0.21047
V42	0.30565	0.01133	0.52419	0	0.08021	0.07862
V43	0.29941	0.35291	0.00196	0.02688	0.26809	0.05075
V44	0.24993	0.66272	0	0.04803	0.03932	0
V45	0.44877	0.2811	0.06021	0.02735	0.05997	0.12261
V46	0.1917	0.01321	0.00139	0.20118	0.42002	0.17249
V47	0.20389	0.36167	0	0.11944	0.28628	0.02873
V48	0.19265	0.49921	0.17331	0.00101	0.13382	0
V49	0.23011	0.62804	0	0.03746	0.10439	0
V50	0.09383	0	0.26456	0	0.61786	0.02375
V51	0.04443	0.00089	0	0	0.95469	0
V52	0.19912	0.4485	0.23791	0.02191	0.09257	0
V53	0.20008	0.01162	0.08202	0	0.70628	0
V54	0.18025	0.0919	0.55149	0	0.14049	0.03588
V55	0.0697	0.03334	0.09633	0	0.80063	0
V56	0.10945	0.0055	0.75433	0	0.13072	0
V57	0.28932	0.30934	0.04317	0	0.1707	0.18747
V58	0.11686	0	0.83442	0	0.04763	0.0011
V59	0.14933	0	0	0.73565	0.11502	0
V60	0.50409	0.01879	0.01554	0.34181	0.07802	0.04175
V61	0.39066	0.12475	0.0177	0.13297	0.11257	0.22136
V62	0.4892	0.05534	0.09438	0.08647	0.14202	0.13258
V63	0.26017	0.42369	0.00657	0.08705	0.05824	0.16428
V64	0.06621	0.09894	0	0	0.83485	0
V65	0.51599	0.13688	0.05848	0.01611	0.0841	0.18845
V66	0.4571	0.04867	0.13892	0	0.30675	0.04857
V67	0.2053	0.12314	0.30007	0.1674	0.08325	0.12083
V68	0.71244	0.06054	0.05827	0.04213	0.03404	0.09257
V69	0.54477	0.06307	0.04035	0.00266	0.06114	0.28801
V70	0.14838	0	0.20242	0.47642	0.17278	0
V71	0.18668	0.23198	0.01664	0.06502	0.40492	0.09475
V72	0.53597	0.13066	0.0998	0.01216	0.10237	0.11905
V73	0.16624	0	0.05842	0.63955	0.1358	0
V74	0.14317	0.11411	0	0.64957	0.09315	0
V75	0.21771	0.65745	0	0.06106	0.06378	0
V76	0.09428	0	0.68785	0	0.21787	0
V77	0.23649	0.113	0.08125	0.4482	0.09192	0.02914
V78	0.49512	0.12336	0.07435	0.10334	0.06364	0.14019
V79	0.27944	0.44439	0.01449	0.02186	0.03787	0.20196
V80	0.27092	0.46437	0.00422	0.03216	0.05294	0.17539
V81	0.61344	0.12167	0.11009	0.01153	0.05602	0.08724
V82	0.21433	0.59597	0	0.06468	0.12502	0
V83	0.25466	0.13406	0.00157	0.33051	0.2279	0.05129
V84	0.39433	0.01561	0.08878	0.34371	0.11268	0.04489
V85	0.68183	0.05754	0.12689	0.0089	0.0375	0.08733
V86	0.33806	0.03812	0.13249	0.22968	0.08479	0.17686
V87	0.13376	0	0	0.76556	0.10068	0
V88	0.23658	0.02342	0	0.43303	0.13583	0.17114
V89	0.22175	0.1338	0.42606	0	0.04217	0.17622
V90	0.23332	0.51428	0.11145	0.01929	0.11482	0.00684
V91	0.11345	0.01589	0.02649	0.02331	0.82086	0
V92	0.0728	0.0632	0	0	0.864	0
V93	0.30335	0.07407	0.01346	0.05547	0.31376	0.23989
V94	0.11744	0	0.24263	0.53567	0.10426	0
V95	0.08184	0	0.31493	0.01286	0.59038	0
V96	0.21066	0.31532	0.00497	0.02722	0.34499	0.09684
V97	0.05582	0.01137	0	0	0.93281	0
V98	0.15072	0.04745	0	0.62091	0.18092	0
V99	0.11907	0	0	0.78238	0.09855	0
V100	0.12556	0	0.47578	0.15248	0.24159	0.00459
V101	0.16805	0.27957	0.42364	0.04552	0.08322	0
V102	0.66763	0.06262	0.14266	0.00451	0.0384	0.08419
V103	0.57546	0.0623	0.04044	0.13661	0.10082	0.08438
V104	0.14372	0	0.19962	0.53483	0.12183	0
V105	0.32798	0.02422	0.10062	0	0.02546	0.52172
V106	0.18018	0	0.58882	0	0.04272	0.18829
V107	0.23834	0.4889	0.2132	0.00234	0.05722	0
V108	0.26754	0.04905	0.04706	0	0.2443	0.39205
V109	0.28032	0.03275	0.02319	0	0.21927	0.44447
V110	0.16689	0.11162	0.67019	0	0.05118	0.00013
V111	0.09179	0	0.84064	0	0.06757	0
V112	0.18281	0.25921	0	0.48007	0.07792	0
V113	0.12754	0.05543	0.62012	0	0.19691	0
V114	0.22138	0	0.65241	0.03831	0.0879	0
V115	0.45137	0.08979	0.04117	0.01542	0.17444	0.22782
V116	0.7025	0.05927	0.05489	0.05771	0.03473	0.0909
V117	0.49446	0.04596	0.019	0.06088	0.32389	0.0558
V118	0.21476	0.52624	0.08969	0.0427	0.12422	0.00239
V119	0.23683	0.6313	0	0.07545	0.05109	0.00533
V120	0.22397	0.16971	0.08135	0.33909	0.17862	0.00726
V121	0.40423	0.03018	0.01436	0.23035	0.05254	0.26834
V122	0.35976	0.02125	0	0.48941	0.12525	0.00432
V123	0.41185	0.04225	0.02165	0.02639	0.18625	0.31162
V124	0.07147	0	0.28442	0	0.64411	0
V125	0.16101	0.10888	0.63136	0	0.07417	0.02458
V126	0.2997	0.23118	0.06438	0.00644	0.04675	0.35155
V127	0.13168	0	0.77635	0	0.09197	0
V128	0.37772	0.22225	0.10602	0.13006	0.12863	0.03533
V129	0.10624	0	0.8099	0	0.08385	0
V130	0.49381	0.13147	0.0171	0.21544	0.08951	0.05268
V131	0.12332	0.00767	0.0078	0	0.78059	0.08061
V132	0.1792	0.35674	0.36443	0	0.09963	0
V133	0.17561	0.14847	0.53822	0.0058	0.1319	0
V134	0.30196	0.50601	0.00304	0.03391	0.13014	0.02494
V135	0.16269	0	0.69632	0	0.08821	0.05279
V136	0.26279	0.54865	0.06265	0.03722	0.08759	0.0011
V137	0.13936	0.11818	0.5182	0	0.22426	0
V138	0.26222	0.00221	0.00535	0.3268	0.16236	0.24107
V139	0.17315	0.05107	0.14498	0	0.4511	0.1797
V140	0.53012	0.21305	0.06405	0.07361	0.05182	0.06735
V141	0.32706	0.2215	0.11642	0.20838	0.10146	0.02519
V142	0.28566	0.54822	0.00655	0.08265	0.04508	0.03184
V143	0.17339	0.03655	0.61211	0	0.17408	0.00386
V144	0.30928	0.16118	0.02472	0.10078	0.05147	0.35257
V145	0.1268	0	0	0.78298	0.09022	0
V146	0.17863	0.0179	0.06091	0	0.69786	0.0447
V147	0.47425	0.09182	0.1382	0.03167	0.04397	0.22008
V148	0.13654	0.11963	0.70216	0	0.04168	0
V149	0.28126	0.40265	0	0.04088	0.03832	0.23689
V150	0.11364	0	0	0.77118	0.11518	0
V151	0.29211	0.34134	0.00389	0.02174	0.06123	0.27969
V152	0.18807	0.18802	0.40728	0	0.19191	0.02473
V153	0.1186	0.00622	0.61913	0.13191	0.12414	0
V154	0.4604	0.20602	0.03115	0.01171	0.03517	0.25555
V155	0.18127	0.30434	0.07068	0	0.42202	0.0217
V156	0.14586	0.40194	0	0	0.4522	0
V157	0.26347	0.10318	0.03908	0.21906	0.07525	0.29998
V158	0.12478	0.01443	0.82067	0	0.04013	0
V159	0.25164	0.19316	0.31152	0.11036	0.11509	0.01822
V160	0.11875	0	0.82425	0	0.03924	0.01776
V161	0.17624	0.39766	0	0.27338	0.15273	0
V162	0.19569	0.44064	0	0.10807	0.2556	0
V163	0.09809	0	0.86113	0	0.04078	0
V164	0.16514	0.27646	0.3429	0.05655	0.15895	0
V165	0.11608	0.02443	0.01549	0	0.78745	0.05655
V166	0.18474	0.02171	0	0.08151	0.51326	0.19878
V167	0.1157	0	0.40153	0.35652	0.12625	0
V168	0.58596	0.05315	0.02929	0.20676	0.05148	0.07336
V169	0.13154	0	0.68365	0.08147	0.10334	0
V170	0.4393	0.04348	0.10724	0.22889	0.13895	0.04214
V171	0.30788	0.38185	0.0184	0.01642	0.0533	0.22216
V172	0.20071	0.04944	0.52346	0.08028	0.09163	0.05448
V173	0.13655	0	0.75056	0	0.05592	0.05697
V174	0.5395	0.13078	0.03383	0.00375	0.23213	0.06001
V175	0.23853	0.51556	0.1112	0.02713	0.10758	0
V176	0.08121	0	0.8585	0	0.06029	0
V177	0.23994	0.07208	0.31564	0	0.2216	0.15073
V178	0.08669	0.03847	0.00682	0	0.86802	0
V179	0.17333	0	0.00944	0.5293	0.20349	0.08445
V180	0.33545	0.01033	0.18637	0.30044	0.07616	0.09125
V181	0.48245	0.12731	0.08378	0.05159	0.11493	0.13995
V182	0.13819	0.05182	0.73818	0	0.07181	0
V183	0.12502	0	0	0.7933	0.08168	0
V184	0.41035	0.33877	0.0152	0.03615	0.16209	0.03744
V185	0.26182	0.42535	0.01836	0.01878	0.1773	0.09839
V186	0.09872	0	0.59538	0.19498	0.11093	0
V187	0.35506	0.40469	0	0.03483	0.18484	0.02057
V188	0.2928	0.46943	0.00468	0.05135	0.03865	0.14309
V189	0.12805	0.06266	0.16787	0	0.56933	0.07209
V190	0.15065	0.16817	0	0	0.58491	0.09627
V191	0.26727	0.4692	0	0.03245	0.05203	0.17906
V192	0.48508	0.2103	0.10747	0.0242	0.10536	0.06758
V193	0.32389	0.12746	0.03111	0.00717	0.04199	0.46837
V194	0.09195	0.02241	0.00292	0.03205	0.85068	0
V195	0.09821	0	0.70109	0	0.2007	0
V196	0.11614	0	0	0.74756	0.13629	0
V197	0.23718	0.01632	0.01609	0	0.71327	0.01713
V198	0.24113	0.33059	0.02469	0.11723	0.27861	0.00775
V199	0.14123	0.19855	0.08916	0.04357	0.52749	0
V200	0.18039	0	0.55817	0.11662	0.09696	0.04786
V201	0.13527	0	0	0.78512	0.07961	0
V202	0.20033	0.05034	0.41229	0	0.19798	0.13906
V203	0.52279	0.05739	0.01795	0.28868	0.06045	0.05274
V204	0.32069	0.05783	0.0569	0.12994	0.05525	0.37938
V205	0.09907	0	0.84885	0	0.05208	0
V206	0.14134	0.01686	0.07316	0.63118	0.13746	0
V207	0.41146	0.1693	0.04444	0.20198	0.0844	0.08842
V208	0.38783	0.08305	0.38519	0	0.11389	0.03003
V209	0.36586	0.39701	0.00087	0.05839	0.04443	0.13344
V210	0.17893	0	0.78268	0	0.03839	0
V211	0.46981	0.06285	0.12515	0	0.19379	0.1484
V212	0.17111	0.21397	0.1792	0.2905	0.14522	0
V213	0.12095	0.05785	0.25935	0	0.56185	0
V214	0.65182	0.07206	0.06591	0.05242	0.07129	0.08651
V215	0.27097	0.5022	0	0.05649	0.03876	0.13158
V216	0.25921	0.38885	0.27583	0	0.07611	0
V217	0.30452	0.02313	0.05363	0.03941	0.32631	0.25299
V218	0.20031	0.26217	0	0.44896	0.08856	0
V219	0.65447	0.05743	0.0662	0.00796	0.044	0.16994
V220	0.2109	0	0	0.70168	0.08741	0
V221	0.26777	0.56374	0.01879	0.09424	0.05546	0
V222	0.19686	0.24572	0.02267	0.10652	0.41437	0.01385
V223	0.23888	0.24898	0.25169	0	0.0713	0.18915
V224	0.06813	0	0.3958	0	0.53607	0
V225	0.3717	0.04158	0.04878	0	0.03094	0.507
V226	0.32222	0.04791	0.20617	0.19708	0.18657	0.04005
V227	0.54875	0.0424	0.02805	0.19147	0.05853	0.13079
V228	0.23816	0.19035	0.43738	0	0.10556	0.02856
V229	0.24454	0.00578	0.36341	0.15054	0.21303	0.0227
V230	0.16416	0.11123	0.6787	0	0.0459	0
V231	0.16514	0	0	0.72603	0.10883	0
V232	0.43139	0.0359	0.00731	0.2388	0.06467	0.22192
V233	0.65979	0.06305	0.06709	0.0592	0.05399	0.09689
V234	0.42462	0.03818	0.01014	0	0.47423	0.05283
V235	0.19202	0	0	0.69951	0.10847	0
V236	0.15768	0.00196	0.18613	0	0.53567	0.11856
V237	0.10255	0	0.79093	0	0.10652	0
V238	0.53822	0.04494	0.07561	0.07107	0.07327	0.1969
V239	0.47183	0.05529	0.1278	0.09377	0.17432	0.07699
V240	0.11514	0.21461	0	0.06002	0.61022	0
V241	0.50324	0.16505	0.0209	0.15696	0.09468	0.05917
V242	0.36635	0.06613	0.05439	0.13509	0.13535	0.24269
V243	0.1742	0.3024	0.41958	0	0.10381	0
V244	0.22428	0.03483	0	0	0.56817	0.17272
V245	0.61701	0.05012	0.05605	0.00507	0.0524	0.21935
V246	0.12386	0.02906	0.21221	0.26943	0.36544	0
V247	0.382	0.09026	0.02068	0.15172	0.06983	0.28552
V248	0.29547	0.04544	0	0.15661	0.45997	0.04251
V249	0.30646	0.14314	0.36149	0.0351	0.06539	0.08841
V250	0.13217	0	0	0.78498	0.08285	0
V251	0.20806	0.44694	0.12074	0.1535	0.07075	0
V252	0.12973	0	0	0.72397	0.14631	0
V253	0.22485	0.05468	0	0.32253	0.19739	0.20056
V254	0.17799	0.22742	0.05785	0.13631	0.37512	0.02531
V255	0.395	0.26252	0.07715	0.05736	0.10929	0.09868
V256	0.22921	0.66159	0	0.05065	0.05855	0
V257	0.19279	0.35194	0.01826	0.00914	0.39472	0.03314
V258	0.18375	0.18657	0.10817	0.4358	0.08572	0
V259	0.19478	0.43825	0.30113	0.00297	0.06287	0
V260	0.18611	0.04841	0.00287	0	0.68174	0.08088
V261	0.45645	0.05639	0.05777	0.01442	0.25575	0.15921
V262	0.14789	0	0.74994	0	0.10217	0
V263	0.14547	0.02787	0.62372	0.10242	0.10052	0
V264	0.51032	0.06245	0.12867	0.0231	0.10427	0.17119
V265	0.07957	0.00428	0	0	0.91616	0
V266	0.36599	0.0672	0.04555	0.0018	0.03938	0.48008
V267	0.30684	0.54324	0	0.1011	0.04813	7e-04
V268	0.70703	0.05985	0.05298	0.01948	0.03549	0.12516
V269	0.16064	0.01783	0.08749	0.60865	0.12539	0
V270	0.35277	0.40372	0.02497	0.0323	0.16145	0.02479
V271	0.2586	0.12216	0.25268	0	0.05787	0.30869
V272	0.09929	0.01015	0	0.00323	0.84848	0.03884
V273	0.12819	0.00995	0.03941	0.00646	0.78925	0.02674
V274	0.28849	0.02569	0.18206	0.01851	0.05625	0.429
V275	0.57872	0.19687	0.03967	0.03183	0.04607	0.10685
V276	0.28936	0.22924	0.08221	0.06324	0.09088	0.24507
V277	0.46393	0.05979	0.03654	0	0.17126	0.26849
V278	0.22548	0.1105	0.08749	0.17026	0.39286	0.0134
V279	0.31199	0.06016	0.21485	0.0168	0.06507	0.33112
V280	0.21585	0	0	0.6917	0.09245	0
V281	0.23191	0.64132	0.01459	0.06961	0.04256	0
V282	0.08809	0.04137	0	0	0.87054	0
V283	0.14476	0.37959	0	0	0.47565	0
V284	0.18872	0.07574	0.30033	0.24167	0.12809	0.06544
V285	0.12976	0	0	0.78175	0.08849	0
V286	0.55913	0.06389	0.10269	0.15581	0.05532	0.06316
V287	0.10013	0.01644	0.01732	0.00528	0.83922	0.02161
V288	0.28708	0.24867	0.02209	0.00165	0.1635	0.277
V289	0.12529	0.05488	0.70472	0.00053	0.11459	0
V290	0.12671	0	0.19662	0.56231	0.11436	0
V291	0.15589	0	0	0.75406	0.09004	0
V292	0.24702	0.07257	0	0.48007	0.20035	0
V293	0.07079	0.04715	0.00412	0	0.87794	0
V294	0.46182	0.06751	0.0193	0	0.32272	0.12866
V295	0.37708	0.03187	0.0497	0	0.03477	0.50657
V296	0.2104	0.31055	0.06361	0.22615	0.12845	0.06084
V297	0.33337	0.08683	0.02586	0.00462	0.04062	0.5087
V298	0.21626	0.58031	0.12396	0.03195	0.04752	0
V299	0.22196	0.05363	0.67306	0	0.05135	0
V300	0.59606	0.13457	0.07452	0.01431	0.03836	0.14219
V301	0.46149	0.34487	0.06384	0.03527	0.05363	0.0409
V302	0.17941	0.23483	0.02947	0.42314	0.13315	0
V303	0.2087	0.54558	0.04731	0.02958	0.16883	0
V304	0.07613	0.00109	0	0	0.92278	0
V305	0.1928	0.00026	0.16528	0.33405	0.17923	0.12839
V306	0.45733	0.1188	0.02952	0.00974	0.0353	0.34929
V307	0.21714	0.02392	0	0	0.70048	0.05846
V308	0.11263	0	0	0.79947	0.0879	0
V309	0.19469	0.42977	0	0.32061	0.05493	0
V310	0.24481	0.30745	0.24665	0	0.06887	0.13222
V311	0.50538	0.04209	0.04514	0.00643	0.03583	0.36512
V312	0.20632	0.01371	0	0.27906	0.49155	0.00936
V313	0.41087	0.04193	0.02683	0.03619	0.03522	0.44896
V314	0.32857	0.00336	0	0.57735	0.09072	0
V315	0.29402	0.54747	0.00164	0.03523	0.09451	0.02713
V316	0.37205	0.03556	0.04133	0.05495	0.0578	0.4383
V317	0.20153	0	0	0.59144	0.12271	0.08431
V318	0.13617	0	0	0.76905	0.09478	0
V319	0.37754	0.16432	0.2407	0.10147	0.06962	0.04634
V320	0.31194	0.16579	0.3131	0.06451	0.07416	0.0705
V321	0.19873	0.50518	0	0.24329	0.0528	0
V322	0.12558	0.0049	0.07809	0	0.70879	0.08264
V323	0.16156	0.24788	0	0.30366	0.28691	0
V324	0.19865	0.04412	0.03155	0.14445	0.45208	0.12914
V325	0.27014	0.63176	0.01373	0.04273	0.04165	0
V326	0.30912	0.57248	0.0113	0.03405	0.06677	0.00628
V327	0.15258	0	0.8074	0	0.04002	0
V328	0.2602	0.17752	0.17562	0.08659	0.29236	0.00772
V329	0.08704	0	0.5446	0	0.36835	0
V330	0.09191	0	0.84721	0	0.06087	0
V331	0.57098	0.09752	0.08601	0.07245	0.05136	0.12168
V332	0.19923	0.06869	0.1484	0	0.39335	0.19033
V333	0.13855	0	0.45168	0.23141	0.17836	0
V334	0.16839	0.32329	0.3663	0.06812	0.0739	0
V335	0.2089	0	0.70006	0	0.04169	0.04935
V336	0.38746	0.47152	0.0289	0.03669	0.04676	0.02868
V337	0.15374	0.17136	0.04005	0	0.63484	0
V338	0.58345	0.04968	0.07769	0	0.19153	0.09764
V339	0.22279	0.06943	0.37362	0.16377	0.10694	0.06344
V340	0.53379	0.24392	0.02271	0.05647	0.06483	0.07829
V341	0.33136	0.03341	0.02413	0.47	0.13144	0.00966
V342	0.20512	0	0	0.55923	0.13615	0.0995
V343	0.31536	0.15308	0.13448	0.00858	0.06218	0.32633
V344	0.21538	0.49951	0	0.03509	0.19448	0.05554
V345	0.05131	0.00013	0	0	0.94856	0
V346	0.23552	0.01176	0	0.34182	0.39265	0.01825
V347	0.43881	0.14357	0.03657	0.0613	0.27138	0.04837
V348	0.20547	0.09893	0.59583	0	0.09976	0
V349	0.59319	0.10396	0.07379	0.08177	0.07748	0.06982
V350	0.42236	0.05572	0.13925	0.18265	0.0623	0.13773
V351	0.36694	0.08526	0.06891	0.01369	0.05676	0.40844
V352	0.2215	0.28258	0.00051	0	0.31379	0.18161
V353	0.13305	0.11854	0.70637	0	0.04204	0
V354	0.23955	0.05108	0.22812	0	0.31647	0.16478
V355	0.09815	0	0.85492	0	0.04693	0
V356	0.47566	0.12794	0.04433	0.19467	0.08337	0.07403
V357	0.31519	0.01597	0.39624	0	0.24266	0.02994
V358	0.31987	0.02474	0.08982	0.01381	0.0478	0.50396
V359	0.25481	0.07054	0	0.51998	0.15282	0.00185
V360	0.4565	0.02816	0.01731	0.15528	0.26815	0.0746
V361	0.22726	0.67206	0	0.05728	0.0434	0
V362	0.20445	0.43158	0	0.29073	0.07324	0
V363	0.59169	0.10156	0.0868	0	0.12314	0.09681
V364	0.28649	0.18158	0.02549	0.02116	0.15078	0.3345
V365	0.42483	0.33807	0.0091	0.14216	0.05001	0.03584
V366	0.2125	0.20261	0.43508	0.00545	0.14334	0.00103
V367	0.13418	0	0	0.49551	0.37031	0
V368	0.25966	0.13716	0.09079	0.00701	0.18459	0.32079
V369	0.11081	0.03642	0	0	0.81432	0.03844
V370	0.16134	0.05149	0.61777	0.04493	0.10427	0.02021
V371	0.22648	0.21518	0	0.41625	0.06451	0.07759
V372	0.2219	0.53448	0	0.04115	0.17476	0.02772
V373	0.65103	0.0631	0.04951	0.00924	0.03821	0.18891
V374	0.27371	0	0.23211	0.37942	0.11476	0
V375	0.38993	0.03346	0.21242	0.00439	0.30682	0.05297
V376	0.2847	0.06145	0.03685	0.0929	0.11801	0.40609
V377	0.12846	0	0.39971	0	0.47183	0
V378	0.2963	0.07704	0.20292	0	0.06539	0.35835
V379	0.46279	0.04324	0.1603	0	0.03391	0.29976
V380	0.06977	0.0362	0.00555	0	0.88848	0
V381	0.37133	0.03297	0.30593	0.193	0.08163	0.01515
V382	0.08329	0.02768	0	0.12237	0.76666	0
V383	0.27654	0.03029	0.38776	0.19885	0.10005	0.00652
V384	0.1296	0	0.77949	0	0.09091	0
V385	0.34957	0.03935	0.056	0	0.02646	0.52861
V386	0.50693	0.05878	0.27264	0	0.09396	0.06769
V387	0.31871	0.00222	0.02886	0.55973	0.09048	0
V388	0.61836	0.07964	0.18103	0	0.04647	0.0745
V389	0.42594	0.1	0.03654	0	0.04065	0.39687
V390	0.19339	0.01778	0	0.62935	0.11484	0.04464
V391	0.15651	0	0	0.49474	0.34327	0.00548
V392	0.20403	0.03084	0.45579	0.03684	0.07471	0.19779
V393	0.19435	0.12728	0.36695	0.00111	0.19751	0.1128
V394	0.12488	0	0	0.72522	0.1499	0
V395	0.10328	0.0124	0.83931	0	0.04501	0
V396	0.47471	0.07634	0.01125	0.29107	0.10907	0.03757
V397	0.30942	0.17297	0.05165	0.00061	0.08151	0.38383
V398	0.22289	0.52985	0	0.04191	0.20535	0
V399	0.10602	0	0.81563	0	0.07835	0
V400	0.26579	0.03008	0	0.3391	0.07353	0.29151
V401	0.21548	0.0022	0.61793	0	0.1377	0.02669
V402	0.1836	0	0	0.73364	0.08277	0
V403	0.23229	0.01983	0.01574	0	0.40131	0.33084
V404	0.08681	0	0.87053	0	0.04266	0
V405	0.38102	0.29715	0.09084	0.04886	0.15539	0.02674
V406	0.25974	0.06593	0.18655	0.04241	0.22513	0.22024
V407	0.17241	0	0.68897	0	0.04672	0.0919
V408	0.19773	0.07999	0	0.60266	0.08571	0.0339
V409	0.70339	0.08472	0.05208	0.01298	0.03626	0.11059
V410	0.71687	0.06866	0.05331	0.01171	0.05069	0.09876
V411	0.29255	0.01959	0.01281	0.21791	0.05182	0.40532
V412	0.50013	0.18381	0.08064	0.03799	0.14887	0.04857
V413	0.15316	0.07921	0	0.65409	0.11355	0
V414	0.21167	0.05084	0	0.49692	0.24056	0
V415	0.16266	0	0.32387	0.27817	0.19594	0.03936
V416	0.15929	0.13428	0	0.18904	0.46194	0.05544
V417	0.33979	0.01901	0.09392	0.09179	0.04501	0.41048
V418	0.12694	0.06097	0.40511	0.04296	0.35385	0.01017
V419	0.33845	0.05401	0.02837	0	0.03571	0.54346
V420	0.34646	0.0322	0.02987	0.00214	0.0381	0.55124
V421	0.12193	0.05295	0.04813	4e-04	0.77102	0.00558
V422	0.27402	0.26662	0	0	0.44887	0.01049
V423	0.17975	0.12823	0	0.61769	0.07433	0
V424	0.63725	0.12127	0.05649	0.06502	0.04	0.07996
V425	0.07735	0.09954	0	0	0.82311	0
V426	0.28621	0.05172	0.197	0	0.04273	0.42233
V427	0.45158	0.12694	0.14989	0.1028	0.0813	0.08749
V428	0.3482	0.00704	0	0.56768	0.07709	0
V429	0.12811	0	0.07131	0.48521	0.31537	0
V430	0.16962	0.05263	0.55048	0.10219	0.10458	0.0205
V431	0.08444	0	0.8609	0	0.05466	0
V432	0.18158	0.3591	0	0.37538	0.08394	0
V433	0.12723	0	0	0.77462	0.09815	0
V434	0.16733	0.2322	0.13253	0.38415	0.08379	0
V435	0.12246	0.00842	0	0	0.74841	0.1207
V436	0.66626	0.13224	0.05202	0.0308	0.03778	0.08089
V437	0.29256	0.22971	0.27106	0	0.15484	0.05184
V438	0.17176	0.33913	0	0.03574	0.45337	0
V439	0.06737	0.00437	0.08547	0	0.84279	0
V440	0.22446	0.0436	0.4048	0	0.25496	0.07218
V441	0.19584	0.05439	0.45079	0.07069	0.09337	0.13492
V442	0.42245	0.12924	0.17947	0.04188	0.10403	0.12292
V443	0.14362	0	0.01456	0.70307	0.13875	0
V444	0.58881	0.0781	0.06884	0.02378	0.12418	0.11629
V445	0.72052	0.06815	0.07118	0.01112	0.03457	0.09445
V446	0.20459	0.43326	0.25175	0.01391	0.08532	0.01116
V447	0.29047	0.20442	0	0.165	0.10409	0.23602
V448	0.10565	0	0.79435	0	0.1	0
V449	0.51554	0.062	0.02953	0.24835	0.05637	0.08822
V450	0.1568	0	0.64938	0	0.19381	0
V451	0.18245	0.04051	0.14941	0.0724	0.55523	0
V452	0.24609	0.01682	0.01896	0.37209	0.12806	0.21798
V453	0.35526	0.00876	0.4955	0.03923	0.08145	0.01981
V454	0.2948	0.04407	0.09019	0.47326	0.09674	0.00095
V455	0.26993	0.60677	0.02051	0.05947	0.04275	0.00056
V456	0.65351	0.05696	0.07942	0.01022	0.07698	0.1229
V457	0.29101	0.03377	0.02249	0	0.24375	0.40898
V458	0.14053	0	0.40614	0	0.39803	0.0553
V459	0.12403	0	0.57139	0.20513	0.09945	0
V460	0.38658	0.07066	0.24556	0.08267	0.09599	0.11854
V461	0.3449	0.04095	0.00253	0.3647	0.20744	0.03948
V462	0.09902	0	0.84399	0	0.05699	0
V463	0.05745	0.02934	0	0	0.91321	0
V464	0.24852	0.61603	0	0.05912	0.07633	0
V465	0.37673	0.08903	0.4034	0	0.08247	0.04837
V466	0.19752	5e-05	0	0.64153	0.16091	0
V467	0.72671	0.06263	0.06335	0.01229	0.03378	0.10122
V468	0.37808	0.10423	0.08927	0.1921	0.21323	0.0231
V469	0.15465	0.09582	0.62846	0.00418	0.09334	0.02355
V470	0.52114	0.04847	0.06898	0.04614	0.24746	0.0678
V471	0.1793	0.16817	0.49615	0	0.11854	0.03783
V472	0.20567	0.42408	0	0.02834	0.32153	0.02038
V473	0.23438	0.67981	0	0.04979	0.03601	0
V474	0.16431	0	0.35623	0.37557	0.1039	0
V475	0.17514	0.12924	0.25782	0.10494	0.32832	0.00454
V476	0.46305	0.05153	0.02306	0.17024	0.09582	0.19629
V477	0.25181	0.45974	0.04504	0.0974	0.07563	0.07037
V478	0.11708	0	0.8111	0	0.05446	0.01736
V479	0.15524	0.08807	0.66932	0	0.08737	0
V480	0.13834	0.20926	0	0.24726	0.40514	0
V481	0.40042	0.10367	0.12088	0.03495	0.28216	0.05792
V482	0.5231	0.04095	0.0583	0.00905	0.03778	0.33084
V483	0.22216	0.64369	0.04514	0.046	0.04301	0
V484	0.65289	0.05367	0.11309	0	0.08783	0.09252
V485	0.31265	0.10815	0.45165	0.01461	0.07727	0.03567
V486	0.2608	0	0.63095	0	0.05559	0.05267
V487	0.13671	0.30548	0	0	0.55781	0
V488	0.35607	0.49943	0.01411	0.07119	0.04268	0.01651
V489	0.62855	0.06949	0.119	0.00269	0.09218	0.08809
V490	0.3416	0.06483	0.02047	0.0433	0.06047	0.46933
V491	0.19278	0.21828	0.31579	0	0.26411	0.00904
V492	0.26392	0.03878	0.22302	0.03453	0.14132	0.29842
V493	0.64571	0.15581	0.04036	0.04059	0.0368	0.08073
V494	0.24981	0.0341	0.33726	0	0.04279	0.33605
V495	0.32096	0.41265	0.17625	0.02312	0.06091	0.00612
V496	0.27391	0.10936	0.27185	0	0.2336	0.11129
V497	0.12371	0.17358	0.14467	0	0.55804	0
V498	0.20261	0.07575	0.32745	0.23827	0.14909	0.00683
V499	0.22493	0.49633	0.13489	0.06759	0.07374	0.00252
V500	0.4441	0.18104	0.07456	0.04118	0.18787	0.07125
V501	0.25642	0.63021	0	0.06318	0.04494	0.00526
V502	0.0911	0.00699	0	0.17851	0.7234	0
V503	0.24832	0.26914	0	0.39982	0.08273	0
V504	0.24306	0.62726	0.03234	0.04112	0.05622	0
V505	0.13126	0	0.46911	0.26132	0.1319	0.00641
V506	0.39946	0.03572	0.05113	0.12141	0.11168	0.28061
V507	0.33819	0.03002	0.02964	0	0.04297	0.55918
V508	0.20833	0.45406	0.02969	0.07962	0.22829	0
V509	0.13766	0	0	0.66844	0.1939	0
V510	0.71634	0.06297	0.05272	0.01152	0.0569	0.09954
V511	0.3208	0.02462	0.00493	0.20276	0.05803	0.38886
V512	0.19173	0.16393	0.53495	0	0.08166	0.02773
V513	0.09142	0.0123	0.22202	0	0.67426	0
V514	0.24762	0.58954	0.05129	0.03433	0.04302	0.03421
V515	0.23215	0.31272	0	0.38688	0.06252	0.00573
V516	0.10489	0.01018	0.73651	0	0.14842	0
V517	0.0903	0	0.38818	0.11997	0.40156	0
V518	0.38519	0.31435	0.03586	0.10465	0.09359	0.06635
V519	0.2914	0.43122	0.00022	0.10025	0.05037	0.12655
V520	0.57213	0.1125	0.0566	0.09959	0.04395	0.11523
V521	0.14264	0.01114	0	0	0.83685	0.00937
V522	0.39389	0.18356	0.02827	0.01618	0.23942	0.13867
V523	0.41855	0.16338	0.07269	0.12725	0.06069	0.15744
V524	0.15254	0.00464	0.06035	0.09429	0.6041	0.08408
V525	0.46387	0.0356	0.07894	0.00936	0.04028	0.37195
V526	0.20665	0.55548	0.07967	0.02249	0.13571	0
V527	0.35303	0.01426	0.52507	0	0.08442	0.02321
V528	0.66166	0.05335	0.15182	0.00193	0.04835	0.08289
V529	0.2094	0.05077	0	0.62703	0.11279	0
V530	0.21509	0.18274	0.30885	0.06415	0.13985	0.08932
V531	0.72354	0.06787	0.0536	0.02023	0.03555	0.09921
V532	0.21889	0	0.03803	0.52904	0.21404	0
V533	0.2086	0.00336	0.27278	0	0.32605	0.18921
V534	0.19337	0	0	0.50945	0.17134	0.12583
V535	0.48017	0.05906	0.22238	0.09761	0.07022	0.07056
V536	0.12655	0	0.70808	0.06218	0.0938	0.00939
V537	0.21743	0.47977	0	0.24154	0.06125	0
V538	0.27049	0.00245	0.00241	0.33174	0.06725	0.32567
V539	0.13136	0	0	0.63028	0.23836	0
V540	0.33306	0.02271	0.32901	0	0.25356	0.06166
V541	0.17923	0.2074	0	0.52089	0.09248	0
V542	0.1953	0.44347	0	0.23486	0.12636	0
V543	0.08209	0	0.6107	0	0.30721	0
V544	0.32457	0.05449	0.03092	0.0227	0.05975	0.50757
V545	0.18798	0.49284	0.054	0.02832	0.23686	0
V546	0.52248	0.08404	0.02031	0.23215	0.08131	0.05972
V547	0.1783	0.07617	0	0.33531	0.36963	0.04058
V548	0.33928	0.046	0.02936	0	0.03541	0.54994
V549	0.21151	0	0.60502	0.00047	0.10881	0.07419
V550	0.08456	0	0.34245	0	0.57298	0
V551	0.28384	0.07039	0.06324	0.08662	0.1413	0.35461
V552	0.1512	0.03059	0.14218	0.21468	0.43935	0.02201
V553	0.66626	0.05672	0.07828	0.03313	0.07136	0.09425
V554	0.2444	0.63257	0.01196	0.04358	0.04724	0.02026
V555	0.41699	0.02597	0.03647	0.22823	0.05717	0.23518
V556	0.17459	0	0.44749	0.26674	0.11118	0
V557	0.25996	0.56578	0.07632	0.03627	0.05268	0.00899
V558	0.43794	0.18592	0.02097	0.11894	0.04637	0.18987
V559	0.0648	0.00267	0	0.07135	0.86118	0
V560	0.59858	0.07992	0.05342	0.01777	0.12284	0.12748
V561	0.08506	0	0.8721	0	0.04284	0
V562	0.48384	0.21716	0.06949	0.07699	0.05498	0.09753
V563	0.3321	0.02768	0.02233	0.05705	0.0361	0.52474
V564	0.26164	0.09019	0.00591	0	0.28959	0.35267
V565	0.33802	0.03019	0.03883	0	0.0344	0.55855
V566	0.31671	0.10651	0.0435	0.03858	0.07565	0.41905
V567	0.39737	0.25572	0.00526	0.21516	0.08313	0.04336
V568	0.10743	0.00541	0	0	0.88717	0
V569	0.62672	0.0846	0.0422	0.03981	0.04699	0.15968
V570	0.58796	0.15775	0.06593	0.06483	0.04939	0.07413
V571	0.13438	0.16426	0.61493	0	0.08644	0
V572	0.10033	0	0.765	0	0.13467	0
V573	0.30266	0.58512	0.00338	0.03481	0.06567	0.00837
V574	0.23299	0.00393	0.38905	0	0.09012	0.28391
V575	0.22973	0.49558	0.05569	0.12912	0.07096	0.01892
V576	0.34905	0.12257	0.0187	0	0.48189	0.02779
V577	0.37129	0.07386	0.01432	0.02404	0.44367	0.07282
V578	0.12246	0.00842	0	0	0.74841	0.1207
V579	0.1352	0.02092	0.16932	0.17891	0.49566	0
V580	0.22498	0.01779	0.07307	0.3199	0.32127	0.043
V581	0.56868	0.07674	0.10858	0.06359	0.11888	0.06353
V582	0.5705	0.05314	0.03847	0.18153	0.05805	0.09831
V583	0.19619	0.04344	0.30682	0	0.24356	0.20999
V584	0.21541	0.02263	0	0.28886	0.32577	0.14733
V585	0.21859	0.35225	0.22358	0.06653	0.07978	0.05926
V586	0.29926	0.56444	0.04189	0.03897	0.05239	0.00307
V587	0.31294	0.00658	0.29085	0.27932	0.09283	0.01747
V588	0.14673	0	0	0.74647	0.1068	0
V589	0.22747	0.22632	0.27216	0.04453	0.0694	0.16013
V590	0.24041	0.04055	0.37566	0.01198	0.07246	0.25893
V591	0.62598	0.04919	0.06656	0.12896	0.05483	0.07448
V592	0.2045	0.27044	0.06248	0.34302	0.11956	0
V593	0.12259	0	0	0.79547	0.08195	0
V594	0.23743	0	0	0.54256	0.08958	0.13042
V595	0.2082	0.23753	0.03969	0.09455	0.28346	0.13657
V596	0.11734	0.21134	0	0.02752	0.64379	0
V597	0.39412	0.03584	0.03509	0	0.49943	0.03553
V598	0.69503	0.09063	0.05093	0.01161	0.04409	0.1077
V599	0.28675	0.02669	0.00698	0.12518	0.14984	0.40457
V600	0.44598	0.12603	0.0228	0.04672	0.11197	0.24649
V601	0.25586	0.12944	0.03876	0.31588	0.06969	0.19038
V602	0.12876	0.02184	0.099	0	0.64099	0.10942
V603	0.27902	0.32117	0.04167	0.05826	0.07919	0.22069
V604	0.15164	0.39166	0	0	0.4567	0
V605	0.1204	0.0322	0.00172	0	0.84223	0.00345
V606	0.46318	0.05837	0.26254	0.03181	0.05536	0.12874
V607	0.28256	0.0602	0.01408	0	0.22213	0.42103
V608	0.26248	0.49106	0	0.09396	0.06684	0.08565
V609	0.12932	0	0.67692	0.09815	0.09561	0
V610	0.17303	0.10041	0.4657	0.09482	0.12743	0.0386
V611	0.2229	0.653	0	0.06807	0.05604	0
V612	0.1481	0.15512	0	0.62691	0.06987	0
V613	0.53214	0.16516	0.04075	0.01109	0.03553	0.21533
V614	0.18179	0.09126	0.50292	0	0.11287	0.11117
V615	0.08153	0.05386	0.03631	0	0.8283	0
V616	0.41835	0.34203	0.00729	0.06134	0.06598	0.10501
V617	0.05492	0.00994	0	0	0.93513	0
V618	0.259	0.00826	0.60807	0	0.06844	0.05623
V619	0.19799	0.49018	0.15068	0.03262	0.12853	0
V620	0.27464	0.02002	0.28487	0	0.0362	0.38428
V621	0.13817	0	0.03439	0.68871	0.13873	0
V622	0.45946	0.17173	0.03242	0	0.28097	0.05542
V623	0.30268	0.55092	0.00474	0.03531	0.05542	0.05093
V624	0.20666	0.47625	0	0.26803	0.04907	0
V625	0.19981	0.09718	0.19187	0.38356	0.11677	0.01082
V626	0.16034	0.0426	0	0.13371	0.5329	0.13045
V627	0.53836	0.03152	0.0111	0.29594	0.06241	0.06066
V628	0.23367	0.05633	0.32223	0.02933	0.16769	0.19076
V629	0.17606	0.36459	0	0.39516	0.06419	0
V630	0.52792	0.05152	0.0596	0.04782	0.07437	0.23878
V631	0.2936	0.01539	0.07819	0.10546	0.09103	0.41632
V632	0.13921	0.01908	0.1278	0.25062	0.46329	0
V633	0.12294	0.11757	0.71382	0	0.04567	0
V634	0.6089	0.05565	0.04335	0.17348	0.04903	0.06959
V635	0.14254	0.01696	0.23859	0.50427	0.09764	0
V636	0.21281	0.49727	0	0.07919	0.18069	0.03005
V637	0.30612	0.07518	0.0269	0	0.12749	0.4643
V638	0.17008	0.0815	0.0225	0.47659	0.24933	0
V639	0.32048	0.07711	0.08712	0	0.42209	0.09319
V640	0.17681	0.10998	0.46349	0	0.17044	0.07928
V641	0.0973	0.05048	0.50422	0	0.34801	0
V642	0.31762	0.04222	0.3102	0.10661	0.0689	0.15445
V643	0.66075	0.06273	0.03812	0.08608	0.05485	0.09748
V644	0.62189	0.05905	0.03657	0.09522	0.04713	0.14014
V645	0.58079	0.0624	0.05333	0.08422	0.04055	0.17872
V646	0.08723	0	0.44682	0	0.46595	0
V647	0.31259	0.01951	0.03525	0.26593	0.09189	0.27482
V648	0.27864	0.27759	0.14019	0.04679	0.07604	0.18076
V649	0.25297	0	0	0.63481	0.11222	0
V650	0.28834	0.17111	0.2078	0	0.32151	0.01124
V651	0.26872	0.29104	0.07642	0.02362	0.19967	0.14054
V652	0.1622	0	0.08973	0.62075	0.12732	0
V653	0.25559	0.36487	0.02763	0.03433	0.14696	0.17062
V654	0.64949	0.06148	0.12213	0.00307	0.07287	0.09095
V655	0.32302	0.02615	0.03725	0.02497	0.33244	0.25616
V656	0.19391	0.0565	0.59117	0	0.15842	0
V657	0.41114	0.03913	0.01163	0.07642	0.31032	0.15137
V658	0.14531	0.04185	0.14311	0.57188	0.09785	0
V659	0.23692	0.65825	0	0.0526	0.04715	0.00508
V660	0.65623	0.06388	0.04848	0.02559	0.03746	0.16836
V661	0.25258	0.01163	0.17141	0.0792	0.19191	0.29328
V662	0.61531	0.05707	0.05082	0.1099	0.04923	0.11767
V663	0.14283	0.15937	0	0	0.6978	0
V664	0.21305	0.03389	0.68178	0	0.06367	0.00761
V665	0.05276	0.00194	0	0	0.9453	0
V666	0.42827	0.27934	0.01353	0.11373	0.08245	0.08268
V667	0.31939	0.02445	0.061	0.02412	0.05565	0.5154
V668	0.64722	0.16281	0.04982	0.02617	0.03685	0.07712
V669	0.31864	0.10531	0	0.23518	0.06624	0.27464
V670	0.24142	0.30574	0.00124	0.28578	0.08277	0.08305
V671	0.38166	0.00332	0	0.52602	0.08128	0.00771
V672	0.21571	0.45235	0	0.28178	0.05016	0
V673	0.27356	0.12892	0.21655	0	0.04076	0.34022
V674	0.6199	0.05424	0.04393	0	0.20347	0.07845
V675	0.32955	0.13534	0.03889	0	0.05778	0.43844
V676	0.13988	0	0.05067	0.69986	0.10959	0
V677	0.31105	0.31634	0.16024	0	0.04568	0.1667
V678	0.25307	0.08625	0.05275	0	0.43778	0.17015
V679	0.31613	0.10522	0.06698	0.01406	0.04579	0.45182
V680	0.10013	0	0.37108	0	0.51072	0.01806
V681	0.25946	0.56524	0.02153	0.04163	0.04172	0.07042
V682	0.24777	0.45395	0	0.03236	0.1367	0.12922
V683	0.09665	0.00618	0	0	0.84545	0.05172
V684	0.27318	0.57372	0	0.10277	0.05034	0
V685	0.18385	0.46334	0.24208	0	0.11073	0
V686	0.32482	0.0166	0.41931	0	0.05579	0.18348
V687	0.23606	0.20234	0.26593	0.05797	0.06357	0.17414
V688	0.43226	0.03659	0.02678	0	0.32919	0.17517
V689	0.1848	0.00073	0.65823	0.0139	0.11464	0.0277
V690	0.16093	0.01908	0.02393	0	0.67283	0.12323
V691	0.23517	0.37471	0.17916	0.06368	0.10106	0.04621
V692	0.50841	0.02582	0.01042	0.26491	0.13545	0.055
V693	0.63183	0.14635	0.05817	0.02765	0.03834	0.09768
V694	0.62958	0.14516	0.04728	0.05152	0.03888	0.08758
V695	0.63803	0.05926	0.03915	0.01991	0.12069	0.12296
V696	0.22873	0.40472	0.03477	0.05274	0.2745	0.00453
V697	0.16151	0	0.73264	0	0.09464	0.01121
V698	0.22909	0.67518	0	0.05441	0.04132	0
V699	0.26952	0.01465	0.53543	0	0.12856	0.05183
V700	0.19262	0.02231	0	0	0.77267	0.01239
V701	0.67862	0.0589	0.06021	0.0102	0.03653	0.15554
V702	0.30543	0.03197	0.07774	0.12579	0.0556	0.40347
V703	0.30858	0.41261	0.01197	0.01286	0.23741	0.01657
V704	0.41076	0.247	0.20669	0	0.06538	0.07017
V705	0.14929	0.09412	0.26913	0.09106	0.39641	0
V706	0.23416	0.08169	0.31685	0	0.14145	0.22585
V707	0.52725	0.06119	0.04057	0.00152	0.04571	0.32377
V708	0.15979	0.30121	0.47371	0	0.06529	0
V709	0.10932	0	0	0.71148	0.1792	0
V710	0.41707	0.08079	0.13541	0.01762	0.25408	0.09504
V711	0.18265	0.1786	0.39431	0.11679	0.08617	0.04147
V712	0.12042	0.25021	0	0	0.62937	0
V713	0.3692	0.42201	0.03523	0.05605	0.0657	0.05181
V714	0.175	0.37342	0.38617	0	0.06542	0
V715	0.11585	0	0.84249	0	0.04166	0
V716	0.25476	0.03487	0	0.24117	0.25177	0.21744
V717	0.09893	0.0135	0.00022	0	0.87507	0.01228
V718	0.12811	0.34624	0	0	0.52565	0
V719	0.23584	0.62435	0.01666	0.04633	0.07236	0.00447
V720	0.32822	0.00415	0.23889	0.23225	0.10952	0.08697
V721	0.23601	0.22773	0.21823	0	0.12988	0.18815
V722	0.05209	0	0	0	0.94791	0
V723	0.21185	0.53228	0.03134	0.03167	0.18379	0.00908
V724	0.2009	0.24582	0.35689	0.04675	0.14963	0
V725	0.15219	0.05988	0.05937	0.06165	0.60225	0.06466
V726	0.12081	0.00079	0.53296	0	0.32706	0.01837
V727	0.29863	0.01377	0.1181	0.10328	0.05607	0.41016
V728	0.14958	0	0	0.76955	0.08088	0
V729	0.31487	0.40382	0.02058	0.04472	0.18998	0.02603
V730	0.26491	0.00025	0.08515	0.33204	0.08015	0.23749
V731	0.24289	0.04262	0.42732	0	0.20335	0.08382
V732	0.23206	0.35805	0.01261	0.03705	0.28374	0.0765
V733	0.29054	0.00669	0.27395	0.12258	0.12304	0.1832
V734	0.29206	0.01444	0.25681	0	0.04407	0.39263
V735	0.18122	0.05595	0	0.66238	0.09093	0.00952
V736	0.2563	0.42733	0.05056	0.05141	0.05958	0.15482
V737	0.04283	0	0	0	0.95717	0
V738	0.39469	0.05512	0.07959	0.30177	0.08798	0.08085
V739	0.26515	0.26707	0.16593	0.00846	0.25022	0.04317
V740	0.16243	0.20953	0.36585	0	0.26219	0
V741	0.41968	0.15065	0.16355	0.0542	0.17968	0.03224
V742	0.36285	0.0161	0.02641	0.34609	0.19826	0.05029
V743	0.1469	0.08343	0.25202	0.23485	0.2828	0
V744	0.43057	0.11068	0.03449	0.12806	0.04916	0.24705
V745	0.19372	0.44078	0	0.03531	0.33019	0
V746	0.66589	0.07268	0.0538	0.03033	0.05379	0.12351
V747	0.24962	0.02396	0.11772	0	0.58396	0.02473
V748	0.2549	0.05565	0.24175	0	0.15505	0.29266
V749	0.45187	0.04506	0.02539	0.12408	0.1503	0.20331
V750	0.13889	0.05046	0	0.72601	0.08464	0
V751	0.13468	0	0	0.73515	0.13016	0
V752	0.25897	0.02895	0.03119	0.0122	0.64044	0.02824
V753	0.25119	0.0191	0.03955	0.04492	0.37761	0.26764
V754	0.23404	0.36167	0.11053	0.05987	0.10263	0.13126
V755	0.36433	0.06521	0.02456	0	0.44326	0.10264
V756	0.32109	0.03732	0.03375	0	0.084	0.52384
V757	0.27567	0.37125	0.00483	0.03249	0.10063	0.21513
V758	0.38354	0.50623	0.00282	0.04585	0.03959	0.02197
V759	0.21297	0.02942	0.04527	0.07503	0.57165	0.06566
V760	0.33538	0.02934	0.03677	0.0171	0.03198	0.54944
V761	0.06786	0	0.37069	0	0.56145	0
V762	0.15665	0	0.73891	0	0.0767	0.02775
V763	0.16735	0.12073	0	0.59465	0.11727	0
V764	0.2811	0.01853	0.09306	0.13959	0.30146	0.16625
V765	0.34144	0.03941	0.02947	0.00153	0.03894	0.54921
V766	0.38484	0.30375	0.02387	0.02024	0.19053	0.07677
V767	0.2923	0.0185	0.30018	0.04609	0.08889	0.25404
V768	0.22513	0.52957	0.1478	0.02828	0.0601	0.00912
V769	0.08845	0	0.82345	0	0.0881	0
V770	0.21793	0.33191	0	0.37282	0.07735	0
V771	0.22623	0.0679	0.46075	0	0.06577	0.17935
V772	0.1368	0	0.76955	0	0.04572	0.04793
V773	0.45598	0.03536	0.04267	0.1502	0.09434	0.22146
V774	0.27361	0	0.67571	0	0.04446	0.00622
V775	0.21912	0.53504	0.12034	0.0572	0.06831	0
V776	0.66415	0.07477	0.0497	0.01923	0.03758	0.15458
V777	0.20803	0.18876	0	0	0.42892	0.17429
V778	0.12704	0	0.80139	0	0.07157	0
V779	0.73049	0.06355	0.05423	0.01284	0.04125	0.09765
V780	0.16965	0	0	0.73126	0.09909	0
V781	0.55414	0.15659	0.07002	0.00707	0.03846	0.17372
V782	0.33556	0.03627	0.06492	0	0.02693	0.53633
V783	0.26751	0.58947	0	0.04509	0.05516	0.04278
V784	0.0917	0.03398	0.33106	0	0.54326	0
V785	0.19525	0.51276	0.0883	0.02323	0.18045	0
V786	0.31913	0.07441	0.06789	0.01202	0.04396	0.48259
V787	0.57136	0.12503	0.03985	0.05087	0.1005	0.11239
V788	0.11654	0	0	0.68267	0.20079	0
V789	0.31615	0.3762	0	0.05014	0.05284	0.20466
V790	0.20226	0.54729	0	0.16613	0.08432	0
V791	0.34525	0.03032	0.04024	0	0.02559	0.5586
V792	0.44633	0.09238	0.03092	0.26075	0.07063	0.099
V793	0.20536	0.36204	0.12893	0.20932	0.09434	0
V794	0.25601	0.35353	0.18249	0	0.20797	0
V795	0.23479	0.18707	0.03671	0	0.43297	0.10846
V796	0.33299	0.03682	0.03573	0.01504	0.04027	0.53915
V797	0.04153	0.00061	0	0	0.95786	0
V798	0.52297	0.05043	0.02844	0.01977	0.161	0.21739
V799	0.56261	0.05649	0.14232	0.11954	0.05415	0.06488
V800	0.35385	0.14102	0.00921	0	0.282	0.21393
V801	0.4757	0.28283	0.01711	0.04466	0.03817	0.14155
V802	0.14053	0	0.05629	0.59128	0.2119	0
V803	0.16445	0.03036	0	0.6315	0.17369	0
V804	0.5984	0.07782	0.03209	0.1094	0.06032	0.12197
V805	0.61147	0.13606	0.07866	0.0465	0.05733	0.06997
V806	0.17541	0.10035	0.11123	0.50076	0.11224	0
V807	0.2113	0.17961	0	0.45537	0.08804	0.06568
V808	0.23493	0.67867	0	0.04979	0.03662	0
V809	0.18926	0.25336	0.01316	0.21716	0.32706	0
V810	0.14241	0.09773	0.66625	0	0.0936	0
V811	0.24054	0.23771	0	0.17242	0.3291	0.02024
V812	0.1787	0.31282	0	0.41272	0.09576	0
V813	0.13789	0.20234	0.03272	0	0.59243	0.03463
V814	0.53877	0.23975	0.02524	0.02432	0.10463	0.0673
V815	0.22781	0.58874	0.04603	0.06778	0.06953	0.00012
V816	0.479	0.03207	0.24974	0.1091	0.08119	0.04889
V817	0.17884	0.23943	0.33076	0.07939	0.17159	0
V818	0.08438	0	0.86601	0	0.04961	0
V819	0.51497	0.3309	0.02066	0.03623	0.04593	0.0513
V820	0.2198	0.22827	0.43459	0	0.08445	0.0329
V821	0.33176	0.03764	0.02746	0	0.06102	0.54212
V822	0.32715	0.04251	0.04845	0.41656	0.12653	0.0388
V823	0.05562	0.00234	0	0	0.94204	0
V824	0.55138	0.04727	0.08947	0.10137	0.13509	0.07542
V825	0.39556	0.36414	0.01491	0.01582	0.14409	0.06548
V826	0.31713	0.20673	0.13462	0.2068	0.1016	0.03312
V827	0.12363	0	0.77669	0	0.06469	0.03498
V828	0.28977	0.09259	0.01103	0	0.22032	0.3863
V829	0.17372	0.30089	0	0.45919	0.0662	0
V830	0.19637	0.13968	0.02165	0.40863	0.17178	0.06188
V831	0.21122	0.03556	0	0	0.72265	0.03057
V832	0.33551	0.11068	0.08937	0.14307	0.06324	0.25812
V833	0.25612	0.28934	0.22259	0.01499	0.06536	0.1516
V834	0.35069	0.04168	0.25033	0.16145	0.11513	0.08073
V835	0.27461	0.38567	0.13323	0.01496	0.14475	0.04677
V836	0.46697	0.01992	0.06257	0.2312	0.16314	0.05621
V837	0.37559	0.01012	0.53335	0	0.05275	0.02819
V838	0.36806	0.0323	0.02924	0.01645	0.03998	0.51397
V839	0.2248	0.66178	0	0.04921	0.06422	0
V840	0.23973	0.64997	0	0.06417	0.04612	0
V841	0.33176	0.06892	0.02599	0.00202	0.05035	0.52096
V842	0.17767	0.09314	0.05429	0	0.53247	0.14243
V843	0.25848	0.55677	0	0.05738	0.04076	0.08662
V844	0.27583	0.01212	0.45727	0	0.16575	0.08904
V845	0.07854	0.0094	0.05068	0	0.86138	0
V846	0.32466	0.47006	0.01636	0.02486	0.11607	0.04799
V847	0.28366	0.11086	0.21862	0.01671	0.10683	0.26332
V848	0.40525	0.04443	0.03994	0.00045	0.03072	0.47921
V849	0.20864	0.04196	0.17958	0	0.56905	0.00076
V850	0.48534	0.05276	0.03989	0.18564	0.10776	0.12861
V851	0.26541	0.32799	0.02469	0.1638	0.21812	0
V852	0.26958	0.13829	0.28061	0	0.05594	0.25557
V853	0.16662	0.09667	0	0.51375	0.22297	0
V854	0.07185	0	0.22545	0	0.7027	0
V855	0.16001	0.11625	0.67348	0	0.05026	0
V856	0.10624	0	0.62239	0	0.27137	0
V857	0.28067	0.61504	0	0.0624	0.0419	0
V858	0.12023	0	0	0.79405	0.08571	0
V859	0.59325	0.1793	0.0864	0.0359	0.04096	0.0642
V860	0.17603	0.00112	0.61269	0	0.12808	0.08208
