CD14.pos.CD16.neg.classical.monocyte	mature.neutrophil	memory.B.cell	cytotoxic.CD56.dim.NK.cell	memory.CD4.pos.AB.T.cell	macrophage
V1	0.12316	0.01759	0.69978	0.03072	0.06827	0.06048
V2	0.40664	0.11465	0.08116	0.12223	0.17638	0.09894
V3	0.22719	0.06153	0.23743	0.0363	0.0819	0.35565
V4	0.20574	0.34436	0.06111	0.11459	0.17178	0.10243
V5	0.05979	0.05005	0	0.49858	0.35979	0.03179
V6	0.22524	0.02752	0.19237	0.06603	0.21334	0.27551
V7	0.09072	0.30004	0.02382	0.06281	0.47748	0.04513
V8	0.48476	0.06253	0.09974	0.13146	0.08596	0.13554
V9	0.24551	0.14384	0.05789	0.24104	0.12605	0.18568
V10	0.3334	0.04787	0.09921	0.29648	0.12713	0.09592
V11	0.12851	0.57732	0.06708	0.07387	0.10633	0.04689
V12	0.2405	0.03876	0.13154	0.04542	0.08399	0.45979
V13	0.11945	0.40227	0.27174	0.06609	0.09085	0.0496
V14	0.09421	0.03295	0.02041	0.67042	0.14016	0.04186
V15	0.35003	0.07915	0.06356	0.13397	0.26138	0.11191
V16	0.09639	0.02095	0.02256	0.34108	0.40845	0.11058
V17	0.22712	0.04584	0.19957	0.03667	0.07554	0.41526
V18	0.49841	0.13688	0.10664	0.06361	0.07585	0.11861
V19	0.41338	0.06342	0.21578	0.04679	0.15419	0.10644
V20	0.43435	0.07244	0.14745	0.12942	0.08603	0.13031
V21	0.2438	0.04781	0.10006	0.04636	0.11824	0.44374
V22	0.16756	0.05534	0.03196	0.09003	0.58092	0.0742
V23	0.09008	0.01642	0.27802	0.04097	0.53105	0.04347
V24	0.14572	0.02354	0.01962	0.12478	0.61163	0.07471
V25	0.33254	0.23255	0.0676	0.15068	0.12577	0.09087
V26	0.22326	0.03011	0.04049	0.0405	0.60043	0.0652
V27	0.21004	0.02818	0.21989	0.04239	0.08336	0.41615
V28	0.14238	0.20898	0.1659	0.21701	0.12385	0.14189
V29	0.12527	0.44929	0.12557	0.1085	0.08881	0.10256
V30	0.21288	0.17022	0.13755	0.04309	0.2711	0.16516
V31	0.45557	0.04321	0.22808	0.06164	0.07104	0.14047
V32	0.066	0.0257	0.29175	0.44797	0.10694	0.06165
V33	0.21528	0.32112	0.232	0.06555	0.08006	0.086
V34	0.05056	0.00521	0.4152	0.04669	0.43433	0.04801
V35	0.06477	0.05668	0.15782	0.44159	0.22427	0.05487
V36	0.12767	0.3712	0.12846	0.05947	0.25708	0.05611
V37	0.09963	0.01407	0.65282	0.03597	0.06946	0.12806
V38	0.22587	0.02243	0.19558	0.03567	0.07453	0.44591
V39	0.40268	0.05588	0.07871	0.25379	0.09837	0.11057
V40	0.11882	0.37793	0.05019	0.16516	0.19987	0.08803
V41	0.47958	0.04691	0.11889	0.0498	0.08037	0.22445
V42	0.22447	0.02724	0.47512	0.03466	0.10977	0.12873
V43	0.19077	0.31144	0.05336	0.07281	0.28186	0.08976
V44	0.13393	0.58569	0.06425	0.06942	0.09271	0.054
V45	0.31535	0.25876	0.11117	0.06735	0.09529	0.15207
V46	0.11619	0.0202	0.04187	0.24433	0.39658	0.18083
V47	0.11346	0.31859	0.0376	0.15686	0.29946	0.07404
V48	0.10449	0.45457	0.18583	0.05658	0.15732	0.04122
V49	0.12583	0.55276	0.05764	0.06618	0.15142	0.04617
V50	0.06215	0.00649	0.22415	0.03947	0.59177	0.07595
V51	0.04334	0.00853	0.00055	0.04409	0.86434	0.03914
V52	0.10695	0.41255	0.23502	0.0799	0.11535	0.05023
V53	0.13938	0.01485	0.0882	0.05828	0.64931	0.04999
V54	0.10953	0.10308	0.47619	0.07214	0.14909	0.08996
V55	0.04814	0.03738	0.0942	0.05698	0.72456	0.03874
V56	0.0564	0.03615	0.62901	0.12381	0.11292	0.0417
V57	0.18783	0.27645	0.09247	0.04773	0.19667	0.19885
V58	0.07011	0.01341	0.72742	0.04438	0.07015	0.07453
V59	0.08048	0.02529	0.00415	0.68722	0.16704	0.03583
V60	0.35098	0.03515	0.0643	0.3556	0.10752	0.08646
V61	0.27172	0.11663	0.07431	0.16802	0.14339	0.22592
V62	0.36271	0.05049	0.12992	0.13389	0.16471	0.15829
V63	0.15427	0.37786	0.07063	0.11227	0.10219	0.18278
V64	0.05264	0.08789	0.00464	0.0398	0.77732	0.03771
V65	0.38017	0.12667	0.10895	0.06332	0.11642	0.20447
V66	0.33782	0.04593	0.153	0.05784	0.31563	0.0898
V67	0.1194	0.12733	0.27838	0.22522	0.09669	0.15298
V68	0.54938	0.05416	0.11186	0.08342	0.07332	0.12786
V69	0.41289	0.0558	0.10167	0.04714	0.09927	0.28321
V70	0.0764	0.02031	0.18802	0.49455	0.17988	0.04083
V71	0.10951	0.20152	0.05503	0.1207	0.3919	0.12135
V72	0.39812	0.12006	0.13843	0.0637	0.13136	0.14833
V73	0.08703	0.01618	0.08457	0.61168	0.15893	0.04161
V74	0.06711	0.13008	0.01813	0.61057	0.1433	0.03082
V75	0.11638	0.581	0.05266	0.08535	0.12031	0.0443
V76	0.06296	0.00539	0.59199	0.05377	0.23761	0.04827
V77	0.12751	0.1222	0.10582	0.44675	0.1168	0.08091
V78	0.3603	0.1171	0.11831	0.1421	0.09806	0.16413
V79	0.17212	0.39529	0.0808	0.05426	0.08325	0.21428
V80	0.16528	0.41138	0.07093	0.06174	0.0985	0.19219
V81	0.46485	0.11258	0.14933	0.05989	0.08921	0.12414
V82	0.11395	0.52412	0.05166	0.09354	0.16822	0.04852
V83	0.15065	0.12904	0.0461	0.34162	0.24007	0.09251
V84	0.26099	0.03533	0.11487	0.36648	0.1315	0.09084
V85	0.52818	0.05159	0.16507	0.05937	0.07138	0.12441
V86	0.2292	0.04562	0.15557	0.26689	0.10874	0.19399
V87	0.06005	0.03068	0.02211	0.70237	0.14468	0.0401
V88	0.13957	0.03944	0.04026	0.42744	0.16722	0.18608
V89	0.14577	0.1384	0.39554	0.04235	0.0716	0.20634
V90	0.12934	0.46157	0.1407	0.06489	0.14323	0.06027
V91	0.07071	0.01765	0.03944	0.11595	0.7061	0.05016
V92	0.05349	0.05942	0.01054	0.04463	0.78554	0.04637
V93	0.20853	0.06612	0.06154	0.11321	0.31691	0.23369
V94	0.05394	0.0193	0.22183	0.551	0.12005	0.03388
V95	0.0467	0.01401	0.2522	0.12253	0.5285	0.03606
V96	0.12468	0.27587	0.05032	0.08175	0.34318	0.12421
V97	0.04342	0.01569	0.00656	0.08645	0.81354	0.03434
V98	0.07647	0.07355	0.01153	0.5871	0.21391	0.03744
V99	0.05649	0.03073	0.00711	0.72057	0.15366	0.03144
V100	0.06381	0.01454	0.39041	0.24115	0.22608	0.06401
V101	0.08611	0.27522	0.37278	0.12214	0.09176	0.05199
V102	0.51424	0.05748	0.17645	0.05885	0.07109	0.12189
V103	0.42594	0.05724	0.0918	0.1727	0.1329	0.11942
V104	0.07278	0.01318	0.18838	0.54474	0.13614	0.04478
V105	0.23707	0.02373	0.15585	0.03702	0.07482	0.47151
V106	0.12529	0.01008	0.53544	0.02787	0.07754	0.22378
V107	0.13735	0.45263	0.21983	0.05746	0.08473	0.04799
V108	0.18938	0.04168	0.09761	0.0428	0.2716	0.35693
V109	0.20035	0.02743	0.08458	0.03566	0.25457	0.39741
V110	0.09879	0.13282	0.58676	0.03419	0.07949	0.06795
V111	0.05635	0.01996	0.73919	0.0457	0.0889	0.04989
V112	0.09494	0.24645	0.01804	0.46652	0.1349	0.03914
V113	0.07323	0.07692	0.52637	0.06356	0.20934	0.05059
V114	0.14629	0.01195	0.55527	0.15002	0.07674	0.05972
V115	0.3318	0.07772	0.09172	0.0662	0.20019	0.23237
V116	0.54019	0.05299	0.10926	0.09743	0.07439	0.12575
V117	0.36019	0.04156	0.06097	0.11838	0.3266	0.0923
V118	0.11263	0.4701	0.12413	0.08379	0.15305	0.0563
V119	0.12209	0.55696	0.06457	0.09511	0.1003	0.06097
V120	0.1229	0.16351	0.10387	0.35527	0.19264	0.0618
V121	0.28245	0.03482	0.07635	0.25196	0.0912	0.26323
V122	0.22723	0.0416	0.03828	0.47761	0.15337	0.0619
V123	0.30012	0.03555	0.07928	0.0782	0.21128	0.29556
V124	0.05127	0.0066	0.23881	0.04068	0.62092	0.04172
V125	0.0889	0.12454	0.5411	0.08637	0.07653	0.08257
V126	0.20022	0.21062	0.11997	0.05111	0.08681	0.33126
V127	0.08333	0.00645	0.6652	0.10874	0.08424	0.05205
V128	0.25438	0.2098	0.13403	0.16941	0.15119	0.08119
V129	0.05923	0.02028	0.69167	0.09242	0.08353	0.05286
V130	0.34904	0.12478	0.07033	0.23689	0.12362	0.09535
V131	0.08558	0.01019	0.03551	0.04892	0.70887	0.11093
V132	0.09972	0.34422	0.33476	0.04816	0.12573	0.0474
V133	0.10318	0.15517	0.46109	0.10462	0.12759	0.04835
V134	0.18694	0.44515	0.06256	0.06721	0.16495	0.07318
V135	0.10962	0.01538	0.61066	0.02957	0.12054	0.11422
V136	0.14834	0.48987	0.10679	0.07439	0.12379	0.05682
V137	0.0847	0.13089	0.44922	0.05112	0.24205	0.04202
V138	0.16389	0.017	0.05842	0.34056	0.18414	0.236
V139	0.11633	0.0488	0.15133	0.04123	0.44997	0.19235
V140	0.38439	0.19709	0.11262	0.10987	0.08952	0.1065
V141	0.20775	0.21294	0.13854	0.23991	0.1254	0.07547
V142	0.16661	0.48696	0.06913	0.10564	0.0911	0.08056
V143	0.10362	0.05604	0.51278	0.09527	0.16833	0.06397
V144	0.20639	0.14743	0.08769	0.13694	0.09203	0.32952
V145	0.06063	0.01636	0.01561	0.72394	0.13894	0.04452
V146	0.12475	0.02074	0.07592	0.04282	0.65059	0.08518
V147	0.35148	0.08683	0.17217	0.08154	0.0751	0.23288
V148	0.07837	0.14555	0.61722	0.03459	0.07234	0.05194
V149	0.17509	0.35914	0.06894	0.072	0.08437	0.24044
V150	0.05955	0.01684	0.00081	0.72052	0.17002	0.03226
V151	0.189	0.30274	0.07325	0.0566	0.10432	0.27408
V152	0.11184	0.18564	0.35761	0.06858	0.19887	0.07745
V153	0.05789	0.0378	0.51431	0.23309	0.1134	0.04351
V154	0.33243	0.18722	0.0965	0.04934	0.0776	0.25691
V155	0.10693	0.26815	0.0939	0.04605	0.41732	0.06765
V156	0.08448	0.34591	0.03126	0.05176	0.44948	0.03711
V157	0.16648	0.10028	0.0908	0.24675	0.11	0.28569
V158	0.07301	0.05358	0.71805	0.03071	0.0689	0.05575
V159	0.15429	0.18961	0.28591	0.17411	0.1258	0.07028
V160	0.07554	0.0059	0.72584	0.03645	0.06723	0.08904
V161	0.09396	0.35926	0.02516	0.28864	0.19611	0.03686
V162	0.10636	0.38455	0.03223	0.14485	0.27845	0.05357
V163	0.06658	0.0061	0.77065	0.02924	0.06963	0.0578
V164	0.08667	0.26756	0.30468	0.12966	0.16438	0.04704
V165	0.07941	0.02469	0.03972	0.04982	0.71331	0.09305
V166	0.12175	0.01976	0.03157	0.14651	0.48133	0.19909
V167	0.06038	0.00954	0.34242	0.41844	0.12828	0.04094
V168	0.43213	0.05129	0.08383	0.23238	0.08809	0.11228
V169	0.07163	0.01414	0.57269	0.19511	0.0906	0.05583
V170	0.30618	0.05247	0.13054	0.26713	0.15723	0.08645
V171	0.19735	0.34146	0.08366	0.05201	0.09683	0.2287
V172	0.11953	0.06528	0.44915	0.17239	0.08951	0.10415
V173	0.08594	0.02171	0.65745	0.02829	0.08655	0.12006
V174	0.39868	0.11409	0.08003	0.05762	0.25144	0.09814
V175	0.13551	0.46473	0.14056	0.07209	0.13709	0.05002
V176	0.05426	0.00488	0.76534	0.03763	0.08708	0.05082
V177	0.16309	0.0754	0.29219	0.05719	0.235	0.17713
V178	0.06087	0.03857	0.03172	0.03642	0.78398	0.04844
V179	0.08907	0.01456	0.04933	0.50885	0.2151	0.12309
V180	0.2199	0.02964	0.18989	0.33765	0.09479	0.12814
V181	0.35323	0.11714	0.12443	0.09795	0.14336	0.16389
V182	0.07413	0.07722	0.62706	0.0859	0.07446	0.06123
V183	0.06535	0.01732	0.00836	0.73731	0.13874	0.03293
V184	0.27863	0.30505	0.0694	0.07607	0.18954	0.08131
V185	0.15937	0.37606	0.07162	0.0602	0.20339	0.12937
V186	0.05287	0.00688	0.50311	0.29676	0.10125	0.03912
V187	0.23278	0.36056	0.05642	0.07072	0.21162	0.06791
V188	0.18066	0.41831	0.07136	0.07644	0.08573	0.1675
V189	0.0809	0.06146	0.15549	0.05627	0.53926	0.10661
V190	0.0958	0.14236	0.02969	0.05439	0.55588	0.12188
V191	0.16212	0.41681	0.06491	0.06219	0.09895	0.19501
V192	0.35184	0.19475	0.1416	0.07279	0.13318	0.10585
V193	0.2285	0.11276	0.09957	0.04834	0.0868	0.42403
V194	0.05568	0.02416	0.02285	0.12306	0.72712	0.04714
V195	0.05901	0.00485	0.59097	0.10789	0.19029	0.04699
V196	0.05606	0.01581	0.02121	0.6951	0.17594	0.03588
V197	0.16827	0.01762	0.04385	0.04538	0.66153	0.06335
V198	0.13905	0.29626	0.06483	0.15787	0.28482	0.05718
V199	0.07869	0.17677	0.09609	0.11879	0.48597	0.04369
V200	0.10755	0.0163	0.4721	0.21148	0.09295	0.09961
V201	0.06764	0.01703	0.00292	0.7257	0.13711	0.04959
V202	0.13195	0.05769	0.36729	0.06283	0.21007	0.17017
V203	0.37296	0.06011	0.07153	0.30362	0.09651	0.09528
V204	0.2191	0.05937	0.11148	0.16647	0.09406	0.34952
V205	0.06189	0.02058	0.74862	0.04549	0.07227	0.05115
V206	0.06267	0.05124	0.0948	0.59999	0.1587	0.0326
V207	0.27996	0.16154	0.09158	0.22789	0.11585	0.12317
V208	0.27919	0.08685	0.35202	0.07828	0.12283	0.08082
V209	0.24303	0.35405	0.0693	0.08224	0.09206	0.15932
V210	0.12333	0.02596	0.69109	0.03142	0.06787	0.06034
V211	0.35178	0.0572	0.15332	0.05048	0.21597	0.17124
V212	0.08294	0.21075	0.17739	0.3234	0.15845	0.04706
V213	0.07887	0.06187	0.22147	0.05763	0.53593	0.04424
V214	0.49625	0.06433	0.11459	0.09602	0.10705	0.12176
V215	0.16054	0.44735	0.06225	0.08347	0.08741	0.15897
V216	0.15667	0.36574	0.26596	0.05876	0.09679	0.05609
V217	0.21354	0.01969	0.09081	0.10453	0.32777	0.24367
V218	0.10782	0.24786	0.02624	0.44024	0.14002	0.03783
V219	0.5065	0.05047	0.11989	0.0517	0.07986	0.19158
V220	0.11586	0.02683	0.02516	0.65281	0.13005	0.04929
V221	0.14942	0.50299	0.07587	0.11848	0.10019	0.05306
V222	0.11414	0.21525	0.05557	0.15619	0.39869	0.06016
V223	0.15076	0.23713	0.25408	0.04879	0.10053	0.20871
V224	0.05125	0.00572	0.33273	0.03239	0.5394	0.0385
V225	0.27287	0.03448	0.11423	0.04642	0.0763	0.4557
V226	0.2131	0.05962	0.19865	0.25061	0.1912	0.08682
V227	0.40601	0.03969	0.0845	0.21751	0.09531	0.15699
V228	0.1491	0.18901	0.38732	0.08425	0.1095	0.08081
V229	0.15639	0.02247	0.31299	0.22775	0.20612	0.07429
V230	0.09725	0.13252	0.59349	0.04191	0.0715	0.06333
V231	0.08695	0.03257	0.0119	0.67509	0.15703	0.03646
V232	0.30489	0.03759	0.06897	0.2598	0.10146	0.22728
V233	0.50273	0.05659	0.1167	0.10289	0.09094	0.13015
V234	0.31012	0.03001	0.05071	0.05734	0.46281	0.08901
V235	0.10496	0.01856	0.02954	0.65291	0.14627	0.04776
V236	0.10735	0.00935	0.17392	0.04733	0.51849	0.14356
V237	0.06101	0.00474	0.67473	0.11606	0.09462	0.04884
V238	0.40694	0.03817	0.12338	0.11245	0.10915	0.2099
V239	0.34431	0.05561	0.14965	0.14826	0.18985	0.11232
V240	0.06743	0.18659	0.01125	0.13207	0.56531	0.03735
V241	0.35844	0.15331	0.07461	0.18547	0.12788	0.1003
V242	0.25618	0.06297	0.10039	0.17525	0.1623	0.24291
V243	0.09475	0.29419	0.37218	0.08088	0.11191	0.04609
V244	0.15828	0.03018	0.04367	0.03624	0.55093	0.1807
V245	0.4743	0.04557	0.11149	0.04947	0.08824	0.23093
V246	0.06194	0.04756	0.1868	0.31951	0.34126	0.04292
V247	0.26555	0.08602	0.08095	0.18301	0.10504	0.27943
V248	0.19816	0.04376	0.03045	0.20799	0.43626	0.08338
V249	0.20855	0.14274	0.33684	0.10657	0.07708	0.12822
V250	0.06349	0.03115	0.00878	0.72175	0.13842	0.03641
V251	0.10815	0.41062	0.14514	0.18561	0.10281	0.04767
V252	0.05789	0.02286	0.03683	0.66786	0.17426	0.04031
V253	0.1345	0.06049	0.04254	0.33694	0.21848	0.20703
V254	0.09854	0.20197	0.08112	0.18458	0.36384	0.06995
V255	0.27039	0.24272	0.11802	0.09965	0.13731	0.13191
V256	0.12095	0.5818	0.05546	0.07376	0.11327	0.05476
V257	0.11096	0.30446	0.05654	0.06917	0.38425	0.07462
V258	0.08689	0.18928	0.12547	0.43955	0.11153	0.04729
V259	0.10228	0.40766	0.28416	0.06548	0.08373	0.05669
V260	0.12751	0.04345	0.03708	0.05135	0.63073	0.10989
V261	0.337	0.04795	0.09765	0.07306	0.26827	0.17607
V262	0.10335	0.01597	0.66076	0.03873	0.12967	0.05153
V263	0.07524	0.05448	0.52022	0.2032	0.09255	0.05431
V264	0.38707	0.0526	0.16225	0.07428	0.13287	0.19093
V265	0.06457	0.00959	0.00372	0.05748	0.82268	0.04196
V266	0.26728	0.05673	0.11113	0.04754	0.08426	0.43306
V267	0.18445	0.4824	0.05657	0.11953	0.09991	0.05715
V268	0.54628	0.05407	0.10894	0.06161	0.07307	0.15604
V269	0.07466	0.0519	0.10495	0.58226	0.14753	0.03869
V270	0.2313	0.36104	0.07681	0.07031	0.18917	0.07138
V271	0.17591	0.11669	0.25995	0.05121	0.09072	0.30553
V272	0.0668	0.00988	0.00655	0.10032	0.73791	0.07854
V273	0.08294	0.01073	0.05126	0.10123	0.68488	0.06896
V274	0.2022	0.02698	0.20745	0.08067	0.08594	0.39676
V275	0.42828	0.17942	0.09797	0.06885	0.0855	0.13998
V276	0.18836	0.21108	0.12442	0.1085	0.12182	0.24582
V277	0.34533	0.04813	0.0909	0.05007	0.19958	0.26599
V278	0.1384	0.10541	0.09888	0.2218	0.37286	0.06265
V279	0.21917	0.05931	0.22893	0.08204	0.09182	0.31873
V280	0.12203	0.01999	0.01928	0.64775	0.13639	0.05456
V281	0.12206	0.5695	0.07642	0.09066	0.09347	0.0479
V282	0.05983	0.03887	0.00957	0.08794	0.76019	0.0436
V283	0.08459	0.32258	0.0244	0.05733	0.46714	0.04395
V284	0.10209	0.08858	0.26823	0.29561	0.13505	0.11044
V285	0.06332	0.03128	0.00192	0.72042	0.14664	0.03642
V286	0.4133	0.06313	0.13902	0.19492	0.08537	0.10425
V287	0.0623	0.01654	0.03301	0.10127	0.72182	0.06507
V288	0.18886	0.22283	0.07944	0.05161	0.19079	0.26647
V289	0.06455	0.07629	0.59015	0.11755	0.10169	0.04977
V290	0.05871	0.01238	0.18631	0.56585	0.13008	0.04667
V291	0.07651	0.03916	0.00416	0.69369	0.14405	0.04242
V292	0.14316	0.08609	0.03127	0.47051	0.21949	0.04948
V293	0.04997	0.04507	0.02976	0.04418	0.78862	0.0424
V294	0.3396	0.05571	0.06562	0.05913	0.33057	0.14937
V295	0.27766	0.02743	0.11545	0.0391	0.08394	0.45642
V296	0.11047	0.28571	0.09893	0.24911	0.15357	0.10221
V297	0.23791	0.07635	0.09695	0.04751	0.0862	0.45508
V298	0.11565	0.52484	0.15751	0.06889	0.08924	0.04388
V299	0.14986	0.07653	0.59253	0.0421	0.07765	0.06132
V300	0.44828	0.12455	0.12427	0.05913	0.07476	0.16901
V301	0.32277	0.31562	0.11342	0.0718	0.0902	0.08619
V302	0.085	0.22184	0.06904	0.41731	0.16089	0.04591
V303	0.11075	0.48219	0.09115	0.07186	0.19518	0.04887
V304	0.05914	0.00922	0.02342	0.03637	0.83041	0.04144
V305	0.10821	0.02	0.16558	0.36382	0.18582	0.15658
V306	0.33456	0.10855	0.09556	0.05279	0.07707	0.33146
V307	0.15299	0.0231	0.03132	0.05163	0.64739	0.09357
V308	0.05596	0.02389	0.00041	0.73975	0.14843	0.03155
V309	0.09818	0.39118	0.03548	0.32169	0.10927	0.0442
V310	0.15085	0.29062	0.24842	0.0525	0.09435	0.16327
V311	0.38187	0.03844	0.10885	0.0514	0.07579	0.34366
V312	0.12883	0.02392	0.01458	0.31059	0.46023	0.06186
V313	0.30096	0.03749	0.09682	0.07865	0.07865	0.40743
V314	0.20079	0.03268	0.03317	0.55047	0.12633	0.05655
V315	0.17642	0.48262	0.06457	0.0633	0.13684	0.07625
V316	0.26792	0.03436	0.10333	0.09945	0.09685	0.39809
V317	0.11106	0.01716	0.02518	0.56026	0.16045	0.1259
V318	0.06073	0.02367	0.03001	0.70507	0.13603	0.04449
V319	0.26122	0.16194	0.23989	0.15515	0.08922	0.09258
V320	0.20871	0.16465	0.29561	0.13048	0.08699	0.11356
V321	0.1052	0.45525	0.03543	0.25396	0.11141	0.03875
V322	0.08611	0.0097	0.08747	0.04796	0.65553	0.11323
V323	0.08932	0.22554	0.01603	0.32201	0.30841	0.0387
V324	0.12289	0.04379	0.06044	0.1998	0.4251	0.14798
V325	0.14998	0.56086	0.07657	0.06769	0.09128	0.05362
V326	0.18211	0.50859	0.07289	0.06557	0.10992	0.06092
V327	0.11103	0.00836	0.72149	0.03028	0.06966	0.05919
V328	0.16401	0.16608	0.17133	0.15138	0.28875	0.05845
V329	0.05892	0.00545	0.46013	0.03092	0.39025	0.05433
V330	0.0615	0.0052	0.75242	0.0374	0.0873	0.05618
V331	0.42586	0.09311	0.12893	0.11512	0.08554	0.15144
V332	0.13547	0.06471	0.15665	0.04213	0.39849	0.20256
V333	0.06921	0.02347	0.37363	0.30412	0.16995	0.05961
V334	0.08693	0.31291	0.33173	0.13686	0.0875	0.04408
V335	0.14165	0.02616	0.61499	0.03806	0.06865	0.11048
V336	0.25645	0.42323	0.08861	0.06279	0.09201	0.07691
V337	0.10038	0.14899	0.06299	0.04816	0.59846	0.04102
V338	0.44267	0.04284	0.11783	0.05511	0.21307	0.12847
V339	0.13206	0.08265	0.33013	0.23443	0.11152	0.1092
V340	0.38589	0.22312	0.08222	0.09066	0.10324	0.11487
V341	0.20199	0.05433	0.06323	0.46361	0.15119	0.06565
V342	0.11052	0.02401	0.03373	0.52999	0.16712	0.13463
V343	0.21696	0.14215	0.16975	0.06301	0.09382	0.31432
V344	0.11913	0.43835	0.0454	0.0759	0.22461	0.0966
V345	0.04681	0.00877	0.0074	0.04433	0.85696	0.03573
V346	0.14277	0.02572	0.031	0.35819	0.3739	0.06842
V347	0.313	0.12666	0.07731	0.11202	0.28322	0.08778
V348	0.1333	0.11309	0.52155	0.05063	0.12128	0.06014
V349	0.4439	0.09609	0.11797	0.12347	0.11104	0.10754
V350	0.29962	0.0602	0.16445	0.22302	0.08782	0.1649
V351	0.26315	0.07964	0.12427	0.06282	0.09377	0.37634
V352	0.13741	0.24984	0.05403	0.04447	0.32518	0.18908
V353	0.07671	0.14546	0.62335	0.03453	0.07233	0.04763
V354	0.16822	0.05237	0.22246	0.03432	0.33678	0.18585
V355	0.06054	0.02878	0.75434	0.03783	0.0718	0.04671
V356	0.33577	0.12294	0.09142	0.22232	0.11487	0.11268
V357	0.22912	0.02699	0.35318	0.05161	0.25826	0.08083
V358	0.22763	0.0235	0.14264	0.06677	0.08641	0.45305
V359	0.14421	0.08625	0.02635	0.49992	0.18134	0.06192
V360	0.32408	0.03134	0.06132	0.19919	0.27639	0.10767
V361	0.11991	0.59513	0.05559	0.08062	0.10079	0.04796
V362	0.10389	0.39228	0.05545	0.29577	0.11415	0.03846
V363	0.44855	0.08905	0.12905	0.05066	0.1535	0.12918
V364	0.19203	0.16121	0.08358	0.07111	0.17861	0.31345
V365	0.2853	0.30752	0.07003	0.16368	0.0911	0.08237
V366	0.12677	0.20047	0.37927	0.09207	0.14297	0.05844
V367	0.06985	0.01351	0.01697	0.48407	0.36066	0.05495
V368	0.17487	0.12275	0.12723	0.06787	0.20382	0.30346
V369	0.07433	0.03228	0.00903	0.08737	0.71834	0.07867
V370	0.08795	0.06999	0.51954	0.14879	0.09626	0.07746
V371	0.12253	0.20494	0.03617	0.40739	0.11116	0.11781
V372	0.12383	0.46751	0.04562	0.07815	0.20933	0.07555
V373	0.50088	0.05804	0.10802	0.05228	0.07343	0.20735
V374	0.1682	0.02627	0.21561	0.41196	0.12571	0.05225
V375	0.28268	0.03306	0.20472	0.08457	0.30237	0.09259
V376	0.19366	0.05799	0.09406	0.13517	0.15152	0.3676
V377	0.08534	0.01564	0.33541	0.0324	0.47463	0.05659
V378	0.21087	0.07474	0.22555	0.03637	0.10649	0.34598
V379	0.35098	0.0415	0.19632	0.04158	0.07186	0.29777
V380	0.04914	0.03757	0.02947	0.05075	0.79057	0.04251
V381	0.25364	0.04785	0.28194	0.25318	0.09388	0.0695
V382	0.05387	0.03177	0.00785	0.19467	0.67388	0.03797
V383	0.1765	0.04851	0.33909	0.26737	0.10432	0.06421
V384	0.08378	0.02239	0.68069	0.04587	0.11431	0.05295
V385	0.25632	0.03307	0.12193	0.0385	0.07601	0.47417
V386	0.38496	0.06011	0.27259	0.0518	0.12059	0.10995
V387	0.19153	0.03127	0.06702	0.53775	0.11721	0.05522
V388	0.47429	0.07674	0.20574	0.05026	0.07841	0.11457
V389	0.31106	0.09112	0.10255	0.04381	0.08362	0.36783
V390	0.0973	0.04613	0.02113	0.58472	0.15481	0.09592
V391	0.07944	0.02176	0.02006	0.47843	0.33564	0.06466
V392	0.13002	0.04279	0.40768	0.12447	0.0778	0.21724
V393	0.11903	0.12633	0.32598	0.08804	0.19486	0.14575
V394	0.06057	0.01573	0.0294	0.67542	0.18215	0.03672
V395	0.0589	0.05205	0.7357	0.03814	0.07048	0.04474
V396	0.32985	0.07854	0.06215	0.30914	0.13798	0.08234
V397	0.21189	0.15571	0.10885	0.04956	0.11799	0.356
V398	0.1222	0.46126	0.05467	0.07808	0.23059	0.05321
V399	0.06546	0.00529	0.70724	0.06888	0.08916	0.06397
V400	0.16695	0.04064	0.05269	0.34729	0.11073	0.28169
V401	0.14609	0.02712	0.53613	0.03972	0.16396	0.08698
V402	0.09687	0.02615	0.01483	0.67928	0.1325	0.05038
V403	0.1624	0.01445	0.063	0.06438	0.39379	0.30198
V404	0.05841	0.01305	0.78018	0.03002	0.07062	0.04774
V405	0.25817	0.2736	0.12323	0.09382	0.17735	0.07384
V406	0.17637	0.06286	0.19103	0.11164	0.23264	0.22547
V407	0.11366	0.02352	0.60864	0.02852	0.07845	0.14722
V408	0.09372	0.09738	0.04159	0.56085	0.12037	0.08609
V409	0.54136	0.07684	0.10828	0.056	0.07377	0.14376
V410	0.55374	0.06177	0.10759	0.05545	0.08806	0.13338
V411	0.19388	0.02691	0.07724	0.24095	0.09289	0.36812
V412	0.36313	0.16784	0.11837	0.08642	0.17399	0.09025
V413	0.06997	0.1024	0.03222	0.61033	0.14945	0.03563
V414	0.1171	0.0693	0.02616	0.48507	0.25285	0.04951
V415	0.08754	0.01757	0.27835	0.33484	0.19058	0.09112
V416	0.09	0.12181	0.02442	0.23298	0.43657	0.09422
V417	0.24079	0.02231	0.14064	0.13601	0.08228	0.37796
V418	0.06681	0.06889	0.33263	0.14013	0.3287	0.06284
V419	0.24454	0.04659	0.10077	0.03922	0.08547	0.4834
V420	0.25277	0.02525	0.10173	0.04606	0.0851	0.48908
V421	0.07607	0.04723	0.05685	0.09472	0.67107	0.05405
V422	0.18028	0.23171	0.03641	0.05522	0.43875	0.05763
V423	0.09433	0.13946	0.01056	0.58432	0.13196	0.03937
V424	0.47831	0.11416	0.10765	0.10417	0.0781	0.11762
V425	0.05486	0.08831	0.01845	0.03923	0.75704	0.0421
V426	0.20263	0.05167	0.22346	0.04308	0.08336	0.39581
V427	0.32507	0.12221	0.17279	0.14946	0.10638	0.12408
V428	0.2167	0.0338	0.02961	0.54179	0.11825	0.05985
V429	0.05784	0.02698	0.08737	0.47956	0.30327	0.04498
V430	0.09228	0.07136	0.46322	0.19566	0.1001	0.07738
V431	0.05359	0.01234	0.7624	0.05335	0.07239	0.04592
V432	0.08911	0.32994	0.04192	0.37181	0.12815	0.03907
V433	0.05982	0.01656	0.03606	0.71816	0.13691	0.03248
V434	0.07821	0.22939	0.14544	0.39897	0.11076	0.03722
V435	0.08811	0.01017	0.02659	0.03417	0.69916	0.14181
V436	0.50429	0.12344	0.10684	0.07021	0.07627	0.11895
V437	0.19496	0.21894	0.25952	0.05863	0.17199	0.09596
V438	0.09978	0.28987	0.03063	0.09583	0.43748	0.04641
V439	0.05009	0.01514	0.08709	0.03537	0.77222	0.04009
V440	0.14944	0.05129	0.35208	0.07967	0.25385	0.11366
V441	0.1181	0.06547	0.39569	0.15689	0.0961	0.16775
V442	0.30689	0.12061	0.19682	0.09635	0.1265	0.15282
V443	0.06641	0.01497	0.05328	0.65177	0.16365	0.04992
V444	0.44693	0.06588	0.11531	0.07131	0.15528	0.14529
V445	0.558	0.06213	0.12195	0.05563	0.07205	0.13024
V446	0.1095	0.40083	0.24507	0.07233	0.10694	0.06534
V447	0.18706	0.18757	0.05693	0.19345	0.13963	0.23536
V448	0.0695	0.02141	0.6996	0.03106	0.13121	0.04721
V449	0.37183	0.0601	0.08271	0.26831	0.09272	0.12433
V450	0.10964	0.01651	0.563	0.03144	0.22453	0.05488
V451	0.11474	0.04312	0.13663	0.15448	0.50265	0.04837
V452	0.14813	0.03154	0.06773	0.37785	0.15402	0.22074
V453	0.25461	0.0222	0.43726	0.12954	0.08261	0.07378
V454	0.17247	0.06644	0.11046	0.47211	0.11855	0.05997
V455	0.14965	0.53747	0.08001	0.08402	0.09155	0.05731
V456	0.50291	0.0486	0.12675	0.05851	0.11143	0.1518
V457	0.20808	0.02778	0.08089	0.04355	0.27132	0.36839
V458	0.09439	0.00838	0.34675	0.03866	0.409	0.10283
V459	0.06651	0.02268	0.48111	0.29627	0.09367	0.03977
V460	0.27562	0.0726	0.24348	0.14641	0.1127	0.1492
V461	0.21919	0.05444	0.04733	0.37571	0.21798	0.08535
V462	0.06144	0.00516	0.74079	0.04458	0.079	0.06904
V463	0.04515	0.02993	0.01416	0.07192	0.80467	0.03417
V464	0.1375	0.54544	0.05909	0.0841	0.12592	0.04795
V465	0.27662	0.09496	0.37743	0.04016	0.11168	0.09916
V466	0.10332	0.03226	0.02347	0.59621	0.1895	0.05524
V467	0.56411	0.0559	0.11661	0.05575	0.07209	0.13553
V468	0.2561	0.10116	0.11331	0.23426	0.2234	0.07177
V469	0.08228	0.10879	0.53314	0.10909	0.08616	0.08054
V470	0.38554	0.04452	0.10304	0.10487	0.25928	0.10275
V471	0.10233	0.17127	0.42956	0.08966	0.11759	0.08959
V472	0.11861	0.36623	0.03505	0.07979	0.33254	0.06779
V473	0.12438	0.60326	0.06301	0.07005	0.09341	0.04589
V474	0.09383	0.01206	0.30964	0.4284	0.11061	0.04547
V475	0.10003	0.12442	0.22735	0.17769	0.31282	0.05769
V476	0.3346	0.0485	0.07956	0.20042	0.12933	0.20759
V477	0.1422	0.41421	0.09442	0.12739	0.11239	0.10938
V478	0.07043	0.01321	0.70703	0.04456	0.07747	0.08731
V479	0.09502	0.1094	0.58509	0.04198	0.11384	0.05467
V480	0.0748	0.19071	0.01744	0.28132	0.39888	0.03684
V481	0.28546	0.09452	0.13704	0.10214	0.28486	0.09598
V482	0.39802	0.03831	0.1172	0.05274	0.07534	0.31839
V483	0.11685	0.5739	0.09964	0.07285	0.09195	0.04482
V484	0.50141	0.04881	0.15155	0.0505	0.12027	0.12746
V485	0.21483	0.11279	0.40434	0.09902	0.08259	0.08643
V486	0.187	0.01445	0.55635	0.0632	0.07003	0.10896
V487	0.08193	0.26065	0.02558	0.05417	0.53434	0.04333
V488	0.22769	0.44633	0.07587	0.09438	0.08849	0.06725
V489	0.47991	0.06231	0.1552	0.05769	0.12154	0.12336
V490	0.24542	0.05535	0.08983	0.08419	0.10461	0.4206
V491	0.11715	0.21239	0.28517	0.04132	0.27998	0.06399
V492	0.18275	0.03984	0.22736	0.10395	0.15601	0.29007
V493	0.48547	0.14266	0.09748	0.07745	0.0773	0.11964
V494	0.17449	0.03979	0.32789	0.05441	0.07347	0.32995
V495	0.20641	0.37994	0.19266	0.06911	0.09183	0.06007
V496	0.19113	0.10888	0.25933	0.03738	0.25753	0.14575
V497	0.07381	0.15535	0.13777	0.06789	0.52486	0.04032
V498	0.11327	0.08967	0.28605	0.29532	0.15175	0.06393
V499	0.12026	0.45134	0.1577	0.10892	0.10351	0.05826
V500	0.31795	0.16407	0.11185	0.09134	0.20827	0.10653
V501	0.14059	0.55634	0.05718	0.0847	0.09937	0.06182
V502	0.05466	0.01789	0.00815	0.23844	0.63867	0.0422
V503	0.13819	0.25173	0.05254	0.39419	0.11942	0.04393
V504	0.13271	0.55874	0.08968	0.06683	0.10465	0.0474
V505	0.06668	0.00814	0.39216	0.33595	0.12848	0.06859
V506	0.28589	0.03473	0.10178	0.16111	0.14283	0.27366
V507	0.24657	0.02421	0.10216	0.03804	0.09334	0.49568
V508	0.11414	0.3989	0.07298	0.11967	0.24591	0.0484
V509	0.0742	0.02384	0.00972	0.62956	0.22811	0.03457
V510	0.55488	0.05451	0.10731	0.05516	0.09495	0.13319
V511	0.21716	0.02957	0.07216	0.2266	0.09948	0.35504
V512	0.11553	0.17211	0.47061	0.05959	0.09751	0.08465
V513	0.05868	0.02231	0.18577	0.07788	0.61417	0.04119
V514	0.13481	0.52522	0.10379	0.06282	0.08934	0.08402
V515	0.12365	0.28821	0.0349	0.37787	0.11137	0.06399
V516	0.05965	0.04409	0.63232	0.03836	0.17394	0.05164
V517	0.05006	0.00713	0.3177	0.21502	0.36956	0.04052
V518	0.25735	0.28781	0.08654	0.13569	0.1264	0.10622
V519	0.17831	0.38432	0.06571	0.12073	0.09622	0.15471
V520	0.42241	0.10758	0.10581	0.13718	0.08094	0.14607
V521	0.10207	0.01254	0.01746	0.05109	0.75703	0.0598
V522	0.2786	0.16091	0.07676	0.06789	0.25647	0.15938
V523	0.2931	0.15487	0.11679	0.16229	0.0944	0.17855
V524	0.09412	0.01112	0.0731	0.16726	0.54178	0.11263
V525	0.348	0.03375	0.13399	0.05712	0.07656	0.35057
V526	0.10978	0.49806	0.11668	0.06702	0.16555	0.0429
V527	0.2619	0.03056	0.47172	0.04419	0.11069	0.08095
V528	0.50983	0.04947	0.1826	0.05802	0.0792	0.12087
V529	0.10982	0.07637	0.03225	0.5876	0.14692	0.04704
V530	0.12779	0.17981	0.28345	0.13575	0.14622	0.12698
V531	0.55857	0.06243	0.1087	0.06284	0.07329	0.13416
V532	0.124	0.01807	0.0687	0.51533	0.22229	0.0516
V533	0.14443	0.01124	0.25316	0.0545	0.33379	0.20288
V534	0.10845	0.0157	0.02873	0.49371	0.198	0.15541
V535	0.35197	0.0647	0.22726	0.15626	0.08899	0.11083
V536	0.06754	0.00569	0.59417	0.17901	0.08036	0.07323
V537	0.11111	0.42876	0.04287	0.24878	0.11087	0.05761
V538	0.17094	0.0177	0.06297	0.34064	0.10099	0.30676
V539	0.06786	0.01534	0.01665	0.59594	0.25789	0.04631
V540	0.24382	0.02895	0.30291	0.05202	0.26747	0.10483
V541	0.08706	0.20026	0.02146	0.4961	0.14192	0.05321
V542	0.09776	0.39793	0.04893	0.24947	0.16173	0.04417
V543	0.0526	0.0051	0.5152	0.05403	0.3234	0.04967
V544	0.23164	0.04661	0.09852	0.06836	0.1029	0.45197
V545	0.09967	0.43317	0.09187	0.07533	0.25428	0.04568
V546	0.37432	0.083	0.07333	0.25315	0.11562	0.10059
V547	0.09912	0.08099	0.01437	0.35426	0.36405	0.08721
V548	0.24613	0.03901	0.10183	0.03886	0.0855	0.48867
V549	0.13976	0.01046	0.51822	0.10956	0.10025	0.12175
V550	0.05887	0.01365	0.28731	0.03306	0.56405	0.04307
V551	0.19271	0.06517	0.10897	0.13515	0.16794	0.33006
V552	0.08229	0.04115	0.13403	0.26704	0.40436	0.07113
V553	0.51032	0.04992	0.12474	0.08105	0.10571	0.12826
V554	0.13036	0.55852	0.07495	0.06598	0.09745	0.07273
V555	0.29634	0.02888	0.09058	0.25305	0.09251	0.23865
V556	0.09891	0.01843	0.37882	0.33656	0.11154	0.05574
V557	0.14546	0.50622	0.12063	0.06898	0.09509	0.06362
V558	0.30891	0.17014	0.0825	0.14804	0.086	0.2044
V559	0.04525	0.00918	2e-05	0.15847	0.74894	0.03814
V560	0.45506	0.06675	0.10431	0.06452	0.15516	0.1542
V561	0.05409	0.02049	0.77784	0.03027	0.07072	0.04659
V562	0.3457	0.20139	0.11572	0.11509	0.09034	0.13176
V563	0.23742	0.02381	0.09348	0.0979	0.08126	0.46613
V564	0.18116	0.07769	0.06377	0.04475	0.30955	0.32307
V565	0.24662	0.02445	0.10911	0.03806	0.08535	0.49642
V566	0.2191	0.09808	0.10326	0.08442	0.11286	0.38227
V567	0.26423	0.23587	0.06094	0.23191	0.11825	0.0888
V568	0.07832	0.01059	0.01864	0.06565	0.78666	0.04014
V569	0.4757	0.0768	0.09962	0.08085	0.08323	0.1838
V570	0.43678	0.14569	0.11386	0.1035	0.08693	0.11324
V571	0.0745	0.18179	0.53933	0.05179	0.10709	0.0455
V572	0.06603	0.01232	0.6675	0.04579	0.15859	0.04977
V573	0.17718	0.5178	0.06655	0.06596	0.1101	0.06241
V574	0.16102	0.01369	0.36245	0.06955	0.1063	0.28699
V575	0.12149	0.44556	0.10035	0.15358	0.10795	0.07108
V576	0.24816	0.10527	0.05679	0.04344	0.47452	0.07182
V577	0.26157	0.06307	0.05193	0.09348	0.42588	0.10409
V578	0.08811	0.01017	0.02659	0.03417	0.69916	0.14181
V579	0.07767	0.03348	0.15127	0.24401	0.45157	0.042
V580	0.13355	0.0316	0.09092	0.34591	0.31001	0.08801
V581	0.42513	0.07204	0.14178	0.11468	0.14345	0.10291
V582	0.42244	0.04972	0.09232	0.20999	0.09415	0.13137
V583	0.13393	0.04931	0.28812	0.03193	0.27066	0.22606
V584	0.13074	0.03029	0.03499	0.31387	0.32423	0.16588
V585	0.123	0.32922	0.22533	0.1176	0.10162	0.10324
V586	0.17459	0.50471	0.09481	0.07083	0.09594	0.05913
V587	0.20356	0.02746	0.2644	0.32982	0.10206	0.0727
V588	0.07091	0.02402	0.03783	0.68974	0.1435	0.034
V589	0.13811	0.21657	0.26488	0.1066	0.08865	0.18519
V590	0.16131	0.04658	0.34913	0.09461	0.08289	0.26547
V591	0.47088	0.04634	0.11393	0.1667	0.08996	0.11219
V592	0.1056	0.25631	0.09504	0.35337	0.14706	0.04261
V593	0.06097	0.02408	0.00784	0.73541	0.13954	0.03216
V594	0.13519	0.018	0.04741	0.51999	0.12274	0.15667
V595	0.12301	0.21119	0.07762	0.14262	0.28951	0.15604
V596	0.06939	0.18046	0.02374	0.1043	0.58783	0.03428
V597	0.28954	0.02791	0.0674	0.04862	0.48921	0.07732
V598	0.53249	0.08259	0.10642	0.05568	0.08132	0.14151
V599	0.19496	0.02687	0.06919	0.16459	0.18001	0.36438
V600	0.32252	0.11396	0.0818	0.08929	0.1443	0.24813
V601	0.15204	0.12954	0.08495	0.32884	0.10143	0.20321
V602	0.08759	0.02414	0.10658	0.04048	0.60689	0.13433
V603	0.17491	0.29136	0.09554	0.0967	0.11457	0.22691
V604	0.08948	0.33465	0.02554	0.05812	0.45113	0.04108
V605	0.08321	0.03292	0.0291	0.03642	0.7621	0.05625
V606	0.34757	0.05654	0.26576	0.09462	0.07559	0.15993
V607	0.1991	0.05108	0.07471	0.05228	0.24659	0.37625
V608	0.15378	0.43712	0.06106	0.1153	0.11183	0.12092
V609	0.07289	0.01471	0.56969	0.21067	0.08475	0.0473
V610	0.09568	0.10994	0.3991	0.17931	0.12611	0.08986
V611	0.11629	0.57769	0.06382	0.09076	0.10746	0.04398
V612	0.07094	0.16467	0.0138	0.59348	0.12614	0.03096
V613	0.39397	0.1494	0.10198	0.05081	0.07658	0.22726
V614	0.11467	0.1035	0.44854	0.04059	0.13857	0.15413
V615	0.05632	0.05256	0.05247	0.04399	0.75139	0.04327
V616	0.28647	0.3075	0.07233	0.0895	0.10655	0.13764
V617	0.04965	0.01577	0.00181	0.04467	0.84854	0.03956
V618	0.18379	0.0302	0.53848	0.0405	0.0949	0.11214
V619	0.10347	0.44427	0.16706	0.08172	0.15213	0.05135
V620	0.19641	0.02512	0.28983	0.04744	0.0729	0.36829
V621	0.06458	0.01488	0.06711	0.64513	0.16246	0.04584
V622	0.33294	0.1502	0.07693	0.04937	0.29843	0.09213
V623	0.18298	0.48844	0.06944	0.06314	0.10122	0.09478
V624	0.10728	0.4281	0.03498	0.27485	0.10554	0.04925
V625	0.10197	0.11219	0.18282	0.40528	0.12944	0.0683
V626	0.09664	0.04152	0.03474	0.19069	0.48942	0.14699
V627	0.38433	0.03861	0.06613	0.31215	0.09701	0.10177
V628	0.15503	0.0599	0.29608	0.11087	0.17132	0.20679
V629	0.08953	0.33536	0.02303	0.39076	0.12203	0.03928
V630	0.39689	0.0452	0.11311	0.09014	0.10889	0.24576
V631	0.20172	0.01864	0.12559	0.14999	0.1262	0.37787
V632	0.07335	0.03353	0.12176	0.29636	0.42204	0.05296
V633	0.06894	0.14537	0.62862	0.04196	0.07279	0.04232
V634	0.45392	0.05294	0.09551	0.2032	0.08567	0.10876
V635	0.06426	0.04998	0.21693	0.51581	0.11446	0.03856
V636	0.11609	0.43636	0.04158	0.11413	0.2144	0.07744
V637	0.21744	0.06622	0.09292	0.03873	0.1685	0.4162
V638	0.08378	0.09567	0.05655	0.46816	0.25223	0.04361
V639	0.22531	0.06737	0.10611	0.06927	0.41087	0.12107
V640	0.10932	0.1176	0.40869	0.04914	0.19035	0.1249
V641	0.0572	0.06752	0.42239	0.0561	0.35424	0.04255
V642	0.21848	0.05155	0.2937	0.17465	0.08169	0.17993
V643	0.50153	0.05636	0.09391	0.12454	0.09346	0.13021
V644	0.47123	0.05286	0.09393	0.13064	0.08628	0.16507
V645	0.43819	0.05693	0.1071	0.12185	0.07791	0.19802
V646	0.05983	0.01355	0.37547	0.03249	0.47416	0.0445
V647	0.20735	0.02823	0.08598	0.28932	0.12156	0.26756
V648	0.17696	0.25781	0.16748	0.09515	0.10516	0.19745
V649	0.14165	0.02812	0.04389	0.59425	0.13835	0.05375
V650	0.1965	0.16025	0.20137	0.04954	0.33006	0.06228
V651	0.17058	0.26216	0.11214	0.07491	0.21686	0.16336
V652	0.08358	0.01549	0.10667	0.59925	0.14966	0.04535
V653	0.15485	0.32663	0.08041	0.07659	0.17543	0.1861
V654	0.49745	0.05538	0.15849	0.05816	0.1041	0.12641
V655	0.22911	0.02121	0.0794	0.09002	0.33441	0.24585
V656	0.12391	0.07268	0.50594	0.07276	0.16641	0.0583
V657	0.29436	0.03587	0.05777	0.13102	0.31457	0.1664
V658	0.06526	0.0726	0.14689	0.56148	0.1208	0.03296
V659	0.12415	0.57888	0.06223	0.07364	0.09938	0.06172
V660	0.50451	0.05785	0.10613	0.06688	0.07389	0.19075
V661	0.17229	0.01547	0.18379	0.14194	0.20354	0.28297
V662	0.46388	0.05251	0.10392	0.14534	0.08713	0.14723
V663	0.08998	0.1345	0.02584	0.07542	0.63163	0.04262
V664	0.14292	0.05989	0.59652	0.03368	0.09325	0.07373
V665	0.0487	0.00879	0.00136	0.04431	0.85705	0.0398
V666	0.29148	0.2566	0.07244	0.14277	0.11808	0.11863
V667	0.22727	0.02271	0.12002	0.07482	0.09555	0.45963
V668	0.48787	0.14991	0.10507	0.06376	0.07681	0.11658
V669	0.20853	0.10391	0.0613	0.25554	0.10293	0.2678
V670	0.13302	0.27988	0.05708	0.29088	0.11884	0.1203
V671	0.24304	0.02825	0.04112	0.50808	0.1145	0.06501
V672	0.11647	0.41024	0.03439	0.28834	0.10675	0.04381
V673	0.18784	0.12504	0.23489	0.04469	0.07588	0.33166
V674	0.47184	0.04622	0.09198	0.04985	0.22761	0.1125
V675	0.23264	0.12054	0.10324	0.0417	0.10102	0.40086
V676	0.06951	0.01549	0.08156	0.65987	0.13912	0.03447
V677	0.20447	0.29272	0.18737	0.04815	0.07892	0.18837
V678	0.17584	0.07613	0.08479	0.04494	0.43625	0.18206
V679	0.22032	0.09729	0.12343	0.06209	0.08618	0.41068
V680	0.06704	0.0064	0.31176	0.03182	0.50893	0.07404
V681	0.14633	0.5032	0.08329	0.06784	0.08842	0.11093
V682	0.14705	0.40065	0.05588	0.06755	0.17377	0.15511
V683	0.07172	0.0096	0.01664	0.0343	0.7756	0.09213
V684	0.15532	0.50756	0.05332	0.12462	0.10153	0.05765
V685	0.09745	0.429	0.23905	0.05386	0.1358	0.04484
V686	0.23907	0.02825	0.39423	0.04167	0.08561	0.21118
V687	0.14532	0.19634	0.26008	0.12039	0.08215	0.19572
V688	0.31971	0.03018	0.0729	0.04944	0.34146	0.1863
V689	0.11022	0.02438	0.55307	0.12561	0.10233	0.08439
V690	0.10987	0.01888	0.05161	0.05655	0.62159	0.14149
V691	0.13552	0.34597	0.19034	0.11187	0.12442	0.09189
V692	0.35943	0.03551	0.06024	0.28903	0.15959	0.0962
V693	0.47537	0.13526	0.11058	0.06913	0.0764	0.13327
V694	0.47144	0.1344	0.10144	0.09041	0.07809	0.12423
V695	0.48883	0.0482	0.09384	0.06574	0.15383	0.14956
V696	0.13077	0.35703	0.07407	0.09973	0.28307	0.05532
V697	0.09904	0.02376	0.62497	0.07014	0.10595	0.07614
V698	0.12124	0.59852	0.05616	0.07521	0.10061	0.04826
V699	0.1894	0.03158	0.47116	0.06441	0.1405	0.10295
V700	0.13793	0.02271	0.01754	0.04524	0.71496	0.06161
V701	0.52571	0.05269	0.11526	0.05306	0.07283	0.18045
V702	0.20892	0.03579	0.12645	0.16541	0.09338	0.37005
V703	0.19637	0.36403	0.06239	0.05666	0.25565	0.06491
V704	0.29207	0.23352	0.22059	0.04969	0.09236	0.11177
V705	0.08342	0.09304	0.23107	0.16987	0.37116	0.05144
V706	0.16106	0.08483	0.30397	0.03407	0.17366	0.24242
V707	0.39877	0.05423	0.10327	0.04608	0.08406	0.31358
V708	0.08663	0.29988	0.42235	0.05906	0.08671	0.04537
V709	0.05837	0.0161	0.00039	0.66995	0.2227	0.03249
V710	0.30158	0.07432	0.15151	0.08692	0.26018	0.12549
V711	0.09905	0.17875	0.34919	0.18712	0.09399	0.09189
V712	0.07196	0.21446	0.02719	0.0513	0.59352	0.04157
V713	0.24283	0.37915	0.09042	0.08509	0.1068	0.09572
V714	0.0964	0.36176	0.35388	0.05557	0.08933	0.04305
V715	0.07428	0.02207	0.74631	0.02927	0.07013	0.05794
V716	0.16184	0.03968	0.04867	0.27019	0.26282	0.21681
V717	0.06951	0.0169	0.02734	0.03571	0.78766	0.06287
V718	0.07756	0.29718	0.02666	0.04928	0.51348	0.03584
V719	0.12394	0.55043	0.07648	0.07133	0.11834	0.05949
V720	0.2188	0.02059	0.22871	0.2845	0.12232	0.12508
V721	0.15127	0.21676	0.22487	0.04124	0.15851	0.20736
V722	0.04686	0.00854	0.01468	0.03677	0.85731	0.03584
V723	0.11291	0.46703	0.07961	0.07112	0.20897	0.06036
V724	0.11728	0.24162	0.31869	0.12307	0.15491	0.04443
V725	0.09274	0.05572	0.07242	0.13847	0.54298	0.09767
V726	0.07112	0.02192	0.44323	0.05431	0.3329	0.07652
V727	0.2055	0.01903	0.1574	0.15014	0.09111	0.37682
V728	0.0712	0.02442	0.00483	0.70465	0.13634	0.05857
V729	0.20094	0.3601	0.07024	0.08237	0.21344	0.07292
V730	0.16583	0.0172	0.11883	0.35154	0.10743	0.23918
V731	0.17049	0.05325	0.38346	0.03364	0.23131	0.12786
V732	0.1382	0.3143	0.05985	0.08408	0.29366	0.10991
V733	0.19853	0.01744	0.26191	0.19001	0.1333	0.19881
V734	0.21267	0.01952	0.27031	0.03335	0.08806	0.37609
V735	0.08236	0.08178	0.02376	0.60896	0.13244	0.07071
V736	0.15143	0.38434	0.10315	0.08556	0.09979	0.17573
V737	0.0418	0.00836	0.00668	0.04403	0.86394	0.03519
V738	0.26505	0.06546	0.11237	0.32647	0.11343	0.11722
V739	0.17013	0.24379	0.17116	0.07383	0.25613	0.08496
V740	0.0891	0.2036	0.31661	0.07683	0.25852	0.05535
V741	0.29928	0.14064	0.1762	0.1117	0.19352	0.07866
V742	0.23581	0.03275	0.06528	0.36305	0.20926	0.09385
V743	0.07462	0.09344	0.22123	0.29015	0.27183	0.04873
V744	0.30597	0.10527	0.09157	0.16187	0.08586	0.24946
V745	0.10978	0.38175	0.03824	0.08699	0.33889	0.04435
V746	0.50949	0.06492	0.10767	0.07499	0.09001	0.15292
V747	0.17424	0.02466	0.1192	0.06622	0.54674	0.06895
V748	0.17769	0.05596	0.24276	0.05769	0.17699	0.28892
V749	0.3296	0.04012	0.0794	0.16213	0.17711	0.21163
V750	0.06658	0.08145	0.0034	0.67357	0.14324	0.03176
V751	0.06501	0.02361	0.03	0.68095	0.16724	0.0332
V752	0.17773	0.02585	0.05304	0.09656	0.57787	0.06896
V753	0.17245	0.01589	0.0773	0.11049	0.37138	0.2525
V754	0.1374	0.32811	0.14221	0.10357	0.1312	0.1575
V755	0.26038	0.05502	0.0615	0.06306	0.43305	0.12698
V756	0.23136	0.0306	0.1005	0.0453	0.12676	0.46549
V757	0.17016	0.33331	0.06896	0.07069	0.13681	0.22009
V758	0.24953	0.45167	0.06959	0.0707	0.08665	0.07187
V759	0.13945	0.02996	0.0647	0.14717	0.52008	0.09864
V760	0.24277	0.02403	0.10633	0.06	0.07885	0.48802
V761	0.04673	0.01291	0.30704	0.04822	0.54775	0.03735
V762	0.10438	0.00764	0.64097	0.06108	0.09472	0.09121
V763	0.07818	0.13089	0.02916	0.55841	0.15436	0.04901
V764	0.18768	0.02524	0.11348	0.19576	0.29888	0.17895
