CD14.pos.CD16.neg.classical.monocyte	mature.neutrophil	memory.B.cell	cytotoxic.CD56.dim.NK.cell	memory.CD4.pos.AB.T.cell	macrophage
V1	0.1518	0.047	0.62824	0.0082	0.06474	0.10002
V2	0.4678	0.14057	0.031	0.07413	0.13302	0.15348
V3	0.25031	0.08324	0.16054	0	0.04645	0.45946
V4	0.23646	0.38293	0.0261	0.0623	0.13368	0.15853
V5	0.09906	0.06753	0.00645	0.43655	0.31899	0.07142
V6	0.2572	0.05059	0.13986	0.02015	0.15393	0.37826
V7	0.11113	0.35242	0.02348	0.03674	0.38919	0.08705
V8	0.54102	0.08925	0.03294	0.07609	0.06435	0.19633
V9	0.29147	0.16807	0.01405	0.16226	0.09802	0.26613
V10	0.4017	0.06976	0.0556	0.2172	0.10444	0.15129
V11	0.14113	0.61974	0.03754	0.02854	0.09025	0.0828
V12	0.25645	0.06302	0.05751	0	0.04523	0.57779
V13	0.1369	0.44152	0.23447	0.02409	0.07872	0.0843
V14	0.14734	0.04573	0.01152	0.57473	0.13825	0.08244
V15	0.41396	0.10415	0.02362	0.08645	0.19844	0.17338
V16	0.13812	0.03576	0.01984	0.28133	0.34362	0.18132
V17	0.24549	0.06817	0.12088	0	0.0366	0.52885
V18	0.54717	0.16328	0.03696	0.02339	0.05532	0.17389
V19	0.46909	0.08985	0.15055	0.01499	0.11411	0.16141
V20	0.48988	0.09843	0.0818	0.0749	0.06532	0.18967
V21	0.26187	0.07173	0.03246	0	0.0702	0.56375
V22	0.21631	0.07918	0.03346	0.06699	0.47177	0.1323
V23	0.12078	0.0404	0.28869	0.02879	0.43323	0.0881
V24	0.19352	0.04437	0.02599	0.10029	0.50138	0.13444
V25	0.38377	0.26151	0.02129	0.0929	0.09818	0.14235
V26	0.2815	0.05424	0.03769	0.02631	0.48028	0.11998
V27	0.22876	0.05088	0.14228	0	0.04638	0.5317
V28	0.17311	0.23728	0.13226	0.14702	0.10188	0.20845
V29	0.14184	0.48641	0.08935	0.05254	0.07468	0.15517
V30	0.24748	0.19822	0.10211	0.00773	0.20467	0.23978
V31	0.50435	0.0711	0.14895	0.02233	0.05314	0.20013
V32	0.10263	0.04186	0.28181	0.36128	0.10589	0.10654
V33	0.24523	0.35216	0.18188	0.02225	0.06618	0.1323
V34	0.07458	0.02958	0.41885	0.03173	0.35389	0.09137
V35	0.10185	0.07407	0.15816	0.36526	0.20105	0.09961
V36	0.14861	0.41768	0.10846	0.02392	0.2043	0.09703
V37	0.12197	0.04196	0.5844	0.00682	0.06111	0.18373
V38	0.24374	0.04567	0.11537	0	0.03462	0.5606
V39	0.4725	0.07954	0.02493	0.17697	0.07813	0.16792
V40	0.13871	0.42354	0.02754	0.10756	0.16126	0.14139
V41	0.51917	0.07514	0.04331	0.00849	0.0543	0.29959
V42	0.26208	0.05272	0.4062	0.0041	0.0888	0.1861
V43	0.22313	0.35217	0.02804	0.03358	0.21969	0.14338
V44	0.14493	0.62635	0.03293	0.02379	0.07942	0.09258
V45	0.35345	0.28475	0.05448	0.02052	0.07152	0.21528
V46	0.15299	0.03671	0.03081	0.18678	0.32024	0.27248
V47	0.1379	0.3653	0.02285	0.10841	0.24182	0.12372
V48	0.11709	0.50082	0.15874	0.01805	0.12982	0.07548
V49	0.13876	0.59938	0.03173	0.02381	0.12449	0.08183
V50	0.08692	0.02815	0.24039	0.02724	0.48328	0.13402
V51	0.06772	0.03137	0.03615	0.04395	0.73156	0.08925
V52	0.12339	0.45473	0.20295	0.03573	0.09744	0.08575
V53	0.18383	0.03714	0.10088	0.04595	0.53135	0.10085
V54	0.13385	0.12889	0.43615	0.03678	0.12475	0.13958
V55	0.07132	0.06238	0.12411	0.04945	0.60769	0.08505
V56	0.07985	0.06297	0.59114	0.08536	0.1039	0.07679
V57	0.21201	0.30828	0.05272	0.00441	0.14694	0.27564
V58	0.09349	0.04229	0.66082	0.01893	0.06728	0.11719
V59	0.13168	0.0372	0	0.59552	0.161	0.07461
V60	0.42624	0.05583	0.02077	0.26598	0.09159	0.13959
V61	0.31311	0.13976	0.02508	0.09999	0.10635	0.3157
V62	0.41979	0.07466	0.07526	0.07937	0.12191	0.229
V63	0.17305	0.41122	0.03025	0.05191	0.08049	0.25308
V64	0.07475	0.11916	0.0317	0.03387	0.65558	0.08493
V65	0.42239	0.1508	0.04498	0.0177	0.08231	0.28181
V66	0.39802	0.07232	0.11478	0.02928	0.24008	0.14551
V67	0.14785	0.15056	0.24217	0.155	0.08307	0.22135
V68	0.59876	0.0837	0.03788	0.03951	0.05394	0.18621
V69	0.44905	0.08214	0.02943	0.00261	0.06474	0.37203
V70	0.11899	0.03501	0.18676	0.41225	0.16663	0.08037
V71	0.13592	0.23683	0.04541	0.07899	0.31334	0.18951
V72	0.44698	0.14624	0.07677	0.02272	0.09586	0.21143
V73	0.13672	0.02808	0.07973	0.52122	0.15217	0.08207
V74	0.10676	0.15523	0.011	0.52129	0.14056	0.06515
V75	0.12746	0.62651	0.02618	0.03832	0.10195	0.07958
V76	0.08793	0.03188	0.56314	0.03228	0.19673	0.08804
V77	0.1739	0.14368	0.08657	0.35525	0.10937	0.13124
V78	0.41018	0.14149	0.05973	0.08177	0.07343	0.2334
V79	0.18536	0.42449	0.03404	0.0024	0.0628	0.29091
V80	0.17816	0.44396	0.02767	0.01023	0.07558	0.26439
V81	0.5149	0.13927	0.07815	0.02114	0.06564	0.1809
V82	0.12544	0.57492	0.02881	0.0467	0.13794	0.08618
V83	0.19751	0.15385	0.02911	0.26778	0.20155	0.15021
V84	0.3291	0.0525	0.08025	0.27855	0.11394	0.14566
V85	0.57678	0.08113	0.08656	0.02229	0.05206	0.18119
V86	0.27593	0.06536	0.10967	0.18512	0.08689	0.27703
V87	0.10583	0.04312	0.01798	0.60876	0.14408	0.08024
V88	0.18365	0.05506	0.01307	0.33214	0.13991	0.27617
V89	0.16633	0.1616	0.33284	9e-04	0.05687	0.28146
V90	0.1467	0.50371	0.10999	0.02258	0.11685	0.10017
V91	0.10234	0.03855	0.06387	0.1002	0.5932	0.10184
V92	0.07694	0.08653	0.03899	0.0388	0.66123	0.0975
V93	0.24748	0.08805	0.0283	0.06292	0.23831	0.33493
V94	0.09409	0.03362	0.22016	0.46192	0.12104	0.06917
V95	0.073	0.03534	0.27279	0.10117	0.44006	0.07764
V96	0.14806	0.31639	0.03271	0.0413	0.26936	0.19219
V97	0.06856	0.03817	0.03995	0.08113	0.69088	0.0813
V98	0.12114	0.09209	0.00705	0.50507	0.19778	0.07687
V99	0.10258	0.04342	0.00369	0.62815	0.15368	0.06848
V100	0.09291	0.03429	0.38104	0.18679	0.19457	0.1104
V101	0.10566	0.30862	0.3417	0.07377	0.0826	0.08764
V102	0.56315	0.08656	0.09847	0.02161	0.05244	0.17777
V103	0.49059	0.0823	0.03569	0.1123	0.10004	0.17908
V104	0.11737	0.02602	0.18422	0.45587	0.13173	0.08478
V105	0.25288	0.04801	0.07667	0	0.03416	0.58827
V106	0.1489	0.03395	0.45912	0	0.05717	0.30085
V107	0.15479	0.49144	0.18093	0.01609	0.07324	0.0835
V108	0.21481	0.06424	0.05163	0	0.19173	0.47759
V109	0.22369	0.05033	0.03239	0	0.17034	0.52325
V110	0.11907	0.16057	0.53285	0.00625	0.07218	0.10906
V111	0.07781	0.05011	0.67986	0.02202	0.08358	0.08661
V112	0.13146	0.28675	0.00124	0.38042	0.12542	0.07471
V113	0.09623	0.10326	0.49902	0.03599	0.1755	0.09
V114	0.18262	0.03645	0.50385	0.10197	0.07374	0.10137
V115	0.3751	0.10217	0.03824	0.02143	0.14274	0.32032
V116	0.59151	0.08203	0.03684	0.0502	0.05548	0.18394
V117	0.42755	0.06684	0.02623	0.07869	0.24965	0.15104
V118	0.1275	0.51602	0.09706	0.03861	0.12538	0.09543
V119	0.13391	0.59985	0.03496	0.04449	0.08552	0.10128
V120	0.16447	0.19098	0.08946	0.28006	0.16725	0.10778
V121	0.32776	0.05547	0.02267	0.16445	0.06803	0.36162
V122	0.29906	0.05846	0.01306	0.38411	0.1358	0.10951
V123	0.33629	0.05934	0.02581	0.02788	0.14937	0.40131
V124	0.07663	0.02924	0.26273	0.03255	0.51154	0.08731
V125	0.1101	0.1508	0.49439	0.04689	0.06981	0.12801
V126	0.21377	0.23334	0.0592	0	0.05694	0.43675
V127	0.11079	0.03353	0.61298	0.07137	0.08085	0.09048
V128	0.30427	0.23859	0.09527	0.11132	0.12099	0.12956
V129	0.08191	0.04839	0.6401	0.05865	0.08034	0.09062
V130	0.41472	0.1496	0.02368	0.16482	0.09825	0.14892
V131	0.11534	0.0307	0.05113	0.03508	0.58091	0.18684
V132	0.11555	0.38388	0.3004	0.01269	0.1065	0.08097
V133	0.12772	0.18337	0.42757	0.0644	0.11164	0.0853
V134	0.21295	0.48314	0.0301	0.02425	0.13017	0.11939
V135	0.13439	0.04238	0.55083	0.00299	0.10045	0.16896
V136	0.16718	0.5318	0.07467	0.02939	0.10169	0.09527
V137	0.10836	0.15929	0.42825	0.02548	0.19945	0.07917
V138	0.20532	0.03301	0.02461	0.25002	0.14712	0.33992
V139	0.14333	0.07196	0.13786	0.01264	0.35028	0.28393
V140	0.43481	0.22329	0.05494	0.05801	0.06864	0.1603
V141	0.2539	0.2429	0.1052	0.17104	0.10514	0.12182
V142	0.18761	0.52431	0.03348	0.0522	0.07616	0.12623
V143	0.13157	0.08119	0.47794	0.05897	0.14275	0.10758
V144	0.22893	0.17009	0.03163	0.06513	0.06465	0.43956
V145	0.10801	0.02671	0.01072	0.62769	0.1398	0.08707
V146	0.16403	0.04282	0.0862	0.02966	0.52907	0.14821
V147	0.39025	0.1109	0.10101	0.02929	0.05336	0.31518
V148	0.09629	0.17453	0.56514	0.00783	0.06793	0.08827
V149	0.18916	0.38771	0.02113	0.01561	0.06226	0.32413
V150	0.10739	0.02755	0	0.62842	0.16631	0.07032
V151	0.20395	0.32895	0.02205	0.00308	0.07443	0.36754
V152	0.13556	0.21464	0.32852	0.03324	0.1633	0.12474
V153	0.0857	0.06068	0.49097	0.17633	0.10647	0.07985
V154	0.36664	0.20934	0.0321	0.00223	0.05269	0.33701
V155	0.13011	0.31133	0.08824	0.01961	0.33408	0.11663
V156	0.1002	0.40501	0.02993	0.02596	0.36439	0.07451
V157	0.19676	0.12108	0.04618	0.16115	0.08368	0.39115
V158	0.09434	0.08283	0.65436	0.00819	0.06686	0.09342
V159	0.1889	0.21725	0.2529	0.11752	0.10774	0.11568
V160	0.09866	0.03436	0.65516	0.0113	0.06501	0.13551
V161	0.11825	0.41172	0.01041	0.22171	0.16731	0.0706
V162	0.12695	0.43723	0.0178	0.09668	0.22624	0.0951
V163	0.0907	0.03619	0.69935	0.00945	0.06804	0.09627
V164	0.10831	0.30209	0.28374	0.08286	0.1399	0.08309
V165	0.10789	0.04692	0.05791	0.0372	0.58853	0.16154
V166	0.15571	0.03911	0.02136	0.10327	0.38229	0.29826
V167	0.09685	0.02555	0.33605	0.33728	0.1255	0.07878
V168	0.50047	0.07493	0.02693	0.15844	0.06971	0.16951
V169	0.10003	0.03739	0.53595	0.14233	0.08821	0.0961
V170	0.37171	0.07422	0.09048	0.19542	0.12861	0.13955
V171	0.21601	0.36994	0.03437	0.00191	0.0709	0.30687
V172	0.14887	0.08792	0.40795	0.11574	0.08093	0.1586
V173	0.10726	0.04924	0.5923	0.00162	0.07431	0.17527
V174	0.45935	0.14088	0.03441	0.0255	0.1867	0.15316
V175	0.15276	0.50863	0.10964	0.02892	0.11263	0.08742
V176	0.07681	0.03491	0.7004	0.01655	0.08342	0.08792
V177	0.19211	0.10009	0.25248	0.01975	0.18187	0.2537
V178	0.08696	0.06391	0.06064	0.032	0.65586	0.10063
V179	0.13256	0.02632	0.03913	0.41905	0.18927	0.19367
V180	0.27498	0.04732	0.15079	0.24981	0.08442	0.19268
V181	0.40289	0.14161	0.06832	0.04827	0.10577	0.23315
V182	0.09622	0.10378	0.57802	0.04963	0.07139	0.10096
V183	0.11528	0.02793	0.00366	0.64056	0.14155	0.07102
V184	0.32162	0.33884	0.03022	0.03418	0.14544	0.1297
V185	0.18069	0.41425	0.03957	0.01689	0.15712	0.19148
V186	0.0843	0.02711	0.48363	0.22972	0.10081	0.07443
V187	0.26808	0.40124	0.02396	0.03049	0.16383	0.11241
V188	0.19547	0.44998	0.02747	0.02265	0.06677	0.23766
V189	0.10622	0.08593	0.16169	0.035	0.43674	0.17442
V190	0.12057	0.17553	0.03101	0.02962	0.44941	0.19386
V191	0.17494	0.44916	0.02211	0.01014	0.07575	0.26791
V192	0.40081	0.22164	0.08718	0.03133	0.10044	0.15861
V193	0.24101	0.13486	0.03097	0	0.04906	0.5441
V194	0.08365	0.0455	0.04974	0.108	0.61482	0.09829
V195	0.0843	0.03037	0.56191	0.0754	0.16237	0.08564
V196	0.10215	0.0267	0.0197	0.60505	0.17116	0.07523
V197	0.21825	0.0401	0.05203	0.03328	0.53728	0.11906
V198	0.17123	0.33898	0.04868	0.10991	0.23081	0.10039
V199	0.10368	0.21316	0.10365	0.08969	0.40312	0.08669
V200	0.13833	0.03764	0.43493	0.15109	0.08464	0.15338
V201	0.11579	0.02721	0	0.62608	0.1368	0.09412
V202	0.15818	0.08118	0.32621	0.02528	0.16513	0.24402
V203	0.44572	0.08308	0.02256	0.21975	0.07914	0.14975
V204	0.24777	0.08072	0.05157	0.08923	0.06497	0.46574
V205	0.08418	0.05088	0.68536	0.02142	0.07031	0.08785
V206	0.1051	0.0669	0.09299	0.51327	0.15329	0.06845
V207	0.33393	0.18753	0.04747	0.15499	0.09258	0.1835
V208	0.32618	0.1129	0.29299	0.04028	0.09921	0.12844
V209	0.27258	0.38494	0.02228	0.03065	0.07016	0.2194
V210	0.15185	0.05526	0.62062	0.00808	0.06435	0.09983
V211	0.40373	0.08243	0.09864	0.0149	0.15691	0.2434
V212	0.11352	0.24253	0.16585	0.25186	0.14077	0.08546
V213	0.10733	0.08774	0.23492	0.04111	0.44047	0.08842
V214	0.5523	0.09169	0.04734	0.05011	0.0789	0.17966
V215	0.17464	0.4795	0.02145	0.02872	0.06883	0.22686
V216	0.17852	0.40312	0.22464	0.01868	0.08179	0.09325
V217	0.25283	0.04083	0.05749	0.05666	0.24549	0.34669
V218	0.14621	0.28754	0.00927	0.35573	0.12823	0.07301
V219	0.54998	0.07856	0.04402	0.01198	0.0552	0.26026
V220	0.17356	0.03931	0.01188	0.55376	0.128	0.09349
V221	0.16867	0.54631	0.04456	0.06498	0.08529	0.09019
V222	0.14539	0.25302	0.05127	0.1159	0.32626	0.10818
V223	0.16986	0.26541	0.20165	0.00302	0.0769	0.28316
V224	0.07519	0.03004	0.34826	0.02363	0.44157	0.08131
V225	0.28987	0.06024	0.03975	0	0.03989	0.57026
V226	0.26729	0.08	0.16862	0.18547	0.15819	0.14044
V227	0.46731	0.06398	0.02678	0.14343	0.07218	0.22632
V228	0.17718	0.21705	0.34366	0.04307	0.09249	0.12655
V229	0.20054	0.04244	0.28907	0.17017	0.17358	0.1242
V230	0.11757	0.16044	0.53932	0.01248	0.06705	0.10313
V231	0.13877	0.04539	0.00497	0.58231	0.15313	0.07543
V232	0.35761	0.05883	0.01616	0.17376	0.07605	0.31759
V233	0.55628	0.08421	0.04723	0.05452	0.06742	0.19033
V234	0.37493	0.05468	0.02979	0.03442	0.35759	0.14859
V235	0.16009	0.03003	0.01984	0.55678	0.14173	0.09152
V236	0.13611	0.03073	0.17126	0.02513	0.41301	0.22376
V237	0.08564	0.03203	0.62778	0.07868	0.08975	0.08612
V238	0.45403	0.06443	0.05731	0.05739	0.07845	0.28839
V239	0.40552	0.07985	0.10188	0.09566	0.14549	0.1716
V240	0.09074	0.22675	0.02228	0.1059	0.47543	0.07889
V241	0.4179	0.17881	0.02614	0.12232	0.09976	0.15508
V242	0.29763	0.08458	0.05141	0.10616	0.11996	0.34027
V243	0.11356	0.32977	0.33953	0.04011	0.09735	0.07967
V244	0.19463	0.05323	0.03473	0.01217	0.43299	0.27225
V245	0.51266	0.07415	0.0372	0.00793	0.05982	0.30824
V246	0.09485	0.06717	0.19483	0.26508	0.29321	0.08486
V247	0.30126	0.10851	0.02508	0.10655	0.07452	0.38408
V248	0.25522	0.06475	0.02002	0.16388	0.35407	0.14206
V249	0.24418	0.16746	0.28165	0.057	0.06446	0.18524
V250	0.11106	0.04379	0.00314	0.62699	0.13973	0.07529
V251	0.12804	0.45507	0.11901	0.12335	0.09107	0.08345
V252	0.10312	0.03465	0.03398	0.57958	0.16764	0.08103
V253	0.17304	0.07868	0.01629	0.25347	0.17573	0.30279
V254	0.12752	0.23689	0.07679	0.13905	0.29926	0.12049
V255	0.31068	0.27155	0.07097	0.04856	0.10512	0.19312
V256	0.13172	0.62493	0.02662	0.02809	0.09497	0.09367
V257	0.13247	0.35206	0.04651	0.03608	0.30722	0.12566
V258	0.12366	0.21871	0.11245	0.35243	0.10748	0.08526
V259	0.11559	0.44772	0.24679	0.02257	0.07334	0.09399
V260	0.16473	0.06748	0.042	0.0332	0.51106	0.18153
V261	0.39203	0.07264	0.05221	0.03344	0.19711	0.25257
V262	0.13107	0.04443	0.60493	0.01628	0.11309	0.0902
V263	0.10301	0.07775	0.48906	0.14765	0.0887	0.09382
V264	0.43532	0.07877	0.09709	0.02975	0.09479	0.26429
V265	0.09433	0.03203	0.03428	0.05414	0.69269	0.09252
V266	0.28444	0.08129	0.03869	0	0.04718	0.54839
V267	0.20957	0.52314	0.02294	0.06573	0.08363	0.09499
V268	0.59148	0.08341	0.033	0.02141	0.05146	0.21925
V269	0.11935	0.06739	0.10064	0.49296	0.1428	0.07686
V270	0.26485	0.40134	0.0415	0.02927	0.14673	0.1163
V271	0.19472	0.13948	0.19421	0.0013	0.06419	0.4061
V272	0.09583	0.02993	0.02906	0.08549	0.6171	0.1426
V273	0.11615	0.03086	0.07074	0.08419	0.5702	0.12785
V274	0.22356	0.05036	0.13614	0.01944	0.0565	0.51398
V275	0.47372	0.20489	0.03388	0.02487	0.06259	0.20005
V276	0.21416	0.23664	0.07595	0.04819	0.09114	0.33391
V277	0.38504	0.07359	0.03383	0.00814	0.13921	0.36018
V278	0.18284	0.13004	0.09316	0.17478	0.30675	0.11242
V279	0.24543	0.08226	0.1619	0.02534	0.06474	0.42034
V280	0.18116	0.03158	0.00557	0.54746	0.13305	0.10118
V281	0.13367	0.61253	0.04672	0.04168	0.08114	0.08426
V282	0.0873	0.06306	0.03688	0.07689	0.6422	0.09367
V283	0.10193	0.37864	0.02368	0.0311	0.37997	0.08467
V284	0.13597	0.10908	0.24557	0.22119	0.11892	0.16926
V285	0.11033	0.04378	0	0.62611	0.14461	0.07517
V286	0.47769	0.08754	0.07946	0.12886	0.06735	0.1591
V287	0.09044	0.03758	0.05719	0.08622	0.60517	0.1234
V288	0.21029	0.25004	0.03453	0.00402	0.13826	0.36286
V289	0.08712	0.1026	0.55169	0.07699	0.09483	0.08677
V290	0.10052	0.02521	0.1833	0.4753	0.12813	0.08754
V291	0.12478	0.05228	0	0.59915	0.14055	0.08324
V292	0.19897	0.10608	0.01865	0.38936	0.1933	0.09365
V293	0.07328	0.07096	0.0606	0.03949	0.66363	0.09204
V294	0.39729	0.08098	0.0277	0.02597	0.24657	0.22148
V295	0.29438	0.05313	0.03979	0	0.04205	0.57066
V296	0.1363	0.32311	0.07524	0.17839	0.12854	0.15843
V297	0.2496	0.09967	0.02598	0	0.04656	0.57819
V298	0.12698	0.56862	0.12475	0.02466	0.07733	0.07767
V299	0.18067	0.10317	0.52961	0.01387	0.071	0.10169
V300	0.49118	0.15069	0.05298	0.01677	0.05319	0.23519
V301	0.36353	0.34431	0.06045	0.02752	0.07047	0.13372
V302	0.11874	0.25749	0.05714	0.33775	0.14474	0.08413
V303	0.12468	0.53183	0.06871	0.03055	0.15808	0.08615
V304	0.08708	0.03197	0.05627	0.03555	0.6974	0.09172
V305	0.14659	0.03547	0.14577	0.28152	0.1573	0.23334
V306	0.36246	0.13223	0.02695	0.00124	0.04903	0.4281
V307	0.1978	0.0458	0.03653	0.03577	0.52415	0.15995
V308	0.10244	0.03546	0	0.64563	0.14795	0.06852
V309	0.12151	0.44205	0.01438	0.243	0.0996	0.07945
V310	0.1683	0.32197	0.19846	0.00701	0.0742	0.23005
V311	0.41296	0.06476	0.03501	0.00212	0.04687	0.43827
V312	0.17955	0.04117	0.0156	0.26033	0.38818	0.11518
V313	0.32651	0.06291	0.02668	0.01753	0.04832	0.51805
V314	0.27119	0.04785	0.00984	0.44971	0.11863	0.10278
V315	0.19708	0.52284	0.03056	0.01977	0.10909	0.12067
V316	0.29549	0.05756	0.03754	0.03446	0.06259	0.51237
V317	0.16059	0.02866	0.00844	0.46005	0.14528	0.19698
V318	0.10735	0.03474	0.02498	0.60919	0.13712	0.08662
V319	0.30827	0.18685	0.19012	0.09771	0.07484	0.14222
V320	0.24633	0.19016	0.24578	0.07649	0.07377	0.16748
V321	0.12605	0.50582	0.01308	0.18283	0.0996	0.07262
V322	0.11516	0.03063	0.10073	0.0328	0.53384	0.18684
V323	0.12175	0.26584	0.00962	0.26259	0.26262	0.07759
V324	0.16089	0.06336	0.053	0.15121	0.3438	0.22773
V325	0.16506	0.59889	0.04324	0.02253	0.07804	0.09223
V326	0.20508	0.54566	0.03735	0.02158	0.08997	0.10036
V327	0.1385	0.03873	0.65	0.00866	0.06569	0.09842
V328	0.20387	0.19599	0.15499	0.10636	0.23444	0.10435
V329	0.08311	0.0304	0.45417	0.01703	0.3164	0.09888
V330	0.08473	0.03498	0.68758	0.01569	0.08236	0.09466
V331	0.47604	0.11897	0.06269	0.06165	0.06349	0.21717
V332	0.16175	0.0894	0.13594	0.01039	0.30654	0.29598
V333	0.10054	0.04295	0.36216	0.23809	0.15244	0.10382
V334	0.10558	0.351	0.30243	0.08537	0.07948	0.07615
V335	0.16916	0.05355	0.5449	0.00871	0.06085	0.16282
V336	0.28734	0.4545	0.04323	0.01931	0.07379	0.12183
V337	0.13011	0.18487	0.07459	0.03284	0.49255	0.08504
V338	0.50169	0.07011	0.06119	0.02191	0.15484	0.19026
V339	0.16729	0.10409	0.29677	0.16798	0.09854	0.16533
V340	0.43355	0.24961	0.02568	0.04243	0.07838	0.17034
V341	0.26755	0.0712	0.04039	0.37212	0.13495	0.11378
V342	0.15771	0.03644	0.01627	0.43261	0.14868	0.20829
V343	0.23956	0.16474	0.10555	0.00862	0.06403	0.4175
V344	0.13659	0.48205	0.02117	0.03092	0.17829	0.15098
V345	0.07255	0.03124	0.04307	0.04398	0.72498	0.08419
V346	0.19753	0.04152	0.02652	0.29582	0.31623	0.12239
V347	0.37246	0.15435	0.04291	0.07041	0.21741	0.14245
V348	0.16068	0.14012	0.47334	0.02076	0.10421	0.10088
V349	0.50258	0.12243	0.05665	0.07244	0.08381	0.16208
V350	0.35449	0.08195	0.11042	0.14814	0.06935	0.23564
V351	0.28828	0.10239	0.05622	0.00674	0.06053	0.48583
V352	0.15943	0.28667	0.02807	0.00658	0.24843	0.27082
V353	0.09453	0.17445	0.57178	0.00825	0.0683	0.0827
V354	0.19886	0.07695	0.19263	0.00418	0.25796	0.26941
V355	0.08273	0.05885	0.69033	0.01573	0.07036	0.082
V356	0.39686	0.14761	0.04303	0.15119	0.0904	0.17091
V357	0.27448	0.05219	0.31256	0.02529	0.20338	0.1321
V358	0.24893	0.04706	0.07097	0.00628	0.05305	0.5737
V359	0.20011	0.10586	0.00957	0.41218	0.16228	0.10999
V360	0.39142	0.05344	0.0276	0.14283	0.21582	0.1689
V361	0.13041	0.6375	0.02724	0.03311	0.08681	0.08493
V362	0.12797	0.44214	0.03437	0.22085	0.10296	0.07171
V363	0.50139	0.116	0.06636	0.01574	0.11145	0.18905
V364	0.21486	0.18503	0.03442	0.01651	0.12646	0.42272
V365	0.33092	0.33866	0.02569	0.10131	0.07415	0.12927
V366	0.15257	0.23044	0.34467	0.05159	0.12118	0.09955
V367	0.11229	0.02683	0.02171	0.41833	0.31607	0.10476
V368	0.19693	0.14658	0.08057	0.01701	0.14688	0.41203
V369	0.10381	0.05471	0.0282	0.07141	0.59952	0.14236
V370	0.11256	0.09451	0.48136	0.09942	0.08815	0.12399
V371	0.16007	0.23556	0.01012	0.31507	0.09874	0.18044
V372	0.14047	0.51424	0.02221	0.03384	0.16706	0.12218
V373	0.54359	0.08564	0.03179	0.01073	0.04985	0.27839
V374	0.22324	0.04351	0.19426	0.32586	0.11774	0.09539
V375	0.33747	0.05746	0.16977	0.0516	0.23458	0.14912
V376	0.21967	0.07918	0.04023	0.06551	0.10575	0.48966
V377	0.11454	0.0396	0.33883	0.01891	0.38433	0.1038
V378	0.23251	0.09657	0.15422	0	0.06565	0.45105
V379	0.38219	0.06634	0.11662	0	0.04513	0.38972
V380	0.07299	0.06256	0.06053	0.04581	0.66588	0.09223
V381	0.30978	0.06875	0.23739	0.18324	0.08528	0.11556
V382	0.08332	0.05343	0.03082	0.17278	0.57528	0.08437
V383	0.22334	0.06903	0.30424	0.19823	0.09606	0.10909
V384	0.10924	0.05093	0.62535	0.02184	0.10138	0.09127
V385	0.27039	0.05823	0.04531	0	0.03504	0.59103
V386	0.43651	0.08674	0.20314	0.01784	0.09109	0.16468
V387	0.25875	0.04632	0.04524	0.43808	0.1112	0.10041
V388	0.52421	0.1038	0.12923	0.0151	0.05892	0.16874
V389	0.33416	0.11453	0.03215	0	0.04891	0.47025
V390	0.14557	0.06032	0.00616	0.4874	0.14363	0.15692
V391	0.12337	0.03544	0.02089	0.40905	0.29356	0.1177
V392	0.15557	0.06431	0.34982	0.06757	0.06331	0.29941
V393	0.14354	0.15183	0.29115	0.04529	0.15561	0.21258
V394	0.10751	0.02686	0.0273	0.58653	0.1754	0.07641
V395	0.07835	0.08196	0.67469	0.0154	0.06988	0.07972
V396	0.40122	0.10118	0.02119	0.22886	0.1134	0.13414
V397	0.22955	0.1776	0.04807	0	0.07745	0.46733
V398	0.13957	0.51063	0.03391	0.03662	0.18516	0.09411
V399	0.08972	0.03325	0.64895	0.0393	0.08365	0.10513
V400	0.20354	0.05823	0.01009	0.24587	0.08624	0.39603
V401	0.17742	0.05332	0.48516	0.01343	0.13451	0.13617
V402	0.15092	0.03798	0.00405	0.58051	0.13158	0.09495
V403	0.18963	0.03635	0.03268	0.02269	0.29301	0.42564
V404	0.08146	0.04357	0.71104	0.01062	0.07003	0.08328
V405	0.30176	0.30734	0.08417	0.04885	0.13798	0.11991
V406	0.20867	0.08447	0.15184	0.06011	0.17639	0.31852
V407	0.13658	0.05021	0.53972	0	0.06518	0.20832
V408	0.13855	0.11652	0.02605	0.46217	0.11564	0.14108
V409	0.58874	0.10496	0.03296	0.01767	0.05181	0.20385
V410	0.60094	0.09177	0.03351	0.01891	0.06261	0.19226
V411	0.22376	0.04679	0.02321	0.14931	0.06537	0.49156
V412	0.41743	0.19501	0.06929	0.04489	0.13138	0.142
V413	0.11237	0.12361	0.02535	0.51952	0.14627	0.07287
V414	0.16897	0.08754	0.01876	0.40686	0.22376	0.09411
V415	0.12311	0.03387	0.26614	0.263	0.16606	0.14782
V416	0.12271	0.14942	0.02208	0.18666	0.36239	0.15674
V417	0.2691	0.04513	0.07431	0.06379	0.05464	0.49302
V418	0.09206	0.09278	0.33024	0.10317	0.2717	0.11005
V419	0.25572	0.07136	0.02674	0	0.0412	0.60498
V420	0.2659	0.05146	0.02777	0	0.04425	0.61061
V421	0.10639	0.071	0.07691	0.07823	0.56097	0.1065
V422	0.22043	0.27177	0.02486	0.02926	0.34831	0.10538
V423	0.13951	0.16496	0	0.49086	0.12776	0.0769
V424	0.53252	0.14005	0.0401	0.05433	0.05868	0.17431
V425	0.07724	0.11881	0.0448	0.03232	0.6364	0.09043
V426	0.22181	0.07368	0.14793	0	0.04775	0.50882
V427	0.37783	0.14653	0.11801	0.09051	0.08289	0.18422
V428	0.28923	0.04944	0.00367	0.44068	0.11055	0.10643
V429	0.0962	0.04192	0.0935	0.41058	0.26903	0.08878
V430	0.1208	0.09394	0.43058	0.13824	0.09235	0.12408
V431	0.07605	0.0424	0.69905	0.0286	0.07252	0.08137
V432	0.11623	0.37796	0.02452	0.2922	0.11631	0.07278
V433	0.10806	0.02698	0.03261	0.62273	0.1398	0.06981
V434	0.10944	0.26403	0.1327	0.31748	0.10545	0.07091
V435	0.11581	0.03137	0.0373	0.01934	0.56822	0.22796
V436	0.55399	0.15001	0.03646	0.02887	0.05539	0.17528
V437	0.22677	0.24944	0.21851	0.02165	0.13649	0.14714
V438	0.12384	0.33905	0.028	0.06389	0.35679	0.08843
V439	0.07492	0.03873	0.1198	0.03269	0.64571	0.08815
V440	0.18214	0.07529	0.32081	0.04495	0.20252	0.1743
V441	0.14484	0.0872	0.34979	0.098	0.08179	0.23837
V442	0.35376	0.14529	0.13957	0.04733	0.09568	0.21836
V443	0.1124	0.02652	0.04909	0.5604	0.15712	0.09447
V444	0.50051	0.0934	0.05321	0.03107	0.11252	0.20928
V445	0.60368	0.09244	0.04536	0.01878	0.05165	0.18809
V446	0.12452	0.44191	0.2101	0.0281	0.08999	0.10538
V447	0.21842	0.21501	0.01473	0.12045	0.10574	0.32565
V448	0.09345	0.05091	0.6462	0.011	0.11443	0.08401
V449	0.43923	0.08332	0.0298	0.18762	0.07346	0.18656
V450	0.13815	0.04355	0.52515	0.01218	0.18423	0.09674
V451	0.15502	0.06521	0.14446	0.12404	0.41548	0.09579
V452	0.18958	0.0474	0.03573	0.28273	0.12609	0.31846
V453	0.3024	0.04674	0.37534	0.08236	0.07415	0.11901
V454	0.23229	0.0839	0.0889	0.37857	0.11095	0.10539
V455	0.16607	0.5777	0.04711	0.03527	0.07824	0.09561
V456	0.5511	0.07752	0.05545	0.02066	0.07957	0.2157
V457	0.23512	0.05099	0.03297	0	0.18992	0.491
V458	0.12306	0.03045	0.33818	0.01907	0.32664	0.1626
V459	0.09773	0.04439	0.46042	0.22886	0.09328	0.07531
V460	0.32324	0.09588	0.18865	0.08914	0.0884	0.2147
V461	0.28345	0.07269	0.02383	0.29515	0.18321	0.14166
V462	0.08438	0.03434	0.67544	0.02009	0.07493	0.11082
V463	0.06892	0.05447	0.0466	0.06749	0.68194	0.08059
V464	0.15354	0.58887	0.0308	0.03727	0.10518	0.08434
V465	0.31936	0.12106	0.31234	0.00885	0.08847	0.14991
V466	0.15555	0.04602	0.01433	0.50586	0.17574	0.10249
V467	0.6096	0.08621	0.03971	0.01865	0.05137	0.19446
V468	0.31634	0.1253	0.08344	0.17313	0.18019	0.1216
V469	0.10349	0.13453	0.49069	0.06565	0.07884	0.1268
V470	0.45025	0.06976	0.05901	0.06406	0.19562	0.1613
V471	0.12343	0.19849	0.39121	0.04772	0.10043	0.13871
V472	0.13904	0.41774	0.02127	0.04142	0.26559	0.11494
V473	0.13425	0.64408	0.03346	0.02481	0.08116	0.08223
V474	0.13588	0.02801	0.29769	0.34254	0.11072	0.08517
V475	0.13245	0.15105	0.22197	0.13375	0.25835	0.10243
V476	0.38899	0.07123	0.02571	0.12752	0.0954	0.29115
V477	0.1628	0.45156	0.05982	0.06887	0.09184	0.16512
V478	0.09315	0.04133	0.64164	0.01762	0.07273	0.13353
V479	0.11757	0.13724	0.53801	0.01447	0.09947	0.09324
V480	0.1048	0.2268	0.01967	0.23174	0.3406	0.07641
V481	0.34013	0.1208	0.10362	0.0628	0.22025	0.15241
V482	0.42732	0.0655	0.04148	0.00395	0.04712	0.41464
V483	0.1269	0.61734	0.06914	0.02728	0.08011	0.07924
V484	0.55323	0.07733	0.08055	0.01626	0.08657	0.18606
V485	0.25339	0.13794	0.34755	0.05483	0.07216	0.13413
V486	0.22123	0.04083	0.48647	0.02835	0.06175	0.16136
V487	0.10164	0.30966	0.03115	0.03197	0.43907	0.08651
V488	0.25796	0.47889	0.03543	0.04438	0.0734	0.10995
V489	0.53392	0.08991	0.08577	0.02139	0.08782	0.18119
V490	0.26689	0.07911	0.02479	0.02146	0.06688	0.54086
V491	0.14233	0.24509	0.26586	0.01353	0.22373	0.10946
V492	0.20925	0.06162	0.1719	0.04648	0.11377	0.39698
V493	0.53553	0.16895	0.02972	0.03323	0.05708	0.17549
V494	0.196	0.06246	0.25334	0.00465	0.05101	0.43253
V495	0.23588	0.41456	0.14799	0.02616	0.0751	0.10031
V496	0.22505	0.13542	0.22233	0.0063	0.1978	0.2131
V497	0.09721	0.19019	0.14969	0.04773	0.43299	0.08219
V498	0.15091	0.11101	0.26763	0.22589	0.13513	0.10943
V499	0.13719	0.49384	0.1258	0.05731	0.08881	0.09704
V500	0.37076	0.1918	0.06849	0.04851	0.15779	0.16265
V501	0.15536	0.59658	0.02591	0.03547	0.08412	0.10255
V502	0.08687	0.03627	0.02952	0.21049	0.54664	0.09021
V503	0.17925	0.2895	0.03091	0.31019	0.10929	0.08086
V504	0.14465	0.60205	0.05882	0.02282	0.08859	0.08306
V505	0.09893	0.02577	0.37638	0.26244	0.12102	0.11546
V506	0.32722	0.05678	0.04683	0.09218	0.10307	0.37392
V507	0.25804	0.05029	0.02751	0	0.04616	0.618
V508	0.13418	0.44985	0.0557	0.0734	0.19963	0.08725
V509	0.12271	0.0365	0.00765	0.54891	0.21019	0.07404
V510	0.60191	0.08489	0.03356	0.01913	0.06789	0.19263
V511	0.25042	0.04974	0.0174	0.13854	0.07003	0.47388
V512	0.13679	0.19972	0.42385	0.02355	0.08498	0.13113
V513	0.0852	0.04544	0.20941	0.06421	0.50923	0.0865
V514	0.14479	0.56497	0.06853	0.01656	0.07448	0.13068
V515	0.15748	0.33035	0.01161	0.29239	0.10079	0.10738
V516	0.08027	0.07239	0.59268	0.01692	0.14721	0.09053
V517	0.07937	0.0262	0.32629	0.1749	0.31182	0.08141
V518	0.29741	0.31909	0.04395	0.07835	0.09893	0.16227
V519	0.19958	0.41753	0.02459	0.06035	0.07612	0.22183
V520	0.47448	0.13301	0.04274	0.07864	0.06048	0.21065
V521	0.13899	0.0346	0.03901	0.04276	0.62776	0.11689
V522	0.32453	0.18776	0.03677	0.02748	0.1909	0.23256
V523	0.33661	0.17946	0.06358	0.09579	0.07113	0.25343
V524	0.12903	0.02857	0.07914	0.13348	0.44469	0.18509
V525	0.37839	0.05959	0.05901	0.00558	0.04716	0.45027
V526	0.12273	0.54648	0.09215	0.02573	0.13575	0.07717
V527	0.30539	0.0573	0.4034	0.01527	0.09113	0.12751
V528	0.55978	0.07839	0.10499	0.02153	0.05825	0.17707
V529	0.16166	0.09488	0.01997	0.4934	0.14064	0.08946
V530	0.15416	0.20653	0.24903	0.08214	0.12105	0.18709
V531	0.60518	0.09224	0.03339	0.02375	0.05235	0.19308
V532	0.17933	0.03114	0.06172	0.43065	0.19945	0.09771
V533	0.17387	0.0333	0.22379	0.021	0.25643	0.2916
V534	0.15307	0.0279	0.01127	0.39923	0.17106	0.23748
V535	0.40899	0.08866	0.16678	0.09841	0.07083	0.16632
V536	0.09453	0.02878	0.55169	0.12756	0.07882	0.11861
V537	0.1327	0.47719	0.01803	0.1773	0.0973	0.09749
V538	0.20536	0.0349	0.01843	0.23737	0.07786	0.42608
V539	0.11335	0.02731	0.01641	0.51824	0.23377	0.09093
V540	0.29003	0.0534	0.26208	0.02398	0.20749	0.16302
V541	0.12445	0.23406	0.00703	0.40718	0.1322	0.09507
V542	0.1191	0.44877	0.03045	0.18237	0.13896	0.08034
V543	0.07661	0.0302	0.50224	0.03489	0.26459	0.09148
V544	0.25026	0.07064	0.03231	0.00749	0.06519	0.5741
V545	0.1135	0.48528	0.07577	0.03589	0.20563	0.08392
V546	0.44406	0.1065	0.02405	0.17781	0.09182	0.15576
V547	0.14033	0.10131	0.01035	0.29137	0.30865	0.14798
V548	0.25721	0.06428	0.02698	0	0.04085	0.61068
V549	0.17124	0.03409	0.46403	0.06472	0.08632	0.1796
V550	0.08368	0.03797	0.30477	0.02361	0.46215	0.08782
V551	0.22166	0.08638	0.05943	0.06855	0.12079	0.44319
V552	0.1175	0.06008	0.13901	0.21839	0.3397	0.12532
V553	0.56347	0.0784	0.05485	0.03883	0.07686	0.18759
V554	0.14194	0.59747	0.04211	0.0199	0.0816	0.11698
V555	0.34594	0.04949	0.03615	0.1668	0.06875	0.33286
V556	0.13696	0.0371	0.35897	0.26169	0.1072	0.09809
V557	0.16156	0.54599	0.08578	0.02312	0.08029	0.10325
V558	0.34929	0.1948	0.02633	0.08219	0.06246	0.28493
V559	0.07342	0.02895	0.02915	0.14332	0.63918	0.08597
V560	0.50711	0.09435	0.04104	0.02537	0.11093	0.2212
V561	0.07578	0.05124	0.71049	0.01051	0.07026	0.08171
V562	0.39298	0.22729	0.05971	0.06034	0.06894	0.19074
V563	0.2561	0.04872	0.0256	0.02937	0.04905	0.59116
V564	0.20592	0.10139	0.02494	0.00125	0.22585	0.44064
V565	0.25813	0.05033	0.03352	0	0.04015	0.61787
V566	0.24159	0.11963	0.04198	0.02222	0.07555	0.49902
V567	0.31492	0.26628	0.02142	0.16046	0.09677	0.14014
V568	0.11217	0.03259	0.04698	0.05939	0.65962	0.08926
V569	0.52237	0.10355	0.02927	0.03309	0.05876	0.25296
V570	0.48963	0.17139	0.05082	0.05352	0.06601	0.16863
V571	0.09174	0.21204	0.4999	0.02114	0.09564	0.07954
V572	0.08918	0.04139	0.62203	0.02357	0.13561	0.08822
V573	0.19741	0.55571	0.03203	0.02138	0.09044	0.10302
V574	0.18476	0.03621	0.2937	0.02034	0.07972	0.38527
V575	0.14015	0.4883	0.07049	0.09352	0.09207	0.11547
V576	0.30444	0.13468	0.04112	0.02266	0.37151	0.12558
V577	0.31988	0.0885	0.03222	0.06052	0.33136	0.16751
V578	0.11581	0.03137	0.0373	0.01934	0.56822	0.22796
V579	0.11326	0.05304	0.1634	0.20317	0.38133	0.0858
V580	0.18296	0.04779	0.08258	0.27868	0.26045	0.14754
V581	0.48626	0.09766	0.08312	0.06689	0.10809	0.15798
V582	0.48696	0.0739	0.0338	0.13973	0.0723	0.19331
V583	0.15704	0.07276	0.24859	0	0.20342	0.31818
V584	0.17341	0.04699	0.01959	0.24442	0.26514	0.25045
V585	0.14348	0.36474	0.18887	0.0631	0.08435	0.15546
V586	0.19559	0.54256	0.0586	0.02549	0.07998	0.09778
V587	0.2578	0.04658	0.23086	0.24987	0.09405	0.12084
V588	0.12001	0.03591	0.03276	0.59683	0.14267	0.07182
V589	0.15844	0.2433	0.21627	0.04998	0.07115	0.26085
V590	0.18618	0.06783	0.28339	0.03921	0.06335	0.36004
V591	0.53391	0.07243	0.04982	0.10615	0.06905	0.16864
V592	0.13907	0.29541	0.07939	0.27697	0.13091	0.07824
V593	0.10931	0.03566	0.00332	0.64017	0.14192	0.06962
V594	0.18461	0.03032	0.02355	0.41405	0.11124	0.23624
V595	0.14865	0.2439	0.05614	0.09067	0.22772	0.23292
V596	0.09249	0.22002	0.03743	0.0826	0.49225	0.07522
V597	0.35367	0.05274	0.05025	0.02941	0.38053	0.13341
V598	0.58019	0.11066	0.03257	0.01744	0.05744	0.2017
V599	0.22384	0.04781	0.0207	0.09147	0.12773	0.48844
V600	0.3614	0.13779	0.02431	0.03548	0.10188	0.33914
V601	0.18811	0.15155	0.04801	0.2365	0.084	0.29184
V602	0.11402	0.04657	0.11365	0.02262	0.4891	0.21404
V603	0.19552	0.31989	0.0497	0.03789	0.08622	0.31077
V604	0.10711	0.39199	0.02348	0.03122	0.36566	0.08054
V605	0.11472	0.05705	0.05306	0.03015	0.63368	0.11133
V606	0.39597	0.08161	0.19443	0.04617	0.05729	0.22454
V607	0.22385	0.07378	0.02557	0.00271	0.1724	0.5017
V608	0.17327	0.4728	0.02525	0.05814	0.08983	0.18071
V609	0.10277	0.03803	0.53456	0.15588	0.0838	0.08497
V610	0.12256	0.13425	0.3695	0.12425	0.10982	0.13961
V611	0.12751	0.62239	0.03631	0.04244	0.09228	0.07908
V612	0.10967	0.19409	0.00396	0.50181	0.12599	0.06448
V613	0.42986	0.17337	0.03347	0.00588	0.05206	0.30536
V614	0.13622	0.12843	0.39898	0.00578	0.11141	0.21918
V615	0.08051	0.07917	0.0806	0.0377	0.62963	0.09238
V616	0.32391	0.33639	0.02296	0.03819	0.08125	0.19729
V617	0.0749	0.03942	0.03535	0.04321	0.71766	0.08946
V618	0.2164	0.05723	0.47164	0.01016	0.07868	0.16589
V619	0.11722	0.48979	0.14048	0.03733	0.1263	0.08888
V620	0.21548	0.04935	0.21154	0	0.04653	0.4771
V621	0.10988	0.02653	0.06423	0.55458	0.1565	0.08827
V622	0.38858	0.17887	0.03949	0.01991	0.2255	0.14765
V623	0.20464	0.52125	0.03078	0.01742	0.08135	0.14457
V624	0.12979	0.47763	0.0112	0.19966	0.09493	0.08678
V625	0.14195	0.13383	0.16804	0.32104	0.11962	0.11552
V626	0.13032	0.061	0.03274	0.14717	0.40015	0.22862
V627	0.45904	0.06102	0.01662	0.226	0.07896	0.15837
V628	0.18291	0.08223	0.25059	0.05906	0.13326	0.29195
V629	0.11735	0.38435	0.00476	0.30834	0.11239	0.07282
V630	0.43926	0.07104	0.04531	0.03738	0.07587	0.33114
V631	0.2274	0.04056	0.0673	0.07679	0.08758	0.50038
V632	0.10886	0.05183	0.1317	0.24771	0.35875	0.10116
V633	0.08659	0.17396	0.57903	0.01478	0.06978	0.07587
V634	0.5203	0.07811	0.03506	0.1351	0.06686	0.16456
V635	0.10326	0.06699	0.21204	0.42687	0.11545	0.0754
V636	0.1349	0.48309	0.01927	0.06447	0.1724	0.12587
V637	0.23425	0.08939	0.0314	0	0.10467	0.54028
V638	0.12589	0.1168	0.05358	0.39451	0.22456	0.08466
V639	0.27542	0.09263	0.08671	0.03914	0.3189	0.18719
V640	0.1314	0.14384	0.3714	0.01564	0.15376	0.18396
V641	0.07884	0.0941	0.41887	0.03531	0.29074	0.08214
V642	0.25912	0.07293	0.2384	0.10958	0.06655	0.25343
V643	0.55709	0.08394	0.02769	0.07149	0.06965	0.19013
V644	0.52357	0.07983	0.02658	0.07364	0.06297	0.23341
V645	0.48646	0.08345	0.03837	0.06432	0.05572	0.27167
V646	0.0845	0.03852	0.38316	0.0203	0.38586	0.08766
V647	0.24937	0.04672	0.04022	0.19783	0.09283	0.37302
V648	0.20157	0.28745	0.1203	0.03982	0.08077	0.27008
V649	0.20236	0.04157	0.0285	0.49544	0.13241	0.09971
V650	0.2378	0.19132	0.17935	0.02293	0.2594	0.1092
V651	0.19576	0.29523	0.07736	0.02874	0.16543	0.23748
V652	0.13183	0.02753	0.10188	0.50785	0.14405	0.08687
V653	0.17545	0.36091	0.04424	0.02625	0.13402	0.25912
V654	0.54841	0.08414	0.08618	0.02133	0.07556	0.18437
V655	0.2697	0.04299	0.0449	0.04485	0.2486	0.34896
V656	0.15271	0.09917	0.4671	0.04058	0.14012	0.10032
V657	0.35111	0.05856	0.02349	0.08301	0.2392	0.24463
V658	0.10541	0.09113	0.14326	0.47098	0.1215	0.06771
V659	0.13456	0.62017	0.03179	0.02679	0.08407	0.10261
V660	0.54964	0.0858	0.03125	0.02255	0.05133	0.25944
V661	0.20153	0.03587	0.13829	0.08023	0.15101	0.39306
V662	0.51993	0.07888	0.03784	0.08646	0.06488	0.212
V663	0.11987	0.16803	0.03995	0.05855	0.52507	0.08852
V664	0.17289	0.08667	0.53409	0.00715	0.08165	0.11756
V665	0.07437	0.03156	0.03568	0.04363	0.72464	0.09011
V666	0.33603	0.28601	0.02602	0.08336	0.09199	0.1766
V667	0.247	0.04693	0.05148	0.01202	0.05971	0.58285
V668	0.53684	0.17595	0.03656	0.02327	0.0561	0.17128
V669	0.24328	0.12463	0.01368	0.16747	0.07738	0.37356
V670	0.16231	0.31616	0.02772	0.21018	0.10018	0.18345
V671	0.31797	0.04399	0.01257	0.40697	0.1056	0.11292
V672	0.14191	0.45951	0.01047	0.21244	0.09599	0.07968
V673	0.20543	0.14671	0.16489	0	0.04733	0.43565
V674	0.53266	0.07385	0.03699	0.01944	0.16558	0.17148
V675	0.24749	0.14223	0.03647	0	0.05842	0.5154
V676	0.11754	0.02745	0.07806	0.56643	0.13859	0.07194
V677	0.22768	0.32159	0.1326	0.00204	0.06002	0.25609
V678	0.21183	0.10192	0.06548	0.01501	0.336	0.26975
V679	0.23627	0.11951	0.05608	0.00249	0.05483	0.53081
V680	0.09169	0.02923	0.31906	0.01824	0.41286	0.12893
V681	0.15865	0.53911	0.04563	0.01855	0.07248	0.16558
V682	0.16371	0.43705	0.02094	0.01896	0.13409	0.22525
V683	0.09902	0.03101	0.03934	0.027	0.64141	0.16222
V684	0.17519	0.55045	0.0224	0.06982	0.08597	0.09618
V685	0.11096	0.47243	0.20897	0.01589	0.11258	0.07918
V686	0.27249	0.05307	0.31813	0.00318	0.06588	0.28724
V687	0.16763	0.22111	0.20999	0.06115	0.06535	0.27478
V688	0.37354	0.05481	0.0345	0.01649	0.25298	0.26768
V689	0.13971	0.04878	0.50705	0.08108	0.09083	0.13254
V690	0.14222	0.04018	0.05613	0.03573	0.501	0.22474
V691	0.15566	0.38467	0.15603	0.05946	0.1021	0.14208
V692	0.4323	0.05724	0.0175	0.21147	0.1284	0.15309
V693	0.52363	0.16084	0.04145	0.02613	0.05567	0.19228
V694	0.52273	0.16031	0.03444	0.04254	0.05816	0.18182
V695	0.54208	0.07628	0.03	0.0271	0.11038	0.21417
V696	0.15474	0.40521	0.05739	0.05775	0.22734	0.09757
V697	0.12615	0.0503	0.57143	0.03767	0.09343	0.12102
V698	0.13092	0.64092	0.02776	0.02876	0.08641	0.08523
V699	0.22599	0.05659	0.41649	0.03067	0.11431	0.15595
V700	0.18296	0.04536	0.03164	0.03514	0.58677	0.11814
V701	0.56821	0.08094	0.03852	0.01342	0.05024	0.24868
V702	0.23654	0.05687	0.06577	0.08809	0.06431	0.48842
V703	0.22775	0.40807	0.03623	0.01999	0.19887	0.10909
V704	0.33277	0.26007	0.16092	0.01117	0.07154	0.16352
V705	0.11424	0.11836	0.23323	0.13113	0.30778	0.09526
V706	0.18388	0.10748	0.24859	0	0.1264	0.33366
V707	0.42899	0.08133	0.02945	0	0.05243	0.40781
V708	0.10199	0.33565	0.38435	0.02241	0.07757	0.07802
V709	0.10502	0.02736	0.00013	0.58734	0.20911	0.07105
V710	0.35559	0.09925	0.11078	0.04772	0.19727	0.18939
V711	0.12365	0.20589	0.31769	0.12702	0.08433	0.14141
V712	0.09101	0.25789	0.03938	0.03319	0.49241	0.08612
V713	0.27467	0.4118	0.04648	0.03563	0.08494	0.14648
V714	0.11016	0.40275	0.31602	0.01811	0.07839	0.07457
V715	0.09807	0.05204	0.67776	0.00854	0.0674	0.09619
V716	0.20135	0.05781	0.02059	0.19638	0.20732	0.31656
V717	0.09778	0.03983	0.05419	0.03056	0.65639	0.12125
V718	0.09503	0.35178	0.03086	0.02716	0.42075	0.07442
V719	0.13551	0.59468	0.04703	0.02586	0.09859	0.09834
V720	0.27055	0.03942	0.19009	0.20689	0.10512	0.18793
V721	0.17036	0.24358	0.17759	0	0.11805	0.29042
V722	0.07229	0.03133	0.05036	0.03757	0.72423	0.08422
V723	0.12802	0.51603	0.05691	0.02984	0.16816	0.10104
V724	0.14445	0.27422	0.29203	0.07696	0.13204	0.0803
V725	0.12471	0.07823	0.07861	0.10762	0.44627	0.16456
V726	0.09556	0.04626	0.4306	0.03145	0.26897	0.12717
V727	0.23142	0.04093	0.09362	0.07575	0.06278	0.4955
V728	0.11933	0.0354	0	0.60601	0.13335	0.10592
V729	0.23259	0.40216	0.04047	0.03914	0.16684	0.11881
V730	0.20609	0.03326	0.07937	0.2535	0.08838	0.33939
V731	0.20254	0.07842	0.34077	0.00597	0.18191	0.1904
V732	0.16055	0.35817	0.03868	0.04144	0.22987	0.17129
V733	0.23768	0.03761	0.21399	0.123	0.10676	0.28096
V734	0.23272	0.0434	0.19007	0	0.05049	0.48333
V735	0.12701	0.09947	0.01119	0.51127	0.12919	0.12187
V736	0.16916	0.41779	0.06126	0.03065	0.07857	0.24257
V737	0.06629	0.03101	0.04335	0.04435	0.73167	0.08333
V738	0.32652	0.08561	0.07281	0.241	0.09552	0.17854
V739	0.20255	0.27812	0.1453	0.03689	0.2011	0.13605
V740	0.1107	0.23584	0.30141	0.04331	0.21134	0.0974
V741	0.3534	0.16783	0.13384	0.06736	0.15103	0.12653
V742	0.30255	0.0499	0.03871	0.28217	0.17436	0.1523
V743	0.10738	0.11632	0.22035	0.23227	0.23297	0.09071
V744	0.34591	0.12805	0.03244	0.09059	0.06122	0.34179
V745	0.12957	0.43692	0.02758	0.04953	0.27322	0.08319
V746	0.55835	0.09295	0.03657	0.0313	0.06434	0.21648
V747	0.22343	0.04732	0.11945	0.04669	0.43949	0.12362
V748	0.2021	0.07754	0.18677	0.01084	0.12836	0.3944
V749	0.38329	0.06308	0.02808	0.09905	0.12911	0.29738
V750	0.11072	0.09968	0	0.58271	0.13952	0.06738
V751	0.11272	0.03566	0.02632	0.59173	0.16249	0.07109
V752	0.23029	0.04793	0.05467	0.07406	0.46835	0.1247
V753	0.20621	0.03617	0.05063	0.06319	0.28154	0.36225
V754	0.15819	0.36353	0.10524	0.04857	0.10397	0.2205
V755	0.31544	0.08044	0.04009	0.03432	0.33378	0.19593
V756	0.24806	0.0552	0.03302	0	0.07509	0.58863
V757	0.18883	0.36481	0.02642	0.01782	0.10223	0.29989
V758	0.28014	0.481	0.02656	0.02538	0.07088	0.11604
V759	0.18343	0.0501	0.06457	0.11397	0.42303	0.1649
V760	0.25702	0.05039	0.03424	0	0.0456	0.61275
V761	0.0696	0.03728	0.326	0.03658	0.45099	0.07956
V762	0.13113	0.0344	0.57989	0.02986	0.08474	0.13998
V763	0.11903	0.15566	0.01941	0.46953	0.14597	0.0904
V764	0.232	0.04414	0.08803	0.13736	0.23528	0.26319
V765	0.26095	0.05788	0.02751	0	0.04455	0.6091
V766	0.30121	0.30566	0.03577	0.02561	0.1613	0.17045
V767	0.23511	0.0474	0.22732	0.05974	0.07784	0.35259
V768	0.13511	0.51933	0.13758	0.02565	0.08033	0.10199
V769	0.07729	0.03257	0.66069	0.06642	0.0832	0.07982
