CD14.pos.CD16.neg.classical.monocyte	mature.neutrophil	memory.B.cell	cytotoxic.CD56.dim.NK.cell	memory.CD4.pos.AB.T.cell	macrophage
V1	0.1275	0.01002	0.68486	0.03191	0.0838	0.0619
V2	0.42528	0.09659	0.0683	0.11044	0.19487	0.10452
V3	0.26017	0.03429	0.22244	0.02638	0.10094	0.35578
V4	0.22063	0.33232	0.05337	0.09969	0.18952	0.10446
V5	0.07656	0.04179	0	0.48671	0.36417	0.03077
V6	0.25285	0.00546	0.18303	0.05698	0.22324	0.27844
V7	0.09525	0.29754	0.02798	0.05253	0.48192	0.04477
V8	0.50568	0.04075	0.08163	0.11863	0.1112	0.14212
V9	0.27122	0.12222	0.04656	0.2258	0.14652	0.18769
V10	0.35385	0.03038	0.08486	0.28329	0.1476	0.10002
V11	0.13333	0.57874	0.05938	0.05558	0.12713	0.04585
V12	0.28114	0.00748	0.11772	0.03306	0.10379	0.45681
V13	0.12325	0.39601	0.26799	0.05316	0.11059	0.049
V14	0.11773	0.02057	0.01	0.64942	0.16139	0.04089
V15	0.37	0.06249	0.05369	0.12332	0.2735	0.117
V16	0.11712	0.00998	0.02103	0.33126	0.40972	0.11089
V17	0.26473	0.0158	0.18417	0.02576	0.09448	0.41506
V18	0.51886	0.11527	0.08838	0.05051	0.10104	0.12594
V19	0.43024	0.04606	0.20119	0.03835	0.17141	0.11275
V20	0.45438	0.052	0.13026	0.11741	0.10987	0.13608
V21	0.28396	0.01685	0.08782	0.03363	0.13518	0.44256
V22	0.1803	0.04761	0.03606	0.08415	0.57561	0.07627
V23	0.09476	0.0126	0.28448	0.04007	0.52348	0.04461
V24	0.15916	0.01642	0.02427	0.12012	0.60361	0.07642
V25	0.35046	0.21609	0.05493	0.13645	0.14738	0.09469
V26	0.23545	0.02237	0.04381	0.0357	0.59417	0.06849
V27	0.24673	0	0.20448	0.03183	0.10198	0.41498
V28	0.16047	0.19196	0.15831	0.20418	0.1432	0.14188
V29	0.13619	0.44016	0.11872	0.09233	0.10958	0.10303
V30	0.23081	0.15379	0.13354	0.03321	0.28089	0.16776
V31	0.47403	0.02267	0.20952	0.052	0.0944	0.14737
V32	0.0831	0.0151	0.27999	0.43489	0.12635	0.06057
V33	0.22627	0.30846	0.22382	0.05239	0.10143	0.08763
V34	0.05473	0.00211	0.41833	0.04735	0.42916	0.04833
V35	0.0819	0.04656	0.15156	0.4293	0.23688	0.0538
V36	0.13333	0.36603	0.12763	0.04657	0.27036	0.05608
V37	0.10964	0.0037	0.63875	0.03592	0.08416	0.12783
V38	0.26095	0	0.17955	0.02468	0.09317	0.44165
V39	0.42447	0.03617	0.06211	0.2397	0.12208	0.11547
V40	0.13004	0.36944	0.04513	0.15117	0.21586	0.08836
V41	0.50462	0.02199	0.1004	0.03783	0.10427	0.2309
V42	0.23672	0.01347	0.46193	0.03143	0.12576	0.13069
V43	0.20331	0.30169	0.04955	0.05954	0.2945	0.09141
V44	0.13953	0.58631	0.05587	0.0507	0.11424	0.05336
V45	0.33595	0.23946	0.09845	0.05252	0.11742	0.15619
V46	0.14051	0.0057	0.04068	0.2346	0.39742	0.18107
V47	0.12362	0.31088	0.0356	0.14492	0.31103	0.07395
V48	0.10682	0.45236	0.1836	0.04242	0.17449	0.04031
V49	0.13025	0.55452	0.05127	0.04867	0.17038	0.04491
V50	0.06964	0.00234	0.23258	0.03874	0.58004	0.07666
V51	0.0485	0.00843	0.01613	0.04314	0.84435	0.03943
V52	0.11117	0.40684	0.2317	0.06676	0.13413	0.0494
V53	0.14767	0.01024	0.09609	0.0559	0.63811	0.052
V54	0.11683	0.09283	0.46937	0.06779	0.16295	0.09023
V55	0.05294	0.03596	0.10681	0.05551	0.70989	0.03888
V56	0.06067	0.0303	0.61795	0.12277	0.12628	0.04203
V57	0.20806	0.25911	0.08669	0.03419	0.21123	0.20071
V58	0.07555	0.00642	0.71223	0.04583	0.08517	0.07479
V59	0.10322	0.0136	0	0.66371	0.18476	0.03471
V60	0.37242	0.01748	0.0483	0.34063	0.13023	0.09094
V61	0.29861	0.09341	0.06325	0.15384	0.16182	0.22908
V62	0.38544	0.03054	0.11663	0.12264	0.18169	0.16307
V63	0.17348	0.36219	0.06231	0.09585	0.1226	0.18357
V64	0.05678	0.08693	0.01763	0.03619	0.76478	0.03768
V65	0.40546	0.10302	0.09438	0.0505	0.13661	0.21002
V66	0.3533	0.03223	0.14605	0.05071	0.32317	0.09454
V67	0.13766	0.11091	0.26879	0.21467	0.11591	0.15206
V68	0.56882	0.03219	0.09185	0.07132	0.09952	0.13629
V69	0.44247	0.02854	0.08485	0.03468	0.12034	0.28912
V70	0.09413	0.01033	0.17948	0.47994	0.19582	0.0403
V71	0.12357	0.19092	0.05624	0.11061	0.39665	0.12201
V72	0.41878	0.09981	0.12443	0.05207	0.15112	0.15378
V73	0.10838	0.00514	0.07444	0.59394	0.17706	0.04105
V74	0.08626	0.11767	0.00943	0.5932	0.16424	0.02919
V75	0.12066	0.58321	0.04519	0.06727	0.14078	0.04288
V76	0.06673	0.00059	0.58603	0.05491	0.24245	0.04928
V77	0.14755	0.10692	0.09593	0.43123	0.13848	0.07989
V78	0.38256	0.09563	0.10355	0.129	0.12022	0.16904
V79	0.19261	0.37827	0.07171	0.03738	0.10381	0.21622
V80	0.18337	0.39676	0.06237	0.04459	0.11877	0.19414
V81	0.48444	0.0916	0.13202	0.04808	0.1131	0.13076
V82	0.11861	0.52451	0.04609	0.07693	0.18652	0.04734
V83	0.16959	0.11494	0.0402	0.32901	0.25348	0.09277
V84	0.28229	0.01897	0.10168	0.35207	0.15178	0.09321
V85	0.54669	0.03041	0.14542	0.04862	0.09649	0.13236
V86	0.25513	0.02505	0.14225	0.25309	0.12874	0.19573
V87	0.08418	0.0189	0.0127	0.68012	0.16537	0.03873
V88	0.16898	0.02021	0.03097	0.41016	0.18375	0.18593
V89	0.16345	0.11999	0.38522	0.03515	0.09055	0.20564
V90	0.13536	0.45771	0.13611	0.04932	0.16152	0.05997
V91	0.07927	0.01452	0.04969	0.11341	0.69258	0.05053
V92	0.05887	0.05801	0.02356	0.04168	0.77118	0.0467
V93	0.23471	0.04661	0.05685	0.10252	0.32283	0.23647
V94	0.07239	0.00929	0.21028	0.5347	0.14027	0.03307
V95	0.05248	0.01085	0.25852	0.12149	0.52038	0.03628
V96	0.13794	0.26554	0.04997	0.06952	0.35135	0.12568
V97	0.04912	0.01511	0.02031	0.08529	0.79575	0.03443
V98	0.09661	0.06263	0.00383	0.5718	0.22897	0.03617
V99	0.08015	0.01948	0	0.69717	0.17313	0.03008
V100	0.07495	0.0067	0.38369	0.23593	0.2349	0.06383
V101	0.09032	0.26605	0.36865	0.11286	0.11099	0.05112
V102	0.53226	0.0368	0.15732	0.04835	0.09594	0.12934
V103	0.4467	0.03763	0.07626	0.16029	0.15378	0.12535
V104	0.09245	0.00267	0.17732	0.52906	0.15464	0.04386
V105	0.27367	0	0.14037	0.02501	0.09461	0.46634
V106	0.1411	0	0.51861	0.02527	0.09265	0.22237
V107	0.14187	0.44785	0.21473	0.04288	0.10499	0.04768
V108	0.22333	0.01687	0.09192	0.03268	0.2773	0.3579
V109	0.23715	7e-04	0.07776	0.02523	0.2611	0.39806
V110	0.10213	0.12377	0.57857	0.03192	0.09547	0.06814
V111	0.059	0.01463	0.72569	0.0477	0.10269	0.05028
V112	0.11025	0.23348	0.0102	0.45134	0.15707	0.03765
V113	0.07689	0.07063	0.52207	0.06207	0.2177	0.05064
V114	0.1544	0.00252	0.54098	0.14639	0.09418	0.06152
V115	0.35806	0.05485	0.08095	0.05483	0.21428	0.23704
V116	0.55959	0.03117	0.08953	0.08494	0.10084	0.13393
V117	0.37852	0.02686	0.05289	0.10938	0.33478	0.09758
V118	0.11819	0.46701	0.11989	0.06838	0.17096	0.05558
V119	0.12833	0.55588	0.05683	0.07734	0.12125	0.06038
V120	0.13837	0.15075	0.09741	0.34316	0.20882	0.0615
V121	0.31366	0.00969	0.06263	0.23537	0.11359	0.26505
V122	0.24907	0.0268	0.02593	0.46161	0.17294	0.06365
V123	0.33036	0.01053	0.06939	0.06658	0.2238	0.29934
V124	0.05566	0.0046	0.2488	0.04066	0.60791	0.04237
V125	0.09521	0.11413	0.53223	0.08229	0.09394	0.0822
V126	0.23095	0.18334	0.10892	0.03683	0.10656	0.33341
V127	0.08839	0	0.65057	0.10799	0.09979	0.05326
V128	0.27009	0.19466	0.12466	0.1571	0.17012	0.08338
V129	0.06347	0.01424	0.67805	0.09263	0.09837	0.05325
V130	0.36908	0.10637	0.05644	0.22317	0.14538	0.09955
V131	0.09822	0.00412	0.04546	0.04537	0.69424	0.1126
V132	0.10163	0.3376	0.3328	0.03809	0.14331	0.04658
V133	0.1076	0.14646	0.45553	0.09922	0.14284	0.04835
V134	0.19744	0.43914	0.05512	0.05069	0.18305	0.07457
V135	0.11868	0.00577	0.59918	0.02975	0.13206	0.11456
V136	0.15511	0.48667	0.10034	0.05793	0.14345	0.05649
V137	0.08723	0.12452	0.44818	0.04807	0.24966	0.04235
V138	0.19296	0	0.04937	0.32336	0.19874	0.23558
V139	0.13549	0.0356	0.15351	0.0356	0.4461	0.1937
V140	0.40343	0.1783	0.09763	0.09627	0.11268	0.11169
V141	0.22315	0.1983	0.12907	0.2273	0.14589	0.07629
V142	0.17709	0.48046	0.06003	0.0884	0.11272	0.0813
V143	0.10994	0.04795	0.50528	0.09229	0.17984	0.0647
V144	0.2393	0.11967	0.07612	0.12114	0.11281	0.33097
V145	0.08605	0.00455	0.00544	0.7008	0.15989	0.04328
V146	0.13585	0.01453	0.08407	0.03974	0.63904	0.08678
V147	0.3771	0.0621	0.15631	0.06931	0.09806	0.23712
V148	0.07981	0.13768	0.6099	0.03274	0.08801	0.05185
V149	0.19855	0.33925	0.05953	0.05534	0.10484	0.2425
V150	0.08247	0.00589	0	0.69471	0.18612	0.0308
V151	0.21565	0.27952	0.06412	0.04056	0.12385	0.2763
V152	0.11865	0.1755	0.35507	0.06189	0.21145	0.07745
V153	0.06639	0.03026	0.50316	0.22873	0.12808	0.04338
V154	0.36047	0.16156	0.08215	0.03517	0.09978	0.26087
V155	0.11318	0.26245	0.0978	0.03626	0.42228	0.06802
V156	0.0872	0.34564	0.03504	0.04043	0.45564	0.03605
V157	0.19802	0.07547	0.08073	0.23058	0.13015	0.28504
V158	0.07562	0.04706	0.70575	0.03222	0.08327	0.05609
V159	0.16488	0.17708	0.27861	0.16471	0.14389	0.07084
V160	0.08115	0	0.70913	0.03789	0.08257	0.08927
V161	0.10312	0.35237	0.01961	0.27673	0.21304	0.03513
V162	0.11392	0.38026	0.02963	0.13185	0.2917	0.05264
V163	0.06999	5e-04	0.75421	0.03224	0.08459	0.05848
V164	0.09154	0.25888	0.30282	0.1205	0.18004	0.04623
V165	0.09013	0.0195	0.05018	0.04636	0.69947	0.09436
V166	0.14543	0.00566	0.03302	0.13858	0.47678	0.20053
V167	0.07484	0.00088	0.33098	0.40661	0.14619	0.0405
V168	0.45347	0.03111	0.06656	0.21848	0.11266	0.11772
V169	0.08013	0.00638	0.55903	0.19168	0.10687	0.05591
V170	0.32503	0.03654	0.11788	0.25563	0.17503	0.08989
V171	0.22025	0.32177	0.07438	0.03609	0.1167	0.23082
V172	0.13138	0.05299	0.43768	0.16595	0.10769	0.10431
V173	0.09506	0.01199	0.6444	0.02874	0.09971	0.1201
V174	0.41695	0.09748	0.06975	0.04708	0.26511	0.10364
V175	0.14093	0.46144	0.13561	0.05673	0.1557	0.0496
V176	0.05689	0	0.74974	0.0402	0.10151	0.05167
V177	0.18003	0.06047	0.28631	0.05077	0.24416	0.17826
V178	0.06673	0.03678	0.04526	0.03421	0.76796	0.04906
V179	0.11478	0.00026	0.0426	0.49168	0.22875	0.12194
V180	0.24179	0.01242	0.17591	0.32374	0.11644	0.12969
V181	0.37494	0.09655	0.11151	0.08582	0.16233	0.16885
V182	0.0786	0.06919	0.61631	0.08428	0.09024	0.06138
V183	0.08988	0.00592	0	0.71293	0.15943	0.03184
V184	0.29349	0.29264	0.06095	0.062	0.20697	0.08394
V185	0.17305	0.36564	0.06663	0.04496	0.21871	0.13101
V186	0.06316	0	0.48989	0.29009	0.11779	0.03908
V187	0.24469	0.35217	0.04941	0.0561	0.22802	0.06962
V188	0.1978	0.40417	0.06202	0.05912	0.10698	0.16992
V189	0.09176	0.05402	0.16207	0.05222	0.53248	0.10745
V190	0.10845	0.13436	0.03485	0.04679	0.55262	0.12291
V191	0.18064	0.40193	0.05641	0.04471	0.11935	0.19695
V192	0.36927	0.17752	0.12934	0.06061	0.15303	0.11022
V193	0.267	0.08095	0.0867	0.03437	0.10673	0.42425
V194	0.06406	0.02124	0.03414	0.12051	0.71275	0.04729
V195	0.0638	0	0.58241	0.10759	0.19843	0.04778
V196	0.08	0.00494	0.01238	0.6736	0.19442	0.03465
V197	0.17874	0.01179	0.05077	0.04177	0.65107	0.06586
V198	0.14875	0.2882	0.06229	0.14637	0.29703	0.05735
V199	0.08488	0.17225	0.10066	0.11255	0.4864	0.04326
V200	0.12071	0.00522	0.45961	0.20551	0.10946	0.0995
V201	0.09196	0.00494	0	0.699	0.15602	0.04809
V202	0.1474	0.04383	0.3605	0.05765	0.22024	0.17039
V203	0.39479	0.04134	0.05524	0.2892	0.11982	0.09962
V204	0.25518	0.03148	0.09804	0.15119	0.11392	0.3502
V205	0.06482	0.0149	0.73418	0.04727	0.08707	0.05176
V206	0.08235	0.04041	0.08552	0.58318	0.17715	0.03139
V207	0.30101	0.1427	0.07923	0.21387	0.13721	0.12598
V208	0.29019	0.07312	0.3402	0.07172	0.14061	0.08416
V209	0.26261	0.33832	0.05843	0.06601	0.11358	0.16105
V210	0.12775	0.01803	0.67668	0.03224	0.08351	0.0618
V211	0.37379	0.0379	0.14194	0.04159	0.22848	0.17631
V212	0.09447	0.19962	0.17151	0.31246	0.17588	0.04606
V213	0.084	0.05781	0.22873	0.05505	0.52963	0.04479
V214	0.51578	0.04357	0.09684	0.08389	0.13073	0.12918
V215	0.17665	0.43459	0.05357	0.06566	0.10852	0.16101
V216	0.16198	0.35741	0.26123	0.04629	0.11669	0.0564
V217	0.24029	0.00029	0.08641	0.09493	0.33201	0.24607
V218	0.12261	0.23502	0.0186	0.42561	0.16168	0.03648
V219	0.52967	0.02644	0.10099	0.03991	0.10456	0.19843
V220	0.13977	0.01375	0.01373	0.63197	0.15199	0.04879
V221	0.15704	0.49955	0.06771	0.10192	0.12152	0.05226
V222	0.12389	0.20782	0.05647	0.14718	0.40431	0.06033
V223	0.16928	0.21912	0.24629	0.0375	0.11916	0.20865
V224	0.05452	0.00362	0.34	0.03311	0.52966	0.03909
V225	0.31293	0.00301	0.09974	0.03373	0.09718	0.45341
V226	0.23007	0.04561	0.1895	0.24077	0.2057	0.08836
V227	0.42965	0.01825	0.06776	0.20325	0.1186	0.1625
V228	0.15692	0.17715	0.38057	0.07687	0.12726	0.08122
V229	0.16967	0.01175	0.30456	0.2208	0.21785	0.07537
V230	0.10026	0.12363	0.58502	0.03937	0.08811	0.0636
V231	0.11022	0.02067	0.00223	0.65437	0.17692	0.0356
V232	0.33447	0.01395	0.05453	0.24361	0.12336	0.23007
V233	0.52263	0.0351	0.09842	0.09066	0.11567	0.13752
V234	0.32635	0.01826	0.04784	0.05056	0.46311	0.09387
V235	0.12848	0.00609	0.01909	0.63249	0.16654	0.0473
V236	0.12216	0	0.17822	0.04372	0.51088	0.14502
V237	0.06528	0	0.66047	0.11578	0.10892	0.04955
V238	0.43166	0.01464	0.10754	0.10011	0.13058	0.21547
V239	0.36338	0.03865	0.13762	0.13828	0.20486	0.1172
V240	0.07341	0.18372	0.01656	0.12581	0.56404	0.03646
V241	0.37777	0.13463	0.06142	0.1719	0.14968	0.1046
V242	0.28455	0.0399	0.08923	0.16206	0.17836	0.2459
V243	0.09749	0.28624	0.3695	0.07182	0.12988	0.04508
V244	0.17797	0.01752	0.04712	0.03015	0.54395	0.18329
V245	0.49945	0.02055	0.09348	0.03751	0.11154	0.23746
V246	0.07433	0.04015	0.18515	0.31218	0.34584	0.04235
V247	0.29709	0.06008	0.0677	0.16747	0.12604	0.28162
V248	0.21524	0.03288	0.02844	0.20029	0.43795	0.08522
V249	0.22297	0.12652	0.32602	0.09758	0.09752	0.12939
V250	0.08767	0.01946	0	0.69893	0.15894	0.035
V251	0.11549	0.40355	0.13889	0.17202	0.12358	0.04647
V252	0.08136	0.01175	0.02768	0.64794	0.1921	0.03916
V253	0.16318	0.04111	0.03578	0.32198	0.23112	0.20683
V254	0.10935	0.19351	0.0814	0.17584	0.37013	0.06977
V255	0.28883	0.22564	0.108	0.08584	0.15653	0.13516
V256	0.12629	0.58298	0.0478	0.05518	0.13379	0.05396
V257	0.11852	0.29888	0.0582	0.0579	0.39153	0.07497
V258	0.10202	0.1761	0.11726	0.42512	0.1334	0.0461
V259	0.10602	0.40114	0.28076	0.05253	0.10372	0.05583
V260	0.14099	0.03594	0.0431	0.0465	0.62171	0.11176
V261	0.36012	0.02914	0.08821	0.06353	0.27809	0.1809
V262	0.10677	0.00959	0.64882	0.0396	0.1422	0.05302
V263	0.0836	0.04585	0.50887	0.19845	0.10914	0.05408
V264	0.4107	0.03047	0.14773	0.06357	0.1513	0.19623
V265	0.07087	0.00837	0.01768	0.05595	0.80447	0.04264
V266	0.30619	0.0251	0.09719	0.03445	0.10456	0.43251
V267	0.1941	0.47752	0.04698	0.10278	0.12152	0.0571
V268	0.56786	0.03087	0.08903	0.04929	0.09891	0.16404
V269	0.09451	0.04056	0.09511	0.56572	0.1664	0.0377
V270	0.24341	0.35229	0.06945	0.05576	0.2061	0.07299
V271	0.20368	0.09204	0.24781	0.04086	0.10952	0.30608
V272	0.0775	0.00569	0.01742	0.0973	0.7227	0.07941
V273	0.09331	0.00619	0.06062	0.0981	0.67199	0.06978
V274	0.23794	0	0.19264	0.06865	0.10519	0.39558
V275	0.45006	0.15827	0.0816	0.05525	0.10892	0.1459
V276	0.21408	0.1886	0.11551	0.09423	0.1407	0.24688
V277	0.37355	0.0237	0.07982	0.0393	0.21352	0.2701
V278	0.1514	0.09599	0.09746	0.21421	0.37733	0.06361
V279	0.24955	0.03408	0.21508	0.07101	0.11133	0.31896
V280	0.14636	0.00665	0.00793	0.62678	0.15793	0.05435
V281	0.12695	0.56983	0.06887	0.0728	0.11473	0.04682
V282	0.06684	0.03709	0.02108	0.08521	0.746	0.04379
V283	0.08832	0.32102	0.0286	0.04637	0.47238	0.04332
V284	0.11924	0.07482	0.25929	0.28512	0.15205	0.10948
V285	0.0861	0.01974	0	0.69529	0.16414	0.03473
V286	0.43284	0.04416	0.12188	0.18253	0.10884	0.10975
V287	0.07172	0.01301	0.04382	0.09836	0.70757	0.06552
V288	0.21497	0.20085	0.07266	0.03818	0.20461	0.26872
V289	0.06937	0.06881	0.58039	0.11498	0.1168	0.04965
V290	0.07898	0.00181	0.17516	0.54932	0.14904	0.04569
V291	0.09929	0.02701	0	0.67043	0.16232	0.04096
V292	0.16204	0.07373	0.0233	0.45704	0.23426	0.04963
V293	0.05516	0.04389	0.04355	0.04169	0.77316	0.04255
V294	0.36083	0.03865	0.05834	0.04988	0.33756	0.15474
V295	0.31528	0	0.10083	0.02665	0.10386	0.45338
V296	0.12488	0.27283	0.09278	0.23607	0.17162	0.10182
V297	0.27858	0.04356	0.08338	0.03382	0.1063	0.45437
V298	0.1189	0.52407	0.15233	0.05257	0.10959	0.04255
V299	0.15448	0.06729	0.58099	0.04036	0.09404	0.06283
V300	0.47127	0.10169	0.10651	0.04658	0.0986	0.17536
V301	0.33874	0.30073	0.10111	0.0568	0.11306	0.08957
V302	0.09936	0.20955	0.06274	0.4039	0.17984	0.0446
V303	0.11508	0.48173	0.08759	0.0564	0.21142	0.04778
V304	0.06467	0.00839	0.03825	0.03515	0.81146	0.04208
V305	0.13267	0.00458	0.15708	0.35057	0.20013	0.15498
V306	0.36742	0.07951	0.0804	0.03933	0.09917	0.33417
V307	0.16606	0.01585	0.03748	0.0472	0.63759	0.09583
V308	0.07876	0.01278	0	0.71299	0.16555	0.02992
V309	0.10882	0.38251	0.02708	0.30813	0.13104	0.04241
V310	0.1656	0.27532	0.24126	0.04023	0.11342	0.16418
V311	0.41456	0.00945	0.09196	0.03901	0.09749	0.34753
V312	0.14498	0.01559	0.0139	0.30289	0.4597	0.06293
V313	0.33912	0.00658	0.08198	0.06468	0.0998	0.40784
V314	0.22354	0.01798	0.02	0.53256	0.1481	0.05782
V315	0.18606	0.47805	0.05659	0.04589	0.15642	0.07699
V316	0.30592	0.00448	0.08957	0.08523	0.11634	0.39847
V317	0.13881	0.00128	0.01593	0.54015	0.17899	0.12483
V318	0.08558	0.01163	0.02002	0.68215	0.15728	0.04334
V319	0.27607	0.14566	0.22826	0.1442	0.11076	0.09504
V320	0.22285	0.14884	0.28532	0.12048	0.10791	0.1146
V321	0.11392	0.4496	0.02697	0.23963	0.13296	0.03692
V322	0.0986	0.00314	0.09663	0.045	0.64212	0.1145
V323	0.10119	0.21674	0.01322	0.31168	0.31953	0.03763
V324	0.14335	0.03107	0.06041	0.19167	0.425	0.1485
V325	0.15621	0.55995	0.06823	0.04953	0.11275	0.05333
V326	0.19079	0.50525	0.06417	0.04795	0.1307	0.06113
V327	0.11507	0.00153	0.70644	0.03201	0.08437	0.06059
V328	0.17445	0.1561	0.16865	0.14303	0.29826	0.05952
V329	0.06326	0.00158	0.46145	0.03205	0.38657	0.05508
V330	0.06484	0	0.73738	0.0398	0.10106	0.05693
V331	0.44733	0.07135	0.11201	0.10244	0.10929	0.15758
V332	0.15532	0.05015	0.15705	0.03558	0.398	0.2039
V333	0.08148	0.0147	0.36461	0.29645	0.18358	0.05918
V334	0.09073	0.30443	0.32784	0.12652	0.10771	0.04278
V335	0.1509	0.01506	0.60119	0.03729	0.08426	0.1113
V336	0.26951	0.41394	0.07747	0.04605	0.11401	0.07903
V337	0.10541	0.14608	0.07022	0.04244	0.59448	0.04136
V338	0.46251	0.02438	0.10447	0.04585	0.22755	0.13524
V339	0.1472	0.06895	0.31971	0.22561	0.12976	0.10877
V340	0.40591	0.20409	0.06768	0.07625	0.12614	0.11994
V341	0.22315	0.03976	0.05173	0.44834	0.17033	0.06668
V342	0.13784	0.00786	0.02504	0.51105	0.18464	0.13356
V343	0.2477	0.11596	0.15753	0.05018	0.11274	0.31589
V344	0.12901	0.43279	0.04107	0.06005	0.23979	0.09729
V345	0.05163	0.00876	0.02284	0.04338	0.83727	0.03612
V346	0.16108	0.01535	0.02773	0.34785	0.37858	0.06939
V347	0.33003	0.11241	0.06975	0.10175	0.2943	0.09175
V348	0.13772	0.10371	0.51361	0.04739	0.13656	0.061
V349	0.46291	0.07623	0.10185	0.11126	0.13371	0.11404
V350	0.32331	0.03985	0.14934	0.21005	0.1098	0.16765
V351	0.29887	0.05009	0.1107	0.04948	0.11331	0.37756
V352	0.15563	0.2363	0.05254	0.03249	0.33247	0.19058
V353	0.07768	0.13794	0.61612	0.0329	0.0879	0.04745
V354	0.186	0.03792	0.21988	0.02899	0.33962	0.18759
V355	0.06282	0.02295	0.73946	0.03972	0.08763	0.04742
V356	0.35653	0.10389	0.07776	0.20854	0.13671	0.11658
V357	0.2394	0.01599	0.34661	0.04782	0.26648	0.0837
V358	0.26465	0	0.12812	0.0534	0.10519	0.44865
V359	0.16497	0.07241	0.01711	0.48453	0.19893	0.06205
V360	0.3439	0.01567	0.05233	0.1889	0.28712	0.11209
V361	0.12464	0.597	0.04752	0.06194	0.12201	0.04688
V362	0.11354	0.38422	0.04755	0.28257	0.13542	0.03669
V363	0.46803	0.06912	0.11431	0.04014	0.17261	0.13579
V364	0.22328	0.13566	0.07555	0.05755	0.19233	0.31562
V365	0.30203	0.29261	0.05802	0.14844	0.11441	0.08448
V366	0.1321	0.19055	0.37451	0.08469	0.15929	0.05886
V367	0.08943	0.00459	0.01426	0.47198	0.3654	0.05433
V368	0.20408	0.09915	0.12019	0.05622	0.21533	0.30503
V369	0.08512	0.02764	0.01889	0.08322	0.70557	0.07956
V370	0.09622	0.06024	0.50922	0.14406	0.11291	0.07736
V371	0.14415	0.18751	0.02707	0.39089	0.13359	0.11678
V372	0.13179	0.46411	0.041	0.06194	0.22551	0.07564
V373	0.52615	0.0331	0.08858	0.03992	0.09822	0.21403
V374	0.18502	0.014	0.20331	0.39885	0.14564	0.05318
V375	0.29662	0.02012	0.19841	0.07832	0.3099	0.09662
V376	0.23021	0.03049	0.08374	0.12115	0.16647	0.36795
V377	0.09077	0.01122	0.3399	0.03183	0.46899	0.0573
V378	0.24279	0.04809	0.21249	0.02632	0.12394	0.34637
V379	0.37948	0.01425	0.17899	0.03087	0.09401	0.3024
V380	0.05458	0.03664	0.04266	0.0489	0.77461	0.04261
V381	0.26799	0.03351	0.26786	0.2432	0.11534	0.0721
V382	0.06335	0.02872	0.01615	0.1915	0.6626	0.03767
V383	0.18985	0.03622	0.32648	0.25854	0.12361	0.06531
V384	0.08717	0.01629	0.66869	0.047	0.12697	0.05388
V385	0.29743	0.00115	0.10732	0.02619	0.09644	0.47147
V386	0.40049	0.04283	0.25769	0.04422	0.13919	0.11557
V387	0.21325	0.01689	0.05418	0.52017	0.13906	0.05646
V388	0.49161	0.05687	0.18758	0.04038	0.10199	0.12157
V389	0.34546	0.06112	0.08804	0.03069	0.10487	0.36982
V390	0.12309	0.03127	0.01134	0.56556	0.17385	0.09489
V391	0.09972	0.01186	0.01645	0.46587	0.34205	0.06405
V392	0.15115	0.02507	0.39424	0.11693	0.09617	0.21644
V393	0.13293	0.11265	0.32097	0.08106	0.20662	0.14576
V394	0.08424	0.00486	0.02055	0.65496	0.19974	0.03566
V395	0.06054	0.0459	0.72264	0.03961	0.08598	0.04532
V396	0.35008	0.06144	0.04822	0.2953	0.1585	0.08646
V397	0.24531	0.12714	0.09827	0.03591	0.1359	0.35747
V398	0.1281	0.45946	0.05096	0.06255	0.24617	0.05276
V399	0.07019	0	0.69223	0.06973	0.10315	0.06471
V400	0.2025	0.01596	0.04109	0.32845	0.13115	0.28086
V401	0.15359	0.01746	0.52688	0.0385	0.17527	0.08831
V402	0.12154	0.01316	0.00411	0.65708	0.15438	0.04973
V403	0.18949	0	0.06109	0.05506	0.39135	0.303
V404	0.06069	0.00764	0.76399	0.03295	0.08618	0.04854
V405	0.27205	0.26152	0.11505	0.08099	0.19432	0.07608
V406	0.20027	0.04407	0.18414	0.10235	0.24251	0.22666
V407	0.1254	0.01142	0.59555	0.02795	0.09255	0.14712
V408	0.11723	0.08206	0.03209	0.54168	0.14235	0.0846
V409	0.56325	0.0539	0.08828	0.04358	0.09918	0.15182
V410	0.57372	0.03968	0.0882	0.04357	0.1131	0.14173
V411	0.23183	0	0.06491	0.22333	0.11329	0.36665
V412	0.37997	0.15096	0.10726	0.07469	0.19214	0.09498
V413	0.09028	0.09008	0.02328	0.59234	0.16987	0.03416
V414	0.1363	0.05804	0.01923	0.47203	0.26524	0.04916
V415	0.10431	0.00661	0.26989	0.32519	0.20354	0.09046
V416	0.10494	0.11242	0.02487	0.22515	0.43836	0.09426
V417	0.27357	0	0.12606	0.12112	0.10242	0.37682
V418	0.07482	0.06169	0.33267	0.13605	0.33197	0.06279
V419	0.28665	0.01372	0.08683	0.0263	0.10513	0.48137
V420	0.29079	0	0.08733	0.03279	0.10476	0.48434
V421	0.08432	0.04367	0.06571	0.09126	0.66034	0.05469
V422	0.18964	0.22462	0.03728	0.04499	0.44406	0.05942
V423	0.1142	0.12592	0.00095	0.56688	0.15398	0.03806
V424	0.49865	0.09283	0.08954	0.09095	0.10311	0.12492
V425	0.05949	0.08683	0.03111	0.03542	0.74507	0.04209
V426	0.23867	0.02302	0.20844	0.03241	0.10195	0.39551
V427	0.34381	0.10353	0.15937	0.13744	0.12743	0.12842
V428	0.23976	0.01854	0.01577	0.52382	0.14072	0.06139
V429	0.0757	0.01828	0.08319	0.46728	0.31147	0.0441
V430	0.10271	0.06085	0.45295	0.1897	0.11699	0.07679
V431	0.05622	0.00696	0.74663	0.0551	0.08844	0.04666
V432	0.10075	0.31993	0.03436	0.35862	0.14905	0.03729
V433	0.08426	0.00519	0.02575	0.69503	0.15831	0.03146
V434	0.09075	0.21728	0.138	0.38583	0.13248	0.03566
V435	0.10307	0.00254	0.03591	0.03053	0.68429	0.14368
V436	0.52465	0.10159	0.08827	0.05746	0.10127	0.12676
V437	0.20559	0.20602	0.25413	0.04918	0.18762	0.09746
V438	0.10569	0.28583	0.03352	0.08539	0.4434	0.04618
V439	0.0548	0.01421	0.10084	0.03461	0.75507	0.04048
V440	0.16145	0.04009	0.34703	0.07527	0.26148	0.11468
V441	0.13561	0.04988	0.38465	0.14896	0.1141	0.16681
V442	0.32684	0.10159	0.18449	0.08548	0.14498	0.15662
V443	0.08991	0.00353	0.04367	0.6318	0.18205	0.04904
V444	0.46778	0.04543	0.10029	0.06038	0.17438	0.15174
V445	0.57732	0.04004	0.10205	0.04379	0.09808	0.13872
V446	0.1148	0.39405	0.24153	0.05898	0.12582	0.06481
V447	0.21398	0.16579	0.04754	0.17874	0.15755	0.2364
V448	0.07198	0.01606	0.68823	0.03315	0.14252	0.04807
V449	0.39477	0.04014	0.06645	0.25369	0.11628	0.12866
V450	0.11393	0.0103	0.55649	0.03221	0.23077	0.05631
V451	0.12459	0.03703	0.14	0.1505	0.49859	0.0493
V452	0.17873	0.01101	0.05834	0.36064	0.17132	0.21995
V453	0.26472	0.00949	0.42233	0.12367	0.10286	0.07692
V454	0.19224	0.05229	0.09862	0.45665	0.13973	0.06047
V455	0.15674	0.53545	0.07185	0.06611	0.11297	0.05688
V456	0.52322	0.02692	0.10903	0.0475	0.13403	0.15931
V457	0.24304	0.00236	0.07456	0.03306	0.27727	0.36971
V458	0.10429	0.00091	0.34805	0.03741	0.40613	0.10321
V459	0.07644	0.01465	0.46825	0.2893	0.11161	0.03977
V460	0.29493	0.05442	0.2305	0.13623	0.13164	0.15227
V461	0.2403	0.0399	0.03787	0.36273	0.23224	0.08697
V462	0.06587	0	0.72503	0.0464	0.09312	0.06957
V463	0.0504	0.02933	0.02786	0.07013	0.78804	0.03423
V464	0.14331	0.54535	0.0517	0.06635	0.14623	0.04705
V465	0.28836	0.08035	0.36558	0.03429	0.1293	0.10212
V466	0.12621	0.01987	0.01449	0.57829	0.20655	0.05458
V467	0.58392	0.03336	0.09641	0.04386	0.09816	0.14429
V468	0.27291	0.08731	0.10446	0.22416	0.23698	0.07417
V469	0.08915	0.09873	0.52393	0.1047	0.10324	0.08025
V470	0.40428	0.02817	0.09255	0.09543	0.27121	0.10835
V471	0.10961	0.1601	0.42394	0.08327	0.13361	0.08947
V472	0.12627	0.36151	0.0346	0.06642	0.34343	0.06777
V473	0.1287	0.60546	0.05486	0.05128	0.11493	0.04477
V474	0.10929	0.00202	0.29748	0.41533	0.13057	0.04531
V475	0.10944	0.11579	0.22646	0.17134	0.31923	0.05774
V476	0.36194	0.0255	0.06535	0.18613	0.14944	0.21163
V477	0.1554	0.40347	0.08704	0.11151	0.13237	0.1102
V478	0.07706	0.00547	0.69233	0.04557	0.09232	0.08725
V479	0.09761	0.10182	0.57766	0.04014	0.12768	0.05509
V480	0.0853	0.18372	0.01732	0.27315	0.40473	0.03578
V481	0.30135	0.0809	0.13051	0.09348	0.29442	0.09934
V482	0.42894	0.00966	0.09958	0.04023	0.09736	0.32422
V483	0.12063	0.57512	0.09283	0.05502	0.11299	0.0434
V484	0.51987	0.02862	0.1342	0.04064	0.14138	0.13529
V485	0.22515	0.09929	0.39304	0.09215	0.10206	0.0883
V486	0.19734	0.0025	0.54193	0.06087	0.08689	0.11047
V487	0.08573	0.25844	0.03175	0.045	0.53592	0.04317
V488	0.23964	0.43814	0.06517	0.07758	0.11083	0.06864
V489	0.49831	0.04247	0.13828	0.04745	0.14263	0.13086
V490	0.28484	0.02446	0.07682	0.07012	0.12335	0.4204
V491	0.12256	0.20432	0.28604	0.03454	0.28795	0.0646
V492	0.21153	0.01674	0.21612	0.09336	0.17032	0.29194
V493	0.50622	0.12123	0.07953	0.06418	0.10219	0.12665
V494	0.20372	0.01586	0.31185	0.04619	0.09209	0.33029
V495	0.21557	0.37117	0.18466	0.05486	0.11225	0.06149
V496	0.20597	0.09471	0.25485	0.03098	0.26592	0.14757
V497	0.07802	0.152	0.14453	0.06294	0.52249	0.04002
V498	0.12629	0.07823	0.27753	0.28601	0.168	0.06392
V499	0.12683	0.44609	0.15204	0.09389	0.12361	0.05754
V500	0.3357	0.14757	0.10283	0.07984	0.22362	0.11044
V501	0.14776	0.55496	0.04872	0.0663	0.12065	0.06162
V502	0.06597	0.01396	0.01532	0.23468	0.6282	0.04188
V503	0.15264	0.23841	0.04397	0.37959	0.14218	0.0432
V504	0.13727	0.55924	0.0827	0.0492	0.12521	0.04638
V505	0.08025	0	0.38013	0.32736	0.14438	0.06787
V506	0.31639	0.00993	0.08969	0.14733	0.16056	0.27609
V507	0.28426	0	0.0881	0.02518	0.11191	0.49055
V508	0.12036	0.39522	0.07033	0.10634	0.26009	0.04766
V509	0.09619	0.01341	0.00247	0.61185	0.24227	0.03381
V510	0.57461	0.03262	0.08786	0.04359	0.11952	0.1418
V511	0.25485	0.00179	0.0593	0.20967	0.12007	0.35433
V512	0.12158	0.16126	0.46396	0.05397	0.11458	0.08464
V513	0.06434	0.01935	0.19514	0.0766	0.6029	0.04167
V514	0.14232	0.52124	0.0968	0.04496	0.11038	0.08431
V515	0.13907	0.27512	0.02599	0.3632	0.13379	0.06283
V516	0.06245	0.03897	0.62503	0.03948	0.18214	0.05193
V517	0.05884	0.00201	0.31702	0.21163	0.36991	0.04059
V518	0.27459	0.27195	0.07663	0.12103	0.147	0.1088
V519	0.19631	0.36953	0.05636	0.10419	0.1172	0.15642
V520	0.4441	0.08582	0.08931	0.12371	0.10512	0.15194
V521	0.11076	0.00917	0.02833	0.04836	0.74187	0.0615
V522	0.29975	0.14282	0.0697	0.05621	0.26818	0.16333
V523	0.31672	0.13305	0.10392	0.14816	0.11629	0.18185
V524	0.11023	0.00244	0.07751	0.16226	0.53428	0.11327
V525	0.38191	0.00479	0.11716	0.04478	0.09764	0.35372
V526	0.11314	0.49753	0.1132	0.05132	0.18324	0.04157
V527	0.27042	0.01834	0.45824	0.04093	0.12796	0.08412
V528	0.52767	0.02921	0.16341	0.04793	0.10321	0.12856
V529	0.13121	0.06337	0.02212	0.57003	0.16705	0.04623
V530	0.1413	0.16546	0.27747	0.12626	0.16275	0.12676
V531	0.57878	0.03989	0.08877	0.0505	0.09945	0.14261
V532	0.14442	0.00667	0.06078	0.50037	0.23614	0.05162
V533	0.1622	0	0.24943	0.04926	0.33507	0.20404
V534	0.13652	0	0.02115	0.47536	0.21286	0.1541
V535	0.36986	0.04693	0.21125	0.14594	0.11042	0.11559
V536	0.07566	0	0.5788	0.17554	0.09667	0.07334
V537	0.12153	0.42133	0.03442	0.23445	0.13198	0.05629
V538	0.20326	0	0.05151	0.31947	0.12122	0.30454
V539	0.08961	0.00523	0.01027	0.58007	0.26916	0.04566
V540	0.2567	0.01642	0.29636	0.04744	0.27539	0.10769
V541	0.10481	0.18662	0.01358	0.48005	0.16328	0.05166
V542	0.10647	0.39123	0.04287	0.23627	0.18056	0.04259
V543	0.05667	0.00083	0.51373	0.05493	0.32325	0.05058
V544	0.27283	0.01532	0.08608	0.05472	0.12135	0.4497
V545	0.10333	0.43162	0.09071	0.06145	0.26811	0.04479
V546	0.39521	0.06423	0.05816	0.23929	0.13785	0.10526
V547	0.11797	0.06986	0.01168	0.34361	0.36987	0.08701
V548	0.28864	0.00625	0.08772	0.02609	0.10519	0.4861
V549	0.15117	0	0.5049	0.10532	0.11624	0.12237
V550	0.06292	0.01099	0.29555	0.03301	0.55384	0.0437
V551	0.22618	0.03955	0.09991	0.12179	0.18237	0.3302
V552	0.09654	0.03301	0.1336	0.26056	0.40539	0.07091
V553	0.52983	0.02884	0.10662	0.06984	0.1289	0.13596
V554	0.13733	0.55654	0.06729	0.04767	0.11832	0.07285
V555	0.32653	0.00464	0.07612	0.23708	0.11433	0.24131
V556	0.11226	0.00834	0.36685	0.327	0.12995	0.05561
V557	0.15211	0.50281	0.11381	0.05214	0.11573	0.06339
V558	0.33488	0.14667	0.0687	0.13313	0.1085	0.20814
V559	0.05385	0.00723	0.01131	0.15616	0.73335	0.03811
V560	0.47707	0.04575	0.08879	0.05323	0.17402	0.16114
V561	0.05601	0.01517	0.76219	0.03301	0.0864	0.04723
V562	0.36617	0.18203	0.10162	0.10126	0.11279	0.13613
V563	0.27555	0	0.07963	0.08257	0.10105	0.4612
V564	0.2118	0.05498	0.0598	0.03439	0.31446	0.32458
V565	0.28435	0	0.09494	0.02518	0.10446	0.49106
V566	0.25533	0.06865	0.09165	0.0704	0.13133	0.38264
V567	0.28252	0.21979	0.04932	0.21774	0.13978	0.09084
V568	0.08486	0.00902	0.03131	0.06352	0.7702	0.04109
V569	0.50016	0.05317	0.08162	0.06801	0.1073	0.18974
V570	0.45648	0.12524	0.09746	0.09018	0.11098	0.11965
V571	0.07564	0.17444	0.53473	0.04797	0.12234	0.04488
V572	0.06901	0.0073	0.6575	0.04733	0.16839	0.05047
V573	0.18549	0.51479	0.0579	0.04816	0.13093	0.06273
V574	0.18292	0	0.34639	0.06146	0.12302	0.28621
V575	0.13104	0.43812	0.09326	0.13831	0.12857	0.0707
V576	0.26136	0.09555	0.05654	0.03596	0.47546	0.07513
V577	0.27885	0.05064	0.04952	0.08535	0.42826	0.10739
V578	0.10307	0.00254	0.03591	0.03053	0.68429	0.14368
V579	0.08862	0.02732	0.15324	0.23882	0.44989	0.04212
V580	0.15303	0.01977	0.08632	0.33526	0.31719	0.08842
V581	0.44367	0.0538	0.12658	0.10376	0.16302	0.10918
V582	0.44424	0.02896	0.0754	0.19629	0.11796	0.13716
V583	0.1542	0.03311	0.28304	0.02678	0.27604	0.22683
V584	0.156	0.01485	0.03123	0.30188	0.33043	0.16562
V585	0.13379	0.31731	0.21989	0.10447	0.1212	0.10335
V586	0.18267	0.5011	0.08644	0.05356	0.11711	0.05912
V587	0.21998	0.0139	0.25089	0.31843	0.12278	0.07401
V588	0.0944	0.01245	0.02789	0.66787	0.16428	0.0331
V589	0.15615	0.19837	0.25672	0.09484	0.10873	0.18519
V590	0.1864	0.0252	0.33451	0.08572	0.10203	0.26615
V591	0.49059	0.02623	0.09566	0.15426	0.11412	0.11913
V592	0.11781	0.24464	0.08858	0.34052	0.16711	0.04134
V593	0.08525	0.01259	0	0.71118	0.16004	0.03093
V594	0.16427	0	0.03695	0.49919	0.14369	0.1559
V595	0.14079	0.19634	0.07591	0.13091	0.2993	0.15675
V596	0.07431	0.17817	0.03043	0.0983	0.58522	0.03357
V597	0.30382	0.01725	0.0666	0.04271	0.48793	0.08169
V598	0.55421	0.05989	0.08703	0.04337	0.10602	0.14948
V599	0.23186	0.00018	0.06007	0.15014	0.1936	0.36416
V600	0.35093	0.08932	0.06906	0.07595	0.16213	0.25261
V601	0.17953	0.10763	0.07495	0.31203	0.12328	0.20259
V602	0.10137	0.01588	0.11439	0.03693	0.59572	0.13571
V603	0.19836	0.27109	0.08719	0.08105	0.13404	0.22827
V604	0.09303	0.33374	0.02891	0.04688	0.45705	0.04039
V605	0.09042	0.02999	0.04128	0.03372	0.74713	0.05746
V606	0.36739	0.03679	0.2493	0.08503	0.09705	0.16444
V607	0.23496	0.02439	0.06772	0.0406	0.2545	0.37782
V608	0.16807	0.42632	0.05281	0.09846	0.13209	0.12225
V609	0.08111	0.00707	0.55585	0.20676	0.10154	0.04767
V610	0.10647	0.09838	0.39137	0.17243	0.14232	0.08903
V611	0.12053	0.57954	0.05632	0.07289	0.12818	0.04254
V612	0.08924	0.15152	0.00506	0.57608	0.14875	0.02935
V613	0.42034	0.12397	0.08617	0.03726	0.09961	0.23264
V614	0.12685	0.08989	0.44107	0.03622	0.15212	0.15386
V615	0.06128	0.05121	0.06495	0.04164	0.73742	0.0435
V616	0.30621	0.29029	0.06059	0.07387	0.12789	0.14115
V617	0.05478	0.0153	0.017	0.04332	0.82964	0.03996
V618	0.19384	0.01822	0.52575	0.0382	0.11045	0.11353
V619	0.10766	0.44053	0.16396	0.06742	0.16999	0.05045
V620	0.22859	0	0.27351	0.03832	0.09245	0.36713
V621	0.08737	0.0038	0.05736	0.6257	0.18076	0.04501
V622	0.34943	0.13552	0.06979	0.03925	0.30901	0.09701
V623	0.19463	0.48118	0.06036	0.04519	0.12237	0.09628
V624	0.11773	0.42087	0.02606	0.26041	0.12726	0.04766
V625	0.11881	0.09916	0.17379	0.39223	0.14864	0.06738
V626	0.11627	0.03019	0.03682	0.18337	0.48579	0.14756
V627	0.40676	0.01963	0.04935	0.29735	0.12043	0.10648
V628	0.17569	0.04239	0.28687	0.10254	0.18501	0.2075
V629	0.10186	0.32502	0.01476	0.37728	0.14373	0.03736
V630	0.42392	0.02011	0.09756	0.0776	0.13026	0.25055
V631	0.23324	0	0.1135	0.13488	0.14281	0.37557
V632	0.08663	0.02617	0.12244	0.28929	0.42255	0.05292
V633	0.06952	0.13794	0.62127	0.04024	0.08888	0.04214
V634	0.47445	0.03283	0.07755	0.18988	0.11034	0.11496
V635	0.08186	0.03921	0.20568	0.50094	0.13477	0.03753
V636	0.12531	0.43136	0.03674	0.09894	0.23022	0.07743
V637	0.25544	0.03637	0.08297	0.0265	0.18159	0.41713
V638	0.10111	0.08516	0.05072	0.45609	0.2644	0.04252
V639	0.24193	0.05494	0.10486	0.06236	0.41223	0.12368
V640	0.11932	0.10591	0.404	0.0445	0.20154	0.12473
V641	0.06044	0.06304	0.42399	0.05487	0.35506	0.04261
V642	0.23979	0.03287	0.27941	0.16445	0.10197	0.1815
V643	0.52168	0.03494	0.07584	0.11195	0.11826	0.13733
V644	0.49405	0.0299	0.07582	0.11759	0.11088	0.17175
V645	0.4628	0.03316	0.08971	0.10853	0.10248	0.20332
V646	0.06347	0.01036	0.38055	0.03296	0.46753	0.04514
V647	0.2402	0.00442	0.07428	0.27262	0.14055	0.26793
V648	0.19734	0.23924	0.15935	0.08139	0.12472	0.19797
V649	0.16437	0.01478	0.03254	0.57542	0.15909	0.05381
V650	0.20557	0.15104	0.20007	0.04247	0.33656	0.06431
V651	0.1881	0.24673	0.10742	0.0621	0.23032	0.16533
V652	0.10484	0.00435	0.09632	0.58172	0.16813	0.04465
V653	0.17349	0.31118	0.07492	0.06184	0.19153	0.18704
V654	0.51589	0.03515	0.14084	0.04779	0.12654	0.13378
V655	0.25608	0.00146	0.07482	0.08051	0.33825	0.24888
V656	0.12913	0.06452	0.49882	0.06979	0.17854	0.0592
V657	0.3174	0.01824	0.05078	0.12091	0.322	0.17067
V658	0.08338	0.06152	0.1364	0.54561	0.1412	0.03189
V659	0.13009	0.57896	0.05436	0.05491	0.1204	0.06129
V660	0.52888	0.03358	0.0868	0.05414	0.09911	0.19749
V661	0.19844	0	0.17432	0.13046	0.21405	0.28273
V662	0.48559	0.03036	0.08627	0.13235	0.11165	0.15378
V663	0.09618	0.13114	0.03387	0.06984	0.62613	0.04284
V664	0.14872	0.05047	0.58512	0.0327	0.10783	0.07516
V665	0.054	0.00851	0.01661	0.04313	0.83754	0.04022
V666	0.31048	0.23934	0.06077	0.12802	0.13951	0.12188
V667	0.26402	0	0.10661	0.06089	0.11362	0.45486
V668	0.50817	0.12853	0.08725	0.05051	0.10168	0.12385
V669	0.2402	0.07843	0.04957	0.23852	0.12411	0.26918
V670	0.15142	0.26367	0.04883	0.27588	0.13967	0.12054
V671	0.2658	0.01259	0.027	0.4907	0.13695	0.06695
V672	0.127	0.40215	0.0255	0.27411	0.12876	0.04248
V673	0.21849	0.09847	0.22206	0.03365	0.09504	0.33229
V674	0.49076	0.02802	0.07855	0.04051	0.24187	0.12029
V675	0.26916	0.08972	0.09131	0.02841	0.12012	0.40127
V676	0.09174	0.00453	0.07087	0.63981	0.15919	0.03386
V677	0.22332	0.27462	0.17802	0.03456	0.09968	0.18981
V678	0.19594	0.06187	0.08498	0.03772	0.43476	0.18473
V679	0.25809	0.0662	0.1111	0.04815	0.1062	0.41025
V680	0.07379	0.00186	0.31733	0.03136	0.50103	0.07464
V681	0.1572	0.4959	0.07532	0.04983	0.10959	0.11215
V682	0.16266	0.38859	0.04993	0.05108	0.19054	0.15719
V683	0.08194	0.00532	0.02914	0.03178	0.75828	0.09354
V684	0.16373	0.50405	0.04443	0.10782	0.12284	0.05713
V685	0.09996	0.4251	0.23703	0.04083	0.1532	0.04388
V686	0.25867	0.00911	0.37865	0.03609	0.10424	0.21325
V687	0.16501	0.17694	0.25079	0.1086	0.10256	0.19609
V688	0.34297	0.01226	0.06606	0.04099	0.34641	0.19131
V689	0.11957	0.01447	0.54126	0.12207	0.11771	0.08491
V690	0.12579	0.00968	0.05862	0.05192	0.61068	0.14331
V691	0.14555	0.33491	0.18538	0.09832	0.14355	0.09229
V692	0.38085	0.01817	0.04599	0.27587	0.17841	0.1007
V693	0.49691	0.11293	0.09289	0.05611	0.10099	0.14016
V694	0.49258	0.11287	0.0838	0.07701	0.10273	0.13101
V695	0.50982	0.02694	0.078	0.05444	0.17387	0.15694
V696	0.13833	0.35146	0.0724	0.08676	0.29585	0.0552
V697	0.10574	0.01544	0.61277	0.06918	0.12001	0.07686
V698	0.12581	0.60058	0.04812	0.05644	0.12187	0.04719
V699	0.20011	0.01975	0.4605	0.0609	0.15426	0.10447
V700	0.14781	0.01782	0.0264	0.04146	0.70277	0.06374
V701	0.5484	0.02845	0.09569	0.04103	0.09834	0.18808
V702	0.24555	0.00777	0.11346	0.1504	0.11336	0.36946
V703	0.20618	0.35682	0.0584	0.0422	0.27018	0.06622
V704	0.30776	0.21743	0.20905	0.03791	0.11306	0.11479
V705	0.09226	0.08599	0.23196	0.16487	0.37371	0.05121
V706	0.183	0.06547	0.29498	0.02726	0.1862	0.24308
V707	0.42987	0.02588	0.08613	0.03351	0.10572	0.31889
V708	0.08797	0.29255	0.41932	0.05052	0.10545	0.04419
V709	0.08	0.006	0	0.64824	0.23465	0.03111
V710	0.31946	0.05869	0.14336	0.07837	0.27039	0.12972
V711	0.11008	0.16599	0.34182	0.17823	0.11286	0.09102
V712	0.07549	0.21251	0.03487	0.04379	0.59191	0.04142
V713	0.25758	0.36674	0.08044	0.06904	0.12832	0.09787
V714	0.09789	0.35574	0.35106	0.04492	0.10852	0.04187
V715	0.07776	0.01593	0.73142	0.03161	0.08476	0.05852
V716	0.19009	0.02042	0.0422	0.25726	0.27225	0.21778
V717	0.07724	0.01416	0.04052	0.03351	0.7708	0.06378
V718	0.08014	0.2966	0.03224	0.0394	0.5167	0.03491
V719	0.12957	0.55006	0.06974	0.05349	0.13843	0.05871
V720	0.23859	0.00453	0.21575	0.27269	0.14192	0.12652
V721	0.17051	0.19877	0.21862	0.03053	0.17299	0.20859
V722	0.05147	0.00858	0.03022	0.03591	0.83757	0.03626
V723	0.11867	0.46518	0.07597	0.05569	0.22482	0.05966
V724	0.12266	0.23248	0.31538	0.11422	0.17102	0.04424
V725	0.10616	0.04809	0.07681	0.13346	0.5371	0.09838
V726	0.07813	0.01563	0.44253	0.0534	0.33351	0.0768
V727	0.23695	0	0.14301	0.1352	0.11026	0.37458
V728	0.09631	0.01152	0	0.67992	0.15548	0.05677
V729	0.21228	0.3513	0.06473	0.06796	0.2297	0.07403
V730	0.19469	0	0.10641	0.33317	0.12772	0.23801
V731	0.18227	0.04114	0.37691	0.0301	0.24005	0.12952
V732	0.1504	0.30493	0.05785	0.07092	0.30471	0.1112
V733	0.22066	0	0.24933	0.17943	0.15039	0.20019
V734	0.24187	0	0.25373	0.02431	0.10617	0.37392
V735	0.10591	0.06757	0.01404	0.58926	0.15391	0.06931
V736	0.16881	0.36993	0.09538	0.06946	0.1199	0.17652
V737	0.04632	0.00859	0.02238	0.04334	0.84392	0.03545
V738	0.28723	0.04728	0.09911	0.31209	0.13473	0.11956
V739	0.18073	0.23289	0.16893	0.06362	0.26769	0.08613
V740	0.09362	0.19612	0.31703	0.07057	0.26736	0.0553
V741	0.31365	0.12641	0.16711	0.10179	0.209	0.08205
V742	0.25763	0.01773	0.05514	0.34992	0.2238	0.09578
V743	0.08624	0.08466	0.21798	0.28259	0.28053	0.048
V744	0.33498	0.08007	0.07711	0.14698	0.10798	0.25288
V745	0.11498	0.37917	0.0383	0.07393	0.34986	0.04375
V746	0.53074	0.04243	0.08942	0.06267	0.11442	0.16032
V747	0.18539	0.01738	0.12301	0.06269	0.54041	0.07111
V748	0.20512	0.03338	0.23289	0.04852	0.18953	0.29056
V749	0.35684	0.01793	0.06668	0.14948	0.19295	0.21613
V750	0.08727	0.06929	0	0.65227	0.16122	0.02995
V751	0.0883	0.01246	0.02068	0.66019	0.1861	0.03227
V752	0.19065	0.0183	0.0566	0.09165	0.57169	0.07111
V753	0.19797	0	0.07495	0.10102	0.37173	0.25433
V754	0.15337	0.31373	0.1365	0.08921	0.14979	0.15741
V755	0.27849	0.04176	0.05965	0.05555	0.43402	0.13053
V756	0.27258	0	0.08863	0.03293	0.14283	0.46302
V757	0.19193	0.31529	0.06161	0.0548	0.1548	0.22157
V758	0.26216	0.44295	0.05826	0.05349	0.10932	0.07381
V759	0.15493	0.02077	0.06719	0.14167	0.51534	0.1001
V760	0.28058	0	0.09216	0.04616	0.09854	0.48256
V761	0.05016	0.01066	0.31506	0.04803	0.53828	0.03781
V762	0.11166	0	0.62663	0.06057	0.10952	0.09162
V763	0.0977	0.11785	0.02088	0.54198	0.17396	0.04762
V764	0.21045	0.00856	0.10853	0.18591	0.30561	0.18094
V765	0.29042	0	0.08701	0.03315	0.10532	0.4841
V766	0.27783	0.25903	0.06672	0.05259	0.22858	0.11524
V767	0.22961	0.00413	0.27557	0.10955	0.12117	0.25997
V768	0.12623	0.47397	0.16723	0.05556	0.11433	0.06268
V769	0.05689	0	0.69796	0.10087	0.09939	0.04489
V770	0.13029	0.29603	0.02494	0.35491	0.14753	0.04629
V771	0.16774	0.05896	0.40283	0.07188	0.09294	0.20565
