CD19B	CD56NK	CD4MemoryT	CD14
V1	0.37294	0.10622	0.22684	0.29399
V2	0.12276	0.16281	0.15523	0.55921
V3	0.06261	0.50246	0.11706	0.31787
V4	0.59238	0.17846	0.11464	0.11452
V5	0.10652	0.41449	0.26246	0.21654
V6	0.07638	0.6782	0.12259	0.12283
V7	0.12084	0.33379	0.16883	0.37654
V8	0.13935	0.12388	0.60645	0.13032
V9	0.17309	0.2564	0.14418	0.42633
V10	0.06981	0.13076	0.65428	0.14515
V11	0.17272	0.34574	0.37463	0.10691
V12	0.0577	0.4927	0.33364	0.11596
V13	0.19769	0.57001	0.11245	0.11985
V14	0.07113	0.70677	0.11293	0.10917
V15	0.1086	0.49076	0.18467	0.21597
V16	0.61927	0.12484	0.1325	0.12339
V17	0.08431	0.67638	0.11681	0.1225
V18	0.38837	0.3389	0.14276	0.12997
V19	0.12889	0.64407	0.11364	0.1134
V20	0.12982	0.39789	0.12835	0.34394
V21	0.13833	0.15029	0.58181	0.12957
V22	0.05323	0.16927	0.2398	0.5377
V23	0.28661	0.13644	0.46915	0.1078
V24	0.65083	0.11249	0.13815	0.09853
V25	0.23684	0.26198	0.19622	0.30497
V26	0.2645	0.36012	0.12658	0.2488
V27	0.09524	0.13909	0.13877	0.62691
V28	0.06267	0.13956	0.69344	0.10433
V29	0.3192	0.12501	0.42795	0.12785
V30	0.10062	0.25038	0.27648	0.37252
V31	0.1611	0.23708	0.28905	0.31277
V32	0.08335	0.12321	0.14638	0.64706
V33	0.06926	0.43058	0.32167	0.17849
V34	0.13825	0.13751	0.59409	0.13016
V35	0.13269	0.57727	0.16159	0.12845
V36	0.05232	0.13618	0.39516	0.41633
V37	0.36183	0.15234	0.17806	0.30776
V38	0.29213	0.10251	0.22877	0.37659
V39	0.13503	0.47021	0.19146	0.2033
V40	0.09311	0.64844	0.15605	0.10239
V41	0.03446	0.53411	0.1412	0.29022
V42	0.17377	0.1261	0.24619	0.45394
V43	0.12967	0.3327	0.40906	0.12857
V44	0.06416	0.16417	0.54669	0.22498
V45	0.09836	0.4884	0.24289	0.17035
V46	0.54901	0.15086	0.19782	0.10232
V47	0.3139	0.23681	0.30878	0.14051
V48	0.54821	0.21954	0.11884	0.11341
V49	0.49172	0.2323	0.11191	0.16407
V50	0.07305	0.65572	0.1616	0.10962
V51	0.23017	0.37412	0.26854	0.12716
V52	0.0744	0.1853	0.60915	0.13114
V53	0.50281	0.18726	0.21234	0.09759
V54	0.30059	0.24005	0.34071	0.11865
V55	0.16578	0.19401	0.26116	0.37905
V56	0.06792	0.11835	0.17527	0.63845
V57	0.09016	0.67131	0.12243	0.1161
V58	0.42658	0.09982	0.14865	0.32495
V59	0.29662	0.37988	0.18392	0.13959
V60	0.12386	0.21163	0.30589	0.35862
V61	0.54012	0.17267	0.12316	0.16405
V62	0.60383	0.12129	0.16525	0.10963
V63	0.04356	0.64998	0.1827	0.12377
V64	0.03316	0.65793	0.10641	0.2025
V65	0.05171	0.11446	0.18149	0.65234
V66	0.16172	0.5594	0.12284	0.15604
V67	0.14255	0.32683	0.41727	0.11334
V68	0.12715	0.19763	0.13944	0.53578
V69	0.0662	0.31534	0.47594	0.14251
V70	0.36796	0.20976	0.22911	0.19316
V71	0.14466	0.15927	0.33747	0.3586
V72	0.38517	0.21328	0.17465	0.2269
V73	0.12933	0.50529	0.19575	0.16963
V74	0.09012	0.25976	0.54805	0.10207
V75	0.48483	0.10008	0.24309	0.172
V76	0.03985	0.22053	0.2266	0.51302
V77	0.05762	0.28679	0.12704	0.52855
V78	0.21875	0.18438	0.23321	0.36366
V79	0.05861	0.17864	0.59077	0.17197
V80	0.26582	0.12044	0.44455	0.1692
V81	0.0924	0.21976	0.57988	0.10795
V82	0.0607	0.15698	0.67218	0.11015
V83	0.116	0.22152	0.16775	0.49472
V84	0.2716	0.13417	0.22323	0.37099
V85	0.11109	0.31774	0.34663	0.22454
V86	0.08959	0.14686	0.626	0.13755
V87	0.05158	0.64496	0.14549	0.15797
V88	0.14245	0.14985	0.27748	0.43022
V89	0.05588	0.12076	0.24044	0.58292
V90	0.04684	0.68981	0.14521	0.11814
V91	0.05662	0.59143	0.22128	0.13066
V92	0.32531	0.12259	0.35153	0.20056
V93	0.60258	0.1042	0.11676	0.17646
V94	0.04237	0.38785	0.13072	0.43906
V95	0.19133	0.38804	0.21078	0.20985
V96	0.08115	0.16915	0.14285	0.60685
V97	0.47332	0.17709	0.24678	0.1028
V98	0.47219	0.30682	0.11417	0.10681
V99	0.55075	0.13099	0.21441	0.10384
V100	0.10742	0.13583	0.63382	0.12294
V101	0.05204	0.12433	0.13539	0.68824
V102	0.63771	0.13003	0.12239	0.10987
V103	0.05033	0.13659	0.17945	0.63364
V104	0.0454	0.73068	0.11267	0.11124
V105	0.06355	0.70885	0.11798	0.10962
V106	0.11577	0.44358	0.30501	0.13564
V107	0.16305	0.24725	0.44774	0.14196
V108	0.12771	0.60223	0.16851	0.10155
V109	0.05891	0.22059	0.45585	0.26465
V110	0.06484	0.67841	0.1338	0.12296
V111	0.63307	0.09633	0.16606	0.10454
V112	0.12756	0.15513	0.36537	0.35194
V113	0.15016	0.17865	0.22864	0.44255
V114	0.18303	0.13596	0.175	0.506
V115	0.03997	0.60519	0.24448	0.11036
V116	0.12991	0.31619	0.32989	0.22401
V117	0.45774	0.27588	0.13636	0.13002
V118	0.13157	0.47839	0.13279	0.25725
V119	0.10571	0.15718	0.15791	0.5792
V120	0.10665	0.16068	0.61699	0.11568
V121	0.39845	0.19358	0.17435	0.23362
V122	0.66224	0.10088	0.12681	0.11006
V123	0.03514	0.43028	0.14659	0.38799
V124	0.44629	0.30085	0.11098	0.14188
V125	0.27299	0.38318	0.22492	0.11891
V126	0.06144	0.20059	0.15714	0.58082
V127	0.14175	0.14093	0.27375	0.44357
V128	0.05997	0.11895	0.192	0.62908
V129	0.39446	0.26344	0.21702	0.12508
V130	0.04277	0.54193	0.30704	0.10826
V131	0.04224	0.68438	0.10669	0.16669
V132	0.64446	0.10162	0.13741	0.11651
V133	0.62694	0.10793	0.15543	0.1097
V134	0.10254	0.35675	0.19613	0.34458
V135	0.09133	0.12314	0.23006	0.55546
V136	0.17699	0.36231	0.12474	0.33597
V137	0.4475	0.1291	0.27223	0.15116
V138	0.1625	0.36932	0.22411	0.24408
V139	0.24629	0.24561	0.2372	0.2709
V140	0.05859	0.16538	0.15899	0.61705
V141	0.08819	0.21915	0.42712	0.26554
V142	0.55263	0.10186	0.24703	0.09848
V143	0.28815	0.28128	0.16077	0.26979
V144	0.13856	0.21088	0.22159	0.42897
V145	0.03555	0.61048	0.24393	0.11005
V146	0.07159	0.11905	0.14799	0.66137
V147	0.62647	0.11205	0.13181	0.12966
V148	0.1302	0.16549	0.45316	0.25115
V149	0.20207	0.4479	0.2436	0.10643
V150	0.10437	0.27448	0.45878	0.16237
V151	0.15643	0.51563	0.13147	0.19647
V152	0.17714	0.39851	0.24628	0.17806
V153	0.09588	0.59106	0.12229	0.19077
V154	0.18898	0.4069	0.2769	0.12722
V155	0.32814	0.20698	0.28983	0.17504
V156	0.07611	0.20987	0.51793	0.19609
V157	0.22444	0.21707	0.30147	0.25701
V158	0.05231	0.11505	0.14368	0.68896
V159	0.60528	0.14374	0.11559	0.13539
V160	0.46378	0.10235	0.16182	0.27205
V161	0.1633	0.11081	0.14761	0.57828
V162	0.07451	0.29997	0.17114	0.45438
V163	0.09691	0.42204	0.21676	0.26429
V164	0.23562	0.31	0.18466	0.26973
V165	0.04261	0.27344	0.12246	0.56149
V166	0.04748	0.17185	0.16806	0.61261
V167	0.24165	0.10144	0.12934	0.52757
V168	0.20866	0.48129	0.16416	0.14589
V169	0.14797	0.14351	0.15085	0.55766
V170	0.11555	0.12962	0.42253	0.33229
V171	0.13108	0.27415	0.45842	0.13635
V172	0.50137	0.10339	0.29022	0.10501
V173	0.05672	0.20136	0.15268	0.58924
V174	0.04967	0.21632	0.1703	0.56371
V175	0.09724	0.12268	0.58272	0.19737
V176	0.03904	0.64014	0.21023	0.11059
V177	0.03355	0.73938	0.10879	0.11828
V178	0.0325	0.59928	0.11157	0.25665
V179	0.1462	0.11772	0.34397	0.39211
V180	0.04759	0.69212	0.15657	0.10372
V181	0.14831	0.20247	0.43178	0.21745
V182	0.22948	0.23517	0.38916	0.14619
V183	0.14149	0.63696	0.11394	0.10761
V184	0.6833	0.09458	0.12346	0.09866
V185	0.39251	0.38169	0.122	0.1038
V186	0.1134	0.42117	0.26796	0.19747
V187	0.65676	0.10139	0.13754	0.10431
V188	0.07204	0.25412	0.12273	0.55111
V189	0.54783	0.11246	0.12873	0.21099
V190	0.46421	0.1117	0.31889	0.10519
V191	0.16268	0.25305	0.44943	0.13484
V192	0.21428	0.41218	0.14437	0.22918
V193	0.41281	0.12951	0.26524	0.19244
V194	0.04998	0.71284	0.11325	0.12394
V195	0.06632	0.13952	0.68409	0.11006
V196	0.05033	0.15284	0.13695	0.65987
V197	0.27727	0.13764	0.14186	0.44324
V198	0.0846	0.43784	0.32795	0.14961
V199	0.13883	0.1274	0.23	0.50376
V200	0.10996	0.4683	0.12384	0.2979
V201	0.0977	0.46585	0.22567	0.21077
V202	0.06635	0.13015	0.57201	0.23149
V203	0.14473	0.39176	0.34182	0.12169
V204	0.03407	0.44576	0.12033	0.39983
V205	0.07035	0.15637	0.65575	0.11752
V206	0.08893	0.18052	0.62226	0.10829
V207	0.11522	0.23271	0.157	0.49507
V208	0.21021	0.16034	0.51588	0.11357
V209	0.215	0.41248	0.15809	0.21443
V210	0.0864	0.60349	0.1676	0.14252
V211	0.28663	0.11137	0.14605	0.45595
V212	0.36472	0.13815	0.37998	0.11714
V213	0.42644	0.12154	0.19129	0.26072
V214	0.23179	0.21675	0.22046	0.331
V215	0.2051	0.17205	0.13494	0.48791
V216	0.06261	0.11441	0.14348	0.67949
V217	0.06463	0.42625	0.25024	0.25889
V218	0.09652	0.3925	0.21835	0.29264
V219	0.09555	0.51763	0.11705	0.26977
V220	0.03339	0.63918	0.11104	0.21639
V221	0.54522	0.0974	0.11977	0.23761
V222	0.23353	0.20485	0.33191	0.22971
V223	0.05759	0.2131	0.56655	0.16275
V224	0.67377	0.09513	0.13206	0.09904
V225	0.06526	0.67926	0.14597	0.10951
V226	0.24133	0.17189	0.47404	0.11274
V227	0.54694	0.10091	0.2418	0.11036
V228	0.51823	0.1495	0.16139	0.17088
V229	0.07147	0.13739	0.66632	0.12481
V230	0.05186	0.12477	0.14334	0.68003
V231	0.04792	0.28713	0.18803	0.47693
V232	0.05595	0.5274	0.10718	0.30947
V233	0.38234	0.16927	0.24276	0.20563
V234	0.05148	0.7023	0.12818	0.11804
V235	0.27811	0.15528	0.43917	0.12744
V236	0.08647	0.16578	0.5844	0.16336
V237	0.1308	0.11235	0.15066	0.60619
V238	0.12199	0.46906	0.26755	0.14141
V239	0.07332	0.36125	0.13157	0.43387
V240	0.3498	0.13646	0.37496	0.13877
V241	0.06978	0.12965	0.64315	0.15742
V242	0.11504	0.60273	0.16857	0.11367
V243	0.20053	0.14453	0.49286	0.16209
V244	0.18138	0.11919	0.52887	0.17056
V245	0.4025	0.30588	0.14864	0.14299
V246	0.09101	0.21851	0.56702	0.12347
V247	0.15985	0.13146	0.60637	0.10232
V248	0.056	0.13036	0.15664	0.65699
V249	0.05765	0.14899	0.63624	0.15712
V250	0.53398	0.10276	0.25811	0.10515
V251	0.6497	0.12392	0.12266	0.10372
V252	0.03888	0.65755	0.20029	0.10328
V253	0.25119	0.15667	0.22182	0.37032
V254	0.03466	0.71431	0.14014	0.1109
V255	0.05619	0.70005	0.10677	0.13699
V256	0.15499	0.25802	0.4163	0.17068
V257	0.28848	0.17929	0.26157	0.27066
V258	0.15287	0.2898	0.36086	0.19647
V259	0.07269	0.30851	0.4815	0.13731
V260	0.05274	0.30478	0.53403	0.10845
V261	0.41702	0.12676	0.24301	0.2132
V262	0.0953	0.144	0.13857	0.62213
V263	0.03906	0.72808	0.10937	0.12349
V264	0.14673	0.13966	0.36749	0.34612
V265	0.06175	0.11413	0.2056	0.61852
V266	0.44619	0.33978	0.11737	0.09666
V267	0.04062	0.23156	0.27959	0.44823
V268	0.26292	0.12243	0.21205	0.40259
V269	0.0442	0.47284	0.33938	0.14359
V270	0.44053	0.12181	0.27157	0.16609
V271	0.53674	0.14668	0.13929	0.17729
V272	0.06208	0.63595	0.11685	0.18512
V273	0.07161	0.12381	0.15306	0.65152
V274	0.47752	0.09989	0.23772	0.18487
V275	0.06213	0.1394	0.68847	0.11
V276	0.33582	0.33024	0.12081	0.21312
V277	0.06002	0.24484	0.21599	0.47915
V278	0.06632	0.15295	0.28899	0.49173
V279	0.46318	0.14354	0.18878	0.20451
V280	0.05231	0.11505	0.14368	0.68896
V281	0.36401	0.12241	0.21155	0.30203
V282	0.09238	0.1665	0.59161	0.14951
V283	0.15738	0.48073	0.1525	0.20939
V284	0.04761	0.69709	0.1452	0.1101
V285	0.10368	0.1305	0.66239	0.10343
V286	0.17981	0.46291	0.1801	0.17718
V287	0.08957	0.6709	0.11708	0.12245
V288	0.05292	0.29639	0.35737	0.29332
V289	0.21614	0.26206	0.36065	0.16114
V290	0.56673	0.21228	0.12414	0.09685
V291	0.34998	0.16056	0.37832	0.11113
V292	0.64045	0.09961	0.11774	0.1422
V293	0.2363	0.12596	0.50335	0.1344
V294	0.08411	0.33835	0.12015	0.45739
V295	0.04975	0.22792	0.23178	0.49054
V296	0.15807	0.19775	0.47419	0.17
V297	0.0851	0.11139	0.1701	0.63342
V298	0.23389	0.18465	0.46846	0.11301
V299	0.07599	0.28227	0.13003	0.51172
V300	0.04571	0.13223	0.25635	0.56571
V301	0.12643	0.19283	0.4902	0.19054
V302	0.44584	0.33301	0.11273	0.10842
V303	0.03833	0.49849	0.33254	0.13063
V304	0.09016	0.13626	0.54816	0.22543
V305	0.1199	0.22316	0.37777	0.27918
V306	0.54452	0.16832	0.15169	0.13548
V307	0.03946	0.72357	0.11883	0.11814
V308	0.17448	0.26403	0.28941	0.27209
V309	0.22451	0.312	0.13414	0.32935
V310	0.08357	0.31139	0.20753	0.3975
V311	0.35611	0.42477	0.11526	0.10386
V312	0.09394	0.58758	0.19494	0.12353
V313	0.04388	0.17639	0.14092	0.63881
V314	0.04229	0.40879	0.18463	0.36429
V315	0.10315	0.5068	0.13264	0.25741
V316	0.22672	0.20564	0.34419	0.22345
V317	0.08321	0.55442	0.13824	0.22413
V318	0.05144	0.45645	0.12237	0.36974
V319	0.09413	0.1598	0.61525	0.13082
V320	0.10028	0.21476	0.48871	0.19625
V321	0.43953	0.34664	0.11704	0.0968
V322	0.14577	0.31392	0.16363	0.37668
V323	0.07283	0.12525	0.17979	0.62213
V324	0.44701	0.27879	0.15902	0.11518
V325	0.21997	0.5274	0.14648	0.10616
V326	0.0305	0.46057	0.17223	0.3367
V327	0.05026	0.20441	0.18694	0.55839
V328	0.08429	0.13612	0.54768	0.23191
V329	0.13868	0.18498	0.22182	0.45452
V330	0.27305	0.11297	0.32238	0.2916
V331	0.23228	0.1645	0.15162	0.45161
V332	0.04902	0.1445	0.22959	0.57689
V333	0.29355	0.16537	0.35192	0.18916
V334	0.25296	0.11528	0.33265	0.29911
V335	0.06192	0.3331	0.40739	0.19759
V336	0.13627	0.55871	0.12189	0.18313
V337	0.21168	0.37351	0.28774	0.12706
V338	0.02802	0.74566	0.11446	0.11186
V339	0.13447	0.12737	0.62874	0.10943
V340	0.08254	0.26566	0.41457	0.23723
V341	0.05576	0.13133	0.16514	0.64777
V342	0.19964	0.11647	0.48153	0.20236
V343	0.66738	0.10569	0.12337	0.10356
V344	0.46454	0.20855	0.22887	0.09804
V345	0.06649	0.13975	0.68935	0.10441
V346	0.17356	0.18908	0.2842	0.35316
V347	0.06655	0.11806	0.2013	0.61409
V348	0.0671	0.52782	0.19473	0.21035
V349	0.24701	0.2262	0.34442	0.18237
V350	0.04986	0.6354	0.21096	0.10378
V351	0.05702	0.13553	0.34618	0.46127
V352	0.08867	0.13464	0.61308	0.16361
V353	0.59448	0.11329	0.14217	0.15005
V354	0.06567	0.55867	0.23946	0.1362
V355	0.21006	0.16812	0.38558	0.23623
V356	0.06006	0.12613	0.18438	0.62944
V357	0.10724	0.32574	0.27479	0.29224
V358	0.35086	0.17614	0.15309	0.31991
V359	0.37106	0.14056	0.14299	0.34539
V360	0.37224	0.3923	0.12661	0.10885
V361	0.04468	0.40769	0.4386	0.10902
V362	0.02832	0.74121	0.11874	0.11173
V363	0.14797	0.19483	0.38509	0.2721
V364	0.14717	0.16141	0.51403	0.1774
V365	0.18664	0.12208	0.13513	0.55616
V366	0.07725	0.54381	0.16189	0.21705
V367	0.36951	0.20076	0.11747	0.31227
V368	0.08406	0.57677	0.16143	0.17774
V369	0.05851	0.37327	0.45959	0.10863
V370	0.22151	0.2964	0.35416	0.12792
V371	0.14262	0.57458	0.12729	0.15551
V372	0.13113	0.14702	0.19652	0.52533
V373	0.094	0.20955	0.38446	0.31199
V374	0.54138	0.10748	0.25265	0.09849
V375	0.06524	0.13781	0.2094	0.58756
V376	0.05969	0.13204	0.18411	0.62415
V377	0.52514	0.09239	0.12522	0.25725
V378	0.0519	0.13591	0.35137	0.46082
V379	0.22366	0.23461	0.12837	0.41336
V380	0.12812	0.16076	0.23854	0.47258
V381	0.48563	0.11028	0.17861	0.22548
V382	0.10777	0.14131	0.64144	0.10948
V383	0.55685	0.0992	0.15329	0.19066
V384	0.36258	0.15966	0.20392	0.27383
V385	0.57825	0.10812	0.17105	0.14259
V386	0.21052	0.11791	0.21235	0.45922
V387	0.38914	0.20975	0.23453	0.16659
V388	0.25111	0.32793	0.20577	0.21518
V389	0.27671	0.44958	0.12061	0.1531
V390	0.2236	0.28309	0.38926	0.10405
V391	0.26978	0.17635	0.13395	0.41991
V392	0.27815	0.2568	0.22223	0.24283
V393	0.20649	0.266	0.31836	0.20914
V394	0.09161	0.25496	0.18746	0.46597
V395	0.16332	0.3632	0.2355	0.23798
V396	0.03372	0.72946	0.11296	0.12387
V397	0.5217	0.16518	0.18348	0.12964
V398	0.28807	0.20116	0.18003	0.33074
V399	0.14863	0.46511	0.20273	0.18354
V400	0.03013	0.47283	0.15437	0.34267
V401	0.07642	0.22546	0.5355	0.16262
V402	0.54266	0.22159	0.13918	0.09658
V403	0.05602	0.12586	0.16944	0.64868
V404	0.10419	0.24764	0.47033	0.17783
V405	0.16414	0.13164	0.22461	0.47961
V406	0.42045	0.27378	0.12732	0.17844
V407	0.02802	0.74566	0.11446	0.11186
V408	0.09904	0.27495	0.34093	0.28507
V409	0.04712	0.12023	0.14364	0.68901
V410	0.08501	0.66562	0.12691	0.12247
V411	0.28852	0.10405	0.12346	0.48397
V412	0.14098	0.16882	0.40532	0.28488
V413	0.06812	0.41644	0.2223	0.29314
V414	0.06201	0.43569	0.30435	0.19795
V415	0.29508	0.12861	0.26439	0.31192
V416	0.06561	0.17065	0.66016	0.10358
V417	0.26236	0.51763	0.11439	0.10562
V418	0.08358	0.17868	0.20728	0.53047
V419	0.05195	0.11507	0.14949	0.6835
V420	0.0285	0.67636	0.11688	0.17827
V421	0.14743	0.14671	0.51539	0.19047
V422	0.06613	0.14603	0.13536	0.65247
V423	0.10742	0.13583	0.63382	0.12294
V424	0.04953	0.15279	0.47364	0.32404
V425	0.08411	0.27396	0.45753	0.18439
V426	0.11241	0.15014	0.58158	0.15587
V427	0.07708	0.36121	0.22898	0.33274
V428	0.08268	0.59941	0.14576	0.17215
V429	0.05194	0.11512	0.15342	0.67952
V430	0.49509	0.22026	0.12902	0.15563
V431	0.15436	0.13178	0.38079	0.33307
V432	0.09993	0.16955	0.15724	0.57329
V433	0.06147	0.575	0.10693	0.2566
V434	0.22606	0.15989	0.15588	0.45816
V435	0.33334	0.11119	0.20132	0.35415
V436	0.25561	0.11393	0.19653	0.43392
V437	0.16543	0.25387	0.12451	0.45619
V438	0.39454	0.21625	0.13724	0.25197
V439	0.05941	0.1697	0.13406	0.63683
V440	0.31251	0.12911	0.14668	0.41171
V441	0.09009	0.20688	0.45785	0.24518
V442	0.21759	0.33243	0.20054	0.24943
V443	0.49253	0.10186	0.17993	0.22568
V444	0.06649	0.13975	0.68935	0.10441
V445	0.42385	0.1209	0.33028	0.12498
V446	0.05157	0.63793	0.1455	0.165
V447	0.41695	0.17521	0.22766	0.18018
V448	0.05418	0.15692	0.23411	0.55478
V449	0.37918	0.13757	0.3023	0.18095
V450	0.11732	0.66382	0.11673	0.10213
V451	0.63772	0.12998	0.11591	0.11639
V452	0.06095	0.12087	0.16936	0.64882
V453	0.53921	0.15618	0.1622	0.14241
V454	0.02878	0.71288	0.13984	0.1185
V455	0.40925	0.13137	0.30738	0.152
V456	0.23355	0.1994	0.34388	0.22318
V457	0.04704	0.12419	0.14018	0.68858
V458	0.18393	0.25408	0.12433	0.43767
V459	0.04004	0.61482	0.16626	0.17888
V460	0.65098	0.10155	0.13733	0.11014
V461	0.07177	0.12966	0.13642	0.66216
V462	0.22854	0.26708	0.11787	0.38651
V463	0.18321	0.41734	0.20965	0.1898
V464	0.32648	0.17407	0.12167	0.37778
V465	0.26606	0.38746	0.13227	0.2142
V466	0.37634	0.23367	0.11729	0.2727
V467	0.22134	0.48072	0.16423	0.13372
V468	0.33228	0.37448	0.14832	0.14492
V469	0.05196	0.23161	0.28024	0.43619
V470	0.35917	0.19582	0.23137	0.21364
V471	0.18679	0.17917	0.14629	0.48775
V472	0.21544	0.32029	0.1164	0.34787
V473	0.10247	0.46597	0.3091	0.12245
V474	0.10761	0.10929	0.18961	0.59348
V475	0.13938	0.36143	0.16847	0.33073
V476	0.13006	0.11938	0.16452	0.58604
V477	0.39719	0.13368	0.24882	0.22031
V478	0.10802	0.48073	0.11341	0.29784
V479	0.06658	0.17824	0.58342	0.17176
V480	0.08122	0.30436	0.14934	0.46509
V481	0.14617	0.132	0.60667	0.11516
V482	0.46188	0.21927	0.18894	0.12991
V483	0.11138	0.18222	0.16978	0.53662
V484	0.0547	0.15294	0.14636	0.646
V485	0.10269	0.57913	0.11479	0.20339
V486	0.19105	0.28234	0.19561	0.331
V487	0.08432	0.14069	0.17806	0.59693
V488	0.05685	0.12654	0.6312	0.18541
V489	0.18081	0.18731	0.51798	0.11389
V490	0.22689	0.31503	0.16034	0.29774
V491	0.2944	0.41705	0.13587	0.15268
V492	0.04787	0.65143	0.18988	0.11083
V493	0.05252	0.11434	0.13658	0.69657
V494	0.1618	0.2244	0.4177	0.1961
V495	0.16748	0.51441	0.19704	0.12107
V496	0.1975	0.55586	0.10716	0.13947
V497	0.06667	0.13288	0.69024	0.11021
V498	0.21285	0.17935	0.15559	0.45221
V499	0.41366	0.28861	0.19464	0.10309
V500	0.11578	0.20407	0.54333	0.13682
V501	0.04695	0.11548	0.15344	0.68413
V502	0.36519	0.29858	0.2114	0.12484
V503	0.15123	0.17968	0.23941	0.42969
V504	0.16849	0.55797	0.11778	0.15576
V505	0.15316	0.25617	0.26424	0.32644
V506	0.09971	0.28451	0.37093	0.24485
V507	0.40065	0.18019	0.1926	0.22656
V508	0.49789	0.22184	0.14494	0.13533
V509	0.18087	0.16273	0.41227	0.24413
V510	0.17286	0.45241	0.26728	0.10745
V511	0.06057	0.36862	0.14951	0.4213
V512	0.17542	0.14338	0.17506	0.50615
V513	0.08351	0.52513	0.23339	0.15797
V514	0.05089	0.14723	0.13246	0.66942
V515	0.50392	0.14808	0.15129	0.19671
V516	0.6243	0.15857	0.11479	0.10233
V517	0.06746	0.13109	0.26752	0.53393
V518	0.66083	0.11716	0.11855	0.10346
V519	0.04345	0.65985	0.11126	0.18543
V520	0.06836	0.11676	0.47622	0.33866
V521	0.38861	0.1415	0.34364	0.12626
V522	0.05169	0.20614	0.44318	0.29899
V523	0.2428	0.20137	0.27193	0.2839
V524	0.03816	0.60951	0.2213	0.13104
V525	0.17929	0.24399	0.13728	0.43944
V526	0.41728	0.16382	0.16624	0.25267
V527	0.16586	0.13051	0.3505	0.35312
V528	0.08871	0.66234	0.10692	0.14203
V529	0.07962	0.15641	0.24982	0.51416
V530	0.05383	0.25638	0.50524	0.18455
V531	0.04365	0.67636	0.17657	0.10343
V532	0.1321	0.31787	0.13484	0.4152
V533	0.19798	0.33869	0.19991	0.26342
V534	0.05832	0.12814	0.52843	0.28511
V535	0.36094	0.09463	0.12845	0.41599
V536	0.15862	0.11105	0.33804	0.3923
V537	0.39488	0.28418	0.21277	0.10817
V538	0.2971	0.14567	0.17647	0.38075
V539	0.19133	0.38804	0.21078	0.20985
V540	0.15125	0.55566	0.15799	0.1351
V541	0.0417	0.42466	0.1577	0.37594
V542	0.15301	0.20137	0.2658	0.37982
V543	0.59271	0.09773	0.12591	0.18364
V544	0.10219	0.17268	0.223	0.50213
V545	0.24052	0.20684	0.16335	0.38929
V546	0.05897	0.68034	0.15071	0.10999
V547	0.06061	0.52626	0.29781	0.11532
V548	0.12743	0.60253	0.16216	0.10788
V549	0.25006	0.13824	0.49828	0.11341
V550	0.38064	0.11896	0.11834	0.38206
V551	0.13793	0.58219	0.13204	0.14784
V552	0.02956	0.43888	0.11991	0.41164
V553	0.18394	0.22111	0.47354	0.1214
V554	0.07091	0.16437	0.1437	0.62102
V555	0.09589	0.26561	0.30581	0.33268
V556	0.05968	0.14364	0.66557	0.13112
V557	0.54063	0.11708	0.12406	0.21824
V558	0.07049	0.60527	0.12693	0.19731
V559	0.03947	0.63562	0.22111	0.1038
V560	0.46567	0.31826	0.11398	0.10209
V561	0.06213	0.1394	0.68847	0.11
V562	0.52175	0.10252	0.19758	0.17815
V563	0.20425	0.12155	0.56573	0.10847
V564	0.09443	0.17448	0.61533	0.11576
V565	0.11696	0.28741	0.33032	0.26531
V566	0.45188	0.17217	0.11795	0.258
V567	0.15716	0.39297	0.13121	0.31866
V568	0.17638	0.11152	0.15985	0.55225
V569	0.44421	0.11633	0.11503	0.32443
V570	0.06616	0.30837	0.46852	0.15695
V571	0.54456	0.1922	0.11425	0.149
V572	0.31059	0.11718	0.38943	0.18281
V573	0.07309	0.2185	0.12984	0.57857
V574	0.05666	0.61667	0.21072	0.11595
V575	0.05196	0.16779	0.19802	0.58224
V576	0.12654	0.62741	0.13261	0.11344
V577	0.06552	0.14459	0.24529	0.54459
V578	0.08686	0.16854	0.50679	0.23781
V579	0.03597	0.67351	0.16651	0.12401
V580	0.12566	0.11579	0.19459	0.56396
V581	0.07539	0.15742	0.1308	0.63638
V582	0.37306	0.20965	0.13787	0.27943
V583	0.05424	0.15307	0.45457	0.33812
V584	0.35056	0.22065	0.29662	0.13217
V585	0.05235	0.12446	0.37639	0.4468
V586	0.19477	0.12361	0.50428	0.17734
V587	0.21794	0.12762	0.52657	0.12787
V588	0.40523	0.13145	0.1385	0.32482
V589	0.06414	0.62691	0.15137	0.15758
V590	0.06415	0.60394	0.22169	0.11022
V591	0.04553	0.13944	0.23864	0.57639
V592	0.15275	0.14417	0.60091	0.10217
V593	0.38762	0.10049	0.23762	0.27426
V594	0.23881	0.30907	0.3108	0.14131
V595	0.05641	0.1247	0.1431	0.67579
V596	0.05964	0.29522	0.24651	0.39864
V597	0.0366	0.48564	0.30612	0.17164
V598	0.06742	0.20214	0.61307	0.11737
V599	0.41631	0.32441	0.13516	0.12412
V600	0.24077	0.41792	0.1467	0.19461
V601	0.12657	0.28692	0.1711	0.41541
V602	0.05648	0.12407	0.13986	0.67959
V603	0.03988	0.33841	0.12912	0.49259
V604	0.35224	0.19644	0.32417	0.12715
V605	0.08421	0.33075	0.34027	0.24477
V606	0.47344	0.21314	0.12365	0.18976
V607	0.4256	0.11093	0.19064	0.27283
V608	0.17105	0.22611	0.33755	0.26528
V609	0.05552	0.26731	0.25307	0.4241
V610	0.5077	0.11526	0.17998	0.19705
V611	0.20105	0.10964	0.1593	0.53001
V612	0.07339	0.18435	0.58576	0.1565
V613	0.07095	0.3341	0.45733	0.13761
V614	0.49724	0.14789	0.15147	0.2034
V615	0.11204	0.14348	0.13376	0.61072
V616	0.0759	0.55473	0.13842	0.23095
V617	0.3324	0.22564	0.34357	0.09838
V618	0.47553	0.0992	0.11517	0.3101
V619	0.2653	0.1323	0.31079	0.29161
V620	0.04277	0.54193	0.30704	0.10826
V621	0.27892	0.21694	0.22667	0.27748
V622	0.25443	0.2688	0.3486	0.12817
V623	0.05242	0.16182	0.20878	0.57698
V624	0.53398	0.23924	0.11363	0.11315
V625	0.18989	0.42687	0.17432	0.20892
V626	0.6606	0.11067	0.11896	0.10977
V627	0.04648	0.12613	0.16986	0.65752
V628	0.03848	0.24803	0.13532	0.57816
V629	0.11422	0.30483	0.27537	0.30558
V630	0.07094	0.33419	0.45176	0.14311
V631	0.04937	0.23501	0.18457	0.53105
V632	0.38347	0.09877	0.21086	0.3069
V633	0.05472	0.14449	0.60336	0.19743
V634	0.27944	0.29477	0.32071	0.10508
V635	0.0438	0.5885	0.11066	0.25704
V636	0.12607	0.19257	0.48472	0.19664
V637	0.20854	0.24061	0.17404	0.37681
V638	0.24685	0.27965	0.16286	0.31065
V639	0.20503	0.39335	0.30082	0.1008
V640	0.07726	0.22513	0.55433	0.14328
V641	0.59649	0.12515	0.13606	0.14229
V642	0.50672	0.22526	0.11255	0.15547
V643	0.04883	0.24237	0.37069	0.33811
V644	0.61889	0.1519	0.12008	0.10913
V645	0.19847	0.38033	0.30035	0.12086
V646	0.03409	0.74106	0.11297	0.11189
V647	0.14106	0.18296	0.527	0.14899
V648	0.27717	0.39477	0.20121	0.12685
V649	0.07482	0.16728	0.60818	0.14972
V650	0.09121	0.18384	0.56878	0.15616
V651	0.24406	0.12004	0.52746	0.10845
V652	0.10037	0.18262	0.36497	0.35204
V653	0.10681	0.53176	0.17128	0.19015
V654	0.45873	0.24408	0.15448	0.14271
V655	0.05157	0.46444	0.12667	0.35732
V656	0.1488	0.28332	0.12809	0.43979
V657	0.05545	0.15335	0.13498	0.65622
V658	0.39002	0.25034	0.15462	0.20502
V659	0.23347	0.17785	0.33096	0.25773
V660	0.04411	0.72324	0.1087	0.12395
V661	0.06609	0.36961	0.15531	0.40899
V662	0.28924	0.12576	0.40227	0.18273
V663	0.1893	0.17097	0.44948	0.19026
V664	0.17391	0.16845	0.51547	0.14217
V665	0.44998	0.2352	0.14309	0.17173
V666	0.3821	0.09846	0.18625	0.33319
V667	0.52376	0.15308	0.22503	0.09812
V668	0.10609	0.62945	0.1625	0.10197
V669	0.17148	0.37958	0.26503	0.18391
V670	0.07663	0.69247	0.10833	0.12258
V671	0.24911	0.30315	0.27148	0.17626
V672	0.07058	0.14279	0.65544	0.13118
V673	0.17136	0.35195	0.25271	0.22397
V674	0.46758	0.20772	0.12885	0.19585
V675	0.123	0.32745	0.299	0.25055
V676	0.05662	0.18584	0.18733	0.57021
V677	0.25525	0.37183	0.17795	0.19497
V678	0.34985	0.4261	0.11979	0.10426
V679	0.08052	0.32272	0.48225	0.11452
V680	0.21843	0.46428	0.19871	0.11858
V681	0.60677	0.14442	0.12562	0.12319
V682	0.11686	0.31218	0.43456	0.1364
V683	0.0343	0.74199	0.11899	0.10473
V684	0.46188	0.21978	0.17497	0.14336
V685	0.32814	0.33943	0.19306	0.13937
V686	0.09292	0.2326	0.20853	0.46596
V687	0.05657	0.11926	0.14362	0.68055
V688	0.24933	0.44022	0.10984	0.20062
V689	0.18288	0.10393	0.15599	0.5572
V690	0.3278	0.14397	0.37494	0.15329
V691	0.15348	0.12477	0.61261	0.10914
V692	0.10184	0.21756	0.52458	0.15602
V693	0.17674	0.19153	0.3314	0.30032
V694	0.05101	0.13186	0.2903	0.52683
V695	0.17921	0.11238	0.21822	0.49019
V696	0.08178	0.16361	0.13798	0.61663
V697	0.05108	0.14042	0.13802	0.67048
V698	0.54608	0.09766	0.12499	0.23127
V699	0.36773	0.30048	0.15845	0.17333
V700	0.16793	0.12294	0.13195	0.57718
V701	0.10087	0.43862	0.18257	0.27793
V702	0.34671	0.16079	0.12748	0.36501
V703	0.12804	0.15588	0.39761	0.31847
V704	0.54293	0.13049	0.1358	0.19079
V705	0.65549	0.09462	0.12697	0.12293
V706	0.10362	0.15712	0.56753	0.17173
V707	0.06866	0.39136	0.4026	0.13737
V708	0.05017	0.66272	0.12135	0.16576
V709	0.12942	0.29301	0.41574	0.16184
V710	0.38938	0.24999	0.14827	0.21236
V711	0.08622	0.61618	0.16788	0.12973
V712	0.54093	0.13621	0.11963	0.20323
V713	0.27917	0.30784	0.13683	0.27617
V714	0.03308	0.52578	0.12447	0.31668
V715	0.21884	0.33446	0.29318	0.15352
V716	0.06057	0.13612	0.15615	0.64717
V717	0.07651	0.69818	0.10794	0.11736
V718	0.12514	0.46659	0.21745	0.19082
V719	0.0639	0.5524	0.13225	0.25145
V720	0.47467	0.10149	0.26589	0.15795
V721	0.11941	0.2297	0.38591	0.26498
V722	0.08517	0.32137	0.12868	0.46478
V723	0.09949	0.16284	0.13255	0.60513
V724	0.37578	0.12163	0.17565	0.32694
V725	0.05676	0.18869	0.62377	0.13078
V726	0.056	0.34863	0.19153	0.40384
V727	0.19564	0.52997	0.16888	0.10551
V728	0.0475	0.67481	0.16702	0.11067
V729	0.27136	0.11536	0.22322	0.39006
V730	0.60837	0.11979	0.14869	0.12314
V731	0.0595	0.24779	0.34039	0.35232
V732	0.24606	0.17096	0.32601	0.25698
V733	0.41542	0.23581	0.13716	0.2116
V734	0.18691	0.31852	0.38844	0.10613
V735	0.05857	0.13566	0.39552	0.41024
V736	0.11829	0.11393	0.13574	0.63204
V737	0.22877	0.30329	0.25865	0.20929
V738	0.09342	0.33083	0.37183	0.20392
V739	0.04957	0.12543	0.46755	0.35744
V740	0.56448	0.1626	0.16383	0.1091
V741	0.31303	0.18071	0.19685	0.3094
V742	0.27604	0.5051	0.11979	0.09907
V743	0.13532	0.21672	0.52495	0.123
V744	0.35345	0.13894	0.31988	0.18774
V745	0.04174	0.54707	0.21882	0.19236
V746	0.68213	0.09415	0.11977	0.10396
V747	0.08892	0.12059	0.53152	0.25897
V748	0.12407	0.19092	0.45399	0.23102
V749	0.19396	0.22467	0.1547	0.42667
V750	0.27069	0.4087	0.12624	0.19437
V751	0.05815	0.65913	0.13287	0.14985
V752	0.29887	0.26415	0.1999	0.23708
V753	0.05205	0.1193	0.1359	0.69275
V754	0.03331	0.70144	0.10675	0.1585
V755	0.12928	0.24716	0.31098	0.31258
V756	0.05652	0.11982	0.15671	0.66696
V757	0.23325	0.48719	0.15387	0.12569
V758	0.06047	0.59078	0.18373	0.16502
V759	0.12086	0.1605	0.34702	0.37161
V760	0.21014	0.15484	0.28329	0.35173
V761	0.07943	0.47916	0.27	0.17141
V762	0.03443	0.34466	0.12861	0.4923
V763	0.2519	0.34	0.13224	0.27586
V764	0.03373	0.69565	0.11247	0.15815
V765	0.43082	0.16557	0.11265	0.29096
V766	0.05364	0.32535	0.36331	0.2577
V767	0.32034	0.19929	0.26586	0.21451
V768	0.06334	0.69032	0.12307	0.12327
V769	0.11881	0.64014	0.12746	0.1136
V770	0.03409	0.74106	0.11297	0.11189
V771	0.15922	0.13065	0.59526	0.11487
V772	0.13957	0.15196	0.60015	0.10832
V773	0.12889	0.64407	0.11364	0.1134
V774	0.07137	0.13112	0.66627	0.13123
V775	0.11191	0.14346	0.28279	0.46184
V776	0.27983	0.38289	0.14841	0.18887
V777	0.13758	0.1905	0.20501	0.46691
V778	0.34773	0.29393	0.15929	0.19905
V779	0.14847	0.14739	0.40525	0.29889
V780	0.10252	0.60627	0.18915	0.10207
V781	0.06621	0.12936	0.14701	0.65742
V782	0.05826	0.20693	0.57823	0.15658
V783	0.51589	0.11358	0.15223	0.2183
V784	0.09603	0.67798	0.11682	0.10917
V785	0.0503	0.70751	0.11818	0.12401
V786	0.47431	0.21909	0.17041	0.13619
V787	0.03288	0.65153	0.20476	0.11083
V788	0.33693	0.31294	0.21179	0.13835
V789	0.07436	0.33594	0.1371	0.4526
V790	0.29595	0.12501	0.17225	0.40679
V791	0.12345	0.35576	0.30441	0.21638
V792	0.10984	0.44534	0.11483	0.32999
V793	0.10347	0.52057	0.13249	0.24348
V794	0.08561	0.17796	0.57335	0.16308
V795	0.10107	0.13947	0.16342	0.59603
V796	0.07484	0.18	0.62049	0.12466
V797	0.52214	0.10382	0.26332	0.11072
V798	0.41215	0.30854	0.16383	0.11548
V799	0.11039	0.59876	0.12693	0.16392
V800	0.08998	0.13721	0.41433	0.35848
V801	0.12437	0.19775	0.30576	0.37213
V802	0.06566	0.17116	0.27663	0.48655
V803	0.17319	0.45278	0.27376	0.10027
V804	0.36155	0.12285	0.35677	0.15883
V805	0.06692	0.13385	0.69472	0.10451
V806	0.05773	0.68779	0.11793	0.13655
V807	0.18003	0.21006	0.14609	0.46382
V808	0.43659	0.29117	0.14227	0.12997
V809	0.08495	0.14971	0.66172	0.10362
V810	0.03387	0.74552	0.10878	0.11183
V811	0.27912	0.16432	0.24537	0.31119
V812	0.35379	0.28432	0.14851	0.21338
V813	0.39627	0.2448	0.23322	0.12571
V814	0.29418	0.45806	0.14275	0.10501
V815	0.02975	0.70349	0.15589	0.11087
V816	0.64492	0.09631	0.16018	0.09859
V817	0.07589	0.17481	0.63242	0.11687
V818	0.04589	0.14102	0.15281	0.66028
V819	0.5505	0.16251	0.15168	0.13532
V820	0.11037	0.17415	0.14127	0.57422
V821	0.16984	0.32376	0.34458	0.16182
V822	0.10171	0.14135	0.63398	0.12296
V823	0.06872	0.24971	0.50368	0.17789
V824	0.10265	0.36009	0.43499	0.10227
V825	0.1662	0.30545	0.26303	0.26532
V826	0.29203	0.38168	0.21519	0.1111
V827	0.25708	0.49819	0.11916	0.12557
V828	0.16046	0.22228	0.18815	0.42911
V829	0.05901	0.26265	0.14799	0.53035
V830	0.15741	0.25718	0.13848	0.44693
V831	0.50291	0.1679	0.13885	0.19033
V832	0.1907	0.36795	0.21814	0.22321
V833	0.12383	0.43035	0.22199	0.22384
V834	0.20152	0.16153	0.17173	0.46522
V835	0.24406	0.3997	0.18689	0.16935
V836	0.03271	0.53098	0.11359	0.32273
V837	0.16293	0.35638	0.22911	0.25159
V838	0.63296	0.1251	0.13836	0.10358
V839	0.21523	0.50275	0.17588	0.10614
V840	0.21049	0.57716	0.1124	0.09995
V841	0.05731	0.15553	0.63713	0.15004
V842	0.24336	0.22856	0.27115	0.25692
V843	0.0683	0.14067	0.62665	0.16438
V844	0.1115	0.18023	0.33648	0.37179
V845	0.09554	0.19667	0.55152	0.15627
V846	0.0536	0.12987	0.55897	0.25757
V847	0.04807	0.11468	0.14042	0.69683
V848	0.08884	0.42956	0.21682	0.26478
V849	0.02761	0.72242	0.1131	0.13687
V850	0.66783	0.09499	0.1272	0.10998
V851	0.23824	0.45718	0.20464	0.09994
V852	0.10178	0.1468	0.2039	0.54752
V853	0.18462	0.26865	0.35068	0.19605
V854	0.38597	0.22792	0.17998	0.20613
V855	0.04807	0.11468	0.14042	0.69683
V856	0.06801	0.34196	0.31737	0.27266
V857	0.43653	0.22917	0.1373	0.197
V858	0.39104	0.11658	0.38692	0.10547
V859	0.42797	0.26553	0.12813	0.17837
V860	0.14047	0.18759	0.1582	0.51374
V861	0.10264	0.34796	0.43566	0.11373
V862	0.13594	0.18324	0.53781	0.143
V863	0.14829	0.14675	0.12759	0.57737
V864	0.07762	0.13505	0.15984	0.6275
V865	0.11228	0.11821	0.27752	0.49199
V866	0.49734	0.11706	0.27471	0.11089
V867	0.49767	0.12321	0.27492	0.1042
V868	0.33657	0.29816	0.1976	0.16767
V869	0.03945	0.73638	0.1128	0.11137
V870	0.09415	0.32166	0.13232	0.45187
V871	0.02761	0.72242	0.1131	0.13687
V872	0.05129	0.12585	0.26636	0.5565
V873	0.59604	0.12009	0.15482	0.12905
V874	0.15064	0.62092	0.12729	0.10115
V875	0.05003	0.24091	0.2362	0.47285
V876	0.13855	0.33102	0.35384	0.17659
V877	0.06697	0.36698	0.28632	0.27973
V878	0.11333	0.63358	0.15127	0.10183
V879	0.14349	0.54779	0.13898	0.16974
V880	0.21083	0.4612	0.11419	0.21378
V881	0.13856	0.15042	0.46621	0.2448
V882	0.53553	0.09726	0.20215	0.16507
V883	0.21854	0.25122	0.42985	0.1004
V884	0.0472	0.27964	0.12215	0.55101
V885	0.48039	0.25174	0.17002	0.09785
V886	0.0533	0.35144	0.38445	0.21081
V887	0.41383	0.15457	0.21935	0.21226
V888	0.11626	0.15461	0.55141	0.17772
V889	0.62143	0.13084	0.13225	0.11549
V890	0.07247	0.22113	0.46903	0.23737
V891	0.42202	0.14528	0.29584	0.13686
V892	0.19095	0.22795	0.13029	0.4508
V893	0.3811	0.25575	0.21272	0.15043
V894	0.08997	0.32136	0.45139	0.13729
V895	0.38822	0.1565	0.24183	0.21345
V896	0.04998	0.71284	0.11325	0.12394
V897	0.45367	0.27882	0.11876	0.14875
V898	0.30344	0.09797	0.12634	0.47224
V899	0.05424	0.23761	0.20471	0.50344
V900	0.08996	0.30893	0.32226	0.27885
V901	0.05037	0.63448	0.11187	0.20328
V902	0.05869	0.69032	0.14119	0.1098
V903	0.04798	0.38634	0.42191	0.14376
V904	0.03927	0.74062	0.10894	0.11117
V905	0.12796	0.10904	0.22999	0.53301
V906	0.26103	0.1741	0.18847	0.37641
V907	0.28443	0.44427	0.12647	0.14483
V908	0.05033	0.14285	0.16853	0.63829
V909	0.10874	0.62243	0.10514	0.1637
V910	0.13212	0.108	0.20003	0.55984
V911	0.33768	0.36655	0.1359	0.15987
V912	0.25739	0.3275	0.19242	0.22269
V913	0.10138	0.10989	0.13625	0.65248
V914	0.14724	0.43043	0.28725	0.13509
V915	0.16283	0.10459	0.1338	0.59878
V916	0.20044	0.16009	0.49761	0.14186
V917	0.47125	0.12549	0.2239	0.17935
V918	0.06451	0.50965	0.24744	0.1784
V919	0.1546	0.27137	0.28861	0.28542
V920	0.39859	0.24687	0.17473	0.17981
V921	0.05562	0.21404	0.14615	0.58419
V922	0.10421	0.4119	0.34057	0.14332
V923	0.0839	0.12357	0.15594	0.63659
V924	0.05919	0.53882	0.27163	0.13036
V925	0.13487	0.13196	0.13749	0.59569
V926	0.14977	0.12532	0.14665	0.57827
V927	0.05569	0.13592	0.16047	0.64792
V928	0.05582	0.67421	0.11198	0.15798
V929	0.06619	0.51092	0.1916	0.23129
V930	0.33022	0.3531	0.13634	0.18034
V931	0.12935	0.29938	0.40942	0.16185
V932	0.07231	0.19858	0.46378	0.26533
V933	0.39963	0.36966	0.12254	0.10818
V934	0.04657	0.21747	0.27516	0.4608
V935	0.37069	0.22534	0.24538	0.15859
V936	0.33686	0.2896	0.12743	0.2461
V937	0.3473	0.19932	0.17286	0.28052
V938	0.25733	0.14746	0.30448	0.29073
V939	0.49273	0.11486	0.16667	0.22574
V940	0.04841	0.61378	0.20117	0.13664
V941	0.06258	0.13288	0.69431	0.11023
V942	0.48718	0.23845	0.16031	0.11406
V943	0.27627	0.20642	0.37056	0.14674
V944	0.04714	0.27764	0.16303	0.51219
V945	0.36315	0.34296	0.12111	0.17278
V946	0.30343	0.29074	0.27234	0.13349
V947	0.092	0.15006	0.25495	0.50299
V948	0.25594	0.13798	0.48719	0.11889
V949	0.0413	0.18904	0.23865	0.53102
V950	0.06944	0.44532	0.24027	0.24497
V951	0.56297	0.1125	0.21971	0.10482
V952	0.08402	0.20277	0.27028	0.44292
V953	0.06889	0.16211	0.63777	0.13124
V954	0.05966	0.2328	0.20415	0.50339
V955	0.1028	0.48392	0.12882	0.28446
V956	0.07079	0.1365	0.41419	0.37852
V957	0.22222	0.11399	0.12592	0.53787
V958	0.05252	0.11434	0.13658	0.69657
V959	0.17926	0.29055	0.36842	0.16177
V960	0.16435	0.28762	0.17059	0.37743
V961	0.12279	0.36192	0.31841	0.19688
V962	0.2547	0.23393	0.35006	0.1613
V963	0.38732	0.22898	0.21743	0.16627
V964	0.56196	0.12211	0.18594	0.12998
V965	0.06853	0.42422	0.22775	0.2795
V966	0.66127	0.10587	0.12304	0.10982
V967	0.08313	0.14988	0.42108	0.3459
V968	0.05212	0.22562	0.56529	0.15696
V969	0.04167	0.28795	0.14764	0.52273
V970	0.06782	0.20229	0.35803	0.37187
V971	0.33636	0.17594	0.3199	0.16781
V972	0.32479	0.24481	0.1487	0.28169
V973	0.18819	0.37633	0.16539	0.27009
V974	0.03621	0.60304	0.18811	0.17264
V975	0.11284	0.30863	0.4706	0.10793
V976	0.28359	0.27811	0.18836	0.24993
V977	0.23254	0.34929	0.31252	0.10566
V978	0.07611	0.17075	0.16732	0.58581
V979	0.54556	0.11503	0.23459	0.10482
V980	0.68213	0.09415	0.11977	0.10396
V981	0.24261	0.13906	0.37469	0.24364
V982	0.28723	0.37114	0.16618	0.17545
V983	0.45165	0.1455	0.11876	0.2841
V984	0.04189	0.64361	0.17743	0.13707
V985	0.07783	0.23109	0.12797	0.56311
V986	0.22182	0.44587	0.14402	0.18828
V987	0.17526	0.59682	0.10619	0.12172
V988	0.1562	0.11748	0.13719	0.58914
V989	0.2958	0.41898	0.16672	0.1185
V990	0.05282	0.15745	0.57807	0.21167
V991	0.43237	0.34692	0.11204	0.10866
V992	0.16916	0.11866	0.42591	0.28628
V993	0.07509	0.57082	0.21143	0.14266
V994	0.1435	0.61502	0.12781	0.11367
V995	0.47637	0.18081	0.13938	0.20343
V996	0.18533	0.19093	0.13049	0.49325
V997	0.06719	0.13327	0.60229	0.19725
V998	0.58454	0.10781	0.16527	0.14238
V999	0.10197	0.68086	0.10826	0.10891
V1000	0.21093	0.11904	0.12709	0.54294
