CD19B	CD56NK	CD4MemoryT	CD14
V1	0.38574	0.0963	0.22377	0.29418
V2	0.13038	0.16461	0.14364	0.56137
V3	0.06385	0.52412	0.10151	0.31052
V4	0.60197	0.17506	0.10797	0.115
V5	0.1101	0.42741	0.25048	0.21201
V6	0.0773	0.70188	0.10317	0.11765
V7	0.12623	0.34692	0.15457	0.37227
V8	0.14905	0.10669	0.61214	0.13212
V9	0.1799	0.26438	0.1313	0.42442
V10	0.0771	0.11352	0.66202	0.14736
V11	0.17867	0.34896	0.36667	0.1057
V12	0.06021	0.50561	0.32088	0.1133
V13	0.19886	0.5896	0.09555	0.11599
V14	0.07167	0.73169	0.0926	0.10405
V15	0.11101	0.50806	0.17065	0.21028
V16	0.631	0.11657	0.12829	0.12414
V17	0.08437	0.70097	0.09718	0.11748
V18	0.39238	0.34612	0.13294	0.12856
V19	0.13072	0.66655	0.09411	0.10862
V20	0.13489	0.41529	0.11199	0.33783
V21	0.14747	0.13578	0.58581	0.13094
V22	0.05762	0.16946	0.2316	0.54133
V23	0.2982	0.12156	0.47162	0.10862
V24	0.66537	0.10109	0.13549	0.09806
V25	0.24432	0.26772	0.18625	0.30171
V26	0.27031	0.37167	0.11435	0.24368
V27	0.10219	0.13997	0.12566	0.63218
V28	0.06936	0.12188	0.70284	0.10593
V29	0.33173	0.10983	0.42971	0.12872
V30	0.10611	0.25351	0.26974	0.37064
V31	0.16847	0.2385	0.28285	0.31018
V32	0.08997	0.1228	0.13286	0.65437
V33	0.07153	0.44216	0.31213	0.17418
V34	0.14766	0.12148	0.59911	0.13174
V35	0.13554	0.59586	0.14521	0.12338
V36	0.05775	0.12885	0.39468	0.41871
V37	0.37258	0.14807	0.17258	0.30677
V38	0.30566	0.09349	0.2235	0.37735
V39	0.13883	0.48703	0.17702	0.19712
V40	0.09388	0.66991	0.13817	0.09804
V41	0.03516	0.55927	0.12233	0.28324
V42	0.18293	0.12097	0.23996	0.45614
V43	0.13534	0.33573	0.40139	0.12754
V44	0.06966	0.15455	0.55025	0.22553
V45	0.10121	0.50381	0.2291	0.16588
V46	0.55932	0.14279	0.19533	0.10256
V47	0.32234	0.23443	0.30415	0.13907
V48	0.55615	0.21973	0.11048	0.11364
V49	0.50039	0.23446	0.10277	0.16238
V50	0.07373	0.67736	0.14393	0.10498
V51	0.23407	0.37935	0.26129	0.1253
V52	0.08039	0.1745	0.61258	0.13253
V53	0.51202	0.18134	0.20931	0.09733
V54	0.30838	0.23671	0.33624	0.11867
V55	0.1744	0.19348	0.25446	0.37766
V56	0.07245	0.11625	0.16408	0.64722
V57	0.09074	0.69582	0.10332	0.11012
V58	0.43976	0.09159	0.14326	0.32539
V59	0.30197	0.38897	0.17249	0.13657
V60	0.13075	0.21138	0.30088	0.35699
V61	0.5508	0.16904	0.1172	0.16295
V62	0.61552	0.1115	0.16304	0.10993
V63	0.0439	0.67123	0.16587	0.11901
V64	0.03303	0.68464	0.08722	0.19511
V65	0.05611	0.11199	0.17084	0.66107
V66	0.16387	0.57983	0.10633	0.14997
V67	0.1489	0.32843	0.41005	0.11263
V68	0.13442	0.20279	0.12608	0.53671
V69	0.07018	0.31717	0.47045	0.14221
V70	0.37602	0.20705	0.22617	0.19076
V71	0.15342	0.15304	0.33529	0.35824
V72	0.39332	0.21167	0.17011	0.2249
V73	0.13231	0.52133	0.18164	0.16471
V74	0.09552	0.25497	0.54725	0.10226
V75	0.49861	0.0866	0.24289	0.1719
V76	0.04327	0.22522	0.21672	0.51479
V77	0.06094	0.30057	0.11133	0.52717
V78	0.22807	0.18334	0.22553	0.36306
V79	0.0642	0.16828	0.59427	0.17325
V80	0.27792	0.10533	0.44773	0.16902
V81	0.09858	0.21154	0.58107	0.10881
V82	0.06769	0.14111	0.67955	0.11165
V83	0.12357	0.22659	0.15503	0.49481
V84	0.28361	0.12845	0.21668	0.37126
V85	0.11573	0.32143	0.34111	0.22172
V86	0.09623	0.13152	0.63309	0.13916
V87	0.05177	0.66921	0.12692	0.15211
V88	0.15127	0.14567	0.27237	0.43069
V89	0.0613	0.11627	0.23373	0.58871
V90	0.04801	0.71319	0.12586	0.11294
V91	0.05717	0.60891	0.20718	0.12674
V92	0.33754	0.10881	0.35411	0.19954
V93	0.61669	0.09495	0.11234	0.17602
V94	0.04307	0.40873	0.11338	0.43483
V95	0.19515	0.39907	0.20074	0.20503
V96	0.08703	0.17324	0.12899	0.61075
V97	0.48191	0.16954	0.2455	0.10305
V98	0.4773	0.31308	0.10389	0.10574
V99	0.56152	0.12069	0.21336	0.10443
V100	0.11524	0.119	0.64069	0.12508
V101	0.05606	0.12582	0.11969	0.69843
V102	0.64972	0.12243	0.11774	0.11011
V103	0.05438	0.13674	0.16825	0.64063
V104	0.04585	0.75657	0.09201	0.10557
V105	0.06388	0.73353	0.09813	0.10446
V106	0.11859	0.45472	0.29443	0.13226
V107	0.17075	0.24267	0.44513	0.14144
V108	0.12977	0.62119	0.15147	0.09758
V109	0.06364	0.2174	0.45443	0.26453
V110	0.06511	0.70197	0.11495	0.11797
V111	0.64731	0.08248	0.16573	0.10448
V112	0.13551	0.14758	0.36491	0.352
V113	0.15867	0.17843	0.21995	0.44294
V114	0.19251	0.13459	0.16423	0.50868
V115	0.04077	0.62183	0.23121	0.10619
V116	0.13596	0.31992	0.32315	0.22096
V117	0.46316	0.27885	0.12867	0.12931
V118	0.13493	0.49761	0.11717	0.2503
V119	0.11385	0.15904	0.14397	0.58313
V120	0.11399	0.14625	0.62261	0.11715
V121	0.40729	0.1908	0.17022	0.23169
V122	0.67675	0.08914	0.12379	0.11032
V123	0.03639	0.45287	0.12867	0.38207
V124	0.45185	0.30724	0.10055	0.14036
V125	0.27735	0.39071	0.21524	0.1167
V126	0.06523	0.20735	0.14253	0.5849
V127	0.15072	0.13628	0.26853	0.44447
V128	0.06486	0.11608	0.18224	0.63682
V129	0.40046	0.26335	0.21191	0.12428
V130	0.04323	0.55503	0.29602	0.10572
V131	0.04291	0.71132	0.08636	0.15941
V132	0.65854	0.08942	0.13493	0.1171
V133	0.64076	0.09584	0.15345	0.10996
V134	0.10712	0.37033	0.18228	0.34027
V135	0.09834	0.11918	0.22236	0.56012
V136	0.18163	0.37765	0.1094	0.33131
V137	0.45827	0.11878	0.27098	0.15197
V138	0.16785	0.38037	0.21211	0.23968
V139	0.25426	0.24864	0.22885	0.26825
V140	0.06274	0.16951	0.14502	0.62273
V141	0.09417	0.21664	0.42457	0.26462
V142	0.56507	0.08699	0.24972	0.09821
V143	0.29545	0.28559	0.15292	0.26603
V144	0.14601	0.21348	0.21249	0.42803
V145	0.03595	0.6272	0.23014	0.10671
V146	0.07741	0.11838	0.1343	0.66991
V147	0.63878	0.10254	0.12801	0.13068
V148	0.13876	0.15661	0.45392	0.25072
V149	0.20416	0.45898	0.23285	0.104
V150	0.11061	0.27313	0.45405	0.16222
V151	0.15934	0.53463	0.11602	0.19001
V152	0.18246	0.40922	0.23455	0.17377
V153	0.09728	0.6147	0.10423	0.1838
V154	0.19356	0.41568	0.26574	0.12502
V155	0.33685	0.203	0.28669	0.17347
V156	0.08108	0.20456	0.51817	0.19619
V157	0.23271	0.21572	0.29681	0.25476
V158	0.05668	0.11469	0.12892	0.69971
V159	0.61615	0.1379	0.10949	0.13646
V160	0.47584	0.09196	0.16049	0.27171
V161	0.17252	0.10754	0.13636	0.58358
V162	0.07892	0.31195	0.15689	0.45224
V163	0.10019	0.43802	0.20281	0.25898
V164	0.24259	0.31826	0.17301	0.26613
V165	0.04479	0.28731	0.10596	0.56194
V166	0.05116	0.17617	0.15476	0.61792
V167	0.2539	0.09651	0.1188	0.53079
V168	0.21084	0.49891	0.14836	0.14189
V169	0.15617	0.14323	0.13956	0.56104
V170	0.123	0.11931	0.42384	0.33385
V171	0.13783	0.27232	0.45445	0.1354
V172	0.51421	0.08853	0.29136	0.10591
V173	0.06042	0.207	0.13847	0.59411
V174	0.05298	0.22289	0.15689	0.56724
V175	0.10549	0.10691	0.58938	0.19823
V176	0.03932	0.65922	0.19461	0.10685
V177	0.03316	0.76665	0.08747	0.11272
V178	0.03225	0.62552	0.09316	0.24907
V179	0.15585	0.10766	0.34338	0.39311
V180	0.04877	0.71426	0.13772	0.09925
V181	0.15781	0.19693	0.42935	0.21591
V182	0.23735	0.23286	0.38423	0.14556
V183	0.14354	0.65913	0.09465	0.10268
V184	0.69979	0.08198	0.11963	0.09859
V185	0.39549	0.39284	0.10991	0.10176
V186	0.11697	0.43354	0.25689	0.1926
V187	0.6711	0.08943	0.13514	0.10432
V188	0.0762	0.26555	0.10704	0.55122
V189	0.56126	0.10429	0.1248	0.20966
V190	0.47533	0.097	0.32162	0.10605
V191	0.17053	0.24935	0.44497	0.13515
V192	0.21799	0.42656	0.1316	0.22385
V193	0.42456	0.11949	0.26433	0.19162
V194	0.0507	0.73814	0.09277	0.11838
V195	0.07354	0.12195	0.69268	0.11182
V196	0.05393	0.15678	0.12165	0.66764
V197	0.2896	0.13501	0.13181	0.44358
V198	0.08678	0.44869	0.31784	0.14669
V199	0.1481	0.12286	0.22247	0.50657
V200	0.11266	0.48831	0.10851	0.29053
V201	0.10065	0.48349	0.21065	0.20522
V202	0.07237	0.11558	0.57937	0.23268
V203	0.14962	0.39728	0.33354	0.11955
V204	0.03465	0.46983	0.1023	0.39322
V205	0.07755	0.14041	0.66273	0.11932
V206	0.09532	0.16734	0.628	0.10934
V207	0.12251	0.23882	0.14394	0.49473
V208	0.21966	0.14709	0.5186	0.11466
V209	0.21862	0.42618	0.14601	0.20919
V210	0.08669	0.62464	0.15088	0.13779
V211	0.29828	0.1063	0.13742	0.45799
V212	0.37543	0.1242	0.38224	0.11813
V213	0.43863	0.11312	0.18822	0.26003
V214	0.2402	0.21821	0.21241	0.32918
V215	0.2142	0.1738	0.12361	0.4884
V216	0.0668	0.11383	0.12894	0.69043
V217	0.06696	0.44166	0.23753	0.25384
V218	0.10039	0.40732	0.20474	0.28755
V219	0.09744	0.539	0.10107	0.26249
V220	0.03332	0.66571	0.09198	0.209
V221	0.55967	0.08782	0.11561	0.2369
V222	0.24192	0.20129	0.32865	0.22814
V223	0.06271	0.2053	0.56767	0.16432
V224	0.68925	0.08223	0.12986	0.09866
V225	0.06575	0.70255	0.12705	0.10465
V226	0.25118	0.1615	0.47365	0.11368
V227	0.55874	0.08608	0.24395	0.11123
V228	0.52907	0.1428	0.15808	0.17005
V229	0.07895	0.12038	0.67373	0.12694
V230	0.05584	0.1258	0.12885	0.68951
V231	0.0506	0.29893	0.17448	0.47599
V232	0.057	0.55014	0.09055	0.3023
V233	0.39338	0.16391	0.23915	0.20356
V234	0.05241	0.7263	0.10866	0.11262
V235	0.28939	0.14232	0.44031	0.12799
V236	0.09317	0.15313	0.5888	0.16491
V237	0.13965	0.10899	0.13943	0.61192
V238	0.12461	0.48328	0.25462	0.13749
V239	0.07659	0.37926	0.11441	0.42973
V240	0.36025	0.12269	0.37707	0.14
V241	0.07696	0.11283	0.65083	0.15937
V242	0.11676	0.62242	0.15156	0.10926
V243	0.21153	0.13128	0.49482	0.16237
V244	0.1926	0.10344	0.53321	0.17075
V245	0.40732	0.31095	0.14056	0.14117
V246	0.09717	0.21056	0.56807	0.1242
V247	0.16996	0.11468	0.61177	0.10359
V248	0.06025	0.13101	0.14333	0.66541
V249	0.06441	0.13369	0.64286	0.15905
V250	0.54578	0.08752	0.26085	0.10584
V251	0.6625	0.11564	0.11823	0.10363
V252	0.03916	0.6774	0.18416	0.09928
V253	0.26199	0.15362	0.2142	0.37019
V254	0.03458	0.73817	0.12059	0.10666
V255	0.05625	0.72617	0.08619	0.1314
V256	0.1621	0.25567	0.41235	0.16987
V257	0.29941	0.17478	0.2565	0.26932
V258	0.15916	0.29036	0.35659	0.19389
V259	0.07667	0.30947	0.47677	0.13708
V260	0.05591	0.30504	0.53054	0.10851
V261	0.42899	0.11787	0.24164	0.2115
V262	0.10213	0.14562	0.12518	0.62706
V263	0.03923	0.75464	0.08821	0.11793
V264	0.15575	0.13096	0.36731	0.34599
V265	0.06682	0.10995	0.19708	0.62616
V266	0.45038	0.34811	0.10664	0.09488
V267	0.04429	0.23445	0.2729	0.44836
V268	0.27514	0.11574	0.20593	0.40319
V269	0.04564	0.48563	0.32761	0.14112
V270	0.45275	0.10998	0.27172	0.16556
V271	0.54772	0.1406	0.13484	0.17684
V272	0.0622	0.66194	0.09754	0.17832
V273	0.07749	0.12347	0.13976	0.65928
V274	0.49147	0.08659	0.23752	0.18442
V275	0.06872	0.12173	0.69772	0.11184
V276	0.34155	0.33985	0.1096	0.209
V277	0.06358	0.25149	0.20547	0.47946
V278	0.07178	0.14986	0.28411	0.49425
V279	0.4735	0.13611	0.1875	0.20289
V280	0.05668	0.11469	0.12892	0.69971
V281	0.37608	0.11502	0.20704	0.30186
V282	0.09937	0.15343	0.59623	0.15097
V283	0.16081	0.49989	0.13632	0.20297
V284	0.04865	0.71981	0.12562	0.10591
V285	0.11122	0.11269	0.67116	0.10493
V286	0.1834	0.47916	0.1655	0.17194
V287	0.09006	0.69558	0.09775	0.1166
V288	0.05555	0.30039	0.35331	0.29076
V289	0.22274	0.26013	0.35716	0.15998
V290	0.57597	0.21146	0.11664	0.09593
V291	0.35901	0.14907	0.38016	0.11176
V292	0.65562	0.0882	0.11314	0.14304
V293	0.24748	0.11077	0.50585	0.1359
V294	0.08824	0.35512	0.10301	0.45363
V295	0.0535	0.23259	0.22231	0.4916
V296	0.16685	0.19106	0.47213	0.16996
V297	0.09179	0.10827	0.15887	0.64107
V298	0.24359	0.17517	0.46753	0.1137
V299	0.07991	0.29473	0.1152	0.51016
V300	0.04992	0.12903	0.25017	0.57088
V301	0.13441	0.18584	0.48956	0.19019
V302	0.45005	0.34105	0.10172	0.10718
V303	0.03928	0.51265	0.32006	0.12801
V304	0.09791	0.12226	0.55355	0.22627
V305	0.12639	0.22086	0.3752	0.27755
V306	0.55376	0.163	0.14705	0.13619
V307	0.03946	0.7495	0.09839	0.11264
V308	0.18235	0.2658	0.28275	0.2691
V309	0.23134	0.32255	0.12051	0.3256
V310	0.08784	0.32236	0.19532	0.39448
V311	0.35826	0.43896	0.10131	0.10148
V312	0.09534	0.60655	0.17974	0.11837
V313	0.04732	0.18246	0.12521	0.64501
V314	0.04324	0.42907	0.16797	0.35972
V315	0.10576	0.52758	0.11606	0.2506
V316	0.23518	0.20149	0.34169	0.22164
V317	0.08436	0.5766	0.1214	0.21764
V318	0.05275	0.47991	0.10466	0.36269
V319	0.1007	0.14551	0.6216	0.13218
V320	0.10662	0.20954	0.48828	0.19556
V321	0.44334	0.35562	0.10607	0.09496
V322	0.15218	0.32549	0.14943	0.3729
V323	0.07756	0.12333	0.16919	0.62992
V324	0.45189	0.28084	0.15256	0.1147
V325	0.22231	0.54456	0.13014	0.10299
V326	0.03085	0.48398	0.15449	0.33069
V327	0.05397	0.20867	0.17507	0.5623
V328	0.09116	0.12233	0.55359	0.23293
V329	0.14677	0.18534	0.21285	0.45504
V330	0.28522	0.10085	0.32247	0.29146
V331	0.24215	0.16474	0.14161	0.4515
V332	0.05349	0.14331	0.22152	0.58168
V333	0.30493	0.15635	0.35135	0.18737
V334	0.2645	0.10338	0.33281	0.29931
V335	0.06513	0.33877	0.40098	0.19511
V336	0.13907	0.57854	0.10568	0.17671
V337	0.21558	0.38019	0.27891	0.12532
V338	0.02747	0.77317	0.0932	0.10617
V339	0.14265	0.11016	0.63586	0.11133
V340	0.08724	0.26637	0.41052	0.23586
V341	0.05996	0.13152	0.15276	0.65576
V342	0.21125	0.10187	0.48441	0.20247
V343	0.68194	0.09461	0.12006	0.10339
V344	0.47205	0.20433	0.22606	0.09755
V345	0.07384	0.12202	0.69821	0.10593
V346	0.18244	0.18694	0.27871	0.35192
V347	0.07169	0.1144	0.19248	0.62144
V348	0.06804	0.54662	0.18091	0.20443
V349	0.25509	0.22359	0.3412	0.18011
V350	0.05066	0.65433	0.19536	0.09965
V351	0.06255	0.12825	0.34523	0.46398
V352	0.09524	0.11857	0.62049	0.1657
V353	0.6065	0.10378	0.13885	0.15087
V354	0.06656	0.57375	0.22724	0.13244
V355	0.21848	0.15991	0.38628	0.23533
V356	0.06485	0.12438	0.17387	0.63691
V357	0.11189	0.33369	0.26583	0.28859
V358	0.36067	0.17538	0.14532	0.31863
V359	0.38259	0.13714	0.13508	0.34519
V360	0.37511	0.4039	0.11406	0.10694
V361	0.04733	0.41617	0.42888	0.10762
V362	0.02784	0.76817	0.09792	0.10607
V363	0.15571	0.18942	0.38419	0.27068
V364	0.15668	0.1502	0.51551	0.17761
V365	0.19693	0.11993	0.1233	0.55985
V366	0.07874	0.56461	0.14582	0.21083
V367	0.37872	0.20166	0.10959	0.31003
V368	0.08536	0.59771	0.1451	0.17182
V369	0.06084	0.37927	0.45201	0.10788
V370	0.22713	0.29558	0.35012	0.12716
V371	0.1458	0.59489	0.10928	0.15003
V372	0.13957	0.14627	0.18632	0.52784
V373	0.09959	0.20776	0.38124	0.31141
V374	0.55357	0.09298	0.25522	0.09823
V375	0.07015	0.13631	0.20065	0.59289
V376	0.06427	0.13107	0.17352	0.63114
V377	0.53909	0.08196	0.12187	0.25708
V378	0.05734	0.12853	0.3509	0.46324
V379	0.23169	0.24128	0.11582	0.4112
V380	0.1362	0.15949	0.23049	0.47382
V381	0.49817	0.09966	0.17786	0.22431
V382	0.11567	0.12482	0.64852	0.11099
V383	0.57013	0.08828	0.15178	0.18982
V384	0.37357	0.15552	0.19825	0.27265
V385	0.59115	0.09606	0.16979	0.14299
V386	0.22114	0.11214	0.20542	0.46131
V387	0.3973	0.20659	0.23125	0.16486
V388	0.2573	0.33471	0.19715	0.21084
V389	0.28044	0.46533	0.10534	0.14888
V390	0.23037	0.28274	0.38329	0.1036
V391	0.28047	0.17708	0.1234	0.41906
V392	0.28669	0.26037	0.2133	0.23964
V393	0.21342	0.26678	0.31306	0.20673
V394	0.09683	0.26293	0.17501	0.46523
V395	0.16871	0.3731	0.22442	0.23378
V396	0.03347	0.75625	0.09205	0.11824
V397	0.53052	0.15839	0.18083	0.13026
V398	0.29835	0.20124	0.1716	0.3288
V399	0.15184	0.48077	0.18911	0.17828
V400	0.03041	0.4959	0.13692	0.33678
V401	0.08139	0.21936	0.53548	0.16377
V402	0.55082	0.22118	0.1324	0.0956
V403	0.06036	0.12522	0.15737	0.65705
V404	0.11028	0.24443	0.46785	0.17743
V405	0.173	0.12744	0.21728	0.48228
V406	0.42745	0.27798	0.11901	0.17556
V407	0.02747	0.77317	0.0932	0.10617
V408	0.10378	0.27678	0.33679	0.28264
V409	0.05104	0.12087	0.12927	0.69883
V410	0.08518	0.68913	0.10813	0.11756
V411	0.30069	0.09907	0.11317	0.48708
V412	0.15011	0.16206	0.40347	0.28436
V413	0.07117	0.43279	0.20825	0.28779
V414	0.06274	0.44926	0.29436	0.19364
V415	0.30768	0.12067	0.26029	0.31136
V416	0.07223	0.15591	0.66725	0.10461
V417	0.26488	0.53455	0.0981	0.10247
V418	0.08923	0.18088	0.19679	0.5331
V419	0.05621	0.11437	0.13577	0.69366
V420	0.02809	0.7031	0.09727	0.17154
V421	0.15771	0.13326	0.51878	0.19025
V422	0.07094	0.14871	0.12161	0.65874
V423	0.11524	0.119	0.64069	0.12508
V424	0.05508	0.14505	0.47455	0.32532
V425	0.08834	0.27397	0.45439	0.18331
V426	0.11926	0.13594	0.58666	0.15814
V427	0.08089	0.37438	0.21617	0.32856
V428	0.08367	0.62223	0.1282	0.16591
V429	0.0562	0.11426	0.13994	0.6896
V430	0.50317	0.22047	0.12105	0.15531
V431	0.16377	0.12134	0.38171	0.33317
V432	0.10674	0.17299	0.14344	0.57683
V433	0.0624	0.59844	0.0899	0.24926
V434	0.23591	0.15918	0.14647	0.45844
V435	0.34605	0.1038	0.19541	0.35474
V436	0.26779	0.1071	0.19014	0.43497
V437	0.17207	0.26265	0.1104	0.45488
V438	0.40358	0.21698	0.13007	0.24937
V439	0.06297	0.17442	0.12005	0.64256
V440	0.32423	0.12554	0.13787	0.41236
V441	0.09628	0.20189	0.45752	0.24431
V442	0.22349	0.34216	0.18874	0.24561
V443	0.50517	0.09069	0.17939	0.22476
V444	0.07384	0.12202	0.69821	0.10593
V445	0.43504	0.10661	0.33256	0.12579
V446	0.05188	0.66209	0.12702	0.15902
V447	0.42621	0.1692	0.22613	0.17846
V448	0.05887	0.1565	0.22575	0.55888
V449	0.39032	0.12712	0.3021	0.18046
V450	0.11876	0.68625	0.09722	0.09778
V451	0.65044	0.12283	0.1095	0.11723
V452	0.06563	0.11937	0.15751	0.65748
V453	0.54934	0.14973	0.15837	0.14257
V454	0.02793	0.73803	0.12063	0.11341
V455	0.42039	0.11873	0.30825	0.15263
V456	0.24212	0.19448	0.34191	0.22148
V457	0.05096	0.12574	0.12445	0.69885
V458	0.19101	0.26259	0.11004	0.43636
V459	0.04076	0.63726	0.14912	0.17286
V460	0.66528	0.08946	0.13487	0.11039
V461	0.07732	0.13025	0.12354	0.6689
V462	0.23624	0.27523	0.10469	0.38384
V463	0.18753	0.4294	0.19797	0.1851
V464	0.33689	0.1746	0.11128	0.37722
V465	0.27096	0.40032	0.11964	0.20908
V466	0.38491	0.23661	0.10865	0.26983
V467	0.22402	0.49788	0.14851	0.12958
V468	0.33604	0.3845	0.1373	0.14216
V469	0.0557	0.23412	0.27404	0.43615
V470	0.3686	0.19392	0.2265	0.21099
V471	0.19526	0.18165	0.13507	0.48802
V472	0.22192	0.33283	0.10122	0.34404
V473	0.10534	0.4758	0.29917	0.11969
V474	0.11609	0.10518	0.17965	0.59908
V475	0.14461	0.37537	0.15399	0.32603
V476	0.1389	0.11706	0.15259	0.59145
V477	0.40906	0.12532	0.24703	0.2186
V478	0.11078	0.50192	0.09713	0.29016
V479	0.07239	0.16796	0.58674	0.1729
V480	0.08533	0.31817	0.13347	0.46303
V481	0.15604	0.11531	0.6118	0.11685
V482	0.46867	0.2178	0.18373	0.12979
V483	0.11912	0.18552	0.15706	0.5383
V484	0.05871	0.15638	0.13153	0.65338
V485	0.10424	0.6011	0.09812	0.19654
V486	0.19755	0.29001	0.18445	0.32799
V487	0.09075	0.14064	0.16635	0.60226
V488	0.0639	0.11029	0.63945	0.18636
V489	0.19028	0.1772	0.51775	0.11477
V490	0.23354	0.32417	0.14861	0.29367
V491	0.29896	0.42976	0.12253	0.14875
V492	0.04949	0.6715	0.17299	0.10602
V493	0.05647	0.11442	0.12133	0.70778
V494	0.16966	0.22109	0.41447	0.19478
V495	0.17015	0.52969	0.18244	0.11772
V496	0.19876	0.57656	0.08991	0.13477
V497	0.074	0.1149	0.6991	0.112
V498	0.22179	0.18061	0.14576	0.45184
V499	0.41922	0.29114	0.18758	0.10207
V500	0.1215	0.19499	0.54639	0.13712
V501	0.05093	0.11478	0.13992	0.69438
V502	0.37043	0.30115	0.20472	0.12371
V503	0.15974	0.17908	0.23145	0.42974
V504	0.17093	0.57835	0.10107	0.14965
V505	0.16033	0.25906	0.25682	0.32379
V506	0.10516	0.28519	0.36753	0.24211
V507	0.41001	0.17549	0.1903	0.2242
V508	0.50527	0.22115	0.13809	0.13549
V509	0.19072	0.15428	0.41131	0.24369
V510	0.17623	0.46214	0.25676	0.10487
V511	0.06346	0.38747	0.13182	0.41725
V512	0.1844	0.14285	0.16398	0.50877
V513	0.08517	0.54043	0.22123	0.15318
V514	0.05437	0.15008	0.11871	0.67684
V515	0.51516	0.14228	0.14756	0.195
V516	0.63584	0.15355	0.10865	0.10195
V517	0.07269	0.12699	0.26216	0.53816
V518	0.67487	0.10849	0.11289	0.10374
V519	0.04437	0.68581	0.09172	0.1781
V520	0.07497	0.10492	0.47931	0.3408
V521	0.3994	0.12791	0.34574	0.12694
V522	0.05582	0.20337	0.44208	0.29873
V523	0.25172	0.20001	0.2661	0.28217
V524	0.03848	0.62805	0.20691	0.12656
V525	0.18643	0.2508	0.12464	0.43813
V526	0.42721	0.15926	0.16264	0.25089
V527	0.17528	0.12105	0.34998	0.35369
V528	0.08965	0.6866	0.08697	0.13678
V529	0.08444	0.15506	0.2428	0.51771
V530	0.05757	0.25396	0.50457	0.1839
V531	0.04442	0.69747	0.15909	0.09902
V532	0.13774	0.33032	0.12044	0.4115
V533	0.20332	0.34914	0.18803	0.25951
V534	0.06372	0.11451	0.53533	0.28644
V535	0.37463	0.08717	0.12046	0.41774
V536	0.16861	0.09987	0.33784	0.39368
V537	0.40086	0.28528	0.20656	0.10731
V538	0.30768	0.14258	0.16908	0.38066
V539	0.19515	0.39907	0.20074	0.20503
V540	0.15375	0.57445	0.14167	0.13013
V541	0.04215	0.44685	0.14032	0.37068
V542	0.16132	0.20126	0.25923	0.37819
V543	0.60687	0.08761	0.12212	0.1834
V544	0.10934	0.17328	0.21328	0.50411
V545	0.24961	0.20854	0.15414	0.38771
V546	0.05934	0.70336	0.13204	0.10526
V547	0.06226	0.53986	0.28568	0.11221
V548	0.12951	0.62204	0.14507	0.10337
V549	0.26098	0.1238	0.50065	0.11457
V550	0.39326	0.11422	0.10965	0.38288
V551	0.1408	0.60218	0.11394	0.14309
V552	0.02999	0.46277	0.10196	0.40528
V553	0.19308	0.21367	0.47116	0.12209
V554	0.07577	0.16833	0.13	0.62591
V555	0.10088	0.2686	0.29999	0.33053
V556	0.06647	0.1269	0.6728	0.13382
V557	0.55406	0.10925	0.11977	0.21692
V558	0.07101	0.62986	0.10891	0.19022
V559	0.03968	0.65402	0.20641	0.09988
V560	0.47004	0.32584	0.10337	0.10076
V561	0.06872	0.12173	0.69772	0.11184
V562	0.5343	0.08897	0.19881	0.17792
V563	0.21552	0.10493	0.56969	0.10987
V564	0.10096	0.16087	0.62105	0.11711
V565	0.12243	0.28958	0.32541	0.26258
V566	0.46219	0.17005	0.11121	0.25655
V567	0.16154	0.4079	0.11811	0.31245
V568	0.18604	0.1079	0.14986	0.55619
V569	0.45678	0.1096	0.10921	0.32441
V570	0.07004	0.30995	0.46342	0.15659
V571	0.55352	0.19074	0.10672	0.14903
V572	0.32362	0.1011	0.39297	0.1823
V573	0.07757	0.22576	0.11516	0.58151
V574	0.05769	0.63519	0.19537	0.11175
V575	0.05628	0.16991	0.1871	0.58671
V576	0.12849	0.6492	0.11355	0.10876
V577	0.07063	0.14257	0.23801	0.5488
V578	0.09363	0.15948	0.50885	0.23803
V579	0.03576	0.69624	0.14871	0.11929
V580	0.13444	0.11197	0.18472	0.56887
V581	0.08084	0.16097	0.11647	0.64173
V582	0.38175	0.21005	0.13084	0.27735
V583	0.05968	0.14518	0.45596	0.33917
V584	0.35817	0.21704	0.29269	0.1321
V585	0.05838	0.11576	0.37583	0.45003
V586	0.20545	0.10857	0.50744	0.17855
V587	0.228	0.11227	0.53048	0.12926
V588	0.41739	0.12688	0.13114	0.3246
V589	0.06459	0.6501	0.13319	0.15212
V590	0.06557	0.62145	0.20708	0.1059
V591	0.04972	0.13751	0.23115	0.58162
V592	0.16337	0.12836	0.60515	0.10313
V593	0.40092	0.08937	0.23546	0.27425
V594	0.24499	0.31049	0.30507	0.13945
V595	0.06045	0.12545	0.12899	0.68511
V596	0.06288	0.30366	0.23716	0.3963
V597	0.03766	0.49951	0.29515	0.16767
V598	0.07346	0.19136	0.6163	0.11887
V599	0.4203	0.33134	0.12578	0.12259
V600	0.24497	0.43176	0.13394	0.18932
V601	0.1335	0.29707	0.15697	0.41246
V602	0.06067	0.12511	0.12463	0.68958
V603	0.04076	0.35618	0.11286	0.49021
V604	0.36048	0.1896	0.3228	0.12712
V605	0.08721	0.33644	0.3347	0.24165
V606	0.4828	0.21343	0.11617	0.18759
V607	0.43811	0.10184	0.18755	0.27249
V608	0.17873	0.22452	0.33379	0.26295
V609	0.05895	0.27426	0.24404	0.42274
V610	0.52005	0.10541	0.17871	0.19583
V611	0.2117	0.10522	0.1496	0.53348
V612	0.07907	0.17435	0.58882	0.15776
V613	0.07424	0.33757	0.45103	0.13716
V614	0.50851	0.14206	0.1478	0.20163
V615	0.1196	0.14495	0.12013	0.61533
V616	0.07795	0.57686	0.12132	0.22387
V617	0.33975	0.22082	0.34167	0.09777
V618	0.48876	0.09108	0.10996	0.3102
V619	0.27674	0.12258	0.30967	0.29101
V620	0.04323	0.55503	0.29602	0.10572
V621	0.28869	0.21758	0.21855	0.27518
V622	0.26104	0.26616	0.34512	0.12768
V623	0.05695	0.16278	0.19895	0.58132
V624	0.5408	0.24174	0.10442	0.11305
V625	0.19295	0.4421	0.16134	0.20361
V626	0.67467	0.10142	0.11352	0.1104
V627	0.05047	0.12574	0.15776	0.66603
V628	0.04072	0.25932	0.12009	0.57987
V629	0.11933	0.31113	0.26726	0.30228
V630	0.0742	0.33796	0.44529	0.14256
V631	0.05237	0.24245	0.17225	0.53293
V632	0.39669	0.08877	0.20726	0.30727
V633	0.06109	0.13029	0.61017	0.19845
V634	0.28637	0.29409	0.31543	0.10411
V635	0.04406	0.61244	0.09446	0.24904
V636	0.13408	0.18573	0.48387	0.19632
V637	0.21582	0.2458	0.1643	0.37408
V638	0.25449	0.28635	0.15204	0.30712
V639	0.20882	0.40055	0.29178	0.09885
V640	0.08251	0.21853	0.5547	0.14426
V641	0.60832	0.11706	0.13204	0.14258
V642	0.51485	0.22661	0.10338	0.15515
V643	0.05268	0.2437	0.36631	0.3373
V644	0.63019	0.14606	0.11454	0.1092
V645	0.20239	0.38707	0.29167	0.11888
V646	0.0338	0.76816	0.09188	0.10616
V647	0.15017	0.17277	0.52791	0.14915
V648	0.28141	0.4038	0.19023	0.12456
V649	0.08054	0.15406	0.61392	0.15148
V650	0.09767	0.17377	0.57124	0.15731
V651	0.25544	0.10391	0.53102	0.10963
V652	0.10574	0.17802	0.36406	0.35218
V653	0.10908	0.55048	0.15617	0.18427
V654	0.46507	0.24571	0.14754	0.14168
V655	0.05268	0.488	0.10909	0.35023
V656	0.15572	0.29406	0.11327	0.43695
V657	0.05899	0.15655	0.12136	0.66311
V658	0.39721	0.25388	0.14772	0.2012
V659	0.24262	0.17202	0.32916	0.2562
V660	0.04445	0.74958	0.08761	0.11836
V661	0.06968	0.3878	0.13797	0.40456
V662	0.30196	0.11171	0.40406	0.18227
V663	0.19912	0.16231	0.44884	0.18973
V664	0.18373	0.15597	0.51795	0.14234
V665	0.45713	0.23714	0.13596	0.16977
V666	0.39482	0.08861	0.18312	0.33346
V667	0.53387	0.14435	0.22414	0.09764
V668	0.10669	0.65027	0.1453	0.09774
V669	0.1769	0.38836	0.25486	0.17988
V670	0.07674	0.71789	0.0879	0.11747
V671	0.25593	0.30642	0.26443	0.17323
V672	0.07763	0.12621	0.66233	0.13383
V673	0.17721	0.35996	0.24295	0.21988
V674	0.4771	0.20769	0.12167	0.19354
V675	0.12848	0.33417	0.2906	0.24675
V676	0.06044	0.19009	0.1752	0.57427
V677	0.26083	0.38201	0.16656	0.19061
V678	0.35172	0.44031	0.10606	0.10191
V679	0.0839	0.32415	0.47745	0.11449
V680	0.22067	0.47847	0.18538	0.11548
V681	0.61784	0.13808	0.12037	0.12372
V682	0.12228	0.31417	0.42853	0.13503
V683	0.03391	0.76793	0.09809	0.10006
V684	0.46855	0.21839	0.17048	0.14258
V685	0.33275	0.34622	0.18409	0.13693
V686	0.09875	0.2377	0.19755	0.46601
V687	0.06075	0.11951	0.12938	0.69037
V688	0.25312	0.45745	0.09458	0.19486
V689	0.19322	0.09952	0.14576	0.56149
V690	0.33821	0.13084	0.37745	0.1535
V691	0.16412	0.1074	0.61769	0.11079
V692	0.10782	0.21049	0.52492	0.15677
V693	0.18536	0.18753	0.32841	0.2987
V694	0.05551	0.1272	0.28653	0.53076
V695	0.18854	0.10644	0.21157	0.49345
V696	0.08774	0.16743	0.12352	0.62131
V697	0.05489	0.14332	0.12298	0.67882
V698	0.56022	0.08782	0.12147	0.23049
V699	0.37299	0.30558	0.15099	0.17043
V700	0.17705	0.12133	0.11974	0.58188
V701	0.10394	0.45745	0.16636	0.27225
V702	0.35729	0.16004	0.11797	0.36469
V703	0.13642	0.14851	0.39647	0.31861
V704	0.5551	0.12301	0.13226	0.18963
V705	0.67031	0.08222	0.12425	0.12323
V706	0.111	0.14408	0.57232	0.1726
V707	0.07115	0.39937	0.39335	0.13613
V708	0.05131	0.68725	0.10215	0.15929
V709	0.13602	0.29273	0.40998	0.16128
V710	0.3968	0.2538	0.14093	0.20847
V711	0.08665	0.6372	0.15082	0.12533
V712	0.55327	0.13064	0.1142	0.20189
V713	0.28635	0.31522	0.12646	0.27197
V714	0.03447	0.55131	0.10452	0.30969
V715	0.22367	0.339	0.28576	0.15157
V716	0.06483	0.13725	0.14279	0.65513
V717	0.07671	0.72386	0.08737	0.11206
V718	0.12805	0.48195	0.20481	0.18519
V719	0.06515	0.57541	0.11505	0.24438
V720	0.48729	0.08729	0.26642	0.159
V721	0.12614	0.22821	0.38199	0.26366
V722	0.08947	0.33645	0.11269	0.4614
V723	0.10686	0.16616	0.11828	0.6087
V724	0.38789	0.1149	0.1706	0.32661
V725	0.06244	0.17631	0.62809	0.13316
V726	0.05813	0.36398	0.17728	0.40061
V727	0.19731	0.54675	0.15361	0.10233
V728	0.04881	0.69586	0.14868	0.10665
V729	0.28399	0.10744	0.21765	0.39091
V730	0.62001	0.11057	0.14546	0.12397
V731	0.06349	0.2491	0.3365	0.3509
V732	0.25546	0.16466	0.32416	0.25571
V733	0.42344	0.23844	0.12988	0.20825
V734	0.194	0.32041	0.38044	0.10515
V735	0.06461	0.12824	0.39493	0.41222
V736	0.12681	0.11148	0.12301	0.63871
V737	0.23514	0.30763	0.25145	0.20579
V738	0.09859	0.33631	0.36396	0.20114
V739	0.05575	0.11526	0.46985	0.35914
V740	0.57375	0.15644	0.1602	0.10961
V741	0.32298	0.17926	0.18974	0.30802
V742	0.27872	0.52146	0.1041	0.09573
V743	0.14346	0.20883	0.52427	0.12343
V744	0.36459	0.12814	0.32059	0.18668
V745	0.04336	0.5675	0.20279	0.18635
V746	0.69819	0.08179	0.11584	0.10418
V747	0.09716	0.10587	0.53717	0.2598
V748	0.13169	0.18436	0.45341	0.23054
V749	0.20161	0.23015	0.14318	0.42507
V750	0.2756	0.42294	0.11294	0.18851
V751	0.05843	0.68326	0.11415	0.14416
V752	0.30675	0.26718	0.19277	0.2333
V753	0.05619	0.12003	0.12031	0.70347
V754	0.03362	0.72859	0.08596	0.15182
V755	0.13649	0.24706	0.3064	0.31005
V756	0.06086	0.11922	0.14356	0.67637
V757	0.23627	0.50278	0.13827	0.12268
V758	0.0614	0.61137	0.1676	0.15962
V759	0.12854	0.15434	0.34578	0.37134
V760	0.21988	0.14911	0.27946	0.35155
V761	0.08174	0.49318	0.258	0.16708
V762	0.03548	0.36284	0.11222	0.48946
V763	0.25794	0.35057	0.12038	0.2711
V764	0.03416	0.72216	0.09216	0.15153
V765	0.44107	0.16367	0.10546	0.2898
V766	0.056	0.33094	0.35836	0.2547
V767	0.32943	0.19633	0.26169	0.21255
V768	0.06347	0.71469	0.10363	0.11821
V769	0.12039	0.66267	0.10809	0.10885
V770	0.0338	0.76816	0.09188	0.10616
V771	0.16907	0.11432	0.60001	0.1166
V772	0.1488	0.13685	0.60485	0.1095
V773	0.13072	0.66655	0.09411	0.10862
V774	0.07879	0.11351	0.67363	0.13407
V775	0.11963	0.13888	0.2779	0.46358
V776	0.28554	0.39399	0.1369	0.18357
V777	0.14554	0.19215	0.19476	0.46754
V778	0.35427	0.29877	0.15222	0.19474
V779	0.15734	0.13882	0.40479	0.29905
V780	0.1033	0.62575	0.17285	0.0981
V781	0.07158	0.13022	0.13306	0.66514
V782	0.06372	0.19851	0.5798	0.15797
V783	0.52841	0.10473	0.15005	0.2168
V784	0.09687	0.7019	0.09726	0.10397
V785	0.05115	0.73218	0.09823	0.11844
V786	0.48105	0.21724	0.16544	0.13627
V787	0.03255	0.67137	0.18886	0.10721
V788	0.342	0.31687	0.20486	0.13627
V789	0.07812	0.35177	0.12109	0.44902
V790	0.30727	0.1197	0.16547	0.40756
V791	0.12821	0.3628	0.29632	0.21268
V792	0.11258	0.46499	0.09967	0.32275
V793	0.10583	0.54191	0.11583	0.23642
V794	0.09177	0.16741	0.57621	0.16461
V795	0.10852	0.13962	0.1505	0.60136
V796	0.08106	0.16839	0.62467	0.12588
V797	0.53377	0.08853	0.26597	0.11172
V798	0.41675	0.31295	0.15634	0.11396
V799	0.11251	0.62126	0.10825	0.15798
V800	0.09698	0.12884	0.41437	0.35981
V801	0.13175	0.19666	0.30053	0.37106
V802	0.07069	0.17037	0.27063	0.48831
V803	0.17658	0.46233	0.26353	0.09755
V804	0.37336	0.10829	0.35862	0.15973
V805	0.07439	0.1156	0.70388	0.10612
V806	0.05767	0.71289	0.09839	0.13105
V807	0.18751	0.21489	0.13421	0.46339
V808	0.44146	0.29502	0.13443	0.12909
V809	0.09198	0.13321	0.66978	0.10503
V810	0.03351	0.77306	0.08739	0.10605
V811	0.29052	0.16022	0.23906	0.3102
V812	0.36044	0.2895	0.14078	0.20928
V813	0.40243	0.24444	0.22813	0.125
V814	0.29725	0.47218	0.1285	0.10207
V815	0.02902	0.72698	0.1371	0.10691
V816	0.65959	0.08289	0.15911	0.09841
V817	0.08249	0.16109	0.63805	0.11836
V818	0.04956	0.1435	0.1386	0.66833
V819	0.56007	0.1565	0.14723	0.13621
V820	0.11812	0.17749	0.12799	0.57639
V821	0.17605	0.3268	0.3374	0.15975
V822	0.10867	0.125	0.64125	0.12508
V823	0.07365	0.24655	0.50216	0.17763
V824	0.10787	0.36461	0.42657	0.10095
V825	0.17271	0.31084	0.25486	0.2616
V826	0.29689	0.389	0.2049	0.10922
V827	0.25965	0.51442	0.10358	0.12236
V828	0.16881	0.22695	0.1765	0.42774
V829	0.06308	0.27445	0.13205	0.53042
V830	0.16499	0.26523	0.125	0.44479
V831	0.51371	0.16353	0.13411	0.18865
V832	0.19534	0.37903	0.20638	0.21924
V833	0.12762	0.44546	0.20784	0.21908
V834	0.21071	0.16108	0.16284	0.46538
V835	0.24871	0.41108	0.17535	0.16485
V836	0.0337	0.55592	0.09504	0.31534
V837	0.16862	0.3662	0.21806	0.24712
V838	0.64555	0.11627	0.13468	0.10349
V839	0.21723	0.51818	0.16147	0.10312
V840	0.21165	0.59676	0.09538	0.0962
V841	0.06361	0.14065	0.6439	0.15184
V842	0.25127	0.22879	0.26538	0.25455
V843	0.07498	0.12495	0.63347	0.16659
V844	0.11855	0.17648	0.33378	0.37118
V845	0.10218	0.18831	0.55232	0.15718
V846	0.05956	0.11617	0.56572	0.25856
V847	0.05207	0.11481	0.12521	0.70791
V848	0.09223	0.44619	0.20244	0.25915
V849	0.02711	0.7492	0.09241	0.13128
V850	0.68296	0.08232	0.12449	0.11023
V851	0.24115	0.46998	0.19188	0.09699
V852	0.10912	0.14612	0.19386	0.5509
V853	0.19203	0.26797	0.34614	0.19386
V854	0.39383	0.22815	0.17544	0.20258
V855	0.05207	0.11481	0.12521	0.70791
V856	0.07058	0.34973	0.31023	0.26946
V857	0.44504	0.23064	0.13018	0.19414
V858	0.40238	0.10059	0.39054	0.10649
V859	0.43428	0.27087	0.11942	0.17542
V860	0.14841	0.19087	0.1463	0.51442
V861	0.10802	0.35124	0.42778	0.11295
V862	0.14446	0.1734	0.53887	0.14327
V863	0.15621	0.14826	0.11428	0.58125
V864	0.08374	0.13549	0.14671	0.63406
V865	0.12046	0.11148	0.27299	0.49507
V866	0.50823	0.10279	0.27728	0.1117
V867	0.50844	0.10958	0.27729	0.10469
V868	0.34252	0.30213	0.19047	0.16488
V869	0.03934	0.76314	0.09188	0.10564
V870	0.09865	0.33634	0.11644	0.44857
V871	0.02711	0.7492	0.09241	0.13128
V872	0.05607	0.12137	0.26115	0.56141
V873	0.6077	0.11058	0.15159	0.13012
V874	0.1521	0.64263	0.10831	0.09696
V875	0.05352	0.24649	0.2272	0.47279
V876	0.1442	0.33465	0.34704	0.1741
V877	0.06913	0.37773	0.27709	0.27606
V878	0.11474	0.65432	0.13334	0.0976
V879	0.14697	0.56739	0.1216	0.16404
V880	0.21368	0.48022	0.09817	0.20794
V881	0.14772	0.13989	0.46768	0.24472
V882	0.54813	0.08326	0.20394	0.16466
V883	0.22596	0.24714	0.42675	0.10015
V884	0.04908	0.29376	0.10601	0.55115
V885	0.48591	0.25299	0.16418	0.09693
V886	0.05577	0.35882	0.37732	0.20809
V887	0.42517	0.14924	0.21533	0.21026
V888	0.12343	0.14169	0.55616	0.17871
V889	0.6332	0.12289	0.12782	0.11609
V890	0.07757	0.21741	0.46811	0.23691
V891	0.43195	0.1347	0.29523	0.13812
V892	0.19868	0.23469	0.11662	0.45001
V893	0.38729	0.2571	0.2066	0.149
V894	0.09396	0.32378	0.4463	0.13596
V895	0.39966	0.15031	0.2387	0.21133
V896	0.0507	0.73814	0.09277	0.11838
V897	0.4599	0.28322	0.1094	0.14748
V898	0.31593	0.09222	0.11678	0.47507
V899	0.05763	0.24398	0.19379	0.50459
V900	0.09509	0.3135	0.31593	0.27549
V901	0.05029	0.66146	0.09229	0.19596
V902	0.05881	0.71417	0.12206	0.10496
V903	0.05107	0.39413	0.41258	0.14222
V904	0.039	0.768	0.08757	0.10543
V905	0.13738	0.10299	0.22278	0.53685
V906	0.27195	0.17379	0.17872	0.37555
V907	0.28828	0.45915	0.11159	0.14098
V908	0.05428	0.14425	0.15613	0.64534
V909	0.11014	0.64517	0.08726	0.15743
V910	0.14155	0.10328	0.19068	0.56448
V911	0.34222	0.37682	0.125	0.15596
V912	0.26379	0.33446	0.18301	0.21874
V913	0.11002	0.10709	0.12373	0.65917
V914	0.15197	0.44054	0.27593	0.13156
V915	0.17217	0.10134	0.12132	0.60517
V916	0.21105	0.14749	0.49955	0.14191
V917	0.48189	0.11532	0.22381	0.17897
V918	0.06618	0.52712	0.23353	0.17317
V919	0.16134	0.27406	0.2821	0.2825
V920	0.40543	0.24867	0.16904	0.17686
V921	0.05906	0.22129	0.13101	0.58864
V922	0.10751	0.42033	0.33207	0.14009
V923	0.09063	0.12259	0.14295	0.64384
V924	0.06081	0.55359	0.25843	0.12717
V925	0.14377	0.13137	0.12477	0.60009
V926	0.15826	0.12346	0.13527	0.58301
V927	0.05975	0.137	0.14742	0.65583
V928	0.05584	0.7002	0.09215	0.15181
V929	0.06805	0.5318	0.17467	0.22548
V930	0.33497	0.36308	0.12587	0.17608
V931	0.13583	0.2997	0.40329	0.16118
V932	0.0781	0.19404	0.46275	0.26511
V933	0.40272	0.37972	0.11105	0.1065
V934	0.05018	0.21929	0.269	0.46153
V935	0.37722	0.22289	0.24191	0.15798
V936	0.34378	0.29632	0.11745	0.24245
V937	0.35689	0.1991	0.1653	0.27871
V938	0.26815	0.13967	0.30213	0.29005
V939	0.50508	0.10552	0.16483	0.22456
V940	0.04961	0.63275	0.18544	0.1322
V941	0.0693	0.11497	0.70358	0.11214
V942	0.49331	0.239	0.15384	0.11385
V943	0.28535	0.19988	0.36858	0.14619
V944	0.04967	0.29027	0.14761	0.51245
V945	0.36799	0.35265	0.11015	0.16921
V946	0.31079	0.29138	0.26519	0.13264
V947	0.09865	0.14782	0.24795	0.50558
V948	0.26683	0.1239	0.48896	0.12031
V949	0.04488	0.19174	0.2299	0.53348
V950	0.07172	0.46263	0.22617	0.23948
V951	0.57513	0.09967	0.22037	0.10482
V952	0.08816	0.2043	0.26416	0.44339
V953	0.07554	0.14731	0.6435	0.13366
V954	0.06352	0.23841	0.1933	0.50477
V955	0.10495	0.50467	0.1134	0.27699
V956	0.07722	0.12818	0.41451	0.38009
V957	0.23362	0.11095	0.11408	0.54135
V958	0.05647	0.11442	0.12133	0.70778
V959	0.18644	0.28985	0.36363	0.16007
V960	0.17164	0.29662	0.15768	0.37406
V961	0.12768	0.36936	0.30984	0.19312
V962	0.26219	0.23068	0.34699	0.16015
V963	0.39476	0.22816	0.21287	0.1642
V964	0.57258	0.11176	0.18468	0.13098
V965	0.07121	0.44083	0.21371	0.27425
V966	0.67567	0.09468	0.11971	0.10993
V967	0.09016	0.14206	0.42098	0.3468
V968	0.05655	0.21889	0.56642	0.15813
V969	0.04359	0.30258	0.13117	0.52266
V970	0.07246	0.20081	0.3554	0.37134
V971	0.34595	0.16877	0.31864	0.16665
V972	0.33226	0.24833	0.14083	0.27859
V973	0.19233	0.38923	0.15315	0.26529
V974	0.03661	0.62457	0.17243	0.16639
V975	0.1175	0.30936	0.46561	0.10752
V976	0.29135	0.28174	0.18087	0.24604
V977	0.23757	0.35305	0.3051	0.10428
V978	0.0816	0.17455	0.15381	0.59005
V979	0.55696	0.1018	0.23591	0.10533
V980	0.69819	0.08179	0.11584	0.10418
V981	0.25268	0.12801	0.37633	0.24297
V982	0.29283	0.38009	0.15583	0.17125
V983	0.46285	0.14142	0.11274	0.28299
V984	0.04245	0.66504	0.16005	0.13246
V985	0.08251	0.23947	0.11338	0.56464
V986	0.2248	0.46173	0.13037	0.1831
V987	0.17739	0.61748	0.08885	0.11628
V988	0.16491	0.11526	0.12528	0.59454
V989	0.30033	0.43064	0.15333	0.1157
V990	0.05857	0.14643	0.58283	0.21217
V991	0.43611	0.35604	0.10058	0.10728
V992	0.17935	0.10647	0.42753	0.28666
V993	0.07664	0.58802	0.19708	0.13826
V994	0.14593	0.6362	0.10885	0.10902
V995	0.4866	0.17833	0.134	0.20107
V996	0.19358	0.19486	0.11802	0.49355
V997	0.07388	0.11776	0.60997	0.19839
V998	0.59745	0.09594	0.16387	0.14274
V999	0.10309	0.70521	0.08783	0.10387
V1000	0.22155	0.11669	0.11514	0.54662
