CD19B	CD56NK	CD4MemoryT	CD14
V1	0.43123	0.05811	0.20255	0.30811
V2	0.15965	0.14132	0.10937	0.58966
V3	0.07609	0.53427	0.07054	0.3191
V4	0.68036	0.1349	0.06315	0.12159
V5	0.11573	0.42447	0.24465	0.21515
V6	0.08155	0.72659	0.07683	0.11504
V7	0.1457	0.34169	0.12672	0.3859
V8	0.1417	0.07182	0.65437	0.13211
V9	0.20929	0.25099	0.09618	0.44354
V10	0.05961	0.07861	0.71469	0.14709
V11	0.18358	0.33272	0.37969	0.10401
V12	0.05215	0.50666	0.33109	0.1101
V13	0.21955	0.60076	0.06462	0.11506
V14	0.07472	0.75899	0.06572	0.10058
V15	0.12045	0.51201	0.15386	0.21367
V16	0.71227	0.06891	0.08723	0.13159
V17	0.08923	0.72522	0.07076	0.11479
V18	0.4389	0.33056	0.09846	0.13208
V19	0.14181	0.68598	0.06545	0.10677
V20	0.15576	0.4163	0.07744	0.3505
V21	0.14103	0.10119	0.62696	0.13083
V22	0.07282	0.14896	0.21531	0.56292
V23	0.31344	0.08061	0.49556	0.11038
V24	0.75022	0.05052	0.09489	0.10437
V25	0.27398	0.25039	0.16259	0.31303
V26	0.30531	0.36451	0.07706	0.25312
V27	0.13113	0.11399	0.08726	0.66762
V28	0.04927	0.08681	0.75996	0.10395
V29	0.35401	0.06868	0.44541	0.1319
V30	0.11818	0.23791	0.26188	0.38203
V31	0.18504	0.21884	0.27666	0.31946
V32	0.11773	0.0957	0.09615	0.69042
V33	0.06888	0.43959	0.3173	0.17423
V34	0.14089	0.08614	0.64121	0.13176
V35	0.14559	0.60665	0.12586	0.1219
V36	0.05988	0.10216	0.40654	0.43142
V37	0.41959	0.11521	0.14351	0.32169
V38	0.34421	0.059	0.20253	0.39426
V39	0.15087	0.48851	0.16062	0.20001
V40	0.09703	0.68888	0.11994	0.09415
V41	0.04043	0.57291	0.09686	0.2898
V42	0.20879	0.09266	0.22337	0.47519
V43	0.13277	0.32008	0.42159	0.12556
V44	0.05846	0.12514	0.58777	0.22862
V45	0.10398	0.50606	0.22403	0.16593
V46	0.62385	0.09962	0.16885	0.10767
V47	0.34932	0.20561	0.30284	0.14223
V48	0.62677	0.18516	0.0681	0.11997
V49	0.56608	0.20375	0.06017	0.16999
V50	0.07487	0.69731	0.12659	0.10123
V51	0.25138	0.36852	0.25517	0.12493
V52	0.06508	0.1458	0.65817	0.13094
V53	0.56962	0.14273	0.18748	0.10017
V54	0.3325	0.2071	0.33956	0.12084
V55	0.19558	0.17127	0.24169	0.39145
V56	0.09736	0.08916	0.13419	0.67929
V57	0.0963	0.71956	0.07671	0.10743
V58	0.49747	0.0546	0.1053	0.34263
V59	0.33355	0.37919	0.14797	0.1393
V60	0.1432	0.19031	0.29822	0.36827
V61	0.62244	0.13053	0.07552	0.17151
V62	0.69128	0.0626	0.13003	0.1161
V63	0.03939	0.69287	0.15289	0.11485
V64	0.03431	0.71194	0.05724	0.19651
V65	0.07823	0.08418	0.14233	0.69526
V66	0.18187	0.58993	0.07776	0.15044
V67	0.14812	0.30961	0.43153	0.11074
V68	0.16453	0.1837	0.08849	0.56327
V69	0.05999	0.30122	0.49796	0.14083
V70	0.41626	0.17632	0.20911	0.1983
V71	0.16793	0.12672	0.33534	0.37001
V72	0.4402	0.18234	0.14206	0.2354
V73	0.14198	0.52485	0.16762	0.16555
V74	0.08528	0.23084	0.58432	0.09956
V75	0.55344	0.04163	0.22437	0.18057
V76	0.05584	0.21005	0.19876	0.53536
V77	0.08058	0.29355	0.07281	0.55306
V78	0.25613	0.15818	0.20785	0.37783
V79	0.04892	0.14005	0.63733	0.17369
V80	0.29382	0.06771	0.46529	0.17318
V81	0.08696	0.18451	0.62125	0.10728
V82	0.04795	0.10952	0.73238	0.11015
V83	0.148	0.20972	0.1248	0.51748
V84	0.3192	0.09737	0.19609	0.38734
V85	0.11946	0.30817	0.34767	0.2247
V86	0.08262	0.09797	0.68082	0.13859
V87	0.05293	0.69061	0.10615	0.15032
V88	0.17093	0.12004	0.2629	0.44613
V89	0.07884	0.08971	0.21678	0.61467
V90	0.04544	0.73942	0.10626	0.10889
V91	0.05441	0.62093	0.2009	0.12377
V92	0.36596	0.0699	0.35756	0.20658
V93	0.69827	0.04792	0.06656	0.18724
V94	0.05727	0.41185	0.07979	0.45108
V95	0.21387	0.39437	0.1826	0.20916
V96	0.11307	0.15148	0.09187	0.64358
V97	0.53227	0.13081	0.23004	0.10688
V98	0.53844	0.29	0.0609	0.11066
V99	0.62567	0.07446	0.19044	0.10943
V100	0.10478	0.08318	0.6873	0.12474
V101	0.08214	0.10028	0.07985	0.73773
V102	0.73405	0.07526	0.07372	0.11697
V103	0.07552	0.11133	0.13991	0.67324
V104	0.04539	0.78812	0.06538	0.10112
V105	0.06535	0.76193	0.07156	0.10116
V106	0.11993	0.45147	0.29803	0.13057
V107	0.17406	0.2166	0.46754	0.1418
V108	0.13632	0.63548	0.13424	0.09396
V109	0.058	0.19559	0.4773	0.26911
V110	0.06726	0.72622	0.09137	0.11516
V111	0.72859	0.02955	0.13071	0.11114
V112	0.1458	0.12103	0.37063	0.36254
V113	0.18299	0.15549	0.20145	0.46008
V114	0.22523	0.10626	0.13314	0.53537
V115	0.03361	0.63463	0.22967	0.10208
V116	0.14272	0.30632	0.32618	0.22478
V117	0.5197	0.25434	0.09183	0.13413
V118	0.15174	0.50278	0.08907	0.25642
V119	0.14126	0.13463	0.11027	0.61384
V120	0.10264	0.11375	0.66748	0.11613
V121	0.45616	0.15927	0.14216	0.24241
V122	0.76772	0.03426	0.08017	0.11785
V123	0.04702	0.45829	0.09929	0.39541
V124	0.51014	0.28477	0.05878	0.14631
V125	0.30292	0.38041	0.19961	0.11705
V126	0.08769	0.19078	0.10905	0.61248
V127	0.17111	0.11003	0.25788	0.46098
V128	0.08759	0.08812	0.15522	0.66907
V129	0.44226	0.23728	0.19321	0.12724
V130	0.03601	0.56015	0.30175	0.10209
V131	0.04403	0.74026	0.05744	0.15827
V132	0.74454	0.03512	0.09548	0.12486
V133	0.72066	0.04443	0.118	0.11691
V134	0.12093	0.36617	0.16203	0.35087
V135	0.11906	0.09262	0.20363	0.58469
V136	0.20876	0.37486	0.07189	0.34449
V137	0.50454	0.07713	0.2599	0.15844
V138	0.18462	0.37412	0.19605	0.24521
V139	0.28147	0.22758	0.21322	0.27773
V140	0.08634	0.14772	0.11088	0.65506
V141	0.09404	0.19342	0.44285	0.2697
V142	0.62709	0.0369	0.23297	0.10304
V143	0.33266	0.26837	0.12186	0.27711
V144	0.16821	0.19389	0.19331	0.44459
V145	0.02667	0.64229	0.22916	0.10188
V146	0.10506	0.09131	0.09751	0.70612
V147	0.72098	0.0533	0.08677	0.13895
V148	0.14228	0.12652	0.47506	0.25614
V149	0.21861	0.45398	0.22537	0.10204
V150	0.10561	0.25334	0.47892	0.16213
V151	0.17743	0.54156	0.08809	0.19292
V152	0.19688	0.40421	0.22361	0.17531
V153	0.10696	0.63136	0.07622	0.18547
V154	0.20503	0.40957	0.26141	0.12399
V155	0.36757	0.17203	0.28174	0.17866
V156	0.072	0.17898	0.55073	0.19829
V157	0.25334	0.19094	0.29304	0.26269
V158	0.08247	0.08786	0.09085	0.73881
V159	0.69806	0.09219	0.065	0.14475
V160	0.53625	0.05154	0.12598	0.28624
V161	0.20709	0.07907	0.09843	0.61541
V162	0.09689	0.30454	0.12954	0.46903
V163	0.10875	0.43837	0.18849	0.26439
V164	0.27183	0.30514	0.14742	0.27561
V165	0.06439	0.27966	0.06673	0.58921
V166	0.07193	0.1563	0.12433	0.64743
V167	0.29822	0.06444	0.07712	0.56022
V168	0.23183	0.49926	0.1261	0.14281
V169	0.1879	0.11621	0.10479	0.5911
V170	0.13061	0.08822	0.43865	0.34251
V171	0.13534	0.2498	0.481	0.13385
V172	0.56474	0.04091	0.28382	0.11053
V173	0.08252	0.19055	0.10422	0.62271
V174	0.07233	0.20759	0.1273	0.59279
V175	0.09846	0.07357	0.62724	0.20073
V176	0.03177	0.67849	0.18754	0.1022
V177	0.02982	0.80186	0.06011	0.10822
V178	0.03653	0.64567	0.06386	0.25394
V179	0.17098	0.07922	0.34353	0.40627
V180	0.04614	0.73949	0.1198	0.09457
V181	0.16219	0.17123	0.44674	0.21984
V182	0.25082	0.20443	0.39674	0.148
V183	0.15693	0.67734	0.06534	0.10039
V184	0.79209	0.0277	0.07508	0.10513
V185	0.44266	0.38235	0.07145	0.10354
V186	0.12276	0.43031	0.25239	0.19454
V187	0.75957	0.03425	0.09491	0.11127
V188	0.09894	0.25572	0.06656	0.57878
V189	0.63437	0.06014	0.08319	0.2223
V190	0.51869	0.05256	0.31898	0.10977
V191	0.17338	0.22354	0.46789	0.13518
V192	0.2442	0.42386	0.10187	0.23007
V193	0.46819	0.07862	0.2532	0.19999
V194	0.05206	0.76736	0.06561	0.11497
V195	0.0547	0.08645	0.74825	0.11061
V196	0.07835	0.13359	0.08339	0.70467
V197	0.33543	0.10379	0.0934	0.46738
V198	0.08322	0.44627	0.32492	0.14559
V199	0.17335	0.09506	0.20303	0.52856
V200	0.12919	0.4956	0.07594	0.29927
V201	0.10671	0.48492	0.20085	0.20752
V202	0.06193	0.08255	0.61942	0.2361
V203	0.15279	0.38915	0.34008	0.11798
V204	0.04654	0.47799	0.06774	0.40774
V205	0.06009	0.10809	0.71369	0.11812
V206	0.08182	0.13721	0.67284	0.10813
V207	0.14703	0.22401	0.11203	0.51693
V208	0.2233	0.11109	0.55018	0.11543
V209	0.24372	0.42231	0.11925	0.21472
V210	0.09045	0.64003	0.13351	0.13601
V211	0.34401	0.07385	0.10027	0.48187
V212	0.40334	0.08307	0.3919	0.12169
V213	0.49086	0.07459	0.16178	0.27276
V214	0.26945	0.19601	0.19264	0.3419
V215	0.25222	0.14948	0.08394	0.51436
V216	0.09463	0.0861	0.0906	0.72868
V217	0.07058	0.44172	0.22953	0.25817
V218	0.1101	0.40719	0.18875	0.29396
V219	0.11099	0.54937	0.06994	0.2697
V220	0.03502	0.69103	0.06281	0.21114
V221	0.63403	0.04378	0.07128	0.2509
V222	0.26108	0.17398	0.32987	0.23506
V223	0.04837	0.17944	0.60769	0.1645
V224	0.78133	0.02743	0.0866	0.10464
V225	0.0669	0.72499	0.10728	0.10082
V226	0.26023	0.12562	0.49924	0.11492
V227	0.62018	0.03739	0.22507	0.11736
V228	0.59391	0.10116	0.12623	0.17869
V229	0.06117	0.08617	0.72666	0.126
V230	0.08137	0.1006	0.09083	0.7272
V231	0.0652	0.28983	0.15132	0.49365
V232	0.06789	0.56301	0.05766	0.31144
V233	0.43519	0.129	0.22337	0.21244
V234	0.05191	0.754	0.08494	0.10915
V235	0.30572	0.10512	0.45843	0.13073
V236	0.08185	0.12132	0.6314	0.16544
V237	0.17124	0.0816	0.10273	0.64443
V238	0.12894	0.48261	0.25162	0.13684
V239	0.09438	0.38019	0.07952	0.44591
V240	0.38746	0.08213	0.38629	0.14412
V241	0.06015	0.0785	0.70148	0.15988
V242	0.12189	0.63763	0.13398	0.1065
V243	0.21685	0.09501	0.5231	0.16503
V244	0.19541	0.06649	0.56475	0.17335
V245	0.45709	0.28944	0.10767	0.14581
V246	0.08568	0.18406	0.60758	0.12268
V247	0.16427	0.07738	0.65557	0.10279
V248	0.08496	0.10468	0.10903	0.70132
V249	0.04648	0.10064	0.69331	0.15956
V250	0.60423	0.03836	0.24627	0.11114
V251	0.75005	0.06619	0.07338	0.11038
V252	0.03175	0.7001	0.17412	0.09402
V253	0.29509	0.12493	0.19366	0.38632
V254	0.02992	0.7676	0.10121	0.10128
V255	0.05916	0.75464	0.05719	0.12901
V256	0.16614	0.23216	0.43061	0.1711
V257	0.33079	0.14627	0.24327	0.27967
V258	0.16586	0.27391	0.3635	0.19673
V259	0.0667	0.29212	0.50611	0.13507
V260	0.04043	0.28623	0.56825	0.10508
V261	0.47614	0.07674	0.2253	0.22182
V262	0.13056	0.12094	0.08722	0.66128
V263	0.03817	0.78761	0.05992	0.1143
V264	0.16816	0.10176	0.37316	0.35692
V265	0.08885	0.08152	0.17349	0.65614
V266	0.50575	0.33087	0.06652	0.09686
V267	0.05186	0.21959	0.26667	0.46188
V268	0.31246	0.08298	0.18292	0.42164
V269	0.03797	0.48569	0.3374	0.13894
V270	0.49783	0.06915	0.26072	0.1723
V271	0.61835	0.0989	0.0963	0.18646
V272	0.06866	0.68316	0.06968	0.1785
V273	0.10437	0.09629	0.10425	0.69508
V274	0.54627	0.04176	0.21785	0.19411
V275	0.04867	0.0866	0.75418	0.11056
V276	0.38605	0.32697	0.0697	0.21728
V277	0.07901	0.23878	0.18542	0.49678
V278	0.08421	0.12591	0.27717	0.51271
V279	0.52904	0.09616	0.16155	0.21326
V280	0.08247	0.08786	0.09085	0.73881
V281	0.42077	0.08032	0.18274	0.31617
V282	0.08874	0.12176	0.63844	0.15107
V283	0.17879	0.50248	0.11149	0.20724
V284	0.04601	0.74617	0.10615	0.10166
V285	0.09802	0.07585	0.72285	0.10328
V286	0.2016	0.4778	0.14693	0.17366
V287	0.09583	0.71902	0.07097	0.11418
V288	0.05449	0.28859	0.36083	0.29609
V289	0.23527	0.23646	0.36594	0.16233
V290	0.64897	0.17392	0.0765	0.10061
V291	0.38573	0.10972	0.39003	0.11452
V292	0.74313	0.03588	0.06882	0.15216
V293	0.25537	0.06969	0.53709	0.13784
V294	0.10957	0.35381	0.06308	0.47354
V295	0.06725	0.21723	0.20577	0.50975
V296	0.16909	0.16207	0.49753	0.17131
V297	0.11759	0.08109	0.12708	0.67423
V298	0.25214	0.14092	0.49253	0.11442
V299	0.1014	0.28585	0.07814	0.5346
V300	0.06323	0.10497	0.23671	0.59509
V301	0.13272	0.15699	0.51822	0.19207
V302	0.50634	0.3225	0.06042	0.11074
V303	0.03079	0.51487	0.32959	0.12475
V304	0.09151	0.08829	0.59101	0.2292
V305	0.1326	0.19864	0.38462	0.28415
V306	0.6224	0.12311	0.11129	0.1432
V307	0.03813	0.78076	0.07241	0.10869
V308	0.19782	0.24819	0.27729	0.27669
V309	0.26427	0.31159	0.0839	0.34024
V310	0.10093	0.31498	0.17603	0.40805
V311	0.40064	0.43155	0.06475	0.10306
V312	0.09797	0.61927	0.16724	0.11552
V313	0.06931	0.16268	0.08759	0.68042
V314	0.05258	0.43065	0.14675	0.37002
V315	0.11886	0.536	0.08854	0.25659
V316	0.25306	0.17421	0.34479	0.22794
V317	0.09367	0.58934	0.09576	0.22122
V318	0.06534	0.48773	0.07135	0.37558
V319	0.08799	0.11378	0.66706	0.13117
V320	0.10265	0.1835	0.51606	0.19779
V321	0.49785	0.33922	0.06606	0.09686
V322	0.1753	0.31619	0.12094	0.38757
V323	0.1027	0.09544	0.14	0.66186
V324	0.50477	0.25593	0.12101	0.11829
V325	0.24374	0.5482	0.10638	0.10168
V326	0.03682	0.49112	0.13285	0.3392
V327	0.07214	0.19129	0.14908	0.58749
V328	0.08418	0.08843	0.59131	0.23607
V329	0.16977	0.16365	0.19323	0.47336
V330	0.31195	0.06703	0.31933	0.30169
V331	0.28104	0.13836	0.10586	0.47475
V332	0.06973	0.1203	0.20264	0.60733
V333	0.33048	0.11964	0.35666	0.19322
V334	0.28843	0.07054	0.33173	0.30929
V335	0.05913	0.32619	0.4192	0.19548
V336	0.15399	0.59022	0.07732	0.17846
V337	0.22953	0.36965	0.27622	0.1246
V338	0.023	0.80907	0.06679	0.10115
V339	0.13569	0.07278	0.68116	0.11038
V340	0.08488	0.24848	0.42697	0.23968
V341	0.08365	0.10525	0.12083	0.69028
V342	0.21902	0.0647	0.509	0.20729
V343	0.77416	0.04074	0.07461	0.11049
V344	0.5229	0.16846	0.20882	0.09981
V345	0.05458	0.08641	0.75509	0.10391
V346	0.20202	0.16273	0.27104	0.36421
V347	0.0944	0.08677	0.16786	0.65097
V348	0.07193	0.55388	0.16733	0.20687
V349	0.27455	0.19573	0.34551	0.18421
V350	0.04629	0.67141	0.18748	0.09481
V351	0.06988	0.10286	0.34821	0.47905
V352	0.08294	0.08382	0.66646	0.16678
V353	0.68474	0.05559	0.09992	0.15976
V354	0.06493	0.58181	0.22309	0.13017
V355	0.23261	0.12769	0.39738	0.24232
V356	0.0879	0.09679	0.14608	0.66923
V357	0.12116	0.3234	0.25988	0.29556
V358	0.40884	0.14567	0.11066	0.33484
V359	0.43562	0.10349	0.09694	0.36396
V360	0.41877	0.39305	0.07888	0.1093
V361	0.03435	0.40868	0.45329	0.10369
V362	0.02317	0.80321	0.07256	0.10106
V363	0.16429	0.16333	0.39494	0.27744
V364	0.15665	0.11675	0.54735	0.17925
V365	0.23486	0.0913	0.08262	0.59123
V366	0.08619	0.57389	0.12602	0.21391
V367	0.43125	0.17443	0.06752	0.32681
V368	0.09157	0.60948	0.12662	0.17233
V369	0.04914	0.3695	0.47691	0.10445
V370	0.23926	0.2749	0.3582	0.12764
V371	0.16047	0.60697	0.08236	0.15019
V372	0.16659	0.12051	0.16038	0.55252
V373	0.10407	0.18574	0.39126	0.31893
V374	0.61176	0.04565	0.23953	0.10306
V375	0.09176	0.1104	0.17814	0.61969
V376	0.08714	0.10391	0.14584	0.66311
V377	0.61131	0.03706	0.07986	0.27176
V378	0.06304	0.10301	0.35522	0.47874
V379	0.26921	0.22425	0.07504	0.43149
V380	0.15699	0.13549	0.21379	0.49372
V381	0.55927	0.05502	0.14938	0.23633
V382	0.10376	0.08912	0.69716	0.10996
V383	0.64192	0.04253	0.11394	0.20161
V384	0.41912	0.12143	0.17313	0.28632
V385	0.66387	0.04678	0.13799	0.15136
V386	0.25393	0.08104	0.18279	0.48223
V387	0.43908	0.17472	0.21544	0.17076
V388	0.28452	0.32027	0.17758	0.21763
V389	0.31468	0.46269	0.07085	0.15177
V390	0.24098	0.25923	0.39601	0.10377
V391	0.32415	0.1516	0.08397	0.44028
V392	0.31856	0.23841	0.1944	0.24862
V393	0.22818	0.24677	0.31338	0.21168
V394	0.11516	0.25113	0.15007	0.48364
V395	0.1847	0.36612	0.21032	0.23885
V396	0.03092	0.78948	0.06522	0.11438
V397	0.59313	0.11844	0.15241	0.13602
V398	0.33713	0.17462	0.14422	0.34403
V399	0.16468	0.48034	0.17496	0.18002
V400	0.03722	0.50542	0.11124	0.34612
V401	0.07019	0.19302	0.57288	0.16392
V402	0.61811	0.18661	0.09497	0.1003
V403	0.08373	0.09888	0.12657	0.69082
V404	0.10731	0.22084	0.49368	0.17817
V405	0.20031	0.09971	0.19673	0.50326
V406	0.48115	0.25659	0.07925	0.18301
V407	0.023	0.80907	0.06679	0.10115
V408	0.10813	0.26204	0.34053	0.2893
V409	0.07615	0.09505	0.09114	0.73766
V410	0.08999	0.71193	0.08318	0.1149
V411	0.35009	0.06539	0.07091	0.51361
V412	0.15825	0.1334	0.41653	0.29181
V413	0.07792	0.43383	0.19425	0.29399
V414	0.06165	0.44747	0.29651	0.19436
V415	0.34172	0.08742	0.2468	0.32406
V416	0.05356	0.12521	0.71837	0.10286
V417	0.29531	0.53809	0.06436	0.10225
V418	0.10852	0.1601	0.17494	0.55643
V419	0.08213	0.0864	0.09892	0.73254
V420	0.0263	0.73238	0.07061	0.17072
V421	0.158	0.09846	0.55052	0.19301
V422	0.09693	0.12456	0.08265	0.69586
V423	0.10478	0.08318	0.6873	0.12474
V424	0.04944	0.1182	0.49968	0.33268
V425	0.08238	0.25522	0.47885	0.18356
V426	0.11198	0.1024	0.62665	0.15896
V427	0.08955	0.37192	0.20112	0.33741
V428	0.09044	0.63828	0.10585	0.16543
V429	0.08143	0.08705	0.10428	0.72724
V430	0.56672	0.18822	0.08202	0.16304
V431	0.17517	0.0914	0.39021	0.34322
V432	0.13323	0.15065	0.10971	0.60641
V433	0.07208	0.6154	0.05765	0.25488
V434	0.27444	0.13212	0.11153	0.48191
V435	0.39093	0.06858	0.16817	0.37232
V436	0.30661	0.07512	0.16226	0.45601
V437	0.20277	0.25038	0.06996	0.47689
V438	0.45544	0.18978	0.09322	0.26156
V439	0.0879	0.15334	0.08141	0.67735
V440	0.37291	0.0926	0.10007	0.43443
V441	0.09461	0.17795	0.47925	0.24819
V442	0.24764	0.3308	0.16848	0.25307
V443	0.56668	0.04674	0.14969	0.23689
V444	0.05458	0.08641	0.75509	0.10391
V445	0.47311	0.06298	0.33372	0.13018
V446	0.05304	0.68314	0.10634	0.15749
V447	0.47263	0.13376	0.20842	0.18519
V448	0.07461	0.13496	0.20766	0.58276
V449	0.42701	0.08718	0.29894	0.18687
V450	0.12618	0.70848	0.07103	0.09431
V451	0.73541	0.07581	0.06423	0.12455
V452	0.09029	0.09202	0.12621	0.69148
V453	0.61572	0.10948	0.12514	0.14966
V454	0.02343	0.7671	0.10115	0.10832
V455	0.4586	0.07803	0.30512	0.15825
V456	0.26103	0.16598	0.34484	0.22816
V457	0.07591	0.10076	0.0856	0.73774
V458	0.22429	0.24969	0.06896	0.45706
V459	0.0403	0.65469	0.13298	0.17203
V460	0.75202	0.03485	0.09516	0.11798
V461	0.10517	0.10456	0.08359	0.70667
V462	0.27409	0.26154	0.06119	0.40319
V463	0.20454	0.42554	0.18186	0.18807
V464	0.38674	0.14678	0.0693	0.39718
V465	0.3045	0.396	0.08348	0.21602
V466	0.43687	0.21301	0.06668	0.28345
V467	0.24603	0.49761	0.12648	0.12988
V468	0.37414	0.37441	0.10593	0.14552
V469	0.06472	0.21853	0.26756	0.44919
V470	0.40873	0.16322	0.20822	0.21983
V471	0.22926	0.15903	0.09837	0.51334
V472	0.25568	0.32469	0.05941	0.36022
V473	0.10409	0.47435	0.30438	0.11718
V474	0.14252	0.07726	0.15167	0.62855
V475	0.16441	0.37202	0.12635	0.33722
V476	0.16981	0.08884	0.1191	0.62225
V477	0.45317	0.08481	0.23351	0.22851
V478	0.12747	0.50967	0.06348	0.29937
V479	0.0575	0.13954	0.62982	0.17314
V480	0.10515	0.31146	0.10122	0.48218
V481	0.14957	0.07844	0.65523	0.11676
V482	0.52331	0.18511	0.15716	0.13442
V483	0.14455	0.1651	0.12707	0.56329
V484	0.08295	0.13346	0.09472	0.68887
V485	0.11588	0.61664	0.06844	0.19904
V486	0.2219	0.27697	0.16136	0.33977
V487	0.11444	0.11479	0.13753	0.63324
V488	0.04634	0.07823	0.68781	0.18762
V489	0.19056	0.14463	0.55	0.11481
V490	0.26391	0.31153	0.1203	0.30427
V491	0.33403	0.4244	0.09012	0.15144
V492	0.04595	0.69148	0.1606	0.10197
V493	0.08301	0.08761	0.0813	0.74808
V494	0.17591	0.19476	0.43132	0.198
V495	0.18403	0.53172	0.16824	0.11602
V496	0.22087	0.58669	0.05699	0.13545
V497	0.05483	0.07928	0.75525	0.11063
V498	0.25791	0.15705	0.11169	0.47336
V499	0.46441	0.26788	0.16367	0.10403
V500	0.11534	0.16766	0.58072	0.13628
V501	0.07568	0.08732	0.10454	0.73246
V502	0.40889	0.27872	0.18592	0.12647
V503	0.18315	0.1562	0.21395	0.4467
V504	0.19014	0.58874	0.0708	0.15032
V505	0.17751	0.24257	0.24669	0.33323
V506	0.10653	0.2701	0.37662	0.24675
V507	0.45767	0.14302	0.16473	0.23458
V508	0.56774	0.18906	0.10149	0.14171
V509	0.2015	0.12156	0.42681	0.25014
V510	0.18676	0.45668	0.25365	0.10291
V511	0.07876	0.38948	0.09973	0.43203
V512	0.21673	0.11494	0.13343	0.5349
V513	0.08675	0.54508	0.21596	0.1522
V514	0.07973	0.12579	0.07878	0.71571
V515	0.58068	0.10089	0.11238	0.20605
V516	0.71877	0.109	0.06378	0.10845
V517	0.08824	0.10205	0.25102	0.55869
V518	0.76574	0.05754	0.06624	0.11047
V519	0.04647	0.71245	0.06308	0.178
V520	0.0726	0.07723	0.50171	0.34846
V521	0.43294	0.08617	0.35025	0.13064
V522	0.05149	0.18185	0.46208	0.30457
V523	0.27757	0.17366	0.25662	0.29215
V524	0.03222	0.64282	0.20145	0.12351
V525	0.21778	0.23658	0.08733	0.45831
V526	0.48021	0.12536	0.13105	0.26339
V527	0.19049	0.09241	0.35191	0.36519
V528	0.0965	0.71079	0.05706	0.13565
V529	0.10136	0.13249	0.22814	0.538
V530	0.0453	0.23318	0.5366	0.18492
V531	0.03845	0.72195	0.14582	0.09378
V532	0.16225	0.32356	0.08623	0.42796
V533	0.22543	0.33937	0.16801	0.2672
V534	0.05505	0.08428	0.56823	0.29244
V535	0.42848	0.05271	0.0793	0.43952
V536	0.18535	0.07135	0.33614	0.40716
V537	0.44282	0.26193	0.18591	0.10934
V538	0.35078	0.11195	0.13796	0.39931
V539	0.21387	0.39437	0.1826	0.20916
V540	0.16782	0.58289	0.11997	0.12933
V541	0.05302	0.45159	0.11254	0.38285
V542	0.18082	0.17988	0.24802	0.39128
V543	0.68592	0.04146	0.0781	0.19452
V544	0.12888	0.15164	0.19385	0.52563
V545	0.28568	0.18561	0.12303	0.40568
V546	0.05955	0.72576	0.11319	0.1015
V547	0.05735	0.54425	0.28912	0.10929
V548	0.13638	0.63603	0.12726	0.10033
V549	0.26972	0.08401	0.53044	0.11583
V550	0.44988	0.08018	0.0655	0.40444
V551	0.15395	0.61487	0.0883	0.14288
V552	0.0413	0.47048	0.06753	0.4207
V553	0.19563	0.18385	0.49822	0.1223
V554	0.10067	0.146	0.09313	0.6602
V555	0.10906	0.25438	0.29733	0.33924
V556	0.04753	0.09336	0.72606	0.13305
V557	0.62662	0.06642	0.07746	0.2295
V558	0.07773	0.64848	0.08206	0.19173
V559	0.0318	0.67207	0.20112	0.095
V560	0.52928	0.30518	0.06133	0.10421
V561	0.04867	0.0866	0.75418	0.11056
V562	0.59668	0.044	0.17181	0.1875
V563	0.21741	0.06666	0.60625	0.10968
V564	0.08823	0.13004	0.6658	0.11593
V565	0.12916	0.2758	0.32655	0.26849
V566	0.52457	0.1367	0.06791	0.27082
V567	0.18491	0.40872	0.08332	0.32305
V568	0.21971	0.07862	0.11607	0.5856
V569	0.5189	0.07332	0.06545	0.34233
V570	0.06003	0.29294	0.4917	0.15532
V571	0.62697	0.1534	0.06224	0.1574
V572	0.34755	0.06294	0.40144	0.18807
V573	0.10149	0.21122	0.07599	0.61129
V574	0.05466	0.64958	0.18734	0.10843
V575	0.0756	0.14885	0.1626	0.61295
V576	0.13673	0.66807	0.08907	0.10614
V577	0.08827	0.11883	0.22226	0.57065
V578	0.08932	0.12975	0.53874	0.24219
V579	0.03251	0.7196	0.13317	0.11472
V580	0.16276	0.08196	0.158	0.59728
V581	0.10841	0.13733	0.07613	0.67813
V582	0.43186	0.18268	0.09398	0.29148
V583	0.05642	0.11897	0.47752	0.34708
V584	0.38957	0.18581	0.28913	0.13549
V585	0.06294	0.08797	0.3841	0.465
V586	0.20976	0.07248	0.53669	0.18107
V587	0.23296	0.07243	0.56412	0.13049
V588	0.47383	0.09155	0.09187	0.34274
V589	0.06731	0.66855	0.11337	0.15077
V590	0.06254	0.63421	0.20122	0.10203
V591	0.06446	0.11322	0.21528	0.60704
V592	0.15698	0.09242	0.64833	0.10227
V593	0.44734	0.04892	0.21642	0.28732
V594	0.26239	0.28955	0.30715	0.14091
V595	0.08676	0.10018	0.09058	0.72249
V596	0.07352	0.29365	0.22479	0.40804
V597	0.02989	0.50109	0.30246	0.16656
V598	0.05785	0.16282	0.66249	0.11684
V599	0.47072	0.31261	0.09112	0.12554
V600	0.27374	0.42845	0.10412	0.19369
V601	0.15597	0.2863	0.12879	0.42893
V602	0.0872	0.09971	0.0857	0.72739
V603	0.05684	0.35609	0.07614	0.51093
V604	0.39039	0.15593	0.32399	0.12969
V605	0.09007	0.32548	0.33958	0.24487
V606	0.54518	0.18101	0.07637	0.19744
V607	0.4919	0.06096	0.16059	0.28656
V608	0.19187	0.20177	0.33596	0.2704
V609	0.06941	0.26376	0.23158	0.43525
V610	0.58206	0.06182	0.14966	0.20646
V611	0.2491	0.07462	0.1148	0.56147
V612	0.06561	0.14645	0.63008	0.15786
V613	0.06516	0.32295	0.47706	0.13482
V614	0.5735	0.10089	0.11262	0.21299
V615	0.15054	0.11885	0.0806	0.65001
V616	0.08653	0.5896	0.0959	0.22797
V617	0.36562	0.18935	0.34581	0.09922
V618	0.55607	0.05087	0.06498	0.32808
V619	0.30311	0.09012	0.30553	0.30124
V620	0.03601	0.56015	0.30175	0.10209
V621	0.32146	0.19279	0.20008	0.28567
V622	0.27848	0.24171	0.35134	0.12847
V623	0.0753	0.14106	0.17664	0.607
V624	0.61028	0.20983	0.06098	0.11891
V625	0.21309	0.4394	0.1397	0.20781
V626	0.7654	0.05014	0.06672	0.11773
V627	0.07212	0.0998	0.12746	0.70062
V628	0.05952	0.24915	0.08336	0.60797
V629	0.12957	0.29934	0.26074	0.31036
V630	0.06563	0.32346	0.47008	0.14083
V631	0.06957	0.2292	0.14636	0.55487
V632	0.44619	0.04798	0.18322	0.32261
V633	0.04584	0.09841	0.65529	0.20047
V634	0.30745	0.27133	0.31626	0.10496
V635	0.05062	0.63111	0.06406	0.2542
V636	0.13298	0.15712	0.51139	0.1985
V637	0.24585	0.22783	0.13618	0.39014
V638	0.28762	0.27105	0.12196	0.31938
V639	0.21987	0.39115	0.29266	0.09633
V640	0.07044	0.19288	0.59319	0.14349
V641	0.68611	0.07098	0.09179	0.15112
V642	0.58169	0.19518	0.0601	0.16303
V643	0.05226	0.22724	0.37515	0.34535
V644	0.71149	0.10127	0.0712	0.11604
V645	0.2133	0.37728	0.29178	0.11763
V646	0.02991	0.80335	0.06579	0.10094
V647	0.14772	0.1408	0.56165	0.14982
V648	0.30984	0.39536	0.16987	0.12493
V649	0.06571	0.12321	0.65985	0.15123
V650	0.08767	0.14488	0.6101	0.15735
V651	0.26243	0.06301	0.56417	0.11038
V652	0.11368	0.15422	0.36979	0.36231
V653	0.11779	0.55759	0.13862	0.186
V654	0.52163	0.2166	0.11426	0.14752
V655	0.06445	0.49664	0.07688	0.36202
V656	0.18488	0.28296	0.07499	0.45717
V657	0.0844	0.13362	0.08257	0.69941
V658	0.44567	0.22919	0.11428	0.21085
V659	0.26317	0.14249	0.33004	0.2643
V660	0.04437	0.78168	0.05915	0.11481
V661	0.08441	0.3894	0.10719	0.419
V662	0.32373	0.07192	0.41649	0.18787
V663	0.20734	0.1278	0.47138	0.19348
V664	0.18513	0.12129	0.54998	0.1436
V665	0.51453	0.20849	0.10009	0.17689
V666	0.44535	0.04976	0.15368	0.35121
V667	0.59361	0.1022	0.20269	0.10151
V668	0.11149	0.66673	0.12767	0.09411
V669	0.19015	0.38086	0.24717	0.18182
V670	0.08134	0.74441	0.05955	0.11471
V671	0.27732	0.28942	0.25646	0.1768
V672	0.06009	0.09228	0.71452	0.1331
V673	0.19287	0.35004	0.23259	0.2245
V674	0.53872	0.17489	0.08259	0.2038
V675	0.13595	0.32251	0.28929	0.25225
V676	0.08049	0.16987	0.14916	0.60049
V677	0.28928	0.37415	0.14067	0.19591
V678	0.39326	0.43329	0.07009	0.10336
V679	0.0743	0.30787	0.50574	0.11208
V680	0.2405	0.47645	0.16845	0.11461
V681	0.69818	0.09293	0.07798	0.1309
V682	0.11814	0.29707	0.45132	0.13346
V683	0.02983	0.80248	0.07312	0.09456
V684	0.52384	0.18623	0.14191	0.14803
V685	0.36791	0.33074	0.16188	0.13947
V686	0.11667	0.22154	0.17783	0.48396
V687	0.08727	0.09402	0.09048	0.72823
V688	0.28583	0.45556	0.05815	0.20047
V689	0.22893	0.06895	0.11092	0.59119
V690	0.36368	0.09237	0.38585	0.1581
V691	0.15743	0.07058	0.66196	0.11003
V692	0.10094	0.18297	0.55939	0.15669
V693	0.20105	0.16285	0.32828	0.30782
V694	0.06736	0.10323	0.27857	0.55084
V695	0.21811	0.0763	0.18983	0.51577
V696	0.11455	0.14492	0.08562	0.65491
V697	0.08004	0.11888	0.08436	0.71672
V698	0.63415	0.04336	0.07845	0.24404
V699	0.41794	0.28625	0.11968	0.17613
V700	0.21357	0.09275	0.07805	0.61562
V701	0.11542	0.46022	0.1456	0.27876
V702	0.40918	0.12889	0.07733	0.3846
V703	0.14454	0.12037	0.40759	0.3275
V704	0.62679	0.08055	0.09211	0.20055
V705	0.76003	0.02882	0.07974	0.1314
V706	0.10379	0.11188	0.6109	0.17343
V707	0.0637	0.39163	0.41107	0.13361
V708	0.05302	0.71277	0.07642	0.15779
V709	0.1357	0.27489	0.42815	0.16125
V710	0.44582	0.22939	0.10642	0.21837
V711	0.09023	0.65322	0.13388	0.12267
V712	0.62738	0.08754	0.07102	0.21406
V713	0.32406	0.30068	0.09194	0.28331
V714	0.04071	0.56515	0.07614	0.318
V715	0.23894	0.32361	0.28366	0.15378
V716	0.09017	0.11137	0.10856	0.68989
V717	0.08116	0.7507	0.05934	0.10881
V718	0.13667	0.48247	0.19398	0.18688
V719	0.07334	0.58906	0.08874	0.24886
V720	0.53834	0.04206	0.25315	0.16645
V721	0.13138	0.20593	0.39323	0.26945
V722	0.11098	0.3322	0.07494	0.48187
V723	0.13509	0.14323	0.07865	0.64304
V724	0.4374	0.07933	0.13967	0.34361
V725	0.04516	0.1472	0.67599	0.13166
V726	0.07123	0.36047	0.15559	0.41271
V727	0.21469	0.5507	0.13414	0.10048
V728	0.04582	0.71896	0.13279	0.10243
V729	0.32033	0.07497	0.19654	0.40816
V730	0.69791	0.06219	0.10843	0.13146
V731	0.06697	0.23386	0.33935	0.35982
V732	0.27797	0.13366	0.32408	0.26428
V733	0.47693	0.21209	0.09236	0.21863
V734	0.20007	0.30022	0.39566	0.10406
V735	0.06726	0.10175	0.4064	0.42459
V736	0.15922	0.08443	0.08319	0.67315
V737	0.25615	0.29184	0.24088	0.21113
V738	0.09776	0.32377	0.37563	0.20284
V739	0.05184	0.08678	0.49274	0.36863
V740	0.64433	0.11353	0.12691	0.11523
V741	0.36318	0.15029	0.16434	0.32219
V742	0.31081	0.52261	0.07112	0.09546
V743	0.13774	0.18077	0.55906	0.12242
V744	0.39695	0.08931	0.32077	0.19296
V745	0.04224	0.57761	0.19346	0.1867
V746	0.79191	0.02735	0.06963	0.1111
V747	0.09275	0.07373	0.56898	0.26453
V748	0.13303	0.15822	0.47395	0.23479
V749	0.23332	0.21205	0.10981	0.44481
V750	0.30981	0.41802	0.07777	0.1944
V751	0.06006	0.70648	0.09078	0.14268
V752	0.34162	0.2463	0.17032	0.24176
V753	0.08255	0.09369	0.08008	0.74368
V754	0.0325	0.75998	0.05736	0.15016
V755	0.14784	0.22918	0.30426	0.31872
V756	0.086	0.09298	0.10888	0.71214
V757	0.26091	0.50273	0.11328	0.12308
V758	0.06175	0.62594	0.15344	0.15886
V759	0.13965	0.12892	0.34808	0.38335
V760	0.24298	0.12153	0.27099	0.3645
V761	0.08144	0.49353	0.25853	0.1665
V762	0.05029	0.36352	0.07608	0.51012
V763	0.29185	0.34117	0.0851	0.28189
V764	0.0327	0.75312	0.06414	0.15003
V765	0.50241	0.13028	0.06116	0.30614
V766	0.05388	0.3198	0.36802	0.25831
V767	0.36194	0.16738	0.25019	0.22048
V768	0.0658	0.74124	0.07764	0.11533
V769	0.12776	0.68319	0.08271	0.10635
V770	0.02991	0.80335	0.06579	0.10094
V771	0.16376	0.07757	0.64216	0.11651
V772	0.14191	0.10111	0.64795	0.10903
V773	0.14181	0.68598	0.06545	0.10677
V774	0.06084	0.07889	0.72691	0.13335
V775	0.13654	0.11427	0.26971	0.47948
V776	0.31877	0.3871	0.10561	0.18851
V777	0.16953	0.17084	0.17236	0.48727
V778	0.39598	0.28072	0.12054	0.20275
V779	0.16711	0.10777	0.41794	0.30717
V780	0.10662	0.63923	0.15976	0.0944
V781	0.09784	0.10405	0.09652	0.70159
V782	0.04889	0.17218	0.62111	0.15781
V783	0.59694	0.06052	0.11297	0.22957
V784	0.10254	0.72593	0.07069	0.10084
V785	0.05232	0.76105	0.07161	0.11502
V786	0.53843	0.18422	0.13563	0.14172
V787	0.02576	0.69315	0.17961	0.10148
V788	0.37797	0.29613	0.18627	0.13963
V789	0.09683	0.35	0.08628	0.4669
V790	0.35231	0.08589	0.13335	0.42845
V791	0.13465	0.35387	0.29591	0.21557
V792	0.13077	0.47017	0.06414	0.33491
V793	0.11832	0.55113	0.08857	0.24198
V794	0.08082	0.13767	0.6164	0.16511
V795	0.13563	0.11363	0.11795	0.63279
V796	0.06552	0.13873	0.6715	0.12425
V797	0.58962	0.04019	0.25292	0.11726
V798	0.46497	0.29091	0.12705	0.11707
V799	0.12305	0.63711	0.08201	0.15783
V800	0.10135	0.10044	0.42836	0.36985
V801	0.14484	0.17514	0.29753	0.38249
V802	0.08307	0.14923	0.26159	0.50611
V803	0.18661	0.45677	0.26144	0.09518
V804	0.40387	0.06794	0.36327	0.16492
V805	0.05487	0.07957	0.7615	0.10405
V806	0.05952	0.74	0.07164	0.12884
V807	0.21978	0.19596	0.09823	0.48603
V808	0.49536	0.27148	0.09951	0.13366
V809	0.07568	0.09823	0.72281	0.10328
V810	0.02978	0.80913	0.0602	0.10089
V811	0.32408	0.13059	0.22248	0.32285
V812	0.40439	0.27073	0.10675	0.21813
V813	0.44347	0.21598	0.21284	0.1277
V814	0.33037	0.46829	0.09916	0.10219
V815	0.02385	0.75458	0.1201	0.10147
V816	0.74418	0.02806	0.12345	0.10431
V817	0.06635	0.13113	0.68557	0.11695
V818	0.07201	0.11966	0.1034	0.70492
V819	0.62969	0.11546	0.11161	0.14324
V820	0.14679	0.15583	0.09094	0.60644
V821	0.18538	0.31089	0.34293	0.1608
V822	0.09658	0.09002	0.68896	0.12444
V823	0.06276	0.22453	0.53466	0.17805
V824	0.10159	0.35202	0.449	0.09738
V825	0.18891	0.29643	0.24601	0.26866
V826	0.32583	0.37864	0.18622	0.10932
V827	0.28995	0.51663	0.07008	0.12334
V828	0.19506	0.20834	0.15032	0.44628
V829	0.08178	0.26529	0.09844	0.55449
V830	0.19381	0.25275	0.08833	0.46511
V831	0.57999	0.12571	0.0959	0.1984
V832	0.21461	0.37203	0.18909	0.22427
V833	0.13796	0.44478	0.19463	0.22263
V834	0.2444	0.13583	0.13236	0.48741
V835	0.27333	0.40566	0.15377	0.16725
V836	0.0408	0.5708	0.06427	0.32413
V837	0.18529	0.35872	0.20241	0.25357
V838	0.72774	0.06723	0.09505	0.10999
V839	0.23746	0.5198	0.14106	0.10168
V840	0.23332	0.60747	0.06473	0.09449
V841	0.04587	0.10896	0.6934	0.15176
V842	0.27562	0.20518	0.25637	0.26283
V843	0.05887	0.09125	0.68254	0.16733
V844	0.12918	0.15298	0.33447	0.38337
V845	0.09359	0.16153	0.58752	0.15736
V846	0.04854	0.0852	0.60267	0.2636
V847	0.07733	0.08817	0.08592	0.74858
V848	0.10023	0.44692	0.18838	0.26447
V849	0.02339	0.78269	0.06538	0.12854
V850	0.77392	0.02834	0.07999	0.11775
V851	0.26242	0.4672	0.17548	0.0949
V852	0.13238	0.12119	0.17028	0.57614
V853	0.20339	0.2479	0.35098	0.19773
V854	0.43979	0.2002	0.14832	0.2117
V855	0.07733	0.08817	0.08592	0.74858
V856	0.07398	0.34073	0.3116	0.27369
V857	0.50116	0.2028	0.09225	0.20379
V858	0.43261	0.05789	0.40017	0.10932
V859	0.48906	0.2484	0.07948	0.18306
V860	0.1779	0.16933	0.1136	0.53918
V861	0.10268	0.33753	0.44915	0.11065
V862	0.13967	0.14168	0.57545	0.1432
V863	0.19048	0.12234	0.0722	0.61497
V864	0.10953	0.1091	0.11377	0.6676
V865	0.13861	0.08407	0.26351	0.5138
V866	0.55795	0.05803	0.2673	0.11672
V867	0.55754	0.06611	0.26693	0.10942
V868	0.37878	0.28305	0.16889	0.16928
V869	0.03747	0.79611	0.06529	0.10114
V870	0.11939	0.33239	0.08012	0.46811
V871	0.02339	0.78269	0.06538	0.12854
V872	0.06968	0.09722	0.24989	0.58321
V873	0.68399	0.06248	0.11558	0.13795
V874	0.1655	0.65705	0.08343	0.09402
V875	0.06596	0.23241	0.21174	0.48989
V876	0.14917	0.32056	0.35516	0.1751
V877	0.07338	0.3731	0.27326	0.28026
V878	0.12032	0.67277	0.11311	0.0938
V879	0.16162	0.57757	0.09579	0.16502
V880	0.24122	0.48174	0.06335	0.21369
V881	0.15105	0.10878	0.49036	0.24981
V882	0.61199	0.03564	0.17893	0.17344
V883	0.2338	0.21995	0.44679	0.09946
V884	0.06922	0.28678	0.06649	0.57751
V885	0.54234	0.22328	0.13468	0.0997
V886	0.05006	0.34958	0.39125	0.2091
V887	0.47491	0.10954	0.19479	0.22075
V888	0.11904	0.10908	0.59185	0.18003
V889	0.7137	0.07635	0.08659	0.12335
V890	0.07222	0.19366	0.49341	0.24072
V891	0.47275	0.09367	0.29048	0.14311
V892	0.23286	0.21869	0.07673	0.47172
V893	0.42875	0.23108	0.18605	0.15412
V894	0.08788	0.30716	0.47108	0.13388
V895	0.44352	0.11235	0.22376	0.22037
V896	0.05206	0.76736	0.06561	0.11497
V897	0.51817	0.25963	0.06829	0.15391
V898	0.36564	0.05856	0.07514	0.50066
V899	0.07347	0.23048	0.17224	0.52382
V900	0.09913	0.30102	0.31821	0.28164
V901	0.0552	0.6842	0.06273	0.19787
V902	0.05908	0.73914	0.10041	0.10136
V903	0.04026	0.38601	0.43376	0.13998
V904	0.03752	0.80155	0.05982	0.1011
V905	0.16187	0.07388	0.20334	0.56091
V906	0.30937	0.14694	0.15054	0.39315
V907	0.32286	0.45504	0.07814	0.14396
V908	0.07626	0.12023	0.12479	0.67872
V909	0.12156	0.66452	0.05628	0.15765
V910	0.16948	0.07412	0.16429	0.59211
V911	0.3827	0.36689	0.09025	0.16017
V912	0.29236	0.32016	0.16184	0.22565
V913	0.14043	0.07914	0.08457	0.69587
V914	0.1592	0.4345	0.27572	0.13057
V915	0.20852	0.0725	0.07972	0.63926
V916	0.21554	0.112	0.52905	0.14342
V917	0.53595	0.07265	0.20385	0.18754
V918	0.06558	0.53159	0.22995	0.17288
V919	0.17591	0.25769	0.27655	0.28984
V920	0.4533	0.22081	0.142	0.18389
V921	0.08161	0.20596	0.09526	0.61718
V922	0.10527	0.41484	0.34117	0.13872
V923	0.11721	0.09501	0.10878	0.67899
V924	0.05623	0.55942	0.25994	0.12441
V925	0.17684	0.1039	0.08536	0.6339
V926	0.1913	0.09497	0.09847	0.61526
V927	0.08365	0.1114	0.11448	0.69048
V928	0.05899	0.7266	0.06418	0.15023
V929	0.07334	0.53841	0.15915	0.22911
V930	0.37566	0.35202	0.09078	0.18154
V931	0.13558	0.28243	0.42087	0.16111
V932	0.07353	0.17025	0.48632	0.2699
V933	0.45145	0.36734	0.07192	0.10928
V934	0.0596	0.20278	0.26116	0.47646
V935	0.415	0.19368	0.22869	0.16263
V936	0.3887	0.27975	0.07809	0.25345
V937	0.40219	0.16969	0.13637	0.29176
V938	0.29454	0.10683	0.29765	0.30098
V939	0.56732	0.06262	0.13338	0.23668
V940	0.0469	0.64866	0.17445	0.12999
V941	0.04913	0.07962	0.76054	0.11072
V942	0.5523	0.20729	0.12163	0.11878
V943	0.30496	0.16927	0.3765	0.14927
V944	0.06645	0.28105	0.11789	0.53461
V945	0.41458	0.33981	0.07065	0.17496
V946	0.33804	0.26891	0.25816	0.13488
V947	0.11547	0.12392	0.23486	0.52574
V948	0.27724	0.08415	0.51624	0.12237
V949	0.05819	0.17276	0.21415	0.5549
V950	0.07624	0.46432	0.21594	0.2435
V951	0.6404	0.04994	0.19944	0.11022
V952	0.10231	0.18498	0.25463	0.45807
V953	0.05884	0.11626	0.69235	0.13256
V954	0.08056	0.22325	0.17192	0.52426
V955	0.11966	0.51169	0.08387	0.28478
V956	0.07962	0.10038	0.42929	0.3907
V957	0.27668	0.08007	0.07086	0.57239
V958	0.08301	0.08761	0.0813	0.74808
V959	0.19434	0.27085	0.3729	0.16191
V960	0.19684	0.28392	0.12979	0.38945
V961	0.13305	0.36026	0.3116	0.19509
V962	0.28085	0.20305	0.35283	0.16328
V963	0.43738	0.19946	0.19336	0.1698
V964	0.63977	0.06692	0.15607	0.13725
V965	0.07753	0.44198	0.20076	0.27973
V966	0.76665	0.04177	0.07368	0.1179
V967	0.09284	0.11466	0.4367	0.3558
V968	0.04128	0.19456	0.60639	0.15777
V969	0.06056	0.29581	0.09725	0.54639
V970	0.07713	0.1804	0.36101	0.38145
V971	0.37655	0.13282	0.31885	0.17178
V972	0.37547	0.22681	0.10627	0.29145
V973	0.21525	0.3851	0.12608	0.27358
V974	0.03394	0.64086	0.15992	0.16527
V975	0.11179	0.28979	0.49358	0.10483
V976	0.32504	0.26393	0.15587	0.25516
V977	0.25271	0.33668	0.30785	0.10275
V978	0.10496	0.15372	0.12308	0.61824
V979	0.61875	0.05389	0.21673	0.11063
V980	0.79191	0.02735	0.06963	0.1111
V981	0.2723	0.09251	0.38451	0.25068
V982	0.32595	0.37098	0.12773	0.17533
V983	0.52685	0.10465	0.06862	0.29988
V984	0.04003	0.68515	0.14554	0.12928
V985	0.10674	0.22653	0.07404	0.59269
V986	0.24989	0.45997	0.10342	0.18671
V987	0.19627	0.63115	0.05758	0.115
V988	0.19985	0.08712	0.08485	0.62818
V989	0.3326	0.42424	0.12677	0.11639
V990	0.04467	0.11669	0.62386	0.21478
V991	0.49044	0.33961	0.05969	0.11025
V992	0.18953	0.07379	0.44271	0.29397
V993	0.07729	0.59872	0.18725	0.13674
V994	0.15893	0.65061	0.08343	0.10703
V995	0.54799	0.14394	0.09633	0.21174
V996	0.22917	0.17285	0.07799	0.51999
V997	0.06102	0.08415	0.65381	0.20102
V998	0.67166	0.04665	0.13032	0.15137
V999	0.10979	0.73075	0.05867	0.10079
V1000	0.26303	0.08813	0.07051	0.57833
