CD14.pos.CD16.neg.classical.monocyte	mature.neutrophil	memory.B.cell	cytotoxic.CD56.dim.NK.cell	memory.CD4.pos.AB.T.cell	macrophage
V1	0.1341	0.02514	0.67937	0.0453	0.04907	0.06702
V2	0.46025	0.10736	0.05896	0.10439	0.15851	0.11053
V3	0.26238	0.0499	0.19951	0.02925	0.06999	0.38897
V4	0.23207	0.34973	0.04747	0.09218	0.16077	0.11777
V5	0.06217	0.06444	0.00447	0.4847	0.34349	0.04072
V6	0.25927	0.02283	0.16765	0.06112	0.17793	0.3112
V7	0.09438	0.33123	0.02538	0.06372	0.42958	0.0557
V8	0.54063	0.05068	0.06812	0.1074	0.085	0.14818
V9	0.28292	0.13837	0.03961	0.20567	0.12258	0.21085
V10	0.38063	0.04374	0.08312	0.26017	0.12378	0.10855
V11	0.13775	0.59224	0.05596	0.04862	0.11258	0.05284
V12	0.27871	0.0245	0.09094	0.03274	0.07458	0.49853
V13	0.12739	0.41135	0.26674	0.0518	0.08801	0.05472
V14	0.10751	0.03894	0.02075	0.62739	0.15506	0.05035
V15	0.40108	0.07675	0.0452	0.11983	0.22915	0.12799
V16	0.11048	0.03039	0.02122	0.32989	0.37267	0.13535
V17	0.2634	0.03245	0.15815	0.02796	0.0644	0.45363
V18	0.55405	0.12101	0.07343	0.04667	0.07599	0.12885
V19	0.46337	0.05706	0.1875	0.04279	0.13148	0.1178
V20	0.48616	0.06237	0.11758	0.10782	0.08318	0.14289
V21	0.28297	0.03385	0.06249	0.03378	0.10162	0.48529
V22	0.19284	0.07	0.03106	0.10134	0.51233	0.09242
V23	0.09496	0.03401	0.29506	0.06418	0.45662	0.05518
V24	0.16718	0.03844	0.01955	0.13794	0.54276	0.09413
V25	0.37661	0.22694	0.04858	0.12336	0.1228	0.10172
V26	0.25919	0.04243	0.03712	0.05674	0.52333	0.0812
V27	0.24468	0.01674	0.17928	0.03402	0.0704	0.45488
V28	0.16048	0.2115	0.15715	0.18968	0.11901	0.16218
V29	0.13726	0.45563	0.1146	0.08265	0.09283	0.11703
V30	0.24256	0.17103	0.1241	0.03992	0.23271	0.18968
V31	0.50495	0.03334	0.19146	0.05197	0.06548	0.1528
V32	0.0719	0.03296	0.29972	0.41459	0.10894	0.0719
V33	0.23985	0.31873	0.21697	0.05044	0.07863	0.09538
V34	0.04921	0.02224	0.43462	0.06933	0.36585	0.05875
V35	0.0699	0.06669	0.16715	0.41614	0.2141	0.06603
V36	0.13796	0.38979	0.12654	0.0498	0.23072	0.06519
V37	0.10957	0.02036	0.63156	0.04786	0.0491	0.14154
V38	0.26323	0.0097	0.15261	0.02749	0.06352	0.48345
V39	0.4579	0.04804	0.05559	0.21662	0.09919	0.12265
V40	0.12881	0.39459	0.04327	0.14143	0.18838	0.10352
V41	0.53149	0.03268	0.08046	0.03703	0.07579	0.24255
V42	0.25077	0.02813	0.44966	0.0411	0.08816	0.14219
V43	0.2151	0.32324	0.04413	0.06134	0.25185	0.10433
V44	0.14387	0.59829	0.05178	0.04354	0.1011	0.06143
V45	0.35638	0.24712	0.0864	0.04824	0.09327	0.16859
V46	0.13594	0.02588	0.03639	0.23437	0.35196	0.21546
V47	0.12329	0.33934	0.03407	0.14177	0.27377	0.08775
V48	0.10867	0.47152	0.18309	0.0428	0.14695	0.04697
V49	0.1342	0.57208	0.04793	0.04415	0.14969	0.05195
V50	0.06336	0.02437	0.24053	0.06415	0.51235	0.09524
V51	0.03724	0.03456	0.01053	0.07682	0.78613	0.05471
V52	0.11329	0.42506	0.23162	0.064	0.11004	0.056
V53	0.15648	0.03235	0.09572	0.08028	0.57049	0.06469
V54	0.1176	0.10937	0.47106	0.07536	0.12446	0.10215
V55	0.043	0.06243	0.11035	0.08425	0.64794	0.05203
V56	0.05694	0.04663	0.62905	0.1281	0.0917	0.04758
V57	0.21409	0.27595	0.07598	0.03582	0.17403	0.22413
V58	0.07505	0.02292	0.71036	0.05884	0.04991	0.08293
V59	0.09144	0.03214	0.00431	0.6482	0.18024	0.04367
V60	0.40199	0.03034	0.04719	0.31102	0.11145	0.09801
V61	0.31113	0.10858	0.05161	0.14127	0.13208	0.25533
V62	0.41206	0.04402	0.10524	0.11558	0.14572	0.17738
V63	0.17445	0.37798	0.05408	0.08536	0.10319	0.20494
V64	0.04753	0.11788	0.01262	0.06548	0.70474	0.05176
V65	0.42786	0.1136	0.07788	0.0488	0.10537	0.22648
V66	0.38456	0.04742	0.13808	0.05913	0.26735	0.10346
V67	0.13378	0.12871	0.27025	0.20172	0.09238	0.17316
V68	0.60563	0.04094	0.07559	0.06533	0.07384	0.13867
V69	0.46255	0.04108	0.06363	0.03433	0.08921	0.3092
V70	0.08445	0.0283	0.19781	0.46367	0.17673	0.04904
V71	0.1217	0.21731	0.05283	0.11552	0.34759	0.14505
V72	0.44743	0.10971	0.11024	0.05167	0.11748	0.16348
V73	0.09823	0.02277	0.08885	0.57393	0.16594	0.05028
V74	0.07046	0.14307	0.02072	0.57089	0.15767	0.03719
V75	0.12321	0.59938	0.04236	0.05943	0.12551	0.05011
V76	0.06527	0.01814	0.59704	0.07112	0.19192	0.0565
V77	0.14515	0.12718	0.10458	0.40514	0.12441	0.09354
V78	0.40623	0.10748	0.09223	0.11739	0.09404	0.18264
V79	0.19314	0.39044	0.05971	0.0321	0.08483	0.23979
V80	0.18442	0.40981	0.05189	0.03902	0.09866	0.21619
V81	0.51787	0.09935	0.11628	0.04668	0.08443	0.13539
V82	0.11956	0.54584	0.04418	0.07034	0.16408	0.056
V83	0.17231	0.13668	0.04282	0.31329	0.22585	0.10906
V84	0.30176	0.0332	0.10424	0.32629	0.13048	0.10403
V85	0.58208	0.03943	0.12763	0.04748	0.0686	0.13479
V86	0.26396	0.04079	0.13727	0.23322	0.10465	0.22011
V87	0.06651	0.03791	0.02471	0.66173	0.16039	0.04875
V88	0.16454	0.03865	0.03017	0.38576	0.16317	0.21772
V89	0.16379	0.13405	0.37289	0.04002	0.06147	0.22777
V90	0.14002	0.4738	0.13363	0.04719	0.13699	0.06838
V91	0.0727	0.03926	0.04887	0.13823	0.63476	0.06619
V92	0.0494	0.08673	0.01897	0.07156	0.71059	0.06275
V93	0.24245	0.0651	0.04463	0.10414	0.27233	0.27136
V94	0.05814	0.02715	0.23292	0.5153	0.12653	0.03995
V95	0.04315	0.03309	0.27411	0.14101	0.46226	0.04638
V96	0.13912	0.29074	0.04448	0.07352	0.30445	0.14769
V97	0.03706	0.04128	0.0169	0.11586	0.74084	0.04807
V98	0.0841	0.08445	0.01315	0.5557	0.21678	0.04583
V99	0.06212	0.03868	0.00905	0.68136	0.17026	0.03853
V100	0.06668	0.02539	0.40049	0.23491	0.19699	0.07554
V101	0.08891	0.28331	0.37416	0.10968	0.08598	0.05797
V102	0.5674	0.04556	0.13998	0.04742	0.06791	0.13173
V103	0.48126	0.0495	0.06618	0.14701	0.12337	0.13268
V104	0.08136	0.02008	0.19655	0.50911	0.13987	0.05303
V105	0.27553	0.0101	0.11229	0.02674	0.06554	0.5098
V106	0.1444	0.01066	0.50545	0.03588	0.05739	0.24621
V107	0.14823	0.45985	0.21182	0.04051	0.08603	0.05357
V108	0.22346	0.03608	0.07247	0.03941	0.22577	0.40281
V109	0.23699	0.01975	0.05509	0.03165	0.21065	0.44588
V110	0.10364	0.13837	0.57667	0.04186	0.06372	0.07573
V111	0.05782	0.03116	0.72873	0.06116	0.06553	0.0556
V112	0.10249	0.26423	0.01562	0.42593	0.14616	0.04557
V113	0.07498	0.08834	0.53103	0.07419	0.173	0.05846
V114	0.1608	0.01786	0.54448	0.1459	0.06351	0.06744
V115	0.3776	0.06933	0.06516	0.05577	0.17154	0.26059
V116	0.59647	0.04024	0.07414	0.07707	0.07541	0.13667
V117	0.41252	0.04194	0.04488	0.11085	0.28243	0.10738
V118	0.12008	0.48604	0.11857	0.06456	0.14644	0.06432
V119	0.13037	0.57107	0.0536	0.06821	0.10734	0.06941
V120	0.13735	0.17322	0.10506	0.32501	0.18636	0.073
V121	0.32472	0.02493	0.05152	0.21305	0.0911	0.29468
V122	0.26502	0.04259	0.03082	0.43305	0.15598	0.07254
V123	0.34287	0.02711	0.05135	0.06667	0.17955	0.33244
V124	0.04865	0.02718	0.26107	0.06841	0.54042	0.05425
V125	0.09345	0.13029	0.53431	0.08643	0.06313	0.09239
V126	0.22877	0.19763	0.08997	0.03398	0.08116	0.3685
V127	0.08924	0.01563	0.65616	0.11371	0.06619	0.05907
V128	0.28943	0.20997	0.12141	0.14626	0.14158	0.09135
V129	0.061	0.03063	0.68432	0.10054	0.06416	0.05935
V130	0.39897	0.1189	0.05149	0.20265	0.12103	0.10696
V131	0.09423	0.0275	0.03934	0.07182	0.62686	0.14025
V132	0.10363	0.35474	0.33379	0.04188	0.11391	0.05205
V133	0.10858	0.16309	0.46126	0.10232	0.10988	0.05487
V134	0.21011	0.45206	0.04992	0.04749	0.15663	0.08379
V135	0.12026	0.02196	0.59452	0.04286	0.09248	0.12791
V136	0.16213	0.50108	0.09705	0.05313	0.12278	0.06383
V137	0.08734	0.14325	0.45668	0.06092	0.20251	0.0493
V138	0.19322	0.01381	0.04368	0.30401	0.17211	0.27317
V139	0.13379	0.05688	0.14747	0.05176	0.38266	0.22743
V140	0.4324	0.18666	0.08765	0.08682	0.0891	0.11737
V141	0.23607	0.21557	0.12988	0.21028	0.12294	0.08525
V142	0.1846	0.49276	0.05566	0.07794	0.09807	0.09098
V143	0.11129	0.06462	0.51155	0.09957	0.13939	0.07358
V144	0.23814	0.13609	0.05985	0.10933	0.08845	0.36814
V145	0.06807	0.02242	0.01717	0.68173	0.15632	0.05429
V146	0.14076	0.03704	0.08079	0.06422	0.57041	0.10678
V147	0.39481	0.07442	0.13839	0.06495	0.0711	0.25634
V148	0.07915	0.15328	0.61018	0.04339	0.0563	0.0577
V149	0.19834	0.35254	0.04661	0.04773	0.08559	0.2692
V150	0.06655	0.02396	0.00176	0.68265	0.18513	0.03996
V151	0.21574	0.29307	0.04851	0.03618	0.09916	0.30733
V152	0.12012	0.19333	0.3575	0.06872	0.17161	0.08873
V153	0.0593	0.04798	0.52089	0.22403	0.09791	0.04989
V154	0.37776	0.16952	0.0648	0.03278	0.07522	0.27991
V155	0.11512	0.29023	0.09662	0.04796	0.36856	0.08152
V156	0.0847	0.38213	0.0328	0.05085	0.40429	0.04523
V157	0.19479	0.09393	0.07095	0.21156	0.10638	0.32239
V158	0.07587	0.06281	0.70441	0.046	0.04913	0.06179
V159	0.17069	0.19362	0.28205	0.15674	0.11673	0.08017
V160	0.08191	0.01458	0.70527	0.0516	0.04764	0.09901
V161	0.09807	0.38402	0.02279	0.2596	0.19301	0.0425
V162	0.11297	0.41011	0.0284	0.12758	0.25767	0.06327
V163	0.0713	0.01624	0.75251	0.04752	0.0481	0.06433
V164	0.08998	0.27898	0.31	0.11866	0.14885	0.05353
V165	0.08511	0.0441	0.04562	0.07313	0.63358	0.11846
V166	0.14281	0.02679	0.02459	0.14736	0.41991	0.23854
V167	0.06408	0.01814	0.35394	0.39054	0.1251	0.04819
V168	0.48822	0.0421	0.05892	0.19658	0.0903	0.12388
V169	0.07579	0.0232	0.57124	0.18942	0.07667	0.06367
V170	0.34968	0.05069	0.1166	0.23764	0.14686	0.09853
V171	0.22474	0.33383	0.06108	0.03196	0.09403	0.25435
V172	0.13078	0.06957	0.44146	0.16146	0.07886	0.11787
V173	0.0942	0.02804	0.63845	0.04157	0.06392	0.13381
V174	0.45322	0.1087	0.05967	0.05112	0.21694	0.11036
V175	0.14612	0.47801	0.13349	0.05346	0.13225	0.05668
V176	0.0563	0.01602	0.75173	0.05529	0.06359	0.05706
V177	0.18402	0.07784	0.27993	0.0592	0.19731	0.2017
V178	0.05925	0.06401	0.04219	0.06479	0.70444	0.06532
V179	0.10373	0.01851	0.04832	0.47331	0.20963	0.14649
V180	0.25287	0.02759	0.17767	0.29992	0.09601	0.14595
V181	0.39957	0.10821	0.0993	0.08133	0.12899	0.1826
V182	0.07665	0.08526	0.62008	0.09035	0.05891	0.06875
V183	0.0737	0.02372	0.00957	0.69498	0.1575	0.04054
V184	0.31601	0.30612	0.05404	0.05941	0.17318	0.09124
V185	0.17875	0.38344	0.05955	0.04453	0.18484	0.14889
V186	0.05525	0.01628	0.51155	0.28037	0.09173	0.04481
V187	0.26254	0.36885	0.04383	0.05448	0.19315	0.07714
V188	0.20094	0.4159	0.05241	0.05129	0.08911	0.19034
V189	0.08714	0.07735	0.16381	0.07208	0.46903	0.13059
V190	0.10525	0.16182	0.02916	0.06371	0.49147	0.14859
V191	0.18124	0.41508	0.0458	0.03918	0.09922	0.21948
V192	0.39689	0.18703	0.11926	0.05826	0.12189	0.11667
V193	0.26314	0.09687	0.06206	0.03237	0.07938	0.46619
V194	0.05352	0.04732	0.03212	0.14613	0.65778	0.06314
V195	0.06057	0.01671	0.59579	0.11723	0.15499	0.05469
V196	0.06171	0.02326	0.02383	0.65855	0.18835	0.0443
V197	0.1931	0.03359	0.04549	0.06588	0.58123	0.08072
V198	0.15395	0.31383	0.06211	0.14269	0.26004	0.06738
V199	0.08037	0.2012	0.10468	0.12448	0.43456	0.05471
V200	0.11826	0.02168	0.46727	0.19917	0.08075	0.11286
V201	0.07695	0.02249	0.0032	0.68164	0.15545	0.06026
V202	0.14796	0.06143	0.35598	0.0663	0.1751	0.19323
V203	0.42631	0.05378	0.05149	0.26195	0.0997	0.10677
V204	0.25517	0.04865	0.08076	0.13783	0.08776	0.38982
V205	0.06451	0.03111	0.73555	0.06043	0.05166	0.05673
V206	0.06744	0.06035	0.10175	0.56471	0.16627	0.03948
V207	0.32084	0.15728	0.07458	0.19486	0.11374	0.13869
V208	0.31184	0.08622	0.33215	0.07412	0.10546	0.09021
V209	0.2759	0.34867	0.04889	0.0582	0.0933	0.17504
V210	0.13426	0.03339	0.67147	0.0452	0.0488	0.06689
V211	0.39985	0.05151	0.12824	0.04675	0.18215	0.19149
V212	0.08826	0.22305	0.18279	0.29604	0.15488	0.05498
V213	0.08188	0.08145	0.23798	0.07678	0.46605	0.05586
V214	0.55302	0.0529	0.08241	0.07817	0.10024	0.13326
V215	0.17886	0.44639	0.04484	0.05726	0.09161	0.18104
V216	0.17033	0.37091	0.25805	0.04613	0.09255	0.06204
V217	0.24838	0.01888	0.07417	0.09877	0.27829	0.28151
V218	0.11773	0.26441	0.02431	0.40055	0.14913	0.04388
V219	0.5604	0.036	0.08182	0.03862	0.07639	0.20677
V220	0.1342	0.0313	0.02325	0.6071	0.1448	0.05935
V221	0.16321	0.51469	0.06538	0.09085	0.10665	0.05923
V222	0.12475	0.23498	0.05717	0.15102	0.3588	0.07328
V223	0.17016	0.23397	0.23519	0.03893	0.09029	0.23146
V224	0.048	0.02557	0.35589	0.05935	0.46194	0.04926
V225	0.31325	0.01931	0.07307	0.03257	0.06949	0.49232
V226	0.24373	0.0617	0.19211	0.2291	0.1733	0.10006
V227	0.4591	0.03069	0.05802	0.18339	0.09411	0.1747
V228	0.16273	0.19241	0.37933	0.07844	0.09671	0.09037
V229	0.17544	0.02873	0.31212	0.21562	0.18161	0.08648
V230	0.10158	0.13838	0.58364	0.04831	0.05743	0.07065
V231	0.09853	0.03948	0.01258	0.63468	0.17044	0.0443
V232	0.35079	0.02897	0.04452	0.22068	0.09951	0.25553
V233	0.55829	0.04488	0.08342	0.08345	0.08751	0.14245
V234	0.35824	0.03521	0.04002	0.06397	0.3968	0.10576
V235	0.12084	0.02332	0.02956	0.60982	0.15864	0.05783
V236	0.12081	0.02094	0.17671	0.06402	0.44422	0.1733
V237	0.06373	0.01504	0.66962	0.12181	0.07445	0.05536
V238	0.45597	0.02809	0.09142	0.09294	0.10023	0.23134
V239	0.39202	0.05217	0.13002	0.13206	0.1669	0.12684
V240	0.06605	0.21639	0.01586	0.13967	0.51411	0.04793
V241	0.40695	0.14647	0.05455	0.1565	0.12312	0.11242
V242	0.2946	0.05624	0.07757	0.15063	0.14497	0.27599
V243	0.09825	0.30304	0.37307	0.07309	0.1015	0.05105
V244	0.18344	0.03902	0.03652	0.04893	0.47519	0.21689
V245	0.52533	0.03181	0.07356	0.03682	0.08214	0.25035
V246	0.064	0.06184	0.20008	0.31189	0.30913	0.05307
V247	0.30424	0.07594	0.05354	0.15161	0.09996	0.31471
V248	0.22965	0.05291	0.02559	0.20342	0.38767	0.10076
V249	0.23368	0.14006	0.31912	0.09458	0.07086	0.1417
V250	0.07101	0.03841	0.00988	0.68021	0.15621	0.04429
V251	0.11506	0.42485	0.14168	0.15764	0.10703	0.05375
V252	0.0636	0.03069	0.03972	0.63219	0.18429	0.0495
V253	0.15839	0.06055	0.0323	0.30494	0.20226	0.24156
V254	0.10659	0.21984	0.08436	0.17699	0.32802	0.08421
V255	0.3062	0.2388	0.09932	0.07994	0.12738	0.14836
V256	0.12931	0.59718	0.04396	0.0483	0.11866	0.06259
V257	0.11976	0.32806	0.05504	0.0651	0.34252	0.08952
V258	0.09448	0.20012	0.1292	0.40052	0.12083	0.05484
V259	0.107	0.41743	0.2796	0.05098	0.08172	0.06328
V260	0.1452	0.05904	0.03657	0.06853	0.55436	0.13629
V261	0.38611	0.04398	0.0757	0.06723	0.22774	0.19923
V262	0.11087	0.02573	0.65015	0.05428	0.10046	0.0585
V263	0.07897	0.063	0.52196	0.1942	0.07995	0.06191
V264	0.43604	0.04343	0.13169	0.06259	0.11595	0.2103
V265	0.06439	0.03399	0.01201	0.0876	0.74439	0.05762
V266	0.30655	0.04147	0.07147	0.03314	0.07587	0.4715
V267	0.20504	0.49084	0.04368	0.09106	0.10617	0.06321
V268	0.602	0.03963	0.07092	0.04616	0.07247	0.16882
V269	0.0826	0.05994	0.11101	0.54482	0.15502	0.0466
V270	0.26041	0.36802	0.06382	0.05364	0.17349	0.08062
V271	0.20163	0.10832	0.23004	0.04248	0.07841	0.33913
V272	0.06901	0.03035	0.01171	0.12352	0.66371	0.10171
V273	0.08912	0.02996	0.05915	0.12216	0.61098	0.08862
V274	0.23612	0.01667	0.17013	0.06613	0.07481	0.43614
V275	0.47941	0.16469	0.06757	0.05092	0.08398	0.15343
V276	0.21646	0.20481	0.10356	0.08729	0.11302	0.27487
V277	0.39191	0.039	0.06152	0.0424	0.1688	0.29637
V278	0.15565	0.11834	0.10161	0.21487	0.33333	0.0762
V279	0.25186	0.05089	0.19678	0.06878	0.08024	0.35145
V280	0.14221	0.0236	0.01699	0.60116	0.15039	0.06566
V281	0.12995	0.58385	0.06624	0.064	0.10181	0.05416
V282	0.05792	0.06428	0.01756	0.11266	0.6885	0.05908
V283	0.08588	0.35673	0.02562	0.05728	0.42051	0.05398
V284	0.11424	0.09346	0.26785	0.27049	0.12718	0.12679
V285	0.07095	0.03863	0.00247	0.68019	0.16346	0.04431
V286	0.46588	0.05523	0.11326	0.16558	0.08487	0.11517
V287	0.06276	0.03833	0.04143	0.12424	0.64862	0.08462
V288	0.21698	0.2179	0.05798	0.03903	0.16679	0.30131
V289	0.06573	0.08553	0.58908	0.11915	0.08425	0.05626
V290	0.06409	0.01981	0.19504	0.52972	0.13569	0.05565
V291	0.08617	0.04606	0.00415	0.65264	0.15967	0.05132
V292	0.16428	0.09421	0.02974	0.43759	0.21432	0.05986
V293	0.04484	0.07214	0.0409	0.07244	0.71184	0.05784
V294	0.38996	0.05369	0.04683	0.05695	0.28144	0.17112
V295	0.31833	0.01258	0.07373	0.02696	0.07488	0.49352
V296	0.12155	0.29595	0.09443	0.21994	0.14967	0.11847
V297	0.27443	0.0603	0.0571	0.03221	0.07797	0.49799
V298	0.12184	0.53805	0.15056	0.04736	0.09356	0.04864
V299	0.16322	0.08132	0.57622	0.04987	0.06103	0.06834
V300	0.49906	0.1097	0.08961	0.04399	0.07298	0.18465
V301	0.36339	0.30753	0.09192	0.05117	0.09118	0.09481
V302	0.09076	0.23736	0.07113	0.3831	0.1638	0.05385
V303	0.11743	0.50272	0.08635	0.05446	0.1832	0.05583
V304	0.0573	0.03392	0.03452	0.06817	0.74899	0.0571
V305	0.12617	0.02249	0.16236	0.3339	0.17372	0.18136
V306	0.37849	0.09199	0.05923	0.03651	0.07315	0.36063
V307	0.17608	0.03768	0.03041	0.07006	0.56885	0.11692
V308	0.06172	0.03132	0.00121	0.70046	0.16654	0.03876
V309	0.1037	0.41141	0.03059	0.28333	0.12078	0.0502
V310	0.1674	0.28941	0.23208	0.04055	0.08743	0.18313
V311	0.42943	0.02303	0.06916	0.03743	0.06987	0.37108
V312	0.14708	0.03633	0.01459	0.30531	0.41904	0.07764
V313	0.3442	0.02258	0.05854	0.05919	0.07309	0.44239
V314	0.2349	0.03375	0.027	0.50114	0.13642	0.0668
V315	0.19624	0.49064	0.05112	0.04169	0.13415	0.08615
V316	0.30994	0.02062	0.06777	0.07846	0.08764	0.43556
V317	0.13102	0.01907	0.0207	0.51513	0.16519	0.14888
V318	0.06785	0.0301	0.03215	0.66297	0.15274	0.05419
V319	0.29458	0.15803	0.22387	0.13428	0.08647	0.10278
V320	0.23425	0.16242	0.28069	0.11426	0.08237	0.12602
V321	0.11215	0.47486	0.02911	0.21825	0.12186	0.04378
V322	0.09498	0.02579	0.09407	0.0699	0.57445	0.14081
V323	0.09523	0.24725	0.01658	0.30303	0.29088	0.04703
V324	0.14163	0.05224	0.05799	0.19545	0.3757	0.17698
V325	0.16324	0.57011	0.06395	0.04314	0.09873	0.06084
V326	0.2028	0.51497	0.05909	0.04257	0.11267	0.06789
V327	0.12039	0.01717	0.70187	0.04603	0.04874	0.06581
V328	0.18318	0.17643	0.17193	0.14323	0.25589	0.06933
V329	0.0596	0.02103	0.47504	0.05431	0.32443	0.06559
V330	0.06502	0.01599	0.7383	0.05454	0.06328	0.06286
V331	0.47585	0.08155	0.09832	0.0937	0.08304	0.16754
V332	0.15487	0.07127	0.14962	0.04905	0.33741	0.23779
V333	0.07331	0.03275	0.38243	0.28794	0.15356	0.07001
V334	0.08943	0.32297	0.33369	0.12059	0.085	0.04832
V335	0.15597	0.03039	0.59266	0.04755	0.05103	0.1224
V336	0.28821	0.42025	0.06989	0.04109	0.09506	0.08551
V337	0.10682	0.1745	0.0705	0.06314	0.53257	0.05246
V338	0.49834	0.0368	0.09102	0.04972	0.18129	0.14283
V339	0.14718	0.08629	0.32478	0.21466	0.10334	0.12375
V340	0.43468	0.21142	0.05705	0.06878	0.10137	0.12671
V341	0.2347	0.05586	0.05804	0.42113	0.15342	0.07686
V342	0.12993	0.02584	0.02926	0.48692	0.16918	0.15888
V343	0.24957	0.13074	0.13842	0.04844	0.08381	0.34902
V344	0.1309	0.45401	0.03618	0.05836	0.20774	0.1128
V345	0.04138	0.03434	0.01827	0.0767	0.7788	0.05051
V346	0.16492	0.03429	0.03069	0.3427	0.34349	0.08391
V347	0.35853	0.1276	0.06347	0.10145	0.24785	0.10111
V348	0.14365	0.1189	0.51334	0.05581	0.10046	0.06783
V349	0.49796	0.08594	0.09056	0.10244	0.10471	0.11839
V350	0.34274	0.05327	0.14189	0.19173	0.08646	0.18391
V351	0.30266	0.06541	0.08844	0.04691	0.08452	0.41207
V352	0.1568	0.25926	0.04227	0.03896	0.28355	0.21916
V353	0.07713	0.15339	0.61686	0.04363	0.05623	0.05276
V354	0.19131	0.05677	0.21275	0.04211	0.28202	0.21504
V355	0.06282	0.03906	0.74119	0.05397	0.05125	0.05171
V356	0.38321	0.11655	0.07212	0.18959	0.11195	0.12658
V357	0.2571	0.03223	0.34349	0.05952	0.21458	0.09307
V358	0.26701	0.00996	0.10264	0.05192	0.07565	0.49283
V359	0.16625	0.09261	0.02315	0.46102	0.18278	0.07419
V360	0.37227	0.03086	0.04684	0.18122	0.24458	0.12423
V361	0.12749	0.61084	0.04435	0.0535	0.10928	0.05453
V362	0.11024	0.4119	0.05157	0.2596	0.12341	0.04328
V363	0.50181	0.07928	0.09969	0.04227	0.13436	0.14259
V364	0.22354	0.15325	0.05869	0.05621	0.15521	0.3531
V365	0.32338	0.30418	0.05297	0.13228	0.09642	0.09078
V366	0.13577	0.20768	0.37715	0.08713	0.1255	0.06676
V367	0.07689	0.02465	0.02024	0.46846	0.34087	0.06889
V368	0.2029	0.1173	0.10492	0.05756	0.17416	0.34317
V369	0.07856	0.0531	0.01339	0.10817	0.64529	0.10149
V370	0.09295	0.07726	0.51611	0.14406	0.08159	0.08802
V371	0.1396	0.21126	0.02896	0.36351	0.12025	0.13641
V372	0.13472	0.48522	0.03704	0.05914	0.19629	0.0876
V373	0.55558	0.04251	0.06927	0.03787	0.07148	0.2233
V374	0.19131	0.02989	0.21534	0.37611	0.12633	0.06102
V375	0.32115	0.03557	0.19378	0.08542	0.25697	0.10711
V376	0.22804	0.04868	0.06564	0.11294	0.13319	0.41152
V377	0.09014	0.03223	0.35065	0.05495	0.40266	0.06937
V378	0.24357	0.0644	0.19098	0.02969	0.09054	0.38082
V379	0.39319	0.02825	0.15629	0.03212	0.06527	0.32488
V380	0.04416	0.06409	0.04039	0.07955	0.71388	0.05792
V381	0.28613	0.04771	0.26944	0.22665	0.09159	0.07848
V382	0.05132	0.05478	0.01485	0.21279	0.61519	0.05107
V383	0.19761	0.05199	0.33375	0.24445	0.09883	0.07338
V384	0.08908	0.03243	0.67084	0.06056	0.0874	0.0597
V385	0.29565	0.01802	0.07927	0.02636	0.06815	0.51255
V386	0.42998	0.05419	0.24351	0.04806	0.10311	0.12115
V387	0.22302	0.03264	0.0625	0.4899	0.12669	0.06525
V388	0.52526	0.06538	0.17082	0.04132	0.07295	0.12426
V389	0.35323	0.07473	0.06522	0.02942	0.07739	0.40001
V390	0.11326	0.05055	0.018	0.54088	0.16275	0.11456
V391	0.08936	0.03163	0.02243	0.45896	0.31769	0.07993
V392	0.14862	0.04188	0.3862	0.11469	0.06632	0.24229
V393	0.13195	0.13069	0.31931	0.08532	0.16677	0.16596
V394	0.06722	0.02315	0.03213	0.6397	0.19243	0.04537
V395	0.0589	0.06218	0.7244	0.05344	0.05112	0.04996
V396	0.37845	0.07472	0.04666	0.271	0.13559	0.09358
V397	0.24453	0.14244	0.07758	0.03484	0.10493	0.39569
V398	0.13194	0.48199	0.04825	0.0611	0.21449	0.06223
V399	0.06984	0.01528	0.69529	0.08037	0.06714	0.07208
V400	0.19778	0.03401	0.03354	0.30142	0.11092	0.32233
V401	0.16077	0.03366	0.52467	0.05089	0.13177	0.09824
V402	0.11158	0.03106	0.01407	0.63368	0.14872	0.06089
V403	0.19174	0.01475	0.04459	0.06522	0.332	0.35171
V404	0.06142	0.02349	0.76423	0.04816	0.04983	0.05286
V405	0.29294	0.27561	0.1099	0.07747	0.16114	0.08295
V406	0.20355	0.06192	0.17545	0.10319	0.19827	0.25761
V407	0.12615	0.02765	0.58656	0.03985	0.05683	0.16295
V408	0.10766	0.10333	0.03998	0.51432	0.13312	0.1016
V409	0.59875	0.06105	0.07076	0.04093	0.07315	0.15536
V410	0.61028	0.04796	0.07095	0.04169	0.08474	0.14438
V411	0.22894	0.01676	0.04953	0.20313	0.08987	0.41178
V412	0.41081	0.16191	0.09839	0.0725	0.15553	0.10086
V413	0.07589	0.1133	0.03466	0.57059	0.16236	0.0432
V414	0.13349	0.07841	0.02656	0.45652	0.24471	0.0603
V415	0.09712	0.02464	0.28314	0.3141	0.17394	0.10706
V416	0.09832	0.13895	0.02414	0.22819	0.3952	0.11521
V417	0.27924	0.01105	0.10616	0.11161	0.07589	0.41606
V418	0.06825	0.08299	0.34559	0.14533	0.28241	0.07543
V419	0.28273	0.03109	0.05877	0.0262	0.07611	0.52511
V420	0.29231	0.01066	0.05923	0.03261	0.07564	0.52955
V421	0.07898	0.06919	0.06577	0.11459	0.60071	0.07076
V422	0.20476	0.24929	0.03216	0.05584	0.38779	0.07016
V423	0.1049	0.15001	0.01015	0.54088	0.14703	0.04704
V424	0.53421	0.10007	0.076	0.0823	0.07854	0.12889
V425	0.05077	0.117	0.02758	0.06397	0.68388	0.05679
V426	0.23613	0.04004	0.18458	0.03438	0.07074	0.43415
V427	0.36789	0.11524	0.15089	0.12707	0.09998	0.13892
V428	0.25345	0.03401	0.02206	0.49142	0.12905	0.07001
V429	0.06144	0.0387	0.09562	0.46086	0.28769	0.05569
V430	0.09944	0.07783	0.46185	0.18458	0.08837	0.08793
V431	0.05506	0.02335	0.74993	0.06796	0.05248	0.05121
V432	0.09351	0.35054	0.03994	0.33421	0.13734	0.04447
V433	0.06679	0.0231	0.03897	0.67684	0.15449	0.03982
V434	0.08205	0.24289	0.15038	0.36301	0.11883	0.04283
V435	0.09871	0.02587	0.02659	0.05655	0.61544	0.17684
V436	0.56022	0.10753	0.07324	0.05281	0.07638	0.12982
V437	0.21719	0.22114	0.24942	0.05284	0.15125	0.10816
V438	0.10586	0.31814	0.03162	0.09304	0.3944	0.05693
V439	0.04591	0.03942	0.10353	0.06632	0.69035	0.05447
V440	0.1663	0.05764	0.34735	0.08453	0.21295	0.13122
V441	0.13285	0.06676	0.3829	0.14462	0.08457	0.18829
V442	0.34777	0.11374	0.17373	0.08213	0.11271	0.16993
V443	0.07432	0.02178	0.05616	0.61401	0.1729	0.06082
V444	0.50102	0.05667	0.08563	0.05974	0.13661	0.16034
V445	0.61349	0.04805	0.08448	0.04158	0.07175	0.14066
V446	0.11638	0.41112	0.2402	0.05678	0.10205	0.07348
V447	0.21599	0.1843	0.03834	0.16341	0.13207	0.26588
V448	0.07294	0.03253	0.69201	0.04905	0.10019	0.05329
V449	0.4243	0.05281	0.06005	0.2293	0.09436	0.13918
V450	0.11798	0.02701	0.56133	0.04899	0.18101	0.06368
V451	0.1267	0.05897	0.14596	0.16377	0.44338	0.06122
V452	0.17513	0.0288	0.05505	0.33738	0.14864	0.255
V453	0.28339	0.02355	0.41681	0.12145	0.07273	0.08207
V454	0.19894	0.06925	0.10786	0.42902	0.12482	0.0701
V455	0.16304	0.54777	0.06822	0.0582	0.09862	0.06414
V456	0.55718	0.0371	0.09172	0.04703	0.1012	0.16577
V457	0.24515	0.02136	0.0537	0.03957	0.22519	0.41503
V458	0.10367	0.02045	0.35439	0.05768	0.34256	0.12126
V459	0.0693	0.03233	0.48833	0.27894	0.08554	0.04556
V460	0.31264	0.06793	0.22252	0.12885	0.10172	0.16633
V461	0.25452	0.05673	0.03995	0.34233	0.20608	0.1004
V462	0.0654	0.01552	0.72529	0.05985	0.05663	0.07731
V463	0.03882	0.05669	0.02474	0.10115	0.73113	0.04747
V464	0.14877	0.56055	0.04865	0.05933	0.12853	0.05417
V465	0.30859	0.09289	0.35431	0.04087	0.09407	0.10928
V466	0.11878	0.03838	0.02323	0.55802	0.1945	0.06709
V467	0.61992	0.04164	0.07857	0.04157	0.07184	0.14645
V468	0.29342	0.10399	0.10437	0.2125	0.20251	0.08321
V469	0.08607	0.11485	0.52805	0.10702	0.07301	0.091
V470	0.43806	0.04194	0.08388	0.09551	0.22379	0.11681
V471	0.10885	0.17624	0.42538	0.08621	0.10197	0.10136
V472	0.12783	0.39154	0.03093	0.06919	0.30024	0.08026
V473	0.13218	0.61786	0.05141	0.04394	0.10274	0.05187
V474	0.10378	0.01864	0.31698	0.39563	0.11184	0.05312
V475	0.10782	0.13822	0.23566	0.17394	0.27551	0.06884
V476	0.38311	0.03985	0.05436	0.16971	0.12014	0.23283
V477	0.15801	0.42006	0.0829	0.10102	0.11263	0.12539
V478	0.07585	0.02201	0.68981	0.0582	0.05692	0.09721
V479	0.09928	0.11757	0.57953	0.05085	0.09111	0.06166
V480	0.07692	0.21395	0.02113	0.27176	0.37012	0.04611
V481	0.32533	0.09683	0.12529	0.09585	0.24644	0.11025
V482	0.44377	0.02342	0.07704	0.03863	0.06989	0.34725
V483	0.12302	0.58925	0.09022	0.0482	0.09938	0.04993
V484	0.55582	0.0386	0.11746	0.04228	0.10651	0.13933
V485	0.23877	0.11243	0.38756	0.09167	0.07382	0.09576
V486	0.20747	0.01722	0.53279	0.06781	0.05441	0.1203
V487	0.08299	0.29234	0.02926	0.06006	0.48068	0.05467
V488	0.25606	0.44576	0.05995	0.06841	0.09469	0.07512
V489	0.53428	0.05217	0.12246	0.04796	0.10793	0.1352
V490	0.28457	0.04141	0.05374	0.06456	0.09388	0.46183
V491	0.12595	0.22447	0.28896	0.04564	0.23966	0.07531
V492	0.2112	0.03448	0.20189	0.09197	0.13291	0.32754
V493	0.54111	0.12731	0.06517	0.05819	0.07787	0.13034
V494	0.2021	0.03263	0.29213	0.04897	0.06132	0.36284
V495	0.23004	0.38155	0.17957	0.05138	0.09033	0.06713
V496	0.21576	0.112	0.24894	0.04114	0.21629	0.16587
V497	0.07398	0.17966	0.15046	0.08044	0.46443	0.05103
V498	0.12463	0.09652	0.28923	0.27301	0.14195	0.07467
V499	0.12918	0.46287	0.15127	0.08596	0.10513	0.0656
V500	0.36237	0.16078	0.09477	0.07854	0.18352	0.12001
V501	0.15278	0.5677	0.04464	0.05794	0.1064	0.07054
V502	0.05356	0.0383	0.01489	0.2533	0.58382	0.05614
V503	0.15392	0.26401	0.04922	0.35394	0.12865	0.05025
V504	0.14165	0.57284	0.07946	0.04345	0.10933	0.05326
V505	0.07132	0.01619	0.39848	0.31482	0.11936	0.07983
V506	0.32803	0.02579	0.07507	0.13633	0.12813	0.30665
V507	0.28563	0.00986	0.05941	0.02643	0.08139	0.53728
V508	0.12182	0.42182	0.06983	0.10269	0.22723	0.0566
V509	0.08313	0.03231	0.01178	0.59936	0.23042	0.043
V510	0.61119	0.04145	0.07056	0.0422	0.08994	0.14467
V511	0.25497	0.01905	0.04382	0.19052	0.09518	0.39645
V512	0.12331	0.17633	0.46237	0.05952	0.08387	0.09461
V513	0.05715	0.04311	0.20516	0.10093	0.5399	0.05375
V514	0.14491	0.53324	0.0919	0.0397	0.09436	0.09589
V515	0.13674	0.30186	0.02958	0.33654	0.12181	0.07347
V516	0.05999	0.05606	0.63202	0.05532	0.13748	0.05914
V517	0.04937	0.02188	0.33608	0.22009	0.32257	0.05002
V518	0.29132	0.28544	0.0705	0.11013	0.12238	0.12023
V519	0.20051	0.38379	0.0488	0.09243	0.099	0.17546
V520	0.4731	0.09572	0.07669	0.11165	0.08098	0.16186
V521	0.11158	0.03329	0.02317	0.0769	0.67615	0.07889
V522	0.32002	0.1579	0.05902	0.05845	0.22232	0.1823
V523	0.33296	0.14649	0.09388	0.13438	0.09193	0.20036
V524	0.10577	0.02397	0.07663	0.17633	0.47841	0.13889
V525	0.39355	0.01951	0.09422	0.04319	0.06908	0.38045
V526	0.1156	0.51718	0.11206	0.04895	0.15794	0.04826
V527	0.29053	0.03228	0.4479	0.04958	0.09019	0.08952
V528	0.56279	0.03845	0.14604	0.04786	0.07364	0.13123
V529	0.12532	0.0836	0.03193	0.54499	0.15763	0.05654
V530	0.14151	0.18308	0.27721	0.12281	0.13166	0.14373
V531	0.61498	0.04787	0.07151	0.04714	0.07345	0.14504
V532	0.14255	0.02425	0.07084	0.48259	0.21703	0.06274
V533	0.1655	0.01596	0.24356	0.06236	0.2781	0.23452
V534	0.12814	0.01727	0.02329	0.4538	0.19367	0.18383
V535	0.39662	0.05864	0.2028	0.13548	0.08368	0.12278
V536	0.07225	0.01414	0.58913	0.17473	0.06626	0.08349
V537	0.11958	0.44589	0.0354	0.21353	0.1198	0.06581
V538	0.20254	0.0099	0.04223	0.29435	0.10163	0.34935
V539	0.07563	0.02391	0.01919	0.56989	0.25411	0.05727
V540	0.27527	0.03226	0.29116	0.05859	0.22265	0.12007
V541	0.09493	0.21422	0.02047	0.45507	0.15247	0.06285
V542	0.10243	0.41982	0.04565	0.21911	0.16208	0.05091
V543	0.05229	0.01971	0.52856	0.07362	0.26636	0.05947
V544	0.27047	0.03244	0.06133	0.05166	0.09094	0.49316
V545	0.10333	0.4578	0.09037	0.062	0.23277	0.05372
V546	0.42756	0.07605	0.05285	0.21723	0.11376	0.11255
V547	0.11197	0.0926	0.0141	0.33792	0.33671	0.1067
V548	0.28473	0.02362	0.05928	0.02618	0.07589	0.5303
V549	0.15533	0.01466	0.50326	0.10893	0.08116	0.13666
V550	0.05747	0.03323	0.30897	0.05928	0.48609	0.05495
V551	0.22599	0.05758	0.08453	0.1148	0.14718	0.36992
V552	0.08963	0.05432	0.14217	0.26407	0.36249	0.08732
V553	0.56603	0.03904	0.0909	0.06618	0.09763	0.14022
V554	0.14109	0.56808	0.06236	0.04157	0.10337	0.08353
V555	0.34051	0.01989	0.06552	0.21452	0.09098	0.26858
V556	0.10861	0.0253	0.38329	0.31234	0.106	0.06445
V557	0.1584	0.5148	0.10996	0.04675	0.09888	0.07121
V558	0.35048	0.15942	0.05652	0.11947	0.08552	0.2286
V559	0.04092	0.0326	0.00813	0.18234	0.68392	0.0521
V560	0.50993	0.05674	0.07332	0.05345	0.13598	0.17059
V561	0.05587	0.03113	0.76297	0.04811	0.05039	0.05153
V562	0.39021	0.19162	0.09154	0.09164	0.08916	0.14583
V563	0.27717	0.00985	0.05488	0.07602	0.07434	0.50775
V564	0.21248	0.07445	0.04202	0.04139	0.26127	0.36839
V565	0.2855	0.00989	0.0662	0.02618	0.07495	0.53727
V566	0.25466	0.0851	0.07074	0.06538	0.10138	0.42274
V567	0.30134	0.23486	0.04627	0.19728	0.12	0.10025
V568	0.08149	0.03387	0.02787	0.09344	0.70848	0.05484
V569	0.52992	0.0628	0.06457	0.06222	0.0806	0.19988
V570	0.48904	0.13302	0.08548	0.082	0.08591	0.12454
V571	0.07399	0.19087	0.53893	0.05616	0.08941	0.05065
V572	0.0683	0.02425	0.66401	0.06241	0.12405	0.05697
V573	0.19584	0.52534	0.05291	0.04244	0.11323	0.07025
V574	0.18568	0.00999	0.33106	0.06593	0.08835	0.319
V575	0.13192	0.45714	0.09234	0.12524	0.11201	0.08134
V576	0.28673	0.1155	0.04991	0.05039	0.41103	0.08644
V577	0.30278	0.06925	0.04265	0.09386	0.36854	0.12292
V578	0.09871	0.02587	0.02659	0.05655	0.61544	0.17684
V579	0.08267	0.04911	0.16439	0.24686	0.40383	0.05315
V580	0.15369	0.03858	0.09182	0.32691	0.28296	0.10603
V581	0.47843	0.06475	0.1156	0.09803	0.12888	0.11432
V582	0.47714	0.04055	0.06596	0.17742	0.09343	0.1455
V583	0.15294	0.0521	0.2742	0.03884	0.22297	0.25894
V584	0.15337	0.03454	0.02848	0.29382	0.29356	0.19623
V585	0.13492	0.33459	0.21789	0.09811	0.0977	0.11678
V586	0.19327	0.51095	0.08204	0.04745	0.10054	0.06575
V587	0.23069	0.02905	0.25784	0.29788	0.1014	0.08315
V588	0.07961	0.03101	0.04014	0.64958	0.15821	0.04144
V589	0.15472	0.2144	0.24916	0.09011	0.08286	0.20875
V590	0.18517	0.042	0.32018	0.08534	0.07159	0.29572
V591	0.52697	0.03733	0.08409	0.14005	0.08809	0.12347
V592	0.11426	0.27124	0.09625	0.31957	0.14982	0.04886
V593	0.06825	0.03116	0.00916	0.69403	0.15802	0.03937
V594	0.15961	0.01686	0.04005	0.47001	0.13023	0.18324
V595	0.13891	0.21986	0.07087	0.12921	0.2581	0.18304
V596	0.06818	0.21026	0.0299	0.11486	0.53226	0.04453
V597	0.33518	0.0344	0.05945	0.05834	0.41986	0.09277
V598	0.58952	0.06728	0.06986	0.04097	0.07909	0.15329
V599	0.23022	0.01867	0.0433	0.1404	0.15744	0.40996
V600	0.36678	0.10295	0.05297	0.07133	0.1286	0.27737
V601	0.17657	0.12677	0.07154	0.28721	0.1049	0.23302
V602	0.09704	0.03906	0.11113	0.06016	0.52749	0.16512
V603	0.19939	0.28688	0.07575	0.07352	0.10938	0.25509
V604	0.09139	0.36935	0.02621	0.0568	0.406	0.05025
V605	0.08786	0.05569	0.03713	0.06315	0.68172	0.07445
V606	0.39061	0.0489	0.23499	0.08133	0.06886	0.17531
V607	0.23494	0.04309	0.04676	0.04474	0.20633	0.42414
V608	0.17186	0.44096	0.04698	0.08783	0.1133	0.13906
V609	0.07725	0.02382	0.56953	0.20303	0.07236	0.054
V610	0.10306	0.11643	0.39854	0.16837	0.11165	0.10195
V611	0.12296	0.59498	0.05392	0.06422	0.11435	0.04956
V612	0.07501	0.1783	0.01563	0.55082	0.14322	0.03702
V613	0.44115	0.13282	0.06807	0.03491	0.07424	0.24881
V614	0.1267	0.10628	0.43574	0.04498	0.11376	0.17254
V615	0.05274	0.07878	0.06444	0.07094	0.67467	0.05844
V616	0.32473	0.30026	0.05082	0.06605	0.10501	0.15314
V617	0.04475	0.04185	0.01133	0.07615	0.77077	0.05515
V618	0.20369	0.03343	0.51663	0.04803	0.07388	0.12434
V619	0.10843	0.46039	0.16358	0.06462	0.1443	0.05868
V620	0.22685	0.01683	0.2505	0.04102	0.06133	0.40346
V621	0.0717	0.0219	0.07141	0.60782	0.17137	0.0558
V622	0.38	0.14995	0.06108	0.04568	0.25744	0.10586
V623	0.20491	0.48989	0.05355	0.0398	0.10431	0.10754
V624	0.11503	0.44657	0.02795	0.23731	0.11676	0.05638
V625	0.11372	0.11874	0.18631	0.37056	0.13092	0.07975
V626	0.11012	0.05281	0.0331	0.19136	0.43469	0.17792
V627	0.4391	0.03198	0.04539	0.26927	0.1002	0.11407
V628	0.17588	0.05998	0.27989	0.10344	0.14609	0.23471
V629	0.09417	0.35655	0.02003	0.35094	0.13367	0.04463
V630	0.44575	0.0333	0.07925	0.07235	0.09931	0.27005
V631	0.23599	0.00984	0.09507	0.12632	0.1116	0.42119
V632	0.07815	0.04811	0.13216	0.29342	0.38179	0.06637
V633	0.06829	0.15351	0.62362	0.05057	0.05714	0.04687
V634	0.51048	0.04382	0.06813	0.17107	0.08678	0.11972
V635	0.06922	0.05838	0.22621	0.4796	0.12112	0.04547
V636	0.12664	0.45472	0.03362	0.09352	0.20116	0.09034
V637	0.2531	0.05458	0.05916	0.02926	0.14174	0.46217
V638	0.09213	0.10744	0.06061	0.44303	0.24372	0.05307
V639	0.2602	0.07347	0.09943	0.07307	0.35227	0.14155
V640	0.11856	0.1238	0.40293	0.05383	0.15943	0.14146
V641	0.05538	0.08343	0.43846	0.07262	0.29868	0.05144
V642	0.24863	0.04788	0.2725	0.15455	0.07555	0.20089
V643	0.55757	0.04517	0.06238	0.10152	0.09103	0.14233
V644	0.52541	0.04101	0.06136	0.10625	0.0846	0.18137
V645	0.49017	0.04446	0.0739	0.09812	0.07709	0.21625
V646	0.05929	0.03139	0.39579	0.05663	0.40164	0.05526
V647	0.243	0.02145	0.0654	0.2506	0.11575	0.3038
V648	0.20124	0.25429	0.14994	0.07636	0.09882	0.21936
V649	0.16491	0.03163	0.0419	0.54816	0.14901	0.06439
V650	0.22112	0.16998	0.19919	0.05311	0.28321	0.07339
V651	0.19275	0.26515	0.09959	0.06223	0.19204	0.18825
V652	0.0944	0.02187	0.11178	0.56086	0.15665	0.05443
V653	0.17556	0.32937	0.06619	0.05887	0.1598	0.21022
V654	0.55107	0.04494	0.12434	0.04766	0.0942	0.13779
V655	0.26636	0.01985	0.06156	0.08532	0.28319	0.28373
V656	0.13315	0.08112	0.50272	0.07856	0.13753	0.0669
V657	0.34011	0.03451	0.04111	0.12065	0.27195	0.19167
V658	0.06982	0.08176	0.15522	0.52326	0.13069	0.03924
V659	0.13276	0.59213	0.05025	0.04758	0.1067	0.07057
V660	0.55953	0.04305	0.06857	0.05012	0.07286	0.20586
V661	0.20073	0.01229	0.16276	0.12785	0.17377	0.3226
V662	0.51872	0.04112	0.07274	0.11976	0.08554	0.16212
V663	0.09476	0.16073	0.03168	0.09016	0.56733	0.05534
V664	0.15631	0.065	0.58012	0.04369	0.07231	0.08257
V665	0.04381	0.0344	0.01093	0.07648	0.77871	0.05568
V666	0.3305	0.2515	0.05333	0.11555	0.11583	0.13329
V667	0.26614	0.00958	0.08142	0.05816	0.08405	0.50064
V668	0.54324	0.13392	0.07277	0.04656	0.07674	0.12678
V669	0.24147	0.0956	0.03943	0.21684	0.10181	0.30485
V670	0.1494	0.28648	0.04827	0.25355	0.12257	0.13973
V671	0.28324	0.0275	0.03234	0.4575	0.12397	0.07545
V672	0.12564	0.42862	0.02761	0.25038	0.11772	0.05003
V673	0.21602	0.11405	0.2019	0.03463	0.06673	0.36667
V674	0.53005	0.03972	0.06543	0.04511	0.19403	0.12566
V675	0.26759	0.10546	0.06761	0.02783	0.09058	0.44094
V676	0.0779	0.02248	0.0864	0.62027	0.1511	0.04186
V677	0.23043	0.28696	0.16599	0.0332	0.07599	0.20743
V678	0.2031	0.08277	0.07584	0.05093	0.37262	0.21474
V679	0.25477	0.08257	0.08738	0.04512	0.07817	0.45199
V680	0.06911	0.02301	0.32763	0.05531	0.4338	0.09114
V681	0.15959	0.50764	0.06894	0.04324	0.09385	0.12673
V682	0.16481	0.40588	0.04093	0.04821	0.16128	0.17888
V683	0.07553	0.02996	0.02176	0.06175	0.69222	0.11878
V684	0.16989	0.51951	0.04179	0.09567	0.10868	0.06446
V685	0.10152	0.44324	0.23701	0.0417	0.1262	0.05032
V686	0.26918	0.02441	0.36147	0.04223	0.07069	0.23202
V687	0.16406	0.19254	0.24301	0.10225	0.07751	0.22063
V688	0.36791	0.02879	0.05302	0.04976	0.2878	0.21272
V689	0.12019	0.03102	0.54508	0.12516	0.08325	0.09529
V690	0.1253	0.03206	0.05154	0.07366	0.54341	0.17403
V691	0.1476	0.35342	0.18326	0.09226	0.1188	0.10466
V692	0.41142	0.03142	0.04257	0.25388	0.15135	0.10936
V693	0.52949	0.11961	0.07782	0.05174	0.07592	0.14543
V694	0.5262	0.11981	0.06982	0.06972	0.07851	0.13595
V695	0.54555	0.03812	0.06227	0.0544	0.13537	0.16428
V696	0.14227	0.37764	0.07136	0.08665	0.25699	0.06508
V697	0.10764	0.03141	0.61377	0.07842	0.08291	0.08585
V698	0.12863	0.61415	0.04488	0.04866	0.10884	0.05483
V699	0.21085	0.03512	0.45563	0.06912	0.11419	0.1151
V700	0.1565	0.04126	0.01998	0.0678	0.63456	0.0799
V701	0.57982	0.03764	0.07641	0.03923	0.07121	0.19569
V702	0.24426	0.02515	0.09536	0.13779	0.08678	0.41065
V703	0.22046	0.37762	0.05344	0.04378	0.23014	0.07456
V704	0.32899	0.22591	0.198	0.03818	0.08639	0.12253
V705	0.08833	0.10863	0.24295	0.17188	0.32592	0.06229
V706	0.18356	0.08258	0.28163	0.03516	0.14419	0.27287
V707	0.44594	0.03896	0.06383	0.03248	0.07731	0.34148
V708	0.08823	0.30806	0.42151	0.05388	0.07855	0.04976
V709	0.06421	0.02461	0.00229	0.63968	0.22877	0.04044
V710	0.34398	0.07351	0.13548	0.08138	0.22258	0.14308
V711	0.10664	0.18395	0.34727	0.16981	0.08855	0.10379
V712	0.07029	0.24563	0.03323	0.06257	0.53447	0.0538
V713	0.27319	0.37748	0.07309	0.06195	0.10662	0.10767
V714	0.09852	0.37296	0.35133	0.04688	0.08352	0.0468
V715	0.07923	0.03179	0.72948	0.04651	0.04887	0.06412
V716	0.18928	0.0394	0.03628	0.24571	0.23581	0.25351
V717	0.07131	0.03994	0.03586	0.06421	0.7059	0.08278
V718	0.07708	0.33253	0.02999	0.05329	0.46245	0.04466
V719	0.13228	0.56568	0.06621	0.04762	0.12097	0.06724
V720	0.24988	0.02001	0.21708	0.25504	0.11595	0.14204
V721	0.17075	0.2145	0.2077	0.03425	0.13731	0.23548
V722	0.04138	0.03423	0.02624	0.0697	0.77789	0.05056
V723	0.1211	0.48678	0.07373	0.05443	0.1948	0.06917
V724	0.12578	0.251	0.32058	0.11269	0.13958	0.05037
V725	0.10204	0.07145	0.07659	0.14815	0.4805	0.12127
V726	0.07472	0.03488	0.45301	0.07083	0.27626	0.0903
V727	0.23985	0.00952	0.12437	0.12563	0.08312	0.41752
V728	0.08169	0.02988	0.00414	0.66074	0.15297	0.07057
V729	0.22582	0.37023	0.06016	0.06551	0.19512	0.08317
V730	0.19494	0.01247	0.10287	0.3089	0.10749	0.27333
V731	0.19006	0.05787	0.37231	0.04295	0.19097	0.14584
V732	0.15286	0.32996	0.05305	0.07239	0.26235	0.12939
V733	0.22693	0.01541	0.24358	0.17059	0.1189	0.22459
V734	0.24551	0.0108	0.22988	0.02913	0.07323	0.41145
V735	0.09323	0.08868	0.02279	0.56419	0.14637	0.08475
V736	0.17043	0.38461	0.08688	0.06247	0.09915	0.19646
V737	0.03497	0.03449	0.01787	0.07707	0.78595	0.04964
V738	0.30523	0.06223	0.09855	0.28719	0.11372	0.13308
V739	0.19076	0.25207	0.16697	0.06759	0.22461	0.098
V740	0.0925	0.21691	0.32399	0.0783	0.22308	0.06523
V741	0.33911	0.13986	0.16206	0.0993	0.1713	0.08838
V742	0.27447	0.03343	0.05668	0.32958	0.19626	0.10957
V743	0.07881	0.10662	0.23209	0.27812	0.24601	0.05835
V744	0.34808	0.09367	0.06335	0.13211	0.08412	0.27867
V745	0.11628	0.41075	0.03604	0.07661	0.30734	0.05299
V746	0.56464	0.05165	0.07284	0.05835	0.086	0.16652
V747	0.19914	0.03783	0.12251	0.08173	0.47365	0.08515
V748	0.20501	0.05063	0.21722	0.05293	0.14809	0.32612
V749	0.37816	0.03276	0.05468	0.13921	0.15689	0.23831
V750	0.0726	0.0913	0.00415	0.63482	0.15873	0.03841
V751	0.07257	0.03127	0.03238	0.64395	0.1791	0.04073
V752	0.20529	0.03908	0.05303	0.10934	0.50735	0.0859
V753	0.20148	0.01702	0.06316	0.10669	0.31658	0.29507
V754	0.15453	0.33195	0.13047	0.08312	0.12389	0.17603
V755	0.30147	0.06051	0.05114	0.06685	0.37137	0.14866
V756	0.27031	0.01747	0.0624	0.03387	0.10802	0.50793
V757	0.19387	0.33081	0.05015	0.0502	0.12792	0.24705
V758	0.28042	0.44837	0.05148	0.04679	0.09279	0.08015
V759	0.1599	0.04155	0.06535	0.15422	0.45768	0.1213
V760	0.28182	0.0095	0.06479	0.04424	0.07065	0.529
V761	0.04233	0.03323	0.331	0.07334	0.47226	0.04785
V762	0.11443	0.01475	0.62454	0.07051	0.07356	0.10221
V763	0.0854	0.14197	0.03066	0.51887	0.16432	0.05878
