CD14.pos.CD16.neg.classical.monocyte	mature.neutrophil	memory.B.cell	cytotoxic.CD56.dim.NK.cell	memory.CD4.pos.AB.T.cell	macrophage
V1	0.1402	0.02387	0.65932	0.01202	0.11566	0.04893
V2	0.41276	0.09326	0.0915	0.10348	0.21274	0.08627
V3	0.24097	0.05751	0.23322	0.02571	0.14541	0.29718
V4	0.22803	0.29371	0.083	0.0932	0.21143	0.09063
V5	0.08248	0.03761	0.03907	0.46058	0.34522	0.03503
V6	0.23612	0.02746	0.19566	0.05898	0.25129	0.2305
V7	0.11692	0.26084	0.05922	0.05466	0.46172	0.04664
V8	0.48632	0.04634	0.1024	0.11045	0.1402	0.11429
V9	0.25692	0.12169	0.07215	0.22113	0.1715	0.1566
V10	0.33703	0.03547	0.10961	0.27048	0.16454	0.08289
V11	0.16409	0.48591	0.09649	0.04473	0.16151	0.04726
V12	0.25383	0.03622	0.13062	0.03898	0.15629	0.38405
V13	0.14896	0.34206	0.28119	0.03991	0.14167	0.04621
V14	0.11469	0.01939	0.05214	0.60408	0.16843	0.04126
V15	0.35766	0.06449	0.07774	0.1194	0.28288	0.09783
V16	0.11319	0.0168	0.05224	0.32604	0.39559	0.09615
V17	0.24053	0.04383	0.19634	0.02789	0.14414	0.34728
V18	0.50405	0.11035	0.11017	0.04124	0.13334	0.10086
V19	0.41959	0.05147	0.21541	0.02915	0.19296	0.09142
V20	0.43807	0.05686	0.14926	0.1083	0.13787	0.10964
V21	0.25782	0.04387	0.10087	0.04064	0.18539	0.3714
V22	0.18102	0.04978	0.06161	0.09011	0.54858	0.0689
V23	0.1072	0.02049	0.29197	0.03972	0.4987	0.04192
V24	0.15927	0.02176	0.05183	0.12615	0.57136	0.06962
V25	0.34525	0.19414	0.08293	0.1267	0.17122	0.07976
V26	0.23406	0.02753	0.06733	0.04214	0.56738	0.06155
V27	0.2229	0.0289	0.21634	0.03457	0.15043	0.34686
V28	0.16188	0.17911	0.17817	0.1937	0.16663	0.12051
V29	0.15457	0.38335	0.14463	0.0816	0.14513	0.09071
V30	0.22815	0.15007	0.15136	0.03238	0.29651	0.14153
V31	0.4597	0.03245	0.22338	0.04193	0.12547	0.11707
V32	0.0883	0.02085	0.29102	0.40287	0.14313	0.05383
V33	0.23665	0.27308	0.24013	0.04062	0.13426	0.07525
V34	0.07148	0.01257	0.41581	0.04157	0.41499	0.04358
V35	0.08721	0.04577	0.17491	0.40335	0.23833	0.05043
V36	0.15458	0.31839	0.1518	0.04132	0.28037	0.05354
V37	0.11692	0.02195	0.62019	0.01928	0.11924	0.10241
V38	0.23927	0.02272	0.19218	0.02859	0.14526	0.37198
V39	0.40585	0.0402	0.08643	0.22889	0.14422	0.0944
V40	0.14559	0.32197	0.0778	0.14262	0.23202	0.07999
V41	0.48646	0.03488	0.11684	0.03293	0.14138	0.18752
V42	0.23478	0.02827	0.45856	0.01796	0.15464	0.10578
V43	0.21296	0.26706	0.07828	0.05687	0.30391	0.08092
V44	0.16945	0.49259	0.09356	0.03993	0.15164	0.05283
V45	0.33149	0.22039	0.12153	0.0456	0.15127	0.12972
V46	0.1306	0.01856	0.06623	0.23729	0.39395	0.15337
V47	0.13921	0.27261	0.06743	0.1392	0.31272	0.06883
V48	0.13628	0.38657	0.20504	0.03262	0.19805	0.04145
V49	0.15988	0.46701	0.0885	0.03977	0.19807	0.04678
V50	0.07967	0.01251	0.24411	0.04227	0.55286	0.06858
V51	0.0624	0.0124	0.0452	0.05644	0.7812	0.04236
V52	0.13738	0.35152	0.24806	0.05413	0.16182	0.0471
V53	0.15282	0.01629	0.11721	0.06203	0.60233	0.04933
V54	0.12899	0.0943	0.46305	0.05427	0.18352	0.07589
V55	0.06771	0.03762	0.12865	0.06309	0.662	0.04094
V56	0.07997	0.03846	0.59591	0.10117	0.1491	0.03539
V57	0.2082	0.24218	0.10839	0.03321	0.2365	0.17152
V58	0.09154	0.02115	0.68374	0.02612	0.11809	0.05936
V59	0.10276	0.01279	0.03953	0.61845	0.18958	0.03689
V60	0.3521	0.02265	0.07684	0.32547	0.14775	0.07518
V61	0.28251	0.10015	0.08479	0.15303	0.19005	0.18946
V62	0.3699	0.04048	0.13436	0.11807	0.20308	0.13412
V63	0.17939	0.32552	0.0894	0.09009	0.15847	0.15713
V64	0.07307	0.08108	0.047	0.04736	0.70998	0.04151
V65	0.39156	0.10702	0.11338	0.04631	0.16927	0.17245
V66	0.34488	0.03917	0.16311	0.04736	0.32686	0.07862
V67	0.13741	0.11107	0.27979	0.20131	0.14289	0.12752
V68	0.54942	0.03792	0.11124	0.062	0.13113	0.10829
V69	0.42322	0.04579	0.10008	0.03345	0.16045	0.23699
V70	0.09804	0.01427	0.20049	0.44777	0.20032	0.03912
V71	0.12983	0.17686	0.08177	0.11165	0.39201	0.10788
V72	0.40658	0.10084	0.14279	0.04545	0.17825	0.12609
V73	0.10707	0.00783	0.10867	0.55328	0.18259	0.04057
V74	0.09254	0.10036	0.05211	0.54974	0.1717	0.03355
V75	0.15257	0.48895	0.08416	0.05623	0.17264	0.04545
V76	0.08431	0.01351	0.56831	0.04045	0.25213	0.04131
V77	0.14552	0.09852	0.1244	0.40543	0.15475	0.07138
V78	0.36863	0.09768	0.12434	0.12241	0.14873	0.13821
V79	0.1966	0.34337	0.09753	0.03317	0.14634	0.18299
V80	0.18974	0.35622	0.09023	0.04025	0.15783	0.16573
V81	0.47097	0.09137	0.15043	0.03877	0.14323	0.10523
V82	0.14745	0.44286	0.0831	0.06732	0.20998	0.04929
V83	0.16676	0.10671	0.07134	0.31563	0.2574	0.08216
V84	0.26821	0.02476	0.12589	0.3357	0.16732	0.07812
V85	0.52945	0.03707	0.16215	0.03873	0.12764	0.10496
V86	0.23905	0.03782	0.16096	0.24666	0.15457	0.16095
V87	0.08502	0.01764	0.05559	0.63032	0.17135	0.04009
V88	0.15323	0.03077	0.06088	0.40008	0.20032	0.15472
V89	0.16264	0.1249	0.38891	0.02579	0.12884	0.16891
V90	0.16003	0.39339	0.1619	0.04009	0.18824	0.05636
V91	0.08844	0.01865	0.07628	0.11975	0.64668	0.0502
V92	0.07274	0.05627	0.05223	0.05344	0.71722	0.0481
V93	0.22093	0.0591	0.07729	0.10788	0.33696	0.19783
V94	0.07898	0.01303	0.22929	0.49428	0.15114	0.03328
V95	0.06746	0.01751	0.26905	0.11788	0.49199	0.03611
V96	0.14714	0.24201	0.07643	0.07082	0.35417	0.10943
V97	0.063	0.01803	0.04993	0.09529	0.73545	0.0383
V98	0.09918	0.05496	0.04619	0.53385	0.22735	0.03846
V99	0.08232	0.01696	0.04335	0.64541	0.17824	0.03372
V100	0.08458	0.01657	0.38375	0.21764	0.2419	0.05556
V101	0.11362	0.23577	0.37126	0.09548	0.13706	0.04681
V102	0.51599	0.04265	0.17405	0.03814	0.12668	0.10249
V103	0.42939	0.04282	0.09777	0.15268	0.17534	0.102
V104	0.09521	0.00775	0.19956	0.49127	0.16439	0.04182
V105	0.25119	0.02281	0.15332	0.03085	0.1482	0.39363
V106	0.13998	0.01759	0.51582	0.01483	0.13105	0.18073
V107	0.16744	0.38356	0.23366	0.03009	0.13943	0.04582
V108	0.20247	0.04076	0.10556	0.04122	0.30849	0.3015
V109	0.21402	0.02747	0.09101	0.03458	0.29731	0.33562
V110	0.12087	0.12017	0.56172	0.01453	0.12613	0.05659
V111	0.0795	0.0272	0.69482	0.0268	0.13125	0.04042
V112	0.12067	0.19979	0.05029	0.42174	0.16738	0.04014
V113	0.09537	0.07265	0.50922	0.04745	0.23126	0.04405
V114	0.1604	0.01538	0.52672	0.12507	0.12256	0.04987
V115	0.34181	0.06679	0.09924	0.05559	0.24108	0.1955
V116	0.53999	0.03694	0.10946	0.0757	0.13137	0.10654
V117	0.3658	0.03267	0.07632	0.10733	0.33625	0.08163
V118	0.14462	0.39961	0.14768	0.05886	0.19556	0.05367
V119	0.15664	0.46988	0.09331	0.0659	0.15557	0.05871
V120	0.14254	0.13512	0.12545	0.32282	0.21714	0.05693
V121	0.28918	0.02724	0.08342	0.23643	0.14595	0.21779
V122	0.2359	0.02823	0.06012	0.43807	0.18145	0.05624
V123	0.30909	0.03073	0.08582	0.07149	0.25425	0.24862
V124	0.07076	0.0125	0.25919	0.04327	0.57296	0.04132
V125	0.11082	0.11259	0.52015	0.06471	0.12286	0.06888
V126	0.21726	0.18735	0.12682	0.03708	0.15211	0.27938
V127	0.10374	0.01368	0.6267	0.0861	0.12691	0.04287
V128	0.2695	0.1763	0.14746	0.14559	0.18905	0.07209
V129	0.08216	0.02605	0.6508	0.07116	0.12666	0.04317
V130	0.35659	0.10028	0.08304	0.2116	0.16537	0.08312
V131	0.10067	0.01367	0.06898	0.05759	0.6602	0.09889
V132	0.12869	0.29423	0.33976	0.02495	0.16847	0.04388
V133	0.12554	0.13645	0.4494	0.08227	0.16356	0.04278
V134	0.21433	0.3795	0.08721	0.04345	0.20778	0.06773
V135	0.12623	0.02232	0.58407	0.01456	0.16066	0.09217
V136	0.17901	0.41558	0.13012	0.04765	0.17298	0.05466
V137	0.10748	0.11827	0.44221	0.03628	0.25745	0.03832
V138	0.17581	0.01309	0.07389	0.32344	0.21899	0.19477
V139	0.13087	0.049	0.16824	0.04134	0.44632	0.16424
V140	0.39469	0.16431	0.12137	0.08626	0.1417	0.09166
V141	0.22464	0.17819	0.15266	0.21233	0.16494	0.06723
V142	0.19606	0.41212	0.09348	0.0775	0.14755	0.07328
V143	0.12254	0.0541	0.49484	0.0766	0.19762	0.0543
V144	0.2211	0.13005	0.09512	0.1235	0.15332	0.27692
V145	0.08568	0.00548	0.04952	0.64963	0.16654	0.04315
V146	0.1385	0.02242	0.10454	0.04816	0.60843	0.07795
V147	0.36089	0.07366	0.17163	0.06483	0.13491	0.19408
V148	0.1025	0.13124	0.58891	0.01412	0.11933	0.04389
V149	0.19826	0.3126	0.08471	0.05254	0.14785	0.20403
V150	0.08536	0.00548	0.03762	0.64614	0.19096	0.03444
V151	0.20979	0.26624	0.08618	0.03986	0.16544	0.2325
V152	0.13346	0.16288	0.35789	0.05117	0.22695	0.06765
V153	0.08135	0.03672	0.49136	0.2034	0.14916	0.03801
V154	0.34767	0.16113	0.10201	0.03179	0.14112	0.21626
V155	0.13072	0.23565	0.12082	0.03704	0.41199	0.06378
V156	0.11282	0.298	0.06728	0.04196	0.43932	0.04062
V157	0.1801	0.08769	0.10108	0.23098	0.16155	0.23859
V158	0.09578	0.05468	0.67536	0.0119	0.11704	0.04524
V159	0.17309	0.16215	0.28912	0.1488	0.16491	0.06195
V160	0.09612	0.0148	0.68248	0.01869	0.11733	0.07058
V161	0.12292	0.29804	0.05891	0.25797	0.22276	0.0394
V162	0.13465	0.32716	0.0645	0.12467	0.29613	0.05289
V163	0.08957	0.01521	0.72141	0.01141	0.11658	0.04582
V164	0.11339	0.22952	0.31068	0.10537	0.19677	0.04428
V165	0.09524	0.02614	0.07421	0.05749	0.66213	0.08478
V166	0.13527	0.02034	0.05637	0.14705	0.47093	0.17004
V167	0.0831	0.00871	0.33623	0.37503	0.15923	0.0377
V168	0.43413	0.03583	0.09035	0.20804	0.13632	0.09534
V169	0.09345	0.01775	0.54185	0.16744	0.1327	0.04681
V170	0.31137	0.0407	0.14032	0.24284	0.18982	0.07495
V171	0.22037	0.29734	0.09799	0.03295	0.15733	0.19401
V172	0.13648	0.06019	0.43391	0.14861	0.13486	0.08595
V173	0.10425	0.02866	0.62532	0.01245	0.13344	0.09587
V174	0.407	0.09408	0.09207	0.04297	0.27751	0.08637
V175	0.16574	0.39464	0.16198	0.04643	0.18272	0.04849
V176	0.07785	0.01448	0.71678	0.0194	0.13071	0.04078
V177	0.1761	0.07142	0.29486	0.04685	0.26227	0.1485
V178	0.07911	0.03825	0.07128	0.04574	0.716	0.04962
V179	0.10702	0.00875	0.07445	0.47135	0.23404	0.1044
V180	0.22928	0.02246	0.19426	0.30815	0.13884	0.10701
V181	0.36299	0.0987	0.1308	0.08072	0.18807	0.13871
V182	0.09708	0.07287	0.59531	0.06354	0.12063	0.05056
V183	0.09026	0.00554	0.04347	0.66003	0.16588	0.03483
V184	0.29704	0.25963	0.08877	0.05556	0.22584	0.07316
V185	0.18365	0.32575	0.09398	0.042	0.24121	0.11341
V186	0.07677	0.00993	0.47923	0.2612	0.1385	0.03436
V187	0.2558	0.30499	0.0805	0.05009	0.24516	0.06347
V188	0.20537	0.36001	0.09106	0.05335	0.14705	0.14316
V189	0.09788	0.05949	0.17789	0.05701	0.51371	0.09402
V190	0.11408	0.12865	0.06092	0.05479	0.53269	0.10887
V191	0.18746	0.35994	0.08473	0.04072	0.1588	0.16835
V192	0.36344	0.16449	0.15	0.05192	0.17772	0.09244
V193	0.24302	0.10248	0.10133	0.03927	0.15694	0.35696
V194	0.07468	0.02404	0.06248	0.1273	0.6633	0.0482
V195	0.08039	0.01255	0.56463	0.08999	0.21235	0.04008
V196	0.08145	0.00558	0.05509	0.62482	0.19603	0.03703
V197	0.18045	0.01806	0.07392	0.05011	0.61694	0.06052
V198	0.16273	0.25299	0.09163	0.13885	0.29863	0.05516
V199	0.10152	0.15531	0.12473	0.1116	0.46266	0.04419
V200	0.12483	0.01851	0.45361	0.18608	0.13519	0.08179
V201	0.09163	0.00564	0.0383	0.65134	0.16607	0.04702
V202	0.14672	0.05657	0.36403	0.05124	0.24023	0.14122
V203	0.37654	0.04375	0.0821	0.27495	0.13998	0.08268
V204	0.23186	0.05253	0.11426	0.15493	0.15359	0.29284
V205	0.08493	0.02757	0.7028	0.02608	0.11752	0.0411
V206	0.0866	0.03708	0.11924	0.54068	0.18233	0.03406
V207	0.29195	0.13478	0.10441	0.20364	0.15952	0.1057
V208	0.28799	0.07619	0.3454	0.05877	0.16281	0.06886
V209	0.2647	0.30236	0.08647	0.05933	0.15007	0.13708
V210	0.14066	0.03059	0.65174	0.01228	0.1158	0.04893
V211	0.36098	0.04833	0.15752	0.03881	0.24839	0.14597
V212	0.10844	0.17588	0.19333	0.28997	0.18755	0.04483
V213	0.09804	0.05901	0.24073	0.05541	0.50359	0.04322
V214	0.49854	0.04811	0.1166	0.07557	0.15797	0.10321
V215	0.18666	0.3859	0.08367	0.05962	0.14798	0.13616
V216	0.18265	0.31033	0.27486	0.03372	0.14703	0.05141
V217	0.22489	0.01879	0.10326	0.10092	0.34687	0.20526
V218	0.13239	0.20167	0.05709	0.39764	0.17218	0.03903
V219	0.51135	0.03679	0.11776	0.03336	0.13972	0.16101
V220	0.13374	0.01457	0.05417	0.59032	0.16027	0.04693
V221	0.18038	0.42363	0.10209	0.08865	0.15326	0.05199
V222	0.13581	0.18545	0.08495	0.14336	0.39228	0.05815
V223	0.17127	0.20996	0.25884	0.03124	0.15293	0.17576
V224	0.07125	0.01257	0.34304	0.0317	0.50384	0.0376
V225	0.2861	0.03106	0.11217	0.03982	0.14996	0.38089
V226	0.22393	0.05004	0.20602	0.22825	0.21693	0.07483
V227	0.40928	0.02793	0.08993	0.19689	0.14419	0.13178
V228	0.16841	0.16459	0.38249	0.06269	0.15247	0.06935
V229	0.1692	0.02113	0.31171	0.20541	0.22827	0.06428
V230	0.11947	0.11993	0.56711	0.02122	0.11941	0.05286
V231	0.1083	0.01903	0.04568	0.60825	0.18133	0.03741
V232	0.31211	0.02858	0.07699	0.24259	0.15102	0.1887
V233	0.50399	0.04111	0.11796	0.08213	0.14475	0.11007
V234	0.31728	0.02494	0.07119	0.05327	0.45375	0.07957
V235	0.12353	0.00813	0.05904	0.59055	0.17295	0.04581
V236	0.12128	0.01428	0.19201	0.04935	0.49943	0.12364
V237	0.08318	0.01274	0.63561	0.09365	0.13461	0.0402
V238	0.41261	0.02895	0.1245	0.09662	0.16193	0.1754
V239	0.35073	0.04511	0.15595	0.1308	0.22061	0.0968
V240	0.09113	0.16265	0.04919	0.12758	0.52906	0.04039
V241	0.36664	0.126	0.08713	0.16191	0.17098	0.08734
V242	0.26628	0.05409	0.10828	0.16237	0.20585	0.20313
V243	0.12248	0.25295	0.37227	0.05604	0.15385	0.04241
V244	0.17018	0.03027	0.06819	0.04009	0.5353	0.15598
V245	0.48063	0.0344	0.10969	0.03327	0.14879	0.19321
V246	0.08357	0.04121	0.20387	0.2958	0.33372	0.04183
V247	0.27674	0.074	0.08757	0.1692	0.15926	0.23323
V248	0.20965	0.03655	0.0563	0.19943	0.42328	0.0748
V249	0.2227	0.12422	0.3325	0.08479	0.12855	0.10725
V250	0.08853	0.01717	0.04395	0.64692	0.16598	0.03745
V251	0.13796	0.34579	0.16503	0.15462	0.15031	0.04628
V252	0.08276	0.01185	0.06811	0.60199	0.19502	0.04027
V253	0.14884	0.05106	0.06307	0.31931	0.24529	0.17243
V254	0.12091	0.17393	0.10803	0.17001	0.36201	0.06511
V255	0.28612	0.20735	0.13061	0.07893	0.18297	0.11403
V256	0.15702	0.49067	0.08599	0.04504	0.16753	0.05375
V257	0.13586	0.26472	0.08582	0.05793	0.38607	0.0696
V258	0.11148	0.15434	0.14522	0.39519	0.14852	0.04525
V259	0.13268	0.34712	0.29304	0.03928	0.13604	0.05184
V260	0.14149	0.042	0.06696	0.05603	0.59505	0.09847
V261	0.34613	0.04021	0.10609	0.06342	0.29339	0.15075
V262	0.12184	0.02242	0.62648	0.022	0.16454	0.04271
V263	0.09733	0.05095	0.49687	0.17443	0.13409	0.04632
V264	0.39482	0.04265	0.16286	0.05912	0.18006	0.16049
V265	0.08229	0.01287	0.04594	0.068	0.74645	0.04445
V266	0.28039	0.0516	0.11013	0.03952	0.15592	0.36244
V267	0.21324	0.40622	0.08283	0.08988	0.15318	0.05465
V268	0.54893	0.03858	0.10759	0.04144	0.13249	0.13097
V269	0.09735	0.03784	0.12687	0.52537	0.17414	0.03844
V270	0.25439	0.30578	0.09891	0.049	0.22602	0.0659
V271	0.19109	0.10715	0.25862	0.03846	0.14947	0.2552
V272	0.08333	0.0123	0.04568	0.10783	0.67774	0.07313
V273	0.09936	0.0131	0.08486	0.10588	0.63178	0.06503
V274	0.21489	0.02728	0.20451	0.07233	0.15046	0.33053
V275	0.43843	0.14888	0.10468	0.04711	0.14167	0.11923
V276	0.20585	0.18499	0.13432	0.09261	0.17452	0.20771
V277	0.35502	0.0408	0.09638	0.04122	0.24339	0.22318
V278	0.15524	0.09063	0.12167	0.20791	0.366	0.05855
V279	0.23099	0.0554	0.22695	0.06993	0.15086	0.26588
V280	0.13915	0.00885	0.04869	0.58641	0.16587	0.05103
V281	0.15713	0.47884	0.10506	0.06056	0.15019	0.04822
V282	0.07862	0.03726	0.05105	0.09445	0.69295	0.04567
V283	0.11216	0.27934	0.06032	0.04846	0.45371	0.04601
V284	0.12131	0.0763	0.27121	0.26722	0.17069	0.09326
V285	0.0884	0.01719	0.03833	0.64624	0.17231	0.03753
V286	0.41629	0.04817	0.14219	0.17114	0.13303	0.08918
V287	0.07992	0.01839	0.07028	0.10688	0.66215	0.06238
V288	0.20706	0.19773	0.09272	0.04005	0.23505	0.22738
V289	0.08816	0.07149	0.56204	0.094	0.14212	0.0422
V290	0.08255	0.00697	0.19787	0.50975	0.15961	0.04325
V291	0.09945	0.02447	0.03909	0.62463	0.17049	0.04188
V292	0.15949	0.06691	0.05939	0.43152	0.23484	0.04785
V293	0.06931	0.04376	0.07032	0.05291	0.71899	0.04471
V294	0.3485	0.04653	0.07908	0.05065	0.34583	0.12941
V295	0.2911	0.02481	0.11297	0.03261	0.1567	0.38181
V296	0.1344	0.24218	0.1203	0.22282	0.19067	0.08962
V297	0.25157	0.07004	0.09742	0.04002	0.15928	0.38168
V298	0.14997	0.44354	0.17794	0.03988	0.14447	0.04421
V299	0.16702	0.0711	0.56484	0.02146	0.12445	0.05112
V300	0.4564	0.10277	0.12594	0.0391	0.13357	0.14222
V301	0.34052	0.26511	0.1266	0.04647	0.14505	0.07626
V302	0.11051	0.18219	0.09586	0.37774	0.18888	0.04482
V303	0.14301	0.41025	0.11869	0.04844	0.23044	0.04917
V304	0.07724	0.01293	0.06455	0.04727	0.75402	0.04399
V305	0.12483	0.01701	0.17657	0.33821	0.21326	0.13012
V306	0.34703	0.09441	0.09685	0.03952	0.14363	0.27856
V307	0.16591	0.0232	0.0613	0.0569	0.60805	0.08463
V308	0.08215	0.01084	0.03747	0.66225	0.17344	0.03385
V309	0.12804	0.32201	0.06668	0.28455	0.15411	0.04461
V310	0.17276	0.25307	0.25574	0.03245	0.14818	0.13781
V311	0.39265	0.03109	0.10629	0.03983	0.14241	0.28773
V312	0.14304	0.01892	0.04696	0.29623	0.43629	0.05856
V313	0.31255	0.03264	0.09515	0.06998	0.14787	0.34182
V314	0.21102	0.01954	0.05661	0.50218	0.15846	0.05219
V315	0.20568	0.41057	0.0899	0.03797	0.186	0.06988
V316	0.27992	0.03021	0.10344	0.09162	0.16137	0.33344
V317	0.12732	0.00908	0.05137	0.51652	0.18958	0.10613
V318	0.08564	0.01182	0.0617	0.63278	0.16504	0.04302
V319	0.27332	0.137	0.24229	0.13008	0.13799	0.07932
V320	0.22352	0.14199	0.29453	0.10722	0.13644	0.09631
V321	0.13749	0.37783	0.06699	0.21895	0.15818	0.04057
V322	0.10147	0.01378	0.11626	0.05469	0.61353	0.10027
V323	0.11436	0.18808	0.05029	0.29626	0.31047	0.04053
V324	0.13749	0.03967	0.08457	0.19303	0.41778	0.12746
V325	0.18334	0.47277	0.10352	0.03871	0.14909	0.05257
V326	0.2124	0.43041	0.09797	0.03821	0.16333	0.05767
V327	0.12887	0.01667	0.67959	0.01177	0.11557	0.04753
V328	0.18131	0.14312	0.18759	0.13473	0.29908	0.05417
V329	0.07877	0.01308	0.45458	0.02516	0.38049	0.04792
V330	0.08424	0.01467	0.70609	0.01945	0.13074	0.04481
V331	0.43096	0.07565	0.13119	0.09495	0.13955	0.1277
V332	0.14888	0.0632	0.17177	0.04013	0.4035	0.17252
V333	0.0902	0.02261	0.36686	0.27377	0.19459	0.05196
V334	0.11595	0.26615	0.33452	0.10867	0.13369	0.04102
V335	0.1561	0.0307	0.58569	0.02009	0.1185	0.08893
V336	0.28042	0.35735	0.10789	0.03646	0.14848	0.06941
V337	0.12018	0.13313	0.09533	0.04796	0.56052	0.04287
V338	0.44809	0.03259	0.12289	0.04147	0.24546	0.1095
V339	0.14813	0.07263	0.32646	0.20833	0.1529	0.09156
V340	0.39831	0.18578	0.09313	0.06757	0.15547	0.09975
V341	0.21266	0.03976	0.08348	0.42403	0.18092	0.05915
V342	0.12702	0.01538	0.0585	0.4907	0.19545	0.11294
V343	0.23277	0.12758	0.17213	0.04942	0.15318	0.26492
V344	0.14849	0.37778	0.07347	0.05586	0.25708	0.08732
V345	0.0656	0.01256	0.05125	0.05621	0.77475	0.03963
V346	0.1565	0.01901	0.05992	0.3369	0.36465	0.06303
V347	0.32338	0.10695	0.09362	0.09746	0.29997	0.07862
V348	0.15198	0.10231	0.50312	0.03126	0.16011	0.05122
V349	0.44808	0.07656	0.12261	0.10198	0.15896	0.09181
V350	0.30735	0.04905	0.16717	0.2011	0.13685	0.13848
V351	0.27727	0.07136	0.12472	0.05255	0.15824	0.31586
V352	0.1582	0.2223	0.07552	0.03622	0.34261	0.16515
V353	0.10113	0.13105	0.59424	0.0141	0.11906	0.04041
V354	0.18025	0.05143	0.23142	0.0299	0.34975	0.15723
V355	0.08444	0.0343	0.7077	0.0188	0.11721	0.03755
V356	0.34375	0.10067	0.10212	0.19858	0.15811	0.09678
V357	0.23855	0.0271	0.34989	0.03924	0.27583	0.06939
V358	0.24239	0.022	0.14089	0.06085	0.15574	0.37813
V359	0.16046	0.06647	0.05358	0.4581	0.20395	0.05744
V360	0.32843	0.02326	0.07748	0.18442	0.29304	0.09338
V361	0.15701	0.50041	0.08638	0.05058	0.15728	0.04834
V362	0.1336	0.32402	0.08464	0.26005	0.15776	0.03992
V363	0.4544	0.07243	0.13306	0.03319	0.19731	0.1096
V364	0.20885	0.14413	0.09331	0.06136	0.22606	0.26629
V365	0.30228	0.25761	0.08779	0.13598	0.14353	0.0728
V366	0.14793	0.17423	0.37643	0.07067	0.17871	0.05203
V367	0.09047	0.00796	0.05177	0.44967	0.34791	0.05223
V368	0.18969	0.112	0.13628	0.05984	0.24571	0.25648
V369	0.09123	0.0317	0.04702	0.09362	0.66291	0.07353
V370	0.10874	0.06513	0.4985	0.12454	0.1384	0.06469
V371	0.14354	0.16949	0.06068	0.37298	0.1521	0.10122
V372	0.15453	0.39888	0.07527	0.05608	0.24452	0.07073
V373	0.50811	0.04314	0.10607	0.03407	0.13514	0.17347
V374	0.18075	0.01934	0.22069	0.37251	0.15915	0.04756
V375	0.29025	0.02904	0.21276	0.0738	0.3141	0.08005
V376	0.20794	0.05254	0.09973	0.12767	0.20406	0.30806
V377	0.10321	0.02051	0.34324	0.02966	0.4521	0.05127
V378	0.22465	0.06978	0.22358	0.02634	0.16561	0.29005
V379	0.36118	0.0348	0.1921	0.02848	0.13581	0.24764
V380	0.06831	0.03737	0.06996	0.05981	0.71981	0.04474
V381	0.26102	0.03863	0.27868	0.22435	0.13749	0.05982
V382	0.07395	0.02922	0.04855	0.19368	0.61383	0.04077
V383	0.18915	0.04133	0.33182	0.23738	0.14469	0.05563
V384	0.10448	0.02813	0.6436	0.02831	0.15186	0.04362
V385	0.26948	0.03061	0.11991	0.03232	0.15105	0.39663
V386	0.39066	0.04995	0.26855	0.03345	0.16404	0.09335
V387	0.20255	0.01911	0.08684	0.48972	0.15086	0.05092
V388	0.47822	0.06041	0.20332	0.02932	0.13202	0.09672
V389	0.32318	0.08065	0.10316	0.03238	0.15164	0.30899
V390	0.11667	0.03245	0.04946	0.5354	0.18322	0.0828
V391	0.09915	0.01461	0.05328	0.44442	0.32871	0.05983
V392	0.14464	0.04279	0.39665	0.10778	0.13119	0.17696
V393	0.13738	0.11414	0.32706	0.07337	0.22559	0.12245
V394	0.08556	0.00587	0.06168	0.60837	0.20086	0.03767
V395	0.083	0.05365	0.69049	0.01889	0.11745	0.03652
V396	0.33487	0.06082	0.07664	0.28095	0.17393	0.07278
V397	0.22783	0.13983	0.11403	0.03848	0.17963	0.3002
V398	0.15248	0.39334	0.08495	0.05628	0.26066	0.0523
V399	0.08732	0.01395	0.66531	0.04951	0.13239	0.05153
V400	0.17948	0.03328	0.06566	0.32896	0.16052	0.2321
V401	0.16061	0.03058	0.51648	0.02466	0.19561	0.07206
V402	0.11687	0.01365	0.04651	0.61229	0.16289	0.04779
V403	0.17408	0.01664	0.07803	0.06669	0.40944	0.25512
V404	0.08234	0.02132	0.72972	0.01175	0.11687	0.03799
V405	0.27659	0.23261	0.13898	0.07274	0.21231	0.06677
V406	0.18901	0.05833	0.19831	0.10266	0.2638	0.18789
V407	0.12993	0.02961	0.58193	0.01286	0.127	0.11867
V408	0.11514	0.07558	0.06771	0.51031	0.15577	0.07549
V409	0.54521	0.05827	0.10745	0.03504	0.13293	0.12109
V410	0.55502	0.04512	0.10735	0.03519	0.14441	0.11292
V411	0.20582	0.02297	0.08364	0.23019	0.15166	0.30573
V412	0.37307	0.14068	0.12881	0.0673	0.21048	0.07965
V413	0.09448	0.07802	0.0635	0.55062	0.17645	0.03693
V414	0.13466	0.05331	0.05672	0.44608	0.26111	0.04812
V415	0.10654	0.01613	0.28107	0.3058	0.21305	0.07742
V416	0.10923	0.1057	0.05539	0.22276	0.42168	0.08524
V417	0.25117	0.02068	0.13979	0.12647	0.14551	0.31639
V418	0.08804	0.06389	0.33746	0.12652	0.32812	0.05598
V419	0.25809	0.04317	0.09971	0.03346	0.16036	0.40522
V420	0.26581	0.02347	0.09966	0.04089	0.16048	0.40969
V421	0.0943	0.04468	0.09071	0.09773	0.61938	0.05319
V422	0.19985	0.20097	0.06505	0.04658	0.43104	0.0565
V423	0.11699	0.10814	0.04388	0.52769	0.1634	0.03991
V424	0.48326	0.0907	0.11134	0.08156	0.13306	0.10008
V425	0.07499	0.08138	0.05906	0.04603	0.69389	0.04464
V426	0.21621	0.04981	0.22051	0.03409	0.14918	0.33021
V427	0.33377	0.10274	0.17742	0.12767	0.15265	0.10575
V428	0.2259	0.02034	0.05226	0.49507	0.15175	0.05468
V429	0.08081	0.01979	0.11418	0.44079	0.30054	0.0439
V430	0.11273	0.06486	0.44689	0.16915	0.14144	0.06492
V431	0.07763	0.02045	0.71362	0.03336	0.11809	0.03684
V432	0.11788	0.2715	0.07218	0.33277	0.16527	0.04041
V433	0.08576	0.00563	0.06728	0.64259	0.16459	0.03416
V434	0.10515	0.1889	0.16412	0.35691	0.1477	0.03722
V435	0.10232	0.01404	0.05874	0.04396	0.65633	0.12461
V436	0.5094	0.09837	0.10957	0.04787	0.13322	0.10156
V437	0.21194	0.18996	0.26616	0.04036	0.20855	0.08302
V438	0.12532	0.2513	0.06428	0.08525	0.42653	0.04731
V439	0.06893	0.01888	0.12276	0.04426	0.70313	0.04205
V440	0.16342	0.04959	0.35088	0.06751	0.2726	0.096
V441	0.13487	0.06104	0.38638	0.13649	0.14381	0.13742
V442	0.31775	0.10344	0.20001	0.07803	0.17141	0.12937
V443	0.0896	0.0062	0.08162	0.58889	0.18653	0.04715
V444	0.45182	0.052	0.11902	0.0548	0.19924	0.12312
V445	0.55896	0.04525	0.12084	0.03428	0.1307	0.10998
V446	0.13872	0.3425	0.25693	0.04694	0.15576	0.05915
V447	0.2029	0.16278	0.07216	0.17697	0.18587	0.19931
V448	0.09218	0.02784	0.66211	0.01449	0.16448	0.0389
V449	0.37673	0.0447	0.09083	0.24336	0.13902	0.10536
V450	0.12668	0.02213	0.54182	0.01858	0.24399	0.0468
V451	0.13075	0.03972	0.15999	0.14838	0.47397	0.04718
V452	0.16136	0.02509	0.08353	0.35611	0.19196	0.18194
V453	0.26145	0.02126	0.41997	0.10673	0.12907	0.06151
V454	0.18554	0.05075	0.12653	0.42906	0.1534	0.05472
V455	0.18235	0.45281	0.10614	0.05476	0.14848	0.05544
V456	0.50596	0.03532	0.12698	0.04013	0.16363	0.12797
V457	0.22072	0.02768	0.08835	0.04211	0.30932	0.31181
V458	0.11105	0.01417	0.35116	0.03467	0.40113	0.08783
V459	0.08906	0.02274	0.46016	0.26115	0.13164	0.03525
V460	0.28472	0.06222	0.24323	0.12703	0.15749	0.12531
V461	0.2288	0.04152	0.06884	0.34792	0.23783	0.0751
V462	0.08358	0.01453	0.69544	0.02632	0.12512	0.05501
V463	0.06467	0.03064	0.0564	0.08086	0.72924	0.03818
V464	0.17067	0.45967	0.0887	0.05597	0.17666	0.04833
V465	0.28593	0.08412	0.36937	0.02156	0.15562	0.0834
V466	0.12172	0.02038	0.05371	0.54353	0.2089	0.05176
V467	0.56515	0.03954	0.11509	0.0346	0.1311	0.11451
V468	0.26635	0.0841	0.12799	0.21331	0.24382	0.06443
V469	0.10439	0.09845	0.51248	0.08702	0.13063	0.06702
V470	0.39082	0.0348	0.11258	0.09112	0.28076	0.08991
V471	0.12409	0.15083	0.42147	0.06875	0.15878	0.07609
V472	0.14528	0.31422	0.06683	0.06463	0.34485	0.06419
V473	0.1618	0.50687	0.09307	0.03993	0.15161	0.04672
V474	0.11344	0.00946	0.30583	0.38371	0.14617	0.04138
V475	0.12045	0.10909	0.24047	0.16194	0.31535	0.05269
V476	0.34284	0.03778	0.08655	0.18404	0.17528	0.17351
V477	0.16919	0.35341	0.11523	0.10192	0.1637	0.09655
V478	0.0911	0.02098	0.66625	0.02656	0.12552	0.0696
V479	0.11697	0.10042	0.56123	0.02266	0.15231	0.04641
V480	0.09924	0.16036	0.0534	0.26168	0.38613	0.03918
V481	0.29468	0.08156	0.14979	0.089	0.30044	0.08453
V482	0.40668	0.03121	0.11438	0.04003	0.14192	0.26577
V483	0.15291	0.48198	0.12673	0.04358	0.14931	0.04549
V484	0.50448	0.03587	0.15157	0.03221	0.16839	0.10748
V485	0.22745	0.09903	0.39361	0.07664	0.13029	0.07298
V486	0.1983	0.01876	0.53177	0.04403	0.11925	0.08789
V487	0.10688	0.2286	0.06174	0.04859	0.50846	0.04573
V488	0.25328	0.37709	0.09736	0.06617	0.14439	0.06171
V489	0.48398	0.04813	0.1559	0.03907	0.16857	0.10435
V490	0.25871	0.04991	0.09116	0.07728	0.17101	0.35193
V491	0.13929	0.18635	0.29522	0.02803	0.29307	0.05803
V492	0.19468	0.03883	0.22829	0.09435	0.20322	0.24063
V493	0.49185	0.1153	0.10186	0.05485	0.13426	0.10187
V494	0.18833	0.04003	0.32065	0.04348	0.13479	0.27272
V495	0.23079	0.32229	0.20509	0.04283	0.1435	0.05551
V496	0.20468	0.09919	0.26536	0.02719	0.27981	0.12377
V497	0.0958	0.13877	0.16432	0.06416	0.49557	0.04138
V498	0.1319	0.07663	0.28789	0.26547	0.18155	0.05655
V499	0.15087	0.38288	0.17667	0.08092	0.15456	0.0541
V500	0.33016	0.13912	0.12416	0.07426	0.23852	0.09379
V501	0.17418	0.46929	0.08587	0.05563	0.1557	0.05933
V502	0.07478	0.01638	0.04822	0.23388	0.58298	0.04375
V503	0.16012	0.20614	0.07852	0.35524	0.15667	0.04332
V504	0.16678	0.4703	0.1171	0.03835	0.1599	0.04757
V505	0.08772	0.00947	0.38104	0.30143	0.16173	0.05862
V506	0.2943	0.02892	0.10652	0.14954	0.19248	0.22823
V507	0.25966	0.02289	0.1002	0.03364	0.16793	0.41567
V508	0.14284	0.33979	0.10155	0.09843	0.26928	0.0481
V509	0.09679	0.01283	0.04529	0.57135	0.23737	0.03637
V510	0.55576	0.03872	0.10717	0.03527	0.1502	0.11287
V511	0.22905	0.02448	0.07809	0.21591	0.15697	0.2955
V512	0.13687	0.15147	0.45856	0.0386	0.14292	0.07158
V513	0.0776	0.02489	0.21013	0.07913	0.56685	0.04141
V514	0.16714	0.44685	0.12703	0.03542	0.14715	0.07642
V515	0.14779	0.23709	0.06293	0.34073	0.15224	0.05922
V516	0.08263	0.04663	0.60331	0.02328	0.20075	0.04341
V517	0.07175	0.01046	0.32268	0.19875	0.35779	0.03858
V518	0.2749	0.24385	0.10322	0.1121	0.17308	0.09285
V519	0.2023	0.32966	0.08547	0.09711	0.1531	0.13235
V520	0.42811	0.08734	0.11054	0.11599	0.13486	0.12316
V521	0.11645	0.0147	0.05533	0.05936	0.69559	0.05857
V522	0.29308	0.13895	0.09119	0.05561	0.28397	0.1372
V523	0.30462	0.13213	0.12508	0.14211	0.14581	0.15025
V524	0.11011	0.01238	0.09999	0.16632	0.51293	0.09827
V525	0.35867	0.02896	0.13057	0.04553	0.14135	0.29491
V526	0.14314	0.42217	0.14225	0.04197	0.20657	0.0439
V527	0.27001	0.02989	0.45468	0.02563	0.15273	0.06707
V528	0.51184	0.03591	0.18	0.03776	0.13259	0.1019
V529	0.12891	0.05715	0.06077	0.53357	0.17415	0.04545
V530	0.14757	0.15673	0.28727	0.11545	0.18529	0.10769
V531	0.55978	0.04532	0.1079	0.0417	0.1319	0.11339
V532	0.13971	0.01039	0.09303	0.47196	0.236	0.04889
V533	0.15631	0.01624	0.25997	0.05061	0.34693	0.16994
V534	0.12427	0.00968	0.05366	0.46056	0.22239	0.12944
V535	0.35738	0.05255	0.22613	0.1337	0.13642	0.09382
V536	0.08865	0.0114	0.56155	0.15324	0.12522	0.05994
V537	0.14117	0.35782	0.07218	0.21578	0.15798	0.05507
V538	0.18218	0.0137	0.07435	0.32493	0.15397	0.25088
V539	0.09011	0.0072	0.05125	0.5445	0.26175	0.04518
V540	0.25282	0.02792	0.30377	0.04109	0.28543	0.08898
V541	0.11172	0.16132	0.05285	0.4501	0.17319	0.05081
V542	0.1276	0.33214	0.07945	0.21868	0.19742	0.04471
V543	0.07387	0.01277	0.50191	0.0442	0.32376	0.04348
V544	0.24519	0.04278	0.09931	0.06264	0.17234	0.37773
V545	0.13017	0.36959	0.12042	0.05526	0.27831	0.04625
V546	0.37972	0.06386	0.08408	0.22772	0.15776	0.08687
V547	0.11792	0.06674	0.04653	0.33261	0.35833	0.07788
V548	0.25964	0.03646	0.10029	0.03342	0.16051	0.40969
V549	0.15344	0.01553	0.49775	0.09053	0.14402	0.09874
V550	0.07803	0.01907	0.30227	0.03334	0.52562	0.04167
V551	0.20525	0.05965	0.11543	0.1267	0.21567	0.27729
V552	0.10091	0.03642	0.15565	0.25225	0.39009	0.06468
V553	0.51247	0.03552	0.12541	0.0615	0.15657	0.10853
V554	0.16452	0.4733	0.10169	0.03799	0.15469	0.06781
V555	0.304	0.02157	0.0963	0.23623	0.14415	0.19774
V556	0.11718	0.01708	0.36831	0.30067	0.14794	0.04882
V557	0.17699	0.42939	0.14237	0.04105	0.15036	0.05985
V558	0.32171	0.14467	0.09115	0.12896	0.14173	0.17179
V559	0.06536	0.01097	0.04284	0.16211	0.67762	0.04111
V560	0.4603	0.05267	0.10813	0.0483	0.19992	0.13067
V561	0.0782	0.0277	0.72819	0.01185	0.11691	0.03715
V562	0.35752	0.16985	0.12433	0.0926	0.1429	0.11279
V563	0.25015	0.02165	0.09343	0.09294	0.15311	0.38872
V564	0.19434	0.07275	0.07682	0.04255	0.33888	0.27466
V565	0.25989	0.02313	0.10706	0.03318	0.16074	0.416
V566	0.23394	0.08812	0.10649	0.07524	0.1748	0.32142
V567	0.27897	0.19627	0.0792	0.20481	0.16254	0.07821
V568	0.095	0.01344	0.05864	0.07402	0.71618	0.04273
V569	0.48157	0.06036	0.10053	0.06188	0.14143	0.15422
V570	0.44383	0.11916	0.11947	0.08065	0.13983	0.09706
V571	0.10057	0.15981	0.52141	0.03083	0.14756	0.03983
V572	0.08767	0.02033	0.63365	0.0299	0.18703	0.04142
V573	0.20792	0.43737	0.09269	0.03856	0.16421	0.05925
V574	0.17296	0.0179	0.35503	0.05879	0.16099	0.23433
V575	0.15125	0.37699	0.12343	0.1247	0.15833	0.06529
V576	0.26093	0.09271	0.07936	0.03893	0.46134	0.06673
V577	0.27106	0.05497	0.07315	0.0874	0.42129	0.09213
V578	0.10232	0.01404	0.05874	0.04396	0.65633	0.12461
V579	0.09758	0.02987	0.17365	0.23025	0.42699	0.04166
V580	0.14855	0.02515	0.11256	0.32391	0.31243	0.0774
V581	0.42923	0.05701	0.14558	0.09505	0.18453	0.08861
V582	0.42541	0.03552	0.09757	0.18821	0.1428	0.11049
V583	0.14784	0.05027	0.29205	0.02621	0.29499	0.18865
V584	0.14518	0.02492	0.05936	0.29911	0.33084	0.14059
V585	0.14917	0.28228	0.23615	0.09306	0.1504	0.08894
V586	0.20508	0.42663	0.11792	0.04262	0.15135	0.0564
V587	0.2132	0.02174	0.26338	0.29716	0.14198	0.06254
V588	0.0949	0.01213	0.0684	0.61923	0.16999	0.03535
V589	0.15774	0.19062	0.26815	0.08716	0.14184	0.1545
V590	0.17451	0.04518	0.34228	0.08098	0.14042	0.21663
V591	0.47211	0.03233	0.11672	0.14503	0.13891	0.09491
V592	0.13065	0.21211	0.11855	0.31715	0.17899	0.04254
V593	0.0867	0.01104	0.04334	0.65825	0.16637	0.03429
V594	0.1491	0.01038	0.06839	0.48151	0.16127	0.12934
V595	0.14339	0.18511	0.0986	0.13029	0.30798	0.13463
V596	0.0925	0.15824	0.06093	0.10166	0.5486	0.03807
V597	0.29847	0.02404	0.08733	0.04606	0.47376	0.07034
V598	0.53625	0.06357	0.10638	0.03508	0.13929	0.11942
V599	0.20708	0.02454	0.07704	0.15887	0.22754	0.30493
V600	0.3348	0.09726	0.08887	0.07583	0.19435	0.2089
V601	0.16759	0.10962	0.09955	0.30472	0.14929	0.16924
V602	0.10245	0.02691	0.13228	0.04585	0.57501	0.11749
V603	0.19544	0.25402	0.10936	0.07858	0.16916	0.19343
V604	0.11698	0.28906	0.06139	0.04822	0.44058	0.04376
V605	0.09977	0.03305	0.06673	0.04522	0.6996	0.05563
V606	0.35492	0.04729	0.2605	0.07547	0.12803	0.13378
V607	0.21353	0.04807	0.08218	0.04968	0.28866	0.31788
V608	0.18086	0.3741	0.08392	0.09023	0.16489	0.106
V609	0.09496	0.0178	0.53876	0.18138	0.12671	0.04038
V610	0.11601	0.09784	0.39116	0.15601	0.16304	0.07594
V611	0.15234	0.48573	0.09412	0.06097	0.16175	0.04509
V612	0.09668	0.12901	0.04813	0.53403	0.15837	0.03378
V613	0.40536	0.1266	0.10578	0.03265	0.13929	0.19033
V614	0.13313	0.0967	0.43868	0.02568	0.1785	0.1273
V615	0.07531	0.05052	0.09016	0.05119	0.68771	0.04512
V616	0.30458	0.26176	0.08767	0.06712	0.16025	0.11862
V617	0.06799	0.01879	0.04561	0.05625	0.76861	0.04275
V618	0.19602	0.03266	0.51818	0.02284	0.1395	0.09081
V619	0.13484	0.37781	0.18695	0.05715	0.19392	0.04934
V620	0.20852	0.02709	0.28354	0.03784	0.13749	0.30551
V621	0.08812	0.0062	0.09409	0.58226	0.18543	0.0439
V622	0.34423	0.12684	0.09325	0.03634	0.31697	0.08237
V623	0.21198	0.4163	0.09262	0.03731	0.15724	0.08454
V624	0.13771	0.35571	0.06546	0.23936	0.15284	0.04893
V625	0.12221	0.09244	0.19448	0.36753	0.1628	0.06054
V626	0.11254	0.03826	0.06296	0.1874	0.47141	0.12743
V627	0.38661	0.02531	0.07612	0.28428	0.13978	0.0879
V628	0.16803	0.05702	0.29602	0.09789	0.2095	0.17154
V629	0.11862	0.27458	0.05576	0.34964	0.16083	0.04058
V630	0.4046	0.03609	0.11338	0.07578	0.16465	0.2055
V631	0.21262	0.01853	0.12805	0.14267	0.18299	0.31515
V632	0.09293	0.02919	0.14615	0.2791	0.40236	0.05028
V633	0.0946	0.13052	0.59857	0.02094	0.11912	0.03625
V634	0.45507	0.03722	0.1008	0.17989	0.1348	0.09221
V635	0.08792	0.03881	0.22509	0.46245	0.1486	0.03712
V636	0.14591	0.37323	0.07074	0.0918	0.24621	0.07211
V637	0.23057	0.06246	0.09643	0.03366	0.2258	0.35107
V638	0.10575	0.07628	0.08479	0.4296	0.26055	0.04303
V639	0.23675	0.06052	0.12364	0.06384	0.40874	0.10651
V640	0.12838	0.10771	0.40311	0.03459	0.22125	0.10496
V641	0.07949	0.06481	0.42003	0.04635	0.34996	0.03936
V642	0.22905	0.0458	0.28917	0.15441	0.13298	0.14858
V643	0.50216	0.04069	0.09744	0.10352	0.14652	0.10967
V644	0.47401	0.03881	0.0959	0.11123	0.14164	0.13842
V645	0.44315	0.04414	0.10783	0.10364	0.1355	0.16575
V646	0.07966	0.0194	0.38096	0.02895	0.44951	0.04153
V647	0.21818	0.02297	0.09467	0.27343	0.1685	0.22225
V648	0.19667	0.22462	0.17728	0.07593	0.15762	0.16788
V649	0.15669	0.01622	0.06884	0.54027	0.16773	0.05026
V650	0.2128	0.14086	0.21503	0.03843	0.33549	0.05738
V651	0.18994	0.22975	0.12914	0.05993	0.25067	0.14058
V652	0.10413	0.00773	0.12794	0.54147	0.17566	0.04308
V653	0.17779	0.28365	0.09936	0.05982	0.21857	0.16081
V654	0.5003	0.04182	0.15825	0.03891	0.15416	0.10656
V655	0.24029	0.01972	0.09228	0.08696	0.35325	0.20749
V656	0.14158	0.06835	0.48945	0.05453	0.19582	0.05028
V657	0.30282	0.02933	0.07302	0.12174	0.3304	0.1427
V658	0.08909	0.05587	0.16413	0.50433	0.15291	0.03367
V659	0.15993	0.48812	0.09158	0.04468	0.15682	0.05887
V660	0.51001	0.04273	0.10469	0.04798	0.13458	0.16001
V661	0.18359	0.01666	0.18808	0.13435	0.24254	0.23477
V662	0.46618	0.03827	0.10648	0.12487	0.14045	0.12375
V663	0.10994	0.11983	0.06196	0.07629	0.58733	0.04465
V664	0.16003	0.05778	0.56929	0.0146	0.13732	0.06098
V665	0.06703	0.01257	0.04543	0.05647	0.77559	0.04291
V666	0.30688	0.21651	0.08783	0.11939	0.16657	0.10282
V667	0.24045	0.02177	0.11973	0.06954	0.16485	0.38365
V668	0.49477	0.12149	0.10947	0.04123	0.13373	0.09931
V669	0.22034	0.08913	0.07301	0.23937	0.15592	0.22223
V670	0.15564	0.23518	0.07969	0.26282	0.16267	0.104
V671	0.25017	0.01574	0.06122	0.465	0.14937	0.05849
V672	0.14569	0.33943	0.06481	0.25248	0.15304	0.04455
V673	0.20306	0.1143	0.23396	0.03198	0.13886	0.27784
V674	0.47634	0.03419	0.09895	0.03583	0.25762	0.09708
V675	0.24705	0.10908	0.10592	0.03225	0.16816	0.33754
V676	0.093	0.00631	0.10647	0.59296	0.16597	0.03529
V677	0.22541	0.25349	0.19537	0.02774	0.137	0.161
V678	0.18872	0.07133	0.10357	0.04335	0.43614	0.15689
V679	0.23435	0.08858	0.12516	0.05243	0.1547	0.34479
V680	0.08472	0.01313	0.32255	0.03097	0.48287	0.06576
V681	0.17648	0.43007	0.10639	0.04166	0.1477	0.09769
V682	0.17267	0.34786	0.07828	0.04839	0.21848	0.13432
V683	0.08719	0.01328	0.05454	0.04566	0.71491	0.08443
V684	0.18598	0.42764	0.08133	0.09481	0.15481	0.05542
V685	0.12935	0.36511	0.25334	0.02962	0.17918	0.0434
V686	0.24864	0.02877	0.38301	0.0273	0.13892	0.17337
V687	0.16415	0.17251	0.26287	0.10117	0.13662	0.16268
V688	0.32835	0.02577	0.08522	0.04368	0.3574	0.15958
V689	0.12763	0.0273	0.52813	0.10382	0.14375	0.06937
V690	0.12383	0.02128	0.07938	0.06242	0.58913	0.12396
V691	0.16077	0.29534	0.20456	0.08774	0.17073	0.08085
V692	0.36166	0.02393	0.07314	0.26493	0.19274	0.0836
V693	0.48245	0.10967	0.11408	0.04734	0.13375	0.11271
V694	0.47782	0.10873	0.10595	0.06787	0.13391	0.10571
V695	0.49263	0.03503	0.09747	0.04925	0.19907	0.12655
V696	0.15708	0.30482	0.10191	0.08134	0.30125	0.05361
V697	0.11791	0.02824	0.59412	0.05109	0.14658	0.06206
V698	0.1584	0.50331	0.08703	0.0453	0.15749	0.04848
V699	0.20144	0.03253	0.45713	0.04794	0.17647	0.08449
V700	0.15161	0.02273	0.05253	0.05175	0.66154	0.05984
V701	0.53026	0.03774	0.11332	0.03387	0.1337	0.1511
V702	0.22177	0.03174	0.1286	0.15572	0.15414	0.30803
V703	0.22043	0.31046	0.08808	0.03808	0.28164	0.06131
V704	0.30768	0.19976	0.22492	0.02757	0.1439	0.09616
V705	0.10405	0.08315	0.24521	0.15659	0.36295	0.04805
V706	0.17488	0.08026	0.30405	0.02374	0.21658	0.20049
V707	0.40915	0.04524	0.10141	0.03332	0.14949	0.26139
V708	0.11562	0.2575	0.41782	0.03412	0.13347	0.04147
V709	0.08363	0.00585	0.03806	0.6052	0.2324	0.03485
V710	0.31066	0.06395	0.16125	0.07476	0.2817	0.10768
V711	0.12129	0.15402	0.34689	0.16039	0.13907	0.07833
V712	0.09546	0.18896	0.06431	0.0495	0.5578	0.04398
V713	0.26553	0.32081	0.10891	0.06019	0.16011	0.08444
V714	0.12681	0.30703	0.35737	0.03033	0.13807	0.0404
V715	0.09637	0.0284	0.70057	0.01151	0.1168	0.04634
V716	0.17466	0.03364	0.06735	0.25853	0.28485	0.18098
V717	0.0863	0.01968	0.06583	0.04582	0.72132	0.06106
V718	0.10428	0.25937	0.06312	0.04249	0.49109	0.03965
V719	0.15846	0.46538	0.10466	0.0436	0.17108	0.05682
V720	0.2272	0.01655	0.23046	0.25909	0.16216	0.10455
V721	0.17022	0.19377	0.23242	0.02666	0.20306	0.17388
V722	0.0656	0.01266	0.0576	0.04913	0.77537	0.03963
V723	0.14423	0.39855	0.10758	0.04886	0.2425	0.05828
V724	0.14101	0.20752	0.32203	0.09917	0.18859	0.04168
V725	0.11008	0.05133	0.10011	0.13716	0.5142	0.08712
V726	0.09022	0.02646	0.43798	0.04564	0.33411	0.0656
V727	0.21679	0.01877	0.15708	0.14121	0.15271	0.31345
V728	0.09463	0.01198	0.03905	0.63493	0.16546	0.05396
V729	0.22481	0.30562	0.09402	0.06218	0.24583	0.06753
V730	0.17741	0.01354	0.12754	0.32986	0.15561	0.19604
V731	0.18302	0.05198	0.37881	0.02237	0.25681	0.10701
V732	0.16147	0.27278	0.08529	0.06975	0.31304	0.09768
V733	0.20833	0.01716	0.26084	0.17343	0.17624	0.16399
V734	0.22525	0.02152	0.26446	0.02466	0.15146	0.31265
V735	0.10446	0.06136	0.05355	0.55282	0.16401	0.06381
V736	0.17697	0.33165	0.12037	0.06359	0.15645	0.15096
V737	0.06095	0.01243	0.05098	0.05641	0.78015	0.03908
V738	0.27315	0.05141	0.12307	0.29862	0.1546	0.09914
V739	0.19012	0.21171	0.18736	0.05851	0.2766	0.0757
V740	0.1126	0.17833	0.32362	0.0612	0.27356	0.0507
V741	0.30974	0.11935	0.18533	0.09243	0.22336	0.06979
V742	0.24438	0.02327	0.08315	0.33683	0.23087	0.08151
V743	0.09653	0.08027	0.23362	0.26584	0.2781	0.04564
V744	0.31713	0.08896	0.09765	0.14545	0.14229	0.20852
V745	0.13816	0.32578	0.07159	0.07082	0.34816	0.0455
V746	0.51285	0.04924	0.1084	0.05504	0.14588	0.12858
V747	0.18653	0.02424	0.14188	0.06604	0.51761	0.0637
V748	0.19023	0.05376	0.24397	0.04863	0.22314	0.24026
V749	0.33903	0.03136	0.08672	0.14914	0.21586	0.17788
V750	0.09185	0.05938	0.03912	0.60612	0.16929	0.03425
V751	0.08984	0.01192	0.06208	0.61226	0.18876	0.03513
V752	0.19009	0.02398	0.08034	0.09667	0.54445	0.06447
V753	0.18408	0.01631	0.09317	0.10937	0.38465	0.21243
V754	0.16196	0.28271	0.15726	0.08271	0.17878	0.13658
V755	0.2697	0.04912	0.08083	0.05879	0.42985	0.11171
V756	0.24481	0.02922	0.10106	0.04114	0.19383	0.38995
V757	0.19297	0.29018	0.08627	0.05332	0.18922	0.18805
V758	0.27482	0.38063	0.09092	0.04331	0.1446	0.06573
V759	0.15354	0.02777	0.09059	0.14492	0.49552	0.08768
V760	0.2555	0.02268	0.10455	0.05538	0.15384	0.40805
V761	0.067	0.01846	0.32038	0.04686	0.51052	0.03678
V762	0.1217	0.0151	0.60765	0.04285	0.13908	0.07362
V763	0.10184	0.1028	0.05998	0.50664	0.18143	0.04732
