CD19B	CD56NK	CD4MemoryT	CD14
V1	0.42273	0.07812	0.17812	0.32103
V2	0.14968	0.14699	0.10367	0.59966
V3	0.06842	0.53005	0.07103	0.3305
V4	0.6763	0.15843	0.03972	0.12556
V5	0.11145	0.43478	0.22941	0.22436
V6	0.07362	0.72858	0.07644	0.12136
V7	0.13687	0.34477	0.12015	0.39821
V8	0.14221	0.10477	0.61554	0.13748
V9	0.19912	0.2558	0.08956	0.45553
V10	0.06076	0.11212	0.67507	0.15206
V11	0.18079	0.35839	0.35269	0.10813
V12	0.04856	0.52353	0.31282	0.11509
V13	0.21159	0.61012	0.05878	0.11951
V14	0.06639	0.76186	0.06527	0.10648
V15	0.11439	0.51823	0.14428	0.22311
V16	0.70901	0.09547	0.05975	0.13576
V17	0.0812	0.72813	0.06975	0.12091
V18	0.43086	0.35115	0.08175	0.13625
V19	0.13393	0.69178	0.06208	0.11221
V20	0.14658	0.41679	0.07509	0.36154
V21	0.14139	0.13423	0.5885	0.13588
V22	0.06792	0.15586	0.20212	0.57411
V23	0.31463	0.11465	0.45606	0.11466
V24	0.74882	0.07948	0.06428	0.10743
V25	0.26611	0.2628	0.14753	0.32355
V26	0.29612	0.37357	0.06809	0.26221
V27	0.12229	0.11767	0.08555	0.67449
V28	0.04881	0.12109	0.72019	0.10991
V29	0.35454	0.10235	0.40805	0.13505
V30	0.11334	0.24844	0.24379	0.39444
V31	0.17908	0.23453	0.25522	0.33117
V32	0.11051	0.09928	0.09351	0.6967
V33	0.06524	0.45417	0.29853	0.18206
V34	0.14125	0.11965	0.6021	0.137
V35	0.1381	0.61681	0.11798	0.1271
V36	0.05858	0.11992	0.37652	0.44499
V37	0.41005	0.13225	0.12386	0.33385
V38	0.33532	0.0761	0.18066	0.40792
V39	0.14418	0.4984	0.1494	0.20803
V40	0.09087	0.69566	0.1143	0.09918
V41	0.03363	0.56831	0.09697	0.30109
V42	0.20165	0.10573	0.20435	0.48827
V43	0.13004	0.34643	0.393	0.13053
V44	0.05958	0.15188	0.54957	0.23897
V45	0.10031	0.51714	0.21009	0.17246
V46	0.62239	0.1272	0.13939	0.11102
V47	0.34703	0.2315	0.27428	0.14718
V48	0.62236	0.20769	0.04608	0.12387
V49	0.55868	0.22479	0.0401	0.17643
V50	0.06869	0.70315	0.12232	0.10584
V51	0.24711	0.38962	0.23377	0.1295
V52	0.0643	0.17658	0.62339	0.13573
V53	0.56657	0.17005	0.16015	0.10323
V54	0.33114	0.23479	0.30974	0.12434
V55	0.18917	0.18429	0.2227	0.40384
V56	0.09058	0.09359	0.12892	0.68691
V57	0.08845	0.7222	0.07576	0.11359
V58	0.4855	0.07144	0.0872	0.35586
V59	0.32766	0.3974	0.13087	0.14407
V60	0.13782	0.20529	0.27553	0.38136
V61	0.61661	0.15132	0.05385	0.17823
V62	0.68962	0.09109	0.09932	0.11997
V63	0.03307	0.69801	0.14796	0.12096
V64	0.02765	0.70598	0.06077	0.20559
V65	0.07187	0.08939	0.13659	0.70214
V66	0.17451	0.59629	0.07265	0.15655
V67	0.14534	0.33741	0.40208	0.11517
V68	0.15419	0.18691	0.08509	0.57381
V69	0.05749	0.32682	0.46904	0.14666
V70	0.40985	0.19982	0.18446	0.20588
V71	0.1627	0.14409	0.30978	0.38343
V72	0.43169	0.20205	0.12174	0.24452
V73	0.13607	0.53548	0.15669	0.17176
V74	0.08316	0.26084	0.55181	0.1042
V75	0.55011	0.06701	0.19543	0.18744
V76	0.05079	0.21412	0.18853	0.54656
V77	0.07353	0.28968	0.07504	0.56176
V78	0.24881	0.17181	0.18874	0.39064
V79	0.05074	0.16849	0.60014	0.18064
V80	0.29385	0.09795	0.42875	0.17945
V81	0.08606	0.21499	0.58683	0.11212
V82	0.04733	0.14223	0.69463	0.11581
V83	0.13885	0.2138	0.11829	0.52906
V84	0.31127	0.11368	0.17498	0.40007
V85	0.11604	0.32583	0.32365	0.23448
V86	0.08273	0.13127	0.64193	0.14406
V87	0.04594	0.69278	0.10339	0.15789
V88	0.16452	0.13364	0.24232	0.45951
V89	0.07334	0.09896	0.20314	0.62456
V90	0.0386	0.74226	0.10419	0.11495
V91	0.04983	0.6294	0.19173	0.12904
V92	0.36347	0.09737	0.32437	0.21478
V93	0.69265	0.07075	0.04159	0.195
V94	0.05041	0.40485	0.08244	0.46231
V95	0.20769	0.40679	0.1686	0.21692
V96	0.10501	0.15448	0.0902	0.65032
V97	0.52993	0.15846	0.20211	0.10949
V98	0.53058	0.31318	0.04234	0.1139
V99	0.62414	0.10422	0.1592	0.11243
V100	0.10392	0.11756	0.64908	0.12943
V101	0.07543	0.10169	0.08139	0.74149
V102	0.73213	0.10192	0.04618	0.11977
V103	0.06914	0.11654	0.1342	0.68012
V104	0.03713	0.78842	0.06702	0.10743
V105	0.05809	0.76316	0.07195	0.10681
V106	0.11538	0.46928	0.27897	0.13638
V107	0.17277	0.24382	0.43599	0.14741
V108	0.12961	0.64552	0.12611	0.09875
V109	0.05697	0.21693	0.44572	0.28038
V110	0.05935	0.72916	0.08975	0.12175
V111	0.72843	0.05837	0.09879	0.11441
V112	0.14177	0.13978	0.34282	0.37563
V113	0.17552	0.16597	0.18579	0.47273
V114	0.21562	0.11553	0.12284	0.54601
V115	0.02942	0.64452	0.21939	0.10667
V116	0.1383	0.32391	0.30321	0.23458
V117	0.51212	0.27763	0.07248	0.13778
V118	0.1429	0.50608	0.08446	0.26656
V119	0.13198	0.13996	0.1055	0.62256
V120	0.10188	0.14676	0.63027	0.12109
V121	0.44713	0.17986	0.12092	0.25209
V122	0.76539	0.06319	0.04995	0.12147
V123	0.04018	0.45222	0.10036	0.40724
V124	0.50102	0.30589	0.04217	0.15091
V125	0.2982	0.40027	0.18026	0.12127
V126	0.08073	0.19138	0.10701	0.62087
V127	0.16466	0.1239	0.23765	0.4738
V128	0.08128	0.09496	0.14726	0.6765
V129	0.43766	0.26161	0.16994	0.1308
V130	0.03172	0.57431	0.28707	0.1069
V131	0.03737	0.73696	0.06019	0.16549
V132	0.74278	0.06395	0.06454	0.12874
V133	0.71959	0.07389	0.08592	0.1206
V134	0.1143	0.37102	0.15221	0.36247
V135	0.11288	0.10182	0.18992	0.59537
V136	0.19911	0.378	0.06743	0.35546
V137	0.50217	0.10422	0.22998	0.16363
V138	0.17838	0.38459	0.18218	0.25485
V139	0.27508	0.24429	0.19299	0.28764
V140	0.079	0.15054	0.10841	0.66205
V141	0.0917	0.21505	0.41222	0.28102
V142	0.62673	0.06719	0.19977	0.10632
V143	0.32429	0.28168	0.10734	0.28669
V144	0.16034	0.20283	0.17918	0.45765
V145	0.02305	0.65136	0.21897	0.10662
V146	0.09781	0.09441	0.09551	0.71227
V147	0.7186	0.08066	0.05797	0.14277
V148	0.14012	0.15049	0.4418	0.26759
V149	0.2129	0.47288	0.20808	0.10615
V150	0.1043	0.27914	0.44842	0.16815
V151	0.16976	0.54651	0.08262	0.20111
V152	0.1918	0.41898	0.20737	0.18185
V153	0.10027	0.63204	0.07432	0.19337
V154	0.20127	0.42938	0.24142	0.12793
V155	0.36481	0.19692	0.25411	0.18416
V156	0.07204	0.20447	0.51682	0.20667
V157	0.24817	0.21049	0.26783	0.27351
V158	0.0754	0.09045	0.09149	0.74266
V159	0.69363	0.11794	0.03942	0.14902
V160	0.52681	0.06975	0.10493	0.29851
V161	0.19663	0.08579	0.09258	0.625
V162	0.08918	0.30537	0.12481	0.48064
V163	0.10281	0.44453	0.17784	0.27483
V164	0.26345	0.31728	0.13396	0.28531
V165	0.05768	0.27435	0.0713	0.59667
V166	0.06494	0.15888	0.12056	0.65563
V167	0.28536	0.07454	0.06841	0.57169
V168	0.22559	0.51184	0.11441	0.14816
V169	0.17851	0.12331	0.09756	0.60062
V170	0.12734	0.11127	0.40555	0.35585
V171	0.134	0.27661	0.45007	0.13932
V172	0.5654	0.07067	0.24952	0.11441
V173	0.07468	0.19101	0.10259	0.63172
V174	0.06628	0.20786	0.12394	0.60192
V175	0.09876	0.10234	0.58921	0.20968
V176	0.02717	0.68547	0.18045	0.10691
V177	0.02274	0.80001	0.06279	0.11445
V178	0.02966	0.63922	0.06693	0.26419
V179	0.16595	0.09766	0.31661	0.41977
V180	0.0396	0.74308	0.11744	0.09988
V181	0.15946	0.19553	0.41481	0.2302
V182	0.24936	0.23138	0.36606	0.1532
V183	0.14849	0.68419	0.06198	0.10534
V184	0.79091	0.05612	0.04469	0.10828
V185	0.43447	0.40304	0.05609	0.1064
V186	0.11821	0.44317	0.23603	0.20259
V187	0.75823	0.0644	0.06319	0.11419
V188	0.09086	0.2523	0.0693	0.58754
V189	0.62564	0.0815	0.06044	0.23242
V190	0.51863	0.08174	0.28572	0.11391
V191	0.17205	0.25155	0.43643	0.13998
V192	0.23557	0.43155	0.09363	0.23925
V193	0.46369	0.1044	0.2238	0.20811
V194	0.044	0.76716	0.06711	0.12173
V195	0.05429	0.12056	0.70916	0.11599
V196	0.0711	0.13491	0.08435	0.70963
V197	0.32234	0.11607	0.08206	0.47953
V198	0.08023	0.46308	0.30536	0.15133
V199	0.16559	0.10631	0.18752	0.54058
V200	0.12038	0.49454	0.07445	0.31063
V201	0.10135	0.4933	0.18926	0.21609
V202	0.06273	0.11066	0.57964	0.24696
V203	0.14826	0.41185	0.31761	0.12228
V204	0.03923	0.46953	0.07145	0.41978
V205	0.05962	0.14156	0.67614	0.12268
V206	0.08128	0.16888	0.63608	0.11376
V207	0.13771	0.22717	0.10635	0.52877
V208	0.22362	0.14441	0.51214	0.11983
V209	0.2354	0.4321	0.10853	0.22397
V210	0.08454	0.64563	0.12757	0.14226
V211	0.33138	0.0864	0.08752	0.4947
V212	0.40236	0.11541	0.3566	0.12564
V213	0.48349	0.09428	0.13794	0.28429
V214	0.26187	0.20953	0.17482	0.35378
V215	0.2405	0.15664	0.07744	0.52542
V216	0.08758	0.08875	0.09095	0.73272
V217	0.06651	0.44829	0.21704	0.26816
V218	0.10437	0.4128	0.17793	0.3049
V219	0.10302	0.54827	0.06862	0.28009
V220	0.02815	0.68493	0.06585	0.22107
V221	0.62502	0.06252	0.05036	0.2621
V222	0.25721	0.19646	0.30189	0.24444
V223	0.04835	0.20716	0.5736	0.17089
V224	0.78002	0.05578	0.05644	0.10775
V225	0.0599	0.72983	0.10445	0.10582
V226	0.26064	0.15812	0.46199	0.11926
V227	0.61906	0.06636	0.1936	0.12098
V228	0.5898	0.12427	0.10033	0.18561
V229	0.0606	0.12002	0.68865	0.13073
V230	0.07449	0.10221	0.09173	0.73157
V231	0.05824	0.29117	0.14506	0.50554
V232	0.06086	0.55675	0.06006	0.32232
V233	0.42837	0.15138	0.19784	0.22241
V234	0.04464	0.75544	0.08463	0.11529
V235	0.30639	0.13691	0.42196	0.13473
V236	0.08228	0.1518	0.5942	0.17172
V237	0.16176	0.08737	0.09718	0.65368
V238	0.12415	0.4974	0.23577	0.14269
V239	0.08634	0.3761	0.08006	0.4575
V240	0.38622	0.11444	0.35074	0.14859
V241	0.06151	0.11059	0.66133	0.16657
V242	0.11482	0.64682	0.12678	0.11158
V243	0.21748	0.12695	0.48434	0.17123
V244	0.19596	0.09853	0.52549	0.18001
V245	0.44891	0.31118	0.08903	0.15088
V246	0.08465	0.21407	0.57353	0.12774
V247	0.16416	0.11244	0.6167	0.1067
V248	0.07812	0.10753	0.10684	0.70751
V249	0.04672	0.13266	0.65491	0.16571
V250	0.60466	0.06812	0.2133	0.11391
V251	0.74773	0.09398	0.04509	0.1132
V252	0.02646	0.70575	0.16822	0.09957
V253	0.2869	0.14061	0.17381	0.39868
V254	0.02337	0.77015	0.09983	0.10665
V255	0.05163	0.75338	0.05935	0.13564
V256	0.16452	0.25828	0.39978	0.17742
V257	0.32524	0.165	0.21966	0.29011
V258	0.16287	0.29488	0.33751	0.20473
V259	0.06387	0.31882	0.477	0.14031
V260	0.03868	0.31394	0.53722	0.11016
V261	0.46999	0.10036	0.19795	0.2317
V262	0.12181	0.12417	0.08537	0.66864
V263	0.0307	0.78589	0.06231	0.1211
V264	0.16431	0.12183	0.34404	0.36983
V265	0.08287	0.089	0.16372	0.66441
V266	0.49766	0.35284	0.04904	0.10045
V267	0.04776	0.22738	0.2499	0.47495
V268	0.30329	0.09852	0.16319	0.435
V269	0.03347	0.502	0.31952	0.14501
V270	0.49457	0.09551	0.2304	0.17953
V271	0.61167	0.12213	0.07308	0.19312
V272	0.06077	0.68215	0.06998	0.18711
V273	0.09709	0.0997	0.10113	0.70208
V274	0.54177	0.06674	0.18951	0.20198
V275	0.04849	0.12061	0.71478	0.11612
V276	0.37532	0.34027	0.05808	0.22634
V277	0.07313	0.24268	0.17582	0.50837
V278	0.08054	0.13668	0.25761	0.52517
V279	0.52224	0.11871	0.1359	0.22316
V280	0.0754	0.09045	0.09149	0.74266
V281	0.412	0.09965	0.1597	0.32866
V282	0.08883	0.15238	0.60179	0.15701
V283	0.17168	0.50938	0.10359	0.21535
V284	0.03914	0.74974	0.10408	0.10704
V285	0.09729	0.11062	0.68342	0.10866
V286	0.19517	0.4899	0.13455	0.18039
V287	0.08789	0.72179	0.06989	0.12043
V288	0.05189	0.30283	0.33756	0.30772
V289	0.23323	0.2614	0.33754	0.16783
V290	0.64472	0.1991	0.05263	0.10355
V291	0.38466	0.14054	0.35598	0.11882
V292	0.73916	0.06249	0.03997	0.15838
V293	0.25639	0.10495	0.4963	0.14236
V294	0.10132	0.3498	0.06445	0.48444
V295	0.06169	0.2223	0.1944	0.5216
V296	0.16869	0.19002	0.4634	0.17789
V297	0.11077	0.0858	0.12159	0.68184
V298	0.25203	0.17281	0.45611	0.11904
V299	0.09368	0.28355	0.07876	0.54402
V300	0.05953	0.11329	0.22152	0.60566
V301	0.13197	0.18425	0.48335	0.20044
V302	0.49834	0.34455	0.04327	0.11385
V303	0.02629	0.52997	0.31298	0.13076
V304	0.09119	0.11761	0.55141	0.23978
V305	0.12939	0.2181	0.3571	0.2954
V306	0.61937	0.14696	0.08605	0.14762
V307	0.03031	0.78069	0.07416	0.11484
V308	0.19256	0.26488	0.25543	0.28713
V309	0.25405	0.31854	0.07642	0.351
V310	0.09574	0.31856	0.16613	0.41956
V311	0.3925	0.45011	0.05112	0.10627
V312	0.0928	0.62778	0.15854	0.12088
V313	0.06252	0.16279	0.08884	0.68585
V314	0.04576	0.4302	0.14137	0.38267
V315	0.11157	0.53646	0.08561	0.26635
V316	0.24955	0.19689	0.31648	0.23708
V317	0.08647	0.58938	0.09346	0.23068
V318	0.05821	0.48099	0.07402	0.38678
V319	0.0872	0.14611	0.63013	0.13655
V320	0.10146	0.20922	0.48276	0.20656
V321	0.48969	0.36096	0.0489	0.10046
V322	0.16671	0.32131	0.11271	0.39927
V323	0.09523	0.10183	0.13341	0.66953
V324	0.49795	0.28024	0.09989	0.12192
V325	0.23651	0.56197	0.09557	0.10595
V326	0.03053	0.48841	0.12974	0.35131
V327	0.06654	0.19375	0.14276	0.59695
V328	0.08403	0.11745	0.55162	0.2469
V329	0.16204	0.17363	0.17878	0.48555
V330	0.30786	0.08728	0.2909	0.31396
V331	0.27011	0.14783	0.09591	0.48615
V332	0.06514	0.12716	0.19065	0.61704
V333	0.32842	0.14674	0.32462	0.20022
V334	0.28438	0.0912	0.3029	0.32152
V335	0.05634	0.34696	0.39236	0.20434
V336	0.1456	0.59475	0.07317	0.18648
V337	0.22566	0.39102	0.25407	0.12924
V338	0.01589	0.80784	0.06947	0.1068
V339	0.13399	0.10749	0.64261	0.11591
V340	0.08285	0.26893	0.39806	0.25016
V341	0.07693	0.10918	0.11737	0.69651
V342	0.2192	0.0938	0.47108	0.21593
V343	0.77191	0.0695	0.04497	0.11362
V344	0.51872	0.19688	0.18146	0.10294
V345	0.05418	0.12071	0.71525	0.10986
V346	0.19697	0.17806	0.24921	0.37575
V347	0.08786	0.09366	0.1587	0.65978
V348	0.06738	0.55822	0.15877	0.21563
V349	0.27201	0.21892	0.31761	0.19145
V350	0.04095	0.67916	0.17976	0.10013
V351	0.06739	0.1173	0.32325	0.49207
V352	0.08393	0.11555	0.62746	0.17306
V353	0.68001	0.08218	0.07287	0.16494
V354	0.06	0.59207	0.21205	0.13588
V355	0.23037	0.15164	0.36584	0.25215
V356	0.08154	0.10281	0.13946	0.67618
V357	0.11621	0.33467	0.24253	0.30659
V358	0.3984	0.16003	0.0941	0.34747
V359	0.42326	0.11867	0.08084	0.37723
V360	0.4109	0.41259	0.06372	0.11279
V361	0.03145	0.43168	0.42745	0.10942
V362	0.01591	0.80249	0.07483	0.10676
V363	0.16088	0.18537	0.36505	0.2887
V364	0.15558	0.14625	0.51074	0.18742
V365	0.2229	0.09814	0.07747	0.60149
V366	0.08041	0.57629	0.11995	0.22334
V367	0.41883	0.18812	0.05438	0.33868
V368	0.08626	0.61378	0.12039	0.17956
V369	0.04657	0.39389	0.45064	0.1089
V370	0.23717	0.30073	0.33066	0.13143
V371	0.15274	0.61266	0.07822	0.15638
V372	0.15799	0.12931	0.14936	0.56334
V373	0.10097	0.20399	0.36336	0.33167
V374	0.61225	0.07473	0.20664	0.10637
V375	0.08506	0.1179	0.16762	0.62942
V376	0.08096	0.10936	0.13912	0.67056
V377	0.60219	0.05509	0.05882	0.2839
V378	0.06093	0.11769	0.32971	0.49167
V379	0.25757	0.23005	0.0686	0.44379
V380	0.15053	0.14564	0.19814	0.50569
V381	0.5521	0.0778	0.1234	0.2467
V382	0.10302	0.12323	0.65833	0.11542
V383	0.63625	0.06556	0.08849	0.2097
V384	0.4105	0.14096	0.15129	0.29725
V385	0.66026	0.07483	0.10783	0.15708
V386	0.2445	0.09529	0.16524	0.49497
V387	0.43379	0.1988	0.19062	0.17679
V388	0.27757	0.33545	0.16046	0.22652
V389	0.30708	0.47542	0.0609	0.1566
V390	0.23882	0.28678	0.36672	0.10769
V391	0.31221	0.16103	0.07392	0.45285
V392	0.31166	0.25613	0.17417	0.25804
V393	0.22454	0.26754	0.28753	0.2204
V394	0.10809	0.25462	0.14182	0.49547
V395	0.17882	0.37778	0.19511	0.24829
V396	0.02401	0.78725	0.06764	0.1211
V397	0.59045	0.14404	0.12496	0.14055
V398	0.32839	0.18927	0.12696	0.35538
V399	0.15861	0.49172	0.16225	0.18742
V400	0.03074	0.50033	0.11102	0.35791
V401	0.07076	0.22094	0.53801	0.17028
V402	0.61425	0.211	0.07154	0.10321
V403	0.07723	0.10326	0.12253	0.69698
V404	0.10515	0.24732	0.46161	0.18593
V405	0.19293	0.11138	0.18054	0.51514
V406	0.47167	0.27584	0.06265	0.18985
V407	0.01589	0.80784	0.06947	0.1068
V408	0.10515	0.27705	0.31721	0.30059
V409	0.06918	0.09654	0.09238	0.7419
V410	0.08223	0.71494	0.08191	0.12092
V411	0.33605	0.07695	0.06044	0.52656
V412	0.15455	0.1561	0.38506	0.30429
V413	0.07272	0.43742	0.18477	0.30509
V414	0.05706	0.46049	0.27969	0.20277
V415	0.33494	0.10703	0.22202	0.33601
V416	0.0528	0.15742	0.68106	0.10872
V417	0.28726	0.55066	0.05591	0.10617
V418	0.10207	0.16695	0.16378	0.5672
V419	0.07507	0.08939	0.09836	0.73718
V420	0.01993	0.72824	0.07305	0.17878
V421	0.15689	0.12915	0.51219	0.20177
V422	0.08996	0.12623	0.08281	0.701
V423	0.10392	0.11756	0.64908	0.12943
V424	0.04886	0.13986	0.46538	0.3459
V425	0.08099	0.27889	0.44808	0.19205
V426	0.11198	0.13426	0.58922	0.16455
V427	0.08476	0.37613	0.19075	0.34835
V428	0.0835	0.64163	0.10212	0.17275
V429	0.07446	0.08972	0.10332	0.7325
V430	0.56092	0.20912	0.06203	0.16793
V431	0.17197	0.11241	0.35951	0.35611
V432	0.12421	0.15506	0.10535	0.61538
V433	0.06488	0.6109	0.05936	0.26486
V434	0.2634	0.14163	0.10164	0.49333
V435	0.38084	0.08551	0.14777	0.38588
V436	0.29662	0.08891	0.14554	0.46892
V437	0.19238	0.25215	0.06698	0.48849
V438	0.44432	0.20682	0.07642	0.27244
V439	0.08001	0.15425	0.08239	0.68335
V440	0.35978	0.10654	0.08625	0.44743
V441	0.09275	0.20054	0.44744	0.25926
V442	0.24024	0.34366	0.15315	0.26294
V443	0.5597	0.0691	0.12403	0.24717
V444	0.05418	0.12071	0.71525	0.10986
V445	0.47203	0.09469	0.29925	0.13403
V446	0.04627	0.68534	0.10333	0.16506
V447	0.46713	0.15733	0.18311	0.19243
V448	0.06968	0.14162	0.1955	0.5932
V449	0.42354	0.11543	0.2672	0.19383
V450	0.11824	0.71416	0.06851	0.0991
V451	0.73238	0.10187	0.03745	0.1283
V452	0.08351	0.09587	0.12221	0.69841
V453	0.61225	0.13342	0.09889	0.15544
V454	0.01555	0.77013	0.0998	0.11452
V455	0.45633	0.10705	0.27319	0.16344
V456	0.25751	0.18872	0.31624	0.23753
V457	0.06925	0.10199	0.08734	0.74142
V458	0.21353	0.25254	0.06513	0.4688
V459	0.03286	0.65807	0.12856	0.18051
V460	0.7503	0.0644	0.06376	0.12154
V461	0.0978	0.10651	0.08357	0.71211
V462	0.26279	0.26632	0.05599	0.4149
V463	0.19856	0.43774	0.16804	0.19566
V464	0.37334	0.15843	0.05796	0.41027
V465	0.29576	0.40558	0.07403	0.22464
V466	0.42509	0.2273	0.05343	0.29418
V467	0.2393	0.51108	0.1141	0.13552
V468	0.36678	0.39206	0.09082	0.15034
V469	0.06012	0.22706	0.25026	0.46255
V470	0.4018	0.18418	0.18427	0.22975
V471	0.21842	0.1658	0.09119	0.52459
V472	0.24514	0.32927	0.05471	0.37089
V473	0.09924	0.49303	0.28589	0.12184
V474	0.13423	0.08494	0.14247	0.63835
V475	0.15625	0.37658	0.11857	0.34859
V476	0.16047	0.09581	0.11203	0.63169
V477	0.44631	0.10957	0.20558	0.23854
V478	0.11923	0.50812	0.06235	0.3103
V479	0.05872	0.16832	0.59271	0.18024
V480	0.09758	0.31066	0.099	0.49276
V481	0.14875	0.11326	0.61666	0.12133
V482	0.51786	0.21034	0.13341	0.13839
V483	0.1354	0.17058	0.11966	0.57436
V484	0.07543	0.1355	0.09434	0.69474
V485	0.10862	0.6168	0.06708	0.2075
V486	0.21381	0.28679	0.1486	0.3508
V487	0.10714	0.12075	0.13082	0.64129
V488	0.04804	0.10762	0.64831	0.19604
V489	0.19059	0.17677	0.51332	0.11931
V490	0.25496	0.3215	0.10881	0.31473
V491	0.32619	0.4391	0.07817	0.15654
V492	0.04044	0.69811	0.15469	0.10676
V493	0.07607	0.08982	0.08292	0.75119
V494	0.17392	0.22027	0.39978	0.20603
V495	0.1778	0.54614	0.15561	0.12045
V496	0.21301	0.59389	0.05205	0.14106
V497	0.0545	0.11394	0.71543	0.11614
V498	0.24719	0.16532	0.10256	0.48493
V499	0.45908	0.29275	0.14099	0.10718
V500	0.11447	0.19673	0.54645	0.14236
V501	0.06915	0.09009	0.10366	0.7371
V502	0.40352	0.30273	0.16381	0.12994
V503	0.17582	0.16691	0.19774	0.45953
V504	0.18185	0.59567	0.06576	0.15672
V505	0.17101	0.25565	0.22841	0.34493
V506	0.1035	0.28848	0.35091	0.25711
V507	0.44948	0.16407	0.14195	0.24451
V508	0.56248	0.21068	0.08053	0.14632
V509	0.19945	0.14602	0.39379	0.26074
V510	0.18191	0.47564	0.23561	0.10684
V511	0.07125	0.38573	0.09899	0.44402
V512	0.20706	0.12433	0.12306	0.54554
V513	0.08184	0.55603	0.2038	0.15833
V514	0.07229	0.12732	0.08058	0.7198
V515	0.57445	0.12251	0.08851	0.21454
V516	0.71601	0.13432	0.0378	0.11187
V517	0.08395	0.11255	0.23343	0.57008
V518	0.76348	0.0858	0.03723	0.11349
V519	0.0395	0.70865	0.06527	0.18659
V520	0.07229	0.09906	0.46669	0.36196
V521	0.43171	0.11857	0.31607	0.13364
V522	0.05067	0.2011	0.43122	0.317
V523	0.27142	0.19283	0.23268	0.30307
V524	0.02758	0.65016	0.19342	0.12884
V525	0.20772	0.24017	0.08212	0.47
V526	0.47192	0.14358	0.10975	0.27475
V527	0.18638	0.11153	0.32452	0.37757
V528	0.08827	0.71258	0.05674	0.14241
V529	0.09614	0.14084	0.21326	0.54976
V530	0.04556	0.25851	0.50307	0.19287
V531	0.03287	0.72631	0.14148	0.09933
V532	0.1527	0.32498	0.08252	0.4398
V533	0.21816	0.3509	0.15375	0.27719
V534	0.05616	0.10965	0.52983	0.30436
V535	0.4141	0.06595	0.06552	0.45443
V536	0.18063	0.0889	0.31008	0.42038
V537	0.43729	0.28698	0.16255	0.11319
V538	0.34004	0.12595	0.12169	0.41233
V539	0.20769	0.40679	0.1686	0.21692
V540	0.16105	0.59211	0.11161	0.13524
V541	0.04633	0.44735	0.1117	0.39462
V542	0.17375	0.19358	0.22889	0.40378
V543	0.67977	0.0639	0.05383	0.20249
V544	0.12243	0.15967	0.18089	0.53701
V545	0.27569	0.19619	0.11074	0.41738
V546	0.05304	0.7303	0.1101	0.10656
V547	0.05312	0.55835	0.27403	0.1145
V548	0.12964	0.64573	0.11922	0.10541
V549	0.27077	0.11919	0.49001	0.12002
V550	0.4357	0.09383	0.05169	0.41878
V551	0.1463	0.62089	0.08429	0.14852
V552	0.03435	0.46122	0.0717	0.43272
V553	0.19642	0.21478	0.46249	0.12631
V554	0.09342	0.14824	0.09135	0.66699
V555	0.10512	0.26662	0.27706	0.3512
V556	0.04671	0.12677	0.68826	0.13825
V557	0.61799	0.08659	0.0557	0.23972
V558	0.06991	0.64797	0.08166	0.20047
V559	0.02746	0.67947	0.19287	0.1002
V560	0.52193	0.32805	0.04301	0.10702
V561	0.04849	0.12061	0.71478	0.11612
V562	0.59363	0.06799	0.14344	0.19495
V563	0.21734	0.10047	0.56774	0.11445
V564	0.08766	0.16185	0.62949	0.12099
V565	0.12556	0.29138	0.30408	0.27898
V566	0.51427	0.1533	0.05024	0.28218
V567	0.17577	0.41097	0.0797	0.33356
V568	0.20987	0.08663	0.10751	0.59599
V569	0.50567	0.08968	0.04901	0.35564
V570	0.0586	0.31854	0.46149	0.16137
V571	0.62204	0.17432	0.04082	0.16282
V572	0.34726	0.09061	0.36674	0.19539
V573	0.09408	0.20955	0.07719	0.61918
V574	0.05002	0.65718	0.17908	0.11372
V575	0.07003	0.15324	0.15471	0.62202
V576	0.12934	0.67306	0.08611	0.11149
V577	0.08236	0.12751	0.20788	0.58225
V578	0.08838	0.15512	0.50368	0.25282
V579	0.02523	0.72381	0.12992	0.12104
V580	0.15385	0.09166	0.14706	0.60742
V581	0.10013	0.13951	0.07633	0.68403
V582	0.42041	0.19858	0.07834	0.30267
V583	0.05614	0.13925	0.44419	0.36042
V584	0.3871	0.21328	0.2598	0.13982
V585	0.0612	0.10469	0.35588	0.47824
V586	0.21037	0.10368	0.49766	0.18829
V587	0.23408	0.10743	0.52365	0.13484
V588	0.46143	0.1085	0.07451	0.35556
V589	0.06105	0.67188	0.10954	0.15753
V590	0.05818	0.64333	0.19176	0.10673
V591	0.06029	0.12091	0.2018	0.617
V592	0.15643	0.12703	0.60995	0.10659
V593	0.44043	0.0691	0.19122	0.29925
V594	0.25909	0.31419	0.28088	0.14585
V595	0.07953	0.10187	0.09129	0.72731
V596	0.06795	0.29924	0.21222	0.4206
V597	0.02718	0.51372	0.28537	0.17373
V598	0.05695	0.19354	0.62794	0.12157
V599	0.46278	0.33418	0.07377	0.12926
V600	0.26564	0.43926	0.09372	0.20138
V601	0.14684	0.29048	0.12136	0.44131
V602	0.07981	0.10168	0.08641	0.73209
V603	0.05045	0.3492	0.07971	0.52064
V604	0.38904	0.18456	0.29346	0.13294
V605	0.08599	0.34059	0.31772	0.25569
V606	0.53726	0.20155	0.05588	0.20531
V607	0.48385	0.08058	0.13678	0.29879
V608	0.18763	0.22137	0.31013	0.28086
V609	0.06395	0.26932	0.21851	0.44822
V610	0.57638	0.08533	0.12273	0.21557
V611	0.23831	0.08374	0.10539	0.57256
V612	0.06639	0.17596	0.59346	0.16418
V613	0.06201	0.34868	0.44907	0.14024
V614	0.56572	0.12198	0.08945	0.22285
V615	0.14102	0.12278	0.07902	0.65718
V616	0.07955	0.58885	0.09369	0.23791
V617	0.36402	0.21832	0.3146	0.10306
V618	0.54349	0.06734	0.04762	0.34155
V619	0.29841	0.11171	0.27684	0.31304
V620	0.03172	0.57431	0.28707	0.1069
V621	0.3145	0.20978	0.17994	0.29578
V622	0.27691	0.26763	0.32344	0.13202
V623	0.06976	0.14665	0.1669	0.61668
V624	0.60482	0.23201	0.04009	0.12309
V625	0.2062	0.45039	0.12769	0.21572
V626	0.76394	0.07726	0.03799	0.1208
V627	0.06529	0.10389	0.12406	0.70676
V628	0.05346	0.24526	0.08551	0.61578
V629	0.12476	0.31061	0.24306	0.32158
V630	0.06376	0.34778	0.4417	0.14676
V631	0.06345	0.23097	0.14045	0.56513
V632	0.43738	0.06758	0.1593	0.33574
V633	0.04695	0.12802	0.61585	0.20917
V634	0.3056	0.29683	0.28921	0.10836
V635	0.04362	0.62563	0.0663	0.26445
V636	0.13227	0.18383	0.47687	0.20704
V637	0.23715	0.23646	0.12437	0.40202
V638	0.27885	0.2819	0.10906	0.3302
V639	0.21592	0.41431	0.26905	0.10071
V640	0.0703	0.22091	0.55966	0.14914
V641	0.68093	0.09634	0.06616	0.15657
V642	0.57569	0.21594	0.04026	0.16811
V643	0.04974	0.24167	0.3505	0.35808
V644	0.70855	0.12696	0.04545	0.11904
V645	0.20947	0.39974	0.26921	0.12159
V646	0.02288	0.80221	0.0679	0.10701
V647	0.14731	0.17171	0.52506	0.15591
V648	0.30484	0.41483	0.15225	0.12808
V649	0.06693	0.1537	0.62264	0.15674
V650	0.08739	0.17425	0.57452	0.16384
V651	0.26305	0.09721	0.52497	0.11477
V652	0.11028	0.17151	0.3432	0.37502
V653	0.11188	0.5637	0.13054	0.19387
V654	0.51481	0.24008	0.09286	0.15226
V655	0.05744	0.49031	0.079	0.37325
V656	0.1748	0.285	0.07197	0.46823
V657	0.07699	0.13503	0.08353	0.70445
V658	0.43567	0.24784	0.09616	0.22033
V659	0.25876	0.16396	0.30226	0.27502
V660	0.03668	0.7803	0.06165	0.12136
V661	0.07733	0.38682	0.10505	0.43079
V662	0.32319	0.10251	0.37973	0.19457
V663	0.20696	0.1563	0.43586	0.20088
V664	0.18542	0.15315	0.51244	0.14899
V665	0.50693	0.22929	0.08046	0.18333
V666	0.43544	0.06741	0.13269	0.36447
V667	0.59282	0.12952	0.17319	0.10447
V668	0.1052	0.67508	0.12053	0.09919
V669	0.1855	0.39648	0.22872	0.1893
V670	0.07295	0.74659	0.05934	0.12112
V671	0.27324	0.31039	0.2337	0.18267
V672	0.06024	0.12569	0.67605	0.13803
V673	0.1875	0.36413	0.21478	0.23359
V674	0.53007	0.19526	0.06232	0.21236
V675	0.13114	0.33739	0.26854	0.26294
V676	0.07422	0.17326	0.14257	0.60996
V677	0.2822	0.38824	0.1263	0.20326
V678	0.38516	0.45141	0.05701	0.10641
V679	0.07168	0.33499	0.47671	0.11662
V680	0.23466	0.49212	0.15381	0.11942
V681	0.69422	0.11853	0.05235	0.13491
V682	0.11682	0.32241	0.42179	0.13898
V683	0.0228	0.80198	0.07477	0.10046
V684	0.51775	0.21048	0.11917	0.15259
V685	0.36214	0.35102	0.14226	0.14458
V686	0.11035	0.22755	0.16633	0.49578
V687	0.08004	0.09608	0.09151	0.73237
V688	0.27725	0.46525	0.0496	0.2079
V689	0.21793	0.0781	0.10214	0.60182
V690	0.36249	0.12323	0.35117	0.16312
V691	0.15666	0.10468	0.62319	0.11547
V692	0.09997	0.2121	0.52521	0.16272
V693	0.19689	0.18143	0.30266	0.31902
V694	0.06368	0.11392	0.25997	0.56244
V695	0.20973	0.08892	0.17349	0.52786
V696	0.10631	0.14731	0.0845	0.66188
V697	0.07283	0.11978	0.08566	0.72173
V698	0.62536	0.06332	0.05624	0.25507
V699	0.40991	0.30592	0.10211	0.18206
V700	0.20237	0.0991	0.07434	0.62419
V701	0.10913	0.46348	0.13863	0.28876
V702	0.39639	0.14212	0.06407	0.39742
V703	0.14135	0.14064	0.37774	0.34027
V704	0.6197	0.10282	0.06917	0.20831
V705	0.75793	0.05572	0.05088	0.13547
V706	0.10345	0.14186	0.57408	0.18061
V707	0.05941	0.41476	0.38678	0.13905
V708	0.04577	0.71194	0.07727	0.16502
V709	0.13415	0.30012	0.39869	0.16704
V710	0.43538	0.24757	0.08915	0.22789
V711	0.08392	0.6604	0.12782	0.12787
V712	0.61823	0.10898	0.04905	0.22375
V713	0.31435	0.31195	0.08087	0.29283
V714	0.03474	0.55826	0.07813	0.32887
V715	0.23558	0.34555	0.26002	0.15885
V716	0.08314	0.11455	0.10599	0.69632
V717	0.07278	0.75322	0.05895	0.11505
V718	0.13087	0.49299	0.18133	0.19481
V719	0.06614	0.58722	0.08753	0.25911
V720	0.53644	0.0689	0.22287	0.17179
V721	0.1284	0.2265	0.36455	0.28055
V722	0.10299	0.32936	0.07552	0.49213
V723	0.12633	0.14627	0.07758	0.64982
V724	0.42699	0.09637	0.1199	0.35674
V725	0.04385	0.17788	0.64195	0.13633
V726	0.06392	0.36176	0.14853	0.42579
V727	0.20743	0.56512	0.12253	0.10492
V728	0.03949	0.72421	0.12917	0.10713
V729	0.31205	0.09119	0.17551	0.42125
V730	0.69507	0.08971	0.07957	0.13566
V731	0.06416	0.2465	0.31718	0.37215
V732	0.2737	0.15578	0.29571	0.2748
V733	0.4667	0.22967	0.07547	0.22816
V734	0.19815	0.32687	0.36684	0.10813
V735	0.06507	0.11962	0.37665	0.43866
V736	0.14957	0.08879	0.0806	0.68105
V737	0.25094	0.3103	0.21992	0.21884
V738	0.09498	0.34336	0.35047	0.21119
V739	0.0513	0.10833	0.45788	0.38249
V740	0.64209	0.13906	0.09958	0.11927
V741	0.3542	0.16742	0.14509	0.33329
V742	0.30293	0.53649	0.0616	0.09898
V743	0.13683	0.21187	0.52431	0.12699
V744	0.39362	0.11724	0.28876	0.20038
V745	0.03697	0.58227	0.18542	0.19534
V746	0.78997	0.05596	0.03964	0.11443
V747	0.09167	0.10047	0.53127	0.27659
V748	0.13146	0.18219	0.44094	0.24541
V749	0.22342	0.21837	0.10119	0.45702
V750	0.3014	0.42878	0.06794	0.20188
V751	0.05304	0.70724	0.08931	0.15041
V752	0.33424	0.26325	0.15179	0.25072
V753	0.07561	0.09535	0.08202	0.74702
V754	0.02582	0.75616	0.0605	0.15752
V755	0.14271	0.2444	0.2821	0.33078
V756	0.07949	0.09538	0.10698	0.71815
V757	0.25462	0.51731	0.10146	0.12661
V758	0.05691	0.63105	0.14691	0.16513
V759	0.13465	0.1461	0.32254	0.39672
V760	0.23738	0.13842	0.24765	0.37656
V761	0.07724	0.50646	0.24299	0.1733
V762	0.0439	0.35634	0.07976	0.51999
V763	0.28266	0.34987	0.076	0.29147
V764	0.02603	0.74959	0.06692	0.15746
V765	0.49007	0.14608	0.04543	0.31843
V766	0.05109	0.33479	0.34445	0.26966
V767	0.35616	0.18961	0.2245	0.22973
V768	0.05837	0.74257	0.07743	0.12163
V769	0.1208	0.68731	0.08038	0.11151
V770	0.02288	0.80221	0.0679	0.10701
V771	0.16372	0.11172	0.6032	0.12135
V772	0.14096	0.13551	0.60951	0.11403
V773	0.13393	0.69178	0.06208	0.11221
V774	0.06098	0.1128	0.68802	0.1382
V775	0.13067	0.12663	0.24994	0.49275
V776	0.3109	0.40048	0.0929	0.19571
V777	0.16144	0.17997	0.1596	0.49898
V778	0.38722	0.29841	0.10399	0.21038
V779	0.16363	0.13077	0.38601	0.31959
V780	0.10103	0.6484	0.15137	0.09921
V781	0.0913	0.10665	0.09471	0.70734
V782	0.04929	0.20009	0.58642	0.1642
V783	0.58896	0.08192	0.08958	0.23954
V784	0.09499	0.72952	0.06911	0.10639
V785	0.04416	0.76079	0.07325	0.1218
V786	0.53337	0.20811	0.11234	0.14618
V787	0.0201	0.69935	0.17383	0.10671
V788	0.37186	0.3186	0.16488	0.14467
V789	0.0887	0.34677	0.0864	0.47813
V790	0.3405	0.10069	0.11741	0.4414
V791	0.12955	0.3691	0.27575	0.2256
V792	0.12198	0.46824	0.06364	0.34613
V793	0.11125	0.55136	0.08555	0.25184
V794	0.08076	0.1673	0.58046	0.17148
V795	0.12701	0.11963	0.11231	0.64105
V796	0.0646	0.16994	0.63629	0.12918
V797	0.58888	0.0697	0.22023	0.12119
V798	0.45758	0.31448	0.10652	0.12142
V799	0.11554	0.64088	0.07914	0.16444
V800	0.09857	0.12096	0.39681	0.38366
V801	0.13933	0.19007	0.27497	0.39563
V802	0.07906	0.15857	0.24404	0.51832
V803	0.18159	0.47604	0.24257	0.09979
V804	0.40271	0.09776	0.32925	0.17029
V805	0.05461	0.11433	0.72103	0.11004
V806	0.05193	0.74025	0.0724	0.13542
V807	0.20935	0.20177	0.09138	0.49749
V808	0.48784	0.2944	0.08021	0.13755
V809	0.07581	0.13253	0.68267	0.10899
V810	0.02282	0.80733	0.06293	0.10691
V811	0.31716	0.14854	0.20006	0.33424
V812	0.39445	0.28758	0.09058	0.22739
V813	0.4393	0.24114	0.18832	0.13124
V814	0.32265	0.4851	0.08605	0.1062
V815	0.01716	0.75789	0.11853	0.10642
V816	0.74362	0.05769	0.09093	0.10776
V817	0.06576	0.16279	0.64969	0.12176
V818	0.06532	0.12206	0.10224	0.71037
V819	0.62662	0.13975	0.08598	0.14766
V820	0.1371	0.15956	0.08759	0.61575
V821	0.18258	0.33303	0.31788	0.16652
V822	0.09608	0.12413	0.65053	0.12926
V823	0.06238	0.25036	0.50147	0.18579
V824	0.09818	0.37826	0.4214	0.10216
V825	0.18282	0.31055	0.22773	0.2789
V826	0.32105	0.39894	0.16687	0.11313
V827	0.28244	0.52893	0.06191	0.12671
V828	0.18716	0.2154	0.13954	0.4579
V829	0.07515	0.26371	0.0974	0.56374
V830	0.1845	0.25542	0.08384	0.47624
V831	0.57345	0.14522	0.07476	0.20657
V832	0.20847	0.3843	0.17441	0.23283
V833	0.13202	0.45358	0.18277	0.23162
V834	0.23409	0.14557	0.12113	0.49921
V835	0.26721	0.42128	0.13913	0.17238
V836	0.03455	0.56293	0.06737	0.33515
V837	0.17881	0.36963	0.18829	0.26327
V838	0.72565	0.09543	0.06594	0.11299
V839	0.2309	0.5344	0.12878	0.10592
V840	0.22529	0.61771	0.05806	0.09893
V841	0.04606	0.14058	0.65572	0.15764
V842	0.26954	0.22398	0.23303	0.27344
V843	0.06018	0.12305	0.6433	0.17347
V844	0.1249	0.16839	0.31032	0.39638
V845	0.09278	0.18949	0.55394	0.16379
V846	0.04901	0.11124	0.5644	0.27535
V847	0.07062	0.09011	0.08781	0.75147
V848	0.09466	0.45268	0.17775	0.2749
V849	0.01719	0.78025	0.06819	0.13437
V850	0.77155	0.05657	0.05036	0.12152
V851	0.25578	0.48438	0.1604	0.09944
V852	0.12486	0.12913	0.15892	0.58709
V853	0.20058	0.26973	0.3244	0.2053
V854	0.43065	0.2206	0.12771	0.22103
V855	0.07062	0.09011	0.08781	0.75147
V856	0.07022	0.35336	0.2919	0.28453
V857	0.49209	0.22187	0.07414	0.2119
V858	0.43258	0.09005	0.36376	0.11361
V859	0.47971	0.26762	0.06268	0.18999
V860	0.16838	0.17482	0.10657	0.55024
V861	0.09984	0.36307	0.42162	0.11548
V862	0.1394	0.17279	0.53885	0.14896
V863	0.17982	0.12722	0.06964	0.62332
V864	0.10197	0.11341	0.10998	0.67464
V865	0.13244	0.09788	0.24328	0.52639
V866	0.55771	0.08748	0.23412	0.12069
V867	0.55762	0.09527	0.23437	0.11274
V868	0.37252	0.30383	0.14911	0.17453
V869	0.02984	0.79558	0.06736	0.10722
V870	0.11136	0.3303	0.07985	0.47849
V871	0.01719	0.78025	0.06819	0.13437
V872	0.06545	0.10691	0.2332	0.59444
V873	0.68144	0.0899	0.08661	0.14205
V874	0.15791	0.66476	0.07845	0.09889
V875	0.0604	0.23785	0.20005	0.5017
V876	0.14517	0.34145	0.33064	0.18274
V877	0.06923	0.38241	0.25721	0.29115
V878	0.1131	0.68039	0.10765	0.09886
V879	0.15437	0.58358	0.09082	0.17123
V880	0.2321	0.48845	0.05643	0.22303
V881	0.14878	0.13446	0.45579	0.26097
V882	0.60961	0.06085	0.14904	0.18049
V883	0.23269	0.24948	0.41483	0.103
V884	0.06234	0.28144	0.07081	0.58541
V885	0.53722	0.24814	0.1122	0.10245
V886	0.04782	0.36695	0.36662	0.21861
V887	0.46783	0.13219	0.16951	0.23047
V888	0.11842	0.13921	0.55443	0.18794
V889	0.71032	0.10295	0.05927	0.12746
V890	0.07123	0.21708	0.4603	0.25138
V891	0.47036	0.12253	0.25932	0.1478
V892	0.222	0.22345	0.07154	0.48301
V893	0.42283	0.25507	0.16339	0.15871
V894	0.08633	0.3325	0.44123	0.13993
V895	0.43645	0.13579	0.1975	0.23026
V896	0.044	0.76716	0.06711	0.12173
V897	0.51005	0.28127	0.05001	0.15867
V898	0.3516	0.0706	0.06392	0.51388
V899	0.0677	0.23401	0.16297	0.53532
V900	0.09495	0.31555	0.29684	0.29266
V901	0.04822	0.68046	0.06464	0.20669
V902	0.05242	0.74295	0.0982	0.10644
V903	0.03776	0.40851	0.40796	0.14577
V904	0.02969	0.80091	0.06222	0.10719
V905	0.15427	0.08508	0.18825	0.5724
V906	0.29991	0.16	0.13523	0.40486
V907	0.31536	0.46847	0.067	0.14917
V908	0.06969	0.12383	0.12162	0.68486
V909	0.11348	0.66696	0.05521	0.16435
V910	0.16057	0.08394	0.15288	0.60262
V911	0.37439	0.38311	0.07712	0.16538
V912	0.28555	0.33536	0.14493	0.23416
V913	0.13127	0.08368	0.08261	0.70245
V914	0.15418	0.45312	0.2563	0.13639
V915	0.19749	0.07947	0.07579	0.64724
V916	0.21629	0.14388	0.49074	0.14909
V917	0.5317	0.09805	0.17564	0.19461
V918	0.06149	0.54049	0.21712	0.1809
V919	0.17016	0.27296	0.25562	0.30125
V920	0.44538	0.24283	0.12083	0.19096
V921	0.07406	0.20515	0.09529	0.6255
V922	0.10303	0.43354	0.31908	0.14435
V923	0.11037	0.09893	0.10492	0.68578
V924	0.05284	0.57178	0.24582	0.12956
V925	0.16685	0.10887	0.08218	0.64209
V926	0.18167	0.1011	0.09273	0.6245
V927	0.07697	0.11472	0.11197	0.69635
V928	0.05181	0.72519	0.0654	0.1576
V929	0.06847	0.54153	0.15161	0.23839
V930	0.3667	0.36711	0.07766	0.18854
V931	0.13393	0.30755	0.39165	0.16687
V932	0.07211	0.19287	0.45373	0.28128
V933	0.44293	0.38777	0.05642	0.11288
V934	0.05528	0.21135	0.24452	0.48885
V935	0.41084	0.21751	0.20425	0.1674
V936	0.37748	0.29345	0.06568	0.26339
V937	0.39223	0.18742	0.11711	0.30324
V938	0.2895	0.12896	0.26907	0.31248
V939	0.55965	0.08449	0.10917	0.24669
V940	0.04129	0.65486	0.16774	0.13612
V941	0.0488	0.11426	0.7207	0.11625
V942	0.54669	0.23116	0.09953	0.12262
V943	0.30403	0.19651	0.34518	0.15428
V944	0.05981	0.27997	0.1155	0.54472
V945	0.40536	0.35616	0.0571	0.18138
V946	0.33468	0.29378	0.23258	0.13896
V947	0.11064	0.13357	0.21834	0.53745
V948	0.27828	0.11871	0.47654	0.12647
V949	0.05352	0.17873	0.20162	0.56613
V950	0.07165	0.47029	0.20469	0.25337
V951	0.6395	0.08077	0.16645	0.11329
V952	0.09702	0.19513	0.23718	0.47068
V953	0.05825	0.14801	0.65641	0.13733
V954	0.07437	0.22731	0.16228	0.53604
V955	0.11171	0.51148	0.08094	0.29587
V956	0.07798	0.12012	0.39761	0.40429
V957	0.26375	0.08857	0.06439	0.58329
V958	0.07607	0.08982	0.08292	0.75119
V959	0.19253	0.29497	0.34514	0.16735
V960	0.18899	0.29049	0.12003	0.4005
V961	0.12906	0.37721	0.29048	0.20325
V962	0.27918	0.22799	0.32447	0.16835
V963	0.43151	0.22317	0.16924	0.17608
V964	0.63851	0.09282	0.12637	0.1423
V965	0.07257	0.44617	0.19124	0.29002
V966	0.76439	0.0694	0.04463	0.12158
V967	0.09066	0.13546	0.40485	0.36903
V968	0.04103	0.22186	0.57356	0.16355
V969	0.05405	0.29202	0.0983	0.55563
V970	0.07418	0.19449	0.33642	0.39491
V971	0.37435	0.15979	0.28809	0.17778
V972	0.36565	0.24003	0.09217	0.30215
V973	0.20733	0.39282	0.11642	0.28343
V974	0.02782	0.64531	0.1538	0.17307
V975	0.10978	0.31778	0.46329	0.10915
V976	0.31731	0.27882	0.13919	0.26468
V977	0.24906	0.36153	0.28255	0.10686
V978	0.09756	0.15708	0.11811	0.62725
V979	0.61797	0.08369	0.18476	0.11357
V980	0.78997	0.05596	0.03964	0.11443
V981	0.26943	0.11696	0.35265	0.26096
V982	0.31923	0.38642	0.11292	0.18142
V983	0.5144	0.12288	0.05113	0.31159
V984	0.03313	0.68959	0.14145	0.13584
V985	0.09915	0.22412	0.07574	0.60099
V986	0.24232	0.4707	0.09294	0.19403
V987	0.18747	0.63891	0.05342	0.12021
V988	0.18946	0.09294	0.08125	0.63635
V989	0.32605	0.44173	0.1118	0.12041
V990	0.04565	0.14349	0.58573	0.22514
V991	0.4821	0.36144	0.04291	0.11355
V992	0.18781	0.096	0.40961	0.30658
V993	0.07289	0.60632	0.17798	0.14281
V994	0.15049	0.65825	0.07921	0.11205
V995	0.53988	0.16248	0.07551	0.22214
V996	0.21828	0.17809	0.07294	0.53069
V997	0.06192	0.11355	0.6149	0.20964
V998	0.66745	0.07487	0.10072	0.15696
V999	0.10199	0.734	0.05783	0.10617
V1000	0.25011	0.09494	0.06593	0.58902
