CD19B	CD56NK	CD4MemoryT	CD14
V1	0.42332	0.0774	0.19607	0.30321
V2	0.18098	0.15156	0.11612	0.55134
V3	0.10151	0.51679	0.0813	0.30039
V4	0.6453	0.12945	0.08238	0.14287
V5	0.13688	0.42516	0.22714	0.21082
V6	0.10507	0.68622	0.08825	0.12046
V7	0.16642	0.34215	0.12759	0.36384
V8	0.15249	0.11762	0.59041	0.13949
V9	0.225	0.25337	0.10298	0.41865
V10	0.08013	0.12941	0.63951	0.15095
V11	0.1947	0.34427	0.34725	0.11378
V12	0.07915	0.50144	0.30471	0.1147
V13	0.22846	0.56891	0.07981	0.12282
V14	0.10001	0.71254	0.08068	0.10677
V15	0.14171	0.49812	0.1512	0.20896
V16	0.67573	0.06726	0.10416	0.15285
V17	0.11286	0.68372	0.08332	0.1201
V18	0.42482	0.31994	0.11099	0.14425
V19	0.15973	0.64603	0.0808	0.11344
V20	0.17541	0.40654	0.0869	0.33115
V21	0.15242	0.14371	0.56562	0.13826
V22	0.10067	0.16925	0.20492	0.52516
V23	0.30574	0.11414	0.45505	0.12507
V24	0.70993	0.05124	0.11119	0.12764
V25	0.27918	0.25649	0.16016	0.30417
V26	0.30647	0.35454	0.09025	0.24874
V27	0.15669	0.12316	0.09905	0.62109
V28	0.07075	0.13958	0.67696	0.11271
V29	0.34397	0.09872	0.41114	0.14617
V30	0.13947	0.25388	0.24543	0.36123
V31	0.2006	0.23505	0.25849	0.30587
V32	0.14533	0.10738	0.10594	0.64135
V33	0.09264	0.44095	0.29312	0.1733
V34	0.15206	0.13071	0.57812	0.13911
V35	0.16363	0.57994	0.12922	0.12721
V36	0.08553	0.13642	0.37366	0.40439
V37	0.41374	0.12464	0.14604	0.31558
V38	0.3453	0.07834	0.19625	0.38011
V39	0.16807	0.47707	0.1571	0.19776
V40	0.11957	0.65257	0.12573	0.10213
V41	0.07111	0.55398	0.10175	0.27316
V42	0.22367	0.11455	0.21253	0.44924
V43	0.14823	0.33345	0.38602	0.1323
V44	0.08206	0.16627	0.52981	0.22187
V45	0.12546	0.49684	0.2115	0.1662
V46	0.59344	0.10434	0.17319	0.12903
V47	0.3435	0.21866	0.28426	0.15358
V48	0.5958	0.17801	0.0869	0.13929
V49	0.5413	0.19612	0.08016	0.18242
V50	0.0991	0.66206	0.13087	0.10797
V51	0.25546	0.36943	0.24078	0.13432
V52	0.08616	0.18695	0.59039	0.1365
V53	0.5432	0.14775	0.18872	0.12033
V54	0.32583	0.22283	0.31651	0.13482
V55	0.21174	0.18876	0.22718	0.37232
V56	0.12632	0.10713	0.13493	0.63163
V57	0.11917	0.6793	0.08841	0.11312
V58	0.48665	0.06345	0.11372	0.33619
V59	0.32827	0.37172	0.15002	0.14999
V60	0.16233	0.2111	0.27724	0.34933
V61	0.59394	0.12856	0.09076	0.18674
V62	0.65513	0.06421	0.14305	0.13761
V63	0.06872	0.65995	0.15146	0.11987
V64	0.0654	0.67231	0.07243	0.18986
V65	0.10758	0.10263	0.14344	0.64634
V66	0.19633	0.56045	0.08917	0.15405
V67	0.16247	0.32331	0.39543	0.11878
V68	0.18583	0.18872	0.09945	0.526
V69	0.08309	0.31985	0.45257	0.14449
V70	0.40646	0.18653	0.20228	0.20473
V71	0.18476	0.15337	0.30999	0.35188
V72	0.4304	0.18614	0.1456	0.23786
V73	0.16021	0.50967	0.16352	0.1666
V74	0.10329	0.25955	0.52806	0.1091
V75	0.53097	0.05607	0.21822	0.19475
V76	0.08467	0.2251	0.19067	0.49956
V77	0.10805	0.29466	0.08342	0.51386
V78	0.2642	0.17327	0.19997	0.36256
V79	0.07131	0.18063	0.57403	0.17404
V80	0.29006	0.10079	0.42773	0.18141
V81	0.10409	0.21905	0.55985	0.11701
V82	0.06959	0.15582	0.6553	0.11929
V83	0.1699	0.21645	0.12837	0.48528
V84	0.32137	0.11539	0.18974	0.37351
V85	0.13896	0.32292	0.31932	0.2188
V86	0.10009	0.14539	0.61013	0.14439
V87	0.08	0.65523	0.11274	0.15202
V88	0.18948	0.14204	0.24705	0.42142
V89	0.10638	0.11308	0.20686	0.57369
V90	0.07401	0.69774	0.11363	0.11462
V91	0.08025	0.60096	0.19034	0.12844
V92	0.35966	0.09882	0.33041	0.21111
V93	0.66498	0.04767	0.08525	0.20209
V94	0.08667	0.406	0.08777	0.41955
V95	0.2231	0.39122	0.17651	0.20916
V96	0.14062	0.15961	0.10197	0.5978
V97	0.51001	0.14031	0.2241	0.12559
V98	0.51444	0.27657	0.0805	0.12849
V99	0.59492	0.08214	0.19191	0.13103
V100	0.11948	0.13092	0.6169	0.1327
V101	0.11252	0.1105	0.09141	0.68557
V102	0.69656	0.07166	0.09215	0.13962
V103	0.10592	0.12648	0.14144	0.62616
V104	0.0756	0.73695	0.08041	0.10703
V105	0.09086	0.71578	0.08576	0.1076
V106	0.1388	0.44923	0.27673	0.13524
V107	0.18537	0.24005	0.42602	0.14856
V108	0.15439	0.60408	0.13837	0.10316
V109	0.08266	0.22515	0.43501	0.25718
V110	0.09208	0.68663	0.10084	0.12045
V111	0.68979	0.03226	0.14428	0.13367
V112	0.16414	0.151	0.33993	0.34494
V113	0.20099	0.17195	0.19322	0.43384
V114	0.24018	0.11976	0.13473	0.50533
V115	0.06256	0.61218	0.21688	0.10838
V116	0.15978	0.31928	0.30135	0.21958
V117	0.49905	0.24601	0.10493	0.15
V118	0.17126	0.4871	0.09589	0.24575
V119	0.165	0.14538	0.11663	0.57299
V120	0.11743	0.1562	0.6012	0.12518
V121	0.44521	0.16464	0.14553	0.24463
V122	0.72695	0.03275	0.09919	0.14111
V123	0.07688	0.45126	0.10329	0.36858
V124	0.48968	0.2724	0.07793	0.15999
V125	0.30104	0.37604	0.19406	0.12886
V126	0.11487	0.19896	0.11521	0.57097
V127	0.18948	0.13315	0.24239	0.43497
V128	0.1154	0.10667	0.15592	0.622
V129	0.42775	0.23921	0.19086	0.14218
V130	0.0635	0.54744	0.28028	0.10878
V131	0.07368	0.69633	0.07307	0.15692
V132	0.70603	0.03553	0.11105	0.14739
V133	0.68228	0.04497	0.13373	0.13902
V134	0.14356	0.367	0.15789	0.33155
V135	0.14428	0.11456	0.19468	0.54647
V136	0.22302	0.36585	0.08379	0.32734
V137	0.48612	0.0941	0.24784	0.17194
V138	0.1995	0.37521	0.18656	0.23873
V139	0.28533	0.23813	0.20406	0.27248
V140	0.11513	0.15898	0.11719	0.6087
V141	0.11326	0.22202	0.40542	0.2593
V142	0.59664	0.05106	0.22819	0.12412
V143	0.33125	0.26761	0.12851	0.27263
V144	0.18764	0.20841	0.18547	0.41847
V145	0.05638	0.61955	0.21629	0.10779
V146	0.13255	0.10294	0.10827	0.65624
V147	0.68411	0.05255	0.10391	0.15944
V148	0.15692	0.15987	0.43439	0.24882
V149	0.22705	0.44591	0.21457	0.11247
V150	0.12366	0.27444	0.43649	0.16541
V151	0.19305	0.52009	0.09526	0.19161
V152	0.20933	0.40259	0.21009	0.17798
V153	0.12885	0.60086	0.0866	0.18369
V154	0.21445	0.40837	0.24524	0.13194
V155	0.36136	0.18626	0.26596	0.18641
V156	0.09364	0.21225	0.49789	0.19622
V157	0.25894	0.2086	0.27484	0.25762
V158	0.11261	0.10002	0.10076	0.68661
V159	0.6634	0.0885	0.08353	0.16457
V160	0.51965	0.06202	0.13223	0.2861
V161	0.22452	0.09275	0.10659	0.57615
V162	0.12182	0.30821	0.13119	0.43878
V163	0.13081	0.43626	0.18014	0.25279
V164	0.27684	0.3063	0.14806	0.2688
V165	0.09487	0.28139	0.07758	0.54616
V166	0.10228	0.169	0.12681	0.60191
V167	0.30597	0.07398	0.09036	0.52969
V168	0.23938	0.48099	0.1309	0.14873
V169	0.20709	0.12645	0.11255	0.55391
V170	0.14856	0.12324	0.40247	0.32574
V171	0.14914	0.27125	0.4391	0.14051
V172	0.53832	0.05801	0.27273	0.13094
V173	0.11051	0.19841	0.11147	0.57962
V174	0.10162	0.21688	0.12973	0.55178
V175	0.11441	0.12142	0.56447	0.1997
V176	0.06095	0.64991	0.18057	0.10858
V177	0.0603	0.75027	0.07673	0.1127
V178	0.0676	0.61633	0.07683	0.23924
V179	0.18776	0.11007	0.31707	0.3851
V180	0.07491	0.69806	0.12515	0.10188
V181	0.17562	0.19828	0.40907	0.21703
V182	0.25343	0.22411	0.36605	0.1564
V183	0.17453	0.63655	0.08055	0.10836
V184	0.74898	0.02579	0.0953	0.12993
V185	0.42743	0.36496	0.0889	0.11871
V186	0.14263	0.42972	0.2351	0.19255
V187	0.71974	0.03368	0.11156	0.13503
V188	0.12712	0.25755	0.07802	0.53731
V189	0.6078	0.06376	0.09617	0.23226
V190	0.49567	0.0737	0.3017	0.12893
V191	0.18459	0.24587	0.42719	0.14236
V192	0.2523	0.41423	0.10747	0.226
V193	0.45418	0.09786	0.23993	0.20802
V194	0.08055	0.71938	0.08049	0.11958
V195	0.07471	0.13717	0.66855	0.11956
V196	0.10892	0.14306	0.09485	0.65318
V197	0.3408	0.1099	0.10482	0.44448
V198	0.10472	0.44657	0.29988	0.14882
V199	0.19286	0.11582	0.19486	0.49647
V200	0.15084	0.48074	0.08511	0.28331
V201	0.12831	0.47828	0.18883	0.20458
V202	0.08456	0.13221	0.55444	0.22878
V203	0.1682	0.3938	0.31324	0.12476
V204	0.07642	0.46571	0.07886	0.37901
V205	0.08139	0.15413	0.63889	0.1256
V206	0.09916	0.17907	0.60397	0.1178
V207	0.16847	0.22968	0.11725	0.4846
V208	0.22549	0.14636	0.50081	0.12734
V209	0.25118	0.41221	0.12255	0.21406
V210	0.11202	0.61237	0.13542	0.14019
V211	0.34835	0.08495	0.10845	0.45826
V212	0.39113	0.11125	0.36044	0.13718
V213	0.47751	0.08693	0.16239	0.27317
V214	0.2755	0.20712	0.1873	0.33008
V215	0.26293	0.15591	0.09561	0.48554
V216	0.12452	0.09742	0.10103	0.67702
V217	0.09468	0.44284	0.21477	0.24771
V218	0.13189	0.40737	0.18038	0.28036
V219	0.13331	0.52906	0.08148	0.25615
V220	0.06608	0.65511	0.0766	0.2022
V221	0.60808	0.04827	0.08767	0.25598
V222	0.26525	0.19392	0.30717	0.23367
V223	0.07131	0.21582	0.54589	0.16698
V224	0.73993	0.02544	0.10521	0.12943
V225	0.09182	0.68532	0.11551	0.10734
V226	0.25948	0.15516	0.4579	0.12747
V227	0.59076	0.0507	0.21992	0.13862
V228	0.5679	0.10414	0.13505	0.1929
V229	0.08192	0.13624	0.65026	0.13157
V230	0.11145	0.11218	0.10099	0.67538
V231	0.09394	0.29701	0.14948	0.45957
V232	0.09455	0.54143	0.07144	0.29258
V233	0.4238	0.14274	0.21426	0.2192
V234	0.08005	0.71003	0.09534	0.11457
V235	0.29965	0.13402	0.42202	0.14432
V236	0.09972	0.16364	0.56754	0.1691
V237	0.1925	0.09523	0.11076	0.60152
V238	0.14792	0.47617	0.23453	0.14137
V239	0.12064	0.37542	0.08815	0.41579
V240	0.37683	0.11094	0.35572	0.15651
V241	0.08077	0.12891	0.62821	0.16212
V242	0.14091	0.60778	0.13785	0.11346
V243	0.22122	0.13167	0.47579	0.17132
V244	0.20304	0.10832	0.51087	0.17777
V245	0.44111	0.28306	0.11742	0.15842
V246	0.10315	0.21917	0.54839	0.12929
V247	0.1733	0.12224	0.59078	0.11368
V248	0.11468	0.11774	0.11582	0.65175
V249	0.06803	0.14902	0.62049	0.16246
V250	0.57488	0.05425	0.23844	0.13243
V251	0.71015	0.06321	0.09342	0.13322
V252	0.06097	0.66826	0.16999	0.10078
V253	0.29982	0.13955	0.18815	0.37248
V254	0.05977	0.72296	0.11064	0.10664
V255	0.08628	0.70814	0.07345	0.13213
V256	0.17932	0.25237	0.39452	0.17379
V257	0.32996	0.16235	0.23188	0.2758
V258	0.18061	0.28938	0.33349	0.19651
V259	0.08847	0.31172	0.45995	0.13986
V260	0.06576	0.31028	0.51148	0.11248
V261	0.46216	0.09372	0.21587	0.22825
V262	0.1561	0.12969	0.09889	0.61533
V263	0.06889	0.7363	0.07621	0.1186
V264	0.18425	0.13457	0.34128	0.3399
V265	0.11711	0.10266	0.17041	0.60982
V266	0.484	0.31559	0.08512	0.11529
V267	0.0811	0.2382	0.24936	0.43135
V268	0.31604	0.10084	0.17906	0.40406
V269	0.06511	0.48332	0.30983	0.14174
V270	0.47988	0.08852	0.24725	0.18436
V271	0.59175	0.10008	0.10812	0.20004
V272	0.09381	0.64898	0.08084	0.17637
V273	0.1322	0.10901	0.11214	0.64665
V274	0.5252	0.05676	0.21259	0.20545
V275	0.07005	0.13856	0.6721	0.11929
V276	0.37901	0.31682	0.08531	0.21886
V277	0.1056	0.25246	0.17742	0.46452
V278	0.10943	0.14994	0.26059	0.48004
V279	0.5095	0.10636	0.1619	0.22223
V280	0.11261	0.10002	0.10076	0.68661
V281	0.4137	0.09449	0.18117	0.31064
V282	0.10533	0.16369	0.57465	0.15633
V283	0.19377	0.48609	0.11557	0.20458
V284	0.07453	0.70371	0.11379	0.10797
V285	0.11334	0.12515	0.64834	0.11317
V286	0.2127	0.46395	0.14735	0.176
V287	0.11857	0.67849	0.08369	0.11924
V288	0.08112	0.30745	0.33031	0.28112
V289	0.24032	0.25399	0.33613	0.16956
V290	0.61568	0.16833	0.09357	0.12242
V291	0.37472	0.13444	0.36036	0.13048
V292	0.70348	0.03598	0.08838	0.17216
V293	0.25493	0.1075	0.48949	0.14808
V294	0.13467	0.34764	0.07621	0.44147
V295	0.09497	0.23261	0.1962	0.47623
V296	0.18028	0.1916	0.45275	0.17537
V297	0.1442	0.09889	0.12898	0.62793
V298	0.25212	0.16964	0.4512	0.12704
V299	0.12837	0.28692	0.08733	0.49738
V300	0.09262	0.1266	0.22591	0.55487
V301	0.14743	0.19003	0.4708	0.19174
V302	0.48517	0.30717	0.08116	0.1265
V303	0.05903	0.50883	0.30324	0.1289
V304	0.10919	0.13558	0.53124	0.22399
V305	0.15157	0.22434	0.35152	0.27256
V306	0.59191	0.12377	0.12307	0.16125
V307	0.06889	0.73081	0.08668	0.11362
V308	0.21195	0.26151	0.25928	0.26725
V309	0.27144	0.30751	0.09349	0.32755
V310	0.12444	0.32212	0.16943	0.38401
V311	0.38988	0.41148	0.08106	0.11758
V312	0.11838	0.59548	0.16462	0.12151
V313	0.1016	0.17057	0.09877	0.62907
V314	0.07989	0.42934	0.14334	0.34743
V315	0.14042	0.51889	0.09509	0.24561
V316	0.2578	0.19537	0.31955	0.22728
V317	0.11586	0.56838	0.1013	0.21446
V318	0.09267	0.47468	0.08156	0.3511
V319	0.10487	0.15748	0.5998	0.13785
V320	0.12063	0.21373	0.46934	0.1963
V321	0.47673	0.3232	0.08496	0.11511
V322	0.19348	0.31735	0.1228	0.36637
V323	0.13051	0.11187	0.14147	0.61615
V324	0.48466	0.25034	0.13043	0.13457
V325	0.24971	0.52392	0.11416	0.11221
V326	0.06754	0.48324	0.13141	0.31781
V327	0.10083	0.20217	0.14931	0.5477
V328	0.10305	0.13544	0.53155	0.22996
V329	0.18959	0.17844	0.18559	0.44637
V330	0.31188	0.09449	0.29844	0.2952
V331	0.288	0.14599	0.1145	0.4515
V332	0.09838	0.1402	0.19472	0.5667
V333	0.32542	0.14467	0.33032	0.19959
V334	0.29089	0.0983	0.30886	0.30195
V335	0.08327	0.34198	0.38259	0.19217
V336	0.1724	0.56214	0.08836	0.1771
V337	0.23588	0.3715	0.2592	0.13342
V338	0.05563	0.75648	0.08209	0.1058
V339	0.14674	0.11998	0.61274	0.12054
V340	0.10567	0.27073	0.39106	0.23255
V341	0.11317	0.12018	0.12447	0.64218
V342	0.22422	0.10306	0.46394	0.20878
V343	0.73222	0.03884	0.09461	0.13434
V344	0.50088	0.17523	0.20512	0.11877
V345	0.07488	0.13789	0.67418	0.11306
V346	0.21664	0.18262	0.25336	0.34738
V347	0.12224	0.10687	0.1662	0.60469
V348	0.09498	0.53948	0.16284	0.20269
V349	0.27547	0.21573	0.31988	0.18892
V350	0.07397	0.64261	0.18054	0.10288
V351	0.09543	0.13571	0.32087	0.44799
V352	0.10066	0.13223	0.59706	0.17005
V353	0.65081	0.05863	0.11293	0.17764
V354	0.08951	0.5655	0.21089	0.1341
V355	0.23943	0.15488	0.36706	0.23863
V356	0.1162	0.1132	0.14714	0.62346
V357	0.14238	0.33479	0.24078	0.28204
V358	0.40357	0.14993	0.11993	0.32657
V359	0.42986	0.11004	0.10687	0.35324
V360	0.40633	0.37524	0.09452	0.1239
V361	0.06146	0.416	0.41289	0.10966
V362	0.05566	0.75156	0.08693	0.10585
V363	0.17964	0.19038	0.36269	0.26729
V364	0.16839	0.15343	0.49639	0.18178
V365	0.24853	0.10176	0.09491	0.5548
V366	0.10887	0.55438	0.12824	0.20851
V367	0.42509	0.17285	0.08296	0.3191
V368	0.113	0.58521	0.12981	0.17198
V369	0.07419	0.38048	0.43397	0.11136
V370	0.2432	0.28922	0.32987	0.13771
V371	0.17778	0.57682	0.09225	0.15316
V372	0.18674	0.1364	0.15828	0.51858
V373	0.12456	0.21168	0.35959	0.30417
V374	0.58196	0.0613	0.23286	0.12389
V375	0.11901	0.12803	0.17484	0.57811
V376	0.1152	0.12007	0.14649	0.61823
V377	0.58797	0.04353	0.09362	0.27488
V378	0.08972	0.13612	0.3269	0.44726
V379	0.27649	0.22564	0.08848	0.40939
V380	0.17779	0.15376	0.20357	0.46489
V381	0.53835	0.06606	0.15348	0.24211
V382	0.11768	0.13713	0.62548	0.11971
V383	0.6135	0.0477	0.1249	0.2139
V384	0.41172	0.13298	0.17248	0.28283
V385	0.6306	0.05194	0.14793	0.16953
V386	0.26443	0.09976	0.17847	0.45733
V387	0.42661	0.18402	0.20828	0.18109
V388	0.28579	0.32073	0.17403	0.21945
V389	0.31182	0.44283	0.08512	0.16022
V390	0.24375	0.27375	0.36591	0.1166
V391	0.3273	0.15562	0.09714	0.41993
V392	0.31778	0.24497	0.18976	0.24749
V393	0.23569	0.25968	0.29165	0.21297
V394	0.13969	0.25894	0.14799	0.45338
V395	0.19963	0.36849	0.1993	0.23259
V396	0.06207	0.73902	0.08009	0.11882
V397	0.56594	0.12206	0.15771	0.15429
V398	0.3369	0.18155	0.14625	0.3353
V399	0.18049	0.4688	0.17005	0.18067
V400	0.06801	0.49453	0.11359	0.32386
V401	0.09081	0.22694	0.51599	0.16626
V402	0.58894	0.18089	0.10904	0.12113
V403	0.11312	0.11446	0.12951	0.64292
V404	0.12464	0.24571	0.45037	0.17927
V405	0.2165	0.12002	0.18905	0.47443
V406	0.46617	0.24759	0.09482	0.19142
V407	0.05563	0.75648	0.08209	0.1058
V408	0.12893	0.28024	0.31416	0.27667
V409	0.10677	0.10702	0.10104	0.68518
V410	0.11385	0.67248	0.09366	0.12002
V411	0.35427	0.07263	0.08594	0.48717
V412	0.17386	0.16265	0.38316	0.28034
V413	0.10106	0.4342	0.18438	0.28037
V414	0.08709	0.44701	0.27519	0.19071
V415	0.34017	0.10804	0.23473	0.31706
V416	0.07488	0.16965	0.64289	0.11257
V417	0.29481	0.51066	0.08043	0.11411
V418	0.13465	0.17436	0.17142	0.51957
V419	0.11184	0.09896	0.10825	0.68095
V420	0.05803	0.69171	0.08279	0.16746
V421	0.16992	0.13923	0.49744	0.19341
V422	0.12629	0.13417	0.09403	0.64552
V423	0.11948	0.13092	0.6169	0.1327
V424	0.07514	0.15511	0.45592	0.31382
V425	0.10165	0.27764	0.43707	0.18364
V426	0.12666	0.14662	0.56341	0.16332
V427	0.11239	0.37782	0.18918	0.32061
V428	0.11285	0.60876	0.11312	0.16527
V429	0.11166	0.10035	0.11188	0.67611
V430	0.54238	0.1831	0.09721	0.17731
V431	0.18977	0.12291	0.35952	0.32781
V432	0.15735	0.16053	0.11564	0.56648
V433	0.09772	0.58822	0.07223	0.24182
V434	0.28237	0.1412	0.11885	0.45758
V435	0.38753	0.08323	0.16841	0.36083
V436	0.3116	0.09153	0.16245	0.43442
V437	0.21983	0.25008	0.08183	0.44826
V438	0.44602	0.18928	0.1047	0.25999
V439	0.11742	0.16109	0.09389	0.6276
V440	0.37378	0.10147	0.10917	0.41558
V441	0.11286	0.20852	0.43812	0.24051
V442	0.25538	0.33237	0.16409	0.24817
V443	0.54587	0.05625	0.15465	0.24323
V444	0.07488	0.13789	0.67418	0.11306
V445	0.45507	0.08559	0.31328	0.14606
V446	0.07996	0.64949	0.11287	0.15769
V447	0.45748	0.14549	0.20153	0.19551
V448	0.10353	0.15433	0.19841	0.54373
V449	0.4149	0.10854	0.28133	0.19523
V450	0.1462	0.66655	0.08454	0.10271
V451	0.69689	0.07276	0.08416	0.1462
V452	0.11884	0.10844	0.12898	0.64373
V453	0.58688	0.11136	0.13486	0.1669
V454	0.05501	0.72176	0.11043	0.11279
V455	0.44303	0.09968	0.2871	0.17019
V456	0.26478	0.1876	0.31979	0.22783
V457	0.10687	0.1118	0.09639	0.68494
V458	0.23781	0.24944	0.08176	0.43099
V459	0.06963	0.62565	0.13497	0.16975
V460	0.7128	0.03508	0.11096	0.14116
V461	0.13274	0.11459	0.0952	0.65747
V462	0.27976	0.25884	0.07743	0.38398
V463	0.21533	0.41974	0.176	0.18893
V464	0.3858	0.14915	0.08322	0.38183
V465	0.30419	0.38474	0.09369	0.21738
V466	0.42912	0.21005	0.08248	0.27835
V467	0.2515	0.47906	0.13192	0.13752
V468	0.36622	0.36261	0.11541	0.15575
V469	0.09268	0.23769	0.2496	0.42004
V470	0.39991	0.17332	0.2027	0.22407
V471	0.2422	0.16657	0.10637	0.48485
V472	0.26396	0.31747	0.07469	0.34388
V473	0.12429	0.46993	0.28268	0.1231
V474	0.16566	0.09639	0.15042	0.58754
V475	0.18267	0.36968	0.12689	0.32076
V476	0.19091	0.10423	0.12274	0.58212
V477	0.44142	0.10241	0.22369	0.23248
V478	0.14823	0.4923	0.07573	0.28373
V479	0.07976	0.18009	0.56674	0.17342
V480	0.13086	0.31352	0.10508	0.45055
V481	0.16016	0.12421	0.58936	0.12627
V482	0.50211	0.18717	0.16049	0.15023
V483	0.16712	0.17647	0.1293	0.52712
V484	0.11273	0.14406	0.10445	0.63876
V485	0.13741	0.58762	0.07998	0.195
V486	0.23418	0.28187	0.15806	0.32588
V487	0.14132	0.13025	0.13785	0.59059
V488	0.06843	0.12944	0.61661	0.18552
V489	0.19807	0.1773	0.49913	0.1255
V490	0.27003	0.31099	0.12431	0.29467
V491	0.33123	0.40854	0.10005	0.16017
V492	0.07369	0.6588	0.15908	0.10844
V493	0.11314	0.09832	0.09346	0.69509
V494	0.18835	0.21878	0.3953	0.19757
V495	0.19724	0.51371	0.16548	0.12357
V496	0.22969	0.55481	0.0743	0.1412
V497	0.07476	0.13085	0.67489	0.1195
V498	0.26769	0.16517	0.11828	0.44886
V499	0.44755	0.26612	0.16523	0.1211
V500	0.13054	0.2027	0.52373	0.14303
V501	0.1065	0.10062	0.11198	0.6809
V502	0.39737	0.27961	0.18305	0.13997
V503	0.20093	0.17342	0.20374	0.42191
V504	0.20272	0.55949	0.08333	0.15447
V505	0.19476	0.25724	0.22992	0.31808
V506	0.12642	0.28999	0.34489	0.2387
V507	0.44675	0.1509	0.16484	0.23751
V508	0.54368	0.18528	0.11306	0.15798
V509	0.21158	0.15146	0.39193	0.24503
V510	0.1991	0.45134	0.23703	0.11254
V511	0.10503	0.38672	0.10443	0.40383
V512	0.23117	0.12801	0.13543	0.5054
V513	0.10836	0.53212	0.20413	0.15539
V514	0.11017	0.13446	0.09159	0.66378
V515	0.55628	0.10425	0.12265	0.21682
V516	0.68177	0.10472	0.08266	0.13085
V517	0.11437	0.1266	0.23713	0.5219
V518	0.72466	0.05287	0.08899	0.13348
V519	0.07596	0.67236	0.07738	0.1743
V520	0.0957	0.11712	0.4579	0.32928
V521	0.41804	0.10937	0.32647	0.14612
V522	0.07713	0.21232	0.42142	0.28913
V523	0.28213	0.19073	0.24206	0.28507
V524	0.06103	0.61985	0.19146	0.12766
V525	0.232	0.23952	0.09559	0.4329
V526	0.46794	0.13172	0.13654	0.26379
V527	0.20498	0.12307	0.32383	0.34811
V528	0.11879	0.66937	0.07281	0.13903
V529	0.12685	0.15404	0.21582	0.50329
V530	0.06978	0.26058	0.48628	0.18336
V531	0.06803	0.68557	0.14598	0.10041
V532	0.18275	0.32204	0.09412	0.40108
V533	0.23668	0.33994	0.16399	0.25939
V534	0.07975	0.13045	0.51257	0.27722
V535	0.42544	0.06176	0.09137	0.42143
V536	0.20074	0.10256	0.31034	0.38636
V537	0.42785	0.26101	0.18547	0.12567
V538	0.35252	0.12298	0.14065	0.38385
V539	0.2231	0.39122	0.17651	0.20916
V540	0.18364	0.55785	0.12412	0.13439
V541	0.08147	0.4455	0.11507	0.35796
V542	0.19827	0.19792	0.23231	0.3715
V543	0.65474	0.04189	0.09442	0.20896
V544	0.15296	0.16858	0.18557	0.49288
V545	0.29118	0.19214	0.12814	0.38854
V546	0.08592	0.68626	0.12019	0.10763
V547	0.08231	0.53178	0.27074	0.11517
V548	0.15457	0.60426	0.13281	0.10836
V549	0.26695	0.11993	0.48442	0.1287
V550	0.44406	0.08423	0.08165	0.39006
V551	0.17162	0.58463	0.09643	0.14732
V552	0.07242	0.45901	0.07853	0.39004
V553	0.20344	0.21048	0.45504	0.13104
V554	0.12881	0.15469	0.1034	0.6131
V555	0.13049	0.27117	0.27574	0.3226
V556	0.06905	0.14348	0.64878	0.13869
V557	0.60135	0.06977	0.0914	0.23748
V558	0.10125	0.61907	0.09083	0.18885
V559	0.06035	0.6452	0.19215	0.10229
V560	0.50575	0.29092	0.08107	0.12227
V561	0.07005	0.13856	0.6721	0.11929
V562	0.57139	0.05406	0.17405	0.2005
V563	0.22011	0.10824	0.54999	0.12166
V564	0.10492	0.17189	0.59823	0.12495
V565	0.14827	0.29152	0.30174	0.25847
V566	0.50853	0.13457	0.08573	0.27117
V567	0.20187	0.39934	0.09181	0.30698
V568	0.23518	0.09359	0.12091	0.55033
V569	0.50495	0.07683	0.08241	0.33581
V570	0.08287	0.31205	0.44721	0.15787
V571	0.59824	0.14666	0.08122	0.17388
V572	0.33961	0.09266	0.37211	0.19562
V573	0.12841	0.21536	0.08804	0.56819
V574	0.08123	0.62398	0.18022	0.11457
V575	0.10397	0.16453	0.16008	0.57142
V576	0.15655	0.63289	0.09794	0.11262
V577	0.11479	0.13976	0.21125	0.5342
V578	0.10825	0.16649	0.49022	0.23504
V579	0.06283	0.68093	0.13665	0.11959
V580	0.18407	0.09954	0.15793	0.55846
V581	0.13593	0.14562	0.08909	0.62936
V582	0.42483	0.18299	0.10513	0.28705
V583	0.08139	0.15418	0.43683	0.3276
V584	0.37887	0.19803	0.27406	0.14905
V585	0.08847	0.12158	0.35486	0.43509
V586	0.21495	0.11229	0.4877	0.18507
V587	0.2352	0.1122	0.51144	0.14117
V588	0.46472	0.0971	0.1027	0.33548
V589	0.09171	0.63586	0.11937	0.15306
V590	0.08703	0.61197	0.19179	0.1092
V591	0.09366	0.13501	0.20488	0.56645
V592	0.1669	0.13589	0.584	0.11321
V593	0.43844	0.06922	0.20749	0.28485
V594	0.26306	0.29997	0.28572	0.15125
V595	0.11609	0.11164	0.10106	0.67121
V596	0.09976	0.30598	0.21096	0.3833
V597	0.05665	0.49673	0.28085	0.16577
V598	0.08025	0.20195	0.59425	0.12355
V599	0.45381	0.30325	0.10331	0.13964
V600	0.27699	0.41496	0.11286	0.1952
V601	0.17618	0.28938	0.13098	0.40346
V602	0.11647	0.11042	0.09686	0.67625
V603	0.08756	0.35301	0.08558	0.47385
V604	0.37985	0.17158	0.30432	0.14424
V605	0.11181	0.33972	0.31251	0.23596
V606	0.52442	0.17657	0.09234	0.20667
V607	0.47909	0.07537	0.16081	0.28473
V608	0.20536	0.22281	0.30977	0.26206
V609	0.09675	0.27867	0.21691	0.40767
V610	0.55822	0.07079	0.15455	0.21644
V611	0.26108	0.08994	0.12073	0.52825
V612	0.08735	0.18618	0.56601	0.16046
V613	0.08785	0.33899	0.43392	0.13924
V614	0.54948	0.1045	0.12251	0.2235
V615	0.17467	0.12663	0.09306	0.60564
V616	0.11019	0.56871	0.10128	0.21983
V617	0.35784	0.20563	0.32192	0.1146
V618	0.53839	0.05523	0.08236	0.32402
V619	0.30377	0.11476	0.28698	0.2945
V620	0.0635	0.54744	0.28028	0.10878
V621	0.32187	0.20392	0.19384	0.28036
V622	0.27773	0.25672	0.32535	0.1402
V623	0.10372	0.15839	0.17206	0.56583
V624	0.58072	0.20111	0.08056	0.13761
V625	0.22313	0.42851	0.14109	0.20727
V626	0.72428	0.0459	0.08958	0.14024
V627	0.1034	0.11587	0.12976	0.65097
V628	0.09083	0.25145	0.09442	0.56329
V629	0.15067	0.31027	0.24316	0.2959
V630	0.08826	0.33971	0.42762	0.14441
V631	0.09796	0.23847	0.14565	0.51792
V632	0.43718	0.06584	0.18022	0.31676
V633	0.06821	0.14703	0.58693	0.19784
V634	0.30318	0.28104	0.29603	0.11975
V635	0.08045	0.60303	0.07662	0.2399
V636	0.14772	0.18992	0.46457	0.1978
V637	0.2557	0.23292	0.13792	0.37346
V638	0.29127	0.27064	0.1282	0.3099
V639	0.22678	0.39109	0.27411	0.10802
V640	0.09075	0.22743	0.53319	0.14863
V641	0.65274	0.07134	0.10586	0.17006
V642	0.55536	0.18756	0.08004	0.17704
V643	0.07893	0.25233	0.34294	0.3258
V644	0.67446	0.09806	0.08911	0.13837
V645	0.22083	0.37894	0.27388	0.12635
V646	0.06062	0.75234	0.08106	0.10598
V647	0.15893	0.17681	0.50853	0.15573
V648	0.30687	0.38914	0.16779	0.1362
V649	0.08622	0.16697	0.59165	0.15516
V650	0.10459	0.18441	0.54926	0.16174
V651	0.26062	0.10176	0.51377	0.12386
V652	0.13405	0.18307	0.33927	0.3436
V653	0.13878	0.53919	0.13772	0.1843
V654	0.50073	0.21293	0.12431	0.16203
V655	0.09172	0.48367	0.08567	0.33893
V656	0.20303	0.28179	0.08569	0.42949
V657	0.11437	0.14305	0.09401	0.64857
V658	0.43337	0.22642	0.12312	0.21708
V659	0.26741	0.16673	0.30603	0.25984
V660	0.07381	0.73231	0.07457	0.11931
V661	0.10983	0.38678	0.11091	0.39248
V662	0.31797	0.10354	0.3839	0.19459
V663	0.21528	0.16016	0.42916	0.1954
V664	0.19344	0.15717	0.49827	0.15113
V665	0.49567	0.2053	0.11154	0.1875
V666	0.43778	0.06535	0.15494	0.34192
V667	0.56544	0.10978	0.20292	0.12187
V668	0.1322	0.63247	0.13258	0.10275
V669	0.20283	0.38234	0.23192	0.18291
V670	0.10598	0.69888	0.07562	0.11952
V671	0.27847	0.29688	0.24243	0.18222
V672	0.08075	0.14166	0.63906	0.13853
V673	0.20672	0.35409	0.21889	0.22031
V674	0.51847	0.17185	0.09707	0.21262
V675	0.15502	0.33256	0.26867	0.24375
V676	0.10733	0.18321	0.14877	0.5607
V677	0.28983	0.3679	0.14315	0.19913
V678	0.38271	0.41397	0.08529	0.11803
V679	0.09444	0.32599	0.4609	0.11868
V680	0.24618	0.46361	0.16627	0.12394
V681	0.66353	0.08978	0.0947	0.15199
V682	0.13567	0.3136	0.41183	0.13891
V683	0.06069	0.75062	0.08769	0.101
V684	0.5031	0.18839	0.14611	0.16239
V685	0.36119	0.32737	0.16051	0.15092
V686	0.14085	0.23334	0.17161	0.45421
V687	0.11646	0.10593	0.10036	0.67725
V688	0.28743	0.43573	0.07539	0.20146
V689	0.24333	0.08398	0.11778	0.55491
V690	0.35593	0.12128	0.35478	0.16801
V691	0.16719	0.11626	0.59636	0.12019
V692	0.11821	0.21662	0.50444	0.16073
V693	0.21427	0.1863	0.30262	0.29681
V694	0.0948	0.13004	0.26145	0.51372
V695	0.2324	0.09721	0.1835	0.48689
V696	0.14194	0.15268	0.09656	0.60881
V697	0.11023	0.12834	0.09617	0.66525
V698	0.60858	0.04834	0.09272	0.25036
V699	0.40639	0.28202	0.12766	0.18393
V700	0.23001	0.10293	0.0907	0.57636
V701	0.1384	0.45387	0.14276	0.26496
V702	0.40568	0.12973	0.0931	0.37149
V703	0.16162	0.1509	0.37487	0.31262
V704	0.59973	0.08348	0.10454	0.21225
V705	0.72024	0.02753	0.09912	0.15311
V706	0.1198	0.15407	0.5503	0.17583
V707	0.08712	0.39957	0.37525	0.13806
V708	0.08095	0.67441	0.08759	0.15704
V709	0.15055	0.29213	0.39225	0.16507
V710	0.43449	0.22652	0.11634	0.22265
V711	0.11196	0.62283	0.13759	0.12761
V712	0.59987	0.08892	0.08624	0.22497
V713	0.32435	0.29785	0.10068	0.27713
V714	0.07101	0.54585	0.08551	0.29763
V715	0.24427	0.32998	0.26497	0.16079
V716	0.11916	0.12363	0.11539	0.64182
V717	0.10585	0.70409	0.07541	0.11466
V718	0.1555	0.47399	0.18455	0.18596
V719	0.09913	0.56782	0.09561	0.23743
V720	0.51605	0.06059	0.24264	0.18071
V721	0.14958	0.22994	0.36105	0.25944
V722	0.13603	0.32942	0.08443	0.45012
V723	0.15971	0.1505	0.09111	0.59868
V724	0.43099	0.09054	0.14246	0.33602
V725	0.06776	0.18904	0.60601	0.13719
V726	0.09775	0.36289	0.15289	0.38646
V727	0.22372	0.52668	0.13861	0.11099
V728	0.07405	0.68021	0.13673	0.10901
V729	0.3235	0.09298	0.191	0.39252
V730	0.66139	0.06358	0.12276	0.15228
V731	0.09234	0.25624	0.31219	0.33924
V732	0.28079	0.15673	0.30232	0.26016
V733	0.46331	0.20972	0.10359	0.22338
V734	0.20764	0.31326	0.36436	0.11475
V735	0.09208	0.13592	0.3735	0.3985
V736	0.18244	0.09522	0.09457	0.62777
V737	0.26121	0.29899	0.22696	0.21284
V738	0.11873	0.33839	0.34263	0.20026
V739	0.07719	0.12568	0.45001	0.34712
V740	0.61094	0.11418	0.13849	0.13639
V741	0.3622	0.16024	0.16247	0.31508
V742	0.30768	0.49628	0.08627	0.10977
V743	0.15062	0.2129	0.5062	0.13028
V744	0.38747	0.11325	0.29952	0.19976
V745	0.06909	0.56284	0.1834	0.18467
V746	0.74789	0.02478	0.09176	0.13557
V747	0.11107	0.12028	0.51401	0.25465
V748	0.14922	0.189	0.43259	0.22919
V749	0.24501	0.21636	0.11686	0.42177
V750	0.309	0.40332	0.0903	0.19738
V751	0.08633	0.66965	0.09928	0.14474
V752	0.33882	0.25129	0.16774	0.24215
V753	0.11292	0.10461	0.09171	0.69077
V754	0.06418	0.71314	0.07365	0.14903
V755	0.1658	0.24676	0.28227	0.30517
V756	0.11547	0.10714	0.11532	0.66208
V757	0.26468	0.48184	0.12173	0.13174
V758	0.08629	0.60186	0.15205	0.15979
V759	0.15948	0.15677	0.32047	0.36327
V760	0.25182	0.14253	0.25519	0.35045
V761	0.10376	0.48885	0.24048	0.16691
V762	0.08211	0.36052	0.08479	0.47258
V763	0.29519	0.33571	0.09477	0.27433
V764	0.06427	0.70866	0.07793	0.14915
V765	0.48945	0.1282	0.08022	0.30213
V766	0.08057	0.33663	0.33652	0.24628
V767	0.35752	0.18073	0.23732	0.22442
V768	0.09126	0.69856	0.08934	0.12084
V769	0.14747	0.646	0.09348	0.11306
V770	0.06062	0.75234	0.08106	0.10598
V771	0.17302	0.12224	0.5788	0.12594
V772	0.15238	0.14442	0.58318	0.12002
V773	0.15973	0.64603	0.0808	0.11344
V774	0.08139	0.12988	0.65	0.13872
V775	0.15865	0.13828	0.25261	0.45047
V776	0.31666	0.37678	0.11438	0.19218
V777	0.18901	0.1844	0.16733	0.45926
V778	0.38829	0.2767	0.12738	0.20763
V779	0.18151	0.14087	0.38276	0.29487
V780	0.12806	0.61116	0.15755	0.10323
V781	0.12732	0.11549	0.10584	0.65135
V782	0.07186	0.20919	0.55863	0.16032
V783	0.57266	0.06813	0.12252	0.23669
V784	0.12475	0.684	0.08362	0.10763
V785	0.0806	0.71431	0.08536	0.11972
V786	0.51632	0.18416	0.14164	0.15788
V787	0.05653	0.66189	0.17404	0.10754
V788	0.36871	0.29671	0.18299	0.1516
V789	0.12371	0.34765	0.09367	0.43498
V790	0.35406	0.09938	0.13606	0.41049
V791	0.15251	0.36095	0.27417	0.21237
V792	0.15269	0.45548	0.07575	0.31609
V793	0.13967	0.53263	0.09549	0.23221
V794	0.09924	0.17741	0.55488	0.16846
V795	0.15982	0.12676	0.12224	0.59118
V796	0.08638	0.18009	0.60318	0.13035
V797	0.56168	0.05774	0.24321	0.13737
V798	0.4476	0.28642	0.13387	0.13211
V799	0.14296	0.60562	0.09194	0.15948
V800	0.12108	0.13543	0.39302	0.35047
V801	0.16462	0.19631	0.27682	0.36226
V802	0.10938	0.17233	0.24469	0.4736
V803	0.19853	0.45029	0.24483	0.10635
V804	0.39288	0.09445	0.33705	0.17562
V805	0.07507	0.13285	0.67911	0.11298
V806	0.08656	0.6963	0.08495	0.13219
V807	0.23345	0.20075	0.10672	0.45908
V808	0.47618	0.26418	0.11141	0.14823
V809	0.09348	0.14755	0.64596	0.11301
V810	0.06054	0.75672	0.0768	0.10595
V811	0.32449	0.14706	0.21329	0.31516
V812	0.39639	0.26578	0.11715	0.22068
V813	0.42931	0.22158	0.20638	0.14272
V814	0.32694	0.44821	0.11	0.11485
V815	0.05545	0.71324	0.12462	0.10669
V816	0.70417	0.02947	0.1387	0.12765
V817	0.08654	0.17425	0.61427	0.12494
V818	0.10319	0.13101	0.11117	0.65463
V819	0.59895	0.11648	0.12326	0.16131
V820	0.17028	0.1628	0.10168	0.56524
V821	0.19701	0.32153	0.31621	0.16525
V822	0.1124	0.13792	0.61794	0.13174
V823	0.08516	0.25228	0.4849	0.17766
V824	0.11983	0.36357	0.41071	0.10588
V825	0.20466	0.30601	0.22942	0.2599
V826	0.32089	0.3728	0.1837	0.12261
V827	0.29042	0.49264	0.08413	0.13281
V828	0.21149	0.21767	0.14854	0.4223
V829	0.10961	0.26913	0.10363	0.51763
V830	0.21208	0.25455	0.09646	0.43691
V831	0.556	0.12744	0.10769	0.20888
V832	0.22497	0.37199	0.18155	0.22149
V833	0.15694	0.44117	0.18479	0.2171
V834	0.25567	0.14712	0.13463	0.46259
V835	0.27638	0.39833	0.15275	0.17254
V836	0.07139	0.55006	0.07587	0.30268
V837	0.20012	0.36212	0.1912	0.24657
V838	0.69026	0.06626	0.11074	0.13274
V839	0.24383	0.4999	0.14407	0.1122
V840	0.24014	0.57312	0.08078	0.10596
V841	0.06788	0.15497	0.62158	0.15557
V842	0.27965	0.22006	0.24173	0.25856
V843	0.07965	0.14011	0.61078	0.16947
V844	0.14994	0.17851	0.30888	0.36267
V845	0.11044	0.19816	0.52976	0.16164
V846	0.07329	0.13367	0.54117	0.25187
V847	0.10773	0.09939	0.09705	0.69583
V848	0.12278	0.44433	0.18024	0.25265
V849	0.0565	0.73299	0.07981	0.1307
V850	0.733	0.02649	0.0995	0.14102
V851	0.26519	0.45501	0.17212	0.10768
V852	0.15646	0.13728	0.16787	0.53839
V853	0.21415	0.26375	0.32336	0.19874
V854	0.42787	0.20415	0.15023	0.21775
V855	0.10773	0.09939	0.09705	0.69583
V856	0.09825	0.35282	0.28813	0.2608
V857	0.48487	0.19997	0.10392	0.21123
V858	0.41721	0.08422	0.37242	0.12615
V859	0.47328	0.23983	0.09516	0.19173
V860	0.19717	0.17802	0.11889	0.50592
V861	0.12092	0.3507	0.41047	0.11791
V862	0.15151	0.17831	0.52018	0.15
V863	0.21085	0.12984	0.08589	0.57341
V864	0.13754	0.12216	0.11927	0.62103
V865	0.16066	0.11001	0.24717	0.48216
V866	0.53248	0.07682	0.25427	0.13642
V867	0.53225	0.08449	0.25412	0.12914
V868	0.37129	0.28381	0.16625	0.17865
V869	0.06855	0.74443	0.08002	0.10699
V870	0.14421	0.32988	0.08885	0.43706
V871	0.0565	0.73299	0.07981	0.1307
V872	0.09853	0.12274	0.23553	0.54321
V873	0.64855	0.06373	0.12981	0.15791
V874	0.18214	0.62046	0.0938	0.10359
V875	0.09354	0.24753	0.20074	0.45819
V876	0.16495	0.33276	0.32593	0.17636
V877	0.09815	0.38162	0.25355	0.26669
V878	0.13968	0.63747	0.12004	0.10281
V879	0.17916	0.55252	0.10232	0.166
V880	0.24804	0.46149	0.07829	0.21218
V881	0.16567	0.14528	0.44623	0.24282
V882	0.58468	0.0473	0.17952	0.1885
V883	0.23669	0.23946	0.41121	0.11263
V884	0.09913	0.28815	0.07745	0.53526
V885	0.51815	0.22108	0.14176	0.11901
V886	0.07527	0.36241	0.3579	0.20441
V887	0.45977	0.12185	0.19086	0.22752
V888	0.13345	0.15223	0.53242	0.1819
V889	0.67781	0.07416	0.10327	0.14476
V890	0.0944	0.22334	0.44964	0.23262
V891	0.45577	0.11188	0.27545	0.15689
V892	0.24529	0.22112	0.08873	0.44486
V893	0.41634	0.23411	0.18382	0.16573
V894	0.10627	0.32498	0.42966	0.13908
V895	0.43216	0.12834	0.21401	0.2255
V896	0.08055	0.71938	0.08049	0.11958
V897	0.49778	0.24878	0.08614	0.1673
V898	0.36921	0.06654	0.08846	0.47578
V899	0.10048	0.24267	0.16744	0.48941
V900	0.12111	0.31578	0.29387	0.26923
V901	0.08345	0.64816	0.07651	0.19188
V902	0.0853	0.69769	0.10945	0.10756
V903	0.0653	0.3958	0.39588	0.14302
V904	0.06845	0.7483	0.07645	0.1068
V905	0.18276	0.09666	0.19471	0.52587
V906	0.31249	0.15736	0.15106	0.37908
V907	0.31942	0.43656	0.09146	0.15256
V908	0.10704	0.13372	0.12811	0.63113
V909	0.1415	0.62796	0.07171	0.15883
V910	0.19011	0.09347	0.16297	0.55344
V911	0.37496	0.35462	0.10116	0.16926
V912	0.29371	0.32067	0.15985	0.22577
V913	0.16571	0.0913	0.0957	0.64729
V914	0.1745	0.43109	0.25807	0.13634
V915	0.22652	0.08335	0.09189	0.59824
V916	0.21978	0.14662	0.48177	0.15184
V917	0.51486	0.08598	0.19973	0.19943
V918	0.09001	0.52236	0.21578	0.17185
V919	0.19271	0.27091	0.25813	0.27824
V920	0.43935	0.22293	0.14536	0.19236
V921	0.11028	0.21207	0.10413	0.57352
V922	0.12475	0.41828	0.31403	0.14294
V923	0.14418	0.10842	0.11534	0.63206
V924	0.08155	0.54587	0.24389	0.12868
V925	0.19791	0.11296	0.09687	0.59226
V926	0.21204	0.10647	0.10616	0.57533
V927	0.11342	0.12473	0.11971	0.64215
V928	0.08578	0.6864	0.0776	0.15022
V929	0.09726	0.52648	0.15468	0.22158
V930	0.36866	0.34172	0.10187	0.18775
V931	0.15061	0.29958	0.38504	0.16477
V932	0.09575	0.20194	0.44377	0.25854
V933	0.43532	0.3505	0.08983	0.12436
V934	0.08785	0.22204	0.24507	0.44504
V935	0.40379	0.2033	0.21901	0.17391
V936	0.38334	0.274	0.09144	0.25122
V937	0.39679	0.17466	0.14101	0.28754
V938	0.29583	0.13008	0.28022	0.29386
V939	0.54632	0.07171	0.1386	0.24336
V940	0.07407	0.62225	0.16979	0.13389
V941	0.07037	0.13163	0.6786	0.11941
V942	0.52797	0.20343	0.13117	0.13743
V943	0.30176	0.19018	0.34835	0.15971
V944	0.09487	0.28526	0.12095	0.49892
V945	0.40413	0.3282	0.08561	0.18206
V946	0.33266	0.27599	0.24457	0.14678
V947	0.1406	0.1463	0.22111	0.49199
V948	0.27386	0.11974	0.47115	0.13525
V949	0.08665	0.19179	0.20422	0.51734
V950	0.09973	0.46296	0.20292	0.2344
V951	0.6084	0.05909	0.19995	0.13256
V952	0.12624	0.20464	0.23903	0.43009
V953	0.08009	0.16179	0.61977	0.13835
V954	0.10654	0.23555	0.16736	0.49055
V955	0.14186	0.49671	0.09093	0.2705
V956	0.10225	0.13538	0.39416	0.36821
V957	0.28643	0.08875	0.08506	0.53976
V958	0.11314	0.09832	0.09346	0.69509
V959	0.20499	0.28642	0.34144	0.16715
V960	0.21225	0.28604	0.13211	0.3696
V961	0.14966	0.36757	0.28872	0.19404
V962	0.28016	0.22233	0.32598	0.17154
V963	0.42506	0.20555	0.1895	0.17989
V964	0.60878	0.07343	0.16098	0.15681
V965	0.10111	0.44268	0.18922	0.26699
V966	0.72613	0.03903	0.09401	0.14083
V967	0.11368	0.14872	0.40046	0.33714
V968	0.06473	0.22998	0.54462	0.16066
V969	0.09098	0.29907	0.102	0.50794
V970	0.10163	0.20716	0.33149	0.35972
V971	0.36879	0.15159	0.29858	0.18105
V972	0.37288	0.22664	0.1151	0.28537
V973	0.22739	0.38093	0.12747	0.26421
V974	0.06381	0.61522	0.15735	0.16362
V975	0.12864	0.30861	0.4493	0.11345
V976	0.3247	0.26687	0.15557	0.25285
V977	0.25489	0.34258	0.28738	0.11515
V978	0.13255	0.16604	0.12559	0.57583
V979	0.58814	0.0669	0.2125	0.13247
V980	0.74789	0.02478	0.09176	0.13557
V981	0.27449	0.12357	0.3539	0.24803
V982	0.32197	0.36289	0.13346	0.18167
V983	0.51161	0.10631	0.08557	0.29651
V984	0.06912	0.65287	0.14545	0.13257
V985	0.13383	0.23096	0.08425	0.55096
V986	0.25717	0.44514	0.11015	0.18755
V987	0.20817	0.59481	0.07508	0.12193
V988	0.2187	0.09877	0.09583	0.5867
V989	0.32931	0.41053	0.13256	0.1276
V990	0.06809	0.15986	0.56164	0.21041
V991	0.47052	0.32363	0.08033	0.12551
V992	0.20115	0.10999	0.40572	0.28314
V993	0.0986	0.58063	0.17986	0.1409
V994	0.17639	0.61592	0.09364	0.11405
V995	0.52714	0.14484	0.10712	0.22091
V996	0.24195	0.17795	0.09074	0.48936
V997	0.08288	0.13348	0.58499	0.19865
V998	0.63799	0.05132	0.14117	0.16952
V999	0.13086	0.68676	0.07457	0.1078
V1000	0.2746	0.09615	0.08468	0.54457
