CD14.pos.CD16.neg.classical.monocyte	mature.neutrophil	memory.B.cell	cytotoxic.CD56.dim.NK.cell	memory.CD4.pos.AB.T.cell	macrophage
V1	0.12156	0.04379	0.67416	0.05926	0.02165	0.07959
V2	0.46211	0.12804	0.04988	0.11276	0.12223	0.12497
V3	0.25344	0.06594	0.18917	0.0299	0.04375	0.4178
V4	0.23283	0.37152	0.03963	0.09869	0.12383	0.1335
V5	0.06686	0.07299	0.00451	0.4968	0.31054	0.04829
V6	0.2539	0.0363	0.16017	0.06327	0.14914	0.33721
V7	0.09816	0.34892	0.02239	0.0719	0.3908	0.06783
V8	0.54099	0.072	0.05704	0.11502	0.05045	0.16449
V9	0.28322	0.15702	0.03095	0.2085	0.08974	0.23057
V10	0.38406	0.06097	0.07618	0.26783	0.08917	0.1218
V11	0.13975	0.61303	0.0485	0.05807	0.0737	0.06695
V12	0.26981	0.03931	0.07869	0.02974	0.04916	0.53328
V13	0.12523	0.43307	0.25883	0.0621	0.05297	0.06779
V14	0.11256	0.04942	0.01949	0.64073	0.12024	0.05755
V15	0.40413	0.09408	0.03743	0.12725	0.19368	0.14344
V16	0.11352	0.03733	0.01996	0.33669	0.34224	0.15026
V17	0.25396	0.04776	0.14705	0.02619	0.03921	0.48582
V18	0.55262	0.14519	0.06149	0.05585	0.04019	0.14465
V19	0.46142	0.07736	0.17861	0.05277	0.09702	0.13283
V20	0.48555	0.08332	0.10748	0.11574	0.04897	0.15894
V21	0.27534	0.04843	0.05034	0.03075	0.07567	0.51947
V22	0.19687	0.07926	0.0297	0.1091	0.47914	0.10593
V23	0.09202	0.04351	0.29815	0.07509	0.42445	0.06677
V24	0.17134	0.04532	0.01931	0.1455	0.511	0.10752
V25	0.37785	0.24961	0.03961	0.1309	0.08611	0.11593
V26	0.26384	0.05207	0.03506	0.06524	0.48973	0.09407
V27	0.23497	0.03093	0.16878	0.03236	0.04579	0.48717
V28	0.15893	0.23009	0.15162	0.19403	0.0863	0.17903
V29	0.13699	0.47682	0.10663	0.08909	0.05748	0.13299
V30	0.24081	0.18853	0.11711	0.04532	0.1995	0.20873
V31	0.50111	0.05454	0.18116	0.06106	0.03261	0.16952
V32	0.06941	0.04488	0.30195	0.42365	0.07796	0.08214
V33	0.23674	0.34153	0.2079	0.05971	0.04403	0.11009
V34	0.04298	0.0324	0.43793	0.08147	0.33481	0.07041
V35	0.07104	0.07734	0.16895	0.42534	0.18157	0.07576
V36	0.13882	0.41031	0.12077	0.05882	0.19269	0.07859
V37	0.09673	0.03745	0.62632	0.0585	0.02321	0.15779
V38	0.25341	0.0242	0.14125	0.02503	0.03897	0.51714
V39	0.46147	0.06713	0.04657	0.22391	0.06396	0.13697
V40	0.13095	0.41494	0.03738	0.14686	0.15144	0.11844
V41	0.52813	0.05327	0.06805	0.04271	0.04393	0.26391
V42	0.24213	0.04565	0.44367	0.05063	0.05946	0.15846
V43	0.21653	0.34381	0.03756	0.06843	0.21418	0.11949
V44	0.14522	0.61938	0.04396	0.05272	0.06282	0.07591
V45	0.35367	0.27036	0.07579	0.05463	0.05908	0.18646
V46	0.13634	0.03375	0.03328	0.23805	0.32235	0.23623
V47	0.12642	0.35876	0.0292	0.14787	0.23632	0.10142
V48	0.10881	0.49212	0.17619	0.05291	0.10972	0.06024
V49	0.13658	0.59272	0.04089	0.05341	0.11042	0.06598
V50	0.06069	0.03118	0.24389	0.07318	0.48172	0.10934
V51	0.03997	0.0369	0.01368	0.08591	0.75762	0.06593
V52	0.11221	0.44618	0.2245	0.07355	0.07447	0.06909
V53	0.15915	0.03919	0.09728	0.08924	0.53854	0.0766
V54	0.10985	0.1265	0.46744	0.08522	0.09469	0.11629
V55	0.04393	0.06804	0.1142	0.09368	0.61692	0.06323
V56	0.046	0.06366	0.62829	0.14108	0.06251	0.05846
V57	0.21181	0.29576	0.06718	0.03991	0.14081	0.24452
V58	0.0618	0.04054	0.70597	0.07231	0.02319	0.09618
V59	0.09658	0.04173	0.00324	0.66295	0.14535	0.05015
V60	0.40753	0.04697	0.04008	0.31907	0.07632	0.11003
V61	0.30989	0.12631	0.04228	0.14359	0.10032	0.27762
V62	0.41203	0.06167	0.09677	0.12198	0.11196	0.19558
V63	0.17324	0.39854	0.04512	0.08885	0.06988	0.22438
V64	0.05103	0.12461	0.0144	0.07385	0.67288	0.06322
V65	0.42509	0.13444	0.06678	0.05379	0.07259	0.2473
V66	0.38543	0.06352	0.13213	0.06846	0.23267	0.11778
V67	0.12969	0.145	0.2662	0.20621	0.06252	0.19039
V68	0.605	0.06361	0.0635	0.07443	0.03869	0.15477
V69	0.4582	0.0603	0.05133	0.0374	0.05861	0.33416
V70	0.08489	0.03888	0.20005	0.47472	0.14418	0.05728
V71	0.12303	0.23256	0.04907	0.12047	0.31321	0.16166
V72	0.4454	0.13128	0.10007	0.05926	0.08319	0.18079
V73	0.10123	0.03278	0.08963	0.58668	0.13196	0.05773
V74	0.0754	0.15773	0.01928	0.5822	0.1216	0.04379
V75	0.12568	0.62005	0.03534	0.06846	0.08637	0.0641
V76	0.05473	0.03274	0.59748	0.08468	0.16212	0.06824
V77	0.14781	0.14256	0.10192	0.41204	0.0906	0.10507
V78	0.4052	0.12795	0.08249	0.1231	0.06066	0.2006
V79	0.19038	0.41104	0.04963	0.0358	0.05221	0.26093
V80	0.18246	0.43063	0.04226	0.04316	0.0653	0.23619
V81	0.51588	0.12223	0.10495	0.0556	0.04991	0.15143
V82	0.12223	0.5668	0.03764	0.07862	0.12476	0.06994
V83	0.17628	0.15126	0.03917	0.31947	0.19153	0.12229
V84	0.30536	0.04786	0.09976	0.33372	0.09678	0.11653
V85	0.58008	0.06204	0.11583	0.05717	0.0342	0.15069
V86	0.26232	0.05587	0.13111	0.23671	0.07384	0.24015
V87	0.07033	0.04772	0.02441	0.67622	0.12558	0.05575
V88	0.16568	0.04987	0.02501	0.38961	0.13219	0.23764
V89	0.15477	0.152	0.36524	0.04555	0.03408	0.24837
V90	0.14047	0.49498	0.12627	0.05625	0.09967	0.08237
V91	0.07531	0.04384	0.05161	0.14713	0.60425	0.07786
V92	0.05249	0.09202	0.0213	0.07982	0.67962	0.07476
V93	0.24163	0.07764	0.03774	0.106	0.24137	0.29562
V94	0.05752	0.03824	0.23603	0.52717	0.09383	0.04721
V95	0.04073	0.04105	0.27879	0.15201	0.43064	0.05677
V96	0.14023	0.30867	0.03906	0.07862	0.26854	0.16488
V97	0.0402	0.04417	0.02002	0.12525	0.7119	0.05846
V98	0.08893	0.09604	0.01214	0.5678	0.18185	0.05324
V99	0.06641	0.04834	0.00872	0.69689	0.13509	0.04455
V100	0.06118	0.03695	0.40306	0.24472	0.16674	0.08735
V101	0.08491	0.30343	0.3688	0.11939	0.05349	0.06999
V102	0.56497	0.06821	0.1284	0.05722	0.03364	0.14756
V103	0.48345	0.06907	0.05665	0.15483	0.08793	0.14807
V104	0.08142	0.03079	0.19892	0.52044	0.10715	0.06129
V105	0.26581	0.02452	0.10017	0.02361	0.04093	0.54495
V106	0.13206	0.02623	0.49933	0.04227	0.03258	0.26753
V107	0.1469	0.48179	0.20338	0.05094	0.04984	0.06715
V108	0.21838	0.04772	0.06367	0.03838	0.19821	0.43365
V109	0.23107	0.0313	0.04524	0.02937	0.18373	0.4793
V110	0.09387	0.15754	0.57086	0.05404	0.03474	0.08895
V111	0.04445	0.04874	0.72528	0.07558	0.03826	0.06769
V112	0.10746	0.28396	0.01205	0.43339	0.10898	0.05416
V113	0.06642	0.10445	0.52979	0.0864	0.14227	0.07068
V114	0.15197	0.03476	0.54185	0.15741	0.03489	0.07912
V115	0.3756	0.08641	0.05547	0.05948	0.13967	0.28336
V116	0.59629	0.06261	0.06223	0.08606	0.04025	0.15256
V117	0.41648	0.05765	0.03788	0.11933	0.24687	0.12179
V118	0.12115	0.50708	0.11177	0.07307	0.10886	0.07807
V119	0.13212	0.59204	0.04619	0.07631	0.0693	0.08405
V120	0.14043	0.18936	0.10252	0.33227	0.15133	0.0841
V121	0.32332	0.04018	0.04211	0.214	0.06106	0.31933
V122	0.27136	0.05645	0.02655	0.44275	0.12072	0.08217
V123	0.33973	0.04159	0.0414	0.06801	0.1496	0.35966
V124	0.04637	0.03396	0.26577	0.07902	0.50922	0.06567
V125	0.08444	0.14888	0.52957	0.09695	0.0342	0.10596
V126	0.22221	0.2161	0.07881	0.034	0.05272	0.39615
V127	0.07729	0.03297	0.65421	0.12694	0.03807	0.07051
V128	0.29043	0.23063	0.11449	0.15377	0.10598	0.1047
V129	0.04842	0.04794	0.68191	0.11406	0.03649	0.07118
V130	0.40236	0.13911	0.04307	0.20966	0.08534	0.12047
V131	0.09556	0.03169	0.04027	0.07765	0.59744	0.1574
V132	0.09996	0.37631	0.32661	0.05268	0.0796	0.06483
V133	0.10226	0.18153	0.4576	0.11335	0.07878	0.06648
V134	0.21118	0.47395	0.04203	0.05596	0.11825	0.09863
V135	0.10857	0.03871	0.5905	0.05386	0.06472	0.14365
V136	0.16302	0.5227	0.08932	0.06218	0.08485	0.07793
V137	0.0811	0.15989	0.4549	0.07274	0.17034	0.06102
V138	0.19239	0.02468	0.03762	0.3059	0.14202	0.29739
V139	0.1308	0.06679	0.14502	0.05519	0.35282	0.24939
V140	0.43178	0.20976	0.07737	0.09498	0.05355	0.13257
V141	0.23727	0.23556	0.12423	0.21725	0.08788	0.09781
V142	0.18563	0.51471	0.04731	0.08532	0.0611	0.10594
V143	0.10312	0.08074	0.5097	0.11088	0.10945	0.08612
V144	0.23322	0.15319	0.04939	0.10808	0.06004	0.39608
V145	0.07199	0.03142	0.01671	0.69665	0.12167	0.06156
V146	0.14278	0.04357	0.08159	0.07142	0.53913	0.12151
V147	0.39019	0.09405	0.12766	0.06909	0.04048	0.27853
V148	0.06908	0.1725	0.60408	0.05626	0.02768	0.07039
V149	0.19497	0.37305	0.03647	0.05015	0.05371	0.29164
V150	0.07109	0.03264	0.00143	0.69838	0.15038	0.04608
V151	0.21137	0.31296	0.03783	0.03767	0.06847	0.3317
V152	0.1152	0.2112	0.35376	0.07818	0.13914	0.10251
V153	0.05156	0.0629	0.52169	0.23521	0.06843	0.06021
V154	0.37357	0.19062	0.05285	0.03613	0.04418	0.30264
V155	0.11684	0.30722	0.09329	0.05591	0.33154	0.09521
V156	0.08834	0.40088	0.02964	0.05956	0.36419	0.05738
V157	0.1917	0.10865	0.06312	0.21098	0.07734	0.34821
V158	0.06325	0.08109	0.69882	0.05999	0.02247	0.07439
V159	0.16823	0.21243	0.27772	0.16505	0.08368	0.09289
V160	0.06818	0.03211	0.70068	0.06449	0.0214	0.11314
V161	0.10276	0.40517	0.01867	0.26579	0.15462	0.05299
V162	0.11673	0.43035	0.02361	0.13437	0.21885	0.0761
V163	0.05718	0.03417	0.74778	0.06214	0.02189	0.07685
V164	0.08783	0.29774	0.30607	0.12794	0.11504	0.06539
V165	0.0867	0.04912	0.04689	0.07961	0.60361	0.13407
V166	0.14287	0.03416	0.0209	0.14991	0.39085	0.26131
V167	0.06086	0.02957	0.35733	0.40078	0.09432	0.05715
V168	0.49137	0.06181	0.04931	0.20419	0.05491	0.13841
V169	0.06633	0.03842	0.57088	0.20075	0.04841	0.07521
V170	0.35226	0.06726	0.11099	0.24544	0.11268	0.11137
V171	0.22121	0.35477	0.05081	0.03531	0.06204	0.27586
V172	0.12347	0.08566	0.43869	0.16965	0.04995	0.13257
V173	0.08132	0.04525	0.6337	0.05277	0.03707	0.14989
V174	0.45488	0.12884	0.0508	0.06013	0.18018	0.12517
V175	0.14663	0.49958	0.12613	0.06278	0.09457	0.07031
V176	0.04244	0.03346	0.74795	0.07009	0.03692	0.06913
V177	0.17843	0.09245	0.27547	0.06474	0.16761	0.22129
V178	0.0618	0.06878	0.04485	0.07324	0.67375	0.07758
V179	0.10559	0.02709	0.04674	0.48146	0.1777	0.16141
V180	0.25292	0.04191	0.17369	0.30585	0.0646	0.16102
V181	0.39841	0.12822	0.08979	0.08751	0.0953	0.20078
V182	0.06598	0.10338	0.6162	0.10256	0.03069	0.08119
V183	0.07816	0.03295	0.00906	0.7107	0.1225	0.04663
V184	0.31675	0.32853	0.04561	0.06788	0.13539	0.10584
V185	0.17881	0.40357	0.05184	0.05061	0.14901	0.16616
V186	0.04761	0.03018	0.51393	0.29159	0.06237	0.05433
V187	0.2638	0.39128	0.03638	0.06308	0.15436	0.09111
V188	0.19919	0.43719	0.04284	0.05616	0.05489	0.20974
V189	0.08609	0.08621	0.16453	0.079	0.43741	0.14676
V190	0.10704	0.17318	0.02696	0.0687	0.45817	0.16596
V191	0.17943	0.43591	0.03618	0.04313	0.06578	0.23955
V192	0.3957	0.20955	0.10972	0.067	0.08637	0.13166
V193	0.25515	0.11314	0.04974	0.02978	0.05294	0.49927
V194	0.05616	0.05153	0.03502	0.15497	0.62775	0.07457
V195	0.05027	0.03145	0.59658	0.13034	0.12545	0.06591
V196	0.06544	0.03199	0.02421	0.67348	0.15394	0.05095
V197	0.19689	0.04072	0.04562	0.07402	0.54911	0.09364
V198	0.15701	0.33338	0.05751	0.14981	0.22272	0.07958
V199	0.08265	0.21437	0.10465	0.13268	0.3995	0.06615
V200	0.11046	0.03641	0.46596	0.20807	0.05219	0.12691
V201	0.08125	0.03154	0.00199	0.69648	0.12079	0.06795
V202	0.14067	0.07579	0.35258	0.07271	0.14582	0.21243
V203	0.43088	0.07236	0.04322	0.2694	0.06433	0.11981
V204	0.24966	0.06344	0.07096	0.1362	0.06023	0.41951
V205	0.05083	0.04919	0.73153	0.07485	0.02477	0.06883
V206	0.07023	0.07147	0.10288	0.57715	0.13198	0.04629
V207	0.32226	0.17737	0.06679	0.20034	0.07943	0.15381
V208	0.3076	0.10532	0.32544	0.08462	0.0733	0.10372
V209	0.27463	0.37095	0.03902	0.06385	0.05886	0.19268
V210	0.12192	0.05215	0.66616	0.05904	0.02127	0.07946
V211	0.39818	0.06916	0.11969	0.05324	0.14922	0.21051
V212	0.08926	0.2408	0.18102	0.30309	0.12056	0.06527
V213	0.08075	0.09117	0.24045	0.08674	0.43344	0.06745
V214	0.55304	0.07458	0.07149	0.0869	0.06502	0.14898
V215	0.17764	0.4676	0.03562	0.06206	0.05713	0.19996
V216	0.16761	0.39357	0.24977	0.0564	0.05738	0.07528
V217	0.2466	0.03014	0.0677	0.1008	0.24814	0.30661
V218	0.12258	0.28436	0.02061	0.40799	0.11182	0.05264
V219	0.55776	0.05752	0.06947	0.04545	0.04343	0.22637
V220	0.13946	0.04215	0.02122	0.61993	0.10993	0.06732
V221	0.1648	0.53687	0.05782	0.09886	0.06867	0.07297
V222	0.12786	0.25093	0.05476	0.15822	0.32269	0.08555
V223	0.16449	0.25329	0.22658	0.04355	0.06037	0.2517
V224	0.04386	0.0338	0.36023	0.07098	0.43055	0.06058
V225	0.30507	0.03467	0.06023	0.02969	0.04371	0.52662
V226	0.24425	0.07632	0.18908	0.23703	0.14019	0.11314
V227	0.461	0.04925	0.0482	0.18914	0.06021	0.19218
V228	0.1571	0.21201	0.3737	0.0882	0.06491	0.10408
V229	0.17274	0.04141	0.31198	0.22429	0.15073	0.09885
V230	0.09176	0.1576	0.57779	0.06056	0.02873	0.08355
V231	0.1037	0.04961	0.01145	0.64875	0.13548	0.05101
V232	0.35095	0.04477	0.03528	0.22294	0.06833	0.27773
V233	0.55803	0.06646	0.07219	0.09184	0.05283	0.15865
V234	0.36273	0.04758	0.03523	0.07228	0.36193	0.12025
V235	0.12565	0.03344	0.0282	0.62309	0.12392	0.0657
V236	0.11825	0.02869	0.17689	0.06972	0.41434	0.1921
V237	0.05139	0.03182	0.66859	0.13519	0.04642	0.06659
V238	0.45416	0.04665	0.08085	0.09776	0.0685	0.25208
V239	0.39277	0.0696	0.12311	0.13989	0.1327	0.14193
V240	0.0702	0.22912	0.01545	0.14767	0.47874	0.05883
V241	0.40918	0.16734	0.04563	0.1638	0.08727	0.12679
V242	0.29261	0.07145	0.06926	0.15254	0.11427	0.29988
V243	0.09412	0.32387	0.36709	0.08367	0.0682	0.06306
V244	0.18375	0.04744	0.0331	0.05234	0.4449	0.23847
V245	0.52206	0.05198	0.06124	0.04221	0.05038	0.27212
V246	0.06397	0.07157	0.20305	0.32124	0.27741	0.06276
V247	0.30116	0.09267	0.04355	0.1521	0.06953	0.34099
V248	0.23448	0.06327	0.02274	0.21104	0.35442	0.11406
V249	0.22848	0.15921	0.31218	0.10212	0.04042	0.15758
V250	0.07543	0.04824	0.00915	0.69523	0.12113	0.05081
V251	0.11638	0.44618	0.13582	0.16487	0.07059	0.06615
V252	0.06717	0.03983	0.04014	0.64629	0.1499	0.05666
V253	0.15853	0.07225	0.02683	0.30737	0.17141	0.2636
V254	0.10889	0.23524	0.08233	0.18367	0.29295	0.09692
V255	0.30521	0.26017	0.09046	0.08648	0.09286	0.16482
V256	0.13126	0.61804	0.03654	0.05718	0.07982	0.07716
V257	0.12218	0.34612	0.05095	0.07209	0.30502	0.10363
V258	0.09664	0.21821	0.12715	0.40796	0.08574	0.0643
V259	0.10465	0.43865	0.27156	0.06104	0.04719	0.07691
V260	0.14749	0.06657	0.03569	0.07448	0.52292	0.15284
V261	0.38608	0.06029	0.0676	0.0727	0.19448	0.21884
V262	0.09937	0.04302	0.64692	0.06812	0.07204	0.07053
V263	0.07104	0.07903	0.52114	0.20478	0.05085	0.07316
V264	0.43348	0.0625	0.12174	0.06873	0.0835	0.23006
V265	0.06749	0.03722	0.01441	0.09666	0.71519	0.06902
V266	0.29868	0.05736	0.05883	0.03076	0.0497	0.50467
V267	0.20674	0.51362	0.03572	0.09912	0.06794	0.07686
V268	0.60053	0.06209	0.05833	0.05453	0.03797	0.18656
V269	0.08508	0.07163	0.11174	0.55647	0.121	0.05409
V270	0.26103	0.39061	0.05593	0.06227	0.13542	0.09474
V271	0.19308	0.12501	0.22085	0.04401	0.05167	0.36539
V272	0.07149	0.03381	0.01348	0.13104	0.6343	0.11588
V273	0.09133	0.03461	0.06139	0.13029	0.5805	0.10189
V274	0.2273	0.03066	0.16023	0.06448	0.04956	0.46778
V275	0.47752	0.18826	0.05629	0.05857	0.04897	0.1704
V276	0.21273	0.22338	0.09458	0.08888	0.0829	0.29755
V277	0.389	0.0554	0.05115	0.04536	0.13768	0.32141
V278	0.15862	0.13099	0.1004	0.2227	0.29938	0.08791
V279	0.24435	0.06628	0.18775	0.0698	0.05369	0.37812
V280	0.14759	0.03408	0.01475	0.61366	0.11581	0.07411
V281	0.13185	0.60489	0.05868	0.07278	0.06363	0.06818
V282	0.0612	0.06897	0.02	0.12115	0.65816	0.07052
V283	0.08975	0.37458	0.02262	0.0655	0.38128	0.06627
V284	0.11149	0.10773	0.26641	0.2767	0.09628	0.14139
V285	0.07552	0.04829	0.00171	0.69529	0.12834	0.05084
V286	0.46696	0.07559	0.10426	0.17384	0.04989	0.12946
V287	0.06494	0.04224	0.04414	0.13227	0.61869	0.09772
V288	0.21354	0.23576	0.04856	0.04055	0.13597	0.32562
V289	0.05587	0.10307	0.58692	0.13106	0.05517	0.06792
V290	0.06414	0.03019	0.1976	0.54111	0.10313	0.06384
V291	0.09116	0.05629	0.0027	0.66667	0.12468	0.0585
V292	0.16987	0.10755	0.02729	0.4474	0.17911	0.06877
V293	0.04731	0.07703	0.04371	0.08115	0.68126	0.06953
V294	0.39148	0.06948	0.0392	0.06327	0.24723	0.18934
V295	0.31003	0.02781	0.0608	0.0242	0.04912	0.52803
V296	0.12224	0.31587	0.08919	0.22428	0.11509	0.13333
V297	0.266	0.07571	0.04447	0.02877	0.05222	0.53284
V298	0.12226	0.55929	0.14237	0.05706	0.0566	0.06243
V299	0.1532	0.10033	0.57058	0.06241	0.03244	0.08104
V300	0.49608	0.13263	0.07783	0.05089	0.03944	0.20313
V301	0.36167	0.33173	0.08183	0.06037	0.05474	0.10966
V302	0.09405	0.25613	0.06851	0.39015	0.12791	0.06325
V303	0.11919	0.52364	0.07994	0.06336	0.14433	0.06954
V304	0.05983	0.03715	0.03744	0.07717	0.71976	0.06866
V305	0.12453	0.033	0.16101	0.33907	0.1437	0.19868
V306	0.37297	0.11091	0.04674	0.03755	0.04364	0.38818
V307	0.17934	0.04466	0.02967	0.0768	0.53734	0.13218
V308	0.06616	0.04052	0.00084	0.71649	0.1313	0.04469
V309	0.10787	0.43339	0.02584	0.28854	0.08305	0.06131
V310	0.16234	0.31029	0.22327	0.04658	0.05556	0.20196
V311	0.42394	0.04083	0.05669	0.03859	0.04116	0.39878
V312	0.15203	0.04402	0.01395	0.314	0.38728	0.08873
V313	0.33803	0.03867	0.04586	0.05755	0.04576	0.47414
V314	0.2411	0.04706	0.02322	0.51175	0.10122	0.07564
V315	0.19708	0.51261	0.04291	0.05023	0.09605	0.10111
V316	0.30371	0.03559	0.05629	0.07653	0.06052	0.46736
V317	0.13394	0.02851	0.01788	0.52331	0.13279	0.16358
V318	0.0714	0.03973	0.03187	0.67732	0.11813	0.06155
V319	0.29303	0.17809	0.21685	0.14237	0.05314	0.11652
V320	0.23019	0.18227	0.27401	0.12185	0.05052	0.14115
V321	0.11618	0.49706	0.02356	0.22426	0.0833	0.05565
V322	0.09517	0.03095	0.09541	0.07604	0.54462	0.1578
V323	0.10028	0.26438	0.01361	0.31068	0.25427	0.05678
V324	0.1428	0.06125	0.05574	0.20009	0.34495	0.19517
V325	0.16438	0.59147	0.05579	0.05245	0.06069	0.07521
V326	0.2037	0.53705	0.05071	0.05193	0.07427	0.08235
V327	0.10724	0.03577	0.69695	0.06034	0.02141	0.0783
V328	0.18392	0.1929	0.16913	0.15158	0.22107	0.08141
V329	0.05217	0.03216	0.47733	0.06645	0.29414	0.07774
V330	0.05127	0.0333	0.7345	0.06914	0.03651	0.07528
V331	0.47483	0.1025	0.08765	0.10071	0.04937	0.18494
V332	0.15176	0.08243	0.14591	0.05242	0.30729	0.26019
V333	0.06838	0.04517	0.38469	0.29706	0.12367	0.08103
V334	0.08631	0.34429	0.32803	0.13008	0.05132	0.05997
V335	0.14437	0.04858	0.58706	0.0586	0.02368	0.13771
V336	0.28732	0.44384	0.06037	0.05029	0.05783	0.10035
V337	0.10988	0.18631	0.0705	0.0718	0.49743	0.06409
V338	0.49873	0.05582	0.08167	0.05835	0.14608	0.15934
V339	0.14317	0.10161	0.32218	0.22156	0.07312	0.13837
V340	0.43375	0.23507	0.04652	0.07674	0.06552	0.1424
V341	0.23985	0.06969	0.05462	0.43002	0.11889	0.08692
V342	0.13251	0.03555	0.02621	0.49423	0.13715	0.17435
V343	0.24252	0.14858	0.12818	0.04919	0.05548	0.37604
V344	0.13277	0.47424	0.02956	0.06475	0.16997	0.12872
V345	0.0445	0.03665	0.02157	0.08593	0.75004	0.0613
V346	0.16996	0.04304	0.0295	0.35131	0.311	0.09519
V347	0.36124	0.14577	0.05664	0.10971	0.21152	0.11513
V348	0.13563	0.1373	0.50858	0.06777	0.07028	0.08043
V349	0.49856	0.10768	0.08042	0.1111	0.06917	0.13307
V350	0.34155	0.07105	0.13451	0.19657	0.05455	0.20177
V351	0.29602	0.08204	0.07678	0.046	0.05692	0.44224
V352	0.15628	0.27667	0.03555	0.04231	0.24959	0.23961
V353	0.06693	0.17265	0.61091	0.05683	0.02738	0.0653
V354	0.18717	0.06939	0.20891	0.04677	0.25193	0.23583
V355	0.04931	0.05726	0.73694	0.06868	0.02413	0.06367
V356	0.38532	0.13642	0.06378	0.19604	0.07711	0.14133
V357	0.25284	0.04751	0.34023	0.06972	0.18298	0.10671
V358	0.25861	0.02384	0.09116	0.04878	0.0504	0.5272
V359	0.17159	0.10632	0.01987	0.47044	0.14787	0.08391
V360	0.37651	0.04546	0.04037	0.18857	0.21012	0.13896
V361	0.12959	0.63148	0.03699	0.0626	0.07041	0.06893
V362	0.11412	0.43385	0.04665	0.26555	0.08557	0.05427
V363	0.50105	0.10034	0.08928	0.05107	0.09924	0.15903
V364	0.21886	0.16981	0.04896	0.05592	0.12566	0.3808
V365	0.32437	0.32762	0.04397	0.13967	0.05953	0.10485
V366	0.13091	0.22676	0.3725	0.09725	0.09332	0.07927
V367	0.08071	0.03147	0.02074	0.47982	0.30877	0.07849
V368	0.19776	0.13226	0.09641	0.05789	0.14529	0.37039
V369	0.08137	0.05792	0.01456	0.11523	0.6152	0.11572
V370	0.08461	0.09384	0.51364	0.15408	0.05254	0.10128
V371	0.14183	0.22996	0.02369	0.3674	0.08598	0.15113
V372	0.13711	0.50592	0.03048	0.06649	0.15756	0.10245
V373	0.55289	0.0639	0.05658	0.04414	0.03876	0.24373
V374	0.19221	0.04315	0.21495	0.38529	0.09378	0.07062
V375	0.32111	0.05027	0.18931	0.09451	0.2234	0.1214
V376	0.22281	0.06192	0.0561	0.11065	0.10591	0.44261
V377	0.08576	0.0425	0.35306	0.06596	0.37087	0.08186
V378	0.23505	0.08027	0.18102	0.03028	0.0639	0.40948
V379	0.38677	0.04646	0.14491	0.03495	0.03641	0.35049
V380	0.04656	0.06863	0.04337	0.0883	0.68359	0.06955
V381	0.28481	0.06457	0.26549	0.23582	0.059	0.09031
V382	0.05469	0.05984	0.01724	0.22228	0.5848	0.06116
V383	0.195	0.06729	0.33175	0.25363	0.0674	0.08493
V384	0.07692	0.04997	0.66777	0.07452	0.05902	0.0718
V385	0.28659	0.03288	0.06663	0.0231	0.04297	0.54783
V386	0.42663	0.07428	0.23475	0.05804	0.07002	0.13628
V387	0.2282	0.04595	0.05973	0.5002	0.09193	0.07399
V388	0.5222	0.08798	0.15983	0.05134	0.03891	0.13974
V389	0.34678	0.09265	0.05265	0.02917	0.04922	0.42953
V390	0.11713	0.06124	0.01544	0.55038	0.12912	0.12669
V391	0.09315	0.03919	0.02232	0.46967	0.28531	0.09037
V392	0.13966	0.05672	0.3811	0.11894	0.0402	0.26338
V393	0.1264	0.14678	0.31537	0.09167	0.13633	0.18345
V394	0.07093	0.03199	0.03256	0.65417	0.15817	0.0522
V395	0.04595	0.08049	0.71959	0.06793	0.02412	0.06191
V396	0.38349	0.09273	0.03935	0.27873	0.09991	0.10579
V397	0.23803	0.1595	0.06647	0.03386	0.07699	0.42514
V398	0.13443	0.50286	0.0422	0.06922	0.17528	0.07601
V399	0.0569	0.03225	0.69232	0.09408	0.0399	0.08456
V400	0.19597	0.04616	0.02566	0.30082	0.08195	0.34944
V401	0.15138	0.05042	0.52146	0.06237	0.10198	0.11238
V402	0.11666	0.04125	0.01221	0.64709	0.11403	0.06876
V403	0.18851	0.02346	0.03798	0.06483	0.30365	0.38156
V404	0.04742	0.04155	0.7597	0.06331	0.02317	0.06486
V405	0.29303	0.29789	0.10206	0.08608	0.1243	0.09665
V406	0.19936	0.07538	0.17006	0.10615	0.16859	0.28047
V407	0.11376	0.04479	0.58091	0.0494	0.03065	0.18048
V408	0.11117	0.11684	0.03727	0.52266	0.09909	0.11297
V409	0.59715	0.08437	0.05817	0.04978	0.03807	0.17246
V410	0.6093	0.07086	0.05863	0.05101	0.04924	0.16095
V411	0.22443	0.02929	0.03986	0.20047	0.06276	0.44319
V412	0.41127	0.18334	0.08946	0.08165	0.11911	0.11517
V413	0.08037	0.12676	0.03357	0.58198	0.12704	0.05029
V414	0.139	0.08997	0.02498	0.46648	0.21044	0.06912
V415	0.09456	0.03516	0.28444	0.32169	0.14386	0.1203
V416	0.10158	0.15041	0.02217	0.23398	0.36247	0.12938
V417	0.27272	0.02528	0.09582	0.10992	0.0494	0.44686
V418	0.06458	0.09509	0.3469	0.15496	0.2507	0.08777
V419	0.27357	0.04592	0.0459	0.02228	0.05112	0.56122
V420	0.28332	0.02491	0.04631	0.02853	0.05087	0.56606
V421	0.08137	0.07562	0.06793	0.12312	0.56906	0.0829
V422	0.20829	0.26669	0.02796	0.06416	0.34997	0.08293
V423	0.11037	0.16547	0.00753	0.55086	0.1112	0.05457
V424	0.53379	0.12317	0.06459	0.09065	0.0434	0.1444
V425	0.05388	0.12394	0.02951	0.07226	0.65185	0.06858
V426	0.22676	0.05502	0.17425	0.03322	0.04555	0.46521
V427	0.36681	0.13541	0.14264	0.13413	0.06615	0.15486
V428	0.25985	0.04789	0.0176	0.50208	0.09348	0.0791
V429	0.06368	0.04693	0.09767	0.47192	0.25522	0.06458
V430	0.09251	0.0938	0.46028	0.1938	0.0589	0.10071
V431	0.0417	0.04089	0.74593	0.08274	0.02579	0.06296
V432	0.09743	0.37223	0.03591	0.34034	0.09971	0.05439
V433	0.07046	0.03243	0.03931	0.6922	0.11964	0.04596
V434	0.08366	0.26245	0.14823	0.3704	0.08329	0.05197
V435	0.09957	0.03006	0.02642	0.06085	0.58673	0.19637
V436	0.55892	0.13167	0.06127	0.06186	0.04066	0.14562
V437	0.21413	0.24094	0.2429	0.06161	0.11753	0.1229
V438	0.10972	0.33578	0.02854	0.10107	0.35605	0.06884
V439	0.04668	0.04403	0.10743	0.07566	0.66036	0.06584
V440	0.1606	0.07195	0.3451	0.09275	0.18252	0.14707
V441	0.12529	0.08205	0.37913	0.15011	0.05686	0.20656
V442	0.34513	0.13344	0.16519	0.08874	0.08019	0.18731
V443	0.07749	0.03099	0.05642	0.62747	0.13871	0.06893
V444	0.50059	0.07682	0.07533	0.06761	0.10196	0.17769
V445	0.61197	0.07139	0.07195	0.05111	0.03661	0.15697
V446	0.11449	0.43244	0.23265	0.06597	0.06722	0.08722
V447	0.21488	0.20232	0.02957	0.1642	0.10093	0.28811
V448	0.06037	0.04994	0.68926	0.0632	0.07206	0.06516
V449	0.42742	0.07132	0.05136	0.23557	0.05992	0.15441
V450	0.10833	0.0425	0.55992	0.06196	0.15113	0.07615
V451	0.12821	0.06809	0.1477	0.17256	0.41119	0.07225
V452	0.17434	0.04037	0.04974	0.33942	0.11855	0.27759
V453	0.27786	0.04114	0.4119	0.13235	0.0422	0.09455
V454	0.20261	0.08369	0.10537	0.43784	0.09066	0.07983
V455	0.16415	0.56945	0.06027	0.0669	0.06085	0.07837
V456	0.55574	0.05818	0.08041	0.0553	0.06697	0.18341
V457	0.2402	0.0329	0.04431	0.03813	0.19772	0.44675
V458	0.09821	0.0308	0.3554	0.06668	0.31237	0.13654
V459	0.06227	0.04702	0.49004	0.28967	0.05581	0.0552
V460	0.30942	0.08603	0.21581	0.1353	0.07003	0.18341
V461	0.25971	0.06985	0.0359	0.34988	0.17188	0.11279
V462	0.05173	0.03276	0.72127	0.07378	0.0301	0.09035
V463	0.04152	0.06082	0.02752	0.11042	0.70167	0.05806
V464	0.15101	0.58175	0.04132	0.06823	0.08962	0.06808
V465	0.30304	0.11232	0.3468	0.0513	0.06247	0.12406
V466	0.12343	0.04864	0.02173	0.56981	0.16046	0.07594
V467	0.6185	0.06482	0.06598	0.05092	0.03672	0.16307
V468	0.29645	0.12046	0.0997	0.22063	0.16711	0.09564
V469	0.07722	0.13269	0.52431	0.11734	0.04394	0.10449
V470	0.44036	0.0592	0.07627	0.10403	0.18845	0.1317
V471	0.1023	0.1944	0.42077	0.09534	0.07152	0.11567
V472	0.13074	0.41099	0.02596	0.07644	0.26145	0.09441
V473	0.13377	0.63849	0.04375	0.05351	0.06408	0.0664
V474	0.10157	0.03063	0.31932	0.40506	0.08108	0.06234
V475	0.10713	0.1522	0.23541	0.18251	0.24235	0.08041
V476	0.38333	0.05669	0.04493	0.1732	0.08809	0.25375
V477	0.15825	0.44129	0.0751	0.10678	0.07716	0.14141
V478	0.06274	0.03927	0.68554	0.07092	0.03034	0.1112
V479	0.08975	0.13595	0.57506	0.0636	0.0615	0.07414
V480	0.08154	0.22845	0.01972	0.27954	0.33495	0.05579
V481	0.32644	0.11317	0.11963	0.10416	0.21181	0.12478
V482	0.43823	0.04178	0.06454	0.04051	0.04057	0.37437
V483	0.12456	0.61001	0.08241	0.05768	0.06138	0.06395
V484	0.55454	0.06004	0.10658	0.05175	0.07155	0.15554
V485	0.23281	0.13175	0.38152	0.10149	0.04289	0.10954
V486	0.19731	0.03499	0.52733	0.07843	0.02654	0.1354
V487	0.08686	0.30791	0.02745	0.06823	0.44279	0.06677
V488	0.2565	0.46875	0.05108	0.07703	0.05724	0.08941
V489	0.53312	0.07382	0.11173	0.05737	0.0728	0.15115
V490	0.27802	0.05621	0.04187	0.06169	0.06729	0.49493
V491	0.12325	0.24198	0.28524	0.05518	0.20573	0.08863
V492	0.20462	0.04811	0.19472	0.09317	0.10522	0.35415
V493	0.53995	0.15128	0.05346	0.06693	0.04216	0.14622
V494	0.19217	0.04746	0.28357	0.05038	0.0364	0.39003
V495	0.22842	0.40445	0.17096	0.06104	0.05448	0.08066
V496	0.21156	0.12825	0.24388	0.04798	0.18474	0.1836
V497	0.07496	0.19228	0.15113	0.08971	0.42949	0.06242
V498	0.12304	0.11098	0.28861	0.28113	0.11015	0.08609
V499	0.12937	0.48435	0.14405	0.0941	0.06894	0.07919
V500	0.36302	0.18103	0.08653	0.08642	0.14798	0.13502
V501	0.15458	0.58897	0.03683	0.06636	0.06824	0.08502
V502	0.05698	0.04266	0.0174	0.26282	0.5538	0.06634
V503	0.15787	0.28477	0.04478	0.36083	0.09181	0.05994
V504	0.143	0.59413	0.07164	0.05291	0.07103	0.0673
V505	0.06614	0.02811	0.40071	0.32395	0.08981	0.09128
V506	0.32534	0.04092	0.06574	0.13757	0.0983	0.33214
V507	0.27633	0.02391	0.04649	0.0221	0.05688	0.57429
V508	0.12457	0.44208	0.06483	0.11041	0.18879	0.06933
V509	0.08804	0.04098	0.01157	0.6137	0.19589	0.04982
V510	0.61039	0.06403	0.05839	0.05149	0.05447	0.16124
V511	0.25118	0.03211	0.03401	0.18848	0.06756	0.42667
V512	0.11592	0.1949	0.45673	0.06969	0.05391	0.10885
V513	0.05615	0.05041	0.20905	0.11115	0.50834	0.0649
V514	0.14487	0.5546	0.0834	0.04779	0.05798	0.11136
V515	0.14047	0.3231	0.02438	0.34187	0.08527	0.08491
V516	0.04892	0.07242	0.63005	0.06861	0.10861	0.07139
V517	0.04592	0.03117	0.34019	0.23092	0.2916	0.06019
V518	0.29159	0.30791	0.06178	0.11654	0.08647	0.13571
V519	0.19985	0.40506	0.03988	0.09683	0.06463	0.19376
V520	0.47264	0.11721	0.06608	0.11843	0.04659	0.17905
V521	0.11515	0.03758	0.02489	0.08503	0.64562	0.09173
V522	0.32015	0.1763	0.05082	0.06397	0.18789	0.20087
V523	0.3315	0.16662	0.08483	0.13859	0.05913	0.21934
V524	0.1068	0.0298	0.07744	0.18236	0.44865	0.15496
V525	0.38731	0.03672	0.08213	0.04395	0.04096	0.40893
V526	0.11724	0.53798	0.10516	0.05843	0.11946	0.06173
V527	0.28297	0.05087	0.44206	0.06105	0.05999	0.10306
V528	0.56041	0.06078	0.13477	0.05761	0.03944	0.14699
V529	0.13054	0.09654	0.02986	0.55581	0.12259	0.06466
V530	0.13729	0.20086	0.27239	0.12892	0.10064	0.1599
V531	0.61379	0.0712	0.05891	0.05631	0.03818	0.16161
V532	0.14673	0.03422	0.07042	0.49361	0.18327	0.07175
V533	0.16005	0.02688	0.24082	0.06655	0.24938	0.25632
V534	0.13024	0.02596	0.01998	0.46001	0.16231	0.20149
V535	0.39505	0.07789	0.19533	0.14362	0.05063	0.13749
V536	0.06195	0.02921	0.58817	0.18577	0.03866	0.09624
V537	0.1227	0.46817	0.02961	0.21914	0.08186	0.07851
V538	0.19963	0.02138	0.03422	0.29319	0.0735	0.37808
V539	0.07954	0.032	0.01922	0.58322	0.22061	0.06541
V540	0.27189	0.04709	0.28715	0.0676	0.19103	0.13523
V541	0.09951	0.23232	0.01705	0.46281	0.11602	0.07228
V542	0.10626	0.44113	0.04087	0.22492	0.12423	0.06259
V543	0.04378	0.03215	0.53038	0.08656	0.23599	0.07114
V544	0.2629	0.04682	0.04928	0.04806	0.06531	0.52762
V545	0.10563	0.47767	0.08499	0.07071	0.19401	0.06699
V546	0.43125	0.09549	0.0443	0.22444	0.07831	0.12621
V547	0.11629	0.10253	0.01231	0.34509	0.30402	0.11976
V548	0.27539	0.03828	0.04633	0.02215	0.05101	0.56685
V549	0.14594	0.03044	0.49976	0.11807	0.05347	0.15232
V550	0.05385	0.0418	0.31302	0.07032	0.45445	0.06656
V551	0.22163	0.071	0.07587	0.11391	0.11897	0.39862
V552	0.09039	0.06305	0.144	0.27184	0.33121	0.0995
V553	0.56557	0.06055	0.07979	0.07501	0.06271	0.15637
V554	0.14223	0.58897	0.05426	0.0499	0.06587	0.09878
V555	0.33957	0.03539	0.0565	0.21643	0.06036	0.29176
V556	0.10432	0.0384	0.38466	0.32159	0.07605	0.07497
V557	0.15849	0.53654	0.10168	0.05562	0.06192	0.08576
V558	0.34875	0.18004	0.04617	0.12288	0.05279	0.24935
V559	0.04392	0.03576	0.01104	0.19199	0.65494	0.06236
V560	0.5093	0.07684	0.06276	0.06108	0.10146	0.18856
V561	0.04177	0.04944	0.75858	0.06324	0.0234	0.06356
V562	0.38914	0.21412	0.08161	0.09846	0.0547	0.16196
V563	0.26929	0.02363	0.04272	0.07191	0.04892	0.54353
V564	0.20885	0.08662	0.03363	0.04075	0.23249	0.39766
V565	0.27597	0.02409	0.0533	0.02196	0.05047	0.5742
V566	0.24835	0.10085	0.05958	0.06331	0.07408	0.45384
V567	0.3038	0.25661	0.03849	0.20332	0.08398	0.11381
V568	0.08499	0.03761	0.03043	0.10253	0.67847	0.06598
V569	0.52817	0.08419	0.05274	0.06853	0.0473	0.21907
V570	0.48841	0.156	0.07462	0.09031	0.05072	0.13994
V571	0.06603	0.20988	0.53396	0.06857	0.05893	0.06264
V572	0.05625	0.04071	0.66241	0.07646	0.09527	0.06891
V573	0.19661	0.54739	0.04468	0.05164	0.07483	0.08486
V574	0.17599	0.02395	0.32445	0.06861	0.06243	0.34457
V575	0.1332	0.47876	0.08534	0.132	0.07517	0.09553
V576	0.29044	0.1299	0.04566	0.059	0.37491	0.1001
V577	0.30652	0.08212	0.03793	0.10128	0.33368	0.13847
V578	0.09957	0.03006	0.02642	0.06085	0.58673	0.19637
V579	0.08325	0.05767	0.16743	0.25613	0.37244	0.06309
V580	0.1566	0.04819	0.09114	0.33435	0.25075	0.11897
V581	0.47884	0.08527	0.10645	0.10717	0.09322	0.12905
V582	0.4794	0.05994	0.05622	0.18445	0.05874	0.16125
V583	0.14581	0.06494	0.26997	0.04254	0.19467	0.28207
V584	0.15491	0.04384	0.02492	0.29818	0.26294	0.21521
V585	0.13245	0.35557	0.21077	0.10495	0.06398	0.13228
V586	0.19364	0.53307	0.07367	0.05671	0.06281	0.0801
V587	0.23004	0.04368	0.2559	0.30622	0.06951	0.09466
V588	0.08355	0.04091	0.04016	0.66407	0.12337	0.04794
V589	0.14924	0.23352	0.24155	0.09441	0.05259	0.22869
V590	0.17618	0.05705	0.3135	0.08797	0.04522	0.32008
V591	0.52846	0.05816	0.07388	0.14843	0.0529	0.13818
V592	0.11712	0.29125	0.09284	0.32665	0.11338	0.05876
V593	0.07255	0.04074	0.00871	0.70971	0.12287	0.04542
V594	0.16159	0.02736	0.03619	0.47611	0.0984	0.20036
V595	0.13873	0.23657	0.0656	0.13273	0.22454	0.20185
V596	0.07203	0.22261	0.02993	0.12326	0.49681	0.05536
V597	0.33929	0.0466	0.05549	0.06717	0.38498	0.10647
V598	0.58803	0.09058	0.05742	0.04973	0.04388	0.17036
V599	0.22602	0.03036	0.03398	0.13846	0.12972	0.44146
V600	0.36405	0.12166	0.04233	0.07404	0.09674	0.30119
V601	0.17562	0.14277	0.06521	0.28865	0.07381	0.25395
V602	0.09624	0.04558	0.11154	0.06561	0.49734	0.18368
V603	0.1963	0.30683	0.0663	0.07571	0.07797	0.27688
V604	0.09529	0.38776	0.02295	0.06518	0.36634	0.06248
V605	0.09062	0.06086	0.03904	0.07121	0.65103	0.08723
V606	0.3861	0.0685	0.22627	0.08861	0.03752	0.19299
V607	0.22983	0.05531	0.03709	0.04275	0.17878	0.45625
V608	0.17227	0.46224	0.03877	0.09321	0.07759	0.15592
V609	0.06808	0.03944	0.56949	0.21488	0.04343	0.06468
V610	0.09711	0.13302	0.39639	0.17662	0.08127	0.11558
V611	0.12525	0.61574	0.04682	0.07319	0.07547	0.06353
V612	0.08022	0.1947	0.0134	0.56098	0.1069	0.04379
V613	0.43715	0.15465	0.05593	0.03952	0.04201	0.27073
V614	0.11783	0.12297	0.43059	0.05243	0.08564	0.19055
V615	0.05485	0.0846	0.06734	0.07971	0.64332	0.07018
V616	0.32371	0.32321	0.04084	0.07259	0.0696	0.17006
V617	0.04763	0.04496	0.01397	0.08502	0.74199	0.06643
V618	0.19369	0.0513	0.51117	0.0586	0.04544	0.1398
V619	0.10883	0.48112	0.15691	0.07369	0.10726	0.07218
V620	0.21654	0.03147	0.24102	0.04122	0.03668	0.43307
V621	0.07454	0.03112	0.07218	0.62114	0.13746	0.06355
V622	0.38197	0.16907	0.05339	0.0543	0.22068	0.12058
V623	0.20522	0.51165	0.04459	0.04784	0.06734	0.12337
V624	0.11879	0.46893	0.02238	0.24277	0.07866	0.06847
V625	0.11469	0.13343	0.18529	0.37797	0.09792	0.09071
V626	0.1116	0.06019	0.0314	0.19596	0.40466	0.19619
V627	0.44399	0.05	0.0369	0.27678	0.06478	0.12755
V628	0.16982	0.07413	0.27503	0.10744	0.11758	0.256
V629	0.09862	0.37831	0.01587	0.35676	0.09603	0.05441
V630	0.44272	0.05178	0.06811	0.07594	0.06818	0.29328
V631	0.22974	0.02234	0.08568	0.12414	0.08512	0.45297
V632	0.07942	0.0564	0.13456	0.3025	0.35022	0.0769
V633	0.05822	0.17254	0.61806	0.06375	0.02837	0.05905
V634	0.51305	0.06424	0.05814	0.17929	0.0512	0.13408
V635	0.06888	0.07077	0.22832	0.48992	0.08852	0.05359
V636	0.12919	0.47518	0.02752	0.1001	0.16288	0.10511
V637	0.24588	0.06883	0.04799	0.02653	0.11487	0.4959
V638	0.09614	0.11988	0.05991	0.45296	0.20945	0.06167
V639	0.26158	0.08659	0.09536	0.08001	0.3186	0.15786
V640	0.11133	0.14019	0.39926	0.06196	0.12946	0.15781
V641	0.04957	0.0964	0.43977	0.0844	0.267	0.06287
V642	0.24361	0.06421	0.26669	0.15926	0.04664	0.21959
V643	0.5582	0.06642	0.05131	0.10955	0.0561	0.15841
V644	0.52542	0.06133	0.05017	0.11269	0.05092	0.19947
V645	0.48877	0.06445	0.06259	0.10348	0.04448	0.23622
V646	0.054	0.04131	0.39911	0.0684	0.37031	0.06687
V647	0.24107	0.0345	0.05769	0.25111	0.08621	0.32943
V648	0.19766	0.27455	0.14137	0.08017	0.06725	0.23901
V649	0.1701	0.04328	0.03968	0.5597	0.11426	0.07299
V650	0.22068	0.18721	0.19516	0.06272	0.24801	0.08622
V651	0.19141	0.28432	0.09196	0.06687	0.15812	0.20732
V652	0.09665	0.03208	0.1128	0.57324	0.12294	0.06228
V653	0.17424	0.34907	0.0579	0.06275	0.12639	0.22965
V654	0.54946	0.06681	0.11321	0.05709	0.0595	0.15393
V655	0.26483	0.03134	0.05469	0.08748	0.25273	0.30894
V656	0.1253	0.09813	0.50008	0.09017	0.10707	0.07926
V657	0.34216	0.04823	0.03421	0.12566	0.23909	0.21066
V658	0.07138	0.09489	0.15636	0.53413	0.09684	0.04641
V659	0.1344	0.61291	0.04259	0.05621	0.06849	0.08539
V660	0.55746	0.06462	0.05607	0.05682	0.0397	0.22533
V661	0.19543	0.02398	0.15671	0.12883	0.14545	0.34961
V662	0.51899	0.06167	0.06193	0.12681	0.05141	0.17918
V663	0.09853	0.17118	0.03185	0.09851	0.53302	0.06691
V664	0.14599	0.08358	0.5748	0.05605	0.04368	0.09589
V665	0.04676	0.03693	0.01381	0.08547	0.7501	0.06694
V666	0.33079	0.27424	0.04402	0.12176	0.08012	0.14907
V667	0.25803	0.02309	0.06984	0.0546	0.05871	0.53573
V668	0.54182	0.15828	0.06084	0.05566	0.04093	0.14247
V669	0.23926	0.11136	0.03047	0.21662	0.07181	0.33048
V670	0.15071	0.30704	0.04192	0.25703	0.08786	0.15544
V671	0.28966	0.04153	0.02776	0.46727	0.0887	0.08508
V672	0.12986	0.4507	0.02221	0.25606	0.07966	0.06151
V673	0.20724	0.13122	0.19174	0.03529	0.04018	0.39432
V674	0.53137	0.05941	0.05577	0.05427	0.15789	0.1413
V675	0.26001	0.12202	0.05568	0.02583	0.06382	0.47265
V676	0.08081	0.03233	0.08739	0.63397	0.1169	0.04861
V677	0.22605	0.30842	0.15602	0.03865	0.04411	0.22675
V678	0.20239	0.09475	0.07136	0.05478	0.3409	0.23581
V679	0.24671	0.09865	0.07567	0.04272	0.05172	0.48454
V680	0.06449	0.03173	0.33072	0.06523	0.40294	0.10489
V681	0.15952	0.52882	0.06006	0.05027	0.05793	0.1434
V682	0.16437	0.42596	0.0327	0.05313	0.12604	0.19779
V683	0.07728	0.03351	0.02332	0.06836	0.66291	0.13462
V684	0.17173	0.54171	0.0342	0.10345	0.07045	0.07845
V685	0.10057	0.46379	0.22996	0.05216	0.09001	0.06351
V686	0.2606	0.0413	0.35379	0.04834	0.04326	0.2527
V687	0.15847	0.21135	0.23543	0.10607	0.04765	0.24103
V688	0.36846	0.04302	0.04555	0.05478	0.25494	0.23325
V689	0.11068	0.04737	0.54261	0.13592	0.0545	0.10891
V690	0.12612	0.0381	0.05064	0.07867	0.51339	0.19309
V691	0.14603	0.37478	0.17606	0.09933	0.08404	0.11975
V692	0.41643	0.048	0.03503	0.26154	0.11624	0.12275
V693	0.52778	0.14304	0.06603	0.06006	0.04094	0.16215
V694	0.52517	0.14312	0.05835	0.07801	0.04332	0.15203
V695	0.54559	0.05823	0.05143	0.06224	0.10072	0.18179
V696	0.14442	0.39823	0.06617	0.09446	0.21853	0.07818
V697	0.0965	0.04854	0.6108	0.09062	0.05444	0.09911
V698	0.1306	0.63473	0.03744	0.05794	0.07004	0.06925
V699	0.20286	0.05187	0.45143	0.07909	0.08489	0.12986
V700	0.16073	0.04723	0.02045	0.07575	0.60301	0.09284
V701	0.57758	0.05938	0.06381	0.0467	0.03756	0.21497
V702	0.23837	0.03881	0.08566	0.13585	0.05989	0.44143
V703	0.22212	0.39916	0.04679	0.05253	0.19099	0.08842
V704	0.32564	0.24842	0.18836	0.0471	0.05254	0.13793
V705	0.08734	0.12086	0.24433	0.18095	0.29299	0.07354
V706	0.1759	0.09751	0.27509	0.03896	0.11606	0.29648
V707	0.4407	0.05761	0.0512	0.03443	0.04766	0.36839
V708	0.08288	0.32923	0.4146	0.06531	0.04596	0.06201
V709	0.06867	0.03271	0.00238	0.65508	0.19432	0.04685
V710	0.34395	0.08999	0.12893	0.08896	0.18862	0.15955
V711	0.10189	0.2022	0.34353	0.17717	0.05757	0.11765
V712	0.07353	0.25925	0.03258	0.07068	0.49806	0.0659
V713	0.27276	0.40001	0.06389	0.0698	0.07031	0.12324
V714	0.09468	0.39477	0.34364	0.05817	0.04934	0.0594
V715	0.06567	0.05012	0.72457	0.06097	0.02197	0.0767
V716	0.18916	0.05041	0.03058	0.24787	0.20538	0.2766
V717	0.07351	0.04387	0.03825	0.07216	0.67605	0.09616
V718	0.08113	0.34919	0.02776	0.0619	0.42357	0.05645
V719	0.13381	0.58666	0.05876	0.05643	0.08259	0.08174
V720	0.24873	0.03415	0.21362	0.26151	0.08476	0.15723
V721	0.16534	0.23294	0.19976	0.03848	0.10653	0.25694
V722	0.04428	0.03662	0.02958	0.07899	0.74908	0.06145
V723	0.12308	0.50745	0.0674	0.06258	0.15641	0.08309
V724	0.12304	0.27014	0.31627	0.12244	0.10604	0.06207
V725	0.10343	0.07938	0.07707	0.15457	0.44905	0.1365
V726	0.06728	0.0474	0.45409	0.08173	0.24549	0.104
V727	0.23292	0.02267	0.11502	0.12374	0.05704	0.44861
V728	0.086	0.03936	0.00247	0.67465	0.1185	0.07903
V729	0.22704	0.39218	0.05307	0.07349	0.15687	0.09735
V730	0.19244	0.02467	0.09727	0.31056	0.07795	0.29712
V731	0.18343	0.07295	0.36878	0.05131	0.16105	0.16248
V732	0.15395	0.34952	0.04695	0.0781	0.22572	0.14577
V733	0.22243	0.02937	0.23876	0.17469	0.09005	0.24471
V734	0.23558	0.02528	0.22005	0.02924	0.04828	0.44158
V735	0.0971	0.10133	0.02063	0.57408	0.11205	0.0948
V736	0.16875	0.40518	0.07795	0.06689	0.06597	0.21527
V737	0.03794	0.03661	0.02135	0.08637	0.75728	0.06045
V738	0.30773	0.07841	0.09266	0.2934	0.08024	0.14755
V739	0.19006	0.27104	0.16146	0.07577	0.18927	0.11239
V740	0.08922	0.23404	0.32137	0.08804	0.18955	0.07779
V741	0.33943	0.15924	0.1553	0.10863	0.13587	0.10152
V742	0.27921	0.04632	0.05248	0.33717	0.16229	0.12253
V743	0.07835	0.11926	0.23346	0.28682	0.21346	0.06865
V744	0.34549	0.11228	0.0529	0.13404	0.05299	0.3023
V745	0.11994	0.43047	0.03164	0.08468	0.26777	0.06551
V746	0.56377	0.07334	0.06101	0.0662	0.05153	0.18415
V747	0.20112	0.04709	0.12258	0.09033	0.44076	0.09812
V748	0.19803	0.06441	0.20988	0.05481	0.1203	0.35258
V749	0.37835	0.04876	0.04556	0.14292	0.12454	0.25987
V750	0.07792	0.1034	0.00278	0.64826	0.12288	0.04476
V751	0.07659	0.04071	0.03251	0.65865	0.14435	0.04719
V752	0.20919	0.04767	0.05224	0.11757	0.47463	0.0987
V753	0.19961	0.02638	0.05739	0.10812	0.2873	0.3212
V754	0.15259	0.35251	0.12281	0.08774	0.09065	0.1937
V755	0.30387	0.07342	0.04617	0.07348	0.3375	0.16556
V756	0.26216	0.03113	0.05036	0.03008	0.08261	0.54364
V757	0.19155	0.35103	0.04078	0.05318	0.09516	0.2683
V758	0.28048	0.47129	0.04224	0.05599	0.05507	0.09492
V759	0.16216	0.04964	0.06483	0.16071	0.42626	0.13639
V760	0.27275	0.02357	0.05212	0.04015	0.0457	0.56571
V761	0.03848	0.0416	0.33563	0.08461	0.44069	0.059
V762	0.10263	0.03181	0.62104	0.0826	0.04566	0.11627
V763	0.09006	0.15644	0.02874	0.52858	0.12893	0.06725
