CD14.pos.CD16.neg.classical.monocyte	mature.neutrophil	memory.B.cell	cytotoxic.CD56.dim.NK.cell	memory.CD4.pos.AB.T.cell	macrophage
V1	0.06544	0.02686	0.8707	0.03471	0	0.00229
V2	0.33299	0.12518	0.03766	0.18157	0.31134	0.01126
V3	0.13582	0.12314	0.41064	0.05976	0.12449	0.14615
V4	0.09929	0.43447	0.02769	0.15374	0.26688	0.01793
V5	0.01474	0.0508	0	0.55929	0.37357	0.00161
V6	0.13787	0.04485	0.21661	0.10198	0.4085	0.09019
V7	0.02501	0.30047	0	0.04732	0.62541	0.00179
V8	0.44942	0.05231	0.09648	0.22903	0.14727	0.02549
V9	0.14549	0.19624	0.02792	0.40266	0.17878	0.04892
V10	0.24626	0.04198	0.10301	0.46469	0.13167	0.01239
V11	0.01036	0.71374	0.07168	0.07807	0.12532	0.00083
V12	0.14415	0.10106	0.16122	0.08163	0.2681	0.24385
V13	0.02897	0.48452	0.37653	0.08441	0.02476	0.00082
V14	0.03179	0.03572	0.03143	0.84605	0.05184	0.00318
V15	0.26554	0.07911	0	0.18616	0.45221	0.01698
V16	0.03351	0.02405	0	0.41974	0.50283	0.01988
V17	0.12893	0.10677	0.34488	0.0599	0.16142	0.1981
V18	0.46849	0.17281	0.11306	0.0896	0.13829	0.01776
V19	0.35801	0.05632	0.27778	0.05839	0.23644	0.01307
V20	0.38109	0.07384	0.19295	0.21954	0.1093	0.02328
V21	0.15012	0.11214	0.04972	0.07491	0.38991	0.22321
V22	0.09106	0.04991	0	0.08086	0.77066	0.00751
V23	0.05407	0.02157	0.20718	0.03364	0.68246	0.00108
V24	0.0765	0.01871	0	0.11789	0.77885	0.00805
V25	0.23715	0.29632	0.0461	0.22393	0.18603	0.01046
V26	0.13619	0.01911	0	0.01776	0.82281	0.00412
V27	0.10438	0.07116	0.38737	0.07763	0.16429	0.19518
V28	0.04818	0.27198	0.21658	0.3246	0.10742	0.03123
V29	0.00631	0.58811	0.16412	0.14595	0.07714	0.01836
V30	0.12113	0.22272	0.10043	0.04274	0.47434	0.03864
V31	0.43236	0.0263	0.35401	0.09882	0.06156	0.02695
V32	0.01312	0.03532	0.36019	0.58424	0	0.00713
V33	0.11396	0.41429	0.33644	0.08886	0.03617	0.01027
V34	0.02666	0.01587	0.4083	0.05073	0.49605	0.00239
V35	0.01464	0.06522	0.16734	0.5661	0.1808	0.00591
V36	0.04342	0.42148	0.10946	0.05972	0.36191	0.00401
V37	0.03683	0.03162	0.86037	0.04772	0	0.02345
V38	0.12847	0.06013	0.34373	0.05935	0.18315	0.22517
V39	0.32668	0.0456	0.07103	0.42758	0.11284	0.01627
V40	0.01911	0.46036	0.01809	0.21334	0.27474	0.01436
V41	0.50675	0.03467	0.12587	0.07095	0.18951	0.07225
V42	0.1557	0.03622	0.70339	0.05756	0.02352	0.02362
V43	0.09625	0.3652	0	0.07675	0.44897	0.01282
V44	0.01146	0.73356	0.07112	0.07203	0.10831	0.00351
V45	0.21987	0.37286	0.12433	0.09333	0.15414	0.03547
V46	0.03866	0.02889	0	0.31791	0.57328	0.04126
V47	0.03002	0.3615	0	0.18794	0.41119	0.00934
V48	0.01082	0.53546	0.22524	0.05975	0.16873	0
V49	0.01263	0.66949	0.043	0.06451	0.20946	0.00091
V50	0.03127	0.01366	0.12093	0.02722	0.79641	0.01051
V51	0.02235	0.00778	0	0.01028	0.95797	0.00161
V52	0.01665	0.49524	0.31299	0.10035	0.07355	0.00123
V53	0.0839	0.01094	0	0.04166	0.86148	0.00202
V54	0.04544	0.13602	0.63016	0.10938	0.06606	0.01294
V55	0.02485	0.0381	0	0.03647	0.89886	0.00172
V56	0.01752	0.05264	0.76595	0.1631	0	0.00079
V57	0.08137	0.39455	0.05333	0.05066	0.36717	0.05293
V58	0.02419	0.02707	0.88905	0.05253	0	0.00716
V59	0.02432	0.02692	0.00556	0.85069	0.09008	0.00244
V60	0.26816	0.01897	0.05582	0.55884	0.08922	0.00898
V61	0.17669	0.17148	0.03314	0.29076	0.25993	0.068
V62	0.29652	0.04831	0.12541	0.2184	0.27546	0.03589
V63	0.02936	0.54649	0.06231	0.16409	0.1512	0.04655
V64	0.02072	0.07839	0	0.0101	0.88982	0.00096
V65	0.32598	0.18344	0.09647	0.09276	0.24145	0.0599
V66	0.25916	0.03774	0.10432	0.06428	0.5252	0.00931
V67	0.03352	0.17392	0.40007	0.34688	0.01099	0.03463
V68	0.5604	0.02693	0.11815	0.13533	0.13824	0.02095
V69	0.41747	0.07005	0.07196	0.06511	0.26658	0.10884
V70	0.02637	0.0265	0.22275	0.62884	0.09273	0.00281
V71	0.03177	0.22928	0	0.13912	0.57681	0.02302
V72	0.34017	0.15169	0.15217	0.08934	0.23539	0.03124
V73	0.03047	0.01954	0.10504	0.7712	0.07072	0.00303
V74	0.00738	0.137	0.02875	0.7596	0.06574	0.00152
V75	0.00033	0.70776	0.04809	0.09335	0.14979	0.00069
V76	0.03233	0.01937	0.71122	0.07692	0.15846	0.0017
V77	0.04856	0.13948	0.13653	0.61769	0.04567	0.01207
V78	0.28976	0.15444	0.13464	0.23947	0.14259	0.03909
V79	0.04012	0.60976	0.07944	0.06557	0.14175	0.06336
V80	0.03168	0.6124	0.05857	0.07686	0.16782	0.05266
V81	0.41987	0.13563	0.19116	0.08503	0.14779	0.02051
V82	0.00657	0.62895	0.03214	0.10436	0.22594	0.00205
V83	0.06868	0.1457	0.00584	0.46761	0.29721	0.01496
V84	0.16831	0.03037	0.1316	0.5543	0.10305	0.01238
V85	0.53325	0.02552	0.22883	0.08824	0.10494	0.01922
V86	0.13591	0.06202	0.20453	0.45359	0.09272	0.05124
V87	0.00786	0.03528	0.03729	0.86938	0.04655	0.00363
V88	0.04813	0.0561	0.00758	0.65038	0.18951	0.0483
V89	0.05287	0.20611	0.61696	0.06862	0	0.05544
V90	0.01971	0.56952	0.16617	0.07111	0.169	0.00448
V91	0.03471	0.01718	0	0.09838	0.8462	0.00353
V92	0.0222	0.05328	0	0.01478	0.90702	0.00271
V93	0.11091	0.08912	0	0.15684	0.57871	0.06442
V94	0.00968	0.02724	0.28084	0.68057	0	0.00167
V95	0.02411	0.02124	0.17825	0.13113	0.64399	0.00128
V96	0.03618	0.32787	0	0.08722	0.52457	0.02416
V97	0.02125	0.01462	0	0.05574	0.90772	0.00067
V98	0.01885	0.07766	0	0.72715	0.17368	0.00266
V99	0.00668	0.03357	0.01739	0.88308	0.05687	0.00241
V100	0.02154	0.02782	0.45709	0.32152	0.16514	0.00689
V101	0.01379	0.32528	0.49294	0.16565	0	0.00234
V102	0.51239	0.03744	0.25101	0.08687	0.09443	0.01786
V103	0.36763	0.04518	0.07103	0.28507	0.21212	0.01897
V104	0.02232	0.02041	0.2421	0.69382	0.01784	0.00351
V105	0.14353	0.06571	0.23608	0.05983	0.23709	0.25776
V106	0.04705	0.02958	0.8172	0.04575	0	0.06041
V107	0.03167	0.55758	0.30625	0.06737	0.03675	0.00039
V108	0.08569	0.07832	0	0.04888	0.65335	0.13376
V109	0.09141	0.05625	0	0.03192	0.65893	0.16149
V110	0.03512	0.16376	0.75138	0.04398	0	0.00575
V111	0.0185	0.03512	0.88952	0.05552	0	0.00134
V112	0.0212	0.26356	0.01956	0.61574	0.07797	0.00197
V113	0.02997	0.09823	0.64081	0.08961	0.13934	0.00204
V114	0.07994	0.01827	0.70055	0.19822	0	0.00302
V115	0.26036	0.10596	0.02549	0.09338	0.44352	0.0713
V116	0.5432	0.0258	0.11353	0.16301	0.13432	0.02015
V117	0.27071	0.02583	0	0.151	0.54262	0.00985
V118	0.00575	0.57062	0.13933	0.09797	0.18225	0.00409
V119	0.00579	0.69366	0.0705	0.11216	0.11245	0.00544
V120	0.04814	0.18272	0.10701	0.47133	0.1841	0.00671
V121	0.1936	0.04712	0.05912	0.48691	0.12609	0.08715
V122	0.13519	0.03712	0.02581	0.67075	0.12567	0.00546
V123	0.22253	0.04754	0	0.12273	0.50211	0.10509
V124	0.03093	0.0124	0.13268	0.02724	0.79471	0.00203
V125	0.02373	0.15443	0.69398	0.11746	0	0.01041
V126	0.07464	0.386	0.14171	0.07883	0.18588	0.13293
V127	0.03608	0.01801	0.80689	0.13701	0	0.002
V128	0.15772	0.25608	0.15187	0.24413	0.18189	0.0083
V129	0.01757	0.03498	0.8302	0.11497	0	0.00228
V130	0.26177	0.1427	0.05425	0.37311	0.15666	0.01151
V131	0.03625	0.01177	0	0.02453	0.90964	0.01781
V132	0.02523	0.40584	0.44278	0.05944	0.06613	0.00058
V133	0.04361	0.1871	0.60165	0.15003	0.01673	0.00088
V134	0.06562	0.57293	0.03487	0.06958	0.24986	0.00714
V135	0.05365	0.03419	0.84005	0.052	0	0.02011
V136	0.03079	0.61275	0.12302	0.08412	0.14623	0.00309
V137	0.03568	0.15493	0.52861	0.0665	0.21404	0.00026
V138	0.06513	0.02769	0.0108	0.56684	0.26182	0.06771
V139	0.045	0.07019	0.0614	0.03527	0.74089	0.04725
V140	0.30796	0.25627	0.1306	0.17001	0.12033	0.01483
V141	0.11544	0.25181	0.17226	0.34839	0.10436	0.00774
V142	0.03762	0.63771	0.07572	0.13572	0.10297	0.01027
V143	0.05063	0.07588	0.6555	0.13765	0.07544	0.00491
V144	0.08698	0.26992	0.06993	0.26582	0.1814	0.12596
V145	0.00809	0.02009	0.03083	0.90141	0.03441	0.00518
V146	0.06886	0.01979	0	0.02319	0.87691	0.01125
V147	0.28918	0.12948	0.25219	0.14568	0.10848	0.07498
V148	0.02099	0.17209	0.76527	0.04018	0	0.00147
V149	0.04424	0.57124	0.05334	0.10377	0.15178	0.07563
V150	0.0106	0.01879	0.00449	0.87978	0.0837	0.00263
V151	0.05722	0.50988	0.04168	0.07504	0.22109	0.09509
V152	0.04403	0.2218	0.4432	0.09221	0.18934	0.00943
V153	0.01564	0.05284	0.62858	0.30153	0	0.00141
V154	0.26181	0.31616	0.0923	0.06935	0.17182	0.08856
V155	0.03652	0.30252	0.00915	0.03394	0.61054	0.00733
V156	0.02156	0.34704	0	0.03367	0.59748	0.00025
V157	0.05167	0.16597	0.08902	0.44879	0.15027	0.09429
V158	0.02512	0.06953	0.86971	0.03372	0	0.00192
V159	0.07336	0.22681	0.38176	0.24645	0.06444	0.00717
V160	0.02635	0.01887	0.90155	0.04224	0	0.01098
V161	0.01234	0.39826	0.00264	0.3637	0.2225	0.00055
V162	0.01714	0.42969	0	0.16959	0.37948	0.0041
V163	0.02591	0.01746	0.92345	0.03051	0	0.00267
V164	0.01848	0.31133	0.38119	0.17014	0.11768	0.00118
V165	0.03425	0.02553	0	0.02555	0.90121	0.01346
V166	0.04221	0.02733	0	0.17158	0.71364	0.04525
V167	0.0169	0.01902	0.41985	0.54234	0	0.00189
V168	0.37072	0.03474	0.08068	0.39764	0.10013	0.0161
V169	0.02416	0.02715	0.69761	0.24758	0	0.00349
V170	0.21307	0.05063	0.14129	0.41008	0.17543	0.0095
V171	0.07272	0.54016	0.07441	0.06323	0.18035	0.06914
V172	0.04784	0.0888	0.59814	0.24778	0	0.01744
V173	0.02873	0.04175	0.86779	0.04016	0	0.02157
V174	0.32503	0.12126	0.003	0.06159	0.47818	0.01094
V175	0.0252	0.56844	0.16893	0.0817	0.15426	0.00147
V176	0.01886	0.01787	0.91763	0.04408	0	0.00156
V177	0.08047	0.10781	0.3606	0.07988	0.32912	0.04211
V178	0.02927	0.03496	0	0.00667	0.92608	0.00303
V179	0.02168	0.02119	0.02875	0.68959	0.21305	0.02574
V180	0.13299	0.03404	0.26136	0.52678	0.01966	0.02518
V181	0.28469	0.15022	0.12349	0.15368	0.24976	0.03816
V182	0.02069	0.09606	0.77016	0.10881	0	0.00428
V183	0.01298	0.01895	0.02275	0.91085	0.03184	0.00264
V184	0.17334	0.38423	0.02747	0.09065	0.31612	0.0082
V185	0.05016	0.48528	0.02929	0.06456	0.34329	0.02742
V186	0.01326	0.01743	0.59357	0.37441	0	0.00133
V187	0.12668	0.43154	0.00758	0.0784	0.34994	0.00586
V188	0.04881	0.60651	0.06702	0.10244	0.13113	0.04409
V189	0.03252	0.07432	0.0512	0.05049	0.77267	0.0188
V190	0.02948	0.15038	0	0.03803	0.76114	0.02097
V191	0.02825	0.61999	0.04751	0.07716	0.17257	0.05452
V192	0.27317	0.24832	0.16112	0.09917	0.20395	0.01426
V193	0.10799	0.26007	0.07229	0.08025	0.26876	0.21065
V194	0.02487	0.02327	0	0.10376	0.84493	0.00318
V195	0.02643	0.02028	0.73072	0.15192	0.06921	0.00145
V196	0.0083	0.01862	0.02664	0.85303	0.09022	0.00319
V197	0.09696	0.01072	0	0.02223	0.86535	0.00474
V198	0.05677	0.33289	0.01561	0.19588	0.39439	0.00446
V199	0.0292	0.18604	0.00382	0.12883	0.6501	0.00201
V200	0.04287	0.0307	0.61376	0.29655	0	0.01613
V201	0.01174	0.01992	0.01377	0.9098	0.03821	0.00655
V202	0.05634	0.08745	0.48042	0.09329	0.2431	0.0394
V203	0.2923	0.05346	0.06747	0.48724	0.08787	0.01165
V204	0.11193	0.11539	0.11704	0.34272	0.17375	0.13917
V205	0.02093	0.03413	0.89249	0.05115	0	0.0013
V206	0.01205	0.05828	0.11927	0.74214	0.06633	0.00194
V207	0.18463	0.20514	0.09531	0.3611	0.13115	0.02267
V208	0.19977	0.10284	0.49523	0.11934	0.07622	0.0066
V209	0.12675	0.51478	0.05877	0.11524	0.14747	0.03701
V210	0.06515	0.03583	0.86157	0.03514	0	0.0023
V211	0.28941	0.05974	0.13914	0.06195	0.40944	0.04032
V212	0.01651	0.23636	0.21944	0.42144	0.10323	0.00303
V213	0.04207	0.0683	0.13991	0.05222	0.69557	0.00192
V214	0.4665	0.05061	0.11404	0.15327	0.19683	0.01875
V215	0.02232	0.64402	0.0537	0.11159	0.12846	0.03992
V216	0.06347	0.44166	0.37267	0.07566	0.04435	0.0022
V217	0.12588	0.02599	0	0.14943	0.62831	0.0704
V218	0.03164	0.26675	0.02723	0.58068	0.09257	0.00113
V219	0.52686	0.03383	0.13041	0.07316	0.18113	0.05461
V220	0.04731	0.02816	0.0359	0.84309	0.04041	0.00514
V221	0.03213	0.62649	0.08736	0.14874	0.10327	0.00201
V222	0.04358	0.22928	0	0.17919	0.54217	0.00578
V223	0.04377	0.35391	0.38091	0.07157	0.09334	0.0565
V224	0.03016	0.01362	0.26834	0.02433	0.66235	0.00119
V225	0.2036	0.08385	0.11203	0.08503	0.26832	0.24718
V226	0.12979	0.06721	0.23083	0.36238	0.19852	0.01126
V227	0.35059	0.02582	0.07377	0.38406	0.13034	0.03542
V228	0.07162	0.23325	0.53645	0.12622	0.02291	0.00955
V229	0.08883	0.02851	0.37767	0.31763	0.17912	0.00824
V230	0.03321	0.16083	0.74965	0.05177	0	0.00453
V231	0.02777	0.03506	0.01698	0.83993	0.07795	0.0023
V232	0.2196	0.04379	0.04382	0.48381	0.14001	0.06897
V233	0.48717	0.03721	0.12301	0.17052	0.15984	0.02225
V234	0.21014	0.01392	0	0.04591	0.72107	0.00896
V235	0.0404	0.01979	0.03875	0.83286	0.06325	0.00496
V236	0.05099	0.01758	0.07455	0.04198	0.78487	0.03002
V237	0.02116	0.01817	0.81237	0.14671	0	0.00159
V238	0.37313	0.02946	0.12789	0.20076	0.20792	0.06085
V239	0.26769	0.05284	0.1514	0.2257	0.28519	0.01719
V240	0.01879	0.17403	0	0.12602	0.68019	0.00097
V241	0.27422	0.1858	0.05538	0.28636	0.18494	0.01331
V242	0.1642	0.09322	0.07515	0.30381	0.28773	0.07588
V243	0.02397	0.35115	0.49305	0.10978	0.02187	0.00019
V244	0.07619	0.03381	0	0.01466	0.83717	0.03817
V245	0.49954	0.03414	0.10239	0.06891	0.21912	0.0759
V246	0.02107	0.05563	0.16521	0.39025	0.36522	0.00262
V247	0.16997	0.14047	0.05332	0.3488	0.18791	0.09953
V248	0.11285	0.03886	0	0.24511	0.59316	0.01002
V249	0.12127	0.18789	0.49764	0.16932	0	0.02388
V250	0.01011	0.0344	0.02257	0.89515	0.03458	0.0032
V251	0.01398	0.48752	0.19223	0.24399	0.06071	0.00158
V252	0.00905	0.02705	0.04477	0.82396	0.0915	0.00366
V253	0.03967	0.08452	0	0.51551	0.30589	0.05441
V254	0.0313	0.22684	0.01748	0.21985	0.49571	0.00882
V255	0.17305	0.32459	0.12431	0.14453	0.20719	0.02633
V256	0.00187	0.72211	0.05212	0.07744	0.14269	0.00378
V257	0.03426	0.3353	0	0.06418	0.55671	0.00955
V258	0.01656	0.20825	0.16662	0.58746	0.01757	0.00353
V259	0.01154	0.49678	0.39627	0.0849	0.00702	0.00349
V260	0.06168	0.04338	0	0.03244	0.8453	0.0172
V261	0.26818	0.0459	0.01962	0.09588	0.52818	0.04224
V262	0.05838	0.02951	0.85047	0.06078	0	0.00087
V263	0.02309	0.07067	0.64027	0.26244	0	0.00354
V264	0.34071	0.05372	0.19676	0.11815	0.24009	0.05056
V265	0.03273	0.00824	0	0.02544	0.932	0.00159
V266	0.18759	0.13246	0.10112	0.08228	0.27479	0.22176
V267	0.06226	0.61049	0.05641	0.15249	0.11616	0.00219
V268	0.58173	0.02823	0.10808	0.09102	0.15568	0.03525
V269	0.01941	0.05854	0.13285	0.73533	0.05123	0.00265
V270	0.1245	0.43812	0.0459	0.08046	0.30418	0.00685
V271	0.06534	0.20921	0.42529	0.08878	0.10261	0.10876
V272	0.02755	0.01034	0	0.07757	0.87466	0.00988
V273	0.04076	0.01107	0	0.08646	0.85382	0.00789
V274	0.09397	0.06644	0.34622	0.16946	0.1491	0.17482
V275	0.37077	0.24749	0.09673	0.10011	0.15596	0.02894
V276	0.07873	0.32415	0.14067	0.17992	0.20119	0.07533
V277	0.28855	0.06033	0.01081	0.06355	0.48621	0.09055
V278	0.07137	0.11472	0.03637	0.27386	0.49732	0.00636
V279	0.12255	0.11121	0.36973	0.15679	0.12293	0.11678
V280	0.05182	0.01971	0.02446	0.8427	0.05487	0.00645
V281	0.00495	0.70327	0.09116	0.10422	0.095	0.00141
V282	0.0271	0.03494	0	0.06168	0.87416	0.00212
V283	0.0198	0.32559	0	0.03997	0.6131	0.00154
V284	0.03011	0.11321	0.35281	0.42431	0.05906	0.02049
V285	0.01029	0.03449	0.01164	0.89049	0.04987	0.00321
V286	0.34545	0.05794	0.18168	0.32687	0.07477	0.01329
V287	0.02742	0.0174	0	0.08222	0.8658	0.00716
V288	0.07478	0.35134	0.01662	0.06272	0.40822	0.08632
V289	0.01735	0.09654	0.7285	0.15577	0	0.00184
V290	0.01164	0.02051	0.24147	0.71819	0.0037	0.00449
V291	0.01793	0.04389	0.01262	0.86481	0.05653	0.00423
V292	0.06833	0.09122	0.0063	0.6093	0.22105	0.00381
V293	0.023	0.04103	0	0.01483	0.91921	0.00193
V294	0.25463	0.0502	0	0.06018	0.60528	0.0297
V295	0.21594	0.06488	0.10922	0.06226	0.29656	0.25114
V296	0.02134	0.35088	0.10878	0.34235	0.15822	0.01842
V297	0.12432	0.19359	0.05705	0.08229	0.29717	0.24558
V298	0.0081	0.64539	0.20959	0.07679	0.06012	0
V299	0.08192	0.09242	0.76909	0.0542	0	0.00237
V300	0.41761	0.17094	0.14727	0.08694	0.13511	0.04214
V301	0.22352	0.42335	0.13501	0.09274	0.11673	0.00865
V302	0.01702	0.24224	0.07853	0.54076	0.11799	0.00345
V303	0.00693	0.5772	0.07747	0.07454	0.26219	0.00167
V304	0.03141	0.0083	0	0.00365	0.95494	0.0017
V305	0.03284	0.03247	0.19009	0.53567	0.17346	0.03547
V306	0.28538	0.20129	0.07709	0.08574	0.2099	0.14061
V307	0.08238	0.01914	0	0.0311	0.85489	0.01249
V308	0.00646	0.02634	0.01143	0.90671	0.04652	0.00254
V309	0.00432	0.45341	0.04315	0.42321	0.07416	0.00174
V310	0.04819	0.40272	0.36702	0.0735	0.06882	0.03977
V311	0.38971	0.04736	0.10499	0.08728	0.21778	0.15287
V312	0.06332	0.02087	0	0.3576	0.55204	0.00617
V313	0.25033	0.07353	0.06976	0.16779	0.2384	0.20019
V314	0.11327	0.02768	0.03273	0.76045	0.06097	0.00489
V315	0.05586	0.62121	0.04915	0.06477	0.20044	0.00857
V316	0.19199	0.06785	0.08419	0.21499	0.25689	0.18409
V317	0.03501	0.02187	0.01073	0.78238	0.12323	0.02678
V318	0.00822	0.02768	0.04841	0.87949	0.0313	0.00491
V319	0.16817	0.20293	0.34309	0.238	0.03634	0.01147
V320	0.11939	0.21486	0.42961	0.20231	0.01489	0.01894
V321	0.00201	0.53426	0.03843	0.33268	0.09251	1e-04
V322	0.03957	0.01316	0	0.02982	0.89812	0.01933
V323	0.02459	0.23177	0	0.38332	0.35868	0.00164
V324	0.05066	0.05344	0	0.24986	0.61555	0.03049
V325	0.02975	0.7077	0.08809	0.07015	0.10203	0.00228
V326	0.05802	0.65618	0.07258	0.06791	0.14215	0.00317
V327	0.05688	0.01771	0.89031	0.0332	0	0.0019
V328	0.08681	0.18572	0.15773	0.19418	0.37136	0.0042
V329	0.031	0.01678	0.4837	0.0345	0.43045	0.00357
V330	0.02327	0.0182	0.91133	0.04471	0	0.00248
V331	0.37567	0.11115	0.15429	0.19631	0.12907	0.03352
V332	0.05439	0.09356	0.0836	0.03871	0.67788	0.05187
V333	0.02226	0.03652	0.4566	0.41219	0.06652	0.00592
V334	0.01544	0.36133	0.4413	0.18165	0	0.00028
V335	0.07293	0.04087	0.81783	0.05072	0	0.01765
V336	0.14296	0.55137	0.09856	0.07185	0.12729	0.00797
V337	0.04728	0.14537	0	0.02939	0.77725	0.00071
V338	0.39875	0.02092	0.07291	0.06518	0.42071	0.02152
V339	0.05668	0.10898	0.45298	0.34431	0.01787	0.01919
V340	0.30696	0.30218	0.0657	0.13141	0.1757	0.01805
V341	0.11509	0.05435	0.06303	0.645	0.11587	0.00665
V342	0.03332	0.03145	0.01812	0.74666	0.14094	0.0295
V343	0.11102	0.25657	0.24227	0.10754	0.16438	0.11822
V344	0.00719	0.55443	0	0.08016	0.34255	0.01567
V345	0.02491	0.00793	0	0.01096	0.95542	0.00079
V346	0.07275	0.0226	0	0.4443	0.45241	0.00795
V347	0.22251	0.14273	0.0042	0.1467	0.47427	0.00959
V348	0.07125	0.1433	0.69792	0.0789	0.00557	0.00307
V349	0.38534	0.10316	0.12668	0.19806	0.17308	0.01367
V350	0.21828	0.07354	0.22858	0.3818	0.05878	0.03902
V351	0.17889	0.1606	0.14041	0.1164	0.23662	0.16708
V352	0.03638	0.32501	0	0.03574	0.55728	0.04558
V353	0.02017	0.17097	0.7683	0.03986	0	0.00071
V354	0.08808	0.07465	0.20754	0.03341	0.55136	0.04498
V355	0.02051	0.04218	0.89509	0.04141	0	0.00081
V356	0.25144	0.14683	0.0915	0.35551	0.13659	0.01813
V357	0.15543	0.02893	0.42007	0.06732	0.32022	0.00803
V358	0.12962	0.06031	0.1931	0.14381	0.24227	0.2309
V359	0.06604	0.09227	0.01038	0.66858	0.15555	0.00719
V360	0.23627	0.01831	0	0.28303	0.44646	0.01593
V361	0	0.73422	0.05797	0.08774	0.11819	0.00189
V362	0.01036	0.4541	0.06863	0.38634	0.08038	2e-04
V363	0.39855	0.0958	0.12168	0.06055	0.30104	0.02238
V364	0.0764	0.27834	0.02057	0.10853	0.4032	0.11296
V365	0.17397	0.4017	0.07166	0.24049	0.10374	0.00843
V366	0.05491	0.23826	0.49539	0.13038	0.07713	0.00394
V367	0.02179	0.01577	0	0.56645	0.38939	0.00659
V368	0.06341	0.20674	0.10006	0.10245	0.42299	0.10434
V369	0.03047	0.03089	0	0.0647	0.86396	0.00998
V370	0.02772	0.09248	0.66684	0.20344	0	0.00952
V371	0.03003	0.24836	0.03489	0.59369	0.06924	0.02379
V372	0.0149	0.57463	0.00298	0.0829	0.31498	0.0096
V373	0.52762	0.05049	0.10618	0.07518	0.17616	0.06437
V374	0.09207	0.02787	0.27408	0.57109	0.03218	0.0027
V375	0.20097	0.02807	0.19135	0.11061	0.45779	0.0112
V376	0.07961	0.115	0.04702	0.26578	0.34536	0.14723
V377	0.04921	0.02336	0.29841	0.0283	0.59643	0.00428
V378	0.10954	0.14584	0.35875	0.0553	0.19422	0.13636
V379	0.31751	0.05661	0.31876	0.06574	0.12574	0.11565
V380	0.02289	0.03454	0	0.02192	0.91863	0.00202
V381	0.16653	0.05115	0.39295	0.38266	0.00184	0.00488
V382	0.02189	0.02929	0	0.18162	0.76544	0.00176
V383	0.09967	0.05745	0.45041	0.38762	0	0.00485
V384	0.04052	0.0376	0.85432	0.0657	0	0.00186
V385	0.17235	0.08798	0.13449	0.06183	0.27529	0.26806
V386	0.32442	0.05765	0.39439	0.07429	0.13456	0.01469
V387	0.10808	0.02815	0.08412	0.73737	0.03783	0.00444
V388	0.44278	0.07439	0.30402	0.07041	0.09323	0.01516
V389	0.25437	0.18174	0.08665	0.06433	0.24478	0.16813
V390	0.02591	0.05401	0.01349	0.78783	0.1007	0.01806
V391	0.02604	0.02408	0	0.57525	0.36571	0.00892
V392	0.04254	0.07442	0.61692	0.20772	0	0.0584
V393	0.04178	0.16816	0.41956	0.12935	0.21004	0.03111
V394	0.01194	0.01828	0.03308	0.83283	0.10061	0.00325
V395	0.01637	0.06764	0.87247	0.04286	0	0.00065
V396	0.24489	0.07902	0.04305	0.46618	0.15892	0.00794
V397	0.09283	0.30117	0.09182	0.07307	0.29444	0.14667
V398	0.01745	0.54938	0.01292	0.0806	0.33646	0.00318
V399	0.02379	0.01849	0.86645	0.08661	0	0.00466
V400	0.05513	0.06967	0.02116	0.62841	0.13252	0.09311
V401	0.0881	0.04156	0.71216	0.06338	0.08409	0.01072
V402	0.03259	0.02809	0.02485	0.86788	0.0407	0.0059
V403	0.06095	0.027	0	0.07134	0.74915	0.09155
V404	0.02085	0.02566	0.9219	0.03048	0	0.00112
V405	0.15962	0.33502	0.12208	0.12315	0.25423	0.00589
V406	0.08535	0.09458	0.20549	0.17254	0.37912	0.06293
V407	0.04593	0.04435	0.83851	0.04082	0	0.03039
V408	0.0201	0.10855	0.05344	0.76393	0.03916	0.01482
V409	0.56061	0.06953	0.10926	0.07665	0.15483	0.02913
V410	0.57501	0.03951	0.09854	0.07335	0.19033	0.02327
V411	0.07601	0.05888	0.04983	0.50689	0.15904	0.14935
V412	0.28012	0.20255	0.10485	0.11799	0.28564	0.00884
V413	0.01063	0.10838	0.0433	0.7653	0.07009	0.0023
V414	0.0501	0.07266	0	0.61162	0.26129	0.00433
V415	0.0294	0.02908	0.33597	0.45897	0.13144	0.01514
V416	0.02602	0.12936	0	0.2687	0.56093	0.01499
V417	0.14868	0.04774	0.18788	0.29627	0.15717	0.16226
V418	0.02341	0.08461	0.34793	0.17538	0.36221	0.00646
V419	0.14234	0.12984	0.06052	0.06064	0.32571	0.28096
V420	0.16443	0.07099	0.06157	0.08453	0.33061	0.28786
V421	0.03579	0.04604	0	0.08012	0.83349	0.00456
V422	0.09252	0.23961	0	0.04065	0.62405	0.00317
V423	0.02422	0.14589	0.01714	0.75255	0.05749	0.00271
V424	0.43609	0.13431	0.11664	0.17072	0.1246	0.01763
V425	0.02144	0.08036	0	0.01099	0.88548	0.00173
V426	0.09513	0.1156	0.38789	0.07697	0.14825	0.17616
V427	0.24371	0.15335	0.22926	0.23754	0.11367	0.02248
V428	0.12338	0.02835	0.02749	0.76392	0.05153	0.00532
V429	0.01491	0.03227	0.06118	0.581	0.30648	0.00416
V430	0.03089	0.09256	0.59725	0.26959	0	0.0097
V431	0.0167	0.02537	0.8969	0.05992	0	0.00111
V432	0.00905	0.3671	0.05041	0.48769	0.08474	0.00102
V433	0.01025	0.01932	0.05684	0.88542	0.02567	0.00251
V434	0.01195	0.25382	0.19474	0.52141	0.01711	0.00097
V435	0.03316	0.01289	0	0.00724	0.9211	0.0256
V436	0.48067	0.14877	0.11235	0.1034	0.13697	0.01784
V437	0.10423	0.27211	0.33114	0.07662	0.20222	0.01368
V438	0.03037	0.29517	0	0.09207	0.58039	0.002
V439	0.02851	0.01642	0	0.00774	0.94558	0.00175
V440	0.08046	0.06899	0.42073	0.1107	0.29929	0.01981
V441	0.03819	0.09993	0.57425	0.24825	0	0.03938
V442	0.22716	0.15847	0.26321	0.15162	0.16596	0.03359
V443	0.01372	0.01961	0.06557	0.81767	0.07731	0.00612
V444	0.40498	0.06093	0.09298	0.1019	0.30983	0.02937
V445	0.58333	0.03978	0.13844	0.07582	0.14101	0.0216
V446	0.01792	0.48674	0.3356	0.09256	0.06117	0.00602
V447	0.07907	0.28101	0.01628	0.3211	0.23268	0.06986
V448	0.03349	0.03782	0.88051	0.04739	0	0.00079
V449	0.29664	0.05602	0.0813	0.45315	0.09038	0.0225
V450	0.06454	0.02868	0.69313	0.04708	0.16476	0.00181
V451	0.06455	0.04572	0.04654	0.17548	0.66529	0.00242
V452	0.05109	0.04919	0.04706	0.61169	0.17971	0.06126
V453	0.17437	0.02068	0.60678	0.19345	0	0.00473
V454	0.08979	0.07109	0.1401	0.65378	0.03958	0.00567
V455	0.02591	0.68004	0.09516	0.09715	0.09805	0.00369
V456	0.50304	0.02504	0.12877	0.08101	0.23016	0.03198
V457	0.10485	0.05131	0	0.04698	0.6583	0.13856
V458	0.04844	0.01773	0.3435	0.04083	0.53287	0.01664
V459	0.01971	0.03359	0.57009	0.37541	0	0.0012
V460	0.19304	0.09221	0.34657	0.23893	0.09768	0.03157
V461	0.12665	0.05457	0.00893	0.53785	0.2601	0.01189
V462	0.02039	0.01838	0.90185	0.05325	0	0.00613
V463	0.02144	0.02697	0	0.04248	0.90849	0.00062
V464	0.01629	0.67934	0.05321	0.09175	0.15863	0.00077
V465	0.20011	0.11809	0.55034	0.05987	0.05907	0.01252
V466	0.0388	0.03463	0.0139	0.76417	0.14175	0.00675
V467	0.59802	0.02749	0.12612	0.07627	0.14776	0.02435
V468	0.16603	0.11078	0.09476	0.33014	0.29198	0.0063
V469	0.01968	0.13656	0.68395	0.14947	0	0.01034
V470	0.31383	0.029	0.04158	0.14457	0.45801	0.013
V471	0.03347	0.21514	0.58237	0.13443	0.02122	0.01337
V472	0.02984	0.40176	0	0.07779	0.48309	0.00751
V473	0.00832	0.74495	0.07005	0.07083	0.10506	0.00079
V474	0.03712	0.01832	0.38168	0.56019	0	0.0027
V475	0.04227	0.14062	0.22513	0.22486	0.36233	0.00479
V476	0.26388	0.05442	0.04768	0.35326	0.22093	0.05982
V477	0.0252	0.5436	0.10701	0.17411	0.12952	0.02055
V478	0.02263	0.02823	0.88307	0.05521	0	0.01085
V479	0.03954	0.13819	0.75826	0.06192	0	0.00208
V480	0.01787	0.18939	0	0.31664	0.47485	0.00124
V481	0.19811	0.10579	0.09781	0.13507	0.45078	0.01243
V482	0.39914	0.04619	0.12533	0.08795	0.20339	0.138
V483	0.00665	0.69657	0.12674	0.07978	0.08926	0.00101
V484	0.49536	0.02206	0.17575	0.06463	0.22208	0.02012
V485	0.13136	0.14014	0.56984	0.14908	0	0.00959
V486	0.11205	0.02113	0.76126	0.0891	0	0.01646
V487	0.02163	0.2598	0	0.03388	0.6832	0.00148
V488	0.10145	0.58504	0.08371	0.12074	0.10435	0.00472
V489	0.45207	0.04927	0.1854	0.07898	0.21534	0.01894
V490	0.1495	0.12275	0.03864	0.17623	0.31143	0.20145
V491	0.04949	0.24342	0.31447	0.04409	0.34256	0.00598
V492	0.08374	0.07353	0.31518	0.18305	0.24662	0.09788
V493	0.44836	0.18188	0.09538	0.11689	0.13908	0.01841
V494	0.07278	0.08376	0.57971	0.10688	0.03459	0.12227
V495	0.10404	0.4693	0.26946	0.08921	0.06505	0.00295
V496	0.11004	0.14175	0.2973	0.04266	0.37816	0.03009
V497	0.03035	0.16376	0.04315	0.06197	0.69954	0.00122
V498	0.04722	0.10617	0.3596	0.40697	0.07344	0.0066
V499	0.01237	0.55491	0.20746	0.14126	0.0798	0.00419
V500	0.22963	0.20074	0.08322	0.12438	0.34648	0.01556
V501	0.01757	0.70302	0.05746	0.09594	0.12072	0.00529
V502	0.02186	0.01758	0	0.2306	0.72742	0.00253
V503	0.05326	0.28015	0.06439	0.53199	0.06853	0.00168
V504	0.0227	0.68078	0.1066	0.06963	0.11909	0.00121
V505	0.01852	0.02058	0.49505	0.45743	0	0.00841
V506	0.20528	0.04735	0.07646	0.29952	0.27805	0.09334
V507	0.15126	0.07163	0.05308	0.05793	0.37123	0.29486
V508	0.0255	0.45473	0.0396	0.14191	0.33605	0.00222
V509	0.02266	0.0258	0	0.76401	0.18516	0.00237
V510	0.57478	0.02636	0.09335	0.07206	0.21017	0.02328
V511	0.11118	0.05751	0.03334	0.47167	0.18544	0.14087
V512	0.04538	0.2145	0.64036	0.08849	0	0.01126
V513	0.03263	0.02721	0.0724	0.07096	0.7949	0.00191
V514	0.01807	0.67999	0.12933	0.06779	0.09255	0.01227
V515	0.03477	0.32809	0.03925	0.52441	0.06608	0.0074
V516	0.02385	0.06562	0.79507	0.062	0.05151	0.00195
V517	0.02126	0.01626	0.31021	0.2634	0.38709	0.00179
V518	0.14807	0.37892	0.0829	0.19716	0.17506	0.01788
V519	0.05425	0.53877	0.05851	0.17635	0.13438	0.03774
V520	0.36708	0.13286	0.11618	0.23537	0.11707	0.03144
V521	0.05262	0.00925	0	0.02246	0.91077	0.00491
V522	0.1841	0.21092	0	0.08322	0.48495	0.0368
V523	0.20041	0.22025	0.14007	0.27519	0.11763	0.04645
V524	0.04033	0.01493	0	0.18611	0.73856	0.02006
V525	0.32977	0.0479	0.17235	0.10538	0.18897	0.15563
V526	0.00578	0.59656	0.12443	0.06905	0.20419	0
V527	0.19193	0.0332	0.67875	0.07154	0.01812	0.00646
V528	0.50648	0.02382	0.25757	0.08506	0.10973	0.01735
V529	0.03941	0.08199	0.03799	0.76082	0.07551	0.00429
V530	0.04456	0.22993	0.37869	0.19874	0.12314	0.02494
V531	0.58718	0.03976	0.10882	0.09108	0.14943	0.02371
V532	0.05902	0.01814	0.05816	0.65785	0.20193	0.0049
V533	0.06951	0.02368	0.25824	0.06896	0.52828	0.05133
V534	0.02974	0.02301	0	0.70189	0.20887	0.03649
V535	0.27954	0.06784	0.33048	0.25584	0.05	0.0163
V536	0.01856	0.01875	0.72571	0.22891	0	0.00806
V537	0.00591	0.51805	0.04642	0.32973	0.09488	0.00502
V538	0.05641	0.0363	0.03784	0.64298	0.11958	0.10688
V539	0.01869	0.01823	0	0.72258	0.23556	0.00494
V540	0.16692	0.03021	0.35166	0.06653	0.36923	0.01544
V541	0.01259	0.21433	0.02206	0.6618	0.08321	0.00601
V542	0.00534	0.45855	0.04162	0.32315	0.1699	0.00144
V543	0.02575	0.01789	0.57379	0.06924	0.31095	0.00239
V544	0.12746	0.11351	0.05811	0.13994	0.33097	0.23001
V545	0.00739	0.50379	0.06082	0.07729	0.34949	0.00123
V546	0.29349	0.08383	0.05906	0.41071	0.14011	0.0128
V547	0.03238	0.08509	0	0.42769	0.44103	0.01381
V548	0.1462	0.11189	0.06112	0.06053	0.33226	0.28799
V549	0.07268	0.02314	0.71564	0.16649	0	0.02205
V550	0.03401	0.02106	0.20661	0.02244	0.71395	0.00192
V551	0.08484	0.11751	0.08176	0.25001	0.34611	0.11977
V552	0.03315	0.04863	0.07617	0.3297	0.5026	0.00974
V553	0.50368	0.02315	0.13011	0.12495	0.197	0.02111
V554	0.01025	0.71372	0.08232	0.06832	0.11643	0.00896
V555	0.21405	0.03211	0.0883	0.4789	0.11144	0.07521
V556	0.04141	0.0278	0.47382	0.4524	0	0.00456
V557	0.02817	0.64321	0.15356	0.07696	0.09318	0.00491
V558	0.22043	0.25559	0.07258	0.2588	0.13293	0.05967
V559	0.02032	0.00975	0	0.13576	0.83236	0.00181
V560	0.41737	0.06316	0.06852	0.08907	0.32787	0.03401
V561	0.01692	0.03381	0.91777	0.03047	0	0.00103
V562	0.25792	0.27461	0.13741	0.18298	0.12142	0.02567
V563	0.13491	0.06358	0.05472	0.23554	0.26302	0.24823
V564	0.06957	0.12464	0	0.0424	0.65747	0.10592
V565	0.15213	0.07252	0.08437	0.05977	0.33341	0.29779
V566	0.10824	0.19852	0.07863	0.1632	0.28641	0.16499
V567	0.15987	0.29527	0.05107	0.34723	0.13525	0.01132
V568	0.04129	0.00858	0	0.03571	0.91321	0.0012
V569	0.46364	0.08641	0.08891	0.13452	0.17691	0.04961
V570	0.37539	0.18278	0.13016	0.16449	0.1305	0.01668
V571	0.01971	0.21491	0.69176	0.07331	0	0.00032
V572	0.03198	0.03015	0.853	0.07418	0.00922	0.00147
V573	0.05075	0.66876	0.06342	0.06807	0.14479	0.00421
V574	0.06776	0.03604	0.59456	0.12917	0.07751	0.09495
V575	0.00718	0.55897	0.12223	0.20484	0.09853	0.00825
V576	0.15504	0.10404	0	0.02619	0.70922	0.00551
V577	0.16598	0.06007	0	0.1005	0.65886	0.01459
V578	0.03316	0.01289	0	0.00724	0.9211	0.0256
V579	0.0374	0.03778	0.08491	0.28557	0.55196	0.00238
V580	0.06589	0.03477	0.0481	0.45736	0.37993	0.01395
V581	0.36275	0.06742	0.15491	0.17772	0.22496	0.01225
V582	0.36284	0.03676	0.0896	0.36278	0.12358	0.02444
V583	0.05003	0.08177	0.34508	0.03711	0.42405	0.06196
V584	0.04981	0.03814	0	0.42781	0.44737	0.03687
V585	0.02789	0.41787	0.31329	0.16664	0.05668	0.01763
V586	0.05295	0.64773	0.1122	0.07813	0.10625	0.00274
V587	0.12065	0.02991	0.35663	0.48542	0	0.00738
V588	0.01727	0.02687	0.0555	0.85724	0.04066	0.00246
V589	0.03486	0.31143	0.39489	0.172	0.03864	0.04819
V590	0.0661	0.08512	0.57195	0.17498	0.01787	0.08398
V591	0.43202	0.02225	0.12652	0.28581	0.11845	0.01495
V592	0.03096	0.28375	0.11301	0.46484	0.10576	0.00167
V593	0.00957	0.02626	0.0225	0.90757	0.03156	0.00253
V594	0.04845	0.02413	0.04648	0.77166	0.07245	0.03683
V595	0.03215	0.27114	0.01539	0.19141	0.45373	0.03618
V596	0.02196	0.16876	0	0.0936	0.71537	0.00032
V597	0.19783	0.01279	0	0.03434	0.74903	0.00602
V598	0.54246	0.08111	0.10139	0.07459	0.17271	0.02774
V599	0.08331	0.05434	0	0.3172	0.40427	0.14088
V600	0.24853	0.1725	0.02744	0.14816	0.32107	0.08231
V601	0.04761	0.18317	0.09828	0.53579	0.07908	0.05608
V602	0.03648	0.03185	0	0.02474	0.88074	0.0262
V603	0.05274	0.44712	0.09255	0.14957	0.19092	0.06711
V604	0.02428	0.3359	0	0.04133	0.59738	0.00112
V605	0.04123	0.02921	0	0.0081	0.91696	0.0045
V606	0.28859	0.0633	0.41689	0.1636	0.03192	0.0357
V607	0.08926	0.09455	0	0.06686	0.60338	0.14595
V608	0.03018	0.5894	0.05082	0.15488	0.1502	0.02452
V609	0.0256	0.02607	0.68294	0.26341	0	0.00198
V610	0.03107	0.14116	0.53102	0.25973	0.0234	0.01363
V611	0.00067	0.70525	0.06908	0.10284	0.12155	0.00062
V612	0.00653	0.17193	0.02647	0.75123	0.04237	0.00147
V613	0.35466	0.23276	0.10044	0.07058	0.16665	0.07491
V614	0.04	0.14978	0.63103	0.06505	0.07986	0.03428
V615	0.0264	0.0493	0	0.01744	0.90481	0.00205
V616	0.17365	0.43987	0.05505	0.12741	0.17487	0.02915
V617	0.02493	0.01438	0	0.01181	0.94724	0.00164
V618	0.11336	0.04379	0.76205	0.06274	0	0.01806
V619	0.00756	0.52728	0.2021	0.09732	0.16315	0.00258
V620	0.09211	0.06218	0.52847	0.09346	0.07231	0.15146
V621	0.0135	0.0196	0.08375	0.80518	0.07319	0.00478
V622	0.24241	0.16905	0	0.0446	0.53337	0.01057
V623	0.04804	0.66686	0.06509	0.06718	0.13856	0.01427
V624	0.00534	0.50563	0.03894	0.36675	0.08034	0.00301
V625	0.03317	0.12752	0.23377	0.55484	0.04199	0.00871
V626	0.03054	0.04962	0	0.22033	0.6704	0.02911
V627	0.3066	0.02188	0.05499	0.51496	0.08783	0.01373
V628	0.06658	0.09437	0.40439	0.17738	0.20219	0.05509
V629	0.00577	0.37799	0.02702	0.51068	0.07759	0.00096
V630	0.37373	0.04662	0.10196	0.15917	0.23702	0.08149
V631	0.09058	0.04492	0.12931	0.31088	0.2684	0.15591
V632	0.03057	0.03842	0.05958	0.35989	0.50643	0.00511
V633	0.01526	0.16902	0.76625	0.04937	0	1e-04
V634	0.40193	0.03518	0.099	0.34793	0.10191	0.01405
V635	0.0132	0.05955	0.27624	0.64894	0	0.00208
V636	0.00819	0.53859	0	0.13503	0.30816	0.01002
V637	0.10372	0.14763	0.00893	0.04583	0.50302	0.19088
V638	0.02595	0.10208	0.03597	0.58303	0.24985	0.00313
V639	0.14515	0.07471	0.00811	0.07432	0.6767	0.02101
V640	0.04014	0.15574	0.5316	0.07118	0.17769	0.02365
V641	0.02328	0.08264	0.44547	0.06637	0.38132	0.00092
V642	0.13239	0.0743	0.44823	0.29365	0.00688	0.04454
V643	0.47723	0.03807	0.08057	0.21284	0.16874	0.02256
V644	0.44424	0.04181	0.08016	0.23397	0.15968	0.04014
V645	0.4085	0.05893	0.11098	0.22569	0.13907	0.05682
V646	0.03372	0.02289	0.34404	0.02895	0.56855	0.00185
V647	0.10718	0.04504	0.07274	0.52542	0.16345	0.08617
V648	0.06948	0.37732	0.2264	0.1476	0.12753	0.05167
V649	0.06666	0.02719	0.05192	0.78758	0.06115	0.00549
V650	0.11837	0.18121	0.17998	0.05044	0.46603	0.00397
V651	0.06823	0.35426	0.08537	0.09509	0.35775	0.03929
V652	0.02791	0.01974	0.13532	0.76196	0.05121	0.00386
V653	0.04189	0.45554	0.04824	0.10045	0.3061	0.04778
V654	0.48504	0.03599	0.19825	0.08127	0.17957	0.01988
V655	0.13831	0.02557	0	0.12202	0.64378	0.07031
V656	0.06644	0.09351	0.65022	0.10651	0.08045	0.00288
V657	0.20223	0.03122	0	0.1799	0.54985	0.0368
V658	0.01166	0.08187	0.19412	0.70978	0.00098	0.0016
V659	0.00362	0.72685	0.06559	0.07889	0.11913	0.0059
V660	0.51898	0.04808	0.10315	0.10796	0.16717	0.05467
V661	0.07516	0.0325	0.20747	0.2432	0.3497	0.09197
V662	0.43001	0.03875	0.10365	0.25501	0.14143	0.03114
V663	0.03737	0.126	0	0.058	0.77735	0.00128
V664	0.0795	0.07741	0.79036	0.04658	0	0.00616
V665	0.02502	0.008	0	0.01079	0.95452	0.00167
V666	0.19192	0.33789	0.05683	0.21682	0.17486	0.02168
V667	0.12365	0.06121	0.12339	0.16366	0.29122	0.23687
V668	0.45029	0.19399	0.11134	0.08953	0.13776	0.01709
V669	0.09738	0.16696	0.03222	0.46532	0.14865	0.08947
V670	0.03677	0.34939	0.05665	0.42067	0.11115	0.02536
V671	0.14966	0.01997	0.0415	0.72741	0.05538	0.00607
V672	0.01267	0.48641	0.0389	0.38195	0.07888	0.0012
V673	0.07254	0.23562	0.39546	0.07645	0.09222	0.12771
V674	0.43677	0.01772	0.01915	0.05105	0.46076	0.01455
V675	0.11938	0.26141	0.07743	0.05827	0.29655	0.18696
V676	0.01816	0.01908	0.10824	0.82445	0.02763	0.00245
V677	0.09713	0.43204	0.27783	0.06536	0.07797	0.04967
V678	0.09059	0.09571	0	0.03556	0.73602	0.04211
V679	0.10084	0.21738	0.1405	0.11753	0.23038	0.19337
V680	0.03424	0.01524	0.25786	0.025	0.65808	0.00959
V681	0.01109	0.685	0.09524	0.07875	0.10807	0.02185
V682	0.02532	0.54798	0.01013	0.07783	0.30107	0.03767
V683	0.03032	0.00989	0	0.00402	0.94304	0.01272
V684	0.0345	0.63787	0.0535	0.15761	0.1132	0.00332
V685	0.00996	0.50893	0.30925	0.06025	0.11161	0
V686	0.16469	0.04353	0.64319	0.07353	0.017	0.05806
V687	0.04241	0.2851	0.39197	0.19834	0.02933	0.05285
V688	0.23719	0.02135	0	0.04552	0.65185	0.04409
V689	0.05117	0.03977	0.71999	0.17826	0	0.01081
V690	0.04767	0.02211	0	0.04073	0.86291	0.02659
V691	0.04089	0.42834	0.25074	0.15356	0.11208	0.01438
V692	0.28164	0.01845	0.02315	0.4529	0.21171	0.01215
V693	0.43535	0.1773	0.1226	0.10335	0.1362	0.02521
V694	0.42488	0.17239	0.10457	0.14426	0.13287	0.02104
V695	0.47061	0.02543	0.04667	0.08985	0.33652	0.03091
V696	0.04395	0.40513	0.02603	0.11379	0.40702	0.00408
V697	0.04722	0.03915	0.80644	0.09951	0	0.00769
V698	0.00026	0.73877	0.05884	0.07975	0.12023	0.00214
V699	0.1215	0.04343	0.65438	0.10217	0.0632	0.01531
V700	0.07439	0.01664	0	0.0177	0.8865	0.00477
V701	0.56445	0.03024	0.12189	0.07424	0.16023	0.04896
V702	0.09979	0.07535	0.1507	0.34966	0.17304	0.15145
V703	0.09682	0.4257	0.00703	0.05273	0.41215	0.00557
V704	0.20086	0.31321	0.31828	0.06549	0.08478	0.01739
V705	0.03485	0.10492	0.20745	0.2062	0.44318	0.0034
V706	0.06667	0.13684	0.42907	0.04731	0.24828	0.07182
V707	0.39801	0.07917	0.08364	0.06798	0.238	0.1332
V708	0.01603	0.35331	0.55512	0.07546	0	8e-05
V709	0.0118	0.0175	0	0.80649	0.1618	0.0024
V710	0.21841	0.08344	0.12621	0.1184	0.43116	0.02237
V711	0.02578	0.22008	0.47552	0.26431	0	0.01431
V712	0.02019	0.20696	0	0.03029	0.74111	0.00145
V713	0.12571	0.50078	0.09606	0.11145	0.1512	0.0148
V714	0.01853	0.42584	0.48302	0.07261	0	0
V715	0.02976	0.03487	0.90083	0.03208	0	0.00246
V716	0.066	0.05523	0	0.41159	0.40953	0.05766
V717	0.03355	0.01584	0	0.0056	0.93884	0.00617
V718	0.01823	0.29521	0	0.02847	0.65809	0
V719	0.01367	0.67823	0.08112	0.07554	0.14665	0.00479
V720	0.13292	0.02293	0.30646	0.44292	0.07135	0.02343
V721	0.04629	0.31926	0.29885	0.05215	0.2258	0.05765
V722	0.02532	0.00786	0	0.00402	0.96199	0.00081
V723	0.01141	0.56138	0.05514	0.07323	0.29397	0.00488
V724	0.04741	0.27858	0.40452	0.16501	0.10437	0.00012
V725	0.03781	0.0618	0	0.14782	0.73664	0.01593
V726	0.03232	0.03601	0.48854	0.06828	0.36534	0.00952
V727	0.0971	0.04631	0.22079	0.3218	0.15738	0.15662
V728	0.01275	0.02821	0.01381	0.89566	0.04091	0.00867
V729	0.09895	0.42902	0.03194	0.09659	0.33559	0.0079
V730	0.06595	0.03011	0.14616	0.60573	0.0816	0.07045
V731	0.09876	0.07237	0.48447	0.04443	0.27604	0.02392
V732	0.04822	0.37448	0	0.09556	0.4611	0.02063
V733	0.11298	0.02782	0.36943	0.31449	0.12357	0.05171
V734	0.11686	0.04801	0.48334	0.05662	0.13666	0.15852
V735	0.01423	0.09187	0.03089	0.79783	0.05389	0.0113
V736	0.02737	0.55126	0.11936	0.12075	0.13733	0.04392
V737	0.0223	0.0078	0	0.01057	0.95856	0.00077
V738	0.17235	0.07398	0.13529	0.5073	0.09007	0.02102
V739	0.08221	0.2932	0.1673	0.0887	0.35755	0.01102
V740	0.02835	0.23182	0.35956	0.09539	0.2808	0.00407
V741	0.21302	0.16259	0.19483	0.1559	0.26751	0.00615
V742	0.14392	0.0284	0.03346	0.53101	0.24923	0.01398
V743	0.02396	0.10546	0.23192	0.36988	0.26558	0.0032
V744	0.22512	0.1621	0.08576	0.30564	0.13775	0.08363
V745	0.02885	0.405	0	0.0865	0.47821	0.00144
V746	0.50566	0.05518	0.10344	0.1174	0.18483	0.0335
V747	0.11086	0.02161	0	0.06047	0.80046	0.0066
V748	0.07879	0.09854	0.32952	0.09023	0.30586	0.09706
V749	0.26067	0.04028	0.0226	0.27813	0.33767	0.06065
V750	0.00929	0.08772	0.01312	0.83315	0.05494	0.00177
V751	0.01443	0.02654	0.03899	0.83826	0.07934	0.00245
V752	0.10376	0.01967	0	0.0909	0.77951	0.00617
V753	0.07967	0.02477	0	0.15103	0.67322	0.07131
V754	0.03105	0.4414	0.17444	0.14947	0.16745	0.03619
V755	0.16751	0.0532	0	0.05855	0.6994	0.02134
V756	0.12889	0.07944	0.04079	0.07273	0.43385	0.2443
V757	0.04829	0.49977	0.0355	0.09596	0.25668	0.0638
V758	0.12076	0.6046	0.07002	0.08253	0.11609	0.006
V759	0.07288	0.03067	0	0.16159	0.71947	0.01539
V760	0.14383	0.06977	0.08456	0.1307	0.28904	0.2821
V761	0.02611	0.02119	0.2345	0.0417	0.67532	0.00117
V762	0.04891	0.02064	0.83323	0.08523	0	0.01199
V763	0.01323	0.13904	0.03397	0.71939	0.08901	0.00536
V764	0.10429	0.0328	0.05915	0.28565	0.47503	0.04307
V765	0.15345	0.09052	0.06048	0.08407	0.32729	0.28418
V766	0.15839	0.35299	0.02302	0.0758	0.37041	0.01939
V767	0.11512	0.04597	0.45628	0.21893	0.0826	0.08111
V768	0.00764	0.5995	0.23313	0.08605	0.06832	0.00536
V769	0.01662	0.0174	0.8438	0.12103	0	0.00114
V770	0.02992	0.35104	0.03441	0.49255	0.08958	0.0025
V771	0.06033	0.11913	0.63432	0.13177	0	0.05444
V772	0.02967	0.03002	0.86523	0.05662	0	0.01846
V773	0.26539	0.03098	0.07635	0.33449	0.22394	0.06886
V774	0.13041	0.01947	0.80238	0.0433	0	0.00445
V775	0.00784	0.58982	0.19687	0.12197	0.08312	0.00038
V776	0.52673	0.0618	0.10457	0.09145	0.16518	0.05028
V777	0.0456	0.19134	0	0.05731	0.6646	0.04115
V778	0.02765	0.04312	0.82364	0.10388	0	0.00171
V779	0.59594	0.02726	0.10678	0.07534	0.17195	0.02273
V780	0.02777	0.02778	0.06031	0.85022	0.03156	0.00237
V781	0.37277	0.21213	0.14439	0.07097	0.14385	0.0559
V782	0.15025	0.08869	0.15421	0.06078	0.27262	0.27345
V783	0.02142	0.68818	0.06197	0.07698	0.13694	0.01451
V784	0.02505	0.05323	0.20823	0.08108	0.63011	0.0023
V785	0.00593	0.54106	0.11549	0.07324	0.26294	0.00135
V786	0.11177	0.16339	0.14802	0.12068	0.24215	0.214
V787	0.36956	0.13949	0.06171	0.14435	0.2558	0.02908
V788	0.01005	0.01803	0.02936	0.77799	0.16155	0.00302
V789	0.08496	0.51131	0.04805	0.11564	0.17776	0.06228
V790	0	0.5798	0.06008	0.2313	0.12882	0
