CD14.pos.CD16.neg.classical.monocyte	mature.neutrophil	memory.B.cell	cytotoxic.CD56.dim.NK.cell	memory.CD4.pos.AB.T.cell	macrophage
V1	0.12299	0.01864	0.70185	0.03999	0.06019	0.05634
V2	0.42841	0.10942	0.06916	0.12177	0.1763	0.09494
V3	0.24441	0.05364	0.23449	0.03975	0.07905	0.34866
V4	0.21744	0.34624	0.05441	0.11088	0.17345	0.09758
V5	0.06943	0.05032	0	0.50708	0.345	0.02818
V6	0.24247	0.02027	0.18873	0.07086	0.20796	0.26971
V7	0.09977	0.30445	0.02037	0.06229	0.47274	0.04038
V8	0.51075	0.05376	0.0854	0.13119	0.08718	0.13172
V9	0.2622	0.13996	0.04906	0.24375	0.12398	0.18104
V10	0.3518	0.04204	0.08881	0.30115	0.12383	0.09237
V11	0.13404	0.58418	0.06253	0.0649	0.11276	0.0416
V12	0.26237	0.028	0.12521	0.04886	0.08196	0.45361
V13	0.12221	0.40612	0.27163	0.06268	0.09239	0.04496
V14	0.10527	0.03155	0.01392	0.67911	0.13143	0.03871
V15	0.37105	0.07386	0.05261	0.13565	0.25881	0.108
V16	0.10976	0.01887	0.01746	0.35105	0.39682	0.10604
V17	0.24661	0.03618	0.19587	0.04037	0.07282	0.40815
V18	0.52417	0.12985	0.0925	0.05998	0.07899	0.11452
V19	0.43326	0.05722	0.20743	0.04703	0.15285	0.10221
V20	0.45631	0.06524	0.13614	0.12976	0.08623	0.12632
V21	0.26635	0.03756	0.09277	0.04936	0.11607	0.43789
V22	0.18295	0.05408	0.02639	0.09581	0.57115	0.06963
V23	0.09804	0.01721	0.28051	0.04978	0.51532	0.03914
V24	0.16113	0.02163	0.0142	0.13253	0.6003	0.07021
V25	0.34997	0.23069	0.05712	0.14816	0.12742	0.08665
V26	0.24112	0.02724	0.03367	0.0454	0.59179	0.06077
V27	0.22884	0.01835	0.21698	0.04703	0.0798	0.409
V28	0.15125	0.20852	0.16309	0.21938	0.12092	0.13683
V29	0.13109	0.45408	0.1225	0.10337	0.09201	0.09694
V30	0.22669	0.16843	0.13321	0.04383	0.26785	0.15999
V31	0.47723	0.03509	0.21862	0.06181	0.07103	0.13622
V32	0.07157	0.02568	0.29132	0.4558	0.09765	0.05798
V33	0.22363	0.32187	0.22893	0.06228	0.08216	0.08112
V34	0.05498	0.00703	0.41977	0.05716	0.41727	0.04378
V35	0.07264	0.05703	0.15604	0.4495	0.21368	0.05112
V36	0.1345	0.37515	0.12631	0.05635	0.25632	0.05138
V37	0.1009	0.01394	0.65652	0.04557	0.06093	0.12214
V38	0.2461	0.01189	0.19162	0.04002	0.07149	0.43887
V39	0.42481	0.04872	0.06576	0.25658	0.09711	0.10701
V40	0.12635	0.38238	0.04589	0.16259	0.19967	0.08312
V41	0.50769	0.03624	0.1055	0.04875	0.08166	0.22016
V42	0.23204	0.02427	0.47599	0.04056	0.10369	0.12345
V43	0.20281	0.31326	0.04738	0.07009	0.28151	0.08495
V44	0.14026	0.59138	0.05949	0.06003	0.1001	0.04874
V45	0.3322	0.2567	0.1025	0.06364	0.09791	0.14706
V46	0.13098	0.01651	0.03699	0.25342	0.38636	0.17574
V47	0.12234	0.32184	0.03324	0.15631	0.29686	0.06941
V48	0.10812	0.45979	0.18482	0.0517	0.15914	0.03644
V49	0.13172	0.55972	0.05316	0.05794	0.15658	0.04087
V50	0.0711	0.00687	0.22665	0.04909	0.57522	0.07106
V51	0.05611	0.0093	0	0.05348	0.84689	0.03423
V52	0.1101	0.41685	0.23458	0.07633	0.11658	0.04556
V53	0.15309	0.01383	0.08552	0.06607	0.63602	0.04548
V54	0.1119	0.10379	0.47907	0.07813	0.142	0.0851
V55	0.05866	0.03893	0.09451	0.06598	0.7079	0.03402
V56	0.05561	0.0387	0.63176	0.13305	0.10285	0.03802
V57	0.20062	0.27619	0.08757	0.04566	0.19663	0.19333
V58	0.0689	0.01533	0.72989	0.05492	0.06111	0.06985
V59	0.09112	0.02411	0	0.69559	0.15642	0.03276
V60	0.3708	0.02868	0.05217	0.36076	0.10436	0.08323
V61	0.29027	0.11132	0.06549	0.17042	0.14142	0.22108
V62	0.38409	0.04317	0.1203	0.13619	0.16226	0.154
V63	0.16403	0.38021	0.06562	0.10852	0.10457	0.17706
V64	0.06437	0.09009	0.00228	0.04649	0.7639	0.03286
V65	0.40263	0.12013	0.09838	0.062	0.11711	0.19975
V66	0.35662	0.04079	0.14547	0.06025	0.3111	0.08577
V67	0.12606	0.12636	0.27809	0.23028	0.09152	0.14769
V68	0.57808	0.04435	0.0962	0.0815	0.07577	0.12411
V69	0.44017	0.04518	0.08956	0.0469	0.09969	0.2785
V70	0.08417	0.02011	0.1861	0.50294	0.16913	0.03755
V71	0.12031	0.20257	0.05165	0.12328	0.38575	0.11644
V72	0.41916	0.11432	0.12838	0.06245	0.13179	0.14389
V73	0.09701	0.01511	0.07972	0.62081	0.14891	0.03844
V74	0.07577	0.13065	0.01299	0.61662	0.13633	0.02764
V75	0.12151	0.58836	0.04817	0.07656	0.12637	0.03903
V76	0.06414	0.00746	0.59605	0.06449	0.22366	0.04421
V77	0.137	0.12139	0.10127	0.45227	0.11111	0.07696
V78	0.37993	0.11159	0.10829	0.14262	0.09791	0.15966
V79	0.18256	0.39743	0.07562	0.04929	0.08711	0.20799
V80	0.17482	0.41457	0.06573	0.05646	0.10236	0.18606
V81	0.48844	0.10573	0.13736	0.05759	0.09101	0.11987
V82	0.1194	0.53113	0.04751	0.08654	0.17209	0.04332
V83	0.16262	0.12815	0.04021	0.34684	0.23382	0.08836
V84	0.27658	0.03056	0.10675	0.37266	0.12624	0.0872
V85	0.55454	0.04221	0.15183	0.05782	0.07305	0.12055
V86	0.24448	0.03987	0.14963	0.27302	0.1039	0.1891
V87	0.07024	0.02989	0.01655	0.71139	0.13493	0.03701
V88	0.15438	0.03469	0.03335	0.43651	0.15985	0.18122
V89	0.15194	0.13677	0.39734	0.04627	0.06806	0.19962
V90	0.13461	0.46698	0.13808	0.05916	0.14608	0.05509
V91	0.0832	0.01787	0.03734	0.12544	0.69065	0.04549
V92	0.06568	0.06096	0.00845	0.05243	0.771	0.04149
V93	0.22664	0.0609	0.05479	0.11764	0.31144	0.22858
V94	0.06037	0.0195	0.22006	0.55928	0.10981	0.03098
V95	0.05383	0.01541	0.25494	0.13282	0.51108	0.03192
V96	0.13524	0.278	0.04632	0.08126	0.34005	0.11911
V97	0.05594	0.01654	0.00452	0.0962	0.79714	0.02967
V98	0.08656	0.07376	0.00591	0.59521	0.20443	0.03413
V99	0.06685	0.03011	0.0011	0.7297	0.14367	0.02856
V100	0.06801	0.01535	0.39265	0.25031	0.21373	0.05995
V101	0.08747	0.27734	0.37476	0.12332	0.0894	0.04772
V102	0.53917	0.04879	0.16404	0.05741	0.0726	0.11799
V103	0.44927	0.0496	0.07905	0.17422	0.13216	0.11569
V104	0.08046	0.01269	0.18609	0.55336	0.12579	0.0416
V105	0.25894	0.01232	0.15033	0.04084	0.07253	0.46503
V106	0.1311	0.00718	0.53916	0.03643	0.06991	0.21623
V107	0.14119	0.45705	0.21834	0.05216	0.08819	0.04306
V108	0.2089	0.03385	0.09239	0.04719	0.26652	0.35116
V109	0.22177	0.01797	0.07831	0.03997	0.25011	0.39187
V110	0.09823	0.13444	0.59014	0.0402	0.07358	0.0634
V111	0.05424	0.02281	0.74162	0.05643	0.07902	0.04589
V112	0.10331	0.24794	0.0122	0.46949	0.13156	0.03551
V113	0.07431	0.07907	0.52994	0.07159	0.19872	0.04637
V114	0.14882	0.01177	0.55678	0.15816	0.06852	0.05596
V115	0.35404	0.0704	0.08228	0.06732	0.19846	0.22749
V116	0.56834	0.04329	0.09376	0.09586	0.07664	0.12212
V117	0.3822	0.03546	0.04988	0.12106	0.32289	0.08852
V118	0.11745	0.4758	0.1217	0.07828	0.15556	0.05121
V119	0.12765	0.5633	0.06022	0.08698	0.10621	0.05564
V120	0.13186	0.16376	0.10002	0.35978	0.18679	0.05779
V121	0.30316	0.02612	0.06658	0.25755	0.08807	0.25852
V122	0.24253	0.0379	0.02881	0.48497	0.14717	0.05861
V123	0.32349	0.02601	0.07001	0.08132	0.20849	0.29069
V124	0.05941	0.00791	0.24184	0.05066	0.60288	0.03729
V125	0.08904	0.12601	0.54418	0.09227	0.07067	0.07784
V126	0.21593	0.20617	0.11484	0.05076	0.08728	0.32501
V127	0.08298	0.00823	0.66749	0.11849	0.07458	0.04824
V128	0.26747	0.20863	0.12748	0.16931	0.1502	0.07691
V129	0.05786	0.0227	0.6942	0.10261	0.07376	0.04886
V130	0.36803	0.12046	0.05903	0.23832	0.12261	0.09155
V131	0.09993	0.00877	0.03281	0.05739	0.6954	0.10571
V132	0.10166	0.34689	0.33637	0.04691	0.12526	0.04291
V133	0.10441	0.15688	0.46349	0.10928	0.12165	0.04428
V134	0.19586	0.45064	0.05658	0.06064	0.16837	0.0679
V135	0.11176	0.01525	0.61439	0.03888	0.11104	0.10867
V136	0.15448	0.49538	0.1028	0.06753	0.1281	0.05171
V137	0.0865	0.13333	0.45278	0.05703	0.23247	0.03789
V138	0.18037	0.01084	0.05157	0.3493	0.17701	0.2309
V139	0.12925	0.04618	0.15052	0.04767	0.43977	0.18661
V140	0.40374	0.19329	0.1019	0.10723	0.09163	0.10222
V141	0.21852	0.21238	0.13306	0.24113	0.12358	0.07132
V142	0.17395	0.49271	0.06347	0.09853	0.09612	0.07523
V143	0.10575	0.05713	0.51558	0.10291	0.15894	0.05968
V144	0.22364	0.14173	0.08099	0.13897	0.09079	0.32388
V145	0.0713	0.01503	0.00969	0.73347	0.12906	0.04145
V146	0.13877	0.01939	0.07326	0.05035	0.63789	0.08034
V147	0.37193	0.07935	0.16386	0.0823	0.0748	0.22777
V148	0.07679	0.14752	0.62076	0.04088	0.06632	0.04774
V149	0.18694	0.36001	0.06346	0.0681	0.08729	0.23419
V150	0.06923	0.01596	0	0.72809	0.1575	0.02923
V151	0.20314	0.30136	0.0675	0.05378	0.10625	0.26797
V152	0.11564	0.18696	0.35963	0.07197	0.19308	0.07272
V153	0.05914	0.03949	0.51651	0.24143	0.10345	0.03999
V154	0.35345	0.18156	0.08684	0.0469	0.07955	0.2517
V155	0.11551	0.27151	0.0919	0.04619	0.412	0.06288
V156	0.09266	0.35061	0.0283	0.04998	0.44604	0.03241
V157	0.18157	0.09505	0.08509	0.25219	0.10607	0.28003
V158	0.07106	0.05584	0.7206	0.04031	0.0607	0.05149
V159	0.16012	0.19009	0.28511	0.17666	0.12206	0.06595
V160	0.07476	0.00738	0.72859	0.04713	0.05817	0.08397
V161	0.1009	0.36326	0.02052	0.28812	0.19445	0.03275
V162	0.11375	0.38987	0.02796	0.14222	0.27731	0.04889
V163	0.06458	0.00861	0.77251	0.04041	0.06036	0.05354
V164	0.08962	0.26975	0.30618	0.13114	0.16053	0.04278
V165	0.09293	0.02389	0.03753	0.05809	0.6996	0.08796
V166	0.13779	0.01566	0.02659	0.15465	0.4714	0.19391
V167	0.06489	0.01033	0.34263	0.4264	0.118	0.03775
V168	0.45551	0.04336	0.07035	0.23465	0.08744	0.10869
V169	0.07259	0.01545	0.57493	0.20419	0.08084	0.052
V170	0.32263	0.04761	0.12199	0.27185	0.15309	0.08283
V171	0.21018	0.34169	0.0779	0.04799	0.09956	0.22268
V172	0.12311	0.06497	0.45096	0.17923	0.08244	0.09929
V173	0.08679	0.02218	0.66136	0.03809	0.07742	0.11417
V174	0.42087	0.10917	0.06863	0.05655	0.25079	0.09398
V175	0.14075	0.47007	0.13774	0.06628	0.14015	0.04501
V176	0.05204	0.00776	0.76729	0.04889	0.07724	0.04679
V177	0.17266	0.07311	0.29243	0.06226	0.22802	0.17151
V178	0.07329	0.03953	0.0301	0.04471	0.7688	0.04357
V179	0.10123	0.01181	0.04442	0.51899	0.20496	0.11858
V180	0.23284	0.02515	0.18454	0.34442	0.08907	0.12398
V181	0.37291	0.11184	0.11506	0.09803	0.14283	0.15933
V182	0.07317	0.07917	0.63018	0.09391	0.06662	0.05695
V183	0.07615	0.01615	0.00198	0.74674	0.12888	0.0301
V184	0.29342	0.30554	0.0611	0.07188	0.19139	0.07667
V185	0.16893	0.37958	0.06683	0.056	0.20474	0.12392
V186	0.05445	0.00864	0.50491	0.30531	0.09081	0.03588
V187	0.24522	0.36315	0.04916	0.06572	0.21372	0.06303
V188	0.19051	0.42161	0.06555	0.07083	0.09002	0.16148
V189	0.09104	0.06159	0.15588	0.06356	0.52641	0.10152
V190	0.10787	0.14325	0.02634	0.05834	0.54738	0.11682
V191	0.17182	0.42	0.05966	0.05675	0.10295	0.18881
V192	0.36926	0.1917	0.13288	0.07052	0.13424	0.1014
V193	0.24918	0.10431	0.09266	0.04992	0.08604	0.41789
V194	0.0681	0.02455	0.0207	0.13273	0.7115	0.04244
V195	0.05976	0.00702	0.59435	0.11811	0.17758	0.04318
V196	0.06652	0.01482	0.01568	0.70473	0.16538	0.03287
V197	0.18425	0.01567	0.0389	0.05201	0.65037	0.05879
V198	0.14826	0.29905	0.0604	0.15743	0.28205	0.05281
V199	0.08713	0.17939	0.09469	0.12317	0.47633	0.03928
V200	0.11133	0.0158	0.47413	0.21986	0.08398	0.09489
V201	0.07802	0.0156	0	0.73371	0.12633	0.04634
V202	0.13915	0.05611	0.3692	0.06936	0.20195	0.16424
V203	0.39359	0.05366	0.05913	0.30718	0.09454	0.0919
V204	0.23824	0.05101	0.10477	0.17137	0.09083	0.34379
V205	0.05961	0.02331	0.75075	0.05607	0.0631	0.04716
V206	0.07118	0.05127	0.091	0.60786	0.14918	0.02952
V207	0.29577	0.15858	0.08294	0.22927	0.11448	0.11896
V208	0.28906	0.08427	0.34954	0.08118	0.11925	0.07669
V209	0.25649	0.35492	0.06178	0.07726	0.09572	0.15383
V210	0.1232	0.02701	0.69328	0.04039	0.05993	0.05619
V211	0.37279	0.05035	0.14509	0.05187	0.21335	0.16655
V212	0.08859	0.21234	0.17595	0.32697	0.15293	0.04321
V213	0.08687	0.06341	0.22323	0.06529	0.52138	0.03981
V214	0.52217	0.05595	0.10063	0.09492	0.1084	0.11793
V215	0.16914	0.45191	0.05682	0.07747	0.09184	0.15282
V216	0.16128	0.36815	0.26517	0.05559	0.09829	0.05152
V217	0.23224	0.01298	0.08488	0.11028	0.32113	0.23849
V218	0.11631	0.24928	0.02046	0.44306	0.13671	0.03417
V219	0.53517	0.04002	0.10573	0.05012	0.08149	0.18747
V220	0.1277	0.02473	0.01807	0.66154	0.1218	0.04616
V221	0.15582	0.50872	0.07087	0.11142	0.10513	0.04804
V222	0.12389	0.21752	0.05193	0.15888	0.39205	0.05572
V223	0.15907	0.23618	0.25331	0.04897	0.09976	0.20272
V224	0.05743	0.0074	0.33695	0.04264	0.52138	0.0342
V225	0.29647	0.02305	0.10629	0.04932	0.07486	0.45001
V226	0.22472	0.05707	0.19447	0.25625	0.18464	0.08285
V227	0.42923	0.03144	0.07175	0.22038	0.09409	0.15311
V228	0.15295	0.18961	0.38844	0.08681	0.10601	0.07618
V229	0.16409	0.02116	0.31249	0.23526	0.19671	0.07029
V230	0.09645	0.13414	0.59679	0.04797	0.06572	0.05893
V231	0.09797	0.03138	0.00545	0.68412	0.14762	0.03346
V232	0.32609	0.02935	0.05824	0.26489	0.09847	0.22295
V233	0.5291	0.04751	0.10257	0.10208	0.09236	0.12638
V234	0.33103	0.02493	0.04131	0.0606	0.4572	0.08492
V235	0.11646	0.01661	0.02297	0.66219	0.13713	0.04465
V236	0.11945	0.00717	0.17393	0.05547	0.5058	0.13818
V237	0.06012	0.00703	0.67723	0.12638	0.08416	0.04508
V238	0.43098	0.0289	0.11214	0.11397	0.10841	0.20558
V239	0.36307	0.04986	0.14114	0.151	0.18657	0.10835
V240	0.07716	0.18972	0.00793	0.1365	0.55577	0.03291
V241	0.37758	0.1494	0.06345	0.18538	0.12792	0.09626
V242	0.27486	0.05625	0.09275	0.17968	0.15864	0.23782
V243	0.09621	0.29647	0.3742	0.08129	0.11002	0.04182
V244	0.17537	0.026	0.03856	0.04194	0.54251	0.17562
V245	0.50255	0.03473	0.09804	0.04851	0.08943	0.22673
V246	0.06959	0.04839	0.18644	0.32822	0.32826	0.03911
V247	0.28535	0.07897	0.07199	0.18657	0.10286	0.27427
V248	0.21435	0.04082	0.02309	0.21472	0.42776	0.07926
V249	0.21634	0.1412	0.33592	0.10922	0.07419	0.12314
V250	0.07402	0.03025	0.0026	0.73081	0.12891	0.03342
V251	0.11248	0.41528	0.14265	0.18235	0.10407	0.04317
V252	0.06807	0.02202	0.03166	0.67743	0.16359	0.03723
V253	0.149	0.05645	0.0364	0.34486	0.2113	0.20199
V254	0.10741	0.20393	0.07844	0.18825	0.35654	0.06543
V255	0.28512	0.24116	0.11097	0.09761	0.13803	0.12711
V256	0.12672	0.58861	0.05086	0.0647	0.11973	0.04939
V257	0.11995	0.3079	0.05329	0.0682	0.38082	0.06984
V258	0.09381	0.19003	0.12246	0.44337	0.10667	0.04366
V259	0.10437	0.41136	0.28468	0.06219	0.08547	0.05193
V260	0.1424	0.04185	0.03297	0.05778	0.62002	0.10498
V261	0.35902	0.04083	0.08833	0.07521	0.26499	0.17162
V262	0.10354	0.01751	0.66332	0.04831	0.11984	0.04748
V263	0.07634	0.05602	0.52244	0.21094	0.08384	0.05041
V264	0.40918	0.0445	0.15302	0.07542	0.13152	0.18637
V265	0.07805	0.00996	0.00098	0.0667	0.80711	0.03719
V266	0.29012	0.04631	0.10342	0.04996	0.08304	0.42715
V267	0.19265	0.48778	0.05008	0.11228	0.10504	0.05217
V268	0.57618	0.04368	0.09321	0.05933	0.07545	0.15216
V269	0.08332	0.05165	0.1011	0.59023	0.13822	0.03548
V270	0.24326	0.36342	0.07002	0.0654	0.19142	0.06648
V271	0.1885	0.1118	0.25877	0.05439	0.0879	0.29864
V272	0.08048	0.00936	0.00358	0.10991	0.72309	0.07358
V273	0.09602	0.01014	0.04901	0.11052	0.67012	0.06419
V274	0.22031	0.01764	0.20431	0.08594	0.0819	0.3899
V275	0.45125	0.1739	0.08568	0.06533	0.08829	0.13554
V276	0.20194	0.20835	0.11973	0.10891	0.12089	0.24018
V277	0.36959	0.03888	0.08097	0.05162	0.19779	0.26115
V278	0.1494	0.10534	0.09519	0.22779	0.36379	0.0585
V279	0.23487	0.05236	0.22586	0.08615	0.0885	0.31226
V280	0.13444	0.01749	0.01179	0.65686	0.12806	0.05135
V281	0.12711	0.57609	0.07229	0.0821	0.09976	0.04265
V282	0.07238	0.03983	0.00711	0.0966	0.74522	0.03886
V283	0.0931	0.32723	0.02117	0.05622	0.46305	0.03923
V284	0.10846	0.08825	0.26784	0.30208	0.12766	0.10571
V285	0.07295	0.03051	0	0.72783	0.13541	0.0333
V286	0.43397	0.05642	0.12775	0.19673	0.08451	0.10062
V287	0.07504	0.01653	0.03093	0.11075	0.70651	0.06023
V288	0.20396	0.22016	0.07411	0.05101	0.19	0.26077
V289	0.06406	0.0786	0.59285	0.12525	0.09346	0.04578
V290	0.06612	0.01193	0.1843	0.57447	0.11967	0.04352
V291	0.08675	0.03824	0	0.70181	0.13396	0.03925
V292	0.155	0.08502	0.02456	0.47795	0.21149	0.04599
V293	0.0619	0.04657	0.02835	0.05254	0.77316	0.0375
V294	0.36199	0.04941	0.05547	0.0608	0.32734	0.14499
V295	0.30185	0.01555	0.10743	0.04196	0.08239	0.45082
V296	0.1182	0.28725	0.09547	0.24996	0.15148	0.09764
V297	0.26025	0.06635	0.08936	0.0499	0.08508	0.44906
V298	0.11906	0.53091	0.15531	0.06181	0.09411	0.0388
V299	0.15105	0.07709	0.59467	0.04878	0.07136	0.05705
V300	0.47253	0.11736	0.11196	0.05668	0.07696	0.16451
V301	0.33811	0.31533	0.10463	0.0665	0.09404	0.0814
V302	0.09254	0.22326	0.06517	0.4209	0.15596	0.04216
V303	0.11588	0.48887	0.08814	0.06597	0.19735	0.0438
V304	0.0722	0.0097	0.02164	0.04556	0.81429	0.03661
V305	0.11894	0.0172	0.16298	0.37267	0.17661	0.15159
V306	0.35807	0.09983	0.08567	0.0526	0.07761	0.32623
V307	0.1691	0.02079	0.0263	0.05822	0.63678	0.08882
V308	0.06519	0.02327	0	0.74674	0.13618	0.02862
V309	0.10446	0.39505	0.03059	0.32007	0.10981	0.04003
V310	0.15812	0.29076	0.24748	0.05128	0.09484	0.15752
V311	0.40836	0.02705	0.09794	0.05232	0.07557	0.33876
V312	0.14266	0.02226	0.00869	0.31971	0.44884	0.05784
V313	0.3257	0.02605	0.08737	0.08137	0.07731	0.4022
V314	0.21509	0.02909	0.02397	0.55897	0.11944	0.05345
V315	0.18463	0.48836	0.05872	0.05586	0.14154	0.07088
V316	0.29065	0.02378	0.09514	0.1033	0.09457	0.39255
V317	0.12434	0.01373	0.01838	0.57029	0.15161	0.12166
V318	0.07097	0.02264	0.02449	0.71423	0.12629	0.04139
V319	0.27221	0.16005	0.23556	0.15633	0.08766	0.0882
V320	0.21692	0.16347	0.29371	0.13252	0.08458	0.10879
V321	0.11076	0.46101	0.03058	0.24978	0.11364	0.03423
V322	0.09927	0.00836	0.08623	0.05661	0.64152	0.108
V323	0.09838	0.22768	0.01119	0.32582	0.30218	0.03475
V324	0.13693	0.04108	0.05628	0.20768	0.41501	0.14303
V325	0.15621	0.56714	0.0716	0.05874	0.09799	0.04832
V326	0.18994	0.51468	0.06692	0.05734	0.11552	0.0556
V327	0.11038	0.00974	0.7236	0.0401	0.06108	0.05509
V328	0.17319	0.16675	0.16885	0.15445	0.28253	0.05422
V329	0.06279	0.00706	0.465	0.04139	0.37378	0.04998
V330	0.05969	0.00773	0.75467	0.04855	0.07736	0.05199
V331	0.44825	0.08609	0.1174	0.11477	0.08631	0.14717
V332	0.14846	0.06176	0.15532	0.04759	0.38986	0.19701
V333	0.07334	0.02427	0.37492	0.31252	0.15916	0.05579
V334	0.0885	0.31554	0.33293	0.13686	0.08626	0.03991
V335	0.14377	0.02553	0.61803	0.04638	0.06105	0.10524
V336	0.26766	0.42688	0.08093	0.05559	0.09723	0.07171
V337	0.11086	0.15144	0.06071	0.05228	0.58826	0.03646
V338	0.46746	0.03476	0.10602	0.05528	0.21205	0.12443
V339	0.138	0.0819	0.33013	0.24049	0.10493	0.10455
V340	0.40619	0.21969	0.07061	0.08693	0.10621	0.11038
V341	0.21561	0.05138	0.05543	0.47056	0.14485	0.06217
V342	0.1236	0.02052	0.02729	0.54013	0.15821	0.13024
V343	0.23309	0.13655	0.16536	0.06447	0.09239	0.30815
V344	0.12662	0.44449	0.04105	0.07081	0.22601	0.09102
V345	0.05984	0.00948	0.00549	0.05377	0.84052	0.0309
V346	0.15655	0.02353	0.02476	0.36711	0.36354	0.06452
V347	0.331	0.12381	0.06825	0.11286	0.28045	0.08362
V348	0.13493	0.11405	0.52393	0.05625	0.11503	0.05581
V349	0.46652	0.0897	0.10563	0.12282	0.11176	0.10357
V350	0.31669	0.05425	0.15677	0.22701	0.08485	0.16043
V351	0.2841	0.07111	0.11726	0.06482	0.09227	0.37045
V352	0.14948	0.25041	0.04972	0.04396	0.32254	0.18389
V353	0.07486	0.14759	0.62686	0.04094	0.06624	0.04351
V354	0.18052	0.04917	0.22159	0.03973	0.32862	0.18038
V355	0.05817	0.03163	0.75629	0.04835	0.06281	0.04275
V356	0.35408	0.1186	0.08112	0.22375	0.11371	0.10874
V357	0.23891	0.02447	0.35272	0.05722	0.25009	0.07659
V358	0.24922	0.01264	0.13689	0.07113	0.0834	0.44672
V359	0.15629	0.0848	0.01911	0.50735	0.17405	0.0584
V360	0.34423	0.02547	0.05096	0.20373	0.27176	0.10387
V361	0.12549	0.6016	0.05104	0.07134	0.10781	0.04272
V362	0.10994	0.39626	0.051	0.29384	0.11465	0.03431
V363	0.47227	0.08221	0.11734	0.04927	0.15403	0.12488
V364	0.20912	0.15625	0.07789	0.07242	0.17665	0.30768
V365	0.29951	0.30793	0.06095	0.15994	0.09383	0.07784
V366	0.12984	0.20184	0.38064	0.09466	0.13887	0.05416
V367	0.08149	0.0125	0.01225	0.49469	0.34788	0.05118
V368	0.19031	0.11799	0.12334	0.07066	0.20024	0.29746
V369	0.08795	0.03189	0.0058	0.09572	0.70488	0.07376
V370	0.08915	0.07114	0.52204	0.15611	0.08856	0.073
V371	0.13295	0.20459	0.03009	0.41105	0.10786	0.11346
V372	0.13087	0.47384	0.04121	0.07225	0.21164	0.07018
V373	0.53021	0.04746	0.09349	0.05041	0.07536	0.20308
V374	0.17751	0.02445	0.21171	0.41918	0.11826	0.04888
V375	0.29785	0.02898	0.19989	0.08894	0.29597	0.08837
V376	0.21273	0.04995	0.08786	0.14017	0.14759	0.36169
V377	0.09214	0.01644	0.3388	0.04153	0.45904	0.05206
V378	0.22723	0.06767	0.22288	0.03969	0.10336	0.33917
V379	0.37343	0.03148	0.18888	0.04327	0.07076	0.29218
V380	0.06115	0.03886	0.02804	0.05941	0.77489	0.03764
V381	0.2641	0.04465	0.27789	0.2584	0.08908	0.06588
V382	0.06605	0.03233	0.00481	0.20458	0.65866	0.03356
V383	0.18338	0.04711	0.33767	0.27358	0.09778	0.06048
V384	0.08313	0.0244	0.68335	0.05582	0.10443	0.04887
V385	0.27952	0.02152	0.11468	0.04164	0.07439	0.46825
V386	0.40195	0.0544	0.2662	0.05302	0.11873	0.10571
V387	0.20474	0.02797	0.05914	0.54606	0.11006	0.05204
V388	0.49643	0.06949	0.19523	0.04899	0.07949	0.11037
V389	0.33429	0.08181	0.0936	0.04449	0.08355	0.36227
V390	0.10922	0.04399	0.0146	0.59394	0.14628	0.09198
V391	0.09136	0.02051	0.01502	0.48868	0.3237	0.06073
V392	0.13726	0.03974	0.40963	0.13161	0.07125	0.21051
V393	0.12528	0.12592	0.32754	0.09281	0.18827	0.14019
V394	0.07108	0.01475	0.02393	0.68526	0.17125	0.03373
V395	0.05633	0.05486	0.73789	0.04807	0.06205	0.04079
V396	0.34835	0.07376	0.05097	0.3129	0.13523	0.07879
V397	0.23	0.14956	0.1031	0.05046	0.11705	0.34983
V398	0.12892	0.4677	0.05053	0.07246	0.23229	0.04809
V399	0.0645	0.00741	0.70977	0.07953	0.07911	0.05968
V400	0.18409	0.03362	0.04501	0.35567	0.10538	0.27623
V401	0.14983	0.02661	0.53895	0.04778	0.15462	0.08221
V402	0.10845	0.02426	0.00799	0.68825	0.12388	0.04717
V403	0.18133	0.00733	0.05759	0.07053	0.38668	0.29654
V404	0.05588	0.01603	0.78188	0.04123	0.06123	0.04375
V405	0.27139	0.27354	0.11675	0.09114	0.17782	0.06936
V406	0.18977	0.05869	0.18855	0.11706	0.22615	0.21977
V407	0.11625	0.02262	0.61275	0.0374	0.07005	0.14094
V408	0.1039	0.09647	0.03597	0.568	0.11346	0.0822
V409	0.57069	0.06729	0.09272	0.05301	0.07651	0.13977
V410	0.58324	0.052	0.09177	0.05275	0.0907	0.12954
V411	0.21331	0.01768	0.06981	0.24829	0.08847	0.36244
V412	0.38161	0.16447	0.10885	0.08488	0.17416	0.08604
V413	0.07899	0.10281	0.02709	0.61698	0.14169	0.03243
V414	0.12856	0.06858	0.02006	0.49319	0.24364	0.04597
V415	0.09454	0.01681	0.27834	0.34346	0.18012	0.08672
V416	0.1012	0.12235	0.02021	0.23954	0.42702	0.08969
V417	0.26116	0.01234	0.13442	0.14128	0.0787	0.3721
V418	0.0718	0.07038	0.33545	0.14798	0.31594	0.05845
V419	0.26805	0.03521	0.09287	0.04213	0.08409	0.47765
V420	0.27707	0.01293	0.09361	0.04966	0.08333	0.4834
V421	0.08783	0.04801	0.055	0.10292	0.65682	0.04942
V422	0.1932	0.23342	0.03057	0.05485	0.43491	0.05304
V423	0.104	0.13958	0.00421	0.59029	0.12589	0.03602
V424	0.50318	0.10712	0.09387	0.10198	0.08025	0.11361
V425	0.06637	0.09044	0.01652	0.04597	0.74344	0.03726
V426	0.22028	0.04315	0.22084	0.04718	0.08006	0.3885
V427	0.34127	0.11814	0.16517	0.1505	0.10514	0.11979
V428	0.23156	0.02988	0.01972	0.55031	0.11177	0.05676
V429	0.06728	0.02686	0.08443	0.48904	0.29102	0.04137
V430	0.09464	0.0721	0.46533	0.20262	0.09229	0.07302
V431	0.05105	0.01538	0.76428	0.06429	0.06294	0.04206
V432	0.09595	0.33268	0.03733	0.37215	0.12669	0.0352
V433	0.06996	0.01556	0.03052	0.72746	0.12682	0.02968
V434	0.08386	0.23092	0.14307	0.40194	0.1066	0.03361
V435	0.10322	0.00795	0.0234	0.04221	0.68681	0.13642
V436	0.53047	0.116	0.09253	0.06696	0.0791	0.11493
V437	0.2032	0.21889	0.25794	0.05888	0.16985	0.09124
V438	0.10894	0.2939	0.02698	0.09578	0.43262	0.04178
V439	0.06136	0.01615	0.08725	0.04471	0.75519	0.03534
V440	0.15677	0.05014	0.35336	0.0863	0.24472	0.10872
V441	0.12389	0.0639	0.39744	0.16361	0.08936	0.1618
V442	0.32279	0.11631	0.19064	0.09725	0.1249	0.1481
V443	0.07663	0.01384	0.04829	0.66115	0.15336	0.04673
V444	0.47159	0.05796	0.10302	0.07084	0.15546	0.14113
V445	0.58705	0.05237	0.10653	0.05287	0.07476	0.12643
V446	0.11282	0.40469	0.24486	0.06892	0.10819	0.06052
V447	0.2018	0.1846	0.0499	0.19551	0.13785	0.23033
V448	0.06852	0.02391	0.70257	0.0415	0.12029	0.04321
V449	0.39276	0.05337	0.07068	0.27151	0.09099	0.12069
V450	0.11209	0.01745	0.56644	0.04084	0.21254	0.05064
V451	0.12554	0.043	0.13515	0.16254	0.4896	0.04416
V452	0.16323	0.02612	0.06164	0.3865	0.14691	0.21561
V453	0.26225	0.01945	0.43612	0.13519	0.0771	0.06988
V454	0.18378	0.0644	0.10444	0.47865	0.1122	0.05653
V455	0.15615	0.54321	0.07522	0.07574	0.09761	0.05206
V456	0.52998	0.03896	0.11315	0.05738	0.11272	0.14781
V457	0.22931	0.01868	0.07447	0.04786	0.2667	0.36298
V458	0.10172	0.00812	0.3499	0.0478	0.39487	0.0976
V459	0.06852	0.02395	0.48259	0.30425	0.08418	0.03651
V460	0.28937	0.06821	0.23897	0.14985	0.10915	0.14445
V461	0.23456	0.05097	0.03892	0.38234	0.21157	0.08163
V462	0.06	0.00742	0.74315	0.05554	0.0694	0.06449
V463	0.05735	0.03112	0.01232	0.08108	0.78866	0.02946
V464	0.14377	0.55188	0.05424	0.07585	0.13155	0.04271
V465	0.28629	0.09226	0.3756	0.04281	0.10847	0.09457
V466	0.11499	0.03057	0.01701	0.6055	0.18006	0.05187
V467	0.59407	0.04561	0.10073	0.05305	0.07479	0.13175
V468	0.27055	0.09866	0.10614	0.2382	0.21853	0.06792
V469	0.08277	0.11014	0.53617	0.11561	0.07947	0.07585
V470	0.4076	0.0378	0.0924	0.10687	0.25648	0.09886
V471	0.10451	0.17238	0.43224	0.09374	0.11247	0.08467
V472	0.1273	0.37081	0.03086	0.07686	0.33127	0.0629
V473	0.12967	0.60974	0.05856	0.06047	0.10085	0.04071
V474	0.09964	0.01189	0.30882	0.43596	0.10151	0.04218
V475	0.10667	0.12582	0.22755	0.18341	0.30308	0.05347
V476	0.35668	0.04045	0.06861	0.204	0.12708	0.20318
V477	0.14969	0.41839	0.09022	0.12292	0.11481	0.10398
V478	0.06973	0.01475	0.70995	0.05498	0.0683	0.08229
V479	0.09474	0.11121	0.58837	0.0487	0.10653	0.05045
V480	0.084	0.19292	0.01345	0.28634	0.39054	0.03274
V481	0.30118	0.09153	0.13048	0.1046	0.28046	0.09176
V482	0.42495	0.02668	0.10609	0.05344	0.07531	0.31354
V483	0.12136	0.58024	0.09617	0.06437	0.09822	0.03964
V484	0.52716	0.03996	0.13891	0.04941	0.12108	0.12349
V485	0.22116	0.11146	0.40394	0.10257	0.07883	0.08205
V486	0.19148	0.01252	0.55844	0.07072	0.06274	0.10409
V487	0.09124	0.26465	0.0226	0.05497	0.52793	0.03861
V488	0.23739	0.45089	0.06858	0.08727	0.09367	0.0622
V489	0.50425	0.05438	0.14325	0.05667	0.12211	0.11934
V490	0.26767	0.04549	0.08177	0.08764	0.10261	0.41483
V491	0.12247	0.21413	0.28673	0.04362	0.27365	0.0594
V492	0.19751	0.03337	0.22532	0.10972	0.15051	0.28356
V493	0.5108	0.13598	0.08338	0.07399	0.08031	0.11554
V494	0.18707	0.03355	0.32783	0.06012	0.0689	0.32253
V495	0.21408	0.38277	0.1889	0.0643	0.09467	0.05527
V496	0.20177	0.10684	0.25843	0.04079	0.25157	0.1406
V497	0.08168	0.15826	0.13781	0.0727	0.51367	0.03587
V498	0.11886	0.09009	0.2855	0.30156	0.14397	0.06001
V499	0.12471	0.45628	0.15545	0.10394	0.10631	0.05332
V500	0.33527	0.16116	0.10351	0.09069	0.20712	0.10224
V501	0.14719	0.56259	0.05202	0.07598	0.10574	0.05647
V502	0.06685	0.01815	0.00488	0.24907	0.6232	0.03786
V503	0.1471	0.25284	0.04666	0.39608	0.11713	0.04019
V504	0.13827	0.56478	0.08563	0.05831	0.11082	0.0422
V505	0.07065	0.00852	0.39324	0.34449	0.1184	0.0647
V506	0.30702	0.02588	0.09321	0.16557	0.1396	0.26872
V507	0.27081	0.01181	0.09422	0.04161	0.09151	0.49005
V508	0.12077	0.4042	0.06955	0.11627	0.24548	0.04372
V509	0.08538	0.02287	0.00382	0.63942	0.21704	0.03146
V510	0.58458	0.04448	0.09142	0.05266	0.09748	0.12939
V511	0.23749	0.02026	0.06377	0.2332	0.09557	0.34972
V512	0.11721	0.17304	0.47326	0.06353	0.09317	0.07978
V513	0.06766	0.02338	0.18743	0.08737	0.59736	0.03681
V514	0.14054	0.53081	0.10003	0.05522	0.09503	0.07837
V515	0.1324	0.28965	0.0291	0.37893	0.10999	0.05993
V516	0.05926	0.04658	0.63597	0.04812	0.16267	0.0474
V517	0.0556	0.00843	0.32015	0.22506	0.35401	0.03675
V518	0.27123	0.28753	0.07892	0.13289	0.12791	0.10151
V519	0.18853	0.38692	0.05989	0.11644	0.09912	0.14911
V520	0.44496	0.1009	0.09357	0.13672	0.08193	0.14192
V521	0.1165	0.01187	0.01403	0.0593	0.74328	0.05502
V522	0.29669	0.15767	0.06867	0.06765	0.25471	0.15461
V523	0.31018	0.1506	0.10857	0.16299	0.09391	0.17375
V524	0.10723	0.00932	0.0705	0.17676	0.52854	0.10766
V525	0.37289	0.02252	0.12484	0.05887	0.07553	0.34535
V526	0.11438	0.50414	0.11423	0.06072	0.16863	0.0379
V527	0.26936	0.02789	0.47133	0.04944	0.10524	0.07673
V528	0.53465	0.04068	0.17046	0.05688	0.08036	0.11697
V529	0.12032	0.07568	0.02584	0.59523	0.13915	0.04379
V530	0.13388	0.17977	0.28369	0.13891	0.14194	0.12181
V531	0.58835	0.05248	0.0927	0.06011	0.07599	0.13037
V532	0.13567	0.0161	0.06324	0.52455	0.21228	0.04817
V533	0.15633	0.00749	0.25336	0.06179	0.32399	0.19703
V534	0.12211	0.01196	0.02238	0.50403	0.18879	0.15072
V535	0.3682	0.05937	0.22021	0.15868	0.08677	0.10679
V536	0.06833	0.00689	0.59679	0.1885	0.07057	0.06893
V537	0.11719	0.43408	0.03804	0.24523	0.11257	0.05289
V538	0.18855	0.0098	0.05565	0.3495	0.09529	0.30122
V539	0.07903	0.01432	0.01129	0.60641	0.24598	0.04296
V540	0.25572	0.02549	0.30135	0.05708	0.26005	0.10031
V541	0.09592	0.20094	0.01591	0.50049	0.13723	0.0495
V542	0.10385	0.40252	0.04484	0.24726	0.1617	0.03983
V543	0.05516	0.00694	0.52011	0.06474	0.3075	0.04554
V544	0.25378	0.03623	0.09138	0.07205	0.10053	0.44603
V545	0.10503	0.43936	0.0894	0.07111	0.25426	0.04084
V546	0.39481	0.07728	0.06119	0.25554	0.11418	0.097
V547	0.11114	0.08046	0.00911	0.36202	0.35445	0.08282
V548	0.2699	0.02732	0.09384	0.04196	0.08401	0.48297
V549	0.14405	0.00909	0.52081	0.11784	0.09171	0.11651
V550	0.06605	0.01501	0.2908	0.04262	0.54683	0.03868
V551	0.21052	0.05812	0.10352	0.14006	0.16361	0.32417
V552	0.0921	0.04089	0.13249	0.27605	0.39167	0.0668
V553	0.53719	0.04047	0.11076	0.08008	0.10701	0.12449
V554	0.13636	0.56489	0.07055	0.05739	0.10371	0.06711
V555	0.31701	0.0204	0.08089	0.25854	0.08913	0.23402
V556	0.10345	0.0185	0.37919	0.34433	0.10237	0.05215
V557	0.15104	0.51182	0.11697	0.06172	0.10011	0.05835
V558	0.32782	0.1654	0.07286	0.14792	0.08643	0.19956
V559	0.05719	0.0098	0	0.16856	0.73089	0.03357
V560	0.48073	0.05844	0.09152	0.06364	0.15564	0.15002
V561	0.05137	0.02353	0.77971	0.04126	0.06149	0.04264
V562	0.36367	0.19801	0.10618	0.11297	0.09185	0.12732
V563	0.26045	0.01223	0.08556	0.10251	0.07873	0.46052
V564	0.19945	0.07177	0.05795	0.04832	0.30491	0.31759
V565	0.27063	0.0121	0.10159	0.04162	0.0835	0.49056
V566	0.23869	0.09023	0.09683	0.08718	0.11088	0.3762
V567	0.2786	0.23508	0.05207	0.23141	0.11824	0.0846
V568	0.09181	0.01074	0.01593	0.07452	0.77149	0.0355
V569	0.50285	0.06779	0.08562	0.07944	0.0847	0.1796
V570	0.45914	0.14005	0.10159	0.10119	0.089	0.10902
V571	0.07372	0.18374	0.54279	0.05671	0.10167	0.04137
V572	0.06546	0.01466	0.67064	0.05624	0.14723	0.04577
V573	0.18497	0.52375	0.06067	0.05754	0.11599	0.05709
V574	0.17214	0.00816	0.36328	0.07662	0.10019	0.2796
V575	0.12725	0.45055	0.09674	0.1489	0.11057	0.06599
V576	0.26528	0.10342	0.04956	0.04537	0.46894	0.06743
V577	0.27997	0.0594	0.044	0.09703	0.41977	0.09982
V578	0.10322	0.00795	0.0234	0.04221	0.68681	0.13642
V579	0.08707	0.03374	0.15043	0.25333	0.43748	0.03795
V580	0.14596	0.0294	0.08647	0.35449	0.29984	0.08383
V581	0.44667	0.06569	0.13078	0.11501	0.14285	0.099
V582	0.44563	0.04171	0.07939	0.21228	0.09335	0.12764
V583	0.14457	0.04604	0.28927	0.03807	0.26237	0.21968
V584	0.14571	0.02635	0.02904	0.32271	0.31506	0.16113
V585	0.12843	0.33105	0.22456	0.11597	0.10173	0.09826
V586	0.1816	0.51046	0.0896	0.06303	0.10143	0.05389
V587	0.21299	0.02488	0.2609	0.33647	0.09565	0.06911
V588	0.08118	0.02302	0.03231	0.69865	0.13379	0.03106
V589	0.14563	0.21568	0.26455	0.10814	0.08666	0.17934
V590	0.17175	0.04189	0.34956	0.10076	0.07764	0.2584
V591	0.49536	0.0379	0.10038	0.16761	0.09015	0.1086
V592	0.11269	0.25794	0.09129	0.35551	0.14376	0.0388
V593	0.07153	0.02312	0.00163	0.74474	0.12967	0.02931
V594	0.14919	0.01355	0.04063	0.52977	0.11481	0.15205
V595	0.13383	0.21139	0.07408	0.14475	0.28503	0.15092
V596	0.07909	0.18365	0.02101	0.10867	0.57777	0.02981
V597	0.30912	0.02348	0.05928	0.05234	0.48262	0.07315
V598	0.56128	0.07341	0.09114	0.05272	0.08393	0.13752
V599	0.21509	0.01782	0.06194	0.17089	0.17533	0.35893
V600	0.34432	0.10709	0.07189	0.08978	0.14368	0.24324
V601	0.16477	0.12644	0.07937	0.33418	0.09727	0.19797
V602	0.10045	0.02244	0.10568	0.04845	0.59403	0.12896
V603	0.18719	0.29084	0.09063	0.09484	0.11533	0.22116
V604	0.09795	0.33932	0.02225	0.05658	0.44754	0.03636
V605	0.09653	0.03306	0.02663	0.04439	0.74798	0.0514
V606	0.36431	0.05026	0.25996	0.09685	0.07342	0.15519
V607	0.21991	0.0428	0.06818	0.05609	0.24247	0.37055
V608	0.1621	0.4419	0.05567	0.10991	0.11521	0.11522
V609	0.07385	0.0161	0.57174	0.21946	0.07512	0.04372
V610	0.09905	0.11044	0.40101	0.18519	0.11906	0.08525
V611	0.1212	0.58484	0.05956	0.08206	0.11359	0.03875
V612	0.07939	0.16533	0.00838	0.59878	0.12035	0.02778
V613	0.41766	0.14232	0.09071	0.04842	0.07845	0.22244
V614	0.11898	0.10275	0.45191	0.0464	0.13186	0.1481
V615	0.0677	0.0541	0.05152	0.05208	0.73613	0.03848
V616	0.30241	0.30672	0.06353	0.08512	0.10968	0.13255
V617	0.06261	0.01652	0	0.05376	0.83241	0.03471
V618	0.18835	0.02859	0.54064	0.04746	0.08782	0.10714
V619	0.10747	0.4495	0.16563	0.07715	0.15376	0.04648
V620	0.21165	0.01706	0.28854	0.05283	0.06897	0.36094
V621	0.07435	0.014	0.06249	0.6544	0.15207	0.04269
V622	0.35219	0.14715	0.06744	0.04841	0.29703	0.08779
V623	0.19135	0.49432	0.06334	0.05539	0.10656	0.08904
V624	0.1133	0.43349	0.02995	0.27138	0.1072	0.04468
V625	0.10919	0.11225	0.1805	0.41104	0.12263	0.06438
V626	0.11048	0.0393	0.03073	0.19911	0.47839	0.14199
V627	0.40604	0.03127	0.05312	0.31632	0.09475	0.09849
V628	0.1649	0.05661	0.29603	0.11683	0.16486	0.20076
V629	0.09659	0.3382	0.01789	0.39112	0.12082	0.03539
V630	0.42191	0.03542	0.10184	0.09125	0.10832	0.24126
V631	0.22077	0.00957	0.12001	0.15629	0.12154	0.37183
V632	0.08319	0.03345	0.1201	0.30568	0.40868	0.0489
V633	0.06687	0.14772	0.63198	0.0486	0.06651	0.03833
V634	0.47788	0.0449	0.08178	0.20467	0.0856	0.10517
V635	0.07052	0.05043	0.21524	0.52286	0.10565	0.03531
V636	0.12322	0.44251	0.03712	0.10947	0.21547	0.07221
V637	0.23872	0.0571	0.08633	0.04156	0.16584	0.41044
V638	0.09339	0.09606	0.05225	0.47552	0.24281	0.03997
V639	0.24129	0.06438	0.10082	0.07321	0.40374	0.11655
V640	0.11341	0.11783	0.41161	0.05456	0.18313	0.11946
V641	0.06021	0.07001	0.42644	0.0645	0.34047	0.03836
V642	0.23001	0.04715	0.29144	0.17995	0.0769	0.17455
V643	0.52819	0.0473	0.07903	0.12406	0.09487	0.12655
V644	0.49777	0.04337	0.07968	0.13086	0.08711	0.16121
V645	0.46351	0.04773	0.09423	0.12234	0.0783	0.19389
V646	0.06523	0.01513	0.37973	0.04249	0.45724	0.04018
V647	0.22522	0.02069	0.0787	0.29675	0.11628	0.26237
V648	0.18761	0.25696	0.16422	0.09429	0.10499	0.19193
V649	0.15383	0.02568	0.03668	0.60305	0.13021	0.05055
V650	0.20671	0.16061	0.19913	0.05154	0.32411	0.0579
V651	0.18211	0.26212	0.10826	0.07397	0.21553	0.15802
V652	0.09308	0.01445	0.1025	0.60818	0.13965	0.04213
V653	0.16569	0.32776	0.07602	0.074	0.17605	0.18048
V654	0.52251	0.04677	0.14609	0.05703	0.10511	0.12249
V655	0.24895	0.01415	0.0726	0.09515	0.32837	0.24078
V656	0.12614	0.07366	0.50843	0.07949	0.15813	0.05415
V657	0.31543	0.02922	0.04829	0.13501	0.30993	0.16212
V658	0.07229	0.07327	0.14404	0.56832	0.11216	0.02991
V659	0.13018	0.58515	0.05768	0.06456	0.10609	0.05634
V660	0.53345	0.04753	0.09144	0.06521	0.07572	0.18664
V661	0.18791	0.00879	0.18083	0.14894	0.19675	0.27679
V662	0.48939	0.04346	0.0903	0.14591	0.08762	0.1433
V663	0.10116	0.13692	0.02274	0.08047	0.62069	0.03802
V664	0.14455	0.06015	0.59911	0.04099	0.08598	0.06921
V665	0.06173	0.00943	0	0.05358	0.84034	0.03492
V666	0.30733	0.25525	0.06333	0.1402	0.1197	0.11418
V667	0.24926	0.01158	0.11375	0.07932	0.09248	0.4536
V668	0.51305	0.14339	0.09119	0.05998	0.07997	0.11243
V669	0.22567	0.09821	0.05328	0.26037	0.09992	0.26255
V670	0.14267	0.28042	0.05178	0.292	0.11754	0.11559
V671	0.25893	0.02367	0.03099	0.51598	0.10859	0.06183
V672	0.12289	0.41509	0.02906	0.2854	0.10812	0.03944
V673	0.20188	0.11942	0.23294	0.04716	0.07385	0.32475
V674	0.4983	0.03789	0.07869	0.04934	0.22721	0.10856
V675	0.2527	0.11272	0.0966	0.04299	0.10023	0.39476
V676	0.07899	0.01471	0.07684	0.66889	0.12899	0.03159
V677	0.21535	0.29187	0.18386	0.04554	0.08064	0.18274
V678	0.19152	0.07294	0.08046	0.04909	0.42892	0.17708
V679	0.23997	0.0889	0.11759	0.06449	0.08475	0.40429
V680	0.07421	0.00702	0.31545	0.04156	0.49259	0.06917
V681	0.1532	0.50874	0.07868	0.06045	0.0939	0.10503
V682	0.1564	0.40456	0.05098	0.06291	0.17591	0.14925
V683	0.08585	0.0088	0.01405	0.04313	0.76124	0.08693
V684	0.16214	0.51379	0.04764	0.11731	0.10658	0.05253
V685	0.1001	0.43364	0.23911	0.05	0.13698	0.04017
V686	0.25042	0.02293	0.3938	0.0469	0.08093	0.20503
V687	0.15358	0.19496	0.25939	0.12248	0.07978	0.18982
V688	0.34222	0.02288	0.06356	0.05203	0.33741	0.18191
V689	0.11256	0.02444	0.55577	0.134	0.09343	0.0798
V690	0.12478	0.01644	0.04832	0.06413	0.61006	0.13626
V691	0.1417	0.34824	0.18866	0.1096	0.12484	0.08696
V692	0.38027	0.02891	0.04798	0.29371	0.15636	0.09277
V693	0.5004	0.12828	0.09725	0.06604	0.07902	0.12902
V694	0.49604	0.12775	0.08787	0.0876	0.08059	0.12015
V695	0.51641	0.03876	0.07975	0.06483	0.15465	0.14559
V696	0.13897	0.36086	0.07041	0.09717	0.28191	0.05068
V697	0.09989	0.02473	0.62788	0.07921	0.09674	0.07155
V698	0.12675	0.60501	0.05163	0.06583	0.10774	0.04303
V699	0.19537	0.02988	0.47247	0.07093	0.13318	0.09818
V700	0.15354	0.02137	0.0128	0.05231	0.70304	0.05693
V701	0.55534	0.04201	0.10034	0.05105	0.0749	0.17636
V702	0.22797	0.02679	0.12061	0.17118	0.0894	0.36404
V703	0.20738	0.36731	0.05647	0.05205	0.25679	0.06001
V704	0.30503	0.23198	0.21518	0.04723	0.09353	0.10705
V705	0.0903	0.09438	0.23183	0.1768	0.35939	0.0473
V706	0.17175	0.08127	0.30431	0.03863	0.16822	0.23582
V707	0.42572	0.0434	0.09172	0.04615	0.08429	0.30872
V708	0.08683	0.30222	0.42491	0.0596	0.08535	0.04109
V709	0.06816	0.01536	0	0.67822	0.20895	0.02931
V710	0.31872	0.06986	0.1448	0.08946	0.25601	0.12114
V711	0.10244	0.17967	0.35044	0.19098	0.08931	0.08716
V712	0.08142	0.21813	0.02473	0.05393	0.58493	0.03686
V713	0.2547	0.38135	0.08329	0.07946	0.11064	0.09056
V714	0.09761	0.36435	0.35557	0.05397	0.08985	0.03864
V715	0.07255	0.02439	0.74843	0.03974	0.06124	0.05365
V716	0.17801	0.03442	0.04202	0.27818	0.25559	0.21178
V717	0.08295	0.01691	0.02529	0.04441	0.77251	0.05793
V718	0.08611	0.30179	0.02381	0.04901	0.5081	0.03118
V719	0.12965	0.55674	0.07239	0.06318	0.12396	0.05409
V720	0.2308	0.0164	0.22453	0.2913	0.11611	0.12087
V721	0.16102	0.21549	0.22401	0.04184	0.15629	0.20136
V722	0.05976	0.00929	0.013	0.04623	0.8407	0.03102
V723	0.1187	0.47351	0.07624	0.06554	0.21079	0.05522
V724	0.12084	0.24336	0.31953	0.12468	0.15134	0.04024
V725	0.10471	0.05533	0.07003	0.14633	0.5308	0.0928
V726	0.07542	0.02286	0.44773	0.06387	0.31843	0.07169
V727	0.22395	0.00999	0.15251	0.15632	0.08665	0.37058
V728	0.08203	0.02278	0	0.71377	0.12622	0.0552
V729	0.21193	0.36284	0.0642	0.07812	0.21484	0.06808
V730	0.18082	0.01108	0.11332	0.36008	0.10097	0.23373
V731	0.17803	0.05165	0.38492	0.03962	0.22316	0.1226
V732	0.14826	0.31667	0.05562	0.08231	0.29217	0.10497
V733	0.21085	0.01243	0.25955	0.19687	0.12693	0.19336
V734	0.22935	0.01081	0.26837	0.03845	0.08418	0.36884
V735	0.0926	0.08104	0.01783	0.61649	0.12495	0.06709
V736	0.16033	0.38688	0.0991	0.08148	0.10232	0.16989
V737	0.05458	0.00919	0.00494	0.05363	0.8473	0.03036
V738	0.28061	0.0609	0.10424	0.3317	0.10925	0.1133
V739	0.17932	0.24504	0.16876	0.07373	0.25287	0.08028
V740	0.09281	0.20572	0.31876	0.08025	0.25156	0.05089
V741	0.31348	0.13838	0.16996	0.11242	0.19127	0.07448
V742	0.25195	0.02835	0.05682	0.36991	0.20283	0.09014
V743	0.08097	0.09466	0.22113	0.2972	0.2612	0.04484
V744	0.32626	0.09842	0.08208	0.16384	0.08487	0.24454
V745	0.11771	0.38679	0.03441	0.08398	0.33747	0.03963
V746	0.53697	0.05584	0.09317	0.07323	0.09187	0.14892
V747	0.18823	0.02281	0.11608	0.07286	0.53553	0.06449
V748	0.19187	0.05031	0.24151	0.0627	0.17155	0.28206
V749	0.35216	0.03188	0.0689	0.16567	0.17417	0.20721
V750	0.07576	0.08134	0	0.68042	0.13381	0.02866
V751	0.07541	0.02271	0.02442	0.6904	0.15684	0.03023
V752	0.19344	0.02367	0.04779	0.1032	0.56735	0.06454
V753	0.19017	0.00971	0.07214	0.11725	0.3636	0.24712
V754	0.1457	0.32948	0.13953	0.10162	0.13156	0.15211
V755	0.27923	0.05075	0.05397	0.06653	0.42691	0.12261
V756	0.25424	0.01945	0.09349	0.04905	0.12404	0.45972
V757	0.18223	0.33391	0.06379	0.06744	0.13844	0.21419
V758	0.26032	0.45602	0.06156	0.06291	0.09254	0.06666
V759	0.15372	0.02766	0.06064	0.155	0.50896	0.09402
V760	0.26639	0.01183	0.09879	0.06407	0.0767	0.48221
V761	0.05303	0.01464	0.31106	0.05831	0.52988	0.03309
V762	0.10545	0.00825	0.64383	0.0707	0.08549	0.08628
V763	0.08729	0.13112	0.02397	0.56483	0.14725	0.04554
V764	0.20287	0.02058	0.10861	0.20293	0.29093	0.17408
V765	0.27234	0.02013	0.09297	0.04957	0.08372	0.48126
