CD19B	CD56NK	CD4MemoryT	CD14
V1	0.42206	0.06188	0.19586	0.3202
V2	0.16499	0.12016	0.10684	0.608
V3	0.09323	0.497	0.0775	0.33228
V4	0.65879	0.14617	0.06448	0.13056
V5	0.13188	0.39569	0.24575	0.22668
V6	0.10188	0.69178	0.08146	0.12488
V7	0.15675	0.31384	0.12953	0.39988
V8	0.15739	0.06607	0.63588	0.14065
V9	0.2149	0.22805	0.09841	0.45864
V10	0.07923	0.07128	0.69395	0.15554
V11	0.19848	0.31555	0.37439	0.11159
V12	0.07298	0.4778	0.33015	0.11907
V13	0.23239	0.57455	0.06966	0.12341
V14	0.09588	0.72214	0.07192	0.11006
V15	0.13695	0.48029	0.15768	0.22508
V16	0.68834	0.08626	0.08493	0.14047
V17	0.10962	0.68933	0.07676	0.1243
V18	0.43493	0.32254	0.10248	0.14005
V19	0.16089	0.65217	0.07176	0.11518
V20	0.16781	0.38613	0.08336	0.3627
V21	0.15675	0.0949	0.60921	0.13914
V22	0.0838	0.12344	0.21054	0.58222
V23	0.31808	0.08217	0.48057	0.11918
V24	0.72229	0.06946	0.09412	0.11412
V25	0.27718	0.23261	0.16509	0.32512
V26	0.30826	0.34581	0.08138	0.26455
V27	0.13468	0.09002	0.08896	0.68634
V28	0.07098	0.07924	0.73581	0.11396
V29	0.35645	0.07133	0.43304	0.13918
V30	0.13048	0.214	0.25917	0.39634
V31	0.19513	0.20044	0.27241	0.33202
V32	0.12204	0.07202	0.09484	0.7111
V33	0.08817	0.41168	0.31584	0.18431
V34	0.15674	0.08028	0.62271	0.14026
V35	0.1634	0.57627	0.13045	0.12988
V36	0.07406	0.08301	0.39616	0.44676
V37	0.4131	0.1107	0.1418	0.3344
V38	0.34067	0.05504	0.19678	0.40751
V39	0.16649	0.45955	0.16402	0.20994
V40	0.1177	0.6535	0.1254	0.10339
V41	0.05962	0.53388	0.10325	0.30325
V42	0.21317	0.07848	0.2185	0.48985
V43	0.14961	0.3007	0.41545	0.13423
V44	0.07829	0.11094	0.57025	0.24052
V45	0.12207	0.47748	0.22537	0.17508
V46	0.60833	0.11035	0.16426	0.11705
V47	0.35181	0.19959	0.29776	0.15084
V48	0.6112	0.19101	0.06869	0.12911
V49	0.55234	0.2047	0.06323	0.17972
V50	0.09544	0.66254	0.13197	0.11004
V51	0.26102	0.35119	0.25444	0.13334
V52	0.0855	0.13495	0.64013	0.13942
V53	0.55824	0.15143	0.18046	0.10986
V54	0.33624	0.20061	0.33398	0.12917
V55	0.20401	0.15256	0.23885	0.40458
V56	0.10351	0.06799	0.12857	0.69993
V57	0.11685	0.68455	0.08143	0.11717
V58	0.484	0.05763	0.10261	0.35576
V59	0.33758	0.36489	0.14952	0.148
V60	0.15448	0.16874	0.29534	0.38144
V61	0.60505	0.13951	0.07392	0.18152
V62	0.66987	0.07992	0.12469	0.12552
V63	0.0617	0.65645	0.15737	0.12448
V64	0.05625	0.66961	0.06599	0.20815
V65	0.0847	0.06162	0.1373	0.71639
V66	0.19822	0.56206	0.08076	0.15896
V67	0.16512	0.29338	0.4221	0.11939
V68	0.17014	0.15965	0.08976	0.58046
V69	0.08055	0.28113	0.48893	0.14939
V70	0.4135	0.17351	0.20447	0.20852
V71	0.17758	0.1105	0.32856	0.38336
V72	0.43463	0.17733	0.14209	0.24595
V73	0.15931	0.49641	0.17043	0.17385
V74	0.10411	0.21604	0.5711	0.10874
V75	0.54011	0.05415	0.21572	0.19002
V76	0.0681	0.18208	0.19536	0.55447
V77	0.09114	0.26182	0.07589	0.57115
V78	0.25955	0.14423	0.20382	0.39241
V79	0.06888	0.12732	0.6207	0.1831
V80	0.29801	0.06662	0.45325	0.18212
V81	0.10592	0.17168	0.60599	0.11641
V82	0.06953	0.09895	0.7115	0.12002
V83	0.15531	0.18511	0.12499	0.53458
V84	0.31746	0.08989	0.19192	0.40073
V85	0.13514	0.28481	0.34392	0.23613
V86	0.10097	0.09058	0.66095	0.1475
V87	0.07522	0.65489	0.11033	0.15956
V88	0.1789	0.10177	0.25751	0.46182
V89	0.08723	0.06864	0.20968	0.63445
V90	0.06777	0.70223	0.11167	0.11833
V91	0.0773	0.58707	0.20306	0.13256
V92	0.3654	0.07124	0.34657	0.21679
V93	0.67365	0.06234	0.06686	0.19715
V94	0.07271	0.37601	0.08375	0.46753
V95	0.22502	0.37226	0.18372	0.219
V96	0.11901	0.12519	0.09344	0.66237
V97	0.52333	0.13698	0.2239	0.1158
V98	0.52812	0.28923	0.06375	0.1189
V99	0.61022	0.08881	0.18254	0.11842
V100	0.12244	0.07677	0.66768	0.13311
V101	0.0871	0.07255	0.08064	0.75971
V102	0.70756	0.09218	0.07513	0.12513
V103	0.08333	0.0858	0.13674	0.69413
V104	0.06808	0.74934	0.07173	0.11085
V105	0.08723	0.7257	0.07627	0.1108
V106	0.13865	0.42554	0.29633	0.13948
V107	0.18925	0.20384	0.45703	0.14988
V108	0.15493	0.60519	0.13738	0.1025
V109	0.07653	0.17465	0.46713	0.2817
V110	0.08872	0.68963	0.09658	0.12506
V111	0.70383	0.05039	0.12541	0.12037
V112	0.15682	0.10405	0.36425	0.37488
V113	0.19093	0.13663	0.19674	0.4757
V114	0.22716	0.08998	0.1321	0.55076
V115	0.05604	0.60038	0.23208	0.11151
V116	0.15726	0.28435	0.3224	0.23599
V117	0.51157	0.25402	0.09203	0.14238
V118	0.16588	0.4739	0.09143	0.26879
V119	0.1469	0.11323	0.10662	0.63325
V120	0.12033	0.10467	0.64977	0.12523
V121	0.44891	0.15597	0.14143	0.2537
V122	0.73656	0.05476	0.08109	0.12759
V123	0.06346	0.42118	0.10447	0.41088
V124	0.50107	0.28152	0.06326	0.15415
V125	0.30996	0.36577	0.19832	0.12595
V126	0.09686	0.16309	0.10581	0.63423
V127	0.1789	0.09355	0.25166	0.47588
V128	0.09432	0.06755	0.1486	0.68953
V129	0.43956	0.23493	0.18993	0.13559
V130	0.05877	0.52853	0.302	0.11069
V131	0.06603	0.69988	0.06614	0.16796
V132	0.71664	0.05433	0.09513	0.13389
V133	0.69749	0.0637	0.11244	0.12636
V134	0.13476	0.33739	0.16415	0.3637
V135	0.1263	0.0741	0.19621	0.60339
V136	0.21768	0.34929	0.07655	0.35648
V137	0.49588	0.08377	0.25397	0.16638
V138	0.19751	0.35003	0.19624	0.25623
V139	0.28579	0.21356	0.21075	0.2899
V140	0.09345	0.12146	0.10799	0.6771
V141	0.10942	0.17438	0.4345	0.28171
V142	0.61033	0.05191	0.22501	0.11276
V143	0.33344	0.25468	0.12291	0.28897
V144	0.17679	0.17361	0.18888	0.46072
V145	0.05002	0.60721	0.23142	0.11134
V146	0.10967	0.06676	0.09453	0.72903
V147	0.69699	0.07024	0.08569	0.14707
V148	0.15525	0.11386	0.4626	0.26829
V149	0.23038	0.43348	0.22585	0.11029
V150	0.12421	0.23521	0.47055	0.17003
V151	0.19267	0.51325	0.09019	0.20389
V152	0.21104	0.38237	0.22256	0.18403
V153	0.12571	0.59807	0.07985	0.19637
V154	0.21767	0.38958	0.26094	0.1318
V155	0.36937	0.16803	0.27504	0.18756
V156	0.09127	0.16301	0.53701	0.20871
V157	0.2591	0.17775	0.28831	0.27483
V158	0.08741	0.06075	0.0903	0.76153
V159	0.67473	0.1051	0.06706	0.15311
V160	0.52108	0.05901	0.12126	0.29865
V161	0.20665	0.06296	0.09762	0.63277
V162	0.10869	0.27511	0.13003	0.48616
V163	0.1241	0.40897	0.19021	0.27672
V164	0.27624	0.2875	0.14928	0.28698
V165	0.07513	0.24609	0.07034	0.60845
V166	0.08071	0.12806	0.12056	0.67067
V167	0.2927	0.05151	0.07882	0.57696
V168	0.2436	0.47566	0.12974	0.15099
V169	0.19178	0.09734	0.10265	0.60823
V170	0.14336	0.0743	0.42735	0.35499
V171	0.15192	0.23435	0.47067	0.14306
V172	0.55087	0.05289	0.27679	0.11945
V173	0.09173	0.16254	0.10095	0.64478
V174	0.08271	0.17867	0.12574	0.61288
V175	0.11524	0.06598	0.6075	0.21128
V176	0.05443	0.64339	0.19065	0.11153
V177	0.05179	0.76226	0.06761	0.11834
V178	0.05615	0.60461	0.07257	0.26667
V179	0.17972	0.06382	0.33642	0.42005
V180	0.06844	0.70107	0.1263	0.10419
V181	0.17532	0.15729	0.43596	0.23144
V182	0.26007	0.19491	0.38853	0.15649
V183	0.1749	0.64495	0.07152	0.10863
V184	0.76139	0.04795	0.07574	0.11492
V185	0.43998	0.3744	0.07395	0.11168
V186	0.13964	0.40272	0.25306	0.20459
V187	0.7299	0.05485	0.09482	0.12043
V188	0.10791	0.22457	0.06972	0.5978
V189	0.61215	0.07169	0.08209	0.23407
V190	0.50846	0.0611	0.31156	0.11888
V191	0.18843	0.21146	0.45767	0.14244
V192	0.25245	0.40195	0.10315	0.24244
V193	0.46017	0.08289	0.24688	0.21006
V194	0.07505	0.7281	0.07196	0.1249
V195	0.07572	0.0783	0.72557	0.1204
V196	0.0844	0.10512	0.0841	0.72638
V197	0.33065	0.0937	0.09382	0.48183
V198	0.10247	0.41926	0.32379	0.15447
V199	0.17962	0.07916	0.19694	0.54428
V200	0.14319	0.46253	0.08196	0.31232
V201	0.12362	0.45599	0.2016	0.21879
V202	0.08031	0.07261	0.59882	0.24826
V203	0.16977	0.36769	0.33697	0.12557
V204	0.06266	0.43966	0.07451	0.42316
V205	0.08107	0.09817	0.69395	0.12681
V206	0.10117	0.12796	0.65284	0.11804
V207	0.15522	0.19987	0.10989	0.53502
V208	0.23369	0.10735	0.53472	0.12424
V209	0.2514	0.399	0.12339	0.2262
V210	0.11063	0.60656	0.13728	0.14554
V211	0.33821	0.06583	0.09917	0.49679
V212	0.40139	0.08608	0.38243	0.13011
V213	0.47858	0.07958	0.1578	0.28405
V214	0.27258	0.18187	0.19029	0.35525
V215	0.25202	0.13244	0.08595	0.52959
V216	0.09895	0.06078	0.08998	0.75029
V217	0.08872	0.41065	0.23003	0.27059
V218	0.12483	0.37819	0.19017	0.30682
V219	0.1276	0.5141	0.07674	0.28156
V220	0.05645	0.64998	0.07043	0.22314
V221	0.61006	0.05442	0.0736	0.26192
V222	0.26668	0.1611	0.32632	0.2459
V223	0.06861	0.16438	0.59346	0.17355
V224	0.75073	0.04847	0.08583	0.11497
V225	0.0875	0.6905	0.11203	0.10997
V226	0.26831	0.12193	0.48601	0.12376
V227	0.60422	0.05352	0.21568	0.12658
V228	0.57964	0.10923	0.12226	0.18887
V229	0.08158	0.0778	0.70599	0.13463
V230	0.0866	0.07283	0.09112	0.74944
V231	0.07844	0.25927	0.15097	0.51132
V232	0.08527	0.52504	0.06512	0.32457
V233	0.42954	0.12865	0.21688	0.22493
V234	0.07474	0.71781	0.08866	0.11879
V235	0.31031	0.10365	0.44703	0.13901
V236	0.10016	0.11245	0.61309	0.17429
V237	0.17386	0.0628	0.10015	0.66319
V238	0.14627	0.45552	0.25291	0.1453
V239	0.10645	0.34773	0.0836	0.46221
V240	0.38657	0.08476	0.37637	0.1523
V241	0.08073	0.07066	0.67914	0.16948
V242	0.14193	0.60567	0.13754	0.11486
V243	0.22832	0.0916	0.50682	0.17326
V244	0.20843	0.06294	0.5473	0.18133
V245	0.45274	0.2854	0.10769	0.15417
V246	0.10374	0.17125	0.5932	0.1318
V247	0.17953	0.07305	0.63633	0.11109
V248	0.0908	0.08044	0.10416	0.72461
V249	0.06588	0.09156	0.67368	0.16888
V250	0.58898	0.05308	0.23836	0.11958
V251	0.72153	0.0839	0.07538	0.11919
V252	0.05492	0.66469	0.17665	0.10374
V253	0.29556	0.11443	0.1902	0.39981
V254	0.05221	0.72985	0.10712	0.11082
V255	0.08127	0.71439	0.06588	0.13846
V256	0.18133	0.21717	0.422	0.1795
V257	0.33099	0.13772	0.23987	0.29142
V258	0.17989	0.25357	0.3598	0.20674
V259	0.08727	0.27286	0.49633	0.14354
V260	0.06307	0.26672	0.55538	0.11483
V261	0.46701	0.08205	0.21728	0.23367
V262	0.13444	0.09656	0.0889	0.6801
V263	0.06149	0.74723	0.06694	0.12434
V264	0.17807	0.08747	0.36541	0.36904
V265	0.0957	0.06152	0.16568	0.67709
V266	0.49851	0.3273	0.06823	0.10596
V267	0.06583	0.19189	0.26285	0.47943
V268	0.31007	0.07532	0.17875	0.43587
V269	0.05846	0.45668	0.33675	0.1481
V270	0.48784	0.07727	0.25283	0.18205
V271	0.60138	0.10781	0.09402	0.19679
V272	0.08832	0.64678	0.07511	0.18979
V273	0.10925	0.07326	0.09958	0.71791
V274	0.53291	0.05428	0.20855	0.20426
V275	0.07059	0.07898	0.7301	0.12033
V276	0.38357	0.31413	0.07377	0.22853
V277	0.09108	0.21029	0.18363	0.51501
V278	0.095	0.1027	0.27283	0.52947
V279	0.51666	0.10202	0.15561	0.22571
V280	0.08741	0.06075	0.0903	0.76153
V281	0.41351	0.07961	0.17911	0.32777
V282	0.1067	0.11302	0.62	0.16028
V283	0.1931	0.47322	0.11649	0.21719
V284	0.0688	0.70856	0.11204	0.1106
V285	0.11675	0.0697	0.70042	0.11313
V286	0.21456	0.45334	0.14914	0.18297
V287	0.1159	0.68284	0.07734	0.12392
V288	0.0718	0.26271	0.35618	0.30932
V289	0.24516	0.22296	0.36167	0.1702
V290	0.63252	0.18299	0.07421	0.11028
V291	0.38512	0.10881	0.38246	0.12361
V292	0.715	0.05433	0.06876	0.16191
V293	0.26348	0.06837	0.52187	0.14628
V294	0.12095	0.32209	0.06802	0.48895
V295	0.07973	0.19021	0.2013	0.52875
V296	0.18439	0.15196	0.48445	0.1792
V297	0.12317	0.06056	0.12075	0.69552
V298	0.2609	0.13664	0.47881	0.12365
V299	0.11149	0.25565	0.08117	0.55168
V300	0.0733	0.08129	0.23099	0.61442
V301	0.14855	0.14548	0.50407	0.2019
V302	0.49844	0.31835	0.06454	0.11868
V303	0.05318	0.48426	0.32864	0.13391
V304	0.10743	0.07897	0.57238	0.24122
V305	0.14645	0.17866	0.37934	0.29554
V306	0.60737	0.13366	0.10743	0.15155
V307	0.06066	0.74417	0.07653	0.11864
V308	0.20866	0.23051	0.27301	0.28782
V309	0.26762	0.29103	0.08911	0.35225
V310	0.11382	0.28659	0.17616	0.42343
V311	0.40108	0.41867	0.06893	0.11132
V312	0.1175	0.58671	0.17115	0.12465
V313	0.07737	0.13294	0.08926	0.70042
V314	0.06933	0.39563	0.15064	0.3844
V315	0.13592	0.50407	0.09136	0.26865
V316	0.25949	0.16229	0.33908	0.23914
V317	0.11132	0.55491	0.10028	0.23349
V318	0.08158	0.4505	0.07808	0.38984
V319	0.1061	0.10492	0.64864	0.14034
V320	0.11986	0.16857	0.5033	0.20827
V321	0.4911	0.33489	0.06799	0.10603
V322	0.1851	0.29004	0.12444	0.40043
V323	0.10884	0.07293	0.13664	0.6816
V324	0.49741	0.25467	0.12089	0.12703
V325	0.25502	0.52411	0.11094	0.10993
V326	0.05574	0.45413	0.13646	0.35366
V327	0.08261	0.16207	0.14853	0.60679
V328	0.10055	0.07841	0.57278	0.24826
V329	0.17769	0.14338	0.19018	0.48875
V330	0.31153	0.06256	0.31204	0.31387
V331	0.28009	0.12472	0.10501	0.49019
V332	0.0794	0.09606	0.19585	0.62869
V333	0.33197	0.1165	0.34809	0.20343
V334	0.28982	0.06371	0.32467	0.3218
V335	0.07946	0.30211	0.41272	0.20572
V336	0.17019	0.56048	0.08042	0.1889
V337	0.24074	0.35243	0.27372	0.13311
V338	0.04596	0.77039	0.07209	0.11156
V339	0.15143	0.06815	0.66099	0.11943
V340	0.10205	0.22657	0.41964	0.25174
V341	0.09008	0.08063	0.11552	0.71376
V342	0.22872	0.06095	0.49327	0.21706
V343	0.74221	0.06116	0.07669	0.11994
V344	0.5152	0.17456	0.20112	0.10912
V345	0.07585	0.07812	0.73177	0.11426
V346	0.21084	0.14673	0.26594	0.37649
V347	0.10144	0.06783	0.1594	0.67133
V348	0.09128	0.52019	0.17035	0.21818
V349	0.28008	0.18638	0.33904	0.1945
V350	0.06921	0.63785	0.18872	0.10423
V351	0.082	0.08245	0.34018	0.49537
V352	0.10154	0.07626	0.64669	0.17552
V353	0.66095	0.07095	0.09923	0.16887
V354	0.08586	0.55018	0.22489	0.13907
V355	0.24002	0.11868	0.38775	0.25355
V356	0.09464	0.07368	0.14194	0.68975
V357	0.13568	0.29724	0.25907	0.30801
V358	0.40328	0.14037	0.10802	0.34833
V359	0.42583	0.10121	0.09614	0.37682
V360	0.41831	0.38333	0.08032	0.11804
V361	0.05669	0.38351	0.44664	0.11316
V362	0.04622	0.76546	0.07664	0.11169
V363	0.17609	0.14888	0.38642	0.28861
V364	0.1714	0.10792	0.53172	0.18896
V365	0.23265	0.07553	0.08473	0.6071
V366	0.10447	0.54049	0.12904	0.226
V367	0.42375	0.1662	0.07116	0.33888
V368	0.11018	0.5764	0.13122	0.1822
V369	0.07116	0.34666	0.46943	0.11274
V370	0.24955	0.26128	0.35399	0.13519
V371	0.17764	0.57799	0.08561	0.15877
V372	0.17243	0.10002	0.15905	0.5685
V373	0.11863	0.16554	0.38392	0.3319
V374	0.59645	0.05997	0.23119	0.11239
V375	0.09966	0.08731	0.1729	0.64013
V376	0.09407	0.08043	0.14223	0.68327
V377	0.58964	0.04859	0.07811	0.28366
V378	0.07598	0.08176	0.34797	0.49429
V379	0.26971	0.20577	0.07784	0.44668
V380	0.16497	0.11636	0.20836	0.5103
V381	0.54387	0.066	0.14177	0.24836
V382	0.1218	0.08305	0.67582	0.11933
V383	0.62131	0.05634	0.11056	0.21179
V384	0.41261	0.11963	0.17001	0.29775
V385	0.64363	0.0648	0.13061	0.16096
V386	0.25502	0.06927	0.17849	0.49723
V387	0.43556	0.17343	0.21075	0.18025
V388	0.28921	0.30386	0.17779	0.22914
V389	0.32038	0.44525	0.07457	0.1598
V390	0.25135	0.24766	0.38856	0.11243
V391	0.32109	0.13946	0.08416	0.45529
V392	0.32059	0.22749	0.19141	0.26051
V393	0.23715	0.22964	0.31128	0.22193
V394	0.12625	0.22287	0.15126	0.49962
V395	0.19773	0.34369	0.20862	0.24997
V396	0.05407	0.74917	0.07187	0.12489
V397	0.58008	0.12753	0.14757	0.14482
V398	0.33603	0.16309	0.14426	0.35662
V399	0.18024	0.45345	0.1766	0.18971
V400	0.05586	0.46765	0.11573	0.36076
V401	0.08979	0.17826	0.55911	0.17284
V402	0.60371	0.19193	0.09494	0.10942
V403	0.0903	0.07509	0.12023	0.71439
V404	0.12405	0.20512	0.48322	0.18762
V405	0.20547	0.08461	0.19154	0.51838
V406	0.47502	0.25316	0.07822	0.1936
V407	0.04596	0.77039	0.07209	0.11156
V408	0.12269	0.23814	0.33709	0.30209
V409	0.08153	0.0674	0.09048	0.76059
V410	0.11015	0.67884	0.08621	0.1248
V411	0.34297	0.05658	0.07137	0.52908
V412	0.16994	0.11943	0.40677	0.30386
V413	0.09542	0.40191	0.19543	0.30724
V414	0.08151	0.41823	0.29573	0.20454
V415	0.3396	0.08246	0.24115	0.33678
V416	0.07484	0.11449	0.69781	0.11286
V417	0.30261	0.5166	0.06982	0.11097
V418	0.11695	0.13562	0.17227	0.57517
V419	0.08727	0.06133	0.09435	0.75704
V420	0.04817	0.69259	0.07716	0.18209
V421	0.17225	0.09167	0.53309	0.20299
V422	0.10251	0.09847	0.08337	0.71565
V423	0.12244	0.07677	0.66768	0.13311
V424	0.06705	0.09982	0.48717	0.34596
V425	0.10091	0.2352	0.46966	0.19423
V426	0.1294	0.09549	0.60829	0.16681
V427	0.10399	0.34307	0.20119	0.35176
V428	0.10966	0.60455	0.11074	0.17505
V429	0.08687	0.06185	0.09943	0.75185
V430	0.55601	0.19219	0.07973	0.17208
V431	0.18515	0.07935	0.38015	0.35534
V432	0.13941	0.12661	0.10734	0.62664
V433	0.09041	0.57697	0.06565	0.26697
V434	0.27364	0.11876	0.11016	0.49744
V435	0.38348	0.06724	0.16388	0.38539
V436	0.30304	0.06769	0.15869	0.47057
V437	0.20783	0.22524	0.07443	0.4925
V438	0.44894	0.18587	0.09072	0.27447
V439	0.09448	0.12497	0.08323	0.69732
V440	0.36649	0.08707	0.09786	0.44858
V441	0.1104	0.16058	0.46817	0.26085
V442	0.25397	0.31031	0.17112	0.2646
V443	0.55035	0.05712	0.14415	0.24837
V444	0.07585	0.07812	0.73177	0.11426
V445	0.46702	0.0696	0.32512	0.13826
V446	0.07494	0.64711	0.11036	0.1676
V447	0.46552	0.13633	0.20246	0.1957
V448	0.08512	0.11057	0.20135	0.60296
V449	0.42279	0.08851	0.29261	0.1961
V450	0.14586	0.674	0.07687	0.10327
V451	0.7085	0.09286	0.0656	0.13304
V452	0.09651	0.0695	0.11947	0.71453
V453	0.60169	0.1189	0.12032	0.15909
V454	0.04616	0.72831	0.10708	0.11845
V455	0.45233	0.08314	0.29848	0.16605
V456	0.26681	0.15508	0.33876	0.23935
V457	0.08151	0.07281	0.08537	0.76031
V458	0.22774	0.22645	0.07326	0.47255
V459	0.06192	0.61774	0.13786	0.18249
V460	0.72319	0.05459	0.09482	0.1274
V461	0.10938	0.07817	0.0847	0.72775
V462	0.27442	0.24122	0.06776	0.4166
V463	0.21668	0.40193	0.1837	0.19769
V464	0.37962	0.13747	0.07216	0.41075
V465	0.30814	0.37729	0.08675	0.22782
V466	0.43009	0.2045	0.07029	0.29511
V467	0.25677	0.47463	0.12969	0.13891
V468	0.37564	0.36227	0.10838	0.15371
V469	0.07844	0.19192	0.26362	0.46603
V470	0.40527	0.15908	0.20359	0.23206
V471	0.23091	0.13952	0.10008	0.52948
V472	0.25952	0.30167	0.067	0.37182
V473	0.12315	0.44792	0.30369	0.12524
V474	0.1471	0.05781	0.14958	0.64551
V475	0.1758	0.34494	0.12938	0.34989
V476	0.17373	0.07182	0.11359	0.64085
V477	0.44478	0.0874	0.2275	0.24033
V478	0.14249	0.47455	0.07154	0.31142
V479	0.07739	0.12721	0.6131	0.1823
V480	0.11655	0.28103	0.10349	0.49894
V481	0.1648	0.07411	0.63583	0.12525
V482	0.51433	0.18811	0.15441	0.14314
V483	0.15125	0.14055	0.12654	0.58166
V484	0.08926	0.10608	0.09465	0.71001
V485	0.13355	0.5812	0.07554	0.20971
V486	0.22863	0.25529	0.16356	0.35252
V487	0.1211	0.09191	0.1346	0.65239
V488	0.06516	0.06888	0.66741	0.19854
V489	0.20462	0.13798	0.53416	0.12323
V490	0.26805	0.29246	0.12286	0.31663
V491	0.33968	0.40979	0.09069	0.15984
V492	0.06883	0.65654	0.16394	0.11068
V493	0.0877	0.0602	0.08089	0.77121
V494	0.18987	0.18067	0.42184	0.20762
V495	0.19996	0.50681	0.16971	0.12352
V496	0.23308	0.55843	0.06439	0.14409
V497	0.07598	0.07189	0.73166	0.12047
V498	0.25969	0.1408	0.10981	0.4897
V499	0.45944	0.26424	0.16386	0.11245
V500	0.1328	0.15619	0.56536	0.14565
V501	0.08138	0.06183	0.0993	0.75749
V502	0.40877	0.2732	0.18343	0.1346
V503	0.19127	0.13787	0.20833	0.46252
V504	0.20479	0.56038	0.0761	0.15873
V505	0.1877	0.22188	0.24493	0.34549
V506	0.12219	0.24645	0.37284	0.25851
V507	0.44945	0.1418	0.16309	0.24565
V508	0.55617	0.19235	0.10115	0.15034
V509	0.21165	0.11165	0.41581	0.26089
V510	0.20234	0.4337	0.25329	0.11068
V511	0.09146	0.35725	0.10215	0.44914
V512	0.21894	0.09769	0.13192	0.55144
V513	0.10664	0.51598	0.21633	0.16104
V514	0.08522	0.09785	0.07982	0.73712
V515	0.56527	0.10865	0.1091	0.21699
V516	0.69442	0.12269	0.06509	0.1178
V517	0.097	0.08133	0.24378	0.5779
V518	0.7344	0.07528	0.071	0.11933
V519	0.06861	0.67168	0.07083	0.18888
V520	0.0882	0.06197	0.48816	0.36166
V521	0.42966	0.09062	0.34142	0.13829
V522	0.06895	0.16029	0.45235	0.3184
V523	0.28065	0.16035	0.25438	0.30463
V524	0.05423	0.6084	0.20466	0.13271
V525	0.22147	0.21387	0.09081	0.47385
V526	0.47063	0.12508	0.12889	0.2754
V527	0.19954	0.07844	0.34466	0.37736
V528	0.11674	0.673	0.06569	0.14458
V529	0.11076	0.10947	0.22364	0.55613
V530	0.06607	0.21402	0.52472	0.19519
V531	0.06097	0.68419	0.15081	0.10403
V532	0.17141	0.2962	0.08915	0.44324
V533	0.23373	0.31761	0.16987	0.27879
V534	0.07252	0.0712	0.55096	0.30532
V535	0.41666	0.05025	0.0792	0.45389
V536	0.1933	0.0576	0.32892	0.42018
V537	0.44056	0.25874	0.18194	0.11876
V538	0.34671	0.1033	0.1371	0.41288
V539	0.22502	0.37226	0.18372	0.219
V540	0.18431	0.55419	0.12381	0.13769
V541	0.06967	0.4167	0.1155	0.39813
V542	0.18992	0.16021	0.24505	0.40482
V543	0.6623	0.0558	0.07715	0.20474
V544	0.13782	0.12918	0.19036	0.54264
V545	0.28638	0.17063	0.12256	0.42043
V546	0.08102	0.69032	0.11818	0.11048
V547	0.0794	0.51434	0.28849	0.11777
V548	0.15458	0.60529	0.13106	0.10908
V549	0.2769	0.08339	0.51484	0.12487
V550	0.43656	0.07753	0.06885	0.41706
V551	0.17102	0.58639	0.09153	0.15106
V552	0.0572	0.4317	0.07414	0.43696
V553	0.20977	0.17467	0.48583	0.12974
V554	0.10678	0.1188	0.09464	0.67979
V555	0.12233	0.22912	0.29621	0.35234
V556	0.06759	0.08441	0.7058	0.1422
V557	0.60439	0.07765	0.07698	0.24098
V558	0.09702	0.6135	0.08601	0.20347
V559	0.05485	0.63633	0.20432	0.1045
V560	0.52031	0.30324	0.06402	0.11243
V561	0.07059	0.07898	0.7301	0.12033
V562	0.57997	0.05749	0.16527	0.19727
V563	0.22788	0.06446	0.58956	0.1181
V564	0.10689	0.12146	0.64662	0.12503
V565	0.14397	0.25273	0.32338	0.27993
V566	0.51048	0.13751	0.06995	0.28206
V567	0.19558	0.38166	0.08782	0.33493
V568	0.22009	0.06347	0.11303	0.60342
V569	0.50229	0.07669	0.06674	0.35428
V570	0.08088	0.27293	0.48273	0.16345
V571	0.60995	0.15967	0.06414	0.16624
V572	0.34844	0.06403	0.38986	0.19767
V573	0.10979	0.18253	0.07656	0.63112
V574	0.07705	0.6165	0.18897	0.11748
V575	0.08483	0.12172	0.15981	0.63365
V576	0.15552	0.63535	0.09367	0.11547
V577	0.09704	0.09578	0.21672	0.59046
V578	0.10507	0.11599	0.52452	0.25442
V579	0.05446	0.68358	0.1374	0.12457
V580	0.16735	0.06483	0.15369	0.61413
V581	0.11342	0.11057	0.07758	0.69844
V582	0.42661	0.17753	0.09122	0.30464
V583	0.0732	0.09952	0.4666	0.36068
V584	0.38914	0.18263	0.28447	0.14375
V585	0.07627	0.06849	0.37398	0.48125
V586	0.22033	0.06865	0.52053	0.19048
V587	0.24296	0.07081	0.54759	0.13864
V588	0.4618	0.09172	0.09136	0.35512
V589	0.08857	0.63348	0.11802	0.15994
V590	0.08415	0.60171	0.20318	0.11096
V591	0.07404	0.0887	0.20976	0.6275
V592	0.17262	0.08769	0.62879	0.1109
V593	0.43809	0.05418	0.2094	0.29833
V594	0.27021	0.27627	0.3042	0.14932
V595	0.09206	0.07285	0.09059	0.74449
V596	0.08767	0.26517	0.22382	0.42333
V597	0.05155	0.46936	0.30286	0.17623
V598	0.07867	0.15071	0.64474	0.12588
V599	0.4668	0.30911	0.08974	0.13435
V600	0.28001	0.40853	0.10691	0.20455
V601	0.16574	0.26035	0.1304	0.44351
V602	0.0923	0.07241	0.08537	0.74992
V603	0.06987	0.32103	0.08074	0.52836
V604	0.38983	0.15376	0.31901	0.1374
V605	0.10639	0.29962	0.33673	0.25725
V606	0.53386	0.18296	0.07462	0.20855
V607	0.47854	0.06718	0.15626	0.29801
V608	0.20291	0.18509	0.33109	0.28091
V609	0.0832	0.23372	0.23116	0.45192
V610	0.56567	0.07382	0.14327	0.21724
V611	0.24792	0.06197	0.11118	0.57892
V612	0.08632	0.13469	0.61237	0.16662
V613	0.08588	0.30229	0.4684	0.14343
V614	0.55748	0.10826	0.10894	0.22532
V615	0.1538	0.09613	0.08147	0.6686
V616	0.10432	0.55422	0.10066	0.2408
V617	0.36783	0.18525	0.33916	0.10776
V618	0.53735	0.05693	0.0656	0.34012
V619	0.30326	0.08227	0.30078	0.31369
V620	0.05877	0.52853	0.302	0.11069
V621	0.32315	0.18224	0.19628	0.29834
V622	0.28578	0.23147	0.34613	0.13662
V623	0.08464	0.1156	0.17227	0.62748
V624	0.59491	0.21371	0.0634	0.12799
V625	0.22421	0.41573	0.14259	0.21747
V626	0.7346	0.06765	0.07155	0.1262
V627	0.07946	0.07509	0.12069	0.72476
V628	0.07023	0.21597	0.08648	0.62733
V629	0.14367	0.2747	0.25911	0.32252
V630	0.08696	0.30245	0.46135	0.14924
V631	0.08077	0.19988	0.14567	0.57368
V632	0.43551	0.05351	0.17698	0.33399
V633	0.06447	0.08858	0.6355	0.21144
V634	0.31329	0.26199	0.3109	0.11382
V635	0.07041	0.59074	0.07245	0.2664
V636	0.14846	0.1454	0.49746	0.20868
V637	0.24996	0.20922	0.13696	0.40387
V638	0.28999	0.25367	0.12386	0.33248
V639	0.23194	0.37311	0.29041	0.10454
V640	0.08976	0.17932	0.57854	0.15239
V641	0.66385	0.08649	0.08888	0.16078
V642	0.5676	0.19729	0.06374	0.17136
V643	0.06902	0.20226	0.36958	0.35914
V644	0.68949	0.11501	0.07064	0.12486
V645	0.22549	0.35831	0.29083	0.12537
V646	0.05209	0.76448	0.07212	0.11131
V647	0.16282	0.13234	0.54645	0.15839
V648	0.31626	0.38087	0.17055	0.13233
V649	0.08508	0.11401	0.64092	0.15998
V650	0.10544	0.1341	0.59384	0.16662
V651	0.27068	0.06156	0.54859	0.11918
V652	0.12676	0.13394	0.3646	0.3747
V653	0.13697	0.52504	0.14208	0.1959
V654	0.51325	0.21788	0.11294	0.15594
V655	0.08112	0.45939	0.08305	0.37643
V656	0.19269	0.25746	0.07847	0.47138
V657	0.09032	0.1059	0.08286	0.72092
V658	0.43942	0.22381	0.11426	0.2225
V659	0.26731	0.13279	0.32425	0.27564
V660	0.06739	0.74211	0.06587	0.12463
V661	0.09756	0.35819	0.10885	0.4354
V662	0.32564	0.07195	0.40499	0.19743
V663	0.21868	0.12129	0.45741	0.20262
V664	0.1992	0.11551	0.53341	0.15188
V665	0.50453	0.20826	0.10082	0.18639
V666	0.43477	0.05226	0.1506	0.36237
V667	0.58133	0.11274	0.19497	0.11097
V668	0.13196	0.63372	0.13155	0.10277
V669	0.20413	0.35862	0.24595	0.1913
V670	0.10196	0.70756	0.06623	0.12425
V671	0.28395	0.27533	0.25525	0.18547
V672	0.08007	0.0839	0.69423	0.1418
V673	0.20525	0.32745	0.23268	0.23462
V674	0.52764	0.17684	0.08007	0.21545
V675	0.1503	0.29887	0.28651	0.26432
V676	0.08964	0.142	0.14838	0.61998
V677	0.29482	0.35623	0.14301	0.20594
V678	0.39412	0.42049	0.07378	0.11161
V679	0.09404	0.28847	0.49651	0.12098
V680	0.25114	0.45531	0.16993	0.12362
V681	0.67546	0.10573	0.07872	0.14009
V682	0.13608	0.27854	0.44313	0.14224
V683	0.05233	0.76581	0.07647	0.10539
V684	0.51518	0.18815	0.13998	0.15669
V685	0.37017	0.31929	0.16264	0.14789
V686	0.12767	0.19557	0.17616	0.50059
V687	0.09226	0.06685	0.09078	0.75011
V688	0.29128	0.43377	0.06442	0.21053
V689	0.22771	0.05417	0.10896	0.60916
V690	0.36442	0.09394	0.37606	0.16557
V691	0.17223	0.06603	0.64271	0.11903
V692	0.11887	0.17032	0.5455	0.16531
V693	0.21069	0.14701	0.32356	0.31873
V694	0.07808	0.08087	0.27224	0.56881
V695	0.22006	0.0634	0.1853	0.53124
V696	0.12	0.11818	0.08703	0.67478
V697	0.08541	0.09117	0.08506	0.73837
V698	0.61121	0.05509	0.07795	0.25576
V699	0.41527	0.27902	0.12009	0.18563
V700	0.21271	0.0756	0.07901	0.63268
V701	0.13061	0.43002	0.14806	0.29131
V702	0.40115	0.12277	0.07866	0.39742
V703	0.15622	0.105	0.39901	0.33977
V704	0.6068	0.09322	0.08938	0.21061
V705	0.7303	0.04927	0.07977	0.14067
V706	0.12078	0.10279	0.59416	0.18227
V707	0.08434	0.36824	0.40547	0.14195
V708	0.07467	0.67599	0.08136	0.16799
V709	0.15252	0.2573	0.42123	0.16894
V710	0.4387	0.22294	0.10876	0.2296
V711	0.11054	0.62097	0.13717	0.13131
V712	0.60474	0.09813	0.07169	0.22544
V713	0.32539	0.28625	0.09308	0.29529
V714	0.05954	0.52667	0.08179	0.332
V715	0.24971	0.30827	0.28056	0.16146
V716	0.09622	0.08568	0.10443	0.71367
V717	0.10191	0.71411	0.06592	0.11806
V718	0.15292	0.45486	0.19474	0.19747
V719	0.09206	0.55393	0.09208	0.26193
V720	0.52571	0.05415	0.24549	0.17465
V721	0.1459	0.18674	0.38676	0.2806
V722	0.12216	0.30114	0.07924	0.49746
V723	0.13974	0.11773	0.0806	0.66193
V724	0.42764	0.07919	0.1376	0.35558
V725	0.0656	0.13541	0.65877	0.14021
V726	0.08511	0.32929	0.15704	0.42857
V727	0.22794	0.5277	0.13562	0.10875
V728	0.06873	0.68385	0.13648	0.11094
V729	0.31767	0.06824	0.19233	0.42176
V730	0.6756	0.07974	0.10466	0.14
V731	0.0827	0.209	0.3348	0.37351
V732	0.28134	0.12518	0.31748	0.276
V733	0.46947	0.20892	0.09081	0.2308
V734	0.21316	0.28646	0.38841	0.11198
V735	0.08149	0.08278	0.39621	0.43952
V736	0.16113	0.06393	0.08378	0.69117
V737	0.26353	0.27509	0.24038	0.22099
V738	0.1156	0.2994	0.37206	0.21294
V739	0.06813	0.06843	0.48068	0.38276
V740	0.62745	0.12553	0.12195	0.12507
V741	0.36046	0.14223	0.16351	0.33381
V742	0.31773	0.50385	0.07463	0.10379
V743	0.15462	0.1697	0.54484	0.13084
V744	0.39429	0.08919	0.31356	0.20296
V745	0.06343	0.54323	0.19538	0.19797
V746	0.76052	0.04864	0.07009	0.12075
V747	0.10752	0.06334	0.55226	0.27688
V748	0.14772	0.14366	0.46223	0.24639
V749	0.23658	0.19289	0.10956	0.46097
V750	0.31418	0.4005	0.08007	0.20526
V751	0.08134	0.67113	0.09437	0.15315
V752	0.34208	0.2341	0.17084	0.25299
V753	0.08736	0.06665	0.07998	0.76601
V754	0.0551	0.71921	0.06598	0.1597
V755	0.1596	0.20742	0.30195	0.33104
V756	0.09163	0.06862	0.10361	0.73614
V757	0.27065	0.48201	0.1169	0.13045
V758	0.0825	0.59095	0.159	0.16755
V759	0.15057	0.11082	0.34185	0.39676
V760	0.24736	0.10835	0.26646	0.37784
V761	0.10004	0.4641	0.25965	0.1762
V762	0.06361	0.32822	0.0805	0.52768
V763	0.29491	0.32252	0.08874	0.29382
V764	0.05519	0.71299	0.07207	0.15974
V765	0.48896	0.12985	0.06288	0.31832
V766	0.07182	0.29253	0.36441	0.27124
V767	0.36133	0.16002	0.24665	0.23201
V768	0.08723	0.70614	0.08107	0.12556
V769	0.14789	0.64987	0.08684	0.1154
V770	0.05209	0.76448	0.07212	0.11131
V771	0.17914	0.07343	0.62227	0.12516
V772	0.1574	0.09569	0.62876	0.11815
V773	0.16089	0.65217	0.07176	0.11518
V774	0.08099	0.07144	0.70566	0.14192
V775	0.14562	0.09478	0.26407	0.49554
V776	0.32256	0.3701	0.10818	0.19916
V777	0.1773	0.14933	0.17037	0.50299
V778	0.39438	0.27092	0.12142	0.21328
V779	0.17786	0.09651	0.4069	0.31873
V780	0.12704	0.60566	0.16451	0.10279
V781	0.10324	0.07904	0.09517	0.72255
V782	0.06933	0.15743	0.60637	0.16687
V783	0.5778	0.07227	0.10911	0.24082
V784	0.1231	0.69005	0.07696	0.10989
V785	0.07538	0.72324	0.07624	0.12514
V786	0.52814	0.1875	0.13428	0.15009
V787	0.0496	0.65776	0.18177	0.11087
V788	0.37848	0.2886	0.18411	0.1488
V789	0.10888	0.3185	0.0893	0.48333
V790	0.34652	0.08087	0.13125	0.44136
V791	0.14921	0.33009	0.29318	0.22753
V792	0.14396	0.43779	0.07046	0.34779
V793	0.13546	0.51904	0.09107	0.25444
V794	0.09934	0.12693	0.59988	0.17385
V795	0.14118	0.09166	0.11383	0.65332
V796	0.08611	0.12768	0.65307	0.13314
V797	0.57478	0.05378	0.24508	0.12637
V798	0.45969	0.28637	0.12782	0.12613
V799	0.14096	0.60588	0.08619	0.16697
V800	0.11379	0.08367	0.4183	0.38423
V801	0.15518	0.15339	0.29528	0.39615
V802	0.09468	0.12551	0.257	0.52281
V803	0.20189	0.4346	0.25992	0.10358
V804	0.40255	0.0715	0.35359	0.17235
V805	0.07611	0.07256	0.73703	0.1143
V806	0.08128	0.70335	0.07656	0.13881
V807	0.22292	0.17524	0.09931	0.50253
V808	0.48777	0.26872	0.10208	0.14144
V809	0.09538	0.09123	0.70033	0.11306
V810	0.05181	0.76929	0.06776	0.11114
V811	0.32413	0.12316	0.21669	0.33601
V812	0.40051	0.26025	0.10956	0.22968
V813	0.44088	0.21384	0.20911	0.13617
V814	0.33563	0.45092	0.10237	0.11108
V815	0.04689	0.71534	0.12691	0.11086
V816	0.71805	0.05005	0.11736	0.11454
V817	0.08728	0.1214	0.66537	0.12594
V818	0.07922	0.09262	0.09954	0.72861
V819	0.6146	0.12614	0.10746	0.1518
V820	0.15171	0.13072	0.0934	0.62418
V821	0.1999	0.29352	0.33833	0.16826
V822	0.11546	0.08298	0.6686	0.13295
V823	0.08355	0.20672	0.52197	0.18775
V824	0.12045	0.33158	0.44189	0.10608
V825	0.19985	0.27494	0.2455	0.27971
V826	0.3312	0.36603	0.18438	0.11839
V827	0.29798	0.4965	0.07469	0.13084
V828	0.20201	0.18645	0.15134	0.4602
V829	0.09185	0.23399	0.10043	0.57373
V830	0.20093	0.2284	0.09086	0.47981
V831	0.56538	0.13273	0.09213	0.20976
V832	0.22525	0.35006	0.18975	0.23495
V833	0.15358	0.41766	0.19504	0.23372
V834	0.24606	0.11927	0.13157	0.5031
V835	0.28088	0.38722	0.15631	0.17559
V836	0.05926	0.53058	0.07253	0.33764
V837	0.19779	0.33576	0.20171	0.26475
V838	0.70194	0.08469	0.09458	0.11879
V839	0.24972	0.4982	0.14227	0.10982
V840	0.24567	0.58194	0.06947	0.10292
V841	0.06538	0.0982	0.67508	0.16134
V842	0.27947	0.19115	0.25464	0.27475
V843	0.07903	0.08224	0.66253	0.17619
V844	0.14111	0.1332	0.32871	0.39697
V845	0.11136	0.14906	0.57301	0.16658
V846	0.06678	0.07322	0.58381	0.27619
V847	0.08223	0.0606	0.08557	0.7716
V848	0.11582	0.4173	0.18968	0.2772
V849	0.04709	0.74249	0.07236	0.13806
V850	0.74304	0.04911	0.08015	0.1277
V851	0.27179	0.44791	0.17645	0.10385
V852	0.13982	0.10034	0.16566	0.59417
V853	0.21577	0.2314	0.34576	0.20707
V854	0.43395	0.19481	0.14788	0.22336
V855	0.08223	0.0606	0.08557	0.7716
V856	0.09059	0.31403	0.30925	0.28613
V857	0.4934	0.20231	0.08907	0.21522
V858	0.42931	0.06254	0.38965	0.1185
V859	0.48228	0.24587	0.07829	0.19356
V860	0.18415	0.14767	0.11135	0.55683
V861	0.12091	0.31742	0.44232	0.11936
V862	0.15559	0.13247	0.55983	0.15212
V863	0.19287	0.1016	0.07465	0.63089
V864	0.11539	0.08617	0.10855	0.68989
V865	0.14668	0.06603	0.25728	0.53
V866	0.54522	0.06949	0.25959	0.1257
V867	0.54544	0.07678	0.25958	0.1182
V868	0.37876	0.27248	0.17084	0.17792
V869	0.06003	0.75718	0.07173	0.11106
V870	0.13067	0.30231	0.08394	0.48308
V871	0.04709	0.74249	0.07236	0.13806
V872	0.07977	0.07552	0.24242	0.60229
V873	0.66314	0.08049	0.10999	0.14638
V874	0.18327	0.62673	0.08726	0.10274
V875	0.07887	0.20508	0.2076	0.50845
V876	0.16491	0.29949	0.3511	0.1845
V877	0.0901	0.34453	0.2723	0.29306
V878	0.14025	0.63956	0.11764	0.10255
V879	0.1782	0.54822	0.09967	0.17391
V880	0.24948	0.45641	0.06934	0.22478
V881	0.16396	0.09846	0.47647	0.26112
V882	0.59437	0.05088	0.17135	0.1834
V883	0.24379	0.20995	0.43884	0.10743
V884	0.08011	0.25378	0.07005	0.59605
V885	0.53312	0.22526	0.13298	0.10864
V886	0.06956	0.32351	0.38653	0.2204
V887	0.46535	0.11282	0.18924	0.23259
V888	0.13519	0.1014	0.57355	0.18986
V889	0.68919	0.09372	0.08451	0.13258
V890	0.0907	0.17526	0.48146	0.25258
V891	0.46648	0.09857	0.28363	0.15132
V892	0.23564	0.19749	0.07922	0.48765
V893	0.42679	0.228	0.1835	0.16171
V894	0.10625	0.28846	0.46193	0.14335
V895	0.437	0.11334	0.21692	0.23275
V896	0.07505	0.7281	0.07196	0.1249
V897	0.50988	0.25862	0.06951	0.16199
V898	0.35833	0.05045	0.07607	0.51515
V899	0.08529	0.2021	0.1705	0.54212
V900	0.11426	0.27618	0.31598	0.29358
V901	0.07608	0.64404	0.0712	0.20868
V902	0.08086	0.70258	0.10633	0.11023
V903	0.06028	0.36253	0.42823	0.14896
V904	0.05996	0.762	0.06721	0.11082
V905	0.16761	0.05844	0.19637	0.57757
V906	0.30871	0.13525	0.14909	0.40695
V907	0.32817	0.43868	0.08031	0.15284
V908	0.08391	0.09413	0.12032	0.70163
V909	0.13972	0.62981	0.06436	0.16611
V910	0.17386	0.05719	0.16085	0.6081
V911	0.38387	0.35625	0.09073	0.16915
V912	0.29607	0.30284	0.16485	0.23625
V913	0.14295	0.05777	0.08453	0.71474
V914	0.17517	0.41231	0.27325	0.13928
V915	0.20741	0.05474	0.08122	0.65663
V916	0.22652	0.10787	0.51337	0.15224
V917	0.52391	0.08256	0.19648	0.19705
V918	0.08606	0.4995	0.23103	0.18341
V919	0.18745	0.23739	0.27304	0.30212
V920	0.44738	0.21749	0.1416	0.19353
V921	0.09069	0.17607	0.09565	0.63759
V922	0.12397	0.38998	0.33854	0.14751
V923	0.1223	0.07282	0.10446	0.70042
V924	0.07917	0.5292	0.25846	0.13317
V925	0.17933	0.08306	0.08613	0.65148
V926	0.1939	0.07669	0.09754	0.63186
V927	0.09014	0.0863	0.10903	0.71452
V928	0.08038	0.68854	0.07098	0.1601
V929	0.09192	0.50344	0.1636	0.24104
V930	0.37629	0.34064	0.09086	0.19221
V931	0.15198	0.26455	0.415	0.16846
V932	0.09151	0.15199	0.47454	0.28197
V933	0.44799	0.36018	0.0739	0.11793
V934	0.07282	0.17646	0.25634	0.49438
V935	0.41421	0.19191	0.22319	0.17069
V936	0.38584	0.26911	0.07986	0.26519
V937	0.39708	0.16258	0.13639	0.30394
V938	0.29586	0.0988	0.29246	0.31288
V939	0.55073	0.07264	0.1286	0.24804
V940	0.06993	0.6132	0.1778	0.13907
V941	0.07098	0.07202	0.73654	0.12046
V942	0.54143	0.20973	0.12104	0.1278
V943	0.3093	0.16273	0.37028	0.15768
V944	0.07927	0.25122	0.11664	0.55288
V945	0.41203	0.3297	0.07384	0.18442
V946	0.34179	0.25946	0.25541	0.14334
V947	0.12481	0.10262	0.22961	0.54295
V948	0.28391	0.08333	0.50176	0.131
V949	0.06936	0.14591	0.21017	0.57456
V950	0.09487	0.43448	0.21428	0.25637
V951	0.6231	0.06756	0.18999	0.11935
V952	0.11378	0.16189	0.25008	0.47425
V953	0.0792	0.10747	0.67224	0.14109
V954	0.09173	0.19532	0.17023	0.54272
V955	0.13597	0.47875	0.08762	0.29767
V956	0.09388	0.08322	0.41772	0.40518
V957	0.27205	0.06694	0.0723	0.58871
V958	0.0877	0.0602	0.08089	0.77121
V959	0.2084	0.25404	0.36865	0.16891
V960	0.206	0.26011	0.13185	0.40204
V961	0.14843	0.33643	0.31007	0.20507
V962	0.28717	0.19467	0.34699	0.17117
V963	0.43412	0.19692	0.1898	0.17916
V964	0.62297	0.08174	0.14877	0.14652
V965	0.09498	0.411	0.20168	0.29233
V966	0.7354	0.0611	0.07623	0.12726
V967	0.10665	0.09901	0.42496	0.36938
V968	0.06169	0.1789	0.59297	0.16644
V969	0.0727	0.26329	0.0995	0.56451
V970	0.09129	0.15723	0.35546	0.39602
V971	0.3768	0.13109	0.31137	0.18075
V972	0.37332	0.21706	0.10604	0.30359
V973	0.22456	0.36114	0.12925	0.28505
V974	0.05551	0.60414	0.16535	0.175
V975	0.12951	0.27384	0.48315	0.1135
V976	0.32648	0.24892	0.15777	0.26683
V977	0.26232	0.32238	0.30402	0.11129
V978	0.11251	0.12751	0.12047	0.63952
V979	0.60272	0.06962	0.20842	0.11924
V980	0.76052	0.04864	0.07009	0.12075
V981	0.27535	0.08629	0.37629	0.26206
V982	0.3299	0.35595	0.12934	0.18481
V983	0.51019	0.1069	0.07198	0.31093
V984	0.06303	0.64865	0.14953	0.13878
V985	0.11509	0.19653	0.07661	0.61178
V986	0.25835	0.43688	0.10778	0.19699
V987	0.21021	0.60123	0.06545	0.12311
V988	0.20025	0.06949	0.08553	0.64473
V989	0.33751	0.40769	0.13015	0.12465
V990	0.06302	0.10259	0.60751	0.22689
V991	0.48358	0.33459	0.06341	0.11842
V992	0.1993	0.06526	0.43	0.30544
V993	0.09741	0.56739	0.18917	0.14604
V994	0.17665	0.62044	0.08731	0.11559
V995	0.53428	0.14799	0.09311	0.22461
V996	0.23008	0.15266	0.08158	0.53568
V997	0.08002	0.07509	0.63348	0.21141
V998	0.65064	0.0647	0.12362	0.16104
V999	0.12998	0.69485	0.06569	0.10948
V1000	0.25941	0.07329	0.07302	0.59428
