CD19B	CD56NK	CD4MemoryT	CD14
V1	0.42772	0.08021	0.18104	0.31103
V2	0.17198	0.14644	0.09561	0.58597
V3	0.09973	0.53489	0.0591	0.30627
V4	0.67155	0.1627	0.03942	0.12633
V5	0.12964	0.43408	0.22532	0.21096
V6	0.10714	0.72408	0.06154	0.10723
V7	0.1612	0.35072	0.11206	0.37602
V8	0.1416	0.0941	0.6314	0.1329
V9	0.22036	0.26011	0.0826	0.43692
V10	0.06386	0.10028	0.68908	0.14678
V11	0.19285	0.35162	0.35519	0.10034
V12	0.07261	0.5129	0.31083	0.10367
V13	0.23388	0.60796	0.04779	0.11037
V14	0.10224	0.75528	0.05088	0.0916
V15	0.13833	0.51768	0.13624	0.20775
V16	0.70208	0.09568	0.06381	0.13843
V17	0.11507	0.72242	0.05577	0.10675
V18	0.43649	0.35013	0.08077	0.13261
V19	0.16507	0.68597	0.05005	0.0989
V20	0.17246	0.42395	0.06397	0.33962
V21	0.14179	0.12322	0.6037	0.1313
V22	0.08529	0.1539	0.2024	0.55841
V23	0.3079	0.10725	0.47351	0.11134
V24	0.74016	0.07868	0.07212	0.10904
V25	0.28063	0.26555	0.1451	0.30871
V26	0.31242	0.37691	0.06135	0.24931
V27	0.14331	0.11435	0.07717	0.66517
V28	0.05366	0.10989	0.73267	0.10379
V29	0.34612	0.09392	0.42443	0.13553
V30	0.1303	0.24947	0.24659	0.37364
V31	0.19408	0.23369	0.25832	0.31391
V32	0.12934	0.09425	0.08646	0.68995
V33	0.08654	0.44669	0.29777	0.169
V34	0.14132	0.10816	0.6181	0.13243
V35	0.16469	0.60998	0.10927	0.11606
V36	0.06902	0.11317	0.39377	0.42404
V37	0.42013	0.13169	0.12519	0.323
V38	0.34626	0.07454	0.1846	0.3946
V39	0.1672	0.49547	0.14225	0.19508
V40	0.12106	0.68792	0.10451	0.08651
V41	0.06393	0.57407	0.08371	0.27829
V42	0.2163	0.10278	0.20846	0.47245
V43	0.14159	0.33509	0.39971	0.1236
V44	0.06604	0.1424	0.56715	0.22441
V45	0.12203	0.51272	0.20447	0.16078
V46	0.61611	0.12834	0.14526	0.11029
V47	0.3476	0.22934	0.27905	0.14402
V48	0.62002	0.21162	0.0454	0.12297
V49	0.559	0.22627	0.0396	0.17512
V50	0.10076	0.69513	0.11117	0.09294
V51	0.25797	0.38633	0.23209	0.12361
V52	0.07268	0.16565	0.63137	0.13031
V53	0.56266	0.17208	0.16362	0.10163
V54	0.33159	0.23139	0.31631	0.12071
V55	0.20596	0.18434	0.22404	0.38565
V56	0.10807	0.09183	0.12159	0.67851
V57	0.1221	0.71723	0.06122	0.09945
V58	0.49657	0.0713	0.08582	0.34631
V59	0.33823	0.39575	0.12765	0.13837
V60	0.15339	0.20223	0.28343	0.36094
V61	0.61412	0.15586	0.05168	0.17834
V62	0.68123	0.09101	0.10575	0.12201
V63	0.06724	0.68941	0.13591	0.10744
V64	0.06255	0.7034	0.04605	0.188
V65	0.09094	0.08475	0.13092	0.69339
V66	0.2001	0.59326	0.06049	0.14615
V67	0.15646	0.32724	0.40838	0.10792
V68	0.17736	0.18848	0.0763	0.55787
V69	0.07249	0.31348	0.47547	0.13856
V70	0.41343	0.19943	0.18575	0.20139
V71	0.1751	0.14063	0.31972	0.36455
V72	0.4386	0.20246	0.12281	0.23613
V73	0.15947	0.53121	0.14903	0.16028
V74	0.09303	0.24921	0.56066	0.0971
V75	0.54396	0.0685	0.19967	0.18787
V76	0.0709	0.21636	0.18542	0.52732
V77	0.09751	0.29742	0.06204	0.54303
V78	0.26327	0.1722	0.19052	0.37401
V79	0.05541	0.15816	0.6147	0.17173
V80	0.28869	0.09071	0.44442	0.17618
V81	0.09344	0.20369	0.59751	0.10537
V82	0.05261	0.13012	0.70689	0.11038
V83	0.16051	0.21676	0.11133	0.5114
V84	0.3229	0.1124	0.17897	0.38573
V85	0.13018	0.32184	0.32811	0.21987
V86	0.08719	0.11917	0.65518	0.13846
V87	0.07959	0.68571	0.09111	0.14359
V88	0.17983	0.13009	0.24743	0.44264
V89	0.08966	0.09431	0.20449	0.61154
V90	0.07393	0.73367	0.09187	0.10053
V91	0.08016	0.62156	0.18225	0.11603
V92	0.36071	0.09393	0.33441	0.21095
V93	0.69008	0.06996	0.04348	0.19647
V94	0.07833	0.41522	0.068	0.43845
V95	0.22427	0.40622	0.16334	0.20616
V96	0.1249	0.15297	0.08218	0.63994
V97	0.5259	0.15958	0.20646	0.10806
V98	0.53354	0.31537	0.04016	0.11092
V99	0.61738	0.10468	0.16513	0.11281
V100	0.10647	0.10539	0.66277	0.12537
V101	0.0953	0.09507	0.06896	0.74067
V102	0.72453	0.10335	0.04908	0.12304
V103	0.08901	0.11093	0.1298	0.67026
V104	0.07606	0.78166	0.05083	0.09145
V105	0.09367	0.7574	0.05669	0.09223
V106	0.13498	0.46082	0.27703	0.12717
V107	0.17934	0.23539	0.44362	0.14165
V108	0.15696	0.63944	0.11597	0.08763
V109	0.06807	0.20862	0.4608	0.26251
V110	0.09437	0.72076	0.07758	0.10729
V111	0.7186	0.05815	0.1064	0.11685
V112	0.15306	0.13519	0.35544	0.35631
V113	0.19398	0.16518	0.18562	0.45521
V114	0.23377	0.11329	0.11951	0.53343
V115	0.05869	0.63455	0.21211	0.09465
V116	0.15422	0.32015	0.3063	0.21932
V117	0.51298	0.27834	0.07107	0.13761
V118	0.1698	0.50824	0.07366	0.24831
V119	0.1539	0.13893	0.09699	0.61018
V120	0.10589	0.1346	0.64292	0.11659
V121	0.45354	0.17923	0.12262	0.24461
V122	0.7589	0.06037	0.05565	0.12508
V123	0.06837	0.46231	0.08712	0.3822
V124	0.50482	0.30712	0.03831	0.14975
V125	0.3094	0.39934	0.17702	0.11423
V126	0.10333	0.19389	0.09555	0.60722
V127	0.18013	0.12055	0.242	0.45733
V128	0.10049	0.09122	0.14265	0.66565
V129	0.43842	0.26273	0.16989	0.12897
V130	0.05772	0.56353	0.28294	0.09582
V131	0.07223	0.73261	0.04547	0.14969
V132	0.73428	0.06074	0.07157	0.13341
V133	0.71082	0.07272	0.09284	0.12362
V134	0.13728	0.37535	0.14674	0.34063
V135	0.12946	0.09864	0.18924	0.58267
V136	0.22267	0.38396	0.05791	0.33547
V137	0.49632	0.10317	0.23582	0.16469
V138	0.19786	0.38527	0.17726	0.23961
V139	0.28713	0.24462	0.19333	0.27491
V140	0.10054	0.14857	0.10007	0.65082
V141	0.10332	0.2072	0.42572	0.26375
V142	0.6183	0.06664	0.20945	0.10562
V143	0.33757	0.28538	0.10329	0.27375
V144	0.1789	0.205	0.17704	0.43906
V145	0.05393	0.64112	0.21077	0.09418
V146	0.11784	0.08811	0.08704	0.70701
V147	0.71157	0.07711	0.06368	0.14764
V148	0.14676	0.14366	0.45651	0.25306
V149	0.22901	0.46893	0.20384	0.09822
V150	0.11332	0.26823	0.45763	0.16082
V151	0.19502	0.5457	0.07157	0.18771
V152	0.20921	0.4176	0.20128	0.17191
V153	0.12921	0.63099	0.06123	0.17856
V154	0.21536	0.42446	0.23859	0.12158
V155	0.36607	0.19567	0.2577	0.18055
V156	0.08048	0.19456	0.52959	0.19536
V157	0.25716	0.20933	0.27278	0.26074
V158	0.0952	0.08311	0.08096	0.74073
V159	0.68875	0.11704	0.04137	0.15284
V160	0.5323	0.0724	0.10433	0.29097
V161	0.21568	0.083	0.08571	0.61561
V162	0.11359	0.31102	0.11607	0.45931
V163	0.1251	0.44683	0.17116	0.25692
V164	0.27909	0.32062	0.12904	0.27126
V165	0.08169	0.2826	0.0551	0.58061
V166	0.08649	0.15659	0.11239	0.64453
V167	0.30525	0.06858	0.06235	0.56383
V168	0.24301	0.50833	0.10789	0.14078
V169	0.20063	0.12107	0.09056	0.58774
V170	0.1364	0.10205	0.42437	0.33718
V171	0.14192	0.26727	0.45757	0.13323
V172	0.55572	0.07069	0.26037	0.11322
V173	0.09785	0.19302	0.09105	0.61808
V174	0.08814	0.21099	0.11537	0.5855
V175	0.10135	0.09473	0.60429	0.19963
V176	0.05931	0.67672	0.17019	0.09378
V177	0.06084	0.79263	0.04635	0.10019
V178	0.06278	0.64222	0.05263	0.24238
V179	0.17738	0.09123	0.32921	0.40218
V180	0.07434	0.73332	0.10584	0.08649
V181	0.16742	0.18838	0.42649	0.21772
V182	0.2513	0.2251	0.37417	0.14943
V183	0.17855	0.67866	0.0495	0.09329
V184	0.78492	0.05423	0.0503	0.11055
V185	0.4428	0.40394	0.05219	0.10107
V186	0.13756	0.43958	0.23303	0.18983
V187	0.74972	0.06175	0.07094	0.11759
V188	0.11452	0.25906	0.05524	0.57118
V189	0.62738	0.08306	0.05892	0.23064
V190	0.50981	0.08144	0.29628	0.11246
V191	0.17872	0.24275	0.44447	0.13407
V192	0.25415	0.43524	0.08457	0.22604
V193	0.46136	0.10365	0.22975	0.20525
V194	0.08105	0.76083	0.05132	0.1068
V195	0.05827	0.10865	0.7222	0.11087
V196	0.09156	0.13226	0.07339	0.70279
V197	0.33998	0.11308	0.07914	0.4678
V198	0.0988	0.45439	0.30483	0.14198
V199	0.18367	0.10359	0.18734	0.52539
V200	0.14789	0.49973	0.06315	0.28923
V201	0.12352	0.49272	0.18114	0.20262
V202	0.06661	0.10289	0.59748	0.23301
V203	0.16481	0.40338	0.31815	0.11366
V204	0.06899	0.47995	0.05718	0.39387
V205	0.06537	0.12843	0.68772	0.11848
V206	0.08707	0.15901	0.64688	0.10704
V207	0.16074	0.23133	0.09739	0.51054
V208	0.22139	0.13508	0.52704	0.11649
V209	0.25285	0.43343	0.10136	0.21236
V210	0.11244	0.64095	0.11703	0.12959
V211	0.34857	0.0836	0.08464	0.4832
V212	0.39539	0.1115	0.36794	0.12517
V213	0.48608	0.09783	0.13975	0.27634
V214	0.27564	0.2118	0.17434	0.33822
V215	0.26021	0.15783	0.07069	0.51126
V216	0.10702	0.08193	0.08031	0.73074
V217	0.08968	0.44921	0.21143	0.24968
V218	0.12602	0.41632	0.1721	0.28556
V219	0.13318	0.54989	0.05775	0.25918
V220	0.06297	0.68385	0.05139	0.20179
V221	0.62714	0.06421	0.04979	0.25886
V222	0.26353	0.1928	0.31022	0.23344
V223	0.05564	0.19628	0.58481	0.16328
V224	0.77414	0.05396	0.06174	0.11016
V225	0.09466	0.72049	0.09283	0.09202
V226	0.2571	0.1497	0.47761	0.11559
V227	0.61014	0.06723	0.20039	0.12225
V228	0.5859	0.12427	0.10374	0.18609
V229	0.06546	0.10757	0.70125	0.12572
V230	0.09398	0.09621	0.08121	0.7286
V231	0.08298	0.29564	0.13837	0.483
V232	0.09186	0.56328	0.04615	0.29872
V233	0.43102	0.1525	0.19965	0.21683
V234	0.08033	0.74826	0.07073	0.10069
V235	0.30077	0.12969	0.43629	0.13325
V236	0.08574	0.14203	0.60736	0.16487
V237	0.18275	0.08334	0.08912	0.64478
V238	0.14431	0.4917	0.23061	0.13338
V239	0.11233	0.3852	0.06776	0.43471
V240	0.38042	0.10922	0.36211	0.14826
V241	0.06512	0.09959	0.6753	0.15999
V242	0.14383	0.64081	0.11598	0.09938
V243	0.21577	0.11769	0.49984	0.1667
V244	0.19454	0.08844	0.5424	0.17462
V245	0.45256	0.31116	0.08723	0.14904
V246	0.09234	0.20297	0.5837	0.12099
V247	0.16521	0.10222	0.63094	0.10163
V248	0.09809	0.10379	0.09798	0.70014
V249	0.05138	0.12107	0.66789	0.15966
V250	0.59459	0.06841	0.22247	0.11454
V251	0.74146	0.09429	0.04914	0.11512
V252	0.0595	0.69627	0.15691	0.08732
V253	0.30014	0.13958	0.17663	0.38366
V254	0.0602	0.76022	0.08693	0.09265
V255	0.08717	0.74754	0.04444	0.12085
V256	0.17322	0.25042	0.40804	0.16833
V257	0.33298	0.16521	0.22262	0.27919
V258	0.1739	0.29002	0.34175	0.19433
V259	0.07958	0.30541	0.48261	0.13241
V260	0.05236	0.30126	0.54423	0.10215
V261	0.46966	0.10183	0.20135	0.22716
V262	0.14304	0.12136	0.07705	0.65854
V263	0.06805	0.77921	0.04637	0.10637
V264	0.17431	0.11714	0.35681	0.35174
V265	0.10045	0.0853	0.16051	0.65374
V266	0.50327	0.35567	0.04554	0.09552
V267	0.06505	0.22699	0.25346	0.4545
V268	0.31635	0.09684	0.16559	0.42122
V269	0.05537	0.49153	0.31808	0.13502
V270	0.48947	0.0966	0.23571	0.17823
V271	0.60987	0.12218	0.07412	0.19383
V272	0.09417	0.67969	0.05609	0.17006
V273	0.11701	0.09532	0.09241	0.69526
V274	0.53784	0.06895	0.19289	0.20033
V275	0.05302	0.10932	0.72698	0.11068
V276	0.38683	0.34326	0.05321	0.2167
V277	0.09351	0.2458	0.17213	0.48856
V278	0.0942	0.13249	0.26594	0.50737
V279	0.52256	0.12068	0.1366	0.22016
V280	0.0952	0.08311	0.08096	0.74073
V281	0.41997	0.09965	0.16295	0.31742
V282	0.0924	0.14247	0.61389	0.15124
V283	0.19521	0.50842	0.09437	0.202
V284	0.07472	0.7409	0.0918	0.09258
V285	0.10068	0.09998	0.6962	0.10314
V286	0.2154	0.48691	0.12861	0.16908
V287	0.1215	0.71597	0.05589	0.10665
V288	0.0684	0.30056	0.34375	0.2873
V289	0.23724	0.25662	0.34318	0.16296
V290	0.64177	0.20242	0.05339	0.10242
V291	0.37954	0.13623	0.36787	0.11635
V292	0.73448	0.05949	0.04471	0.16131
V293	0.25071	0.09346	0.5155	0.14033
V294	0.12695	0.35808	0.05273	0.46225
V295	0.08285	0.22413	0.19145	0.50157
V296	0.17345	0.1814	0.4749	0.17025
V297	0.12963	0.08274	0.11345	0.67417
V298	0.25017	0.16451	0.47005	0.11527
V299	0.11739	0.2905	0.06731	0.52479
V300	0.07394	0.10867	0.22598	0.59142
V301	0.13759	0.17569	0.49669	0.19003
V302	0.50337	0.34624	0.04068	0.10971
V303	0.05232	0.519	0.30975	0.11894
V304	0.09538	0.10813	0.56998	0.22651
V305	0.14118	0.21387	0.36657	0.27839
V306	0.61295	0.14844	0.08892	0.14969
V307	0.06767	0.77281	0.05954	0.09999
V308	0.20686	0.26442	0.25736	0.27136
V309	0.27301	0.32378	0.07008	0.33314
V310	0.11598	0.32322	0.16223	0.39857
V311	0.4037	0.44972	0.04629	0.10029
V312	0.11914	0.62222	0.15001	0.10863
V313	0.08421	0.16234	0.07784	0.6756
V314	0.07317	0.43578	0.13372	0.35733
V315	0.13943	0.53994	0.07299	0.24764
V316	0.2553	0.19346	0.3246	0.22663
V317	0.11622	0.59027	0.08058	0.21293
V318	0.08794	0.49021	0.05993	0.36192
V319	0.093	0.13429	0.64135	0.13137
V320	0.10871	0.20048	0.49525	0.19556
V321	0.49528	0.36367	0.0455	0.09556
V322	0.18922	0.32535	0.10708	0.37835
V323	0.11374	0.097	0.12885	0.66042
V324	0.49939	0.28144	0.09993	0.11924
V325	0.25667	0.55862	0.08808	0.09663
V326	0.05906	0.49382	0.11969	0.32743
V327	0.08739	0.1942	0.13779	0.58061
V328	0.08831	0.10821	0.57035	0.23313
V329	0.18076	0.17286	0.17825	0.46814
V330	0.31172	0.08614	0.29996	0.30218
V331	0.28773	0.14897	0.09045	0.47286
V332	0.08277	0.12338	0.19054	0.60331
V333	0.32774	0.14356	0.33316	0.19555
V334	0.28951	0.08863	0.31283	0.30903
V335	0.07275	0.33694	0.39861	0.1917
V336	0.1735	0.59289	0.06145	0.17216
V337	0.23595	0.38689	0.254	0.12316
V338	0.05453	0.80009	0.05325	0.09213
V339	0.1358	0.09659	0.65729	0.11032
V340	0.09521	0.26196	0.40845	0.23439
V341	0.09702	0.10478	0.10916	0.68905
V342	0.21783	0.08625	0.48782	0.20809
V343	0.76591	0.06825	0.04987	0.11597
V344	0.51674	0.19817	0.1848	0.10029
V345	0.05862	0.10835	0.72907	0.10396
V346	0.21151	0.17746	0.2523	0.35873
V347	0.10637	0.09126	0.15453	0.64785
V348	0.09447	0.55621	0.14997	0.19936
V349	0.27478	0.21813	0.32241	0.18468
V350	0.0735	0.66911	0.16942	0.08797
V351	0.07955	0.11194	0.33594	0.47258
V352	0.08593	0.10456	0.64275	0.16676
V353	0.67376	0.08008	0.07788	0.16827
V354	0.0877	0.58414	0.20428	0.12389
V355	0.23414	0.14688	0.37824	0.24073
V356	0.10067	0.09751	0.13538	0.66645
V357	0.1347	0.33508	0.24172	0.2885
V358	0.41074	0.16269	0.09131	0.33526
V359	0.43629	0.12038	0.0789	0.36443
V360	0.42005	0.41286	0.05973	0.10735
V361	0.04999	0.41852	0.43305	0.09844
V362	0.05455	0.79458	0.05879	0.09208
V363	0.17005	0.18038	0.37709	0.27249
V364	0.15909	0.1368	0.52536	0.17875
V365	0.24234	0.09689	0.06982	0.59095
V366	0.10785	0.57459	0.11113	0.20643
V367	0.43308	0.18995	0.0505	0.32646
V368	0.11451	0.60924	0.11131	0.16494
V369	0.06284	0.38094	0.45594	0.10029
V370	0.2428	0.29558	0.335	0.12663
V371	0.17977	0.61021	0.06572	0.1443
V372	0.17749	0.12604	0.14728	0.54918
V373	0.11289	0.19899	0.37581	0.31232
V374	0.60295	0.07626	0.21529	0.1055
V375	0.10441	0.11307	0.16534	0.61718
V376	0.10015	0.10483	0.13583	0.65919
V377	0.60651	0.05744	0.05642	0.27963
V378	0.0731	0.11174	0.34343	0.47173
V379	0.27658	0.23503	0.06114	0.42726
V380	0.16737	0.14466	0.19897	0.489
V381	0.55246	0.08034	0.12434	0.24286
V382	0.1064	0.11263	0.67119	0.10978
V383	0.63315	0.06558	0.09136	0.20992
V384	0.41746	0.14225	0.15287	0.28741
V385	0.65204	0.07453	0.11357	0.15986
V386	0.26054	0.09163	0.16687	0.48096
V387	0.43499	0.19925	0.19156	0.1742
V388	0.29005	0.33564	0.15876	0.21554
V389	0.32173	0.47515	0.05236	0.15077
V390	0.24402	0.28133	0.37355	0.1011
V391	0.32995	0.1631	0.06815	0.4388
V392	0.32226	0.25768	0.17314	0.24692
V393	0.2325	0.26441	0.29289	0.2102
V394	0.12966	0.25873	0.13637	0.47524
V395	0.19772	0.37954	0.1892	0.23354
V396	0.0605	0.78158	0.05121	0.10671
V397	0.58371	0.14439	0.1292	0.1427
V398	0.34252	0.19032	0.12594	0.34122
V399	0.18061	0.48791	0.15555	0.17593
V400	0.05954	0.50899	0.0969	0.33456
V401	0.07797	0.21027	0.54966	0.1621
V402	0.61267	0.21309	0.07347	0.10077
V403	0.09706	0.09865	0.11476	0.68953
V404	0.1144	0.23703	0.47312	0.17545
V405	0.21062	0.10917	0.18055	0.49967
V406	0.47707	0.27757	0.05939	0.18597
V407	0.05453	0.80009	0.05325	0.09213
V408	0.1194	0.27501	0.32338	0.28221
V409	0.08904	0.09074	0.08118	0.73904
V410	0.11574	0.70937	0.06813	0.10677
V411	0.35578	0.07265	0.05444	0.51712
V412	0.16392	0.14992	0.39902	0.28714
V413	0.09768	0.44089	0.17685	0.28458
V414	0.08065	0.45363	0.27739	0.18833
V415	0.34317	0.10619	0.22635	0.32429
V416	0.0587	0.14657	0.69262	0.10211
V417	0.30514	0.55097	0.04674	0.09715
V418	0.12026	0.16525	0.16248	0.552
V419	0.09502	0.08255	0.08814	0.73429
V420	0.05358	0.72614	0.05829	0.162
V421	0.16022	0.11979	0.52797	0.19202
V422	0.10971	0.1241	0.0727	0.69349
V423	0.10647	0.10539	0.66277	0.12537
V424	0.05782	0.13044	0.48606	0.32569
V425	0.09203	0.26876	0.45829	0.18092
V426	0.11472	0.12379	0.60218	0.15931
V427	0.106	0.38102	0.18498	0.328
V428	0.11421	0.63663	0.09136	0.15781
V429	0.0943	0.08352	0.09287	0.72931
V430	0.55956	0.21167	0.06035	0.16842
V431	0.18052	0.1067	0.37419	0.33859
V432	0.14592	0.15384	0.09691	0.60333
V433	0.09682	0.61429	0.04529	0.2436
V434	0.28138	0.14282	0.09635	0.47946
V435	0.39131	0.08589	0.14978	0.37302
V436	0.31023	0.08831	0.14556	0.4559
V437	0.21511	0.25793	0.05661	0.47034
V438	0.45409	0.20906	0.0732	0.26366
V439	0.10199	0.15288	0.07226	0.67287
V440	0.37587	0.10584	0.08331	0.43498
V441	0.10303	0.19244	0.46108	0.24345
V442	0.25567	0.34492	0.15047	0.24895
V443	0.55988	0.07029	0.12597	0.24386
V444	0.05862	0.10835	0.72907	0.10396
V445	0.46455	0.09017	0.30997	0.1353
V446	0.07928	0.67887	0.09151	0.15033
V447	0.46665	0.15877	0.18397	0.1906
V448	0.08695	0.13961	0.19474	0.5787
V449	0.42136	0.11073	0.27627	0.19164
V450	0.14962	0.70774	0.05571	0.08692
V451	0.72522	0.10359	0.0397	0.1315
V452	0.10359	0.09248	0.11394	0.68999
V453	0.60711	0.13331	0.10271	0.15687
V454	0.0537	0.7588	0.08697	0.10053
V455	0.45039	0.10376	0.28221	0.16364
V456	0.26286	0.18551	0.3248	0.22684
V457	0.08926	0.09587	0.07553	0.73934
V458	0.2349	0.25832	0.05532	0.45145
V459	0.06646	0.65195	0.11799	0.1636
V460	0.74243	0.06133	0.07111	0.12513
V461	0.11763	0.10142	0.07365	0.70729
V462	0.28315	0.27361	0.04656	0.39668
V463	0.21659	0.43661	0.16268	0.18411
V464	0.38994	0.16077	0.05286	0.39643
V465	0.31081	0.40851	0.06644	0.21424
V466	0.43746	0.2295	0.04947	0.28357
V467	0.25699	0.50822	0.10767	0.12712
V468	0.37508	0.39007	0.08826	0.14659
V469	0.07837	0.22728	0.25342	0.44093
V470	0.406	0.18484	0.18608	0.22307
V471	0.2388	0.16605	0.08491	0.51024
V472	0.26622	0.33565	0.04554	0.35259
V473	0.11994	0.48257	0.28461	0.11287
V474	0.15339	0.08022	0.14016	0.62624
V475	0.179	0.38147	0.11073	0.32881
V476	0.18137	0.09443	0.10364	0.62055
V477	0.44756	0.10852	0.21079	0.23314
V478	0.14787	0.51248	0.05114	0.2885
V479	0.06495	0.15777	0.60637	0.17091
V480	0.12129	0.31668	0.08892	0.47311
V481	0.14974	0.10266	0.63022	0.11738
V482	0.51559	0.21132	0.13386	0.13923
V483	0.15716	0.16924	0.11404	0.55956
V484	0.09605	0.13254	0.08618	0.68522
V485	0.13713	0.61619	0.05517	0.19152
V486	0.23117	0.2905	0.14451	0.33382
V487	0.12644	0.11749	0.12556	0.63051
V488	0.05062	0.09897	0.66484	0.18557
V489	0.19306	0.16725	0.52504	0.11464
V490	0.27211	0.32455	0.10449	0.29884
V491	0.33932	0.43865	0.07024	0.15179
V492	0.07307	0.68891	0.1442	0.09382
V493	0.09615	0.08201	0.07069	0.75115
V494	0.18177	0.21291	0.40924	0.19608
V495	0.20045	0.53936	0.14871	0.11148
V496	0.23444	0.59266	0.04104	0.13187
V497	0.05842	0.10236	0.72853	0.11069
V498	0.26601	0.16642	0.09592	0.47165
V499	0.46085	0.29334	0.14146	0.10434
V500	0.11914	0.18748	0.55731	0.13607
V501	0.08884	0.08356	0.09325	0.73435
V502	0.4077	0.30257	0.16297	0.12677
V503	0.19387	0.1667	0.19725	0.44218
V504	0.20682	0.59278	0.05395	0.14645
V505	0.18784	0.25748	0.22746	0.32722
V506	0.11729	0.28419	0.35754	0.24097
V507	0.4538	0.16477	0.14378	0.23766
V508	0.55968	0.21317	0.08035	0.1468
V509	0.20501	0.14042	0.40696	0.24761
V510	0.20079	0.46989	0.23145	0.09787
V511	0.09773	0.39436	0.08727	0.42064
V512	0.22621	0.12163	0.11928	0.53288
V513	0.1059	0.55092	0.19585	0.14732
V514	0.09304	0.12375	0.06918	0.71403
V515	0.57251	0.12401	0.09025	0.21323
V516	0.71148	0.13749	0.03858	0.11245
V517	0.09794	0.10841	0.23809	0.55555
V518	0.75681	0.08389	0.04328	0.11602
V519	0.07458	0.70536	0.05097	0.16909
V520	0.08017	0.09024	0.48805	0.34155
V521	0.42432	0.11399	0.32597	0.13572
V522	0.06101	0.19427	0.4471	0.29762
V523	0.28164	0.19153	0.23639	0.29044
V524	0.05746	0.64257	0.18406	0.1159
V525	0.22772	0.24492	0.07438	0.45297
V526	0.47658	0.14529	0.11119	0.26694
V527	0.19728	0.10627	0.3357	0.36074
V528	0.12227	0.70529	0.04415	0.12828
V529	0.11199	0.13888	0.2149	0.53423
V530	0.05624	0.24713	0.51543	0.18121
V531	0.06739	0.7168	0.12891	0.0869
V532	0.17687	0.33093	0.07322	0.41898
V533	0.23501	0.35247	0.15061	0.26191
V534	0.06211	0.10113	0.55063	0.28613
V535	0.43078	0.06388	0.06075	0.44459
V536	0.19236	0.08444	0.3202	0.403
V537	0.43941	0.28725	0.16346	0.10988
V538	0.35428	0.12489	0.1223	0.39852
V539	0.22427	0.40622	0.16334	0.20616
V540	0.18589	0.58686	0.10306	0.1242
V541	0.07457	0.45681	0.09863	0.37
V542	0.19094	0.19289	0.23085	0.38531
V543	0.67779	0.06257	0.05522	0.20443
V544	0.14079	0.15908	0.17924	0.52089
V545	0.29222	0.19859	0.10723	0.40196
V546	0.08733	0.72143	0.09849	0.09275
V547	0.07997	0.54779	0.2697	0.10255
V548	0.15689	0.63934	0.10984	0.09393
V549	0.26504	0.10953	0.50832	0.11711
V550	0.4519	0.09411	0.04702	0.40697
V551	0.1732	0.61836	0.07079	0.13766
V552	0.06309	0.47228	0.05745	0.40719
V553	0.19981	0.20526	0.47457	0.12037
V554	0.11336	0.14596	0.08431	0.65636
V555	0.12105	0.26623	0.2813	0.33142
V556	0.05111	0.11425	0.7022	0.13244
V557	0.62004	0.09016	0.05279	0.237
V558	0.10187	0.64596	0.06755	0.18462
V559	0.05916	0.66938	0.18339	0.08807
V560	0.52534	0.33028	0.04026	0.10412
V561	0.05302	0.10932	0.72698	0.11068
V562	0.5876	0.07024	0.14669	0.19547
V563	0.21452	0.09126	0.58432	0.1099
V564	0.09269	0.15109	0.63931	0.1169
V565	0.141	0.28948	0.30784	0.26168
V566	0.52159	0.15675	0.04826	0.27339
V567	0.20016	0.41726	0.06897	0.31361
V568	0.22816	0.08426	0.10182	0.58576
V569	0.51845	0.09072	0.04466	0.34617
V570	0.07165	0.30532	0.46993	0.1531
V571	0.62005	0.17766	0.03907	0.16322
V572	0.34229	0.08607	0.38027	0.19137
V573	0.11667	0.21418	0.06377	0.60538
V574	0.08106	0.64935	0.16894	0.10065
V575	0.08915	0.15007	0.1526	0.60818
V576	0.15817	0.67076	0.07186	0.0992
V577	0.09955	0.12333	0.21038	0.56674
V578	0.09496	0.14616	0.52043	0.23845
V579	0.05947	0.71518	0.11766	0.10769
V580	0.17382	0.08767	0.14384	0.59468
V581	0.12112	0.13691	0.06639	0.67558
V582	0.43258	0.20068	0.07485	0.2919
V583	0.06479	0.13056	0.46457	0.34008
V584	0.38551	0.21134	0.26528	0.13788
V585	0.07207	0.09673	0.37265	0.45854
V586	0.20845	0.09426	0.5156	0.18169
V587	0.22878	0.0971	0.54129	0.13283
V588	0.47309	0.1095	0.07271	0.3447
V589	0.09329	0.66313	0.0993	0.14428
V590	0.08841	0.63372	0.18324	0.09464
V591	0.07708	0.11621	0.20406	0.60264
V592	0.15824	0.1166	0.62409	0.10108
V593	0.44362	0.07146	0.19483	0.29009
V594	0.26496	0.30985	0.28378	0.14141
V595	0.09997	0.09592	0.08084	0.72327
V596	0.08915	0.30359	0.20864	0.39862
V597	0.05159	0.50402	0.28411	0.16028
V598	0.06477	0.18225	0.63669	0.11628
V599	0.46795	0.33576	0.07005	0.12625
V600	0.28091	0.43937	0.0874	0.19232
V601	0.16943	0.29551	0.1143	0.42076
V602	0.10065	0.09521	0.07516	0.72898
V603	0.07519	0.35954	0.06556	0.49971
V604	0.38577	0.18168	0.30045	0.13211
V605	0.10348	0.33624	0.3213	0.23898
V606	0.5395	0.20316	0.05492	0.20242
V607	0.48751	0.08447	0.1381	0.28992
V608	0.1991	0.21876	0.31672	0.26543
V609	0.08451	0.27257	0.21643	0.42649
V610	0.57336	0.08751	0.12515	0.21398
V611	0.25589	0.08189	0.1005	0.56172
V612	0.07274	0.16508	0.60511	0.15707
V613	0.0788	0.33519	0.45434	0.13167
V614	0.56528	0.12396	0.09037	0.22039
V615	0.16262	0.1202	0.06942	0.64776
V616	0.1086	0.59087	0.08107	0.21947
V617	0.36382	0.21648	0.32286	0.09684
V618	0.55362	0.06838	0.0448	0.3332
V619	0.30429	0.10723	0.28661	0.30188
V620	0.05772	0.56353	0.28294	0.09582
V621	0.32568	0.21135	0.17902	0.28395
V622	0.27926	0.26387	0.32843	0.12844
V623	0.08859	0.14458	0.16424	0.60258
V624	0.60385	0.23602	0.0384	0.12173
V625	0.22383	0.45032	0.12106	0.20479
V626	0.75651	0.07515	0.04383	0.1245
V627	0.08574	0.09909	0.11539	0.69978
V628	0.07542	0.25144	0.07318	0.59995
V629	0.1431	0.31143	0.24322	0.30225
V630	0.07903	0.33549	0.44758	0.1379
V631	0.08553	0.23405	0.13419	0.54623
V632	0.44315	0.06999	0.16169	0.32516
V633	0.05125	0.11905	0.63056	0.19914
V634	0.30883	0.29431	0.29339	0.10347
V635	0.07606	0.62916	0.05221	0.24257
V636	0.13744	0.17564	0.48975	0.19717
V637	0.25506	0.24062	0.12016	0.38416
V638	0.29421	0.28559	0.10525	0.31495
V639	0.22786	0.40847	0.2713	0.09237
V640	0.07872	0.21067	0.56786	0.14275
V641	0.67498	0.0964	0.06885	0.15978
V642	0.57443	0.21778	0.03941	0.16838
V643	0.06492	0.2392	0.35925	0.33662
V644	0.70264	0.12835	0.04703	0.12198
V645	0.22171	0.39349	0.26997	0.11483
V646	0.06139	0.79473	0.05182	0.09206
V647	0.14954	0.16103	0.53824	0.15119
V648	0.31509	0.41202	0.14953	0.12336
V649	0.07283	0.14371	0.63229	0.15117
V650	0.09191	0.1642	0.58659	0.1573
V651	0.25771	0.08743	0.54341	0.11145
V652	0.12282	0.16721	0.35504	0.35493
V653	0.13784	0.5603	0.12192	0.17994
V654	0.51452	0.24002	0.09344	0.15203
V655	0.08709	0.49892	0.06521	0.34878
V656	0.19926	0.29056	0.06199	0.44819
V657	0.09775	0.13277	0.07249	0.69699
V658	0.44241	0.24952	0.09479	0.21328
V659	0.26498	0.16262	0.30945	0.26295
V660	0.07429	0.77344	0.04563	0.10664
V661	0.10336	0.39546	0.09344	0.40774
V662	0.31935	0.09575	0.39459	0.19031
V663	0.20945	0.15019	0.44845	0.1919
V664	0.18642	0.14346	0.52492	0.1452
V665	0.50795	0.23096	0.08026	0.18084
V666	0.44412	0.06889	0.13427	0.35271
V667	0.58636	0.13054	0.17889	0.10421
V668	0.13433	0.668	0.11055	0.08712
V669	0.20235	0.3936	0.2253	0.17875
V670	0.10827	0.74047	0.0447	0.10656
V671	0.28124	0.30889	0.23366	0.17621
V672	0.06463	0.11335	0.68951	0.13252
V673	0.20453	0.36414	0.21158	0.21975
V674	0.53308	0.19628	0.06124	0.2094
V675	0.14866	0.33475	0.27019	0.2464
V676	0.0947	0.1725	0.13817	0.59462
V677	0.29594	0.38845	0.12155	0.19406
V678	0.39595	0.45152	0.05192	0.10061
V679	0.08584	0.32177	0.48397	0.10842
V680	0.25049	0.48934	0.14936	0.11081
V681	0.6886	0.11846	0.05465	0.1383
V682	0.12611	0.31204	0.42945	0.1324
V683	0.0614	0.79329	0.0593	0.086
V684	0.51618	0.21006	0.12057	0.15318
V685	0.36874	0.34892	0.14174	0.1406
V686	0.12999	0.22931	0.16394	0.47676
V687	0.1005	0.08958	0.08026	0.72966
V688	0.2939	0.46612	0.04222	0.19777
V689	0.23608	0.07421	0.09748	0.59222
V690	0.35801	0.11866	0.36206	0.16127
V691	0.15766	0.09436	0.63796	0.11002
V692	0.10591	0.20176	0.53598	0.15635
V693	0.20825	0.17911	0.30958	0.30306
V694	0.07846	0.10903	0.26667	0.54584
V695	0.22552	0.08618	0.17416	0.51414
V696	0.12672	0.14577	0.07486	0.65265
V697	0.09309	0.11616	0.07507	0.71569
V698	0.62774	0.06435	0.05551	0.25239
V699	0.41563	0.30591	0.10094	0.17752
V700	0.22245	0.09677	0.06518	0.6156
V701	0.13285	0.46738	0.12963	0.27014
V702	0.41139	0.14396	0.0608	0.38385
V703	0.15103	0.13528	0.39177	0.32193
V704	0.61683	0.10589	0.06966	0.20762
V705	0.75092	0.05433	0.05524	0.13951
V706	0.10684	0.13224	0.58834	0.17258
V707	0.07934	0.40161	0.38928	0.12977
V708	0.0802	0.70746	0.06227	0.15007
V709	0.14349	0.2897	0.4064	0.16042
V710	0.4422	0.24898	0.08877	0.22005
V711	0.11303	0.65463	0.11668	0.11566
V712	0.61832	0.11195	0.04756	0.22217
V713	0.32999	0.31636	0.07415	0.2795
V714	0.06548	0.56508	0.06462	0.30482
V715	0.24441	0.34133	0.26096	0.15329
V716	0.10398	0.10974	0.09779	0.68849
V717	0.10849	0.74692	0.04433	0.10025
V718	0.15299	0.4904	0.17454	0.18207
V719	0.09761	0.58979	0.07395	0.23865
V720	0.5284	0.07048	0.22862	0.1725
V721	0.14024	0.22006	0.37557	0.26414
V722	0.1282	0.33722	0.06367	0.47092
V723	0.14815	0.14423	0.06768	0.63995
V724	0.43602	0.0972	0.12182	0.34495
V725	0.05082	0.16678	0.65189	0.13051
V726	0.0899	0.3668	0.14225	0.40105
V727	0.2278	0.56053	0.11545	0.09622
V728	0.07446	0.71576	0.11674	0.09303
V729	0.32395	0.08936	0.17955	0.40714
V730	0.6871	0.08985	0.08546	0.13759
V731	0.08032	0.24514	0.32422	0.35032
V732	0.27926	0.15418	0.30294	0.26363
V733	0.47378	0.23282	0.0717	0.22171
V734	0.20716	0.32004	0.37204	0.10075
V735	0.07682	0.11293	0.39338	0.41687
V736	0.17113	0.08449	0.07052	0.67386
V737	0.26178	0.30925	0.21904	0.20993
V738	0.10888	0.33666	0.35539	0.19907
V739	0.0595	0.09806	0.481	0.36144
V740	0.63501	0.14148	0.1031	0.12042
V741	0.3655	0.1674	0.14609	0.32101
V742	0.31968	0.53678	0.05263	0.09091
V743	0.14161	0.20127	0.53596	0.12115
V744	0.39126	0.11276	0.29849	0.19748
V745	0.06588	0.57859	0.1762	0.17933
V746	0.78368	0.05361	0.04517	0.11754
V747	0.09675	0.09213	0.55011	0.26101
V748	0.13899	0.17518	0.45493	0.2309
V749	0.24261	0.22253	0.09403	0.44083
V750	0.31639	0.43031	0.06016	0.19315
V751	0.0861	0.70159	0.07672	0.1356
V752	0.34482	0.26537	0.14962	0.24019
V753	0.09564	0.08916	0.06897	0.74623
V754	0.0615	0.75156	0.04612	0.14081
V755	0.15814	0.2422	0.28754	0.31212
V756	0.0991	0.09122	0.09735	0.71233
V757	0.27075	0.5147	0.09494	0.11961
V758	0.08659	0.62503	0.13674	0.15164
V759	0.14766	0.14208	0.33333	0.37693
V760	0.24823	0.13595	0.25355	0.36228
V761	0.09988	0.50086	0.23816	0.16111
V762	0.06857	0.36706	0.06531	0.49906
V763	0.29969	0.35472	0.0684	0.27718
V764	0.06133	0.74599	0.05167	0.14101
V765	0.50047	0.14896	0.0419	0.30867
V766	0.06758	0.33054	0.34995	0.25193
V767	0.36159	0.18836	0.22755	0.22249
V768	0.09296	0.73675	0.06257	0.10772
V769	0.15129	0.68355	0.06627	0.0989
V770	0.06139	0.79473	0.05182	0.09206
V771	0.16408	0.10154	0.61723	0.11716
V772	0.14261	0.1247	0.62344	0.10925
V773	0.16507	0.68597	0.05005	0.0989
V774	0.06521	0.10101	0.7011	0.13268
V775	0.14581	0.12284	0.25545	0.4759
V776	0.32439	0.40016	0.08816	0.1873
V777	0.18109	0.17866	0.15914	0.48111
V778	0.39515	0.29882	0.10147	0.20456
V779	0.17185	0.12525	0.40036	0.30254
V780	0.12802	0.64231	0.14187	0.0878
V781	0.11064	0.10158	0.08741	0.70036
V782	0.05597	0.18867	0.59851	0.15686
V783	0.58862	0.08502	0.0906	0.23576
V784	0.12837	0.72389	0.0554	0.09234
V785	0.0811	0.75482	0.05707	0.10701
V786	0.53029	0.20915	0.1143	0.14626
V787	0.05406	0.68955	0.16268	0.09372
V788	0.3767	0.3185	0.16343	0.14137
V789	0.1144	0.35485	0.07465	0.45609
V790	0.35465	0.10044	0.1171	0.4278
V791	0.14663	0.36619	0.27522	0.21197
V792	0.14931	0.47598	0.05148	0.32323
V793	0.1389	0.55462	0.07242	0.23406
V794	0.0857	0.15691	0.59336	0.16403
V795	0.14855	0.11604	0.10415	0.63127
V796	0.07306	0.15841	0.64544	0.12308
V797	0.57993	0.07013	0.228	0.12194
V798	0.4611	0.3149	0.10709	0.11691
V799	0.14445	0.63706	0.06688	0.1516
V800	0.1093	0.11297	0.41434	0.36339
V801	0.15451	0.18633	0.28334	0.37582
V802	0.09443	0.15669	0.24855	0.50033
V803	0.20021	0.47072	0.23853	0.09054
V804	0.39673	0.09325	0.34034	0.16968
V805	0.05877	0.10266	0.73463	0.10394
V806	0.08735	0.73434	0.0573	0.12101
V807	0.22981	0.2046	0.0841	0.48149
V808	0.48905	0.29386	0.08057	0.13652
V809	0.08054	0.12168	0.69513	0.10264
V810	0.06136	0.80061	0.04624	0.09178
V811	0.32687	0.14881	0.20245	0.32186
V812	0.40285	0.28887	0.08948	0.21879
V813	0.43965	0.24095	0.18912	0.13028
V814	0.33719	0.48361	0.08069	0.09851
V815	0.05392	0.74748	0.10576	0.09283
V816	0.73487	0.05748	0.09863	0.10903
V817	0.07315	0.15164	0.65787	0.11734
V818	0.08545	0.11829	0.09234	0.70391
V819	0.62036	0.14029	0.08937	0.14998
V820	0.15965	0.1581	0.08057	0.60167
V821	0.19384	0.32681	0.3191	0.16025
V822	0.09993	0.11176	0.66322	0.12509
V823	0.07412	0.23887	0.51281	0.1742
V824	0.11362	0.36617	0.42749	0.09272
V825	0.19964	0.31165	0.22584	0.26287
V826	0.33062	0.39799	0.16418	0.1072
V827	0.29914	0.52881	0.05237	0.11968
V828	0.20718	0.21834	0.13486	0.43962
V829	0.09779	0.26914	0.08725	0.54582
V830	0.207	0.26019	0.07579	0.45702
V831	0.57197	0.14896	0.07374	0.20532
V832	0.22529	0.38447	0.17033	0.21991
V833	0.15409	0.45459	0.17502	0.2163
V834	0.25241	0.14503	0.11721	0.48535
V835	0.28052	0.42	0.13429	0.16519
V836	0.06545	0.57032	0.0532	0.31103
V837	0.19841	0.37112	0.18312	0.24735
V838	0.71768	0.09568	0.07207	0.11458
V839	0.2497	0.5319	0.12183	0.09658
V840	0.24776	0.61585	0.04761	0.08879
V841	0.0504	0.12801	0.66942	0.15217
V842	0.2797	0.22444	0.23467	0.26119
V843	0.06405	0.1112	0.65754	0.16721
V844	0.13875	0.16514	0.31991	0.3762
V845	0.09846	0.17992	0.56464	0.15698
V846	0.0542	0.10344	0.58301	0.25935
V847	0.09045	0.08288	0.07552	0.75115
V848	0.11737	0.45508	0.17094	0.25662
V849	0.05306	0.77498	0.05168	0.12028
V850	0.76529	0.05412	0.05556	0.12503
V851	0.27197	0.48229	0.15566	0.09009
V852	0.14445	0.12693	0.15611	0.5725
V853	0.20995	0.26557	0.32891	0.19556
V854	0.43641	0.22142	0.12778	0.21439
V855	0.09045	0.08288	0.07552	0.75115
V856	0.08833	0.35116	0.29437	0.26615
V857	0.49634	0.22347	0.07145	0.20874
V858	0.42429	0.08407	0.38044	0.1112
V859	0.48465	0.26973	0.05948	0.18614
V860	0.19066	0.17561	0.09841	0.53532
V861	0.11355	0.35107	0.42789	0.10749
V862	0.14217	0.16151	0.55174	0.14459
V863	0.20173	0.12521	0.06029	0.61278
V864	0.12104	0.11015	0.10152	0.66729
V865	0.14792	0.09206	0.24962	0.51041
V866	0.54934	0.08824	0.24138	0.12104
V867	0.55037	0.09675	0.24145	0.11143
V868	0.3785	0.30289	0.14777	0.17084
V869	0.06843	0.78941	0.05077	0.09139
V870	0.13545	0.33832	0.06862	0.45761
V871	0.05306	0.77498	0.05168	0.12028
V872	0.08038	0.10216	0.23801	0.57945
V873	0.67272	0.09025	0.09122	0.14581
V874	0.18596	0.66127	0.06554	0.08723
V875	0.08179	0.24009	0.19736	0.48076
V876	0.15922	0.33523	0.3332	0.17235
V877	0.0892	0.38192	0.2563	0.27257
V878	0.14345	0.67233	0.09727	0.08694
V879	0.17998	0.58172	0.07906	0.15924
V880	0.25164	0.48942	0.04855	0.21039
V881	0.15503	0.12706	0.47119	0.24673
V882	0.60266	0.06304	0.15312	0.18119
V883	0.23509	0.24185	0.42594	0.09713
V884	0.08665	0.29029	0.0548	0.56826
V885	0.5368	0.25033	0.11349	0.09937
V886	0.06465	0.3587	0.37201	0.20464
V887	0.4687	0.13436	0.17128	0.22566
V888	0.1223	0.13088	0.56764	0.17918
V889	0.70296	0.1044	0.06306	0.12957
V890	0.08177	0.20823	0.47491	0.23509
V891	0.46421	0.12036	0.26706	0.14837
V892	0.2426	0.22632	0.06372	0.46735
V893	0.42541	0.25506	0.16258	0.15695
V894	0.09848	0.32083	0.44853	0.13217
V895	0.43915	0.13619	0.19991	0.22476
V896	0.08105	0.76083	0.05132	0.1068
V897	0.5123	0.28298	0.04753	0.15719
V898	0.37194	0.06572	0.05838	0.50396
V899	0.08948	0.2361	0.15959	0.51482
V900	0.11145	0.31282	0.30162	0.27411
V901	0.08153	0.67786	0.05125	0.18936
V902	0.0871	0.73438	0.08589	0.09263
V903	0.05371	0.39611	0.41334	0.13684
V904	0.06866	0.79434	0.04591	0.09109
V905	0.17201	0.08231	0.18778	0.55791
V906	0.31496	0.16107	0.13364	0.39033
V907	0.32915	0.46802	0.05988	0.14295
V908	0.08993	0.11952	0.11369	0.67686
V909	0.14348	0.66278	0.04297	0.15078
V910	0.18	0.08004	0.15054	0.58942
V911	0.38386	0.38425	0.07126	0.16063
V912	0.29847	0.33683	0.1422	0.2225
V913	0.1524	0.07855	0.07229	0.69676
V914	0.17251	0.44663	0.25357	0.12729
V915	0.2175	0.07322	0.06671	0.64257
V916	0.21422	0.13508	0.50536	0.14534
V917	0.52757	0.09886	0.17995	0.19361
V918	0.08757	0.53447	0.21119	0.16678
V919	0.18555	0.27269	0.25762	0.28413
V920	0.44884	0.24337	0.12144	0.18635
V921	0.09687	0.20743	0.08463	0.61107
V922	0.11849	0.42578	0.31938	0.13635
V923	0.12962	0.09562	0.09635	0.67841
V924	0.07943	0.56221	0.24073	0.11763
V925	0.18913	0.1056	0.07324	0.63202
V926	0.2018	0.09835	0.08567	0.61418
V927	0.09721	0.11072	0.10275	0.68931
V928	0.08588	0.72168	0.0505	0.14195
V929	0.09561	0.53968	0.14437	0.22034
V930	0.37747	0.36866	0.07159	0.18228
V931	0.1435	0.29699	0.39919	0.16032
V932	0.08351	0.18384	0.46889	0.26376
V933	0.45078	0.38886	0.05262	0.10774
V934	0.07279	0.21059	0.24822	0.4684
V935	0.41138	0.2187	0.20361	0.16631
V936	0.38959	0.29711	0.06084	0.25246
V937	0.40218	0.18707	0.11875	0.29199
V938	0.2962	0.12507	0.27821	0.30052
V939	0.55973	0.08674	0.11085	0.24268
V940	0.07271	0.64696	0.15728	0.12305
V941	0.0532	0.10283	0.73321	0.11076
V942	0.54515	0.23217	0.10108	0.12161
V943	0.30278	0.19275	0.35301	0.15147
V944	0.08462	0.28663	0.10469	0.52406
V945	0.41424	0.35745	0.05248	0.17583
V946	0.33835	0.29264	0.2335	0.13551
V947	0.12616	0.13108	0.22112	0.52164
V948	0.27208	0.10958	0.49396	0.12438
V949	0.07204	0.17841	0.20129	0.54827
V950	0.09555	0.47222	0.19648	0.23575
V951	0.631	0.08129	0.17313	0.11458
V952	0.1134	0.19489	0.24003	0.45168
V953	0.06465	0.13729	0.66643	0.13162
V954	0.09539	0.22876	0.15982	0.51603
V955	0.13986	0.51597	0.06867	0.2755
V956	0.08797	0.11294	0.41574	0.38336
V957	0.28408	0.08584	0.05564	0.57444
V958	0.09615	0.08201	0.07069	0.75115
V959	0.20117	0.2884	0.34926	0.16116
V960	0.21012	0.29606	0.11377	0.38004
V961	0.14423	0.37149	0.29228	0.192
V962	0.28074	0.22487	0.32994	0.16445
V963	0.43383	0.22268	0.17013	0.17336
V964	0.63005	0.09434	0.13043	0.14517
V965	0.09719	0.44938	0.18278	0.27064
V966	0.75786	0.06825	0.04906	0.12484
V967	0.10081	0.1288	0.422	0.3484
V968	0.04959	0.21116	0.58324	0.156
V969	0.07841	0.29989	0.08587	0.53584
V970	0.08835	0.19184	0.3467	0.3731
V971	0.37253	0.15769	0.29492	0.17485
V972	0.37767	0.24373	0.08904	0.28956
V973	0.22669	0.39642	0.1095	0.2674
V974	0.05908	0.63978	0.14392	0.15722
V975	0.12073	0.30697	0.47034	0.10196
V976	0.32997	0.28092	0.13629	0.25282
V977	0.2577	0.35642	0.28551	0.10037
V978	0.11738	0.1559	0.11068	0.61604
V979	0.60951	0.08513	0.19134	0.11402
V980	0.78368	0.05361	0.04517	0.11754
V981	0.27144	0.11325	0.36456	0.25075
V982	0.3311	0.38556	0.10884	0.1745
V983	0.52392	0.12406	0.04868	0.30334
V984	0.06694	0.68169	0.12876	0.12262
V985	0.122	0.22954	0.06224	0.58621
V986	0.25885	0.46968	0.08762	0.18385
V987	0.21333	0.63541	0.04193	0.10934
V988	0.20943	0.09053	0.07215	0.62788
V989	0.33882	0.44026	0.10797	0.11294
V990	0.05091	0.13358	0.60337	0.21214
V991	0.48793	0.36304	0.04011	0.10892
V992	0.19243	0.09197	0.42504	0.29056
V993	0.09902	0.60095	0.16933	0.13071
V994	0.17962	0.65443	0.06605	0.0999
V995	0.54163	0.16677	0.07355	0.21804
V996	0.23877	0.18066	0.06429	0.51628
V997	0.06563	0.10469	0.63039	0.19928
V998	0.6597	0.07429	0.10589	0.16011
V999	0.13606	0.72875	0.04339	0.0918
V1000	0.27088	0.09302	0.05571	0.58039
