CD14.pos.CD16.neg.classical.monocyte	mature.neutrophil	memory.B.cell	cytotoxic.CD56.dim.NK.cell	memory.CD4.pos.AB.T.cell	macrophage
V1	0.1054	0.02963	0.72212	0.0175	0.05018	0.07517
V2	0.37834	0.12838	0.09686	0.11525	0.17023	0.11093
V3	0.20079	0.07339	0.25185	0.02539	0.07223	0.37635
V4	0.17563	0.3625	0.07311	0.10722	0.16904	0.1125
V5	0.03472	0.0645	0.00676	0.49828	0.35486	0.04088
V6	0.19959	0.03971	0.20603	0.05718	0.20355	0.29395
V7	0.06484	0.31816	0.03388	0.05622	0.47382	0.05309
V8	0.45619	0.07523	0.11714	0.12397	0.07814	0.14933
V9	0.21676	0.15884	0.06969	0.23682	0.11923	0.19865
V10	0.30622	0.06129	0.11198	0.2944	0.11775	0.10835
V11	0.0981	0.59189	0.07826	0.06455	0.11195	0.05524
V12	0.21229	0.04996	0.14514	0.03522	0.07646	0.48093
V13	0.09268	0.42143	0.28259	0.05649	0.08725	0.05956
V14	0.06775	0.0464	0.02675	0.67031	0.13693	0.05187
V15	0.32265	0.09341	0.07765	0.12778	0.25435	0.12415
V16	0.07179	0.03469	0.03126	0.33947	0.40193	0.12087
V17	0.19896	0.05705	0.21336	0.02549	0.0669	0.43825
V18	0.46932	0.15171	0.12466	0.05398	0.06833	0.132
V19	0.38824	0.07726	0.23394	0.03675	0.14362	0.12019
V20	0.40711	0.08561	0.16441	0.12168	0.07714	0.14404
V21	0.21491	0.05919	0.11378	0.03658	0.11077	0.46477
V22	0.14295	0.06973	0.04337	0.08462	0.57584	0.08348
V23	0.06948	0.02987	0.28984	0.0325	0.52426	0.05405
V24	0.1215	0.03752	0.03019	0.12056	0.60626	0.08398
V25	0.30232	0.24945	0.08148	0.14384	0.1212	0.10172
V26	0.19871	0.0442	0.05299	0.03349	0.59594	0.07467
V27	0.18309	0.03911	0.23338	0.03145	0.07381	0.43916
V28	0.11634	0.22484	0.17636	0.2116	0.11754	0.15333
V29	0.09612	0.46522	0.13644	0.09982	0.09003	0.11238
V30	0.18686	0.18513	0.15086	0.03443	0.26532	0.1774
V31	0.43028	0.05577	0.24705	0.05163	0.05893	0.15634
V32	0.04349	0.0392	0.29876	0.44723	0.09781	0.07351
V33	0.18758	0.33917	0.24543	0.05562	0.07517	0.09703
V34	0.0312	0.01897	0.42847	0.03731	0.42461	0.05945
V35	0.0415	0.06997	0.16458	0.44054	0.21798	0.06543
V36	0.10025	0.38954	0.13941	0.05122	0.25459	0.065
V37	0.08119	0.02602	0.67272	0.02355	0.05223	0.14429
V38	0.19868	0.03309	0.20946	0.02444	0.06575	0.46857
V39	0.37423	0.06939	0.09308	0.25026	0.08993	0.12312
V40	0.08967	0.39533	0.06039	0.15897	0.19843	0.09722
V41	0.45151	0.05897	0.13703	0.03922	0.07127	0.24201
V42	0.20391	0.03952	0.494	0.02274	0.09574	0.1441
V43	0.16225	0.32926	0.06536	0.06519	0.27889	0.09904
V44	0.10377	0.59953	0.07568	0.05998	0.09844	0.06261
V45	0.28525	0.27542	0.126	0.0581	0.09066	0.16457
V46	0.09168	0.03379	0.05128	0.24141	0.38916	0.19269
V47	0.08602	0.33564	0.04786	0.15123	0.29653	0.08272
V48	0.07658	0.47279	0.19609	0.04736	0.15679	0.05039
V49	0.09565	0.56839	0.06892	0.05696	0.15591	0.05417
V50	0.04185	0.01971	0.2348	0.0316	0.58553	0.08652
V51	0.0212	0.02361	0.00819	0.03892	0.86115	0.04692
V52	0.07964	0.43222	0.2452	0.07076	0.11231	0.05987
V53	0.11602	0.02928	0.09903	0.05216	0.64412	0.05939
V54	0.08938	0.11707	0.49042	0.06238	0.1377	0.10305
V55	0.02632	0.05221	0.1032	0.05146	0.71953	0.04727
V56	0.03762	0.04949	0.64569	0.11513	0.09696	0.0551
V57	0.16011	0.29278	0.10484	0.03918	0.19281	0.21026
V58	0.05236	0.02544	0.74803	0.03163	0.05282	0.08972
V59	0.0543	0.03879	0.0104	0.68685	0.16385	0.04581
V60	0.32327	0.04826	0.07659	0.35499	0.09812	0.09877
V61	0.24327	0.13056	0.08724	0.16218	0.13596	0.2408
V62	0.33586	0.06449	0.14486	0.12757	0.15455	0.17269
V63	0.12534	0.39355	0.08218	0.10435	0.10214	0.19244
V64	0.02999	0.10385	0.01352	0.03451	0.77281	0.04532
V65	0.35116	0.14105	0.12485	0.05417	0.10867	0.22009
V66	0.31357	0.05988	0.16868	0.04932	0.30706	0.1015
V67	0.09588	0.14179	0.289	0.22004	0.08761	0.16568
V68	0.52121	0.06665	0.13086	0.07392	0.06483	0.14254
V69	0.38292	0.06827	0.11821	0.037	0.09061	0.30299
V70	0.05286	0.03384	0.19445	0.49442	0.17268	0.05175
V71	0.08429	0.21784	0.06516	0.115	0.38666	0.13106
V72	0.37108	0.13424	0.15506	0.05439	0.12296	0.16228
V73	0.06183	0.02969	0.09054	0.6119	0.15402	0.05202
V74	0.04096	0.14401	0.02473	0.60817	0.14196	0.04016
V75	0.0865	0.59505	0.06376	0.07621	0.12601	0.05247
V76	0.04448	0.01821	0.60919	0.04263	0.22379	0.06171
V77	0.10143	0.13652	0.11419	0.44455	0.11223	0.09108
V78	0.33179	0.13116	0.1333	0.13518	0.09004	0.17853
V79	0.14204	0.41162	0.09283	0.04497	0.08374	0.2248
V80	0.13546	0.42718	0.08303	0.05259	0.09951	0.20224
V81	0.43694	0.12681	0.16751	0.05001	0.08084	0.13788
V82	0.08447	0.53938	0.06259	0.08515	0.17171	0.05671
V83	0.1238	0.14419	0.05545	0.33903	0.23506	0.10247
V84	0.23403	0.04798	0.12621	0.36521	0.1239	0.10268
V85	0.5018	0.06427	0.18456	0.04926	0.06101	0.1391
V86	0.20272	0.0588	0.16719	0.26328	0.09891	0.20909
V87	0.0347	0.04405	0.02771	0.70115	0.14216	0.05023
V88	0.11283	0.05278	0.04891	0.42597	0.16058	0.19894
V89	0.1234	0.15228	0.40999	0.03135	0.06155	0.22143
V90	0.10031	0.47892	0.15166	0.05598	0.14372	0.0694
V91	0.04812	0.03225	0.04839	0.11158	0.70095	0.05872
V92	0.03098	0.07451	0.01961	0.03943	0.78112	0.05436
V93	0.18212	0.07988	0.07338	0.10711	0.30923	0.24829
V94	0.03074	0.03283	0.22739	0.55124	0.11264	0.04516
V95	0.02576	0.02817	0.26189	0.11633	0.52167	0.04619
V96	0.09828	0.29216	0.06118	0.07523	0.33906	0.13409
V97	0.02084	0.03119	0.01401	0.08225	0.80956	0.04216
V98	0.05099	0.08718	0.01803	0.58724	0.20978	0.04678
V99	0.03098	0.0441	0.01254	0.71998	0.15097	0.04143
V100	0.04347	0.0274	0.40023	0.2365	0.21601	0.07638
V101	0.06282	0.29285	0.38373	0.11375	0.0836	0.06326
V102	0.48831	0.07025	0.1958	0.04879	0.06062	0.13623
V103	0.39814	0.07067	0.10727	0.16719	0.12416	0.13258
V104	0.04925	0.02646	0.19434	0.54492	0.12924	0.05578
V105	0.20905	0.03448	0.16953	0.02611	0.06707	0.49376
V106	0.10526	0.02144	0.55241	0.01532	0.06258	0.24299
V107	0.10873	0.471	0.23091	0.04762	0.08387	0.05787
V108	0.16286	0.05389	0.10999	0.03454	0.26342	0.37529
V109	0.17341	0.03896	0.09732	0.0266	0.24598	0.41773
V110	0.07923	0.14763	0.6029	0.02247	0.06637	0.08139
V111	0.03878	0.03276	0.76132	0.03272	0.07007	0.06435
V112	0.06615	0.26409	0.02545	0.46407	0.13243	0.04783
V113	0.0542	0.09065	0.5405	0.05296	0.19854	0.06315
V114	0.12673	0.02374	0.57149	0.14147	0.06287	0.07371
V115	0.30337	0.09077	0.10652	0.05793	0.19316	0.24825
V116	0.51206	0.0655	0.12792	0.08849	0.06585	0.14018
V117	0.33397	0.0556	0.07515	0.11239	0.3192	0.10369
V118	0.08406	0.48714	0.13457	0.07534	0.15374	0.06516
V119	0.09232	0.57081	0.07567	0.08627	0.10538	0.06955
V120	0.09671	0.17867	0.11273	0.35206	0.18808	0.07174
V121	0.25395	0.04676	0.08894	0.24753	0.08298	0.27984
V122	0.19927	0.05539	0.04771	0.47844	0.14668	0.07252
V123	0.2717	0.04764	0.0936	0.07002	0.20359	0.31345
V124	0.03078	0.02066	0.24925	0.03264	0.615	0.05166
V125	0.06894	0.13923	0.55563	0.07657	0.06377	0.09586
V126	0.17172	0.22496	0.13253	0.04149	0.08183	0.34746
V127	0.06523	0.01864	0.6842	0.09844	0.06688	0.06661
V128	0.22654	0.22649	0.14675	0.16331	0.14509	0.09182
V129	0.04115	0.03278	0.71054	0.08199	0.06642	0.06711
V130	0.32021	0.13967	0.08369	0.23293	0.11642	0.10708
V131	0.06258	0.02443	0.04544	0.0431	0.70351	0.12094
V132	0.07516	0.36308	0.34629	0.03798	0.11965	0.05785
V133	0.08205	0.17078	0.4742	0.09579	0.11691	0.06028
V134	0.15618	0.46176	0.07499	0.05842	0.16607	0.08258
V135	0.09104	0.02745	0.62977	0.01732	0.10475	0.12967
V136	0.11868	0.50636	0.11813	0.06556	0.12566	0.06561
V137	0.06449	0.14608	0.46242	0.04099	0.23213	0.05389
V138	0.13731	0.02987	0.068	0.33844	0.17598	0.25041
V139	0.09306	0.0627	0.16265	0.03396	0.44228	0.20535
V140	0.3547	0.2137	0.12815	0.10183	0.08286	0.11876
V141	0.18038	0.22926	0.14992	0.2353	0.11949	0.08565
V142	0.13556	0.50238	0.08091	0.09689	0.09437	0.08989
V143	0.08393	0.06925	0.52724	0.08552	0.15689	0.07717
V144	0.17767	0.16081	0.09993	0.12931	0.08657	0.3457
V145	0.03513	0.02982	0.0209	0.72361	0.13565	0.05488
V146	0.10187	0.03468	0.08686	0.03641	0.64538	0.0948
V147	0.32318	0.09975	0.1882	0.07242	0.0667	0.24974
V148	0.05913	0.16114	0.63348	0.02259	0.05853	0.06514
V149	0.14518	0.37481	0.081	0.06332	0.084	0.25169
V150	0.03413	0.03039	0.00619	0.72068	0.1663	0.04231
V151	0.15953	0.31846	0.0857	0.04752	0.10192	0.28687
V152	0.08944	0.20147	0.36995	0.05951	0.19071	0.0889
V153	0.03809	0.05105	0.52618	0.22768	0.10061	0.05639
V154	0.30264	0.20137	0.11163	0.03961	0.07216	0.27259
V155	0.08193	0.28528	0.10464	0.03869	0.41289	0.07656
V156	0.05741	0.36576	0.04098	0.04516	0.44602	0.04467
V157	0.13966	0.11342	0.10111	0.24221	0.10271	0.30089
V158	0.05531	0.06657	0.73755	0.01758	0.0529	0.07008
V159	0.12998	0.20544	0.29778	0.16758	0.11751	0.08171
V160	0.05788	0.01741	0.74605	0.02314	0.05073	0.1048
V161	0.06458	0.3777	0.03387	0.28334	0.19556	0.04495
V162	0.07752	0.40305	0.04225	0.13868	0.27703	0.06147
V163	0.04936	0.01803	0.79381	0.01536	0.05049	0.07296
V164	0.06326	0.28435	0.31522	0.12205	0.15759	0.05753
V165	0.05665	0.03898	0.0496	0.04413	0.70807	0.10257
V166	0.09752	0.03342	0.04151	0.14218	0.47363	0.21174
V167	0.0386	0.0227	0.35014	0.41822	0.1175	0.05284
V168	0.40376	0.06466	0.0989	0.22812	0.07943	0.12513
V169	0.05293	0.0262	0.58624	0.18765	0.07756	0.06943
V170	0.27962	0.06578	0.1436	0.26391	0.14895	0.09815
V171	0.16788	0.35712	0.09625	0.04294	0.09558	0.24022
V172	0.0986	0.07839	0.46164	0.16518	0.07824	0.11795
V173	0.06754	0.03367	0.6769	0.01564	0.06998	0.13628
V174	0.37113	0.12827	0.09612	0.04895	0.24592	0.10961
V175	0.10627	0.48251	0.1514	0.06319	0.13759	0.05904
V176	0.03703	0.01689	0.78791	0.02397	0.0684	0.0658
V177	0.1406	0.08868	0.30578	0.04818	0.22573	0.19103
V178	0.03877	0.05321	0.041	0.03078	0.77945	0.0568
V179	0.06357	0.02822	0.05631	0.5086	0.20903	0.13427
V180	0.19444	0.04222	0.20111	0.33568	0.08486	0.14169
V181	0.32526	0.13124	0.13972	0.09026	0.13546	0.17805
V182	0.05552	0.09076	0.64337	0.07482	0.06026	0.07527
V183	0.03973	0.03082	0.0136	0.73744	0.13529	0.04313
V184	0.24824	0.32381	0.08284	0.06786	0.18638	0.09087
V185	0.13085	0.39312	0.08339	0.0518	0.20166	0.13918
V186	0.03299	0.01967	0.51457	0.29308	0.08776	0.05192
V187	0.20193	0.38004	0.06906	0.06245	0.20948	0.07704
V188	0.14991	0.43429	0.08352	0.06737	0.08699	0.17792
V189	0.05898	0.07521	0.16616	0.04958	0.53283	0.11723
V190	0.07181	0.15827	0.03987	0.04846	0.55015	0.13143
V191	0.13189	0.43273	0.07701	0.0531	0.10023	0.20505
V192	0.32327	0.21182	0.15707	0.06395	0.12627	0.11762
V193	0.19856	0.12572	0.11303	0.0385	0.08075	0.44343
V194	0.03319	0.03882	0.03136	0.11914	0.72195	0.05554
V195	0.0403	0.01784	0.60771	0.09883	0.17491	0.06041
V196	0.031	0.02934	0.0262	0.69582	0.17161	0.04602
V197	0.14425	0.03192	0.05536	0.03896	0.65695	0.07256
V198	0.11161	0.31356	0.07526	0.15228	0.28117	0.06611
V199	0.05523	0.19285	0.10567	0.11376	0.48028	0.05221
V200	0.08762	0.02863	0.48518	0.2055	0.07946	0.1136
V201	0.04178	0.03031	0.00914	0.72405	0.13491	0.05981
V202	0.11054	0.07057	0.38075	0.05367	0.20007	0.1844
V203	0.34484	0.07402	0.08482	0.30147	0.08751	0.10734
V204	0.19104	0.07127	0.1237	0.15944	0.08639	0.36816
V205	0.04409	0.03342	0.77145	0.0323	0.05298	0.06576
V206	0.038	0.06471	0.10054	0.59953	0.15452	0.04271
V207	0.25159	0.17698	0.10402	0.22329	0.10879	0.13533
V208	0.25631	0.10083	0.36902	0.06899	0.11125	0.09359
V209	0.21268	0.37087	0.08248	0.07354	0.09112	0.16931
V210	0.1053	0.0382	0.71253	0.01806	0.05093	0.07498
V211	0.32534	0.07092	0.16927	0.04165	0.20676	0.18605
V212	0.05833	0.22588	0.18572	0.31915	0.15371	0.0572
V213	0.05753	0.0762	0.23215	0.05028	0.52972	0.05412
V214	0.4683	0.07712	0.13262	0.08726	0.09903	0.13567
V215	0.13027	0.46278	0.07415	0.07449	0.08932	0.16898
V216	0.12965	0.38464	0.27789	0.04893	0.09241	0.06647
V217	0.18736	0.03261	0.10313	0.09799	0.32004	0.25887
V218	0.07895	0.26547	0.03405	0.43763	0.13742	0.04647
V219	0.4785	0.06288	0.13857	0.04108	0.0711	0.20788
V220	0.08914	0.04038	0.03177	0.65367	0.12553	0.05951
V221	0.11951	0.51813	0.08732	0.10995	0.10355	0.06155
V222	0.08883	0.23122	0.06555	0.15117	0.39418	0.06905
V223	0.12611	0.2534	0.26699	0.0392	0.0926	0.2217
V224	0.03148	0.01952	0.34424	0.02305	0.53256	0.04914
V225	0.24391	0.04541	0.12859	0.03616	0.06921	0.47672
V226	0.18861	0.07315	0.21061	0.24729	0.18209	0.09825
V227	0.37756	0.0526	0.09915	0.21297	0.08597	0.17175
V228	0.12632	0.20538	0.40094	0.07511	0.09937	0.09287
V229	0.13381	0.03565	0.32467	0.22304	0.19628	0.08654
V230	0.07767	0.14735	0.6095	0.03028	0.05836	0.07683
V231	0.06051	0.04615	0.01811	0.67503	0.15376	0.04643
V232	0.27664	0.05082	0.08147	0.25617	0.09147	0.24343
V233	0.47463	0.06925	0.1348	0.09431	0.08272	0.14428
V234	0.28458	0.04352	0.06477	0.05006	0.45722	0.09985
V235	0.07867	0.03204	0.03595	0.65327	0.14199	0.05808
V236	0.08526	0.02254	0.18516	0.04025	0.51128	0.1555
V237	0.04279	0.01719	0.69403	0.10624	0.07667	0.06307
V238	0.37841	0.05031	0.13965	0.10453	0.1006	0.22651
V239	0.31859	0.06921	0.16454	0.14222	0.1799	0.12554
V240	0.04303	0.2033	0.02024	0.12817	0.5604	0.04486
V241	0.3293	0.16894	0.08859	0.17994	0.12137	0.11186
V242	0.22858	0.0761	0.11287	0.16943	0.15378	0.25924
V243	0.0712	0.31287	0.38389	0.07125	0.10395	0.05685
V244	0.13408	0.04394	0.05525	0.02942	0.54467	0.19263
V245	0.44607	0.05753	0.12944	0.03898	0.07929	0.2487
V246	0.03953	0.06108	0.19486	0.31644	0.33497	0.05313
V247	0.23655	0.0998	0.0938	0.17704	0.09681	0.296
V248	0.17206	0.05826	0.04166	0.2045	0.43053	0.09299
V249	0.18466	0.1574	0.35124	0.09811	0.06722	0.14136
V250	0.03793	0.04463	0.01438	0.72084	0.13578	0.04643
V251	0.0796	0.42795	0.15465	0.17875	0.1023	0.05674
V252	0.03291	0.03647	0.04212	0.66794	0.16998	0.05058
V253	0.10827	0.07416	0.05157	0.33475	0.21139	0.21986
V254	0.07377	0.21743	0.09081	0.17979	0.35916	0.07904
V255	0.24161	0.25968	0.13156	0.09159	0.13188	0.14369
V256	0.09107	0.59556	0.06671	0.06463	0.11881	0.06322
V257	0.08471	0.3222	0.06701	0.06227	0.38041	0.08339
V258	0.06111	0.20456	0.13289	0.43698	0.10727	0.0572
V259	0.07587	0.42712	0.29463	0.05562	0.08002	0.06673
V260	0.10411	0.05742	0.04789	0.04534	0.6255	0.11973
V261	0.31059	0.06175	0.11228	0.06529	0.25979	0.1903
V262	0.08528	0.02824	0.68126	0.0265	0.11294	0.06578
V263	0.05571	0.06745	0.53259	0.19606	0.08079	0.06739
V264	0.3601	0.06583	0.17866	0.0656	0.12272	0.2071
V265	0.04191	0.02497	0.01176	0.05246	0.81891	0.04999
V266	0.23746	0.06829	0.12531	0.03713	0.07782	0.45399
V267	0.15278	0.49879	0.06862	0.11087	0.10321	0.06573
V268	0.51873	0.06678	0.1279	0.05141	0.06376	0.17142
V269	0.04991	0.06533	0.11105	0.58133	0.14336	0.04902
V270	0.20089	0.38032	0.08959	0.06193	0.18665	0.08062
V271	0.15075	0.12993	0.27303	0.04132	0.0814	0.32357
V272	0.04385	0.02442	0.01564	0.09623	0.73237	0.08749
V273	0.06015	0.02532	0.06059	0.09649	0.67944	0.07801
V274	0.17543	0.03814	0.22031	0.07108	0.07645	0.41859
V275	0.39839	0.19531	0.11452	0.05953	0.07901	0.15323
V276	0.16091	0.22629	0.13639	0.10092	0.11662	0.25887
V277	0.31661	0.06099	0.10612	0.04099	0.19237	0.28292
V278	0.11325	0.12075	0.1089	0.21801	0.36663	0.07246
V279	0.19343	0.07139	0.24261	0.07278	0.08235	0.33745
V280	0.09497	0.03345	0.02622	0.648	0.13232	0.06504
V281	0.09261	0.58325	0.0874	0.08153	0.0988	0.05641
V282	0.03727	0.05375	0.01845	0.08356	0.75528	0.05168
V283	0.05803	0.34203	0.03416	0.05077	0.46328	0.05173
V284	0.07877	0.10283	0.27757	0.2921	0.1263	0.12242
V285	0.03772	0.04473	0.00779	0.71947	0.14392	0.04637
V286	0.38639	0.07688	0.15476	0.18988	0.0748	0.11729
V287	0.03977	0.03124	0.04182	0.09686	0.71649	0.07383
V288	0.16108	0.23791	0.09181	0.04305	0.18613	0.28001
V289	0.04529	0.09023	0.60496	0.10797	0.08873	0.06283
V290	0.03514	0.0259	0.19167	0.56628	0.12307	0.05793
V291	0.05034	0.05264	0.0105	0.69298	0.14112	0.05242
V292	0.11641	0.10046	0.03962	0.4697	0.21469	0.05913
V293	0.02784	0.05994	0.03896	0.0387	0.78418	0.05038
V294	0.31276	0.06949	0.08027	0.0511	0.32384	0.16253
V295	0.24877	0.03821	0.12995	0.02861	0.07637	0.47809
V296	0.08346	0.30218	0.10826	0.24435	0.14966	0.11208
V297	0.20772	0.0884	0.11049	0.03754	0.07983	0.47602
V298	0.08737	0.54087	0.16801	0.05937	0.09163	0.05274
V299	0.13044	0.0898	0.61084	0.02977	0.06397	0.07518
V300	0.41941	0.13889	0.14171	0.04926	0.06682	0.18392
V301	0.29097	0.33448	0.12808	0.06253	0.08725	0.09668
V302	0.05827	0.23835	0.07641	0.41449	0.15726	0.05521
V303	0.08248	0.49884	0.1019	0.06339	0.19618	0.05721
V304	0.03711	0.02404	0.03183	0.03043	0.82696	0.04962
V305	0.08439	0.03311	0.17421	0.3621	0.17749	0.1687
V306	0.30441	0.12184	0.11056	0.04295	0.07062	0.34963
V307	0.1293	0.03692	0.04244	0.04575	0.64232	0.10326
V308	0.03038	0.03749	0.0057	0.73976	0.14511	0.04156
V309	0.06852	0.40741	0.04459	0.31589	0.111	0.05259
V310	0.12486	0.30777	0.26088	0.04296	0.08811	0.17543
V311	0.35245	0.04928	0.12492	0.04124	0.06697	0.36515
V312	0.10334	0.03827	0.02395	0.3089	0.45414	0.07139
V313	0.27106	0.0487	0.11157	0.06906	0.07113	0.42849
V314	0.17275	0.04615	0.0419	0.55109	0.12096	0.06715
V315	0.14586	0.49875	0.07683	0.05419	0.13905	0.08531
V316	0.23909	0.04536	0.11706	0.09073	0.08861	0.41915
V317	0.08468	0.03076	0.03234	0.56022	0.15489	0.13711
V318	0.03541	0.03703	0.03538	0.70394	0.13328	0.05497
V319	0.23497	0.17696	0.25394	0.14799	0.08144	0.1047
V320	0.18397	0.17981	0.30931	0.1226	0.07847	0.12585
V321	0.07542	0.47039	0.04528	0.24716	0.1147	0.04705
V322	0.06375	0.0236	0.09768	0.04168	0.64966	0.12364
V323	0.06279	0.24232	0.0243	0.31922	0.30428	0.0471
V324	0.09838	0.05765	0.07043	0.19598	0.41867	0.1589
V325	0.1198	0.57493	0.08825	0.0583	0.09636	0.06236
V326	0.15074	0.52486	0.08525	0.05606	0.11341	0.06967
V327	0.0934	0.02061	0.74531	0.01673	0.04987	0.07408
V328	0.13908	0.1816	0.18267	0.14564	0.28255	0.06847
V329	0.03981	0.01858	0.47388	0.02055	0.38064	0.06653
V330	0.04413	0.01728	0.77515	0.02393	0.06839	0.07113
V331	0.39728	0.10656	0.14567	0.10714	0.07739	0.16596
V332	0.11218	0.07896	0.16838	0.03439	0.39043	0.21567
V333	0.04829	0.03638	0.38302	0.30102	0.15948	0.07181
V334	0.06268	0.33148	0.34217	0.12886	0.08039	0.05443
V335	0.12311	0.03803	0.63483	0.02579	0.05229	0.12595
V336	0.22431	0.44052	0.10229	0.05344	0.09288	0.08656
V337	0.07661	0.16527	0.07321	0.04219	0.59347	0.04924
V338	0.41632	0.0562	0.13482	0.04621	0.20435	0.14209
V339	0.10955	0.09639	0.34141	0.2293	0.10166	0.12168
V340	0.35516	0.2395	0.09789	0.08197	0.09872	0.12677
V341	0.17468	0.06754	0.07269	0.46302	0.14593	0.07614
V342	0.08442	0.03755	0.04107	0.52972	0.16118	0.14606
V343	0.18998	0.15614	0.18314	0.0533	0.08581	0.33162
V344	0.09027	0.45406	0.05668	0.06835	0.22515	0.10549
V345	0.0247	0.02381	0.01515	0.03908	0.85369	0.04358
V346	0.11707	0.03957	0.03999	0.35748	0.36752	0.07837
V347	0.2864	0.14195	0.09107	0.10535	0.27653	0.0987
V348	0.11316	0.12745	0.53744	0.03951	0.10936	0.07308
V349	0.41578	0.10955	0.13481	0.11579	0.10318	0.12088
V350	0.27303	0.07356	0.17825	0.21835	0.0775	0.17931
V351	0.23434	0.09185	0.13811	0.05332	0.08612	0.39627
V352	0.11146	0.26613	0.0653	0.03719	0.32037	0.19955
V353	0.05733	0.16118	0.63973	0.02254	0.05861	0.06061
V354	0.14538	0.06526	0.23565	0.02557	0.32885	0.19928
V355	0.04277	0.04187	0.77681	0.02446	0.05281	0.06129
V356	0.30743	0.13805	0.10473	0.21823	0.10663	0.12494
V357	0.20767	0.03981	0.3693	0.04178	0.24806	0.09337
V358	0.19989	0.03423	0.1559	0.05703	0.07801	0.47495
V359	0.11726	0.10056	0.03447	0.49948	0.1763	0.07194
V360	0.29709	0.04474	0.07452	0.19496	0.26899	0.11971
V361	0.09002	0.60862	0.0668	0.07126	0.10691	0.0564
V362	0.0744	0.40942	0.06446	0.28979	0.11503	0.0469
V363	0.42073	0.10283	0.14666	0.04081	0.14617	0.14279
V364	0.16362	0.17606	0.09587	0.06268	0.17253	0.32923
V365	0.25368	0.32552	0.08314	0.15673	0.08886	0.09206
V366	0.10398	0.21684	0.39189	0.08298	0.13423	0.07008
V367	0.04518	0.02759	0.02372	0.48431	0.35462	0.06459
V368	0.14861	0.13662	0.13922	0.05967	0.19627	0.31961
V369	0.05143	0.04661	0.01849	0.08278	0.71308	0.08761
V370	0.06813	0.08366	0.53291	0.14032	0.08408	0.0909
V371	0.09488	0.22084	0.0446	0.40495	0.10689	0.12785
V372	0.09442	0.4833	0.05697	0.07016	0.211	0.08415
V373	0.47257	0.07095	0.12623	0.04177	0.06429	0.2242
V374	0.14337	0.03962	0.22499	0.41078	0.11768	0.06357
V375	0.25884	0.04585	0.21965	0.07691	0.29389	0.10486
V376	0.16578	0.07038	0.10592	0.12794	0.14377	0.3862
V377	0.06524	0.02904	0.34792	0.02308	0.46715	0.06757
V378	0.18479	0.08702	0.23953	0.02572	0.09726	0.36569
V379	0.32204	0.05286	0.2128	0.03071	0.06262	0.31898
V380	0.02704	0.05241	0.03821	0.04568	0.78616	0.0505
V381	0.22924	0.06092	0.2955	0.24899	0.08348	0.08187
V382	0.03056	0.0469	0.0156	0.19261	0.66826	0.04606
V383	0.1534	0.06171	0.3509	0.26305	0.09452	0.07642
V384	0.0657	0.03496	0.70095	0.03381	0.09732	0.06726
V385	0.22732	0.04377	0.13612	0.02768	0.0692	0.49591
V386	0.36063	0.07369	0.29115	0.04159	0.10865	0.12428
V387	0.16404	0.04472	0.07543	0.53839	0.11126	0.06614
V388	0.44823	0.09018	0.22481	0.03963	0.06827	0.12887
V389	0.28127	0.10323	0.11749	0.03355	0.0772	0.38726
V390	0.07108	0.05945	0.02834	0.5838	0.1508	0.10653
V391	0.05459	0.03581	0.02728	0.4782	0.32979	0.07432
V392	0.10804	0.05532	0.42079	0.11662	0.06525	0.23398
V393	0.09689	0.14093	0.33837	0.07975	0.18548	0.15858
V394	0.03569	0.02916	0.03457	0.6761	0.17754	0.04695
V395	0.04094	0.06549	0.75545	0.02529	0.05383	0.05901
V396	0.30154	0.09272	0.07451	0.3068	0.13035	0.09407
V397	0.18307	0.16931	0.12173	0.04019	0.11233	0.37337
V398	0.09322	0.47757	0.06584	0.07011	0.23169	0.06157
V399	0.04783	0.01719	0.7273	0.05686	0.07168	0.07914
V400	0.13905	0.05397	0.06233	0.34433	0.10315	0.29717
V401	0.12683	0.03946	0.55362	0.02837	0.15069	0.10103
V402	0.07019	0.03955	0.02138	0.67854	0.12955	0.06079
V403	0.1365	0.02736	0.07466	0.05749	0.38601	0.31797
V404	0.04086	0.02552	0.80369	0.01596	0.05127	0.06269
V405	0.23	0.29193	0.13645	0.08606	0.17168	0.08388
V406	0.15185	0.07582	0.20341	0.10426	0.2248	0.23986
V407	0.0949	0.03562	0.6283	0.0161	0.06099	0.16409
V408	0.06775	0.11114	0.04862	0.55996	0.11631	0.09622
V409	0.51363	0.09015	0.12735	0.04546	0.06472	0.1587
V410	0.52606	0.07469	0.1268	0.04521	0.07935	0.1479
V411	0.16595	0.03843	0.08863	0.23508	0.08521	0.3867
V412	0.33515	0.1836	0.13375	0.07833	0.16754	0.10164
V413	0.04457	0.11602	0.03836	0.60931	0.14654	0.0452
V414	0.09107	0.08311	0.03409	0.48463	0.24814	0.05896
V415	0.06529	0.03084	0.28712	0.33265	0.18085	0.10324
V416	0.06506	0.13752	0.03357	0.22991	0.43061	0.10332
V417	0.21272	0.03355	0.15357	0.12801	0.07368	0.39848
V418	0.04606	0.08301	0.34315	0.13321	0.32025	0.07432
V419	0.21489	0.05774	0.11473	0.02866	0.07867	0.5053
V420	0.22316	0.03618	0.11576	0.0357	0.07814	0.51107
V421	0.05338	0.06189	0.06624	0.08972	0.66574	0.06302
V422	0.15396	0.24831	0.04814	0.0482	0.43481	0.06657
V423	0.06755	0.15354	0.0178	0.58285	0.12965	0.0486
V424	0.44947	0.12797	0.12509	0.0958	0.0702	0.13147
V425	0.03219	0.10406	0.02774	0.03358	0.75261	0.04982
V426	0.17596	0.06283	0.23686	0.03211	0.07434	0.41789
V427	0.29821	0.13653	0.18775	0.14254	0.09736	0.13761
V428	0.18841	0.04741	0.03857	0.54288	0.11205	0.07068
V429	0.03407	0.04083	0.09373	0.4791	0.29724	0.05503
V430	0.07153	0.08523	0.47513	0.18893	0.08914	0.09003
V431	0.03593	0.02488	0.78474	0.0403	0.05351	0.06064
V432	0.06023	0.34798	0.04971	0.36748	0.12695	0.04765
V433	0.03462	0.03002	0.04096	0.7183	0.13322	0.04288
V434	0.05265	0.24559	0.15297	0.39594	0.10598	0.04688
V435	0.06517	0.02396	0.03684	0.02789	0.69364	0.1525
V436	0.47521	0.13771	0.1249	0.06073	0.06859	0.13286
V437	0.17035	0.23481	0.27331	0.04927	0.16491	0.10735
V438	0.07352	0.30799	0.04057	0.08973	0.43362	0.05457
V439	0.02839	0.02993	0.09601	0.02898	0.76808	0.04861
V440	0.12801	0.06442	0.36556	0.07123	0.24437	0.1264
V441	0.09666	0.07836	0.40822	0.14967	0.08476	0.18233
V442	0.28053	0.13527	0.21214	0.08795	0.11733	0.16678
V443	0.04132	0.0285	0.0587	0.65196	0.15898	0.06052
V444	0.41931	0.07923	0.13257	0.06217	0.14747	0.15926
V445	0.53059	0.07498	0.14148	0.04498	0.06301	0.14497
V446	0.08298	0.41977	0.25576	0.06297	0.10325	0.07528
V447	0.15912	0.20332	0.06793	0.18822	0.13326	0.24815
V448	0.05163	0.03439	0.72131	0.01779	0.11338	0.0615
V449	0.34392	0.07402	0.09632	0.26523	0.08314	0.13736
V450	0.09104	0.02876	0.58034	0.01984	0.21181	0.0682
V451	0.09177	0.05735	0.14675	0.14997	0.49607	0.05809
V452	0.12188	0.04447	0.07656	0.37618	0.14632	0.23459
V453	0.23314	0.03437	0.45443	0.1212	0.06937	0.08749
V454	0.14622	0.0797	0.11937	0.47161	0.11257	0.07052
V455	0.11908	0.55239	0.09161	0.07478	0.09612	0.06602
V456	0.47544	0.06083	0.1453	0.0486	0.10305	0.16678
V457	0.18119	0.03987	0.0935	0.03509	0.26271	0.38765
V458	0.0743	0.02096	0.35941	0.02954	0.40067	0.11512
V459	0.04609	0.03611	0.49274	0.29285	0.07967	0.05255
V460	0.25066	0.08597	0.25809	0.13954	0.10196	0.16378
V461	0.19199	0.0683	0.05758	0.37459	0.21174	0.0958
V462	0.04422	0.01691	0.76202	0.03143	0.06096	0.08446
V463	0.02253	0.04546	0.02196	0.06746	0.8006	0.04199
V464	0.10725	0.56037	0.07049	0.07519	0.1305	0.05619
V465	0.25395	0.10944	0.39533	0.02922	0.09948	0.11259
V466	0.07711	0.04589	0.03032	0.5968	0.18464	0.06523
V467	0.53649	0.06866	0.13613	0.04507	0.06302	0.15064
V468	0.22917	0.11663	0.12525	0.23059	0.21616	0.08219
V469	0.06242	0.12305	0.54678	0.10005	0.07377	0.09394
V470	0.35945	0.05829	0.11836	0.09782	0.25098	0.1151
V471	0.08042	0.1873	0.44232	0.08065	0.10708	0.10223
V472	0.08996	0.38487	0.04574	0.07285	0.33058	0.076
V473	0.09445	0.61667	0.07425	0.06057	0.09975	0.05429
V474	0.07125	0.02487	0.31757	0.42792	0.10105	0.05734
V475	0.07664	0.13976	0.23726	0.17213	0.30622	0.06799
V476	0.3061	0.06162	0.09318	0.19545	0.12008	0.22358
V477	0.11305	0.43016	0.10551	0.11963	0.11247	0.11919
V478	0.05267	0.02499	0.7267	0.03182	0.0613	0.10252
V479	0.07589	0.12437	0.60202	0.02989	0.09997	0.06786
V480	0.04957	0.20651	0.0261	0.27787	0.3948	0.04516
V481	0.25978	0.10997	0.15103	0.09533	0.27683	0.10706
V482	0.36791	0.04966	0.13356	0.04246	0.066	0.3404
V483	0.08732	0.58882	0.11035	0.06319	0.0971	0.05323
V484	0.47518	0.06164	0.17025	0.04053	0.11021	0.14219
V485	0.19239	0.12716	0.42005	0.09016	0.07079	0.09945
V486	0.16773	0.02629	0.57602	0.05182	0.05402	0.12411
V487	0.05678	0.27893	0.03523	0.04747	0.53011	0.05148
V488	0.19605	0.46266	0.08894	0.0853	0.09039	0.07667
V489	0.45338	0.07571	0.17357	0.04799	0.11158	0.13778
V490	0.21581	0.06712	0.10354	0.07491	0.09772	0.44089
V491	0.09401	0.22883	0.29741	0.03219	0.27283	0.07473
V492	0.15714	0.05239	0.23973	0.09583	0.14552	0.30939
V493	0.45594	0.15774	0.11504	0.06828	0.07012	0.13287
V494	0.15004	0.0513	0.34141	0.04414	0.06221	0.35089
V495	0.17771	0.39886	0.20546	0.05965	0.08788	0.07043
V496	0.16778	0.12335	0.27324	0.02813	0.24894	0.15857
V497	0.05124	0.17123	0.14773	0.06165	0.51904	0.0491
V498	0.09001	0.10397	0.29561	0.29209	0.1429	0.07543
V499	0.09176	0.46858	0.16809	0.10054	0.10353	0.0675
V500	0.29082	0.17967	0.12631	0.08357	0.20162	0.11801
V501	0.11006	0.57036	0.06882	0.07556	0.10462	0.07058
V502	0.0313	0.03278	0.01604	0.23646	0.6328	0.05061
V503	0.10924	0.26923	0.06095	0.39145	0.11618	0.05295
V504	0.10316	0.57341	0.1009	0.0575	0.10923	0.0558
V505	0.04577	0.02088	0.40122	0.33328	0.11766	0.08119
V506	0.25815	0.04673	0.11499	0.1548	0.13431	0.29101
V507	0.21708	0.03498	0.11619	0.02761	0.08637	0.51777
V508	0.08535	0.4175	0.0832	0.11276	0.24448	0.05671
V509	0.0488	0.03747	0.01568	0.63019	0.2234	0.04446
V510	0.52696	0.06715	0.1265	0.04497	0.08652	0.14789
V511	0.18903	0.04113	0.08385	0.2209	0.09165	0.37344
V512	0.09408	0.18815	0.48476	0.04919	0.08631	0.09752
V513	0.0373	0.03684	0.1955	0.07163	0.60801	0.05072
V514	0.10534	0.53995	0.11512	0.05348	0.09276	0.09336
V515	0.09479	0.30534	0.0436	0.37455	0.1089	0.07282
V516	0.04146	0.0573	0.6497	0.02678	0.15966	0.0651
V517	0.02952	0.02041	0.32704	0.20996	0.36148	0.05159
V518	0.2272	0.30547	0.09931	0.12834	0.12279	0.1169
V519	0.14822	0.40021	0.07752	0.11306	0.09632	0.16467
V520	0.39388	0.12124	0.12195	0.12987	0.07279	0.16027
V521	0.07876	0.02707	0.02744	0.04561	0.75241	0.06871
V522	0.25101	0.17607	0.09058	0.05991	0.25044	0.17199
V523	0.26441	0.17018	0.13027	0.156	0.08672	0.19241
V524	0.07082	0.02526	0.08255	0.16339	0.5349	0.12309
V525	0.31932	0.045	0.14945	0.04714	0.06637	0.37271
V526	0.08146	0.51445	0.12733	0.0582	0.16721	0.05134
V527	0.24158	0.043	0.49137	0.03258	0.09655	0.09493
V528	0.48443	0.06219	0.20196	0.04792	0.06799	0.13551
V529	0.08355	0.09017	0.0391	0.58814	0.14232	0.05672
V530	0.10419	0.1948	0.29497	0.12834	0.13886	0.13884
V531	0.53085	0.0754	0.12792	0.0527	0.06424	0.1489
V532	0.0982	0.03167	0.07612	0.51568	0.21653	0.06179
V533	0.12223	0.02375	0.2659	0.04624	0.32418	0.21769
V534	0.08232	0.02946	0.03633	0.49309	0.19187	0.16693
V535	0.32675	0.07802	0.24327	0.14944	0.07764	0.12487
V536	0.04888	0.0176	0.60832	0.17136	0.06628	0.08756
V537	0.08111	0.44482	0.05274	0.24227	0.113	0.06606
V538	0.14329	0.03007	0.07275	0.33708	0.09296	0.32386
V539	0.04289	0.02887	0.02284	0.59581	0.25324	0.05635
V540	0.22128	0.04166	0.31862	0.04278	0.25811	0.11755
V541	0.05996	0.2161	0.02869	0.49427	0.13891	0.06207
V542	0.06863	0.41511	0.05818	0.24344	0.16215	0.05249
V543	0.034	0.01783	0.52968	0.04359	0.31253	0.06238
V544	0.20285	0.05782	0.11208	0.05888	0.09632	0.47204
V545	0.07188	0.45059	0.10213	0.06752	0.25384	0.05405
V546	0.34611	0.09684	0.08715	0.24949	0.10756	0.11285
V547	0.07376	0.09524	0.02321	0.3521	0.35886	0.09682
V548	0.21665	0.05003	0.1158	0.02834	0.0785	0.51069
V549	0.11993	0.02249	0.53451	0.10045	0.08568	0.13695
V550	0.03864	0.02755	0.29862	0.02419	0.55754	0.05346
V551	0.16571	0.07788	0.12073	0.12826	0.16037	0.34704
V552	0.05918	0.05491	0.14288	0.26397	0.39801	0.08104
V553	0.48306	0.06271	0.1431	0.07202	0.09653	0.14257
V554	0.10052	0.57222	0.08645	0.05666	0.10235	0.0818
V555	0.26818	0.04167	0.103	0.24914	0.0823	0.25571
V556	0.07755	0.03109	0.38872	0.3339	0.10082	0.06793
V557	0.11596	0.52182	0.13205	0.05958	0.0978	0.07278
V558	0.27897	0.18583	0.09599	0.14152	0.07911	0.21857
V559	0.02231	0.02469	0.00715	0.15599	0.74367	0.04619
V560	0.42703	0.08008	0.12164	0.05521	0.14736	0.16867
V561	0.03659	0.03329	0.80116	0.01627	0.05137	0.06133
V562	0.31607	0.21802	0.13051	0.10738	0.08374	0.14428
V563	0.2085	0.03485	0.10674	0.08903	0.07403	0.48685
V564	0.15507	0.09073	0.07608	0.03669	0.30269	0.33876
V565	0.21707	0.03527	0.12329	0.02744	0.07829	0.51864
V566	0.1903	0.11093	0.1161	0.0757	0.10608	0.4009
V567	0.23486	0.25261	0.07296	0.22708	0.1135	0.09899
V568	0.05555	0.0257	0.02717	0.06046	0.7827	0.04842
V569	0.44721	0.09036	0.11709	0.07149	0.07515	0.19871
V570	0.40791	0.16061	0.13052	0.09517	0.07928	0.1265
V571	0.05405	0.19844	0.55368	0.04084	0.09544	0.05755
V572	0.04817	0.02502	0.6878	0.03362	0.14175	0.06364
V573	0.14582	0.5337	0.07886	0.05645	0.11389	0.07127
V574	0.13766	0.02502	0.37585	0.05967	0.09474	0.30706
V575	0.09197	0.46171	0.11079	0.14595	0.10927	0.0803
V576	0.22294	0.12077	0.0697	0.03604	0.46915	0.08141
V577	0.23567	0.07769	0.06485	0.08725	0.42006	0.11449
V578	0.06517	0.02396	0.03684	0.02789	0.69364	0.1525
V579	0.05492	0.04763	0.15995	0.24051	0.44509	0.0519
V580	0.10855	0.04526	0.09988	0.34461	0.30307	0.09863
V581	0.39809	0.08588	0.15849	0.10694	0.13459	0.11601
V582	0.39426	0.06276	0.10749	0.20502	0.0852	0.14527
V583	0.11168	0.06212	0.30125	0.02235	0.26093	0.24167
V584	0.10531	0.04395	0.04436	0.31167	0.3177	0.17702
V585	0.09656	0.34715	0.23627	0.10966	0.09625	0.11411
V586	0.14385	0.52082	0.10687	0.06148	0.09901	0.06796
V587	0.17939	0.04038	0.27581	0.32741	0.0923	0.08471
V588	0.04533	0.03765	0.04321	0.68959	0.13987	0.04435
V589	0.11322	0.23222	0.2769	0.09867	0.08102	0.19797
V590	0.13734	0.05852	0.36194	0.08535	0.07276	0.28409
V591	0.44339	0.05947	0.13055	0.16052	0.08006	0.12602
V592	0.07833	0.2738	0.10319	0.35005	0.14296	0.05166
V593	0.03537	0.03765	0.0131	0.73522	0.13634	0.04232
V594	0.10849	0.03109	0.05536	0.51867	0.11733	0.16905
V595	0.09734	0.22676	0.08807	0.13683	0.28431	0.16668
V596	0.04541	0.19678	0.033	0.09985	0.58306	0.04189
V597	0.26454	0.04152	0.08118	0.0413	0.48381	0.08764
V598	0.50419	0.09626	0.12521	0.0453	0.07283	0.15621
V599	0.1674	0.0386	0.08103	0.15833	0.17196	0.38268
V600	0.29316	0.12813	0.09626	0.08131	0.13697	0.26417
V601	0.12526	0.14383	0.09431	0.32582	0.09477	0.216
V602	0.06533	0.03774	0.11721	0.03374	0.60058	0.1454
V603	0.14655	0.30768	0.10731	0.08864	0.11131	0.23851
V604	0.06254	0.35422	0.03534	0.05153	0.4475	0.04887
V605	0.06044	0.0475	0.03883	0.03067	0.75762	0.06494
V606	0.32241	0.06965	0.28274	0.08594	0.06344	0.17582
V607	0.17119	0.06334	0.08739	0.04367	0.23881	0.39561
V608	0.12376	0.45225	0.07273	0.10715	0.11339	0.13072
V609	0.05388	0.027	0.5833	0.20407	0.07085	0.0609
V610	0.07428	0.12453	0.41073	0.17295	0.11552	0.10198
V611	0.08643	0.59194	0.07472	0.08162	0.11311	0.05218
V612	0.04434	0.17931	0.02041	0.59146	0.12433	0.04016
V613	0.36387	0.16415	0.1181	0.04082	0.06981	0.24325
V614	0.09408	0.11734	0.46305	0.0299	0.12707	0.16857
V615	0.03432	0.06726	0.06191	0.03814	0.74687	0.05149
V616	0.25494	0.32495	0.08606	0.08135	0.10379	0.1489
V617	0.02721	0.03111	0.00959	0.03949	0.84528	0.04732
V618	0.16428	0.04268	0.55801	0.02877	0.07912	0.12715
V619	0.07562	0.46194	0.17721	0.0731	0.15173	0.0604
V620	0.17132	0.03644	0.30347	0.0367	0.0625	0.38957
V621	0.03962	0.02845	0.07247	0.64513	0.1578	0.05652
V622	0.3052	0.1651	0.0919	0.04081	0.29363	0.10336
V623	0.15157	0.50445	0.08183	0.05368	0.10407	0.10439
V624	0.07734	0.444	0.0447	0.26855	0.10788	0.05752
V625	0.0775	0.12635	0.19099	0.40328	0.12306	0.07882
V626	0.07242	0.05608	0.04404	0.18743	0.48222	0.1578
V627	0.35657	0.05222	0.07932	0.31087	0.0867	0.11432
V628	0.13205	0.07301	0.3088	0.10331	0.16062	0.22221
V629	0.0599	0.3531	0.03128	0.38574	0.1222	0.04777
V630	0.36839	0.05752	0.12921	0.08157	0.10018	0.26313
V631	0.17454	0.02998	0.13751	0.14269	0.11758	0.3977
V632	0.0503	0.04748	0.13006	0.29358	0.41565	0.06293
V633	0.04967	0.16091	0.6446	0.03006	0.05938	0.05538
V634	0.42598	0.06633	0.11128	0.19808	0.07634	0.12199
V635	0.04065	0.06351	0.22295	0.51472	0.10858	0.0496
V636	0.08699	0.45247	0.05244	0.10716	0.21489	0.08605
V637	0.18844	0.07837	0.10607	0.0291	0.16123	0.43679
V638	0.05869	0.10969	0.06391	0.46677	0.24801	0.05294
V639	0.20057	0.08173	0.11903	0.06209	0.40443	0.13215
V640	0.08838	0.13186	0.42215	0.03921	0.18053	0.13788
V641	0.03755	0.08138	0.43463	0.04674	0.34575	0.05395
V642	0.19422	0.06402	0.30724	0.16806	0.07089	0.19556
V643	0.47301	0.06929	0.11144	0.11668	0.08553	0.14405
V644	0.44222	0.06576	0.11074	0.12314	0.07791	0.18024
V645	0.40955	0.06982	0.12364	0.11405	0.06941	0.21354
V646	0.03997	0.02758	0.38821	0.02277	0.46578	0.05569
V647	0.17991	0.04108	0.09658	0.28584	0.11251	0.28407
V648	0.15039	0.27376	0.17973	0.08707	0.09988	0.20917
V649	0.11468	0.04183	0.05114	0.595	0.13332	0.06403
V650	0.17202	0.17599	0.21463	0.04099	0.32375	0.07262
V651	0.14346	0.27875	0.12405	0.06698	0.21191	0.17485
V652	0.05873	0.02892	0.11266	0.59892	0.14488	0.05588
V653	0.12692	0.34323	0.092	0.06848	0.17308	0.19629
V654	0.47143	0.06852	0.17723	0.04836	0.09363	0.14083
V655	0.20281	0.03411	0.09199	0.08319	0.32658	0.26133
V656	0.10414	0.08647	0.52138	0.06239	0.15447	0.07115
V657	0.26757	0.04914	0.07111	0.1251	0.30713	0.17995
V658	0.04092	0.08602	0.15282	0.56042	0.11634	0.04348
V659	0.09405	0.59262	0.07351	0.06449	0.10493	0.0704
V660	0.47598	0.07097	0.12437	0.05689	0.0651	0.20669
V661	0.14664	0.02789	0.19568	0.13513	0.19444	0.30022
V662	0.43539	0.06506	0.1208	0.13808	0.07879	0.16188
V663	0.0662	0.15047	0.03567	0.07052	0.62656	0.05058
V664	0.12377	0.07279	0.61523	0.02102	0.07914	0.08805
V665	0.02637	0.02392	0.00912	0.0391	0.85392	0.04758
V666	0.26135	0.27339	0.08577	0.1357	0.11392	0.12986
V667	0.19948	0.03347	0.13318	0.06533	0.08723	0.48131
V668	0.45841	0.16522	0.12279	0.05425	0.0694	0.12994
V669	0.17996	0.1173	0.07254	0.25099	0.09574	0.28347
V670	0.10453	0.29622	0.06653	0.28652	0.11561	0.13059
V671	0.21457	0.04206	0.0506	0.50924	0.10764	0.07588
V672	0.08622	0.4266	0.04404	0.28223	0.10864	0.05228
V673	0.16187	0.13858	0.2483	0.03427	0.06654	0.35044
V674	0.44456	0.05979	0.10911	0.04068	0.21992	0.12594
V675	0.20307	0.13378	0.11662	0.03186	0.09509	0.41958
V676	0.0446	0.02916	0.08657	0.66059	0.13395	0.04513
V677	0.1767	0.31039	0.2005	0.03838	0.07364	0.20038
V678	0.15149	0.09048	0.09673	0.03749	0.42925	0.19455
V679	0.19147	0.1098	0.13656	0.05232	0.07965	0.4302
V680	0.04712	0.0197	0.32342	0.0228	0.50169	0.08527
V681	0.11544	0.51864	0.09488	0.0587	0.09184	0.1205
V682	0.11775	0.41661	0.06763	0.05935	0.1736	0.16506
V683	0.0491	0.02375	0.02638	0.02875	0.77053	0.10148
V684	0.12393	0.5235	0.06479	0.11612	0.10556	0.0661
V685	0.07067	0.4483	0.24922	0.04427	0.13318	0.05436
V686	0.21625	0.04011	0.41101	0.03113	0.07217	0.22932
V687	0.12023	0.21149	0.27194	0.11281	0.07425	0.20928
V688	0.29326	0.04369	0.0872	0.04123	0.33402	0.2006
V689	0.091	0.0366	0.56889	0.1167	0.0882	0.0986
V690	0.08682	0.03235	0.06224	0.05064	0.61551	0.15243
V691	0.10808	0.36396	0.20127	0.10375	0.12067	0.10228
V692	0.33211	0.04894	0.07317	0.28712	0.15046	0.10821
V693	0.44622	0.15005	0.12812	0.05956	0.06888	0.14718
V694	0.44254	0.14912	0.11874	0.08157	0.07041	0.13762
V695	0.46058	0.06115	0.11157	0.05628	0.14633	0.16408
V696	0.10268	0.37517	0.08481	0.09254	0.28087	0.06393
V697	0.08046	0.03607	0.64351	0.05906	0.09025	0.09065
V698	0.09119	0.61208	0.06739	0.06581	0.10684	0.0567
V699	0.16918	0.04399	0.48849	0.05424	0.12705	0.11705
V700	0.11435	0.03711	0.02814	0.03956	0.71032	0.07053
V701	0.49749	0.06536	0.1341	0.04231	0.06386	0.19687
V702	0.18152	0.04697	0.13845	0.15826	0.08552	0.38927
V703	0.16667	0.38352	0.0745	0.04806	0.25333	0.07391
V704	0.26467	0.25151	0.23605	0.0395	0.0845	0.12378
V705	0.06134	0.10751	0.24086	0.16443	0.36434	0.06152
V706	0.13743	0.09856	0.31781	0.02403	0.16345	0.25873
V707	0.36848	0.06671	0.1194	0.03605	0.07503	0.33434
V708	0.06388	0.3185	0.43488	0.04849	0.07784	0.05641
V709	0.03305	0.03003	0.0059	0.67026	0.2184	0.04236
V710	0.27614	0.08848	0.16618	0.07941	0.25143	0.13837
V711	0.07602	0.19447	0.35998	0.18071	0.08504	0.10378
V712	0.04771	0.23155	0.03667	0.0455	0.58896	0.04961
V713	0.21177	0.39637	0.10375	0.07628	0.10617	0.10567
V714	0.07132	0.38201	0.36493	0.04544	0.08289	0.05341
V715	0.0566	0.03448	0.76822	0.01602	0.05191	0.07278
V716	0.13558	0.05304	0.05873	0.26675	0.2554	0.2305
V717	0.04715	0.03159	0.03662	0.02977	0.78336	0.07151
V718	0.05197	0.31638	0.03618	0.04249	0.50967	0.04332
V719	0.09415	0.56535	0.08763	0.06208	0.12277	0.06801
V720	0.19424	0.03329	0.24051	0.2814	0.11203	0.13853
V721	0.12606	0.23286	0.2375	0.03188	0.15086	0.22084
V722	0.02472	0.02373	0.02228	0.03138	0.85417	0.04372
V723	0.08457	0.48348	0.09052	0.06294	0.20973	0.06875
V724	0.09359	0.25827	0.33024	0.11505	0.14779	0.05507
V725	0.06935	0.06995	0.08226	0.13417	0.53671	0.10755
V726	0.0517	0.03493	0.45638	0.04466	0.32326	0.08907
V727	0.17844	0.03016	0.16954	0.1426	0.08256	0.3967
V728	0.04518	0.03792	0.01116	0.70335	0.1338	0.06859
V729	0.17144	0.37913	0.08228	0.07434	0.21085	0.08196
V730	0.13941	0.02978	0.12827	0.34888	0.09927	0.25439
V731	0.14915	0.06593	0.39829	0.02343	0.22154	0.14166
V732	0.11072	0.33161	0.07089	0.07696	0.29029	0.11953
V733	0.17439	0.02957	0.27436	0.18404	0.12265	0.21499
V734	0.18703	0.03071	0.28437	0.02209	0.07796	0.39783
V735	0.05653	0.09501	0.03054	0.60804	0.12922	0.08066
V736	0.123	0.40021	0.11487	0.07708	0.09924	0.1856
V737	0.01945	0.0237	0.01417	0.03899	0.86081	0.04289
V738	0.2378	0.07914	0.12395	0.32412	0.10524	0.12974
V739	0.14458	0.26008	0.18331	0.06621	0.25064	0.09518
V740	0.06657	0.21971	0.32764	0.06839	0.25147	0.06622
V741	0.27345	0.15646	0.19092	0.1043	0.18503	0.08983
V742	0.20912	0.04617	0.07581	0.36244	0.20157	0.1049
V743	0.05189	0.10758	0.22953	0.28647	0.26553	0.05899
V744	0.27681	0.11931	0.10513	0.15547	0.07754	0.26574
V745	0.08127	0.4005	0.04858	0.08019	0.33715	0.05232
V746	0.48122	0.07806	0.12592	0.06543	0.08149	0.16788
V747	0.15067	0.0386	0.13113	0.0598	0.54095	0.07885
V748	0.15227	0.06846	0.25569	0.04823	0.16783	0.30753
V749	0.30174	0.05351	0.09301	0.15645	0.16742	0.22788
V750	0.04077	0.09493	0.0095	0.67284	0.14055	0.04141
V751	0.03978	0.03729	0.03521	0.68109	0.16314	0.04349
V752	0.15352	0.03979	0.06452	0.09135	0.57245	0.07837
V753	0.14692	0.02882	0.08881	0.10433	0.36358	0.26753
V754	0.11044	0.34548	0.15327	0.09568	0.12754	0.1676
V755	0.23485	0.06928	0.07468	0.05586	0.42707	0.13826
V756	0.20276	0.04178	0.11406	0.03554	0.11917	0.48668
V757	0.14163	0.34926	0.08092	0.06223	0.13508	0.23088
V758	0.21676	0.46872	0.08301	0.06132	0.08892	0.08127
V759	0.11573	0.04328	0.07538	0.1428	0.51391	0.1089
V760	0.21335	0.03491	0.12013	0.05024	0.0716	0.50978
V761	0.02652	0.02706	0.31807	0.03959	0.54102	0.04774
V762	0.08601	0.01946	0.65982	0.04959	0.07908	0.10604
V763	0.0522	0.14492	0.03611	0.55661	0.15166	0.05851
