CD14.pos.CD16.neg.classical.monocyte	mature.neutrophil	memory.B.cell	cytotoxic.CD56.dim.NK.cell	memory.CD4.pos.AB.T.cell	macrophage
V1	0.10008	0.02212	0.75732	0.04403	0.04644	0.03
V2	0.38711	0.10673	0.09108	0.14615	0.20741	0.06151
V3	0.25191	0.05432	0.28833	0.03466	0.10728	0.2635
V4	0.20756	0.33122	0.07724	0.12722	0.19334	0.06343
V5	0.0645	0.03368	0.02319	0.53051	0.33702	0.01112
V6	0.23715	0.01504	0.22384	0.08378	0.25318	0.18701
V7	0.10026	0.27177	0.03071	0.08321	0.4875	0.02655
V8	0.47635	0.0521	0.11438	0.15709	0.1128	0.08727
V9	0.24601	0.13464	0.07404	0.28298	0.14397	0.11836
V10	0.31026	0.0351	0.11915	0.34514	0.13509	0.05526
V11	0.14065	0.55152	0.08959	0.0669	0.12088	0.03047
V12	0.29311	0.02085	0.16336	0.04209	0.12688	0.3537
V13	0.12065	0.38286	0.3067	0.06823	0.09179	0.02977
V14	0.09092	0.01744	0.05222	0.701	0.12329	0.01514
V15	0.3347	0.06729	0.06987	0.16335	0.29589	0.0689
V16	0.09964	0.00711	0.03457	0.39034	0.40868	0.05966
V17	0.26427	0.03452	0.24728	0.03162	0.10695	0.31536
V18	0.49364	0.13462	0.12248	0.06798	0.10359	0.07768
V19	0.39402	0.05682	0.24522	0.05674	0.17913	0.06806
V20	0.42065	0.06442	0.17183	0.15431	0.10636	0.08244
V21	0.29271	0.03185	0.11843	0.04599	0.17022	0.3408
V22	0.15823	0.04337	0.03078	0.12432	0.60214	0.04116
V23	0.0831	0.0111	0.28725	0.07173	0.52591	0.02092
V24	0.13842	0.01184	0.01896	0.16404	0.62577	0.04096
V25	0.32111	0.22364	0.08209	0.17176	0.1468	0.0546
V26	0.20529	0.01914	0.03546	0.07121	0.63291	0.036
V27	0.24458	0.01332	0.27257	0.04189	0.11385	0.3138
V28	0.14565	0.19693	0.19541	0.24593	0.12876	0.08733
V29	0.13326	0.4382	0.15175	0.11154	0.10009	0.06516
V30	0.21446	0.16275	0.15489	0.05457	0.30646	0.10687
V31	0.44688	0.03406	0.26809	0.07081	0.08905	0.09111
V32	0.06387	0.01726	0.3203	0.48481	0.08568	0.02808
V33	0.20925	0.31285	0.26781	0.06813	0.08895	0.05302
V34	0.04689	0.00321	0.43171	0.07506	0.42048	0.02264
V35	0.06584	0.04392	0.18105	0.47857	0.20572	0.0249
V36	0.13227	0.34628	0.14729	0.06797	0.27194	0.03425
V37	0.08657	0.01652	0.72119	0.04864	0.05179	0.07529
V38	0.2697	0.00373	0.24546	0.02981	0.109	0.3423
V39	0.38229	0.04343	0.09334	0.30094	0.11377	0.06624
V40	0.12908	0.35475	0.06883	0.18183	0.21263	0.05288
V41	0.50109	0.03546	0.13667	0.05197	0.11635	0.15845
V42	0.20542	0.02507	0.53522	0.04564	0.10963	0.07903
V43	0.19271	0.29327	0.06406	0.08485	0.31001	0.0551
V44	0.14764	0.56152	0.0871	0.06067	0.1083	0.03477
V45	0.31806	0.25868	0.13273	0.06997	0.11991	0.10065
V46	0.12369	0.00573	0.05112	0.29167	0.41826	0.10953
V47	0.12168	0.293	0.05139	0.17891	0.31107	0.04395
V48	0.11065	0.43074	0.21142	0.05755	0.16448	0.02515
V49	0.13696	0.5266	0.07795	0.06143	0.16719	0.02988
V50	0.06384	0	0.23166	0.07149	0.5921	0.04092
V51	0.05012	0	0	0.08433	0.84704	0.01852
V52	0.11023	0.39226	0.26605	0.08422	0.11722	0.03002
V53	0.12892	0.00563	0.08829	0.09348	0.65817	0.02551
V54	0.10235	0.0991	0.51731	0.08971	0.1394	0.05213
V55	0.05312	0.02728	0.0946	0.09423	0.71209	0.01868
V56	0.04639	0.03735	0.66459	0.14789	0.08645	0.01732
V57	0.20026	0.27251	0.1077	0.05079	0.22881	0.13992
V58	0.05469	0.018	0.78274	0.06014	0.04622	0.03822
V59	0.07958	0.00997	0.03708	0.71383	0.14817	0.01136
V60	0.32425	0.02112	0.08125	0.41156	0.11358	0.04825
V61	0.28036	0.10866	0.08933	0.20173	0.17179	0.14813
V62	0.35432	0.04029	0.148	0.16428	0.19184	0.10127
V63	0.16941	0.37438	0.08962	0.1188	0.12181	0.12599
V64	0.06077	0.07289	0.0028	0.07596	0.7683	0.01928
V65	0.39274	0.12203	0.1261	0.0697	0.14929	0.14014
V66	0.31596	0.03664	0.16685	0.07856	0.34949	0.05249
V67	0.1213	0.11822	0.31735	0.25717	0.09341	0.09255
V68	0.54724	0.04307	0.12649	0.09552	0.10337	0.08431
V69	0.44624	0.04486	0.11435	0.04787	0.14193	0.20475
V70	0.07249	0.01047	0.21281	0.52997	0.15872	0.01555
V71	0.11724	0.18509	0.06387	0.14695	0.41155	0.07532
V72	0.3919	0.11646	0.15878	0.07245	0.16124	0.09917
V73	0.0831	0.00386	0.11344	0.64425	0.14032	0.01503
V74	0.07241	0.10529	0.04982	0.63513	0.12695	0.01041
V75	0.12979	0.55257	0.07466	0.08001	0.13426	0.02871
V76	0.05241	0.00683	0.62382	0.0765	0.21836	0.02208
V77	0.12297	0.10504	0.13316	0.48659	0.1092	0.04304
V78	0.35612	0.11024	0.1397	0.16747	0.11867	0.10779
V79	0.19239	0.40124	0.10099	0.04713	0.10793	0.15032
V80	0.1824	0.41448	0.08969	0.05647	0.12229	0.13467
V81	0.4568	0.10918	0.17224	0.0655	0.11545	0.08084
V82	0.12674	0.49405	0.07162	0.09403	0.18172	0.03183
V83	0.14641	0.11175	0.06433	0.38256	0.24303	0.05192
V84	0.23839	0.02287	0.13748	0.41971	0.13271	0.04883
V85	0.52283	0.04189	0.19068	0.06614	0.0968	0.08165
V86	0.22644	0.03362	0.1847	0.31629	0.11665	0.12229
V87	0.0638	0.01521	0.05618	0.72575	0.12532	0.01374
V88	0.14415	0.0234	0.06114	0.48701	0.17257	0.11173
V89	0.14885	0.13697	0.45957	0.04757	0.07525	0.1318
V90	0.13423	0.44323	0.16539	0.06476	0.15543	0.03696
V91	0.07271	0.00739	0.04081	0.15582	0.69841	0.02486
V92	0.06087	0.04631	0.00829	0.08179	0.77881	0.02393
V93	0.21896	0.05296	0.06772	0.14276	0.36478	0.15282
V94	0.05316	0.01018	0.24849	0.5815	0.09623	0.01045
V95	0.04698	0.00841	0.2608	0.15805	0.51046	0.0153
V96	0.1342	0.26064	0.0595	0.09965	0.36988	0.07613
V97	0.05081	0.00536	0.00508	0.12752	0.79572	0.0155
V98	0.07813	0.05497	0.03992	0.6175	0.19565	0.01384
V99	0.06063	0.01478	0.04212	0.74162	0.13228	0.00857
V100	0.06033	0.00986	0.41538	0.2753	0.20832	0.03081
V101	0.0862	0.25869	0.40853	0.13612	0.08159	0.02887
V102	0.50732	0.04834	0.20499	0.06554	0.09471	0.0791
V103	0.40897	0.04636	0.10429	0.20847	0.15737	0.07453
V104	0.06959	0.00364	0.21545	0.57923	0.11497	0.01712
V105	0.29118	0.00219	0.19569	0.02962	0.11524	0.36608
V106	0.12105	0.00709	0.61855	0.03542	0.07346	0.14443
V107	0.13829	0.43514	0.25175	0.05496	0.09048	0.02938
V108	0.21612	0.02707	0.10801	0.05359	0.33655	0.25866
V109	0.23651	0.00851	0.09274	0.04104	0.32716	0.29403
V110	0.08928	0.13112	0.63535	0.04427	0.06337	0.0366
V111	0.04159	0.02553	0.78711	0.06232	0.06096	0.02249
V112	0.09965	0.21482	0.04616	0.49588	0.12579	0.01771
V113	0.06543	0.07392	0.55746	0.08379	0.19481	0.02459
V114	0.12444	0.01147	0.59928	0.17635	0.05958	0.02888
V115	0.34235	0.06849	0.10284	0.07993	0.24887	0.15753
V116	0.53644	0.04112	0.12402	0.11313	0.10302	0.08226
V117	0.33945	0.0289	0.06378	0.14941	0.36439	0.05406
V118	0.12122	0.44622	0.14798	0.08617	0.164	0.03441
V119	0.13603	0.53235	0.08744	0.0913	0.11366	0.03922
V120	0.11967	0.14378	0.12749	0.38982	0.18816	0.03109
V121	0.29179	0.01943	0.09472	0.30816	0.11183	0.17407
V122	0.20474	0.02725	0.05888	0.53054	0.14916	0.02943
V123	0.32209	0.01904	0.0879	0.0964	0.26848	0.20609
V124	0.05175	0.00124	0.24327	0.07436	0.6097	0.01969
V125	0.08269	0.12142	0.58644	0.10245	0.06001	0.047
V126	0.23306	0.21487	0.14628	0.04805	0.11687	0.24086
V127	0.06739	0.0093	0.70966	0.13121	0.05887	0.02357
V128	0.24045	0.1982	0.15685	0.19414	0.16312	0.04724
V129	0.0471	0.02353	0.73522	0.11324	0.05687	0.02403
V130	0.33	0.11367	0.08557	0.27517	0.13852	0.05707
V131	0.08954	0	0.03221	0.08426	0.73064	0.06335
V132	0.10114	0.32446	0.37034	0.05278	0.12322	0.02807
V133	0.09578	0.14684	0.49696	0.12303	0.11355	0.02385
V134	0.18722	0.43686	0.07847	0.06673	0.18532	0.0454
V135	0.09634	0.01648	0.67087	0.04368	0.10722	0.06541
V136	0.15329	0.46996	0.12962	0.07257	0.13717	0.03738
V137	0.07795	0.12461	0.4765	0.06939	0.23133	0.02022
V138	0.17311	0	0.07645	0.40367	0.20025	0.14653
V139	0.12294	0.03917	0.16371	0.06529	0.48774	0.12115
V140	0.37351	0.19364	0.13298	0.12421	0.10902	0.06663
V141	0.19686	0.19811	0.16338	0.2698	0.12919	0.04265
V142	0.17245	0.47328	0.0904	0.10615	0.10625	0.05148
V143	0.09141	0.05402	0.54927	0.11746	0.15523	0.03262
V144	0.23531	0.14266	0.10752	0.1595	0.11941	0.2356
V145	0.06462	0.00171	0.05023	0.74883	0.11883	0.01578
V146	0.12057	0.01066	0.07519	0.07627	0.66921	0.0481
V147	0.36297	0.08044	0.20519	0.09306	0.09938	0.15896
V148	0.07023	0.14334	0.66288	0.04472	0.05264	0.02619
V149	0.19804	0.36558	0.08708	0.07021	0.11028	0.16881
V150	0.06332	0.00196	0.0353	0.74332	0.14726	0.00884
V151	0.21587	0.31017	0.08953	0.05266	0.13573	0.19604
V152	0.10873	0.17427	0.38974	0.08416	0.19812	0.04498
V153	0.05092	0.03549	0.54378	0.26268	0.08899	0.01814
V154	0.35269	0.19072	0.11326	0.04616	0.10879	0.18839
V155	0.11138	0.24972	0.10339	0.06352	0.43114	0.04085
V156	0.09591	0.31171	0.04034	0.06901	0.46008	0.02294
V157	0.18275	0.08987	0.11327	0.29214	0.12635	0.19563
V158	0.05808	0.05724	0.76812	0.04368	0.04579	0.0271
V159	0.14531	0.17677	0.31884	0.19818	0.12234	0.03857
V160	0.06041	0.00962	0.7864	0.05048	0.04555	0.04752
V161	0.10291	0.32169	0.04821	0.30959	0.19714	0.02046
V162	0.11601	0.3534	0.04787	0.16136	0.28939	0.03197
V163	0.04945	0.01175	0.82569	0.04361	0.04243	0.02707
V164	0.0872	0.24975	0.33288	0.14638	0.15768	0.02612
V165	0.08367	0.01345	0.03747	0.08541	0.72746	0.05254
V166	0.13105	0.00542	0.03343	0.18709	0.51968	0.12332
V167	0.05575	0.00389	0.36751	0.45426	0.10322	0.01537
V168	0.41234	0.03896	0.09865	0.27729	0.10459	0.06817
V169	0.06171	0.0136	0.60819	0.22284	0.06805	0.02561
V170	0.28252	0.04071	0.15238	0.31139	0.16549	0.04752
V171	0.21781	0.34672	0.10262	0.04698	0.1248	0.16107
V172	0.11101	0.06079	0.49244	0.2004	0.0777	0.05766
V173	0.0738	0.02444	0.72284	0.04077	0.06942	0.06873
V174	0.38061	0.10612	0.08563	0.07125	0.29453	0.06186
V175	0.13978	0.44346	0.1655	0.0726	0.14814	0.03052
V176	0.03936	0.01046	0.81475	0.05375	0.059	0.02267
V177	0.16144	0.06992	0.32857	0.07462	0.25342	0.11204
V178	0.06578	0.02688	0.02947	0.07357	0.77924	0.02506
V179	0.09263	0.00016	0.07322	0.55952	0.20767	0.06681
V180	0.20609	0.0183	0.22143	0.38813	0.09227	0.07379
V181	0.34992	0.11053	0.14387	0.11576	0.17161	0.10831
V182	0.06452	0.07678	0.6716	0.10304	0.05339	0.03066
V183	0.06771	0.00229	0.04335	0.76016	0.11737	0.00912
V184	0.27042	0.29592	0.08225	0.0843	0.21665	0.05046
V185	0.16867	0.36707	0.08703	0.06372	0.23029	0.08322
V186	0.04614	0.00522	0.53098	0.32918	0.07421	0.01428
V187	0.23077	0.34399	0.06927	0.07735	0.23681	0.0418
V188	0.19722	0.41962	0.0918	0.07423	0.10814	0.109
V189	0.08382	0.05227	0.16318	0.08662	0.55188	0.06223
V190	0.10409	0.12808	0.03033	0.08072	0.58118	0.0756
V191	0.18068	0.4193	0.08299	0.05674	0.12369	0.13659
V192	0.33931	0.19085	0.16277	0.08167	0.15603	0.06937
V193	0.27658	0.10892	0.12041	0.044	0.127	0.32309
V194	0.06131	0.01288	0.0243	0.16354	0.71476	0.02321
V195	0.04887	0.00655	0.62353	0.13399	0.16655	0.02051
V196	0.0602	0.00157	0.05386	0.72013	0.15299	0.01124
V197	0.15604	0.00718	0.03989	0.07918	0.68339	0.03431
V198	0.13993	0.27192	0.07984	0.18061	0.29398	0.03372
V199	0.08378	0.1582	0.10488	0.14843	0.48209	0.02263
V200	0.09903	0.01244	0.51489	0.24407	0.07609	0.05348
V201	0.07074	0.00169	0.03797	0.75215	0.1188	0.01866
V202	0.12973	0.05297	0.41016	0.0816	0.21901	0.10654
V203	0.35006	0.04694	0.08848	0.35327	0.10598	0.05527
V204	0.24708	0.04564	0.13473	0.20098	0.11953	0.25204
V205	0.04595	0.02628	0.79936	0.06123	0.04402	0.02316
V206	0.0642	0.03595	0.12403	0.62669	0.13878	0.01035
V207	0.26891	0.15176	0.11155	0.26294	0.12778	0.07706
V208	0.25473	0.08365	0.39487	0.09531	0.1255	0.04594
V209	0.2496	0.35135	0.08632	0.08367	0.11542	0.11364
V210	0.10054	0.0303	0.74781	0.0442	0.04706	0.0301
V211	0.34664	0.04833	0.17155	0.0636	0.25544	0.11444
V212	0.0855	0.18824	0.20369	0.35147	0.14829	0.02282
V213	0.07568	0.05371	0.22923	0.08864	0.53095	0.02179
V214	0.48622	0.05455	0.13002	0.11308	0.13757	0.07856
V215	0.17515	0.45009	0.08193	0.0816	0.10872	0.1025
V216	0.15396	0.34854	0.30159	0.0611	0.10095	0.03385
V217	0.22252	0.0041	0.09989	0.13515	0.37832	0.16002
V218	0.10993	0.21693	0.05313	0.47019	0.1325	0.01731
V219	0.5193	0.0396	0.13677	0.05429	0.11463	0.13541
V220	0.10894	0.01175	0.0551	0.69015	0.11421	0.01985
V221	0.15624	0.47943	0.09867	0.11993	0.11156	0.03416
V222	0.11638	0.19404	0.06677	0.18377	0.40444	0.03459
V223	0.16057	0.23569	0.29573	0.05116	0.1113	0.14555
V224	0.04927	0.00202	0.34127	0.06329	0.52679	0.01737
V225	0.32886	0.01497	0.13913	0.04324	0.12007	0.35373
V226	0.19486	0.05022	0.22403	0.29113	0.19277	0.047
V227	0.39735	0.02658	0.09913	0.26275	0.11492	0.09927
V228	0.14076	0.18031	0.42909	0.09826	0.10458	0.047
V229	0.14061	0.01572	0.34137	0.26433	0.19947	0.0385
V230	0.08726	0.13094	0.6411	0.05282	0.05424	0.03363
V231	0.08476	0.01703	0.04401	0.70352	0.13868	0.01201
V232	0.30825	0.02294	0.08506	0.31589	0.11924	0.14862
V233	0.49631	0.04496	0.13356	0.1212	0.11961	0.08436
V234	0.28888	0.01776	0.04818	0.08403	0.50948	0.05167
V235	0.09972	0.00428	0.05976	0.68806	0.12952	0.01866
V236	0.10886	0	0.18397	0.07733	0.54369	0.08614
V237	0.04817	0.00805	0.7163	0.13977	0.06658	0.02113
V238	0.41492	0.02416	0.14321	0.13583	0.13962	0.14227
V239	0.3253	0.0457	0.16949	0.17942	0.21104	0.06904
V240	0.07686	0.16382	0.01733	0.16363	0.55937	0.019
V241	0.3423	0.14445	0.08902	0.21578	0.14713	0.06132
V242	0.26428	0.0512	0.11861	0.21336	0.1911	0.16145
V243	0.09445	0.27715	0.40809	0.0901	0.10427	0.02595
V244	0.16239	0.01689	0.04063	0.06262	0.60319	0.11428
V245	0.49682	0.03384	0.12689	0.05174	0.12705	0.16366
V246	0.06227	0.03709	0.20402	0.35528	0.32262	0.01872
V247	0.2844	0.07569	0.09824	0.22166	0.13005	0.18997
V248	0.1849	0.03118	0.03505	0.25041	0.45305	0.04542
V249	0.19777	0.13795	0.38254	0.12338	0.07816	0.0802
V250	0.06675	0.01502	0.04372	0.74404	0.11888	0.0116
V251	0.11323	0.38373	0.17304	0.19826	0.10417	0.02758
V252	0.0616	0.00836	0.06846	0.69431	0.15322	0.01406
V253	0.14301	0.04566	0.05931	0.39273	0.23322	0.12607
V254	0.10293	0.18161	0.09494	0.21358	0.36731	0.03963
V255	0.26665	0.23667	0.13925	0.11243	0.15934	0.08567
V256	0.13498	0.5568	0.07726	0.06669	0.12869	0.03558
V257	0.1191	0.28128	0.06651	0.08616	0.40168	0.04526
V258	0.08878	0.16573	0.15391	0.47038	0.09943	0.02178
V259	0.10664	0.38771	0.32052	0.06707	0.08383	0.03424
V260	0.12686	0.03205	0.03376	0.08374	0.65784	0.06575
V261	0.33366	0.03639	0.10531	0.09294	0.31528	0.11643
V262	0.08422	0.0192	0.70773	0.05624	0.1084	0.02422
V263	0.06694	0.05147	0.55421	0.23016	0.07174	0.02548
V264	0.38864	0.04276	0.18771	0.08865	0.16357	0.12867
V265	0.06802	0	0	0.09745	0.81405	0.02048
V266	0.31657	0.04349	0.1334	0.04481	0.12763	0.3341
V267	0.18696	0.46313	0.07714	0.12186	0.11445	0.03647
V268	0.55601	0.04311	0.12264	0.06688	0.10557	0.10578
V269	0.07356	0.03706	0.1334	0.61261	0.12924	0.01413
V270	0.22968	0.34562	0.09281	0.07601	0.2121	0.04378
V271	0.19377	0.11444	0.30976	0.05529	0.10814	0.21859
V272	0.07186	0	0.0051	0.14052	0.74004	0.04249
V273	0.0837	0.00075	0.05199	0.14012	0.68677	0.03668
V274	0.23355	0.0118	0.25462	0.09359	0.11312	0.29332
V275	0.4277	0.17831	0.11401	0.0734	0.11192	0.09465
V276	0.20329	0.20808	0.14815	0.12375	0.14522	0.17151
V277	0.36354	0.03486	0.10071	0.05957	0.25537	0.18595
V278	0.13155	0.09196	0.11162	0.25829	0.37363	0.03296
V279	0.23549	0.05144	0.27419	0.0953	0.11301	0.23057
V280	0.11439	0.00509	0.04858	0.68723	0.12165	0.02305
V281	0.13503	0.54204	0.10048	0.08553	0.10589	0.03103
V282	0.06531	0.02645	0.00921	0.12702	0.75039	0.02163
V283	0.09606	0.29122	0.03198	0.07612	0.47779	0.02684
V284	0.10076	0.07834	0.30028	0.33235	0.12604	0.06223
V285	0.0668	0.01498	0.0372	0.74249	0.12691	0.01162
V286	0.39128	0.05392	0.16167	0.23145	0.09807	0.06361
V287	0.0673	0.00604	0.03319	0.14094	0.7182	0.03434
V288	0.21036	0.22185	0.09217	0.05555	0.2313	0.18877
V289	0.05626	0.07458	0.62725	0.13864	0.07998	0.02328
V290	0.05887	0.00251	0.21382	0.59914	0.10766	0.01801
V291	0.07769	0.02278	0.03775	0.72042	0.12595	0.01541
V292	0.13395	0.06892	0.05314	0.51056	0.21113	0.0223
V293	0.05687	0.0329	0.02836	0.0816	0.77905	0.02122
V294	0.33092	0.0437	0.0665	0.07812	0.38218	0.09859
V295	0.33442	0.00623	0.13956	0.03315	0.12953	0.35711
V296	0.11777	0.26482	0.12343	0.2762	0.15794	0.05983
V297	0.29203	0.06555	0.11713	0.04293	0.13045	0.35192
V298	0.12487	0.50136	0.18412	0.06378	0.09701	0.02886
V299	0.13031	0.07653	0.64444	0.054	0.06269	0.03202
V300	0.45268	0.12184	0.14434	0.06234	0.10278	0.11602
V301	0.31607	0.30988	0.13519	0.07405	0.11033	0.05449
V302	0.09015	0.19488	0.0954	0.44665	0.15141	0.02151
V303	0.11991	0.45664	0.11088	0.07348	0.20682	0.03227
V304	0.06327	0	0.01942	0.07516	0.82183	0.02032
V305	0.11016	0.00805	0.19292	0.41382	0.18318	0.09187
V306	0.36852	0.1055	0.11121	0.05113	0.11345	0.2502
V307	0.14691	0.01195	0.02659	0.08544	0.67562	0.0535
V308	0.06049	0.00821	0.03635	0.75988	0.1267	0.00836
V309	0.10824	0.352	0.06275	0.34216	0.11066	0.02419
V310	0.15908	0.28599	0.28996	0.05478	0.10455	0.10565
V311	0.41965	0.02435	0.12513	0.05179	0.11427	0.26482
V312	0.12192	0.01121	0.0244	0.35553	0.4561	0.03083
V313	0.34582	0.02144	0.11388	0.08792	0.11853	0.31242
V314	0.18055	0.01786	0.05696	0.60109	0.11816	0.02538
V315	0.18209	0.4692	0.08292	0.05964	0.15687	0.04928
V316	0.30698	0.01714	0.12288	0.11819	0.1355	0.29931
V317	0.11157	0.00168	0.05015	0.61494	0.15346	0.06821
V318	0.06396	0.00887	0.06366	0.73072	0.11667	0.01613
V319	0.24389	0.15379	0.27461	0.17805	0.09468	0.05499
V320	0.19718	0.15796	0.33499	0.14997	0.08916	0.07075
V321	0.11345	0.42091	0.06047	0.26721	0.11572	0.02222
V322	0.08907	0	0.08805	0.08187	0.67513	0.06587
V323	0.095	0.1976	0.03479	0.35238	0.30153	0.01871
V324	0.12511	0.03143	0.06907	0.24087	0.44406	0.08945
V325	0.15931	0.54049	0.09917	0.05971	0.10624	0.03509
V326	0.18524	0.49455	0.09316	0.05995	0.12756	0.03954
V327	0.08837	0.01366	0.78046	0.04384	0.04499	0.02868
V328	0.15472	0.1514	0.1901	0.17891	0.29408	0.03079
V329	0.05242	0.00396	0.48044	0.05679	0.37976	0.02663
V330	0.04555	0.01068	0.8041	0.05343	0.0602	0.02604
V331	0.41972	0.08657	0.15019	0.1356	0.10937	0.09855
V332	0.14237	0.05595	0.17213	0.06306	0.43764	0.12886
V333	0.06484	0.01784	0.40066	0.33962	0.14942	0.02762
V334	0.08867	0.2919	0.36623	0.15043	0.07856	0.02421
V335	0.12401	0.02806	0.68018	0.05054	0.05375	0.06346
V336	0.25537	0.41816	0.10877	0.05858	0.11161	0.04751
V337	0.10092	0.13278	0.06499	0.07713	0.60234	0.02184
V338	0.43005	0.03236	0.12918	0.06893	0.25689	0.0826
V339	0.12479	0.07499	0.36747	0.26707	0.10421	0.06147
V340	0.38079	0.21851	0.0965	0.09953	0.12864	0.07603
V341	0.18298	0.0399	0.08599	0.51214	0.14678	0.0322
V342	0.11275	0.00821	0.05812	0.58533	0.16182	0.07377
V343	0.24203	0.14103	0.20363	0.06648	0.11857	0.22827
V344	0.12899	0.42466	0.06019	0.07995	0.24481	0.0614
V345	0.05306	0	0.00339	0.08508	0.84184	0.01663
V346	0.13326	0.01252	0.04462	0.40403	0.37073	0.03484
V347	0.29552	0.11604	0.08575	0.1363	0.31283	0.05355
V348	0.11899	0.11071	0.5647	0.06486	0.10921	0.03153
V349	0.42659	0.08906	0.13531	0.14629	0.13536	0.0674
V350	0.2895	0.05071	0.19307	0.26407	0.09761	0.10504
V351	0.30086	0.07176	0.1493	0.06691	0.13027	0.2809
V352	0.15093	0.2411	0.05994	0.05534	0.36118	0.13151
V353	0.06835	0.14312	0.66808	0.04495	0.05213	0.02338
V354	0.16863	0.04424	0.24712	0.05233	0.3697	0.11799
V355	0.04511	0.03422	0.80387	0.05292	0.04348	0.02041
V356	0.31992	0.11368	0.10931	0.26006	0.12852	0.0685
V357	0.20656	0.02206	0.38552	0.07195	0.26884	0.04507
V358	0.27603	0.00251	0.17663	0.07365	0.12534	0.34582
V359	0.13606	0.06878	0.04937	0.54316	0.17246	0.03018
V360	0.30366	0.01798	0.06997	0.24013	0.30475	0.06351
V361	0.13499	0.56723	0.07816	0.07309	0.11536	0.03117
V362	0.11157	0.3556	0.08169	0.31497	0.11497	0.0212
V363	0.43791	0.08353	0.14518	0.0585	0.19078	0.0841
V364	0.21829	0.15879	0.0967	0.08009	0.22089	0.22524
V365	0.27522	0.29725	0.08889	0.18184	0.10714	0.04966
V366	0.12038	0.18836	0.41467	0.10814	0.13671	0.03174
V367	0.07238	0.00053	0.03769	0.52354	0.34158	0.02428
V368	0.19496	0.11706	0.14802	0.08014	0.24366	0.21616
V369	0.07944	0.02008	0.00738	0.12553	0.72414	0.04344
V370	0.08127	0.06641	0.56024	0.17281	0.07829	0.04098
V371	0.12688	0.18471	0.06016	0.44935	0.1093	0.06961
V372	0.13403	0.44663	0.06209	0.08076	0.22777	0.04872
V373	0.5204	0.04807	0.12265	0.05386	0.10859	0.14642
V374	0.14998	0.01623	0.2425	0.45529	0.11254	0.02347
V375	0.26153	0.02367	0.22526	0.11074	0.3258	0.053
V376	0.22587	0.04305	0.11136	0.16494	0.18989	0.26489
V377	0.07817	0.01179	0.34959	0.06069	0.47094	0.02883
V378	0.23499	0.06873	0.27136	0.03601	0.13509	0.25383
V379	0.37765	0.02881	0.23796	0.04151	0.10109	0.21297
V380	0.05592	0.02598	0.02801	0.08909	0.77986	0.02114
V381	0.22769	0.03927	0.3163	0.29102	0.09002	0.0357
V382	0.05975	0.01962	0.01296	0.23489	0.65565	0.01714
V383	0.15695	0.04139	0.37235	0.30349	0.09375	0.03206
V384	0.06709	0.02616	0.72737	0.06365	0.0907	0.02502
V385	0.31389	0.01327	0.15051	0.03067	0.1208	0.37085
V386	0.3642	0.0545	0.31259	0.06256	0.13638	0.06977
V387	0.17203	0.01728	0.09237	0.58636	0.10744	0.02453
V388	0.46196	0.07027	0.23935	0.05516	0.09944	0.07381
V389	0.35082	0.08595	0.12087	0.03933	0.12384	0.27919
V390	0.09875	0.02949	0.04819	0.63112	0.14433	0.04812
V391	0.08115	0.00795	0.04092	0.51907	0.32025	0.03066
V392	0.13007	0.03795	0.46869	0.14923	0.07642	0.13765
V393	0.11989	0.11961	0.36331	0.10753	0.19921	0.09044
V394	0.06359	0.00185	0.06082	0.70219	0.15962	0.01193
V395	0.04542	0.05577	0.78162	0.05277	0.04464	0.01979
V396	0.30586	0.06567	0.07779	0.35601	0.148	0.04667
V397	0.24611	0.15697	0.13004	0.0487	0.15689	0.26129
V398	0.12941	0.43728	0.0713	0.08239	0.24675	0.03288
V399	0.05144	0.0091	0.75675	0.08803	0.0637	0.03097
V400	0.18363	0.02334	0.07239	0.41514	0.12503	0.18047
V401	0.12839	0.02694	0.58364	0.05671	0.15587	0.04846
V402	0.09358	0.01082	0.0466	0.71231	0.11656	0.02013
V403	0.18146	0	0.06503	0.08826	0.46311	0.20214
V404	0.04178	0.01959	0.83169	0.04423	0.04196	0.02075
V405	0.24765	0.26246	0.14275	0.10656	0.19557	0.04502
V406	0.18184	0.05362	0.21946	0.13891	0.2612	0.14497
V407	0.10263	0.0249	0.67976	0.03908	0.06442	0.08921
V408	0.09595	0.07825	0.06994	0.60203	0.10946	0.04436
V409	0.54669	0.07004	0.12149	0.05879	0.10613	0.09687
V410	0.55593	0.05227	0.12012	0.05975	0.12299	0.08893
V411	0.22301	0.00712	0.09714	0.29542	0.116	0.26131
V412	0.34619	0.16147	0.13429	0.10103	0.20084	0.05619
V413	0.0732	0.08094	0.06279	0.63827	0.13176	0.01304
V414	0.11139	0.0528	0.04853	0.52391	0.24101	0.02237
V415	0.0852	0.00913	0.30636	0.37552	0.17634	0.04745
V416	0.09632	0.10567	0.03377	0.27077	0.43975	0.05372
V417	0.27044	0.00522	0.17054	0.16545	0.10982	0.27851
V418	0.06559	0.06141	0.35304	0.16971	0.31819	0.03207
V419	0.30539	0.02883	0.12253	0.03102	0.13367	0.37857
V420	0.31392	0.0017	0.12301	0.04193	0.13411	0.38534
V421	0.07824	0.03576	0.0585	0.13156	0.66814	0.0278
V422	0.17472	0.21418	0.03952	0.07449	0.46254	0.03454
V423	0.09519	0.11453	0.04098	0.61471	0.11878	0.01581
V424	0.46932	0.10821	0.12459	0.11983	0.1025	0.07555
V425	0.06233	0.07359	0.01721	0.07443	0.7508	0.02164
V426	0.23335	0.04213	0.27469	0.04261	0.11194	0.29527
V427	0.3109	0.11618	0.20064	0.17514	0.12011	0.07703
V428	0.1949	0.01912	0.05282	0.59503	0.1107	0.02742
V429	0.06111	0.01456	0.10939	0.51501	0.28145	0.01847
V430	0.08486	0.06667	0.50072	0.22375	0.08353	0.04047
V431	0.03869	0.01806	0.81036	0.06995	0.04349	0.01946
V432	0.09717	0.2935	0.06929	0.39626	0.12343	0.02035
V433	0.06272	0.00245	0.06945	0.74108	0.11543	0.00887
V434	0.08193	0.20332	0.17423	0.42601	0.09813	0.01639
V435	0.09448	0	0.021	0.06709	0.73257	0.08485
V436	0.49988	0.1194	0.12217	0.07667	0.10386	0.07802
V437	0.18668	0.2107	0.29188	0.069	0.18353	0.05821
V438	0.10679	0.26365	0.03928	0.11778	0.44567	0.02682
V439	0.05437	0.00649	0.08524	0.07291	0.76161	0.01938
V440	0.14023	0.04564	0.3852	0.10303	0.259	0.0669
V441	0.11655	0.0601	0.44521	0.18416	0.09118	0.10279
V442	0.29861	0.11586	0.22724	0.11334	0.14528	0.09967
V443	0.06825	0.00167	0.08384	0.68272	0.14392	0.0196
V444	0.43931	0.05706	0.12997	0.0851	0.19384	0.09472
V445	0.55947	0.05285	0.13902	0.05896	0.10295	0.08675
V446	0.1146	0.38226	0.27859	0.0756	0.10961	0.03933
V447	0.19975	0.18037	0.0723	0.22475	0.16115	0.16168
V448	0.05442	0.0258	0.74545	0.04743	0.10577	0.02113
V449	0.35544	0.04764	0.09964	0.3172	0.1044	0.07568
V450	0.09315	0.0168	0.59935	0.05085	0.21294	0.0269
V451	0.10746	0.03335	0.1448	0.19175	0.49868	0.02396
V452	0.15603	0.01545	0.08951	0.44102	0.16302	0.13497
V453	0.22481	0.01931	0.48527	0.15564	0.0758	0.03917
V454	0.15648	0.05247	0.13637	0.51688	0.10896	0.02884
V455	0.15912	0.51446	0.10342	0.07943	0.10616	0.03742
V456	0.50499	0.03641	0.14454	0.06602	0.14707	0.10098
V457	0.23817	0.01016	0.08717	0.05367	0.34142	0.2694
V458	0.0892	0.00324	0.36878	0.0646	0.41494	0.05924
V459	0.05823	0.02018	0.51028	0.32872	0.06737	0.01522
V460	0.26288	0.06558	0.28022	0.1744	0.12203	0.09489
V461	0.20256	0.03998	0.06434	0.42599	0.22169	0.04545
V462	0.04665	0.00998	0.79455	0.06075	0.05372	0.03434
V463	0.05234	0.019	0.01249	0.11197	0.78841	0.01579
V464	0.14717	0.51984	0.08007	0.08066	0.14096	0.0313
V465	0.25373	0.09377	0.42659	0.04952	0.11626	0.06013
V466	0.09937	0.01714	0.05077	0.63488	0.17369	0.02414
V467	0.56871	0.04563	0.13172	0.05899	0.10405	0.0909
V468	0.23569	0.09024	0.1305	0.27189	0.23253	0.03915
V469	0.07726	0.10455	0.57654	0.12857	0.06936	0.04372
V470	0.36534	0.03309	0.11241	0.13097	0.29503	0.06315
V471	0.09965	0.16289	0.47107	0.10533	0.10892	0.05214
V472	0.12776	0.33827	0.04678	0.09297	0.35323	0.04099
V473	0.13997	0.57583	0.08573	0.06059	0.10806	0.02982
V474	0.08484	0.00486	0.3363	0.46611	0.0895	0.0184
V475	0.09581	0.11277	0.24626	0.2088	0.30715	0.02921
V476	0.33717	0.03483	0.09352	0.24344	0.15458	0.13646
V477	0.14979	0.40279	0.11682	0.13554	0.12585	0.06921
V478	0.0565	0.0169	0.7638	0.05993	0.05631	0.04655
V479	0.0845	0.10773	0.62893	0.05509	0.09612	0.02763
V480	0.08254	0.16447	0.03338	0.31235	0.39007	0.01719
V481	0.26735	0.08595	0.15203	0.12684	0.30989	0.05794
V482	0.4352	0.02475	0.13712	0.05422	0.11392	0.23479
V483	0.13079	0.54489	0.12486	0.06633	0.1041	0.02902
V484	0.49538	0.03865	0.17273	0.05776	0.15256	0.08291
V485	0.19542	0.10913	0.45072	0.11624	0.07804	0.05044
V486	0.16559	0.01418	0.62041	0.07902	0.05875	0.06204
V487	0.09142	0.23599	0.03058	0.07659	0.5401	0.02532
V488	0.22514	0.43984	0.09548	0.09425	0.10455	0.04075
V489	0.47054	0.05389	0.17744	0.06655	0.15151	0.08007
V490	0.2892	0.04111	0.10645	0.09679	0.14816	0.3183
V491	0.11495	0.19868	0.30993	0.05606	0.28422	0.03617
V492	0.19636	0.0289	0.26916	0.12802	0.18214	0.19541
V493	0.48046	0.14034	0.11172	0.08511	0.10461	0.07775
V494	0.19065	0.03061	0.39395	0.06172	0.08618	0.23689
V495	0.20168	0.36744	0.22302	0.07055	0.10036	0.03694
V496	0.18476	0.10401	0.28896	0.05173	0.27803	0.09251
V497	0.07721	0.13976	0.14493	0.09606	0.52101	0.02104
V498	0.10575	0.07932	0.3145	0.33003	0.13861	0.03178
V499	0.12512	0.4311	0.18579	0.1133	0.11002	0.03467
V500	0.30477	0.15628	0.12652	0.10815	0.23523	0.06905
V501	0.15226	0.53392	0.07901	0.07931	0.11528	0.04022
V502	0.06029	0.00636	0.01555	0.27917	0.61962	0.01902
V503	0.13539	0.22386	0.07837	0.42665	0.11449	0.02124
V504	0.14447	0.53221	0.11366	0.06003	0.11882	0.03082
V505	0.06291	0.00253	0.42184	0.37245	0.10734	0.03293
V506	0.29886	0.02008	0.11979	0.19931	0.17649	0.18548
V507	0.30897	0	0.12332	0.03048	0.14529	0.39195
V508	0.121	0.37105	0.09072	0.13225	0.25601	0.02897
V509	0.0748	0.00893	0.03936	0.65814	0.20761	0.01116
V510	0.55688	0.04334	0.1195	0.05994	0.13133	0.08902
V511	0.24437	0.01028	0.08911	0.27833	0.12441	0.25349
V512	0.11002	0.16501	0.51643	0.07085	0.08828	0.04941
V513	0.05873	0.01539	0.19045	0.11329	0.60266	0.01948
V514	0.14895	0.50829	0.12846	0.05601	0.1038	0.05448
V515	0.12747	0.25831	0.0605	0.41007	0.10919	0.03446
V516	0.0503	0.04518	0.66963	0.05684	0.15344	0.02461
V517	0.04838	0.00262	0.33277	0.25004	0.34915	0.01704
V518	0.25208	0.27914	0.10573	0.15237	0.14496	0.06572
V519	0.19125	0.37942	0.08557	0.12923	0.1157	0.09883
V520	0.41648	0.10088	0.1244	0.16163	0.10296	0.09365
V521	0.09989	0.00178	0.0134	0.08857	0.76459	0.03177
V522	0.27716	0.15392	0.08552	0.08267	0.29638	0.10435
V523	0.29206	0.14966	0.1404	0.19022	0.11133	0.11632
V524	0.09643	0	0.07949	0.20878	0.55254	0.06277
V525	0.38168	0.0201	0.15779	0.05982	0.11036	0.27025
V526	0.11862	0.47114	0.139	0.0663	0.17644	0.02849
V527	0.23399	0.02896	0.52629	0.05782	0.10805	0.04489
V528	0.50314	0.03913	0.21179	0.0652	0.10243	0.07831
V529	0.10534	0.05862	0.06019	0.62449	0.13185	0.01952
V530	0.12834	0.1693	0.31817	0.15706	0.14904	0.07809
V531	0.56175	0.05306	0.12207	0.06852	0.10494	0.08966
V532	0.11454	0.00538	0.09202	0.55751	0.20816	0.02239
V533	0.14622	0.00164	0.28262	0.07754	0.3638	0.12819
V534	0.11266	8e-05	0.05069	0.55179	0.19776	0.08702
V535	0.33	0.05742	0.26182	0.18553	0.09726	0.06798
V536	0.05872	0.00513	0.63476	0.20711	0.05774	0.03655
V537	0.12011	0.39772	0.06765	0.26506	0.11656	0.0329
V538	0.1885	0	0.0844	0.4128	0.11592	0.19838
V539	0.07002	0.00184	0.04418	0.62808	0.23776	0.01813
V540	0.22447	0.02236	0.33413	0.07224	0.28561	0.0612
V541	0.09277	0.17218	0.04922	0.52905	0.13163	0.02514
V542	0.1077	0.36243	0.07247	0.26746	0.16503	0.02491
V543	0.04593	0.00481	0.53853	0.07958	0.30797	0.02318
V544	0.28048	0.03017	0.11842	0.07527	0.15029	0.34536
V545	0.10941	0.40498	0.10988	0.0824	0.26557	0.02775
V546	0.35378	0.07114	0.08875	0.29733	0.12987	0.05913
V547	0.10158	0.06455	0.0297	0.39632	0.36173	0.04611
V548	0.30817	0.01906	0.12368	0.0306	0.13393	0.38456
V549	0.12611	0.00837	0.57433	0.1338	0.08824	0.06915
V550	0.05684	0.00911	0.29475	0.06418	0.55457	0.02055
V551	0.2141	0.05407	0.12855	0.16484	0.20382	0.23462
V552	0.08235	0.03023	0.14852	0.3066	0.39554	0.03676
V553	0.50518	0.03807	0.14192	0.09497	0.13634	0.08353
V554	0.14397	0.53992	0.09756	0.05818	0.11313	0.04725
V555	0.30213	0.01329	0.11011	0.3084	0.10889	0.15717
V556	0.08844	0.01297	0.40828	0.37283	0.09204	0.02544
V557	0.15277	0.48884	0.14554	0.06417	0.10748	0.04121
V558	0.31819	0.16638	0.09963	0.17247	0.10796	0.13537
V559	0.05212	0	0.00207	0.20052	0.72811	0.01718
V560	0.45147	0.05791	0.11637	0.07616	0.19629	0.1018
V561	0.03839	0.02675	0.82863	0.04432	0.04181	0.0201
V562	0.33898	0.1984	0.13672	0.13067	0.10915	0.08608
V563	0.2895	0.00102	0.11381	0.11571	0.12248	0.35749
V564	0.20568	0.06629	0.06816	0.05631	0.37354	0.23002
V565	0.30883	0.00042	0.1337	0.02998	0.13409	0.39298
V566	0.25709	0.09021	0.12372	0.09567	0.15174	0.28157
V567	0.25409	0.22226	0.07928	0.26217	0.13043	0.05178
V568	0.07864	0.00098	0.01557	0.10489	0.78058	0.01934
V569	0.48248	0.06945	0.11314	0.09177	0.11583	0.12734
V570	0.4259	0.1415	0.13258	0.11834	0.10918	0.07249
V571	0.07146	0.17312	0.5786	0.06355	0.09057	0.0227
V572	0.05259	0.01595	0.70847	0.06519	0.13508	0.02271
V573	0.1831	0.50138	0.08688	0.05992	0.12826	0.04046
V574	0.16927	0.00329	0.43093	0.08587	0.11921	0.19142
V575	0.12772	0.42543	0.12536	0.16243	0.11635	0.04271
V576	0.23252	0.09477	0.05584	0.06711	0.50859	0.04116
V577	0.24547	0.05225	0.05305	0.12294	0.46386	0.06243
V578	0.09448	0	0.021	0.06709	0.73257	0.08485
V579	0.07557	0.02365	0.16374	0.28149	0.43675	0.0188
V580	0.12672	0.01928	0.10839	0.39179	0.30742	0.04639
V581	0.40442	0.06416	0.16083	0.13798	0.16882	0.06378
V582	0.40696	0.03784	0.10758	0.25236	0.11335	0.08191
V583	0.1401	0.04228	0.32732	0.04603	0.29872	0.14555
V584	0.13442	0.01552	0.04779	0.36481	0.33848	0.09898
V585	0.12828	0.31592	0.25934	0.12927	0.10519	0.06199
V586	0.17823	0.48885	0.11762	0.066	0.11067	0.03863
V587	0.18231	0.01875	0.29604	0.37291	0.09338	0.03662
V588	0.0714	0.00944	0.07049	0.71507	0.12349	0.01012
V589	0.14544	0.21276	0.30767	0.12103	0.09513	0.11799
V590	0.16832	0.03875	0.41287	0.11381	0.09198	0.17426
V591	0.4544	0.03479	0.1313	0.20085	0.10956	0.0691
V592	0.10765	0.22857	0.12038	0.38142	0.13994	0.02204
V593	0.06429	0.00847	0.04317	0.75692	0.11834	0.00881
V594	0.13542	0.00193	0.07271	0.58199	0.1201	0.08785
V595	0.13317	0.19795	0.09156	0.16865	0.3112	0.09746
V596	0.07737	0.1588	0.02864	0.13538	0.58227	0.01753
V597	0.26807	0.01665	0.06563	0.07603	0.52966	0.04396
V598	0.53597	0.076	0.11934	0.05892	0.11471	0.09506
V599	0.22299	0.00781	0.08141	0.20424	0.22247	0.26108
V600	0.34141	0.1065	0.09469	0.10459	0.18331	0.1695
V601	0.16071	0.11689	0.11028	0.37895	0.108	0.12517
V602	0.09218	0.01395	0.10951	0.07209	0.632	0.08026
V603	0.1923	0.29084	0.11596	0.10513	0.13753	0.15825
V604	0.10038	0.3021	0.03373	0.07602	0.4625	0.02527
V605	0.08431	0.02173	0.02571	0.07278	0.76569	0.02978
V606	0.3375	0.04956	0.30948	0.11202	0.08624	0.1052
V607	0.23244	0.03605	0.08107	0.06239	0.31248	0.27557
V608	0.16273	0.43092	0.08001	0.12033	0.12914	0.07688
V609	0.06167	0.01438	0.60386	0.23913	0.06057	0.02038
V610	0.0913	0.10285	0.43504	0.20694	0.11343	0.05044
V611	0.13047	0.54754	0.08692	0.08598	0.12065	0.02844
V612	0.07683	0.13648	0.04575	0.61877	0.11127	0.0109
V613	0.41421	0.14947	0.11947	0.04981	0.10896	0.15808
V614	0.11292	0.10132	0.50053	0.05215	0.13662	0.09647
V615	0.06159	0.04066	0.05163	0.08	0.74425	0.02187
V616	0.2877	0.3062	0.0882	0.0962	0.13144	0.09027
V617	0.05608	0.00537	0	0.08473	0.83472	0.0191
V618	0.1645	0.03033	0.60179	0.05347	0.085	0.06491
V619	0.11061	0.42131	0.19242	0.08548	0.15934	0.03085
V620	0.22016	0.01252	0.35406	0.05097	0.09234	0.26995
V621	0.06634	0.0018	0.09749	0.67464	0.14261	0.01712
V622	0.31851	0.13949	0.0834	0.06278	0.33846	0.05737
V623	0.18753	0.4848	0.08865	0.05728	0.12041	0.06134
V624	0.11578	0.39422	0.06043	0.29194	0.10944	0.02819
V625	0.09839	0.09729	0.21052	0.44375	0.11611	0.03394
V626	0.10307	0.02876	0.0402	0.23226	0.50725	0.08847
V627	0.36157	0.0249	0.0816	0.36623	0.10605	0.05964
V628	0.15722	0.05311	0.33921	0.13563	0.1835	0.13132
V629	0.09777	0.29795	0.05111	0.41464	0.11844	0.02009
V630	0.41618	0.03178	0.12991	0.10676	0.14445	0.17093
V631	0.23038	0	0.15135	0.18548	0.15896	0.27383
V632	0.07361	0.02269	0.13589	0.3356	0.40733	0.02487
V633	0.06112	0.1426	0.6711	0.05355	0.0516	0.02003
V634	0.43435	0.04134	0.11154	0.2435	0.10321	0.06607
V635	0.06265	0.03834	0.24394	0.5471	0.09377	0.01419
V636	0.1251	0.41573	0.05823	0.12237	0.22923	0.04935
V637	0.25859	0.05542	0.10649	0.03777	0.22777	0.31396
V638	0.08384	0.07752	0.07998	0.50294	0.23711	0.01862
V639	0.21344	0.05786	0.1129	0.09483	0.44455	0.07643
V640	0.10763	0.11222	0.44887	0.06387	0.19013	0.07727
V641	0.05375	0.06252	0.44099	0.08087	0.34174	0.02012
V642	0.2111	0.04455	0.33901	0.20699	0.08522	0.11312
V643	0.49436	0.04434	0.10736	0.14818	0.12208	0.08368
V644	0.47104	0.04092	0.10759	0.15698	0.1149	0.10857
V645	0.444	0.04643	0.12377	0.14545	0.10543	0.13491
V646	0.05548	0.01058	0.38926	0.06065	0.46297	0.02107
V647	0.2198	0.01193	0.10666	0.34975	0.13854	0.17331
V648	0.18615	0.25375	0.19741	0.10478	0.12098	0.13693
V649	0.13031	0.01346	0.07073	0.63757	0.12485	0.02308
V650	0.18335	0.15022	0.21866	0.06831	0.34436	0.0351
V651	0.17838	0.25499	0.13085	0.08615	0.24406	0.10557
V652	0.08008	0.00358	0.13551	0.63245	0.13123	0.01715
V653	0.16941	0.31859	0.09706	0.08272	0.20234	0.12988
V654	0.49089	0.04592	0.18252	0.06645	0.13216	0.08206
V655	0.23906	0.00527	0.08548	0.11747	0.38979	0.16292
V656	0.11003	0.06998	0.54368	0.09183	0.15466	0.02981
V657	0.28785	0.02197	0.06252	0.16392	0.35687	0.10686
V658	0.06516	0.05736	0.17542	0.58978	0.10128	0.01101
V659	0.13916	0.5554	0.08488	0.06618	0.11481	0.03957
V660	0.51737	0.04756	0.12006	0.07343	0.10749	0.13408
V661	0.18446	0.00082	0.21493	0.17756	0.23452	0.18771
V662	0.45693	0.04099	0.11996	0.17464	0.11233	0.09515
V663	0.09268	0.11744	0.02747	0.1077	0.63213	0.02259
V664	0.1249	0.06022	0.65054	0.0455	0.0787	0.04015
V665	0.05448	0	0	0.08453	0.84195	0.01904
V666	0.28599	0.24914	0.08845	0.16127	0.13853	0.07663
V667	0.27572	0.00129	0.1477	0.08453	0.13854	0.35223
V668	0.48287	0.14822	0.12117	0.06793	0.10385	0.07597
V669	0.22407	0.09322	0.07978	0.30617	0.12184	0.17493
V670	0.14099	0.25862	0.08044	0.32384	0.12492	0.07119
V671	0.21892	0.0137	0.06323	0.56424	0.10906	0.03086
V672	0.12311	0.37561	0.05972	0.30683	0.11002	0.02472
V673	0.21152	0.12461	0.28405	0.04384	0.09582	0.24015
V674	0.45919	0.03451	0.09748	0.06231	0.27516	0.07134
V675	0.2752	0.1188	0.12373	0.03637	0.14329	0.30261
V676	0.06882	0.00284	0.11219	0.68772	0.11812	0.01032
V677	0.21405	0.2908	0.22112	0.04575	0.09424	0.13403
V678	0.17952	0.0661	0.08947	0.06709	0.48168	0.11614
V679	0.26282	0.09044	0.15146	0.06365	0.12274	0.3089
V680	0.06512	0.00134	0.32501	0.06094	0.5081	0.03949
V681	0.15965	0.49578	0.10596	0.06177	0.10602	0.07081
V682	0.16153	0.39809	0.07064	0.06901	0.20099	0.09974
V683	0.07665	0	0.01172	0.07096	0.78884	0.05183
V684	0.16192	0.48507	0.07484	0.12663	0.11477	0.03677
V685	0.1023	0.408	0.26866	0.05507	0.13868	0.02728
V686	0.23359	0.02314	0.46125	0.0504	0.093	0.13861
V687	0.15309	0.19252	0.30328	0.13801	0.08859	0.12451
V688	0.3179	0.01673	0.07438	0.0675	0.40055	0.12295
V689	0.09672	0.02361	0.5986	0.15048	0.08515	0.04545
V690	0.11397	0.00705	0.04943	0.09008	0.65457	0.08489
V691	0.14045	0.32849	0.22079	0.12292	0.13188	0.05547
V692	0.33633	0.02134	0.07322	0.33952	0.17394	0.05564
V693	0.47271	0.13327	0.12801	0.07499	0.10346	0.08755
V694	0.46637	0.13055	0.11742	0.10178	0.10344	0.08044
V695	0.48733	0.03612	0.1029	0.07746	0.19738	0.09881
V696	0.13517	0.33	0.08953	0.11381	0.29792	0.03357
V697	0.08383	0.02552	0.67502	0.08928	0.08645	0.03991
V698	0.13703	0.57033	0.07885	0.06692	0.11572	0.03115
V699	0.16963	0.03005	0.52272	0.08312	0.13568	0.05881
V700	0.13097	0.0116	0.01234	0.08063	0.73116	0.0333
V701	0.5409	0.04118	0.13109	0.05552	0.10664	0.12466
V702	0.23981	0.01777	0.15436	0.20217	0.11941	0.26649
V703	0.19663	0.34408	0.07514	0.06318	0.28089	0.04008
V704	0.28181	0.23215	0.2551	0.05213	0.10563	0.07318
V705	0.08079	0.0828	0.24682	0.20202	0.36225	0.02532
V706	0.16788	0.08098	0.3534	0.04247	0.19621	0.15906
V707	0.4374	0.04338	0.1185	0.04557	0.12502	0.23012
V708	0.08742	0.283	0.46209	0.06493	0.07701	0.02554
V709	0.06251	0.00148	0.03223	0.69515	0.1993	0.00933
V710	0.28763	0.06558	0.16942	0.10967	0.2901	0.0776
V711	0.09852	0.16641	0.3868	0.2104	0.08508	0.05279
V712	0.08142	0.19197	0.03101	0.07764	0.59554	0.02242
V713	0.24371	0.37049	0.11113	0.088	0.12711	0.05956
V714	0.09897	0.33966	0.39236	0.05925	0.08425	0.0255
V715	0.05644	0.02762	0.80027	0.04358	0.04435	0.02775
V716	0.17049	0.02368	0.06145	0.32205	0.28743	0.13491
V717	0.07334	0.00651	0.02346	0.07294	0.79002	0.03373
V718	0.08815	0.26838	0.03298	0.07005	0.51917	0.02127
V719	0.13742	0.52568	0.09937	0.06598	0.13333	0.03822
V720	0.20311	0.01065	0.2615	0.33038	0.12201	0.07235
V721	0.1618	0.2166	0.26214	0.0456	0.17897	0.13489
V722	0.05285	0	0.01026	0.07748	0.84263	0.01677
V723	0.12223	0.44296	0.09831	0.07391	0.22324	0.03936
V724	0.11215	0.22685	0.34849	0.14045	0.14893	0.02314
V725	0.09561	0.04391	0.07826	0.17585	0.55201	0.05436
V726	0.06516	0.01924	0.46888	0.07937	0.32646	0.0409
V727	0.23372	0.00103	0.19138	0.18446	0.11635	0.27307
V728	0.0738	0.00873	0.03886	0.73482	0.11931	0.02447
V729	0.20123	0.34158	0.08543	0.09126	0.23588	0.04462
V730	0.17268	0.00124	0.14708	0.41511	0.11485	0.14904
V731	0.15867	0.04934	0.42334	0.04946	0.24175	0.07743
V732	0.14728	0.29658	0.07197	0.09878	0.31795	0.06742
V733	0.19476	0.0072	0.30231	0.22862	0.14198	0.12513
V734	0.23993	0.00487	0.331	0.03227	0.11404	0.27789
V735	0.08565	0.06255	0.05334	0.64631	0.11845	0.0337
V736	0.16538	0.38097	0.12583	0.08747	0.11823	0.12212
V737	0.04889	0	0.00273	0.08508	0.84716	0.01614
V738	0.24788	0.05362	0.13594	0.37635	0.1181	0.06811
V739	0.16556	0.23198	0.19147	0.0892	0.27064	0.05115
V740	0.08906	0.18875	0.34164	0.095	0.25576	0.0298
V741	0.27876	0.13246	0.19874	0.13272	0.21008	0.04724
V742	0.21752	0.01958	0.08237	0.41615	0.21382	0.05056
V743	0.07353	0.08118	0.24129	0.32424	0.2571	0.02265
V744	0.32209	0.09655	0.11091	0.19369	0.10875	0.16801
V745	0.11877	0.34845	0.05128	0.10074	0.35376	0.027
V746	0.51286	0.0557	0.12194	0.08489	0.12246	0.10215
V747	0.16005	0.01566	0.1231	0.09868	0.56449	0.03802
V748	0.19092	0.04742	0.28614	0.07068	0.20913	0.19571
V749	0.33382	0.02597	0.09	0.19966	0.21055	0.14002
V750	0.07024	0.06145	0.03696	0.69723	0.12415	0.00998
V751	0.0671	0.00887	0.06202	0.70607	0.14607	0.00986
V752	0.16446	0.0153	0.05307	0.13261	0.59679	0.03778
V753	0.1843	0	0.08447	0.14382	0.4235	0.16392
V754	0.14766	0.31638	0.16741	0.11299	0.14552	0.11004
V755	0.24699	0.04483	0.06143	0.08844	0.4772	0.08111
V756	0.28324	0.01055	0.11955	0.04477	0.18288	0.35901
V757	0.19026	0.33169	0.08508	0.07303	0.16652	0.15343
V758	0.24707	0.4482	0.08771	0.06652	0.10613	0.04436
V759	0.13529	0.01842	0.06935	0.18631	0.53587	0.05477
V760	0.3009	0.00079	0.13023	0.06215	0.12393	0.382
V761	0.04571	0.00886	0.31489	0.07996	0.53399	0.01659
V762	0.08834	0.00924	0.69681	0.07912	0.07662	0.04987
V763	0.08233	0.1077	0.05795	0.59068	0.1401	0.02123
V764	0.18613	0.01234	0.12964	0.23747	0.32363	0.11079
V765	0.30886	0.01041	0.12236	0.04179	0.13394	0.38266
V766	0.25792	0.26487	0.08672	0.0752	0.24484	0.07046
