CD19B	CD56NK	CD4MemoryT	CD14
V1	0.44557	0.07539	0.18103	0.29801
V2	0.17509	0.15775	0.08816	0.57901
V3	0.09259	0.56004	0.04319	0.30418
V4	0.69403	0.15126	0.03952	0.11519
V5	0.1298	0.44756	0.21884	0.2038
V6	0.09806	0.7529	0.04557	0.10347
V7	0.1614	0.36448	0.10195	0.37216
V8	0.15075	0.08618	0.64271	0.12036
V9	0.22572	0.27141	0.07227	0.43059
V10	0.06619	0.09388	0.70478	0.13516
V11	0.19772	0.35527	0.35491	0.0921
V12	0.06552	0.53171	0.30555	0.09722
V13	0.23573	0.62538	0.03489	0.104
V14	0.09213	0.78502	0.03446	0.08839
V15	0.13585	0.53649	0.12582	0.20184
V16	0.72707	0.08403	0.0639	0.125
V17	0.10582	0.7512	0.03979	0.10319
V18	0.45181	0.3517	0.07361	0.12288
V19	0.15927	0.71063	0.03507	0.09504
V20	0.1726	0.43988	0.05189	0.33563
V21	0.15024	0.11798	0.61259	0.11919
V22	0.08519	0.16555	0.19589	0.55337
V23	0.32637	0.09696	0.47739	0.09928
V24	0.76572	0.06568	0.07215	0.09645
V25	0.28922	0.27026	0.13954	0.30098
V26	0.32124	0.38579	0.05221	0.24077
V27	0.14551	0.12851	0.06774	0.65824
V28	0.05568	0.10254	0.75066	0.09112
V29	0.36708	0.08422	0.42626	0.12243
V30	0.13191	0.25776	0.24092	0.36941
V31	0.19981	0.23811	0.25509	0.30699
V32	0.13218	0.10918	0.07641	0.68224
V33	0.08174	0.46343	0.2926	0.16223
V34	0.15008	0.1017	0.62816	0.12007
V35	0.16213	0.63189	0.09602	0.10996
V36	0.06984	0.11858	0.39099	0.42059
V37	0.43527	0.13128	0.1222	0.31125
V38	0.36014	0.07373	0.1826	0.38354
V39	0.16629	0.51249	0.13273	0.18849
V40	0.11379	0.71451	0.08965	0.08205
V41	0.05595	0.59968	0.06882	0.27555
V42	0.22359	0.10852	0.20335	0.46453
V43	0.14492	0.34156	0.39954	0.11399
V44	0.06757	0.1422	0.57352	0.21671
V45	0.11871	0.53073	0.19649	0.15406
V46	0.63842	0.11525	0.14634	0.09999
V47	0.36336	0.22477	0.27937	0.1325
V48	0.64044	0.20225	0.04427	0.11304
V49	0.57937	0.22139	0.03701	0.16222
V50	0.09125	0.72368	0.09616	0.08892
V51	0.26569	0.39048	0.22957	0.11426
V52	0.07367	0.16353	0.64389	0.11891
V53	0.58324	0.16042	0.16479	0.09156
V54	0.34641	0.22566	0.31732	0.1106
V55	0.21152	0.18856	0.22063	0.37929
V56	0.1104	0.10449	0.11346	0.67165
V57	0.11334	0.74515	0.04577	0.09574
V58	0.51416	0.06993	0.08322	0.33269
V59	0.34843	0.40093	0.12146	0.12918
V60	0.15671	0.2087	0.27834	0.35625
V61	0.63614	0.14801	0.05113	0.16473
V62	0.70621	0.07733	0.10767	0.10879
V63	0.05511	0.71943	0.12202	0.10344
V64	0.0505	0.73729	0.02806	0.18414
V65	0.09035	0.09914	0.12169	0.68882
V66	0.19951	0.61394	0.04741	0.13913
V67	0.16056	0.33225	0.40836	0.09884
V68	0.18065	0.2013	0.06665	0.5514
V69	0.0706	0.32235	0.47811	0.12894
V70	0.43027	0.19518	0.18533	0.18921
V71	0.18136	0.14308	0.3173	0.35826
V72	0.45464	0.20061	0.11956	0.22518
V73	0.15756	0.54945	0.13918	0.1538
V74	0.09453	0.25003	0.56808	0.08736
V75	0.56647	0.05632	0.20362	0.17359
V76	0.06787	0.2289	0.1785	0.52473
V77	0.0954	0.31525	0.04933	0.54001
V78	0.27111	0.1758	0.18658	0.36652
V79	0.05628	0.15737	0.62438	0.16197
V80	0.30611	0.08271	0.44747	0.16371
V81	0.09583	0.20243	0.60656	0.09518
V82	0.054	0.12478	0.72308	0.09813
V83	0.16299	0.22848	0.10282	0.50571
V84	0.33484	0.1143	0.17469	0.37617
V85	0.13229	0.32981	0.32553	0.21237
V86	0.09039	0.115	0.66752	0.12709
V87	0.06923	0.71677	0.07501	0.13898
V88	0.18524	0.13537	0.24401	0.43538
V89	0.09045	0.10492	0.19772	0.60691
V90	0.06207	0.76588	0.07495	0.0971
V91	0.06993	0.64716	0.17137	0.11154
V92	0.3792	0.08686	0.33618	0.19775
V93	0.71339	0.06156	0.04424	0.18081
V94	0.07248	0.43657	0.05436	0.43658
V95	0.22858	0.41706	0.15609	0.19828
V96	0.12728	0.16714	0.07199	0.63359
V97	0.54648	0.14746	0.20805	0.09801
V98	0.55162	0.31027	0.03533	0.10279
V99	0.64005	0.09108	0.16773	0.10115
V100	0.11305	0.09813	0.67553	0.11329
V101	0.09495	0.11294	0.05935	0.73276
V102	0.74932	0.09052	0.05	0.11015
V103	0.08815	0.1261	0.11994	0.66581
V104	0.06329	0.81386	0.03383	0.08902
V105	0.0824	0.78829	0.04017	0.08914
V106	0.13395	0.47552	0.27141	0.11912
V107	0.18663	0.23544	0.44708	0.13084
V108	0.15258	0.66099	0.10409	0.08233
V109	0.06823	0.21378	0.46118	0.25681
V110	0.08373	0.75224	0.06048	0.10356
V111	0.74407	0.04341	0.1091	0.10342
V112	0.15815	0.13712	0.35359	0.35114
V113	0.19887	0.17266	0.18016	0.44832
V114	0.24094	0.1216	0.11272	0.52474
V115	0.04803	0.66094	0.20108	0.08995
V116	0.15632	0.32789	0.3034	0.21239
V117	0.53274	0.27401	0.06701	0.12624
V118	0.16828	0.5277	0.06095	0.24307
V119	0.15599	0.15095	0.08923	0.60383
V120	0.11089	0.12948	0.65488	0.10475
V121	0.47076	0.17684	0.11986	0.23254
V122	0.78347	0.04796	0.05734	0.11123
V123	0.06166	0.48468	0.07263	0.38102
V124	0.52267	0.30485	0.03403	0.13845
V125	0.31793	0.40261	0.17284	0.10662
V126	0.10165	0.20869	0.08721	0.60246
V127	0.18549	0.12658	0.238	0.44992
V128	0.10045	0.10383	0.13474	0.66097
V129	0.45555	0.25694	0.16913	0.11838
V130	0.04899	0.58582	0.27511	0.09007
V131	0.06141	0.76549	0.02762	0.14548
V132	0.75958	0.04907	0.07268	0.11867
V133	0.73602	0.05903	0.0949	0.11005
V134	0.13646	0.38977	0.13679	0.33698
V135	0.13214	0.10841	0.18372	0.57573
V136	0.22583	0.39748	0.04639	0.3303
V137	0.51817	0.09271	0.23858	0.15054
V138	0.2006	0.39642	0.17045	0.23253
V139	0.29659	0.2467	0.19062	0.26609
V140	0.09951	0.16393	0.09062	0.64594
V141	0.10493	0.21196	0.4255	0.25761
V142	0.64192	0.05083	0.21296	0.0943
V143	0.34871	0.28908	0.09709	0.26512
V144	0.18321	0.21327	0.17108	0.43244
V145	0.04142	0.6688	0.20014	0.08964
V146	0.11877	0.10345	0.07831	0.69947
V147	0.73533	0.06755	0.06452	0.13261
V148	0.15347	0.14349	0.45832	0.24472
V149	0.23346	0.47768	0.19803	0.09084
V150	0.11619	0.27242	0.45988	0.15151
V151	0.19465	0.56513	0.05915	0.18107
V152	0.21259	0.42679	0.19697	0.16365
V153	0.12338	0.65674	0.04626	0.17362
V154	0.21915	0.43232	0.23549	0.11304
V155	0.38206	0.19043	0.25868	0.16883
V156	0.08151	0.19652	0.53458	0.1874
V157	0.26728	0.20943	0.27186	0.25143
V158	0.09506	0.09956	0.07138	0.734
V159	0.71235	0.10741	0.0418	0.13844
V160	0.55196	0.06788	0.10341	0.27675
V161	0.22188	0.09454	0.07774	0.60584
V162	0.1117	0.32653	0.10581	0.45597
V163	0.12343	0.46307	0.16251	0.25099
V164	0.28697	0.32677	0.12309	0.26317
V165	0.07848	0.30082	0.04337	0.57732
V166	0.08539	0.17218	0.10326	0.63917
V167	0.31511	0.07793	0.05658	0.55038
V168	0.24737	0.52277	0.09772	0.13214
V169	0.20442	0.13217	0.08311	0.5803
V170	0.14264	0.10399	0.42266	0.3307
V171	0.14665	0.26988	0.46086	0.1226
V172	0.57924	0.05559	0.26348	0.10169
V173	0.0962	0.20841	0.08218	0.61322
V174	0.08607	0.22599	0.1054	0.58253
V175	0.10678	0.09004	0.61303	0.19015
V176	0.04707	0.70528	0.15761	0.09003
V177	0.0468	0.82802	0.0285	0.09668
V178	0.05226	0.67236	0.03578	0.2396
V179	0.18431	0.0938	0.32664	0.39525
V180	0.06287	0.76562	0.08905	0.08245
V181	0.17432	0.18892	0.42789	0.20888
V182	0.26359	0.22295	0.37553	0.13792
V183	0.1748	0.70178	0.03457	0.08885
V184	0.8092	0.04012	0.05275	0.09792
V185	0.45581	0.40448	0.04581	0.0939
V186	0.13713	0.45349	0.22639	0.18299
V187	0.7755	0.04809	0.07225	0.10416
V188	0.11386	0.27527	0.04411	0.56676
V189	0.64851	0.07605	0.06021	0.21523
V190	0.53281	0.06727	0.2991	0.10083
V191	0.18609	0.24295	0.44731	0.12365
V192	0.25985	0.44729	0.07499	0.21788
V193	0.4815	0.09543	0.23136	0.19171
V194	0.06962	0.79276	0.03415	0.10347
V195	0.06089	0.1015	0.7392	0.09841
V196	0.0911	0.14871	0.06302	0.69717
V197	0.35221	0.11931	0.07241	0.45607
V198	0.09581	0.47018	0.2999	0.13412
V199	0.18858	0.111	0.18283	0.51759
V200	0.14581	0.52007	0.04936	0.28476
V201	0.12093	0.50964	0.17321	0.19622
V202	0.06991	0.10123	0.6042	0.22467
V203	0.16686	0.41166	0.31556	0.10592
V204	0.06157	0.50406	0.04151	0.39286
V205	0.06764	0.12354	0.70272	0.1061
V206	0.08995	0.15489	0.65911	0.09606
V207	0.16227	0.24371	0.08902	0.505
V208	0.23447	0.12809	0.53279	0.10465
V209	0.2589	0.44487	0.09201	0.20422
V210	0.10605	0.66599	0.10344	0.12452
V211	0.36072	0.08959	0.07881	0.47088
V212	0.41588	0.09944	0.37166	0.11302
V213	0.50545	0.09236	0.13916	0.26303
V214	0.2843	0.21491	0.1706	0.33019
V215	0.26786	0.16656	0.06348	0.5021
V216	0.10795	0.09826	0.07076	0.72302
V217	0.08438	0.46662	0.20373	0.24527
V218	0.12477	0.4314	0.16329	0.28055
V219	0.12785	0.57448	0.04226	0.25541
V220	0.05109	0.71696	0.03399	0.19796
V221	0.64884	0.0591	0.04992	0.24215
V222	0.27479	0.19136	0.3097	0.22415
V223	0.0561	0.19756	0.59246	0.15389
V224	0.79859	0.0402	0.06396	0.09725
V225	0.08373	0.75148	0.07627	0.08852
V226	0.27243	0.14184	0.48156	0.10417
V227	0.63427	0.05177	0.20428	0.10968
V228	0.60793	0.11682	0.10296	0.17229
V229	0.06814	0.10104	0.7174	0.11342
V230	0.09395	0.11313	0.07123	0.7217
V231	0.07895	0.3119	0.12817	0.48097
V232	0.08427	0.58915	0.02974	0.29683
V233	0.44853	0.14658	0.20044	0.20445
V234	0.06896	0.77999	0.0537	0.09734
V235	0.31817	0.12167	0.43907	0.12109
V236	0.0896	0.13903	0.61647	0.1549
V237	0.18667	0.09646	0.08136	0.6355
V238	0.14288	0.50677	0.22457	0.12578
V239	0.10987	0.40386	0.05463	0.43164
V240	0.4002	0.09937	0.36545	0.13498
V241	0.06697	0.094	0.69044	0.14859
V242	0.13794	0.66329	0.10405	0.09473
V243	0.22831	0.11229	0.50454	0.15486
V244	0.20699	0.0818	0.54856	0.16266
V245	0.46969	0.31098	0.08183	0.13749
V246	0.09441	0.20241	0.59269	0.11049
V247	0.17473	0.09238	0.64275	0.09014
V248	0.09765	0.11913	0.08878	0.69443
V249	0.05243	0.11791	0.68101	0.14865
V250	0.61825	0.05292	0.22613	0.1027
V251	0.76521	0.08146	0.0505	0.10283
V252	0.04728	0.72742	0.1434	0.08189
V253	0.31068	0.14125	0.17266	0.37541
V254	0.04661	0.79452	0.06962	0.08925
V255	0.07637	0.77925	0.02724	0.11714
V256	0.17921	0.25144	0.40993	0.15942
V257	0.34607	0.16311	0.22244	0.26838
V258	0.17916	0.29353	0.34146	0.18585
V259	0.07763	0.31319	0.4861	0.12308
V260	0.05004	0.30752	0.54958	0.09287
V261	0.48966	0.09406	0.20264	0.21364
V262	0.14501	0.13583	0.06744	0.65172
V263	0.05558	0.81312	0.02829	0.10301
V264	0.18124	0.11841	0.35518	0.34517
V265	0.10148	0.09671	0.15382	0.64799
V266	0.51877	0.35232	0.04058	0.08834
V267	0.06312	0.23847	0.24756	0.45085
V268	0.32826	0.09913	0.16175	0.41086
V269	0.04932	0.5105	0.31282	0.12736
V270	0.51107	0.08593	0.23852	0.16448
V271	0.63253	0.11493	0.07297	0.17958
V272	0.08509	0.70935	0.03936	0.16619
V273	0.11816	0.11015	0.08359	0.6881
V274	0.55957	0.05742	0.19651	0.1865
V275	0.05497	0.10233	0.74446	0.09823
V276	0.39992	0.34776	0.04564	0.20668
V277	0.09233	0.25886	0.16373	0.48508
V278	0.09611	0.14162	0.25981	0.50246
V279	0.54197	0.11406	0.13764	0.20633
V280	0.09506	0.09956	0.07138	0.734
V281	0.43609	0.0971	0.16138	0.30544
V282	0.09662	0.13902	0.62399	0.14036
V283	0.19557	0.52604	0.08292	0.19547
V284	0.06274	0.77264	0.07505	0.08957
V285	0.10626	0.09044	0.71284	0.09046
V286	0.21743	0.50134	0.11915	0.16208
V287	0.11282	0.74456	0.04019	0.10243
V288	0.06616	0.31026	0.34037	0.28322
V289	0.24771	0.25607	0.34357	0.15265
V290	0.66276	0.19185	0.0523	0.0931
V291	0.39863	0.12544	0.37088	0.10505
V292	0.75821	0.04956	0.04595	0.14628
V293	0.26693	0.08483	0.52069	0.12755
V294	0.12586	0.37658	0.03835	0.45921
V295	0.07995	0.23633	0.18514	0.49858
V296	0.18108	0.17977	0.47833	0.16082
V297	0.13152	0.09567	0.10658	0.66623
V298	0.26425	0.15817	0.47376	0.10382
V299	0.1166	0.3072	0.05476	0.52144
V300	0.07422	0.11954	0.21898	0.58726
V301	0.14359	0.17525	0.50027	0.18089
V302	0.5193	0.34332	0.03564	0.10174
V303	0.04333	0.53983	0.30397	0.11287
V304	0.09977	0.10686	0.57539	0.21797
V305	0.14577	0.217	0.36577	0.27146
V306	0.63606	0.14004	0.08762	0.13627
V307	0.05535	0.80648	0.04132	0.09686
V308	0.21327	0.26845	0.25459	0.26369
V309	0.27996	0.33275	0.06019	0.32711
V310	0.11512	0.33756	0.15242	0.3949
V311	0.4148	0.45388	0.03774	0.09358
V312	0.11356	0.64563	0.13753	0.10329
V313	0.08254	0.1792	0.06695	0.6713
V314	0.06657	0.4564	0.12087	0.35616
V315	0.13544	0.56157	0.05999	0.243
V316	0.2667	0.19169	0.32452	0.2171
V317	0.10996	0.61538	0.06651	0.20815
V318	0.08115	0.51344	0.04481	0.3606
V319	0.09627	0.13033	0.65389	0.11951
V320	0.11253	0.20174	0.49863	0.1871
V321	0.51082	0.36072	0.04015	0.08831
V322	0.19164	0.33833	0.09617	0.37385
V323	0.11589	0.11023	0.1198	0.65409
V324	0.51757	0.27589	0.09646	0.11008
V325	0.25982	0.5727	0.07698	0.0905
V326	0.05128	0.51717	0.10625	0.3253
V327	0.08563	0.20905	0.12772	0.57761
V328	0.09234	0.10703	0.57575	0.22488
V329	0.1849	0.18118	0.17188	0.46204
V330	0.32632	0.08305	0.29956	0.29107
V331	0.29673	0.15571	0.08425	0.46331
V332	0.08186	0.13527	0.18372	0.59915
V333	0.34378	0.13733	0.3351	0.18378
V334	0.30262	0.08526	0.3134	0.29872
V335	0.07031	0.34809	0.39758	0.18401
V336	0.1712	0.6151	0.04744	0.16626
V337	0.24319	0.39207	0.25093	0.11381
V338	0.04029	0.83549	0.03518	0.08904
V339	0.14455	0.08754	0.66989	0.09803
V340	0.09586	0.26764	0.40846	0.22804
V341	0.09635	0.11956	0.10069	0.6834
V342	0.23081	0.08066	0.49109	0.19744
V343	0.78983	0.05518	0.05148	0.1035
V344	0.53673	0.18751	0.18507	0.09069
V345	0.06097	0.10122	0.74659	0.09122
V346	0.21778	0.18056	0.24982	0.35184
V347	0.10758	0.1028	0.14755	0.64208
V348	0.0867	0.5794	0.13863	0.19528
V349	0.28747	0.21496	0.32356	0.17402
V350	0.06234	0.69772	0.15722	0.08272
V351	0.08038	0.11921	0.33178	0.46863
V352	0.0905	0.09978	0.65342	0.1563
V353	0.69863	0.07108	0.07684	0.15344
V354	0.07956	0.60732	0.19484	0.11827
V355	0.2458	0.1447	0.37845	0.23106
V356	0.10083	0.11124	0.12618	0.66176
V357	0.13561	0.34575	0.23628	0.28236
V358	0.42478	0.16312	0.08805	0.32405
V359	0.45151	0.12088	0.07464	0.35297
V360	0.4328	0.41479	0.05235	0.10006
V361	0.04522	0.43262	0.4313	0.09086
V362	0.04044	0.82968	0.04093	0.08895
V363	0.17711	0.18193	0.37599	0.26497
V364	0.16727	0.13336	0.53087	0.1685
V365	0.24985	0.10721	0.06258	0.58036
V366	0.10166	0.59957	0.09701	0.20176
V367	0.44744	0.19166	0.04522	0.31568
V368	0.10747	0.63522	0.097	0.16031
V369	0.06049	0.39239	0.45534	0.09179
V370	0.25251	0.29583	0.33483	0.11682
V371	0.17751	0.63137	0.05234	0.13878
V372	0.182	0.13597	0.13982	0.54222
V373	0.11578	0.20361	0.37361	0.30699
V374	0.62583	0.06081	0.21897	0.09439
V375	0.10497	0.12496	0.15874	0.61134
V376	0.10009	0.11853	0.12599	0.65539
V377	0.62665	0.05323	0.05687	0.26326
V378	0.07331	0.11925	0.33907	0.46837
V379	0.2848	0.2435	0.05302	0.41868
V380	0.17132	0.15167	0.19389	0.48312
V381	0.57368	0.07213	0.12611	0.22808
V382	0.11192	0.10538	0.68485	0.09784
V383	0.65637	0.05734	0.09161	0.19468
V384	0.43402	0.13947	0.151	0.27551
V385	0.67764	0.06278	0.11474	0.14484
V386	0.26972	0.09615	0.16235	0.47178
V387	0.45265	0.193	0.19224	0.16211
V388	0.29886	0.3415	0.15214	0.2075
V389	0.32994	0.48528	0.04272	0.14206
V390	0.25397	0.27898	0.37409	0.09297
V391	0.34073	0.16883	0.06212	0.42832
V392	0.33358	0.25855	0.17021	0.23766
V393	0.24146	0.26563	0.2913	0.2016
V394	0.13	0.27107	0.1275	0.47144
V395	0.20059	0.38876	0.18475	0.22591
V396	0.04777	0.81522	0.03388	0.10313
V397	0.60674	0.13429	0.12975	0.12923
V398	0.35362	0.19237	0.12156	0.33245
V399	0.18068	0.50388	0.14684	0.16859
V400	0.05173	0.53204	0.08428	0.33194
V401	0.07941	0.21186	0.55574	0.15298
V402	0.63334	0.20367	0.07103	0.09197
V403	0.09633	0.11279	0.10674	0.68414
V404	0.11792	0.23989	0.47551	0.16669
V405	0.21636	0.11628	0.17561	0.49175
V406	0.49518	0.27608	0.05454	0.1742
V407	0.04029	0.83549	0.03518	0.08904
V408	0.12058	0.28218	0.32048	0.27676
V409	0.08862	0.10723	0.07143	0.73272
V410	0.10637	0.73782	0.05259	0.10322
V411	0.36758	0.07972	0.04932	0.50338
V412	0.17065	0.15053	0.39907	0.27975
V413	0.09247	0.45842	0.1686	0.28051
V414	0.07493	0.47147	0.27115	0.18245
V415	0.35695	0.10396	0.22582	0.31326
V416	0.06065	0.14119	0.70784	0.09032
V417	0.31128	0.56211	0.03537	0.09123
V418	0.12206	0.17672	0.15501	0.54621
V419	0.09457	0.09856	0.07873	0.72814
V420	0.04224	0.75955	0.04018	0.15803
V421	0.1686	0.11692	0.53247	0.18201
V422	0.11089	0.13958	0.06225	0.68728
V423	0.11305	0.09813	0.67553	0.11329
V424	0.05857	0.13404	0.4864	0.32099
V425	0.09258	0.27459	0.46023	0.1726
V426	0.12052	0.12041	0.61086	0.14821
V427	0.10307	0.39582	0.17652	0.32459
V428	0.107	0.66385	0.07625	0.1529
V429	0.09383	0.09909	0.08422	0.72286
V430	0.58051	0.206	0.05754	0.15595
V431	0.18836	0.10804	0.37225	0.33135
V432	0.14772	0.16682	0.08866	0.5968
V433	0.08905	0.64125	0.02929	0.24041
V434	0.28999	0.14929	0.09044	0.47028
V435	0.40619	0.08479	0.14729	0.36173
V436	0.32237	0.09128	0.14161	0.44474
V437	0.21949	0.26988	0.0468	0.46384
V438	0.47083	0.20816	0.06968	0.25134
V439	0.10154	0.16927	0.06111	0.66807
V440	0.38992	0.10967	0.07759	0.42282
V441	0.10487	0.19578	0.46269	0.23666
V442	0.26276	0.35262	0.14339	0.24122
V443	0.5815	0.06258	0.12711	0.22882
V444	0.06097	0.10122	0.74659	0.09122
V445	0.48672	0.07831	0.31319	0.12178
V446	0.0692	0.70977	0.07542	0.14561
V447	0.48597	0.15166	0.18514	0.17724
V448	0.0871	0.15065	0.18841	0.57385
V449	0.44064	0.104	0.27732	0.17803
V450	0.14326	0.7334	0.04063	0.08271
V451	0.74942	0.09111	0.04172	0.11775
V452	0.10311	0.10605	0.10618	0.68466
V453	0.63035	0.12482	0.10205	0.14278
V454	0.03991	0.79367	0.06971	0.09671
V455	0.47155	0.09479	0.28379	0.14987
V456	0.27455	0.18318	0.32482	0.21745
V457	0.08857	0.1136	0.06533	0.73249
V458	0.24048	0.26946	0.04599	0.44408
V459	0.05583	0.68093	0.1037	0.15953
V460	0.76729	0.04877	0.07252	0.11142
V461	0.11884	0.11765	0.06385	0.69966
V462	0.28974	0.28194	0.03817	0.39014
V463	0.21972	0.44839	0.15526	0.17664
V464	0.40289	0.1639	0.0474	0.38581
V465	0.31945	0.41824	0.05669	0.20562
V466	0.45295	0.2315	0.0436	0.27195
V467	0.26179	0.52116	0.09813	0.11892
V468	0.38821	0.39609	0.07955	0.13615
V469	0.07691	0.23792	0.24775	0.43742
V470	0.42297	0.18054	0.18564	0.21085
V471	0.24518	0.17609	0.07647	0.50226
V472	0.27206	0.34642	0.03488	0.34665
V473	0.1179	0.49872	0.27813	0.10525
V474	0.1566	0.09225	0.13146	0.61969
V475	0.1806	0.39518	0.10049	0.32373
V476	0.1853	0.10487	0.09715	0.61268
V477	0.4665	0.10256	0.21129	0.21965
V478	0.14446	0.53408	0.03678	0.28468
V479	0.06585	0.15682	0.61607	0.16126
V480	0.12044	0.33366	0.07674	0.46915
V481	0.15885	0.09389	0.642	0.10526
V482	0.53643	0.20338	0.13367	0.12653
V483	0.15953	0.18175	0.10587	0.55286
V484	0.09597	0.14854	0.07508	0.68041
V485	0.13259	0.64106	0.03978	0.18657
V486	0.23715	0.29765	0.13777	0.32742
V487	0.12813	0.13032	0.11738	0.62417
V488	0.05234	0.09483	0.67687	0.17597
V489	0.20281	0.16227	0.53152	0.1034
V490	0.27937	0.33333	0.09559	0.29172
V491	0.34881	0.44659	0.06244	0.14216
V492	0.06213	0.71849	0.1299	0.08948
V493	0.09588	0.09934	0.06092	0.74386
V494	0.18889	0.2127	0.41146	0.18695
V495	0.20103	0.55558	0.13904	0.10435
V496	0.2367	0.61041	0.02839	0.1245
V497	0.06102	0.09429	0.74637	0.09832
V498	0.27416	0.17438	0.08952	0.46194
V499	0.47783	0.28797	0.13893	0.09527
V500	0.12522	0.18525	0.56432	0.12521
V501	0.08801	0.09934	0.08438	0.72827
V502	0.42279	0.29959	0.16037	0.11726
V503	0.19877	0.17329	0.19297	0.43498
V504	0.20672	0.61307	0.04079	0.13942
V505	0.19225	0.2629	0.22431	0.32054
V506	0.11861	0.29041	0.35646	0.23451
V507	0.47192	0.16069	0.14243	0.22496
V508	0.58176	0.20694	0.07708	0.13422
V509	0.21488	0.13865	0.40794	0.23853
V510	0.20275	0.48025	0.22607	0.09092
V511	0.09361	0.41433	0.07381	0.41824
V512	0.23204	0.1305	0.11273	0.52473
V513	0.10074	0.57041	0.18774	0.14111
V514	0.09263	0.13994	0.05867	0.70876
V515	0.59396	0.11803	0.08873	0.19928
V516	0.73331	0.12468	0.04046	0.10155
V517	0.10006	0.11783	0.23261	0.5495
V518	0.78116	0.07134	0.04433	0.10316
V519	0.06369	0.73733	0.03383	0.16515
V520	0.08236	0.09241	0.4884	0.33683
V521	0.44597	0.10309	0.32866	0.12227
V522	0.06135	0.19947	0.44659	0.29259
V523	0.29203	0.19143	0.23567	0.28088
V524	0.04664	0.66954	0.17227	0.11155
V525	0.2334	0.25586	0.06506	0.44568
V526	0.49543	0.1428	0.10808	0.25369
V527	0.20473	0.10822	0.33392	0.35313
V528	0.11319	0.73534	0.02725	0.12421
V529	0.11424	0.14852	0.2091	0.52815
V530	0.05498	0.25273	0.51925	0.17304
V531	0.05467	0.74847	0.11506	0.0818
V532	0.17864	0.34557	0.06226	0.41354
V533	0.24091	0.36147	0.14297	0.25465
V534	0.06395	0.10176	0.55417	0.28011
V535	0.44521	0.0677	0.05773	0.42936
V536	0.1995	0.08597	0.31878	0.39575
V537	0.45614	0.28193	0.16125	0.10069
V538	0.36666	0.1282	0.11697	0.38816
V539	0.22858	0.41706	0.15609	0.19828
V540	0.18486	0.60735	0.09028	0.1175
V541	0.06767	0.47738	0.08636	0.36859
V542	0.19593	0.19761	0.2274	0.37905
V543	0.70108	0.05473	0.05595	0.18824
V544	0.14317	0.16873	0.17316	0.51495
V545	0.30156	0.20422	0.10042	0.39379
V546	0.07615	0.75237	0.08232	0.08916
V547	0.07172	0.56927	0.26201	0.09701
V548	0.15258	0.66118	0.09728	0.08896
V549	0.28138	0.10005	0.51342	0.10515
V550	0.46654	0.09584	0.04383	0.39379
V551	0.17041	0.6394	0.05809	0.13211
V552	0.05584	0.49658	0.04165	0.40594
V553	0.20898	0.20212	0.47872	0.11017
V554	0.11446	0.16136	0.07337	0.65082
V555	0.12213	0.27465	0.27624	0.32699
V556	0.05331	0.10914	0.71658	0.12098
V557	0.64111	0.08355	0.0539	0.22145
V558	0.09346	0.67443	0.05217	0.17993
V559	0.0467	0.69861	0.17158	0.08311
V560	0.54246	0.32567	0.03587	0.096
V561	0.05497	0.10233	0.74446	0.09823
V562	0.61085	0.05936	0.14916	0.18062
V563	0.22843	0.08084	0.59294	0.09778
V564	0.09632	0.1469	0.65176	0.10503
V565	0.14309	0.29647	0.30472	0.25572
V566	0.53971	0.15354	0.04603	0.26072
V567	0.20192	0.43202	0.05755	0.30851
V568	0.23497	0.09381	0.09526	0.57596
V569	0.53478	0.09013	0.04303	0.33207
V570	0.07036	0.31388	0.47172	0.14404
V571	0.64144	0.16971	0.03835	0.1505
V572	0.36108	0.07862	0.38185	0.17845
V573	0.11614	0.22959	0.0539	0.60037
V574	0.07063	0.67567	0.15721	0.09649
V575	0.08875	0.16468	0.14271	0.60387
V576	0.15333	0.69339	0.05878	0.0945
V577	0.10052	0.13385	0.2036	0.56203
V578	0.09856	0.1466	0.52408	0.23076
V579	0.04805	0.74611	0.10254	0.10329
V580	0.17763	0.09701	0.13757	0.58779
V581	0.12232	0.15275	0.05572	0.66922
V582	0.44746	0.20095	0.07077	0.28082
V583	0.06573	0.13416	0.46438	0.33572
V584	0.4031	0.20465	0.26593	0.12632
V585	0.07296	0.10315	0.36893	0.45495
V586	0.22091	0.08836	0.52031	0.17042
V587	0.24404	0.08772	0.54791	0.12033
V588	0.49003	0.10843	0.06928	0.33226
V589	0.08335	0.69409	0.083	0.13956
V590	0.07796	0.66033	0.17194	0.08977
V591	0.0759	0.12834	0.19678	0.59898
V592	0.16711	0.10882	0.63435	0.08972
V593	0.46175	0.06586	0.19527	0.27712
V594	0.2752	0.31129	0.28232	0.13118
V595	0.09995	0.11284	0.07071	0.7165
V596	0.08685	0.31597	0.20208	0.3951
V597	0.04171	0.52651	0.27701	0.15478
V598	0.06611	0.18031	0.649	0.10458
V599	0.4837	0.33421	0.06543	0.11667
V600	0.28864	0.45116	0.07727	0.18293
V601	0.17174	0.30765	0.10516	0.41545
V602	0.10044	0.11225	0.06541	0.7219
V603	0.07125	0.37941	0.05197	0.49736
V604	0.40392	0.17309	0.30248	0.12052
V605	0.1024	0.34731	0.31775	0.23254
V606	0.55955	0.19892	0.05182	0.1897
V607	0.5069	0.07857	0.13814	0.27639
V608	0.20648	0.22073	0.31495	0.25784
V609	0.08243	0.28437	0.21039	0.42282
V610	0.59597	0.07813	0.12639	0.19951
V611	0.26445	0.09012	0.09476	0.55067
V612	0.07451	0.16377	0.61497	0.14675
V613	0.07657	0.34485	0.45595	0.12263
V614	0.58644	0.11826	0.08866	0.20665
V615	0.16552	0.13366	0.06033	0.64048
V616	0.10268	0.61558	0.06694	0.2148
V617	0.38001	0.20746	0.32401	0.08852
V618	0.57202	0.066	0.04359	0.31838
V619	0.31746	0.10662	0.28547	0.29045
V620	0.04899	0.58582	0.27511	0.09007
V621	0.33715	0.21162	0.17743	0.2738
V622	0.29163	0.2613	0.32897	0.1181
V623	0.08824	0.15736	0.1564	0.598
V624	0.62383	0.22736	0.03684	0.11196
V625	0.22786	0.46272	0.11252	0.19691
V626	0.78117	0.06323	0.04477	0.11084
V627	0.08452	0.11369	0.1075	0.69429
V628	0.07327	0.26874	0.06111	0.59688
V629	0.14428	0.32092	0.23768	0.29713
V630	0.07694	0.34547	0.44885	0.12874
V631	0.08307	0.24887	0.12418	0.54388
V632	0.46088	0.06566	0.16106	0.3124
V633	0.05204	0.11746	0.64068	0.18983
V634	0.32126	0.29158	0.2923	0.09487
V635	0.06743	0.65732	0.03564	0.23961
V636	0.14367	0.17533	0.49308	0.18792
V637	0.26165	0.24745	0.11286	0.37805
V638	0.30305	0.2913	0.09826	0.30738
V639	0.23419	0.41438	0.2667	0.08473
V640	0.07964	0.2117	0.57632	0.13234
V641	0.69982	0.08655	0.06865	0.14498
V642	0.59469	0.2123	0.03721	0.15579
V643	0.06291	0.24732	0.35647	0.33331
V644	0.72591	0.11636	0.04823	0.10951
V645	0.22737	0.39989	0.26631	0.10642
V646	0.0472	0.82966	0.03426	0.08888
V647	0.15782	0.15836	0.54481	0.13901
V648	0.32477	0.41813	0.14273	0.11437
V649	0.07391	0.14082	0.6452	0.14007
V650	0.09561	0.16271	0.59455	0.14714
V651	0.27432	0.07696	0.54972	0.099
V652	0.1257	0.17132	0.35268	0.3503
V653	0.13381	0.58202	0.10999	0.17419
V654	0.53499	0.23536	0.08991	0.13975
V655	0.08024	0.52215	0.0504	0.34721
V656	0.20207	0.30366	0.05135	0.44292
V657	0.09757	0.14878	0.06214	0.6915
V658	0.45913	0.24837	0.09011	0.20239
V659	0.27661	0.16078	0.30958	0.25303
V660	0.06171	0.80726	0.0276	0.10343
V661	0.09953	0.41392	0.08148	0.40507
V662	0.33681	0.08835	0.39685	0.178
V663	0.22025	0.14621	0.45122	0.18233
V664	0.19682	0.13891	0.53128	0.13299
V665	0.52828	0.22777	0.07547	0.16848
V666	0.4608	0.06619	0.13265	0.34036
V667	0.6078	0.11815	0.18114	0.09292
V668	0.12807	0.69293	0.09675	0.08225
V669	0.20566	0.40285	0.22126	0.17024
V670	0.09822	0.77029	0.02833	0.10317
V671	0.29127	0.31006	0.23236	0.16632
V672	0.06691	0.10815	0.70406	0.12087
V673	0.20846	0.37229	0.20733	0.21191
V674	0.55284	0.19256	0.05815	0.19645
V675	0.14972	0.34443	0.26586	0.23999
V676	0.09356	0.187	0.1282	0.59124
V677	0.30408	0.39591	0.1146	0.18541
V678	0.40722	0.45574	0.04322	0.09382
V679	0.08466	0.32939	0.48651	0.09944
V680	0.25554	0.50048	0.14033	0.10365
V681	0.71282	0.10779	0.05482	0.12457
V682	0.13004	0.31835	0.42972	0.1219
V683	0.0471	0.82897	0.0412	0.08274
V684	0.53714	0.20423	0.1186	0.14003
V685	0.38268	0.35183	0.13569	0.1298
V686	0.13125	0.24047	0.15604	0.47223
V687	0.10043	0.10623	0.07057	0.72277
V688	0.30133	0.47804	0.03112	0.18951
V689	0.24375	0.08373	0.09097	0.58154
V690	0.37665	0.11055	0.36439	0.14841
V691	0.16731	0.08505	0.64997	0.09767
V692	0.11015	0.20182	0.54187	0.14616
V693	0.21599	0.18068	0.30812	0.29521
V694	0.07845	0.11918	0.26079	0.54159
V695	0.23316	0.09149	0.16976	0.50559
V696	0.1288	0.16016	0.06539	0.64565
V697	0.09271	0.13291	0.06445	0.70993
V698	0.64921	0.0591	0.05605	0.23563
V699	0.43152	0.30704	0.09515	0.1663
V700	0.22868	0.10827	0.05769	0.60536
V701	0.13092	0.48504	0.11905	0.26498
V702	0.42582	0.14494	0.05597	0.37327
V703	0.15654	0.13614	0.39143	0.31589
V704	0.64029	0.09844	0.06801	0.19326
V705	0.77578	0.0422	0.05698	0.12504
V706	0.11214	0.12926	0.59626	0.16234
V707	0.0757	0.41515	0.38758	0.12158
V708	0.06963	0.7393	0.04576	0.14531
V709	0.14744	0.29437	0.40751	0.15068
V710	0.45959	0.24869	0.08255	0.20917
V711	0.10609	0.67971	0.10363	0.11057
V712	0.64016	0.10577	0.0468	0.20726
V713	0.34022	0.32231	0.06664	0.27083
V714	0.05634	0.59145	0.04894	0.30326
V715	0.25253	0.34486	0.25909	0.14353
V716	0.10341	0.12511	0.08866	0.68282
V717	0.09809	0.77679	0.02793	0.09719
V718	0.15148	0.50677	0.16637	0.17537
V719	0.08988	0.61523	0.06001	0.23488
V720	0.55091	0.05774	0.23247	0.15888
V721	0.14455	0.22448	0.37397	0.257
V722	0.12695	0.35445	0.05054	0.46805
V723	0.14992	0.15834	0.05867	0.63308
V724	0.4527	0.09617	0.11791	0.33321
V725	0.05167	0.16484	0.66363	0.11987
V726	0.08549	0.38413	0.1315	0.39889
V727	0.23028	0.57484	0.10499	0.08989
V728	0.0625	0.74553	0.10207	0.08989
V729	0.33618	0.09026	0.17618	0.39738
V730	0.71267	0.07759	0.08515	0.12459
V731	0.07857	0.25399	0.32009	0.34735
V732	0.29185	0.1514	0.30345	0.2533
V733	0.4913	0.23077	0.06821	0.20972
V734	0.21352	0.32208	0.37206	0.09235
V735	0.07764	0.11809	0.39078	0.41349
V736	0.17477	0.09861	0.06189	0.66473
V737	0.27017	0.3123	0.21652	0.20102
V738	0.10956	0.34531	0.35356	0.19157
V739	0.06049	0.10187	0.48013	0.3575
V740	0.65815	0.12986	0.10385	0.10814
V741	0.37926	0.16795	0.14179	0.311
V742	0.32633	0.54615	0.04226	0.08526
V743	0.14808	0.19883	0.54247	0.11061
V744	0.41008	0.10631	0.29946	0.18415
V745	0.05619	0.60373	0.16513	0.17496
V746	0.80878	0.03989	0.04694	0.10439
V747	0.10135	0.09073	0.55484	0.25307
V748	0.14491	0.17573	0.45645	0.2229
V749	0.24878	0.23128	0.08692	0.43302
V750	0.32536	0.44058	0.05021	0.18385
V751	0.07617	0.73235	0.05995	0.13153
V752	0.35706	0.26629	0.14601	0.23064
V753	0.09534	0.10632	0.05954	0.73879
V754	0.04922	0.78553	0.02764	0.13762
V755	0.16124	0.24852	0.28356	0.30668
V756	0.09867	0.10639	0.08874	0.70621
V757	0.2764	0.5268	0.08478	0.11202
V758	0.07681	0.65208	0.12411	0.147
V759	0.15204	0.14525	0.33073	0.37197
V760	0.2571	0.13729	0.25186	0.35374
V761	0.09492	0.51833	0.23207	0.15468
V762	0.06448	0.38715	0.05178	0.49659
V763	0.30766	0.36341	0.05962	0.26931
V764	0.04914	0.77954	0.03349	0.13782
V765	0.51817	0.14658	0.03967	0.29557
V766	0.06536	0.3417	0.34716	0.24578
V767	0.37601	0.18412	0.22847	0.2114
V768	0.08238	0.76719	0.04633	0.1041
V769	0.14462	0.70835	0.05223	0.0948
V770	0.0472	0.82966	0.03426	0.08888
V771	0.17395	0.09274	0.62837	0.10494
V772	0.15095	0.11814	0.63353	0.09738
V773	0.15927	0.71063	0.03507	0.09504
V774	0.06768	0.09376	0.71751	0.12105
V775	0.14954	0.12996	0.25144	0.46907
V776	0.33421	0.40921	0.0788	0.17778
V777	0.18495	0.18855	0.15095	0.47555
V778	0.41007	0.30059	0.09575	0.19359
V779	0.17944	0.12572	0.39969	0.29516
V780	0.12245	0.66506	0.12988	0.0826
V781	0.11171	0.11793	0.07644	0.69391
V782	0.05655	0.1894	0.60712	0.14692
V783	0.61101	0.07809	0.08976	0.22114
V784	0.11991	0.7516	0.03987	0.08862
V785	0.06973	0.78648	0.04032	0.10347
V786	0.55182	0.20235	0.11212	0.13372
V787	0.0413	0.72035	0.14911	0.08924
V788	0.39121	0.31792	0.16032	0.13055
V789	0.11212	0.37284	0.06206	0.45299
V790	0.36799	0.10344	0.11169	0.41689
V791	0.14754	0.37616	0.27159	0.20471
V792	0.14738	0.49469	0.03775	0.32019
V793	0.13474	0.5769	0.05965	0.22871
V794	0.08888	0.15524	0.60136	0.15453
V795	0.15014	0.12889	0.09711	0.62386
V796	0.07403	0.15543	0.65867	0.11187
V797	0.60296	0.0552	0.23265	0.10919
V798	0.47744	0.31204	0.10219	0.10832
V799	0.13916	0.66245	0.05223	0.14616
V800	0.1119	0.11596	0.41331	0.35884
V801	0.1582	0.19243	0.27864	0.37073
V802	0.09531	0.16628	0.24286	0.49555
V803	0.20229	0.47981	0.23408	0.08382
V804	0.41707	0.08332	0.34316	0.15644
V805	0.06129	0.09465	0.75287	0.09118
V806	0.07651	0.76582	0.0406	0.11707
V807	0.2356	0.21448	0.07563	0.47429
V808	0.50825	0.29186	0.07459	0.1253
V809	0.08315	0.1154	0.71107	0.09038
V810	0.04719	0.83561	0.02844	0.08876
V811	0.33959	0.1476	0.20108	0.31173
V812	0.41842	0.29074	0.08271	0.20813
V813	0.4572	0.23427	0.18962	0.11891
V814	0.3456	0.49187	0.07084	0.09169
V815	0.04028	0.7814	0.08909	0.08923
V816	0.76032	0.04194	0.1014	0.09634
V817	0.07446	0.14808	0.67207	0.10538
V818	0.08442	0.1341	0.08281	0.69867
V819	0.64373	0.13181	0.08812	0.13635
V820	0.162	0.17177	0.07061	0.59562
V821	0.19954	0.3317	0.31872	0.15004
V822	0.10502	0.10577	0.67646	0.11275
V823	0.07283	0.24363	0.51738	0.16617
V824	0.11368	0.3747	0.42714	0.08448
V825	0.20432	0.31756	0.22235	0.25576
V826	0.34083	0.40134	0.15901	0.09882
V827	0.30563	0.5403	0.04151	0.11256
V828	0.21155	0.22743	0.12744	0.43358
V829	0.09609	0.2859	0.07502	0.54299
V830	0.21115	0.27223	0.0656	0.45102
V831	0.59333	0.14353	0.07188	0.19126
V832	0.23011	0.39447	0.16323	0.21219
V833	0.15297	0.46947	0.16763	0.20993
V834	0.26031	0.15237	0.11072	0.4766
V835	0.28809	0.4284	0.12712	0.15639
V836	0.05661	0.59728	0.03691	0.30921
V837	0.20119	0.38121	0.17687	0.24072
V838	0.74314	0.08266	0.07155	0.10265
V839	0.25345	0.54411	0.11228	0.09016
V840	0.24963	0.63178	0.03499	0.0836
V841	0.05194	0.12521	0.68198	0.14086
V842	0.28998	0.22389	0.23456	0.25157
V843	0.0655	0.10788	0.67003	0.1566
V844	0.14252	0.16974	0.31639	0.37134
V845	0.10231	0.1788	0.57192	0.14696
V846	0.05606	0.10329	0.58877	0.25189
V847	0.08972	0.09987	0.06613	0.74427
V848	0.11495	0.4718	0.16221	0.25105
V849	0.04015	0.8087	0.0342	0.11695
V850	0.79006	0.04126	0.05749	0.11118
V851	0.27758	0.49124	0.1476	0.08358
V852	0.14708	0.1369	0.14969	0.56633
V853	0.21785	0.26699	0.32849	0.18667
V854	0.45304	0.21864	0.12526	0.20305
V855	0.08972	0.09987	0.06613	0.74427
V856	0.0869	0.36389	0.28873	0.26049
V857	0.51522	0.22114	0.06788	0.19576
V858	0.44672	0.07203	0.38191	0.09934
V859	0.50315	0.26772	0.05492	0.17421
V860	0.1943	0.18662	0.09144	0.52765
V861	0.11443	0.35946	0.42742	0.09868
V862	0.14915	0.15895	0.55933	0.13257
V863	0.20672	0.13818	0.05182	0.60328
V864	0.12311	0.12393	0.09338	0.65958
V865	0.15185	0.09891	0.24535	0.50389
V866	0.57155	0.07397	0.24603	0.10845
V867	0.57162	0.08186	0.2458	0.10072
V868	0.39284	0.30313	0.14392	0.16011
V869	0.0551	0.82231	0.03365	0.08895
V870	0.13524	0.35481	0.05598	0.45396
V871	0.04015	0.8087	0.0342	0.11695
V872	0.08105	0.11274	0.23173	0.57448
V873	0.69823	0.07779	0.0923	0.13168
V874	0.183	0.68182	0.05265	0.08253
V875	0.07851	0.25218	0.19108	0.47823
V876	0.16224	0.34195	0.33207	0.16373
V877	0.08653	0.39678	0.24958	0.26712
V878	0.13674	0.69846	0.08249	0.08231
V879	0.17864	0.60218	0.06618	0.153
V880	0.2566	0.50455	0.03619	0.20265
V881	0.16235	0.1263	0.47326	0.23809
V882	0.6262	0.05109	0.15597	0.16674
V883	0.24625	0.23857	0.42686	0.08832
V884	0.08375	0.30831	0.04291	0.56503
V885	0.55603	0.24196	0.1112	0.09082
V886	0.06102	0.37202	0.369	0.19796
V887	0.48785	0.12772	0.1717	0.21273
V888	0.12832	0.12784	0.57488	0.16896
V889	0.72811	0.09196	0.06318	0.11675
V890	0.08273	0.21216	0.47634	0.22877
V891	0.48652	0.11021	0.26875	0.13453
V892	0.24899	0.2374	0.05435	0.45926
V893	0.44203	0.25084	0.16147	0.14566
V894	0.09856	0.32902	0.45022	0.1222
V895	0.45703	0.13013	0.20094	0.21189
V896	0.06962	0.79276	0.03415	0.10347
V897	0.53133	0.27956	0.04283	0.14628
V898	0.38356	0.07208	0.05417	0.49019
V899	0.08699	0.25023	0.15065	0.51213
V900	0.1117	0.32306	0.29644	0.2688
V901	0.07178	0.70917	0.03393	0.18512
V902	0.07597	0.76592	0.06908	0.08903
V903	0.05027	0.40998	0.41158	0.12817
V904	0.0552	0.82785	0.02812	0.08883
V905	0.17657	0.08871	0.18352	0.5512
V906	0.32534	0.16419	0.12869	0.38177
V907	0.33806	0.47773	0.05017	0.13404
V908	0.08885	0.13448	0.10524	0.67143
V909	0.13816	0.68913	0.02703	0.14568
V910	0.18449	0.08894	0.14449	0.58209
V911	0.39663	0.38831	0.06406	0.151
V912	0.30702	0.34184	0.13678	0.21435
V913	0.15518	0.09327	0.06371	0.68784
V914	0.17388	0.45791	0.24908	0.11913
V915	0.22369	0.08633	0.05951	0.63047
V916	0.22706	0.12903	0.51075	0.13316
V917	0.54912	0.08972	0.18151	0.17965
V918	0.07992	0.55687	0.20241	0.16081
V919	0.19083	0.278	0.2542	0.27697
V920	0.46625	0.24075	0.11814	0.17486
V921	0.0955	0.22379	0.07393	0.60678
V922	0.11829	0.43834	0.31619	0.12718
V923	0.13151	0.10925	0.08819	0.67105
V924	0.07087	0.58497	0.23209	0.11206
V925	0.19274	0.11804	0.06542	0.6238
V926	0.20786	0.10996	0.07715	0.60503
V927	0.09643	0.1258	0.09444	0.68333
V928	0.07576	0.75288	0.03339	0.13797
V929	0.08853	0.56395	0.13127	0.21625
V930	0.39005	0.37346	0.06463	0.17186
V931	0.14739	0.30247	0.39953	0.1506
V932	0.08424	0.18814	0.46996	0.25765
V933	0.46451	0.38883	0.04641	0.10025
V934	0.07122	0.22143	0.24198	0.46537
V935	0.42824	0.21237	0.20512	0.15427
V936	0.40339	0.30041	0.05385	0.24235
V937	0.41717	0.1876	0.11408	0.28115
V938	0.30886	0.12415	0.27707	0.28992
V939	0.58172	0.07973	0.10992	0.22863
V940	0.06231	0.67495	0.14459	0.11814
V941	0.05521	0.09467	0.75172	0.09839
V942	0.56539	0.22495	0.09799	0.11167
V943	0.31808	0.18698	0.35536	0.13958
V944	0.08043	0.303	0.09406	0.52251
V945	0.4284	0.36121	0.04523	0.16516
V946	0.35239	0.28925	0.23349	0.12487
V947	0.12888	0.14005	0.21572	0.51535
V948	0.28893	0.10003	0.49866	0.11238
V949	0.06986	0.19028	0.19482	0.54503
V950	0.09035	0.48962	0.18918	0.23085
V951	0.65492	0.06561	0.17705	0.10242
V952	0.11521	0.20343	0.23475	0.44661
V953	0.06616	0.13303	0.68024	0.12057
V954	0.09404	0.24234	0.15076	0.51286
V955	0.13653	0.53717	0.05558	0.27073
V956	0.08999	0.11679	0.41383	0.3794
V957	0.2931	0.09485	0.04995	0.5621
V958	0.09588	0.09934	0.06092	0.74386
V959	0.20823	0.29043	0.34996	0.15138
V960	0.21384	0.30516	0.10535	0.37565
V961	0.14595	0.3826	0.28743	0.18402
V962	0.29359	0.22209	0.33074	0.15358
V963	0.45128	0.21804	0.16949	0.16118
V964	0.65412	0.08253	0.13259	0.13076
V965	0.09199	0.46717	0.1746	0.26624
V966	0.7825	0.05564	0.05067	0.11118
V967	0.10314	0.13184	0.42078	0.34424
V968	0.04877	0.2132	0.59108	0.14695
V969	0.07462	0.31828	0.07315	0.53395
V970	0.0886	0.19784	0.3438	0.36976
V971	0.39041	0.15026	0.29663	0.16269
V972	0.39126	0.24641	0.08279	0.27954
V973	0.2313	0.40855	0.09965	0.2605
V974	0.04859	0.66797	0.13065	0.15278
V975	0.12328	0.31135	0.47264	0.09273
V976	0.34082	0.28353	0.13196	0.24369
V977	0.26643	0.35918	0.28238	0.09201
V978	0.11877	0.16985	0.10217	0.60921
V979	0.63262	0.06984	0.1951	0.10245
V980	0.80878	0.03989	0.04694	0.10439
V981	0.28506	0.10956	0.36546	0.23992
V982	0.3413	0.39287	0.10112	0.16471
V983	0.54191	0.12168	0.04726	0.28915
V984	0.05558	0.71144	0.11533	0.11765
V985	0.12173	0.24515	0.0517	0.58142
V986	0.26554	0.48326	0.07589	0.17531
V987	0.21282	0.65558	0.02806	0.10354
V988	0.21527	0.10261	0.06452	0.6176
V989	0.34781	0.44684	0.09977	0.10558
V990	0.05163	0.13336	0.61134	0.20367
V991	0.5033	0.3609	0.03469	0.10111
V992	0.20239	0.09041	0.42513	0.28207
V993	0.0916	0.62503	0.15816	0.1252
V994	0.17634	0.67557	0.05283	0.09526
V995	0.56164	0.16187	0.07166	0.20483
V996	0.24467	0.19048	0.05703	0.50782
V997	0.06836	0.10162	0.63974	0.19028
V998	0.68541	0.06263	0.1071	0.14487
V999	0.12738	0.75661	0.02738	0.08863
V1000	0.2792	0.10327	0.04974	0.56779
