CD14.pos.CD16.neg.classical.monocyte	mature.neutrophil	memory.B.cell	cytotoxic.CD56.dim.NK.cell	memory.CD4.pos.AB.T.cell	macrophage
V1	0.14593	0.01441	0.65589	0.01851	0.10942	0.05584
V2	0.46054	0.08666	0.07136	0.08978	0.19777	0.09388
V3	0.27718	0.04038	0.21147	0.02087	0.13008	0.32002
V4	0.25215	0.29581	0.0628	0.08513	0.20252	0.10159
V5	0.08859	0.03687	0.02977	0.44445	0.35596	0.04436
V6	0.2727	0.01386	0.17698	0.04963	0.23321	0.25362
V7	0.12602	0.26906	0.03956	0.05237	0.45931	0.05367
V8	0.53723	0.03838	0.0814	0.09387	0.12614	0.12298
V9	0.29499	0.11536	0.05491	0.19757	0.1616	0.17557
V10	0.38211	0.03046	0.0958	0.24284	0.1558	0.093
V11	0.1701	0.49873	0.07533	0.04554	0.15712	0.05318
V12	0.29537	0.01746	0.10771	0.02971	0.13851	0.41123
V13	0.1541	0.3469	0.26993	0.04132	0.13601	0.05173
V14	0.12656	0.0181	0.04745	0.58295	0.17277	0.05217
V15	0.40455	0.05787	0.058	0.1045	0.26736	0.10772
V16	0.13148	0.01058	0.04068	0.30542	0.39782	0.11402
V17	0.27906	0.02518	0.17338	0.02165	0.12793	0.37279
V18	0.55113	0.10107	0.08634	0.03433	0.11906	0.10807
V19	0.46286	0.04284	0.19389	0.02532	0.17662	0.09847
V20	0.48539	0.04868	0.12909	0.09323	0.12506	0.11856
V21	0.30037	0.0253	0.07874	0.03081	0.1656	0.39918
V22	0.20968	0.04399	0.04408	0.08134	0.54156	0.07936
V23	0.11742	0.01324	0.28861	0.03916	0.49213	0.04944
V24	0.18534	0.01531	0.03532	0.11534	0.56785	0.08084
V25	0.38465	0.19089	0.06279	0.11306	0.16044	0.08817
V26	0.26982	0.02107	0.04872	0.03685	0.5535	0.07003
V27	0.26031	0.01074	0.19386	0.02749	0.13408	0.37352
V28	0.1808	0.17726	0.167	0.17802	0.16038	0.13654
V29	0.16535	0.3886	0.12752	0.07725	0.13916	0.10212
V30	0.25865	0.14209	0.13254	0.02862	0.28138	0.15673
V31	0.50353	0.0236	0.20003	0.03554	0.11191	0.12539
V32	0.09215	0.01622	0.30112	0.38202	0.14333	0.06516
V33	0.2571	0.27129	0.22344	0.0394	0.12582	0.08294
V34	0.07349	0.00449	0.41912	0.04256	0.40885	0.05149
V35	0.09278	0.04336	0.17667	0.38447	0.24127	0.06145
V36	0.16546	0.32506	0.13548	0.0407	0.27327	0.06002
V37	0.12382	0.01076	0.61539	0.02342	0.11201	0.11459
V38	0.27892	0.0039	0.16894	0.02189	0.12854	0.39781
V39	0.45647	0.03443	0.06945	0.20186	0.13361	0.10418
V40	0.15763	0.33066	0.05966	0.13329	0.2274	0.09136
V41	0.53365	0.02387	0.09322	0.02546	0.12448	0.19933
V42	0.25846	0.01782	0.44533	0.01932	0.14317	0.1159
V43	0.23642	0.26913	0.05785	0.05242	0.29341	0.09077
V44	0.1756	0.50501	0.07176	0.04114	0.14688	0.05962
V45	0.36775	0.21252	0.09919	0.0401	0.13887	0.14157
V46	0.15497	0.00964	0.05238	0.21726	0.38866	0.17709
V47	0.15172	0.28077	0.04948	0.13046	0.30887	0.07869
V48	0.13971	0.39559	0.1908	0.0346	0.19266	0.04663
V49	0.16659	0.47994	0.06707	0.04078	0.19325	0.05237
V50	0.08885	0.00419	0.23886	0.04048	0.54779	0.07983
V51	0.07104	0.00596	0.02795	0.0532	0.79022	0.05163
V52	0.1418	0.35809	0.23644	0.05425	0.15647	0.05295
V53	0.17542	0.00956	0.10379	0.05693	0.59667	0.05763
V54	0.13714	0.08666	0.46143	0.05352	0.17606	0.08518
V55	0.07439	0.03211	0.11806	0.06028	0.66612	0.04904
V56	0.07689	0.03073	0.60518	0.09932	0.14555	0.04232
V57	0.23467	0.23603	0.0879	0.02962	0.22339	0.18839
V58	0.0915	0.01138	0.68469	0.03153	0.11287	0.06803
V59	0.11218	0.01119	0.03392	0.59957	0.19557	0.04757
V60	0.40065	0.01832	0.06267	0.29337	0.14009	0.08489
V61	0.3233	0.09031	0.06578	0.13359	0.17695	0.21007
V62	0.41606	0.03174	0.11565	0.10181	0.1878	0.14693
V63	0.19931	0.32471	0.06965	0.08204	0.15013	0.17416
V64	0.08134	0.07877	0.02879	0.0446	0.71689	0.04962
V65	0.43579	0.09526	0.09067	0.03827	0.15336	0.18666
V66	0.38694	0.03206	0.14454	0.04108	0.30863	0.08676
V67	0.15278	0.10509	0.27534	0.18557	0.13681	0.14442
V68	0.59917	0.03018	0.0884	0.05122	0.11599	0.11505
V69	0.47056	0.03205	0.0769	0.02541	0.1419	0.25318
V70	0.10449	0.01059	0.20593	0.42746	0.20296	0.04857
V71	0.14693	0.17646	0.06486	0.10266	0.38603	0.12306
V72	0.45061	0.09112	0.12097	0.03843	0.16278	0.13609
V73	0.11701	0.00491	0.10865	0.53175	0.18657	0.05112
V74	0.09666	0.10659	0.04563	0.53268	0.17616	0.04229
V75	0.15719	0.50375	0.06271	0.05622	0.16884	0.05129
V76	0.08429	0.00508	0.57329	0.04345	0.24535	0.04855
V77	0.16294	0.0989	0.11915	0.38196	0.15337	0.08369
V78	0.41252	0.08883	0.10486	0.10622	0.13644	0.15113
V79	0.21821	0.33759	0.076	0.03064	0.13655	0.20102
V80	0.20973	0.35312	0.06873	0.03714	0.14867	0.18261
V81	0.51653	0.08213	0.12697	0.03256	0.12889	0.11292
V82	0.15313	0.45724	0.06252	0.06567	0.20594	0.0555
V83	0.19002	0.10617	0.05909	0.29424	0.25513	0.09536
V84	0.30622	0.01992	0.11648	0.30665	0.16113	0.0896
V85	0.57675	0.02892	0.13816	0.03172	0.11293	0.11152
V86	0.27463	0.02909	0.14903	0.22083	0.14541	0.181
V87	0.08994	0.01623	0.0522	0.61271	0.17732	0.05161
V88	0.17988	0.02388	0.05017	0.36989	0.19616	0.18001
V89	0.18099	0.1127	0.37578	0.02576	0.11859	0.18619
V90	0.16891	0.40059	0.14471	0.04029	0.18227	0.06324
V91	0.10079	0.01252	0.06279	0.1125	0.65148	0.05993
V92	0.08212	0.05204	0.03466	0.04987	0.72369	0.0576
V93	0.25811	0.04808	0.05828	0.09342	0.32057	0.22155
V94	0.0801	0.00977	0.23923	0.47445	0.15397	0.04249
V95	0.07037	0.01103	0.26959	0.1128	0.4923	0.04391
V96	0.16482	0.24307	0.05714	0.06514	0.34546	0.12437
V97	0.07057	0.0122	0.03381	0.09031	0.74617	0.04695
V98	0.10742	0.05611	0.03911	0.51545	0.23356	0.04835
V99	0.08625	0.01607	0.03916	0.62916	0.18526	0.0441
V100	0.08809	0.00934	0.39215	0.2052	0.23944	0.06578
V101	0.11462	0.23751	0.36935	0.09273	0.13241	0.05339
V102	0.56254	0.03435	0.14991	0.03158	0.1125	0.10912
V103	0.47966	0.03602	0.07904	0.13243	0.16167	0.11117
V104	0.10099	0.00381	0.20625	0.47008	0.1668	0.05207
V105	0.29226	0.00393	0.13	0.02296	0.13074	0.4201
V106	0.15695	0.00402	0.5029	0.01696	0.12048	0.19868
V107	0.17474	0.38924	0.21897	0.03235	0.1335	0.05122
V108	0.24039	0.02489	0.08517	0.03273	0.28656	0.33026
V109	0.25426	0.01067	0.06964	0.02627	0.27362	0.36555
V110	0.1236	0.1122	0.56054	0.02022	0.11963	0.0638
V111	0.07578	0.01817	0.69868	0.03307	0.1268	0.0475
V112	0.12889	0.21222	0.03856	0.40321	0.16876	0.04836
V113	0.09651	0.06565	0.51295	0.04896	0.22501	0.05091
V114	0.17172	0.00722	0.52891	0.11785	0.11686	0.05744
V115	0.38677	0.05482	0.0776	0.04561	0.2218	0.2134
V116	0.59033	0.02939	0.08696	0.06297	0.11684	0.11352
V117	0.4137	0.02648	0.05675	0.09362	0.31895	0.0905
V118	0.15096	0.40955	0.13082	0.05771	0.19057	0.06039
V119	0.16292	0.48221	0.07266	0.06452	0.15138	0.06631
V120	0.15761	0.13791	0.11799	0.30378	0.21596	0.06676
V121	0.33357	0.01659	0.06667	0.20671	0.13436	0.2421
V122	0.27107	0.02549	0.05027	0.40801	0.17878	0.06638
V123	0.35419	0.01756	0.06457	0.05853	0.23355	0.27159
V124	0.07628	0.00505	0.25658	0.04262	0.57009	0.0494
V125	0.11416	0.10515	0.52173	0.06445	0.11714	0.07737
V126	0.24884	0.17232	0.10494	0.03113	0.13844	0.30433
V127	0.10481	0.00503	0.63217	0.08495	0.12272	0.05032
V128	0.30116	0.17448	0.13158	0.13241	0.18	0.08037
V129	0.07935	0.01746	0.65756	0.07211	0.12287	0.05064
V130	0.40197	0.09596	0.06554	0.18884	0.15532	0.09235
V131	0.1194	0.00493	0.05269	0.05162	0.656	0.11536
V132	0.13072	0.29759	0.33159	0.02859	0.16236	0.04914
V133	0.12965	0.13245	0.45039	0.08005	0.15842	0.04902
V134	0.23326	0.38352	0.0659	0.04164	0.19989	0.0758
V135	0.13483	0.01165	0.57924	0.01897	0.15195	0.10337
V136	0.18972	0.424	0.11104	0.04726	0.16715	0.06083
V137	0.11015	0.1131	0.44298	0.03855	0.25088	0.04434
V138	0.2079	0.00318	0.06115	0.29307	0.21115	0.22355
V139	0.15387	0.03811	0.15399	0.03655	0.43193	0.18556
V140	0.43651	0.15768	0.10033	0.07568	0.13	0.0998
V141	0.25045	0.17895	0.14038	0.19543	0.15884	0.07596
V142	0.21085	0.41882	0.07294	0.07341	0.14174	0.08225
V143	0.12911	0.04625	0.49689	0.07434	0.19103	0.06238
V144	0.25637	0.11649	0.07558	0.10643	0.14073	0.30439
V145	0.09105	0.00332	0.04621	0.63127	0.17245	0.0557
V146	0.16112	0.01467	0.0898	0.04323	0.60135	0.08982
V147	0.40324	0.06115	0.14973	0.05454	0.12101	0.21032
V148	0.10094	0.12419	0.59035	0.02077	0.11378	0.04997
V149	0.22244	0.3055	0.06322	0.04701	0.13734	0.2245
V150	0.09039	0.00379	0.0328	0.6294	0.19854	0.04508
V151	0.23775	0.25571	0.06417	0.03459	0.15282	0.25497
V152	0.1421	0.15906	0.35299	0.05031	0.21969	0.07586
V153	0.08005	0.03043	0.50398	0.19325	0.14672	0.04557
V154	0.3889	0.14765	0.0787	0.02604	0.12649	0.23221
V155	0.14273	0.23871	0.10475	0.03571	0.40577	0.07233
V156	0.11904	0.3096	0.04735	0.04117	0.43646	0.04637
V157	0.21136	0.07738	0.08627	0.20601	0.15188	0.26709
V158	0.09416	0.04565	0.6769	0.01932	0.11189	0.05208
V159	0.18839	0.16027	0.28334	0.13874	0.15913	0.07014
V160	0.09745	0.00472	0.6813	0.02466	0.11174	0.08013
V161	0.12922	0.31425	0.04344	0.24501	0.22248	0.04559
V162	0.14407	0.33927	0.04569	0.11789	0.2929	0.06017
V163	0.08739	0.0059	0.72204	0.01943	0.11191	0.05333
V164	0.11624	0.23231	0.30716	0.10145	0.19239	0.05046
V165	0.11155	0.01871	0.05835	0.05221	0.66014	0.09903
V166	0.16219	0.01017	0.03999	0.13208	0.46096	0.1946
V167	0.0846	0.00346	0.34943	0.356	0.15999	0.04652
V168	0.48552	0.03003	0.07255	0.18203	0.12527	0.10461
V169	0.09416	0.01002	0.55223	0.15892	0.12945	0.05522
V170	0.35252	0.03557	0.12751	0.21897	0.18109	0.08434
V171	0.24666	0.28956	0.07636	0.02946	0.14585	0.2121
V172	0.14757	0.05222	0.43537	0.13846	0.12883	0.09754
V173	0.10944	0.01758	0.62138	0.01771	0.12596	0.10793
V174	0.45392	0.08683	0.07058	0.03638	0.25854	0.09375
V175	0.1745	0.40282	0.14489	0.04647	0.17698	0.05433
V176	0.0738	0.00544	0.7197	0.02676	0.12626	0.04805
V177	0.19968	0.06061	0.28269	0.04271	0.24924	0.16507
V178	0.09013	0.03262	0.05551	0.04267	0.72	0.05906
V179	0.12278	0.00283	0.06839	0.44584	0.23566	0.12449
V180	0.2614	0.01576	0.18748	0.28107	0.13242	0.12187
V181	0.40627	0.08928	0.11043	0.0693	0.17345	0.15128
V182	0.09667	0.06484	0.59976	0.06446	0.11595	0.05832
V183	0.09619	0.00401	0.03976	0.64239	0.17215	0.0455
V184	0.32909	0.25809	0.06762	0.05046	0.21402	0.08073
V185	0.20282	0.32649	0.07358	0.03896	0.23142	0.12674
V186	0.07496	0.00335	0.49488	0.24746	0.1371	0.04226
V187	0.28119	0.3079	0.0591	0.04672	0.23471	0.07038
V188	0.22578	0.35784	0.0695	0.04918	0.13813	0.15957
V189	0.11171	0.05219	0.16771	0.05259	0.50744	0.10837
V190	0.1317	0.12507	0.04224	0.04937	0.52705	0.12455
V191	0.20724	0.35726	0.06288	0.03758	0.14947	0.18556
V192	0.40261	0.15754	0.12914	0.0461	0.16448	0.10013
V193	0.28188	0.08328	0.07875	0.03056	0.14064	0.38489
V194	0.0843	0.01861	0.04813	0.12003	0.6709	0.05803
V195	0.07946	0.00436	0.57267	0.08856	0.20742	0.04753
V196	0.0858	0.00344	0.0518	0.60761	0.20342	0.04793
V197	0.2093	0.01109	0.05709	0.04453	0.60823	0.06975
V198	0.17849	0.25959	0.07531	0.12997	0.2941	0.06254
V199	0.10975	0.15739	0.11261	0.1054	0.46313	0.05171
V200	0.13424	0.0101	0.45856	0.17328	0.13019	0.09362
V201	0.09886	0.00351	0.03352	0.63231	0.17175	0.06005
V202	0.16488	0.04561	0.35552	0.04774	0.22876	0.15749
V203	0.42591	0.03906	0.06619	0.24563	0.13104	0.09217
V204	0.27074	0.03807	0.09604	0.13315	0.14051	0.32148
V205	0.08182	0.01854	0.70589	0.03234	0.11326	0.04814
V206	0.09057	0.0366	0.12024	0.52225	0.18704	0.0433
V207	0.33005	0.13062	0.08803	0.18297	0.15067	0.11766
V208	0.31735	0.0683	0.33183	0.05443	0.15232	0.07577
V209	0.29356	0.29877	0.06462	0.05352	0.13992	0.14962
V210	0.14653	0.02113	0.64834	0.01863	0.10958	0.05579
V211	0.40509	0.03809	0.13671	0.03231	0.22945	0.15835
V212	0.11371	0.18141	0.18998	0.27493	0.18686	0.05312
V213	0.10694	0.05353	0.23555	0.05329	0.49992	0.05077
V214	0.54843	0.04015	0.09459	0.06341	0.14256	0.11086
V215	0.20467	0.38553	0.06215	0.05524	0.13994	0.15247
V216	0.19316	0.31309	0.26176	0.03497	0.14001	0.05702
V217	0.26272	0.00688	0.08566	0.08675	0.32883	0.22916
V218	0.14277	0.21335	0.04552	0.37891	0.17285	0.0466
V219	0.55924	0.0267	0.09389	0.02622	0.12318	0.17077
V220	0.15025	0.01257	0.04904	0.56654	0.1632	0.05839
V221	0.19113	0.43464	0.08274	0.0849	0.14869	0.05791
V222	0.15024	0.18908	0.06949	0.13415	0.39016	0.06688
V223	0.19076	0.20122	0.24251	0.02971	0.14288	0.19291
V224	0.07466	0.00487	0.34393	0.03312	0.49842	0.04501
V225	0.32912	0.01302	0.08947	0.02975	0.13241	0.40623
V226	0.25327	0.04448	0.19809	0.20891	0.20995	0.0853
V227	0.45984	0.02022	0.07173	0.17109	0.1323	0.14482
V228	0.18077	0.15986	0.37613	0.06076	0.14525	0.07722
V229	0.18821	0.01407	0.31132	0.19015	0.22227	0.07397
V230	0.12171	0.11204	0.56679	0.0263	0.11328	0.05988
V231	0.11863	0.01793	0.04058	0.58831	0.18667	0.04788
V232	0.35831	0.01907	0.06003	0.21284	0.13965	0.2101
V233	0.55384	0.03326	0.09583	0.0689	0.12999	0.11817
V234	0.36203	0.01792	0.05151	0.04558	0.43424	0.08871
V235	0.13801	0.00553	0.05451	0.56785	0.17677	0.05734
V236	0.141	0.00429	0.18088	0.04461	0.48803	0.14118
V237	0.08097	0.00427	0.64378	0.09249	0.13084	0.04765
V238	0.46027	0.01873	0.10365	0.08109	0.14644	0.18982
V239	0.39443	0.03791	0.13899	0.11513	0.20705	0.10649
V240	0.09837	0.16728	0.03186	0.12084	0.53394	0.04772
V241	0.41098	0.12104	0.0682	0.14366	0.15975	0.09637
V242	0.30686	0.04286	0.09087	0.14153	0.19194	0.22594
V243	0.12394	0.2548	0.36797	0.05699	0.14872	0.04758
V244	0.20136	0.02028	0.04919	0.03385	0.51907	0.17624
V245	0.52811	0.02325	0.08641	0.02563	0.13119	0.20541
V246	0.0886	0.03756	0.20511	0.28109	0.33695	0.05069
V247	0.31824	0.06173	0.06878	0.14639	0.14648	0.25839
V248	0.24234	0.0313	0.0408	0.18248	0.41684	0.08622
V249	0.24625	0.11626	0.32147	0.07789	0.11963	0.1185
V250	0.09411	0.0162	0.03966	0.62957	0.17202	0.04844
V251	0.14398	0.35679	0.15295	0.14676	0.14686	0.05266
V252	0.08752	0.00994	0.06554	0.58391	0.20148	0.05162
V253	0.17559	0.0434	0.05034	0.2925	0.23931	0.19886
V254	0.13283	0.1768	0.09518	0.15954	0.36056	0.07509
V255	0.31935	0.20241	0.11092	0.07026	0.1715	0.12556
V256	0.16253	0.50376	0.06417	0.04572	0.16305	0.06077
V257	0.14826	0.27036	0.06745	0.05482	0.38004	0.07907
V258	0.11809	0.16074	0.14207	0.37613	0.14871	0.05427
V259	0.13543	0.35233	0.28245	0.041	0.1307	0.05809
V260	0.16596	0.03457	0.04943	0.04968	0.58727	0.11309
V261	0.39193	0.03059	0.08603	0.0532	0.27355	0.1647
V262	0.12552	0.01358	0.62633	0.02718	0.15792	0.04947
V263	0.09857	0.04441	0.50646	0.16545	0.13072	0.05438
V264	0.44013	0.03225	0.14145	0.04928	0.16359	0.17331
V265	0.09461	0.00622	0.02878	0.06354	0.75315	0.0537
V266	0.32273	0.03325	0.08741	0.03007	0.13834	0.3882
V267	0.2294	0.41473	0.06209	0.08509	0.14777	0.06092
V268	0.59783	0.0296	0.0837	0.03299	0.11655	0.13933
V269	0.10399	0.03696	0.12799	0.50529	0.17766	0.04811
V270	0.27898	0.3082	0.07809	0.04582	0.21598	0.07293
V271	0.21962	0.09178	0.24006	0.03347	0.13647	0.2786
V272	0.09758	0.00494	0.02944	0.09991	0.68156	0.08657
V273	0.11488	0.00593	0.07146	0.09816	0.6331	0.07647
V274	0.25168	0.01022	0.18435	0.05989	0.13529	0.35857
V275	0.48253	0.13954	0.08124	0.04008	0.12803	0.12858
V276	0.23516	0.17574	0.11577	0.08141	0.16301	0.2289
V277	0.40111	0.02803	0.07404	0.03247	0.222	0.24235
V278	0.17515	0.08859	0.11122	0.19368	0.36337	0.068
V279	0.26615	0.04014	0.2081	0.05953	0.1371	0.28897
V280	0.1573	0.00617	0.04311	0.56157	0.16863	0.06322
V281	0.16234	0.49222	0.08492	0.06007	0.1462	0.05425
V282	0.08917	0.03228	0.03458	0.08865	0.70044	0.05487
V283	0.11955	0.28925	0.04034	0.04679	0.4513	0.05277
V284	0.13334	0.07136	0.27144	0.24923	0.16698	0.10765
V285	0.09411	0.01623	0.03331	0.6291	0.17866	0.04858
V286	0.46422	0.04161	0.12469	0.14993	0.12209	0.09745
V287	0.09192	0.01155	0.05604	0.09987	0.66678	0.07383
V288	0.23747	0.18705	0.07174	0.03428	0.21997	0.24948
V289	0.08667	0.06442	0.56952	0.09221	0.138	0.04917
V290	0.08584	0.00311	0.20539	0.48876	0.16257	0.05432
V291	0.10784	0.02369	0.03352	0.60561	0.17588	0.05347
V292	0.18064	0.06709	0.05002	0.40875	0.23604	0.05745
V293	0.07788	0.03873	0.05479	0.04959	0.72538	0.05363
V294	0.39495	0.03776	0.05806	0.04217	0.32504	0.14202
V295	0.33424	0.00694	0.09003	0.02374	0.13828	0.40677
V296	0.1465	0.2481	0.10771	0.20799	0.18682	0.10288
V297	0.29259	0.05033	0.07434	0.03049	0.14168	0.41056
V298	0.15347	0.4539	0.1616	0.04161	0.14007	0.04935
V299	0.17684	0.06234	0.56042	0.02564	0.11723	0.05752
V300	0.50169	0.09171	0.10251	0.0322	0.11928	0.1526
V301	0.37374	0.26125	0.10484	0.04238	0.13434	0.08345
V302	0.1172	0.19119	0.08783	0.36004	0.18993	0.05381
V303	0.14913	0.42182	0.10024	0.04828	0.22555	0.05499
V304	0.08832	0.00628	0.04878	0.04419	0.75934	0.05309
V305	0.14309	0.00923	0.17294	0.31394	0.20987	0.15093
V306	0.39056	0.07855	0.0741	0.03104	0.12767	0.29808
V307	0.1941	0.01561	0.04334	0.05012	0.59937	0.09745
V308	0.08606	0.00976	0.03295	0.64626	0.18054	0.04443
V309	0.13409	0.33934	0.05184	0.26999	0.15296	0.05179
V310	0.18912	0.2478	0.23986	0.03158	0.13886	0.15279
V311	0.43904	0.01662	0.08354	0.03041	0.12504	0.30536
V312	0.16504	0.0141	0.0343	0.27773	0.4391	0.06973
V313	0.35785	0.01624	0.07349	0.05577	0.13113	0.36552
V314	0.24232	0.01711	0.04851	0.47205	0.15739	0.06262
V315	0.22141	0.41612	0.06831	0.0372	0.17891	0.07806
V316	0.32379	0.01417	0.08279	0.07482	0.14466	0.35976
V317	0.14729	0.00381	0.04414	0.48814	0.18998	0.12664
V318	0.09092	0.01001	0.05894	0.61421	0.17058	0.05535
V319	0.30381	0.13164	0.22912	0.11821	0.12925	0.08797
V320	0.2473	0.13586	0.28384	0.09839	0.12802	0.10659
V321	0.1436	0.39566	0.04996	0.20767	0.15637	0.04675
V322	0.11909	0.00494	0.10286	0.0493	0.60764	0.11616
V323	0.12316	0.19724	0.03602	0.28161	0.3137	0.04827
V324	0.16108	0.03222	0.0712	0.17681	0.41223	0.14646
V325	0.19244	0.48244	0.0824	0.03971	0.14398	0.05902
V326	0.22752	0.43678	0.07647	0.03818	0.15689	0.06416
V327	0.13283	0.00723	0.67683	0.01867	0.10982	0.05463
V328	0.2013	0.14193	0.17705	0.12515	0.29279	0.06178
V329	0.08162	0.00458	0.45723	0.02797	0.37242	0.05618
V330	0.08159	0.0055	0.70828	0.0264	0.12591	0.05231
V331	0.47774	0.0662	0.11048	0.08098	0.12614	0.13846
V332	0.17391	0.05226	0.15647	0.03517	0.38824	0.19395
V333	0.09378	0.01644	0.37627	0.25823	0.19325	0.06204
V334	0.11671	0.27085	0.33152	0.10494	0.12958	0.04641
V335	0.16783	0.01992	0.57895	0.02361	0.11052	0.09917
V336	0.30554	0.35693	0.08601	0.03471	0.14002	0.07679
V337	0.1336	0.13294	0.07975	0.04512	0.55866	0.04993
V338	0.49684	0.02435	0.10142	0.03416	0.22516	0.11807
V339	0.1634	0.06629	0.32572	0.19298	0.1474	0.10422
V340	0.44014	0.17908	0.07083	0.05891	0.14288	0.10815
V341	0.24347	0.03729	0.07511	0.39604	0.17855	0.06954
V342	0.14695	0.01006	0.05096	0.46246	0.19539	0.13417
V343	0.26665	0.11247	0.15143	0.04173	0.13955	0.28817
V344	0.16073	0.38447	0.05245	0.05316	0.25042	0.09877
V345	0.07447	0.00619	0.03441	0.05319	0.78329	0.04845
V346	0.18048	0.01439	0.04877	0.31574	0.36588	0.07474
V347	0.36479	0.10176	0.07461	0.08614	0.28565	0.08704
V348	0.16046	0.09483	0.50032	0.03398	0.1527	0.05772
V349	0.49609	0.06881	0.10233	0.08803	0.14545	0.09929
V350	0.34847	0.04061	0.15277	0.1781	0.12672	0.15333
V351	0.31862	0.05445	0.10268	0.04201	0.14193	0.34032
V352	0.1804	0.21821	0.05503	0.03228	0.3303	0.18377
V353	0.09916	0.12406	0.59598	0.02088	0.11369	0.04623
V354	0.20693	0.04048	0.21686	0.02667	0.33382	0.17524
V355	0.08062	0.02527	0.71078	0.02606	0.11293	0.04435
V356	0.3877	0.09534	0.08507	0.17674	0.14789	0.10727
V357	0.26507	0.01874	0.33945	0.03717	0.26239	0.07718
V358	0.28397	0.00369	0.11933	0.04826	0.13862	0.40613
V359	0.18225	0.06654	0.04437	0.43369	0.20452	0.06864
V360	0.37479	0.01666	0.06031	0.16391	0.27998	0.10436
V361	0.16141	0.51491	0.06466	0.05102	0.15331	0.05469
V362	0.1401	0.34038	0.07055	0.24652	0.15628	0.04618
V363	0.5014	0.06308	0.11034	0.02764	0.17964	0.11791
V364	0.24288	0.13047	0.07262	0.05157	0.21013	0.29233
V365	0.33547	0.25732	0.06823	0.12322	0.1349	0.08086
V366	0.15639	0.17146	0.37227	0.0686	0.1723	0.05899
V367	0.10028	0.00381	0.04389	0.43079	0.35662	0.06461
V368	0.22149	0.09825	0.11706	0.05085	0.22986	0.28248
V369	0.10625	0.02531	0.03024	0.08633	0.66536	0.08652
V370	0.11248	0.05799	0.5036	0.11847	0.13358	0.07388
V371	0.16116	0.17359	0.04851	0.34943	0.14941	0.1179
V372	0.1652	0.40844	0.05414	0.05399	0.23849	0.07973
V373	0.55635	0.03215	0.08221	0.02656	0.11852	0.18421
V374	0.20231	0.01493	0.22131	0.34822	0.15677	0.05647
V375	0.32667	0.02143	0.19758	0.06577	0.29929	0.08926
V376	0.24576	0.03714	0.08078	0.1088	0.18865	0.33886
V377	0.11242	0.01252	0.34142	0.03021	0.44383	0.0596
V378	0.25947	0.05292	0.20238	0.02154	0.15	0.3137
V379	0.40368	0.02059	0.16825	0.02217	0.11991	0.2654
V380	0.07687	0.032	0.05463	0.05642	0.72634	0.05376
V381	0.29141	0.03302	0.27243	0.20468	0.13054	0.06793
V382	0.08222	0.02495	0.03443	0.18376	0.62477	0.04987
V383	0.20893	0.03572	0.33229	0.21971	0.13943	0.06393
V384	0.10543	0.01911	0.64547	0.03329	0.14611	0.05059
V385	0.31179	0.01178	0.09672	0.02368	0.13331	0.42272
V386	0.43062	0.04105	0.24777	0.02991	0.14982	0.10083
V387	0.23149	0.01657	0.08097	0.4604	0.14957	0.061
V388	0.52236	0.05166	0.17946	0.02504	0.11825	0.10323
V389	0.36629	0.06372	0.08017	0.0245	0.13489	0.33043
V390	0.1321	0.02994	0.04247	0.5103	0.18511	0.10007
V391	0.11123	0.01079	0.04507	0.42435	0.3357	0.07286
V392	0.16365	0.03045	0.38908	0.09765	0.12192	0.19725
V393	0.15195	0.10626	0.31935	0.0686	0.21652	0.13733
V394	0.09096	0.00349	0.05867	0.59036	0.20798	0.04853
V395	0.07868	0.04499	0.69405	0.02605	0.11315	0.04308
V396	0.38049	0.05691	0.06138	0.25362	0.16571	0.0819
V397	0.26336	0.12338	0.09223	0.03112	0.16349	0.32642
V398	0.16213	0.40422	0.06468	0.05462	0.25529	0.05907
V399	0.08629	0.00464	0.66903	0.05227	0.12767	0.0601
V400	0.21271	0.02278	0.05212	0.29589	0.15183	0.26466
V401	0.17366	0.02098	0.51152	0.02708	0.186	0.08075
V402	0.12995	0.01167	0.04149	0.59001	0.16683	0.06005
V403	0.20921	0.0027	0.05855	0.05562	0.38844	0.28548
V404	0.07835	0.01208	0.73187	0.02012	0.11259	0.04498
V405	0.3062	0.23159	0.12011	0.06637	0.20183	0.0739
V406	0.21897	0.04674	0.1838	0.0904	0.24996	0.21012
V407	0.14014	0.01783	0.5746	0.01711	0.11843	0.13189
V408	0.12808	0.07634	0.06117	0.48693	0.15685	0.09064
V409	0.59388	0.0489	0.08348	0.02809	0.1171	0.12855
V410	0.60419	0.03664	0.08347	0.02799	0.12788	0.11984
V411	0.24418	0.00892	0.06698	0.20074	0.13993	0.33924
V412	0.41488	0.13443	0.10847	0.05918	0.19626	0.08678
V413	0.10024	0.08158	0.05816	0.53253	0.18109	0.0464
V414	0.15187	0.05265	0.048	0.42469	0.26461	0.05819
V415	0.11622	0.00945	0.28521	0.2868	0.21136	0.09096
V416	0.12403	0.10453	0.0407	0.2084	0.42281	0.09953
V417	0.29253	0.0051	0.12097	0.10654	0.1311	0.34376
V418	0.09263	0.05816	0.33925	0.12001	0.3246	0.06536
V419	0.30026	0.02355	0.07653	0.0245	0.14186	0.4333
V420	0.30914	0.00458	0.07693	0.03048	0.14161	0.43725
V421	0.10687	0.03952	0.07738	0.09123	0.62191	0.06307
V422	0.22432	0.20238	0.04507	0.04284	0.42169	0.06371
V423	0.12712	0.11412	0.03531	0.5078	0.1663	0.04936
V424	0.53156	0.0824	0.08891	0.06937	0.11981	0.10796
V425	0.08363	0.0788	0.04169	0.04327	0.69949	0.05313
V426	0.25241	0.03146	0.19858	0.02755	0.13352	0.35649
V427	0.37357	0.09528	0.16023	0.11299	0.14158	0.11635
V428	0.25957	0.01796	0.04358	0.46392	0.14985	0.06512
V429	0.0862	0.01655	0.11242	0.42275	0.30746	0.05463
V430	0.11837	0.05831	0.45258	0.15925	0.13697	0.07452
V431	0.0731	0.01147	0.71805	0.03922	0.11419	0.04396
V432	0.1232	0.28733	0.05968	0.31698	0.1652	0.0476
V433	0.09013	0.00375	0.06581	0.62497	0.17064	0.04468
V434	0.10844	0.1977	0.16119	0.34027	0.14785	0.04455
V435	0.1232	0.00451	0.04098	0.03836	0.64885	0.14409
V436	0.55702	0.08921	0.08606	0.04007	0.11885	0.10879
V437	0.233	0.18564	0.25233	0.03871	0.19843	0.0919
V438	0.13594	0.25901	0.04561	0.08057	0.42436	0.05452
V439	0.07698	0.01221	0.11127	0.04222	0.70666	0.05065
V440	0.1818	0.04069	0.3443	0.06311	0.26215	0.10794
V441	0.14973	0.05117	0.38284	0.12552	0.13632	0.15441
V442	0.35553	0.09416	0.18164	0.06847	0.15872	0.14148
V443	0.09637	0.00313	0.08013	0.5688	0.19192	0.05965
V444	0.5004	0.0429	0.09716	0.04553	0.18131	0.13269
V445	0.60717	0.03688	0.09663	0.02754	0.11516	0.11663
V446	0.14402	0.34759	0.245	0.04726	0.14989	0.06623
V447	0.23396	0.15606	0.05409	0.15811	0.17582	0.22195
V448	0.0905	0.01899	0.66456	0.02163	0.15873	0.04559
V449	0.4257	0.03858	0.07426	0.21547	0.12903	0.11696
V450	0.13346	0.01341	0.5413	0.02283	0.23503	0.05396
V451	0.1472	0.03467	0.15186	0.13861	0.47207	0.05559
V452	0.19013	0.01642	0.07254	0.3254	0.1858	0.20972
V453	0.28757	0.01318	0.41214	0.0979	0.12053	0.06869
V454	0.21028	0.04881	0.12203	0.40262	0.15165	0.06461
V455	0.19215	0.46272	0.08581	0.05394	0.14341	0.06197
V456	0.55404	0.02651	0.10361	0.03243	0.14669	0.13672
V457	0.26111	0.01192	0.06736	0.03293	0.28615	0.34052
V458	0.12347	0.00468	0.34743	0.03394	0.39064	0.09984
V459	0.08906	0.01684	0.47446	0.24703	0.12967	0.04295
V460	0.32025	0.05326	0.22882	0.11289	0.14661	0.13818
V461	0.26345	0.03779	0.05676	0.32132	0.23348	0.08721
V462	0.08207	0.00497	0.69718	0.03202	0.12009	0.06368
V463	0.07216	0.02543	0.04068	0.07638	0.73886	0.04649
V464	0.17929	0.47169	0.06769	0.05521	0.17198	0.05414
V465	0.31437	0.07499	0.35353	0.02181	0.14417	0.09112
V466	0.13661	0.01819	0.04751	0.52091	0.21286	0.06392
V467	0.61364	0.03123	0.09092	0.02765	0.11524	0.12132
V468	0.30181	0.08033	0.11499	0.19405	0.23568	0.07314
V469	0.10682	0.09158	0.5158	0.08428	0.12541	0.07611
V470	0.43851	0.02797	0.09332	0.07845	0.26331	0.09843
V471	0.13042	0.14557	0.41912	0.06701	0.15225	0.08563
V472	0.15757	0.32302	0.0467	0.06129	0.33872	0.07269
V473	0.16606	0.52076	0.07139	0.04151	0.14757	0.0527
V474	0.12092	0.00442	0.31573	0.3626	0.1459	0.05042
V475	0.13073	0.10668	0.23674	0.15242	0.31208	0.06135
V476	0.38977	0.02839	0.0682	0.15997	0.16209	0.19158
V477	0.18396	0.358	0.09718	0.09494	0.15719	0.10873
V478	0.09216	0.01084	0.66657	0.03151	0.11977	0.07915
V479	0.1193	0.09283	0.56158	0.02749	0.1459	0.05289
V480	0.10661	0.16695	0.0393	0.24883	0.39139	0.04693
V481	0.33254	0.07496	0.13304	0.07896	0.28671	0.09379
V482	0.45288	0.01717	0.09125	0.03073	0.12424	0.28373
V483	0.15648	0.49527	0.10724	0.0448	0.14523	0.05097
V484	0.5518	0.0276	0.12776	0.02636	0.15145	0.11503
V485	0.24867	0.09176	0.38468	0.07174	0.12218	0.08096
V486	0.21601	0.00855	0.5237	0.04352	0.11069	0.09753
V487	0.11536	0.23495	0.04262	0.04647	0.50756	0.05303
V488	0.2753	0.37983	0.07639	0.06224	0.13748	0.06875
V489	0.53105	0.03949	0.13276	0.03249	0.15224	0.11196
V490	0.30132	0.03231	0.06985	0.06253	0.15377	0.38022
V491	0.14909	0.1846	0.28642	0.02925	0.28505	0.06559
V492	0.22661	0.02475	0.212	0.0814	0.18849	0.26675
V493	0.5391	0.10614	0.07866	0.04648	0.12026	0.10937
V494	0.218	0.02377	0.3023	0.03766	0.12175	0.29653
V495	0.24906	0.32366	0.18807	0.04185	0.13582	0.06154
V496	0.23027	0.09017	0.25121	0.02544	0.26595	0.13697
V497	0.10303	0.13868	0.15403	0.06156	0.49443	0.04827
V498	0.1432	0.07309	0.28989	0.2489	0.17881	0.06611
V499	0.15798	0.39155	0.16187	0.07812	0.14957	0.06091
V500	0.36977	0.13306	0.10455	0.06546	0.22476	0.10241
V501	0.18329	0.48018	0.06416	0.05473	0.15084	0.0668
V502	0.08352	0.01119	0.03515	0.22218	0.59426	0.0537
V503	0.17559	0.21571	0.06702	0.33546	0.15536	0.05085
V504	0.17306	0.48232	0.0968	0.03982	0.15493	0.05307
V505	0.09132	0.00265	0.3922	0.28381	0.16042	0.0696
V506	0.33789	0.01709	0.08828	0.12827	0.17726	0.25121
V507	0.30265	0.00375	0.0773	0.02425	0.14848	0.44358
V508	0.1519	0.35075	0.08428	0.09356	0.26499	0.05453
V509	0.10516	0.01102	0.0395	0.55293	0.24485	0.04654
V510	0.605	0.03055	0.08337	0.02806	0.13324	0.11977
V511	0.26952	0.01089	0.06091	0.18737	0.14467	0.32664
V512	0.14375	0.14543	0.45461	0.04019	0.13601	0.08002
V513	0.08449	0.01864	0.20529	0.0753	0.56673	0.04955
V514	0.17535	0.45416	0.10712	0.03591	0.14159	0.08587
V515	0.16105	0.2485	0.04959	0.32149	0.15056	0.06881
V516	0.08077	0.03814	0.60752	0.02869	0.19453	0.05034
V517	0.07374	0.00395	0.32902	0.18889	0.3576	0.04679
V518	0.30601	0.24215	0.08386	0.10118	0.16349	0.10331
V519	0.22388	0.32953	0.06524	0.08848	0.14479	0.14809
V520	0.47521	0.07887	0.09021	0.09972	0.12211	0.13387
V521	0.13595	0.00765	0.038	0.05441	0.69502	0.06897
V522	0.33194	0.13099	0.07031	0.04776	0.26761	0.15139
V523	0.34344	0.12375	0.10685	0.12501	0.1349	0.16605
V524	0.12816	0.00447	0.08846	0.15341	0.5106	0.11491
V525	0.40387	0.01384	0.10801	0.03549	0.12466	0.31412
V526	0.14768	0.43398	0.12469	0.04285	0.20175	0.04906
V527	0.29536	0.02087	0.44183	0.02645	0.14163	0.07386
V528	0.55824	0.0279	0.15593	0.0313	0.11811	0.10853
V529	0.14359	0.05783	0.05441	0.51129	0.17691	0.05597
V530	0.16184	0.15228	0.27952	0.10711	0.17827	0.12098
V531	0.60893	0.03685	0.08413	0.03343	0.11622	0.12045
V532	0.15803	0.00667	0.08908	0.44822	0.23849	0.05952
V533	0.18119	0.00429	0.24779	0.04502	0.33155	0.19016
V534	0.14525	0.00293	0.04508	0.4318	0.22165	0.15329
V535	0.39844	0.04484	0.21012	0.11828	0.1255	0.10282
V536	0.08952	0.00299	0.57055	0.14547	0.12165	0.06982
V537	0.1495	0.37285	0.05532	0.20374	0.15541	0.06317
V538	0.21683	0.00196	0.06057	0.29044	0.14481	0.28538
V539	0.09824	0.00398	0.04549	0.52556	0.26962	0.05712
V540	0.283	0.0191	0.29072	0.03774	0.27077	0.09867
V541	0.12008	0.17037	0.04283	0.43063	0.17496	0.06112
V542	0.13363	0.34772	0.06394	0.20716	0.19595	0.0516
V543	0.07409	0.0045	0.50729	0.04612	0.31679	0.0512
V544	0.28744	0.02425	0.07782	0.04943	0.15437	0.4067
V545	0.13588	0.38088	0.10299	0.05425	0.27361	0.05238
V546	0.42825	0.05868	0.06686	0.20225	0.14758	0.09638
V547	0.13426	0.06459	0.03408	0.31338	0.36124	0.09245
V548	0.30209	0.0169	0.07709	0.02435	0.14184	0.43772
V549	0.16776	0.0056	0.49464	0.08469	0.13621	0.11109
V550	0.08353	0.01151	0.30091	0.03384	0.52075	0.04945
V551	0.24183	0.04543	0.09766	0.109	0.20073	0.30536
V552	0.1124	0.03153	0.15088	0.23732	0.39166	0.07622
V553	0.5615	0.02771	0.10258	0.05122	0.14073	0.11626
V554	0.1722	0.4825	0.08055	0.03875	0.14948	0.07653
V555	0.34898	0.01133	0.08004	0.2067	0.1328	0.22015
V556	0.12526	0.01098	0.37765	0.2823	0.14582	0.05799
V557	0.18642	0.43716	0.12343	0.04144	0.14486	0.06669
V558	0.36252	0.13538	0.07088	0.11235	0.12983	0.18904
V559	0.07315	0.00519	0.02789	0.15385	0.68939	0.05053
V560	0.50929	0.04311	0.08593	0.03946	0.18139	0.14081
V561	0.07349	0.01871	0.73068	0.02028	0.1127	0.04413
V562	0.3976	0.16273	0.10384	0.08135	0.13145	0.12304
V563	0.29328	0.0038	0.0725	0.0751	0.13633	0.41898
V564	0.23042	0.05824	0.05577	0.03446	0.31857	0.30254
V565	0.30244	0.00397	0.08406	0.02401	0.14196	0.44357
V566	0.27265	0.0715	0.08565	0.06225	0.15884	0.34911
V567	0.31356	0.19634	0.06157	0.18611	0.1547	0.08772
V568	0.10933	0.00687	0.04259	0.069	0.72068	0.05152
V569	0.53038	0.04991	0.07779	0.05089	0.12577	0.16526
V570	0.48957	0.1111	0.09772	0.06948	0.12719	0.10495
V571	0.09838	0.15561	0.52325	0.03524	0.14213	0.04538
V572	0.08643	0.01146	0.63779	0.0349	0.18096	0.04846
V573	0.22207	0.44442	0.07098	0.03861	0.1578	0.06612
V574	0.1999	0.00302	0.33928	0.05167	0.14792	0.25821
V575	0.16064	0.38667	0.10694	0.11781	0.15378	0.07416
V576	0.29721	0.08771	0.06007	0.03427	0.44596	0.07478
V577	0.31143	0.04794	0.05454	0.07685	0.40603	0.10321
V578	0.1232	0.00451	0.04098	0.03836	0.64885	0.14409
V579	0.10675	0.02537	0.17018	0.2177	0.4297	0.05029
V580	0.17024	0.0199	0.10508	0.30242	0.31139	0.09096
V581	0.47653	0.04956	0.12577	0.08216	0.16984	0.09614
V582	0.47607	0.0288	0.07949	0.16387	0.13087	0.12089
V583	0.17066	0.03745	0.2785	0.02387	0.27959	0.20993
V584	0.17078	0.01752	0.04661	0.27547	0.32699	0.16263
V585	0.15972	0.28425	0.22439	0.08762	0.14386	0.10015
V586	0.21857	0.43338	0.09766	0.04244	0.14532	0.06262
V587	0.23911	0.01603	0.26201	0.27402	0.13699	0.07185
V588	0.10153	0.01057	0.06618	0.60057	0.1755	0.04565
V589	0.17533	0.18355	0.25565	0.07969	0.13313	0.17265
V590	0.20028	0.03112	0.32826	0.07173	0.1289	0.23972
V591	0.52275	0.02574	0.0974	0.12505	0.12623	0.10283
V592	0.1396	0.22174	0.10985	0.3006	0.17841	0.0498
V593	0.0916	0.00989	0.03949	0.64137	0.1728	0.04486
V594	0.17384	0.00393	0.0606	0.44995	0.15914	0.15254
V595	0.16267	0.18292	0.08239	0.11892	0.30016	0.15294
V596	0.10004	0.16201	0.04405	0.0962	0.55282	0.04487
V597	0.34037	0.01712	0.06852	0.03976	0.4555	0.07873
V598	0.58495	0.05418	0.08256	0.02813	0.12325	0.12694
V599	0.24608	0.00997	0.05888	0.13646	0.21151	0.3371
V600	0.3785	0.0851	0.06708	0.06353	0.17776	0.22804
V601	0.19399	0.10413	0.08737	0.27827	0.14274	0.19352
V602	0.12051	0.01794	0.11883	0.04121	0.56639	0.13511
V603	0.22112	0.24745	0.08976	0.06977	0.15848	0.21342
V604	0.12461	0.2996	0.04128	0.04674	0.43761	0.05015
V605	0.1152	0.02695	0.05029	0.04159	0.70031	0.06567
V606	0.3945	0.03735	0.24159	0.06569	0.11581	0.14507
V607	0.25324	0.03153	0.06088	0.03955	0.2669	0.34791
V608	0.19766	0.37743	0.06385	0.08367	0.15803	0.11936
V609	0.09511	0.01064	0.55005	0.17227	0.12395	0.04799
V610	0.12338	0.09233	0.39351	0.14646	0.1579	0.08641
V611	0.15675	0.50035	0.07346	0.06064	0.15798	0.05082
V612	0.10098	0.13789	0.04038	0.51664	0.16192	0.0422
V613	0.44942	0.1135	0.08195	0.02633	0.12387	0.20494
V614	0.14518	0.08634	0.43137	0.02695	0.16883	0.14132
V615	0.08435	0.04576	0.07598	0.04812	0.69195	0.05384
V616	0.3383	0.25689	0.0658	0.05966	0.14906	0.1303
V617	0.07755	0.01249	0.02825	0.05294	0.77686	0.0519
V618	0.21358	0.02234	0.50852	0.02486	0.13	0.10071
V619	0.13946	0.38697	0.17257	0.05656	0.18893	0.0555
V620	0.24189	0.01005	0.26285	0.03162	0.12318	0.3304
V621	0.09405	0.00315	0.09383	0.5623	0.19081	0.05586
V622	0.3857	0.12083	0.07211	0.03151	0.29929	0.09056
V623	0.2294	0.41906	0.07073	0.0362	0.1501	0.0945
V624	0.14537	0.37213	0.04892	0.2265	0.15088	0.0562
V625	0.13338	0.09204	0.19424	0.34702	0.16188	0.07143
V626	0.13275	0.03086	0.0483	0.1723	0.46835	0.14743
V627	0.43775	0.0202	0.0601	0.25327	0.13069	0.09798
V628	0.19172	0.04553	0.28518	0.08771	0.1983	0.19155
V629	0.12419	0.29145	0.04231	0.33335	0.16079	0.04791
V630	0.45203	0.02437	0.09193	0.06226	0.14762	0.22179
V631	0.25117	0.00284	0.1102	0.12168	0.16804	0.34607
V632	0.10221	0.02474	0.14198	0.26409	0.40623	0.06075
V633	0.09117	0.12391	0.60157	0.02722	0.1142	0.04192
V634	0.50662	0.0312	0.08221	0.15639	0.12308	0.10051
V635	0.09087	0.03671	0.23307	0.44261	0.15054	0.0462
V636	0.15673	0.38279	0.05072	0.08677	0.24121	0.08177
V637	0.27088	0.04413	0.07458	0.02542	0.20495	0.38003
V638	0.11531	0.07755	0.07875	0.41083	0.26496	0.05261
V639	0.27153	0.05286	0.10707	0.05648	0.39354	0.11852
V640	0.13899	0.09937	0.39754	0.03491	0.21196	0.11723
V641	0.08046	0.05837	0.42345	0.04728	0.34422	0.04622
V642	0.25902	0.0359	0.27848	0.13822	0.12329	0.16509
V643	0.5533	0.03315	0.07583	0.08772	0.13189	0.11811
V644	0.52454	0.03015	0.07486	0.09388	0.12701	0.14956
V645	0.49235	0.034	0.08694	0.087	0.12105	0.17865
V646	0.08356	0.01163	0.38225	0.03068	0.44286	0.04902
V647	0.25559	0.01212	0.08073	0.2431	0.15849	0.24997
V648	0.22049	0.21869	0.16003	0.0685	0.1477	0.18459
V649	0.17813	0.01381	0.06363	0.51396	0.1691	0.06136
V650	0.23663	0.13704	0.20152	0.03644	0.32425	0.06413
V651	0.21342	0.22575	0.11048	0.05421	0.23906	0.15707
V652	0.11325	0.00443	0.1296	0.51972	0.17909	0.05391
V653	0.19915	0.28117	0.0796	0.0543	0.20798	0.17781
V654	0.54719	0.03348	0.1346	0.03215	0.13855	0.11403
V655	0.28014	0.00771	0.07349	0.07388	0.33381	0.23097
V656	0.15018	0.06073	0.48904	0.05426	0.1885	0.05729
V657	0.34728	0.02076	0.054	0.10599	0.3136	0.15838
V658	0.09235	0.05612	0.16808	0.48538	0.15565	0.04242
V659	0.16578	0.50049	0.06996	0.04522	0.15196	0.06659
V660	0.55897	0.03254	0.08128	0.03841	0.11854	0.17026
V661	0.21578	0.00333	0.17357	0.1173	0.22766	0.26237
V662	0.51647	0.03033	0.08603	0.1065	0.12663	0.13404
V663	0.12295	0.11952	0.04462	0.07135	0.58917	0.05238
V664	0.16994	0.04847	0.56431	0.01944	0.12957	0.06827
V665	0.07667	0.0061	0.02812	0.05308	0.78385	0.05219
V666	0.34253	0.21315	0.06774	0.10683	0.15614	0.1136
V667	0.28262	0.00363	0.09829	0.05547	0.14696	0.41303
V668	0.54125	0.11223	0.08575	0.03452	0.11971	0.10653
V669	0.25663	0.07906	0.0563	0.21219	0.14563	0.25019
V670	0.17293	0.24036	0.06506	0.24385	0.15807	0.11972
V671	0.28753	0.01273	0.05184	0.43244	0.14644	0.06901
V672	0.15473	0.35544	0.04868	0.23863	0.15111	0.05141
V673	0.23372	0.09785	0.21355	0.02743	0.12554	0.30191
V674	0.52632	0.0266	0.07684	0.02919	0.23649	0.10455
V675	0.28567	0.09058	0.0835	0.02493	0.15118	0.36414
V676	0.09909	0.00371	0.10787	0.57321	0.17071	0.04541
V677	0.2497	0.24629	0.17582	0.02615	0.12672	0.17534
V678	0.21965	0.06168	0.08566	0.03739	0.41966	0.17596
V679	0.27265	0.07038	0.103	0.04215	0.13882	0.373
V680	0.09291	0.0044	0.32043	0.03114	0.47507	0.07605
V681	0.18864	0.43441	0.08549	0.04071	0.14112	0.10964
V682	0.19092	0.34788	0.05697	0.04453	0.20901	0.15068
V683	0.10326	0.00511	0.0371	0.04124	0.71416	0.09914
V684	0.19812	0.43845	0.06076	0.09038	0.15012	0.06217
V685	0.1316	0.37232	0.24137	0.0324	0.17357	0.04873
V686	0.27827	0.01623	0.36508	0.02516	0.1264	0.18886
V687	0.1838	0.16452	0.25047	0.09194	0.12753	0.18174
V688	0.37449	0.01567	0.06429	0.0357	0.33506	0.17479
V689	0.13561	0.01844	0.53078	0.09855	0.13776	0.07886
V690	0.14691	0.01206	0.06307	0.05546	0.58004	0.14246
V691	0.1727	0.29876	0.19104	0.08258	0.16393	0.09099
V692	0.41102	0.0188	0.05709	0.2368	0.18272	0.09357
V693	0.52924	0.09996	0.09061	0.0396	0.11962	0.12096
V694	0.52546	0.09981	0.08306	0.05758	0.12038	0.11371
V695	0.54265	0.02646	0.07498	0.03989	0.18029	0.13573
V696	0.16978	0.31322	0.08431	0.07686	0.29539	0.06043
V697	0.12312	0.01883	0.59497	0.05213	0.14025	0.0707
V698	0.16266	0.51761	0.06519	0.04628	0.15339	0.05486
V699	0.22105	0.02309	0.44933	0.04616	0.16648	0.09389
V700	0.17654	0.01616	0.03449	0.04656	0.65665	0.0696
V701	0.57838	0.02789	0.08916	0.02661	0.11721	0.16074
V702	0.26021	0.01679	0.1108	0.13346	0.14076	0.33798
V703	0.24186	0.3148	0.06734	0.03617	0.27162	0.06822
V704	0.33897	0.19265	0.20511	0.02614	0.13269	0.10444
V705	0.11215	0.07986	0.24284	0.14785	0.36095	0.05634
V706	0.20008	0.06644	0.28833	0.02178	0.2017	0.22167
V707	0.45562	0.03066	0.07804	0.02489	0.13157	0.27922
V708	0.11486	0.2585	0.41419	0.0376	0.12835	0.04651
V709	0.08888	0.00374	0.03227	0.58848	0.24134	0.04528
V710	0.35064	0.05578	0.14324	0.06552	0.26607	0.11875
V711	0.1286	0.1514	0.34627	0.15073	0.13406	0.08894
V712	0.10322	0.19315	0.04613	0.04689	0.55896	0.05165
V713	0.29129	0.32041	0.08796	0.05546	0.15115	0.09373
V714	0.12707	0.31159	0.34991	0.03391	0.13258	0.04495
V715	0.09533	0.0191	0.70102	0.01908	0.11186	0.05362
V716	0.2057	0.02457	0.05294	0.23353	0.27609	0.20716
V717	0.10023	0.0126	0.0497	0.042	0.72344	0.07203
V718	0.11079	0.26845	0.04373	0.0413	0.49021	0.04553
V719	0.1648	0.47676	0.0842	0.04417	0.16616	0.06391
V720	0.25813	0.00899	0.22427	0.23549	0.15483	0.11828
V721	0.19148	0.18443	0.21528	0.02499	0.19059	0.19323
V722	0.0744	0.00623	0.04134	0.04638	0.78328	0.04838
V723	0.15202	0.40903	0.08842	0.04816	0.23713	0.06523
V724	0.14822	0.20842	0.31757	0.09501	0.18332	0.04745
V725	0.12665	0.04533	0.0875	0.12676	0.51226	0.10149
V726	0.09574	0.01782	0.43929	0.04577	0.32606	0.07531
V727	0.25482	0.00302	0.13941	0.12044	0.13907	0.34323
V728	0.10324	0.00996	0.0338	0.61494	0.1705	0.06756
V729	0.24692	0.3097	0.07398	0.0578	0.23656	0.07503
V730	0.20823	0.00342	0.11787	0.29847	0.14803	0.22398
V731	0.20359	0.042	0.36891	0.02259	0.24395	0.11897
V732	0.17877	0.27574	0.06618	0.0645	0.30429	0.11052
V733	0.2385	0.00636	0.25096	0.15498	0.16585	0.18336
V734	0.26038	0.00455	0.24238	0.01998	0.13576	0.33695
V735	0.11477	0.06226	0.04722	0.531	0.1669	0.07785
V736	0.1953	0.3304	0.10099	0.05847	0.14797	0.16686
V737	0.06883	0.00611	0.0343	0.05351	0.78939	0.04787
V738	0.3117	0.04606	0.11158	0.27094	0.14745	0.11226
V739	0.21021	0.21059	0.17256	0.05488	0.26712	0.08464
V740	0.11735	0.17735	0.31907	0.06029	0.26776	0.05818
V741	0.34564	0.11399	0.16874	0.08314	0.21165	0.07685
V742	0.28145	0.0184	0.07176	0.3092	0.22523	0.09396
V743	0.10247	0.07843	0.23452	0.25165	0.27859	0.05434
V744	0.35999	0.07777	0.07798	0.12536	0.1297	0.2292
V745	0.1477	0.33725	0.05191	0.06771	0.34361	0.05183
V746	0.56181	0.04003	0.08519	0.04532	0.13012	0.13752
V747	0.21392	0.01725	0.12864	0.06007	0.50742	0.0727
V748	0.2211	0.03884	0.22625	0.04173	0.20669	0.26539
V749	0.38583	0.02153	0.06777	0.12854	0.20031	0.19602
V750	0.09708	0.0623	0.03282	0.58916	0.17483	0.04382
V751	0.09563	0.01032	0.05906	0.59434	0.19527	0.04538
V752	0.2199	0.01748	0.06465	0.08752	0.53634	0.0741
V753	0.21812	0.00415	0.07599	0.0949	0.3677	0.23913
V754	0.1786	0.28261	0.14093	0.07618	0.17059	0.15109
V755	0.31009	0.04103	0.06193	0.05085	0.41208	0.12401
V756	0.28732	0.01058	0.07884	0.03098	0.17334	0.41894
V757	0.21706	0.28509	0.06538	0.04763	0.17798	0.20687
V758	0.29901	0.38146	0.06864	0.04144	0.13667	0.07279
V759	0.17821	0.02102	0.0769	0.13258	0.48987	0.10141
V760	0.29842	0.00382	0.08241	0.04258	0.13598	0.43678
V761	0.06973	0.01115	0.32126	0.04677	0.50687	0.04423
V762	0.12838	0.00503	0.60646	0.04453	0.13241	0.08319
V763	0.10951	0.10758	0.05278	0.48717	0.18482	0.05815
V764	0.23072	0.01344	0.11479	0.16699	0.30326	0.1708
