CD14.pos.CD16.neg.classical.monocyte	mature.neutrophil	memory.B.cell	cytotoxic.CD56.dim.NK.cell	memory.CD4.pos.AB.T.cell	macrophage
V1	0.15368	0.02652	0.66686	0.03773	0.03086	0.08435
V2	0.48663	0.12211	0.03544	0.10375	0.10769	0.14438
V3	0.26691	0.06393	0.17558	0.01393	0.03365	0.44599
V4	0.25163	0.37135	0.02707	0.09254	0.10767	0.14974
V5	0.08548	0.06557	0.00907	0.48867	0.2925	0.0587
V6	0.27098	0.03094	0.15109	0.04668	0.13589	0.36442
V7	0.11999	0.34564	0.02049	0.06438	0.37076	0.07874
V8	0.5629	0.0676	0.03906	0.10612	0.03765	0.18668
V9	0.30038	0.15557	0.02008	0.19637	0.07354	0.25406
V10	0.4093	0.05439	0.06442	0.25497	0.07603	0.14089
V11	0.15849	0.61308	0.03496	0.05795	0.05911	0.07642
V12	0.27631	0.04217	0.06765	0.0146	0.03438	0.56489
V13	0.14837	0.431	0.24418	0.05414	0.04652	0.07579
V14	0.13018	0.04496	0.01895	0.63417	0.10217	0.06958
V15	0.42855	0.08711	0.02708	0.11643	0.17721	0.16361
V16	0.13246	0.02826	0.02327	0.32291	0.32462	0.16848
V17	0.26369	0.04813	0.13465	0.01005	0.02754	0.51595
V18	0.57361	0.14092	0.04179	0.04984	0.02857	0.16527
V19	0.48852	0.06818	0.16187	0.04209	0.08802	0.15133
V20	0.50879	0.07776	0.09041	0.1051	0.0384	0.17954
V21	0.28209	0.05096	0.04045	0.01624	0.05912	0.55114
V22	0.22286	0.06629	0.03277	0.09597	0.46049	0.12162
V23	0.12128	0.02506	0.3042	0.05695	0.4177	0.07481
V24	0.19671	0.03151	0.02504	0.1317	0.49185	0.1232
V25	0.40002	0.24638	0.02452	0.12388	0.07142	0.13378
V26	0.29226	0.03778	0.03706	0.05254	0.4706	0.10975
V27	0.24524	0.03055	0.15698	0.01504	0.03458	0.51759
V28	0.17805	0.22751	0.14162	0.18142	0.07465	0.19676
V29	0.15506	0.47705	0.09253	0.08403	0.04486	0.14648
V30	0.26119	0.1834	0.10801	0.03371	0.18495	0.22875
V31	0.5258	0.04733	0.16169	0.04979	0.02561	0.18979
V32	0.09106	0.03485	0.30196	0.40897	0.07134	0.09181
V33	0.25962	0.33827	0.19121	0.05175	0.03615	0.123
V34	0.07149	0.01342	0.44402	0.06093	0.33387	0.07628
V35	0.09151	0.06874	0.17037	0.41284	0.17021	0.08633
V36	0.16065	0.40852	0.11112	0.05203	0.1785	0.08918
V37	0.12416	0.02229	0.61931	0.03627	0.03025	0.16771
V38	0.2621	0.02509	0.12957	0.00814	0.02707	0.54803
V39	0.48575	0.06192	0.03208	0.21237	0.05022	0.15766
V40	0.14892	0.41602	0.02795	0.14019	0.13429	0.13264
V41	0.54519	0.05068	0.05008	0.03414	0.03109	0.28883
V42	0.27083	0.03236	0.43095	0.03215	0.06118	0.17253
V43	0.23723	0.34146	0.02832	0.06177	0.19645	0.13478
V44	0.16326	0.61948	0.02997	0.05322	0.04811	0.08596
V45	0.37271	0.26815	0.05925	0.04784	0.04614	0.2059
V46	0.15353	0.02566	0.03463	0.22211	0.30459	0.25948
V47	0.14572	0.35833	0.02281	0.14032	0.21786	0.11497
V48	0.13047	0.49122	0.1635	0.04739	0.09917	0.06824
V49	0.15572	0.59258	0.02859	0.05283	0.09468	0.0756
V50	0.08629	0.01355	0.25253	0.05462	0.47243	0.12057
V51	0.06506	0.01852	0.03022	0.07057	0.7391	0.07654
V52	0.13453	0.44484	0.21093	0.06626	0.06597	0.07746
V53	0.18749	0.02249	0.10373	0.07422	0.52301	0.08906
V54	0.13678	0.11414	0.46042	0.067	0.09571	0.12597
V55	0.06968	0.05082	0.12631	0.07754	0.6033	0.07235
V56	0.07545	0.047	0.62721	0.11972	0.0695	0.06113
V57	0.22811	0.29461	0.05607	0.03123	0.12502	0.26497
V58	0.0922	0.02289	0.70208	0.04922	0.03296	0.10065
V59	0.11343	0.03705	0.00411	0.65732	0.12653	0.06156
V60	0.43276	0.04125	0.02834	0.30637	0.06202	0.12926
V61	0.3261	0.1244	0.03096	0.13113	0.08438	0.30304
V62	0.43537	0.05512	0.08365	0.10919	0.09873	0.21794
V63	0.18777	0.4	0.03261	0.08163	0.05496	0.24303
V64	0.07543	0.1101	0.02634	0.06008	0.6545	0.07355
V65	0.44323	0.13128	0.05091	0.04465	0.05913	0.27079
V66	0.4135	0.05266	0.12239	0.05618	0.21971	0.13555
V67	0.14962	0.13935	0.25793	0.19007	0.05533	0.2077
V68	0.62602	0.05908	0.04378	0.06714	0.02715	0.17683
V69	0.47273	0.05917	0.03561	0.02786	0.04377	0.36086
V70	0.10644	0.02909	0.20155	0.46283	0.13357	0.06653
V71	0.14223	0.22823	0.0466	0.10888	0.29516	0.1789
V72	0.46736	0.12629	0.08369	0.04974	0.07126	0.20166
V73	0.12041	0.02569	0.09025	0.57792	0.11702	0.0687
V74	0.09228	0.15672	0.01718	0.57602	0.10397	0.05383
V75	0.14421	0.62053	0.02277	0.06835	0.07084	0.0733
V76	0.08531	0.01395	0.59887	0.06282	0.16703	0.07201
V77	0.16785	0.13887	0.09632	0.4001	0.07721	0.11965
V78	0.42593	0.12411	0.06702	0.11229	0.0481	0.22255
V79	0.2036	0.41221	0.03587	0.03011	0.03768	0.28053
V80	0.19631	0.43196	0.02887	0.03819	0.05007	0.2546
V81	0.53827	0.11719	0.08556	0.04829	0.03899	0.17171
V82	0.14089	0.56781	0.02618	0.07709	0.10816	0.07987
V83	0.1966	0.14715	0.03434	0.30785	0.17499	0.13908
V84	0.33061	0.04052	0.09075	0.31992	0.08406	0.13414
V85	0.60261	0.05654	0.09529	0.04919	0.02467	0.1717
V86	0.2814	0.05087	0.12151	0.22085	0.06166	0.2637
V87	0.08582	0.04361	0.02555	0.67083	0.10729	0.0669
V88	0.1805	0.04699	0.02071	0.3754	0.11411	0.26229
V89	0.17531	0.14549	0.3523	0.029	0.03076	0.26713
V90	0.16107	0.49406	0.11271	0.05235	0.08698	0.09283
V91	0.10047	0.02701	0.06296	0.13206	0.58805	0.08945
V92	0.07696	0.07647	0.03411	0.06506	0.66162	0.08579
V93	0.25855	0.07262	0.03254	0.09119	0.22273	0.32237
V94	0.07805	0.02907	0.2381	0.51581	0.08421	0.05476
V95	0.06782	0.02298	0.28787	0.13431	0.42341	0.06361
V96	0.1588	0.30682	0.03314	0.06939	0.24973	0.18212
V97	0.06501	0.02667	0.03526	0.1105	0.69414	0.06842
V98	0.10657	0.09188	0.01258	0.56044	0.16395	0.06458
V99	0.08166	0.0444	0.01035	0.69234	0.11635	0.0549
V100	0.08658	0.02196	0.40482	0.2258	0.16519	0.09566
V101	0.10973	0.29811	0.35833	0.10627	0.0507	0.07685
V102	0.58819	0.06227	0.10803	0.04849	0.02486	0.16815
V103	0.50742	0.06317	0.04211	0.14391	0.07436	0.16903
V104	0.10202	0.02169	0.19998	0.50916	0.09626	0.07089
V105	0.27255	0.0272	0.08887	0.0076	0.02722	0.57657
V106	0.15478	0.01476	0.48923	0.02078	0.03468	0.28577
V107	0.16919	0.48027	0.1875	0.04566	0.04142	0.07596
V108	0.23011	0.04546	0.05775	0.02246	0.1801	0.46413
V109	0.24085	0.0307	0.03924	0.01345	0.1647	0.51106
V110	0.1225	0.14504	0.56184	0.03566	0.03992	0.09504
V111	0.07566	0.03054	0.72285	0.05252	0.04869	0.06974
V112	0.12579	0.28582	0.00547	0.42662	0.09102	0.06527
V113	0.09545	0.08886	0.52768	0.06678	0.14531	0.07592
V114	0.18248	0.01912	0.53497	0.13695	0.03994	0.08654
V115	0.39341	0.08286	0.04366	0.04803	0.12336	0.30869
V116	0.61764	0.05801	0.04279	0.07854	0.02846	0.17455
V117	0.44286	0.04829	0.02935	0.10804	0.23012	0.14133
V118	0.14095	0.50704	0.09922	0.06927	0.0953	0.08822
V119	0.15007	0.5929	0.03277	0.07504	0.05469	0.09453
V120	0.16174	0.18536	0.09744	0.32134	0.13721	0.09692
V121	0.33831	0.03886	0.03091	0.19875	0.04534	0.34782
V122	0.29531	0.05067	0.02005	0.43133	0.10442	0.09821
V123	0.35412	0.03896	0.03171	0.0541	0.13245	0.38866
V124	0.07414	0.01458	0.27612	0.06062	0.50119	0.07334
V125	0.11155	0.13693	0.52162	0.07821	0.03782	0.11388
V126	0.23229	0.21738	0.06594	0.02289	0.03872	0.42278
V127	0.10789	0.01525	0.65126	0.10494	0.04625	0.07442
V128	0.31455	0.22606	0.1018	0.14368	0.09362	0.12029
V129	0.07842	0.03054	0.67973	0.09161	0.04553	0.07417
V130	0.4262	0.13494	0.02915	0.19958	0.07061	0.13952
V131	0.11813	0.01652	0.05014	0.06124	0.57923	0.17475
V132	0.12489	0.37237	0.31396	0.04216	0.0751	0.07152
V133	0.12992	0.17054	0.45036	0.09652	0.07985	0.07281
V134	0.23075	0.47268	0.02905	0.05307	0.10247	0.11199
V135	0.13675	0.02305	0.58412	0.0321	0.07053	0.15345
V136	0.18298	0.52231	0.07538	0.05946	0.07136	0.08852
V137	0.10963	0.14659	0.45145	0.05525	0.17053	0.06655
V138	0.20649	0.02148	0.03287	0.28928	0.12458	0.32531
V139	0.1505	0.05673	0.14537	0.03814	0.33828	0.27097
V140	0.45386	0.20566	0.0601	0.08767	0.04135	0.15136
V141	0.2603	0.2322	0.11291	0.20653	0.07585	0.1122
V142	0.20406	0.515	0.03303	0.0827	0.0465	0.11871
V143	0.13174	0.06578	0.50568	0.0911	0.11222	0.0935
V144	0.24334	0.15485	0.03822	0.09454	0.04447	0.42458
V145	0.08713	0.02712	0.0183	0.69139	0.10289	0.07316
V146	0.16818	0.02849	0.08807	0.05588	0.52262	0.13676
V147	0.40818	0.09096	0.11105	0.0572	0.02965	0.30296
V148	0.0982	0.15961	0.59588	0.03761	0.03432	0.07438
V149	0.20679	0.37507	0.02319	0.04344	0.03841	0.3131
V150	0.08664	0.02812	0.00385	0.69354	0.13116	0.05669
V151	0.22235	0.31481	0.02502	0.02978	0.05268	0.35536
V152	0.14061	0.20222	0.34602	0.06326	0.13534	0.11255
V153	0.0785	0.04825	0.52137	0.2156	0.07157	0.06471
V154	0.38799	0.19009	0.03716	0.02755	0.03065	0.32655
V155	0.13903	0.30258	0.08969	0.04638	0.31491	0.10741
V156	0.10999	0.39881	0.02678	0.05313	0.34432	0.06697
V157	0.20379	0.10856	0.05439	0.19564	0.06119	0.37643
V158	0.09424	0.06426	0.69356	0.03811	0.03234	0.07749
V159	0.19327	0.20543	0.26766	0.15135	0.07794	0.10435
V160	0.09822	0.01441	0.69586	0.04127	0.03131	0.11893
V161	0.12202	0.40749	0.01098	0.25986	0.13662	0.06303
V162	0.13648	0.43077	0.01613	0.12872	0.20032	0.08759
V163	0.08921	0.01539	0.74428	0.03883	0.03305	0.07924
V164	0.11205	0.29267	0.29784	0.11564	0.10899	0.07279
V165	0.10997	0.03394	0.05685	0.06366	0.58602	0.14956
V166	0.16019	0.02568	0.02336	0.13374	0.37125	0.28578
V167	0.08413	0.01715	0.35931	0.3847	0.09061	0.0641
V168	0.51537	0.05661	0.03389	0.19311	0.04156	0.15945
V169	0.0945	0.02239	0.56933	0.17975	0.05358	0.08044
V170	0.37852	0.05955	0.10015	0.23229	0.10045	0.12903
V171	0.23465	0.35588	0.03697	0.02889	0.04718	0.29643
V172	0.14916	0.07385	0.43184	0.15043	0.05059	0.14414
V173	0.10882	0.02985	0.62755	0.03054	0.04412	0.15912
V174	0.47993	0.12162	0.0377	0.0515	0.16493	0.14433
V175	0.16738	0.49882	0.11235	0.05899	0.08214	0.08032
V176	0.07405	0.01442	0.74602	0.04646	0.04815	0.07091
V177	0.20075	0.08328	0.26802	0.04767	0.15983	0.24046
V178	0.08704	0.0522	0.05731	0.05805	0.65671	0.0887
V179	0.12176	0.02138	0.04707	0.46881	0.16102	0.17996
V180	0.27573	0.03466	0.1648	0.29015	0.0548	0.17987
V181	0.41996	0.12357	0.07511	0.07688	0.08206	0.22242
V182	0.09507	0.08855	0.61105	0.08168	0.03764	0.086
V183	0.09395	0.02858	0.01065	0.70568	0.10377	0.05737
V184	0.3388	0.32562	0.03174	0.06272	0.11933	0.1218
V185	0.19655	0.40322	0.04044	0.04473	0.13254	0.18251
V186	0.07434	0.01464	0.51522	0.27217	0.06509	0.05853
V187	0.28513	0.38937	0.02382	0.05902	0.13747	0.10518
V188	0.21373	0.43823	0.02883	0.05133	0.04011	0.22778
V189	0.10907	0.07329	0.16898	0.06244	0.42437	0.16185
V190	0.12745	0.16519	0.02971	0.05596	0.43846	0.18323
V191	0.19304	0.43738	0.02292	0.03823	0.05028	0.25815
V192	0.41915	0.20434	0.09337	0.05925	0.07435	0.14955
V193	0.26121	0.11618	0.03847	0.01654	0.03698	0.53062
V194	0.08073	0.03496	0.04744	0.14027	0.61077	0.08583
V195	0.07999	0.01333	0.59749	0.10894	0.13066	0.06959
V196	0.08137	0.02697	0.0267	0.668	0.13561	0.06134
V197	0.22499	0.02469	0.0512	0.05984	0.53087	0.1084
V198	0.17862	0.33128	0.05034	0.14201	0.20585	0.0919
V199	0.10624	0.20548	0.10654	0.12072	0.38459	0.07643
V200	0.1358	0.02309	0.46158	0.18782	0.05358	0.13811
V201	0.09629	0.0275	0.0031	0.69067	0.10193	0.08051
V202	0.16362	0.06506	0.34605	0.05437	0.14103	0.22987
V203	0.45567	0.06717	0.02986	0.25735	0.05043	0.13952
V204	0.26025	0.06377	0.0606	0.11991	0.0451	0.45036
V205	0.08232	0.03104	0.72846	0.05187	0.03529	0.07102
V206	0.08855	0.06559	0.10379	0.56891	0.11752	0.05564
V207	0.34382	0.17424	0.05412	0.18914	0.06569	0.17299
V208	0.33703	0.09446	0.31134	0.06989	0.07035	0.11693
V209	0.29145	0.37068	0.02418	0.05865	0.04419	0.21086
V210	0.15401	0.0351	0.65837	0.03777	0.03037	0.08438
V211	0.42158	0.06167	0.10692	0.04114	0.13607	0.23261
V212	0.11097	0.23687	0.17591	0.29176	0.10973	0.07475
V213	0.10774	0.07534	0.24604	0.07026	0.42469	0.07592
V214	0.57563	0.06927	0.05358	0.07879	0.05243	0.1703
V215	0.19204	0.46912	0.02193	0.05768	0.04198	0.21726
V216	0.19138	0.39077	0.23464	0.04793	0.05077	0.08452
V217	0.26434	0.02332	0.06332	0.08454	0.23085	0.33363
V218	0.14181	0.28573	0.01361	0.40075	0.0943	0.0638
V219	0.57647	0.05392	0.05067	0.03758	0.03121	0.25014
V220	0.158	0.03771	0.01939	0.61193	0.09223	0.08073
V221	0.18409	0.53759	0.04394	0.09655	0.05424	0.08359
V222	0.14991	0.24555	0.0526	0.14795	0.30554	0.09844
V223	0.18254	0.25094	0.21307	0.03091	0.05191	0.27062
V224	0.07245	0.01425	0.3688	0.05131	0.42653	0.06666
V225	0.31179	0.03767	0.04861	0.01534	0.0285	0.55809
V226	0.27011	0.06706	0.18164	0.22223	0.13052	0.12844
V227	0.48248	0.04493	0.03397	0.17705	0.04622	0.21535
V228	0.18365	0.20332	0.36219	0.07334	0.06302	0.11448
V229	0.19976	0.02866	0.30796	0.20703	0.14572	0.11087
V230	0.12057	0.14497	0.56883	0.04214	0.03429	0.08921
V231	0.12116	0.04499	0.01167	0.64263	0.11718	0.06236
V232	0.36802	0.04255	0.02385	0.20848	0.05244	0.30465
V233	0.57981	0.06154	0.05384	0.08329	0.04081	0.18071
V234	0.39019	0.03567	0.031	0.06028	0.34392	0.13895
V235	0.14387	0.02839	0.0275	0.61549	0.10637	0.07838
V236	0.14093	0.01472	0.18036	0.0519	0.40148	0.21061
V237	0.0815	0.01379	0.66744	0.11282	0.05483	0.06961
V238	0.47352	0.04283	0.06554	0.08594	0.05542	0.27675
V239	0.41889	0.06145	0.11081	0.12734	0.1205	0.16102
V240	0.09268	0.22129	0.01948	0.13733	0.45997	0.06925
V241	0.43209	0.16329	0.03103	0.15456	0.07307	0.14596
V242	0.30911	0.06812	0.05949	0.13756	0.09886	0.32687
V243	0.1197	0.3185	0.35579	0.07093	0.06571	0.06936
V244	0.2043	0.03699	0.03538	0.03706	0.42517	0.26111
V245	0.53859	0.04968	0.04367	0.03346	0.03719	0.29741
V246	0.08687	0.05979	0.20706	0.30747	0.2672	0.0716
V247	0.31467	0.09204	0.03211	0.13783	0.05388	0.36946
V248	0.25938	0.05248	0.02219	0.19818	0.3366	0.13116
V249	0.25313	0.15157	0.29863	0.0873	0.03648	0.17289
V250	0.09088	0.04448	0.01012	0.69021	0.10238	0.06193
V251	0.13682	0.44697	0.1238	0.15789	0.05895	0.07557
V252	0.0835	0.03466	0.04203	0.64019	0.13231	0.0673
V253	0.17315	0.06941	0.02289	0.29237	0.15322	0.28895
V254	0.13015	0.22987	0.08032	0.17233	0.27728	0.11005
V255	0.32604	0.25724	0.07614	0.07816	0.07947	0.18296
V256	0.14932	0.61841	0.02344	0.05744	0.06426	0.08713
V257	0.14278	0.34356	0.04617	0.06394	0.28669	0.11687
V258	0.11685	0.21567	0.12205	0.39734	0.07343	0.07466
V259	0.12709	0.43697	0.25699	0.05268	0.04119	0.08509
V260	0.17092	0.05367	0.04114	0.05983	0.50406	0.17037
V261	0.40863	0.05305	0.05754	0.06023	0.17856	0.24198
V262	0.13154	0.02478	0.64257	0.04639	0.08012	0.0746
V263	0.09835	0.06485	0.51832	0.18509	0.0544	0.079
V264	0.4547	0.05708	0.10659	0.05674	0.07166	0.25323
V265	0.09287	0.01945	0.02899	0.08168	0.69672	0.08029
V266	0.30576	0.06001	0.04715	0.01695	0.03433	0.5358
V267	0.22622	0.51373	0.02178	0.09652	0.05331	0.08844
V268	0.61982	0.05828	0.03871	0.04759	0.02595	0.20965
V269	0.10417	0.06538	0.11181	0.54738	0.10715	0.06412
V270	0.2821	0.38897	0.0425	0.05786	0.1197	0.10887
V271	0.20794	0.12223	0.20794	0.02836	0.04256	0.39098
V272	0.09449	0.01805	0.02546	0.11568	0.61583	0.13048
V273	0.11583	0.01838	0.0712	0.1146	0.56454	0.11547
V274	0.23811	0.02988	0.1491	0.04641	0.03821	0.49829
V275	0.49716	0.18499	0.03808	0.05221	0.03646	0.1911
V276	0.22735	0.22294	0.08255	0.07739	0.06858	0.3212
V277	0.40513	0.05241	0.0394	0.03344	0.12119	0.34843
V278	0.18286	0.12171	0.09923	0.20998	0.28487	0.10134
V279	0.25932	0.06313	0.17519	0.05317	0.04364	0.40554
V280	0.1663	0.02939	0.0128	0.60519	0.09806	0.08826
V281	0.15034	0.60558	0.0449	0.07187	0.04965	0.07766
V282	0.08592	0.05277	0.03262	0.1068	0.64028	0.08163
V283	0.11119	0.37219	0.02041	0.05834	0.36107	0.0768
V284	0.13308	0.09983	0.2619	0.26043	0.08909	0.15566
V285	0.09096	0.04452	0.00279	0.6903	0.10938	0.06205
V286	0.49222	0.06909	0.08849	0.16217	0.03905	0.14898
V287	0.0889	0.02594	0.05573	0.11678	0.60186	0.11078
V288	0.22669	0.23552	0.03822	0.03025	0.11884	0.35048
V289	0.08428	0.08842	0.58345	0.11058	0.06125	0.07202
V290	0.08373	0.02145	0.19949	0.52992	0.092	0.07341
V291	0.10695	0.05277	0.00277	0.66128	0.10559	0.07064
V292	0.19151	0.10201	0.02454	0.43704	0.16253	0.08237
V293	0.07262	0.06004	0.05694	0.06595	0.66453	0.07992
V294	0.41496	0.06164	0.03052	0.05205	0.2293	0.21152
V295	0.31679	0.03071	0.04938	0.0098	0.03385	0.55947
V296	0.14037	0.3162	0.08045	0.2143	0.10032	0.14836
V297	0.27099	0.07962	0.03382	0.01492	0.03578	0.56486
V298	0.14246	0.55943	0.12733	0.05449	0.04541	0.07087
V299	0.18442	0.0856	0.56031	0.04343	0.03853	0.08771
V300	0.51526	0.12902	0.05928	0.04331	0.02779	0.22534
V301	0.38279	0.32902	0.06441	0.05575	0.04211	0.12592
V302	0.11344	0.25533	0.06334	0.38149	0.1123	0.07409
V303	0.13911	0.52344	0.06848	0.06039	0.12904	0.07953
V304	0.08597	0.01861	0.05226	0.06146	0.70228	0.07941
V305	0.14241	0.02566	0.15873	0.32311	0.13121	0.21889
V306	0.38464	0.11137	0.03255	0.02652	0.02929	0.41562
V307	0.20463	0.03057	0.03534	0.06234	0.51796	0.14916
V308	0.0812	0.03669	0.00277	0.71207	0.11219	0.05508
V309	0.12573	0.4376	0.016	0.2824	0.06642	0.07184
V310	0.18136	0.30809	0.20897	0.03546	0.04752	0.21861
V311	0.43625	0.04068	0.04202	0.02717	0.02709	0.42678
V312	0.17552	0.03253	0.01771	0.30117	0.36978	0.1033
V313	0.34677	0.04058	0.03386	0.04368	0.03049	0.50461
V314	0.26348	0.04194	0.01754	0.50113	0.08478	0.09113
V315	0.21584	0.51228	0.02936	0.04836	0.08051	0.11365
V316	0.31315	0.03661	0.04538	0.06139	0.04521	0.49825
V317	0.14988	0.02422	0.01606	0.51149	0.11504	0.18331
V318	0.08693	0.03529	0.0331	0.67153	0.10015	0.07299
V319	0.31861	0.17157	0.20247	0.12987	0.04596	0.13152
V320	0.25459	0.17549	0.26069	0.1081	0.0452	0.15594
V321	0.13438	0.50046	0.01293	0.21939	0.06715	0.06568
V322	0.1181	0.01584	0.10365	0.05897	0.52895	0.17449
V323	0.12026	0.26242	0.01097	0.30229	0.23609	0.06796
V324	0.16267	0.05198	0.05697	0.18484	0.32802	0.21552
V325	0.18327	0.59098	0.04141	0.05195	0.04685	0.08555
V326	0.22321	0.53621	0.03616	0.05089	0.05967	0.09386
V327	0.13959	0.01785	0.69061	0.03826	0.03131	0.08237
V328	0.20934	0.18508	0.1633	0.13916	0.20949	0.09364
V329	0.08106	0.01339	0.48191	0.04539	0.29439	0.08386
V330	0.08275	0.01451	0.73198	0.04573	0.04735	0.07768
V331	0.49574	0.09872	0.07004	0.09148	0.03715	0.20687
V332	0.17074	0.0739	0.14384	0.03612	0.29253	0.28287
V333	0.09261	0.03227	0.38543	0.27945	0.1209	0.08934
V334	0.11044	0.34102	0.31663	0.11861	0.04674	0.06657
V335	0.17308	0.03392	0.57755	0.03783	0.03003	0.14758
V336	0.30701	0.44196	0.04445	0.04757	0.04446	0.11455
V337	0.13526	0.17547	0.07429	0.05975	0.48054	0.0747
V338	0.52341	0.048	0.06728	0.04848	0.13226	0.18057
V339	0.16696	0.09238	0.31546	0.20457	0.06862	0.15202
V340	0.45415	0.23225	0.02914	0.07127	0.05143	0.16176
V341	0.26296	0.06391	0.04839	0.41867	0.10361	0.10245
V342	0.14815	0.03145	0.02414	0.4822	0.11948	0.19458
V343	0.25532	0.14779	0.11501	0.03547	0.04333	0.40308
V344	0.1506	0.47405	0.01969	0.06047	0.15235	0.14284
V345	0.0703	0.01801	0.03772	0.0706	0.73196	0.07141
V346	0.19286	0.03329	0.03061	0.33867	0.29401	0.11056
V347	0.3865	0.13849	0.04656	0.09974	0.19552	0.13319
V348	0.16486	0.12441	0.49983	0.0502	0.07322	0.08748
V349	0.52213	0.10249	0.06318	0.10262	0.05665	0.15293
V350	0.36379	0.06565	0.1215	0.18229	0.04326	0.2235
V351	0.30638	0.0828	0.06428	0.03253	0.0424	0.47161
V352	0.17247	0.27535	0.02902	0.03262	0.23042	0.26011
V353	0.09641	0.15953	0.60285	0.03799	0.03447	0.06877
V354	0.20881	0.05959	0.20405	0.03014	0.24071	0.2567
V355	0.08093	0.03929	0.73368	0.04574	0.03508	0.06527
V356	0.40827	0.13248	0.04998	0.1852	0.06317	0.16089
V357	0.28262	0.03362	0.3322	0.05346	0.17849	0.11961
V358	0.26622	0.02592	0.08056	0.03193	0.03632	0.55906
V359	0.19196	0.10241	0.0159	0.46076	0.13031	0.09866
V360	0.40211	0.03687	0.03226	0.17592	0.19401	0.15883
V361	0.14768	0.63188	0.02366	0.06296	0.05535	0.07847
V362	0.13301	0.43713	0.03639	0.25952	0.06982	0.06414
V363	0.52423	0.09428	0.0727	0.04242	0.08673	0.17965
V364	0.23042	0.16983	0.03947	0.04342	0.10838	0.40847
V365	0.3455	0.32611	0.02859	0.13358	0.04508	0.12114
V366	0.15767	0.21793	0.36284	0.08269	0.09105	0.08782
V367	0.09938	0.02267	0.02567	0.4695	0.29151	0.09127
V368	0.21088	0.13067	0.08779	0.04374	0.12911	0.3978
V369	0.1042	0.04336	0.02503	0.10029	0.59668	0.13044
V370	0.1115	0.08024	0.50868	0.13401	0.05623	0.10935
V371	0.15838	0.23086	0.01575	0.35683	0.06904	0.16914
V372	0.15567	0.50589	0.01991	0.06355	0.14009	0.11488
V373	0.57021	0.06121	0.0379	0.03648	0.02598	0.26823
V374	0.21766	0.03378	0.20996	0.37132	0.08472	0.08256
V375	0.34936	0.03844	0.18101	0.08034	0.21293	0.13791
V376	0.23278	0.06194	0.04784	0.09432	0.08889	0.47424
V377	0.11459	0.02407	0.35795	0.04687	0.3664	0.09012
V378	0.24863	0.07797	0.16845	0.01445	0.05305	0.43745
V379	0.40247	0.04376	0.12877	0.02161	0.02603	0.37736
V380	0.07176	0.05146	0.05705	0.07293	0.6668	0.08
V381	0.3131	0.05428	0.25451	0.22063	0.05365	0.10382
V382	0.07818	0.04501	0.02854	0.20894	0.56752	0.0718
V383	0.22254	0.05598	0.32442	0.23711	0.06396	0.09599
V384	0.10846	0.03189	0.66416	0.05241	0.06769	0.07539
V385	0.29235	0.03635	0.05551	0.00809	0.02789	0.5798
V386	0.45401	0.06484	0.2176	0.04595	0.06365	0.15394
V387	0.25074	0.03995	0.05439	0.4889	0.07726	0.08875
V388	0.54695	0.08106	0.13999	0.04213	0.03087	0.15899
V389	0.35664	0.09375	0.03939	0.01752	0.0344	0.4583
V390	0.133	0.05799	0.0134	0.54054	0.11108	0.14401
V391	0.11183	0.03102	0.0258	0.45909	0.26794	0.10431
V392	0.15985	0.04805	0.37177	0.09894	0.03758	0.28381
V393	0.14908	0.13817	0.30802	0.07521	0.13045	0.19907
V394	0.08758	0.02651	0.03485	0.64802	0.1403	0.06275
V395	0.0771	0.06326	0.71587	0.04557	0.03477	0.06342
V396	0.40848	0.08728	0.02778	0.26687	0.08526	0.12432
V397	0.24752	0.16089	0.05501	0.02156	0.06147	0.45356
V398	0.15423	0.50255	0.03193	0.06634	0.15776	0.08717
V399	0.08696	0.01432	0.68985	0.07102	0.04924	0.0886
V400	0.20707	0.04649	0.01841	0.2846	0.06316	0.38026
V401	0.18132	0.03455	0.51436	0.04252	0.10545	0.1218
V402	0.13371	0.03717	0.01135	0.64031	0.09561	0.08185
V403	0.20162	0.01867	0.03647	0.04793	0.28321	0.41211
V404	0.07955	0.02275	0.75682	0.0399	0.03483	0.06615
V405	0.3167	0.29381	0.0884	0.0785	0.1112	0.1114
V406	0.21767	0.06871	0.16316	0.08935	0.15637	0.30474
V407	0.14029	0.03079	0.5723	0.02808	0.03613	0.19241
V408	0.1274	0.11488	0.03367	0.51293	0.08222	0.1289
V409	0.61704	0.0804	0.0382	0.04347	0.02605	0.19484
V410	0.62976	0.06649	0.0389	0.0446	0.037	0.18326
V411	0.23332	0.03063	0.0316	0.18288	0.04595	0.47563
V412	0.43581	0.17758	0.07441	0.07338	0.10574	0.13308
V413	0.09744	0.12439	0.0322	0.57507	0.10991	0.06099
V414	0.15958	0.08403	0.02414	0.45622	0.19374	0.08229
V415	0.11651	0.02402	0.28441	0.3049	0.13695	0.13321
V416	0.12161	0.14323	0.02361	0.22193	0.34413	0.14549
V417	0.28328	0.02529	0.08489	0.09287	0.03577	0.4779
V418	0.09003	0.08127	0.34867	0.13707	0.24637	0.09658
V419	0.27795	0.05023	0.03574	0.0078	0.03464	0.59365
V420	0.28795	0.02906	0.03619	0.01341	0.03465	0.59874
V421	0.10607	0.06045	0.07722	0.10827	0.55319	0.09481
V422	0.23244	0.26104	0.0235	0.05585	0.33051	0.09667
V423	0.12807	0.16497	0.00376	0.54372	0.09325	0.06623
V424	0.55545	0.11894	0.04568	0.08355	0.03125	0.16513
V425	0.07824	0.10949	0.04077	0.05841	0.63388	0.07921
V426	0.23815	0.05401	0.16219	0.01638	0.03464	0.49464
V427	0.39062	0.12992	0.12786	0.12208	0.05578	0.17374
V428	0.2826	0.04311	0.01117	0.49123	0.07695	0.09494
V429	0.0831	0.03779	0.10183	0.46105	0.24095	0.07527
V430	0.1187	0.08117	0.4555	0.17458	0.06038	0.10967
V431	0.07331	0.02215	0.74384	0.05943	0.037	0.06427
V432	0.11603	0.37528	0.0276	0.33373	0.08295	0.0644
V433	0.08679	0.02725	0.04127	0.68658	0.10205	0.05606
V434	0.10407	0.26087	0.14218	0.36057	0.07136	0.06096
V435	0.12081	0.01593	0.03573	0.04431	0.56724	0.21598
V436	0.57998	0.12763	0.04132	0.05615	0.02843	0.1665
V437	0.23827	0.23487	0.23047	0.05015	0.10962	0.13663
V438	0.13141	0.33255	0.0259	0.09327	0.33677	0.08009
V439	0.07335	0.02532	0.12109	0.05899	0.646	0.07525
V440	0.18665	0.05948	0.33994	0.075	0.1779	0.16103
V441	0.1471	0.07279	0.37141	0.13102	0.05429	0.22339
V442	0.36819	0.1277	0.15034	0.07644	0.07023	0.2071
V443	0.09411	0.02534	0.058	0.61988	0.12204	0.08062
V444	0.52287	0.07131	0.05955	0.05801	0.08867	0.19959
V445	0.63264	0.06692	0.05154	0.04465	0.02532	0.17894
V446	0.13618	0.43124	0.21879	0.05796	0.05928	0.09655
V447	0.22861	0.20301	0.01952	0.15237	0.08356	0.31293
V448	0.09229	0.03136	0.68688	0.04058	0.08125	0.06764
V449	0.45065	0.0667	0.03743	0.22343	0.04601	0.17579
V450	0.13956	0.02472	0.55744	0.04147	0.155	0.08181
V451	0.15434	0.05399	0.15165	0.15756	0.39887	0.0836
V452	0.18852	0.03745	0.04487	0.32355	0.10158	0.30404
V453	0.30879	0.02745	0.39933	0.11496	0.04316	0.1063
V454	0.22546	0.07773	0.09946	0.42585	0.07768	0.09383
V455	0.1832	0.56945	0.04581	0.06553	0.04706	0.08895
V456	0.57672	0.05342	0.06213	0.04708	0.05474	0.20591
V457	0.2514	0.03122	0.03842	0.02236	0.17877	0.47782
V458	0.12453	0.01421	0.3576	0.04711	0.30775	0.1488
V459	0.08895	0.03256	0.48991	0.27083	0.05772	0.06003
V460	0.33371	0.07858	0.20257	0.1208	0.0618	0.20252
V461	0.28314	0.06336	0.03	0.33737	0.15586	0.13028
V462	0.08229	0.01458	0.71833	0.05041	0.04043	0.09395
V463	0.06638	0.04366	0.04201	0.0958	0.68439	0.06776
V464	0.17001	0.5818	0.02824	0.06741	0.07441	0.07812
V465	0.33184	0.10176	0.33152	0.03687	0.06006	0.13794
V466	0.14164	0.04353	0.02109	0.56139	0.14264	0.08971
V467	0.63881	0.06046	0.0457	0.04442	0.02526	0.18536
V468	0.32241	0.11267	0.0911	0.20856	0.15371	0.11154
V469	0.10404	0.12037	0.51786	0.09806	0.04732	0.11235
V470	0.46688	0.05033	0.06469	0.09275	0.17391	0.15144
V471	0.12746	0.18522	0.41198	0.07869	0.07094	0.12572
V472	0.15074	0.4102	0.01925	0.07048	0.24231	0.10701
V473	0.15213	0.63842	0.03001	0.05435	0.04941	0.07567
V474	0.12532	0.01928	0.31884	0.38987	0.07573	0.07095
V475	0.13207	0.14199	0.23389	0.16805	0.23329	0.09071
V476	0.40219	0.05339	0.03276	0.15994	0.07256	0.27916
V477	0.17584	0.44188	0.06222	0.10065	0.06322	0.1562
V478	0.09234	0.02205	0.68135	0.04772	0.03945	0.1171
V479	0.11944	0.12172	0.56813	0.04429	0.06712	0.0793
V480	0.10229	0.22353	0.02026	0.27034	0.31704	0.06654
V481	0.35252	0.10448	0.11035	0.092	0.19831	0.14234
V482	0.45122	0.04121	0.04905	0.02916	0.02686	0.4025
V483	0.14368	0.61024	0.06817	0.0568	0.04845	0.07266
V484	0.57801	0.0536	0.08826	0.04304	0.0607	0.17639
V485	0.26091	0.1214	0.36829	0.08564	0.04214	0.12163
V486	0.22653	0.02075	0.51612	0.05855	0.03129	0.14676
V487	0.10902	0.30289	0.0281	0.05917	0.42325	0.07756
V488	0.27626	0.46763	0.03578	0.07408	0.04347	0.10278
V489	0.55715	0.06705	0.09374	0.04838	0.06205	0.17164
V490	0.28546	0.05861	0.03175	0.04723	0.05055	0.5264
V491	0.14893	0.23359	0.27875	0.04173	0.19856	0.09843
V492	0.22026	0.04351	0.18545	0.07532	0.09382	0.38164
V493	0.56084	0.14729	0.03428	0.06061	0.03007	0.16692
V494	0.20763	0.04305	0.2713	0.03191	0.02949	0.41664
V495	0.25124	0.40204	0.15456	0.05526	0.04482	0.09208
V496	0.23556	0.11927	0.23527	0.03312	0.17578	0.201
V497	0.09998	0.18132	0.15445	0.07632	0.41653	0.0714
V498	0.14738	0.1016	0.28469	0.26578	0.10388	0.09668
V499	0.14967	0.48439	0.13005	0.08919	0.05733	0.08937
V500	0.38683	0.1754	0.07355	0.07691	0.13401	0.1533
V501	0.17276	0.58917	0.0232	0.06552	0.05344	0.09592
V502	0.08002	0.02785	0.02841	0.24935	0.5369	0.07747
V503	0.17806	0.28533	0.03607	0.35259	0.07605	0.0719
V504	0.16213	0.59412	0.05758	0.05203	0.05747	0.07667
V505	0.08996	0.01487	0.4012	0.30576	0.088	0.1002
V506	0.34084	0.0382	0.05511	0.1225	0.08277	0.36058
V507	0.28048	0.02818	0.03674	0.00701	0.04045	0.60713
V508	0.14515	0.44198	0.05583	0.10458	0.17257	0.0799
V509	0.10532	0.03535	0.01359	0.60767	0.1773	0.06077
V510	0.63096	0.05945	0.03888	0.04482	0.04232	0.18357
V511	0.26101	0.03301	0.0252	0.17148	0.05073	0.45856
V512	0.14224	0.18513	0.44649	0.05324	0.05484	0.11806
V513	0.08291	0.03274	0.21876	0.09424	0.49813	0.07323
V514	0.16258	0.55508	0.06883	0.04559	0.04483	0.12309
V515	0.15858	0.32562	0.01519	0.33384	0.06861	0.09817
V516	0.07909	0.05496	0.62852	0.04682	0.11569	0.07492
V517	0.07196	0.0145	0.34644	0.21305	0.28724	0.06682
V518	0.3122	0.30598	0.04756	0.10928	0.07206	0.15292
V519	0.21523	0.40613	0.02673	0.09043	0.04975	0.21172
V520	0.49334	0.1137	0.04893	0.10935	0.03388	0.2008
V521	0.14105	0.02093	0.03568	0.06991	0.62727	0.10516
V522	0.34049	0.17198	0.04029	0.05388	0.17129	0.22208
V523	0.35023	0.16403	0.07089	0.12695	0.04641	0.24149
V524	0.12854	0.0165	0.08328	0.16652	0.43269	0.17247
V525	0.39942	0.03652	0.06783	0.03119	0.02751	0.43754
V526	0.13751	0.53801	0.09276	0.05548	0.10559	0.07066
V527	0.3146	0.03683	0.42837	0.04396	0.06159	0.11465
V528	0.58419	0.05437	0.11479	0.04866	0.03067	0.16731
V529	0.14925	0.09326	0.02715	0.54717	0.10571	0.07746
V530	0.15922	0.19483	0.26325	0.11431	0.0937	0.17469
V531	0.63395	0.06695	0.03892	0.04989	0.02631	0.18397
V532	0.16815	0.02614	0.07034	0.48231	0.16831	0.08474
V533	0.18115	0.01557	0.2379	0.04808	0.23951	0.27778
V534	0.14525	0.02157	0.01855	0.4469	0.14428	0.22345
V535	0.42147	0.07007	0.17979	0.13066	0.04255	0.15546
V536	0.08966	0.01292	0.58625	0.16411	0.04445	0.1026
V537	0.14064	0.47119	0.01882	0.21364	0.06569	0.09003
V538	0.20987	0.02163	0.02725	0.27593	0.05555	0.40976
V539	0.09684	0.02526	0.02228	0.57538	0.2028	0.07744
V540	0.30028	0.03411	0.27861	0.05182	0.18442	0.15076
V541	0.1169	0.23301	0.01207	0.45461	0.0987	0.08471
V542	0.12543	0.44354	0.0315	0.21899	0.10773	0.07281
V543	0.07299	0.01347	0.53399	0.06498	0.23867	0.0759
V544	0.26924	0.04973	0.03958	0.03287	0.04903	0.55955
V545	0.12604	0.4774	0.07593	0.06539	0.17848	0.07676
V546	0.45546	0.09065	0.03054	0.21334	0.06406	0.14596
V547	0.13562	0.09562	0.01343	0.33329	0.28602	0.13603
V548	0.27966	0.04262	0.03618	0.00741	0.03465	0.59947
V549	0.1732	0.01621	0.49229	0.09688	0.0568	0.16462
V550	0.08232	0.02273	0.32147	0.05136	0.44836	0.07377
V551	0.23391	0.06956	0.0676	0.09792	0.10266	0.42835
V552	0.11289	0.05125	0.14748	0.25715	0.31887	0.11236
V553	0.58788	0.05507	0.06147	0.06685	0.05066	0.17807
V554	0.16002	0.58924	0.04036	0.04883	0.05166	0.10988
V555	0.3561	0.03288	0.04516	0.2012	0.04532	0.31934
V556	0.12957	0.02589	0.38285	0.30428	0.07377	0.08364
V557	0.17804	0.53625	0.08687	0.05305	0.04947	0.09633
V558	0.36541	0.17882	0.03167	0.11249	0.0386	0.27301
V559	0.06793	0.01888	0.02522	0.17763	0.63742	0.07292
V560	0.53062	0.07202	0.04673	0.05196	0.08742	0.21124
V561	0.07372	0.03086	0.75588	0.03993	0.03493	0.06468
V562	0.41012	0.21082	0.06525	0.09024	0.04228	0.18129
V563	0.27449	0.02749	0.03295	0.05609	0.03247	0.57652
V564	0.22112	0.0843	0.02862	0.02614	0.2128	0.42701
V565	0.28026	0.02836	0.04315	0.00673	0.03448	0.60702
V566	0.25765	0.10221	0.04904	0.04897	0.05821	0.48393
V567	0.32543	0.25453	0.02553	0.19479	0.06883	0.13088
V568	0.11136	0.01981	0.04336	0.08758	0.6607	0.07719
V569	0.54676	0.08089	0.03485	0.06058	0.0341	0.2428
V570	0.51073	0.15164	0.05656	0.08266	0.03876	0.15964
V571	0.09402	0.19878	0.52622	0.05127	0.06288	0.06683
V572	0.08735	0.02211	0.66136	0.05385	0.10332	0.072
V573	0.2157	0.54661	0.03033	0.05074	0.06013	0.0965
V574	0.19376	0.01673	0.3141	0.04844	0.05742	0.36955
V575	0.15182	0.47964	0.07275	0.12664	0.06159	0.10755
V576	0.31721	0.11957	0.042	0.04818	0.35672	0.11633
V577	0.33196	0.07222	0.03374	0.08893	0.31576	0.1574
V578	0.12081	0.01593	0.03573	0.04431	0.56724	0.21598
V579	0.10769	0.04388	0.17273	0.24172	0.36113	0.07285
V580	0.17857	0.03919	0.09052	0.32057	0.23618	0.13497
V581	0.50433	0.07785	0.091	0.09666	0.0818	0.14838
V582	0.50239	0.05503	0.04103	0.17313	0.04547	0.18296
V583	0.16549	0.05565	0.2645	0.02423	0.18574	0.3044
V584	0.17238	0.03738	0.02424	0.28339	0.24503	0.23759
V585	0.15304	0.35386	0.19798	0.09468	0.05537	0.14507
V586	0.21341	0.53243	0.05857	0.05498	0.04946	0.09115
V587	0.25641	0.03392	0.24815	0.29073	0.06266	0.10813
V588	0.10036	0.03595	0.04119	0.65834	0.10578	0.05838
V589	0.16786	0.23025	0.2291	0.0802	0.04516	0.24743
V590	0.1943	0.05036	0.30245	0.06879	0.03985	0.34426
V591	0.55277	0.05194	0.05722	0.13795	0.04121	0.15891
V592	0.13785	0.29091	0.08541	0.31783	0.09898	0.06903
V593	0.08802	0.03669	0.01031	0.70499	0.104	0.056
V594	0.17726	0.02384	0.03237	0.46281	0.08127	0.22245
V595	0.15635	0.23403	0.05974	0.1211	0.20736	0.22141
V596	0.09549	0.21346	0.03476	0.11239	0.47862	0.06528
V597	0.36769	0.0338	0.05231	0.05495	0.36751	0.12373
V598	0.6081	0.08647	0.03773	0.04347	0.03165	0.19259
V599	0.23599	0.03008	0.02731	0.1215	0.1114	0.47371
V600	0.37959	0.11975	0.02932	0.06328	0.08087	0.3272
V601	0.19033	0.14235	0.05662	0.27442	0.05816	0.27812
V602	0.11826	0.03177	0.1178	0.04846	0.48194	0.20177
V603	0.21025	0.30739	0.05396	0.0669	0.06271	0.29879
V604	0.11675	0.38569	0.02009	0.05863	0.34605	0.07278
V605	0.11616	0.04473	0.04998	0.05637	0.63306	0.09971
V606	0.41081	0.06114	0.2092	0.07503	0.0307	0.21311
V607	0.24017	0.05448	0.03074	0.02726	0.15971	0.48763
V608	0.18862	0.46309	0.02587	0.08856	0.06216	0.17169
V609	0.09652	0.02331	0.56806	0.19411	0.0486	0.0694
V610	0.12173	0.12286	0.39076	0.15902	0.07949	0.12614
V611	0.14394	0.61628	0.03363	0.07263	0.06081	0.0727
V612	0.09691	0.19529	0.00991	0.55497	0.08895	0.05396
V613	0.4532	0.15291	0.03891	0.03153	0.0286	0.29486
V614	0.14172	0.11258	0.42176	0.03426	0.08475	0.20492
V615	0.08031	0.06832	0.07927	0.06447	0.62726	0.08037
V616	0.34222	0.32198	0.02542	0.06687	0.05495	0.18857
V617	0.07304	0.02694	0.02941	0.06969	0.72384	0.07708
V618	0.2226	0.03742	0.50011	0.03923	0.04921	0.15144
V619	0.12971	0.4806	0.14463	0.06788	0.09584	0.08134
V620	0.22967	0.02877	0.22849	0.02307	0.02838	0.46162
V621	0.09154	0.02512	0.07384	0.61367	0.12129	0.07454
V622	0.40661	0.16172	0.04241	0.04592	0.20448	0.13886
V623	0.22326	0.51106	0.02994	0.04615	0.05256	0.13704
V624	0.13669	0.47236	0.01182	0.23719	0.06235	0.07958
V625	0.13573	0.12807	0.18078	0.36523	0.08717	0.10302
V626	0.13036	0.05074	0.03496	0.18064	0.38664	0.21666
V627	0.46903	0.04452	0.02364	0.26424	0.0506	0.14796
V628	0.18965	0.06636	0.26706	0.08944	0.10999	0.27749
V629	0.11677	0.38208	0.00725	0.35064	0.07854	0.06472
V630	0.45974	0.04934	0.05271	0.06515	0.05387	0.31918
V631	0.23987	0.02191	0.07723	0.10637	0.06981	0.48481
V632	0.10232	0.04384	0.13952	0.28869	0.3376	0.08802
V633	0.08781	0.15916	0.61084	0.04463	0.03573	0.06182
V634	0.53708	0.05878	0.04201	0.16864	0.03868	0.1548
V635	0.08992	0.06231	0.22857	0.47805	0.07933	0.06182
V636	0.14741	0.47563	0.01779	0.09553	0.14542	0.11821
V637	0.25353	0.07061	0.0392	0.01206	0.09721	0.52738
V638	0.1161	0.11402	0.05997	0.44304	0.19392	0.07296
V639	0.28659	0.07636	0.09116	0.06649	0.30292	0.17649
V640	0.13606	0.12951	0.39226	0.04461	0.12708	0.17048
V641	0.07757	0.08023	0.4425	0.06509	0.26638	0.06822
V642	0.26579	0.0565	0.25525	0.14223	0.04044	0.23981
V643	0.58003	0.0617	0.03336	0.10104	0.04321	0.18065
V644	0.5455	0.05785	0.03282	0.10318	0.03765	0.22298
V645	0.50745	0.06176	0.0456	0.09345	0.03118	0.26055
V646	0.08308	0.02223	0.4055	0.04845	0.36774	0.07301
V647	0.2551	0.03265	0.0494	0.2343	0.07004	0.35851
V648	0.21473	0.27365	0.12805	0.06934	0.05569	0.25854
V649	0.19028	0.03797	0.03668	0.54988	0.09789	0.08731
V650	0.24785	0.17763	0.18812	0.05056	0.23712	0.09872
V651	0.20917	0.28257	0.08179	0.05689	0.1431	0.22648
V652	0.11586	0.02465	0.11353	0.56365	0.10897	0.07335
V653	0.18986	0.34935	0.04682	0.05474	0.11038	0.24886
V654	0.57275	0.06042	0.09446	0.04841	0.04926	0.1747
V655	0.28249	0.02485	0.04987	0.07174	0.23473	0.33632
V656	0.15471	0.08356	0.49426	0.07127	0.10965	0.08655
V657	0.36425	0.0406	0.02739	0.11234	0.22161	0.23381
V658	0.09102	0.08868	0.1561	0.52404	0.08509	0.05508
V659	0.15226	0.61316	0.02899	0.05622	0.05354	0.09583
V660	0.5758	0.06149	0.03732	0.04909	0.02695	0.24936
V661	0.2104	0.01865	0.1502	0.11057	0.13221	0.37797
V662	0.54022	0.05767	0.04475	0.117	0.03851	0.20186
V663	0.12288	0.16021	0.03733	0.08671	0.51471	0.07816
V664	0.17671	0.06852	0.56527	0.03636	0.04986	0.10328
V665	0.07226	0.01854	0.02974	0.07015	0.73171	0.0776
V666	0.35147	0.27174	0.02961	0.11411	0.06573	0.16734
V667	0.26463	0.02576	0.06	0.03805	0.04335	0.56821
V668	0.56279	0.15414	0.04127	0.0497	0.02924	0.16286
V669	0.25167	0.11188	0.02074	0.2022	0.05468	0.35883
V670	0.16723	0.30861	0.03203	0.24728	0.07184	0.17302
V671	0.31368	0.03575	0.02046	0.45544	0.07301	0.10166
V672	0.14824	0.45411	0.0115	0.2505	0.0632	0.07245
V673	0.22053	0.1297	0.17839	0.02012	0.03015	0.42111
V674	0.55618	0.05166	0.04139	0.04523	0.14326	0.16228
V675	0.26758	0.12432	0.04445	0.0129	0.04817	0.50258
V676	0.09865	0.02613	0.08876	0.6265	0.10159	0.05837
V677	0.24401	0.30673	0.14028	0.02982	0.03397	0.24519
V678	0.22262	0.08669	0.06912	0.04044	0.32307	0.25807
V679	0.25403	0.10099	0.06417	0.02829	0.0371	0.51543
V680	0.09124	0.01368	0.33707	0.0456	0.39754	0.11487
V681	0.17627	0.5292	0.04558	0.04795	0.0436	0.1574
V682	0.17998	0.42635	0.0213	0.04764	0.10926	0.21546
V683	0.10043	0.01739	0.0357	0.05233	0.64391	0.15025
V684	0.1904	0.54253	0.02064	0.10139	0.05529	0.08975
V685	0.12308	0.46251	0.21665	0.04526	0.08143	0.07106
V686	0.28406	0.03224	0.33948	0.03068	0.04062	0.27294
V687	0.1766	0.20804	0.22298	0.09171	0.03986	0.2608
V688	0.39041	0.03494	0.03825	0.04213	0.23717	0.2571
V689	0.13925	0.03217	0.53742	0.11466	0.05908	0.11743
V690	0.14767	0.02533	0.05665	0.06239	0.49506	0.21291
V691	0.16648	0.37375	0.16338	0.0904	0.07371	0.13227
V692	0.44153	0.04128	0.02385	0.24884	0.10164	0.14286
V693	0.54831	0.13918	0.04676	0.05336	0.02912	0.18327
V694	0.54626	0.13928	0.03951	0.07084	0.03121	0.1729
V695	0.56702	0.05318	0.03501	0.05376	0.08652	0.20451
V696	0.16561	0.39691	0.05786	0.08779	0.20205	0.08977
V697	0.12637	0.03194	0.60569	0.0688	0.06144	0.10576
V698	0.14871	0.63508	0.02407	0.05854	0.05494	0.07867
V699	0.23193	0.03789	0.44176	0.06041	0.08602	0.14199
V700	0.18774	0.03134	0.02859	0.06171	0.5834	0.10721
V701	0.59582	0.05601	0.04464	0.03926	0.02547	0.23879
V702	0.24873	0.03894	0.07587	0.11832	0.04536	0.47278
V703	0.24354	0.39747	0.03589	0.04761	0.17394	0.10155
V704	0.34935	0.24346	0.17074	0.03856	0.04394	0.15395
V705	0.11257	0.10861	0.24589	0.16541	0.28448	0.08305
V706	0.19451	0.09074	0.26517	0.02194	0.108	0.31963
V707	0.45357	0.05736	0.03567	0.02451	0.03279	0.3961
V708	0.10869	0.32355	0.40257	0.05229	0.04546	0.06745
V709	0.08517	0.02706	0.00563	0.64947	0.17531	0.05736
V710	0.36914	0.08153	0.11861	0.07641	0.17548	0.17883
V711	0.12504	0.19518	0.33532	0.16169	0.05388	0.12889
V712	0.09642	0.25125	0.03632	0.06014	0.47928	0.07658
V713	0.29254	0.39854	0.04864	0.06502	0.05668	0.13858
V714	0.11943	0.39135	0.32987	0.0478	0.04609	0.06546
V715	0.09757	0.03198	0.72004	0.03834	0.03256	0.07951
V716	0.20481	0.04595	0.02687	0.2322	0.18724	0.30293
V717	0.09809	0.027	0.05095	0.05645	0.65842	0.10909
V718	0.10319	0.34545	0.0274	0.05402	0.40372	0.06622
V719	0.15239	0.58706	0.04538	0.05517	0.06817	0.09183
V720	0.27286	0.02533	0.20506	0.245	0.07665	0.1751
V721	0.18291	0.22984	0.18804	0.02571	0.09605	0.27745
V722	0.07022	0.01788	0.04568	0.06341	0.7314	0.0714
V723	0.14254	0.50745	0.05644	0.05925	0.14031	0.09401
V724	0.14876	0.26342	0.30714	0.10961	0.10117	0.06991
V725	0.12556	0.06766	0.08165	0.13948	0.43312	0.15254
V726	0.0949	0.03036	0.45607	0.06135	0.24486	0.11247
V727	0.24365	0.02205	0.10521	0.10556	0.04369	0.47984
V728	0.10106	0.03561	0.00296	0.66849	0.09937	0.09251
V729	0.24789	0.39109	0.04111	0.06809	0.14073	0.11108
V730	0.20686	0.02136	0.09085	0.2932	0.06342	0.32431
V731	0.2099	0.0607	0.36127	0.03368	0.15744	0.17702
V732	0.1728	0.34835	0.03924	0.07024	0.2077	0.16168
V733	0.24314	0.02149	0.22994	0.15673	0.08185	0.26684
V734	0.24881	0.02267	0.20766	0.01163	0.03916	0.47007
V735	0.11323	0.09912	0.01838	0.56557	0.0943	0.10939
V736	0.18429	0.406	0.06472	0.05997	0.05224	0.23277
V737	0.06356	0.01795	0.03793	0.07104	0.73927	0.07025
V738	0.3305	0.07289	0.08244	0.27986	0.06718	0.16713
V739	0.21322	0.26593	0.15215	0.06531	0.17719	0.12621
V740	0.11459	0.22504	0.31636	0.07345	0.18439	0.08616
V741	0.36617	0.15164	0.14253	0.09768	0.12476	0.11722
V742	0.30324	0.039	0.04606	0.32377	0.14718	0.14074
V743	0.10181	0.10906	0.23395	0.27243	0.20478	0.07798
V744	0.36072	0.11133	0.03935	0.12159	0.03833	0.32869
V745	0.14076	0.42984	0.0253	0.07925	0.24878	0.07606
V746	0.58399	0.06935	0.0423	0.0585	0.03896	0.20691
V747	0.22908	0.03204	0.12481	0.0753	0.42632	0.11244
V748	0.21416	0.05927	0.20042	0.03748	0.10923	0.37943
V749	0.39756	0.04448	0.03469	0.12954	0.1083	0.28544
V750	0.09381	0.10133	0.00229	0.64286	0.10422	0.05549
V751	0.09312	0.03569	0.03401	0.65304	0.12657	0.05757
V752	0.23625	0.03344	0.05566	0.10375	0.45691	0.11399
V753	0.21563	0.01965	0.05546	0.09128	0.26888	0.34911
V754	0.17004	0.35237	0.1108	0.07852	0.07789	0.21038
V755	0.32882	0.0632	0.04203	0.06074	0.31953	0.18567
V756	0.26797	0.03422	0.0414	0.01454	0.06582	0.57605
V757	0.20521	0.35216	0.02869	0.04572	0.07903	0.28919
V758	0.29999	0.46953	0.02649	0.05418	0.04107	0.10874
V759	0.18591	0.03733	0.06788	0.1459	0.40952	0.15346
V760	0.27739	0.02777	0.04201	0.02447	0.0298	0.59857
V761	0.06658	0.02246	0.34467	0.06535	0.43579	0.06516
V762	0.13183	0.01521	0.61528	0.06049	0.05289	0.1243
V763	0.10715	0.15521	0.02594	0.52083	0.11175	0.07912
