CD19B	CD56NK	CD4MemoryT	CD14
V1	0.34813	0.11021	0.19228	0.34938
V2	0.02765	0.20594	0.06137	0.70504
V3	0	0.60602	0.03058	0.36341
V4	0.60676	0.17569	0.10956	0.10798
V5	0.01142	0.50763	0.22644	0.2545
V6	0	0.81749	0.07186	0.11065
V7	0.02454	0.40985	0.10609	0.45952
V8	0.08468	0.12887	0.63298	0.15347
V9	0.08984	0.30846	0.07746	0.52424
V10	0.00708	0.13779	0.68167	0.17346
V11	0.11228	0.40291	0.3731	0.11171
V12	0	0.58491	0.30165	0.11344
V13	0.11013	0.69582	0.07936	0.11468
V14	0	0.85095	0.05847	0.09058
V15	0.01309	0.60213	0.13786	0.24692
V16	0.63912	0.1111	0.12896	0.12082
V17	0	0.81937	0.06845	0.11217
V18	0.35651	0.38433	0.13011	0.12905
V19	0.03103	0.78867	0.07663	0.10367
V20	0.03289	0.48781	0.06699	0.41232
V21	0.08347	0.15289	0.6111	0.15255
V22	0	0.20082	0.13895	0.66023
V23	0.25397	0.13677	0.49061	0.11865
V24	0.67413	0.09707	0.13726	0.09154
V25	0.17137	0.3063	0.1556	0.36674
V26	0.19616	0.42911	0.08832	0.2864
V27	0	0.17958	0.03525	0.78516
V28	0	0.14335	0.73308	0.12357
V29	0.28727	0.12705	0.44367	0.14201
V30	0.01029	0.29874	0.22499	0.46598
V31	0.08558	0.27805	0.25179	0.38458
V32	0	0.15564	0.03878	0.80558
V33	0	0.51251	0.28835	0.19913
V34	0.08368	0.13969	0.62316	0.15346
V35	0.04268	0.70325	0.12557	0.1285
V36	0	0.15172	0.33638	0.51189
V37	0.32894	0.16407	0.13906	0.36793
V38	0.23937	0.11537	0.18071	0.46455
V39	0.04585	0.57506	0.14685	0.23225
V40	0	0.79404	0.11529	0.09066
V41	0	0.62856	0.05455	0.31689
V42	0.10284	0.14844	0.18021	0.56851
V43	0.05865	0.38725	0.41092	0.14318
V44	0	0.17914	0.54704	0.27382
V45	0.00339	0.59928	0.20747	0.18986
V46	0.56575	0.14269	0.19367	0.09789
V47	0.28388	0.25762	0.30201	0.15649
V48	0.55856	0.22288	0.11308	0.10548
V49	0.48626	0.24203	0.09728	0.17444
V50	0	0.7921	0.11134	0.09657
V51	0.1734	0.44312	0.24943	0.13405
V52	0.00508	0.20207	0.63881	0.15404
V53	0.50926	0.18802	0.20909	0.09364
V54	0.26569	0.26401	0.34074	0.12956
V55	0.09059	0.23089	0.2093	0.46921
V56	0	0.14651	0.05964	0.79385
V57	0	0.81685	0.0774	0.10576
V58	0.40885	0.09926	0.10753	0.38436
V59	0.24343	0.44449	0.16643	0.14566
V60	0.04241	0.25162	0.25903	0.44694
V61	0.54599	0.1722	0.10754	0.17428
V62	0.62496	0.10967	0.15994	0.10543
V63	0	0.77405	0.11741	0.10855
V64	0	0.7784	0.02227	0.19933
V65	0	0.13723	0.06004	0.80273
V66	0.07097	0.68108	0.08557	0.16239
V67	0.07562	0.37934	0.42294	0.1221
V68	0.03215	0.24541	0.05055	0.67189
V69	0	0.36447	0.47508	0.16046
V70	0.34267	0.22788	0.20755	0.2219
V71	0.07057	0.18295	0.29965	0.44683
V72	0.36328	0.23098	0.14449	0.26124
V73	0.03969	0.61744	0.15631	0.18656
V74	0.01851	0.2915	0.57641	0.11358
V75	0.4874	0.09178	0.22941	0.19142
V76	0	0.2533	0.12645	0.62026
V77	0	0.34435	0.01241	0.64325
V78	0.15481	0.21343	0.1842	0.44756
V79	0	0.18961	0.60539	0.20501
V80	0.2274	0.12319	0.45096	0.19845
V81	0.02343	0.24313	0.61048	0.12296
V82	0	0.16355	0.70809	0.12836
V83	0.02332	0.27169	0.08584	0.61916
V84	0.21442	0.15093	0.17675	0.4579
V85	0.03031	0.38003	0.32282	0.26685
V86	0.02398	0.15427	0.65642	0.16533
V87	0	0.76861	0.08152	0.14987
V88	0.06392	0.17837	0.22126	0.53646
V89	0	0.14533	0.1347	0.71997
V90	0	0.82125	0.07911	0.09965
V91	0	0.70732	0.16766	0.12502
V92	0.29812	0.12711	0.33743	0.23734
V93	0.62032	0.09266	0.09702	0.19001
V94	0	0.45873	0.02623	0.51504
V95	0.11605	0.46641	0.17571	0.24184
V96	0	0.21051	0.03644	0.75305
V97	0.47946	0.17797	0.24173	0.10085
V98	0.46044	0.34004	0.10253	0.09698
V99	0.56832	0.12099	0.20938	0.1013
V100	0.04514	0.14271	0.66809	0.14406
V101	0	0.1544	0.0067	0.8389
V102	0.65755	0.11714	0.122	0.10331
V103	0	0.16557	0.05866	0.77577
V104	0	0.86605	0.0467	0.08725
V105	0	0.84907	0.06149	0.08944
V106	0.0307	0.53766	0.28414	0.1475
V107	0.10463	0.27702	0.4551	0.16325
V108	0.03512	0.7363	0.13584	0.09274
V109	0	0.24766	0.43552	0.31682
V110	0	0.81295	0.07787	0.10918
V111	0.65845	0.07853	0.16318	0.09984
V112	0.0532	0.17815	0.32825	0.44041
V113	0.0701	0.21533	0.16067	0.5539
V114	0.10604	0.16524	0.09321	0.63551
V115	0	0.72143	0.18212	0.09645
V116	0.05194	0.38014	0.30208	0.26584
V117	0.44671	0.2984	0.12463	0.13026
V118	0.03689	0.58539	0.07957	0.29816
V119	0.00628	0.20161	0.06004	0.73208
V120	0.04389	0.16979	0.65189	0.13444
V121	0.37852	0.20807	0.14408	0.26932
V122	0.68626	0.08312	0.12702	0.10359
V123	0	0.50482	0.0523	0.44288
V124	0.42669	0.33462	0.09419	0.1445
V125	0.21955	0.45048	0.20871	0.12126
V126	0	0.23911	0.04498	0.71591
V127	0.06392	0.16573	0.21593	0.55442
V128	0	0.14594	0.0763	0.77777
V129	0.37736	0.28683	0.20662	0.12919
V130	0	0.64089	0.26213	0.09698
V131	0	0.81085	0.03362	0.15553
V132	0.66727	0.08549	0.13462	0.11262
V133	0.64948	0.09438	0.15127	0.10487
V134	0.00494	0.4359	0.14106	0.41811
V135	0	0.1566	0.14082	0.70258
V136	0.09126	0.43847	0.06772	0.40255
V137	0.44616	0.12496	0.26417	0.16472
V138	0.08425	0.44221	0.1885	0.28504
V139	0.18986	0.27745	0.20785	0.32485
V140	0	0.19968	0.04136	0.75896
V141	0.00974	0.24937	0.41499	0.3259
V142	0.57173	0.08828	0.2425	0.09749
V143	0.22888	0.32856	0.12538	0.31718
V144	0.0524	0.25448	0.15697	0.53616
V145	0	0.72545	0.17995	0.0946
V146	0	0.14829	0.03287	0.81884
V147	0.64539	0.09837	0.12708	0.12916
V148	0.06222	0.18284	0.44807	0.30687
V149	0.13195	0.53915	0.2239	0.10501
V150	0.03047	0.3156	0.46563	0.1883
V151	0.06888	0.62787	0.08638	0.21687
V152	0.10298	0.4778	0.2181	0.20112
V153	0	0.72054	0.07345	0.20602
V154	0.12024	0.48631	0.25884	0.1346
V155	0.29709	0.22461	0.27733	0.20097
V156	0.00159	0.23618	0.52467	0.23756
V157	0.17012	0.2446	0.27785	0.30743
V158	0	0.14166	0.01724	0.8411
V159	0.62151	0.13538	0.10655	0.13656
V160	0.45813	0.09913	0.12747	0.31528
V161	0.07524	0.14499	0.05307	0.7267
V162	0	0.36123	0.08506	0.55371
V163	0	0.51747	0.1688	0.31373
V164	0.16891	0.36411	0.14983	0.31714
V165	0	0.32335	0	0.67665
V166	0	0.20377	0.04958	0.74666
V167	0.167	0.1275	0.04822	0.65729
V168	0.13407	0.57977	0.1346	0.15156
V169	0.05898	0.18339	0.05668	0.70095
V170	0.03966	0.14567	0.39882	0.41585
V171	0.06604	0.31122	0.46724	0.1555
V172	0.51029	0.09146	0.29181	0.10644
V173	0	0.23933	0.04054	0.72013
V174	0	0.25256	0.06129	0.68615
V175	0.03375	0.12893	0.59752	0.2398
V176	0	0.76358	0.14384	0.09258
V177	0	0.87117	0.03738	0.09145
V178	0	0.70949	0.02101	0.2695
V179	0.07118	0.13725	0.30014	0.49143
V180	0	0.82712	0.09062	0.08226
V181	0.08429	0.22737	0.42826	0.26008
V182	0.18536	0.25931	0.38881	0.16653
V183	0.04693	0.77929	0.07797	0.09582
V184	0.71149	0.07323	0.12447	0.09081
V185	0.36353	0.43505	0.10799	0.09343
V186	0.0246	0.51257	0.23359	0.22924
V187	0.68096	0.0836	0.13731	0.09814
V188	0	0.31033	0.00905	0.68062
V189	0.5531	0.10427	0.10761	0.23502
V190	0.47233	0.10135	0.3183	0.10802
V191	0.10361	0.28266	0.46154	0.1522
V192	0.13854	0.49294	0.10692	0.26161
V193	0.39968	0.13086	0.24926	0.2202
V194	0	0.84777	0.04897	0.10326
V195	0.00415	0.14382	0.72292	0.12911
V196	0	0.18412	0.01203	0.80385
V197	0.2136	0.16218	0.07861	0.54561
V198	0	0.52677	0.30746	0.16577
V199	0.05538	0.15585	0.15149	0.63729
V200	0.00817	0.57588	0.065	0.35095
V201	0.00102	0.56963	0.18671	0.24264
V202	0	0.14152	0.57607	0.28241
V203	0.07378	0.4711	0.32437	0.13075
V204	0	0.52532	0.01549	0.45919
V205	0.00881	0.16387	0.68954	0.13779
V206	0.02182	0.19526	0.65778	0.12514
V207	0.02267	0.28433	0.07568	0.61732
V208	0.16725	0.16543	0.53909	0.12823
V209	0.14029	0.49627	0.11988	0.24356
V210	0	0.73585	0.11945	0.14471
V211	0.22476	0.13271	0.08144	0.56109
V212	0.35005	0.13811	0.38368	0.12817
V213	0.41271	0.12213	0.1615	0.30366
V214	0.16984	0.24939	0.17638	0.40439
V215	0.12842	0.20903	0.05555	0.607
V216	0	0.14224	0.02157	0.83619
V217	0	0.51034	0.19146	0.2982
V218	0	0.47999	0.16909	0.35093
V219	0	0.6365	0.05369	0.30981
V220	0	0.75525	0.0265	0.21826
V221	0.55165	0.08776	0.09396	0.26663
V222	0.18311	0.22993	0.31276	0.27419
V223	0	0.23484	0.57657	0.18859
V224	0.7007	0.07454	0.13312	0.09164
V225	0	0.81751	0.08967	0.09282
V226	0.20331	0.17775	0.49434	0.1246
V227	0.56674	0.08711	0.23454	0.11161
V228	0.52323	0.14666	0.14468	0.18544
V229	0.00985	0.14252	0.69963	0.14799
V230	0	0.15283	0.01703	0.83014
V231	0	0.33969	0.08696	0.57335
V232	0	0.63367	0.01729	0.34904
V233	0.35778	0.18027	0.22316	0.2388
V234	0	0.83673	0.06402	0.09924
V235	0.24203	0.16034	0.45443	0.14319
V236	0.01681	0.17823	0.60869	0.19627
V237	0.03614	0.14821	0.04978	0.76587
V238	0.03542	0.5691	0.243	0.15247
V239	0	0.4371	0.04131	0.52159
V240	0.33248	0.13799	0.37228	0.15725
V241	0.00468	0.13772	0.66911	0.18849
V242	0.01729	0.74031	0.13411	0.10829
V243	0.151	0.14982	0.50852	0.19065
V244	0.1317	0.1234	0.54076	0.20413
V245	0.37849	0.34172	0.13132	0.14847
V246	0.01996	0.24263	0.59477	0.14263
V247	0.11098	0.1364	0.63595	0.11667
V248	0	0.15906	0.03673	0.80422
V249	0	0.15399	0.65999	0.18601
V250	0.55142	0.09043	0.25171	0.10644
V251	0.67211	0.10909	0.12335	0.09545
V252	0	0.78315	0.13392	0.08293
V253	0.19023	0.18038	0.1734	0.45599
V254	0	0.84471	0.0696	0.08569
V255	0	0.83313	0.04587	0.121
V256	0.0928	0.2893	0.41661	0.2013
V257	0.24073	0.19972	0.23302	0.32653
V258	0.08155	0.33986	0.34649	0.23209
V259	0	0.35573	0.48774	0.15653
V260	0	0.34362	0.53948	0.1169
V261	0.40637	0.126	0.21896	0.24867
V262	0	0.18487	0.0359	0.77923
V263	0	0.86006	0.04016	0.09978
V264	0.07641	0.15895	0.33138	0.43326
V265	0	0.13944	0.09175	0.76881
V266	0.42747	0.38131	0.10681	0.08441
V267	0	0.26415	0.19506	0.54079
V268	0.20281	0.13943	0.15874	0.49902
V269	0	0.5552	0.29957	0.14522
V270	0.43598	0.11989	0.25943	0.1847
V271	0.54185	0.14307	0.12321	0.19187
V272	0	0.76329	0.05061	0.1861
V273	0	0.15408	0.03851	0.80741
V274	0.47821	0.09317	0.22068	0.20794
V275	0	0.1441	0.7269	0.129
V276	0.28877	0.38202	0.08839	0.24082
V277	0	0.28802	0.12529	0.5867
V278	0	0.1834	0.21201	0.60459
V279	0.46005	0.14318	0.16269	0.23408
V280	0	0.14166	0.01724	0.8411
V281	0.33276	0.12955	0.17766	0.36003
V282	0.02371	0.17798	0.62048	0.17784
V283	0.07265	0.58228	0.11031	0.23476
V284	0	0.83152	0.07968	0.0888
V285	0.04064	0.13585	0.70009	0.12342
V286	0.09888	0.56061	0.14467	0.19583
V287	0	0.81619	0.07023	0.11358
V288	0	0.34363	0.30765	0.34872
V289	0.16798	0.29502	0.35078	0.18623
V290	0.57913	0.21267	0.12068	0.08752
V291	0.33366	0.1657	0.37992	0.12073
V292	0.6629	0.08347	0.10849	0.14514
V293	0.19758	0.12822	0.52016	0.15403
V294	0	0.41436	0.02879	0.55685
V295	0	0.26435	0.14071	0.59494
V296	0.10127	0.21576	0.48347	0.1995
V297	0	0.14369	0.0609	0.79541
V298	0.19469	0.19497	0.48597	0.12436
V299	0	0.34425	0.02741	0.62834
V300	0	0.15471	0.15207	0.69323
V301	0.06129	0.21206	0.49857	0.22807
V302	0.42688	0.37414	0.0996	0.09937
V303	0	0.58454	0.28964	0.12583
V304	0.01928	0.14618	0.55707	0.27748
V305	0.04572	0.25702	0.35223	0.34503
V306	0.55307	0.16649	0.14191	0.13853
V307	0	0.85504	0.05022	0.09474
V308	0.10433	0.30651	0.26036	0.32879
V309	0.14851	0.37059	0.08489	0.39601
V310	0	0.37634	0.13595	0.48771
V311	0.31445	0.49514	0.09697	0.09344
V312	0	0.71739	0.15901	0.12359
V313	0	0.20631	0.017	0.77668
V314	0	0.48039	0.09881	0.4208
V315	0.00246	0.62441	0.07707	0.29607
V316	0.17679	0.23169	0.32368	0.26784
V317	0	0.67192	0.08111	0.24698
V318	0	0.54287	0.03174	0.42539
V319	0.02895	0.16843	0.64705	0.15556
V320	0.02826	0.2408	0.49606	0.23489
V321	0.4204	0.3897	0.1055	0.0844
V322	0.05414	0.38053	0.10496	0.46037
V323	0	0.15722	0.0692	0.77358
V324	0.43727	0.30359	0.14776	0.11138
V325	0.14325	0.63618	0.12269	0.09788
V326	0	0.54176	0.07827	0.37996
V327	0	0.24058	0.08065	0.67877
V328	0.01226	0.14638	0.5547	0.28666
V329	0.05429	0.22458	0.15166	0.56947
V330	0.22774	0.12262	0.2948	0.35484
V331	0.15972	0.19771	0.08283	0.55975
V332	0	0.17164	0.1212	0.70715
V333	0.25576	0.17865	0.34231	0.22328
V334	0.20648	0.12391	0.30336	0.36624
V335	0	0.38592	0.38736	0.22671
V336	0.04286	0.68224	0.07645	0.19845
V337	0.14959	0.44388	0.27217	0.13435
V338	0	0.87713	0.03936	0.08351
V339	0.07928	0.13292	0.66142	0.12638
V340	0	0.30686	0.40537	0.28776
V341	0	0.15993	0.04466	0.79541
V342	0.14654	0.12264	0.48764	0.24318
V343	0.69287	0.08856	0.12312	0.09545
V344	0.46823	0.21336	0.22322	0.09519
V345	0.00419	0.14295	0.72934	0.12351
V346	0.10368	0.2201	0.23958	0.43664
V347	0	0.1458	0.0911	0.76309
V348	0	0.6344	0.13609	0.22951
V349	0.20261	0.2527	0.32985	0.21484
V350	0	0.76047	0.15228	0.08725
V351	0	0.15785	0.27249	0.56966
V352	0.02055	0.14307	0.6389	0.19748
V353	0.61089	0.10301	0.13124	0.15485
V354	0	0.67238	0.19026	0.13736
V355	0.16142	0.18392	0.37017	0.28449
V356	0	0.15406	0.06921	0.77673
V357	0.02006	0.39425	0.23058	0.35511
V358	0.31101	0.1936	0.11388	0.38151
V359	0.33906	0.14883	0.09731	0.4148
V360	0.33276	0.45252	0.11507	0.09965
V361	0	0.47132	0.42318	0.1055
V362	0	0.87164	0.04468	0.08368
V363	0.0802	0.22261	0.36292	0.33427
V364	0.08993	0.1701	0.527	0.21298
V365	0.10439	0.15219	0.04677	0.69665
V366	0	0.65795	0.10218	0.23987
V367	0.33656	0.22323	0.06957	0.37064
V368	0	0.69971	0.11174	0.18855
V369	0	0.43513	0.45252	0.11235
V370	0.17349	0.33783	0.34726	0.14142
V371	0.04982	0.69892	0.0907	0.16055
V372	0.0423	0.18577	0.11061	0.66132
V373	0.01109	0.24233	0.35701	0.38957
V374	0.5583	0.09494	0.24863	0.09812
V375	0	0.16775	0.10459	0.72766
V376	0	0.16029	0.06869	0.77102
V377	0.52777	0.0837	0.09531	0.29322
V378	0	0.15721	0.27567	0.56712
V379	0.15093	0.27758	0.06363	0.50786
V380	0.04379	0.19702	0.16351	0.59569
V381	0.48292	0.10739	0.15269	0.25699
V382	0.04569	0.14692	0.68016	0.12723
V383	0.56902	0.08677	0.13394	0.21027
V384	0.33145	0.1734	0.17223	0.32291
V385	0.59379	0.09741	0.15975	0.14905
V386	0.14152	0.13926	0.14637	0.57285
V387	0.36869	0.22556	0.21815	0.18759
V388	0.18908	0.38325	0.17852	0.24915
V389	0.21192	0.53467	0.09362	0.15979
V390	0.17653	0.32017	0.39421	0.10909
V391	0.20359	0.20993	0.07197	0.51452
V392	0.22783	0.28863	0.19717	0.28637
V393	0.1464	0.30234	0.30193	0.24933
V394	0	0.31215	0.1091	0.57875
V395	0.08658	0.43631	0.19848	0.27863
V396	0	0.85981	0.0414	0.09879
V397	0.52936	0.16276	0.17427	0.13361
V398	0.23162	0.23012	0.13677	0.40148
V399	0.06697	0.56438	0.16287	0.20577
V400	0	0.55551	0.06077	0.38373
V401	0.00242	0.25585	0.54862	0.19311
V402	0.55119	0.22267	0.1379	0.08823
V403	0	0.15214	0.04908	0.79878
V404	0.03199	0.27957	0.47806	0.21037
V405	0.08699	0.15951	0.15167	0.60182
V406	0.39887	0.30378	0.10374	0.19361
V407	0	0.87713	0.03936	0.08351
V408	0.01351	0.32877	0.30898	0.34874
V409	0	0.14631	0.01533	0.83836
V410	0	0.80782	0.07863	0.11355
V411	0.22887	0.12534	0.04987	0.59592
V412	0.07312	0.18915	0.38606	0.35166
V413	0	0.49894	0.15906	0.34201
V414	0	0.52046	0.25785	0.22169
V415	0.24593	0.14058	0.23267	0.38082
V416	0.00127	0.17997	0.69633	0.12243
V417	0.19527	0.61874	0.09081	0.09518
V418	0	0.221	0.1167	0.6623
V419	0	0.14158	0.02229	0.83612
V420	0	0.79713	0.03637	0.1665
V421	0.08992	0.15301	0.52668	0.23039
V422	0	0.17991	0.01691	0.80318
V423	0.04514	0.14271	0.66809	0.14406
V424	0	0.16382	0.44175	0.39444
V425	0.00511	0.3154	0.46099	0.21849
V426	0.05005	0.15848	0.60573	0.18574
V427	0	0.43407	0.16805	0.39788
V428	0	0.72482	0.09552	0.17966
V429	0	0.14066	0.02718	0.83216
V430	0.49262	0.22801	0.11554	0.16383
V431	0.08567	0.1478	0.35163	0.4149
V432	0	0.21555	0.06008	0.72436
V433	0	0.69556	0.02565	0.27879
V434	0.15351	0.1928	0.08693	0.56676
V435	0.29104	0.12159	0.15563	0.43174
V436	0.1925	0.13377	0.13391	0.53982
V437	0.07986	0.3086	0.04486	0.56668
V438	0.36929	0.2342	0.10506	0.29146
V439	0	0.20467	0.01411	0.78122
V440	0.26248	0.14266	0.09091	0.50395
V441	0.01291	0.23364	0.45426	0.2992
V442	0.14949	0.39322	0.16708	0.29022
V443	0.49227	0.09578	0.15473	0.25721
V444	0.00419	0.14295	0.72934	0.12351
V445	0.42193	0.11531	0.32839	0.13436
V446	0	0.76054	0.07984	0.15962
V447	0.40623	0.18175	0.20805	0.20397
V448	0	0.18753	0.1296	0.68287
V449	0.35899	0.1406	0.29221	0.20819
V450	0.01521	0.81374	0.08053	0.09052
V451	0.65915	0.11667	0.1128	0.11138
V452	0	0.14881	0.05161	0.79958
V453	0.54645	0.15427	0.15067	0.14861
V454	0	0.84114	0.06436	0.0945
V455	0.40157	0.12882	0.3019	0.16771
V456	0.18441	0.22435	0.32372	0.26752
V457	0	0.15305	0.01012	0.83683
V458	0.10239	0.30656	0.05104	0.54
V459	0	0.73008	0.09358	0.17634
V460	0.67446	0.08495	0.13599	0.1046
V461	0	0.16205	0.01899	0.81896
V462	0.15397	0.32186	0.05466	0.46951
V463	0.10677	0.50292	0.17655	0.21376
V464	0.27689	0.1998	0.06533	0.45798
V465	0.1974	0.45963	0.09992	0.24304
V466	0.34415	0.26029	0.07884	0.31672
V467	0.14935	0.57683	0.13747	0.13634
V468	0.28768	0.43387	0.12788	0.15057
V469	0	0.26808	0.20162	0.53031
V470	0.33017	0.21268	0.2079	0.24924
V471	0.108	0.21818	0.06739	0.60642
V472	0.13564	0.38553	0.05977	0.41906
V473	0.01416	0.56954	0.28712	0.12919
V474	0.01384	0.14382	0.09636	0.74597
V475	0.04566	0.43918	0.11592	0.39923
V476	0.03667	0.15353	0.06789	0.74191
V477	0.38083	0.13632	0.22676	0.25608
V478	0.006	0.59173	0.05156	0.35071
V479	0	0.19221	0.60112	0.20667
V480	0	0.36801	0.06427	0.56772
V481	0.09391	0.1386	0.63523	0.13225
V482	0.45902	0.22712	0.1791	0.13476
V483	0.01729	0.22842	0.07988	0.67441
V484	0	0.18462	0.02634	0.78904
V485	0.00198	0.71101	0.06186	0.22516
V486	0.1167	0.33417	0.14844	0.4007
V487	0	0.17827	0.07567	0.74606
V488	0	0.1317	0.64542	0.22287
V489	0.13292	0.20111	0.53837	0.1276
V490	0.15576	0.37179	0.11734	0.35512
V491	0.23936	0.48963	0.11082	0.16019
V492	0	0.77837	0.12857	0.09306
V493	0	0.14134	0.0077	0.85096
V494	0.10136	0.24968	0.41566	0.23331
V495	0.08691	0.62402	0.16803	0.12103
V496	0.11153	0.67576	0.07227	0.14043
V497	0.00478	0.13775	0.72827	0.1292
V498	0.1377	0.21641	0.0861	0.55979
V499	0.39949	0.31525	0.1874	0.09787
V500	0.0496	0.22605	0.56405	0.1603
V501	0	0.14112	0.02429	0.83459
V502	0.33595	0.3351	0.19941	0.12954
V503	0.07282	0.21619	0.17359	0.53739
V504	0.077	0.68127	0.07907	0.16265
V505	0.07461	0.30201	0.22094	0.40245
V506	0.01922	0.34033	0.34529	0.29517
V507	0.38288	0.19228	0.16217	0.26266
V508	0.49593	0.22822	0.13673	0.13912
V509	0.12178	0.17991	0.40376	0.29455
V510	0.10129	0.54583	0.24514	0.10774
V511	0	0.4391	0.06235	0.49855
V512	0.09749	0.17443	0.09313	0.63495
V513	0	0.64184	0.18785	0.17031
V514	0	0.17918	0.00297	0.81785
V515	0.50187	0.14769	0.13182	0.21861
V516	0.64435	0.15234	0.11143	0.09189
V517	0	0.15819	0.17822	0.66359
V518	0.68428	0.10226	0.11875	0.09471
V519	0	0.78184	0.03813	0.18003
V520	0	0.12725	0.45201	0.42074
V521	0.37674	0.14086	0.34367	0.13873
V522	0	0.23011	0.40945	0.36044
V523	0.18659	0.22914	0.24205	0.34221
V524	0	0.72244	0.15689	0.12067
V525	0.09792	0.29466	0.0665	0.54092
V526	0.40058	0.17318	0.1332	0.29304
V527	0.09684	0.1485	0.31508	0.43958
V528	0	0.80449	0.05833	0.13718
V529	0	0.19263	0.16486	0.64251
V530	0	0.28503	0.49956	0.21541
V531	0	0.80752	0.11005	0.08242
V532	0.03554	0.38988	0.06433	0.51024
V533	0.12521	0.40222	0.16291	0.30966
V534	0	0.13809	0.51163	0.35027
V535	0.3257	0.10034	0.07011	0.50385
V536	0.08867	0.12676	0.29421	0.49036
V537	0.37712	0.3129	0.20465	0.10533
V538	0.24363	0.16424	0.12505	0.46707
V539	0.11605	0.46641	0.17571	0.24184
V540	0.06473	0.67502	0.12322	0.13703
V541	0	0.5009	0.06696	0.43214
V542	0.0726	0.24101	0.21412	0.47227
V543	0.60957	0.08342	0.10762	0.19939
V544	0.00875	0.21359	0.14717	0.63049
V545	0.1726	0.24341	0.10762	0.47638
V546	0	0.81622	0.09109	0.09269
V547	0	0.63135	0.25782	0.11082
V548	0.03464	0.73546	0.12996	0.09994
V549	0.21354	0.13988	0.51987	0.12671
V550	0.34871	0.12639	0.06659	0.45832
V551	0.0441	0.70828	0.09607	0.15154
V552	0	0.51605	0.01068	0.47327
V553	0.1329	0.24028	0.49182	0.13501
V554	0	0.20185	0.02944	0.7687
V555	0.00865	0.31565	0.26032	0.41537
V556	0	0.14838	0.69561	0.15601
V557	0.54521	0.10994	0.10134	0.24351
V558	0	0.72915	0.06553	0.20532
V559	0	0.75768	0.15764	0.08467
V560	0.45106	0.35631	0.10049	0.09214
V561	0	0.1441	0.7269	0.129
V562	0.52987	0.09352	0.17865	0.19796
V563	0.16164	0.12067	0.5944	0.12329
V564	0.03077	0.1852	0.65008	0.13395
V565	0.03673	0.34325	0.29695	0.32307
V566	0.4393	0.18056	0.08395	0.29619
V567	0.0666	0.47895	0.07409	0.38036
V568	0.09444	0.14047	0.07203	0.69306
V569	0.42883	0.11985	0.06853	0.38279
V570	0	0.35683	0.46645	0.17672
V571	0.55182	0.19385	0.10114	0.15319
V572	0.27803	0.11989	0.38488	0.2172
V573	0	0.26579	0.01485	0.71936
V574	0	0.73824	0.15734	0.10441
V575	0	0.19939	0.08921	0.7114
V576	0.02804	0.76902	0.09737	0.10557
V577	0	0.17404	0.1493	0.67667
V578	0.0155	0.1844	0.50758	0.29252
V579	0	0.79938	0.09574	0.10488
V580	0.03411	0.14893	0.10709	0.70987
V581	0	0.19555	0.01605	0.78841
V582	0.34165	0.23049	0.09974	0.32811
V583	0	0.16551	0.42101	0.41347
V584	0.32442	0.23856	0.29354	0.14348
V585	0	0.14033	0.30943	0.55024
V586	0.14402	0.12884	0.51474	0.2124
V587	0.17716	0.12981	0.54611	0.14692
V588	0.38213	0.13535	0.09684	0.38568
V589	0	0.75316	0.09317	0.15367
V590	0	0.72792	0.1726	0.09948
V591	0	0.16363	0.13008	0.70629
V592	0.10383	0.14679	0.63254	0.11684
V593	0.36941	0.10243	0.20397	0.32419
V594	0.18764	0.35569	0.29944	0.15722
V595	0	0.15386	0.01966	0.82648
V596	0	0.35082	0.16885	0.48033
V597	0	0.5681	0.25385	0.17805
V598	0.00161	0.22136	0.64237	0.13466
V599	0.39259	0.36473	0.12125	0.12142
V600	0.16784	0.49826	0.11753	0.21636
V601	0.03204	0.3496	0.10578	0.51259
V602	0	0.15378	0.01437	0.83186
V603	0	0.39998	0.01284	0.58718
V604	0.32964	0.20897	0.32203	0.13936
V605	0	0.39567	0.31156	0.29278
V606	0.46373	0.22369	0.10282	0.20976
V607	0.4116	0.11327	0.15597	0.31916
V608	0.10667	0.25995	0.30927	0.32412
V609	0	0.3118	0.17599	0.51221
V610	0.50966	0.11099	0.1577	0.22166
V611	0.12461	0.1373	0.07422	0.66387
V612	0.00375	0.20318	0.60714	0.18592
V613	0	0.38967	0.45605	0.15428
V614	0.49427	0.14852	0.12928	0.22793
V615	0.01164	0.18669	0.02847	0.7732
V616	0	0.66973	0.07686	0.25341
V617	0.31121	0.2429	0.34308	0.1028
V618	0.46797	0.09484	0.07278	0.36441
V619	0.21901	0.14367	0.28306	0.35427
V620	0	0.64089	0.26213	0.09698
V621	0.22665	0.24459	0.1967	0.33206
V622	0.21245	0.29881	0.34543	0.14331
V623	0	0.19324	0.09906	0.7077
V624	0.54114	0.24597	0.10706	0.10583
V625	0.10978	0.51657	0.13497	0.23868
V626	0.68424	0.09488	0.11833	0.10254
V627	0	0.15022	0.04446	0.80532
V628	0	0.29201	0.00758	0.70041
V629	0.02699	0.36738	0.23225	0.37339
V630	0	0.38847	0.45022	0.16131
V631	0	0.27383	0.08309	0.64309
V632	0.36152	0.10141	0.17241	0.36466
V633	0	0.15142	0.61173	0.23686
V634	0.23767	0.33388	0.32028	0.10817
V635	0	0.70273	0.02315	0.27413
V636	0.06061	0.21264	0.49103	0.23572
V637	0.13779	0.28252	0.11819	0.46149
V638	0.17902	0.32861	0.12127	0.3711
V639	0.1435	0.46727	0.28834	0.10089
V640	0.00406	0.25241	0.57434	0.16919
V641	0.61281	0.1138	0.12704	0.14634
V642	0.50563	0.23343	0.09938	0.16156
V643	0	0.2781	0.31492	0.40699
V644	0.63709	0.14562	0.11576	0.10152
V645	0.13574	0.45157	0.28611	0.12658
V646	0	0.87418	0.0416	0.08422
V647	0.08444	0.19804	0.5424	0.17512
V648	0.22074	0.46478	0.18417	0.13031
V649	0.00628	0.17898	0.63588	0.17886
V650	0.02109	0.2034	0.59021	0.1853
V651	0.20962	0.11859	0.55015	0.12164
V652	0.01694	0.21395	0.32689	0.44223
V653	0.01001	0.65306	0.12644	0.21049
V654	0.45135	0.25604	0.14264	0.14997
V655	0	0.55276	0.03748	0.40976
V656	0.05886	0.34595	0.05237	0.54282
V657	0	0.18576	0.01089	0.80334
V658	0.36821	0.26995	0.12912	0.23272
V659	0.18105	0.19883	0.30888	0.31123
V660	0	0.85658	0.04106	0.10235
V661	0	0.44282	0.07162	0.48556
V662	0.25343	0.13247	0.39801	0.21609
V663	0.13444	0.18456	0.45407	0.22693
V664	0.12318	0.17719	0.53265	0.16697
V665	0.43741	0.24817	0.12794	0.18648
V666	0.3577	0.10305	0.1408	0.39845
V667	0.5368	0.14582	0.22151	0.09587
V668	0.00648	0.77271	0.1285	0.09231
V669	0.09963	0.45292	0.23874	0.20871
V670	0	0.83524	0.05582	0.10894
V671	0.19283	0.35295	0.25357	0.20065
V672	0.00795	0.14823	0.68715	0.15667
V673	0.09733	0.41992	0.22142	0.26133
V674	0.45781	0.21779	0.10698	0.21743
V675	0.04077	0.39186	0.26724	0.30013
V676	0	0.22045	0.08246	0.69709
V677	0.19009	0.43925	0.15136	0.2193
V678	0.30766	0.49634	0.10224	0.09376
V679	0.00139	0.37661	0.4937	0.12831
V680	0.14835	0.55781	0.17676	0.11707
V681	0.62335	0.13453	0.12177	0.12035
V682	0.04318	0.36371	0.43859	0.15451
V683	0	0.87605	0.04731	0.07663
V684	0.45802	0.22856	0.161	0.15242
V685	0.28783	0.38947	0.17651	0.1462
V686	0	0.28371	0.13416	0.58213
V687	0	0.14654	0.01985	0.8336
V688	0.17516	0.5297	0.07248	0.22267
V689	0.0998	0.13298	0.06751	0.69971
V690	0.30683	0.14797	0.36966	0.17554
V691	0.10351	0.12845	0.64285	0.12519
V692	0.03514	0.24413	0.53711	0.18363
V693	0.11151	0.21977	0.29975	0.36897
V694	0	0.15376	0.1971	0.64915
V695	0.10463	0.14043	0.14037	0.61457
V696	0	0.20386	0.02941	0.76673
V697	0	0.17045	0.012	0.81755
V698	0.55221	0.08725	0.10103	0.25952
V699	0.33064	0.34134	0.13857	0.18945
V700	0.08068	0.15569	0.03757	0.72606
V701	0.00336	0.53775	0.13057	0.32833
V702	0.30674	0.17729	0.077	0.43896
V703	0.05502	0.17647	0.37183	0.39669
V704	0.54864	0.12476	0.11649	0.21011
V705	0.67964	0.07586	0.12447	0.12003
V706	0.03983	0.16698	0.58553	0.20766
V707	0	0.46283	0.38721	0.14995
V708	0	0.78772	0.05459	0.15769
V709	0.06098	0.33801	0.41437	0.18665
V710	0.36616	0.2695	0.12128	0.24305
V711	0	0.75296	0.12139	0.12564
V712	0.54502	0.13077	0.09917	0.22504
V713	0.21597	0.36242	0.09659	0.32503
V714	0	0.61878	0.03131	0.34991
V715	0.16243	0.39028	0.2773	0.16999
V716	0	0.16647	0.03719	0.79634
V717	0	0.84299	0.05444	0.10256
V718	0.03638	0.56852	0.17849	0.21661
V719	0	0.66186	0.06297	0.27516
V720	0.47847	0.09304	0.25523	0.17326
V721	0.04201	0.26328	0.37038	0.32433
V722	0	0.39451	0.03701	0.56848
V723	0	0.20856	0.02573	0.76571
V724	0.34673	0.12824	0.13435	0.39068
V725	0	0.20352	0.6458	0.15068
V726	0	0.41336	0.10758	0.47906
V727	0.11448	0.64263	0.14497	0.09792
V728	0	0.80609	0.10279	0.09112
V729	0.21411	0.13168	0.17183	0.48239
V730	0.62848	0.10804	0.1421	0.12139
V731	0	0.28781	0.28354	0.42865
V732	0.1984	0.18641	0.30526	0.30994
V733	0.39581	0.25298	0.1105	0.24071
V734	0.12822	0.36715	0.39281	0.11182
V735	0	0.14936	0.34225	0.50839
V736	0.02156	0.14899	0.03583	0.79361
V737	0.16676	0.35475	0.23455	0.24394
V738	0.00579	0.39475	0.35717	0.24229
V739	0	0.13359	0.42811	0.4383
V740	0.57858	0.15885	0.15754	0.10503
V741	0.26845	0.20053	0.1593	0.37172
V742	0.21246	0.60163	0.09782	0.08808
V743	0.07434	0.23926	0.5448	0.1416
V744	0.32805	0.1439	0.31011	0.21794
V745	0	0.64671	0.15343	0.19986
V746	0.70959	0.07339	0.11967	0.09735
V747	0.01976	0.13172	0.52813	0.32039
V748	0.05475	0.21398	0.45146	0.27982
V749	0.11644	0.26673	0.09199	0.52485
V750	0.20187	0.4843	0.09818	0.21565
V751	0	0.78554	0.07287	0.1416
V752	0.25079	0.30008	0.17228	0.27684
V753	0	0.14729	0.0073	0.84541
V754	0	0.83015	0.03013	0.13973
V755	0.05179	0.29053	0.27224	0.38545
V756	0	0.14577	0.03522	0.81901
V757	0.15925	0.58713	0.12943	0.12419
V758	0	0.70832	0.12509	0.16659
V759	0.04369	0.18532	0.30515	0.46584
V760	0.14766	0.17633	0.24004	0.43597
V761	0	0.58174	0.22878	0.18948
V762	0	0.40601	0.00898	0.58501
V763	0.18257	0.40552	0.08822	0.3237
V764	0	0.82191	0.03761	0.14048
V765	0.41443	0.17586	0.07039	0.33932
V766	0	0.379	0.31865	0.30234
V767	0.28627	0.21778	0.24393	0.25203
V768	0	0.82545	0.06662	0.10793
V769	0.01959	0.78427	0.09092	0.10522
V770	0	0.87418	0.0416	0.08422
V771	0.11041	0.13389	0.62467	0.13103
V772	0.08483	0.15745	0.63327	0.12445
V773	0.03103	0.78867	0.07663	0.10367
V774	0.0083	0.13756	0.69734	0.1568
V775	0.02573	0.17294	0.2213	0.58003
V776	0.22	0.45018	0.121	0.20882
V777	0.05169	0.23084	0.13303	0.58444
V778	0.30676	0.33615	0.13332	0.22378
V779	0.08095	0.16445	0.38387	0.37073
V780	0.0044	0.74421	0.15601	0.09537
V781	0	0.16106	0.03023	0.80871
V782	0	0.22678	0.59243	0.18079
V783	0.51825	0.10757	0.12785	0.24633
V784	0	0.82728	0.0753	0.09742
V785	0	0.84068	0.05523	0.10409
V786	0.47166	0.2263	0.15977	0.14228
V787	0	0.77322	0.13568	0.0911
V788	0.30226	0.35603	0.19499	0.14671
V789	0	0.40553	0.04697	0.5475
V790	0.24627	0.13867	0.11388	0.50117
V791	0.04217	0.42991	0.27186	0.25606
V792	0.00699	0.5529	0.04432	0.39579
V793	0.00316	0.63981	0.07973	0.2773
V794	0.01508	0.19359	0.59635	0.19498
V795	0.00113	0.18058	0.06857	0.74971
V796	0.00694	0.19531	0.65138	0.14637
V797	0.53787	0.0929	0.25671	0.11252
V798	0.39307	0.34461	0.151	0.11133
V799	0.00853	0.7308	0.08822	0.17246
V800	0.00843	0.15576	0.38402	0.45178
V801	0.04219	0.23476	0.26276	0.46029
V802	0	0.2045	0.19755	0.59796
V803	0.10285	0.54656	0.25181	0.09878
V804	0.34209	0.12504	0.35136	0.18152
V805	0.00472	0.13784	0.73358	0.12387
V806	0	0.81927	0.05848	0.12225
V807	0.10062	0.25228	0.07105	0.57606
V808	0.41911	0.32325	0.12781	0.12982
V809	0.02288	0.15357	0.70036	0.12319
V810	0	0.8785	0.0375	0.084
V811	0.22695	0.18608	0.20864	0.37834
V812	0.31206	0.32417	0.1202	0.24356
V813	0.38226	0.26046	0.22433	0.13294
V814	0.23788	0.54224	0.12348	0.0964
V815	0	0.83218	0.08137	0.08644
V816	0.67099	0.07721	0.15876	0.09304
V817	0.01037	0.18509	0.66866	0.13588
V818	0	0.16949	0.02694	0.80357
V819	0.55965	0.15963	0.14199	0.13873
V820	0.01049	0.22172	0.04199	0.7258
V821	0.10329	0.38306	0.32949	0.18416
V822	0.03781	0.1481	0.66968	0.14441
V823	0	0.28096	0.50868	0.21036
V824	0.02821	0.42424	0.43917	0.10838
V825	0.08981	0.36476	0.22779	0.31764
V826	0.24402	0.44675	0.19987	0.10936
V827	0.18881	0.59662	0.0921	0.12248
V828	0.08041	0.26447	0.1246	0.53053
V829	0	0.31445	0.04124	0.64431
V830	0.07095	0.31123	0.06489	0.55293
V831	0.49945	0.17056	0.12035	0.20963
V832	0.11632	0.43846	0.18744	0.25778
V833	0.03542	0.52302	0.1834	0.25816
V834	0.1265	0.19626	0.09789	0.57934
V835	0.17756	0.47567	0.16025	0.18652
V836	0	0.6274	0.0151	0.3575
V837	0.08599	0.42774	0.19074	0.29552
V838	0.65509	0.11211	0.13641	0.09639
V839	0.14092	0.60589	0.15345	0.09974
V840	0.12931	0.69895	0.08298	0.08875
V841	0	0.1622	0.66099	0.17681
V842	0.18883	0.25811	0.24677	0.3063
V843	0.00231	0.14845	0.65134	0.1979
V844	0.03058	0.21085	0.29342	0.46515
V845	0.03031	0.21868	0.56737	0.18364
V846	0	0.13499	0.55133	0.31368
V847	0	0.14062	0.01072	0.84867
V848	0	0.52296	0.16648	0.31056
V849	0	0.84994	0.03712	0.11294
V850	0.69392	0.07547	0.12727	0.10334
V851	0.17022	0.5484	0.18602	0.09535
V852	0.00562	0.18724	0.11811	0.68903
V853	0.12622	0.30537	0.33556	0.23284
V854	0.36405	0.2462	0.15409	0.23567
V855	0	0.14062	0.01072	0.84867
V856	0	0.40526	0.27265	0.32209
V857	0.42151	0.24388	0.11444	0.22017
V858	0.38201	0.11146	0.39335	0.11318
V859	0.41179	0.28662	0.10676	0.19483
V860	0.05013	0.23466	0.07232	0.64289
V861	0.02943	0.40756	0.43994	0.12307
V862	0.0755	0.20014	0.55524	0.16913
V863	0.05889	0.18681	0.02758	0.72673
V864	0	0.17108	0.04836	0.78056
V865	0.0237	0.14726	0.20935	0.6197
V866	0.50752	0.11076	0.2683	0.11342
V867	0.50791	0.11708	0.26991	0.1051
V868	0.29845	0.33837	0.17908	0.1841
V869	0	0.86966	0.04439	0.08595
V870	0	0.39703	0.04787	0.55509
V871	0	0.84994	0.03712	0.11294
V872	0	0.14957	0.16553	0.6849
V873	0.61418	0.10961	0.14622	0.12999
V874	0.05606	0.75906	0.09588	0.089
V875	0	0.28014	0.14667	0.57319
V876	0.06715	0.39175	0.33516	0.20595
V877	0	0.43819	0.23231	0.3295
V878	0.01311	0.77878	0.11674	0.09137
V879	0.05272	0.66439	0.10147	0.18142
V880	0.13124	0.55898	0.07106	0.23871
V881	0.0744	0.16242	0.46366	0.29953
V882	0.54845	0.08562	0.18511	0.18082
V883	0.17392	0.27467	0.44539	0.10602
V884	0	0.33356	0	0.66644
V885	0.4773	0.26557	0.16505	0.09209
V886	0	0.40938	0.35084	0.23977
V887	0.39865	0.15726	0.19965	0.24445
V888	0.05184	0.16149	0.5718	0.21487
V889	0.64171	0.11891	0.1295	0.10988
V890	0	0.25059	0.46376	0.28566
V891	0.41817	0.14154	0.29142	0.14887
V892	0.11249	0.27249	0.05589	0.55913
V893	0.35642	0.27674	0.20315	0.16368
V894	0.01373	0.37431	0.45556	0.1564
V895	0.36879	0.1627	0.21939	0.24912
V896	0	0.84777	0.04897	0.10326
V897	0.43842	0.306	0.10155	0.15403
V898	0.2536	0.11427	0.05333	0.5788
V899	0	0.27675	0.11223	0.61102
V900	0.00165	0.37595	0.28193	0.34047
V901	0	0.75713	0.03664	0.20622
V902	0	0.82756	0.08139	0.09106
V903	0	0.44834	0.39812	0.15354
V904	0	0.8745	0.0407	0.08479
V905	0.0415	0.14254	0.14724	0.66871
V906	0.19937	0.20008	0.13911	0.46144
V907	0.22106	0.5286	0.10229	0.14805
V908	0	0.17216	0.04547	0.78236
V909	0.00355	0.76605	0.0597	0.1707
V910	0.04201	0.14147	0.11294	0.70358
V911	0.29318	0.42582	0.11166	0.16934
V912	0.19626	0.38164	0.16499	0.25711
V913	0.00181	0.1458	0.03197	0.82042
V914	0.07024	0.5176	0.26651	0.14566
V915	0.07362	0.1374	0.03472	0.75425
V916	0.15373	0.16679	0.51416	0.16532
V917	0.47106	0.12304	0.20506	0.20084
V918	0	0.61351	0.19466	0.19183
V919	0.07776	0.32192	0.25379	0.34653
V920	0.37963	0.26421	0.15635	0.19982
V921	0	0.25355	0.0304	0.71604
V922	0.02221	0.49371	0.32345	0.16064
V923	0	0.1569	0.04815	0.79495
V924	0	0.64625	0.22448	0.12927
V925	0.0411	0.16897	0.03693	0.75301
V926	0.06237	0.15986	0.04986	0.7279
V927	0	0.16566	0.03908	0.79526
V928	0	0.80451	0.04747	0.14802
V929	0	0.61317	0.13114	0.25569
V930	0.28442	0.4089	0.10982	0.19686
V931	0.05934	0.34869	0.40559	0.18637
V932	0	0.22324	0.45316	0.3236
V933	0.37156	0.4205	0.10903	0.09892
V934	0	0.25152	0.19056	0.55792
V935	0.34814	0.24369	0.23081	0.17736
V936	0.29101	0.33469	0.09232	0.28198
V937	0.30673	0.22037	0.1423	0.3306
V938	0.20747	0.16175	0.27701	0.35376
V939	0.49065	0.11105	0.14177	0.25653
V940	0	0.73262	0.13899	0.12839
V941	0	0.13764	0.73314	0.12923
V942	0.48647	0.24893	0.15475	0.10985
V943	0.23803	0.2262	0.36717	0.1686
V944	0	0.32821	0.05557	0.61622
V945	0.32199	0.39581	0.09501	0.18719
V946	0.26476	0.32829	0.26273	0.14422
V947	0	0.18815	0.18015	0.63171
V948	0.21884	0.13974	0.50877	0.13266
V949	0	0.21996	0.13378	0.64625
V950	0	0.5349	0.18484	0.28026
V951	0.58049	0.10168	0.21421	0.10362
V952	0	0.24449	0.20662	0.54889
V953	0.00535	0.17115	0.66713	0.15637
V954	0	0.27346	0.11344	0.6131
V955	0.00127	0.59542	0.06939	0.33392
V956	0	0.15315	0.37342	0.47343
V957	0.14482	0.14177	0.04193	0.67148
V958	0	0.14134	0.0077	0.85096
V959	0.1223	0.33862	0.35367	0.18541
V960	0.08212	0.34558	0.1122	0.4601
V961	0.04014	0.437	0.29251	0.23035
V962	0.21386	0.2595	0.33892	0.18773
V963	0.36529	0.24586	0.20327	0.18559
V964	0.57713	0.113	0.17568	0.1342
V965	0	0.50928	0.16618	0.32454
V966	0.6852	0.08903	0.12276	0.10301
V967	0.00105	0.17007	0.39329	0.4356
V968	0	0.24747	0.57334	0.17919
V969	0	0.33863	0.03502	0.62635
V970	0	0.23495	0.30588	0.45916
V971	0.30888	0.18736	0.31142	0.19234
V972	0.28012	0.27477	0.11383	0.33128
V973	0.11035	0.45292	0.1201	0.31662
V974	0	0.71019	0.11973	0.17008
V975	0.04307	0.35758	0.48033	0.11901
V976	0.2281	0.32241	0.15775	0.29173
V977	0.17846	0.40984	0.3034	0.10829
V978	0	0.20937	0.06599	0.72464
V979	0.563	0.10375	0.22909	0.10416
V980	0.70959	0.07339	0.11967	0.09735
V981	0.19973	0.14928	0.35546	0.29554
V982	0.23182	0.43613	0.13989	0.19216
V983	0.43915	0.14912	0.08237	0.32936
V984	0	0.76511	0.11032	0.12458
V985	0	0.28573	0.01439	0.69988
V986	0.14592	0.53642	0.10963	0.20803
V987	0.08324	0.72869	0.07094	0.11713
V988	0.06844	0.14989	0.04048	0.74119
V989	0.24217	0.49374	0.14871	0.11538
V990	0	0.16594	0.58035	0.25371
V991	0.41183	0.39055	0.09862	0.099
V992	0.11061	0.131	0.40716	0.35123
V993	0	0.69012	0.16417	0.14571
V994	0.04973	0.75105	0.09335	0.10587
V995	0.46741	0.1871	0.11797	0.22752
V996	0.10467	0.23277	0.04773	0.61483
V997	0	0.14295	0.61674	0.24031
V998	0.6004	0.09687	0.15447	0.14825
V999	0	0.83561	0.06647	0.09792
V1000	0.12995	0.14782	0.0417	0.68054
