CD19B	CD56NK	CD4MemoryT	CD14
V1	0.42945	0.0714	0.19375	0.3054
V2	0.16797	0.14413	0.10938	0.57851
V3	0.09331	0.51742	0.07159	0.31767
V4	0.6691	0.13909	0.06395	0.12787
V5	0.13187	0.4156	0.23379	0.21875
V6	0.10176	0.70094	0.07534	0.12197
V7	0.15836	0.33627	0.12367	0.38171
V8	0.15649	0.0833	0.62382	0.13639
V9	0.21828	0.24886	0.09571	0.43715
V10	0.07683	0.09089	0.68147	0.15081
V11	0.19921	0.33027	0.361	0.10951
V12	0.0724	0.49438	0.31748	0.11574
V13	0.23312	0.58076	0.06412	0.122
V14	0.09586	0.73095	0.0655	0.10769
V15	0.13674	0.49783	0.14806	0.21737
V16	0.69893	0.0776	0.08597	0.1375
V17	0.10958	0.69887	0.06998	0.12157
V18	0.43946	0.32454	0.09772	0.13828
V19	0.16121	0.65973	0.06553	0.11354
V20	0.16938	0.40605	0.07795	0.34663
V21	0.15586	0.11201	0.5968	0.13533
V22	0.08436	0.15201	0.20931	0.55432
V23	0.32089	0.09232	0.47207	0.11472
V24	0.73588	0.06099	0.09351	0.10962
V25	0.28119	0.24969	0.15716	0.31196
V26	0.31196	0.35625	0.07808	0.25371
V27	0.13863	0.11657	0.09019	0.65461
V28	0.06769	0.09918	0.72501	0.10812
V29	0.35883	0.08008	0.42376	0.13733
V30	0.13125	0.2383	0.25229	0.37816
V31	0.19708	0.22036	0.26541	0.31715
V32	0.1259	0.09846	0.09809	0.67755
V33	0.08741	0.4302	0.30389	0.1785
V34	0.15582	0.09743	0.61065	0.13611
V35	0.16314	0.58642	0.12174	0.1287
V36	0.07328	0.11025	0.39078	0.42569
V37	0.41952	0.121	0.13988	0.3196
V38	0.34667	0.06913	0.19555	0.38865
V39	0.16611	0.47499	0.15446	0.20444
V40	0.1178	0.66401	0.11709	0.10109
V41	0.05928	0.5553	0.09533	0.29009
V42	0.21657	0.10009	0.21583	0.46752
V43	0.14899	0.31689	0.40245	0.13167
V44	0.07633	0.1341	0.56044	0.22913
V45	0.12174	0.49288	0.21446	0.17092
V46	0.61623	0.10656	0.16387	0.11334
V47	0.35504	0.20893	0.2881	0.14793
V48	0.61895	0.18609	0.06891	0.12605
V49	0.55876	0.20304	0.06258	0.17562
V50	0.0959	0.6725	0.12314	0.10846
V51	0.2625	0.36258	0.24361	0.13131
V52	0.08328	0.15391	0.62718	0.13563
V53	0.56473	0.1482	0.18098	0.10608
V54	0.33925	0.2104	0.32381	0.12654
V55	0.20685	0.17435	0.23209	0.38671
V56	0.10572	0.0956	0.13193	0.66675
V57	0.11685	0.69342	0.07516	0.11457
V58	0.49372	0.06442	0.10249	0.33937
V59	0.3399	0.37127	0.14273	0.1461
V60	0.15596	0.19295	0.28686	0.36423
V61	0.61237	0.13569	0.07469	0.17724
V62	0.67844	0.07214	0.12728	0.12214
V63	0.06137	0.66857	0.14785	0.1222
V64	0.05536	0.68347	0.05968	0.20149
V65	0.08668	0.09022	0.14033	0.68278
V66	0.19758	0.56923	0.07581	0.15738
V67	0.16462	0.30795	0.41095	0.11648
V68	0.17336	0.18333	0.0905	0.55282
V69	0.07919	0.29889	0.47602	0.1459
V70	0.41751	0.18047	0.19975	0.20227
V71	0.17933	0.13298	0.32195	0.36573
V72	0.44014	0.18501	0.13867	0.23619
V73	0.15872	0.50999	0.16067	0.17061
V74	0.10243	0.23345	0.55882	0.1053
V75	0.54605	0.05415	0.21461	0.1852
V76	0.06794	0.21056	0.19403	0.52748
V77	0.09252	0.28883	0.07512	0.54354
V78	0.26336	0.1621	0.20086	0.37368
V79	0.06636	0.14794	0.60906	0.17664
V80	0.30015	0.07896	0.44307	0.17782
V81	0.10423	0.18974	0.59372	0.11231
V82	0.06577	0.11877	0.70014	0.11532
V83	0.15755	0.20913	0.12401	0.50931
V84	0.32284	0.10564	0.18913	0.38239
V85	0.13497	0.30568	0.33291	0.22644
V86	0.09967	0.10961	0.64803	0.14269
V87	0.07373	0.66508	0.10372	0.15747
V88	0.18128	0.12489	0.25343	0.4404
V89	0.08847	0.09675	0.21071	0.60407
V90	0.06764	0.71241	0.10412	0.11583
V91	0.07593	0.60224	0.19205	0.12978
V92	0.36889	0.08213	0.33858	0.2104
V93	0.68486	0.05563	0.06737	0.19214
V94	0.07296	0.40176	0.0803	0.44498
V95	0.22549	0.38634	0.17473	0.21344
V96	0.12172	0.1526	0.09454	0.63114
V97	0.53001	0.13706	0.22061	0.11232
V98	0.53435	0.28632	0.06237	0.11696
V99	0.61754	0.08426	0.18353	0.11467
V100	0.12092	0.09468	0.65496	0.12945
V101	0.08985	0.10137	0.08257	0.7262
V102	0.72017	0.08377	0.07274	0.12332
V103	0.0849	0.11491	0.13904	0.66115
V104	0.06871	0.75797	0.06545	0.10787
V105	0.0869	0.73359	0.07095	0.10856
V106	0.13815	0.44092	0.28395	0.13698
V107	0.18865	0.21913	0.44518	0.14704
V108	0.15498	0.61363	0.13002	0.10137
V109	0.07515	0.19883	0.45806	0.26795
V110	0.08805	0.69996	0.08989	0.1221
V111	0.71471	0.04012	0.12846	0.1167
V112	0.15793	0.12806	0.35558	0.35843
V113	0.19321	0.15846	0.1949	0.45344
V114	0.23144	0.11179	0.13127	0.52551
V115	0.05529	0.61469	0.22105	0.10897
V116	0.15779	0.30391	0.31252	0.22579
V117	0.51577	0.25248	0.09119	0.14057
V118	0.16676	0.48874	0.08701	0.25749
V119	0.14958	0.13801	0.1103	0.60211
V120	0.11908	0.12267	0.63686	0.12139
V121	0.45518	0.1632	0.13842	0.24321
V122	0.75281	0.04375	0.07922	0.12421
V123	0.06347	0.44747	0.09772	0.39133
V124	0.50576	0.28062	0.06076	0.15285
V125	0.31215	0.37354	0.19075	0.12356
V126	0.09815	0.1902	0.10888	0.60277
V127	0.18116	0.11655	0.24808	0.45421
V128	0.09646	0.09468	0.15294	0.65592
V129	0.44323	0.23779	0.18554	0.13343
V130	0.05722	0.54431	0.2898	0.10867
V131	0.06565	0.71111	0.0593	0.16394
V132	0.7296	0.04537	0.0936	0.13143
V133	0.70682	0.05415	0.11586	0.12318
V134	0.13559	0.36017	0.15662	0.34762
V135	0.12843	0.09998	0.19727	0.57432
V136	0.22031	0.36599	0.07301	0.3407
V137	0.50189	0.08688	0.24776	0.16347
V138	0.19869	0.36765	0.18738	0.24628
V139	0.28934	0.22842	0.20488	0.27736
V140	0.09551	0.14927	0.11194	0.64328
V141	0.10884	0.19736	0.42482	0.26898
V142	0.6196	0.04896	0.22371	0.10772
V143	0.33791	0.26627	0.1193	0.27651
V144	0.17877	0.19605	0.18678	0.4384
V145	0.04927	0.62237	0.22046	0.10789
V146	0.11271	0.09293	0.10009	0.69427
V147	0.70699	0.06173	0.086	0.14528
V148	0.15544	0.13462	0.45406	0.25588
V149	0.23207	0.44392	0.21532	0.10869
V150	0.12207	0.25269	0.45766	0.16758
V151	0.19269	0.52374	0.08584	0.19773
V152	0.21152	0.39603	0.2128	0.17965
V153	0.12499	0.60876	0.07526	0.19098
V154	0.21818	0.4018	0.24951	0.13051
V155	0.37227	0.17684	0.26801	0.18288
V156	0.08954	0.18367	0.52595	0.20084
V157	0.26216	0.19439	0.28073	0.26272
V158	0.09007	0.08962	0.09326	0.72705
V159	0.68479	0.09859	0.06541	0.15121
V160	0.53037	0.0626	0.12196	0.28507
V161	0.21231	0.08557	0.0986	0.60352
V162	0.10952	0.29992	0.12748	0.46308
V163	0.12433	0.42959	0.18093	0.26514
V164	0.2797	0.30197	0.14302	0.27531
V165	0.07647	0.27528	0.06922	0.57904
V166	0.08214	0.15701	0.1234	0.63745
V167	0.30057	0.0692	0.07925	0.55097
V168	0.24377	0.48387	0.1221	0.15026
V169	0.19585	0.12019	0.1047	0.57926
V170	0.14345	0.09726	0.42036	0.33893
V171	0.15102	0.25034	0.45858	0.14006
V172	0.56046	0.05318	0.27122	0.11513
V173	0.09291	0.18974	0.10451	0.61284
V174	0.08397	0.20665	0.1263	0.58308
V175	0.11328	0.0866	0.59685	0.20327
V176	0.05388	0.65708	0.18054	0.1085
V177	0.05194	0.77175	0.06087	0.11544
V178	0.05595	0.62312	0.06605	0.25488
V179	0.18167	0.0875	0.32997	0.40087
V180	0.06846	0.71214	0.11729	0.10211
V181	0.17562	0.17608	0.42666	0.22164
V182	0.26069	0.20756	0.37806	0.15369
V183	0.17542	0.65204	0.06505	0.10748
V184	0.77721	0.03684	0.07496	0.11099
V185	0.44434	0.37404	0.07222	0.1094
V186	0.13927	0.42084	0.24125	0.19864
V187	0.74497	0.0446	0.0932	0.11722
V188	0.1101	0.25163	0.06946	0.56881
V189	0.62324	0.07008	0.08107	0.22561
V190	0.51667	0.0644	0.30426	0.11467
V191	0.18823	0.22584	0.44604	0.13989
V192	0.25485	0.41426	0.09859	0.23231
V193	0.46621	0.08968	0.24067	0.20344
V194	0.07461	0.73759	0.06572	0.12209
V195	0.07225	0.09803	0.71432	0.1154
V196	0.08669	0.13463	0.08638	0.69229
V197	0.33721	0.10861	0.09425	0.45993
V198	0.10111	0.43625	0.31096	0.15168
V199	0.18258	0.10219	0.19664	0.51859
V200	0.14415	0.48123	0.0761	0.29852
V201	0.12292	0.47358	0.19139	0.21212
V202	0.07823	0.0967	0.58842	0.23665
V203	0.16973	0.38233	0.32463	0.1233
V204	0.06285	0.46471	0.06929	0.40315
V205	0.07826	0.1177	0.68105	0.12299
V206	0.09914	0.14622	0.64156	0.11308
V207	0.15719	0.22307	0.11111	0.50863
V208	0.23429	0.12124	0.52388	0.12059
V209	0.25362	0.41219	0.115	0.21919
V210	0.1097	0.61774	0.1292	0.14336
V211	0.34558	0.08145	0.09915	0.47383
V212	0.40592	0.09461	0.37173	0.12773
V213	0.48671	0.08595	0.15534	0.27201
V214	0.27613	0.19818	0.18624	0.33946
V215	0.25688	0.15199	0.08628	0.50485
V216	0.10238	0.08819	0.09271	0.71671
V217	0.0884	0.43267	0.21992	0.259
V218	0.12492	0.39969	0.18146	0.29394
V219	0.12818	0.53136	0.07089	0.26957
V220	0.05597	0.66432	0.06489	0.21482
V221	0.62262	0.05338	0.07209	0.25191
V222	0.26987	0.17803	0.31601	0.23609
V223	0.06591	0.18492	0.58004	0.16913
V224	0.76686	0.03704	0.08563	0.11047
V225	0.08816	0.69873	0.105	0.10811
V226	0.26991	0.13367	0.47634	0.12008
V227	0.61185	0.05025	0.21561	0.12229
V228	0.5857	0.10759	0.12251	0.1842
V229	0.07887	0.09751	0.69379	0.12982
V230	0.08913	0.10205	0.09323	0.71559
V231	0.07859	0.28663	0.14787	0.48692
V232	0.08545	0.54466	0.05944	0.31045
V233	0.43454	0.13608	0.21281	0.21657
V234	0.07415	0.72622	0.08365	0.11598
V235	0.31252	0.11457	0.4363	0.13661
V236	0.09766	0.13135	0.60105	0.16995
V237	0.17824	0.08663	0.10272	0.63241
V238	0.14589	0.47024	0.24008	0.14379
V239	0.10764	0.37169	0.08039	0.44028
V240	0.3903	0.09408	0.36617	0.14945
V241	0.07738	0.09081	0.66835	0.16346
V242	0.14152	0.61502	0.12988	0.11358
V243	0.2273	0.10628	0.49664	0.16978
V244	0.20734	0.07889	0.53668	0.17709
V245	0.45556	0.28643	0.10527	0.15274
V246	0.10252	0.18971	0.58056	0.12721
V247	0.17976	0.08925	0.62457	0.10642
V248	0.09323	0.10816	0.10973	0.68888
V249	0.06349	0.11213	0.66075	0.16364
V250	0.59712	0.05124	0.23577	0.11587
V251	0.73567	0.0752	0.07323	0.1159
V252	0.05373	0.67663	0.16809	0.10155
V253	0.30032	0.13054	0.18758	0.38156
V254	0.05205	0.73998	0.0998	0.10817
V255	0.08046	0.72472	0.05877	0.13604
V256	0.18092	0.23362	0.4113	0.17416
V257	0.33589	0.15165	0.23357	0.27889
V258	0.17999	0.2726	0.34753	0.19988
V259	0.08581	0.29047	0.48354	0.14019
V260	0.06031	0.28611	0.54274	0.11085
V261	0.47319	0.08822	0.21437	0.22422
V262	0.13828	0.12321	0.09004	0.64847
V263	0.0609	0.75679	0.06055	0.12176
V264	0.17974	0.11097	0.35682	0.35246
V265	0.0977	0.08871	0.16967	0.64393
V266	0.50421	0.32539	0.0671	0.1033
V267	0.06528	0.21965	0.25818	0.45689
V268	0.31557	0.09168	0.17666	0.4161
V269	0.05651	0.47443	0.32374	0.14533
V270	0.49466	0.08106	0.24724	0.17704
V271	0.60857	0.10566	0.09443	0.19135
V272	0.0881	0.65871	0.06942	0.18377
V273	0.11228	0.09961	0.10483	0.68329
V274	0.53947	0.05473	0.20831	0.1975
V275	0.06681	0.09886	0.71903	0.1153
V276	0.3878	0.32039	0.0717	0.2201
V277	0.09131	0.23838	0.18006	0.49025
V278	0.09556	0.13068	0.26859	0.50517
V279	0.52294	0.10547	0.15419	0.2174
V280	0.09007	0.08962	0.09326	0.72705
V281	0.42035	0.08991	0.17642	0.31333
V282	0.10445	0.13132	0.60821	0.15603
V283	0.19363	0.48737	0.10784	0.21116
V284	0.06835	0.71896	0.10424	0.10845
V285	0.11517	0.08783	0.68982	0.10719
V286	0.21524	0.46455	0.14175	0.17846
V287	0.11605	0.69241	0.07011	0.12143
V288	0.07133	0.28752	0.34657	0.29458
V289	0.24569	0.23796	0.3483	0.16805
V290	0.64039	0.17666	0.07619	0.10676
V291	0.38989	0.11835	0.37173	0.12002
V292	0.72762	0.04463	0.06886	0.15889
V293	0.26442	0.08156	0.51133	0.14269
V294	0.12227	0.34533	0.06627	0.46613
V295	0.07964	0.2175	0.2	0.50286
V296	0.18315	0.16807	0.47378	0.175
V297	0.12577	0.08701	0.12527	0.66195
V298	0.2622	0.14859	0.46937	0.11985
V299	0.11331	0.28165	0.07985	0.52519
V300	0.07392	0.10993	0.23102	0.58513
V301	0.14757	0.16403	0.49409	0.19431
V302	0.50408	0.31662	0.06269	0.11661
V303	0.05205	0.50137	0.31616	0.13042
V304	0.10596	0.10171	0.56216	0.23017
V305	0.14708	0.20194	0.3685	0.28248
V306	0.61289	0.12842	0.10899	0.14971
V307	0.06088	0.75086	0.07263	0.11563
V308	0.21056	0.24855	0.2655	0.27539
V309	0.2715	0.30682	0.08496	0.33672
V310	0.11427	0.31138	0.17053	0.40381
V311	0.40515	0.42047	0.06486	0.10951
V312	0.11734	0.59909	0.16126	0.12231
V313	0.07914	0.16263	0.09067	0.66757
V314	0.069	0.42155	0.14263	0.36681
V315	0.13607	0.52004	0.08646	0.25743
V316	0.26218	0.17858	0.32974	0.2295
V317	0.11163	0.57106	0.09326	0.22405
V318	0.08193	0.47396	0.07236	0.37175
V319	0.10486	0.12345	0.63568	0.136
V320	0.11809	0.18805	0.49319	0.20067
V321	0.49665	0.33314	0.06688	0.10333
V322	0.18732	0.31166	0.11837	0.38265
V323	0.1112	0.10059	0.1384	0.6498
V324	0.50231	0.25451	0.1186	0.12458
V325	0.25694	0.53158	0.10306	0.10842
V326	0.05475	0.47825	0.12941	0.33759
V327	0.08375	0.19105	0.14711	0.57809
V328	0.09883	0.10176	0.56261	0.2368
V329	0.18	0.16639	0.18748	0.46613
V330	0.31688	0.07824	0.30493	0.29995
V331	0.28483	0.14208	0.10593	0.46716
V332	0.08019	0.12418	0.19806	0.59757
V333	0.33525	0.1287	0.3387	0.19735
V334	0.29435	0.08057	0.31728	0.3078
V335	0.07772	0.32262	0.40079	0.19886
V336	0.17037	0.57022	0.07616	0.18325
V337	0.24126	0.364	0.26366	0.13108
V338	0.04584	0.77904	0.06713	0.108
V339	0.15104	0.08482	0.6495	0.11463
V340	0.10099	0.24859	0.40983	0.24059
V341	0.09217	0.10894	0.12041	0.67848
V342	0.22894	0.07724	0.48383	0.21
V343	0.75887	0.05059	0.07417	0.11637
V344	0.52072	0.1735	0.20019	0.10559
V345	0.0726	0.09787	0.72129	0.10824
V346	0.21354	0.16716	0.25944	0.35986
V347	0.10346	0.09416	0.16421	0.63817
V348	0.0904	0.53772	0.16067	0.21122
V349	0.28238	0.20029	0.32896	0.18836
V350	0.06817	0.64896	0.18028	0.10259
V351	0.08177	0.1104	0.3353	0.47253
V352	0.09902	0.09593	0.63416	0.17089
V353	0.67119	0.06529	0.09778	0.16574
V354	0.08523	0.56432	0.21415	0.1363
V355	0.24258	0.13528	0.37969	0.24246
V356	0.09676	0.1016	0.14455	0.65709
V357	0.13644	0.32046	0.24898	0.29413
V358	0.40955	0.14953	0.10887	0.33205
V359	0.43388	0.11116	0.09574	0.35922
V360	0.42198	0.38366	0.07856	0.11581
V361	0.05451	0.40158	0.43472	0.10919
V362	0.04602	0.77352	0.07256	0.10789
V363	0.17709	0.16935	0.37774	0.27582
V364	0.17053	0.12567	0.5215	0.1823
V365	0.23882	0.09672	0.08488	0.57957
V366	0.10418	0.55566	0.12244	0.21772
V367	0.43111	0.17514	0.06988	0.32387
V368	0.11013	0.58959	0.12288	0.17741
V369	0.06908	0.36411	0.45675	0.11006
V370	0.25083	0.27519	0.34108	0.1329
V371	0.17713	0.58598	0.08058	0.15631
V372	0.17555	0.1247	0.15684	0.54291
V373	0.11823	0.18917	0.37579	0.31681
V374	0.60488	0.0581	0.22925	0.10778
V375	0.10142	0.11458	0.17458	0.60942
V376	0.09605	0.10867	0.14436	0.65093
V377	0.60164	0.04783	0.07831	0.27222
V378	0.07564	0.11028	0.34212	0.47196
V379	0.27414	0.22287	0.0775	0.42549
V380	0.16718	0.13987	0.20735	0.4856
V381	0.55141	0.06743	0.14305	0.23811
V382	0.12035	0.10115	0.66397	0.11453
V383	0.63067	0.05282	0.11118	0.20533
V384	0.41909	0.12885	0.16737	0.28469
V385	0.65043	0.05793	0.13425	0.1574
V386	0.25948	0.08905	0.17728	0.47419
V387	0.43949	0.17891	0.2059	0.17569
V388	0.29221	0.316	0.17067	0.22112
V389	0.32152	0.44904	0.07004	0.1594
V390	0.25292	0.25943	0.37852	0.10912
V391	0.32673	0.15377	0.08566	0.43383
V392	0.32459	0.23921	0.18653	0.24967
V393	0.2388	0.24637	0.29979	0.21504
V394	0.12751	0.24916	0.14679	0.47654
V395	0.19898	0.36034	0.20102	0.23966
V396	0.05316	0.75927	0.0655	0.12206
V397	0.58543	0.12384	0.14801	0.14272
V398	0.34147	0.17736	0.1404	0.34076
V399	0.18027	0.46715	0.16769	0.18488
V400	0.05487	0.49195	0.10885	0.34433
V401	0.08735	0.19805	0.54642	0.16818
V402	0.61256	0.1879	0.09381	0.10572
V403	0.09219	0.10301	0.1261	0.6787
V404	0.12309	0.22309	0.47239	0.18143
V405	0.209	0.107	0.19011	0.4939
V406	0.47897	0.25355	0.07982	0.18766
V407	0.04584	0.77904	0.06713	0.108
V408	0.12296	0.26158	0.32742	0.28803
V409	0.08393	0.09658	0.09342	0.72607
V410	0.1104	0.68649	0.08158	0.12153
V411	0.35148	0.07087	0.07254	0.50511
V412	0.17093	0.1403	0.39911	0.28966
V413	0.09498	0.42463	0.18659	0.29381
V414	0.08065	0.43723	0.28394	0.19819
V415	0.34503	0.09672	0.23627	0.32198
V416	0.0719	0.13401	0.68665	0.10744
V417	0.30541	0.52175	0.06395	0.10889
V418	0.11877	0.16199	0.17179	0.54745
V419	0.08969	0.08862	0.10075	0.72095
V420	0.04738	0.7055	0.07112	0.176
V421	0.17149	0.11054	0.52283	0.19514
V422	0.10544	0.12684	0.08563	0.68208
V423	0.12092	0.09468	0.65496	0.12945
V424	0.06509	0.12523	0.4803	0.32938
V425	0.09937	0.25464	0.45821	0.18777
V426	0.12758	0.11402	0.59538	0.16302
V427	0.10375	0.36662	0.19326	0.33637
V428	0.10952	0.6156	0.10409	0.1708
V429	0.08922	0.08938	0.10536	0.71604
V430	0.56029	0.18897	0.08149	0.16925
V431	0.18646	0.10072	0.37338	0.33943
V432	0.14193	0.15218	0.10993	0.59596
V433	0.09048	0.59415	0.05959	0.25578
V434	0.27839	0.13657	0.11121	0.47383
V435	0.39054	0.07897	0.16305	0.36744
V436	0.30888	0.08439	0.15789	0.44884
V437	0.21177	0.24682	0.0722	0.46921
V438	0.45473	0.19111	0.09223	0.26193
V439	0.09686	0.15375	0.08521	0.66418
V440	0.37359	0.10016	0.09864	0.42761
V441	0.10974	0.1825	0.45941	0.24835
V442	0.25734	0.32657	0.16204	0.25405
V443	0.55884	0.05828	0.14428	0.2386
V444	0.0726	0.09787	0.72129	0.10824
V445	0.47287	0.07429	0.31735	0.13548
V446	0.0736	0.65843	0.10404	0.16393
V447	0.47056	0.14074	0.19846	0.19025
V448	0.08588	0.13846	0.20248	0.57318
V449	0.4276	0.09722	0.28416	0.19102
V450	0.14661	0.6814	0.07055	0.10145
V451	0.72051	0.0842	0.06471	0.13058
V452	0.09859	0.0968	0.12528	0.67933
V453	0.60719	0.11457	0.12204	0.15621
V454	0.04569	0.73895	0.0999	0.11547
V455	0.45782	0.08905	0.29009	0.16305
V456	0.26972	0.17071	0.32999	0.22958
V457	0.08392	0.10209	0.08818	0.72581
V458	0.23156	0.24645	0.07143	0.45056
V459	0.06132	0.63214	0.12981	0.17674
V460	0.7371	0.04516	0.0933	0.12445
V461	0.11263	0.10609	0.08678	0.6945
V462	0.27931	0.25833	0.06463	0.39773
V463	0.21757	0.41613	0.17407	0.19223
V464	0.38725	0.1497	0.07111	0.39193
V465	0.31088	0.3864	0.08266	0.22006
V466	0.43693	0.21215	0.06858	0.28234
V467	0.25789	0.48277	0.12247	0.13687
V468	0.37803	0.36595	0.1035	0.15252
V469	0.07829	0.21951	0.25823	0.44397
V470	0.40989	0.16695	0.19985	0.2233
V471	0.23544	0.16094	0.09857	0.50504
V472	0.26333	0.31832	0.06247	0.35589
V473	0.12273	0.46277	0.29118	0.12332
V474	0.15049	0.08421	0.14876	0.61653
V475	0.1773	0.36499	0.12258	0.33513
V476	0.17744	0.09566	0.11685	0.61004
V477	0.4513	0.09551	0.22256	0.23063
V478	0.14361	0.49337	0.06492	0.2981
V479	0.07512	0.14763	0.60148	0.17578
V480	0.11782	0.30684	0.09974	0.4756
V481	0.16455	0.09058	0.62329	0.12159
V482	0.51907	0.18759	0.15218	0.14116
V483	0.15368	0.16619	0.1257	0.55443
V484	0.09151	0.13503	0.0975	0.67596
V485	0.13355	0.5941	0.06916	0.20319
V486	0.23153	0.27473	0.15607	0.33767
V487	0.12335	0.11933	0.13598	0.62134
V488	0.06278	0.09136	0.65625	0.1896
V489	0.20497	0.15243	0.52292	0.11968
V490	0.27149	0.30751	0.11751	0.30349
V491	0.34022	0.41306	0.08749	0.15922
V492	0.06797	0.66735	0.15538	0.10929
V493	0.09066	0.08864	0.08416	0.73654
V494	0.18966	0.19812	0.41179	0.20043
V495	0.20035	0.51568	0.16121	0.12276
V496	0.23355	0.56568	0.05809	0.14268
V497	0.07243	0.09148	0.7208	0.11528
V498	0.26354	0.15899	0.11065	0.46682
V499	0.46484	0.26634	0.15797	0.11086
V500	0.13137	0.17379	0.55311	0.14172
V501	0.08362	0.08952	0.10558	0.72129
V502	0.41215	0.2775	0.17777	0.13258
V503	0.1935	0.15943	0.20671	0.44037
V504	0.20448	0.56823	0.06974	0.15755
V505	0.18959	0.24342	0.2362	0.33078
V506	0.12198	0.26966	0.36138	0.24699
V507	0.45603	0.14844	0.15932	0.23621
V508	0.56173	0.19043	0.09953	0.14831
V509	0.21346	0.12976	0.40729	0.2495
V510	0.20328	0.4465	0.2414	0.10883
V511	0.09229	0.3819	0.0984	0.42741
V512	0.22304	0.11944	0.13165	0.52588
V513	0.10586	0.52949	0.2063	0.15836
V514	0.0878	0.12701	0.08233	0.70286
V515	0.57161	0.10846	0.10967	0.21026
V516	0.70645	0.11517	0.06378	0.1146
V517	0.09824	0.1086	0.24291	0.55024
V518	0.75072	0.06548	0.06764	0.11615
V519	0.06809	0.68433	0.06477	0.18281
V520	0.08694	0.08686	0.48143	0.34478
V521	0.43381	0.09699	0.33249	0.13671
V522	0.06752	0.18568	0.44388	0.30291
V523	0.28484	0.17749	0.24629	0.29138
V524	0.05352	0.62298	0.19361	0.12989
V525	0.2251	0.23452	0.08843	0.45194
V526	0.47792	0.13123	0.12733	0.26352
V527	0.20165	0.10107	0.33686	0.36042
V528	0.11623	0.68259	0.05831	0.14287
V529	0.11205	0.13694	0.22106	0.52995
V530	0.06396	0.23488	0.51365	0.18751
V531	0.0606	0.69665	0.14146	0.10129
V532	0.17373	0.31776	0.08661	0.4219
V533	0.23641	0.3345	0.16178	0.26731
V534	0.07118	0.09673	0.54248	0.28961
V535	0.42639	0.06058	0.07932	0.43371
V536	0.19574	0.08089	0.32206	0.40132
V537	0.44401	0.2603	0.17931	0.11638
V538	0.35289	0.11775	0.13512	0.39424
V539	0.22549	0.38634	0.17473	0.21344
V540	0.18451	0.56323	0.11613	0.13614
V541	0.06951	0.44089	0.11044	0.37916
V542	0.19228	0.18273	0.23844	0.38655
V543	0.6732	0.0493	0.07788	0.19962
V544	0.13951	0.15516	0.18828	0.51705
V545	0.29088	0.18721	0.12141	0.4005
V546	0.08126	0.69927	0.11082	0.10865
V547	0.07874	0.5281	0.27755	0.11561
V548	0.15484	0.6137	0.12355	0.10791
V549	0.27852	0.09545	0.50517	0.12086
V550	0.4472	0.08652	0.06727	0.39902
V551	0.1707	0.59377	0.08563	0.1499
V552	0.05743	0.45756	0.06933	0.41568
V553	0.21017	0.18878	0.47484	0.12621
V554	0.10941	0.14692	0.09613	0.64754
V555	0.12286	0.25424	0.28564	0.33726
V556	0.06471	0.10483	0.69364	0.13682
V557	0.61591	0.07671	0.07556	0.23182
V558	0.09615	0.62555	0.08103	0.19727
V559	0.05371	0.65042	0.19363	0.10224
V560	0.52636	0.30054	0.0625	0.11059
V561	0.06681	0.09886	0.71903	0.1153
V562	0.58751	0.05601	0.16466	0.19182
V563	0.22914	0.0785	0.57844	0.11392
V564	0.10504	0.13883	0.63419	0.12194
V565	0.14459	0.2746	0.31311	0.2677
V566	0.51923	0.14029	0.07008	0.27039
V567	0.19783	0.39884	0.08304	0.32029
V568	0.22513	0.08529	0.1148	0.57478
V569	0.51316	0.08136	0.06633	0.33916
V570	0.07823	0.29105	0.47022	0.1605
V571	0.61795	0.15534	0.06347	0.16324
V572	0.35154	0.07475	0.38179	0.19191
V573	0.11184	0.20942	0.07854	0.6002
V574	0.07651	0.62872	0.17937	0.1154
V575	0.08597	0.15062	0.16024	0.60318
V576	0.15555	0.64454	0.08646	0.11345
V577	0.09848	0.12327	0.21629	0.56196
V578	0.10413	0.13761	0.51567	0.24259
V579	0.05424	0.69347	0.13002	0.12227
V580	0.17099	0.08891	0.15512	0.58497
V581	0.11649	0.13816	0.07995	0.6654
V582	0.43222	0.18437	0.09319	0.29022
V583	0.07151	0.12536	0.45932	0.34381
V584	0.39312	0.19001	0.27561	0.14125
V585	0.07546	0.09567	0.37018	0.45869
V586	0.22043	0.08464	0.51097	0.18396
V587	0.24306	0.08442	0.53659	0.13593
V588	0.47071	0.09962	0.09061	0.33906
V589	0.08747	0.64343	0.11117	0.15793
V590	0.08372	0.61432	0.193	0.10896
V591	0.07499	0.11796	0.20991	0.59715
V592	0.17268	0.10395	0.61725	0.10612
V593	0.44532	0.06286	0.20667	0.28516
V594	0.27152	0.28917	0.29194	0.14737
V595	0.09481	0.10167	0.09299	0.71053
V596	0.08778	0.29185	0.21644	0.40393
V597	0.04997	0.48803	0.29071	0.17129
V598	0.07618	0.16955	0.63259	0.12168
V599	0.47028	0.30847	0.08941	0.13184
V600	0.2818	0.41695	0.10225	0.19901
V601	0.16742	0.28283	0.12661	0.42314
V602	0.09513	0.10098	0.08813	0.71576
V603	0.07029	0.34864	0.07777	0.50331
V604	0.39421	0.16144	0.30899	0.13535
V605	0.10596	0.32208	0.32579	0.24617
V606	0.53948	0.18207	0.07638	0.20208
V607	0.48761	0.07393	0.15384	0.28461
V608	0.20455	0.20498	0.32112	0.26936
V609	0.08339	0.26229	0.22384	0.43049
V610	0.5729	0.07331	0.14369	0.2101
V611	0.25297	0.08202	0.11405	0.55097
V612	0.0835	0.15402	0.60059	0.1619
V613	0.0846	0.31978	0.45586	0.13975
V614	0.56433	0.10855	0.10959	0.21752
V615	0.15806	0.12124	0.08348	0.63722
V616	0.1047	0.57139	0.0935	0.23041
V617	0.37275	0.1937	0.32977	0.10378
V618	0.54887	0.0594	0.06649	0.32524
V619	0.30817	0.0993	0.29227	0.30026
V620	0.05722	0.54431	0.2898	0.10867
V621	0.32746	0.19577	0.19211	0.28466
V622	0.28755	0.24303	0.33525	0.13417
V623	0.08581	0.14393	0.173	0.59726
V624	0.60292	0.20949	0.06225	0.12533
V625	0.22469	0.42812	0.13499	0.2122
V626	0.75044	0.05751	0.06821	0.12385
V627	0.08109	0.10388	0.12664	0.68839
V628	0.07115	0.24512	0.08612	0.59761
V629	0.14442	0.29695	0.2501	0.30853
V630	0.08481	0.32035	0.44905	0.1458
V631	0.08163	0.22825	0.14403	0.54609
V632	0.44328	0.06192	0.1752	0.31959
V633	0.06215	0.11145	0.62348	0.20292
V634	0.3158	0.27119	0.30185	0.11116
V635	0.07038	0.60907	0.06568	0.25487
V636	0.14735	0.16412	0.48727	0.20126
V637	0.25348	0.22758	0.13335	0.38559
V638	0.2938	0.2681	0.12018	0.31793
V639	0.2335	0.38468	0.27962	0.1022
V640	0.08833	0.19812	0.56511	0.14844
V641	0.67248	0.07999	0.08991	0.15762
V642	0.5739	0.19464	0.06251	0.16895
V643	0.06796	0.22911	0.36031	0.34263
V644	0.69892	0.10718	0.07103	0.12288
V645	0.22629	0.37109	0.27896	0.12366
V646	0.05246	0.77368	0.06604	0.10782
V647	0.16155	0.14876	0.53459	0.1551
V648	0.31769	0.38742	0.16282	0.13207
V649	0.08341	0.13309	0.62775	0.15575
V650	0.10327	0.15318	0.58125	0.1623
V651	0.27222	0.0747	0.53842	0.11466
V652	0.12717	0.15941	0.35531	0.35811
V653	0.13615	0.53965	0.13374	0.19045
V654	0.51701	0.21673	0.11226	0.154
V655	0.08135	0.48249	0.07736	0.3588
V656	0.19551	0.27822	0.07682	0.44944
V657	0.0928	0.13487	0.08551	0.68682
V658	0.44423	0.22872	0.11234	0.21472
V659	0.27109	0.15004	0.31497	0.2639
V660	0.06672	0.75163	0.05946	0.12218
V661	0.09814	0.38161	0.10569	0.41455
V662	0.32877	0.08395	0.39577	0.19151
V663	0.21951	0.1375	0.44747	0.19551
V664	0.1984	0.1307	0.52204	0.14885
V665	0.51009	0.20933	0.09868	0.1819
V666	0.44298	0.06167	0.14899	0.34637
V667	0.58752	0.10903	0.19612	0.10733
V668	0.13192	0.64304	0.12384	0.10119
V669	0.20475	0.37347	0.23594	0.18584
V670	0.10197	0.71663	0.05985	0.12154
V671	0.2859	0.28762	0.24512	0.18136
V672	0.07764	0.1038	0.68188	0.13668
V673	0.20696	0.345	0.22198	0.22605
V674	0.53298	0.17621	0.08206	0.20875
V675	0.15103	0.31919	0.27716	0.25262
V676	0.09107	0.17105	0.14696	0.59092
V677	0.29725	0.36652	0.13609	0.20014
V678	0.39799	0.42229	0.06994	0.10978
V679	0.0926	0.30574	0.48437	0.1173
V680	0.25229	0.46438	0.1618	0.12153
V681	0.68576	0.09961	0.07738	0.13725
V682	0.13495	0.29522	0.43032	0.13952
V683	0.05251	0.77294	0.07289	0.10166
V684	0.51927	0.18842	0.13758	0.15473
V685	0.37288	0.32523	0.15548	0.14641
V686	0.12872	0.22124	0.17274	0.47729
V687	0.09517	0.09567	0.09274	0.71641
V688	0.29331	0.44143	0.05982	0.20545
V689	0.23315	0.07572	0.11083	0.58029
V690	0.36775	0.10425	0.36556	0.16244
V691	0.17261	0.08248	0.63084	0.11407
V692	0.11697	0.18873	0.5329	0.16139
V693	0.21298	0.16797	0.31379	0.30526
V694	0.0783	0.10967	0.26951	0.54252
V695	0.22417	0.08548	0.18379	0.50656
V696	0.1229	0.14591	0.08815	0.64304
V697	0.08797	0.12038	0.08755	0.7041
V698	0.6234	0.05362	0.07727	0.2457
V699	0.41841	0.2829	0.11739	0.1813
V700	0.2185	0.09752	0.08064	0.60334
V701	0.13095	0.44971	0.14058	0.27877
V702	0.40865	0.13254	0.07953	0.37929
V703	0.15685	0.12712	0.39131	0.32472
V704	0.61499	0.09067	0.08992	0.20442
V705	0.74535	0.03813	0.07877	0.13775
V706	0.1193	0.12227	0.5816	0.17683
V707	0.0833	0.38481	0.3929	0.13899
V708	0.07396	0.68662	0.07579	0.16363
V709	0.15068	0.27323	0.40933	0.16675
V710	0.44463	0.22898	0.10517	0.22122
V711	0.11004	0.63078	0.13007	0.12911
V712	0.61472	0.09682	0.07016	0.21831
V713	0.32994	0.29741	0.09031	0.28234
V714	0.05904	0.54714	0.07688	0.31695
V715	0.24994	0.32017	0.2705	0.15939
V716	0.09869	0.11364	0.10961	0.67806
V717	0.10193	0.72299	0.05954	0.11553
V718	0.15275	0.47049	0.18541	0.19136
V719	0.09199	0.57072	0.08704	0.25026
V720	0.53206	0.05558	0.24134	0.17102
V721	0.1461	0.20869	0.37672	0.26849
V722	0.12371	0.3255	0.07669	0.47411
V723	0.1431	0.14409	0.08193	0.63088
V724	0.43535	0.08957	0.13569	0.33939
V725	0.06267	0.15517	0.64632	0.13584
V726	0.08543	0.35449	0.15173	0.40835
V727	0.22873	0.53337	0.12985	0.10806
V728	0.06831	0.6931	0.12958	0.10901
V729	0.32351	0.08425	0.18985	0.40239
V730	0.68439	0.07217	0.10637	0.13707
V731	0.08209	0.23527	0.32635	0.35629
V732	0.28527	0.14122	0.30936	0.26415
V733	0.4748	0.21259	0.09086	0.22174
V734	0.21411	0.29924	0.37707	0.10957
V735	0.0808	0.10984	0.39054	0.41883
V736	0.16624	0.0883	0.08475	0.66072
V737	0.2656	0.28963	0.22999	0.21477
V738	0.11399	0.32033	0.35933	0.20636
V739	0.06654	0.09546	0.47363	0.36436
V740	0.63474	0.11928	0.12438	0.1216
V741	0.36633	0.15522	0.15872	0.31973
V742	0.31998	0.50696	0.07014	0.10292
V743	0.15365	0.18615	0.53329	0.12691
V744	0.39865	0.09972	0.30474	0.19689
V745	0.06212	0.5608	0.18543	0.19165
V746	0.77592	0.03635	0.07019	0.11754
V747	0.10672	0.08691	0.54293	0.26344
V748	0.14762	0.16431	0.45314	0.23493
V749	0.24	0.21171	0.10917	0.43911
V750	0.31654	0.40688	0.07698	0.19961
V751	0.08049	0.68071	0.08897	0.14983
V752	0.3467	0.2465	0.16357	0.24324
V753	0.09015	0.09529	0.08273	0.73183
V754	0.05422	0.73038	0.0596	0.1558
V755	0.16092	0.23001	0.29212	0.31696
V756	0.09403	0.09624	0.10938	0.70035
V757	0.27166	0.48818	0.11021	0.12995
V758	0.08169	0.60548	0.14823	0.1646
V759	0.15155	0.13515	0.33434	0.37895
V760	0.25072	0.12751	0.26058	0.36119
V761	0.09956	0.48173	0.24717	0.17154
V762	0.06391	0.35611	0.0774	0.50258
V763	0.29886	0.33554	0.08427	0.28133
V764	0.05426	0.72478	0.06503	0.15593
V765	0.49791	0.13427	0.06404	0.30379
V766	0.07102	0.31696	0.35311	0.25891
V767	0.36589	0.17119	0.23937	0.22356
V768	0.08663	0.71426	0.07641	0.1227
V769	0.14789	0.65768	0.08093	0.1135
V770	0.05246	0.77368	0.06604	0.10782
V771	0.17863	0.08945	0.61078	0.12114
V772	0.15688	0.1125	0.61669	0.11393
V773	0.16121	0.65973	0.06553	0.11354
V774	0.07853	0.091	0.69371	0.13676
V775	0.14695	0.11962	0.26029	0.47314
V776	0.32532	0.37795	0.10331	0.19342
V777	0.17969	0.17326	0.16773	0.47931
V778	0.39785	0.27736	0.11752	0.20727
V779	0.17895	0.11752	0.39905	0.30448
V780	0.12676	0.61755	0.15403	0.10167
V781	0.10646	0.10649	0.09857	0.68848
V782	0.06663	0.17755	0.59369	0.16212
V783	0.58696	0.07216	0.10956	0.23132
V784	0.12317	0.6993	0.06979	0.10775
V785	0.07475	0.73189	0.07121	0.12214
V786	0.53307	0.18666	0.13222	0.14804
V787	0.04834	0.66998	0.17333	0.10836
V788	0.3813	0.29422	0.17802	0.14646
V789	0.10975	0.34278	0.08683	0.46063
V790	0.35282	0.09566	0.13007	0.42145
V791	0.1492	0.34889	0.28281	0.2191
V792	0.14522	0.45717	0.0654	0.33221
V793	0.13569	0.53451	0.0864	0.2434
V794	0.09699	0.14608	0.58736	0.16957
V795	0.14396	0.11742	0.11718	0.62144
V796	0.08388	0.14659	0.641	0.12852
V797	0.58319	0.053	0.24145	0.12236
V798	0.46436	0.28864	0.12373	0.12327
V799	0.14095	0.61433	0.08088	0.16383
V800	0.11364	0.10868	0.41143	0.36625
V801	0.15676	0.17799	0.28668	0.37857
V802	0.09535	0.15335	0.25277	0.49853
V803	0.20292	0.44616	0.24921	0.10171
V804	0.4057	0.07922	0.34507	0.17001
V805	0.07293	0.09219	0.72673	0.10815
V806	0.08078	0.71191	0.07134	0.13597
V807	0.22684	0.19616	0.09811	0.4789
V808	0.49269	0.26896	0.09832	0.14003
V809	0.0933	0.11053	0.68889	0.10729
V810	0.05235	0.77916	0.06075	0.10773
V811	0.32854	0.13679	0.21361	0.32106
V812	0.40555	0.26767	0.10557	0.22121
V813	0.44474	0.21732	0.20398	0.13396
V814	0.33871	0.45591	0.09639	0.10899
V815	0.04636	0.72789	0.11752	0.10822
V816	0.73049	0.0389	0.12136	0.10926
V817	0.08441	0.14001	0.65315	0.12243
V818	0.08058	0.12173	0.10461	0.69308
V819	0.62019	0.12084	0.10927	0.1497
V820	0.15532	0.15627	0.09363	0.59479
V821	0.19894	0.30788	0.32651	0.16668
V822	0.11369	0.10144	0.65588	0.12899
V823	0.08148	0.22639	0.5115	0.18063
V824	0.12018	0.34771	0.42969	0.10242
V825	0.20225	0.29449	0.23525	0.26801
V826	0.33335	0.37154	0.17855	0.11656
V827	0.29946	0.5011	0.06923	0.13021
V828	0.20502	0.20903	0.14655	0.4394
V829	0.09348	0.26212	0.09804	0.54635
V830	0.20385	0.24952	0.0894	0.45723
V831	0.57151	0.13134	0.09387	0.20328
V832	0.22679	0.36564	0.18097	0.2266
V833	0.15367	0.43561	0.18594	0.22477
V834	0.25055	0.1395	0.12976	0.48019
V835	0.28238	0.39696	0.14759	0.17307
V836	0.059	0.55214	0.06604	0.32282
V837	0.1994	0.35373	0.19325	0.25362
V838	0.71425	0.07695	0.09312	0.11568
V839	0.25088	0.50477	0.13619	0.10816
V840	0.24696	0.58699	0.06437	0.10169
V841	0.06293	0.1187	0.66182	0.15654
V842	0.28365	0.20793	0.24549	0.26294
V843	0.07586	0.10297	0.64994	0.17123
V844	0.14198	0.15755	0.32164	0.37883
V845	0.10949	0.16797	0.5604	0.16213
V846	0.06491	0.09843	0.57427	0.2624
V847	0.08483	0.08947	0.08864	0.73706
V848	0.11588	0.43782	0.18087	0.26543
V849	0.04596	0.75241	0.06572	0.13591
V850	0.75891	0.03757	0.07931	0.12422
V851	0.27394	0.45617	0.16821	0.10169
V852	0.14219	0.1254	0.16643	0.56598
V853	0.21656	0.24795	0.33481	0.20068
V854	0.43878	0.2019	0.14353	0.21579
V855	0.08483	0.08947	0.08864	0.73706
V856	0.09014	0.33728	0.29896	0.27362
V857	0.49728	0.20322	0.09094	0.20855
V858	0.4352	0.06903	0.38191	0.11385
V859	0.4865	0.24586	0.07997	0.18766
V860	0.18687	0.17045	0.11254	0.53013
V861	0.12029	0.33358	0.4296	0.11653
V862	0.15444	0.14921	0.54755	0.1488
V863	0.19799	0.12467	0.07567	0.60167
V864	0.11786	0.11286	0.11372	0.65556
V865	0.14874	0.09169	0.25421	0.50536
V866	0.55336	0.07059	0.25397	0.12207
V867	0.55395	0.07793	0.25395	0.11417
V868	0.38234	0.2808	0.16164	0.17522
V869	0.06058	0.76619	0.06532	0.10791
V870	0.13197	0.32569	0.0817	0.46063
V871	0.04596	0.75241	0.06572	0.13591
V872	0.08051	0.10384	0.24203	0.57361
V873	0.67027	0.07215	0.11343	0.14414
V874	0.18373	0.63416	0.08092	0.1012
V875	0.07876	0.23254	0.20552	0.48317
V876	0.16442	0.31732	0.33908	0.17918
V877	0.08964	0.36783	0.26227	0.28026
V878	0.14033	0.64829	0.11022	0.10116
V879	0.17806	0.55855	0.09304	0.17036
V880	0.25103	0.46622	0.06461	0.21814
V881	0.16434	0.11894	0.46766	0.24905
V882	0.60229	0.0486	0.17089	0.17822
V883	0.24577	0.22233	0.42739	0.10451
V884	0.08151	0.28223	0.06897	0.56728
V885	0.53933	0.22384	0.13135	0.10549
V886	0.06815	0.34459	0.37439	0.21287
V887	0.47123	0.11863	0.18644	0.22369
V888	0.13383	0.12109	0.56193	0.18316
V889	0.70011	0.08537	0.08511	0.12941
V890	0.08919	0.19747	0.47252	0.24082
V891	0.47181	0.10321	0.27633	0.14866
V892	0.23929	0.21672	0.07904	0.46495
V893	0.42987	0.23194	0.1783	0.15989
V894	0.10481	0.30526	0.45002	0.13991
V895	0.44255	0.12105	0.21275	0.22365
V896	0.07461	0.73759	0.06572	0.12209
V897	0.51379	0.25685	0.06915	0.16022
V898	0.36727	0.06408	0.07649	0.49216
V899	0.08563	0.23005	0.16804	0.51629
V900	0.11464	0.29922	0.30561	0.28053
V901	0.07535	0.65745	0.06487	0.20233
V902	0.08088	0.71207	0.0985	0.10855
V903	0.05857	0.3802	0.41557	0.14566
V904	0.0606	0.77121	0.06045	0.10774
V905	0.17067	0.08271	0.19668	0.54994
V906	0.31375	0.15098	0.1468	0.38847
V907	0.32961	0.44205	0.07674	0.1516
V908	0.08542	0.12258	0.1251	0.6669
V909	0.1396	0.63918	0.05783	0.16339
V910	0.17763	0.08161	0.16117	0.57958
V911	0.38613	0.3587	0.08873	0.16644
V912	0.29996	0.31652	0.1558	0.22772
V913	0.14757	0.08328	0.08626	0.6829
V914	0.17521	0.42476	0.2631	0.13692
V915	0.21346	0.07689	0.08184	0.62781
V916	0.22638	0.12194	0.50291	0.14877
V917	0.52992	0.08364	0.19501	0.19143
V918	0.08562	0.5167	0.22012	0.17755
V919	0.1891	0.25733	0.26516	0.28842
V920	0.45184	0.2224	0.13749	0.18827
V921	0.09219	0.20418	0.09684	0.6068
V922	0.12287	0.40649	0.32554	0.14509
V923	0.12538	0.099	0.10893	0.6667
V924	0.07777	0.54325	0.24913	0.12984
V925	0.18409	0.10694	0.08774	0.62123
V926	0.19885	0.09988	0.09839	0.60288
V927	0.09218	0.11451	0.11474	0.67856
V928	0.07973	0.69963	0.06432	0.15632
V929	0.09192	0.52298	0.15347	0.23163
V930	0.37901	0.34453	0.0894	0.18706
V931	0.1506	0.2808	0.40191	0.16668
V932	0.09016	0.17524	0.46601	0.26858
V933	0.45226	0.35924	0.07289	0.11561
V934	0.07239	0.20378	0.25307	0.47077
V935	0.4166	0.19695	0.21793	0.16852
V936	0.39064	0.27682	0.07884	0.2537
V937	0.40312	0.17252	0.13357	0.29079
V938	0.30017	0.11536	0.28481	0.29965
V939	0.55907	0.07455	0.12797	0.2384
V940	0.06848	0.62697	0.16792	0.13662
V941	0.06717	0.0919	0.72554	0.11539
V942	0.54706	0.20784	0.11958	0.12553
V943	0.31178	0.17452	0.35856	0.15514
V944	0.07956	0.27787	0.11695	0.52563
V945	0.41564	0.33305	0.07125	0.18006
V946	0.34475	0.26854	0.24596	0.14075
V947	0.12629	0.12915	0.22698	0.51758
V948	0.2854	0.09539	0.49128	0.12793
V949	0.06962	0.17508	0.20855	0.54674
V950	0.09419	0.45406	0.20665	0.2451
V951	0.63092	0.06237	0.19107	0.11565
V952	0.11441	0.18774	0.2457	0.45215
V953	0.07673	0.12643	0.66044	0.1364
V954	0.09232	0.22291	0.16807	0.51671
V955	0.13668	0.49686	0.08225	0.28421
V956	0.09311	0.10888	0.41196	0.38605
V957	0.27942	0.08528	0.07313	0.56217
V958	0.09066	0.08864	0.08416	0.73654
V959	0.20785	0.26994	0.35508	0.16713
V960	0.20836	0.28064	0.12694	0.38406
V961	0.14787	0.35481	0.29815	0.19918
V962	0.28862	0.20696	0.33574	0.16868
V963	0.43796	0.20182	0.18521	0.17501
V964	0.6294	0.07649	0.15012	0.14399
V965	0.09481	0.43311	0.1924	0.27968
V966	0.75171	0.05085	0.07331	0.12413
V967	0.10598	0.12313	0.41892	0.35197
V968	0.05952	0.19931	0.57901	0.16216
V969	0.07363	0.29214	0.09695	0.53728
V970	0.09118	0.18381	0.34741	0.37761
V971	0.3805	0.1401	0.30294	0.17646
V972	0.37848	0.22671	0.10519	0.28962
V973	0.22702	0.37774	0.12205	0.2732
V974	0.05465	0.62035	0.15466	0.17034
V975	0.12879	0.28936	0.47127	0.11058
V976	0.33122	0.26228	0.15057	0.25594
V977	0.26385	0.33348	0.29342	0.10925
V978	0.11468	0.15508	0.12201	0.60822
V979	0.6106	0.06656	0.20747	0.11538
V980	0.77592	0.03635	0.07019	0.11754
V981	0.27917	0.10321	0.36664	0.25098
V982	0.33218	0.3629	0.12415	0.18077
V983	0.52073	0.11138	0.07032	0.29756
V984	0.06154	0.66045	0.14131	0.13671
V985	0.11753	0.22415	0.07588	0.58244
V986	0.26023	0.44739	0.10083	0.19155
V987	0.21152	0.60834	0.05857	0.12157
V988	0.20572	0.09226	0.08686	0.61516
V989	0.34053	0.4138	0.12303	0.12265
V990	0.06135	0.12596	0.59612	0.21657
V991	0.48897	0.33302	0.06186	0.11615
V992	0.20091	0.08543	0.42214	0.29152
V993	0.09608	0.58096	0.17951	0.14345
V994	0.17703	0.62787	0.08113	0.11397
V995	0.54161	0.14871	0.0933	0.21638
V996	0.23464	0.17384	0.08083	0.51069
V997	0.07806	0.0971	0.62164	0.20319
V998	0.65796	0.05774	0.12683	0.15747
V999	0.13041	0.70338	0.05858	0.10763
V1000	0.26667	0.09251	0.07311	0.56771
