CD19B	CD56NK	CD4MemoryT	CD14
V1	0.41855	0.07667	0.1827	0.32209
V2	0.14243	0.1519	0.10166	0.60402
V3	0.06259	0.53551	0.06897	0.33293
V4	0.6735	0.15687	0.04363	0.12599
V5	0.10728	0.43404	0.23342	0.22526
V6	0.07108	0.73148	0.07601	0.12143
V7	0.13145	0.348	0.11995	0.4006
V8	0.14101	0.09567	0.62711	0.13621
V9	0.19299	0.26012	0.08825	0.45863
V10	0.05968	0.10329	0.68619	0.15083
V11	0.17904	0.35232	0.36125	0.10739
V12	0.04643	0.51976	0.31933	0.11448
V13	0.20906	0.61194	0.05904	0.11995
V14	0.06371	0.76512	0.06471	0.10646
V15	0.10993	0.51959	0.14611	0.22437
V16	0.70643	0.09248	0.06506	0.13603
V17	0.07863	0.73127	0.06893	0.12116
V18	0.42843	0.35012	0.08464	0.13681
V19	0.13177	0.69394	0.06206	0.11222
V20	0.1415	0.42091	0.07343	0.36416
V21	0.13985	0.12542	0.59979	0.13494
V22	0.06025	0.15943	0.20257	0.57774
V23	0.31207	0.10593	0.46789	0.11411
V24	0.74632	0.07523	0.07035	0.10809
V25	0.26121	0.26381	0.14957	0.32541
V26	0.29183	0.3757	0.06859	0.26388
V27	0.11405	0.12453	0.08235	0.67907
V28	0.04948	0.11148	0.73103	0.10801
V29	0.35188	0.09448	0.41858	0.13505
V30	0.10783	0.2493	0.24679	0.39608
V31	0.17422	0.23375	0.25943	0.3326
V32	0.10175	0.10671	0.09026	0.70129
V33	0.06184	0.45107	0.30438	0.1827
V34	0.13986	0.11102	0.61323	0.13589
V35	0.13626	0.61703	0.11928	0.12743
V36	0.05269	0.11807	0.3829	0.44634
V37	0.40519	0.133	0.12661	0.3352
V38	0.33022	0.07628	0.18378	0.40973
V39	0.1404	0.49838	0.15136	0.20986
V40	0.08868	0.69687	0.11553	0.09893
V41	0.02842	0.57308	0.09556	0.30294
V42	0.19538	0.10689	0.20662	0.49111
V43	0.12832	0.3392	0.40213	0.13035
V44	0.05602	0.14431	0.56084	0.23882
V45	0.09675	0.51653	0.21366	0.17305
V46	0.61941	0.12319	0.1459	0.11151
V47	0.34368	0.22705	0.28198	0.14729
V48	0.61865	0.20705	0.05007	0.12423
V49	0.55565	0.2238	0.043	0.17755
V50	0.0661	0.7047	0.12359	0.10562
V51	0.24443	0.3863	0.23959	0.12969
V52	0.0643	0.16815	0.63282	0.13473
V53	0.56429	0.16616	0.16633	0.10322
V54	0.32803	0.22939	0.31818	0.1244
V55	0.18373	0.18474	0.22586	0.40568
V56	0.08138	0.10031	0.12692	0.69139
V57	0.08606	0.72467	0.07546	0.11381
V58	0.4808	0.07242	0.08942	0.35736
V59	0.32437	0.39632	0.13463	0.14468
V60	0.13286	0.2045	0.2802	0.38244
V61	0.61293	0.15049	0.05747	0.17911
V62	0.68663	0.087	0.10601	0.12037
V63	0.03054	0.69928	0.14933	0.12085
V64	0.02342	0.71074	0.0587	0.20713
V65	0.06322	0.09561	0.13432	0.70685
V66	0.17094	0.5986	0.07287	0.15759
V67	0.14383	0.32991	0.41179	0.11447
V68	0.14706	0.19278	0.08232	0.57783
V69	0.05551	0.31982	0.47864	0.14602
V70	0.40589	0.19716	0.18967	0.20728
V71	0.15768	0.14269	0.31508	0.38456
V72	0.4279	0.20119	0.12494	0.24596
V73	0.13284	0.53551	0.1592	0.17245
V74	0.08282	0.25203	0.56228	0.10287
V75	0.54626	0.06309	0.20266	0.18798
V76	0.04331	0.21823	0.18846	0.55
V77	0.06564	0.29638	0.07168	0.56629
V78	0.24334	0.17266	0.19145	0.39254
V79	0.04793	0.16146	0.61011	0.1805
V80	0.29059	0.09039	0.43911	0.1799
V81	0.08522	0.20672	0.59749	0.11057
V82	0.04803	0.13335	0.70472	0.1139
V83	0.13237	0.21808	0.11696	0.53259
V84	0.30585	0.11441	0.17776	0.40198
V85	0.11197	0.32249	0.33031	0.23523
V86	0.08126	0.12254	0.65334	0.14286
V87	0.04207	0.69622	0.10314	0.15858
V88	0.15852	0.1348	0.24538	0.46131
V89	0.06549	0.10269	0.20328	0.62854
V90	0.03607	0.74516	0.10411	0.11467
V91	0.04714	0.62924	0.19412	0.1295
V92	0.35928	0.09191	0.33269	0.21612
V93	0.68867	0.07032	0.04506	0.19595
V94	0.04321	0.41131	0.07956	0.46592
V95	0.20322	0.40652	0.17115	0.21911
V96	0.09694	0.16039	0.08717	0.65551
V97	0.52728	0.15359	0.20935	0.10978
V98	0.52873	0.31171	0.0455	0.11407
V99	0.62107	0.09919	0.16652	0.11323
V100	0.10375	0.10836	0.65976	0.12813
V101	0.06594	0.10951	0.07688	0.74767
V102	0.72914	0.09875	0.05121	0.1209
V103	0.06063	0.12254	0.13206	0.68478
V104	0.03444	0.79179	0.06637	0.10739
V105	0.05508	0.7668	0.07126	0.10687
V106	0.11294	0.46526	0.28519	0.13662
V107	0.17016	0.23738	0.44541	0.14706
V108	0.12748	0.64585	0.12825	0.09842
V109	0.0527	0.21294	0.45362	0.28074
V110	0.05652	0.73203	0.08955	0.12191
V111	0.72499	0.05401	0.10593	0.11507
V112	0.13655	0.13735	0.34916	0.37694
V113	0.16942	0.16805	0.18725	0.47528
V114	0.20866	0.11992	0.12239	0.54903
V115	0.02699	0.64382	0.22282	0.10637
V116	0.13426	0.32089	0.30959	0.23525
V117	0.51014	0.27563	0.07587	0.13837
V118	0.13878	0.50916	0.084	0.26806
V119	0.1246	0.14522	0.10325	0.62692
V120	0.10145	0.13791	0.64105	0.11959
V121	0.44333	0.1792	0.12433	0.25315
V122	0.76313	0.0598	0.05524	0.12183
V123	0.03368	0.45774	0.09853	0.41004
V124	0.49859	0.30507	0.04462	0.15173
V125	0.29519	0.39835	0.18488	0.12159
V126	0.07248	0.19738	0.10435	0.62579
V127	0.15863	0.12493	0.24068	0.47576
V128	0.07265	0.10015	0.14592	0.68128
V129	0.43475	0.25831	0.17555	0.13139
V130	0.02947	0.57143	0.2927	0.10639
V131	0.03374	0.74134	0.05852	0.16641
V132	0.74006	0.0608	0.07032	0.12882
V133	0.71682	0.06944	0.09261	0.12113
V134	0.1089	0.37341	0.15295	0.36474
V135	0.10531	0.1054	0.19015	0.59914
V136	0.19357	0.38197	0.06615	0.35831
V137	0.49881	0.09885	0.23812	0.16422
V138	0.17386	0.38514	0.1848	0.2562
V139	0.27036	0.24406	0.19654	0.28905
V140	0.07051	0.15669	0.10583	0.66697
V141	0.08753	0.21051	0.42045	0.28151
V142	0.62402	0.06064	0.20862	0.10672
V143	0.31938	0.28298	0.10915	0.28849
V144	0.15438	0.20521	0.18039	0.46003
V145	0.02044	0.65091	0.22234	0.1063
V146	0.0885	0.10206	0.09202	0.71742
V147	0.716	0.07746	0.0633	0.14324
V148	0.13661	0.1453	0.45065	0.26744
V149	0.21079	0.47024	0.21304	0.10593
V150	0.10205	0.27269	0.45722	0.16804
V151	0.1653	0.54895	0.08259	0.20316
V152	0.1883	0.41741	0.2114	0.18288
V153	0.09578	0.63577	0.07326	0.19519
V154	0.1983	0.42632	0.24734	0.12805
V155	0.36081	0.19278	0.26122	0.18519
V156	0.06843	0.19731	0.52696	0.2073
V157	0.24393	0.20826	0.27362	0.27419
V158	0.06606	0.09825	0.08713	0.74856
V159	0.69074	0.11612	0.04343	0.14971
V160	0.52254	0.0691	0.10874	0.29963
V161	0.1889	0.09176	0.09026	0.62908
V162	0.08254	0.31022	0.12329	0.48395
V163	0.09831	0.44598	0.17947	0.27623
V164	0.25895	0.31804	0.13596	0.28705
V165	0.04912	0.28173	0.06714	0.60202
V166	0.05649	0.16501	0.11798	0.66052
V167	0.27868	0.07952	0.06685	0.57495
V168	0.22219	0.51224	0.11647	0.1491
V169	0.17102	0.12851	0.09567	0.60479
V170	0.12235	0.10694	0.41392	0.35679
V171	0.13172	0.26946	0.45987	0.13896
V172	0.56244	0.0639	0.25934	0.11432
V173	0.06636	0.19748	0.09949	0.63667
V174	0.05818	0.21335	0.12185	0.60661
V175	0.0961	0.09378	0.59996	0.21016
V176	0.02436	0.68623	0.18273	0.10667
V177	0.01967	0.80415	0.06178	0.11439
V178	0.02503	0.64443	0.06471	0.26583
V179	0.16052	0.09646	0.32179	0.42123
V180	0.03721	0.74543	0.11796	0.0994
V181	0.15631	0.19075	0.4229	0.23004
V182	0.24627	0.22558	0.37514	0.15301
V183	0.14676	0.68573	0.06225	0.10527
V184	0.78847	0.05223	0.05032	0.10899
V185	0.43234	0.40152	0.05906	0.10707
V186	0.11427	0.4413	0.24033	0.2041
V187	0.75526	0.06075	0.06909	0.1149
V188	0.08269	0.25916	0.06567	0.59247
V189	0.62234	0.08097	0.06363	0.23307
V190	0.51622	0.07473	0.29536	0.11369
V191	0.16993	0.24476	0.44569	0.13962
V192	0.23132	0.43373	0.09412	0.24083
V193	0.45963	0.09984	0.23111	0.20942
V194	0.0416	0.77053	0.06603	0.12184
V195	0.05499	0.11121	0.71961	0.11419
V196	0.06213	0.14255	0.08046	0.71487
V197	0.31645	0.11969	0.08152	0.48233
V198	0.07734	0.45927	0.31177	0.15162
V199	0.15892	0.10885	0.18843	0.5438
V200	0.1151	0.49894	0.07318	0.31278
V201	0.09738	0.49361	0.19149	0.21752
V202	0.05951	0.10346	0.59053	0.24651
V203	0.14709	0.40659	0.32458	0.12174
V204	0.03282	0.47579	0.06869	0.4227
V205	0.06032	0.1325	0.68612	0.12106
V206	0.0807	0.16025	0.64691	0.11213
V207	0.13108	0.23192	0.10449	0.53251
V208	0.22182	0.13533	0.52367	0.11918
V209	0.23136	0.43328	0.11001	0.22535
V210	0.08133	0.64703	0.12882	0.14282
V211	0.32534	0.08939	0.08761	0.49766
V212	0.39965	0.10748	0.3672	0.12567
V213	0.47876	0.0936	0.14251	0.28513
V214	0.25651	0.2102	0.1774	0.35589
V215	0.23387	0.16152	0.07557	0.52903
V216	0.07808	0.09663	0.08673	0.73857
V217	0.06156	0.44902	0.21982	0.26959
V218	0.09923	0.41479	0.17932	0.30666
V219	0.09787	0.55312	0.06679	0.28221
V220	0.02395	0.68991	0.06378	0.22237
V221	0.62139	0.06276	0.05291	0.26294
V222	0.25314	0.19314	0.30839	0.24534
V223	0.04684	0.1997	0.58315	0.17031
V224	0.77759	0.05177	0.06224	0.1084
V225	0.05704	0.73252	0.10483	0.10562
V226	0.25849	0.15042	0.47272	0.11837
V227	0.61637	0.0608	0.20153	0.1213
V228	0.58571	0.12246	0.10547	0.18635
V229	0.06141	0.11095	0.69841	0.12923
V230	0.06527	0.10985	0.08774	0.73714
V231	0.05096	0.29577	0.14418	0.50909
V232	0.05492	0.56284	0.05737	0.32488
V233	0.42504	0.14845	0.20361	0.22291
V234	0.04225	0.75823	0.08401	0.11551
V235	0.30345	0.12958	0.43236	0.13461
V236	0.07992	0.14407	0.60475	0.17126
V237	0.15366	0.09366	0.09477	0.65791
V238	0.12101	0.4953	0.24057	0.14312
V239	0.08001	0.38195	0.07737	0.46067
V240	0.38334	0.10695	0.36116	0.14855
V241	0.06019	0.10214	0.67208	0.16559
V242	0.11321	0.647	0.12843	0.11137
V243	0.21452	0.1188	0.49537	0.1713
V244	0.19305	0.08905	0.53778	0.18012
V245	0.44633	0.3097	0.09244	0.15154
V246	0.08353	0.20614	0.58353	0.12679
V247	0.16392	0.10311	0.62786	0.1051
V248	0.06912	0.11469	0.10372	0.71247
V249	0.04572	0.12438	0.6651	0.16479
V250	0.60144	0.0618	0.22221	0.11455
V251	0.74496	0.09085	0.05011	0.11408
V252	0.02371	0.70712	0.17017	0.09901
V253	0.28151	0.14161	0.1762	0.40069
V254	0.02027	0.77303	0.10005	0.10665
V255	0.04853	0.75696	0.05796	0.13656
V256	0.16098	0.25202	0.40916	0.17784
V257	0.32042	0.164	0.22428	0.29129
V258	0.15889	0.29042	0.34476	0.20593
V259	0.0627	0.31095	0.48651	0.13984
V260	0.03745	0.30483	0.54896	0.10876
V261	0.46612	0.09746	0.20396	0.23245
V262	0.11362	0.13094	0.08229	0.67315
V263	0.02798	0.78945	0.06131	0.12126
V264	0.15901	0.11867	0.35093	0.37139
V265	0.07453	0.0941	0.16277	0.6686
V266	0.49595	0.35116	0.05209	0.10079
V267	0.04117	0.22943	0.25226	0.47714
V268	0.2978	0.09968	0.16549	0.43703
V269	0.0315	0.49788	0.32554	0.14508
V270	0.49129	0.09005	0.23879	0.17988
V271	0.60811	0.1201	0.07731	0.19449
V272	0.05648	0.68605	0.06871	0.18875
V273	0.08798	0.10724	0.09802	0.70676
V274	0.53772	0.0628	0.19644	0.20304
V275	0.0491	0.11116	0.72549	0.11425
V276	0.37167	0.34146	0.05918	0.2277
V277	0.06588	0.24669	0.17572	0.51171
V278	0.07369	0.13816	0.26032	0.52783
V279	0.51847	0.11671	0.14124	0.22358
V280	0.06606	0.09825	0.08713	0.74856
V281	0.40774	0.09904	0.16324	0.32998
V282	0.08725	0.14501	0.6118	0.15595
V283	0.1673	0.51124	0.10434	0.21712
V284	0.0366	0.75248	0.10408	0.10684
V285	0.09746	0.10113	0.69441	0.107
V286	0.19134	0.49027	0.13675	0.18163
V287	0.08551	0.72477	0.06915	0.12058
V288	0.0469	0.30081	0.34351	0.30878
V289	0.22991	0.25635	0.3456	0.16815
V290	0.64192	0.1972	0.05707	0.10381
V291	0.38182	0.13373	0.36599	0.11846
V292	0.73677	0.06023	0.04452	0.15848
V293	0.25392	0.09614	0.50805	0.14189
V294	0.09448	0.3559	0.06164	0.48797
V295	0.05442	0.22607	0.19472	0.52479
V296	0.16557	0.18365	0.47283	0.17796
V297	0.102	0.09283	0.11932	0.68586
V298	0.2501	0.1651	0.46666	0.11815
V299	0.08605	0.28985	0.0758	0.5483
V300	0.05125	0.11691	0.22229	0.60955
V301	0.12885	0.17758	0.49281	0.20076
V302	0.4965	0.34324	0.04627	0.11399
V303	0.02404	0.52612	0.31897	0.13087
V304	0.08778	0.1093	0.56329	0.23963
V305	0.1249	0.21512	0.36389	0.29609
V306	0.6158	0.14505	0.09109	0.14806
V307	0.02751	0.78446	0.07333	0.1147
V308	0.18839	0.26328	0.26008	0.28825
V309	0.24889	0.32193	0.07557	0.3536
V310	0.08961	0.32184	0.16656	0.42199
V311	0.39025	0.44907	0.05376	0.10692
V312	0.09078	0.6275	0.16096	0.12076
V313	0.05401	0.16996	0.08519	0.69084
V314	0.03922	0.43441	0.14108	0.38529
V315	0.10681	0.54039	0.08478	0.26802
V316	0.24534	0.19329	0.32359	0.23777
V317	0.08177	0.5932	0.09276	0.23227
V318	0.05188	0.48692	0.07153	0.38967
V319	0.08665	0.13744	0.64077	0.13514
V320	0.09809	0.2026	0.49222	0.20709
V321	0.48798	0.35933	0.05191	0.10078
V322	0.161	0.32482	0.11237	0.40181
V323	0.08651	0.10739	0.13169	0.67441
V324	0.49566	0.27794	0.10407	0.12233
V325	0.2347	0.56202	0.09731	0.10597
V326	0.02433	0.49269	0.12911	0.35386
V327	0.05853	0.19868	0.14158	0.60121
V328	0.08053	0.10931	0.56352	0.24664
V329	0.15574	0.17628	0.1797	0.48828
V330	0.30334	0.0842	0.29743	0.31503
V331	0.26389	0.1511	0.0955	0.48951
V332	0.05696	0.13118	0.19041	0.62145
V333	0.32429	0.14161	0.33291	0.20119
V334	0.27981	0.08828	0.30937	0.32254
V335	0.05316	0.3413	0.40021	0.20533
V336	0.14224	0.59732	0.07262	0.18782
V337	0.2227	0.38733	0.26049	0.12948
V338	0.01248	0.81185	0.06883	0.10684
V339	0.13383	0.09807	0.6538	0.11431
V340	0.07831	0.26475	0.40626	0.25069
V341	0.06799	0.11599	0.11468	0.70133
V342	0.21522	0.08595	0.48193	0.21691
V343	0.76917	0.06634	0.05018	0.1143
V344	0.51638	0.19258	0.18794	0.10309
V345	0.05502	0.11117	0.72594	0.10787
V346	0.1915	0.17759	0.25311	0.37779
V347	0.07963	0.09885	0.15762	0.6639
V348	0.06239	0.55986	0.16044	0.21731
V349	0.268	0.21468	0.3253	0.19202
V350	0.03868	0.67959	0.18222	0.09951
V351	0.06091	0.11693	0.3279	0.49426
V352	0.08199	0.10711	0.63848	0.17242
V353	0.67703	0.07905	0.07849	0.16544
V354	0.0577	0.59109	0.21505	0.13615
V355	0.22607	0.14689	0.37443	0.25262
V356	0.07295	0.10847	0.13752	0.68107
V357	0.11119	0.33422	0.24658	0.308
V358	0.39321	0.16175	0.09578	0.34926
V359	0.41808	0.12102	0.08222	0.37868
V360	0.40875	0.41186	0.06652	0.11286
V361	0.03017	0.4257	0.43609	0.10804
V362	0.01251	0.80644	0.07426	0.10679
V363	0.15656	0.1816	0.3726	0.28924
V364	0.15287	0.13869	0.52131	0.18714
V365	0.21579	0.10436	0.07467	0.60518
V366	0.07548	0.57929	0.1204	0.22483
V367	0.41405	0.19035	0.05498	0.34062
V368	0.08167	0.61603	0.12142	0.18088
V369	0.04499	0.38715	0.45979	0.10807
V370	0.23432	0.29493	0.33909	0.13166
V371	0.14989	0.6148	0.07803	0.15728
V372	0.15117	0.13283	0.14922	0.56678
V373	0.09616	0.20147	0.36997	0.3324
V374	0.60919	0.0685	0.21553	0.10678
V375	0.07714	0.12224	0.16711	0.63351
V376	0.07236	0.11505	0.13729	0.6753
V377	0.59818	0.05608	0.06123	0.28451
V378	0.05448	0.11717	0.33456	0.49378
V379	0.2519	0.23433	0.06741	0.44636
V380	0.14386	0.148	0.1995	0.50864
V381	0.54775	0.07613	0.12835	0.24777
V382	0.10296	0.11409	0.66924	0.11371
V383	0.63239	0.06329	0.09322	0.21109
V384	0.40631	0.14046	0.15467	0.29856
V385	0.65705	0.07115	0.11428	0.15751
V386	0.23835	0.09726	0.16668	0.49771
V387	0.4304	0.19561	0.19638	0.1776
V388	0.27352	0.33508	0.16367	0.22773
V389	0.30377	0.47605	0.0624	0.15778
V390	0.23701	0.28006	0.3759	0.10703
V391	0.30648	0.16465	0.07347	0.4554
V392	0.30737	0.25556	0.17771	0.25936
V393	0.2202	0.26422	0.29414	0.22143
V394	0.10115	0.25897	0.14104	0.49884
V395	0.17425	0.37785	0.19811	0.24978
V396	0.02106	0.79088	0.0668	0.12126
V397	0.58729	0.14103	0.13083	0.14085
V398	0.32333	0.19028	0.12875	0.35764
V399	0.15488	0.4916	0.16472	0.1888
V400	0.0245	0.50499	0.10986	0.36064
V401	0.06773	0.21279	0.54938	0.17009
V402	0.61166	0.2088	0.07594	0.1036
V403	0.06832	0.10985	0.12006	0.70177
V404	0.10248	0.24067	0.47091	0.18594
V405	0.1863	0.11381	0.18166	0.51823
V406	0.46829	0.27552	0.06494	0.19125
V407	0.01248	0.81185	0.06883	0.10684
V408	0.10027	0.27524	0.32294	0.30155
V409	0.06002	0.10433	0.08802	0.74763
V410	0.07981	0.7175	0.08158	0.12112
V411	0.32962	0.08172	0.05958	0.52908
V412	0.1506	0.15202	0.39289	0.30449
V413	0.06772	0.43939	0.18613	0.30675
V414	0.05325	0.45756	0.28495	0.20424
V415	0.33034	0.10579	0.22651	0.33735
V416	0.05345	0.1488	0.69112	0.10662
V417	0.28536	0.55124	0.05715	0.10625
V418	0.09454	0.17078	0.16379	0.57089
V419	0.0658	0.0969	0.09457	0.74273
V420	0.01579	0.73254	0.07163	0.18004
V421	0.1538	0.12115	0.52318	0.20187
V422	0.08063	0.13351	0.07934	0.70652
V423	0.10375	0.10836	0.65976	0.12813
V424	0.04461	0.13585	0.4731	0.34643
V425	0.07765	0.27295	0.45691	0.19249
V426	0.10964	0.12581	0.60054	0.16401
V427	0.07914	0.37834	0.19205	0.35047
V428	0.07997	0.64382	0.10228	0.17393
V429	0.06536	0.09759	0.09945	0.73759
V430	0.55776	0.20777	0.06551	0.16897
V431	0.167	0.10936	0.36659	0.35705
V432	0.11668	0.16032	0.10326	0.61974
V433	0.05952	0.6163	0.05737	0.26681
V434	0.2572	0.1452	0.10112	0.49648
V435	0.37562	0.08678	0.15077	0.38682
V436	0.2904	0.09118	0.1474	0.47102
V437	0.18595	0.25713	0.06499	0.49193
V438	0.44066	0.20752	0.07823	0.27359
V439	0.07117	0.16177	0.07879	0.68827
V440	0.35431	0.10925	0.08693	0.44951
V441	0.08892	0.19601	0.45593	0.25914
V442	0.23599	0.34398	0.15582	0.26421
V443	0.55544	0.06702	0.12924	0.2483
V444	0.05502	0.11117	0.72594	0.10787
V445	0.4693	0.08777	0.30875	0.13418
V446	0.04223	0.68875	0.10311	0.1659
V447	0.46359	0.15426	0.18871	0.19343
V448	0.06184	0.14548	0.19556	0.59712
V449	0.41994	0.11013	0.27524	0.19469
V450	0.11653	0.71606	0.06849	0.09892
V451	0.73017	0.09941	0.04186	0.12855
V452	0.07436	0.10303	0.11961	0.703
V453	0.60857	0.13122	0.1044	0.15581
V454	0.01216	0.77335	0.10003	0.11446
V455	0.45298	0.1009	0.2822	0.16391
V456	0.2533	0.18502	0.32339	0.23829
V457	0.06	0.1099	0.08284	0.74725
V458	0.2071	0.25729	0.06329	0.47231
V459	0.02934	0.66025	0.12878	0.18162
V460	0.74753	0.06105	0.06961	0.12182
V461	0.08862	0.11399	0.0799	0.7175
V462	0.2572	0.27059	0.05442	0.41778
V463	0.19471	0.43726	0.17091	0.19711
V464	0.36828	0.16131	0.05776	0.41265
V465	0.29159	0.40741	0.0749	0.2261
V466	0.42113	0.22873	0.0542	0.29594
V467	0.23653	0.5111	0.11621	0.13616
V468	0.36384	0.39173	0.09329	0.15113
V469	0.05363	0.22884	0.25283	0.4647
V470	0.39818	0.18223	0.1891	0.23049
V471	0.21189	0.1702	0.08962	0.52829
V472	0.2396	0.33335	0.05312	0.37393
V473	0.09782	0.48855	0.29213	0.1215
V474	0.12636	0.08995	0.14153	0.64215
V475	0.15092	0.37934	0.11877	0.35096
V476	0.15231	0.10125	0.11022	0.63622
V477	0.44283	0.10571	0.21204	0.23943
V478	0.11383	0.51306	0.06061	0.3125
V479	0.05622	0.16084	0.60293	0.18001
V480	0.09039	0.3162	0.09694	0.49647
V481	0.14857	0.10391	0.62757	0.11996
V482	0.51527	0.20774	0.13832	0.13867
V483	0.12842	0.17525	0.11823	0.5781
V484	0.06659	0.14283	0.09105	0.69953
V485	0.10418	0.6209	0.06572	0.2092
V486	0.20852	0.28856	0.14976	0.35316
V487	0.09926	0.12572	0.12902	0.64601
V488	0.04571	0.09911	0.65921	0.19597
V489	0.18899	0.16797	0.52447	0.11857
V490	0.25015	0.32349	0.10982	0.31655
V491	0.32304	0.43923	0.08019	0.15754
V492	0.0382	0.69878	0.15665	0.10637
V493	0.06655	0.09777	0.07825	0.75743
V494	0.16991	0.21452	0.40862	0.20695
V495	0.17538	0.54529	0.15852	0.12081
V496	0.20948	0.59653	0.05203	0.14196
V497	0.05529	0.10443	0.72601	0.11427
V498	0.24112	0.16917	0.10175	0.48796
V499	0.45685	0.2897	0.14575	0.1077
V500	0.11226	0.18984	0.55633	0.14157
V501	0.05996	0.09777	0.09991	0.74236
V502	0.4008	0.29976	0.16883	0.13061
V503	0.16975	0.16869	0.19976	0.4618
V504	0.17849	0.59791	0.06571	0.15789
V505	0.16598	0.2558	0.23162	0.3466
V506	0.09961	0.28494	0.35794	0.25752
V507	0.44567	0.16302	0.14588	0.24543
V508	0.55971	0.20925	0.08443	0.14661
V509	0.19555	0.14073	0.40292	0.2608
V510	0.17986	0.47243	0.24103	0.10668
V511	0.06454	0.39129	0.09708	0.44709
V512	0.20027	0.12806	0.12275	0.54891
V513	0.07883	0.55529	0.20688	0.159
V514	0.0633	0.13505	0.07642	0.72523
V515	0.57005	0.12094	0.09278	0.21623
V516	0.71318	0.13213	0.04222	0.11247
V517	0.07661	0.11521	0.23506	0.57313
V518	0.76108	0.08239	0.04206	0.11447
V519	0.03558	0.71295	0.06353	0.18794
V520	0.06722	0.09521	0.47486	0.36271
V521	0.42874	0.11159	0.32555	0.13412
V522	0.04607	0.19805	0.43853	0.31735
V523	0.26673	0.1915	0.23743	0.30434
V524	0.02479	0.65029	0.19577	0.12914
V525	0.20129	0.24476	0.08054	0.47342
V526	0.46731	0.14404	0.11306	0.27559
V527	0.18107	0.10966	0.33015	0.37912
V528	0.08484	0.71627	0.05561	0.14327
V529	0.0887	0.14382	0.21448	0.55301
V530	0.04271	0.251	0.51307	0.19322
V531	0.03027	0.72802	0.14293	0.09878
V532	0.14658	0.32985	0.08098	0.44258
V533	0.21361	0.35172	0.15594	0.27873
V534	0.05183	0.10296	0.54076	0.30445
V535	0.40901	0.06982	0.06523	0.45593
V536	0.17503	0.08774	0.31522	0.42201
V537	0.43517	0.28384	0.16806	0.11293
V538	0.3344	0.12819	0.1232	0.41421
V539	0.20322	0.40652	0.17115	0.21911
V540	0.15788	0.59317	0.11307	0.13589
V541	0.03935	0.45256	0.11043	0.39765
V542	0.16834	0.19411	0.23195	0.40561
V543	0.67573	0.063	0.05761	0.20365
V544	0.11549	0.1629	0.18128	0.54033
V545	0.27015	0.19865	0.11109	0.42012
V546	0.05	0.73283	0.11064	0.10653
V547	0.0508	0.55577	0.27951	0.11392
V548	0.12749	0.64654	0.12084	0.10512
V549	0.26853	0.10998	0.50214	0.11936
V550	0.43065	0.09753	0.05153	0.42029
V551	0.14359	0.62293	0.08419	0.14929
V552	0.02766	0.46795	0.0686	0.43578
V553	0.19399	0.20738	0.47299	0.12565
V554	0.08469	0.15533	0.0884	0.67157
V555	0.09982	0.26583	0.28172	0.35263
V556	0.04732	0.1177	0.69849	0.13649
V557	0.61436	0.08656	0.05847	0.24061
V558	0.06576	0.65139	0.08033	0.20253
V559	0.02482	0.67976	0.19579	0.09963
V560	0.51972	0.32624	0.0463	0.10774
V561	0.0491	0.11116	0.72549	0.11425
V562	0.58927	0.06503	0.14978	0.19591
V563	0.21633	0.09095	0.5792	0.11352
V564	0.08703	0.15359	0.63988	0.1195
V565	0.1208	0.28945	0.30975	0.28
V566	0.5098	0.15513	0.0519	0.28317
V567	0.17069	0.41477	0.07856	0.33598
V568	0.20249	0.0919	0.10619	0.59943
V569	0.50129	0.09165	0.04957	0.3575
V570	0.05649	0.31167	0.47068	0.16115
V571	0.61837	0.17363	0.04441	0.16359
V572	0.34337	0.08401	0.37665	0.19597
V573	0.0855	0.21651	0.0734	0.6246
V574	0.04737	0.65774	0.18157	0.11331
V575	0.06191	0.15785	0.15356	0.62668
V576	0.12727	0.67526	0.08617	0.1113
V577	0.07477	0.13088	0.20856	0.58579
V578	0.08459	0.14894	0.51378	0.25269
V579	0.02234	0.72599	0.1306	0.12107
V580	0.14642	0.09591	0.14649	0.61117
V581	0.09153	0.14684	0.0728	0.68882
V582	0.41634	0.19977	0.07957	0.30432
V583	0.051	0.13592	0.45177	0.36131
V584	0.38404	0.20882	0.26741	0.13973
V585	0.0549	0.10328	0.36176	0.48006
V586	0.20727	0.09516	0.50919	0.18838
V587	0.23122	0.09787	0.53635	0.13456
V588	0.45634	0.1106	0.07602	0.35704
V589	0.05748	0.67446	0.10988	0.15818
V590	0.05568	0.64324	0.19472	0.10636
V591	0.05199	0.12463	0.20208	0.6213
V592	0.15661	0.11774	0.62072	0.10493
V593	0.43586	0.06726	0.19677	0.30011
V594	0.25616	0.30936	0.2883	0.14619
V595	0.0703	0.10953	0.08737	0.7328
V596	0.06191	0.30138	0.21387	0.42284
V597	0.02375	0.51145	0.29067	0.17413
V598	0.05702	0.18513	0.63762	0.12023
V599	0.46032	0.33278	0.07681	0.13008
V600	0.26164	0.44019	0.09486	0.20331
V601	0.14097	0.29418	0.12084	0.44401
V602	0.07055	0.10937	0.08226	0.73782
V603	0.04239	0.35606	0.07641	0.52514
V604	0.38589	0.17952	0.30129	0.13329
V605	0.0815	0.33807	0.32402	0.25642
V606	0.53304	0.20133	0.05881	0.20681
V607	0.47912	0.07996	0.14112	0.2998
V608	0.18343	0.21893	0.31605	0.28159
V609	0.05784	0.27174	0.22008	0.45034
V610	0.57195	0.08316	0.12796	0.21694
V611	0.23134	0.08858	0.10436	0.57572
V612	0.06431	0.16841	0.60394	0.16333
V613	0.06065	0.34191	0.45757	0.13988
V614	0.56196	0.12087	0.09374	0.22342
V615	0.13288	0.1294	0.0758	0.66193
V616	0.07478	0.59284	0.09292	0.23946
V617	0.36145	0.21295	0.32334	0.10226
V618	0.53893	0.06932	0.04892	0.34283
V619	0.29345	0.10942	0.28306	0.31407
V620	0.02947	0.57143	0.2927	0.10639
V621	0.30978	0.20947	0.18351	0.29724
V622	0.27388	0.262	0.33183	0.13229
V623	0.06165	0.15076	0.16627	0.62132
V624	0.60237	0.23036	0.04375	0.12352
V625	0.20163	0.45089	0.1294	0.21808
V626	0.76089	0.0747	0.0425	0.12191
V627	0.0567	0.1104	0.121	0.7119
V628	0.04482	0.25217	0.08177	0.62124
V629	0.1199	0.31021	0.2469	0.32299
V630	0.0616	0.34153	0.45045	0.14642
V631	0.05527	0.23599	0.13935	0.56939
V632	0.43225	0.06756	0.16354	0.33664
V633	0.04428	0.12042	0.6259	0.2094
V634	0.30302	0.29182	0.2973	0.10787
V635	0.03877	0.63091	0.06422	0.26611
V636	0.129	0.17736	0.48614	0.2075
V637	0.23136	0.23926	0.12475	0.40462
V638	0.27365	0.28378	0.1103	0.33227
V639	0.21383	0.40958	0.2762	0.10038
V640	0.06797	0.21369	0.57012	0.14822
V641	0.67796	0.09369	0.07119	0.15716
V642	0.57191	0.2154	0.04355	0.16915
V643	0.04441	0.24028	0.35613	0.35918
V644	0.70524	0.12459	0.05022	0.11995
V645	0.20726	0.39531	0.27574	0.12169
V646	0.01985	0.80593	0.06718	0.10704
V647	0.14506	0.16356	0.53628	0.15511
V648	0.30173	0.413	0.1565	0.12877
V649	0.06462	0.14616	0.6335	0.15572
V650	0.08539	0.16692	0.58458	0.16311
V651	0.26157	0.08672	0.53758	0.11413
V652	0.10471	0.16968	0.34915	0.37647
V653	0.10791	0.56491	0.13174	0.19545
V654	0.51243	0.23812	0.0965	0.15296
V655	0.05107	0.49621	0.07683	0.37589
V656	0.16847	0.28988	0.06996	0.47169
V657	0.06788	0.14248	0.07982	0.70982
V658	0.43256	0.24762	0.09882	0.22101
V659	0.25465	0.16139	0.30842	0.27554
V660	0.03417	0.78382	0.06051	0.1215
V661	0.07092	0.39183	0.10347	0.43378
V662	0.3193	0.09514	0.39036	0.1952
V663	0.20329	0.14986	0.44527	0.20158
V664	0.18281	0.14504	0.52369	0.14846
V665	0.50395	0.22842	0.08337	0.18425
V666	0.43006	0.06811	0.13597	0.36586
V667	0.58995	0.12508	0.18042	0.10454
V668	0.10312	0.67588	0.12215	0.09885
V669	0.18171	0.39453	0.23345	0.1903
V670	0.07027	0.75006	0.05835	0.12132
V671	0.26947	0.30736	0.23938	0.18378
V672	0.06016	0.11672	0.68659	0.13653
V673	0.1832	0.3631	0.21894	0.23476
V674	0.52583	0.19524	0.06504	0.21389
V675	0.12694	0.33577	0.27377	0.26352
V676	0.06624	0.17811	0.14126	0.61439
V677	0.27799	0.38792	0.129	0.20509
V678	0.38283	0.45064	0.05942	0.10711
V679	0.07036	0.3273	0.48671	0.11563
V680	0.23172	0.49098	0.15778	0.11953
V681	0.69124	0.11644	0.05692	0.1354
V682	0.11406	0.31636	0.4308	0.13878
V683	0.01978	0.8058	0.0742	0.10023
V684	0.51509	0.20842	0.12339	0.1531
V685	0.35901	0.34903	0.14684	0.14512
V686	0.10361	0.23099	0.16668	0.49873
V687	0.0708	0.10383	0.08739	0.73798
V688	0.27289	0.46681	0.05016	0.21014
V689	0.21081	0.08298	0.10089	0.60532
V690	0.35901	0.11638	0.36115	0.16345
V691	0.15684	0.095	0.63442	0.11374
V692	0.09756	0.20405	0.53631	0.16208
V693	0.19201	0.17937	0.30834	0.32029
V694	0.05601	0.11598	0.26245	0.56556
V695	0.20314	0.09117	0.17453	0.53116
V696	0.09802	0.15429	0.08136	0.66633
V697	0.06385	0.12783	0.08146	0.72686
V698	0.62186	0.06264	0.05945	0.25605
V699	0.40658	0.30517	0.10505	0.1832
V700	0.1946	0.10533	0.07155	0.62852
V701	0.10426	0.46582	0.13938	0.29054
V702	0.39138	0.14484	0.06433	0.39946
V703	0.13666	0.1371	0.38526	0.34098
V704	0.61569	0.10122	0.07316	0.20992
V705	0.75551	0.05266	0.05607	0.13576
V706	0.10095	0.13368	0.58473	0.18063
V707	0.05774	0.40855	0.39493	0.13879
V708	0.04246	0.71577	0.07603	0.16575
V709	0.13097	0.29415	0.4079	0.16698
V710	0.4321	0.24757	0.09143	0.22889
V711	0.0815	0.66108	0.12903	0.12839
V712	0.61506	0.10845	0.05215	0.22435
V713	0.30968	0.31418	0.08122	0.29491
V714	0.02884	0.5641	0.07582	0.33124
V715	0.23223	0.34197	0.26663	0.15917
V716	0.07399	0.1213	0.1032	0.70151
V717	0.07003	0.75653	0.05802	0.11542
V718	0.12728	0.49267	0.18392	0.19613
V719	0.06087	0.59196	0.08639	0.26078
V720	0.53241	0.06439	0.23093	0.17228
V721	0.12386	0.22302	0.37187	0.28126
V722	0.09584	0.33528	0.07295	0.49592
V723	0.11831	0.15288	0.07436	0.65445
V724	0.42168	0.09748	0.12279	0.35806
V725	0.04367	0.16923	0.65179	0.1353
V726	0.05747	0.36571	0.14815	0.42866
V727	0.20547	0.56488	0.12485	0.1048
V728	0.0371	0.72588	0.13001	0.10701
V729	0.30653	0.09205	0.17822	0.42319
V730	0.69213	0.08633	0.08558	0.13596
V731	0.0584	0.24611	0.32172	0.37378
V732	0.2694	0.15313	0.30199	0.27548
V733	0.4634	0.22981	0.07754	0.22924
V734	0.1963	0.32028	0.37599	0.10742
V735	0.05959	0.11755	0.38309	0.43976
V736	0.14141	0.09544	0.07754	0.68561
V737	0.24643	0.30805	0.22461	0.22091
V738	0.09117	0.33885	0.35745	0.21252
V739	0.04661	0.10492	0.46565	0.38281
V740	0.63892	0.13611	0.10554	0.11943
V741	0.34956	0.16753	0.14785	0.33507
V742	0.30074	0.53628	0.06324	0.09974
V743	0.13539	0.20346	0.53505	0.1261
V744	0.38999	0.11171	0.29679	0.20151
V745	0.03325	0.583	0.18706	0.1967
V746	0.78742	0.0522	0.04521	0.11517
V747	0.08832	0.09279	0.54251	0.27638
V748	0.12772	0.17764	0.44929	0.24535
V749	0.21735	0.22237	0.10044	0.45985
V750	0.2972	0.4298	0.06909	0.20391
V751	0.04931	0.71079	0.08894	0.15097
V752	0.33002	0.26304	0.15467	0.25226
V753	0.06622	0.10314	0.07742	0.75322
V754	0.02227	0.76046	0.05911	0.15816
V755	0.13817	0.2432	0.28696	0.33167
V756	0.07029	0.10299	0.10357	0.72315
V757	0.25175	0.51717	0.10357	0.12751
V758	0.05315	0.63271	0.14829	0.16586
V759	0.12946	0.14508	0.32761	0.39785
V760	0.23175	0.13782	0.25198	0.37845
V761	0.07424	0.50468	0.2473	0.17378
V762	0.03593	0.3634	0.07637	0.5243
V763	0.2779	0.35223	0.07622	0.29366
V764	0.02247	0.75395	0.06551	0.15807
V765	0.48545	0.14841	0.04654	0.31961
V766	0.04659	0.33218	0.35098	0.27026
V767	0.35216	0.18691	0.2304	0.23052
V768	0.05531	0.74601	0.07679	0.1219
V769	0.1184	0.68991	0.0803	0.11139
V770	0.01985	0.80593	0.06718	0.10704
V771	0.16341	0.10269	0.61386	0.12005
V772	0.1405	0.12646	0.62026	0.11277
V773	0.13177	0.69394	0.06206	0.11222
V774	0.06109	0.10396	0.69824	0.13671
V775	0.12422	0.12781	0.2529	0.49507
V776	0.30704	0.40107	0.09448	0.19742
V777	0.15501	0.18294	0.16003	0.50202
V778	0.38322	0.29794	0.10656	0.21228
V779	0.15904	0.12628	0.3945	0.32018
V780	0.09889	0.64844	0.15378	0.0989
V781	0.08196	0.11399	0.09146	0.7126
V782	0.04792	0.19277	0.5961	0.16321
V783	0.58487	0.0811	0.09364	0.24039
V784	0.09285	0.73226	0.06859	0.10629
V785	0.04182	0.76403	0.07228	0.12187
V786	0.53063	0.20619	0.11673	0.14646
V787	0.01703	0.70051	0.17592	0.10654
V788	0.36906	0.31608	0.1698	0.14505
V789	0.08223	0.35237	0.0839	0.4815
V790	0.33484	0.10328	0.11842	0.44347
V791	0.12577	0.36654	0.28145	0.22623
V792	0.1164	0.47286	0.06174	0.349
V793	0.10641	0.5553	0.08477	0.25352
V794	0.07877	0.15986	0.59038	0.17098
V795	0.11887	0.12493	0.11059	0.64561
V796	0.06461	0.16133	0.64598	0.12808
V797	0.58603	0.06352	0.22906	0.1214
V798	0.45553	0.31226	0.11032	0.12189
V799	0.11206	0.64414	0.07844	0.16537
V800	0.09374	0.11742	0.40449	0.38435
V801	0.13424	0.18953	0.27931	0.39692
V802	0.0722	0.16046	0.24631	0.52103
V803	0.17948	0.47266	0.24842	0.09944
V804	0.39952	0.09097	0.33887	0.17064
V805	0.0555	0.10458	0.7319	0.10802
V806	0.04889	0.7435	0.07137	0.13625
V807	0.20283	0.20634	0.08982	0.50101
V808	0.4855	0.29294	0.08352	0.13804
V809	0.0756	0.12336	0.69401	0.10704
V810	0.01975	0.81132	0.06195	0.10697
V811	0.3123	0.14779	0.20409	0.33583
V812	0.39095	0.28786	0.0926	0.22859
V813	0.43637	0.23759	0.19426	0.13178
V814	0.32085	0.48446	0.08851	0.10617
V815	0.01369	0.76096	0.11894	0.10642
V816	0.74089	0.0529	0.09807	0.10815
V817	0.06603	0.15445	0.65929	0.12022
V818	0.0564	0.1293	0.09893	0.71537
V819	0.62312	0.13773	0.09111	0.14804
V820	0.12962	0.16557	0.08487	0.61993
V821	0.1791	0.32868	0.32535	0.16687
V822	0.09571	0.11492	0.66139	0.12797
V823	0.05937	0.24338	0.51151	0.18573
V824	0.0975	0.37145	0.43004	0.10101
V825	0.17862	0.30971	0.23153	0.28014
V826	0.31842	0.39705	0.17156	0.11297
V827	0.27955	0.52952	0.06328	0.12765
V828	0.18101	0.2187	0.13966	0.46064
V829	0.06737	0.26978	0.09465	0.56819
V830	0.17812	0.26016	0.08197	0.47975
V831	0.56926	0.14439	0.07833	0.20801
V832	0.20402	0.38445	0.1772	0.23434
V833	0.12789	0.45381	0.18535	0.23295
V834	0.22813	0.14875	0.12093	0.50219
V835	0.26374	0.42032	0.14229	0.17365
V836	0.02865	0.5691	0.06455	0.33769
V837	0.17444	0.37007	0.19105	0.26444
V838	0.72274	0.09166	0.07167	0.11393
V839	0.22879	0.53364	0.13164	0.10594
V840	0.22304	0.61944	0.0586	0.09891
V841	0.04493	0.13231	0.66616	0.1566
V842	0.26539	0.22254	0.23783	0.27424
V843	0.05842	0.11445	0.65429	0.17284
V844	0.11974	0.16736	0.3152	0.3977
V845	0.0908	0.18264	0.56353	0.16303
V846	0.04546	0.10475	0.57464	0.27514
V847	0.06121	0.09799	0.0832	0.75759
V848	0.09015	0.454	0.17952	0.27633
V849	0.01398	0.78385	0.06708	0.13509
V850	0.76941	0.05277	0.05586	0.12196
V851	0.25395	0.48251	0.1643	0.09924
V852	0.11762	0.13303	0.15864	0.5907
V853	0.1966	0.26554	0.33149	0.20636
V854	0.42739	0.21961	0.13127	0.22173
V855	0.06121	0.09799	0.0832	0.75759
V856	0.06535	0.3514	0.29751	0.28575
V857	0.48821	0.22148	0.07653	0.21379
V858	0.43004	0.08148	0.3752	0.11328
V859	0.47637	0.26718	0.06511	0.19134
V860	0.16159	0.17954	0.10486	0.554
V861	0.09839	0.35701	0.43023	0.11436
V862	0.13708	0.16401	0.55072	0.14819
V863	0.17208	0.13355	0.06631	0.62806
V864	0.09339	0.12	0.10752	0.67909
V865	0.12592	0.09885	0.24627	0.52897
V866	0.55457	0.08149	0.2431	0.12084
V867	0.55401	0.08954	0.24318	0.11328
V868	0.36901	0.30238	0.15299	0.17562
V869	0.02696	0.79918	0.06664	0.10722
V870	0.10453	0.33599	0.07739	0.48209
V871	0.01398	0.78385	0.06708	0.13509
V872	0.05752	0.10996	0.23458	0.59794
V873	0.67838	0.08655	0.09278	0.14228
V874	0.15555	0.66676	0.07879	0.09889
V875	0.05329	0.24118	0.20073	0.5048
V876	0.14219	0.33679	0.33788	0.18313
V877	0.06419	0.38214	0.26116	0.29251
V878	0.11132	0.68141	0.10876	0.0985
V879	0.1513	0.58567	0.091	0.17203
V880	0.22809	0.49118	0.05615	0.22458
V881	0.1454	0.12878	0.46501	0.26081
V882	0.60551	0.0579	0.15573	0.18087
V883	0.23098	0.24265	0.42409	0.10228
V884	0.05379	0.2886	0.06697	0.59063
V885	0.53502	0.24493	0.11707	0.10297
V886	0.04396	0.36247	0.37404	0.21953
V887	0.46437	0.1298	0.17462	0.23121
V888	0.11583	0.13178	0.56467	0.18773
V889	0.70802	0.09975	0.06466	0.12757
V890	0.06751	0.21221	0.46887	0.25141
V891	0.4675	0.11708	0.26771	0.14771
V892	0.21557	0.22798	0.06979	0.48666
V893	0.41985	0.25223	0.16849	0.15942
V894	0.08351	0.32624	0.45063	0.13962
V895	0.43304	0.13268	0.20339	0.23089
V896	0.0416	0.77053	0.06603	0.12184
V897	0.50703	0.28021	0.05306	0.1597
V898	0.34531	0.07572	0.06291	0.51606
V899	0.06005	0.23828	0.16262	0.53904
V900	0.09053	0.31344	0.30248	0.29354
V901	0.04394	0.68482	0.06283	0.20841
V902	0.04952	0.74543	0.09871	0.10633
V903	0.03533	0.40251	0.41685	0.14531
V904	0.0268	0.80473	0.06128	0.10719
V905	0.14744	0.08764	0.18925	0.57566
V906	0.29457	0.16154	0.13661	0.40728
V907	0.31213	0.46913	0.06867	0.15007
V908	0.06122	0.12998	0.11905	0.68975
V909	0.10988	0.67048	0.05435	0.16529
V910	0.1535	0.08759	0.15253	0.60638
V911	0.37115	0.38314	0.07906	0.16665
V912	0.28123	0.33499	0.14806	0.23573
V913	0.12316	0.09042	0.07924	0.70718
V914	0.15171	0.44956	0.26223	0.1365
V915	0.18965	0.08556	0.07268	0.65211
V916	0.2136	0.13581	0.502	0.14859
V917	0.52766	0.09434	0.18243	0.19557
V918	0.0578	0.5401	0.22038	0.18173
V919	0.16552	0.2718	0.26018	0.3025
V920	0.44187	0.24115	0.12468	0.19231
V921	0.06564	0.21158	0.09192	0.63086
V922	0.09996	0.42929	0.32627	0.14448
V923	0.10163	0.10618	0.10208	0.69011
V924	0.05042	0.56974	0.25009	0.12975
V925	0.15895	0.11565	0.07907	0.64633
V926	0.1739	0.1072	0.09038	0.62853
V927	0.068	0.12149	0.10916	0.70134
V928	0.04799	0.72953	0.06415	0.15832
V929	0.06347	0.54374	0.15297	0.23982
V930	0.36305	0.36735	0.07961	0.18999
V931	0.13077	0.30139	0.40097	0.16688
V932	0.06828	0.18844	0.4618	0.28148
V933	0.441	0.38688	0.05922	0.1129
V934	0.04847	0.21335	0.24676	0.49142
V935	0.40747	0.21416	0.21025	0.16811
V936	0.37393	0.29452	0.06675	0.2648
V937	0.38816	0.18759	0.11958	0.30468
V938	0.28469	0.12607	0.2755	0.31373
V939	0.55539	0.0832	0.11357	0.24783
V940	0.039	0.65512	0.16932	0.13656
V941	0.0495	0.10456	0.73148	0.11446
V942	0.54438	0.22854	0.10398	0.1231
V943	0.30052	0.1916	0.35377	0.15411
V944	0.05199	0.28565	0.11348	0.54888
V945	0.40201	0.35629	0.05911	0.18259
V946	0.33172	0.28979	0.23935	0.13915
V947	0.10345	0.13627	0.21996	0.54031
V948	0.27588	0.10994	0.48844	0.12574
V949	0.04572	0.18243	0.20209	0.56975
V950	0.06686	0.4711	0.20725	0.25478
V951	0.6366	0.07531	0.174	0.1141
V952	0.09041	0.19685	0.23968	0.47306
V953	0.05863	0.13962	0.66556	0.1362
V954	0.06689	0.23144	0.16203	0.53965
V955	0.10625	0.51576	0.07992	0.29807
V956	0.07263	0.11706	0.40508	0.40523
V957	0.25701	0.09388	0.06211	0.587
V958	0.06655	0.09777	0.07825	0.75743
V959	0.18935	0.28995	0.35308	0.16763
V960	0.18308	0.2938	0.12003	0.40308
V961	0.12501	0.37373	0.2966	0.20467
V962	0.27557	0.22346	0.3323	0.16867
V963	0.42792	0.22056	0.17446	0.17705
V964	0.63504	0.08964	0.13286	0.14246
V965	0.06775	0.44782	0.19283	0.29161
V966	0.76201	0.06641	0.04966	0.12192
V967	0.08564	0.13185	0.41246	0.37005
V968	0.03922	0.21463	0.58342	0.16273
V969	0.0458	0.29863	0.09542	0.56014
V970	0.06876	0.19373	0.34155	0.39596
V971	0.37046	0.15531	0.29577	0.17845
V972	0.36119	0.24154	0.09336	0.30392
V973	0.20262	0.39474	0.11741	0.28523
V974	0.02386	0.64701	0.15515	0.17398
V975	0.10812	0.31001	0.47356	0.1083
V976	0.31297	0.27903	0.14203	0.26597
V977	0.24727	0.35617	0.29005	0.10651
V978	0.08926	0.16271	0.11617	0.63186
V979	0.61492	0.07807	0.19263	0.11438
V980	0.78742	0.0522	0.04521	0.11517
V981	0.26542	0.11192	0.3613	0.26135
V982	0.31581	0.38624	0.11538	0.18256
V983	0.51027	0.12407	0.05266	0.313
V984	0.03071	0.69055	0.14232	0.13641
V985	0.09093	0.23065	0.07211	0.6063
V986	0.23856	0.47166	0.09403	0.19575
V987	0.18525	0.64043	0.05352	0.1208
V988	0.18162	0.09963	0.07812	0.64063
V989	0.32339	0.44098	0.11486	0.12077
V990	0.04259	0.13701	0.59598	0.22442
V991	0.48037	0.36013	0.04583	0.11366
V992	0.18334	0.09101	0.41876	0.30689
V993	0.06969	0.60651	0.18051	0.14329
V994	0.14886	0.65997	0.07923	0.11193
V995	0.53577	0.16341	0.07847	0.22235
V996	0.21141	0.18336	0.07084	0.53438
V997	0.05951	0.10569	0.62497	0.20982
V998	0.66434	0.07108	0.10708	0.1575
V999	0.09976	0.73696	0.05713	0.10616
V1000	0.2431	0.10092	0.06342	0.59256
