CD14.pos.CD16.neg.classical.monocyte	mature.neutrophil	memory.B.cell	cytotoxic.CD56.dim.NK.cell	memory.CD4.pos.AB.T.cell	macrophage
V1	0.13039	0.02805	0.63521	0.01758	0.07334	0.11543
V2	0.43573	0.12264	0.05527	0.0779	0.14197	0.1665
V3	0.22095	0.06879	0.18175	0	0.06195	0.46656
V4	0.20738	0.36449	0.04853	0.06983	0.13962	0.17015
V5	0.07435	0.05491	0.03988	0.41497	0.31877	0.09713
V6	0.22519	0.03627	0.16233	0.02969	0.15973	0.3868
V7	0.07983	0.33003	0.05256	0.04696	0.3865	0.10412
V8	0.50994	0.07223	0.05551	0.07865	0.07597	0.2077
V9	0.26102	0.15167	0.03788	0.16443	0.10668	0.27831
V10	0.36951	0.05453	0.08102	0.21372	0.11498	0.16624
V11	0.11567	0.60236	0.05686	0.03784	0.09614	0.09113
V12	0.22557	0.05198	0.07846	0.00291	0.05977	0.5813
V13	0.11255	0.418	0.25696	0.03271	0.08447	0.09532
V14	0.12406	0.03376	0.04239	0.54398	0.14911	0.10669
V15	0.37914	0.08793	0.04983	0.09049	0.20543	0.18719
V16	0.10847	0.02483	0.05151	0.2738	0.34107	0.20032
V17	0.21559	0.05583	0.1416	0	0.05263	0.53436
V18	0.51844	0.14468	0.0587	0.02827	0.06582	0.18409
V19	0.43714	0.07171	0.17367	0.02029	0.12362	0.17356
V20	0.45889	0.08072	0.10471	0.07779	0.07647	0.20142
V21	0.23051	0.06009	0.05404	0.00504	0.08245	0.56788
V22	0.18045	0.06485	0.06538	0.07472	0.46286	0.15173
V23	0.09276	0.02575	0.31103	0.03894	0.42189	0.10962
V24	0.15812	0.0322	0.05886	0.10634	0.48939	0.15509
V25	0.35492	0.24285	0.04415	0.09738	0.10644	0.15425
V26	0.24298	0.04066	0.06963	0.03593	0.47135	0.13946
V27	0.19918	0.03863	0.16269	0.00226	0.06109	0.53616
V28	0.14524	0.21785	0.15628	0.15029	0.10891	0.22143
V29	0.11551	0.46711	0.11018	0.06124	0.08064	0.16532
V30	0.21565	0.17924	0.12689	0.01723	0.20926	0.25173
V31	0.4733	0.05322	0.17095	0.02729	0.06429	0.21095
V32	0.08194	0.02725	0.30227	0.34554	0.11617	0.12683
V33	0.21849	0.33126	0.2045	0.0301	0.07288	0.14276
V34	0.05193	0.01489	0.43385	0.04187	0.34535	0.11212
V35	0.07791	0.05937	0.18431	0.35068	0.20642	0.12131
V36	0.12048	0.39561	0.13271	0.03303	0.20835	0.10982
V37	0.10063	0.0241	0.59288	0.01669	0.07018	0.19552
V38	0.21397	0.03424	0.13596	0	0.05125	0.56458
V39	0.44085	0.06341	0.04948	0.17521	0.08979	0.18124
V40	0.11046	0.40333	0.05137	0.11413	0.16623	0.15447
V41	0.48747	0.05881	0.06476	0.01472	0.06506	0.30918
V42	0.23393	0.03469	0.42468	0.01215	0.09671	0.19784
V43	0.19211	0.33262	0.05295	0.0425	0.2236	0.15621
V44	0.11951	0.60949	0.05174	0.03334	0.08538	0.10055
V45	0.32448	0.26676	0.07568	0.02796	0.0792	0.22593
V46	0.12125	0.026	0.06044	0.18692	0.31881	0.28658
V47	0.10788	0.34484	0.04884	0.11474	0.24522	0.13848
V48	0.09155	0.47842	0.18121	0.02723	0.13489	0.0867
V49	0.11238	0.58161	0.05188	0.03346	0.12964	0.09103
V50	0.05939	0.01566	0.26423	0.03867	0.46784	0.15421
V51	0.03801	0.02227	0.07317	0.05627	0.69473	0.11554
V52	0.09861	0.43145	0.22565	0.04427	0.10288	0.09714
V53	0.14918	0.02439	0.13216	0.05522	0.51606	0.12298
V54	0.10944	0.1081	0.45386	0.04433	0.13032	0.15395
V55	0.04299	0.04883	0.15498	0.06017	0.58348	0.10956
V56	0.06152	0.04405	0.59901	0.08996	0.11039	0.09507
V57	0.18131	0.28978	0.07549	0.01482	0.15207	0.28652
V58	0.07518	0.02408	0.6641	0.02844	0.0757	0.13249
V59	0.1101	0.02602	0.03008	0.56204	0.17159	0.10016
V60	0.39401	0.04155	0.04653	0.25952	0.10335	0.15505
V61	0.28119	0.1239	0.0484	0.10543	0.11429	0.32679
V62	0.38665	0.05857	0.09944	0.08314	0.13088	0.24133
V63	0.14518	0.3932	0.05073	0.06128	0.08615	0.26347
V64	0.04363	0.10355	0.06715	0.04614	0.63039	0.10915
V65	0.39127	0.13356	0.06687	0.02485	0.09108	0.29236
V66	0.36212	0.05606	0.14086	0.03553	0.24509	0.16035
V67	0.12221	0.13188	0.26395	0.15667	0.09148	0.23381
V68	0.5682	0.06609	0.06013	0.04296	0.06568	0.19694
V69	0.4166	0.06702	0.05083	0.01083	0.07411	0.3806
V70	0.09647	0.02202	0.21137	0.39219	0.17446	0.1035
V71	0.10436	0.21763	0.0733	0.08676	0.3131	0.20484
V72	0.41634	0.12789	0.09966	0.02902	0.10466	0.22244
V73	0.11383	0.01652	0.10817	0.49358	0.16163	0.10628
V74	0.08479	0.13773	0.04063	0.49807	0.1505	0.08828
V75	0.10181	0.60887	0.04568	0.04769	0.1076	0.08835
V76	0.06792	0.01535	0.57105	0.04155	0.19761	0.10652
V77	0.14755	0.12667	0.11271	0.34489	0.11903	0.14915
V78	0.37957	0.12401	0.08256	0.08596	0.08318	0.24471
V79	0.15741	0.40711	0.05325	0.01343	0.06834	0.30046
V80	0.15014	0.42642	0.04731	0.02095	0.08091	0.27426
V81	0.48517	0.12057	0.10044	0.02613	0.07608	0.19162
V82	0.0988	0.55623	0.04982	0.05607	0.14272	0.09637
V83	0.16783	0.1371	0.05715	0.26319	0.2074	0.16734
V84	0.2982	0.03839	0.106	0.27092	0.12444	0.16204
V85	0.54607	0.06311	0.10882	0.0266	0.06345	0.19194
V86	0.24594	0.05061	0.1334	0.18436	0.09675	0.28895
V87	0.08544	0.03148	0.04913	0.57364	0.15469	0.10562
V88	0.15507	0.04316	0.0403	0.3227	0.14884	0.28993
V89	0.13986	0.14168	0.35232	0.01102	0.06428	0.29084
V90	0.1205	0.48333	0.13164	0.03164	0.12233	0.11057
V91	0.07178	0.0272	0.09781	0.10641	0.57088	0.12592
V92	0.04581	0.07286	0.07446	0.05089	0.63428	0.12169
V93	0.21296	0.0742	0.05453	0.07073	0.24163	0.34594
V94	0.0744	0.02089	0.24274	0.43755	0.13137	0.09305
V95	0.04817	0.02225	0.29541	0.10601	0.42698	0.10118
V96	0.11647	0.29647	0.05901	0.05077	0.27122	0.20606
V97	0.03949	0.02817	0.07652	0.08965	0.65836	0.10782
V98	0.09731	0.07777	0.03835	0.48083	0.20464	0.10109
V99	0.08284	0.03207	0.03584	0.59057	0.16404	0.09465
V100	0.07047	0.01959	0.39837	0.18415	0.19771	0.12972
V101	0.08237	0.28434	0.36334	0.08012	0.08846	0.10136
V102	0.53249	0.06838	0.12072	0.02605	0.06376	0.18859
V103	0.45823	0.06572	0.05992	0.11382	0.11051	0.1918
V104	0.09551	0.01383	0.20831	0.43241	0.14193	0.10801
V105	0.22278	0.03736	0.09756	0	0.05085	0.59145
V106	0.1246	0.01834	0.4738	0.00399	0.06979	0.30948
V107	0.1297	0.46989	0.20303	0.02465	0.07906	0.09367
V108	0.18176	0.05176	0.07573	0.01084	0.19658	0.48333
V109	0.19112	0.03929	0.05698	0.00329	0.18077	0.52855
V110	0.09722	0.13742	0.54761	0.01559	0.07902	0.12314
V111	0.0611	0.0312	0.68171	0.03183	0.09061	0.10354
V112	0.10689	0.26615	0.02846	0.37191	0.1335	0.0931
V113	0.07391	0.08304	0.51337	0.04463	0.17789	0.10716
V114	0.15847	0.01895	0.51704	0.10427	0.0836	0.11767
V115	0.34108	0.08674	0.06174	0.02951	0.14987	0.33106
V116	0.56057	0.06465	0.05918	0.05327	0.06728	0.19505
V117	0.39087	0.0516	0.05389	0.0828	0.25467	0.16616
V118	0.1012	0.4957	0.11859	0.04735	0.13094	0.10621
V119	0.10792	0.58278	0.05446	0.0536	0.09117	0.11008
V120	0.13681	0.17252	0.11643	0.27473	0.17379	0.12571
V121	0.29591	0.04251	0.04587	0.16536	0.07889	0.37146
V122	0.26884	0.04489	0.04162	0.36976	0.14629	0.12861
V123	0.30169	0.04618	0.04909	0.0367	0.15598	0.41035
V124	0.05059	0.01669	0.28586	0.04365	0.49275	0.11047
V125	0.08789	0.12878	0.51001	0.05384	0.07761	0.14188
V126	0.18428	0.21671	0.07954	0.00808	0.06596	0.44542
V127	0.0916	0.01603	0.61896	0.07663	0.08915	0.10763
V128	0.27526	0.21864	0.11981	0.11493	0.12864	0.14272
V129	0.06423	0.02993	0.64449	0.06516	0.08837	0.10781
V130	0.38406	0.13205	0.04847	0.16484	0.10808	0.1625
V131	0.08221	0.02013	0.08429	0.04722	0.56045	0.2057
V132	0.09113	0.35947	0.32268	0.02238	0.11113	0.09321
V133	0.10438	0.16054	0.44644	0.07032	0.11762	0.1007
V134	0.18545	0.46428	0.0514	0.03304	0.13598	0.12986
V135	0.11151	0.02458	0.5616	0.01306	0.1073	0.18196
V136	0.14084	0.513	0.0955	0.03836	0.10738	0.10491
V137	0.08419	0.13745	0.44681	0.03395	0.20162	0.09598
V138	0.17466	0.02212	0.05087	0.246	0.15511	0.35124
V139	0.11163	0.05751	0.16411	0.0242	0.34636	0.29619
V140	0.40622	0.20433	0.0772	0.06318	0.07768	0.17138
V141	0.22587	0.22286	0.13001	0.17182	0.11336	0.13608
V142	0.161	0.50683	0.05353	0.06027	0.08245	0.13592
V143	0.10791	0.06173	0.49327	0.06535	0.14769	0.12406
V144	0.19827	0.15467	0.0525	0.07364	0.07299	0.44793
V145	0.08786	0.0166	0.04235	0.59031	0.15057	0.11231
V146	0.12926	0.03043	0.11743	0.04054	0.51431	0.16803
V147	0.35929	0.09415	0.12236	0.03624	0.06294	0.32503
V148	0.07589	0.15067	0.57831	0.01764	0.07467	0.10281
V149	0.16085	0.37014	0.04057	0.02596	0.06855	0.33393
V150	0.08785	0.01762	0.03044	0.59036	0.17682	0.09691
V151	0.17444	0.31204	0.04188	0.01395	0.08069	0.377
V152	0.1095	0.19224	0.3505	0.04152	0.16721	0.13903
V153	0.06603	0.04304	0.50359	0.17415	0.11424	0.09896
V154	0.33669	0.19246	0.05254	0.01105	0.06096	0.34629
V155	0.09928	0.28933	0.11563	0.02985	0.33333	0.13257
V156	0.07008	0.3818	0.05772	0.0369	0.36295	0.09055
V157	0.16678	0.10694	0.06958	0.16394	0.09236	0.4004
V158	0.07574	0.06215	0.65979	0.01796	0.07528	0.10908
V159	0.16252	0.19579	0.27602	0.12075	0.11487	0.13003
V160	0.08001	0.01675	0.65862	0.02128	0.07378	0.14956
V161	0.09207	0.39022	0.03544	0.22267	0.17358	0.08603
V162	0.09842	0.41594	0.04262	0.10388	0.22988	0.10926
V163	0.0738	0.01811	0.6996	0.01976	0.0764	0.11234
V164	0.08367	0.27842	0.30675	0.08883	0.1446	0.09773
V165	0.07539	0.03522	0.0911	0.04898	0.56778	0.18153
V166	0.12235	0.02815	0.05152	0.10967	0.37714	0.31117
V167	0.0764	0.01195	0.35441	0.32238	0.13409	0.10076
V168	0.46875	0.05897	0.05091	0.15731	0.08152	0.18253
V169	0.0802	0.02057	0.54593	0.14238	0.09702	0.11389
V170	0.33936	0.05876	0.11602	0.19275	0.1381	0.15501
V171	0.18769	0.35212	0.05424	0.01229	0.07722	0.31644
V172	0.1243	0.06962	0.42572	0.11811	0.08942	0.17283
V173	0.08648	0.03098	0.60034	0.01207	0.08258	0.18756
V174	0.42536	0.12281	0.05963	0.03182	0.1941	0.16629
V175	0.12683	0.48821	0.13141	0.03746	0.11828	0.09781
V176	0.06069	0.01714	0.69993	0.02688	0.0904	0.10496
V177	0.16258	0.08245	0.27467	0.02909	0.18598	0.26522
V178	0.05581	0.05105	0.09536	0.04468	0.62838	0.12472
V179	0.10662	0.0156	0.06853	0.40106	0.19614	0.21205
V180	0.2461	0.03285	0.17447	0.24424	0.09536	0.20699
V181	0.37158	0.12373	0.09174	0.05429	0.11417	0.24448
V182	0.07591	0.08295	0.5885	0.05678	0.07939	0.11647
V183	0.0952	0.01772	0.03562	0.6014	0.15279	0.09727
V184	0.29172	0.32033	0.05322	0.04147	0.15197	0.14129
V185	0.15141	0.39499	0.06218	0.02688	0.16159	0.20295
V186	0.06591	0.012	0.49511	0.22303	0.10921	0.09475
V187	0.23846	0.38243	0.04681	0.03847	0.16961	0.12422
V188	0.16769	0.43255	0.04705	0.03237	0.07261	0.24772
V189	0.076	0.07054	0.18904	0.04558	0.4273	0.19153
V190	0.08759	0.1578	0.06159	0.04074	0.4422	0.21007
V191	0.14687	0.43174	0.04147	0.02107	0.08101	0.27783
V192	0.37142	0.20231	0.11037	0.03732	0.10873	0.16985
V193	0.21058	0.12128	0.05171	0.00456	0.06152	0.55034
V194	0.05402	0.03423	0.08441	0.1139	0.5904	0.12304
V195	0.06512	0.01392	0.56996	0.08119	0.16535	0.10447
V196	0.0823	0.01653	0.05133	0.56866	0.17991	0.10128
V197	0.18125	0.02764	0.0847	0.04345	0.52298	0.13999
V198	0.14141	0.31822	0.07507	0.11525	0.23463	0.11542
V199	0.07408	0.19237	0.13308	0.09615	0.39803	0.10628
V200	0.11494	0.02158	0.45034	0.15056	0.094	0.16859
V201	0.09581	0.01709	0.02837	0.59007	0.14965	0.11902
V202	0.13058	0.06378	0.34627	0.03465	0.16914	0.25558
V203	0.41425	0.06735	0.04729	0.21624	0.09075	0.1641
V204	0.21687	0.0672	0.07325	0.09605	0.07412	0.47251
V205	0.06728	0.03183	0.68716	0.031	0.07827	0.10445
V206	0.08345	0.0531	0.1211	0.48672	0.16257	0.09306
V207	0.30435	0.16945	0.07143	0.15664	0.10178	0.19635
V208	0.29645	0.09357	0.3151	0.04577	0.10733	0.14178
V209	0.24485	0.36732	0.04261	0.03901	0.07688	0.22932
V210	0.13045	0.03576	0.62834	0.0174	0.07307	0.11498
V211	0.36998	0.06562	0.12299	0.02199	0.1642	0.25522
V212	0.08866	0.22134	0.19071	0.24912	0.14701	0.10316
V213	0.07904	0.07087	0.26009	0.05059	0.42977	0.10965
V214	0.5208	0.07428	0.07019	0.05339	0.09026	0.19109
V215	0.14733	0.46194	0.04083	0.03833	0.07464	0.23693
V216	0.15283	0.38071	0.24723	0.02715	0.0878	0.10428
V217	0.21835	0.02826	0.08394	0.06456	0.24816	0.35673
V218	0.12099	0.26718	0.03621	0.34844	0.13617	0.09101
V219	0.5185	0.06175	0.06563	0.01757	0.06618	0.27037
V220	0.14902	0.02748	0.04232	0.52532	0.13932	0.11654
V221	0.14249	0.52832	0.06502	0.07288	0.09142	0.09987
V222	0.11447	0.23261	0.07999	0.12119	0.32604	0.12569
V223	0.1421	0.24536	0.22304	0.01326	0.08337	0.29287
V224	0.05081	0.01632	0.36691	0.03488	0.42734	0.10373
V225	0.25883	0.04878	0.06067	0.00378	0.054	0.57394
V226	0.23704	0.06394	0.1934	0.18371	0.16546	0.15645
V227	0.4352	0.04859	0.05056	0.14355	0.08364	0.23845
V228	0.15164	0.19455	0.36513	0.04997	0.09913	0.13958
V229	0.17262	0.02659	0.31088	0.16868	0.17939	0.14183
V230	0.09599	0.13724	0.5538	0.02159	0.07406	0.11733
V231	0.11602	0.03364	0.03649	0.5502	0.16326	0.10039
V232	0.32548	0.04537	0.03994	0.17361	0.08689	0.32872
V233	0.52502	0.067	0.06977	0.05784	0.07886	0.20152
V234	0.33645	0.04037	0.05921	0.04173	0.35735	0.1649
V235	0.13612	0.01884	0.05041	0.52709	0.15243	0.11511
V236	0.10506	0.01807	0.19727	0.03626	0.40463	0.23871
V237	0.06802	0.01488	0.63199	0.0836	0.09739	0.10412
V238	0.42133	0.0487	0.07986	0.06217	0.08886	0.29908
V239	0.37219	0.06351	0.12689	0.09824	0.15403	0.18513
V240	0.05997	0.2066	0.05447	0.11262	0.46626	0.10007
V241	0.38742	0.16094	0.05015	0.12477	0.10885	0.16787
V242	0.26474	0.0702	0.07545	0.1109	0.12763	0.35108
V243	0.08973	0.30542	0.3612	0.04798	0.10267	0.093
V244	0.15895	0.04057	0.06478	0.02432	0.42587	0.28552
V245	0.4806	0.05813	0.05867	0.0145	0.07032	0.31778
V246	0.07026	0.05217	0.2203	0.25746	0.29226	0.10755
V247	0.26978	0.09381	0.04731	0.11158	0.08378	0.39374
V248	0.22073	0.05084	0.05071	0.16437	0.35277	0.16057
V249	0.2166	0.14733	0.30347	0.06267	0.07299	0.19694
V250	0.09086	0.03225	0.03491	0.59026	0.15083	0.10089
V251	0.10301	0.43352	0.14143	0.12877	0.0975	0.09577
V252	0.08257	0.02358	0.06502	0.5461	0.17644	0.1063
V253	0.14306	0.06576	0.0434	0.24962	0.18249	0.31566
V254	0.09794	0.2166	0.10496	0.14297	0.29962	0.1379
V255	0.28108	0.25286	0.09391	0.05542	0.11227	0.20446
V256	0.106	0.60781	0.0458	0.03766	0.10068	0.10206
V257	0.10148	0.33093	0.07359	0.04579	0.30768	0.14052
V258	0.09925	0.19897	0.13811	0.34329	0.11634	0.10405
V259	0.0915	0.42405	0.26902	0.0314	0.07905	0.10498
V260	0.12968	0.05404	0.07405	0.04419	0.4986	0.19945
V261	0.35676	0.05706	0.07758	0.04032	0.20348	0.2648
V262	0.10994	0.02597	0.61272	0.02567	0.11881	0.10688
V263	0.0819	0.05916	0.50277	0.14761	0.09726	0.1113
V264	0.40314	0.06175	0.12006	0.036	0.10405	0.275
V265	0.06273	0.02238	0.07083	0.0651	0.66088	0.11808
V266	0.25336	0.06894	0.05966	0.00493	0.06008	0.55303
V267	0.18297	0.50556	0.04331	0.07314	0.09021	0.10481
V268	0.56087	0.06608	0.05484	0.02598	0.06281	0.22941
V269	0.09655	0.05345	0.12814	0.46858	0.15259	0.10069
V270	0.23568	0.38239	0.06403	0.03718	0.15281	0.12791
V271	0.16608	0.12215	0.21419	0.01216	0.07202	0.41339
V272	0.06464	0.01987	0.06445	0.09389	0.59257	0.16459
V273	0.08453	0.0198	0.10369	0.0917	0.5502	0.15007
V274	0.19388	0.0369	0.15558	0.03035	0.06556	0.51773
V275	0.44475	0.18669	0.05526	0.0308	0.07198	0.21053
V276	0.18428	0.21895	0.09801	0.05707	0.09769	0.34399
V277	0.35051	0.0591	0.05686	0.01707	0.14652	0.36993
V278	0.15181	0.11309	0.12189	0.17469	0.30719	0.13133
V279	0.21546	0.06687	0.18223	0.03445	0.07369	0.42729
V280	0.15607	0.02036	0.03615	0.5194	0.14419	0.12383
V281	0.10817	0.59524	0.06614	0.05066	0.08691	0.09287
V282	0.05662	0.05057	0.07276	0.08564	0.61589	0.11853
V283	0.07111	0.35603	0.05205	0.04181	0.37768	0.10132
V284	0.1106	0.09161	0.26791	0.21829	0.12681	0.18478
V285	0.09072	0.03235	0.02859	0.5902	0.15702	0.10112
V286	0.44658	0.07065	0.10307	0.12923	0.07856	0.17191
V287	0.06015	0.02659	0.0913	0.09394	0.58169	0.14633
V288	0.179	0.23272	0.05683	0.01498	0.14378	0.37269
V289	0.06691	0.08206	0.56316	0.08238	0.10185	0.10365
V290	0.08013	0.01324	0.20725	0.4501	0.1384	0.11089
V291	0.10369	0.04018	0.02811	0.56688	0.15293	0.10821
V292	0.17105	0.09058	0.04813	0.37541	0.20043	0.1144
V293	0.04314	0.05784	0.09536	0.0516	0.63529	0.11678
V294	0.36094	0.06545	0.05439	0.03352	0.25113	0.23457
V295	0.26334	0.04219	0.06128	0	0.05839	0.5748
V296	0.10876	0.30315	0.09995	0.18094	0.13463	0.17257
V297	0.21874	0.08751	0.04693	0.00384	0.0601	0.58288
V298	0.10167	0.54935	0.14531	0.03402	0.0828	0.08686
V299	0.15686	0.08209	0.544	0.02193	0.07912	0.11599
V300	0.46146	0.13273	0.07446	0.02252	0.06349	0.24534
V301	0.33589	0.32554	0.08195	0.03395	0.07851	0.14416
V302	0.09388	0.23683	0.08425	0.33036	0.15193	0.10275
V303	0.09788	0.51151	0.09087	0.03991	0.16265	0.09718
V304	0.05609	0.02211	0.0917	0.04811	0.66478	0.11722
V305	0.1199	0.02262	0.17061	0.2746	0.1641	0.24816
V306	0.33116	0.11643	0.04755	0.01091	0.05799	0.43595
V307	0.1614	0.03331	0.06899	0.0464	0.51085	0.17905
V308	0.0838	0.02495	0.0288	0.60672	0.16046	0.09526
V309	0.0964	0.42145	0.03777	0.24378	0.10694	0.09365
V310	0.14067	0.30159	0.21999	0.01689	0.08041	0.24046
V311	0.38078	0.05052	0.05585	0.01132	0.05664	0.44489
V312	0.148	0.02934	0.04843	0.25344	0.38384	0.13696
V313	0.29486	0.05012	0.047	0.02769	0.05763	0.5227
V314	0.24242	0.03481	0.03865	0.43065	0.13024	0.12323
V315	0.16983	0.5053	0.05108	0.02862	0.11495	0.1302
V316	0.26384	0.04486	0.05819	0.04411	0.07152	0.51747
V317	0.1345	0.01788	0.03761	0.43999	0.15503	0.215
V318	0.08694	0.02374	0.05591	0.57388	0.14791	0.11162
V319	0.28014	0.16683	0.21306	0.10096	0.08432	0.15468
V320	0.21876	0.16998	0.26815	0.08121	0.08222	0.17969
V321	0.10076	0.48593	0.03506	0.18682	0.10628	0.08515
V322	0.08319	0.01918	0.13116	0.04448	0.51695	0.20503
V323	0.09424	0.2452	0.03888	0.25913	0.26569	0.09686
V324	0.12858	0.05048	0.0828	0.15363	0.34126	0.24325
V325	0.13946	0.58196	0.06234	0.03177	0.08398	0.10049
V326	0.17867	0.52834	0.05738	0.03015	0.09613	0.10933
V327	0.11821	0.02014	0.65511	0.01814	0.07436	0.11405
V328	0.17375	0.17595	0.18077	0.11025	0.23833	0.12096
V329	0.06056	0.01503	0.46801	0.02821	0.30988	0.11831
V330	0.06793	0.01712	0.68834	0.02583	0.0896	0.11118
V331	0.44561	0.10131	0.08511	0.06554	0.07409	0.22834
V332	0.12957	0.07422	0.16164	0.02162	0.30532	0.30763
V333	0.0786	0.02739	0.38054	0.23176	0.1582	0.12351
V334	0.08202	0.32698	0.32457	0.09124	0.08562	0.08957
V335	0.14554	0.03477	0.55669	0.01743	0.0701	0.17547
V336	0.26072	0.43651	0.06341	0.02713	0.08086	0.13137
V337	0.0975	0.16551	0.10583	0.0433	0.48234	0.10553
V338	0.46731	0.05342	0.08571	0.02773	0.16328	0.20255
V339	0.14119	0.08622	0.31794	0.16755	0.10725	0.17984
V340	0.40487	0.23129	0.04763	0.04805	0.08704	0.18112
V341	0.23792	0.05689	0.06825	0.35888	0.14525	0.13282
V342	0.13122	0.02518	0.04488	0.41505	0.15812	0.22554
V343	0.20983	0.14794	0.12594	0.01895	0.07195	0.42539
V344	0.10837	0.46214	0.04347	0.04123	0.18245	0.16234
V345	0.04255	0.02213	0.07961	0.0561	0.68901	0.11059
V346	0.16659	0.0294	0.05802	0.28631	0.31659	0.1431
V347	0.3382	0.13668	0.06925	0.07542	0.22359	0.15685
V348	0.13669	0.11797	0.49032	0.02888	0.11061	0.11553
V349	0.47165	0.10449	0.07993	0.07531	0.09448	0.17415
V350	0.32335	0.06609	0.1337	0.14878	0.08015	0.24793
V351	0.25721	0.08785	0.07659	0.01747	0.06894	0.49193
V352	0.12713	0.26785	0.0534	0.01828	0.25049	0.28285
V353	0.07438	0.15043	0.58457	0.01814	0.075	0.09748
V354	0.16715	0.06117	0.21631	0.01468	0.25969	0.28101
V355	0.06584	0.0394	0.69224	0.02576	0.07808	0.09869
V356	0.366	0.13019	0.0674	0.15202	0.10023	0.18417
V357	0.24331	0.03515	0.33428	0.03219	0.20767	0.1474
V358	0.21789	0.03532	0.09073	0.0187	0.06163	0.57572
V359	0.17272	0.09053	0.0386	0.39707	0.17103	0.13005
V360	0.35558	0.03947	0.05506	0.14357	0.22238	0.18394
V361	0.10497	0.6202	0.04623	0.04267	0.09272	0.09321
V362	0.10265	0.42145	0.05792	0.22239	0.10996	0.08564
V363	0.46953	0.09807	0.08971	0.02136	0.121	0.20033
V364	0.18347	0.16893	0.05645	0.02733	0.13242	0.4314
V365	0.30296	0.32039	0.04768	0.10635	0.082	0.14063
V366	0.12713	0.20759	0.36643	0.05843	0.12643	0.114
V367	0.0869	0.01635	0.05476	0.39787	0.31537	0.12875
V368	0.16582	0.13058	0.10338	0.02787	0.15202	0.42032
V369	0.07143	0.04286	0.0631	0.08088	0.57789	0.16383
V370	0.09032	0.07495	0.49611	0.10302	0.09623	0.13937
V371	0.13394	0.21706	0.0355	0.31035	0.10729	0.19586
V372	0.11242	0.4951	0.04402	0.04366	0.17173	0.13308
V373	0.51256	0.06895	0.05325	0.01646	0.06063	0.28815
V374	0.19605	0.02866	0.21826	0.31401	0.12802	0.115
V375	0.30307	0.04157	0.19446	0.05695	0.23943	0.16452
V376	0.18835	0.06616	0.0625	0.07448	0.11307	0.49544
V377	0.08769	0.02471	0.35888	0.02964	0.37538	0.12371
V378	0.2029	0.08204	0.17582	0.00019	0.08044	0.45863
V379	0.35096	0.05131	0.13738	0.00546	0.05685	0.39805
V380	0.04309	0.05007	0.09549	0.05745	0.63675	0.11715
V381	0.28046	0.05166	0.2601	0.18069	0.09588	0.13121
V382	0.05464	0.04169	0.06651	0.17319	0.55401	0.10995
V383	0.19588	0.05196	0.32541	0.19493	0.10588	0.12593
V384	0.08946	0.03218	0.63195	0.03094	0.10758	0.10789
V385	0.23984	0.04754	0.06646	0	0.05171	0.59444
V386	0.40537	0.06791	0.22598	0.02341	0.10076	0.17657
V387	0.23043	0.03304	0.07306	0.41956	0.12299	0.12092
V388	0.49369	0.08517	0.1515	0.02016	0.06975	0.17972
V389	0.30306	0.10021	0.05354	0.0036	0.06171	0.47788
V390	0.12041	0.04789	0.03584	0.46556	0.15363	0.17668
V391	0.09727	0.02428	0.05333	0.39014	0.29459	0.14038
V392	0.13011	0.04765	0.36783	0.07372	0.07207	0.30861
V393	0.11648	0.13193	0.31285	0.05341	0.16019	0.22514
V394	0.08679	0.01648	0.05885	0.55175	0.18391	0.10223
V395	0.0613	0.06114	0.67845	0.02523	0.07772	0.09617
V396	0.36958	0.08528	0.04702	0.22517	0.12368	0.14928
V397	0.19898	0.1621	0.06903	0.00756	0.08702	0.4753
V398	0.11205	0.49016	0.05657	0.04606	0.18958	0.10559
V399	0.07173	0.01571	0.65231	0.04735	0.09133	0.12157
V400	0.17386	0.04653	0.03462	0.24301	0.09636	0.40562
V401	0.15207	0.03484	0.50017	0.0223	0.13991	0.15071
V402	0.12768	0.02639	0.03503	0.54942	0.14288	0.1186
V403	0.1555	0.02534	0.05932	0.03454	0.29221	0.43311
V404	0.06523	0.02519	0.71056	0.02103	0.07788	0.10011
V405	0.27245	0.28742	0.10801	0.05561	0.1445	0.13202
V406	0.17778	0.06899	0.17544	0.06759	0.18127	0.32892
V407	0.1137	0.0323	0.55123	0.00937	0.07414	0.21926
V408	0.1141	0.10099	0.05428	0.44399	0.1264	0.16025
V409	0.55893	0.08704	0.05486	0.02226	0.06303	0.21388
V410	0.5703	0.07423	0.05573	0.02321	0.07389	0.20264
V411	0.19306	0.03573	0.04556	0.15279	0.07556	0.4973
V412	0.38667	0.17583	0.09334	0.05031	0.13945	0.1544
V413	0.08994	0.10739	0.05523	0.49505	0.15616	0.09623
V414	0.14114	0.07332	0.04926	0.39073	0.22945	0.1161
V415	0.09875	0.01998	0.28775	0.25552	0.17213	0.16587
V416	0.09206	0.13296	0.05297	0.18721	0.35963	0.17517
V417	0.23799	0.03265	0.09483	0.07182	0.06451	0.4982
V418	0.06709	0.0751	0.35102	0.10723	0.27089	0.12867
V419	0.22508	0.06077	0.04806	0	0.0577	0.60839
V420	0.23517	0.04103	0.04886	0.00319	0.05902	0.61273
V421	0.07521	0.05727	0.10964	0.08588	0.54269	0.1293
V422	0.18743	0.25131	0.05315	0.03848	0.34831	0.12132
V423	0.11598	0.1476	0.02702	0.47169	0.13892	0.09879
V424	0.50331	0.12178	0.06225	0.05792	0.06955	0.18519
V425	0.04616	0.10307	0.07927	0.04458	0.61288	0.11404
V426	0.19256	0.06029	0.16841	0.0029	0.06174	0.5141
V427	0.3475	0.12823	0.14129	0.09414	0.09241	0.19643
V428	0.25994	0.03637	0.03207	0.42264	0.12253	0.12645
V429	0.0724	0.02985	0.12304	0.39044	0.27112	0.11315
V430	0.098	0.07511	0.44738	0.13909	0.10058	0.13985
V431	0.05992	0.02423	0.69905	0.03793	0.08024	0.09863
V432	0.09114	0.35689	0.04983	0.28967	0.12356	0.0889
V433	0.08823	0.01669	0.06348	0.58497	0.15061	0.09602
V434	0.08536	0.24281	0.158	0.31103	0.11364	0.08915
V435	0.08266	0.02078	0.0703	0.03297	0.54907	0.24422
V436	0.52515	0.13144	0.05845	0.03325	0.0662	0.18552
V437	0.19846	0.22804	0.24198	0.0296	0.14237	0.15954
V438	0.09259	0.31701	0.05655	0.07268	0.35573	0.10544
V439	0.04596	0.02732	0.15129	0.04516	0.61712	0.11315
V440	0.15366	0.05771	0.34183	0.05213	0.20584	0.18882
V441	0.11982	0.06938	0.36885	0.10216	0.08988	0.24989
V442	0.32344	0.12678	0.16252	0.05308	0.10438	0.2298
V443	0.09099	0.01576	0.07895	0.52909	0.1665	0.11871
V444	0.46766	0.07628	0.07657	0.03614	0.12249	0.22086
V445	0.57361	0.07457	0.06739	0.02288	0.06321	0.19834
V446	0.0995	0.41899	0.23273	0.03697	0.09537	0.11644
V447	0.188	0.19821	0.03792	0.12635	0.11293	0.3366
V448	0.07519	0.03199	0.65089	0.021	0.11985	0.10109
V449	0.4077	0.0674	0.05428	0.18578	0.08497	0.19987
V450	0.11477	0.02585	0.53696	0.02197	0.18653	0.11392
V451	0.12443	0.05048	0.17305	0.12674	0.40819	0.11711
V452	0.16025	0.03562	0.06222	0.27668	0.13463	0.33059
V453	0.27378	0.02908	0.39504	0.08491	0.08376	0.13344
V454	0.20432	0.06879	0.11539	0.36493	0.12172	0.12485
V455	0.14	0.56079	0.06654	0.04436	0.08403	0.10429
V456	0.51904	0.06037	0.07789	0.02561	0.0905	0.22658
V457	0.20155	0.03917	0.05702	0.01098	0.19499	0.49629
V458	0.09574	0.01588	0.35801	0.0294	0.32191	0.17906
V459	0.07797	0.02801	0.47434	0.22251	0.10199	0.09519
V460	0.29343	0.07819	0.21137	0.09239	0.09805	0.22657
V461	0.25177	0.05886	0.05201	0.28709	0.19102	0.15925
V462	0.06717	0.01654	0.67679	0.02989	0.08298	0.12662
V463	0.0396	0.04301	0.08261	0.07718	0.65098	0.10662
V464	0.12723	0.57154	0.05071	0.04641	0.11071	0.0934
V465	0.28994	0.1011	0.33421	0.01587	0.09666	0.16221
V466	0.13033	0.03391	0.04495	0.4812	0.18418	0.12543
V467	0.57937	0.06852	0.06173	0.02279	0.06297	0.20461
V468	0.28437	0.10819	0.10992	0.17245	0.18729	0.13779
V469	0.08141	0.11323	0.50592	0.07167	0.08647	0.1413
V470	0.41474	0.0537	0.08496	0.06827	0.20296	0.17536
V471	0.09917	0.17597	0.41094	0.05487	0.10672	0.15233
V472	0.1092	0.39648	0.04664	0.05125	0.26765	0.12877
V473	0.10898	0.6269	0.05223	0.03479	0.08695	0.09015
V474	0.11355	0.01401	0.31793	0.32774	0.12054	0.10624
V475	0.10494	0.13175	0.2465	0.13628	0.25986	0.12066
V476	0.35627	0.05639	0.04982	0.12984	0.10507	0.30262
V477	0.1356	0.43248	0.08129	0.07704	0.0976	0.17599
V478	0.07435	0.0234	0.64614	0.02741	0.08073	0.14797
V479	0.09584	0.11487	0.55189	0.02368	0.10537	0.10835
V480	0.07634	0.20709	0.05013	0.2297	0.33942	0.09732
V481	0.30612	0.10342	0.12955	0.06789	0.22607	0.16695
V482	0.39509	0.05088	0.0623	0.01262	0.05686	0.42225
V483	0.10152	0.59954	0.08872	0.0368	0.0857	0.08772
V484	0.52093	0.05981	0.10348	0.02136	0.09725	0.19717
V485	0.2262	0.11751	0.36856	0.05997	0.08062	0.14714
V486	0.19522	0.02297	0.50144	0.0352	0.07127	0.17391
V487	0.07	0.28747	0.06136	0.04283	0.43352	0.10483
V488	0.23136	0.46084	0.0557	0.05184	0.08032	0.11995
V489	0.50188	0.07214	0.10879	0.02636	0.09839	0.19245
V490	0.2356	0.06628	0.04543	0.03234	0.07527	0.54509
V491	0.11428	0.22282	0.28953	0.02299	0.22591	0.12446
V492	0.17962	0.04671	0.19325	0.05506	0.12058	0.40479
V493	0.50687	0.15041	0.05153	0.0378	0.06754	0.18585
V494	0.16835	0.04684	0.27198	0.01549	0.05949	0.43784
V495	0.20952	0.39387	0.16993	0.03379	0.08206	0.11083
V496	0.19459	0.11655	0.24556	0.01558	0.20215	0.22558
V497	0.06808	0.16961	0.1779	0.05687	0.42539	0.10215
V498	0.1256	0.0929	0.29012	0.22189	0.14234	0.12715
V499	0.11165	0.47311	0.14753	0.06511	0.09497	0.10762
V500	0.33925	0.17286	0.09318	0.05454	0.16492	0.17526
V501	0.1294	0.5799	0.04504	0.04467	0.09001	0.11099
V502	0.05866	0.02573	0.0649	0.20781	0.52713	0.11576
V503	0.15366	0.26906	0.05667	0.30563	0.11743	0.09754
V504	0.11883	0.58461	0.07842	0.0322	0.09427	0.09167
V505	0.07793	0.01137	0.39325	0.2541	0.12885	0.13449
V506	0.29417	0.04317	0.07006	0.09741	0.11157	0.38361
V507	0.22744	0.04038	0.04902	0	0.06277	0.62039
V508	0.1062	0.42811	0.07985	0.08153	0.20369	0.10061
V509	0.10016	0.0253	0.04016	0.51812	0.21663	0.09964
V510	0.57097	0.06733	0.05592	0.02337	0.07928	0.20312
V511	0.21904	0.03828	0.03981	0.14243	0.0801	0.48034
V512	0.11285	0.17663	0.44289	0.0317	0.09164	0.14429
V513	0.0579	0.032	0.23547	0.07249	0.49225	0.10989
V514	0.11828	0.54792	0.08801	0.02646	0.07979	0.13954
V515	0.13168	0.31051	0.0362	0.28982	0.10887	0.12292
V516	0.06102	0.05279	0.60092	0.027	0.15067	0.1076
V517	0.05667	0.01294	0.34601	0.17334	0.30711	0.10392
V518	0.26848	0.30044	0.06655	0.08449	0.10608	0.17396
V519	0.17182	0.39971	0.04521	0.06878	0.08196	0.23252
V520	0.44423	0.11549	0.06498	0.08201	0.07133	0.22196
V521	0.10469	0.02366	0.07399	0.05384	0.60406	0.13975
V522	0.29146	0.16994	0.06135	0.03575	0.19679	0.24472
V523	0.30663	0.16191	0.08619	0.1007	0.07982	0.26475
V524	0.09755	0.01748	0.10995	0.13698	0.43453	0.20351
V525	0.34651	0.04546	0.07962	0.01511	0.05656	0.45674
V526	0.09674	0.52627	0.11387	0.03495	0.14062	0.08754
V527	0.27649	0.03859	0.42249	0.02203	0.09947	0.14094
V528	0.52875	0.0603	0.12744	0.026	0.06946	0.18805
V529	0.13668	0.08004	0.04935	0.47131	0.15102	0.1116
V530	0.12748	0.18598	0.27147	0.08788	0.12717	0.20003
V531	0.57497	0.0746	0.05542	0.02783	0.0639	0.20329
V532	0.15208	0.01935	0.09132	0.41068	0.20619	0.12039
V533	0.14386	0.0191	0.24615	0.03115	0.25736	0.30238
V534	0.12606	0.01753	0.04011	0.38393	0.17888	0.25349
V535	0.37826	0.07095	0.18991	0.10042	0.08169	0.17877
V536	0.07482	0.01257	0.56032	0.12872	0.08812	0.13545
V537	0.10692	0.45746	0.04036	0.18121	0.10402	0.11004
V538	0.17588	0.02413	0.04241	0.23465	0.08856	0.43437
V539	0.09055	0.01672	0.04879	0.4898	0.23839	0.11575
V540	0.25794	0.03665	0.28495	0.03123	0.21191	0.17732
V541	0.09995	0.21463	0.03465	0.39549	0.14094	0.11434
V542	0.09253	0.42809	0.05435	0.18575	0.14493	0.09435
V543	0.05566	0.01456	0.51302	0.0444	0.26155	0.11081
V544	0.21869	0.05868	0.05273	0.01983	0.07328	0.57678
V545	0.08576	0.46326	0.09944	0.04565	0.20924	0.09664
V546	0.41265	0.08995	0.04894	0.1764	0.10265	0.16941
V547	0.11065	0.08696	0.04171	0.28389	0.3093	0.16749
V548	0.22656	0.05402	0.04829	0	0.05747	0.61366
V549	0.14636	0.0174	0.47868	0.07016	0.09485	0.19256
V550	0.05798	0.024	0.3259	0.03475	0.44746	0.10992
V551	0.19027	0.07254	0.08233	0.07708	0.1272	0.45058
V552	0.08947	0.04616	0.1669	0.21478	0.33672	0.14598
V553	0.53186	0.06108	0.07756	0.04253	0.08818	0.19879
V554	0.11599	0.58066	0.06113	0.02942	0.08739	0.1254
V555	0.31391	0.03623	0.05968	0.16711	0.07954	0.34353
V556	0.11409	0.02167	0.37732	0.25336	0.11603	0.11752
V557	0.13556	0.5278	0.10587	0.03266	0.08579	0.11231
V558	0.31901	0.17772	0.04782	0.08787	0.07149	0.29609
V559	0.045	0.01976	0.06544	0.14616	0.61126	0.11238
V560	0.47427	0.07737	0.06428	0.03088	0.12076	0.23243
V561	0.05979	0.03225	0.71025	0.02076	0.07826	0.09869
V562	0.3641	0.20855	0.08189	0.06603	0.07748	0.20195
V563	0.22474	0.03766	0.04582	0.04055	0.05829	0.59293
V564	0.17206	0.08797	0.04972	0.01393	0.22835	0.44797
V565	0.22762	0.04035	0.05484	0	0.05693	0.62026
V566	0.21029	0.10549	0.06254	0.03285	0.08345	0.50538
V567	0.28678	0.24722	0.04498	0.16272	0.10517	0.15313
V568	0.08	0.0223	0.08253	0.06934	0.63148	0.11435
V569	0.49137	0.08658	0.0511	0.03802	0.06957	0.26336
V570	0.46032	0.15296	0.07312	0.05773	0.076	0.17987
V571	0.07021	0.18767	0.51632	0.03018	0.10117	0.09444
V572	0.07041	0.02346	0.62752	0.0332	0.13961	0.1058
V573	0.17089	0.53855	0.05196	0.03011	0.09651	0.11197
V574	0.15709	0.0212	0.31208	0.02982	0.08788	0.39192
V575	0.11403	0.46861	0.09193	0.1006	0.09825	0.12657
V576	0.26783	0.11757	0.07057	0.03169	0.36981	0.14254
V577	0.2831	0.0731	0.06119	0.06685	0.33226	0.1835
V578	0.08266	0.02078	0.0703	0.03297	0.54907	0.24422
V579	0.08601	0.03913	0.19103	0.20023	0.3748	0.1088
V580	0.15301	0.03476	0.11144	0.27073	0.26336	0.16671
V581	0.45394	0.08019	0.10689	0.07031	0.11793	0.17075
V582	0.45518	0.05787	0.05757	0.13954	0.08408	0.20577
V583	0.1278	0.05709	0.27027	0.00948	0.20727	0.32809
V584	0.14271	0.03537	0.04868	0.24027	0.26763	0.26533
V585	0.11717	0.34333	0.21132	0.07083	0.09039	0.16696
V586	0.16971	0.52463	0.07877	0.03407	0.08609	0.10672
V587	0.22942	0.03114	0.2536	0.24338	0.10461	0.13784
V588	0.09888	0.02461	0.06362	0.56232	0.15317	0.0974
V589	0.13138	0.22332	0.23769	0.05832	0.07779	0.2715
V590	0.15871	0.0516	0.30241	0.04736	0.07217	0.36775
V591	0.50226	0.05585	0.07323	0.10723	0.08054	0.1809
V592	0.11347	0.27406	0.10542	0.27363	0.13805	0.09538
V593	0.08959	0.02487	0.03529	0.60131	0.15312	0.09582
V594	0.15727	0.01938	0.05107	0.3981	0.12244	0.25175
V595	0.11765	0.22505	0.08225	0.09764	0.23095	0.24646
V596	0.06177	0.19974	0.06952	0.0907	0.48184	0.09643
V597	0.3152	0.03848	0.07989	0.03736	0.37833	0.15074
V598	0.55015	0.09274	0.05467	0.0222	0.06844	0.2118
V599	0.19186	0.03632	0.04392	0.09886	0.13474	0.49429
V600	0.32941	0.12155	0.04633	0.04322	0.11	0.34947
V601	0.15972	0.13572	0.07258	0.23506	0.0928	0.30412
V602	0.08236	0.03371	0.14293	0.0348	0.47601	0.2302
V603	0.16647	0.30177	0.07081	0.04722	0.0925	0.32123
V604	0.0765	0.36922	0.05153	0.04184	0.36416	0.09676
V605	0.08152	0.04464	0.08763	0.04243	0.6094	0.13436
V606	0.36555	0.06358	0.21658	0.051	0.06765	0.23564
V607	0.19116	0.06097	0.04873	0.01549	0.17681	0.50684
V608	0.14629	0.45452	0.04573	0.06669	0.09557	0.1912
V609	0.08324	0.02106	0.54453	0.15482	0.09299	0.10336
V610	0.0986	0.11425	0.38933	0.12665	0.11661	0.15456
V611	0.1022	0.60475	0.05564	0.05155	0.09809	0.08777
V612	0.08746	0.1755	0.03295	0.4817	0.13603	0.08636
V613	0.39962	0.15613	0.05437	0.01336	0.06114	0.31538
V614	0.1108	0.10848	0.41735	0.01585	0.11702	0.23049
V615	0.05018	0.06504	0.11417	0.0495	0.60466	0.11645
V616	0.29529	0.31879	0.04387	0.04547	0.08859	0.20799
V617	0.04452	0.02946	0.07217	0.05542	0.68301	0.11543
V618	0.19019	0.03863	0.48766	0.01814	0.08717	0.1782
V619	0.09144	0.46798	0.16279	0.04625	0.13135	0.10018
V620	0.18689	0.03518	0.23058	0.00836	0.05735	0.48163
V621	0.08881	0.01553	0.09339	0.52338	0.16595	0.11293
V622	0.35454	0.16032	0.06547	0.0273	0.23126	0.16111
V623	0.17787	0.50396	0.05057	0.02612	0.08771	0.15377
V624	0.10465	0.45748	0.03358	0.20261	0.10195	0.09973
V625	0.11716	0.11588	0.19268	0.31183	0.12859	0.13386
V626	0.09836	0.0488	0.06388	0.15045	0.39385	0.24465
V627	0.42704	0.04609	0.04138	0.22182	0.09089	0.17278
V628	0.15455	0.06571	0.27195	0.06636	0.13923	0.3022
V629	0.09272	0.36324	0.02982	0.30518	0.12017	0.08887
V630	0.40618	0.05605	0.06715	0.04367	0.08551	0.34143
V631	0.1963	0.02858	0.08911	0.08463	0.09614	0.50523
V632	0.08202	0.03831	0.16025	0.24158	0.35409	0.12375
V633	0.06693	0.1499	0.59124	0.02454	0.07643	0.09097
V634	0.48882	0.06154	0.05883	0.13496	0.07859	0.17726
V635	0.08211	0.052	0.23524	0.40672	0.12611	0.09783
V636	0.10689	0.46306	0.04182	0.07335	0.17709	0.13779
V637	0.20244	0.07773	0.05423	0.001	0.11826	0.54633
V638	0.10034	0.10076	0.08356	0.37895	0.2296	0.10679
V639	0.2407	0.07645	0.11467	0.04716	0.31895	0.20208
V640	0.10554	0.12336	0.39127	0.0255	0.1576	0.19673
V641	0.05543	0.0753	0.43592	0.04428	0.28748	0.10158
V642	0.23043	0.05627	0.26	0.11201	0.07669	0.26461
V643	0.52576	0.06699	0.0504	0.07415	0.08115	0.20155
V644	0.49203	0.0634	0.04884	0.07679	0.07438	0.24455
V645	0.45494	0.06717	0.06023	0.06821	0.06694	0.28251
V646	0.06028	0.02359	0.40048	0.03119	0.37584	0.10863
V647	0.21843	0.03458	0.06447	0.1971	0.10244	0.38297
V648	0.17286	0.26844	0.14217	0.04855	0.08752	0.28047
V649	0.17612	0.02912	0.05793	0.4718	0.14338	0.12165
V650	0.20705	0.1709	0.20473	0.03088	0.26203	0.12441
V651	0.16501	0.27631	0.1012	0.03788	0.17026	0.24934
V652	0.10923	0.0158	0.12937	0.48117	0.15378	0.11066
V653	0.14557	0.34264	0.06645	0.03601	0.13933	0.27
V654	0.51648	0.06658	0.10885	0.02613	0.08644	0.19553
V655	0.23464	0.03034	0.07124	0.05327	0.25138	0.35913
V656	0.12853	0.07877	0.4837	0.04783	0.14495	0.11622
V657	0.315	0.04473	0.05035	0.08803	0.24397	0.25792
V658	0.08382	0.07541	0.16891	0.44869	0.1322	0.09096
V659	0.10885	0.60335	0.05067	0.0363	0.08991	0.11092
V660	0.51847	0.06892	0.05284	0.02772	0.06239	0.26966
V661	0.17118	0.02268	0.16088	0.08698	0.15699	0.40129
V662	0.48849	0.06224	0.06055	0.08884	0.07644	0.22345
V663	0.08699	0.14989	0.07284	0.06819	0.51205	0.11005
V664	0.14904	0.0662	0.5477	0.01589	0.08935	0.13183
V665	0.04404	0.02238	0.07265	0.0559	0.6888	0.11622
V666	0.30711	0.2677	0.04843	0.08897	0.09968	0.18811
V667	0.21541	0.03579	0.07167	0.02421	0.06825	0.58467
V668	0.50831	0.15731	0.05824	0.02817	0.06642	0.18155
V669	0.21235	0.11056	0.03663	0.16969	0.08688	0.38389
V670	0.13496	0.29692	0.05155	0.21172	0.10756	0.19729
V671	0.28787	0.03096	0.04039	0.39103	0.11776	0.13199
V672	0.1166	0.43936	0.03322	0.21467	0.10316	0.09299
V673	0.17648	0.13054	0.1855	0.00498	0.05925	0.44325
V674	0.49763	0.05729	0.06192	0.02518	0.1739	0.18408
V675	0.21696	0.12856	0.05798	0.00063	0.07276	0.5231
V676	0.09666	0.01622	0.10658	0.53396	0.14927	0.09731
V677	0.19978	0.30261	0.15357	0.01163	0.06662	0.26579
V678	0.17682	0.08676	0.09364	0.02568	0.33452	0.28259
V679	0.20503	0.10566	0.0759	0.01465	0.06279	0.53596
V680	0.06561	0.01544	0.33931	0.02974	0.40167	0.14824
V681	0.13193	0.52218	0.06495	0.02849	0.07784	0.17461
V682	0.13491	0.41836	0.04239	0.02952	0.13866	0.23615
V683	0.06649	0.02101	0.07414	0.04037	0.61525	0.18274
V684	0.14889	0.53294	0.0426	0.07763	0.09213	0.10581
V685	0.08607	0.44889	0.23189	0.02535	0.11718	0.09062
V686	0.24291	0.03612	0.33775	0.01192	0.07479	0.29651
V687	0.14049	0.20153	0.23153	0.06861	0.07252	0.28531
V688	0.33702	0.04043	0.06119	0.02504	0.25667	0.27965
V689	0.11665	0.03095	0.51994	0.08548	0.09919	0.1478
V690	0.10837	0.02859	0.0874	0.0471	0.48779	0.24075
V691	0.12895	0.3636	0.17865	0.06717	0.10793	0.1537
V692	0.39894	0.04275	0.04342	0.20812	0.13856	0.16822
V693	0.49461	0.14238	0.0633	0.03112	0.06601	0.20259
V694	0.49372	0.14199	0.05641	0.0471	0.06844	0.19233
V695	0.50919	0.05951	0.05345	0.03213	0.1204	0.22532
V696	0.12561	0.38393	0.08235	0.06606	0.23087	0.11117
V697	0.10452	0.03176	0.58097	0.0454	0.10095	0.13641
V698	0.10536	0.62384	0.04664	0.03872	0.0921	0.09334
V699	0.19848	0.03854	0.43477	0.03773	0.12117	0.16931
V700	0.14635	0.03341	0.06591	0.04607	0.56832	0.13994
V701	0.53726	0.06384	0.0602	0.01862	0.06125	0.25883
V702	0.2059	0.04421	0.08716	0.09497	0.07374	0.49402
V703	0.19787	0.3887	0.05985	0.02921	0.20314	0.12123
V704	0.30483	0.23985	0.18334	0.01855	0.0793	0.17413
V705	0.08732	0.10009	0.25799	0.13361	0.306	0.115
V706	0.15498	0.0905	0.27033	0.00609	0.13475	0.34335
V707	0.39676	0.06633	0.05038	0.00829	0.06237	0.41586
V708	0.07896	0.31081	0.40511	0.03092	0.08317	0.09103
V709	0.08432	0.01732	0.03327	0.55191	0.21564	0.09753
V710	0.32142	0.08233	0.13625	0.05371	0.20354	0.20276
V711	0.09967	0.18402	0.33919	0.12997	0.09178	0.15537
V712	0.05944	0.23656	0.0708	0.04459	0.4827	0.10591
V713	0.24716	0.39332	0.06753	0.04331	0.09183	0.15685
V714	0.0868	0.37801	0.33783	0.027	0.08409	0.08628
V715	0.08003	0.0329	0.68073	0.01883	0.07554	0.11198
V716	0.16924	0.0457	0.04781	0.19591	0.21262	0.32872
V717	0.06582	0.02894	0.08885	0.04336	0.62872	0.14431
V718	0.06392	0.32884	0.06041	0.03806	0.41654	0.09222
V719	0.10927	0.57749	0.0667	0.0356	0.10387	0.10708
V720	0.24122	0.02465	0.21329	0.2036	0.11506	0.20218
V721	0.14166	0.22421	0.19996	0.00899	0.12442	0.30075
V722	0.04223	0.02214	0.08646	0.05024	0.68831	0.11061
V723	0.10075	0.49576	0.07925	0.03919	0.17287	0.11219
V724	0.11892	0.25132	0.31498	0.08269	0.13723	0.09486
V725	0.09319	0.06417	0.10939	0.11318	0.43685	0.18322
V726	0.07141	0.02995	0.4463	0.04064	0.26693	0.14476
V727	0.20114	0.02855	0.11438	0.08319	0.07241	0.50033
V728	0.0988	0.02446	0.02773	0.57289	0.14639	0.12972
V729	0.20326	0.38296	0.06347	0.0474	0.17208	0.13083
V730	0.1772	0.02132	0.10379	0.24905	0.09846	0.35019
V731	0.17382	0.06029	0.36117	0.01516	0.18612	0.20345
V732	0.12972	0.33827	0.06377	0.05081	0.23301	0.18442
V733	0.20843	0.02306	0.23554	0.12552	0.11561	0.29184
V734	0.20374	0.03012	0.21064	0	0.06646	0.48904
V735	0.10365	0.08492	0.04044	0.48823	0.13999	0.14277
V736	0.14158	0.39937	0.08197	0.04051	0.08405	0.25253
V737	0.03669	0.0221	0.07999	0.05659	0.69467	0.10996
V738	0.29608	0.06997	0.09796	0.23673	0.10625	0.19301
V739	0.1733	0.25677	0.17021	0.04444	0.20569	0.14959
V740	0.08449	0.21319	0.32427	0.0512	0.21366	0.1132
V741	0.32191	0.14886	0.15827	0.07201	0.15853	0.14042
V742	0.27048	0.03683	0.06631	0.27451	0.1826	0.16927
V743	0.08209	0.09864	0.24488	0.22798	0.2356	0.11081
V744	0.31457	0.11217	0.05443	0.09601	0.0706	0.35222
V745	0.10036	0.41498	0.05311	0.05899	0.27512	0.09744
V746	0.52719	0.0757	0.05877	0.03559	0.07552	0.22723
V747	0.18833	0.03327	0.14874	0.05502	0.43166	0.14299
V748	0.17183	0.06219	0.20786	0.0213	0.13435	0.40248
V749	0.34958	0.0487	0.05249	0.10308	0.13735	0.3088
V750	0.09014	0.08502	0.02732	0.55339	0.15187	0.09227
V751	0.09188	0.02451	0.0578	0.55718	0.17176	0.09686
V752	0.19415	0.03463	0.08633	0.08089	0.45921	0.14478
V753	0.17189	0.0244	0.07765	0.07155	0.28231	0.37221
V754	0.13028	0.34374	0.1276	0.0575	0.1094	0.23148
V755	0.27839	0.06536	0.06885	0.04247	0.33428	0.21065
V756	0.21659	0.04474	0.05492	0.00402	0.08799	0.59173
V757	0.15959	0.34708	0.04727	0.02821	0.10784	0.31
V758	0.25389	0.46328	0.04653	0.03308	0.07781	0.12541
V759	0.14939	0.03719	0.09556	0.11837	0.4159	0.18359
V760	0.22562	0.03946	0.05398	0.01276	0.0548	0.61338
V761	0.04525	0.02335	0.34593	0.04697	0.43632	0.10218
V762	0.10934	0.01689	0.58831	0.03803	0.09304	0.15439
V763	0.0954	0.13832	0.04841	0.45101	0.155	0.11186
V764	0.19916	0.03124	0.11469	0.13981	0.23904	0.27605
V765	0.23017	0.0474	0.04858	0.00309	0.05927	0.6115
