Neutrophils	T_cells_.gamma.delta.	Monocytes_CD14.CD16.	Macrophage	T_cells_.CD4..	Fibroblasts	Endothelial_cells	Keratinocytes	CD34.	Platelets
V1	0.009	0.02132	0.04792	0.00656	0.1144	0.00043	0.03365	0	0.01087	0.75585
V2	0.62468	0.00819	0.05361	0.00605	0.0376	0.21566	0.05363	0	0.00059	0
V3	0.11953	0.09335	0.1088	0.02193	0.3644	0.01111	0.1129	0.10705	0.0199	0.04102
V4	0.00604	0.08695	0.04977	0.0093	0.05112	0.0703	0.02758	0.00896	0.44922	0.24077
V5	0	0.10763	0.04471	0.06522	0.00134	0.05374	0.03082	0	0.00818	0.68837
V6	0.00671	0.12784	0.20317	0.03312	0.50594	0.02665	0.02431	0.04263	0.00933	0.0203
V7	0	0.57397	0.01364	0.01818	0.22529	0.01343	0.07423	0.04981	0.01485	0.01661
V8	0.00178	0.60374	0.04741	0.01537	0.01695	0.0266	0.02839	0.2073	0.03216	0.0203
V9	0.01295	0.00158	0.09931	0.13506	0.0577	0.021	0.24088	0.37748	0.03916	0.01488
V10	0	0.14476	0.01863	0.00921	0.58918	0.06632	0.03861	0.10694	0.00921	0.01714
V11	0.01059	0.59366	0.00998	0.01142	0.01712	0.04875	0.02852	0.18942	0.05841	0.03211
V12	0.01141	0.02739	0.19596	0.42589	0.04555	0	0.09937	0.00626	0.00936	0.17881
V13	0.09652	0.01166	0.13323	0.02114	0.08211	0.10748	0.41959	0.00094	0.10036	0.02697
V14	0.07222	0.46383	0.13876	0.06776	0.04633	0.04527	0.1291	0.00607	0.01709	0.01358
V15	0.23744	0.01098	0.17033	0.47154	0.03557	0.01342	0.04083	0.00827	0.01161	0
V16	0.01486	0.06006	0.23528	0.48903	0.04553	0.03765	0.01723	0.00148	0.08236	0.01653
V17	0.01548	0.1192	0.01699	0.00886	0.01166	0.06127	0.05278	0.00159	0.016	0.69618
V18	0.06036	0.07006	0.08548	0.24101	0	0.00595	0.0214	2e-04	0.0084	0.50714
V19	0	0	0.03234	0.05348	0	0.0615	0.02977	0.00263	0.00746	0.81282
V20	0	0.23015	0.02985	0.02028	0.05076	0.00638	0.49954	0.02607	0.01298	0.124
V21	0.09913	0.45309	0.02474	0.01221	0.02111	0.29375	0.03981	0.01985	0.01883	0.01749
V22	0.00217	0	0.01453	0.00251	0	0.01216	0.03669	0.18283	0.04513	0.70398
V23	0.26105	0.02874	0.46726	0.04633	0.01933	0.00484	0.01909	0.00098	0.01135	0.14102
V24	0.02136	0.64125	0.04932	0.01506	0.0312	0.00631	0.08518	0.05185	0.08432	0.01416
V25	0.02055	0.1118	0.03656	0.02476	0.05453	0.101	0.04462	0	0.11879	0.48738
V26	0.01946	0	0.071	0.01922	0.03954	0.02992	0.07771	0.69906	0.03785	0.00623
V27	0	0.07267	0.02006	0.00506	0.28057	6e-04	0.04365	0	0.00952	0.56786
V28	0.23942	0	0.03423	0.00138	0	0.01444	0.04396	0.01513	0.00399	0.64745
V29	0.00436	0.69264	0.01004	0.01738	0.01503	0.08989	0.02539	0.01132	0.01461	0.11933
V30	0.00586	0.00859	0.11872	0.02953	0.06188	0.25827	0.29217	0	0.19943	0.02555
V31	0.01177	0.38526	0.19543	0.02754	0.06418	0.01048	0.02892	0.22904	0.02515	0.02225
V32	0.48543	0.04881	0.0608	0.00619	0.2171	0.03296	0.05079	0	0.06915	0.02877
V33	0.03722	0.01937	0.24688	0.43926	0.04772	0	0.19158	0.00048	0.01022	0.0073
V34	0	0.05375	0.02163	0.00408	0.15109	0.00108	0.03344	0.00489	0.0384	0.69164
V35	0.00452	0.8546	0.01398	0.01452	0.01842	0.01492	0.02963	0.01152	0.02288	0.015
V36	0.05108	0.01853	0.04677	0.01762	0.09231	0.00413	0.72554	0.01412	0.01303	0.01689
V37	0	0.56505	0.01823	0.01403	0.04922	0.00321	0.28217	0.0179	0.02191	0.02829
V38	0.12547	0.0011	0.09183	0.16017	0.07143	0	0.52265	0	0.01521	0.01213
V39	0.07791	0.00677	0.09592	0.15713	0.09684	0	0.51618	0.0083	0.01503	0.02592
V40	0.11924	0.03954	0.61165	0.06382	0.10362	0	0.01819	0	0.0145	0.02943
V41	0.59605	0.05792	0.08274	0.00685	0.02812	0.00088	0.02679	0.00324	0.17396	0.02346
V42	0	0.65232	0.01287	0.01203	0.21607	0.00587	0.01802	0	0.01723	0.06559
V43	0.13851	0.04709	0.13455	0.08481	0.19523	0.03129	0.22944	0.01329	0.11223	0.01356
V44	0.03457	0.00717	0.52934	0.05689	0.03112	0.0087	0.03347	0.26141	0.02743	0.0099
V45	0.00738	2e-04	0.0648	0.0214	0.06932	0	0.28728	0	0.47124	0.07838
V46	0.15368	0.08615	0.08375	0.18789	0.01699	0.00062	0.02099	0.00911	0.00792	0.43289
V47	0.001	0	0.05123	0.02111	0.08387	0.00455	0.78888	0	0.01696	0.0324
V48	0.00885	0.00358	0.02719	0.00362	0	0.00031	0.03517	0	0.06887	0.85242
V49	0.22365	0	0.02514	0.01669	0.02967	0.02241	0.05625	0.59977	0.02643	0
V50	0.31163	0.17892	0.03963	0.01048	0.03596	0.38434	0.03085	0	0.00818	0
V51	0.16621	0.02135	0.52385	0.05251	0.08151	0.00034	0.02603	0.04152	0.04899	0.03771
V52	0.01227	0.00561	0.21166	0.30797	0.05886	0	0.37107	0.00435	0.01676	0.01145
V53	0.40974	0.00632	0.12342	0.0836	0.01707	0.00258	0.03043	0.09273	0.0082	0.22591
V54	0	0.04544	0.02274	0.01818	0.19091	0.66963	0.04788	0	0.00344	0.00177
V55	0.01207	0.02432	0.18518	0.61116	0.07988	0.00808	0.04222	0.00286	0.00902	0.0252
V56	0.14882	0.02962	0.48254	0.0689	0.08516	0.11972	0.02084	0	0.00896	0.03545
V57	0.03014	0.01149	0.51818	0.22421	0.03577	0.00683	0.02436	0.02093	0.07872	0.04938
V58	0.01293	0.19982	0.09603	0.14746	0.04032	0.4424	0.04668	0	0.01154	0.00283
V59	0.02505	0.05772	0.04667	0.01889	0.07981	0.00402	0.73494	0	0.01476	0.01815
V60	0.70708	0.01331	0.07246	0.00545	0.06912	0.00059	0.02221	0	0.09955	0.01022
V61	0	0	0.05876	0.04658	0.05055	0.77485	0.05476	0.00027	0.00409	0.01014
V62	0.01994	0	0.0334	0.01963	0.03045	0	0.37566	0.00108	0.03403	0.4858
V63	0	0.26461	0.03165	0.01517	0.15227	0.45135	0.04159	0	0.01145	0.0319
V64	0.07951	0.00543	0.30549	0.24871	0.02619	0.01337	0.02884	0.19991	0.01527	0.07728
V65	0.07388	0.02313	0.1307	0.32914	0.03655	0.00622	0.08322	0.18841	0.08885	0.0399
V66	0	0.1402	0.02814	0.00749	0.49548	0.02418	0.045	0.00678	0.02444	0.22829
V67	0.02239	0.17995	0.43625	0.08808	0.03904	0.0355	0.08932	0.00614	0.05001	0.05332
V68	0.0277	0.0163	0.05133	0.01162	0.0695	0.01287	0.04116	0.28241	0.48117	0.00593
V69	0.04196	0.02621	0.743	0.0918	0.04127	0	0.01805	0	0.01782	0.01989
V70	0.68274	0.00887	0.13557	0.01124	0.02639	0.02262	0.04775	0.00342	0.06114	0.00025
V71	0.04282	0	0.01766	0.02095	0.0358	0.03032	0.07066	0.71142	0.03741	0.03296
V72	0.21955	0.03046	0.09343	0.22014	0.13117	0.00052	0.02123	0.00339	0.01183	0.26826
V73	0.02027	0.18648	0.03708	0.01738	0.64929	0.01785	0.02988	0	0.00784	0.03392
V74	0.00996	0	0.06542	0.15047	0	0.02749	0.02601	0.00373	0.00741	0.7095
V75	0.01631	0.08239	0.24757	0.41456	0.054	0.0087	0.0173	0.00631	0.14553	0.00733
V76	0	0.00741	0.02994	0.02585	0.04751	0.8233	0.05928	0.00055	0.00617	0
V77	0.00479	0.00209	0.10248	0.28981	0.05459	0.23304	0.28809	0	0.00708	0.01803
V78	0	0.4666	0.049	0.01506	0.05165	0.00794	0.29103	0	0.01375	0.10496
V79	0.00807	0.02424	0.11715	0.28179	0.0448	0.24428	0.03526	0.00013	0.19983	0.04446
V80	0.35921	0	0.04207	0.00728	0	0	0.04721	0	0.04199	0.50225
V81	0	0.04111	0.0619	0.16429	0.16141	0.52715	0.0393	0	0.00311	0.00172
V82	0.05707	0.50048	0.08264	0.23015	0.02606	0.01874	0.0173	0.04567	0.01377	0.00812
V83	0.03726	0.05989	0.1586	0.44361	0.0517	0.00806	0.02791	0.19788	0.01508	0
V84	0.02205	0.01785	0.0454	0.04611	0.1365	0.49481	0.22849	0	0.00386	0.00493
V85	0.19555	0.00021	0.38319	0.04402	0.00663	0	0.02148	0	0.01217	0.33676
V86	0.27821	0.0115	0.31617	0.31291	0.03207	0.00629	0.01807	0.00051	0.00929	0.01498
V87	0.01083	0.03929	0.07917	0.02308	0.09983	0.00359	0.02623	0	0.70249	0.01549
V88	0.00803	0.32329	0.14957	0.44463	0.03009	0.00309	0.02098	7e-04	0.01347	0.00615
V89	0.00285	0	0.05189	0.04957	0.08564	0	0.71254	0.06637	0.01586	0.01529
V90	0.01556	0.0543	0.32286	0.0388	0	0.01683	0.02228	0	0.01156	0.51782
V91	0.05159	0.01786	0.72969	0.08314	0.04584	0	0.01838	0.00026	0.02231	0.03093
V92	0.00136	0.00723	0.05136	0.02033	0.08524	0.00456	0.75596	0	0.05515	0.01881
V93	0.01015	0.04888	0.1172	0.0188	0.07665	0.00035	0.26232	0.00865	0.43978	0.01723
V94	0.77472	8e-04	0.0913	0.00618	0.02196	0.022	0.0386	0.02239	0.00714	0.0149
V95	0.00572	0.00827	0.03437	0.01649	0.08124	0.00669	0.56169	0.24846	0.0274	0.00968
V96	0.03146	0.11998	0.36043	0.36562	0.03333	0.01452	0.01594	0.01078	0.02763	0.02032
V97	0.00033	0	0.04381	0.01668	0.06704	0	0.69934	0	0.01957	0.15323
V98	4e-04	0.30236	0.03601	0.05855	0.15278	0.0196	0.05805	0.07034	0.1327	0.16923
V99	0.57816	0.00212	0.07707	0.0065	0.03992	0	0.08747	0.00317	0.19139	0.01419
V100	0.20254	0.01545	0.09876	0.19832	0.05443	0.27114	0.04128	0.00014	0.09276	0.02518
V101	0	0	0.01721	0.00334	0	0.06064	0.15429	0.02225	0.00733	0.73494
V102	0.04559	0.2375	0.01893	0.01142	0.10242	0.28967	0.15928	0.08895	0.0143	0.03195
V103	0.09537	0.01719	0.07985	0.02058	0.06428	0.00305	0.02593	0.00296	0.66216	0.02862
V104	0.05242	0.01582	0.73976	0.07864	0.03666	0	0.01828	0	0.03865	0.01977
V105	0.3629	0	0.12228	0.02122	0.02855	0.1343	0.03822	0.27615	0.01636	0
V106	0.01544	0.65847	0.19398	0.02924	0.01767	0.02476	0.01529	0	0.01804	0.02711
V107	0.2743	0.23549	0.05072	0.01509	0.23482	0.01719	0.02768	0.02374	0.10956	0.0114
V108	4e-04	0	0.05246	0.13724	0.00984	0.33702	0.03528	0.01657	0.00927	0.40192
V109	0	0.02846	0.02988	0.03085	0.05233	0.78492	0.06274	0	0.01082	0
V110	0	0.18576	0.03066	0.0101	0.64912	0.00411	0.0265	0.04986	0.01039	0.03351
V111	0.00012	0.01521	0.04682	0.02559	0.15243	0	0.7132	0	0.01365	0.03297
V112	0.00039	0	0.0386	0.01298	0.05236	0	0.56827	0	0.05185	0.27553
V113	0.02117	0	0.05871	0.00903	0.04418	0.05392	0.04355	0.01696	0.52339	0.22909
V114	0.02648	0.01848	0.08879	0.0147	0.06925	0.00352	0.02691	0.00301	0.71825	0.03061
V115	0	0.8423	0.02084	0.01524	0.01883	0.00734	0.03472	0	0.03352	0.02721
V116	0.46336	0.08233	0.05114	0.00711	0.02349	0.0165	0.04559	0.29801	0.01247	0
V117	0.01386	0	0.05191	0.02088	0.08485	0	0.7932	0	0.01685	0.01845
V118	0.02143	0	0.03025	0.02326	0.04484	0.80533	0.06397	0.00692	0.004	0
V119	0.00975	0.02989	0.15972	0.48399	0.04833	0.15879	0.04217	0.00233	0.06372	0.0013
V120	0.6108	0.00337	0.2325	0.0215	0.02375	0.06992	0.02277	0	0.00478	0.0106
V121	0.04689	0.09893	0.24947	0.03808	0.05817	0.10159	0.30547	0.00648	0.01473	0.08019
V122	0.01278	0.02697	0.16588	0.02231	0.07015	0.0541	0.15573	0	0.46096	0.03113
V123	0.01818	0.08513	0.0197	0.0177	0.36809	0.01565	0.04465	0.37798	0.04622	0.0067
V124	0.68379	0.04225	0.05498	0.00453	0.01728	0.00545	0.03325	0.15136	0.00711	0
V125	0.01104	0.18095	0.10543	0.04169	0.04126	0.13538	0.06022	0.39707	0.02696	0
V126	0	0.22879	0.03243	0.01071	0.60676	0.00412	0.02507	0.03569	0.03662	0.01981
V127	0.0285	0.01627	0.52102	0.05583	0.04761	0	0.21151	0	0.0871	0.03216
V128	0.01648	0.21911	0.38304	0.04306	0.24332	0.04502	0.01834	0	0.01134	0.02029
V129	0.02324	0.08722	0.1332	0.22226	0.11013	0.01008	0.02061	0	0.35392	0.03934
V130	0.03222	0.01431	0.44878	0.04993	0.03035	0.01234	0.03871	0.3426	0.02396	0.0068
V131	0.03929	0.37854	0.37346	0.10121	0.02541	0.00863	0.02083	0	0.0363	0.01631
V132	0.11575	0.00739	0.05036	0.01454	0.12073	0	0.60248	0.06342	0.01148	0.01384
V133	0.01097	0.03053	0.06384	0.19383	0.04195	0.12728	0.10724	0.40473	0.01964	0
V134	0.01867	0.06816	0.20228	0.0635	0.19545	0	0.16992	0	0.01958	0.26245
V135	0.01367	0.20603	0.20113	0.02648	0.05844	0.00255	0.036	0	0.43869	0.01702
V136	0	0.5687	0.04603	0.14051	0.01096	0.00434	0.0163	0	0.01476	0.19838
V137	0	0.01087	0.04973	0.02682	0.08809	0.30146	0.46009	0	0.05236	0.01059
V138	0.01091	0.01928	0.0419	0.01157	0.05456	0	0.49628	0	0.03808	0.32743
V139	0.58914	0.02108	0.07328	0.01216	0.07657	0.06575	0.02281	0	0.13774	0.00145
V140	0.04231	0.0186	0.35257	0.42245	0.05832	0.04204	0.02354	0.00025	0.00991	0.03001
V141	0.02392	0.01553	0.19068	0.62836	0.04207	0.02226	0.01734	0.00399	0.00909	0.04676
V142	0.00498	0.00014	0.10015	0.21287	0.06931	0	0.56112	0	0.01152	0.0399
V143	0	0.80092	0.02641	0.06012	0.02519	0.01416	0.016	0	0.04269	0.01451
V144	0	0	0.04163	0.02803	0.06893	0.31347	0.51838	0.00998	0.01016	0.00943
V145	0.04604	0.09416	0.14824	0.46152	0.03912	0.0278	0.02426	0.14112	0.01775	0
V146	0.0228	0	0.41326	0.0417	0.01559	0.01434	0.06034	0.08567	0.0181	0.3282
V147	0.00613	0.02621	0.0535	0.01605	0.14595	0.00236	0.02719	0.01464	0.42367	0.28431
V148	0.02418	0.02831	0.07339	0.01319	0.0689	0.04962	0.06015	0	0.66787	0.01438
V149	0.01381	0.02079	0.16491	0.5222	0.04108	0.00394	0.02149	0.08153	0.11652	0.01373
V150	0.06197	0.00272	0.02601	0.00306	0.05011	0.00585	0.03368	0.00166	0.03093	0.78402
V151	0.00703	0	0.03945	0.0042	0	0.05467	0.03134	0	0.00953	0.85379
V152	0.01299	0	0.01225	0.0104	0.03038	0.0251	0.0705	0.63048	0.03223	0.17568
V153	0	0.17436	0.03073	0.01047	0.6477	0.00509	0.02813	0.07303	0.01123	0.01926
V154	0.0831	0.02285	0.52344	0.27992	0.03561	0.01308	0.01727	0	0.01301	0.01173
V155	0.06581	0	0.03009	0.01071	0.03808	0.11775	0.05298	0.45627	0.21783	0.01048
V156	0.12046	0.0265	0.18308	0.03871	0.03749	0.42086	0.05566	0.0295	0.07255	0.0152
V157	0	0.46407	0.03205	0.05395	0.17206	0.20418	0.02331	0	0.02575	0.02464
V158	0.27986	0.53988	0.03616	0.01547	0.05297	0.00458	0.02827	0.02201	0.01177	0.00902
V159	0.03331	0.08853	0.23246	0.05923	0.25618	0.02361	0.03064	0.0636	0.00945	0.20298
V160	0.01482	0.85621	0.01619	0.0149	0.01755	0.00795	0.01676	0	0.02903	0.02661
V161	0.01434	0.01802	0.20059	0.65693	0.04679	0.00908	0.01735	0.00406	0.0209	0.01194
V162	0	0	0.03543	0.0051	0	0.00075	0.03407	0	0.01607	0.90856
V163	0.12154	0.02015	0.66337	0.06797	0.03099	0.01228	0.01875	0.01162	0.01444	0.03888
V164	0.04075	0.01425	0.73256	0.08311	0.03529	0.01188	0.03005	0	0.02133	0.03079
V165	0.01285	0	0.25718	0.02668	0.00066	0	0.02595	0.00637	0.01685	0.65344
V166	0.05566	0.10018	0.14939	0.48065	0.03183	0.00921	0.03057	0.05114	0.04153	0.04985
V167	0.79371	0.00499	0.08333	0.01116	0.03129	0.00058	0.02406	0	0.05089	0
V168	0.07253	0.01554	0.02805	0.01114	0.03735	0.28209	0.05668	0.30855	0.163	0.02507
V169	4e-04	0	0.05784	0.13282	0	0.14215	0.02943	0.00918	0.00566	0.62252
V170	0.02645	0.00793	0.08253	0.01479	0.0728	0.00365	0.02731	0	0.74954	0.01502
V171	0.01249	0.00561	0.24451	0.09124	0.06147	0.36722	0.07017	0.03748	0.09053	0.01928
V172	0.00069	0.01792	0.05267	0.02007	0.08359	0.13722	0.63435	0.00139	0.03704	0.01505
V173	0.00975	0	0.0332	0.00978	0.03101	0.01012	0.46565	0	0.03084	0.40965
V174	0.01398	0.09189	0.26035	0.34136	0.10874	0.02095	0.02378	0.00966	0.00962	0.11967
V175	0.73861	0.00597	0.16253	0.01394	0.03118	4e-05	0.03857	0.0037	0.00546	0
V176	0.19864	0	0.03435	0.01355	0.04113	0.62756	0.04386	0	0.03292	0.00799
V177	0.62233	0.00014	0.07911	0.0803	0.01536	0.00039	0.022	0.00906	0.00893	0.16237
V178	0.20907	0.00504	0.03725	0.03598	0.06839	0.52836	0.04546	0	0.00088	0.06958
V179	0.17598	0.14179	0.04554	0.01609	0.55947	0.00144	0.0223	0	0.00682	0.03058
V180	0.43784	0.11117	0.11737	0.26087	0.03078	0.00673	0.02277	0.00098	0.01097	0.00052
V181	0.02854	0.16741	0.56007	0.0594	0.04988	0.0055	0.08417	0	0.01422	0.0308
V182	0.00615	0.06905	0.02602	0.04106	0.31256	0.04091	0.04478	0.37624	0.06417	0.01906
V183	0.01941	0.15961	0.15001	0.48596	0.0403	0.00775	0.1205	0.0012	0.01023	0.00502
V184	0.19078	0	0.02941	0.02057	0.01705	0.48211	0.03908	0.0218	0.00196	0.19723
V185	0.57751	0.00418	0.09916	0.15233	0.02932	0.00206	0.02262	0.05894	0.04646	0.00741
V186	0.73438	0.01209	0.09453	0.08409	0.02959	0.00036	0.03213	0.00479	0.00803	0
V187	0.67829	0.00235	0.15293	0.01766	0.02215	0	0.02693	0.00351	0.04789	0.04829
V188	0.08176	0.23154	0.04423	0.07312	0.47537	0.00215	0.0341	0.00133	0.01302	0.04338
V189	0.75183	0.00312	0.09046	0.06139	0.02264	0.01089	0.0233	0.00471	0.0077	0.02397
V190	0.00853	0.03176	0.06725	0.01322	0.12546	0.09826	0.028	0	0.61353	0.014
V191	0.01836	0.07882	0.1533	0.33132	0.31148	0.00088	0.06003	0.01391	0.00776	0.02416
V192	0	0.02254	0.03437	0.0051	0.12126	0.00664	0.02944	0.00537	0.01066	0.76462
V193	0.09766	0.03738	0.22996	0.28144	0.12709	0.00051	0.13604	0.04881	0.02007	0.02103
V194	0	0	0.03326	0.02997	0.05278	0.67161	0.20091	0.00576	0.00572	0
V195	0.03707	0.04993	0.04486	0.01543	0.12733	0.11883	0.53617	0.02803	0.01511	0.02725
V196	0.66985	0.01256	0.10811	0.15	0.02508	0.00051	0.02133	0.00104	0.00485	0.00668
V197	0.02728	0.01623	0.08168	0.20027	0.05586	0.01349	0.0555	0.34421	0.20548	0
V198	0	0.12218	0.04259	0.02013	0.46844	0.23223	0.05091	0	0.04753	0.01599
V199	0.01993	0.05098	0.06912	0.02137	0.17936	0.00558	0.14124	0	0.01234	0.50009
V200	0	0.08273	0.03202	0.01177	0.38918	0.10854	0.26537	0.07206	0.00765	0.03067
V201	0.24901	0.04095	0.06563	0.00872	0.04913	8e-04	0.11857	0.00222	0.39882	0.06617
V202	0.03198	0.29458	0.41786	0.07312	0.03196	0.00058	0.08557	0	0.04654	0.0178
V203	0.0213	0.07722	0.37031	0.1719	0.05004	0.00662	0.10761	0	0.15418	0.04083
V204	0.01581	0.2024	0.28736	0.27615	0.03644	0.07735	0.02003	0.04849	0.02769	0.00831
V205	0.06619	0.05867	0.05185	0.01521	0.07767	0.01412	0.57786	0.04334	0.08019	0.01492
V206	0.29159	0.01262	0.5026	0.05043	0.04166	0	0.02433	0	0.01193	0.06484
V207	0.01191	0.12857	0.04923	0.06096	0.02539	0.00112	0.02956	0	0.14427	0.54899
V208	0	0	0.05175	0.07234	0.05143	0.70553	0.05003	0	0.05785	0.01107
V209	0.03651	0.16303	0.11399	0.01729	0.59585	0.00907	0.02166	0	0.00846	0.03413
V210	0.06456	0.13073	0.08574	0.01324	0.49165	0.01245	0.03423	0.09675	0.02689	0.04375
V211	0.03267	0.07444	0.59473	0.06148	0.04224	0.00624	0.07615	0.02418	0.05768	0.03019
V212	0.12088	0.08669	0.04229	0.00982	0.04239	0.01265	0.04676	0.30898	0.32688	0.00267
V213	0.12919	0.02381	0.03094	0.02551	0.14664	0.56074	0.05434	0.00316	0.00069	0.02498
V214	0	0.05382	0.03163	0.01244	0.25284	0.02884	0.4807	0	0.00889	0.13084
V215	0.00115	0	0.05228	0.02182	0.08597	0.00493	0.79736	0	0.01793	0.01856
V216	0	0.71411	0.02084	0.01354	0.16987	0.00647	0.02391	0.00359	0.01884	0.02883
V217	0.02226	0.22508	0.06242	0.08839	0.14532	0.22856	0.02841	0.03341	0.02307	0.14308
V218	0.03245	0	0.03002	0.01648	0.0521	0.56294	0.23474	0	0.00369	0.06757
V219	0.01566	0	0.03337	0.0784	0.04295	0.02633	0.13501	0.63499	0.0333	0
V220	0.01391	0.02002	0.13671	0.34616	0.05253	0.00349	0.0227	0.04951	0.3484	0.00658
V221	0.16465	0.09585	0.3014	0.03749	0.03222	0.00173	0.04644	0.05868	0.13421	0.12731
V222	0.04557	0.01073	0.64727	0.0689	0.03384	0.14337	0.0218	0	0.01234	0.01618
V223	0.03638	0.01247	0.66901	0.07	0.04289	0.06178	0.07541	0	0.01348	0.01859
V224	0.03429	0.02022	0.58446	0.10913	0.03802	0.00825	0.02046	0.0522	0.11715	0.01581
V225	0.02435	0.00937	0.35709	0.32391	0.0335	0.02044	0.02705	0.17205	0.01571	0.01652
V226	0.00752	0.75265	0.00982	0.01299	0.02812	0.01069	0.02919	0.11494	0.02228	0.01179
V227	0.0318	0.0526	0.60026	0.07066	0.18538	0	0.01801	0	0.02058	0.02071
V228	0.02381	0.62295	0.07042	0.02316	0.02447	0.00852	0.02825	0.11309	0.06206	0.02328
V229	0.64938	0.00427	0.0545	0.00571	0.02173	0.20651	0.04325	0.01409	0.00055	0
V230	0.00474	0	0.09865	0.28812	0.00719	0.00538	0.116	0.00044	0.01823	0.46126
V231	0.0307	0.26442	0.053	0.02756	0.04694	0.10068	0.02454	0.00197	0.42355	0.02665
V232	0.03042	0.37863	0.39262	0.04454	0.02697	0.01032	0.01802	0.0545	0.0164	0.02757
V233	0	0.12779	0.04741	0.04205	0.51183	0.0104	0.0227	0	0.20397	0.03384
V234	0.01797	0.04873	0.02994	0.01196	0.21801	0.01178	0.27822	0.34361	0.01886	0.02093
V235	0.04081	0.02147	0.39871	0.04413	0.02843	0.01206	0.05175	0.34888	0.02229	0.03146
V236	0.01319	0.01646	0.26226	0.25626	0.04518	0.34283	0.03658	0	0.02319	0.00405
V237	0.04327	0.06828	0.39267	0.16899	0.22786	0.03007	0.01952	0.01812	0.01581	0.01542
V238	0.02561	0.05496	0.33142	0.03917	0.04707	0.01422	0.04812	0.39851	0.02363	0.0173
V239	0.02821	0.14768	0.13148	0.42369	0.04781	0.02078	0.04667	0.00091	0.01389	0.13888
V240	0.07254	0	0.0476	0.01614	0.0682	0.23532	0.49806	0	0.01272	0.04943
V241	0.19599	0.01382	0.16582	0.49762	0.0442	0.02764	0.01816	0.01959	0.00701	0.01015
V242	0.0266	0.00776	0.09808	0.05808	0.06891	0.01239	0.02571	0	0.68858	0.0139
V243	0.02149	0.00132	0.08687	0.13114	0.04857	0.06971	0.07048	0	0.42398	0.14643
V244	0.04336	0.0016	0.35237	0.04896	0.05946	0	0.42603	0.02602	0.02424	0.01798
V245	0.17204	0.13738	0.17216	0.02412	0.02959	0.40344	0.03854	0.01494	0.00494	0.00285
V246	0	0.21737	0.0377	0.01728	0.07431	0	0.59519	0	0.03975	0.01841
V247	0.04153	0.03249	0.74097	0.07859	0.03443	0	0.01772	0	0.02282	0.03145
V248	0.51961	0.0588	0.06777	0.00751	0.04415	0.01574	0.15407	0.1202	0.01189	0.00026
V249	0.04245	0.02286	0.59542	0.06124	0.07756	0	0.01843	0	0.02491	0.15714
V250	0.0192	0.05246	0.08864	0.28172	0.04619	0.25429	0.05005	0.17445	0.01003	0.02297
V251	0.57365	0.15982	0.05729	0.0272	0.07024	0.0025	0.02065	0.03944	0.03775	0.01147
V252	0.06359	0.52738	0.02393	0.05055	0.01886	0.21664	0.03105	0.0391	0.01048	0.01841
V253	0.02254	0.00755	0.3468	0.04671	0.0537	0.07751	0.03065	0	0.39862	0.01591
V254	0	0.1602	0.04237	0.05303	0.59097	0.00909	0.02229	0	0.00789	0.11416
V255	0	0.18454	0.02704	0.01057	0.71161	0.00255	0.03157	0	0.01096	0.02116
V256	0.0137	0.02423	0.19559	0.64673	0.03991	0.03757	0.01779	0.00407	0.00911	0.01129
V257	0.39385	0.00525	0.35834	0.05924	0.02831	0.1098	0.03265	0	0.00647	0.00608
V258	0	0.14223	0.02336	0.01442	0.56521	0.00113	0.03705	0	0.00839	0.20821
V259	0.08688	0.02858	0.04503	0.10815	0.15134	0.01658	0.07513	0.4568	0.02065	0.01086
V260	0.01124	0.2324	0.01923	0.01393	0.02602	0.0252	0.05654	0.57604	0.03941	0
V261	0.22626	0.01437	0.04285	0.01147	0.05693	0.24068	0.3273	0	0.04909	0.03105
V262	0	0.45316	0.09194	0.02612	0.02629	0.30136	0.02721	0.00737	0.00968	0.05687
V263	0.42498	0.37896	0.03638	0.00659	0.02831	0.00766	0.053	0	0.00765	0.05647
V264	0.01956	0.05733	0.14908	0.47971	0.21568	0.01545	0.03705	0	0.00766	0.01848
V265	0.02345	0.28165	0.08465	0.24761	0.02457	0.02105	0.13986	0	0.01501	0.16216
V266	0.01221	0.70408	0.11048	0.02165	0.02199	0.00618	0.02276	0.01156	0.07362	0.01547
V267	0	0.15557	0.02337	0.01874	0	0.01126	0.02521	0	0.00991	0.75596
V268	0	0.37294	0.05952	0.12764	0.3194	0.00313	0.03183	0.00377	0.03993	0.04183
V269	0.04284	0.01726	0.33479	0.50686	0.04483	0.00104	0.01721	0.00743	0.0225	0.00526
V270	0.02035	0.17834	0.02867	0.00981	0.69219	0.00229	0.02376	0	0.01005	0.03455
V271	0.04398	0.02497	0.2184	0.0262	0.08859	0.0098	0.05417	0	0.51725	0.01665
V272	0.01861	0.18311	0.08091	0.02176	0.03709	0.1555	0.05441	0.14265	0.18293	0.12303
V273	0.00175	0.01398	0.08108	0.20222	0.09025	0.56631	0.04079	0.00026	0.00335	0
V274	0.07011	0.00025	0.07168	0.02436	0	0.1237	0.03031	0.02881	0.02357	0.62721
V275	0	0.20277	0.02288	0.00746	0.39729	0.05287	0.02428	0	0.00719	0.28527
V276	0.01836	0.109	0.11777	0.34353	0.06798	8e-05	0.13517	0.01114	0.0834	0.11356
V277	0.03295	0.22018	0.41401	0.25011	0.03565	0.0012	0.01534	0.00278	0.01479	0.01299
V278	0.10088	0.00493	0.05357	0.00518	0	0	0.03238	0	0.00911	0.79397
V279	0.01359	0.18673	0.09114	0.25388	0.19656	0.00735	0.22784	0	0.00932	0.0136
V280	0.10357	0.03062	0.05602	0.07145	0.15093	0.21359	0.28226	0.05904	0.01193	0.02059
V281	0	0.03252	0.0378	0.02284	0.04133	0.63526	0.05965	0.00495	0.00855	0.15711
V282	0.01441	0.02458	0.19644	0.64423	0.04035	0.00231	0.01761	0.02185	0.02657	0.01164
V283	0.0816	0.09273	0.07625	0.07324	0.39116	0.04381	0.02376	0.01128	0.19021	0.01596
V284	0.00685	0	0.16759	0.0172	0	0	0.0322	0.00154	0.01157	0.76305
V285	0.01208	0.1164	0.01837	0.00502	0	0.00698	0.08769	0.20571	0.03286	0.51489
V286	0.01977	0	0.07087	0.04695	0.00961	0.34828	0.0415	0	0.00378	0.45925
V287	0.01905	0	0.02898	0.00798	0.02514	0.00971	0.39149	0	0.01403	0.50361
V288	0.02279	0.02514	0.04182	0.01634	0.03234	0.28027	0.06872	0.48352	0.02906	0
V289	0.02873	0.18914	0.56044	0.05927	0.06541	6e-05	0.01629	0	0.01556	0.0651
V290	0.00667	0.01636	0.16916	0.0356	0.06469	0.18523	0.48483	0.00132	0.00928	0.02687
V291	0.6939	0.00594	0.1194	0.06135	0.03676	0.04485	0.02743	0	0.00297	0.00739
V292	0.03572	0.00731	0.48414	0.0553	0.04067	0.32807	0.02921	0	0.00888	0.01071
V293	0.06085	0.01402	0.7043	0.07288	0.03672	0	0.01924	0.02315	0.01643	0.05241
V294	0.05005	0.24614	0.18864	0.04701	0.05288	0.00184	0.0853	0.00085	0.31141	0.01589
V295	0.04309	0.06702	0.58888	0.06567	0.02385	0.01994	0.02507	0.04127	0.01412	0.11108
V296	0.00936	0.07482	0.13458	0.15565	0.23573	0.01216	0.04782	0.07694	0.24041	0.01253
V297	0.18671	0.04387	0.03293	0.00335	0.0156	0	0.06933	0.00174	0.00607	0.64039
V298	0.01498	0.02479	0.21629	0.63259	0.04171	0.00881	0.02987	0.00956	0.02071	7e-04
V299	0.33953	0.01586	0.03798	0.01479	0.10498	0.42003	0.03425	0	0.00058	0.032
V300	0.01086	0.03783	0.08405	0.2328	0.1751	0.02095	0.0608	0.34589	0.01784	0.01388
V301	0.01856	0	0.02798	0.02507	0.03331	0.04229	0.07542	0.73614	0.04122	0
V302	0.28291	0.0069	0.1246	0.01694	0.02311	0.02301	0.04553	0.45642	0.02057	0
V303	9e-05	0.5448	0.11344	0.0225	0.0209	0.23529	0.02332	0	0.01709	0.02257
V304	0.16737	0	0.02165	0.01045	0.02657	0.03177	0.07339	0.62271	0.0461	0
V305	0.03816	0.07552	0.34521	0.04367	0.27024	0.05843	0.02121	0	0.01369	0.13387
V306	0.0058	0.01249	0.10226	0.31081	0.04117	0.40304	0.0497	0.04072	0.034	0
V307	0	0.29675	0.03101	0.01142	0.58983	0.00308	0.02163	0	0.0117	0.03459
V308	0	0.79954	0.03066	0.0341	0.01707	0.0277	0.029	0.01155	0.02485	0.02552
V309	0	0.32252	0.02529	0.01808	0.53339	0.00318	0.02109	0	0.0426	0.03384
V310	0.25469	0.13022	0.04094	0.01281	0.34877	0.03069	0.02443	0.04781	0.01063	0.099
V311	0.81418	0.00347	0.08251	0.0106	0.02474	0.00162	0.0263	0.03182	0.00477	0
V312	0.01397	0	0.09528	0.00973	0	0.0141	0.04133	0.10124	0.02755	0.6968
V313	0.00342	0	0.01764	0.01499	0.03013	0.5005	0.06565	0.27908	0.01339	0.0752
V314	0.11872	0.37579	0.17635	0.06153	0.18546	0.02238	0.02266	0	0.01034	0.02678
V315	0.03392	0.01357	0.43303	0.04908	0.05576	0	0.37613	0	0.01886	0.01965
V316	0.01103	0	0.0248	0.01968	0.03938	0.73142	0.05723	0.08955	0.00595	0.02096
V317	0.00168	0.00547	0.07404	0.05343	0.01298	0.00456	0.15657	0	0.00893	0.68234
V318	0.00946	0.51722	0.26688	0.03472	0.03512	0.00899	0.08275	0	0.01531	0.02955
V319	0.01006	0	0.03557	0.01211	0.06401	0.01761	0.55256	0	0.01027	0.29781
V320	0.05014	0.01585	0.4915	0.32879	0.04389	0	0.04179	0.00434	0.01275	0.01097
V321	0.04199	0.00983	0.04641	0.0154	0.0524	0.47545	0.04046	0	0.31426	0.00378
V322	0.00373	0	0.12232	0.07362	0	0.07226	0.06367	0	0.01124	0.65316
V323	0.01042	0.0101	0.167	0.52963	0.03754	0.11144	0.0214	0.02044	0.00748	0.08455
V324	0.31944	0.00151	0.06115	0.00978	0.05187	0.27415	0.03886	0.02306	0.2187	0.00147
V325	0.01458	0	0.05392	0.04193	0.08836	0	0.74216	0.01492	0.02689	0.01724
V326	0.04802	0.01624	0.64114	0.20836	0.03635	0	0.01783	0	0.01628	0.01578
V327	0	0.04085	0.0236	0.01974	0.10063	0.72618	0.05963	0.02516	0.00421	0
V328	0.09152	0.12741	0.16038	0.02317	0.02395	0.01746	0.04555	0.47427	0.02489	0.01139
V329	0	0.80787	0.01399	0.0208	0.02162	0.00687	0.08679	0.00537	0.02105	0.01564
V330	0.02742	0	0.04629	0.12388	0.03227	0.08366	0.05917	0.56815	0.05916	0
V331	0.00379	0	0.01906	0.00363	0	0.00663	0.03662	0.1825	0.09988	0.64789
V332	0.03478	0.15149	0.04965	0.10048	0.55886	0.03481	0.02369	0.02228	0.00665	0.0173
V333	0.05365	0.13749	0.16632	0.02799	0.4724	0.03264	0.03635	0.02088	0.00687	0.04541
V334	0.00891	0.01397	0.09233	0.14499	0.06325	4e-05	0.20956	0	0.40849	0.05847
V335	0.0668	0.16739	0.1701	0.06962	0	0.0119	0.036	0	0.02789	0.4503
V336	0.01048	0.00699	0.09318	0.13203	0.06756	0.10418	0.02681	0.00415	0.5291	0.02552
V337	0.0099	0.00687	0.16075	0.49133	0.03515	0	0.13435	0.00758	0.01428	0.13978
V338	0.3429	0.00025	0.16105	0.01591	0.03734	0	0.10465	0.00774	0.19516	0.135
V339	0.14128	0.04387	0.08491	0.10425	0.16054	0.03478	0.02298	0	0.38224	0.02514
V340	0.0147	0.00551	0.01718	0.02377	0.0337	0.14618	0.07141	0.65313	0.03442	0
V341	0.17324	0.17142	0.03225	0.01429	0.4574	0.00253	0.0849	0.03473	0.01202	0.01723
V342	0	0.07789	0.02203	0.01171	0.32808	0.0011	0.02659	0	0.01027	0.52233
V343	0.07304	0.00812	0.13544	0.03141	0.08525	0.00697	0.18194	0	0.30027	0.17757
V344	0.77676	0.01182	0.11862	0.01485	0.02698	0.00053	0.02429	0	0.02614	0
V345	0.00645	0.80985	0.03056	0.0155	0.03044	0.00796	0.01759	0.01756	0.04879	0.0153
V346	0.06552	0.02256	0.07373	0.02984	0.0263	0.02575	0.04178	0.3676	0.02274	0.32418
V347	0.02231	0	0.01854	0.00238	0	0.10207	0.03118	0	0.00675	0.81677
V348	0	0.1344	0.01948	0.01087	0.55248	0.21519	0.03815	0.0082	0.00476	0.01647
V349	0	0.71323	0.02294	0.01525	0.02846	0.00469	0.17438	0	0.02457	0.01648
V350	0.03337	0.00151	0.12351	0.16824	0.06836	0.0056	0.4253	0.00275	0.15744	0.01391
V351	0.01921	0.00088	0.17285	0.05426	0.07715	0.09364	0.45896	0	0.02626	0.09677
V352	0.02081	0.02106	0.03726	0.02699	0.1	0.25416	0.03293	0	0.09739	0.40941
V353	0.00273	0	0.02525	0.01327	0.03303	0.45379	0.08839	0.2329	0.01656	0.13408
V354	0.00751	0.03685	0.06325	0.02228	0.06242	0.20492	0.04754	0	0.54423	0.011
V355	0.75749	0.00215	0.0745	0.00514	0.02102	6e-04	0.02461	0	0.00914	0.10536
V356	0.01431	0.00193	0.06251	0.05461	0.05763	0.02351	0.06857	0.35215	0.36191	0.00287
V357	0.0205	0.01969	0.02779	0.02566	0.13181	0.71709	0.05047	0.00449	0.0025	0
V358	0.04632	0.00918	0.6285	0.07189	0.03185	0.08768	0.02284	0.05606	0.01895	0.02673
V359	0.31679	0.00011	0.06964	0.03585	0.04162	0.21491	0.02932	0.0101	0.228	0.05366
V360	0	0.20175	0.0601	0.0193	0.59189	0.0093	0.03596	0	0.0201	0.0616
V361	0	0	0.03058	0.02609	0.04751	0.82228	0.06673	0.00056	0.00626	0
V362	0.01868	0.05708	0.03001	0.00988	0.26452	0.01589	0.04634	0.4206	0.02035	0.11664
V363	0.32323	0.07095	0.04538	0.0132	0.019	0.26271	0.03277	0.08456	0.00505	0.14315
V364	0.00654	0.78975	0.01211	0.01962	0.01472	0.00976	0.02075	0.08054	0.02216	0.02405
V365	0	0	0.03797	0.01114	0.07241	0.04064	0.46115	0.00052	0.00925	0.36693
V366	0.0968	0.01717	0.58509	0.05947	0.0272	0.00521	0.01816	0	0.07012	0.12078
V367	0.47695	0.00297	0.06349	0.08432	0.01128	0.11094	0.02686	0.06574	0.00438	0.15308
V368	0.11726	0.00758	0.02446	0.00764	0.0197	0.05685	0.03311	0.00221	0.00578	0.72541
V369	0.26736	0.08965	0.05606	0.01642	0.04028	0.19494	0.02762	0	0.28974	0.01793
V370	0.02092	0.27105	0.02941	0.01954	0.10158	0	0.44394	0.01842	0.01219	0.08295
V371	0.01349	0.01337	0.18634	0.60832	0.03588	0.00144	0.01738	0.00944	0.04216	0.07218
V372	0.44261	0.10408	0.05782	0.00787	0.34818	0.00142	0.02199	0	0.00591	0.01012
V373	0.44012	0	0.04107	0.00668	0	0.00525	0.04752	0.03024	0.00421	0.42491
V374	0.02279	0.26765	0.4421	0.04859	0.03175	0.06857	0.0205	0.06346	0.01971	0.01488
V375	0.00485	0.30448	0.1239	0.30487	0.01338	0.01488	0.0168	0.00453	0.01147	0.20083
V376	0.04586	0.8288	0.02366	0.01474	0.0154	0.00744	0.01626	0	0.02181	0.02604
V377	0.05554	0.09392	0.05161	0.01257	0.00311	0.01032	0.02922	0.1076	0.09667	0.53944
V378	0.32154	0.24694	0.11277	0.07828	0.07122	0.01957	0.03415	0.0068	0.01171	0.09703
V379	0	0.33646	0.01817	0.0125	0.02109	0.3993	0.03309	0.00256	0.00749	0.16934
V380	0.304	0.00909	0.05572	0.05593	0.03059	0.03013	0.29741	0	0.01042	0.20671
V381	0.14259	0.00032	0.04285	0.0286	0.0569	0.62729	0.07813	0.0113	0.01203	0
V382	0.08234	0	0.14361	0.0162	0.02567	0.00815	0.02494	0	0.3664	0.3327
V383	0.12772	0.00563	0.04752	0.05061	0.03859	0.66904	0.0592	0.00018	0.00152	0
V384	0.00853	0	0.01513	0.00329	0	0.05902	0.15008	0.08894	0.00803	0.66697
V385	0.02139	0.02714	0.13757	0.37053	0.09766	0.00901	0.22641	0.08159	0.01008	0.01863
V386	0.35253	0.00749	0.35902	0.09708	0.03204	0.00298	0.02428	0.1074	0.01188	0.00529
V387	0.00082	0.02601	0.05422	0.01941	0.0781	0.03757	0.70641	0	0.03207	0.04539
V388	0.16407	0.00271	0.19429	0.14801	0.03193	0.02529	0.05012	0.33118	0.01677	0.03563
V389	0.0232	0	0.29776	0.03567	0	0.04593	0.0246	0	0.00991	0.56294
V390	0.10095	0.00572	0.04824	0.01362	0.07571	0	0.59097	0	0.09474	0.07004
V391	0.02592	0.00995	0.04808	0.02529	0.09906	0.00431	0.72873	0.01434	0.01314	0.03118
V392	0.08153	0.00286	0.11162	0.01963	0.02699	0.55709	0.04736	0	0.01325	0.13966
V393	0.00328	0	0.01038	0.00602	0	0.17554	0.04689	0.29913	0.01869	0.44006
V394	0.02181	0.01124	0.16962	0.53863	0.04965	0	0.19303	0.00202	0.00979	0.00421
V395	0.00771	0.125	0.24328	0.02926	0.48864	0.01565	0.041	0	0.01453	0.03494
V396	0.009	0.17427	0.052	0.03518	0.6733	0.00215	0.02283	0	0.01029	0.02099
V397	0.00869	0	0.03126	0.04348	0.02989	0.68966	0.04949	0.00018	0.00816	0.13919
V398	0.02798	0.02119	0.48265	0.25172	0.06992	0	0.02364	0	0.10906	0.01384
V399	0.00201	0.02599	0.03828	0.00563	0.1087	0.00127	0.03407	0.01199	0.17105	0.60102
V400	0.00899	0.0074	0.03916	0.06203	0.06226	0.01252	0.40549	0.37502	0.0235	0.00363
V401	0.02941	0.03285	0.19203	0.02464	0.01787	0.05247	0.05154	0.42273	0.02661	0.14985
V402	0.03808	0.01887	0.64983	0.06772	0.03238	0.00957	0.03621	0.11406	0.0175	0.01577
V403	0.01567	0.013	0.2103	0.08216	0.08827	0.00922	0.10203	0.0018	0.44674	0.03082
V404	0.02024	0.0493	0.34796	0.4373	0.10125	0.00052	0.02301	0	0.01187	0.00856
V405	0.77636	0.00088	0.0739	0.00546	0.02736	0.00461	0.10841	0	0.00302	0
V406	0.02653	0.0165	0.44431	0.42163	0.03937	0.00037	0.02351	0.00017	0.0187	0.0089
V407	0.42253	0.11975	0.13635	0.08068	0.08257	0.00629	0.06411	0	0.06022	0.02751
V408	0	0.55455	0.01494	0.01107	0.01996	0.00971	0.17602	0	0.04618	0.16757
V409	0.00011	0	0.06974	0.01251	0	0.0561	0.07959	0	0.00744	0.77452
V410	0.00212	0.01175	0.04105	0.0153	0	0.00694	0.02894	0.02839	0.11445	0.75105
V411	0.00991	0.0534	0.16326	0.54136	0.03288	0.04278	0.04861	0.00837	0.01333	0.08611
V412	0.25472	0	0.05599	0.03823	0.04171	0.31871	0.06158	0.03092	0.19727	0.00087
V413	0.01437	0.02126	0.09048	0.01928	0.13263	0	0.61182	0	0.02319	0.08696
V414	0.14884	0.02675	0.06163	0.02721	0.13514	0.00559	0.34787	0.22616	0.01367	0.00714
V415	0.0307	0.01648	0.02446	0.0149	0.0314	0.0314	0.072	0.72002	0.03909	0.01954
V416	0.01	0.23078	0.16945	0.51462	0.03303	0.00279	0.01534	0.00752	0.01242	0.00406
V417	0.00062	0	0.04789	0.02064	0	3e-04	0.03635	0	0.01389	0.88031
V418	0.01908	0.00696	0.0366	0.01996	0.01092	0.01796	0.02861	0.0073	0.07325	0.77934
V419	0.00637	0.66814	0.21088	0.03143	0.01961	0.00521	0.0215	0	0.01991	0.01696
V420	0.66101	0.02855	0.13131	0.01077	0.04328	0.00539	0.02175	0.00295	0.0088	0.0862
V421	0.05248	0.21994	0.1484	0.0239	0.05316	0	0.4474	0	0.01238	0.04235
V422	0.00115	0.04284	0.04526	0.01941	0.20008	0	0.37542	0	0.19382	0.12203
V423	0.03028	0.01719	0.30454	0.57037	0.04046	0.00143	0.01739	0.00279	0.01185	0.00371
V424	0	0.82262	0.01291	0.02079	0.01853	0.04277	0.03628	0.00566	0.02583	0.0146
V425	0.63162	0.10371	0.0605	0.00484	0.02258	0.00261	0.02765	0.05192	0.09456	0
V426	0	0.15913	0.03491	0.04746	0.59057	0.0686	0.02339	0	0.04375	0.03219
V427	0	0.25519	0.02095	0.02494	0.03494	0.60025	0.04922	0	0.01285	0.00166
V428	0.15777	0.272	0.03681	0.01656	0.04688	0.00208	0.29588	0.07431	0.01145	0.08627
V429	0.81928	0.00612	0.10008	0.00832	0.02879	0.00096	0.02645	0	0.01	0
V430	0.07094	0.01278	0.18524	0.50695	0.04459	0.00075	0.04999	0.00218	0.12316	0.00343
V431	0.01319	0.04596	0.12002	0.38049	0.07531	0.00965	0.03868	0.24083	0.07587	0
V432	0.80886	0.00427	0.08219	0.00592	0.03137	0	0.06354	0	0.00385	0
V433	0.00768	0.07866	0.06905	0.02041	0.05846	0.00103	0.17994	0.00159	0.47459	0.1086
V434	0.76136	0.01312	0.1522	0.01376	0.02762	0.00062	0.02493	0	0.00638	0
V435	0.31029	0.01248	0.16039	0.02987	0.03827	0.00797	0.02239	0	0.33276	0.08558
V436	0.4456	0	0.06017	0.04501	0.03806	0.15084	0.22623	0.0038	0.01767	0.01262
V437	0	0	0.03822	0.00924	0	0.02208	0.03221	0.00245	0.01242	0.88337
V438	0.01452	0.02557	0.20218	0.66525	0.04068	0.00221	0.01742	0.01016	0.01041	0.0116
V439	0.05509	0.0028	0.14644	0.36123	0.02367	0.02405	0.03762	0.12196	0.0109	0.21625
V440	0	0.0487	0.02349	0.00859	0	0.00049	0.03499	0	0.01301	0.87073
V441	0.37833	0.04015	0.12291	0.28732	0.12616	0.01316	0.02441	0	0.00532	0.00223
V442	0.44962	0	0.08118	0.01791	0.03125	0.38609	0.03287	0	0.00108	0
V443	0.01144	0	0.04169	0.01515	0.06098	0	0.66732	0	0.01236	0.19106
V444	0.49944	0	0.2001	0.03908	0.01821	0.00417	0.09399	0	0.00587	0.13915
V445	0.00408	0.40514	0.10103	0.30824	0.027	0.0032	0.0275	0	0.07906	0.04474
V446	0.00491	0.70961	0.02271	0.01386	0.07231	0.00466	0.12604	0	0.01772	0.02816
V447	0.03706	0.06332	0.02728	0.01183	0.29809	0.33039	0.04944	0.16307	0.01372	0.0058
V448	0	0.74141	0.05159	0.0176	0.02474	0.00519	0.11839	0	0.02454	0.01654
V449	0	0.17699	0.02925	0.03225	0.65582	0.01093	0.03181	0.02075	0.00864	0.03356
V450	0.394	0	0.05693	0.01748	0.0277	0.46673	0.03654	4e-05	0.00059	0
V451	0.11866	0	0.03859	0.0204	0.05995	0.05206	0.50747	0.18221	0.01357	0.00709
V452	0.20278	0.00323	0.05324	0.10784	0.04483	0.01107	0.04464	0.34388	0.03633	0.15215
V453	0.55762	0.05521	0.09062	0.13454	0.05341	0.00546	0.03917	0	0.00403	0.05994
V454	0	0.06617	0.06497	0.14333	0.31435	0.03936	0.32843	0	0.01288	0.03052
V455	0.2243	0.1024	0.03431	0.00604	0.42162	0.00773	0.02267	0	0.00525	0.17568
V456	0.75421	0.01762	0.13727	0.01116	0.02501	0.00545	0.03315	0.00368	0.00466	0.00779
V457	0.01154	0.1491	0.18179	0.57973	0.03633	0.00932	0.01572	0.00281	0.01134	0.00231
V458	0.01149	0.02219	0.1826	0.60554	0.03926	0.09667	0.01958	0.00383	0.00798	0.01086
V459	0.01137	0.10011	0.03891	0.01317	0.25554	0	0.44668	0	0.10044	0.03378
V460	0.00925	0	0.01978	0.02104	0.01153	0.02401	0.09215	0.46085	0.08076	0.28062
V461	0.01372	0.04636	0.05199	0.01845	0.07691	0.0217	0.69288	0.02166	0.0257	0.03064
V462	0.03479	0.00822	0.15077	0.02549	0.0309	0.0256	0.06188	0.62871	0.03364	0
V463	0.00401	0	0.12022	0.01711	0	0	0.05206	0.00163	0.01049	0.79448
V464	0	0.8195	0.06183	0.03194	0.01855	0.00748	0.01622	0	0.0286	0.01589
V465	0.02432	0.41453	0.07677	0.22261	0.03434	0.11115	0.03826	0.00364	0.06612	0.00828
V466	0.09623	0.05427	0.02532	0.00416	0.21087	0.00076	0.02625	0	0.01264	0.5695
V467	0.02871	0.03826	0.03535	0.0616	0.03072	0.05353	0.06508	0.65315	0.03361	0
V468	0.01049	0	0.03171	0.02057	0.04827	0.71207	0.11118	0.01269	0.05302	0
V469	0.08534	0.06507	0.05206	0.12034	0.05919	0.00906	0.02665	0.08578	0.01357	0.48295
V470	0.00201	0.09547	0.10995	0.07402	0.03858	0.62619	0.04342	0.00534	0.00467	0.00035
V471	0.02222	0.0147	0.40164	0.04103	0.04112	0.00817	0.02505	0.0783	0.02847	0.3393
V472	0	0.11942	0.05627	0.1419	0.48413	0.07846	0.03298	0.04635	0.01218	0.02833
V473	0.03112	0.00473	0.5747	0.05829	0.01699	0.03731	0.02036	0.00034	0.01822	0.23794
V474	0	0	0.02558	0.00338	0	0.02736	0.03767	0	0.01253	0.89347
V475	0.00106	0.26728	0.10595	0.02795	0.15911	0	0.40618	0	0.01285	0.01963
V476	0.16258	0.09207	0.27002	0.02997	0.36257	0	0.03223	0	0.00852	0.04204
V477	0.02437	0.28066	0.01462	0.02013	0.02761	0.32682	0.06389	0.22754	0.01423	0.00013
V478	0.04674	0.05983	0.64698	0.08016	0.04851	0	0.01723	0	0.04689	0.05366
V479	0.01557	0.06187	0.2341	0.55148	0.04635	0.00164	0.01666	0.00822	0.06076	0.00336
V480	0.19909	0.17093	0.05921	0.07049	0.2584	0.00204	0.02075	0	0.14226	0.07682
V481	0.03993	0.00643	0.06421	0.08478	0.07638	0	0.64932	0.0013	0.04829	0.02935
V482	0.0204	0.00373	0.03687	0.01482	0.03785	0.28934	0.1416	0.39514	0.03679	0.02345
V483	0.00692	0.38769	0.01868	0.02048	0.02149	0.02039	0.04564	0.44898	0.02921	0.00051
V484	0.01612	0.00574	0.05684	0.10154	0.09024	0.28349	0.2562	0.08021	0.10407	0.00555
V485	0.0111	0.28497	0.03694	0.01538	0.06023	0	0.47327	0	0.10047	0.01765
V486	0.01069	0.00551	0.03588	0.01974	0.05932	0.51384	0.31331	0	0.03711	0.00461
V487	0.43237	0.05561	0.20617	0.03273	0.22019	0.00646	0.02055	0	0.00641	0.0195
V488	0.02228	0.00748	0.41933	0.06028	0.00596	0.00508	0.02155	0	0.04674	0.4113
V489	0.12926	0.04591	0.03782	0.04749	0.02731	0.02193	0.06217	0.57752	0.04499	0.0056
V490	0	0.54515	0.02449	0.02533	0.0516	0.06872	0.02842	0.04041	0.16425	0.05165
V491	0.00936	0	0.0143	0.00173	0	0.00368	0.0598	0.13296	0.01959	0.75858
V492	0.01806	0.07288	0.05399	0.02526	0.04543	0.08782	0.11112	0	0.40435	0.1811
V493	0.15559	0.15768	0.34639	0.11628	0.14657	0.01416	0.01764	0.00568	0.02622	0.01379
V494	0.02116	0.02124	0.25972	0.04563	0.04064	0.03449	0.07355	0.3115	0.13042	0.06166
V495	0	0.14499	0.03713	0.05343	0.43555	0.17485	0.0357	0.03058	0.00464	0.08313
V496	0.02993	0.14734	0.50482	0.05378	0.02796	0.00581	0.03153	0.1673	0.01856	0.01297
V497	0	0.00512	0.02623	0.0096	0.05207	0.00096	0.03169	0.00201	0.01342	0.8589
V498	0.01501	0.0156	0.19633	0.57716	0.04872	0.00447	0.02192	0.09742	0.0121	0.01127
V499	0.19099	0	0.03042	0.00185	0	0	0.03198	0.00229	0.00703	0.73544
V500	0.39715	0.00864	0.14272	0.01567	0.04492	0.13933	0.15341	0	0.01361	0.08454
V501	0.01416	0	0.19063	0.02781	0	0.00817	0.03634	0.26069	0.02658	0.43561
V502	0.01378	0.01048	0.16328	0.54306	0.03794	0.01285	0.04407	0.13464	0.02903	0.01088
V503	0.04008	0	0.0344	0.01114	0.03365	0.02912	0.08604	0.53775	0.17307	0.05474
V504	0.10536	0	0.02742	0.01619	0.0351	0.08159	0.29486	0.30708	0.02054	0.11187
V505	0.06431	0.02919	0.29132	0.03349	0.11745	0.17802	0.11446	0.10044	0.00922	0.06208
V506	0.00389	0.03271	0.01748	0.00588	0.07459	0.04598	0.05419	0.30611	0.01549	0.44369
V507	0.01072	0.42905	0.02296	0.01322	0.04233	0.00464	0.31269	0.0928	0.05785	0.01373
V508	0.39257	0	0.0697	0.01167	0.0321	0.43065	0.03534	0.01564	0.00574	0.00659
V509	0.01572	0.6867	0.02281	0.01425	0.02579	0.06201	0.14188	0	0.01615	0.01469
V510	0.04417	0.55932	0.03796	0.01084	0	0.00389	0.01811	0	0.0139	0.31182
V511	0.04962	0.23388	0.02794	0.00991	0	0.001	0.0221	0	0.01352	0.64203
