CD19B	CD56NK	CD4MemoryT	CD14
V1	0.40863	0.09378	0.20531	0.29228
V2	0.148	0.16453	0.1223	0.56516
V3	0.08378	0.52431	0.07571	0.3162
V4	0.62312	0.16851	0.09327	0.1151
V5	0.12755	0.42686	0.22743	0.21816
V6	0.0983	0.70015	0.07713	0.12443
V7	0.1456	0.348	0.13049	0.37591
V8	0.16478	0.10777	0.59287	0.13458
V9	0.20004	0.26456	0.1089	0.4265
V10	0.08881	0.1166	0.64444	0.15015
V11	0.19775	0.34776	0.34617	0.10833
V12	0.07673	0.50434	0.30077	0.11816
V13	0.22346	0.58291	0.07245	0.12118
V14	0.09297	0.72952	0.06689	0.11062
V15	0.13047	0.50594	0.1467	0.21688
V16	0.65104	0.11006	0.11472	0.12418
V17	0.10594	0.69866	0.07126	0.12414
V18	0.41646	0.33977	0.11258	0.13119
V19	0.15494	0.66075	0.06941	0.1149
V20	0.1558	0.41483	0.08766	0.3417
V21	0.16317	0.13725	0.566	0.13358
V22	0.07166	0.17062	0.21088	0.54684
V23	0.31756	0.12073	0.45219	0.10951
V24	0.68467	0.09632	0.12245	0.09656
V25	0.26605	0.26638	0.16416	0.30341
V26	0.29353	0.36891	0.09195	0.2456
V27	0.11777	0.13986	0.10476	0.63761
V28	0.08097	0.12438	0.68677	0.10788
V29	0.35166	0.10893	0.40846	0.13096
V30	0.12269	0.2548	0.24873	0.37379
V31	0.18756	0.23853	0.26164	0.31227
V32	0.1037	0.12295	0.11239	0.66095
V33	0.08789	0.44228	0.29062	0.17921
V34	0.16345	0.12337	0.57886	0.13433
V35	0.15778	0.59148	0.12129	0.12944
V36	0.06974	0.12947	0.37843	0.42236
V37	0.39565	0.14601	0.15282	0.30552
V38	0.3277	0.09132	0.20489	0.3761
V39	0.15963	0.48394	0.15327	0.20316
V40	0.11527	0.66682	0.11412	0.10379
V41	0.05376	0.56005	0.09641	0.28978
V42	0.20143	0.12044	0.22061	0.45752
V43	0.15216	0.33469	0.38165	0.13151
V44	0.08225	0.15631	0.53385	0.22759
V45	0.11938	0.50272	0.20611	0.1718
V46	0.58216	0.13783	0.17797	0.10204
V47	0.34396	0.23089	0.28329	0.14186
V48	0.57905	0.21149	0.09503	0.11443
V49	0.52304	0.22667	0.0867	0.16358
V50	0.09445	0.67449	0.11983	0.11123
V51	0.25535	0.37681	0.23899	0.12885
V52	0.09388	0.17743	0.59294	0.13575
V53	0.53552	0.17683	0.19113	0.09652
V54	0.32966	0.23365	0.31587	0.12082
V55	0.19328	0.19389	0.23343	0.3794
V56	0.08665	0.11631	0.14369	0.65334
V57	0.11282	0.69269	0.07761	0.11688
V58	0.46314	0.0883	0.12631	0.32225
V59	0.32516	0.38451	0.14948	0.14086
V60	0.14857	0.21135	0.28089	0.35919
V61	0.57226	0.16303	0.10112	0.16359
V62	0.63547	0.10593	0.14858	0.11001
V63	0.06262	0.67022	0.14159	0.12557
V64	0.05209	0.68391	0.06009	0.20391
V65	0.06875	0.11187	0.15057	0.66881
V66	0.18761	0.57345	0.08162	0.15732
V67	0.16717	0.3267	0.39035	0.11578
V68	0.1527	0.20278	0.10406	0.54047
V69	0.08541	0.31768	0.45061	0.1463
V70	0.39871	0.20283	0.20582	0.19264
V71	0.17104	0.15381	0.31566	0.35948
V72	0.41734	0.20696	0.15077	0.22493
V73	0.15365	0.51758	0.15841	0.17036
V74	0.1103	0.25691	0.52806	0.10472
V75	0.51983	0.0823	0.22402	0.17384
V76	0.05685	0.22748	0.19494	0.52073
V77	0.07597	0.30268	0.08702	0.53433
V78	0.24847	0.1825	0.20512	0.3639
V79	0.07683	0.17183	0.57538	0.17596
V80	0.29601	0.1051	0.42715	0.17175
V81	0.11321	0.21349	0.56162	0.11167
V82	0.07886	0.14464	0.66171	0.11479
V83	0.14074	0.22707	0.13325	0.49895
V84	0.30484	0.12679	0.19732	0.37105
V85	0.13276	0.32171	0.32083	0.2247
V86	0.11005	0.13388	0.61397	0.1421
V87	0.07205	0.66584	0.10175	0.16035
V88	0.16874	0.14662	0.25176	0.43288
V89	0.07426	0.11694	0.21409	0.59471
V90	0.06715	0.71221	0.10122	0.11941
V91	0.07666	0.60768	0.18325	0.13241
V92	0.35738	0.10777	0.33321	0.20164
V93	0.63588	0.08933	0.09957	0.17521
V94	0.06131	0.41024	0.08785	0.44059
V95	0.21575	0.39763	0.17679	0.20983
V96	0.10197	0.17431	0.10717	0.61655
V97	0.50539	0.16473	0.22674	0.10314
V98	0.50122	0.30444	0.0866	0.10774
V99	0.58467	0.115	0.19648	0.10385
V100	0.12971	0.12096	0.62131	0.12802
V101	0.06905	0.12596	0.09932	0.70567
V102	0.66916	0.11561	0.10511	0.11011
V103	0.06719	0.13694	0.14762	0.64826
V104	0.06679	0.7562	0.06552	0.11149
V105	0.08454	0.73238	0.07179	0.11129
V106	0.13719	0.45216	0.27314	0.13751
V107	0.18909	0.24148	0.42386	0.14557
V108	0.1518	0.6168	0.1283	0.1031
V109	0.07782	0.21898	0.43639	0.26681
V110	0.0858	0.70007	0.08936	0.12477
V111	0.66737	0.07704	0.15178	0.10381
V112	0.15227	0.14856	0.346	0.35317
V113	0.17748	0.17835	0.19921	0.44496
V114	0.21067	0.13445	0.14392	0.51096
V115	0.05815	0.62166	0.20815	0.11204
V116	0.15479	0.31943	0.30222	0.22356
V117	0.48662	0.27247	0.10936	0.13155
V118	0.15693	0.49632	0.09174	0.25501
V119	0.1301	0.15891	0.12293	0.58805
V120	0.12849	0.1492	0.60195	0.12036
V121	0.43062	0.18731	0.15117	0.2309
V122	0.69448	0.08369	0.11169	0.11014
V123	0.05461	0.45433	0.10304	0.38802
V124	0.4751	0.29869	0.08267	0.14354
V125	0.30077	0.38708	0.1927	0.11945
V126	0.08049	0.20891	0.11976	0.59084
V127	0.16836	0.13614	0.24867	0.44682
V128	0.07819	0.116	0.16267	0.64315
V129	0.42381	0.2581	0.19173	0.12637
V130	0.0615	0.55219	0.27499	0.11133
V131	0.06294	0.7105	0.05949	0.16708
V132	0.67601	0.08381	0.123	0.11718
V133	0.65927	0.09055	0.14012	0.11005
V134	0.12501	0.3722	0.15873	0.34407
V135	0.11292	0.11931	0.20241	0.56536
V136	0.20373	0.3775	0.08541	0.33336
V137	0.47986	0.11425	0.25227	0.15362
V138	0.1888	0.38001	0.1885	0.24269
V139	0.27593	0.24738	0.20758	0.26911
V140	0.07667	0.17087	0.12276	0.62971
V141	0.10923	0.21702	0.40685	0.26689
V142	0.5879	0.08209	0.23275	0.09726
V143	0.31897	0.28331	0.13152	0.2662
V144	0.16434	0.21343	0.19106	0.43117
V145	0.05385	0.62714	0.20719	0.11182
V146	0.091	0.11863	0.11381	0.67656
V147	0.65715	0.09633	0.11562	0.1309
V148	0.15518	0.15786	0.43464	0.25232
V149	0.22617	0.45461	0.21149	0.10773
V150	0.12539	0.2735	0.43434	0.16677
V151	0.18253	0.53003	0.0909	0.19654
V152	0.20368	0.40797	0.21032	0.17803
V153	0.11783	0.6123	0.07834	0.19152
V154	0.21334	0.41445	0.2429	0.12931
V155	0.35897	0.20002	0.26581	0.1752
V156	0.09411	0.20606	0.5003	0.19953
V157	0.25286	0.21425	0.2771	0.25579
V158	0.06941	0.11524	0.10815	0.7072
V159	0.6359	0.1309	0.09657	0.13663
V160	0.49909	0.08832	0.144	0.2686
V161	0.18987	0.10715	0.11684	0.58614
V162	0.09546	0.31372	0.13372	0.4571
V163	0.11794	0.43913	0.17942	0.26351
V164	0.26529	0.31649	0.15044	0.26779
V165	0.06049	0.28957	0.08129	0.56865
V166	0.0645	0.17795	0.13235	0.6252
V167	0.27372	0.09479	0.10113	0.53037
V168	0.23411	0.49244	0.12524	0.14821
V169	0.17341	0.14283	0.1198	0.56397
V170	0.13946	0.11981	0.40604	0.33468
V171	0.15472	0.27179	0.43439	0.1391
V172	0.53608	0.08377	0.27463	0.10552
V173	0.07542	0.20859	0.11574	0.60024
V174	0.0677	0.22525	0.13354	0.57351
V175	0.11876	0.10882	0.5711	0.20132
V176	0.05717	0.65965	0.17084	0.11234
V177	0.0527	0.76644	0.06114	0.11972
V178	0.05124	0.62598	0.06705	0.25572
V179	0.17284	0.10778	0.32486	0.39453
V180	0.06759	0.71354	0.11305	0.10582
V181	0.1749	0.19765	0.40877	0.21868
V182	0.25634	0.23001	0.36387	0.14978
V183	0.1677	0.6537	0.06978	0.10882
V184	0.71753	0.07656	0.10946	0.09645
V185	0.42083	0.38597	0.08976	0.10345
V186	0.13515	0.43256	0.23407	0.19821
V187	0.6893	0.08382	0.12361	0.10326
V188	0.09186	0.26803	0.08267	0.55743
V189	0.58174	0.0994	0.11022	0.20864
V190	0.49734	0.09342	0.30306	0.10618
V191	0.18899	0.248	0.42462	0.13839
V192	0.24128	0.4237	0.10773	0.22728
V193	0.44622	0.11556	0.24548	0.19274
V194	0.07179	0.73617	0.06652	0.12552
V195	0.08504	0.12441	0.67577	0.11479
V196	0.06711	0.15768	0.09986	0.67535
V197	0.31179	0.13328	0.11294	0.44199
V198	0.10286	0.44819	0.29618	0.15276
V199	0.16583	0.12255	0.20249	0.50913
V200	0.13323	0.48787	0.08344	0.29545
V201	0.11876	0.48297	0.18625	0.21202
V202	0.08444	0.11916	0.56153	0.23487
V203	0.16929	0.39646	0.31141	0.12284
V204	0.0527	0.47151	0.07642	0.39938
V205	0.0899	0.14352	0.64397	0.12261
V206	0.10928	0.17125	0.60729	0.11218
V207	0.14028	0.24001	0.12115	0.49857
V208	0.23602	0.14748	0.49933	0.11717
V209	0.24062	0.42213	0.12291	0.21434
V210	0.10733	0.62075	0.12663	0.14529
V211	0.32051	0.1045	0.11902	0.45596
V212	0.39521	0.12194	0.36224	0.12061
V213	0.46159	0.10981	0.17028	0.25833
V214	0.26141	0.21676	0.19176	0.33006
V215	0.23433	0.17289	0.10324	0.48953
V216	0.08052	0.11419	0.10819	0.6971
V217	0.08439	0.44291	0.21414	0.25856
V218	0.11768	0.40974	0.18079	0.29178
V219	0.11821	0.53821	0.07557	0.26801
V220	0.05222	0.66579	0.06507	0.21692
V221	0.58113	0.08317	0.10188	0.23382
V222	0.26167	0.20038	0.30851	0.22944
V223	0.07554	0.20797	0.54784	0.16866
V224	0.70793	0.07669	0.11866	0.09671
V225	0.08632	0.70018	0.1026	0.1109
V226	0.26914	0.16056	0.45435	0.11595
V227	0.58095	0.08097	0.22645	0.11164
V228	0.55053	0.13737	0.14103	0.17106
V229	0.09106	0.12321	0.6563	0.12942
V230	0.0688	0.12615	0.10752	0.69754
V231	0.06629	0.30112	0.15136	0.48123
V232	0.07643	0.55009	0.06517	0.30831
V233	0.41475	0.16054	0.21851	0.20619
V234	0.07232	0.72554	0.08285	0.11929
V235	0.30789	0.14192	0.4191	0.1311
V236	0.10626	0.1568	0.56825	0.16868
V237	0.15611	0.10826	0.11986	0.61577
V238	0.14423	0.48028	0.23155	0.14393
V239	0.09366	0.38237	0.0893	0.43467
V240	0.37984	0.1207	0.35715	0.1423
V241	0.08892	0.11591	0.63239	0.16278
V242	0.13908	0.61739	0.12819	0.11533
V243	0.2279	0.13179	0.47426	0.16605
V244	0.20837	0.10305	0.51438	0.1742
V245	0.43107	0.30377	0.12043	0.14473
V246	0.1115	0.2131	0.54857	0.12683
V247	0.18645	0.11637	0.5929	0.10429
V248	0.07349	0.13129	0.12238	0.67284
V249	0.07528	0.13649	0.62525	0.16298
V250	0.56817	0.0826	0.24372	0.10551
V251	0.68233	0.109	0.10608	0.10259
V252	0.05719	0.67711	0.16032	0.10537
V253	0.28288	0.15336	0.19381	0.36995
V254	0.05383	0.73754	0.09617	0.11247
V255	0.07722	0.72404	0.05939	0.13935
V256	0.18046	0.25404	0.39335	0.17214
V257	0.32087	0.17415	0.23602	0.26896
V258	0.17738	0.29014	0.33505	0.19743
V259	0.09193	0.30973	0.4576	0.14073
V260	0.07005	0.30629	0.51238	0.11129
V261	0.45099	0.1137	0.2226	0.2127
V262	0.11778	0.14537	0.10438	0.63247
V263	0.0595	0.75331	0.06188	0.1253
V264	0.17307	0.13087	0.34909	0.34697
V265	0.08039	0.11045	0.17701	0.63214
V266	0.47516	0.34013	0.08868	0.09604
V267	0.05829	0.23655	0.25226	0.4529
V268	0.29584	0.11398	0.1872	0.40298
V269	0.06147	0.4853	0.30598	0.14725
V270	0.47329	0.1076	0.25205	0.16707
V271	0.56995	0.13499	0.11821	0.17685
V272	0.0828	0.66057	0.0711	0.18554
V273	0.09109	0.12384	0.11966	0.6654
V274	0.51333	0.08261	0.2189	0.18515
V275	0.08014	0.12424	0.68073	0.1149
V276	0.36555	0.33458	0.08906	0.21081
V277	0.07903	0.25405	0.1826	0.48431
V278	0.08521	0.1506	0.26501	0.49918
V279	0.49488	0.1311	0.16945	0.20457
V280	0.06941	0.11524	0.10815	0.7072
V281	0.39912	0.11197	0.18857	0.30034
V282	0.11282	0.15759	0.57499	0.15459
V283	0.18321	0.49563	0.11192	0.20925
V284	0.06773	0.71926	0.10126	0.11175
V285	0.12628	0.11557	0.65204	0.10611
V286	0.20662	0.47483	0.14192	0.17663
V287	0.11196	0.69233	0.07182	0.1239
V288	0.07043	0.30328	0.33266	0.29363
V289	0.2416	0.25769	0.33626	0.16446
V290	0.59905	0.20353	0.10193	0.0955
V291	0.37968	0.14621	0.36093	0.11318
V292	0.67198	0.08352	0.10129	0.1432
V293	0.26421	0.11068	0.48677	0.13835
V294	0.10579	0.35699	0.07914	0.45808
V295	0.0682	0.23472	0.20011	0.49696
V296	0.1841	0.19142	0.4517	0.17278
V297	0.10546	0.10902	0.13854	0.64698
V298	0.26176	0.17415	0.44785	0.11624
V299	0.0963	0.2962	0.09134	0.51616
V300	0.06194	0.13019	0.23117	0.5767
V301	0.15007	0.1869	0.47052	0.19251
V302	0.47483	0.33301	0.08364	0.10852
V303	0.05745	0.51079	0.29893	0.13283
V304	0.11094	0.12425	0.53679	0.22802
V305	0.1434	0.22065	0.35666	0.27929
V306	0.57525	0.15677	0.13056	0.13742
V307	0.05948	0.74908	0.07218	0.11925
V308	0.20127	0.26613	0.2614	0.2712
V309	0.25347	0.32081	0.09827	0.32745
V310	0.10374	0.32438	0.17252	0.39935
V311	0.38384	0.43034	0.08159	0.10423
V312	0.11512	0.6041	0.15648	0.1243
V313	0.06083	0.18401	0.10278	0.65238
V314	0.06128	0.43061	0.1437	0.36441
V315	0.12697	0.52643	0.09058	0.25603
V316	0.25437	0.20062	0.32184	0.22317
V317	0.10476	0.57546	0.09594	0.22384
V318	0.07153	0.48042	0.07952	0.36853
V319	0.1149	0.14886	0.60087	0.13537
V320	0.12167	0.21065	0.46869	0.19899
V321	0.46818	0.34756	0.08798	0.09628
V322	0.17205	0.32544	0.12642	0.37609
V323	0.09243	0.12395	0.14863	0.63499
V324	0.47604	0.27468	0.13298	0.1163
V325	0.24751	0.53774	0.10773	0.10702
V326	0.0491	0.48485	0.1297	0.33636
V327	0.06847	0.21003	0.15271	0.56879
V328	0.1042	0.12443	0.5368	0.23458
V329	0.16483	0.1863	0.19155	0.45732
V330	0.30565	0.09945	0.30374	0.29116
V331	0.26288	0.1631	0.1217	0.45232
V332	0.06631	0.14496	0.20066	0.58808
V333	0.32477	0.15438	0.33145	0.1894
V334	0.28389	0.10267	0.31397	0.29947
V335	0.08092	0.33939	0.38063	0.19906
V336	0.16176	0.5747	0.08088	0.18266
V337	0.23644	0.37795	0.25654	0.12907
V338	0.04729	0.77318	0.06721	0.11232
V339	0.15954	0.11192	0.61578	0.11276
V340	0.10231	0.26731	0.39149	0.23889
V341	0.0732	0.13178	0.1318	0.66321
V342	0.22797	0.10183	0.46491	0.20529
V343	0.70042	0.08944	0.10786	0.10228
V344	0.4961	0.19941	0.20739	0.0971
V345	0.08545	0.12455	0.68215	0.10785
V346	0.20117	0.187	0.25829	0.35355
V347	0.08577	0.11494	0.17252	0.62677
V348	0.08642	0.54482	0.1572	0.21156
V349	0.27522	0.22141	0.3207	0.18267
V350	0.06995	0.65296	0.17134	0.10575
V351	0.07457	0.12924	0.32765	0.46854
V352	0.1085	0.1209	0.60105	0.16955
V353	0.62612	0.09819	0.12462	0.15108
V354	0.08558	0.57191	0.20385	0.13866
V355	0.23666	0.15894	0.368	0.23639
V356	0.07826	0.12502	0.15328	0.64344
V357	0.13015	0.33461	0.24366	0.29157
V358	0.38408	0.17242	0.12608	0.31742
V359	0.40599	0.13435	0.11705	0.34261
V360	0.40048	0.39539	0.0943	0.10984
V361	0.06256	0.41728	0.4093	0.11087
V362	0.04755	0.76867	0.07157	0.1122
V363	0.17325	0.18978	0.36542	0.27155
V364	0.1734	0.15054	0.49643	0.17963
V365	0.21555	0.11923	0.10375	0.56148
V366	0.09828	0.56275	0.12129	0.21768
V367	0.40288	0.19744	0.09107	0.30861
V368	0.1054	0.59526	0.12107	0.17827
V369	0.07622	0.38087	0.43171	0.11119
V370	0.24696	0.29409	0.32896	0.12999
V371	0.16897	0.59009	0.08415	0.15679
V372	0.15715	0.14628	0.16553	0.53104
V373	0.11529	0.20868	0.36253	0.3135
V374	0.57622	0.08824	0.23804	0.09751
V375	0.08444	0.13722	0.17975	0.59859
V376	0.07783	0.13149	0.15297	0.63772
V377	0.56099	0.0775	0.10822	0.25329
V378	0.06923	0.12912	0.33349	0.46816
V379	0.25311	0.24014	0.09449	0.41226
V380	0.15292	0.16001	0.21016	0.47691
V381	0.51991	0.09574	0.16088	0.22347
V382	0.13051	0.12652	0.62949	0.11347
V383	0.5915	0.08238	0.13652	0.1896
V384	0.39624	0.15361	0.17899	0.27117
V385	0.60993	0.09192	0.15429	0.14386
V386	0.24045	0.11169	0.18604	0.46182
V387	0.42013	0.20178	0.21123	0.16686
V388	0.27905	0.33167	0.17459	0.21468
V389	0.30467	0.45712	0.08357	0.15465
V390	0.25049	0.28047	0.36332	0.10572
V391	0.30243	0.17518	0.10382	0.41858
V392	0.30891	0.25829	0.19189	0.2409
V393	0.23236	0.26518	0.29185	0.21061
V394	0.11282	0.26475	0.15264	0.46978
V395	0.18978	0.37287	0.20111	0.23623
V396	0.05284	0.75603	0.06542	0.12571
V397	0.5521	0.15293	0.16291	0.13206
V398	0.32116	0.19884	0.15141	0.32859
V399	0.17325	0.47716	0.16568	0.18391
V400	0.04868	0.49674	0.1117	0.34288
V401	0.09479	0.21998	0.51728	0.16795
V402	0.57494	0.21344	0.11643	0.09519
V403	0.07346	0.12582	0.13652	0.6642
V404	0.12637	0.24497	0.44851	0.18014
V405	0.19081	0.12749	0.19739	0.48431
V406	0.45132	0.27209	0.09945	0.17714
V407	0.04729	0.77318	0.06721	0.11232
V408	0.11955	0.2786	0.31661	0.28525
V409	0.06349	0.12146	0.10785	0.70719
V410	0.10667	0.68688	0.08233	0.12413
V411	0.32294	0.09688	0.09642	0.48376
V412	0.16744	0.16245	0.38522	0.28489
V413	0.08895	0.43399	0.18452	0.29254
V414	0.08033	0.4486	0.27226	0.19881
V415	0.32943	0.1186	0.24088	0.31109
V416	0.08409	0.16046	0.64876	0.10669
V417	0.29083	0.52631	0.07685	0.10602
V418	0.1036	0.18187	0.17594	0.53858
V419	0.069	0.11492	0.11502	0.70106
V420	0.04698	0.70386	0.07038	0.17877
V421	0.1741	0.13475	0.49923	0.19193
V422	0.08426	0.14923	0.10039	0.66611
V423	0.12971	0.12096	0.62131	0.12802
V424	0.06767	0.14649	0.45811	0.32773
V425	0.10362	0.27511	0.43439	0.18687
V426	0.13399	0.13783	0.56684	0.16133
V427	0.09653	0.37763	0.19221	0.33364
V428	0.10453	0.61969	0.10365	0.17214
V429	0.06893	0.1147	0.1192	0.69717
V430	0.52567	0.21284	0.10435	0.15715
V431	0.18029	0.12138	0.36413	0.3342
V432	0.12299	0.17356	0.12186	0.58158
V433	0.08235	0.59801	0.06415	0.2555
V434	0.25663	0.15799	0.12602	0.45936
V435	0.36814	0.1019	0.17692	0.35304
V436	0.28843	0.10586	0.17044	0.43527
V437	0.19188	0.26305	0.08761	0.45746
V438	0.42774	0.2124	0.11133	0.24854
V439	0.07727	0.17564	0.0979	0.64918
V440	0.34735	0.12336	0.11909	0.4102
V441	0.11147	0.20374	0.43836	0.24643
V442	0.24495	0.34094	0.16623	0.24788
V443	0.52725	0.08584	0.16316	0.22375
V444	0.08545	0.12455	0.68215	0.10785
V445	0.45575	0.1043	0.31282	0.12713
V446	0.07179	0.65954	0.10225	0.16642
V447	0.44836	0.1657	0.20596	0.17999
V448	0.07242	0.15797	0.20479	0.56482
V449	0.41167	0.1233	0.28308	0.18195
V450	0.14211	0.68195	0.07222	0.10373
V451	0.66916	0.116	0.09762	0.11722
V452	0.07901	0.11996	0.13659	0.66444
V453	0.57071	0.14411	0.14133	0.14385
V454	0.04775	0.73662	0.09574	0.11988
V455	0.44107	0.11594	0.28859	0.15439
V456	0.2615	0.19358	0.32204	0.22287
V457	0.06337	0.12576	0.1039	0.70697
V458	0.21098	0.2627	0.08783	0.43849
V459	0.0602	0.63589	0.12483	0.17909
V460	0.68293	0.08381	0.12307	0.11019
V461	0.0911	0.13068	0.10219	0.67603
V462	0.25795	0.27424	0.08305	0.38476
V463	0.20935	0.42632	0.175	0.18933
V464	0.36018	0.17148	0.09287	0.37548
V465	0.29377	0.39644	0.09654	0.21325
V466	0.40936	0.23229	0.08969	0.26866
V467	0.24766	0.49166	0.12562	0.13506
V468	0.35931	0.37859	0.11541	0.14669
V469	0.07059	0.23596	0.25328	0.44017
V470	0.39061	0.19081	0.20573	0.21285
V471	0.21448	0.18116	0.11402	0.49034
V472	0.24383	0.33107	0.07944	0.34566
V473	0.12307	0.47347	0.27884	0.12462
V474	0.13204	0.10513	0.15945	0.60338
V475	0.16446	0.37592	0.13018	0.32944
V476	0.15623	0.1169	0.13253	0.59434
V477	0.43101	0.12137	0.22824	0.21939
V478	0.13241	0.50047	0.07208	0.29504
V479	0.08533	0.17097	0.56839	0.17531
V480	0.10275	0.32013	0.10895	0.46817
V481	0.17217	0.11703	0.59141	0.11939
V482	0.49186	0.21152	0.16471	0.1319
V483	0.13543	0.18596	0.13586	0.54275
V484	0.07216	0.15742	0.10987	0.66055
V485	0.12535	0.59876	0.0722	0.20368
V486	0.21768	0.29001	0.16151	0.3308
V487	0.10498	0.14058	0.14585	0.6086
V488	0.07492	0.11317	0.62295	0.18895
V489	0.20702	0.17665	0.49884	0.11749
V490	0.25567	0.3222	0.12658	0.29555
V491	0.32346	0.42273	0.09981	0.154
V492	0.06817	0.67024	0.14907	0.11252
V493	0.06937	0.11491	0.10093	0.7148
V494	0.18791	0.21924	0.39529	0.19757
V495	0.19311	0.52402	0.15998	0.1229
V496	0.22299	0.5695	0.06588	0.14163
V497	0.08531	0.11809	0.68184	0.11476
V498	0.24217	0.17997	0.12472	0.45315
V499	0.44322	0.28576	0.16711	0.10391
V500	0.13715	0.1975	0.52459	0.14076
V501	0.06323	0.11536	0.11922	0.70219
V502	0.39412	0.29553	0.18437	0.12598
V503	0.17857	0.17912	0.21021	0.4321
V504	0.19532	0.57155	0.07637	0.15676
V505	0.17963	0.25955	0.23476	0.32606
V506	0.12096	0.28672	0.34742	0.24491
V507	0.4322	0.17272	0.17092	0.22417
V508	0.52838	0.21427	0.11981	0.13754
V509	0.20823	0.15419	0.39319	0.24439
V510	0.19832	0.45799	0.23499	0.10871
V511	0.07973	0.39121	0.10608	0.42298
V512	0.20253	0.14214	0.14395	0.51138
V513	0.10438	0.53785	0.1979	0.15988
V514	0.06775	0.15088	0.09708	0.6843
V515	0.53656	0.13726	0.13048	0.1957
V516	0.65656	0.14608	0.096	0.10137
V517	0.08562	0.12774	0.24298	0.54367
V518	0.69369	0.1023	0.10174	0.10227
V519	0.06446	0.6852	0.06465	0.18569
V520	0.08737	0.10632	0.46333	0.34299
V521	0.42003	0.12517	0.32556	0.12924
V522	0.06927	0.20549	0.42383	0.30141
V523	0.27254	0.19928	0.24549	0.28268
V524	0.05599	0.62792	0.18346	0.13263
V525	0.20604	0.25103	0.10202	0.4409
V526	0.45035	0.15661	0.14383	0.24921
V527	0.19305	0.12014	0.33185	0.35496
V528	0.11102	0.68293	0.06078	0.14527
V529	0.09926	0.15621	0.22219	0.52234
V530	0.07161	0.25532	0.48597	0.1871
V531	0.06279	0.6971	0.13476	0.10535
V532	0.15726	0.33104	0.09675	0.41495
V533	0.2243	0.34844	0.16519	0.26206
V534	0.07527	0.11758	0.51927	0.28787
V535	0.39663	0.08429	0.10478	0.4143
V536	0.18555	0.10002	0.31925	0.39518
V537	0.4246	0.27993	0.18615	0.10932
V538	0.33062	0.14172	0.14818	0.37948
V539	0.21575	0.39763	0.17679	0.20983
V540	0.17683	0.56912	0.11771	0.13634
V541	0.06048	0.4482	0.11524	0.37608
V542	0.18006	0.20167	0.23806	0.3802
V543	0.62685	0.08131	0.10925	0.18258
V544	0.12477	0.1741	0.19259	0.50855
V545	0.27121	0.20684	0.13335	0.3886
V546	0.0793	0.70164	0.10741	0.11165
V547	0.08091	0.53625	0.26497	0.11787
V548	0.15145	0.61739	0.12156	0.1096
V549	0.27866	0.12309	0.48154	0.11671
V550	0.41562	0.11082	0.09429	0.37926
V551	0.16341	0.59771	0.08833	0.15055
V552	0.04745	0.46449	0.07643	0.41163
V553	0.21056	0.21363	0.45189	0.12392
V554	0.09001	0.16957	0.10815	0.63227
V555	0.11665	0.27006	0.27945	0.33384
V556	0.07748	0.12937	0.65666	0.13649
V557	0.57493	0.1047	0.1056	0.21477
V558	0.09065	0.62842	0.08246	0.19847
V559	0.05767	0.65355	0.1827	0.10608
V560	0.49462	0.31748	0.08579	0.10211
V561	0.08014	0.12424	0.68073	0.1149
V562	0.55556	0.08472	0.1812	0.17853
V563	0.23233	0.10523	0.55142	0.11102
V564	0.11509	0.16456	0.59906	0.12129
V565	0.13992	0.29079	0.3042	0.26509
V566	0.4853	0.16575	0.09462	0.25433
V567	0.18281	0.40848	0.09294	0.31577
V568	0.20335	0.10724	0.1308	0.55861
V569	0.47869	0.10631	0.09465	0.32034
V570	0.08492	0.31038	0.44336	0.16134
V571	0.57545	0.18315	0.09169	0.1497
V572	0.343	0.09963	0.37339	0.18398
V573	0.09302	0.22748	0.09175	0.58774
V574	0.07677	0.63336	0.17157	0.1183
V575	0.06975	0.17117	0.16548	0.59359
V576	0.15102	0.64516	0.08853	0.1153
V577	0.08457	0.14397	0.21751	0.55395
V578	0.10718	0.16091	0.49187	0.24004
V579	0.05506	0.69476	0.12421	0.12597
V580	0.1517	0.11149	0.16528	0.57153
V581	0.09518	0.16163	0.09513	0.64806
V582	0.40615	0.2059	0.11176	0.27619
V583	0.07233	0.14694	0.43905	0.34168
V584	0.37963	0.21288	0.2728	0.13469
V585	0.07009	0.11624	0.35938	0.4543
V586	0.2221	0.10893	0.4888	0.18018
V587	0.24416	0.112	0.51154	0.1323
V588	0.44074	0.12306	0.11418	0.32203
V589	0.08394	0.6467	0.10903	0.16032
V590	0.08446	0.61982	0.18373	0.11199
V591	0.062	0.13868	0.21125	0.58808
V592	0.17992	0.12999	0.58602	0.10407
V593	0.4241	0.08601	0.21743	0.27245
V594	0.26554	0.30692	0.28364	0.14391
V595	0.07387	0.12578	0.10768	0.69266
V596	0.07968	0.30547	0.21431	0.40055
V597	0.05447	0.49837	0.27402	0.17314
V598	0.08661	0.19503	0.59685	0.12151
V599	0.44557	0.32416	0.10563	0.12464
V600	0.26796	0.42742	0.11079	0.19383
V601	0.15253	0.29703	0.13477	0.41567
V602	0.07401	0.12529	0.10413	0.69657
V603	0.05632	0.3599	0.08708	0.4967
V604	0.38182	0.18735	0.30189	0.12895
V605	0.10434	0.33749	0.31346	0.24471
V606	0.50537	0.20637	0.09995	0.18831
V607	0.46143	0.09886	0.16965	0.27006
V608	0.19708	0.22403	0.31408	0.2648
V609	0.07508	0.27674	0.22137	0.42681
V610	0.54077	0.10117	0.16176	0.1963
V611	0.23035	0.10412	0.1306	0.53493
V612	0.09264	0.17697	0.5689	0.16149
V613	0.0903	0.33855	0.43037	0.14078
V614	0.52958	0.13706	0.1305	0.20285
V615	0.13634	0.1444	0.09909	0.62018
V616	0.09786	0.57594	0.09589	0.23031
V617	0.36282	0.21731	0.32204	0.09784
V618	0.51127	0.08686	0.09609	0.30579
V619	0.29689	0.12118	0.29086	0.29108
V620	0.0615	0.55219	0.27499	0.11133
V621	0.31161	0.21537	0.19774	0.27528
V622	0.28184	0.26354	0.32453	0.1301
V623	0.0703	0.16385	0.1778	0.58804
V624	0.56375	0.23322	0.08905	0.11398
V625	0.21465	0.43862	0.13746	0.20926
V626	0.69273	0.0951	0.10229	0.10988
V627	0.0628	0.12627	0.13674	0.6742
V628	0.05522	0.26186	0.09635	0.58657
V629	0.13744	0.31141	0.24555	0.3056
V630	0.09027	0.33893	0.42423	0.14657
V631	0.06719	0.24494	0.14948	0.53839
V632	0.41966	0.08562	0.18926	0.30545
V633	0.07256	0.13343	0.59177	0.20223
V634	0.30797	0.29161	0.29397	0.10645
V635	0.06395	0.61279	0.06789	0.25537
V636	0.14947	0.18659	0.46451	0.19943
V637	0.23641	0.24499	0.14294	0.37566
V638	0.2764	0.2846	0.13073	0.30826
V639	0.2297	0.39889	0.27055	0.10086
V640	0.09607	0.22042	0.53522	0.14829
V641	0.6283	0.11103	0.11722	0.14345
V642	0.53727	0.21846	0.0873	0.15697
V643	0.06663	0.24597	0.34673	0.34067
V644	0.65116	0.13864	0.10041	0.10979
V645	0.22238	0.38549	0.27014	0.12198
V646	0.05356	0.76855	0.06564	0.11226
V647	0.16593	0.17257	0.50852	0.15298
V648	0.30494	0.40016	0.16689	0.12801
V649	0.09356	0.15829	0.59283	0.15532
V650	0.11137	0.17637	0.55115	0.1611
V651	0.27292	0.10259	0.51383	0.11067
V652	0.1222	0.17879	0.34508	0.35393
V653	0.13012	0.54714	0.13211	0.19063
V654	0.48793	0.23865	0.12925	0.14417
V655	0.07155	0.48887	0.08334	0.35624
V656	0.17586	0.2935	0.09053	0.44012
V657	0.07266	0.15741	0.09961	0.67032
V658	0.41965	0.24844	0.12778	0.20413
V659	0.26218	0.17195	0.30899	0.25688
V660	0.06483	0.74817	0.06126	0.12574
V661	0.08557	0.3916	0.11257	0.41025
V662	0.32065	0.11113	0.38425	0.18397
V663	0.21651	0.16242	0.42952	0.19155
V664	0.19955	0.15701	0.49722	0.14622
V665	0.48069	0.23091	0.11744	0.17097
V666	0.41788	0.08564	0.16524	0.33124
V667	0.55709	0.13958	0.2062	0.09714
V668	0.12837	0.6467	0.12158	0.10334
V669	0.19744	0.3873	0.23136	0.1839
V670	0.09816	0.71536	0.06231	0.12417
V671	0.277	0.30434	0.24233	0.17633
V672	0.08976	0.12847	0.64526	0.13651
V673	0.19812	0.35915	0.2198	0.22293
V674	0.49955	0.20086	0.1047	0.19489
V675	0.14694	0.33411	0.26896	0.24999
V676	0.0751	0.19089	0.15363	0.58038
V677	0.28324	0.37905	0.14369	0.19402
V678	0.37759	0.43204	0.08561	0.10476
V679	0.09969	0.32486	0.45809	0.11736
V680	0.24374	0.47332	0.1632	0.11974
V681	0.6386	0.1315	0.106	0.1239
V682	0.13839	0.31407	0.40812	0.13941
V683	0.05354	0.76822	0.07206	0.10617
V684	0.49148	0.21212	0.15143	0.14496
V685	0.35659	0.34086	0.16161	0.14094
V686	0.1148	0.23898	0.17549	0.47073
V687	0.07406	0.1202	0.10789	0.69784
V688	0.27729	0.45091	0.07227	0.19954
V689	0.21105	0.09839	0.12721	0.56336
V690	0.35837	0.12975	0.35658	0.1553
V691	0.1802	0.10825	0.59922	0.11233
V692	0.12271	0.21136	0.50579	0.16014
V693	0.204	0.18751	0.30846	0.30002
V694	0.06787	0.12793	0.26821	0.53599
V695	0.20616	0.10618	0.19201	0.49566
V696	0.10264	0.16823	0.10184	0.62729
V697	0.06816	0.1438	0.10149	0.68656
V698	0.58169	0.08304	0.10757	0.2277
V699	0.39676	0.30004	0.13016	0.17305
V700	0.19501	0.12023	0.09985	0.58491
V701	0.12261	0.45832	0.14226	0.27681
V702	0.38065	0.15642	0.10028	0.36264
V703	0.15296	0.14898	0.37826	0.3198
V704	0.57675	0.11766	0.11633	0.18926
V705	0.68798	0.07688	0.11209	0.12306
V706	0.12522	0.14726	0.55265	0.17488
V707	0.08764	0.39978	0.3722	0.14038
V708	0.07153	0.68638	0.07538	0.16671
V709	0.15221	0.29233	0.38982	0.16565
V710	0.41974	0.24869	0.12113	0.21045
V711	0.10751	0.63409	0.12718	0.13122
V712	0.57358	0.12433	0.10023	0.20186
V713	0.31041	0.31216	0.10493	0.2725
V714	0.05239	0.55259	0.07844	0.31658
V715	0.24387	0.33614	0.26382	0.15617
V716	0.07869	0.13776	0.12154	0.66201
V717	0.09824	0.72154	0.06184	0.11837
V718	0.14838	0.48002	0.18097	0.19064
V719	0.0849	0.57566	0.08905	0.25039
V720	0.50838	0.08302	0.24825	0.16035
V721	0.14313	0.22796	0.3634	0.26551
V722	0.10691	0.33835	0.08801	0.46673
V723	0.12245	0.16651	0.09706	0.61397
V724	0.41137	0.11148	0.15204	0.32511
V725	0.07454	0.17925	0.61048	0.13573
V726	0.07537	0.36678	0.15288	0.40496
V727	0.221	0.54068	0.13061	0.10772
V728	0.06791	0.69524	0.12454	0.11232
V729	0.30473	0.1063	0.19868	0.39029
V730	0.6394	0.10515	0.13152	0.12393
V731	0.07832	0.25163	0.31594	0.3541
V732	0.27552	0.16424	0.30424	0.256
V733	0.44694	0.23311	0.11017	0.20978
V734	0.21339	0.31841	0.36092	0.10727
V735	0.07712	0.12876	0.37861	0.41551
V736	0.14325	0.11043	0.10353	0.64279
V737	0.25568	0.30603	0.22858	0.20971
V738	0.11421	0.3366	0.34356	0.20563
V739	0.06768	0.11651	0.45348	0.36233
V740	0.59567	0.14994	0.14421	0.11017
V741	0.34602	0.17728	0.16944	0.30726
V742	0.30497	0.51261	0.08281	0.09961
V743	0.15942	0.20972	0.50545	0.12542
V744	0.38587	0.12492	0.30082	0.18839
V745	0.06195	0.56654	0.17823	0.19329
V746	0.71564	0.07632	0.1052	0.10283
V747	0.11023	0.10756	0.52101	0.2612
V748	0.14773	0.18624	0.43376	0.23227
V749	0.22142	0.22925	0.12197	0.42736
V750	0.29916	0.4169	0.09071	0.19323
V751	0.07809	0.68095	0.08857	0.1524
V752	0.33007	0.26496	0.1705	0.23447
V753	0.06912	0.1202	0.09986	0.71082
V754	0.05281	0.72847	0.05951	0.15921
V755	0.15423	0.24749	0.28579	0.31249
V756	0.07394	0.11986	0.12252	0.68368
V757	0.26034	0.49625	0.11602	0.12738
V758	0.08006	0.60964	0.14387	0.16643
V759	0.14504	0.15571	0.32603	0.37322
V760	0.23878	0.149	0.25974	0.35247
V761	0.09919	0.49267	0.23553	0.17261
V762	0.05076	0.36689	0.08614	0.49621
V763	0.28099	0.34804	0.09868	0.27229
V764	0.05325	0.72223	0.0656	0.15893
V765	0.46459	0.1598	0.08883	0.28678
V766	0.07108	0.333	0.33802	0.25789
V767	0.35126	0.19404	0.24012	0.21459
V768	0.08405	0.71338	0.07729	0.12528
V769	0.14342	0.65799	0.08325	0.11534
V770	0.05356	0.76855	0.06564	0.11226
V771	0.18516	0.11603	0.5797	0.11911
V772	0.16477	0.13853	0.5847	0.112
V773	0.15494	0.66075	0.06941	0.1149
V774	0.09073	0.1168	0.65607	0.1364
V775	0.13609	0.13923	0.25835	0.46633
V776	0.30907	0.38992	0.11381	0.1872
V777	0.16365	0.19266	0.17335	0.47034
V778	0.3772	0.29463	0.13014	0.19803
V779	0.17492	0.13851	0.38665	0.29992
V780	0.12439	0.62196	0.14985	0.1038
V781	0.08473	0.13032	0.11247	0.67248
V782	0.07653	0.20151	0.56038	0.16158
V783	0.55058	0.10055	0.1333	0.21557
V784	0.1187	0.69936	0.07165	0.11029
V785	0.07218	0.73062	0.07154	0.12565
V786	0.50377	0.21086	0.14692	0.13845
V787	0.05217	0.67066	0.16459	0.11258
V788	0.36495	0.31139	0.18339	0.14027
V789	0.09507	0.35479	0.09581	0.45433
V790	0.32991	0.11792	0.14598	0.40619
V791	0.14621	0.36212	0.27419	0.21747
V792	0.13272	0.46429	0.07518	0.32781
V793	0.12689	0.54089	0.09002	0.2422
V794	0.10535	0.16985	0.55639	0.16841
V795	0.12456	0.13946	0.12964	0.60634
V796	0.09467	0.17125	0.60574	0.12833
V797	0.55559	0.08377	0.24855	0.11208
V798	0.4415	0.30635	0.13642	0.11573
V799	0.13468	0.6179	0.08275	0.16466
V800	0.11069	0.1291	0.39778	0.36244
V801	0.14881	0.19753	0.28049	0.37317
V802	0.0847	0.17166	0.25028	0.49335
V803	0.19873	0.45788	0.24171	0.10167
V804	0.3929	0.10695	0.33826	0.1619
V805	0.0858	0.11822	0.68801	0.10797
V806	0.07781	0.7116	0.07145	0.13914
V807	0.20692	0.21422	0.11285	0.46602
V808	0.46557	0.28748	0.11544	0.13151
V809	0.10557	0.13552	0.65207	0.10683
V810	0.05336	0.77338	0.06115	0.11211
V811	0.31192	0.15938	0.21868	0.31002
V812	0.38362	0.28515	0.11981	0.21142
V813	0.4255	0.23954	0.20802	0.12694
V814	0.32348	0.46467	0.10677	0.10507
V815	0.04879	0.72618	0.11249	0.11254
V816	0.67962	0.07677	0.14682	0.09679
V817	0.09541	0.1654	0.61697	0.12223
V818	0.06218	0.14406	0.11748	0.67628
V819	0.58151	0.15023	0.13078	0.13747
V820	0.13502	0.17809	0.10643	0.58046
V821	0.19507	0.32441	0.31554	0.16498
V822	0.12389	0.12654	0.62135	0.12822
V823	0.08803	0.24726	0.48437	0.18034
V824	0.12501	0.36576	0.40637	0.10286
V825	0.19286	0.31014	0.23262	0.26439
V826	0.32032	0.38514	0.18274	0.1118
V827	0.28501	0.50652	0.08164	0.12683
V828	0.18753	0.22692	0.15515	0.4304
V829	0.07754	0.27745	0.10794	0.53707
V830	0.18407	0.26605	0.10191	0.44798
V831	0.53586	0.15838	0.11665	0.1891
V832	0.21674	0.37818	0.18275	0.22234
V833	0.14795	0.44442	0.18465	0.22298
V834	0.23033	0.16052	0.14215	0.467
V835	0.27085	0.40841	0.15165	0.16909
V836	0.05176	0.55681	0.06939	0.32204
V837	0.18955	0.36604	0.1945	0.24991
V838	0.66581	0.10974	0.12163	0.10282
V839	0.24178	0.51201	0.13933	0.10688
V840	0.23701	0.58954	0.07237	0.10107
V841	0.07494	0.144	0.62517	0.15589
V842	0.27269	0.22722	0.24469	0.2554
V843	0.08718	0.1269	0.61533	0.17059
V844	0.13428	0.17744	0.31444	0.37385
V845	0.11634	0.19091	0.53205	0.1607
V846	0.0711	0.11965	0.54861	0.26064
V847	0.06446	0.11537	0.10436	0.71581
V848	0.10947	0.44733	0.17929	0.26391
V849	0.04619	0.74902	0.06541	0.13937
V850	0.70064	0.07677	0.11265	0.10994
V851	0.26537	0.46519	0.16979	0.09965
V852	0.12455	0.14631	0.1738	0.55534
V853	0.21077	0.26687	0.32518	0.19718
V854	0.41664	0.2228	0.15504	0.20553
V855	0.06446	0.11537	0.10436	0.71581
V856	0.08727	0.3513	0.28921	0.27223
V857	0.46823	0.22456	0.11102	0.19619
V858	0.42345	0.09767	0.37229	0.10658
V859	0.45802	0.26497	0.10014	0.17688
V860	0.16673	0.19	0.12512	0.51815
V861	0.12457	0.35189	0.40696	0.11658
V862	0.15995	0.17328	0.51963	0.14714
V863	0.17402	0.1474	0.0941	0.58448
V864	0.09817	0.13545	0.12591	0.64048
V865	0.13655	0.11149	0.25399	0.49796
V866	0.52941	0.09924	0.25887	0.11247
V867	0.5301	0.10634	0.25888	0.10468
V868	0.36512	0.29832	0.16826	0.16831
V869	0.05976	0.76319	0.06548	0.11156
V870	0.11597	0.33804	0.09221	0.45378
V871	0.04619	0.74902	0.06541	0.13937
V872	0.06877	0.12207	0.24194	0.56722
V873	0.6266	0.10522	0.13721	0.13098
V874	0.17657	0.63711	0.08373	0.10259
V875	0.06831	0.24874	0.20501	0.47794
V876	0.1632	0.3335	0.32568	0.17763
V877	0.08619	0.38051	0.25383	0.27948
V878	0.13738	0.65004	0.10933	0.10325
V879	0.16973	0.56335	0.09692	0.17
V880	0.23684	0.47487	0.07458	0.21371
V881	0.16473	0.1412	0.44825	0.24582
V882	0.56922	0.07859	0.1867	0.16549
V883	0.24571	0.24537	0.40735	0.10158
V884	0.06524	0.29604	0.08105	0.55766
V885	0.51077	0.24639	0.14598	0.09686
V886	0.07086	0.35964	0.35645	0.21306
V887	0.44713	0.14593	0.19529	0.21165
V888	0.13865	0.14444	0.5355	0.18141
V889	0.65316	0.11642	0.1141	0.11631
V890	0.09161	0.21844	0.45046	0.23948
V891	0.45318	0.13021	0.27656	0.14005
V892	0.21864	0.23402	0.0951	0.45224
V893	0.41034	0.25184	0.18588	0.15194
V894	0.11014	0.32422	0.42531	0.14033
V895	0.42155	0.14702	0.21873	0.2127
V896	0.07179	0.73617	0.06652	0.12552
V897	0.48244	0.27589	0.09157	0.1501
V898	0.33859	0.0898	0.1	0.47161
V899	0.07204	0.24666	0.17086	0.51044
V900	0.1113	0.31409	0.29639	0.27822
V901	0.06999	0.6598	0.06587	0.20434
V902	0.07903	0.71226	0.09723	0.11148
V903	0.06573	0.3954	0.39204	0.14683
V904	0.05962	0.76774	0.06144	0.1112
V905	0.1541	0.10275	0.20281	0.54034
V906	0.29359	0.17218	0.15842	0.37581
V907	0.31283	0.45099	0.08973	0.14645
V908	0.06712	0.14487	0.13475	0.65327
V909	0.13273	0.64114	0.06191	0.16423
V910	0.15863	0.10289	0.1713	0.56719
V911	0.36611	0.37113	0.1029	0.15985
V912	0.28609	0.33183	0.16094	0.22114
V913	0.12523	0.10564	0.10427	0.66487
V914	0.17219	0.43745	0.25375	0.13661
V915	0.18909	0.10071	0.10231	0.60788
V916	0.22748	0.14832	0.47868	0.14553
V917	0.50429	0.11027	0.20536	0.18009
V918	0.08475	0.526	0.21012	0.17913
V919	0.18084	0.27425	0.26043	0.28448
V920	0.42891	0.24327	0.14902	0.17879
V921	0.07415	0.22329	0.10746	0.5951
V922	0.12407	0.41896	0.31096	0.14601
V923	0.10415	0.12284	0.12279	0.65022
V924	0.07948	0.55113	0.23708	0.13232
V925	0.16099	0.1309	0.10382	0.60428
V926	0.17548	0.1229	0.11569	0.58593
V927	0.07305	0.13745	0.12615	0.66335
V928	0.07688	0.69852	0.06571	0.1589
V929	0.0865	0.53147	0.15068	0.23135
V930	0.35871	0.35796	0.10394	0.17939
V931	0.15209	0.29952	0.38281	0.16558
V932	0.09211	0.19612	0.44452	0.26725
V933	0.42787	0.37238	0.09091	0.10885
V934	0.06426	0.22094	0.24836	0.46644
V935	0.39926	0.21839	0.22132	0.16104
V936	0.36771	0.29246	0.09743	0.2424
V937	0.38057	0.19558	0.14608	0.27778
V938	0.28851	0.1376	0.28358	0.29032
V939	0.52675	0.1016	0.14809	0.22356
V940	0.06844	0.63103	0.16131	0.13923
V941	0.08054	0.11832	0.68615	0.11499
V942	0.5165	0.23155	0.13599	0.11597
V943	0.30437	0.19852	0.34758	0.14953
V944	0.06544	0.29236	0.12403	0.51817
V945	0.39188	0.34658	0.08978	0.17176
V946	0.33316	0.2878	0.24377	0.13527
V947	0.11313	0.14874	0.22787	0.51026
V948	0.28447	0.12315	0.46908	0.1233
V949	0.05812	0.19366	0.2089	0.53932
V950	0.08995	0.46341	0.20255	0.2441
V951	0.59624	0.09563	0.20321	0.10491
V952	0.10435	0.20561	0.24291	0.44713
V953	0.08823	0.15146	0.62421	0.1361
V954	0.0784	0.2405	0.17078	0.51032
V955	0.12617	0.50372	0.0883	0.28181
V956	0.09034	0.12826	0.39832	0.38308
V957	0.25334	0.10903	0.09618	0.54145
V958	0.06937	0.11491	0.10093	0.7148
V959	0.20428	0.28837	0.34226	0.16509
V960	0.19206	0.29576	0.13539	0.37679
V961	0.1456	0.36874	0.28793	0.19774
V962	0.28199	0.22795	0.32639	0.16366
V963	0.41774	0.22355	0.19243	0.16628
V964	0.59379	0.10643	0.16741	0.13237
V965	0.08908	0.44236	0.18991	0.27865
V966	0.6936	0.08931	0.1072	0.1099
V967	0.1038	0.14263	0.4046	0.34897
V968	0.06955	0.22126	0.54705	0.16215
V969	0.05905	0.30516	0.10658	0.52921
V970	0.08659	0.20229	0.33671	0.37441
V971	0.36782	0.16564	0.2978	0.16874
V972	0.35673	0.24513	0.12019	0.27795
V973	0.21404	0.38858	0.1297	0.26769
V974	0.05565	0.62339	0.14824	0.17271
V975	0.13342	0.30913	0.44715	0.1103
V976	0.31455	0.27941	0.15879	0.24725
V977	0.2592	0.35002	0.28431	0.10647
V978	0.09627	0.17547	0.13224	0.59602
V979	0.579	0.0983	0.21766	0.10505
V980	0.71564	0.07632	0.1052	0.10283
V981	0.27167	0.12723	0.35758	0.24352
V982	0.31616	0.37623	0.13294	0.17467
V983	0.48592	0.13731	0.09671	0.28006
V984	0.06203	0.66305	0.13518	0.13974
V985	0.09848	0.24133	0.08961	0.57058
V986	0.24801	0.45743	0.1068	0.18775
V987	0.20218	0.61098	0.065	0.12185
V988	0.18286	0.11501	0.10494	0.59719
V989	0.32588	0.42481	0.13098	0.11833
V990	0.07033	0.14938	0.56508	0.21521
V991	0.4609	0.34821	0.08212	0.10877
V992	0.19648	0.10576	0.41079	0.28698
V993	0.09548	0.58605	0.17318	0.14529
V994	0.16993	0.63098	0.08391	0.11519
V995	0.5081	0.17359	0.11578	0.20253
V996	0.21279	0.19368	0.09742	0.49611
V997	0.0862	0.12047	0.59149	0.20184
V998	0.61638	0.09185	0.14806	0.1437
V999	0.12537	0.70195	0.06263	0.11005
V1000	0.24143	0.11526	0.09573	0.54758
