CD19B	CD56NK	CD4MemoryT	CD14
V1	0.40591	0.09908	0.19707	0.29793
V2	0.14485	0.16472	0.11446	0.57598
V3	0.08105	0.52488	0.0706	0.32347
V4	0.62387	0.17252	0.08561	0.118
V5	0.12458	0.42824	0.2243	0.22288
V6	0.09544	0.70435	0.07311	0.1271
V7	0.14316	0.34669	0.12524	0.38491
V8	0.15806	0.11459	0.59304	0.13431
V9	0.19796	0.26332	0.1024	0.43632
V10	0.08321	0.12219	0.64563	0.14896
V11	0.19453	0.35109	0.34482	0.10956
V12	0.07271	0.50876	0.2988	0.11973
V13	0.22104	0.58761	0.06714	0.12421
V14	0.08984	0.73358	0.06325	0.11333
V15	0.1278	0.50801	0.14224	0.22195
V16	0.65035	0.11662	0.1055	0.12753
V17	0.10316	0.70268	0.06727	0.12688
V18	0.41676	0.34162	0.10693	0.13469
V19	0.1518	0.66543	0.065	0.11778
V20	0.15324	0.4143	0.08241	0.35005
V21	0.15689	0.14387	0.56577	0.13348
V22	0.06899	0.17184	0.20428	0.55489
V23	0.31285	0.12843	0.44871	0.11001
V24	0.68416	0.10349	0.11268	0.09967
V25	0.26426	0.26694	0.15832	0.31048
V26	0.29301	0.36849	0.08618	0.25233
V27	0.1149	0.13944	0.09674	0.64892
V28	0.07502	0.1307	0.68775	0.10652
V29	0.34713	0.11595	0.40465	0.13227
V30	0.11968	0.25549	0.24358	0.38126
V31	0.18393	0.2407	0.25667	0.3187
V32	0.10086	0.12281	0.10459	0.67174
V33	0.08471	0.44454	0.28871	0.18204
V34	0.15686	0.12946	0.57947	0.13421
V35	0.15476	0.59635	0.11682	0.13207
V36	0.06669	0.1337	0.37186	0.42775
V37	0.39392	0.14916	0.14486	0.31207
V38	0.32474	0.09579	0.19644	0.38303
V39	0.1567	0.48628	0.14917	0.20785
V40	0.11287	0.67126	0.1101	0.10577
V41	0.05187	0.56049	0.09142	0.29622
V42	0.19831	0.12316	0.21316	0.46537
V43	0.14831	0.3386	0.38	0.13308
V44	0.07857	0.16177	0.52997	0.22969
V45	0.11656	0.50566	0.20299	0.1748
V46	0.58135	0.14319	0.17089	0.10457
V47	0.34211	0.23521	0.27849	0.14419
V48	0.57971	0.21538	0.0876	0.11731
V49	0.52329	0.23104	0.07901	0.16667
V50	0.09122	0.67905	0.11589	0.11384
V51	0.25345	0.37874	0.23623	0.13157
V52	0.08862	0.18167	0.59438	0.13533
V53	0.53466	0.18153	0.18474	0.09907
V54	0.32732	0.23797	0.31246	0.12225
V55	0.19048	0.19518	0.22754	0.3868
V56	0.08395	0.11742	0.13522	0.66342
V57	0.10999	0.69691	0.07343	0.11967
V58	0.46143	0.09199	0.11722	0.32935
V59	0.32493	0.38587	0.14513	0.14406
V60	0.14502	0.2141	0.27509	0.36579
V61	0.57302	0.16723	0.09301	0.16674
V62	0.63465	0.11295	0.13989	0.11251
V63	0.05961	0.67427	0.13832	0.1278
V64	0.0495	0.68598	0.05604	0.20849
V65	0.06623	0.1131	0.14234	0.67833
V66	0.18476	0.57844	0.07677	0.16002
V67	0.16304	0.33116	0.38918	0.11662
V68	0.14955	0.20239	0.09699	0.55107
V69	0.0811	0.32131	0.45072	0.14686
V70	0.39718	0.20625	0.19959	0.19698
V71	0.1668	0.15698	0.31058	0.36565
V72	0.41605	0.21017	0.14325	0.23053
V73	0.15067	0.52139	0.1542	0.17374
V74	0.10545	0.26032	0.52946	0.10477
V75	0.51801	0.09017	0.21594	0.17587
V76	0.05396	0.22679	0.18946	0.52979
V77	0.07381	0.30039	0.081	0.54481
V78	0.24557	0.18472	0.19893	0.37078
V79	0.07133	0.17592	0.57684	0.17591
V80	0.2919	0.11256	0.42342	0.17212
V81	0.10818	0.2173	0.56318	0.11134
V82	0.07325	0.1497	0.66358	0.11347
V83	0.13774	0.22703	0.12612	0.50911
V84	0.30229	0.13032	0.18946	0.37793
V85	0.12921	0.32405	0.31786	0.22889
V86	0.10451	0.13979	0.61424	0.14145
V87	0.06934	0.67059	0.09764	0.16242
V88	0.1649	0.14893	0.24548	0.44068
V89	0.07146	0.11887	0.20652	0.60315
V90	0.06394	0.71684	0.09735	0.12187
V91	0.07337	0.612	0.18011	0.13453
V92	0.35389	0.11467	0.32688	0.20456
V93	0.63567	0.09482	0.09002	0.17949
V94	0.05883	0.40864	0.08233	0.45021
V95	0.21381	0.39736	0.17367	0.21516
V96	0.09928	0.17321	0.10007	0.62744
V97	0.5039	0.17023	0.22061	0.10526
V98	0.50199	0.30736	0.07988	0.11077
V99	0.58344	0.1214	0.18899	0.10617
V100	0.12365	0.12736	0.62126	0.12773
V101	0.06661	0.12597	0.09146	0.71596
V102	0.66876	0.12199	0.09651	0.11273
V103	0.06475	0.13738	0.13975	0.65812
V104	0.06349	0.7604	0.06215	0.11396
V105	0.08136	0.73653	0.06817	0.11393
V106	0.13417	0.45565	0.27072	0.13946
V107	0.18402	0.2461	0.4233	0.14657
V108	0.14866	0.62211	0.12415	0.10509
V109	0.07425	0.22193	0.43356	0.27026
V110	0.08284	0.70452	0.08534	0.1273
V111	0.66593	0.08502	0.14239	0.10666
V112	0.14821	0.15237	0.34068	0.35875
V113	0.17363	0.18025	0.19296	0.45317
V114	0.20827	0.1356	0.13567	0.52046
V115	0.05482	0.62559	0.2055	0.11409
V116	0.15101	0.32171	0.29927	0.22801
V117	0.48724	0.27462	0.10296	0.13518
V118	0.15412	0.49769	0.08691	0.26129
V119	0.12687	0.15951	0.11525	0.59837
V120	0.12296	0.15454	0.60286	0.11963
V121	0.42955	0.19014	0.14359	0.23673
V122	0.69411	0.09075	0.10211	0.11303
V123	0.05212	0.45376	0.09784	0.39628
V124	0.4758	0.30168	0.07542	0.14709
V125	0.29957	0.38835	0.18959	0.12249
V126	0.07802	0.20817	0.11309	0.60071
V127	0.16452	0.1385	0.24211	0.45488
V128	0.07543	0.11731	0.15458	0.65268
V129	0.42295	0.26097	0.18655	0.12952
V130	0.05807	0.5571	0.27266	0.11217
V131	0.06023	0.71381	0.05551	0.17045
V132	0.67564	0.09125	0.11318	0.11993
V133	0.65845	0.09801	0.13083	0.11271
V134	0.1226	0.37083	0.15424	0.35233
V135	0.10957	0.12116	0.19529	0.57397
V136	0.20212	0.37533	0.08053	0.34202
V137	0.47809	0.12081	0.24525	0.15585
V138	0.18607	0.38036	0.18491	0.24866
V139	0.27377	0.24898	0.20219	0.27506
V140	0.07418	0.16997	0.11583	0.64002
V141	0.10535	0.22125	0.40263	0.27077
V142	0.58502	0.09113	0.22436	0.09949
V143	0.31827	0.28355	0.12509	0.27309
V144	0.16077	0.21477	0.1851	0.43936
V145	0.0505	0.63109	0.20453	0.11387
V146	0.08817	0.11912	0.10608	0.68663
V147	0.6568	0.1026	0.1062	0.1344
V148	0.15025	0.16246	0.4318	0.25548
V149	0.22361	0.45904	0.20781	0.10955
V150	0.12232	0.27636	0.43385	0.16748
V151	0.17954	0.53378	0.08566	0.20102
V152	0.20105	0.40902	0.20798	0.18196
V153	0.11537	0.61501	0.07387	0.19575
V154	0.21112	0.41568	0.24128	0.13191
V155	0.35712	0.20387	0.26047	0.17855
V156	0.09052	0.21028	0.49802	0.20118
V157	0.25004	0.21772	0.2715	0.26074
V158	0.06693	0.11527	0.1005	0.7173
V159	0.63616	0.13579	0.08797	0.14008
V160	0.49736	0.09303	0.13485	0.27476
V161	0.18684	0.1087	0.1085	0.59595
V162	0.0932	0.31229	0.12771	0.4668
V163	0.11533	0.43931	0.17582	0.26954
V164	0.26331	0.31761	0.14481	0.27427
V165	0.05793	0.28703	0.07538	0.57966
V166	0.06234	0.1768	0.12548	0.63538
V167	0.27117	0.09689	0.09219	0.53975
V168	0.23219	0.49641	0.12053	0.15087
V169	0.17066	0.14332	0.11186	0.57416
V170	0.13506	0.12503	0.40054	0.33937
V171	0.15038	0.27534	0.43409	0.14019
V172	0.53265	0.09357	0.26666	0.10712
V173	0.07306	0.20773	0.10905	0.61016
V174	0.06544	0.2239	0.1271	0.58355
V175	0.11328	0.11529	0.56959	0.20185
V176	0.05402	0.66373	0.1676	0.11464
V177	0.04989	0.77015	0.0578	0.12216
V178	0.04912	0.62759	0.06192	0.26137
V179	0.1685	0.11181	0.31886	0.40082
V180	0.06428	0.71847	0.10972	0.10753
V181	0.16999	0.20114	0.40706	0.22181
V182	0.25311	0.23472	0.36089	0.15128
V183	0.16467	0.65895	0.06542	0.11096
V184	0.7166	0.08423	0.09946	0.09971
V185	0.42183	0.38741	0.08426	0.1065
V186	0.1322	0.43457	0.2312	0.20202
V187	0.68884	0.09106	0.11396	0.10614
V188	0.08974	0.26502	0.07655	0.56869
V189	0.58082	0.10432	0.10118	0.21368
V190	0.49365	0.10252	0.29631	0.10752
V191	0.18387	0.25259	0.42405	0.13949
V192	0.23948	0.42458	0.10264	0.2333
V193	0.44384	0.12178	0.23775	0.19663
V194	0.06873	0.74033	0.063	0.12794
V195	0.07919	0.13069	0.67676	0.11335
V196	0.06485	0.15711	0.09244	0.6856
V197	0.30954	0.1351	0.10443	0.45093
V198	0.10031	0.45089	0.29449	0.1543
V199	0.1619	0.12501	0.19512	0.51797
V200	0.13051	0.48847	0.07853	0.30249
V201	0.11615	0.4845	0.18265	0.21669
V202	0.08026	0.1244	0.55909	0.23625
V203	0.16579	0.39822	0.31096	0.12503
V204	0.05036	0.47034	0.07122	0.40808
V205	0.08387	0.14886	0.64522	0.12205
V206	0.10358	0.17624	0.60883	0.11135
V207	0.13745	0.23895	0.11458	0.50901
V208	0.23139	0.15448	0.49685	0.11728
V209	0.23876	0.42361	0.11782	0.21981
V210	0.10471	0.62532	0.12234	0.14763
V211	0.31811	0.10707	0.1099	0.46492
V212	0.39253	0.12887	0.35681	0.12179
V213	0.4596	0.11519	0.16142	0.26379
V214	0.25892	0.2189	0.18544	0.33674
V215	0.2319	0.17308	0.09566	0.49936
V216	0.07795	0.11427	0.1005	0.70728
V217	0.08144	0.44335	0.21111	0.2641
V218	0.11523	0.40814	0.17786	0.29876
V219	0.11549	0.53938	0.07096	0.27418
V220	0.04974	0.66744	0.06102	0.2218
V221	0.58068	0.08751	0.09199	0.23981
V222	0.25882	0.20314	0.30406	0.23398
V223	0.07055	0.21169	0.54983	0.16793
V224	0.70683	0.08473	0.1085	0.09993
V225	0.08314	0.70489	0.09845	0.11353
V226	0.26514	0.16628	0.45218	0.1164
V227	0.57864	0.08972	0.21797	0.11367
V228	0.55052	0.1427	0.13295	0.17384
V229	0.08496	0.129	0.65751	0.12853
V230	0.06635	0.12615	0.09993	0.70756
V231	0.06351	0.2999	0.14558	0.49101
V232	0.07351	0.55121	0.06007	0.31521
V233	0.41287	0.16476	0.21193	0.21043
V234	0.06917	0.72994	0.07913	0.12177
V235	0.3036	0.14821	0.41577	0.13242
V236	0.10169	0.16172	0.56866	0.16794
V237	0.15308	0.11024	0.11159	0.62509
V238	0.14135	0.4838	0.22884	0.14601
V239	0.0917	0.37909	0.08455	0.44467
V240	0.37713	0.12719	0.35164	0.14405
V241	0.08353	0.12168	0.63357	0.16122
V242	0.13605	0.6222	0.12375	0.11799
V243	0.22367	0.13853	0.47153	0.16628
V244	0.20367	0.11111	0.51125	0.17397
V245	0.43121	0.30654	0.11417	0.14809
V246	0.10657	0.21634	0.54996	0.12713
V247	0.18002	0.12302	0.59315	0.10382
V248	0.07098	0.1316	0.11486	0.68256
V249	0.07014	0.14204	0.62636	0.16147
V250	0.56526	0.09169	0.23559	0.10746
V251	0.68164	0.11568	0.09733	0.10536
V252	0.05411	0.68148	0.15754	0.10687
V253	0.28054	0.1552	0.18685	0.3774
V254	0.0509	0.74194	0.09228	0.11488
V255	0.07443	0.72803	0.05573	0.14181
V256	0.17611	0.25864	0.39077	0.17448
V257	0.31847	0.17696	0.23016	0.27441
V258	0.17354	0.29272	0.33285	0.20089
V259	0.08814	0.31354	0.45693	0.14139
V260	0.06576	0.30968	0.51324	0.11132
V261	0.4489	0.11901	0.2148	0.21729
V262	0.11486	0.14522	0.09638	0.64354
V263	0.05633	0.75753	0.05853	0.12761
V264	0.16874	0.13499	0.34364	0.35263
V265	0.07753	0.11184	0.16931	0.64133
V266	0.4761	0.34234	0.08231	0.09924
V267	0.05543	0.23698	0.24656	0.46104
V268	0.29329	0.11741	0.17877	0.41053
V269	0.05838	0.48838	0.30463	0.14862
V270	0.47115	0.11513	0.24478	0.16894
V271	0.56955	0.13976	0.10973	0.18096
V272	0.08029	0.66318	0.06684	0.18969
V273	0.08834	0.12383	0.11199	0.67584
V274	0.51091	0.09006	0.21038	0.18864
V275	0.07431	0.1305	0.68182	0.11336
V276	0.36528	0.33551	0.08234	0.21687
V277	0.07676	0.25263	0.17716	0.49345
V278	0.08222	0.15336	0.25801	0.50641
V279	0.49396	0.13561	0.16115	0.20928
V280	0.06693	0.11527	0.1005	0.7173
V281	0.39634	0.117	0.18061	0.30605
V282	0.10776	0.16205	0.57618	0.15401
V283	0.18036	0.49816	0.10683	0.21465
V284	0.06441	0.724	0.09735	0.11424
V285	0.11989	0.12128	0.65363	0.1052
V286	0.20369	0.47814	0.13737	0.1808
V287	0.10924	0.69649	0.06759	0.12668
V288	0.06794	0.30328	0.32987	0.29892
V289	0.23895	0.26172	0.3334	0.16593
V290	0.59943	0.20762	0.09447	0.09848
V291	0.37679	0.15268	0.35604	0.11449
V292	0.67191	0.08969	0.09187	0.14653
V293	0.25966	0.11814	0.48317	0.13903
V294	0.10356	0.35434	0.07346	0.46864
V295	0.06514	0.23446	0.19456	0.50585
V296	0.17937	0.19572	0.45157	0.17334
V297	0.10274	0.10856	0.13052	0.65818
V298	0.25772	0.17972	0.4458	0.11676
V299	0.09392	0.29441	0.08496	0.52671
V300	0.05944	0.13154	0.22388	0.58513
V301	0.14536	0.19088	0.46904	0.19473
V302	0.47585	0.33542	0.07719	0.11153
V303	0.05405	0.51467	0.29706	0.13423
V304	0.10633	0.13103	0.53254	0.23009
V305	0.13948	0.2242	0.3525	0.28381
V306	0.57539	0.16145	0.12246	0.14071
V307	0.05674	0.75264	0.06889	0.12173
V308	0.19855	0.26774	0.25684	0.27688
V309	0.25191	0.32054	0.09201	0.33554
V310	0.1012	0.32362	0.1672	0.40797
V311	0.38355	0.43396	0.07542	0.10706
V312	0.11278	0.60782	0.15262	0.12679
V313	0.05866	0.18268	0.09588	0.66278
V314	0.05864	0.43002	0.13882	0.37252
V315	0.12423	0.52803	0.0856	0.26214
V316	0.2513	0.2037	0.31753	0.22747
V317	0.10183	0.57799	0.09084	0.22934
V318	0.06896	0.48025	0.07392	0.37686
V319	0.1095	0.15389	0.60148	0.13512
V320	0.11755	0.21457	0.46686	0.20102
V321	0.46906	0.34964	0.08185	0.09945
V322	0.16936	0.32505	0.12058	0.38501
V323	0.08962	0.12497	0.14042	0.64499
V324	0.47675	0.27742	0.12684	0.119
V325	0.24517	0.54275	0.10291	0.10917
V326	0.04676	0.48467	0.12497	0.3436
V327	0.066	0.21007	0.14613	0.5778
V328	0.10043	0.13101	0.53187	0.23669
V329	0.16116	0.18722	0.18571	0.46591
V330	0.30181	0.10626	0.29656	0.29537
V331	0.26079	0.16453	0.11335	0.46133
V332	0.06361	0.14611	0.19392	0.59636
V333	0.32178	0.1599	0.32619	0.19213
V334	0.28058	0.10786	0.30716	0.3044
V335	0.07752	0.34165	0.3787	0.20212
V336	0.15869	0.57813	0.07603	0.18715
V337	0.23427	0.37997	0.25412	0.13165
V338	0.04437	0.77707	0.06376	0.11481
V339	0.15256	0.11873	0.61679	0.11191
V340	0.09908	0.26995	0.38842	0.24255
V341	0.07079	0.13185	0.12403	0.67333
V342	0.22334	0.10915	0.4606	0.20691
V343	0.69994	0.09617	0.0986	0.10529
V344	0.49509	0.20401	0.20135	0.09956
V345	0.07945	0.13095	0.68302	0.10658
V346	0.19818	0.18886	0.25258	0.36038
V347	0.08286	0.11614	0.16472	0.63628
V348	0.0839	0.54718	0.1528	0.21611
V349	0.2724	0.22542	0.31659	0.18559
V350	0.06692	0.65762	0.16813	0.10733
V351	0.07125	0.13277	0.32144	0.47454
V352	0.10343	0.1272	0.60101	0.16836
V353	0.62585	0.10458	0.1155	0.15407
V354	0.08242	0.57598	0.20096	0.14064
V355	0.233	0.16378	0.36307	0.24015
V356	0.07555	0.12606	0.14526	0.65314
V357	0.12718	0.33552	0.23956	0.29774
V358	0.38256	0.17463	0.11811	0.32469
V359	0.40447	0.13678	0.10857	0.35018
V360	0.40045	0.3989	0.08805	0.11259
V361	0.05855	0.42018	0.40998	0.11129
V362	0.04463	0.77249	0.06821	0.11467
V363	0.16919	0.19296	0.36143	0.27642
V364	0.16814	0.15658	0.49435	0.18092
V365	0.21302	0.1195	0.09569	0.57179
V366	0.09527	0.56557	0.11649	0.22267
V367	0.40171	0.19937	0.08296	0.31596
V368	0.10229	0.59924	0.11647	0.182
V369	0.07237	0.38257	0.43332	0.11174
V370	0.24416	0.29709	0.3267	0.13205
V371	0.16616	0.59503	0.0794	0.15941
V372	0.15359	0.14759	0.15805	0.54077
V373	0.11172	0.21151	0.35823	0.31853
V374	0.57343	0.09701	0.22991	0.09964
V375	0.08173	0.13822	0.1721	0.60795
V376	0.07519	0.1321	0.14501	0.64771
V377	0.56029	0.08194	0.09819	0.25958
V378	0.06597	0.13317	0.32714	0.47372
V379	0.25126	0.23998	0.08733	0.42143
V380	0.14921	0.16224	0.20339	0.48516
V381	0.51836	0.10125	0.15168	0.22871
V382	0.12425	0.13301	0.63014	0.1126
V383	0.59065	0.08805	0.12694	0.19435
V384	0.39438	0.15657	0.17175	0.27729
V385	0.6096	0.0981	0.14556	0.14674
V386	0.23768	0.11354	0.17841	0.47038
V387	0.41927	0.20606	0.20541	0.16927
V388	0.27731	0.33288	0.16993	0.21988
V389	0.30378	0.46079	0.07777	0.15766
V390	0.24758	0.28418	0.36131	0.10693
V391	0.30082	0.17579	0.0956	0.42779
V392	0.30736	0.25962	0.18663	0.24639
V393	0.2296	0.26787	0.28779	0.21474
V394	0.11022	0.26365	0.14667	0.47946
V395	0.18698	0.37331	0.19776	0.24195
V396	0.05015	0.75975	0.06204	0.12807
V397	0.55146	0.15767	0.15571	0.13516
V398	0.31936	0.20114	0.14387	0.33563
V399	0.17021	0.48052	0.16163	0.18764
V400	0.04639	0.49668	0.10671	0.35022
V401	0.09111	0.22528	0.51573	0.16788
V402	0.57483	0.21802	0.10909	0.09807
V403	0.07102	0.12618	0.1285	0.6743
V404	0.12212	0.24875	0.4472	0.18193
V405	0.18779	0.12979	0.19002	0.4924
V406	0.45176	0.27401	0.09265	0.18158
V407	0.04437	0.77707	0.06376	0.11481
V408	0.11636	0.27978	0.31338	0.29048
V409	0.06116	0.12123	0.10024	0.71737
V410	0.10391	0.69109	0.07819	0.12681
V411	0.32029	0.09931	0.0874	0.493
V412	0.16307	0.16683	0.38077	0.28933
V413	0.08583	0.43409	0.181	0.29908
V414	0.07736	0.45075	0.26954	0.20234
V415	0.32688	0.12237	0.23372	0.31702
V416	0.07843	0.1651	0.65078	0.10569
V417	0.2892	0.53128	0.07112	0.1084
V418	0.1008	0.18238	0.16903	0.54779
V419	0.06644	0.11511	0.10758	0.71087
V420	0.04413	0.70636	0.06685	0.18266
V421	0.16871	0.14061	0.49665	0.19402
V422	0.08166	0.14902	0.09261	0.67671
V423	0.12365	0.12736	0.62126	0.12773
V424	0.06362	0.15058	0.45449	0.33131
V425	0.10039	0.2774	0.43354	0.18867
V426	0.12845	0.144	0.56687	0.16068
V427	0.09431	0.37621	0.18845	0.34103
V428	0.10132	0.62387	0.0989	0.17591
V429	0.0664	0.11503	0.11159	0.70698
V430	0.52603	0.2168	0.09684	0.16032
V431	0.17684	0.12558	0.35819	0.33938
V432	0.12005	0.17317	0.11442	0.59235
V433	0.07948	0.5999	0.05917	0.26144
V434	0.25431	0.15945	0.11792	0.46832
V435	0.3659	0.10586	0.16811	0.36012
V436	0.28564	0.10962	0.1617	0.44304
V437	0.1899	0.26144	0.0808	0.46786
V438	0.42672	0.21499	0.10373	0.25457
V439	0.07499	0.17441	0.09041	0.6602
V440	0.34561	0.12511	0.11012	0.41915
V441	0.10744	0.20701	0.4362	0.24935
V442	0.24337	0.34169	0.16123	0.25371
V443	0.52584	0.09147	0.15379	0.2289
V444	0.07945	0.13095	0.68302	0.10658
V445	0.4526	0.11162	0.30644	0.12934
V446	0.06897	0.66341	0.09797	0.16965
V447	0.44689	0.17019	0.19952	0.1834
V448	0.0697	0.15923	0.19812	0.57295
V449	0.40903	0.13006	0.27622	0.18469
V450	0.13917	0.68709	0.06792	0.10582
V451	0.66891	0.12215	0.08916	0.11978
V452	0.07642	0.12086	0.12836	0.67435
V453	0.57031	0.14946	0.1334	0.14683
V454	0.04486	0.74097	0.0919	0.12227
V455	0.43873	0.12308	0.282	0.15618
V456	0.25855	0.19659	0.31762	0.22723
V457	0.06104	0.12584	0.09606	0.71706
V458	0.20903	0.26132	0.081	0.44865
V459	0.05725	0.63947	0.12037	0.18291
V460	0.68255	0.09114	0.11328	0.11303
V461	0.08837	0.13058	0.09457	0.68648
V462	0.25634	0.27321	0.0766	0.39385
V463	0.20706	0.42802	0.17122	0.19369
V464	0.35825	0.17325	0.08486	0.38364
V465	0.29332	0.39611	0.09132	0.21925
V466	0.40802	0.23466	0.08213	0.27519
V467	0.24577	0.49541	0.12098	0.13784
V468	0.35952	0.37969	0.11071	0.15008
V469	0.06746	0.23655	0.24765	0.44834
V470	0.38892	0.19372	0.19963	0.21773
V471	0.21229	0.18121	0.10645	0.50005
V472	0.24233	0.33002	0.07341	0.35424
V473	0.12042	0.47693	0.27597	0.12668
V474	0.12856	0.10751	0.15101	0.61292
V475	0.162	0.37473	0.12548	0.3378
V476	0.1529	0.11756	0.12401	0.60553
V477	0.42869	0.1268	0.2206	0.22391
V478	0.12964	0.50124	0.06712	0.302
V479	0.08065	0.17565	0.56829	0.17541
V480	0.10042	0.31791	0.10353	0.47814
V481	0.16553	0.12325	0.59247	0.11876
V482	0.4915	0.21566	0.15781	0.13503
V483	0.13245	0.18609	0.12827	0.55319
V484	0.06981	0.15681	0.10267	0.67071
V485	0.12268	0.60095	0.06777	0.2086
V486	0.21575	0.28936	0.15638	0.33851
V487	0.10206	0.14159	0.13786	0.6185
V488	0.06983	0.11875	0.62234	0.18908
V489	0.20244	0.18274	0.49722	0.1176
V490	0.25398	0.3228	0.12036	0.30286
V491	0.32306	0.42536	0.09444	0.15714
V492	0.06464	0.6747	0.14586	0.11479
V493	0.06699	0.11467	0.09326	0.72508
V494	0.1833	0.22433	0.39201	0.20036
V495	0.18959	0.52942	0.1555	0.12549
V496	0.22084	0.57367	0.06097	0.14452
V497	0.0795	0.12378	0.68328	0.11345
V498	0.23998	0.18041	0.11698	0.46264
V499	0.44306	0.288	0.16239	0.10655
V500	0.13267	0.20093	0.5252	0.1412
V501	0.06082	0.11563	0.1116	0.71196
V502	0.39278	0.29891	0.17938	0.12893
V503	0.17461	0.18137	0.2039	0.44013
V504	0.19253	0.57647	0.07148	0.15953
V505	0.17637	0.26058	0.22976	0.33329
V506	0.1175	0.28872	0.34475	0.24903
V507	0.43109	0.17541	0.1636	0.22989
V508	0.52825	0.2182	0.11277	0.14078
V509	0.2044	0.15951	0.38822	0.24787
V510	0.1946	0.46299	0.23207	0.11034
V511	0.0771	0.38808	0.10173	0.43309
V512	0.19982	0.14339	0.13571	0.52108
V513	0.10168	0.54171	0.19473	0.16188
V514	0.06542	0.15038	0.08965	0.69456
V515	0.53545	0.14189	0.12246	0.2002
V516	0.65643	0.15151	0.08777	0.10429
V517	0.08272	0.12921	0.23587	0.5522
V518	0.69314	0.10854	0.09315	0.10518
V519	0.06183	0.6877	0.06079	0.18968
V520	0.0835	0.11092	0.4588	0.34678
V521	0.41669	0.13234	0.3198	0.13116
V522	0.06597	0.2081	0.42072	0.30521
V523	0.27021	0.20166	0.23973	0.2884
V524	0.05305	0.63213	0.18019	0.13463
V525	0.20407	0.25	0.09507	0.45087
V526	0.44943	0.15913	0.13624	0.2552
V527	0.18923	0.12539	0.32529	0.36008
V528	0.10783	0.68768	0.05668	0.1478
V529	0.096	0.15823	0.21556	0.53021
V530	0.06731	0.25881	0.4848	0.18908
V531	0.05984	0.7016	0.13158	0.10698
V532	0.15472	0.32944	0.09093	0.42492
V533	0.22249	0.34879	0.16025	0.26847
V534	0.0721	0.12313	0.51435	0.29042
V535	0.39479	0.08711	0.09495	0.42315
V536	0.18193	0.10418	0.31264	0.40125
V537	0.42399	0.28261	0.18171	0.11169
V538	0.32847	0.14375	0.14041	0.38737
V539	0.21381	0.39736	0.17367	0.21516
V540	0.17374	0.57402	0.11326	0.13898
V541	0.05803	0.44724	0.1103	0.38443
V542	0.17655	0.20319	0.23236	0.3879
V543	0.62663	0.08707	0.09923	0.18706
V544	0.12153	0.17517	0.18611	0.5172
V545	0.26913	0.20838	0.12588	0.39661
V546	0.07604	0.70631	0.10342	0.11423
V547	0.07708	0.54109	0.26223	0.1196
V548	0.14852	0.62277	0.11717	0.11154
V549	0.27399	0.13087	0.47826	0.11687
V550	0.41335	0.11424	0.08516	0.38725
V551	0.16067	0.60242	0.08375	0.15316
V552	0.04518	0.46336	0.07096	0.42051
V553	0.20615	0.21812	0.45061	0.12512
V554	0.08745	0.16834	0.10115	0.64306
V555	0.11358	0.27121	0.27496	0.34025
V556	0.07206	0.13528	0.65728	0.13538
V557	0.57402	0.10939	0.09639	0.2202
V558	0.08836	0.63103	0.07775	0.20286
V559	0.05447	0.65822	0.17979	0.10752
V560	0.49537	0.32019	0.07928	0.10516
V561	0.07431	0.1305	0.68182	0.11336
V562	0.55402	0.09123	0.1726	0.18214
V563	0.22611	0.11274	0.55041	0.11074
V564	0.10961	0.16958	0.60042	0.12039
V565	0.13642	0.29192	0.30142	0.27024
V566	0.48461	0.16825	0.08638	0.26076
V567	0.18047	0.40659	0.08853	0.32441
V568	0.20071	0.10933	0.1218	0.56816
V569	0.47757	0.10924	0.08534	0.32785
V570	0.08085	0.31404	0.44334	0.16177
V571	0.57616	0.18714	0.08361	0.15309
V572	0.33918	0.10772	0.36717	0.18594
V573	0.09044	0.22599	0.08532	0.59824
V574	0.07327	0.63812	0.1681	0.12052
V575	0.06722	0.17145	0.15838	0.60295
V576	0.14781	0.65005	0.0841	0.11804
V577	0.08159	0.14563	0.21053	0.56226
V578	0.10296	0.16591	0.48869	0.24244
V579	0.05227	0.69898	0.12047	0.12828
V580	0.14813	0.11326	0.15727	0.58134
V581	0.09243	0.16118	0.08749	0.6589
V582	0.40513	0.20811	0.10403	0.28273
V583	0.06827	0.15055	0.43524	0.34594
V584	0.37768	0.21757	0.26759	0.13715
V585	0.06681	0.12102	0.35254	0.45964
V586	0.21776	0.11586	0.48495	0.18143
V587	0.23945	0.11972	0.50784	0.13299
V588	0.43949	0.12573	0.10531	0.32948
V589	0.08138	0.65167	0.10446	0.16249
V590	0.0809	0.62431	0.18046	0.11433
V591	0.05944	0.14024	0.20386	0.59647
V592	0.17353	0.13633	0.58648	0.10366
V593	0.4213	0.09229	0.20851	0.2779
V594	0.26321	0.31093	0.27982	0.14604
V595	0.07133	0.12583	0.10003	0.70281
V596	0.07658	0.30555	0.20921	0.40866
V597	0.05107	0.50213	0.27134	0.17545
V598	0.08123	0.19866	0.59869	0.12142
V599	0.44601	0.3265	0.09914	0.12835
V600	0.26645	0.42899	0.10586	0.1987
V601	0.14975	0.29667	0.12863	0.42494
V602	0.07151	0.12541	0.09607	0.70701
V603	0.05389	0.35657	0.08205	0.5075
V604	0.37983	0.19077	0.29796	0.13144
V605	0.10134	0.33886	0.31077	0.24904
V606	0.505	0.20969	0.09199	0.19332
V607	0.45951	0.10367	0.16072	0.27609
V608	0.19386	0.22698	0.30947	0.26969
V609	0.0721	0.27591	0.21661	0.43539
V610	0.53972	0.10652	0.15317	0.20059
V611	0.22739	0.10655	0.12176	0.54429
V612	0.08803	0.18167	0.56961	0.16069
V613	0.08615	0.34121	0.4309	0.14174
V614	0.52844	0.14163	0.12235	0.20758
V615	0.13314	0.14441	0.09122	0.63122
V616	0.09492	0.57836	0.09098	0.23574
V617	0.36015	0.22231	0.31795	0.0996
V618	0.5103	0.09028	0.08633	0.31309
V619	0.29405	0.12587	0.28384	0.29624
V620	0.05807	0.5571	0.27266	0.11217
V621	0.30936	0.21803	0.19158	0.28103
V622	0.27912	0.26727	0.32146	0.13215
V623	0.06768	0.16455	0.17059	0.59718
V624	0.56436	0.23706	0.08173	0.11685
V625	0.2126	0.44029	0.13256	0.21455
V626	0.69233	0.10141	0.09347	0.11279
V627	0.06037	0.12687	0.12885	0.68392
V628	0.05274	0.25903	0.09029	0.59795
V629	0.13427	0.31281	0.24102	0.3119
V630	0.0862	0.34144	0.42488	0.14747
V631	0.06453	0.2432	0.14351	0.54876
V632	0.41713	0.09074	0.18069	0.31144
V633	0.06726	0.13838	0.59193	0.20243
V634	0.30595	0.2945	0.29133	0.10821
V635	0.06194	0.61367	0.06318	0.2612
V636	0.14483	0.19058	0.46307	0.20152
V637	0.2346	0.24506	0.13626	0.38407
V638	0.27528	0.28463	0.12406	0.31603
V639	0.22736	0.40112	0.2688	0.10272
V640	0.09152	0.22446	0.53589	0.14814
V641	0.62766	0.11763	0.10819	0.14653
V642	0.53778	0.22235	0.07972	0.16016
V643	0.06341	0.24762	0.34284	0.34613
V644	0.65133	0.14406	0.09193	0.11268
V645	0.22004	0.38756	0.26788	0.12451
V646	0.05066	0.77237	0.06221	0.11477
V647	0.16082	0.17892	0.50695	0.1533
V648	0.30412	0.40108	0.16357	0.13124
V649	0.08852	0.16292	0.59412	0.15444
V650	0.10678	0.18082	0.55185	0.16054
V651	0.2681	0.11113	0.50987	0.1109
V652	0.1184	0.18146	0.34049	0.35965
V653	0.12728	0.55058	0.12734	0.1948
V654	0.48772	0.24247	0.12248	0.14732
V655	0.06905	0.48859	0.07803	0.36433
V656	0.17298	0.29291	0.08366	0.45046
V657	0.07032	0.15672	0.09218	0.68078
V658	0.41929	0.25033	0.1211	0.20928
V659	0.25926	0.17499	0.30415	0.26159
V660	0.06173	0.75231	0.05782	0.12815
V661	0.08348	0.38855	0.10813	0.41985
V662	0.31707	0.11809	0.37848	0.18635
V663	0.21203	0.16727	0.42674	0.19397
V664	0.1949	0.16309	0.49521	0.14681
V665	0.48037	0.23408	0.11033	0.17522
V666	0.41581	0.09016	0.15591	0.33813
V667	0.55558	0.14545	0.19945	0.09952
V668	0.12614	0.65121	0.1172	0.10545
V669	0.19453	0.38868	0.22901	0.18778
V670	0.09533	0.71932	0.05846	0.12689
V671	0.27536	0.30615	0.23858	0.1799
V672	0.08391	0.13452	0.64604	0.13553
V673	0.19499	0.36023	0.21652	0.22826
V674	0.4992	0.20407	0.09691	0.19981
V675	0.14371	0.33565	0.26562	0.25502
V676	0.07253	0.19112	0.14668	0.58967
V677	0.28233	0.37939	0.13926	0.19901
V678	0.37713	0.43542	0.07994	0.10751
V679	0.09564	0.32816	0.45779	0.1184
V680	0.24148	0.47709	0.15882	0.12261
V681	0.6386	0.13621	0.09761	0.12758
V682	0.13418	0.31742	0.40794	0.14046
V683	0.05069	0.77267	0.06878	0.10785
V684	0.49132	0.21599	0.14469	0.148
V685	0.35604	0.34326	0.15663	0.14407
V686	0.11198	0.23868	0.16953	0.47981
V687	0.07154	0.12011	0.10024	0.7081
V688	0.27559	0.45334	0.06656	0.2045
V689	0.20832	0.10077	0.11804	0.57287
V690	0.35556	0.13622	0.35134	0.15688
V691	0.17384	0.11542	0.5992	0.11154
V692	0.11906	0.21602	0.50452	0.1604
V693	0.20068	0.18979	0.30387	0.30566
V694	0.06527	0.1299	0.26103	0.5438
V695	0.20308	0.10961	0.18399	0.50331
V696	0.09982	0.16764	0.09453	0.63802
V697	0.06582	0.14351	0.09397	0.6967
V698	0.58105	0.08763	0.09766	0.23365
V699	0.39648	0.30235	0.12388	0.1773
V700	0.19208	0.12118	0.0917	0.59504
V701	0.12004	0.45885	0.13787	0.28324
V702	0.379	0.1584	0.09202	0.37057
V703	0.14869	0.1533	0.37331	0.3247
V704	0.5755	0.12328	0.10732	0.1939
V705	0.68726	0.08393	0.10225	0.12656
V706	0.12059	0.15254	0.55137	0.1755
V707	0.08418	0.40171	0.37217	0.14194
V708	0.06883	0.68953	0.0716	0.17004
V709	0.14858	0.29605	0.38855	0.16681
V710	0.41938	0.25029	0.11426	0.21607
V711	0.10459	0.63881	0.12292	0.13368
V712	0.57354	0.12798	0.09143	0.20705
V713	0.30938	0.31286	0.09834	0.27942
V714	0.04994	0.55332	0.07316	0.32358
V715	0.24203	0.33906	0.26057	0.15835
V716	0.0762	0.13742	0.11424	0.67215
V717	0.09535	0.72557	0.05794	0.12114
V718	0.14542	0.48263	0.17715	0.1948
V719	0.08222	0.57731	0.0842	0.25626
V720	0.5062	0.09147	0.24001	0.16231
V721	0.1391	0.23167	0.35932	0.2699
V722	0.10458	0.33584	0.0825	0.47709
V723	0.1195	0.16591	0.08971	0.62487
V724	0.40884	0.11651	0.14309	0.33156
V725	0.06906	0.18386	0.61192	0.13516
V726	0.07264	0.36498	0.1482	0.41419
V727	0.21844	0.54565	0.12618	0.10973
V728	0.06448	0.69979	0.12104	0.11469
V729	0.30185	0.11047	0.19035	0.39733
V730	0.63882	0.11135	0.12264	0.12719
V731	0.0748	0.25275	0.31229	0.36016
V732	0.27264	0.16766	0.29916	0.26054
V733	0.44623	0.23572	0.10281	0.21524
V734	0.20998	0.32281	0.35885	0.10836
V735	0.07384	0.13308	0.37216	0.42092
V736	0.13951	0.11264	0.09493	0.65291
V737	0.2539	0.30705	0.22458	0.21447
V738	0.111	0.33871	0.34117	0.20912
V739	0.06362	0.12117	0.44908	0.36613
V740	0.59577	0.15517	0.13629	0.11278
V741	0.34417	0.17989	0.16197	0.31396
V742	0.30327	0.51746	0.07714	0.10213
V743	0.15463	0.21395	0.50505	0.12637
V744	0.38267	0.13149	0.29479	0.19105
V745	0.05907	0.56949	0.17448	0.19697
V746	0.71489	0.0836	0.09555	0.10596
V747	0.10578	0.11422	0.51642	0.26358
V748	0.14323	0.18931	0.43191	0.23554
V749	0.21942	0.22965	0.11455	0.43638
V750	0.29816	0.41895	0.08474	0.19816
V751	0.07544	0.68541	0.08458	0.15457
V752	0.32874	0.26599	0.16503	0.24023
V753	0.06665	0.1206	0.09213	0.72062
V754	0.04991	0.73198	0.05563	0.16248
V755	0.15091	0.24934	0.28111	0.31864
V756	0.07138	0.12022	0.11485	0.69356
V757	0.25827	0.50048	0.11106	0.13018
V758	0.0772	0.61309	0.14004	0.16967
V759	0.14125	0.15832	0.32096	0.37948
V760	0.23573	0.1522	0.25333	0.35873
V761	0.09632	0.49576	0.23229	0.17564
V762	0.04842	0.36335	0.08118	0.50704
V763	0.27999	0.34797	0.09259	0.27946
V764	0.05029	0.7255	0.0621	0.1621
V765	0.46391	0.16169	0.08041	0.29399
V766	0.06825	0.33401	0.33531	0.26244
V767	0.34944	0.19661	0.23447	0.21948
V768	0.08112	0.71733	0.07369	0.12786
V769	0.14055	0.66261	0.0787	0.11814
V770	0.05066	0.77237	0.06221	0.11477
V771	0.17905	0.12238	0.58013	0.11844
V772	0.15818	0.14483	0.5855	0.11149
V773	0.1518	0.66543	0.065	0.11778
V774	0.08481	0.12225	0.65748	0.13546
V775	0.1325	0.14187	0.25151	0.47412
V776	0.3085	0.39015	0.10899	0.19237
V777	0.16018	0.1935	0.16694	0.47939
V778	0.37707	0.29529	0.12451	0.20314
V779	0.17035	0.14398	0.38117	0.3045
V780	0.12191	0.62653	0.14586	0.1057
V781	0.08197	0.13047	0.10497	0.6826
V782	0.07144	0.20488	0.56267	0.16102
V783	0.54921	0.10577	0.12428	0.22074
V784	0.11642	0.70293	0.06741	0.11323
V785	0.0691	0.73478	0.06809	0.12803
V786	0.50366	0.2148	0.13988	0.14166
V787	0.04901	0.67462	0.16158	0.11479
V788	0.36357	0.31448	0.17884	0.14311
V789	0.09303	0.35182	0.09085	0.4643
V790	0.32776	0.12025	0.13738	0.41462
V791	0.14325	0.3633	0.27148	0.22198
V792	0.13015	0.46462	0.06972	0.33551
V793	0.12427	0.54294	0.08501	0.24779
V794	0.10077	0.17475	0.55681	0.16767
V795	0.12148	0.14012	0.12162	0.61678
V796	0.08911	0.17599	0.60695	0.12796
V797	0.55283	0.09282	0.24046	0.11389
V798	0.44164	0.30958	0.1305	0.11828
V799	0.13188	0.62173	0.0781	0.16829
V800	0.10677	0.13408	0.39189	0.36726
V801	0.14537	0.19945	0.27491	0.38026
V802	0.08189	0.17325	0.24366	0.5012
V803	0.19485	0.46276	0.23905	0.10334
V804	0.38977	0.11434	0.33269	0.1632
V805	0.07975	0.12492	0.68868	0.10665
V806	0.07498	0.71538	0.06811	0.14153
V807	0.20435	0.21457	0.10574	0.47534
V808	0.46562	0.29078	0.10864	0.13496
V809	0.0992	0.14153	0.65353	0.10574
V810	0.0505	0.7771	0.05775	0.11465
V811	0.30931	0.16256	0.21221	0.31592
V812	0.38335	0.28579	0.11358	0.21728
V813	0.42422	0.2432	0.20265	0.12992
V814	0.32234	0.46823	0.10185	0.10757
V815	0.04582	0.73056	0.10866	0.11496
V816	0.67816	0.08511	0.13699	0.09974
V817	0.08966	0.16984	0.61857	0.12192
V818	0.05982	0.14398	0.11026	0.68594
V819	0.58134	0.15531	0.12268	0.14067
V820	0.13204	0.17725	0.09926	0.59145
V821	0.19124	0.32834	0.31378	0.16664
V822	0.11786	0.13312	0.62126	0.12777
V823	0.08437	0.25115	0.4827	0.18178
V824	0.12145	0.3674	0.40733	0.10382
V825	0.1895	0.31212	0.22816	0.27022
V826	0.31959	0.38667	0.17959	0.11415
V827	0.28329	0.51083	0.07604	0.12984
V828	0.18502	0.22748	0.14827	0.43924
V829	0.07538	0.27456	0.10236	0.5477
V830	0.18203	0.26433	0.09556	0.45808
V831	0.53522	0.16205	0.10881	0.19392
V832	0.2146	0.37826	0.17931	0.22783
V833	0.14497	0.44585	0.1809	0.22827
V834	0.22779	0.16171	0.13438	0.47611
V835	0.26995	0.40884	0.14782	0.17339
V836	0.04942	0.55723	0.06411	0.32924
V837	0.18669	0.36662	0.19071	0.25598
V838	0.6652	0.11689	0.11235	0.10555
V839	0.23936	0.51679	0.13488	0.10897
V840	0.23473	0.59462	0.06724	0.10341
V841	0.06958	0.14918	0.62651	0.15473
V842	0.27038	0.22981	0.23927	0.26054
V843	0.08206	0.1334	0.61549	0.16905
V844	0.13062	0.17958	0.30957	0.38023
V845	0.11203	0.19485	0.53265	0.16047
V846	0.06649	0.1252	0.54613	0.26218
V847	0.06209	0.11523	0.09659	0.72608
V848	0.10692	0.44782	0.17545	0.26981
V849	0.04366	0.75262	0.06216	0.14155
V850	0.69999	0.08441	0.10266	0.11294
V851	0.26311	0.46928	0.16574	0.10187
V852	0.12131	0.14775	0.16612	0.56482
V853	0.20759	0.26951	0.3223	0.2006
V854	0.41586	0.22609	0.14765	0.21041
V855	0.06209	0.11523	0.09659	0.72608
V856	0.08413	0.35226	0.28585	0.27776
V857	0.46744	0.22798	0.10371	0.20087
V858	0.41959	0.10656	0.36622	0.10763
V859	0.45862	0.26676	0.09325	0.18137
V860	0.16341	0.19092	0.11738	0.5283
V861	0.12113	0.35394	0.40765	0.11728
V862	0.15508	0.17963	0.51777	0.14751
V863	0.1713	0.14749	0.08629	0.59491
V864	0.09537	0.13544	0.11822	0.65098
V865	0.13306	0.11403	0.24657	0.50634
V866	0.52703	0.10737	0.25137	0.11423
V867	0.52772	0.11416	0.25165	0.10647
V868	0.36497	0.29998	0.16379	0.17126
V869	0.05694	0.76692	0.06203	0.1141
V870	0.11362	0.33578	0.08664	0.46396
V871	0.04366	0.75262	0.06216	0.14155
V872	0.06607	0.12418	0.23454	0.57521
V873	0.62601	0.11159	0.12821	0.13419
V874	0.17339	0.64287	0.07891	0.10483
V875	0.0653	0.24801	0.1996	0.48709
V876	0.15964	0.33633	0.32367	0.18035
V877	0.08318	0.38034	0.25121	0.28527
V878	0.13447	0.65489	0.10541	0.10523
V879	0.16682	0.56739	0.09209	0.17371
V880	0.23489	0.47648	0.06943	0.2192
V881	0.15978	0.14561	0.44571	0.24891
V882	0.5684	0.08559	0.1781	0.16791
V883	0.24158	0.24967	0.40627	0.10248
V884	0.06263	0.29365	0.07508	0.56863
V885	0.51094	0.25008	0.13937	0.09961
V886	0.06762	0.36113	0.35448	0.21678
V887	0.44541	0.14991	0.18813	0.21655
V888	0.13323	0.14968	0.53516	0.18192
V889	0.65297	0.12301	0.10523	0.11879
V890	0.08847	0.22182	0.44751	0.24221
V891	0.45102	0.13673	0.27002	0.14222
V892	0.21646	0.23404	0.08806	0.46144
V893	0.40988	0.2548	0.18048	0.15483
V894	0.10658	0.32713	0.42492	0.14137
V895	0.41949	0.15151	0.21164	0.21737
V896	0.06873	0.74033	0.063	0.12794
V897	0.48347	0.27834	0.08453	0.15365
V898	0.33617	0.09236	0.09069	0.48079
V899	0.0699	0.24517	0.16488	0.52006
V900	0.10836	0.31612	0.29209	0.28343
V901	0.06753	0.66211	0.06134	0.20902
V902	0.07584	0.71666	0.09344	0.11406
V903	0.06257	0.39735	0.39195	0.14813
V904	0.05675	0.77142	0.05811	0.11372
V905	0.14998	0.10654	0.19488	0.54859
V906	0.29141	0.17408	0.1511	0.38341
V907	0.31183	0.45472	0.084	0.14944
V908	0.06467	0.14505	0.12727	0.66302
V909	0.12977	0.64512	0.05722	0.16789
V910	0.15472	0.1058	0.16302	0.57645
V911	0.36666	0.37255	0.0975	0.16329
V912	0.28472	0.33311	0.15547	0.2267
V913	0.12176	0.10769	0.09581	0.67474
V914	0.16886	0.44105	0.2513	0.13878
V915	0.18609	0.10183	0.09418	0.6179
V916	0.22313	0.15461	0.47603	0.14623
V917	0.50182	0.11788	0.19723	0.18306
V918	0.08185	0.52877	0.20705	0.18233
V919	0.17753	0.27583	0.25612	0.29052
V920	0.42845	0.24649	0.14222	0.18284
V921	0.07187	0.22186	0.10114	0.60512
V922	0.12159	0.42168	0.30899	0.14774
V923	0.10127	0.12313	0.11499	0.66061
V924	0.07599	0.55588	0.23407	0.13407
V925	0.15823	0.1314	0.09592	0.61445
V926	0.17254	0.12407	0.10748	0.59592
V927	0.07067	0.13714	0.11873	0.67347
V928	0.07411	0.70173	0.06177	0.16239
V929	0.08349	0.53364	0.14637	0.23649
V930	0.3588	0.35879	0.0981	0.18431
V931	0.14851	0.30318	0.38148	0.16682
V932	0.08834	0.19926	0.44186	0.27054
V933	0.42883	0.37414	0.08525	0.11177
V934	0.06124	0.22167	0.24254	0.47456
V935	0.3982	0.22259	0.21573	0.16348
V936	0.36759	0.29267	0.09075	0.24898
V937	0.3789	0.19853	0.13855	0.28402
V938	0.28536	0.14271	0.27658	0.29535
V939	0.52557	0.10653	0.13896	0.22894
V940	0.0652	0.63535	0.15832	0.14114
V941	0.07478	0.12405	0.68761	0.11356
V942	0.51655	0.23591	0.12898	0.11856
V943	0.30221	0.20202	0.34432	0.15145
V944	0.06287	0.29067	0.11792	0.52854
V945	0.39225	0.34803	0.08331	0.1764
V946	0.33196	0.29033	0.2397	0.13801
V947	0.10974	0.1509	0.2212	0.51816
V948	0.28003	0.13063	0.46585	0.12349
V949	0.05527	0.19367	0.20291	0.54815
V950	0.08694	0.4644	0.19951	0.24915
V951	0.59432	0.10313	0.19543	0.10712
V952	0.10136	0.20698	0.23689	0.45477
V953	0.08257	0.1562	0.62591	0.13533
V954	0.07606	0.2397	0.16457	0.51967
V955	0.12358	0.50462	0.0833	0.2885
V956	0.08671	0.1334	0.39213	0.38775
V957	0.25042	0.11126	0.08776	0.55056
V958	0.06699	0.11467	0.09326	0.72508
V959	0.20137	0.2917	0.34031	0.16661
V960	0.18987	0.2958	0.12907	0.38526
V961	0.14255	0.37033	0.28579	0.20134
V962	0.2796	0.23218	0.32293	0.16529
V963	0.41691	0.22745	0.18683	0.16881
V964	0.59212	0.11294	0.1597	0.13524
V965	0.08625	0.44254	0.18642	0.28479
V966	0.69308	0.09612	0.09797	0.11283
V967	0.10008	0.14724	0.39904	0.35364
V968	0.06494	0.22513	0.54839	0.16154
V969	0.0566	0.30272	0.10088	0.53979
V970	0.08357	0.20426	0.33176	0.3804
V971	0.36572	0.17049	0.29324	0.17055
V972	0.35584	0.24627	0.11317	0.28471
V973	0.21239	0.38772	0.12514	0.27475
V974	0.05262	0.62697	0.14449	0.17592
V975	0.12954	0.31311	0.44654	0.11081
V976	0.31352	0.28045	0.15288	0.25315
V977	0.25683	0.35338	0.28161	0.10818
V978	0.09352	0.17527	0.12485	0.60636
V979	0.57684	0.10604	0.20999	0.10713
V980	0.71489	0.0836	0.09555	0.10596
V981	0.26843	0.13246	0.35176	0.24735
V982	0.31566	0.37681	0.12865	0.17889
V983	0.48506	0.14018	0.08782	0.28694
V984	0.05891	0.6676	0.13173	0.14177
V985	0.09612	0.23892	0.08318	0.58178
V986	0.24635	0.45978	0.10142	0.19246
V987	0.19872	0.61634	0.06006	0.12487
V988	0.18026	0.11496	0.09694	0.60784
V989	0.32478	0.42723	0.12651	0.12149
V990	0.06537	0.15352	0.5647	0.21641
V991	0.462	0.35021	0.07602	0.11177
V992	0.1924	0.11199	0.40485	0.29076
V993	0.09261	0.59008	0.16986	0.14746
V994	0.16679	0.63616	0.07896	0.11809
V995	0.50803	0.17611	0.10819	0.20767
V996	0.21047	0.19399	0.08977	0.50577
V997	0.08125	0.12656	0.59039	0.20181
V998	0.6162	0.09792	0.13921	0.14667
V999	0.12243	0.70604	0.05861	0.11292
V1000	0.23839	0.11743	0.08748	0.5567
