CD19B	CD56NK	CD4MemoryT	CD14
V1	0.41195	0.08733	0.21777	0.28295
V2	0.15809	0.1549	0.13503	0.55197
V3	0.07786	0.53148	0.10065	0.29002
V4	0.62521	0.16833	0.09736	0.1091
V5	0.11976	0.43335	0.25456	0.19233
V6	0.08437	0.7113	0.10767	0.09666
V7	0.14489	0.34929	0.15099	0.35483
V8	0.15179	0.10429	0.62603	0.11789
V9	0.20389	0.26248	0.12427	0.40936
V10	0.07566	0.11177	0.68113	0.13143
V11	0.18484	0.35317	0.37287	0.08912
V12	0.06209	0.51257	0.33197	0.09337
V13	0.21122	0.59409	0.09696	0.09773
V14	0.07791	0.74159	0.09767	0.08283
V15	0.12193	0.51469	0.17329	0.19009
V16	0.65615	0.1067	0.11788	0.11928
V17	0.09179	0.71025	0.10149	0.09648
V18	0.41016	0.34594	0.12819	0.11572
V19	0.13999	0.67385	0.09747	0.08869
V20	0.15323	0.41892	0.10804	0.31981
V21	0.1504	0.13432	0.59891	0.11637
V22	0.07759	0.16261	0.22928	0.53052
V23	0.30735	0.11819	0.47669	0.09778
V24	0.68946	0.09151	0.12545	0.09358
V25	0.26491	0.26701	0.182	0.28608
V26	0.28989	0.37355	0.10919	0.22737
V27	0.13132	0.12702	0.11437	0.6273
V28	0.06688	0.12004	0.72121	0.09187
V29	0.34315	0.10582	0.43241	0.11862
V30	0.12178	0.25347	0.27084	0.35391
V31	0.18506	0.23801	0.28353	0.2934
V32	0.11868	0.10955	0.12162	0.65015
V33	0.07705	0.4486	0.32008	0.15427
V34	0.15046	0.11968	0.6126	0.11727
V35	0.1448	0.60215	0.14915	0.1039
V36	0.07059	0.1234	0.4021	0.40391
V37	0.39904	0.14165	0.16473	0.29458
V38	0.33258	0.08353	0.21824	0.36565
V39	0.15059	0.49276	0.1791	0.17754
V40	0.09976	0.67831	0.14415	0.07778
V41	0.0458	0.56805	0.12395	0.2622
V42	0.20708	0.11307	0.23651	0.44334
V43	0.1398	0.34035	0.41024	0.10961
V44	0.07327	0.15417	0.56415	0.20841
V45	0.10877	0.51055	0.23462	0.14606
V46	0.57933	0.13685	0.18768	0.09614
V47	0.33609	0.23374	0.30425	0.12591
V48	0.57786	0.21355	0.10188	0.1067
V49	0.52423	0.22907	0.09481	0.15189
V50	0.07929	0.68605	0.15052	0.08414
V51	0.24455	0.38359	0.26302	0.10884
V52	0.07916	0.17577	0.62852	0.11654
V53	0.53028	0.17725	0.20315	0.08932
V54	0.32021	0.23605	0.3378	0.10594
V55	0.19429	0.19042	0.25292	0.36237
V56	0.09902	0.10245	0.15589	0.64263
V57	0.09823	0.70441	0.10803	0.08933
V58	0.4708	0.08138	0.1327	0.31513
V59	0.31633	0.39162	0.16997	0.12208
V60	0.1469	0.20935	0.30289	0.34087
V61	0.57593	0.16225	0.10748	0.15433
V62	0.63972	0.1018	0.15372	0.10476
V63	0.04715	0.68204	0.1736	0.09721
V64	0.04064	0.69573	0.09034	0.17329
V65	0.08191	0.0976	0.16289	0.6576
V66	0.17643	0.58493	0.10752	0.13112
V67	0.15367	0.33237	0.41858	0.09539
V68	0.16165	0.19586	0.11699	0.5255
V69	0.07202	0.322	0.48234	0.12364
V70	0.39568	0.20381	0.22239	0.17812
V71	0.17061	0.14917	0.33734	0.34287
V72	0.4161	0.20769	0.16408	0.21213
V73	0.14244	0.52689	0.1854	0.14527
V74	0.09599	0.25747	0.56025	0.08629
V75	0.52214	0.07708	0.23726	0.16352
V76	0.06176	0.22168	0.21441	0.50214
V77	0.08234	0.29916	0.1037	0.51481
V78	0.25002	0.17914	0.222	0.34883
V79	0.06414	0.16906	0.61066	0.15614
V80	0.28943	0.10162	0.45254	0.15641
V81	0.0986	0.21334	0.59388	0.09419
V82	0.06533	0.14052	0.69678	0.09737
V83	0.14749	0.22185	0.14865	0.482
V84	0.30875	0.12075	0.21193	0.35858
V85	0.12487	0.325	0.34735	0.20278
V86	0.09666	0.13008	0.64925	0.12401
V87	0.05748	0.67911	0.13281	0.1306
V88	0.1724	0.14049	0.27077	0.41634
V89	0.08356	0.1052	0.23049	0.58076
V90	0.05245	0.72356	0.13279	0.0912
V91	0.06124	0.61794	0.21515	0.10567
V92	0.35445	0.10368	0.35487	0.187
V93	0.64557	0.0846	0.10035	0.16948
V94	0.05994	0.41299	0.10941	0.41767
V95	0.20894	0.40413	0.20061	0.18632
V96	0.11377	0.16333	0.11871	0.60419
V97	0.49942	0.16532	0.24048	0.09478
V98	0.49667	0.30965	0.0971	0.09658
V99	0.58216	0.1132	0.20647	0.09817
V100	0.11616	0.11669	0.65556	0.11159
V101	0.08417	0.1116	0.10702	0.69721
V102	0.67585	0.11266	0.10567	0.10582
V103	0.07908	0.12422	0.16086	0.63585
V104	0.05064	0.76794	0.09756	0.08386
V105	0.06959	0.7439	0.10333	0.08319
V106	0.12469	0.46062	0.30152	0.11317
V107	0.17789	0.24382	0.45244	0.12585
V108	0.13721	0.62767	0.15672	0.07839
V109	0.07023	0.21809	0.465	0.24668
V110	0.07129	0.71157	0.12045	0.09669
V111	0.67189	0.07199	0.15604	0.10008
V112	0.15079	0.14374	0.36906	0.33641
V113	0.18183	0.17305	0.21644	0.42868
V114	0.22047	0.12482	0.15585	0.49886
V115	0.04295	0.6315	0.24046	0.08508
V116	0.14621	0.32278	0.32794	0.20307
V117	0.48294	0.27661	0.12176	0.11869
V118	0.14962	0.50352	0.1164	0.23046
V119	0.14146	0.14802	0.13519	0.57533
V120	0.11433	0.14569	0.63675	0.10323
V121	0.43073	0.18645	0.16356	0.21926
V122	0.70327	0.07787	0.11238	0.10648
V123	0.05063	0.45854	0.12711	0.36372
V124	0.47283	0.30424	0.09392	0.129
V125	0.28959	0.39418	0.21485	0.10138
V126	0.08894	0.20077	0.13466	0.57562
V127	0.17259	0.12979	0.2669	0.43073
V128	0.09038	0.10238	0.17529	0.63195
V129	0.41694	0.26173	0.20823	0.1131
V130	0.04493	0.56288	0.30679	0.0854
V131	0.04887	0.72302	0.09068	0.13744
V132	0.68513	0.07784	0.124	0.11303
V133	0.66508	0.08554	0.14412	0.10526
V134	0.12262	0.37477	0.18069	0.32191
V135	0.12233	0.10875	0.21801	0.55091
V136	0.20159	0.38104	0.1035	0.31387
V137	0.47753	0.1127	0.26684	0.14292
V138	0.18232	0.38464	0.21239	0.22065
V139	0.27291	0.24747	0.22675	0.25286
V140	0.08784	0.15988	0.13592	0.61636
V141	0.10261	0.21688	0.4333	0.2472
V142	0.58629	0.07725	0.24434	0.09211
V143	0.31657	0.28495	0.1475	0.25098
V144	0.1677	0.20943	0.20956	0.41331
V145	0.03821	0.6367	0.2395	0.0856
V146	0.10583	0.10457	0.12304	0.66656
V147	0.66467	0.09273	0.11655	0.12605
V148	0.14895	0.15479	0.46188	0.23439
V149	0.21359	0.46233	0.23687	0.08721
V150	0.11554	0.27654	0.46379	0.14412
V151	0.17309	0.53959	0.11656	0.17076
V152	0.19408	0.41465	0.23591	0.15535
V153	0.10759	0.62277	0.10623	0.16341
V154	0.20259	0.42146	0.26823	0.10771
V155	0.35304	0.201	0.2855	0.16045
V156	0.08463	0.20593	0.53047	0.17896
V157	0.2491	0.21418	0.29759	0.23913
V158	0.0847	0.10001	0.11669	0.6986
V159	0.64324	0.12874	0.09763	0.13039
V160	0.50493	0.08241	0.15108	0.26158
V161	0.20326	0.09512	0.12503	0.57658
V162	0.09791	0.31274	0.15326	0.43609
V163	0.11185	0.44426	0.20515	0.23874
V164	0.26172	0.31894	0.16949	0.24986
V165	0.06679	0.28499	0.09724	0.55098
V166	0.07482	0.1676	0.14674	0.61084
V167	0.28717	0.08397	0.10571	0.52316
V168	0.22376	0.50284	0.14941	0.12399
V169	0.18518	0.13205	0.12993	0.55284
V170	0.13625	0.11506	0.43067	0.31803
V171	0.14261	0.27523	0.46394	0.11822
V172	0.53272	0.08042	0.28775	0.0991
V173	0.08417	0.20021	0.13027	0.58535
V174	0.07481	0.21794	0.15045	0.55681
V175	0.11007	0.10437	0.60302	0.18255
V176	0.04189	0.66933	0.20339	0.08538
V177	0.03711	0.77896	0.09333	0.09061
V178	0.04164	0.63527	0.0955	0.22759
V179	0.17451	0.1017	0.34515	0.37863
V180	0.05301	0.72428	0.1448	0.07792
V181	0.16757	0.19715	0.43602	0.19926
V182	0.24747	0.23276	0.38864	0.13113
V183	0.15331	0.66594	0.09765	0.0831
V184	0.7251	0.07081	0.10912	0.09497
V185	0.41201	0.39367	0.10506	0.08926
V186	0.12609	0.43956	0.26137	0.17298
V187	0.69758	0.07791	0.12407	0.10045
V188	0.09977	0.26263	0.09761	0.54
V189	0.5909	0.09458	0.11277	0.20174
V190	0.49222	0.09011	0.31923	0.09844
V191	0.17725	0.25058	0.45263	0.11953
V192	0.235	0.43027	0.12904	0.20568
V193	0.44544	0.11292	0.26089	0.18074
V194	0.05625	0.74897	0.09796	0.09682
V195	0.07123	0.11994	0.71107	0.09776
V196	0.08049	0.14474	0.11041	0.66436
V197	0.32091	0.12488	0.12176	0.43245
V198	0.09101	0.45581	0.32642	0.12676
V199	0.17336	0.11349	0.21815	0.49499
V200	0.1282	0.49433	0.10685	0.27062
V201	0.11014	0.49021	0.21457	0.18508
V202	0.07616	0.11384	0.59397	0.21603
V203	0.15592	0.40323	0.33932	0.10153
V204	0.04961	0.47612	0.0994	0.37487
V205	0.07566	0.1395	0.67967	0.10516
V206	0.09477	0.16771	0.64245	0.09507
V207	0.14642	0.23532	0.1367	0.48156
V208	0.22535	0.14601	0.52637	0.10227
V209	0.23481	0.42944	0.14446	0.19129
V210	0.0936	0.63261	0.1565	0.11728
V211	0.33	0.09549	0.12664	0.44787
V212	0.38835	0.12004	0.3831	0.10851
V213	0.46515	0.10467	0.18075	0.24943
V214	0.26155	0.21518	0.2095	0.31377
V215	0.2435	0.16537	0.11367	0.47746
V216	0.09524	0.09909	0.11682	0.68885
V217	0.07665	0.44858	0.2415	0.23327
V218	0.11301	0.41404	0.20567	0.26729
V219	0.11123	0.54613	0.10049	0.24215
V220	0.04138	0.67634	0.09492	0.18736
V221	0.59024	0.07743	0.10403	0.2283
V222	0.25661	0.20009	0.33024	0.21307
V223	0.06287	0.2074	0.58273	0.147
V224	0.71579	0.07034	0.11904	0.09484
V225	0.07116	0.71185	0.13354	0.08346
V226	0.25839	0.16018	0.47978	0.10166
V227	0.58022	0.07634	0.23808	0.10537
V228	0.55362	0.13564	0.14967	0.16107
V229	0.0772	0.1187	0.69236	0.11173
V230	0.08325	0.11196	0.11744	0.68736
V231	0.06876	0.29894	0.17151	0.46079
V232	0.07032	0.55778	0.09004	0.28186
V233	0.41395	0.15949	0.23502	0.19154
V234	0.05744	0.73704	0.11452	0.091
V235	0.29901	0.13947	0.44436	0.11716
V236	0.09449	0.15322	0.60377	0.14852
V237	0.16942	0.09582	0.12877	0.60599
V238	0.13203	0.48928	0.26037	0.11832
V239	0.09499	0.38374	0.10897	0.4123
V240	0.37406	0.11839	0.37852	0.12902
V241	0.07608	0.11106	0.66936	0.1435
V242	0.12402	0.62971	0.15712	0.08914
V243	0.21968	0.12955	0.50241	0.14836
V244	0.20008	0.10039	0.54284	0.15668
V245	0.42657	0.30936	0.13522	0.12885
V246	0.09755	0.21258	0.58142	0.10845
V247	0.17218	0.11267	0.6248	0.09035
V248	0.08706	0.11727	0.13337	0.6623
V249	0.06324	0.13251	0.66116	0.14309
V250	0.56614	0.07848	0.25562	0.09976
V251	0.68875	0.10548	0.10641	0.09936
V252	0.04183	0.68743	0.19269	0.07805
V253	0.28591	0.14819	0.20916	0.35673
V254	0.03799	0.74931	0.12807	0.08462
V255	0.06248	0.7369	0.09068	0.10994
V256	0.17021	0.25704	0.41933	0.15343
V257	0.31932	0.17172	0.2536	0.25536
V258	0.16888	0.29336	0.36115	0.1766
V259	0.07799	0.3138	0.48918	0.11903
V260	0.05536	0.31016	0.54386	0.09062
V261	0.45161	0.1103	0.237	0.20108
V262	0.13089	0.13328	0.11404	0.6218
V263	0.04398	0.76625	0.09363	0.09614
V264	0.17198	0.12629	0.37098	0.33075
V265	0.09165	0.0969	0.19067	0.62078
V266	0.46792	0.34646	0.10102	0.0846
V267	0.05951	0.23334	0.27471	0.43244
V268	0.30191	0.10638	0.20058	0.39113
V269	0.04723	0.4939	0.33842	0.12044
V270	0.47249	0.10397	0.26758	0.15596
V271	0.57391	0.13258	0.12522	0.16829
V272	0.07091	0.67132	0.10058	0.15719
V273	0.10538	0.11007	0.1291	0.65545
V274	0.51555	0.07712	0.23174	0.17558
V275	0.06635	0.11975	0.71614	0.09777
V276	0.36239	0.33951	0.10389	0.19421
V277	0.08187	0.24993	0.20311	0.46509
V278	0.09012	0.1433	0.28479	0.48179
V279	0.49737	0.12961	0.18029	0.19273
V280	0.0847	0.10001	0.11669	0.6986
V281	0.40199	0.10716	0.20084	0.29
V282	0.10062	0.15349	0.61065	0.13523
V283	0.17482	0.50473	0.13678	0.18366
V284	0.05307	0.72994	0.1326	0.08439
V285	0.11081	0.11072	0.68735	0.09112
V286	0.19662	0.48346	0.16643	0.15349
V287	0.0976	0.70467	0.10214	0.0956
V288	0.06412	0.30461	0.3597	0.27157
V289	0.233	0.2614	0.36108	0.14452
V290	0.59731	0.20533	0.10816	0.08921
V291	0.37108	0.14598	0.38129	0.10165
V292	0.6825	0.07747	0.10235	0.13769
V293	0.25545	0.10815	0.51304	0.12336
V294	0.10895	0.35755	0.09633	0.43717
V295	0.07183	0.22985	0.2205	0.47782
V296	0.17442	0.19187	0.47956	0.15415
V297	0.11944	0.09552	0.14961	0.63543
V298	0.25073	0.17403	0.47378	0.10146
V299	0.10197	0.29276	0.10786	0.49741
V300	0.07005	0.11998	0.24859	0.56139
V301	0.14106	0.18672	0.49859	0.17363
V302	0.46892	0.33911	0.09599	0.09597
V303	0.04086	0.5203	0.33125	0.10759
V304	0.10324	0.12051	0.5663	0.20994
V305	0.13808	0.22024	0.38131	0.26036
V306	0.57665	0.1565	0.13824	0.12861
V307	0.04407	0.76111	0.10401	0.09081
V308	0.19708	0.26691	0.28385	0.25216
V309	0.25342	0.32236	0.11451	0.30971
V310	0.10435	0.32463	0.19378	0.37724
V311	0.37427	0.43896	0.0984	0.08838
V312	0.10148	0.6143	0.18598	0.09824
V313	0.07227	0.17283	0.11522	0.63968
V314	0.05646	0.43473	0.16824	0.34057
V315	0.11911	0.53434	0.11609	0.23046
V316	0.24927	0.20031	0.34402	0.2064
V317	0.09522	0.58419	0.12355	0.19704
V318	0.06784	0.4857	0.10263	0.34383
V319	0.1011	0.14526	0.63652	0.11712
V320	0.11226	0.21053	0.49851	0.17869
V321	0.46075	0.354	0.10075	0.0845
V322	0.17265	0.32623	0.14496	0.35616
V323	0.10389	0.11027	0.16119	0.62465
V324	0.47033	0.27879	0.14676	0.10413
V325	0.2344	0.54801	0.13185	0.08574
V326	0.04239	0.49122	0.15605	0.31034
V327	0.0754	0.20275	0.16989	0.55197
V328	0.09647	0.1205	0.5666	0.21642
V329	0.16975	0.18066	0.20891	0.44068
V330	0.30492	0.09435	0.32239	0.27835
V331	0.27055	0.15637	0.13318	0.4399
V332	0.07498	0.13428	0.21775	0.57298
V333	0.32012	0.15293	0.35285	0.17411
V334	0.28332	0.09741	0.33335	0.28592
V335	0.06989	0.34422	0.41059	0.1753
V336	0.15148	0.58464	0.10691	0.15697
V337	0.22519	0.38473	0.2815	0.10857
V338	0.03105	0.78557	0.09941	0.08397
V339	0.14465	0.10756	0.64968	0.0981
V340	0.09427	0.26902	0.41895	0.21776
V341	0.08604	0.11825	0.14378	0.65193
V342	0.22149	0.098	0.49224	0.18827
V343	0.70844	0.08365	0.10832	0.09959
V344	0.48923	0.20063	0.22145	0.08869
V345	0.07149	0.11979	0.71693	0.09179
V346	0.2011	0.18394	0.27815	0.3368
V347	0.09676	0.10167	0.18586	0.61571
V348	0.07699	0.55399	0.18549	0.18353
V349	0.26804	0.22293	0.34374	0.16529
V350	0.05344	0.6638	0.20403	0.07873
V351	0.0782	0.12207	0.34959	0.45014
V352	0.09634	0.1167	0.63695	0.15001
V353	0.63284	0.0942	0.12848	0.14448
V354	0.07146	0.5819	0.23477	0.11188
V355	0.23191	0.15725	0.39025	0.22059
V356	0.09041	0.11128	0.16627	0.63204
V357	0.12453	0.33693	0.26847	0.27007
V358	0.38745	0.16899	0.13735	0.30621
V359	0.41278	0.12823	0.12518	0.33381
V360	0.39171	0.40332	0.11066	0.09431
V361	0.0477	0.42272	0.44126	0.08833
V362	0.03135	0.78064	0.10411	0.0839
V363	0.16841	0.18827	0.38935	0.25398
V364	0.16371	0.14931	0.52515	0.16184
V365	0.22833	0.10806	0.11144	0.55218
V366	0.08888	0.57195	0.14905	0.19011
V367	0.40656	0.19515	0.10052	0.29777
V368	0.09437	0.60521	0.14931	0.15111
V369	0.06107	0.38618	0.46352	0.08923
V370	0.23574	0.29823	0.35359	0.11244
V371	0.15708	0.60086	0.11148	0.13058
V372	0.16576	0.13706	0.17991	0.51727
V373	0.11104	0.20701	0.38777	0.29419
V374	0.57335	0.08495	0.24972	0.09198
V375	0.09387	0.12554	0.19512	0.58547
V376	0.08955	0.11798	0.16627	0.6262
V377	0.5704	0.07107	0.11022	0.24831
V378	0.07253	0.1221	0.35583	0.44954
V379	0.25794	0.23766	0.10732	0.39709
V380	0.15884	0.15301	0.22735	0.46081
V381	0.52531	0.09002	0.16973	0.21494
V382	0.1159	0.12252	0.66422	0.09736
V383	0.59818	0.0779	0.14164	0.18228
V384	0.39774	0.15011	0.19192	0.26022
V385	0.61622	0.08652	0.1607	0.13656
V386	0.24808	0.10249	0.19959	0.44984
V387	0.41609	0.20327	0.22778	0.15286
V388	0.27384	0.33604	0.19527	0.19485
V389	0.29701	0.46716	0.10363	0.13221
V390	0.23769	0.28476	0.38723	0.09031
V391	0.30947	0.17001	0.11413	0.40638
V392	0.3054	0.25946	0.2102	0.22494
V393	0.2262	0.2682	0.31518	0.19042
V394	0.11705	0.26158	0.17077	0.4506
V395	0.18277	0.37748	0.22491	0.21484
V396	0.03741	0.76865	0.09779	0.09615
V397	0.55147	0.15246	0.17293	0.12314
V398	0.32265	0.19651	0.16528	0.31556
V399	0.16341	0.48579	0.19158	0.15922
V400	0.04244	0.50348	0.13753	0.31654
V401	0.08262	0.22139	0.54947	0.14651
V402	0.57128	0.21561	0.12474	0.08837
V403	0.08641	0.11173	0.14864	0.65322
V404	0.11555	0.24629	0.47779	0.16037
V405	0.19792	0.11905	0.21267	0.47036
V406	0.44929	0.27585	0.11182	0.16303
V407	0.03105	0.78557	0.09941	0.08397
V408	0.11464	0.27939	0.34162	0.26435
V409	0.07849	0.10681	0.11765	0.69705
V410	0.09247	0.69817	0.11274	0.09663
V411	0.33465	0.08684	0.10066	0.47785
V412	0.16294	0.1599	0.40896	0.2682
V413	0.0828	0.43916	0.21064	0.2674
V414	0.06902	0.45616	0.30157	0.17324
V415	0.33025	0.11408	0.25715	0.29852
V416	0.07	0.15613	0.68377	0.0901
V417	0.27878	0.53658	0.09865	0.08599
V418	0.11171	0.17423	0.19219	0.52186
V419	0.08384	0.09968	0.12432	0.69215
V420	0.03302	0.71586	0.10185	0.14928
V421	0.16535	0.13176	0.52837	0.17452
V422	0.09874	0.13575	0.11007	0.65544
V423	0.11616	0.11669	0.65556	0.11159
V424	0.06317	0.14275	0.48568	0.3084
V425	0.09256	0.27763	0.46503	0.16478
V426	0.12257	0.13456	0.59989	0.14298
V427	0.09382	0.3799	0.21689	0.30938
V428	0.09248	0.63004	0.1324	0.14508
V429	0.08364	0.09947	0.12901	0.68789
V430	0.52598	0.21513	0.11331	0.14558
V431	0.17902	0.11677	0.38637	0.31784
V432	0.13331	0.16375	0.13486	0.56808
V433	0.07399	0.60685	0.09086	0.2283
V434	0.26436	0.15083	0.13781	0.44701
V435	0.37418	0.09432	0.18803	0.34347
V436	0.2966	0.09671	0.18295	0.42374
V437	0.19737	0.25981	0.10164	0.44118
V438	0.42882	0.21228	0.12235	0.23656
V439	0.08923	0.16369	0.10953	0.63755
V440	0.35537	0.11543	0.12811	0.40109
V441	0.10366	0.20248	0.46688	0.22698
V442	0.24025	0.34428	0.18674	0.22873
V443	0.53232	0.08073	0.1713	0.21565
V444	0.07149	0.11979	0.71693	0.09179
V445	0.45064	0.1012	0.3307	0.11747
V446	0.05769	0.67227	0.13271	0.13733
V447	0.44663	0.1651	0.22118	0.16708
V448	0.07969	0.14861	0.2226	0.5491
V449	0.40887	0.12165	0.30064	0.16884
V450	0.12647	0.69414	0.10153	0.07787
V451	0.67613	0.11297	0.0984	0.1125
V452	0.09218	0.10566	0.14871	0.65346
V453	0.57222	0.14347	0.14976	0.13455
V454	0.03126	0.74943	0.12812	0.09119
V455	0.43793	0.11351	0.30619	0.14237
V456	0.25643	0.19279	0.34408	0.2067
V457	0.07849	0.11164	0.11243	0.69744
V458	0.21654	0.26013	0.10141	0.42192
V459	0.0466	0.64674	0.15537	0.15129
V460	0.69174	0.07795	0.12385	0.10646
V461	0.10591	0.11688	0.11125	0.66597
V462	0.26155	0.2732	0.09621	0.36905
V463	0.20027	0.43357	0.19946	0.1667
V464	0.36684	0.16695	0.10123	0.36498
V465	0.28867	0.40313	0.11534	0.19285
V466	0.41084	0.23217	0.10049	0.2565
V467	0.23675	0.50156	0.14945	0.11224
V468	0.35254	0.38649	0.13337	0.12759
V469	0.0713	0.23287	0.27576	0.42007
V470	0.38895	0.1906	0.22216	0.19829
V471	0.22293	0.17425	0.12609	0.47673
V472	0.24462	0.33283	0.09444	0.32811
V473	0.1102	0.48186	0.30716	0.10077
V474	0.14354	0.09297	0.1718	0.59169
V475	0.16233	0.37917	0.15081	0.30769
V476	0.16833	0.10448	0.14313	0.58406
V477	0.431	0.11851	0.24289	0.2076
V478	0.12652	0.508	0.09513	0.27035
V479	0.072	0.16892	0.60324	0.15584
V480	0.10554	0.31885	0.1275	0.44811
V481	0.15845	0.11353	0.62443	0.1036
V482	0.48837	0.21363	0.17797	0.12003
V483	0.14459	0.1782	0.15018	0.52704
V484	0.08498	0.14476	0.12128	0.64899
V485	0.11555	0.60919	0.09925	0.17602
V486	0.21697	0.29108	0.18059	0.31136
V487	0.11686	0.12878	0.15889	0.59547
V488	0.06288	0.10883	0.65861	0.16967
V489	0.19498	0.17697	0.52635	0.1017
V490	0.25375	0.32452	0.14467	0.27706
V491	0.31545	0.43212	0.11985	0.13258
V492	0.05353	0.68105	0.18049	0.08493
V493	0.08494	0.09971	0.1084	0.70695
V494	0.17948	0.22103	0.42097	0.17852
V495	0.18041	0.53354	0.18636	0.09969
V496	0.21211	0.58115	0.09048	0.11626
V497	0.07159	0.11333	0.71725	0.09783
V498	0.24931	0.17425	0.13741	0.43903
V499	0.43516	0.29005	0.18319	0.0916
V500	0.12407	0.19654	0.55783	0.12155
V501	0.07806	0.10011	0.12891	0.69293
V502	0.38645	0.30008	0.20201	0.11145
V503	0.18213	0.17413	0.22828	0.41546
V504	0.18387	0.58332	0.10193	0.13087
V505	0.17734	0.25925	0.25669	0.30672
V506	0.11387	0.28843	0.37374	0.22396
V507	0.43277	0.17157	0.18396	0.2117
V508	0.52722	0.21644	0.13024	0.1261
V509	0.20306	0.15165	0.41678	0.22851
V510	0.18487	0.46586	0.2616	0.08767
V511	0.08077	0.39267	0.12718	0.39938
V512	0.21217	0.1331	0.15608	0.49865
V513	0.09215	0.54717	0.2275	0.13318
V514	0.08161	0.1367	0.10701	0.67467
V515	0.54111	0.13508	0.13825	0.18555
V516	0.66129	0.14501	0.09663	0.09707
V517	0.0931	0.1188	0.26093	0.52717
V518	0.70062	0.09833	0.10175	0.09929
V519	0.05182	0.69658	0.09527	0.15633
V520	0.08449	0.1009	0.48988	0.32473
V521	0.41404	0.12302	0.34512	0.11782
V522	0.06356	0.20346	0.45207	0.28091
V523	0.27051	0.1976	0.26472	0.26717
V524	0.04121	0.6379	0.21577	0.10513
V525	0.21149	0.24801	0.11678	0.42372
V526	0.45262	0.15363	0.15449	0.23926
V527	0.19256	0.11532	0.35292	0.3392
V528	0.09813	0.69545	0.09034	0.11608
V529	0.10513	0.14805	0.24057	0.50626
V530	0.05909	0.25734	0.51772	0.16585
V531	0.04753	0.70784	0.16708	0.07756
V532	0.15942	0.33128	0.11458	0.39472
V533	0.22002	0.3518	0.18604	0.24214
V534	0.06942	0.1122	0.54851	0.26987
V535	0.40832	0.07581	0.10852	0.40735
V536	0.18759	0.09277	0.33969	0.37996
V537	0.41629	0.28439	0.20264	0.09668
V538	0.33556	0.13536	0.16068	0.36839
V539	0.20894	0.40413	0.20061	0.18632
V540	0.16447	0.58	0.14459	0.11095
V541	0.05622	0.45264	0.13915	0.352
V542	0.18087	0.19855	0.25821	0.36237
V543	0.63582	0.07681	0.11081	0.17657
V544	0.13177	0.16674	0.20963	0.49186
V545	0.27489	0.20346	0.14754	0.37411
V546	0.06455	0.71271	0.13874	0.084
V547	0.06547	0.54688	0.29555	0.0921
V548	0.13719	0.62893	0.15014	0.08374
V549	0.26843	0.12107	0.5077	0.1028
V550	0.42669	0.10363	0.09731	0.37237
V551	0.15162	0.60844	0.1162	0.12374
V552	0.04518	0.46868	0.09898	0.38716
V553	0.19881	0.21449	0.47902	0.10767
V554	0.10236	0.15789	0.11961	0.62013
V555	0.11413	0.27023	0.30293	0.31272
V556	0.06461	0.12483	0.692	0.11855
V557	0.58384	0.09967	0.1078	0.20869
V558	0.08074	0.63847	0.11149	0.16929
V559	0.04206	0.66358	0.21543	0.07893
V560	0.48864	0.32309	0.09703	0.09124
V561	0.06635	0.11975	0.71614	0.09777
V562	0.56023	0.07861	0.19112	0.17004
V563	0.22054	0.10153	0.58039	0.09754
V564	0.10068	0.1613	0.63508	0.10294
V565	0.13366	0.29248	0.32941	0.24445
V566	0.49037	0.16314	0.1011	0.24538
V567	0.18012	0.41284	0.1133	0.29375
V568	0.2158	0.09616	0.13987	0.54816
V569	0.48845	0.10009	0.09744	0.31402
V570	0.07207	0.31465	0.47579	0.1375
V571	0.57867	0.18362	0.097	0.14071
V572	0.33863	0.09629	0.39506	0.17002
V573	0.10231	0.21999	0.10549	0.57221
V574	0.06188	0.64371	0.20342	0.09099
V575	0.07874	0.16163	0.18166	0.57797
V576	0.13676	0.657	0.11761	0.08864
V577	0.09168	0.13459	0.23534	0.53839
V578	0.1001	0.15827	0.52014	0.22149
V579	0.03914	0.70707	0.15641	0.09738
V580	0.16226	0.09966	0.17739	0.56069
V581	0.10865	0.14945	0.10485	0.63705
V582	0.40755	0.2048	0.12311	0.26454
V583	0.06908	0.14241	0.46612	0.32239
V584	0.37261	0.21512	0.29169	0.12058
V585	0.07295	0.10877	0.38196	0.43632
V586	0.21355	0.10607	0.51601	0.16437
V587	0.23433	0.10992	0.53851	0.11723
V588	0.44797	0.11688	0.12098	0.31417
V589	0.07169	0.65844	0.13873	0.13114
V590	0.0696	0.62979	0.21525	0.08536
V591	0.07059	0.12797	0.22846	0.57297
V592	0.16537	0.12672	0.61809	0.08982
V593	0.4266	0.07949	0.23066	0.26325
V594	0.25587	0.31186	0.30769	0.12458
V595	0.08812	0.11161	0.11758	0.68269
V596	0.07782	0.30501	0.23817	0.379
V597	0.04008	0.50787	0.30537	0.14668
V598	0.07206	0.19337	0.6315	0.10306
V599	0.43857	0.33017	0.12057	0.11068
V600	0.26149	0.43513	0.13163	0.17176
V601	0.15448	0.29649	0.15268	0.39636
V602	0.08867	0.11106	0.1127	0.68757
V603	0.05973	0.35891	0.10634	0.47502
V604	0.37417	0.18795	0.32208	0.1158
V605	0.09559	0.34091	0.34123	0.22226
V606	0.50744	0.20738	0.10808	0.1771
V607	0.46596	0.09223	0.1797	0.2621
V608	0.1924	0.22378	0.33723	0.24659
V609	0.07452	0.27526	0.24442	0.40579
V610	0.54635	0.09636	0.17042	0.18687
V611	0.24229	0.09372	0.13939	0.5246
V612	0.07949	0.17557	0.60373	0.14121
V613	0.07629	0.34289	0.46234	0.11848
V614	0.53457	0.1348	0.13846	0.19217
V615	0.14946	0.13204	0.10865	0.60986
V616	0.08885	0.58474	0.12342	0.203
V617	0.3513	0.21918	0.343	0.08652
V618	0.52083	0.08036	0.09813	0.30068
V619	0.29636	0.11729	0.30913	0.27722
V620	0.04493	0.56288	0.30679	0.0854
V621	0.30927	0.21467	0.21539	0.26068
V622	0.27109	0.26712	0.34797	0.11382
V623	0.07911	0.15437	0.19429	0.57224
V624	0.56249	0.23613	0.09602	0.10536
V625	0.20745	0.4464	0.16108	0.18506
V626	0.70014	0.09128	0.10241	0.10617
V627	0.07604	0.11211	0.14914	0.66271
V628	0.06305	0.25579	0.11183	0.56933
V629	0.13293	0.31322	0.26949	0.28436
V630	0.0766	0.34344	0.45644	0.12352
V631	0.07287	0.23961	0.16734	0.52018
V632	0.42482	0.0779	0.2007	0.29657
V633	0.06193	0.12906	0.62739	0.18162
V634	0.29637	0.29542	0.31657	0.09164
V635	0.0545	0.6218	0.09586	0.22784
V636	0.14101	0.18643	0.49265	0.17992
V637	0.2388	0.24333	0.15877	0.3591
V638	0.27598	0.28595	0.14686	0.2912
V639	0.21668	0.40574	0.29522	0.08236
V640	0.0832	0.22036	0.56862	0.12782
V641	0.63456	0.10767	0.12138	0.13639
V642	0.53848	0.22091	0.09497	0.14563
V643	0.06264	0.2451	0.37306	0.3192
V644	0.65446	0.13769	0.10383	0.10402
V645	0.21106	0.39196	0.29516	0.10181
V646	0.0375	0.7806	0.09786	0.08404
V647	0.15537	0.17263	0.53818	0.13382
V648	0.29453	0.40754	0.18912	0.10881
V649	0.07996	0.15458	0.63021	0.13526
V650	0.09908	0.17474	0.58505	0.14113
V651	0.26237	0.10023	0.53927	0.09813
V652	0.11941	0.17545	0.36895	0.33619
V653	0.11911	0.55707	0.15952	0.1643
V654	0.48608	0.24191	0.14114	0.13088
V655	0.06706	0.49439	0.10745	0.3311
V656	0.17997	0.29223	0.10603	0.42178
V657	0.08596	0.14452	0.11003	0.65949
V658	0.4192	0.25095	0.14131	0.18854
V659	0.25882	0.16949	0.33045	0.24124
V660	0.04948	0.76105	0.09285	0.09662
V661	0.08631	0.39313	0.13387	0.38669
V662	0.31595	0.1077	0.40671	0.16964
V663	0.20904	0.16065	0.45572	0.17459
V664	0.18987	0.15519	0.52675	0.1282
V665	0.47974	0.23309	0.12873	0.15844
V666	0.42378	0.07814	0.1754	0.32268
V667	0.55278	0.13892	0.21761	0.09069
V668	0.1133	0.65779	0.15092	0.07799
V669	0.18837	0.39357	0.2565	0.16156
V670	0.08397	0.72744	0.09236	0.09623
V671	0.26916	0.30858	0.26469	0.15757
V672	0.07599	0.12424	0.68119	0.11858
V673	0.19089	0.36374	0.24391	0.20147
V674	0.50186	0.20175	0.1134	0.18299
V675	0.13994	0.33754	0.29401	0.22851
V676	0.08296	0.18237	0.16968	0.565
V677	0.27672	0.38525	0.16374	0.17428
V678	0.3675	0.44076	0.10304	0.0887
V679	0.0847	0.32917	0.4895	0.09663
V680	0.23203	0.48215	0.18735	0.09848
V681	0.64281	0.12936	0.10937	0.11847
V682	0.12622	0.31807	0.43839	0.11732
V683	0.03744	0.77992	0.10437	0.07827
V684	0.48965	0.21431	0.16396	0.13208
V685	0.34812	0.34728	0.1813	0.1233
V686	0.1189	0.23513	0.19408	0.45189
V687	0.08872	0.10549	0.11734	0.68845
V688	0.27111	0.45969	0.09189	0.17731
V689	0.22373	0.08705	0.13554	0.55367
V690	0.35213	0.1273	0.37903	0.14153
V691	0.16615	0.10446	0.63169	0.09769
V692	0.11102	0.21243	0.53625	0.1403
V693	0.20103	0.18557	0.33069	0.28272
V694	0.07391	0.11947	0.28707	0.51955
V695	0.2152	0.09546	0.20608	0.48325
V696	0.11507	0.15677	0.11286	0.6153
V697	0.08208	0.12981	0.11149	0.67662
V698	0.59064	0.07743	0.10976	0.22217
V699	0.39254	0.3044	0.1461	0.15695
V700	0.20852	0.10866	0.10754	0.57528
V701	0.117	0.46373	0.16706	0.25221
V702	0.38781	0.15093	0.1081	0.35315
V703	0.15011	0.14527	0.40205	0.30258
V704	0.58305	0.11351	0.12214	0.18129
V705	0.69702	0.07085	0.11285	0.11928
V706	0.11469	0.14331	0.58528	0.15671
V707	0.07362	0.40684	0.40297	0.11658
V708	0.05729	0.69872	0.10643	0.13757
V709	0.14274	0.29665	0.41742	0.14319
V710	0.41923	0.25081	0.1344	0.19556
V711	0.09351	0.64511	0.15665	0.10473
V712	0.58254	0.12104	0.10269	0.19373
V713	0.30805	0.31451	0.12081	0.25662
V714	0.04628	0.55982	0.10501	0.28889
V715	0.23455	0.34202	0.28799	0.13544
V716	0.09161	0.12431	0.13279	0.65128
V717	0.08386	0.73324	0.09204	0.09087
V718	0.13812	0.48788	0.2085	0.1655
V719	0.07616	0.58387	0.11655	0.22342
V720	0.50885	0.07844	0.26234	0.15038
V721	0.13716	0.22798	0.3885	0.24636
V722	0.11031	0.33767	0.1059	0.44612
V723	0.13528	0.15554	0.1067	0.60248
V724	0.41676	0.10484	0.1626	0.31581
V725	0.06128	0.17706	0.6445	0.11716
V726	0.07371	0.36812	0.17574	0.38242
V727	0.20808	0.55105	0.1562	0.08468
V728	0.05303	0.70582	0.15586	0.08529
V729	0.31041	0.09818	0.21242	0.379
V730	0.64445	0.10118	0.13554	0.11884
V731	0.07504	0.25024	0.34135	0.33337
V732	0.27219	0.16153	0.32506	0.24121
V733	0.44713	0.23448	0.12244	0.19595
V734	0.20072	0.32328	0.38697	0.08903
V735	0.07757	0.12281	0.40219	0.39743
V736	0.15799	0.09716	0.11084	0.63402
V737	0.2496	0.30995	0.25106	0.18939
V738	0.10554	0.34103	0.37163	0.18181
V739	0.06542	0.11104	0.48021	0.34332
V740	0.59518	0.14972	0.15171	0.10338
V741	0.34723	0.17439	0.18359	0.2948
V742	0.29268	0.52314	0.10411	0.08008
V743	0.1465	0.2111	0.53441	0.10799
V744	0.38242	0.12288	0.32015	0.17455
V745	0.04916	0.57613	0.20944	0.16526
V746	0.72423	0.07031	0.10491	0.10055
V747	0.10413	0.10282	0.54943	0.24363
V748	0.14037	0.18471	0.46099	0.21394
V749	0.22649	0.22606	0.13624	0.4112
V750	0.29319	0.42466	0.10976	0.1724
V751	0.06466	0.69333	0.11921	0.12281
V752	0.32614	0.26605	0.18895	0.21886
V753	0.08452	0.10523	0.10751	0.70273
V754	0.03893	0.74053	0.09096	0.12958
V755	0.15094	0.24746	0.30893	0.29267
V756	0.08794	0.10551	0.1332	0.67335
V757	0.24953	0.50565	0.13911	0.10572
V758	0.06788	0.62005	0.17348	0.13859
V759	0.14461	0.15062	0.34896	0.35581
V760	0.24024	0.14436	0.27822	0.33719
V761	0.08831	0.49996	0.26484	0.14688
V762	0.05391	0.36611	0.10588	0.47409
V763	0.27846	0.35162	0.11537	0.25455
V764	0.03938	0.73431	0.09688	0.12943
V765	0.47102	0.15548	0.09489	0.27861
V766	0.06307	0.33599	0.36628	0.23466
V767	0.34766	0.19423	0.25907	0.19903
V768	0.06973	0.72498	0.1084	0.09689
V769	0.12838	0.67068	0.11229	0.08865
V770	0.0375	0.7806	0.09786	0.08404
V771	0.17142	0.11241	0.61262	0.10355
V772	0.15103	0.13529	0.61744	0.09624
V773	0.13999	0.67385	0.09747	0.08869
V774	0.07697	0.11204	0.69214	0.11884
V775	0.14017	0.1326	0.27757	0.44966
V776	0.30249	0.39675	0.13303	0.16773
V777	0.16902	0.18701	0.18984	0.45412
V778	0.3743	0.29855	0.14634	0.18081
V779	0.17137	0.13482	0.41043	0.28338
V780	0.10954	0.6325	0.17929	0.07868
V781	0.09956	0.11666	0.12184	0.66195
V782	0.06374	0.20079	0.59474	0.14073
V783	0.55644	0.09546	0.14006	0.20804
V784	0.10392	0.71083	0.10179	0.08346
V785	0.05664	0.74302	0.10341	0.09693
V786	0.50193	0.21272	0.15884	0.12651
V787	0.03513	0.68164	0.19741	0.08581
V788	0.358	0.31648	0.20242	0.12309
V789	0.09741	0.35495	0.1151	0.43255
V790	0.33692	0.10962	0.1573	0.39616
V791	0.13812	0.36775	0.30067	0.19346
V792	0.12934	0.46937	0.09684	0.30445
V793	0.11857	0.5489	0.11631	0.21621
V794	0.09316	0.16802	0.59067	0.14816
V795	0.136	0.12776	0.14182	0.59442
V796	0.07969	0.16913	0.64097	0.1102
V797	0.55364	0.08011	0.26103	0.10522
V798	0.43436	0.31172	0.15143	0.10249
V799	0.12267	0.62867	0.11086	0.1378
V800	0.10961	0.12433	0.42169	0.34437
V801	0.14853	0.19455	0.30205	0.35486
V802	0.08886	0.16523	0.27068	0.47524
V803	0.1846	0.46624	0.26866	0.08049
V804	0.38897	0.10374	0.35882	0.14847
V805	0.07196	0.11356	0.72245	0.09203
V806	0.06379	0.72371	0.1028	0.10969
V807	0.2138	0.20934	0.12611	0.45076
V808	0.46095	0.29221	0.12862	0.11822
V809	0.09016	0.13145	0.68757	0.09082
V810	0.03723	0.78567	0.09323	0.08387
V811	0.31266	0.15572	0.23539	0.29624
V812	0.38132	0.28872	0.13466	0.19529
V813	0.41893	0.24243	0.22475	0.11388
V814	0.3115	0.4741	0.12763	0.08678
V815	0.03213	0.73798	0.14511	0.08478
V816	0.68463	0.07102	0.15035	0.094
V817	0.08074	0.16168	0.65365	0.10393
V818	0.07562	0.13072	0.12843	0.66523
V819	0.58339	0.1496	0.13825	0.12876
V820	0.1458	0.16864	0.1178	0.56775
V821	0.18593	0.32966	0.3423	0.14211
V822	0.10934	0.12228	0.65689	0.11149
V823	0.07582	0.24934	0.5149	0.15994
V824	0.11026	0.37039	0.43618	0.08317
V825	0.18785	0.31229	0.25572	0.24414
V826	0.30972	0.39227	0.20378	0.09423
V827	0.27424	0.5166	0.10341	0.10576
V828	0.19172	0.22347	0.17152	0.41329
V829	0.08438	0.27298	0.12486	0.51778
V830	0.18919	0.26328	0.1174	0.43014
V831	0.53942	0.15693	0.12458	0.17908
V832	0.20976	0.38325	0.20611	0.20088
V833	0.13914	0.45089	0.21051	0.19947
V834	0.23785	0.15348	0.15513	0.45354
V835	0.26273	0.41576	0.17396	0.14754
V836	0.04589	0.56462	0.09513	0.29436
V837	0.18319	0.36973	0.21812	0.22896
V838	0.67069	0.10608	0.12441	0.09882
V839	0.22884	0.52167	0.16348	0.08601
V840	0.22356	0.60081	0.09693	0.0787
V841	0.0624	0.14022	0.66158	0.1358
V842	0.26872	0.22759	0.26457	0.23911
V843	0.07435	0.12305	0.65226	0.15034
V844	0.13427	0.17332	0.33691	0.3555
V845	0.10417	0.19003	0.56504	0.14076
V846	0.06423	0.11362	0.58042	0.24172
V847	0.07991	0.1002	0.11285	0.70703
V848	0.10365	0.45247	0.20503	0.23885
V849	0.03089	0.76211	0.09794	0.10906
V850	0.70936	0.07101	0.11318	0.10645
V851	0.25212	0.47307	0.19388	0.08093
V852	0.13407	0.13658	0.1882	0.54115
V853	0.203	0.26959	0.34997	0.17744
V854	0.41514	0.22477	0.17	0.19009
V855	0.07991	0.1002	0.11285	0.70703
V856	0.08014	0.35454	0.31588	0.24944
V857	0.46868	0.22626	0.1225	0.18256
V858	0.41583	0.0953	0.39165	0.09722
V859	0.45639	0.26844	0.11214	0.16303
V860	0.17522	0.18296	0.1386	0.50322
V861	0.11108	0.35649	0.43726	0.09517
V862	0.1488	0.17355	0.5499	0.12776
V863	0.18633	0.13695	0.10229	0.57443
V864	0.111	0.12252	0.13742	0.62906
V865	0.14233	0.10281	0.27187	0.48298
V866	0.52631	0.09627	0.27288	0.10454
V867	0.52595	0.1037	0.27295	0.0974
V868	0.35972	0.30247	0.18701	0.1508
V869	0.04333	0.77533	0.09772	0.08362
V870	0.11947	0.33789	0.11034	0.43229
V871	0.03089	0.76211	0.09794	0.10906
V872	0.07607	0.11233	0.26008	0.55151
V873	0.63201	0.10124	0.14191	0.12485
V874	0.16168	0.64819	0.11199	0.07814
V875	0.07085	0.24472	0.22613	0.4583
V876	0.1527	0.33853	0.35303	0.15574
V877	0.07902	0.38417	0.28111	0.2557
V878	0.12179	0.66191	0.13836	0.07794
V879	0.15872	0.5733	0.12329	0.14468
V880	0.23058	0.4839	0.0958	0.18972
V881	0.15768	0.13817	0.47536	0.22879
V882	0.57364	0.07249	0.19665	0.15721
V883	0.23239	0.24764	0.43296	0.087
V884	0.07103	0.2919	0.09755	0.53952
V885	0.50399	0.24966	0.15823	0.08811
V886	0.06052	0.36494	0.38659	0.18795
V887	0.44766	0.14364	0.20924	0.19946
V888	0.12834	0.14049	0.56833	0.16284
V889	0.65818	0.11325	0.11737	0.1112
V890	0.0835	0.21806	0.47898	0.21945
V891	0.44955	0.12922	0.29288	0.12835
V892	0.22504	0.23072	0.10784	0.4364
V893	0.4051	0.25543	0.20275	0.13672
V894	0.09655	0.32837	0.45712	0.11796
V895	0.42089	0.14524	0.23436	0.19951
V896	0.05625	0.74897	0.09796	0.09682
V897	0.4812	0.28031	0.1024	0.13609
V898	0.34983	0.08008	0.10421	0.46588
V899	0.07659	0.24174	0.19035	0.49132
V900	0.10542	0.31649	0.32115	0.25694
V901	0.05927	0.67106	0.09515	0.17452
V902	0.06412	0.72394	0.12825	0.08369
V903	0.05178	0.40232	0.42371	0.1222
V904	0.04307	0.78014	0.09343	0.08336
V905	0.1635	0.09104	0.21814	0.52732
V906	0.29751	0.16819	0.17184	0.36246
V907	0.30451	0.46084	0.10974	0.12491
V908	0.07935	0.13214	0.14769	0.64082
V909	0.12064	0.65268	0.08952	0.13716
V910	0.16943	0.09152	0.18335	0.5557
V911	0.35984	0.3783	0.12057	0.1413
V912	0.2809	0.33579	0.18041	0.20291
V913	0.14064	0.09218	0.11157	0.65561
V914	0.16022	0.44555	0.28111	0.11311
V915	0.20432	0.0882	0.10777	0.59971
V916	0.21794	0.14632	0.50754	0.12819
V917	0.50453	0.10791	0.21792	0.16964
V918	0.07265	0.53482	0.23986	0.15267
V919	0.17637	0.27518	0.28353	0.26492
V920	0.42627	0.24575	0.16365	0.16433
V921	0.08276	0.21524	0.12238	0.57962
V922	0.11233	0.42645	0.34032	0.1209
V923	0.11883	0.10928	0.13276	0.63913
V924	0.06442	0.56124	0.26775	0.10659
V925	0.17391	0.11852	0.11294	0.59463
V926	0.18837	0.11073	0.12463	0.57627
V927	0.08593	0.12407	0.13794	0.65206
V928	0.06248	0.71103	0.09637	0.13012
V929	0.07784	0.5391	0.17826	0.20479
V930	0.35339	0.36412	0.12105	0.16143
V931	0.14254	0.30391	0.41062	0.14294
V932	0.08498	0.19438	0.47299	0.24764
V933	0.41992	0.37983	0.10597	0.09429
V934	0.06635	0.21699	0.27022	0.44644
V935	0.39443	0.2206	0.23921	0.14576
V936	0.36622	0.29517	0.11084	0.22776
V937	0.38156	0.19443	0.15875	0.26526
V938	0.2877	0.13431	0.30178	0.27621
V939	0.53224	0.0965	0.15621	0.21505
V940	0.05427	0.64165	0.19294	0.11114
V941	0.06682	0.11353	0.72171	0.09793
V942	0.51286	0.23441	0.14731	0.10542
V943	0.29699	0.19973	0.37071	0.13257
V944	0.06958	0.28879	0.14258	0.49905
V945	0.38763	0.35254	0.10475	0.15509
V946	0.32413	0.29206	0.26496	0.11885
V947	0.11982	0.141	0.24577	0.49341
V948	0.2749	0.12098	0.49504	0.10907
V949	0.0641	0.18621	0.2279	0.52179
V950	0.08132	0.4698	0.22995	0.21893
V951	0.5968	0.09077	0.2135	0.09893
V952	0.10586	0.20128	0.26441	0.42846
V953	0.07395	0.14729	0.66077	0.11799
V954	0.08307	0.23541	0.1898	0.49172
V955	0.11936	0.51113	0.11251	0.257
V956	0.08946	0.12337	0.42239	0.36478
V957	0.26673	0.09814	0.10077	0.53435
V958	0.08494	0.09971	0.1084	0.70695
V959	0.1951	0.29279	0.3683	0.14381
V960	0.19265	0.29575	0.15342	0.35818
V961	0.13672	0.3746	0.31469	0.17399
V962	0.27415	0.2305	0.34969	0.14566
V963	0.41371	0.22563	0.20866	0.15201
V964	0.59526	0.10365	0.17595	0.12515
V965	0.08221	0.44755	0.21655	0.25368
V966	0.70221	0.08373	0.10784	0.10622
V967	0.1018	0.13853	0.42873	0.33094
V968	0.05659	0.22098	0.58167	0.14076
V969	0.06362	0.30173	0.12506	0.50959
V970	0.08489	0.19927	0.36086	0.35497
V971	0.36185	0.16547	0.31831	0.15438
V972	0.35608	0.2454	0.13415	0.26437
V973	0.20921	0.39319	0.15034	0.24727
V974	0.04112	0.63485	0.17946	0.14456
V975	0.12046	0.31283	0.47617	0.09054
V976	0.31107	0.28136	0.17659	0.23098
V977	0.24687	0.35616	0.30826	0.08871
V978	0.10653	0.16575	0.14607	0.58165
V979	0.57733	0.09405	0.22962	0.09899
V980	0.72423	0.07031	0.10491	0.10055
V981	0.26799	0.12383	0.3792	0.22899
V982	0.30894	0.38282	0.15234	0.1559
V983	0.49379	0.13244	0.10115	0.27262
V984	0.04655	0.6752	0.16725	0.111
V985	0.10718	0.23459	0.10379	0.55444
V986	0.24011	0.46517	0.12942	0.16529
V987	0.18955	0.62237	0.09062	0.09746
V988	0.19581	0.10301	0.11298	0.58821
V989	0.31487	0.43311	0.15183	0.10019
V990	0.06029	0.1464	0.59835	0.19495
V991	0.4544	0.35485	0.09499	0.09576
V992	0.1929	0.10193	0.43357	0.27159
V993	0.08238	0.59631	0.20361	0.1177
V994	0.15568	0.64258	0.11236	0.08939
V995	0.51155	0.17325	0.12446	0.19074
V996	0.22188	0.18715	0.10844	0.48253
V997	0.07558	0.11569	0.62645	0.18227
V998	0.62294	0.08634	0.15422	0.1365
V999	0.11055	0.71414	0.09197	0.08334
V1000	0.25404	0.10457	0.10194	0.53945
