CD14.pos.CD16.neg.classical.monocyte	mature.neutrophil	memory.B.cell	cytotoxic.CD56.dim.NK.cell	memory.CD4.pos.AB.T.cell	macrophage
V1	0.12954	0	0.73741	0	0.13194	0.00111
V2	0.46163	0.13114	0.02181	0.09045	0.22457	0.0704
V3	0.26096	0.07989	0.19983	0	0.1199	0.33941
V4	0.25959	0.38479	0	0.08955	0.20394	0.06213
V5	0.07503	0.03235	0	0.51302	0.3796	0
V6	0.2573	0.04284	0.16169	0.00907	0.27461	0.25449
V7	0.11779	0.3447	0	0.00124	0.53627	0
V8	0.54155	0.0752	0.03678	0.10483	0.12955	0.11209
V9	0.29761	0.15781	0	0.23072	0.15567	0.15819
V10	0.38912	0.04312	0.04899	0.2812	0.17444	0.06312
V11	0.18723	0.66232	0	0.04551	0.10494	0
V12	0.28453	0.06398	0.06166	0.01002	0.11245	0.46735
V13	0.16283	0.43801	0.25736	0.00599	0.1358	0
V14	0.129	0.00179	0	0.7306	0.1386	0
V15	0.40043	0.09329	0.00557	0.09876	0.31655	0.08541
V16	0.12568	0.01598	0	0.3301	0.46354	0.06469
V17	0.26524	0.06812	0.14703	0	0.11001	0.40959
V18	0.55782	0.15604	0.04322	0.03218	0.1191	0.09164
V19	0.44964	0.07497	0.18366	0	0.21389	0.07783
V20	0.4839	0.08525	0.09708	0.09527	0.135	0.1035
V21	0.28706	0.07814	0.02299	0.01293	0.14688	0.45201
V22	0.1968	0.07097	0	0.0267	0.67123	0.0343
V23	0.10002	0.01114	0.29185	0	0.59699	0
V24	0.17122	0.03112	0	0.06371	0.70188	0.03206
V25	0.39358	0.25793	0.00078	0.12824	0.16296	0.0565
V26	0.25227	0.04028	0	0	0.68176	0.02569
V27	0.24647	0.04525	0.17642	0	0.12198	0.40987
V28	0.1896	0.22431	0.1281	0.18795	0.16554	0.1045
V29	0.1792	0.50625	0.06658	0.07898	0.10952	0.05947
V30	0.25149	0.19742	0.09541	0	0.32124	0.13444
V31	0.4951	0.05343	0.19359	0.01085	0.13225	0.11478
V32	0.10263	0.00296	0.29959	0.43058	0.16105	0.0032
V33	0.26206	0.34718	0.20391	0.01553	0.12719	0.04413
V34	0.05355	0	0.44868	0	0.49776	0
V35	0.10395	0.04074	0.13707	0.44023	0.27801	0
V36	0.17417	0.41475	0.08704	0.00638	0.30733	0.01034
V37	0.10891	0	0.68886	0	0.13062	0.07161
V38	0.26508	0.04165	0.14211	0	0.10602	0.44514
V39	0.45813	0.06434	0.01447	0.24457	0.13881	0.07969
V40	0.16715	0.42551	0	0.14427	0.22214	0.04093
V41	0.53101	0.06191	0.05759	0.01338	0.13029	0.20582
V42	0.23937	0.02633	0.4829	0	0.16756	0.08384
V43	0.24022	0.35172	0	0.03317	0.32411	0.05078
V44	0.19607	0.67212	0	0.04297	0.08884	0
V45	0.37417	0.28784	0.0489	0.03294	0.13354	0.12261
V46	0.14961	0.02538	0	0.21691	0.45837	0.14973
V47	0.15625	0.35663	0	0.1261	0.3331	0.02791
V48	0.14691	0.50333	0.15191	0.00182	0.19603	0
V49	0.17885	0.63391	0	0.03363	0.1536	0
V50	0.0728	0.00334	0.2317	0	0.66783	0.02433
V51	0.03466	0.00875	0	0	0.95659	0
V52	0.15038	0.4545	0.21276	0.0249	0.15746	0
V53	0.16175	0.0203	0.06667	0	0.74766	0.00362
V54	0.13181	0.10449	0.50303	0	0.21964	0.04103
V55	0.0535	0.04073	0.07752	0	0.82826	0
V56	0.07002	0.01775	0.69033	0.01396	0.20794	0
V57	0.23638	0.31629	0.02988	0.00668	0.23659	0.17418
V58	0.07639	0	0.7746	0	0.1355	0.01351
V59	0.10261	0	0	0.74236	0.15503	0
V60	0.41183	0.02456	0.00428	0.35442	0.15174	0.05316
V61	0.32394	0.1341	0.00749	0.14751	0.18214	0.20482
V62	0.40701	0.06228	0.08196	0.09687	0.22121	0.13067
V63	0.20612	0.43354	0	0.09383	0.1137	0.15281
V64	0.05006	0.10117	0	0	0.84878	0
V65	0.43307	0.14664	0.04924	0.02607	0.16328	0.18171
V66	0.37677	0.05744	0.12361	0	0.38444	0.05773
V67	0.15633	0.1312	0.26855	0.17989	0.15044	0.11359
V68	0.60465	0.06805	0.05111	0.05042	0.12041	0.10536
V69	0.46183	0.07555	0.03265	0.01447	0.14246	0.27303
V70	0.10805	0	0.17066	0.49169	0.22959	0
V71	0.14701	0.23244	0.00287	0.07759	0.45472	0.08537
V72	0.44788	0.13831	0.0877	0.02123	0.18242	0.12245
V73	0.12134	0	0.03665	0.65421	0.1878	0
V74	0.09543	0.11552	0	0.65454	0.13451	0
V75	0.16681	0.66517	0	0.05759	0.11043	0
V76	0.06513	0	0.6344	0	0.30047	0
V77	0.17946	0.11744	0.05961	0.45842	0.15217	0.0329
V78	0.41297	0.13033	0.06313	0.11408	0.1403	0.13919
V79	0.22794	0.45778	0.00103	0.02806	0.09735	0.18784
V80	0.21897	0.47471	0	0.03523	0.10877	0.16232
V81	0.51594	0.12857	0.09931	0.0184	0.14038	0.0974
V82	0.16535	0.59833	0	0.06312	0.1732	0
V83	0.19701	0.13595	0	0.3384	0.27876	0.04988
V84	0.31544	0.02312	0.0703	0.35635	0.18256	0.05222
V85	0.57593	0.06606	0.11577	0.01773	0.12411	0.1004
V86	0.27305	0.04874	0.11423	0.24431	0.15533	0.16435
V87	0.08795	0	0	0.77181	0.14024	0
V88	0.1815	0.03399	0	0.44396	0.18802	0.15254
V89	0.17223	0.14753	0.39478	0	0.12036	0.1651
V90	0.18159	0.51887	0.09163	0.0204	0.1757	0.01181
V91	0.09004	0.02119	0.01155	0.04646	0.83077	0
V92	0.05638	0.06782	0	0	0.87579	0
V93	0.2502	0.0852	0.00371	0.072	0.3749	0.21399
V94	0.07863	0	0.20695	0.55148	0.16295	0
V95	0.05823	0.00745	0.27332	0.03414	0.62687	0
V96	0.1665	0.31302	0	0.03631	0.397	0.08716
V97	0.0437	0.01817	0	0.00328	0.93484	0
V98	0.10308	0.05175	0	0.62544	0.21973	0
V99	0.0753	0	0	0.7885	0.1362	0
V100	0.08985	0	0.42507	0.16942	0.3046	0.01106
V101	0.12243	0.28431	0.38579	0.05374	0.153	0.00071
V102	0.56301	0.07156	0.13029	0.01329	0.12449	0.09736
V103	0.48067	0.06858	0.03031	0.14758	0.18025	0.09262
V104	0.10218	0	0.16737	0.55101	0.17944	0
V105	0.27914	0.04818	0.09069	0	0.10311	0.47888
V106	0.13891	0.00439	0.55012	0	0.12814	0.17844
V107	0.18638	0.49668	0.19148	0.00273	0.12273	0
V108	0.22354	0.06894	0.03706	0	0.31844	0.35202
V109	0.23631	0.05411	0.01541	0	0.29401	0.40015
V110	0.11659	0.12451	0.61564	0	0.13255	0.01071
V111	0.0583	0	0.78463	0	0.15707	0
V112	0.12952	0.25939	0	0.48869	0.1224	0
V113	0.08853	0.06888	0.56604	0	0.27654	0
V114	0.16931	0	0.5994	0.05517	0.16567	0.01045
V115	0.3777	0.10033	0.03211	0.02864	0.24905	0.21218
V116	0.5958	0.06653	0.04738	0.06652	0.12035	0.10342
V117	0.4091	0.05142	0.01067	0.07442	0.39188	0.06251
V118	0.16577	0.52972	0.07029	0.04411	0.18337	0.00674
V119	0.18321	0.63759	0	0.07274	0.09909	0.00738
V120	0.17122	0.17039	0.06066	0.34882	0.2364	0.01251
V121	0.33478	0.04314	0.00391	0.24832	0.12244	0.24741
V122	0.28046	0.02764	0	0.49668	0.18094	0.01428
V123	0.34687	0.05704	0.01277	0.04213	0.25762	0.28356
V124	0.05536	0	0.25074	0	0.6939	0
V125	0.11352	0.12119	0.57966	0	0.15375	0.03188
V126	0.25191	0.24536	0.05292	0.0146	0.11505	0.32015
V127	0.09546	0	0.72421	0	0.18033	0
V128	0.30558	0.22494	0.0886	0.13876	0.19885	0.04327
V129	0.07301	0	0.75485	0	0.17213	0
V130	0.40595	0.13504	0.00694	0.22695	0.16313	0.06199
V131	0.10046	0.01796	0	0	0.81216	0.06943
V132	0.1331	0.36168	0.33333	0	0.1719	0
V133	0.12943	0.15692	0.49092	0.01828	0.20445	0
V134	0.24115	0.50992	0	0.03377	0.18712	0.02803
V135	0.11938	0.00226	0.64372	0	0.17638	0.05826
V136	0.20778	0.55402	0.04534	0.03831	0.14728	0.00728
V137	0.09927	0.12947	0.47142	0	0.29984	0
V138	0.2088	0.01557	0	0.34222	0.21965	0.21376
V139	0.13802	0.06488	0.12512	0	0.51211	0.15987
V140	0.443	0.21828	0.0529	0.0801	0.12918	0.07654
V141	0.25951	0.22384	0.097	0.21799	0.16896	0.03269
V142	0.22819	0.55512	0	0.08179	0.10082	0.03409
V143	0.1247	0.04964	0.55666	0	0.25485	0.01415
V144	0.25716	0.17634	0.01339	0.11603	0.11695	0.32012
V145	0.08238	0	0	0.78829	0.12933	0
V146	0.1436	0.02752	0.04724	0	0.73893	0.0427
V147	0.39661	0.10316	0.12505	0.04379	0.12209	0.2093
V148	0.09318	0.13347	0.64949	0	0.12386	0
V149	0.22684	0.41444	0	0.04746	0.09358	0.21769
V150	0.07177	0	0	0.77651	0.15172	0
V151	0.24044	0.35437	0	0.02793	0.12263	0.25463
V152	0.14073	0.19545	0.36848	0	0.26484	0.03051
V153	0.07697	0.01845	0.56053	0.14859	0.19546	0
V154	0.38868	0.21752	0.0226	0.01842	0.10945	0.24334
V155	0.14106	0.30258	0.05451	0	0.47828	0.02357
V156	0.10983	0.39392	0	0	0.49624	0
V157	0.21209	0.11673	0.02505	0.23671	0.13819	0.27123
V158	0.08098	0.03097	0.76011	0	0.12794	0
V159	0.19467	0.19734	0.27872	0.11978	0.18468	0.02482
V160	0.07837	0	0.76639	0	0.12671	0.02854
V161	0.12768	0.39462	0	0.27933	0.19838	0
V162	0.14853	0.43654	0	0.11178	0.30139	0.00175
V163	0.06345	0	0.80608	0	0.13048	0
V164	0.12173	0.27831	0.30891	0.06543	0.22563	0
V165	0.09417	0.0333	0.00564	0	0.81772	0.04915
V166	0.14797	0.03259	0	0.09947	0.54949	0.17048
V167	0.07875	0	0.35658	0.37438	0.19029	0
V168	0.48888	0.05869	0.02018	0.21794	0.1313	0.083
V169	0.09385	0	0.62752	0.10061	0.17793	9e-05
V170	0.35774	0.04903	0.08996	0.24124	0.21062	0.0514
V171	0.25205	0.39496	0.00594	0.02379	0.11599	0.20727
V172	0.14885	0.06122	0.47394	0.09444	0.16446	0.05709
V173	0.09395	0.00597	0.69519	0	0.14351	0.06139
V174	0.44868	0.13545	0.02473	0.01444	0.30711	0.0696
V175	0.18876	0.52045	0.09296	0.02763	0.1702	0
V176	0.04907	0	0.80201	0	0.14892	0
V177	0.19036	0.08575	0.28604	0	0.29702	0.14083
V178	0.06868	0.04535	0	0	0.88597	0
V179	0.12986	0	0	0.5425	0.25057	0.07707
V180	0.26539	0.02028	0.16201	0.31411	0.14643	0.09178
V181	0.40139	0.13457	0.07226	0.06145	0.19239	0.13794
V182	0.09393	0.06571	0.68061	0	0.15424	0.00552
V183	0.08034	0	0	0.79925	0.12041	0
V184	0.33702	0.34157	0.00397	0.04194	0.23052	0.04498
V185	0.21076	0.42933	0.00508	0.02337	0.23873	0.09273
V186	0.06397	0	0.54117	0.21436	0.18051	0
V187	0.28687	0.4032	0	0.03796	0.24504	0.02692
V188	0.23834	0.47904	0	0.05405	0.09596	0.13261
V189	0.09895	0.07164	0.14443	0	0.61916	0.06582
V190	0.11877	0.17163	0	0	0.62468	0.08493
V191	0.21482	0.47929	0	0.03514	0.10605	0.16471
V192	0.40353	0.21329	0.0948	0.0298	0.18321	0.07537
V193	0.27687	0.14573	0.02208	0.01927	0.11106	0.425
V194	0.07035	0.02699	0	0.0537	0.84896	0
V195	0.06853	0	0.6469	0	0.28457	0
V196	0.07381	0	0	0.75266	0.17352	0
V197	0.19293	0.02412	0.00746	0	0.75463	0.02085
V198	0.19002	0.32643	0.00986	0.12525	0.33574	0.01271
V199	0.10915	0.19618	0.06921	0.05847	0.56698	0
V200	0.13352	0.00393	0.5071	0.13307	0.17031	0.05206
V201	0.09018	0	0	0.79148	0.11833	0
V202	0.15419	0.06514	0.37504	0	0.27527	0.13035
V203	0.43169	0.06122	0.00804	0.30023	0.13662	0.0622
V204	0.26549	0.07489	0.04328	0.1493	0.12265	0.34439
V205	0.06459	0	0.79352	0	0.14189	0
V206	0.09702	0.02292	0.04981	0.64111	0.18914	0
V207	0.33568	0.17378	0.03102	0.21356	0.15465	0.09131
V208	0.31085	0.09353	0.35121	0.00645	0.19547	0.0425
V209	0.29924	0.40428	0	0.06128	0.10535	0.12985
V210	0.13207	0.00678	0.73057	0	0.12892	0.00165
V211	0.39084	0.07219	0.11292	0	0.27814	0.14591
V212	0.12648	0.21468	0.15223	0.3013	0.20531	0
V213	0.09125	0.06677	0.22759	0	0.61439	0
V214	0.54914	0.0793	0.05668	0.06129	0.15586	0.09773
V215	0.21637	0.51289	0	0.05823	0.09154	0.12097
V216	0.20173	0.39265	0.24981	0.00076	0.14624	0.00881
V217	0.25171	0.03595	0.04073	0.05688	0.38904	0.22569
V218	0.14533	0.26214	0	0.4578	0.13472	0
V219	0.5566	0.0669	0.05892	0.01629	0.13012	0.17117
V220	0.15525	0	0	0.71144	0.13331	0
V221	0.21434	0.57048	0.00354	0.09578	0.11401	0.00185
V222	0.15428	0.24212	0.00826	0.11721	0.46242	0.01571
V223	0.1903	0.25852	0.22959	0	0.14453	0.17706
V224	0.04977	0	0.35505	0	0.59517	0
V225	0.31839	0.06068	0.04001	0.01308	0.10286	0.46498
V226	0.25425	0.05626	0.17955	0.20985	0.25415	0.04594
V227	0.45945	0.04902	0.0192	0.2038	0.13708	0.13144
V228	0.1824	0.19704	0.39838	0.00888	0.17812	0.03518
V229	0.18801	0.01544	0.32335	0.16383	0.2799	0.02948
V230	0.11577	0.1243	0.62546	0	0.12812	0.00634
V231	0.1163	3e-05	0	0.7332	0.15048	0
V232	0.35622	0.04715	0	0.25432	0.13619	0.20612
V233	0.55776	0.07078	0.05785	0.06832	0.13822	0.10707
V234	0.3512	0.04551	0.00387	0	0.54094	0.05848
V235	0.13939	0	0	0.70779	0.15282	0
V236	0.12517	0.01524	0.16241	0	0.59094	0.10625
V237	0.07024	0	0.73546	0.00034	0.19396	0
V238	0.45309	0.05472	0.06569	0.08282	0.15386	0.18982
V239	0.38768	0.06204	0.11115	0.10637	0.24946	0.0833
V240	0.08598	0.20927	0	0.07387	0.63087	0
V241	0.41594	0.16939	0.01087	0.16737	0.16884	0.06758
V242	0.30232	0.0783	0.04127	0.15163	0.20506	0.22142
V243	0.12984	0.30466	0.38466	0.0056	0.17525	0
V244	0.18345	0.04717	0	0	0.61673	0.15265
V245	0.52569	0.05997	0.04905	0.01432	0.13757	0.2134
V246	0.08851	0.0356	0.17918	0.28288	0.41383	0
V247	0.31777	0.10288	0.01036	0.16769	0.14083	0.26046
V248	0.23426	0.0515	0	0.16984	0.50133	0.04306
V249	0.24406	0.15053	0.33131	0.04456	0.13966	0.08989
V250	0.08643	0	0	0.79123	0.12235	0
V251	0.15897	0.45052	0.09997	0.1593	0.13124	0
V252	0.08537	0	0	0.72908	0.18555	0
V253	0.17474	0.06483	0	0.33528	0.24843	0.17673
V254	0.13749	0.22568	0.04006	0.14693	0.42479	0.02506
V255	0.32361	0.26822	0.06287	0.06574	0.18039	0.09916
V256	0.17784	0.66949	0	0.04641	0.10626	0
V257	0.15196	0.34644	0.00458	0.0179	0.44735	0.03178
V258	0.13526	0.18824	0.08474	0.44776	0.14399	0
V259	0.14492	0.44434	0.27202	0.00519	0.12838	0.00515
V260	0.15044	0.05619	0	0	0.72081	0.07256
V261	0.3783	0.06499	0.04701	0.02811	0.32915	0.15244
V262	0.10908	0	0.69772	0	0.1932	0
V263	0.10159	0.03933	0.56738	0.11757	0.17414	0
V264	0.42699	0.07185	0.11555	0.03307	0.18553	0.16701
V265	0.0632	0.01259	0	0	0.92421	0
V266	0.3125	0.08583	0.03618	0.0152	0.11088	0.43941
V267	0.24427	0.54685	0	0.09913	0.10272	0.00703
V268	0.60089	0.06849	0.04637	0.02779	0.12245	0.13401
V269	0.11364	0.0249	0.06291	0.61979	0.17876	0
V270	0.288	0.40362	0.01204	0.03674	0.22795	0.03165
V271	0.21046	0.13985	0.23315	0	0.13435	0.2822
V272	0.07805	0.01674	0	0.02631	0.84801	0.03089
V273	0.10222	0.01614	0.02358	0.02952	0.80524	0.0233
V274	0.23877	0.04545	0.1651	0.03595	0.1264	0.38833
V275	0.48783	0.20451	0.03089	0.03843	0.12543	0.11291
V276	0.23579	0.2393	0.06691	0.07488	0.15792	0.2252
V277	0.39155	0.07259	0.02887	0.01042	0.24853	0.24804
V278	0.17491	0.11371	0.06792	0.18279	0.44279	0.01789
V279	0.25598	0.07739	0.19481	0.03227	0.13625	0.3033
V280	0.16027	0	0	0.70185	0.13788	0
V281	0.18311	0.6513	0	0.06805	0.09754	0
V282	0.06885	0.04634	0	0.00798	0.87683	0
V283	0.11001	0.37162	0	0	0.51837	0
V284	0.13929	0.08548	0.26371	0.25505	0.19217	0.06429
V285	0.08465	0	0	0.78787	0.12748	0
V286	0.46301	0.07109	0.08871	0.1681	0.13456	0.07453
V287	0.08044	0.02173	0.00355	0.02884	0.84795	0.0175
V288	0.23743	0.25866	0.01076	0.01207	0.22923	0.25185
V289	0.084	0.0667	0.64459	0.01503	0.18968	0
V290	0.0873	0	0.16369	0.57811	0.1709	0
V291	0.10564	0.00631	0	0.7582	0.12985	0
V292	0.1878	0.07592	0	0.48767	0.24861	0
V293	0.05533	0.05273	0	0	0.89194	0
V294	0.38351	0.07504	0.01159	0.01117	0.39333	0.12536
V295	0.32355	0.05276	0.04206	0.00376	0.11222	0.46566
V296	0.16071	0.31242	0.04427	0.23653	0.18713	0.05894
V297	0.28627	0.10673	0.01706	0.01913	0.10942	0.46138
V298	0.16805	0.58986	0.10406	0.03239	0.10563	0
V299	0.16541	0.06816	0.62249	0	0.13617	0.00777
V300	0.50391	0.14321	0.06591	0.02179	0.12012	0.14505
V301	0.38555	0.34812	0.05159	0.0376	0.12732	0.04981
V302	0.13221	0.23488	0.01134	0.43411	0.18746	0
V303	0.1629	0.54874	0.03073	0.03171	0.22592	0
V304	0.05983	0.00945	0	0	0.93073	0
V305	0.14564	0.0127	0.1383	0.34793	0.23827	0.11715
V306	0.38952	0.13295	0.02191	0.0199	0.11081	0.32492
V307	0.17567	0.03199	0	0	0.73805	0.05429
V308	0.06993	0	0	0.80504	0.12502	0
V309	0.14283	0.42878	0	0.32625	0.10214	0
V310	0.19342	0.31589	0.22414	0	0.14108	0.12547
V311	0.42896	0.05847	0.03612	0.02044	0.1132	0.3428
V312	0.15797	0.01973	0	0.28923	0.52123	0.01184
V313	0.34848	0.06073	0.01742	0.05282	0.10713	0.41342
V314	0.25381	0.01151	0	0.58556	0.14543	0.0037
V315	0.23535	0.55247	0	0.03252	0.15027	0.02939
V316	0.31302	0.05381	0.03072	0.07264	0.12898	0.40082
V317	0.15072	0	0	0.60259	0.1691	0.07759
V318	0.09016	0	0	0.77493	0.13491	0
V319	0.30424	0.1701	0.21636	0.11144	0.14378	0.05409
V320	0.24779	0.17217	0.28395	0.07463	0.14737	0.07408
V321	0.14842	0.5058	0	0.24673	0.09905	0
V322	0.10074	0.01572	0.06252	0	0.7484	0.07263
V323	0.11753	0.24473	0	0.31033	0.32741	0
V324	0.15655	0.05364	0.0167	0.16218	0.4955	0.11544
V325	0.21802	0.64298	0	0.04071	0.09826	3e-05
V326	0.24958	0.57982	0	0.03202	0.12572	0.01286
V327	0.11178	0	0.7569	0	0.13132	0
V328	0.20465	0.1791	0.15082	0.09828	0.35241	0.01474
V329	0.06251	0	0.49586	0	0.44162	0
V330	0.05844	0	0.79152	0	0.15004	0
V331	0.47906	0.10513	0.07549	0.08226	0.13245	0.12562
V332	0.1604	0.08171	0.12954	0	0.45887	0.16949
V333	0.09722	0.00562	0.40215	0.24621	0.24376	0.00504
V334	0.12333	0.32641	0.33311	0.076	0.14115	0
V335	0.15404	0.014	0.64644	0	0.12945	0.05607
V336	0.32031	0.47736	0.01636	0.03662	0.11335	0.036
V337	0.12241	0.17205	0.02773	0	0.67781	0
V338	0.48822	0.0575	0.06705	0.0082	0.2735	0.10553
V339	0.16903	0.07957	0.33411	0.17708	0.17557	0.06465
V340	0.44757	0.24881	0.01401	0.0618	0.14214	0.08567
V341	0.25958	0.03988	0.00803	0.48112	0.19217	0.01922
V342	0.15187	0.00824	0	0.56658	0.18356	0.08975
V343	0.26133	0.1678	0.11917	0.02118	0.13243	0.29809
V344	0.16579	0.50135	0	0.03751	0.24341	0.05193
V345	0.04038	0.00774	0	0	0.95188	0
V346	0.17953	0.01916	0	0.35087	0.42962	0.02082
V347	0.36027	0.14749	0.02523	0.07331	0.33821	0.05549
V348	0.15229	0.1112	0.54706	0	0.182	0.00745
V349	0.49576	0.11017	0.06286	0.09114	0.15875	0.08132
V350	0.34535	0.06398	0.12206	0.19624	0.13794	0.13443
V351	0.30773	0.10351	0.05681	0.02888	0.1286	0.37447
V352	0.17765	0.28586	0	0	0.37223	0.16427
V353	0.09039	0.13195	0.65356	0	0.1241	0
V354	0.1923	0.06494	0.20368	0	0.38775	0.15134
V355	0.06311	0.00105	0.79916	0	0.13668	0
V356	0.39139	0.13253	0.03216	0.20639	0.15744	0.0801
V357	0.25032	0.02683	0.36023	0	0.32323	0.03939
V358	0.26877	0.04668	0.07645	0.03265	0.11668	0.45877
V359	0.19093	0.07494	0	0.52519	0.20099	0.00794
V360	0.37478	0.0351	0.0076	0.16923	0.33433	0.07896
V361	0.17531	0.68109	0	0.05336	0.09024	0
V362	0.15119	0.43088	0	0.29522	0.12272	0
V363	0.49635	0.10939	0.07579	0.00697	0.20646	0.10505
V364	0.23764	0.19475	0.01436	0.03424	0.21762	0.3014
V365	0.34851	0.34142	0	0.14806	0.11754	0.04446
V366	0.15942	0.20846	0.39337	0.01523	0.21366	0.00986
V367	0.09639	0	0	0.50369	0.39992	0
V368	0.21245	0.15114	0.07539	0.02266	0.25023	0.28814
V369	0.08777	0.04251	0	0.01216	0.82561	0.03195
V370	0.11394	0.06271	0.5611	0.05823	0.17753	0.02649
V371	0.16874	0.21754	0	0.42556	0.11478	0.07338
V372	0.17118	0.53591	0	0.04204	0.2236	0.02727
V373	0.55259	0.07397	0.04284	0.01888	0.12354	0.18817
V374	0.21257	0.00951	0.20138	0.3935	0.1822	0.00083
V375	0.31724	0.04125	0.18872	0.01812	0.37585	0.05883
V376	0.23588	0.07919	0.02461	0.11172	0.18417	0.36444
V377	0.09621	0.0095	0.35707	0	0.53445	0.00277
V378	0.24433	0.09732	0.18637	0	0.14438	0.32761
V379	0.39119	0.05851	0.15005	0	0.11813	0.28213
V380	0.05471	0.04266	0	0	0.90263	0
V381	0.29525	0.04156	0.27386	0.20545	0.15605	0.02784
V382	0.05999	0.03145	0	0.13921	0.76935	0
V383	0.21263	0.03955	0.34768	0.21129	0.17178	0.01705
V384	0.09267	0.00036	0.72616	0	0.18081	0
V385	0.30136	0.05939	0.04809	0.00435	0.10214	0.48466
V386	0.41849	0.06881	0.25097	0	0.18238	0.07935
V387	0.24831	0.01019	0.01156	0.5719	0.15322	0.00482
V388	0.51912	0.08927	0.16723	0.00058	0.13541	0.0884
V389	0.36371	0.11574	0.02764	0.0093	0.1155	0.3681
V390	0.1382	0.02613	0	0.63413	0.15908	0.04246
V391	0.1123	0.00576	0	0.49994	0.37516	0.00684
V392	0.15645	0.04591	0.41734	0.05194	0.14675	0.18161
V393	0.14895	0.13567	0.33083	0.01301	0.26598	0.10557
V394	0.08142	0	0	0.73083	0.18775	0
V395	0.06226	0.0282	0.77713	0	0.1324	0
V396	0.38918	0.07926	0.00074	0.30246	0.18111	0.04726
V397	0.25956	0.18889	0.03988	0.01241	0.15098	0.34828
V398	0.17272	0.52894	0	0.04116	0.25506	0.00212
V399	0.07048	0	0.75921	0	0.16642	0.0039
V400	0.21071	0.04614	0	0.35548	0.13025	0.25742
V401	0.16035	0.01689	0.56519	0	0.22212	0.03545
V402	0.13184	0	0	0.742	0.12615	0
V403	0.19426	0.03503	0.00649	0.0138	0.46158	0.28884
V404	0.05318	0	0.81461	0	0.13222	0
V405	0.3089	0.29935	0.07499	0.05556	0.22546	0.03575
V406	0.20961	0.07803	0.16473	0.05707	0.29233	0.19823
V407	0.12523	0.01188	0.63749	0	0.13353	0.09187
V408	0.14146	0.08443	0	0.60776	0.13291	0.03343
V409	0.59684	0.09289	0.04543	0.02039	0.12326	0.12121
V410	0.60911	0.07593	0.04694	0.0189	0.13837	0.11076
V411	0.24132	0.03758	0.00163	0.23893	0.11597	0.36456
V412	0.41504	0.18735	0.06849	0.04584	0.22504	0.05823
V413	0.10369	0.08192	0	0.65869	0.1557	0
V414	0.15748	0.05594	0	0.50417	0.28241	0
V415	0.12077	0.00288	0.28469	0.29363	0.25741	0.04062
V416	0.11988	0.13651	0	0.20033	0.4941	0.04918
V417	0.28269	0.03746	0.07969	0.11141	0.11446	0.37429
V418	0.09055	0.06809	0.35881	0.05847	0.41005	0.01402
V419	0.29243	0.0743	0.0208	0.00749	0.10882	0.49616
V420	0.29865	0.05188	0.02163	0.01683	0.10869	0.50232
V421	0.09611	0.05629	0.03155	0.02253	0.78822	0.0053
V422	0.21893	0.26372	0	0	0.50176	0.01559
V423	0.12721	0.12961	0	0.62417	0.11902	0
V424	0.53685	0.12756	0.04837	0.07311	0.12278	0.09132
V425	0.05941	0.10131	0	0	0.83928	0
V426	0.23751	0.07334	0.18247	0	0.12111	0.38557
V427	0.37086	0.13317	0.1326	0.11364	0.1578	0.09192
V428	0.26945	0.01484	0	0.57503	0.13267	0.00802
V429	0.09144	0.00549	0.04777	0.49641	0.35888	0
V430	0.12068	0.063	0.49755	0.11559	0.17667	0.02651
V431	0.05177	0	0.80486	0	0.14337	0
V432	0.12872	0.3582	0	0.38196	0.13111	0
V433	0.08246	0	0	0.77966	0.13788	0
V434	0.12011	0.23413	0.10795	0.39608	0.14173	0
V435	0.09917	0.01994	0	0	0.77829	0.10261
V436	0.56475	0.13832	0.04472	0.03713	0.12223	0.09284
V437	0.23283	0.2352	0.24528	0	0.22986	0.05682
V438	0.13177	0.3313	0	0.04317	0.49375	0
V439	0.05265	0.01337	0.06802	0	0.86597	0
V440	0.175	0.05531	0.36684	0	0.33047	0.07238
V441	0.14785	0.06738	0.40951	0.08515	0.16419	0.12592
V442	0.34731	0.13629	0.16118	0.05159	0.18158	0.12205
V443	0.10051	0	0	0.71404	0.18546	0
V444	0.49536	0.08568	0.05915	0.03219	0.20654	0.12108
V445	0.61271	0.07528	0.0641	0.01806	0.12258	0.10726
V446	0.15386	0.43767	0.22487	0.01667	0.15014	0.01679
V447	0.23438	0.21209	0	0.17581	0.1632	0.21451
V448	0.0712	0	0.73868	0	0.19012	0
V449	0.42605	0.06794	0.01908	0.2604	0.13298	0.09356
V450	0.11884	0.00139	0.60011	0	0.27966	0
V451	0.14307	0.046	0.12384	0.0903	0.5959	0.00089
V452	0.19447	0.02913	0.00468	0.3884	0.18863	0.19469
V453	0.28109	0.01915	0.45299	0.05153	0.16235	0.03288
V454	0.22676	0.05073	0.06762	0.48427	0.15951	0.01111
V455	0.21552	0.61522	0.0052	0.05835	0.09995	0.00576
V456	0.55398	0.06517	0.07027	0.01848	0.16243	0.12968
V457	0.24527	0.05344	0.01459	0	0.31862	0.36809
V458	0.10783	0.00398	0.36579	0	0.46624	0.05616
V459	0.08567	0	0.51959	0.22325	0.17148	0
V460	0.31389	0.0792	0.22205	0.09456	0.17221	0.11809
V461	0.27204	0.0475	0	0.37408	0.2633	0.04308
V462	0.06277	0	0.78623	0	0.14494	0.00607
V463	0.04456	0.03454	0	0	0.92089	0
V464	0.19417	0.62255	0	0.05687	0.1264	0
V465	0.30227	0.10027	0.37052	0	0.16816	0.05878
V466	0.14233	0.00789	0	0.64589	0.20389	0
V467	0.61844	0.0699	0.05678	0.01946	0.12188	0.11355
V468	0.30469	0.10834	0.07185	0.2039	0.27937	0.03185
V469	0.1078	0.10731	0.57245	0.01651	0.1668	0.02914
V470	0.43216	0.05488	0.05716	0.05884	0.32142	0.07554
V471	0.13153	0.17665	0.4511	0.00791	0.19127	0.04153
V472	0.15778	0.42016	0	0.034	0.36698	0.02108
V473	0.18174	0.68958	0	0.04573	0.08295	0
V474	0.12102	0	0.31598	0.39384	0.16916	0
V475	0.1308	0.13368	0.22368	0.11771	0.38397	0.01016
V476	0.38439	0.06132	0.0141	0.18431	0.17058	0.1853
V477	0.19834	0.46588	0.02827	0.10291	0.13586	0.06874
V478	0.07752	0	0.75325	0	0.14154	0.02769
V479	0.11048	0.10228	0.61638	0	0.17087	0
V480	0.09984	0.20681	0	0.25632	0.43703	0
V481	0.32735	0.10852	0.10383	0.04724	0.35033	0.06272
V482	0.44539	0.05503	0.04946	0.02199	0.11732	0.3108
V483	0.17383	0.65477	0.02893	0.04384	0.09863	0
V484	0.55031	0.06307	0.10199	0.00345	0.17635	0.10483
V485	0.24524	0.11754	0.41239	0.02596	0.15379	0.04507
V486	0.20319	0.0061	0.58576	0	0.14378	0.06118
V487	0.105	0.29877	0	0	0.59623	0
V488	0.29224	0.50501	0.00151	0.07071	0.10702	0.02351
V489	0.52715	0.07859	0.1061	0.01251	0.17625	0.0994
V490	0.28999	0.08222	0.01129	0.05723	0.13185	0.42742
V491	0.14553	0.2234	0.28224	0	0.333	0.01583
V492	0.21399	0.05485	0.20091	0.05016	0.21308	0.26702
V493	0.54558	0.16282	0.033	0.0472	0.11918	0.09222
V494	0.20125	0.05466	0.31439	0	0.12208	0.30762
V495	0.25716	0.41643	0.1568	0.02469	0.12991	0.01501
V496	0.21776	0.12039	0.24488	0	0.30868	0.10828
V497	0.09532	0.1754	0.12288	0	0.6064	0
V498	0.15002	0.08303	0.28843	0.25021	0.21401	0.01431
V499	0.17246	0.50109	0.11305	0.06973	0.13472	0.00895
V500	0.36576	0.18463	0.06174	0.0507	0.26039	0.07678
V501	0.20059	0.63732	0	0.06008	0.09411	0.0079
V502	0.06597	0.01278	0	0.19352	0.72773	0
V503	0.18839	0.26928	0	0.40728	0.13505	0
V504	0.19349	0.63735	0.01701	0.03931	0.11283	0
V505	0.09168	0	0.41942	0.27753	0.19805	0.01331
V506	0.33203	0.04982	0.03918	0.13757	0.18403	0.25738
V507	0.29269	0.05084	0.02243	0.00644	0.11758	0.51002
V508	0.16265	0.45343	0.0143	0.08518	0.28444	0
V509	0.09384	0	0	0.6749	0.23127	0
V510	0.60905	0.07029	0.04609	0.01881	0.14441	0.11135
V511	0.26412	0.04206	0	0.22199	0.12182	0.35001
V512	0.14142	0.17377	0.49053	0	0.15989	0.03439
V513	0.06948	0.02113	0.19186	0	0.71753	0
V514	0.19616	0.60001	0.0339	0.03524	0.09931	0.03539
V515	0.17275	0.31195	0	0.39264	0.11256	0.0101
V516	0.06715	0.02488	0.67568	0	0.23229	0
V517	0.06355	0	0.34299	0.13956	0.4539	0
V518	0.31438	0.31901	0.02269	0.11217	0.16202	0.06973
V519	0.233	0.43903	0	0.10441	0.10557	0.11799
V520	0.47984	0.11961	0.04745	0.11046	0.12297	0.11968
V521	0.11427	0.01975	0	0	0.85597	0.01001
V522	0.32641	0.18799	0.01859	0.02585	0.30951	0.13165
V523	0.34593	0.17054	0.05997	0.13878	0.13361	0.15118
V524	0.12094	0.01272	0.04293	0.11258	0.63742	0.07341
V525	0.39255	0.05193	0.06824	0.02405	0.11699	0.34624
V526	0.16073	0.55986	0.06205	0.02324	0.19413	0
V527	0.27945	0.02729	0.48371	0	0.17266	0.03689
V528	0.5577	0.06151	0.13899	0.01099	0.13466	0.09616
V529	0.15251	0.05532	0	0.63298	0.15919	0
V530	0.16493	0.18943	0.27659	0.07533	0.20751	0.0862
V531	0.61504	0.07522	0.04718	0.02762	0.12335	0.11159
V532	0.16945	0	0.01853	0.5445	0.26752	0
V533	0.16693	0.01812	0.24558	0	0.39809	0.17128
V534	0.14572	0.00543	0	0.51952	0.21799	0.11134
V535	0.39365	0.06672	0.20042	0.10972	0.14955	0.07994
V536	0.08652	0	0.64742	0.08031	0.1674	0.01835
V537	0.163	0.48013	0	0.24507	0.10915	0.00265
V538	0.21647	0.01948	0	0.34945	0.12666	0.28794
V539	0.08986	0	0	0.63686	0.27328	0
V540	0.26763	0.03398	0.29894	0	0.33287	0.06658
V541	0.12756	0.20713	0	0.52848	0.13683	0
V542	0.14489	0.44213	0	0.23851	0.17448	0
V543	0.05715	0	0.55899	0	0.38385	0
V544	0.27589	0.07353	0.02096	0.03777	0.12972	0.46212
V545	0.14451	0.49343	0.0371	0.03284	0.29211	0
V546	0.43102	0.08838	0.01035	0.24455	0.15669	0.06902
V547	0.13286	0.08168	0	0.34453	0.40346	0.03746
V548	0.29347	0.06675	0.02193	0.00784	0.10873	0.50128
V549	0.16196	0.00345	0.55573	0.01663	0.18593	0.07631
V550	0.06251	0.00597	0.30399	0	0.62753	0
V551	0.23279	0.08715	0.04893	0.10489	0.20713	0.31911
V552	0.11352	0.03735	0.11521	0.22893	0.48237	0.02262
V553	0.56205	0.06481	0.06832	0.04275	0.15687	0.10521
V554	0.19347	0.64238	0	0.04115	0.1019	0.02109
V555	0.34458	0.03777	0.02576	0.24501	0.12956	0.21733
V556	0.13123	0	0.40293	0.28483	0.1802	8e-04
V557	0.20485	0.57411	0.0577	0.0376	0.11104	0.0147
V558	0.36586	0.19445	0.01121	0.13015	0.11855	0.17978
V559	0.04717	0.00835	0	0.09155	0.85292	0
V560	0.50503	0.08775	0.04513	0.02625	0.20522	0.13062
V561	0.05153	0	0.81568	0	0.13279	0
V562	0.40158	0.2233	0.05738	0.08539	0.13013	0.10222
V563	0.28331	0.04708	0.01325	0.07436	0.1048	0.47721
V564	0.21893	0.10708	0	0	0.35861	0.31538
V565	0.29244	0.05118	0.03137	0.00652	0.10874	0.50975
V566	0.26526	0.1241	0.03169	0.05445	0.1441	0.3804
V567	0.32162	0.25858	0	0.22275	0.14826	0.04879
V568	0.08563	0.01325	0	0	0.90113	0
V569	0.53108	0.09386	0.03477	0.04919	0.1303	0.16079
V570	0.4931	0.1635	0.05609	0.07273	0.13014	0.08444
V571	0.09295	0.17533	0.56612	0	0.1656	0
V572	0.06785	0	0.70926	0	0.22289	0
V573	0.24202	0.5923	0	0.03206	0.12024	0.01338
V574	0.18581	0.0228	0.36092	0	0.17191	0.25855
V575	0.17826	0.49914	0.03727	0.13357	0.12893	0.02282
V576	0.28488	0.12711	0.01019	0	0.54347	0.03436
V577	0.30385	0.0795	0.00449	0.03968	0.49969	0.07279
V578	0.09917	0.01994	0	0	0.77829	0.10261
V579	0.1008	0.02744	0.14049	0.19507	0.53621	0
V580	0.17297	0.02626	0.05297	0.33268	0.37207	0.04305
V581	0.47257	0.08351	0.0945	0.07502	0.19943	0.07496
V582	0.4766	0.05981	0.02859	0.19269	0.13741	0.1049
V583	0.15419	0.061	0.27744	0	0.31754	0.18983
V584	0.16589	0.03368	0	0.30172	0.36817	0.13054
V585	0.16729	0.35638	0.19817	0.07343	0.14535	0.05938
V586	0.24047	0.57227	0.02614	0.03762	0.1133	0.0102
V587	0.24416	0.01573	0.25784	0.29183	0.16326	0.02719
V588	0.09925	0	0	0.75254	0.14821	0
V589	0.17864	0.23415	0.24605	0.05562	0.13733	0.14821
V590	0.19041	0.05774	0.34538	0.02745	0.14427	0.23475
V591	0.52364	0.05674	0.05548	0.14077	0.13666	0.08672
V592	0.15408	0.27119	0.04317	0.3544	0.17716	0
V593	0.07805	0	0	0.80155	0.12039	0
V594	0.18193	0.00333	0	0.55426	0.14191	0.11857
V595	0.16577	0.23964	0.02474	0.10619	0.34068	0.12298
V596	0.08819	0.20615	0	0.04213	0.66352	0
V597	0.32363	0.04355	0.02668	0	0.56347	0.04266
V598	0.58872	0.09921	0.04351	0.02002	0.13029	0.11825
V599	0.23719	0.04478	0	0.14476	0.21223	0.36105
V600	0.37451	0.13597	0.01469	0.05864	0.1866	0.22959
V601	0.20225	0.13793	0.02318	0.33108	0.13274	0.17283
V602	0.10272	0.03276	0.08166	0	0.68677	0.09609
V603	0.22622	0.33131	0.02746	0.068	0.14335	0.20365
V604	0.11534	0.38358	0	0	0.50109	0
V605	0.09515	0.04001	0	0	0.8607	0.00414
V606	0.38165	0.06777	0.24179	0.04231	0.13635	0.13013
V607	0.23653	0.07896	0.00536	0.01052	0.29143	0.3772
V608	0.20808	0.49612	0	0.09461	0.12119	0.08
V609	0.09079	0	0.62137	0.11768	0.17015	0
V610	0.12535	0.10956	0.419	0.10751	0.19687	0.04171
V611	0.1713	0.66103	0	0.06432	0.10336	0
V612	0.09911	0.15539	0	0.63326	0.11224	0
V613	0.45158	0.17583	0.03297	0.01859	0.11383	0.20721
V614	0.13475	0.10559	0.46004	0	0.19265	0.10696
V615	0.06472	0.05928	0.02361	0	0.8524	0
V616	0.34591	0.34763	0	0.06732	0.13419	0.10494
V617	0.04304	0.01775	0	0	0.93922	0
V618	0.1983	0.02303	0.56088	0	0.15518	0.06261
V619	0.15112	0.49412	0.12929	0.03466	0.19006	0.00075
V620	0.22634	0.04089	0.26603	0	0.11557	0.35117
V621	0.09691	0	0.01365	0.70148	0.18796	0
V622	0.38164	0.17507	0.02401	0.00216	0.35447	0.06265
V623	0.24283	0.56033	0	0.03307	0.11232	0.05145
V624	0.15347	0.47762	0	0.27295	0.09596	0
V625	0.14623	0.10335	0.16162	0.39433	0.1775	0.01697
V626	0.12359	0.05151	0	0.15003	0.56188	0.11298
V627	0.44383	0.03685	0.00174	0.30878	0.13865	0.07016
V628	0.1848	0.06872	0.29155	0.04335	0.23801	0.17357
V629	0.12402	0.36397	0	0.40224	0.10976	0
V630	0.44621	0.06256	0.05044	0.06031	0.15508	0.22541
V631	0.24361	0.0343	0.06335	0.12545	0.15825	0.37504
V632	0.10417	0.02548	0.10184	0.26489	0.50339	0.00023
V633	0.0813	0.13093	0.66018	0	0.12759	0
V634	0.50872	0.06205	0.03376	0.18472	0.12973	0.08102
V635	0.0977	0.0254	0.20334	0.51632	0.15725	0
V636	0.16213	0.49797	0	0.08175	0.22868	0.02947
V637	0.2612	0.09505	0.01859	0	0.20456	0.4206
V638	0.12523	0.08503	0.00432	0.4876	0.29782	0
V639	0.26013	0.0853	0.07207	0.00736	0.48431	0.09082
V640	0.13155	0.12177	0.4216	0	0.24672	0.07836
V641	0.066	0.06169	0.45527	0	0.41704	0
V642	0.25298	0.05439	0.28105	0.12107	0.14282	0.14769
V643	0.55846	0.06989	0.03055	0.09581	0.1378	0.1075
V644	0.52588	0.06723	0.02854	0.1053	0.12969	0.14336
V645	0.49031	0.07165	0.0452	0.09511	0.12182	0.17592
V646	0.06382	0.00247	0.40226	0	0.53145	0
V647	0.2536	0.0343	0.02181	0.28439	0.15828	0.24761
V648	0.22375	0.28608	0.12148	0.05645	0.14269	0.16954
V649	0.19124	0.00262	0	0.6441	0.16203	0
V650	0.22919	0.17581	0.18431	0	0.39061	0.02008
V651	0.21643	0.29614	0.06027	0.03389	0.26353	0.12974
V652	0.11794	0	0.06572	0.63555	0.18079	0
V653	0.20544	0.37162	0.01316	0.04312	0.20834	0.15831
V654	0.54708	0.07016	0.10954	0.0122	0.15865	0.10236
V655	0.26794	0.03885	0.026	0.04209	0.39598	0.22914
V656	0.14415	0.06834	0.5403	0	0.23997	0.00724
V657	0.33932	0.04766	0.0033	0.09139	0.37545	0.14288
V658	0.1002	0.04766	0.11472	0.58308	0.15435	0
V659	0.18394	0.66619	0	0.04786	0.09559	0.00644
V660	0.55746	0.0734	0.04193	0.03429	0.12299	0.16993
V661	0.20502	0.02692	0.1505	0.0965	0.26005	0.26101
V662	0.51867	0.06448	0.04182	0.11967	0.13188	0.12348
V663	0.11169	0.15898	0	0.00663	0.7227	0
V664	0.15614	0.04814	0.62787	0	0.1485	0.01936
V665	0.04158	0.00979	0	0	0.94863	0
V666	0.35293	0.28492	0.00261	0.12138	0.15257	0.08559
V667	0.26907	0.04626	0.0488	0.0434	0.12406	0.4684
V668	0.5469	0.16957	0.04227	0.03214	0.11971	0.0894
V669	0.25813	0.11785	0	0.25012	0.12755	0.24635
V670	0.18426	0.30846	0	0.29396	0.13614	0.07717
V671	0.29819	0.01074	0	0.53302	0.13996	0.01808
V672	0.16144	0.45294	0	0.28716	0.09846	0
V673	0.22459	0.14745	0.19985	0	0.11717	0.31094
V674	0.52058	0.06191	0.03679	0.00422	0.28699	0.08952
V675	0.28095	0.15325	0.02953	0.00623	0.13061	0.39943
V676	0.09695	0	0.02879	0.7134	0.16086	0
V677	0.25325	0.32583	0.14287	0.00331	0.1154	0.15933
V678	0.20721	0.09663	0.04151	0	0.50119	0.15346
V679	0.26678	0.12474	0.05459	0.03017	0.11377	0.40995
V680	0.07652	0	0.3312	0	0.57112	0.02117
V681	0.20643	0.57715	0.0059	0.04412	0.09794	0.06846
V682	0.19475	0.46103	0	0.03648	0.18983	0.11791
V683	0.07707	0.01701	0	0	0.86256	0.04336
V684	0.21455	0.5781	0	0.10141	0.10114	0.0048
V685	0.13777	0.46921	0.21708	0	0.17595	0
V686	0.26089	0.03308	0.38927	0	0.14151	0.17526
V687	0.1862	0.21084	0.24062	0.06988	0.13204	0.16042
V688	0.36012	0.04796	0.02015	0	0.40598	0.16579
V689	0.13352	0.01375	0.59862	0.0284	0.19144	0.03427
V690	0.13162	0.03006	0.01433	0	0.71606	0.10793
V691	0.18323	0.37728	0.15606	0.06929	0.16666	0.04749
V692	0.41753	0.03211	0.00037	0.27813	0.20788	0.06398
V693	0.53412	0.15338	0.05027	0.03445	0.12107	0.10671
V694	0.53157	0.15154	0.03952	0.05889	0.12098	0.09749
V695	0.54034	0.06671	0.03167	0.02858	0.20397	0.12873
V696	0.17964	0.40153	0.01898	0.05926	0.33096	0.00964
V697	0.11377	0.00989	0.67386	0	0.18057	0.02191
V698	0.17732	0.68427	0	0.05071	0.0877	0
V699	0.20973	0.02728	0.49128	0	0.21345	0.05827
V700	0.15507	0.03013	0	0	0.80033	0.01446
V701	0.57779	0.06822	0.05343	0.01853	0.1231	0.15893
V702	0.25223	0.0506	0.06349	0.14591	0.12249	0.36527
V703	0.24766	0.41189	0	0.01854	0.29865	0.02325
V704	0.33666	0.25247	0.18879	0	0.14514	0.07694
V705	0.11144	0.09896	0.23344	0.10546	0.44831	0.00239
V706	0.18652	0.0978	0.29032	0	0.22028	0.20509
V707	0.44821	0.07565	0.03216	0.01375	0.12586	0.30436
V708	0.116	0.30617	0.43844	0	0.13939	0
V709	0.06948	0	0	0.71714	0.21338	0
V710	0.3423	0.08739	0.11812	0.03067	0.32517	0.09634
V711	0.13419	0.18522	0.35528	0.12766	0.15368	0.04397
V712	0.09195	0.24769	0	0	0.66036	0
V713	0.30131	0.42888	0.0219	0.05982	0.13231	0.05577
V714	0.1286	0.37939	0.35513	0	0.13689	0
V715	0.07906	0	0.78858	0	0.13236	0
V716	0.20328	0.04622	0	0.25465	0.30445	0.19139
V717	0.07829	0.02237	0	0	0.88901	0.01033
V718	0.09587	0.33855	0	0	0.56558	0
V719	0.18644	0.63198	0.00155	0.04427	0.1282	0.00756
V720	0.25977	0.01555	0.21073	0.24657	0.17936	0.08801
V721	0.18872	0.23706	0.19725	0	0.20449	0.17248
V722	0.04096	0.00699	0	0	0.95205	0
V723	0.1656	0.5338	0.01536	0.03268	0.24026	0.01229
V724	0.15268	0.24937	0.32243	0.05666	0.21886	0
V725	0.11989	0.0653	0.04187	0.08027	0.63561	0.05705
V726	0.08374	0.0147	0.47965	0	0.39829	0.02363
V727	0.24696	0.03311	0.10171	0.1231	0.124	0.37112
V728	0.10262	0	0	0.77639	0.121	0
V729	0.25478	0.4028	0.00752	0.04965	0.2542	0.03106
V730	0.21051	0.01416	0.06737	0.35019	0.14443	0.21333
V731	0.18873	0.05583	0.38902	0	0.28249	0.08393
V732	0.18521	0.35616	0	0.0459	0.34109	0.07164
V733	0.23134	0.02016	0.24562	0.13843	0.19421	0.17024
V734	0.24184	0.03553	0.23979	0	0.1241	0.35874
V735	0.12742	0.06047	0	0.66596	0.13461	0.01153
V736	0.20386	0.43765	0.03479	0.05866	0.11898	0.14606
V737	0.03342	0.00737	0	0	0.95921	0
V738	0.31863	0.06127	0.06314	0.31418	0.15895	0.08384
V739	0.21084	0.26717	0.14469	0.0157	0.31589	0.04572
V740	0.11965	0.21466	0.32778	0	0.33112	0.0068
V741	0.34176	0.15522	0.14316	0.06517	0.25206	0.04263
V742	0.28951	0.02416	0.01234	0.35872	0.26066	0.05461
V743	0.10712	0.08939	0.21765	0.24794	0.33789	0
V744	0.35937	0.12158	0.02487	0.1426	0.12162	0.22996
V745	0.14771	0.43654	0	0.04045	0.3753	0
V746	0.5638	0.08137	0.04581	0.03915	0.13871	0.13116
V747	0.20087	0.03241	0.09978	0	0.63736	0.02958
V748	0.20732	0.0738	0.22091	0	0.23488	0.26309
V749	0.37543	0.0549	0.01682	0.13765	0.22497	0.19022
V750	0.09069	0.05465	0	0.7296	0.12506	0
V751	0.08929	0	0	0.74089	0.16982	0
V752	0.20911	0.03369	0.01832	0.03123	0.67765	0.03001
V753	0.20706	0.03285	0.02687	0.06379	0.43397	0.23545
V754	0.18325	0.36813	0.09145	0.0673	0.16561	0.12425
V755	0.29945	0.0732	0.01593	0.00387	0.50719	0.10037
V756	0.27366	0.05832	0.0244	0.00989	0.15746	0.47626
V757	0.2224	0.38047	0	0.03993	0.1588	0.19839
V758	0.31424	0.51336	0	0.04309	0.1011	0.02822
V759	0.17052	0.0355	0.03026	0.09267	0.61108	0.05996
V760	0.2886	0.04897	0.02797	0.03264	0.10154	0.50028
V761	0.04813	0.00542	0.32994	0	0.61651	0
V762	0.11331	0	0.68559	0	0.16374	0.03736
V763	0.1177	0.12133	0	0.59942	0.16154	0
V764	0.22565	0.0307	0.0749	0.15699	0.35995	0.15182
V765	0.29428	0.05932	0.02125	0.0161	0.10914	0.4999
V766	0.31635	0.30646	0.01243	0.02739	0.25887	0.07849
V767	0.23559	0.03454	0.27371	0.06217	0.16221	0.23178
V768	0.17412	0.53619	0.12577	0.02944	0.11999	0.0145
V769	0.05707	0	0.76733	0	0.17559	0
V770	0.16174	0.33158	0	0.37991	0.12677	0
V771	0.17622	0.08296	0.42625	0.00114	0.14563	0.16779
V772	0.09586	0	0.71591	0	0.13373	0.0545
V773	0.37962	0.0462	0.0328	0.16457	0.16924	0.20757
V774	0.21278	0.00349	0.62781	0	0.13389	0.02204
V775	0.16998	0.54176	0.10034	0.05944	0.12848	0
V776	0.56488	0.08389	0.04325	0.0272	0.12371	0.15707
V777	0.16826	0.19208	0	0.00755	0.47917	0.15293
V778	0.08635	0.00977	0.74391	0	0.15997	0
V779	0.62158	0.07057	0.04805	0.0198	0.12954	0.11047
V780	0.11901	0	0	0.73749	0.1435	0
V781	0.46805	0.16635	0.0611	0.01476	0.1183	0.17144
V782	0.2885	0.05748	0.05633	0.00306	0.10339	0.49124
V783	0.21068	0.59788	0	0.0442	0.10535	0.04189
V784	0.06648	0.04358	0.29286	0	0.59708	0
V785	0.15122	0.51483	0.06969	0.02547	0.23878	0
V786	0.26977	0.09497	0.05545	0.02925	0.11177	0.4388
V787	0.47985	0.13161	0.03175	0.06039	0.17992	0.11649
V788	0.07536	0	0	0.68788	0.23675	0
V789	0.25636	0.38668	0	0.05677	0.11014	0.19005
V790	0.15183	0.54828	0	0.168	0.13189	0
V791	0.2987	0.05121	0.03276	0.00728	0.09948	0.51057
V792	0.36564	0.09724	0.01945	0.27415	0.14286	0.10066
V793	0.15543	0.364	0.10689	0.21864	0.15503	0
V794	0.20229	0.35389	0.1607	0	0.27695	0.00618
V795	0.19041	0.18974	0.02402	0.00661	0.48931	0.09991
V796	0.28562	0.05689	0.02641	0.03089	0.1096	0.49059
V797	0.03237	0.00827	0	0	0.95936	0
V798	0.44107	0.06124	0.02107	0.03182	0.23912	0.20569
V799	0.46594	0.06486	0.12615	0.13183	0.13456	0.07666
V800	0.29615	0.15	0.00165	0.00476	0.35244	0.19501
V801	0.39915	0.29145	0.00767	0.05164	0.11044	0.13965
V802	0.0991	0.00362	0.03388	0.60301	0.26039	0
V803	0.11406	0.03664	0	0.63607	0.21323	0
V804	0.50367	0.08465	0.02446	0.11976	0.14121	0.12624
V805	0.51424	0.14164	0.06912	0.0537	0.13971	0.08159
V806	0.1275	0.10454	0.08639	0.51172	0.16984	0
V807	0.15644	0.18051	0	0.46249	0.139	0.06156
V808	0.18236	0.68817	0	0.04547	0.08401	0
V809	0.14595	0.25048	0	0.2271	0.37647	0
V810	0.0998	0.11147	0.61274	0	0.17599	0
V811	0.18732	0.23483	0	0.17942	0.3762	0.02223
V812	0.12663	0.31236	0	0.42014	0.14087	0
V813	0.10896	0.20257	0.02025	0	0.63582	0.0324
V814	0.4517	0.24391	0.01721	0.02875	0.18231	0.07612
V815	0.17815	0.59474	0.02826	0.06878	0.12533	0.00474
V816	0.39196	0.03992	0.22535	0.12102	0.16107	0.06067
V817	0.13293	0.24227	0.29544	0.09004	0.23716	0.00216
V818	0.05145	0	0.80991	0	0.13863	0
V819	0.43303	0.3363	0.01128	0.03926	0.11995	0.06017
V820	0.16734	0.23457	0.39863	0	0.16048	0.03898
V821	0.2856	0.05878	0.02009	0.00498	0.13673	0.49382
V822	0.257	0.04972	0.03147	0.42868	0.18888	0.04424
V823	0.04381	0.01002	0	0	0.94617	0
V824	0.45778	0.05372	0.07685	0.11304	0.21446	0.08416
V825	0.32715	0.36672	0.00336	0.02002	0.21367	0.06908
V826	0.2509	0.21037	0.11401	0.21693	0.16877	0.03902
V827	0.08458	0	0.72108	0	0.15183	0.04251
V828	0.24313	0.11131	0.00347	0	0.2941	0.34799
V829	0.12143	0.30043	0	0.46766	0.11048	0
V830	0.14819	0.14262	0.00464	0.41926	0.22634	0.05895
V831	0.16901	0.04141	0	0.01081	0.74924	0.02952
V832	0.27641	0.12263	0.07445	0.15843	0.13268	0.23539
V833	0.2044	0.29684	0.20061	0.02304	0.13361	0.1415
V834	0.27995	0.05145	0.22283	0.17494	0.18724	0.08358
V835	0.21825	0.38841	0.11384	0.01917	0.21133	0.04901
V836	0.38217	0.0266	0.04836	0.24442	0.23379	0.06465
V837	0.29842	0.02355	0.49355	0	0.14212	0.04237
V838	0.31555	0.05101	0.02069	0.03129	0.11153	0.46993
V839	0.17359	0.66951	0	0.04516	0.11174	0
V840	0.18699	0.65803	0	0.06021	0.09477	0
V841	0.28524	0.08772	0.01739	0.01564	0.12072	0.47329
V842	0.1444	0.10191	0.04178	0	0.5857	0.1262
V843	0.20328	0.56704	0	0.05801	0.09101	0.08067
V844	0.2167	0.02613	0.41782	0	0.24872	0.09063
V845	0.06274	0.01809	0.03657	0	0.8826	0
V846	0.26304	0.47624	0.00343	0.02715	0.17979	0.05035
V847	0.23017	0.12521	0.1969	0.03048	0.17947	0.23776
V848	0.34616	0.06396	0.03075	0.01489	0.10263	0.44162
V849	0.16363	0.05141	0.15459	0	0.62198	0.00839
V850	0.40283	0.05957	0.02942	0.19786	0.18393	0.12638
