CD19B	CD56NK	CD4MemoryT	CD14
V1	0.46635	0.05498	0.19343	0.28523
V2	0.18213	0.1404	0.09057	0.5869
V3	0.09989	0.58129	0.02175	0.29707
V4	0.72769	0.15259	0.03079	0.08893
V5	0.13856	0.45252	0.21927	0.18965
V6	0.10656	0.79916	0.0118	0.08248
V7	0.17007	0.36537	0.09645	0.36811
V8	0.16179	0.04486	0.69413	0.09922
V9	0.23707	0.26672	0.06761	0.4286
V10	0.07081	0.0485	0.76495	0.11574
V11	0.21152	0.351	0.36793	0.06955
V12	0.07065	0.54511	0.30753	0.07672
V13	0.25168	0.66099	0.00478	0.08255
V14	0.0993	0.83377	0	0.06692
V15	0.14489	0.55497	0.11236	0.18779
V16	0.76115	0.08083	0.05951	0.09851
V17	0.1144	0.79834	0.00503	0.08222
V18	0.47681	0.3628	0.06009	0.1003
V19	0.17112	0.7548	0.00022	0.07386
V20	0.18239	0.45114	0.03742	0.32905
V21	0.16116	0.08175	0.65899	0.0981
V22	0.08754	0.14135	0.20984	0.56127
V23	0.34861	0.06796	0.50921	0.07423
V24	0.80132	0.06147	0.06883	0.06838
V25	0.30554	0.26446	0.14015	0.28985
V26	0.34051	0.39544	0.03762	0.22644
V27	0.14848	0.10973	0.06916	0.67262
V28	0.0584	0.0566	0.81643	0.06858
V29	0.38979	0.05729	0.45453	0.09839
V30	0.1397	0.24242	0.25279	0.36509
V31	0.21086	0.22257	0.26831	0.29827
V32	0.13491	0.08677	0.0796	0.69872
V33	0.08871	0.46843	0.29732	0.14554
V34	0.161	0.06261	0.67747	0.09893
V35	0.17332	0.66436	0.0725	0.08982
V36	0.0728	0.08382	0.42205	0.42133
V37	0.45558	0.11846	0.12684	0.29912
V38	0.37715	0.05034	0.19633	0.37618
V39	0.17751	0.52859	0.12062	0.17328
V40	0.12318	0.75685	0.06046	0.05951
V41	0.05941	0.62411	0.04906	0.26742
V42	0.23396	0.08312	0.21867	0.46425
V43	0.15552	0.33397	0.41713	0.09338
V44	0.07238	0.10537	0.61824	0.20401
V45	0.12771	0.54625	0.18929	0.13675
V46	0.6699	0.10851	0.14817	0.07342
V47	0.38507	0.21403	0.29077	0.11012
V48	0.67244	0.20628	0.03379	0.08749
V49	0.60863	0.22601	0.02521	0.14015
V50	0.09925	0.76624	0.06727	0.06723
V51	0.28314	0.39454	0.22984	0.09248
V52	0.07872	0.12852	0.69406	0.0987
V53	0.6129	0.15473	0.16712	0.06525
V54	0.36875	0.21354	0.33108	0.08663
V55	0.22236	0.16932	0.23412	0.3742
V56	0.11096	0.07869	0.12256	0.68779
V57	0.12257	0.79014	0.01259	0.0747
V58	0.53632	0.05533	0.08739	0.32097
V59	0.3707	0.41087	0.11127	0.10716
V60	0.16519	0.18845	0.29525	0.35112
V61	0.66641	0.14633	0.04563	0.14162
V62	0.74014	0.0718	0.10618	0.08188
V63	0.05957	0.76045	0.09667	0.08331
V64	0.05355	0.7764	0	0.17005
V65	0.08972	0.07196	0.13135	0.70696
V66	0.21331	0.64623	0.02048	0.11998
V67	0.17182	0.32471	0.4261	0.07737
V68	0.18888	0.18956	0.06396	0.5576
V69	0.07597	0.3092	0.50498	0.10986
V70	0.45281	0.18613	0.19072	0.17034
V71	0.19061	0.11602	0.34054	0.35283
V72	0.47698	0.19539	0.1197	0.20793
V73	0.16842	0.56969	0.12557	0.13633
V74	0.10163	0.22707	0.60636	0.06493
V75	0.59329	0.03894	0.21673	0.15105
V76	0.06988	0.21107	0.18792	0.53113
V77	0.09919	0.31251	0.04104	0.54726
V78	0.28527	0.15918	0.19595	0.3596
V79	0.06103	0.12154	0.67263	0.14481
V80	0.32576	0.05189	0.47901	0.14333
V81	0.10335	0.17339	0.65065	0.0726
V82	0.05681	0.08326	0.78406	0.07587
V83	0.16978	0.21694	0.10412	0.50916
V84	0.35203	0.09463	0.18514	0.3682
V85	0.14117	0.31996	0.33991	0.19896
V86	0.09706	0.07455	0.72164	0.10674
V87	0.07561	0.75882	0.0451	0.12047
V88	0.19372	0.1095	0.26243	0.43435
V89	0.09226	0.07542	0.21429	0.61804
V90	0.06735	0.81429	0.0425	0.07587
V91	0.07668	0.67536	0.15675	0.09121
V92	0.39974	0.06116	0.35894	0.18016
V93	0.74569	0.05557	0.04069	0.15806
V94	0.07577	0.44444	0.04136	0.43843
V95	0.24337	0.42392	0.15042	0.18228
V96	0.12944	0.15075	0.07281	0.647
V97	0.57454	0.13754	0.2157	0.07221
V98	0.58131	0.32284	0.0181	0.07775
V99	0.67137	0.08181	0.17281	0.07401
V100	0.12132	0.05581	0.73102	0.09186
V101	0.09449	0.09035	0.06136	0.7538
V102	0.78395	0.08911	0.0441	0.08284
V103	0.08791	0.10274	0.12793	0.68142
V104	0.06744	0.86526	0	0.06729
V105	0.09007	0.83927	0.00312	0.06755
V106	0.14379	0.48467	0.27211	0.09943
V107	0.19924	0.2164	0.47398	0.11038
V108	0.16392	0.6974	0.07892	0.05977
V109	0.07279	0.18721	0.49291	0.2471
V110	0.09122	0.79818	0.0279	0.0827
V111	0.77928	0.03521	0.10954	0.07598
V112	0.16616	0.10738	0.38095	0.34551
V113	0.20873	0.15356	0.19011	0.4476
V114	0.25183	0.10177	0.11973	0.52667
V115	0.05228	0.6918	0.18717	0.06875
V116	0.16657	0.31948	0.3154	0.19855
V117	0.5603	0.28068	0.05704	0.10198
V118	0.17853	0.5466	0.04282	0.23206
V119	0.1611	0.13288	0.09248	0.61354
V120	0.11963	0.09208	0.70543	0.08286
V121	0.49374	0.16925	0.12125	0.21576
V122	0.81909	0.04338	0.05376	0.08378
V123	0.06538	0.49609	0.05896	0.37957
V124	0.54996	0.31579	0.01841	0.11585
V125	0.33837	0.41103	0.16665	0.08395
V126	0.10508	0.19411	0.08823	0.61257
V127	0.19421	0.10056	0.25599	0.44925
V128	0.10221	0.07772	0.14405	0.67602
V129	0.48083	0.25628	0.16858	0.09431
V130	0.05322	0.60682	0.27119	0.06877
V131	0.06597	0.80674	0	0.1273
V132	0.79394	0.04309	0.07105	0.09193
V133	0.77104	0.05363	0.09223	0.0831
V134	0.14449	0.39161	0.13294	0.33096
V135	0.13601	0.08105	0.19871	0.58422
V136	0.23901	0.40639	0.03185	0.32274
V137	0.54395	0.07566	0.25256	0.12782
V138	0.2129	0.39883	0.16881	0.21946
V139	0.31375	0.23683	0.19674	0.25268
V140	0.10068	0.14492	0.09428	0.66013
V141	0.11269	0.18664	0.45354	0.24713
V142	0.67306	0.03527	0.2243	0.06736
V143	0.36883	0.28946	0.09046	0.25126
V144	0.19185	0.19793	0.17865	0.43157
V145	0.04506	0.70127	0.1854	0.06828
V146	0.12094	0.07973	0.08163	0.71769
V147	0.76891	0.06277	0.0618	0.10652
V148	0.16333	0.11283	0.49091	0.23293
V149	0.24897	0.49141	0.19141	0.06821
V150	0.1247	0.25505	0.48696	0.13329
V151	0.2076	0.58864	0.0389	0.16486
V152	0.22647	0.43258	0.19577	0.14518
V153	0.13304	0.6909	0.0188	0.15725
V154	0.23393	0.43928	0.23491	0.09188
V155	0.4037	0.17764	0.27018	0.14848
V156	0.08736	0.16683	0.57339	0.17241
V157	0.2827	0.1926	0.28637	0.23833
V158	0.09464	0.07395	0.07609	0.75532
V159	0.74511	0.10679	0.03529	0.11281
V160	0.57688	0.0532	0.10838	0.26154
V161	0.22906	0.07285	0.08257	0.61552
V162	0.11794	0.32228	0.10252	0.45725
V163	0.13166	0.47046	0.15732	0.24056
V164	0.30345	0.32701	0.11898	0.25056
V165	0.0793	0.29615	0.03642	0.58813
V166	0.08607	0.1524	0.10817	0.65336
V167	0.32868	0.05876	0.05876	0.55381
V168	0.26349	0.54408	0.07977	0.11265
V169	0.21252	0.11439	0.08546	0.58763
V170	0.15097	0.06969	0.45516	0.32419
V171	0.1575	0.25343	0.48672	0.10234
V172	0.60927	0.03721	0.27881	0.07472
V173	0.09887	0.19423	0.08212	0.62478
V174	0.08751	0.21152	0.10795	0.59302
V175	0.1146	0.04786	0.66263	0.17491
V176	0.05149	0.74227	0.13788	0.06835
V177	0.05005	0.87468	0	0.07527
V178	0.05566	0.70711	0.00688	0.23034
V179	0.19344	0.06176	0.35305	0.39176
V180	0.06809	0.81413	0.05771	0.06007
V181	0.18547	0.16459	0.45552	0.19442
V182	0.28075	0.20642	0.39557	0.11726
V183	0.18706	0.74625	0	0.06669
V184	0.84716	0.03474	0.04849	0.06961
V185	0.48151	0.42313	0.0261	0.06926
V186	0.14654	0.45994	0.22607	0.16745
V187	0.81053	0.04275	0.07042	0.0763
V188	0.11732	0.26877	0.03797	0.57594
V189	0.67686	0.06742	0.0605	0.19522
V190	0.56125	0.04667	0.31754	0.07454
V191	0.1989	0.22515	0.47323	0.10272
V192	0.27538	0.4591	0.06207	0.20345
V193	0.50475	0.07723	0.24589	0.17213
V194	0.07522	0.84207	0	0.08271
V195	0.06498	0.0562	0.80266	0.07616
V196	0.09048	0.12986	0.06352	0.71614
V197	0.36722	0.10627	0.07292	0.45359
V198	0.10387	0.47655	0.30444	0.11514
V199	0.19687	0.08584	0.19658	0.52071
V200	0.15565	0.53756	0.03085	0.27595
V201	0.12917	0.52184	0.16761	0.18138
V202	0.07421	0.05879	0.65442	0.21258
V203	0.17824	0.41357	0.32338	0.08481
V204	0.06503	0.52024	0.02228	0.39245
V205	0.07198	0.08291	0.76073	0.08438
V206	0.09664	0.11919	0.71039	0.07378
V207	0.16934	0.23406	0.0883	0.50829
V208	0.2509	0.09806	0.56943	0.08161
V209	0.27483	0.45727	0.0791	0.1888
V210	0.11557	0.7	0.07956	0.10487
V211	0.37593	0.07213	0.08293	0.46901
V212	0.43918	0.07561	0.39627	0.08893
V213	0.5285	0.07909	0.14526	0.24714
V214	0.2996	0.20286	0.17645	0.32108
V215	0.28071	0.15369	0.06278	0.50282
V216	0.10826	0.0738	0.07476	0.74319
V217	0.09118	0.47184	0.20278	0.2342
V218	0.13312	0.43561	0.15991	0.27136
V219	0.13737	0.59783	0.01937	0.24543
V220	0.05475	0.75808	0.00176	0.18541
V221	0.67697	0.04949	0.0493	0.22425
V222	0.29114	0.17278	0.32709	0.209
V223	0.06056	0.16643	0.63707	0.13594
V224	0.83524	0.03491	0.06091	0.06894
V225	0.09137	0.79825	0.04346	0.06692
V226	0.29095	0.11552	0.51257	0.08095
V227	0.66469	0.03639	0.2162	0.08272
V228	0.63686	0.11067	0.1025	0.14997
V229	0.07236	0.05644	0.77853	0.09267
V230	0.09378	0.08953	0.07473	0.74196
V231	0.0818	0.30517	0.12761	0.48542
V232	0.09085	0.61538	0.00336	0.29041
V233	0.47117	0.1328	0.21001	0.18602
V234	0.07486	0.82975	0.01928	0.07611
V235	0.33953	0.09616	0.46699	0.09732
V236	0.09641	0.10218	0.66487	0.13653
V237	0.19243	0.07417	0.08523	0.64817
V238	0.15232	0.51982	0.22135	0.1065
V239	0.11551	0.4092	0.04289	0.4324
V240	0.42287	0.07571	0.38915	0.11227
V241	0.07174	0.04883	0.7489	0.13053
V242	0.14849	0.69811	0.07971	0.07369
V243	0.24364	0.0807	0.54034	0.13532
V244	0.22052	0.04439	0.59119	0.1439
V245	0.49502	0.31861	0.07103	0.11534
V246	0.102	0.17337	0.6352	0.08943
V247	0.18722	0.05243	0.69359	0.06676
V248	0.09713	0.09669	0.09373	0.71245
V249	0.05593	0.07626	0.73741	0.1304
V250	0.64892	0.03628	0.23952	0.07528
V251	0.80055	0.07971	0.04439	0.07536
V252	0.05165	0.76789	0.12034	0.06011
V253	0.32681	0.12297	0.18234	0.36788
V254	0.05142	0.8464	0.03413	0.06805
V255	0.08192	0.82132	0	0.09676
V256	0.19123	0.23508	0.43274	0.14096
V257	0.36508	0.14625	0.2343	0.25437
V258	0.19047	0.28165	0.35812	0.16975
V259	0.08405	0.29931	0.51358	0.10306
V260	0.05309	0.29039	0.58491	0.07162
V261	0.51315	0.07743	0.21441	0.19501
V262	0.14829	0.11805	0.06818	0.66547
V263	0.05856	0.8592	0	0.08225
V264	0.19078	0.08752	0.38289	0.33881
V265	0.1028	0.06839	0.16628	0.66253
V266	0.54741	0.36791	0.02219	0.06248
V267	0.06483	0.21884	0.26269	0.45365
V268	0.34456	0.07851	0.1715	0.40543
V269	0.05363	0.52101	0.31689	0.10847
V270	0.53654	0.06757	0.25335	0.14254
V271	0.66143	0.1099	0.07132	0.15735
V272	0.09276	0.7495	0.00834	0.1494
V273	0.12025	0.08699	0.08771	0.70505
V274	0.58571	0.04011	0.20865	0.16553
V275	0.05789	0.0566	0.8094	0.0761
V276	0.42207	0.357	0.03114	0.18979
V277	0.09641	0.24425	0.17088	0.48846
V278	0.09994	0.11382	0.27951	0.50673
V279	0.56745	0.10357	0.1421	0.18689
V280	0.09464	0.07395	0.07609	0.75532
V281	0.45702	0.08096	0.1694	0.29262
V282	0.1043	0.10214	0.67246	0.12111
V283	0.2087	0.54536	0.06551	0.18042
V284	0.06801	0.82183	0.04213	0.06803
V285	0.11405	0.0461	0.77227	0.06758
V286	0.23194	0.51899	0.10521	0.14386
V287	0.12229	0.78961	0.00632	0.08178
V288	0.07077	0.296	0.35829	0.27494
V289	0.26357	0.24294	0.36065	0.13285
V290	0.69553	0.19588	0.04248	0.06611
V291	0.42192	0.10392	0.39391	0.08025
V292	0.79373	0.04409	0.04112	0.12105
V293	0.28466	0.05112	0.55853	0.10569
V294	0.13278	0.38134	0.02476	0.46112
V295	0.08295	0.219	0.19509	0.50296
V296	0.19343	0.15416	0.51002	0.14238
V297	0.1343	0.06945	0.11528	0.68097
V298	0.28219	0.13349	0.50376	0.08057
V299	0.12128	0.30409	0.04745	0.52718
V300	0.07434	0.09068	0.23681	0.59817
V301	0.15361	0.14694	0.53465	0.16481
V302	0.54769	0.35856	0.0165	0.07725
V303	0.04689	0.55436	0.30584	0.09292
V304	0.10671	0.06698	0.62159	0.20472
V305	0.15468	0.19467	0.38941	0.26124
V306	0.6673	0.1367	0.08434	0.11166
V307	0.05945	0.8613	0.00348	0.07577
V308	0.22557	0.25672	0.2655	0.2522
V309	0.29588	0.33563	0.051	0.31749
V310	0.12179	0.33252	0.15351	0.39218
V311	0.43961	0.47571	0.01531	0.06937
V312	0.12362	0.67596	0.1179	0.08252
V313	0.08105	0.1631	0.06633	0.68952
V314	0.07156	0.46311	0.11298	0.35235
V315	0.14513	0.5821	0.04112	0.23164
V316	0.28309	0.17249	0.34301	0.20141
V317	0.11932	0.64139	0.0449	0.19439
V318	0.0869	0.5298	0.02601	0.35729
V319	0.10389	0.0923	0.70511	0.09871
V320	0.1203	0.1753	0.53238	0.17202
V321	0.53932	0.37699	0.02118	0.06252
V322	0.20191	0.3381	0.09069	0.3693
V323	0.11752	0.08563	0.12821	0.66865
V324	0.54463	0.28151	0.0879	0.08596
V325	0.27701	0.60166	0.05343	0.0679
V326	0.05432	0.53071	0.09424	0.32073
V327	0.08746	0.1929	0.13225	0.5874
V328	0.09862	0.06702	0.62214	0.21222
V329	0.19317	0.16291	0.18162	0.46231
V330	0.34414	0.05584	0.32103	0.27899
V331	0.31172	0.14272	0.08454	0.46102
V332	0.08328	0.10915	0.19775	0.60981
V333	0.36446	0.1156	0.35531	0.16463
V334	0.3194	0.05676	0.33672	0.28712
V335	0.07597	0.338	0.41668	0.16935
V336	0.18251	0.64651	0.02116	0.14982
V337	0.25896	0.39507	0.2537	0.09228
V338	0.04259	0.88962	0	0.0678
V339	0.15489	0.04552	0.72438	0.07521
V340	0.10306	0.24864	0.43249	0.21581
V341	0.09628	0.09552	0.10791	0.70029
V342	0.24559	0.0457	0.52737	0.18134
V343	0.82591	0.05202	0.04628	0.07579
V344	0.56462	0.18216	0.18835	0.06487
V345	0.06484	0.05566	0.81098	0.06852
V346	0.22956	0.15999	0.26536	0.34509
V347	0.10936	0.07615	0.15822	0.65627
V348	0.09489	0.60016	0.12392	0.18102
V349	0.30533	0.19865	0.34046	0.15555
V350	0.06793	0.73387	0.13768	0.06052
V351	0.08348	0.08588	0.35876	0.47188
V352	0.09721	0.05701	0.70767	0.13812
V353	0.73095	0.06426	0.07582	0.12897
V354	0.08655	0.63123	0.18365	0.09856
V355	0.26065	0.11944	0.40295	0.21697
V356	0.1022	0.08585	0.13555	0.6764
V357	0.14422	0.33879	0.24392	0.27308
V358	0.44557	0.15433	0.08707	0.31302
V359	0.47176	0.10993	0.07512	0.34319
V360	0.45786	0.43291	0.03319	0.07604
V361	0.04813	0.43285	0.44909	0.06993
V362	0.04336	0.88751	0.00119	0.06793
V363	0.18723	0.1575	0.40101	0.25426
V364	0.1785	0.10072	0.56986	0.15092
V365	0.25936	0.08877	0.06469	0.58719
V366	0.11041	0.62464	0.07705	0.18789
V367	0.4687	0.18851	0.03867	0.30413
V368	0.11711	0.66584	0.07398	0.14307
V369	0.06523	0.38807	0.47647	0.07023
V370	0.26962	0.28729	0.34867	0.09442
V371	0.18949	0.66435	0.02638	0.11977
V372	0.19031	0.11363	0.14874	0.54733
V373	0.123	0.1789	0.39871	0.29939
V374	0.65653	0.0449	0.23103	0.06754
V375	0.10848	0.09996	0.16935	0.62221
V376	0.10165	0.09414	0.13512	0.66909
V377	0.65389	0.04183	0.05767	0.24661
V378	0.07571	0.08563	0.36674	0.47192
V379	0.29938	0.23881	0.04639	0.41542
V380	0.17858	0.12935	0.20736	0.48471
V381	0.60022	0.05918	0.13063	0.20997
V382	0.12078	0.06383	0.7401	0.07529
V383	0.68581	0.04717	0.09349	0.17353
V384	0.45572	0.12636	0.15645	0.26147
V385	0.70949	0.05453	0.11548	0.1205
V386	0.28311	0.07278	0.17341	0.47071
V387	0.47651	0.18455	0.19816	0.14078
V388	0.31714	0.34293	0.14914	0.1908
V389	0.35151	0.50641	0.02072	0.12136
V390	0.27116	0.26867	0.39063	0.06954
V391	0.35763	0.15878	0.05927	0.42432
V392	0.35322	0.25301	0.17153	0.22224
V393	0.25616	0.25442	0.30424	0.18518
V394	0.13637	0.2608	0.12983	0.473
V395	0.21284	0.39016	0.18455	0.21245
V396	0.05114	0.86629	0	0.08256
V397	0.63634	0.12782	0.13145	0.10439
V398	0.37286	0.18257	0.12319	0.32137
V399	0.19292	0.51977	0.13583	0.15149
V400	0.05446	0.54765	0.07016	0.32774
V401	0.08586	0.18376	0.59535	0.13503
V402	0.66503	0.20653	0.06335	0.06509
V403	0.09613	0.08771	0.11499	0.70116
V404	0.12652	0.21891	0.50525	0.14932
V405	0.22689	0.09262	0.18787	0.49263
V406	0.52035	0.2826	0.04297	0.15408
V407	0.04259	0.88962	0	0.0678
V408	0.12821	0.26719	0.33716	0.26743
V409	0.08791	0.08247	0.07559	0.75403
V410	0.11471	0.78231	0.02052	0.08247
V411	0.38309	0.06379	0.049	0.50412
V412	0.1805	0.12247	0.42696	0.27007
V413	0.1002	0.46341	0.16526	0.27113
V414	0.08105	0.47814	0.2733	0.16752
V415	0.3755	0.08254	0.24053	0.30144
V416	0.06448	0.10171	0.76631	0.06751
V417	0.33196	0.59251	0.00774	0.06779
V418	0.12562	0.15733	0.16371	0.55334
V419	0.09473	0.07325	0.08288	0.74914
V420	0.04534	0.80597	0.007	0.14169
V421	0.17946	0.08269	0.57225	0.1656
V422	0.11221	0.12056	0.06298	0.70425
V423	0.12132	0.05581	0.73102	0.09186
V424	0.06136	0.09833	0.52423	0.31609
V425	0.10048	0.25625	0.487	0.15628
V426	0.12918	0.08321	0.65834	0.12927
V427	0.11045	0.39442	0.17756	0.31757
V428	0.11635	0.69911	0.04923	0.13531
V429	0.09315	0.07327	0.08989	0.74369
V430	0.60958	0.20824	0.04901	0.13317
V431	0.19851	0.07732	0.40026	0.3239
V432	0.15252	0.14966	0.09154	0.60628
V433	0.09645	0.67317	0.00065	0.22973
V434	0.30442	0.13464	0.09237	0.46857
V435	0.42521	0.06656	0.15551	0.35271
V436	0.3385	0.07067	0.14973	0.4411
V437	0.23008	0.26645	0.03955	0.46392
V438	0.49335	0.20541	0.06467	0.23657
V439	0.10184	0.15313	0.06025	0.68478
V440	0.40732	0.09561	0.07934	0.41773
V441	0.11275	0.16808	0.49424	0.22493
V442	0.27802	0.35368	0.14064	0.22766
V443	0.60797	0.04944	0.13197	0.21061
V444	0.06484	0.05566	0.81098	0.06852
V445	0.51286	0.05718	0.3326	0.09736
V446	0.07568	0.75044	0.04605	0.12784
V447	0.51045	0.14023	0.19295	0.15637
V448	0.08844	0.12531	0.20299	0.58326
V449	0.46403	0.08502	0.29326	0.1577
V450	0.15412	0.77966	0.00627	0.05996
V451	0.78392	0.08935	0.03559	0.09114
V452	0.10376	0.08004	0.11472	0.70148
V453	0.66075	0.11931	0.10114	0.1188
V454	0.04323	0.8462	0.03452	0.07606
V455	0.49611	0.07544	0.30074	0.12771
V456	0.29128	0.16333	0.34373	0.20166
V457	0.08772	0.09056	0.06793	0.75379
V458	0.25266	0.26621	0.03854	0.44258
V459	0.0606	0.71698	0.0795	0.14292
V460	0.80213	0.04302	0.0708	0.08405
V461	0.12105	0.09624	0.06571	0.717
V462	0.30595	0.28219	0.02726	0.38459
V463	0.23392	0.45834	0.14805	0.1597
V464	0.42151	0.15597	0.04362	0.3789
V465	0.33904	0.43039	0.0416	0.18896
V466	0.47543	0.23167	0.03443	0.25847
V467	0.27914	0.54325	0.07958	0.09803
V468	0.41114	0.40911	0.06517	0.11459
V469	0.07981	0.21852	0.26269	0.43898
V470	0.4455	0.16969	0.19146	0.19336
V471	0.25797	0.16243	0.07654	0.50306
V472	0.28771	0.35235	0.02076	0.33918
V473	0.12701	0.51058	0.2779	0.0845
V474	0.16133	0.06583	0.14241	0.63043
V475	0.19096	0.39976	0.09306	0.31622
V476	0.19163	0.08219	0.10365	0.62254
V477	0.48891	0.08617	0.22275	0.20217
V478	0.15498	0.55356	0.01578	0.27569
V479	0.07109	0.12107	0.66374	0.1441
V480	0.12664	0.33107	0.07133	0.47095
V481	0.17002	0.05359	0.69331	0.08308
V482	0.56393	0.20063	0.13274	0.1027
V483	0.16637	0.16476	0.10966	0.55921
V484	0.09585	0.12898	0.07729	0.69789
V485	0.14233	0.67353	0.01273	0.1714
V486	0.25025	0.29281	0.13803	0.31892
V487	0.13063	0.10814	0.12565	0.63558
V488	0.05595	0.04973	0.73374	0.16057
V489	0.21711	0.13477	0.56749	0.08063
V490	0.29593	0.33501	0.08857	0.28049
V491	0.36983	0.46339	0.04532	0.12146
V492	0.06771	0.75939	0.10521	0.06769
V493	0.09533	0.07499	0.06353	0.76616
V494	0.20105	0.19136	0.43645	0.17115
V495	0.21519	0.57788	0.1238	0.08312
V496	0.25237	0.64336	0	0.10428
V497	0.06515	0.0479	0.81077	0.07618
V498	0.28826	0.16108	0.09023	0.46044
V499	0.5042	0.29133	0.13421	0.07025
V500	0.13479	0.1554	0.60504	0.10477
V501	0.0869	0.07343	0.09015	0.74952
V502	0.44701	0.30153	0.1576	0.09386
V503	0.20868	0.15351	0.2044	0.43341
V504	0.22121	0.64548	0.0131	0.12021
V505	0.20237	0.24975	0.23519	0.31269
V506	0.1268	0.27525	0.37554	0.22242
V507	0.49456	0.15129	0.14619	0.20796
V508	0.61063	0.20833	0.07086	0.11018
V509	0.22794	0.11088	0.43604	0.22514
V510	0.21679	0.49182	0.22305	0.06834
V511	0.09916	0.41897	0.06395	0.41793
V512	0.24336	0.11092	0.11904	0.52668
V513	0.10952	0.59059	0.17785	0.12204
V514	0.09198	0.1211	0.05858	0.72834
V515	0.6216	0.11193	0.08741	0.17905
V516	0.76758	0.12485	0.03295	0.07462
V517	0.10303	0.08865	0.25135	0.55698
V518	0.8167	0.07024	0.03734	0.07572
V519	0.06917	0.78158	0.00018	0.14908
V520	0.08669	0.05322	0.52802	0.33206
V521	0.47077	0.08327	0.34805	0.09791
V522	0.06542	0.17108	0.47825	0.28524
V523	0.30826	0.17455	0.24837	0.26883
V524	0.05112	0.70104	0.1563	0.09154
V525	0.24516	0.2498	0.06114	0.4439
V526	0.51878	0.13384	0.10923	0.23814
V527	0.21568	0.07833	0.35949	0.3465
V528	0.12185	0.77408	0	0.10407
V529	0.11812	0.12292	0.2249	0.53407
V530	0.0598	0.2296	0.55357	0.15703
V531	0.05941	0.79238	0.08816	0.06006
V532	0.18773	0.34657	0.05383	0.41187
V533	0.25462	0.36331	0.1397	0.24237
V534	0.06774	0.06057	0.5993	0.27238
V535	0.46301	0.05116	0.06087	0.42496
V536	0.20947	0.05308	0.34565	0.39179
V537	0.48137	0.28383	0.15832	0.07649
V538	0.38353	0.11321	0.12182	0.38145
V539	0.24337	0.42392	0.15042	0.18228
V540	0.19783	0.63718	0.0676	0.09739
V541	0.07227	0.48737	0.07445	0.36591
V542	0.20609	0.17847	0.24137	0.37407
V543	0.73186	0.0469	0.05526	0.16598
V544	0.14849	0.14779	0.18469	0.51903
V545	0.3175	0.1942	0.10071	0.38759
V546	0.08288	0.79905	0.05043	0.06764
V547	0.07809	0.58934	0.25645	0.07612
V548	0.16385	0.69746	0.0713	0.06739
V549	0.30042	0.06882	0.54905	0.08171
V550	0.48613	0.08476	0.04212	0.38699
V551	0.18187	0.6731	0.03243	0.1126
V552	0.05793	0.51204	0.02317	0.40686
V553	0.2239	0.17993	0.50804	0.08814
V554	0.11627	0.14399	0.07444	0.6653
V555	0.1297	0.25994	0.29004	0.32032
V556	0.05629	0.06535	0.77793	0.10043
V557	0.66892	0.07632	0.05257	0.20219
V558	0.10143	0.70886	0.02543	0.16428
V559	0.05124	0.73429	0.15333	0.06113
V560	0.57197	0.33969	0.01773	0.07061
V561	0.05789	0.0566	0.8094	0.0761
V562	0.63922	0.04671	0.15525	0.15882
V563	0.24427	0.04318	0.6385	0.07405
V564	0.10375	0.11052	0.70237	0.08336
V565	0.15236	0.2843	0.31865	0.24469
V566	0.56498	0.15	0.04008	0.24494
V567	0.21314	0.4428	0.04388	0.30018
V568	0.24397	0.07124	0.10237	0.58242
V569	0.55821	0.08124	0.04036	0.3202
V570	0.07597	0.30003	0.49819	0.1258
V571	0.67252	0.1717	0.02908	0.1267
V572	0.3829	0.05107	0.40741	0.15862
V573	0.11998	0.21894	0.05006	0.61102
V574	0.07671	0.70964	0.13816	0.0755
V575	0.09116	0.14296	0.1514	0.61448
V576	0.16376	0.73349	0.02948	0.07327
V577	0.10316	0.10721	0.21967	0.56995
V578	0.1057	0.11323	0.56249	0.21858
V579	0.0517	0.79159	0.07373	0.08297
V580	0.18424	0.07221	0.14704	0.59651
V581	0.12435	0.13553	0.05484	0.68528
V582	0.46896	0.19724	0.06652	0.26728
V583	0.06905	0.0992	0.5004	0.33135
V584	0.42665	0.19416	0.27627	0.10293
V585	0.07589	0.06745	0.39888	0.45777
V586	0.2356	0.05309	0.55945	0.15185
V587	0.26025	0.05228	0.58934	0.09814
V588	0.51163	0.09853	0.06922	0.32062
V589	0.09128	0.73291	0.0549	0.12092
V590	0.08514	0.69066	0.15608	0.06812
V591	0.0762	0.10069	0.2133	0.60981
V592	0.17892	0.07138	0.68327	0.06643
V593	0.48307	0.04474	0.20937	0.26282
V594	0.29356	0.30583	0.29124	0.10936
V595	0.10095	0.08961	0.07359	0.73585
V596	0.09184	0.3061	0.20911	0.39295
V597	0.04644	0.53882	0.27679	0.13794
V598	0.07025	0.14674	0.6997	0.08331
V599	0.50971	0.34442	0.05286	0.09301
V600	0.30648	0.46583	0.06176	0.16593
V601	0.18049	0.30343	0.10236	0.41372
V602	0.10136	0.08919	0.06777	0.74168
V603	0.07336	0.38202	0.04144	0.50318
V604	0.42733	0.15856	0.31772	0.09639
V605	0.1098	0.33829	0.33078	0.22113
V606	0.58688	0.20044	0.04282	0.16986
V607	0.5299	0.06273	0.14567	0.26169
V608	0.21867	0.20235	0.3331	0.24587
V609	0.08607	0.27037	0.22054	0.42303
V610	0.62351	0.06696	0.12973	0.1798
V611	0.27501	0.06814	0.10159	0.55526
V612	0.07948	0.12921	0.66253	0.12877
V613	0.08287	0.33502	0.47947	0.10263
V614	0.6139	0.11212	0.08722	0.18676
V615	0.16948	0.11643	0.06069	0.65341
V616	0.11117	0.64135	0.0457	0.20178
V617	0.40248	0.19425	0.3394	0.06387
V618	0.59708	0.05446	0.04279	0.30567
V619	0.3351	0.08264	0.30398	0.27827
V620	0.05322	0.60682	0.27119	0.06877
V621	0.35584	0.20028	0.18346	0.26042
V622	0.31097	0.2507	0.34331	0.09501
V623	0.09036	0.13456	0.16644	0.60864
V624	0.65546	0.23323	0.02435	0.08697
V625	0.24221	0.47613	0.10055	0.18112
V626	0.8174	0.06126	0.0377	0.08363
V627	0.08304	0.08822	0.11612	0.71261
V628	0.07362	0.26134	0.05559	0.60945
V629	0.15291	0.31245	0.24625	0.28839
V630	0.08335	0.33554	0.47165	0.10947
V631	0.08585	0.23606	0.12726	0.55083
V632	0.48223	0.04632	0.17136	0.30008
V633	0.05569	0.07659	0.69244	0.17528
V634	0.34262	0.28579	0.3011	0.07048
V635	0.0721	0.69093	0.00724	0.22973
V636	0.15351	0.14728	0.52678	0.17243
V637	0.27581	0.23964	0.11282	0.37173
V638	0.32034	0.29061	0.09253	0.29652
V639	0.25015	0.42054	0.26817	0.06114
V640	0.08601	0.1832	0.61828	0.11252
V641	0.73151	0.08181	0.06641	0.12028
V642	0.62427	0.21656	0.02598	0.13318
V643	0.06662	0.22548	0.37931	0.32859
V644	0.76023	0.11534	0.042	0.08242
V645	0.24289	0.40325	0.26911	0.08475
V646	0.05099	0.88159	0	0.06742
V647	0.16908	0.1276	0.58392	0.1194
V648	0.34588	0.42867	0.13361	0.09184
V649	0.07954	0.10291	0.69623	0.12132
V650	0.10319	0.12908	0.63907	0.12866
V651	0.29295	0.0418	0.59074	0.0745
V652	0.13284	0.14375	0.37839	0.34501
V653	0.14341	0.60626	0.09215	0.15819
V654	0.56226	0.23717	0.08363	0.11694
V655	0.08621	0.53806	0.0325	0.34323
V656	0.21287	0.30202	0.04322	0.44189
V657	0.09763	0.13015	0.06258	0.70965
V658	0.48266	0.2489	0.08447	0.18398
V659	0.29243	0.13866	0.32948	0.23943
V660	0.06575	0.85184	0	0.0824
V661	0.10574	0.41866	0.07201	0.40359
V662	0.35765	0.06017	0.42367	0.15852
V663	0.23461	0.11833	0.48207	0.16499
V664	0.21038	0.10836	0.5688	0.11246
V665	0.55478	0.22908	0.06883	0.14731
V666	0.48165	0.04735	0.14113	0.32986
V667	0.63823	0.10924	0.18595	0.06658
V668	0.13831	0.73332	0.06875	0.05963
V669	0.21938	0.4056	0.22218	0.15284
V670	0.10514	0.81279	0	0.08207
V671	0.30969	0.30598	0.23731	0.14702
V672	0.07131	0.06513	0.76318	0.10037
V673	0.22109	0.37212	0.20931	0.19748
V674	0.57968	0.19232	0.05081	0.1772
V675	0.15894	0.3382	0.27456	0.2283
V676	0.09631	0.16825	0.13443	0.60101
V677	0.32334	0.40414	0.10494	0.16757
V678	0.43169	0.477	0.02184	0.06947
V679	0.09159	0.3173	0.51264	0.07846
V680	0.27242	0.51818	0.12734	0.08206
V681	0.74577	0.10651	0.04949	0.09822
V682	0.1396	0.30707	0.4514	0.10193
V683	0.05134	0.88702	0.001	0.06063
V684	0.56417	0.20133	0.11728	0.11722
V685	0.40535	0.35751	0.12954	0.1076
V686	0.13772	0.22599	0.16245	0.47383
V687	0.10145	0.08164	0.07463	0.74227
V688	0.32042	0.49875	0.00786	0.17296
V689	0.25302	0.06111	0.09734	0.58854
V690	0.39814	0.08715	0.3879	0.1268
V691	0.17906	0.0443	0.7018	0.07485
V692	0.1181	0.17378	0.58053	0.12759
V693	0.22819	0.15838	0.3288	0.28462
V694	0.08063	0.08882	0.2814	0.54915
V695	0.24435	0.06616	0.18243	0.50707
V696	0.13108	0.14355	0.06582	0.65956
V697	0.09207	0.11321	0.06552	0.7292
V698	0.67703	0.04928	0.05651	0.21718
V699	0.45552	0.31201	0.08649	0.14598
V700	0.23706	0.08926	0.05923	0.61445
V701	0.13922	0.49631	0.10885	0.25561
V702	0.44559	0.13695	0.05233	0.36514
V703	0.16545	0.10541	0.4207	0.30844
V704	0.66884	0.09296	0.06598	0.17222
V705	0.81119	0.03628	0.05358	0.09895
V706	0.12017	0.09286	0.64256	0.14441
V707	0.08188	0.41433	0.40222	0.10157
V708	0.07571	0.78312	0.01373	0.12744
V709	0.15786	0.28119	0.42862	0.13233
V710	0.48276	0.24923	0.07646	0.19154
V711	0.11525	0.71693	0.07779	0.09002
V712	0.66841	0.10185	0.04282	0.18693
V713	0.35951	0.32564	0.05721	0.25764
V714	0.05997	0.616	0.02639	0.29764
V715	0.26876	0.3422	0.26559	0.12345
V716	0.10405	0.103	0.09354	0.6994
V717	0.10485	0.81988	0	0.07527
V718	0.16142	0.5205	0.15886	0.15922
V719	0.09697	0.6411	0.03844	0.2235
V720	0.57765	0.03864	0.24766	0.13606
V721	0.15388	0.20314	0.39694	0.24604
V722	0.13403	0.35578	0.04054	0.46965
V723	0.15394	0.1419	0.05846	0.6457
V724	0.47278	0.08206	0.12333	0.32183
V725	0.05458	0.12909	0.71672	0.09962
V726	0.09064	0.38396	0.12811	0.39729
V727	0.24556	0.60296	0.08379	0.06768
V728	0.06796	0.79127	0.07274	0.06802
V729	0.35254	0.06872	0.18783	0.39091
V730	0.74667	0.07245	0.08243	0.09845
V731	0.08339	0.2341	0.33955	0.34296
V732	0.30876	0.12939	0.32212	0.23972
V733	0.51566	0.23048	0.06206	0.1918
V734	0.22886	0.31464	0.38696	0.06955
V735	0.08108	0.08345	0.42185	0.41361
V736	0.18049	0.07699	0.06385	0.67866
V737	0.28667	0.30742	0.22166	0.18426
V738	0.11682	0.33647	0.37004	0.17667
V739	0.0629	0.06339	0.51906	0.35465
V740	0.69101	0.12662	0.10085	0.08152
V741	0.39868	0.15559	0.1466	0.29914
V742	0.34823	0.57504	0.01597	0.06075
V743	0.15897	0.17211	0.5799	0.08902
V744	0.43182	0.0855	0.31775	0.16493
V745	0.06175	0.62585	0.15355	0.15885
V746	0.84737	0.03532	0.04101	0.0763
V747	0.10805	0.04973	0.59946	0.24277
V748	0.15452	0.14814	0.48766	0.20968
V749	0.26142	0.2231	0.08477	0.43071
V750	0.34548	0.45647	0.03196	0.16609
V751	0.08312	0.77476	0.02909	0.11303
V752	0.37759	0.26189	0.14622	0.2143
V753	0.09466	0.08279	0.06203	0.76052
V754	0.05186	0.82881	0	0.11933
V755	0.17061	0.23225	0.29883	0.2983
V756	0.09872	0.08137	0.0948	0.72512
V757	0.29453	0.55104	0.06384	0.09059
V758	0.08432	0.68253	0.10418	0.12896
V759	0.15933	0.11704	0.35566	0.36797
V760	0.27027	0.11397	0.26951	0.34626
V761	0.10305	0.5299	0.22993	0.13712
V762	0.0657	0.39023	0.04134	0.50272
V763	0.32569	0.36993	0.04759	0.25679
V764	0.05236	0.82748	0	0.12016
V765	0.5419	0.14238	0.03372	0.282
V766	0.06979	0.33056	0.36346	0.23619
V767	0.39653	0.17017	0.23953	0.19377
V768	0.0898	0.815	0.012	0.0832
V769	0.15528	0.75003	0.0211	0.07359
V770	0.05099	0.88159	0	0.06742
V771	0.1864	0.05309	0.67764	0.08287
V772	0.16207	0.0815	0.6821	0.07432
V773	0.17112	0.7548	0.00022	0.07386
V774	0.07206	0.04797	0.77946	0.10051
V775	0.15534	0.10243	0.27122	0.47101
V776	0.35491	0.42076	0.06479	0.15954
V777	0.1935	0.17177	0.15866	0.47608
V778	0.43227	0.3041	0.0881	0.17553
V779	0.18982	0.09545	0.42903	0.2857
V780	0.13198	0.69904	0.10894	0.06004
V781	0.113	0.09617	0.07948	0.71135
V782	0.06063	0.15698	0.65348	0.12891
V783	0.63875	0.06812	0.09096	0.20217
V784	0.12984	0.79848	0.00501	0.06667
V785	0.07574	0.83748	0.00402	0.08276
V786	0.57952	0.2009	0.10982	0.10977
V787	0.04444	0.7606	0.12723	0.06773
V788	0.41426	0.3208	0.15664	0.1083
V789	0.1174	0.37438	0.05339	0.45484
V790	0.38494	0.0866	0.1174	0.41106
V791	0.15707	0.37323	0.2793	0.19041
V792	0.15678	0.51157	0.01847	0.31317
V793	0.14444	0.59965	0.03916	0.21676
V794	0.09559	0.12072	0.64733	0.13636
V795	0.1545	0.10792	0.10294	0.63464
V796	0.07914	0.11952	0.7103	0.09104
V797	0.63283	0.03728	0.24716	0.08273
V798	0.50337	0.31832	0.09346	0.08485
V799	0.14919	0.6984	0.02449	0.12792
V800	0.1186	0.08124	0.44571	0.35445
V801	0.16604	0.17062	0.29682	0.36651
V802	0.09873	0.14034	0.26141	0.49953
V803	0.21643	0.49179	0.23113	0.06065
V804	0.44005	0.05897	0.36601	0.13497
V805	0.06528	0.04776	0.81849	0.06848
V806	0.0831	0.81391	0.00582	0.09717
V807	0.24779	0.20508	0.07328	0.47385
V808	0.53543	0.29906	0.06392	0.10159
V809	0.08917	0.07359	0.76983	0.06742
V810	0.05035	0.88269	0	0.06695
V811	0.35775	0.12966	0.21233	0.30026
V812	0.44078	0.29461	0.07368	0.19093
V813	0.48222	0.22941	0.19358	0.09479
V814	0.3672	0.51428	0.05037	0.06814
V815	0.04331	0.83057	0.05799	0.06813
V816	0.79565	0.03495	0.1009	0.06851
V817	0.07962	0.11079	0.72566	0.08393
V818	0.08281	0.11347	0.08591	0.7178
V819	0.67505	0.12806	0.08524	0.11166
V820	0.16768	0.15694	0.07011	0.60527
V821	0.21316	0.32539	0.33037	0.13108
V822	0.11292	0.06419	0.73136	0.09153
V823	0.07836	0.22015	0.552	0.14949
V824	0.12269	0.36965	0.44545	0.06222
V825	0.21587	0.31068	0.2296	0.24385
V826	0.36288	0.41124	0.15063	0.07524
V827	0.3256	0.5671	0.01663	0.09067
V828	0.22255	0.21539	0.13089	0.43118
V829	0.09945	0.27901	0.07195	0.54959
V830	0.22155	0.26707	0.06111	0.45027
V831	0.62096	0.13907	0.06894	0.17102
V832	0.24461	0.39804	0.16008	0.19727
V833	0.16299	0.47817	0.16275	0.19609
V834	0.27363	0.13565	0.11526	0.47546
V835	0.30593	0.43929	0.1176	0.13718
V836	0.0603	0.62316	0.01246	0.30408
V837	0.21335	0.38171	0.17709	0.22786
V838	0.77751	0.07964	0.06754	0.0753
V839	0.27017	0.56863	0.09363	0.06756
V840	0.2667	0.66965	0.00371	0.05994
V841	0.05537	0.08484	0.73755	0.12224
V842	0.30659	0.20995	0.24555	0.23791
V843	0.07048	0.06562	0.72523	0.13866
V844	0.15006	0.14386	0.33879	0.3673
V845	0.11028	0.14712	0.61413	0.12846
V846	0.05852	0.06079	0.63797	0.24272
V847	0.08884	0.07477	0.07032	0.76607
V848	0.12314	0.47965	0.15646	0.24074
V849	0.04233	0.85994	0	0.09773
V850	0.8263	0.03565	0.05417	0.08388
V851	0.29592	0.50846	0.13577	0.05986
V852	0.15289	0.11448	0.15863	0.574
V853	0.2318	0.25398	0.34437	0.16986
V854	0.47604	0.21388	0.12532	0.18475
V855	0.08884	0.07477	0.07032	0.76607
V856	0.09327	0.35729	0.29847	0.25096
V857	0.54022	0.22109	0.06174	0.17695
V858	0.47214	0.04749	0.40657	0.07379
V859	0.52856	0.27355	0.04385	0.15404
V860	0.2037	0.1722	0.09272	0.53138
V861	0.12316	0.35244	0.44675	0.07765
V862	0.16002	0.12761	0.59994	0.11242
V863	0.21356	0.12271	0.05077	0.61296
V864	0.12436	0.10227	0.09875	0.67462
V865	0.15773	0.0685	0.26632	0.50745
V866	0.60052	0.05607	0.26138	0.08203
V867	0.60066	0.06454	0.2606	0.0742
V868	0.41525	0.30418	0.14147	0.13909
V869	0.05865	0.87417	0	0.06718
V870	0.14201	0.35604	0.04677	0.45519
V871	0.04233	0.85994	0	0.09773
V872	0.08163	0.08226	0.25144	0.58467
V873	0.73183	0.07213	0.09012	0.10592
V874	0.19546	0.72289	0.02235	0.05929
V875	0.08149	0.23613	0.20103	0.48136
V876	0.173	0.33516	0.3454	0.14644
V877	0.09264	0.39359	0.25597	0.2578
V878	0.14727	0.74032	0.05277	0.05963
V879	0.19039	0.63111	0.04331	0.13519
V880	0.27314	0.5259	0.0134	0.18756
V881	0.17224	0.09397	0.50813	0.22566
V882	0.65563	0.03728	0.16324	0.14385
V883	0.26315	0.22311	0.44948	0.06426
V884	0.08531	0.30442	0.03558	0.5747
V885	0.58545	0.24401	0.10583	0.06471
V886	0.0663	0.36476	0.38462	0.18432
V887	0.51191	0.11482	0.17916	0.19412
V888	0.13751	0.09218	0.61877	0.15154
V889	0.76144	0.08951	0.05854	0.09051
V890	0.08853	0.18609	0.50838	0.217
V891	0.51205	0.09327	0.2831	0.11158
V892	0.26184	0.23102	0.04852	0.45862
V893	0.46607	0.24848	0.16148	0.12398
V894	0.10702	0.31774	0.47299	0.10225
V895	0.47947	0.11491	0.21164	0.19398
V896	0.07522	0.84207	0	0.08271
V897	0.55874	0.28885	0.02855	0.12385
V898	0.39919	0.05469	0.05626	0.48986
V899	0.09109	0.23603	0.15595	0.51692
V900	0.1189	0.31285	0.30906	0.25918
V901	0.07726	0.74959	0.0023	0.17085
V902	0.08285	0.81441	0.03528	0.06746
V903	0.05506	0.40752	0.42817	0.10926
V904	0.05813	0.87511	0	0.06676
V905	0.18383	0.06059	0.19876	0.55682
V906	0.34244	0.14993	0.13353	0.3741
V907	0.35966	0.49783	0.02917	0.11333
V908	0.08815	0.11208	0.11229	0.68748
V909	0.1477	0.7253	0	0.12699
V910	0.19158	0.0629	0.15533	0.59018
V911	0.41918	0.40096	0.04983	0.13003
V912	0.32522	0.34358	0.13321	0.19799
V913	0.15884	0.0702	0.06649	0.70447
V914	0.18563	0.46674	0.24879	0.09883
V915	0.23088	0.06495	0.06242	0.64175
V916	0.24257	0.09893	0.5462	0.1123
V917	0.57571	0.07601	0.19044	0.15784
V918	0.08708	0.5735	0.19541	0.14401
V919	0.20145	0.26668	0.26499	0.26688
V920	0.49054	0.23916	0.11567	0.15463
V921	0.09818	0.21116	0.07265	0.618
V922	0.12767	0.44174	0.32288	0.10772
V923	0.13396	0.08607	0.09353	0.68644
V924	0.07729	0.60655	0.22428	0.09189
V925	0.19897	0.09907	0.06747	0.63449
V926	0.21473	0.08961	0.08105	0.61461
V927	0.09608	0.10332	0.10048	0.70012
V928	0.08265	0.79762	0	0.11973
V929	0.09618	0.58268	0.11764	0.20351
V930	0.41257	0.38371	0.0512	0.15252
V931	0.15766	0.29015	0.41981	0.13237
V932	0.09033	0.15933	0.50255	0.2478
V933	0.49068	0.40588	0.02727	0.07618
V934	0.07364	0.20091	0.25687	0.46859
V935	0.45152	0.20375	0.21213	0.13259
V936	0.42446	0.30506	0.04306	0.22742
V937	0.43815	0.17987	0.1142	0.26779
V938	0.3262	0.10157	0.29425	0.27798
V939	0.60794	0.0682	0.11371	0.21015
V940	0.06832	0.70915	0.12445	0.09808
V941	0.05807	0.048	0.81759	0.07634
V942	0.5943	0.22665	0.0923	0.08676
V943	0.33829	0.16921	0.37456	0.11794
V944	0.08327	0.2968	0.09175	0.52818
V945	0.45228	0.37319	0.0294	0.14513
V946	0.37425	0.28572	0.23817	0.10186
V947	0.13353	0.11395	0.23252	0.52001
V948	0.30827	0.06904	0.5336	0.08909
V949	0.07189	0.16792	0.20764	0.55255
V950	0.09772	0.49773	0.1854	0.21914
V951	0.68684	0.05446	0.18372	0.07498
V952	0.12061	0.18219	0.24993	0.44727
V953	0.07075	0.09334	0.73593	0.09998
V954	0.09866	0.22728	0.15681	0.51725
V955	0.14601	0.5553	0.03745	0.26124
V956	0.09472	0.08187	0.44639	0.37703
V957	0.30539	0.0771	0.05089	0.56662
V958	0.09533	0.07499	0.06353	0.76616
V959	0.22199	0.27942	0.36648	0.13212
V960	0.22564	0.30238	0.10159	0.37038
V961	0.15628	0.38058	0.2948	0.16834
V962	0.31243	0.20694	0.34761	0.13302
V963	0.47551	0.21212	0.17215	0.14022
V964	0.68561	0.07327	0.13585	0.10527
V965	0.09957	0.47226	0.17182	0.25635
V966	0.81827	0.05253	0.04536	0.08384
V967	0.1093	0.0988	0.45273	0.33917
V968	0.05227	0.18365	0.63535	0.12873
V969	0.07665	0.31359	0.06883	0.54092
V970	0.0933	0.17187	0.36813	0.3667
V971	0.41252	0.13295	0.31279	0.14174
V972	0.41128	0.24384	0.07829	0.26659
V973	0.24488	0.41587	0.09037	0.24887
V974	0.05249	0.70092	0.1106	0.136
V975	0.13267	0.29873	0.49784	0.07075
V976	0.36031	0.28085	0.13	0.22885
V977	0.2845	0.35912	0.28767	0.06871
V978	0.12183	0.15084	0.10714	0.62019
V979	0.66388	0.05582	0.20536	0.07494
V980	0.84737	0.03532	0.04101	0.0763
V981	0.30167	0.08216	0.39082	0.22535
V982	0.36306	0.4029	0.08911	0.14493
V983	0.56596	0.11526	0.04373	0.27504
V984	0.06021	0.75069	0.09087	0.09823
V985	0.12579	0.23545	0.04767	0.59109
V986	0.28179	0.50027	0.05957	0.15837
V987	0.22643	0.69169	0	0.08188
V988	0.22238	0.08213	0.0676	0.62789
V989	0.36919	0.46325	0.08464	0.08293
V990	0.05517	0.09477	0.66019	0.18987
V991	0.5311	0.37713	0.01501	0.07676
V992	0.2142	0.05684	0.45693	0.27203
V993	0.10056	0.65068	0.14317	0.10559
V994	0.18839	0.71423	0.02358	0.0738
V995	0.58839	0.15817	0.06809	0.18535
V996	0.25689	0.17933	0.05434	0.50944
V997	0.07277	0.05864	0.69312	0.17547
V998	0.71745	0.05459	0.10747	0.12049
V999	0.1365	0.79728	0	0.06622
V1000	0.29068	0.08609	0.0504	0.57283
