Neutrophils	T_cells_.gamma.delta.	Monocytes_CD14.CD16.	Macrophage	T_cells_.CD4..	Fibroblasts	Endothelial_cells	Keratinocytes	CD34.	Platelets
V1	0.01105	0.00195	0.05122	0.00587	0.14248	0.00328	0.03004	0.00024	0.01818	0.73568
V2	0.60098	0.01106	0.05699	0.00563	0.05437	0.21584	0.04673	0	0.0084	0
V3	0.10948	0.06542	0.12343	0.02359	0.3707	0.01454	0.11705	0.1148	0.04192	0.01908
V4	0.00197	0.07123	0.06956	0.00544	0.10268	0.06669	0.02361	0.01355	0.43279	0.21248
V5	0	0.08599	0.04725	0.05753	0.03968	0.05311	0.02485	7e-04	0.01375	0.67712
V6	0.00908	0.08768	0.21696	0.03313	0.5065	0.02835	0.03275	0.05365	0.03189	0
V7	0	0.50429	0.03776	0.0128	0.25921	0.01519	0.07906	0.05973	0.03129	0.00066
V8	0	0.53485	0.07226	0.00828	0.06292	0.02829	0.02316	0.21322	0.04457	0.01244
V9	0.00609	0.01501	0.11161	0.1219	0.09716	0.02685	0.21474	0.35171	0.05124	0.0037
V10	0.00078	0.08982	0.04483	0.01315	0.58344	0.06706	0.04557	0.11846	0.03691	0
V11	0.00774	0.52322	0.03604	0.00437	0.06462	0.04955	0.02283	0.19525	0.07195	0.02442
V12	0.0062	0.0352	0.19084	0.39219	0.07731	0.00377	0.10266	0.00741	0.01524	0.16918
V13	0.08376	0.02402	0.13565	0.02288	0.11546	0.1028	0.39038	0.00821	0.1059	0.01094
V14	0.06693	0.42165	0.15155	0.05913	0.08381	0.04625	0.13085	0.01131	0.0265	0.00203
V15	0.21923	0.02251	0.16687	0.44607	0.06001	0.01607	0.04526	0.00678	0.01721	0
V16	0.00865	0.06871	0.23338	0.45012	0.07967	0.03995	0.02144	0.0022	0.08983	0.00604
V17	0.01406	0.09332	0.02243	0.00655	0.0495	0.05971	0.04533	0.00505	0.02235	0.68169
V18	0.05329	0.06286	0.08358	0.22123	0.02971	0.00871	0.01992	0.00092	0.01389	0.50588
V19	0	0	0.03527	0.04772	0.01443	0.06082	0.02178	0.00531	0.01198	0.80269
V20	0.00107	0.20263	0.04138	0.0214	0.09063	0.01288	0.47219	0.0327	0.01974	0.10537
V21	0.0925	0.41153	0.04351	0.00633	0.0625	0.28841	0.02974	0.02526	0.03021	0.01002
V22	0.00037	0	0.02534	0.0037	0.029	0.01574	0.02651	0.17522	0.05228	0.67182
V23	0.24288	0.04271	0.46046	0.04021	0.04103	0.00465	0.01712	0.00149	0.01395	0.13549
V24	0.02005	0.57327	0.07107	0.00644	0.07697	0.00778	0.08535	0.05813	0.09762	0.00331
V25	0.01736	0.09003	0.04685	0.02101	0.0935	0.09655	0.03883	0.00083	0.12761	0.46744
V26	0.0102	0.01148	0.09798	0.02485	0.08823	0.03457	0.05534	0.62586	0.05149	0
V27	0.00102	0.0375	0.03129	0.00594	0.29658	0.0036	0.04561	0	0.02357	0.55489
V28	0.22139	0	0.03504	0.00128	0.00818	0.01625	0.03772	0.01648	0.00957	0.65408
V29	0.00455	0.62919	0.02986	0.00718	0.05905	0.0901	0.02162	0.01691	0.02413	0.11741
V30	0.00396	0.02236	0.12779	0.02836	0.10472	0.23574	0.26327	0.0034	0.19928	0.01111
V31	0.00766	0.34064	0.20977	0.02201	0.10197	0.01316	0.02514	0.22997	0.03822	0.01147
V32	0.46459	0.03245	0.06952	0.00604	0.23598	0.03384	0.05504	0	0.08874	0.0138
V33	0.03052	0.03551	0.23828	0.40209	0.0782	0.00412	0.19369	0.00233	0.01526	0
V34	0.00104	0.02703	0.02938	0.00364	0.17614	0.00374	0.03073	0.01001	0.04774	0.67054
V35	0.00845	0.78909	0.03657	0.00261	0.06311	0.0148	0.02897	0.01736	0.0321	0.00694
V36	0.04808	0.03129	0.05283	0.02341	0.12495	0.01366	0.66476	0.02195	0.01907	0
V37	0	0.49952	0.03741	0.00926	0.09288	0.00683	0.28151	0.02537	0.03092	0.0163
V38	0.11182	0.0168	0.09181	0.14813	0.10227	0.00421	0.5004	0.00267	0.0219	0
V39	0.06933	0.01988	0.09672	0.14484	0.12614	0.00465	0.49122	0.01474	0.02263	0.00987
V40	0.11022	0.05506	0.59912	0.0561	0.12411	0	0.01919	0.00214	0.01837	0.0157
V41	0.56469	0.05443	0.08946	0.00398	0.05235	0.00055	0.02553	0.0025	0.19206	0.01445
V42	0	0.58279	0.03672	0.00463	0.25464	0.00644	0.02191	0.00498	0.03284	0.05504
V43	0.12174	0.04172	0.13956	0.07854	0.21562	0.03378	0.22429	0.01975	0.125	0
V44	0.02607	0.03008	0.5051	0.05076	0.06346	0.01149	0.02673	0.25155	0.03475	0
V45	0.0049	0.00815	0.08103	0.01958	0.11886	0.00662	0.26015	0.00195	0.44323	0.05551
V46	0.13983	0.07498	0.08315	0.17401	0.04802	0.00265	0.0198	0.00978	0.01465	0.43313
V47	0.00761	0.01572	0.05626	0.02693	0.12221	0.01522	0.71588	0.00421	0.02149	0.01447
V48	0.00995	0	0.0317	0.00216	0.02637	0.00363	0.02782	0.00073	0.07078	0.82686
V49	0.18644	0.00587	0.04985	0.02076	0.06824	0.02692	0.04103	0.55835	0.04253	0
V50	0.29154	0.16938	0.05136	0.0084	0.06626	0.37429	0.01832	0.00132	0.01913	0
V51	0.14975	0.03619	0.51251	0.04614	0.10451	0.00104	0.02544	0.04373	0.05621	0.02448
V52	0.00961	0.02418	0.20254	0.27745	0.09221	0.00468	0.35847	0.00873	0.02213	0
V53	0.38021	0.00777	0.12551	0.07888	0.04035	0.00389	0.02742	0.09397	0.01628	0.22572
V54	0	0.04368	0.04412	0.01847	0.21856	0.62246	0.02852	0.0054	0.01879	0
V55	0.00695	0.03468	0.1821	0.57071	0.11033	0.01213	0.0494	0.0031	0.01554	0.01507
V56	0.13513	0.04385	0.47625	0.06197	0.10857	0.11685	0.0183	0	0.01573	0.02334
V57	0.02355	0.03272	0.49995	0.2024	0.06551	0.00846	0.02498	0.02221	0.08312	0.03711
V58	0.00946	0.18833	0.10799	0.13353	0.07981	0.42139	0.03363	0.00385	0.022	0
V59	0.02711	0.06427	0.05293	0.02403	0.11629	0.01381	0.67663	0.00358	0.01996	0.00138
V60	0.68604	0.01038	0.07619	0.00363	0.08639	0	0.02154	0	0.11551	0.00033
V61	0	0.01861	0.07549	0.04185	0.09306	0.71667	0.02831	0.00693	0.01438	0.00469
V62	0.01895	0	0.03714	0.0214	0.07016	0.00351	0.35148	0.00675	0.03897	0.45165
V63	0	0.23363	0.05306	0.01286	0.18723	0.43296	0.02996	0.00304	0.02621	0.02107
V64	0.06519	0.02061	0.29902	0.22587	0.05862	0.01678	0.02614	0.19612	0.0243	0.06735
V65	0.05897	0.03126	0.13602	0.29647	0.07367	0.01145	0.08048	0.18317	0.09946	0.02905
V66	9e-05	0.08851	0.04846	0.00941	0.50052	0.02648	0.05307	0.01846	0.04782	0.20718
V67	0.01745	0.17616	0.4276	0.07694	0.07147	0.03573	0.08784	0.01012	0.0564	0.04028
V68	0.01699	0.01779	0.07831	0.01123	0.11899	0.01745	0.03293	0.25555	0.45076	0
V69	0.03793	0.05375	0.71796	0.08076	0.06541	0	0.01822	0	0.01826	0.00771
V70	0.66084	0.01218	0.1368	0.00899	0.04011	0.02198	0.04646	0.00178	0.07085	0
V71	0.02967	0.00796	0.05156	0.0266	0.08539	0.03503	0.04882	0.63819	0.05202	0.02476
V72	0.20305	0.02157	0.09465	0.20752	0.15478	0.00263	0.02387	0.00501	0.02281	0.26411
V73	0.02629	0.1248	0.05954	0.01977	0.65845	0.02071	0.0432	0.00585	0.03471	0.00669
V74	0.00883	0	0.06453	0.13609	0.01952	0.02962	0.02114	0.00552	0.01205	0.7027
V75	0.0099	0.08579	0.24443	0.37596	0.0899	0.01188	0.02135	0.00752	0.15327	0
V76	0	0.02625	0.05084	0.02358	0.09198	0.75287	0.03084	0.00758	0.01606	0
V77	0.00223	0.01944	0.10538	0.26158	0.09149	0.22172	0.27151	0.00485	0.01501	0.00681
V78	0.00011	0.41287	0.06396	0.01156	0.09296	0.01162	0.29065	0.00059	0.02194	0.09374
V79	0.00181	0.03272	0.12483	0.25021	0.08733	0.2299	0.03003	0.00358	0.20633	0.03327
V80	0.3331	0	0.04166	0.00605	0.02144	0.00055	0.04321	0	0.04925	0.50474
V81	0	0.04221	0.07556	0.14962	0.1901	0.49392	0.02626	0.00494	0.01739	0
V82	0.05191	0.45985	0.09668	0.21467	0.06478	0.02058	0.01852	0.04972	0.0233	0
V83	0.0269	0.06436	0.16108	0.40349	0.08456	0.01277	0.02824	0.19353	0.02508	0
V84	0.02011	0.02577	0.05975	0.04488	0.16687	0.457	0.20409	0.00503	0.01649	0
V85	0.17906	0.01127	0.37152	0.03842	0.03318	0	0.01873	0	0.0151	0.33271
V86	0.26112	0.02701	0.31348	0.29627	0.05468	0.00777	0.02045	0	0.01358	0.00564
V87	0.00648	0.03369	0.10145	0.01696	0.15081	0.00814	0.0259	0.00102	0.65555	0
V88	0.00433	0.30341	0.155	0.4177	0.06645	0.00567	0.02578	0.00167	0.01999	0
V89	0.00615	0.01526	0.0592	0.05107	0.12192	0.00938	0.64603	0.06887	0.02211	0
V90	0.01367	0.05505	0.31094	0.03262	0.02863	0.01786	0.01808	0	0.01472	0.50841
V91	0.04636	0.04504	0.7043	0.07273	0.06962	0	0.01808	0.00242	0.02298	0.01847
V92	0.00682	0.02342	0.05788	0.0256	0.12289	0.01489	0.68593	0.00398	0.05722	0.00138
V93	0.00675	0.04894	0.12773	0.01662	0.12315	0.00659	0.23893	0.01489	0.4164	0
V94	0.76979	0.00312	0.09155	0.00465	0.03177	0.02122	0.03652	0.02098	0.01255	0.00785
V95	0.00557	0.02133	0.05021	0.02303	0.11807	0.01609	0.49914	0.2304	0.03617	0
V96	0.02504	0.12556	0.35679	0.33851	0.06442	0.01648	0.01885	0.0117	0.03288	0.00976
V97	0.0055	0.0092	0.04952	0.02271	0.10712	0.00605	0.64302	0.0036	0.0245	0.12879
V98	0	0.25175	0.05469	0.05113	0.18647	0.02197	0.05799	0.07533	0.14788	0.15278
V99	0.53953	0.00377	0.08328	0.00512	0.0655	0.00071	0.08772	0.00319	0.20813	0.00304
V100	0.18004	0.02328	0.1067	0.18291	0.08798	0.25984	0.03469	0.00251	0.10609	0.01597
V101	0	0	0.02266	0.00455	0.02732	0.05974	0.13932	0.02511	0.01256	0.70873
V102	0.04032	0.20951	0.03901	0.0115	0.13809	0.27349	0.14516	0.09378	0.02873	0.0204
V103	0.07681	0.01781	0.09966	0.01499	0.1172	0.00712	0.02486	0.0073	0.62293	0.01132
V104	0.04731	0.0446	0.71318	0.06849	0.06155	0	0.01812	0	0.03926	0.00749
V105	0.32243	0.00761	0.13168	0.02164	0.05638	0.13033	0.02768	0.27261	0.02964	0
V106	0.01616	0.61045	0.21335	0.01823	0.05758	0.02478	0.01455	0	0.02589	0.01901
V107	0.2579	0.1969	0.06602	0.01215	0.25684	0.01823	0.031	0.02978	0.13119	0
V108	0	0	0.05894	0.12446	0.05122	0.31588	0.02238	0.01935	0.01833	0.38944
V109	0	0.04211	0.04983	0.02772	0.09513	0.72204	0.03536	0.00702	0.0208	0
V110	0.00293	0.12274	0.05644	0.01356	0.65038	0.00752	0.03809	0.06382	0.03818	0.00634
V111	0.00584	0.02427	0.05427	0.03085	0.1801	0.00638	0.66009	0.00352	0.02123	0.01345
V112	0.00347	0.00999	0.04518	0.01761	0.09182	0.00491	0.52432	0.00282	0.05543	0.24446
V113	0.01409	0	0.0775	0.0062	0.09812	0.05215	0.03825	0.02042	0.49496	0.19831
V114	0.01861	0.01908	0.10899	0.00972	0.12422	0.00791	0.0254	0.00785	0.66563	0.01258
V115	0	0.78078	0.04501	0.00351	0.0644	0.00731	0.03549	0	0.04348	0.02003
V116	0.42294	0.07705	0.06318	0.00754	0.04836	0.0186	0.03841	0.29865	0.02526	0
V117	0.01855	0.01615	0.05697	0.02701	0.12284	0.00767	0.72354	0.00414	0.02169	0.00144
V118	0.0191	0.01644	0.04961	0.02165	0.08875	0.741	0.03582	0.0133	0.01432	0
V119	0.00349	0.04087	0.15935	0.44118	0.08314	0.15488	0.04196	0.00376	0.07137	0
V120	0.5955	0.01263	0.2352	0.01895	0.03709	0.06989	0.01907	0	0.00939	0.00229
V121	0.04079	0.10095	0.24397	0.03564	0.0905	0.09802	0.29065	0.0127	0.02219	0.06461
V122	0.00803	0.03197	0.17228	0.01846	0.11822	0.0532	0.14298	0.00122	0.44043	0.01322
V123	0.01457	0.0539	0.04761	0.02141	0.36964	0.02017	0.04156	0.36273	0.06842	0
V124	0.65686	0.04082	0.06018	0.00405	0.03282	0.00553	0.02875	0.15566	0.01534	0
V125	0.00411	0.16123	0.12329	0.03831	0.08243	0.1272	0.04584	0.37659	0.041	0
V126	0.00261	0.16302	0.05763	0.01279	0.60893	0.00707	0.03585	0.04885	0.06325	0
V127	0.02404	0.03823	0.49516	0.04948	0.07914	0.00097	0.20552	0	0.09074	0.01672
V128	0.01605	0.19562	0.38994	0.03767	0.26339	0.04531	0.02195	0.00371	0.02429	0.00206
V129	0.01681	0.07745	0.14238	0.19446	0.15071	0.01346	0.02386	0.00115	0.35624	0.02349
V130	0.02301	0.03405	0.42923	0.04526	0.06481	0.01569	0.02997	0.32516	0.03283	0
V131	0.03604	0.35618	0.38044	0.08893	0.05952	0.00899	0.02148	0	0.04298	0.00544
V132	0.10236	0.0181	0.05788	0.02073	0.14668	0.00671	0.55996	0.06692	0.02066	0
V133	0.00298	0.03819	0.08123	0.17217	0.08295	0.12062	0.0901	0.37864	0.03311	0
V134	0.01724	0.05593	0.20186	0.05926	0.21485	0.0027	0.16976	0.00528	0.03135	0.24176
V135	0.00987	0.17959	0.20944	0.01873	0.10752	0.00562	0.03538	0	0.43195	0.00189
V136	0	0.51484	0.05921	0.12734	0.05265	0.00527	0.01652	0	0.02322	0.20095
V137	0.00214	0.02488	0.0613	0.02882	0.12536	0.2769	0.41704	0.00476	0.0588	0
V138	0.01208	0.02369	0.04762	0.0155	0.09175	0.00411	0.46316	0.00229	0.04327	0.29653
V139	0.55458	0.01752	0.07927	0.00999	0.09792	0.06508	0.02067	0	0.15497	0
V140	0.03497	0.03523	0.3453	0.39224	0.08634	0.04368	0.02685	0.00101	0.01489	0.01949
V141	0.01712	0.02945	0.18675	0.58726	0.07399	0.02572	0.02315	0.00325	0.01434	0.03897
V142	0.00593	0.01791	0.09888	0.19225	0.10449	0.00565	0.52995	0.00378	0.0175	0.02366
V143	0	0.7418	0.0493	0.04745	0.07045	0.01443	0.01634	0	0.0539	0.00632
V144	0.00276	0.01485	0.05274	0.03062	0.10913	0.28765	0.4667	0.01781	0.01774	0
V145	0.03533	0.0945	0.1509	0.42353	0.07257	0.03109	0.02542	0.13962	0.02704	0
V146	0.01748	0.01244	0.39435	0.03639	0.04836	0.01599	0.05443	0.08549	0.02333	0.31175
V147	0.00347	0.01409	0.07174	0.01294	0.18271	0.00636	0.02661	0.01955	0.41125	0.25128
V148	0.01663	0.02765	0.09527	0.00902	0.12307	0.04844	0.05485	0.00129	0.62379	0
V149	0.00604	0.03175	0.16576	0.47584	0.07858	0.00853	0.02511	0.08007	0.12497	0.00333
V150	0.05629	0	0.02829	0.00181	0.08071	0.00783	0.02743	0.00445	0.03585	0.75734
V151	0.00854	0	0.04196	0.00325	0.0135	0.05425	0.02242	0.00077	0.01322	0.84207
V152	0.00564	0.0027	0.04218	0.01614	0.07878	0.02995	0.0506	0.57109	0.04675	0.15616
V153	0.00303	0.11204	0.05602	0.01414	0.64244	0.00864	0.03867	0.08598	0.03904	0
V154	0.07472	0.04519	0.51156	0.25786	0.06118	0.01435	0.01915	0	0.01554	0.00045
V155	0.04875	0.0061	0.05967	0.01347	0.08738	0.10947	0.03768	0.41732	0.21871	0.00145
V156	0.10404	0.03901	0.18931	0.03534	0.07383	0.39428	0.04077	0.03325	0.08398	0.00619
V157	0	0.4112	0.0545	0.04712	0.20814	0.20341	0.02137	0.00084	0.04175	0.01166
V158	0.27586	0.50002	0.05031	0.00771	0.08497	0.00408	0.02871	0.02616	0.02219	0
V159	0.0294	0.06894	0.23697	0.05494	0.27066	0.02533	0.03303	0.06959	0.02526	0.18587
V160	0.01958	0.79362	0.0385	0.00282	0.0624	0.00765	0.01646	0	0.03895	0.02001
V161	0.00873	0.03317	0.19596	0.61302	0.07952	0.013	0.02401	0.00347	0.02639	0.00272
V162	0.0041	0	0.0386	0.00344	0.01886	0.00425	0.02576	0.00079	0.01796	0.88625
V163	0.11057	0.04494	0.64612	0.05929	0.05397	0.01203	0.01725	0.0131	0.01538	0.02736
V164	0.03621	0.04278	0.70736	0.07264	0.0597	0.0121	0.02926	0	0.02158	0.01837
V165	0.01194	0	0.24426	0.02233	0.03688	0.00205	0.02054	0.00843	0.0196	0.63396
V166	0.04515	0.10009	0.15158	0.44734	0.06574	0.01286	0.03453	0.05131	0.05003	0.04138
V167	0.77928	0.00612	0.08253	0.00898	0.04168	0	0.02185	0	0.05955	0
V168	0.05669	0.02313	0.05377	0.01276	0.08295	0.25591	0.03875	0.28966	0.17077	0.01562
V169	0	0	0.05905	0.11973	0.03098	0.13561	0.02127	0.01134	0.01179	0.61023
V170	0.01891	0.01086	0.10423	0.00993	0.12836	0.00833	0.02601	0.00109	0.69228	0
V171	0.00728	0.02203	0.24452	0.08139	0.0983	0.34043	0.05666	0.04117	0.10008	0.00815
V172	0.00435	0.03159	0.06064	0.02428	0.12064	0.13045	0.57573	0.01053	0.04176	0
V173	0.01108	0	0.03802	0.0138	0.07266	0.01653	0.43286	0.0023	0.03551	0.37723
V174	0.00915	0.08889	0.25853	0.31636	0.13631	0.0234	0.02777	0.01207	0.01827	0.10925
V175	0.72705	0.01108	0.16211	0.01183	0.04037	0	0.03726	0.00122	0.00907	0
V176	0.17904	0.01096	0.04888	0.01378	0.07776	0.5949	0.02269	0.00419	0.04552	0.00228
V177	0.60379	0	0.07839	0.07741	0.03103	0	0.0203	0.00671	0.015	0.16737
V178	0.18974	0.01276	0.04922	0.03486	0.10005	0.50518	0.02814	0.00336	0.01316	0.06353
V179	0.17538	0.0924	0.06366	0.01831	0.57418	0.00353	0.03457	0	0.03227	0.0057
V180	0.41983	0.10954	0.11826	0.2516	0.05083	0.00746	0.02471	0	0.01778	0
V181	0.02507	0.17059	0.54932	0.05086	0.07749	0.00641	0.08462	0	0.01799	0.01764
V182	0.00292	0.04596	0.0536	0.04152	0.32331	0.04334	0.0406	0.36174	0.0856	0.0014
V183	0.01389	0.15494	0.14976	0.45082	0.07388	0.01195	0.12581	0.00271	0.01624	0
V184	0.17176	0.00737	0.04002	0.02033	0.05166	0.45811	0.02095	0.02488	0.01244	0.19247
V185	0.55187	0.00819	0.10231	0.14739	0.0482	0.00256	0.02201	0.05928	0.05817	0
V186	0.72538	0.01441	0.09297	0.08135	0.03963	0	0.03163	0.00183	0.0128	0
V187	0.66155	0.00645	0.15441	0.01525	0.03618	0	0.02518	0.00136	0.05659	0.04304
V188	0.08156	0.17825	0.06239	0.07083	0.48886	0.00423	0.0451	0.01187	0.03645	0.02047
V189	0.7481	0.0057	0.08962	0.0592	0.03297	0.00994	0.02163	0.00169	0.01291	0.01826
V190	0.00406	0.02701	0.0906	0.00945	0.17058	0.09094	0.02581	0.00148	0.58006	0
V191	0.01616	0.06157	0.15957	0.31104	0.32853	0.00463	0.06941	0.02007	0.02364	0.00538
V192	0.0021	0.00155	0.03918	0.00458	0.14826	0.00908	0.02537	0.00978	0.01816	0.74194
V193	0.08521	0.04217	0.22787	0.25963	0.15239	0.00475	0.1389	0.05154	0.03101	0.00653
V194	0	0.01616	0.05062	0.02897	0.09575	0.61337	0.16706	0.0129	0.01516	0
V195	0.03443	0.05276	0.05537	0.02031	0.15644	0.11397	0.49643	0.03523	0.02473	0.01034
V196	0.66017	0.01705	0.10694	0.14692	0.03766	0	0.02133	0	0.00994	0
V197	0.01583	0.0222	0.09762	0.17376	0.0982	0.01867	0.04747	0.31857	0.20769	0
V198	0	0.08313	0.06591	0.02151	0.47645	0.22561	0.05376	0.00136	0.07226	0
V199	0.01987	0.03142	0.07424	0.0211	0.20018	0.00896	0.13937	0.00014	0.02388	0.48085
V200	0.00044	0.05673	0.05254	0.01686	0.39203	0.1062	0.25824	0.08123	0.02863	0.00709
V201	0.21474	0.03805	0.0794	0.00651	0.09226	0.00431	0.113	0.00592	0.39612	0.0497
V202	0.02768	0.27817	0.41614	0.06267	0.06551	0.00181	0.08615	0.00366	0.05287	0.00533
V203	0.01566	0.08392	0.35917	0.15262	0.0857	0.00976	0.10706	0	0.15966	0.02644
V204	0.0096	0.19414	0.28897	0.25259	0.07089	0.07721	0.0197	0.05073	0.03618	0
V205	0.05836	0.06236	0.06138	0.01945	0.11267	0.02109	0.53193	0.04807	0.08468	0
V206	0.27362	0.03026	0.49614	0.04462	0.061	0	0.02382	0	0.01453	0.05602
V207	0.00992	0.10374	0.05655	0.05245	0.06779	0.00389	0.02659	0.00026	0.1502	0.52859
V208	0	0.01666	0.0687	0.06445	0.09443	0.65129	0.02648	0.00629	0.06718	0.00452
V209	0.04134	0.11061	0.13351	0.01909	0.60737	0.01169	0.03435	0	0.03385	0.00819
V210	0.06197	0.08623	0.10589	0.01545	0.49386	0.01521	0.04198	0.10742	0.05264	0.01936
V211	0.02682	0.08942	0.57414	0.05267	0.07057	0.00733	0.07419	0.027	0.06162	0.01624
V212	0.09646	0.07622	0.06675	0.00924	0.08894	0.01681	0.038	0.28646	0.32113	0
V213	0.11694	0.02578	0.04702	0.02569	0.17549	0.53065	0.03752	0.00973	0.01624	0.01495
V214	0.00193	0.04279	0.04401	0.01791	0.26878	0.03392	0.46045	0.00217	0.02181	0.10624
V215	0.00804	0.01673	0.05731	0.02758	0.12415	0.01573	0.72213	0.00431	0.0225	0.00153
V216	0	0.64496	0.04535	0.00504	0.20983	0.00687	0.0269	0.01138	0.03276	0.01691
V217	0.01838	0.19412	0.07777	0.08079	0.17587	0.21972	0.02342	0.03958	0.03885	0.13151
V218	0.0293	0.01184	0.04527	0.01842	0.09347	0.52019	0.20442	0.00554	0.0139	0.05766
V219	0.00705	0.01077	0.06165	0.07388	0.08939	0.03181	0.1085	0.57023	0.04672	0
V220	0.00581	0.0265	0.14216	0.30182	0.09705	0.00815	0.02464	0.04873	0.34513	0
V221	0.14394	0.09446	0.29822	0.03173	0.06544	0.00369	0.04422	0.0602	0.14362	0.11448
V222	0.03907	0.03823	0.62749	0.06019	0.06034	0.13799	0.01714	0	0.01513	0.00442
V223	0.03092	0.03977	0.64576	0.06145	0.06821	0.06014	0.07282	0	0.01547	0.00546
V224	0.02724	0.04189	0.56108	0.09567	0.06906	0.00945	0.01915	0.05302	0.12101	0.00244
V225	0.01625	0.02808	0.34817	0.29378	0.06607	0.02344	0.02569	0.16875	0.02346	0.0063
V226	0.00846	0.68113	0.03456	0.00376	0.07348	0.01168	0.02672	0.12329	0.03382	0.00309
V227	0.03021	0.06083	0.58748	0.06323	0.20411	0.00032	0.02135	0	0.02803	0.00445
V228	0.02128	0.55761	0.09282	0.01416	0.06903	0.00992	0.02609	0.11958	0.07518	0.01433
V229	0.62723	0.00786	0.05762	0.00515	0.03769	0.20736	0.03533	0.01386	0.00789	0
V230	0.0019	0	0.09494	0.26148	0.04514	0.00972	0.11331	0.00202	0.02363	0.44786
V231	0.02399	0.22458	0.07595	0.01955	0.09983	0.09515	0.02139	0.00736	0.41969	0.01252
V232	0.02639	0.35265	0.39865	0.03525	0.06119	0.01067	0.01652	0.05858	0.02329	0.01681
V233	0.00339	0.08072	0.07145	0.04047	0.52065	0.01374	0.03329	0	0.22803	0.00826
V234	0.01425	0.03993	0.05225	0.01783	0.23657	0.0184	0.25321	0.32581	0.03758	0.00416
V235	0.03024	0.03789	0.38453	0.04028	0.06369	0.01558	0.04236	0.33247	0.03238	0.02056
V236	0.0081	0.03396	0.25928	0.23146	0.07912	0.32567	0.02804	0.00318	0.0312	0
V237	0.0385	0.06476	0.39033	0.15575	0.24472	0.03112	0.02366	0.02337	0.02779	0
V238	0.01675	0.0629	0.32483	0.03641	0.08272	0.01809	0.0386	0.37703	0.03567	0.007
V239	0.02157	0.13869	0.13331	0.39513	0.08082	0.02385	0.05096	0.00182	0.02149	0.13236
V240	0.06563	0.01175	0.05623	0.02071	0.10505	0.22016	0.46062	0.00397	0.02081	0.03507
V241	0.18037	0.02481	0.16482	0.47297	0.07096	0.03046	0.02226	0.01863	0.0137	0.00102
V242	0.01868	0.01163	0.11574	0.04626	0.12289	0.01574	0.02499	0.00109	0.64297	0
V243	0.01429	0.0068	0.09959	0.11221	0.09805	0.06719	0.06564	0.00182	0.41049	0.12393
V244	0.03785	0.02429	0.33182	0.04699	0.09029	0.00378	0.40257	0.03098	0.02931	0.00213
V245	0.15529	0.13628	0.18088	0.02113	0.06211	0.38592	0.02489	0.01883	0.01466	0
V246	0.00384	0.19478	0.0493	0.0198	0.11378	0.00635	0.56119	0.00278	0.04553	0.00265
V247	0.03747	0.05889	0.71606	0.06839	0.05917	0	0.01747	0	0.02311	0.01944
V248	0.48068	0.05704	0.07406	0.00824	0.06484	0.01765	0.15254	0.12305	0.0219	0
V249	0.03811	0.03844	0.57541	0.05329	0.1017	0	0.01858	0	0.02875	0.14572
V250	0.01115	0.05799	0.09998	0.25509	0.08396	0.2418	0.0409	0.17181	0.0226	0.01471
V251	0.55782	0.14618	0.06461	0.0241	0.09084	0.00187	0.02018	0.04149	0.0513	0.0016
V252	0.05884	0.47883	0.04341	0.04201	0.0611	0.21482	0.02382	0.04496	0.02131	0.01091
V253	0.01578	0.02148	0.33562	0.03795	0.09804	0.07354	0.02817	0	0.38895	0.00045
V254	0.0024	0.10434	0.06389	0.05339	0.60279	0.0122	0.03511	0	0.03357	0.09229
V255	0.0042	0.11732	0.05186	0.01426	0.71621	0.00584	0.04562	0.00649	0.03819	0
V256	0.00777	0.03913	0.19164	0.60447	0.07255	0.04079	0.02341	0.00353	0.01434	0.00236
V257	0.37058	0.02058	0.35871	0.0543	0.04735	0.10874	0.02887	0	0.01087	0
V258	0.00183	0.08644	0.04454	0.01694	0.57492	0.00435	0.04872	0	0.03289	0.18937
V259	0.07036	0.02554	0.06689	0.10006	0.17708	0.02178	0.0659	0.43278	0.03961	0
V260	0.00467	0.19797	0.05096	0.01593	0.07422	0.02935	0.04039	0.53308	0.05342	0
V261	0.2021	0.02443	0.0526	0.01448	0.09042	0.22689	0.3084	0.00254	0.05894	0.0192
V262	0	0.40939	0.10979	0.01885	0.06846	0.29341	0.01721	0.01307	0.01973	0.05008
V263	0.41835	0.35211	0.0445	0.00069	0.05381	0.00711	0.05493	0	0.01582	0.05268
V264	0.01556	0.05113	0.15192	0.45074	0.23996	0.01911	0.04598	0.0021	0.01981	0.00368
V265	0.01907	0.25496	0.09046	0.2285	0.06243	0.02409	0.14204	0.00136	0.02288	0.15421
V266	0.01311	0.64207	0.13166	0.01058	0.0656	0.00623	0.0223	0.01683	0.08556	0.00605
V267	0	0.13175	0.0299	0.01498	0.01665	0.01363	0.01957	0.00025	0.01524	0.75804
V268	0.00025	0.31608	0.07853	0.11903	0.34499	0.00538	0.03988	0.01247	0.05945	0.02392
V269	0.0356	0.03536	0.32545	0.46948	0.07391	0.0042	0.02196	0.00729	0.02675	0
V270	0.02764	0.1137	0.05185	0.0133	0.69965	0.00535	0.03775	0.00607	0.03774	0.00695
V271	0.0345	0.02849	0.22061	0.02045	0.13344	0.01301	0.05224	0	0.49726	0
V272	0.01191	0.16002	0.09883	0.01804	0.08301	0.14476	0.04484	0.1401	0.19082	0.10766
V273	0	0.02579	0.09198	0.18225	0.12434	0.53015	0.02521	0.00552	0.01476	0
V274	0.06102	0	0.07338	0.02185	0.03293	0.11722	0.02093	0.03063	0.03067	0.61137
V275	0	0.14997	0.04164	0.00755	0.41245	0.05404	0.02969	0.00527	0.02753	0.27187
V276	0.01249	0.10202	0.12033	0.31245	0.10342	0.00488	0.13709	0.01387	0.09293	0.10052
V277	0.0282	0.21628	0.4126	0.23021	0.06623	0.00262	0.01764	0.00463	0.01964	0.00197
V278	0.09393	0.0026	0.05446	0.00422	0.01303	0.00249	0.02601	7e-05	0.01333	0.78986
V279	0.01236	0.16336	0.09835	0.23563	0.22178	0.01225	0.23258	0.00183	0.02187	0
V280	0.0912	0.03295	0.06813	0.06902	0.17694	0.20068	0.26518	0.06394	0.02633	0.00564
V281	0	0.03985	0.05359	0.02137	0.08229	0.58991	0.03628	0.01082	0.01907	0.14684
V282	0.00819	0.03875	0.19279	0.60027	0.07362	0.0064	0.0239	0.02117	0.03244	0.00246
V283	0.07388	0.06034	0.09391	0.06759	0.39862	0.04459	0.03023	0.02013	0.21072	0
V284	0.00804	0	0.16168	0.01446	0.01841	0.00247	0.02589	0.00418	0.01463	0.75024
V285	0.00815	0.09792	0.03129	0.00534	0.03702	0.0111	0.07654	0.19978	0.04262	0.49024
V286	0.0166	0	0.07644	0.04307	0.0501	0.32615	0.02684	0.00275	0.01209	0.44595
V287	0.01888	0	0.03269	0.01128	0.0647	0.01537	0.36594	0.0019	0.01918	0.47005
V288	0.01397	0.0341	0.06811	0.01956	0.07812	0.25361	0.04547	0.44411	0.04295	0
V289	0.02596	0.18692	0.55269	0.05015	0.09168	0.00029	0.01651	0.00224	0.01999	0.05356
V290	0.00724	0.03339	0.16611	0.03616	0.0999	0.1734	0.44654	0.00926	0.01591	0.01208
V291	0.68386	0.00936	0.12042	0.05896	0.04849	0.04496	0.02563	0	0.00835	0
V292	0.03016	0.03173	0.47114	0.04859	0.07166	0.31202	0.01905	0.00033	0.01509	0.00024
V293	0.05387	0.04045	0.68025	0.06344	0.061	0.00019	0.01806	0.02476	0.01757	0.04042
V294	0.04176	0.21642	0.19631	0.0378	0.09796	0.00476	0.08322	0.0058	0.31465	0.00131
V295	0.03602	0.08191	0.5713	0.05676	0.05136	0.01985	0.02251	0.04305	0.01738	0.09987
V296	0.00512	0.05869	0.14557	0.13794	0.25787	0.01571	0.05001	0.0795	0.24958	0
V297	0.17134	0.03004	0.03338	0.00248	0.04718	0.00167	0.0644	0.00378	0.01188	0.63385
V298	0.00881	0.03927	0.20995	0.58638	0.07302	0.01255	0.03574	0.00902	0.02525	0
V299	0.31649	0.01731	0.04875	0.01544	0.13179	0.40844	0.0221	0.00168	0.01364	0.02437
V300	0.00416	0.03378	0.09931	0.21058	0.20024	0.02585	0.05671	0.33294	0.03558	0.00086
V301	0.00952	0.00962	0.06278	0.03092	0.08612	0.04567	0.05131	0.65017	0.05389	0
V302	0.24298	0.01551	0.13596	0.0187	0.05544	0.02629	0.03425	0.4364	0.03447	0
V303	0	0.49718	0.13314	0.01406	0.06409	0.23298	0.01615	0.00064	0.02696	0.0148
V304	0.13564	0.00529	0.0493	0.01581	0.06958	0.03568	0.05512	0.57245	0.06112	0
V305	0.03523	0.0627	0.34663	0.03999	0.28388	0.05814	0.02436	0.00397	0.02812	0.11697
V306	0.00032	0.02667	0.10949	0.28005	0.0796	0.37956	0.03785	0.04268	0.04379	0
V307	0.0033	0.23023	0.05672	0.01266	0.60962	0.00571	0.03447	0	0.03738	0.00991
V308	0	0.73761	0.05346	0.022	0.06153	0.02786	0.02813	0.01731	0.03431	0.01779
V309	0.00237	0.25676	0.05093	0.01778	0.55496	0.00572	0.03261	0	0.06849	0.01038
V310	0.24344	0.09364	0.05554	0.01339	0.3616	0.03208	0.02934	0.05635	0.03179	0.08284
V311	0.80766	0.00552	0.08109	0.00924	0.03318	7e-05	0.02344	0.03038	0.00943	0
V312	0.01145	0	0.09699	0.00921	0.02175	0.01703	0.03294	0.09983	0.03413	0.67668
V313	0	0.00815	0.0425	0.01762	0.07746	0.45426	0.04052	0.26491	0.02757	0.067
V314	0.11473	0.33848	0.19129	0.05516	0.2139	0.02344	0.0268	0	0.02352	0.01267
V315	0.03063	0.03641	0.40975	0.04629	0.08607	0.00201	0.36188	0	0.02273	0.00423
V316	0.00874	0.01344	0.04637	0.01967	0.08517	0.67262	0.03003	0.09035	0.01782	0.01578
V317	0.0021	0.00175	0.07256	0.04845	0.05044	0.00834	0.14651	0.00102	0.01338	0.65546
V318	0.00923	0.47611	0.2799	0.02557	0.0729	0.00978	0.085	0	0.02261	0.01888
V319	0.0122	0.00345	0.04125	0.01719	0.10133	0.02405	0.5133	0.00283	0.01623	0.26817
V320	0.04308	0.03811	0.47807	0.30256	0.07062	0.00192	0.04468	0.00526	0.01571	0
V321	0.03334	0.01909	0.06733	0.01327	0.09975	0.42789	0.02476	0.00396	0.31061	0
V322	0.00299	0	0.11952	0.06632	0.02657	0.07082	0.05634	0.00094	0.01635	0.64015
V323	0.00371	0.02269	0.16552	0.49117	0.07057	0.11148	0.02285	0.02072	0.01422	0.07706
V324	0.28134	0.00688	0.07412	0.00882	0.08701	0.25661	0.02879	0.02563	0.2308	0
V325	0.0171	0.01543	0.05944	0.04439	0.12429	0.00729	0.6774	0.02274	0.03167	0.00023
V326	0.04257	0.04343	0.62087	0.18914	0.06212	0.00085	0.01933	0	0.01767	0.004
V327	0	0.04716	0.0445	0.01893	0.13682	0.67032	0.03453	0.03122	0.01652	0
V328	0.07368	0.11885	0.17286	0.02277	0.06349	0.02161	0.03437	0.44949	0.03937	0.00351
V329	0	0.74213	0.03682	0.00985	0.06666	0.00735	0.08905	0.01147	0.03015	0.00653
V330	0.01617	0.01016	0.07133	0.11109	0.07859	0.0813	0.04202	0.51796	0.07138	0
V331	0.00076	0	0.03049	0.00404	0.04282	0.01042	0.02692	0.17284	0.1043	0.60739
V332	0.03591	0.09989	0.06843	0.09708	0.56119	0.03705	0.03441	0.03407	0.03196	0
V333	0.05246	0.09728	0.18175	0.02815	0.47848	0.03418	0.04504	0.03183	0.02944	0.02139
V334	0.00467	0.02056	0.10321	0.12466	0.11071	0.00635	0.19563	0.00206	0.39269	0.03945
V335	0.05962	0.14959	0.16961	0.0614	0.03206	0.01346	0.03339	0	0.03437	0.4465
V336	0.00412	0.01256	0.10931	0.11076	0.11821	0.09713	0.02459	0.00877	0.50509	0.00946
V337	0.00468	0.0188	0.1562	0.45176	0.06825	0.0046	0.13749	0.00841	0.01975	0.13006
V338	0.30727	0.00495	0.16273	0.01391	0.06945	0.00175	0.10237	0.00964	0.20563	0.12232
V339	0.12176	0.03485	0.10025	0.0916	0.19421	0.03592	0.02545	0.00043	0.38758	0.00796
V340	0.0064	0.01742	0.05139	0.02823	0.08302	0.13461	0.04725	0.58362	0.04807	0
V341	0.16605	0.12411	0.04964	0.01603	0.46374	0.0048	0.09485	0.04541	0.03538	0
V342	0.00166	0.03942	0.0345	0.01234	0.34287	0.00395	0.03002	0	0.02592	0.50932
V343	0.06134	0.01143	0.14033	0.02804	0.12494	0.01128	0.17188	0.00054	0.2976	0.15262
V344	0.76457	0.01481	0.11749	0.01265	0.03643	0	0.02208	0	0.03197	0
V345	0.0095	0.74228	0.05368	0.00397	0.07542	0.00792	0.01692	0.02354	0.06037	0.0064
V346	0.05221	0.021	0.08569	0.02876	0.06481	0.02875	0.03135	0.34898	0.03606	0.30239
V347	0.02149	0	0.02322	0.00211	0.01349	0.09872	0.0215	0.00108	0.01178	0.80662
V348	0	0.08602	0.04412	0.01354	0.55305	0.20941	0.04185	0.02147	0.03055	0
V349	0	0.64906	0.0441	0.00698	0.07372	0.00663	0.17941	2e-05	0.03369	0.00639
V350	0.02778	0.0162	0.12424	0.14952	0.10603	0.01259	0.39697	0.00887	0.15779	0
V351	0.01769	0.01686	0.16921	0.05255	0.11002	0.09146	0.42909	0.00253	0.03305	0.07754
V352	0.01751	0.01411	0.04929	0.02484	0.13388	0.2371	0.02397	0.00214	0.10881	0.38836
V353	0	0.00597	0.04632	0.01595	0.07889	0.41326	0.06377	0.22349	0.03042	0.12193
V354	0.00267	0.03701	0.0856	0.01727	0.11571	0.18439	0.03937	0.00243	0.51556	0
V355	0.74645	0.00189	0.07237	0.00357	0.03227	0	0.02209	0	0.01424	0.10711
V356	0.00541	0.00918	0.08597	0.04822	0.106	0.02723	0.05597	0.31795	0.34406	0
V357	0.01824	0.02675	0.04681	0.02453	0.16356	0.66505	0.02732	0.01192	0.01583	0
V358	0.03836	0.03516	0.60716	0.06292	0.05886	0.0843	0.01837	0.05751	0.02277	0.01458
V359	0.28086	0.00501	0.08126	0.03223	0.07804	0.20373	0.02187	0.01256	0.24127	0.04315
V360	0.00307	0.14284	0.08246	0.02078	0.60184	0.01216	0.04831	0.00562	0.04623	0.0367
V361	0	0.01824	0.05139	0.02407	0.09269	0.75178	0.03796	0.00766	0.01621	0
V362	0.01389	0.0368	0.05498	0.01414	0.27808	0.02049	0.04044	0.40207	0.04218	0.09692
V363	0.2959	0.06817	0.05549	0.01284	0.04892	0.25345	0.02118	0.08744	0.01645	0.14016
V364	0.00793	0.72114	0.0357	0.00892	0.06052	0.01023	0.01848	0.08815	0.03252	0.0164
V365	0.0017	0.00249	0.04385	0.01521	0.10705	0.04354	0.4276	0.00787	0.01591	0.33478
V366	0.08612	0.03712	0.56553	0.05086	0.05439	0.0057	0.01701	0	0.07355	0.10972
V367	0.44781	0.00488	0.06759	0.08074	0.03365	0.11073	0.02098	0.06698	0.01339	0.15324
V368	0.10599	0	0.02598	0.00641	0.05209	0.05555	0.02573	0.00449	0.01157	0.71218
V369	0.23608	0.08324	0.07174	0.01297	0.08156	0.18407	0.02144	0.00066	0.30151	0.00673
V370	0.02117	0.23502	0.04187	0.0202	0.13552	0.00555	0.42765	0.02615	0.02114	0.06572
V371	0.00723	0.02639	0.18213	0.5646	0.0695	0.00549	0.02307	0.00876	0.04833	0.06449
V372	0.43249	0.07392	0.06796	0.00848	0.36385	0.00167	0.02852	0	0.0231	0
V373	0.41409	0	0.04112	0.00599	0.01353	0.00616	0.0434	0.03042	0.00999	0.43531
V374	0.01762	0.25494	0.44115	0.03993	0.06473	0.06708	0.01724	0.06705	0.027	0.00326
V375	0.00113	0.27734	0.12935	0.28341	0.05039	0.01709	0.01823	0.00612	0.01837	0.19857
V376	0.04929	0.77078	0.04457	0.00292	0.05882	0.00691	0.01596	0	0.03142	0.01934
V377	0.04664	0.07582	0.05958	0.0102	0.04514	0.01288	0.02284	0.10594	0.10442	0.51654
V378	0.30687	0.22551	0.12042	0.07215	0.09692	0.02017	0.03534	0.00873	0.02202	0.09187
V379	0	0.30022	0.03624	0.00806	0.06435	0.38232	0.01871	0.00805	0.01738	0.16468
V380	0.27613	0.0142	0.05724	0.0545	0.05903	0.03287	0.29259	0.00053	0.01762	0.19528
V381	0.12604	0.01385	0.05674	0.02761	0.09191	0.58841	0.05541	0.01632	0.02372	0
V382	0.06902	0	0.1478	0.01226	0.07333	0.01089	0.02225	0	0.35932	0.30512
V383	0.1132	0.02094	0.06099	0.04682	0.07537	0.62927	0.03601	0.00515	0.01225	0
V384	0.0068	0	0.02275	0.00534	0.03001	0.05847	0.13405	0.08806	0.01519	0.63932
V385	0.01497	0.03494	0.13856	0.33695	0.12847	0.01492	0.22324	0.08248	0.02027	0.0052
V386	0.32534	0.02206	0.35671	0.09014	0.05335	0.00402	0.02192	0.10855	0.0179	0
V387	0.00549	0.03812	0.06029	0.02432	0.11575	0.04327	0.6459	0.00384	0.0362	0.02681
V388	0.13925	0.01464	0.19762	0.13522	0.06486	0.0286	0.04303	0.32053	0.02967	0.02659
V389	0.02099	0	0.28646	0.03107	0.02704	0.04586	0.01923	0	0.01355	0.5558
V390	0.09001	0.01796	0.05576	0.01851	0.11051	0.00428	0.55102	0.00242	0.09873	0.05078
V391	0.02661	0.02375	0.05391	0.03009	0.13178	0.01389	0.66578	0.0223	0.01913	0.01277
V392	0.07134	0.01611	0.12031	0.01869	0.06398	0.52287	0.02748	0.00366	0.02377	0.13179
V393	0	0	0.0277	0.00868	0.04189	0.16328	0.03033	0.28306	0.03091	0.41415
V394	0.01624	0.02671	0.16325	0.49308	0.08131	0.00542	0.19552	0.00348	0.015	0
V395	0.01158	0.08874	0.25686	0.02936	0.49783	0.0179	0.05153	0	0.03559	0.0106
V396	0.01667	0.11294	0.07365	0.0368	0.68056	0.00534	0.03705	0	0.03699	0
V397	0.00719	0.00904	0.04727	0.03996	0.07409	0.64137	0.02522	0.00592	0.01884	0.13108
V398	0.02273	0.03888	0.46691	0.22766	0.09987	0.00207	0.0264	0	0.11508	0.00041
V399	0.00186	0.00907	0.04791	0.0044	0.14216	0.00445	0.03078	0.01629	0.17486	0.56822
V400	0.00519	0.01988	0.05699	0.06051	0.10191	0.02053	0.35757	0.34279	0.03463	0
V401	0.0195	0.03877	0.19652	0.02408	0.05856	0.05275	0.03876	0.39758	0.03945	0.13402
V402	0.03093	0.04401	0.62452	0.05936	0.05998	0.01066	0.03257	0.11359	0.02116	0.00323
V403	0.00985	0.01956	0.2106	0.06928	0.1317	0.01295	0.09651	0.00713	0.42979	0.01263
V404	0.0158	0.05925	0.34105	0.40519	0.12794	0.00351	0.02857	0.00089	0.01781	0
V405	0.76165	0.00331	0.07136	0.0047	0.03659	0.0039	0.11124	0	0.00724	0
V406	0.02129	0.0386	0.43115	0.38836	0.0679	0.00311	0.02735	0.00059	0.02165	0
V407	0.40057	0.11115	0.14207	0.07554	0.10587	0.007	0.06743	0	0.07379	0.01658
V408	0	0.48904	0.03213	0.00454	0.06511	0.01194	0.17597	0.00556	0.0556	0.1601
V409	0.00129	0	0.07012	0.01146	0.01866	0.05576	0.06998	0.00074	0.01178	0.76021
V410	0.00175	0.00639	0.04706	0.0128	0.02961	0.00998	0.02225	0.03007	0.11664	0.72346
V411	0.00354	0.06064	0.16183	0.50347	0.06602	0.04553	0.05263	0.00855	0.01942	0.07837
V412	0.22222	0.00681	0.06931	0.03519	0.07939	0.29639	0.04906	0.03353	0.20809	0
V413	0.01625	0.02892	0.09392	0.02423	0.16062	0.0045	0.57276	0.00263	0.03077	0.06541
V414	0.12738	0.02875	0.07323	0.03014	0.15921	0.01212	0.32301	0.21824	0.02791	0
V415	0.01944	0.02488	0.05854	0.02139	0.08202	0.03588	0.04933	0.64344	0.05278	0.0123
V416	0.00541	0.22039	0.17198	0.48238	0.06738	0.00581	0.02049	0.00795	0.01822	0
V417	0.00364	0	0.0492	0.01728	0.02134	0.00363	0.02866	7e-04	0.01613	0.85942
V418	0.01704	0	0.0396	0.01661	0.04934	0.01938	0.02188	0.00972	0.07629	0.75014
V419	0.00786	0.61731	0.22954	0.02027	0.05955	0.00498	0.02128	0.00384	0.02747	0.00789
V420	0.64936	0.02728	0.13307	0.00863	0.05686	0.00426	0.02007	0.00122	0.01493	0.08432
V421	0.04843	0.20183	0.15063	0.02362	0.08809	0.00383	0.43053	0.00691	0.0187	0.02742
V422	0.0028	0.03477	0.05947	0.02131	0.22565	0.00518	0.35409	0.00176	0.19855	0.09641
V423	0.02423	0.03568	0.29546	0.5283	0.07033	0.00502	0.02289	0.00229	0.0158	0
V424	0	0.75898	0.03664	0.00894	0.06401	0.04301	0.03525	0.01154	0.03554	0.00609
V425	0.60352	0.09604	0.0662	0.00224	0.04249	0.00206	0.02525	0.05273	0.10948	0
V426	0.0011	0.10502	0.05941	0.04795	0.60277	0.07081	0.03475	0	0.07158	0.00661
V427	0	0.23388	0.04187	0.0206	0.07901	0.56778	0.0289	0.00475	0.02322	0
V428	0.14308	0.24183	0.04828	0.01586	0.0816	0.00627	0.28937	0.07854	0.02112	0.07405
V429	0.81077	0.00955	0.0979	0.00649	0.03691	0	0.02408	0	0.01429	0
V430	0.05956	0.02492	0.18174	0.46321	0.07822	0.00484	0.05467	0.00232	0.13052	0
V431	0.00466	0.04823	0.12648	0.33972	0.11044	0.01483	0.03729	0.23159	0.08676	0
V432	0.80006	0.00615	0.07887	0.00454	0.03905	0	0.06355	0	0.00779	0
V433	0.00414	0.06916	0.08605	0.01645	0.10965	0.00639	0.16499	0.00769	0.45053	0.08493
V434	0.74993	0.01803	0.15155	0.01152	0.03632	0	0.02267	0	0.00999	0
V435	0.27462	0.01563	0.16551	0.02467	0.07639	0.00968	0.02133	0	0.3396	0.07257
V436	0.41327	0.0058	0.06534	0.04484	0.0642	0.14843	0.22278	0.00611	0.02665	0.00258
V437	0.0022	0	0.04063	0.0072	0.01905	0.02372	0.02372	0.00493	0.01488	0.86366
V438	0.00902	0.04069	0.19742	0.62155	0.07345	0.00628	0.02409	0.00937	0.01546	0.00267
V439	0.04377	0.01075	0.14617	0.33092	0.0573	0.02746	0.03677	0.1202	0.01934	0.20731
V440	0.00243	0.03673	0.02826	0.00651	0.01775	0.00386	0.02786	0.00079	0.01631	0.85949
V441	0.35911	0.03779	0.1234	0.27633	0.14558	0.01469	0.02862	0	0.01447	0
V442	0.42191	0.00804	0.08821	0.01742	0.05524	0.37806	0.01981	0.001	0.01032	0
V443	0.01472	0.00696	0.04689	0.02123	0.10078	0.00539	0.61715	0.00333	0.01788	0.16567
V444	0.4744	0.00587	0.19944	0.03667	0.03637	0.00455	0.09526	0	0.01072	0.13672
V445	0.00103	0.36978	0.11152	0.28537	0.06829	0.00552	0.03103	0.00087	0.09011	0.03647
V446	0.00833	0.64499	0.04295	0.00547	0.11457	0.00604	0.13176	0	0.0281	0.01779
V447	0.0319	0.04533	0.05029	0.01475	0.30957	0.30804	0.04023	0.16524	0.03465	0
V448	0	0.68038	0.07338	0.00785	0.06903	0.00632	0.12257	0	0.03369	0.00679
V449	0.00222	0.11506	0.05388	0.03408	0.65916	0.01408	0.04442	0.03485	0.03618	0.00608
V450	0.36716	0.0075	0.06559	0.01734	0.05529	0.45419	0.0205	0.00202	0.01041	0
V451	0.10198	0.00979	0.05064	0.02568	0.0958	0.05491	0.46268	0.17496	0.02356	0
V452	0.17377	0.00553	0.06623	0.09928	0.07822	0.01537	0.03764	0.33224	0.05122	0.14051
V453	0.54165	0.05228	0.0914	0.13086	0.07044	0.00544	0.04133	0	0.01161	0.05498
V454	0.00178	0.05086	0.07601	0.13542	0.32682	0.04317	0.32565	0.00213	0.02941	0.00874
V455	0.21929	0.06248	0.04783	0.00752	0.43401	0.00932	0.03073	0	0.02619	0.16263
V456	0.75144	0.02131	0.13801	0.00908	0.0347	0.00388	0.03174	0.00113	0.00864	8e-05
V457	0.00649	0.14798	0.1807	0.54197	0.0695	0.0126	0.0214	0.00269	0.01667	0
V458	0.00563	0.03683	0.18066	0.56425	0.07205	0.09809	0.02289	0.00368	0.01365	0.00228
V459	0.01395	0.08202	0.05375	0.01716	0.27365	0.00521	0.42853	0.0018	0.11191	0.01202
V460	0.00267	0	0.04179	0.02278	0.06123	0.02823	0.07389	0.42455	0.09074	0.25411
V461	0.01557	0.05407	0.0589	0.02331	0.11355	0.02883	0.63323	0.02877	0.03063	0.01315
V462	0.02274	0.02105	0.16392	0.0282	0.07514	0.02996	0.04327	0.56904	0.04667	0
V463	0.00546	0	0.11673	0.01476	0.01752	0.00262	0.045	0.00445	0.01374	0.77971
V464	0.0014	0.76059	0.08517	0.01967	0.06309	0.00737	0.01642	0	0.03818	0.0081
V465	0.01953	0.37603	0.09079	0.20399	0.076	0.11051	0.03769	0.00728	0.07817	0
V466	0.0911	0.02578	0.03202	0.00436	0.22928	0.00289	0.02628	0.00433	0.02536	0.5586
V467	0.01749	0.0428	0.0647	0.05901	0.07815	0.05485	0.04517	0.59041	0.04741	0
V468	0.0088	0.0143	0.05047	0.01974	0.09276	0.6512	0.08247	0.01886	0.06139	0
V469	0.07467	0.05042	0.05672	0.11005	0.0907	0.01181	0.02377	0.08672	0.02379	0.47134
V470	0.00038	0.09937	0.12162	0.06591	0.07859	0.58555	0.02292	0.01097	0.01468	0
V471	0.01741	0.02281	0.38494	0.03531	0.07165	0.0099	0.0211	0.07875	0.03475	0.32338
V472	0.00028	0.07875	0.07569	0.13544	0.49082	0.07945	0.04118	0.05718	0.03711	0.0041
V473	0.02626	0.02457	0.55094	0.04969	0.0454	0.03646	0.01703	0.00254	0.02014	0.22696
V474	0.00205	0	0.02972	0.00216	0.01592	0.02894	0.02878	0.00084	0.01512	0.87648
V475	0.0045	0.23481	0.11543	0.02767	0.18819	0.00479	0.39815	0.00107	0.02307	0.00231
V476	0.15639	0.06986	0.27994	0.02901	0.3759	0.00129	0.04013	0	0.02523	0.02225
V477	0.01859	0.24857	0.03871	0.01792	0.07173	0.30577	0.04672	0.22441	0.02758	0
V478	0.04089	0.07712	0.62747	0.06972	0.07423	0	0.01716	0.00244	0.0498	0.04117
V479	0.00955	0.07067	0.22992	0.50834	0.0789	0.00526	0.0221	0.00819	0.06706	0
V480	0.18534	0.13716	0.07376	0.06481	0.27937	0.00382	0.02587	0.00501	0.16428	0.06056
V481	0.03697	0.02184	0.06864	0.0802	0.11119	0.00571	0.60112	0.00945	0.05259	0.01229
V482	0.01305	0.01674	0.06099	0.01849	0.08261	0.26264	0.11291	0.36738	0.05026	0.01492
V483	0.0025	0.33168	0.0476	0.01833	0.06886	0.02414	0.0342	0.4296	0.04309	0
V484	0.01127	0.01686	0.07126	0.09212	0.12682	0.25925	0.22907	0.0811	0.11225	0
V485	0.01296	0.25079	0.05069	0.0155	0.10298	0.00589	0.45091	0.00199	0.10582	0.00248
V486	0.01053	0.02219	0.05097	0.02114	0.10061	0.46831	0.27577	0.00572	0.04476	0
V487	0.41822	0.04487	0.2145	0.03127	0.23721	0.00654	0.02419	0	0.01844	0.00476
V488	0.01918	0.01813	0.39977	0.05171	0.03879	0.00647	0.01829	0	0.04941	0.39826
V489	0.10393	0.04745	0.06266	0.04629	0.06924	0.02654	0.04667	0.53708	0.06013	0
V490	0	0.47635	0.04817	0.01636	0.09911	0.06793	0.02595	0.04612	0.17921	0.0408
V491	0.00781	0	0.02276	0.00305	0.01905	0.00802	0.04943	0.12917	0.02643	0.73427
V492	0.01264	0.0642	0.07172	0.02064	0.09682	0.08291	0.10124	0.00155	0.39194	0.15634
V493	0.14419	0.14807	0.34992	0.10689	0.16956	0.01501	0.02034	0.00942	0.0366	0
V494	0.01211	0.03153	0.25716	0.04109	0.08106	0.03643	0.06271	0.29311	0.13752	0.04728
V495	0	0.10297	0.059	0.0524	0.44374	0.17092	0.03897	0.04184	0.0285	0.06167
V496	0.02319	0.15008	0.49222	0.04622	0.05977	0.00767	0.02758	0.16653	0.02538	0.00136
V497	0.00226	0	0.02955	0.00748	0.08467	0.00373	0.02492	0.00502	0.01728	0.82509
V498	0.0079	0.02926	0.19499	0.53363	0.08152	0.00901	0.02598	0.09621	0.01958	0.00194
V499	0.17646	0	0.03078	0.00119	0.01595	0.00188	0.02542	0.00356	0.01165	0.73312
