CD19B	CD56NK	CD4MemoryT	CD14
V1	0.46043	0.06096	0.18251	0.29609
V2	0.15191	0.14594	0.07685	0.62529
V3	0.06867	0.58076	0.03026	0.32031
V4	0.73937	0.14496	0.02779	0.08787
V5	0.10995	0.45935	0.23145	0.19925
V6	0.07796	0.79986	0.03517	0.08701
V7	0.14428	0.36646	0.09625	0.393
V8	0.13317	0.07018	0.70755	0.0891
V9	0.21489	0.26573	0.06189	0.45749
V10	0.0339	0.07801	0.78236	0.10573
V11	0.18982	0.36157	0.38568	0.06293
V12	0.0364	0.55746	0.33253	0.07361
V13	0.23493	0.65609	0.02253	0.08646
V14	0.07014	0.83968	0.02141	0.06877
V15	0.11783	0.55687	0.12612	0.19918
V16	0.77311	0.07568	0.05399	0.09723
V17	0.08648	0.79841	0.02831	0.0868
V18	0.47602	0.35536	0.06564	0.10298
V19	0.14845	0.75285	0.02217	0.07652
V20	0.15875	0.44897	0.03907	0.3532
V21	0.13235	0.10435	0.67408	0.08922
V22	0.0517	0.15229	0.19826	0.59775
V23	0.33614	0.08365	0.51627	0.06394
V24	0.81588	0.05648	0.06446	0.06319
V25	0.29054	0.26538	0.13844	0.30564
V26	0.32883	0.39103	0.03935	0.24079
V27	0.11494	0.11635	0.05069	0.71801
V28	0.02083	0.08797	0.83907	0.05213
V29	0.38064	0.07027	0.45699	0.0921
V30	0.11039	0.25182	0.25096	0.38683
V31	0.18731	0.23172	0.26704	0.31393
V32	0.09836	0.09585	0.06037	0.74543
V33	0.05565	0.47918	0.31538	0.14978
V34	0.13242	0.08711	0.69114	0.08934
V35	0.14962	0.66266	0.09452	0.0932
V36	0.03641	0.10238	0.41735	0.44386
V37	0.44992	0.11912	0.11834	0.31262
V38	0.36434	0.05824	0.18267	0.39475
V39	0.15324	0.52975	0.13428	0.18273
V40	0.09547	0.75746	0.08704	0.06002
V41	0.02569	0.62604	0.06001	0.28826
V42	0.21011	0.09219	0.2068	0.4909
V43	0.12862	0.34761	0.43503	0.08875
V44	0.03688	0.12872	0.62898	0.20543
V45	0.09941	0.55186	0.20653	0.14221
V46	0.67875	0.10576	0.147	0.06849
V47	0.37574	0.21966	0.29531	0.10929
V48	0.68207	0.19843	0.03252	0.08697
V49	0.61313	0.21817	0.02286	0.14584
V50	0.06966	0.76742	0.09457	0.06835
V51	0.26809	0.3985	0.24147	0.09194
V52	0.04329	0.15436	0.71346	0.0889
V53	0.61944	0.1534	0.16727	0.05989
V54	0.35914	0.22064	0.33801	0.08222
V55	0.19995	0.17765	0.22754	0.39486
V56	0.07334	0.08938	0.10423	0.73305
V57	0.09545	0.79129	0.03564	0.07761
V58	0.53472	0.05644	0.07352	0.33533
V59	0.36199	0.40685	0.12035	0.11082
V60	0.13791	0.19855	0.29309	0.37046
V61	0.67376	0.14091	0.04004	0.14529
V62	0.75132	0.06789	0.10222	0.07857
V63	0.02649	0.76266	0.12537	0.08548
V64	0.02148	0.7809	0.01261	0.18501
V65	0.0521	0.0835	0.11307	0.75134
V66	0.19305	0.64275	0.03655	0.12764
V67	0.14615	0.3382	0.44448	0.07117
V68	0.15913	0.19322	0.05139	0.59626
V69	0.04157	0.32689	0.52592	0.10562
V70	0.44895	0.18678	0.18917	0.1751
V71	0.16473	0.12897	0.3354	0.3709
V72	0.47419	0.19314	0.11704	0.21563
V73	0.14369	0.57187	0.142	0.14244
V74	0.06928	0.24864	0.62881	0.05327
V75	0.59689	0.04428	0.20722	0.1516
V76	0.03283	0.22011	0.17961	0.56745
V77	0.06561	0.31327	0.03389	0.58722
V78	0.26734	0.16452	0.18867	0.37947
V79	0.02438	0.14719	0.68891	0.13952
V80	0.31103	0.06743	0.48113	0.14042
V81	0.07085	0.19671	0.67187	0.06058
V82	0.01995	0.11239	0.80642	0.06124
V83	0.1414	0.22044	0.09448	0.54368
V84	0.33824	0.09995	0.17449	0.38731
V85	0.11271	0.33112	0.35058	0.20558
V86	0.06324	0.1006	0.7393	0.09686
V87	0.04363	0.75772	0.07061	0.12804
V88	0.16724	0.12141	0.25109	0.46026
V89	0.05577	0.08822	0.19891	0.65709
V90	0.03538	0.81552	0.07093	0.07818
V91	0.04472	0.68047	0.18165	0.09316
V92	0.39014	0.07163	0.35564	0.18259
V93	0.75537	0.05158	0.0312	0.16185
V94	0.04228	0.44451	0.04068	0.47253
V95	0.22498	0.42451	0.1598	0.19071
V96	0.09526	0.15631	0.05644	0.69199
V97	0.57895	0.13956	0.21448	0.06702
V98	0.58649	0.31285	0.02341	0.07725
V99	0.68083	0.08036	0.17012	0.0687
V100	0.08923	0.0831	0.74803	0.07964
V101	0.05536	0.09944	0.04114	0.80405
V102	0.79756	0.08274	0.03908	0.08062
V103	0.05033	0.11159	0.11182	0.72626
V104	0.0365	0.87391	0.02057	0.06902
V105	0.06033	0.84191	0.02845	0.06931
V106	0.11672	0.4923	0.29096	0.10002
V107	0.17427	0.2316	0.48725	0.10688
V108	0.14009	0.69762	0.10279	0.0595
V109	0.03707	0.20559	0.5026	0.25474
V110	0.06152	0.79896	0.05292	0.0866
V111	0.79113	0.03423	0.10352	0.07112
V112	0.1387	0.12197	0.37717	0.36215
V113	0.18259	0.16078	0.18117	0.47547
V114	0.22822	0.10715	0.10564	0.55899
V115	0.0187	0.70014	0.21504	0.06612
V116	0.1402	0.32896	0.32486	0.20598
V117	0.56419	0.27339	0.05851	0.10391
V118	0.1548	0.54592	0.05142	0.24786
V119	0.12917	0.13904	0.07754	0.65425
V120	0.08806	0.11674	0.72425	0.07096
V121	0.49111	0.16796	0.11721	0.22371
V122	0.83329	0.03919	0.04687	0.08065
V123	0.03114	0.49732	0.0634	0.40814
V124	0.55351	0.30706	0.01983	0.11961
V125	0.32896	0.41089	0.1781	0.08206
V126	0.07022	0.19958	0.07571	0.6545
V127	0.1673	0.11216	0.2444	0.47614
V128	0.06505	0.0884	0.12658	0.71997
V129	0.47944	0.25433	0.17254	0.09369
V130	0.01903	0.61744	0.2979	0.06563
V131	0.03485	0.81568	0.01214	0.13733
V132	0.80721	0.03983	0.06353	0.08942
V133	0.78264	0.05009	0.08758	0.07969
V134	0.11584	0.3945	0.13625	0.35341
V135	0.1033	0.09239	0.18275	0.62156
V136	0.21895	0.40305	0.03267	0.34533
V137	0.54502	0.0804	0.24725	0.12733
V138	0.19164	0.40192	0.17548	0.23096
V139	0.29946	0.241	0.19518	0.26437
V140	0.0643	0.15208	0.07848	0.70514
V141	0.08127	0.20305	0.46039	0.25529
V142	0.68215	0.03929	0.21875	0.05981
V143	0.359	0.28551	0.0912	0.26428
V144	0.16519	0.20395	0.17164	0.45922
V145	0.01211	0.70806	0.21408	0.06574
V146	0.08334	0.08954	0.06208	0.76504
V147	0.78122	0.05816	0.05427	0.10636
V148	0.13535	0.13043	0.49602	0.23819
V149	0.23151	0.49441	0.20839	0.0657
V150	0.09485	0.27138	0.50245	0.13133
V151	0.18674	0.58709	0.05046	0.1757
V152	0.2066	0.43703	0.2058	0.15057
V153	0.10555	0.68939	0.0361	0.16896
V154	0.21474	0.4443	0.24933	0.09162
V155	0.39612	0.18301	0.27001	0.15086
V156	0.05313	0.18839	0.58616	0.17231
V157	0.26619	0.20069	0.28559	0.24753
V158	0.05537	0.08587	0.05437	0.8044
V159	0.75751	0.09837	0.03004	0.11408
V160	0.57653	0.05402	0.0979	0.27155
V161	0.20364	0.07965	0.06392	0.65279
V162	0.08643	0.32461	0.09874	0.49023
V163	0.10351	0.47474	0.16679	0.25497
V164	0.28906	0.32639	0.12014	0.26441
V165	0.04447	0.29848	0.02638	0.63067
V166	0.04898	0.16047	0.09254	0.69801
V167	0.311	0.06363	0.0391	0.58628
V168	0.2468	0.54079	0.09424	0.11817
V169	0.18549	0.11903	0.07109	0.62439
V170	0.12105	0.08728	0.45391	0.33776
V171	0.13056	0.26921	0.50332	0.09691
V172	0.61517	0.04274	0.27439	0.0677
V173	0.06289	0.1996	0.06978	0.66773
V174	0.053	0.21795	0.09616	0.63289
V175	0.08194	0.07345	0.67229	0.17231
V176	0.01899	0.74755	0.16618	0.06728
V177	0.01873	0.88753	0.01417	0.07957
V178	0.02267	0.70758	0.021	0.24875
V179	0.16677	0.07628	0.3445	0.41245
V180	0.03548	0.81664	0.08677	0.06111
V181	0.15925	0.18002	0.46258	0.19814
V182	0.26368	0.21768	0.40314	0.11551
V183	0.165	0.7445	0.02157	0.06893
V184	0.86312	0.03146	0.04129	0.06413
V185	0.48268	0.4146	0.03387	0.06885
V186	0.11912	0.4664	0.24006	0.17442
V187	0.82485	0.03918	0.06389	0.07208
V188	0.08429	0.27137	0.02724	0.61711
V189	0.68499	0.06549	0.04843	0.2011
V190	0.56413	0.05436	0.3146	0.06691
V191	0.17387	0.24038	0.48755	0.0982
V192	0.26019	0.45712	0.06747	0.21523
V193	0.50353	0.0822	0.23899	0.17528
V194	0.04413	0.84755	0.02095	0.08737
V195	0.02816	0.08688	0.82398	0.06099
V196	0.05277	0.13712	0.04573	0.76438
V197	0.3529	0.10752	0.05988	0.4797
V198	0.07296	0.48686	0.32377	0.11641
V199	0.1687	0.09571	0.18221	0.55338
V200	0.12872	0.53651	0.03754	0.29724
V201	0.10115	0.52671	0.18063	0.19151
V202	0.03814	0.08448	0.66348	0.21389
V203	0.15351	0.42308	0.34164	0.08177
V204	0.03114	0.51947	0.02619	0.4232
V205	0.03528	0.11092	0.78215	0.07165
V206	0.06298	0.14524	0.73128	0.06051
V207	0.14134	0.23666	0.07857	0.54343
V208	0.23111	0.11607	0.58097	0.07185
V209	0.25882	0.45486	0.08727	0.19906
V210	0.08666	0.6999	0.10278	0.11066
V211	0.36225	0.07447	0.06665	0.49664
V212	0.43364	0.08606	0.39795	0.08235
V213	0.52744	0.07987	0.13635	0.25634
V214	0.28374	0.20631	0.17118	0.33876
V215	0.2597	0.15657	0.04866	0.53506
V216	0.06935	0.08482	0.05306	0.79276
V217	0.05985	0.47887	0.21395	0.24732
V218	0.10469	0.43926	0.16731	0.28874
V219	0.11033	0.5961	0.02969	0.26388
V220	0.0222	0.75754	0.01984	0.20042
V221	0.684	0.04815	0.03565	0.2322
V222	0.27479	0.18188	0.32818	0.21516
V223	0.02402	0.19032	0.65432	0.13134
V224	0.85079	0.03085	0.05496	0.06339
V225	0.06142	0.79908	0.07141	0.0681
V226	0.27402	0.13155	0.52232	0.0721
V227	0.67269	0.04083	0.2091	0.07737
V228	0.64246	0.10676	0.09782	0.15296
V229	0.03557	0.08616	0.79838	0.07988
V230	0.05462	0.09993	0.05422	0.79124
V231	0.04677	0.30937	0.12404	0.51982
V232	0.05901	0.6132	0.01497	0.31281
V233	0.46796	0.13613	0.20496	0.19095
V234	0.04347	0.83295	0.04464	0.07894
V235	0.32627	0.10925	0.47318	0.09131
V236	0.06229	0.12707	0.67982	0.13082
V237	0.1625	0.08097	0.06788	0.68865
V238	0.12586	0.52597	0.23921	0.10896
V239	0.08485	0.40941	0.04078	0.46496
V240	0.41569	0.08527	0.39037	0.10867
V241	0.03493	0.07791	0.7647	0.12245
V242	0.12317	0.69872	0.10314	0.07497
V243	0.22273	0.0984	0.54734	0.13153
V244	0.19752	0.06545	0.59728	0.13975
V245	0.49408	0.31113	0.07621	0.11859
V246	0.06919	0.19595	0.65453	0.08033
V247	0.16172	0.0778	0.70894	0.05154
V248	0.06018	0.10559	0.07583	0.7584
V249	0.0192	0.10368	0.75485	0.12227
V250	0.65639	0.04137	0.2337	0.06854
V251	0.81556	0.07345	0.03967	0.07132
V252	0.0189	0.77051	0.1506	0.06
V253	0.3117	0.12865	0.17282	0.38683
V254	0.01874	0.84865	0.06366	0.06894
V255	0.05154	0.83206	0.01249	0.10391
V256	0.16582	0.24895	0.44429	0.14094
V257	0.35476	0.15196	0.22881	0.26447
V258	0.1654	0.29221	0.36852	0.17386
V259	0.05062	0.31721	0.53468	0.09749
V260	0.01665	0.31241	0.6098	0.06114
V261	0.51147	0.08195	0.20669	0.19989
V262	0.11448	0.12415	0.05031	0.71106
V263	0.02748	0.87134	0.01401	0.08718
V264	0.16467	0.10173	0.37873	0.35487
V265	0.06505	0.08055	0.14812	0.70628
V266	0.55226	0.35846	0.02831	0.06097
V267	0.02819	0.2308	0.25775	0.48327
V268	0.32911	0.08437	0.15981	0.4267
V269	0.01854	0.53248	0.34007	0.1089
V270	0.53701	0.07343	0.2469	0.14265
V271	0.66856	0.10536	0.06471	0.16138
V272	0.06185	0.7487	0.02821	0.16124
V273	0.08343	0.09587	0.07001	0.75069
V274	0.58818	0.04499	0.19925	0.16757
V275	0.02043	0.08774	0.83121	0.06061
V276	0.41553	0.3511	0.03286	0.20051
V277	0.06213	0.25123	0.1647	0.52195
V278	0.06486	0.12666	0.26921	0.53927
V279	0.56912	0.10331	0.13519	0.19237
V280	0.05537	0.08587	0.05437	0.8044
V281	0.45131	0.08388	0.16044	0.30438
V282	0.07069	0.12706	0.6883	0.11395
V283	0.18681	0.5433	0.07772	0.19218
V284	0.03625	0.82387	0.07085	0.06903
V285	0.08154	0.07509	0.79194	0.05143
V286	0.21239	0.51823	0.11816	0.15121
V287	0.09471	0.78997	0.02866	0.08666
V288	0.03567	0.30939	0.36667	0.28828
V289	0.24562	0.25213	0.36928	0.13297
V290	0.70756	0.18803	0.04188	0.06253
V291	0.41525	0.11349	0.39759	0.07367
V292	0.80521	0.04026	0.0332	0.12133
V293	0.26655	0.0702	0.56498	0.09827
V294	0.10191	0.37944	0.02349	0.49516
V295	0.04764	0.22779	0.18745	0.53712
V296	0.16774	0.17122	0.52145	0.13959
V297	0.09847	0.07996	0.09623	0.72534
V298	0.26503	0.14868	0.51412	0.07217
V299	0.08963	0.30531	0.04013	0.56493
V300	0.0381	0.10475	0.22195	0.6352
V301	0.1246	0.16565	0.5458	0.16395
V302	0.55206	0.34913	0.02148	0.07733
V303	0.01189	0.56557	0.33033	0.09221
V304	0.07367	0.0903	0.6303	0.20573
V305	0.12651	0.20792	0.39388	0.27168
V306	0.67445	0.13085	0.08201	0.11269
V307	0.02736	0.86422	0.02931	0.07911
V308	0.20441	0.26465	0.26692	0.26401
V309	0.27964	0.33378	0.0481	0.33848
V310	0.09149	0.33652	0.1534	0.41859
V311	0.43728	0.46768	0.02538	0.06966
V312	0.09584	0.67775	0.14172	0.0847
V313	0.0436	0.16976	0.04997	0.73667
V314	0.03802	0.46513	0.12021	0.37664
V315	0.11914	0.58138	0.05114	0.24834
V316	0.26601	0.18217	0.34514	0.20667
V317	0.09072	0.64242	0.05877	0.20809
V318	0.05449	0.52968	0.03108	0.38475
V319	0.07085	0.11723	0.72266	0.08926
V320	0.08905	0.19413	0.54449	0.17233
V321	0.54348	0.36752	0.0279	0.0611
V322	0.17825	0.33799	0.09039	0.39337
V323	0.08104	0.09467	0.11177	0.71252
V324	0.54793	0.27439	0.09266	0.08502
V325	0.26292	0.59761	0.07142	0.06805
V326	0.02046	0.53307	0.10335	0.34313
V327	0.05304	0.19943	0.12159	0.62594
V328	0.06508	0.09083	0.63028	0.21381
V329	0.16649	0.16987	0.17219	0.49145
V330	0.33067	0.06731	0.31296	0.28907
V331	0.29291	0.14437	0.07367	0.48905
V332	0.04742	0.12041	0.18362	0.64855
V333	0.35312	0.12509	0.35559	0.1662
V334	0.30349	0.0696	0.32905	0.29785
V335	0.04158	0.35294	0.43326	0.17222
V336	0.15949	0.64433	0.03651	0.15967
V337	0.24171	0.40084	0.26581	0.09165
V338	0.01056	0.89812	0.02191	0.06941
V339	0.1259	0.07224	0.74095	0.06091
V340	0.07134	0.264	0.44262	0.22204
V341	0.05914	0.10554	0.08954	0.74577
V342	0.22431	0.0641	0.53066	0.18093
V343	0.84099	0.04664	0.04062	0.07175
V344	0.56874	0.18104	0.19051	0.05971
V345	0.02803	0.08682	0.83312	0.05203
V346	0.20771	0.16956	0.25897	0.36376
V347	0.07185	0.08692	0.14107	0.70016
V348	0.06391	0.60235	0.14153	0.19222
V349	0.2905	0.20774	0.34407	0.15768
V350	0.03481	0.73885	0.16665	0.05969
V351	0.04714	0.10193	0.35077	0.50016
V352	0.06314	0.08393	0.7217	0.13124
V353	0.74051	0.06051	0.06952	0.12946
V354	0.05405	0.63789	0.20667	0.10139
V355	0.2412	0.13211	0.40403	0.22266
V356	0.0652	0.09552	0.1187	0.72058
V357	0.11554	0.34643	0.24934	0.28869
V358	0.43856	0.15419	0.07844	0.32881
V359	0.46571	0.10981	0.06352	0.36095
V360	0.45718	0.4252	0.04137	0.07625
V361	0.01279	0.44929	0.47544	0.06248
V362	0.01078	0.89108	0.02882	0.06932
V363	0.16184	0.17167	0.40304	0.26345
V364	0.15133	0.12083	0.58043	0.14741
V365	0.23625	0.09328	0.04625	0.62422
V366	0.08087	0.62473	0.09448	0.19992
V367	0.46399	0.18507	0.03082	0.32013
V368	0.08814	0.66595	0.09437	0.15154
V369	0.02979	0.40546	0.50212	0.06263
V370	0.2526	0.29571	0.36046	0.09122
V371	0.16731	0.66294	0.04229	0.12746
V372	0.16053	0.12193	0.13543	0.58211
V373	0.09182	0.19423	0.40119	0.31277
V374	0.66517	0.04901	0.22549	0.06032
V375	0.07154	0.1107	0.15452	0.66324
V376	0.06471	0.10356	0.11892	0.71281
V377	0.65927	0.04114	0.04427	0.25532
V378	0.03936	0.10199	0.35933	0.49932
V379	0.28216	0.23752	0.03801	0.44232
V380	0.15028	0.13815	0.19655	0.51502
V381	0.60225	0.06007	0.12125	0.21642
V382	0.08926	0.09134	0.75836	0.06104
V383	0.69297	0.04544	0.0849	0.17669
V384	0.44954	0.12838	0.1499	0.27218
V385	0.71729	0.05174	0.11083	0.12014
V386	0.26139	0.08074	0.15982	0.49804
V387	0.47419	0.18586	0.19709	0.14286
V388	0.30412	0.34266	0.15399	0.19923
V389	0.34213	0.50026	0.0302	0.12741
V390	0.25456	0.27906	0.40356	0.06283
V391	0.34344	0.15961	0.04732	0.44963
V392	0.34189	0.25411	0.17181	0.23219
V393	0.23778	0.26192	0.30966	0.19063
V394	0.10524	0.26507	0.12416	0.50553
V395	0.19182	0.39473	0.19063	0.22282
V396	0.01848	0.8741	0.02034	0.08707
V397	0.64185	0.12527	0.12834	0.10454
V398	0.36168	0.18317	0.11669	0.33847
V399	0.16953	0.52109	0.15027	0.15912
V400	0.02104	0.55018	0.07736	0.35141
V401	0.05124	0.20539	0.61203	0.13134
V402	0.67486	0.1997	0.06378	0.06167
V403	0.05917	0.09819	0.09645	0.74618
V404	0.09603	0.23628	0.51898	0.14872
V405	0.20228	0.1007	0.1746	0.52241
V406	0.52105	0.27457	0.04378	0.16059
V407	0.01056	0.89812	0.02191	0.06941
V408	0.09884	0.27864	0.34275	0.27977
V409	0.04808	0.09373	0.05447	0.80372
V410	0.08699	0.78369	0.04262	0.0867
V411	0.36862	0.06596	0.03165	0.53377
V412	0.15407	0.13798	0.4281	0.27985
V413	0.06856	0.46832	0.17403	0.28908
V414	0.04804	0.48731	0.29072	0.17392
V415	0.36499	0.09001	0.23107	0.31393
V416	0.02776	0.13066	0.78938	0.05219
V417	0.32241	0.58589	0.02305	0.06865
V418	0.09316	0.16511	0.15206	0.58967
V419	0.05483	0.08433	0.06409	0.79675
V420	0.01224	0.80712	0.02816	0.15248
V421	0.15213	0.10244	0.5812	0.16422
V422	0.0749	0.1276	0.04526	0.75225
V423	0.08923	0.0831	0.74803	0.07964
V424	0.02417	0.1193	0.52819	0.32835
V425	0.06882	0.27278	0.50243	0.15597
V426	0.09816	0.10638	0.67212	0.12334
V427	0.07988	0.39921	0.18261	0.3383
V428	0.08747	0.69809	0.07035	0.14409
V429	0.05445	0.0849	0.06978	0.79087
V430	0.61441	0.20111	0.04712	0.13736
V431	0.1746	0.09218	0.39572	0.33751
V432	0.12032	0.15586	0.0768	0.64702
V433	0.065	0.67161	0.01484	0.24855
V434	0.28483	0.1375	0.0807	0.49697
V435	0.41565	0.07039	0.14382	0.37014
V436	0.32096	0.07672	0.13595	0.46638
V437	0.20678	0.26534	0.03098	0.4969
V438	0.49112	0.20204	0.05928	0.24756
V439	0.06608	0.15861	0.04407	0.73124
V440	0.39608	0.09716	0.06606	0.4407
V441	0.08124	0.18592	0.50276	0.23009
V442	0.26224	0.35369	0.14448	0.23958
V443	0.61051	0.05025	0.12266	0.21658
V444	0.02803	0.08682	0.83312	0.05203
V445	0.51177	0.0648	0.32997	0.09345
V446	0.04334	0.74931	0.07104	0.13632
V447	0.50989	0.14215	0.18867	0.15929
V448	0.0529	0.1369	0.18941	0.62079
V449	0.46011	0.09107	0.28991	0.15891
V450	0.12976	0.77999	0.02862	0.06163
V451	0.79689	0.08359	0.02961	0.08992
V452	0.06697	0.09086	0.09602	0.74615
V453	0.66765	0.11449	0.09794	0.11992
V454	0.01021	0.84741	0.06357	0.07881
V455	0.49388	0.08199	0.29722	0.12692
V456	0.27473	0.17325	0.34525	0.20677
V457	0.04801	0.10044	0.04789	0.80366
V458	0.23117	0.26456	0.03025	0.47402
V459	0.02741	0.71888	0.10183	0.15189
V460	0.81645	0.03963	0.06381	0.0801
V461	0.08377	0.10433	0.04644	0.76546
V462	0.28955	0.27876	0.02204	0.40965
V463	0.21515	0.45932	0.159	0.16654
V464	0.41223	0.15556	0.03186	0.40035
V465	0.32808	0.42484	0.0467	0.20038
V466	0.47128	0.22682	0.02953	0.27236
V467	0.26411	0.53954	0.09444	0.10191
V468	0.40536	0.40266	0.07306	0.11892
V469	0.04449	0.23006	0.258	0.46745
V470	0.43997	0.1712	0.18909	0.19974
V471	0.23453	0.16544	0.06499	0.53505
V472	0.27083	0.34807	0.01983	0.36127
V473	0.09846	0.51851	0.29972	0.08332
V474	0.12926	0.07563	0.12531	0.6698
V475	0.1672	0.39914	0.09611	0.33755
V476	0.16214	0.08987	0.08646	0.66152
V477	0.48627	0.09018	0.21587	0.20768
V478	0.12826	0.55196	0.02277	0.29702
V479	0.03445	0.14625	0.68022	0.13908
V480	0.09556	0.33245	0.06703	0.50496
V481	0.14199	0.07903	0.70821	0.07078
V482	0.56622	0.19736	0.13328	0.10313
V483	0.13571	0.17056	0.09719	0.59654
V484	0.05907	0.13618	0.05967	0.74508
V485	0.11544	0.67259	0.02712	0.18485
V486	0.23028	0.2939	0.13667	0.33915
V487	0.09642	0.11572	0.10997	0.67789
V488	0.01889	0.07836	0.74794	0.15482
V489	0.19492	0.153	0.58087	0.07121
V490	0.27986	0.33326	0.08942	0.29747
V491	0.36139	0.45817	0.05308	0.12736
V492	0.0354	0.76175	0.13421	0.06864
V493	0.05602	0.08585	0.04261	0.81552
V494	0.17593	0.20606	0.44511	0.1729
V495	0.19365	0.57883	0.14243	0.08509
V496	0.23556	0.63995	0.01317	0.11132
V497	0.02816	0.07919	0.83188	0.06077
V498	0.26755	0.1631	0.07956	0.48979
V499	0.50504	0.28731	0.13992	0.06774
V500	0.10409	0.17704	0.62121	0.09766
V501	0.04739	0.0852	0.06998	0.79743
V502	0.44389	0.29914	0.16327	0.0937
V503	0.18276	0.16092	0.19612	0.46019
V504	0.2012	0.64185	0.02916	0.12779
V505	0.17859	0.2574	0.23311	0.33089
V506	0.09705	0.28743	0.38502	0.2305
V507	0.4921	0.15127	0.14168	0.21495
V508	0.61606	0.20149	0.07057	0.11189
V509	0.20642	0.12557	0.43757	0.23044
V510	0.19579	0.4978	0.24093	0.06548
V511	0.06632	0.4202	0.06427	0.44921
V512	0.21813	0.11668	0.10569	0.55951
V513	0.0795	0.59648	0.19709	0.12694
V514	0.05378	0.12835	0.04044	0.77743
V515	0.62558	0.10746	0.08278	0.18419
V516	0.78218	0.11713	0.02903	0.07166
V517	0.06736	0.103	0.23716	0.59248
V518	0.83165	0.06371	0.03282	0.07182
V519	0.03671	0.78225	0.01957	0.16148
V520	0.05192	0.07449	0.52867	0.34491
V521	0.46719	0.09076	0.34828	0.09378
V522	0.02886	0.18961	0.48538	0.29615
V523	0.29301	0.18163	0.24453	0.28084
V524	0.01777	0.70619	0.18276	0.09329
V525	0.22352	0.24988	0.05192	0.47468
V526	0.51696	0.132	0.1034	0.24764
V527	0.19201	0.09119	0.35357	0.36323
V528	0.09505	0.7797	0.01278	0.11247
V529	0.08463	0.13438	0.21259	0.5684
V530	0.02363	0.25006	0.57002	0.15629
V531	0.02656	0.79625	0.1168	0.06039
V532	0.16218	0.34707	0.0491	0.44165
V533	0.23662	0.36414	0.14349	0.25574
V534	0.03127	0.08451	0.60484	0.27938
V535	0.45598	0.05333	0.04234	0.44834
V536	0.18481	0.06835	0.3349	0.41194
V537	0.4805	0.28045	0.16497	0.07408
V538	0.37194	0.11494	0.11166	0.40145
V539	0.22498	0.42451	0.1598	0.19071
V540	0.17508	0.6353	0.08745	0.10217
V541	0.03885	0.48934	0.07926	0.39255
V542	0.18153	0.18731	0.23538	0.39577
V543	0.74104	0.04426	0.04435	0.17035
V544	0.11791	0.15618	0.17346	0.55245
V545	0.30214	0.19505	0.09255	0.41026
V546	0.05166	0.80026	0.07907	0.069
V547	0.04549	0.598	0.28272	0.07378
V548	0.14025	0.69758	0.09439	0.06777
V549	0.28432	0.08634	0.55781	0.07153
V550	0.48096	0.08408	0.02724	0.40772
V551	0.15914	0.6724	0.04932	0.11915
V552	0.0234	0.51136	0.02618	0.43906
V553	0.20246	0.19576	0.52114	0.08065
V554	0.081	0.14995	0.05813	0.71092
V555	0.09959	0.26951	0.29199	0.33891
V556	0.01944	0.09471	0.79741	0.08844
V557	0.67676	0.07293	0.04178	0.20854
V558	0.07249	0.70837	0.0425	0.17663
V559	0.01888	0.73929	0.18221	0.05962
V560	0.57758	0.32952	0.02336	0.06954
V561	0.02043	0.08774	0.83121	0.06061
V562	0.64431	0.04745	0.14731	0.16092
V563	0.22404	0.06537	0.64966	0.06093
V564	0.07058	0.13628	0.72163	0.07151
V565	0.1249	0.29428	0.3252	0.25562
V566	0.56598	0.14666	0.03132	0.25604
V567	0.19174	0.44063	0.0454	0.32223
V568	0.21978	0.07758	0.08475	0.6179
V569	0.55859	0.07831	0.027	0.3361
V570	0.04082	0.31736	0.5185	0.12333
V571	0.68037	0.16435	0.02617	0.12912
V572	0.37282	0.06341	0.406	0.15777
V573	0.0863	0.22349	0.03677	0.65344
V574	0.04485	0.71325	0.16586	0.07604
V575	0.05515	0.15161	0.13856	0.65468
V576	0.1408	0.7335	0.04964	0.07606
V577	0.06847	0.11927	0.20604	0.60622
V578	0.07258	0.1337	0.57146	0.22226
V579	0.01808	0.79422	0.10157	0.08613
V580	0.15327	0.08207	0.13108	0.63358
V581	0.08926	0.14115	0.03797	0.73162
V582	0.46522	0.19433	0.05998	0.28047
V583	0.03259	0.1191	0.50239	0.34591
V584	0.42096	0.19837	0.27919	0.10148
V585	0.03916	0.08571	0.39164	0.48348
V586	0.21428	0.07259	0.56487	0.14827
V587	0.24036	0.07276	0.59697	0.08991
V588	0.509	0.0979	0.05751	0.33559
V589	0.0606	0.7323	0.0788	0.1283
V590	0.05357	0.6968	0.18278	0.06686
V591	0.04021	0.113	0.19825	0.64854
V592	0.15291	0.09522	0.70025	0.05162
V593	0.47834	0.05049	0.19915	0.27201
V594	0.27844	0.31203	0.30064	0.10889
V595	0.06183	0.09934	0.05385	0.78498
V596	0.05796	0.31342	0.20941	0.41921
V597	0.01239	0.54828	0.29826	0.14107
V598	0.03364	0.17322	0.72144	0.07169
V599	0.51166	0.33716	0.05631	0.09486
V600	0.29291	0.46198	0.06976	0.17535
V601	0.15426	0.30527	0.09866	0.44182
V602	0.0622	0.09898	0.04792	0.79089
V603	0.03788	0.38407	0.03696	0.54109
V604	0.42182	0.16521	0.3199	0.09306
V605	0.07889	0.34978	0.34145	0.22988
V606	0.59011	0.19319	0.04016	0.17654
V607	0.52862	0.06467	0.13513	0.27158
V608	0.1968	0.21219	0.33551	0.25551
V609	0.05215	0.27885	0.218	0.451
V610	0.62726	0.06636	0.12219	0.18418
V611	0.25307	0.07431	0.08413	0.58849
V612	0.04387	0.15396	0.67933	0.12284
V613	0.04892	0.35177	0.50128	0.09803
V614	0.61718	0.10741	0.08295	0.19245
V615	0.1378	0.12182	0.04254	0.69784
V616	0.08164	0.64314	0.05888	0.21633
V617	0.39626	0.20153	0.34654	0.05567
V618	0.59851	0.05455	0.02764	0.31929
V619	0.32113	0.09124	0.29807	0.28956
V620	0.01903	0.61744	0.2979	0.06563
V621	0.34511	0.20343	0.1789	0.27256
V622	0.29722	0.25874	0.35265	0.09139
V623	0.05467	0.14401	0.15325	0.64807
V624	0.66385	0.22476	0.02466	0.08673
V625	0.22379	0.47476	0.11031	0.19114
V626	0.83114	0.05483	0.03298	0.08105
V627	0.04491	0.09932	0.09698	0.75879
V628	0.03735	0.26498	0.04525	0.65242
V629	0.12497	0.32009	0.24964	0.3053
V630	0.04923	0.35187	0.4929	0.106
V631	0.05047	0.24206	0.11888	0.58859
V632	0.47688	0.05076	0.16014	0.31222
V633	0.01846	0.10231	0.70657	0.17266
V634	0.33152	0.29182	0.31129	0.06537
V635	0.03969	0.69039	0.0214	0.24851
V636	0.1246	0.16561	0.53744	0.17235
V637	0.25756	0.24084	0.10807	0.39353
V638	0.30618	0.28822	0.09118	0.31443
V639	0.23281	0.42614	0.2852	0.05585
V640	0.05121	0.2057	0.63695	0.10614
V641	0.74245	0.07674	0.06009	0.12072
V642	0.63018	0.20875	0.02332	0.13774
V643	0.03064	0.23995	0.38356	0.34586
V644	0.77416	0.10844	0.03708	0.08032
V645	0.22474	0.4095	0.2837	0.08205
V646	0.01941	0.89042	0.02102	0.06915
V647	0.14147	0.14755	0.59665	0.11432
V648	0.33566	0.42578	0.14569	0.09286
V649	0.04383	0.12891	0.71367	0.11359
V650	0.07003	0.15224	0.65466	0.12307
V651	0.27634	0.06191	0.59936	0.06239
V652	0.10256	0.15798	0.37677	0.36269
V653	0.11659	0.60628	0.10965	0.16748
V654	0.56494	0.23076	0.08564	0.11865
V655	0.0536	0.53977	0.03755	0.36908
V656	0.18778	0.30128	0.03669	0.47425
V657	0.05988	0.13707	0.04502	0.75802
V658	0.48019	0.244	0.0844	0.19141
V659	0.27598	0.14896	0.32714	0.24793
V660	0.03516	0.86328	0.01428	0.08729
V661	0.0738	0.41918	0.07353	0.43349
V662	0.34542	0.07344	0.42334	0.1578
V663	0.21338	0.13454	0.48789	0.16419
V664	0.18633	0.12706	0.57989	0.10672
V665	0.55635	0.22278	0.06824	0.15262
V666	0.47573	0.05127	0.12833	0.34466
V667	0.64547	0.10846	0.18487	0.06121
V668	0.11193	0.73284	0.0953	0.05994
V669	0.1979	0.41106	0.23249	0.15855
V670	0.07745	0.82125	0.01434	0.08696
V671	0.29614	0.30987	0.24294	0.15105
V672	0.03477	0.09376	0.78259	0.08889
V673	0.20062	0.37698	0.21621	0.20619
V674	0.58246	0.18608	0.04736	0.18411
V675	0.13223	0.34671	0.28188	0.23919
V676	0.06171	0.17527	0.12249	0.64053
V677	0.31045	0.4012	0.11245	0.1759
V678	0.42906	0.4692	0.03196	0.06978
V679	0.05899	0.33509	0.53543	0.07049
V680	0.25676	0.51719	0.14335	0.08269
V681	0.75835	0.09852	0.04493	0.0982
V682	0.11047	0.32237	0.4695	0.09766
V683	0.01909	0.88975	0.02954	0.06162
V684	0.56663	0.19698	0.11767	0.11872
V685	0.3982	0.35372	0.13758	0.1105
V686	0.10621	0.23249	0.15557	0.50573
V687	0.06215	0.0923	0.05371	0.79184
V688	0.30814	0.49192	0.01641	0.18352
V689	0.22838	0.06829	0.0789	0.62444
V690	0.38915	0.09651	0.3897	0.12465
V691	0.15286	0.06974	0.71691	0.06049
V692	0.08709	0.19428	0.5954	0.12323
V693	0.20679	0.16946	0.3268	0.29696
V694	0.04343	0.10301	0.26965	0.58391
V695	0.21986	0.07521	0.16771	0.53723
V696	0.09663	0.14919	0.04895	0.70523
V697	0.05387	0.12059	0.04709	0.77845
V698	0.68455	0.04735	0.04378	0.22432
V699	0.45162	0.30563	0.09052	0.15223
V700	0.21141	0.09505	0.04018	0.65335
V701	0.1114	0.49799	0.11808	0.27253
V702	0.43848	0.13611	0.04046	0.38495
V703	0.13728	0.12221	0.41925	0.32126
V704	0.67598	0.08806	0.05921	0.17676
V705	0.82363	0.03311	0.0466	0.09665
V706	0.08877	0.11618	0.65533	0.13972
V707	0.04808	0.42837	0.42415	0.0994
V708	0.04391	0.78415	0.03509	0.13685
V709	0.1306	0.2952	0.44283	0.13138
V710	0.48049	0.24496	0.0751	0.19944
V711	0.08658	0.71701	0.10231	0.09411
V712	0.67577	0.0955	0.03555	0.19318
V713	0.34983	0.32192	0.05604	0.27222
V714	0.02716	0.61661	0.0357	0.32053
V715	0.25213	0.3481	0.27433	0.12544
V716	0.0672	0.11153	0.07601	0.74526
V717	0.0771	0.82959	0.01422	0.07908
V718	0.13614	0.52403	0.17299	0.16684
V719	0.06628	0.64257	0.05047	0.24067
V720	0.5806	0.04505	0.23916	0.13518
V721	0.12571	0.21701	0.40213	0.25515
V722	0.10321	0.35597	0.03674	0.50409
V723	0.12127	0.14712	0.0415	0.6901
V724	0.4673	0.08295	0.11329	0.33645
V725	0.01727	0.15577	0.73774	0.08922
V726	0.05748	0.38764	0.12878	0.42609
V727	0.22844	0.60036	0.10341	0.0678
V728	0.03598	0.79424	0.10124	0.06853
V729	0.33824	0.07529	0.17583	0.41064
V730	0.75665	0.06748	0.07902	0.09685
V731	0.04869	0.24722	0.34148	0.36262
V732	0.29327	0.13926	0.31944	0.24803
V733	0.5157	0.22619	0.05841	0.1997
V734	0.20891	0.32619	0.40259	0.06231
V735	0.04563	0.10193	0.41707	0.43536
V736	0.14714	0.08521	0.04404	0.72361
V737	0.27116	0.31215	0.22547	0.19123
V738	0.08661	0.34867	0.3838	0.18092
V739	0.02568	0.08431	0.51894	0.37108
V740	0.70009	0.12199	0.09877	0.07914
V741	0.38863	0.15742	0.14073	0.31322
V742	0.34005	0.56918	0.03023	0.06054
V743	0.13089	0.19207	0.5963	0.08074
V744	0.42614	0.09296	0.31447	0.16642
V745	0.02896	0.63019	0.17364	0.16722
V746	0.86141	0.03159	0.03493	0.07207
V747	0.07499	0.0728	0.60536	0.24684
V748	0.12584	0.1652	0.49555	0.21342
V749	0.24093	0.22339	0.07706	0.45863
V750	0.3348	0.44939	0.03919	0.17662
V751	0.05138	0.77611	0.05213	0.12039
V752	0.36845	0.26106	0.14625	0.22424
V753	0.0556	0.0927	0.04141	0.8103
V754	0.01955	0.83908	0.01234	0.12903
V755	0.14427	0.2421	0.30007	0.31356
V756	0.0607	0.09159	0.07551	0.7722
V757	0.28078	0.54653	0.07939	0.09329
V758	0.05301	0.68512	0.12632	0.13555
V759	0.13111	0.13114	0.35088	0.38686
V760	0.2516	0.12392	0.26037	0.36412
V761	0.07243	0.53831	0.24734	0.14192
V762	0.02948	0.39255	0.03698	0.54099
V763	0.31303	0.36622	0.04848	0.27226
V764	0.01968	0.83082	0.0207	0.12879
V765	0.5414	0.13894	0.02382	0.29584
V766	0.03464	0.34393	0.37526	0.24617
V767	0.38842	0.17545	0.23665	0.19949
V768	0.05987	0.81674	0.03621	0.08717
V769	0.13197	0.74968	0.04228	0.07606
V770	0.01941	0.89042	0.02102	0.06915
V771	0.16048	0.07794	0.69109	0.0705
V772	0.13377	0.10533	0.69961	0.06129
V773	0.14845	0.75285	0.02217	0.07652
V774	0.03533	0.07805	0.79792	0.0887
V775	0.12524	0.11494	0.25952	0.50031
V776	0.34501	0.41547	0.07124	0.16828
V777	0.1664	0.17713	0.14967	0.5068
V778	0.42667	0.2993	0.09042	0.18361
V779	0.16416	0.11117	0.42803	0.29664
V780	0.10444	0.70186	0.13388	0.05982
V781	0.07524	0.10493	0.06056	0.75928
V782	0.02428	0.18172	0.6712	0.12279
V783	0.64221	0.06624	0.08331	0.20824
V784	0.10344	0.79893	0.02862	0.06901
V785	0.04442	0.84	0.02842	0.08717
V786	0.58257	0.1959	0.11043	0.1111
V787	0.01141	0.76357	0.15728	0.06774
V788	0.40836	0.31866	0.16306	0.10992
V789	0.08609	0.37563	0.04916	0.48912
V790	0.37145	0.08963	0.1056	0.43331
V791	0.13053	0.38285	0.28904	0.19758
V792	0.12994	0.50917	0.02401	0.33688
V793	0.11853	0.59876	0.05062	0.23209
V794	0.06184	0.14438	0.66251	0.13127
V795	0.12179	0.11505	0.08595	0.67721
V796	0.04377	0.14576	0.73107	0.0794
V797	0.63943	0.04291	0.24076	0.07689
V798	0.50433	0.31212	0.09952	0.08403
V799	0.12409	0.69774	0.04218	0.13599
V800	0.08621	0.0994	0.44326	0.37112
V801	0.13873	0.18145	0.29314	0.38668
V802	0.06456	0.15323	0.2504	0.53182
V803	0.19564	0.49849	0.24929	0.05657
V804	0.43398	0.06871	0.36415	0.13316
V805	0.0283	0.07914	0.84082	0.05174
V806	0.05175	0.81571	0.02926	0.10328
V807	0.22481	0.20558	0.06408	0.50552
V808	0.53766	0.29163	0.06721	0.1035
V809	0.05495	0.1021	0.79151	0.05144
V810	0.01929	0.89731	0.01423	0.06917
V811	0.34616	0.13543	0.20499	0.31342
V812	0.43618	0.28909	0.07482	0.19992
V813	0.48078	0.22993	0.19528	0.094
V814	0.35998	0.50903	0.06343	0.06756
V815	0.01096	0.83371	0.08679	0.06854
V816	0.80821	0.03298	0.09571	0.0631
V817	0.04402	0.1377	0.74667	0.07161
V818	0.04488	0.12139	0.06951	0.76422
V819	0.68231	0.12221	0.08279	0.1127
V820	0.13648	0.16205	0.05491	0.64656
V821	0.19033	0.33508	0.34235	0.13225
V822	0.08122	0.09126	0.74815	0.07937
V823	0.04408	0.23993	0.56794	0.14805
V824	0.09314	0.38471	0.46838	0.05376
V825	0.19402	0.31746	0.23228	0.25623
V826	0.35449	0.40866	0.16313	0.07372
V827	0.31484	0.5611	0.02986	0.0942
V828	0.19882	0.21843	0.1241	0.45865
V829	0.06638	0.28087	0.064	0.58875
V830	0.19786	0.2674	0.05254	0.4822
V831	0.62554	0.13465	0.06309	0.17671
V832	0.22631	0.39964	0.16762	0.20643
V833	0.1378	0.48197	0.17371	0.20652
V834	0.25167	0.13955	0.10397	0.50482
V835	0.29317	0.43738	0.12667	0.14277
V836	0.02739	0.62259	0.02226	0.32776
V837	0.19202	0.38486	0.18306	0.24006
V838	0.79149	0.0736	0.06367	0.07124
V839	0.25528	0.56604	0.11143	0.06726
V840	0.25245	0.66469	0.02224	0.06062
V841	0.01779	0.11181	0.75666	0.11375
V842	0.29203	0.21665	0.2436	0.24772
V843	0.03419	0.09255	0.74138	0.13188
V844	0.12114	0.15741	0.33479	0.38666
V845	0.07808	0.16945	0.62917	0.1233
V846	0.02149	0.08617	0.64584	0.2465
V847	0.04921	0.08622	0.04834	0.81623
V848	0.09416	0.48436	0.16624	0.25523
V849	0.00974	0.86634	0.02067	0.10325
V850	0.83993	0.03233	0.04726	0.08048
V851	0.28292	0.50788	0.15206	0.05713
V852	0.12014	0.12323	0.14529	0.61133
V853	0.21111	0.26327	0.35199	0.17363
V854	0.47324	0.21166	0.12376	0.19134
V855	0.04921	0.08622	0.04834	0.81623
V856	0.06019	0.36793	0.30879	0.26309
V857	0.54152	0.21553	0.05901	0.18393
V858	0.4694	0.05794	0.40777	0.06488
V859	0.52957	0.26586	0.0442	0.16037
V860	0.17594	0.17626	0.08082	0.56698
V861	0.09331	0.36727	0.46823	0.0712
V862	0.1322	0.14858	0.61309	0.10613
V863	0.18693	0.12656	0.03346	0.65306
V864	0.08909	0.11026	0.08121	0.71944
V865	0.12689	0.08285	0.25166	0.53861
V866	0.60634	0.061	0.25595	0.07671
V867	0.60619	0.06996	0.25566	0.06819
V868	0.40888	0.30158	0.14594	0.1436
V869	0.02709	0.88324	0.02081	0.06886
V870	0.11189	0.35631	0.04299	0.48881
V871	0.00974	0.86634	0.02067	0.10325
V872	0.04552	0.09698	0.23601	0.62149
V873	0.74064	0.06844	0.08532	0.10561
V874	0.17446	0.72209	0.04288	0.06057
V875	0.04679	0.24466	0.19486	0.51368
V876	0.14697	0.34588	0.35855	0.14861
V877	0.0603	0.403	0.26479	0.2719
V878	0.12227	0.73883	0.079	0.0599
V879	0.16823	0.6295	0.05878	0.14348
V880	0.25662	0.52043	0.02307	0.19988
V881	0.14415	0.11203	0.51324	0.23058
V882	0.66162	0.03871	0.15525	0.14442
V883	0.24527	0.23583	0.46335	0.05554
V884	0.05105	0.30613	0.02608	0.61674
V885	0.59062	0.23867	0.10987	0.06084
V886	0.03154	0.37892	0.40028	0.18927
V887	0.50995	0.11669	0.17375	0.19961
V888	0.10723	0.11441	0.6308	0.14755
V889	0.77403	0.0835	0.05392	0.08855
V890	0.0544	0.20436	0.51947	0.22177
V891	0.51097	0.09834	0.28117	0.10952
V892	0.24035	0.2303	0.03961	0.48974
V893	0.46362	0.24711	0.16334	0.12593
V894	0.07578	0.33339	0.49319	0.09764
V895	0.47656	0.11883	0.20539	0.19922
V896	0.04413	0.84755	0.02095	0.08737
V897	0.56206	0.27933	0.03071	0.1279
V898	0.38657	0.05804	0.03706	0.51832
V899	0.05617	0.24244	0.14906	0.55233
V900	0.08869	0.32321	0.31662	0.27148
V901	0.04565	0.74854	0.02042	0.18539
V902	0.05156	0.81543	0.06399	0.06902
V903	0.01904	0.42257	0.45112	0.10727
V904	0.02707	0.88993	0.01428	0.06871
V905	0.15402	0.07215	0.18247	0.59135
V906	0.32825	0.15279	0.12421	0.39475
V907	0.35089	0.49134	0.03878	0.11899
V908	0.05084	0.12091	0.09498	0.73327
V909	0.12293	0.72816	0.01243	0.13648
V910	0.16142	0.0723	0.13885	0.62743
V911	0.4141	0.39476	0.05495	0.13619
V912	0.31347	0.34294	0.13669	0.2069
V913	0.12411	0.0797	0.04538	0.7508
V914	0.16147	0.47368	0.26471	0.10014
V915	0.20403	0.0723	0.04183	0.68185
V916	0.22178	0.11692	0.55494	0.10636
V917	0.57754	0.07788	0.18422	0.16036
V918	0.05518	0.58018	0.21411	0.15054
V919	0.17813	0.27492	0.2667	0.28024
V920	0.48837	0.23558	0.11624	0.15981
V921	0.06237	0.217	0.05911	0.66152
V922	0.09875	0.45178	0.34143	0.10803
V923	0.0985	0.09493	0.07514	0.73144
V924	0.04493	0.61418	0.2479	0.093
V925	0.17073	0.10559	0.04807	0.67561
V926	0.18753	0.09592	0.06374	0.65281
V927	0.05934	0.11226	0.08226	0.74615
V928	0.05134	0.79866	0.02116	0.12885
V929	0.06548	0.5849	0.13402	0.2156
V930	0.40643	0.3781	0.05506	0.16041
V931	0.13075	0.30354	0.43419	0.13153
V932	0.05611	0.1778	0.51109	0.255
V933	0.49195	0.39747	0.0345	0.07608
V934	0.03741	0.21216	0.25055	0.49988
V935	0.44849	0.20637	0.21088	0.13427
V936	0.41853	0.29889	0.04313	0.23944
V937	0.43133	0.17907	0.10972	0.27988
V938	0.31148	0.11031	0.28942	0.2888
V939	0.61084	0.06747	0.10546	0.21623
V940	0.03553	0.71144	0.1506	0.10243
V941	0.02063	0.07951	0.83898	0.06088
V942	0.59905	0.22019	0.09449	0.08627
V943	0.32555	0.17832	0.38019	0.11594
V944	0.04834	0.30064	0.08583	0.56518
V945	0.44865	0.36512	0.03367	0.15256
V946	0.36579	0.28847	0.24452	0.10122
V947	0.10053	0.12536	0.22039	0.55372
V948	0.29226	0.08607	0.54067	0.081
V949	0.03442	0.17874	0.1975	0.58933
V950	0.06668	0.50355	0.19795	0.23182
V951	0.6959	0.05587	0.17878	0.06945
V952	0.08852	0.19332	0.24187	0.47629
V953	0.03432	0.12092	0.75584	0.08893
V954	0.06437	0.23373	0.14954	0.55235
V955	0.11927	0.55477	0.04527	0.28068
V956	0.0605	0.10067	0.44321	0.39562
V957	0.2856	0.08167	0.03154	0.60118
V958	0.05602	0.08585	0.04261	0.81552
V959	0.20028	0.28916	0.37785	0.13271
V960	0.20488	0.30244	0.09949	0.39319
V961	0.12948	0.38935	0.30775	0.17342
V962	0.29848	0.21577	0.35307	0.13267
V963	0.47234	0.21157	0.17264	0.14345
V964	0.69354	0.07144	0.13032	0.1047
V965	0.06782	0.478	0.18171	0.27248
V966	0.83203	0.04741	0.03968	0.08089
V967	0.07661	0.11694	0.45147	0.35498
V968	0.01558	0.20747	0.65383	0.12312
V969	0.04072	0.31671	0.06227	0.5803
V970	0.05935	0.18686	0.36727	0.38653
V971	0.40531	0.14046	0.31224	0.14199
V972	0.4042	0.24167	0.07414	0.27999
V973	0.22607	0.41381	0.09592	0.26419
V974	0.01919	0.70458	0.13318	0.14305
V975	0.1031	0.31568	0.51869	0.06254
V976	0.35037	0.27992	0.12972	0.23998
V977	0.26962	0.3652	0.30175	0.06343
V978	0.08732	0.15841	0.0922	0.66206
V979	0.67236	0.05884	0.1997	0.0691
V980	0.86141	0.03159	0.03493	0.07207
V981	0.28511	0.09409	0.38972	0.23107
V982	0.35332	0.39739	0.09723	0.15206
V983	0.56697	0.11262	0.03227	0.28813
V984	0.02737	0.75277	0.11634	0.10351
V985	0.09272	0.23917	0.03516	0.63295
V986	0.26667	0.49658	0.06927	0.16748
V987	0.20835	0.69139	0.01311	0.08715
V988	0.19556	0.0888	0.04759	0.66805
V989	0.36132	0.45851	0.09669	0.08349
V990	0.01806	0.11961	0.6729	0.18943
V991	0.53472	0.36787	0.02007	0.07734
V992	0.19084	0.0737	0.4552	0.28027
V993	0.07028	0.6538	0.16579	0.11013
V994	0.16656	0.71386	0.04313	0.07644
V995	0.59145	0.1541	0.06226	0.19218
V996	0.23381	0.1821	0.04129	0.54281
V997	0.03682	0.08544	0.70504	0.1727
V998	0.72579	0.052	0.1018	0.12041
V999	0.11268	0.804	0.01446	0.06886
V1000	0.26943	0.09024	0.0312	0.60914
