CD14.pos.CD16.neg.classical.monocyte	mature.neutrophil	memory.B.cell	cytotoxic.CD56.dim.NK.cell	memory.CD4.pos.AB.T.cell	macrophage
V1	0.09606	0.02402	0.77488	0.03563	0.04804	0.02136
V2	0.38619	0.10387	0.10196	0.13388	0.21346	0.06063
V3	0.26905	0.05661	0.292	0.02527	0.1267	0.23036
V4	0.20787	0.3331	0.08	0.11559	0.20467	0.05877
V5	0.06125	0.03654	0.03088	0.52805	0.33393	0.00935
V6	0.25231	0.01643	0.23067	0.07325	0.26859	0.15875
V7	0.09886	0.28242	0.03111	0.072	0.4904	0.02521
V8	0.4753	0.04658	0.12773	0.1444	0.12255	0.08344
V9	0.25117	0.13502	0.08044	0.27256	0.15663	0.10419
V10	0.3091	0.03257	0.13126	0.33383	0.14074	0.05251
V11	0.13622	0.55449	0.08656	0.05589	0.13278	0.03407
V12	0.32176	0.02274	0.16575	0.03239	0.15394	0.30342
V13	0.11669	0.38731	0.30655	0.0577	0.10234	0.0294
V14	0.08711	0.01774	0.06376	0.69178	0.12539	0.01421
V15	0.33739	0.06617	0.07968	0.15182	0.30029	0.06465
V16	0.10238	0.00967	0.04084	0.38801	0.4098	0.04929
V17	0.28712	0.03671	0.25002	0.02218	0.1309	0.27306
V18	0.49051	0.12934	0.13406	0.05534	0.11367	0.07708
V19	0.39456	0.0536	0.25634	0.04441	0.18607	0.06502
V20	0.42056	0.06009	0.18354	0.14236	0.1157	0.07775
V21	0.31928	0.03381	0.12049	0.03552	0.1976	0.29331
V22	0.16134	0.04705	0.03558	0.11516	0.60585	0.03503
V23	0.08171	0.01479	0.29885	0.06214	0.52873	0.01378
V24	0.14148	0.01456	0.02355	0.15673	0.62947	0.03423
V25	0.31844	0.22186	0.08998	0.15963	0.15625	0.05384
V26	0.20943	0.02095	0.04162	0.05995	0.63643	0.03163
V27	0.26767	0.01551	0.27579	0.03279	0.13667	0.27158
V28	0.14869	0.20024	0.19949	0.23569	0.13997	0.07592
V29	0.13209	0.44303	0.1503	0.10042	0.11386	0.06029
V30	0.22119	0.16696	0.15929	0.04283	0.31639	0.09335
V31	0.44882	0.02918	0.28072	0.05926	0.09738	0.08464
V32	0.06063	0.01923	0.32957	0.48039	0.08796	0.02222
V33	0.20714	0.31492	0.27085	0.05736	0.10001	0.04972
V34	0.04355	0.00684	0.44667	0.06646	0.42262	0.01387
V35	0.06278	0.04697	0.1893	0.47455	0.20595	0.02046
V36	0.12995	0.35126	0.14838	0.05689	0.2802	0.03333
V37	0.08733	0.01903	0.73654	0.04046	0.05678	0.05985
V38	0.29625	0.00555	0.24851	0.02041	0.13435	0.29492
V39	0.38003	0.03936	0.10675	0.28908	0.12104	0.06374
V40	0.12904	0.35966	0.07002	0.17103	0.22209	0.04816
V41	0.50843	0.0301	0.14786	0.0398	0.13093	0.14288
V42	0.20788	0.02552	0.54798	0.03557	0.11614	0.06691
V43	0.19341	0.29762	0.0666	0.07304	0.3181	0.05123
V44	0.14295	0.56382	0.08386	0.04942	0.12219	0.03777
V45	0.32013	0.25796	0.13796	0.05809	0.13351	0.09235
V46	0.13189	0.00867	0.05617	0.28615	0.42413	0.09299
V47	0.12119	0.29961	0.05316	0.16866	0.31689	0.04049
V48	0.10685	0.4371	0.20971	0.04658	0.17387	0.02589
V49	0.13303	0.53113	0.07545	0.05017	0.17713	0.03309
V50	0.0647	0.00366	0.24118	0.06195	0.59824	0.03028
V51	0.0493	0.00302	0	0.076	0.85994	0.01173
V52	0.10658	0.39686	0.26574	0.07333	0.12809	0.0294
V53	0.13024	0.00841	0.09494	0.08412	0.66249	0.0198
V54	0.10265	0.10349	0.52638	0.08029	0.1451	0.04209
V55	0.05154	0.03295	0.09917	0.08605	0.71842	0.01187
V56	0.0413	0.04079	0.67854	0.14142	0.08813	0.00982
V57	0.20636	0.27649	0.10864	0.03956	0.24212	0.12684
V58	0.05036	0.02098	0.80097	0.05264	0.04789	0.02717
V59	0.07534	0.01036	0.04814	0.70643	0.14885	0.01088
V60	0.32102	0.01803	0.09434	0.40027	0.11871	0.04763
V61	0.2896	0.10906	0.0956	0.19048	0.18603	0.12923
V62	0.35844	0.03798	0.15837	0.1531	0.20127	0.09084
V63	0.17316	0.3775	0.08937	0.1073	0.13774	0.11494
V64	0.05985	0.08135	0.00324	0.06633	0.77549	0.01374
V65	0.39964	0.11969	0.13403	0.05741	0.16409	0.12515
V66	0.31935	0.03574	0.17785	0.06658	0.35217	0.04831
V67	0.12515	0.12148	0.32326	0.24866	0.10289	0.07856
V68	0.54511	0.03604	0.14067	0.08288	0.11225	0.08306
V69	0.45905	0.04139	0.1235	0.03597	0.16036	0.17972
V70	0.06849	0.01194	0.22265	0.52569	0.15899	0.01225
V71	0.12116	0.19224	0.06599	0.13679	0.41822	0.0656
V72	0.39402	0.1138	0.1679	0.06035	0.17141	0.09252
V73	0.07931	0.0044	0.12436	0.6372	0.14166	0.01307
V74	0.06837	0.10746	0.05871	0.6261	0.12874	0.01062
V75	0.12546	0.55594	0.07182	0.06874	0.14569	0.03236
V76	0.04825	0.00977	0.64116	0.0683	0.21941	0.01311
V77	0.12094	0.10699	0.14094	0.47759	0.11519	0.03834
V78	0.35949	0.10807	0.14864	0.15549	0.1302	0.0981
V79	0.19728	0.40419	0.09922	0.03667	0.12653	0.1361
V80	0.18691	0.41699	0.08822	0.04572	0.13968	0.12249
V81	0.45556	0.10474	0.18319	0.05315	0.12534	0.07803
V82	0.12338	0.49864	0.06977	0.08283	0.19114	0.03423
V83	0.14646	0.11432	0.07147	0.37482	0.24672	0.04621
V84	0.23687	0.02151	0.14885	0.41039	0.13789	0.04448
V85	0.52216	0.03537	0.20373	0.05371	0.1053	0.07974
V86	0.23273	0.03373	0.19331	0.30723	0.12718	0.10581
V87	0.06007	0.01578	0.06767	0.71703	0.12701	0.01242
V88	0.15005	0.0252	0.06862	0.4796	0.18086	0.09568
V89	0.15626	0.14125	0.46571	0.03848	0.0875	0.1108
V90	0.131	0.44874	0.16385	0.05337	0.1665	0.03654
V91	0.0723	0.01142	0.0449	0.14959	0.70354	0.01826
V92	0.06044	0.05331	0.00939	0.07239	0.78714	0.01733
V93	0.23189	0.05568	0.07206	0.1328	0.37665	0.13092
V94	0.04817	0.01148	0.25832	0.57557	0.09871	0.00776
V95	0.04389	0.01243	0.27107	0.15202	0.512	0.00859
V96	0.1375	0.2691	0.06048	0.08832	0.37866	0.06593
V97	0.04893	0.0101	0.00649	0.12084	0.80435	0.0093
V98	0.07468	0.05693	0.04891	0.61088	0.19594	0.01266
V99	0.05591	0.0156	0.05317	0.73459	0.13238	0.00836
V100	0.05818	0.01259	0.42651	0.2705	0.20979	0.02243
V101	0.08292	0.26457	0.41125	0.12666	0.08912	0.02547
V102	0.50681	0.0422	0.21769	0.05315	0.1031	0.07705
V103	0.40829	0.0422	0.11697	0.19629	0.16503	0.07122
V104	0.06553	0.00461	0.22575	0.57321	0.11728	0.01362
V105	0.32057	0.0038	0.19796	0.01999	0.14275	0.31493
V106	0.12824	0.00959	0.63192	0.02694	0.08342	0.11989
V107	0.13381	0.43965	0.25032	0.04417	0.10176	0.03028
V108	0.23615	0.03042	0.11037	0.04309	0.35418	0.22579
V109	0.26075	0.0114	0.09414	0.03035	0.34797	0.25539
V110	0.08753	0.13623	0.64545	0.03543	0.06721	0.02815
V111	0.03568	0.02894	0.80585	0.05475	0.06155	0.01322
V112	0.09548	0.2176	0.05228	0.48672	0.12962	0.01832
V113	0.06241	0.07878	0.56946	0.07494	0.19774	0.01666
V114	0.12161	0.01236	0.61345	0.16965	0.06107	0.02185
V115	0.3532	0.06789	0.11072	0.06812	0.2622	0.13788
V116	0.53441	0.03437	0.13815	0.10044	0.11164	0.081
V117	0.34284	0.02709	0.07413	0.13829	0.36673	0.05092
V118	0.11827	0.45143	0.14644	0.07498	0.17464	0.03424
V119	0.13275	0.53509	0.08466	0.08001	0.12678	0.0407
V120	0.11745	0.14691	0.13423	0.38169	0.19205	0.02767
V121	0.30243	0.01827	0.10328	0.29853	0.12744	0.15005
V122	0.20095	0.02656	0.07025	0.52206	0.15135	0.02882
V123	0.33929	0.01869	0.09378	0.08544	0.28499	0.17781
V124	0.04933	0.00523	0.25352	0.06526	0.61484	0.01181
V125	0.08162	0.12621	0.59548	0.09467	0.06431	0.03771
V126	0.24921	0.21783	0.14599	0.03791	0.13876	0.21029
V127	0.06291	0.01147	0.72631	0.12471	0.05942	0.01518
V128	0.23787	0.19903	0.16379	0.18289	0.17118	0.04523
V129	0.04233	0.02663	0.75181	0.10676	0.0575	0.01497
V130	0.32743	0.11119	0.09646	0.26322	0.1458	0.05591
V131	0.09479	0.00265	0.03465	0.07541	0.74168	0.05082
V132	0.09697	0.33028	0.37151	0.04235	0.13231	0.02658
V133	0.09332	0.15166	0.5042	0.11375	0.11875	0.01832
V134	0.18521	0.44125	0.07879	0.0549	0.19515	0.0447
V135	0.09724	0.01886	0.68592	0.03426	0.11291	0.05081
V136	0.14887	0.4738	0.12814	0.0613	0.14854	0.03935
V137	0.07509	0.13071	0.48599	0.05971	0.2342	0.0143
V138	0.18366	0.00048	0.08365	0.39702	0.21091	0.12428
V139	0.13213	0.04437	0.16951	0.05448	0.49726	0.10224
V140	0.37137	0.19087	0.14147	0.11193	0.11943	0.06493
V141	0.19413	0.19931	0.16972	0.25953	0.1368	0.0405
V142	0.16988	0.47569	0.08974	0.0944	0.11941	0.05089
V143	0.08929	0.05748	0.56096	0.10886	0.159	0.02441
V144	0.25112	0.14515	0.11039	0.14899	0.13952	0.20483
V145	0.06076	0.00217	0.06169	0.741	0.12013	0.01426
V146	0.12383	0.01426	0.08081	0.06629	0.67564	0.03917
V147	0.37199	0.0786	0.21367	0.08227	0.11395	0.13952
V148	0.06718	0.14902	0.67286	0.0361	0.05587	0.01896
V149	0.20491	0.36814	0.0862	0.05962	0.1298	0.15133
V150	0.05871	0.00258	0.04617	0.737	0.14701	0.00852
V151	0.22616	0.3137	0.08893	0.04189	0.15591	0.1734
V152	0.10836	0.17992	0.39543	0.07405	0.20465	0.0376
V153	0.04636	0.03848	0.55523	0.25762	0.09074	0.01158
V154	0.3597	0.18974	0.11806	0.03525	0.1262	0.17105
V155	0.11164	0.25954	0.10504	0.05201	0.43544	0.03634
V156	0.09355	0.3213	0.04012	0.05775	0.46417	0.02312
V157	0.19462	0.0923	0.11769	0.28199	0.14199	0.17141
V158	0.05316	0.06136	0.78437	0.03552	0.0475	0.01809
V159	0.14384	0.17989	0.32483	0.18832	0.12956	0.03358
V160	0.05714	0.01221	0.80543	0.04265	0.04765	0.03492
V161	0.09944	0.32505	0.05107	0.29996	0.20238	0.0221
V162	0.11383	0.35909	0.04887	0.15093	0.29582	0.03146
V163	0.04357	0.01443	0.84601	0.0358	0.04295	0.01724
V164	0.08407	0.25611	0.33579	0.13627	0.1645	0.02327
V165	0.08678	0.01819	0.04038	0.0763	0.7365	0.04186
V166	0.14144	0.00878	0.0371	0.17977	0.52811	0.1048
V167	0.0512	0.00559	0.37721	0.45056	0.10479	0.01063
V168	0.40974	0.03433	0.11245	0.26488	0.11263	0.06598
V169	0.05822	0.01587	0.62119	0.21742	0.06978	0.01751
V170	0.28176	0.03898	0.16373	0.30129	0.16982	0.04442
V171	0.22326	0.34976	0.10219	0.03624	0.14296	0.1456
V172	0.112	0.06361	0.50195	0.19279	0.08359	0.04606
V173	0.07382	0.02751	0.7392	0.03234	0.07399	0.05314
V174	0.38177	0.10427	0.09568	0.05876	0.29895	0.06056
V175	0.13571	0.44832	0.16419	0.0613	0.15892	0.03156
V176	0.03316	0.01316	0.83537	0.04615	0.05912	0.01304
V177	0.16895	0.07368	0.33603	0.06405	0.26258	0.09471
V178	0.06558	0.0327	0.03152	0.06403	0.78807	0.0181
V179	0.09384	0.00216	0.08217	0.55451	0.21053	0.05679
V180	0.20756	0.01768	0.23161	0.37925	0.09957	0.06433
V181	0.35444	0.10905	0.15212	0.10375	0.18235	0.0983
V182	0.06108	0.08103	0.68405	0.09577	0.05586	0.02222
V183	0.063	0.00262	0.05474	0.75258	0.11809	0.00897
V184	0.26819	0.29726	0.08701	0.07228	0.22505	0.05021
V185	0.17047	0.37296	0.08723	0.05225	0.24213	0.07496
V186	0.04103	0.0072	0.54256	0.32586	0.07504	0.00831
V187	0.22961	0.34468	0.07211	0.06542	0.24578	0.04241
V188	0.20156	0.42188	0.09113	0.06301	0.12598	0.09643
V189	0.08682	0.05841	0.16963	0.07677	0.55775	0.05063
V190	0.10901	0.13676	0.03131	0.07006	0.58763	0.06521
V191	0.18508	0.42169	0.08138	0.04601	0.14154	0.12428
V192	0.33803	0.18948	0.17015	0.06971	0.16516	0.06748
V193	0.30139	0.112	0.12166	0.03394	0.15311	0.2779
V194	0.06051	0.01757	0.02774	0.15767	0.71984	0.01666
V195	0.04435	0.00921	0.63962	0.12722	0.16755	0.01205
V196	0.05573	0.00247	0.06494	0.71455	0.15222	0.01008
V197	0.15928	0.00965	0.0454	0.06891	0.68848	0.02829
V198	0.13812	0.27694	0.08314	0.17003	0.29898	0.03279
V199	0.08276	0.16661	0.1088	0.13917	0.48403	0.01863
V200	0.09951	0.01419	0.52618	0.23779	0.08035	0.04197
V201	0.06739	0.00204	0.04899	0.74371	0.12091	0.01696
V202	0.1359	0.05685	0.41843	0.07162	0.22812	0.08908
V203	0.3473	0.04342	0.10183	0.34103	0.11226	0.05417
V204	0.26399	0.04732	0.13932	0.19105	0.13893	0.21939
V205	0.03989	0.02961	0.8184	0.0539	0.04425	0.01396
V206	0.0598	0.03774	0.1338	0.62014	0.13948	0.00903
V207	0.2684	0.15117	0.11992	0.25152	0.13732	0.07168
V208	0.25401	0.08355	0.40458	0.08441	0.13221	0.04125
V209	0.2498	0.35141	0.08819	0.07236	0.13031	0.10793
V210	0.09651	0.03248	0.76473	0.03565	0.04898	0.02165
V211	0.35298	0.04701	0.18083	0.05171	0.26461	0.10286
V212	0.08235	0.19241	0.20871	0.34313	0.15324	0.02016
V213	0.07411	0.05952	0.23791	0.07925	0.53399	0.01522
V214	0.48498	0.04893	0.14286	0.10019	0.14647	0.07657
V215	0.17865	0.45413	0.08049	0.07035	0.12553	0.09085
V216	0.15004	0.3519	0.30314	0.05059	0.11104	0.03329
V217	0.23651	0.00554	0.10611	0.12538	0.39003	0.13642
V218	0.10566	0.21935	0.0595	0.46065	0.13663	0.0182
V219	0.52286	0.03373	0.14909	0.04197	0.12715	0.12521
V220	0.10542	0.01178	0.0666	0.68034	0.11723	0.01863
V221	0.15222	0.48138	0.0974	0.10824	0.12386	0.03689
V222	0.11652	0.20101	0.07035	0.17415	0.40697	0.031
V223	0.16686	0.24	0.29641	0.041	0.12599	0.12973
V224	0.04628	0.00585	0.35414	0.05415	0.5301	0.0095
V225	0.35717	0.01579	0.14287	0.03375	0.14655	0.30387
V226	0.19508	0.05082	0.23394	0.28236	0.19692	0.04088
V227	0.39907	0.02259	0.11177	0.25098	0.12495	0.09064
V228	0.14016	0.18421	0.43494	0.08853	0.11191	0.04025
V229	0.14016	0.01685	0.35187	0.25721	0.20251	0.03141
V230	0.08503	0.13591	0.65086	0.04412	0.05824	0.02584
V231	0.08055	0.01748	0.05528	0.69534	0.13978	0.01157
V232	0.31604	0.02119	0.09423	0.30565	0.13326	0.12962
V233	0.49607	0.03923	0.14672	0.1085	0.1283	0.08117
V234	0.29416	0.01737	0.0564	0.07236	0.51242	0.04728
V235	0.09611	0.00448	0.07156	0.6795	0.13115	0.0172
V236	0.11544	0.00325	0.19199	0.06741	0.55105	0.07085
V237	0.04312	0.01042	0.73316	0.13366	0.06717	0.01247
V238	0.42212	0.02072	0.15362	0.12375	0.1528	0.127
V239	0.32702	0.04372	0.18012	0.16822	0.21708	0.06385
V240	0.07595	0.17295	0.01888	0.15528	0.56103	0.01591
V241	0.33997	0.14204	0.09913	0.20361	0.15555	0.0597
V242	0.27525	0.05165	0.12613	0.20307	0.20515	0.13876
V243	0.0909	0.28313	0.41019	0.08017	0.11219	0.02341
V244	0.17343	0.02049	0.0437	0.05131	0.61299	0.09807
V245	0.50479	0.02877	0.13778	0.03942	0.14233	0.14691
V246	0.05933	0.04071	0.21266	0.35166	0.32188	0.01375
V247	0.29754	0.07595	0.10459	0.21099	0.14801	0.16292
V248	0.18754	0.03281	0.04204	0.24344	0.4545	0.03967
V249	0.19966	0.13991	0.38944	0.11395	0.08647	0.07056
V250	0.06256	0.01566	0.05488	0.73578	0.1202	0.01092
V251	0.10933	0.38707	0.17359	0.18726	0.11469	0.02805
V252	0.05729	0.00946	0.07939	0.68821	0.15334	0.01231
V253	0.15113	0.04828	0.06499	0.38562	0.24263	0.10734
V254	0.10302	0.18838	0.09898	0.20446	0.37051	0.03465
V255	0.26786	0.23725	0.14422	0.10076	0.17116	0.07875
V256	0.13066	0.56055	0.07426	0.0556	0.14078	0.03815
V257	0.11917	0.28994	0.06753	0.07484	0.40744	0.04107
V258	0.08455	0.16879	0.15996	0.46218	0.10445	0.02007
V259	0.10296	0.39296	0.32023	0.05706	0.09439	0.03241
V260	0.13212	0.03664	0.03704	0.07365	0.66496	0.05559
V261	0.34132	0.03531	0.11462	0.08123	0.32334	0.10418
V262	0.07993	0.0215	0.7244	0.047	0.11133	0.01584
V263	0.06362	0.05462	0.56487	0.2241	0.07454	0.01825
V264	0.39494	0.0401	0.19759	0.07695	0.17512	0.11529
V265	0.06777	0.00392	0.00073	0.08954	0.82417	0.01387
V266	0.34191	0.04497	0.13677	0.03488	0.15353	0.28793
V267	0.18204	0.46421	0.07754	0.10992	0.12656	0.03973
V268	0.55621	0.03612	0.13648	0.05429	0.11622	0.10069
V269	0.06929	0.03885	0.14298	0.60595	0.13063	0.01231
V270	0.22828	0.34663	0.09562	0.06413	0.22152	0.04382
V271	0.20788	0.11807	0.31216	0.04586	0.12554	0.19049
V272	0.07427	0.00268	0.00704	0.13412	0.74845	0.03344
V273	0.08493	0.00434	0.05641	0.13329	0.69273	0.02831
V274	0.25427	0.01393	0.25793	0.08467	0.13449	0.25471
V275	0.42701	0.1745	0.12309	0.06103	0.12387	0.0905
V276	0.2124	0.21083	0.14957	0.11249	0.1622	0.1525
V277	0.37808	0.03358	0.10853	0.04771	0.27029	0.1618
V278	0.13161	0.09592	0.11882	0.25028	0.37502	0.02836
V279	0.25025	0.05356	0.27865	0.08583	0.13039	0.20132
V280	0.11113	0.00504	0.05991	0.6784	0.12417	0.02135
V281	0.13087	0.54434	0.09738	0.07415	0.11916	0.03408
V282	0.06457	0.03199	0.01123	0.1198	0.75697	0.01544
V283	0.09422	0.30166	0.032	0.06481	0.48129	0.02603
V284	0.10188	0.08146	0.3076	0.325	0.13216	0.0519
V285	0.06268	0.01566	0.0481	0.73452	0.12809	0.01094
V286	0.38924	0.0499	0.17384	0.21962	0.10564	0.06176
V287	0.06789	0.01044	0.0367	0.13426	0.7246	0.02612
V288	0.22187	0.22584	0.09304	0.0445	0.24772	0.16703
V289	0.05242	0.07888	0.6385	0.13138	0.08329	0.01553
V290	0.05475	0.00379	0.22372	0.59344	0.10997	0.01433
V291	0.07426	0.02326	0.04866	0.71108	0.12834	0.01441
V292	0.13064	0.07061	0.06208	0.50401	0.21171	0.02095
V293	0.05595	0.03919	0.0302	0.07254	0.78765	0.01446
V294	0.33818	0.04319	0.07462	0.06614	0.38802	0.08985
V295	0.36321	0.00686	0.14336	0.02315	0.15656	0.30686
V296	0.11817	0.26931	0.12639	0.26613	0.16744	0.05256
V297	0.32003	0.0682	0.11838	0.03304	0.15831	0.30203
V298	0.12101	0.50504	0.18095	0.05289	0.10863	0.03147
V299	0.12776	0.07941	0.65744	0.04519	0.06517	0.02504
V300	0.45471	0.11769	0.15416	0.05038	0.11499	0.10808
V301	0.31272	0.30865	0.1399	0.06207	0.12198	0.05467
V302	0.08661	0.19864	0.10145	0.43811	0.155	0.0202
V303	0.117	0.46263	0.10905	0.0622	0.2153	0.03382
V304	0.06265	0.00391	0.02138	0.06607	0.83264	0.01336
V305	0.11384	0.01021	0.20123	0.40757	0.18887	0.07828
V306	0.38261	0.10492	0.1164	0.04057	0.13368	0.22182
V307	0.152	0.01497	0.03046	0.07547	0.68254	0.04457
V308	0.05567	0.00891	0.04728	0.75276	0.12713	0.00825
V309	0.10444	0.35291	0.06561	0.33164	0.11963	0.02578
V310	0.16335	0.28992	0.2919	0.04442	0.11906	0.09134
V311	0.43473	0.02206	0.13238	0.04118	0.13409	0.23557
V312	0.12211	0.01322	0.03147	0.35228	0.45461	0.02631
V313	0.36771	0.02132	0.11859	0.07827	0.14223	0.27187
V314	0.17629	0.01707	0.06861	0.59202	0.12096	0.02505
V315	0.17961	0.47223	0.082	0.04795	0.16883	0.04938
V316	0.32807	0.01775	0.12776	0.10839	0.15844	0.25958
V317	0.11275	0.00282	0.0593	0.6085	0.15773	0.05889
V318	0.06032	0.00921	0.07512	0.72192	0.11893	0.0145
V319	0.24225	0.15414	0.28236	0.16747	0.10293	0.05085
V320	0.19777	0.15994	0.34128	0.13978	0.09786	0.06335
V321	0.1097	0.42288	0.06189	0.25544	0.12518	0.0249
V322	0.09339	0.00353	0.09306	0.07252	0.68376	0.05375
V323	0.09265	0.20294	0.03927	0.34453	0.30283	0.01777
V324	0.13091	0.03504	0.07496	0.23391	0.44831	0.07687
V325	0.15498	0.54276	0.09633	0.04838	0.11946	0.0381
V326	0.18051	0.49708	0.09206	0.04867	0.13944	0.04225
V327	0.08385	0.01553	0.79943	0.03563	0.04589	0.01968
V328	0.15385	0.15584	0.19674	0.16898	0.29751	0.02708
V329	0.04937	0.00749	0.4965	0.04753	0.38181	0.0173
V330	0.03972	0.01335	0.82425	0.04576	0.06067	0.01626
V331	0.42122	0.0826	0.16106	0.12368	0.12038	0.09106
V332	0.15276	0.06102	0.17741	0.05216	0.44794	0.10872
V333	0.06209	0.02022	0.41066	0.33529	0.15121	0.02053
V334	0.08481	0.2972	0.36797	0.14088	0.08667	0.02246
V335	0.12427	0.03002	0.69499	0.0419	0.05861	0.0502
V336	0.25349	0.41727	0.1102	0.04669	0.12456	0.04778
V337	0.10061	0.14132	0.06812	0.06648	0.60546	0.01801
V338	0.43339	0.02836	0.14101	0.05658	0.2628	0.07786
V339	0.12601	0.07753	0.37541	0.25904	0.11092	0.05108
V340	0.37889	0.2152	0.10465	0.08678	0.13995	0.07453
V341	0.17985	0.03985	0.09703	0.50351	0.14943	0.03033
V342	0.11466	0.00978	0.06706	0.57936	0.16596	0.06317
V343	0.25683	0.14365	0.20561	0.05627	0.13781	0.19983
V344	0.12868	0.43305	0.05914	0.06837	0.25387	0.05689
V345	0.05201	0.00336	0.00429	0.0768	0.85354	0.01001
V346	0.13297	0.01396	0.05268	0.40033	0.36991	0.03016
V347	0.29672	0.11635	0.09443	0.12461	0.31639	0.05149
V348	0.11707	0.11462	0.57429	0.05505	0.11422	0.02475
V349	0.42436	0.08483	0.14686	0.13384	0.14376	0.06636
V350	0.29242	0.04937	0.20289	0.2539	0.10766	0.09375
V351	0.31999	0.07329	0.15231	0.0566	0.15279	0.24502
V352	0.158	0.24866	0.05968	0.04396	0.37121	0.11849
V353	0.06506	0.14897	0.67827	0.03639	0.05492	0.0164
V354	0.17781	0.04784	0.25444	0.0412	0.37875	0.09996
V355	0.03881	0.03765	0.82233	0.04534	0.04402	0.01184
V356	0.31919	0.11166	0.11935	0.24817	0.13747	0.06417
V357	0.20822	0.02265	0.3978	0.06113	0.2724	0.0378
V358	0.30311	0.00421	0.17942	0.06449	0.15138	0.29739
V359	0.13324	0.07011	0.05832	0.53605	0.17423	0.02804
V360	0.30628	0.01624	0.0808	0.23006	0.30795	0.05867
V361	0.13062	0.56968	0.07497	0.06218	0.12785	0.0347
V362	0.10752	0.35711	0.08446	0.30386	0.12375	0.02329
V363	0.43945	0.07971	0.15586	0.04576	0.19942	0.07982
V364	0.23355	0.16266	0.09799	0.0693	0.23929	0.1972
V365	0.2708	0.2965	0.09489	0.16977	0.11804	0.05
V366	0.1186	0.1929	0.42043	0.09823	0.14303	0.02682
V367	0.07045	0.00244	0.04597	0.52156	0.33958	0.02
V368	0.21016	0.12126	0.14966	0.06954	0.26073	0.18865
V369	0.08138	0.02513	0.00928	0.1178	0.73167	0.03474
V370	0.08025	0.07004	0.57047	0.16549	0.08245	0.0313
V371	0.12718	0.18705	0.06577	0.43969	0.118	0.06232
V372	0.13277	0.45277	0.0609	0.06927	0.2369	0.04739
V373	0.52444	0.04211	0.13519	0.04169	0.12227	0.1343
V374	0.14668	0.01643	0.25279	0.44821	0.11525	0.02065
V375	0.26486	0.02338	0.23652	0.09982	0.32874	0.04669
V376	0.245	0.04565	0.11468	0.15481	0.20978	0.23009
V377	0.07681	0.01549	0.36233	0.05086	0.47407	0.02045
V378	0.25211	0.07167	0.27398	0.02581	0.15536	0.22107
V379	0.3925	0.02694	0.24641	0.03104	0.11818	0.18494
V380	0.055	0.03187	0.02992	0.08045	0.78843	0.01433
V381	0.22581	0.03836	0.32683	0.2817	0.09497	0.03232
V382	0.05814	0.02418	0.01677	0.23118	0.65787	0.01186
V383	0.15494	0.04215	0.38219	0.29595	0.0975	0.02725
V384	0.06247	0.02905	0.74437	0.05528	0.0926	0.01623
V385	0.34358	0.01456	0.15295	0.02102	0.14895	0.31893
V386	0.36457	0.05179	0.32363	0.05061	0.14423	0.06517
V387	0.16756	0.01689	0.10403	0.5775	0.11038	0.02365
V388	0.46139	0.06535	0.25094	0.043	0.10768	0.07164
V389	0.36884	0.08629	0.12527	0.02879	0.14612	0.24469
V390	0.09801	0.03099	0.05717	0.62491	0.14762	0.0413
V391	0.07986	0.00978	0.04923	0.51616	0.31928	0.02569
V392	0.1379	0.0411	0.4778	0.14201	0.08681	0.11438
V393	0.12436	0.12438	0.36916	0.09763	0.20832	0.07615
V394	0.05909	0.00287	0.0718	0.69694	0.15866	0.01065
V395	0.03968	0.06008	0.79796	0.045	0.04577	0.0115
V396	0.30354	0.06357	0.0896	0.34421	0.15291	0.04617
V397	0.26393	0.16006	0.13053	0.03801	0.17987	0.22761
V398	0.12691	0.44419	0.0706	0.07086	0.25419	0.03325
V399	0.04686	0.01164	0.77479	0.08089	0.06491	0.02091
V400	0.19641	0.02474	0.07842	0.40743	0.14034	0.15266
V401	0.12805	0.02916	0.59736	0.04672	0.16056	0.03815
V402	0.09015	0.0109	0.0578	0.70298	0.11951	0.01864
V403	0.20226	0	0.06723	0.07849	0.48061	0.17142
V404	0.03507	0.02256	0.85216	0.03656	0.04191	0.01173
V405	0.24512	0.26369	0.14778	0.09472	0.20401	0.04468
V406	0.19282	0.05662	0.22587	0.12902	0.27307	0.12261
V407	0.10506	0.02765	0.69421	0.03063	0.07019	0.07227
V408	0.09457	0.08012	0.07876	0.59305	0.11434	0.03916
V409	0.54492	0.06313	0.13518	0.04624	0.11666	0.09386
V410	0.5542	0.04497	0.13425	0.04689	0.13241	0.08727
V411	0.24147	0.0087	0.10171	0.28586	0.13572	0.22654
V412	0.34436	0.1601	0.14287	0.08906	0.20807	0.05554
V413	0.06949	0.08283	0.07201	0.62966	0.13362	0.01238
V414	0.10857	0.05476	0.05725	0.51839	0.24059	0.02044
V415	0.08495	0.01131	0.31578	0.37076	0.17932	0.03788
V416	0.09862	0.11159	0.03771	0.2641	0.44226	0.04573
V417	0.28952	0.00598	0.17526	0.15638	0.13032	0.24254
V418	0.06421	0.06636	0.36261	0.16221	0.32057	0.02404
V419	0.33617	0.03078	0.12403	0.02106	0.16285	0.32511
V420	0.34542	0.00305	0.12526	0.03221	0.16338	0.33068
V421	0.07846	0.04101	0.0627	0.12401	0.67278	0.02103
V422	0.17469	0.22098	0.04232	0.06295	0.46605	0.03301
V423	0.09133	0.11625	0.04953	0.60528	0.12187	0.01575
V424	0.46648	0.10336	0.13682	0.10733	0.11174	0.07428
V425	0.06166	0.08182	0.01852	0.06477	0.75757	0.01565
V426	0.25386	0.04488	0.27728	0.03349	0.13379	0.2567
V427	0.31181	0.11488	0.2093	0.16368	0.12997	0.07037
V428	0.19021	0.01821	0.06441	0.586	0.11391	0.02727
V429	0.05802	0.01684	0.1183	0.51236	0.27979	0.01469
V430	0.08343	0.06991	0.51062	0.21639	0.08815	0.0315
V431	0.03224	0.02108	0.82981	0.06301	0.04321	0.01066
V432	0.09334	0.29618	0.07333	0.3856	0.12995	0.0216
V433	0.05809	0.00285	0.08099	0.7334	0.11631	0.00837
V434	0.07753	0.20708	0.1793	0.41709	0.10359	0.01541
V435	0.1024	0.00188	0.02233	0.05735	0.74556	0.07048
V436	0.49645	0.1141	0.13428	0.06411	0.11359	0.07748
V437	0.18721	0.21412	0.29689	0.05789	0.19221	0.05168
V438	0.10541	0.27307	0.04054	0.10703	0.4484	0.02554
V439	0.05298	0.01127	0.08934	0.06408	0.77019	0.01214
V440	0.14333	0.04874	0.39521	0.0932	0.26446	0.05506
V441	0.12136	0.06346	0.45323	0.17606	0.09993	0.08596
V442	0.30189	0.11539	0.23508	0.1021	0.156	0.08953
V443	0.06453	0.00273	0.09465	0.67643	0.14466	0.017
V444	0.44192	0.05275	0.14157	0.07267	0.20278	0.08831
V445	0.55737	0.04553	0.15299	0.04627	0.11229	0.08556
V446	0.11172	0.3872	0.27843	0.06494	0.12095	0.03676
V447	0.20805	0.18276	0.07515	0.21343	0.17609	0.14452
V448	0.04903	0.02904	0.76283	0.03828	0.10836	0.01247
V449	0.35455	0.04418	0.11207	0.30531	0.11318	0.07071
V450	0.0905	0.01933	0.61552	0.04118	0.21503	0.01843
V451	0.10703	0.037	0.15305	0.18484	0.49948	0.0186
V452	0.16397	0.01718	0.09733	0.43414	0.17321	0.11417
V453	0.22325	0.01828	0.49806	0.14696	0.07945	0.034
V454	0.15288	0.05284	0.14626	0.5076	0.11345	0.02697
V455	0.15454	0.51638	0.1013	0.06812	0.1195	0.04016
V456	0.50746	0.03079	0.15682	0.05307	0.15703	0.09483
V457	0.25969	0.01281	0.08914	0.04312	0.35976	0.23549
V458	0.09094	0.00653	0.38091	0.0547	0.41968	0.04724
V459	0.05358	0.02223	0.52112	0.32439	0.06898	0.0097
V460	0.26604	0.06525	0.28926	0.16375	0.13157	0.08413
V461	0.20218	0.04012	0.07447	0.41817	0.22401	0.04105
V462	0.04172	0.0127	0.81429	0.05353	0.05431	0.02344
V463	0.05062	0.02445	0.01417	0.10446	0.79667	0.00964
V464	0.14283	0.5228	0.07811	0.06924	0.15233	0.0347
V465	0.25414	0.09404	0.4361	0.03865	0.12344	0.05363
V466	0.09658	0.01782	0.06122	0.62752	0.17517	0.02169
V467	0.56689	0.03826	0.14591	0.04634	0.11345	0.08915
V468	0.23489	0.09067	0.13982	0.26198	0.23596	0.03669
V469	0.07634	0.10899	0.5859	0.12078	0.07416	0.03383
V470	0.36783	0.03071	0.12386	0.11932	0.29834	0.05994
V471	0.09977	0.16802	0.47708	0.09597	0.11643	0.04274
V472	0.12635	0.3454	0.04719	0.08183	0.36043	0.0388
V473	0.13528	0.57827	0.08197	0.04954	0.12116	0.03379
V474	0.08107	0.006	0.346	0.46136	0.09152	0.01405
V475	0.09466	0.11799	0.25338	0.20071	0.30966	0.0236
V476	0.34386	0.0327	0.10333	0.2322	0.16706	0.12085
V477	0.14907	0.407	0.11665	0.12415	0.13932	0.06381
V478	0.05332	0.01985	0.78216	0.05244	0.05815	0.03408
V479	0.08192	0.11242	0.63975	0.04592	0.09992	0.02007
V480	0.08066	0.17097	0.03751	0.30585	0.38992	0.0151
V481	0.26971	0.08673	0.16092	0.11559	0.31369	0.05336
V482	0.4515	0.02145	0.14549	0.04318	0.13396	0.20441
V483	0.12689	0.54664	0.12131	0.05523	0.11752	0.03241
V484	0.49684	0.03312	0.18493	0.04495	0.16065	0.0795
V485	0.19489	0.11057	0.45978	0.10676	0.08381	0.04419
V486	0.16645	0.01474	0.63513	0.0705	0.06302	0.05017
V487	0.09062	0.24749	0.03107	0.0654	0.54233	0.02309
V488	0.22199	0.44085	0.09645	0.08233	0.1165	0.04187
V489	0.47121	0.04887	0.18944	0.05399	0.15955	0.07694
V490	0.3129	0.04301	0.10867	0.08672	0.17396	0.27473
V491	0.11457	0.20547	0.31495	0.04518	0.28955	0.03028
V492	0.21116	0.03133	0.2753	0.11848	0.19895	0.16478
V493	0.47749	0.13514	0.12333	0.0725	0.11478	0.07677
V494	0.20612	0.03361	0.39843	0.05315	0.10278	0.20591
V495	0.19826	0.3693	0.22445	0.05938	0.11124	0.03737
V496	0.19003	0.10766	0.29613	0.04044	0.28589	0.07985
V497	0.07576	0.14873	0.14956	0.08605	0.52339	0.01651
V498	0.10387	0.08199	0.32255	0.32273	0.14272	0.02613
V499	0.12169	0.43578	0.18448	0.10206	0.1218	0.03418
V500	0.30513	0.15638	0.13413	0.09647	0.24192	0.06597
V501	0.14852	0.53613	0.0768	0.06792	0.12846	0.04216
V502	0.05874	0.01004	0.02013	0.27695	0.62049	0.01365
V503	0.13125	0.22534	0.08489	0.41545	0.12106	0.022
V504	0.14038	0.5347	0.11061	0.04888	0.13132	0.0341
V505	0.06039	0.00472	0.43159	0.36862	0.10983	0.02484
V506	0.31125	0.01936	0.12766	0.1892	0.19258	0.15995
V507	0.34178	0.00149	0.12513	0.02046	0.17538	0.33576
V508	0.11819	0.37686	0.09156	0.12132	0.26281	0.02926
V509	0.07068	0.01003	0.04959	0.65284	0.2067	0.01017
V510	0.55575	0.03622	0.13337	0.04675	0.14076	0.08716
V511	0.2615	0.01131	0.09394	0.2683	0.14413	0.22082
V512	0.11001	0.16979	0.52289	0.06133	0.09524	0.04073
V513	0.05676	0.0199	0.19858	0.10546	0.60687	0.01244
V514	0.14736	0.51215	0.12508	0.04494	0.11782	0.05265
V515	0.12442	0.25983	0.06558	0.39948	0.11739	0.03329
V516	0.04619	0.04949	0.68472	0.04781	0.15612	0.01568
V517	0.0448	0.00542	0.34426	0.24604	0.34903	0.01045
V518	0.25127	0.27948	0.11074	0.14063	0.15645	0.06144
V519	0.19416	0.38197	0.08648	0.11762	0.13148	0.08829
V520	0.41704	0.09702	0.13569	0.14948	0.11358	0.0872
V521	0.10139	0.00543	0.01605	0.07955	0.77303	0.02456
V522	0.28266	0.15555	0.09183	0.07078	0.30568	0.0935
V523	0.29613	0.14901	0.14752	0.17896	0.12486	0.10351
V524	0.1003	0.00291	0.08579	0.203	0.5572	0.0508
V525	0.39836	0.01868	0.16409	0.04976	0.13029	0.23881
V526	0.11479	0.47606	0.13685	0.05527	0.18592	0.03112
V527	0.23354	0.02848	0.53974	0.04738	0.11247	0.03837
V528	0.50326	0.03321	0.22428	0.05268	0.11058	0.07599
V529	0.10227	0.05951	0.07039	0.61515	0.13434	0.01834
V530	0.13118	0.17341	0.32292	0.14698	0.15844	0.06708
V531	0.55958	0.04567	0.13637	0.05587	0.11444	0.08807
V532	0.11154	0.00611	0.10231	0.55212	0.20815	0.01978
V533	0.15584	0.0044	0.29121	0.06742	0.37326	0.10788
V534	0.11617	0.00181	0.05869	0.54649	0.20301	0.07382
V535	0.3298	0.05498	0.27261	0.17467	0.1049	0.06304
V536	0.0562	0.00714	0.64894	0.20198	0.05949	0.02625
V537	0.11687	0.40035	0.06929	0.25371	0.12675	0.03303
V538	0.20355	0	0.09045	0.40548	0.13311	0.16741
V539	0.06686	0.00302	0.05428	0.62316	0.23715	0.01553
V540	0.22794	0.02284	0.34552	0.06122	0.29061	0.05187
V541	0.08931	0.17495	0.05594	0.52074	0.13538	0.02369
V542	0.10435	0.36571	0.07438	0.25689	0.17268	0.02598
V543	0.04207	0.00801	0.55521	0.07137	0.30918	0.01416
V544	0.30776	0.03242	0.12061	0.06545	0.17803	0.29573
V545	0.10694	0.41268	0.10903	0.07107	0.27236	0.02792
V546	0.35132	0.06777	0.1011	0.28536	0.13697	0.05748
V547	0.10265	0.06834	0.03569	0.39149	0.36292	0.0389
V548	0.33985	0.02089	0.12537	0.02067	0.16336	0.32986
V549	0.12769	0.00983	0.58759	0.12596	0.09377	0.05516
V550	0.05469	0.01343	0.30619	0.05478	0.5584	0.01251
V551	0.23004	0.05684	0.13214	0.15492	0.2215	0.20456
V552	0.08206	0.0339	0.15647	0.30215	0.39595	0.02948
V553	0.50517	0.03222	0.15466	0.08192	0.14547	0.08055
V554	0.14154	0.54305	0.09414	0.04686	0.12716	0.04725
V555	0.31076	0.01162	0.11995	0.29841	0.12286	0.1364
V556	0.08532	0.01446	0.41844	0.36825	0.09398	0.01954
V557	0.14942	0.49197	0.1431	0.05293	0.12041	0.04216
V558	0.32421	0.16537	0.10682	0.16097	0.12289	0.11974
V559	0.05077	0.00282	0.0047	0.19685	0.73355	0.0113
V560	0.45468	0.05346	0.12825	0.06362	0.20564	0.09435
V561	0.03177	0.03017	0.84844	0.03658	0.04184	0.01119
V562	0.33845	0.19665	0.14401	0.11871	0.12102	0.08116
V563	0.31823	0.00243	0.11658	0.107	0.14964	0.30613
V564	0.2242	0.07086	0.06877	0.04555	0.38909	0.20154
V565	0.34148	0.00198	0.13596	0.02019	0.16375	0.33664
V566	0.27745	0.09287	0.12599	0.08535	0.17476	0.24358
V567	0.25155	0.222	0.08671	0.25049	0.13949	0.04976
V568	0.07818	0.0048	0.01796	0.0971	0.78884	0.01311
V569	0.48481	0.06452	0.12528	0.07954	0.12815	0.1177
V570	0.42387	0.13739	0.14285	0.10574	0.11927	0.07087
V571	0.06844	0.17911	0.58596	0.05443	0.09518	0.01689
V572	0.04784	0.0191	0.72591	0.0567	0.1368	0.01365
V573	0.17887	0.50413	0.08541	0.04859	0.14024	0.04277
V574	0.1829	0.00553	0.43971	0.0769	0.13476	0.16021
V575	0.12497	0.42956	0.12495	0.15121	0.12823	0.04107
V576	0.23585	0.09793	0.06228	0.05509	0.51132	0.03752
V577	0.25007	0.05379	0.06014	0.11242	0.46751	0.05608
V578	0.1024	0.00188	0.02233	0.05735	0.74556	0.07048
V579	0.07349	0.02712	0.17229	0.27723	0.43634	0.01354
V580	0.12712	0.02105	0.11732	0.38676	0.30865	0.0391
V581	0.40364	0.06037	0.17228	0.1259	0.17582	0.06199
V582	0.40601	0.03347	0.12079	0.24022	0.1222	0.07731
V583	0.15116	0.04661	0.33455	0.03514	0.31085	0.1217
V584	0.14044	0.01793	0.0538	0.35953	0.34325	0.08506
V585	0.12785	0.32091	0.26096	0.11902	0.11689	0.05437
V586	0.17376	0.49106	0.11596	0.05447	0.12355	0.0412
V587	0.18065	0.0184	0.3069	0.36535	0.0968	0.0319
V588	0.06688	0.00997	0.08189	0.70723	0.12449	0.00953
V589	0.15169	0.21752	0.31092	0.11143	0.10853	0.09992
V590	0.18035	0.04158	0.42083	0.10556	0.10595	0.14573
V591	0.4525	0.02932	0.14468	0.18843	0.11756	0.06751
V592	0.10401	0.23164	0.12528	0.37177	0.14514	0.02216
V593	0.05945	0.00908	0.05438	0.74968	0.11872	0.00869
V594	0.13817	0.00296	0.0822	0.57447	0.12721	0.075
V595	0.13884	0.20415	0.09417	0.15823	0.32049	0.08412
V596	0.07615	0.16824	0.03046	0.12634	0.58434	0.01447
V597	0.27261	0.01659	0.0745	0.06445	0.53178	0.04007
V598	0.53446	0.06931	0.13262	0.0462	0.12546	0.09194
V599	0.24226	0.00989	0.08452	0.195	0.24114	0.22719
V600	0.35294	0.10605	0.10129	0.09285	0.19923	0.14764
V601	0.16738	0.119	0.11629	0.36964	0.12076	0.10692
V602	0.09761	0.01875	0.11472	0.06191	0.64076	0.06626
V603	0.19932	0.2941	0.1163	0.09367	0.15504	0.14157
V604	0.09836	0.31171	0.03369	0.06467	0.46657	0.02499
V605	0.08515	0.02672	0.02819	0.06329	0.7742	0.02245
V606	0.34102	0.04765	0.31997	0.10166	0.09519	0.0945
V607	0.25391	0.03933	0.08195	0.0519	0.33188	0.24103
V608	0.16349	0.43519	0.07967	0.10863	0.14282	0.0702
V609	0.0574	0.01648	0.61687	0.23412	0.06198	0.01315
V610	0.09121	0.10675	0.44255	0.19855	0.11977	0.04117
V611	0.12612	0.55027	0.08411	0.0749	0.13252	0.03207
V612	0.07242	0.13873	0.05396	0.60917	0.11415	0.01157
V613	0.42147	0.14672	0.12705	0.03815	0.12542	0.14119
V614	0.11723	0.10594	0.50808	0.04214	0.1461	0.08051
V615	0.06075	0.04712	0.05454	0.07072	0.7517	0.01517
V616	0.28743	0.30629	0.09246	0.08403	0.14579	0.08399
V617	0.055	0.01037	0	0.07635	0.84584	0.01243
V618	0.16592	0.0316	0.61547	0.04402	0.09028	0.05272
V619	0.10779	0.42719	0.19095	0.07428	0.16944	0.03036
V620	0.23916	0.01492	0.35842	0.04207	0.11128	0.23415
V621	0.06244	0.00286	0.10794	0.66889	0.14318	0.0147
V622	0.32038	0.13981	0.09161	0.05044	0.34254	0.05522
V623	0.18563	0.48795	0.08735	0.04564	0.13431	0.05913
V624	0.11204	0.39647	0.06259	0.28032	0.1191	0.02949
V625	0.09625	0.09984	0.21797	0.43611	0.12094	0.0289
V626	0.10891	0.03308	0.04422	0.22615	0.51201	0.07562
V627	0.35923	0.02101	0.09497	0.35452	0.11237	0.05791
V628	0.166	0.05628	0.34632	0.12595	0.19525	0.11021
V629	0.0935	0.30045	0.05538	0.40387	0.12515	0.02165
V630	0.42687	0.02869	0.13925	0.09485	0.16024	0.1501
V631	0.25015	0.0017	0.15529	0.17585	0.17941	0.23759
V632	0.07196	0.02605	0.14418	0.33226	0.40619	0.01935
V633	0.05734	0.1485	0.68117	0.04518	0.05412	0.01369
V634	0.43163	0.03603	0.12536	0.23087	0.11124	0.06487
V635	0.05826	0.04027	0.25266	0.54072	0.09678	0.0113
V636	0.12356	0.42269	0.05793	0.11104	0.23742	0.04737
V637	0.28312	0.05868	0.1074	0.02694	0.25227	0.27158
V638	0.08077	0.08051	0.0881	0.49729	0.23706	0.01627
V639	0.21826	0.06037	0.12002	0.08384	0.4492	0.06832
V640	0.11074	0.11735	0.45596	0.05368	0.19751	0.06476
V641	0.0504	0.06824	0.45315	0.07189	0.34362	0.0127
V642	0.2163	0.04519	0.3478	0.198	0.09518	0.09754
V643	0.4934	0.03854	0.12134	0.13527	0.13071	0.08075
V644	0.47247	0.03559	0.12098	0.14458	0.1261	0.10028
V645	0.44841	0.04208	0.13553	0.13388	0.11771	0.12239
V646	0.05268	0.01465	0.4031	0.0513	0.46554	0.01274
V647	0.23139	0.01242	0.11439	0.34128	0.15327	0.14725
V648	0.19142	0.25682	0.19885	0.09394	0.13536	0.12361
V649	0.12669	0.01347	0.08216	0.62917	0.12692	0.02159
V650	0.1837	0.15466	0.22546	0.05689	0.34801	0.03129
V651	0.18369	0.26039	0.13265	0.07477	0.25636	0.09215
V652	0.07614	0.00439	0.14614	0.62581	0.13288	0.01465
V653	0.17402	0.32262	0.09709	0.07153	0.21652	0.11823
V654	0.49144	0.04042	0.19451	0.05355	0.14133	0.07875
V655	0.25364	0.00639	0.09167	0.10711	0.40187	0.13932
V656	0.10833	0.07355	0.55484	0.08241	0.15835	0.02254
V657	0.29576	0.02158	0.07029	0.15349	0.3636	0.09528
V658	0.0606	0.05937	0.1839	0.58255	0.104	0.00958
V659	0.13547	0.55821	0.0817	0.05502	0.12841	0.04119
V660	0.51999	0.04161	0.13302	0.0613	0.11995	0.12413
V661	0.19903	0.00274	0.22131	0.16892	0.24996	0.15803
V662	0.45734	0.03566	0.13309	0.16217	0.12257	0.08918
V663	0.09235	0.1257	0.02964	0.09857	0.63528	0.01846
V664	0.12324	0.06299	0.6637	0.03615	0.08235	0.03156
V665	0.05394	0.00323	0	0.07637	0.85416	0.01229
V666	0.28537	0.24852	0.09456	0.14923	0.14978	0.07254
V667	0.30361	0.00304	0.15039	0.07527	0.16557	0.30212
V668	0.48001	0.14286	0.13237	0.05533	0.11404	0.0754
V669	0.23576	0.09467	0.0849	0.2965	0.13876	0.14941
V670	0.14225	0.26147	0.08418	0.31342	0.13616	0.06251
V671	0.21455	0.01235	0.07533	0.55445	0.11302	0.0303
V672	0.11887	0.37733	0.06249	0.29512	0.11931	0.02689
V673	0.22736	0.12807	0.28587	0.03466	0.1145	0.20953
V674	0.46181	0.03005	0.11019	0.04946	0.27922	0.06927
V675	0.29763	0.12194	0.1251	0.02589	0.16853	0.26091
V676	0.06409	0.00364	0.12257	0.68121	0.11925	0.00924
V677	0.21812	0.29272	0.22208	0.0356	0.1091	0.12238
V678	0.18951	0.07053	0.09405	0.05565	0.49047	0.09978
V679	0.28637	0.09342	0.15286	0.0538	0.14757	0.26598
V680	0.06496	0.00522	0.33716	0.05122	0.51263	0.02881
V681	0.15983	0.50006	0.10296	0.05051	0.12104	0.0656
V682	0.16534	0.40416	0.06996	0.05762	0.215	0.08791
V683	0.08059	0.00259	0.01286	0.06157	0.80125	0.04113
V684	0.1577	0.48707	0.07436	0.11484	0.12675	0.03927
V685	0.0986	0.41372	0.26765	0.04448	0.14848	0.02707
V686	0.24192	0.02365	0.47194	0.04071	0.10365	0.11812
V687	0.16009	0.1967	0.30687	0.12846	0.10219	0.10568
V688	0.32825	0.01612	0.08227	0.05558	0.40865	0.10912
V689	0.09545	0.02583	0.6113	0.14321	0.08916	0.03505
V690	0.12078	0.01099	0.0534	0.08055	0.66354	0.07074
V691	0.14014	0.33252	0.22202	0.11202	0.1436	0.04969
V692	0.33571	0.01825	0.08559	0.32858	0.17832	0.05356
V693	0.47125	0.12867	0.13907	0.06261	0.11432	0.08408
V694	0.46406	0.12589	0.12893	0.08934	0.11354	0.07825
V695	0.48996	0.03076	0.11611	0.06471	0.20553	0.09293
V696	0.13308	0.33524	0.09118	0.10273	0.30482	0.03295
V697	0.08128	0.02808	0.68978	0.08115	0.09002	0.02969
V698	0.13251	0.573	0.07546	0.05602	0.12837	0.03464
V699	0.17047	0.03121	0.53544	0.07347	0.14132	0.04809
V700	0.13359	0.01506	0.01554	0.07061	0.73831	0.02689
V701	0.54368	0.03463	0.14432	0.04316	0.11881	0.1154
V702	0.25861	0.01943	0.15876	0.19275	0.13938	0.23106
V703	0.19583	0.3465	0.07708	0.05139	0.28923	0.03997
V704	0.28075	0.2321	0.26058	0.04084	0.11679	0.06895
V705	0.07933	0.08813	0.25494	0.19446	0.36376	0.01938
V706	0.17929	0.08528	0.35931	0.03165	0.21086	0.13361
V707	0.45264	0.04021	0.12704	0.03409	0.14538	0.20064
V708	0.08382	0.28934	0.46453	0.05548	0.08415	0.02267
V709	0.058	0.00269	0.04231	0.69118	0.19728	0.00854
V710	0.29196	0.06564	0.17853	0.09833	0.29602	0.06951
V711	0.09848	0.1708	0.39223	0.20157	0.09263	0.04429
V712	0.08108	0.20315	0.03181	0.06689	0.59836	0.01872
V713	0.24249	0.37046	0.11347	0.07582	0.14077	0.057
V714	0.0942	0.34518	0.39327	0.04938	0.09332	0.02465
V715	0.05086	0.03072	0.81926	0.03558	0.04526	0.01832
V716	0.18085	0.0258	0.06711	0.3147	0.29673	0.1148
V717	0.07431	0.01114	0.02579	0.06346	0.79984	0.02546
V718	0.0863	0.28004	0.03315	0.05859	0.52159	0.02033
V719	0.13384	0.52898	0.09663	0.05491	0.14568	0.03996
V720	0.2049	0.01025	0.27192	0.32201	0.12829	0.06263
V721	0.17016	0.22234	0.26419	0.03472	0.19389	0.11471
V722	0.05176	0.00343	0.01148	0.06905	0.85425	0.01003
V723	0.12003	0.44951	0.09682	0.06245	0.23164	0.03955
V724	0.10949	0.2317	0.35284	0.13032	0.15537	0.02028
V725	0.09875	0.04884	0.08361	0.16855	0.55616	0.04408
V726	0.06411	0.02308	0.48259	0.07042	0.32969	0.0301
V727	0.25303	0.00274	0.19554	0.17525	0.13674	0.23671
V728	0.07084	0.00919	0.04971	0.72603	0.12232	0.02191
V729	0.20026	0.34337	0.08784	0.07949	0.24534	0.04372
V730	0.18182	0.0023	0.15516	0.40815	0.12634	0.12624
V731	0.1624	0.05222	0.43377	0.03868	0.24843	0.06451
V732	0.14974	0.30274	0.07301	0.08735	0.3275	0.05966
V733	0.20229	0.00793	0.3113	0.21964	0.15256	0.10628
V734	0.25983	0.00681	0.33542	0.02266	0.13382	0.24146
V735	0.0838	0.06406	0.06255	0.6374	0.12247	0.02973
V736	0.16872	0.38442	0.12479	0.0765	0.13397	0.1116
V737	0.04767	0.0031	0.00338	0.07695	0.85941	0.0095
V738	0.24777	0.05263	0.14638	0.36637	0.12518	0.06167
V739	0.16554	0.23759	0.19541	0.07795	0.27741	0.0461
V740	0.0876	0.19554	0.34696	0.08487	0.26066	0.02437
V741	0.2778	0.1326	0.20715	0.12129	0.21561	0.04555
V742	0.21719	0.01889	0.09333	0.40841	0.21682	0.04535
V743	0.07111	0.08546	0.24924	0.3184	0.25804	0.01774
V744	0.33252	0.09584	0.11874	0.18277	0.1244	0.14572
V745	0.11619	0.35535	0.05174	0.0897	0.35938	0.02765
V746	0.51331	0.04989	0.13494	0.0723	0.13289	0.09666
V747	0.16253	0.018	0.13122	0.08876	0.56766	0.03184
V748	0.20588	0.05066	0.29164	0.06018	0.22681	0.16481
V749	0.34213	0.02423	0.09919	0.18892	0.22185	0.12369
V750	0.06666	0.06248	0.047	0.68693	0.12682	0.01012
V751	0.06242	0.00982	0.07331	0.69954	0.14573	0.00918
V752	0.16707	0.01753	0.05971	0.12379	0.59973	0.03217
V753	0.19944	0.00118	0.08976	0.13485	0.43587	0.1389
V754	0.15003	0.32029	0.16746	0.10216	0.15878	0.10128
V755	0.25291	0.04634	0.06836	0.07718	0.48194	0.07327
V756	0.31227	0.01263	0.12127	0.03433	0.21138	0.30812
V757	0.19633	0.33516	0.0847	0.0621	0.18332	0.13839
V758	0.24421	0.44866	0.08863	0.05451	0.11863	0.04537
V759	0.13928	0.02128	0.07588	0.17895	0.53938	0.04524
V760	0.33204	0.00226	0.13285	0.05307	0.15249	0.32729
V761	0.0426	0.01319	0.32693	0.0712	0.53707	0.009
V762	0.08678	0.01131	0.71331	0.07102	0.07966	0.03792
V763	0.07907	0.11029	0.06632	0.58281	0.14193	0.01958
V764	0.19411	0.01377	0.13744	0.22882	0.33053	0.09534
