CD19B	CD56NK	CD4MemoryT	CD14
V1	0.4412	0.06049	0.21882	0.27949
V2	0.16076	0.12837	0.13353	0.57735
V3	0.08996	0.52683	0.07426	0.30895
V4	0.69097	0.14388	0.06791	0.09724
V5	0.13017	0.41054	0.25854	0.20075
V6	0.10595	0.72719	0.06521	0.10164
V7	0.15713	0.33028	0.14203	0.37056
V8	0.15518	0.05528	0.68262	0.10692
V9	0.22025	0.24023	0.1133	0.42622
V10	0.06676	0.06018	0.75008	0.12298
V11	0.20645	0.31879	0.39422	0.08053
V12	0.06968	0.49381	0.34491	0.09159
V13	0.24971	0.59499	0.05534	0.09995
V14	0.10061	0.76226	0.05136	0.08576
V15	0.13904	0.50148	0.15884	0.20064
V16	0.7186	0.07987	0.09524	0.10629
V17	0.11411	0.72569	0.0588	0.1014
V18	0.46148	0.32349	0.1029	0.11213
V19	0.17247	0.6826	0.053	0.09192
V20	0.1717	0.40739	0.08514	0.33577
V21	0.15467	0.08489	0.65387	0.10657
V22	0.06752	0.13028	0.24917	0.55303
V23	0.33231	0.0747	0.51095	0.08204
V24	0.75436	0.0647	0.10402	0.07692
V25	0.29104	0.23955	0.17901	0.29039
V26	0.32909	0.3552	0.08177	0.23393
V27	0.12629	0.09845	0.11615	0.65911
V28	0.05759	0.06891	0.79713	0.07637
V29	0.37103	0.06351	0.45927	0.10619
V30	0.12532	0.22267	0.28827	0.36375
V31	0.19758	0.20527	0.2988	0.29836
V32	0.10959	0.07799	0.1287	0.68372
V33	0.08465	0.42412	0.33369	0.15754
V34	0.15449	0.07123	0.66732	0.10696
V35	0.17191	0.59807	0.12305	0.10697
V36	0.05879	0.08223	0.44656	0.41241
V37	0.43394	0.1103	0.1608	0.29496
V38	0.35522	0.05437	0.22468	0.36573
V39	0.17179	0.47623	0.16564	0.18634
V40	0.1227	0.68468	0.1145	0.07812
V41	0.04953	0.56845	0.10032	0.2817
V42	0.21404	0.0788	0.25309	0.45407
V43	0.1518	0.30388	0.43917	0.10516
V44	0.06407	0.10575	0.62458	0.2056
V45	0.12312	0.49418	0.23192	0.15078
V46	0.637	0.10553	0.17724	0.08023
V47	0.36907	0.19762	0.31405	0.11926
V48	0.64231	0.19063	0.06998	0.09707
V49	0.58127	0.20584	0.065	0.14789
V50	0.09977	0.69293	0.12195	0.08534
V51	0.27536	0.35602	0.26302	0.10561
V52	0.07683	0.1269	0.68873	0.10755
V53	0.58524	0.14724	0.19341	0.07411
V54	0.35519	0.19837	0.35061	0.09583
V55	0.20661	0.15704	0.26761	0.36874
V56	0.0872	0.07399	0.16605	0.67276
V57	0.12248	0.71782	0.06545	0.09426
V58	0.50955	0.05734	0.12032	0.31279
V59	0.36038	0.36745	0.15185	0.12032
V60	0.15075	0.17347	0.32862	0.34716
V61	0.6343	0.13833	0.07917	0.1482
V62	0.69874	0.07357	0.13759	0.09011
V63	0.05951	0.68746	0.15149	0.10154
V64	0.04983	0.71115	0.04916	0.18986
V65	0.06732	0.06702	0.17707	0.6886
V66	0.21096	0.58161	0.07007	0.13736
V67	0.1678	0.29568	0.44654	0.08998
V68	0.16676	0.17192	0.11095	0.55037
V69	0.07368	0.2823	0.52305	0.12097
V70	0.43415	0.17196	0.21829	0.1756
V71	0.17554	0.11063	0.36713	0.34669
V72	0.45662	0.17887	0.15429	0.21022
V73	0.16473	0.51447	0.17024	0.15056
V74	0.09781	0.21398	0.61241	0.0758
V75	0.56242	0.04826	0.23444	0.15488
V76	0.05221	0.19332	0.22796	0.52651
V77	0.07956	0.2818	0.09094	0.5477
V78	0.26904	0.14837	0.22831	0.35428
V79	0.05713	0.1202	0.6719	0.15077
V80	0.30819	0.05946	0.48416	0.14818
V81	0.0991	0.16729	0.65241	0.08121
V82	0.05536	0.08837	0.77116	0.08511
V83	0.1514	0.19671	0.14843	0.50347
V84	0.33178	0.0895	0.2185	0.36023
V85	0.13159	0.29197	0.37027	0.20617
V86	0.0928	0.07972	0.71251	0.11496
V87	0.07406	0.68648	0.09977	0.13968
V88	0.17608	0.10487	0.29283	0.42621
V89	0.07082	0.07169	0.25342	0.60406
V90	0.0676	0.73878	0.09847	0.09516
V91	0.07691	0.61199	0.20296	0.10814
V92	0.37837	0.06551	0.37357	0.18254
V93	0.70375	0.05797	0.07654	0.16174
V94	0.0622	0.40202	0.09059	0.44519
V95	0.23505	0.38226	0.19016	0.19253
V96	0.10703	0.13533	0.1214	0.63623
V97	0.54908	0.13323	0.23874	0.07896
V98	0.55996	0.29031	0.06164	0.08809
V99	0.63895	0.08218	0.19856	0.08031
V100	0.11512	0.0661	0.71808	0.10069
V101	0.06902	0.07997	0.11275	0.73825
V102	0.73991	0.08813	0.08051	0.09144
V103	0.06509	0.09176	0.17474	0.66841
V104	0.06868	0.79464	0.0499	0.08678
V105	0.0906	0.76469	0.05812	0.08658
V106	0.14039	0.43672	0.3081	0.11478
V107	0.19107	0.20193	0.48649	0.12051
V108	0.16531	0.62833	0.12868	0.07768
V109	0.06327	0.17627	0.51232	0.24814
V110	0.09103	0.72482	0.082	0.10216
V111	0.73273	0.04498	0.13901	0.08328
V112	0.15151	0.10377	0.40551	0.33921
V113	0.19042	0.14242	0.22629	0.44087
V114	0.22946	0.09394	0.16009	0.51651
V115	0.05232	0.62736	0.23499	0.08533
V116	0.15825	0.29097	0.34575	0.20504
V117	0.53892	0.2535	0.09479	0.11279
V118	0.17226	0.49504	0.08888	0.24381
V119	0.13927	0.12161	0.13583	0.60328
V120	0.1152	0.09464	0.6984	0.09177
V121	0.4716	0.15664	0.15478	0.21698
V122	0.768	0.05027	0.08951	0.09223
V123	0.05097	0.45068	0.11068	0.38767
V124	0.52995	0.28369	0.05923	0.12713
V125	0.33108	0.37003	0.203	0.09589
V126	0.08374	0.17633	0.13318	0.60675
V127	0.17565	0.09494	0.28816	0.44126
V128	0.07877	0.07224	0.18898	0.66001
V129	0.46296	0.23431	0.19852	0.10421
V130	0.052	0.54972	0.3141	0.08418
V131	0.0642	0.74062	0.04672	0.14845
V132	0.74575	0.04948	0.10558	0.0992
V133	0.72624	0.05776	0.12482	0.09119
V134	0.13272	0.35483	0.17678	0.33568
V135	0.1139	0.07689	0.23604	0.57318
V136	0.22709	0.3662	0.07938	0.32732
V137	0.51605	0.07723	0.27211	0.13462
V138	0.20415	0.36105	0.2071	0.22771
V139	0.30021	0.21749	0.22779	0.25451
V140	0.07868	0.13084	0.13961	0.65088
V141	0.10235	0.175	0.47459	0.24806
V142	0.63767	0.04529	0.2425	0.07455
V143	0.35359	0.26098	0.13196	0.25347
V144	0.17463	0.18208	0.21548	0.42781
V145	0.04664	0.63431	0.23383	0.08522
V146	0.09598	0.07283	0.12969	0.7015
V147	0.72542	0.06286	0.09683	0.11489
V148	0.15254	0.11022	0.5043	0.23294
V149	0.2445	0.44335	0.23043	0.08171
V150	0.11733	0.23624	0.50428	0.14215
V151	0.20329	0.53224	0.08442	0.18004
V152	0.21981	0.39141	0.23176	0.15703
V153	0.1282	0.62629	0.07043	0.17508
V154	0.22856	0.39633	0.26955	0.10556
V155	0.38684	0.16566	0.29221	0.15529
V156	0.08042	0.15998	0.58292	0.17668
V157	0.26896	0.17927	0.31237	0.23939
V158	0.06933	0.068	0.12462	0.73805
V159	0.70512	0.10059	0.07321	0.12107
V160	0.54646	0.05724	0.13969	0.2566
V161	0.20686	0.06766	0.12655	0.59893
V162	0.10182	0.29125	0.14862	0.45832
V163	0.12242	0.42661	0.20063	0.25034
V164	0.29135	0.2954	0.15869	0.25456
V165	0.06127	0.26766	0.08345	0.58761
V166	0.06376	0.13796	0.153	0.64528
V167	0.30461	0.05491	0.10157	0.53891
V168	0.25748	0.48638	0.12714	0.12899
V169	0.19155	0.10362	0.12938	0.57544
V170	0.13684	0.06997	0.47439	0.31879
V171	0.15218	0.23415	0.50042	0.11325
V172	0.57638	0.04798	0.29551	0.08013
V173	0.07674	0.17585	0.12877	0.61865
V174	0.06766	0.19252	0.15319	0.58663
V175	0.10529	0.05756	0.65978	0.17737
V176	0.05249	0.6748	0.18718	0.08553
V177	0.05191	0.80688	0.04453	0.09668
V178	0.04861	0.64473	0.06015	0.24651
V179	0.17664	0.06279	0.37836	0.38222
V180	0.0681	0.73778	0.11391	0.08021
V181	0.1752	0.15542	0.47132	0.19806
V182	0.26902	0.19248	0.41176	0.12675
V183	0.18811	0.6737	0.05282	0.08537
V184	0.79451	0.04546	0.08292	0.0771
V185	0.47047	0.37822	0.06884	0.08247
V186	0.14	0.4155	0.2655	0.179
V187	0.76143	0.04996	0.10518	0.08344
V188	0.09727	0.24391	0.08471	0.57412
V189	0.64253	0.069	0.09255	0.19591
V190	0.53238	0.05588	0.33148	0.08027
V191	0.19114	0.20955	0.48623	0.11308
V192	0.2672	0.41473	0.1044	0.21367
V193	0.48009	0.07777	0.26698	0.17516
V194	0.07567	0.76956	0.05137	0.1034
V195	0.06254	0.06765	0.78495	0.08486
V196	0.06628	0.11704	0.11324	0.70343
V197	0.34471	0.096	0.1145	0.44479
V198	0.09964	0.43079	0.33979	0.12979
V199	0.17592	0.0814	0.23205	0.51063
V200	0.14717	0.48646	0.07965	0.28671
V201	0.12273	0.47389	0.20904	0.19434
V202	0.06504	0.06557	0.6565	0.21289
V203	0.17408	0.37394	0.35308	0.0989
V204	0.05093	0.47101	0.07597	0.40209
V205	0.06824	0.08733	0.74987	0.09456
V206	0.09354	0.12004	0.7049	0.08152
V207	0.15187	0.21217	0.13121	0.50475
V208	0.23989	0.09857	0.57112	0.09042
V209	0.26588	0.41175	0.12351	0.19886
V210	0.11333	0.63211	0.13062	0.12394
V211	0.35273	0.06719	0.12198	0.4581
V212	0.41828	0.0792	0.40619	0.09632
V213	0.50243	0.07701	0.17614	0.24442
V214	0.28426	0.18646	0.2109	0.31838
V215	0.25958	0.14061	0.10479	0.49503
V216	0.08244	0.06803	0.12381	0.72572
V217	0.08383	0.42839	0.2442	0.24358
V218	0.12238	0.39481	0.20308	0.27973
V219	0.13034	0.54026	0.07152	0.25788
V220	0.05009	0.68928	0.05649	0.20414
V221	0.6407	0.05289	0.0843	0.22211
V222	0.27699	0.16067	0.35132	0.21102
V223	0.05634	0.16004	0.64059	0.14303
V224	0.7827	0.04442	0.09623	0.07665
V225	0.09158	0.72367	0.09926	0.0855
V226	0.27836	0.11501	0.51757	0.08906
V227	0.6305	0.04726	0.23249	0.08976
V228	0.60514	0.10466	0.13505	0.15515
V229	0.06874	0.06645	0.76294	0.10187
V230	0.06842	0.08001	0.12417	0.7274
V231	0.06601	0.27573	0.17281	0.48545
V232	0.08117	0.55797	0.0583	0.30256
V233	0.45021	0.12715	0.23417	0.18847
V234	0.07545	0.75706	0.07162	0.09587
V235	0.32339	0.09594	0.47487	0.1058
V236	0.09075	0.10403	0.66236	0.14287
V237	0.16992	0.06745	0.13085	0.63178
V238	0.14851	0.46898	0.2604	0.12212
V239	0.10061	0.37023	0.09122	0.43794
V240	0.40291	0.07668	0.40082	0.11959
V241	0.06802	0.06011	0.73507	0.1368
V242	0.14931	0.63038	0.1292	0.09111
V243	0.23146	0.08255	0.54402	0.14197
V244	0.20864	0.05254	0.58934	0.14948
V245	0.47701	0.28491	0.11119	0.12689
V246	0.0976	0.166	0.63627	0.10013
V247	0.18118	0.06432	0.68108	0.07341
V248	0.0745	0.08628	0.13986	0.69936
V249	0.05347	0.08058	0.72855	0.1374
V250	0.61501	0.04691	0.25673	0.08135
V251	0.75631	0.08015	0.08155	0.08199
V252	0.05276	0.69641	0.17161	0.07923
V253	0.3079	0.11642	0.21562	0.36005
V254	0.05217	0.76969	0.09128	0.08686
V255	0.08223	0.75458	0.04517	0.11803
V256	0.18289	0.21743	0.45051	0.14917
V257	0.3473	0.13863	0.26146	0.25261
V258	0.18166	0.25757	0.38417	0.1766
V259	0.08133	0.27378	0.52986	0.11503
V260	0.05205	0.26819	0.59725	0.08251
V261	0.4884	0.07793	0.23708	0.1966
V262	0.12602	0.10489	0.11584	0.65325
V263	0.05954	0.79139	0.04565	0.10341
V264	0.17553	0.08545	0.40641	0.3326
V265	0.0796	0.06598	0.20671	0.64771
V266	0.53131	0.32985	0.06414	0.0747
V267	0.04848	0.20145	0.29896	0.45111
V268	0.32219	0.07602	0.20625	0.39554
V269	0.05071	0.47176	0.35386	0.12368
V270	0.5085	0.07131	0.27246	0.14772
V271	0.6294	0.10411	0.10425	0.16224
V272	0.08929	0.68114	0.06112	0.16844
V273	0.09553	0.07884	0.13532	0.69031
V274	0.55585	0.04896	0.22782	0.16738
V275	0.05667	0.06837	0.79037	0.08459
V276	0.40748	0.32105	0.07406	0.19741
V277	0.0787	0.22317	0.21114	0.487
V278	0.08096	0.10632	0.31505	0.49767
V279	0.54123	0.09904	0.17041	0.18932
V280	0.06933	0.068	0.12462	0.73805
V281	0.43367	0.07781	0.20139	0.28712
V282	0.09808	0.10445	0.66838	0.12909
V283	0.20271	0.49038	0.11357	0.19334
V284	0.06833	0.74665	0.09824	0.08678
V285	0.11029	0.0592	0.75487	0.07565
V286	0.2268	0.46671	0.14893	0.15756
V287	0.12192	0.71782	0.05949	0.10077
V288	0.0605	0.27142	0.39018	0.2779
V289	0.25259	0.22314	0.38269	0.14159
V290	0.66517	0.18118	0.07799	0.07566
V291	0.4034	0.10291	0.4053	0.08838
V292	0.74453	0.04958	0.07814	0.12775
V293	0.27057	0.05934	0.55699	0.1131
V294	0.11521	0.34292	0.07818	0.46369
V295	0.06692	0.2005	0.2334	0.49918
V296	0.18415	0.14739	0.51923	0.14924
V297	0.10998	0.06535	0.15697	0.6677
V298	0.27049	0.13021	0.51	0.0893
V299	0.10233	0.27418	0.09663	0.52685
V300	0.05409	0.08446	0.27521	0.58624
V301	0.14489	0.14092	0.5449	0.16929
V302	0.52998	0.32123	0.06043	0.08836
V303	0.04635	0.50167	0.34382	0.10815
V304	0.09758	0.07122	0.62538	0.20582
V305	0.14325	0.18088	0.41427	0.2616
V306	0.6334	0.12832	0.11847	0.11981
V307	0.05882	0.78759	0.05748	0.0961
V308	0.21357	0.23635	0.29538	0.2547
V309	0.2824	0.30336	0.09483	0.31941
V310	0.10812	0.3009	0.19629	0.39469
V311	0.42985	0.42579	0.06067	0.08369
V312	0.12195	0.61047	0.16853	0.09905
V313	0.05837	0.14685	0.11581	0.67896
V314	0.05923	0.41945	0.16229	0.35903
V315	0.13928	0.52799	0.08824	0.24449
V316	0.26915	0.16114	0.36519	0.20452
V317	0.11412	0.58211	0.09434	0.20943
V318	0.0748	0.4803	0.07843	0.36648
V319	0.0993	0.09447	0.69867	0.10756
V320	0.11157	0.16655	0.54527	0.17661
V321	0.52352	0.33787	0.06365	0.07497
V322	0.18813	0.30409	0.13763	0.37015
V323	0.09411	0.0781	0.17424	0.65355
V324	0.52399	0.25376	0.12565	0.0966
V325	0.27466	0.5397	0.10244	0.0832
V326	0.043	0.48286	0.14317	0.33096
V327	0.06737	0.17468	0.17876	0.57919
V328	0.08935	0.07167	0.62643	0.21256
V329	0.1752	0.15001	0.21964	0.45515
V330	0.32401	0.05973	0.34277	0.27349
V331	0.29048	0.13018	0.12579	0.45355
V332	0.06316	0.1008	0.23701	0.59903
V333	0.34726	0.11229	0.37189	0.16855
V334	0.30063	0.06165	0.35618	0.28153
V335	0.07172	0.30748	0.44297	0.17783
V336	0.17908	0.58375	0.07126	0.16591
V337	0.25213	0.35745	0.28497	0.10545
V338	0.04411	0.81884	0.04888	0.08818
V339	0.14886	0.05708	0.71099	0.08307
V340	0.09371	0.23064	0.4558	0.21984
V341	0.07377	0.08654	0.15188	0.68781
V342	0.23167	0.0524	0.53262	0.1833
V343	0.77723	0.05705	0.08367	0.08205
V344	0.54137	0.17018	0.21418	0.07427
V345	0.06304	0.06748	0.79314	0.07634
V346	0.21414	0.14972	0.29562	0.34052
V347	0.08684	0.07185	0.19997	0.64134
V348	0.0892	0.54393	0.17223	0.19464
V349	0.29197	0.18571	0.36038	0.16194
V350	0.06766	0.66659	0.1866	0.07915
V351	0.06797	0.08329	0.38748	0.46126
V352	0.09139	0.06643	0.69879	0.1434
V353	0.68929	0.06502	0.11032	0.13538
V354	0.08521	0.57078	0.22849	0.11552
V355	0.24623	0.11578	0.42041	0.21758
V356	0.07874	0.07808	0.18155	0.66164
V357	0.13324	0.30778	0.28073	0.27826
V358	0.42403	0.1436	0.12291	0.30946
V359	0.4483	0.10315	0.11222	0.33633
V360	0.4466	0.38785	0.07688	0.08866
V361	0.04726	0.39321	0.47737	0.08215
V362	0.04427	0.81214	0.05591	0.08768
V363	0.17487	0.14839	0.42276	0.25398
V364	0.16926	0.10109	0.57379	0.15587
V365	0.23674	0.08134	0.10911	0.5728
V366	0.10371	0.56607	0.12764	0.20259
V367	0.44776	0.17209	0.07883	0.30132
V368	0.11373	0.60096	0.12622	0.15909
V369	0.06288	0.35315	0.50089	0.08308
V370	0.26021	0.26195	0.37255	0.10529
V371	0.18756	0.60001	0.07473	0.13769
V372	0.1683	0.10538	0.19003	0.53629
V373	0.11039	0.16784	0.42344	0.29833
V374	0.62218	0.05482	0.24798	0.07502
V375	0.08539	0.09135	0.21139	0.61187
V376	0.07877	0.08524	0.18121	0.65477
V377	0.6196	0.04582	0.09137	0.24321
V378	0.06074	0.08278	0.39561	0.46086
V379	0.28175	0.21594	0.09002	0.41228
V380	0.15992	0.12145	0.24182	0.47681
V381	0.56899	0.06282	0.15878	0.20941
V382	0.11657	0.07339	0.72688	0.08316
V383	0.64808	0.0517	0.12487	0.17536
V384	0.43244	0.11963	0.18917	0.25876
V385	0.66915	0.05718	0.14649	0.12718
V386	0.25998	0.07055	0.20998	0.45949
V387	0.45703	0.17114	0.2237	0.14813
V388	0.30648	0.30966	0.18622	0.19764
V389	0.34408	0.45445	0.06584	0.13563
V390	0.2629	0.24838	0.41073	0.07799
V391	0.33694	0.14542	0.09971	0.41793
V392	0.33861	0.2312	0.20446	0.22573
V393	0.24471	0.23248	0.33199	0.19082
V394	0.11767	0.2373	0.17401	0.47102
V395	0.20452	0.35426	0.22047	0.22074
V396	0.05179	0.79469	0.05029	0.10322
V397	0.60464	0.12215	0.15997	0.11323
V398	0.3547	0.16806	0.15984	0.31741
V399	0.18734	0.46847	0.17895	0.16525
V400	0.04303	0.49885	0.11901	0.33911
V401	0.08131	0.17439	0.60197	0.14233
V402	0.63555	0.19043	0.09952	0.07451
V403	0.07412	0.08017	0.15822	0.68749
V404	0.11877	0.2042	0.52036	0.15667
V405	0.2065	0.08652	0.22389	0.4831
V406	0.50046	0.25479	0.08227	0.16248
V407	0.04411	0.81884	0.04888	0.08818
V408	0.11718	0.24535	0.36768	0.26979
V409	0.06244	0.07516	0.12432	0.73808
V410	0.11467	0.71321	0.07094	0.10118
V411	0.35778	0.05914	0.0923	0.49079
V412	0.16804	0.1178	0.44617	0.26799
V413	0.09111	0.42079	0.20753	0.28057
V414	0.07613	0.4325	0.312	0.17937
V415	0.35612	0.07964	0.2675	0.29674
V416	0.06231	0.10574	0.75573	0.07623
V417	0.32851	0.53149	0.05676	0.08323
V418	0.10501	0.14398	0.20521	0.5458
V419	0.0688	0.06783	0.13134	0.73203
V420	0.04322	0.73335	0.06188	0.16155
V421	0.17003	0.08339	0.57736	0.16922
V422	0.08723	0.10839	0.11268	0.6917
V423	0.11512	0.0661	0.71808	0.10069
V424	0.05017	0.0957	0.54197	0.31216
V425	0.09387	0.23703	0.50549	0.16361
V426	0.12252	0.08527	0.65547	0.13674
V427	0.09922	0.35907	0.21891	0.3228
V428	0.11335	0.63124	0.1029	0.15251
V429	0.0686	0.06831	0.13619	0.7269
V430	0.58181	0.19109	0.08631	0.14079
V431	0.18412	0.07524	0.42187	0.31878
V432	0.13153	0.13555	0.13534	0.59758
V433	0.08953	0.6113	0.05406	0.24512
V434	0.28297	0.1245	0.13229	0.46024
V435	0.40109	0.06621	0.18867	0.34403
V436	0.31465	0.06837	0.186	0.43097
V437	0.21274	0.24113	0.0845	0.46163
V438	0.47256	0.18905	0.10038	0.23801
V439	0.08019	0.13659	0.10995	0.67328
V440	0.38372	0.08822	0.1191	0.40896
V441	0.1029	0.15949	0.51111	0.2265
V442	0.26718	0.31865	0.18066	0.23352
V443	0.57617	0.05298	0.16121	0.20964
V444	0.06304	0.06748	0.79314	0.07634
V445	0.48648	0.06244	0.34645	0.10462
V446	0.07376	0.67873	0.10053	0.14698
V447	0.48717	0.13355	0.21768	0.1616
V448	0.06871	0.11647	0.24064	0.57418
V449	0.44176	0.0826	0.31351	0.16213
V450	0.15682	0.70554	0.05843	0.07921
V451	0.74043	0.08892	0.0717	0.09895
V452	0.08163	0.07482	0.15712	0.68643
V453	0.62653	0.11347	0.13366	0.12633
V454	0.04326	0.76907	0.09144	0.09623
V455	0.47076	0.07618	0.31867	0.13439
V456	0.27694	0.15368	0.36512	0.20427
V457	0.06246	0.08036	0.11844	0.73874
V458	0.23554	0.24104	0.08269	0.44072
V459	0.05726	0.65056	0.13159	0.16059
V460	0.75309	0.04976	0.10518	0.09197
V461	0.09586	0.08541	0.11588	0.70285
V462	0.28998	0.25517	0.0728	0.38205
V463	0.22747	0.41325	0.18818	0.1711
V464	0.39976	0.14464	0.0834	0.37221
V465	0.3293	0.38639	0.08584	0.19847
V466	0.45443	0.21107	0.07529	0.25921
V467	0.27347	0.48585	0.12655	0.11413
V468	0.39844	0.3649	0.10839	0.12827
V469	0.06525	0.20111	0.29817	0.43546
V470	0.42517	0.15873	0.21941	0.19668
V471	0.23651	0.14765	0.12044	0.49541
V472	0.27396	0.31711	0.06807	0.34087
V473	0.12371	0.46039	0.31592	0.09998
V474	0.13881	0.06189	0.18591	0.61339
V475	0.17954	0.36063	0.13869	0.32113
V476	0.16988	0.07686	0.14456	0.6087
V477	0.46529	0.08288	0.24793	0.2039
V478	0.14674	0.50031	0.06621	0.28674
V479	0.06681	0.12	0.66289	0.15031
V480	0.10886	0.29811	0.11968	0.47334
V481	0.16324	0.0648	0.68061	0.09135
V482	0.53873	0.18514	0.16418	0.11195
V483	0.14521	0.14989	0.15332	0.55158
V484	0.07256	0.11604	0.12691	0.68449
V485	0.13787	0.6098	0.06417	0.18816
V486	0.23601	0.26587	0.17846	0.31966
V487	0.10834	0.09756	0.16941	0.62469
V488	0.05269	0.05966	0.72421	0.16343
V489	0.20891	0.13095	0.57037	0.08978
V490	0.28251	0.30168	0.13186	0.28394
V491	0.36114	0.41646	0.08724	0.13516
V492	0.06756	0.68886	0.15781	0.08576
V493	0.06995	0.06801	0.11463	0.74741
V494	0.19117	0.18	0.45295	0.17588
V495	0.21253	0.52036	0.16853	0.09858
V496	0.24912	0.57948	0.04887	0.12252
V497	0.0628	0.0614	0.79133	0.08447
V498	0.26779	0.14724	0.13093	0.45404
V499	0.48561	0.26308	0.17009	0.08122
V500	0.12776	0.15143	0.60688	0.11394
V501	0.06213	0.06843	0.13684	0.7326
V502	0.43192	0.2729	0.19004	0.10515
V503	0.19088	0.14297	0.23881	0.42733
V504	0.21791	0.58164	0.06298	0.13747
V505	0.18964	0.22911	0.26833	0.31292
V506	0.11732	0.25248	0.40357	0.22663
V507	0.47133	0.14097	0.17814	0.20956
V508	0.58254	0.19063	0.10757	0.11926
V509	0.21443	0.10817	0.45192	0.22548
V510	0.2142	0.44386	0.26034	0.0816
V511	0.08448	0.37856	0.11286	0.42409
V512	0.22135	0.10255	0.15973	0.51637
V513	0.10587	0.53532	0.22072	0.13809
V514	0.06763	0.1087	0.10971	0.71397
V515	0.59123	0.10496	0.12197	0.18184
V516	0.72802	0.12084	0.06927	0.08187
V517	0.08282	0.08328	0.28686	0.54704
V518	0.76937	0.07146	0.07694	0.08223
V519	0.06545	0.71105	0.05448	0.16902
V520	0.07495	0.05638	0.54283	0.32584
V521	0.44728	0.08369	0.36241	0.10662
V522	0.05407	0.16147	0.4999	0.28457
V523	0.29268	0.16202	0.2776	0.26771
V524	0.05055	0.63739	0.2036	0.10846
V525	0.22781	0.22614	0.10448	0.44156
V526	0.49367	0.12396	0.14506	0.23731
V527	0.19967	0.0759	0.38418	0.34025
V528	0.12146	0.70649	0.04663	0.12542
V529	0.09838	0.11474	0.26152	0.52537
V530	0.05527	0.21393	0.56734	0.16346
V531	0.05934	0.71905	0.14172	0.07989
V532	0.17275	0.31323	0.09891	0.41511
V533	0.24385	0.32812	0.17984	0.24819
V534	0.05685	0.06552	0.60882	0.26881
V535	0.43782	0.05162	0.09741	0.41314
V536	0.19228	0.05608	0.37016	0.38148
V537	0.46434	0.25811	0.19081	0.08674
V538	0.362	0.10447	0.1604	0.37313
V539	0.23505	0.38226	0.19016	0.19253
V540	0.19482	0.57326	0.11662	0.1153
V541	0.05939	0.44375	0.12303	0.37383
V542	0.19022	0.16519	0.27499	0.3696
V543	0.69118	0.05108	0.08856	0.16918
V544	0.1291	0.13643	0.22312	0.51134
V545	0.29895	0.17796	0.14096	0.38213
V546	0.08327	0.72446	0.10588	0.08639
V547	0.0779	0.5319	0.29835	0.09185
V548	0.16508	0.62883	0.12136	0.08473
V549	0.28711	0.07527	0.5483	0.08932
V550	0.46088	0.08018	0.08366	0.37528
V551	0.18037	0.6093	0.07989	0.13044
V552	0.04318	0.46366	0.07673	0.41643
V553	0.21563	0.1707	0.51623	0.09744
V554	0.09355	0.12836	0.12452	0.65357
V555	0.11623	0.2379	0.32525	0.32062
V556	0.05368	0.07398	0.76447	0.10787
V557	0.63543	0.07594	0.08574	0.20289
V558	0.09689	0.64442	0.07623	0.18246
V559	0.05273	0.66622	0.20204	0.07901
V560	0.55229	0.30445	0.06093	0.08234
V561	0.05667	0.06837	0.79037	0.08459
V562	0.60415	0.05272	0.18144	0.1617
V563	0.23415	0.05446	0.62967	0.08172
V564	0.09919	0.11201	0.69548	0.09332
V565	0.14269	0.26024	0.34891	0.24816
V566	0.53869	0.14047	0.07758	0.24326
V567	0.20332	0.39994	0.08939	0.30734
V568	0.22197	0.0669	0.14283	0.56831
V569	0.53034	0.07696	0.08006	0.31265
V570	0.07276	0.27402	0.51649	0.13673
V571	0.63971	0.1583	0.06793	0.13405
V572	0.36307	0.05769	0.41795	0.16129
V573	0.09874	0.19902	0.09646	0.60579
V574	0.07694	0.64334	0.18627	0.09345
V575	0.06879	0.1296	0.19606	0.60555
V576	0.16614	0.66392	0.0781	0.09183
V577	0.08386	0.09955	0.25758	0.55902
V578	0.0951	0.11143	0.57364	0.21983
V579	0.05104	0.71819	0.12805	0.10272
V580	0.16167	0.0687	0.18808	0.58154
V581	0.10086	0.12115	0.10551	0.67249
V582	0.4489	0.1812	0.10302	0.26688
V583	0.05719	0.09647	0.51916	0.32717
V584	0.40866	0.18031	0.29859	0.11244
V585	0.06123	0.06792	0.42391	0.44695
V586	0.22306	0.06017	0.56058	0.15619
V587	0.24768	0.06191	0.58494	0.10547
V588	0.48713	0.09258	0.10588	0.31441
V589	0.08907	0.66216	0.10941	0.13936
V590	0.08652	0.62604	0.20227	0.08517
V591	0.05749	0.0923	0.25232	0.59789
V592	0.17337	0.07815	0.675	0.07348
V593	0.45783	0.05061	0.23327	0.25829
V594	0.2834	0.27732	0.31872	0.12056
V595	0.07534	0.07985	0.12368	0.72113
V596	0.07773	0.27834	0.24976	0.39417
V597	0.04517	0.48631	0.31661	0.15191
V598	0.06632	0.1443	0.69552	0.09386
V599	0.49488	0.30984	0.08995	0.10532
V600	0.29736	0.4173	0.10683	0.17851
V601	0.16506	0.27401	0.14662	0.41432
V602	0.07585	0.07954	0.11789	0.72672
V603	0.05527	0.34528	0.09176	0.50769
V604	0.40902	0.14998	0.33576	0.10525
V605	0.10065	0.30828	0.36342	0.22765
V606	0.56096	0.18318	0.08093	0.17493
V607	0.50227	0.06504	0.17567	0.25702
V608	0.20619	0.18758	0.35924	0.24699
V609	0.07228	0.24638	0.25941	0.42193
V610	0.59053	0.06875	0.15964	0.18109
V611	0.25299	0.0653	0.14002	0.54169
V612	0.07563	0.12707	0.66085	0.13645
V613	0.08024	0.30478	0.49986	0.11512
V614	0.58392	0.10497	0.12213	0.18897
V615	0.14765	0.10437	0.10742	0.64056
V616	0.10426	0.58374	0.09491	0.21708
V617	0.38831	0.18334	0.35723	0.07112
V618	0.56598	0.0563	0.07974	0.29798
V619	0.31693	0.07835	0.32985	0.27488
V620	0.052	0.54972	0.3141	0.08418
V621	0.34024	0.18548	0.21372	0.26056
V622	0.29971	0.23096	0.36394	0.10538
V623	0.06881	0.12343	0.20921	0.59855
V624	0.6272	0.21309	0.06311	0.0966
V625	0.23438	0.42774	0.14538	0.19251
V626	0.76676	0.06338	0.07752	0.09234
V627	0.06026	0.08082	0.15911	0.69981
V628	0.05298	0.23485	0.10682	0.60534
V629	0.14193	0.28467	0.28167	0.29172
V630	0.08053	0.30536	0.49305	0.12106
V631	0.06691	0.21398	0.17231	0.54679
V632	0.45512	0.05118	0.20076	0.29294
V633	0.05108	0.07959	0.69039	0.17893
V634	0.3315	0.26189	0.32551	0.0811
V635	0.06371	0.62973	0.06099	0.24556
V636	0.14444	0.141	0.53775	0.17681
V637	0.2601	0.21752	0.15377	0.36862
V638	0.30557	0.26228	0.13431	0.29783
V639	0.24497	0.37985	0.30137	0.07381
V640	0.08216	0.17493	0.62095	0.12196
V641	0.69218	0.08064	0.09951	0.12767
V642	0.59663	0.19712	0.06537	0.14088
V643	0.05523	0.20804	0.40944	0.3273
V644	0.72125	0.1122	0.07526	0.09129
V645	0.236	0.36345	0.30209	0.09846
V646	0.05317	0.81026	0.04908	0.08749
V647	0.16139	0.12449	0.58612	0.128
V648	0.33719	0.38434	0.17266	0.10581
V649	0.0764	0.10478	0.68962	0.1292
V650	0.09745	0.12654	0.63981	0.1362
V651	0.27988	0.05212	0.58587	0.08213
V652	0.1194	0.13517	0.40521	0.34022
V653	0.13882	0.54751	0.14023	0.17345
V654	0.53752	0.2154	0.12064	0.12644
V655	0.07472	0.48951	0.08274	0.35304
V656	0.1961	0.27342	0.0887	0.44178
V657	0.07358	0.11752	0.11224	0.69666
V658	0.46334	0.22528	0.12238	0.189
V659	0.27734	0.13143	0.35218	0.23904
V660	0.06702	0.78465	0.04487	0.10347
V661	0.09164	0.37872	0.11998	0.40965
V662	0.33935	0.0659	0.43328	0.16147
V663	0.2221	0.117	0.49242	0.16848
V664	0.20026	0.10786	0.57098	0.12089
V665	0.53042	0.20739	0.10754	0.15465
V666	0.45532	0.05115	0.173	0.32053
V667	0.60778	0.10587	0.21086	0.07549
V668	0.13825	0.66131	0.1227	0.07774
V669	0.2126	0.36674	0.25703	0.16364
V670	0.10536	0.74718	0.04541	0.10204
V671	0.29879	0.27778	0.26745	0.15597
V672	0.06762	0.0731	0.75093	0.10834
V673	0.21259	0.33607	0.24626	0.20508
V674	0.5539	0.17615	0.08866	0.18129
V675	0.1503	0.3071	0.30875	0.23385
V676	0.0758	0.15299	0.18025	0.59096
V677	0.31306	0.36246	0.14707	0.1774
V678	0.42268	0.42727	0.06601	0.08404
V679	0.089	0.29031	0.53016	0.09052
V680	0.26778	0.46578	0.17016	0.09628
V681	0.70766	0.10145	0.08387	0.10702
V682	0.13378	0.28012	0.47172	0.11439
V683	0.05268	0.81009	0.05582	0.0814
V684	0.53858	0.18485	0.15026	0.1263
V685	0.39186	0.32052	0.168	0.11962
V686	0.11866	0.20683	0.20339	0.47113
V687	0.07561	0.07401	0.12391	0.72647
V688	0.31161	0.44638	0.05691	0.1851
V689	0.22988	0.05816	0.13813	0.57384
V690	0.37912	0.08619	0.40118	0.13352
V691	0.17288	0.05527	0.68941	0.08245
V692	0.11088	0.16638	0.58689	0.13585
V693	0.21384	0.14789	0.35469	0.28358
V694	0.06213	0.08273	0.31733	0.53781
V695	0.22151	0.06578	0.21777	0.49495
V696	0.10852	0.12937	0.11277	0.64933
V697	0.0679	0.10023	0.11621	0.71566
V698	0.64114	0.05286	0.08979	0.21621
V699	0.43856	0.28026	0.12586	0.15532
V700	0.2141	0.08192	0.10426	0.59972
V701	0.13109	0.44999	0.15319	0.26573
V702	0.42263	0.12765	0.09184	0.35788
V703	0.15171	0.10355	0.44057	0.30417
V704	0.63457	0.08949	0.10047	0.17547
V705	0.76027	0.04526	0.08916	0.10532
V706	0.11185	0.09486	0.64303	0.15026
V707	0.07947	0.37516	0.42998	0.11539
V708	0.07417	0.71114	0.06656	0.14814
V709	0.15126	0.25801	0.44875	0.14198
V710	0.46307	0.22519	0.11592	0.19582
V711	0.11397	0.64779	0.12969	0.10855
V712	0.63458	0.09576	0.08061	0.18906
V713	0.34628	0.29434	0.09803	0.26135
V714	0.05056	0.56089	0.07801	0.31054
V715	0.26048	0.31096	0.29404	0.13452
V716	0.08166	0.09215	0.13892	0.68727
V717	0.10578	0.75445	0.04458	0.09518
V718	0.15648	0.47061	0.20064	0.17227
V719	0.09017	0.58439	0.08655	0.23889
V720	0.54719	0.04796	0.26449	0.14036
V721	0.14336	0.18857	0.42064	0.24744
V722	0.11631	0.32128	0.09022	0.47219
V723	0.13242	0.12836	0.10526	0.63397
V724	0.44872	0.0772	0.15881	0.31526
V725	0.05256	0.12738	0.71197	0.1081
V726	0.07707	0.34771	0.17367	0.40154
V727	0.24339	0.54276	0.13067	0.08318
V728	0.0684	0.71783	0.12744	0.08633
V729	0.33127	0.06811	0.21995	0.38066
V730	0.7044	0.07346	0.11708	0.10506
V731	0.07223	0.21515	0.37121	0.3414
V732	0.29226	0.12401	0.34505	0.23868
V733	0.49514	0.21117	0.09762	0.19607
V734	0.22288	0.28801	0.40963	0.07949
V735	0.06735	0.08229	0.44571	0.40465
V736	0.1552	0.07095	0.11226	0.6616
V737	0.27502	0.27932	0.25437	0.19129
V738	0.10926	0.30604	0.39942	0.18528
V739	0.05081	0.0648	0.53669	0.3477
V740	0.65604	0.12038	0.13336	0.09022
V741	0.37755	0.14451	0.18239	0.29554
V742	0.34454	0.5167	0.06241	0.07635
V743	0.15355	0.16468	0.58215	0.09962
V744	0.41152	0.08328	0.3369	0.16829
V745	0.05807	0.56811	0.19912	0.1747
V746	0.79246	0.04511	0.07867	0.08377
V747	0.09716	0.05593	0.60604	0.24088
V748	0.14448	0.14154	0.50254	0.21143
V749	0.24433	0.20216	0.12656	0.42695
V750	0.33582	0.40863	0.077	0.17855
V751	0.08177	0.70401	0.0811	0.13312
V752	0.36223	0.23816	0.18143	0.21819
V753	0.06935	0.07487	0.11253	0.74325
V754	0.05042	0.76165	0.04688	0.14105
V755	0.15805	0.21248	0.33115	0.29832
V756	0.075	0.07468	0.13984	0.71048
V757	0.28933	0.49325	0.11217	0.10524
V758	0.08146	0.61745	0.15498	0.1461
V759	0.14448	0.11158	0.38266	0.36128
V760	0.25372	0.10923	0.29695	0.3401
V761	0.09901	0.48039	0.26984	0.15076
V762	0.04752	0.35329	0.09091	0.50829
V763	0.31417	0.33361	0.09046	0.26176
V764	0.05034	0.75546	0.05315	0.14106
V765	0.51623	0.13264	0.07203	0.27909
V766	0.06051	0.30159	0.3962	0.24169
V767	0.37852	0.15938	0.26543	0.19667
V768	0.0892	0.74294	0.06463	0.10322
V769	0.15791	0.67899	0.07103	0.09207
V770	0.05317	0.81026	0.04908	0.08749
V771	0.17954	0.06445	0.66491	0.0911
V772	0.15588	0.08558	0.67556	0.08298
V773	0.17247	0.6826	0.053	0.09192
V774	0.06872	0.06031	0.76278	0.10819
V775	0.13703	0.09619	0.30393	0.46284
V776	0.34483	0.37586	0.10885	0.17046
V777	0.17511	0.15691	0.19859	0.4694
V778	0.41567	0.27367	0.12735	0.1833
V779	0.17584	0.09336	0.44794	0.28286
V780	0.13024	0.63225	0.15975	0.07777
V781	0.08766	0.08491	0.13017	0.69726
V782	0.05699	0.15203	0.65408	0.13689
V783	0.60488	0.06897	0.12382	0.20233
V784	0.13014	0.72577	0.05877	0.08532
V785	0.07587	0.76231	0.05849	0.10333
V786	0.55288	0.18411	0.14392	0.11909
V787	0.04572	0.68981	0.17887	0.0856
V788	0.40015	0.28994	0.19082	0.11909
V789	0.10113	0.33912	0.10136	0.45839
V790	0.36116	0.08122	0.15542	0.4022
V791	0.14957	0.33931	0.31213	0.19899
V792	0.14727	0.46282	0.06849	0.32142
V793	0.1391	0.54357	0.08662	0.23071
V794	0.09005	0.11916	0.6478	0.14299
V795	0.13395	0.09745	0.14467	0.62393
V796	0.07717	0.11874	0.70304	0.10106
V797	0.59966	0.04839	0.26264	0.08931
V798	0.48629	0.2865	0.13233	0.09488
V799	0.14819	0.63096	0.07498	0.14586
V800	0.10496	0.0807	0.46686	0.34749
V801	0.15105	0.15728	0.33001	0.36165
V802	0.08082	0.13008	0.29681	0.49229
V803	0.21439	0.44402	0.26722	0.07437
V804	0.417	0.06424	0.37791	0.14085
V805	0.06328	0.06151	0.79899	0.07623
V806	0.08227	0.73971	0.06033	0.1177
V807	0.228	0.1858	0.11815	0.46805
V808	0.51431	0.26771	0.10553	0.11245
V809	0.08714	0.08064	0.75588	0.07634
V810	0.05291	0.81574	0.04413	0.08722
V811	0.33915	0.12436	0.23999	0.2965
V812	0.42272	0.26473	0.1159	0.19665
V813	0.46382	0.21205	0.21945	0.10468
V814	0.36048	0.4604	0.09698	0.08213
V815	0.04399	0.75487	0.11453	0.08662
V816	0.74869	0.04417	0.13113	0.07601
V817	0.07787	0.11212	0.71593	0.09408
V818	0.05972	0.10082	0.13415	0.7053
V819	0.64024	0.12082	0.11913	0.11981
V820	0.14584	0.14111	0.11795	0.5951
V821	0.20542	0.29595	0.35641	0.14222
V822	0.10847	0.07219	0.7187	0.10063
V823	0.07509	0.20544	0.56338	0.15609
V824	0.11928	0.3366	0.46998	0.07414
V825	0.20498	0.28334	0.26385	0.24783
V826	0.35439	0.36907	0.18859	0.08794
V827	0.32116	0.5093	0.06369	0.10585
V828	0.20547	0.19562	0.17224	0.42667
V829	0.08005	0.25151	0.1204	0.54804
V830	0.20428	0.24163	0.10577	0.44832
V831	0.59152	0.13018	0.10309	0.17522
V832	0.23565	0.35955	0.19891	0.20589
V833	0.15657	0.43315	0.20329	0.20698
V834	0.25198	0.12465	0.15592	0.46745
V835	0.2981	0.39482	0.15778	0.14929
V836	0.04996	0.56752	0.06503	0.31749
V837	0.2048	0.34618	0.21392	0.2351
V838	0.73485	0.07984	0.10356	0.08175
V839	0.26731	0.51155	0.13884	0.0823
V840	0.26553	0.60241	0.05434	0.07772
V841	0.05261	0.08712	0.72984	0.13043
V842	0.29225	0.19413	0.27437	0.23924
V843	0.06621	0.07229	0.71687	0.14464
V844	0.13545	0.13522	0.36761	0.36171
V845	0.10403	0.14312	0.61678	0.13607
V846	0.05027	0.06641	0.64244	0.24087
V847	0.06382	0.0686	0.11955	0.74804
V848	0.11477	0.43496	0.19997	0.2503
V849	0.04213	0.78761	0.05136	0.1189
V850	0.77384	0.04513	0.08916	0.09187
V851	0.29149	0.45726	0.17664	0.07461
V852	0.13069	0.10615	0.19967	0.56349
V853	0.22107	0.23365	0.36928	0.176
V854	0.4567	0.19594	0.15847	0.18889
V855	0.06382	0.0686	0.11955	0.74804
V856	0.0836	0.32493	0.33507	0.2564
V857	0.51804	0.20225	0.09749	0.18222
V858	0.44943	0.05649	0.41408	0.08
V859	0.50806	0.247	0.08283	0.16211
V860	0.18259	0.1568	0.13542	0.52519
V861	0.11818	0.32085	0.47096	0.09001
V862	0.15337	0.12433	0.60099	0.12131
V863	0.19157	0.10993	0.09714	0.60136
V864	0.102	0.09204	0.14245	0.6635
V865	0.13795	0.06717	0.2984	0.49648
V866	0.57034	0.06302	0.27732	0.08932
V867	0.57139	0.07076	0.27698	0.08087
V868	0.39942	0.27413	0.17756	0.1489
V869	0.05953	0.80434	0.0495	0.08664
V870	0.12567	0.32141	0.09545	0.45747
V871	0.04213	0.78761	0.05136	0.1189
V872	0.06282	0.07785	0.28705	0.57228
V873	0.6897	0.07309	0.12298	0.11423
V874	0.19666	0.65406	0.07172	0.07757
V875	0.06689	0.21535	0.23937	0.47839
V876	0.16603	0.30517	0.37279	0.156
V877	0.08364	0.35777	0.29381	0.26479
V878	0.1486	0.6667	0.10655	0.07815
V879	0.18774	0.56931	0.0919	0.15105
V880	0.265	0.47245	0.06343	0.19912
V881	0.16088	0.09294	0.51992	0.22627
V882	0.61928	0.04451	0.18813	0.14808
V883	0.25437	0.20771	0.46415	0.07377
V884	0.06735	0.27508	0.08269	0.57488
V885	0.56183	0.22338	0.14023	0.07455
V886	0.05997	0.33151	0.41542	0.1931
V887	0.48685	0.11049	0.20695	0.19571
V888	0.12937	0.09384	0.62009	0.1567
V889	0.71942	0.08799	0.09434	0.09824
V890	0.07925	0.17526	0.52614	0.21935
V891	0.48607	0.09334	0.30207	0.11852
V892	0.24286	0.2092	0.09385	0.4541
V893	0.44801	0.22652	0.1927	0.13277
V894	0.10244	0.29	0.493	0.11457
V895	0.45768	0.11116	0.23508	0.19608
V896	0.07567	0.76956	0.05137	0.1034
V897	0.53665	0.25992	0.07	0.13343
V898	0.37492	0.05386	0.09567	0.47554
V899	0.0725	0.21433	0.19929	0.51388
V900	0.10848	0.2852	0.34325	0.26307
V901	0.0724	0.68122	0.05681	0.18957
V902	0.08323	0.73833	0.09179	0.08665
V903	0.05226	0.36975	0.45583	0.12217
V904	0.05954	0.8094	0.04455	0.0865
V905	0.16162	0.06114	0.2339	0.54334
V906	0.32335	0.1392	0.16992	0.36753
V907	0.35137	0.44527	0.07494	0.12842
V908	0.06568	0.101	0.15653	0.67679
V909	0.14701	0.65949	0.04755	0.14594
V910	0.16879	0.06092	0.1954	0.57489
V911	0.40722	0.36023	0.09039	0.14216
V912	0.3144	0.30958	0.17161	0.20442
V913	0.13413	0.06437	0.1146	0.6869
V914	0.18123	0.4216	0.28348	0.11369
V915	0.207	0.05937	0.10916	0.62447
V916	0.23088	0.10016	0.54815	0.12081
V917	0.5467	0.07683	0.21452	0.16195
V918	0.08369	0.51862	0.23888	0.15881
V919	0.18984	0.24489	0.29628	0.26899
V920	0.47052	0.21733	0.15077	0.16138
V921	0.07513	0.19134	0.12135	0.61219
V922	0.1233	0.39915	0.35535	0.1222
V923	0.10972	0.0787	0.13831	0.67327
V924	0.07736	0.54862	0.26551	0.10852
V925	0.17751	0.08992	0.1119	0.62068
V926	0.19182	0.08189	0.12606	0.60023
V927	0.07398	0.09278	0.14436	0.68888
V928	0.08107	0.72566	0.05264	0.14064
V929	0.08974	0.52732	0.16686	0.21609
V930	0.39993	0.34497	0.09197	0.16312
V931	0.15127	0.26544	0.44106	0.14222
V932	0.08055	0.15038	0.5207	0.24837
V933	0.47841	0.3635	0.07001	0.08808
V934	0.05776	0.18501	0.29292	0.46431
V935	0.43358	0.18975	0.23578	0.14089
V936	0.4084	0.27495	0.0843	0.23234
V937	0.41663	0.16522	0.15207	0.26608
V938	0.30813	0.09679	0.3208	0.27427
V939	0.57656	0.06895	0.14522	0.20926
V940	0.06662	0.64154	0.17462	0.11722
V941	0.05697	0.06144	0.79728	0.08431
V942	0.56845	0.2062	0.12837	0.09698
V943	0.3234	0.15873	0.39155	0.12633
V944	0.06677	0.26801	0.1381	0.52712
V945	0.43764	0.33474	0.07153	0.15608
V946	0.36119	0.26037	0.26566	0.11278
V947	0.11319	0.10664	0.26872	0.51145
V948	0.29358	0.07519	0.53413	0.0971
V949	0.05277	0.15479	0.24721	0.54522
V950	0.09073	0.4532	0.22602	0.23005
V951	0.65123	0.06111	0.20571	0.08195
V952	0.10322	0.16877	0.28511	0.44289
V953	0.06706	0.09775	0.72682	0.10836
V954	0.07934	0.2069	0.19972	0.51404
V955	0.13844	0.50305	0.08468	0.27383
V956	0.08135	0.08151	0.46798	0.36916
V957	0.28135	0.07253	0.09491	0.55121
V958	0.06995	0.06801	0.11463	0.74741
V959	0.21324	0.25524	0.38972	0.1418
V960	0.21151	0.27352	0.14586	0.36912
V961	0.14898	0.34459	0.32864	0.17779
V962	0.29927	0.19242	0.36716	0.14115
V963	0.45533	0.19482	0.20194	0.14791
V964	0.64813	0.07482	0.16318	0.11387
V965	0.09047	0.42973	0.21374	0.26607
V966	0.76735	0.05718	0.08303	0.09243
V967	0.09605	0.09685	0.47335	0.33375
V968	0.04932	0.17513	0.63886	0.13669
V969	0.05883	0.28248	0.11679	0.5419
V970	0.07951	0.1611	0.39695	0.36244
V971	0.39256	0.12774	0.33159	0.14811
V972	0.39366	0.22162	0.11728	0.26744
V973	0.23481	0.37366	0.1357	0.25583
V974	0.04955	0.63546	0.16202	0.15297
V975	0.12768	0.27503	0.51518	0.08211
V976	0.34618	0.25465	0.16669	0.23249
V977	0.27732	0.32563	0.31735	0.07969
V978	0.0996	0.13695	0.15077	0.61269
V979	0.63021	0.06391	0.22457	0.08131
V980	0.79246	0.04511	0.07867	0.08377
V981	0.2851	0.08144	0.40833	0.22513
V982	0.35213	0.35951	0.13209	0.15627
V983	0.53803	0.10823	0.08182	0.27192
V984	0.05953	0.67975	0.14239	0.11833
V985	0.10525	0.21358	0.09408	0.58709
V986	0.27394	0.44877	0.10628	0.171
V987	0.22651	0.62618	0.04677	0.10055
V988	0.19912	0.0759	0.11235	0.61264
V989	0.36077	0.41392	0.12936	0.09595
V990	0.04921	0.09519	0.66258	0.19302
V991	0.51521	0.3378	0.05864	0.08835
V992	0.19919	0.0614	0.47172	0.26769
V993	0.09883	0.58869	0.18872	0.12376
V994	0.18919	0.64644	0.07283	0.09154
V995	0.56178	0.14717	0.10269	0.18837
V996	0.23662	0.16383	0.09617	0.50339
V997	0.06568	0.06702	0.68907	0.17823
V998	0.6767	0.05733	0.13875	0.12722
V999	0.14015	0.7303	0.04455	0.08501
V1000	0.267	0.07913	0.09509	0.55877
