CD19B	CD56NK	CD4MemoryT	CD14
V1	0.4407	0.07855	0.18089	0.29987
V2	0.17591	0.15914	0.09132	0.57363
V3	0.09367	0.55236	0.05014	0.30384
V4	0.68382	0.14879	0.04553	0.12186
V5	0.13038	0.44465	0.21898	0.206
V6	0.0986	0.73931	0.05429	0.10779
V7	0.16179	0.36191	0.10541	0.37089
V8	0.15023	0.09599	0.62839	0.12539
V9	0.22503	0.26995	0.07643	0.42858
V10	0.0682	0.10473	0.68758	0.1395
V11	0.19618	0.35501	0.35129	0.09752
V12	0.06739	0.52678	0.30411	0.10172
V13	0.23337	0.61436	0.04359	0.10868
V14	0.0929	0.76997	0.04416	0.09298
V15	0.13622	0.52987	0.12994	0.20397
V16	0.71648	0.08272	0.06905	0.13175
V17	0.10635	0.73738	0.04877	0.1075
V18	0.44563	0.34683	0.07938	0.12816
V19	0.15848	0.69754	0.04437	0.09961
V20	0.17251	0.43467	0.05764	0.33517
V21	0.14981	0.12641	0.5996	0.12418
V22	0.08786	0.16915	0.19506	0.54793
V23	0.32136	0.10337	0.46958	0.10569
V24	0.75431	0.0648	0.077	0.1039
V25	0.28657	0.26967	0.14149	0.30226
V26	0.31754	0.3811	0.0583	0.24306
V27	0.14752	0.13005	0.07162	0.65081
V28	0.05803	0.11366	0.73159	0.09673
V29	0.3617	0.09003	0.41987	0.12839
V30	0.13275	0.25955	0.23943	0.36827
V31	0.19928	0.24007	0.25322	0.30742
V32	0.13453	0.11161	0.07986	0.67401
V33	0.08304	0.4605	0.29112	0.16534
V34	0.14962	0.11092	0.61439	0.12507
V35	0.16157	0.62184	0.10231	0.11428
V36	0.07241	0.12547	0.38435	0.41778
V37	0.43057	0.13236	0.12421	0.31287
V38	0.35679	0.07749	0.18222	0.3835
V39	0.16583	0.50656	0.13653	0.19109
V40	0.11403	0.70197	0.09695	0.08706
V41	0.05835	0.59135	0.07477	0.27553
V42	0.22313	0.11264	0.20228	0.46195
V43	0.14467	0.34208	0.39456	0.11868
V44	0.06967	0.1504	0.5613	0.21863
V45	0.11918	0.52507	0.19839	0.15735
V46	0.62895	0.11518	0.14892	0.10696
V47	0.35855	0.22589	0.27775	0.13781
V48	0.631	0.19915	0.05044	0.11941
V49	0.57121	0.21804	0.04347	0.16728
V50	0.09195	0.71118	0.1032	0.09367
V51	0.26274	0.3879	0.23006	0.11929
V52	0.07539	0.17152	0.62951	0.12358
V53	0.57464	0.16005	0.16686	0.09845
V54	0.34142	0.22739	0.31462	0.11657
V55	0.21099	0.19132	0.21925	0.37844
V56	0.11336	0.10792	0.1151	0.66361
V57	0.11362	0.73182	0.05442	0.10014
V58	0.50843	0.07121	0.0862	0.33416
V59	0.34355	0.39658	0.12559	0.13428
V60	0.15719	0.21188	0.2755	0.35542
V61	0.62729	0.14618	0.05634	0.17019
V62	0.69563	0.07675	0.11185	0.11577
V63	0.05706	0.70743	0.1279	0.10761
V64	0.05278	0.72408	0.03722	0.18592
V65	0.09363	0.10282	0.12333	0.68021
V66	0.19801	0.60369	0.05533	0.14297
V67	0.16002	0.33265	0.40343	0.10389
V68	0.18123	0.20122	0.07103	0.54651
V69	0.0723	0.32426	0.47037	0.13307
V70	0.42488	0.1957	0.18615	0.19326
V71	0.18144	0.14811	0.31289	0.35757
V72	0.44926	0.19986	0.12228	0.22859
V73	0.15725	0.54247	0.14311	0.15717
V74	0.09546	0.25474	0.55694	0.09287
V75	0.55893	0.05895	0.20319	0.17894
V76	0.07075	0.2308	0.17858	0.51987
V77	0.0975	0.31314	0.05451	0.53485
V78	0.26917	0.17787	0.18663	0.36632
V79	0.05843	0.16541	0.61071	0.16544
V80	0.30211	0.08943	0.4401	0.16835
V81	0.09665	0.20879	0.59381	0.10075
V82	0.05642	0.13457	0.70539	0.10363
V83	0.16391	0.22857	0.10567	0.50185
V84	0.33167	0.11718	0.17486	0.37629
V85	0.1328	0.33067	0.32207	0.21445
V86	0.09153	0.12456	0.65217	0.13175
V87	0.07059	0.70431	0.08268	0.14243
V88	0.18557	0.13971	0.24166	0.43307
V89	0.09328	0.10963	0.19668	0.60041
V90	0.06369	0.75176	0.08301	0.10154
V91	0.07116	0.63844	0.17457	0.11583
V92	0.37462	0.09209	0.33186	0.20143
V93	0.70347	0.06091	0.04947	0.18615
V94	0.07481	0.43205	0.05981	0.43333
V95	0.22668	0.41349	0.15861	0.20122
V96	0.12968	0.16817	0.07569	0.62645
V97	0.53857	0.14832	0.20842	0.10469
V98	0.54346	0.30493	0.04262	0.10899
V99	0.63057	0.09159	0.16952	0.10831
V100	0.11353	0.10825	0.65982	0.11839
V101	0.09831	0.11523	0.06334	0.72313
V102	0.73845	0.08871	0.0556	0.11724
V103	0.09147	0.12897	0.1217	0.65787
V104	0.06503	0.79769	0.04372	0.09356
V105	0.08325	0.7733	0.04969	0.09376
V106	0.13403	0.47163	0.27102	0.12332
V107	0.18551	0.23898	0.44003	0.13548
V108	0.15203	0.64982	0.11068	0.08747
V109	0.07038	0.21902	0.45297	0.25763
V110	0.08458	0.73881	0.06875	0.10786
V111	0.73286	0.04347	0.11301	0.11066
V112	0.15872	0.14295	0.34781	0.35052
V113	0.19876	0.17518	0.1802	0.44585
V114	0.24038	0.12395	0.11442	0.52125
V115	0.05013	0.65151	0.20376	0.0946
V116	0.1562	0.32835	0.30082	0.21463
V117	0.52534	0.27014	0.07244	0.13208
V118	0.16812	0.52071	0.06699	0.24418
V119	0.15747	0.15247	0.09226	0.59781
V120	0.11131	0.13819	0.64043	0.11006
V121	0.46513	0.17665	0.1224	0.23582
V122	0.77195	0.04705	0.0626	0.1184
V123	0.06409	0.47942	0.0777	0.3788
V124	0.51541	0.29986	0.04098	0.14375
V125	0.31368	0.39881	0.17546	0.11205
V126	0.10391	0.2093	0.09055	0.59624
V127	0.18578	0.13089	0.23591	0.44742
V128	0.10314	0.10735	0.13631	0.6532
V129	0.44921	0.25531	0.17124	0.12424
V130	0.0511	0.57891	0.27516	0.09482
V131	0.06309	0.75124	0.03709	0.14857
V132	0.74863	0.04857	0.07722	0.12559
V133	0.72495	0.0583	0.09971	0.11704
V134	0.1372	0.38708	0.13936	0.33636
V135	0.13418	0.11265	0.18307	0.57011
V136	0.22458	0.39273	0.05249	0.3302
V137	0.51121	0.09553	0.2373	0.15596
V138	0.19963	0.394	0.17192	0.23445
V139	0.29365	0.2473	0.19092	0.26813
V140	0.10234	0.1656	0.09355	0.6385
V141	0.10584	0.21688	0.41858	0.2587
V142	0.63243	0.05334	0.21276	0.10147
V143	0.34458	0.28673	0.10138	0.26732
V144	0.18356	0.21482	0.17156	0.43006
V145	0.04364	0.65916	0.20292	0.09428
V146	0.12127	0.10617	0.08185	0.69071
V147	0.72483	0.06666	0.06935	0.13915
V148	0.15341	0.1499	0.45034	0.24635
V149	0.23126	0.47254	0.20001	0.09619
V150	0.11682	0.2754	0.45248	0.15531
V151	0.19349	0.55702	0.06555	0.18394
V152	0.21108	0.42361	0.19789	0.16741
V153	0.12361	0.64594	0.05405	0.17639
V154	0.21728	0.42903	0.23586	0.11783
V155	0.37719	0.19204	0.2574	0.17337
V156	0.08313	0.20277	0.52399	0.19011
V157	0.26493	0.2119	0.26972	0.25345
V158	0.09841	0.10261	0.07469	0.72429
V159	0.70228	0.10548	0.04741	0.14483
V160	0.5452	0.0693	0.10604	0.27946
V161	0.2222	0.09697	0.08079	0.60004
V162	0.11313	0.32502	0.10906	0.45279
V163	0.12415	0.4593	0.16461	0.25194
V164	0.28427	0.32464	0.12614	0.26495
V165	0.08145	0.29904	0.04846	0.57105
V166	0.08849	0.1742	0.1056	0.6317
V167	0.31306	0.07982	0.06054	0.54658
V168	0.24492	0.51539	0.10339	0.1363
V169	0.20464	0.13367	0.0865	0.57519
V170	0.14318	0.1111	0.41533	0.33039
V171	0.14627	0.27271	0.45379	0.12723
V172	0.57047	0.05875	0.262	0.10878
V173	0.0987	0.2089	0.08586	0.60653
V174	0.08886	0.22671	0.10804	0.57639
V175	0.10753	0.0999	0.59953	0.19304
V176	0.04906	0.69428	0.16193	0.09473
V177	0.04874	0.81156	0.03888	0.10083
V178	0.05466	0.66141	0.04392	0.24001
V179	0.18444	0.10018	0.32158	0.39381
V180	0.0645	0.75158	0.09659	0.08732
V181	0.17379	0.19366	0.42114	0.2114
V182	0.2607	0.22574	0.37089	0.14267
V183	0.17384	0.68852	0.04393	0.0937
V184	0.79687	0.03942	0.05819	0.10551
V185	0.44932	0.39771	0.05305	0.09992
V186	0.13739	0.45023	0.22666	0.18572
V187	0.76414	0.0474	0.07693	0.11153
V188	0.1161	0.27391	0.04907	0.56092
V189	0.64016	0.07594	0.06427	0.21963
V190	0.52476	0.0712	0.29634	0.1077
V191	0.18491	0.24612	0.44048	0.12849
V192	0.25759	0.44217	0.08004	0.2202
V193	0.47554	0.09849	0.22995	0.19602
V194	0.07102	0.77749	0.04389	0.1076
V195	0.06291	0.11237	0.72081	0.10391
V196	0.09449	0.15019	0.06712	0.68821
V197	0.34962	0.11987	0.07626	0.45425
V198	0.09669	0.46695	0.29834	0.13803
V199	0.18899	0.11488	0.18238	0.51375
V200	0.14602	0.51335	0.05564	0.28499
V201	0.12162	0.50474	0.175	0.19864
V202	0.0721	0.11102	0.59049	0.22639
V203	0.16624	0.40976	0.31327	0.11072
V204	0.06396	0.49755	0.04819	0.3903
V205	0.06964	0.13317	0.68594	0.11125
V206	0.09099	0.16307	0.64433	0.10161
V207	0.16307	0.24329	0.09248	0.50116
V208	0.23179	0.13477	0.52305	0.11039
V209	0.25657	0.43971	0.09681	0.20691
V210	0.10634	0.65553	0.1096	0.12853
V211	0.35798	0.09128	0.08188	0.46887
V212	0.41017	0.10451	0.36626	0.11907
V213	0.4995	0.09366	0.14088	0.26596
V214	0.28196	0.21579	0.17146	0.33079
V215	0.26647	0.16692	0.06746	0.49914
V216	0.11107	0.10101	0.07426	0.71366
V217	0.08567	0.4635	0.20444	0.2464
V218	0.12545	0.42836	0.16514	0.28105
V219	0.12814	0.56629	0.04949	0.25609
V220	0.05339	0.70453	0.04266	0.19942
V221	0.64052	0.05927	0.05438	0.24583
V222	0.27213	0.1945	0.30645	0.22692
V223	0.05831	0.20436	0.57974	0.15759
V224	0.78662	0.03947	0.06905	0.10486
V225	0.08452	0.73784	0.08443	0.09321
V226	0.26894	0.14742	0.47364	0.10999
V227	0.62513	0.0541	0.20406	0.11671
V228	0.59955	0.11638	0.10658	0.17749
V229	0.07016	0.11177	0.6998	0.11827
V230	0.09726	0.1158	0.07469	0.71224
V231	0.08147	0.31111	0.13059	0.47684
V232	0.08562	0.58031	0.03773	0.29634
V233	0.44301	0.14829	0.20035	0.20835
V234	0.0704	0.76551	0.06236	0.10173
V235	0.31359	0.12699	0.43248	0.12694
V236	0.09081	0.14737	0.60299	0.15883
V237	0.18762	0.09897	0.08468	0.62872
V238	0.14304	0.50186	0.22527	0.12983
V239	0.11144	0.39989	0.05997	0.4287
V240	0.39478	0.10436	0.3604	0.14046
V241	0.06894	0.10472	0.6739	0.15243
V242	0.13767	0.65249	0.11048	0.09936
V243	0.22608	0.11926	0.49542	0.15924
V244	0.2054	0.09044	0.53739	0.16678
V245	0.46326	0.30699	0.08709	0.14266
V246	0.0953	0.2088	0.5805	0.11541
V247	0.17356	0.10185	0.6285	0.0961
V248	0.10089	0.1216	0.09169	0.68581
V249	0.0548	0.12769	0.66496	0.15254
V250	0.60909	0.05572	0.22529	0.1099
V251	0.75394	0.07977	0.05621	0.11008
V252	0.04925	0.71548	0.14862	0.08666
V253	0.30799	0.14362	0.17297	0.37542
V254	0.04845	0.77953	0.07834	0.09368
V255	0.07756	0.76449	0.03694	0.12102
V256	0.17838	0.25417	0.40415	0.1633
V257	0.34223	0.16556	0.22153	0.27068
V258	0.17862	0.29501	0.33747	0.18889
V259	0.07897	0.31533	0.4782	0.1275
V260	0.05244	0.31062	0.53903	0.0979
V261	0.48367	0.09654	0.20222	0.21757
V262	0.14698	0.13717	0.07139	0.64446
V263	0.05754	0.79693	0.03852	0.10701
V264	0.18121	0.12467	0.34933	0.34478
V265	0.10431	0.10091	0.15438	0.6404
V266	0.51103	0.34626	0.04789	0.09482
V267	0.06617	0.24115	0.24544	0.44724
V268	0.32539	0.10214	0.16238	0.4101
V269	0.05162	0.5063	0.31086	0.13122
V270	0.50428	0.08903	0.23709	0.16959
V271	0.62407	0.11408	0.07711	0.18474
V272	0.08601	0.69726	0.04771	0.16901
V273	0.12071	0.11273	0.08682	0.67974
V274	0.55228	0.05996	0.19642	0.19134
V275	0.0573	0.11334	0.72565	0.10371
V276	0.395	0.34314	0.05194	0.20992
V277	0.09447	0.2601	0.16421	0.48122
V278	0.09828	0.14631	0.25712	0.49829
V279	0.53507	0.11481	0.1396	0.21052
V280	0.09841	0.10261	0.07469	0.72429
V281	0.4312	0.0991	0.16242	0.30728
V282	0.09752	0.14738	0.61043	0.14467
V283	0.19438	0.5191	0.08852	0.19799
V284	0.06434	0.75833	0.08314	0.09418
V285	0.10686	0.10109	0.69579	0.09626
V286	0.21564	0.49498	0.12368	0.16569
V287	0.11306	0.73116	0.04907	0.1067
V288	0.06838	0.31212	0.33606	0.28345
V289	0.24536	0.25802	0.33958	0.15704
V290	0.65287	0.18886	0.05817	0.1001
V291	0.39303	0.12984	0.36577	0.11136
V292	0.74697	0.04893	0.0515	0.1526
V293	0.26368	0.09254	0.51095	0.13283
V294	0.12702	0.37256	0.04457	0.45585
V295	0.08245	0.23823	0.18496	0.49435
V296	0.18008	0.18503	0.47013	0.16477
V297	0.13381	0.09925	0.10837	0.65858
V298	0.26095	0.16333	0.46609	0.10963
V299	0.11845	0.30519	0.05957	0.51678
V300	0.07756	0.12408	0.21746	0.5809
V301	0.14354	0.18122	0.49122	0.18402
V302	0.5117	0.33736	0.0432	0.10774
V303	0.0457	0.53466	0.30256	0.11708
V304	0.10091	0.11606	0.56293	0.2201
V305	0.14618	0.22119	0.36021	0.27243
V306	0.62679	0.13881	0.09203	0.14237
V307	0.05735	0.7906	0.05091	0.10115
V308	0.21228	0.2695	0.25311	0.2651
V309	0.27758	0.32958	0.06507	0.32776
V310	0.11636	0.33661	0.15392	0.39311
V311	0.4089	0.44634	0.04534	0.09941
V312	0.11362	0.6361	0.14246	0.10782
V313	0.08618	0.18002	0.07113	0.66267
V314	0.06857	0.45254	0.12413	0.35476
V315	0.13564	0.55412	0.06612	0.24412
V316	0.26413	0.19506	0.32079	0.22002
V317	0.11032	0.60675	0.07285	0.21009
V318	0.0828	0.50688	0.05131	0.359
V319	0.09713	0.13917	0.63933	0.12437
V320	0.11336	0.2071	0.48968	0.18986
V321	0.5032	0.35448	0.04756	0.09476
V322	0.1914	0.33605	0.09978	0.37277
V323	0.11855	0.11342	0.12151	0.64652
V324	0.51031	0.27245	0.10121	0.11603
V325	0.2569	0.56349	0.08383	0.09578
V326	0.05391	0.51162	0.11031	0.32416
V327	0.08832	0.21028	0.12974	0.57166
V328	0.09374	0.1162	0.56327	0.22679
V329	0.18533	0.18334	0.17204	0.45929
V330	0.32287	0.08831	0.29611	0.29271
V331	0.29455	0.15623	0.08783	0.46139
V332	0.0848	0.13918	0.18322	0.59281
V333	0.33935	0.1415	0.33119	0.18796
V334	0.29966	0.09088	0.30928	0.30018
V335	0.07207	0.34911	0.39231	0.18651
V336	0.17062	0.605	0.0552	0.16918
V337	0.24086	0.38969	0.2507	0.11875
V338	0.04268	0.81865	0.04533	0.09333
V339	0.14416	0.09759	0.65448	0.10378
V340	0.09703	0.27092	0.40233	0.22973
V341	0.09951	0.12252	0.10286	0.67511
V342	0.22873	0.08842	0.48218	0.20066
V343	0.77812	0.05391	0.05712	0.11085
V344	0.52893	0.18716	0.18649	0.09743
V345	0.06303	0.11225	0.72784	0.09688
V346	0.21694	0.18375	0.24774	0.35156
V347	0.11021	0.10655	0.1486	0.63464
V348	0.08753	0.57234	0.14267	0.19746
V349	0.28425	0.21763	0.32015	0.17797
V350	0.06388	0.68685	0.16156	0.08771
V351	0.08286	0.12568	0.3266	0.46487
V352	0.09173	0.10986	0.63824	0.16017
V353	0.68876	0.07076	0.08105	0.15942
V354	0.08071	0.59962	0.1973	0.12237
V355	0.24378	0.14965	0.37314	0.23344
V356	0.10363	0.11456	0.12768	0.65413
V357	0.13621	0.34571	0.23516	0.28292
V358	0.42007	0.16285	0.09185	0.32524
V359	0.44684	0.1211	0.07834	0.35372
V360	0.42666	0.40807	0.05941	0.10586
V361	0.04773	0.43104	0.42556	0.09567
V362	0.0428	0.81313	0.0508	0.09327
V363	0.17691	0.18652	0.37039	0.26618
V364	0.16667	0.14057	0.52056	0.17219
V365	0.24935	0.1088	0.06639	0.57546
V366	0.10227	0.59126	0.10269	0.20378
V367	0.44252	0.18996	0.05046	0.31706
V368	0.1077	0.62563	0.10322	0.16345
V369	0.06242	0.39199	0.44879	0.0968
V370	0.24973	0.29665	0.33152	0.1221
V371	0.1767	0.62091	0.05987	0.14252
V372	0.18251	0.13889	0.14085	0.53775
V373	0.11683	0.20815	0.36794	0.30708
V374	0.61659	0.06341	0.2185	0.1015
V375	0.10735	0.12847	0.15934	0.60483
V376	0.10282	0.12168	0.12747	0.64804
V377	0.61873	0.05376	0.06104	0.26647
V378	0.07605	0.1258	0.33364	0.46451
V379	0.28266	0.24207	0.05806	0.41721
V380	0.17213	0.15492	0.19308	0.47986
V381	0.56628	0.07332	0.12856	0.23184
V382	0.11223	0.11529	0.66902	0.10347
V383	0.64754	0.05777	0.09515	0.19954
V384	0.42902	0.14066	0.15253	0.27779
V385	0.66789	0.06282	0.1184	0.15089
V386	0.26821	0.09965	0.16275	0.46939
V387	0.44677	0.19343	0.19283	0.16696
V388	0.29549	0.33921	0.15461	0.21069
V389	0.32543	0.47782	0.05017	0.14657
V390	0.25102	0.2802	0.36997	0.09881
V391	0.33764	0.16859	0.06668	0.42709
V392	0.32969	0.258	0.17189	0.24042
V393	0.23952	0.26681	0.28892	0.20476
V394	0.13137	0.27103	0.12948	0.46813
V395	0.19963	0.38657	0.18583	0.22796
V396	0.0499	0.79922	0.04372	0.10716
V397	0.5981	0.13399	0.13252	0.13539
V398	0.34973	0.19257	0.12401	0.33368
V399	0.17981	0.49804	0.15033	0.17182
V400	0.05441	0.52576	0.08917	0.33066
V401	0.08084	0.21787	0.54458	0.15671
V402	0.62393	0.20092	0.07621	0.09894
V403	0.0995	0.116	0.10867	0.67583
V404	0.11844	0.2438	0.46757	0.17019
V405	0.21592	0.11985	0.17551	0.48872
V406	0.48875	0.27213	0.06054	0.17858
V407	0.04268	0.81865	0.04533	0.09333
V408	0.1215	0.28426	0.31682	0.27741
V409	0.09209	0.11009	0.07483	0.72299
V410	0.107	0.72458	0.06091	0.10751
V411	0.36469	0.08085	0.05392	0.50054
V412	0.17058	0.15603	0.39279	0.28059
V413	0.09344	0.45528	0.17024	0.28104
V414	0.07652	0.46807	0.27049	0.18492
V415	0.3531	0.10753	0.22457	0.3148
V416	0.06275	0.1504	0.69083	0.09602
V417	0.30706	0.55239	0.04379	0.09676
V418	0.12416	0.17892	0.15583	0.54109
V419	0.09782	0.10153	0.08216	0.71848
V420	0.0447	0.74567	0.04895	0.16068
V421	0.16809	0.12458	0.52203	0.18529
V422	0.11372	0.14112	0.06629	0.67887
V423	0.11353	0.10825	0.65982	0.11839
V424	0.06125	0.1416	0.47698	0.32017
V425	0.09353	0.27782	0.45291	0.17574
V426	0.12093	0.12899	0.59772	0.15236
V427	0.1042	0.39421	0.17729	0.3243
V428	0.1073	0.65305	0.08348	0.15616
V429	0.09723	0.10227	0.08718	0.71331
V430	0.57235	0.20327	0.0631	0.16127
V431	0.18803	0.11413	0.3665	0.33134
V432	0.1493	0.16817	0.09165	0.59087
V433	0.09004	0.63105	0.03768	0.24123
V434	0.28803	0.15023	0.09358	0.46816
V435	0.40207	0.0871	0.14859	0.36225
V436	0.31977	0.09403	0.14296	0.44324
V437	0.21905	0.26799	0.05191	0.46106
V438	0.46538	0.2065	0.07426	0.25386
V439	0.10452	0.17014	0.06546	0.65988
V440	0.38638	0.11053	0.08115	0.42194
V441	0.10571	0.20135	0.45471	0.23823
V442	0.26057	0.35044	0.14567	0.24332
V443	0.57406	0.06376	0.12954	0.23264
V444	0.06303	0.11225	0.72784	0.09688
V445	0.47974	0.08241	0.30999	0.12786
V446	0.07054	0.69763	0.08299	0.14884
V447	0.47968	0.15279	0.18559	0.18193
V448	0.09002	0.15434	0.18766	0.56798
V449	0.43488	0.10744	0.27512	0.18256
V450	0.14292	0.71977	0.0496	0.08771
V451	0.73863	0.08939	0.04738	0.1246
V452	0.10604	0.10947	0.10807	0.67641
V453	0.62127	0.12422	0.10581	0.14869
V454	0.04221	0.77856	0.07836	0.10086
V455	0.46523	0.09835	0.28134	0.15508
V456	0.27182	0.18673	0.32104	0.22041
V457	0.09207	0.11604	0.06912	0.72277
V458	0.23942	0.26754	0.0512	0.44184
V459	0.05781	0.67001	0.10982	0.16236
V460	0.75615	0.04822	0.07707	0.11856
V461	0.12137	0.11977	0.06771	0.69115
V462	0.28718	0.27925	0.0442	0.38937
V463	0.21803	0.44411	0.15796	0.17989
V464	0.39905	0.16323	0.05214	0.38557
V465	0.31562	0.41299	0.06266	0.20874
V466	0.44765	0.22911	0.04926	0.27398
V467	0.25886	0.51366	0.10394	0.12354
V468	0.38298	0.39076	0.08523	0.14104
V469	0.0795	0.24059	0.24564	0.43427
V470	0.41771	0.18144	0.18645	0.2144
V471	0.24409	0.17671	0.08004	0.49916
V472	0.26979	0.34234	0.0413	0.34657
V473	0.11828	0.49417	0.27773	0.10983
V474	0.15812	0.09604	0.13245	0.6134
V475	0.18035	0.39181	0.10421	0.32363
V476	0.18616	0.10757	0.09956	0.60671
V477	0.46098	0.10502	0.21081	0.22319
V478	0.14442	0.5268	0.0438	0.28499
V479	0.06778	0.16485	0.60261	0.16476
V480	0.12193	0.3317	0.08066	0.46571
V481	0.15824	0.10346	0.62761	0.11069
V482	0.52892	0.20216	0.13656	0.13235
V483	0.1606	0.18327	0.10819	0.54793
V484	0.09912	0.15029	0.07861	0.67197
V485	0.13273	0.63076	0.04755	0.18897
V486	0.23589	0.29667	0.13975	0.32769
V487	0.13048	0.13304	0.11889	0.61759
V488	0.05478	0.10546	0.66085	0.17891
V489	0.20097	0.16824	0.52177	0.10901
V490	0.27678	0.3307	0.09959	0.29293
V491	0.34444	0.44024	0.06863	0.14668
V492	0.06366	0.70644	0.13567	0.09423
V493	0.0992	0.102	0.06495	0.73385
V494	0.18797	0.21667	0.40537	0.18999
V495	0.19939	0.54808	0.14341	0.10911
V496	0.23439	0.59965	0.03725	0.12871
V497	0.06302	0.10542	0.72774	0.10382
V498	0.2724	0.17504	0.09283	0.45973
V499	0.47099	0.28533	0.14214	0.10153
V500	0.1254	0.19181	0.55289	0.12991
V501	0.09156	0.10252	0.08734	0.71858
V502	0.41691	0.29735	0.16287	0.12287
V503	0.19865	0.17603	0.19249	0.43282
V504	0.20502	0.60279	0.04891	0.14328
V505	0.19208	0.26425	0.22302	0.32065
V506	0.11937	0.29274	0.35176	0.23613
V507	0.46636	0.16106	0.14424	0.22835
V508	0.5736	0.20449	0.08185	0.14006
V509	0.21349	0.14424	0.40158	0.24069
V510	0.20111	0.47575	0.22687	0.09627
V511	0.09528	0.41057	0.07852	0.41563
V512	0.23141	0.13274	0.11461	0.52124
V513	0.10136	0.56365	0.19009	0.1449
V514	0.09598	0.14141	0.06301	0.6996
V515	0.58609	0.1174	0.09274	0.20377
V516	0.72265	0.12257	0.04622	0.10856
V517	0.1025	0.12271	0.23058	0.54422
V518	0.76969	0.06951	0.0504	0.1104
V519	0.06538	0.72414	0.04276	0.16773
V520	0.0844	0.10084	0.47881	0.33594
V521	0.43967	0.10691	0.32516	0.12826
V522	0.06377	0.20509	0.43858	0.29257
V523	0.28939	0.19388	0.23425	0.28247
V524	0.04872	0.65996	0.17564	0.11569
V525	0.23258	0.25478	0.0691	0.44353
V526	0.4895	0.14288	0.11108	0.25654
V527	0.20417	0.11418	0.32884	0.35281
V528	0.11339	0.72187	0.03668	0.12807
V529	0.11632	0.15255	0.20769	0.52344
V530	0.0571	0.25716	0.50968	0.17606
V531	0.05655	0.73564	0.12131	0.0865
V532	0.17887	0.34277	0.06697	0.41139
V533	0.23935	0.35902	0.14537	0.25627
V534	0.06639	0.11104	0.54229	0.28028
V535	0.4411	0.06916	0.06141	0.42833
V536	0.19921	0.09248	0.31383	0.39448
V537	0.44972	0.27956	0.16398	0.10674
V538	0.36344	0.12965	0.11902	0.38789
V539	0.22668	0.41349	0.15861	0.20122
V540	0.18372	0.59791	0.0966	0.12177
V541	0.0698	0.47249	0.09095	0.36677
V542	0.19578	0.20038	0.22574	0.3781
V543	0.69161	0.05448	0.06046	0.19344
V544	0.14467	0.17147	0.17302	0.51084
V545	0.29898	0.20419	0.10357	0.39326
V546	0.07729	0.73875	0.09017	0.09379
V547	0.07302	0.5626	0.26277	0.10161
V548	0.15206	0.65003	0.10414	0.09377
V549	0.27762	0.1071	0.50421	0.11107
V550	0.46183	0.09591	0.04862	0.39363
V551	0.16979	0.62885	0.06533	0.13603
V552	0.05864	0.49025	0.04819	0.40292
V553	0.20697	0.20655	0.47099	0.11548
V554	0.11705	0.16259	0.07708	0.64328
V555	0.12308	0.27644	0.2738	0.32668
V556	0.05575	0.11964	0.69887	0.12574
V557	0.63296	0.08305	0.05838	0.22561
V558	0.09423	0.6637	0.05962	0.18244
V559	0.04864	0.68804	0.17537	0.08795
V560	0.53437	0.32002	0.04328	0.10233
V561	0.0573	0.11334	0.72565	0.10371
V562	0.60261	0.06067	0.15104	0.18568
V563	0.22589	0.0897	0.5806	0.10382
V564	0.09719	0.15527	0.63732	0.11022
V565	0.14336	0.29785	0.30182	0.25697
V566	0.53306	0.15191	0.05141	0.26362
V567	0.20125	0.42698	0.06305	0.30871
V568	0.23475	0.09659	0.09757	0.57109
V569	0.52858	0.08975	0.04809	0.33358
V570	0.07205	0.31594	0.4642	0.14781
V571	0.63235	0.16696	0.04446	0.15623
V572	0.35608	0.08437	0.37661	0.18293
V573	0.11821	0.22914	0.05865	0.59399
V574	0.07197	0.66558	0.16143	0.10102
V575	0.09142	0.1674	0.1437	0.59749
V576	0.15309	0.68138	0.06647	0.09906
V577	0.10298	0.13804	0.20232	0.55667
V578	0.09971	0.15381	0.51401	0.23247
V579	0.05027	0.73276	0.10952	0.10745
V580	0.17857	0.10039	0.13891	0.58213
V581	0.12479	0.15389	0.06014	0.66118
V582	0.44245	0.1995	0.0752	0.28285
V583	0.06823	0.14149	0.45559	0.3347
V584	0.39748	0.20565	0.26489	0.13198
V585	0.07552	0.11016	0.36295	0.45137
V586	0.21891	0.09638	0.51027	0.17444
V587	0.24142	0.0959	0.53699	0.12569
V588	0.48469	0.10848	0.07316	0.33367
V589	0.08416	0.68245	0.09028	0.14311
V590	0.07894	0.65106	0.17539	0.09461
V591	0.07912	0.13266	0.1956	0.59262
V592	0.1662	0.11758	0.62056	0.09566
V593	0.45666	0.0693	0.19451	0.27953
V594	0.27189	0.31112	0.28075	0.13625
V595	0.10295	0.11544	0.07432	0.70729
V596	0.0888	0.31629	0.20177	0.39314
V597	0.04385	0.52175	0.27654	0.15786
V598	0.06818	0.18789	0.63435	0.10957
V599	0.47699	0.32956	0.07114	0.12232
V600	0.2855	0.44527	0.08306	0.18617
V601	0.17206	0.30616	0.10838	0.41339
V602	0.10343	0.11471	0.06926	0.7126
V603	0.07404	0.37596	0.05729	0.49271
V604	0.3983	0.17527	0.3	0.12643
V605	0.10349	0.34798	0.3146	0.23393
V606	0.55205	0.1963	0.05761	0.19404
V607	0.50099	0.08045	0.13963	0.27892
V608	0.20553	0.22375	0.31128	0.25945
V609	0.08472	0.2857	0.20945	0.42013
V610	0.58809	0.07894	0.12908	0.2039
V611	0.26354	0.09288	0.0971	0.54649
V612	0.07631	0.17156	0.60156	0.15057
V613	0.07798	0.34592	0.44909	0.12701
V614	0.5787	0.11763	0.09268	0.211
V615	0.16714	0.13482	0.0645	0.63354
V616	0.10338	0.60698	0.07318	0.21646
V617	0.37475	0.20946	0.32092	0.09487
V618	0.56508	0.06632	0.04834	0.32026
V619	0.31414	0.11104	0.28272	0.29209
V620	0.0511	0.57891	0.27516	0.09482
V621	0.33349	0.21248	0.17816	0.27586
V622	0.28793	0.26263	0.3258	0.12364
V623	0.09095	0.16036	0.15701	0.59168
V624	0.61465	0.22377	0.0434	0.11817
V625	0.22611	0.45726	0.1169	0.19972
V626	0.76956	0.06165	0.05088	0.11791
V627	0.08814	0.11699	0.10933	0.68554
V628	0.07648	0.26751	0.06595	0.59006
V629	0.14481	0.32108	0.2366	0.2975
V630	0.07835	0.34656	0.44219	0.1329
V631	0.08561	0.24929	0.12628	0.53882
V632	0.45575	0.06841	0.16177	0.31407
V633	0.05449	0.1269	0.62618	0.19243
V634	0.31672	0.29156	0.29077	0.10096
V635	0.06935	0.64675	0.04371	0.24019
V636	0.14367	0.18123	0.48426	0.19084
V637	0.25987	0.24691	0.11561	0.37761
V638	0.30006	0.28915	0.10228	0.30851
V639	0.23178	0.41125	0.26649	0.09047
V640	0.08103	0.21787	0.56437	0.13674
V641	0.69012	0.08562	0.07314	0.15112
V642	0.58631	0.20907	0.04355	0.16107
V643	0.0654	0.25107	0.35118	0.33235
V644	0.71525	0.11462	0.05365	0.11648
V645	0.22517	0.39741	0.266	0.11143
V646	0.04912	0.8133	0.04433	0.09325
V647	0.1572	0.16515	0.5342	0.14345
V648	0.32032	0.41375	0.14624	0.11969
V649	0.07554	0.1495	0.63076	0.1442
V650	0.09656	0.17029	0.58202	0.15114
V651	0.2707	0.08515	0.5389	0.10525
V652	0.12671	0.17662	0.34712	0.34955
V653	0.13398	0.57416	0.1149	0.17696
V654	0.52755	0.23275	0.09447	0.14522
V655	0.08186	0.51568	0.05658	0.34588
V656	0.20169	0.30133	0.05643	0.44055
V657	0.10073	0.15024	0.06623	0.68279
V658	0.45337	0.24596	0.09447	0.2062
V659	0.27408	0.16477	0.30593	0.25522
V660	0.06336	0.79151	0.03761	0.10751
V661	0.10096	0.41024	0.08595	0.40284
V662	0.33228	0.09436	0.391	0.18236
V663	0.21844	0.15201	0.44363	0.18592
V664	0.19529	0.14565	0.52132	0.13774
V665	0.52119	0.2252	0.08033	0.17327
V666	0.45585	0.06869	0.13405	0.34142
V667	0.59881	0.1187	0.18264	0.09986
V668	0.12799	0.68085	0.10383	0.08733
V669	0.20423	0.40047	0.22165	0.17365
V670	0.09891	0.75554	0.0382	0.10735
V671	0.28788	0.30945	0.23221	0.17045
V672	0.06892	0.11846	0.687	0.12562
V673	0.20734	0.37057	0.20774	0.21435
V674	0.5455	0.19038	0.06351	0.20061
V675	0.15	0.34421	0.26433	0.24145
V676	0.09595	0.18891	0.12991	0.58524
V677	0.30042	0.39188	0.11873	0.18897
V678	0.40143	0.44836	0.05051	0.0997
V679	0.08577	0.33108	0.4788	0.10435
V680	0.25278	0.49421	0.14438	0.10863
V681	0.70267	0.10608	0.06001	0.13125
V682	0.13026	0.31974	0.42367	0.12634
V683	0.04906	0.81236	0.05119	0.08739
V684	0.52977	0.20307	0.12164	0.14553
V685	0.37755	0.34859	0.13886	0.13501
V686	0.13261	0.24161	0.15684	0.46894
V687	0.10341	0.10912	0.07396	0.71351
V688	0.29773	0.47058	0.03907	0.19262
V689	0.24342	0.08656	0.09354	0.57647
V690	0.37177	0.11535	0.35941	0.15347
V691	0.16641	0.09479	0.63537	0.10342
V692	0.11092	0.20778	0.53116	0.15014
V693	0.21496	0.1846	0.30415	0.29628
V694	0.08126	0.12445	0.25804	0.53626
V695	0.23255	0.09547	0.16967	0.50231
V696	0.13117	0.16122	0.06932	0.6383
V697	0.09606	0.1346	0.06849	0.70085
V698	0.64094	0.05932	0.06023	0.23952
V699	0.42575	0.30373	0.09975	0.17076
V700	0.2287	0.10991	0.0617	0.59969
V701	0.13164	0.48019	0.12264	0.26553
V702	0.42143	0.14422	0.06084	0.37351
V703	0.15687	0.14226	0.38496	0.31592
V704	0.63191	0.0976	0.07243	0.19806
V705	0.76443	0.04149	0.06229	0.13178
V706	0.11286	0.13756	0.58347	0.16611
V707	0.07714	0.41384	0.38311	0.12591
V708	0.0711	0.72618	0.05424	0.14848
V709	0.14722	0.2963	0.40194	0.15454
V710	0.45397	0.24625	0.08706	0.21273
V711	0.1064	0.66847	0.11024	0.11488
V712	0.63189	0.10447	0.05186	0.21178
V713	0.3364	0.31925	0.07159	0.27277
V714	0.05865	0.5831	0.05576	0.30249
V715	0.25002	0.34389	0.25813	0.14796
V716	0.10634	0.12754	0.09153	0.67458
V717	0.09879	0.7617	0.03788	0.10163
V718	0.15147	0.50151	0.16873	0.17828
V719	0.09099	0.60652	0.0665	0.23598
V720	0.54346	0.061	0.23117	0.16437
V721	0.1448	0.22831	0.36865	0.25825
V722	0.12815	0.35137	0.05577	0.46471
V723	0.15162	0.15934	0.06283	0.62621
V724	0.44804	0.09746	0.11996	0.33454
V725	0.05416	0.17302	0.64832	0.1245
V726	0.08732	0.38183	0.13413	0.39672
V727	0.22809	0.56581	0.11106	0.09504
V728	0.06404	0.73216	0.10914	0.09466
V729	0.33323	0.09353	0.17622	0.39702
V730	0.70208	0.07684	0.08979	0.13129
V731	0.08062	0.25714	0.31599	0.34625
V732	0.28895	0.15527	0.30028	0.2555
V733	0.48516	0.22857	0.07292	0.21335
V734	0.2114	0.32249	0.36819	0.09792
V735	0.07997	0.12496	0.38414	0.41093
V736	0.17603	0.10074	0.06589	0.65734
V737	0.26757	0.31177	0.21642	0.20424
V738	0.11059	0.34607	0.34918	0.19416
V739	0.06325	0.11008	0.47069	0.35598
V740	0.64822	0.12869	0.10811	0.11499
V741	0.37528	0.16889	0.1433	0.31253
V742	0.32165	0.53683	0.05037	0.09115
V743	0.1477	0.20457	0.53202	0.11571
V744	0.40495	0.11027	0.29645	0.18833
V745	0.05797	0.59638	0.16796	0.17769
V746	0.79629	0.03896	0.05293	0.11182
V747	0.10257	0.10014	0.54309	0.25421
V748	0.14501	0.18137	0.44861	0.22501
V749	0.24752	0.23065	0.09067	0.43116
V750	0.32128	0.4344	0.05697	0.18735
V751	0.07736	0.7197	0.06791	0.13502
V752	0.35273	0.26543	0.1481	0.23374
V753	0.09872	0.10881	0.06352	0.72896
V754	0.0515	0.77046	0.03734	0.14071
V755	0.16144	0.25076	0.2808	0.307
V756	0.10183	0.10944	0.09148	0.69725
V757	0.27316	0.51867	0.0913	0.11687
V758	0.07786	0.6425	0.12924	0.15039
V759	0.15292	0.15057	0.32572	0.37079
V760	0.25551	0.14123	0.24952	0.35374
V761	0.09579	0.51374	0.23246	0.15802
V762	0.06755	0.38362	0.05699	0.49184
V763	0.30445	0.35955	0.06502	0.27097
V764	0.05145	0.76486	0.0428	0.14089
V765	0.51208	0.14506	0.04521	0.29765
V766	0.06762	0.34293	0.34291	0.24654
V767	0.37161	0.18593	0.22751	0.21496
V768	0.08333	0.75313	0.05518	0.10837
V769	0.14431	0.69588	0.06044	0.09937
V770	0.04912	0.8133	0.04433	0.09325
V771	0.17286	0.10212	0.61466	0.11037
V772	0.15037	0.1267	0.61977	0.10316
V773	0.15848	0.69754	0.04437	0.09961
V774	0.06967	0.10475	0.69978	0.12581
V775	0.15088	0.13468	0.24871	0.46574
V776	0.3299	0.40418	0.08443	0.18149
V777	0.18528	0.19032	0.15173	0.47267
V778	0.40501	0.2976	0.10013	0.19726
V779	0.17917	0.13184	0.39313	0.29586
V780	0.12267	0.65459	0.13503	0.08772
V781	0.11457	0.12019	0.07989	0.68535
V782	0.05881	0.19656	0.59394	0.15069
V783	0.60305	0.07841	0.09334	0.22519
V784	0.11996	0.73778	0.04887	0.09339
V785	0.07113	0.77154	0.04969	0.10764
V786	0.54415	0.20071	0.11553	0.1396
V787	0.04363	0.70855	0.15394	0.09388
V788	0.38589	0.31541	0.16293	0.13577
V789	0.11386	0.36973	0.0668	0.44961
V790	0.36482	0.10519	0.11378	0.41621
V791	0.14772	0.37514	0.27009	0.20705
V792	0.14768	0.48802	0.04448	0.31982
V793	0.13493	0.56901	0.06604	0.23003
V794	0.09013	0.16298	0.5885	0.15839
V795	0.15179	0.13119	0.09955	0.61747
V796	0.07572	0.16371	0.64383	0.11674
V797	0.59419	0.05832	0.23143	0.11606
V798	0.47075	0.30856	0.10661	0.11408
V799	0.13909	0.65135	0.05992	0.14964
V800	0.1131	0.12313	0.406	0.35777
V801	0.15887	0.19599	0.27557	0.36957
V802	0.09764	0.17049	0.2404	0.49147
V803	0.20061	0.47518	0.23483	0.08938
V804	0.41153	0.08831	0.33874	0.16142
V805	0.06332	0.10604	0.7338	0.09684
V806	0.07772	0.75155	0.04974	0.12099
V807	0.23466	0.21409	0.07962	0.47164
V808	0.50111	0.28796	0.07997	0.13096
V809	0.08443	0.12538	0.69401	0.09617
V810	0.0491	0.81888	0.03887	0.09315
V811	0.33602	0.15015	0.20068	0.31314
V812	0.41332	0.28755	0.08764	0.21149
V813	0.45088	0.23381	0.19051	0.1248
V814	0.34095	0.48411	0.07762	0.09732
V815	0.04262	0.76719	0.09653	0.09366
V816	0.74884	0.04165	0.10572	0.10378
V817	0.0761	0.15673	0.65667	0.1105
V818	0.08804	0.13612	0.08613	0.68971
V819	0.63436	0.13075	0.09244	0.14246
V820	0.1633	0.17247	0.07457	0.58966
V821	0.19814	0.33176	0.31603	0.15407
V822	0.10567	0.11573	0.66083	0.11777
V823	0.07449	0.24822	0.50783	0.16945
V824	0.11402	0.37452	0.42162	0.08984
V825	0.20365	0.31746	0.22159	0.2573
V826	0.33596	0.39707	0.16239	0.10458
V827	0.30169	0.5315	0.04929	0.11752
V828	0.211	0.22796	0.12931	0.43173
V829	0.09836	0.28478	0.07882	0.53804
V830	0.21081	0.27085	0.06979	0.44855
V831	0.58549	0.14244	0.07631	0.19576
V832	0.22831	0.39175	0.16517	0.21477
V833	0.15297	0.46536	0.16959	0.21207
V834	0.25891	0.15394	0.11293	0.47422
V835	0.28493	0.42383	0.13077	0.16047
V836	0.05893	0.58852	0.04432	0.30824
V837	0.20025	0.3793	0.17787	0.24257
V838	0.73228	0.08137	0.07651	0.10984
V839	0.25066	0.53605	0.11779	0.0955
V840	0.24681	0.6202	0.04392	0.08907
V841	0.05437	0.13466	0.66604	0.14493
V842	0.28722	0.22562	0.23341	0.25376
V843	0.0675	0.11789	0.65429	0.16032
V844	0.14336	0.17442	0.31206	0.37016
V845	0.10309	0.18583	0.56011	0.15097
V846	0.05884	0.11298	0.57552	0.25266
V847	0.09318	0.10271	0.06975	0.73436
V848	0.11574	0.46787	0.16444	0.25195
V849	0.04275	0.79284	0.04386	0.12055
V850	0.77839	0.04052	0.06276	0.11832
V851	0.2742	0.48511	0.1513	0.08939
V852	0.14852	0.13978	0.15075	0.56095
V853	0.21628	0.26875	0.32499	0.18998
V854	0.44742	0.21788	0.12782	0.20688
V855	0.09318	0.10271	0.06975	0.73436
V856	0.08839	0.3638	0.28663	0.26119
V857	0.50867	0.2189	0.07267	0.19976
V858	0.44008	0.07723	0.37674	0.10595
V859	0.49657	0.26392	0.06086	0.17865
V860	0.19442	0.18741	0.09459	0.52359
V861	0.11487	0.35982	0.42173	0.10358
V862	0.14875	0.16594	0.54813	0.13718
V863	0.20731	0.13902	0.05626	0.59741
V864	0.12578	0.1263	0.09605	0.65188
V865	0.15316	0.10427	0.24263	0.49994
V866	0.5632	0.07711	0.2444	0.11529
V867	0.56321	0.08493	0.24423	0.10764
V868	0.38777	0.3011	0.14633	0.1648
V869	0.05707	0.80588	0.04356	0.09349
V870	0.13645	0.35177	0.06096	0.45082
V871	0.04275	0.79284	0.04386	0.12055
V872	0.0842	0.11791	0.22953	0.56837
V873	0.68791	0.07708	0.09689	0.13811
V874	0.18194	0.66956	0.06074	0.08776
V875	0.081	0.25385	0.19067	0.47449
V876	0.16193	0.34219	0.32869	0.16719
V877	0.0881	0.39576	0.24848	0.26766
V878	0.13644	0.68613	0.09003	0.0874
V879	0.1779	0.59287	0.07282	0.15641
V880	0.25407	0.49693	0.04377	0.20523
V881	0.16227	0.13323	0.46459	0.2399
V882	0.61752	0.05279	0.15749	0.1722
V883	0.24343	0.24123	0.421	0.09435
V884	0.08649	0.30636	0.04807	0.55907
V885	0.54779	0.23957	0.11508	0.09756
V886	0.06302	0.37223	0.36469	0.20006
V887	0.48172	0.12901	0.17263	0.21665
V888	0.12853	0.136	0.56287	0.1726
V889	0.71775	0.09042	0.06834	0.12349
V890	0.08433	0.21734	0.46799	0.23034
V891	0.47975	0.11304	0.26708	0.14013
V892	0.24773	0.23632	0.05921	0.45675
V893	0.43617	0.24953	0.16362	0.15068
V894	0.09921	0.33051	0.44365	0.12662
V895	0.45153	0.13226	0.20063	0.21558
V896	0.07102	0.77749	0.04389	0.1076
V897	0.52399	0.27496	0.04957	0.15149
V898	0.3805	0.07363	0.05814	0.48774
V899	0.08917	0.25125	0.1518	0.50779
V900	0.11281	0.32389	0.29376	0.26953
V901	0.07338	0.69694	0.04253	0.18714
V902	0.07702	0.75178	0.07753	0.09367
V903	0.05241	0.40904	0.4064	0.13215
V904	0.05713	0.811	0.03851	0.09335
V905	0.1774	0.09328	0.18284	0.54648
V906	0.32228	0.16539	0.13052	0.38181
V907	0.33346	0.47057	0.05735	0.13862
V908	0.09228	0.13707	0.1073	0.66335
V909	0.13798	0.67684	0.03605	0.14912
V910	0.18526	0.09274	0.14539	0.5766
V911	0.3915	0.38302	0.06987	0.15561
V912	0.30363	0.33948	0.13947	0.21742
V913	0.15707	0.09573	0.06756	0.67965
V914	0.17314	0.45401	0.2493	0.12355
V915	0.22407	0.08852	0.0633	0.62411
V916	0.22476	0.13562	0.5016	0.13802
V917	0.54179	0.09143	0.18209	0.18468
V918	0.08108	0.55099	0.20406	0.16387
V919	0.19049	0.27897	0.25265	0.27789
V920	0.46022	0.23918	0.12128	0.17931
V921	0.09808	0.2239	0.07785	0.60018
V922	0.11866	0.43594	0.31408	0.13132
V923	0.13381	0.11191	0.09105	0.66323
V924	0.07219	0.57792	0.23354	0.11635
V925	0.19353	0.11971	0.06917	0.61759
V926	0.20845	0.11201	0.08032	0.59921
V927	0.09964	0.12833	0.09697	0.67505
V928	0.07693	0.7393	0.04251	0.14125
V929	0.08948	0.55743	0.13513	0.21795
V930	0.385	0.36868	0.07039	0.17593
V931	0.1472	0.30421	0.39417	0.15442
V932	0.08579	0.19397	0.46166	0.25857
V933	0.45786	0.38239	0.05365	0.1061
V934	0.074	0.22431	0.2401	0.4616
V935	0.42264	0.21282	0.20527	0.15926
V936	0.39875	0.29692	0.05944	0.24489
V937	0.41254	0.1873	0.11698	0.28318
V938	0.30567	0.12812	0.27472	0.2915
V939	0.57437	0.0805	0.11262	0.23251
V940	0.06384	0.66464	0.14931	0.12221
V941	0.05756	0.10588	0.7327	0.10386
V942	0.5573	0.2225	0.1023	0.1179
V943	0.31395	0.19017	0.35119	0.14468
V944	0.08288	0.30172	0.09749	0.51791
V945	0.42276	0.35604	0.05174	0.16946
V946	0.34759	0.28859	0.23348	0.13034
V947	0.13073	0.14428	0.21398	0.51101
V948	0.28505	0.10702	0.48976	0.11817
V949	0.07275	0.19338	0.19417	0.5397
V950	0.09144	0.48579	0.19056	0.23221
V951	0.64519	0.06667	0.17849	0.10966
V952	0.11686	0.20649	0.23295	0.4437
V953	0.06816	0.14229	0.66422	0.12532
V954	0.09603	0.24354	0.15181	0.50862
V955	0.13682	0.53026	0.06171	0.27121
V956	0.09185	0.12386	0.40661	0.37768
V957	0.29154	0.09627	0.05426	0.55793
V958	0.0992	0.102	0.06495	0.73385
V959	0.20671	0.29186	0.34589	0.15555
V960	0.21294	0.30342	0.10878	0.37486
V961	0.14586	0.38149	0.28579	0.18687
V962	0.29004	0.22458	0.32717	0.15822
V963	0.44533	0.2177	0.17104	0.16593
V964	0.64464	0.08297	0.13524	0.13715
V965	0.09306	0.46399	0.176	0.26696
V966	0.77101	0.05433	0.05636	0.1183
V967	0.1046	0.1385	0.41348	0.34342
V968	0.0512	0.21962	0.57841	0.15077
V969	0.07745	0.3166	0.07711	0.52885
V970	0.09057	0.20261	0.33856	0.36826
V971	0.38534	0.15311	0.2941	0.16745
V972	0.387	0.24463	0.08695	0.28142
V973	0.2298	0.40462	0.10371	0.26187
V974	0.05089	0.65776	0.13561	0.15574
V975	0.12347	0.31318	0.46537	0.09799
V976	0.33691	0.28224	0.13457	0.24627
V977	0.2632	0.35768	0.28142	0.0977
V978	0.12115	0.17175	0.10444	0.60266
V979	0.62325	0.07173	0.19533	0.10969
V980	0.79629	0.03896	0.05293	0.11182
V981	0.28224	0.11522	0.36008	0.24246
V982	0.33661	0.38836	0.10606	0.16897
V983	0.53555	0.12082	0.05219	0.29143
V984	0.05752	0.69975	0.12122	0.12151
V985	0.12374	0.24464	0.05622	0.5754
V986	0.26304	0.47684	0.08159	0.17854
V987	0.21099	0.64344	0.03742	0.10814
V988	0.21573	0.10462	0.06812	0.61153
V989	0.34322	0.44079	0.10505	0.11094
V990	0.05415	0.14212	0.59777	0.20597
V991	0.49597	0.35468	0.04232	0.10704
V992	0.20148	0.09755	0.41791	0.28306
V993	0.09212	0.61682	0.16183	0.12924
V994	0.17547	0.6638	0.06079	0.09994
V995	0.5543	0.16058	0.07613	0.209
V996	0.24367	0.19038	0.06147	0.50447
V997	0.07049	0.11162	0.62493	0.19296
V998	0.67559	0.06259	0.1109	0.15092
V999	0.12717	0.74222	0.0372	0.09342
V1000	0.27803	0.10449	0.05406	0.56341
