CD14.pos.CD16.neg.classical.monocyte	mature.neutrophil	memory.B.cell	cytotoxic.CD56.dim.NK.cell	memory.CD4.pos.AB.T.cell	macrophage
V1	0.1311	0.01823	0.71287	0.05004	0.0335	0.05425
V2	0.41852	0.11301	0.06201	0.12789	0.17634	0.10222
V3	0.23934	0.0598	0.23119	0.04201	0.06883	0.35883
V4	0.21187	0.35414	0.04421	0.1168	0.16996	0.10302
V5	0.06867	0.05078	0	0.52856	0.32768	0.02431
V6	0.24231	0.02424	0.18159	0.07593	0.20152	0.27441
V7	0.09943	0.3137	0	0.06931	0.47366	0.0439
V8	0.49824	0.05611	0.08349	0.13637	0.08645	0.13933
V9	0.25616	0.14355	0.04115	0.25297	0.11996	0.18622
V10	0.34492	0.04276	0.08124	0.31446	0.12026	0.09636
V11	0.12517	0.59969	0.05266	0.06835	0.10533	0.04881
V12	0.25612	0.0354	0.1225	0.04923	0.07448	0.46228
V13	0.11902	0.41797	0.26538	0.06883	0.0796	0.04921
V14	0.10684	0.03038	0	0.70602	0.12155	0.03521
V15	0.36469	0.07679	0.04135	0.14352	0.25932	0.11434
V16	0.11307	0.0196	0	0.37014	0.3916	0.10559
V17	0.24174	0.04291	0.1932	0.04191	0.06359	0.41666
V18	0.51033	0.13433	0.09167	0.06156	0.07913	0.12299
V19	0.42635	0.05997	0.20443	0.05073	0.14959	0.10893
V20	0.44606	0.06789	0.13379	0.13582	0.08311	0.13333
V21	0.25941	0.04512	0.08887	0.04961	0.10996	0.44703
V22	0.18623	0.05635	0.00028	0.106	0.57931	0.07183
V23	0.10623	0.0171	0.26289	0.06045	0.51598	0.03736
V24	0.16195	0.02304	0	0.14346	0.6006	0.07095
V25	0.34049	0.23623	0.04994	0.15491	0.12553	0.0929
V26	0.24394	0.02832	0.0082	0.05261	0.60354	0.06339
V27	0.2255	0.02485	0.21368	0.04913	0.06962	0.41723
V28	0.15043	0.21331	0.15368	0.23015	0.11096	0.14148
V29	0.12485	0.46548	0.11454	0.10921	0.08271	0.10321
V30	0.22468	0.17501	0.12179	0.0484	0.26304	0.16708
V31	0.46847	0.0374	0.21938	0.06511	0.0662	0.14344
V32	0.07759	0.02508	0.28047	0.48168	0.08032	0.05486
V33	0.219	0.33038	0.22439	0.06739	0.0722	0.08665
V34	0.06464	0.00634	0.40932	0.06959	0.40931	0.04079
V35	0.0774	0.05746	0.13963	0.47484	0.20168	0.049
V36	0.13174	0.38619	0.1125	0.06222	0.25095	0.0564
V37	0.10918	0.0146	0.66256	0.05513	0.03537	0.12317
V38	0.24141	0.01906	0.18886	0.04114	0.06199	0.44755
V39	0.41366	0.05035	0.06058	0.26725	0.09555	0.11261
V40	0.12327	0.39161	0.03249	0.17138	0.19419	0.08706
V41	0.49466	0.04002	0.10538	0.04961	0.08074	0.2296
V42	0.23508	0.02614	0.47757	0.04782	0.08608	0.1273
V43	0.19959	0.32174	0.03258	0.07557	0.27976	0.09075
V44	0.13143	0.60648	0.05025	0.06306	0.09289	0.0559
V45	0.32246	0.26345	0.09836	0.0663	0.09395	0.15549
V46	0.13476	0.01851	0.01717	0.26766	0.38212	0.17977
V47	0.12121	0.32901	0.01625	0.16571	0.29409	0.07373
V48	0.10433	0.47333	0.17499	0.05709	0.14945	0.04082
V49	0.12311	0.57527	0.04169	0.06143	0.15009	0.04841
V50	0.08003	0.00694	0.20475	0.05968	0.57825	0.07033
V51	0.05553	0.01066	0	0.06127	0.84177	0.03077
V52	0.10693	0.42858	0.22656	0.08303	0.1051	0.0498
V53	0.15933	0.01405	0.05769	0.07635	0.64714	0.04543
V54	0.11771	0.10715	0.47686	0.08812	0.12348	0.08668
V55	0.06644	0.04015	0.06247	0.07776	0.72105	0.03214
V56	0.0648	0.03853	0.6357	0.14889	0.07787	0.03421
V57	0.19453	0.28243	0.07736	0.0482	0.19054	0.20694
V58	0.07854	0.01488	0.74076	0.06646	0.0319	0.06747
V59	0.08983	0.02325	0	0.71853	0.1401	0.02829
V60	0.36221	0.02871	0.04451	0.37557	0.10178	0.08722
V61	0.28432	0.11559	0.05868	0.17719	0.13757	0.22666
V62	0.37683	0.04572	0.1143	0.14322	0.16039	0.15953
V63	0.15631	0.38708	0.0575	0.11211	0.0971	0.18989
V64	0.06318	0.09403	0	0.05355	0.758	0.03124
V65	0.39232	0.12532	0.09533	0.06425	0.11504	0.20774
V66	0.35486	0.04241	0.1347	0.06608	0.31208	0.08988
V67	0.12858	0.12976	0.27023	0.24286	0.07703	0.15154
V68	0.56448	0.04651	0.09624	0.08401	0.07598	0.13279
V69	0.42901	0.04999	0.0884	0.04767	0.09862	0.2863
V70	0.08928	0.01895	0.17122	0.53037	0.15627	0.03391
V71	0.12156	0.20851	0.03201	0.13261	0.38339	0.12191
V72	0.40917	0.11856	0.12438	0.06552	0.12948	0.15289
V73	0.10052	0.01366	0.06352	0.64933	0.13828	0.03469
V74	0.07717	0.13104	0	0.64113	0.12563	0.02503
V75	0.113	0.60376	0.03733	0.08055	0.11921	0.04614
V76	0.0741	0.00636	0.5982	0.0772	0.2035	0.04064
V77	0.13692	0.12341	0.08886	0.47223	0.10059	0.07799
V78	0.37009	0.11538	0.1043	0.14845	0.09444	0.16733
V79	0.17437	0.40496	0.06928	0.05058	0.08003	0.22079
V80	0.16664	0.4223	0.0586	0.05821	0.09532	0.19893
V81	0.47688	0.10984	0.13638	0.06006	0.08901	0.12783
V82	0.11308	0.54442	0.03473	0.09182	0.16584	0.05011
V83	0.16216	0.13091	0.02432	0.36436	0.22735	0.09091
V84	0.27254	0.03102	0.09749	0.38997	0.12017	0.08881
V85	0.54287	0.04441	0.15251	0.05987	0.07148	0.12885
V86	0.2415	0.04243	0.14248	0.28454	0.09602	0.19304
V87	0.07378	0.02854	0	0.74052	0.12438	0.03278
V88	0.15485	0.03653	0.02088	0.45256	0.15219	0.183
V89	0.15452	0.14252	0.39486	0.05231	0.05071	0.20508
V90	0.1287	0.48042	0.12855	0.06401	0.13779	0.06053
V91	0.09032	0.01814	0.00413	0.14013	0.70305	0.04423
V92	0.06634	0.06407	0	0.06038	0.76937	0.03985
V93	0.22589	0.06549	0.04111	0.1249	0.30871	0.23389
V94	0.0661	0.01793	0.20658	0.58797	0.09504	0.02637
V95	0.06249	0.01489	0.23458	0.14899	0.51039	0.02867
V96	0.13518	0.28586	0.02942	0.08773	0.33833	0.12348
V97	0.05642	0.0177	0	0.10644	0.79324	0.0262
V98	0.08643	0.07376	0	0.61816	0.19076	0.03088
V99	0.06673	0.02908	0	0.75397	0.12662	0.02359
V100	0.07634	0.01491	0.38399	0.27088	0.19668	0.0572
V101	0.08949	0.28457	0.36926	0.13435	0.07262	0.04969
V102	0.52814	0.05105	0.1646	0.05964	0.07036	0.1262
V103	0.43874	0.05158	0.0737	0.1819	0.13169	0.12239
V104	0.08549	0.01124	0.17213	0.58101	0.11252	0.03761
V105	0.25314	0.01995	0.14796	0.04123	0.06418	0.47354
V106	0.13721	0.00949	0.54018	0.04359	0.04874	0.22079
V107	0.13568	0.47033	0.21207	0.05704	0.07698	0.04791
V108	0.2065	0.03994	0.08158	0.04981	0.26018	0.36199
V109	0.21869	0.02445	0.06893	0.04179	0.24425	0.40188
V110	0.10458	0.13862	0.59424	0.04882	0.05042	0.06332
V111	0.06408	0.02216	0.75273	0.06864	0.05039	0.042
V112	0.10208	0.25052	0	0.48866	0.12317	0.03558
V113	0.08232	0.08149	0.52909	0.08359	0.17908	0.04444
V114	0.1555	0.0111	0.56	0.17356	0.04569	0.05414
V115	0.34759	0.07496	0.07534	0.07073	0.19649	0.23489
V116	0.55502	0.04535	0.09338	0.09914	0.07661	0.13049
V117	0.37839	0.0367	0.0366	0.12893	0.32649	0.09289
V118	0.1122	0.48886	0.11105	0.08409	0.14742	0.05638
V119	0.11946	0.57785	0.05055	0.09128	0.09854	0.06231
V120	0.13254	0.16714	0.08548	0.3788	0.17784	0.0582
V121	0.29735	0.0292	0.0614	0.26615	0.08355	0.26236
V122	0.23882	0.03764	0.01629	0.50585	0.14256	0.05884
V123	0.31967	0.03028	0.06282	0.08516	0.20581	0.29625
V124	0.06847	0.00733	0.21913	0.06227	0.60817	0.03464
V125	0.09514	0.12949	0.54462	0.10318	0.04858	0.07898
V126	0.21051	0.21247	0.11043	0.05209	0.07979	0.33469
V127	0.09222	0.00691	0.67459	0.13361	0.04792	0.04475
V128	0.26156	0.21404	0.11893	0.17871	0.14508	0.08168
V129	0.06767	0.02205	0.70231	0.117	0.04582	0.04515
V130	0.35812	0.12343	0.05176	0.24882	0.12054	0.09734
V131	0.10722	0.00986	0.00124	0.06698	0.70747	0.10724
V132	0.10204	0.35641	0.33045	0.05331	0.11123	0.04656
V133	0.10962	0.16111	0.46093	0.12095	0.10349	0.04391
V134	0.18721	0.46426	0.04624	0.06448	0.16391	0.0739
V135	0.12016	0.01584	0.61896	0.04804	0.08823	0.10876
V136	0.14661	0.50832	0.09342	0.07188	0.12072	0.05905
V137	0.09276	0.13794	0.44808	0.06722	0.21714	0.03686
V138	0.18086	0.0133	0.0404	0.36302	0.16942	0.233
V139	0.13405	0.05006	0.13241	0.05467	0.43654	0.19228
V140	0.39296	0.19847	0.09805	0.11197	0.08916	0.10938
V141	0.21437	0.21693	0.12376	0.2534	0.11637	0.07518
V142	0.1648	0.50497	0.05505	0.10319	0.08943	0.08255
V143	0.11299	0.05874	0.51499	0.11584	0.13894	0.05849
V144	0.21763	0.14728	0.07603	0.14272	0.08371	0.33264
V145	0.07346	0.01358	0	0.76028	0.11596	0.03672
V146	0.14479	0.02063	0.04551	0.05928	0.64772	0.08208
V147	0.36386	0.08389	0.1626	0.08603	0.06899	0.23463
V148	0.08367	0.15196	0.62597	0.05001	0.04172	0.04668
V149	0.17939	0.36672	0.05721	0.0697	0.08066	0.24632
V150	0.06897	0.01476	0	0.75228	0.13995	0.02404
V151	0.19627	0.30777	0.06164	0.055	0.10013	0.27918
V152	0.11919	0.19366	0.3525	0.08126	0.17838	0.075
V153	0.06748	0.03929	0.51427	0.26176	0.08093	0.03628
V154	0.33914	0.18749	0.08378	0.04728	0.07585	0.26646
V155	0.1163	0.28062	0.07213	0.05271	0.4113	0.06693
V156	0.09287	0.36085	0.00515	0.05634	0.44828	0.0365
V157	0.17802	0.0991	0.07708	0.25905	0.09804	0.28871
V158	0.07998	0.05691	0.73162	0.05088	0.03172	0.04888
V159	0.16091	0.19549	0.27793	0.18922	0.10905	0.06739
V160	0.08445	0.00689	0.73989	0.05816	0.02845	0.08216
V161	0.09858	0.36976	0.00491	0.30171	0.18865	0.03639
V162	0.11055	0.39998	0.01105	0.1512	0.27385	0.05337
V163	0.07457	0.00735	0.7864	0.05165	0.03011	0.04992
V164	0.09147	0.2772	0.29722	0.14268	0.14665	0.04477
V165	0.09996	0.02548	0.00553	0.06795	0.71176	0.08931
V166	0.14193	0.01815	0.0046	0.16576	0.47067	0.19888
V167	0.07201	0.00878	0.33267	0.45362	0.09954	0.03337
V168	0.44366	0.04489	0.06601	0.24425	0.08647	0.11472
V169	0.08153	0.0146	0.57653	0.22309	0.05561	0.04864
V170	0.31806	0.04847	0.11381	0.28545	0.14858	0.08563
V171	0.20131	0.34858	0.07153	0.04916	0.09314	0.23628
V172	0.12916	0.0669	0.44848	0.19355	0.06275	0.09917
V173	0.09567	0.02307	0.66801	0.04758	0.05187	0.11381
V174	0.41283	0.11355	0.05904	0.06024	0.25283	0.10151
V175	0.13467	0.48328	0.12833	0.07144	0.132	0.05028
V176	0.06235	0.00634	0.78057	0.06094	0.04726	0.04254
V177	0.17585	0.07686	0.28399	0.06925	0.21693	0.17711
V178	0.07924	0.04134	0	0.05422	0.78261	0.04259
V179	0.10462	0.01228	0.02736	0.54247	0.19493	0.11833
V180	0.23126	0.02615	0.17679	0.36068	0.07879	0.12634
V181	0.3642	0.11623	0.1097	0.10278	0.13966	0.16742
V182	0.08119	0.08107	0.635	0.10684	0.0406	0.0553
V183	0.07614	0.01472	0	0.77164	0.11246	0.02504
V184	0.28554	0.31365	0.0513	0.07615	0.1898	0.08355
V185	0.16331	0.39058	0.05565	0.06	0.19964	0.13082
V186	0.06306	0.00693	0.50167	0.32942	0.06778	0.03114
V187	0.23822	0.37246	0.03747	0.06992	0.21215	0.06978
V188	0.18364	0.43163	0.05911	0.07396	0.08366	0.168
V189	0.0973	0.06465	0.13376	0.07294	0.52728	0.10407
V190	0.11109	0.14921	0.00041	0.06607	0.55017	0.12304
V191	0.16343	0.42789	0.05249	0.05846	0.0961	0.20162
V192	0.3598	0.19723	0.12749	0.07447	0.13082	0.11018
V193	0.24324	0.1113	0.09027	0.05042	0.07954	0.42522
V194	0.07219	0.02561	0	0.14642	0.71536	0.04042
V195	0.06955	0.00568	0.59598	0.13369	0.15585	0.03926
V196	0.07006	0.01309	0	0.73464	0.15408	0.02813
V197	0.18935	0.01628	0.0101	0.0607	0.66363	0.05994
V198	0.14605	0.30592	0.04449	0.16712	0.27916	0.05727
V199	0.09107	0.18485	0.07188	0.13487	0.47721	0.04013
V200	0.11871	0.01582	0.47152	0.23679	0.06325	0.09391
V201	0.07762	0.01472	0	0.75696	0.1091	0.0416
V202	0.14394	0.05951	0.36237	0.07761	0.18734	0.16923
V203	0.38332	0.05468	0.0531	0.31961	0.09273	0.09655
V204	0.23242	0.05616	0.1001	0.17617	0.08356	0.35158
V205	0.06926	0.02267	0.76259	0.06818	0.03393	0.04336
V206	0.07525	0.0505	0.07451	0.6361	0.13786	0.02578
V207	0.2877	0.16222	0.07533	0.23895	0.11012	0.12568
V208	0.28839	0.08671	0.34797	0.08876	0.10833	0.07984
V209	0.24456	0.36145	0.05502	0.07936	0.09073	0.16888
V210	0.13097	0.02711	0.70396	0.0505	0.03316	0.05431
V211	0.3662	0.05401	0.13822	0.05555	0.21134	0.17469
V212	0.09038	0.21662	0.1633	0.34468	0.142	0.04301
V213	0.09382	0.06566	0.20282	0.07634	0.52261	0.03874
V214	0.51018	0.05849	0.09843	0.09878	0.10811	0.12601
V215	0.16213	0.46263	0.04983	0.08088	0.08533	0.1592
V216	0.15852	0.37764	0.25973	0.06116	0.08649	0.05646
V217	0.23245	0.01651	0.07166	0.11738	0.31814	0.24386
V218	0.11519	0.25223	0.00625	0.46215	0.12955	0.03463
V219	0.52129	0.0434	0.10589	0.05106	0.08106	0.1973
V220	0.12887	0.02345	0.00308	0.68776	0.11354	0.0433
V221	0.14764	0.52066	0.06129	0.11714	0.09797	0.0553
V222	0.12493	0.22374	0.03132	0.17072	0.39077	0.05853
V223	0.15603	0.24177	0.24629	0.05269	0.08775	0.21548
V224	0.06699	0.00652	0.32089	0.05391	0.52067	0.03102
V225	0.28813	0.03043	0.10443	0.04933	0.06837	0.45931
V226	0.22461	0.0585	0.18462	0.27109	0.17692	0.08426
V227	0.41895	0.03318	0.06743	0.22905	0.09283	0.15855
V228	0.15496	0.19546	0.38475	0.09592	0.09006	0.07885
V229	0.16874	0.02138	0.30374	0.25256	0.18356	0.07002
V230	0.10282	0.13812	0.60131	0.0571	0.04195	0.05869
V231	0.09763	0.03047	0	0.70841	0.13405	0.02944
V232	0.3183	0.0321	0.05263	0.27385	0.09568	0.22743
V233	0.51732	0.04981	0.10115	0.10615	0.09138	0.13419
V234	0.33074	0.02642	0.02221	0.06712	0.46426	0.08925
V235	0.11849	0.01523	0.0071	0.68953	0.12826	0.04138
V236	0.1265	0.00849	0.15409	0.06405	0.50553	0.14134
V237	0.06994	0.00551	0.68401	0.14231	0.05729	0.04094
V238	0.42121	0.03196	0.1094	0.11841	0.10557	0.21344
V239	0.35736	0.05194	0.13361	0.15983	0.18347	0.11379
V240	0.07654	0.19473	0	0.1464	0.54919	0.03314
V241	0.36785	0.15302	0.05667	0.19352	0.12642	0.10252
V242	0.27091	0.06029	0.08539	0.18745	0.15386	0.2421
V243	0.09786	0.30457	0.36887	0.09029	0.09425	0.04417
V244	0.17904	0.02923	0.01503	0.04838	0.54571	0.1826
V245	0.49002	0.03842	0.09755	0.04935	0.08869	0.23596
V246	0.07564	0.04866	0.16838	0.35053	0.32013	0.03666
V247	0.27981	0.08325	0.06755	0.19291	0.09908	0.27741
V248	0.2153	0.04201	0.0025	0.22858	0.43025	0.08136
V249	0.21536	0.14557	0.33239	0.11763	0.05988	0.12917
V250	0.07411	0.02917	0	0.75494	0.11301	0.02876
V251	0.1085	0.42514	0.13282	0.19233	0.09412	0.04708
V252	0.07213	0.02054	0.01373	0.70718	0.15343	0.03299
V253	0.15011	0.05929	0.02278	0.35897	0.20402	0.20483
V254	0.10912	0.20983	0.05918	0.2011	0.35283	0.06794
V255	0.27819	0.24712	0.10386	0.10289	0.1334	0.13454
V256	0.11811	0.60411	0.0407	0.0681	0.11268	0.05631
V257	0.11981	0.31669	0.03411	0.07483	0.3802	0.07436
V258	0.09497	0.19257	0.10955	0.46485	0.09501	0.04304
V259	0.10208	0.42311	0.27863	0.06849	0.07189	0.0558
V260	0.14705	0.04431	0.00533	0.0661	0.62827	0.10893
V261	0.35313	0.0441	0.07836	0.08014	0.2647	0.17957
V262	0.11237	0.01688	0.67116	0.05903	0.09574	0.0448
V263	0.08399	0.05676	0.52139	0.22921	0.06079	0.04787
V264	0.40053	0.04801	0.14949	0.07917	0.12816	0.19465
V265	0.07732	0.01124	0	0.07492	0.80213	0.03439
V266	0.28219	0.05339	0.10119	0.05024	0.07676	0.43624
V267	0.18278	0.4993	0.04095	0.11756	0.09926	0.06014
V268	0.56241	0.04625	0.09376	0.06052	0.07642	0.16064
V269	0.08684	0.0511	0.08548	0.61805	0.12641	0.03212
V270	0.23654	0.37242	0.05961	0.06953	0.18877	0.07313
V271	0.18646	0.11747	0.25379	0.05789	0.07576	0.30863
V272	0.08074	0.01112	0	0.11971	0.7159	0.07254
V273	0.10307	0.01042	0.01768	0.12383	0.68105	0.06395
V274	0.21723	0.02364	0.2003	0.08936	0.07154	0.39793
V275	0.43791	0.17935	0.08334	0.0672	0.08722	0.14498
V276	0.1962	0.21363	0.11206	0.11311	0.11286	0.25213
V277	0.3636	0.04319	0.07483	0.05403	0.19614	0.26822
V278	0.15145	0.10782	0.07692	0.24224	0.36193	0.05965
V279	0.23065	0.05753	0.22103	0.09025	0.07773	0.32281
V280	0.13454	0.01643	0	0.68217	0.11834	0.04852
V281	0.11878	0.59087	0.06277	0.08634	0.0917	0.04954
V282	0.07293	0.04203	0	0.10668	0.74162	0.03675
V283	0.09293	0.33693	0	0.06287	0.46411	0.04315
V284	0.11245	0.09064	0.25778	0.31959	0.11265	0.1069
V285	0.07247	0.02956	0	0.75089	0.1185	0.02859
V286	0.42391	0.05818	0.1242	0.20574	0.08172	0.10625
V287	0.08174	0.01724	0	0.12418	0.7173	0.05956
V288	0.19869	0.22628	0.06501	0.05332	0.1839	0.2728
V289	0.07223	0.08031	0.59536	0.14005	0.06884	0.04322
V290	0.07162	0.01042	0.17007	0.60264	0.10599	0.03925
V291	0.08573	0.03754	0	0.72325	0.11837	0.03511
V292	0.15501	0.08583	0.00802	0.50057	0.20543	0.04513
V293	0.06739	0.0487	0	0.06267	0.78536	0.03588
V294	0.35678	0.05287	0.04239	0.06547	0.32912	0.15337
V295	0.29346	0.02293	0.10555	0.04166	0.07634	0.46007
V296	0.11761	0.29285	0.08349	0.26182	0.14351	0.10072
V297	0.25424	0.07354	0.08737	0.05001	0.07875	0.4561
V298	0.11291	0.5445	0.14688	0.06631	0.08392	0.04548
V299	0.15676	0.07924	0.60057	0.0581	0.04853	0.0568
V300	0.45955	0.1221	0.11118	0.05823	0.07518	0.17377
V301	0.32796	0.32375	0.09984	0.0697	0.09034	0.08843
V302	0.09315	0.22677	0.05043	0.44039	0.14726	0.042
V303	0.11028	0.50204	0.07532	0.07103	0.19086	0.05047
V304	0.07642	0.01021	0	0.05481	0.8243	0.03426
V305	0.12238	0.01837	0.14995	0.39001	0.16511	0.15418
V306	0.34532	0.10591	0.0836	0.05295	0.07387	0.33836
V307	0.17345	0.02224	0	0.06664	0.6465	0.09117
V308	0.06496	0.02203	0	0.77083	0.11878	0.02339
V309	0.1007	0.40194	0.01823	0.33334	0.1023	0.04348
V310	0.15724	0.29757	0.24214	0.05586	0.08359	0.16361
V311	0.39385	0.03287	0.09637	0.05224	0.07277	0.3519
V312	0.14211	0.02282	0	0.33712	0.44092	0.05703
V313	0.31526	0.03234	0.08518	0.08247	0.07249	0.41227
V314	0.21225	0.02835	0.01134	0.58231	0.11315	0.0526
V315	0.1759	0.50109	0.04895	0.05899	0.13627	0.0788
V316	0.28212	0.02992	0.09168	0.10537	0.08915	0.40176
V317	0.12594	0.01404	0.00335	0.59317	0.14224	0.12126
V318	0.07469	0.02115	0.00775	0.74385	0.11548	0.03709
V319	0.26786	0.16466	0.23096	0.16606	0.0774	0.09306
V320	0.21483	0.16818	0.28893	0.14159	0.07161	0.11486
V321	0.10498	0.47061	0.01865	0.26096	0.10628	0.03852
V322	0.10634	0.00946	0.05817	0.06609	0.64927	0.11068
V323	0.09739	0.23176	0	0.3417	0.29428	0.03487
V324	0.14014	0.04363	0.03546	0.22128	0.4116	0.14789
V325	0.14686	0.58264	0.06291	0.0617	0.0906	0.05529
V326	0.18003	0.52844	0.05806	0.06036	0.10956	0.06355
V327	0.11908	0.00874	0.73531	0.05051	0.0339	0.05246
V328	0.17425	0.1719	0.15512	0.16625	0.27686	0.05562
V329	0.07253	0.00657	0.4586	0.05278	0.36225	0.04727
V330	0.06979	0.00642	0.76708	0.06036	0.04813	0.04822
V331	0.43794	0.08945	0.11541	0.11982	0.08364	0.15374
V332	0.15281	0.06573	0.13944	0.05389	0.38574	0.20239
V333	0.08074	0.02384	0.36626	0.33499	0.1413	0.05287
V334	0.08955	0.32298	0.32632	0.14775	0.07099	0.04241
V335	0.15075	0.0265	0.6241	0.05556	0.03748	0.10561
V336	0.25723	0.43874	0.07462	0.05839	0.09239	0.07862
V337	0.11491	0.15701	0.03374	0.06065	0.59601	0.03768
V338	0.45951	0.03698	0.09966	0.05841	0.21336	0.13209
V339	0.14178	0.08432	0.32328	0.2559	0.08862	0.10611
V340	0.39405	0.22543	0.06622	0.09024	0.10456	0.1195
V341	0.21327	0.05165	0.04285	0.49154	0.13821	0.06248
V342	0.12537	0.02126	0.0125	0.56153	0.14911	0.13022
V343	0.22734	0.14259	0.16091	0.06714	0.08397	0.31805
V344	0.12107	0.45711	0.02766	0.07565	0.22084	0.09767
V345	0.0604	0.01055	0	0.06207	0.83947	0.02751
V346	0.15885	0.02377	0.0034	0.38923	0.36027	0.06449
V347	0.32587	0.1278	0.05577	0.1204	0.2807	0.08946
V348	0.14028	0.11756	0.52543	0.06546	0.09542	0.05585
V349	0.4553	0.09279	0.10198	0.1285	0.11034	0.1111
V350	0.30995	0.05687	0.15155	0.23723	0.07821	0.16619
V351	0.27538	0.07769	0.11384	0.06621	0.0861	0.38078
V352	0.14644	0.25632	0.03449	0.04721	0.31858	0.19696
V353	0.08183	0.1521	0.6324	0.05019	0.0413	0.04218
V354	0.18402	0.05274	0.20941	0.04566	0.32168	0.18649
V355	0.06779	0.0313	0.76866	0.06002	0.03339	0.03884
V356	0.34523	0.12155	0.07456	0.23361	0.11096	0.11408
V357	0.24261	0.02536	0.34762	0.06554	0.24057	0.0783
V358	0.24301	0.02014	0.13353	0.07251	0.07559	0.45522
V359	0.15552	0.08548	0.00406	0.52927	0.16751	0.05816
V360	0.34033	0.02672	0.03796	0.21534	0.27097	0.10869
V361	0.11667	0.61703	0.04108	0.07496	0.10051	0.04975
V362	0.10598	0.40366	0.03876	0.30669	0.10702	0.03789
V363	0.46256	0.08593	0.1133	0.05175	0.15371	0.13275
V364	0.20401	0.16251	0.06984	0.07528	0.17057	0.31779
V365	0.28966	0.31478	0.0541	0.16669	0.0903	0.08447
V366	0.13281	0.20769	0.37584	0.10463	0.12394	0.0551
V367	0.08385	0.01216	0	0.51946	0.33668	0.04785
V368	0.18771	0.12384	0.11389	0.0743	0.19231	0.30795
V369	0.08819	0.03443	0	0.10488	0.69909	0.07342
V370	0.09663	0.07277	0.52123	0.17082	0.06655	0.07201
V371	0.13084	0.20715	0.01858	0.42558	0.10075	0.1171
V372	0.12464	0.48687	0.02787	0.07704	0.20643	0.07714
V373	0.51523	0.05139	0.09383	0.05108	0.07549	0.21299
V374	0.17915	0.02385	0.20164	0.44177	0.10625	0.04735
V375	0.29836	0.0303	0.1898	0.09717	0.29278	0.09159
V376	0.20838	0.05587	0.08107	0.14449	0.14025	0.36994
V377	0.10048	0.01652	0.32493	0.05159	0.45567	0.0508
V378	0.2233	0.07382	0.21847	0.04209	0.09315	0.34917
V379	0.36671	0.03617	0.18895	0.04523	0.0643	0.29863
V380	0.06672	0.04054	0	0.06976	0.78706	0.03592
V381	0.26357	0.04554	0.27308	0.27412	0.07662	0.06707
V382	0.06647	0.03361	0	0.21887	0.65044	0.0306
V383	0.18602	0.0478	0.33224	0.29142	0.08227	0.06026
V384	0.09231	0.02405	0.69165	0.06725	0.07877	0.04597
V385	0.27254	0.02906	0.11279	0.04151	0.06733	0.47678
V386	0.39639	0.05696	0.26493	0.05747	0.11232	0.11192
V387	0.20282	0.0272	0.04697	0.56923	0.10281	0.05096
V388	0.48666	0.07247	0.1955	0.05158	0.0756	0.11819
V389	0.32361	0.08809	0.09123	0.04473	0.07877	0.37357
V390	0.11093	0.04412	0	0.61757	0.13718	0.09019
V391	0.09393	0.02044	0	0.51301	0.31422	0.05839
V392	0.14204	0.04299	0.40611	0.14191	0.05288	0.21407
V393	0.12901	0.13024	0.31931	0.10157	0.17486	0.145
V394	0.07513	0.01301	0.00551	0.71605	0.16103	0.02927
V395	0.06571	0.0556	0.74968	0.05942	0.03241	0.03717
V396	0.34038	0.07499	0.04223	0.3265	0.13301	0.08289
V397	0.22422	0.15634	0.09816	0.05185	0.11008	0.35935
V398	0.12354	0.48155	0.03627	0.07791	0.2276	0.05313
V399	0.07443	0.00628	0.71907	0.0928	0.05094	0.05648
V400	0.18363	0.03685	0.03725	0.3671	0.09873	0.27645
V401	0.15664	0.02747	0.54081	0.05709	0.13545	0.08254
V402	0.10846	0.02332	0	0.71299	0.11156	0.04367
V403	0.18459	0.01137	0.04227	0.07606	0.38462	0.30108
V404	0.06585	0.01496	0.79626	0.05276	0.03067	0.03951
V405	0.26509	0.28036	0.10758	0.09708	0.17438	0.07551
V406	0.19104	0.06294	0.17874	0.12493	0.21762	0.22474
V407	0.12375	0.02404	0.6169	0.04594	0.04657	0.14281
V408	0.10482	0.09746	0.02188	0.59082	0.10317	0.08186
V409	0.55623	0.07048	0.09304	0.05393	0.07778	0.14854
V410	0.56976	0.05447	0.0916	0.05383	0.09189	0.13845
V411	0.20909	0.02266	0.06429	0.25392	0.08135	0.36869
V412	0.37317	0.1695	0.10189	0.08989	0.17265	0.0929
V413	0.08135	0.10284	0.01076	0.64332	0.13194	0.02978
V414	0.12991	0.06918	0.00161	0.51756	0.237	0.04475
V415	0.10091	0.01682	0.26669	0.36505	0.16543	0.08509
V416	0.10397	0.1254	0	0.25356	0.42511	0.09197
V417	0.25508	0.01759	0.1307	0.14546	0.07102	0.38015
V418	0.07905	0.07265	0.32323	0.16339	0.30428	0.0574
V419	0.26179	0.04277	0.09108	0.04177	0.07767	0.48491
V420	0.2704	0.02056	0.09188	0.04948	0.07687	0.49081
V421	0.09445	0.04979	0.02421	0.11579	0.66698	0.04878
V422	0.19186	0.24084	0.00982	0.06115	0.43889	0.05745
V423	0.10192	0.14039	0	0.61162	0.11216	0.03391
V424	0.48989	0.11095	0.09245	0.10593	0.0794	0.12139
V425	0.06849	0.09445	0	0.0543	0.74661	0.03614
V426	0.21679	0.04962	0.21721	0.04956	0.06964	0.39718
V427	0.33457	0.12175	0.16047	0.15865	0.09949	0.12507
V428	0.22769	0.02917	0.00783	0.57246	0.10643	0.05641
V429	0.07269	0.02625	0.06377	0.51696	0.28223	0.03809
V430	0.10115	0.07374	0.46222	0.21878	0.07196	0.07215
V431	0.06109	0.01423	0.77711	0.07723	0.03272	0.03762
V432	0.0942	0.33731	0.02393	0.38789	0.11922	0.03745
V433	0.07392	0.01356	0.0134	0.75831	0.11595	0.02486
V434	0.08517	0.23457	0.13064	0.42148	0.09535	0.0328
V435	0.10838	0.00986	0	0.04981	0.69233	0.13961
V436	0.51669	0.12018	0.0918	0.06888	0.07925	0.1232
V437	0.20234	0.22561	0.25094	0.06522	0.1598	0.09608
V438	0.10901	0.30257	0.00467	0.10448	0.43397	0.0453
V439	0.06959	0.01623	0.05321	0.05553	0.77221	0.03322
V440	0.16199	0.05245	0.34594	0.09616	0.23232	0.11114
V441	0.1286	0.06695	0.39244	0.17567	0.07071	0.16562
V442	0.3165	0.12062	0.18572	0.10327	0.11841	0.15548
V443	0.08072	0.01239	0.03118	0.69007	0.14296	0.04267
V444	0.46202	0.06101	0.0989	0.07427	0.15519	0.14861
V445	0.57345	0.05476	0.10722	0.05393	0.07532	0.13532
V446	0.11013	0.41582	0.23758	0.07524	0.09633	0.06489
V447	0.19573	0.18863	0.04104	0.20097	0.13216	0.24147
V448	0.07817	0.02335	0.71153	0.05254	0.09476	0.03965
V449	0.38232	0.05509	0.06538	0.28234	0.08901	0.12587
V450	0.12069	0.01734	0.5688	0.05115	0.19344	0.04858
V451	0.13096	0.04399	0.11295	0.17754	0.49101	0.04355
V452	0.16379	0.02848	0.05067	0.40074	0.13874	0.21758
V453	0.26416	0.0196	0.43719	0.14691	0.06094	0.0712
V454	0.18264	0.06476	0.09283	0.50017	0.10332	0.05628
V455	0.14733	0.55685	0.06631	0.0797	0.09026	0.05955
V456	0.51944	0.04145	0.11184	0.05941	0.11209	0.15575
V457	0.22606	0.02459	0.06417	0.0502	0.26139	0.3736
V458	0.10971	0.00898	0.33778	0.05774	0.38617	0.09963
V459	0.07638	0.02285	0.47865	0.3271	0.0626	0.03242
V460	0.28545	0.07125	0.23405	0.15862	0.09995	0.15068
V461	0.2323	0.05186	0.02509	0.40099	0.20691	0.08285
V462	0.06997	0.00643	0.75473	0.06759	0.03984	0.06144
V463	0.05938	0.03261	0	0.09126	0.79018	0.02657
V464	0.13533	0.56601	0.0435	0.08002	0.12504	0.05009
V465	0.28561	0.09565	0.37512	0.04863	0.09605	0.09894
V466	0.11695	0.02988	0	0.63204	0.17172	0.04941
V467	0.58022	0.04795	0.10146	0.05399	0.07573	0.14065
V468	0.26756	0.10091	0.09455	0.25135	0.21513	0.07051
V469	0.08977	0.11315	0.53623	0.12797	0.05737	0.0755
V470	0.40205	0.03955	0.08259	0.11382	0.25724	0.10475
V471	0.10902	0.17791	0.42873	0.10408	0.09395	0.08632
V472	0.12449	0.38186	0.0127	0.08349	0.32944	0.06803
V473	0.12124	0.62542	0.04883	0.06352	0.09334	0.04764
V474	0.10528	0.01057	0.29912	0.4624	0.08399	0.03863
V475	0.11085	0.12899	0.21326	0.19748	0.29568	0.05375
V476	0.34796	0.04352	0.06273	0.21159	0.12489	0.20931
V477	0.14355	0.42856	0.08121	0.12925	0.10727	0.11015
V478	0.07931	0.01468	0.71965	0.06642	0.03951	0.08043
V479	0.10177	0.11451	0.59167	0.05848	0.08426	0.04931
V480	0.0845	0.19748	0	0.30273	0.38295	0.03234
V481	0.29868	0.09485	0.11872	0.11261	0.2781	0.09704
V482	0.41547	0.03137	0.10591	0.05442	0.07311	0.31971
V483	0.11332	0.59546	0.08691	0.06811	0.08942	0.04678
V484	0.51713	0.04223	0.13711	0.0514	0.12053	0.13159
V485	0.22216	0.11478	0.40301	0.11207	0.06274	0.08524
V486	0.19695	0.01297	0.56304	0.08047	0.04157	0.105
V487	0.09241	0.27338	0	0.06257	0.5303	0.04135
V488	0.22697	0.46309	0.06125	0.09157	0.08839	0.06874
V489	0.494	0.05707	0.14126	0.05918	0.12125	0.12724
V490	0.26023	0.05238	0.07808	0.08907	0.09668	0.42356
V491	0.12552	0.22152	0.27613	0.05095	0.26483	0.06104
V492	0.19914	0.03785	0.21922	0.11677	0.14037	0.28665
V493	0.49681	0.14061	0.08209	0.07618	0.08038	0.12393
V494	0.18614	0.03901	0.32361	0.06428	0.05439	0.33259
V495	0.20717	0.39347	0.18301	0.06921	0.08641	0.06073
V496	0.20295	0.11118	0.24912	0.0464	0.24321	0.14713
V497	0.08661	0.16374	0.11487	0.08251	0.5158	0.03647
V498	0.12287	0.09186	0.27582	0.32042	0.12991	0.05913
V499	0.11948	0.46812	0.1468	0.11078	0.09648	0.05833
V500	0.32766	0.16615	0.09454	0.09632	0.20494	0.11038
V501	0.13761	0.57759	0.0428	0.07964	0.09878	0.06358
V502	0.06756	0.01896	0	0.2652	0.61365	0.03463
V503	0.14463	0.25619	0.03432	0.4129	0.11044	0.04152
V504	0.12997	0.57981	0.0762	0.06171	0.10288	0.04944
V505	0.07842	0.00759	0.3857	0.36806	0.0985	0.06172
V506	0.30222	0.02959	0.08733	0.17238	0.13506	0.27343
V507	0.2649	0.01946	0.09236	0.04126	0.08487	0.49714
V508	0.11699	0.41515	0.05471	0.1242	0.24065	0.04831
V509	0.08527	0.02203	0	0.66338	0.20215	0.02717
V510	0.57157	0.04678	0.09103	0.05376	0.09857	0.13829
V511	0.23149	0.02526	0.0583	0.23856	0.08934	0.35705
V512	0.12165	0.17867	0.47211	0.07242	0.07341	0.08174
V513	0.07576	0.02356	0.16252	0.1004	0.6031	0.03467
V514	0.1341	0.54389	0.09168	0.05852	0.08676	0.08504
V515	0.12967	0.29322	0.01705	0.39417	0.10323	0.06266
V516	0.06862	0.04742	0.64077	0.05922	0.13936	0.04461
V517	0.06423	0.0072	0.30575	0.24544	0.34425	0.03312
V518	0.26396	0.29415	0.07119	0.13955	0.12398	0.10717
V519	0.18162	0.39604	0.05251	0.1214	0.09283	0.1556
V520	0.43366	0.10424	0.09113	0.1422	0.08014	0.14864
V521	0.11831	0.01315	0	0.06774	0.74654	0.05426
V522	0.29079	0.16351	0.05794	0.0722	0.25333	0.16224
V523	0.30259	0.15487	0.10348	0.16984	0.08923	0.17999
V524	0.11361	0.01005	0.04574	0.19125	0.53077	0.10858
V525	0.36108	0.02779	0.12311	0.05982	0.07157	0.35662
V526	0.10854	0.51771	0.10267	0.06554	0.16075	0.04479
V527	0.27191	0.02873	0.47403	0.05698	0.08967	0.07869
V528	0.52409	0.04274	0.17081	0.05924	0.07817	0.12495
V529	0.12127	0.07541	0.01068	0.62016	0.13083	0.04166
V530	0.1356	0.18508	0.27547	0.14912	0.12794	0.12679
V531	0.57426	0.0549	0.09309	0.06141	0.07717	0.13916
V532	0.13797	0.01527	0.04604	0.55114	0.20379	0.04579
V533	0.16139	0.0099	0.24139	0.06932	0.31546	0.20252
V534	0.1248	0.01286	0.00688	0.52471	0.1802	0.15055
V535	0.3618	0.06156	0.21707	0.16763	0.07988	0.11205
V536	0.07774	0.00593	0.59942	0.20643	0.0445	0.06597
V537	0.11194	0.443	0.02667	0.25582	0.10541	0.05716
V538	0.1886	0.01313	0.04842	0.36024	0.08827	0.30134
V539	0.08121	0.0134	0	0.63231	0.23409	0.03899
V540	0.25848	0.027	0.29457	0.06469	0.25213	0.10313
V541	0.09624	0.20288	0.00096	0.5222	0.12851	0.04921
V542	0.10049	0.41094	0.03111	0.25931	0.15463	0.04352
V543	0.065	0.00618	0.51711	0.07779	0.29166	0.04226
V544	0.24739	0.04362	0.08766	0.07298	0.09365	0.4547
V545	0.10166	0.45263	0.0745	0.07736	0.24859	0.04526
V546	0.38438	0.07932	0.05473	0.26673	0.11237	0.10247
V547	0.11126	0.0827	0	0.37989	0.34388	0.08228
V548	0.26368	0.03487	0.09222	0.04155	0.07759	0.49008
V549	0.15089	0.00945	0.52154	0.12999	0.0714	0.11673
V550	0.07502	0.0148	0.27206	0.05352	0.54837	0.03623
V551	0.20669	0.06332	0.09534	0.14511	0.15591	0.33362
V552	0.09773	0.04167	0.11229	0.29514	0.38691	0.06625
V553	0.52591	0.0426	0.10915	0.08307	0.10683	0.13245
V554	0.1279	0.58015	0.0617	0.06038	0.09603	0.07384
V555	0.31019	0.02325	0.07582	0.26759	0.08534	0.23782
V556	0.10965	0.01778	0.37237	0.36752	0.0834	0.04929
V557	0.1435	0.52497	0.1086	0.06561	0.09165	0.06566
V558	0.3188	0.17015	0.06873	0.15301	0.08329	0.20601
V559	0.05687	0.01068	0	0.18129	0.72123	0.02993
V560	0.4708	0.06159	0.08771	0.06645	0.15605	0.15741
V561	0.06123	0.02283	0.7937	0.05276	0.03106	0.03842
V562	0.35313	0.20314	0.10178	0.1178	0.0885	0.13566
V563	0.25392	0.01948	0.08283	0.10377	0.07221	0.46779
V564	0.19741	0.07767	0.04534	0.05129	0.29926	0.32903
V565	0.26469	0.01976	0.09991	0.04129	0.07666	0.49768
V566	0.23251	0.09674	0.0922	0.08941	0.10403	0.3851
V567	0.27086	0.24004	0.0436	0.24123	0.11474	0.08953
V568	0.09435	0.01139	0	0.08456	0.77642	0.03328
V569	0.48891	0.07167	0.08459	0.08165	0.08428	0.18889
V570	0.44708	0.14448	0.09902	0.10551	0.08741	0.1165
V571	0.07978	0.18933	0.54345	0.06632	0.08005	0.04107
V572	0.07538	0.01377	0.67747	0.06824	0.12298	0.04217
V573	0.17543	0.53759	0.05162	0.06047	0.11005	0.06484
V574	0.17616	0.01198	0.36034	0.08349	0.08439	0.28364
V575	0.12135	0.46184	0.08715	0.15687	0.10212	0.07067
V576	0.26485	0.10682	0.03018	0.05093	0.47615	0.07107
V577	0.27893	0.0622	0.02557	0.10518	0.42333	0.1048
V578	0.10838	0.00986	0	0.04981	0.69233	0.13961
V579	0.09329	0.03389	0.12884	0.27338	0.43474	0.03586
V580	0.14875	0.03019	0.06868	0.37499	0.29373	0.08366
V581	0.43774	0.06817	0.12619	0.12118	0.14144	0.10529
V582	0.43427	0.04359	0.0752	0.22084	0.09209	0.13401
V583	0.14958	0.04998	0.28004	0.04417	0.25158	0.22466
V584	0.1476	0.02835	0.0111	0.33884	0.30914	0.16497
V585	0.12715	0.33875	0.21708	0.12395	0.09067	0.10239
V586	0.17239	0.52383	0.08131	0.06652	0.09447	0.06149
V587	0.21411	0.02471	0.25379	0.35535	0.08293	0.06911
V588	0.08455	0.02137	0.01545	0.72838	0.12348	0.02677
V589	0.14642	0.22128	0.25898	0.11546	0.07396	0.18389
V590	0.17477	0.04633	0.34653	0.10845	0.06173	0.26218
V591	0.48358	0.03926	0.09767	0.1746	0.08952	0.11537
V592	0.11207	0.26193	0.0778	0.37227	0.1353	0.04063
V593	0.07146	0.02183	0	0.76933	0.11308	0.0243
V594	0.15003	0.01446	0.02823	0.54974	0.10549	0.15204
V595	0.1344	0.21688	0.05924	0.15338	0.28001	0.1561
V596	0.08138	0.18945	0	0.11921	0.57953	0.03043
V597	0.30918	0.0244	0.04007	0.05837	0.49088	0.07709
V598	0.54738	0.0767	0.09102	0.0538	0.08496	0.14614
V599	0.2115	0.02318	0.0539	0.17596	0.16856	0.3669
V600	0.33645	0.11236	0.06709	0.09335	0.14099	0.24976
V601	0.16375	0.12961	0.0705	0.34605	0.0894	0.2007
V602	0.10727	0.02447	0.08041	0.05697	0.59857	0.1323
V603	0.18073	0.29663	0.08317	0.09823	0.10813	0.23312
V604	0.09787	0.34916	0	0.06318	0.4494	0.04039
V605	0.10154	0.03476	0	0.05329	0.75951	0.0509
V606	0.35763	0.05323	0.25864	0.10274	0.0653	0.16246
V607	0.21609	0.0493	0.05883	0.05841	0.23696	0.38041
V608	0.15499	0.45274	0.04693	0.11515	0.1087	0.12149
V609	0.08247	0.01505	0.57298	0.23917	0.05031	0.04002
V610	0.10417	0.11321	0.39508	0.19904	0.10204	0.08646
V611	0.11285	0.59985	0.04925	0.08631	0.10592	0.04581
V612	0.07904	0.16627	0	0.62159	0.10764	0.02546
V613	0.40611	0.14792	0.08927	0.04942	0.07648	0.23079
V614	0.12402	0.1068	0.44852	0.05373	0.11403	0.15291
V615	0.07487	0.05633	0.01723	0.06266	0.75159	0.03731
V616	0.29237	0.31387	0.05759	0.0885	0.10668	0.14098
V617	0.06182	0.01815	0	0.06146	0.82697	0.0316
V618	0.19373	0.0296	0.54379	0.05563	0.06883	0.10841
V619	0.10364	0.46219	0.15549	0.08347	0.14421	0.05101
V620	0.21002	0.02265	0.28518	0.05605	0.05599	0.37011
V621	0.07868	0.01248	0.04543	0.68367	0.14121	0.03853
V622	0.34674	0.15256	0.05526	0.0527	0.29811	0.09464
V623	0.18126	0.5079	0.05548	0.05804	0.10065	0.09667
V624	0.10795	0.44222	0.01843	0.283	0.09992	0.04849
V625	0.11156	0.11385	0.16864	0.43141	0.11086	0.06367
V626	0.11487	0.0418	0.0067	0.21298	0.47696	0.14668
V627	0.39553	0.03179	0.0471	0.32908	0.09348	0.10302
V628	0.16841	0.06019	0.28882	0.1259	0.15168	0.205
V629	0.09431	0.34279	0.00441	0.4072	0.11346	0.03782
V630	0.41223	0.03918	0.09946	0.09453	0.106	0.2486
V631	0.21758	0.01502	0.11394	0.16109	0.11306	0.37931
V632	0.08907	0.03361	0.09844	0.32726	0.40454	0.04708
V633	0.07401	0.15226	0.63746	0.05846	0.0411	0.03672
V634	0.46562	0.04635	0.07829	0.213	0.08505	0.1117
V635	0.07546	0.04994	0.2024	0.54968	0.0908	0.03173
V636	0.11763	0.45437	0.02341	0.11595	0.21008	0.07856
V637	0.23434	0.06393	0.08046	0.04256	0.15959	0.41913
V638	0.09598	0.09725	0.0339	0.49985	0.23489	0.03813
V639	0.2407	0.06769	0.08368	0.08042	0.40385	0.12367
V640	0.11837	0.12213	0.4059	0.06268	0.16669	0.12424
V641	0.06851	0.07239	0.41826	0.07653	0.32817	0.03614
V642	0.22918	0.04998	0.28695	0.19037	0.06407	0.17945
V643	0.51575	0.04933	0.07695	0.12878	0.09469	0.1345
V644	0.48575	0.04581	0.078	0.13574	0.08647	0.16823
V645	0.45102	0.05095	0.09272	0.12658	0.07639	0.20234
V646	0.07449	0.01504	0.36696	0.0539	0.45222	0.03739
V647	0.22291	0.02379	0.07127	0.30751	0.11006	0.26446
V648	0.182	0.26203	0.15658	0.09884	0.09549	0.20506
V649	0.15402	0.02476	0.02229	0.62869	0.12184	0.0484
V650	0.20721	0.16557	0.18677	0.05781	0.32191	0.06073
V651	0.18026	0.26899	0.09734	0.07928	0.20999	0.16413
V652	0.09696	0.01311	0.08686	0.6368	0.12791	0.03836
V653	0.15979	0.3344	0.0655	0.07745	0.16908	0.19377
V654	0.51219	0.04905	0.14492	0.0593	0.10406	0.13048
V655	0.24839	0.01781	0.05945	0.10136	0.32646	0.24652
V656	0.13271	0.07568	0.50815	0.09075	0.13931	0.0534
V657	0.31165	0.03183	0.0347	0.1433	0.30923	0.16928
V658	0.07612	0.07299	0.12975	0.59527	0.09935	0.02652
V659	0.12172	0.60016	0.04819	0.06782	0.09877	0.06334
V660	0.51851	0.05109	0.09161	0.06661	0.07574	0.19644
V661	0.19014	0.01242	0.17236	0.15727	0.18825	0.27956
V662	0.47782	0.04561	0.08816	0.15178	0.08645	0.15017
V663	0.10395	0.14178	0	0.08996	0.62556	0.03875
V664	0.15065	0.06199	0.60469	0.05006	0.06328	0.06932
V665	0.06102	0.0108	0	0.06131	0.83522	0.03164
V666	0.29799	0.26095	0.0563	0.14615	0.11661	0.122
V667	0.2435	0.01882	0.11012	0.08057	0.08539	0.46161
V668	0.49909	0.14816	0.09014	0.06154	0.0801	0.12097
V669	0.22263	0.10216	0.0469	0.26883	0.09468	0.2648
V670	0.14082	0.28523	0.04117	0.30355	0.11103	0.11819
V671	0.25428	0.02302	0.02004	0.53668	0.10399	0.062
V672	0.11756	0.42296	0.01735	0.29757	0.10122	0.04333
V673	0.19869	0.12543	0.22886	0.04994	0.06285	0.33424
V674	0.49024	0.03989	0.0716	0.052	0.23032	0.11595
V675	0.24637	0.11966	0.09325	0.0435	0.09374	0.40348
V676	0.08294	0.01287	0.06051	0.69884	0.11766	0.02718
V677	0.208	0.29773	0.17817	0.04795	0.07165	0.1965
V678	0.19337	0.07708	0.06248	0.05492	0.4286	0.18356
V679	0.23472	0.0956	0.11454	0.06592	0.07724	0.41198
V680	0.08334	0.00694	0.29959	0.05177	0.49025	0.06811
V681	0.14589	0.52111	0.07089	0.06362	0.08652	0.11197
V682	0.15092	0.4156	0.04085	0.06663	0.17038	0.15562
V683	0.08865	0.01053	0	0.0506	0.76319	0.08703
V684	0.15341	0.52581	0.03795	0.1228	0.10011	0.05992
V685	0.0972	0.44661	0.23066	0.0557	0.12553	0.0443
V686	0.25094	0.02599	0.39337	0.05246	0.0662	0.21104
V687	0.15402	0.20052	0.25398	0.13008	0.06718	0.19421
V688	0.33842	0.0259	0.05042	0.05642	0.33855	0.19028
V689	0.12009	0.02475	0.55707	0.14809	0.07112	0.07888
V690	0.13071	0.01829	0.0216	0.0729	0.61652	0.13997
V691	0.14017	0.3561	0.18025	0.11714	0.11507	0.09126
V692	0.37263	0.02928	0.03919	0.3069	0.15487	0.09712
V693	0.48697	0.13299	0.0963	0.06807	0.07844	0.13723
V694	0.48244	0.13215	0.08645	0.09069	0.08011	0.12816
V695	0.5061	0.0413	0.07592	0.06751	0.15551	0.15365
V696	0.13668	0.37012	0.05451	0.10464	0.27841	0.05563
V697	0.10808	0.02504	0.63287	0.09126	0.07256	0.07018
V698	0.11809	0.62042	0.04169	0.06921	0.10049	0.05009
V699	0.20012	0.03101	0.4721	0.08006	0.11704	0.09967
V700	0.15429	0.02301	0	0.05973	0.70606	0.05692
V701	0.54217	0.04518	0.10106	0.05198	0.07525	0.18437
V702	0.22307	0.03237	0.11578	0.17585	0.08104	0.37189
V703	0.20152	0.37759	0.04274	0.05659	0.25525	0.06631
V704	0.2975	0.23844	0.21168	0.05086	0.08618	0.11535
V705	0.09587	0.09677	0.21564	0.19197	0.3531	0.04664
V706	0.17462	0.0865	0.29857	0.04376	0.15585	0.2407
V707	0.41513	0.04869	0.09106	0.04662	0.08281	0.3157
V708	0.08901	0.31079	0.42181	0.06771	0.06742	0.04327
V709	0.06791	0.01441	0	0.70258	0.19084	0.02427
V710	0.31559	0.07318	0.1348	0.09633	0.2533	0.1268
V711	0.10563	0.18475	0.34383	0.20436	0.07229	0.08915
V712	0.0843	0.22646	0	0.06228	0.58917	0.0378
V713	0.24581	0.39164	0.07629	0.08364	0.10568	0.09693
V714	0.09779	0.37376	0.35086	0.06062	0.07462	0.04234
V715	0.08195	0.02402	0.76095	0.05052	0.03199	0.05056
V716	0.17905	0.03751	0.02794	0.29107	0.24921	0.21522
V717	0.08802	0.01805	0	0.05346	0.78317	0.05731
V718	0.08697	0.31146	0	0.05607	0.51127	0.03422
V719	0.12152	0.57165	0.06235	0.06674	0.11633	0.06142
V720	0.23082	0.0173	0.21676	0.30707	0.10451	0.12355
V721	0.16143	0.2222	0.21692	0.04617	0.14669	0.20658
V722	0.06208	0.00997	0	0.05475	0.84534	0.02785
V723	0.11318	0.48657	0.063	0.07055	0.20462	0.06209
V724	0.12254	0.24987	0.31212	0.13569	0.1384	0.04137
V725	0.1103	0.05771	0.04531	0.15933	0.53331	0.09404
V726	0.08427	0.02364	0.44101	0.07557	0.30489	0.07063
V727	0.22036	0.01543	0.14762	0.16116	0.07722	0.37821
V728	0.08123	0.02224	0	0.73554	0.10985	0.05113
V729	0.20632	0.37182	0.05216	0.08331	0.21212	0.07428
V730	0.18117	0.01356	0.10472	0.37393	0.0913	0.23532
V731	0.18272	0.05446	0.37991	0.047	0.20971	0.12621
V732	0.14714	0.3242	0.04054	0.08838	0.28995	0.10979
V733	0.21195	0.01479	0.25271	0.2081	0.11466	0.19778
V734	0.22674	0.01656	0.26512	0.04105	0.07202	0.37852
V735	0.09451	0.0811	0.00291	0.64073	0.11552	0.06522
V736	0.15292	0.39407	0.09115	0.08461	0.09399	0.18327
V737	0.05517	0.01021	0	0.06187	0.84597	0.02679
V738	0.27552	0.06257	0.09587	0.34591	0.10326	0.11688
V739	0.17813	0.25217	0.1568	0.0804	0.24753	0.08497
V740	0.09697	0.21265	0.30855	0.09015	0.24003	0.05165
V741	0.30896	0.14248	0.16171	0.12038	0.1864	0.08008
V742	0.24932	0.02878	0.04408	0.38795	0.19836	0.09151
V743	0.08611	0.09615	0.20643	0.31643	0.25141	0.04347
V744	0.31827	0.10287	0.07854	0.1696	0.0811	0.24961
V745	0.115	0.3982	0.01545	0.09124	0.33576	0.04435
V746	0.52432	0.05876	0.09229	0.07551	0.09202	0.15709
V747	0.19258	0.0237	0.09376	0.08227	0.54135	0.06633
V748	0.19378	0.05564	0.23547	0.06817	0.16113	0.28582
V749	0.34441	0.03509	0.06162	0.17279	0.17247	0.21362
V750	0.07453	0.08089	0	0.70133	0.11825	0.02501
V751	0.07907	0.02106	0.00662	0.72035	0.14698	0.02592
V752	0.19704	0.02456	0.02244	0.11398	0.57554	0.06645
V753	0.19271	0.01331	0.05664	0.12522	0.36004	0.25208
V754	0.1404	0.33555	0.1298	0.10664	0.12238	0.16523
V755	0.27765	0.05362	0.03579	0.07288	0.42982	0.13024
V756	0.2486	0.02693	0.08943	0.0494	0.11744	0.46821
V757	0.17531	0.34006	0.05519	0.06986	0.13201	0.22757
V758	0.24899	0.46911	0.05483	0.06573	0.08785	0.0735
V759	0.15821	0.02894	0.03728	0.16789	0.51229	0.09539
V760	0.26034	0.01929	0.09691	0.06433	0.06998	0.48916
V761	0.06219	0.01424	0.29325	0.07046	0.52993	0.02993
V762	0.11395	0.00806	0.65035	0.08217	0.06007	0.0854
V763	0.0891	0.13189	0.00827	0.58886	0.13813	0.04374
V764	0.2038	0.02298	0.0945	0.21459	0.28493	0.17921
V765	0.26582	0.02774	0.09118	0.0494	0.07726	0.4886
V766	0.26993	0.28055	0.05635	0.06747	0.21208	0.11363
V767	0.21769	0.02366	0.28403	0.13368	0.08456	0.25637
V768	0.11864	0.49592	0.16258	0.07024	0.08746	0.06516
V769	0.06191	0.0056	0.72446	0.12652	0.04569	0.03581
V770	0.12204	0.31407	0.01493	0.38479	0.11814	0.04603
V771	0.15894	0.07819	0.41438	0.09245	0.05192	0.20413
V772	0.09674	0.0147	0.68491	0.0645	0.03356	0.1056
