CD19B	CD56NK	CD4MemoryT	CD14
V1	0.44719	0.07408	0.18146	0.29728
V2	0.17498	0.15697	0.08748	0.58057
V3	0.09244	0.56237	0.04104	0.30415
V4	0.69727	0.15182	0.03797	0.11294
V5	0.12982	0.44833	0.21889	0.20296
V6	0.09808	0.75726	0.04271	0.10195
V7	0.16145	0.36509	0.10104	0.37242
V8	0.15109	0.08273	0.64755	0.11862
V9	0.2261	0.27162	0.0712	0.43109
V10	0.06577	0.09008	0.71053	0.13362
V11	0.19839	0.35516	0.35621	0.09025
V12	0.06514	0.53318	0.30603	0.09564
V13	0.23665	0.62886	0.03212	0.10237
V14	0.09208	0.78986	0.03126	0.0868
V15	0.13593	0.53848	0.12457	0.20102
V16	0.73042	0.08421	0.06265	0.12273
V17	0.10585	0.75564	0.03684	0.10167
V18	0.45387	0.35308	0.07198	0.12107
V19	0.1597	0.71481	0.03204	0.09345
V20	0.17279	0.44137	0.05021	0.33563
V21	0.15057	0.11499	0.61698	0.11746
V22	0.08452	0.16408	0.19646	0.55494
V23	0.32809	0.09464	0.48017	0.09711
V24	0.7693	0.06572	0.07101	0.09396
V25	0.29019	0.27021	0.13915	0.30044
V26	0.32254	0.3871	0.05045	0.2399
V27	0.14501	0.12768	0.06686	0.66046
V28	0.05513	0.09866	0.75701	0.0892
V29	0.36889	0.08209	0.42861	0.12041
V30	0.13182	0.25691	0.24163	0.36963
V31	0.20015	0.2372	0.25594	0.30671
V32	0.13159	0.10803	0.07567	0.6847
V33	0.08154	0.46421	0.29315	0.1611
V34	0.15041	0.09844	0.63281	0.11833
V35	0.16249	0.63505	0.094	0.10845
V36	0.06923	0.11601	0.39343	0.42133
V37	0.43683	0.13066	0.12191	0.31059
V38	0.36129	0.07221	0.1831	0.38341
V39	0.16662	0.51426	0.13159	0.18753
V40	0.11391	0.71852	0.08725	0.08032
V41	0.05539	0.60225	0.06695	0.27541
V42	0.22388	0.10687	0.20404	0.4652
V43	0.14519	0.34119	0.40127	0.11236
V44	0.06713	0.13926	0.57767	0.21594
V45	0.11877	0.53243	0.19593	0.15288
V46	0.64144	0.11504	0.14587	0.09766
V47	0.36501	0.22417	0.28014	0.13068
V48	0.64345	0.20303	0.04263	0.11089
V49	0.58201	0.22226	0.03525	0.16048
V50	0.09122	0.72769	0.09382	0.08727
V51	0.26678	0.39114	0.22955	0.11253
V52	0.07333	0.16068	0.6487	0.11729
V53	0.586	0.1603	0.16445	0.08925
V54	0.34812	0.22487	0.31842	0.10858
V55	0.21184	0.18738	0.22136	0.37942
V56	0.10961	0.10302	0.11331	0.67406
V57	0.11344	0.74942	0.04294	0.0942
V58	0.51602	0.06921	0.08268	0.33209
V59	0.35011	0.40216	0.1203	0.12743
V60	0.15673	0.2074	0.27951	0.35637
V61	0.63897	0.14834	0.04983	0.16286
V62	0.70954	0.07727	0.10674	0.10645
V63	0.05469	0.72328	0.12006	0.10197
V64	0.04998	0.74152	0.02507	0.18343
V65	0.08946	0.09758	0.12155	0.69141
V66	0.20016	0.61716	0.04491	0.13777
V67	0.16091	0.33191	0.41008	0.0971
V68	0.18062	0.20101	0.06556	0.5528
V69	0.07027	0.32151	0.48074	0.12749
V70	0.43207	0.19478	0.18536	0.18779
V71	0.18151	0.14115	0.31901	0.35833
V72	0.45643	0.2006	0.119	0.22397
V73	0.15785	0.55158	0.13798	0.15259
V74	0.09443	0.24827	0.57182	0.08548
V75	0.5689	0.05519	0.20415	0.17176
V76	0.06714	0.22797	0.17876	0.52613
V77	0.09491	0.31567	0.04791	0.54151
V78	0.27185	0.17485	0.18686	0.36644
V79	0.05582	0.15449	0.62898	0.16071
V80	0.30751	0.08027	0.45012	0.1621
V81	0.09578	0.20012	0.61084	0.09327
V82	0.05344	0.12134	0.72897	0.09625
V83	0.16285	0.22815	0.1022	0.50679
V84	0.33596	0.11309	0.17497	0.37598
V85	0.13233	0.32929	0.32681	0.21157
V86	0.09023	0.11164	0.67267	0.12546
V87	0.06901	0.72076	0.0725	0.13773
V88	0.18529	0.13365	0.24509	0.43596
V89	0.08973	0.10303	0.19842	0.60882
V90	0.06175	0.77042	0.07228	0.09554
V91	0.06975	0.6499	0.17032	0.11003
V92	0.38076	0.08491	0.33788	0.19645
V93	0.71652	0.06151	0.04299	0.17898
V94	0.07192	0.43782	0.05277	0.43748
V95	0.22934	0.41803	0.15542	0.19721
V96	0.12667	0.16647	0.07114	0.63572
V97	0.54903	0.14694	0.20826	0.09577
V98	0.55427	0.3118	0.03324	0.10069
V99	0.64306	0.09065	0.16753	0.09875
V100	0.11309	0.09458	0.68081	0.11153
V101	0.09404	0.11184	0.05845	0.73568
V102	0.75274	0.09086	0.04862	0.10778
V103	0.08726	0.12483	0.11973	0.66817
V104	0.06294	0.81908	0.03055	0.08743
V105	0.08233	0.79311	0.03704	0.08753
V106	0.13413	0.47662	0.27161	0.11764
V107	0.18716	0.23406	0.44955	0.12923
V108	0.15294	0.66453	0.10196	0.08056
V109	0.06776	0.21182	0.46402	0.2564
V110	0.08365	0.75655	0.05775	0.10204
V111	0.74759	0.04313	0.10828	0.101
V112	0.15814	0.13494	0.35572	0.35119
V113	0.19906	0.17156	0.18044	0.44895
V114	0.24126	0.12053	0.11253	0.52569
V115	0.04758	0.66393	0.20017	0.08833
V116	0.15654	0.32752	0.3044	0.21154
V117	0.53515	0.27504	0.06555	0.12425
V118	0.16851	0.5298	0.05911	0.24258
V119	0.15568	0.15013	0.08861	0.60559
V120	0.11096	0.12639	0.65973	0.10293
V121	0.47262	0.17663	0.11937	0.23137
V122	0.78707	0.048	0.0561	0.10883
V123	0.0611	0.48619	0.07113	0.38159
V124	0.52505	0.30626	0.03206	0.13663
V125	0.3194	0.40368	0.17215	0.10477
V126	0.1011	0.20816	0.08646	0.60428
V127	0.18556	0.12487	0.23901	0.45056
V128	0.09976	0.10234	0.13462	0.66329
V129	0.45765	0.25726	0.16871	0.11639
V130	0.04854	0.58795	0.27509	0.08842
V131	0.06108	0.77006	0.02451	0.14435
V132	0.76301	0.04898	0.07165	0.11635
V133	0.7395	0.05901	0.09379	0.1077
V134	0.13641	0.39041	0.13615	0.33704
V135	0.13166	0.1067	0.18428	0.57736
V136	0.22638	0.39879	0.04463	0.3302
V137	0.52043	0.09154	0.23934	0.14869
V138	0.20107	0.39701	0.17013	0.23179
V139	0.29766	0.24626	0.19077	0.2653
V140	0.09877	0.16304	0.09003	0.64816
V141	0.10484	0.21011	0.42794	0.25711
V142	0.64493	0.04976	0.2134	0.0919
V143	0.35014	0.2896	0.09598	0.26429
V144	0.18326	0.21248	0.17121	0.43305
V145	0.04092	0.67187	0.19919	0.08802
V146	0.11813	0.10222	0.07755	0.70211
V147	0.73863	0.06758	0.0634	0.1304
V148	0.15366	0.14114	0.46113	0.24406
V149	0.23432	0.4792	0.19748	0.08901
V150	0.11619	0.27121	0.46243	0.15016
V151	0.19519	0.56761	0.05718	0.18002
V152	0.21324	0.42764	0.1968	0.16232
V153	0.12351	0.66013	0.04377	0.17259
V154	0.21991	0.43323	0.23547	0.11138
V155	0.38372	0.18967	0.25937	0.16725
V156	0.0812	0.19423	0.53818	0.18638
V157	0.26816	0.20836	0.27283	0.25065
V158	0.09415	0.09816	0.07074	0.73696
V159	0.71553	0.10779	0.04039	0.13629
V160	0.55414	0.06713	0.10299	0.27575
V161	0.22189	0.09341	0.07716	0.60754
V162	0.11143	0.32676	0.10499	0.45683
V163	0.1234	0.46411	0.16194	0.25055
V164	0.28797	0.32724	0.12232	0.26247
V165	0.0777	0.30112	0.042	0.57918
V166	0.08457	0.1712	0.10284	0.64139
V167	0.31586	0.07698	0.05572	0.55143
V168	0.24831	0.52501	0.09599	0.13069
V169	0.20448	0.13136	0.08239	0.58177
V170	0.14265	0.10139	0.42531	0.33065
V171	0.14697	0.26874	0.4633	0.12099
V172	0.58205	0.05431	0.26432	0.09932
V173	0.09557	0.20792	0.08132	0.61519
V174	0.08536	0.22544	0.10486	0.58434
V175	0.10674	0.08657	0.61761	0.18908
V176	0.04665	0.70879	0.15617	0.08839
V177	0.04639	0.83336	0.02505	0.0952
V178	0.0517	0.6758	0.03316	0.23934
V179	0.18444	0.09142	0.32859	0.39555
V180	0.06255	0.77015	0.08653	0.08076
V181	0.17467	0.18712	0.43028	0.20793
V182	0.26466	0.22181	0.37725	0.13628
V183	0.17529	0.70603	0.03152	0.08716
V184	0.81307	0.04008	0.05145	0.0954
V185	0.45796	0.40651	0.04367	0.09186
V186	0.13724	0.45438	0.22639	0.18198
V187	0.77905	0.04805	0.0712	0.1017
V188	0.11333	0.27542	0.04279	0.56847
V189	0.65116	0.0758	0.05934	0.2137
V190	0.5354	0.06575	0.30033	0.09852
V191	0.18664	0.24168	0.4497	0.12198
V192	0.26071	0.44876	0.07353	0.217
V193	0.48345	0.09419	0.23215	0.19021
V194	0.06937	0.79768	0.03094	0.102
V195	0.06046	0.0977	0.74533	0.09652
V196	0.09018	0.14788	0.06206	0.69988
V197	0.35312	0.11883	0.07155	0.4565
V198	0.09574	0.47106	0.30047	0.13273
V199	0.1886	0.10943	0.18332	0.51865
V200	0.14594	0.52208	0.04745	0.28454
V201	0.12091	0.51107	0.17271	0.19531
V202	0.06943	0.09776	0.60884	0.22397
V203	0.16724	0.41211	0.31639	0.10426
V204	0.06101	0.50599	0.03947	0.39354
V205	0.06722	0.12015	0.70832	0.10431
V206	0.08981	0.15197	0.66405	0.09416
V207	0.16217	0.24355	0.08821	0.50607
V208	0.23547	0.12568	0.53615	0.10269
V209	0.2598	0.44637	0.09061	0.20323
V210	0.10616	0.6693	0.10143	0.12311
V211	0.36167	0.08873	0.07823	0.47137
V212	0.41778	0.09757	0.37368	0.11096
V213	0.5074	0.09165	0.13899	0.26196
V214	0.28518	0.21435	0.1706	0.32987
V215	0.26843	0.16612	0.06256	0.50289
V216	0.10711	0.09696	0.07005	0.72587
V217	0.08417	0.46745	0.20361	0.24477
V218	0.12474	0.43219	0.16283	0.28024
V219	0.12795	0.57698	0.04002	0.25506
V220	0.05057	0.72092	0.03116	0.19736
V221	0.65147	0.05876	0.04892	0.24084
V222	0.27577	0.19009	0.311	0.22313
V223	0.05562	0.1951	0.59673	0.15256
V224	0.80233	0.04017	0.06278	0.09472
V225	0.08368	0.75587	0.07357	0.08689
V226	0.27369	0.13979	0.48434	0.10219
V227	0.63717	0.05076	0.20475	0.10732
V228	0.6106	0.11672	0.10217	0.17051
V229	0.06771	0.09728	0.72327	0.11173
V230	0.09305	0.11191	0.07049	0.72455
V231	0.07834	0.3119	0.12762	0.48215
V232	0.08404	0.59188	0.02722	0.29686
V233	0.45036	0.14577	0.20079	0.20308
V234	0.06871	0.78466	0.05083	0.0958
V235	0.31976	0.11969	0.44146	0.11909
V236	0.08942	0.13605	0.62103	0.1535
V237	0.1865	0.09531	0.08068	0.63751
V238	0.14303	0.50822	0.22441	0.12435
V239	0.10955	0.40491	0.0531	0.43244
V240	0.40201	0.09753	0.36736	0.1331
V241	0.06656	0.09024	0.69598	0.14722
V242	0.13822	0.66669	0.10197	0.09312
V243	0.22918	0.10977	0.50772	0.15333
V244	0.20765	0.07873	0.55241	0.1612
V245	0.47182	0.31208	0.08039	0.13572
V246	0.09433	0.20009	0.59679	0.10878
V247	0.17528	0.08905	0.64756	0.08811
V248	0.09677	0.11799	0.08822	0.69703
V249	0.0519	0.11447	0.68638	0.14726
V250	0.62117	0.05177	0.22678	0.10029
V251	0.76875	0.08175	0.04908	0.10042
V252	0.04687	0.73125	0.14165	0.08024
V253	0.31165	0.14019	0.17289	0.37526
V254	0.04623	0.79936	0.06671	0.0877
V255	0.07619	0.784	0.02405	0.11576
V256	0.17965	0.25032	0.41198	0.15805
V257	0.3474	0.16205	0.22304	0.26751
V258	0.17952	0.29282	0.34291	0.18475
V259	0.07742	0.31227	0.48878	0.12153
V260	0.04949	0.30629	0.5531	0.09113
V261	0.49162	0.093	0.20313	0.21225
V262	0.14453	0.13507	0.06653	0.65388
V263	0.05516	0.81836	0.0249	0.10159
V264	0.18141	0.1161	0.35735	0.34514
V265	0.10074	0.095	0.15401	0.65025
V266	0.52129	0.3541	0.03845	0.08615
V267	0.06235	0.23732	0.24849	0.45184
V268	0.32928	0.09786	0.1619	0.41096
V269	0.04882	0.51172	0.31348	0.12599
V270	0.51328	0.08466	0.23933	0.16272
V271	0.63522	0.11494	0.07203	0.17781
V272	0.085	0.7132	0.03665	0.16514
V273	0.11751	0.10895	0.08293	0.69061
V274	0.56192	0.05631	0.19693	0.18484
V275	0.05443	0.09849	0.75073	0.09635
V276	0.4016	0.34904	0.04384	0.20552
V277	0.09184	0.25816	0.16384	0.48616
V278	0.09561	0.13977	0.26099	0.50363
V279	0.5442	0.11357	0.13737	0.20486
V280	0.09415	0.09816	0.07074	0.73696
V281	0.43772	0.09617	0.1614	0.30471
V282	0.09655	0.13604	0.62857	0.13885
V283	0.19612	0.52814	0.08121	0.19453
V284	0.06243	0.77725	0.07236	0.08796
V285	0.10626	0.08672	0.71855	0.08848
V286	0.21817	0.50324	0.11779	0.16079
V287	0.11294	0.74885	0.03728	0.10093
V288	0.06567	0.30941	0.34192	0.28299
V289	0.24862	0.25522	0.34504	0.15112
V290	0.6659	0.1926	0.05075	0.09076
V291	0.40051	0.12379	0.37278	0.10292
V292	0.76174	0.04951	0.0446	0.14415
V293	0.2681	0.08208	0.52408	0.12574
V294	0.12567	0.37763	0.03655	0.46014
V295	0.07935	0.23542	0.18546	0.49977
V296	0.18157	0.17781	0.48119	0.15942
V297	0.13095	0.09415	0.10639	0.6685
V298	0.26545	0.15626	0.47646	0.10184
V299	0.11619	0.30758	0.05345	0.52278
V300	0.07333	0.11772	0.21982	0.58913
V301	0.14379	0.17306	0.5034	0.17975
V302	0.52178	0.34507	0.03343	0.09971
V303	0.04279	0.54138	0.30443	0.11139
V304	0.09961	0.10361	0.57963	0.21715
V305	0.14583	0.21539	0.36777	0.27101
V306	0.63902	0.14019	0.08658	0.13421
V307	0.05491	0.8116	0.03814	0.09534
V308	0.21375	0.26786	0.25529	0.2631
V309	0.28085	0.33353	0.05885	0.32676
V310	0.11492	0.33763	0.15213	0.39532
V311	0.41679	0.45617	0.03544	0.0916
V312	0.11374	0.6486	0.13594	0.10172
V313	0.08154	0.1786	0.06595	0.67391
V314	0.06614	0.45746	0.11994	0.35646
V315	0.13557	0.56382	0.05811	0.2425
V316	0.26766	0.19035	0.32596	0.21603
V317	0.11005	0.61805	0.06451	0.20739
V318	0.08082	0.51539	0.04282	0.36097
V319	0.0962	0.1272	0.65878	0.11782
V320	0.11246	0.19975	0.50171	0.18607
V321	0.51331	0.36256	0.03799	0.08614
V322	0.19188	0.33884	0.09522	0.37406
V323	0.1152	0.10885	0.11961	0.65634
V324	0.51994	0.27679	0.0952	0.10807
V325	0.2609	0.57557	0.07483	0.0887
V326	0.05065	0.51881	0.10502	0.32552
V327	0.08494	0.20834	0.12737	0.57935
V328	0.0921	0.10379	0.58	0.22412
V329	0.18492	0.18018	0.17213	0.46277
V330	0.32753	0.08105	0.30101	0.2904
V331	0.29754	0.15523	0.08345	0.46378
V332	0.08111	0.13367	0.18422	0.60101
V333	0.34531	0.13574	0.33664	0.18232
V334	0.30368	0.08315	0.31506	0.29812
V335	0.06997	0.34754	0.39942	0.18308
V336	0.17157	0.61825	0.04499	0.16519
V337	0.24409	0.39265	0.25115	0.1121
V338	0.03973	0.84096	0.03179	0.08752
V339	0.14485	0.08401	0.67507	0.09607
V340	0.0957	0.26633	0.41061	0.22736
V341	0.09549	0.11825	0.10036	0.68589
V342	0.23163	0.07787	0.49423	0.19627
V343	0.7935	0.05534	0.0501	0.10106
V344	0.53925	0.1874	0.18491	0.08843
V345	0.06052	0.09737	0.75283	0.08928
V346	0.21821	0.17924	0.25078	0.35178
V347	0.1069	0.10123	0.14758	0.64429
V348	0.08664	0.58155	0.13737	0.19444
V349	0.28863	0.21385	0.32488	0.17263
V350	0.06205	0.70117	0.15578	0.081
V351	0.07979	0.1168	0.33375	0.46966
V352	0.09032	0.09624	0.65853	0.15491
V353	0.70175	0.07093	0.07591	0.15141
V354	0.0794	0.60972	0.19405	0.11683
V355	0.24659	0.14283	0.38042	0.23016
V356	0.1001	0.10979	0.12608	0.66403
V357	0.13561	0.34554	0.23681	0.28203
V358	0.42636	0.16293	0.08719	0.32353
V359	0.45306	0.12051	0.07384	0.35259
V360	0.43485	0.41679	0.05027	0.09809
V361	0.04464	0.43293	0.43323	0.0892
V362	0.03989	0.83504	0.03764	0.08743
V363	0.17735	0.18018	0.37803	0.26444
V364	0.16764	0.13076	0.53442	0.16718
V365	0.25012	0.10635	0.06175	0.58178
V366	0.10167	0.60215	0.09521	0.20098
V367	0.44908	0.19194	0.04387	0.31511
V368	0.1076	0.63823	0.095	0.15917
V369	0.06009	0.3923	0.45755	0.09006
V370	0.25356	0.29537	0.33607	0.11501
V371	0.17795	0.63465	0.04995	0.13745
V372	0.18199	0.13469	0.13983	0.54348
V373	0.11564	0.20187	0.37567	0.30682
V374	0.62877	0.05971	0.2195	0.09201
V375	0.10439	0.12349	0.15888	0.61324
V376	0.09938	0.11715	0.1259	0.65758
V377	0.62917	0.05276	0.05597	0.2621
V378	0.07263	0.11682	0.34111	0.46944
V379	0.28559	0.24369	0.0517	0.41901
V380	0.17123	0.15031	0.19446	0.484
V381	0.57606	0.07147	0.12572	0.22675
V382	0.11202	0.1019	0.69016	0.09592
V383	0.65916	0.05692	0.09091	0.19301
V384	0.4357	0.13881	0.15085	0.27465
V385	0.68072	0.0625	0.11398	0.14279
V386	0.27034	0.09469	0.16259	0.47239
V387	0.4546	0.19263	0.19234	0.16043
V388	0.30006	0.34203	0.15156	0.20635
V389	0.33151	0.48755	0.04046	0.14049
V390	0.25506	0.27837	0.37559	0.09099
V391	0.34181	0.1686	0.06101	0.42857
V392	0.33494	0.25849	0.16992	0.23665
V393	0.24224	0.26501	0.29229	0.20046
V394	0.12974	0.27079	0.12712	0.47234
V395	0.20106	0.38926	0.18456	0.22512
V396	0.0473	0.8204	0.03061	0.10169
V397	0.60951	0.13412	0.12923	0.12714
V398	0.35495	0.19204	0.12108	0.33193
V399	0.18114	0.50563	0.14581	0.16743
V400	0.05108	0.5339	0.08281	0.33221
V401	0.07917	0.20967	0.55951	0.15165
V402	0.63635	0.20433	0.06969	0.08963
V403	0.09547	0.1114	0.1065	0.68663
V404	0.11795	0.23837	0.47825	0.16543
V405	0.21664	0.11481	0.17599	0.49255
V406	0.4973	0.27714	0.0529	0.17267
V407	0.03973	0.84096	0.03179	0.08752
V408	0.12048	0.28125	0.32185	0.27642
V409	0.08768	0.1059	0.07074	0.73569
V410	0.10637	0.74205	0.04986	0.10171
V411	0.36858	0.07903	0.04825	0.50413
V412	0.17085	0.14846	0.40136	0.27933
V413	0.09236	0.45925	0.16819	0.2802
V414	0.07464	0.4724	0.27144	0.18151
V415	0.35827	0.10253	0.22657	0.31263
V416	0.06019	0.13793	0.71351	0.08837
V417	0.31277	0.56515	0.03274	0.08935
V418	0.12156	0.17569	0.15507	0.54769
V419	0.0937	0.09722	0.07801	0.73107
V420	0.04167	0.76399	0.0373	0.15704
V421	0.16894	0.11418	0.53607	0.18082
V422	0.11015	0.13874	0.0613	0.6898
V423	0.11309	0.09458	0.68081	0.11153
V424	0.05792	0.1313	0.48968	0.3211
V425	0.0925	0.27331	0.46274	0.17145
V426	0.12059	0.11736	0.61531	0.14674
V427	0.10291	0.39613	0.17643	0.32453
V428	0.1071	0.66726	0.07391	0.15172
V429	0.0929	0.09769	0.08365	0.72576
V430	0.58314	0.20666	0.05608	0.15413
V431	0.18862	0.10577	0.37441	0.3312
V432	0.14737	0.16606	0.08804	0.59853
V433	0.08894	0.64445	0.02662	0.24
V434	0.29073	0.14866	0.08979	0.47082
V435	0.40758	0.08373	0.14727	0.36142
V436	0.32331	0.09008	0.14154	0.44507
V437	0.21977	0.27022	0.04543	0.46458
V438	0.47263	0.20843	0.06854	0.2504
V439	0.10075	0.16865	0.06006	0.67053
V440	0.39112	0.10909	0.07684	0.42295
V441	0.1048	0.19371	0.46548	0.23601
V442	0.2636	0.35312	0.14285	0.24042
V443	0.58388	0.06191	0.12673	0.22748
V444	0.06052	0.09737	0.75283	0.08928
V445	0.489	0.07673	0.31456	0.11971
V446	0.06898	0.71364	0.07294	0.14444
V447	0.48803	0.15104	0.18532	0.17561
V448	0.08634	0.14911	0.18899	0.57556
V449	0.44256	0.10265	0.27835	0.17645
V450	0.14356	0.73777	0.03769	0.08098
V451	0.75283	0.09141	0.04031	0.11545
V452	0.10233	0.10458	0.10595	0.68713
V453	0.63323	0.12476	0.10122	0.14078
V454	0.03938	0.79856	0.06683	0.09524
V455	0.47363	0.0934	0.2849	0.14807
V456	0.27556	0.18178	0.32629	0.21636
V457	0.08761	0.11245	0.06449	0.73544
V458	0.24095	0.26981	0.0446	0.44464
V459	0.05542	0.6844	0.1017	0.15848
V460	0.77079	0.04869	0.07149	0.10903
V461	0.1182	0.1166	0.06299	0.70221
V462	0.29069	0.28256	0.0365	0.39025
V463	0.22042	0.44961	0.15451	0.17547
V464	0.4042	0.16383	0.04622	0.38575
V465	0.3208	0.41976	0.05495	0.20449
V466	0.45472	0.23203	0.04208	0.27117
V467	0.26288	0.52345	0.09636	0.11732
V468	0.38998	0.39763	0.07791	0.13447
V469	0.07628	0.23677	0.24868	0.43828
V470	0.42474	0.18	0.18567	0.20959
V471	0.24568	0.17558	0.07565	0.50309
V472	0.27292	0.3475	0.03305	0.34654
V473	0.11799	0.50005	0.2783	0.10366
V474	0.15626	0.09067	0.13152	0.62154
V475	0.18085	0.39606	0.09947	0.32361
V476	0.18516	0.10365	0.09676	0.61443
V477	0.46832	0.10151	0.21178	0.21839
V478	0.14467	0.53627	0.03462	0.28444
V479	0.06546	0.15394	0.62059	0.16
V480	0.12016	0.33404	0.07571	0.47009
V481	0.15923	0.09052	0.64686	0.10339
V482	0.53886	0.20354	0.13305	0.12455
V483	0.15935	0.18093	0.10544	0.55427
V484	0.09512	0.14764	0.07429	0.68295
V485	0.13274	0.64429	0.03731	0.18566
V486	0.23771	0.29773	0.13737	0.3272
V487	0.12754	0.12911	0.11724	0.6261
V488	0.05178	0.09109	0.68224	0.17488
V489	0.20356	0.16009	0.53486	0.10148
V490	0.28033	0.33395	0.09452	0.29119
V491	0.35033	0.44847	0.06061	0.14059
V492	0.06185	0.72234	0.12798	0.08783
V493	0.09498	0.0981	0.06002	0.7469
V494	0.18936	0.21116	0.41364	0.18584
V495	0.20173	0.55788	0.13769	0.10271
V496	0.2376	0.61379	0.02559	0.12302
V497	0.06059	0.0904	0.75258	0.09644
V498	0.27485	0.17385	0.0888	0.4625
V499	0.48009	0.28862	0.13813	0.09315
V500	0.12536	0.18287	0.56819	0.12358
V501	0.08704	0.09793	0.08381	0.73121
V502	0.42475	0.30011	0.15979	0.11535
V503	0.19897	0.17211	0.19342	0.43551
V504	0.20743	0.61629	0.03822	0.13806
V505	0.19248	0.2622	0.22496	0.32036
V506	0.11857	0.28942	0.35815	0.23386
V507	0.47376	0.16031	0.14217	0.22376
V508	0.58439	0.2075	0.07588	0.13223
V509	0.21547	0.13656	0.41026	0.23771
V510	0.20345	0.48157	0.22589	0.08909
V511	0.09327	0.41532	0.07248	0.41893
V512	0.23238	0.12945	0.11248	0.52568
V513	0.10075	0.57248	0.187	0.13976
V514	0.09171	0.13913	0.05763	0.71153
V515	0.59648	0.11798	0.08782	0.19772
V516	0.73668	0.12512	0.039	0.0992
V517	0.09947	0.11592	0.2336	0.55101
V518	0.78476	0.07169	0.04281	0.10075
V519	0.06336	0.74155	0.03091	0.16418
V520	0.08191	0.08937	0.49176	0.33696
V521	0.44806	0.10161	0.3301	0.12023
V522	0.06081	0.19737	0.44938	0.29244
V523	0.293	0.19037	0.2364	0.28023
V524	0.04619	0.67258	0.17114	0.11009
V525	0.23382	0.25593	0.06404	0.44621
V526	0.49737	0.14251	0.10746	0.25265
V527	0.20507	0.106	0.33585	0.35308
V528	0.11333	0.73966	0.02417	0.12284
V529	0.11375	0.1469	0.20986	0.52949
V530	0.05453	0.25104	0.52251	0.17193
V531	0.05428	0.75259	0.11297	0.08016
V532	0.17873	0.34623	0.06096	0.41407
V533	0.24156	0.36205	0.14239	0.254
V534	0.0634	0.09846	0.55824	0.2799
V535	0.44656	0.06691	0.05699	0.42955
V536	0.19974	0.08355	0.3207	0.396
V537	0.45826	0.28248	0.16062	0.09864
V538	0.36778	0.12745	0.11667	0.3881
V539	0.22934	0.41803	0.15542	0.19721
V540	0.18541	0.61031	0.08827	0.11601
V541	0.0672	0.47877	0.08501	0.36902
V542	0.19615	0.19643	0.22822	0.37921
V543	0.70406	0.05453	0.05495	0.18646
V544	0.14285	0.16751	0.17353	0.5161
V545	0.3025	0.20395	0.09973	0.39382
V546	0.07599	0.75675	0.07971	0.08755
V547	0.07151	0.57132	0.26177	0.0954
V548	0.15293	0.66471	0.09507	0.0873
V549	0.28271	0.09751	0.51663	0.10314
V550	0.46809	0.09551	0.0427	0.39371
V551	0.17079	0.64272	0.05578	0.13071
V552	0.05514	0.49845	0.03966	0.40676
V553	0.20979	0.20045	0.48141	0.10835
V554	0.11379	0.16062	0.07252	0.65306
V555	0.12201	0.27381	0.27723	0.32694
V556	0.05275	0.10546	0.72248	0.11931
V557	0.64369	0.08343	0.05288	0.22
V558	0.09342	0.67782	0.04979	0.17898
V559	0.04629	0.70198	0.17029	0.08143
V560	0.54509	0.32732	0.03373	0.09386
V561	0.05443	0.09849	0.75073	0.09635
V562	0.61348	0.05868	0.14896	0.17888
V563	0.22939	0.07772	0.59716	0.09573
V564	0.09624	0.14392	0.65661	0.10323
V565	0.14319	0.29579	0.30584	0.25517
V566	0.54187	0.15379	0.04467	0.25967
V567	0.20229	0.43345	0.05595	0.30831
V568	0.23516	0.09257	0.09492	0.57735
V569	0.53678	0.08995	0.04182	0.33145
V570	0.07004	0.31298	0.47429	0.1427
V571	0.64434	0.17036	0.03675	0.14855
V572	0.36277	0.0765	0.38385	0.17689
V573	0.11565	0.22939	0.05271	0.60225
V574	0.07041	0.67889	0.1558	0.09491
V575	0.08808	0.16347	0.14271	0.60574
V576	0.1536	0.69721	0.05628	0.09291
V577	0.09991	0.13217	0.20434	0.56358
V578	0.0984	0.14399	0.52755	0.23006
V579	0.04755	0.7504	0.10022	0.10183
V580	0.17748	0.09557	0.13752	0.58943
V581	0.12168	0.15205	0.05465	0.67162
V582	0.44913	0.20116	0.06968	0.28003
V583	0.06515	0.1315	0.46746	0.3359
V584	0.40499	0.20408	0.26653	0.12439
V585	0.07234	0.10055	0.37117	0.45594
V586	0.2217	0.08549	0.5238	0.169
V587	0.24503	0.08481	0.55168	0.11848
V588	0.49178	0.10813	0.06842	0.33167
V589	0.08329	0.6978	0.08062	0.13829
V590	0.07784	0.66325	0.1708	0.0881
V591	0.07505	0.1266	0.19751	0.60085
V592	0.16758	0.10572	0.639	0.0877
V593	0.46344	0.06446	0.19589	0.27621
V594	0.27641	0.31114	0.28302	0.12944
V595	0.09916	0.11165	0.06993	0.71926
V596	0.08644	0.31561	0.20238	0.39558
V597	0.04125	0.5279	0.27719	0.15365
V598	0.06567	0.17759	0.6539	0.10284
V599	0.48591	0.33551	0.06384	0.11474
V600	0.28978	0.45289	0.07557	0.18177
V601	0.1718	0.30787	0.10436	0.41597
V602	0.09965	0.11109	0.06456	0.7247
V603	0.07055	0.38028	0.05047	0.4987
V604	0.40581	0.17213	0.30356	0.1185
V605	0.10225	0.34688	0.31891	0.23196
V606	0.56198	0.19953	0.0503	0.1882
V607	0.50882	0.07766	0.13806	0.27545
V608	0.20695	0.21949	0.31637	0.25719
V609	0.08189	0.28367	0.21091	0.42353
V610	0.59849	0.07761	0.12591	0.19799
V611	0.26485	0.08889	0.09441	0.55185
V612	0.07414	0.16099	0.61948	0.14539
V613	0.07633	0.3443	0.45829	0.12109
V614	0.58892	0.1182	0.08775	0.20513
V615	0.16514	0.13292	0.05938	0.64256
V616	0.10266	0.61823	0.06498	0.21413
V617	0.38179	0.20658	0.32525	0.08638
V618	0.57425	0.06559	0.04251	0.31765
V619	0.31863	0.10492	0.28667	0.28979
V620	0.04854	0.58795	0.27509	0.08842
V621	0.33843	0.21108	0.17748	0.27301
V622	0.29295	0.26066	0.33018	0.1162
V623	0.08755	0.15606	0.15653	0.59985
V624	0.62678	0.22831	0.03505	0.10986
V625	0.22857	0.4643	0.11125	0.19588
V626	0.78481	0.0635	0.04323	0.10847
V627	0.08352	0.11226	0.10729	0.69693
V628	0.07242	0.26884	0.05982	0.59891
V629	0.14429	0.32062	0.23822	0.29686
V630	0.0767	0.34491	0.45111	0.12728
V631	0.08244	0.24843	0.12379	0.54534
V632	0.46258	0.06448	0.16122	0.31173
V633	0.05148	0.11412	0.64555	0.18885
V634	0.32283	0.29136	0.293	0.09281
V635	0.06701	0.66064	0.03305	0.23929
V636	0.14386	0.17317	0.49613	0.18684
V637	0.26235	0.24734	0.11226	0.37805
V638	0.30414	0.29175	0.09722	0.30689
V639	0.23512	0.41522	0.26689	0.08278
V640	0.07942	0.20945	0.58034	0.13079
V641	0.70289	0.08659	0.06762	0.1429
V642	0.59739	0.21313	0.0355	0.15399
V643	0.06233	0.24582	0.35838	0.33347
V644	0.72927	0.11669	0.04687	0.10717
V645	0.22824	0.40051	0.26655	0.1047
V646	0.04679	0.83497	0.0309	0.08734
V647	0.1582	0.1559	0.54844	0.13746
V648	0.32632	0.41939	0.14174	0.11255
V649	0.0736	0.13773	0.65005	0.13861
V650	0.09552	0.15999	0.59877	0.14572
V651	0.27561	0.07405	0.55346	0.09688
V652	0.12557	0.16931	0.35473	0.35039
V653	0.13394	0.58446	0.10844	0.17316
V654	0.5374	0.23597	0.08874	0.13789
V655	0.07992	0.52406	0.04851	0.3475
V656	0.20235	0.30415	0.04997	0.44353
V657	0.09672	0.14797	0.06118	0.69412
V658	0.46105	0.2489	0.08901	0.20104
V659	0.27755	0.1592	0.31105	0.25219
V660	0.06138	0.81235	0.02429	0.10198
V661	0.09926	0.41489	0.08021	0.40563
V662	0.33836	0.08614	0.39902	0.17648
V663	0.22099	0.14406	0.4539	0.18105
V664	0.19748	0.13647	0.53472	0.13134
V665	0.53059	0.22835	0.07423	0.16682
V666	0.46244	0.06508	0.13259	0.33989
V667	0.61067	0.11773	0.181	0.0906
V668	0.1283	0.69678	0.09443	0.08049
V669	0.20629	0.40343	0.22127	0.16901
V670	0.09819	0.77503	0.02508	0.10169
V671	0.29248	0.31004	0.23261	0.16487
V672	0.06648	0.10454	0.70976	0.11922
V673	0.20898	0.37265	0.20736	0.211
V674	0.55521	0.19302	0.05676	0.19501
V675	0.14982	0.34428	0.26652	0.23939
V676	0.09297	0.18607	0.12796	0.593
V677	0.30538	0.39703	0.11345	0.18414
V678	0.40918	0.45798	0.04102	0.09182
V679	0.08452	0.32862	0.48912	0.09774
V680	0.25657	0.50237	0.13912	0.10194
V681	0.71602	0.10811	0.05354	0.12233
V682	0.13017	0.31767	0.43181	0.12035
V683	0.04667	0.83435	0.03787	0.0811
V684	0.53954	0.20437	0.11794	0.13816
V685	0.38443	0.35269	0.13486	0.12802
V686	0.13101	0.2398	0.15606	0.47313
V687	0.09964	0.10494	0.06986	0.72556
V688	0.30261	0.48029	0.0287	0.18839
V689	0.24398	0.08247	0.09055	0.583
V690	0.37831	0.10876	0.36627	0.14667
V691	0.16777	0.08164	0.65489	0.0957
V692	0.11011	0.19963	0.54551	0.14475
V693	0.21647	0.17912	0.30968	0.29473
V694	0.07774	0.11714	0.262	0.54312
V695	0.2335	0.08987	0.17015	0.50648
V696	0.12819	0.15949	0.06448	0.64783
V697	0.0918	0.13202	0.06351	0.71267
V698	0.65183	0.05875	0.05515	0.23426
V699	0.43344	0.3079	0.09391	0.16474
V700	0.2288	0.10737	0.05681	0.60702
V701	0.13089	0.48644	0.118	0.26466
V702	0.4273	0.14487	0.05477	0.37306
V703	0.15661	0.13386	0.39379	0.31574
V704	0.64295	0.09846	0.06699	0.1916
V705	0.77934	0.04215	0.05573	0.12278
V706	0.11212	0.1263	0.60059	0.16099
V707	0.07545	0.41537	0.38912	0.12006
V708	0.06937	0.7435	0.04299	0.14414
V709	0.1477	0.29353	0.40946	0.14931
V710	0.46146	0.24923	0.0814	0.20791
V711	0.10619	0.68328	0.10148	0.10906
V712	0.64279	0.10594	0.04558	0.20569
V713	0.34155	0.32307	0.06529	0.27008
V714	0.05581	0.59402	0.0468	0.30337
V715	0.25348	0.34496	0.25957	0.14199
V716	0.10263	0.12398	0.0881	0.68528
V717	0.09807	0.78164	0.02466	0.09563
V718	0.15168	0.50832	0.16569	0.17431
V719	0.08973	0.61791	0.05797	0.23439
V720	0.55332	0.05642	0.23327	0.157
V721	0.14466	0.22299	0.3759	0.25646
V722	0.12676	0.3552	0.04908	0.46896
V723	0.14952	0.15765	0.0577	0.63513
V724	0.45425	0.09547	0.11763	0.33265
V725	0.05109	0.16192	0.66875	0.11825
V726	0.0851	0.38464	0.13083	0.39943
V727	0.23113	0.57765	0.10309	0.08813
V728	0.06221	0.74983	0.09972	0.08824
V729	0.33723	0.0889	0.17652	0.39735
V730	0.71601	0.07758	0.08407	0.12234
V731	0.07812	0.2527	0.32162	0.34755
V732	0.29291	0.14986	0.30476	0.25247
V733	0.49331	0.23123	0.06701	0.20844
V734	0.21436	0.32173	0.37346	0.09045
V735	0.07709	0.11553	0.39322	0.41416
V736	0.17452	0.09756	0.061	0.66692
V737	0.27114	0.31225	0.21675	0.19985
V738	0.10943	0.34485	0.35512	0.1906
V739	0.05982	0.0989	0.48344	0.35784
V740	0.6613	0.13	0.10285	0.10584
V741	0.38063	0.16737	0.14161	0.31038
V742	0.32795	0.54905	0.03974	0.08326
V743	0.1484	0.19673	0.54602	0.10885
V744	0.41179	0.10477	0.30075	0.18269
V745	0.05584	0.606	0.16423	0.17394
V746	0.8127	0.03993	0.04546	0.10191
V747	0.10117	0.08741	0.55887	0.25256
V748	0.14507	0.17364	0.4592	0.22209
V749	0.24932	0.2312	0.08601	0.43347
V750	0.32678	0.4424	0.04821	0.18261
V751	0.07599	0.73639	0.05734	0.13028
V752	0.35855	0.26633	0.1456	0.22952
V753	0.09442	0.10515	0.05866	0.74178
V754	0.0487	0.79038	0.02444	0.13648
V755	0.16136	0.24753	0.28467	0.30643
V756	0.09782	0.10503	0.08824	0.7089
V757	0.27757	0.5293	0.08277	0.11036
V758	0.07668	0.65509	0.12245	0.14577
V759	0.15194	0.14323	0.33263	0.3722
V760	0.25774	0.13572	0.25294	0.3536
V761	0.09485	0.51967	0.23201	0.15347
V762	0.06368	0.38806	0.0503	0.49796
V763	0.30881	0.36445	0.05809	0.26865
V764	0.04861	0.78427	0.03042	0.1367
V765	0.52016	0.1468	0.03827	0.29477
V766	0.06486	0.34108	0.34866	0.24539
V767	0.37752	0.18328	0.22907	0.21013
V768	0.08227	0.77171	0.04342	0.10259
V769	0.14491	0.71232	0.04956	0.09321
V770	0.04679	0.83497	0.0309	0.08734
V771	0.17447	0.08944	0.63302	0.10308
V772	0.15131	0.11511	0.63816	0.09541
V773	0.1597	0.71481	0.03204	0.09345
V774	0.06726	0.08992	0.72344	0.11938
V775	0.14928	0.12811	0.25264	0.46997
V776	0.3357	0.41065	0.07717	0.17647
V777	0.185	0.18769	0.151	0.47632
V778	0.41178	0.30134	0.09459	0.19228
V779	0.17969	0.12345	0.40208	0.29478
V780	0.12259	0.66837	0.12821	0.08084
V781	0.11096	0.11685	0.07571	0.69648
V782	0.05605	0.18682	0.61155	0.14558
V783	0.61355	0.07771	0.08903	0.21971
V784	0.12009	0.75603	0.03691	0.08697
V785	0.06949	0.79129	0.03723	0.10199
V786	0.5543	0.20263	0.11134	0.13173
V787	0.04076	0.72412	0.1475	0.08762
V788	0.39301	0.31854	0.15969	0.12876
V789	0.11175	0.37359	0.06074	0.45392
V790	0.36909	0.10257	0.11139	0.41695
V791	0.14767	0.37628	0.27223	0.20382
V792	0.14747	0.49667	0.0357	0.32016
V793	0.13487	0.57931	0.05767	0.22815
V794	0.08869	0.15246	0.6057	0.15315
V795	0.14976	0.12781	0.09669	0.62574
V796	0.07369	0.15249	0.66364	0.11018
V797	0.60577	0.05394	0.23342	0.10688
V798	0.47965	0.31296	0.10101	0.10637
V799	0.13937	0.66595	0.04976	0.14491
V800	0.1117	0.11334	0.41594	0.35902
V801	0.15817	0.191	0.27989	0.37094
V802	0.09476	0.1646	0.24396	0.49668
V803	0.203	0.48116	0.23392	0.08192
V804	0.41892	0.08146	0.3449	0.15472
V805	0.06086	0.09069	0.75922	0.08924
V806	0.07632	0.77039	0.03761	0.11568
V807	0.23605	0.21431	0.07466	0.47498
V808	0.51059	0.29291	0.07312	0.12338
V809	0.08294	0.11189	0.71676	0.08841
V810	0.04679	0.84103	0.02497	0.08721
V811	0.34084	0.14649	0.20153	0.31114
V812	0.42014	0.29155	0.08138	0.20693
V813	0.45929	0.23419	0.18961	0.11691
V814	0.34721	0.49423	0.06879	0.08978
V815	0.03974	0.78599	0.0866	0.08767
V816	0.76391	0.04177	0.10046	0.09386
V817	0.07414	0.14502	0.67722	0.10361
V818	0.08341	0.13311	0.0821	0.70138
V819	0.64671	0.13191	0.0871	0.13428
V820	0.16174	0.17122	0.06967	0.59736
V821	0.20016	0.33146	0.31975	0.14863
V822	0.10501	0.10227	0.68171	0.11101
V823	0.07251	0.24189	0.52063	0.16498
V824	0.11377	0.37456	0.42902	0.08264
V825	0.20471	0.31736	0.2228	0.25514
V826	0.3425	0.40255	0.15808	0.09687
V827	0.30702	0.54302	0.03911	0.11085
V828	0.21188	0.22697	0.12713	0.43402
V829	0.09554	0.28597	0.07406	0.54442
V830	0.21141	0.2724	0.06453	0.45166
V831	0.59584	0.14362	0.07083	0.1897
V832	0.23084	0.39516	0.16277	0.21123
V833	0.15316	0.47062	0.16711	0.20911
V834	0.2609	0.15155	0.11035	0.4772
V835	0.28924	0.42971	0.12609	0.15496
V836	0.05607	0.59999	0.03457	0.30938
V837	0.20166	0.38163	0.17671	0.24
V838	0.74656	0.08283	0.07037	0.10024
V839	0.25449	0.54659	0.11058	0.08834
V840	0.25069	0.63543	0.03216	0.08173
V841	0.05139	0.12188	0.68731	0.13941
V842	0.29099	0.22308	0.23519	0.25073
V843	0.06509	0.10436	0.67529	0.15526
V844	0.14244	0.16794	0.31805	0.37157
V845	0.10227	0.17627	0.57591	0.14555
V846	0.05538	0.09985	0.59327	0.25149
V847	0.08877	0.09858	0.06537	0.74728
V848	0.11489	0.47289	0.16159	0.25063
V849	0.03953	0.81381	0.031	0.11565
V850	0.79372	0.04123	0.05626	0.10879
V851	0.2788	0.49308	0.1465	0.08162
V852	0.14679	0.13564	0.14969	0.56789
V853	0.21852	0.26619	0.32982	0.18547
V854	0.4549	0.21865	0.12474	0.20171
V855	0.08877	0.09858	0.06537	0.74728
V856	0.08663	0.3637	0.28954	0.26013
V857	0.51736	0.22162	0.06666	0.19436
V858	0.4489	0.07011	0.38388	0.09711
V859	0.5053	0.26871	0.05331	0.17267
V860	0.19442	0.18605	0.09075	0.52878
V861	0.11449	0.35914	0.42937	0.09699
V862	0.14946	0.15643	0.56314	0.13096
V863	0.20666	0.13758	0.05075	0.605
V864	0.12241	0.12282	0.09289	0.66188
V865	0.1516	0.09684	0.24657	0.50499
V866	0.57423	0.0727	0.24692	0.10615
V867	0.57431	0.08063	0.24666	0.0984
V868	0.39457	0.30358	0.14337	0.15849
V869	0.05467	0.82762	0.03035	0.08736
V870	0.13504	0.35554	0.0546	0.45482
V871	0.03953	0.81381	0.031	0.11565
V872	0.08023	0.11073	0.23278	0.57626
V873	0.70149	0.07776	0.09125	0.1295
V874	0.18352	0.68572	0.05003	0.08073
V875	0.0779	0.25136	0.19147	0.47927
V876	0.16253	0.34166	0.33331	0.1625
V877	0.08623	0.3969	0.25007	0.2668
V878	0.13702	0.7024	0.08001	0.08056
V879	0.17906	0.60508	0.06409	0.15177
V880	0.25756	0.50686	0.03387	0.2017
V881	0.16256	0.12378	0.4763	0.23736
V882	0.62897	0.05028	0.15588	0.16487
V883	0.2473	0.23749	0.42894	0.08627
V884	0.08305	0.30866	0.04152	0.56678
V885	0.5587	0.2425	0.11024	0.08856
V886	0.06061	0.37173	0.37052	0.19715
V887	0.48986	0.12704	0.17175	0.21135
V888	0.12844	0.12494	0.57896	0.16766
V889	0.73138	0.0922	0.06193	0.11449
V890	0.08243	0.21022	0.47923	0.22813
V891	0.48873	0.10904	0.26961	0.13262
V892	0.24953	0.23748	0.05308	0.45991
V893	0.44399	0.25103	0.16104	0.14394
V894	0.09855	0.32833	0.45246	0.12065
V895	0.45886	0.12919	0.20137	0.21059
V896	0.06937	0.79768	0.03094	0.102
V897	0.53373	0.28083	0.04095	0.14449
V898	0.38461	0.07125	0.05332	0.49083
V899	0.08648	0.24961	0.15054	0.51336
V900	0.11154	0.32256	0.29747	0.26842
V901	0.07147	0.71306	0.03114	0.18434
V902	0.07583	0.77048	0.06628	0.08742
V903	0.04981	0.41008	0.41334	0.12677
V904	0.05478	0.8333	0.02467	0.08724
V905	0.17646	0.08688	0.18412	0.55254
V906	0.32643	0.16351	0.12844	0.38162
V907	0.33964	0.4799	0.048	0.13246
V908	0.08792	0.1333	0.10494	0.67384
V909	0.1384	0.69304	0.02411	0.14444
V910	0.18439	0.08737	0.14457	0.58367
V911	0.39837	0.38983	0.0624	0.1494
V912	0.30823	0.3424	0.13613	0.21324
V913	0.15473	0.0921	0.06287	0.6903
V914	0.1743	0.45901	0.24911	0.11758
V915	0.22368	0.08526	0.0587	0.63235
V916	0.22795	0.12664	0.51394	0.13147
V917	0.55148	0.08891	0.18169	0.17791
V918	0.07975	0.55864	0.20191	0.15969
V919	0.19111	0.27744	0.25492	0.27654
V920	0.46824	0.24103	0.11742	0.17331
V921	0.09485	0.22344	0.07298	0.60873
V922	0.11838	0.43895	0.31695	0.12572
V923	0.13093	0.10804	0.08765	0.67339
V924	0.07066	0.58715	0.23163	0.11056
V925	0.19261	0.11716	0.0646	0.62563
V926	0.2078	0.10895	0.07651	0.60674
V927	0.09556	0.12463	0.09399	0.68581
V928	0.07559	0.75723	0.0304	0.13678
V929	0.08842	0.56594	0.13007	0.21557
V930	0.39177	0.3748	0.063	0.17044
V931	0.14763	0.3017	0.40142	0.14925
V932	0.08395	0.18598	0.47285	0.25721
V933	0.46672	0.39073	0.04428	0.09827
V934	0.07054	0.22021	0.24284	0.46641
V935	0.43012	0.21198	0.20535	0.15255
V936	0.40497	0.3013	0.05232	0.24141
V937	0.41874	0.18743	0.11346	0.28037
V938	0.30999	0.12259	0.27814	0.28927
V939	0.58408	0.0792	0.10946	0.22726
V940	0.06204	0.67821	0.14305	0.1167
V941	0.05467	0.09076	0.75806	0.09651
V942	0.56801	0.22552	0.09691	0.10956
V943	0.31953	0.18571	0.35694	0.13782
V944	0.07982	0.30313	0.09321	0.52383
V945	0.43029	0.36269	0.04336	0.16366
V946	0.35403	0.28926	0.2337	0.123
V947	0.12846	0.13837	0.21659	0.51657
V948	0.2903	0.09751	0.50178	0.11041
V949	0.06914	0.18897	0.19533	0.54657
V950	0.09021	0.49069	0.18883	0.23028
V951	0.65801	0.06502	0.17698	0.1
V952	0.11487	0.20214	0.23561	0.44739
V953	0.06574	0.12976	0.68559	0.11891
V954	0.09359	0.24165	0.1507	0.51406
V955	0.13662	0.53924	0.05371	0.27043
V956	0.08958	0.11418	0.41644	0.3798
V957	0.29369	0.09405	0.04898	0.56328
V958	0.09498	0.0981	0.06002	0.7469
V959	0.20888	0.28975	0.35144	0.14992
V960	0.21427	0.30547	0.1045	0.37576
V961	0.14618	0.38276	0.28809	0.18298
V962	0.29486	0.22106	0.33212	0.15197
V963	0.45326	0.21792	0.16928	0.15954
V964	0.65714	0.08212	0.13214	0.1286
V965	0.09185	0.46802	0.17426	0.26587
V966	0.7861	0.05582	0.04928	0.1088
V967	0.10287	0.12938	0.4234	0.34435
V968	0.04822	0.21087	0.59533	0.14558
V969	0.07391	0.31854	0.07212	0.53543
V970	0.08817	0.196	0.34573	0.3701
V971	0.39213	0.14907	0.29775	0.16105
V972	0.39271	0.24672	0.08176	0.27881
V973	0.23194	0.40963	0.09851	0.25993
V974	0.04808	0.6712	0.12903	0.1517
V975	0.12342	0.31054	0.47512	0.09093
V976	0.34218	0.28372	0.13136	0.24274
V977	0.26761	0.35948	0.28284	0.09007
V978	0.11818	0.16892	0.10177	0.61113
V979	0.6356	0.06896	0.19541	0.10003
V980	0.8127	0.03993	0.04546	0.10191
V981	0.28609	0.10747	0.36747	0.23897
V982	0.34291	0.39414	0.09973	0.16323
V983	0.54396	0.12167	0.04607	0.28829
V984	0.05517	0.71517	0.11338	0.11628
V985	0.12126	0.24503	0.05053	0.58318
V986	0.26648	0.48518	0.07418	0.17416
V987	0.21357	0.65944	0.02505	0.10194
V988	0.21525	0.10161	0.06376	0.61938
V989	0.3494	0.44862	0.09822	0.10376
V990	0.05106	0.13025	0.61591	0.20278
V991	0.50571	0.36273	0.03245	0.0991
V992	0.20283	0.08781	0.42775	0.28161
V993	0.09165	0.62759	0.15698	0.12378
V994	0.1768	0.6793	0.05027	0.09363
V995	0.56401	0.16203	0.07059	0.20336
V996	0.24513	0.1902	0.05594	0.50873
V997	0.06789	0.09809	0.64474	0.18928
V998	0.68851	0.06237	0.1063	0.14282
V999	0.12764	0.76123	0.02415	0.08697
V1000	0.27968	0.10254	0.04876	0.56903
