CD19B	CD56NK	CD4MemoryT	CD14
V1	0.42599	0.08011	0.20642	0.28748
V2	0.12483	0.17034	0.10908	0.59575
V3	0.04472	0.58638	0.04839	0.3205
V4	0.68215	0.16091	0.06854	0.08841
V5	0.0959	0.46792	0.22871	0.20747
V6	0.05844	0.79344	0.04261	0.10551
V7	0.11929	0.38102	0.11488	0.38482
V8	0.13976	0.07517	0.68024	0.10483
V9	0.18348	0.28509	0.09015	0.44128
V10	0.04851	0.08193	0.7471	0.12246
V11	0.17912	0.36947	0.37218	0.07923
V12	0.03233	0.56	0.31368	0.09399
V13	0.20554	0.65497	0.03888	0.1006
V14	0.0517	0.82941	0.02906	0.08983
V15	0.09888	0.56234	0.13145	0.20734
V16	0.71589	0.09218	0.09514	0.09679
V17	0.0674	0.79136	0.03622	0.10502
V18	0.4354	0.36617	0.09019	0.10824
V19	0.12504	0.74693	0.034	0.09403
V20	0.13082	0.45896	0.06294	0.34728
V21	0.13788	0.10991	0.64767	0.10454
V22	0.03511	0.17466	0.2139	0.57633
V23	0.3233	0.09211	0.50836	0.07624
V24	0.7568	0.07357	0.10447	0.06516
V25	0.25983	0.28249	0.15588	0.3018
V26	0.29137	0.4036	0.06667	0.23837
V27	0.08981	0.14351	0.08892	0.67776
V28	0.03644	0.08894	0.80176	0.07287
V29	0.36341	0.08066	0.45474	0.10119
V30	0.09312	0.26799	0.25723	0.38166
V31	0.16839	0.24613	0.27377	0.31171
V32	0.07551	0.12349	0.0979	0.70311
V33	0.04721	0.48589	0.30325	0.16364
V34	0.13843	0.0922	0.66437	0.105
V35	0.12884	0.66409	0.09825	0.10882
V36	0.03056	0.11762	0.41446	0.43736
V37	0.41138	0.13948	0.14549	0.30365
V38	0.33113	0.07983	0.20622	0.38283
V39	0.13275	0.53642	0.1396	0.19123
V40	0.07856	0.75379	0.08681	0.08085
V41	0.00831	0.62836	0.07099	0.29233
V42	0.18612	0.11359	0.22568	0.47461
V43	0.12319	0.35403	0.41708	0.10569
V44	0.04183	0.13756	0.60538	0.21523
V45	0.085	0.55687	0.20275	0.15538
V46	0.63446	0.12134	0.17292	0.07128
V47	0.35184	0.23136	0.29993	0.11687
V48	0.62944	0.21241	0.07012	0.08803
V49	0.56181	0.23271	0.06067	0.14481
V50	0.05345	0.76329	0.09383	0.08944
V51	0.24608	0.4076	0.24205	0.10427
V52	0.05388	0.15879	0.67998	0.10735
V53	0.57931	0.16698	0.18795	0.06576
V54	0.33619	0.23271	0.33812	0.09298
V55	0.17711	0.1961	0.24003	0.38677
V56	0.05422	0.11587	0.13446	0.69545
V57	0.0757	0.7844	0.04318	0.09671
V58	0.48883	0.0769	0.11193	0.32234
V59	0.32844	0.41869	0.13432	0.11854
V60	0.12234	0.21507	0.29688	0.36572
V61	0.62085	0.15665	0.07932	0.14319
V62	0.69812	0.08474	0.1371	0.08004
V63	0.01591	0.75799	0.12059	0.10551
V64	0.00453	0.77479	0.02408	0.1966
V65	0.03332	0.11068	0.14284	0.71317
V66	0.16589	0.64305	0.05094	0.14012
V67	0.14118	0.34369	0.42756	0.08756
V68	0.12996	0.21529	0.08618	0.56857
V69	0.04344	0.33269	0.50105	0.12282
V70	0.41619	0.20178	0.20598	0.17605
V71	0.14953	0.14582	0.33866	0.36599
V72	0.43666	0.20986	0.14057	0.21291
V73	0.12474	0.57621	0.14459	0.15445
V74	0.07366	0.25451	0.59863	0.0732
V75	0.55905	0.06054	0.22886	0.15155
V76	0.01652	0.24029	0.19455	0.54864
V77	0.04087	0.3314	0.06493	0.5628
V78	0.24005	0.18319	0.20676	0.37
V79	0.03362	0.15335	0.65844	0.15459
V80	0.2967	0.07896	0.47626	0.14808
V81	0.07699	0.20153	0.64165	0.07984
V82	0.03441	0.11555	0.76851	0.08152
V83	0.11543	0.24178	0.1204	0.52239
V84	0.3052	0.12032	0.19746	0.37702
V85	0.10277	0.34174	0.34192	0.21358
V86	0.07356	0.10462	0.70806	0.11377
V87	0.02729	0.75459	0.07301	0.1451
V88	0.14752	0.14074	0.26402	0.44771
V89	0.03837	0.11259	0.21869	0.63035
V90	0.02141	0.80873	0.07068	0.09918
V91	0.03262	0.68222	0.17305	0.11211
V92	0.36865	0.08572	0.36142	0.18421
V93	0.6964	0.07042	0.07753	0.15566
V94	0.0212	0.45556	0.06404	0.45919
V95	0.20004	0.43479	0.16773	0.19743
V96	0.07147	0.18181	0.09144	0.65528
V97	0.54339	0.15229	0.23169	0.07263
V98	0.53706	0.32372	0.05742	0.0818
V99	0.63805	0.09365	0.19545	0.07285
V100	0.09831	0.08724	0.71774	0.09671
V101	0.03415	0.12801	0.08326	0.75457
V102	0.73754	0.09904	0.08262	0.0808
V103	0.03167	0.13912	0.13903	0.69018
V104	0.01964	0.86212	0.02684	0.0914
V105	0.0421	0.83233	0.03516	0.0904
V106	0.10611	0.49794	0.28089	0.11505
V107	0.16866	0.24056	0.47104	0.11974
V108	0.12103	0.69483	0.10514	0.079
V109	0.03613	0.21714	0.48582	0.26091
V110	0.04342	0.79353	0.05721	0.10584
V111	0.73649	0.05048	0.14018	0.07285
V112	0.12689	0.13885	0.37533	0.35894
V113	0.15853	0.18111	0.19944	0.46091
V114	0.1978	0.1326	0.13463	0.53497
V115	0.00991	0.6991	0.20261	0.08838
V116	0.12763	0.3398	0.31987	0.2127
V117	0.51866	0.28596	0.08755	0.10783
V118	0.12964	0.55193	0.06795	0.25049
V119	0.10383	0.16456	0.10962	0.62198
V120	0.0965	0.12251	0.69256	0.08843
V121	0.45272	0.18575	0.14173	0.21979
V122	0.77025	0.05785	0.09193	0.07997
V123	0.01216	0.50656	0.08011	0.40117
V124	0.5055	0.31827	0.05431	0.12192
V125	0.29955	0.42073	0.18582	0.0939
V126	0.04663	0.22297	0.10525	0.62515
V127	0.14742	0.13058	0.25932	0.46268
V128	0.04463	0.11446	0.15633	0.68458
V129	0.44536	0.26664	0.18714	0.10087
V130	0.01322	0.61852	0.28119	0.08707
V131	0.01729	0.8069	0.02218	0.15363
V132	0.74771	0.05815	0.1056	0.08853
V133	0.72737	0.06638	0.12636	0.0799
V134	0.09525	0.40734	0.14764	0.34976
V135	0.0842	0.11543	0.20447	0.59589
V136	0.18671	0.41536	0.06003	0.33791
V137	0.51333	0.09353	0.26371	0.12942
V138	0.16898	0.41436	0.1821	0.23456
V139	0.27149	0.25705	0.20864	0.26281
V140	0.04261	0.17778	0.10934	0.67027
V141	0.07544	0.21535	0.44873	0.26049
V142	0.64152	0.05439	0.23977	0.06432
V143	0.32143	0.30236	0.11569	0.26052
V144	0.14243	0.22283	0.18916	0.44557
V145	0.00437	0.70596	0.20122	0.08844
V146	0.06006	0.11828	0.09962	0.72204
V147	0.72319	0.07575	0.09656	0.1045
V148	0.1292	0.14249	0.4854	0.24291
V149	0.21078	0.5001	0.2077	0.08142
V150	0.09214	0.27972	0.48237	0.14576
V151	0.1599	0.5909	0.06519	0.18401
V152	0.18602	0.44512	0.20797	0.16089
V153	0.08402	0.6877	0.04814	0.18014
V154	0.19617	0.45186	0.24664	0.10533
V155	0.36964	0.19576	0.27928	0.15533
V156	0.05588	0.19759	0.56315	0.18338
V157	0.24487	0.21541	0.29253	0.24719
V158	0.03467	0.11487	0.09341	0.75705
V159	0.69793	0.11677	0.07331	0.112
V160	0.53185	0.0741	0.13256	0.26149
V161	0.17341	0.1052	0.10307	0.61832
V162	0.06218	0.34189	0.11925	0.47668
V163	0.0854	0.48428	0.17092	0.2594
V164	0.25791	0.34073	0.13878	0.26258
V165	0.02272	0.31673	0.05908	0.60147
V166	0.02852	0.18559	0.12057	0.66532
V167	0.2709	0.08937	0.08423	0.5555
V168	0.21965	0.54679	0.10481	0.12875
V169	0.15635	0.14429	0.10573	0.59363
V170	0.11249	0.10163	0.44931	0.33658
V171	0.12674	0.27693	0.48345	0.11288
V172	0.58044	0.05568	0.2906	0.07328
V173	0.04045	0.22292	0.10027	0.63635
V174	0.03179	0.24035	0.12139	0.60647
V175	0.08572	0.08053	0.65061	0.18313
V176	0.00881	0.74472	0.15667	0.0898
V177	0.00292	0.87471	0.02092	0.10145
V178	0.00453	0.70624	0.03442	0.25481
V179	0.15176	0.09441	0.3493	0.40453
V180	0.02136	0.81034	0.08465	0.08366
V181	0.15229	0.19139	0.45151	0.20482
V182	0.2492	0.22811	0.39723	0.12547
V183	0.14018	0.73935	0.03365	0.08683
V184	0.79753	0.05006	0.08758	0.06483
V185	0.44048	0.42183	0.06034	0.07734
V186	0.10466	0.47434	0.23633	0.18468
V187	0.76375	0.05756	0.1063	0.07239
V188	0.05931	0.29163	0.06064	0.58842
V189	0.63036	0.08433	0.09178	0.19353
V190	0.53411	0.06738	0.32493	0.07358
V191	0.16839	0.24829	0.47151	0.11182
V192	0.22915	0.46662	0.086	0.21823
V193	0.47265	0.09695	0.25567	0.17473
V194	0.02621	0.83813	0.02846	0.1072
V195	0.04267	0.08961	0.78675	0.08097
V196	0.03163	0.16403	0.08398	0.72036
V197	0.31381	0.13069	0.09738	0.45812
V198	0.06548	0.49248	0.3096	0.13244
V199	0.14558	0.11768	0.2043	0.53244
V200	0.10302	0.54377	0.05601	0.2972
V201	0.08486	0.53362	0.18025	0.20127
V202	0.04443	0.09232	0.64	0.22325
V203	0.14355	0.42973	0.3291	0.09763
V204	0.01048	0.52731	0.04855	0.41367
V205	0.04905	0.11492	0.74576	0.09027
V206	0.07214	0.14961	0.69855	0.0797
V207	0.11469	0.25702	0.10647	0.52182
V208	0.22657	0.12401	0.56374	0.08568
V209	0.22871	0.46498	0.10274	0.20358
V210	0.07009	0.69915	0.10392	0.12684
V211	0.32302	0.09868	0.10498	0.47331
V212	0.41428	0.09688	0.39809	0.09075
V213	0.48803	0.09798	0.16479	0.2492
V214	0.25463	0.2231	0.18975	0.33251
V215	0.22437	0.17899	0.08601	0.51063
V216	0.04776	0.11385	0.09329	0.7451
V217	0.04525	0.48802	0.21288	0.25385
V218	0.08579	0.45002	0.17294	0.29125
V219	0.08595	0.60082	0.04701	0.26622
V220	0.00494	0.75344	0.03102	0.21059
V221	0.62912	0.06777	0.08143	0.22169
V222	0.25537	0.19654	0.33096	0.21712
V223	0.03188	0.19728	0.62391	0.14694
V224	0.78587	0.05021	0.099	0.06493
V225	0.04405	0.79429	0.07234	0.08933
V226	0.26492	0.13982	0.51007	0.0852
V227	0.63239	0.05533	0.23149	0.08079
V228	0.59567	0.12424	0.12899	0.1511
V229	0.05025	0.08956	0.76175	0.09844
V230	0.03391	0.12801	0.09246	0.74562
V231	0.02712	0.32715	0.14135	0.50438
V232	0.03595	0.61711	0.03424	0.3127
V233	0.43503	0.15185	0.22238	0.19074
V234	0.02776	0.82359	0.04888	0.09976
V235	0.3117	0.11982	0.46674	0.10175
V236	0.06947	0.13379	0.651	0.14574
V237	0.13506	0.10733	0.10598	0.65164
V238	0.11315	0.53104	0.23261	0.1232
V239	0.05945	0.42292	0.06607	0.45156
V240	0.39605	0.09712	0.39129	0.11554
V241	0.0483	0.08228	0.73147	0.13795
V242	0.10574	0.69576	0.1052	0.09331
V243	0.21657	0.10704	0.53449	0.1419
V244	0.19495	0.0737	0.58082	0.15053
V245	0.45314	0.32301	0.10087	0.12298
V246	0.07543	0.20155	0.62459	0.09842
V247	0.16703	0.08228	0.68167	0.06902
V248	0.03953	0.13364	0.10953	0.71729
V249	0.03187	0.10764	0.72194	0.13854
V250	0.61836	0.05515	0.25311	0.07337
V251	0.75364	0.09021	0.08412	0.07204
V252	0.00847	0.76585	0.14276	0.08292
V253	0.28028	0.14889	0.19418	0.37665
V254	0.00392	0.84061	0.06364	0.09182
V255	0.03282	0.82346	0.02161	0.1221
V256	0.15841	0.25786	0.4321	0.15164
V257	0.32498	0.16914	0.24415	0.26173
V258	0.15475	0.30335	0.35996	0.18195
V259	0.05187	0.32298	0.50971	0.11543
V260	0.02311	0.317	0.57814	0.08174
V261	0.47769	0.09771	0.22725	0.19734
V262	0.08959	0.15042	0.08832	0.67168
V263	0.01119	0.85954	0.02167	0.1076
V264	0.15173	0.11761	0.37898	0.35168
V265	0.04659	0.10699	0.17385	0.67256
V266	0.50535	0.36733	0.05894	0.06838
V267	0.01626	0.2483	0.26308	0.47235
V268	0.29544	0.10623	0.18561	0.41273
V269	0.01476	0.53693	0.32117	0.12714
V270	0.50509	0.08745	0.26336	0.1441
V271	0.61748	0.12302	0.10124	0.15825
V272	0.04049	0.74629	0.03829	0.17492
V273	0.06011	0.12458	0.10582	0.70949
V274	0.5504	0.06134	0.22247	0.1658
V275	0.03588	0.08938	0.79373	0.08101
V276	0.37476	0.36282	0.06328	0.19913
V277	0.04263	0.27143	0.17932	0.50662
V278	0.05087	0.14744	0.2787	0.52299
V279	0.52874	0.11877	0.16338	0.18911
V280	0.03467	0.11487	0.09341	0.75705
V281	0.41512	0.10263	0.18598	0.29626
V282	0.07789	0.13377	0.65956	0.12878
V283	0.16103	0.54997	0.09023	0.19877
V284	0.02187	0.81719	0.07029	0.09065
V285	0.09308	0.07827	0.75768	0.07097
V286	0.18732	0.5253	0.12611	0.16127
V287	0.07484	0.78369	0.03676	0.10471
V288	0.02886	0.32159	0.35725	0.29231
V289	0.23114	0.26315	0.36266	0.14304
V290	0.65389	0.20236	0.07801	0.06573
V291	0.39562	0.12522	0.39615	0.083
V292	0.74269	0.05926	0.0799	0.11815
V293	0.26	0.07872	0.55172	0.10955
V294	0.0743	0.394	0.05368	0.47802
V295	0.02987	0.24816	0.20084	0.52113
V296	0.16305	0.18091	0.5056	0.15045
V297	0.07703	0.10685	0.12829	0.68784
V298	0.25574	0.15704	0.5015	0.08572
V299	0.06406	0.32346	0.07031	0.54217
V300	0.02376	0.12767	0.23822	0.61035
V301	0.12264	0.17481	0.52837	0.17419
V302	0.50478	0.35874	0.05376	0.08273
V303	0.00856	0.56835	0.31182	0.11127
V304	0.07614	0.09933	0.60966	0.21487
V305	0.11614	0.22222	0.38736	0.27428
V306	0.62491	0.14724	0.11488	0.11298
V307	0.01112	0.85327	0.03501	0.1006
V308	0.18526	0.2778	0.27203	0.2649
V309	0.24433	0.34806	0.07683	0.33078
V310	0.07169	0.35208	0.16555	0.41068
V311	0.39675	0.47466	0.04991	0.07868
V312	0.0796	0.67772	0.13978	0.10289
V313	0.02438	0.19374	0.08575	0.69613
V314	0.01956	0.47732	0.12947	0.37364
V315	0.09549	0.58683	0.06563	0.25205
V316	0.2474	0.19686	0.34587	0.20987
V317	0.06885	0.64522	0.06943	0.2165
V318	0.03142	0.53729	0.05238	0.37891
V319	0.07949	0.12311	0.6907	0.1067
V320	0.08811	0.20355	0.52599	0.18235
V321	0.49703	0.37623	0.05803	0.06872
V322	0.15096	0.35409	0.11073	0.38422
V323	0.06079	0.12259	0.14045	0.67617
V324	0.50645	0.28736	0.11614	0.09005
V325	0.23398	0.59998	0.08265	0.08339
V326	0.00416	0.54128	0.11134	0.34322
V327	0.03261	0.22234	0.14425	0.6008
V328	0.06808	0.09979	0.60956	0.22257
V329	0.14357	0.19083	0.19029	0.47531
V330	0.30621	0.08408	0.32463	0.28508
V331	0.25668	0.16661	0.10717	0.46955
V332	0.02944	0.14538	0.2023	0.62287
V333	0.331	0.13911	0.35878	0.17111
V334	0.28121	0.08638	0.33773	0.29469
V335	0.03859	0.36111	0.41571	0.18459
V336	0.13462	0.64478	0.05099	0.16961
V337	0.22276	0.40858	0.26409	0.10456
V338	0	0.88157	0.02692	0.09151
V339	0.13364	0.07631	0.7117	0.07835
V340	0.06625	0.2754	0.4293	0.22905
V341	0.03898	0.13329	0.12066	0.70707
V342	0.21682	0.07494	0.52125	0.18699
V343	0.77626	0.06522	0.08679	0.07174
V344	0.53218	0.19389	0.20722	0.0667
V345	0.04296	0.08914	0.79511	0.07279
V346	0.18634	0.18578	0.26989	0.35799
V347	0.05253	0.11257	0.16838	0.66652
V348	0.04658	0.60782	0.14326	0.20234
V349	0.2713	0.22044	0.34404	0.16422
V350	0.02395	0.7365	0.1573	0.08225
V351	0.03752	0.12016	0.35319	0.48913
V352	0.0727	0.08984	0.69141	0.14605
V353	0.68566	0.07817	0.10881	0.12736
V354	0.04319	0.63997	0.19841	0.11843
V355	0.22714	0.1455	0.40254	0.22482
V356	0.04472	0.12391	0.14641	0.68497
V357	0.09997	0.35961	0.25087	0.28955
V358	0.39781	0.17252	0.11144	0.31823
V359	0.42206	0.12939	0.10148	0.34707
V360	0.41653	0.43282	0.0663	0.08435
V361	0.01375	0.4529	0.45001	0.08334
V362	0	0.87536	0.03312	0.09152
V363	0.15113	0.18448	0.39891	0.26549
V364	0.15075	0.13002	0.5609	0.15834
V365	0.2025	0.11802	0.08801	0.59147
V366	0.06112	0.62985	0.09989	0.20914
V367	0.41913	0.20259	0.06963	0.30865
V368	0.06872	0.66868	0.09805	0.16455
V369	0.03149	0.40952	0.47593	0.08306
V370	0.23739	0.30567	0.35282	0.10412
V371	0.14279	0.6624	0.05491	0.1399
V372	0.1358	0.14644	0.16008	0.55768
V373	0.08332	0.20834	0.3949	0.31344
V374	0.62716	0.06251	0.24571	0.06461
V375	0.05093	0.13682	0.17776	0.63448
V376	0.04412	0.13124	0.14587	0.67877
V377	0.60541	0.06111	0.08924	0.24424
V378	0.03092	0.12007	0.3603	0.48872
V379	0.24525	0.25624	0.07319	0.42531
V380	0.12958	0.15991	0.2134	0.49711
V381	0.55817	0.07823	0.15327	0.21033
V382	0.09887	0.09413	0.72739	0.07961
V383	0.64193	0.06453	0.12242	0.17112
V384	0.41336	0.1469	0.17471	0.26503
V385	0.66769	0.06882	0.1447	0.11879
V386	0.23166	0.10381	0.18471	0.47981
V387	0.4412	0.19967	0.21301	0.14612
V388	0.2744	0.35616	0.16687	0.20257
V389	0.3037	0.50664	0.05345	0.13621
V390	0.24095	0.2879	0.39477	0.07638
V391	0.30275	0.17959	0.08599	0.43166
V392	0.31037	0.26998	0.18847	0.23117
V393	0.22019	0.27415	0.30952	0.19614
V394	0.08334	0.28482	0.14272	0.48912
V395	0.17008	0.40559	0.19737	0.22695
V396	0.00309	0.8622	0.02664	0.10806
V397	0.59777	0.14121	0.15454	0.10649
V398	0.32445	0.2024	0.14243	0.33072
V399	0.14874	0.52759	0.15462	0.16904
V400	0.0038	0.55642	0.08937	0.35041
V401	0.05595	0.21257	0.58521	0.14628
V402	0.62471	0.21334	0.09612	0.06583
V403	0.03924	0.12647	0.12655	0.70774
V404	0.0937	0.24484	0.50043	0.16104
V405	0.17599	0.12265	0.19756	0.5038
V406	0.47582	0.28778	0.07587	0.16053
V407	0	0.88157	0.02692	0.09151
V408	0.08833	0.29235	0.33742	0.2819
V409	0.0279	0.12212	0.093	0.75697
V410	0.06836	0.77731	0.04937	0.10496
V411	0.32624	0.09037	0.07815	0.50525
V412	0.14483	0.1513	0.42363	0.28024
V413	0.05137	0.4783	0.17767	0.29266
V414	0.03878	0.49421	0.28086	0.18615
V415	0.33438	0.10716	0.25024	0.30823
V416	0.04092	0.13421	0.75218	0.07269
V417	0.28623	0.58869	0.04274	0.08235
V418	0.07334	0.18834	0.17219	0.56613
V419	0.03414	0.11389	0.10133	0.75063
V420	0	0.79758	0.03492	0.1675
V421	0.15165	0.11083	0.56389	0.17363
V422	0.05182	0.15466	0.08424	0.70928
V423	0.09831	0.08724	0.71774	0.09671
V424	0.02454	0.13156	0.51383	0.33006
V425	0.06645	0.2819	0.48224	0.16941
V426	0.1037	0.11186	0.64781	0.13663
V427	0.06158	0.41247	0.18841	0.33755
V428	0.06744	0.69854	0.07611	0.15791
V429	0.03422	0.11402	0.10589	0.74587
V430	0.56545	0.21545	0.08211	0.13699
V431	0.16151	0.10671	0.39667	0.33511
V432	0.09553	0.18068	0.10807	0.61572
V433	0.04209	0.67305	0.03122	0.25364
V434	0.2496	0.16013	0.11308	0.4772
V435	0.37871	0.09128	0.17255	0.35746
V436	0.28611	0.09966	0.16539	0.44884
V437	0.17414	0.28442	0.06532	0.47611
V438	0.44844	0.21791	0.09309	0.24057
V439	0.04326	0.18455	0.08096	0.69123
V440	0.35488	0.11846	0.10415	0.42251
V441	0.07733	0.19796	0.48821	0.23651
V442	0.23492	0.36819	0.15669	0.2402
V443	0.56619	0.06874	0.15495	0.21012
V444	0.04296	0.08914	0.79511	0.07279
V445	0.48567	0.07707	0.33879	0.09846
V446	0.02719	0.74629	0.07392	0.1526
V447	0.47464	0.15768	0.20685	0.16083
V448	0.03615	0.16018	0.20713	0.59654
V449	0.43234	0.10461	0.30133	0.16172
V450	0.10917	0.77229	0.03737	0.08117
V451	0.73635	0.09978	0.07473	0.08913
V452	0.04588	0.11916	0.12688	0.70807
V453	0.61963	0.13176	0.12896	0.11965
V454	0	0.83707	0.06277	0.10015
V455	0.46681	0.09482	0.30835	0.13002
V456	0.25596	0.18806	0.34633	0.20966
V457	0.02779	0.1281	0.08804	0.75606
V458	0.19665	0.28341	0.06503	0.45491
V459	0.01333	0.71752	0.10244	0.16672
V460	0.75659	0.0579	0.10576	0.07976
V461	0.06001	0.13275	0.08638	0.72086
V462	0.25066	0.296	0.05899	0.39435
V463	0.19161	0.46829	0.16488	0.17522
V464	0.36934	0.17461	0.07211	0.38394
V465	0.29118	0.43547	0.0712	0.20215
V466	0.42714	0.24331	0.06596	0.26359
V467	0.23587	0.54513	0.10538	0.11361
V468	0.36798	0.41285	0.09386	0.12531
V469	0.03052	0.24729	0.26403	0.45816
V470	0.40706	0.1874	0.20667	0.19887
V471	0.2013	0.18808	0.0988	0.51182
V472	0.23393	0.36194	0.05323	0.35089
V473	0.08868	0.52325	0.28729	0.10079
V474	0.10655	0.10233	0.15354	0.63759
V475	0.14162	0.41219	0.11304	0.33315
V476	0.13514	0.11588	0.1206	0.62837
V477	0.45418	0.10593	0.23496	0.20493
V478	0.10178	0.55796	0.0435	0.29675
V479	0.04433	0.15238	0.64942	0.15386
V480	0.07071	0.34931	0.09128	0.4887
V481	0.14908	0.08345	0.68068	0.08679
V482	0.52592	0.21117	0.15572	0.10719
V483	0.11013	0.19432	0.12437	0.57118
V484	0.03755	0.16357	0.09457	0.70431
V485	0.09315	0.67216	0.04084	0.19386
V486	0.20293	0.31045	0.15273	0.33389
V487	0.07573	0.14237	0.13694	0.64496
V488	0.03116	0.08319	0.71662	0.16903
V489	0.19254	0.15946	0.56157	0.08642
V490	0.24672	0.34853	0.11059	0.29416
V491	0.32516	0.46501	0.07454	0.13529
V492	0.02242	0.758	0.12914	0.09044
V493	0.03486	0.11493	0.08466	0.76555
V494	0.16764	0.21669	0.43487	0.18079
V495	0.17157	0.58284	0.14542	0.10016
V496	0.2055	0.63985	0.03195	0.1227
V497	0.04301	0.081	0.79511	0.08088
V498	0.23308	0.18517	0.11109	0.47065
V499	0.46821	0.29911	0.15677	0.07591
V500	0.10726	0.18434	0.59522	0.11318
V501	0.02778	0.11432	0.10611	0.75179
V502	0.4107	0.31123	0.1771	0.10097
V503	0.15941	0.18101	0.21289	0.44669
V504	0.17304	0.64181	0.04517	0.13998
V505	0.15879	0.27236	0.24071	0.32814
V506	0.089	0.29986	0.37498	0.23617
V507	0.45489	0.16812	0.16539	0.21161
V508	0.56895	0.21595	0.1014	0.1137
V509	0.19493	0.1389	0.43286	0.23331
V510	0.17827	0.50393	0.23573	0.08207
V511	0.04258	0.43355	0.08512	0.43875
V512	0.18824	0.14135	0.13479	0.53562
V513	0.06631	0.59933	0.19194	0.14242
V514	0.03237	0.15662	0.0798	0.73121
V515	0.57817	0.12578	0.11642	0.17963
V516	0.72259	0.13387	0.07185	0.07169
V517	0.05209	0.12308	0.25302	0.57181
V518	0.76765	0.08192	0.07872	0.07171
V519	0.01908	0.77598	0.02945	0.17549
V520	0.04949	0.08748	0.51757	0.34546
V521	0.44367	0.10206	0.35389	0.10038
V522	0.02717	0.20254	0.47047	0.29982
V523	0.26785	0.19847	0.25564	0.27804
V524	0.00821	0.70635	0.17262	0.11282
V525	0.19085	0.26916	0.08296	0.45703
V526	0.47609	0.15075	0.13279	0.24037
V527	0.17664	0.10751	0.35702	0.35882
V528	0.07456	0.77381	0.02367	0.12796
V529	0.06746	0.15652	0.2275	0.54852
V530	0.02776	0.25716	0.54499	0.17009
V531	0.01539	0.78937	0.11231	0.08293
V532	0.13384	0.36205	0.07577	0.42834
V533	0.21048	0.37773	0.15566	0.25612
V534	0.03462	0.09396	0.58699	0.28443
V535	0.41049	0.07597	0.08726	0.42628
V536	0.16813	0.08696	0.34107	0.40385
V537	0.44611	0.29208	0.17995	0.08186
V538	0.33519	0.13691	0.1403	0.38759
V539	0.20004	0.43479	0.16773	0.19743
V540	0.15223	0.63803	0.09351	0.11623
V541	0.019	0.49942	0.09461	0.38696
V542	0.16037	0.20527	0.24625	0.38811
V543	0.68417	0.06324	0.08868	0.16391
V544	0.09788	0.17832	0.19162	0.53218
V545	0.26651	0.21505	0.12116	0.39728
V546	0.0356	0.79569	0.07856	0.09014
V547	0.03763	0.59961	0.26877	0.09399
V548	0.12074	0.69562	0.0971	0.08654
V549	0.27636	0.09431	0.54469	0.08464
V550	0.43294	0.10516	0.07401	0.3879
V551	0.13581	0.67108	0.06019	0.13292
V552	0.00407	0.51933	0.04863	0.42797
V553	0.1966	0.20378	0.50459	0.09502
V554	0.05799	0.17637	0.09283	0.67281
V555	0.0854	0.28444	0.29229	0.33786
V556	0.03371	0.09817	0.76112	0.107
V557	0.62241	0.09161	0.08543	0.20055
V558	0.05139	0.70775	0.05248	0.18839
V559	0.00925	0.73714	0.17095	0.08266
V560	0.52894	0.33967	0.05622	0.07517
V561	0.03588	0.08938	0.79373	0.08101
V562	0.59993	0.06513	0.17684	0.15809
V563	0.22279	0.07222	0.62844	0.07655
V564	0.0795	0.14153	0.68943	0.08954
V565	0.11208	0.307	0.32171	0.25921
V566	0.51671	0.16403	0.07266	0.2466
V567	0.16261	0.45076	0.06888	0.31775
V568	0.18914	0.10361	0.11964	0.58761
V569	0.50736	0.09827	0.07385	0.32053
V570	0.04258	0.32364	0.49375	0.14002
V571	0.6255	0.17983	0.06678	0.1279
V572	0.35201	0.07615	0.40917	0.16267
V573	0.06116	0.2448	0.07219	0.62185
V574	0.03212	0.71261	0.15816	0.09711
V575	0.03443	0.17723	0.16036	0.62797
V576	0.11997	0.728	0.05775	0.09427
V577	0.05013	0.14282	0.22274	0.58431
V578	0.07222	0.1439	0.55396	0.22992
V579	0.0055	0.78833	0.09927	0.1069
V580	0.12924	0.10672	0.16013	0.60391
V581	0.06455	0.16836	0.07689	0.6902
V582	0.42353	0.21112	0.09388	0.27147
V583	0.03115	0.13278	0.48991	0.34616
V584	0.39412	0.20991	0.28708	0.10888
V585	0.03144	0.10317	0.39192	0.47347
V586	0.20933	0.08178	0.55137	0.15752
V587	0.23689	0.08001	0.58033	0.10277
V588	0.46302	0.11713	0.09732	0.32253
V589	0.04268	0.73109	0.08156	0.14467
V590	0.04112	0.69724	0.17343	0.08822
V591	0.02386	0.13736	0.21535	0.62343
V592	0.15853	0.09936	0.67302	0.06909
V593	0.44453	0.06917	0.22132	0.26497
V594	0.25846	0.32231	0.29947	0.11976
V595	0.03993	0.12746	0.09255	0.74006
V596	0.04065	0.32923	0.217	0.41313
V597	0.0069	0.55224	0.28366	0.1572
V598	0.04461	0.17814	0.68666	0.09058
V599	0.46969	0.34726	0.08269	0.10036
V600	0.25981	0.47089	0.08867	0.18064
V601	0.12845	0.32173	0.12058	0.42923
V602	0.04009	0.12701	0.08819	0.74471
V603	0.01654	0.39842	0.06379	0.52125
V604	0.39712	0.17728	0.3241	0.1015
V605	0.06873	0.36135	0.33314	0.23678
V606	0.54133	0.20907	0.07696	0.17263
V607	0.48827	0.08411	0.1648	0.26282
V608	0.18095	0.22637	0.33523	0.25745
V609	0.03591	0.29612	0.22541	0.44256
V610	0.58261	0.08431	0.15357	0.17951
V611	0.22012	0.10005	0.11969	0.56015
V612	0.05271	0.1597	0.64992	0.13767
V613	0.0491	0.35774	0.47721	0.11594
V614	0.56981	0.12595	0.11632	0.18791
V615	0.11129	0.14892	0.08151	0.65828
V616	0.06084	0.64586	0.06937	0.22393
V617	0.37478	0.21253	0.34634	0.06634
V618	0.54582	0.07549	0.07446	0.30423
V619	0.29638	0.10773	0.30998	0.2859
V620	0.01322	0.61852	0.28119	0.08707
V621	0.31337	0.22007	0.19715	0.26941
V622	0.27883	0.2697	0.34807	0.1034
V623	0.03472	0.1684	0.17469	0.62219
V624	0.61096	0.23875	0.06213	0.08816
V625	0.19759	0.48315	0.12184	0.19742
V626	0.76708	0.07359	0.07932	0.08
V627	0.02676	0.12755	0.12688	0.7188
V628	0.01651	0.28516	0.07697	0.62137
V629	0.10951	0.33278	0.25284	0.30488
V630	0.04917	0.35807	0.46968	0.12308
V631	0.03012	0.26257	0.14007	0.56724
V632	0.43941	0.07115	0.18718	0.30227
V633	0.02847	0.10782	0.67838	0.18534
V634	0.30925	0.30228	0.31126	0.0772
V635	0.02022	0.69013	0.03572	0.25393
V636	0.12225	0.17513	0.52088	0.18175
V637	0.22601	0.25894	0.13178	0.38327
V638	0.27146	0.30513	0.1152	0.30821
V639	0.21536	0.43259	0.27993	0.07213
V640	0.0573	0.21224	0.60788	0.12259
V641	0.6875	0.09377	0.10007	0.11867
V642	0.57873	0.22279	0.06164	0.13684
V643	0.02452	0.25432	0.37497	0.3462
V644	0.71652	0.125	0.07767	0.0808
V645	0.207	0.41708	0.27995	0.09597
V646	0.00362	0.87768	0.02645	0.09225
V647	0.14167	0.15556	0.57529	0.12748
V648	0.3044	0.43599	0.15546	0.10414
V649	0.05421	0.13449	0.68175	0.12954
V650	0.07569	0.15941	0.62732	0.13759
V651	0.27065	0.06977	0.58302	0.07656
V652	0.09216	0.17448	0.37335	0.36002
V653	0.09805	0.61072	0.11323	0.178
V654	0.52096	0.24534	0.11261	0.12109
V655	0.03125	0.54709	0.05665	0.36501
V656	0.15653	0.31869	0.0681	0.45668
V657	0.03795	0.1639	0.08368	0.71447
V658	0.43955	0.25905	0.11122	0.19018
V659	0.25623	0.16375	0.33227	0.24775
V660	0.01789	0.85314	0.02143	0.10754
V661	0.04961	0.43321	0.09284	0.42434
V662	0.32696	0.08586	0.42391	0.16327
V663	0.20459	0.1454	0.47743	0.17258
V664	0.18419	0.13523	0.56123	0.11935
V665	0.51146	0.23723	0.09853	0.15278
V666	0.43625	0.07228	0.15908	0.33239
V667	0.60511	0.12254	0.20672	0.06563
V668	0.09467	0.72933	0.09604	0.07997
V669	0.17862	0.42042	0.23316	0.16779
V670	0.05821	0.8126	0.02402	0.10516
V671	0.27191	0.32167	0.24844	0.15798
V672	0.04911	0.09717	0.74689	0.10683
V673	0.17966	0.38795	0.2206	0.21179
V674	0.53434	0.20193	0.08384	0.17988
V675	0.1185	0.3579	0.28094	0.24266
V676	0.03999	0.19954	0.14608	0.61439
V677	0.27871	0.41339	0.12775	0.18015
V678	0.38917	0.47643	0.05531	0.07909
V679	0.05998	0.34041	0.51017	0.08944
V680	0.23116	0.52347	0.14881	0.09655
V681	0.70123	0.11682	0.08452	0.09744
V682	0.10772	0.32867	0.44978	0.11383
V683	0.00349	0.87698	0.03418	0.08535
V684	0.52553	0.21259	0.14048	0.12141
V685	0.36547	0.36593	0.15033	0.11826
V686	0.08555	0.25288	0.17113	0.49044
V687	0.04021	0.12087	0.09298	0.74595
V688	0.2709	0.49909	0.04271	0.18729
V689	0.19699	0.09416	0.11538	0.59347
V690	0.37018	0.10814	0.39066	0.13101
V691	0.15927	0.07473	0.68857	0.07743
V692	0.0897	0.2021	0.57112	0.13707
V693	0.18984	0.18418	0.32956	0.29642
V694	0.0301	0.123	0.28135	0.56554
V695	0.1924	0.09947	0.19173	0.5164
V696	0.07235	0.17509	0.08537	0.66719
V697	0.03281	0.14878	0.0855	0.73291
V698	0.62984	0.06715	0.08827	0.21474
V699	0.41268	0.31918	0.11291	0.15524
V700	0.17927	0.12028	0.08274	0.61771
V701	0.09146	0.50787	0.12585	0.27482
V702	0.39348	0.15579	0.0813	0.36943
V703	0.1274	0.13722	0.41521	0.32017
V704	0.62447	0.10517	0.09879	0.17157
V705	0.76157	0.05169	0.0918	0.09493
V706	0.09326	0.12444	0.62954	0.15276
V707	0.04564	0.43332	0.40385	0.11719
V708	0.02706	0.77731	0.04231	0.15332
V709	0.12348	0.30433	0.42732	0.14487
V710	0.43925	0.25954	0.10368	0.19752
V711	0.06981	0.7149	0.1039	0.11139
V712	0.62167	0.11288	0.07878	0.18667
V713	0.3111	0.33654	0.08465	0.2677
V714	0.00773	0.61971	0.05095	0.32161
V715	0.23292	0.35761	0.27426	0.1352
V716	0.04541	0.14015	0.10851	0.70593
V717	0.05811	0.81981	0.02337	0.09871
V718	0.11876	0.53043	0.17375	0.17706
V719	0.04464	0.64569	0.06202	0.24766
V720	0.54587	0.05993	0.25791	0.13628
V721	0.11562	0.23001	0.39549	0.25888
V722	0.07603	0.37178	0.06507	0.48711
V723	0.09512	0.17298	0.07931	0.6526
V724	0.42804	0.10349	0.14359	0.32487
V725	0.0292	0.16014	0.70296	0.1077
V726	0.03672	0.40271	0.1416	0.41896
V727	0.20316	0.60324	0.10967	0.08393
V728	0.02214	0.78819	0.09937	0.0903
V729	0.3051	0.09743	0.19927	0.39819
V730	0.70257	0.08482	0.11615	0.09646
V731	0.03931	0.26234	0.337	0.36135
V732	0.27202	0.15415	0.3267	0.24713
V733	0.47126	0.24152	0.09052	0.1967
V734	0.19709	0.33342	0.39131	0.07819
V735	0.03919	0.11715	0.4143	0.42936
V736	0.11969	0.11139	0.08706	0.68186
V737	0.24715	0.32499	0.23199	0.19587
V738	0.0797	0.35834	0.36988	0.19208
V739	0.02546	0.09704	0.50741	0.37009
V740	0.65046	0.13701	0.13114	0.08139
V741	0.35372	0.17643	0.16382	0.30603
V742	0.30285	0.57203	0.05027	0.07485
V743	0.1329	0.19867	0.57159	0.09684
V744	0.40127	0.10633	0.32343	0.16897
V745	0.01615	0.63361	0.16858	0.18167
V746	0.79586	0.05041	0.08193	0.0718
V747	0.07585	0.08322	0.58838	0.25255
V748	0.12082	0.1765	0.4828	0.21989
V749	0.20848	0.24309	0.10666	0.44176
V750	0.29752	0.4591	0.06354	0.17984
V751	0.03504	0.77098	0.05738	0.1366
V752	0.33432	0.27856	0.16313	0.22399
V753	0.0345	0.12123	0.0835	0.76077
V754	0.00413	0.82914	0.0211	0.14562
V755	0.12904	0.2567	0.3014	0.31287
V756	0.04002	0.12009	0.11002	0.72987
V757	0.25023	0.55139	0.09299	0.10539
V758	0.03767	0.68545	0.12546	0.15142
V759	0.11859	0.14815	0.3515	0.38176
V760	0.22866	0.14168	0.27268	0.35699
V761	0.06049	0.5443	0.23901	0.1562
V762	0.00963	0.40617	0.06315	0.52105
V763	0.27625	0.37963	0.07581	0.26831
V764	0.00459	0.82181	0.02839	0.14522
V765	0.49159	0.15813	0.06685	0.28343
V766	0.02888	0.35533	0.36324	0.25255
V767	0.36008	0.19042	0.24908	0.20041
V768	0.04161	0.80934	0.04286	0.10619
V769	0.1112	0.74328	0.05115	0.09437
V770	0.00362	0.87768	0.02645	0.09225
V771	0.16572	0.08288	0.66507	0.08633
V772	0.13956	0.10967	0.67227	0.07851
V773	0.12504	0.74693	0.034	0.09403
V774	0.05022	0.08096	0.7621	0.10672
V775	0.10846	0.13463	0.27121	0.4857
V776	0.30864	0.42635	0.09236	0.17265
V777	0.14243	0.19889	0.16894	0.48974
V778	0.38894	0.31381	0.11332	0.18393
V779	0.15387	0.12394	0.42506	0.29713
V780	0.08957	0.69937	0.13139	0.07967
V781	0.05263	0.1327	0.09783	0.71683
V782	0.0327	0.18877	0.64015	0.13838
V783	0.59383	0.08483	0.11971	0.20164
V784	0.08316	0.79159	0.03628	0.08896
V785	0.02666	0.83075	0.03546	0.10713
V786	0.54021	0.21114	0.13443	0.11422
V787	0.00092	0.7594	0.14873	0.09096
V788	0.37601	0.33038	0.17652	0.11709
V789	0.0617	0.3903	0.07455	0.47345
V790	0.33418	0.1118	0.13666	0.41736
V791	0.11732	0.39159	0.2851	0.20599
V792	0.10348	0.51723	0.04668	0.3326
V793	0.09586	0.60307	0.06458	0.23649
V794	0.06842	0.15128	0.6346	0.1457
V795	0.09777	0.14131	0.11751	0.64341
V796	0.0548	0.15048	0.69663	0.09809
V797	0.60282	0.05677	0.25918	0.08122
V798	0.46558	0.32431	0.11997	0.09013
V799	0.10185	0.69564	0.05296	0.14956
V800	0.07845	0.11439	0.43817	0.36899
V801	0.12295	0.19897	0.29719	0.3809
V802	0.05017	0.1733	0.26085	0.51568
V803	0.17875	0.50367	0.24379	0.0738
V804	0.4118	0.08156	0.36859	0.13805
V805	0.04356	0.08062	0.80306	0.07277
V806	0.03469	0.80766	0.03635	0.1213
V807	0.19207	0.22668	0.09621	0.48504
V808	0.49401	0.30348	0.09459	0.10793
V809	0.06795	0.10394	0.75613	0.07199
V810	0.00337	0.88384	0.02062	0.09217
V811	0.31468	0.1535	0.22364	0.30817
V812	0.39653	0.3035	0.10126	0.1987
V813	0.44777	0.24272	0.20847	0.10104
V814	0.32472	0.51405	0.08125	0.07998
V815	0	0.82522	0.08353	0.09125
V816	0.75077	0.05021	0.13362	0.0654
V817	0.05588	0.14243	0.71128	0.09041
V818	0.026	0.14884	0.1033	0.72187
V819	0.63263	0.13856	0.11575	0.11306
V820	0.1095	0.18658	0.09015	0.61377
V821	0.17637	0.34406	0.33515	0.14441
V822	0.09059	0.09494	0.71741	0.09707
V823	0.04723	0.24735	0.5434	0.16202
V824	0.09041	0.38964	0.44656	0.07339
V825	0.17392	0.33044	0.23779	0.25785
V826	0.32263	0.41866	0.17333	0.08538
V827	0.27949	0.56522	0.04995	0.10534
V828	0.17094	0.23859	0.14617	0.4443
V829	0.04258	0.30123	0.09092	0.56527
V830	0.1669	0.28676	0.08215	0.46419
V831	0.57689	0.15162	0.09866	0.17283
V832	0.20128	0.41156	0.17556	0.21161
V833	0.11949	0.4902	0.1767	0.21362
V834	0.21936	0.1628	0.13254	0.4853
V835	0.26384	0.44718	0.13738	0.1516
V836	0.00716	0.62532	0.03979	0.32774
V837	0.16992	0.39793	0.18975	0.2424
V838	0.73359	0.09042	0.10339	0.0726
V839	0.22876	0.57007	0.11846	0.08271
V840	0.22153	0.66332	0.03833	0.07682
V841	0.03061	0.11705	0.72226	0.13008
V842	0.26743	0.2317	0.25384	0.24703
V843	0.0465	0.09754	0.70863	0.14733
V844	0.10754	0.17485	0.33602	0.3816
V845	0.08216	0.17756	0.60287	0.13741
V846	0.02797	0.09444	0.6241	0.25349
V847	0.02875	0.11549	0.08908	0.76668
V848	0.07548	0.49404	0.17051	0.25997
V849	0	0.85174	0.02644	0.12182
V850	0.77684	0.05112	0.09235	0.07969
V851	0.25631	0.51386	0.15694	0.07288
V852	0.09824	0.14733	0.16935	0.58508
V853	0.19637	0.27503	0.34761	0.18098
V854	0.43591	0.22758	0.1455	0.191
V855	0.02875	0.11549	0.08908	0.76668
V856	0.04862	0.37951	0.3034	0.26847
V857	0.49663	0.23065	0.09153	0.18119
V858	0.44789	0.0692	0.40897	0.07394
V859	0.4841	0.27905	0.07672	0.16013
V860	0.14709	0.19876	0.11189	0.54226
V861	0.09024	0.37349	0.44753	0.08874
V862	0.13417	0.15606	0.58948	0.12028
V863	0.15671	0.15248	0.0744	0.61641
V864	0.06742	0.13743	0.11352	0.68163
V865	0.10965	0.10277	0.26663	0.52095
V866	0.57207	0.07406	0.27231	0.08156
V867	0.57251	0.08258	0.27189	0.07302
V868	0.3756	0.31544	0.15967	0.14928
V869	0.01114	0.8707	0.02659	0.09158
V870	0.08682	0.37106	0.07	0.47212
V871	0	0.85174	0.02644	0.12182
V872	0.03145	0.11797	0.25177	0.59881
V873	0.68733	0.08494	0.12312	0.10461
V874	0.15051	0.71815	0.05235	0.079
V875	0.02947	0.26412	0.20651	0.4999
V876	0.13704	0.355	0.34791	0.16004
V877	0.04762	0.4139	0.2618	0.27668
V878	0.1038	0.73487	0.0812	0.08012
V879	0.14387	0.63064	0.07051	0.15498
V880	0.22339	0.52663	0.04617	0.20381
V881	0.14013	0.1224	0.50224	0.23523
V882	0.61723	0.05627	0.18351	0.14299
V883	0.23535	0.24411	0.45028	0.07026
V884	0.02841	0.32411	0.05845	0.58902
V885	0.54841	0.25231	0.1317	0.06757
V886	0.02749	0.38708	0.38453	0.2009
V887	0.47366	0.13394	0.1952	0.19719
V888	0.10972	0.12194	0.60841	0.15993
V889	0.71762	0.09985	0.09428	0.08825
V890	0.05341	0.21512	0.50242	0.22905
V891	0.4821	0.11023	0.29359	0.11407
V892	0.20566	0.25014	0.07441	0.46979
V893	0.42957	0.26005	0.18021	0.13016
V894	0.07333	0.34029	0.47124	0.11514
V895	0.44367	0.13486	0.22334	0.19813
V896	0.02621	0.83813	0.02846	0.1072
V897	0.51396	0.29192	0.06457	0.12955
V898	0.34397	0.08216	0.08245	0.49142
V899	0.03595	0.26359	0.16547	0.53499
V900	0.07766	0.33547	0.3125	0.27438
V901	0.02621	0.74572	0.03166	0.1964
V902	0.03522	0.80917	0.06547	0.09014
V903	0.0191	0.42756	0.42847	0.12487
V904	0.01094	0.87687	0.02092	0.09127
V905	0.13154	0.09647	0.20524	0.56675
V906	0.29279	0.1732	0.1506	0.38341
V907	0.31309	0.499	0.06119	0.12672
V908	0.03184	0.14853	0.12423	0.69539
V909	0.0997	0.7244	0.02624	0.14965
V910	0.13754	0.09831	0.16659	0.59756
V911	0.37559	0.40397	0.07908	0.14136
V912	0.28273	0.35649	0.15107	0.20971
V913	0.09879	0.10605	0.0886	0.70656
V914	0.14702	0.47947	0.25948	0.11404
V915	0.17254	0.09827	0.08587	0.64332
V916	0.21603	0.12598	0.53971	0.11828
V917	0.54026	0.09319	0.2065	0.16005
V918	0.04306	0.58497	0.2074	0.16457
V919	0.15982	0.28847	0.27138	0.28034
V920	0.45033	0.25112	0.13723	0.16132
V921	0.03926	0.23931	0.09105	0.63039
V922	0.09069	0.45771	0.32745	0.12415
V923	0.07594	0.12278	0.10956	0.69172
V924	0.03634	0.61575	0.23664	0.11127
V925	0.14122	0.13206	0.08804	0.63867
V926	0.15829	0.12292	0.10116	0.61762
V927	0.03878	0.14002	0.11399	0.70722
V928	0.03284	0.79245	0.03023	0.14448
V929	0.04742	0.59238	0.13621	0.22399
V930	0.36718	0.38873	0.08066	0.16343
V931	0.12336	0.31255	0.41898	0.14511
V932	0.05429	0.18974	0.49536	0.26061
V933	0.44882	0.40563	0.06214	0.08341
V934	0.02369	0.23054	0.25823	0.48754
V935	0.41709	0.21918	0.22461	0.13912
V936	0.37787	0.31335	0.07449	0.23429
V937	0.39372	0.19752	0.13565	0.27311
V938	0.28723	0.12536	0.3019	0.28551
V939	0.56563	0.0863	0.13774	0.21033
V940	0.02329	0.71106	0.14545	0.1202
V941	0.03637	0.08126	0.80122	0.08115
V942	0.55476	0.2348	0.12055	0.0899
V943	0.30667	0.19086	0.37785	0.12463
V944	0.02768	0.3187	0.10897	0.54465
V945	0.4065	0.37612	0.06239	0.155
V946	0.33872	0.30028	0.25082	0.11018
V947	0.08385	0.14689	0.23461	0.53466
V948	0.28321	0.09488	0.52911	0.0928
V949	0.01842	0.20052	0.21198	0.56908
V950	0.05127	0.51245	0.19822	0.23806
V951	0.65219	0.07051	0.20365	0.07365
V952	0.07254	0.21176	0.25148	0.46422
V953	0.04711	0.12566	0.72021	0.10703
V954	0.04322	0.25595	0.16575	0.53508
V955	0.09531	0.56101	0.06251	0.28117
V956	0.054	0.11444	0.43889	0.39267
V957	0.2466	0.10692	0.07754	0.56894
V958	0.03486	0.11493	0.08466	0.76555
V959	0.18831	0.29997	0.36786	0.14387
V960	0.17565	0.31911	0.12126	0.38398
V961	0.11629	0.39927	0.30087	0.18357
V962	0.27952	0.22787	0.35118	0.14144
V963	0.43811	0.22623	0.18913	0.14653
V964	0.64705	0.08717	0.1602	0.10558
V965	0.05122	0.48799	0.18422	0.27657
V966	0.76845	0.0656	0.08612	0.07983
V967	0.06953	0.12967	0.4463	0.3545
V968	0.02399	0.21392	0.62253	0.13956
V969	0.02004	0.33412	0.08813	0.55772
V970	0.04971	0.20361	0.36314	0.38354
V971	0.38091	0.15331	0.31908	0.1467
V972	0.36504	0.25797	0.10355	0.27344
V973	0.19826	0.42588	0.11254	0.26332
V974	0.00761	0.70315	0.13038	0.15885
V975	0.10163	0.32149	0.49619	0.08069
V976	0.31635	0.29646	0.14888	0.23831
V977	0.25011	0.37371	0.29829	0.07789
V978	0.0648	0.18332	0.12051	0.63137
V979	0.63125	0.07299	0.22214	0.07362
V980	0.79586	0.05041	0.08193	0.0718
V981	0.26805	0.10878	0.39078	0.23239
V982	0.31784	0.40937	0.11481	0.15798
V983	0.51698	0.13068	0.07666	0.27568
V984	0.01449	0.74982	0.11393	0.12177
V985	0.06695	0.26095	0.06901	0.60309
V986	0.23622	0.50442	0.08533	0.17403
V987	0.1804	0.68853	0.0294	0.10167
V988	0.16546	0.11391	0.08919	0.63145
V989	0.32801	0.46646	0.11108	0.09444
V990	0.026	0.12795	0.64509	0.20097
V991	0.48814	0.37704	0.05164	0.08318
V992	0.18008	0.08731	0.45211	0.2805
V993	0.05604	0.65613	0.16144	0.12639
V994	0.14258	0.71084	0.05285	0.09373
V995	0.54398	0.17005	0.09802	0.18795
V996	0.19965	0.20366	0.07837	0.51833
V997	0.04579	0.09144	0.67816	0.18461
V998	0.67498	0.06884	0.13746	0.11872
V999	0.09087	0.79594	0.0245	0.0887
V1000	0.23217	0.115	0.07699	0.57584
