CD19B	CD56NK	CD4MemoryT	CD14
V1	0.40728	0.06828	0.18772	0.33673
V2	0.15527	0.12544	0.11456	0.60473
V3	0.09165	0.46148	0.09895	0.34793
V4	0.63534	0.12753	0.07755	0.15958
V5	0.12858	0.37964	0.24699	0.24479
V6	0.09839	0.64036	0.11437	0.14688
V7	0.14765	0.29786	0.14001	0.41448
V8	0.15742	0.09006	0.5989	0.15362
V9	0.20481	0.21836	0.10746	0.46937
V10	0.08475	0.09666	0.65325	0.16533
V11	0.19438	0.31169	0.36163	0.1323
V12	0.07456	0.46015	0.3284	0.13689
V13	0.22059	0.53116	0.0987	0.14955
V14	0.09181	0.67059	0.10507	0.13253
V15	0.13089	0.45314	0.17086	0.24511
V16	0.66201	0.07617	0.09446	0.16736
V17	0.1048	0.6403	0.10813	0.14676
V18	0.42093	0.29678	0.1161	0.1662
V19	0.15133	0.60712	0.10168	0.13988
V20	0.15711	0.36038	0.10273	0.37978
V21	0.15572	0.1149	0.57624	0.15314
V22	0.08485	0.13337	0.20275	0.57902
V23	0.31609	0.09744	0.44974	0.13674
V24	0.69491	0.06304	0.09944	0.1426
V25	0.2671	0.22374	0.16563	0.34352
V26	0.29476	0.31922	0.09959	0.28644
V27	0.12812	0.10391	0.09417	0.67379
V28	0.07438	0.10494	0.6974	0.12328
V29	0.35184	0.08706	0.40334	0.15776
V30	0.12829	0.21325	0.24997	0.40848
V31	0.18687	0.20074	0.26339	0.349
V32	0.11775	0.08769	0.09959	0.69496
V33	0.08935	0.39823	0.3105	0.20191
V34	0.1563	0.10265	0.58738	0.15367
V35	0.15501	0.53934	0.15203	0.15362
V36	0.07944	0.10438	0.36306	0.45312
V37	0.39579	0.11066	0.14263	0.35092
V38	0.32549	0.06846	0.1865	0.41955
V39	0.15743	0.4344	0.17666	0.23151
V40	0.11264	0.61228	0.14924	0.12584
V41	0.05988	0.49674	0.12443	0.31895
V42	0.20518	0.09179	0.20576	0.49727
V43	0.14718	0.30147	0.39966	0.1517
V44	0.08314	0.13029	0.53486	0.25171
V45	0.11928	0.45282	0.2329	0.195
V46	0.59021	0.10065	0.16495	0.1442
V47	0.34609	0.19574	0.28528	0.17289
V48	0.59	0.16821	0.0849	0.15689
V49	0.53397	0.18209	0.07868	0.20527
V50	0.09318	0.61959	0.15578	0.13145
V51	0.25439	0.33794	0.25203	0.15565
V52	0.08827	0.15333	0.60853	0.14986
V53	0.5413	0.13863	0.1839	0.13618
V54	0.33141	0.19872	0.31931	0.15056
V55	0.19594	0.15689	0.22856	0.4186
V56	0.10149	0.08337	0.13126	0.68388
V57	0.11116	0.63502	0.11425	0.13957
V58	0.46217	0.06192	0.106	0.36991
V59	0.32692	0.3392	0.16184	0.17204
V60	0.14944	0.17643	0.27776	0.39638
V61	0.58268	0.12261	0.08794	0.20676
V62	0.64539	0.07295	0.1282	0.15346
V63	0.06231	0.61374	0.17917	0.14479
V64	0.05456	0.62187	0.0962	0.22737
V65	0.08424	0.07872	0.13742	0.69962
V66	0.18693	0.52061	0.11005	0.18241
V67	0.16138	0.2938	0.40721	0.13761
V68	0.15962	0.16009	0.09974	0.58054
V69	0.08222	0.28634	0.46795	0.16348
V70	0.40123	0.16723	0.20103	0.23051
V71	0.17107	0.12226	0.3086	0.39807
V72	0.41831	0.16832	0.14526	0.26811
V73	0.15116	0.4685	0.18454	0.1958
V74	0.10457	0.22445	0.54797	0.12301
V75	0.52387	0.05785	0.20696	0.21132
V76	0.07014	0.18378	0.19295	0.55312
V77	0.09088	0.25015	0.09053	0.56844
V78	0.24993	0.14613	0.19792	0.40602
V79	0.07706	0.1441	0.58495	0.19389
V80	0.29518	0.08381	0.42164	0.19937
V81	0.10621	0.18482	0.57913	0.12983
V82	0.07279	0.12334	0.67393	0.12994
V83	0.14789	0.18352	0.13057	0.53802
V84	0.30525	0.09839	0.18329	0.41308
V85	0.13365	0.28393	0.32978	0.25263
V86	0.10383	0.11427	0.62426	0.15765
V87	0.07377	0.608	0.138	0.18022
V88	0.17063	0.11427	0.24361	0.47149
V89	0.08797	0.08679	0.2005	0.62474
V90	0.06752	0.65403	0.1396	0.13885
V91	0.07736	0.55301	0.21801	0.15162
V92	0.35875	0.08217	0.32244	0.23665
V93	0.6454	0.05892	0.07426	0.22142
V94	0.07335	0.3511	0.10168	0.47387
V95	0.21638	0.35215	0.1914	0.24007
V96	0.11519	0.13292	0.09973	0.65215
V97	0.51053	0.13042	0.218	0.14105
V98	0.51075	0.25995	0.08177	0.14753
V99	0.59125	0.08368	0.18073	0.14434
V100	0.12262	0.10104	0.63184	0.1445
V101	0.08593	0.08981	0.08796	0.7363
V102	0.68046	0.08093	0.08409	0.15451
V103	0.08306	0.10198	0.13668	0.67827
V104	0.0667	0.69508	0.10572	0.1325
V105	0.0843	0.67193	0.11129	0.13248
V106	0.13489	0.41113	0.29485	0.15913
V107	0.18598	0.21184	0.43547	0.16672
V108	0.14738	0.56628	0.16032	0.12601
V109	0.08004	0.18578	0.43973	0.29445
V110	0.0852	0.64196	0.12613	0.14671
V111	0.67731	0.04924	0.12538	0.14808
V112	0.15281	0.11948	0.338	0.38972
V113	0.18078	0.14199	0.19266	0.48457
V114	0.21569	0.10127	0.13149	0.55155
V115	0.05888	0.56857	0.24208	0.13047
V116	0.15345	0.28256	0.31039	0.25361
V117	0.49463	0.22878	0.10817	0.16842
V118	0.15575	0.43958	0.11638	0.28829
V119	0.13869	0.11999	0.11542	0.6259
V120	0.12112	0.12539	0.61542	0.13806
V121	0.43312	0.14861	0.14373	0.27454
V122	0.70726	0.05137	0.08589	0.15549
V123	0.06456	0.39313	0.12079	0.42151
V124	0.48389	0.25449	0.08051	0.18112
V125	0.29987	0.34461	0.20535	0.15017
V126	0.09568	0.16393	0.11684	0.62355
V127	0.17047	0.10731	0.23804	0.48418
V128	0.09409	0.08478	0.14719	0.67394
V129	0.42879	0.21836	0.19316	0.15969
V130	0.06069	0.50586	0.30334	0.1301
V131	0.06669	0.6488	0.0977	0.18681
V132	0.68869	0.05211	0.09784	0.16136
V133	0.67053	0.05991	0.11547	0.15409
V134	0.12982	0.32218	0.16885	0.37916
V135	0.12267	0.08891	0.19075	0.59767
V136	0.20604	0.32586	0.09393	0.37417
V137	0.48469	0.08676	0.23919	0.18936
V138	0.18884	0.33372	0.20216	0.27528
V139	0.27663	0.20471	0.20987	0.30878
V140	0.09278	0.12972	0.11553	0.66197
V141	0.11151	0.18341	0.4086	0.29648
V142	0.59314	0.05592	0.21319	0.13775
V143	0.3209	0.23872	0.1318	0.30858
V144	0.1679	0.17377	0.18803	0.47029
V145	0.05268	0.57412	0.2429	0.1303
V146	0.10695	0.08335	0.1005	0.70919
V147	0.66879	0.06439	0.0925	0.17431
V148	0.15318	0.12947	0.434	0.28335
V149	0.22191	0.41102	0.23259	0.13448
V150	0.12451	0.24186	0.447	0.18662
V151	0.18118	0.47518	0.1178	0.22584
V152	0.20309	0.36398	0.2283	0.20463
V153	0.12028	0.55269	0.11038	0.21665
V154	0.21162	0.37394	0.26053	0.15391
V155	0.36146	0.16624	0.26402	0.20828
V156	0.09361	0.17515	0.50823	0.22302
V157	0.25345	0.1778	0.27512	0.29363
V158	0.08616	0.07914	0.09786	0.73684
V159	0.64811	0.0941	0.07781	0.17998
V160	0.50026	0.06121	0.12238	0.31615
V161	0.19508	0.07585	0.10258	0.62649
V162	0.107	0.26334	0.13849	0.49117
V163	0.12087	0.38723	0.19776	0.29414
V164	0.26548	0.27125	0.15593	0.30735
V165	0.07471	0.23579	0.08623	0.60327
V166	0.08085	0.13574	0.12741	0.656
V167	0.27624	0.06775	0.08251	0.5735
V168	0.23303	0.44315	0.1483	0.17552
V169	0.18201	0.10757	0.10667	0.60375
V170	0.14062	0.09705	0.39483	0.3675
V171	0.15111	0.24011	0.45017	0.15861
V172	0.54067	0.06024	0.25567	0.14341
V173	0.09016	0.16369	0.11231	0.63385
V174	0.08329	0.17748	0.13279	0.60645
V175	0.11795	0.08946	0.56945	0.22314
V176	0.05683	0.60436	0.20781	0.131
V177	0.05366	0.70632	0.10077	0.13925
V178	0.05649	0.56052	0.09894	0.28406
V179	0.17226	0.08547	0.31055	0.43173
V180	0.0679	0.65504	0.15198	0.12509
V181	0.17124	0.16729	0.41327	0.24821
V182	0.25571	0.19677	0.37072	0.1768
V183	0.1639	0.59993	0.10226	0.13391
V184	0.72935	0.04449	0.08186	0.1443
V185	0.42545	0.34027	0.0956	0.13869
V186	0.13468	0.38696	0.25409	0.22426
V187	0.70139	0.052	0.09757	0.14904
V188	0.10398	0.21576	0.08536	0.5949
V189	0.58649	0.06816	0.08944	0.25591
V190	0.49991	0.06799	0.29027	0.14182
V191	0.18554	0.21769	0.43708	0.15969
V192	0.24	0.37172	0.1247	0.26358
V193	0.4487	0.08788	0.23183	0.2316
V194	0.07236	0.67627	0.10495	0.14642
V195	0.07974	0.10548	0.68473	0.13005
V196	0.08355	0.11761	0.09149	0.70736
V197	0.3119	0.10042	0.09848	0.4892
V198	0.1019	0.40621	0.31959	0.17229
V199	0.17006	0.09307	0.18986	0.54701
V200	0.13669	0.42954	0.10366	0.33011
V201	0.11973	0.43059	0.21237	0.2373
V202	0.08473	0.09579	0.56053	0.25895
V203	0.16306	0.35968	0.33111	0.14615
V204	0.06337	0.40798	0.09427	0.43438
V205	0.08483	0.12194	0.65615	0.13708
V206	0.10209	0.14652	0.62091	0.13048
V207	0.14679	0.19419	0.12093	0.53809
V208	0.23276	0.12181	0.50423	0.1412
V209	0.24081	0.37259	0.13827	0.24833
V210	0.1075	0.56646	0.15971	0.16634
V211	0.31924	0.07698	0.10204	0.50174
V212	0.39622	0.09676	0.35575	0.15128
V213	0.46337	0.08142	0.15306	0.30215
V214	0.26203	0.177	0.18906	0.37191
V215	0.23917	0.1335	0.09398	0.53335
V216	0.09731	0.0782	0.09689	0.7276
V217	0.0892	0.39011	0.23439	0.2863
V218	0.12209	0.35899	0.19565	0.32327
V219	0.12201	0.4771	0.09976	0.30112
V220	0.05491	0.60256	0.10091	0.24162
V221	0.58474	0.05498	0.07709	0.2832
V222	0.26068	0.1676	0.30655	0.26517
V223	0.07294	0.1782	0.56281	0.18606
V224	0.7193	0.04572	0.09174	0.14324
V225	0.08563	0.64298	0.13991	0.13149
V226	0.26515	0.13384	0.45876	0.14225
V227	0.58654	0.05557	0.2074	0.15049
V228	0.5586	0.10118	0.12756	0.21266
V229	0.08511	0.10355	0.6675	0.14384
V230	0.08582	0.08931	0.09776	0.72712
V231	0.07831	0.2522	0.15441	0.51508
V232	0.08478	0.48569	0.08929	0.34023
V233	0.41656	0.12756	0.2103	0.24558
V234	0.07266	0.66592	0.12158	0.13983
V235	0.30798	0.11629	0.4189	0.15683
V236	0.1038	0.12919	0.5799	0.18711
V237	0.16381	0.0784	0.10395	0.65384
V238	0.14051	0.43528	0.25804	0.16617
V239	0.10451	0.32542	0.1005	0.46957
V240	0.381	0.09622	0.34989	0.17289
V241	0.08551	0.09555	0.63987	0.17906
V242	0.1329	0.56733	0.16086	0.1389
V243	0.22605	0.10842	0.47561	0.18992
V244	0.20494	0.085	0.51295	0.19711
V245	0.43727	0.26019	0.12217	0.18037
V246	0.10479	0.18438	0.56687	0.14396
V247	0.17737	0.09602	0.60114	0.12548
V248	0.08965	0.09386	0.1124	0.70409
V249	0.07153	0.11537	0.63518	0.17792
V250	0.5742	0.05755	0.22441	0.14384
V251	0.69381	0.07379	0.08374	0.14867
V252	0.05681	0.62257	0.19664	0.12398
V253	0.2833	0.11937	0.18364	0.41369
V254	0.05461	0.67893	0.13515	0.13131
V255	0.07815	0.66283	0.09891	0.16011
V256	0.17699	0.22298	0.40297	0.19705
V257	0.32224	0.13979	0.22831	0.30967
V258	0.17453	0.25517	0.34456	0.22574
V259	0.08792	0.27872	0.47654	0.15682
V260	0.06343	0.27395	0.53426	0.12836
V261	0.45359	0.08552	0.20778	0.25312
V262	0.12754	0.1091	0.09444	0.66892
V263	0.06007	0.69344	0.10043	0.14606
V264	0.17262	0.10514	0.33815	0.38409
V265	0.09529	0.07945	0.16273	0.66254
V266	0.48207	0.29624	0.08801	0.13368
V267	0.06906	0.19604	0.25078	0.48412
V268	0.29606	0.08686	0.17088	0.44621
V269	0.06027	0.44192	0.33352	0.16429
V270	0.4778	0.07995	0.23852	0.20372
V271	0.57742	0.09843	0.10441	0.21975
V272	0.08565	0.59867	0.10676	0.20893
V273	0.10634	0.08819	0.10574	0.69973
V274	0.51605	0.05812	0.20035	0.22549
V275	0.07395	0.10556	0.69079	0.1297
V276	0.36652	0.28728	0.09344	0.25275
V277	0.09143	0.20695	0.18448	0.51714
V278	0.09677	0.11886	0.2525	0.53187
V279	0.49918	0.09873	0.1551	0.24699
V280	0.08616	0.07914	0.09786	0.73684
V281	0.39795	0.08502	0.17289	0.34414
V282	0.10976	0.12958	0.58753	0.17313
V283	0.1821	0.44212	0.13657	0.23922
V284	0.06796	0.66072	0.13976	0.13156
V285	0.11718	0.09539	0.66348	0.12395
V286	0.2054	0.42548	0.16424	0.20489
V287	0.11076	0.63391	0.10849	0.14684
V288	0.0763	0.26334	0.33822	0.32214
V289	0.24136	0.22368	0.34469	0.19027
V290	0.60931	0.16131	0.09098	0.1384
V291	0.37986	0.11884	0.35697	0.14433
V292	0.6853	0.05061	0.07585	0.18825
V293	0.26198	0.08909	0.487	0.16193
V294	0.11697	0.30252	0.08498	0.49553
V295	0.08081	0.19067	0.19907	0.52944
V296	0.17932	0.16248	0.46112	0.19708
V297	0.11913	0.07699	0.1247	0.67918
V298	0.25818	0.14609	0.4539	0.14183
V299	0.10842	0.24513	0.09483	0.55162
V300	0.07656	0.09854	0.21748	0.60742
V301	0.14602	0.15754	0.47749	0.21895
V302	0.48258	0.28811	0.08231	0.147
V303	0.05367	0.46703	0.32843	0.15087
V304	0.11008	0.10229	0.53473	0.2529
V305	0.14355	0.18646	0.35781	0.31218
V306	0.5859	0.1178	0.11806	0.17823
V307	0.06046	0.68937	0.11097	0.13919
V308	0.20117	0.22679	0.26587	0.30618
V309	0.25579	0.27227	0.10243	0.36952
V310	0.11299	0.27538	0.17835	0.43329
V311	0.38654	0.38266	0.09147	0.13933
V312	0.11394	0.54997	0.19015	0.14594
V313	0.07632	0.13979	0.0974	0.68648
V314	0.07124	0.37341	0.1591	0.39625
V315	0.1291	0.46622	0.11708	0.28759
V316	0.25446	0.16704	0.32093	0.25756
V317	0.10789	0.51368	0.12628	0.25215
V318	0.08125	0.41799	0.09822	0.40254
V319	0.10868	0.12602	0.61424	0.15107
V320	0.11967	0.17909	0.47716	0.22407
V321	0.47543	0.30291	0.08818	0.13349
V322	0.17413	0.27669	0.13287	0.41631
V323	0.10718	0.09003	0.13513	0.66767
V324	0.48186	0.2309	0.13294	0.15431
V325	0.24405	0.48759	0.13225	0.13611
V326	0.05724	0.42563	0.15	0.36713
V327	0.08363	0.16689	0.14847	0.60102
V328	0.10362	0.10283	0.53401	0.25954
V329	0.16859	0.14851	0.18645	0.49644
V330	0.30397	0.07698	0.28814	0.33091
V331	0.26503	0.12685	0.11131	0.49681
V332	0.08077	0.10942	0.19081	0.619
V333	0.32745	0.12448	0.32571	0.22235
V334	0.28459	0.08083	0.29793	0.33665
V335	0.08137	0.3016	0.39478	0.22225
V336	0.16013	0.51884	0.11006	0.21096
V337	0.23325	0.33914	0.27261	0.155
V338	0.04805	0.71306	0.10695	0.13194
V339	0.14996	0.09254	0.6253	0.13219
V340	0.10291	0.23037	0.39965	0.26707
V341	0.08932	0.09549	0.12097	0.69422
V342	0.22559	0.08227	0.45874	0.2334
V343	0.71236	0.0554	0.08266	0.14958
V344	0.50149	0.16107	0.20304	0.13441
V345	0.0796	0.10529	0.69171	0.12339
V346	0.20477	0.15139	0.25281	0.39102
V347	0.09986	0.08357	0.15845	0.65811
V348	0.09184	0.48891	0.18327	0.23599
V349	0.27555	0.18625	0.32394	0.21426
V350	0.06985	0.59813	0.20791	0.12411
V351	0.08567	0.1033	0.31203	0.49899
V352	0.10532	0.09971	0.60775	0.18722
V353	0.63598	0.06676	0.10345	0.19381
V354	0.08542	0.52215	0.2345	0.15793
V355	0.2357	0.13029	0.36278	0.27123
V356	0.09413	0.09019	0.14176	0.67392
V357	0.13217	0.29092	0.25283	0.32408
V358	0.3856	0.13366	0.1158	0.36494
V359	0.4057	0.09991	0.1026	0.39178
V360	0.40263	0.34967	0.1019	0.14579
V361	0.05889	0.37931	0.43314	0.12866
V362	0.04807	0.70827	0.11213	0.13153
V363	0.17122	0.15919	0.36327	0.30632
V364	0.16772	0.1247	0.50272	0.20486
V365	0.2198	0.08589	0.09059	0.60372
V366	0.10304	0.50314	0.14967	0.24415
V367	0.40506	0.15575	0.08162	0.35758
V368	0.10758	0.53813	0.15185	0.20245
V369	0.07236	0.34547	0.45389	0.12828
V370	0.2466	0.25941	0.33931	0.15468
V371	0.16736	0.53484	0.11617	0.18163
V372	0.16267	0.11144	0.15545	0.57044
V373	0.11875	0.17382	0.36121	0.34622
V374	0.58004	0.06212	0.21965	0.13819
V375	0.09835	0.10176	0.16934	0.63055
V376	0.09441	0.0958	0.1414	0.66839
V377	0.5643	0.04987	0.08305	0.30279
V378	0.08053	0.10441	0.31691	0.49815
V379	0.25671	0.19404	0.09043	0.45882
V380	0.15722	0.12553	0.20258	0.51468
V381	0.52383	0.06714	0.14139	0.26763
V382	0.12166	0.10683	0.63996	0.13156
V383	0.59605	0.05648	0.11368	0.23379
V384	0.3976	0.11742	0.16849	0.31649
V385	0.61838	0.06262	0.13273	0.18626
V386	0.2434	0.08377	0.16981	0.50303
V387	0.42344	0.16674	0.2073	0.20252
V388	0.27837	0.2882	0.18329	0.25014
V389	0.30817	0.40816	0.09867	0.185
V390	0.24703	0.24533	0.37424	0.13339
V391	0.3042	0.13725	0.09326	0.46529
V392	0.31024	0.21377	0.19451	0.28149
V393	0.23177	0.22933	0.29756	0.24134
V394	0.12202	0.21894	0.15301	0.50603
V395	0.1897	0.32839	0.21325	0.26867
V396	0.05418	0.69475	0.10512	0.14595
V397	0.56194	0.1168	0.15093	0.17033
V398	0.32367	0.15943	0.14422	0.37269
V399	0.17171	0.42794	0.18925	0.2111
V400	0.05653	0.43607	0.13384	0.37355
V401	0.09284	0.18936	0.53101	0.18679
V402	0.58373	0.16994	0.10887	0.13745
V403	0.08953	0.08987	0.12592	0.69467
V404	0.12442	0.21264	0.45971	0.20323
V405	0.19732	0.0979	0.18296	0.52183
V406	0.45735	0.22878	0.09673	0.21714
V407	0.04805	0.71306	0.10695	0.13194
V408	0.12301	0.24009	0.32021	0.31669
V409	0.0809	0.08429	0.09832	0.73649
V410	0.10534	0.62855	0.11938	0.14672
V411	0.32224	0.06887	0.07736	0.53153
V412	0.16519	0.13412	0.3805	0.32019
V413	0.0952	0.38088	0.20181	0.32211
V414	0.08201	0.40292	0.29262	0.22245
V415	0.32944	0.09289	0.22618	0.35149
V416	0.07794	0.13615	0.6624	0.12351
V417	0.29036	0.47547	0.09629	0.13788
V418	0.11427	0.14265	0.1692	0.57389
V419	0.08592	0.07857	0.10341	0.73209
V420	0.04829	0.64287	0.10837	0.20048
V421	0.16851	0.11059	0.50222	0.21867
V422	0.10053	0.11054	0.09027	0.69866
V423	0.12262	0.10104	0.63184	0.1445
V424	0.07069	0.12033	0.45171	0.35728
V425	0.1023	0.24068	0.44715	0.20988
V426	0.13031	0.11523	0.5738	0.18066
V427	0.10478	0.32808	0.20353	0.3636
V428	0.10573	0.56217	0.13649	0.19562
V429	0.08592	0.0789	0.10764	0.72753
V430	0.53513	0.16968	0.09752	0.19767
V431	0.17987	0.09837	0.35148	0.37028
V432	0.13244	0.13204	0.11582	0.6197
V433	0.08794	0.53481	0.09174	0.28551
V434	0.25905	0.12218	0.11584	0.50294
V435	0.36623	0.07482	0.15949	0.39946
V436	0.28811	0.08045	0.15285	0.47859
V437	0.1973	0.21528	0.08689	0.50053
V438	0.42944	0.17051	0.10519	0.29486
V439	0.09308	0.13357	0.09108	0.68227
V440	0.34654	0.09175	0.1035	0.4582
V441	0.1122	0.17163	0.44183	0.27435
V442	0.24452	0.29553	0.17505	0.2849
V443	0.53032	0.06018	0.14138	0.26812
V444	0.0796	0.10529	0.69171	0.12339
V445	0.4594	0.07813	0.30217	0.16031
V446	0.07399	0.60139	0.13755	0.18708
V447	0.4533	0.13098	0.19863	0.21709
V448	0.08549	0.12097	0.19656	0.59698
V449	0.41479	0.09817	0.27121	0.21582
V450	0.13695	0.62773	0.10825	0.12707
V451	0.68042	0.08072	0.07742	0.16145
V452	0.09557	0.08428	0.12548	0.69468
V453	0.57998	0.10676	0.12836	0.1849
V454	0.04827	0.67887	0.13427	0.13859
V455	0.44426	0.08942	0.278	0.18831
V456	0.26113	0.16107	0.32059	0.2572
V457	0.08069	0.08986	0.09378	0.73567
V458	0.21605	0.21523	0.0867	0.48202
V459	0.06155	0.57845	0.15859	0.20141
V460	0.69495	0.052	0.09783	0.15522
V461	0.10644	0.09367	0.09084	0.70905
V462	0.26167	0.22736	0.07936	0.43161
V463	0.20798	0.37993	0.19278	0.21931
V464	0.35941	0.13354	0.08163	0.42542
V465	0.29497	0.34694	0.1083	0.2498
V466	0.41245	0.18867	0.08285	0.31603
V467	0.24622	0.44274	0.14779	0.16325
V468	0.36167	0.33443	0.12479	0.17911
V469	0.08028	0.19588	0.25134	0.4725
V470	0.39296	0.15382	0.20063	0.25259
V471	0.22007	0.14111	0.10518	0.53364
V472	0.24654	0.28293	0.08066	0.38987
V473	0.12002	0.43316	0.3024	0.14442
V474	0.13995	0.07609	0.14539	0.63858
V475	0.16602	0.32674	0.14054	0.3667
V476	0.16312	0.08487	0.11896	0.63306
V477	0.43302	0.0928	0.21415	0.26002
V478	0.13564	0.44126	0.09288	0.33022
V479	0.08336	0.14384	0.57902	0.19378
V480	0.11287	0.2672	0.11661	0.50332
V481	0.16323	0.09673	0.60116	0.13888
V482	0.50001	0.17174	0.16033	0.16792
V483	0.1428	0.14512	0.13052	0.58156
V484	0.08817	0.1178	0.10072	0.69331
V485	0.12668	0.53943	0.10305	0.23085
V486	0.21933	0.24504	0.16607	0.36956
V487	0.11721	0.10551	0.13544	0.64184
V488	0.0732	0.09319	0.62627	0.20734
V489	0.20292	0.1506	0.50718	0.13929
V490	0.25672	0.2757	0.13222	0.33536
V491	0.32523	0.3751	0.11425	0.18542
V492	0.06861	0.61465	0.1855	0.13125
V493	0.0862	0.07833	0.09028	0.74519
V494	0.18464	0.1887	0.40067	0.22599
V495	0.19121	0.47493	0.18615	0.14771
V496	0.22147	0.51568	0.09302	0.16983
V497	0.08032	0.09831	0.69156	0.1298
V498	0.24619	0.14039	0.11686	0.49656
V499	0.44793	0.24118	0.17161	0.13929
V500	0.13309	0.16846	0.53949	0.15895
V501	0.08116	0.07911	0.10784	0.73189
V502	0.39648	0.25561	0.18911	0.15879
V503	0.18165	0.14294	0.20384	0.47157
V504	0.19414	0.51833	0.10477	0.18276
V505	0.17989	0.21853	0.23863	0.36296
V506	0.12283	0.25014	0.35287	0.27417
V507	0.43481	0.13648	0.16139	0.26732
V508	0.53737	0.17126	0.11455	0.17683
V509	0.20765	0.12592	0.38889	0.27753
V510	0.19517	0.41446	0.25658	0.13378
V511	0.0913	0.33384	0.11814	0.45672
V512	0.2086	0.10749	0.13197	0.55194
V513	0.10507	0.48848	0.2265	0.17994
V514	0.08467	0.11169	0.08716	0.71648
V515	0.54365	0.09957	0.11639	0.24039
V516	0.66819	0.10724	0.07766	0.14691
V517	0.0991	0.09804	0.22901	0.57386
V518	0.70685	0.06785	0.07619	0.14911
V519	0.06725	0.62425	0.10069	0.20781
V520	0.09139	0.08704	0.44923	0.37233
V521	0.42331	0.09961	0.3176	0.15948
V522	0.07471	0.1716	0.42374	0.32995
V523	0.27227	0.16116	0.24386	0.3227
V524	0.05737	0.57288	0.21854	0.15121
V525	0.21116	0.20464	0.10116	0.48304
V526	0.454	0.12043	0.13042	0.29514
V527	0.19154	0.09672	0.32025	0.3915
V528	0.11094	0.62569	0.09647	0.1669
V529	0.1091	0.12134	0.21342	0.55614
V530	0.07095	0.22146	0.49853	0.20905
V531	0.06214	0.63862	0.17483	0.12441
V532	0.1607	0.27935	0.10511	0.45484
V533	0.22455	0.30205	0.17468	0.29872
V534	0.07824	0.09533	0.51034	0.31609
V535	0.39476	0.0586	0.08327	0.46336
V536	0.18491	0.07829	0.30448	0.43233
V537	0.42739	0.2386	0.18893	0.14508
V538	0.3302	0.10672	0.13707	0.42601
V539	0.21638	0.35215	0.1914	0.24007
V540	0.17451	0.51676	0.14686	0.16187
V541	0.07059	0.38849	0.1319	0.40902
V542	0.18144	0.16449	0.23521	0.41885
V543	0.63334	0.05484	0.08359	0.22823
V544	0.13185	0.13602	0.18683	0.5453
V545	0.27352	0.16597	0.1273	0.4332
V546	0.07964	0.64356	0.14509	0.13171
V547	0.07882	0.49134	0.29253	0.13731
V548	0.14713	0.56568	0.15445	0.13274
V549	0.27498	0.1005	0.48278	0.14173
V550	0.41544	0.07963	0.07405	0.43087
V551	0.16112	0.54257	0.12212	0.17419
V552	0.05855	0.40064	0.09391	0.4469
V553	0.2085	0.18426	0.46103	0.1462
V554	0.10452	0.1282	0.09984	0.66744
V555	0.12239	0.23055	0.28116	0.3659
V556	0.07206	0.11074	0.66706	0.15014
V557	0.58041	0.07239	0.085	0.2622
V558	0.09303	0.56812	0.11598	0.22286
V559	0.05773	0.59912	0.21911	0.12404
V560	0.50342	0.2733	0.08249	0.14078
V561	0.07395	0.10556	0.69079	0.1297
V562	0.56086	0.06011	0.16009	0.21894
V563	0.22732	0.0847	0.55493	0.13305
V564	0.10794	0.13968	0.61505	0.13733
V565	0.14096	0.25283	0.30919	0.29701
V566	0.49108	0.12649	0.07999	0.30244
V567	0.18475	0.35481	0.10743	0.35302
V568	0.20833	0.07747	0.11545	0.59876
V569	0.47966	0.07677	0.07277	0.3708
V570	0.08301	0.27947	0.45896	0.17856
V571	0.58816	0.14039	0.07815	0.1933
V572	0.34475	0.07772	0.36223	0.2153
V573	0.10653	0.1794	0.09018	0.62389
V574	0.07656	0.57821	0.20762	0.1376
V575	0.08533	0.13152	0.15923	0.62392
V576	0.14627	0.59042	0.12367	0.13963
V577	0.09745	0.1092	0.20734	0.58601
V578	0.10813	0.13332	0.49178	0.26678
V579	0.05529	0.63717	0.16224	0.14529
V580	0.15778	0.08237	0.14975	0.61009
V581	0.10961	0.12146	0.08575	0.68318
V582	0.40636	0.16513	0.1049	0.3236
V583	0.07691	0.11989	0.43155	0.37165
V584	0.38199	0.17923	0.27255	0.16623
V585	0.08119	0.09288	0.34125	0.48469
V586	0.21933	0.08979	0.48569	0.2052
V587	0.24143	0.09118	0.51303	0.15436
V588	0.4416	0.09062	0.09707	0.3707
V589	0.08672	0.58978	0.14318	0.18033
V590	0.08344	0.56636	0.21905	0.13115
V591	0.07667	0.10407	0.20045	0.61881
V592	0.17047	0.10819	0.59581	0.12553
V593	0.42386	0.06153	0.19892	0.31569
V594	0.26508	0.27119	0.29378	0.16995
V595	0.0904	0.08994	0.09641	0.72324
V596	0.08786	0.25966	0.21983	0.43265
V597	0.05468	0.45218	0.29989	0.19326
V598	0.08182	0.16728	0.61412	0.13678
V599	0.45079	0.28014	0.10955	0.15951
V600	0.26795	0.37841	0.12572	0.22791
V601	0.15608	0.25153	0.13702	0.45537
V602	0.09062	0.08959	0.09222	0.72756
V603	0.07076	0.30245	0.09728	0.52951
V604	0.38422	0.15512	0.30212	0.15854
V605	0.10611	0.29657	0.32412	0.2732
V606	0.51335	0.16389	0.09054	0.23223
V607	0.46274	0.0692	0.15201	0.31604
V608	0.19683	0.18821	0.31526	0.2997
V609	0.08451	0.232	0.2245	0.459
V610	0.54581	0.07285	0.14181	0.23953
V611	0.23447	0.0758	0.1145	0.57523
V612	0.0891	0.15055	0.58131	0.17904
V613	0.08655	0.30623	0.45005	0.15717
V614	0.53703	0.09938	0.11597	0.24762
V615	0.14425	0.10815	0.08876	0.65884
V616	0.10182	0.51314	0.12617	0.25886
V617	0.36173	0.18244	0.32463	0.13121
V618	0.51323	0.0585	0.07108	0.3572
V619	0.29606	0.09651	0.27716	0.33028
V620	0.06069	0.50586	0.30334	0.1301
V621	0.31217	0.1757	0.19601	0.31612
V622	0.28184	0.22874	0.3328	0.15662
V623	0.08574	0.12616	0.16928	0.61882
V624	0.57605	0.18713	0.08038	0.15645
V625	0.21408	0.38925	0.15684	0.23982
V626	0.70671	0.06075	0.07679	0.15574
V627	0.07865	0.09028	0.12732	0.70375
V628	0.07116	0.21061	0.09799	0.62024
V629	0.13922	0.27029	0.25205	0.33844
V630	0.08748	0.30566	0.4426	0.16425
V631	0.08188	0.19787	0.14886	0.57139
V632	0.41997	0.05987	0.17013	0.35002
V633	0.07229	0.11228	0.59371	0.22172
V634	0.3068	0.25382	0.30261	0.13677
V635	0.06966	0.54799	0.09789	0.28446
V636	0.14639	0.15683	0.47115	0.22563
V637	0.23924	0.20037	0.14138	0.41901
V638	0.27773	0.24079	0.13136	0.35012
V639	0.22554	0.36003	0.28705	0.12738
V640	0.09243	0.19057	0.55253	0.16446
V641	0.63615	0.07807	0.0993	0.18649
V642	0.54776	0.17478	0.07921	0.19825
V643	0.07286	0.20773	0.34814	0.37127
V644	0.66149	0.10106	0.08354	0.15391
V645	0.21982	0.34712	0.28576	0.1473
V646	0.05357	0.70851	0.10606	0.13187
V647	0.16085	0.14579	0.51864	0.17472
V648	0.30522	0.35548	0.18179	0.15751
V649	0.09013	0.13151	0.60665	0.1717
V650	0.10869	0.14858	0.56298	0.17975
V651	0.26788	0.08304	0.51403	0.13505
V652	0.1258	0.14735	0.33886	0.38799
V653	0.12971	0.49253	0.16077	0.21699
V654	0.49663	0.19449	0.12671	0.18216
V655	0.08058	0.42643	0.10416	0.38884
V656	0.18058	0.24522	0.09276	0.48143
V657	0.08876	0.11761	0.09081	0.70282
V658	0.42467	0.20416	0.12488	0.2463
V659	0.26221	0.14139	0.30264	0.29376
V660	0.06605	0.68763	0.10001	0.14631
V661	0.09723	0.33463	0.1241	0.44404
V662	0.32325	0.08627	0.37588	0.2146
V663	0.21588	0.13416	0.43036	0.2196
V664	0.19677	0.13	0.50543	0.1678
V665	0.48745	0.18683	0.11442	0.2113
V666	0.41703	0.0608	0.14437	0.3778
V667	0.56409	0.10528	0.19352	0.1371
V668	0.12551	0.5936	0.1548	0.12609
V669	0.19677	0.34536	0.24617	0.2117
V670	0.09789	0.65641	0.09885	0.14685
V671	0.27665	0.26769	0.2494	0.20626
V672	0.08496	0.10953	0.65522	0.1503
V673	0.19746	0.31772	0.23029	0.25453
V674	0.50666	0.15835	0.09589	0.2391
V675	0.1464	0.29333	0.27875	0.28152
V676	0.09097	0.14891	0.14779	0.61233
V677	0.28451	0.33283	0.15452	0.22814
V678	0.38021	0.38361	0.09698	0.1392
V679	0.09377	0.29315	0.47752	0.13557
V680	0.24152	0.4265	0.18387	0.1481
V681	0.64891	0.0939	0.09036	0.16684
V682	0.13526	0.28262	0.4241	0.15802
V683	0.05397	0.7081	0.11255	0.12538
V684	0.49926	0.17182	0.14707	0.18185
V685	0.35785	0.29822	0.17164	0.17229
V686	0.12301	0.19399	0.17659	0.50641
V687	0.09065	0.08394	0.09775	0.72765
V688	0.27891	0.39936	0.0873	0.23444
V689	0.21488	0.07113	0.11024	0.60376
V690	0.35996	0.10349	0.35015	0.18639
V691	0.17086	0.08996	0.60676	0.13241
V692	0.11999	0.18108	0.51862	0.1803
V693	0.20564	0.15562	0.30356	0.33518
V694	0.08128	0.10021	0.25136	0.56715
V695	0.21011	0.07905	0.17672	0.53412
V696	0.11562	0.12713	0.09457	0.66268
V697	0.08518	0.10622	0.09182	0.71678
V698	0.58508	0.05496	0.08357	0.27639
V699	0.40114	0.25762	0.13217	0.20906
V700	0.20048	0.08687	0.0867	0.62595
V701	0.12592	0.40313	0.16191	0.30905
V702	0.38178	0.11977	0.08676	0.4117
V703	0.15259	0.12132	0.37165	0.35443
V704	0.58284	0.08583	0.09769	0.23365
V705	0.70039	0.04646	0.08494	0.1682
V706	0.12343	0.12129	0.56024	0.19504
V707	0.08413	0.36417	0.3941	0.15761
V708	0.07333	0.62597	0.11361	0.18709
V709	0.15009	0.26041	0.40203	0.18748
V710	0.42425	0.20336	0.119	0.25338
V711	0.10679	0.58065	0.15985	0.15271
V712	0.58056	0.08949	0.0811	0.24885
V713	0.31174	0.26544	0.10784	0.31498
V714	0.06082	0.48714	0.10631	0.34573
V715	0.2424	0.29875	0.27555	0.1833
V716	0.09479	0.0997	0.11182	0.6937
V717	0.09763	0.66237	0.09949	0.14052
V718	0.14598	0.43112	0.20528	0.21763
V719	0.08946	0.51227	0.11944	0.27883
V720	0.5131	0.05988	0.2299	0.19712
V721	0.14345	0.19318	0.36534	0.29804
V722	0.11789	0.2841	0.09519	0.50282
V723	0.13169	0.12597	0.08916	0.65318
V724	0.40966	0.08331	0.13604	0.37099
V725	0.06956	0.15566	0.62554	0.14924
V726	0.08582	0.31343	0.16223	0.43851
V727	0.21701	0.49051	0.15784	0.13464
V728	0.06791	0.6384	0.16211	0.13158
V729	0.3053	0.08109	0.18124	0.43237
V730	0.6507	0.07287	0.10979	0.16664
V731	0.08505	0.21207	0.3175	0.38539
V732	0.27559	0.13326	0.29669	0.29447
V733	0.45105	0.18805	0.10727	0.25363
V734	0.21028	0.28381	0.37411	0.13179
V735	0.08521	0.10441	0.36336	0.44701
V736	0.15191	0.07938	0.08878	0.67993
V737	0.25485	0.26843	0.2353	0.24141
V738	0.11461	0.29939	0.35602	0.22998
V739	0.07325	0.09483	0.44029	0.39163
V740	0.60598	0.11222	0.1299	0.1519
V741	0.34716	0.14003	0.16186	0.35095
V742	0.30536	0.46184	0.10187	0.13094
V743	0.15313	0.18177	0.51964	0.14546
V744	0.3865	0.09969	0.2907	0.22311
V745	0.06428	0.51134	0.20918	0.2152
V746	0.72867	0.0457	0.07572	0.14991
V747	0.11049	0.08775	0.51292	0.28884
V748	0.14572	0.15584	0.43648	0.26197
V749	0.22548	0.18529	0.11782	0.47141
V750	0.30132	0.36728	0.1031	0.22829
V751	0.07977	0.62281	0.12451	0.17292
V752	0.33178	0.22091	0.17328	0.27403
V753	0.08636	0.08369	0.08871	0.74124
V754	0.0549	0.66767	0.09818	0.17925
V755	0.15558	0.21093	0.28622	0.34727
V756	0.09087	0.0837	0.11166	0.71377
V757	0.25831	0.44835	0.1368	0.15655
V758	0.08352	0.5542	0.17555	0.18673
V759	0.14611	0.12499	0.31889	0.41001
V760	0.2397	0.11746	0.25127	0.39157
V761	0.09995	0.44394	0.26147	0.19464
V762	0.06465	0.3087	0.09736	0.5293
V763	0.28175	0.29905	0.10439	0.31481
V764	0.05514	0.66237	0.10343	0.17906
V765	0.46747	0.12209	0.0739	0.33655
V766	0.07578	0.2912	0.34722	0.2858
V767	0.3526	0.15911	0.23583	0.25246
V768	0.08472	0.65329	0.1152	0.14678
V769	0.13889	0.60297	0.11901	0.13913
V770	0.05357	0.70851	0.10606	0.13187
V771	0.17682	0.09524	0.58846	0.13948
V772	0.15602	0.11564	0.59618	0.13216
V773	0.15133	0.60712	0.10168	0.13988
V774	0.08555	0.09721	0.66674	0.1505
V775	0.14007	0.10937	0.24796	0.50261
V776	0.3113	0.34232	0.12475	0.22164
V777	0.16802	0.15427	0.1688	0.5089
V778	0.37944	0.25056	0.13307	0.23693
V779	0.17219	0.1131	0.38001	0.3347
V780	0.12086	0.56869	0.1849	0.12555
V781	0.10135	0.09378	0.10048	0.7044
V782	0.07392	0.17231	0.57522	0.17855
V783	0.55523	0.06908	0.11393	0.26176
V784	0.11697	0.64078	0.10896	0.1333
V785	0.07251	0.6705	0.11069	0.1463
V786	0.51241	0.16991	0.14167	0.17601
V787	0.05056	0.61714	0.20152	0.13078
V788	0.36761	0.27035	0.18989	0.17216
V789	0.10596	0.29891	0.10573	0.4894
V790	0.32977	0.08862	0.12971	0.45191
V791	0.14529	0.32183	0.2875	0.24538
V792	0.13681	0.40714	0.09115	0.3649
V793	0.12799	0.48004	0.11846	0.27352
V794	0.10244	0.14207	0.56829	0.18721
V795	0.13378	0.10422	0.12004	0.64196
V796	0.0884	0.14746	0.62028	0.14386
V797	0.56046	0.05924	0.23025	0.15005
V798	0.44613	0.26203	0.13892	0.15292
V799	0.1325	0.56202	0.11747	0.18801
V800	0.11493	0.10436	0.38634	0.39436
V801	0.1498	0.16225	0.27743	0.41051
V802	0.09536	0.13674	0.24245	0.52545
V803	0.19483	0.41429	0.2637	0.12719
V804	0.39554	0.08268	0.3283	0.19348
V805	0.08003	0.09835	0.69834	0.12327
V806	0.07859	0.65134	0.11033	0.15975
V807	0.21279	0.17128	0.10764	0.50829
V808	0.47334	0.24549	0.11367	0.1675
V809	0.09776	0.11551	0.66253	0.12419
V810	0.0535	0.71281	0.10163	0.13207
V811	0.31424	0.12653	0.20819	0.35104
V812	0.38611	0.24118	0.11981	0.2529
V813	0.43078	0.19897	0.2102	0.16005
V814	0.32199	0.41651	0.12309	0.13841
V815	0.04886	0.66747	0.15266	0.13101
V816	0.6899	0.04796	0.12003	0.14211
V817	0.08905	0.14028	0.63357	0.13711
V818	0.07807	0.10644	0.10796	0.70753
V819	0.59236	0.11178	0.11764	0.17822
V820	0.1427	0.13629	0.10021	0.6208
V821	0.1939	0.28905	0.32785	0.18919
V822	0.11574	0.10742	0.63238	0.14445
V823	0.08504	0.2145	0.49854	0.20192
V824	0.11857	0.33162	0.42714	0.12267
V825	0.19165	0.26937	0.2407	0.29828
V826	0.32128	0.34194	0.1935	0.14329
V827	0.28533	0.45549	0.10156	0.15761
V828	0.19362	0.18344	0.15198	0.47095
V829	0.09167	0.22573	0.11242	0.57018
V830	0.19055	0.21767	0.10265	0.48912
V831	0.54318	0.11811	0.10547	0.23324
V832	0.21669	0.33239	0.19625	0.25467
V833	0.1472	0.39542	0.20495	0.25244
V834	0.2348	0.12524	0.13131	0.50865
V835	0.26966	0.36229	0.169	0.19905
V836	0.06035	0.49105	0.09629	0.35231
V837	0.18947	0.32149	0.20641	0.28262
V838	0.67589	0.07614	0.10024	0.14773
V839	0.23885	0.46363	0.16239	0.13513
V840	0.23346	0.53857	0.09865	0.12933
V841	0.07121	0.12137	0.63666	0.17076
V842	0.27189	0.18854	0.24554	0.29404
V843	0.08508	0.10686	0.62144	0.18662
V844	0.13829	0.14458	0.30742	0.4097
V845	0.11362	0.16286	0.54339	0.18013
V846	0.07168	0.09696	0.54425	0.28712
V847	0.08176	0.07888	0.09427	0.7451
V848	0.11389	0.39425	0.19789	0.29397
V849	0.04776	0.68954	0.10478	0.15793
V850	0.71241	0.04576	0.08594	0.15589
V851	0.26105	0.41935	0.19011	0.1295
V852	0.13426	0.11241	0.16153	0.5918
V853	0.21149	0.23106	0.33128	0.22618
V854	0.41909	0.18245	0.15261	0.24586
V855	0.08176	0.07888	0.09427	0.7451
V856	0.09261	0.30902	0.29772	0.30066
V857	0.47296	0.18088	0.10731	0.23886
V858	0.42351	0.07566	0.36151	0.13931
V859	0.46467	0.22021	0.09787	0.21725
V860	0.17335	0.15012	0.11851	0.55802
V861	0.12037	0.31806	0.42587	0.13569
V862	0.15408	0.14675	0.53222	0.16695
V863	0.18159	0.11104	0.08143	0.62594
V864	0.11166	0.0994	0.1154	0.67354
V865	0.14107	0.08543	0.24012	0.53338
V866	0.53442	0.0733	0.24326	0.14901
V867	0.5344	0.07877	0.24421	0.14261
V868	0.36733	0.25623	0.17533	0.20111
V869	0.06072	0.70125	0.10574	0.1323
V870	0.12443	0.28506	0.10006	0.49045
V871	0.04776	0.68954	0.10478	0.15793
V872	0.0821	0.09354	0.22795	0.59641
V873	0.63822	0.0732	0.11573	0.17286
V874	0.17132	0.58283	0.11784	0.12802
V875	0.08011	0.20366	0.2052	0.51103
V876	0.16006	0.29698	0.3395	0.20346
V877	0.0913	0.33308	0.26761	0.30801
V878	0.13127	0.59816	0.14424	0.12632
V879	0.1685	0.50811	0.12685	0.19653
V880	0.23754	0.42189	0.09251	0.24806
V881	0.16055	0.11661	0.44649	0.27635
V882	0.57492	0.05406	0.16531	0.20572
V883	0.24272	0.21357	0.41699	0.12672
V884	0.07915	0.24235	0.08626	0.59224
V885	0.51793	0.20341	0.14318	0.13548
V886	0.0738	0.32098	0.36956	0.23565
V887	0.45191	0.10852	0.18621	0.25335
V888	0.13614	0.11982	0.5412	0.20284
V889	0.66257	0.08158	0.09522	0.16063
V890	0.09237	0.18692	0.45424	0.26647
V891	0.45881	0.10159	0.26528	0.17432
V892	0.22352	0.18878	0.09204	0.49566
V893	0.41368	0.20992	0.18871	0.18769
V894	0.10943	0.29068	0.44218	0.15771
V895	0.4241	0.1137	0.20958	0.25263
V896	0.07236	0.67627	0.10495	0.14642
V897	0.49249	0.23248	0.08674	0.18829
V898	0.33713	0.06285	0.08097	0.51906
V899	0.08556	0.19972	0.17213	0.54259
V900	0.1141	0.27535	0.30141	0.30914
V901	0.07427	0.59752	0.09993	0.22828
V902	0.07932	0.65484	0.13411	0.13172
V903	0.06384	0.35867	0.4139	0.16359
V904	0.06032	0.70659	0.10092	0.13217
V905	0.15885	0.07611	0.18871	0.57634
V906	0.29471	0.13518	0.14985	0.42026
V907	0.3157	0.40234	0.10427	0.17769
V908	0.08279	0.10755	0.12591	0.68374
V909	0.13066	0.58607	0.09479	0.18849
V910	0.164	0.07559	0.1551	0.6053
V911	0.3679	0.32667	0.11176	0.19367
V912	0.28571	0.28655	0.16985	0.25789
V913	0.13484	0.07547	0.08934	0.70035
V914	0.16869	0.39548	0.27523	0.1606
V915	0.1941	0.07093	0.08675	0.64822
V916	0.22551	0.12205	0.48349	0.16895
V917	0.50923	0.08238	0.18995	0.21844
V918	0.08577	0.47382	0.23871	0.20171
V919	0.18001	0.23594	0.2649	0.31915
V920	0.43498	0.20092	0.14742	0.21669
V921	0.08979	0.17521	0.10702	0.62797
V922	0.12389	0.37952	0.33114	0.16544
V923	0.11863	0.08749	0.10989	0.68399
V924	0.07912	0.5046	0.26505	0.15122
V925	0.16883	0.09516	0.09238	0.64363
V926	0.18262	0.08837	0.1023	0.62671
V927	0.08905	0.10023	0.11693	0.69379
V928	0.0789	0.63784	0.10303	0.18022
V929	0.09173	0.47304	0.17664	0.25859
V930	0.36129	0.3109	0.11209	0.21571
V931	0.14973	0.2675	0.39544	0.18733
V932	0.09368	0.16522	0.44551	0.29559
V933	0.43262	0.32679	0.09511	0.14548
V934	0.07556	0.18243	0.24422	0.49779
V935	0.40282	0.18178	0.22094	0.19446
V936	0.36863	0.24645	0.09727	0.28765
V937	0.38102	0.15655	0.13871	0.32372
V938	0.28883	0.11047	0.27063	0.33007
V939	0.53067	0.07205	0.12916	0.26812
V940	0.06958	0.57633	0.19555	0.15853
V941	0.07448	0.09816	0.69777	0.12959
V942	0.52465	0.18741	0.13267	0.15527
V943	0.30464	0.1679	0.34883	0.17863
V944	0.07871	0.24116	0.12808	0.55204
V945	0.39672	0.30147	0.09322	0.20859
V946	0.33532	0.24988	0.24967	0.16513
V947	0.12209	0.11476	0.21865	0.5445
V948	0.28195	0.09968	0.46964	0.14873
V949	0.07249	0.1543	0.20231	0.5709
V950	0.0955	0.40977	0.22262	0.27211
V951	0.60382	0.06616	0.18502	0.145
V952	0.11308	0.1679	0.23839	0.48062
V953	0.08358	0.12711	0.63928	0.15003
V954	0.09168	0.19391	0.17115	0.54327
V955	0.12942	0.44435	0.1106	0.31563
V956	0.09665	0.10446	0.385	0.41389
V957	0.25645	0.07882	0.07942	0.5853
V958	0.0862	0.07833	0.09028	0.74519
V959	0.20405	0.25452	0.35188	0.18955
V960	0.19712	0.24794	0.13842	0.41652
V961	0.14484	0.32935	0.30185	0.22397
V962	0.28271	0.19421	0.33102	0.19206
V963	0.42186	0.18433	0.19153	0.20228
V964	0.60191	0.07553	0.1506	0.17196
V965	0.0949	0.38789	0.20901	0.30821
V966	0.70647	0.05587	0.08187	0.15579
V967	0.108	0.11761	0.3939	0.38049
V968	0.06592	0.19194	0.56376	0.17838
V969	0.07256	0.25118	0.11335	0.5629
V970	0.09319	0.16691	0.33278	0.40713
V971	0.37101	0.1361	0.29175	0.20113
V972	0.35804	0.201	0.11731	0.32365
V973	0.21449	0.33906	0.14114	0.30531
V974	0.05653	0.56723	0.18221	0.19403
V975	0.12911	0.27776	0.46383	0.12931
V976	0.3162	0.23585	0.16075	0.2872
V977	0.25649	0.31277	0.29685	0.13389
V978	0.10962	0.13447	0.12584	0.63006
V979	0.58525	0.06826	0.20202	0.14447
V980	0.72867	0.0457	0.07572	0.14991
V981	0.27115	0.10058	0.34845	0.27982
V982	0.3195	0.33022	0.14306	0.20722
V983	0.49045	0.10079	0.0786	0.33016
V984	0.06209	0.6068	0.17265	0.15846
V985	0.11135	0.19146	0.08986	0.60734
V986	0.24714	0.40621	0.12662	0.22004
V987	0.19835	0.55823	0.09447	0.14895
V988	0.18836	0.08153	0.0925	0.63761
V989	0.32463	0.37856	0.14556	0.15125
V990	0.07114	0.12397	0.56803	0.23685
V991	0.46825	0.30345	0.08206	0.14624
V992	0.19354	0.08623	0.39859	0.32164
V993	0.09711	0.53236	0.20511	0.16543
V994	0.16569	0.57638	0.11758	0.14034
V995	0.51454	0.13235	0.10579	0.24732
V996	0.21952	0.1509	0.09026	0.53932
V997	0.08513	0.09828	0.59433	0.22227
V998	0.62443	0.06185	0.12729	0.18644
V999	0.12274	0.6453	0.09856	0.1334
V1000	0.24363	0.08421	0.08083	0.59133
