CD19B	CD56NK	CD4MemoryT	CD14
V1	0.44395	0.07658	0.18079	0.29869
V2	0.17529	0.15838	0.08901	0.57732
V3	0.09285	0.5576	0.04542	0.30413
V4	0.69071	0.15058	0.0413	0.11742
V5	0.12989	0.44669	0.21883	0.20459
V6	0.09814	0.74845	0.04845	0.10495
V7	0.16145	0.36376	0.10298	0.37181
V8	0.15049	0.08955	0.63788	0.12207
V9	0.22543	0.27108	0.07349	0.43001
V10	0.06674	0.0976	0.69901	0.13665
V11	0.19714	0.35529	0.35365	0.09393
V12	0.06603	0.53017	0.30506	0.09875
V13	0.23489	0.62181	0.03772	0.10559
V14	0.09229	0.78009	0.03767	0.08996
V15	0.13588	0.53439	0.12713	0.2026
V16	0.72364	0.08373	0.06537	0.12726
V17	0.1059	0.74668	0.04276	0.10467
V18	0.44975	0.3502	0.07538	0.12466
V19	0.15893	0.70636	0.03812	0.09659
V20	0.17249	0.43827	0.05369	0.33555
V21	0.15001	0.12089	0.60821	0.12089
V22	0.08598	0.16691	0.19545	0.55167
V23	0.32468	0.0992	0.47469	0.10144
V24	0.76203	0.06552	0.07352	0.09893
V25	0.28829	0.27019	0.14005	0.30146
V26	0.31997	0.38436	0.05409	0.24158
V27	0.1461	0.12919	0.06882	0.65589
V28	0.05635	0.10634	0.74429	0.09302
V29	0.36528	0.08626	0.42401	0.12444
V30	0.13209	0.25849	0.24031	0.36911
V31	0.19956	0.23889	0.25434	0.3072
V32	0.13287	0.11016	0.07735	0.67962
V33	0.08206	0.46256	0.29207	0.16332
V34	0.14984	0.10487	0.62352	0.12177
V35	0.16186	0.62863	0.09807	0.11143
V36	0.07059	0.12101	0.38866	0.41975
V37	0.43371	0.13178	0.12267	0.31184
V38	0.35901	0.07512	0.18227	0.3836
V39	0.16605	0.51063	0.13392	0.1894
V40	0.11377	0.71041	0.09206	0.08375
V41	0.05664	0.59701	0.07074	0.27561
V42	0.22338	0.11004	0.20282	0.46377
V43	0.14474	0.34185	0.39782	0.11558
V44	0.06815	0.14504	0.5694	0.21741
V45	0.11877	0.52895	0.19708	0.15521
V46	0.63533	0.11537	0.14699	0.10232
V47	0.36173	0.22527	0.2787	0.1343
V48	0.63736	0.20135	0.04611	0.11518
V49	0.5767	0.22041	0.03896	0.16394
V50	0.09138	0.7196	0.09849	0.09053
V51	0.26466	0.38973	0.22965	0.11596
V52	0.07414	0.16629	0.63906	0.12051
V53	0.58043	0.16042	0.16529	0.09386
V54	0.34472	0.22635	0.31632	0.11261
V55	0.21127	0.18962	0.22003	0.37908
V56	0.11129	0.1058	0.11381	0.6691
V57	0.11334	0.7408	0.04862	0.09724
V58	0.51228	0.07051	0.08397	0.33324
V59	0.34678	0.39959	0.12272	0.13091
V60	0.15678	0.20989	0.27728	0.35605
V61	0.63325	0.14754	0.05263	0.16657
V62	0.70277	0.07727	0.10883	0.11113
V63	0.05565	0.71551	0.12398	0.10486
V64	0.05115	0.73298	0.03108	0.18479
V65	0.09136	0.10054	0.12203	0.68608
V66	0.19894	0.61064	0.04998	0.14045
V67	0.16029	0.33251	0.40666	0.10055
V68	0.18076	0.20144	0.06792	0.54988
V69	0.07105	0.32311	0.47548	0.13036
V70	0.42847	0.19548	0.18545	0.1906
V71	0.18131	0.14488	0.3157	0.3581
V72	0.45285	0.2005	0.12029	0.22636
V73	0.15737	0.54724	0.14043	0.15497
V74	0.09473	0.2517	0.56434	0.08923
V75	0.564	0.05733	0.20327	0.1754
V76	0.06872	0.22968	0.17838	0.52322
V77	0.09601	0.3147	0.0509	0.53839
V78	0.27041	0.17663	0.18644	0.36652
V79	0.05687	0.16016	0.61979	0.16318
V80	0.30475	0.08506	0.4449	0.1653
V81	0.096	0.20465	0.60228	0.09706
V82	0.05469	0.12814	0.71717	0.1
V83	0.16321	0.22867	0.1036	0.50452
V84	0.33376	0.1154	0.17456	0.37628
V85	0.13236	0.33021	0.32431	0.21312
V86	0.09067	0.11828	0.66237	0.12868
V87	0.06958	0.7127	0.07754	0.14018
V88	0.18527	0.13696	0.24307	0.4347
V89	0.09129	0.10664	0.1972	0.60487
V90	0.0625	0.76126	0.07763	0.09862
V91	0.07023	0.64434	0.17242	0.11301
V92	0.37766	0.08872	0.3346	0.19902
V93	0.71017	0.06149	0.04572	0.18262
V94	0.07315	0.4352	0.05606	0.43558
V95	0.22788	0.41599	0.15683	0.1993
V96	0.12799	0.16764	0.07303	0.63133
V97	0.54388	0.14787	0.208	0.10025
V98	0.54893	0.30862	0.03758	0.10487
V99	0.63697	0.09138	0.16812	0.10354
V100	0.11311	0.1016	0.67026	0.11503
V101	0.09598	0.11388	0.06046	0.72969
V102	0.74579	0.09006	0.05162	0.11252
V103	0.08916	0.12722	0.12033	0.66329
V104	0.06376	0.80855	0.03711	0.09057
V105	0.08258	0.78339	0.04332	0.09071
V106	0.13388	0.47432	0.27124	0.12055
V107	0.18618	0.23673	0.44466	0.13242
V108	0.15231	0.65737	0.10625	0.08407
V109	0.06883	0.21565	0.45837	0.25715
V110	0.08391	0.74785	0.06321	0.10503
V111	0.74044	0.04357	0.11015	0.10584
V112	0.15825	0.1392	0.35154	0.35101
V113	0.19876	0.17364	0.18001	0.44759
V114	0.2407	0.12254	0.11309	0.52368
V115	0.04861	0.65788	0.20197	0.09153
V116	0.15619	0.32816	0.30246	0.21319
V117	0.5303	0.27286	0.06863	0.12821
V118	0.16814	0.52549	0.06287	0.2435
V119	0.1564	0.15162	0.09004	0.60194
V120	0.11093	0.13248	0.65003	0.10656
V121	0.46889	0.17692	0.12052	0.23367
V122	0.77975	0.0478	0.05883	0.11363
V123	0.06236	0.48305	0.07423	0.38036
V124	0.52028	0.30332	0.03617	0.14024
V125	0.31648	0.40146	0.17361	0.10845
V126	0.1023	0.20906	0.08814	0.6005
V127	0.18551	0.12816	0.23714	0.44918
V128	0.10126	0.10518	0.13506	0.65851
V129	0.45344	0.25652	0.16969	0.12035
V130	0.04958	0.58361	0.27512	0.09169
V131	0.06186	0.76083	0.03075	0.14656
V132	0.75603	0.04904	0.07394	0.12099
V133	0.73243	0.05893	0.09625	0.11239
V134	0.13661	0.389	0.13754	0.33685
V135	0.13272	0.10998	0.18332	0.57397
V136	0.22535	0.39603	0.04829	0.33033
V137	0.51588	0.09377	0.23798	0.15238
V138	0.20021	0.39573	0.17084	0.23322
V139	0.29557	0.24703	0.19058	0.26682
V140	0.10036	0.16465	0.0914	0.64359
V141	0.10513	0.21372	0.42311	0.25803
V142	0.63883	0.05179	0.21269	0.09669
V143	0.34731	0.28843	0.09836	0.2659
V144	0.18325	0.21392	0.17109	0.43173
V145	0.04204	0.66566	0.20107	0.09123
V146	0.11952	0.10453	0.07927	0.69668
V147	0.73192	0.0674	0.06587	0.1348
V148	0.15336	0.14574	0.45557	0.24533
V149	0.23266	0.47607	0.19862	0.09264
V150	0.11629	0.27352	0.45736	0.15282
V151	0.19419	0.56254	0.0612	0.18207
V152	0.21202	0.42585	0.19719	0.16494
V153	0.12336	0.65325	0.0488	0.17459
V154	0.21846	0.43133	0.23555	0.11467
V155	0.38042	0.19109	0.25811	0.17038
V156	0.08193	0.19872	0.531	0.18835
V157	0.26645	0.21039	0.27102	0.25215
V158	0.09608	0.10075	0.07227	0.7309
V159	0.70908	0.1069	0.04343	0.14059
V160	0.54975	0.06851	0.10405	0.2777
V161	0.22193	0.09552	0.07853	0.60402
V162	0.11208	0.32617	0.10675	0.455
V163	0.12358	0.46192	0.16314	0.25137
V164	0.28603	0.3262	0.12397	0.26381
V165	0.07938	0.30038	0.0449	0.57534
V166	0.08632	0.17301	0.10386	0.63681
V167	0.31441	0.07873	0.05766	0.54921
V168	0.2465	0.52042	0.09952	0.13356
V169	0.20443	0.13283	0.08403	0.5787
V170	0.14274	0.10648	0.42011	0.33067
V171	0.14644	0.27094	0.45845	0.12418
V172	0.57637	0.05677	0.26279	0.10406
V173	0.09694	0.20873	0.08322	0.61111
V174	0.08691	0.22639	0.10611	0.5806
V175	0.10693	0.09343	0.60847	0.19116
V176	0.04762	0.70171	0.15904	0.09163
V177	0.04734	0.82261	0.03195	0.09811
V178	0.05294	0.66881	0.03844	0.2398
V179	0.18428	0.09605	0.32482	0.39485
V180	0.06331	0.76102	0.09156	0.08411
V181	0.17406	0.19061	0.42555	0.20977
V182	0.26258	0.22401	0.37388	0.13953
V183	0.1744	0.69745	0.03765	0.0905
V184	0.80521	0.04003	0.0543	0.10045
V185	0.45365	0.40235	0.04808	0.09593
V186	0.13712	0.45251	0.22642	0.18395
V187	0.77183	0.048	0.07355	0.10662
V188	0.11451	0.27497	0.04559	0.56493
V189	0.64579	0.07616	0.06131	0.21673
V190	0.53017	0.0687	0.29801	0.10313
V191	0.18562	0.24411	0.44497	0.1253
V192	0.25904	0.44571	0.07655	0.2187
V193	0.47953	0.09657	0.23071	0.19319
V194	0.06998	0.78776	0.03737	0.10489
V195	0.06145	0.10522	0.73305	0.10028
V196	0.09213	0.14937	0.06418	0.69431
V197	0.35132	0.11965	0.07347	0.45555
V198	0.09599	0.46921	0.29934	0.13546
V199	0.18864	0.11245	0.18249	0.51641
V200	0.14579	0.51795	0.05136	0.2849
V201	0.12106	0.50811	0.17374	0.19708
V202	0.07052	0.1046	0.59958	0.2253
V203	0.16657	0.41113	0.31475	0.10755
V204	0.06226	0.50201	0.04364	0.39209
V205	0.06819	0.12685	0.69711	0.10785
V206	0.09019	0.15772	0.65415	0.09794
V207	0.16246	0.24373	0.09	0.50382
V208	0.23352	0.13042	0.52947	0.10659
V209	0.25807	0.44327	0.0935	0.20516
V210	0.10604	0.6626	0.10546	0.1259
V211	0.35979	0.09031	0.0796	0.4703
V212	0.41397	0.10124	0.36973	0.11505
V213	0.50349	0.09293	0.13953	0.26405
V214	0.28348	0.21534	0.17073	0.33045
V215	0.26735	0.16684	0.06461	0.5012
V216	0.1089	0.09936	0.07171	0.72004
V217	0.0847	0.46569	0.2039	0.2457
V218	0.1249	0.4305	0.16382	0.28078
V219	0.12785	0.57186	0.04459	0.2557
V220	0.05174	0.71291	0.03684	0.19851
V221	0.64614	0.0593	0.05115	0.24341
V222	0.27385	0.19254	0.30849	0.22512
V223	0.05671	0.19993	0.58819	0.15517
V224	0.79472	0.04011	0.06539	0.09978
V225	0.0839	0.74701	0.07898	0.09011
V226	0.27122	0.14381	0.47883	0.10613
V227	0.63129	0.05267	0.204	0.11203
V228	0.6052	0.11681	0.10395	0.17405
V229	0.0687	0.10471	0.71151	0.11508
V230	0.09496	0.11421	0.07216	0.71867
V231	0.07969	0.31178	0.12884	0.47969
V232	0.08462	0.58631	0.03233	0.29674
V233	0.44669	0.14728	0.20024	0.20579
V234	0.06933	0.77525	0.05657	0.09885
V235	0.31662	0.12355	0.43677	0.12306
V236	0.08989	0.14192	0.61193	0.15626
V237	0.18693	0.09747	0.08225	0.63335
V238	0.14284	0.50523	0.22476	0.12716
V239	0.11029	0.40267	0.05628	0.43075
V240	0.39838	0.10114	0.36364	0.13684
V241	0.06751	0.09768	0.68489	0.14992
V242	0.13776	0.65979	0.10615	0.0963
V243	0.22751	0.11472	0.50141	0.15636
V244	0.20639	0.08478	0.54476	0.16407
V245	0.46756	0.30978	0.08342	0.13924
V246	0.0946	0.20464	0.58859	0.11217
V247	0.17427	0.09563	0.63795	0.09215
V248	0.09864	0.12012	0.08955	0.69169
V249	0.0531	0.12127	0.67563	0.14999
V250	0.61526	0.05398	0.22565	0.10511
V251	0.76156	0.08104	0.05215	0.10525
V252	0.04782	0.72352	0.14514	0.08352
V253	0.30975	0.14219	0.17258	0.37548
V254	0.04711	0.7896	0.07252	0.09077
V255	0.07666	0.77441	0.03045	0.11848
V256	0.17885	0.25246	0.40793	0.16076
V257	0.34476	0.16406	0.22198	0.2692
V258	0.1789	0.29414	0.34005	0.18691
V259	0.07797	0.31402	0.48342	0.12459
V260	0.05072	0.30866	0.54604	0.09458
V261	0.48768	0.09502	0.20231	0.21499
V262	0.14559	0.13644	0.06855	0.64942
V263	0.05612	0.80781	0.03168	0.10439
V264	0.18115	0.12062	0.35311	0.34512
V265	0.10232	0.09828	0.15381	0.64559
V266	0.51622	0.35042	0.04285	0.09051
V267	0.06402	0.23951	0.24673	0.44974
V268	0.32728	0.10028	0.16176	0.41068
V269	0.04996	0.50919	0.31215	0.12869
V270	0.50883	0.08709	0.23786	0.16622
V271	0.62977	0.11478	0.07412	0.18133
V272	0.0853	0.70541	0.0421	0.16718
V273	0.11892	0.11118	0.08445	0.68545
V274	0.55718	0.0584	0.19627	0.18814
V275	0.05563	0.1061	0.73817	0.10009
V276	0.39827	0.34635	0.04758	0.2078
V277	0.09295	0.25941	0.16375	0.48389
V278	0.09674	0.14333	0.25876	0.50117
V279	0.5397	0.11445	0.13809	0.20776
V280	0.09608	0.10075	0.07227	0.7309
V281	0.43446	0.0979	0.16153	0.30611
V282	0.09682	0.14192	0.61942	0.14184
V283	0.1951	0.52384	0.0847	0.19635
V284	0.06317	0.76795	0.07774	0.09114
V285	0.10636	0.09409	0.70713	0.09242
V286	0.21677	0.49933	0.12057	0.16332
V287	0.1128	0.74019	0.04312	0.10389
V288	0.06678	0.311	0.33886	0.28336
V289	0.24687	0.25684	0.34215	0.15415
V290	0.65954	0.19098	0.05405	0.09544
V291	0.39676	0.12702	0.36906	0.10717
V292	0.75457	0.04949	0.04754	0.1484
V293	0.2658	0.0875	0.51735	0.12934
V294	0.12615	0.37538	0.04028	0.45818
V295	0.08068	0.23712	0.18493	0.49727
V296	0.18067	0.18163	0.47552	0.16218
V297	0.1322	0.09702	0.10697	0.6638
V298	0.26311	0.16	0.47112	0.10578
V299	0.11712	0.30668	0.05621	0.51999
V300	0.07523	0.12122	0.2183	0.58525
V301	0.14348	0.17735	0.49718	0.18198
V302	0.51679	0.34146	0.03799	0.10376
V303	0.044	0.5382	0.30349	0.11431
V304	0.10005	0.11003	0.57118	0.21874
V305	0.14581	0.21852	0.36383	0.27184
V306	0.63304	0.13977	0.08887	0.13832
V307	0.05591	0.80127	0.0445	0.09833
V308	0.21287	0.26893	0.25398	0.26421
V309	0.27912	0.33183	0.06167	0.32739
V310	0.11544	0.33738	0.15279	0.39438
V311	0.41283	0.45148	0.04015	0.09555
V312	0.11348	0.64255	0.13914	0.10483
V313	0.08366	0.17964	0.06815	0.66855
V314	0.06713	0.45524	0.12187	0.35577
V315	0.13542	0.55921	0.06194	0.24343
V316	0.26579	0.19293	0.32316	0.21812
V317	0.10998	0.61261	0.06855	0.20885
V318	0.08159	0.51138	0.04688	0.36015
V319	0.09645	0.13338	0.649	0.12117
V320	0.1127	0.20364	0.49558	0.18807
V321	0.5083	0.35877	0.04246	0.09048
V322	0.19149	0.33771	0.09724	0.37357
V323	0.11668	0.11146	0.12017	0.65169
V324	0.51518	0.27487	0.09787	0.11208
V325	0.2588	0.56973	0.07919	0.09228
V326	0.05204	0.51544	0.10753	0.32499
V327	0.08643	0.20961	0.12823	0.57574
V328	0.0927	0.1102	0.57153	0.22558
V329	0.18497	0.18206	0.17177	0.46121
V330	0.32515	0.08493	0.29825	0.29167
V331	0.29597	0.15604	0.08524	0.46275
V332	0.08274	0.13672	0.18338	0.59716
V333	0.34228	0.13884	0.33367	0.18521
V334	0.3016	0.08726	0.31187	0.29927
V335	0.07078	0.34854	0.39577	0.1849
V336	0.17093	0.61184	0.04996	0.16728
V337	0.24235	0.39139	0.25077	0.11549
V338	0.04098	0.82995	0.03856	0.09051
V339	0.14434	0.09099	0.66471	0.09997
V340	0.09614	0.26886	0.40634	0.22866
V341	0.09731	0.12071	0.10121	0.68077
V342	0.23007	0.08336	0.48802	0.19856
V343	0.78605	0.0549	0.0531	0.10596
V344	0.53417	0.18752	0.18537	0.09294
V345	0.06154	0.10499	0.74033	0.09314
V346	0.21743	0.18176	0.24899	0.35182
V347	0.10836	0.10421	0.14771	0.63973
V348	0.08687	0.57715	0.13992	0.19606
V349	0.28635	0.21597	0.32231	0.17537
V350	0.06274	0.69419	0.15865	0.08441
V351	0.0811	0.1215	0.32993	0.46748
V352	0.0908	0.10324	0.64832	0.15764
V353	0.69543	0.07111	0.078	0.15546
V354	0.07984	0.60485	0.19564	0.11968
V355	0.24507	0.14647	0.37656	0.2319
V356	0.10166	0.11251	0.12648	0.65934
V357	0.13571	0.34586	0.23582	0.28261
V358	0.4232	0.16318	0.08911	0.3245
V359	0.44996	0.12111	0.07565	0.35328
V360	0.43075	0.41267	0.05456	0.10201
V361	0.04594	0.4322	0.42937	0.0925
V362	0.04111	0.82424	0.04421	0.09043
V363	0.17696	0.18359	0.37401	0.26543
V364	0.16699	0.13587	0.52736	0.16977
V365	0.24964	0.1079	0.06362	0.57883
V366	0.10176	0.59691	0.09885	0.20249
V367	0.44581	0.19124	0.04676	0.3162
V368	0.10745	0.63212	0.09903	0.1614
V369	0.06102	0.39236	0.45313	0.09349
V370	0.25153	0.29622	0.33364	0.11861
V371	0.17716	0.62799	0.05478	0.14007
V372	0.18209	0.1371	0.13998	0.54083
V373	0.11603	0.20526	0.37162	0.30709
V374	0.62282	0.06179	0.21862	0.09677
V375	0.10566	0.12629	0.15876	0.60929
V376	0.1009	0.11974	0.12629	0.65307
V377	0.62407	0.05356	0.058	0.26437
V378	0.07411	0.12157	0.33714	0.46719
V379	0.28405	0.24317	0.05452	0.41826
V380	0.17151	0.1529	0.19346	0.48213
V381	0.57126	0.07267	0.1267	0.22937
V382	0.11193	0.10878	0.67954	0.09975
V383	0.6535	0.05763	0.09254	0.19633
V384	0.43235	0.14	0.15132	0.27632
V385	0.67447	0.06293	0.11572	0.14687
V386	0.26917	0.09746	0.16229	0.47108
V387	0.45069	0.19327	0.19228	0.16376
V388	0.2977	0.34086	0.15284	0.2086
V389	0.32841	0.48291	0.04509	0.14359
V390	0.25293	0.2795	0.37263	0.09493
V391	0.33968	0.16891	0.06343	0.42798
V392	0.33225	0.25849	0.17063	0.23863
V393	0.24075	0.26615	0.2904	0.2027
V394	0.13036	0.2712	0.12801	0.47043
V395	0.2002	0.38815	0.18501	0.22664
V396	0.04837	0.80997	0.03715	0.10451
V397	0.60392	0.13432	0.13046	0.1313
V398	0.3523	0.19258	0.1222	0.33292
V399	0.18031	0.50204	0.14793	0.16971
V400	0.05251	0.53007	0.08583	0.33159
V401	0.07977	0.21397	0.55198	0.15427
V402	0.63027	0.20288	0.07255	0.0943
V403	0.09729	0.11403	0.10718	0.6815
V404	0.118	0.24131	0.4728	0.1679
V405	0.21615	0.11763	0.1754	0.49083
V406	0.49305	0.2749	0.05635	0.17569
V407	0.04098	0.82995	0.03856	0.09051
V408	0.12079	0.28299	0.31918	0.27704
V409	0.08968	0.10836	0.07234	0.72961
V410	0.10648	0.7335	0.05533	0.10469
V411	0.36661	0.08026	0.05061	0.50252
V412	0.17055	0.15249	0.39687	0.28009
V413	0.09269	0.45748	0.16907	0.28075
V414	0.07535	0.47044	0.27089	0.18333
V415	0.35565	0.10528	0.22523	0.31383
V416	0.06123	0.14436	0.70215	0.09225
V417	0.30984	0.55898	0.03809	0.09309
V418	0.12266	0.1776	0.15512	0.54462
V419	0.09556	0.09972	0.07966	0.72506
V420	0.04295	0.75502	0.04307	0.15897
V421	0.16835	0.11958	0.52892	0.18315
V422	0.11174	0.14027	0.06339	0.68461
V423	0.11311	0.1016	0.67026	0.11503
V424	0.05934	0.13669	0.48318	0.3208
V425	0.09279	0.27578	0.45773	0.17369
V426	0.12056	0.12337	0.60643	0.14964
V427	0.10334	0.3954	0.17669	0.32456
V428	0.107	0.66034	0.07862	0.15403
V429	0.09487	0.10033	0.08499	0.71982
V430	0.57784	0.20523	0.05919	0.15775
V431	0.18818	0.11021	0.3702	0.33142
V432	0.14816	0.16743	0.08946	0.59494
V433	0.08928	0.63796	0.03202	0.24074
V434	0.28929	0.14976	0.09128	0.46966
V435	0.40481	0.0857	0.14752	0.36197
V436	0.32147	0.09235	0.14186	0.44432
V437	0.21928	0.2694	0.04833	0.463
V438	0.46902	0.20775	0.07101	0.25223
V439	0.10245	0.16972	0.06236	0.66547
V440	0.38873	0.11012	0.07855	0.4226
V441	0.10505	0.19776	0.45996	0.23724
V442	0.26198	0.35201	0.14404	0.24197
V443	0.57906	0.06311	0.12769	0.23013
V444	0.06154	0.10499	0.74033	0.09314
V445	0.48442	0.07979	0.31196	0.12383
V446	0.06954	0.70581	0.07792	0.14674
V447	0.48389	0.15216	0.18511	0.17884
V448	0.08797	0.15204	0.18799	0.57201
V449	0.43873	0.10526	0.27643	0.17957
V450	0.14305	0.72894	0.04359	0.08441
V451	0.74592	0.09068	0.04336	0.12004
V452	0.104	0.10736	0.1066	0.68204
V453	0.62739	0.12475	0.10308	0.14477
V454	0.04056	0.78871	0.07259	0.09814
V455	0.46946	0.09609	0.28281	0.15164
V456	0.27359	0.18449	0.32344	0.21848
V457	0.08964	0.11459	0.06638	0.72939
V458	0.24007	0.26897	0.04755	0.44341
V459	0.05638	0.67738	0.10572	0.16053
V460	0.76369	0.04872	0.07378	0.11381
V461	0.11959	0.11853	0.06493	0.69695
V462	0.28885	0.28119	0.04	0.38996
V463	0.21909	0.44707	0.15607	0.17776
V464	0.4016	0.16383	0.04877	0.3858
V465	0.31814	0.41662	0.05855	0.2067
V466	0.45119	0.23084	0.04529	0.27268
V467	0.26077	0.51877	0.09998	0.12049
V468	0.38645	0.39444	0.08131	0.13781
V469	0.07766	0.23895	0.24693	0.43646
V470	0.42121	0.18097	0.18574	0.21207
V471	0.24476	0.17645	0.07746	0.50132
V472	0.27125	0.3452	0.03686	0.34668
V473	0.11793	0.4973	0.27796	0.10681
V474	0.15703	0.09367	0.13159	0.61771
V475	0.18044	0.39419	0.10161	0.32376
V476	0.18552	0.10594	0.09774	0.61081
V477	0.46467	0.1035	0.21095	0.22088
V478	0.14436	0.53178	0.03902	0.28484
V479	0.06637	0.15961	0.61154	0.16248
V480	0.12084	0.33316	0.07791	0.4681
V481	0.15857	0.09718	0.63716	0.1071
V482	0.53396	0.2031	0.13446	0.12849
V483	0.1598	0.18241	0.10646	0.55133
V484	0.09693	0.14929	0.07605	0.67773
V485	0.13255	0.63773	0.04231	0.18742
V486	0.23667	0.29746	0.1383	0.32758
V487	0.12883	0.13138	0.11769	0.6221
V488	0.05303	0.09848	0.67149	0.177
V489	0.20213	0.16436	0.5282	0.1053
V490	0.27846	0.33258	0.09678	0.29218
V491	0.34733	0.4446	0.06438	0.1437
V492	0.06253	0.71455	0.13182	0.0911
V493	0.0969	0.10041	0.06204	0.74066
V494	0.18851	0.21414	0.40935	0.18801
V495	0.20041	0.55318	0.14043	0.10597
V496	0.23587	0.60693	0.03126	0.12594
V497	0.06157	0.0981	0.74014	0.10019
V498	0.27353	0.17476	0.09043	0.46129
V499	0.47557	0.28721	0.13986	0.09737
V500	0.12518	0.18754	0.56046	0.12682
V501	0.0891	0.10057	0.08515	0.72518
V502	0.42083	0.29896	0.16106	0.11915
V503	0.19866	0.17434	0.19266	0.43435
V504	0.20608	0.60975	0.04342	0.14075
V505	0.19212	0.26348	0.22376	0.32064
V506	0.11876	0.2913	0.35483	0.23511
V507	0.47008	0.16094	0.14285	0.22613
V508	0.57909	0.20626	0.07847	0.13618
V509	0.21435	0.14063	0.40571	0.23931
V510	0.20214	0.47885	0.22628	0.09273
V511	0.09406	0.41322	0.07526	0.41746
V512	0.23177	0.1314	0.11316	0.52367
V513	0.10084	0.56825	0.18848	0.14242
V514	0.09365	0.1406	0.05991	0.70584
V515	0.59139	0.11796	0.08984	0.2008
V516	0.72985	0.12411	0.04215	0.10389
V517	0.10077	0.1196	0.23177	0.54785
V518	0.77745	0.07087	0.0461	0.10558
V519	0.06414	0.73302	0.03677	0.16606
V520	0.08293	0.09534	0.48511	0.33661
V521	0.44388	0.10448	0.32735	0.12429
V522	0.06204	0.20147	0.44384	0.29265
V523	0.29111	0.19237	0.23505	0.28147
V524	0.04721	0.66643	0.17339	0.11297
V525	0.23307	0.25565	0.06624	0.44505
V526	0.49347	0.14297	0.10887	0.25469
V527	0.20447	0.11033	0.3321	0.3531
V528	0.11316	0.73094	0.03036	0.12554
V529	0.11483	0.15001	0.20847	0.52668
V530	0.05556	0.25432	0.51602	0.1741
V531	0.05518	0.74428	0.11714	0.0834
V532	0.17864	0.34478	0.06368	0.4129
V533	0.24033	0.36077	0.14366	0.25525
V534	0.06464	0.10497	0.55015	0.28024
V535	0.44385	0.06835	0.05871	0.42909
V536	0.19933	0.08827	0.31698	0.39541
V537	0.45401	0.28126	0.16201	0.10272
V538	0.36557	0.12883	0.11746	0.38814
V539	0.22788	0.41599	0.15683	0.1993
V540	0.18441	0.6043	0.09233	0.11896
V541	0.06827	0.47588	0.08779	0.36806
V542	0.19581	0.19867	0.22671	0.37882
V543	0.69801	0.0548	0.05719	0.19
V544	0.14358	0.16979	0.17295	0.51368
V545	0.30067	0.20436	0.10129	0.39368
V546	0.07643	0.74791	0.08492	0.09074
V547	0.07204	0.56714	0.26224	0.09857
V548	0.15232	0.65756	0.09952	0.09059
V549	0.28009	0.1025	0.51026	0.10715
V550	0.46499	0.09602	0.04519	0.39381
V551	0.17012	0.63599	0.06044	0.13346
V552	0.05666	0.49459	0.04373	0.40502
V553	0.20825	0.20371	0.47607	0.11197
V554	0.11523	0.16193	0.07441	0.64843
V555	0.12235	0.27537	0.27533	0.32696
V556	0.05401	0.11274	0.71065	0.1226
V557	0.63846	0.08353	0.05514	0.22287
V558	0.09362	0.67097	0.0546	0.18082
V559	0.04723	0.69518	0.17283	0.08476
V560	0.53979	0.32392	0.03817	0.09812
V561	0.05563	0.1061	0.73817	0.10009
V562	0.60816	0.05994	0.14956	0.18233
V563	0.22752	0.08389	0.58876	0.09982
V564	0.0965	0.1498	0.64691	0.10679
V565	0.14309	0.29705	0.30367	0.25619
V566	0.53752	0.15315	0.0476	0.26173
V567	0.20162	0.43047	0.05926	0.30864
V568	0.23484	0.0949	0.09581	0.57444
V569	0.53275	0.09016	0.04447	0.33263
V570	0.07081	0.31469	0.46917	0.14534
V571	0.63847	0.16894	0.04016	0.15243
V572	0.3594	0.08066	0.37996	0.17998
V573	0.11674	0.22961	0.0553	0.59836
V574	0.07097	0.6724	0.1586	0.09803
V575	0.08954	0.16574	0.14286	0.60186
V576	0.15316	0.68949	0.0613	0.09605
V577	0.10124	0.13541	0.203	0.56035
V578	0.09884	0.14912	0.52066	0.23139
V579	0.04868	0.74175	0.10486	0.10472
V580	0.17787	0.0983	0.13782	0.58602
V581	0.12305	0.1533	0.05699	0.66667
V582	0.44579	0.20061	0.07205	0.28155
V583	0.06645	0.13673	0.46136	0.33546
V584	0.40122	0.20511	0.26544	0.12823
V585	0.0737	0.10563	0.36681	0.45386
V586	0.22018	0.09114	0.51688	0.1718
V587	0.24311	0.09055	0.54419	0.12215
V588	0.48827	0.1086	0.07034	0.33279
V589	0.08351	0.6903	0.0854	0.14079
V590	0.07818	0.65732	0.17308	0.09142
V591	0.07687	0.12994	0.19621	0.59698
V592	0.16673	0.11184	0.62971	0.09172
V593	0.46006	0.06715	0.19482	0.27797
V594	0.27405	0.31135	0.2817	0.1329
V595	0.10085	0.1139	0.07169	0.71356
V596	0.08739	0.31621	0.20186	0.39453
V597	0.0423	0.52502	0.27682	0.15585
V598	0.06669	0.18294	0.64409	0.10628
V599	0.48147	0.33279	0.06717	0.11857
V600	0.28755	0.44932	0.07907	0.18405
V601	0.17177	0.3073	0.10609	0.41485
V602	0.10134	0.11325	0.06648	0.71894
V603	0.07207	0.37841	0.05361	0.49591
V604	0.40204	0.17394	0.30151	0.12251
V605	0.10265	0.34765	0.31663	0.23306
V606	0.55709	0.19818	0.05354	0.19118
V607	0.50495	0.07934	0.13843	0.27729
V608	0.20609	0.22185	0.31362	0.25843
V609	0.08308	0.28495	0.20996	0.42201
V610	0.5934	0.07853	0.12706	0.20101
V611	0.2641	0.0912	0.09532	0.54938
V612	0.075	0.16648	0.61046	0.14807
V613	0.07693	0.34533	0.45362	0.12413
V614	0.58391	0.11819	0.08978	0.20813
V615	0.16599	0.13421	0.06151	0.63829
V616	0.10281	0.61282	0.06895	0.21541
V617	0.37824	0.20824	0.32287	0.09065
V618	0.56976	0.06627	0.04492	0.31906
V619	0.31633	0.10822	0.2844	0.29106
V620	0.04958	0.58361	0.27512	0.09169
V621	0.33591	0.21204	0.17751	0.27454
V622	0.29036	0.26186	0.32781	0.11997
V623	0.08904	0.15852	0.15643	0.59601
V624	0.62083	0.2263	0.03882	0.11405
V625	0.22721	0.46102	0.11388	0.19789
V626	0.77741	0.06284	0.04655	0.1132
V627	0.08563	0.11495	0.10791	0.69151
V628	0.07424	0.26849	0.06255	0.59472
V629	0.14436	0.3211	0.23722	0.29732
V630	0.0773	0.34595	0.44658	0.13017
V631	0.08381	0.24917	0.12472	0.5423
V632	0.45918	0.06672	0.16109	0.31301
V633	0.05273	0.12071	0.63581	0.19075
V634	0.31971	0.29168	0.29169	0.09691
V635	0.06796	0.65389	0.03828	0.23987
V636	0.14358	0.17741	0.49007	0.18894
V637	0.261	0.24742	0.11361	0.37797
V638	0.30202	0.29072	0.09945	0.30781
V639	0.23333	0.41344	0.26657	0.08667
V640	0.07999	0.21386	0.5723	0.13385
V641	0.69667	0.08637	0.06991	0.14705
V642	0.59195	0.21136	0.03912	0.15758
V643	0.06362	0.24869	0.35462	0.33307
V644	0.72245	0.11591	0.0498	0.11184
V645	0.22658	0.39918	0.26613	0.10812
V646	0.04773	0.82428	0.03761	0.09038
V647	0.15753	0.16073	0.54121	0.14053
V648	0.32326	0.41678	0.1438	0.11616
V649	0.07434	0.14382	0.64035	0.14149
V650	0.09582	0.16534	0.59033	0.14851
V651	0.27308	0.07979	0.54603	0.1011
V652	0.12594	0.17321	0.35073	0.35012
V653	0.13377	0.57949	0.11158	0.17516
V654	0.53254	0.23463	0.09124	0.14159
V655	0.08067	0.52012	0.05236	0.34684
V656	0.20187	0.30304	0.05288	0.44221
V657	0.09853	0.14944	0.0633	0.68873
V658	0.45722	0.2477	0.09138	0.20369
V659	0.27572	0.16223	0.30823	0.25381
V660	0.06215	0.80209	0.03092	0.10484
V661	0.09991	0.41284	0.08285	0.40441
V662	0.33528	0.09046	0.39477	0.17949
V663	0.21958	0.14826	0.44859	0.18357
V664	0.19624	0.14126	0.52789	0.13461
V665	0.52595	0.22705	0.0769	0.1701
V666	0.45916	0.06717	0.1329	0.34077
V667	0.60486	0.11845	0.18145	0.09524
V668	0.12795	0.689	0.09908	0.08397
V669	0.20511	0.40217	0.2213	0.17142
V670	0.09835	0.76546	0.03159	0.1046
V671	0.29009	0.30997	0.2322	0.16773
V672	0.06747	0.11168	0.69835	0.1225
V673	0.20802	0.37184	0.20737	0.21277
V674	0.55043	0.19198	0.05972	0.19787
V675	0.14972	0.34448	0.26526	0.24054
V676	0.09426	0.18779	0.12859	0.58936
V677	0.30282	0.39469	0.11585	0.18663
V678	0.40528	0.45339	0.04552	0.0958
V679	0.08492	0.33007	0.4839	0.10111
V680	0.25457	0.4985	0.1416	0.10533
V681	0.70952	0.10736	0.05631	0.12681
V682	0.13001	0.31893	0.42764	0.12341
V683	0.04764	0.82351	0.04453	0.08433
V684	0.53472	0.20397	0.11943	0.14188
V685	0.38096	0.35086	0.13662	0.13156
V686	0.13161	0.241	0.15616	0.47123
V687	0.10133	0.10739	0.07147	0.71981
V688	0.30009	0.47567	0.03365	0.19058
V689	0.24359	0.08483	0.09161	0.57996
V690	0.37501	0.11226	0.3626	0.15013
V691	0.16693	0.08839	0.64506	0.09961
V692	0.1103	0.20391	0.53825	0.14753
V693	0.21558	0.18211	0.30668	0.29563
V694	0.07928	0.12108	0.25972	0.53993
V695	0.2329	0.09296	0.16954	0.5046
V696	0.1295	0.16068	0.0665	0.64332
V697	0.09374	0.13364	0.06559	0.70704
V698	0.64653	0.05932	0.05719	0.23696
V699	0.42959	0.30607	0.09653	0.16782
V700	0.22863	0.10899	0.0588	0.60358
V701	0.13106	0.48354	0.12017	0.26523
V702	0.42436	0.14486	0.05737	0.37341
V703	0.15656	0.13832	0.38915	0.31597
V704	0.63756	0.0983	0.06925	0.19489
V705	0.77211	0.04211	0.05848	0.1273
V706	0.11228	0.13213	0.59195	0.16364
V707	0.07607	0.41481	0.38606	0.12306
V708	0.07001	0.73503	0.04855	0.14641
V709	0.14728	0.29514	0.40558	0.152
V710	0.45772	0.24802	0.08387	0.21039
V711	0.1061	0.67606	0.1058	0.11204
V712	0.63747	0.10548	0.04825	0.2088
V713	0.33892	0.32142	0.06813	0.27152
V714	0.057	0.58878	0.05115	0.30308
V715	0.25164	0.34465	0.25867	0.14504
V716	0.1043	0.12609	0.08941	0.6802
V717	0.09822	0.77184	0.03122	0.09871
V718	0.15139	0.50513	0.16709	0.17639
V719	0.09015	0.61243	0.0621	0.23531
V720	0.54847	0.05896	0.23184	0.16073
V721	0.14454	0.22589	0.3721	0.25747
V722	0.12726	0.35357	0.05214	0.46703
V723	0.15041	0.15884	0.05985	0.6309
V724	0.45116	0.09674	0.11839	0.33371
V725	0.05238	0.16767	0.6585	0.12145
V726	0.08599	0.3835	0.13226	0.39825
V727	0.22949	0.57194	0.10695	0.09163
V728	0.06291	0.74116	0.10442	0.09151
V729	0.33517	0.09148	0.17601	0.39733
V730	0.70923	0.07747	0.08646	0.12684
V731	0.07914	0.25517	0.31863	0.34706
V732	0.29084	0.15282	0.30225	0.25409
V733	0.48927	0.23018	0.06959	0.21097
V734	0.21275	0.32234	0.37069	0.09423
V735	0.07831	0.12051	0.38845	0.41273
V736	0.17511	0.0995	0.063	0.66239
V737	0.26925	0.31225	0.21637	0.20214
V738	0.1098	0.34567	0.35205	0.19248
V739	0.0613	0.10473	0.47689	0.35708
V740	0.65491	0.1296	0.10505	0.11044
V741	0.37792	0.1684	0.14212	0.31157
V742	0.32474	0.54315	0.04486	0.08724
V743	0.14786	0.20085	0.53894	0.11234
V744	0.40836	0.10774	0.29831	0.18559
V745	0.05667	0.60137	0.16604	0.17592
V746	0.80474	0.03972	0.04867	0.10687
V747	0.10165	0.09398	0.55085	0.25352
V748	0.14486	0.17773	0.45376	0.22366
V749	0.24831	0.23123	0.08799	0.43247
V750	0.32397	0.43864	0.05233	0.18506
V751	0.07646	0.72822	0.06258	0.13274
V752	0.3556	0.26613	0.14656	0.23171
V753	0.09637	0.10733	0.06065	0.73565
V754	0.04986	0.78059	0.03085	0.1387
V755	0.16122	0.24939	0.28253	0.30685
V756	0.09963	0.10757	0.08944	0.70335
V757	0.27527	0.5242	0.08686	0.11367
V758	0.07705	0.64899	0.12579	0.14818
V759	0.15225	0.14715	0.32894	0.37166
V760	0.25652	0.13874	0.25093	0.35381
V761	0.0951	0.5169	0.23216	0.15584
V762	0.06539	0.38612	0.05338	0.49511
V763	0.30655	0.36225	0.06128	0.26992
V764	0.0498	0.77473	0.03657	0.1389
V765	0.51617	0.14623	0.04129	0.29632
V766	0.06599	0.34222	0.34569	0.2461
V767	0.37452	0.18485	0.228	0.21263
V768	0.08259	0.76259	0.04925	0.10556
V769	0.14443	0.70429	0.05493	0.09636
V770	0.04773	0.82428	0.03761	0.09038
V771	0.1735	0.09597	0.62375	0.10678
V772	0.15067	0.12109	0.6289	0.09934
V773	0.15893	0.70636	0.03812	0.09659
V774	0.06823	0.09753	0.71157	0.12268
V775	0.14989	0.13168	0.25037	0.46806
V776	0.33275	0.40766	0.08054	0.17905
V777	0.18498	0.18929	0.15104	0.47468
V778	0.40837	0.29973	0.09705	0.19485
V779	0.17927	0.12788	0.39739	0.29546
V780	0.12243	0.66166	0.13157	0.08434
V781	0.11257	0.11885	0.07738	0.69119
V782	0.05718	0.1919	0.6027	0.14823
V783	0.60841	0.07834	0.09072	0.22252
V784	0.11983	0.74708	0.04284	0.09025
V785	0.07009	0.78159	0.04342	0.1049
V786	0.5493	0.20194	0.11307	0.1357
V787	0.04196	0.7165	0.15071	0.09082
V788	0.38942	0.3172	0.16106	0.13232
V789	0.11259	0.37195	0.0635	0.45196
V790	0.36691	0.10417	0.11218	0.41674
V791	0.14751	0.37594	0.27101	0.20554
V792	0.14739	0.49259	0.03989	0.32013
V793	0.13471	0.57438	0.0617	0.22921
V794	0.08919	0.15793	0.59703	0.15586
V795	0.15061	0.12982	0.09772	0.62186
V796	0.07448	0.15829	0.6537	0.11353
V797	0.6001	0.05636	0.23205	0.11149
V798	0.47523	0.311	0.10351	0.11026
V799	0.13905	0.65885	0.05474	0.14737
V800	0.1122	0.11849	0.41075	0.35856
V801	0.15834	0.19375	0.27749	0.37042
V802	0.09598	0.16783	0.24189	0.49429
V803	0.20166	0.47837	0.23428	0.0857
V804	0.41522	0.08511	0.34154	0.15813
V805	0.06186	0.09854	0.7465	0.0931
V806	0.07681	0.76115	0.04362	0.11842
V807	0.23522	0.2145	0.07677	0.4735
V808	0.50589	0.29069	0.07621	0.12721
V809	0.08347	0.11882	0.70536	0.09234
V810	0.04772	0.83011	0.03191	0.09026
V811	0.33838	0.14859	0.20078	0.31225
V812	0.41671	0.28981	0.08419	0.20929
V813	0.4551	0.23424	0.18977	0.1209
V814	0.34402	0.4894	0.07299	0.09359
V815	0.04095	0.77674	0.09157	0.09074
V816	0.75661	0.04199	0.10258	0.09882
V817	0.0749	0.15107	0.66691	0.10712
V818	0.08553	0.13494	0.08371	0.69582
V819	0.64067	0.13159	0.08934	0.1384
V820	0.16235	0.17216	0.07174	0.59375
V821	0.199	0.33183	0.31775	0.15142
V822	0.10514	0.10919	0.67122	0.11446
V823	0.07327	0.24527	0.51415	0.16731
V824	0.11369	0.37476	0.42526	0.08629
V825	0.20402	0.31765	0.222	0.25633
V826	0.33918	0.40003	0.16003	0.10076
V827	0.30428	0.53748	0.04401	0.11424
V828	0.2113	0.22775	0.1279	0.43305
V829	0.09675	0.28568	0.07612	0.54145
V830	0.21097	0.27192	0.06683	0.45028
V831	0.59077	0.14331	0.07313	0.1928
V832	0.22945	0.39368	0.16378	0.21309
V833	0.15288	0.46822	0.16821	0.21069
V834	0.25979	0.15305	0.11127	0.4759
V835	0.28699	0.42699	0.12824	0.15778
V836	0.05727	0.59447	0.03931	0.30895
V837	0.20081	0.3807	0.17711	0.24139
V838	0.73962	0.08237	0.07296	0.10505
V839	0.25247	0.54153	0.11404	0.09196
V840	0.24864	0.62802	0.0379	0.08545
V841	0.05263	0.12846	0.67664	0.14226
V842	0.28901	0.2246	0.23404	0.25235
V843	0.06605	0.11131	0.66475	0.15789
V844	0.14271	0.17143	0.31483	0.37103
V845	0.10247	0.18125	0.56794	0.14834
V846	0.05686	0.10663	0.5843	0.25221
V847	0.09078	0.101	0.06711	0.74111
V848	0.11511	0.4706	0.16288	0.25141
V849	0.0409	0.8035	0.0374	0.11819
V850	0.78629	0.04116	0.05898	0.11357
V851	0.27641	0.4893	0.14875	0.08554
V852	0.14747	0.13802	0.14986	0.56465
V853	0.21726	0.2677	0.32723	0.18781
V854	0.45117	0.21853	0.12594	0.20436
V855	0.09078	0.101	0.06711	0.74111
V856	0.08728	0.36397	0.28796	0.26079
V857	0.51306	0.22053	0.06927	0.19713
V858	0.44452	0.07388	0.38005	0.10156
V859	0.50097	0.26659	0.05671	0.17572
V860	0.19427	0.18704	0.0923	0.52639
V861	0.11448	0.3597	0.42548	0.10034
V862	0.14893	0.16138	0.55554	0.13415
V863	0.20686	0.13862	0.05308	0.60144
V864	0.12391	0.12489	0.09406	0.65714
V865	0.1522	0.10084	0.24428	0.50268
V866	0.56882	0.07514	0.2453	0.11075
V867	0.56887	0.083	0.2451	0.10304
V868	0.39114	0.30257	0.14459	0.1617
V869	0.05564	0.81691	0.03694	0.0905
V870	0.13555	0.35395	0.0575	0.45301
V871	0.0409	0.8035	0.0374	0.11819
V872	0.082	0.11461	0.23083	0.57256
V873	0.69487	0.0777	0.09359	0.13384
V874	0.18257	0.67783	0.0553	0.0843
V875	0.07923	0.25288	0.19081	0.47708
V876	0.16205	0.34214	0.33088	0.16493
V877	0.08694	0.39656	0.24914	0.26736
V878	0.13655	0.69443	0.08498	0.08404
V879	0.17832	0.59918	0.06832	0.15418
V880	0.25571	0.50213	0.03861	0.20356
V881	0.16224	0.12872	0.47029	0.23875
V882	0.62337	0.0518	0.15624	0.16858
V883	0.24526	0.23957	0.42483	0.09035
V884	0.08457	0.30781	0.04447	0.56315
V885	0.55332	0.24129	0.11232	0.09307
V886	0.06156	0.3722	0.36752	0.19872
V887	0.48582	0.12829	0.17182	0.21407
V888	0.1283	0.13067	0.57082	0.17022
V889	0.72475	0.09158	0.06466	0.11901
V890	0.08316	0.214	0.47349	0.22936
V891	0.48428	0.11127	0.26803	0.13642
V892	0.24851	0.23719	0.05579	0.45851
V893	0.44008	0.25053	0.16203	0.14736
V894	0.09867	0.32964	0.44798	0.12371
V895	0.45521	0.13097	0.20066	0.21316
V896	0.06998	0.78776	0.03737	0.10489
V897	0.52891	0.27816	0.04489	0.14804
V898	0.38253	0.07276	0.05525	0.48946
V899	0.08761	0.25072	0.15089	0.51078
V900	0.11197	0.32346	0.29547	0.26911
V901	0.07221	0.70519	0.03675	0.18585
V902	0.07622	0.76129	0.07188	0.09061
V903	0.05086	0.40978	0.40983	0.12954
V904	0.05574	0.82231	0.03158	0.09037
V905	0.17677	0.09038	0.18311	0.54974
V906	0.32429	0.16474	0.12912	0.38185
V907	0.3365	0.47546	0.05244	0.13559
V908	0.0899	0.1355	0.10573	0.66887
V909	0.13801	0.68512	0.02999	0.14687
V910	0.18467	0.09036	0.14459	0.58037
V911	0.39491	0.38667	0.06585	0.15257
V912	0.30586	0.34117	0.13755	0.21542
V913	0.15573	0.09426	0.06477	0.68524
V914	0.17355	0.45672	0.24909	0.12064
V915	0.22376	0.08723	0.06054	0.62847
V916	0.22623	0.13134	0.50762	0.13481
V917	0.54671	0.09042	0.18151	0.18135
V918	0.0802	0.555	0.20292	0.16188
V919	0.19063	0.27845	0.25357	0.27734
V920	0.46424	0.24037	0.11902	0.17637
V921	0.09626	0.22399	0.07505	0.6047
V922	0.11831	0.43765	0.31545	0.1286
V923	0.13219	0.11031	0.08893	0.66857
V924	0.0712	0.58271	0.23255	0.11353
V925	0.19294	0.11876	0.06645	0.62184
V926	0.208	0.11081	0.07799	0.6032
V927	0.09741	0.12681	0.09508	0.68071
V928	0.07604	0.74845	0.0364	0.13911
V929	0.08874	0.56188	0.13251	0.21687
V930	0.38835	0.372	0.0664	0.17325
V931	0.14723	0.30317	0.39768	0.15192
V932	0.08465	0.1902	0.46712	0.25802
V933	0.4623	0.38681	0.04867	0.10222
V934	0.07203	0.22253	0.24122	0.46421
V935	0.42637	0.21264	0.20502	0.15597
V936	0.40183	0.29938	0.05554	0.24324
V937	0.41562	0.18764	0.11486	0.28188
V938	0.30777	0.1256	0.27613	0.2905
V939	0.57932	0.08013	0.11059	0.22996
V940	0.06271	0.6716	0.14615	0.11954
V941	0.05588	0.09851	0.74536	0.10025
V942	0.56274	0.22427	0.09924	0.11376
V943	0.31667	0.18816	0.35386	0.14131
V944	0.08114	0.30273	0.09505	0.52108
V945	0.42651	0.35961	0.04725	0.16663
V946	0.35077	0.28915	0.23337	0.12672
V947	0.1294	0.14161	0.21498	0.51401
V948	0.2876	0.10246	0.4956	0.11434
V949	0.07071	0.19148	0.19445	0.54336
V950	0.09061	0.48845	0.18958	0.23136
V951	0.65175	0.06609	0.17732	0.10484
V952	0.11566	0.20459	0.23401	0.44573
V953	0.06671	0.13622	0.67487	0.1222
V954	0.0946	0.24289	0.15096	0.51155
V955	0.13653	0.53499	0.05753	0.27095
V956	0.0905	0.11929	0.4113	0.37891
V957	0.29255	0.09549	0.05115	0.56081
V958	0.0969	0.10041	0.06204	0.74066
V959	0.20765	0.29102	0.34853	0.15281
V960	0.21348	0.30472	0.10635	0.37545
V961	0.14583	0.38234	0.28682	0.18502
V962	0.29236	0.22304	0.32944	0.15516
V963	0.4493	0.21806	0.16985	0.1628
V964	0.65104	0.08281	0.13325	0.1329
V965	0.09224	0.46622	0.17499	0.26654
V966	0.77878	0.05535	0.05231	0.11356
V967	0.10352	0.1342	0.41823	0.34404
V968	0.04946	0.21545	0.58682	0.14827
V969	0.07546	0.31787	0.07432	0.53236
V970	0.08915	0.19956	0.34195	0.36934
V971	0.38871	0.15133	0.29564	0.16431
V972	0.38982	0.24597	0.08399	0.28022
V973	0.23074	0.40737	0.10089	0.26101
V974	0.04924	0.66466	0.13228	0.15382
V975	0.12324	0.31208	0.47016	0.09451
V976	0.33949	0.28323	0.13269	0.2446
V977	0.26531	0.35879	0.28198	0.09392
V978	0.11946	0.17064	0.10274	0.60715
V979	0.62956	0.0706	0.19497	0.10487
V980	0.80474	0.03972	0.04867	0.10687
V981	0.28408	0.11157	0.36354	0.24081
V982	0.33971	0.39149	0.10264	0.16616
V983	0.53982	0.12154	0.04867	0.28996
V984	0.05611	0.70763	0.11728	0.11898
V985	0.12231	0.24516	0.05302	0.57952
V986	0.26465	0.48124	0.07768	0.17643
V987	0.21214	0.65163	0.03112	0.10511
V988	0.21536	0.10345	0.06549	0.61569
V989	0.34625	0.44493	0.10142	0.10739
V990	0.05235	0.13639	0.60677	0.20449
V991	0.50088	0.35895	0.03707	0.10311
V992	0.20202	0.09291	0.42261	0.28247
V993	0.09167	0.62239	0.15935	0.12659
V994	0.17597	0.67174	0.05543	0.09685
V995	0.55923	0.16158	0.07293	0.20625
V996	0.24428	0.19061	0.05831	0.5068
V997	0.06895	0.10506	0.63476	0.19123
V998	0.68222	0.06275	0.10813	0.1469
V999	0.12722	0.7519	0.03062	0.09026
V1000	0.27877	0.10385	0.05095	0.56643
