CD14.pos.CD16.neg.classical.monocyte	mature.neutrophil	memory.B.cell	cytotoxic.CD56.dim.NK.cell	memory.CD4.pos.AB.T.cell	macrophage
V1	0.0997	0.01242	0.60961	0.03235	0.08761	0.1583
V2	0.39659	0.10553	0.02212	0.08968	0.15509	0.23099
V3	0.18335	0.04696	0.15342	0.01442	0.07298	0.52887
V4	0.165	0.35899	0.01401	0.08079	0.14371	0.23751
V5	0.03012	0.04023	0.02644	0.41143	0.32929	0.16248
V6	0.1858	0.01453	0.13619	0.04386	0.17301	0.4466
V7	0.02856	0.31958	0.03123	0.0523	0.40335	0.16497
V8	0.47132	0.05524	0.01998	0.09175	0.08858	0.27313
V9	0.21943	0.13189	0.0053	0.1793	0.11586	0.34822
V10	0.32662	0.03565	0.05134	0.2268	0.12887	0.23072
V11	0.06468	0.62753	0.02166	0.04524	0.08898	0.15191
V12	0.18331	0.03262	0.04773	0.01841	0.07199	0.64594
V13	0.0695	0.41683	0.23882	0.0417	0.08263	0.15052
V14	0.08037	0.02033	0.02351	0.53729	0.16375	0.17476
V15	0.33669	0.06877	0.02044	0.10178	0.22045	0.25187
V16	0.06525	0.0074	0.03587	0.27808	0.35218	0.26122
V17	0.17625	0.03507	0.11219	0.01296	0.0659	0.59763
V18	0.48314	0.13105	0.02126	0.03961	0.07547	0.24947
V19	0.39925	0.05284	0.14543	0.03255	0.13697	0.23296
V20	0.42136	0.06222	0.07178	0.09145	0.08805	0.26515
V21	0.18769	0.04027	0.02332	0.02003	0.09479	0.6339
V22	0.13358	0.04603	0.05068	0.08244	0.4766	0.21067
V23	0.05307	0.00977	0.29788	0.04823	0.43089	0.16016
V24	0.11127	0.01519	0.04661	0.11308	0.5004	0.21346
V25	0.31705	0.23067	0.00827	0.10995	0.11359	0.22048
V26	0.19487	0.02282	0.05436	0.04415	0.48605	0.19775
V27	0.16055	0.01787	0.1339	0.01806	0.07351	0.5961
V28	0.1044	0.19845	0.13014	0.16501	0.11572	0.28628
V29	0.07012	0.47133	0.07936	0.07215	0.07608	0.23096
V30	0.17485	0.15911	0.10155	0.02728	0.22131	0.31591
V31	0.43586	0.03504	0.14001	0.04107	0.07619	0.27183
V32	0.04661	0.0113	0.27914	0.34931	0.12986	0.1838
V33	0.18076	0.32298	0.17976	0.03999	0.07383	0.20269
V34	0.01673	0.00071	0.4162	0.05225	0.35485	0.15927
V35	0.03907	0.04177	0.1649	0.35441	0.21828	0.18158
V36	0.07373	0.39211	0.10893	0.0399	0.21576	0.16957
V37	0.07166	0.00632	0.56796	0.03245	0.08325	0.23835
V38	0.17388	0.01466	0.10679	0.01247	0.06635	0.62584
V39	0.39922	0.04514	0.01643	0.18934	0.10289	0.24698
V40	0.06316	0.39923	0.01978	0.12654	0.17027	0.22103
V41	0.44842	0.04136	0.02898	0.02778	0.07766	0.3758
V42	0.19922	0.01461	0.40192	0.0268	0.10977	0.24768
V43	0.1474	0.32397	0.023	0.05075	0.2336	0.22129
V44	0.06895	0.63586	0.01545	0.04049	0.07705	0.1622
V45	0.28702	0.25605	0.04058	0.03855	0.08305	0.29475
V46	0.07845	0.00665	0.04173	0.1955	0.33116	0.3465
V47	0.05929	0.33537	0.02107	0.12551	0.25517	0.20359
V48	0.04463	0.48381	0.15973	0.03401	0.13464	0.14318
V49	0.06071	0.60363	0.01784	0.04022	0.1259	0.1517
V50	0.02002	0	0.25255	0.04827	0.47443	0.20473
V51	0	0.00792	0.07087	0.05967	0.69328	0.16825
V52	0.05395	0.43125	0.20607	0.05324	0.10197	0.15353
V53	0.1032	0.00822	0.12172	0.06302	0.5256	0.17824
V54	0.07551	0.08747	0.43613	0.05705	0.14062	0.20321
V55	0	0.03301	0.14867	0.0658	0.58873	0.16378
V56	0.03139	0.02836	0.57474	0.10163	0.12368	0.14019
V57	0.13893	0.27675	0.0442	0.02439	0.15849	0.35724
V58	0.04712	0.00911	0.63684	0.04294	0.09003	0.17395
V59	0.06606	0.01415	0.01327	0.5517	0.18602	0.1688
V60	0.34911	0.02412	0.01599	0.27225	0.11757	0.22096
V61	0.24029	0.10334	0.01579	0.11982	0.12467	0.39609
V62	0.34675	0.03827	0.06938	0.09687	0.14358	0.30516
V63	0.10108	0.38908	0.01431	0.07356	0.08499	0.33698
V64	0	0.08499	0.06097	0.05033	0.63905	0.16466
V65	0.35299	0.11576	0.03229	0.03737	0.10076	0.36083
V66	0.31991	0.03652	0.11656	0.0466	0.26067	0.21975
V67	0.08491	0.10962	0.24117	0.17116	0.10014	0.29299
V68	0.53044	0.05048	0.02319	0.05543	0.07884	0.26162
V69	0.37567	0.04867	0.01591	0.02409	0.08658	0.44908
V70	0.05782	0.00749	0.19083	0.39206	0.18791	0.16389
V71	0.05823	0.1985	0.05109	0.09667	0.32625	0.26926
V72	0.37939	0.11009	0.06728	0.04097	0.11525	0.28702
V73	0.07227	0.00356	0.08911	0.48798	0.17575	0.17134
V74	0.04044	0.12032	0.01925	0.50023	0.16297	0.1568
V75	0.04952	0.63428	0.01011	0.0557	0.10115	0.14924
V76	0.03636	0.0015	0.54749	0.05375	0.2101	0.1508
V77	0.10568	0.10654	0.08776	0.3555	0.13051	0.21402
V78	0.34166	0.10502	0.0494	0.09992	0.09276	0.31123
V79	0.11289	0.40611	0.01585	0.02298	0.06567	0.37649
V80	0.10486	0.42737	0.00992	0.03053	0.07827	0.34906
V81	0.44977	0.10415	0.06622	0.03778	0.08665	0.25543
V82	0.04695	0.57359	0.01643	0.06413	0.14069	0.15821
V83	0.12355	0.11705	0.03257	0.27432	0.21968	0.23282
V84	0.25443	0.01994	0.07911	0.28204	0.13866	0.22581
V85	0.50891	0.04667	0.07453	0.03887	0.07631	0.2547
V86	0.20579	0.02936	0.10545	0.19829	0.10908	0.35202
V87	0.04317	0.01946	0.03196	0.56259	0.1691	0.17373
V88	0.11258	0.02337	0.0156	0.33135	0.16261	0.35448
V89	0.10506	0.11959	0.33173	0.02498	0.07165	0.34699
V90	0.07419	0.49045	0.10482	0.03888	0.12102	0.17066
V91	0.02658	0.01278	0.09114	0.11111	0.57606	0.18234
V92	0	0.05651	0.06927	0.05536	0.64103	0.17782
V93	0.17003	0.05232	0.02854	0.0828	0.25557	0.41076
V94	0.03684	0.00785	0.2209	0.43433	0.146	0.15408
V95	0.00939	0.00793	0.28263	0.11274	0.43418	0.15312
V96	0.06928	0.28287	0.03269	0.0595	0.28291	0.27276
V97	0	0.01367	0.07326	0.09253	0.65833	0.16221
V98	0.05364	0.06154	0.02007	0.47917	0.21722	0.16837
V99	0.03955	0.02097	0.0199	0.57718	0.17853	0.16387
V100	0.03651	0.00345	0.37701	0.19234	0.20975	0.18093
V101	0.04286	0.26976	0.34895	0.09165	0.09228	0.1545
V102	0.49574	0.05163	0.08715	0.03839	0.07624	0.25085
V103	0.41763	0.04748	0.02677	0.12716	0.12403	0.25692
V104	0.05692	0.00035	0.18717	0.4303	0.15598	0.16927
V105	0.18091	0.01854	0.06769	0.01278	0.06589	0.65419
V106	0.09242	0	0.44946	0.02018	0.08241	0.35553
V107	0.08587	0.47577	0.18071	0.03276	0.07474	0.15014
V108	0.14007	0.03013	0.04944	0.02417	0.21033	0.54586
V109	0.14842	0.01882	0.03002	0.01741	0.19451	0.59081
V110	0.06442	0.11817	0.53123	0.02844	0.08838	0.16937
V111	0.03269	0.01749	0.65436	0.04542	0.10491	0.14513
V112	0.05985	0.25091	0.00035	0.38632	0.14153	0.16103
V113	0.04046	0.0646	0.49539	0.05627	0.18946	0.15381
V114	0.12562	0.00232	0.49267	0.11726	0.09705	0.16508
V115	0.3003	0.066	0.03063	0.04207	0.16311	0.39789
V116	0.52272	0.04876	0.02242	0.06588	0.08045	0.25977
V117	0.34623	0.03301	0.02702	0.0935	0.27117	0.22908
V118	0.05308	0.50379	0.09122	0.05555	0.12975	0.16661
V119	0.0571	0.60433	0.01902	0.06243	0.084	0.17312
V120	0.09388	0.15299	0.09292	0.28671	0.18424	0.18926
V121	0.25383	0.02219	0.01396	0.17983	0.09198	0.43821
V122	0.2221	0.02786	0.01655	0.37729	0.16066	0.19553
V123	0.25897	0.02558	0.0189	0.04992	0.1702	0.47644
V124	0.01075	0.0029	0.27494	0.05213	0.49816	0.16112
V125	0.05543	0.10857	0.49266	0.06725	0.08629	0.1898
V126	0.14246	0.19977	0.04618	0.02052	0.07052	0.52054
V127	0.06153	0.00167	0.59232	0.08956	0.1031	0.15182
V128	0.23605	0.20247	0.09117	0.12816	0.13642	0.20574
V129	0.03547	0.01529	0.61785	0.07851	0.10196	0.15091
V130	0.34414	0.11404	0.01555	0.17905	0.11895	0.22827
V131	0.03806	0.00357	0.07616	0.05491	0.56717	0.26013
V132	0.04889	0.35189	0.30888	0.03121	0.11323	0.1459
V133	0.06858	0.14131	0.4308	0.0821	0.12652	0.15068
V134	0.14077	0.47096	0.0165	0.04048	0.1371	0.1942
V135	0.081	0.0067	0.53833	0.02867	0.11957	0.22573
V136	0.0937	0.52577	0.06466	0.04606	0.10369	0.16613
V137	0.04753	0.11804	0.4325	0.04477	0.21245	0.14471
V138	0.13238	0.00242	0.02554	0.25658	0.16918	0.4139
V139	0.07098	0.03543	0.14696	0.03523	0.35928	0.35212
V140	0.3707	0.19065	0.04209	0.07515	0.08486	0.23655
V141	0.18526	0.20599	0.10208	0.18645	0.12067	0.19955
V142	0.11524	0.51887	0.01692	0.07045	0.07714	0.20138
V143	0.07479	0.04288	0.47348	0.0778	0.15951	0.17153
V144	0.15689	0.13441	0.01893	0.08822	0.08099	0.52055
V145	0.04541	0.00609	0.02595	0.57655	0.1654	0.1806
V146	0.08455	0.01289	0.10669	0.04893	0.52396	0.22298
V147	0.32154	0.07395	0.09027	0.0502	0.07312	0.39092
V148	0.04299	0.13229	0.56257	0.02992	0.08416	0.14806
V149	0.1164	0.36501	0.00243	0.03724	0.06712	0.4118
V150	0.04399	0.00789	0.01553	0.57527	0.19123	0.16609
V151	0.13028	0.30186	0.00541	0.02497	0.08224	0.45524
V152	0.07105	0.1728	0.33535	0.05245	0.17604	0.19231
V153	0.0343	0.02656	0.48013	0.1833	0.12756	0.14815
V154	0.29783	0.17745	0.01598	0.02267	0.06705	0.41902
V155	0.05166	0.27535	0.096	0.03624	0.34791	0.19284
V156	0.01755	0.37624	0.03526	0.04142	0.37908	0.15045
V157	0.12564	0.08502	0.03954	0.17878	0.10286	0.46816
V158	0.04636	0.0456	0.63611	0.03219	0.08832	0.15141
V159	0.12349	0.17698	0.25593	0.13371	0.12255	0.18734
V160	0.05184	0.00175	0.6307	0.03636	0.08835	0.19099
V161	0.04305	0.38425	0.00484	0.23811	0.1794	0.15035
V162	0.04827	0.41343	0.01339	0.1137	0.23826	0.17295
V163	0.04562	0.00527	0.67027	0.03439	0.09132	0.15313
V164	0.04217	0.26356	0.29124	0.10007	0.15062	0.15234
V165	0.03122	0.0181	0.08336	0.05607	0.57494	0.2363
V166	0.07881	0.0083	0.03431	0.11909	0.38943	0.37006
V167	0.04052	0	0.33051	0.32452	0.14826	0.15619
V168	0.42758	0.04126	0.01691	0.17147	0.09466	0.24811
V169	0.04935	0.00554	0.52023	0.15282	0.11096	0.1611
V170	0.29725	0.03932	0.08858	0.20575	0.15131	0.2178
V171	0.14467	0.34594	0.01751	0.02234	0.07721	0.39233
V172	0.09101	0.04887	0.40398	0.13155	0.10049	0.22409
V173	0.0578	0.01322	0.57588	0.02749	0.0955	0.23011
V174	0.38514	0.10574	0.02857	0.04161	0.20913	0.22982
V175	0.08053	0.49648	0.10452	0.045	0.11653	0.15694
V176	0.03226	0.00523	0.67044	0.04083	0.10538	0.14587
V177	0.12514	0.05992	0.25369	0.04236	0.19782	0.32107
V178	0.00991	0.03563	0.09024	0.04993	0.63402	0.18027
V179	0.06553	0	0.049	0.40186	0.20936	0.27425
V180	0.20557	0.01331	0.14778	0.2562	0.10909	0.26804
V181	0.33334	0.10469	0.05985	0.0671	0.1248	0.31023
V182	0.04562	0.06439	0.56767	0.07056	0.09036	0.1614
V183	0.0515	0.0078	0.01969	0.5865	0.16789	0.16662
V184	0.25204	0.31335	0.01901	0.05063	0.15905	0.20593
V185	0.10628	0.39159	0.02973	0.03493	0.16607	0.2714
V186	0.03332	0	0.46846	0.22881	0.12421	0.14519
V187	0.19568	0.3808	0.01297	0.04652	0.17589	0.18814
V188	0.12363	0.43467	0.00921	0.0425	0.06919	0.3208
V189	0.03474	0.05017	0.17614	0.05469	0.43863	0.24562
V190	0.04078	0.1371	0.04543	0.04857	0.45697	0.27114
V191	0.10111	0.43345	0.0034	0.03054	0.07837	0.35313
V192	0.33525	0.18761	0.07855	0.04814	0.11711	0.23334
V193	0.16789	0.1018	0.01865	0.01859	0.07087	0.6222
V194	0.00856	0.02017	0.07907	0.11771	0.59463	0.17986
V195	0.03419	0.00031	0.54517	0.09246	0.17835	0.14952
V196	0.0396	0.00629	0.03582	0.55484	0.19421	0.16924
V197	0.13358	0.01099	0.07318	0.05117	0.53422	0.19685
V198	0.09481	0.30736	0.04867	0.12609	0.24472	0.17835
V199	0.02698	0.17429	0.1183	0.10383	0.41182	0.16478
V200	0.08267	0.00344	0.42606	0.16241	0.10719	0.21823
V201	0.05259	0.00633	0.01198	0.57681	0.16483	0.18745
V202	0.09556	0.04163	0.32583	0.04823	0.18111	0.30764
V203	0.37177	0.04921	0.01504	0.23028	0.10376	0.22993
V204	0.17621	0.04599	0.04185	0.11109	0.08612	0.53874
V205	0.03895	0.01791	0.65965	0.04483	0.09272	0.14592
V206	0.04281	0.03821	0.10185	0.48327	0.17583	0.15804
V207	0.26465	0.15097	0.03964	0.17141	0.11039	0.26293
V208	0.25971	0.07357	0.29287	0.05853	0.11891	0.1964
V209	0.20441	0.3639	0.00448	0.04952	0.07696	0.30073
V210	0.09983	0.01945	0.60353	0.03212	0.08698	0.15808
V211	0.33029	0.04505	0.09454	0.03454	0.17801	0.31757
V212	0.04625	0.20342	0.16936	0.26168	0.15555	0.16374
V213	0.03768	0.05275	0.24824	0.0587	0.44037	0.16227
V214	0.48276	0.05732	0.03537	0.06604	0.10328	0.25521
V215	0.10165	0.46718	0.00257	0.04855	0.07017	0.30988
V216	0.11186	0.37651	0.22743	0.0363	0.08753	0.16038
V217	0.17596	0.00717	0.05959	0.07704	0.26225	0.41798
V218	0.07439	0.25208	0.00807	0.36302	0.14416	0.15828
V219	0.47999	0.04489	0.02953	0.03027	0.07894	0.33638
V220	0.10489	0.01362	0.02231	0.521	0.15415	0.18402
V221	0.09483	0.5431	0.03039	0.08303	0.08638	0.16227
V222	0.06685	0.21564	0.05943	0.13034	0.33969	0.18805
V223	0.10347	0.22783	0.19924	0.02515	0.08696	0.35734
V224	0.01338	0.00246	0.35297	0.04443	0.43437	0.15239
V225	0.21585	0.02998	0.02871	0.01907	0.06672	0.63967
V226	0.19596	0.04387	0.17007	0.19585	0.17813	0.21612
V227	0.39417	0.02944	0.01709	0.15799	0.09667	0.30463
V228	0.11497	0.17531	0.34828	0.06173	0.1065	0.19322
V229	0.13474	0.00806	0.2897	0.17956	0.19189	0.19603
V230	0.06327	0.11807	0.53738	0.03443	0.08338	0.16346
V231	0.07213	0.02074	0.01854	0.54218	0.17767	0.16873
V232	0.28313	0.02516	0.00786	0.18812	0.09978	0.39595
V233	0.48659	0.05026	0.0346	0.07065	0.09185	0.26606
V234	0.28991	0.02172	0.03716	0.0512	0.37445	0.22556
V235	0.09245	0.00586	0.03143	0.52066	0.16727	0.18233
V236	0.06421	0	0.18287	0.0468	0.4151	0.29102
V237	0.03883	0.00158	0.60454	0.09557	0.11167	0.14781
V238	0.38133	0.02903	0.0468	0.0766	0.10158	0.36466
V239	0.33173	0.04349	0.09901	0.11145	0.16719	0.24713
V240	0.00949	0.18994	0.0399	0.11861	0.4812	0.16085
V241	0.34883	0.14422	0.01626	0.13837	0.11849	0.23383
V242	0.22398	0.04831	0.04538	0.12525	0.13991	0.41717
V243	0.04939	0.29277	0.34808	0.05813	0.10646	0.14517
V244	0.11449	0.01997	0.04828	0.03385	0.43951	0.3439
V245	0.441	0.0406	0.02301	0.02759	0.08309	0.38471
V246	0.03045	0.03518	0.20402	0.26207	0.30308	0.16519
V247	0.22878	0.07263	0.01414	0.12663	0.09454	0.46327
V248	0.17413	0.03179	0.03168	0.17281	0.3671	0.2225
V249	0.18103	0.12652	0.28135	0.07601	0.081	0.25408
V250	0.04766	0.02067	0.01821	0.57805	0.1655	0.16992
V251	0.05716	0.43286	0.1148	0.14256	0.09613	0.1565
V252	0.04077	0.01169	0.04817	0.53552	0.19052	0.17334
V253	0.10053	0.04472	0.01859	0.26042	0.19554	0.3802
V254	0.05177	0.19814	0.08515	0.15276	0.31232	0.19987
V255	0.24274	0.23927	0.06183	0.06732	0.11795	0.27089
V256	0.05437	0.63335	0.00971	0.04505	0.09349	0.16403
V257	0.05274	0.32028	0.04998	0.05269	0.32097	0.20335
V258	0.05646	0.1806	0.11419	0.3554	0.12564	0.16771
V259	0.04815	0.42276	0.25177	0.04082	0.07614	0.16036
V260	0.0843	0.03482	0.0617	0.05225	0.51048	0.25646
V261	0.31525	0.03649	0.04934	0.05242	0.21812	0.32839
V262	0.07867	0.01083	0.58815	0.03994	0.13224	0.15017
V263	0.05001	0.04116	0.4805	0.15854	0.10962	0.16018
V264	0.3645	0.04143	0.08893	0.0497	0.11664	0.3388
V265	0.01607	0.00981	0.0677	0.06917	0.66294	0.17431
V266	0.21085	0.04932	0.0275	0.01968	0.07198	0.62066
V267	0.13771	0.51829	0.00607	0.08349	0.08634	0.1681
V268	0.52277	0.05064	0.01762	0.03815	0.07576	0.29506
V269	0.05595	0.03778	0.1081	0.46697	0.16604	0.16516
V270	0.19363	0.38059	0.03104	0.04536	0.1578	0.19158
V271	0.1287	0.09972	0.18801	0.02641	0.08047	0.47669
V272	0.01971	0.00527	0.05866	0.09895	0.59708	0.22033
V273	0.0401	0.00455	0.09576	0.09785	0.55626	0.20547
V274	0.15572	0.01556	0.12653	0.04609	0.07819	0.57791
V275	0.40941	0.17328	0.01817	0.04193	0.07967	0.27754
V276	0.14351	0.20082	0.06685	0.07025	0.10378	0.41478
V277	0.30875	0.03842	0.02557	0.02986	0.16088	0.43652
V278	0.10737	0.09329	0.10317	0.18382	0.32028	0.19208
V279	0.17791	0.04447	0.15422	0.04954	0.08475	0.48911
V280	0.11152	0.00675	0.01612	0.51493	0.15934	0.19134
V281	0.05725	0.61892	0.03195	0.059	0.07907	0.1538
V282	0.01014	0.0356	0.06764	0.08981	0.62132	0.1755
V283	0.01903	0.34787	0.03009	0.04673	0.39423	0.16205
V284	0.07317	0.07044	0.24593	0.22984	0.13806	0.24256
V285	0.04725	0.0208	0.0121	0.57772	0.17175	0.17038
V286	0.40716	0.05238	0.07092	0.14347	0.09066	0.23542
V287	0.01545	0.01181	0.085	0.09914	0.58663	0.20196
V288	0.13569	0.21611	0.02475	0.02602	0.15148	0.44595
V289	0.03567	0.06379	0.54251	0.09442	0.11366	0.14995
V290	0.04203	0.00035	0.18646	0.44615	0.15259	0.17243
V291	0.05996	0.02719	0.01021	0.55808	0.16753	0.17703
V292	0.1255	0.07274	0.02627	0.38182	0.21314	0.18053
V293	0	0.04135	0.0906	0.0564	0.64015	0.1715
V294	0.31788	0.04536	0.02687	0.04436	0.26718	0.29835
V295	0.22015	0.02373	0.02974	0.0141	0.07217	0.6401
V296	0.06416	0.28915	0.0722	0.19633	0.13934	0.23882
V297	0.17548	0.06819	0.01462	0.01848	0.071	0.65223
V298	0.05287	0.56611	0.11941	0.04125	0.07573	0.14463
V299	0.12429	0.06323	0.52412	0.03599	0.09026	0.1621
V300	0.42552	0.11667	0.03836	0.03451	0.0729	0.31204
V301	0.29968	0.32059	0.04668	0.04336	0.08098	0.2087
V302	0.04897	0.21959	0.05937	0.34342	0.16069	0.16797
V303	0.04794	0.52199	0.06209	0.04674	0.16377	0.15747
V304	0.00993	0.00962	0.08874	0.05288	0.66627	0.17257
V305	0.08187	0.00309	0.14793	0.28317	0.17743	0.30652
V306	0.29016	0.09804	0.01211	0.02449	0.06732	0.50788
V307	0.11483	0.01544	0.05686	0.05443	0.52235	0.23608
V308	0.04022	0.01481	0.01348	0.59118	0.17539	0.16493
V309	0.04813	0.41834	0.00465	0.26193	0.10779	0.15917
V310	0.10099	0.28844	0.19644	0.02761	0.08181	0.30471
V311	0.33871	0.03191	0.02139	0.02571	0.06916	0.51312
V312	0.10207	0.01284	0.03378	0.2575	0.39527	0.19854
V313	0.25185	0.03098	0.01403	0.04305	0.07003	0.59006
V314	0.1959	0.01874	0.01478	0.43467	0.14529	0.19063
V315	0.12359	0.51801	0.01545	0.03615	0.11237	0.19442
V316	0.22152	0.02505	0.02638	0.05913	0.08443	0.58349
V317	0.09239	0.00162	0.0165	0.44042	0.16954	0.27953
V318	0.04505	0.01208	0.0385	0.56237	0.16271	0.17929
V319	0.24307	0.14799	0.1875	0.11407	0.09268	0.21469
V320	0.18206	0.15	0.2453	0.09447	0.08997	0.2382
V321	0.05164	0.491	0.00023	0.20359	0.10438	0.14915
V322	0.04072	0.00173	0.12166	0.05335	0.5242	0.25834
V323	0.04583	0.22881	0.01564	0.27023	0.27756	0.16193
V324	0.08557	0.02992	0.06497	0.16299	0.35362	0.30293
V325	0.09071	0.60508	0.02689	0.03893	0.07658	0.16181
V326	0.13264	0.54504	0.02148	0.03742	0.09181	0.17161
V327	0.08816	0.00551	0.62814	0.03301	0.08892	0.15625
V328	0.13097	0.1568	0.1609	0.12128	0.24991	0.18013
V329	0.02586	0.00074	0.44914	0.03931	0.32047	0.16449
V330	0.03956	0.0044	0.6594	0.04015	0.10427	0.15222
V331	0.40843	0.08324	0.05095	0.07877	0.08494	0.29367
V332	0.08873	0.05158	0.14255	0.03319	0.3184	0.36554
V333	0.04439	0.01084	0.35838	0.23875	0.17123	0.1764
V334	0.04102	0.31553	0.30912	0.10334	0.08759	0.14341
V335	0.11461	0.01622	0.53312	0.03278	0.083	0.22028
V336	0.2209	0.44249	0.02704	0.0353	0.07883	0.19546
V337	0.04959	0.14702	0.09306	0.04958	0.49751	0.16323
V338	0.4268	0.03521	0.05476	0.03924	0.17882	0.26517
V339	0.10466	0.06502	0.29604	0.18038	0.11822	0.23569
V340	0.36898	0.21978	0.01039	0.05917	0.09398	0.2477
V341	0.1929	0.0389	0.04347	0.36702	0.15916	0.19854
V342	0.0896	0.00789	0.02337	0.41722	0.17231	0.2896
V343	0.17037	0.12721	0.09561	0.03277	0.07959	0.49446
V344	0.05927	0.4657	0.01075	0.04884	0.1864	0.22903
V345	0	0.00935	0.07759	0.05973	0.68835	0.16497
V346	0.12133	0.01242	0.04061	0.29116	0.32897	0.20551
V347	0.29621	0.11826	0.04127	0.08621	0.23782	0.22024
V348	0.10252	0.09836	0.47326	0.04187	0.12058	0.16341
V349	0.4345	0.08699	0.04606	0.08807	0.1063	0.23808
V350	0.28449	0.04493	0.10398	0.16348	0.09179	0.31133
V351	0.21618	0.06739	0.04435	0.03184	0.07981	0.56043
V352	0.08156	0.25229	0.0252	0.02676	0.26209	0.35211
V353	0.04138	0.13236	0.56887	0.03033	0.08466	0.1424
V354	0.12786	0.03875	0.19631	0.02704	0.27296	0.33708
V355	0.03732	0.02545	0.66529	0.03964	0.09223	0.14007
V356	0.32662	0.11141	0.03508	0.16631	0.1105	0.25008
V357	0.20463	0.01576	0.31426	0.04464	0.22138	0.19933
V358	0.17636	0.0158	0.06064	0.03433	0.07482	0.63806
V359	0.12758	0.07238	0.01566	0.40363	0.18388	0.19687
V360	0.31137	0.02007	0.02825	0.15503	0.23776	0.24752
V361	0.05334	0.64737	0.00988	0.05044	0.08462	0.15435
V362	0.05502	0.41886	0.0261	0.23972	0.11074	0.14956
V363	0.43201	0.08042	0.05705	0.03268	0.13395	0.26389
V364	0.14123	0.14872	0.02496	0.04015	0.14173	0.50321
V365	0.26486	0.31313	0.01098	0.1195	0.08464	0.20689
V366	0.08912	0.1893	0.35091	0.06972	0.13415	0.1668
V367	0.04361	0.00297	0.04136	0.39401	0.32585	0.1922
V368	0.1248	0.10853	0.07525	0.04108	0.16274	0.48759
V369	0.02577	0.02651	0.05591	0.08654	0.58494	0.22034
V370	0.05827	0.05533	0.4756	0.11587	0.10708	0.18785
V371	0.08991	0.19833	0.00547	0.32559	0.11545	0.26525
V372	0.06256	0.50361	0.01094	0.051	0.17405	0.19784
V373	0.47395	0.05234	0.01638	0.02913	0.07289	0.35531
V374	0.15543	0.01133	0.19463	0.32169	0.14196	0.17495
V375	0.26172	0.02139	0.17263	0.06861	0.25396	0.22169
V376	0.14709	0.04451	0.03273	0.08917	0.12531	0.56118
V377	0.04967	0.00833	0.34367	0.03997	0.38549	0.17287
V378	0.16498	0.05974	0.14798	0.01486	0.0909	0.52153
V379	0.31176	0.03109	0.10578	0.02005	0.06878	0.46255
V380	0	0.03425	0.09096	0.06215	0.64079	0.17186
V381	0.2416	0.03225	0.23535	0.19371	0.10844	0.18866
V382	0.0089	0.02748	0.06031	0.17511	0.55914	0.16906
V383	0.1587	0.03272	0.30226	0.20681	0.1184	0.18111
V384	0.05927	0.01683	0.60702	0.0453	0.1208	0.15078
V385	0.19684	0.02898	0.03544	0.01329	0.06574	0.65972
V386	0.36806	0.04845	0.19925	0.03648	0.11293	0.23482
V387	0.18539	0.0168	0.04892	0.42417	0.13775	0.18696
V388	0.45775	0.06788	0.11963	0.03236	0.08151	0.24087
V389	0.26099	0.08113	0.01974	0.01753	0.07169	0.54892
V390	0.07788	0.03095	0.015	0.46568	0.16761	0.24287
V391	0.05424	0.00934	0.03832	0.38859	0.30569	0.20382
V392	0.09672	0.02565	0.34438	0.08894	0.08341	0.36091
V393	0.07964	0.10986	0.29368	0.06628	0.16997	0.28056
V394	0.04438	0.00563	0.04269	0.5397	0.19803	0.16957
V395	0.03216	0.04582	0.65395	0.03894	0.09111	0.13802
V396	0.32639	0.06674	0.01642	0.23863	0.13659	0.21523
V397	0.15711	0.14233	0.0366	0.02086	0.09494	0.54816
V398	0.06209	0.49778	0.02542	0.05317	0.19376	0.16778
V399	0.04324	0.00186	0.62445	0.06146	0.10528	0.16371
V400	0.13163	0.02621	0.00615	0.25516	0.10992	0.47094
V401	0.11875	0.01638	0.47889	0.0364	0.1524	0.19717
V402	0.08406	0.01325	0.01611	0.54224	0.15792	0.18641
V403	0.11239	0.00475	0.03718	0.04664	0.30611	0.49293
V404	0.03681	0.01287	0.68156	0.03528	0.09263	0.14085
V405	0.23313	0.27672	0.0783	0.06609	0.15142	0.19433
V406	0.13852	0.04627	0.15105	0.08127	0.19381	0.38907
V407	0.08382	0.01331	0.52792	0.02512	0.08645	0.26338
V408	0.0715	0.08197	0.03114	0.44927	0.13887	0.22725
V409	0.52178	0.07216	0.01748	0.03387	0.07526	0.27944
V410	0.53248	0.05914	0.01878	0.0348	0.08724	0.26756
V411	0.15129	0.01567	0.01538	0.167	0.08907	0.5616
V412	0.34928	0.15974	0.06169	0.06112	0.15063	0.21755
V413	0.04656	0.09032	0.03471	0.49572	0.16887	0.16383
V414	0.09653	0.05572	0.02959	0.39441	0.24209	0.18165
V415	0.06228	0.00258	0.26585	0.26254	0.18518	0.22157
V416	0.04648	0.11252	0.03488	0.19565	0.3726	0.23787
V417	0.19745	0.0123	0.06399	0.08704	0.07764	0.56158
V418	0.03	0.05559	0.33505	0.11683	0.28194	0.18059
V419	0.1816	0.04233	0.01668	0.01318	0.07106	0.67515
V420	0.1915	0.02273	0.01745	0.01876	0.07229	0.67727
V421	0.03006	0.04029	0.10126	0.09205	0.55081	0.18553
V422	0.14032	0.23686	0.02952	0.04512	0.36492	0.18324
V423	0.07091	0.12969	0.00334	0.4773	0.15128	0.16747
V424	0.46721	0.10619	0.02568	0.07034	0.08008	0.25051
V425	0	0.08541	0.07279	0.04929	0.62219	0.17032
V426	0.15471	0.03839	0.14003	0.01821	0.07306	0.57561
V427	0.30994	0.1087	0.11178	0.1078	0.10217	0.25961
V428	0.21316	0.02014	0.00712	0.42768	0.13768	0.19421
V429	0.03189	0.01531	0.10733	0.38848	0.28192	0.17507
V430	0.06478	0.05534	0.42624	0.15141	0.11177	0.19047
V431	0.03162	0.01181	0.67017	0.05149	0.09498	0.13993
V432	0.04364	0.34732	0.01977	0.30692	0.12795	0.1544
V433	0.04568	0.00658	0.04665	0.571	0.16577	0.16432
V434	0.04183	0.22583	0.13466	0.32468	0.12112	0.15188
V435	0.0385	0.00322	0.06149	0.04134	0.55666	0.29879
V436	0.48941	0.11715	0.0212	0.04491	0.07637	0.25096
V437	0.1596	0.21094	0.22117	0.0402	0.15018	0.21792
V438	0.04247	0.30557	0.0344	0.07947	0.37127	0.16682
V439	0.00229	0.01367	0.1461	0.05097	0.62005	0.16692
V440	0.11711	0.03659	0.32273	0.06484	0.21782	0.24089
V441	0.08599	0.04731	0.34685	0.11619	0.10091	0.30275
V442	0.28627	0.10639	0.13447	0.06645	0.11403	0.2924
V443	0.04974	0.00355	0.06127	0.5199	0.1808	0.18475
V444	0.42903	0.05781	0.0435	0.04841	0.13596	0.2853
V445	0.53628	0.05954	0.03073	0.03472	0.07599	0.26274
V446	0.05562	0.41726	0.21295	0.04605	0.0943	0.17382
V447	0.1458	0.179	0.00476	0.14106	0.12073	0.40865
V448	0.04546	0.01764	0.62545	0.03546	0.13277	0.14322
V449	0.36635	0.04833	0.02165	0.20002	0.09755	0.2661
V450	0.08156	0.00971	0.51551	0.03495	0.19921	0.15906
V451	0.08084	0.03261	0.15949	0.13412	0.4193	0.17364
V452	0.11847	0.01558	0.03655	0.2869	0.14855	0.39394
V453	0.23745	0.01024	0.37156	0.09909	0.09673	0.18493
V454	0.16126	0.05055	0.09085	0.37325	0.13492	0.18916
V455	0.09185	0.58053	0.03161	0.05254	0.07726	0.16621
V456	0.48055	0.04329	0.04355	0.03756	0.10428	0.29077
V457	0.15905	0.01834	0.03019	0.02444	0.2091	0.55889
V458	0.05793	0	0.34101	0.04064	0.33291	0.22751
V459	0.04585	0.01268	0.44921	0.22978	0.11624	0.14623
V460	0.25589	0.05662	0.18511	0.10656	0.10935	0.28647
V461	0.20646	0.04004	0.02725	0.29669	0.20508	0.22448
V462	0.03933	0.00296	0.64817	0.04415	0.09773	0.16765
V463	0	0.02695	0.07864	0.08059	0.65291	0.16091
V464	0.07699	0.59245	0.01544	0.0542	0.10601	0.15491
V465	0.25411	0.08088	0.31224	0.02881	0.10768	0.21628
V466	0.08707	0.01891	0.02609	0.47823	0.19783	0.19186
V467	0.5417	0.05358	0.02461	0.0346	0.0762	0.2693
V468	0.24149	0.08858	0.08464	0.18487	0.19981	0.20061
V469	0.04907	0.0929	0.48779	0.08513	0.09554	0.18956
V470	0.37253	0.0349	0.0564	0.07977	0.21869	0.23771
V471	0.06349	0.15553	0.3951	0.06677	0.11467	0.20443
V472	0.05943	0.39255	0.01875	0.05823	0.27861	0.19245
V473	0.05763	0.65526	0.0163	0.04186	0.07826	0.15069
V474	0.07657	0	0.29425	0.33177	0.13458	0.16282
V475	0.06399	0.11161	0.23023	0.14651	0.27078	0.17689
V476	0.31515	0.03565	0.0177	0.14444	0.11758	0.36947
V477	0.09128	0.43262	0.04821	0.08885	0.09578	0.24327
V478	0.04605	0.00785	0.61946	0.04202	0.09469	0.18993
V479	0.06301	0.09592	0.53465	0.03677	0.11553	0.1541
V480	0.02748	0.18972	0.0312	0.23775	0.35287	0.16098
V481	0.26476	0.08316	0.10495	0.07932	0.23989	0.22793
V482	0.35327	0.03234	0.02799	0.02694	0.06915	0.4903
V483	0.05059	0.62398	0.05675	0.04412	0.07744	0.14711
V484	0.48272	0.04287	0.07032	0.03336	0.111	0.25973
V485	0.19083	0.09697	0.3482	0.07358	0.08995	0.20047
V486	0.16255	0.00413	0.47777	0.05064	0.08393	0.22098
V487	0.01865	0.27419	0.04335	0.04787	0.45104	0.16489
V488	0.18986	0.46883	0.01856	0.06124	0.07749	0.18402
V489	0.4644	0.0546	0.07594	0.03857	0.11156	0.25494
V490	0.19329	0.04612	0.01378	0.0472	0.08723	0.61239
V491	0.07276	0.20521	0.27451	0.03202	0.23653	0.17896
V492	0.14156	0.02442	0.16712	0.06991	0.13292	0.46406
V493	0.47154	0.13658	0.01378	0.04944	0.07688	0.25179
V494	0.13262	0.02493	0.24592	0.03151	0.07101	0.49402
V495	0.16963	0.3925	0.14383	0.0429	0.08099	0.17016
V496	0.15609	0.09455	0.22522	0.02755	0.2139	0.28268
V497	0.02239	0.15088	0.16569	0.06406	0.43878	0.1582
V498	0.08782	0.07294	0.26902	0.23267	0.15359	0.18396
V499	0.06611	0.47824	0.12109	0.07525	0.09166	0.16766
V500	0.30017	0.15545	0.06317	0.06558	0.17638	0.23926
V501	0.07997	0.60187	0.00807	0.05284	0.08318	0.17407
V502	0.01342	0.01254	0.05826	0.20865	0.53193	0.17521
V503	0.10853	0.25434	0.02786	0.32136	0.12413	0.16378
V504	0.06886	0.60744	0.04555	0.03916	0.08733	0.15166
V505	0.04184	0	0.36858	0.25972	0.14256	0.1873
V506	0.25294	0.02217	0.03919	0.11186	0.12474	0.44909
V507	0.18365	0.02249	0.01846	0.01339	0.07731	0.68471
V508	0.05777	0.42714	0.052	0.09076	0.21002	0.16232
V509	0.05638	0.01307	0.02446	0.50917	0.22986	0.16707
V510	0.53275	0.0521	0.01927	0.03502	0.09304	0.26783
V511	0.17728	0.01796	0.00895	0.15668	0.09361	0.54552
V512	0.07801	0.15661	0.4275	0.04416	0.09892	0.1948
V513	0.01681	0.01663	0.22558	0.07983	0.49853	0.16262
V514	0.06965	0.56508	0.05517	0.03365	0.07268	0.20376
V515	0.08605	0.29774	0.00463	0.30699	0.11396	0.19062
V516	0.0304	0.03629	0.57899	0.04048	0.16273	0.15111
V517	0.01961	0	0.32834	0.17881	0.31713	0.15611
V518	0.22958	0.29018	0.03237	0.09673	0.11032	0.24082
V519	0.12838	0.39709	0.00807	0.08109	0.08045	0.30491
V520	0.40701	0.09793	0.02972	0.09543	0.08154	0.28837
V521	0.05814	0.0087	0.06717	0.05985	0.61052	0.19562
V522	0.25069	0.15133	0.03105	0.04625	0.20922	0.31146
V523	0.26812	0.14308	0.05342	0.1151	0.08761	0.33266
V524	0.05487	0	0.09731	0.14439	0.44369	0.25974
V525	0.30473	0.0263	0.04643	0.02987	0.06914	0.52353
V526	0.04691	0.53916	0.08681	0.04175	0.1392	0.14617
V527	0.24058	0.01947	0.40018	0.03601	0.11269	0.19107
V528	0.4914	0.04347	0.09415	0.03856	0.08243	0.24999
V529	0.09299	0.06292	0.02777	0.4732	0.16433	0.17879
V530	0.08849	0.16555	0.25137	0.10088	0.13496	0.25875
V531	0.53739	0.05969	0.01809	0.03972	0.07673	0.26838
V532	0.10905	0.00412	0.07222	0.411	0.21943	0.18418
V533	0.10465	0	0.22611	0.04397	0.27015	0.35512
V534	0.08424	0.00011	0.0189	0.38697	0.19291	0.31688
V535	0.34034	0.05113	0.16148	0.11429	0.09354	0.23921
V536	0.04332	0	0.53361	0.1397	0.10189	0.18148
V537	0.05879	0.45926	0.00593	0.19746	0.10276	0.17581
V538	0.13363	0.00458	0.01416	0.2467	0.10298	0.49796
V539	0.04769	0.00443	0.0336	0.48134	0.25109	0.18186
V540	0.2187	0.01644	0.26432	0.04384	0.22555	0.23116
V541	0.05427	0.19683	0.00855	0.40671	0.15112	0.18252
V542	0.04386	0.4263	0.02318	0.20097	0.14742	0.15827
V543	0.02262	6e-04	0.49208	0.05544	0.27287	0.15638
V544	0.17621	0.03886	0.02182	0.03512	0.08547	0.64252
V545	0.03608	0.46634	0.07322	0.05252	0.21523	0.15661
V546	0.37148	0.07152	0.01632	0.19055	0.11489	0.23524
V547	0.0659	0.06771	0.02352	0.29042	0.32122	0.23123
V548	0.18288	0.03581	0.01707	0.01322	0.07134	0.6797
V549	0.11338	0	0.45449	0.08459	0.10746	0.24009
V550	0.01911	0.00911	0.31349	0.04383	0.45468	0.15977
V551	0.14961	0.0505	0.05326	0.09141	0.13941	0.51581
V552	0.04862	0.02789	0.15126	0.22088	0.34758	0.20377
V553	0.49328	0.04425	0.04298	0.05497	0.10171	0.26283
V554	0.06603	0.60242	0.02578	0.03661	0.07998	0.18917
V555	0.27215	0.01588	0.02809	0.1817	0.09262	0.40956
V556	0.07943	0.00516	0.35355	0.26118	0.12946	0.17122
V557	0.08848	0.54257	0.0754	0.04029	0.07977	0.17348
V558	0.28036	0.15993	0.01207	0.102	0.07871	0.36693
V559	0	0.00789	0.06174	0.14753	0.6127	0.17015
V560	0.43534	0.05928	0.03061	0.04279	0.13449	0.2975
V561	0.03146	0.01947	0.68192	0.035	0.09267	0.13947
V562	0.32774	0.19394	0.04762	0.07853	0.08367	0.26851
V563	0.18182	0.01864	0.01473	0.05603	0.0715	0.65728
V564	0.12903	0.06608	0.02333	0.026	0.2419	0.51366
V565	0.1841	0.0224	0.024	0.01328	0.07169	0.68452
V566	0.16887	0.0846	0.03082	0.04745	0.0935	0.57477
V567	0.24667	0.23319	0.0109	0.17749	0.11156	0.22018
V568	0.03332	0.00911	0.07792	0.07385	0.63524	0.17055
V569	0.45322	0.06943	0.01445	0.05087	0.08137	0.33067
V570	0.42476	0.13769	0.03738	0.07005	0.08529	0.24483
V571	0.03479	0.16955	0.50325	0.0419	0.10891	0.1416
V572	0.04045	0.00935	0.60203	0.0469	0.15271	0.14855
V573	0.1242	0.5564	0.01551	0.03736	0.09177	0.17476
V574	0.12216	0	0.2869	0.04583	0.10048	0.44464
V575	0.06768	0.47247	0.06051	0.11311	0.09564	0.19058
V576	0.22183	0.09878	0.04939	0.03974	0.38691	0.20335
V577	0.23842	0.05263	0.03879	0.07671	0.34822	0.24524
V578	0.0385	0.00322	0.06149	0.04134	0.55666	0.29879
V579	0.04446	0.02271	0.17696	0.20491	0.38515	0.16581
V580	0.11073	0.01609	0.09216	0.27779	0.27567	0.22756
V581	0.41541	0.0618	0.07552	0.0833	0.13081	0.23316
V582	0.41442	0.0395	0.02404	0.1535	0.0971	0.27144
V583	0.09071	0.03465	0.24959	0.02318	0.21953	0.38234
V584	0.09969	0.01553	0.0282	0.24855	0.28048	0.32756
V585	0.07545	0.33339	0.18848	0.08278	0.09153	0.22838
V586	0.12382	0.5405	0.04503	0.04157	0.08075	0.16833
V587	0.1902	0.01252	0.22911	0.25426	0.11806	0.19586
V588	0.05628	0.01285	0.04587	0.55195	0.16791	0.16514
V589	0.09294	0.20401	0.21441	0.07174	0.08233	0.33456
V590	0.12393	0.02914	0.27751	0.06292	0.0835	0.423
V591	0.46267	0.03844	0.03917	0.12094	0.09369	0.24509
V592	0.06869	0.25907	0.07959	0.2885	0.14505	0.15911
V593	0.04615	0.01439	0.01924	0.587	0.168	0.16523
V594	0.11534	0.0016	0.02733	0.40238	0.1374	0.31594
V595	0.07291	0.20583	0.05683	0.10937	0.2416	0.31345
V596	0.01164	0.18271	0.05618	0.09633	0.49698	0.15617
V597	0.2687	0.01986	0.06	0.04639	0.3949	0.21016
V598	0.51288	0.07778	0.01754	0.03384	0.08056	0.2774
V599	0.14954	0.01582	0.01535	0.11284	0.14837	0.55808
V600	0.28875	0.10205	0.01236	0.05648	0.12086	0.4195
V601	0.11793	0.11429	0.04328	0.24987	0.10236	0.37226
V602	0.04061	0.01447	0.13136	0.04422	0.48533	0.28402
V603	0.12405	0.28934	0.03705	0.05948	0.09507	0.39501
V604	0.0244	0.36244	0.02873	0.04671	0.38041	0.15731
V605	0.03529	0.02879	0.08118	0.04856	0.61616	0.19001
V606	0.32873	0.04298	0.18867	0.0655	0.07874	0.2954
V607	0.14874	0.03961	0.02108	0.02889	0.19019	0.57149
V608	0.10109	0.45793	0.00895	0.07802	0.09322	0.26079
V609	0.05218	0.00631	0.51863	0.1648	0.10706	0.15103
V610	0.06313	0.09338	0.37024	0.13913	0.12659	0.20754
V611	0.05024	0.62957	0.02081	0.05988	0.09096	0.14854
V612	0.0422	0.15789	0.00944	0.48748	0.14771	0.15527
V613	0.36183	0.14002	0.01765	0.02526	0.06909	0.38615
V614	0.07705	0.08647	0.39857	0.02936	0.1272	0.28135
V615	0.00477	0.0487	0.10835	0.05495	0.61145	0.17178
V616	0.2565	0.31167	0.00639	0.05651	0.09128	0.27765
V617	0	0.01631	0.06994	0.05919	0.68393	0.17064
V618	0.15732	0.01883	0.46533	0.03345	0.09947	0.22561
V619	0.04429	0.47188	0.13927	0.05473	0.1311	0.15872
V620	0.15037	0.01359	0.20307	0.0244	0.06962	0.53895
V621	0.04796	0.00341	0.0755	0.5143	0.18028	0.17854
V622	0.31335	0.14338	0.03665	0.03618	0.24614	0.2243
V623	0.13283	0.51656	0.01329	0.03386	0.08333	0.22013
V624	0.05591	0.45889	0	0.22012	0.0999	0.16518
V625	0.07748	0.09572	0.17004	0.32191	0.13982	0.19504
V626	0.05479	0.02895	0.04856	0.15868	0.40518	0.30385
V627	0.38351	0.02822	0.00906	0.23556	0.10485	0.23879
V628	0.11784	0.04306	0.24909	0.08058	0.15077	0.35866
V629	0.04437	0.35415	0	0.32295	0.12328	0.15525
V630	0.36581	0.03632	0.03368	0.05768	0.09824	0.40828
V631	0.15557	0.00797	0.05999	0.09968	0.1096	0.56719
V632	0.04064	0.02171	0.14546	0.24569	0.36453	0.18198
V633	0.03408	0.13191	0.57547	0.03661	0.08622	0.13571
V634	0.44875	0.04399	0.02449	0.14906	0.09149	0.24222
V635	0.04464	0.03564	0.21355	0.40826	0.13948	0.15842
V636	0.05786	0.46631	0.00921	0.0828	0.18062	0.2032
V637	0.15987	0.05711	0.02423	0.01524	0.1305	0.61305
V638	0.05688	0.08265	0.0642	0.38352	0.24148	0.17127
V639	0.19747	0.05508	0.09389	0.05759	0.33399	0.26199
V640	0.06999	0.10188	0.37422	0.03787	0.16767	0.24836
V641	0.01973	0.05698	0.42041	0.05437	0.29876	0.14975
V642	0.19377	0.03456	0.2343	0.1269	0.08794	0.32252
V643	0.48677	0.05045	0.01452	0.08704	0.09433	0.26688
V644	0.45273	0.04586	0.01318	0.08985	0.08741	0.31097
V645	0.41587	0.04869	0.02504	0.08211	0.07889	0.34941
V646	0.02375	0.00837	0.38486	0.04166	0.38473	0.15663
V647	0.17678	0.01389	0.03556	0.21041	0.11609	0.44728
V648	0.13297	0.25315	0.11333	0.06104	0.0908	0.34871
V649	0.13167	0.01382	0.0366	0.4716	0.15805	0.18827
V650	0.16496	0.15194	0.18587	0.0404	0.27519	0.18164
V651	0.12231	0.26172	0.07287	0.0483	0.17741	0.3174
V652	0.06865	0.00249	0.10953	0.47655	0.16802	0.17476
V653	0.10132	0.3334	0.03369	0.04657	0.14319	0.34184
V654	0.47882	0.04946	0.07555	0.03841	0.09956	0.2582
V655	0.19195	0.00918	0.04635	0.0654	0.26612	0.42099
V656	0.09445	0.05964	0.46479	0.06037	0.15665	0.1641
V657	0.2716	0.02399	0.02377	0.09973	0.25912	0.3218
V658	0.04422	0.05868	0.14812	0.44949	0.14496	0.15452
V659	0.05774	0.6283	0.01464	0.04389	0.08186	0.17356
V660	0.48013	0.05214	0.01591	0.04058	0.07467	0.33657
V661	0.13182	0.00132	0.13499	0.10124	0.17061	0.46001
V662	0.4492	0.04451	0.0256	0.10241	0.0893	0.28897
V663	0.03806	0.13176	0.06099	0.07414	0.52607	0.16898
V664	0.11691	0.04727	0.52713	0.03042	0.1009	0.17737
V665	0	0.00986	0.07078	0.0596	0.68865	0.1711
V666	0.26865	0.25593	0.01294	0.10172	0.10476	0.256
V667	0.17334	0.01648	0.04136	0.03988	0.08151	0.64742
V668	0.47322	0.14419	0.02071	0.0394	0.07551	0.24697
V669	0.17031	0.08952	0.0045	0.18454	0.09727	0.45386
V670	0.09081	0.28263	0.01955	0.22848	0.11167	0.26686
V671	0.24105	0.01456	0.01431	0.39814	0.13265	0.19928
V672	0.06857	0.43897	0	0.23246	0.10199	0.15801
V673	0.13857	0.10876	0.15782	0.0192	0.0668	0.50885
V674	0.45632	0.04036	0.03023	0.03596	0.19	0.24713
V675	0.17455	0.10895	0.02514	0.01445	0.08194	0.59497
V676	0.05559	0.00453	0.08797	0.52483	0.16393	0.16315
V677	0.16072	0.29141	0.12438	0.02221	0.06752	0.33377
V678	0.13373	0.06477	0.07296	0.03608	0.34907	0.34339
V679	0.16359	0.08516	0.04409	0.0293	0.07249	0.60538
V680	0.02787	0	0.32471	0.04017	0.41014	0.19711
V681	0.08469	0.53552	0.02923	0.0366	0.07146	0.2425
V682	0.08861	0.41734	0.00707	0.03859	0.14038	0.30801
V683	0.02177	0.00568	0.06864	0.04688	0.62007	0.23696
V684	0.10111	0.54844	0.0056	0.0882	0.08725	0.1694
V685	0.04066	0.45046	0.21356	0.0327	0.1169	0.14571
V686	0.2081	0.01499	0.31292	0.02719	0.08694	0.34986
V687	0.10241	0.18129	0.20729	0.08262	0.07772	0.34867
V688	0.29332	0.0203	0.03466	0.03649	0.27246	0.34277
V689	0.08526	0.01298	0.4969	0.09901	0.11149	0.19436
V690	0.06467	0.00955	0.07541	0.05592	0.49793	0.29653
V691	0.08598	0.35619	0.15424	0.07866	0.10934	0.21559
V692	0.35467	0.02459	0.01317	0.22095	0.15298	0.23364
V693	0.45922	0.12774	0.0264	0.04282	0.07532	0.2685
V694	0.45802	0.1272	0.01919	0.05916	0.07801	0.25841
V695	0.4693	0.0422	0.01926	0.04404	0.135	0.29019
V696	0.07822	0.37894	0.05549	0.07446	0.23982	0.17307
V697	0.07433	0.01454	0.55728	0.05984	0.11348	0.18053
V698	0.05367	0.65157	0.01028	0.04616	0.08387	0.15446
V699	0.16413	0.01863	0.41322	0.05169	0.13376	0.21856
V700	0.09825	0.01733	0.05671	0.05276	0.57803	0.19692
V701	0.49888	0.04767	0.02341	0.03108	0.07391	0.32505
V702	0.16547	0.02325	0.05681	0.11015	0.08651	0.55781
V703	0.15289	0.38687	0.0289	0.03594	0.21126	0.18414
V704	0.26937	0.22607	0.156	0.02869	0.08415	0.23572
V705	0.04675	0.08042	0.24285	0.14257	0.31738	0.17003
V706	0.11816	0.06767	0.24731	0.02015	0.14594	0.40076
V707	0.35549	0.04777	0.01535	0.02199	0.07433	0.48506
V708	0.03956	0.29858	0.39354	0.04052	0.08641	0.14139
V709	0.0406	0.00718	0.019	0.53845	0.22907	0.16571
V710	0.28079	0.06156	0.11068	0.06549	0.21747	0.264
V711	0.0621	0.16371	0.32067	0.14311	0.09908	0.21133
V712	0.00863	0.22044	0.05634	0.04961	0.49964	0.16533
V713	0.20735	0.39276	0.03175	0.05313	0.092	0.22301
V714	0.04472	0.37235	0.32436	0.0359	0.08436	0.13831
V715	0.05131	0.01831	0.65357	0.03333	0.08991	0.15355
V716	0.12639	0.02473	0.02331	0.2071	0.22606	0.39241
V717	0.0204	0.01418	0.08367	0.04938	0.63321	0.19915
V718	0.01189	0.31821	0.0414	0.04261	0.4341	0.15179
V719	0.0586	0.59883	0.03295	0.0428	0.09792	0.1689
V720	0.20149	0.00485	0.18787	0.21561	0.12903	0.26116
V721	0.10172	0.20533	0.17607	0.02031	0.13091	0.36566
V722	0	0.00922	0.08431	0.05413	0.68761	0.16472
V723	0.05112	0.50383	0.04961	0.04616	0.17534	0.17394
V724	0.07866	0.23549	0.29874	0.094	0.14391	0.1492
V725	0.04961	0.04461	0.0963	0.1212	0.44759	0.2407
V726	0.03766	0.01233	0.42785	0.05226	0.27815	0.19175
V727	0.16128	0.00783	0.08489	0.09846	0.0856	0.56193
V728	0.05583	0.01221	0.01031	0.56244	0.16139	0.19783
V729	0.15953	0.38026	0.03157	0.05603	0.17794	0.19467
V730	0.13665	0.00122	0.07699	0.26061	0.11245	0.41209
V731	0.1377	0.039	0.34189	0.02824	0.19842	0.25476
V732	0.08334	0.32827	0.03569	0.05972	0.24234	0.25063
V733	0.17079	0.00198	0.21062	0.13959	0.1283	0.34872
V734	0.16659	0.00898	0.18332	0.01379	0.08026	0.54705
V735	0.06084	0.06736	0.01905	0.48935	0.15309	0.21032
V736	0.09817	0.39603	0.0482	0.05144	0.08208	0.32408
V737	0	0.00746	0.07753	0.05993	0.69287	0.16221
V738	0.25411	0.05	0.06935	0.24995	0.11905	0.25755
V739	0.13142	0.24103	0.148	0.05397	0.21563	0.20995
V740	0.04341	0.19511	0.31041	0.06098	0.22338	0.16671
V741	0.28286	0.13035	0.13216	0.08399	0.1698	0.20084
V742	0.22547	0.01836	0.04131	0.28411	0.19702	0.23374
V743	0.04254	0.07942	0.22704	0.23641	0.24652	0.16807
V744	0.27475	0.0919	0.02018	0.11094	0.0802	0.42203
V745	0.04948	0.41294	0.02631	0.06584	0.28634	0.15909
V746	0.48942	0.05914	0.02249	0.0479	0.08828	0.29277
V747	0.14344	0.01513	0.13441	0.06417	0.44412	0.19872
V748	0.13399	0.0396	0.18272	0.03587	0.1464	0.46143
V749	0.30795	0.02781	0.0213	0.11705	0.15094	0.37494
V750	0.04645	0.06969	0.00815	0.54881	0.16545	0.16146
V751	0.04934	0.01297	0.04098	0.5462	0.18599	0.16454
V752	0.14725	0.01704	0.07249	0.08888	0.47161	0.20273
V753	0.12914	0.0037	0.05537	0.08337	0.2963	0.43212
V754	0.0876	0.33384	0.09886	0.06923	0.11122	0.29925
V755	0.23431	0.04458	0.04661	0.05252	0.35019	0.27179
V756	0.17344	0.02558	0.02492	0.01931	0.10109	0.65566
V757	0.115	0.33928	0.01159	0.03895	0.10993	0.38526
V758	0.21299	0.47282	0.00794	0.04122	0.07517	0.18986
V759	0.10487	0.01855	0.0808	0.12679	0.4275	0.2415
V760	0.18233	0.02101	0.02279	0.02862	0.06792	0.67733
V761	0.00757	0.00882	0.33256	0.05585	0.44343	0.15177
V762	0.07954	0.00017	0.5632	0.05318	0.10597	0.19794
V763	0.05144	0.11994	0.02604	0.45599	0.16724	0.17937
V764	0.15724	0.0105	0.09197	0.15171	0.25216	0.33641
V765	0.18653	0.02898	0.01712	0.0186	0.07208	0.67668
V766	0.22967	0.27644	0.02651	0.0429	0.17576	0.24871
V767	0.16926	0.0107	0.2215	0.0819	0.09878	0.41787
V768	0.06326	0.5084	0.13344	0.04316	0.08054	0.17121
