CD14.pos.CD16.neg.classical.monocyte	mature.neutrophil	memory.B.cell	cytotoxic.CD56.dim.NK.cell	memory.CD4.pos.AB.T.cell	macrophage
V1	0.17627	0.0097	0.66033	0.08645	0	0.06725
V2	0.38696	0.12679	0.02259	0.16219	0.15365	0.14782
V3	0.20681	0.0739	0.19331	0.06216	0.008	0.45583
V4	0.18679	0.3889	0	0.14593	0.13923	0.13916
V5	0.07099	0.05314	0	0.62247	0.23079	0.02261
V6	0.23999	0.0314	0.13215	0.11433	0.14924	0.33289
V7	0.08458	0.351	0	0.12043	0.37296	0.07103
V8	0.45652	0.06395	0.06509	0.16364	0.06378	0.18702
V9	0.22895	0.15615	0.00359	0.28381	0.09485	0.23265
V10	0.32398	0.04526	0.04012	0.36613	0.09436	0.13015
V11	0.0823	0.65538	0.01919	0.08573	0.06628	0.09112
V12	0.2157	0.05196	0.09568	0.057	0.03163	0.54803
V13	0.10124	0.47402	0.22599	0.10961	0.00741	0.08174
V14	0.1012	0.02912	0	0.77388	0.06174	0.03406
V15	0.34345	0.08685	0	0.18695	0.22423	0.15852
V16	0.11443	0.02055	0	0.44376	0.29996	0.12129
V17	0.20753	0.05774	0.16046	0.05718	0.00994	0.50715
V18	0.46219	0.15248	0.07809	0.07944	0.05626	0.17154
V19	0.41169	0.06875	0.17195	0.08768	0.10253	0.15741
V20	0.41338	0.07703	0.11117	0.16879	0.04971	0.17993
V21	0.21733	0.06211	0.05933	0.05728	0.06986	0.53409
V22	0.18527	0.0637	0	0.17468	0.4825	0.09384
V23	0.15497	0.00975	0.15366	0.15354	0.4794	0.04868
V24	0.16521	0.02504	0	0.22099	0.49817	0.0906
V25	0.30514	0.26183	0.01582	0.18523	0.1022	0.12978
V26	0.24561	0.03065	0	0.11728	0.52061	0.08585
V27	0.19693	0.03886	0.17685	0.06708	0.0113	0.50899
V28	0.1405	0.23358	0.10562	0.27327	0.05952	0.18752
V29	0.09139	0.51062	0.08007	0.13554	0.03611	0.14626
V30	0.21516	0.19986	0.06007	0.08612	0.21354	0.22525
V31	0.44471	0.04391	0.20372	0.09598	0.01757	0.19411
V32	0.0997	0.02189	0.22278	0.5876	0.00571	0.06232
V33	0.19975	0.36945	0.19301	0.10144	0.01106	0.12528
V34	0.11518	0	0.33305	0.17392	0.32856	0.0493
V35	0.09525	0.05884	0.06208	0.57449	0.15066	0.05868
V36	0.11679	0.43855	0.04647	0.10373	0.2027	0.09176
V37	0.14712	0.00938	0.59427	0.08853	0	0.1607
V38	0.20758	0.03476	0.15643	0.05456	0.0087	0.53796
V39	0.37798	0.0558	0.03075	0.30775	0.07697	0.15074
V40	0.09971	0.43178	0	0.20748	0.14474	0.11628
V41	0.44661	0.05013	0.09096	0.06497	0.05341	0.29392
V42	0.25521	0.02851	0.4431	0.09869	0	0.17449
V43	0.17924	0.35743	0	0.1108	0.22436	0.12816
V44	0.0875	0.66056	0.01991	0.07854	0.05552	0.09796
V45	0.28199	0.28988	0.07352	0.08528	0.05954	0.20979
V46	0.13248	0.02317	0	0.32568	0.2934	0.22528
V47	0.10443	0.35737	0	0.20756	0.22594	0.10469
V48	0.08387	0.53416	0.12631	0.09381	0.08937	0.07248
V49	0.08174	0.63302	0.00091	0.08151	0.11033	0.09249
V50	0.12794	0	0.07639	0.15134	0.55265	0.09167
V51	0.07196	0.00917	0	0.15827	0.72833	0.03227
V52	0.08934	0.48345	0.18203	0.12403	0.03922	0.08192
V53	0.18339	0.01101	0	0.1594	0.58685	0.05934
V54	0.14315	0.12084	0.44316	0.16073	0.01042	0.1217
V55	0.09348	0.04256	0	0.17166	0.65368	0.03862
V56	0.10942	0.03449	0.59043	0.2276	0	0.03807
V57	0.15949	0.30002	0.0275	0.0668	0.14324	0.30294
V58	0.12673	0.00548	0.67999	0.10468	0	0.08313
V59	0.08702	0.02123	0	0.79398	0.07329	0.02448
V60	0.3346	0.02893	0.00601	0.42604	0.08482	0.1196
V61	0.2575	0.12902	0.02263	0.20571	0.10776	0.27738
V62	0.35663	0.05225	0.07452	0.183	0.12925	0.20435
V63	0.11393	0.40457	0.02391	0.12265	0.05926	0.27568
V64	0.07173	0.1092	0	0.1375	0.64182	0.03975
V65	0.35237	0.14266	0.07081	0.08428	0.08385	0.26603
V66	0.36318	0.0458	0.06879	0.11731	0.2816	0.12331
V67	0.13186	0.14275	0.22222	0.29838	0.00493	0.19988
V68	0.51958	0.0537	0.08454	0.1049	0.05329	0.184
V69	0.38612	0.06227	0.07037	0.06229	0.07195	0.347
V70	0.1098	0.01358	0.09925	0.63826	0.1039	0.03521
V71	0.11324	0.23054	0	0.18244	0.30536	0.16842
V72	0.37335	0.13395	0.0938	0.09135	0.09397	0.21359
V73	0.11177	0.00844	0	0.74366	0.10152	0.0346
V74	0.07061	0.13666	0	0.70216	0.06398	0.02658
V75	0.07169	0.65878	0.00128	0.09872	0.08156	0.08796
V76	0.12412	0	0.5833	0.18123	0.06433	0.04703
V77	0.13294	0.13291	0.03449	0.53614	0.06161	0.10192
V78	0.33222	0.12887	0.07676	0.17619	0.06307	0.2229
V79	0.12863	0.4234	0.04167	0.05802	0.04228	0.306
V80	0.12088	0.44179	0.02922	0.06686	0.05689	0.28436
V81	0.43942	0.12563	0.11878	0.0842	0.05491	0.17705
V82	0.07844	0.59325	0	0.11628	0.1198	0.09223
V83	0.14983	0.14268	0	0.42337	0.16433	0.11978
V84	0.26217	0.03131	0.05043	0.45431	0.0903	0.11148
V85	0.50727	0.05139	0.1399	0.08316	0.03791	0.18037
V86	0.22715	0.04862	0.10052	0.32842	0.05398	0.2413
V87	0.07272	0.02702	0	0.81104	0.05983	0.02939
V88	0.14293	0.04165	0	0.49454	0.10108	0.21981
V89	0.15904	0.16188	0.33707	0.07995	0	0.26206
V90	0.09986	0.53828	0.08521	0.09516	0.08672	0.09476
V91	0.10303	0.01838	0	0.23336	0.59318	0.05205
V92	0.07713	0.07405	0	0.14667	0.65313	0.04902
V93	0.21501	0.07788	0	0.16612	0.25308	0.28792
V94	0.08757	0.01177	0.14131	0.69732	0.03871	0.02332
V95	0.10963	0.00626	0.11591	0.26069	0.47463	0.03288
V96	0.12385	0.31702	0	0.12847	0.273	0.15766
V97	0.07158	0.01726	0	0.20667	0.67824	0.02625
V98	0.08247	0.07692	0	0.69266	0.11685	0.03111
V99	0.06617	0.02717	0	0.82971	0.05924	0.01771
V100	0.1132	0.00951	0.32643	0.3834	0.09963	0.06783
V101	0.09509	0.32055	0.31781	0.18891	0	0.07764
V102	0.49468	0.05863	0.15122	0.08411	0.03396	0.17739
V103	0.40574	0.05779	0.04063	0.21831	0.11035	0.16719
V104	0.10438	0.00491	0.10559	0.6843	0.06269	0.03813
V105	0.21443	0.03693	0.12035	0.05031	0.0174	0.56058
V106	0.16017	0.00972	0.47325	0.07442	0	0.28245
V107	0.10836	0.52972	0.17706	0.09026	0.01383	0.08076
V108	0.18437	0.05307	0.02192	0.07281	0.20609	0.46174
V109	0.19306	0.03818	0.01587	0.06115	0.19374	0.498
V110	0.13449	0.15513	0.53831	0.08708	0	0.08499
V111	0.11499	0.01311	0.70485	0.11964	0	0.0474
V112	0.08493	0.26609	0	0.53709	0.06531	0.04658
V113	0.12181	0.09158	0.50242	0.17539	0.05165	0.05715
V114	0.19105	0.00304	0.50426	0.2353	0	0.06635
V115	0.32245	0.08747	0.03421	0.0975	0.16332	0.29506
V116	0.51088	0.05225	0.08038	0.12194	0.05392	0.18063
V117	0.36759	0.03987	0	0.17884	0.28918	0.12451
V118	0.08517	0.54523	0.0648	0.11681	0.09847	0.08953
V119	0.07889	0.63032	0.01787	0.10965	0.06034	0.10292
V120	0.13364	0.18456	0.0201	0.45108	0.13603	0.07459
V121	0.27039	0.03586	0.03226	0.29384	0.05892	0.30873
V122	0.22016	0.03804	0	0.5684	0.10193	0.07147
V123	0.30174	0.03922	0.02083	0.11239	0.17197	0.35386
V124	0.11917	0	0.08372	0.16302	0.59165	0.04244
V125	0.1205	0.14227	0.47953	0.14719	0	0.1105
V126	0.17196	0.2283	0.08151	0.0624	0.03714	0.41869
V127	0.13627	0	0.61843	0.19421	0	0.05109
V128	0.24054	0.23985	0.074	0.22334	0.1064	0.11587
V129	0.11583	0.0135	0.64573	0.17348	0	0.05147
V130	0.32443	0.13612	0.01497	0.28894	0.09897	0.13657
V131	0.11871	0.01148	0	0.1438	0.59475	0.13125
V132	0.1017	0.40331	0.28734	0.10102	0.02595	0.08068
V133	0.13351	0.18327	0.42624	0.19623	0	0.06075
V134	0.14872	0.51946	0.00498	0.08921	0.12892	0.10871
V135	0.1613	0.01159	0.58212	0.10619	0	0.1388
V136	0.10859	0.55951	0.05421	0.0965	0.07685	0.10434
V137	0.12432	0.1608	0.40428	0.14835	0.11138	0.05086
V138	0.17301	0.01817	0	0.40659	0.12678	0.27545
V139	0.15376	0.05823	0.03339	0.11219	0.38706	0.25536
V140	0.35387	0.22121	0.07382	0.13834	0.06017	0.15259
V141	0.19758	0.23994	0.07767	0.30285	0.07585	0.10611
V142	0.12098	0.55042	0.02449	0.12273	0.05477	0.1266
V143	0.1491	0.06386	0.4898	0.20648	0.01492	0.07585
V144	0.17792	0.161	0.04696	0.15306	0.04692	0.41414
V145	0.07306	0.0107	0	0.83087	0.05267	0.03271
V146	0.16278	0.02141	0	0.13475	0.57288	0.10818
V147	0.33193	0.09725	0.14194	0.11094	0.02549	0.29246
V148	0.11554	0.17102	0.56503	0.08586	0	0.06255
V149	0.13555	0.38247	0.0301	0.0762	0.04593	0.32975
V150	0.0694	0.01151	0	0.83153	0.07012	0.01743
V151	0.15354	0.32374	0.03308	0.06333	0.06348	0.36282
V152	0.13312	0.2266	0.30148	0.14664	0.08394	0.10822
V153	0.10472	0.0364	0.46155	0.35723	0	0.0401
V154	0.27312	0.20321	0.06087	0.05437	0.04432	0.36411
V155	0.1161	0.32067	0	0.10385	0.35702	0.10236
V156	0.07772	0.40078	0	0.1029	0.35229	0.0663
V157	0.14925	0.10879	0.0363	0.27329	0.06072	0.37165
V158	0.12518	0.05636	0.67281	0.08548	0	0.06017
V159	0.1641	0.2233	0.23311	0.2547	0.03482	0.08996
V160	0.1304	0	0.67658	0.09162	0	0.1014
V161	0.07546	0.396	0	0.34183	0.12355	0.06316
V162	0.08275	0.44121	0	0.19153	0.20175	0.08276
V163	0.12402	0	0.73066	0.08816	0	0.05715
V164	0.09696	0.31495	0.24324	0.20725	0.06509	0.07251
V165	0.11131	0.02938	0	0.1464	0.60075	0.11215
V166	0.13833	0.02432	0	0.22313	0.36669	0.24753
V167	0.10117	0.00123	0.27592	0.57534	0.01329	0.03306
V168	0.4056	0.04978	0.03941	0.28185	0.06911	0.15426
V169	0.12241	0.00634	0.51546	0.29953	0	0.05626
V170	0.30752	0.05093	0.06835	0.34433	0.11675	0.11212
V171	0.15403	0.36583	0.0415	0.05751	0.05559	0.32555
V172	0.15423	0.07213	0.39404	0.25648	0	0.12311
V173	0.13774	0.01923	0.61206	0.08878	0	0.14219
V174	0.39045	0.12987	0.0065	0.09341	0.23001	0.14975
V175	0.10487	0.54074	0.08569	0.10303	0.08196	0.08371
V176	0.11235	0	0.73296	0.10835	0	0.04634
V177	0.18706	0.08761	0.226	0.12197	0.14019	0.23717
V178	0.09147	0.04719	0	0.14019	0.66882	0.05234
V179	0.10471	0.01366	0	0.6114	0.12876	0.14148
V180	0.22576	0.02801	0.13272	0.42347	0.02926	0.16077
V181	0.33185	0.13147	0.07485	0.13194	0.10398	0.2259
V182	0.11849	0.08591	0.57037	0.1542	0	0.07104
V183	0.07513	0.01129	0	0.84655	0.04823	0.0188
V184	0.2557	0.34912	0.00583	0.10422	0.16102	0.12411
V185	0.13286	0.43645	0.00724	0.0874	0.15829	0.17776
V186	0.0996	0	0.4394	0.43114	0	0.02986
V187	0.20723	0.41248	0	0.0976	0.17399	0.1087
V188	0.14489	0.47013	0.0339	0.09038	0.04925	0.21145
V189	0.12899	0.07133	0.01364	0.1472	0.49536	0.14348
V190	0.10289	0.17033	0	0.12198	0.4329	0.17191
V191	0.1171	0.44749	0.0236	0.06664	0.05861	0.28657
V192	0.32445	0.22043	0.09303	0.1027	0.09185	0.16754
V193	0.20165	0.12731	0.068	0.05745	0.04074	0.50485
V194	0.08442	0.02741	0	0.2425	0.59923	0.04645
V195	0.11598	0	0.57983	0.2448	0.01576	0.04363
V196	0.07085	0.00995	0	0.81397	0.08289	0.02234
V197	0.19859	0.01655	0	0.13463	0.57316	0.07708
V198	0.13175	0.33589	0	0.21303	0.2292	0.09013
V199	0.10412	0.20835	0	0.20682	0.42208	0.05863
V200	0.14999	0.01159	0.41364	0.30983	0	0.11495
V201	0.07613	0.01235	0	0.82701	0.04532	0.03919
V202	0.16163	0.06828	0.30854	0.13782	0.09423	0.2295
V203	0.35028	0.05884	0.02034	0.36379	0.07575	0.13099
V204	0.19521	0.06767	0.06781	0.18944	0.04486	0.43501
V205	0.11956	0.01336	0.70687	0.11111	0	0.04911
V206	0.08876	0.04906	0.00333	0.73145	0.10221	0.0252
V207	0.25589	0.1772	0.03674	0.27401	0.08083	0.17533
V208	0.29641	0.09653	0.32012	0.14531	0.03087	0.11076
V209	0.18771	0.37849	0.0253	0.08778	0.05889	0.26184
V210	0.17439	0.02095	0.65023	0.08635	0	0.06808
V211	0.34689	0.06361	0.09098	0.08961	0.17111	0.2378
V212	0.0944	0.23935	0.10271	0.41537	0.09097	0.05719
V213	0.1343	0.07113	0.08523	0.1653	0.49152	0.05252
V214	0.47204	0.06697	0.07706	0.12548	0.08296	0.17549
V215	0.12322	0.50242	0.02424	0.09724	0.0515	0.20139
V216	0.14531	0.42307	0.22343	0.09964	0.01572	0.09283
V217	0.23246	0.02218	0.00097	0.1617	0.27943	0.30327
V218	0.09787	0.26879	0	0.51169	0.07476	0.0469
V219	0.47126	0.05273	0.09248	0.06713	0.05458	0.26181
V220	0.12113	0.02169	0	0.75222	0.05988	0.04508
V221	0.10805	0.5663	0.02575	0.13982	0.06127	0.09881
V222	0.11794	0.25021	0	0.23051	0.3156	0.08573
V223	0.13148	0.25922	0.19741	0.07855	0.01957	0.31378
V224	0.11845	0	0.21607	0.1545	0.47461	0.03638
V225	0.24032	0.04707	0.08224	0.05486	0.03003	0.54549
V226	0.23006	0.06264	0.12874	0.34202	0.12896	0.10759
V227	0.38458	0.0375	0.04012	0.26369	0.07402	0.20008
V228	0.16249	0.22491	0.34599	0.15433	0	0.11228
V229	0.19333	0.01918	0.24789	0.34486	0.1056	0.08912
V230	0.13271	0.15368	0.54122	0.09294	0	0.07945
V231	0.09328	0.02918	0	0.78047	0.07033	0.02674
V232	0.28684	0.0384	0.02091	0.30351	0.07538	0.27496
V233	0.47892	0.05734	0.08331	0.1325	0.06462	0.18331
V234	0.32665	0.02994	0	0.12154	0.40191	0.11996
V235	0.11415	0.01275	0	0.75997	0.0714	0.04173
V236	0.16096	0.00495	0.04242	0.13527	0.46805	0.18835
V237	0.11491	0	0.6304	0.21041	0	0.04429
V238	0.38487	0.03937	0.0844	0.1441	0.07397	0.2733
V239	0.34374	0.05813	0.08645	0.20858	0.14577	0.15733
V240	0.07539	0.21798	0	0.21679	0.44215	0.04769
V241	0.33409	0.16853	0.02174	0.22813	0.10436	0.14315
V242	0.25231	0.07065	0.04363	0.22195	0.11864	0.29283
V243	0.10306	0.34629	0.32753	0.14848	0.00156	0.07308
V244	0.17619	0.03755	0	0.1025	0.44389	0.23987
V245	0.44325	0.04816	0.08204	0.06467	0.06206	0.29983
V246	0.10364	0.04747	0.07565	0.45621	0.27316	0.04388
V247	0.25289	0.09459	0.03992	0.21729	0.07271	0.3226
V248	0.20763	0.04535	0	0.29408	0.35043	0.10251
V249	0.2102	0.16228	0.28586	0.15796	0	0.18371
V250	0.07246	0.02733	0	0.82615	0.04951	0.02456
V251	0.08614	0.47086	0.08896	0.23232	0.04536	0.07635
V252	0.07494	0.01791	0	0.78799	0.08954	0.02962
V253	0.13998	0.06741	0	0.40231	0.14482	0.24547
V254	0.10966	0.23558	0	0.26396	0.29459	0.0962
V255	0.24939	0.27157	0.06565	0.13165	0.09505	0.18669
V256	0.0761	0.65918	0.00691	0.08502	0.07511	0.09768
V257	0.10905	0.35303	0	0.11978	0.31	0.10813
V258	0.09526	0.20785	0.0536	0.53683	0.05138	0.05509
V259	0.08696	0.47873	0.23805	0.10866	0	0.0876
V260	0.14891	0.05119	0	0.1318	0.52212	0.14598
V261	0.33565	0.05195	0.02079	0.11719	0.23255	0.24187
V262	0.16081	0.00883	0.64766	0.12815	0	0.05455
V263	0.11794	0.05748	0.46106	0.30546	0	0.05806
V264	0.37116	0.05744	0.1179	0.10825	0.08811	0.25714
V265	0.09237	0.00986	0	0.16946	0.68976	0.03856
V266	0.23533	0.06937	0.07786	0.05687	0.03816	0.5224
V267	0.13679	0.54343	0.00836	0.13801	0.0678	0.1056
V268	0.51659	0.05412	0.08366	0.07765	0.05572	0.21226
V269	0.09841	0.05028	0.01776	0.71173	0.0884	0.03342
V270	0.20906	0.41255	0.01269	0.09713	0.15609	0.11249
V271	0.16379	0.13184	0.20979	0.08253	0.00775	0.40431
V272	0.09268	0.0116	0	0.20869	0.59697	0.09006
V273	0.1183	0.00935	0	0.21253	0.58163	0.07819
V274	0.18969	0.03656	0.16229	0.10848	0.01461	0.48835
V275	0.38616	0.20043	0.06463	0.08394	0.06169	0.20315
V276	0.16052	0.22788	0.07077	0.13032	0.06704	0.34347
V277	0.33965	0.05324	0.03624	0.07812	0.16345	0.32931
V278	0.16263	0.11656	0	0.3148	0.32558	0.08044
V279	0.20111	0.06949	0.1793	0.11341	0.0168	0.41989
V280	0.12561	0.01471	0	0.74708	0.06154	0.05106
V281	0.0777	0.64456	0.03007	0.10501	0.05177	0.09089
V282	0.08453	0.04725	0	0.19898	0.62568	0.04356
V283	0.07737	0.37553	0	0.11172	0.36251	0.07287
V284	0.1245	0.09988	0.20188	0.39588	0.03881	0.13906
V285	0.07112	0.02779	0	0.82282	0.05385	0.02441
V286	0.39367	0.06458	0.09712	0.24701	0.05218	0.14544
V287	0.09383	0.0184	0	0.2146	0.60143	0.07174
V288	0.16423	0.24262	0.01982	0.06987	0.13847	0.365
V289	0.11004	0.08594	0.54283	0.20812	0	0.05307
V290	0.09131	0.00397	0.10304	0.70595	0.05641	0.03932
V291	0.08247	0.03672	0	0.7897	0.05732	0.0338
V292	0.14412	0.09139	0	0.56933	0.1419	0.05326
V293	0.07987	0.05588	0	0.15159	0.6704	0.04226
V294	0.3357	0.06267	0	0.10358	0.28327	0.21477
V295	0.24554	0.03954	0.08234	0.04739	0.03796	0.54722
V296	0.10931	0.3193	0.03064	0.30608	0.10359	0.13108
V297	0.21205	0.08963	0.06607	0.05555	0.04079	0.53591
V298	0.08155	0.59787	0.10906	0.09198	0.03088	0.08866
V299	0.18869	0.08503	0.55056	0.09925	0	0.07647
V300	0.41043	0.13901	0.09558	0.07542	0.04531	0.23424
V301	0.28812	0.35998	0.07443	0.09138	0.05723	0.12886
V302	0.08928	0.24672	0	0.50359	0.10626	0.05416
V303	0.08155	0.55528	0.02167	0.10102	0.1459	0.09458
V304	0.09216	0.00892	0	0.14768	0.71313	0.03812
V305	0.13013	0.01926	0.08426	0.45452	0.11265	0.19917
V306	0.28307	0.12074	0.06281	0.05944	0.04282	0.43112
V307	0.17773	0.02532	0	0.13621	0.54422	0.11652
V308	0.06485	0.01921	0	0.84666	0.05261	0.01667
V309	0.07341	0.43252	0	0.36677	0.05842	0.06888
V310	0.14725	0.32637	0.2051	0.08816	0.01781	0.21531
V311	0.32742	0.04646	0.07446	0.0584	0.04304	0.45021
V312	0.14169	0.02268	0	0.42033	0.34624	0.06906
V313	0.26151	0.04642	0.06288	0.08887	0.04008	0.50023
V314	0.19491	0.02746	0	0.64581	0.07062	0.06119
V315	0.13419	0.54988	0.01145	0.07858	0.1006	0.1253
V316	0.23576	0.04347	0.06345	0.11458	0.05393	0.4888
V317	0.11635	0.01606	0	0.6482	0.07779	0.14161
V318	0.07513	0.01877	0	0.81667	0.05534	0.03409
V319	0.2534	0.18566	0.19727	0.21521	0.01595	0.13252
V320	0.20494	0.18827	0.24983	0.18914	0	0.16781
V321	0.07156	0.50846	0	0.29171	0.0624	0.06587
V322	0.1279	0.00857	0	0.14287	0.57348	0.14719
V323	0.08575	0.25289	0	0.40291	0.21188	0.04657
V324	0.13994	0.05026	0	0.28413	0.3286	0.19706
V325	0.102	0.63854	0.03295	0.078	0.05151	0.09699
V326	0.13464	0.57935	0.02489	0.07839	0.07342	0.10931
V327	0.16568	0	0.68276	0.0885	0	0.06306
V328	0.18193	0.19692	0.08291	0.23297	0.22993	0.07534
V329	0.12374	0	0.40152	0.1528	0.26364	0.05831
V330	0.11889	0	0.71854	0.1077	0	0.05487
V331	0.40296	0.10135	0.09533	0.14848	0.05263	0.19925
V332	0.16872	0.07529	0.05191	0.10606	0.33479	0.26323
V333	0.11215	0.01994	0.31158	0.44655	0.04852	0.06126
V334	0.09124	0.3605	0.2771	0.20088	0	0.07027
V335	0.18609	0.02358	0.5655	0.09081	0	0.13403
V336	0.2113	0.48813	0.04821	0.07792	0.0586	0.11584
V337	0.12162	0.17969	0	0.1287	0.51384	0.05615
V338	0.44	0.04232	0.05679	0.09049	0.18698	0.18341
V339	0.1553	0.0938	0.27813	0.33124	0.00314	0.13838
V340	0.34642	0.24828	0.04156	0.10981	0.07887	0.17506
V341	0.20361	0.05317	0	0.55931	0.10572	0.07819
V342	0.11798	0.02409	0	0.61648	0.0888	0.15265
V343	0.1904	0.15846	0.12552	0.08436	0.03333	0.40793
V344	0.08744	0.50394	0	0.10332	0.16434	0.14096
V345	0.07674	0.00891	0	0.15895	0.72739	0.02801
V346	0.15423	0.02516	0	0.47096	0.27111	0.07855
V347	0.31086	0.14391	0	0.16598	0.24769	0.13156
V348	0.16865	0.13294	0.49376	0.12853	0	0.07613
V349	0.41929	0.10456	0.0755	0.16018	0.08271	0.15776
V350	0.28533	0.0645	0.11636	0.27872	0.03704	0.21804
V351	0.22854	0.09288	0.08487	0.07676	0.04586	0.47108
V352	0.11813	0.27168	0	0.07277	0.24769	0.28974
V353	0.11435	0.17152	0.57177	0.08613	0	0.05623
V354	0.19818	0.06078	0.13545	0.09736	0.25862	0.2496
V355	0.1181	0.02381	0.71387	0.10077	0	0.04345
V356	0.31502	0.13394	0.03914	0.27308	0.08583	0.15298
V357	0.27142	0.0246	0.30137	0.13527	0.16154	0.1058
V358	0.20458	0.03673	0.10292	0.08245	0.03162	0.54169
V359	0.14098	0.09028	0	0.58915	0.10891	0.07068
V360	0.326	0.02979	0	0.27038	0.22736	0.14646
V361	0.0733	0.6715	0.00893	0.0914	0.06365	0.09121
V362	0.08169	0.43814	0	0.34408	0.07142	0.06467
V363	0.43315	0.09866	0.08273	0.07846	0.12401	0.18298
V364	0.16959	0.17849	0.02688	0.09203	0.12647	0.40653
V365	0.25084	0.34427	0.02434	0.19274	0.06547	0.12236
V366	0.14555	0.23824	0.33553	0.17054	0.03282	0.07732
V367	0.08694	0.01093	0	0.61225	0.24015	0.04974
V368	0.16323	0.13852	0.06096	0.09714	0.13754	0.40261
V369	0.09743	0.03944	0	0.18859	0.58135	0.09319
V370	0.12856	0.07738	0.46516	0.23724	0	0.09166
V371	0.11051	0.21805	0	0.4581	0.05963	0.15371
V372	0.08908	0.53491	0	0.10341	0.15202	0.12058
V373	0.46093	0.0625	0.08187	0.06516	0.05214	0.2774
V374	0.18913	0.02056	0.14816	0.53282	0.05269	0.05664
V375	0.31328	0.03148	0.12609	0.15825	0.24732	0.12359
V376	0.17691	0.069	0.04103	0.1601	0.0968	0.45616
V377	0.14844	0.00971	0.23304	0.1418	0.39991	0.06709
V378	0.19436	0.08815	0.17742	0.06335	0.03128	0.44543
V379	0.33954	0.04712	0.17103	0.06709	0.01566	0.35956
V380	0.07983	0.04585	0	0.15974	0.67257	0.042
V381	0.26869	0.04878	0.23788	0.34977	0.00694	0.08793
V382	0.07736	0.03548	0	0.31879	0.53523	0.03313
V383	0.20131	0.04975	0.29272	0.3782	0.00045	0.07756
V384	0.14056	0.01717	0.65702	0.12982	0	0.05543
V385	0.22869	0.04587	0.08987	0.04733	0.02679	0.56145
V386	0.38642	0.0651	0.23818	0.09822	0.05229	0.1598
V387	0.19639	0.0248	0	0.64199	0.07689	0.05992
V388	0.45826	0.08342	0.17964	0.07949	0.03065	0.16854
V389	0.26794	0.10284	0.06872	0.0517	0.04398	0.46483
V390	0.10334	0.04617	0	0.67481	0.07631	0.09936
V391	0.09432	0.02065	0	0.59791	0.22224	0.06487
V392	0.15585	0.04939	0.34374	0.18251	0	0.26851
V393	0.14063	0.14612	0.26299	0.15865	0.09175	0.19987
V394	0.07655	0.00981	0	0.79793	0.09134	0.02436
V395	0.11341	0.05401	0.69271	0.09728	0	0.04259
V396	0.31459	0.08051	0	0.37587	0.11363	0.11541
V397	0.18534	0.17295	0.06615	0.06353	0.06642	0.4456
V398	0.0933	0.5372	0	0.10975	0.17509	0.08466
V399	0.12104	0	0.66563	0.1467	0	0.06664
V400	0.17222	0.04392	2e-05	0.39826	0.07246	0.31313
V401	0.19425	0.02667	0.52409	0.13596	0.00925	0.10978
V402	0.1022	0.02187	0	0.7789	0.05271	0.04432
V403	0.1862	0.01852	0	0.11731	0.32134	0.35663
V404	0.11892	0.00302	0.7439	0.0912	0	0.04296
V405	0.24228	0.31257	0.06011	0.133	0.13714	0.1149
V406	0.19284	0.07332	0.12064	0.17135	0.16004	0.28181
V407	0.15718	0.02242	0.55333	0.08136	0	0.18571
V408	0.09647	0.10349	0	0.64757	0.05292	0.09956
V409	0.50822	0.08142	0.08218	0.07044	0.05772	0.20003
V410	0.52561	0.0628	0.07868	0.07167	0.07061	0.19062
V411	0.17648	0.03361	0.03212	0.2626	0.04892	0.44628
V412	0.34589	0.19118	0.06152	0.1238	0.14081	0.13681
V413	0.07738	0.10689	0	0.71064	0.0735	0.03159
V414	0.12151	0.07372	0	0.59112	0.16112	0.05252
V415	0.12599	0.01394	0.20203	0.46423	0.09178	0.10204
V416	0.0997	0.13586	0	0.3138	0.33083	0.11981
V417	0.21717	0.02882	0.09905	0.15982	0.02915	0.46598
V418	0.1133	0.08036	0.24821	0.26002	0.22334	0.07475
V419	0.21928	0.0596	0.06983	0.04645	0.03946	0.56538
V420	0.22698	0.03743	0.07047	0.05417	0.03866	0.57228
V421	0.10921	0.05542	0	0.20289	0.57252	0.05996
V422	0.17372	0.27119	0	0.10927	0.35759	0.08822
V423	0.08974	0.14894	0	0.67282	0.05047	0.03803
V424	0.44474	0.12621	0.07619	0.13019	0.05446	0.16822
V425	0.07668	0.10992	0	0.13684	0.63103	0.04553
V426	0.1882	0.06393	0.1794	0.0685	0.01035	0.48961
V427	0.31305	0.13623	0.1277	0.20002	0.05648	0.16651
V428	0.2066	0.02849	0	0.63148	0.06658	0.06685
V429	0.08907	0.02362	0	0.62228	0.22439	0.04064
V430	0.12863	0.07887	0.40838	0.29275	0	0.09137
V431	0.1135	0.00223	0.72227	0.12203	0	0.03997
V432	0.07723	0.35953	0	0.43033	0.0739	0.059
V433	0.0766	0.00951	0	0.83764	0.05772	0.01853
V434	0.08598	0.25645	0.0751	0.49024	0.05	0.04224
V435	0.11655	0.01283	0	0.11966	0.57339	0.17757
V436	0.46928	0.13677	0.07828	0.08774	0.05637	0.17156
V437	0.19882	0.2576	0.20466	0.11204	0.08998	0.13689
V438	0.09377	0.33689	0	0.15609	0.34108	0.07217
V439	0.097	0.01359	0	0.15006	0.70087	0.03848
V440	0.18741	0.05804	0.29053	0.1672	0.14638	0.15044
V441	0.14223	0.07529	0.33453	0.2289	0	0.21905
V442	0.29413	0.13614	0.14886	0.13999	0.06775	0.21313
V443	0.08666	0.0087	0	0.77329	0.08943	0.04192
V444	0.43298	0.0704	0.06825	0.10281	0.12743	0.19814
V445	0.52877	0.06305	0.09721	0.07168	0.05185	0.18744
V446	0.09352	0.46895	0.19529	0.11543	0.02875	0.09806
V447	0.15932	0.19955	3e-05	0.21431	0.09906	0.32773
V448	0.12924	0.01585	0.68737	0.12176	0	0.04578
V449	0.34775	0.06075	0.03468	0.32192	0.06978	0.16512
V450	0.16879	0.01195	0.55495	0.14227	0.06045	0.06159
V451	0.16244	0.04378	0	0.27023	0.4654	0.05815
V452	0.15825	0.03346	0	0.44414	0.10484	0.25932
V453	0.28322	0.01646	0.39921	0.20614	0	0.09496
V454	0.17925	0.06694	0.03965	0.57277	0.0706	0.07079
V455	0.10477	0.6068	0.03407	0.09852	0.05225	0.10359
V456	0.48599	0.04864	0.09287	0.08233	0.08305	0.20712
V457	0.20075	0.03692	0.00726	0.07168	0.21131	0.47208
V458	0.15007	0.00525	0.25607	0.14083	0.30676	0.14102
V459	0.11123	0.016	0.41605	0.42305	0	0.03367
V460	0.27221	0.08079	0.19515	0.20506	0.04012	0.20667
V461	0.21872	0.05539	0	0.46532	0.15832	0.10225
V462	0.11756	0	0.69837	0.11101	0	0.07305
V463	0.07343	0.03545	0	0.1873	0.67571	0.02811
V464	0.09505	0.6174	0.00519	0.1	0.08858	0.09378
V465	0.29203	0.10928	0.35032	0.09977	0.00831	0.14029
V466	0.11055	0.02986	0	0.70229	0.10394	0.05337
V467	0.53473	0.05556	0.09182	0.0711	0.05386	0.19293
V468	0.26247	0.11029	0.03483	0.31236	0.18427	0.09578
V469	0.11926	0.12417	0.47697	0.18172	0	0.09787
V470	0.39189	0.04392	0.02574	0.15985	0.23062	0.14798
V471	0.12578	0.20423	0.38516	0.16615	0	0.11868
V472	0.09753	0.42743	0	0.12385	0.25086	0.10033
V473	0.07958	0.68035	0.01726	0.07865	0.05567	0.08849
V474	0.12874	0.00419	0.24518	0.57523	0.00518	0.04147
V475	0.13205	0.14183	0.13487	0.27621	0.24295	0.07209
V476	0.31524	0.05114	0.02813	0.24191	0.10124	0.26235
V477	0.11066	0.46958	0.04354	0.15593	0.0671	0.15319
V478	0.12619	0.00661	0.66052	0.10714	0	0.09954
V479	0.13622	0.12862	0.55238	0.11751	0	0.06526
V480	0.0781	0.21983	0	0.37426	0.2856	0.0422
V481	0.29604	0.10753	0.05289	0.16484	0.23823	0.14046
V482	0.37661	0.04221	0.09117	0.06886	0.04403	0.37712
V483	0.07344	0.65168	0.05322	0.0874	0.0449	0.08936
V484	0.48814	0.04895	0.11406	0.07672	0.08884	0.1833
V485	0.23068	0.12824	0.35935	0.16026	0	0.12147
V486	0.22768	0.00822	0.50991	0.12096	0	0.13322
V487	0.08204	0.30937	0	0.12013	0.42164	0.06681
V488	0.18121	0.51213	0.03305	0.11283	0.05648	0.10431
V489	0.46434	0.06589	0.1171	0.08623	0.08862	0.17782
V490	0.21634	0.06785	0.05074	0.09656	0.06013	0.50839
V491	0.14037	0.25776	0.21092	0.11137	0.19362	0.08596
V492	0.20016	0.04771	0.17496	0.15886	0.07699	0.34133
V493	0.44767	0.15925	0.06751	0.09492	0.05865	0.172
V494	0.169	0.05048	0.26472	0.08403	0	0.43178
V495	0.17643	0.44383	0.14872	0.10193	0.03346	0.09561
V496	0.20871	0.12593	0.18804	0.09467	0.17534	0.20731
V497	0.11254	0.18739	0	0.15715	0.48637	0.05654
V498	0.13986	0.09973	0.22071	0.40813	0.05774	0.07383
V499	0.09219	0.52046	0.10715	0.14486	0.04415	0.09119
V500	0.30058	0.18635	0.0451	0.13184	0.16924	0.16689
V501	0.09183	0.63144	0.01242	0.09643	0.06244	0.10543
V502	0.07854	0.01827	0	0.36765	0.4988	0.03674
V503	0.129	0.27526	0	0.46269	0.07552	0.05753
V504	0.08915	0.63601	0.04175	0.08066	0.06007	0.09235
V505	0.10957	0.00134	0.33625	0.4808	0	0.07205
V506	0.28064	0.03752	0.05149	0.20318	0.10134	0.32583
V507	0.22368	0.0363	0.07017	0.04643	0.04513	0.57829
V508	0.09552	0.4643	0	0.16483	0.19537	0.07999
V509	0.08458	0.02018	0	0.74655	0.12522	0.02348
V510	0.52928	0.05423	0.07707	0.0721	0.07646	0.19085
V511	0.19375	0.03634	0.02626	0.24764	0.05834	0.43767
V512	0.13914	0.20447	0.42119	0.12031	0	0.11489
V513	0.1227	0.01763	0.02112	0.20164	0.59291	0.04401
V514	0.10006	0.5925	0.05876	0.07736	0.044	0.12732
V515	0.10854	0.31153	0	0.43312	0.06093	0.08588
V516	0.11554	0.04855	0.63151	0.14883	0	0.05556
V517	0.10498	0	0.21936	0.3627	0.27657	0.03639
V518	0.23399	0.32352	0.03489	0.16998	0.09319	0.14443
V519	0.14426	0.43232	0.02326	0.14141	0.05971	0.19903
V520	0.39414	0.11695	0.07102	0.16966	0.05505	0.19318
V521	0.13014	0.01353	0	0.15231	0.63711	0.06692
V522	0.26834	0.18498	0.00233	0.10511	0.21961	0.21963
V523	0.27055	0.17098	0.07295	0.19895	0.05605	0.23051
V524	0.13105	0.0088	0	0.2726	0.45491	0.13264
V525	0.30423	0.03948	0.09787	0.07015	0.0365	0.45177
V526	0.07876	0.57258	0.05309	0.0946	0.11144	0.08953
V527	0.29655	0.02854	0.45277	0.11565	0	0.10649
V528	0.4933	0.04921	0.15571	0.0852	0.04065	0.17593
V529	0.11362	0.07769	0	0.6856	0.07744	0.04566
V530	0.13713	0.20792	0.2242	0.2034	0.0493	0.17805
V531	0.52755	0.06311	0.08265	0.07897	0.05703	0.19069
V532	0.14273	0.01219	0	0.64173	0.15263	0.05072
V533	0.18164	0.0115	0.16626	0.12778	0.24626	0.26656
V534	0.11887	0.01579	0	0.57993	0.11242	0.17299
V535	0.34488	0.06901	0.18704	0.2151	0.02927	0.1547
V536	0.11768	0	0.53225	0.27273	0	0.07735
V537	0.08159	0.4802	0	0.28648	0.0666	0.08512
V538	0.17822	0.01979	0.0128	0.3894	0.06082	0.33897
V539	0.08247	0.01115	0	0.71552	0.15316	0.03771
V540	0.28169	0.02832	0.2423	0.12817	0.18181	0.1377
V541	0.08228	0.21467	0	0.57607	0.06688	0.0601
V542	0.07615	0.44811	0	0.29827	0.10679	0.07068
V543	0.11492	0	0.47726	0.18347	0.17406	0.05029
V544	0.20677	0.06013	0.05991	0.07997	0.05409	0.53914
V545	0.08274	0.51135	0.00974	0.11602	0.20305	0.07709
V546	0.35088	0.08726	0.02041	0.30932	0.09257	0.13956
V547	0.10722	0.09129	0	0.45319	0.25108	0.09722
V548	0.22132	0.05161	0.07124	0.0462	0.03918	0.57045
V549	0.18359	0.00469	0.4746	0.19203	0	0.14509
V550	0.12667	0.00641	0.15571	0.15098	0.51492	0.04531
V551	0.17811	0.07474	0.04917	0.16485	0.10938	0.42374
V552	0.12431	0.04083	0.01028	0.38952	0.3502	0.08486
V553	0.49077	0.04904	0.08903	0.10823	0.08031	0.18262
V554	0.08633	0.63492	0.03095	0.0769	0.05591	0.11499
V555	0.28188	0.02923	0.04471	0.29857	0.06083	0.28479
V556	0.13656	0.01297	0.32122	0.47233	0	0.05692
V557	0.10652	0.57557	0.0736	0.08782	0.04608	0.11041
V558	0.28044	0.18717	0.04433	0.17414	0.05769	0.25622
V559	0.07097	0.00845	0	0.28603	0.60426	0.03029
V560	0.43979	0.07119	0.05873	0.09252	0.13093	0.20684
V561	0.1135	0.01292	0.7404	0.09138	0	0.0418
V562	0.31164	0.22384	0.07472	0.14244	0.05718	0.19017
V563	0.21208	0.03553	0.05909	0.1085	0.03707	0.54773
V564	0.17267	0.09138	0	0.0754	0.23467	0.42588
V565	0.22337	0.03665	0.07801	0.04643	0.03664	0.57891
V566	0.1935	0.11176	0.06083	0.10056	0.06286	0.47049
V567	0.24055	0.26345	0.00585	0.27693	0.09108	0.12213
V568	0.10826	0.01016	0	0.17774	0.6664	0.03743
V569	0.43734	0.08371	0.06863	0.09935	0.06069	0.25029
V570	0.40551	0.16281	0.07842	0.1315	0.05978	0.16198
V571	0.10629	0.2169	0.49589	0.1211	0	0.05982
V572	0.1267	0.00482	0.66452	0.15491	0	0.04905
V573	0.13061	0.58835	0.01868	0.07776	0.07469	0.10992
V574	0.18701	0.01849	0.32068	0.12865	0	0.34517
V575	0.09099	0.50987	0.04854	0.18886	0.06002	0.10172
V576	0.26061	0.11905	0	0.10262	0.41984	0.09787
V577	0.26922	0.07122	0	0.15929	0.35774	0.14252
V578	0.11655	0.01283	0	0.11966	0.57339	0.17757
V579	0.12609	0.03044	0.01638	0.38048	0.40281	0.04379
V580	0.15959	0.03063	0	0.46055	0.24732	0.10191
V581	0.41337	0.07664	0.09276	0.15907	0.11059	0.14757
V582	0.39718	0.04909	0.04811	0.25607	0.07205	0.1775
V583	0.16679	0.05887	0.21721	0.09614	0.17379	0.2872
V584	0.13833	0.03378	0	0.39384	0.22633	0.20772
V585	0.11757	0.37482	0.1752	0.16548	0.02932	0.13762
V586	0.1294	0.57432	0.04867	0.08617	0.05504	0.1064
V587	0.22292	0.02277	0.21006	0.43801	0.01979	0.08645
V588	0.08577	0.01831	0	0.80708	0.06642	0.02241
V589	0.14169	0.24402	0.22026	0.15554	0.00516	0.23334
V590	0.18085	0.05625	0.29859	0.14555	0	0.31875
V591	0.44736	0.04346	0.07456	0.20875	0.06779	0.15809
V592	0.10536	0.28398	0.01958	0.42911	0.09821	0.06376
V593	0.07043	0.01908	0	0.84378	0.04852	0.0182
V594	0.14299	0.01662	0	0.60193	0.06226	0.1762
V595	0.12941	0.23736	0	0.196	0.233	0.20423
V596	0.0803	0.21367	0	0.18963	0.47103	0.04537
V597	0.31139	0.02451	0	0.11415	0.44281	0.10714
V598	0.50091	0.08836	0.07866	0.07099	0.06385	0.19722
V599	0.18262	0.03458	0.01038	0.19221	0.12748	0.45273
V600	0.30345	0.12862	0.03714	0.11583	0.11	0.30496
V601	0.15112	0.14052	0.02936	0.38104	0.05655	0.24141
V602	0.13187	0.02603	0	0.12825	0.53845	0.17541
V603	0.14233	0.31132	0.04663	0.11156	0.06724	0.32092
V604	0.08146	0.3876	0	0.11028	0.35066	0.07
V605	0.11299	0.03942	0	0.13623	0.64865	0.0627
V606	0.33658	0.06154	0.23204	0.14112	0.00657	0.22216
V607	0.18806	0.06339	0.00724	0.07744	0.18906	0.47482
V608	0.11799	0.49408	0.01373	0.13662	0.07397	0.1636
V609	0.12279	0.00623	0.5095	0.31708	0	0.0444
V610	0.12406	0.12483	0.34981	0.27519	0.00837	0.11775
V611	0.07189	0.65391	0.01454	0.10495	0.06714	0.08757
V612	0.06885	0.17599	0	0.68178	0.04566	0.02773
V613	0.35949	0.1665	0.07337	0.06302	0.04906	0.28856
V614	0.1415	0.1209	0.40779	0.11173	0.00655	0.21153
V615	0.09003	0.06436	0	0.14961	0.65056	0.04544
V616	0.2505	0.34095	0.02975	0.10652	0.07918	0.1931
V617	0.07729	0.01836	0	0.15645	0.71343	0.03447
V618	0.22394	0.02841	0.50363	0.10473	0	0.13929
V619	0.08235	0.51884	0.10737	0.12059	0.08773	0.08313
V620	0.18855	0.03419	0.23635	0.07474	0	0.46617
V621	0.08809	0.00799	0	0.77305	0.0936	0.03727
V622	0.33036	0.17459	0	0.09001	0.2644	0.14064
V623	0.13443	0.55722	0.0262	0.07461	0.06552	0.14202
V624	0.07604	0.47777	0	0.31395	0.05782	0.07442
V625	0.11933	0.12139	0.11123	0.50768	0.06209	0.07828
V626	0.1124	0.04918	0	0.27731	0.36809	0.19303
V627	0.36232	0.03343	0.01413	0.374	0.07882	0.13729
V628	0.17801	0.06969	0.23822	0.18037	0.07203	0.26169
V629	0.0723	0.36305	0	0.44527	0.06041	0.05897
V630	0.37518	0.04851	0.07619	0.11659	0.07588	0.30765
V631	0.18897	0.02672	0.07438	0.17776	0.06687	0.4653
V632	0.11606	0.03078	0	0.43082	0.3651	0.05724
V633	0.10714	0.17177	0.57549	0.09599	0	0.04961
V634	0.42679	0.05127	0.05387	0.24848	0.06682	0.15278
V635	0.09327	0.04883	0.14058	0.65014	0.03396	0.03322
V636	0.08339	0.49847	0	0.14559	0.15233	0.12022
V637	0.20083	0.07904	0.04317	0.05524	0.11449	0.50724
V638	0.09757	0.10389	0	0.58105	0.17355	0.04393
V639	0.24233	0.07664	0	0.13363	0.36384	0.18356
V640	0.13607	0.13863	0.35608	0.12414	0.06418	0.18089
V641	0.11115	0.08108	0.35665	0.17208	0.23226	0.04678
V642	0.2245	0.05726	0.24568	0.23897	0	0.23359
V643	0.47417	0.05609	0.05805	0.15511	0.07335	0.18322
V644	0.44493	0.05305	0.06042	0.16163	0.0647	0.21528
V645	0.40463	0.06011	0.07445	0.14871	0.05039	0.2617
V646	0.12647	0.00828	0.27962	0.15467	0.38538	0.04558
V647	0.20827	0.0301	0.0318	0.34323	0.079	0.3076
V648	0.14822	0.27697	0.11279	0.11944	0.04284	0.29974
V649	0.14743	0.02306	0	0.70017	0.07595	0.05338
V650	0.21731	0.18704	0.11459	0.11208	0.28056	0.08842
V651	0.16773	0.29664	0.04318	0.11251	0.1648	0.21513
V652	0.11054	0.00781	0.01806	0.7343	0.09026	0.03903
V653	0.12434	0.35359	0.01815	0.09494	0.12342	0.28557
V654	0.48164	0.05633	0.12449	0.08482	0.07132	0.18139
V655	0.24372	0.02433	0	0.14283	0.28337	0.30574
V656	0.16706	0.0837	0.48415	0.17482	0.019	0.07127
V657	0.29211	0.03845	0	0.18806	0.25526	0.22611
V658	0.0885	0.07401	0.06625	0.6872	0.05642	0.02763
V659	0.07977	0.65356	0.01665	0.08392	0.06104	0.10506
V660	0.46433	0.06136	0.07926	0.08248	0.05254	0.26004
V661	0.19366	0.01807	0.11966	0.20181	0.13443	0.33237
V662	0.4393	0.05209	0.0683	0.1811	0.06291	0.19629
V663	0.10511	0.16089	0	0.16171	0.51723	0.05506
V664	0.1841	0.06579	0.56012	0.09675	0	0.09324
V665	0.07717	0.00938	0	0.1574	0.72212	0.03393
V666	0.2596	0.28392	0.02298	0.17101	0.08949	0.173
V667	0.20561	0.03476	0.08032	0.08904	0.04462	0.54565
V668	0.45026	0.16757	0.076	0.0792	0.0574	0.16956
V669	0.20227	0.11353	0.01496	0.29485	0.0686	0.30579
V670	0.12623	0.30767	0	0.33922	0.08084	0.14605
V671	0.23426	0.02161	0	0.59615	0.0733	0.07468
V672	0.08537	0.45596	0	0.32967	0.05918	0.06982
V673	0.17095	0.1406	0.19017	0.07062	0.00103	0.42663
V674	0.4709	0.045	0.02725	0.08246	0.21085	0.16354
V675	0.20456	0.13583	0.06725	0.05189	0.05316	0.48731
V676	0.09463	0.00701	0	0.79405	0.08068	0.02364
V677	0.16817	0.31496	0.14021	0.06516	0.019	0.29249
V678	0.19542	0.08865	0	0.10312	0.37074	0.24207
V679	0.19658	0.11087	0.08782	0.07581	0.03453	0.4944
V680	0.13194	0	0.19835	0.14259	0.43934	0.08778
V681	0.1069	0.5668	0.04167	0.081	0.04803	0.15559
V682	0.11939	0.45897	0	0.08954	0.13201	0.20009
V683	0.10147	0.01184	0	0.13165	0.6458	0.10924
V684	0.11156	0.57037	0.00416	0.14308	0.06748	0.10335
V685	0.0808	0.50647	0.18365	0.09587	0.05699	0.07623
V686	0.25416	0.03147	0.35168	0.08877	0	0.27392
V687	0.14794	0.22224	0.21615	0.16986	1e-04	0.24371
V688	0.32413	0.03237	0	0.09485	0.29426	0.25439
V689	0.15593	0.02112	0.50669	0.21589	0	0.10038
V690	0.14017	0.02133	0	0.14027	0.51919	0.17905
V691	0.12967	0.39288	0.13624	0.1564	0.05886	0.12595
V692	0.34817	0.03022	0	0.35745	0.13257	0.1316
V693	0.44043	0.15136	0.08196	0.0872	0.05339	0.18565
V694	0.43519	0.1499	0.0708	0.11211	0.0567	0.1753
V695	0.47409	0.04839	0.04773	0.09257	0.13219	0.20502
V696	0.12299	0.41065	0	0.14634	0.22966	0.09036
V697	0.1496	0.02064	0.58781	0.15263	0	0.08932
V698	0.07489	0.67501	0.00968	0.08522	0.06353	0.09167
V699	0.22859	0.0315	0.44672	0.15128	0.01102	0.13089
V700	0.16298	0.02521	0	0.13748	0.60241	0.07191
V701	0.49803	0.05421	0.0911	0.06858	0.05216	0.23591
V702	0.18906	0.04477	0.08166	0.18924	0.03862	0.45664
V703	0.17166	0.42447	0	0.09016	0.21011	0.1036
V704	0.26912	0.26597	0.18122	0.08059	0.03126	0.17185
V705	0.12415	0.10521	0.12612	0.28074	0.30173	0.06206
V706	0.18175	0.10172	0.2524	0.08747	0.07521	0.30144
V707	0.37264	0.06201	0.07531	0.05922	0.05634	0.37449
V708	0.09621	0.35272	0.36851	0.11087	0	0.07169
V709	0.06951	0.0115	0	0.78969	0.11122	0.01807
V710	0.31128	0.08382	0.0757	0.14418	0.21167	0.17334
V711	0.11381	0.20935	0.29024	0.2648	0	0.12181
V712	0.08056	0.26211	0	0.12795	0.47603	0.05335
V713	0.20556	0.4364	0.04555	0.1076	0.07119	0.13371
V714	0.09596	0.41971	0.30591	0.10247	0	0.07594
V715	0.1314	0.01555	0.70578	0.08695	0	0.06032
V716	0.16975	0.04545	0	0.33783	0.18657	0.2604
V717	0.10129	0.01966	0	0.13925	0.66907	0.07072
V718	0.07442	0.35029	0	0.10998	0.40567	0.05964
V719	0.08182	0.62676	0.02626	0.08581	0.07473	0.10463
V720	0.23247	0.01812	0.16983	0.37588	0.04314	0.16056
V721	0.15651	0.24801	0.17135	0.08096	0.08335	0.25982
V722	0.0787	0.00807	0	0.15025	0.73446	0.02852
V723	0.08503	0.5392	0.00802	0.10047	0.16041	0.10687
V724	0.13007	0.2837	0.26365	0.20018	0.06057	0.06183
V725	0.12472	0.06395	0	0.23626	0.45724	0.11783
V726	0.12926	0.02136	0.38502	0.16925	0.20317	0.09194
V727	0.19054	0.0272	0.11085	0.17769	0.02912	0.46459
V728	0.07812	0.02104	0	0.80046	0.04815	0.05224
V729	0.18262	0.41189	0	0.11461	0.1783	0.11259
V730	0.17473	0.01821	0.06065	0.41788	0.05091	0.27762
V731	0.20661	0.06188	0.33346	0.11017	0.11512	0.17275
V732	0.13481	0.35548	0	0.12543	0.23923	0.14505
V733	0.21376	0.01868	0.20582	0.26309	0.04578	0.25286
V734	0.20214	0.02879	0.22484	0.06432	0.00225	0.47765
V735	0.08723	0.0841	0	0.69647	0.05882	0.07337
V736	0.1117	0.4133	0.05522	0.09741	0.05038	0.27199
V737	0.07191	0.0083	0	0.15934	0.73386	0.02658
V738	0.25787	0.06827	0.0528	0.39719	0.07173	0.15214
V739	0.17393	0.28441	0.09294	0.12664	0.19862	0.12346
V740	0.11458	0.24741	0.24528	0.15947	0.15966	0.07359
V741	0.29771	0.16073	0.11206	0.16862	0.13896	0.12192
V742	0.24018	0.0292	0	0.45494	0.16258	0.11309
V743	0.10882	0.10181	0.12911	0.40729	0.19761	0.05535
V744	0.28368	0.11645	0.05454	0.19305	0.05313	0.29914
V745	0.089	0.44549	0	0.13373	0.25657	0.07521
V746	0.48231	0.06831	0.07681	0.09636	0.06856	0.20764
V747	0.21893	0.02167	0	0.15716	0.50919	0.09305
V748	0.19643	0.06855	0.19011	0.10855	0.09273	0.34363
V749	0.31666	0.04246	0.01944	0.2064	0.14575	0.26929
V750	0.07013	0.08286	0	0.76565	0.0573	0.02406
V751	0.07958	0.01836	0	0.79915	0.08183	0.02109
V752	0.20322	0.02565	0	0.18726	0.4949	0.08897
V753	0.19524	0.01965	0	0.17284	0.30307	0.30921
V754	0.10815	0.35428	0.08116	0.12834	0.07062	0.25744
V755	0.2649	0.06161	0	0.12124	0.36451	0.18774
V756	0.21063	0.04337	0.05887	0.05762	0.07545	0.55405
V757	0.13522	0.35589	0.01727	0.08173	0.09271	0.31718
V758	0.19961	0.52045	0.02963	0.08323	0.05725	0.10983
V759	0.16913	0.03057	0	0.24275	0.43928	0.11827
V760	0.21903	0.03571	0.07479	0.0692	0.03203	0.56924
V761	0.11413	0.00521	0.18147	0.17343	0.49042	0.03534
V762	0.15644	7e-05	0.6002	0.13434	0	0.10895
V763	0.08269	0.13815	0	0.65	0.07973	0.04942
V764	0.20622	0.02662	0.02163	0.2709	0.2403	0.23432
V765	0.2229	0.04455	0.06968	0.05413	0.03911	0.56963
V766	0.2455	0.314	0.00712	0.09736	0.18085	0.15517
V767	0.21733	0.03121	0.24647	0.17894	0.01234	0.3137
V768	0.08661	0.54785	0.12447	0.09889	0.03147	0.11071
V769	0.10872	0	0.66809	0.18665	0	0.03653
V770	0.10015	0.33488	0	0.42551	0.07135	0.06812
V771	0.16855	0.08876	0.35457	0.12709	0	0.26103
V772	0.13939	0.00828	0.61981	0.10021	0	0.13232
V773	0.31823	0.03333	0.04516	0.22627	0.09508	0.28193
V774	0.2458	0.00865	0.56571	0.08853	0	0.09131
V775	0.08631	0.5609	0.10011	0.13048	0.04604	0.07615
V776	0.48121	0.07068	0.0811	0.07668	0.05531	0.23501
V777	0.13952	0.18703	0	0.11482	0.32532	0.2333
V778	0.12807	0.02482	0.63737	0.15903	0	0.0507
V779	0.53718	0.0559	0.08268	0.0712	0.06319	0.18985
V780	0.0996	0.01905	0	0.79022	0.06388	0.02724
V781	0.37698	0.16075	0.09341	0.06598	0.04556	0.25733
V782	0.2206	0.0441	0.09543	0.04726	0.02636	0.56625
V783	0.1104	0.588	0.01956	0.08237	0.06626	0.1334
V784	0.11166	0.04916	0.1467	0.19841	0.4446	0.04948
V785	0.08276	0.53315	0.05034	0.10548	0.14912	0.07914
V786	0.20067	0.08232	0.08977	0.07451	0.03394	0.51878
V787	0.40079	0.12696	0.04784	0.12375	0.10969	0.19096
V788	0.07446	0.00885	0	0.76743	0.12595	0.02332
V789	0.16124	0.35455	0.0245	0.08588	0.0617	0.31213
V790	0.07283	0.55258	0	0.2188	0.0872	0.06859
V791	0.22784	0.03656	0.08129	0.04603	0.02926	0.57902
V792	0.29212	0.09816	0.02895	0.33586	0.0755	0.1694
V793	0.10055	0.37756	0.08357	0.30006	0.0643	0.07396
V794	0.15509	0.37871	0.11597	0.10367	0.15868	0.08788
V795	0.1606	0.18898	0	0.11996	0.34501	0.18545
V796	0.21622	0.04306	0.07102	0.06992	0.03889	0.56089
V797	0.07011	0.00913	0	0.16789	0.72679	0.02608
V798	0.38036	0.04005	0.0293	0.09575	0.16297	0.29158
V799	0.40446	0.0576	0.13181	0.21733	0.04032	0.14847
V800	0.24909	0.14081	0	0.08699	0.24674	0.27638
V801	0.29898	0.28237	0.04943	0.08812	0.05509	0.226
V802	0.09317	0.02368	0	0.69947	0.15317	0.03051
V803	0.09106	0.06149	0	0.70241	0.11178	0.03325
V804	0.42015	0.07625	0.04993	0.17942	0.07594	0.19831
V805	0.43022	0.14023	0.08892	0.1165	0.06399	0.16014
