CD14.pos.CD16.neg.classical.monocyte	mature.neutrophil	memory.B.cell	cytotoxic.CD56.dim.NK.cell	memory.CD4.pos.AB.T.cell	macrophage
V1	0.14399	0.02982	0.63726	0.011	0.13294	0.04499
V2	0.45011	0.10745	0.0745	0.07755	0.20721	0.08317
V3	0.25962	0.07226	0.20268	0.01743	0.15902	0.28899
V4	0.24478	0.31275	0.06611	0.07222	0.21451	0.08964
V5	0.09475	0.05557	0.03741	0.42949	0.34722	0.03555
V6	0.25836	0.04501	0.17466	0.04364	0.24945	0.22889
V7	0.12749	0.28619	0.0559	0.03963	0.44526	0.04553
V8	0.52239	0.06174	0.07988	0.08241	0.14365	0.10994
V9	0.28527	0.14157	0.05306	0.18545	0.17683	0.15782
V10	0.37582	0.05309	0.09402	0.22844	0.16624	0.08239
V11	0.16916	0.49726	0.07949	0.03263	0.17529	0.04616
V12	0.27307	0.055	0.0984	0.02817	0.17126	0.3741
V13	0.15231	0.35497	0.26396	0.02979	0.15523	0.04374
V14	0.13263	0.03527	0.0452	0.57024	0.17356	0.0431
V15	0.39499	0.08217	0.06276	0.09258	0.27178	0.09571
V16	0.13168	0.03378	0.04873	0.29344	0.39199	0.10039
V17	0.25949	0.06004	0.16389	0.01949	0.1596	0.3375
V18	0.53306	0.12129	0.08602	0.02453	0.13918	0.09592
V19	0.44984	0.06471	0.19318	0.01589	0.18976	0.08661
V20	0.4721	0.07162	0.12648	0.08197	0.1423	0.10553
V21	0.27921	0.06229	0.07194	0.02876	0.19534	0.36246
V22	0.20894	0.06728	0.06189	0.06965	0.52395	0.06829
V23	0.11889	0.03288	0.3002	0.02944	0.47881	0.03977
V24	0.18573	0.03857	0.05383	0.10351	0.54888	0.06947
V25	0.37459	0.21004	0.06444	0.09925	0.17384	0.07784
V26	0.26816	0.04404	0.06775	0.02605	0.53406	0.05994
V27	0.24092	0.04575	0.18422	0.02532	0.16532	0.33847
V28	0.17422	0.20044	0.16388	0.16489	0.17539	0.12118
V29	0.16109	0.4004	0.12616	0.06444	0.15868	0.08923
V30	0.24824	0.1666	0.13601	0.02005	0.28964	0.13945
V31	0.48725	0.04705	0.19492	0.02681	0.13253	0.11144
V32	0.09365	0.03379	0.29735	0.36722	0.15378	0.0542
V33	0.24949	0.28436	0.21892	0.02879	0.14633	0.07212
V34	0.0762	0.02272	0.42385	0.0329	0.40332	0.04101
V35	0.09596	0.06142	0.17893	0.36969	0.24274	0.05126
V36	0.16377	0.33736	0.14124	0.02864	0.2776	0.0514
V37	0.11875	0.02988	0.59879	0.017	0.13736	0.09822
V38	0.25819	0.04026	0.15854	0.02031	0.16149	0.3612
V39	0.44801	0.0574	0.0679	0.18771	0.14622	0.09276
V40	0.15506	0.34724	0.06383	0.11821	0.23572	0.07994
V41	0.51466	0.05058	0.09025	0.01837	0.14736	0.17877
V42	0.24973	0.03919	0.43514	0.01188	0.16321	0.10085
V43	0.23103	0.28609	0.06594	0.04048	0.29682	0.07965
V44	0.17426	0.50196	0.07581	0.02867	0.16724	0.05206
V45	0.35295	0.2328	0.09783	0.03076	0.15974	0.12593
V46	0.14968	0.03741	0.05841	0.20745	0.38767	0.15937
V47	0.15074	0.29859	0.05768	0.11565	0.30885	0.06849
V48	0.13922	0.40211	0.19069	0.02272	0.2058	0.03947
V49	0.16518	0.48149	0.07285	0.02813	0.207	0.04535
V50	0.08975	0.02558	0.2535	0.03143	0.53234	0.06741
V51	0.07794	0.02729	0.05829	0.04177	0.75309	0.04163
V52	0.14059	0.36746	0.23242	0.04171	0.17316	0.04465
V53	0.17688	0.03203	0.12368	0.04575	0.5739	0.04776
V54	0.13221	0.10566	0.45274	0.04419	0.19245	0.07277
V55	0.07963	0.0529	0.14115	0.04876	0.63821	0.03935
V56	0.07827	0.04568	0.59222	0.08839	0.16271	0.03274
V57	0.22308	0.25914	0.08935	0.02155	0.23832	0.16855
V58	0.09145	0.02701	0.66529	0.02403	0.13669	0.05553
V59	0.11919	0.02808	0.03224	0.58772	0.19408	0.0387
V60	0.39639	0.03995	0.06061	0.27865	0.14929	0.07512
V61	0.31012	0.11876	0.06353	0.12395	0.19395	0.18969
V62	0.40514	0.05732	0.11531	0.0911	0.2	0.13114
V63	0.19011	0.34396	0.06847	0.0711	0.17105	0.15531
V64	0.08671	0.09976	0.05613	0.03297	0.68405	0.04039
V65	0.41829	0.12151	0.08865	0.03054	0.1736	0.16742
V66	0.37757	0.05533	0.15048	0.03082	0.30984	0.07596
V67	0.14552	0.12875	0.26866	0.17399	0.15491	0.12817
V68	0.58093	0.05294	0.08708	0.04079	0.13545	0.10282
V69	0.45097	0.06183	0.07419	0.01958	0.16582	0.22761
V70	0.10858	0.02763	0.20612	0.41227	0.20624	0.03915
V71	0.14444	0.19943	0.07477	0.09053	0.38207	0.10876
V72	0.43607	0.11363	0.12048	0.0294	0.17918	0.12124
V73	0.12276	0.0218	0.10771	0.51842	0.18736	0.04194
V74	0.10236	0.12432	0.04484	0.51631	0.17798	0.0342
V75	0.15707	0.50245	0.06797	0.04256	0.18545	0.04451
V76	0.0859	0.02147	0.56555	0.03435	0.25448	0.03826
V77	0.16261	0.11934	0.11681	0.36654	0.16214	0.07256
V78	0.39913	0.11352	0.10179	0.09544	0.15465	0.13546
V79	0.20638	0.3566	0.07397	0.02243	0.16143	0.1792
V80	0.19881	0.37073	0.06793	0.02814	0.17168	0.16272
V81	0.49983	0.10342	0.12537	0.02319	0.14805	0.10014
V82	0.15273	0.46096	0.06876	0.05174	0.2177	0.04811
V83	0.18857	0.12898	0.06195	0.27959	0.2571	0.08381
V84	0.30401	0.04066	0.11488	0.2925	0.16937	0.07858
V85	0.55841	0.05136	0.1356	0.02232	0.13319	0.09913
V86	0.26503	0.05614	0.14399	0.21027	0.16173	0.16284
V87	0.09646	0.03301	0.04969	0.60128	0.17724	0.04232
V88	0.17434	0.05042	0.0462	0.36076	0.2054	0.16289
V89	0.16987	0.13624	0.36499	0.01939	0.14442	0.16509
V90	0.16651	0.40788	0.14587	0.02839	0.19685	0.0545
V91	0.10505	0.03447	0.08571	0.09995	0.62536	0.04946
V92	0.08697	0.07331	0.0616	0.03872	0.69194	0.04746
V93	0.24668	0.07859	0.06177	0.0852	0.32767	0.2001
V94	0.0852	0.02548	0.23699	0.45937	0.1597	0.03326
V95	0.07478	0.02997	0.28212	0.10072	0.47799	0.03443
V96	0.16079	0.26378	0.06619	0.05356	0.34578	0.1099
V97	0.0775	0.03333	0.06186	0.07774	0.71214	0.03744
V98	0.11343	0.07366	0.04047	0.50129	0.2314	0.03973
V99	0.09375	0.0322	0.03707	0.6177	0.18396	0.03532
V100	0.088	0.02779	0.39088	0.19277	0.24594	0.05462
V101	0.11422	0.24986	0.361	0.07967	0.15078	0.04447
V102	0.54458	0.05641	0.14707	0.02221	0.1328	0.09694
V103	0.4695	0.05921	0.07901	0.11958	0.17357	0.09913
V104	0.10548	0.02039	0.20444	0.45579	0.17148	0.04242
V105	0.27003	0.04185	0.11928	0.02194	0.16477	0.38211
V106	0.14771	0.02817	0.48948	0.01212	0.14698	0.17554
V107	0.17204	0.39487	0.21512	0.02097	0.15336	0.04365
V108	0.22457	0.05937	0.08471	0.02881	0.3027	0.29984
V109	0.23611	0.04682	0.06782	0.02345	0.29313	0.33268
V110	0.12	0.12757	0.54478	0.01213	0.14251	0.05302
V111	0.07787	0.03212	0.67952	0.02502	0.14849	0.03699
V112	0.13176	0.23193	0.03845	0.38336	0.1739	0.04059
V113	0.09637	0.08211	0.50604	0.03927	0.23515	0.04105
V114	0.16856	0.02443	0.51712	0.10689	0.13596	0.04704
V115	0.37197	0.08332	0.07827	0.03812	0.23645	0.19187
V116	0.57263	0.05238	0.0855	0.05215	0.13585	0.10149
V117	0.40517	0.05078	0.06411	0.08168	0.31841	0.07984
V118	0.14955	0.4169	0.13296	0.04476	0.20385	0.05198
V119	0.16147	0.48364	0.07606	0.05084	0.17022	0.05778
V120	0.15819	0.15783	0.11954	0.28731	0.21995	0.05717
V121	0.3212	0.04614	0.06097	0.19774	0.15399	0.21997
V122	0.27243	0.04544	0.04952	0.39278	0.18271	0.05712
V123	0.33772	0.04994	0.06372	0.05241	0.25012	0.24609
V124	0.08059	0.02469	0.27252	0.0326	0.55025	0.03936
V125	0.11024	0.12234	0.50792	0.05479	0.13931	0.0654
V126	0.22984	0.20347	0.09815	0.02666	0.16687	0.27501
V127	0.10442	0.02066	0.61695	0.07464	0.14345	0.03987
V128	0.29428	0.19366	0.13231	0.11855	0.19091	0.07029
V129	0.08022	0.03223	0.64094	0.06236	0.14423	0.04002
V130	0.39449	0.1172	0.0657	0.17397	0.16694	0.0817
V131	0.11921	0.03039	0.07433	0.04185	0.63356	0.10066
V132	0.12977	0.30691	0.32479	0.01823	0.17923	0.04108
V133	0.12746	0.14825	0.44124	0.0687	0.17414	0.04021
V134	0.2274	0.39261	0.07127	0.02972	0.21271	0.0663
V135	0.12999	0.03081	0.56631	0.01186	0.17275	0.08829
V136	0.18672	0.42841	0.11359	0.03485	0.18356	0.05287
V137	0.10996	0.12924	0.43874	0.02832	0.25813	0.03561
V138	0.19833	0.03269	0.05683	0.28558	0.2229	0.20367
V139	0.14659	0.06634	0.16253	0.02913	0.42988	0.16553
V140	0.42321	0.17765	0.09944	0.06362	0.14784	0.08824
V141	0.24627	0.19764	0.1397	0.17986	0.17043	0.06609
V142	0.20559	0.42676	0.07495	0.0596	0.16112	0.07197
V143	0.12683	0.06414	0.4891	0.06412	0.20419	0.05163
V144	0.23816	0.14989	0.06859	0.09989	0.16676	0.2767
V145	0.09779	0.01973	0.04317	0.62051	0.17267	0.04614
V146	0.16088	0.03848	0.10943	0.03326	0.58071	0.07725
V147	0.38614	0.08877	0.1442	0.04717	0.14485	0.18888
V148	0.09919	0.13817	0.57245	0.01246	0.13734	0.04038
V149	0.20928	0.3275	0.06092	0.0388	0.16257	0.20093
V150	0.09803	0.01963	0.03115	0.61833	0.1967	0.03615
V151	0.22146	0.282	0.06124	0.02808	0.17819	0.22903
V152	0.13854	0.17681	0.34921	0.04041	0.23017	0.06486
V153	0.08111	0.04642	0.49551	0.17984	0.16128	0.03584
V154	0.37036	0.17316	0.07579	0.01973	0.15239	0.20857
V155	0.14223	0.25595	0.11688	0.02451	0.39813	0.06231
V156	0.12094	0.32465	0.06312	0.02842	0.42378	0.03909
V157	0.19852	0.1085	0.07964	0.19767	0.17205	0.24361
V158	0.0941	0.05977	0.65713	0.01177	0.13576	0.04148
V159	0.18451	0.17826	0.27925	0.12524	0.17274	0.05999
V160	0.09618	0.0211	0.66208	0.01764	0.13655	0.06646
V161	0.13094	0.33126	0.04786	0.22507	0.22642	0.03845
V162	0.14408	0.3544	0.0542	0.10217	0.2935	0.05166
V163	0.0891	0.02015	0.70052	0.01218	0.13597	0.04208
V164	0.11667	0.24572	0.30409	0.08784	0.20365	0.04202
V165	0.11262	0.0429	0.0808	0.04187	0.6363	0.08551
V166	0.15583	0.03918	0.04975	0.12326	0.45673	0.17524
V167	0.08791	0.01918	0.3463	0.34046	0.1693	0.03685
V168	0.47626	0.05265	0.07102	0.16796	0.13888	0.09323
V169	0.09353	0.02641	0.54102	0.14692	0.14754	0.04458
V170	0.34666	0.05772	0.12675	0.20503	0.18978	0.07406
V171	0.23346	0.31043	0.07453	0.02186	0.17007	0.18965
V172	0.14198	0.07289	0.42574	0.12764	0.14761	0.08414
V173	0.10598	0.03567	0.60546	0.01108	0.14981	0.092
V174	0.44249	0.10792	0.077	0.02598	0.26385	0.08275
V175	0.17221	0.40931	0.1461	0.03401	0.19173	0.04664
V176	0.07619	0.01943	0.69941	0.01917	0.1485	0.03729
V177	0.18947	0.08644	0.28069	0.0353	0.26128	0.14683
V178	0.09481	0.05452	0.08205	0.03169	0.68825	0.04868
V179	0.12305	0.02479	0.06821	0.43488	0.23859	0.11048
V180	0.2551	0.03891	0.18253	0.26859	0.14665	0.10822
V181	0.39296	0.11379	0.10959	0.05936	0.18902	0.13528
V182	0.09518	0.08038	0.58408	0.05481	0.13798	0.04758
V183	0.1037	0.01967	0.0369	0.63126	0.17185	0.03662
V184	0.32037	0.27397	0.07241	0.03849	0.22392	0.07083
V185	0.19587	0.34269	0.07772	0.02862	0.24322	0.11188
V186	0.07745	0.01857	0.4868	0.23279	0.15173	0.03267
V187	0.27389	0.32142	0.06576	0.03449	0.24285	0.0616
V188	0.21509	0.37422	0.0689	0.03905	0.16125	0.1415
V189	0.11052	0.07525	0.18144	0.04301	0.49553	0.09425
V190	0.12981	0.14957	0.05861	0.03918	0.51302	0.1098
V191	0.19646	0.37458	0.06251	0.02857	0.17257	0.16531
V192	0.39018	0.17737	0.12929	0.03547	0.17928	0.0884
V193	0.25921	0.12006	0.0703	0.02826	0.17233	0.34983
V194	0.08923	0.0404	0.07192	0.10732	0.64348	0.04766
V195	0.08122	0.0204	0.56405	0.07798	0.219	0.03736
V196	0.09295	0.01951	0.05073	0.59596	0.20208	0.03877
V197	0.2095	0.03457	0.07811	0.03369	0.58497	0.05917
V198	0.17749	0.27639	0.08286	0.1148	0.29449	0.05396
V199	0.11199	0.17653	0.12675	0.09195	0.44979	0.04299
V200	0.1294	0.03	0.44965	0.16216	0.14843	0.08037
V201	0.1054	0.02028	0.03017	0.62178	0.17207	0.05031
V202	0.15617	0.07015	0.3516	0.0406	0.24201	0.13947
V203	0.41878	0.06138	0.06415	0.23107	0.1429	0.08174
V204	0.25323	0.07193	0.08773	0.12747	0.16594	0.29371
V205	0.08352	0.03249	0.68554	0.02441	0.13652	0.03753
V206	0.09645	0.05332	0.11979	0.50775	0.18807	0.03462
V207	0.32216	0.15296	0.08658	0.16916	0.16441	0.10473
V208	0.30884	0.08791	0.32566	0.04421	0.16805	0.06533
V209	0.28243	0.31516	0.06502	0.04292	0.16126	0.13321
V210	0.14471	0.0365	0.62991	0.01102	0.13288	0.04498
V211	0.39225	0.06416	0.13816	0.02391	0.24047	0.14105
V212	0.11539	0.19876	0.18977	0.25735	0.19439	0.04435
V213	0.10959	0.07319	0.24888	0.04239	0.48476	0.04119
V214	0.53324	0.06256	0.09415	0.05262	0.15848	0.09895
V215	0.19561	0.40024	0.06234	0.04451	0.16245	0.13485
V216	0.18907	0.32273	0.25645	0.02414	0.15893	0.04868
V217	0.25121	0.03798	0.08903	0.07913	0.33562	0.20703
V218	0.14506	0.23277	0.04594	0.35924	0.17797	0.039
V219	0.54034	0.0519	0.09153	0.01833	0.14486	0.15303
V220	0.15526	0.03055	0.04606	0.55392	0.16521	0.049
V221	0.18864	0.43881	0.08546	0.07026	0.16641	0.05042
V222	0.15047	0.20838	0.08079	0.12017	0.3827	0.0575
V223	0.17914	0.22394	0.23575	0.02257	0.16648	0.17212
V224	0.07796	0.02408	0.35422	0.02359	0.48486	0.0353
V225	0.30685	0.05013	0.08043	0.02813	0.165	0.36946
V226	0.24932	0.06573	0.19821	0.19585	0.21678	0.07411
V227	0.44914	0.04519	0.0695	0.15899	0.14738	0.1298
V228	0.17518	0.17729	0.36797	0.05043	0.16295	0.06619
V229	0.18525	0.03497	0.30995	0.17768	0.22918	0.06296
V230	0.11826	0.12729	0.55041	0.01787	0.1367	0.04947
V231	0.12526	0.03483	0.03903	0.5757	0.18617	0.03901
V232	0.34707	0.04776	0.05557	0.20267	0.15676	0.19016
V233	0.53774	0.05664	0.09415	0.05811	0.14772	0.10564
V234	0.35549	0.04228	0.06476	0.03495	0.42484	0.07768
V235	0.14342	0.02309	0.05233	0.5556	0.17764	0.04793
V236	0.13636	0.03032	0.19225	0.03635	0.48013	0.12459
V237	0.08234	0.01934	0.62849	0.08201	0.1505	0.03732
V238	0.44437	0.04681	0.09983	0.07217	0.16587	0.17095
V239	0.38544	0.06127	0.13964	0.10336	0.21592	0.09436
V240	0.10217	0.18665	0.0508	0.10671	0.51426	0.03941
V241	0.40158	0.14223	0.06907	0.12961	0.17218	0.08534
V242	0.29432	0.0727	0.08802	0.1328	0.20778	0.20439
V243	0.12334	0.26591	0.36	0.0454	0.16591	0.03944
V244	0.19404	0.04942	0.06277	0.02606	0.51016	0.15755
V245	0.50907	0.05035	0.08375	0.01865	0.15376	0.18443
V246	0.09212	0.05608	0.21161	0.26628	0.33281	0.0411
V247	0.30283	0.09304	0.06344	0.13818	0.16795	0.23456
V248	0.24078	0.05519	0.052	0.1693	0.40785	0.07488
V249	0.23711	0.13707	0.31335	0.06787	0.14044	0.10416
V250	0.10114	0.03294	0.03661	0.61812	0.17172	0.03946
V251	0.14363	0.36775	0.15188	0.13	0.16192	0.04482
V252	0.09363	0.02671	0.06429	0.57239	0.20071	0.04227
V253	0.16874	0.07157	0.04889	0.2831	0.24751	0.1802
V254	0.13312	0.19678	0.10437	0.14521	0.35583	0.06469
V255	0.30831	0.22303	0.11099	0.05923	0.18704	0.1114
V256	0.16198	0.50185	0.06903	0.033	0.18116	0.05298
V257	0.14696	0.28799	0.07893	0.04263	0.37487	0.06862
V258	0.12024	0.17881	0.14009	0.35812	0.15735	0.04538
V259	0.13386	0.361	0.2753	0.02963	0.15106	0.04915
V260	0.16426	0.05936	0.06825	0.03983	0.56925	0.09904
V261	0.38024	0.0577	0.08974	0.0442	0.28086	0.14725
V262	0.125	0.029	0.61183	0.01899	0.17595	0.03923
V263	0.0981	0.06088	0.4965	0.15274	0.1477	0.04408
V264	0.42484	0.05895	0.13928	0.04089	0.18098	0.15506
V265	0.10011	0.02826	0.05714	0.0519	0.71893	0.04367
V266	0.30096	0.06985	0.0794	0.02785	0.16961	0.35233
V267	0.22472	0.42119	0.06545	0.0704	0.16508	0.05316
V268	0.5783	0.05335	0.08231	0.02403	0.1374	0.12461
V269	0.10913	0.05425	0.127	0.49048	0.18001	0.03914
V270	0.27112	0.32165	0.08296	0.03394	0.22643	0.06391
V271	0.20285	0.12221	0.23114	0.0287	0.16385	0.25124
V272	0.10026	0.0285	0.05317	0.08845	0.65559	0.07403
V273	0.11739	0.02894	0.09288	0.08639	0.60973	0.06468
V274	0.23314	0.04509	0.17458	0.05655	0.16504	0.32561
V275	0.46517	0.16109	0.08059	0.03052	0.14827	0.11438
V276	0.22152	0.20353	0.11189	0.07289	0.1841	0.20607
V277	0.38397	0.059	0.07404	0.02635	0.23844	0.2182
V278	0.17473	0.11041	0.11988	0.17942	0.35756	0.05799
V279	0.24969	0.07151	0.19978	0.05426	0.16324	0.26153
V280	0.16205	0.02444	0.04032	0.54914	0.17056	0.0535
V281	0.16176	0.49114	0.08799	0.04639	0.1656	0.04714
V282	0.09437	0.05402	0.06037	0.07598	0.67031	0.04495
V283	0.12105	0.30566	0.05651	0.03411	0.43791	0.04476
V284	0.12965	0.09328	0.26758	0.23614	0.17924	0.0941
V285	0.1014	0.03299	0.0306	0.61776	0.17762	0.03963
V286	0.45426	0.06375	0.12227	0.13642	0.13703	0.08627
V287	0.09549	0.03445	0.07918	0.08778	0.64091	0.06219
V288	0.2227	0.21549	0.07112	0.02786	0.23783	0.225
V289	0.08606	0.0801	0.5569	0.08125	0.15646	0.03922
V290	0.09024	0.0196	0.20339	0.47472	0.1677	0.04435
V291	0.11409	0.04092	0.03096	0.59362	0.17612	0.04428
V292	0.18341	0.08668	0.05239	0.39323	0.23569	0.04859
V293	0.08312	0.06025	0.08157	0.03844	0.69297	0.04364
V294	0.38401	0.06431	0.06511	0.03287	0.32701	0.1267
V295	0.31208	0.04397	0.0814	0.02215	0.17075	0.36964
V296	0.14413	0.26758	0.10771	0.19235	0.19793	0.0903
V297	0.26921	0.08858	0.06513	0.02884	0.17482	0.37342
V298	0.15264	0.45448	0.16083	0.02942	0.16015	0.04248
V299	0.17254	0.07827	0.54553	0.0172	0.13921	0.04724
V300	0.48353	0.11541	0.09971	0.02376	0.14128	0.13631
V301	0.36152	0.27532	0.1054	0.03117	0.1533	0.07329
V302	0.11946	0.21047	0.08813	0.34175	0.19498	0.04522
V303	0.14852	0.42792	0.10556	0.03551	0.23513	0.04736
V304	0.09401	0.02777	0.07735	0.0333	0.72456	0.04301
V305	0.13841	0.03361	0.17098	0.30324	0.21878	0.13497
V306	0.37081	0.10978	0.069	0.02618	0.15514	0.26909
V307	0.19297	0.03983	0.06328	0.03994	0.57936	0.08462
V308	0.09376	0.02563	0.03036	0.6352	0.17941	0.03564
V309	0.13553	0.35398	0.05268	0.24941	0.16418	0.04422
V310	0.17984	0.26666	0.23358	0.02324	0.16158	0.1351
V311	0.42008	0.0477	0.07868	0.02567	0.15222	0.27565
V312	0.16749	0.03614	0.04602	0.2634	0.42761	0.05933
V313	0.3383	0.051	0.06626	0.05214	0.16027	0.33204
V314	0.24492	0.03633	0.04626	0.45746	0.16158	0.05345
V315	0.21637	0.42227	0.07284	0.02563	0.19454	0.06834
V316	0.30512	0.04888	0.07579	0.07055	0.17243	0.32723
V317	0.14748	0.02581	0.04105	0.47769	0.19517	0.11281
V318	0.09697	0.0267	0.05597	0.60307	0.17147	0.04581
V319	0.2956	0.15122	0.22461	0.10551	0.14622	0.07683
V320	0.23883	0.1563	0.27716	0.08705	0.14707	0.09359
V321	0.145	0.40577	0.05247	0.18778	0.16904	0.03994
V322	0.11861	0.02962	0.12174	0.03995	0.58881	0.10128
V323	0.12619	0.21671	0.04366	0.2638	0.30924	0.0404
V324	0.1573	0.05851	0.07998	0.16594	0.40775	0.13052
V325	0.19018	0.48131	0.08555	0.02742	0.16411	0.05144
V326	0.22265	0.44045	0.08022	0.02615	0.17454	0.05598
V327	0.13172	0.0226	0.65723	0.0112	0.13356	0.04369
V328	0.19859	0.1616	0.1819	0.11154	0.29377	0.0526
V329	0.08335	0.02297	0.45899	0.0192	0.37023	0.04527
V330	0.08347	0.01985	0.68854	0.01885	0.14803	0.04126
V331	0.46301	0.09007	0.1077	0.07039	0.14518	0.12366
V332	0.16456	0.08119	0.16266	0.02803	0.38997	0.17359
V333	0.09386	0.03417	0.37336	0.2443	0.20303	0.05129
V334	0.11674	0.28219	0.3239	0.09105	0.14777	0.03836
V335	0.16178	0.03857	0.56359	0.01666	0.1348	0.08459
V336	0.29591	0.36572	0.08783	0.02352	0.15959	0.06743
V337	0.13567	0.15283	0.09921	0.0334	0.53743	0.04146
V338	0.48337	0.04867	0.10439	0.02452	0.23422	0.10483
V339	0.15815	0.08785	0.31964	0.18086	0.16251	0.09098
V340	0.4256	0.19858	0.07138	0.04774	0.16061	0.09609
V341	0.24422	0.05699	0.07442	0.3812	0.18326	0.05991
V342	0.14621	0.0329	0.04795	0.452	0.20114	0.1198
V343	0.24851	0.14334	0.1441	0.03677	0.16651	0.26076
V344	0.15763	0.39678	0.059	0.04115	0.25893	0.08651
V345	0.08147	0.02737	0.06441	0.04148	0.74645	0.03883
V346	0.18225	0.03574	0.05672	0.30176	0.35939	0.06413
V347	0.35691	0.1235	0.08089	0.07394	0.28804	0.07672
V348	0.15602	0.11147	0.48913	0.02478	0.17083	0.04777
V349	0.48386	0.08998	0.10202	0.07602	0.16005	0.08807
V350	0.33897	0.06546	0.14806	0.16655	0.14372	0.13724
V351	0.29901	0.08825	0.09598	0.03813	0.17005	0.30858
V352	0.17238	0.24264	0.06151	0.0237	0.33522	0.16456
V353	0.09742	0.13791	0.57801	0.01253	0.13718	0.03695
V354	0.19677	0.06781	0.22016	0.01925	0.3396	0.1564
V355	0.08255	0.03905	0.68965	0.01829	0.13631	0.03415
V356	0.37954	0.11749	0.08385	0.16276	0.16112	0.09525
V357	0.25818	0.04028	0.33823	0.02808	0.26907	0.06616
V358	0.26347	0.04071	0.1097	0.04604	0.17029	0.36979
V359	0.18425	0.08667	0.04452	0.41874	0.20685	0.05897
V360	0.36806	0.04143	0.06461	0.1512	0.28213	0.09256
V361	0.1612	0.51135	0.06942	0.03775	0.17256	0.04772
V362	0.1412	0.35475	0.07156	0.2262	0.1672	0.03909
V363	0.48666	0.08559	0.11177	0.01833	0.19319	0.10447
V364	0.22673	0.1629	0.07026	0.04567	0.22989	0.26455
V365	0.32742	0.2736	0.06903	0.1081	0.15085	0.07099
V366	0.15283	0.1877	0.3655	0.05732	0.18707	0.04958
V367	0.10512	0.02295	0.05068	0.41749	0.34948	0.05429
V368	0.20653	0.13002	0.11462	0.04505	0.24792	0.25585
V369	0.10874	0.04886	0.05344	0.07453	0.64019	0.07425
V370	0.10899	0.07636	0.49269	0.10774	0.15209	0.06213
V371	0.15884	0.19629	0.04615	0.33389	0.16038	0.10447
V372	0.16261	0.41805	0.06083	0.04129	0.24765	0.06957
V373	0.53657	0.0581	0.08	0.01886	0.14146	0.16501
V374	0.20173	0.03412	0.21879	0.33303	0.16523	0.0471
V375	0.31896	0.04448	0.20137	0.05524	0.30195	0.078
V376	0.22821	0.0726	0.07471	0.10386	0.21145	0.30916
V377	0.11323	0.03227	0.34942	0.02111	0.43514	0.04883
V378	0.24164	0.08533	0.19447	0.01781	0.17726	0.28348
V379	0.38455	0.05121	0.161	0.01755	0.14684	0.23885
V380	0.08228	0.05339	0.08146	0.04506	0.69407	0.04375
V381	0.28547	0.0536	0.26704	0.19099	0.1446	0.05831
V382	0.08776	0.04582	0.05596	0.16984	0.60033	0.04029
V383	0.20521	0.05551	0.32659	0.20589	0.15282	0.05398
V384	0.10561	0.03415	0.62989	0.02499	0.16525	0.04011
V385	0.28924	0.04947	0.08736	0.02262	0.16689	0.38443
V386	0.41781	0.06275	0.24398	0.02057	0.16635	0.08854
V387	0.23357	0.03546	0.0787	0.44561	0.15488	0.05179
V388	0.50545	0.07304	0.17603	0.01601	0.1381	0.09138
V389	0.34592	0.09636	0.07453	0.02064	0.16365	0.29889
V390	0.13405	0.05057	0.03971	0.49882	0.18882	0.08805
V391	0.11513	0.03085	0.05067	0.41085	0.33041	0.06209
V392	0.15357	0.05621	0.37878	0.08992	0.14599	0.17554
V393	0.14463	0.12938	0.31566	0.05968	0.22948	0.12117
V394	0.09741	0.0198	0.05782	0.57867	0.20698	0.03932
V395	0.07968	0.05873	0.67375	0.01816	0.1365	0.03318
V396	0.37569	0.07852	0.06116	0.23837	0.17408	0.07218
V397	0.24394	0.15635	0.08655	0.0272	0.19048	0.29548
V398	0.16099	0.41268	0.07239	0.04145	0.26155	0.05095
V399	0.08695	0.02005	0.65187	0.04361	0.14905	0.04848
V400	0.20099	0.05436	0.04477	0.28826	0.16988	0.24174
V401	0.16893	0.03996	0.50257	0.01915	0.20113	0.06825
V402	0.13559	0.02943	0.03849	0.57793	0.16813	0.05044
V403	0.19555	0.03682	0.06288	0.05044	0.3951	0.25921
V404	0.08091	0.02574	0.70961	0.01283	0.13639	0.03452
V405	0.2991	0.24728	0.12309	0.05382	0.21211	0.06461
V406	0.20772	0.07565	0.18306	0.08246	0.2623	0.1888
V407	0.1336	0.03791	0.55979	0.0107	0.14366	0.11434
V408	0.12997	0.09677	0.05782	0.4731	0.16312	0.07921
V409	0.57488	0.07103	0.08304	0.01893	0.13761	0.11452
V410	0.58501	0.05924	0.08327	0.01878	0.14667	0.10703
V411	0.22772	0.04342	0.05755	0.19551	0.16463	0.31118
V412	0.40407	0.15403	0.11106	0.04761	0.20681	0.07641
V413	0.10563	0.09938	0.05732	0.51712	0.1827	0.03784
V414	0.1556	0.07161	0.05147	0.40958	0.26278	0.04896
V415	0.11445	0.03	0.28388	0.27397	0.21932	0.07838
V416	0.12419	0.12827	0.05142	0.19486	0.4143	0.08696
V417	0.27461	0.03964	0.1117	0.10186	0.15883	0.31337
V418	0.09262	0.07762	0.34203	0.10837	0.32497	0.0544
V419	0.27657	0.06249	0.06685	0.02377	0.17603	0.39428
V420	0.28581	0.04378	0.06708	0.02975	0.17563	0.39796
V421	0.11018	0.06125	0.09867	0.07907	0.59824	0.05259
V422	0.2224	0.21995	0.05978	0.03089	0.41191	0.05507
V423	0.13161	0.13223	0.03403	0.4913	0.16984	0.04099
V424	0.51563	0.10363	0.08758	0.0582	0.13887	0.0961
V425	0.08841	0.10004	0.06784	0.03188	0.66827	0.04358
V426	0.23451	0.06501	0.18942	0.02487	0.16368	0.3225
V427	0.36341	0.117	0.15763	0.10113	0.1576	0.10323
V428	0.26169	0.03728	0.04111	0.44924	0.15474	0.05595
V429	0.09072	0.03468	0.11766	0.40848	0.30368	0.04479
V430	0.11562	0.07724	0.44356	0.147	0.15381	0.06278
V431	0.07538	0.02534	0.69736	0.03089	0.13739	0.03363
V432	0.12487	0.30475	0.06042	0.29658	0.17325	0.04013
V433	0.09721	0.01937	0.06319	0.61348	0.17099	0.03577
V434	0.11095	0.21447	0.15931	0.32124	0.1575	0.03653
V435	0.12125	0.0312	0.06162	0.02978	0.62897	0.12719
V436	0.53922	0.10969	0.08565	0.03011	0.13868	0.09665
V437	0.22578	0.20374	0.25022	0.0289	0.21114	0.08022
V438	0.1368	0.27675	0.05989	0.06679	0.41344	0.04633
V439	0.08273	0.03314	0.13667	0.03126	0.67546	0.04075
V440	0.17511	0.06335	0.34297	0.05419	0.27031	0.09405
V441	0.1414	0.07487	0.37415	0.11632	0.15661	0.13665
V442	0.34394	0.11742	0.17892	0.05839	0.17562	0.12571
V443	0.10203	0.02018	0.07862	0.55729	0.19201	0.04987
V444	0.48561	0.06736	0.09784	0.03588	0.19511	0.11819
V445	0.58763	0.05919	0.09533	0.01832	0.13548	0.10405
V446	0.14178	0.35729	0.24043	0.03571	0.16814	0.05665
V447	0.22208	0.18517	0.05153	0.14744	0.19314	0.20065
V448	0.09212	0.03357	0.64804	0.01372	0.17706	0.03549
V449	0.41678	0.06234	0.07165	0.2019	0.14289	0.10444
V450	0.1322	0.0305	0.53382	0.01463	0.24525	0.0436
V451	0.14902	0.05554	0.16539	0.12551	0.45855	0.04598
V452	0.18221	0.04453	0.06755	0.31691	0.19829	0.19051
V453	0.2811	0.03249	0.40289	0.08684	0.13841	0.05827
V454	0.21105	0.06773	0.11999	0.38753	0.15863	0.05508
V455	0.18928	0.46445	0.08839	0.04084	0.16299	0.05405
V456	0.53671	0.05095	0.10228	0.02362	0.16418	0.12226
V457	0.24436	0.04726	0.06686	0.02924	0.30283	0.30945
V458	0.12079	0.02652	0.35244	0.02572	0.38863	0.08589
V459	0.09021	0.03278	0.46635	0.23231	0.14485	0.03351
V460	0.3101	0.0771	0.22424	0.10244	0.16324	0.12289
V461	0.26198	0.06	0.05832	0.30759	0.23571	0.0764
V462	0.08312	0.01999	0.67786	0.02447	0.14308	0.05148
V463	0.07873	0.04663	0.06827	0.06421	0.70506	0.0371
V464	0.17759	0.47323	0.07259	0.0418	0.18775	0.04705
V465	0.30497	0.09464	0.34622	0.01326	0.162	0.07891
V466	0.14107	0.03691	0.04715	0.50774	0.21301	0.05413
V467	0.59376	0.05403	0.08981	0.0185	0.13557	0.10832
V468	0.29768	0.1022	0.11784	0.17974	0.23915	0.06339
V469	0.10323	0.10928	0.50338	0.07401	0.14595	0.06415
V470	0.42828	0.0519	0.0979	0.06695	0.26789	0.08707
V471	0.12572	0.16358	0.41	0.05709	0.17016	0.07345
V472	0.15567	0.33929	0.05732	0.04814	0.33665	0.06294
V473	0.1658	0.51558	0.07582	0.02906	0.16771	0.04603
V474	0.12253	0.02109	0.31214	0.34731	0.15613	0.0408
V475	0.13086	0.12685	0.24112	0.13861	0.31109	0.05148
V476	0.3781	0.05612	0.06587	0.1491	0.178	0.1728
V477	0.17909	0.37165	0.09759	0.08171	0.17452	0.09543
V478	0.0912	0.02729	0.64853	0.02413	0.1432	0.06565
V479	0.11696	0.10848	0.54768	0.01887	0.16496	0.04305
V480	0.11	0.187	0.05048	0.23195	0.38178	0.03879
V481	0.32439	0.09845	0.13761	0.06727	0.28986	0.08243
V482	0.43359	0.04796	0.08631	0.02557	0.15112	0.25546
V483	0.1558	0.49382	0.10906	0.03206	0.16513	0.04413
V484	0.53523	0.05057	0.12729	0.01728	0.16732	0.10231
V485	0.24113	0.11055	0.37566	0.06148	0.14152	0.06967
V486	0.20864	0.02844	0.51006	0.03567	0.13359	0.08359
V487	0.11718	0.25327	0.06085	0.03414	0.48988	0.04469
V488	0.26806	0.38717	0.07896	0.04905	0.15659	0.06017
V489	0.51525	0.0621	0.1322	0.02304	0.16798	0.09943
V490	0.28125	0.06905	0.06224	0.05909	0.18257	0.34579
V491	0.14679	0.20114	0.288	0.01916	0.28923	0.05567
V492	0.21215	0.05629	0.20656	0.07529	0.20905	0.24066
V493	0.52155	0.1269	0.07833	0.03607	0.13999	0.09715
V494	0.20091	0.05554	0.29098	0.0338	0.15123	0.26756
V495	0.24262	0.33305	0.18583	0.03035	0.15486	0.05329
V496	0.22115	0.1143	0.25149	0.01704	0.27488	0.12113
V497	0.10562	0.15762	0.16886	0.04952	0.47875	0.03962
V498	0.14213	0.09222	0.2871	0.2341	0.18864	0.05581
V499	0.15602	0.39963	0.16069	0.06438	0.16697	0.05231
V500	0.35987	0.15382	0.10774	0.05417	0.23364	0.09076
V501	0.18097	0.48104	0.06811	0.04161	0.16987	0.05839
V502	0.08894	0.03229	0.05466	0.20799	0.57239	0.04373
V503	0.17622	0.2345	0.06672	0.31612	0.16335	0.04309
V504	0.17179	0.48088	0.09998	0.02753	0.17366	0.04615
V505	0.09073	0.0208	0.38756	0.2703	0.17244	0.05817
V506	0.32435	0.04748	0.08449	0.12046	0.19542	0.22779
V507	0.27876	0.04334	0.06738	0.02388	0.18272	0.40391
V508	0.15115	0.36395	0.09076	0.07871	0.26881	0.04663
V509	0.11218	0.02797	0.04073	0.54073	0.24063	0.03776
V510	0.58585	0.05367	0.08313	0.01887	0.15138	0.10709
V511	0.25378	0.04459	0.05233	0.18179	0.16827	0.29924
V512	0.13839	0.16266	0.44318	0.03109	0.15637	0.06831
V513	0.08864	0.03844	0.22249	0.06399	0.54677	0.03967
V514	0.17137	0.45772	0.10815	0.02475	0.16285	0.07517
V515	0.16113	0.2671	0.04913	0.30252	0.16055	0.05957
V516	0.0812	0.05362	0.59572	0.02042	0.20906	0.03998
V517	0.0774	0.02173	0.3343	0.17568	0.35381	0.03708
V518	0.29699	0.26047	0.0848	0.08815	0.1783	0.09128
V519	0.2147	0.34705	0.06475	0.07681	0.16516	0.13152
V520	0.4611	0.10198	0.08782	0.08865	0.14068	0.11977
V521	0.13869	0.03078	0.06324	0.04325	0.66606	0.05798
V522	0.32057	0.15541	0.07452	0.03838	0.27601	0.13511
V523	0.33124	0.14894	0.10318	0.11409	0.15371	0.14884
V524	0.12746	0.02892	0.1025	0.14251	0.49808	0.10053
V525	0.38558	0.04554	0.1017	0.03096	0.15219	0.28404
V526	0.1477	0.43763	0.12815	0.03029	0.21421	0.04203
V527	0.28721	0.04026	0.43169	0.01809	0.1599	0.06286
V528	0.54032	0.0504	0.15292	0.022	0.1379	0.09646
V529	0.14785	0.07609	0.05325	0.49633	0.17957	0.04692
V530	0.15544	0.17357	0.27507	0.09596	0.19351	0.10644
V531	0.58942	0.05932	0.08344	0.02401	0.13631	0.1075
V532	0.16182	0.02531	0.09099	0.43399	0.23806	0.04982
V533	0.17151	0.03223	0.24996	0.03827	0.33808	0.16994
V534	0.14359	0.02724	0.04293	0.42209	0.22653	0.13761
V535	0.38881	0.06667	0.20591	0.10622	0.14175	0.09064
V536	0.08775	0.02011	0.5583	0.13454	0.14158	0.05774
V537	0.14952	0.38572	0.05684	0.18488	0.16849	0.05454
V538	0.20394	0.03416	0.05228	0.28381	0.16476	0.26105
V539	0.10433	0.02163	0.04753	0.51345	0.26552	0.04754
V540	0.27513	0.04196	0.2909	0.02891	0.27716	0.08593
V541	0.12305	0.19013	0.04232	0.41271	0.17974	0.05204
V542	0.1345	0.36221	0.06715	0.18809	0.20408	0.04397
V543	0.0765	0.02155	0.50515	0.03655	0.31957	0.04067
V544	0.26662	0.06156	0.06987	0.04707	0.18496	0.36993
V545	0.13569	0.39101	0.10993	0.04095	0.27775	0.04467
V546	0.42017	0.08056	0.06622	0.18803	0.1595	0.08552
V547	0.13518	0.08727	0.04143	0.29946	0.35613	0.08053
V548	0.27814	0.05599	0.06711	0.02383	0.17639	0.39854
V549	0.16149	0.02613	0.48434	0.0759	0.15608	0.09606
V550	0.08661	0.03114	0.31344	0.02428	0.50505	0.03948
V551	0.22703	0.07873	0.09314	0.10298	0.22011	0.27801
V552	0.11406	0.05255	0.15973	0.22386	0.38492	0.06488
V553	0.54489	0.05116	0.10162	0.04107	0.15749	0.10377
V554	0.1699	0.48334	0.08339	0.02697	0.16952	0.06687
V555	0.33711	0.04052	0.07458	0.197	0.15146	0.19933
V556	0.12486	0.02855	0.37237	0.26795	0.15853	0.04774
V557	0.18313	0.44045	0.12436	0.02948	0.16451	0.05807
V558	0.34753	0.16212	0.06758	0.10212	0.15082	0.16984
V559	0.08005	0.02637	0.05283	0.14005	0.65995	0.04075
V560	0.49368	0.06813	0.08652	0.03024	0.19573	0.12569
V561	0.07616	0.03197	0.70864	0.01294	0.13655	0.03373
V562	0.38476	0.18408	0.10231	0.06977	0.1498	0.10928
V563	0.27183	0.04186	0.06274	0.07298	0.16842	0.38216
V564	0.21468	0.09224	0.05737	0.02976	0.331	0.27494
V565	0.27863	0.04342	0.07415	0.0236	0.1765	0.40371
V566	0.25298	0.10667	0.07894	0.05784	0.18615	0.31742
V567	0.30673	0.21618	0.06201	0.17041	0.16745	0.07721
V568	0.11451	0.02871	0.0695	0.05695	0.6885	0.04183
V569	0.51228	0.07519	0.07604	0.04187	0.14665	0.14797
V570	0.4753	0.13164	0.0966	0.05798	0.14523	0.09324
V571	0.09691	0.16953	0.50982	0.02561	0.16143	0.0367
V572	0.08746	0.02693	0.62411	0.02649	0.19688	0.03813
V573	0.2172	0.44791	0.07494	0.02659	0.17555	0.05781
V574	0.18574	0.03278	0.32998	0.04687	0.1728	0.23182
V575	0.15842	0.39752	0.10756	0.10241	0.16982	0.06426
V576	0.29256	0.11018	0.07432	0.02336	0.43473	0.06485
V577	0.30573	0.07285	0.06585	0.06532	0.3994	0.09085
V578	0.12125	0.0312	0.06162	0.02978	0.62897	0.12719
V579	0.11028	0.04522	0.18125	0.2036	0.41891	0.04075
V580	0.17013	0.04192	0.11024	0.28883	0.30992	0.07897
V581	0.46508	0.07149	0.12632	0.07033	0.18176	0.08502
V582	0.46587	0.05265	0.07753	0.15067	0.14539	0.10789
V583	0.15944	0.06577	0.2772	0.01768	0.292	0.1879
V584	0.16663	0.04412	0.04981	0.26504	0.32813	0.14627
V585	0.15523	0.29953	0.22016	0.0753	0.16251	0.08727
V586	0.2143	0.43666	0.09991	0.03021	0.1644	0.05452
V587	0.23535	0.03661	0.25719	0.25994	0.14935	0.06157
V588	0.10837	0.027	0.06395	0.5885	0.17537	0.0368
V589	0.16526	0.2066	0.24827	0.07042	0.1559	0.15355
V590	0.18653	0.06033	0.31829	0.06572	0.15418	0.21496
V591	0.51061	0.04898	0.09528	0.11204	0.14157	0.09153
V592	0.14093	0.23967	0.11037	0.28135	0.18583	0.04185
V593	0.09916	0.02595	0.0367	0.62983	0.17234	0.03602
V594	0.1713	0.02776	0.05553	0.44023	0.16816	0.13703
V595	0.15683	0.20768	0.08675	0.1076	0.30476	0.13638
V596	0.10399	0.181	0.06383	0.08259	0.53177	0.03682
V597	0.33528	0.04081	0.08273	0.02904	0.44371	0.06843
V598	0.56616	0.07665	0.08216	0.01893	0.14306	0.11304
V599	0.23006	0.04464	0.05401	0.13132	0.23154	0.30844
V600	0.36121	0.11484	0.06505	0.05598	0.19719	0.20573
V601	0.18575	0.13153	0.08174	0.26715	0.15907	0.17476
V602	0.11819	0.04343	0.13525	0.03262	0.55174	0.11877
V603	0.2082	0.27274	0.08673	0.06077	0.18012	0.19144
V604	0.12606	0.31524	0.05707	0.03388	0.42522	0.04253
V605	0.11858	0.04931	0.07568	0.03087	0.67068	0.05489
V606	0.38141	0.06138	0.23536	0.05637	0.13661	0.12887
V607	0.23603	0.06732	0.05958	0.03584	0.28515	0.31607
V608	0.19158	0.39083	0.06524	0.07095	0.17619	0.10522
V609	0.09562	0.02629	0.53898	0.15961	0.14153	0.03798
V610	0.11982	0.11202	0.38642	0.13453	0.17303	0.07418
V611	0.15647	0.49947	0.07759	0.04672	0.17567	0.04408
V612	0.10602	0.15578	0.03908	0.49902	0.16581	0.03429
V613	0.42988	0.13944	0.07945	0.01936	0.14854	0.18333
V614	0.13712	0.10838	0.42214	0.01945	0.18884	0.12406
V615	0.08918	0.06673	0.10099	0.03698	0.66218	0.04394
V616	0.32638	0.27493	0.06673	0.04859	0.16769	0.11568
V617	0.0841	0.03416	0.05786	0.04132	0.74053	0.04203
V618	0.20613	0.04225	0.49642	0.01737	0.15127	0.08656
V619	0.13835	0.39574	0.17283	0.04374	0.20205	0.04729
V620	0.22273	0.04392	0.25148	0.02869	0.15411	0.29907
V621	0.09982	0.02004	0.09252	0.55033	0.19105	0.04625
V622	0.3754	0.14187	0.07966	0.02139	0.3017	0.07997
V623	0.22241	0.42693	0.07327	0.02496	0.16958	0.08285
V624	0.14597	0.38485	0.05055	0.20662	0.16376	0.04825
V625	0.13395	0.11135	0.19227	0.3309	0.17064	0.06089
V626	0.13005	0.05738	0.05959	0.16143	0.46036	0.13118
V627	0.43069	0.04291	0.05805	0.23891	0.14236	0.08708
V628	0.18063	0.07282	0.28044	0.0799	0.21477	0.17143
V629	0.12592	0.30932	0.04302	0.31232	0.169	0.04043
V630	0.43481	0.05334	0.08839	0.05465	0.16906	0.19974
V631	0.23357	0.03809	0.10203	0.11718	0.19284	0.31629
V632	0.10548	0.04496	0.15206	0.24962	0.39744	0.05044
V633	0.09038	0.13722	0.58366	0.01848	0.13725	0.03301
V634	0.49593	0.05403	0.08049	0.1427	0.1374	0.08946
V635	0.09486	0.05333	0.23049	0.4268	0.15752	0.037
V636	0.15503	0.39482	0.05699	0.07275	0.24911	0.07129
V637	0.25045	0.08106	0.06968	0.02305	0.23044	0.34532
V638	0.11932	0.09624	0.08232	0.39536	0.26312	0.04364
V639	0.26562	0.07773	0.11678	0.04607	0.38903	0.10478
V640	0.13207	0.12075	0.39185	0.02698	0.22589	0.10245
V641	0.08179	0.07573	0.42484	0.03718	0.3438	0.03667
V642	0.24886	0.06086	0.27117	0.12843	0.14352	0.14716
V643	0.53737	0.057	0.07475	0.0764	0.14879	0.10569
V644	0.50858	0.05591	0.07248	0.08322	0.14566	0.13415
V645	0.47627	0.06067	0.08348	0.07738	0.14157	0.16063
V646	0.08621	0.03049	0.38935	0.02136	0.43364	0.03896
V647	0.24427	0.04261	0.07461	0.23493	0.17573	0.22785
V648	0.20935	0.24139	0.15598	0.05924	0.1688	0.16524
V649	0.18183	0.0326	0.06161	0.50013	0.17197	0.05186
V650	0.23213	0.1563	0.20731	0.02559	0.3239	0.05477
V651	0.20444	0.248	0.1126	0.04439	0.25074	0.13983
V652	0.11866	0.02145	0.12816	0.50641	0.18085	0.04446
V653	0.19007	0.30259	0.08066	0.04469	0.2233	0.15869
V654	0.53036	0.0563	0.13326	0.02276	0.15584	0.10148
V655	0.26797	0.03907	0.07722	0.06653	0.34047	0.20875
V656	0.14672	0.07857	0.48089	0.04441	0.2021	0.04731
V657	0.33779	0.04818	0.05905	0.09591	0.31692	0.14214
V658	0.0974	0.07262	0.16633	0.46919	0.16065	0.03381
V659	0.16437	0.49928	0.07382	0.03269	0.17171	0.05814
V660	0.53965	0.05814	0.07912	0.02991	0.14062	0.15256
V661	0.20269	0.03481	0.17032	0.111	0.24348	0.2377
V662	0.50232	0.05478	0.08366	0.09509	0.14422	0.11994
V663	0.12579	0.1404	0.0658	0.05872	0.56573	0.04356
V664	0.16549	0.06523	0.55023	0.01167	0.15051	0.05688
V665	0.08346	0.02757	0.05815	0.04153	0.74703	0.04226
V666	0.33246	0.23259	0.06844	0.09397	0.17172	0.10082
V667	0.26165	0.041	0.08955	0.05332	0.1785	0.37599
V668	0.52344	0.13226	0.08542	0.02459	0.13978	0.09452
V669	0.24336	0.10976	0.05046	0.20341	0.16562	0.22739
V670	0.16899	0.26166	0.06384	0.2281	0.17144	0.10597
V671	0.28861	0.03286	0.04938	0.41735	0.1522	0.0596
V672	0.15527	0.36868	0.0503	0.21861	0.16313	0.04401
V673	0.21601	0.12899	0.20424	0.02329	0.155	0.27247
V674	0.51202	0.05069	0.08109	0.01926	0.24413	0.0928
V675	0.26389	0.12621	0.07649	0.022	0.18117	0.33023
V676	0.10551	0.01984	0.10587	0.56045	0.17186	0.03646
V677	0.23699	0.26702	0.1707	0.01823	0.15104	0.15601
V678	0.21106	0.08998	0.0948	0.0293	0.41746	0.15739
V679	0.25088	0.10659	0.09445	0.03926	0.16967	0.33914
V680	0.09332	0.02538	0.33004	0.02234	0.46517	0.06374
V681	0.18215	0.44268	0.08649	0.02967	0.16268	0.09632
V682	0.18309	0.36485	0.05988	0.03448	0.22417	0.13351
V683	0.10503	0.02934	0.06221	0.03125	0.68659	0.08558
V684	0.19477	0.44462	0.06397	0.07522	0.16731	0.05412
V685	0.13146	0.37956	0.23819	0.02102	0.18882	0.04096
V686	0.26537	0.04201	0.35535	0.01923	0.15018	0.16786
V687	0.17261	0.18912	0.24277	0.08265	0.15086	0.16198
V688	0.36258	0.04421	0.07082	0.02766	0.33809	0.15663
V689	0.13213	0.03671	0.51988	0.08868	0.15614	0.06646
V690	0.14402	0.03824	0.08028	0.04645	0.56508	0.12594
V691	0.16783	0.31383	0.1888	0.06987	0.18056	0.07912
V692	0.40483	0.04191	0.05723	0.22268	0.19026	0.08308
V693	0.51138	0.12139	0.08958	0.02995	0.14015	0.10756
V694	0.50826	0.12104	0.08218	0.04697	0.14036	0.10118
V695	0.52665	0.0517	0.07602	0.03032	0.19406	0.12125
V696	0.1683	0.32757	0.0923	0.06305	0.29677	0.05201
V697	0.12132	0.03561	0.58152	0.04326	0.15973	0.05857
V698	0.16231	0.51352	0.07005	0.03344	0.17275	0.04794
V699	0.2148	0.04311	0.44099	0.03754	0.18299	0.08057
V700	0.17809	0.03921	0.05822	0.03546	0.63008	0.05893
V701	0.55859	0.05289	0.08722	0.01848	0.13912	0.14371
V702	0.24237	0.05135	0.10145	0.12851	0.16716	0.30916
V703	0.23658	0.3284	0.07537	0.02432	0.27606	0.05927
V704	0.32699	0.21078	0.20088	0.01666	0.1529	0.09179
V705	0.11371	0.09898	0.24971	0.13449	0.35648	0.04663
V706	0.18688	0.09508	0.2828	0.01615	0.22081	0.19828
V707	0.43543	0.06175	0.07399	0.0198	0.15797	0.25108
V708	0.11374	0.26827	0.40327	0.02734	0.14899	0.03839
V709	0.09641	0.02015	0.03299	0.57694	0.23713	0.03638
V710	0.34093	0.08011	0.14659	0.05495	0.27223	0.10519
V711	0.12483	0.17022	0.33884	0.13774	0.15169	0.07669
V712	0.10594	0.212	0.06641	0.03494	0.53758	0.04313
V713	0.28217	0.3333	0.08929	0.04359	0.16921	0.08245
V714	0.12605	0.32032	0.34061	0.02316	0.15253	0.03733
V715	0.09649	0.03334	0.68033	0.01182	0.1355	0.04252
V716	0.19666	0.05451	0.05289	0.22432	0.28389	0.18773
V717	0.10373	0.03556	0.07595	0.03149	0.69278	0.06049
V718	0.11325	0.28494	0.06172	0.02888	0.47312	0.03808
V719	0.16324	0.4784	0.08772	0.03181	0.18327	0.05557
V720	0.25148	0.03263	0.21988	0.22336	0.168	0.10466
V721	0.18012	0.20835	0.21193	0.01774	0.20982	0.17204
V722	0.08139	0.02743	0.07131	0.03498	0.74617	0.03873
V723	0.15072	0.41692	0.09433	0.03564	0.24589	0.05649
V724	0.14745	0.22227	0.31374	0.08168	0.19549	0.03937
V725	0.12627	0.06891	0.10235	0.1153	0.49892	0.08824
V726	0.09509	0.03719	0.43953	0.03681	0.32842	0.06295
V727	0.23693	0.03778	0.12974	0.11599	0.16614	0.31343
V728	0.10884	0.02781	0.03021	0.60431	0.17145	0.05739
V729	0.24138	0.32371	0.07987	0.04508	0.24446	0.0655
V730	0.19849	0.03214	0.11108	0.29025	0.1646	0.20344
V731	0.19603	0.06451	0.36571	0.01489	0.25483	0.10403
V732	0.1746	0.29403	0.07379	0.05253	0.3078	0.09726
V733	0.22812	0.0336	0.24536	0.14565	0.18298	0.16429
V734	0.24124	0.03852	0.23226	0.01732	0.16562	0.30504
V735	0.11809	0.08145	0.04439	0.51759	0.17123	0.06726
V736	0.18636	0.34795	0.09927	0.04839	0.16955	0.14848
V737	0.07616	0.02722	0.06467	0.04183	0.75192	0.03821
V738	0.30665	0.06912	0.10887	0.25703	0.15867	0.09966
V739	0.20561	0.22819	0.17656	0.04342	0.27267	0.07356
V740	0.11663	0.19375	0.31921	0.04901	0.27271	0.04869
V741	0.33761	0.13407	0.17022	0.07081	0.22009	0.0672
V742	0.27969	0.04038	0.07291	0.29599	0.22834	0.0827
V743	0.10478	0.09719	0.23783	0.23658	0.27881	0.04481
V744	0.34411	0.10733	0.07289	0.11649	0.15193	0.20725
V745	0.14778	0.35131	0.06325	0.05372	0.33975	0.04419
V746	0.54394	0.06388	0.08414	0.03582	0.14925	0.12297
V747	0.21264	0.04013	0.14398	0.04911	0.49215	0.06199
V748	0.20684	0.06982	0.22174	0.03663	0.22628	0.23869
V749	0.37386	0.0501	0.06713	0.11881	0.21335	0.17674
V750	0.10353	0.07919	0.03098	0.57562	0.17524	0.03544
V751	0.10251	0.02672	0.05769	0.58236	0.1942	0.03651
V752	0.21955	0.04033	0.08198	0.07576	0.51899	0.06338
V753	0.20631	0.03617	0.08023	0.08782	0.37281	0.21666
V754	0.17144	0.30185	0.13921	0.06502	0.18828	0.13421
V755	0.30337	0.06684	0.07307	0.04062	0.40616	0.10995
V756	0.26573	0.04861	0.07155	0.02949	0.20353	0.3811
V757	0.20553	0.30708	0.06522	0.03911	0.19772	0.18534
V758	0.29002	0.38908	0.07127	0.02939	0.15643	0.0638
V759	0.17678	0.04471	0.09104	0.12119	0.4778	0.08847
V760	0.27536	0.0428	0.07243	0.04166	0.16984	0.39792
V761	0.07363	0.03029	0.33277	0.03666	0.49204	0.03462
V762	0.12512	0.02296	0.59203	0.03648	0.15367	0.06974
V763	0.11351	0.12644	0.05218	0.47139	0.18751	0.04898
