CD14.pos.CD16.neg.classical.monocyte	mature.neutrophil	memory.B.cell	cytotoxic.CD56.dim.NK.cell	memory.CD4.pos.AB.T.cell	macrophage
V1	0.14008	0.00791	0.58081	0.04662	0.15938	0.0652
V2	0.412	0.10776	0.0359	0.12055	0.23396	0.08983
V3	0.22709	0.06792	0.16354	0.06693	0.18229	0.29223
V4	0.21971	0.32355	0.02821	0.10011	0.22616	0.10226
V5	0.09124	0.05229	0.00592	0.43052	0.37259	0.04743
V6	0.22643	0.03749	0.13542	0.08822	0.27906	0.23337
V7	0.11671	0.28232	0.02135	0.05545	0.46817	0.056
V8	0.47833	0.06433	0.04048	0.13281	0.16785	0.1162
V9	0.25233	0.14091	0.01624	0.22663	0.19912	0.16476
V10	0.34078	0.05027	0.05504	0.27137	0.1936	0.08894
V11	0.15516	0.51336	0.04228	0.05501	0.16965	0.06454
V12	0.23619	0.05808	0.06281	0.08183	0.19365	0.36743
V13	0.13867	0.36196	0.22544	0.05222	0.16041	0.06129
V14	0.12138	0.03575	0.01175	0.57397	0.20216	0.05499
V15	0.35892	0.07894	0.02647	0.13268	0.3025	0.10048
V16	0.11894	0.03063	0.01588	0.31078	0.4191	0.10467
V17	0.22468	0.05937	0.12598	0.07142	0.18112	0.33742
V18	0.48941	0.12678	0.04731	0.07419	0.15806	0.10426
V19	0.41563	0.05938	0.15161	0.06054	0.21845	0.09439
V20	0.43339	0.07062	0.08644	0.13026	0.16599	0.1133
V21	0.24058	0.06648	0.03801	0.08123	0.21754	0.35615
V22	0.18904	0.05973	0.02773	0.09654	0.55338	0.07358
V23	0.11674	0.01994	0.24753	0.05485	0.50906	0.05188
V24	0.16878	0.03471	0.02115	0.12699	0.57431	0.07407
V25	0.34271	0.21596	0.02572	0.13724	0.19079	0.08758
V26	0.24221	0.03944	0.0329	0.05654	0.56388	0.06503
V27	0.20783	0.0431	0.14521	0.07704	0.18911	0.33771
V28	0.15144	0.19449	0.12543	0.20052	0.19509	0.13303
V29	0.14291	0.41388	0.0878	0.08911	0.16105	0.10526
V30	0.22226	0.16091	0.09801	0.05413	0.31704	0.14764
V31	0.44894	0.04413	0.15315	0.07637	0.15754	0.11988
V32	0.08724	0.02259	0.24789	0.39161	0.18191	0.06876
V33	0.22709	0.29181	0.1807	0.05833	0.15514	0.08692
V34	0.08181	0.00736	0.36119	0.05933	0.43367	0.05664
V35	0.0881	0.05213	0.13589	0.38875	0.2721	0.06304
V36	0.1484	0.34306	0.10219	0.04879	0.29203	0.06554
V37	0.11295	0.00832	0.54618	0.05375	0.163	0.1158
V38	0.22344	0.0404	0.12086	0.07372	0.18409	0.35749
V39	0.40794	0.05648	0.0297	0.23434	0.17274	0.0988
V40	0.1363	0.35605	0.02669	0.14097	0.24657	0.09342
V41	0.46647	0.05511	0.05159	0.07277	0.17118	0.18288
V42	0.22981	0.02149	0.39112	0.05271	0.19103	0.11382
V43	0.20719	0.29289	0.02858	0.06561	0.31539	0.09035
V44	0.15947	0.52012	0.03896	0.05149	0.1592	0.07076
V45	0.32172	0.24136	0.05863	0.06935	0.17289	0.13605
V46	0.13193	0.03355	0.02575	0.23396	0.41634	0.15847
V47	0.13298	0.30239	0.02123	0.13658	0.32731	0.07951
V48	0.1267	0.41181	0.15224	0.04147	0.21118	0.0566
V49	0.15103	0.49579	0.03645	0.04905	0.20484	0.06285
V50	0.09066	0.0146	0.20307	0.05677	0.55824	0.07666
V51	0.08725	0.0261	0.02711	0.06124	0.7477	0.0506
V52	0.1277	0.37415	0.19499	0.06258	0.17859	0.06198
V53	0.16483	0.02554	0.08427	0.07058	0.59951	0.05527
V54	0.12252	0.08444	0.4094	0.07633	0.21881	0.08849
V55	0.08491	0.04383	0.09925	0.06825	0.65434	0.04941
V56	0.0805	0.02479	0.53291	0.11743	0.19082	0.05356
V57	0.1965	0.26622	0.05248	0.05376	0.25679	0.17425
V58	0.09358	0.00472	0.60401	0.05793	0.16303	0.07673
V59	0.11083	0.03062	0.00107	0.58347	0.22268	0.05133
V60	0.35821	0.0399	0.02243	0.32135	0.17717	0.08095
V61	0.27501	0.11731	0.02745	0.16704	0.2176	0.1956
V62	0.36763	0.05325	0.07642	0.13661	0.22892	0.13717
V63	0.16679	0.3581	0.0319	0.10127	0.17834	0.1636
V64	0.08937	0.09072	0.02449	0.05078	0.69579	0.04884
V65	0.37961	0.12297	0.05034	0.07686	0.19551	0.1747
V66	0.34444	0.04844	0.10973	0.07022	0.34415	0.08302
V67	0.12646	0.11459	0.2302	0.21083	0.17836	0.13957
V68	0.53173	0.0568	0.0482	0.09452	0.15938	0.10936
V69	0.4048	0.06591	0.0361	0.07243	0.18978	0.23097
V70	0.10147	0.02092	0.16123	0.42843	0.23516	0.0528
V71	0.12687	0.19326	0.03972	0.11494	0.4102	0.11501
V72	0.4002	0.11339	0.08089	0.07432	0.20264	0.12856
V73	0.1145	0.0211	0.06869	0.5248	0.21677	0.05414
V74	0.09358	0.11751	0.01016	0.52775	0.20325	0.04775
V75	0.14427	0.51698	0.03159	0.06399	0.18029	0.06288
V76	0.0899	0.00223	0.50112	0.06406	0.28536	0.05733
V77	0.14404	0.10959	0.07793	0.39883	0.18679	0.08283
V78	0.36375	0.11253	0.06324	0.14104	0.17641	0.14304
V79	0.18063	0.37133	0.0382	0.05448	0.16627	0.18908
V80	0.17436	0.38663	0.03178	0.05838	0.17642	0.17241
V81	0.46087	0.10476	0.08511	0.07101	0.16957	0.10866
V82	0.13745	0.47562	0.03285	0.0716	0.21774	0.06475
V83	0.16741	0.12043	0.02608	0.30913	0.28554	0.09141
V84	0.27329	0.03678	0.07439	0.33119	0.19814	0.08621
V85	0.51432	0.05212	0.09495	0.07494	0.157	0.10667
V86	0.23412	0.05006	0.10413	0.25357	0.18868	0.16944
V87	0.09122	0.03413	0.01677	0.5966	0.20595	0.05533
V88	0.15013	0.0479	0.01262	0.39028	0.23343	0.16565
V89	0.14901	0.12148	0.32759	0.05692	0.16525	0.17976
V90	0.15072	0.41987	0.10742	0.05006	0.20062	0.07131
V91	0.10467	0.02966	0.0502	0.11766	0.64056	0.05725
V92	0.09016	0.06516	0.02972	0.05745	0.70225	0.05526
V93	0.2149	0.07423	0.0279	0.12325	0.35799	0.20173
V94	0.08194	0.01913	0.18991	0.47108	0.18868	0.04927
V95	0.07967	0.0187	0.22852	0.12096	0.50456	0.04759
V96	0.14094	0.26461	0.03035	0.07691	0.36791	0.11927
V97	0.0857	0.03066	0.03002	0.09431	0.71235	0.04695
V98	0.10437	0.07035	0.00712	0.50737	0.25936	0.05143
V99	0.08981	0.03461	0.00528	0.60837	0.21266	0.04927
V100	0.08551	0.01163	0.33698	0.21883	0.27753	0.06953
V101	0.10315	0.24293	0.32225	0.1052	0.16466	0.06182
V102	0.50228	0.05694	0.1061	0.07371	0.15614	0.10482
V103	0.42866	0.05783	0.04072	0.16688	0.20082	0.10508
V104	0.09956	0.01533	0.15985	0.46871	0.20029	0.05626
V105	0.23381	0.04453	0.08374	0.07638	0.18684	0.3747
V106	0.13243	0.01042	0.4422	0.05325	0.17401	0.1877
V107	0.15726	0.40638	0.17693	0.04341	0.15421	0.0618
V108	0.19342	0.05698	0.0513	0.07395	0.33073	0.29361
V109	0.20315	0.04719	0.0355	0.07107	0.32002	0.32307
V110	0.11363	0.10556	0.50106	0.0425	0.16458	0.07268
V111	0.08342	0.00977	0.61309	0.05797	0.1761	0.05965
V112	0.11566	0.22959	0.00192	0.40871	0.19088	0.05325
V113	0.09455	0.05968	0.45415	0.06786	0.26487	0.05889
V114	0.1586	0.00573	0.46485	0.14254	0.16383	0.06446
V115	0.33335	0.08297	0.04117	0.08322	0.26361	0.19567
V116	0.52422	0.0554	0.04664	0.10576	0.16	0.10797
V117	0.36674	0.04722	0.02773	0.12137	0.35174	0.08518
V118	0.13501	0.42914	0.09407	0.06514	0.20769	0.06896
V119	0.14635	0.50028	0.03966	0.0733	0.16488	0.07552
V120	0.14095	0.14838	0.08015	0.31641	0.24553	0.0686
V121	0.2832	0.04594	0.02518	0.24448	0.17864	0.22256
V122	0.24332	0.04429	0.01358	0.42178	0.21183	0.06519
V123	0.29729	0.05081	0.02853	0.09923	0.27791	0.24624
V124	0.08604	0.01452	0.21849	0.05609	0.57294	0.05193
V125	0.10293	0.09988	0.46583	0.0865	0.16127	0.08359
V126	0.19817	0.20714	0.06215	0.06865	0.18283	0.28106
V127	0.10493	0.00045	0.55611	0.10671	0.17131	0.06049
V128	0.26842	0.19233	0.0931	0.15375	0.21174	0.08065
V129	0.08348	0.01054	0.57872	0.09403	0.17172	0.06151
V130	0.35956	0.11677	0.02743	0.21718	0.19019	0.08887
V131	0.11294	0.02631	0.04045	0.06679	0.65062	0.10287
V132	0.11768	0.30824	0.28546	0.03932	0.19087	0.05842
V133	0.1188	0.12926	0.39959	0.09737	0.19766	0.05731
V134	0.20614	0.40597	0.03402	0.05479	0.21822	0.08086
V135	0.12322	0.00934	0.51215	0.04788	0.20152	0.1059
V136	0.16925	0.44417	0.07547	0.05781	0.18429	0.06902
V137	0.10527	0.10859	0.39286	0.05418	0.28712	0.05199
V138	0.16971	0.0308	0.02267	0.32044	0.25234	0.20405
V139	0.12956	0.05544	0.12296	0.06139	0.4636	0.16705
V140	0.39025	0.18143	0.05972	0.10607	0.1645	0.09803
V141	0.22263	0.19488	0.10001	0.21564	0.18948	0.07735
V142	0.18606	0.44231	0.03834	0.0856	0.15989	0.08779
V143	0.12079	0.04239	0.4393	0.09534	0.23363	0.06856
V144	0.20559	0.15068	0.03356	0.14466	0.18628	0.27923
V145	0.09314	0.0234	0.01074	0.61208	0.20154	0.05909
V146	0.14878	0.0319	0.07143	0.05986	0.60617	0.08186
V147	0.34914	0.08757	0.10485	0.09526	0.16645	0.19672
V148	0.09532	0.11687	0.528	0.04111	0.158	0.06069
V149	0.18147	0.34196	0.02503	0.0722	0.16956	0.20978
V150	0.09451	0.02448	7e-04	0.60503	0.22535	0.04992
V151	0.19172	0.29241	0.0255	0.06458	0.18903	0.23676
V152	0.12637	0.16107	0.30986	0.06783	0.25506	0.07981
V153	0.08016	0.02774	0.43957	0.20793	0.18971	0.05489
V154	0.3346	0.18063	0.03837	0.06554	0.16835	0.2125
V155	0.12865	0.25116	0.07853	0.04423	0.42456	0.07286
V156	0.11119	0.32495	0.02729	0.04359	0.44268	0.05031
V157	0.16999	0.10474	0.04404	0.24077	0.19603	0.24443
V158	0.09538	0.03572	0.60027	0.04476	0.16076	0.06311
V159	0.16685	0.16629	0.24093	0.15711	0.19401	0.07482
V160	0.09691	0	0.60106	0.05226	0.16279	0.08697
V161	0.1166	0.33558	0.01128	0.24633	0.23858	0.05163
V162	0.12922	0.35992	0.01796	0.12101	0.30732	0.06456
V163	0.09367	0	0.63164	0.0472	0.1629	0.0646
V164	0.10566	0.23845	0.26495	0.11154	0.22216	0.05724
V165	0.10817	0.03757	0.04613	0.06531	0.65359	0.08922
V166	0.13718	0.03556	0.0173	0.15168	0.48619	0.17208
V167	0.08545	0.00841	0.2926	0.36155	0.19858	0.0534
V168	0.43426	0.05264	0.03276	0.21658	0.16434	0.09942
V169	0.09217	0.00724	0.48348	0.17774	0.17571	0.06366
V170	0.31477	0.05221	0.08644	0.24599	0.21882	0.08178
V171	0.2052	0.32544	0.0378	0.05542	0.17868	0.19746
V172	0.129	0.05309	0.382	0.16284	0.1729	0.10016
V173	0.10161	0.01328	0.5512	0.04696	0.1761	0.11085
V174	0.40498	0.10734	0.03872	0.06703	0.29304	0.08889
V175	0.1563	0.42175	0.10781	0.05546	0.19485	0.06383
V176	0.08288	0	0.62714	0.05294	0.17673	0.06031
V177	0.16791	0.07145	0.24081	0.07189	0.29256	0.15538
V178	0.09725	0.04749	0.04719	0.0523	0.69932	0.05645
V179	0.1095	0.02398	0.03299	0.45051	0.26773	0.11529
V180	0.22839	0.03104	0.14097	0.30889	0.17429	0.11642
V181	0.35837	0.11177	0.07096	0.10363	0.213	0.14228
V182	0.09295	0.05714	0.53465	0.08572	0.16214	0.0674
V183	0.09908	0.02406	0.00521	0.61982	0.20128	0.05056
V184	0.29261	0.28263	0.0335	0.0699	0.23974	0.08162
V185	0.17413	0.35257	0.04022	0.05373	0.25556	0.12379
V186	0.07863	0.00328	0.42647	0.25837	0.18129	0.05196
V187	0.24859	0.3334	0.02807	0.06129	0.25516	0.07349
V188	0.18925	0.38998	0.03221	0.0687	0.16413	0.15573
V189	0.10269	0.06256	0.1387	0.06815	0.52724	0.10066
V190	0.11636	0.13932	0.02615	0.06283	0.54259	0.11275
V191	0.17168	0.39149	0.02676	0.05872	0.17674	0.17461
V192	0.3598	0.17924	0.08965	0.07468	0.19974	0.09689
V193	0.2233	0.1229	0.03633	0.07788	0.19124	0.34836
V194	0.09178	0.0359	0.0382	0.12312	0.65511	0.05589
V195	0.08489	0.00186	0.50008	0.10713	0.24929	0.05676
V196	0.09017	0.02285	0.01792	0.5866	0.23022	0.05224
V197	0.19142	0.02962	0.04278	0.06081	0.61045	0.06492
V198	0.15887	0.27811	0.04475	0.13797	0.31521	0.06509
V199	0.10415	0.16439	0.08795	0.11101	0.47929	0.05321
V200	0.11959	0.01188	0.39993	0.19678	0.17606	0.09575
V201	0.09912	0.02425	0	0.6132	0.20105	0.06237
V202	0.13928	0.05231	0.30936	0.07666	0.27284	0.14956
V203	0.38106	0.05977	0.0257	0.27658	0.16887	0.08802
V204	0.21911	0.07124	0.05196	0.17539	0.18972	0.29258
V205	0.08811	0.00971	0.62066	0.05796	0.16324	0.06032
V206	0.09111	0.0488	0.07972	0.51555	0.21629	0.04854
V207	0.29145	0.15179	0.04796	0.21104	0.18538	0.11237
V208	0.28588	0.07456	0.28483	0.0837	0.19338	0.07765
V209	0.25463	0.33162	0.02789	0.07668	0.16859	0.14058
V210	0.14008	0.01472	0.57474	0.0463	0.15913	0.06503
V211	0.35709	0.05895	0.0989	0.06787	0.27109	0.1461
V212	0.1024	0.18856	0.15048	0.28512	0.21526	0.05818
V213	0.10665	0.05761	0.20196	0.06521	0.51616	0.05241
V214	0.48889	0.06429	0.05437	0.10298	0.18403	0.10544
V215	0.17195	0.41557	0.02631	0.07293	0.16369	0.14956
V216	0.17156	0.33044	0.21777	0.0485	0.16656	0.06517
V217	0.21942	0.03311	0.0535	0.11916	0.36729	0.20752
V218	0.12814	0.23071	0.00865	0.3854	0.19553	0.05156
V219	0.49246	0.05555	0.05298	0.07252	0.16875	0.15774
V220	0.14029	0.0314	0.01251	0.56153	0.19427	0.05999
V221	0.17062	0.45653	0.04817	0.09372	0.16438	0.06657
V222	0.13471	0.20226	0.04386	0.14201	0.41025	0.0669
V223	0.15531	0.22382	0.20006	0.05655	0.18235	0.18191
V224	0.08421	0.01131	0.29407	0.04861	0.51195	0.04986
V225	0.26664	0.05499	0.04582	0.08311	0.1867	0.36275
V226	0.22567	0.05515	0.15608	0.23175	0.2475	0.08386
V227	0.40675	0.04639	0.03135	0.20727	0.17306	0.13518
V228	0.15983	0.16347	0.32985	0.08145	0.18341	0.08198
V229	0.16928	0.02025	0.26443	0.21063	0.26102	0.07439
V230	0.11222	0.10496	0.50691	0.04816	0.15841	0.06934
V231	0.11554	0.03575	0.00637	0.57585	0.21493	0.05157
V232	0.30786	0.04739	0.01938	0.24904	0.18226	0.19405
V233	0.49318	0.05811	0.05426	0.10951	0.17266	0.11228
V234	0.32036	0.03879	0.02896	0.07126	0.4586	0.08202
V235	0.13042	0.02498	0.0184	0.56032	0.2068	0.05907
V236	0.12477	0.02053	0.14899	0.0659	0.51161	0.12821
V237	0.08576	0	0.5633	0.11348	0.17877	0.05869
V238	0.40208	0.04705	0.06163	0.12264	0.19096	0.17564
V239	0.35199	0.05492	0.0999	0.14575	0.24666	0.10078
V240	0.09583	0.17707	0.01771	0.12161	0.53909	0.04868
V241	0.36688	0.14323	0.03054	0.17192	0.19406	0.09338
V242	0.25895	0.06888	0.05001	0.17669	0.23543	0.21005
V243	0.1117	0.26185	0.32124	0.06866	0.17988	0.05667
V244	0.17185	0.04367	0.03032	0.05876	0.54024	0.15516
V245	0.46067	0.0552	0.04516	0.07281	0.17798	0.18819
V246	0.08804	0.04483	0.16608	0.28475	0.36313	0.05317
V247	0.26556	0.09334	0.02692	0.18401	0.19041	0.23976
V248	0.21632	0.04959	0.01725	0.19699	0.43975	0.08011
V249	0.21567	0.12431	0.27576	0.10615	0.16163	0.11648
V250	0.09564	0.03487	0.00484	0.61161	0.20042	0.05261
V251	0.12839	0.3767	0.11357	0.15384	0.1668	0.0607
V252	0.08963	0.02751	0.0296	0.56921	0.22889	0.05516
V253	0.14493	0.06624	0.01523	0.31516	0.2762	0.18224
V254	0.119	0.18878	0.06668	0.16783	0.38307	0.07463
V255	0.2794	0.22746	0.07251	0.0954	0.20388	0.12134
V256	0.14795	0.51816	0.03235	0.05505	0.17524	0.07125
V257	0.13129	0.28854	0.0423	0.06159	0.39691	0.07938
V258	0.10597	0.16945	0.10011	0.38757	0.17821	0.05869
V259	0.12055	0.3681	0.23703	0.05099	0.1556	0.06773
V260	0.14926	0.05273	0.03463	0.06655	0.59551	0.10132
V261	0.34367	0.05373	0.05266	0.08742	0.31244	0.15009
V262	0.12329	0.00764	0.55265	0.05203	0.20506	0.05933
V263	0.09379	0.03985	0.44535	0.18376	0.17462	0.06263
V264	0.38714	0.05557	0.10006	0.0886	0.20749	0.16114
V265	0.10343	0.02636	0.02587	0.07174	0.72109	0.05151
V266	0.26097	0.07423	0.04441	0.08112	0.19078	0.34848
V267	0.20503	0.43725	0.02903	0.09619	0.16432	0.06817
V268	0.52843	0.05798	0.04372	0.07844	0.16068	0.13076
V269	0.10137	0.04896	0.08641	0.50302	0.20799	0.05225
V270	0.24651	0.33418	0.04416	0.06102	0.23794	0.07619
V271	0.17455	0.11438	0.19416	0.0722	0.18573	0.25897
V272	0.09978	0.02597	0.02204	0.10766	0.66632	0.07823
V273	0.11326	0.02471	0.05612	0.10681	0.6283	0.0708
V274	0.2013	0.04149	0.13654	0.10658	0.18951	0.32459
V275	0.42633	0.16698	0.04222	0.07615	0.16564	0.1227
V276	0.19385	0.20428	0.07586	0.11129	0.20234	0.21238
V277	0.34218	0.05952	0.03738	0.07458	0.26543	0.22091
V278	0.15893	0.09796	0.08049	0.20568	0.38976	0.06718
V279	0.21838	0.06469	0.16152	0.10171	0.18853	0.26517
V280	0.14602	0.02633	0.00689	0.55703	0.19969	0.06403
V281	0.14768	0.50843	0.05078	0.06868	0.1588	0.06563
V282	0.09612	0.04798	0.0284	0.09377	0.68069	0.05305
V283	0.11104	0.30426	0.02159	0.04934	0.45834	0.05543
V284	0.11503	0.07796	0.22635	0.26974	0.20529	0.10563
V285	0.09591	0.035	0	0.61019	0.20629	0.05259
V286	0.41649	0.06073	0.08257	0.18422	0.16226	0.09373
V287	0.0962	0.02975	0.04479	0.1065	0.65399	0.06876
V288	0.19376	0.21913	0.03563	0.06434	0.25828	0.22887
V289	0.08506	0.05731	0.50586	0.11102	0.18185	0.0589
V290	0.08659	0.01485	0.15841	0.48514	0.19637	0.05864
V291	0.10581	0.04133	0	0.59176	0.20459	0.05651
V292	0.16442	0.08073	0.01709	0.41451	0.26473	0.05852
V293	0.08795	0.05264	0.0469	0.05767	0.70271	0.05213
V294	0.34655	0.06113	0.02962	0.07419	0.35943	0.12908
V295	0.27052	0.04945	0.04639	0.07755	0.19338	0.36271
V296	0.12466	0.26886	0.06962	0.22107	0.21302	0.10278
V297	0.23058	0.09359	0.03206	0.08111	0.19434	0.36831
V298	0.13841	0.47127	0.12354	0.05015	0.1561	0.06053
V299	0.16267	0.05702	0.49911	0.05157	0.16428	0.06536
V300	0.44211	0.11894	0.06067	0.07293	0.16107	0.14428
V301	0.33217	0.28767	0.06629	0.06668	0.16188	0.0853
V302	0.10503	0.20431	0.04996	0.36795	0.21469	0.05807
V303	0.13463	0.44025	0.06777	0.05462	0.23975	0.06298
V304	0.09893	0.02551	0.04291	0.05422	0.72694	0.0515
V305	0.12145	0.02607	0.12996	0.33398	0.24849	0.14004
V306	0.33015	0.11389	0.03317	0.07709	0.17535	0.27036
V307	0.17513	0.03562	0.03019	0.06734	0.60387	0.08785
V308	0.09065	0.02958	0	0.62196	0.20811	0.0497
V309	0.11908	0.36499	0.01509	0.27322	0.1695	0.05812
V310	0.15612	0.2713	0.19639	0.05326	0.17307	0.14986
V311	0.37476	0.05363	0.04168	0.0805	0.17532	0.27411
V312	0.15239	0.03296	0.01268	0.28044	0.45561	0.06591
V313	0.29676	0.05549	0.03183	0.10626	0.18323	0.32643
V314	0.2182	0.03596	0.01092	0.48196	0.19039	0.06257
V315	0.19577	0.43905	0.03579	0.05035	0.19574	0.0833
V316	0.26587	0.05129	0.04089	0.1231	0.19687	0.32199
V317	0.12999	0.02613	0.00827	0.49405	0.224	0.11755
V318	0.09156	0.02806	0.02281	0.59835	0.20038	0.05884
V319	0.27119	0.14392	0.18591	0.14419	0.16659	0.0882
V320	0.2171	0.14603	0.23986	0.12434	0.16717	0.10551
V321	0.12942	0.41754	0.01519	0.21103	0.17126	0.05557
V322	0.11206	0.02391	0.0829	0.06589	0.61149	0.10376
V323	0.1129	0.21117	0.008	0.28321	0.33291	0.05182
V324	0.13983	0.05129	0.04421	0.19296	0.43944	0.13227
V325	0.17391	0.49903	0.04851	0.0511	0.15804	0.06941
V326	0.20351	0.45788	0.0425	0.05129	0.17304	0.07178
V327	0.13013	0.00138	0.59708	0.04649	0.16032	0.0646
V328	0.18039	0.15018	0.14206	0.13989	0.32307	0.06441
V329	0.08742	0.00589	0.39583	0.04737	0.40228	0.06121
V330	0.08841	0	0.61902	0.05288	0.17619	0.06351
V331	0.42345	0.09061	0.06797	0.11897	0.16722	0.13177
V332	0.14429	0.0698	0.12352	0.06173	0.42349	0.17718
V333	0.08931	0.01843	0.32158	0.27113	0.23312	0.06643
V334	0.10473	0.27969	0.286	0.11507	0.15903	0.05548
V335	0.15134	0.01751	0.51364	0.05425	0.16076	0.1025
V336	0.27105	0.38113	0.04989	0.05392	0.16204	0.08198
V337	0.12655	0.1413	0.06226	0.05369	0.5659	0.0503
V338	0.44196	0.04692	0.06491	0.07092	0.26511	0.11018
V339	0.14098	0.07118	0.2789	0.21705	0.18853	0.10336
V340	0.38989	0.20693	0.03295	0.08961	0.17609	0.10453
V341	0.21852	0.05376	0.03649	0.41126	0.21168	0.0683
V342	0.12828	0.03177	0.01459	0.47211	0.22896	0.12428
V343	0.21754	0.14065	0.10726	0.08134	0.18695	0.26626
V344	0.14006	0.40843	0.02224	0.06219	0.26728	0.0998
V345	0.09049	0.0259	0.03213	0.061	0.74239	0.0481
V346	0.16405	0.03266	0.02211	0.32196	0.3885	0.07072
V347	0.32483	0.1203	0.04305	0.11093	0.31743	0.08346
V348	0.14607	0.09031	0.44547	0.05605	0.19678	0.06532
V349	0.44477	0.09065	0.06233	0.12252	0.18439	0.09534
V350	0.30643	0.05955	0.10857	0.21249	0.16914	0.14382
V351	0.26185	0.09045	0.0598	0.08841	0.19272	0.30676
V352	0.15017	0.24459	0.02737	0.05136	0.35929	0.16722
V353	0.09412	0.11638	0.53271	0.04114	0.15802	0.05762
V354	0.17454	0.05553	0.17903	0.05565	0.37357	0.16168
V355	0.0871	0.01658	0.62436	0.05181	0.16278	0.05736
V356	0.34534	0.11602	0.04546	0.20625	0.1839	0.10304
V357	0.23783	0.0257	0.29264	0.06425	0.30215	0.07743
V358	0.22694	0.04324	0.07444	0.09873	0.19382	0.36283
V359	0.16395	0.08145	0.00957	0.44179	0.23494	0.0683
V360	0.33171	0.03925	0.02863	0.18993	0.31399	0.09649
V361	0.14783	0.52659	0.03341	0.06018	0.16526	0.06674
V362	0.12527	0.36464	0.03332	0.25017	0.17313	0.05346
V363	0.44632	0.08557	0.07174	0.06465	0.21993	0.1118
V364	0.19557	0.16232	0.03572	0.08688	0.25321	0.26631
V365	0.2991	0.28367	0.02972	0.14383	0.16138	0.0823
V366	0.13993	0.17406	0.3257	0.0851	0.20923	0.06597
V367	0.09996	0.0223	0.01791	0.42032	0.37547	0.06404
V368	0.17781	0.12492	0.07883	0.08612	0.27386	0.25846
V369	0.10491	0.04384	0.02188	0.09486	0.65588	0.07863
V370	0.10256	0.05428	0.44541	0.14054	0.17749	0.07972
V371	0.13699	0.19381	0.0095	0.36701	0.17868	0.114
V372	0.14569	0.43036	0.02463	0.06208	0.25355	0.08369
V373	0.48809	0.06252	0.04169	0.07376	0.16455	0.16939
V374	0.1828	0.02496	0.17509	0.36363	0.19428	0.05923
V375	0.29059	0.03588	0.15907	0.09301	0.33586	0.08559
V376	0.19635	0.07091	0.04048	0.14981	0.23701	0.30543
V377	0.11099	0.01742	0.29453	0.04816	0.4675	0.0614
V378	0.21059	0.08023	0.15615	0.06536	0.20103	0.28665
V379	0.34382	0.05087	0.12137	0.06921	0.17028	0.24446
V380	0.08764	0.04671	0.04679	0.06381	0.70282	0.05221
V381	0.26117	0.04165	0.22476	0.23121	0.17157	0.06965
V382	0.08986	0.04142	0.02398	0.18121	0.61443	0.0491
V383	0.18727	0.03999	0.28215	0.24284	0.18059	0.06715
V384	0.10607	0.01242	0.56891	0.05741	0.19434	0.06084
V385	0.25049	0.05429	0.05262	0.07769	0.18847	0.37645
V386	0.38698	0.05438	0.20329	0.06511	0.19234	0.09789
V387	0.20896	0.03351	0.04062	0.47178	0.18336	0.06177
V388	0.46821	0.07129	0.135	0.06451	0.16099	0.10001
V389	0.30515	0.10057	0.03886	0.07219	0.1849	0.29833
V390	0.11881	0.04942	0.00676	0.51285	0.21641	0.09575
V391	0.10715	0.02861	0.01745	0.4184	0.35756	0.07083
V392	0.13442	0.03966	0.33717	0.13022	0.17141	0.18712
V393	0.12855	0.11208	0.27698	0.09245	0.25737	0.13257
V394	0.09351	0.02256	0.02398	0.57288	0.23471	0.05235
V395	0.08372	0.03462	0.61295	0.05074	0.16179	0.05618
V396	0.34128	0.07542	0.02298	0.28019	0.20137	0.07875
V397	0.21081	0.15843	0.05124	0.07213	0.20935	0.29803
V398	0.14585	0.42287	0.0353	0.06117	0.26849	0.06632
V399	0.08983	0	0.58747	0.07659	0.17678	0.06932
V400	0.17085	0.05202	0.01099	0.32787	0.19548	0.2428
V401	0.15842	0.02018	0.45203	0.05425	0.2312	0.08392
V402	0.12341	0.03084	0.00587	0.58128	0.19683	0.06177
V403	0.16797	0.03386	0.03121	0.08974	0.42328	0.25395
V404	0.08697	0.00373	0.64028	0.04735	0.16354	0.05812
V405	0.2733	0.25292	0.08358	0.08542	0.22918	0.0756
V406	0.18174	0.06496	0.14376	0.12134	0.29272	0.19548
V407	0.12462	0.01659	0.5095	0.04857	0.16993	0.13079
V408	0.11441	0.09042	0.02282	0.49536	0.18842	0.08856
V409	0.5262	0.07615	0.04449	0.0726	0.15951	0.12105
V410	0.53537	0.06414	0.04447	0.07255	0.17029	0.11319
V411	0.19529	0.04416	0.02481	0.24207	0.18873	0.30494
V412	0.37122	0.15388	0.07158	0.08757	0.2307	0.08505
V413	0.09637	0.09293	0.02239	0.52821	0.20908	0.05103
V414	0.14008	0.06717	0.01641	0.42612	0.29139	0.05882
V415	0.10472	0.0179	0.23681	0.30141	0.24915	0.09
V416	0.11195	0.11789	0.01725	0.21608	0.44387	0.09296
V417	0.23919	0.03925	0.07579	0.15265	0.18361	0.30951
V418	0.08859	0.05854	0.29405	0.13365	0.35732	0.06786
V419	0.23777	0.06922	0.03398	0.07797	0.19645	0.38462
V420	0.24655	0.04969	0.03429	0.08505	0.19745	0.38696
V421	0.1068	0.0527	0.06133	0.09884	0.6199	0.06043
V422	0.20116	0.2177	0.02396	0.05448	0.43899	0.06371
V423	0.11753	0.12679	0	0.50835	0.19422	0.05311
V424	0.4736	0.10667	0.04844	0.1075	0.1597	0.10409
V425	0.08989	0.0905	0.03438	0.0505	0.68296	0.05177
V426	0.20197	0.06191	0.15058	0.07496	0.18676	0.32381
V427	0.33281	0.11283	0.11785	0.14384	0.17996	0.11272
V428	0.23344	0.03734	0.00569	0.47623	0.18303	0.06428
V429	0.08687	0.02981	0.07821	0.41728	0.3314	0.05644
V430	0.10708	0.05634	0.39812	0.17947	0.17961	0.07939
V431	0.08176	0.0038	0.62814	0.06459	0.16464	0.05707
V432	0.10993	0.30758	0.02275	0.3219	0.18443	0.0534
V433	0.09396	0.02261	0.02862	0.60463	0.20015	0.05003
V434	0.0975	0.2073	0.11955	0.3489	0.1756	0.05115
V435	0.11296	0.02769	0.03008	0.05669	0.64689	0.1257
V436	0.49447	0.11542	0.04685	0.08006	0.15865	0.10455
V437	0.20421	0.19847	0.21191	0.05971	0.2328	0.0929
V438	0.12442	0.27218	0.02497	0.08427	0.43726	0.0569
V439	0.08873	0.02765	0.09496	0.0525	0.68568	0.05048
V440	0.15901	0.04564	0.29894	0.08792	0.30312	0.10536
V441	0.12436	0.05708	0.33321	0.15379	0.18248	0.14908
V442	0.31448	0.11208	0.13983	0.1002	0.19912	0.13429
V443	0.09609	0.02163	0.04205	0.55741	0.22079	0.06202
V444	0.44363	0.06751	0.05834	0.08336	0.22299	0.12417
V445	0.53873	0.06373	0.05618	0.07237	0.15818	0.11082
V446	0.127	0.36531	0.20266	0.05727	0.17375	0.074
V447	0.19354	0.185	0.01666	0.18729	0.21318	0.20434
V448	0.09562	0.01185	0.58364	0.04598	0.20579	0.05712
V449	0.37901	0.06024	0.03341	0.24815	0.16811	0.11107
V450	0.12874	0.01025	0.4763	0.04654	0.27707	0.06111
V451	0.13884	0.04552	0.12259	0.14756	0.49032	0.05518
V452	0.15627	0.04136	0.03294	0.35079	0.22606	0.19258
V453	0.26062	0.01707	0.35765	0.12754	0.16552	0.0716
V454	0.18958	0.06156	0.07979	0.41781	0.18601	0.06524
V455	0.17174	0.48329	0.05115	0.06453	0.15826	0.07103
V456	0.491	0.05297	0.06254	0.07489	0.19051	0.12809
V457	0.21145	0.04669	0.03452	0.0755	0.33092	0.30091
V458	0.11447	0.011	0.30101	0.0557	0.42234	0.09547
V459	0.08819	0.01552	0.41	0.26024	0.1737	0.05236
V460	0.28219	0.06707	0.18451	0.14549	0.18953	0.13121
V461	0.23364	0.05593	0.02187	0.33928	0.26602	0.08326
V462	0.08691	0	0.61135	0.0583	0.17027	0.07317
V463	0.08588	0.04157	0.0351	0.08183	0.70917	0.04644
V464	0.16126	0.49071	0.03567	0.06394	0.1844	0.06401
V465	0.28234	0.08049	0.30576	0.05241	0.18719	0.09181
V466	0.12798	0.03595	0.0136	0.51584	0.24204	0.06459
V467	0.54357	0.05895	0.05104	0.0732	0.15868	0.11455
V468	0.27075	0.09307	0.0783	0.21613	0.26947	0.07228
V469	0.09641	0.08648	0.45937	0.10585	0.16919	0.08271
V470	0.39062	0.04779	0.05922	0.10985	0.30013	0.09239
V471	0.11435	0.14566	0.37095	0.08686	0.19196	0.09021
V472	0.13981	0.34401	0.02127	0.06709	0.35275	0.07507
V473	0.15213	0.53163	0.03979	0.05164	0.15952	0.06529
V474	0.11434	0.01075	0.2621	0.3718	0.18528	0.05572
V475	0.12027	0.10899	0.19951	0.16449	0.34294	0.06381
V476	0.33918	0.05531	0.02902	0.19565	0.20386	0.17697
V477	0.15867	0.38541	0.05934	0.10737	0.17916	0.11004
V478	0.09189	0.0053	0.58909	0.058	0.16964	0.08609
V479	0.11226	0.08489	0.50089	0.04866	0.19115	0.06215
V480	0.10034	0.17806	0.01605	0.24827	0.40774	0.04955
V481	0.29597	0.08965	0.09845	0.10459	0.32184	0.08951
V482	0.38578	0.05333	0.04844	0.07979	0.17373	0.25893
V483	0.14293	0.50978	0.07265	0.05353	0.15807	0.06304
V484	0.49258	0.05052	0.08664	0.06735	0.19387	0.10905
V485	0.22213	0.09453	0.33584	0.09861	0.16491	0.08398
V486	0.19367	0.00926	0.46173	0.07507	0.16051	0.09976
V487	0.10831	0.24633	0.02657	0.04995	0.51446	0.05437
V488	0.24486	0.40169	0.04168	0.07817	0.15797	0.07563
V489	0.47475	0.06154	0.0914	0.0718	0.19383	0.10668
V490	0.24251	0.07239	0.0293	0.11046	0.20481	0.34053
V491	0.13374	0.1897	0.24773	0.04322	0.31555	0.07006
V492	0.1835	0.04679	0.16645	0.11903	0.23649	0.24774
V493	0.47867	0.13231	0.03983	0.08499	0.159	0.10519
V494	0.17511	0.04329	0.25154	0.08139	0.17575	0.27292
V495	0.22236	0.34322	0.14725	0.05795	0.16061	0.06862
V496	0.19911	0.10076	0.21233	0.05217	0.3056	0.13003
V497	0.10049	0.14275	0.12771	0.06886	0.50977	0.05042
V498	0.12886	0.07583	0.24426	0.26617	0.2155	0.06939
V499	0.14068	0.41204	0.12222	0.08664	0.16897	0.06944
V500	0.32939	0.15201	0.0692	0.0923	0.25922	0.09788
V501	0.1646	0.49831	0.03158	0.06498	0.16471	0.07583
V502	0.09009	0.02983	0.0229	0.21722	0.58747	0.05249
V503	0.15615	0.23382	0.02815	0.34642	0.18011	0.05535
V504	0.15649	0.49867	0.06287	0.04932	0.16834	0.0643
V505	0.08658	0.00703	0.33359	0.29756	0.2017	0.07355
V506	0.2865	0.04619	0.04737	0.16732	0.22199	0.23062
V507	0.24006	0.04952	0.03465	0.07944	0.20424	0.39209
V508	0.13691	0.37032	0.05271	0.09821	0.28112	0.06073
V509	0.1056	0.02964	0.00824	0.53796	0.26861	0.04995
V510	0.53571	0.05819	0.04427	0.07259	0.17609	0.11314
V511	0.21886	0.04552	0.01995	0.22889	0.19285	0.29393
V512	0.12655	0.14507	0.40473	0.0608	0.17708	0.08577
V513	0.09085	0.02809	0.17397	0.08518	0.57105	0.05086
V514	0.15266	0.47722	0.07136	0.0478	0.1585	0.09246
V515	0.14112	0.27031	0.01117	0.33194	0.17385	0.0716
V516	0.08422	0.03085	0.53657	0.05028	0.23804	0.06004
V517	0.0797	0.0094	0.27902	0.19606	0.38416	0.05166
V518	0.26921	0.26841	0.04599	0.12161	0.19158	0.1032
V519	0.18971	0.36096	0.0272	0.10638	0.17138	0.14437
V520	0.42119	0.10413	0.04846	0.13615	0.16223	0.12784
V521	0.1329	0.02707	0.03077	0.06576	0.67958	0.06392
V522	0.28881	0.15412	0.03764	0.07551	0.30241	0.1415
V523	0.29783	0.1488	0.06502	0.15676	0.17351	0.15807
V524	0.11709	0.02361	0.06441	0.16501	0.52498	0.1049
V525	0.34286	0.04813	0.06511	0.08511	0.17565	0.28313
V526	0.13439	0.45111	0.09062	0.04943	0.21607	0.05838
V527	0.26695	0.02429	0.38618	0.05831	0.18739	0.07688
V528	0.49916	0.04956	0.11199	0.07313	0.16202	0.10414
V529	0.13314	0.07238	0.0184	0.51086	0.20696	0.05825
V530	0.13757	0.16091	0.23815	0.12851	0.21593	0.11893
V531	0.53948	0.06457	0.04471	0.07841	0.15895	0.11389
V532	0.14714	0.02314	0.05284	0.44822	0.26867	0.05999
V533	0.15213	0.0198	0.2077	0.07496	0.37178	0.17362
V534	0.12498	0.02683	0.0102	0.4418	0.25558	0.14061
V535	0.3576	0.05887	0.16555	0.15142	0.16694	0.09962
V536	0.08682	0.00028	0.50023	0.16637	0.16946	0.07685
V537	0.13252	0.39832	0.01918	0.20905	0.17162	0.06931
V538	0.1727	0.03443	0.01856	0.3238	0.1899	0.26061
V539	0.0994	0.02284	0.01473	0.51123	0.29312	0.05869
V540	0.25131	0.02947	0.24743	0.06652	0.30979	0.09548
V541	0.10723	0.186	0.00619	0.43661	0.20005	0.06392
V542	0.11942	0.37041	0.0293	0.21022	0.2127	0.05796
V543	0.082	0.00396	0.44033	0.0649	0.35061	0.0582
V544	0.22914	0.06597	0.0365	0.09882	0.20708	0.36249
V545	0.12255	0.40026	0.07113	0.05858	0.28773	0.05974
V546	0.38301	0.07961	0.0277	0.23277	0.18495	0.09197
V547	0.12108	0.07984	0.00838	0.31875	0.38407	0.08787
V548	0.23937	0.06245	0.03438	0.07858	0.1971	0.38812
V549	0.1487	0.00724	0.43547	0.11317	0.18415	0.11127
V550	0.09007	0.01819	0.25769	0.04893	0.5325	0.05263
V551	0.19589	0.07467	0.05779	0.14726	0.24829	0.27611
V552	0.10591	0.04337	0.11732	0.24456	0.415	0.07385
V553	0.50021	0.05231	0.06176	0.09222	0.18339	0.11012
V554	0.15372	0.50125	0.04648	0.04999	0.16398	0.08459
V555	0.29893	0.03947	0.03701	0.24419	0.17632	0.20409
V556	0.11635	0.0139	0.32144	0.29804	0.18735	0.06292
V557	0.16564	0.45783	0.0875	0.05234	0.16195	0.07475
V558	0.31255	0.16446	0.0301	0.14582	0.16865	0.17843
V559	0.08611	0.02509	0.02227	0.15202	0.66458	0.04992
V560	0.44987	0.0692	0.04735	0.07873	0.2232	0.13165
V561	0.08284	0.00934	0.64003	0.04699	0.16328	0.05753
V562	0.35247	0.18757	0.06345	0.11149	0.16649	0.11852
V563	0.23325	0.04688	0.03053	0.12633	0.19048	0.37254
V564	0.18491	0.08955	0.02551	0.07104	0.3599	0.26909
V565	0.23998	0.04947	0.04043	0.07933	0.19804	0.39275
V566	0.21931	0.10748	0.04432	0.10526	0.20777	0.31585
V567	0.27778	0.21999	0.02392	0.2078	0.18348	0.08704
V568	0.11491	0.026	0.03583	0.0773	0.69609	0.04986
V569	0.46629	0.07902	0.03732	0.09392	0.1697	0.15375
V570	0.43689	0.13462	0.05726	0.10416	0.16524	0.10183
V571	0.09229	0.15082	0.46591	0.05188	0.18311	0.056
V572	0.0911	0.006	0.56005	0.058	0.22591	0.05894
V573	0.19789	0.46599	0.03751	0.05127	0.1734	0.07393
V574	0.16174	0.01971	0.28665	0.09172	0.19992	0.24025
V575	0.14088	0.41129	0.06875	0.12617	0.17236	0.08055
V576	0.26476	0.10372	0.0379	0.05441	0.46801	0.07119
V577	0.27523	0.06649	0.03066	0.0997	0.43291	0.09501
V578	0.11296	0.02769	0.03008	0.05669	0.64689	0.1257
V579	0.10607	0.03524	0.13612	0.22209	0.44874	0.05174
V580	0.15266	0.03567	0.07115	0.31309	0.34076	0.08667
V581	0.42707	0.0689	0.08611	0.11623	0.20958	0.0921
V582	0.42431	0.05246	0.03903	0.19901	0.17092	0.11428
V583	0.13934	0.05097	0.23578	0.05585	0.32293	0.19513
V584	0.1455	0.04106	0.0169	0.2916	0.35845	0.1465
V585	0.13601	0.30355	0.18286	0.10187	0.17241	0.1033
V586	0.19513	0.45523	0.06214	0.05486	0.16204	0.0706
V587	0.2135	0.02472	0.21354	0.2976	0.1779	0.07275
V588	0.10186	0.02868	0.02892	0.58631	0.20396	0.05028
V589	0.14206	0.20127	0.21213	0.10412	0.17232	0.1681
V590	0.16199	0.04611	0.27755	0.1089	0.17966	0.22578
V591	0.46846	0.04865	0.05607	0.16192	0.16679	0.09811
V592	0.12476	0.23688	0.07143	0.30969	0.20306	0.05419
V593	0.09462	0.02954	0.00497	0.61955	0.20131	0.05001
V594	0.14852	0.02764	0.02127	0.46535	0.19616	0.14107
V595	0.13559	0.20388	0.05041	0.1356	0.32987	0.14465
V596	0.09809	0.17077	0.02962	0.0986	0.55646	0.04646
V597	0.30275	0.03651	0.04575	0.06397	0.47769	0.07333
V598	0.51842	0.08135	0.04359	0.07166	0.16519	0.1198
V599	0.1972	0.04451	0.02188	0.17568	0.25984	0.3009
V600	0.32313	0.11548	0.02869	0.10132	0.22077	0.21061
V601	0.15933	0.12525	0.04481	0.30684	0.18112	0.18266
V602	0.1095	0.03497	0.0957	0.05976	0.57914	0.12093
V603	0.18175	0.2804	0.05036	0.09538	0.19302	0.19909
V604	0.11545	0.31501	0.0219	0.04938	0.44476	0.05351
V605	0.11589	0.04325	0.04142	0.0531	0.68463	0.0617
V606	0.35017	0.05312	0.19564	0.10246	0.16152	0.13709
V607	0.20282	0.06659	0.02769	0.08189	0.31177	0.30925
V608	0.16994	0.40551	0.02789	0.09726	0.17972	0.11967
V609	0.09449	0.00785	0.48058	0.18965	0.16987	0.05757
V610	0.1094	0.092	0.34457	0.1663	0.19818	0.08954
V611	0.1435	0.51467	0.04076	0.06857	0.16984	0.06265
V612	0.09512	0.15029	0.00417	0.51434	0.18845	0.04763
V613	0.38978	0.14431	0.04102	0.06769	0.16635	0.19086
V614	0.12296	0.08862	0.38139	0.05412	0.21474	0.13817
V615	0.0917	0.05793	0.06368	0.05689	0.67726	0.05254
V616	0.29584	0.28735	0.02815	0.08469	0.17835	0.1256
V617	0.09144	0.03151	0.02669	0.06072	0.739	0.05064
V618	0.19019	0.02332	0.4497	0.05568	0.17859	0.10252
V619	0.12468	0.40542	0.13452	0.06317	0.20814	0.06407
V620	0.19333	0.03603	0.2122	0.07862	0.1782	0.30162
V621	0.09482	0.0206	0.0549	0.55084	0.22004	0.05879
V622	0.34304	0.14027	0.04152	0.05778	0.33058	0.0868
V623	0.2014	0.44321	0.03651	0.05182	0.16867	0.09839
V624	0.12954	0.3963	0.01308	0.23093	0.16711	0.06303
V625	0.1193	0.09852	0.15119	0.36118	0.19614	0.07367
V626	0.11664	0.05088	0.02625	0.18512	0.48955	0.13157
V627	0.39067	0.04291	0.02021	0.28506	0.16879	0.09236
V628	0.15835	0.05818	0.24058	0.11852	0.24377	0.1806
V629	0.11064	0.31315	0.00606	0.33694	0.1794	0.05382
V630	0.39121	0.05532	0.05052	0.10551	0.19377	0.20367
V631	0.20118	0.037	0.06669	0.16455	0.21887	0.3117
V632	0.1004	0.03598	0.10931	0.26703	0.42666	0.06062
V633	0.08842	0.11583	0.53713	0.04656	0.15819	0.05386
V634	0.45388	0.05388	0.04165	0.19183	0.16288	0.09589
V635	0.08888	0.04404	0.18525	0.44514	0.18475	0.05194
V636	0.13802	0.40648	0.02	0.09321	0.25743	0.08487
V637	0.21455	0.08335	0.0362	0.07232	0.25409	0.33949
V638	0.10908	0.08773	0.04498	0.41189	0.29124	0.05508
V639	0.23969	0.06871	0.07908	0.0804	0.42423	0.10788
V640	0.12017	0.10085	0.35099	0.05851	0.25439	0.1151
V641	0.08276	0.05549	0.37073	0.06232	0.37588	0.05281
V642	0.22259	0.04905	0.23195	0.17122	0.16899	0.1562
V643	0.49191	0.05919	0.03556	0.12733	0.17396	0.11206
V644	0.46339	0.05827	0.03346	0.13437	0.16994	0.14058
V645	0.43261	0.06255	0.04481	0.12881	0.16533	0.16589
V646	0.08963	0.01511	0.32929	0.04745	0.46478	0.05375
V647	0.21175	0.04059	0.03845	0.27782	0.2026	0.22879
V648	0.18387	0.24639	0.11895	0.09368	0.18392	0.17318
V649	0.16305	0.0316	0.02578	0.51607	0.20129	0.06222
V650	0.21229	0.14536	0.16695	0.05483	0.3547	0.06587
V651	0.17957	0.2513	0.07474	0.07377	0.27022	0.15039
V652	0.11075	0.02011	0.08745	0.51496	0.21001	0.05672
V653	0.16649	0.31267	0.04423	0.07341	0.2379	0.1653
V654	0.4886	0.05634	0.09231	0.07288	0.18111	0.10877
V655	0.23435	0.03579	0.04258	0.10695	0.37171	0.20861
V656	0.13814	0.0574	0.43316	0.07645	0.23128	0.06358
V657	0.30169	0.04557	0.02429	0.13521	0.34995	0.14329
V658	0.09031	0.06406	0.12498	0.48454	0.18788	0.04822
V659	0.14978	0.51664	0.03714	0.05501	0.16469	0.07674
V660	0.49155	0.06224	0.04066	0.08417	0.16401	0.15738
V661	0.17473	0.02857	0.12979	0.15246	0.27291	0.24154
V662	0.45888	0.05585	0.04474	0.14542	0.16879	0.12633
V663	0.11804	0.12895	0.03162	0.07803	0.59153	0.05183
V664	0.15595	0.04353	0.50228	0.04634	0.17711	0.0748
V665	0.09142	0.0262	0.02701	0.06099	0.74338	0.05099
V666	0.30172	0.23977	0.03022	0.13084	0.18664	0.11081
V667	0.22479	0.04486	0.055	0.10592	0.20192	0.36751
V668	0.48082	0.13787	0.04664	0.07358	0.15808	0.10301
V669	0.2096	0.10814	0.01515	0.24635	0.18743	0.23333
V670	0.14561	0.26508	0.02643	0.2601	0.18468	0.11811
V671	0.25801	0.03306	0.01315	0.44788	0.18065	0.06725
V672	0.13765	0.3811	0.01244	0.24316	0.16746	0.0582
V673	0.18652	0.12383	0.16668	0.0684	0.17518	0.27939
V674	0.46836	0.05061	0.04263	0.06605	0.2748	0.09755
V675	0.22843	0.12842	0.0415	0.0708	0.20092	0.32992
V676	0.10051	0.01992	0.06683	0.56147	0.20109	0.05018
V677	0.21106	0.27612	0.13351	0.05194	0.16215	0.16523
V678	0.18617	0.08154	0.05912	0.06311	0.45096	0.15909
V679	0.21604	0.10823	0.059	0.08858	0.19007	0.33808
V680	0.09367	0.01182	0.27451	0.0494	0.49537	0.07522
V681	0.16297	0.45971	0.04978	0.05462	0.16014	0.11279
V682	0.16104	0.37598	0.02335	0.06061	0.23307	0.14594
V683	0.10367	0.02624	0.03049	0.0553	0.69611	0.08819
V684	0.17686	0.46046	0.02787	0.09948	0.16513	0.0702
V685	0.11912	0.38749	0.19961	0.04027	0.19513	0.05838
V686	0.23951	0.02719	0.3139	0.06403	0.17726	0.17811
V687	0.14876	0.18133	0.20648	0.11867	0.16821	0.17655
V688	0.32536	0.0413	0.03548	0.07003	0.3709	0.15692
V689	0.12504	0.01593	0.46835	0.12324	0.18365	0.08379
V690	0.13095	0.03335	0.04609	0.07384	0.58975	0.12601
V691	0.14855	0.32068	0.15034	0.09567	0.19018	0.09459
V692	0.36578	0.04104	0.02008	0.26471	0.22016	0.08823
V693	0.46854	0.12624	0.05085	0.07867	0.15954	0.11617
V694	0.4663	0.12577	0.04325	0.09548	0.1599	0.1093
V695	0.48056	0.0532	0.03723	0.08053	0.22238	0.12609
V696	0.1514	0.33274	0.05415	0.08372	0.31315	0.06484
V697	0.11728	0.01368	0.52721	0.07687	0.1877	0.07726
V698	0.14872	0.5294	0.0341	0.05565	0.16512	0.067
V699	0.19772	0.025	0.39458	0.0757	0.21203	0.09496
V700	0.16473	0.03518	0.02562	0.06021	0.64989	0.06437
V701	0.50905	0.05658	0.04855	0.07336	0.16238	0.15008
V702	0.20965	0.04937	0.06578	0.17691	0.19181	0.30649
V703	0.21487	0.33818	0.03725	0.04861	0.28971	0.07138
V704	0.30114	0.2123	0.16255	0.05318	0.16771	0.10312
V705	0.10693	0.08215	0.20598	0.15807	0.38852	0.05836
V706	0.16258	0.0813	0.24282	0.05582	0.24835	0.20913
V707	0.38839	0.06635	0.03636	0.0735	0.18035	0.25505
V708	0.10334	0.26432	0.36402	0.05023	0.16113	0.05696
V709	0.09336	0.02405	0.00216	0.5663	0.26471	0.04943
V710	0.31049	0.07233	0.10713	0.09424	0.304	0.11181
V711	0.11118	0.15423	0.30105	0.16972	0.1719	0.09193
V712	0.09927	0.20235	0.03196	0.05123	0.56222	0.05298
V713	0.2563	0.34828	0.05037	0.07379	0.17517	0.09609
V714	0.11422	0.32371	0.30184	0.04464	0.16001	0.05558
V715	0.09913	0.01065	0.61738	0.04623	0.16205	0.06456
V716	0.1696	0.05053	0.01905	0.25772	0.31357	0.18952
V717	0.10437	0.03156	0.04184	0.05364	0.70187	0.06672
V718	0.10525	0.27993	0.02693	0.04384	0.49542	0.04863
V719	0.14772	0.49496	0.0506	0.05347	0.18005	0.0732
V720	0.22598	0.02298	0.17827	0.26309	0.19698	0.11269
V721	0.15534	0.20491	0.17331	0.05137	0.22972	0.18536
V722	0.09042	0.02566	0.03759	0.05514	0.74307	0.04813
V723	0.13601	0.42882	0.05661	0.05502	0.25244	0.07111
V724	0.13396	0.21381	0.27431	0.10813	0.21531	0.05447
V725	0.11594	0.06003	0.06485	0.13771	0.52742	0.09405
V726	0.09436	0.01803	0.3836	0.06575	0.3606	0.07765
V727	0.20479	0.03579	0.0929	0.1648	0.19102	0.3107
V728	0.10085	0.02978	0	0.60122	0.1998	0.06834
V729	0.21819	0.33486	0.04117	0.07072	0.25747	0.0776
V730	0.17031	0.02888	0.0731	0.32937	0.19143	0.20691
V731	0.17804	0.04677	0.32191	0.05109	0.28675	0.11545
V732	0.15358	0.29941	0.03686	0.07568	0.32629	0.10818
V733	0.20261	0.02297	0.20462	0.18716	0.21107	0.17157
V734	0.21012	0.03278	0.19282	0.06783	0.19105	0.3054
V735	0.10543	0.07774	0.01071	0.53077	0.1979	0.07746
V736	0.16408	0.36228	0.06214	0.07767	0.17635	0.15747
V737	0.08607	0.02578	0.03235	0.06155	0.74642	0.04783
V738	0.27569	0.06353	0.0692	0.29889	0.18538	0.1073
V739	0.18513	0.22533	0.13748	0.07041	0.29639	0.08526
V740	0.10727	0.1792	0.27876	0.07239	0.29873	0.06367
V741	0.31055	0.12819	0.13022	0.1084	0.2467	0.07595
V742	0.24927	0.03776	0.03501	0.32911	0.25996	0.08889
V743	0.0972	0.08118	0.19414	0.26103	0.30903	0.05742
V744	0.30703	0.10762	0.03548	0.16338	0.17277	0.21372
V745	0.13395	0.35605	0.0266	0.07115	0.35524	0.05701
V746	0.49667	0.06735	0.04551	0.08778	0.17333	0.12935
V747	0.19404	0.03194	0.1032	0.07739	0.52497	0.06846
V748	0.1786	0.05963	0.18113	0.07978	0.25401	0.24685
V749	0.33468	0.04911	0.03043	0.1639	0.2423	0.17959
V750	0.09572	0.07636	0	0.5771	0.20217	0.04864
V751	0.09719	0.0285	0.02368	0.5781	0.22259	0.04994
V752	0.19852	0.03497	0.04594	0.10312	0.54887	0.06858
V753	0.17894	0.03135	0.04611	0.12521	0.40278	0.21561
V754	0.15028	0.31017	0.10217	0.09376	0.20089	0.14273
V755	0.27283	0.06091	0.03738	0.0766	0.44041	0.11186
V756	0.22848	0.05233	0.03837	0.08235	0.2269	0.37157
V757	0.17881	0.31998	0.02886	0.07068	0.20971	0.19196
V758	0.26609	0.40435	0.03385	0.0596	0.15704	0.07908
V759	0.15948	0.03911	0.05356	0.1462	0.50828	0.09336
V760	0.23694	0.04843	0.03894	0.09646	0.19135	0.38788
V761	0.07996	0.01729	0.27478	0.06011	0.51904	0.04882
V762	0.1205	0.00178	0.53718	0.07145	0.18115	0.08793
V763	0.10174	0.11818	0.01693	0.48934	0.21294	0.06087
V764	0.19738	0.03425	0.079	0.19249	0.34091	0.15598
V765	0.24213	0.05532	0.03401	0.08478	0.1974	0.38637
