CD19B	CD56NK	CD4MemoryT	CD14
V1	0.41474	0.07995	0.18558	0.31973
V2	0.16434	0.13295	0.11994	0.58277
V3	0.10118	0.47041	0.09943	0.32898
V4	0.64419	0.13961	0.07216	0.14403
V5	0.1381	0.39061	0.24357	0.22772
V6	0.10753	0.64952	0.11126	0.13169
V7	0.15731	0.3075	0.14092	0.39427
V8	0.16506	0.10527	0.58855	0.14112
V9	0.21319	0.22691	0.1107	0.44921
V10	0.0929	0.11144	0.64279	0.15287
V11	0.20178	0.3251	0.355	0.11813
V12	0.08469	0.47116	0.32145	0.12271
V13	0.22881	0.54181	0.09536	0.13402
V14	0.10048	0.67873	0.10257	0.11822
V15	0.14126	0.46355	0.16745	0.22774
V16	0.67145	0.08922	0.08731	0.15203
V17	0.1138	0.64918	0.10533	0.1317
V18	0.42808	0.31013	0.11124	0.15054
V19	0.16016	0.61562	0.09906	0.12516
V20	0.16664	0.3703	0.10295	0.36011
V21	0.16415	0.12978	0.56595	0.14012
V22	0.09388	0.14212	0.20687	0.55713
V23	0.32183	0.11256	0.44203	0.12359
V24	0.70434	0.07645	0.09148	0.12773
V25	0.27526	0.23444	0.16503	0.32528
V26	0.30326	0.3317	0.09722	0.26782
V27	0.13722	0.11082	0.10078	0.65118
V28	0.08267	0.12051	0.68504	0.11178
V29	0.35771	0.10143	0.3963	0.14456
V30	0.13764	0.22269	0.25032	0.38934
V31	0.19604	0.21087	0.26236	0.33073
V32	0.1269	0.09483	0.10664	0.67163
V33	0.09929	0.41002	0.30472	0.18598
V34	0.16442	0.11745	0.57731	0.14082
V35	0.16392	0.55002	0.14787	0.1382
V36	0.08803	0.1141	0.36376	0.43412
V37	0.40386	0.12193	0.14077	0.33344
V38	0.33353	0.07826	0.18677	0.40144
V39	0.16744	0.4454	0.17287	0.21429
V40	0.12176	0.62153	0.14545	0.11125
V41	0.0699	0.50555	0.12408	0.30047
V42	0.21436	0.10107	0.20752	0.47706
V43	0.15517	0.31469	0.39257	0.13758
V44	0.09144	0.14326	0.52814	0.23717
V45	0.12923	0.46387	0.22789	0.17901
V46	0.59858	0.1149	0.15727	0.12925
V47	0.35313	0.20861	0.28046	0.15779
V48	0.59791	0.18087	0.07942	0.1418
V49	0.54174	0.19496	0.07371	0.18959
V50	0.10207	0.62879	0.15206	0.11708
V51	0.26217	0.35101	0.24614	0.14068
V52	0.09653	0.16799	0.5979	0.13757
V53	0.54933	0.15391	0.17558	0.12119
V54	0.33803	0.21242	0.31336	0.13618
V55	0.20412	0.16683	0.22967	0.39938
V56	0.11042	0.09043	0.13822	0.66093
V57	0.1201	0.64376	0.11116	0.12498
V58	0.4697	0.07276	0.10495	0.35259
V59	0.33485	0.35264	0.15625	0.15626
V60	0.15872	0.18624	0.27749	0.37755
V61	0.59143	0.13516	0.08247	0.19094
V62	0.65464	0.08683	0.12042	0.13811
V63	0.07141	0.62301	0.1751	0.13048
V64	0.06525	0.62992	0.09424	0.21059
V65	0.09346	0.08644	0.14426	0.67584
V66	0.19582	0.53063	0.10711	0.16644
V67	0.16942	0.30711	0.39954	0.12393
V68	0.16918	0.16806	0.10423	0.55853
V69	0.09074	0.2988	0.46069	0.14977
V70	0.40883	0.18052	0.1963	0.21435
V71	0.18001	0.13337	0.30748	0.37915
V72	0.42686	0.18063	0.14138	0.25113
V73	0.16029	0.47909	0.18071	0.17991
V74	0.11349	0.23878	0.53777	0.10997
V75	0.53196	0.07136	0.20086	0.19583
V76	0.07961	0.19189	0.1968	0.53171
V77	0.10052	0.25792	0.09536	0.5462
V78	0.25802	0.15688	0.19778	0.38731
V79	0.08529	0.15867	0.57575	0.18029
V80	0.30192	0.09744	0.41564	0.185
V81	0.11494	0.1995	0.56833	0.11723
V82	0.08081	0.13858	0.66238	0.11823
V83	0.15703	0.19174	0.13454	0.5167
V84	0.31323	0.10851	0.18355	0.39472
V85	0.14287	0.29553	0.32552	0.23609
V86	0.11195	0.12877	0.61397	0.14531
V87	0.08296	0.61749	0.13452	0.16504
V88	0.17978	0.12413	0.24464	0.45145
V89	0.09707	0.09523	0.20519	0.60251
V90	0.07646	0.66258	0.13624	0.12472
V91	0.08654	0.56403	0.21256	0.13687
V92	0.36495	0.09646	0.31764	0.22095
V93	0.65417	0.07039	0.06953	0.2059
V94	0.08269	0.35971	0.10461	0.45299
V95	0.22571	0.36405	0.18722	0.22302
V96	0.12442	0.14031	0.10575	0.62952
V97	0.51811	0.14547	0.21031	0.12611
V98	0.51838	0.27361	0.0758	0.1322
V99	0.59954	0.09758	0.17328	0.1296
V100	0.13085	0.11587	0.62099	0.13229
V101	0.09491	0.09653	0.09592	0.71264
V102	0.68992	0.09395	0.07702	0.13911
V103	0.09162	0.10919	0.14372	0.65547
V104	0.07549	0.7027	0.10341	0.11841
V105	0.09289	0.68054	0.10849	0.11807
V106	0.14382	0.42322	0.28862	0.14433
V107	0.19414	0.22431	0.42848	0.15307
V108	0.1561	0.57673	0.15607	0.11111
V109	0.08886	0.1975	0.43568	0.27796
V110	0.09432	0.65116	0.12284	0.13168
V111	0.68607	0.06208	0.11888	0.13297
V112	0.16171	0.13035	0.3367	0.37124
V113	0.18993	0.15111	0.19466	0.4643
V114	0.22416	0.10919	0.13559	0.53107
V115	0.06893	0.5785	0.2362	0.11637
V116	0.16244	0.29474	0.30601	0.23681
V117	0.50255	0.24242	0.10251	0.15253
V118	0.16504	0.44911	0.11541	0.27044
V119	0.14799	0.12739	0.12089	0.60373
V120	0.12958	0.14031	0.60458	0.12552
V121	0.44118	0.16083	0.14003	0.25796
V122	0.71713	0.064	0.07851	0.14036
V123	0.07505	0.40217	0.12222	0.40057
V124	0.49147	0.26749	0.07566	0.16539
V125	0.30769	0.35796	0.19949	0.13486
V126	0.10464	0.1717	0.12263	0.60103
V127	0.17962	0.11698	0.23931	0.46409
V128	0.10294	0.09233	0.15359	0.65114
V129	0.43616	0.23333	0.18621	0.1443
V130	0.07135	0.51745	0.29565	0.11554
V131	0.0758	0.65658	0.09574	0.17189
V132	0.69844	0.0652	0.09016	0.1462
V133	0.67941	0.07303	0.1087	0.13886
V134	0.13948	0.33252	0.16845	0.35955
V135	0.13198	0.09723	0.19477	0.57602
V136	0.21527	0.33605	0.09392	0.35476
V137	0.49262	0.1006	0.23297	0.17381
V138	0.19842	0.345	0.19903	0.25755
V139	0.28483	0.21586	0.20802	0.29129
V140	0.102	0.13732	0.12172	0.63896
V141	0.12025	0.19537	0.40445	0.27992
V142	0.60147	0.06989	0.20568	0.12297
V143	0.32917	0.25034	0.13003	0.29046
V144	0.17703	0.1829	0.18999	0.45008
V145	0.06265	0.58393	0.2372	0.11622
V146	0.11588	0.09025	0.10781	0.68606
V147	0.67862	0.0772	0.08525	0.15893
V148	0.16175	0.14125	0.4298	0.2672
V149	0.23064	0.42382	0.22636	0.11918
V150	0.13239	0.25466	0.44061	0.17234
V151	0.19073	0.48496	0.11549	0.20882
V152	0.21251	0.37569	0.22344	0.18836
V153	0.12977	0.56201	0.10799	0.20022
V154	0.2206	0.38562	0.25498	0.1388
V155	0.36837	0.18006	0.25904	0.19253
V156	0.10213	0.18855	0.50109	0.20824
V157	0.26084	0.18985	0.27266	0.27665
V158	0.09512	0.08601	0.10573	0.71314
V159	0.65673	0.10673	0.07207	0.16448
V160	0.50857	0.07239	0.1195	0.29954
V161	0.20378	0.08322	0.10799	0.60502
V162	0.11646	0.27236	0.14083	0.47035
V163	0.13075	0.39775	0.19544	0.27606
V164	0.27377	0.28251	0.15477	0.28895
V165	0.08458	0.24338	0.09151	0.58054
V166	0.08971	0.14343	0.13363	0.63323
V167	0.28432	0.07479	0.08696	0.55393
V168	0.24183	0.4536	0.14483	0.15974
V169	0.19055	0.11502	0.11198	0.58244
V170	0.14913	0.10809	0.39273	0.35004
V171	0.15928	0.25313	0.44264	0.14496
V172	0.54807	0.07447	0.24857	0.12889
V173	0.09921	0.17138	0.11826	0.61116
V174	0.09225	0.18569	0.13791	0.58415
V175	0.12606	0.10324	0.56154	0.20916
V176	0.06666	0.61416	0.20225	0.11693
V177	0.06329	0.71361	0.09862	0.12448
V178	0.06712	0.56928	0.09756	0.26604
V179	0.18093	0.09634	0.31009	0.41264
V180	0.07708	0.66351	0.14845	0.11096
V181	0.18021	0.17956	0.4077	0.23253
V182	0.26303	0.20964	0.36516	0.16217
V183	0.17289	0.60865	0.09941	0.11905
V184	0.73984	0.05704	0.0743	0.12882
V185	0.43249	0.35368	0.0902	0.12362
V186	0.14444	0.39824	0.24975	0.20757
V187	0.71132	0.06524	0.08964	0.1338
V188	0.1138	0.2239	0.09038	0.57192
V189	0.59519	0.07985	0.08532	0.23964
V190	0.50668	0.08244	0.28343	0.12745
V191	0.1936	0.23041	0.42978	0.14621
V192	0.24898	0.38333	0.12222	0.24548
V193	0.45617	0.10142	0.22653	0.21587
V194	0.081	0.68423	0.10305	0.13172
V195	0.08794	0.12065	0.67311	0.1183
V196	0.09277	0.12476	0.09873	0.68375
V197	0.32034	0.10887	0.10116	0.46963
V198	0.11172	0.41762	0.31347	0.15719
V199	0.1795	0.10154	0.1928	0.52616
V200	0.14574	0.43872	0.10411	0.31143
V201	0.12983	0.44142	0.20856	0.22019
V202	0.09353	0.11003	0.55218	0.24426
V203	0.17188	0.37264	0.32416	0.13132
V204	0.07384	0.41664	0.09625	0.41327
V205	0.09311	0.13683	0.6449	0.12516
V206	0.11071	0.16141	0.60961	0.11827
V207	0.15622	0.20232	0.12489	0.51657
V208	0.24031	0.13676	0.49525	0.12768
V209	0.24946	0.38407	0.13556	0.23091
V210	0.11667	0.57653	0.15569	0.15111
V211	0.32754	0.08522	0.10492	0.48232
V212	0.40231	0.11132	0.34889	0.13748
V213	0.47078	0.09314	0.15015	0.28593
V214	0.27061	0.18772	0.18824	0.35343
V215	0.24733	0.1413	0.09799	0.51338
V216	0.10636	0.08516	0.10462	0.70387
V217	0.09907	0.40114	0.23141	0.26837
V218	0.13196	0.36955	0.19384	0.30465
V219	0.13127	0.48671	0.09919	0.28283
V220	0.0653	0.61057	0.0992	0.22492
V221	0.59314	0.06533	0.07451	0.26702
V222	0.26836	0.17891	0.30355	0.24918
V223	0.0813	0.19241	0.5541	0.17219
V224	0.72963	0.05837	0.0843	0.1277
V225	0.0945	0.65178	0.13667	0.11705
V226	0.2722	0.14798	0.45132	0.1285
V227	0.59483	0.06982	0.19974	0.13561
V228	0.56742	0.11416	0.12132	0.1971
V229	0.09332	0.11832	0.65632	0.13204
V230	0.0948	0.09613	0.10552	0.70355
V231	0.08742	0.26068	0.15794	0.49395
V232	0.09453	0.49478	0.08954	0.32115
V233	0.42357	0.14076	0.20589	0.22978
V234	0.08172	0.67435	0.11855	0.12538
V235	0.31388	0.13086	0.41179	0.14346
V236	0.11189	0.14371	0.57088	0.17352
V237	0.17293	0.08517	0.11039	0.63151
V238	0.14982	0.44666	0.25259	0.15092
V239	0.11392	0.33435	0.10315	0.44858
V240	0.38725	0.1105	0.34383	0.15842
V241	0.0934	0.11038	0.62966	0.16655
V242	0.14221	0.57766	0.15635	0.12378
V243	0.23357	0.12164	0.46906	0.17573
V244	0.21248	0.09891	0.50551	0.18311
V245	0.44486	0.27487	0.11623	0.16404
V246	0.11333	0.19843	0.55712	0.13112
V247	0.18516	0.11143	0.59057	0.11284
V248	0.09874	0.10095	0.11947	0.68085
V249	0.07996	0.12956	0.625	0.16547
V250	0.58217	0.07192	0.21674	0.12918
V251	0.70322	0.08703	0.07633	0.13343
V252	0.0665	0.63162	0.19187	0.11
V253	0.29155	0.12935	0.18395	0.39515
V254	0.06418	0.68682	0.13186	0.11714
V255	0.08721	0.67099	0.09679	0.145
V256	0.18549	0.23527	0.39667	0.18256
V257	0.33037	0.15169	0.22572	0.29222
V258	0.18306	0.26746	0.33993	0.20955
V259	0.09637	0.29236	0.46822	0.14305
V260	0.07308	0.28757	0.52408	0.11527
V261	0.4609	0.09832	0.20329	0.23749
V262	0.13672	0.11607	0.10091	0.6463
V263	0.06952	0.7008	0.09839	0.13129
V264	0.18112	0.1163	0.33687	0.36571
V265	0.10401	0.08685	0.16942	0.63971
V266	0.48894	0.30987	0.08263	0.11856
V267	0.07825	0.2049	0.25281	0.46404
V268	0.30379	0.09648	0.17206	0.42767
V269	0.07055	0.45271	0.32746	0.14928
V270	0.48569	0.09362	0.23263	0.18806
V271	0.58616	0.11127	0.0985	0.20407
V272	0.09517	0.60797	0.10399	0.19287
V273	0.1153	0.09516	0.11304	0.6765
V274	0.52429	0.07128	0.19484	0.20959
V275	0.08207	0.12089	0.67901	0.11803
V276	0.3748	0.30018	0.09002	0.235
V277	0.10036	0.21511	0.18789	0.49664
V278	0.10605	0.12766	0.25537	0.51092
V279	0.50796	0.11133	0.15018	0.23054
V280	0.09512	0.08601	0.10573	0.71314
V281	0.40594	0.09605	0.17112	0.32688
V282	0.11758	0.14448	0.57797	0.15997
V283	0.19185	0.45189	0.13411	0.22216
V284	0.07697	0.66901	0.13644	0.11757
V285	0.12513	0.11067	0.65194	0.11227
V286	0.21446	0.43612	0.16069	0.18873
V287	0.11993	0.64294	0.10543	0.1317
V288	0.08502	0.27372	0.33652	0.30474
V289	0.24888	0.23604	0.33955	0.17552
V290	0.61786	0.17428	0.08463	0.12322
V291	0.38611	0.13291	0.35033	0.13065
V292	0.6948	0.06285	0.06925	0.1731
V293	0.26814	0.10345	0.47927	0.14913
V294	0.12619	0.31085	0.08839	0.47457
V295	0.09002	0.1989	0.20269	0.5084
V296	0.18781	0.17538	0.4542	0.18261
V297	0.12782	0.08388	0.1315	0.6568
V298	0.26519	0.16022	0.44648	0.12812
V299	0.11792	0.25303	0.09909	0.52996
V300	0.08555	0.10709	0.22184	0.58551
V301	0.15481	0.17034	0.47086	0.20399
V302	0.48973	0.30145	0.07697	0.13185
V303	0.06428	0.47755	0.32161	0.13655
V304	0.11813	0.11524	0.52824	0.2384
V305	0.15228	0.19828	0.35455	0.29489
V306	0.59522	0.13129	0.11081	0.16268
V307	0.0699	0.6968	0.10867	0.12463
V308	0.21017	0.2374	0.26363	0.2888
V309	0.26417	0.28291	0.10254	0.35038
V310	0.12243	0.285	0.17956	0.41301
V311	0.39361	0.39546	0.0868	0.12413
V312	0.12327	0.56059	0.18501	0.13114
V313	0.08552	0.1471	0.10449	0.66288
V314	0.0809	0.38331	0.15931	0.37648
V315	0.13832	0.47603	0.11606	0.26959
V316	0.26218	0.17888	0.31742	0.24152
V317	0.11751	0.52327	0.12448	0.23475
V318	0.09123	0.42666	0.09996	0.38214
V319	0.11708	0.14036	0.60389	0.13867
V320	0.12819	0.1919	0.47075	0.20916
V321	0.48227	0.31685	0.08245	0.11842
V322	0.18402	0.28607	0.13392	0.39599
V323	0.11591	0.09734	0.14155	0.6452
V324	0.48992	0.24568	0.12557	0.13883
V325	0.25149	0.49829	0.12915	0.12107
V326	0.06764	0.43471	0.15011	0.34754
V327	0.09235	0.17514	0.15365	0.57886
V328	0.11183	0.11544	0.52763	0.2451
V329	0.17786	0.15764	0.18846	0.47604
V330	0.31129	0.0889	0.28615	0.31366
V331	0.27365	0.13557	0.11394	0.47684
V332	0.09002	0.11785	0.19559	0.59655
V333	0.33399	0.13755	0.32161	0.20685
V334	0.29174	0.09287	0.29605	0.31934
V335	0.09033	0.31395	0.38952	0.2062
V336	0.16941	0.52901	0.10718	0.1944
V337	0.24192	0.35167	0.2664	0.14001
V338	0.05782	0.71996	0.10453	0.11769
V339	0.15807	0.10784	0.61388	0.12021
V340	0.11247	0.24223	0.39477	0.25054
V341	0.09835	0.1028	0.12794	0.67091
V342	0.23334	0.0948	0.45322	0.21864
V343	0.72249	0.06817	0.0751	0.13424
V344	0.50885	0.17633	0.19541	0.11941
V345	0.08769	0.12074	0.67978	0.11179
V346	0.21292	0.16187	0.25286	0.37235
V347	0.10865	0.09115	0.1648	0.63541
V348	0.10179	0.49871	0.18053	0.21896
V349	0.28325	0.19869	0.3192	0.19886
V350	0.07904	0.60845	0.20252	0.10999
V351	0.09478	0.1125	0.3135	0.47923
V352	0.11322	0.11439	0.59849	0.1739
V353	0.64499	0.07918	0.09743	0.17841
V354	0.09484	0.53318	0.22926	0.14271
V355	0.24364	0.14218	0.35922	0.25497
V356	0.10303	0.09772	0.14812	0.65113
V357	0.14148	0.30108	0.25146	0.30598
V358	0.39338	0.14425	0.11533	0.34703
V359	0.41389	0.11024	0.10191	0.37396
V360	0.40979	0.363	0.09696	0.13025
V361	0.06891	0.39135	0.42447	0.11526
V362	0.05784	0.71535	0.10939	0.11743
V363	0.18013	0.17078	0.35986	0.28922
V364	0.17636	0.13838	0.49507	0.19019
V365	0.22814	0.0933	0.09548	0.58308
V366	0.11283	0.51304	0.14705	0.22707
V367	0.4134	0.16648	0.08058	0.33954
V368	0.11698	0.54819	0.14835	0.18648
V369	0.08205	0.35811	0.44489	0.11495
V370	0.25306	0.27295	0.33333	0.14066
V371	0.17641	0.54503	0.11285	0.16572
V372	0.17194	0.11994	0.15912	0.549
V373	0.12777	0.18483	0.35916	0.32824
V374	0.58868	0.07651	0.2115	0.12331
V375	0.10744	0.10983	0.17472	0.60801
V376	0.10299	0.10286	0.1482	0.64596
V377	0.57272	0.06045	0.08035	0.28649
V378	0.08963	0.1137	0.31828	0.47839
V379	0.26496	0.20263	0.09311	0.4393
V380	0.16622	0.13394	0.20557	0.49427
V381	0.53227	0.07941	0.13672	0.2516
V382	0.13005	0.12193	0.62858	0.11944
V383	0.60551	0.0687	0.10793	0.21786
V384	0.40551	0.12903	0.16616	0.2993
V385	0.6278	0.07584	0.1256	0.17075
V386	0.25159	0.09233	0.17238	0.4837
V387	0.431	0.18061	0.20176	0.18662
V388	0.28704	0.30054	0.17934	0.23308
V389	0.31662	0.41951	0.09527	0.16861
V390	0.25403	0.25877	0.36776	0.11944
V391	0.31277	0.14577	0.09574	0.44572
V392	0.31829	0.22586	0.19188	0.26398
V393	0.24001	0.2413	0.2937	0.22498
V394	0.13149	0.22765	0.15553	0.48533
V395	0.19926	0.33979	0.20997	0.25098
V396	0.06368	0.70185	0.10322	0.13126
V397	0.57068	0.13098	0.14357	0.15476
V398	0.3315	0.16969	0.14425	0.35456
V399	0.18179	0.43908	0.18461	0.19452
V400	0.06716	0.445	0.13399	0.35385
V401	0.10137	0.20334	0.52256	0.17272
V402	0.59194	0.18363	0.10187	0.12257
V403	0.09845	0.09706	0.13307	0.67142
V404	0.13299	0.22576	0.45266	0.18859
V405	0.20594	0.10631	0.18591	0.50184
V406	0.46546	0.24216	0.09173	0.20065
V407	0.05782	0.71996	0.10453	0.11769
V408	0.13235	0.25065	0.31801	0.29898
V409	0.08981	0.0911	0.10632	0.71278
V410	0.11447	0.63792	0.11613	0.13148
V411	0.33069	0.07661	0.0806	0.5121
V412	0.17376	0.14535	0.37794	0.30295
V413	0.10517	0.39142	0.19986	0.30355
V414	0.09208	0.4147	0.28739	0.20583
V415	0.33683	0.10436	0.22465	0.33415
V416	0.08621	0.15136	0.6508	0.11162
V417	0.29791	0.48692	0.09237	0.1228
V418	0.12344	0.1509	0.17356	0.55211
V419	0.09491	0.08561	0.11106	0.70842
V420	0.05849	0.6505	0.10621	0.1848
V421	0.17704	0.12411	0.49484	0.20401
V422	0.10974	0.1177	0.09742	0.67514
V423	0.13085	0.11587	0.62099	0.13229
V424	0.08037	0.1323	0.44794	0.33939
V425	0.11108	0.25348	0.44094	0.19449
V426	0.13846	0.12969	0.56495	0.1669
V427	0.11451	0.33831	0.2027	0.34448
V428	0.11496	0.57162	0.13353	0.17989
V429	0.09483	0.08598	0.11522	0.70397
V430	0.54336	0.1834	0.09139	0.18185
V431	0.18839	0.10975	0.34979	0.35206
V432	0.14175	0.13967	0.12126	0.59732
V433	0.09798	0.54413	0.09048	0.2674
V434	0.26761	0.13081	0.11859	0.483
V435	0.37428	0.08536	0.15879	0.38157
V436	0.29674	0.08916	0.15493	0.45916
V437	0.20583	0.22351	0.09059	0.48007
V438	0.43808	0.18225	0.10229	0.27738
V439	0.10212	0.14062	0.09784	0.65942
V440	0.35448	0.10053	0.10559	0.4394
V441	0.12082	0.18343	0.43725	0.25849
V442	0.2532	0.3073	0.17262	0.26688
V443	0.53884	0.07233	0.13659	0.25224
V444	0.08769	0.12074	0.67978	0.11179
V445	0.46634	0.09215	0.29629	0.14521
V446	0.0831	0.61086	0.13419	0.17185
V447	0.46097	0.14505	0.19259	0.20138
V448	0.09468	0.12956	0.20096	0.5748
V449	0.42149	0.11189	0.2661	0.20052
V450	0.14607	0.63659	0.10496	0.11237
V451	0.69017	0.09347	0.0704	0.14595
V452	0.1045	0.09146	0.13247	0.67157
V453	0.58905	0.12039	0.1213	0.16926
V454	0.05791	0.68658	0.13123	0.12428
V455	0.45111	0.10361	0.2723	0.17298
V456	0.2688	0.17295	0.31683	0.24142
V457	0.08963	0.09658	0.10179	0.71199
V458	0.22446	0.22377	0.08993	0.46184
V459	0.07164	0.58824	0.1548	0.18532
V460	0.70467	0.06514	0.09008	0.14011
V461	0.11556	0.10063	0.09801	0.6858
V462	0.26999	0.23647	0.08171	0.41182
V463	0.21776	0.39147	0.18834	0.20243
V464	0.36772	0.14304	0.0828	0.40643
V465	0.3035	0.35879	0.10534	0.23236
V466	0.4211	0.19993	0.08077	0.2982
V467	0.25427	0.45362	0.14422	0.14788
V468	0.36911	0.34731	0.12055	0.16304
V469	0.0893	0.20485	0.25318	0.45268
V470	0.40057	0.16655	0.19656	0.23631
V471	0.22861	0.14932	0.10901	0.51305
V472	0.25473	0.29293	0.08211	0.37023
V473	0.12971	0.44478	0.29571	0.12979
V474	0.14923	0.08407	0.15045	0.61625
V475	0.17543	0.33681	0.14043	0.34733
V476	0.17219	0.09203	0.12456	0.61122
V477	0.4401	0.10546	0.21043	0.244
V478	0.14479	0.45065	0.09312	0.31145
V479	0.09147	0.15842	0.56977	0.18033
V480	0.12233	0.27587	0.11956	0.48223
V481	0.17063	0.11224	0.59072	0.12641
V482	0.50765	0.18608	0.15382	0.15244
V483	0.15238	0.15341	0.1348	0.55941
V484	0.09733	0.12507	0.10786	0.66974
V485	0.13625	0.54882	0.10099	0.21394
V486	0.22833	0.25584	0.16578	0.35006
V487	0.12615	0.11297	0.14131	0.61957
V488	0.08191	0.10815	0.61592	0.19402
V489	0.21057	0.16512	0.49828	0.12603
V490	0.26491	0.28686	0.13144	0.31679
V491	0.33286	0.38752	0.11069	0.16893
V492	0.07785	0.62377	0.18107	0.11731
V493	0.09515	0.08508	0.09835	0.72141
V494	0.19364	0.20144	0.39456	0.21036
V495	0.19978	0.48658	0.18119	0.13245
V496	0.22993	0.52626	0.08989	0.15392
V497	0.08843	0.11357	0.67971	0.11829
V498	0.25453	0.14919	0.11964	0.47665
V499	0.45517	0.25652	0.16425	0.12406
V500	0.14151	0.18304	0.52996	0.14549
V501	0.09001	0.0861	0.11554	0.70835
V502	0.40397	0.27021	0.18233	0.14349
V503	0.19073	0.15227	0.20529	0.4517
V504	0.20238	0.5286	0.10205	0.16697
V505	0.18936	0.22863	0.23787	0.34414
V506	0.13168	0.26135	0.34972	0.25725
V507	0.44294	0.14925	0.1571	0.25071
V508	0.54554	0.18535	0.10825	0.16086
V509	0.21561	0.13826	0.3846	0.26153
V510	0.20415	0.42758	0.24983	0.11844
V511	0.10124	0.34281	0.12029	0.43566
V512	0.21715	0.11543	0.13613	0.53128
V513	0.11443	0.49889	0.22188	0.1648
V514	0.0938	0.11873	0.0946	0.69287
V515	0.55254	0.1122	0.11083	0.22442
V516	0.67692	0.11951	0.07131	0.13225
V517	0.10799	0.10677	0.23262	0.55261
V518	0.71667	0.07996	0.06926	0.13412
V519	0.07684	0.63223	0.09894	0.19199
V520	0.1003	0.09892	0.44622	0.35455
V521	0.42935	0.11335	0.31218	0.14511
V522	0.08337	0.18309	0.42059	0.31296
V523	0.28022	0.17292	0.24162	0.30524
V524	0.06694	0.58302	0.2136	0.13645
V525	0.2197	0.21307	0.10436	0.46287
V526	0.46167	0.13246	0.12745	0.27841
V527	0.20038	0.10789	0.31878	0.37295
V528	0.12015	0.63419	0.09411	0.15155
V529	0.11848	0.13041	0.21651	0.5346
V530	0.07986	0.23531	0.49099	0.19384
V531	0.07153	0.64786	0.17015	0.11046
V532	0.17047	0.2885	0.10696	0.43407
V533	0.23374	0.31348	0.17254	0.28024
V534	0.08729	0.10871	0.5046	0.2994
V535	0.40316	0.06741	0.08488	0.44454
V536	0.19385	0.08927	0.30373	0.41316
V537	0.4347	0.25386	0.18178	0.12966
V538	0.33818	0.11657	0.13807	0.40718
V539	0.22571	0.36405	0.18722	0.22302
V540	0.18357	0.52773	0.14259	0.1461
V541	0.08048	0.3979	0.13291	0.38871
V542	0.19018	0.17419	0.23624	0.39939
V543	0.64237	0.06578	0.07929	0.21256
V544	0.1412	0.14447	0.19037	0.52396
V545	0.28202	0.1753	0.12917	0.41351
V546	0.08853	0.65253	0.14168	0.11726
V547	0.08894	0.50306	0.28536	0.12263
V548	0.15602	0.57634	0.14997	0.11767
V549	0.28151	0.11518	0.47461	0.12869
V550	0.42371	0.08908	0.07484	0.41237
V551	0.1704	0.55283	0.11855	0.15822
V552	0.06913	0.40922	0.09596	0.42569
V553	0.21631	0.19777	0.45324	0.13268
V554	0.11377	0.13562	0.10621	0.6444
V555	0.13173	0.2408	0.28018	0.3473
V556	0.08032	0.12553	0.65587	0.13828
V557	0.58907	0.0839	0.08104	0.24599
V558	0.10272	0.57702	0.11372	0.20654
V559	0.06738	0.60928	0.21352	0.10981
V560	0.51078	0.28694	0.07671	0.12557
V561	0.08207	0.12089	0.67901	0.11803
V562	0.56943	0.07254	0.15448	0.20355
V563	0.23416	0.10052	0.54486	0.12046
V564	0.11656	0.15426	0.60422	0.12496
V565	0.1501	0.26393	0.30625	0.27972
V566	0.49887	0.13782	0.07773	0.28557
V567	0.19445	0.36509	0.1067	0.33376
V568	0.2168	0.08509	0.12028	0.57784
V569	0.48791	0.0865	0.0724	0.35319
V570	0.09144	0.29208	0.45223	0.16425
V571	0.59684	0.15319	0.07241	0.17755
V572	0.35129	0.09189	0.3563	0.20051
V573	0.11589	0.18721	0.09571	0.6012
V574	0.08597	0.58861	0.20236	0.12306
V575	0.09414	0.13943	0.16497	0.60145
V576	0.15525	0.59957	0.12038	0.1248
V577	0.10646	0.11795	0.21126	0.56433
V578	0.11672	0.14636	0.48535	0.25157
V579	0.06487	0.64608	0.15854	0.13052
V580	0.16668	0.09019	0.1546	0.58853
V581	0.11863	0.12842	0.09247	0.66047
V582	0.41509	0.17638	0.10283	0.3057
V583	0.08629	0.13177	0.42827	0.35367
V584	0.38857	0.19318	0.2667	0.15155
V585	0.09001	0.10208	0.34257	0.46534
V586	0.22691	0.10291	0.47922	0.19096
V587	0.24841	0.10638	0.50362	0.1416
V588	0.44966	0.10098	0.09626	0.35309
V589	0.09591	0.59953	0.13952	0.16504
V590	0.09271	0.57685	0.21377	0.11666
V591	0.08586	0.11226	0.20539	0.59649
V592	0.17819	0.12379	0.58491	0.11312
V593	0.4309	0.0735	0.19616	0.29944
V594	0.27224	0.28451	0.28806	0.15519
V595	0.09938	0.09668	0.10414	0.69979
V596	0.09718	0.26865	0.22109	0.41309
V597	0.06535	0.46275	0.29427	0.17764
V598	0.09009	0.18224	0.60301	0.12466
V599	0.45763	0.29366	0.1043	0.14442
V600	0.27616	0.38982	0.12301	0.211
V601	0.16531	0.2603	0.13944	0.43495
V602	0.09958	0.09638	0.1001	0.70394
V603	0.08052	0.31083	0.10095	0.5077
V604	0.39001	0.16913	0.29641	0.14445
V605	0.11531	0.30797	0.32063	0.25608
V606	0.52166	0.17716	0.08524	0.21594
V607	0.47026	0.08068	0.14948	0.29959
V608	0.20568	0.19933	0.3124	0.28259
V609	0.09319	0.24073	0.22672	0.43936
V610	0.55467	0.08511	0.13666	0.22356
V611	0.24255	0.08336	0.11917	0.55493
V612	0.09744	0.16512	0.57184	0.1656
V613	0.09477	0.31888	0.44282	0.14353
V614	0.54537	0.11194	0.11128	0.2314
V615	0.15356	0.11515	0.09505	0.63624
V616	0.11155	0.5228	0.12416	0.24148
V617	0.36837	0.19682	0.31818	0.11663
V618	0.5216	0.06882	0.06983	0.33975
V619	0.30341	0.10844	0.27527	0.31288
V620	0.07135	0.51745	0.29565	0.11554
V621	0.32001	0.18706	0.19418	0.29875
V622	0.28891	0.24198	0.32666	0.14245
V623	0.09436	0.13396	0.17519	0.59649
V624	0.58355	0.20001	0.07501	0.14144
V625	0.22318	0.40079	0.15338	0.22266
V626	0.71685	0.0735	0.06913	0.14051
V627	0.08742	0.09719	0.13491	0.68049
V628	0.0807	0.21796	0.10365	0.59769
V629	0.14826	0.28033	0.25118	0.32023
V630	0.09593	0.31838	0.43537	0.15032
V631	0.09109	0.20575	0.15333	0.54983
V632	0.42761	0.07105	0.16823	0.33311
V633	0.08112	0.12596	0.58507	0.20785
V634	0.31372	0.26713	0.29687	0.12228
V635	0.07991	0.55725	0.09629	0.26655
V636	0.155	0.16975	0.46461	0.21064
V637	0.24753	0.21	0.1429	0.39957
V638	0.28595	0.25095	0.13155	0.33156
V639	0.23403	0.373	0.28047	0.11251
V640	0.1006	0.20521	0.54302	0.15117
V641	0.64551	0.09068	0.09283	0.17098
V642	0.55583	0.18764	0.074	0.18252
V643	0.08194	0.21858	0.34683	0.35264
V644	0.67085	0.11424	0.07669	0.13822
V645	0.22815	0.35978	0.27966	0.13241
V646	0.06326	0.71538	0.10359	0.11778
V647	0.16965	0.15974	0.5101	0.16051
V648	0.31406	0.36837	0.17585	0.14172
V649	0.0982	0.1463	0.59668	0.15882
V650	0.11676	0.16275	0.55445	0.16605
V651	0.27454	0.09849	0.50477	0.1222
V652	0.13519	0.15802	0.33758	0.36921
V653	0.13951	0.50266	0.15739	0.20043
V654	0.50484	0.20908	0.11978	0.1663
V655	0.0906	0.43479	0.1057	0.36891
V656	0.18995	0.25373	0.09572	0.4606
V657	0.09804	0.12502	0.09775	0.67918
V658	0.43302	0.21695	0.12078	0.22926
V659	0.26989	0.15281	0.30038	0.27691
V660	0.07485	0.69545	0.0981	0.1316
V661	0.10713	0.34388	0.12576	0.42323
V662	0.32988	0.10056	0.36988	0.19969
V663	0.2233	0.14698	0.42511	0.20461
V664	0.20428	0.1443	0.4972	0.15422
V665	0.49573	0.20025	0.10874	0.19528
V666	0.42505	0.07077	0.14368	0.3605
V667	0.5721	0.11995	0.18564	0.12231
V668	0.13461	0.60308	0.15087	0.11145
V669	0.20603	0.35725	0.24137	0.19535
V670	0.10655	0.66474	0.09668	0.13202
V671	0.28446	0.2804	0.24466	0.19048
V672	0.0932	0.12426	0.64418	0.13836
V673	0.20686	0.32887	0.2268	0.23748
V674	0.51498	0.17158	0.09072	0.22271
V675	0.15583	0.30465	0.27572	0.26381
V676	0.09963	0.15696	0.1532	0.59021
V677	0.29257	0.34543	0.15082	0.21118
V678	0.38719	0.39655	0.09233	0.12393
V679	0.10239	0.30657	0.46841	0.12263
V680	0.25008	0.43794	0.17888	0.13311
V681	0.65822	0.10721	0.08321	0.15137
V682	0.14332	0.29609	0.41621	0.14437
V683	0.06353	0.71535	0.10981	0.11131
V684	0.50741	0.1861	0.14055	0.16593
V685	0.36542	0.31267	0.16531	0.15659
V686	0.1322	0.20279	0.17943	0.48558
V687	0.09954	0.09057	0.10578	0.70411
V688	0.28703	0.41053	0.08503	0.21741
V689	0.22356	0.07867	0.11505	0.58272
V690	0.36635	0.11747	0.34451	0.17167
V691	0.17847	0.10559	0.59602	0.11992
V692	0.12837	0.19555	0.51001	0.16606
V693	0.21432	0.1669	0.30125	0.31754
V694	0.09019	0.10905	0.25511	0.54565
V695	0.21908	0.08796	0.17914	0.51382
V696	0.12467	0.1345	0.10072	0.64011
V697	0.09426	0.1131	0.0992	0.69343
V698	0.59383	0.0661	0.08	0.26006
V699	0.40898	0.27125	0.12741	0.19236
V700	0.20909	0.09388	0.09243	0.60459
V701	0.13586	0.4134	0.16018	0.29056
V702	0.39022	0.12973	0.08724	0.39281
V703	0.16135	0.13235	0.36976	0.33653
V704	0.59156	0.09756	0.09336	0.21752
V705	0.71055	0.05879	0.07795	0.15271
V706	0.13156	0.13537	0.55192	0.18116
V707	0.09402	0.37662	0.38617	0.14319
V708	0.08263	0.63467	0.11077	0.17192
V709	0.15851	0.27337	0.39559	0.17253
V710	0.43279	0.21614	0.11511	0.23596
V711	0.11603	0.59052	0.1558	0.13766
V712	0.58923	0.10142	0.07678	0.23256
V713	0.31999	0.27726	0.10618	0.29658
V714	0.07105	0.49552	0.1068	0.32663
V715	0.25043	0.31143	0.27039	0.16774
V716	0.10396	0.10706	0.11864	0.67034
V717	0.10636	0.67078	0.09688	0.12597
V718	0.15612	0.44175	0.20101	0.20113
V719	0.09914	0.5214	0.11816	0.2613
V720	0.5207	0.07354	0.22402	0.18174
V721	0.15223	0.20487	0.36192	0.28098
V722	0.12739	0.29277	0.09811	0.48173
V723	0.14104	0.1331	0.09535	0.63051
V724	0.41788	0.09354	0.13505	0.35353
V725	0.07845	0.17018	0.61423	0.13714
V726	0.09524	0.32291	0.16384	0.41801
V727	0.22535	0.5019	0.1534	0.11934
V728	0.07697	0.64691	0.15854	0.11758
V729	0.31332	0.09094	0.18187	0.41387
V730	0.65977	0.08573	0.10319	0.15131
V731	0.0939	0.22216	0.31715	0.36679
V732	0.28271	0.14512	0.29478	0.2774
V733	0.45979	0.20083	0.1031	0.23627
V734	0.21782	0.29722	0.36716	0.11781
V735	0.09387	0.11418	0.36397	0.42798
V736	0.16073	0.08586	0.0957	0.65771
V737	0.26354	0.28059	0.2312	0.22467
V738	0.12393	0.31125	0.35138	0.21344
V739	0.082	0.10616	0.43813	0.37372
V740	0.61498	0.12603	0.12228	0.1367
V741	0.35483	0.15124	0.16044	0.33349
V742	0.31325	0.47331	0.09758	0.11587
V743	0.16127	0.19609	0.51057	0.13207
V744	0.39287	0.11311	0.28641	0.20761
V745	0.07468	0.52118	0.20505	0.1991
V746	0.73882	0.05728	0.06893	0.13498
V747	0.11915	0.10132	0.50637	0.27316
V748	0.15442	0.16799	0.43131	0.24628
V749	0.23403	0.19382	0.12086	0.45129
V750	0.30912	0.37892	0.10048	0.21148
V751	0.08889	0.63147	0.12197	0.15767
V752	0.34013	0.23357	0.16973	0.25657
V753	0.09527	0.0902	0.09685	0.71769
V754	0.06479	0.67463	0.0963	0.16428
V755	0.1644	0.22133	0.2852	0.32908
V756	0.09964	0.09061	0.11902	0.69073
V757	0.26663	0.45931	0.13312	0.14094
V758	0.09269	0.5645	0.17138	0.17142
V759	0.15541	0.13527	0.31803	0.39129
V760	0.24792	0.12862	0.25049	0.37297
V761	0.10982	0.45486	0.25671	0.17861
V762	0.07448	0.31716	0.10112	0.50724
V763	0.29062	0.31063	0.10264	0.29611
V764	0.06493	0.66927	0.10163	0.16417
V765	0.47568	0.13269	0.07277	0.31887
V766	0.08459	0.30245	0.34427	0.26868
V767	0.36005	0.1721	0.23162	0.23623
V768	0.09344	0.66188	0.11278	0.1319
V769	0.1481	0.61188	0.11566	0.12435
V770	0.06326	0.71538	0.10359	0.11778
V771	0.18446	0.11039	0.57837	0.12679
V772	0.1638	0.1312	0.58569	0.11931
V773	0.16016	0.61562	0.09906	0.12516
V774	0.09378	0.11188	0.65565	0.13869
V775	0.14949	0.11906	0.2495	0.48195
V776	0.31979	0.3549	0.12077	0.20454
V777	0.17733	0.16315	0.17106	0.48846
V778	0.38763	0.26399	0.12867	0.21971
V779	0.181	0.12404	0.37774	0.31722
V780	0.13038	0.5791	0.17977	0.11075
V781	0.11038	0.10076	0.10768	0.68118
V782	0.0822	0.18692	0.56558	0.1653
V783	0.5641	0.08101	0.10915	0.24574
V784	0.126	0.64971	0.10568	0.11861
V785	0.08116	0.67863	0.10863	0.13158
V786	0.52077	0.18435	0.13477	0.16011
V787	0.06018	0.62622	0.19682	0.11678
V788	0.3752	0.28457	0.18368	0.15655
V789	0.11537	0.30783	0.10846	0.46835
V790	0.33789	0.09751	0.13173	0.43287
V791	0.15419	0.33378	0.28331	0.22872
V792	0.14662	0.41693	0.09122	0.34523
V793	0.13785	0.48947	0.11707	0.25561
V794	0.11071	0.15636	0.55958	0.17335
V795	0.14316	0.11181	0.12546	0.61958
V796	0.09679	0.16227	0.60924	0.1317
V797	0.56852	0.07345	0.22273	0.1353
V798	0.4535	0.27719	0.13186	0.13745
V799	0.14199	0.57133	0.11426	0.17243
V800	0.12395	0.11515	0.38457	0.37633
V801	0.15974	0.17231	0.27677	0.39118
V802	0.10459	0.14565	0.24512	0.50464
V803	0.20381	0.42744	0.25692	0.11182
V804	0.40184	0.09638	0.32324	0.17854
V805	0.08799	0.11407	0.68603	0.11191
V806	0.08752	0.65979	0.10804	0.14465
V807	0.22124	0.17991	0.11083	0.48801
V808	0.48072	0.25948	0.10803	0.15177
V809	0.10617	0.13034	0.65125	0.11224
V810	0.0632	0.71988	0.09909	0.11783
V811	0.32224	0.13787	0.20682	0.33307
V812	0.39436	0.25391	0.11641	0.23533
V813	0.43823	0.21355	0.20356	0.14466
V814	0.33008	0.42857	0.11832	0.12303
V815	0.05868	0.6756	0.14888	0.11685
V816	0.69897	0.06078	0.11304	0.12721
V817	0.09736	0.15513	0.62245	0.12507
V818	0.08711	0.11369	0.11511	0.68408
V819	0.60155	0.12541	0.11026	0.16278
V820	0.152	0.14392	0.10556	0.59852
V821	0.20271	0.30138	0.32228	0.17363
V822	0.12376	0.1224	0.62157	0.13227
V823	0.0937	0.22846	0.49026	0.18757
V824	0.12748	0.34439	0.41867	0.10945
V825	0.20108	0.28048	0.23801	0.28042
V826	0.32932	0.35536	0.18735	0.12797
V827	0.29357	0.46676	0.09774	0.14192
V828	0.20204	0.19262	0.15451	0.45083
V829	0.10125	0.23385	0.11667	0.54824
V830	0.19889	0.22646	0.10584	0.46881
V831	0.55209	0.13115	0.09974	0.21702
V832	0.22598	0.34405	0.19241	0.23756
V833	0.15666	0.40643	0.20153	0.23539
V834	0.243	0.13379	0.13443	0.48878
V835	0.27853	0.37458	0.16425	0.18263
V836	0.07049	0.49944	0.09692	0.33315
V837	0.1991	0.33267	0.20344	0.26479
V838	0.68518	0.0894	0.09268	0.13274
V839	0.24693	0.47535	0.1576	0.12012
V840	0.24154	0.54926	0.09498	0.11422
V841	0.07959	0.13586	0.6261	0.15845
V842	0.2798	0.20036	0.24294	0.2769
V843	0.09349	0.12101	0.61189	0.1736
V844	0.14777	0.15495	0.30654	0.39074
V845	0.12168	0.17715	0.53496	0.16621
V846	0.08117	0.11051	0.53715	0.27116
V847	0.09064	0.0856	0.10243	0.72133
V848	0.12378	0.4049	0.19554	0.27577
V849	0.05736	0.69666	0.103	0.14298
V850	0.72253	0.05848	0.07842	0.14058
V851	0.2694	0.43164	0.18475	0.11421
V852	0.14324	0.1202	0.16681	0.56975
V853	0.21941	0.24348	0.32675	0.21036
V854	0.42744	0.19548	0.14771	0.22938
V855	0.09064	0.0856	0.10243	0.72133
V856	0.10183	0.32001	0.29513	0.28303
V857	0.4814	0.19366	0.10272	0.22222
V858	0.42991	0.09045	0.35419	0.12544
V859	0.47287	0.23342	0.09289	0.20082
V860	0.1824	0.1579	0.12293	0.53677
V861	0.1286	0.33134	0.41809	0.12198
V862	0.16288	0.16098	0.52298	0.15317
V863	0.1904	0.11808	0.08728	0.60424
V864	0.12069	0.10668	0.12187	0.65076
V865	0.15034	0.09477	0.24271	0.51218
V866	0.54196	0.08748	0.23604	0.13452
V867	0.542	0.09312	0.2369	0.12798
V868	0.37482	0.27043	0.16965	0.18511
V869	0.06977	0.70851	0.10335	0.11837
V870	0.13401	0.2938	0.10275	0.46943
V871	0.05736	0.69666	0.103	0.14298
V872	0.09091	0.10224	0.23221	0.57465
V873	0.64716	0.08599	0.10935	0.15749
V874	0.18031	0.59195	0.11467	0.11308
V875	0.08924	0.21203	0.20842	0.4903
V876	0.16847	0.30946	0.33412	0.18794
V877	0.10078	0.34369	0.26542	0.29011
V878	0.14034	0.60767	0.14038	0.11161
V879	0.17784	0.51842	0.12357	0.18017
V880	0.2462	0.43241	0.09061	0.23078
V881	0.16909	0.12857	0.44165	0.2607
V882	0.58355	0.06661	0.15939	0.19045
V883	0.24962	0.22689	0.41062	0.11287
V884	0.08889	0.24996	0.0916	0.56955
V885	0.52579	0.21865	0.1353	0.12025
V886	0.08241	0.33295	0.36523	0.21941
V887	0.45952	0.12137	0.18187	0.23725
V888	0.14437	0.1334	0.53369	0.18855
V889	0.67207	0.09477	0.08805	0.14511
V890	0.10111	0.19885	0.44919	0.25086
V891	0.46587	0.11571	0.25937	0.15905
V892	0.23205	0.197	0.09544	0.47551
V893	0.42162	0.22405	0.18269	0.17164
V894	0.11726	0.30397	0.43491	0.14386
V895	0.43096	0.12633	0.20573	0.23699
V896	0.081	0.68423	0.10305	0.13172
V897	0.50037	0.24579	0.08145	0.17238
V898	0.34519	0.07104	0.08387	0.4999
V899	0.09471	0.20767	0.17634	0.52129
V900	0.12334	0.28644	0.2988	0.29142
V901	0.08401	0.60595	0.09838	0.21166
V902	0.08818	0.66347	0.13104	0.1173
V903	0.07382	0.37076	0.40595	0.14946
V904	0.06945	0.71383	0.09845	0.11827
V905	0.16825	0.08456	0.19229	0.5549
V906	0.30288	0.14512	0.15077	0.40124
V907	0.3239	0.41352	0.1007	0.16189
V908	0.09199	0.11496	0.13291	0.66014
V909	0.14025	0.5951	0.09178	0.17287
V910	0.17333	0.08402	0.15936	0.5833
V911	0.37551	0.33897	0.1081	0.17741
V912	0.29408	0.29942	0.16627	0.24022
V913	0.14426	0.08227	0.09649	0.67697
V914	0.1779	0.40747	0.26934	0.14529
V915	0.20289	0.07786	0.09308	0.62618
V916	0.23318	0.13571	0.47616	0.15495
V917	0.51729	0.09555	0.18428	0.20288
V918	0.09615	0.48449	0.23389	0.18547
V919	0.18895	0.24664	0.26291	0.3015
V920	0.44295	0.21447	0.14198	0.2006
V921	0.09889	0.18302	0.11289	0.6052
V922	0.13309	0.3919	0.32452	0.15048
V923	0.12745	0.09437	0.11674	0.66143
V924	0.08849	0.51493	0.25982	0.13677
V925	0.17756	0.10223	0.09866	0.62156
V926	0.19144	0.09555	0.10801	0.60499
V927	0.09812	0.10762	0.12384	0.67042
V928	0.08779	0.6463	0.1008	0.16512
V929	0.10219	0.48312	0.17384	0.24084
V930	0.36923	0.32469	0.10761	0.19848
V931	0.15822	0.28042	0.38907	0.1723
V932	0.10229	0.17689	0.4416	0.27922
V933	0.4391	0.34069	0.08989	0.13033
V934	0.08474	0.19115	0.24641	0.47771
V935	0.41032	0.19581	0.21514	0.17872
V936	0.37709	0.25897	0.09425	0.26969
V937	0.38927	0.16766	0.13708	0.30599
V938	0.29653	0.12158	0.26931	0.31258
V939	0.53917	0.08392	0.12483	0.25209
V940	0.07887	0.587	0.19067	0.14346
V941	0.08279	0.1135	0.68565	0.11806
V942	0.53263	0.20234	0.12506	0.13997
V943	0.31174	0.18078	0.34382	0.16366
V944	0.08828	0.24955	0.13191	0.53027
V945	0.40431	0.31474	0.08892	0.19204
V946	0.34265	0.26342	0.24374	0.1502
V947	0.13161	0.12389	0.22154	0.52296
V948	0.28841	0.11424	0.4619	0.13546
V949	0.08158	0.16221	0.20664	0.54957
V950	0.10506	0.42087	0.21957	0.25449
V951	0.61214	0.07989	0.17784	0.13012
V952	0.1221	0.17708	0.24016	0.46066
V953	0.09176	0.14186	0.62835	0.13803
V954	0.10094	0.20189	0.17524	0.52193
V955	0.13877	0.45345	0.11042	0.29736
V956	0.10569	0.1148	0.3839	0.39561
V957	0.2645	0.0859	0.08412	0.56548
V958	0.09515	0.08508	0.09835	0.72141
V959	0.21195	0.26719	0.34655	0.17431
V960	0.20572	0.25797	0.13958	0.39672
V961	0.15385	0.34182	0.29684	0.20749
V962	0.29005	0.20684	0.32613	0.17698
V963	0.42951	0.19841	0.18568	0.1864
V964	0.61096	0.08905	0.14353	0.15646
V965	0.1049	0.39872	0.2068	0.28958
V966	0.71642	0.06852	0.07446	0.14059
V967	0.11718	0.12828	0.39186	0.36267
V968	0.07517	0.20579	0.55418	0.16487
V969	0.08233	0.25942	0.11746	0.54078
V970	0.1026	0.17731	0.33212	0.38796
V971	0.37686	0.14998	0.2871	0.18605
V972	0.36595	0.21233	0.11578	0.30594
V973	0.22353	0.3503	0.13945	0.28673
V974	0.06668	0.57672	0.17842	0.17819
V975	0.13721	0.29108	0.45579	0.11592
V976	0.32424	0.24797	0.15843	0.26936
V977	0.26358	0.32648	0.29052	0.11942
V978	0.11876	0.14233	0.13138	0.60753
V979	0.59376	0.08247	0.19408	0.12968
V980	0.73882	0.05728	0.06893	0.13498
V981	0.27844	0.11328	0.34478	0.26351
V982	0.32777	0.34384	0.13809	0.19029
V983	0.49837	0.11159	0.07718	0.31286
V984	0.07166	0.61633	0.16847	0.14354
V985	0.12091	0.19936	0.09507	0.58467
V986	0.25571	0.41765	0.12359	0.20305
V987	0.20697	0.56818	0.09137	0.13348
V988	0.19714	0.08861	0.09824	0.616
V989	0.33267	0.39096	0.14072	0.13565
V990	0.08007	0.13767	0.5596	0.22266
V991	0.47505	0.3168	0.07707	0.13108
V992	0.2023	0.09728	0.39538	0.30504
V993	0.10648	0.5432	0.20009	0.15023
V994	0.17454	0.58557	0.11457	0.12531
V995	0.52289	0.14527	0.101	0.23084
V996	0.22824	0.15899	0.09411	0.51866
V997	0.09376	0.11311	0.58494	0.20819
V998	0.634	0.07486	0.12017	0.17097
V999	0.13164	0.65385	0.09576	0.11875
V1000	0.25159	0.09118	0.0859	0.57133
