CD19B	CD56NK	CD4MemoryT	CD14
V1	0.42205	0.07577	0.18604	0.31614
V2	0.16316	0.1347	0.09631	0.60583
V3	0.09399	0.52172	0.06203	0.32225
V4	0.6639	0.16493	0.04646	0.1247
V5	0.12967	0.41912	0.23335	0.21786
V6	0.10466	0.71213	0.06622	0.117
V7	0.15568	0.33692	0.11589	0.39151
V8	0.14628	0.08419	0.63604	0.13349
V9	0.21374	0.2489	0.08515	0.45221
V10	0.06797	0.08972	0.69454	0.14776
V11	0.19288	0.33687	0.36589	0.10435
V12	0.07093	0.49676	0.32084	0.11146
V13	0.23262	0.59801	0.05363	0.11575
V14	0.09928	0.74268	0.0556	0.10244
V15	0.13655	0.50436	0.14312	0.21597
V16	0.69442	0.10007	0.07054	0.13497
V17	0.11251	0.71071	0.0603	0.11648
V18	0.4339	0.34573	0.08719	0.13317
V19	0.16297	0.67399	0.05559	0.10744
V20	0.16782	0.41087	0.0672	0.3541
V21	0.1463	0.11398	0.6078	0.13191
V22	0.0792	0.13935	0.20336	0.57809
V23	0.30936	0.09999	0.47825	0.11239
V24	0.72949	0.08276	0.07916	0.10859
V25	0.27614	0.2552	0.15089	0.31777
V26	0.30875	0.36889	0.06613	0.25623
V27	0.13304	0.10267	0.07635	0.68793
V28	0.05997	0.09821	0.73469	0.10714
V29	0.34852	0.08865	0.43015	0.13268
V30	0.12661	0.23531	0.25011	0.38798
V31	0.19171	0.22163	0.26298	0.32368
V32	0.11942	0.08239	0.08529	0.71291
V33	0.08532	0.43237	0.30708	0.17523
V34	0.14593	0.0987	0.62237	0.13299
V35	0.16357	0.59837	0.116	0.12206
V36	0.06695	0.0996	0.39469	0.43875
V37	0.41371	0.12672	0.12996	0.32961
V38	0.33998	0.06801	0.18773	0.40428
V39	0.16577	0.4837	0.1495	0.20104
V40	0.11924	0.67382	0.1109	0.09604
V41	0.06085	0.55876	0.08732	0.29307
V42	0.20996	0.09245	0.21156	0.48603
V43	0.14372	0.32197	0.40778	0.12654
V44	0.06915	0.13013	0.56935	0.23137
V45	0.12121	0.49968	0.21276	0.16635
V46	0.60927	0.12714	0.15252	0.11108
V47	0.34677	0.22147	0.28776	0.144
V48	0.61367	0.21208	0.05151	0.12274
V49	0.55469	0.22611	0.04547	0.17373
V50	0.09743	0.68226	0.1178	0.10251
V51	0.25764	0.37456	0.24179	0.126
V52	0.07573	0.15474	0.63772	0.13181
V53	0.55649	0.16975	0.17021	0.10355
V54	0.33083	0.22188	0.32536	0.12193
V55	0.20138	0.17208	0.22857	0.39798
V56	0.0995	0.07892	0.12031	0.70127
V57	0.11897	0.70533	0.06614	0.10955
V58	0.48719	0.06926	0.09031	0.35324
V59	0.33681	0.38825	0.13468	0.14027
V60	0.15008	0.18913	0.28716	0.37362
V61	0.60923	0.15753	0.05728	0.17596
V62	0.67358	0.09366	0.11302	0.11974
V63	0.06377	0.67674	0.14269	0.11681
V64	0.05968	0.69235	0.04936	0.1986
V65	0.08065	0.07218	0.12887	0.7183
V66	0.19893	0.58471	0.06599	0.15037
V67	0.15875	0.31447	0.41477	0.11201
V68	0.16903	0.1767	0.07742	0.57685
V69	0.07425	0.3014	0.48309	0.14126
V70	0.41092	0.19398	0.19305	0.20205
V71	0.17227	0.12822	0.32356	0.37595
V72	0.43376	0.19724	0.12931	0.23968
V73	0.15888	0.51986	0.15584	0.16543
V74	0.09557	0.23662	0.56617	0.10164
V75	0.54037	0.06787	0.20715	0.18462
V76	0.06406	0.20071	0.18708	0.54815
V77	0.0895	0.28301	0.06209	0.5654
V78	0.25733	0.1621	0.19484	0.38573
V79	0.05964	0.14694	0.61888	0.17454
V80	0.29056	0.08398	0.45031	0.17515
V81	0.09655	0.19216	0.60204	0.10925
V82	0.05891	0.11839	0.70964	0.11307
V83	0.15356	0.20366	0.11337	0.52942
V84	0.31709	0.10485	0.18226	0.3958
V85	0.13034	0.30671	0.33612	0.22683
V86	0.09024	0.10954	0.66029	0.13994
V87	0.07731	0.67544	0.09642	0.15083
V88	0.17554	0.11854	0.24928	0.45664
V89	0.08239	0.08101	0.20431	0.63229
V90	0.07054	0.72131	0.09757	0.11058
V91	0.07772	0.6076	0.18998	0.1247
V92	0.36016	0.0872	0.34242	0.21022
V93	0.68237	0.07539	0.04931	0.19293
V94	0.07225	0.39991	0.06917	0.45867
V95	0.22373	0.39564	0.17028	0.21035
V96	0.11622	0.13988	0.08176	0.66214
V97	0.52097	0.1554	0.21413	0.10951
V98	0.52827	0.31217	0.04736	0.1122
V99	0.61126	0.10439	0.17161	0.11275
V100	0.11153	0.09556	0.66711	0.1258
V101	0.08353	0.08339	0.0676	0.76548
V102	0.71653	0.10743	0.05625	0.1198
V103	0.07948	0.09814	0.12768	0.69471
V104	0.07223	0.76882	0.05569	0.10326
V105	0.09033	0.74508	0.06144	0.10315
V106	0.13574	0.44679	0.28599	0.13148
V107	0.18174	0.22482	0.45147	0.14197
V108	0.1554	0.62627	0.12298	0.09535
V109	0.06951	0.19496	0.46383	0.2717
V110	0.09103	0.70923	0.08266	0.11709
V111	0.70941	0.06247	0.11326	0.11486
V112	0.15066	0.12187	0.36051	0.36696
V113	0.18841	0.15373	0.1885	0.46937
V114	0.22611	0.10375	0.12106	0.54907
V115	0.05661	0.61868	0.22075	0.10396
V116	0.15267	0.30628	0.31418	0.22687
V117	0.51036	0.27669	0.07747	0.13547
V118	0.16613	0.4969	0.07794	0.25903
V119	0.14466	0.12693	0.09724	0.63117
V120	0.11005	0.1242	0.64771	0.11804
V121	0.4484	0.17465	0.129	0.24794
V122	0.74751	0.06659	0.06344	0.12246
V123	0.06329	0.44573	0.0898	0.40117
V124	0.50223	0.30532	0.0449	0.14755
V125	0.30778	0.38889	0.18487	0.11845
V126	0.09382	0.17989	0.09541	0.63088
V127	0.17542	0.10952	0.24374	0.47132
V128	0.09016	0.07881	0.14071	0.69032
V129	0.43605	0.25708	0.17809	0.12878
V130	0.05797	0.54749	0.29133	0.10321
V131	0.06937	0.72219	0.04903	0.15941
V132	0.72585	0.06657	0.07874	0.12884
V133	0.70267	0.07649	0.10008	0.12076
V134	0.13326	0.36079	0.15116	0.35479
V135	0.12244	0.08649	0.1896	0.60147
V136	0.21778	0.37272	0.06116	0.34834
V137	0.49427	0.10003	0.24471	0.16099
V138	0.19585	0.37281	0.184	0.24733
V139	0.28346	0.23476	0.19972	0.28206
V140	0.09038	0.13504	0.09891	0.67568
V141	0.10246	0.19489	0.43023	0.27242
V142	0.6104	0.06574	0.21667	0.10719
V143	0.33319	0.27726	0.1086	0.28095
V144	0.17412	0.19231	0.18001	0.45357
V145	0.05076	0.62572	0.21965	0.10386
V146	0.10646	0.0763	0.08566	0.73158
V147	0.70467	0.08292	0.07043	0.14199
V148	0.14746	0.1326	0.46041	0.25954
V149	0.22757	0.45656	0.21268	0.10319
V150	0.1174	0.25662	0.46454	0.16144
V151	0.19305	0.53634	0.07598	0.19463
V152	0.20924	0.40573	0.20922	0.17581
V153	0.12698	0.62063	0.06528	0.1871
V154	0.21497	0.4122	0.24875	0.12409
V155	0.36539	0.18884	0.26516	0.18061
V156	0.08301	0.18311	0.53435	0.19953
V157	0.25487	0.19907	0.27879	0.26727
V158	0.08349	0.07081	0.07883	0.76687
V159	0.68291	0.12121	0.04772	0.14817
V160	0.52423	0.07125	0.10944	0.29508
V161	0.20575	0.07376	0.08618	0.63431
V162	0.1069	0.29649	0.11834	0.47826
V163	0.12278	0.43257	0.17719	0.26745
V164	0.27535	0.3105	0.13497	0.27917
V165	0.07361	0.26726	0.05509	0.60405
V166	0.07748	0.14246	0.11156	0.6685
V167	0.29551	0.06228	0.0635	0.57871
V168	0.24297	0.49961	0.11435	0.14307
V169	0.19084	0.11056	0.09145	0.60715
V170	0.136	0.09117	0.42577	0.34706
V171	0.14447	0.25559	0.46484	0.1351
V172	0.55007	0.06828	0.26745	0.1142
V173	0.08854	0.17907	0.09069	0.6417
V174	0.07989	0.19606	0.11594	0.60811
V175	0.10509	0.08373	0.60831	0.20287
V176	0.0559	0.66203	0.17805	0.10403
V177	0.05619	0.78207	0.05112	0.11062
V178	0.05883	0.62889	0.056	0.25629
V179	0.17429	0.07893	0.33264	0.41414
V180	0.07144	0.71967	0.11214	0.09675
V181	0.1681	0.17758	0.43148	0.22283
V182	0.25331	0.21571	0.38202	0.14896
V183	0.17686	0.66704	0.05503	0.10107
V184	0.77229	0.06011	0.05802	0.10959
V185	0.4387	0.39806	0.05852	0.10472
V186	0.13738	0.42534	0.24169	0.19559
V187	0.73917	0.06729	0.07829	0.11525
V188	0.10616	0.24514	0.05523	0.59347
V189	0.61947	0.08504	0.06507	0.23041
V190	0.50547	0.07736	0.30377	0.1134
V191	0.18088	0.23256	0.45193	0.13463
V192	0.25146	0.42486	0.08999	0.23369
V193	0.45847	0.09904	0.23779	0.20471
V194	0.0787	0.74857	0.05577	0.11697
V195	0.06453	0.09724	0.72476	0.11347
V196	0.08132	0.1187	0.07121	0.72877
V197	0.33183	0.10736	0.08114	0.47967
V198	0.09952	0.44018	0.31419	0.14611
V199	0.17704	0.09283	0.18887	0.54127
V200	0.14353	0.48708	0.06677	0.30262
V201	0.12257	0.47956	0.18814	0.20973
V202	0.07059	0.09078	0.59898	0.23966
V203	0.16525	0.38897	0.32782	0.11796
V204	0.06322	0.46432	0.05918	0.41328
V205	0.07023	0.11758	0.69246	0.11972
V206	0.09089	0.14748	0.65061	0.11102
V207	0.15358	0.21843	0.09899	0.529
V208	0.22443	0.12667	0.53167	0.11724
V209	0.25083	0.42347	0.10768	0.21802
V210	0.112	0.62767	0.12311	0.13723
V211	0.33983	0.07733	0.08686	0.49597
V212	0.39436	0.10387	0.37791	0.12386
V213	0.47979	0.09448	0.1457	0.28003
V214	0.27079	0.20197	0.17906	0.34818
V215	0.25214	0.14868	0.07217	0.527
V216	0.0957	0.07048	0.0795	0.75432
V217	0.08707	0.43362	0.21826	0.26105
V218	0.12327	0.40177	0.17756	0.2974
V219	0.12857	0.53838	0.06133	0.27172
V220	0.05943	0.67255	0.05474	0.21328
V221	0.61823	0.06696	0.05572	0.25909
V222	0.26181	0.18223	0.31737	0.23859
V223	0.05999	0.18487	0.59013	0.165
V224	0.76089	0.05947	0.07006	0.10958
V225	0.09005	0.70873	0.09899	0.10222
V226	0.25914	0.14139	0.48263	0.11684
V227	0.60394	0.06702	0.20809	0.12095
V228	0.58126	0.12487	0.11064	0.18322
V229	0.07038	0.09657	0.70563	0.12742
V230	0.08269	0.0838	0.07952	0.75399
V231	0.07629	0.28055	0.1399	0.50326
V232	0.08677	0.55022	0.0486	0.31442
V233	0.4273	0.14675	0.20709	0.21886
V234	0.0777	0.73584	0.07567	0.11079
V235	0.30267	0.12288	0.44233	0.13212
V236	0.09015	0.13198	0.61182	0.16606
V237	0.17251	0.07333	0.08944	0.66473
V238	0.14424	0.47814	0.24026	0.13736
V239	0.10592	0.37115	0.06913	0.4538
V240	0.38015	0.10236	0.37169	0.1458
V241	0.06973	0.08894	0.67998	0.16135
V242	0.14241	0.62734	0.12278	0.10748
V243	0.21974	0.11026	0.50453	0.16547
V244	0.19903	0.08042	0.54685	0.1737
V245	0.45107	0.30797	0.09377	0.14719
V246	0.09456	0.19189	0.58924	0.12431
V247	0.16848	0.09167	0.63544	0.10441
V248	0.087	0.09131	0.09592	0.72577
V249	0.05588	0.11062	0.67291	0.16059
V250	0.58846	0.06714	0.23028	0.11413
V251	0.73101	0.09855	0.05663	0.1138
V252	0.0567	0.68297	0.16399	0.09635
V253	0.29454	0.13096	0.18029	0.39421
V254	0.0556	0.74858	0.09265	0.10317
V255	0.08449	0.73628	0.0488	0.13043
V256	0.17472	0.23865	0.41555	0.17108
V257	0.32939	0.15676	0.22896	0.28489
V258	0.17444	0.27655	0.35098	0.19802
V259	0.08079	0.29359	0.49012	0.1355
V260	0.05615	0.28655	0.54977	0.10754
V261	0.4656	0.09725	0.20886	0.22828
V262	0.13288	0.10978	0.07599	0.68135
V263	0.06551	0.76745	0.05058	0.11646
V264	0.172	0.10449	0.36189	0.36161
V265	0.09141	0.0724	0.15928	0.67692
V266	0.49801	0.35083	0.05186	0.0993
V267	0.06138	0.21167	0.25551	0.47144
V268	0.31015	0.08911	0.16859	0.43215
V269	0.05633	0.47613	0.32791	0.13963
V270	0.4862	0.09317	0.24395	0.17667
V271	0.60518	0.12347	0.0798	0.19156
V272	0.09063	0.66906	0.05969	0.18062
V273	0.10592	0.08338	0.09108	0.71961
V274	0.53343	0.06801	0.19953	0.19903
V275	0.05956	0.09795	0.72911	0.11338
V276	0.38346	0.33755	0.05763	0.22136
V277	0.08758	0.23047	0.17417	0.50778
V278	0.08975	0.11898	0.26669	0.52458
V279	0.51759	0.11815	0.14382	0.22043
V280	0.08349	0.07081	0.07883	0.76687
V281	0.41398	0.09462	0.16763	0.32377
V282	0.09661	0.13246	0.61868	0.15225
V283	0.19332	0.49799	0.10029	0.2084
V284	0.07166	0.72772	0.09754	0.10308
V285	0.10531	0.08829	0.70001	0.10639
V286	0.2141	0.47614	0.13566	0.1741
V287	0.11839	0.70478	0.06062	0.11621
V288	0.06709	0.28355	0.35039	0.29897
V289	0.23903	0.24531	0.35315	0.16252
V290	0.63386	0.20272	0.05965	0.10376
V291	0.37805	0.12766	0.3772	0.11709
V292	0.72563	0.06611	0.05107	0.15719
V293	0.25394	0.08606	0.52068	0.13932
V294	0.12018	0.34481	0.05346	0.48156
V295	0.07595	0.20898	0.19355	0.52152
V296	0.17645	0.17198	0.48063	0.17095
V297	0.11984	0.0707	0.11243	0.69703
V298	0.2519	0.15628	0.475	0.11683
V299	0.10979	0.27669	0.06761	0.5459
V300	0.06832	0.09513	0.22459	0.61196
V301	0.14028	0.16534	0.50101	0.19336
V302	0.4982	0.34191	0.048	0.11188
V303	0.05183	0.50304	0.31935	0.12578
V304	0.09771	0.09714	0.5724	0.23276
V305	0.14019	0.1995	0.37399	0.28631
V306	0.60864	0.15062	0.09536	0.14538
V307	0.06438	0.76081	0.06426	0.11054
V308	0.20512	0.25261	0.263	0.27927
V309	0.26785	0.31345	0.07405	0.34464
V310	0.1113	0.30834	0.16551	0.41485
V311	0.4002	0.44311	0.05252	0.10416
V312	0.11838	0.6087	0.15586	0.11706
V313	0.07456	0.14848	0.07625	0.70071
V314	0.06816	0.41944	0.13777	0.37462
V315	0.13618	0.52774	0.07707	0.25902
V316	0.25384	0.18258	0.33226	0.23132
V317	0.11245	0.57861	0.08505	0.2239
V318	0.08197	0.47558	0.06222	0.38024
V319	0.09571	0.12421	0.64725	0.13283
V320	0.11202	0.18925	0.49955	0.19918
V321	0.49035	0.35845	0.05184	0.09935
V322	0.1844	0.31227	0.11076	0.39257
V323	0.10496	0.08462	0.12741	0.68301
V324	0.49539	0.27758	0.10673	0.12029
V325	0.25477	0.54779	0.09481	0.10263
V326	0.05543	0.47744	0.12406	0.34307
V327	0.07936	0.17992	0.13796	0.60275
V328	0.09087	0.0966	0.57278	0.23975
V329	0.17527	0.16107	0.18042	0.48324
V330	0.30859	0.07841	0.30483	0.30817
V331	0.28029	0.14058	0.09292	0.48621
V332	0.07467	0.10969	0.19025	0.62539
V333	0.32692	0.13518	0.34181	0.19609
V334	0.28605	0.07969	0.31832	0.31595
V335	0.07411	0.32316	0.40609	0.19664
V336	0.1714	0.58297	0.06593	0.17969
V337	0.23684	0.37539	0.26196	0.12582
V338	0.05038	0.7879	0.05807	0.10365
V339	0.13989	0.08641	0.66111	0.11258
V340	0.09549	0.24808	0.41419	0.24223
V341	0.08632	0.09178	0.10755	0.71434
V342	0.22055	0.07811	0.4919	0.20945
V343	0.75339	0.07414	0.05782	0.11464
V344	0.51185	0.19417	0.19138	0.1026
V345	0.06461	0.09696	0.73095	0.10748
V346	0.20793	0.16648	0.25592	0.36967
V347	0.09693	0.0788	0.15339	0.67088
V348	0.09123	0.54394	0.15583	0.209
V349	0.27443	0.20773	0.33124	0.1866
V350	0.07027	0.65637	0.17649	0.09686
V351	0.07563	0.09771	0.33828	0.48839
V352	0.09086	0.09462	0.6471	0.16743
V353	0.66728	0.08448	0.08433	0.16391
V354	0.08577	0.57065	0.21257	0.13102
V355	0.23339	0.13744	0.38333	0.24584
V356	0.09038	0.08525	0.13339	0.69098
V357	0.13252	0.32006	0.24848	0.29894
V358	0.40396	0.15718	0.09591	0.34295
V359	0.4281	0.11595	0.08255	0.3734
V360	0.41688	0.40627	0.06602	0.11083
V361	0.05273	0.40281	0.43863	0.10583
V362	0.05038	0.78213	0.06374	0.10375
V363	0.16979	0.16887	0.38131	0.28003
V364	0.1622	0.12721	0.52969	0.1809
V365	0.23287	0.08798	0.0705	0.60865
V366	0.10504	0.56217	0.11677	0.21603
V367	0.42624	0.18568	0.05408	0.334
V368	0.11126	0.59794	0.11776	0.17304
V369	0.06579	0.3667	0.4619	0.10562
V370	0.24364	0.28329	0.34516	0.12791
V371	0.17862	0.60029	0.07099	0.1501
V372	0.17017	0.11499	0.14843	0.5664
V373	0.11232	0.18573	0.37923	0.32272
V374	0.59578	0.07431	0.22305	0.10685
V375	0.09573	0.10047	0.16498	0.63882
V376	0.09014	0.09235	0.13393	0.68358
V377	0.59705	0.05986	0.06197	0.28113
V378	0.06969	0.09733	0.34573	0.48725
V379	0.27003	0.22565	0.06332	0.44099
V380	0.16161	0.13231	0.20124	0.50483
V381	0.54608	0.07912	0.13108	0.24372
V382	0.11088	0.10212	0.67455	0.11245
V383	0.62635	0.06847	0.09793	0.20724
V384	0.4122	0.13709	0.15819	0.29251
V385	0.64692	0.07744	0.1202	0.15544
V386	0.25391	0.08238	0.16928	0.49444
V387	0.43265	0.19397	0.19964	0.17374
V388	0.28749	0.3261	0.16556	0.22085
V389	0.32094	0.46952	0.05803	0.15152
V390	0.2442	0.26983	0.38084	0.10513
V391	0.3228	0.15611	0.07059	0.45051
V392	0.31884	0.24861	0.18009	0.25246
V393	0.23239	0.253	0.30049	0.21412
V394	0.1239	0.24419	0.13879	0.49313
V395	0.19587	0.36677	0.19607	0.24129
V396	0.05819	0.7693	0.05552	0.11698
V397	0.58021	0.14481	0.1362	0.13879
V398	0.33666	0.18221	0.13075	0.35038
V399	0.17961	0.47683	0.16254	0.18102
V400	0.05597	0.49252	0.10069	0.35083
V401	0.08137	0.19885	0.55545	0.16432
V402	0.60496	0.2118	0.08021	0.10303
V403	0.08631	0.08571	0.1131	0.71488
V404	0.11684	0.2257	0.47866	0.17881
V405	0.2035	0.09884	0.1827	0.51495
V406	0.47399	0.27502	0.06455	0.18645
V407	0.05038	0.7879	0.05807	0.10365
V408	0.11783	0.25985	0.33	0.29231
V409	0.07789	0.07808	0.0794	0.76463
V410	0.11295	0.69747	0.07299	0.1166
V411	0.34587	0.06771	0.05634	0.53008
V412	0.16315	0.1385	0.40272	0.29563
V413	0.09384	0.4259	0.18243	0.29783
V414	0.07911	0.43976	0.286	0.19513
V415	0.3386	0.0984	0.23163	0.33136
V416	0.06431	0.13434	0.69535	0.106
V417	0.30291	0.54081	0.05285	0.10344
V418	0.11331	0.15185	0.16347	0.57137
V419	0.08335	0.0703	0.0864	0.75994
V420	0.05171	0.71336	0.06199	0.17294
V421	0.16306	0.11042	0.53155	0.19497
V422	0.09947	0.11152	0.07082	0.71818
V423	0.11153	0.09556	0.66711	0.1258
V424	0.0589	0.11773	0.48692	0.33645
V425	0.09379	0.25647	0.46443	0.1853
V426	0.11979	0.11464	0.60672	0.15885
V427	0.10181	0.36615	0.18956	0.34248
V428	0.11154	0.62607	0.09639	0.166
V429	0.08294	0.07115	0.09096	0.75495
V430	0.55604	0.21196	0.06651	0.1655
V431	0.17914	0.09613	0.37679	0.34793
V432	0.13724	0.14109	0.09726	0.6244
V433	0.09231	0.60186	0.0489	0.25693
V434	0.27356	0.13414	0.09878	0.49352
V435	0.38431	0.08053	0.15318	0.38198
V436	0.30351	0.08077	0.1481	0.46762
V437	0.20763	0.2466	0.0582	0.48757
V438	0.44895	0.20517	0.0778	0.26808
V439	0.09146	0.13968	0.07068	0.69819
V440	0.36796	0.10027	0.08582	0.44596
V441	0.10279	0.18055	0.46524	0.25142
V442	0.25254	0.33399	0.15692	0.25655
V443	0.55314	0.06991	0.13284	0.24411
V444	0.06461	0.09696	0.73095	0.10748
V445	0.46298	0.08614	0.31824	0.13265
V446	0.07692	0.6678	0.09654	0.15874
V447	0.46396	0.15467	0.19155	0.18982
V448	0.08047	0.12545	0.19512	0.59895
V449	0.42	0.10592	0.28359	0.19048
V450	0.14788	0.69509	0.06116	0.09587
V451	0.71721	0.10795	0.04711	0.12773
V452	0.09244	0.07981	0.11222	0.71554
V453	0.60277	0.13477	0.10946	0.153
V454	0.04983	0.74699	0.09256	0.11062
V455	0.44922	0.10021	0.29002	0.16055
V456	0.26119	0.17498	0.3323	0.23152
V457	0.07807	0.08354	0.07344	0.76495
V458	0.22783	0.24787	0.05703	0.46727
V459	0.06389	0.63843	0.12442	0.17326
V460	0.73252	0.06686	0.07828	0.12234
V461	0.10642	0.08976	0.07178	0.73204
V462	0.27558	0.26433	0.04947	0.41063
V463	0.21559	0.42531	0.16998	0.18912
V464	0.38181	0.15503	0.05577	0.40738
V465	0.30831	0.40109	0.07108	0.21952
V466	0.43166	0.22531	0.05374	0.2893
V467	0.2561	0.49844	0.1142	0.13125
V468	0.37425	0.38494	0.09461	0.14619
V469	0.07414	0.21193	0.2558	0.45813
V470	0.40278	0.17861	0.1929	0.22571
V471	0.2302	0.1561	0.08709	0.52661
V472	0.26057	0.32586	0.04864	0.36493
V473	0.12086	0.46825	0.29346	0.11743
V474	0.14447	0.06912	0.13993	0.64649
V475	0.17518	0.36844	0.11505	0.34133
V476	0.17185	0.08338	0.1038	0.64097
V477	0.4434	0.10345	0.21801	0.23515
V478	0.14338	0.50003	0.05451	0.30208
V479	0.06784	0.14677	0.61153	0.17386
V480	0.11477	0.30277	0.09031	0.49215
V481	0.15355	0.09254	0.63552	0.11839
V482	0.51292	0.2091	0.14134	0.13664
V483	0.14919	0.15703	0.11516	0.57862
V484	0.08573	0.11914	0.08443	0.7107
V485	0.13507	0.60541	0.05908	0.20044
V486	0.22696	0.2785	0.14979	0.34476
V487	0.1177	0.10488	0.12519	0.65223
V488	0.05495	0.08728	0.66801	0.18976
V489	0.19522	0.15814	0.53049	0.11615
V490	0.26752	0.31432	0.10968	0.30848
V491	0.33848	0.43331	0.07622	0.15199
V492	0.07056	0.67581	0.15042	0.10321
V493	0.08398	0.06989	0.06891	0.77722
V494	0.18305	0.20181	0.41615	0.19899
V495	0.19935	0.52947	0.15533	0.11585
V496	0.23385	0.58346	0.0465	0.1362
V497	0.06468	0.09064	0.73114	0.11353
V498	0.2593	0.15733	0.09806	0.48531
V499	0.45736	0.28758	0.14894	0.10611
V500	0.12372	0.17638	0.56215	0.13775
V501	0.07772	0.07094	0.09126	0.76008
V502	0.40545	0.29579	0.17105	0.12772
V503	0.18856	0.15514	0.20015	0.45615
V504	0.20598	0.58424	0.05957	0.15022
V505	0.18505	0.24419	0.23331	0.33745
V506	0.11673	0.26863	0.36581	0.24883
V507	0.44908	0.16041	0.15033	0.24018
V508	0.55634	0.21299	0.08679	0.14388
V509	0.20498	0.13047	0.41169	0.25286
V510	0.19981	0.4561	0.24068	0.10342
V511	0.09051	0.38009	0.08944	0.43996
V512	0.21761	0.11182	0.12118	0.54939
V513	0.10611	0.53734	0.2041	0.15244
V514	0.08214	0.11078	0.06718	0.7399
V515	0.56745	0.12406	0.09685	0.21164
V516	0.70192	0.13986	0.04603	0.11219
V517	0.09222	0.09554	0.23756	0.57469
V518	0.7449	0.08951	0.05152	0.11407
V519	0.07148	0.69394	0.05473	0.17985
V520	0.07979	0.07839	0.48899	0.35283
V521	0.42408	0.10835	0.33544	0.13213
V522	0.06195	0.18013	0.44955	0.30837
V523	0.2781	0.18104	0.24291	0.29795
V524	0.05525	0.62784	0.1922	0.12472
V525	0.22081	0.23438	0.07645	0.46836
V526	0.47117	0.14171	0.11672	0.2704
V527	0.19437	0.09479	0.34029	0.37056
V528	0.11937	0.69567	0.04854	0.13642
V529	0.10645	0.12517	0.21658	0.5518
V530	0.05883	0.23449	0.5205	0.18617
V531	0.06347	0.70383	0.13599	0.09671
V532	0.17104	0.31812	0.07568	0.43516
V533	0.23219	0.34107	0.15611	0.27063
V534	0.06372	0.08846	0.55176	0.29606
V535	0.42103	0.06136	0.06356	0.45405
V536	0.18863	0.07275	0.32363	0.415
V537	0.43652	0.28136	0.1703	0.11182
V538	0.34706	0.11844	0.12559	0.40891
V539	0.22373	0.39564	0.17028	0.21035
V540	0.18454	0.57611	0.10982	0.12953
V541	0.06933	0.44071	0.10177	0.38819
V542	0.18696	0.17991	0.23535	0.39778
V543	0.67003	0.06771	0.0617	0.20055
V544	0.13451	0.14599	0.18088	0.53862
V545	0.28602	0.1891	0.11063	0.41425
V546	0.08358	0.70891	0.10469	0.10282
V547	0.07819	0.53332	0.27832	0.11018
V548	0.15515	0.62651	0.1166	0.10174
V549	0.2675	0.10163	0.51281	0.11806
V550	0.44138	0.09093	0.05112	0.41656
V551	0.17217	0.60887	0.0764	0.14256
V552	0.05747	0.45612	0.05923	0.42718
V553	0.20133	0.19571	0.48064	0.12232
V554	0.10348	0.13288	0.08336	0.68028
V555	0.11837	0.25172	0.28633	0.34359
V556	0.05685	0.10344	0.70497	0.13474
V557	0.61198	0.0918	0.0587	0.23753
V558	0.09867	0.63599	0.0712	0.19414
V559	0.05608	0.65498	0.19172	0.09722
V560	0.5201	0.32669	0.04753	0.10568
V561	0.05956	0.09795	0.72911	0.11338
V562	0.58268	0.07092	0.1539	0.1925
V563	0.21751	0.08261	0.58859	0.11129
V564	0.09663	0.14092	0.64461	0.11783
V565	0.13926	0.27528	0.31504	0.27041
V566	0.51446	0.15517	0.05277	0.27761
V567	0.19589	0.40562	0.07265	0.32584
V568	0.21901	0.07473	0.10274	0.60352
V569	0.5081	0.08977	0.04984	0.35228
V570	0.07438	0.29347	0.47717	0.15498
V571	0.61452	0.17936	0.04548	0.16064
V572	0.34303	0.08051	0.38567	0.19079
V573	0.10749	0.20044	0.0635	0.62857
V574	0.07776	0.63587	0.17644	0.10993
V575	0.08088	0.13639	0.15199	0.63074
V576	0.15697	0.65746	0.0776	0.10796
V577	0.09257	0.10997	0.21107	0.58639
V578	0.09639	0.13498	0.52332	0.24532
V579	0.0573	0.70207	0.12401	0.11662
V580	0.16514	0.07688	0.14424	0.61374
V581	0.11075	0.12449	0.06449	0.70027
V582	0.42667	0.19589	0.07921	0.29823
V583	0.06553	0.11769	0.46535	0.35144
V584	0.38493	0.20473	0.27321	0.13713
V585	0.06936	0.08334	0.37344	0.47386
V586	0.21163	0.08627	0.51926	0.18284
V587	0.23268	0.08876	0.54686	0.1317
V588	0.46505	0.10604	0.07674	0.35216
V589	0.09033	0.65366	0.10488	0.15113
V590	0.08436	0.62068	0.1914	0.10357
V591	0.06934	0.10227	0.20391	0.62448
V592	0.16166	0.10667	0.6274	0.10428
V593	0.43792	0.0677	0.20026	0.29412
V594	0.26569	0.29946	0.29274	0.14211
V595	0.08833	0.0838	0.07904	0.74883
V596	0.08445	0.28765	0.21295	0.41495
V597	0.0502	0.48963	0.29304	0.16713
V598	0.06896	0.17063	0.64184	0.11857
V599	0.46486	0.33158	0.07621	0.12735
V600	0.27948	0.43164	0.09279	0.19609
V601	0.16437	0.28207	0.11752	0.43605
V602	0.08874	0.08313	0.07328	0.75486
V603	0.06899	0.34376	0.06637	0.52089
V604	0.38506	0.17463	0.30941	0.1309
V605	0.10206	0.32115	0.32921	0.24758
V606	0.53508	0.20296	0.05961	0.20235
V607	0.48049	0.08126	0.14372	0.29453
V608	0.19781	0.2064	0.32344	0.27235
V609	0.07961	0.25633	0.22021	0.44385
V610	0.56799	0.08761	0.13208	0.21232
V611	0.24747	0.07275	0.10161	0.57817
V612	0.07684	0.15453	0.61029	0.15834
V613	0.07997	0.32268	0.46201	0.13535
V614	0.55965	0.12363	0.09658	0.22014
V615	0.15255	0.10907	0.06913	0.66924
V616	0.10534	0.57802	0.08549	0.23116
V617	0.3613	0.20661	0.33105	0.10104
V618	0.54368	0.06885	0.04928	0.33819
V619	0.30061	0.09958	0.29176	0.30806
V620	0.05797	0.54749	0.29133	0.10321
V621	0.32186	0.20251	0.18479	0.29085
V622	0.27945	0.25312	0.33824	0.12919
V623	0.08047	0.13079	0.16388	0.62486
V624	0.59731	0.23574	0.04529	0.12166
V625	0.22307	0.43993	0.12775	0.20925
V626	0.74624	0.08106	0.05163	0.12108
V627	0.07554	0.08562	0.11359	0.72525
V628	0.06794	0.23607	0.07307	0.62292
V629	0.14034	0.29778	0.24812	0.31376
V630	0.08114	0.3226	0.45527	0.14099
V631	0.07815	0.21932	0.13466	0.56787
V632	0.43636	0.06657	0.16647	0.3306
V633	0.05473	0.10746	0.63525	0.20257
V634	0.3079	0.2839	0.30164	0.10657
V635	0.07267	0.61542	0.0557	0.2562
V636	0.14026	0.16517	0.4946	0.19997
V637	0.24888	0.22955	0.12439	0.39718
V638	0.28933	0.27578	0.11047	0.32442
V639	0.22727	0.39546	0.27971	0.09756
V640	0.0809	0.19986	0.57481	0.14444
V641	0.66902	0.10028	0.07538	0.15532
V642	0.57041	0.21838	0.04565	0.16557
V643	0.0636	0.22257	0.36501	0.34881
V644	0.69555	0.13138	0.05398	0.11909
V645	0.22199	0.38152	0.27853	0.11796
V646	0.05632	0.78338	0.05669	0.10361
V647	0.15335	0.15202	0.544	0.15063
V648	0.3145	0.40374	0.1573	0.12446
V649	0.07506	0.13357	0.63945	0.15192
V650	0.09597	0.15412	0.59133	0.15858
V651	0.26046	0.07905	0.54795	0.11254
V652	0.12081	0.15294	0.3601	0.36616
V653	0.13703	0.54782	0.1283	0.18685
V654	0.51218	0.23857	0.10008	0.14917
V655	0.08142	0.48416	0.06776	0.36665
V656	0.19287	0.27872	0.06407	0.46434
V657	0.08704	0.11944	0.07042	0.7231
V658	0.43837	0.2448	0.10102	0.21581
V659	0.26283	0.15256	0.31582	0.26878
V660	0.07122	0.7623	0.04981	0.11667
V661	0.09645	0.38142	0.09576	0.42637
V662	0.3196	0.08894	0.40097	0.19049
V663	0.21115	0.14058	0.45397	0.1943
V664	0.19002	0.13514	0.53048	0.14436
V665	0.5048	0.22926	0.08585	0.18009
V666	0.43621	0.06495	0.13922	0.35961
V667	0.5802	0.12936	0.18553	0.10491
V668	0.13276	0.65456	0.11713	0.09555
V669	0.20162	0.38134	0.23409	0.18295
V670	0.10541	0.72897	0.04925	0.11636
V671	0.2805	0.29875	0.24282	0.17793
V672	0.06899	0.10289	0.69371	0.13442
V673	0.20331	0.35118	0.21906	0.22644
V674	0.52872	0.19605	0.06605	0.20918
V675	0.14676	0.32123	0.27676	0.25524
V676	0.08621	0.15857	0.13806	0.61716
V677	0.29407	0.3798	0.12815	0.19797
V678	0.39297	0.44473	0.05787	0.10442
V679	0.08745	0.30871	0.49025	0.1136
V680	0.24956	0.47851	0.15582	0.11611
V681	0.68222	0.12205	0.06096	0.13477
V682	0.12959	0.29935	0.43663	0.13444
V683	0.05652	0.78155	0.06441	0.09753
V684	0.51393	0.20842	0.12752	0.15013
V685	0.36793	0.34234	0.14887	0.14086
V686	0.12481	0.21507	0.16597	0.49415
V687	0.08858	0.0773	0.07858	0.75554
V688	0.29216	0.45897	0.04673	0.20214
V689	0.22711	0.0647	0.09836	0.60984
V690	0.358	0.11192	0.37122	0.15886
V691	0.16101	0.08435	0.64229	0.11236
V692	0.1103	0.19114	0.54157	0.15698
V693	0.20616	0.16726	0.31522	0.31136
V694	0.07273	0.09558	0.26713	0.56457
V695	0.21796	0.07602	0.17651	0.52951
V696	0.1175	0.13283	0.07398	0.67569
V697	0.08213	0.10346	0.07313	0.74129
V698	0.61879	0.06696	0.06168	0.25256
V699	0.41379	0.30119	0.10677	0.17825
V700	0.21236	0.08775	0.06561	0.63429
V701	0.12988	0.45343	0.13514	0.28155
V702	0.40352	0.13917	0.06371	0.39361
V703	0.1495	0.12327	0.39565	0.33158
V704	0.61161	0.10776	0.0749	0.20573
V705	0.74088	0.06062	0.06287	0.13562
V706	0.11134	0.1222	0.59239	0.17407
V707	0.07988	0.38844	0.39777	0.1339
V708	0.07756	0.6967	0.06656	0.15918
V709	0.14604	0.27832	0.41497	0.16066
V710	0.43794	0.24421	0.09488	0.22297
V711	0.11199	0.64172	0.12298	0.12331
V712	0.61218	0.11367	0.05249	0.22166
V713	0.32586	0.30828	0.07875	0.2871
V714	0.06093	0.5507	0.06711	0.32126
V715	0.24539	0.33157	0.26918	0.15387
V716	0.09272	0.09699	0.09585	0.71444
V717	0.10539	0.73549	0.04884	0.11027
V718	0.15185	0.47771	0.18184	0.1886
V719	0.09322	0.57725	0.07772	0.25181
V720	0.52502	0.0687	0.23706	0.16922
V721	0.13975	0.20752	0.38087	0.27186
V722	0.12131	0.32377	0.06456	0.49035
V723	0.13809	0.13221	0.06689	0.66281
V724	0.42875	0.09277	0.12648	0.352
V725	0.05601	0.15521	0.65621	0.13257
V726	0.08341	0.35199	0.14523	0.41937
V727	0.22663	0.54947	0.12261	0.1013
V728	0.07129	0.70231	0.12308	0.10332
V729	0.31777	0.08174	0.1826	0.41788
V730	0.67998	0.09333	0.09235	0.13434
V731	0.07757	0.22946	0.32941	0.36356
V732	0.27702	0.14466	0.30935	0.26898
V733	0.46937	0.22897	0.07735	0.22431
V734	0.20726	0.30781	0.38029	0.10465
V735	0.07436	0.09946	0.39459	0.43159
V736	0.16011	0.07446	0.07085	0.69458
V737	0.26081	0.29846	0.22745	0.21328
V738	0.11065	0.32113	0.36429	0.20393
V739	0.05989	0.08514	0.48093	0.37404
V740	0.62873	0.14227	0.11004	0.11896
V741	0.36	0.16041	0.15147	0.32813
V742	0.31761	0.52721	0.059	0.09619
V743	0.14528	0.19031	0.54099	0.12342
V744	0.39011	0.1065	0.30617	0.19722
V745	0.0634	0.56487	0.183	0.18873
V746	0.77169	0.06059	0.05234	0.11539
V747	0.09799	0.08045	0.55316	0.2684
V748	0.13993	0.16332	0.45922	0.23754
V749	0.23566	0.21211	0.09676	0.45546
V750	0.31448	0.42364	0.06512	0.19677
V751	0.08332	0.69056	0.08157	0.14455
V752	0.34163	0.25672	0.15618	0.24547
V753	0.08372	0.07708	0.06741	0.77179
V754	0.05907	0.74003	0.04991	0.15098
V755	0.15538	0.22898	0.29301	0.32263
V756	0.08777	0.0784	0.0954	0.73842
V757	0.27026	0.50557	0.10147	0.1227
V758	0.08354	0.61354	0.1438	0.15912
V759	0.14483	0.12874	0.3374	0.38903
V760	0.24421	0.12629	0.25718	0.37232
V761	0.09836	0.48655	0.24745	0.16764
V762	0.06261	0.35099	0.06616	0.52024
V763	0.29539	0.34577	0.07307	0.28577
V764	0.05901	0.73433	0.05554	0.15112
V765	0.49272	0.14704	0.04595	0.31429
V766	0.06747	0.31375	0.35765	0.26113
V767	0.35858	0.18052	0.23528	0.22561
V768	0.08996	0.72534	0.06718	0.11753
V769	0.14949	0.67096	0.07182	0.10773
V770	0.05632	0.78338	0.05669	0.10361
V771	0.16835	0.09184	0.6216	0.11821
V772	0.14651	0.11482	0.62735	0.11131
V773	0.16297	0.67399	0.05559	0.10744
V774	0.06966	0.08997	0.70589	0.13449
V775	0.14152	0.11098	0.25644	0.49106
V776	0.32232	0.39328	0.09351	0.1909
V777	0.17489	0.16665	0.16115	0.49731
V778	0.39293	0.29316	0.10792	0.20598
V779	0.17116	0.11454	0.40356	0.31074
V780	0.12771	0.62768	0.14885	0.09576
V781	0.10007	0.08967	0.08572	0.72453
V782	0.06059	0.17753	0.60346	0.15842
V783	0.5815	0.08523	0.09678	0.23648
V784	0.12534	0.71185	0.06034	0.10248
V785	0.07872	0.74261	0.06155	0.11713
V786	0.52743	0.20781	0.1212	0.14357
V787	0.05138	0.67588	0.16947	0.10327
V788	0.37551	0.31167	0.17113	0.1417
V789	0.10753	0.34092	0.07597	0.47558
V790	0.34712	0.09425	0.12035	0.43828
V791	0.1457	0.35253	0.28305	0.21871
V792	0.14452	0.46284	0.05421	0.33844
V793	0.13582	0.54267	0.07678	0.24474
V794	0.08992	0.14661	0.59781	0.16566
V795	0.13883	0.10426	0.10408	0.65283
V796	0.07619	0.14726	0.65081	0.12575
V797	0.57407	0.06826	0.23675	0.12093
V798	0.45751	0.30933	0.11379	0.11938
V799	0.1424	0.62766	0.07178	0.15817
V800	0.10641	0.10072	0.41687	0.376
V801	0.15091	0.17352	0.28668	0.3889
V802	0.09005	0.14288	0.24936	0.51771
V803	0.19908	0.45653	0.24799	0.09641
V804	0.39662	0.08796	0.34923	0.16619
V805	0.06479	0.09116	0.73657	0.10747
V806	0.08418	0.72327	0.06192	0.13063
V807	0.22189	0.19385	0.08632	0.49794
V808	0.48669	0.29137	0.08714	0.1348
V809	0.08423	0.1105	0.69886	0.10641
V810	0.05624	0.78908	0.05114	0.10354
V811	0.32255	0.14066	0.20747	0.32932
V812	0.3993	0.28284	0.09559	0.22228
V813	0.43755	0.2354	0.19745	0.12959
V814	0.33418	0.47444	0.08762	0.10376
V815	0.0501	0.7347	0.11186	0.10334
V816	0.72345	0.06177	0.10592	0.10886
V817	0.07708	0.14082	0.66334	0.11876
V818	0.07558	0.10486	0.09006	0.7295
V819	0.61627	0.14244	0.09557	0.14572
V820	0.15028	0.14587	0.08128	0.62257
V821	0.19493	0.31532	0.32962	0.16013
V822	0.10451	0.10193	0.66786	0.1257
V823	0.076	0.22698	0.51815	0.17887
V824	0.11498	0.3517	0.43433	0.09899
V825	0.1976	0.29831	0.23271	0.27139
V826	0.32914	0.38894	0.17107	0.11085
V827	0.29808	0.52072	0.05828	0.12292
V828	0.20086	0.2064	0.13813	0.45462
V829	0.08963	0.25478	0.08774	0.56785
V830	0.20037	0.24874	0.07808	0.47281
V831	0.56733	0.14956	0.07898	0.20412
V832	0.2238	0.37293	0.17696	0.22631
V833	0.15219	0.4412	0.18176	0.22485
V834	0.24526	0.13528	0.11967	0.49979
V835	0.27965	0.41085	0.14193	0.16757
V836	0.06108	0.55609	0.05557	0.32726
V837	0.19599	0.35872	0.18944	0.25585
V838	0.70846	0.09895	0.07941	0.11319
V839	0.24818	0.52039	0.129	0.10243
V840	0.24582	0.60482	0.05375	0.09561
V841	0.05538	0.11736	0.67405	0.15321
V842	0.27671	0.21357	0.24212	0.2676
V843	0.06839	0.10099	0.66265	0.16797
V844	0.13567	0.15152	0.32407	0.38873
V845	0.10219	0.16942	0.56993	0.15846
V846	0.05737	0.09126	0.58421	0.26716
V847	0.0787	0.07044	0.07404	0.77682
V848	0.11472	0.44077	0.17679	0.26772
V849	0.05123	0.76304	0.05593	0.1298
V850	0.75373	0.0606	0.06318	0.12249
V851	0.27001	0.47075	0.16258	0.09665
V852	0.13683	0.11461	0.15693	0.59163
V853	0.21045	0.2534	0.33763	0.19852
V854	0.4325	0.21596	0.13468	0.21687
V855	0.0787	0.07044	0.07404	0.77682
V856	0.0869	0.33584	0.30095	0.27631
V857	0.49317	0.22186	0.07621	0.20876
V858	0.42232	0.07872	0.38653	0.11243
V859	0.48139	0.26742	0.06465	0.18654
V860	0.18298	0.16402	0.10009	0.55291
V861	0.11521	0.33782	0.43511	0.11187
V862	0.14589	0.15209	0.55756	0.14446
V863	0.19228	0.11522	0.06062	0.63188
V864	0.11197	0.09766	0.10017	0.6902
V865	0.14262	0.08016	0.25056	0.52666
V866	0.54411	0.08536	0.2502	0.12032
V867	0.54411	0.0931	0.2501	0.11269
V868	0.37713	0.29608	0.15581	0.17097
V869	0.06404	0.7769	0.05553	0.10353
V870	0.12989	0.32452	0.07015	0.47544
V871	0.05123	0.76304	0.05593	0.1298
V872	0.0747	0.08913	0.23663	0.59954
V873	0.6674	0.09403	0.09779	0.14078
V874	0.18453	0.64869	0.07134	0.09545
V875	0.07509	0.22461	0.19984	0.50046
V876	0.15978	0.32112	0.34306	0.17604
V877	0.08727	0.3671	0.26209	0.28354
V878	0.14113	0.65983	0.10385	0.09518
V879	0.17904	0.57164	0.08417	0.16515
V880	0.24982	0.48121	0.05266	0.21631
V881	0.15591	0.11667	0.47478	0.25264
V882	0.59711	0.0639	0.16056	0.17843
V883	0.23573	0.23132	0.43246	0.10049
V884	0.07861	0.27529	0.05471	0.59139
V885	0.53111	0.24637	0.12049	0.10203
V886	0.06515	0.34445	0.37961	0.2108
V887	0.46466	0.13003	0.17817	0.22713
V888	0.12595	0.12058	0.57194	0.18153
V889	0.69489	0.10808	0.0701	0.12694
V890	0.08319	0.19562	0.47838	0.24281
V891	0.46324	0.11635	0.27491	0.14551
V892	0.23526	0.21672	0.06529	0.48273
V893	0.42424	0.25047	0.17036	0.15493
V894	0.09991	0.30847	0.45638	0.13523
V895	0.43521	0.13057	0.20746	0.22676
V896	0.0787	0.74857	0.05577	0.11697
V897	0.5098	0.28172	0.05349	0.15498
V898	0.36189	0.0613	0.06055	0.51626
V899	0.08206	0.22152	0.16092	0.5355
V900	0.11005	0.29783	0.30824	0.28388
V901	0.07861	0.66723	0.05497	0.19919
V902	0.08336	0.72224	0.0917	0.10271
V903	0.05577	0.38286	0.4207	0.14067
V904	0.06414	0.78191	0.05065	0.1033
V905	0.16468	0.0705	0.18929	0.57553
V906	0.30874	0.15246	0.13742	0.40138
V907	0.32806	0.46166	0.06582	0.14446
V908	0.08026	0.10631	0.112	0.70142
V909	0.14165	0.65342	0.04735	0.15758
V910	0.17163	0.06936	0.15116	0.60785
V911	0.38236	0.37895	0.07697	0.16172
V912	0.29551	0.32672	0.14924	0.22852
V913	0.14148	0.06791	0.0721	0.71851
V914	0.17236	0.43419	0.26211	0.13133
V915	0.20722	0.06494	0.06707	0.66076
V916	0.21774	0.12714	0.51041	0.14471
V917	0.52388	0.09744	0.1872	0.19148
V918	0.08521	0.52089	0.21941	0.17449
V919	0.18407	0.25982	0.26264	0.29348
V920	0.44574	0.23882	0.12848	0.18696
V921	0.08801	0.19322	0.08427	0.6345
V922	0.1205	0.4109	0.32934	0.13926
V923	0.11942	0.08345	0.09534	0.70179
V924	0.07835	0.54844	0.24818	0.12504
V925	0.17888	0.09527	0.07311	0.65274
V926	0.1925	0.08851	0.08613	0.63286
V927	0.08653	0.09766	0.10106	0.71476
V928	0.08303	0.71073	0.05446	0.15179
V929	0.09176	0.527	0.14967	0.23156
V930	0.37557	0.36308	0.0768	0.18455
V931	0.14565	0.28623	0.40787	0.16026
V932	0.08391	0.17176	0.4718	0.27253
V933	0.44671	0.38335	0.05901	0.11092
V934	0.0684	0.19589	0.24959	0.48612
V935	0.41072	0.21317	0.21225	0.16386
V936	0.3854	0.29111	0.06537	0.25812
V937	0.39653	0.18112	0.1243	0.29805
V938	0.29275	0.11685	0.28343	0.30697
V939	0.55299	0.0858	0.11779	0.24341
V940	0.07079	0.63363	0.16451	0.13107
V941	0.05985	0.09081	0.73585	0.11349
V942	0.54067	0.23036	0.10778	0.12118
V943	0.30321	0.18339	0.36318	0.15021
V944	0.07696	0.27141	0.10575	0.54588
V945	0.41212	0.353	0.05772	0.17716
V946	0.33716	0.28329	0.24324	0.13631
V947	0.12042	0.11785	0.22314	0.53858
V948	0.27471	0.10158	0.49961	0.1241
V949	0.06488	0.16326	0.20284	0.56903
V950	0.09316	0.45713	0.203	0.24671
V951	0.62408	0.08159	0.1806	0.11373
V952	0.10971	0.18135	0.24138	0.46756
V953	0.06876	0.12677	0.67103	0.13344
V954	0.08829	0.21432	0.16099	0.5364
V955	0.13638	0.5031	0.07254	0.28798
V956	0.08635	0.10035	0.41639	0.39691
V957	0.27411	0.07874	0.0569	0.59025
V958	0.08398	0.06989	0.06891	0.77722
V959	0.20249	0.27667	0.3602	0.16063
V960	0.2049	0.28328	0.11767	0.39416
V961	0.14463	0.35827	0.30078	0.19632
V962	0.28123	0.21534	0.33997	0.16345
V963	0.43184	0.21782	0.17764	0.1727
V964	0.62555	0.09614	0.13738	0.14093
V965	0.09359	0.4347	0.18879	0.28292
V966	0.74688	0.07407	0.05689	0.12216
V967	0.09924	0.11658	0.42357	0.36061
V968	0.0534	0.19952	0.58911	0.15797
V969	0.07108	0.28445	0.08644	0.55803
V970	0.08532	0.17638	0.3515	0.3868
V971	0.37212	0.15085	0.3029	0.17412
V972	0.37272	0.2371	0.0938	0.29637
V973	0.22352	0.38501	0.1148	0.27667
V974	0.05722	0.62621	0.15034	0.16623
V975	0.12282	0.29427	0.47681	0.1061
V976	0.32589	0.27184	0.14326	0.259
V977	0.25728	0.34415	0.29446	0.10411
V978	0.10926	0.14222	0.11058	0.63793
V979	0.60314	0.08443	0.19874	0.11369
V980	0.77169	0.06059	0.05234	0.11539
V981	0.26959	0.10359	0.37196	0.25486
V982	0.3294	0.37877	0.11504	0.17678
V983	0.51588	0.12294	0.05325	0.30792
V984	0.06524	0.66907	0.13503	0.13066
V985	0.11319	0.21586	0.06231	0.60864
V986	0.25782	0.46093	0.09264	0.18862
V987	0.21106	0.62541	0.04792	0.11561
V988	0.19952	0.08111	0.0724	0.64697
V989	0.33593	0.43159	0.11507	0.1174
V990	0.05376	0.12198	0.6064	0.21786
V991	0.48302	0.35812	0.0472	0.11166
V992	0.19254	0.08198	0.42748	0.29801
V993	0.09731	0.58821	0.17668	0.1378
V994	0.17793	0.64233	0.0718	0.10794
V995	0.53591	0.16569	0.07951	0.2189
V996	0.23015	0.17073	0.06582	0.5333
V997	0.07001	0.09323	0.6341	0.20267
V998	0.65463	0.07745	0.11229	0.15563
V999	0.13249	0.71708	0.04836	0.10207
V1000	0.26123	0.08544	0.05714	0.59619
