CD19B	CD56NK	CD4MemoryT	CD14
V1	0.42188	0.07168	0.21731	0.28912
V2	0.16377	0.1462	0.13058	0.55945
V3	0.08121	0.53299	0.09233	0.29347
V4	0.64603	0.15104	0.08988	0.11306
V5	0.12026	0.42993	0.25462	0.19518
V6	0.08508	0.7158	0.09868	0.10044
V7	0.14845	0.3455	0.14633	0.35973
V8	0.1487	0.08689	0.64553	0.11888
V9	0.20941	0.25636	0.11872	0.41551
V10	0.07037	0.09582	0.70146	0.13235
V11	0.18448	0.34517	0.37936	0.09099
V12	0.06037	0.50989	0.33469	0.09505
V13	0.21466	0.59673	0.08737	0.10124
V14	0.07893	0.74645	0.0881	0.08652
V15	0.12367	0.51448	0.1687	0.19315
V16	0.67844	0.08593	0.11211	0.12353
V17	0.09232	0.71512	0.09225	0.10031
V18	0.42018	0.33826	0.12205	0.11951
V19	0.14153	0.67735	0.08847	0.09264
V20	0.15701	0.41786	0.10064	0.3245
V21	0.14734	0.1182	0.61711	0.11735
V22	0.08124	0.1542	0.22897	0.53558
V23	0.31091	0.09904	0.49082	0.09923
V24	0.71375	0.06864	0.12035	0.09727
V25	0.27013	0.25893	0.17955	0.29138
V26	0.29634	0.36917	0.10193	0.23256
V27	0.13736	0.11753	0.10968	0.63543
V28	0.06144	0.10424	0.74233	0.09199
V29	0.34869	0.08676	0.44382	0.12073
V30	0.12359	0.24629	0.27215	0.35796
V31	0.18768	0.22869	0.28603	0.2976
V32	0.12471	0.09938	0.11746	0.65845
V33	0.07569	0.44509	0.3229	0.15633
V34	0.14754	0.10301	0.63112	0.11833
V35	0.14618	0.60423	0.14271	0.10688
V36	0.07029	0.11122	0.41039	0.4081
V37	0.4094	0.12754	0.16192	0.30114
V38	0.34043	0.06907	0.2181	0.3724
V39	0.15255	0.49154	0.17511	0.1808
V40	0.10032	0.68158	0.13706	0.08104
V41	0.04789	0.57038	0.1163	0.26543
V42	0.21201	0.10069	0.23742	0.44988
V43	0.13744	0.33199	0.41915	0.11142
V44	0.06864	0.13959	0.58133	0.21045
V45	0.10872	0.50926	0.23342	0.14861
V46	0.59681	0.11764	0.18587	0.09969
V47	0.34159	0.22127	0.30843	0.12871
V48	0.59594	0.19895	0.09421	0.1109
V49	0.53992	0.21656	0.08695	0.15657
V50	0.07912	0.68954	0.1439	0.08744
V51	0.24718	0.37741	0.26389	0.11153
V52	0.07467	0.16265	0.64559	0.11708
V53	0.5455	0.16026	0.20192	0.09231
V54	0.32524	0.22286	0.34367	0.10822
V55	0.19808	0.18031	0.25396	0.36765
V56	0.10479	0.09264	0.15285	0.64972
V57	0.09875	0.70927	0.0989	0.09308
V58	0.48427	0.06488	0.12821	0.32265
V59	0.32254	0.38595	0.16615	0.12536
V60	0.14861	0.1998	0.30641	0.34517
V61	0.59421	0.14566	0.10086	0.15927
V62	0.66065	0.08063	0.15046	0.10825
V63	0.04665	0.68461	0.1681	0.10064
V64	0.0417	0.70125	0.0809	0.17615
V65	0.0874	0.08735	0.16047	0.66479
V66	0.17957	0.58706	0.09897	0.13439
V67	0.15158	0.32338	0.42812	0.09692
V68	0.16739	0.1887	0.11137	0.53254
V69	0.06835	0.31324	0.49346	0.12495
V70	0.40472	0.19084	0.22196	0.18248
V71	0.17278	0.1372	0.3425	0.34751
V72	0.42641	0.19524	0.1609	0.21745
V73	0.14381	0.52643	0.18153	0.14823
V74	0.09212	0.24598	0.57473	0.08717
V75	0.53637	0.05731	0.23861	0.16771
V76	0.06484	0.21549	0.21283	0.50685
V77	0.08709	0.29574	0.0969	0.52027
V78	0.25531	0.16792	0.22209	0.35468
V79	0.05955	0.15662	0.62672	0.15712
V80	0.29304	0.08318	0.46485	0.15893
V81	0.09457	0.20076	0.60979	0.09488
V82	0.06008	0.12615	0.71604	0.09773
V83	0.15203	0.21508	0.14463	0.48826
V84	0.31582	0.10819	0.21118	0.3648
V85	0.12471	0.31774	0.35223	0.20532
V86	0.09201	0.11467	0.66834	0.12497
V87	0.05874	0.68301	0.12503	0.13323
V88	0.17589	0.12879	0.27348	0.42183
V89	0.08778	0.09463	0.23085	0.58674
V90	0.05202	0.72834	0.12493	0.09472
V91	0.06059	0.61988	0.21166	0.10787
V92	0.36069	0.08622	0.36226	0.19083
V93	0.66756	0.06364	0.09342	0.17538
V94	0.06349	0.41231	0.10243	0.42177
V95	0.21203	0.40019	0.19786	0.18991
V96	0.11984	0.15547	0.11333	0.61136
V97	0.51252	0.14774	0.24193	0.09781
V98	0.51112	0.29993	0.08841	0.10054
V99	0.59994	0.09233	0.2062	0.10153
V100	0.11251	0.09998	0.67524	0.11226
V101	0.09062	0.10173	0.10167	0.70598
V102	0.6983	0.09206	0.10015	0.10949
V103	0.08425	0.11488	0.15839	0.64248
V104	0.05197	0.77296	0.08794	0.08713
V105	0.07011	0.749	0.09411	0.08679
V106	0.12378	0.45667	0.30419	0.11535
V107	0.17736	0.23238	0.46264	0.12761
V108	0.13748	0.63015	0.15084	0.08153
V109	0.06809	0.20814	0.47468	0.24909
V110	0.07188	0.71576	0.11184	0.10052
V111	0.69539	0.04779	0.15291	0.10391
V112	0.15194	0.13128	0.37605	0.34072
V113	0.1862	0.1632	0.21594	0.43466
V114	0.22694	0.11376	0.15275	0.50655
V115	0.04233	0.63171	0.23795	0.088
V116	0.14699	0.31535	0.33187	0.20579
V117	0.49615	0.26582	0.11527	0.12276
V118	0.15296	0.50351	0.10916	0.23437
V119	0.14702	0.13924	0.13087	0.58287
V120	0.11026	0.1303	0.65585	0.10358
V121	0.44192	0.17297	0.16037	0.22474
V122	0.72912	0.05315	0.10694	0.1108
V123	0.05335	0.45866	0.1205	0.3675
V124	0.48624	0.29472	0.08559	0.13344
V125	0.29444	0.38835	0.21296	0.10426
V126	0.09394	0.19461	0.12992	0.58154
V127	0.1762	0.11779	0.26938	0.43663
V128	0.09564	0.09187	0.1736	0.63888
V129	0.42643	0.25022	0.20698	0.11637
V130	0.04332	0.56081	0.30777	0.0881
V131	0.0503	0.72854	0.08077	0.14038
V132	0.70895	0.05374	0.1201	0.11721
V133	0.68779	0.0626	0.14044	0.10916
V134	0.12501	0.37148	0.17743	0.32608
V135	0.12658	0.09795	0.21821	0.55727
V136	0.20674	0.37808	0.0961	0.31908
V137	0.48983	0.09341	0.27029	0.14647
V138	0.18507	0.38034	0.21026	0.22432
V139	0.27796	0.23819	0.22641	0.25744
V140	0.09359	0.15145	0.132	0.62296
V141	0.1013	0.20589	0.44278	0.25004
V142	0.60388	0.05446	0.24666	0.095
V143	0.32393	0.27724	0.14259	0.25624
V144	0.17153	0.20146	0.20817	0.41884
V145	0.03701	0.63777	0.23676	0.08846
V146	0.11263	0.09431	0.11875	0.67431
V147	0.68703	0.07046	0.11218	0.13033
V148	0.1486	0.14102	0.47283	0.23755
V149	0.2158	0.45853	0.23605	0.08963
V150	0.11283	0.26707	0.47429	0.14581
V151	0.17631	0.54067	0.10885	0.17417
V152	0.19611	0.41026	0.23537	0.15826
V153	0.10917	0.62647	0.09768	0.16667
V154	0.20418	0.4163	0.26927	0.11025
V155	0.35972	0.18748	0.28903	0.16377
V156	0.08085	0.19363	0.54496	0.18056
V157	0.25246	0.20324	0.30097	0.24333
V158	0.09102	0.08993	0.11188	0.70717
V159	0.66458	0.10899	0.09154	0.13489
V160	0.51924	0.065	0.14735	0.26841
V161	0.21015	0.0844	0.12033	0.58511
V162	0.10229	0.30856	0.14882	0.44033
V163	0.11321	0.44237	0.20222	0.2422
V164	0.26694	0.31263	0.16583	0.25459
V165	0.07158	0.28141	0.09036	0.55665
V166	0.08003	0.15945	0.14344	0.61707
V167	0.29582	0.07037	0.10159	0.53222
V168	0.22747	0.50139	0.14406	0.12709
V169	0.19132	0.12172	0.12599	0.56096
V170	0.13656	0.09993	0.4415	0.32201
V171	0.14028	0.26499	0.47517	0.11956
V172	0.54687	0.05828	0.29305	0.1018
V173	0.08917	0.19407	0.12517	0.5916
V174	0.07963	0.2116	0.14657	0.56221
V175	0.10682	0.08837	0.62047	0.18434
V176	0.04132	0.67137	0.1989	0.08841
V177	0.03828	0.78441	0.08316	0.09415
V178	0.04354	0.63953	0.08646	0.23047
V179	0.17657	0.0891	0.35076	0.38357
V180	0.05302	0.7281	0.13782	0.08107
V181	0.16751	0.18542	0.44509	0.20199
V182	0.24965	0.2198	0.39705	0.1335
V183	0.15522	0.66936	0.08854	0.08688
V184	0.75266	0.04527	0.10318	0.09889
V185	0.42208	0.38775	0.09738	0.09279
V186	0.12664	0.43595	0.26185	0.17557
V187	0.72215	0.05347	0.12004	0.10433
V188	0.10537	0.25778	0.09075	0.5461
V189	0.60914	0.07583	0.1074	0.20763
V190	0.5039	0.06961	0.32553	0.10096
V191	0.17678	0.23938	0.46272	0.12112
V192	0.23961	0.42792	0.12261	0.20986
V193	0.45624	0.09479	0.26373	0.18523
V194	0.05746	0.75381	0.08843	0.1003
V195	0.06602	0.10407	0.73173	0.09817
V196	0.08637	0.13646	0.10529	0.67188
V197	0.32999	0.11231	0.11698	0.44072
V198	0.08945	0.45224	0.32964	0.12867
V199	0.178	0.10191	0.21825	0.50184
V200	0.13144	0.49479	0.09908	0.27469
V201	0.11124	0.48889	0.21199	0.18788
V202	0.07237	0.09899	0.61036	0.21828
V203	0.15539	0.39747	0.34361	0.10352
V204	0.05264	0.4769	0.09167	0.37878
V205	0.07075	0.1247	0.69916	0.1054
V206	0.09038	0.15404	0.65997	0.09561
V207	0.15102	0.22907	0.13227	0.48765
V208	0.22562	0.12873	0.54225	0.1034
V209	0.23928	0.42656	0.13887	0.19529
V210	0.09374	0.63571	0.15065	0.1199
V211	0.33921	0.08221	0.12252	0.45606
V212	0.39556	0.10023	0.39321	0.111
V213	0.47708	0.08942	0.17814	0.25536
V214	0.26694	0.20578	0.20806	0.31921
V215	0.25047	0.15587	0.1083	0.48536
V216	0.10212	0.08856	0.1117	0.69762
V217	0.07726	0.44593	0.24057	0.23624
V218	0.11466	0.4116	0.20288	0.27085
V219	0.11397	0.54775	0.09217	0.24611
V220	0.04229	0.68188	0.08589	0.18994
V221	0.6093	0.05784	0.09775	0.23511
V222	0.26	0.18791	0.33521	0.21688
V223	0.0584	0.19589	0.59753	0.14819
V224	0.74241	0.04492	0.11396	0.09871
V225	0.07154	0.71565	0.12602	0.0868
V226	0.26024	0.14347	0.49323	0.10306
V227	0.59718	0.05477	0.23953	0.10853
V228	0.57057	0.11768	0.1457	0.16605
V229	0.07216	0.10315	0.71265	0.11204
V230	0.08936	0.10239	0.11278	0.69547
V231	0.07234	0.29403	0.1683	0.46533
V232	0.07342	0.56025	0.08085	0.28548
V233	0.42376	0.14419	0.23568	0.19637
V234	0.05743	0.74207	0.1059	0.0946
V235	0.30261	0.12206	0.45599	0.11934
V236	0.09054	0.13884	0.62093	0.14969
V237	0.17582	0.08577	0.12423	0.61418
V238	0.13222	0.48661	0.26033	0.12083
V239	0.09941	0.38195	0.10201	0.41663
V240	0.38091	0.09932	0.3882	0.13156
V241	0.07113	0.09559	0.6889	0.14438
V242	0.12395	0.63253	0.15084	0.09268
V243	0.22012	0.1126	0.5169	0.15037
V244	0.19978	0.08141	0.56	0.15882
V245	0.43741	0.29997	0.12979	0.13283
V246	0.09354	0.20042	0.597	0.10905
V247	0.16972	0.09539	0.64399	0.0909
V248	0.09311	0.10761	0.12973	0.66956
V249	0.05823	0.11755	0.68009	0.14413
V250	0.58242	0.05589	0.25891	0.10278
V251	0.71237	0.08386	0.1008	0.10297
V252	0.04093	0.69087	0.18727	0.08093
V253	0.29268	0.13558	0.2085	0.36324
V254	0.03898	0.75338	0.11983	0.08781
V255	0.06439	0.74236	0.08043	0.11282
V256	0.16988	0.24596	0.42874	0.15541
V257	0.32597	0.15824	0.25542	0.26037
V258	0.16921	0.28467	0.36694	0.17918
V259	0.07456	0.30452	0.50088	0.12005
V260	0.05107	0.29948	0.55779	0.09167
V261	0.46284	0.09316	0.23796	0.20603
V262	0.13681	0.12429	0.10948	0.62942
V263	0.04507	0.77172	0.08345	0.09975
V264	0.17365	0.11238	0.37861	0.33536
V265	0.09677	0.08616	0.18967	0.6274
V266	0.4803	0.33862	0.09293	0.08815
V267	0.06158	0.22631	0.27625	0.43586
V268	0.30927	0.09311	0.19955	0.39807
V269	0.04553	0.49055	0.34153	0.12239
V270	0.48403	0.08564	0.27082	0.15951
V271	0.59193	0.11483	0.11954	0.17369
V272	0.07322	0.67513	0.09168	0.15996
V273	0.11196	0.09988	0.12506	0.66309
V274	0.52945	0.05756	0.23263	0.18036
V275	0.06083	0.1041	0.73691	0.09815
V276	0.37129	0.33307	0.09644	0.19921
V277	0.08552	0.24408	0.20077	0.46962
V278	0.09218	0.13309	0.28772	0.48701
V279	0.51119	0.11221	0.17826	0.19834
V280	0.09102	0.08993	0.11188	0.70717
V281	0.41128	0.09334	0.19934	0.29604
V282	0.0968	0.13942	0.62728	0.1365
V283	0.17799	0.50438	0.13021	0.18741
V284	0.05274	0.73476	0.12469	0.08781
V285	0.1065	0.09379	0.70831	0.09141
V286	0.19948	0.48154	0.16221	0.15677
V287	0.09815	0.70959	0.09278	0.09947
V288	0.06348	0.2975	0.36482	0.2742
V289	0.23471	0.25081	0.36744	0.14704
V290	0.61619	0.18971	0.10114	0.09296
V291	0.37758	0.12814	0.39064	0.10364
V292	0.7074	0.05363	0.0962	0.14276
V293	0.25697	0.08848	0.52941	0.12514
V294	0.11383	0.35533	0.08874	0.44209
V295	0.07508	0.22325	0.21934	0.48233
V296	0.17387	0.17862	0.49158	0.15593
V297	0.12485	0.08491	0.14652	0.64373
V298	0.2525	0.15823	0.48646	0.10282
V299	0.10719	0.28841	0.10172	0.50268
V300	0.07347	0.10991	0.24969	0.56693
V301	0.13928	0.17355	0.51162	0.17555
V302	0.48171	0.33098	0.0876	0.09971
V303	0.03915	0.51778	0.33358	0.10949
V304	0.10025	0.10457	0.58304	0.21214
V305	0.13837	0.20997	0.38808	0.26359
V306	0.5947	0.13896	0.13331	0.13303
V307	0.04532	0.76562	0.09483	0.09422
V308	0.19934	0.25813	0.28655	0.25598
V309	0.25941	0.31741	0.10785	0.31533
V310	0.10677	0.32031	0.19142	0.3815
V311	0.38273	0.4348	0.09039	0.09208
V312	0.10125	0.6166	0.18144	0.10072
V313	0.07773	0.16516	0.11005	0.64706
V314	0.05869	0.43365	0.1637	0.34396
V315	0.12174	0.53572	0.10837	0.23418
V316	0.2521	0.18802	0.34988	0.21
V317	0.09716	0.58674	0.11582	0.20028
V318	0.07114	0.48634	0.095	0.34752
V319	0.09663	0.13036	0.65525	0.11776
V320	0.10998	0.19852	0.5109	0.1806
V321	0.47275	0.3465	0.09264	0.0881
V322	0.17651	0.32199	0.14014	0.36136
V323	0.10958	0.1003	0.15831	0.6318
V324	0.48254	0.2679	0.14181	0.10775
V325	0.23793	0.54818	0.12515	0.08874
V326	0.04422	0.49126	0.15076	0.31376
V327	0.07987	0.19572	0.16704	0.55737
V328	0.09341	0.10474	0.58328	0.21857
V329	0.17387	0.17135	0.208	0.44678
V330	0.31015	0.07974	0.32695	0.28317
V331	0.27781	0.14604	0.12848	0.44767
V332	0.07895	0.1253	0.21715	0.5786
V333	0.32548	0.13683	0.36031	0.17738
V334	0.2882	0.08165	0.33929	0.29086
V335	0.06714	0.3371	0.41867	0.1771
V336	0.15411	0.58686	0.09862	0.16041
V337	0.22712	0.37842	0.28328	0.11118
V338	0.03227	0.79095	0.0894	0.08738
V339	0.14159	0.09049	0.66961	0.09831
V340	0.09222	0.25983	0.42759	0.22037
V341	0.09193	0.10851	0.14043	0.65913
V342	0.22236	0.08032	0.50615	0.19116
V343	0.73462	0.05955	0.1021	0.10373
V344	0.50212	0.18511	0.22141	0.09136
V345	0.06627	0.10384	0.7379	0.09198
V346	0.20453	0.17247	0.28112	0.34187
V347	0.10198	0.09118	0.18473	0.62212
V348	0.07742	0.55489	0.18138	0.18631
V349	0.2716	0.21095	0.34937	0.16807
V350	0.05306	0.66563	0.19975	0.08157
V351	0.07921	0.11047	0.35547	0.45485
V352	0.09215	0.10074	0.65589	0.15123
V353	0.65391	0.07285	0.12388	0.14935
V354	0.07109	0.58208	0.23253	0.1143
V355	0.23398	0.14247	0.39933	0.22421
V356	0.0958	0.10146	0.1639	0.63885
V357	0.12598	0.33112	0.26956	0.27334
V358	0.39792	0.15627	0.13272	0.31309
V359	0.42422	0.11393	0.12053	0.34132
V360	0.4009	0.39793	0.10319	0.09798
V361	0.04472	0.41718	0.44866	0.08944
V362	0.03251	0.78576	0.09443	0.08731
V363	0.16903	0.176	0.39745	0.25751
V364	0.1621	0.13336	0.54064	0.1639
V365	0.23579	0.09669	0.10624	0.56127
V366	0.09045	0.57327	0.14308	0.1932
V367	0.41787	0.18355	0.09373	0.30485
V368	0.09541	0.60734	0.14319	0.15406
V369	0.05788	0.37927	0.47235	0.0905
V370	0.23759	0.28815	0.35983	0.11444
V371	0.15972	0.60346	0.10328	0.13354
V372	0.17054	0.1268	0.17806	0.52461
V373	0.11064	0.19665	0.39488	0.29783
V374	0.58968	0.06298	0.25238	0.09497
V375	0.09884	0.11558	0.194	0.59158
V376	0.09496	0.10805	0.16404	0.63294
V377	0.58849	0.05134	0.10451	0.25566
V378	0.07329	0.11053	0.362	0.45418
V379	0.26476	0.23084	0.10021	0.40419
V380	0.1626	0.14304	0.22754	0.46682
V381	0.54048	0.07189	0.16682	0.2208
V382	0.11171	0.10636	0.68391	0.09802
V383	0.61691	0.05754	0.13736	0.18819
V384	0.40781	0.13561	0.19012	0.26646
V385	0.63596	0.06478	0.15832	0.14093
V386	0.25457	0.0892	0.19904	0.45719
V387	0.42595	0.18976	0.22776	0.15653
V388	0.2791	0.32903	0.19301	0.19886
V389	0.30335	0.46451	0.09593	0.13622
V390	0.23925	0.27332	0.39531	0.09212
V391	0.31804	0.15895	0.10888	0.41413
V392	0.31176	0.24972	0.209	0.22952
V393	0.22836	0.25858	0.3195	0.19356
V394	0.12049	0.25632	0.16747	0.45572
V395	0.18532	0.37271	0.22362	0.21836
V396	0.0386	0.77376	0.08784	0.09981
V397	0.56796	0.13461	0.17043	0.127
V398	0.33068	0.18523	0.16244	0.32165
V399	0.16554	0.48348	0.18859	0.16239
V400	0.04444	0.50446	0.13097	0.32013
V401	0.0789	0.2087	0.5646	0.14779
V402	0.58894	0.20087	0.11836	0.09183
V403	0.0922	0.10215	0.14545	0.6602
V404	0.11345	0.23552	0.48901	0.16202
V405	0.20317	0.10726	0.21255	0.47703
V406	0.46143	0.26628	0.10471	0.16759
V407	0.03227	0.79095	0.0894	0.08738
V408	0.11468	0.27148	0.34624	0.26759
V409	0.08462	0.09673	0.11294	0.7057
V410	0.0932	0.70203	0.10436	0.10041
V411	0.34474	0.07264	0.09579	0.48683
V412	0.16338	0.14651	0.41839	0.27171
V413	0.08369	0.43748	0.20804	0.27078
V414	0.06768	0.45282	0.30421	0.17529
V415	0.33726	0.09954	0.25894	0.30426
V416	0.06474	0.14251	0.70243	0.09032
V417	0.28409	0.53657	0.08996	0.08938
V418	0.11557	0.166	0.19057	0.52786
V419	0.0903	0.08897	0.12036	0.70037
V420	0.03424	0.72111	0.0927	0.15195
V421	0.16399	0.1151	0.54419	0.17672
V422	0.10499	0.12712	0.10497	0.66293
V423	0.11251	0.09998	0.67524	0.11226
V424	0.06122	0.12984	0.49722	0.31173
V425	0.08958	0.26859	0.47541	0.16642
V426	0.11897	0.11911	0.61756	0.14436
V427	0.09531	0.37663	0.21491	0.31314
V428	0.09382	0.63296	0.12537	0.14784
V429	0.08991	0.08929	0.1249	0.69589
V430	0.54162	0.20185	0.10624	0.15029
V431	0.18048	0.10286	0.3945	0.32217
V432	0.13878	0.15523	0.13045	0.57553
V433	0.07691	0.61033	0.08108	0.23169
V434	0.27166	0.14017	0.13347	0.4547
V435	0.38336	0.08027	0.18624	0.35013
V436	0.30358	0.08458	0.18098	0.43085
V437	0.20325	0.25424	0.09469	0.44781
V438	0.44039	0.20059	0.1166	0.24242
V439	0.0952	0.15596	0.1039	0.64494
V440	0.36547	0.1017	0.12342	0.40942
V441	0.10219	0.19129	0.47697	0.22955
V442	0.24437	0.33849	0.18401	0.23312
V443	0.54797	0.06193	0.16845	0.22166
V444	0.06627	0.10384	0.7379	0.09198
V445	0.46102	0.08083	0.33795	0.12021
V446	0.05889	0.67591	0.12508	0.14013
V447	0.45784	0.14976	0.2212	0.17121
V448	0.08352	0.13983	0.22212	0.55453
V449	0.41765	0.10384	0.30604	0.17248
V450	0.12738	0.69854	0.09275	0.08133
V451	0.69894	0.09254	0.09213	0.11639
V452	0.09804	0.09596	0.14552	0.66048
V453	0.59013	0.12554	0.14541	0.13891
V454	0.03221	0.75324	0.12005	0.09451
V455	0.44753	0.09453	0.31226	0.14567
V456	0.25973	0.17964	0.35021	0.21042
V457	0.08463	0.10228	0.10734	0.70574
V458	0.22299	0.25415	0.09435	0.42851
V459	0.04764	0.64925	0.14957	0.15354
V460	0.7161	0.05363	0.11983	0.11044
V461	0.11245	0.10733	0.10595	0.67427
V462	0.26837	0.26717	0.08848	0.37598
V463	0.203	0.43044	0.19669	0.16988
V464	0.37704	0.15532	0.09503	0.37261
V465	0.29477	0.39983	0.10818	0.19721
V466	0.42183	0.22211	0.09326	0.26279
V467	0.24065	0.4997	0.14409	0.11556
V468	0.36021	0.38064	0.12773	0.13142
V469	0.07351	0.22564	0.27729	0.42355
V470	0.39778	0.17715	0.22181	0.20326
V471	0.22948	0.16527	0.12084	0.48442
V472	0.25067	0.32872	0.08657	0.33404
V473	0.10905	0.47815	0.30999	0.10281
V474	0.14861	0.08284	0.1694	0.59916
V475	0.16565	0.37598	0.14596	0.31241
V476	0.17446	0.09376	0.13942	0.59237
V477	0.44141	0.10127	0.24473	0.21259
V478	0.12989	0.50876	0.087	0.27436
V479	0.06801	0.15583	0.61928	0.15688
V480	0.11029	0.31514	0.12154	0.45302
V481	0.1556	0.09639	0.64378	0.10423
V482	0.50137	0.19984	0.17484	0.12395
V483	0.14942	0.17032	0.14649	0.53377
V484	0.09078	0.1364	0.11639	0.65643
V485	0.1178	0.61238	0.09052	0.1793
V486	0.22134	0.28469	0.17776	0.31622
V487	0.12165	0.11934	0.15614	0.60287
V488	0.05835	0.09306	0.67759	0.17099
V489	0.19375	0.1616	0.54201	0.10264
V490	0.25938	0.31867	0.13999	0.28196
V491	0.32215	0.42843	0.11288	0.13655
V492	0.05307	0.68373	0.17513	0.08806
V493	0.09143	0.08925	0.10317	0.71614
V494	0.17965	0.20893	0.43058	0.18084
V495	0.18214	0.53277	0.18265	0.10243
V496	0.21563	0.58355	0.08091	0.11991
V497	0.06636	0.09713	0.73826	0.09825
V498	0.2562	0.16433	0.13301	0.44647
V499	0.44554	0.27956	0.17998	0.09492
V500	0.12098	0.184	0.57234	0.12267
V501	0.08428	0.08957	0.1251	0.70105
V502	0.39478	0.29055	0.20003	0.11463
V503	0.18634	0.16405	0.22817	0.42145
V504	0.18717	0.58561	0.09302	0.1342
V505	0.18028	0.25149	0.25741	0.31082
V506	0.11322	0.28006	0.37983	0.22688
V507	0.44382	0.15707	0.18198	0.21713
V508	0.54282	0.20309	0.12378	0.13031
V509	0.2041	0.13675	0.42716	0.23199
V510	0.18618	0.46198	0.26198	0.08986
V511	0.08447	0.39115	0.12091	0.40347
V512	0.21853	0.12204	0.15297	0.50647
V513	0.09194	0.5473	0.22554	0.13521
V514	0.08771	0.12804	0.10155	0.6827
V515	0.55728	0.11775	0.13372	0.19125
V516	0.68297	0.12537	0.09066	0.101
V517	0.09603	0.10767	0.26329	0.53301
V518	0.7262	0.07564	0.09473	0.10344
V519	0.05309	0.70206	0.08582	0.15903
V520	0.08322	0.08715	0.50152	0.3281
V521	0.42275	0.10364	0.35296	0.12064
V522	0.06182	0.19347	0.46098	0.28372
V523	0.27526	0.18587	0.26696	0.27191
V524	0.04047	0.63991	0.21221	0.10741
V525	0.21756	0.24149	0.11063	0.43033
V526	0.46523	0.13875	0.15061	0.24541
V527	0.1945	0.10242	0.35914	0.34394
V528	0.09891	0.7012	0.08056	0.11932
V529	0.10834	0.1386	0.24134	0.51171
V530	0.0552	0.24646	0.53095	0.16739
V531	0.04724	0.71094	0.16121	0.08061
V532	0.16416	0.32742	0.10839	0.40003
V533	0.22387	0.34623	0.18347	0.24643
V534	0.0663	0.09704	0.56418	0.27248
V535	0.41994	0.06035	0.10373	0.41597
V536	0.19013	0.07927	0.34533	0.38527
V537	0.42586	0.27376	0.20089	0.0995
V538	0.34424	0.12244	0.15766	0.37566
V539	0.21203	0.40019	0.19786	0.18991
V540	0.16642	0.58158	0.13811	0.11389
V541	0.05899	0.45233	0.13315	0.35554
V542	0.1842	0.18891	0.25964	0.36726
V543	0.65709	0.05534	0.10491	0.18266
V544	0.13537	0.15802	0.20847	0.49814
V545	0.28177	0.1939	0.14357	0.38076
V546	0.0648	0.71649	0.1314	0.08731
V547	0.0638	0.5448	0.29643	0.09496
V548	0.13745	0.63161	0.14388	0.08706
V549	0.27018	0.10231	0.52336	0.10414
V550	0.4387	0.0897	0.09102	0.38058
V551	0.15373	0.61106	0.10818	0.12703
V552	0.04824	0.46928	0.09128	0.39121
V553	0.19848	0.20085	0.4917	0.10898
V554	0.10839	0.14961	0.11448	0.62752
V555	0.11511	0.26266	0.30602	0.31621
V556	0.05938	0.10991	0.71159	0.11912
V557	0.60169	0.08171	0.10205	0.21455
V558	0.08191	0.64238	0.10323	0.17247
V559	0.04111	0.66559	0.21161	0.0817
V560	0.50257	0.31423	0.08837	0.09483
V561	0.06083	0.1041	0.73691	0.09815
V562	0.57674	0.05895	0.18923	0.17507
V563	0.22079	0.08275	0.59829	0.09817
V564	0.0963	0.1471	0.65295	0.10364
V565	0.13415	0.28501	0.33324	0.24759
V566	0.50473	0.14877	0.09454	0.25195
V567	0.18432	0.41096	0.10632	0.2984
V568	0.22242	0.08524	0.13598	0.55636
V569	0.50272	0.08436	0.09113	0.32179
V570	0.0689	0.30557	0.48634	0.13919
V571	0.59734	0.16767	0.08939	0.1456
V572	0.34388	0.07805	0.40497	0.1731
V573	0.10799	0.21419	0.09915	0.57868
V574	0.06131	0.64542	0.19919	0.09408
V575	0.08331	0.15347	0.17959	0.58363
V576	0.13726	0.66101	0.10948	0.09225
V577	0.09594	0.12486	0.23566	0.54354
V578	0.09777	0.14392	0.53431	0.22401
V579	0.03995	0.70956	0.1499	0.10059
V580	0.16782	0.08797	0.17586	0.56835
V581	0.11521	0.14089	0.09931	0.64459
V582	0.41844	0.19295	0.11756	0.27106
V583	0.06759	0.12987	0.4768	0.32574
V584	0.37954	0.20153	0.29556	0.12338
V585	0.07331	0.09595	0.38964	0.4411
V586	0.21382	0.08793	0.53169	0.16657
V587	0.23503	0.09032	0.55577	0.11888
V588	0.46044	0.10229	0.11594	0.32133
V589	0.07215	0.66186	0.13205	0.13394
V590	0.06882	0.63123	0.21174	0.08821
V591	0.07447	0.11847	0.22863	0.57843
V592	0.16276	0.11016	0.63668	0.0904
V593	0.43699	0.06273	0.23108	0.2692
V594	0.25874	0.30248	0.31162	0.12716
V595	0.09434	0.10197	0.11274	0.69095
V596	0.08028	0.29989	0.23743	0.38241
V597	0.03829	0.50549	0.30752	0.14871
V598	0.06771	0.1802	0.64841	0.10369
V599	0.44963	0.32181	0.11412	0.11444
V600	0.2666	0.43193	0.12569	0.17579
V601	0.15861	0.29128	0.14847	0.40164
V602	0.09504	0.10141	0.10761	0.69594
V603	0.06363	0.35745	0.09902	0.47989
V604	0.38139	0.17258	0.32756	0.11847
V605	0.09549	0.33419	0.34542	0.22491
V606	0.52215	0.19388	0.10136	0.18261
V607	0.47824	0.07618	0.17713	0.26845
V608	0.19408	0.21352	0.34201	0.25039
V609	0.07693	0.26965	0.24397	0.40944
V610	0.56203	0.07825	0.16734	0.19238
V611	0.24938	0.08187	0.13598	0.53277
V612	0.07548	0.16247	0.61959	0.14245
V613	0.07305	0.3353	0.47212	0.11953
V614	0.55041	0.11765	0.13385	0.19809
V615	0.15578	0.12254	0.10339	0.61829
V616	0.09073	0.58716	0.11582	0.2063
V617	0.35696	0.205	0.34941	0.08863
V618	0.53692	0.06272	0.09171	0.30865
V619	0.30152	0.10251	0.31378	0.2822
V620	0.04332	0.56081	0.30777	0.0881
V621	0.31595	0.20402	0.21453	0.2655
V622	0.27435	0.25583	0.35401	0.11582
V623	0.08341	0.14585	0.19265	0.57809
V624	0.57972	0.22277	0.088	0.10951
V625	0.21075	0.44415	0.15637	0.18873
V626	0.7257	0.06819	0.09555	0.11055
V627	0.0816	0.10276	0.14588	0.66976
V628	0.06766	0.25114	0.10585	0.57536
V629	0.13401	0.30723	0.27082	0.28793
V630	0.07336	0.336	0.46589	0.12476
V631	0.07703	0.23336	0.16451	0.5251
V632	0.43579	0.06137	0.19962	0.30322
V633	0.05745	0.11455	0.64471	0.18328
V634	0.30062	0.28495	0.32053	0.0939
V635	0.057	0.62524	0.0868	0.23096
V636	0.13942	0.17354	0.50524	0.1818
V637	0.24426	0.23602	0.15475	0.36497
V638	0.2821	0.27907	0.14201	0.29683
V639	0.2181	0.39979	0.2977	0.08441
V640	0.07907	0.2087	0.58328	0.12894
V641	0.65525	0.08778	0.11609	0.14089
V642	0.55474	0.20809	0.08677	0.15039
V643	0.06206	0.23703	0.37871	0.32221
V644	0.67683	0.11794	0.09708	0.10814
V645	0.21237	0.3859	0.29749	0.10424
V646	0.03874	0.78596	0.08791	0.0874
V647	0.15317	0.15762	0.55376	0.13545
V648	0.29998	0.40182	0.18612	0.11208
V649	0.07534	0.14061	0.64775	0.13631
V650	0.09537	0.16172	0.60037	0.14254
V651	0.26393	0.07942	0.55746	0.0992
V652	0.11982	0.16402	0.3758	0.34036
V653	0.12055	0.55808	0.15397	0.16741
V654	0.49939	0.22971	0.13594	0.13496
V655	0.0702	0.49528	0.09979	0.33473
V656	0.18527	0.28725	0.09944	0.42804
V657	0.09197	0.13616	0.10503	0.66684
V658	0.42983	0.24012	0.13647	0.19358
V659	0.26255	0.15627	0.33579	0.24539
V660	0.05054	0.76661	0.08265	0.10019
V661	0.09002	0.39144	0.12773	0.39081
V662	0.32054	0.08898	0.41785	0.17262
V663	0.20998	0.14561	0.46736	0.17705
V664	0.18888	0.13861	0.54261	0.12991
V665	0.49304	0.22162	0.12234	0.163
V666	0.43501	0.06187	0.17308	0.33004
V667	0.56877	0.12018	0.21742	0.09363
V668	0.11349	0.66089	0.14427	0.08135
V669	0.19024	0.38841	0.25707	0.16428
V670	0.08493	0.73245	0.08256	0.10006
V671	0.27319	0.3003	0.26595	0.16056
V672	0.07077	0.1089	0.70114	0.11919
V673	0.1933	0.35794	0.24403	0.20474
V674	0.51644	0.18802	0.10682	0.18872
V675	0.14076	0.3308	0.29688	0.23157
V676	0.08769	0.17438	0.16717	0.57077
V677	0.28195	0.38048	0.15949	0.17808
V678	0.37567	0.43675	0.09533	0.09225
V679	0.08148	0.32	0.50057	0.09795
V680	0.23502	0.47905	0.18426	0.10167
V681	0.66455	0.10959	0.10312	0.12274
V682	0.12396	0.30977	0.4476	0.11866
V683	0.03876	0.78479	0.09504	0.08141
V684	0.50297	0.20078	0.16032	0.13594
V685	0.35516	0.33947	0.17869	0.12668
V686	0.12237	0.22834	0.19218	0.45711
V687	0.09502	0.09572	0.11254	0.69672
V688	0.27693	0.45779	0.08355	0.18174
V689	0.23079	0.07537	0.13192	0.56192
V690	0.35797	0.10912	0.3886	0.14431
V691	0.16346	0.08673	0.65186	0.09795
V692	0.10742	0.19917	0.55165	0.14177
V693	0.20332	0.17387	0.33572	0.28709
V694	0.07688	0.10869	0.29001	0.52443
V695	0.22073	0.08377	0.20553	0.48997
V696	0.12142	0.14858	0.10735	0.62265
V697	0.08811	0.12096	0.10649	0.68444
V698	0.60971	0.05757	0.10392	0.2288
V699	0.40191	0.29554	0.14132	0.16123
V700	0.2159	0.09752	0.10219	0.58438
V701	0.11899	0.4626	0.16253	0.25587
V702	0.39867	0.13767	0.10285	0.36081
V703	0.15068	0.13185	0.41098	0.3065
V704	0.60077	0.09569	0.11663	0.18691
V705	0.72261	0.04597	0.10744	0.12397
V706	0.11098	0.12845	0.60242	0.15815
V707	0.07056	0.40083	0.41028	0.11833
V708	0.05883	0.70313	0.09769	0.14034
V709	0.14129	0.2872	0.42634	0.14517
V710	0.43001	0.24011	0.1291	0.20078
V711	0.09374	0.64815	0.15076	0.10735
V712	0.60062	0.10231	0.09737	0.1997
V713	0.31529	0.30797	0.11478	0.26196
V714	0.0486	0.56256	0.09671	0.29214
V715	0.23678	0.33419	0.29066	0.13836
V716	0.09782	0.11438	0.12914	0.65866
V717	0.0849	0.73837	0.08215	0.09458
V718	0.13956	0.48622	0.20587	0.16835
V719	0.07874	0.5863	0.10869	0.22627
V720	0.52202	0.05875	0.26523	0.154
V721	0.13718	0.2177	0.39571	0.24942
V722	0.11541	0.33444	0.09902	0.45112
V723	0.14107	0.14718	0.10123	0.61052
V724	0.42711	0.09102	0.15931	0.32255
V725	0.05656	0.16383	0.66186	0.11775
V726	0.0768	0.36483	0.17233	0.38605
V727	0.2106	0.55039	0.15059	0.08842
V728	0.05281	0.70916	0.14956	0.08847
V729	0.31746	0.08556	0.21171	0.38528
V730	0.66567	0.08003	0.13134	0.12297
V731	0.07519	0.24285	0.34549	0.33647
V732	0.27666	0.14754	0.33021	0.2456
V733	0.45919	0.2236	0.11585	0.20136
V734	0.20086	0.31352	0.39454	0.09108
V735	0.07739	0.11041	0.4106	0.40161
V736	0.16459	0.08731	0.10542	0.64268
V737	0.25339	0.30201	0.25177	0.19283
V738	0.10439	0.3339	0.37765	0.18406
V739	0.06382	0.09733	0.49179	0.34706
V740	0.61411	0.13091	0.14768	0.1073
V741	0.35567	0.16142	0.18188	0.30102
V742	0.29814	0.52178	0.09577	0.08431
V743	0.14346	0.19732	0.55042	0.10879
V744	0.39017	0.10562	0.32608	0.17813
V745	0.04944	0.57734	0.20575	0.16746
V746	0.75166	0.04501	0.09855	0.10478
V747	0.10191	0.08644	0.56527	0.24638
V748	0.1396	0.17213	0.47148	0.2168
V749	0.23242	0.21873	0.13122	0.41762
V750	0.29957	0.42117	0.10253	0.17673
V751	0.06516	0.69811	0.11101	0.12572
V752	0.3333	0.25667	0.18652	0.22351
V753	0.09097	0.0952	0.10213	0.71171
V754	0.04041	0.74617	0.08102	0.1324
V755	0.15237	0.23844	0.3127	0.29649
V756	0.09414	0.09585	0.12938	0.68062
V757	0.25381	0.50402	0.1331	0.10907
V758	0.06777	0.62275	0.16857	0.14092
V759	0.146	0.1388	0.35483	0.36038
V760	0.24441	0.13136	0.28153	0.3427
V761	0.08748	0.49827	0.26518	0.14908
V762	0.05772	0.36485	0.09853	0.4789
V763	0.28464	0.3468	0.10876	0.2598
V764	0.04073	0.73982	0.08722	0.13223
V765	0.485	0.14098	0.08819	0.28583
V766	0.06195	0.32899	0.37178	0.23728
V767	0.35467	0.1809	0.26099	0.20344
V768	0.07047	0.72929	0.09947	0.10077
V769	0.12895	0.67484	0.10392	0.09229
V770	0.03874	0.78596	0.08791	0.0874
V771	0.16914	0.09544	0.6313	0.10412
V772	0.14813	0.11912	0.63571	0.09704
V773	0.14153	0.67735	0.08847	0.09264
V774	0.07181	0.09598	0.71276	0.11945
V775	0.14322	0.12144	0.28039	0.45495
V776	0.30888	0.3923	0.12716	0.17167
V777	0.17332	0.17798	0.18826	0.46044
V778	0.38325	0.28994	0.1414	0.18541
V779	0.17207	0.12054	0.42009	0.2873
V780	0.10942	0.63444	0.17434	0.0818
V781	0.10614	0.10655	0.11799	0.66932
V782	0.0592	0.18853	0.61043	0.14184
V783	0.57327	0.07752	0.13524	0.21396
V784	0.10465	0.71582	0.09245	0.08708
V785	0.05778	0.74766	0.09421	0.10035
V786	0.51578	0.1989	0.15503	0.13028
V787	0.0353	0.68406	0.19213	0.08851
V788	0.36534	0.30765	0.20036	0.12664
V789	0.10194	0.3525	0.10836	0.4372
V790	0.34584	0.09648	0.15395	0.40372
V791	0.1388	0.36164	0.30352	0.19604
V792	0.13288	0.46924	0.08894	0.30895
V793	0.12084	0.55093	0.10838	0.21984
V794	0.08931	0.15482	0.6066	0.14927
V795	0.14168	0.11784	0.13801	0.60247
V796	0.07522	0.15586	0.65835	0.11057
V797	0.56924	0.05794	0.26463	0.10819
V798	0.445	0.30236	0.14673	0.10591
V799	0.12482	0.63178	0.10272	0.14068
V800	0.10926	0.11074	0.43154	0.34847
V801	0.15042	0.18433	0.30594	0.35931
V802	0.09099	0.15581	0.27287	0.48033
V803	0.18567	0.46164	0.26908	0.08362
V804	0.39673	0.08468	0.36714	0.15145
V805	0.06664	0.09725	0.74399	0.09212
V806	0.06465	0.72885	0.09379	0.1127
V807	0.21991	0.20194	0.12047	0.45768
V808	0.47308	0.28222	0.12253	0.12217
V809	0.08548	0.11585	0.70749	0.09118
V810	0.03853	0.79114	0.08305	0.08728
V811	0.31954	0.14242	0.23604	0.302
V812	0.39044	0.28002	0.12933	0.20021
V813	0.42841	0.23	0.22461	0.11699
V814	0.31774	0.471	0.12117	0.09009
V815	0.03286	0.74176	0.13745	0.08793
V816	0.70889	0.04636	0.14684	0.09791
V817	0.07599	0.1481	0.67133	0.10459
V818	0.08101	0.12229	0.12386	0.67284
V819	0.60187	0.13147	0.13344	0.13321
V820	0.15172	0.16059	0.11267	0.57502
V821	0.18689	0.32167	0.34679	0.14465
V822	0.10509	0.10626	0.67668	0.11198
V823	0.07216	0.23856	0.52804	0.16124
V824	0.10773	0.3633	0.44471	0.08426
V825	0.1905	0.30497	0.25675	0.24778
V826	0.31525	0.38629	0.2013	0.09717
V827	0.27943	0.51601	0.09519	0.10938
V828	0.19643	0.21615	0.16822	0.4192
V829	0.08904	0.26825	0.1196	0.52311
V830	0.19466	0.25755	0.11142	0.43637
V831	0.55561	0.14066	0.11899	0.18474
V832	0.21299	0.37854	0.20392	0.20455
V833	0.14059	0.44863	0.20825	0.20253
V834	0.24418	0.14325	0.15163	0.46094
V835	0.26722	0.41124	0.17044	0.1511
V836	0.04844	0.56741	0.08655	0.2976
V837	0.18601	0.36501	0.21629	0.23269
V838	0.69319	0.08478	0.11942	0.10262
V839	0.232	0.52048	0.15865	0.08887
V840	0.22706	0.60256	0.0876	0.08278
V841	0.05747	0.12567	0.68011	0.13675
V842	0.27306	0.21717	0.26632	0.24345
V843	0.06963	0.10781	0.67118	0.15139
V844	0.13561	0.16226	0.34203	0.3601
V845	0.10067	0.17764	0.5795	0.14219
V846	0.06035	0.09948	0.59582	0.24435
V847	0.08626	0.08997	0.10729	0.71649
V848	0.10505	0.45073	0.20206	0.24217
V849	0.03204	0.76798	0.08812	0.11186
V850	0.73572	0.04571	0.10773	0.11083
V851	0.2558	0.47	0.19078	0.08343
V852	0.13837	0.12688	0.18671	0.54803
V853	0.20432	0.26003	0.35534	0.18032
V854	0.42519	0.21326	0.16657	0.19497
V855	0.08626	0.08997	0.10729	0.71649
V856	0.08023	0.34833	0.31913	0.25231
V857	0.48155	0.2146	0.11598	0.18787
V858	0.42389	0.0741	0.40258	0.09943
V859	0.46898	0.25823	0.10505	0.16774
V860	0.18061	0.17487	0.13402	0.5105
V861	0.10888	0.34915	0.44525	0.09672
V862	0.14544	0.15861	0.56692	0.12903
V863	0.19311	0.1273	0.09664	0.58295
V864	0.11724	0.11303	0.13362	0.63611
V865	0.14572	0.09086	0.27473	0.48869
V866	0.53992	0.076	0.27668	0.1074
V867	0.53929	0.08395	0.27654	0.10022
V868	0.36759	0.29382	0.18421	0.15439
V869	0.04459	0.78065	0.08777	0.08698
V870	0.1236	0.33497	0.10365	0.43778
V871	0.03204	0.76798	0.08812	0.11186
V872	0.07959	0.10212	0.26185	0.55644
V873	0.65253	0.08045	0.13778	0.12925
V874	0.16345	0.6513	0.10358	0.08166
V875	0.07384	0.23833	0.22533	0.46251
V876	0.15262	0.33093	0.35828	0.15817
V877	0.07942	0.37969	0.2824	0.25849
V878	0.12217	0.66561	0.13098	0.08124
V879	0.16128	0.57504	0.11568	0.14801
V880	0.23525	0.48332	0.0874	0.19403
V881	0.15727	0.12321	0.48751	0.232
V882	0.59092	0.05197	0.19529	0.16183
V883	0.23372	0.23572	0.4423	0.08826
V884	0.07582	0.28838	0.09072	0.54508
V885	0.51804	0.23694	0.15397	0.09106
V886	0.05798	0.35894	0.39313	0.18995
V887	0.45947	0.12721	0.20845	0.20488
V888	0.1257	0.12545	0.58418	0.16466
V889	0.68019	0.09317	0.11153	0.1151
V890	0.08114	0.20738	0.48954	0.22195
V891	0.46	0.11004	0.2984	0.13155
V892	0.23148	0.22412	0.10109	0.44331
V893	0.41443	0.24443	0.20083	0.14031
V894	0.09427	0.31988	0.46667	0.11919
V895	0.43119	0.12899	0.23531	0.20451
V896	0.05746	0.75381	0.08843	0.1003
V897	0.49478	0.27013	0.09452	0.14056
V898	0.36004	0.06617	0.09928	0.47451
V899	0.08032	0.23583	0.18788	0.49597
V900	0.10561	0.30935	0.32524	0.25979
V901	0.06122	0.67566	0.08582	0.1773
V902	0.06411	0.72872	0.12003	0.08714
V903	0.04886	0.39596	0.43166	0.12353
V904	0.04439	0.78564	0.08318	0.08678
V905	0.16783	0.08006	0.21811	0.53401
V906	0.30478	0.15633	0.16967	0.36921
V907	0.3111	0.45793	0.10225	0.12873
V908	0.08485	0.12301	0.14442	0.64772
V909	0.12279	0.65709	0.07989	0.14023
V910	0.17435	0.0806	0.18189	0.56315
V911	0.36814	0.37266	0.11396	0.14525
V912	0.28636	0.32867	0.17795	0.20702
V913	0.14723	0.08206	0.10645	0.66426
V914	0.16092	0.4408	0.28264	0.11565
V915	0.21165	0.07702	0.10247	0.60886
V916	0.21852	0.12941	0.52207	0.12999
V917	0.51809	0.08997	0.21797	0.17397
V918	0.07206	0.53422	0.23871	0.15501
V919	0.17848	0.26691	0.28605	0.26856
V920	0.43694	0.23458	0.15994	0.16854
V921	0.08794	0.20909	0.11704	0.58594
V922	0.11099	0.42197	0.34448	0.12256
V923	0.1245	0.09928	0.12886	0.64737
V924	0.06304	0.56079	0.26745	0.10872
V925	0.1808	0.1084	0.1078	0.60299
V926	0.19488	0.10001	0.12002	0.5851
V927	0.09191	0.11419	0.13469	0.65921
V928	0.06403	0.71632	0.08678	0.13287
V929	0.07874	0.53966	0.17393	0.20768
V930	0.36168	0.3581	0.11455	0.16566
V931	0.14109	0.29447	0.41946	0.14498
V932	0.08275	0.18326	0.4836	0.25039
V933	0.4303	0.3735	0.09814	0.09807
V934	0.0687	0.20954	0.27154	0.45021
V935	0.40288	0.20819	0.23984	0.14909
V936	0.37533	0.28755	0.10375	0.23337
V937	0.39113	0.18196	0.15556	0.27134
V938	0.29284	0.11912	0.30657	0.28147
V939	0.54759	0.07892	0.15264	0.22085
V940	0.05363	0.64472	0.18802	0.11363
V941	0.06129	0.0975	0.74291	0.0983
V942	0.52706	0.22109	0.14257	0.10927
V943	0.3009	0.1857	0.37843	0.13497
V944	0.07363	0.28429	0.13795	0.50413
V945	0.39716	0.34608	0.09737	0.15939
V946	0.3297	0.28172	0.26685	0.12173
V947	0.12291	0.13106	0.24688	0.49914
V948	0.27706	0.10228	0.50991	0.11075
V949	0.06736	0.17863	0.22738	0.52662
V950	0.08184	0.46818	0.22813	0.22185
V951	0.61495	0.06917	0.21372	0.10216
V952	0.10819	0.19302	0.2658	0.43299
V953	0.06923	0.13317	0.67907	0.11853
V954	0.08708	0.22912	0.18738	0.49641
V955	0.12227	0.51193	0.10479	0.261
V956	0.08897	0.11021	0.43211	0.36871
V957	0.27498	0.08601	0.09586	0.54315
V958	0.09143	0.08925	0.10317	0.71614
V959	0.19577	0.28319	0.3747	0.14635
V960	0.19707	0.29045	0.14881	0.36368
V961	0.13708	0.36844	0.31806	0.17642
V962	0.2777	0.21825	0.35595	0.1481
V963	0.42343	0.21381	0.20715	0.15561
V964	0.61373	0.08379	0.17341	0.12908
V965	0.08327	0.44567	0.21412	0.25694
V966	0.72789	0.05983	0.10167	0.11061
V967	0.10137	0.1252	0.43891	0.33452
V968	0.05217	0.21017	0.59579	0.14188
V969	0.0679	0.29821	0.11935	0.51454
V970	0.0853	0.18975	0.36655	0.3584
V971	0.36897	0.14959	0.32391	0.15754
V972	0.36479	0.23622	0.12892	0.27007
V973	0.21319	0.38993	0.14515	0.25172
V974	0.04183	0.63689	0.17459	0.14669
V975	0.11781	0.30306	0.48725	0.09188
V976	0.31765	0.27294	0.17381	0.2356
V977	0.24914	0.34803	0.31183	0.09099
V978	0.11218	0.15792	0.1422	0.5877
V979	0.59433	0.07287	0.23073	0.10208
V980	0.75166	0.04501	0.09855	0.10478
V981	0.27173	0.10729	0.388	0.23298
V982	0.31546	0.37732	0.14763	0.15959
V983	0.50845	0.11678	0.09484	0.27993
V984	0.04718	0.67801	0.16153	0.11329
V985	0.11291	0.22904	0.09731	0.56073
V986	0.24461	0.46329	0.1231	0.16901
V987	0.19271	0.6255	0.08099	0.1008
V988	0.20282	0.09155	0.10823	0.59739
V989	0.32104	0.42877	0.14668	0.10351
V990	0.05573	0.13262	0.61477	0.19688
V991	0.46648	0.34737	0.08685	0.0993
V992	0.19364	0.08674	0.44451	0.27511
V993	0.08206	0.59816	0.19972	0.12007
V994	0.15749	0.64532	0.10393	0.09327
V995	0.52645	0.15852	0.11855	0.19647
V996	0.22862	0.17877	0.10249	0.49012
V997	0.07151	0.10077	0.64389	0.18384
V998	0.64312	0.06467	0.15123	0.14098
V999	0.11146	0.71963	0.08192	0.08698
V1000	0.26205	0.09356	0.09558	0.54881
