CD19B	CD56NK	CD4MemoryT	CD14
V1	0.39867	0.11715	0.1916	0.29258
V2	0.14121	0.18105	0.11516	0.56258
V3	0.08007	0.52694	0.0704	0.32259
V4	0.61276	0.1873	0.08192	0.11803
V5	0.12333	0.43163	0.22318	0.22186
V6	0.09352	0.69819	0.07786	0.13042
V7	0.14056	0.35366	0.12616	0.37962
V8	0.15578	0.12928	0.57744	0.1375
V9	0.19466	0.27398	0.10306	0.4283
V10	0.08374	0.13712	0.62724	0.1519
V11	0.19069	0.35586	0.33977	0.11368
V12	0.07214	0.50634	0.29742	0.12409
V13	0.21764	0.58528	0.06942	0.12766
V14	0.08757	0.72622	0.06867	0.11754
V15	0.12666	0.50996	0.14157	0.22181
V16	0.6394	0.13382	0.10011	0.12667
V17	0.10147	0.6957	0.07266	0.13017
V18	0.41113	0.34857	0.10426	0.13604
V19	0.14859	0.66025	0.07044	0.12071
V20	0.1504	0.41906	0.08396	0.34658
V21	0.15477	0.15666	0.55185	0.13672
V22	0.06795	0.18692	0.20322	0.54191
V23	0.30541	0.14321	0.43805	0.11333
V24	0.67081	0.12103	0.10672	0.10144
V25	0.25956	0.27683	0.15673	0.30688
V26	0.28814	0.37668	0.08424	0.25093
V27	0.11184	0.1576	0.09815	0.63241
V28	0.07603	0.14552	0.66646	0.11199
V29	0.33923	0.13198	0.39545	0.13335
V30	0.11835	0.2656	0.24022	0.37583
V31	0.18071	0.25156	0.25275	0.31498
V32	0.09796	0.14192	0.10723	0.65288
V33	0.08448	0.44725	0.28414	0.18413
V34	0.15448	0.1433	0.56487	0.13735
V35	0.15206	0.59349	0.11855	0.13591
V36	0.06671	0.14889	0.36503	0.41937
V37	0.38807	0.16447	0.14046	0.30701
V38	0.31713	0.11468	0.19274	0.37545
V39	0.15475	0.48916	0.148	0.20809
V40	0.11108	0.66578	0.11293	0.11021
V41	0.05139	0.55777	0.09599	0.29486
V42	0.1948	0.14008	0.21022	0.4549
V43	0.14604	0.3428	0.37498	0.13617
V44	0.07881	0.17348	0.51867	0.22904
V45	0.1153	0.50473	0.20314	0.17683
V46	0.57093	0.15883	0.16446	0.10578
V47	0.33518	0.24625	0.27256	0.14602
V48	0.57061	0.22816	0.08415	0.11708
V49	0.51484	0.24276	0.07609	0.1663
V50	0.08952	0.67394	0.11868	0.11787
V51	0.25002	0.38536	0.23024	0.13438
V52	0.08852	0.19259	0.57999	0.1389
V53	0.52571	0.19529	0.17772	0.10127
V54	0.3211	0.2493	0.30449	0.12511
V55	0.18655	0.2083	0.22452	0.38062
V56	0.08207	0.13685	0.13581	0.64527
V57	0.10816	0.69075	0.0781	0.123
V58	0.4538	0.11071	0.11292	0.32257
V59	0.3188	0.39192	0.14335	0.14594
V60	0.14296	0.22602	0.27075	0.36028
V61	0.56376	0.18213	0.08843	0.16569
V62	0.62387	0.13021	0.13275	0.11317
V63	0.05912	0.66963	0.13994	0.13131
V64	0.04872	0.68095	0.06141	0.20892
V65	0.06496	0.13294	0.14293	0.65917
V66	0.18148	0.57802	0.07839	0.16211
V67	0.16002	0.33589	0.38344	0.12065
V68	0.14572	0.21708	0.09839	0.53881
V69	0.08092	0.32571	0.44328	0.15009
V70	0.39247	0.21974	0.19215	0.19564
V71	0.16431	0.17211	0.30344	0.36014
V72	0.41069	0.22426	0.13654	0.22852
V73	0.14864	0.52212	0.15331	0.17594
V74	0.10468	0.26817	0.51814	0.10901
V75	0.50833	0.10833	0.20894	0.17439
V76	0.05331	0.23919	0.18951	0.51799
V77	0.07274	0.30986	0.08337	0.53402
V78	0.24102	0.19814	0.19635	0.36449
V79	0.07194	0.18689	0.56301	0.17816
V80	0.28564	0.12775	0.41374	0.17287
V81	0.1072	0.22639	0.55123	0.11518
V82	0.07438	0.16343	0.64464	0.11756
V83	0.13463	0.23971	0.12746	0.4982
V84	0.29567	0.14651	0.1867	0.37111
V85	0.12831	0.33137	0.31139	0.22893
V86	0.10411	0.15313	0.59828	0.14448
V87	0.0684	0.66614	0.10069	0.16477
V88	0.16177	0.16404	0.24206	0.43213
V89	0.07018	0.13738	0.20451	0.58792
V90	0.06303	0.71028	0.10114	0.12555
V91	0.07274	0.60945	0.17893	0.13888
V92	0.34874	0.13142	0.31706	0.20278
V93	0.62497	0.11328	0.08494	0.17681
V94	0.05797	0.41318	0.08524	0.44361
V95	0.21174	0.40363	0.17018	0.21446
V96	0.09703	0.18921	0.10187	0.61189
V97	0.4964	0.18507	0.21159	0.10694
V98	0.49447	0.31562	0.0785	0.11141
V99	0.57322	0.1385	0.18062	0.10766
V100	0.12259	0.14178	0.60529	0.13034
V101	0.0648	0.1445	0.09534	0.69535
V102	0.65621	0.13911	0.09181	0.11286
V103	0.06366	0.1552	0.14062	0.64052
V104	0.06213	0.75152	0.06799	0.11836
V105	0.07943	0.72902	0.07342	0.11813
V106	0.13285	0.45786	0.26634	0.14295
V107	0.18058	0.25503	0.41559	0.1488
V108	0.14612	0.61876	0.12606	0.10906
V109	0.07397	0.23105	0.42692	0.26806
V110	0.08117	0.69847	0.08952	0.13084
V111	0.65322	0.10446	0.13448	0.10784
V112	0.14656	0.16725	0.33229	0.3539
V113	0.16987	0.19434	0.19139	0.4444
V114	0.20397	0.15178	0.13608	0.50817
V115	0.05479	0.62289	0.20383	0.11849
V116	0.14924	0.3292	0.29363	0.22793
V117	0.48077	0.28407	0.09948	0.13568
V118	0.15198	0.50078	0.08613	0.26111
V119	0.12347	0.17573	0.11757	0.58323
V120	0.1217	0.16698	0.58827	0.12305
V121	0.42399	0.20466	0.13667	0.23468
V122	0.68084	0.10932	0.09672	0.11311
V123	0.05161	0.45581	0.101	0.39157
V124	0.46916	0.31019	0.07369	0.14696
V125	0.29453	0.39443	0.18611	0.12492
V126	0.07655	0.22142	0.11604	0.586
V127	0.16134	0.15424	0.23855	0.44588
V128	0.07404	0.13662	0.15435	0.63499
V129	0.41712	0.27128	0.18083	0.13077
V130	0.0583	0.55579	0.26952	0.11639
V131	0.05903	0.70669	0.06122	0.17306
V132	0.66333	0.10996	0.107	0.11971
V133	0.64665	0.1162	0.12403	0.11312
V134	0.12087	0.37638	0.15434	0.34841
V135	0.10744	0.13895	0.19387	0.55974
V136	0.19908	0.38133	0.08163	0.33796
V137	0.47033	0.13692	0.23766	0.15509
V138	0.18263	0.38574	0.1839	0.24773
V139	0.26865	0.2591	0.19939	0.27286
V140	0.07278	0.18542	0.11829	0.62352
V141	0.10404	0.23138	0.39594	0.26864
V142	0.57465	0.10981	0.21374	0.10179
V143	0.31292	0.29506	0.12049	0.27153
V144	0.15754	0.22772	0.18358	0.43115
V145	0.05055	0.62817	0.20299	0.11829
V146	0.08575	0.13851	0.10837	0.66737
V147	0.64588	0.12019	0.10082	0.13311
V148	0.14816	0.17543	0.42328	0.25314
V149	0.22078	0.46181	0.20411	0.1133
V150	0.12033	0.28336	0.42752	0.16878
V151	0.17689	0.53532	0.08603	0.20176
V152	0.19714	0.41302	0.20679	0.18305
V153	0.11369	0.61189	0.07785	0.19657
V154	0.20692	0.4191	0.23911	0.13487
V155	0.35124	0.21642	0.25361	0.17873
V156	0.09045	0.22034	0.48792	0.20128
V157	0.24564	0.22925	0.26652	0.25859
V158	0.06529	0.13474	0.1033	0.69668
V159	0.62479	0.15209	0.0837	0.13943
V160	0.4904	0.11267	0.12652	0.27041
V161	0.18248	0.12844	0.10902	0.58005
V162	0.09192	0.32082	0.12881	0.45845
V163	0.11397	0.44199	0.17545	0.26859
V164	0.2583	0.32487	0.14462	0.27221
V165	0.05679	0.29707	0.07852	0.56762
V166	0.06089	0.19204	0.12752	0.61955
V167	0.26425	0.1171	0.09199	0.52666
V168	0.22873	0.4972	0.12076	0.1533
V169	0.16738	0.16082	0.11186	0.55994
V170	0.13332	0.13974	0.39287	0.33407
V171	0.14768	0.2823	0.4269	0.14312
V172	0.52237	0.11122	0.25745	0.10897
V173	0.07169	0.22115	0.11219	0.59497
V174	0.06404	0.23642	0.12981	0.56972
V175	0.11258	0.12984	0.55553	0.20205
V176	0.05372	0.65937	0.16793	0.11899
V177	0.04875	0.76142	0.06407	0.12576
V178	0.04847	0.62399	0.06564	0.26189
V179	0.16577	0.12936	0.31098	0.39389
V180	0.06324	0.71129	0.11305	0.11243
V181	0.16716	0.21231	0.40056	0.21997
V182	0.24857	0.24428	0.3546	0.15255
V183	0.16102	0.65357	0.07085	0.11455
V184	0.70166	0.10318	0.09388	0.10128
V185	0.41545	0.39192	0.08354	0.10909
V186	0.13082	0.43766	0.22909	0.20243
V187	0.67544	0.10967	0.10775	0.10714
V188	0.08796	0.27634	0.07928	0.55643
V189	0.57204	0.12217	0.09536	0.21043
V190	0.48523	0.11961	0.28584	0.10931
V191	0.17985	0.26043	0.41736	0.14237
V192	0.23631	0.43016	0.1005	0.23304
V193	0.43666	0.13839	0.23041	0.19454
V194	0.06734	0.73294	0.06842	0.13129
V195	0.08004	0.14571	0.65686	0.11738
V196	0.06334	0.17351	0.09618	0.66698
V197	0.30214	0.15225	0.10377	0.44185
V198	0.09952	0.45309	0.28979	0.15761
V199	0.15818	0.14206	0.19363	0.50614
V200	0.12891	0.49188	0.07788	0.30133
V201	0.11518	0.48534	0.18322	0.21625
V202	0.08071	0.1386	0.54512	0.23558
V203	0.16355	0.40289	0.30482	0.12874
V204	0.04981	0.47229	0.07427	0.40363
V205	0.08447	0.16262	0.62749	0.12542
V206	0.10307	0.1879	0.59377	0.11527
V207	0.13425	0.25108	0.11643	0.49823
V208	0.22772	0.16746	0.48458	0.12024
V209	0.23605	0.42964	0.11555	0.21876
V210	0.10356	0.62184	0.12397	0.15063
V211	0.31215	0.12571	0.10792	0.45421
V212	0.38617	0.14503	0.34601	0.1228
V213	0.45211	0.13232	0.15577	0.2598
V214	0.25424	0.23116	0.18257	0.33204
V215	0.22715	0.18903	0.09503	0.48879
V216	0.07579	0.13399	0.10317	0.68705
V217	0.08071	0.44582	0.21011	0.26335
V218	0.11381	0.41199	0.17769	0.29651
V219	0.114	0.54058	0.07137	0.27405
V220	0.04894	0.66249	0.06557	0.22299
V221	0.5713	0.10695	0.08608	0.23567
V222	0.25434	0.21574	0.29749	0.23244
V223	0.07125	0.22105	0.53795	0.16976
V224	0.69215	0.10371	0.10253	0.1016
V225	0.08144	0.69853	0.1022	0.11782
V226	0.25941	0.17897	0.4429	0.11872
V227	0.56898	0.10864	0.2077	0.11469
V228	0.54235	0.15881	0.12627	0.17258
V229	0.08543	0.14357	0.63839	0.13261
V230	0.06483	0.14466	0.10295	0.68756
V231	0.0627	0.30862	0.14696	0.48172
V232	0.07246	0.55268	0.0606	0.31426
V233	0.40669	0.179	0.20689	0.20741
V234	0.06785	0.72304	0.08368	0.12544
V235	0.29725	0.16251	0.40694	0.1333
V236	0.10115	0.17337	0.55577	0.16971
V237	0.14854	0.1307	0.11226	0.6085
V238	0.13934	0.48419	0.22762	0.14885
V239	0.09044	0.38455	0.08707	0.43794
V240	0.37114	0.14309	0.34058	0.14519
V241	0.08403	0.13645	0.61602	0.16349
V242	0.13391	0.61922	0.12567	0.1212
V243	0.21837	0.1518	0.46277	0.16706
V244	0.19955	0.12579	0.49937	0.17529
V245	0.42571	0.31513	0.11077	0.14839
V246	0.10566	0.2254	0.53793	0.13101
V247	0.17666	0.1376	0.57739	0.10835
V248	0.06947	0.14991	0.11676	0.66385
V249	0.0713	0.1558	0.60944	0.16346
V250	0.55576	0.11051	0.22456	0.10917
V251	0.66837	0.13275	0.09251	0.10637
V252	0.05358	0.676	0.15856	0.11186
V253	0.27474	0.16981	0.1846	0.37085
V254	0.04991	0.73423	0.09654	0.11932
V255	0.07269	0.72045	0.06179	0.14507
V256	0.17291	0.26695	0.38388	0.17625
V257	0.31199	0.1908	0.22535	0.27186
V258	0.17143	0.30149	0.32583	0.20124
V259	0.08765	0.31843	0.44919	0.14473
V260	0.06642	0.31457	0.50278	0.11624
V261	0.44148	0.13553	0.20833	0.21465
V262	0.11184	0.16273	0.09796	0.62747
V263	0.05517	0.74937	0.0645	0.13096
V264	0.1664	0.15083	0.33492	0.34784
V265	0.07621	0.13154	0.16838	0.62388
V266	0.46939	0.34888	0.08099	0.10074
V267	0.05534	0.2484	0.24399	0.45227
V268	0.28663	0.13506	0.17602	0.4023
V269	0.05861	0.48655	0.30287	0.15197
V270	0.46352	0.13107	0.23706	0.16835
V271	0.56095	0.1559	0.10411	0.17903
V272	0.07873	0.65875	0.07152	0.19101
V273	0.08612	0.14294	0.1138	0.65715
V274	0.50167	0.10841	0.2036	0.18631
V275	0.07549	0.14559	0.66149	0.11744
V276	0.36032	0.34336	0.08033	0.21599
V277	0.07547	0.26357	0.17727	0.48369
V278	0.08111	0.1686	0.25494	0.49535
V279	0.48852	0.15263	0.15299	0.20586
V280	0.06529	0.13474	0.1033	0.69668
V281	0.38944	0.13371	0.17626	0.30058
V282	0.10693	0.17389	0.56311	0.15607
V283	0.1774	0.50032	0.10818	0.21409
V284	0.06332	0.71703	0.10114	0.11851
V285	0.11883	0.13622	0.6343	0.11065
V286	0.20016	0.4808	0.1368	0.18225
V287	0.10726	0.68982	0.07297	0.12995
V288	0.06835	0.31137	0.32308	0.2972
V289	0.23591	0.27115	0.32585	0.1671
V290	0.58877	0.22053	0.09055	0.10015
V291	0.3714	0.16825	0.34392	0.11644
V292	0.65977	0.10842	0.08672	0.14509
V293	0.25402	0.13209	0.47285	0.14103
V294	0.10175	0.36114	0.07634	0.46077
V295	0.06441	0.24627	0.19414	0.49519
V296	0.1755	0.20624	0.44358	0.17469
V297	0.1001	0.12884	0.13085	0.64021
V298	0.25234	0.1916	0.437	0.11907
V299	0.09237	0.30466	0.08644	0.51653
V300	0.05901	0.14873	0.22128	0.57098
V301	0.14313	0.20178	0.4604	0.19468
V302	0.46866	0.34186	0.07588	0.1136
V303	0.05405	0.51212	0.29597	0.13785
V304	0.10567	0.14484	0.52029	0.2292
V305	0.138	0.23596	0.34416	0.28188
V306	0.56648	0.17668	0.11659	0.14025
V307	0.05561	0.74464	0.07428	0.12547
V308	0.19472	0.27666	0.25361	0.27502
V309	0.24726	0.32938	0.09206	0.3313
V310	0.10002	0.33105	0.16706	0.40187
V311	0.37827	0.4368	0.07557	0.10936
V312	0.11142	0.60511	0.15275	0.13072
V313	0.057	0.19783	0.0993	0.64587
V314	0.05801	0.4317	0.14187	0.36842
V315	0.12248	0.52827	0.08747	0.26178
V316	0.24764	0.21669	0.30929	0.22638
V317	0.10076	0.57655	0.09266	0.23003
V318	0.06792	0.48212	0.07634	0.37362
V319	0.1087	0.1662	0.58672	0.13838
V320	0.11599	0.22456	0.45889	0.20056
V321	0.46258	0.35586	0.08064	0.10092
V322	0.1657	0.33294	0.12215	0.37921
V323	0.08771	0.14372	0.14078	0.6278
V324	0.47026	0.28719	0.1221	0.12044
V325	0.24059	0.54062	0.10555	0.11324
V326	0.04668	0.48498	0.12778	0.34056
V327	0.06464	0.22348	0.14783	0.56405
V328	0.10001	0.1447	0.51948	0.23581
V329	0.15779	0.20116	0.1843	0.45675
V330	0.29572	0.12399	0.28895	0.29134
V331	0.25526	0.18021	0.11241	0.45212
V332	0.06267	0.16259	0.19266	0.58207
V333	0.31557	0.17473	0.31757	0.19213
V334	0.27534	0.12508	0.29972	0.29987
V335	0.07744	0.34597	0.37421	0.20238
V336	0.15621	0.57774	0.07733	0.18872
V337	0.23064	0.38449	0.25045	0.13443
V338	0.04346	0.76743	0.06974	0.11938
V339	0.15051	0.13329	0.6	0.11621
V340	0.09807	0.27733	0.38338	0.24121
V341	0.06938	0.15016	0.12543	0.65503
V342	0.21822	0.12412	0.45205	0.20561
V343	0.68602	0.11433	0.09346	0.10619
V344	0.48752	0.21668	0.19372	0.10208
V345	0.08019	0.14577	0.66203	0.112
V346	0.19424	0.20224	0.24847	0.35505
V347	0.08132	0.13559	0.16398	0.61911
V348	0.08334	0.54807	0.15211	0.21648
V349	0.26783	0.23682	0.30906	0.18629
V350	0.06641	0.6532	0.16832	0.11206
V351	0.07123	0.14944	0.31393	0.46539
V352	0.10301	0.14136	0.58557	0.17006
V353	0.61583	0.12213	0.10941	0.15263
V354	0.08174	0.57516	0.19876	0.14434
V355	0.22998	0.17811	0.35284	0.23907
V356	0.07414	0.14465	0.14568	0.63552
V357	0.12561	0.34186	0.23721	0.29532
V358	0.37678	0.18893	0.11525	0.31903
V359	0.39787	0.15284	0.10562	0.34366
V360	0.39479	0.40346	0.08719	0.11456
V361	0.0586	0.41941	0.40556	0.11643
V362	0.0438	0.76309	0.07382	0.11928
V363	0.16692	0.2063	0.35201	0.27477
V364	0.1656	0.16912	0.48321	0.18207
V365	0.20796	0.13852	0.09616	0.55736
V366	0.094	0.56485	0.11745	0.22371
V367	0.39616	0.2141	0.07835	0.31139
V368	0.10126	0.59688	0.1179	0.18396
V369	0.0724	0.38465	0.42641	0.11654
V370	0.24088	0.30562	0.31842	0.13508
V371	0.16297	0.59238	0.08311	0.16154
V372	0.14982	0.16359	0.15838	0.52821
V373	0.11071	0.22265	0.35227	0.31437
V374	0.56358	0.11536	0.21933	0.10173
V375	0.08045	0.15548	0.17153	0.59254
V376	0.07386	0.15038	0.14528	0.63048
V377	0.55133	0.10183	0.0918	0.25504
V378	0.06625	0.14983	0.31934	0.46458
V379	0.24636	0.25257	0.087	0.41407
V380	0.14626	0.1767	0.20172	0.47532
V381	0.51103	0.12019	0.14326	0.22551
V382	0.12305	0.14714	0.61337	0.11644
V383	0.58153	0.10772	0.11966	0.19109
V384	0.38795	0.1707	0.16793	0.27341
V385	0.59947	0.11679	0.13778	0.14596
V386	0.23255	0.13135	0.17626	0.45984
V387	0.41323	0.21922	0.1977	0.16984
V388	0.27356	0.34143	0.16622	0.21879
V389	0.29827	0.46453	0.07821	0.159
V390	0.24308	0.29112	0.35594	0.10986
V391	0.29426	0.19177	0.09428	0.41969
V392	0.30129	0.2697	0.18433	0.24468
V393	0.2265	0.27676	0.28342	0.21331
V394	0.10853	0.27398	0.14701	0.47047
V395	0.18348	0.37874	0.19606	0.24173
V396	0.0491	0.75161	0.06782	0.13147
V397	0.54391	0.17315	0.14854	0.1344
V398	0.31273	0.21478	0.14138	0.33111
V399	0.16786	0.48336	0.16	0.18878
V400	0.04612	0.49624	0.1104	0.34724
V401	0.09077	0.23373	0.50597	0.16953
V402	0.56523	0.23021	0.10466	0.0999
V403	0.06964	0.1449	0.12957	0.65588
V404	0.11999	0.25645	0.44052	0.18304
V405	0.18455	0.14617	0.18828	0.481
V406	0.44571	0.28379	0.08952	0.18098
V407	0.04346	0.76743	0.06974	0.11938
V408	0.11578	0.28869	0.30662	0.28892
V409	0.05968	0.14005	0.10323	0.69704
V410	0.10231	0.68521	0.08236	0.13013
V411	0.31382	0.11888	0.08637	0.48093
V412	0.1603	0.17954	0.37376	0.2864
V413	0.08481	0.43706	0.18103	0.2971
V414	0.07741	0.45338	0.26579	0.20343
V415	0.3195	0.13914	0.22909	0.31227
V416	0.0791	0.17765	0.63204	0.11121
V417	0.28369	0.531	0.07306	0.11225
V418	0.09905	0.19684	0.169	0.53511
V419	0.06485	0.13471	0.11012	0.69032
V420	0.0435	0.70023	0.07122	0.18505
V421	0.16618	0.15419	0.48514	0.19448
V422	0.07983	0.16645	0.09416	0.65955
V423	0.12259	0.14178	0.60529	0.13034
V424	0.06396	0.16328	0.44637	0.32639
V425	0.09911	0.28391	0.42762	0.18936
V426	0.12752	0.15685	0.55327	0.16235
V427	0.09291	0.38106	0.18878	0.33724
V428	0.10009	0.6202	0.10131	0.1784
V429	0.06488	0.13461	0.11382	0.68669
V430	0.51811	0.22966	0.09297	0.15927
V431	0.17424	0.14193	0.34886	0.33497
V432	0.11689	0.18847	0.11706	0.57759
V433	0.0782	0.59908	0.06081	0.26191
V434	0.24905	0.17553	0.11651	0.45891
V435	0.35858	0.12323	0.16556	0.35263
V436	0.27901	0.12792	0.15938	0.4337
V437	0.18662	0.27259	0.082	0.45878
V438	0.42076	0.22866	0.09866	0.25191
V439	0.07343	0.19041	0.09257	0.64359
V440	0.33927	0.14226	0.10878	0.40969
V441	0.10621	0.2181	0.42786	0.24783
V442	0.23934	0.34786	0.16069	0.25211
V443	0.5182	0.11125	0.14497	0.22558
V444	0.08019	0.14577	0.66203	0.112
V445	0.4454	0.128	0.2969	0.12971
V446	0.0681	0.65939	0.10098	0.17153
V447	0.44122	0.18468	0.19161	0.18249
V448	0.06862	0.1747	0.19719	0.55949
V449	0.40214	0.14587	0.26807	0.18391
V450	0.13626	0.68053	0.07339	0.10982
V451	0.65664	0.13906	0.08466	0.11963
V452	0.07478	0.14018	0.12937	0.65567
V453	0.56169	0.16507	0.1269	0.14635
V454	0.04416	0.7336	0.09621	0.12604
V455	0.43153	0.13903	0.27353	0.15591
V456	0.25464	0.2102	0.30919	0.22598
V457	0.05958	0.1444	0.09927	0.69675
V458	0.20512	0.27225	0.08249	0.44015
V459	0.05692	0.63599	0.12192	0.18517
V460	0.66974	0.10984	0.10717	0.11325
V461	0.08618	0.14964	0.09573	0.66846
V462	0.25141	0.28427	0.07673	0.38759
V463	0.20355	0.43353	0.16846	0.19445
V464	0.35221	0.18854	0.08314	0.37611
V465	0.28881	0.40329	0.09005	0.21785
V466	0.40212	0.24732	0.07846	0.27211
V467	0.2419	0.49637	0.12134	0.14039
V468	0.35488	0.38585	0.10819	0.15109
V469	0.06712	0.24809	0.24466	0.44014
V470	0.383	0.20619	0.19526	0.21556
V471	0.20817	0.19636	0.10618	0.48928
V472	0.23779	0.33842	0.07438	0.34942
V473	0.11963	0.47837	0.27168	0.13032
V474	0.12527	0.12679	0.15122	0.59672
V475	0.15888	0.38082	0.12628	0.33402
V476	0.1485	0.13637	0.12537	0.58977
V477	0.4218	0.14304	0.21416	0.221
V478	0.12793	0.50419	0.06707	0.30081
V479	0.08083	0.18668	0.55482	0.17767
V480	0.09859	0.3261	0.10627	0.46904
V481	0.16298	0.13766	0.57731	0.12204
V482	0.48396	0.22774	0.1531	0.13519
V483	0.12939	0.20064	0.12949	0.54048
V484	0.06841	0.17324	0.10529	0.65306
V485	0.12115	0.60001	0.06948	0.20936
V486	0.21249	0.29807	0.15545	0.33399
V487	0.09973	0.15884	0.13902	0.60242
V488	0.07092	0.13346	0.60524	0.19038
V489	0.19835	0.19496	0.48607	0.12062
V490	0.24961	0.33116	0.11948	0.29975
V491	0.31727	0.43089	0.09359	0.15825
V492	0.064	0.66975	0.14726	0.11899
V493	0.06521	0.13422	0.09636	0.7042
V494	0.18022	0.23485	0.3847	0.20023
V495	0.18625	0.53	0.15506	0.1287
V496	0.21752	0.57217	0.06318	0.14713
V497	0.08042	0.13887	0.66319	0.11752
V498	0.23522	0.1956	0.11577	0.45341
V499	0.43701	0.29708	0.15812	0.10779
V500	0.13124	0.21093	0.51414	0.1437
V501	0.05944	0.13517	0.11379	0.6916
V502	0.38737	0.30756	0.17439	0.13068
V503	0.17103	0.19522	0.202	0.43175
V504	0.18896	0.57607	0.0734	0.16156
V505	0.17325	0.27026	0.22709	0.3294
V506	0.11704	0.29742	0.33709	0.24845
V507	0.42581	0.19061	0.15586	0.22772
V508	0.52033	0.23066	0.10808	0.14093
V509	0.20017	0.17268	0.38119	0.24596
V510	0.19151	0.46639	0.22769	0.11442
V511	0.07562	0.39242	0.10543	0.42652
V512	0.19582	0.1592	0.1362	0.50878
V513	0.10072	0.5424	0.19239	0.16449
V514	0.06403	0.16794	0.0915	0.67653
V515	0.52826	0.15801	0.11651	0.19723
V516	0.64408	0.16709	0.08379	0.10504
V517	0.08211	0.14611	0.23272	0.53906
V518	0.67966	0.1259	0.08833	0.10611
V519	0.06081	0.68197	0.06592	0.1913
V520	0.0831	0.12583	0.44998	0.34109
V521	0.40992	0.14844	0.31019	0.13146
V522	0.06619	0.2187	0.4135	0.30161
V523	0.26503	0.21364	0.23597	0.28537
V524	0.05287	0.6288	0.17923	0.1391
V525	0.20049	0.26171	0.09561	0.4422
V526	0.44375	0.17488	0.12906	0.25231
V527	0.186	0.14181	0.31722	0.35497
V528	0.10589	0.68125	0.06248	0.15038
V529	0.09475	0.17317	0.21385	0.51823
V530	0.06798	0.26645	0.47535	0.19022
V531	0.05906	0.69521	0.13369	0.11204
V532	0.15168	0.33861	0.09118	0.41854
V533	0.21908	0.35472	0.1595	0.2667
V534	0.07266	0.13766	0.50166	0.28802
V535	0.38771	0.10692	0.09212	0.41325
V536	0.1786	0.12241	0.30486	0.39412
V537	0.41762	0.29247	0.17669	0.11322
V538	0.32291	0.15913	0.13836	0.3796
V539	0.21174	0.40363	0.17018	0.21446
V540	0.17046	0.57212	0.11498	0.14245
V541	0.05739	0.44942	0.11301	0.38017
V542	0.17325	0.21601	0.22896	0.38178
V543	0.61614	0.10637	0.09356	0.18394
V544	0.11923	0.1895	0.18552	0.50576
V545	0.26403	0.22254	0.1236	0.38983
V546	0.07463	0.70002	0.10683	0.11852
V547	0.07683	0.54045	0.25969	0.12303
V548	0.14598	0.61957	0.11931	0.11514
V549	0.26794	0.14503	0.46779	0.11924
V550	0.40645	0.13214	0.08269	0.37872
V551	0.15774	0.59952	0.08739	0.15535
V552	0.04484	0.46572	0.07379	0.41565
V553	0.20146	0.22765	0.44252	0.12837
V554	0.08553	0.18459	0.10287	0.627
V555	0.11307	0.28062	0.26977	0.33655
V556	0.07322	0.14989	0.63787	0.13902
V557	0.56522	0.12701	0.09085	0.21691
V558	0.08712	0.62827	0.08092	0.20369
V559	0.05417	0.65407	0.17951	0.11225
V560	0.48804	0.32729	0.07809	0.10658
V561	0.07549	0.14559	0.66149	0.11744
V562	0.54578	0.11105	0.16303	0.18013
V563	0.22116	0.12757	0.53649	0.11478
V564	0.10892	0.18165	0.58634	0.12309
V565	0.13511	0.30079	0.29493	0.26917
V566	0.47789	0.18347	0.0816	0.25704
V567	0.17766	0.4138	0.08625	0.32229
V568	0.19636	0.1285	0.12142	0.55372
V569	0.47094	0.1281	0.07951	0.32145
V570	0.08037	0.31834	0.43784	0.16346
V571	0.5667	0.20117	0.08003	0.1521
V572	0.33252	0.1251	0.35611	0.18628
V573	0.08852	0.23937	0.0878	0.58431
V574	0.07272	0.63516	0.16818	0.12395
V575	0.06579	0.18704	0.15895	0.58822
V576	0.14523	0.64559	0.08794	0.12124
V577	0.08077	0.16162	0.20884	0.54877
V578	0.1022	0.1782	0.47814	0.24145
V579	0.05164	0.69361	0.12298	0.13176
V580	0.14414	0.13197	0.15749	0.5664
V581	0.0902	0.17781	0.0898	0.64219
V582	0.39969	0.22246	0.09873	0.27912
V583	0.06849	0.16415	0.42677	0.34058
V584	0.37154	0.2293	0.26095	0.13821
V585	0.06674	0.13721	0.3462	0.44985
V586	0.21264	0.13028	0.47492	0.18216
V587	0.23568	0.13422	0.49587	0.13423
V588	0.43243	0.14251	0.10222	0.32285
V589	0.08009	0.64802	0.10718	0.1647
V590	0.08007	0.6218	0.17982	0.11831
V591	0.05876	0.15715	0.20203	0.58206
V592	0.1704	0.14976	0.5717	0.10813
V593	0.41351	0.11064	0.20245	0.2734
V594	0.25896	0.31881	0.27433	0.1479
V595	0.06961	0.14457	0.10261	0.68321
V596	0.07589	0.31385	0.20771	0.40254
V597	0.05164	0.50212	0.26816	0.17808
V598	0.08151	0.2083	0.58473	0.12546
V599	0.44018	0.33377	0.09649	0.12956
V600	0.26251	0.43464	0.10425	0.1986
V601	0.14671	0.30527	0.13014	0.41788
V602	0.06966	0.14408	0.09902	0.68723
V603	0.05308	0.36379	0.08406	0.49907
V604	0.37345	0.20438	0.28915	0.13302
V605	0.10069	0.34581	0.30475	0.24876
V606	0.4976	0.22357	0.08791	0.19092
V607	0.45192	0.1216	0.15484	0.27165
V608	0.19084	0.23892	0.30203	0.2682
V609	0.07153	0.28499	0.2154	0.42808
V610	0.53245	0.12484	0.14508	0.19763
V611	0.22223	0.1258	0.12103	0.53094
V612	0.088	0.19252	0.55695	0.16253
V613	0.0852	0.34431	0.4255	0.14499
V614	0.52159	0.15795	0.11645	0.20401
V615	0.12944	0.16218	0.09315	0.61524
V616	0.09346	0.57733	0.09271	0.2365
V617	0.35484	0.23454	0.30787	0.10275
V618	0.50269	0.10976	0.08041	0.30713
V619	0.28826	0.14242	0.27706	0.29226
V620	0.0583	0.55579	0.26952	0.11639
V621	0.30286	0.22983	0.18885	0.27846
V622	0.27469	0.27697	0.31322	0.13513
V623	0.06635	0.18044	0.17062	0.58259
V624	0.55559	0.24839	0.07915	0.11687
V625	0.21033	0.44469	0.13128	0.2137
V626	0.67938	0.11914	0.08857	0.11291
V627	0.05942	0.14555	0.12982	0.66521
V628	0.05163	0.2706	0.09291	0.58485
V629	0.13245	0.32034	0.23841	0.3088
V630	0.08523	0.34452	0.41969	0.15055
V631	0.06341	0.25504	0.14454	0.53701
V632	0.40945	0.10927	0.1758	0.30548
V633	0.06843	0.15197	0.57703	0.20257
V634	0.3002	0.3036	0.28555	0.11065
V635	0.06127	0.61207	0.06463	0.26203
V636	0.14265	0.20169	0.45476	0.2009
V637	0.23054	0.25752	0.1339	0.37804
V638	0.27036	0.29459	0.1227	0.31235
V639	0.22375	0.40435	0.26475	0.10716
V640	0.09134	0.23314	0.52473	0.15079
V641	0.61749	0.13445	0.10263	0.14543
V642	0.52959	0.23486	0.07663	0.15891
V643	0.06367	0.25625	0.33841	0.34167
V644	0.63956	0.16019	0.08751	0.11275
V645	0.21693	0.39148	0.26385	0.12773
V646	0.04944	0.76313	0.06818	0.11925
V647	0.15867	0.19098	0.49513	0.15521
V648	0.29863	0.40661	0.16107	0.13369
V649	0.08865	0.17491	0.57978	0.15667
V650	0.10612	0.19226	0.53961	0.16201
V651	0.26262	0.1258	0.497	0.11458
V652	0.11767	0.19563	0.33196	0.35474
V653	0.12591	0.55063	0.12771	0.19575
V654	0.48101	0.25388	0.11758	0.14753
V655	0.06803	0.49027	0.08036	0.36134
V656	0.16895	0.30293	0.08552	0.44259
V657	0.06891	0.17398	0.09375	0.66336
V658	0.41462	0.26218	0.11645	0.20676
V659	0.25472	0.18875	0.29715	0.25939
V660	0.06059	0.74426	0.06362	0.13153
V661	0.08179	0.39281	0.11169	0.41372
V662	0.3101	0.13381	0.36973	0.18636
V663	0.20731	0.1798	0.41875	0.19414
V664	0.19132	0.17605	0.48378	0.14885
V665	0.47381	0.24588	0.1058	0.17451
V666	0.40869	0.10938	0.15057	0.33136
V667	0.54608	0.16116	0.19118	0.10158
V668	0.12415	0.64648	0.11969	0.10968
V669	0.19111	0.39343	0.2268	0.18866
V670	0.09365	0.71156	0.06462	0.13017
V671	0.27041	0.31414	0.23456	0.1809
V672	0.08444	0.14891	0.6277	0.13894
V673	0.19152	0.36637	0.21418	0.22793
V674	0.49239	0.21814	0.09267	0.1968
V675	0.14177	0.34187	0.26278	0.25358
V676	0.07143	0.20558	0.14804	0.57495
V677	0.27774	0.38619	0.13724	0.19883
V678	0.3722	0.43828	0.07972	0.1098
V679	0.095	0.33274	0.44969	0.12256
V680	0.23796	0.47912	0.15753	0.1254
V681	0.62759	0.15279	0.09281	0.12681
V682	0.13217	0.32186	0.4025	0.14348
V683	0.04949	0.76325	0.07449	0.11278
V684	0.48464	0.22887	0.13818	0.14831
V685	0.35112	0.34996	0.15357	0.14536
V686	0.11008	0.2503	0.16954	0.47008
V687	0.0697	0.13912	0.10312	0.68806
V688	0.27114	0.45764	0.06704	0.20417
V689	0.20357	0.12029	0.11782	0.55831
V690	0.34998	0.15175	0.34057	0.15769
V691	0.17073	0.12995	0.58354	0.11578
V692	0.11786	0.22539	0.49468	0.16207
V693	0.19726	0.20371	0.2965	0.30253
V694	0.0651	0.14713	0.25567	0.53211
V695	0.19908	0.12763	0.18205	0.49123
V696	0.0974	0.18369	0.09678	0.62213
V697	0.06426	0.16065	0.0977	0.67739
V698	0.57164	0.10698	0.09146	0.22992
V699	0.39166	0.31126	0.11974	0.17734
V700	0.1875	0.14014	0.09268	0.57968
V701	0.11827	0.46025	0.13947	0.28201
V702	0.37307	0.17394	0.08988	0.36311
V703	0.14644	0.16711	0.36619	0.32026
V704	0.56698	0.14051	0.10141	0.1911
V705	0.67443	0.10324	0.09667	0.12566
V706	0.11934	0.16467	0.53845	0.17755
V707	0.08343	0.40332	0.36802	0.14522
V708	0.06765	0.68371	0.07584	0.17279
V709	0.14656	0.30268	0.38256	0.1682
V710	0.41411	0.2619	0.10968	0.21431
V711	0.10327	0.63411	0.12484	0.13779
V712	0.56517	0.14521	0.08661	0.203
V713	0.30405	0.32319	0.09502	0.27774
V714	0.04921	0.55045	0.07867	0.32167
V715	0.23851	0.34561	0.25621	0.15967
V716	0.07451	0.15537	0.11603	0.65408
V717	0.09368	0.71765	0.06422	0.12445
V718	0.14388	0.48543	0.1747	0.196
V719	0.08105	0.57621	0.08596	0.25677
V720	0.4973	0.10943	0.23194	0.16134
V721	0.13716	0.24165	0.35332	0.26787
V722	0.10287	0.34396	0.08448	0.46868
V723	0.11646	0.18219	0.09183	0.60953
V724	0.40211	0.13363	0.13906	0.32521
V725	0.07	0.19486	0.59627	0.13887
V726	0.07164	0.3704	0.14953	0.40843
V727	0.21554	0.54454	0.12728	0.11265
V728	0.0636	0.69365	0.12375	0.119
V729	0.295	0.12849	0.18699	0.38952
V730	0.62833	0.12869	0.11643	0.12656
V731	0.07492	0.26266	0.30637	0.35605
V732	0.26767	0.18158	0.29242	0.25832
V733	0.44061	0.24786	0.09835	0.21317
V734	0.20526	0.32807	0.35426	0.1124
V735	0.07375	0.14805	0.36546	0.41274
V736	0.13519	0.13312	0.09606	0.63564
V737	0.25005	0.31554	0.22111	0.2133
V738	0.1097	0.34396	0.3373	0.20904
V739	0.064	0.13568	0.44072	0.35961
V740	0.58614	0.17068	0.12995	0.11323
V741	0.33862	0.19308	0.15901	0.30928
V742	0.29783	0.51856	0.07887	0.10473
V743	0.15243	0.22335	0.49424	0.12998
V744	0.37633	0.14727	0.28619	0.19021
V745	0.05888	0.56673	0.17646	0.19793
V746	0.70033	0.10268	0.09019	0.1068
V747	0.10514	0.12892	0.50403	0.26191
V748	0.14129	0.20082	0.42368	0.23421
V749	0.21529	0.24264	0.11415	0.42793
V750	0.29321	0.42494	0.08407	0.19778
V751	0.07408	0.68017	0.08829	0.15746
V752	0.32297	0.27753	0.16035	0.23915
V753	0.06491	0.13955	0.09543	0.70012
V754	0.04895	0.72495	0.06093	0.16516
V755	0.14934	0.26011	0.27497	0.31558
V756	0.06974	0.13937	0.11676	0.67413
V757	0.25349	0.50052	0.11288	0.13312
V758	0.07642	0.61099	0.1407	0.17189
V759	0.13966	0.17339	0.31306	0.37388
V760	0.23168	0.16721	0.24832	0.35279
V761	0.09537	0.49574	0.23101	0.17788
V762	0.0478	0.37027	0.08322	0.49871
V763	0.27544	0.35679	0.08986	0.27791
V764	0.04939	0.71883	0.06709	0.16469
V765	0.45797	0.17745	0.07568	0.2889
V766	0.06882	0.34073	0.32857	0.26188
V767	0.34457	0.20983	0.22895	0.21664
V768	0.07939	0.71076	0.07852	0.13132
V769	0.1381	0.65785	0.08275	0.12131
V770	0.04944	0.76313	0.06818	0.11925
V771	0.17582	0.13669	0.56576	0.12173
V772	0.15586	0.15796	0.57111	0.11507
V773	0.14859	0.66025	0.07044	0.12071
V774	0.08532	0.13722	0.63857	0.13889
V775	0.13038	0.15747	0.24778	0.46436
V776	0.30332	0.39737	0.10682	0.19249
V777	0.15671	0.20728	0.16625	0.46976
V778	0.37234	0.30568	0.12025	0.20173
V779	0.16745	0.15792	0.37395	0.30068
V780	0.12035	0.62326	0.1467	0.1097
V781	0.07993	0.14894	0.10716	0.66397
V782	0.07201	0.21454	0.55038	0.16307
V783	0.54119	0.12371	0.11735	0.21776
V784	0.11414	0.69582	0.07295	0.11709
V785	0.06774	0.72766	0.07323	0.13136
V786	0.49654	0.22773	0.13376	0.14197
V787	0.04887	0.66965	0.16234	0.11914
V788	0.35869	0.32282	0.17419	0.1443
V789	0.09184	0.35869	0.09269	0.45678
V790	0.32196	0.13782	0.13464	0.40557
V791	0.14212	0.37019	0.26632	0.22137
V792	0.12847	0.46919	0.069	0.33333
V793	0.12239	0.54255	0.08717	0.24789
V794	0.10026	0.18629	0.54396	0.16948
V795	0.11828	0.15737	0.12371	0.60064
V796	0.08908	0.18736	0.59163	0.13192
V797	0.5439	0.1116	0.22937	0.11512
V798	0.43602	0.31785	0.12619	0.11994
V799	0.12968	0.61814	0.082	0.17018
V800	0.10602	0.14857	0.38457	0.36084
V801	0.14306	0.21197	0.27075	0.37422
V802	0.08082	0.18738	0.24123	0.49056
V803	0.19201	0.46668	0.23468	0.10663
V804	0.38333	0.13088	0.32259	0.1632
V805	0.08054	0.1399	0.66747	0.11209
V806	0.0734	0.70868	0.07298	0.14494
V807	0.20066	0.22836	0.10525	0.46572
V808	0.45941	0.29974	0.10521	0.13564
V809	0.09911	0.15553	0.63418	0.11118
V810	0.04919	0.76756	0.06409	0.11916
V811	0.30259	0.17667	0.20941	0.31134
V812	0.37895	0.29575	0.10935	0.21595
V813	0.41828	0.25412	0.19618	0.13142
V814	0.3161	0.47134	0.10175	0.11081
V815	0.04518	0.72333	0.11196	0.11953
V816	0.66476	0.10436	0.12932	0.10155
V817	0.08989	0.18203	0.60346	0.12461
V818	0.05868	0.16099	0.11271	0.66762
V819	0.57234	0.17087	0.11663	0.14016
V820	0.1286	0.19317	0.10076	0.57748
V821	0.18822	0.33514	0.30846	0.16818
V822	0.11699	0.14725	0.60534	0.13042
V823	0.08404	0.2591	0.47344	0.18342
V824	0.11899	0.36964	0.40237	0.109
V825	0.18613	0.3201	0.225	0.26876
V826	0.31356	0.39265	0.17659	0.1172
V827	0.27832	0.51167	0.07736	0.13266
V828	0.18081	0.24018	0.14793	0.43107
V829	0.0741	0.28414	0.10611	0.53565
V830	0.17784	0.27569	0.09647	0.45
V831	0.52755	0.17765	0.10346	0.19134
V832	0.21152	0.38292	0.17847	0.2271
V833	0.14274	0.44803	0.18082	0.22842
V834	0.22347	0.17734	0.13283	0.46636
V835	0.26555	0.41418	0.14557	0.1747
V836	0.04875	0.55574	0.068	0.32751
V837	0.1833	0.37261	0.18917	0.25492
V838	0.65278	0.13413	0.10666	0.10643
V839	0.23541	0.51646	0.13504	0.11309
V840	0.23112	0.59218	0.06997	0.10672
V841	0.07079	0.16236	0.60976	0.15709
V842	0.26557	0.2413	0.23461	0.25852
V843	0.08264	0.14729	0.59906	0.171
V844	0.12925	0.19382	0.30243	0.3745
V845	0.11103	0.20559	0.52118	0.1622
V846	0.06757	0.13904	0.53252	0.26086
V847	0.06058	0.13458	0.09968	0.70516
V848	0.10591	0.44982	0.17525	0.26902
V849	0.04279	0.74429	0.06765	0.14526
V850	0.68633	0.10359	0.09711	0.11297
V851	0.25872	0.47116	0.16417	0.10594
V852	0.11861	0.16385	0.1664	0.55113
V853	0.20433	0.27937	0.31569	0.2006
V854	0.41107	0.23963	0.14141	0.2079
V855	0.06058	0.13458	0.09968	0.70516
V856	0.08392	0.35856	0.28053	0.27699
V857	0.46156	0.24077	0.09929	0.19839
V858	0.41239	0.12339	0.35407	0.11015
V859	0.4527	0.27653	0.09003	0.18075
V860	0.15934	0.20604	0.11779	0.51682
V861	0.11892	0.35728	0.40271	0.12108
V862	0.15298	0.19089	0.50612	0.15001
V863	0.16758	0.16468	0.08798	0.57976
V864	0.093	0.15353	0.11984	0.63363
V865	0.1305	0.13206	0.24284	0.4946
V866	0.51906	0.12526	0.24018	0.1155
V867	0.51965	0.13168	0.24052	0.10815
V868	0.35982	0.30888	0.15912	0.17218
V869	0.05562	0.75792	0.06789	0.11857
V870	0.11156	0.34386	0.08855	0.45603
V871	0.04279	0.74429	0.06765	0.14526
V872	0.0654	0.14183	0.23125	0.56152
V873	0.61612	0.12911	0.1219	0.13286
V874	0.16983	0.63819	0.08362	0.10837
V875	0.06472	0.25925	0.19856	0.47747
V876	0.15769	0.3426	0.31767	0.18204
V877	0.08254	0.38457	0.24899	0.28391
V878	0.13211	0.65014	0.10848	0.10927
V879	0.16381	0.56558	0.09495	0.17566
V880	0.23186	0.48018	0.06993	0.21803
V881	0.15722	0.15892	0.43686	0.247
V882	0.5596	0.10558	0.16808	0.16674
V883	0.23703	0.25862	0.39833	0.10602
V884	0.06127	0.3035	0.07819	0.55704
V885	0.50338	0.26093	0.13382	0.10187
V886	0.06787	0.36548	0.35049	0.21616
V887	0.43823	0.16428	0.18371	0.21377
V888	0.13184	0.16213	0.52302	0.18301
V889	0.64131	0.14009	0.09979	0.11881
V890	0.08777	0.23065	0.44061	0.24096
V891	0.44358	0.15249	0.26137	0.14257
V892	0.21223	0.24664	0.0888	0.45234
V893	0.40428	0.26567	0.1748	0.15525
V894	0.10502	0.33108	0.41945	0.14445
V895	0.41252	0.16624	0.20614	0.2151
V896	0.06734	0.73294	0.06842	0.13129
V897	0.47684	0.28776	0.08213	0.15327
V898	0.32969	0.11207	0.0893	0.46894
V899	0.06878	0.25694	0.16507	0.50921
V900	0.10741	0.32406	0.28609	0.28244
V901	0.06646	0.65796	0.06607	0.20951
V902	0.07432	0.70988	0.09748	0.11832
V903	0.06261	0.39808	0.38783	0.15148
V904	0.05536	0.76207	0.06439	0.11817
V905	0.14642	0.12493	0.19332	0.53533
V906	0.28485	0.18805	0.15075	0.37634
V907	0.30612	0.45871	0.08419	0.15099
V908	0.06364	0.16232	0.12845	0.6456
V909	0.1277	0.64219	0.06018	0.16994
V910	0.15061	0.1248	0.16276	0.56183
V911	0.36176	0.3791	0.09546	0.16367
V912	0.2804	0.34151	0.15203	0.22606
V913	0.11818	0.12903	0.09646	0.65632
V914	0.1661	0.44316	0.24885	0.14189
V915	0.18154	0.1221	0.09534	0.60102
V916	0.21784	0.16731	0.46696	0.14789
V917	0.49477	0.135	0.18858	0.18165
V918	0.08105	0.5275	0.20727	0.18418
V919	0.17438	0.28474	0.25256	0.28832
V920	0.42291	0.25813	0.13642	0.18255
V921	0.07048	0.23462	0.10478	0.59012
V922	0.12087	0.42479	0.30309	0.15125
V923	0.09866	0.14215	0.11657	0.64262
V924	0.0755	0.55402	0.23226	0.13821
V925	0.15365	0.1501	0.09742	0.59882
V926	0.16894	0.14273	0.10771	0.58062
V927	0.06929	0.15501	0.12057	0.65513
V928	0.07251	0.69544	0.06728	0.16477
V929	0.08229	0.53203	0.14877	0.23692
V930	0.35438	0.36582	0.09582	0.18398
V931	0.14646	0.30935	0.37596	0.16823
V932	0.08765	0.2096	0.43452	0.26823
V933	0.42261	0.37961	0.08415	0.11363
V934	0.0609	0.234	0.23998	0.46512
V935	0.39359	0.23502	0.208	0.16339
V936	0.36264	0.30291	0.08758	0.24687
V937	0.37266	0.21152	0.13541	0.28041
V938	0.27988	0.15814	0.27056	0.29142
V939	0.51824	0.12472	0.13124	0.22579
V940	0.06473	0.63192	0.15851	0.14484
V941	0.07604	0.13893	0.66734	0.11768
V942	0.50954	0.24794	0.12406	0.11846
V943	0.29653	0.21536	0.33518	0.15293
V944	0.06178	0.2997	0.12075	0.51778
V945	0.38699	0.35482	0.08165	0.17654
V946	0.32482	0.29917	0.23582	0.14019
V947	0.10804	0.16612	0.2193	0.50654
V948	0.27387	0.1448	0.45635	0.12498
V949	0.05471	0.20778	0.2019	0.53561
V950	0.08598	0.46525	0.19962	0.24914
V951	0.58393	0.12081	0.1867	0.10856
V952	0.10034	0.21962	0.23407	0.44598
V953	0.08297	0.16878	0.60923	0.13902
V954	0.07464	0.25196	0.16472	0.50868
V955	0.12221	0.50737	0.08258	0.28784
V956	0.08612	0.14829	0.3849	0.38068
V957	0.24396	0.13085	0.08858	0.53662
V958	0.06521	0.13422	0.09636	0.7042
V959	0.19825	0.30054	0.33334	0.16787
V960	0.18564	0.30487	0.13003	0.37945
V961	0.14097	0.37584	0.28152	0.20167
V962	0.27544	0.24393	0.3141	0.16653
V963	0.41082	0.23932	0.18044	0.16941
V964	0.58344	0.13074	0.15151	0.13431
V965	0.08521	0.44482	0.1863	0.28367
V966	0.67987	0.11435	0.09288	0.1129
V967	0.09902	0.16121	0.3915	0.34827
V968	0.06581	0.23396	0.53657	0.16367
V969	0.05552	0.31116	0.10445	0.52886
V970	0.08335	0.21727	0.3245	0.37487
V971	0.35918	0.18459	0.28517	0.17106
V972	0.35099	0.25901	0.1081	0.28191
V973	0.20945	0.39402	0.12336	0.27318
V974	0.05236	0.62381	0.14486	0.17897
V975	0.12832	0.31827	0.43819	0.11522
V976	0.30813	0.29145	0.14872	0.25171
V977	0.25243	0.35922	0.2766	0.11174
V978	0.09153	0.19039	0.12688	0.5912
V979	0.5672	0.12351	0.20057	0.10873
V980	0.70033	0.10268	0.09019	0.1068
V981	0.26429	0.14831	0.34182	0.24558
V982	0.3101	0.38433	0.12569	0.17987
V983	0.47849	0.15682	0.0825	0.28219
V984	0.05839	0.66301	0.13318	0.14542
V985	0.09413	0.25206	0.08534	0.56847
V986	0.24297	0.46369	0.10023	0.19311
V987	0.19461	0.61367	0.06315	0.12858
V988	0.17606	0.13444	0.09794	0.59156
V989	0.31787	0.43113	0.12669	0.12431
V990	0.0666	0.16603	0.55152	0.21585
V991	0.45512	0.35602	0.07496	0.11389
V992	0.18858	0.12761	0.39622	0.28759
V993	0.09157	0.5885	0.16916	0.15078
V994	0.16346	0.63193	0.08348	0.12113
V995	0.50129	0.19138	0.1031	0.20423
V996	0.20647	0.20897	0.08954	0.49502
V997	0.08181	0.14091	0.57537	0.20191
V998	0.60596	0.11651	0.13169	0.14583
V999	0.11991	0.69864	0.06485	0.1166
V1000	0.23245	0.13641	0.08823	0.54291
