Neutrophils	T_cells_.gamma.delta.	Monocytes_CD14.CD16.	Macrophage	T_cells_.CD4..	Fibroblasts	Endothelial_cells	Keratinocytes	CD34.	Platelets
V1	0.01228	0.01121	0.03759	0.00664	0.1154	0.00052	0.0304	0	0.00712	0.77884
V2	0.63162	0.00753	0.0505	0.00146	0.04129	0.21857	0.0482	0.00085	0	0
V3	0.12097	0.0864	0.11443	0.01856	0.37137	0.01019	0.11175	0.11075	0.02	0.03558
V4	0.00841	0.08061	0.0544	0.01006	0.06749	0.0701	0.02678	0.01258	0.42492	0.24464
V5	0.00204	0.09224	0.03806	0.05729	0.01074	0.05169	0.02638	9e-04	0.00581	0.71484
V6	0.01038	0.11734	0.20945	0.03068	0.51085	0.02415	0.02784	0.04689	0.00908	0.01334
V7	0	0.55184	0.02591	0.01359	0.24114	0.0121	0.075	0.0536	0.01547	0.01135
V8	0.00386	0.57344	0.06168	0.00987	0.03578	0.02699	0.02952	0.20929	0.03221	0.01736
V9	0.01502	0.00482	0.11345	0.11763	0.07731	0.02333	0.22734	0.37105	0.04149	0.00856
V10	0.00114	0.13242	0.03045	0.00585	0.59496	0.06306	0.04115	0.11208	0.00893	0.00998
V11	0.01253	0.56356	0.0243	0.00595	0.03648	0.04888	0.02893	0.19143	0.05781	0.03013
V12	0.01233	0.02705	0.20518	0.39243	0.05628	0.00097	0.09713	0.0058	0.01295	0.18988
V13	0.10056	0.0128	0.13594	0.01981	0.09823	0.10751	0.39771	0.00544	0.10404	0.01796
V14	0.07525	0.44854	0.14741	0.06144	0.06109	0.0456	0.12593	0.00807	0.01881	0.00786
V15	0.2408	0.01299	0.18418	0.44079	0.0435	0.01553	0.04175	0.00642	0.01404	0
V16	0.01526	0.06155	0.25203	0.45467	0.05777	0.03992	0.01846	0.00031	0.08669	0.01333
V17	0.0176	0.10177	0.01048	0.00742	0.02093	0.05831	0.04593	0.00507	0.01291	0.7196
V18	0.06006	0.06305	0.08366	0.21613	0.00291	0.00723	0.01992	0.00119	0.00771	0.53815
V19	0.00168	0	0.02336	0.04644	0	0.05853	0.02411	0.00576	0.00454	0.83558
V20	0.00498	0.21834	0.03466	0.0176	0.06927	0.00731	0.47671	0.03046	0.01743	0.12325
V21	0.10206	0.43797	0.03296	0.00688	0.03665	0.29415	0.03296	0.02283	0.01962	0.01392
V22	0.00473	0	0.01268	0.00168	0	0.01343	0.03313	0.17572	0.04004	0.71858
V23	0.25878	0.02746	0.45924	0.04572	0.0241	0.00547	0.01992	0.00197	0.00989	0.14745
V24	0.02437	0.61543	0.06043	0.01113	0.0491	0.00658	0.08438	0.05445	0.08484	0.00928
V25	0.02239	0.09936	0.03442	0.02208	0.06459	0.09769	0.03974	0	0.11279	0.50694
V26	0.01971	0.00302	0.0918	0.01101	0.06481	0.03189	0.07542	0.66374	0.03632	0.00228
V27	0.00098	0.05905	0.01648	0.00471	0.27649	0	0.04182	0	0.00681	0.59366
V28	0.22976	0	0.02398	0.00053	0	0.01485	0.03892	0.01719	0	0.67476
V29	0.00693	0.66461	0.01827	0.01241	0.03054	0.08924	0.02366	0.01346	0.01474	0.12614
V30	0.01078	0.01136	0.12408	0.02731	0.08068	0.25513	0.27187	0.00046	0.20044	0.0179
V31	0.01331	0.3641	0.20465	0.02306	0.08025	0.01139	0.03093	0.22892	0.02508	0.0183
V32	0.48936	0.04525	0.06004	0.00364	0.22481	0.03332	0.05175	0	0.06676	0.02506
V33	0.03939	0.02188	0.26198	0.41066	0.06022	0.00073	0.1886	0	0.01562	0.00092
V34	0.00228	0.04103	0.01539	0.00399	0.15057	0.00089	0.03065	0.00866	0.0335	0.71303
V35	0.00873	0.83036	0.02517	0.0093	0.03419	0.01426	0.03048	0.01305	0.02322	0.01123
V36	0.05954	0.01864	0.05025	0.01589	0.11167	0.00607	0.69456	0.01916	0.01965	0.00456
V37	0.00103	0.54511	0.02853	0.01038	0.0679	0.0032	0.27492	0.02126	0.0248	0.02287
V38	0.13198	0.00253	0.09784	0.14898	0.08736	0	0.50836	0	0.02108	0.00186
V39	0.08363	0.00756	0.10202	0.14528	0.11313	0	0.49894	0.01162	0.02098	0.01684
V40	0.11965	0.03882	0.60738	0.06383	0.10973	0	0.02044	0.00056	0.01465	0.02495
V41	0.59696	0.05611	0.08152	0.00483	0.03378	0.00277	0.02827	0.00423	0.17066	0.02086
V42	0	0.62868	0.02346	0.00823	0.23081	0.00423	0.02054	0	0.01706	0.067
V43	0.1405	0.04536	0.13942	0.07782	0.20782	0.03197	0.22131	0.01667	0.11388	0.00525
V44	0.03455	0.01016	0.52243	0.05366	0.04438	0.0103	0.0351	0.25727	0.02787	0.00427
V45	0.01194	0.00342	0.07107	0.02237	0.08901	0.00376	0.26948	0	0.45574	0.07322
V46	0.15066	0.07731	0.08136	0.16861	0.02371	0.00167	0.02011	0.00995	0.00638	0.46025
V47	0.01116	0	0.05444	0.01992	0.10547	0.00684	0.75694	0	0.02414	0.02108
V48	0.0121	0	0.01717	0.00435	0	0.0016	0.03059	0.00164	0.06104	0.8715
V49	0.21377	0.00061	0.04228	0.00881	0.04854	0.02497	0.05673	0.57992	0.02436	0
V50	0.31445	0.17414	0.04276	0.00535	0.04586	0.38634	0.02249	0.00093	0.00769	0
V51	0.16453	0.02157	0.51887	0.0519	0.08894	0.00105	0.02776	0.04289	0.04848	0.03401
V52	0.0163	0.0079	0.22265	0.28675	0.07427	0	0.36035	0.00572	0.0231	0.00298
V53	0.4038	0.00435	0.12073	0.07458	0.02244	0.00404	0.03048	0.09365	0.00544	0.24047
V54	0.00034	0.04523	0.0318	0.01155	0.20726	0.66414	0.03222	0.0015	0.00596	0
V55	0.0125	0.02653	0.20495	0.57233	0.09212	0.00993	0.04348	0.00073	0.01393	0.0235
V56	0.14864	0.02962	0.48141	0.06643	0.09312	0.11953	0.01979	0	0.0095	0.03196
V57	0.03076	0.01363	0.51839	0.20914	0.0457	0.00813	0.02572	0.02131	0.08003	0.04718
V58	0.01538	0.19503	0.10633	0.13272	0.05578	0.44274	0.03618	0.00137	0.01448	0
V59	0.03437	0.05658	0.05031	0.01741	0.10032	0.00607	0.70738	0	0.02164	0.00592
V60	0.71541	0.01227	0.06891	0.00262	0.07253	0.00185	0.02399	0	0.096	0.00642
V61	0.00344	0.00361	0.06692	0.03646	0.06932	0.76747	0.03485	0.00488	0.00746	0.00558
V62	0.02406	0	0.0283	0.01804	0.04262	0	0.34613	0.0054	0.03432	0.50112
V63	0	0.25539	0.04094	0.00997	0.1691	0.45037	0.03189	0	0.01335	0.02899
V64	0.07801	0.00746	0.31148	0.22528	0.03841	0.01538	0.03019	0.19871	0.01681	0.07827
V65	0.07321	0.02498	0.14499	0.29757	0.05147	0.00913	0.08231	0.18776	0.09094	0.03764
V66	2e-05	0.12558	0.03284	0.00597	0.49532	0.02154	0.04611	0.0117	0.02298	0.23793
V67	0.02422	0.17274	0.43627	0.08361	0.05067	0.03589	0.08657	0.00796	0.05179	0.05031
V68	0.02814	0.01954	0.06667	0.01028	0.09024	0.01699	0.04284	0.27245	0.45242	0.00043
V69	0.04313	0.02778	0.73555	0.09137	0.04842	0	0.02022	0	0.01888	0.01466
V70	0.68948	0.0083	0.13209	0.00818	0.02852	0.02413	0.04767	0.00398	0.05766	0
V71	0.04152	0.00117	0.04151	0.01188	0.06149	0.03235	0.06897	0.67527	0.03556	0.03027
V72	0.21786	0.0263	0.09416	0.20042	0.13659	0.00107	0.02192	0.00411	0.01074	0.28681
V73	0.02555	0.17148	0.04449	0.01476	0.65911	0.01495	0.03403	0	0.0068	0.02883
V74	0.01183	0	0.05807	0.13204	0	0.0274	0.02224	0.00586	0.00553	0.73703
V75	0.01698	0.08263	0.26201	0.38388	0.06722	0.01093	0.01946	0.00562	0.14849	0.00278
V76	0.00216	0.01178	0.0387	0.01667	0.06644	0.81198	0.03809	0.00538	0.0088	0
V77	0.00846	0.00512	0.11355	0.26648	0.07105	0.23521	0.27378	0.00181	0.01303	0.0115
V78	0.00243	0.44741	0.05587	0.01244	0.06872	0.00795	0.28196	0	0.01643	0.10679
V79	0.00943	0.02653	0.12809	0.25612	0.06055	0.2438	0.03048	0.00166	0.20068	0.04266
V80	0.34882	0	0.03252	0.00599	0	0.00066	0.04394	0.00068	0.03691	0.53049
V81	0.00253	0.04144	0.07207	0.14721	0.17665	0.52466	0.02776	0.00144	0.00623	0
V82	0.0588	0.48725	0.09709	0.21186	0.04047	0.01962	0.01881	0.04662	0.01524	0.00422
V83	0.03681	0.06039	0.17673	0.40432	0.06558	0.01047	0.02996	0.19755	0.01819	0
V84	0.02693	0.01905	0.05212	0.03883	0.1537	0.4912	0.20894	0.00133	0.0079	0
V85	0.19132	0	0.36765	0.043	0.01139	0	0.02132	0	0.00989	0.35544
V86	0.28114	0.01329	0.32524	0.29284	0.0383	0.00779	0.01975	0	0.01013	0.01151
V87	0.01377	0.04056	0.08898	0.02422	0.11865	0.00846	0.02936	0	0.66603	0.00996
V88	0.00903	0.31762	0.16802	0.41618	0.04296	0.00418	0.02271	0	0.01695	0.00236
V89	0.0113	0	0.05802	0.04512	0.10696	0.00092	0.68042	0.07121	0.02272	0.00334
V90	0.01743	0.04781	0.3048	0.03781	0.00259	0.01704	0.02057	0	0.00987	0.54208
V91	0.05248	0.01953	0.72087	0.08306	0.05284	0	0.02038	0.0012	0.02314	0.02651
V92	0.01099	0.00866	0.0553	0.01922	0.10641	0.007	0.72462	0	0.06159	0.00622
V93	0.01423	0.04889	0.12287	0.01979	0.09557	0.00402	0.24702	0.01275	0.42607	0.00879
V94	0.78875	5e-05	0.08672	0.00209	0.02283	0.02334	0.03884	0.0231	0.00236	0.01191
V95	0.01196	0.00999	0.04497	0.01274	0.1023	0.00934	0.52806	0.24873	0.0319	0
V96	0.03195	0.11854	0.37347	0.34074	0.04406	0.01587	0.01758	0.01008	0.03076	0.01693
V97	0.00898	0	0.04473	0.01597	0.08625	0	0.66596	0	0.02548	0.15263
V98	0.00275	0.28208	0.0442	0.05164	0.16528	0.01991	0.05723	0.07259	0.12961	0.17471
V99	0.57811	0.00249	0.07586	0.0049	0.04675	0.00211	0.08684	0.00463	0.18882	0.00948
V100	0.20304	0.01726	0.10657	0.18052	0.06638	0.27224	0.03558	0.00168	0.09478	0.02195
V101	0.00207	0	0.01055	0.00313	0	0.05808	0.13738	0.02553	0.00593	0.75733
V102	0.0488	0.22735	0.02804	0.00659	0.11932	0.28607	0.14684	0.09311	0.01659	0.02729
V103	0.09363	0.02016	0.08735	0.02156	0.08267	0.00782	0.02861	0.00632	0.62812	0.02377
V104	0.05345	0.01805	0.73103	0.07938	0.044	0	0.02046	0	0.03913	0.0145
V105	0.35502	0.00068	0.12772	0.0156	0.03963	0.13408	0.0365	0.27598	0.01479	0
V106	0.01827	0.63665	0.2036	0.02611	0.03128	0.02451	0.01639	0	0.0185	0.0247
V107	0.27607	0.22446	0.05591	0.01177	0.24449	0.01716	0.03002	0.02665	0.10779	0.00569
V108	0.00237	0	0.05288	0.12031	0.02184	0.32605	0.02536	0.01911	0.0099	0.42218
V109	0.00179	0.0313	0.03871	0.02153	0.07072	0.77542	0.04221	0.00474	0.01358	0
V110	0.00131	0.16989	0.04091	0.00772	0.65487	0.00131	0.03104	0.05513	0.00939	0.02843
V111	0.00921	0.0147	0.05058	0.02401	0.17224	0	0.68701	0	0.02033	0.02192
V112	0.00744	0	0.03764	0.01271	0.0687	0	0.53461	0	0.05528	0.28362
V113	0.02285	0	0.06288	0.01069	0.06195	0.05504	0.04191	0.02034	0.493	0.23135
V114	0.02821	0.02182	0.09696	0.01687	0.08893	0.00855	0.02951	0.00659	0.67697	0.02558
V115	0	0.82029	0.03293	0.01055	0.0346	0.00666	0.03585	0	0.03415	0.02497
V116	0.45583	0.07878	0.0574	0.00172	0.0332	0.01853	0.04648	0.29843	0.00963	0
V117	0.02407	0	0.05543	0.01984	0.10659	0	0.76407	0	0.02414	0.00586
V118	0.02574	0.00101	0.0379	0.01441	0.06422	0.7952	0.04304	0.01167	0.00681	0
V119	0.01049	0.03247	0.17636	0.44768	0.06179	0.16156	0.03931	0.00169	0.06865	0
V120	0.61902	0.00359	0.23034	0.01879	0.02612	0.07169	0.02245	0	0.00147	0.00654
V121	0.05059	0.09496	0.2502	0.03592	0.07205	0.1011	0.28969	0.01015	0.01846	0.07688
V122	0.01604	0.02893	0.16947	0.02347	0.08847	0.05597	0.14725	0	0.44575	0.02464
V123	0.02022	0.07793	0.03624	0.01184	0.37405	0.01561	0.04746	0.37207	0.04423	0.00035
V124	0.68576	0.04035	0.05454	0	0.02146	0.00706	0.03439	0.15391	0.00252	0
V125	0.01217	0.17066	0.11909	0.03282	0.06011	0.13217	0.05703	0.38878	0.02717	0
V126	0.00142	0.21197	0.04301	0.00835	0.61443	0.0015	0.02961	0.04069	0.03549	0.01352
V127	0.03155	0.01771	0.51611	0.05664	0.05965	0	0.20348	0	0.08936	0.02551
V128	0.01916	0.20871	0.3871	0.04197	0.25258	0.04392	0.02025	0	0.01187	0.01446
V129	0.0245	0.08476	0.14288	0.20292	0.12496	0.01287	0.02322	0	0.34746	0.03643
V130	0.0321	0.01696	0.44508	0.04562	0.0454	0.01418	0.04011	0.33502	0.02422	0.00131
V131	0.04111	0.36543	0.38079	0.09551	0.0368	0.00889	0.02239	0	0.03724	0.01184
V132	0.12187	0.00759	0.05452	0.01249	0.13812	0	0.5779	0.06833	0.01685	0.00233
V133	0.01182	0.0321	0.08196	0.16784	0.06125	0.1256	0.10087	0.39681	0.02174	0
V134	0.02189	0.06117	0.19854	0.05917	0.2021	0	0.16212	0.00174	0.02047	0.2728
V135	0.01615	0.19512	0.20571	0.02708	0.07575	0.00562	0.03781	0	0.42509	0.01167
V136	3e-05	0.54337	0.05423	0.12791	0.024	0.00432	0.01698	0	0.01501	0.21416
V137	0.00687	0.01276	0.05563	0.02292	0.10814	0.30048	0.43417	8e-04	0.05772	5e-04
V138	0.01708	0.01574	0.03978	0.01133	0.06948	0	0.46633	0	0.04093	0.33933
V139	0.59014	0.02018	0.07233	0.00913	0.0825	0.06763	0.02322	0	0.13488	0
V140	0.0427	0.02079	0.36545	0.39389	0.06833	0.04364	0.02422	0	0.01333	0.02765
V141	0.02398	0.01832	0.20996	0.58765	0.05339	0.02455	0.01862	0.00161	0.01389	0.04802
V142	0.01131	0.00191	0.10792	0.19763	0.0872	0	0.54345	0	0.01854	0.03203
V143	0	0.78046	0.03953	0.05274	0.0409	0.01383	0.0176	0	0.04375	0.01119
V144	0.00707	0	0.04734	0.02337	0.09003	0.3125	0.48842	0.01512	0.01615	0
V145	0.04575	0.09348	0.16656	0.42345	0.05261	0.03001	0.02574	0.14131	0.02109	0
V146	0.02374	0	0.39641	0.04038	0.02502	0.01494	0.05692	0.08556	0.01749	0.33955
V147	0.0088	0.02344	0.05672	0.01646	0.15524	0.005	0.02814	0.01806	0.39863	0.28952
V148	0.02643	0.03081	0.08258	0.01512	0.08909	0.05242	0.05909	0	0.6362	0.00827
V149	0.01366	0.02396	0.18348	0.48117	0.05536	0.00675	0.02374	0.08093	0.12038	0.01057
V150	0.06105	0	0.01587	0.00292	0.0536	0.00599	0.02933	0.00507	0.02528	0.80088
V151	0.01003	0	0.0274	0.00408	0	0.05182	0.02544	0.00146	0.00578	0.87399
V152	0.01371	0	0.03067	0.00393	0.05331	0.02692	0.06784	0.5972	0.03019	0.17623
V153	0.00184	0.15922	0.0416	0.00784	0.65311	0.00244	0.03272	0.0782	0.01022	0.01282
V154	0.08379	0.025	0.53007	0.26255	0.04363	0.01411	0.01894	0	0.01512	0.0068
V155	0.06397	0.00123	0.04797	0.00603	0.06081	0.11541	0.05126	0.43996	0.20709	0.00628
V156	0.12079	0.02841	0.18712	0.03365	0.05132	0.41617	0.04542	0.03288	0.074	0.01023
V157	0	0.4482	0.04339	0.04684	0.18805	0.20477	0.02067	0	0.02709	0.02099
V158	0.28612	0.52404	0.04209	0.01066	0.06355	0.00443	0.02974	0.02373	0.01033	0.0053
V159	0.03483	0.08049	0.23077	0.05424	0.26033	0.02257	0.03151	0.06593	0.00905	0.21028
V160	0.01933	0.83212	0.02672	0.00998	0.0325	0.00725	0.01834	0	0.02911	0.02466
V161	0.01436	0.02144	0.22186	0.61626	0.0587	0.01138	0.01925	0.00155	0.02599	0.00922
V162	0.00403	0	0.02263	0.00521	0	0.00158	0.02895	0.00169	0.01139	0.92452
V163	0.12102	0.02131	0.65622	0.06802	0.03785	0.01265	0.02015	0.01253	0.01486	0.03539
V164	0.04182	0.01625	0.7242	0.08306	0.04279	0.0122	0.03101	0	0.02253	0.02615
V165	0.01459	0	0.235	0.02606	0.00731	6e-04	0.02313	0.0088	0.01346	0.67105
V166	0.05571	0.09944	0.16591	0.44534	0.04406	0.01128	0.03185	0.05062	0.04524	0.05054
V167	0.80602	0.00427	0.07822	0.00701	0.03148	0.0018	0.02523	0	0.04596	0
V168	0.07145	0.01848	0.04201	0.00621	0.057	0.27287	0.04997	0.30277	0.15814	0.02109
V169	0.00272	0	0.05319	0.1166	0.00051	0.13663	0.0234	0.01174	0.00476	0.65044
V170	0.0285	0.01256	0.09179	0.01721	0.09339	0.00903	0.03031	0	0.70768	0.00954
V171	0.01483	0.00889	0.24893	0.08237	0.07639	0.3615	0.06022	0.0406	0.09235	0.01392
V172	0.00893	0.01898	0.05726	0.01764	0.10399	0.13764	0.60245	0.00659	0.04317	0.00337
V173	0.0154	0	0.02929	0.00934	0.04536	0.01134	0.43239	0.00028	0.03269	0.42391
V174	0.01485	0.08849	0.26928	0.31518	0.11857	0.02171	0.0247	0.00968	0.01209	0.12545
V175	0.75028	0.0052	0.15813	0.01045	0.0313	0.00092	0.03933	0.00368	0.00072	0
V176	0.20077	0.00068	0.03894	0.00774	0.05558	0.62577	0.02853	0.00356	0.03461	0.00384
V177	0.62517	0	0.07381	0.07202	0.01647	0.00137	0.02235	0.00917	0.00467	0.17497
V178	0.21061	0.0063	0.04029	0.02893	0.08015	0.52584	0.03228	0.00261	0.00206	0.07093
V179	0.18102	0.13034	0.04998	0.01328	0.56785	0	0.02666	0	0.00492	0.02595
V180	0.44539	0.10947	0.12389	0.24303	0.0358	0.00819	0.02414	0	0.0101	0
V181	0.03059	0.16137	0.55892	0.05922	0.05957	0.0057	0.08284	0	0.01587	0.02593
V182	0.00827	0.06391	0.04234	0.03278	0.32064	0.04019	0.04659	0.36967	0.06196	0.01366
V183	0.0208	0.15843	0.16771	0.45505	0.05364	0.0095	0.11968	4e-05	0.01514	0
V184	0.18963	0	0.03023	0.01502	0.0281	0.47432	0.02667	0.02522	0.00237	0.20844
V185	0.58305	0.00465	0.10213	0.13955	0.03415	0.00384	0.02435	0.05993	0.04471	0.00363
V186	0.74883	0.01122	0.09199	0.07536	0.03013	0.00139	0.03307	0.00431	0.00371	0
V187	0.68548	0.00174	0.14855	0.01474	0.02387	0.00109	0.02794	0.00381	0.04404	0.04874
V188	0.08555	0.2178	0.05168	0.06598	0.48455	0	0.03752	0.00481	0.01243	0.03967
V189	0.76696	0.00245	0.08695	0.05405	0.02317	0.01217	0.02415	0.00442	0.00321	0.02245
V190	0.01144	0.03344	0.07712	0.01444	0.14266	0.0984	0.02871	0	0.58576	0.00803
V191	0.02044	0.07498	0.1662	0.30741	0.32369	0.00053	0.06186	0.01511	0.01019	0.01958
V192	0.00315	0.0121	0.02514	0.00499	0.12143	0.00625	0.0262	0.00898	0.00683	0.78494
V193	0.09904	0.03737	0.23995	0.25977	0.13929	0.00171	0.13387	0.05002	0.02327	0.01571
V194	0.00344	0.00032	0.04099	0.02199	0.07266	0.66444	0.17579	0.0107	0.00966	0
V195	0.04368	0.04826	0.0497	0.01287	0.14559	0.11843	0.51025	0.03321	0.02068	0.01734
V196	0.685	0.01243	0.10796	0.13857	0.02659	0.00175	0.02276	1e-05	0.00155	0.00338
V197	0.02691	0.01905	0.09835	0.17496	0.07431	0.01683	0.056	0.33506	0.19853	0
V198	0.00048	0.11444	0.05199	0.01658	0.48067	0.23004	0.04834	0	0.0485	0.00896
V199	0.02307	0.04144	0.0635	0.01977	0.18182	0.00508	0.1321	0	0.01132	0.52189
V200	0.00294	0.07653	0.04073	0.00878	0.40097	0.10579	0.25381	0.07742	0.01048	0.02255
V201	0.24413	0.04031	0.06913	0.00918	0.06311	0.00422	0.1144	0.00533	0.38673	0.06346
V202	0.034	0.28325	0.42151	0.07008	0.04408	0.00104	0.08449	0.00121	0.04815	0.0122
V203	0.02311	0.07578	0.3728	0.16037	0.06279	0.00843	0.10503	0	0.15497	0.03672
V204	0.01668	0.19733	0.29994	0.25483	0.04948	0.07855	0.02011	0.04921	0.03049	0.00338
V205	0.07227	0.05705	0.05713	0.01352	0.0964	0.01605	0.55102	0.04806	0.08494	0.00357
V206	0.29127	0.01289	0.49804	0.05021	0.0462	0	0.02583	0	0.01079	0.06476
V207	0.01393	0.11373	0.04594	0.05475	0.0359	0.00255	0.02777	0	0.13569	0.56973
V208	0.00345	0.00386	0.06054	0.06093	0.07006	0.6978	0.03221	0.00428	0.06033	0.00655
V209	0.04125	0.14987	0.12003	0.01569	0.60383	0.00634	0.02613	0	0.00754	0.02931
V210	0.06713	0.11994	0.09315	0.01056	0.49543	0.0104	0.03765	0.10094	0.02586	0.03894
V211	0.03409	0.07272	0.58886	0.06111	0.05234	0.00694	0.0747	0.02576	0.05872	0.02476
V212	0.11661	0.08337	0.0564	0.00698	0.06144	0.01629	0.04784	0.30043	0.31065	0
V213	0.13168	0.02429	0.03631	0.019	0.16066	0.55653	0.04062	0.00738	0.00256	0.02096
V214	0.00424	0.04899	0.03517	0.01127	0.26794	0.02846	0.46083	0	0.0132	0.12991
V215	0.01154	0	0.05589	0.0206	0.10771	0.00731	0.76579	0	0.02518	0.00597
V216	0	0.69073	0.0326	0.00927	0.18518	0.00507	0.02597	0.00586	0.01902	0.0263
V217	0.02411	0.21298	0.06911	0.07797	0.15756	0.22514	0.0241	0.03644	0.02381	0.14878
V218	0.03737	0	0.03494	0.01116	0.07084	0.55758	0.2111	0.00325	0.0079	0.06588
V219	0.01647	0.00247	0.05584	0.06251	0.06704	0.02866	0.12726	0.60681	0.03295	0
V220	0.01445	0.02324	0.15082	0.31466	0.06967	0.0073	0.02529	0.04953	0.34331	0.00174
V221	0.16139	0.09116	0.29761	0.03591	0.04245	0.00352	0.04645	0.0602	0.13124	0.13007
V222	0.04644	0.0132	0.64238	0.06837	0.04266	0.14244	0.01997	0	0.01398	0.01057
V223	0.03781	0.01449	0.6636	0.07008	0.0516	0.06165	0.07289	0	0.01554	0.01232
V224	0.03491	0.02234	0.57842	0.10424	0.04873	0.00955	0.02237	0.05288	0.11638	0.01017
V225	0.0244	0.01242	0.36727	0.29596	0.04645	0.0223	0.02863	0.17146	0.01849	0.01261
V226	0.0106	0.72373	0.0234	0.00741	0.04531	0.01055	0.03064	0.11801	0.02253	0.00781
V227	0.03396	0.05033	0.59681	0.07054	0.19128	0	0.02076	0	0.02111	0.0152
V228	0.02594	0.59521	0.08259	0.01816	0.04154	0.00904	0.02974	0.11551	0.06194	0.02032
V229	0.65559	0.00384	0.05169	0.00089	0.0251	0.2092	0.03821	0.01548	0	0
V230	0.00645	0	0.09774	0.25808	0.01693	0.00679	0.10813	0.00147	0.01904	0.48536
V231	0.03251	0.24967	0.063	0.02522	0.06582	0.10068	0.02437	0.00524	0.41109	0.0224
V232	0.03176	0.36248	0.39702	0.04239	0.03934	0.01048	0.01966	0.05608	0.01691	0.02389
V233	0.00397	0.11705	0.05649	0.03881	0.5181	0.00949	0.02708	0	0.20036	0.02866
V234	0.02138	0.0459	0.04312	0.00745	0.23235	0.01282	0.26279	0.33987	0.02079	0.01352
V235	0.04031	0.02302	0.39616	0.03979	0.04357	0.01391	0.05206	0.34118	0.02257	0.02742
V236	0.01499	0.01945	0.27197	0.23506	0.05836	0.34307	0.02924	0.00124	0.02663	0
V237	0.04473	0.06559	0.39808	0.15773	0.23596	0.02972	0.02167	0.01987	0.0171	0.00953
V238	0.02566	0.05399	0.3326	0.0343	0.06307	0.01603	0.04897	0.38894	0.02376	0.01268
V239	0.02893	0.14326	0.14369	0.39149	0.05906	0.0222	0.04635	0	0.01684	0.14816
V240	0.07901	0	0.05068	0.01342	0.08683	0.23537	0.47289	0.00068	0.01827	0.04286
V241	0.19877	0.01615	0.18161	0.46565	0.05358	0.03006	0.01948	0.01802	0.0098	0.00688
V242	0.02832	0.0122	0.10698	0.05519	0.08882	0.01704	0.0285	0	0.65452	0.00843
V243	0.02317	0.00396	0.09334	0.11901	0.06528	0.07098	0.06716	0.00019	0.40894	0.14795
V244	0.04793	0.00344	0.35195	0.04806	0.0739	0	0.4081	0.02952	0.02904	0.00806
V245	0.17313	0.1339	0.17644	0.0196	0.04131	0.40242	0.0293	0.01792	0.00599	0
V246	0.007	0.20998	0.04389	0.01561	0.09448	0	0.57576	0	0.04555	0.00774
V247	0.04271	0.0335	0.73218	0.07926	0.04172	0	0.01979	0	0.02368	0.02716
V248	0.51845	0.05616	0.06918	0.00352	0.05176	0.01727	0.1504	0.12324	0.01002	0
V249	0.04335	0.02165	0.58251	0.06172	0.08348	0	0.01991	0	0.02471	0.16268
V250	0.02007	0.05347	0.10427	0.25307	0.06223	0.25314	0.04455	0.17567	0.01356	0.01996
V251	0.57969	0.15471	0.05778	0.02204	0.07628	0.00326	0.02251	0.0411	0.03488	0.00776
V252	0.06609	0.50975	0.03429	0.04239	0.03488	0.21746	0.02669	0.0419	0.01133	0.0152
V253	0.02414	0.01132	0.34378	0.04666	0.0692	0.07832	0.03092	0	0.38575	0.0099
V254	0.00057	0.14613	0.04991	0.04826	0.59779	0.00641	0.02636	0	0.00714	0.11744
V255	0.00101	0.16855	0.0368	0.0088	0.7233	0	0.0365	0	0.00984	0.0152
V256	0.0136	0.02753	0.2168	0.60662	0.05184	0.04026	0.01887	0.00165	0.01433	0.00851
V257	0.39655	0.00641	0.3592	0.05585	0.03361	0.11139	0.0311	0	0.00536	0.00054
V258	0	0.12704	0.02819	0.01266	0.56678	0	0.03973	0	0.00695	0.21866
V259	0.08501	0.02848	0.06215	0.09161	0.16535	0.01838	0.07485	0.44722	0.02083	0.00612
V260	0.01218	0.21529	0.04105	0.00623	0.04897	0.02693	0.05644	0.55525	0.03766	0
V261	0.23054	0.01516	0.04527	0.00861	0.07166	0.241	0.30998	0.00078	0.05239	0.02462
V262	0.00197	0.43577	0.10056	0.02081	0.04195	0.30022	0.02061	0.01025	0.01099	0.05687
V263	0.43246	0.36719	0.03728	0.00275	0.03557	0.00794	0.05333	0	0.00516	0.05832
V264	0.02083	0.05623	0.16564	0.44758	0.22854	0.01617	0.03884	0	0.01113	0.01503
V265	0.02545	0.27007	0.09307	0.22736	0.0378	0.02203	0.13543	0	0.01749	0.17131
V266	0.01534	0.67858	0.1213	0.01803	0.03749	0.006	0.02424	0.01322	0.07412	0.01168
V267	0.00127	0.13764	0.01687	0.0167	0	0.01153	0.02184	0.00028	0.00706	0.7868
V268	0.00126	0.35654	0.07071	0.1168	0.33204	0.00194	0.03456	0.00632	0.04051	0.03933
V269	0.04326	0.02036	0.35143	0.4745	0.05517	0.00282	0.01935	0.0058	0.02642	9e-04
V270	0.02609	0.1621	0.03608	0.00791	0.70084	0	0.02869	0	0.00859	0.0297
V271	0.04515	0.02711	0.21988	0.02784	0.10449	0.0133	0.0547	0	0.49702	0.01051
V272	0.02012	0.17176	0.08885	0.01821	0.05441	0.15187	0.05016	0.14264	0.1779	0.12408
V273	0.00433	0.01655	0.09152	0.18144	0.10512	0.5637	0.0276	0.00293	0.00681	0
V274	0.06851	0	0.06327	0.0212	0.00417	0.11803	0.0246	0.03112	0.02044	0.64867
V275	0	0.18522	0.02644	0.0057	0.39993	0.05014	0.02519	0	0.00598	0.3014
V276	0.01989	0.10537	0.12849	0.31538	0.08156	0.00187	0.13183	0.01158	0.08666	0.11736
V277	0.03402	0.2146	0.42402	0.23423	0.04595	0.00191	0.01736	0.00257	0.0169	0.00844
V278	0.09827	0	0.04122	0.00527	0	0.00071	0.02821	0.00102	0.00518	0.82013
V279	0.01715	0.18063	0.10264	0.23559	0.21272	0.00762	0.22384	0	0.01322	0.00658
V280	0.10702	0.03036	0.06307	0.06306	0.16638	0.21197	0.26646	0.06335	0.01548	0.01283
V281	0.00149	0.03257	0.04278	0.01638	0.05737	0.62326	0.04185	0.00948	0.01101	0.16381
V282	0.01433	0.02784	0.2178	0.60288	0.05257	0.00454	0.01969	0.01977	0.03169	0.00889
V283	0.08333	0.08655	0.08443	0.06653	0.39817	0.04308	0.02667	0.01501	0.18707	0.00915
V284	0.00954	0	0.14913	0.01712	0	0.00036	0.02808	0.00457	0.00828	0.78293
V285	0.01382	0.10383	0.02017	0.00309	0.00798	0.00861	0.08092	0.20019	0.03032	0.53106
V286	0.0216	0	0.06657	0.04024	0.02028	0.33446	0.03032	0.00263	0.00352	0.48038
V287	0.02362	0	0.02334	0.00754	0.03722	0.01065	0.36094	0.00042	0.0152	0.52107
V288	0.02355	0.02731	0.05915	0.00841	0.0542	0.26904	0.061	0.46831	0.02903	0
V289	0.03041	0.18085	0.55742	0.05896	0.07369	3e-05	0.01815	0.00026	0.01615	0.06408
V290	0.013	0.01747	0.17223	0.03267	0.0823	0.18456	0.45908	0.00594	0.01514	0.01759
V291	0.70722	0.00549	0.11703	0.05448	0.03842	0.0466	0.02746	0	0	0.00331
V292	0.03764	0.01022	0.48339	0.05301	0.05188	0.32544	0.02255	0	0.01101	0.00487
V293	0.06121	0.01546	0.69433	0.07292	0.04407	0.00011	0.02102	0.02403	0.01712	0.04972
V294	0.05156	0.23363	0.19348	0.04469	0.06929	0.00416	0.08382	0.00351	0.30581	0.01005
V295	0.04336	0.06462	0.57929	0.06438	0.03252	0.0202	0.02552	0.04231	0.0148	0.11299
V296	0.01139	0.07162	0.14471	0.14117	0.24722	0.01358	0.04948	0.07868	0.23588	0.00627
V297	0.1807	0.03374	0.02358	0.00266	0.02168	0.00046	0.06316	0.00463	0.00252	0.66687
V298	0.01499	0.02783	0.23679	0.5918	0.05329	0.011	0.03131	0.0073	0.02568	0
V299	0.34226	0.01583	0.03945	0.00967	0.11504	0.42138	0.02519	0.00114	0.00024	0.0298
V300	0.0117	0.03746	0.10102	0.20581	0.18918	0.02241	0.06153	0.34207	0.01958	0.00925
V301	0.01885	0.00099	0.05355	0.015	0.06076	0.04373	0.07282	0.69534	0.03894	0
V302	0.27266	0.00869	0.13294	0.01104	0.03747	0.0252	0.04653	0.44685	0.01863	0
V303	0.00289	0.52628	0.12301	0.01804	0.03687	0.23609	0.01883	0	0.01847	0.01952
V304	0.1594	0	0.0407	0.0033	0.04813	0.03394	0.07198	0.59899	0.04356	0
V305	0.04018	0.06963	0.34264	0.04243	0.27503	0.05678	0.02218	0	0.01372	0.13742
V306	0.00724	0.01574	0.11563	0.28212	0.05669	0.40228	0.03993	0.04237	0.038	0
V307	0.00013	0.27924	0.04096	0.00936	0.60228	1e-04	0.02638	0	0.01095	0.03059
V308	0	0.77702	0.04316	0.02805	0.03311	0.02731	0.02949	0.01321	0.02566	0.02299
V309	0	0.30477	0.03576	0.01544	0.5459	0.00071	0.02563	0	0.04207	0.02971
V310	0.25573	0.12062	0.04369	0.00932	0.35382	0.02919	0.02658	0.05145	0.00851	0.10108
V311	0.82701	0.00264	0.07771	0.0057	0.02463	0.00271	0.02732	0.03229	0	0
V312	0.01573	0	0.08561	0.00909	0	0.01485	0.03681	0.09931	0.02388	0.71472
V313	0.00614	0	0.03035	0.00771	0.0515	0.48434	0.05237	0.27677	0.01535	0.07548
V314	0.12167	0.36212	0.18321	0.0565	0.1967	0.02183	0.02461	0	0.01018	0.02318
V315	0.03871	0.01483	0.43216	0.0495	0.06895	0	0.36202	0	0.02336	0.01046
V316	0.01483	0	0.03452	0.01142	0.06051	0.71975	0.03866	0.09352	0.00901	0.01777
V317	0.00521	0	0.0642	0.04789	0.02216	0.00523	0.14211	0.00081	0.00751	0.70488
V318	0.01232	0.4987	0.27432	0.03265	0.04902	0.00876	0.08193	0	0.01647	0.02583
V319	0.01677	0	0.03356	0.01135	0.07906	0.01862	0.51889	0	0.01433	0.30741
V320	0.05094	0.01837	0.50072	0.30784	0.05294	0.00077	0.04287	0.00376	0.01575	0.00604
V321	0.04403	0.01351	0.05474	0.01247	0.07101	0.46446	0.03035	0.00223	0.30719	0
V322	0.00645	0	0.11164	0.06586	0	0.06982	0.05601	0.0012	0.00978	0.67924
V323	0.01054	0.01253	0.1828	0.49052	0.04949	0.11382	0.02001	0.01952	0.01183	0.08895
V324	0.31472	0.00356	0.0647	0.00717	0.06381	0.27142	0.0334	0.0261	0.21511	0
V325	0.0235	0	0.05839	0.03875	0.10932	0	0.71137	0.01991	0.03386	0.0049
V326	0.04863	0.01878	0.64167	0.19752	0.0443	0.00019	0.02007	0	0.01812	0.01074
V327	0.00119	0.04201	0.03296	0.01187	0.11782	0.71649	0.04074	0.02994	0.00698	0
V328	0.08849	0.12095	0.17076	0.01718	0.04202	0.01968	0.0468	0.46251	0.0242	0.00741
V329	0	0.78637	0.02625	0.01569	0.0383	0.00618	0.08654	0.00712	0.02228	0.01127
V330	0.02701	0.00227	0.06761	0.10302	0.05524	0.0831	0.05755	0.54656	0.05763	0
V331	0.00574	0	0.01768	0.00267	0.01081	0.00833	0.03341	0.17461	0.09037	0.65639
V332	0.03854	0.14036	0.05917	0.09107	0.56757	0.03249	0.02729	0.02644	0.00653	0.01055
V333	0.05666	0.12692	0.17135	0.0255	0.47819	0.03016	0.03887	0.02507	0.00651	0.04077
V334	0.01214	0.01647	0.10057	0.13279	0.0817	0.00396	0.19935	0	0.39907	0.05395
V335	0.06664	0.15312	0.16301	0.06366	0.00533	0.01255	0.03382	0	0.02609	0.47579
V336	0.01229	0.01116	0.10316	0.11959	0.08582	0.10444	0.02683	0.00716	0.50887	0.02069
V337	0.01097	0.00826	0.17309	0.45454	0.04689	0.00138	0.13137	0.00676	0.01888	0.14786
V338	0.33734	3e-04	0.15761	0.01569	0.04636	0.00177	0.10145	0.01005	0.19093	0.1385
V339	0.14011	0.04325	0.0926	0.09559	0.1726	0.03688	0.02532	0	0.37303	0.02062
V340	0.01534	0.00971	0.04093	0.01378	0.0585	0.14073	0.06663	0.62133	0.03305	0
V341	0.17711	0.16052	0.03799	0.0109	0.46634	3e-04	0.08664	0.03911	0.01117	0.00992
V342	0.00106	0.06388	0.0195	0.01063	0.3233	0	0.02663	0	0.00748	0.54753
V343	0.07406	0.00823	0.13507	0.03088	0.09915	0.0094	0.17219	0	0.29144	0.17958
V344	0.78953	0.011	0.11358	0.01085	0.02682	0.00159	0.02545	0	0.02117	0
V345	0.01021	0.78397	0.04203	0.01072	0.0464	0.00745	0.01926	0.01927	0.0491	0.0116
V346	0.06326	0.01953	0.07796	0.02365	0.04071	0.02677	0.04054	0.3545	0.0207	0.33237
V347	0.0241	0	0.00889	0.00194	0	0.09638	0.02442	0.00168	0.00341	0.8392
V348	0	0.12426	0.02923	0.00724	0.56279	0.21191	0.03652	0.01358	0.00518	0.0093
V349	0	0.69457	0.0341	0.01132	0.04558	0.00433	0.172	0	0.02668	0.01142
V350	0.03791	0.00406	0.13086	0.15501	0.0858	0.00814	0.40671	0.00593	0.16144	0.00414
V351	0.02489	0.00175	0.1746	0.05075	0.09307	0.09388	0.4364	0	0.03147	0.0932
V352	0.0229	0.01701	0.03632	0.02341	0.1089	0.24469	0.02603	0.00075	0.09353	0.42646
V353	0.00545	0	0.03492	0.00726	0.05287	0.43846	0.07407	0.23167	0.01835	0.13694
V354	0.01043	0.03901	0.07304	0.02152	0.0827	0.20112	0.04368	0.00022	0.52323	0.00504
V355	0.76662	0.00041	0.06678	0.00177	0.02088	0.0016	0.02529	0	0.00375	0.1129
V356	0.01527	0.00637	0.07833	0.04662	0.07875	0.02674	0.06736	0.33906	0.34149	0
V357	0.02424	0.02119	0.03531	0.01758	0.1474	0.70765	0.03236	0.00926	0.00502	0
V358	0.04663	0.01151	0.62175	0.07013	0.04137	0.08685	0.02236	0.05719	0.0203	0.02191
V359	0.31211	0.00193	0.07246	0.03158	0.05303	0.21384	0.02558	0.01286	0.22438	0.05223
V360	0.00165	0.18683	0.06828	0.01711	0.60073	0.00661	0.0397	0	0.01967	0.05942
V361	0.0024	0.0024	0.03933	0.01704	0.0672	0.81192	0.04531	0.00542	0.00899	0
V362	0.02004	0.05147	0.04311	0.00498	0.27177	0.01613	0.04773	0.40939	0.01906	0.11632
V363	0.31983	0.06741	0.04671	0.00865	0.0282	0.26053	0.02677	0.08731	0.00386	0.15075
V364	0.00968	0.76172	0.02468	0.01377	0.03168	0.00944	0.02227	0.08312	0.02228	0.02137
V365	0.00512	0	0.03524	0.01018	0.08512	0.04018	0.42802	0.00541	0.01222	0.37852
V366	0.09616	0.01759	0.5738	0.05971	0.03457	0.00604	0.01945	0	0.06908	0.12359
V367	0.47457	0.00193	0.06307	0.07443	0.01674	0.11201	0.02469	0.06741	0.00187	0.16328
V368	0.11346	4e-05	0.01492	0.00636	0.0258	0.05437	0.02801	0.00544	0.0021	0.7495
V369	0.26437	0.08743	0.06096	0.01425	0.05387	0.19473	0.02498	0.00023	0.28551	0.01368
V370	0.02686	0.25795	0.0345	0.01671	0.11916	0	0.42658	0.02272	0.01613	0.0794
V371	0.0134	0.01598	0.20403	0.56643	0.04742	0.00365	0.01908	0.00737	0.04677	0.07587
V372	0.45101	0.09718	0.05853	0.00497	0.35551	0.00011	0.02538	0	0.00262	0.00469
V373	0.42943	0	0.0323	0.00437	0	0.00621	0.04443	0.03157	0	0.4517
V374	0.02391	0.2565	0.44433	0.04644	0.0441	0.06838	0.02077	0.0652	0.02078	0.00959
V375	0.00563	0.29126	0.13271	0.27975	0.02485	0.01581	0.01715	0.00438	0.01292	0.21554
V376	0.05035	0.80608	0.03348	0.00992	0.02992	0.00668	0.01789	0	0.02169	0.02399
V377	0.05444	0.08153	0.04851	0.01081	0.01525	0.01153	0.02721	0.10596	0.08954	0.55521
V378	0.3234	0.23708	0.11493	0.07066	0.07916	0.02009	0.03459	0.00796	0.01038	0.10176
V379	0	0.31993	0.02464	0.00766	0.03649	0.39437	0.02319	0.00606	0.00851	0.17914
V380	0.3049	0.00706	0.05324	0.05038	0.04018	0.03129	0.28478	0.00018	0.01144	0.21656
V381	0.1442	0.00305	0.04817	0.02116	0.07128	0.62177	0.06079	0.01536	0.01422	0
V382	0.08068	0	0.13843	0.01756	0.03898	0.01089	0.02514	0	0.34647	0.34186
V383	0.12979	0.00853	0.05335	0.04091	0.05327	0.66484	0.04155	0.00394	0.00382	0
V384	0.01158	0	0.011	0.00262	0	0.05701	0.13435	0.08896	0.00701	0.68747
V385	0.02363	0.02824	0.15194	0.34097	0.11312	0.01081	0.2203	0.08297	0.01528	0.01275
V386	0.35128	0.00885	0.3605	0.09001	0.03912	0.00445	0.02619	0.10882	0.01077	0
V387	0.00978	0.02615	0.05762	0.01801	0.09876	0.03937	0.67608	0	0.03865	0.03559
V388	0.15976	0.00497	0.20246	0.1309	0.04585	0.02734	0.05056	0.32763	0.01722	0.0333
V389	0.02467	0	0.27851	0.03472	0	0.04497	0.02169	0	0.00812	0.58732
V390	0.10742	0.00616	0.05069	0.0131	0.09329	0	0.5665	0	0.09946	0.06339
V391	0.03458	0.01037	0.0516	0.02307	0.11881	0.00616	0.6964	0.01943	0.01984	0.01974
V392	0.08285	0.00441	0.11302	0.01516	0.04008	0.54827	0.03271	0.00281	0.01495	0.14576
V393	0.00511	0	0.01559	0.00248	0.01141	0.16714	0.04028	0.28845	0.01723	0.4523
V394	0.02357	0.01417	0.18696	0.50393	0.06278	0.00173	0.19027	0.00089	0.0157	0
V395	0.01186	0.11472	0.24807	0.02847	0.49557	0.01341	0.04397	0	0.01431	0.02962
V396	0.01448	0.15922	0.06007	0.03173	0.68254	0	0.02785	0	0.00918	0.01493
V397	0.0122	0	0.03625	0.03449	0.04738	0.67804	0.03098	0.0046	0.01076	0.1453
V398	0.02895	0.02318	0.48649	0.23534	0.08007	0.00113	0.02577	0	0.11037	0.0087
V399	0.00503	0.01835	0.03348	0.0062	0.11354	0.00233	0.0318	0.0154	0.15828	0.61559
V400	0.01296	0.00961	0.05332	0.05197	0.08302	0.01514	0.37875	0.36853	0.0267	0
V401	0.02924	0.03193	0.19542	0.01973	0.03524	0.05243	0.05007	0.40881	0.02587	0.15127
V402	0.03838	0.02066	0.64161	0.06645	0.0426	0.01032	0.03716	0.11413	0.01869	0.00999
V403	0.01796	0.01574	0.21281	0.07716	0.10433	0.01243	0.09858	0.00498	0.43109	0.02491
V404	0.02099	0.05011	0.36264	0.4087	0.1116	0.00162	0.02508	0	0.01525	0.004
V405	0.79001	0	0.06793	0.00148	0.0278	0.00561	0.10716	0	0	0
V406	0.02706	0.01956	0.45657	0.39423	0.04886	0.00183	0.02529	0	0.02219	0.0044
V407	0.42622	0.11577	0.13845	0.07376	0.09009	0.0073	0.06465	0	0.05942	0.02434
V408	0	0.52809	0.02192	0.00813	0.03661	0.00973	0.16974	0.00233	0.04733	0.17614
V409	0.00355	0	0.05771	0.01179	0	0.05364	0.06946	0.00111	0.00503	0.7977
V410	0.00523	0.00767	0.03369	0.01454	0	0.00831	0.02564	0.03066	0.10454	0.76972
V411	0.0101	0.05418	0.1795	0.50312	0.04468	0.04492	0.048	0.00693	0.01798	0.09059
V412	0.25196	0.00101	0.06115	0.03273	0.05535	0.31513	0.05352	0.03403	0.19511	0
V413	0.02196	0.01998	0.09255	0.01866	0.14986	0	0.58675	0	0.02892	0.08132
V414	0.14961	0.02608	0.06957	0.02216	0.15016	0.00728	0.33112	0.22772	0.0163	0
V415	0.03002	0.01947	0.04864	0.00647	0.05711	0.03325	0.07001	0.68194	0.037	0.01607
V416	0.01058	0.22823	0.18942	0.48243	0.04542	0.00428	0.01732	0.00568	0.01643	0.00022
V417	0.00439	0	0.03501	0.01866	0	0.00117	0.03119	0.00157	0.00968	0.89833
V418	0.02093	0	0.02724	0.01801	0.01931	0.01784	0.0247	0.01042	0.06538	0.79618
V419	0.00943	0.64573	0.22106	0.02844	0.03333	0.00475	0.02296	0.00054	0.02052	0.01325
V420	0.66815	0.02613	0.12566	0.00794	0.0448	0.00613	0.02262	0.00341	0.0043	0.09086
V421	0.05815	0.2113	0.15249	0.02236	0.06924	0	0.43122	0.00327	0.01674	0.03524
V422	0.00692	0.03976	0.04966	0.019	0.2148	0	0.35665	0	0.19327	0.11995
V423	0.03069	0.02062	0.32344	0.53459	0.05096	0.00342	0.0195	0.00058	0.0162	0
V424	0	0.80083	0.02538	0.01527	0.03513	0.04243	0.03628	0.0073	0.02671	0.01065
V425	0.63366	0.10005	0.05963	0.00145	0.0273	0.00418	0.02898	0.05351	0.09123	0
V426	0.00013	0.14721	0.04487	0.04275	0.60133	0.06639	0.02646	0	0.04358	0.02729
V427	0	0.24778	0.03122	0.01745	0.05272	0.59905	0.03436	0.00213	0.0153	0
V428	0.16071	0.25874	0.04183	0.0129	0.06163	0.00292	0.28479	0.07793	0.01324	0.08531
V429	0.83368	0.00544	0.09482	0.00395	0.02792	0.00206	0.02755	0	0.00457	0
V430	0.07152	0.0159	0.20169	0.4712	0.05691	0.00333	0.05115	0.00076	0.12753	0
V431	0.01312	0.04672	0.13775	0.34265	0.09082	0.01233	0.04037	0.23876	0.07747	0
V432	0.82365	0.00316	0.07601	0.00172	0.03104	0.00087	0.06355	0	0	0
V433	0.01114	0.07514	0.07501	0.02084	0.07717	0.00473	0.16932	0.00568	0.45519	0.10579
V434	0.77379	0.01235	0.14774	0.01005	0.02711	0.00158	0.02605	0	0.00134	0
V435	0.30427	0.01324	0.15946	0.0289	0.04922	0.01087	0.02419	0	0.32359	0.08627
V436	0.45092	0	0.06098	0.03909	0.04772	0.15324	0.21748	0.00614	0.01841	0.00602
V437	0.00329	0	0.02586	0.00851	0	0.0213	0.0268	0.00576	0.00819	0.90029
V438	0.01451	0.02891	0.22386	0.62431	0.0525	0.00444	0.01944	0.00763	0.01547	0.00893
V439	0.05437	0.00331	0.15494	0.32673	0.03474	0.02585	0.03711	0.12116	0.01284	0.22894
V440	0.00307	0.03861	0.01344	0.00817	0	0.00137	0.03024	0.0013	0.00916	0.89465
V441	0.38414	0.03915	0.12995	0.26764	0.13377	0.01428	0.02616	0	0.00489	0
V442	0.45263	0	0.08134	0.01259	0.03856	0.38882	0.02418	0.00188	0	0
V443	0.0195	0	0.04164	0.0145	0.07894	0	0.63373	0	0.01801	0.19368
V444	0.50061	0	0.19494	0.03577	0.02145	0.00518	0.09202	0	0.00331	0.14673
V445	0.00534	0.3935	0.11525	0.28506	0.04141	0.00436	0.0289	0	0.08148	0.0447
V446	0.00926	0.68795	0.03211	0.00984	0.08862	0.00389	0.12485	0	0.01891	0.02458
V447	0.0394	0.06005	0.03801	0.00648	0.30936	0.32279	0.04338	0.16608	0.01445	0
V448	0.00056	0.72163	0.06308	0.01363	0.0411	0.00473	0.11741	0	0.02611	0.01176
V449	0.00058	0.162	0.0393	0.02826	0.66371	0.00801	0.03596	0.02588	0.00788	0.02842
V450	0.39667	0	0.05804	0.01157	0.03661	0.46905	0.02551	0.00256	0	0
V451	0.12224	0	0.04597	0.01623	0.07878	0.05332	0.48024	0.18509	0.01813	0
V452	0.19606	0.00337	0.06221	0.09266	0.05781	0.0135	0.04507	0.33757	0.03476	0.15699
V453	0.56601	0.05301	0.09021	0.12356	0.05732	0.00642	0.04001	0	0.00143	0.06203
V454	0.00452	0.06229	0.07336	0.13232	0.33017	0.03873	0.31867	0	0.01717	0.02277
V455	0.22672	0.09205	0.03446	0.00399	0.42398	0.00567	0.02533	0	0.00263	0.18516
V456	0.76914	0.01671	0.13318	0.00741	0.02549	0.00639	0.03401	0.00366	0	0.00401
V457	0.01187	0.14875	0.20233	0.54389	0.04827	0.01118	0.0175	0.00054	0.01568	0
V458	0.01164	0.02549	0.20291	0.56644	0.05159	0.10005	0.01902	0.00183	0.01314	0.0079
V459	0.01813	0.0943	0.04463	0.01229	0.2719	0	0.43001	0	0.10381	0.02492
V460	0.01037	0	0.03104	0.01519	0.03254	0.02568	0.08628	0.43943	0.07591	0.28358
V461	0.02201	0.04534	0.05615	0.01658	0.0972	0.02339	0.66083	0.02669	0.03214	0.01967
V462	0.03374	0.01171	0.1637	0.01787	0.05283	0.02764	0.06115	0.59923	0.03213	0
V463	0.00707	0	0.10411	0.01651	0	0.00022	0.04575	0.00485	0.0073	0.8142
V464	0.00088	0.7979	0.07419	0.0267	0.03376	0.00689	0.01806	0	0.02909	0.01253
V465	0.02598	0.40305	0.09032	0.20428	0.05025	0.11274	0.03666	0.00441	0.06862	0.00369
V466	0.09541	0.0426	0.01907	0.00347	0.20817	0.00013	0.02509	0.00252	0.00909	0.59444
V467	0.02809	0.03911	0.05803	0.04728	0.05468	0.05405	0.06338	0.62296	0.03241	0
V468	0.01487	0.00021	0.03935	0.01321	0.0683	0.7016	0.08979	0.01747	0.0552	0
V469	0.08326	0.05608	0.05088	0.1057	0.06672	0.00982	0.02537	0.08551	0.01167	0.50499
V470	0.00516	0.09437	0.11768	0.0633	0.0548	0.62013	0.02798	0.00897	0.0076	0
V471	0.02305	0.01207	0.38509	0.03987	0.04938	0.00882	0.02463	0.07839	0.027	0.35169
V472	0.00185	0.11099	0.06761	0.12863	0.49368	0.07636	0.03482	0.05038	0.01303	0.02265
V473	0.03182	0.00444	0.55675	0.05794	0.0244	0.03698	0.01983	0.00205	0.01794	0.24786
V474	0.00268	0	0.01419	0.00342	0	0.02628	0.03155	0.00161	0.00841	0.91187
V475	0.00722	0.25663	0.11225	0.0257	0.17654	0	0.394	0	0.01688	0.01079
V476	0.16511	0.08474	0.27172	0.02894	0.3686	0	0.03504	0	0.00737	0.03848
V477	0.02621	0.26684	0.02829	0.01265	0.04654	0.32034	0.0553	0.22854	0.01528	0
V478	0.04746	0.05867	0.63969	0.07931	0.05622	0	0.01914	0.00113	0.04718	0.0512
V479	0.01582	0.06368	0.2531	0.51458	0.05836	0.00374	0.01883	0.00645	0.06545	0
V480	0.19979	0.16133	0.06438	0.06377	0.26615	0.0021	0.0236	0.00163	0.13999	0.07726
V481	0.04729	0.00756	0.06906	0.07829	0.0952	0	0.62317	0.00565	0.05475	0.01903
V482	0.02225	0.00736	0.05194	0.00817	0.05938	0.27945	0.12776	0.38694	0.03784	0.0189
V483	0.00836	0.36145	0.03818	0.01261	0.04294	0.02192	0.04657	0.43964	0.02834	0
V484	0.01981	0.00844	0.06666	0.0899	0.10819	0.27925	0.23737	0.08364	0.10675	0
V485	0.01778	0.27446	0.0438	0.0137	0.08009	0.00047	0.45663	0	0.10495	0.00812
V486	0.01646	0.00838	0.04209	0.01428	0.07854	0.50897	0.28737	0.00269	0.04122	0
V487	0.43739	0.0517	0.20687	0.0299	0.22594	0.0061	0.02302	0	0.00377	0.01531
V488	0.02362	0.00488	0.39957	0.05821	0.01368	0.00584	0.02079	0	0.04426	0.42917
V489	0.12379	0.04583	0.05628	0.03645	0.04769	0.02444	0.06211	0.55839	0.04325	0.00178
V490	0.00115	0.51896	0.03618	0.02083	0.06958	0.06864	0.02818	0.04308	0.16291	0.05049
V491	0.01168	0	0.00965	0.00115	0	0.00521	0.05324	0.12873	0.01601	0.77433
V492	0.02059	0.06925	0.05921	0.02428	0.06309	0.08761	0.10373	0	0.38881	0.18344
V493	0.15675	0.15189	0.35106	0.10905	0.15529	0.01435	0.01976	0.00698	0.02643	0.00844
V494	0.0218	0.02269	0.26129	0.04053	0.05766	0.03588	0.07136	0.30378	0.12672	0.05828
V495	0	0.1351	0.04622	0.0466	0.44361	0.17132	0.03435	0.03533	0.00524	0.08223
V496	0.03057	0.14129	0.50248	0.05136	0.04043	0.00693	0.03305	0.16701	0.01938	0.00751
V497	0.00353	0	0.01549	0.00883	0.05576	0.00131	0.02729	0.00548	0.00887	0.87344
V498	0.0148	0.01879	0.21697	0.53504	0.06178	0.00679	0.02409	0.09688	0.01664	0.00822
V499	0.18311	0	0.01919	0.00145	0	0.00067	0.02782	0.00495	0.00262	0.76019
V500	0.3989	0.00803	0.14128	0.01333	0.05276	0.14053	0.14623	0	0.01329	0.08565
V501	0.01511	0	0.18341	0.02439	0.01083	0.00996	0.03474	0.251	0.02422	0.44635
V502	0.01349	0.01407	0.18332	0.50051	0.05226	0.01547	0.04525	0.13466	0.03357	0.00741
V503	0.03952	0	0.05249	0.00621	0.05749	0.0315	0.0829	0.51427	0.16378	0.05183
V504	0.10535	0	0.03632	0.01139	0.05369	0.0811	0.275	0.30395	0.02262	0.1106
