CD19B	CD56NK	CD4MemoryT	CD14
V1	0.41919	0.11781	0.22529	0.23771
V2	0.138	0.21191	0.14688	0.50321
V3	0.05724	0.69013	0.01689	0.23574
V4	0.65718	0.20692	0.06021	0.07569
V5	0.09563	0.54916	0.20084	0.15436
V6	0.06511	0.87304	0	0.06185
V7	0.12734	0.45973	0.11204	0.30089
V8	0.14282	0.15098	0.61176	0.09445
V9	0.1956	0.3507	0.09808	0.35562
V10	0.06246	0.15884	0.67054	0.10816
V11	0.17946	0.43901	0.32018	0.06135
V12	0.04744	0.63731	0.24978	0.06547
V13	0.20727	0.72966	0	0.06308
V14	0.06105	0.89591	0	0.04304
V15	0.10693	0.65069	0.09379	0.14859
V16	0.68952	0.1336	0.09176	0.08513
V17	0.07479	0.8635	0	0.06171
V18	0.42064	0.43276	0.06408	0.08251
V19	0.13265	0.81654	0	0.05081
V20	0.14068	0.54839	0.04597	0.26496
V21	0.14145	0.18383	0.58133	0.09339
V22	0.04256	0.2236	0.25626	0.47758
V23	0.30778	0.15897	0.46241	0.07083
V24	0.72128	0.10998	0.10217	0.06657
V25	0.26321	0.34531	0.15501	0.23647
V26	0.29347	0.47752	0.04649	0.18252
V27	0.10108	0.17637	0.13514	0.58741
V28	0.05885	0.17189	0.70046	0.06881
V29	0.34381	0.14227	0.42331	0.09062
V30	0.09452	0.33472	0.26791	0.30285
V31	0.17224	0.30781	0.27571	0.24424
V32	0.07867	0.14971	0.15159	0.62003
V33	0.06037	0.56349	0.25617	0.11997
V34	0.14195	0.16665	0.5973	0.0941
V35	0.13742	0.74981	0.04398	0.06879
V36	0.04318	0.17178	0.43521	0.34982
V37	0.4083	0.18265	0.16151	0.24753
V38	0.33574	0.11487	0.23563	0.31376
V39	0.14066	0.62054	0.10268	0.13613
V40	0.08745	0.84843	0.0225	0.04161
V41	0.02574	0.73034	0.03507	0.20885
V42	0.1946	0.15361	0.26152	0.39027
V43	0.13057	0.4248	0.3631	0.08153
V44	0.05588	0.20805	0.56358	0.17249
V45	0.09169	0.6374	0.1595	0.11141
V46	0.59989	0.1688	0.16316	0.06815
V47	0.33716	0.29204	0.27534	0.09547
V48	0.60467	0.26428	0.05765	0.0734
V49	0.54642	0.28643	0.04967	0.11748
V50	0.06557	0.85724	0.0287	0.04848
V51	0.24162	0.47471	0.20616	0.07751
V52	0.06824	0.23469	0.60385	0.09322
V53	0.5445	0.21889	0.17439	0.06221
V54	0.32479	0.29501	0.30577	0.07443
V55	0.18299	0.24926	0.25826	0.30949
V56	0.05582	0.14485	0.19331	0.60602
V57	0.08264	0.86086	0	0.05649
V58	0.49104	0.1077	0.13252	0.26875
V59	0.32166	0.48685	0.10364	0.08786
V60	0.12767	0.27595	0.30656	0.28982
V61	0.60111	0.20117	0.07658	0.12114
V62	0.66621	0.12503	0.13463	0.07413
V63	0.03495	0.84432	0.05766	0.06308
V64	0.02366	0.84956	0	0.12678
V65	0.03774	0.13554	0.20486	0.62186
V66	0.17276	0.73174	0.00207	0.09343
V67	0.14618	0.41682	0.3707	0.06629
V68	0.14373	0.26937	0.11111	0.4758
V69	0.06162	0.40572	0.43679	0.09587
V70	0.40081	0.25688	0.20045	0.14187
V71	0.15568	0.19925	0.35254	0.29253
V72	0.4242	0.263	0.14099	0.17181
V73	0.13237	0.65693	0.10131	0.1094
V74	0.07894	0.33131	0.52597	0.06378
V75	0.53242	0.0999	0.23669	0.13099
V76	0.02922	0.30052	0.22417	0.44608
V77	0.04337	0.41271	0.07616	0.46776
V78	0.24432	0.23473	0.22385	0.2971
V79	0.05396	0.22688	0.59157	0.12759
V80	0.28554	0.13844	0.44885	0.12717
V81	0.08117	0.27903	0.57006	0.06974
V82	0.0567	0.19689	0.6737	0.07272
V83	0.12629	0.30005	0.14464	0.42901
V84	0.31045	0.16389	0.21976	0.3059
V85	0.10228	0.41614	0.31655	0.16502
V86	0.07881	0.18239	0.63692	0.10188
V87	0.04686	0.84998	0.01129	0.09187
V88	0.15487	0.18655	0.29578	0.3628
V89	0.04466	0.14547	0.27736	0.53251
V90	0.03916	0.90187	0.0033	0.05568
V91	0.05214	0.76197	0.11589	0.07
V92	0.35354	0.13952	0.35307	0.15387
V93	0.68136	0.09885	0.08331	0.13648
V94	0.03592	0.55072	0.05508	0.35827
V95	0.2028	0.50978	0.14113	0.14629
V96	0.07597	0.22586	0.13376	0.56441
V97	0.50891	0.2039	0.21999	0.0672
V98	0.51718	0.38802	0.03092	0.06388
V99	0.59999	0.14404	0.18621	0.06976
V100	0.10158	0.16389	0.64452	0.09
V101	0.0359	0.15322	0.13862	0.67225
V102	0.70853	0.14099	0.07651	0.07397
V103	0.0369	0.17379	0.19456	0.59475
V104	0.0364	0.9224	0	0.0412
V105	0.05403	0.90251	0	0.04346
V106	0.11167	0.57499	0.23001	0.08333
V107	0.16946	0.3095	0.42249	0.09855
V108	0.13177	0.78087	0.04475	0.04261
V109	0.05105	0.28542	0.45915	0.20438
V110	0.05557	0.8825	0	0.06193
V111	0.70282	0.08324	0.14229	0.07165
V112	0.13192	0.19257	0.38825	0.28727
V113	0.16793	0.23203	0.22661	0.37344
V114	0.21049	0.16911	0.17343	0.44696
V115	0.03389	0.77807	0.13737	0.05068
V116	0.13368	0.41132	0.29216	0.16284
V117	0.49684	0.34492	0.07226	0.08598
V118	0.13797	0.64298	0.03632	0.18272
V119	0.11516	0.20474	0.15143	0.52866
V120	0.10185	0.20009	0.61993	0.07812
V121	0.44086	0.23478	0.14558	0.17877
V122	0.74153	0.08947	0.09157	0.07743
V123	0.02605	0.60327	0.06511	0.30557
V124	0.48758	0.38014	0.03436	0.09793
V125	0.29318	0.48993	0.15103	0.06587
V126	0.05255	0.27838	0.14151	0.52756
V127	0.15477	0.17675	0.29244	0.37604
V128	0.04684	0.14502	0.21509	0.59305
V129	0.42647	0.32804	0.16861	0.07688
V130	0.03835	0.69697	0.21187	0.05281
V131	0.03329	0.87183	0	0.09488
V132	0.72024	0.08992	0.10761	0.08223
V133	0.69712	0.10525	0.12217	0.07546
V134	0.10179	0.49058	0.13943	0.26821
V135	0.08534	0.15177	0.25733	0.50556
V136	0.19561	0.49885	0.04487	0.26067
V137	0.48276	0.1443	0.26041	0.11253
V138	0.17345	0.48627	0.1634	0.17688
V139	0.27033	0.31581	0.20667	0.20718
V140	0.04478	0.22215	0.15589	0.57717
V141	0.0781	0.28367	0.43199	0.20624
V142	0.60055	0.09792	0.23454	0.06699
V143	0.32155	0.36467	0.10996	0.20382
V144	0.15092	0.28115	0.20884	0.35908
V145	0.03294	0.7817	0.13521	0.05015
V146	0.0658	0.14191	0.15419	0.63809
V147	0.69751	0.11129	0.09599	0.09521
V148	0.13544	0.20555	0.46413	0.19488
V149	0.20868	0.57235	0.16243	0.05653
V150	0.09554	0.35328	0.43406	0.11712
V151	0.16696	0.67939	0.02551	0.12814
V152	0.18661	0.51764	0.17677	0.11899
V153	0.08927	0.78891	0	0.12182
V154	0.19575	0.52233	0.20604	0.07588
V155	0.35486	0.2526	0.26559	0.12694
V156	0.06735	0.26806	0.51806	0.14653
V157	0.24251	0.27416	0.28726	0.19608
V158	0.03655	0.13482	0.1531	0.67553
V159	0.67171	0.15971	0.06933	0.09924
V160	0.52606	0.10688	0.14707	0.21998
V161	0.18917	0.1304	0.14864	0.53179
V162	0.07125	0.41988	0.12784	0.38103
V163	0.09006	0.56892	0.14763	0.19339
V164	0.26023	0.40852	0.12812	0.20313
V165	0.03289	0.39181	0.07566	0.49964
V166	0.03527	0.23082	0.16766	0.56625
V167	0.29174	0.11144	0.12122	0.47561
V168	0.22056	0.62513	0.06388	0.09043
V169	0.17097	0.18052	0.1446	0.5039
V170	0.11646	0.15923	0.45425	0.27007
V171	0.13303	0.34878	0.42685	0.09134
V172	0.54302	0.10304	0.28312	0.07082
V173	0.04305	0.27938	0.13599	0.54158
V174	0.03825	0.29905	0.15491	0.5078
V175	0.08758	0.15299	0.6063	0.15314
V176	0.03309	0.82681	0.09153	0.04856
V177	0.02725	0.92085	0	0.0519
V178	0.02325	0.80048	0	0.17627
V179	0.15812	0.14274	0.3729	0.32624
V180	0.04086	0.90346	0.01581	0.03987
V181	0.15486	0.25701	0.42411	0.16401
V182	0.24209	0.29331	0.36178	0.10282
V183	0.1459	0.80588	0	0.04822
V184	0.76378	0.07933	0.08812	0.06877
V185	0.42428	0.49289	0.0261	0.05674
V186	0.1097	0.55275	0.20324	0.13431
V187	0.73246	0.08949	0.10656	0.07149
V188	0.06553	0.3622	0.07883	0.49344
V189	0.6167	0.1174	0.10068	0.16521
V190	0.49917	0.11783	0.31195	0.07105
V191	0.16888	0.31892	0.42032	0.09188
V192	0.2305	0.54662	0.06077	0.16211
V193	0.4495	0.14535	0.25925	0.1459
V194	0.04587	0.89513	0	0.05899
V195	0.0622	0.16989	0.69375	0.07416
V196	0.03475	0.20175	0.13068	0.63282
V197	0.32734	0.16833	0.12205	0.38228
V198	0.07363	0.57195	0.25843	0.09599
V199	0.15605	0.15561	0.24738	0.44096
V200	0.11415	0.63797	0.02833	0.21954
V201	0.09023	0.61784	0.14712	0.14481
V202	0.05684	0.16248	0.59932	0.18136
V203	0.14822	0.50153	0.27815	0.0721
V204	0.02469	0.63233	0.02647	0.31651
V205	0.0631	0.19479	0.65883	0.08328
V206	0.07965	0.22791	0.62041	0.07202
V207	0.12562	0.31863	0.12826	0.42749
V208	0.21915	0.19353	0.51125	0.07607
V209	0.22979	0.54278	0.07654	0.15089
V210	0.07936	0.7916	0.048	0.08103
V211	0.33751	0.12964	0.1356	0.39725
V212	0.38919	0.1566	0.37416	0.08005
V213	0.47712	0.14036	0.17619	0.20633
V214	0.25732	0.28077	0.19871	0.2632
V215	0.23891	0.22422	0.11113	0.42574
V216	0.05009	0.13424	0.15174	0.66394
V217	0.05629	0.57032	0.18656	0.18682
V218	0.08911	0.53411	0.15668	0.2201
V219	0.09515	0.7013	0.01079	0.19276
V220	0.02447	0.8363	0	0.13923
V221	0.62147	0.09433	0.09498	0.18922
V222	0.25111	0.25609	0.31882	0.17398
V223	0.05234	0.26985	0.55896	0.11885
V224	0.75118	0.08186	0.09802	0.06894
V225	0.05664	0.89379	0.00476	0.04481
V226	0.25584	0.20724	0.463	0.07392
V227	0.5957	0.09802	0.23074	0.07554
V228	0.57415	0.17013	0.12786	0.12787
V229	0.06725	0.16786	0.67385	0.09104
V230	0.03658	0.15401	0.14844	0.66097
V231	0.04098	0.40198	0.15363	0.40341
V232	0.04839	0.7236	0	0.22801
V233	0.41901	0.20149	0.22372	0.15578
V234	0.04801	0.8971	0	0.05489
V235	0.29804	0.18452	0.42918	0.08826
V236	0.0765	0.20639	0.59413	0.12298
V237	0.14951	0.13401	0.15227	0.56422
V238	0.12026	0.60502	0.18708	0.08763
V239	0.06744	0.51456	0.06127	0.35673
V240	0.37331	0.15661	0.36924	0.10085
V241	0.06524	0.15708	0.65797	0.11971
V242	0.11614	0.78398	0.04597	0.05391
V243	0.21223	0.17391	0.49272	0.12115
V244	0.19125	0.14114	0.5392	0.12841
V245	0.43707	0.38649	0.0786	0.09784
V246	0.07957	0.27803	0.55804	0.08436
V247	0.16566	0.15739	0.60839	0.06856
V248	0.04138	0.16367	0.164	0.63095
V249	0.05279	0.18522	0.64434	0.11766
V250	0.57967	0.10028	0.24857	0.07147
V251	0.72196	0.12911	0.07851	0.07042
V252	0.03337	0.85237	0.07301	0.04126
V253	0.28564	0.19337	0.21621	0.30478
V254	0.031	0.92387	0	0.04513
V255	0.04761	0.88109	0	0.07131
V256	0.16094	0.32656	0.39109	0.12141
V257	0.32127	0.21937	0.24886	0.2105
V258	0.15788	0.37236	0.32933	0.14043
V259	0.06521	0.39671	0.44494	0.09314
V260	0.04879	0.39004	0.49687	0.0643
V261	0.45775	0.14408	0.23311	0.16507
V262	0.10081	0.18557	0.13296	0.58067
V263	0.02797	0.91395	0	0.05808
V264	0.15696	0.1721	0.38967	0.28127
V265	0.04788	0.13612	0.23547	0.58053
V266	0.4838	0.4328	0.02899	0.05441
V267	0.0304	0.31001	0.28379	0.3758
V268	0.30381	0.1459	0.21197	0.33831
V269	0.03748	0.61312	0.2611	0.0883
V270	0.4771	0.13485	0.26345	0.1246
V271	0.59704	0.16498	0.10372	0.13426
V272	0.05338	0.8328	0	0.11382
V273	0.06444	0.15201	0.15911	0.62444
V274	0.52582	0.10066	0.23086	0.14266
V275	0.05842	0.17076	0.69693	0.07389
V276	0.3715	0.43181	0.04287	0.15381
V277	0.04858	0.33709	0.20368	0.41065
V278	0.05472	0.19783	0.31838	0.42907
V279	0.51038	0.16577	0.16684	0.15701
V280	0.03655	0.13482	0.1531	0.67553
V281	0.40975	0.14695	0.20018	0.24312
V282	0.08017	0.20747	0.59981	0.11255
V283	0.16835	0.63455	0.05581	0.14129
V284	0.04011	0.91247	0.00151	0.0459
V285	0.0993	0.15753	0.67326	0.06991
V286	0.19161	0.60468	0.08805	0.11565
V287	0.08193	0.85728	0	0.06078
V288	0.04398	0.3935	0.33875	0.22377
V289	0.22485	0.32932	0.33129	0.11454
V290	0.62291	0.25251	0.06401	0.06058
V291	0.37214	0.18511	0.36821	0.07454
V292	0.72127	0.08804	0.08328	0.10742
V293	0.24973	0.1449	0.50701	0.09835
V294	0.08122	0.48462	0.04975	0.3844
V295	0.04368	0.3086	0.22747	0.42024
V296	0.16489	0.24885	0.46129	0.12497
V297	0.07957	0.13076	0.18809	0.60159
V298	0.24756	0.22591	0.4535	0.07304
V299	0.06985	0.40047	0.08291	0.44676
V300	0.03048	0.16733	0.29055	0.51164
V301	0.12689	0.2434	0.48926	0.14045
V302	0.48576	0.42527	0.0261	0.06288
V303	0.03526	0.6455	0.24569	0.07354
V304	0.0775	0.16989	0.57654	0.17607
V305	0.12163	0.28593	0.37635	0.21608
V306	0.60005	0.19271	0.1095	0.09773
V307	0.02932	0.91752	0	0.05317
V308	0.1865	0.34238	0.26489	0.20622
V309	0.25141	0.41929	0.07135	0.25795
V310	0.07695	0.43076	0.16849	0.3238
V311	0.38469	0.5471	0.01258	0.05563
V312	0.08687	0.76377	0.08401	0.06535
V313	0.03085	0.23969	0.12808	0.60138
V314	0.03492	0.56876	0.11311	0.28321
V315	0.10435	0.68195	0.03111	0.18259
V316	0.24354	0.25658	0.33102	0.16886
V317	0.0776	0.74211	0.02938	0.15092
V318	0.04457	0.6395	0.0286	0.28733
V319	0.08195	0.20004	0.62293	0.09508
V320	0.09266	0.27369	0.48702	0.14662
V321	0.47597	0.44274	0.02698	0.05431
V322	0.15951	0.42685	0.11112	0.30252
V323	0.06627	0.15154	0.1975	0.58469
V324	0.48249	0.34703	0.09918	0.0713
V325	0.23392	0.67947	0.03415	0.05246
V326	0.02336	0.63676	0.08605	0.25383
V327	0.03893	0.27929	0.17851	0.50327
V328	0.0731	0.16958	0.57581	0.18151
V329	0.15231	0.242	0.21963	0.38606
V330	0.30282	0.13088	0.33377	0.23253
V331	0.27052	0.21227	0.12936	0.38785
V332	0.03876	0.18518	0.25362	0.52244
V333	0.32118	0.19608	0.34247	0.14027
V334	0.28025	0.13401	0.3472	0.23854
V335	0.05822	0.43342	0.36906	0.13931
V336	0.14352	0.7361	0.00371	0.11667
V337	0.21856	0.47694	0.2267	0.07781
V338	0.01913	0.93797	0	0.0429
V339	0.13554	0.15269	0.63767	0.0741
V340	0.06974	0.34768	0.40248	0.18009
V341	0.04138	0.16328	0.17777	0.61756
V342	0.21322	0.1367	0.49403	0.15605
V343	0.74712	0.09591	0.08555	0.07142
V344	0.4986	0.2476	0.19193	0.06187
V345	0.0616	0.17081	0.69851	0.06909
V346	0.19022	0.24077	0.28425	0.28476
V347	0.05702	0.14513	0.22508	0.57276
V348	0.05802	0.69959	0.10026	0.14214
V349	0.26432	0.28154	0.32136	0.13279
V350	0.0422	0.82106	0.093	0.04374
V351	0.04914	0.17033	0.38552	0.39501
V352	0.07751	0.16429	0.63221	0.12599
V353	0.66081	0.11431	0.11153	0.11335
V354	0.05709	0.72197	0.14338	0.07757
V355	0.22351	0.20463	0.38944	0.18243
V356	0.04652	0.15268	0.20618	0.59461
V357	0.10548	0.43278	0.2393	0.22244
V358	0.39989	0.21995	0.12107	0.25909
V359	0.42664	0.17001	0.11749	0.28586
V360	0.40213	0.50387	0.03403	0.05997
V361	0.04065	0.52733	0.37216	0.05987
V362	0.01956	0.93732	0	0.04311
V363	0.1555	0.24639	0.38769	0.21043
V364	0.15175	0.19674	0.51899	0.13251
V365	0.22018	0.14935	0.12545	0.50502
V366	0.06835	0.72706	0.05711	0.14748
V367	0.42072	0.25441	0.07413	0.25074
V368	0.07891	0.7625	0.04638	0.11222
V369	0.05173	0.48495	0.40146	0.06186
V370	0.23223	0.37336	0.31293	0.08148
V371	0.15008	0.75129	0.00567	0.09296
V372	0.14797	0.18497	0.20103	0.46603
V373	0.08686	0.27184	0.39339	0.24792
V374	0.5864	0.10663	0.24029	0.06668
V375	0.05639	0.1738	0.23066	0.53915
V376	0.0468	0.16364	0.20338	0.58618
V377	0.60074	0.08729	0.10351	0.20846
V378	0.04491	0.16999	0.39175	0.39334
V379	0.25806	0.31727	0.07942	0.34525
V380	0.1374	0.20686	0.24869	0.40705
V381	0.5436	0.11392	0.16427	0.17822
V382	0.1028	0.17422	0.64881	0.07417
V383	0.62584	0.09453	0.13032	0.14931
V384	0.40774	0.19318	0.18224	0.21685
V385	0.63954	0.10721	0.14656	0.10669
V386	0.24227	0.14049	0.21993	0.39731
V387	0.42098	0.25445	0.20388	0.12069
V388	0.27305	0.42407	0.14793	0.15495
V389	0.30191	0.58675	0.01511	0.09624
V390	0.23381	0.35586	0.34759	0.06274
V391	0.31625	0.22733	0.10095	0.35547
V392	0.30711	0.33082	0.17959	0.18248
V393	0.21813	0.34023	0.28884	0.15279
V394	0.0862	0.35412	0.16136	0.39832
V395	0.17395	0.47732	0.17735	0.17139
V396	0.02764	0.91448	0	0.05788
V397	0.57031	0.18687	0.15072	0.0921
V398	0.32873	0.2539	0.15302	0.26435
V399	0.15404	0.60822	0.11679	0.12095
V400	0.02251	0.65317	0.06501	0.25931
V401	0.06871	0.28582	0.52656	0.11891
V402	0.59364	0.264	0.08245	0.0599
V403	0.04171	0.15381	0.18596	0.61853
V404	0.09603	0.31755	0.45605	0.13038
V405	0.18627	0.16215	0.2357	0.41588
V406	0.46271	0.34924	0.0595	0.12854
V407	0.01913	0.93797	0	0.0429
V408	0.08997	0.36366	0.32537	0.221
V409	0.03211	0.14623	0.15018	0.67148
V410	0.07602	0.86171	0	0.06227
V411	0.34667	0.11629	0.1065	0.43055
V412	0.14786	0.21082	0.41636	0.22495
V413	0.0588	0.56505	0.15758	0.21857
V414	0.05587	0.57464	0.23614	0.13336
V415	0.33268	0.15293	0.26469	0.2497
V416	0.0598	0.21321	0.65933	0.06765
V417	0.28226	0.66555	0	0.05219
V418	0.07669	0.23951	0.21029	0.4735
V419	0.03667	0.13488	0.15922	0.66924
V420	0.02169	0.8737	0	0.1046
V421	0.15251	0.17976	0.52499	0.14274
V422	0.05315	0.18981	0.13271	0.62433
V423	0.10158	0.16389	0.64452	0.09
V424	0.04271	0.19449	0.50233	0.26048
V425	0.07281	0.35599	0.43818	0.13302
V426	0.10568	0.18596	0.58955	0.11882
V427	0.06721	0.49478	0.18087	0.25715
V428	0.07809	0.79296	0.02313	0.10582
V429	0.03678	0.1347	0.16614	0.66239
V430	0.54558	0.26878	0.07242	0.11321
V431	0.16391	0.16267	0.40406	0.26936
V432	0.10434	0.22491	0.14865	0.5221
V433	0.05213	0.76944	0	0.17843
V434	0.26217	0.20141	0.14203	0.3944
V435	0.3827	0.1282	0.19458	0.29452
V436	0.29735	0.1356	0.19593	0.37113
V437	0.18725	0.35024	0.07549	0.38702
V438	0.44114	0.27238	0.09083	0.19566
V439	0.04862	0.22851	0.12273	0.60015
V440	0.36618	0.15697	0.12632	0.35053
V441	0.08005	0.26654	0.4639	0.18951
V442	0.23549	0.43788	0.14226	0.18437
V443	0.55057	0.10508	0.16574	0.17861
V444	0.0616	0.17081	0.69851	0.06909
V445	0.45764	0.13384	0.32393	0.0846
V446	0.04659	0.84119	0.01405	0.09817
V447	0.45429	0.20786	0.20474	0.13312
V448	0.04245	0.20437	0.25497	0.4982
V449	0.41189	0.15822	0.29459	0.1353
V450	0.11657	0.84409	0	0.03934
V451	0.70863	0.14017	0.07156	0.07963
V452	0.0513	0.14486	0.18626	0.61757
V453	0.594	0.17726	0.1244	0.10434
V454	0.02033	0.92513	0	0.05455
V455	0.43971	0.14777	0.29945	0.11306
V456	0.25105	0.24683	0.33289	0.16923
V457	0.03209	0.15396	0.14321	0.67074
V458	0.21049	0.34935	0.07149	0.36867
V459	0.03204	0.81173	0.04632	0.10991
V460	0.72601	0.08982	0.10679	0.07738
V461	0.06511	0.15971	0.1387	0.63648
V462	0.26247	0.36282	0.05795	0.31675
V463	0.19446	0.54425	0.13343	0.12786
V464	0.37837	0.2201	0.08596	0.31557
V465	0.29138	0.51034	0.04718	0.1511
V466	0.42512	0.29901	0.06375	0.21211
V467	0.23563	0.62473	0.06253	0.07711
V468	0.35808	0.48327	0.0644	0.09425
V469	0.04637	0.3083	0.28277	0.36257
V470	0.39495	0.24019	0.20365	0.16121
V471	0.21505	0.23638	0.12383	0.42475
V472	0.24341	0.43856	0.04156	0.27646
V473	0.09661	0.60161	0.23142	0.07037
V474	0.11788	0.12846	0.20861	0.54505
V475	0.14988	0.49222	0.10255	0.25536
V476	0.1485	0.14548	0.1685	0.53752
V477	0.43581	0.15336	0.23983	0.171
V478	0.11336	0.65348	0.01441	0.21875
V479	0.05833	0.22532	0.58835	0.128
V480	0.07611	0.42766	0.10317	0.39306
V481	0.14959	0.15965	0.612	0.07876
V482	0.50129	0.26569	0.14415	0.08887
V483	0.12127	0.24272	0.15972	0.47629
V484	0.03986	0.20236	0.14336	0.61442
V485	0.10164	0.76688	0	0.13148
V486	0.20875	0.37847	0.15263	0.26014
V487	0.07905	0.18042	0.1875	0.55304
V488	0.05346	0.15666	0.65051	0.13936
V489	0.19009	0.23189	0.5046	0.07342
V490	0.25126	0.41784	0.10394	0.22696
V491	0.31923	0.5402	0.04306	0.09752
V492	0.03968	0.84857	0.06307	0.04868
V493	0.03727	0.13487	0.14251	0.68535
V494	0.1692	0.28228	0.40446	0.14406
V495	0.17642	0.66022	0.09714	0.06622
V496	0.20661	0.71287	0	0.08052
V497	0.06263	0.16261	0.70022	0.07455
V498	0.2448	0.23205	0.13682	0.38633
V499	0.44537	0.36065	0.13229	0.06168
V500	0.10844	0.25674	0.53656	0.09826
V501	0.03277	0.13504	0.16611	0.66608
V502	0.3925	0.3735	0.15307	0.08092
V503	0.16749	0.23284	0.23869	0.36098
V504	0.17915	0.72733	0	0.09352
V505	0.16345	0.33572	0.24471	0.25611
V506	0.09085	0.37186	0.35233	0.18495
V507	0.44184	0.21723	0.16677	0.17416
V508	0.54495	0.26906	0.09104	0.09495
V509	0.19351	0.19764	0.41954	0.18931
V510	0.18079	0.57363	0.18876	0.05682
V511	0.04926	0.52467	0.08194	0.34413
V512	0.20147	0.17957	0.17234	0.44663
V513	0.07204	0.68461	0.14505	0.09829
V514	0.03563	0.19087	0.12923	0.64426
V515	0.56115	0.16967	0.11811	0.15106
V516	0.68989	0.17657	0.06439	0.06914
V517	0.05376	0.16645	0.30246	0.47733
V518	0.73657	0.11773	0.07504	0.07066
V519	0.03693	0.85206	0	0.11101
V520	0.0604	0.14719	0.51556	0.27685
V521	0.41703	0.16055	0.33301	0.0894
V522	0.04499	0.26805	0.45333	0.23363
V523	0.26694	0.25175	0.25949	0.22182
V524	0.03191	0.78647	0.11221	0.06941
V525	0.2024	0.33141	0.09695	0.36923
V526	0.46601	0.19479	0.14132	0.19788
V527	0.1796	0.16079	0.37165	0.28796
V528	0.07997	0.84307	0	0.07696
V529	0.07321	0.20282	0.26995	0.45402
V530	0.04887	0.33037	0.48851	0.13224
V531	0.03517	0.87821	0.04584	0.04078
V532	0.1448	0.43932	0.07693	0.33896
V533	0.21354	0.44954	0.14189	0.19503
V534	0.05073	0.1603	0.56226	0.22671
V535	0.42575	0.0962	0.11687	0.36118
V536	0.17312	0.13207	0.36802	0.32678
V537	0.42446	0.355	0.15467	0.06587
V538	0.34081	0.17846	0.16356	0.31716
V539	0.2028	0.50978	0.14113	0.14629
V540	0.15959	0.72398	0.0427	0.07374
V541	0.0331	0.59488	0.07835	0.29367
V542	0.16617	0.2607	0.26361	0.30953
V543	0.66768	0.0919	0.09621	0.14421
V544	0.10477	0.22787	0.22914	0.43822
V545	0.27411	0.2672	0.13782	0.32087
V546	0.05323	0.89026	0.00983	0.04669
V547	0.05497	0.67734	0.20337	0.06432
V548	0.13146	0.78105	0.03699	0.05049
V549	0.26494	0.16295	0.49563	0.07649
V550	0.44393	0.13883	0.09264	0.3246
V551	0.14357	0.75674	0.01268	0.08701
V552	0.01853	0.62436	0.02881	0.32831
V553	0.19432	0.27254	0.45093	0.08221
V554	0.06443	0.21819	0.13648	0.5809
V555	0.08763	0.35538	0.29283	0.26416
V556	0.05521	0.17782	0.67245	0.09452
V557	0.60985	0.12757	0.09159	0.17099
V558	0.06222	0.80683	0.00534	0.12561
V559	0.03386	0.81651	0.10636	0.04328
V560	0.50758	0.40461	0.0284	0.05941
V561	0.05842	0.17076	0.69693	0.07389
V562	0.57696	0.10538	0.18073	0.13693
V563	0.21591	0.14319	0.56814	0.07276
V564	0.08213	0.21697	0.61747	0.08343
V565	0.11832	0.37681	0.30524	0.19964
V566	0.51185	0.20911	0.07624	0.2028
V567	0.17172	0.53535	0.05196	0.24097
V568	0.20413	0.1307	0.1652	0.49997
V569	0.51519	0.13822	0.07813	0.26846
V570	0.06083	0.39712	0.43349	0.10857
V571	0.60607	0.22762	0.05757	0.10874
V572	0.33808	0.13339	0.39149	0.13703
V573	0.0677	0.30567	0.0986	0.52803
V574	0.05084	0.79487	0.09545	0.05884
V575	0.04097	0.22254	0.20745	0.52904
V576	0.12979	0.81662	0.00197	0.05163
V577	0.05701	0.18484	0.2711	0.48705
V578	0.07443	0.21282	0.52638	0.18637
V579	0.03083	0.87482	0.03263	0.06172
V580	0.14277	0.13814	0.20643	0.51265
V581	0.06801	0.20797	0.12222	0.60181
V582	0.41986	0.26485	0.0947	0.22059
V583	0.04581	0.19369	0.48625	0.27425
V584	0.37593	0.26916	0.26529	0.08962
V585	0.04626	0.153	0.41976	0.38099
V586	0.20361	0.14796	0.51446	0.13396
V587	0.22842	0.14881	0.53061	0.09216
V588	0.46519	0.15849	0.11033	0.266
V589	0.05494	0.82844	0.02313	0.09348
V590	0.05651	0.77874	0.11362	0.05113
V591	0.03572	0.17607	0.26851	0.5197
V592	0.15672	0.17688	0.59882	0.06758
V593	0.43317	0.10608	0.2403	0.22045
V594	0.25238	0.38808	0.26496	0.09458
V595	0.04121	0.15324	0.14789	0.65766
V596	0.05144	0.40373	0.22143	0.32339
V597	0.03203	0.62931	0.22793	0.11073
V598	0.06096	0.25359	0.60443	0.08102
V599	0.4531	0.41322	0.0601	0.07358
V600	0.25902	0.54741	0.06173	0.13184
V601	0.13821	0.39356	0.12718	0.34105
V602	0.04148	0.15282	0.14331	0.66239
V603	0.02819	0.48854	0.06447	0.4188
V604	0.37729	0.23586	0.30098	0.08587
V605	0.07412	0.43708	0.30732	0.18148
V606	0.52782	0.26213	0.06929	0.14076
V607	0.47905	0.12126	0.18043	0.21926
V608	0.18228	0.28961	0.32515	0.20297
V609	0.04854	0.36488	0.23778	0.3488
V610	0.56324	0.1234	0.16037	0.15299
V611	0.23564	0.12723	0.16208	0.47505
V612	0.06635	0.23336	0.58385	0.11644
V613	0.06433	0.4322	0.41284	0.09063
V614	0.554	0.17002	0.1187	0.15728
V615	0.12482	0.18637	0.1211	0.56771
V616	0.06708	0.74521	0.02996	0.15775
V617	0.35214	0.27363	0.31228	0.06195
V618	0.55514	0.10145	0.08502	0.25839
V619	0.2936	0.15868	0.31647	0.23126
V620	0.03835	0.69697	0.21187	0.05281
V621	0.31216	0.27511	0.19863	0.2141
V622	0.26993	0.33528	0.31211	0.08268
V623	0.04158	0.21368	0.22199	0.52274
V624	0.58886	0.29295	0.04621	0.07199
V625	0.20062	0.56391	0.09192	0.14355
V626	0.73744	0.10914	0.07685	0.07658
V627	0.03272	0.15506	0.18621	0.62601
V628	0.02652	0.35328	0.10138	0.51882
V629	0.1153	0.4044	0.24588	0.23442
V630	0.06395	0.43251	0.40849	0.09504
V631	0.04023	0.32713	0.16648	0.46616
V632	0.43598	0.10573	0.20677	0.25152
V633	0.05105	0.18317	0.61524	0.15054
V634	0.29842	0.36739	0.27245	0.06174
V635	0.03934	0.78431	0	0.17635
V636	0.12635	0.24265	0.48361	0.14739
V637	0.23354	0.31933	0.14077	0.30636
V638	0.27586	0.37049	0.11255	0.2411
V639	0.21249	0.50425	0.23072	0.05254
V640	0.06984	0.28628	0.54215	0.10173
V641	0.66107	0.13433	0.09879	0.10581
V642	0.56006	0.27615	0.0507	0.11309
V643	0.0406	0.32084	0.37004	0.26851
V644	0.68647	0.16877	0.07201	0.07274
V645	0.2052	0.48776	0.23551	0.07153
V646	0.02851	0.92854	0	0.04296
V647	0.14409	0.22556	0.52196	0.10839
V648	0.29831	0.50567	0.12031	0.0757
V649	0.06878	0.20841	0.61186	0.11095
V650	0.07854	0.23289	0.5709	0.11767
V651	0.25858	0.13773	0.53128	0.07242
V652	0.09495	0.23316	0.38459	0.28729
V653	0.10438	0.70231	0.06922	0.12409
V654	0.49898	0.30037	0.09878	0.10187
V655	0.04509	0.64667	0.03296	0.27528
V656	0.16978	0.38968	0.07439	0.36616
V657	0.03948	0.20225	0.13048	0.62779
V658	0.42959	0.31738	0.10163	0.15141
V659	0.25263	0.21938	0.32889	0.1991
V660	0.03442	0.90708	0	0.0585
V661	0.05807	0.52376	0.08724	0.33093
V662	0.31537	0.14321	0.40433	0.13709
V663	0.20217	0.20875	0.44758	0.1415
V664	0.18072	0.20331	0.51251	0.10346
V665	0.49458	0.29195	0.08985	0.12362
V666	0.43587	0.1037	0.18395	0.27648
V667	0.56808	0.17266	0.19545	0.06381
V668	0.1048	0.81906	0.03349	0.04265
V669	0.18188	0.49007	0.20284	0.1252
V670	0.0633	0.87567	0	0.06103
V671	0.26575	0.3853	0.22588	0.12306
V672	0.06283	0.17723	0.66461	0.09533
V673	0.1826	0.45794	0.19937	0.16009
V674	0.5208	0.2541	0.07786	0.14724
V675	0.12508	0.42993	0.25984	0.18516
V676	0.04467	0.25173	0.18519	0.51841
V677	0.27815	0.48504	0.10272	0.13409
V678	0.37708	0.5493	0.01787	0.05575
V679	0.07055	0.41786	0.44352	0.06808
V680	0.23033	0.60099	0.10669	0.06199
V681	0.67456	0.16125	0.08042	0.08378
V682	0.10736	0.40325	0.39692	0.09248
V683	0.02931	0.93282	0	0.03786
V684	0.5002	0.2638	0.1332	0.1028
V685	0.35419	0.43213	0.12457	0.0891
V686	0.08767	0.31533	0.19712	0.39988
V687	0.04157	0.14503	0.1499	0.6635
V688	0.2734	0.58352	0.00676	0.13632
V689	0.21282	0.11826	0.16206	0.50686
V690	0.35052	0.16822	0.36885	0.11241
V691	0.15797	0.15186	0.61696	0.07321
V692	0.09441	0.27455	0.51617	0.11487
V693	0.19095	0.24234	0.33099	0.23572
V694	0.04248	0.16918	0.32355	0.46479
V695	0.20309	0.13406	0.23325	0.42959
V696	0.07669	0.21752	0.12865	0.57714
V697	0.03588	0.18341	0.13516	0.64555
V698	0.6217	0.09492	0.09972	0.18365
V699	0.40049	0.38092	0.09794	0.12066
V700	0.196	0.15074	0.12131	0.53195
V701	0.09854	0.59725	0.09993	0.20428
V702	0.40155	0.19998	0.09438	0.3041
V703	0.13219	0.19259	0.41907	0.25615
V704	0.60555	0.14799	0.10013	0.14633
V705	0.73764	0.08249	0.09299	0.08687
V706	0.09575	0.195	0.57888	0.13037
V707	0.06158	0.50792	0.34328	0.08722
V708	0.04514	0.85849	0	0.09637
V709	0.12983	0.37272	0.38251	0.11494
V710	0.42981	0.31752	0.09504	0.15762
V711	0.0798	0.80678	0.04408	0.06934
V712	0.60613	0.15708	0.07962	0.15717
V713	0.31346	0.40386	0.07393	0.20875
V714	0.02474	0.72679	0.01575	0.23272
V715	0.22922	0.42413	0.2434	0.10325
V716	0.05046	0.17329	0.15978	0.61646
V717	0.0634	0.88173	0	0.05487
V718	0.12471	0.61105	0.13804	0.1262
V719	0.05446	0.74545	0.025	0.17509
V720	0.51507	0.10302	0.26205	0.11986
V721	0.12161	0.29539	0.37968	0.20333
V722	0.08238	0.4567	0.068	0.39293
V723	0.10865	0.21554	0.11528	0.56052
V724	0.42634	0.14383	0.16228	0.26755
V725	0.05102	0.23701	0.61922	0.09275
V726	0.04875	0.48727	0.13886	0.32512
V727	0.20515	0.68406	0.05791	0.05287
V728	0.04092	0.87946	0.03289	0.04673
V729	0.31122	0.13509	0.22723	0.32646
V730	0.67616	0.12557	0.11263	0.08564
V731	0.05304	0.32895	0.3371	0.28091
V732	0.26877	0.20949	0.32278	0.19897
V733	0.46032	0.29763	0.0835	0.15855
V734	0.19481	0.40311	0.34002	0.06206
V735	0.05271	0.17124	0.43367	0.34238
V736	0.13486	0.13498	0.13634	0.59382
V737	0.24383	0.38962	0.21608	0.15047
V738	0.08572	0.43317	0.33531	0.14579
V739	0.04213	0.15825	0.50762	0.292
V740	0.62237	0.18564	0.12046	0.07153
V741	0.35338	0.22559	0.17426	0.24678
V742	0.2983	0.6518	0.00392	0.04598
V743	0.13851	0.26997	0.50867	0.08284
V744	0.3818	0.16206	0.31477	0.14138
V745	0.03723	0.71958	0.12095	0.12224
V746	0.76454	0.08015	0.08266	0.07265
V747	0.07605	0.15022	0.56725	0.20648
V748	0.1254	0.24279	0.45519	0.17662
V749	0.21893	0.3004	0.12344	0.35723
V750	0.29743	0.5357	0.03525	0.13162
V751	0.05014	0.86422	0	0.08564
V752	0.33051	0.33897	0.15473	0.17579
V753	0.03592	0.14527	0.13987	0.67894
V754	0.02566	0.88684	0	0.08749
V755	0.13405	0.32234	0.29907	0.24453
V756	0.04189	0.14581	0.16766	0.64464
V757	0.24943	0.6307	0.04898	0.07089
V758	0.05364	0.77368	0.07255	0.10013
V759	0.12501	0.20231	0.36798	0.3047
V760	0.23143	0.19049	0.29195	0.28613
V761	0.06966	0.62238	0.19543	0.11253
V762	0.02189	0.49702	0.06329	0.4178
V763	0.27984	0.45202	0.06116	0.20698
V764	0.02603	0.88612	0	0.08784
V765	0.49623	0.20612	0.0633	0.23435
V766	0.04443	0.43009	0.33424	0.19124
V767	0.34851	0.24362	0.24647	0.16141
V768	0.05346	0.885	0	0.06154
V769	0.11882	0.82941	0	0.05177
V770	0.02851	0.92854	0	0.04296
V771	0.16537	0.15694	0.59935	0.07834
V772	0.1437	0.18691	0.59731	0.07208
V773	0.13265	0.81654	0	0.05081
V774	0.06718	0.15844	0.67851	0.09588
V775	0.11363	0.18026	0.30939	0.39672
V776	0.30752	0.49866	0.06542	0.12841
V777	0.15211	0.25196	0.19665	0.39928
V778	0.38019	0.37556	0.10119	0.14307
V779	0.15805	0.18285	0.42283	0.23626
V780	0.09541	0.78685	0.07359	0.04416
V781	0.05423	0.16106	0.15266	0.63205
V782	0.05266	0.26014	0.57156	0.11565
V783	0.579	0.12225	0.12721	0.17153
V784	0.08988	0.86454	0	0.04558
V785	0.04642	0.89431	0	0.05927
V786	0.51533	0.26219	0.12686	0.09562
V787	0.02891	0.84307	0.07997	0.04805
V788	0.36292	0.39477	0.1515	0.0908
V789	0.06859	0.477	0.07642	0.37798
V790	0.34241	0.14916	0.16466	0.34376
V791	0.12339	0.4646	0.25688	0.15514
V792	0.11546	0.61468	0.0198	0.25007
V793	0.10391	0.69848	0.02701	0.1706
V794	0.07544	0.22418	0.57779	0.12259
V795	0.11029	0.17749	0.16453	0.54769
V796	0.06878	0.22677	0.61613	0.08832
V797	0.56537	0.10108	0.2576	0.07595
V798	0.44555	0.38626	0.0995	0.06868
V799	0.11223	0.78426	0.0055	0.09801
V800	0.08513	0.16962	0.45071	0.29454
V801	0.12818	0.25678	0.31174	0.30329
V802	0.05265	0.22447	0.30035	0.42252
V803	0.18128	0.5738	0.19503	0.04988
V804	0.38893	0.1375	0.35441	0.11916
V805	0.06271	0.16298	0.70452	0.06979
V806	0.04869	0.87926	0	0.07205
V807	0.20542	0.28429	0.11293	0.39735
V808	0.47459	0.36643	0.0741	0.08488
V809	0.07837	0.18588	0.66703	0.06872
V810	0.02848	0.93122	0	0.0403
V811	0.31483	0.20124	0.23645	0.24748
V812	0.38867	0.3674	0.08747	0.15646
V813	0.42752	0.30056	0.19333	0.07859
V814	0.3168	0.59054	0.03764	0.05502
V815	0.02197	0.91944	0.01303	0.04557
V816	0.71665	0.08451	0.13085	0.06798
V817	0.06976	0.21859	0.62916	0.08249
V818	0.03132	0.18317	0.15366	0.63185
V819	0.60654	0.18496	0.11053	0.09796
V820	0.12175	0.23128	0.12644	0.52053
V821	0.17854	0.41373	0.29632	0.11141
V822	0.09681	0.17295	0.64089	0.08935
V823	0.06304	0.31956	0.48847	0.12893
V824	0.09642	0.46403	0.38034	0.05922
V825	0.17793	0.39755	0.2272	0.19731
V826	0.31507	0.48704	0.13648	0.06141
V827	0.27787	0.64619	0.00687	0.06907
V828	0.18094	0.2971	0.16328	0.35869
V829	0.0448	0.37407	0.11334	0.46779
V830	0.17817	0.35209	0.09402	0.37572
V831	0.56041	0.19751	0.09747	0.14461
V832	0.20353	0.48313	0.1539	0.15944
V833	0.12588	0.56979	0.14815	0.15617
V834	0.23119	0.20614	0.16244	0.40024
V835	0.26054	0.52023	0.10698	0.11225
V836	0.02396	0.73501	0.00244	0.23859
V837	0.1744	0.46932	0.17261	0.18367
V838	0.6998	0.13151	0.09851	0.07017
V839	0.22707	0.64988	0.06962	0.05343
V840	0.22039	0.73599	0	0.04362
V841	0.05307	0.19333	0.64142	0.11218
V842	0.26503	0.28909	0.25087	0.19501
V843	0.06029	0.17432	0.63983	0.12556
V844	0.11271	0.2305	0.35171	0.30508
V845	0.08543	0.24993	0.54786	0.11678
V846	0.04812	0.16238	0.58699	0.20252
V847	0.03262	0.135	0.14876	0.68362
V848	0.08273	0.57833	0.14616	0.19278
V849	0.01722	0.91263	0	0.07014
V850	0.74838	0.08161	0.0923	0.07772
V851	0.25208	0.58653	0.11219	0.04921
V852	0.10683	0.18825	0.2126	0.49232
V853	0.19553	0.34264	0.32092	0.1409
V854	0.42303	0.28175	0.14221	0.15301
V855	0.03262	0.135	0.14876	0.68362
V856	0.05924	0.45702	0.2802	0.20355
V857	0.48323	0.2855	0.0848	0.14647
V858	0.4184	0.12799	0.38276	0.07085
V859	0.47011	0.3399	0.06145	0.12854
V860	0.15827	0.24837	0.14262	0.45074
V861	0.09704	0.44997	0.38663	0.06636
V862	0.13913	0.22596	0.53192	0.10298
V863	0.17126	0.1894	0.10938	0.52995
V864	0.07024	0.17106	0.16532	0.59338
V865	0.11771	0.14223	0.31169	0.42837
V866	0.53578	0.12113	0.26842	0.07467
V867	0.53367	0.13116	0.26559	0.06959
V868	0.36337	0.37652	0.14345	0.11667
V869	0.02967	0.92931	0	0.04101
V870	0.09447	0.45511	0.07194	0.37848
V871	0.01722	0.91263	0	0.07014
V872	0.04088	0.15717	0.30371	0.49824
V873	0.66148	0.1252	0.11969	0.09363
V874	0.15803	0.80086	0	0.04111
V875	0.04401	0.32751	0.22829	0.4002
V876	0.14106	0.42593	0.30987	0.12314
V877	0.05752	0.49083	0.24292	0.20872
V878	0.11438	0.82593	0.01767	0.04201
V879	0.14991	0.7174	0.02691	0.10578
V880	0.22786	0.61444	0.00982	0.14788
V881	0.14197	0.18681	0.4805	0.19072
V882	0.5947	0.08994	0.18966	0.1257
V883	0.22771	0.31224	0.39861	0.06144
V884	0.03642	0.40073	0.07359	0.48926
V885	0.51841	0.30714	0.1157	0.05875
V886	0.04511	0.46179	0.34269	0.15041
V887	0.45701	0.18138	0.19783	0.16378
V888	0.1089	0.19387	0.56213	0.1351
V889	0.68764	0.14365	0.08916	0.07956
V890	0.06425	0.28403	0.46983	0.18189
V891	0.45393	0.16388	0.28243	0.09975
V892	0.21922	0.31011	0.08739	0.38327
V893	0.41116	0.31933	0.16405	0.10546
V894	0.08034	0.41557	0.41259	0.09151
V895	0.42718	0.18147	0.22775	0.16361
V896	0.04587	0.89513	0	0.05899
V897	0.49725	0.35353	0.04598	0.10323
V898	0.36264	0.10524	0.11483	0.41729
V899	0.04415	0.32776	0.19223	0.43586
V900	0.0829	0.40939	0.29582	0.21189
V901	0.04336	0.82752	0	0.12911
V902	0.05268	0.9008	0	0.04653
V903	0.04495	0.50119	0.36185	0.09201
V904	0.02933	0.92994	0	0.04073
V905	0.14272	0.12883	0.25481	0.47364
V906	0.3	0.22065	0.16954	0.3098
V907	0.30904	0.57404	0.02587	0.09105
V908	0.03619	0.18367	0.17916	0.60099
V909	0.10875	0.79508	0	0.09618
V910	0.14965	0.12562	0.2172	0.50753
V911	0.36624	0.47307	0.05399	0.10671
V912	0.28096	0.42396	0.13386	0.16122
V913	0.11174	0.12716	0.14133	0.61976
V914	0.15241	0.55259	0.21402	0.08097
V915	0.19086	0.12075	0.12912	0.55927
V916	0.21114	0.19163	0.494	0.10323
V917	0.51522	0.14011	0.20907	0.1356
V918	0.05643	0.66563	0.16249	0.11545
V919	0.16368	0.35323	0.26443	0.21865
V920	0.43497	0.30613	0.12942	0.12947
V921	0.04211	0.2984	0.12549	0.534
V922	0.09653	0.5352	0.27635	0.09192
V923	0.07891	0.15111	0.16328	0.60669
V924	0.05407	0.69565	0.1783	0.07198
V925	0.15682	0.16286	0.12924	0.55108
V926	0.1726	0.15173	0.1452	0.53046
V927	0.04118	0.17428	0.16732	0.61722
V928	0.0477	0.86268	0	0.08962
V929	0.05742	0.6849	0.098	0.15967
V930	0.36049	0.45751	0.05758	0.12442
V931	0.12952	0.3815	0.37419	0.11479
V932	0.06394	0.25746	0.47226	0.20634
V933	0.43362	0.47625	0.02913	0.061
V934	0.03675	0.29076	0.28273	0.38976
V935	0.3979	0.27454	0.21463	0.11292
V936	0.37528	0.3783	0.06157	0.18485
V937	0.38888	0.24876	0.1416	0.22076
V938	0.2846	0.17821	0.30696	0.23023
V939	0.55086	0.12472	0.14653	0.17789
V940	0.04213	0.79717	0.08565	0.07506
V941	0.05854	0.16322	0.70394	0.0743
V942	0.52932	0.28861	0.109	0.07306
V943	0.29517	0.25198	0.34848	0.10436
V944	0.03974	0.39143	0.12624	0.44259
V945	0.39794	0.4446	0.03778	0.11968
V946	0.32596	0.36159	0.22447	0.08798
V947	0.08694	0.19301	0.27812	0.44194
V948	0.27224	0.16303	0.48454	0.08019
V949	0.03069	0.25222	0.24977	0.46732
V950	0.0592	0.59651	0.16877	0.17551
V951	0.61486	0.11472	0.19949	0.07093
V952	0.07717	0.26961	0.27855	0.37467
V953	0.06194	0.20196	0.6417	0.0944
V954	0.04858	0.31908	0.19432	0.43802
V955	0.1041	0.65636	0.0321	0.20744
V956	0.06083	0.17109	0.45396	0.31412
V957	0.26741	0.13364	0.11213	0.48681
V958	0.03727	0.13487	0.14251	0.68535
V959	0.18743	0.36784	0.33175	0.11298
V960	0.18313	0.38915	0.12401	0.30372
V961	0.12457	0.47319	0.26589	0.13635
V962	0.27052	0.29022	0.32326	0.11601
V963	0.42029	0.28067	0.17902	0.12003
V964	0.6167	0.12962	0.1597	0.09399
V965	0.05817	0.57326	0.16243	0.20614
V966	0.74074	0.09657	0.08543	0.07726
V967	0.07371	0.19063	0.45347	0.28218
V968	0.04762	0.28598	0.5521	0.1143
V969	0.03543	0.4083	0.10399	0.45227
V970	0.05764	0.2646	0.37432	0.30344
V971	0.36347	0.20932	0.30395	0.12325
V972	0.36381	0.31558	0.10243	0.21818
V973	0.20274	0.50337	0.09471	0.19919
V974	0.02999	0.78851	0.07702	0.10449
V975	0.10507	0.39679	0.43322	0.06492
V976	0.31506	0.35782	0.14009	0.18703
V977	0.24472	0.44199	0.25339	0.05991
V978	0.06939	0.22919	0.1639	0.53751
V979	0.5934	0.11648	0.21919	0.07093
V980	0.76454	0.08015	0.08266	0.07265
V981	0.26253	0.16538	0.38265	0.18944
V982	0.31439	0.47838	0.08847	0.11876
V983	0.51557	0.17089	0.08455	0.22899
V984	0.03447	0.83872	0.05295	0.07386
V985	0.07249	0.32471	0.09321	0.5096
V986	0.23622	0.58241	0.0555	0.12587
V987	0.18246	0.75574	0	0.0618
V988	0.18092	0.14232	0.13259	0.54418
V989	0.32094	0.53979	0.07615	0.06312
V990	0.04859	0.19914	0.5914	0.16087
V991	0.47039	0.44461	0.02298	0.06203
V992	0.17953	0.14386	0.44884	0.22777
V993	0.06695	0.74335	0.10742	0.08228
V994	0.15091	0.79579	0.00028	0.05302
V995	0.53068	0.21746	0.09735	0.15451
V996	0.21394	0.25403	0.10092	0.43111
V997	0.05841	0.16508	0.62417	0.15235
V998	0.64846	0.10812	0.13639	0.10704
V999	0.1009	0.85578	0	0.04332
V1000	0.25083	0.14505	0.11159	0.49253
