Neutrophils	Monocytes_CD14.CD16.	Macrophage	T_cells_.CD4..	NK_cells
V1	0.3306	0.13064	0.25446	0.12831	0.15599
V2	0.06997	0.77415	0.05703	0.04925	0.0496
V3	0.06956	0	0.45876	0.4214	0.05028
V4	0.00395	0	0.21277	0.07359	0.70969
V5	0.00124	0	0.04425	0.1151	0.83941
V6	0.3431	0.01862	0.27983	0.22046	0.13799
V7	0.00652	0.01659	0.40289	0.0853	0.48869
V8	0.01808	0	0.90675	0.06614	0.00902
V9	0.05474	0	0.2662	0.61696	0.0621
V10	0.48432	0.01493	0.48094	0	0.0198
V11	0.02296	0.00477	0.08812	0.08622	0.79793
V12	0.07318	0	0.21075	0.29629	0.41977
V13	0.1192	0.03953	0.0306	0.39882	0.41185
V14	0.15306	0	0.06748	0.62649	0.15297
V15	0.01907	0.01641	0	0.85431	0.11021
V16	0.57422	0.08456	0.00863	0.301	0.03158
V17	0.0574	0.22798	0.01035	0.07303	0.63125
V18	0.09683	0.42577	0.25946	0.19047	0.02746
V19	0.01376	0	0	0.12575	0.86049
V20	0.00188	0	0.74583	0.21938	0.03291
V21	0.02093	0.24412	0.1224	0.1598	0.45275
V22	0.82119	0.08752	0.06848	0	0.0228
V23	0.06084	0.00571	0.01343	0.14263	0.7774
V24	0.42982	0.12466	0.01398	0.0482	0.38334
V25	0.01571	0.0183	0.00758	0.39638	0.56204
V26	0.46044	0.20966	0.05787	0.03886	0.23317
V27	0.12735	0.49286	0.17903	0.01124	0.18953
V28	0.03013	0.06742	0.20548	0.60507	0.0919
V29	0.00055	0	0.33558	0.59233	0.07154
V30	0.72854	0.11519	0.02659	0.01565	0.11403
V31	0.40921	0.15397	0.00741	0.21653	0.21288
V32	0.93621	0.00082	0.00767	0	0.05529
V33	0.01753	0.18015	0.00987	0.12357	0.66889
V34	0.13015	0.84231	0.01572	0.00511	0.00671
V35	0.10802	0.6148	0.25281	0.02009	0.00428
V36	0.02413	0.15658	0.15466	0.10041	0.56421
V37	0.73113	0	0	0.01128	0.25758
V38	0.12461	0.00962	0.48472	0.19702	0.18404
V39	0.32309	0.02628	0.32581	0.01728	0.30754
V40	0.22622	0.62062	0.02066	0.08815	0.04436
V41	0.06605	0.82672	0.02125	0.00676	0.07921
V42	0.8673	0.04092	0.02132	0	0.07046
V43	0.49745	0.12507	0.35749	0.01073	0.00926
V44	0.04575	0.27824	0.55094	0.00322	0.12185
V45	0.0533	0.66884	0.09753	0.12322	0.05711
V46	0.12581	0.75694	0.07163	0.02386	0.02176
V47	0.00724	0	0.97993	0	0.01283
V48	0.16599	0.12535	0.2223	0.31579	0.17058
V49	0.47565	0.15192	0.23023	0.12255	0.01965
V50	0.03334	0.00854	0.95682	0	0.00131
V51	0.1011	0.25322	0.1863	0.06932	0.39007
V52	0.07066	0.89527	0.01864	0.00751	0.00792
V53	0.02837	0.17857	0.00498	0.70859	0.0795
V54	0.20621	0	0.00482	0.5317	0.25727
V55	0.06999	0	0	0.83412	0.09589
V56	0.0633	0	0	0.73235	0.20434
V57	0.16334	0.11432	0.56448	0.02304	0.13482
V58	0.05333	0	0.11725	0.20449	0.62493
V59	0.87417	0.02199	0.09384	0	0.01
V60	0.42112	0.21157	0.12403	0.11297	0.1303
V61	0.17295	0	0.01976	0.22056	0.58673
V62	0.05287	0.00548	0.28487	0.1434	0.51338
V63	0.38065	0.26158	0.05871	0.03625	0.26281
V64	0.94505	0.01905	0.02458	0	0.01132
V65	0.08238	0.07503	0.03421	0.59457	0.2138
V66	0.02351	0	0.13216	0.75503	0.08929
V67	0.00386	0	0.31608	0.11019	0.56987
V68	0.47515	0	0.40658	0.02704	0.09123
V69	0.59985	0.12009	0.20169	0.00954	0.06883
V70	0.07574	0.70955	0.04752	0.13408	0.03311
V71	0.1081	0.77505	0.04818	0.05158	0.01709
V72	0.04134	0.3759	0.02206	0.05097	0.50974
V73	0.0516	0	0.0945	0.55701	0.29689
V74	0.00996	0.05801	0.00284	0.7607	0.16849
V75	0.48359	0.18669	0.31356	0	0.01617
V76	0.00469	0	0.01121	0.8248	0.1593
V77	0.02699	0	0.93567	0.0316	0.00574
V78	0.01008	0	0.97495	0.00048	0.01449
V79	0.08113	0.38875	0.03809	0.13656	0.35548
V80	0.13045	0.72344	0.00993	0.04557	0.0906
V81	0.01867	0	0.97937	0	0.00196
V82	0.23749	0.16966	0.02637	0.5069	0.05957
V83	0.09164	0.07272	0.01598	0.51953	0.30013
V84	0.08009	0.14889	0.00097	0.07993	0.69012
V85	0.00771	0	0.98741	0	0.00488
V86	0.03199	0.2523	0.30855	0.36199	0.04516
V87	0.46309	0.01339	0.03984	0.42401	0.05968
V88	0.29538	0.16319	0.04769	0.18767	0.30607
V89	0.0565	0.08374	0.82652	0.02878	0.00446
V90	0.01585	0.16221	0.04909	0.12112	0.65173
V91	0.00429	0	0.07708	0.82624	0.09239
V92	0.21059	0.02639	0.01988	0.07778	0.66536
V93	0.0103	0.07393	0.15886	0.4977	0.25922
V94	0.03389	0.15618	0.01667	0.23791	0.55535
V95	0.05625	0.21215	0.01733	0.11989	0.59438
V96	0.78477	0.00869	0.0254	0.01992	0.16123
V97	0.14097	0.01595	0.03583	0.13475	0.67251
V98	0.05963	0.36375	0.17309	0.12108	0.28246
V99	0.5005	0.14335	0.00073	0.20448	0.15095
V100	0.51853	0.16658	0.04921	0.05049	0.21518
V101	0.07864	0.88236	0.02524	0.0066	0.00717
V102	0.30302	0.24311	0.13297	0.10147	0.21943
V103	0.09958	0	0	0.08568	0.81475
V104	0.05161	0.38867	0.07839	0.04794	0.43339
V105	0.00397	0	0.03056	0.12312	0.84235
V106	0.06846	0.74243	0.14654	0.00597	0.0366
V107	0.06266	0.20517	0.68258	0.03636	0.01324
V108	0.03059	0.16032	0.80836	0	0.00073
V109	0.05649	0.20494	0.0512	0.26822	0.41915
V110	0.18447	0.51081	0.18404	0.09412	0.02656
V111	0.29926	0.22075	0.47999	0	0
V112	0.16906	0	0.09884	0.45879	0.27331
V113	0.21507	0	0.09305	0.16282	0.52906
V114	0.56495	0.0812	0.04759	0.16109	0.14517
V115	0.86847	0	0.00386	0.00249	0.12518
V116	0.00267	0	0	0.10134	0.89599
V117	0.0582	0	0.83182	0.07356	0.03641
V118	0.03764	0	0	0.8438	0.11856
V119	0.34512	0.00929	0.4047	0.22126	0.01963
V120	0.01268	0	0.83277	0.1037	0.05085
V121	0.19581	0.71615	0.00966	0.0088	0.06958
V122	0.04131	0.38135	0.08235	0.21979	0.27519
V123	0.482	0.04079	0.0723	0.18386	0.22106
V124	0.19909	0.10306	0.05584	0.22234	0.41966
V125	0.05817	0.44437	0.48671	2e-05	0.01072
V126	0.15128	0.17446	0.21018	0.11937	0.34472
V127	0.2905	0	0.66225	0.03594	0.0113
V128	0.20755	0.75265	0.01994	0	0.01986
V129	0.26297	0.02393	0.26591	0.17263	0.27457
V130	0.04227	0.4998	0.04305	0.20706	0.20782
V131	0.01328	0	0.23416	0.68158	0.07098
V132	0.33619	0.01328	0	0.32899	0.32155
V133	0.00747	0.03218	0.5416	0.09787	0.32089
V134	0.08152	0.00054	0.79679	0.02169	0.09946
V135	0.03215	0.07874	0.73185	0.02651	0.13074
V136	0.9734	0.00208	0.01035	0	0.01417
V137	0.90244	0.0358	0.00668	0.01441	0.04067
V138	0.23381	0.13622	0.07253	0.14191	0.41552
V139	0.11799	0	0.15551	0.65202	0.07447
V140	0.01571	0	0.13224	0.08086	0.77119
V141	0.03052	0.2075	0.65664	0.08662	0.01872
V142	0.20197	0	0.31735	0.13599	0.3447
V143	0.02609	0.1826	0.4785	0.13946	0.17335
V144	0.49764	0.22857	0.06862	0.10606	0.09912
V145	0.00917	0	0.95602	0.00978	0.02502
V146	0.03889	0.33957	0.00609	0.29396	0.32149
V147	0.10668	0.0458	0.70392	0.09734	0.04625
V148	0.16296	0.76998	0.01956	0.02452	0.02298
V149	0.00587	0	0	0.84129	0.15284
V150	0.15603	0.18062	0.58364	0	0.07971
V151	0.42982	0.01182	0.00587	0.38768	0.16481
V152	0.00982	0	0.10799	0.72289	0.1593
V153	0.1781	0.17451	0.45345	0.0472	0.14673
V154	0.12186	0.5777	0.02767	0.0391	0.23368
V155	0.03384	0	0.13162	0.7463	0.08824
V156	0.09801	0.00764	0.39285	0.15847	0.34303
V157	0.08598	0.02745	0.16032	0.27892	0.44733
V158	0.18965	0	0.43186	0.05795	0.32053
V159	0.11535	0.23071	0.01191	0.54853	0.09349
V160	0.43914	0.16163	0.0915	0.04892	0.25881
V161	0.18898	0.00736	0.05126	0.0662	0.6862
V162	0.0112	0	0.98575	0	0.00305
V163	0.03801	0	0.00296	0.11417	0.84486
V164	0.92189	0.05615	0.01717	0	0.0048
V165	0.60106	0.22159	0.08526	0.03776	0.05433
V166	0.04999	0	0.23747	0.56438	0.14816
V167	0.05096	0.63231	0.02344	0.12077	0.17251
V168	0.0112	0	0.98575	0	0.00305
V169	0.07385	0.67956	0.15527	0.06602	0.0253
V170	0.24324	0.39188	0.05549	0.17302	0.13637
V171	0.32132	0.07669	0.36935	0.16333	0.0693
V172	0.16669	0.21061	0.06362	0.05834	0.50074
V173	0.2086	0.09912	0.0871	0.38397	0.2212
V174	0.20692	0	0.34819	0.19858	0.24631
V175	0.07025	0.13005	0.11026	0.19094	0.4985
V176	0.37611	0.01071	0	0.55537	0.05781
V177	0.21026	0.01245	0.59215	0.16216	0.02299
V178	0.29269	0.02755	0.46967	0.10635	0.10375
V179	0.07777	0	0	0.08835	0.83388
V180	0.02199	0	0.32158	0.0581	0.59833
V181	0.06019	0.25637	0	0.09706	0.58638
V182	0.55549	0.24127	0.00545	0.13927	0.05852
V183	0.08767	0.87927	0.01751	0.00069	0.01486
V184	0.33107	0	0.30477	0.30858	0.05557
V185	0.10723	0.47419	0.02482	0.1387	0.25507
V186	0.12652	0.17325	0.02429	0.24924	0.4267
V187	0.09288	0.68839	0.00932	0.17901	0.0304
V188	0.84649	0.03155	0.03556	0.06824	0.01816
V189	0.45351	0.2551	0.03593	0.22391	0.03154
V190	0.40562	0.05914	0.21079	0.02994	0.29451
V191	0.21405	0.22946	0.00199	0.38992	0.16458
V192	0.31898	0.19338	0.12497	0.19898	0.16369
V193	0.07937	0.1933	0.51407	0.04436	0.1689
V194	0.24438	0.03944	0.0786	0.12753	0.51006
V195	0.58087	0.17241	0.23881	0	0.0079
V196	0	0	0.04178	0.11535	0.84287
V197	0.08561	0.85509	0.0152	0.02723	0.01686
V198	0.21955	0.22208	0.03281	0.20015	0.32542
V199	0.77799	0	0.22201	0	0
V200	0.74945	0	0.02924	0.02356	0.19774
V201	0.03047	0	0.01268	0.67586	0.28099
V202	0.91815	0.0652	0.00229	0	0.01435
V203	0.51642	0.25881	0.02783	0.05027	0.14667
V204	0.30948	0.07121	0.02735	0.04596	0.546
V205	0.10063	0.0152	0.10512	0.11819	0.66086
V206	0.04406	0.09917	0	0.73438	0.12239
V207	0.01907	0.01641	0	0.85431	0.11021
V208	0.1688	0.20905	0.47431	0.04261	0.10524
V209	0.13974	0.006	0.08558	0.08868	0.68
V210	0.00702	0	0.97789	0.00039	0.0147
V211	0.14306	0.00607	0.18775	0.07543	0.58768
V212	0.07769	0.74199	0.07986	0.03614	0.06432
V213	0.08393	0	0.0481	0.26817	0.5998
V214	0.04509	0.54006	0.37601	0.01008	0.02877
V215	0.24142	0.21555	0.13024	0.08996	0.32282
V216	0.05325	0.01555	0.31048	0.08087	0.53984
V217	0.00146	0	0.01704	0.79551	0.18599
V218	0.07942	0.18188	0.28788	0.32136	0.12946
V219	0.14198	0.27014	0.38652	0.17646	0.0249
V220	0.19811	0.72483	0.06384	0.00154	0.01168
V221	0.04689	0.04051	0.48162	0.04032	0.39067
V222	0.01102	0	0	0.10591	0.88307
V223	0.54611	0	0.32266	0.10518	0.02606
V224	0.05292	0.52907	0.0274	0.09114	0.29947
V225	0.70258	0.16573	0.12637	0	0.00532
V226	0.44955	0.5339	0.00618	0	0.01037
V227	0.09659	0.27323	0.00505	0.53245	0.09269
V228	0.60057	0.01911	0.27485	0.05794	0.04753
V229	0.27702	0.39534	0.25723	0.03351	0.0369
V230	0.0085	0	0	0.10606	0.88544
V231	0.07715	0.60344	0.06251	0.15241	0.1045
V232	0.8106	0.00314	0.18626	0	0
V233	0.05085	0.00505	0.13295	0.1372	0.67395
V234	0.0313	0.38027	0.21307	0.31599	0.05937
V235	0.96958	0.01193	0.00215	0.00579	0.01055
V236	0.08851	0	0.65235	0.1841	0.07505
V237	0.12622	0.06508	0.26311	0.30691	0.23868
V238	0.00194	0	0	0.29569	0.70237
V239	0.07244	0.39434	0.04686	0.17252	0.31384
V240	0.08255	0.81583	0.02022	0.01775	0.06364
V241	0.07068	0.89418	0.01833	0.0014	0.0154
V242	0.04658	0.31891	0.29323	0.25102	0.09026
V243	0.48479	0	0.32741	0.02759	0.16022
V244	0.04221	0.39078	0.18146	0.09063	0.29492
V245	0.06851	0.86525	0.03875	0.01963	0.00787
V246	0.59173	0.27424	0.02858	0.00293	0.10252
V247	0.2098	0.08145	0.62771	0.04219	0.03885
V248	0.1028	0.58209	0.02824	0.02866	0.25822
V249	0.24411	0.05355	0.19579	0.11477	0.39178
V250	0.02655	0.00932	0.64188	0.04991	0.27234
V251	0.21797	0.01272	0.08894	0.56587	0.1145
V252	0.03113	0.10372	0.54902	0.14934	0.1668
V253	0.29481	0.56746	0.08335	0.03314	0.02125
V254	0.50625	0.3982	0.00271	0.06641	0.02642
V255	0.80098	0.08612	0	0.01433	0.09857
V256	0.05864	0.73044	0.02534	0.02126	0.16433
V257	0.4371	0.30211	0.14184	0.02967	0.08929
V258	0.1673	0.33556	0.04725	0.40079	0.04909
V259	0.53031	0.2741	0.17266	0	0.02293
V260	0.24198	0.01914	0.09567	0.11341	0.5298
V261	0.02557	0	0.51346	0.28623	0.17474
V262	0.90849	0.02621	0.05362	0	0.01168
V263	0.79494	0.08867	0.01294	0.09041	0.01304
V264	0.08531	0.8501	0.0225	0.03296	0.00914
V265	0.82017	0.0886	0.07754	0.00244	0.01124
V266	0.00721	0	0.0655	0.10397	0.82332
V267	0.03812	0	0	0.19668	0.76519
V268	0.20334	0.43242	0.13793	0.1582	0.06811
V269	0.10032	0.32344	0.35239	0.17169	0.05216
V270	0.04703	0	0.02775	0.8321	0.09312
V271	0.22474	0.70363	0.01612	0.01791	0.0376
V272	0.11713	0.78885	0.03385	0.01423	0.04594
V273	0.28801	0.00297	0.17543	0.31854	0.21505
V274	0.08249	0.02561	0.0291	0.22302	0.63977
V275	0.06512	0.68857	0.14653	0.07358	0.0262
V276	0.01434	0	0.71101	0.22282	0.05183
V277	0.37695	0	0.59202	0	0.03103
V278	0.00731	0.01937	0.34082	0.44203	0.19046
V279	0.14359	0	0.00674	0.71295	0.13673
V280	0.19097	0.01271	0.03265	0.59261	0.17107
V281	0.03118	0.23159	0.04032	0.62163	0.07527
V282	0.07913	0.88682	0.01796	0.00101	0.01509
V283	0.33377	0	0.10106	0.06105	0.50413
V284	0.03132	0.10741	0.51238	0.02543	0.32346
V285	0.49758	0.46619	0.00511	0.01698	0.01414
V286	0.09562	0.00267	0.86052	0.02834	0.01285
V287	0.24201	0.05615	0.16458	0.28321	0.25405
V288	0.2089	0	0.62921	0.00854	0.15336
V289	0.16134	0.23338	0.02001	0.52373	0.06153
V290	0.42079	0.44927	0.12995	0	0
V291	0.40614	0.22241	0.00279	0.32646	0.0422
V292	0.11672	0.00694	0.39219	0.06469	0.41945
V293	0.01425	0.096	0.82305	0.0413	0.0254
V294	0.00223	0	0	0.10102	0.89674
V295	0.01652	0.00896	0.33259	0.49887	0.14306
V296	0.83963	0.11947	0.00055	0.00129	0.03906
V297	0.02511	0	0.79172	0.1214	0.06177
V298	0.28755	0	0	0.52804	0.18441
V299	0.26684	0	0.00493	0.65903	0.0692
V300	0.97607	0.01218	0.00312	0	0.00863
V301	0.95937	0.00158	0.00834	0.01288	0.01783
V302	0.00238	0	0	0.40333	0.59429
V303	0.10664	0.16031	0.20414	0.18242	0.34649
V304	0.20476	0.01123	0.75885	0	0.02516
V305	0.20258	0.31003	0.08622	0.11088	0.29029
V306	0.31869	0.64393	0.00797	0.00816	0.02125
V307	0.24294	0	0.27585	0.43996	0.04125
V308	0.24963	0	0.67466	0.06186	0.01385
V309	0.63862	0.06729	0.04814	0.10855	0.1374
V310	0.02393	0.00604	0	0.15726	0.81277
V311	0.01193	0	0.03613	0.84536	0.10659
V312	0.0885	0.23035	0.2325	0.03504	0.41361
V313	0.06451	0.28976	0.01177	0.29889	0.33507
V314	0.07269	0	0	0.3758	0.5515
V315	0.94565	0.00112	0.01568	0	0.03755
V316	0.12194	0.54199	0.23791	0.0265	0.07166
V317	0.39835	0.06849	0.51076	0	0.0224
V318	0.89716	0	0.00541	0	0.09744
V319	0.11955	0.0367	0.83929	0.00278	0.00168
V320	0.07721	0	0	0.8199	0.10289
V321	0.1449	0.33425	0.30066	0.1771	0.04309
V322	0.02225	0.2481	0.56046	0.04922	0.11996
V323	0.25917	0.20573	0.4276	0.01685	0.09065
V324	0.03933	0.03618	0.03804	0.78999	0.09647
V325	0.62462	0.10997	0.08416	0.10161	0.07964
V326	0.03988	0	0.04482	0.17798	0.73732
V327	0.32475	0.48274	0.10666	0.01646	0.06938
V328	0.05548	0.295	0.1633	0.4255	0.06073
V329	0.00825	0.03352	0.40064	0.49701	0.06058
V330	0.09387	0.00202	0.84833	0	0.05578
V331	0.1201	0.0059	0.07796	0.1338	0.66224
V332	0.4793	0.03807	0.45213	0	0.0305
V333	0.41432	0.02113	0.3086	0.14839	0.10756
V334	0.05581	0.27466	0.54462	0.07218	0.05272
V335	0.70637	0.0572	0.08164	0.02944	0.12535
V336	0.17217	0.56255	0.24958	0	0.0157
V337	0.00167	0	0.00452	0.20253	0.79128
V338	0.71344	0.01669	0.15246	0.01214	0.10527
V339	0.21196	0.52584	0.1776	0	0.0846
V340	0.0322	0.14371	0.09921	0.10067	0.62421
V341	0.04026	0.47161	0.41808	0.00635	0.06369
V342	0.30736	0.14324	0.44997	0.09121	0.00822
V343	0.70567	0	0.29433	0	0
V344	0.11231	0.72862	0.0467	0.02444	0.08794
V345	0.20164	0.03812	0	0.28591	0.47433
V346	0.04634	0.30968	0.31469	0.26651	0.06278
V347	0.09283	0.52212	0.02744	0.28343	0.07418
V348	0.02251	0.1248	0.44381	0.2328	0.17608
V349	0.07718	0.29107	0.51402	0.01519	0.10254
V350	0.11605	0.41349	0.08259	0.21514	0.17273
V351	0.18738	0.01207	0.44869	0.30541	0.04646
V352	0.12278	0.52847	0.33892	0	0.00983
V353	0.23924	0.3195	0.03444	0.06231	0.34451
V354	0.57812	0.00529	0.41658	0	0
V355	0.09145	0	0.3471	0.50346	0.05799
V356	0.10542	0.00246	0.83792	0.01469	0.03951
V357	0.04574	0.01893	0.49512	0.05527	0.38495
V358	0.02854	0.02618	0.02953	0.81485	0.1009
V359	0.05571	0.11315	0.00318	0.74508	0.08289
V360	0.71313	0.04959	0.09264	0.13066	0.01398
V361	0.33196	0.47812	0.08799	0	0.10193
V362	0.80854	0.00267	0.09774	0	0.09105
V363	0.02445	0.01559	0	0.19118	0.76877
V364	0.04464	0.28618	0.02112	0.40802	0.24003
V365	0.0055	0	0.00319	0.85854	0.13276
V366	0.21871	0.0236	0.60173	0.05718	0.09878
V367	0.22769	0.21689	0.20446	0.16022	0.19076
V368	0.74346	0.08879	0.12629	0	0.04147
V369	0.05973	0.63552	0.23059	0.06515	0.009
V370	0.02394	0.14627	0.11576	0.35045	0.36358
V371	0.07777	0.86206	0.0546	0	0.00558
V372	0.65313	0.06962	0.14788	0.09498	0.03439
V373	0.12964	0.6455	0.12892	0.07815	0.01779
V374	0.10554	0.03426	0.39356	0.42613	0.04049
V375	0.32023	0	0.61615	0.05848	0.00514
V376	0.0077	0	0.37432	0.06044	0.55754
V377	0.1016	0.50551	0.20655	0.16144	0.0249
V378	0.14016	0.5325	0.16995	0.00719	0.1502
V379	0.01835	0	0.0932	0.13348	0.75496
V380	0.01751	0.04024	0.16785	0.48335	0.29105
V381	0.12948	0.03341	0	0.07815	0.75896
V382	0.39702	0	0	0.28893	0.31404
V383	0.03356	0	0.27713	0.62529	0.06402
V384	0.29515	0.03851	0.1682	0.40278	0.09536
V385	0.07525	0.08037	0	0.08081	0.76357
V386	0.66844	0.01327	0.00131	0.28538	0.03159
V387	0.27236	0.01574	0.00022	0.61895	0.09272
V388	0.07405	0.81184	0.04257	0.05344	0.0181
V389	0.13359	0.74993	0.02444	0.02867	0.06337
V390	0.17492	0	0	0.64653	0.17856
V391	0.69644	0.16483	0	0.06217	0.07656
V392	0.94502	0.03867	0.01015	0	0.00616
V393	0.1	0.01015	0.14773	0.51337	0.22875
V394	0.71073	0.00853	0.02385	0.14376	0.11314
V395	0.00337	0	0.38448	0.54609	0.06607
V396	0.56073	0.01507	0.42087	0	0.00332
V397	0.66749	0.147	0.03529	0.09692	0.05331
V398	0.06069	0	0.16436	0.62101	0.15394
V399	0.03471	0.01463	0	0.28303	0.66763
V400	0.17531	0.53049	0.15696	0.12395	0.0133
V401	0.33548	0	0.64409	0.01866	0.00177
V402	0.38464	0.01741	0.4514	0.05972	0.08683
V403	0.13418	0.06135	0	0.16922	0.63525
V404	0.00788	0.03504	0.49492	0.3741	0.08806
V405	0.34339	0.26822	0.06977	0.19822	0.1204
V406	0.03223	0.00631	0.94095	0	0.02051
V407	0.88895	0.04216	0.03803	0.0236	0.00725
V408	0.04087	0.36775	0.00683	0.24375	0.34081
V409	0.10775	0	0.05849	0.65455	0.1792
V410	0.12411	0.11656	0.30894	0.0682	0.3822
V411	0.00246	0	0	0.10791	0.88963
V412	0.0219	0.12294	0.11605	0.0824	0.65672
V413	0.03115	0.25103	0.14921	0.34376	0.22486
V414	0.04007	0.07752	0	0.44451	0.43791
V415	0.137	0	0	0.08005	0.78294
V416	0.09552	0.07402	0.01381	0.18013	0.63652
V417	0.01461	0	0.77846	0.1242	0.08273
V418	0.53321	0.40209	0.02499	0.00415	0.03556
V419	0.22414	0.00848	0.01226	0.15497	0.60016
V420	0.20484	0	0.08773	0.09195	0.61548
V421	0.00098	0	0.11092	0.11386	0.77424
V422	0.01548	0.00127	0.04537	0.68635	0.25152
V423	0.30095	0.18989	0.29128	0.17583	0.04205
V424	0.00229	0	0.46194	0.04578	0.48998
V425	0.31825	0.37251	1e-04	0.02684	0.28231
V426	0.2368	0.18918	0.01741	0.42768	0.12893
V427	0.21452	0.62517	0.15193	0	0.00837
V428	0.10785	0.63757	0.07878	0.0809	0.09489
V429	0.13449	0.76698	0.01087	0.05355	0.03411
V430	0.0333	0	0.39946	0.19943	0.3678
V431	0.12508	0.37385	0.19988	0.22482	0.07637
V432	0.30332	0.05988	0.12474	0.33059	0.18146
V433	0.20649	0	0.53352	0.21333	0.04666
V434	0.25001	0.27899	0.37152	0.01023	0.08924
V435	0.56614	0.03822	0.3695	0.0164	0.00975
V436	0.07415	0.57467	0.10189	0.05588	0.1934
V437	0.17377	0.00781	0.0201	0.197	0.60133
V438	0.1437	0.3095	0.19999	0.25718	0.08962
V439	0.62224	0	0.0461	0.28589	0.04577
V440	0.04125	0.34388	0.54728	0.01157	0.05601
V441	0.05428	0.53256	0.37813	0.02229	0.01274
V442	0.07944	0.88796	0.0258	4e-05	0.00677
V443	0.95377	0.00131	0.00806	0.02623	0.01063
V444	0.16057	0.44504	0.03317	0.29542	0.06581
V445	0.07668	0.42571	0.04209	0.39622	0.0593
V446	0.11154	0.02143	0.09832	0.54797	0.22074
V447	0.06048	0	0.0038	0.44319	0.49253
V448	0.14253	0	0.00941	0.09136	0.75669
V449	0.0112	0	0.98575	0	0.00305
V450	0.20363	0.07635	0.24178	0.144	0.33423
V451	0.27346	0.2039	0.05962	0.31729	0.14574
V452	0.01279	0	0.1615	0.70105	0.12467
V453	0.01487	0	0	0.45041	0.53472
V454	0.01318	0	0.67455	0.0421	0.27016
V455	0.06732	0.21157	0.26636	0.06981	0.38494
V456	0.93828	0.01037	0.00022	0.00846	0.04268
V457	0.65486	0.21704	0.03636	0.04426	0.04748
V458	0.04168	0.35717	0.50246	0.04833	0.05035
V459	0.13389	0.0521	0.0496	0.46855	0.29585
V460	0.6831	0.03791	0.20287	0.04676	0.02936
V461	0.19052	0.29439	0.23699	0.02896	0.24913
V462	0.04926	0.07091	0.00795	0.48455	0.38734
V463	0.21968	0.05731	0.00863	0.63914	0.07524
V464	0.17931	0.17059	0.63903	0.00206	0.00902
V465	0.03782	0.08076	0.00751	0.09827	0.77564
V466	0.0174	0	0	0.16478	0.81782
V467	0.0634	0.26081	0.0211	0.50513	0.14956
V468	0.55055	0.30896	0.11067	0	0.02982
V469	0.02752	0.32267	0.05503	0.26393	0.33085
V470	0.83303	0.05983	0.02841	0.06106	0.01767
V471	0.37861	0.30043	0.02788	0.13242	0.16065
V472	0.00619	0.01529	0.03141	0.09443	0.85267
V473	0.03833	0.20948	0.24229	0.29845	0.21144
V474	0.29574	0.13913	0.05995	0.41793	0.08725
V475	0.1685	0.00851	0.59486	0.03664	0.19149
V476	0.15923	0.02313	0.09952	0.59045	0.12767
V477	0.07097	0.89533	0.02623	0.00041	0.00705
V478	0.15079	0	0	0.07841	0.7708
V479	0.83416	0.05952	0.0363	0.05339	0.01664
V480	0.14872	0.64896	0.06143	0.09629	0.0446
V481	0.24215	0.37134	0.06321	0.16792	0.15539
V482	0.12883	0.66678	0.18719	0	0.01719
V483	0.31183	0.53369	0.00401	0.08864	0.06182
V484	0.22668	0.51629	0.11937	0.10933	0.02833
V485	0.66101	0.08094	0.12002	0.10266	0.03537
V486	0.06515	0.0564	0.27796	0.05138	0.54911
V487	0.14536	0.11964	0.42137	0.27882	0.03481
V488	0.40244	0.06869	0	0.32217	0.2067
V489	0.02171	0.21611	0.67266	0.06348	0.02604
V490	0.01503	0	0.76401	0.1915	0.02946
V491	0.04659	0.44583	0.04863	0.11207	0.34687
V492	0.0355	0.14459	0.02955	0.68661	0.10375
V493	0.01367	0	0	0.87292	0.11342
V494	0.32249	0	0.01169	0.52473	0.14109
V495	0.33478	0.22053	0.21538	0.15229	0.07701
V496	0.1185	0.01491	0.04394	0.07605	0.7466
V497	0.09169	0.01547	0.13339	0.14505	0.61441
V498	0.09343	0.83323	0.0363	0.00719	0.02984
V499	0.04713	0.20842	0.24708	0.08907	0.40831
V500	0.12081	0.49196	0.11181	0.19358	0.08184
V501	0.07199	0.29939	0.01171	0.06298	0.55394
V502	0.14506	0.77604	0.04974	0.02262	0.00654
V503	0.44352	0.00904	0.2084	0.14038	0.19865
V504	0.45373	0.20111	0.0027	0.02724	0.31522
V505	0.60501	3e-05	0.02126	0.09348	0.28023
V506	0.04131	0.4966	0.06592	0.04036	0.35581
V507	0.84516	0	0.03236	0.07848	0.044
V508	0.04958	0.62041	0.21021	0.03731	0.08249
V509	0.06732	0.45651	0.13908	0.1794	0.15769
V510	0.40522	0.50068	0.04989	0.03061	0.01361
V511	0.07855	0.30416	0.5067	0.03458	0.07602
V512	0.15666	0.45169	0.17202	0.05082	0.16881
V513	0.17845	0.66803	0.07798	0.03728	0.03827
V514	0.00688	0	0.19761	0.1009	0.6946
V515	0.07835	0.13241	0	0.71053	0.07871
V516	0.16847	0.37266	0.11134	0.30059	0.04695
V517	0.01782	0.02564	0.04868	0.80855	0.09932
V518	0.42883	0.0103	0.33275	0.17667	0.05146
V519	0.78942	0.06705	0.00521	0.11465	0.02367
V520	0.09259	0.82345	0.02852	0.04567	0.00977
V521	0.21147	0	0.13382	0.58838	0.06633
V522	0.0589	0.1873	0.57068	0.12444	0.05868
V523	0.16292	0.03499	0.75715	0.033	0.01194
V524	0.35017	0.01384	0.5693	0	0.06669
V525	0.01734	0.17855	0.02539	0.08238	0.69633
V526	0.05264	0.01419	0.87455	0.01701	0.04161
V527	0.09951	0.47524	0.39007	0.00791	0.02726
V528	0.15328	0	0.01375	0.75186	0.08111
V529	0.22641	0.01191	0.74581	0	0.01586
V530	0.03036	0.00451	0.88745	0.04241	0.03527
V531	0.17879	0.5065	0.0902	0.02596	0.19855
V532	0.06965	0.24417	0.28206	0.03107	0.37305
V533	0.23821	0	0	0.06724	0.69455
V534	0.12864	0.06545	0	0.70109	0.10482
V535	0.81145	0.12763	0.05355	0	0.00737
V536	0.1294	0.16666	0.37359	0.04798	0.28237
V537	0.01483	0.00624	0.00742	0.09701	0.8745
V538	0.59945	0.11221	0.00207	0.03904	0.24722
V539	0.02458	0.13846	0.65412	0.09557	0.08726
V540	0.16572	0.46168	0.08967	0.05778	0.22515
V541	0.04155	0.37942	0.02213	0.06951	0.4874
V542	0.04879	0.34445	0.11353	0.38822	0.105
V543	0.07444	0.09132	0.67675	0.04675	0.11074
V544	0.3349	0.19036	0.17861	0.06974	0.22639
V545	0.61094	0.37395	0.01172	0	0.00339
V546	0.08683	0.75484	0.08826	0.00869	0.06138
V547	0.10711	0.76307	0.01034	0.08236	0.03712
V548	0.0106	0.06084	0.00382	0.82039	0.10434
V549	0.00149	0	0.01227	0.21528	0.77095
V550	0.06553	0.81615	0.09982	0.00509	0.01341
V551	0.01458	0	0	0.87951	0.10591
V552	0.19765	0	0.01193	0.0968	0.69362
V553	0.77719	0.01055	0.01745	0.12846	0.06635
V554	0.11766	0.0351	0.50342	0.29732	0.04649
V555	0.06851	0.874	0.02423	0.00235	0.0309
V556	0.08182	0.04536	0.0536	0.68789	0.13133
V557	0.30947	0.25738	0.03528	0.31259	0.08527
V558	0.0179	0.00166	0.79756	0.13869	0.0442
V559	0.11592	0.41655	0.43171	8e-04	0.03502
V560	0.61921	0.24614	0.13465	0	0
V561	0.70191	0	0.1376	0.01009	0.15041
V562	0.11418	0.03606	0.14311	0.1313	0.57534
V563	0.21521	0.25745	0.20258	0.11088	0.21388
V564	0.33928	0.01569	0.05607	0.33313	0.25582
V565	0.00177	0	0.00482	0.12688	0.86653
V566	0.28736	0.14393	0.02307	0.30718	0.23846
V567	0.02833	0	0.96086	0	0.01081
V568	0.04056	0.22204	0.43506	0.27533	0.02701
V569	0.62792	0.10157	0.11132	0.106	0.05319
V570	0.1375	0.01039	0.29036	0.43878	0.12298
V571	0.26317	0	0.23779	0.32626	0.17278
V572	0.83034	0.00311	0	0.00693	0.15961
V573	0.08234	0.05504	0.34397	0.36082	0.15782
V574	0.51516	0.29947	0.07891	0.0736	0.03286
V575	0.34312	0.0151	0.11345	0.07797	0.45036
V576	0.06663	0.83624	0.02173	0.01178	0.06363
V577	0.40504	0.50077	0.04183	0.03794	0.01442
V578	0.03484	0.15235	0.52265	0.21141	0.07875
V579	0.04187	0.49868	0.31306	0.02655	0.11984
V580	0.2157	0.54611	0.01921	0.17453	0.04445
V581	0.07027	0.48009	0.36754	0.06596	0.01614
V582	0.01286	0.03223	0.95067	0	0.00425
V583	0.63118	0.00717	0.35283	0.00715	0.00167
V584	0.22099	0.4944	0.10719	0.03311	0.1443
V585	0.06866	0.74287	0.0718	0.05056	0.0661
V586	0.06073	0.75886	0.16513	0.0099	0.00538
V587	0.06961	0.65203	0.01664	0.03989	0.22182
V588	0.23896	0.39672	0.35825	0	0.00607
V589	0.10734	0.41746	0.04966	0.36158	0.06397
V590	0.06856	0.74413	0.01115	0.02057	0.15559
V591	0.44939	0.49758	0.04276	0	0.01027
V592	0.02109	0	0.75235	0.04039	0.18616
V593	0.41899	0.00184	0	0.47314	0.10603
V594	0.01316	0.11667	0.65931	0.13864	0.07221
V595	0.52686	0.04341	0.06561	0.29129	0.07283
V596	0.46106	0.19431	0.21023	0.09966	0.03473
V597	0.02583	0.17154	0.00197	0.15137	0.6493
V598	0.55139	0	0	0.02891	0.4197
V599	0.08553	0.40927	0.09439	0.34029	0.07052
V600	0.27877	0.00251	0.18808	0.36463	0.16601
V601	0.13535	0.0926	0	0.45058	0.32147
V602	0.81581	0.17646	0.00282	0	0.00491
V603	0.1194	0.12565	0.02246	0.16244	0.57006
V604	0.02687	0	0.71494	0.10492	0.15327
V605	0.02534	0.04368	0.11561	0.12453	0.69083
V606	0.82466	0	0	0.00772	0.16762
V607	0.14472	0.0919	0.01402	0.07501	0.67435
V608	0.74307	0.01829	0.03236	0.07433	0.13196
V609	0.1864	0.3184	0.012	0.36226	0.12094
V610	0.1001	0.6564	0.016	0.1959	0.0316
V611	0.28561	0.01257	0.62597	0.01259	0.06326
V612	0.37414	0.03875	0.30691	0.02546	0.25475
V613	0.40143	0.53362	0.04318	0.01655	0.00521
V614	0.50844	0.02788	0.01282	0.08903	0.36183
V615	0.01123	0.08526	0.12966	0.54215	0.2317
V616	0.66725	0	0.15578	0.12226	0.0547
V617	0.23185	0.05994	0.46571	0.08847	0.15402
V618	0.70838	0.09432	0.06603	0.00884	0.12243
V619	0.53065	0.03688	0.15085	0.01813	0.2635
V620	0.04799	0.01028	0.37047	0.51128	0.05998
V621	0.14053	0.20613	0.28371	0.02564	0.34399
V622	0.02647	0.18744	0.33307	0.04376	0.40925
V623	0.06472	0	0	0.65795	0.27734
V624	0.89939	0	0.00501	0.01181	0.08378
V625	0.00967	0.0573	0.09602	0.74674	0.09028
V626	0.08168	0.01218	0.57009	0.28051	0.05555
V627	0.09922	0.13627	0.1067	0.07699	0.58083
V628	0.95043	0.01962	0.00882	0.0119	0.00923
V629	0.13878	0.22624	0.61426	0.01061	0.01011
V630	0.01616	0.15896	0.01712	0.09212	0.71565
V631	0.00124	0	0.24753	0.07608	0.67515
V632	0.06803	0.73441	0.01773	0.03867	0.14115
V633	0.05054	0	0.08319	0.5019	0.36437
V634	0.40529	0.44566	0.14823	0	0.00083
V635	0.03783	0.08406	0.16998	0.0776	0.63054
V636	0.20417	0.16487	0.31329	0.17494	0.14272
V637	0.22164	0	0.42275	0.23466	0.12095
V638	0.08487	0.4428	0.02352	0.09701	0.35181
V639	0.51119	0.40219	0.07971	0	0.00692
V640	0.10604	0.17582	0.07626	0.23272	0.40916
V641	0.11264	0.70568	0.03148	0.11107	0.03912
V642	0.73755	0.04038	0.00312	0.19594	0.023
V643	0.07543	0.82431	0.0756	0.01792	0.00673
V644	0.05768	0.44257	0.02576	0.39585	0.07815
V645	0.17065	0.73108	0.02447	0.06348	0.01031
V646	0.14314	0.5307	0.035	0.1996	0.09156
V647	0.9403	6e-04	0.00723	0.04033	0.01153
V648	0.43047	0.11258	0	0.2586	0.19835
V649	0.24925	0.08174	0.07064	0.13017	0.4682
V650	0.02202	0	0.05397	0.83097	0.09304
V651	0.14842	0.21854	0	0.57344	0.0596
V652	0.36702	0	0.03206	0.52926	0.07167
V653	0.34606	0.00746	0.04981	0.49967	0.09701
V654	0.02785	0.06028	0	0.13014	0.78174
V655	0.16497	0.04711	0.31381	0.42478	0.04933
V656	0.09701	0	0	0.15252	0.75047
V657	0.05093	0.48747	0.0349	0.28624	0.14045
V658	0.02637	0.02051	0.02523	0.57827	0.34961
V659	0.0163	0.01271	0.0751	0.74387	0.15202
V660	0.06371	0.3112	0.01946	0.08056	0.52507
V661	0.06091	0.63998	0.02322	0.15332	0.12257
V662	0.04407	0.4059	0.02318	0.04725	0.4796
V663	0.97966	0.00315	0.01109	0	0.0061
V664	0.01675	0	0.10537	0.38605	0.49183
V665	0.0496	0.61704	0.21184	0.07022	0.0513
V666	0.11125	0.82705	0.0521	0.00407	0.00554
V667	0.05419	0.5361	0.26146	0.0866	0.06164
V668	0.62488	0.2495	0.05314	0.04224	0.03024
V669	0.45245	0.31591	0.02918	0.07881	0.12366
V670	0.1048	0.60298	0.05199	0.04228	0.19796
V671	0.77524	0	0.1998	0.01425	0.01071
V672	0.08741	0.05869	0.08349	0.30381	0.46659
V673	0.00628	0.00533	0	0.16719	0.8212
V674	0.37435	0.08947	0.49822	0	0.03795
V675	0.67938	0.00027	0.03882	0.1405	0.14102
V676	0.2632	0.09281	0.49415	0.00088	0.14896
V677	0.05361	0.27241	0.22393	0.34887	0.10118
V678	0.05301	0.28924	0.01177	0.08005	0.56593
V679	0.0164	0	0.47665	0.45159	0.05536
V680	0.15232	0	0.01059	0.34254	0.49455
V681	0.51944	0.03237	0.03863	0.2792	0.13036
V682	0.0112	0	0.98575	0	0.00305
V683	0.07939	0.16878	0.6267	0.00194	0.1232
V684	0.05934	0	0.00107	0.84328	0.09631
V685	0.019	0.00466	0.86283	0.09281	0.02069
V686	0.28373	0.60692	0.07668	0.01299	0.01968
V687	0.00378	0	0.60177	0.3395	0.05495
V688	0.00959	0	0.96448	0.00138	0.02455
V689	0.49272	0.05192	0.19644	0.09895	0.15997
V690	0.11913	0.81916	0.02863	0.01828	0.0148
V691	0.14294	0.13281	0.04474	0.58291	0.0966
V692	0.06952	0.01334	0.00893	0.72593	0.18228
V693	0.04238	0.49522	0.42673	0.02266	0.01301
V694	0.09054	0.19738	0.03679	0.54236	0.13293
V695	0.11647	0.09586	0.13308	0.0691	0.5855
V696	0.12753	0	0.74087	0.00694	0.12467
V697	0.10739	0.10171	0.32098	0.31851	0.1514
V698	0.01226	0	0.15705	0.0855	0.74519
V699	0.03518	0.00024	0.04336	0.62657	0.29465
V700	0.08096	0.77584	0.07959	0.00273	0.06087
V701	0.01627	0.15875	0.00965	0.08662	0.72871
V702	0.02369	0.11831	0.00235	0.62596	0.22969
V703	0.01713	0.00563	0.02142	0.84846	0.10737
V704	0.04552	0.03732	0.37345	0.05915	0.48456
V705	0.93654	0.01939	0.00064	0.00147	0.04196
V706	0.1566	0.14878	0.16057	0.40611	0.12794
V707	0.13398	0.11263	0.06619	0.2701	0.4171
V708	0.04826	0.57449	0.37277	0.00107	0.00341
V709	0.00425	0	0.02276	0.09708	0.8759
V710	0.12868	0.00823	0.46553	0.02753	0.37003
V711	0.04424	0	0.00805	0.10537	0.84234
V712	0.07093	0.00025	0.72242	0.17118	0.03521
V713	0.26297	0.4205	0.313	0.00185	0.00168
V714	0.0383	0	0	0.0958	0.8659
V715	0.02493	0.27454	0.5955	0.0861	0.01893
V716	0.72252	0.19747	0.01377	0.03512	0.03112
V717	0.38124	0.16114	0.11807	0.03915	0.3004
V718	0.6783	0	0.27451	0	0.04719
V719	0.39632	0.24292	0.10499	0.10716	0.14861
V720	0.11051	0.02468	0.07789	0.09888	0.68805
V721	0.019	0	0.03482	0.10639	0.83978
V722	0.03021	0.23698	0.0553	0.4513	0.2262
V723	0.11551	0.22602	0.11211	0.4724	0.07396
V724	0.13995	0.65017	0.04565	0.1397	0.02453
V725	0.02009	0	0	0.09814	0.88177
V726	0.21983	0.48948	0.05669	0.05847	0.17554
V727	0.02001	0	0.95586	0.00062	0.02351
V728	0.78707	0.01949	0.12755	0.05148	0.01441
V729	0.6105	0.1232	0.02556	0.21015	0.03058
V730	0.12615	0.00982	0.3927	0.3671	0.10423
V731	0.00637	0.00489	0.05975	0.8348	0.09419
V732	0.01399	0	0.00023	0.88131	0.10447
V733	0.04317	0.01743	0.91978	0	0.01961
V734	0.51226	0.08264	0.36084	0.02568	0.01858
V735	0.07064	0.13985	0.2021	0.06934	0.51806
V736	0.00723	0.02559	0.00029	0.09731	0.86958
V737	0.97179	0.01156	0.01101	0	0.00563
V738	0.03656	0.42396	0.01641	0.05386	0.46921
V739	0.01877	0.00624	0	0.87167	0.10332
V740	0.19871	0.06704	0.09531	0.06573	0.57321
V741	0.49492	0.02112	0	0.30025	0.18371
V742	0.07926	0.01028	0.53549	0.1718	0.20317
V743	0.02487	0.03402	0.06349	0.16025	0.71737
V744	0.19936	0.05745	0.1711	0.47771	0.09438
V745	0.17098	0.01404	0.04394	0.69056	0.08048
V746	0.36041	0.55216	0.04276	0.00144	0.04323
V747	0.04293	0.01605	0.90911	5e-04	0.03141
V748	0.1648	0.19969	0.26929	0.07244	0.29377
V749	0.18681	0.09991	0.11766	0.40387	0.19175
V750	0.7454	0.20607	0.00789	0.03262	0.00801
V751	0.05392	0.36446	0.55594	0.01394	0.01173
V752	0.0215	0.10987	0.0161	0.09026	0.76227
V753	0.5469	0.05008	0.24058	0.02451	0.13794
V754	0.12376	0.3388	0.00626	0.47338	0.0578
V755	0.24285	0.69964	0.04741	0	0.0101
V756	0.0202	0.09124	0.01555	0.12522	0.74778
V757	0.17502	0	0.09491	0.65564	0.07443
V758	0.0792	0.44972	0.00244	0.41493	0.05371
V759	0.07946	0.01438	0.08623	0.07654	0.74339
V760	0.07485	0.01667	0.20012	0.26152	0.44685
V761	0.07619	0.24594	0.66833	0	0.00954
V762	0.01629	0.02793	0.16379	0.38724	0.40476
V763	0.03123	0.24486	0.00411	0.0697	0.6501
V764	0.11642	0.05682	0.08183	0.65935	0.08558
V765	0.18232	0.01024	0.65608	0.04327	0.10809
V766	0.08737	0.47155	0.24048	0.0502	0.1504
V767	0.27099	0.47143	0.06461	0.04709	0.14588
V768	0.08269	0.80452	0.05782	0.03878	0.0162
V769	0.75662	0.00732	0.18853	0	0.04753
V770	0.32715	0	0.51514	0.13745	0.02026
V771	0.08413	0.70357	0.01625	0.0838	0.11224
V772	0.06514	0.00645	0.92662	0	0.0018
V773	0.01983	0	0	0.2133	0.76686
V774	0.15875	0	0.5196	0.01845	0.30321
V775	0.91333	0	0.02041	0.04052	0.02574
V776	0.35912	0.42796	0.1592	0.01838	0.03534
V777	0.22348	0.38029	0.24372	0.09144	0.06108
V778	0.51912	0.06152	0.00597	0.20364	0.20975
V779	0.08562	0.40609	0.48246	0.00682	0.01902
V780	0.02904	0	0.9678	0	0.00316
V781	0.17705	0.29545	0.16606	0.02508	0.33635
V782	0.21756	0.22692	0.016	0.04954	0.48998
V783	0.00325	0	0.61446	0.05029	0.33201
V784	0.05061	0.61218	0.0085	0.21618	0.11253
V785	0.70016	0.14583	0	0.08354	0.07046
V786	0.17077	0.21013	0.01088	0.52715	0.08107
V787	0.14647	0.59577	0.00633	0.16398	0.08745
V788	0.37056	0.4173	0.07045	0.00294	0.13875
V789	0.01569	0.15163	0.00212	0.38268	0.44787
V790	0.27292	0.22333	0.05749	0.12222	0.32403
V791	0.17456	0.21278	0.06701	0.19583	0.34981
V792	0.93817	0.01876	0.02383	0	0.01924
V793	0.31844	0.26654	0.05044	0.09837	0.26621
V794	0.01384	0.00526	0.09038	0.21291	0.67761
V795	0.14607	0.79985	0.02793	0.00488	0.02127
V796	0.29958	0.4181	0.10846	0.12726	0.04661
V797	0.11772	0	0	0.09598	0.78631
V798	0.1366	0.49644	0.01025	0.09251	0.2642
V799	0.03635	0.16534	0.04699	0.6266	0.12472
V800	0.02231	0	0.00578	0.17884	0.79308
V801	0.38655	0	0.12498	0.41225	0.07622
V802	0.03526	0.17807	0.00963	0.08164	0.6954
V803	0.30855	0.02755	0	0.57585	0.08805
V804	0.20561	0.16382	0.20152	0.34032	0.08873
V805	0.15522	0.12968	0.43634	0.15696	0.1218
V806	0.46923	0.0082	0.19283	0.07071	0.25902
V807	0.71254	0	0.06296	0.04929	0.17521
V808	0.83405	0.00317	0.04922	0	0.11357
V809	0.20278	0.59419	0.02694	0.03461	0.14149
V810	0.02724	0.04911	0.03275	0.44553	0.44537
V811	0.04731	0.08248	0.01473	0.15723	0.69825
V812	0.05101	0.64352	0.19368	0.06916	0.04263
V813	0.0364	0.19953	0.20124	0.04846	0.51437
V814	0.2063	0.551	0.06831	0.13471	0.03967
V815	0.23595	0.66983	0.03744	0.04162	0.01515
V816	0.04391	0.5174	0.01275	0.35155	0.07438
V817	0.80497	0.03138	0.15361	0.00692	0.00311
V818	0.04619	0.19101	0.33822	0.06065	0.36393
V819	0.94501	0.01922	0.0161	0.01122	0.00844
V820	0.08228	0.36924	0.12273	0.35353	0.07221
V821	0.00267	0	0	0.10134	0.89599
V822	0.19325	0.00481	0.00891	0.71697	0.07605
V823	0.04588	0.06483	0.20649	0.06112	0.62168
V824	0.06104	0.0148	0.01377	0.0881	0.82229
V825	0.15833	0	0.66503	0.1621	0.01454
V826	0.05209	0	0.93057	0.01361	0.00373
V827	0.34333	0.15404	0	0.35345	0.14918
V828	0.23075	0.13473	0.0979	0.08789	0.44874
V829	0.09061	0.07301	0.2975	0.18533	0.35354
V830	0.1574	0	0.69327	0.02226	0.12707
V831	0.05686	0.7175	0.05665	0.12771	0.04128
V832	0.19152	0	0.05656	0.25453	0.49739
V833	0.19729	0.74051	0.01803	0	0.04417
V834	0.73075	0.14573	0.03558	0.01756	0.07037
V835	0.25463	0.29305	0.08964	0.24574	0.11694
V836	0.3877	0.06389	0.45041	0.08258	0.01541
V837	0.06302	0.78916	0.02611	0.03969	0.08202
V838	0.00136	0	0.07403	0.82222	0.10239
V839	0.0327	0.01427	0.06248	0.08675	0.8038
V840	0.935	0.00881	0.0303	0.01075	0.01515
V841	0.23706	0.00083	0.75514	0	0.00697
V842	0.53798	0.04336	0.20952	0.17589	0.03326
V843	0.44684	0	0.14284	0.08611	0.32421
V844	0.02857	0.15961	0.76407	0.01656	0.03119
V845	0.02289	0	0	0.58071	0.3964
V846	0.10115	0.02494	0.08725	0.11931	0.66735
V847	0.18936	0	0.04073	0.16434	0.60556
V848	0.72379	0.03674	0.00242	0.08501	0.15204
V849	0.14844	0.03309	0.70954	0.0051	0.10383
V850	0.21347	0.02042	0.28688	0.16088	0.31835
V851	0.97757	0.0029	0.00248	0	0.01705
V852	0.22778	0.04977	0.07151	0.19109	0.45986
V853	0.04335	0.11552	0.60855	0.13161	0.10098
V854	0.05754	0.33405	0.24028	0.08859	0.27955
V855	0.11488	0.38747	0.09287	0.28364	0.12114
V856	0.1573	0.37341	0.05256	0.03278	0.38395
V857	0.07779	0.02961	0.16555	0.41018	0.31687
V858	0.0377	0.33829	0.18666	0.20177	0.23558
V859	0.13571	0.0037	0.01715	0.72644	0.117
V860	0.04506	0.14316	0.06455	0.61457	0.13266
V861	0.14858	0.01283	0.13087	0.63557	0.07215
V862	0.05651	0	0.01001	0.15739	0.77609
V863	0.06818	0.86149	0.0308	0.00855	0.03098
V864	0.04665	0	0.89188	0.05464	0.00683
V865	0.08994	0	0.65532	0.23317	0.02157
V866	0.03933	0.03662	0.65292	0.22082	0.05032
V867	0.54623	0.02587	0	0.02695	0.40096
V868	0.24136	0.2232	0.40394	0.09687	0.03463
V869	0.00802	0	0.00966	0.10415	0.87817
V870	0.26776	0.16668	0.07571	0.23774	0.2521
V871	0.034	0.03422	0.08908	0.14874	0.69397
V872	0.38925	0.04165	0.00682	0.45914	0.10315
V873	0.0679	0.32659	0.15137	0.34407	0.11007
V874	0.08141	0.03307	0	0.09179	0.79374
V875	0.01731	0.17749	0.01918	0.46472	0.32129
V876	0.45235	0.05549	0.05231	0.04124	0.3986
V877	0.23668	0.62237	0.04436	0.07089	0.0257
V878	0.05381	0.67616	0.04905	0.18243	0.03855
V879	0.91233	0.04522	0.01544	0.01147	0.01555
V880	0.0793	0.07004	0.02336	0.41549	0.41182
V881	0.01203	0	0.50826	0.03953	0.44018
V882	0.06098	0.48153	0.01941	0.39554	0.04254
V883	0.50251	0.18246	0.00983	0.16864	0.13657
V884	0.00011	0	0	0.10847	0.89141
V885	0.16962	0.05539	0.38566	0.12057	0.26876
V886	0	0	0.01809	0.25763	0.72427
V887	0.1107	0.82857	0.02161	0.00147	0.03765
V888	0.06335	0.09881	0.05425	0.64731	0.13628
V889	0.13566	0.77601	0.04918	0.01752	0.02163
V890	0.03535	0	0.14055	0.62382	0.20028
V891	0.01263	0.03155	0.94317	0.00786	0.0048
V892	0.58107	0.24297	0.02016	0.00783	0.14796
V893	0.15774	0.17658	0.51346	0.07216	0.08007
V894	0.1123	0.52596	0.05185	0.23271	0.07718
V895	0.6953	0	0.28786	0.00741	0.00943
V896	0.22045	0.22411	0.24207	0.27877	0.0346
V897	0.00096	0	0.03338	0.73702	0.22864
V898	0.36214	0	0.00384	0.06823	0.56579
V899	0.55962	0.31598	0.08582	0	0.03857
V900	0.26664	0.23481	0.28049	0.17594	0.04211
V901	0.66422	0.05761	0.00174	0.16883	0.1076
V902	0.84385	0.04952	0.02052	0.02955	0.05656
V903	0.28169	0.07074	0.06906	0.48356	0.09494
V904	0.72217	0.09778	0.15976	0	0.02029
V905	0.03544	0.30712	0.06389	0.31327	0.28029
V906	0.15652	0.03226	0.45968	0.08629	0.26526
V907	0.70846	0.11633	0.06751	0.05127	0.05644
V908	0.03887	0.33796	0.04961	0.45978	0.11379
V909	0.0232	0.11029	0.01117	0.68896	0.16639
V910	0.6632	0.17543	0.01192	0.05675	0.0927
V911	0.05243	0.24527	0.51313	0.01543	0.17374
V912	0.03198	0.00462	0.1419	0.12461	0.69689
V913	0.14651	0.0125	0.07053	0.63703	0.13343
V914	0.76324	0.03836	0.01056	0.1141	0.07374
V915	0.18281	0.16717	0.04587	0.0565	0.54765
V916	0.78533	0.01846	0.11695	0.00209	0.07718
V917	0.41831	0.03198	0	0.05307	0.49665
V918	0.59021	0.14255	0.22186	0.01886	0.02652
V919	0.4263	0.16758	0.00801	0.26067	0.13745
V920	0.1914	0	0.11728	0.62145	0.06986
V921	0.18602	0.17187	0.10615	0.0421	0.49386
V922	0.04327	0	0.68691	0.01566	0.25416
V923	0.15399	0.4567	0.02359	0.06669	0.29903
V924	0.50701	0.11167	0	0.23714	0.14418
V925	0.15487	0.10701	0.48245	0.15501	0.10065
V926	0.01503	0.00641	0	0.10441	0.87415
V927	0.532	0.25714	0.11465	0.07208	0.02414
V928	0.12677	0.2582	0.21596	0.1748	0.22427
V929	0.05895	0.24566	0.00356	0.06538	0.62646
V930	0.06479	0	0.04911	0.08449	0.80161
V931	0.46875	0.13473	0.00764	0.06373	0.32516
V932	0.04937	0.09866	0.04039	0.32042	0.49116
V933	0.28563	0	0.04115	0.27901	0.39421
V934	0.67652	0.05712	0.26636	0	0
V935	0.57742	0.11045	0.12842	0.05351	0.1302
V936	0.31868	0.06159	0.11679	0.41607	0.08688
V937	0.14989	0.67863	0.10314	0.03071	0.03763
V938	0.10368	0.84716	0.03815	0.00489	0.00611
V939	0	0	0.00288	0.33289	0.66423
V940	0.55495	0.0779	0.08062	0.05831	0.22822
V941	0.02223	0.11609	0.11775	0.44936	0.29456
V942	0.7363	0.24312	0.00938	0.00534	0.00586
V943	0.04658	0.08128	0.04643	0.08537	0.74033
V944	0.35253	0.01925	0.11663	0.45021	0.06138
V945	0.06435	0.24935	0.58442	0.03425	0.06763
V946	0.05038	0.47359	0.46442	6e-04	0.01102
V947	0.37131	0.01701	0.01945	0.14163	0.4506
V948	0.09227	0.68097	0.04593	0.10128	0.07955
V949	0.86451	0.10091	0.03161	0	0.00297
V950	0.07092	0.00457	0.01933	0.81478	0.0904
