Neutrophils	Monocytes_CD14.CD16.	Macrophage	T_cells_.CD4..	NK_cells
V1	0.30365	0.19776	0.24022	0.17407	0.0843
V2	0.05473	0.85906	0.0061	0.01864	0.06148
V3	0.02786	0.06704	0.42926	0.45674	0.0191
V4	0	0.09808	0.26452	0.17176	0.46564
V5	0.00207	0.08852	0.06673	0.24671	0.59597
V6	0.30217	0.09432	0.26279	0.2716	0.06912
V7	0	0.10995	0.44417	0.16234	0.28355
V8	0	0.07622	0.84234	0.08144	0
V9	0.02489	0.03326	0.25374	0.65099	0.03713
V10	0.45572	0.07923	0.46505	0	0
V11	0.02276	0.11347	0.11676	0.19814	0.54888
V12	0.06133	0.0778	0.22518	0.38563	0.25005
V13	0.1235	0.09734	0.0206	0.50129	0.25726
V14	0.14112	0.0293	0.05193	0.68402	0.09363
V15	0	0.00771	0	0.91864	0.07364
V16	0.58351	0.0875	0	0.31974	0.00925
V17	0.06907	0.33836	0	0.14695	0.44561
V18	0.06882	0.45465	0.23845	0.21282	0.02525
V19	0.01884	0.0908	0	0.26173	0.62864
V20	0	0.04905	0.70215	0.24881	0
V21	0.0109	0.32664	0.12842	0.23359	0.30045
V22	0.88875	0.11125	0	0	0
V23	0.07375	0.10206	0.01667	0.26897	0.53855
V24	0.48704	0.18744	0	0.08836	0.23716
V25	0.01096	0.07871	0.00138	0.53623	0.37272
V26	0.50953	0.27284	0.01637	0.06354	0.13772
V27	0.12005	0.56576	0.16673	0.01649	0.13097
V28	0.00339	0.09938	0.19268	0.64565	0.0589
V29	0	0.0173	0.31852	0.62941	0.03477
V30	0.80407	0.13965	0	0.01673	0.03954
V31	0.42094	0.18604	0	0.26281	0.13021
V32	1	0	0	0	0
V33	0.01864	0.28649	0.00225	0.22027	0.47234
V34	0.11925	0.87275	0	0	0.00801
V35	0.07794	0.67352	0.22971	0.00233	0.01651
V36	0.01414	0.25687	0.17719	0.17899	0.37281
V37	0.84377	0.00691	0	0.02533	0.12399
V38	0.08814	0.09672	0.47322	0.2539	0.08803
V39	0.30774	0.12179	0.34066	0.06847	0.16134
V40	0.229	0.64277	0	0.07766	0.05057
V41	0.05328	0.88725	0	0	0.05947
V42	0.95035	0.04965	0	0	0
V43	0.48411	0.17662	0.33238	0.00689	0
V44	0	0.35918	0.56111	0.02179	0.05792
V45	0.03545	0.72359	0.06249	0.12048	0.05798
V46	0.11643	0.82976	0.01878	0	0.03503
V47	0	0.06965	0.92532	0.00503	0
V48	0.14933	0.17548	0.21028	0.36644	0.09847
V49	0.46121	0.20006	0.19594	0.14279	0
V50	0	0.09441	0.90559	0	0
V51	0.09856	0.33634	0.195	0.12297	0.24712
V52	0.05347	0.93685	0	0	0.00968
V53	0.01039	0.16575	0	0.76293	0.06093
V54	0.20484	0.02523	0	0.61326	0.15667
V55	0.04562	0	0	0.8913	0.06308
V56	0.05133	0	0	0.8207	0.12797
V57	0.1158	0.20335	0.5637	0.05933	0.05782
V58	0.05799	0.06674	0.14697	0.32333	0.40497
V59	0.92605	0.05446	0.01949	0	0
V60	0.42513	0.26396	0.0908	0.14407	0.07604
V61	0.19476	0.07987	0.01186	0.33425	0.37927
V62	0.03639	0.10317	0.31754	0.23465	0.30825
V63	0.41439	0.33518	0.02188	0.06329	0.16526
V64	1	0	0	0	0
V65	0.07184	0.10658	0.01659	0.668	0.13699
V66	0.0011	0.01783	0.11857	0.80455	0.05796
V67	0	0.0893	0.36083	0.20181	0.34806
V68	0.45061	0.07732	0.39635	0.0553	0.02041
V69	0.62976	0.17327	0.16306	0.02014	0.01377
V70	0.06267	0.76625	0	0.12505	0.04604
V71	0.09676	0.84719	0	0.01682	0.03922
V72	0.0488	0.48991	0	0.0919	0.3694
V73	0.04226	0.03592	0.09189	0.64781	0.18213
V74	0	0.05829	0	0.83405	0.10766
V75	0.47988	0.23175	0.28837	0	0
V76	0	0	0	0.90036	0.09964
V77	0	0.07327	0.88085	0.04588	0
V78	0	0.0781	0.90824	0.01366	0
V79	0.08938	0.46445	0.0154	0.18369	0.24707
V80	0.12827	0.76948	0	0.01696	0.0853
V81	0	0.0725	0.92695	0.00055	0
V82	0.22401	0.18213	0	0.54554	0.04832
V83	0.08984	0.11034	0	0.60814	0.19169
V84	0.09777	0.25167	0	0.16713	0.48343
V85	0	0.06806	0.92265	0.00928	0
V86	0	0.28076	0.28996	0.39786	0.03142
V87	0.45351	0.05047	0	0.46191	0.03411
V88	0.30916	0.22459	0.02563	0.24999	0.19063
V89	0	0.17016	0.7894	0.04043	0
V90	0.01377	0.26654	0.05336	0.21536	0.45097
V91	0	0.00472	0.05865	0.87771	0.05892
V92	0.25061	0.12516	0.00994	0.17136	0.44294
V93	0	0.11424	0.15609	0.57044	0.15923
V94	0.03741	0.2363	0.00757	0.34316	0.37556
V95	0.06438	0.31405	0.00503	0.20452	0.41201
V96	0.87299	0.03522	0	0.0309	0.06089
V97	0.16575	0.11096	0.03717	0.24254	0.44359
V98	0.04697	0.43209	0.17116	0.16345	0.18633
V99	0.51936	0.15771	0	0.23731	0.08563
V100	0.57264	0.22802	0.00198	0.07557	0.12178
V101	0.06163	0.92858	0	0	0.00979
V102	0.30245	0.30461	0.11523	0.14316	0.13456
V103	0.13432	0.07447	0	0.20531	0.5859
V104	0.05429	0.49183	0.06896	0.08165	0.30327
V105	0.0045	0.09733	0.04515	0.25607	0.59695
V106	0.04652	0.81218	0.10896	0	0.03234
V107	0	0.28457	0.6658	0.04963	0
V108	0	0.22343	0.77657	0	0
V109	0.0582	0.27095	0.04063	0.35408	0.27614
V110	0.1674	0.54517	0.15575	0.10031	0.03137
V111	0.25341	0.27651	0.47009	0	0
V112	0.1667	0.03771	0.09453	0.53898	0.16208
V113	0.23481	0.07918	0.09989	0.26007	0.32605
V114	0.59664	0.13346	0.00057	0.19481	0.07453
V115	0.96904	0	0	0	0.03096
V116	0.00643	0.08495	0	0.23853	0.67009
V117	0	0.09308	0.79976	0.10716	0
V118	0.01346	0	0	0.90909	0.07745
V119	0.28554	0.08314	0.3772	0.25411	0
V120	0	0.06616	0.79415	0.13969	0
V121	0.20053	0.74739	0	0	0.05207
V122	0.03297	0.43811	0.06665	0.27439	0.18788
V123	0.50083	0.1044	0.0378	0.23556	0.12141
V124	0.21333	0.17386	0.04552	0.30523	0.26205
V125	0.0042	0.50643	0.48936	0	0
V126	0.14604	0.25018	0.21341	0.18228	0.20808
V127	0.22711	0.07265	0.64332	0.05691	0
V128	0.2077	0.78017	0	0	0.01213
V129	0.24033	0.10907	0.2613	0.2392	0.15009
V130	0.03524	0.55455	0.01199	0.24607	0.15216
V131	0	0.0203	0.2205	0.71699	0.04221
V132	0.34974	0.04837	0	0.40932	0.19257
V133	0	0.11682	0.55716	0.15981	0.16621
V134	0.01192	0.1124	0.78665	0.06349	0.02555
V135	0	0.16929	0.72026	0.0642	0.04625
V136	1	0	0	0	0
V137	0.9724	0.0276	0	0	0
V138	0.25157	0.21286	0.06237	0.2139	0.2593
V139	0.09877	0.01892	0.14477	0.69092	0.04661
V140	0.01558	0.08424	0.18051	0.19316	0.52651
V141	0	0.26712	0.62853	0.10435	0
V142	0.19082	0.07384	0.33495	0.21218	0.18822
V143	0	0.24843	0.47468	0.18611	0.09077
V144	0.52454	0.27285	0.02205	0.12661	0.05396
V145	0	0.07867	0.8938	0.02753	0
V146	0.03384	0.37964	0	0.36434	0.22218
V147	0.04857	0.13823	0.67632	0.13487	0.002
V148	0.15712	0.81016	0	0	0.03272
V149	0	0	0	0.90737	0.09263
V150	0.10413	0.26397	0.58783	0.01847	0.02561
V151	0.4286	0.03756	0	0.43942	0.09442
V152	0	0.00694	0.10027	0.79482	0.09797
V153	0.14081	0.25114	0.45328	0.08239	0.07238
V154	0.13138	0.65671	0	0.03703	0.17489
V155	0.01164	0.01907	0.1182	0.79365	0.05744
V156	0.0743	0.10214	0.40413	0.23228	0.18715
V157	0.08014	0.1068	0.1712	0.36979	0.27208
V158	0.16886	0.08073	0.46078	0.12211	0.16752
V159	0.10498	0.22837	0	0.59708	0.06958
V160	0.47507	0.2326	0.0588	0.08324	0.15029
V161	0.22218	0.10967	0.05495	0.15987	0.45333
V162	0	0.07787	0.92213	0	0
V163	0.05152	0.08612	0.01045	0.24525	0.60666
V164	0.97088	0.02912	0	0	0
V165	0.65224	0.26346	0.02869	0.04038	0.01524
V166	0.02942	0.02788	0.23851	0.61871	0.08548
V167	0.04179	0.69605	0	0.1264	0.13575
V168	0	0.07787	0.92213	0	0
V169	0.04932	0.74123	0.12321	0.04999	0.03626
V170	0.24447	0.4298	0.02406	0.20301	0.09866
V171	0.27249	0.14548	0.34973	0.20408	0.02821
V172	0.19053	0.30394	0.0567	0.11766	0.33117
V173	0.20442	0.14608	0.07133	0.44494	0.13324
V174	0.18289	0.06798	0.35293	0.26629	0.1299
V175	0.0714	0.21186	0.11809	0.27834	0.3203
V176	0.35501	0.01902	0	0.58953	0.03644
V177	0.1492	0.09736	0.55906	0.19439	0
V178	0.24386	0.11231	0.45293	0.1508	0.0401
V179	0.10157	0.09568	0	0.20616	0.59659
V180	0	0.10542	0.37807	0.14343	0.37309
V181	0.07205	0.34772	0	0.16937	0.41086
V182	0.58724	0.24009	0	0.14655	0.02612
V183	0.07147	0.91721	0	0	0.01132
V184	0.28032	0.06819	0.28094	0.34604	0.02451
V185	0.11563	0.53272	0	0.16944	0.18222
V186	0.13842	0.24019	0.00745	0.33612	0.27782
V187	0.0835	0.70074	0	0.17399	0.04176
V188	0.89832	0.04481	0	0.05687	0
V189	0.45773	0.27489	0	0.24545	0.02193
V190	0.41652	0.14357	0.20553	0.07521	0.15917
V191	0.21282	0.23547	0	0.44217	0.10954
V192	0.30814	0.24178	0.10439	0.24537	0.10032
V193	0.03956	0.27301	0.52185	0.07932	0.08626
V194	0.2653	0.12819	0.07599	0.21408	0.31644
V195	0.59519	0.20795	0.19686	0	0
V196	0.00099	0.07774	0.06736	0.25046	0.60344
V197	0.07084	0.90105	0	0	0.02811
V198	0.23305	0.28185	0.01	0.26401	0.21109
V199	0.80062	0.03213	0.16726	0	0
V200	0.84943	0.02375	0	0.04191	0.08492
V201	0.02211	0.01295	0.00275	0.7845	0.17768
V202	0.97111	0.02889	0	0	0
V203	0.56578	0.29338	0	0.05947	0.08137
V204	0.36069	0.16501	0.00692	0.1131	0.35427
V205	0.11087	0.11565	0.12481	0.21992	0.42875
V206	0.02827	0.09343	0	0.79481	0.08349
V207	0	0.00771	0	0.91864	0.07364
V208	0.1276	0.28057	0.47138	0.07121	0.04925
V209	0.15968	0.10848	0.10119	0.18668	0.44397
V210	0	0.06867	0.91713	0.0142	0
V211	0.14988	0.10844	0.21516	0.16204	0.36448
V212	0.063	0.82227	0.03761	0.00804	0.06909
V213	0.0985	0.05695	0.06	0.39484	0.38972
V214	0	0.60603	0.37035	0.00051	0.0231
V215	0.24802	0.28823	0.12217	0.14245	0.19913
V216	0.03623	0.12009	0.35124	0.16462	0.32782
V217	0	0	0	0.88511	0.11489
V218	0.05558	0.2265	0.27488	0.3661	0.07694
V219	0.10284	0.31515	0.36519	0.20495	0.01187
V220	0.19798	0.7875	0.00079	0	0.01372
V221	0.01358	0.14536	0.52148	0.10307	0.21652
V222	0.01713	0.0885	0.00249	0.24135	0.65054
V223	0.52467	0.06359	0.29	0.12175	0
V224	0.05341	0.61498	0	0.11186	0.21976
V225	0.74922	0.19212	0.05866	0	0
V226	0.48992	0.51008	0	0	0
V227	0.08565	0.26319	0	0.58075	0.07042
V228	0.60291	0.07837	0.24148	0.07725	0
V229	0.25344	0.44189	0.23664	0.04253	0.0255
V230	0.01622	0.07755	0.00327	0.24477	0.65819
V231	0.06823	0.65484	0.02595	0.16333	0.08765
V232	0.83773	0.03697	0.1253	0	0
V233	0.05032	0.10478	0.16159	0.24532	0.43799
V234	0.00461	0.40056	0.19658	0.35119	0.04705
V235	1	0	0	0	0
V236	0.03799	0.08195	0.62985	0.23045	0.01975
V237	0.10763	0.12977	0.2589	0.36929	0.13442
V238	0.00049	0.06	0	0.45202	0.48748
V239	0.07484	0.46098	0.02525	0.22217	0.21676
V240	0.0719	0.8717	0	0	0.05641
V241	0.0536	0.9348	0	0	0.0116
V242	0.01741	0.35555	0.28011	0.28837	0.05855
V243	0.48183	0.07539	0.31792	0.06144	0.06341
V244	0.02618	0.46789	0.18164	0.12825	0.19604
V245	0.05136	0.93013	0	0	0.01851
V246	0.66236	0.29633	0	0	0.04132
V247	0.14979	0.16625	0.61133	0.07262	0
V248	0.11078	0.67117	0	0.02503	0.19302
V249	0.2423	0.14293	0.20068	0.18651	0.22758
V250	0	0.10703	0.65738	0.10317	0.13242
V251	0.19697	0.05505	0.0676	0.60895	0.07142
V252	0	0.18007	0.54069	0.19876	0.08048
V253	0.30219	0.61464	0.03276	0.02058	0.02982
V254	0.55268	0.38919	0	0.05072	0.00741
V255	0.88528	0.08566	0	0.00717	0.02189
V256	0.05084	0.81757	0	0	0.13159
V257	0.45679	0.35242	0.10264	0.0398	0.04834
V258	0.15664	0.34304	0.01595	0.43726	0.04711
V259	0.56645	0.30852	0.12503	0	0
V260	0.26197	0.11162	0.09809	0.20035	0.32798
V261	0	0.07402	0.50022	0.34314	0.08263
V262	0.96315	0.03685	0	0	0
V263	0.84226	0.08092	0	0.07682	0
V264	0.07007	0.90296	0	0	0.02697
V265	0.87672	0.1221	0.00118	0	0
V266	0.00997	0.08063	0.0982	0.23203	0.57917
V267	0.0509	0.07343	0	0.33926	0.53641
V268	0.19315	0.46116	0.1132	0.17759	0.0549
V269	0.06657	0.36545	0.33452	0.20175	0.0317
V270	0.02746	0.01014	0.00739	0.89126	0.06375
V271	0.22937	0.73398	0	0	0.03665
V272	0.10944	0.84714	0	0	0.04342
V273	0.26785	0.07435	0.16087	0.37724	0.11968
V274	0.09474	0.11043	0.0303	0.34275	0.42178
V275	0.04169	0.7495	0.11406	0.05781	0.03693
V276	0	0.06394	0.67183	0.26268	0.00155
V277	0.33146	0.07073	0.58971	0.0081	0
V278	0	0.07054	0.32874	0.49791	0.10281
V279	0.12849	0.01079	0	0.77358	0.08714
V280	0.1785	0.05005	0.00902	0.65606	0.10638
V281	0.01527	0.23599	0.01385	0.67388	0.061
V282	0.06208	0.92632	0	0	0.0116
V283	0.36989	0.09046	0.09821	0.13244	0.309
V284	0	0.2047	0.54502	0.07425	0.17603
V285	0.54874	0.45126	0	0	0
V286	0.01418	0.11023	0.8261	0.04949	0
V287	0.22981	0.1237	0.15459	0.34605	0.14586
V288	0.15949	0.09287	0.63488	0.05313	0.05963
V289	0.14727	0.23485	0	0.56541	0.05246
V290	0.45121	0.47775	0.07103	0	0
V291	0.40186	0.21567	0	0.35075	0.03172
V292	0.09525	0.11238	0.41952	0.13685	0.236
V293	0	0.16522	0.77562	0.05916	0
V294	0.0059	0.08929	0.00388	0.23677	0.66416
V295	0	0.05942	0.31639	0.54718	0.07701
V296	0.90306	0.09694	0	0	0
V297	0	0.07823	0.75584	0.16316	0.00278
V298	0.28162	0.0179	0	0.59038	0.1101
V299	0.24886	0.00138	0	0.70376	0.046
V300	1	0	0	0	0
V301	1	0	0	0	0
V302	0	0.04429	0	0.55825	0.39746
V303	0.09983	0.23056	0.20895	0.25045	0.21021
V304	0.13383	0.11231	0.73828	0.01558	0
V305	0.20962	0.37432	0.07111	0.15615	0.18881
V306	0.33716	0.64988	0	0	0.01296
V307	0.20233	0.05384	0.25299	0.46987	0.02097
V308	0.18169	0.0818	0.64903	0.08748	0
V309	0.6899	0.11309	0	0.13511	0.0619
V310	0.03029	0.10065	0	0.2925	0.57656
V311	0	0	0.01719	0.9118	0.07102
V312	0.08074	0.32288	0.25147	0.08525	0.25967
V313	0.06564	0.33346	0	0.37331	0.22759
V314	0.07788	0.05472	0	0.50976	0.35764
V315	1	0	0	0	0
V316	0.10036	0.60102	0.22018	0.02303	0.05541
V317	0.35781	0.14137	0.50036	0.00045	0
V318	0.99735	0	0	0	0.00265
V319	0.03898	0.13792	0.80914	0.01396	0
V320	0.05536	0	0	0.8781	0.06654
V321	0.11402	0.37164	0.2802	0.20494	0.02919
V322	0	0.3118	0.55718	0.07609	0.05493
V323	0.22037	0.27535	0.42384	0.04071	0.03973
V324	0.02086	0.05111	0.01687	0.84548	0.06568
V325	0.66217	0.15332	0.03406	0.12166	0.0288
V326	0.04637	0.08789	0.05968	0.30551	0.50055
V327	0.3353	0.53632	0.06478	0.01263	0.05096
V328	0.03373	0.30809	0.14508	0.46385	0.04925
V329	0	0.07456	0.369	0.52925	0.02719
V330	0.01747	0.11746	0.83707	0.028	0
V331	0.13436	0.10424	0.09194	0.23931	0.43016
V332	0.45432	0.10808	0.4376	0	0
V333	0.37684	0.09785	0.29057	0.19025	0.0445
V334	0.00627	0.34107	0.53832	0.09439	0.01994
V335	0.77087	0.10923	0.02601	0.04668	0.04721
V336	0.14883	0.61622	0.22554	0	0.00941
V337	0.00374	0.07584	0.01086	0.34844	0.56111
V338	0.76243	0.07354	0.10755	0.02844	0.02804
V339	0.20165	0.58478	0.1519	0	0.06167
V340	0.02994	0.24754	0.11447	0.18688	0.42117
V341	0	0.53818	0.41715	0.00614	0.03853
V342	0.25486	0.20407	0.42866	0.11241	0
V343	0.70947	0.0404	0.25013	0	0
V344	0.10916	0.80791	0	0	0.08293
V345	0.21993	0.0945	0	0.38652	0.29905
V346	0.01331	0.34443	0.29874	0.30178	0.04174
V347	0.08729	0.53531	0	0.31269	0.06471
V348	0	0.18803	0.43374	0.28604	0.0922
V349	0.03172	0.36415	0.52034	0.0334	0.05039
V350	0.11379	0.45161	0.06162	0.25288	0.1201
V351	0.13915	0.08691	0.41664	0.34313	0.01417
V352	0.08728	0.58125	0.32555	0	0.00592
V353	0.26426	0.39781	0.00641	0.10027	0.23124
V354	0.56161	0.0525	0.38588	0	0
V355	0.05533	0.05783	0.32476	0.53187	0.0302
V356	0.02876	0.11288	0.81279	0.04557	0
V357	0.01171	0.1239	0.53291	0.12095	0.21054
V358	0.00839	0.0398	0.00783	0.87512	0.06886
V359	0.03815	0.10623	0	0.79449	0.06112
V360	0.74239	0.08782	0.03107	0.13872	0
V361	0.3526	0.53788	0.04252	0	0.06699
V362	0.89318	0.05438	0.03968	0	0.01276
V363	0.03017	0.10594	0	0.32635	0.53753
V364	0.03937	0.31546	0	0.4795	0.16568
V365	0	0	0	0.91799	0.08201
V366	0.16284	0.11722	0.58797	0.09917	0.0328
V367	0.21313	0.27096	0.19315	0.20817	0.11459
V368	0.79461	0.1379	0.0675	0	0
V369	0.02871	0.69195	0.205	0.05284	0.0215
V370	0.01223	0.20502	0.115	0.43479	0.23295
V371	0.05991	0.93208	0	0	0.008
V372	0.67697	0.11436	0.0982	0.11047	0
V373	0.11417	0.69164	0.0936	0.06754	0.03304
V374	0.06626	0.09357	0.36393	0.45797	0.01827
V375	0.25325	0.07939	0.5907	0.07667	0
V376	0	0.07795	0.4392	0.14417	0.33868
V377	0.0765	0.536	0.18251	0.17677	0.02821
V378	0.13313	0.60282	0.15182	0.00418	0.10806
V379	0.0183	0.0862	0.12596	0.25639	0.51315
V380	0	0.0903	0.16964	0.56301	0.17706
V381	0.1601	0.13171	0	0.1804	0.52778
V382	0.41915	0.02943	0	0.36719	0.18423
V383	0.00216	0.03338	0.26416	0.66252	0.03777
V384	0.26549	0.09199	0.14661	0.44123	0.05468
V385	0.09349	0.18525	0	0.18164	0.53962
V386	0.6943	0.00383	0	0.30187	0
V387	0.25302	0.02586	0	0.66156	0.05956
V388	0.05822	0.88733	0	0.01337	0.04109
V389	0.12943	0.80667	0	0	0.06391
V390	0.16533	0.00965	0	0.71514	0.10988
V391	0.76014	0.15845	0	0.06211	0.0193
V392	0.99655	0.00345	0	0	0
V393	0.08598	0.06058	0.14055	0.57682	0.13606
V394	0.76134	0.02812	0	0.17114	0.03939
V395	0	0.031	0.35831	0.57968	0.03102
V396	0.54459	0.06583	0.38958	0	0
V397	0.71526	0.16635	0	0.10701	0.01137
V398	0.04576	0.02134	0.16149	0.67926	0.09214
V399	0.03729	0.08436	0	0.42332	0.45504
V400	0.15977	0.55884	0.12677	0.12857	0.02606
V401	0.27529	0.06945	0.6261	0.02916	0
V402	0.33925	0.10047	0.4398	0.09628	0.02421
V403	0.15686	0.14011	0	0.27723	0.4258
V404	0	0.08581	0.46584	0.41337	0.03498
V405	0.33981	0.30698	0.03773	0.23499	0.08049
V406	0	0.09746	0.89345	0.00909	0
V407	0.94584	0.05416	0	0	0
V408	0.03954	0.41576	0	0.30851	0.23619
V409	0.0964	0.02524	0.04592	0.72185	0.1106
V410	0.11042	0.20898	0.32657	0.13099	0.22304
V411	0.00645	0.08426	0	0.24561	0.66368
V412	0.01663	0.23172	0.13887	0.16889	0.44389
V413	0.01585	0.29101	0.14352	0.40358	0.14603
V414	0.03706	0.11634	0	0.56206	0.28454
V415	0.1793	0.07258	0	0.19283	0.5553
V416	0.11167	0.1644	0.00807	0.29052	0.42534
V417	0	0.07389	0.7454	0.1664	0.01431
V418	0.59362	0.40638	0	0	0
V419	0.25744	0.09391	0	0.25864	0.39001
V420	0.23643	0.07754	0.10354	0.18777	0.39472
V421	0	0.08696	0.14934	0.23423	0.52946
V422	0	0.03187	0.03224	0.77843	0.15747
V423	0.2605	0.24055	0.26813	0.20795	0.02287
V424	0	0.08436	0.51615	0.12011	0.27938
V425	0.35048	0.42191	0	0.03981	0.1878
V426	0.23237	0.20383	0	0.4765	0.08729
V427	0.20713	0.67543	0.11135	0	0.00609
V428	0.10181	0.69491	0.04357	0.07538	0.08432
V429	0.12704	0.80741	0	0.01717	0.04837
V430	0.00503	0.08877	0.42099	0.27986	0.20535
V431	0.1054	0.40256	0.18135	0.25631	0.05438
V432	0.28693	0.1172	0.10661	0.38382	0.10544
V433	0.1564	0.07301	0.50649	0.25541	0.00869
V434	0.21852	0.34088	0.36643	0.02822	0.04594
V435	0.5532	0.0958	0.3386	0.0124	0
V436	0.06772	0.64946	0.07967	0.05933	0.14382
V437	0.1976	0.09193	0.01295	0.30801	0.38951
V438	0.12382	0.33962	0.1829	0.29207	0.0616
V439	0.64453	0.02816	0	0.3168	0.0105
V440	0	0.40879	0.54799	0.02126	0.02197
V441	0.00938	0.59272	0.37055	0.01445	0.0129
V442	0.06161	0.93229	0	0	0.0061
V443	1	0	0	0	0
V444	0.15793	0.45835	0	0.3244	0.05931
V445	0.0656	0.43385	0.00794	0.43747	0.05514
V446	0.10091	0.0645	0.0869	0.61357	0.13413
V447	0.06204	0.04309	0	0.57775	0.31712
V448	0.1782	0.08751	0.00894	0.20263	0.52273
V449	0	0.07787	0.92213	0	0
V450	0.19117	0.16018	0.24469	0.21332	0.19064
V451	0.26741	0.23855	0.03464	0.3648	0.0946
V452	0	0.01899	0.15047	0.75449	0.07606
V453	0.01062	0.04197	0	0.59635	0.35105
V454	0	0.08351	0.69398	0.09576	0.12675
V455	0.0522	0.29909	0.28524	0.12634	0.23713
V456	1	0	0	0	0
V457	0.71517	0.23526	0	0.04158	0.00799
V458	0	0.41651	0.49678	0.06384	0.02287
V459	0.13011	0.09986	0.03597	0.55072	0.18335
V460	0.70158	0.08747	0.15669	0.05425	0
V461	0.18177	0.36687	0.23698	0.06206	0.15232
V462	0.04689	0.11248	0	0.59144	0.2492
V463	0.20029	0.06692	0	0.68033	0.05245
V464	0.11707	0.24567	0.62741	0.00985	0
V465	0.0478	0.19005	0.00671	0.20585	0.54959
V466	0.02804	0.06333	0	0.31219	0.59644
V467	0.05583	0.27127	0	0.56656	0.10634
V468	0.60573	0.3443	0.04997	0	0
V469	0.02072	0.38122	0.03753	0.33547	0.22507
V470	0.88705	0.0667	0	0.04624	0
V471	0.39551	0.33953	0	0.16065	0.1043
V472	0.00638	0.1221	0.04481	0.21689	0.60982
V473	0.01778	0.25684	0.23969	0.35575	0.12995
V474	0.28219	0.16737	0.03346	0.45811	0.05888
V475	0.12246	0.11015	0.59707	0.08511	0.08521
V476	0.14166	0.06022	0.08233	0.63709	0.0787
V477	0.05347	0.94038	0	0	0.00615
V478	0.19043	0.08227	0	0.18748	0.53982
V479	0.88905	0.07287	0	0.03808	0
V480	0.14486	0.69702	0.01819	0.08793	0.05201
V481	0.24366	0.41116	0.03526	0.2007	0.10921
V482	0.10818	0.72649	0.15346	0	0.01187
V483	0.32205	0.542	0	0.08359	0.05235
V484	0.21652	0.54893	0.08486	0.11524	0.03446
V485	0.69105	0.12414	0.06652	0.11829	0
V486	0.05228	0.16309	0.31867	0.12661	0.33934
V487	0.1033	0.17503	0.39394	0.31462	0.01311
V488	0.41085	0.08749	0	0.37927	0.12239
V489	0	0.27293	0.64644	0.08063	0
V490	0	0.06551	0.71556	0.21893	0
V491	0.04592	0.53144	0.02615	0.15052	0.24597
V492	0.02082	0.15412	0.00491	0.74483	0.07533
V493	0	0	0	0.92932	0.07068
V494	0.3139	0.01995	0	0.58151	0.08465
V495	0.30882	0.26741	0.19417	0.18474	0.04486
V496	0.1434	0.11974	0.05244	0.17796	0.50645
V497	0.09698	0.11122	0.15519	0.24608	0.39052
V498	0.08011	0.89177	0	0	0.02812
V499	0.03153	0.29637	0.26696	0.15045	0.25469
V500	0.11331	0.51777	0.08858	0.21575	0.06459
V501	0.08594	0.40266	0	0.11907	0.39233
V502	0.13659	0.84092	0	0	0.02249
V503	0.43238	0.08763	0.18847	0.19183	0.09969
V504	0.51575	0.2439	0	0.04849	0.19187
V505	0.67786	0.04024	0	0.13336	0.14854
V506	0.03907	0.60469	0.04391	0.0571	0.25522
V507	0.90796	0.00818	0	0.08386	0
V508	0.02152	0.69161	0.19033	0.02743	0.06912
V509	0.05417	0.50193	0.12139	0.21177	0.11074
V510	0.43769	0.53821	0	0.01231	0.01179
V511	0.0323	0.37175	0.50647	0.05336	0.03612
V512	0.15221	0.50948	0.15741	0.06602	0.11488
V513	0.17358	0.72928	0.03199	0.01736	0.0478
V514	0	0.07978	0.25341	0.20865	0.45816
V515	0.06228	0.12001	0	0.76003	0.05768
V516	0.15592	0.38714	0.08607	0.32811	0.04276
V517	0	0.03951	0.02793	0.86532	0.06724
V518	0.38314	0.08475	0.3093	0.2115	0.01131
V519	0.83365	0.05632	0	0.11003	0
V520	0.07837	0.88587	0	4e-04	0.03536
V521	0.18717	0.02771	0.11783	0.6249	0.0424
V522	0.01141	0.25689	0.55378	0.1571	0.02082
V523	0.09134	0.12929	0.72666	0.05271	0
V524	0.30335	0.10527	0.56627	0.01973	0.00539
V525	0.01799	0.29436	0.02382	0.17017	0.49366
V526	0	0.11524	0.83906	0.04569	0
V527	0.05759	0.53476	0.38431	0.00433	0.01901
V528	0.13707	0.00301	0	0.80462	0.0553
V529	0.15767	0.10739	0.7257	0.00924	0
V530	0	0.09429	0.83722	0.06849	0
V531	0.1846	0.57761	0.06449	0.03187	0.14143
V532	0.05356	0.33713	0.30344	0.07624	0.22962
V533	0.29258	0.07035	0	0.1633	0.47377
V534	0.11152	0.06387	0	0.75329	0.07133
V535	0.86909	0.13091	0	0	0
V536	0.10713	0.25172	0.38616	0.09634	0.15865
V537	0.01827	0.11123	0.01168	0.22383	0.635
V538	0.67959	0.13402	0	0.05556	0.13083
V539	0	0.20819	0.63314	0.12989	0.02878
V540	0.17452	0.52792	0.06696	0.07437	0.15623
V541	0.04713	0.48718	0	0.11478	0.35091
V542	0.03316	0.36057	0.09431	0.4337	0.07826
V543	0.02117	0.18482	0.669	0.08446	0.04055
V544	0.33347	0.26035	0.1652	0.1103	0.13068
V545	0.66384	0.33616	0	0	0
V546	0.07403	0.83069	0.04227	0	0.05301
V547	0.09741	0.80134	0	0.05175	0.0495
V548	0	0.05096	0	0.8784	0.07064
V549	0.00185	0.07404	0.02087	0.36136	0.54189
V550	0.04574	0.89176	0.04556	0	0.01695
V551	0	0	0	0.93525	0.06475
V552	0.23708	0.09437	0.00202	0.20017	0.46636
V553	0.82599	0.01992	0	0.14763	0.00646
V554	0.07206	0.10638	0.47284	0.33522	0.0135
V555	0.05191	0.92426	0	0	0.02383
V556	0.06787	0.06868	0.0358	0.74214	0.08552
V557	0.30031	0.28188	0.00228	0.35102	0.06451
V558	0	0.08182	0.74619	0.17199	0
V559	0.0713	0.47721	0.43057	0.00259	0.01833
V560	0.66547	0.26583	0.06869	0	0
V561	0.76817	0.04678	0.09886	0.03133	0.05485
V562	0.12024	0.13184	0.16206	0.2232	0.36265
V563	0.20483	0.31547	0.19507	0.15426	0.13037
V564	0.33879	0.07615	0.03363	0.40101	0.15042
V565	0.00529	0.08582	0.01383	0.26461	0.63045
V566	0.293	0.18655	0	0.37053	0.14993
V567	0	0.07716	0.91819	0.00465	0
V568	0.00116	0.26454	0.41308	0.30876	0.01246
V569	0.65832	0.14428	0.06171	0.12407	0.01163
V570	0.10967	0.06997	0.27424	0.47956	0.06656
V571	0.23551	0.06545	0.22692	0.38006	0.09206
V572	0.93213	0.00509	0	0.00702	0.05575
V573	0.0539	0.1175	0.33165	0.41109	0.08586
V574	0.54961	0.33548	0.02486	0.07756	0.0125
V575	0.37032	0.10501	0.10638	0.14777	0.27051
V576	0.05259	0.89513	0	0	0.05228
V577	0.43536	0.53207	0	0.02044	0.01212
V578	0	0.21139	0.50166	0.25278	0.03417
V579	0.00736	0.57038	0.30832	0.03291	0.08103
V580	0.21615	0.55258	0	0.1816	0.04967
V581	0.02825	0.53004	0.35518	0.07123	0.01531
V582	0	0.10743	0.88544	0.00713	0
V583	0.6214	0.06266	0.31594	0	0
V584	0.22381	0.55441	0.07878	0.03874	0.10426
V585	0.05317	0.82359	0.02814	0.02526	0.06985
V586	0.03439	0.82531	0.12749	0	0.01281
V587	0.06774	0.73318	0	0.02619	0.17289
V588	0.20561	0.44392	0.35047	0	0
V589	0.10023	0.42744	0.01671	0.399	0.05661
V590	0.06098	0.81614	0	0	0.12288
V591	0.49011	0.50989	0	0	0
V592	0	0.07773	0.75913	0.08976	0.07338
V593	0.40843	0.01553	0	0.5147	0.06134
V594	0	0.17895	0.62912	0.17292	0.019
V595	0.52807	0.08874	0.02152	0.32625	0.03542
V596	0.45259	0.24018	0.17668	0.11966	0.01088
V597	0.02917	0.26516	0	0.25169	0.45398
V598	0.65241	0.03548	0	0.06716	0.24495
V599	0.07306	0.42386	0.06979	0.37562	0.05768
V600	0.25223	0.0703	0.17163	0.41413	0.09171
V601	0.13491	0.12373	0	0.53707	0.20429
V602	0.86607	0.13393	0	0	0
V603	0.13664	0.21375	0.01316	0.25788	0.37857
V604	0	0.0896	0.69945	0.15249	0.05846
V605	0.02052	0.14708	0.14121	0.2302	0.46099
V606	0.93126	0	0	0.00842	0.06033
V607	0.1755	0.19495	0.00477	0.16522	0.45957
V608	0.80967	0.04676	0	0.09635	0.04722
V609	0.18467	0.32213	0	0.40511	0.0881
V610	0.09097	0.67004	0	0.19721	0.04178
V611	0.22853	0.10622	0.6128	0.04674	0.00571
V612	0.3616	0.12831	0.31074	0.07136	0.12799
V613	0.43356	0.56498	0	0	0.00146
V614	0.57108	0.07914	0	0.13866	0.21111
V615	0	0.11926	0.12251	0.61448	0.14374
V616	0.68767	0.04994	0.11011	0.14755	0.00473
V617	0.19022	0.14574	0.45686	0.1357	0.07149
V618	0.78269	0.14811	0.00556	0.0177	0.04594
V619	0.57723	0.11275	0.12447	0.05005	0.13551
V620	0.01091	0.06662	0.34533	0.54492	0.03221
V621	0.12852	0.29576	0.29891	0.07161	0.2052
V622	0.00178	0.28692	0.36235	0.09878	0.25018
V623	0.05581	0.01378	0	0.75635	0.17405
V624	0.9926	0	0	0.00367	0.00373
V625	0	0.06944	0.07705	0.79488	0.05863
V626	0.03187	0.09218	0.53861	0.32228	0.01505
V627	0.10941	0.23646	0.11856	0.15329	0.38229
V628	1	0	0	0	0
V629	0.07944	0.2981	0.6033	0.01916	0
V630	0.01655	0.27398	0.01414	0.1868	0.50853
V631	0	0.08742	0.30449	0.17335	0.43474
V632	0.06022	0.81016	0	0.01021	0.1194
V633	0.04493	0.0417	0.08395	0.6047	0.22472
V634	0.42543	0.47872	0.09585	0	0
V635	0.03094	0.19119	0.20153	0.16252	0.41381
V636	0.17544	0.22529	0.29976	0.22116	0.07836
V637	0.17767	0.08347	0.40139	0.28342	0.05406
V638	0.09483	0.52487	0	0.13075	0.24955
V639	0.56586	0.42548	0.00867	0	0
V640	0.11136	0.24344	0.07037	0.31304	0.26179
V641	0.10484	0.74695	0	0.09691	0.0513
V642	0.77154	0.02716	0	0.20129	0
V643	0.05883	0.90539	0.01655	0	0.01924
V644	0.04644	0.44658	0	0.43997	0.067
V645	0.16585	0.76887	0	0.03322	0.03206
V646	0.14383	0.55975	0	0.21898	0.07744
V647	0.99749	0	0	0.00251	0
V648	0.44096	0.13403	0	0.3063	0.11871
V649	0.26999	0.16601	0.06251	0.20986	0.29162
V650	0.00353	0.00069	0.03913	0.89403	0.06262
V651	0.13418	0.20107	0	0.61493	0.04982
V652	0.34786	0.03649	0	0.56997	0.04568
V653	0.32793	0.04852	0.02169	0.54323	0.05863
V654	0.03424	0.15871	0	0.24845	0.55859
V655	0.12836	0.10081	0.28796	0.45602	0.02685
V656	0.11948	0.07926	0	0.27861	0.52266
V657	0.04205	0.52209	0	0.32822	0.10764
V658	0.01635	0.06081	0.01363	0.68746	0.22176
V659	0	0.03612	0.05983	0.80892	0.09513
V660	0.07687	0.41382	1e-05	0.13754	0.37175
V661	0.05171	0.68628	0	0.16017	0.10184
V662	0.05134	0.52014	0	0.0807	0.34782
V663	1	0	0	0	0
V664	0.0118	0.044	0.12221	0.50964	0.31235
V665	0.02017	0.67681	0.18885	0.06553	0.04864
V666	0.09845	0.89072	0	0	0.01083
V667	0.02073	0.59138	0.24439	0.09469	0.0488
V668	0.68412	0.27775	0	0.03806	7e-05
V669	0.48563	0.35038	0	0.09035	0.07364
V670	0.10832	0.68554	0.01675	0.0374	0.15198
V671	0.79968	0.05021	0.14802	0.0021	0
V672	0.08853	0.1304	0.08457	0.40293	0.29357
V673	0.00619	0.09544	0	0.30725	0.59112
V674	0.33682	0.16443	0.49612	0.00263	0
V675	0.73279	0.03591	0	0.17249	0.0588
V676	0.22257	0.18034	0.49835	0.03488	0.06387
V677	0.02967	0.30015	0.21032	0.3905	0.06936
V678	0.06335	0.39159	0	0.14451	0.40056
V679	0	0.05403	0.4434	0.48409	0.01848
V680	0.16748	0.05651	0.00031	0.46185	0.31385
V681	0.53048	0.0768	0	0.32335	0.06936
V682	0	0.07787	0.92213	0	0
V683	0.02674	0.26078	0.63181	0.02967	0.051
V684	0.03642	0	0	0.89872	0.06486
V685	0	0.08608	0.80051	0.11341	0
V686	0.29285	0.65893	0.02126	0	0.02696
V687	0	0.04893	0.56437	0.37792	0.00878
V688	0	0.07932	0.90225	0.01843	0
V689	0.49429	0.12362	0.16855	0.13751	0.07603
V690	0.1082	0.86864	0	0	0.02315
V691	0.12959	0.15196	0.02078	0.62904	0.06862
V692	0.05478	0.03127	0	0.79766	0.11629
V693	0	0.55293	0.42173	0.01724	0.00811
V694	0.08246	0.21381	0.01224	0.59866	0.09284
V695	0.1257	0.19791	0.14953	0.14857	0.37829
V696	0.07112	0.08996	0.74798	0.05156	0.03938
V697	0.08044	0.16066	0.30784	0.36833	0.08274
V698	0.00122	0.10415	0.20047	0.19287	0.50129
V699	0.02355	0.03703	0.03195	0.72292	0.18454
V700	0.06764	0.85524	0.02945	0	0.04767
V701	0.01793	0.27538	0.00421	0.18121	0.52126
V702	0.01246	0.12869	0	0.70844	0.15041
V703	0	0.01574	0	0.91203	0.07222
V704	0.0226	0.14136	0.41559	0.13292	0.28753
V705	1	0	0	0	0
V706	0.14142	0.18305	0.14474	0.44983	0.08097
V707	0.14192	0.1809	0.05878	0.35645	0.26194
V708	0.00247	0.633	0.36432	0	0.00021
V709	0.0046	0.10067	0.03531	0.22552	0.6339
V710	0.10072	0.11402	0.49888	0.08798	0.19839
V711	0.06158	0.0774	0.02061	0.23554	0.60488
V712	0.01162	0.09236	0.6891	0.20692	0
V713	0.23562	0.46773	0.29665	0	0
V714	0.05364	0.08292	0	0.22578	0.63766
V715	0	0.32311	0.57528	0.10161	0
V716	0.78554	0.19658	0	0.01788	0
V717	0.40677	0.24015	0.09668	0.07852	0.17788
V718	0.70167	0.05576	0.24257	0	0
V719	0.40287	0.29744	0.07198	0.1379	0.0898
V720	0.12482	0.12764	0.09355	0.19916	0.45483
V721	0.02481	0.08902	0.05424	0.23518	0.59674
V722	0.02182	0.2656	0.03781	0.52378	0.15099
V723	0.10174	0.24017	0.09206	0.51047	0.05555
V724	0.13434	0.69108	0	0.1353	0.03928
V725	0.02863	0.08938	0.00217	0.23101	0.64882
V726	0.23133	0.54897	0.02194	0.07038	0.12738
V727	0	0.08356	0.8981	0.01834	0
V728	0.82262	0.06424	0.06638	0.04676	0
V729	0.63544	0.13564	0	0.22569	0.00323
V730	0.0911	0.0803	0.36933	0.40964	0.04964
V731	0	0.01368	0.03817	0.88684	0.06131
V732	0	0	0	0.93458	0.06542
V733	0	0.11116	0.88064	0.0082	0
V734	0.49712	0.13929	0.33532	0.02828	0
V735	0.06618	0.23747	0.22581	0.14058	0.32995
V736	0.00894	0.13255	0.001	0.22223	0.63529
V737	1	0	0	0	0
V738	0.04004	0.53285	0	0.08611	0.341
V739	0	0	0	0.93188	0.06812
V740	0.22148	0.16561	0.10158	0.14579	0.36554
V741	0.5103	0.04168	0	0.348	0.10003
V742	0.03926	0.10164	0.53011	0.23034	0.09865
V743	0.02395	0.13201	0.08048	0.27768	0.48587
V744	0.17525	0.10153	0.15259	0.51278	0.05785
V745	0.14916	0.04259	0.01952	0.73367	0.05506
V746	0.39045	0.58671	0	0	0.02284
V747	0	0.1114	0.86661	0.02199	0
V748	0.15206	0.27796	0.27404	0.12224	0.1737
V749	0.17598	0.14503	0.10296	0.45921	0.11682
V750	0.80479	0.19521	0	0	0
V751	0	0.43015	0.5536	0.01625	0
V752	0.0251	0.22359	0.01689	0.19184	0.54259
V753	0.56256	0.11791	0.21615	0.04961	0.05377
V754	0.11285	0.3221	0	0.51297	0.05209
V755	0.25048	0.74447	0	0	0.00505
V756	0.02224	0.19789	0.01731	0.2363	0.52626
V757	0.15607	0.0189	0.0794	0.69692	0.04872
V758	0.06816	0.42828	0	0.45178	0.05178
V759	0.09105	0.122	0.1089	0.17784	0.50021
V760	0.06473	0.10047	0.21475	0.35226	0.2678
V761	0.00993	0.3251	0.66153	0.00344	0
V762	4e-04	0.09331	0.17424	0.48307	0.24898
V763	0.03526	0.35624	0	0.14298	0.46552
V764	0.09882	0.08037	0.06335	0.69992	0.05755
V765	0.12555	0.11039	0.64286	0.08654	0.03466
V766	0.06861	0.53446	0.2299	0.06438	0.10265
V767	0.28045	0.53143	0.02581	0.05609	0.10622
V768	0.06947	0.89067	0.00048	0	0.03939
V769	0.79876	0.0615	0.13974	0	0
V770	0.26459	0.07742	0.48881	0.16917	0
V771	0.07839	0.75691	0	0.06726	0.09744
V772	0	0.10574	0.88646	0.0078	0
V773	0.02759	0.06701	0	0.36111	0.54429
V774	0.12809	0.09272	0.55142	0.07313	0.15464
V775	0.98005	1e-05	0	0.01994	0
V776	0.36553	0.47503	0.11935	0.01616	0.02394
V777	0.20047	0.42292	0.22284	0.11124	0.04253
V778	0.54669	0.08976	0	0.24788	0.11567
V779	0.03436	0.46795	0.4839	0.00798	0.00581
V780	0	0.07514	0.91569	0.00916	0
V781	0.18138	0.37801	0.16572	0.06129	0.2136
V782	0.25355	0.31386	0	0.10322	0.32937
V783	0	0.07958	0.64319	0.10994	0.16729
V784	0.03953	0.63383	0	0.2344	0.09225
V785	0.75941	0.13848	0	0.08698	0.01512
V786	0.15831	0.20939	0	0.56951	0.06278
V787	0.14809	0.60626	0	0.1689	0.07675
V788	0.40348	0.4812	0.02386	0.00108	0.09038
V789	0.00961	0.20016	0	0.49259	0.29763
V790	0.28824	0.29269	0.03668	0.17595	0.20645
V791	0.18444	0.27571	0.05387	0.26228	0.2237
V792	1	0	0	0	0
V793	0.33858	0.33085	0.02044	0.13924	0.17089
V794	0.00717	0.09389	0.11164	0.33789	0.44941
V795	0.13695	0.84334	0	0	0.01971
V796	0.29242	0.4504	0.07339	0.14303	0.04075
V797	0.15628	0.06567	0	0.21458	0.56347
V798	0.14986	0.54973	0	0.11049	0.18992
V799	0.02283	0.17882	0.02493	0.68582	0.0876
V800	0.02806	0.08868	0.00963	0.3176	0.55603
V801	0.35943	0.05114	0.09682	0.4502	0.04241
V802	0.04143	0.29412	0.00084	0.16947	0.49413
V803	0.28884	0.03782	0	0.61725	0.05609
V804	0.18358	0.20064	0.18346	0.37748	0.05484
V805	0.11831	0.19889	0.42164	0.20146	0.05971
V806	0.48151	0.08961	0.1763	0.11989	0.13269
V807	0.78831	0.05197	0.00819	0.07721	0.07432
V808	0.92454	0.04412	0	0.00296	0.02837
V809	0.21222	0.65048	0	0.02575	0.11155
V810	0.02183	0.10372	0.02654	0.56223	0.28568
V811	0.05503	0.18069	0.01368	0.27109	0.4795
V812	0.02306	0.70363	0.16878	0.05997	0.04455
V813	0.02509	0.30215	0.22809	0.10881	0.33586
V814	0.20393	0.58082	0.02906	0.14007	0.04612
V815	0.24156	0.71176	0	0.01558	0.0311
V816	0.03009	0.51746	0	0.38751	0.06494
V817	0.83723	0.07244	0.09032	0	0
V818	0.02282	0.28283	0.36123	0.11538	0.21775
V819	0.99635	0.00365	0	0	0
V820	0.06645	0.3841	0.10206	0.38948	0.05791
V821	0.00643	0.08495	0	0.23853	0.67009
V822	0.1717	0.01779	0	0.75972	0.05079
V823	0.03654	0.17213	0.24588	0.14342	0.40203
V824	0.07635	0.1211	0.01678	0.20333	0.58245
V825	0.0973	0.07937	0.63251	0.19082	0
V826	0	0.09016	0.8831	0.02674	0
V827	0.34158	0.16221	0	0.40098	0.09524
V828	0.25029	0.22173	0.09257	0.15388	0.28154
V829	0.07417	0.15402	0.30982	0.25834	0.20365
V830	0.09956	0.10476	0.68608	0.0661	0.0435
V831	0.04098	0.77854	0.01008	0.11885	0.05156
V832	0.20989	0.05948	0.05833	0.36212	0.31018
V833	0.19826	0.77124	0	0	0.0305
V834	0.80048	0.1724	0	0.01402	0.01309
V835	0.24596	0.3236	0.06574	0.28306	0.08164
V836	0.33467	0.13426	0.42808	0.10299	0
V837	0.0495	0.86678	0	0.00183	0.08189
V838	0	0	0.05662	0.87886	0.06452
V839	0.03676	0.12311	0.08393	0.19975	0.55644
V840	0.99119	0.00881	0	0	0
V841	0.16558	0.0958	0.73364	0.00498	0
V842	0.52012	0.10299	0.17138	0.20257	0.00294
V843	0.47104	0.08228	0.12432	0.14306	0.1793
V844	0	0.23075	0.73507	0.03419	0
V845	0.01542	0.01725	0	0.71413	0.2532
V846	0.11315	0.12513	0.10349	0.22131	0.43692
V847	0.2182	0.07753	0.04186	0.27227	0.39013
V848	0.79218	0.04296	0	0.1044	0.06046
V849	0.08806	0.13674	0.70228	0.04279	0.03013
V850	0.19485	0.10958	0.28843	0.23158	0.17557
V851	1	0	0	0	0
V852	0.24381	0.12849	0.06643	0.2784	0.28288
V853	0	0.1939	0.59321	0.17202	0.04086
V854	0.03821	0.40826	0.24481	0.13012	0.1786
V855	0.10763	0.41342	0.06998	0.32198	0.08699
V856	0.1783	0.46609	0.03077	0.0611	0.26375
V857	0.06785	0.0894	0.16718	0.48602	0.18955
V858	0.02049	0.39028	0.18421	0.25065	0.15437
V859	0.11934	0.02418	0	0.78069	0.0758
V860	0.03187	0.16089	0.04574	0.67186	0.08964
V861	0.12463	0.04698	0.11276	0.66854	0.04709
V862	0.07099	0.08093	0.0172	0.29086	0.54003
V863	0.05138	0.92028	0	0	0.02834
V864	0	0.07753	0.84884	0.07362	0
V865	0.0344	0.07602	0.62102	0.26856	0
V866	0	0.11312	0.61761	0.26092	0.00835
V867	0.64125	0.06429	0	0.06079	0.23367
V868	0.19891	0.27968	0.38419	0.12352	0.01371
V869	0.01511	0.07847	0.02454	0.23965	0.64222
V870	0.26994	0.22095	0.05655	0.29734	0.15522
V871	0.03315	0.13308	0.11016	0.26094	0.46268
V872	0.37849	0.05908	0	0.49967	0.06276
V873	0.05127	0.34867	0.13553	0.38639	0.07814
V874	0.10135	0.13685	0	0.20219	0.5596
V875	0.00981	0.2157	0.0012	0.55932	0.21397
V876	0.51345	0.13799	0.02001	0.08839	0.24016
V877	0.24039	0.66267	0	0.0591	0.03784
V878	0.03965	0.72396	0.00374	0.18524	0.04741
V879	0.96616	0.03384	0	0	0
V880	0.07937	0.12541	0.01176	0.52102	0.26244
V881	0	0.08751	0.56086	0.10853	0.2431
V882	0.04782	0.47605	0	0.43161	0.04451
V883	0.52569	0.2018	0	0.19546	0.07705
V884	0.00602	0.07383	0	0.24943	0.67072
V885	0.14225	0.14487	0.38774	0.1824	0.14274
V886	0	0.05726	0.03019	0.41003	0.50253
V887	0.09919	0.87239	0	0	0.02842
V888	0.05053	0.11981	0.0358	0.70388	0.08998
V889	0.12732	0.84261	0	0	0.03007
V890	0.01718	0.03882	0.133	0.68991	0.12109
V891	0	0.10768	0.87567	0.01665	0
V892	0.65448	0.26713	0	0.00495	0.07344
V893	0.11205	0.24805	0.50359	0.10399	0.03232
V894	0.10869	0.55211	0.01566	0.25734	0.0662
V895	0.70112	0.0513	0.24758	0	0
V896	0.18846	0.25783	0.21866	0.30958	0.02548
V897	0	0.00232	0.02301	0.83408	0.14059
V898	0.42358	0.06996	0	0.14375	0.36271
V899	0.62314	0.35381	0.02305	0	0
V900	0.23123	0.27881	0.25915	0.20586	0.02495
V901	0.71094	0.05809	0	0.19054	0.04043
V902	0.91705	0.06002	0	0.02293	0
V903	0.2629	0.10607	0.04508	0.52492	0.06103
V904	0.76463	0.13466	0.10071	0	0
V905	0.02766	0.35291	0.04712	0.3826	0.1897
V906	0.12604	0.12704	0.46745	0.1441	0.13537
V907	0.76528	0.1608	0.00474	0.06123	0.00795
V908	0.02586	0.34984	0.02257	0.51527	0.08645
V909	0.00919	0.11916	0	0.76	0.11165
V910	0.72399	0.18297	0	0.05973	0.03331
V911	0.00918	0.32687	0.53045	0.04196	0.09154
V912	0.02585	0.1072	0.17514	0.2331	0.45871
V913	0.13062	0.04617	0.05254	0.68708	0.0836
V914	0.81545	0.04256	0	0.12985	0.01213
V915	0.21289	0.26424	0.03632	0.12312	0.36344
V916	0.84914	0.07269	0.06229	0.00905	0.00684
V917	0.49049	0.08633	0	0.10928	0.3139
V918	0.60858	0.18968	0.18106	0.02068	0
V919	0.43062	0.18568	0	0.29949	0.08422
V920	0.16666	0.03208	0.09945	0.65669	0.04512
V921	0.2064	0.26759	0.10769	0.10088	0.31744
V922	0	0.09667	0.71671	0.06597	0.12064
V923	0.17126	0.5293	0	0.08905	0.21039
V924	0.52695	0.11994	0	0.27246	0.08065
V925	0.11338	0.17938	0.46545	0.19735	0.04445
V926	0.01909	0.10999	0.0012	0.23405	0.63566
V927	0.56063	0.29575	0.06219	0.07792	0.00351
V928	0.11467	0.31172	0.21094	0.22424	0.13843
V929	0.07115	0.35053	0	0.13442	0.4439
V930	0.08053	0.0929	0.07028	0.1996	0.55669
V931	0.52298	0.18332	0	0.09897	0.19472
V932	0.05111	0.16561	0.03535	0.42882	0.3191
V933	0.30503	0.05492	0.02844	0.3729	0.23871
V934	0.68296	0.09753	0.21951	0	0
V935	0.61626	0.16371	0.08598	0.07582	0.05823
V936	0.29351	0.10661	0.09301	0.45408	0.05278
V937	0.14107	0.7409	0.06257	0.0087	0.04675
V938	0.08969	0.90004	0	0	0.01027
V939	0	0.04664	0.00724	0.49097	0.45514
V940	0.60533	0.14506	0.03932	0.09009	0.1202
V941	0.00935	0.16161	0.11387	0.5294	0.18578
V942	0.78737	0.21263	0	0	0
V943	0.05427	0.19187	0.05705	0.18533	0.51148
V944	0.32291	0.0665	0.08917	0.48448	0.03693
V945	0.01312	0.32608	0.57994	0.05602	0.02484
V946	0	0.53327	0.46584	0	0.00088
V947	0.40885	0.09328	0	0.21904	0.27884
V948	0.08546	0.74611	3e-05	0.09257	0.07583
V949	0.91369	0.08631	0	0	0
V950	0.05004	0.0192	0	0.8688	0.06196
V951	0.30765	0.03236	0	0.54772	0.11227
V952	0.125	0.05688	0.02369	0.67413	0.12029
V953	0.48499	0.09763	0	0.37329	0.04409
V954	0.24877	0.57333	0.02717	0.06314	0.08758
V955	0.03071	0.06769	0.53842	0.357	0.00618
V956	0.03226	0.48668	0.06997	0.35721	0.05389
V957	0.11296	0.79583	0.01397	0.03373	0.0435
V958	0.06061	0.87754	0	2e-04	0.06165
V959	0.02008	0.08793	0.7978	0.09419	0
V960	0.54025	0.12056	0.11344	0.13752	0.08823
V961	0.06318	0.88517	0	0	0.05165
V962	0.20933	0.17003	0	0.19492	0.42572
V963	0	0.04841	0.41678	0.50155	0.03326
V964	0	0.08356	0.8981	0.01834	0
V965	0	0.03253	0.4346	0.48802	0.04486
V966	0	0.07961	0.52083	0.1825	0.21707
V967	0.3762	0.52817	0	0	0.09563
V968	0.0607	0.91941	0	0	0.01988
V969	0.12414	0.52955	0.11812	0.13381	0.09438
V970	0.13478	0.42858	0.43264	0	0.004
V971	0.75389	0.10745	0.12886	0.00979	0
V972	0.08955	0.86917	0	0.00124	0.04004
V973	0.00132	0.08743	0.55712	0.28928	0.06485
V974	0.03436	0.74753	0.0715	0.08399	0.06262
V975	0.05335	0.93298	0	0	0.01366
V976	0.01746	0.07735	0	0.28832	0.61686
V977	0.01134	0.20901	0.15539	0.25904	0.36522
V978	0.36001	0.20379	0.19194	0.16737	0.07688
V979	0.9389	0.0611	0	0	0
V980	0.32101	0.1676	0.10818	0.19817	0.20504
V981	0.07324	0.13996	0.05805	0.20293	0.52582
V982	0.39592	0.46752	0.08105	0.01264	0.04287
V983	0.70462	0.23176	0	0	0.06362
V984	0.14281	0.07449	0.09244	0.60117	0.08909
V985	0.00977	0.08513	0.06635	0.78279	0.05596
V986	0.50917	0.16197	0.32886	0	0
V987	0	0.2589	0.66703	0.07407	0
V988	0.0377	0.10898	0.50668	0.32339	0.02325
V989	0.02034	0.12525	0	0.22781	0.6266
V990	0.12169	0.41983	0	0.18289	0.27559
V991	0.04942	0.18087	0.10893	0.18467	0.47611
V992	0.9016	0.0984	0	0	0
V993	0	0.08214	0.5766	0.22149	0.11976
V994	0.05036	0.92083	0	0	0.02881
V995	0	0.1724	0.58716	0.16094	0.0795
V996	0.01021	0.02663	0.07529	0.6652	0.22267
V997	0.23945	0.15898	0.15195	0.12373	0.32589
V998	0.00057	0.04238	0	0.86383	0.09321
V999	0.10073	0.06768	0.09732	0.58933	0.14494
V1000	0	0.06717	0.91419	0.01865	0
