CD56NK	CD4MemoryT	CD19B	CD14
V1	0.55204	0	0.13777	0.31019
V2	0.13008	0.0433	0.03155	0.79506
V3	0.05463	0.55712	0.00579	0.38246
V4	0.89827	0.07788	0	0.02385
V5	0.11618	0.43406	0.24073	0.20902
V6	0.08574	0.87295	0.01493	0.02638
V7	0.14048	0.28889	0.06297	0.50767
V8	0.14572	0	0.81277	0.04152
V9	0.22877	0.16886	0.02314	0.57923
V10	0.01585	0	0.91618	0.06797
V11	0.24315	0.32173	0.42989	0.00523
V12	0.02771	0.58328	0.37363	0.01537
V13	0.30361	0.66866	0.00257	0.02516
V14	0.07751	0.91257	0.00355	0.00638
V15	0.12658	0.5626	0.1066	0.20423
V16	0.93443	0.01795	0.01447	0.03315
V17	0.09757	0.86791	0.00815	0.02637
V18	0.62788	0.29428	0.03268	0.04517
V19	0.18356	0.79808	0.00262	0.01575
V20	0.16586	0.39122	0.0111	0.43182
V21	0.14599	0.02038	0.79261	0.04102
V22	0.01256	0.0461	0.16241	0.77893
V23	0.43312	0.012	0.54868	0.0062
V24	0.96475	0.01084	0.02398	0.00042
V25	0.3586	0.17411	0.10719	0.3601
V26	0.41716	0.32296	0.01175	0.24813
V27	0.08083	0.02106	0.008	0.89011
V28	0.00182	0.01375	0.98352	0.00091
V29	0.49053	0.00366	0.46914	0.03667
V30	0.09588	0.15062	0.24427	0.50923
V31	0.21038	0.1331	0.26758	0.38894
V32	0.06109	0.00331	0.01585	0.91975
V33	0.0456	0.46954	0.35551	0.12935
V34	0.14513	0.00727	0.80665	0.04094
V35	0.18498	0.7078	0.06964	0.03758
V36	0.00491	0.00866	0.42126	0.56518
V37	0.55026	0.034	0.0742	0.34154
V38	0.41416	0	0.13621	0.44963
V39	0.17998	0.52748	0.11553	0.17701
V40	0.1137	0.81896	0.06734	0
V41	0.00839	0.62275	0.03218	0.33669
V42	0.21061	0.00479	0.16802	0.61658
V43	0.14823	0.30356	0.50867	0.03955
V44	0.01342	0.03454	0.73183	0.22021
V45	0.10668	0.56981	0.20965	0.11385
V46	0.85058	0.04011	0.10385	0.00546
V47	0.50814	0.13677	0.29669	0.05841
V48	0.84597	0.12739	0.00341	0.02322
V49	0.76566	0.13996	0	0.09438
V50	0.07526	0.84405	0.07521	0.00548
V51	0.35919	0.36014	0.24368	0.03699
V52	0.02564	0.06581	0.86587	0.04269
V53	0.78263	0.08372	0.13365	0
V54	0.48409	0.14172	0.349	0.02519
V55	0.21254	0.0742	0.20718	0.50609
V56	0.03223	0	0.05691	0.91087
V57	0.11095	0.85831	0.01514	0.0156
V58	0.62308	0	0.02863	0.34829
V59	0.48644	0.36266	0.09343	0.05747
V60	0.12954	0.09552	0.29396	0.48098
V61	0.83546	0.06379	0.00747	0.09328
V62	0.9182	0.01227	0.05541	0.01413
V63	0.01983	0.84358	0.11018	0.02641
V64	0.01013	0.82315	0	0.16672
V65	0.0076	0	0.06786	0.92454
V66	0.24099	0.66261	0.01333	0.08306
V67	0.1777	0.29238	0.51468	0.01523
V68	0.14152	0.08902	0.01149	0.75797
V69	0.0253	0.27382	0.63539	0.06549
V70	0.5904	0.09999	0.16	0.14961
V71	0.16245	0.03204	0.33643	0.46908
V72	0.61253	0.10449	0.07707	0.20591
V73	0.16845	0.59248	0.12739	0.11168
V74	0.06338	0.18838	0.74824	0
V75	0.73262	0	0.16332	0.10406
V76	1e-04	0.11104	0.14677	0.74209
V77	0.03037	0.21809	0.00105	0.7505
V78	0.3089	0.06501	0.15596	0.47013
V79	0.00575	0.05425	0.82208	0.11792
V80	0.38963	0	0.5046	0.10577
V81	0.06223	0.11951	0.81124	0.00702
V82	0.00056	0.03232	0.95831	0.00882
V83	0.12134	0.11616	0.05263	0.70987
V84	0.39303	0.01594	0.13234	0.45869
V85	0.11594	0.26523	0.39415	0.22468
V86	0.04764	0.01611	0.88188	0.05437
V87	0.03738	0.8323	0.04394	0.08637
V88	0.15681	0.02418	0.2284	0.59062
V89	0.01293	0	0.15908	0.82799
V90	0.03022	0.9066	0.04699	0.01619
V91	0.03744	0.74387	0.17962	0.03906
V92	0.49114	0.00125	0.34638	0.16124
V93	0.88949	0.00111	0	0.10941
V94	0.01437	0.37084	0.01123	0.60356
V95	0.28551	0.38474	0.1421	0.18766
V96	0.05879	0.05421	0.01298	0.87402
V97	0.74556	0.06437	0.18472	0.00535
V98	0.73351	0.25196	0	0.01453
V99	0.84678	0.01968	0.12801	0.00553
V100	0.08531	0.00331	0.88178	0.0296
V101	0.01084	0.00865	0.00141	0.9791
V102	0.95341	0.02713	0.00438	0.01509
V103	0.00692	0.01566	0.06522	0.91221
V104	0.03284	0.95704	0.00354	0.00657
V105	0.06532	0.91905	0.0095	0.00614
V106	0.13337	0.49511	0.32022	0.05131
V107	0.21679	0.15193	0.56777	0.0635
V108	0.17564	0.74048	0.08388	0
V109	0.01312	0.1068	0.5743	0.30578
V110	0.06233	0.88177	0.02933	0.02657
V111	0.93691	0	0.05684	0.00624
V112	0.12663	0.02621	0.38852	0.45864
V113	0.18226	0.05735	0.14421	0.61619
V114	0.2279	0.01659	0.05861	0.6969
V115	0.01062	0.76354	0.22012	0.00572
V116	0.1532	0.26303	0.3606	0.22316
V117	0.72995	0.19999	0.02579	0.04427
V118	0.17323	0.52694	0.0251	0.27473
V119	0.09886	0.03793	0.03254	0.83067
V120	0.08508	0.03316	0.86379	0.01796
V121	0.62911	0.07845	0.07649	0.21595
V122	0.97507	0	0.00981	0.01512
V123	0.0073	0.44307	0.03112	0.5185
V124	0.69897	0.23585	0	0.06517
V125	0.44248	0.37194	0.16084	0.02474
V126	0.02934	0.09346	0.03275	0.84444
V127	0.15473	0.01783	0.21708	0.61036
V128	0.02202	0	0.08059	0.89739
V129	0.64115	0.17987	0.14396	0.03502
V130	0.00981	0.65968	0.32474	0.00577
V131	0.02874	0.87543	0	0.09583
V132	0.95634	0	0.02029	0.02337
V133	0.94315	0.00143	0.04089	0.01454
V134	0.10892	0.32749	0.11065	0.45293
V135	0.06629	0.00139	0.14202	0.7903
V136	0.24939	0.33308	0.00571	0.41181
V137	0.69753	0.01139	0.21506	0.07602
V138	0.23123	0.35027	0.16095	0.25756
V139	0.3791	0.14849	0.17294	0.29947
V140	0.02175	0.04804	0.03411	0.8961
V141	0.06386	0.10528	0.52494	0.30592
V142	0.82298	0	0.17677	0.00025
V143	0.45823	0.20081	0.05349	0.28748
V144	0.15995	0.09931	0.13851	0.60222
V145	0.00372	0.77067	0.21981	0.0058
V146	0.04293	0	0.01688	0.94018
V147	0.93792	0.00578	0.01435	0.04196
V148	0.13544	0.03588	0.55576	0.27292
V149	0.30284	0.48606	0.20621	0.00489
V150	0.095	0.19799	0.60111	0.1059
V151	0.22784	0.58841	0.0257	0.15805
V152	0.26494	0.40485	0.20578	0.12442
V153	0.11545	0.72587	0.01311	0.14558
V154	0.28122	0.42331	0.25789	0.03758
V155	0.52771	0.09449	0.26081	0.11699
V156	0.03287	0.09291	0.70298	0.17124
V157	0.33047	0.10436	0.28757	0.27761
V158	0.01048	0	0.0131	0.97642
V159	0.91047	0.03722	0	0.05232
V160	0.68853	0	0.04873	0.26274
V161	0.19106	0	0.01897	0.78997
V162	0.06023	0.23216	0.06174	0.64587
V163	0.10185	0.44486	0.15274	0.30055
V164	0.36475	0.24811	0.08972	0.29743
V165	0.0074	0.20084	0	0.79176
V166	0.00669	0.0553	0.04873	0.88928
V167	0.32252	0	0.00207	0.67541
V168	0.32294	0.5386	0.06679	0.07167
V169	0.17276	0.02425	0.02435	0.77864
V170	0.10411	0.00204	0.47694	0.41692
V171	0.14685	0.20114	0.59948	0.05253
V172	0.75788	0	0.23634	0.00578
V173	0.0218	0.09496	0.02572	0.85752
V174	0.01329	0.11051	0.05439	0.82181
V175	0.06534	0	0.77003	0.16463
V176	0.0109	0.82328	0.16011	0.00571
V177	0.01329	0.96904	0	0.01767
V178	0.00935	0.72382	0.00102	0.26581
V179	0.1562	0	0.33301	0.51079
V180	0.03357	0.89688	0.06955	0
V181	0.17923	0.08607	0.52678	0.20793
V182	0.34529	0.13303	0.44752	0.07415
V183	0.20803	0.78326	0.00293	0.00579
V184	0.99244	0	0.00699	0.00057
V185	0.61755	0.36832	0.00886	0.00527
V186	0.12933	0.45013	0.2526	0.16794
V187	0.97228	0	0.02127	0.00645
V188	0.05033	0.17264	0	0.77704
V189	0.82017	0.00422	0.01225	0.16336
V190	0.70839	0	0.28579	0.00583
V191	0.21669	0.16463	0.56708	0.05161
V192	0.32759	0.41277	0.03942	0.22023
V193	0.63833	0.00993	0.20755	0.14419
V194	0.04225	0.92752	0.00269	0.02754
V195	0.00818	0.00845	0.97434	0.00903
V196	0.00862	0.03868	0.00452	0.94818
V197	0.39494	0.02168	0.01701	0.56637
V198	0.07003	0.48763	0.36526	0.07708
V199	0.15246	0.00504	0.1408	0.70171
V200	0.13224	0.50808	0.01143	0.34825
V201	0.10444	0.52479	0.17697	0.1938
V202	0.01305	0.00165	0.7559	0.2294
V203	0.19028	0.40086	0.38255	0.02632
V204	0.00772	0.46551	0.00035	0.52642
V205	0.01682	0.02825	0.93581	0.01912
V206	0.051	0.06073	0.88072	0.00755
V207	0.12137	0.13301	0.03819	0.70743
V208	0.29073	0.03424	0.65903	0.016
V209	0.33095	0.41729	0.05615	0.19561
V210	0.0957	0.76208	0.08052	0.0617
V211	0.39862	0	0.02301	0.57837
V212	0.56442	0.01467	0.39613	0.02478
V213	0.64855	0.00894	0.09008	0.25243
V214	0.34094	0.10762	0.14087	0.41057
V215	0.27403	0.05564	0.01105	0.65928
V216	0.02694	0	0.01228	0.96078
V217	0.04367	0.44988	0.21592	0.29054
V218	0.101	0.3952	0.15052	0.35328
V219	0.11095	0.58677	0.00605	0.29623
V220	0.00961	0.79653	0.00111	0.19275
V221	0.79748	0	0.00243	0.20009
V222	0.34554	0.08747	0.34221	0.22479
V223	0.00607	0.09763	0.79069	0.10562
V224	0.98127	0	0.01822	0.00051
V225	0.0643	0.88259	0.04749	0.00562
V226	0.35405	0.05	0.58047	0.01548
V227	0.82092	0	0.16523	0.01386
V228	0.80886	0.03511	0.05159	0.10445
V229	0.01644	0.0054	0.94662	0.03155
V230	0.00943	0.00767	0.01231	0.9706
V231	0.01332	0.21191	0.08775	0.68702
V232	0.04458	0.59282	0	0.3626
V233	0.60443	0.05103	0.17389	0.17065
V234	0.04185	0.9193	0.02263	0.01623
V235	0.42727	0.03026	0.50507	0.0374
V236	0.04509	0.03702	0.81312	0.10478
V237	0.14094	0	0.02002	0.83905
V238	0.14522	0.53963	0.2527	0.06245
V239	0.0609	0.33168	0.01085	0.59657
V240	0.5388	0.01363	0.39031	0.05726
V241	0.01516	0	0.89263	0.09221
V242	0.14808	0.75521	0.0821	0.01462
V243	0.26994	0.01667	0.61466	0.09873
V244	0.22598	0	0.66467	0.10935
V245	0.65309	0.24111	0.03886	0.06694
V246	0.06041	0.11274	0.79806	0.02879
V247	0.19332	0.00543	0.80083	0.00042
V248	0.01539	0.01057	0.02955	0.9445
V249	0	0.01761	0.88931	0.09308
V250	0.80271	0	0.19155	0.00574
V251	0.96617	0.02255	0.00479	0.00649
V252	0.01284	0.8431	0.14406	0
V253	0.36245	0.03535	0.13425	0.46795
V254	0.01265	0.94121	0.03983	0.0063
V255	0.05133	0.89926	0	0.04941
V256	0.19903	0.16916	0.51608	0.11572
V257	0.4455	0.0586	0.20638	0.28951
V258	0.1965	0.2198	0.41521	0.16849
V259	0.03484	0.26421	0.64715	0.05379
V260	0.00133	0.26313	0.72852	0.00702
V261	0.64372	0.00938	0.16964	0.17726
V262	0.08064	0.0273	0.008	0.88406
V263	0.022	0.94983	0	0.02817
V264	0.16265	0.01234	0.38563	0.43938
V265	0.02158	0	0.10277	0.87565
V266	0.68924	0.3064	0.00435	0
V267	0	0.12265	0.24256	0.63478
V268	0.373	0.00405	0.11412	0.50883
V269	0.00826	0.54559	0.38252	0.06363
V270	0.68326	0.00511	0.21432	0.09732
V271	0.82653	0.03491	0.02411	0.11444
V272	0.05862	0.80024	0.00675	0.13439
V273	0.04186	0.00404	0.0228	0.9313
V274	0.71929	0	0.15504	0.12566
V275	0.00063	0.0095	0.98017	0.0097
V276	0.53335	0.2786	0.00647	0.18158
V277	0.02934	0.14668	0.12915	0.69484
V278	0.02818	0.0256	0.24322	0.70299
V279	0.71875	0.02789	0.09105	0.16231
V280	0.01048	0	0.0131	0.97642
V281	0.54876	0.0086	0.11471	0.32793
V282	0.05695	0.03776	0.82586	0.07943
V283	0.22936	0.53578	0.04898	0.18589
V284	0.03101	0.91547	0.04764	0.00588
V285	0.08182	0.00209	0.91546	0.00063
V286	0.2718	0.51115	0.09504	0.12201
V287	0.10944	0.85613	0.00816	0.02627
V288	0.0139	0.22658	0.40271	0.35681
V289	0.32089	0.17247	0.40682	0.09982
V290	0.86053	0.12889	0.0105	8e-05
V291	0.54474	0.03726	0.40352	0.01449
V292	0.93907	0	0	0.06093
V293	0.33266	0	0.61777	0.04957
V294	0.08071	0.29561	0	0.62368
V295	0.01278	0.11949	0.15674	0.711
V296	0.1973	0.08156	0.60624	0.1149
V297	0.05924	0	0.04816	0.8926
V298	0.34413	0.06586	0.57463	0.01539
V299	0.05964	0.20825	0.00609	0.72602
V300	0	0.00895	0.18661	0.80445
V301	0.12714	0.07277	0.64326	0.15682
V302	0.69409	0.29133	0	0.01458
V303	0.00266	0.5881	0.36952	0.03972
V304	0.0532	0.00595	0.72353	0.21732
V305	0.12276	0.11207	0.43468	0.33049
V306	0.85154	0.05777	0.03813	0.05256
V307	0.02174	0.95212	0.00922	0.01692
V308	0.24036	0.17352	0.27381	0.31231
V309	0.33563	0.24813	0.01703	0.39921
V310	0.07238	0.24959	0.1252	0.55284
V311	0.56162	0.42975	0.00326	0.00536
V312	0.10851	0.73541	0.12984	0.02624
V313	0.00177	0.06793	0.00946	0.92084
V314	0.01461	0.41047	0.09142	0.48351
V315	0.124	0.57567	0.02508	0.27524
V316	0.33374	0.08897	0.36401	0.21328
V317	0.09124	0.66298	0.03321	0.21258
V318	0.03211	0.48553	0.00544	0.47692
V319	0.05923	0.0318	0.86642	0.04256
V320	0.07912	0.10058	0.64965	0.17065
V321	0.67824	0.31742	0.00434	0
V322	0.18932	0.2543	0.05386	0.50251
V323	0.04056	0.00217	0.06343	0.89384
V324	0.71736	0.20348	0.05559	0.02357
V325	0.34426	0.60711	0.04356	0.00506
V326	0.00158	0.49802	0.07298	0.42741
V327	0.01325	0.09342	0.07806	0.81527
V328	0.04209	0.00589	0.72111	0.23091
V329	0.15711	0.0647	0.13673	0.64147
V330	0.39022	0	0.29343	0.31635
V331	0.32306	0.04795	0.02917	0.59982
V332	0.00555	0.02059	0.14408	0.82979
V333	0.45874	0.03935	0.35938	0.14253
V334	0.35471	0	0.31309	0.3322
V335	0.02411	0.29479	0.50945	0.17164
V336	0.19049	0.66404	0.01311	0.13236
V337	0.31977	0.36532	0.2774	0.03751
V338	0.00561	0.98371	0.00368	0.007
V339	0.13808	0	0.85416	0.00776
V340	0.05423	0.17812	0.51341	0.25425
V341	0.01486	0.01003	0.04279	0.93233
V342	0.25863	0	0.57249	0.16888
V343	0.98515	0.00297	0.0051	0.00679
V344	0.72879	0.11029	0.16092	0
V345	0.01047	0.01146	0.97727	8e-04
V346	0.22793	0.06745	0.24834	0.45628
V347	0.03048	0	0.0938	0.87572
V348	0.05693	0.62557	0.12629	0.19121
V349	0.37957	0.11788	0.36729	0.13526
V350	0.03159	0.80649	0.16192	0
V351	0.01209	0.00796	0.3377	0.64225
V352	0.04578	0.00282	0.84785	0.10355
V353	0.8996	0.00462	0.02433	0.07145
V354	0.04885	0.68945	0.21069	0.05101
V355	0.28953	0.04081	0.43105	0.2386
V356	0.02212	0.00247	0.07202	0.90339
V357	0.11198	0.27504	0.25559	0.3574
V358	0.53704	0.06143	0.03594	0.36559
V359	0.55268	0.0272	0.02244	0.39768
V360	0.59397	0.37816	0.01409	0.01377
V361	0.00194	0.43926	0.55239	0.0064
V362	0.00566	0.97723	0.01027	0.00684
V363	0.17323	0.0739	0.43983	0.31304
V364	0.16643	0.03122	0.6748	0.12755
V365	0.23389	0.00666	0.0068	0.75265
V366	0.07978	0.65062	0.06712	0.20248
V367	0.56252	0.09207	0.00138	0.34403
V368	0.09362	0.71404	0.06838	0.12396
V369	0.017	0.38503	0.59164	0.00633
V370	0.33423	0.23262	0.39537	0.03778
V371	0.20463	0.69152	0.0202	0.08365
V372	0.1402	0.02322	0.09103	0.74554
V373	0.07435	0.09089	0.43969	0.39507
V374	0.81331	0	0.18644	0.00025
V375	0.02892	0.01372	0.10937	0.848
V376	0.02174	0.00944	0.07157	0.89725
V377	0.7622	0	0.00705	0.23076
V378	0.00484	0.00821	0.34678	0.64017
V379	0.31889	0.13875	0.00534	0.53701
V380	0.13171	0.03739	0.16253	0.66837
V381	0.73743	1e-05	0.07319	0.18937
V382	0.08835	0.01121	0.89265	0.00779
V383	0.83198	0	0.03646	0.13157
V384	0.56137	0.04192	0.1094	0.28731
V385	0.87796	0.00058	0.05972	0.06175
V386	0.27468	0	0.11302	0.6123
V387	0.62798	0.10103	0.16926	0.10173
V388	0.39997	0.27414	0.12942	0.19647
V389	0.44567	0.46718	0.00708	0.08008
V390	0.33507	0.21638	0.44324	0.00531
V391	0.39394	0.06178	0.01064	0.53364
V392	0.44546	0.16531	0.14451	0.24472
V393	0.30154	0.17786	0.33003	0.19057
V394	0.07989	0.16292	0.08807	0.66912
V395	0.23147	0.34144	0.18262	0.24447
V396	0.01256	0.95647	0.00315	0.02781
V397	0.82008	0.05133	0.08544	0.04316
V398	0.44412	0.08635	0.0766	0.39293
V399	0.20833	0.51894	0.13572	0.13701
V400	0.00163	0.51597	0.04762	0.43478
V401	0.03405	0.11592	0.74435	0.10568
V402	0.83482	0.13662	0.02856	0
V403	0.01483	0.00404	0.05054	0.93059
V404	0.09359	0.15284	0.62192	0.13166
V405	0.19773	0.01038	0.13244	0.65945
V406	0.67069	0.19617	0.01235	0.12079
V407	0.00561	0.98371	0.00368	0.007
V408	0.08807	0.19173	0.37407	0.34613
V409	0.0035	0.00224	0.01323	0.98103
V410	0.0969	0.8548	0.02198	0.02632
V411	0.39795	0	0	0.60205
V412	0.15663	0.0413	0.46642	0.33566
V413	0.05357	0.43187	0.1602	0.35436
V414	0.03444	0.47688	0.31941	0.16928
V415	0.44035	0.00959	0.19749	0.35257
V416	0.00943	0.05162	0.93851	0.00045
V417	0.41738	0.57422	0.00307	0.00534
V418	0.05814	0.05913	0.10945	0.77328
V419	0.01015	0	0.01868	0.97117
V420	0.00384	0.86835	0.00743	0.12038
V421	0.16359	0.01651	0.6674	0.1525
V422	0.03412	0.03042	0.00398	0.93148
V423	0.08531	0.00331	0.88178	0.0296
V424	0	0.02333	0.57145	0.40522
V425	0.05632	0.19597	0.60135	0.14637
V426	0.09268	0.01959	0.79719	0.09053
V427	0.06403	0.33488	0.16734	0.43376
V428	0.0938	0.75352	0.04273	0.10996
V429	0.00954	0	0.02525	0.96521
V430	0.78136	0.12129	0.0126	0.08475
V431	0.17478	0.00655	0.40535	0.41331
V432	0.08841	0.05228	0.03238	0.82693
V433	0.05665	0.67804	0	0.26531
V434	0.31047	0.04146	0.03693	0.61113
V435	0.4874	0	0.09704	0.41556
V436	0.35294	0	0.08956	0.55751
V437	0.21233	0.16717	0.00044	0.62006
V438	0.61757	0.11051	0.02357	0.24836
V439	0.02338	0.05778	0.0032	0.91564
V440	0.45328	0.01506	0.02256	0.5091
V441	0.06538	0.08857	0.57992	0.26614
V442	0.33116	0.2858	0.12015	0.26289
V443	0.74054	0	0.07247	0.187
V444	0.01047	0.01146	0.97727	8e-04
V445	0.65517	0.0018	0.30822	0.03481
V446	0.03727	0.82042	0.04361	0.0987
V447	0.6628	0.05815	0.15635	0.1227
V448	0.01272	0.03287	0.15244	0.80198
V449	0.59224	0.01753	0.26619	0.12404
V450	0.16458	0.82489	0.01052	0
V451	0.94885	0.02708	0	0.02406
V452	0.02375	0	0.05018	0.92607
V453	0.84137	0.04291	0.05252	0.0632
V454	0.00499	0.93899	0.03944	0.01657
V455	0.63608	0.01187	0.27458	0.07747
V456	0.34626	0.0797	0.36184	0.2122
V457	0.00352	0.00876	0.0072	0.98052
V458	0.24828	0.16604	0.00046	0.58522
V459	0.01769	0.77944	0.0788	0.12407
V460	0.96443	0	0.02066	0.01491
V461	0.04357	0.01069	0.00443	0.94131
V462	0.33076	0.18501	0	0.48423
V463	0.27355	0.43318	0.14353	0.14973
V464	0.48189	0.06135	0.00113	0.45563
V465	0.42302	0.36984	0.01861	0.18853
V466	0.58312	0.13648	0.00132	0.27908
V467	0.34845	0.53634	0.06729	0.04792
V468	0.53824	0.35339	0.03968	0.06869
V469	0.01289	0.12204	0.24578	0.61928
V470	0.57416	0.08137	0.1587	0.18576
V471	0.24249	0.06333	0.02311	0.67108
V472	0.31441	0.26446	0	0.42114
V473	0.10887	0.53434	0.33022	0.02657
V474	0.09715	0	0.07649	0.82637
V475	0.18112	0.33421	0.06319	0.42148
V476	0.13995	0.00112	0.03923	0.8197
V477	0.61338	0.01614	0.1794	0.19108
V478	0.13177	0.52487	6e-04	0.34275
V479	0.01427	0.05409	0.81397	0.11766
V480	0.07015	0.23915	0.03031	0.66038
V481	0.16264	0.00309	0.81664	0.01763
V482	0.74074	0.11794	0.097	0.04432
V483	0.10865	0.06563	0.05309	0.77262
V484	0.01528	0.03596	0.01554	0.93322
V485	0.12546	0.69745	0.00655	0.17054
V486	0.26907	0.20601	0.10739	0.41753
V487	0.05748	0.01966	0.06243	0.86044
V488	0	0	0.85824	0.14176
V489	0.24087	0.06896	0.67401	0.01616
V490	0.34539	0.25493	0.05413	0.34555
V491	0.47617	0.41772	0.02594	0.08017
V492	0.02985	0.84247	0.12209	0.00559
V493	0.01268	0	0.00258	0.98474
V494	0.20913	0.115	0.50836	0.1675
V495	0.25156	0.59678	0.12616	0.0255
V496	0.29925	0.64242	0	0.05834
V497	0.00861	0.00245	0.97966	0.00928
V498	0.29064	0.06301	0.03639	0.60996
V499	0.66558	0.22044	0.10902	0.00497
V500	0.1074	0.08789	0.75131	0.0534
V501	0.00344	0	0.0264	0.97016
V502	0.59809	0.2302	0.13655	0.03516
V503	0.18301	0.05778	0.16488	0.59432
V504	0.25293	0.65705	0.00711	0.08291
V505	0.19628	0.16092	0.22664	0.41617
V506	0.09045	0.20776	0.43514	0.26666
V507	0.63019	0.06391	0.10193	0.20398
V508	0.79128	0.12334	0.03173	0.05365
V509	0.23681	0.03416	0.4757	0.25333
V510	0.25442	0.49388	0.2467	0.005
V511	0.0404	0.34709	0.03082	0.5817
V512	0.21801	0.02235	0.05867	0.70098
V513	0.08247	0.62936	0.19975	0.08843
V514	0.00971	0.0333	4e-04	0.95659
V515	0.7809	0.03452	0.03657	0.14801
V516	0.93415	0.05937	0	0.00648
V517	0.0283	0.0069	0.20373	0.76107
V518	0.97572	0.01688	0.00036	0.00703
V519	0.02776	0.83809	0.00134	0.1328
V520	0.02079	0	0.55811	0.42109
V521	0.60889	0.02026	0.33551	0.03534
V522	0.00462	0.08667	0.54149	0.36721
V523	0.36168	0.08382	0.23102	0.32347
V524	0.00979	0.77164	0.17954	0.03903
V525	0.23792	0.14781	0.01649	0.59778
V526	0.64777	0.04793	0.05877	0.24552
V527	0.19749	0.00596	0.35024	0.44631
V528	0.10648	0.83285	0	0.06067
V529	0.04757	0.03227	0.17894	0.74122
V530	0.00577	0.16743	0.68189	0.14491
V531	0.02233	0.87209	0.10558	0
V532	0.16014	0.25929	0.01683	0.56373
V533	0.29126	0.29697	0.12036	0.29141
V534	0.00501	0.00084	0.6669	0.32725
V535	0.5057	0	0.00633	0.48797
V536	0.17916	0	0.31852	0.50232
V537	0.64023	0.21047	0.13568	0.01361
V538	0.4345	0.02779	0.0658	0.47192
V539	0.28551	0.38474	0.1421	0.18766
V540	0.22136	0.67024	0.05939	0.04901
V541	0.01481	0.43869	0.04716	0.49935
V542	0.18844	0.08304	0.21836	0.51016
V543	0.87303	0	0.00776	0.1192
V544	0.08846	0.05101	0.13542	0.72511
V545	0.34851	0.09522	0.05233	0.50395
V546	0.05335	0.88396	0.05703	0.00566
V547	0.03814	0.63749	0.30918	0.01519
V548	0.17488	0.74701	0.0729	0.00522
V549	0.36309	0.01184	0.60938	0.01568
V550	0.54929	0.00997	0	0.44074
V551	0.19375	0.70651	0.02726	0.07248
V552	0.00168	0.4523	0.00042	0.54561
V553	0.25574	0.11225	0.60477	0.02724
V554	0.04113	0.04846	0.01405	0.89636
V555	0.08606	0.17543	0.30189	0.43663
V556	0.00024	0.0131	0.94203	0.04464
V557	0.80924	0.00957	0.00704	0.17414
V558	0.06915	0.75146	0.01975	0.15964
V559	0.01238	0.80553	0.18208	0
V560	0.71889	0.27524	0	0.00587
V561	0.00063	0.0095	0.98017	0.0097
V562	0.78981	0	0.09729	0.1129
V563	0.27246	0	0.72063	0.00691
V564	0.06133	0.05076	0.86987	0.01804
V565	0.12443	0.21438	0.35582	0.30537
V566	0.69064	0.06162	0.00179	0.24595
V567	0.21686	0.3817	0.01765	0.38379
V568	0.21122	0	0.03767	0.75112
V569	0.64841	0.00955	0	0.34204
V570	0.02465	0.26074	0.62253	0.09208
V571	0.8387	0.0884	0	0.0729
V572	0.4672	0	0.40634	0.12646
V573	0.0501	0.11881	0.00182	0.82927
V574	0.03969	0.78378	0.16144	0.01509
V575	0.01295	0.04688	0.09452	0.84564
V576	0.17315	0.78308	0.02876	0.01501
V577	0.02835	0.01893	0.16912	0.7836
V578	0.05318	0.03897	0.65904	0.24881
V579	0.01102	0.87983	0.08238	0.02677
V580	0.12745	0	0.08343	0.78912
V581	0.05169	0.04276	0	0.90555
V582	0.58034	0.10172	0.02326	0.29468
V583	0.00499	0.02273	0.5403	0.43198
V584	0.56676	0.11569	0.27089	0.04666
V585	0.00493	0	0.38405	0.61102
V586	0.25233	0	0.62531	0.12236
V587	0.29456	0.00092	0.66566	0.03886
V588	0.60514	0.02069	0.01681	0.35735
V589	0.0601	0.80186	0.05187	0.08617
V590	0.05219	0.76117	0.18116	0.00548
V591	0	0.01509	0.16049	0.82442
V592	0.18121	0.01979	0.79864	0.00036
V593	0.57172	0	0.15427	0.27402
V594	0.37315	0.24803	0.3185	0.06032
V595	0.01752	0.00594	0.01179	0.96475
V596	0.02951	0.22239	0.19238	0.55572
V597	0.00204	0.55799	0.32582	0.11415
V598	0.0164	0.0889	0.87644	0.01825
V599	0.66768	0.2719	0.02613	0.03429
V600	0.38138	0.42347	0.03964	0.15551
V601	0.14963	0.2131	0.06146	0.57581
V602	0.01809	0.00766	0.00576	0.96849
V603	0.00709	0.29561	0.00624	0.69106
V604	0.56319	0.08192	0.31918	0.03571
V605	0.06586	0.28523	0.38256	0.26635
V606	0.74268	0.11105	0.0071	0.13917
V607	0.63905	0	0.08894	0.27202
V608	0.22645	0.11733	0.35801	0.29821
V609	0.02079	0.17947	0.1999	0.59984
V610	0.77562	0.0039	0.0739	0.14658
V611	0.25364	0	0.03707	0.70929
V612	0.02434	0.06267	0.82065	0.09233
V613	0.03487	0.30945	0.60227	0.05341
V614	0.77031	0.03441	0.03638	0.1589
V615	0.11015	0.02683	0.00231	0.86071
V616	0.07946	0.66169	0.03305	0.2258
V617	0.52321	0.12633	0.35046	0
V618	0.68668	0	0	0.31332
V619	0.38689	0.01036	0.27887	0.32388
V620	0.00981	0.65968	0.32474	0.00577
V621	0.43615	0.10866	0.1498	0.30539
V622	0.39884	0.1858	0.3783	0.03706
V623	0.01285	0.04005	0.10967	0.83743
V624	0.82114	0.15516	0	0.0237
V625	0.28343	0.44676	0.08395	0.18586
V626	0.97523	0.00896	0	0.01581
V627	0.00194	0.00569	0.05274	0.93963
V628	0.00092	0.16733	0.00696	0.82479
V629	0.12251	0.24083	0.25361	0.38305
V630	0.03474	0.30825	0.59183	0.06518
V631	0.01341	0.13569	0.07912	0.77179
V632	0.56208	0	0.11117	0.32675
V633	0	0.01465	0.81726	0.16809
V634	0.44635	0.22814	0.32033	0.00517
V635	0.02593	0.70606	0.00102	0.26699
V636	0.12685	0.07257	0.6316	0.16898
V637	0.29697	0.14194	0.06937	0.49172
V638	0.37753	0.20258	0.05326	0.36663
V639	0.30268	0.40098	0.29634	0
V640	0.03492	0.11992	0.77877	0.06639
V641	0.90237	0.01663	0.01928	0.06172
V642	0.78546	0.13115	0	0.08339
V643	0.00502	0.13806	0.41294	0.44398
V644	0.93287	0.04839	0.00399	0.01474
V645	0.29467	0.37825	0.30141	0.02567
V646	0.01354	0.97608	0.00353	0.00685
V647	0.15705	0.05951	0.70605	0.07739
V648	0.45251	0.38961	0.12187	0.03601
V649	0.02443	0.03948	0.85619	0.07989
V650	0.05689	0.06143	0.78984	0.09184
V651	0.34571	0	0.64756	0.00673
V652	0.08276	0.05585	0.3951	0.46629
V653	0.12872	0.63351	0.08717	0.15059
V654	0.73521	0.15278	0.04612	0.06588
V655	0.03212	0.50027	0.01124	0.45637
V656	0.19133	0.20673	0.00518	0.59676
V657	0.01616	0.03699	0.00412	0.94273
V658	0.62496	0.16005	0.04522	0.16977
V659	0.33708	0.05431	0.33486	0.27375
V660	0.03139	0.94083	0	0.02778
V661	0.05114	0.34847	0.03819	0.5622
V662	0.43747	0.00187	0.43227	0.12838
V663	0.25854	0.04384	0.5467	0.15092
V664	0.22366	0.04053	0.67267	0.06314
V665	0.72006	0.14003	0.03108	0.10883
V666	0.55276	0	0.07964	0.3676
V667	0.80685	0.04449	0.1486	6e-05
V668	0.13746	0.78581	0.07672	0
V669	0.25041	0.37265	0.23836	0.13858
V670	0.08786	0.88477	0	0.02736
V671	0.3948	0.24124	0.24222	0.12174
V672	0.01624	0.01103	0.92901	0.04372
V673	0.24595	0.32166	0.21405	0.21834
V674	0.73494	0.1019	0.01221	0.15095
V675	0.13847	0.28062	0.3034	0.27751
V676	0.02094	0.06814	0.07863	0.83229
V677	0.41072	0.35025	0.08279	0.15624
V678	0.55353	0.43248	0.00872	0.00528
V679	0.0494	0.2911	0.64309	0.01641
V680	0.34046	0.51041	0.12406	0.02508
V681	0.92053	0.03741	0.00891	0.03316
V682	0.12048	0.27079	0.55611	0.05262
V683	0.01571	0.97278	0.01151	0
V684	0.7391	0.11608	0.07921	0.06562
V685	0.53664	0.29588	0.11056	0.05692
V686	0.0797	0.12709	0.12063	0.67259
V687	0.01762	1e-05	0.01237	0.96999
V688	0.39085	0.44892	0	0.16022
V689	0.22086	0	0.03074	0.7484
V690	0.50461	0.02027	0.39382	0.0813
V691	0.17713	0	0.81536	0.0075
V692	0.08156	0.10512	0.72157	0.09175
V693	0.23337	0.07017	0.33845	0.35801
V694	0.00483	0.00775	0.23923	0.74819
V695	0.21523	0	0.12155	0.66322
V696	0.06013	0.04808	0.0077	0.88409
V697	0.00932	0.0262	0.00546	0.95901
V698	0.80245	0	0.00732	0.19023
V699	0.60067	0.23167	0.05455	0.11312
V700	0.20269	0.00713	0.00207	0.78811
V701	0.11214	0.47133	0.09357	0.32296
V702	0.51689	0.04665	0.00578	0.43068
V703	0.12933	0.02707	0.44688	0.39672
V704	0.826	0.02141	0.01858	0.13401
V705	0.9579	0	0.00925	0.03285
V706	0.07951	0.02629	0.77811	0.11609
V707	0.03539	0.41207	0.49975	0.05279
V708	0.03781	0.85113	0.01403	0.09703
V709	0.14544	0.22857	0.52177	0.10422
V710	0.62245	0.15906	0.03757	0.18092
V711	0.09726	0.78353	0.08091	0.0383
V712	0.81492	0.02828	0.00244	0.15436
V713	0.44087	0.23823	0.02398	0.29692
V714	0.00827	0.59894	0.01209	0.38071
V715	0.33228	0.29245	0.28857	0.08669
V716	0.02334	0.01643	0.02878	0.93145
V717	0.0885	0.89462	0	0.01689
V718	0.15551	0.5258	0.16559	0.1531
V719	0.05622	0.65486	0.02544	0.26348
V720	0.71609	0	0.19994	0.08397
V721	0.12386	0.12122	0.44925	0.30567
V722	0.08092	0.26624	0.00518	0.64766
V723	0.08959	0.04727	0.00199	0.86115
V724	0.55934	0.00855	0.0646	0.3675
V725	0.00031	0.06794	0.88834	0.04341
V726	0.03034	0.30916	0.09917	0.56133
V727	0.29824	0.61659	0.08031	0.00486
V728	0.03044	0.87891	0.08493	0.00572
V729	0.38517	0	0.13051	0.48431
V730	0.92363	0.01138	0.03191	0.03308
V731	0.0212	0.14553	0.36101	0.47226
V732	0.3619	0.04598	0.32095	0.27117
V733	0.65993	0.13816	0.0239	0.17801
V734	0.27102	0.27358	0.45012	0.00528
V735	0.01219	0.00838	0.42338	0.55605
V736	0.12202	0	0.0034	0.87458
V737	0.35195	0.24019	0.22068	0.18719
V738	0.08032	0.29186	0.44277	0.18504
V739	0	1e-04	0.54511	0.45479
V740	0.87738	0.05388	0.05489	0.01385
V741	0.48077	0.06296	0.10228	0.35399
V742	0.43789	0.55205	0.01006	0
V743	0.1489	0.10764	0.71534	0.02812
V744	0.54539	0.01807	0.29916	0.13738
V745	0.01689	0.66352	0.16744	0.15215
V746	0.99205	0	0.00055	0.0074
V747	0.0519	0	0.67116	0.27694
V748	0.125	0.07029	0.56862	0.2361
V749	0.26325	0.12282	0.03693	0.577
V750	0.43612	0.40063	0.01208	0.15117
V751	0.04959	0.84869	0.02791	0.07382
V752	0.48093	0.17464	0.11604	0.22839
V753	0.01173	0.00327	0.00208	0.98292
V754	0.01142	0.90402	0	0.08456
V755	0.14546	0.14586	0.31317	0.39551
V756	0.01629	0	0.02985	0.95386
V757	0.37188	0.54111	0.05067	0.03633
V758	0.0481	0.7444	0.10773	0.09976
V759	0.11409	0.03238	0.35679	0.49674
V760	0.28394	0.03023	0.24132	0.4445
V761	0.06968	0.55103	0.26432	0.11497
V762	0.00148	0.30622	0.00621	0.6861
V763	0.39068	0.29228	0.01755	0.29949
V764	0.01107	0.90227	0.00171	0.08496
V765	0.64685	0.05429	0	0.29886
V766	0.01418	0.27312	0.41971	0.29299
V767	0.50749	0.08355	0.21928	0.18969
V768	0.06262	0.89556	0.01528	0.02654
V769	0.15952	0.80349	0.02187	0.01512
V770	0.01354	0.97608	0.00353	0.00685
V771	0.18783	0.00297	0.79188	0.01732
V772	0.15155	0.02493	0.81636	0.00716
V773	0.18356	0.79808	0.00262	0.01575
V774	0.01621	0.00064	0.93895	0.0442
V775	0.09857	0.01836	0.23534	0.64773
V776	0.45599	0.36395	0.03914	0.14093
V777	0.15594	0.07274	0.11038	0.66094
V778	0.56223	0.22229	0.05393	0.16155
V779	0.1668	0.02011	0.45675	0.35634
V780	0.12539	0.75228	0.12233	0
V781	0.03384	0.00994	0.01648	0.93973
V782	0.00614	0.08918	0.81171	0.09296
V783	0.78393	0.00355	0.03587	0.17665
V784	0.12427	0.86076	0.00906	0.00591
V785	0.04152	0.92274	0.00858	0.02717
V786	0.75876	0.11661	0.07068	0.05395
V787	0.00407	0.83852	0.15152	0.00589
V788	0.55276	0.25352	0.13648	0.05724
V789	0.06026	0.28967	0.01745	0.63262
V790	0.42437	0.00931	0.05743	0.50889
V791	0.14077	0.33263	0.31635	0.21025
V792	0.12946	0.4653	0.00064	0.4046
V793	0.12486	0.59991	0.02526	0.24997
V794	0.04501	0.05369	0.79644	0.10486
V795	0.08836	0.01988	0.03988	0.85188
V796	0.02594	0.05845	0.88567	0.02994
V797	0.78619	0	0.19981	0.01401
V798	0.66452	0.24758	0.06417	0.02373
V799	0.14152	0.74147	0.02022	0.09679
V800	0.05979	0.00822	0.46434	0.46765
V801	0.12789	0.07764	0.28959	0.50488
V802	0.02825	0.0461	0.22793	0.69771
V803	0.25395	0.49004	0.25601	0
V804	0.55581	0.00144	0.35234	0.09041
V805	0.0114	0.00457	0.98307	0.00095
V806	0.05118	0.89139	0.00777	0.04966
V807	0.23481	0.1037	0.02326	0.63823
V808	0.70235	0.22079	0.03233	0.04454
V809	0.04344	0.02424	0.93184	0.00048
V810	0.01422	0.97857	0	0.00721
V811	0.42359	0.04253	0.17354	0.36034
V812	0.56869	0.20929	0.03808	0.18393
V813	0.64258	0.15042	0.17199	0.03501
V814	0.47364	0.48613	0.03519	0.00504
V815	0.00496	0.92123	0.06751	0.00629
V816	0.94668	0	0.05293	4e-04
V817	0.02646	0.05198	0.90305	0.01852
V818	0.00202	0.02571	0.02348	0.94879
V819	0.8589	0.05055	0.03808	0.05247
V820	0.10954	0.05981	0.01202	0.81863
V821	0.23931	0.27724	0.38227	0.10119
V822	0.07236	0.00995	0.8879	0.02979
V823	0.02413	0.15546	0.68783	0.13258
V824	0.10011	0.35935	0.54054	0
V825	0.22844	0.24072	0.23202	0.29882
V826	0.47667	0.36913	0.1404	0.01379
V827	0.41157	0.54485	0.00772	0.03586
V828	0.20658	0.11452	0.08716	0.59175
V829	0.02959	0.18321	0.02427	0.76292
V830	0.20387	0.16778	0.01645	0.61189
V831	0.7836	0.05525	0.02397	0.13718
V832	0.28511	0.34848	0.15107	0.21534
V833	0.15344	0.46189	0.16425	0.22042
V834	0.26677	0.04173	0.05899	0.63252
V835	0.3893	0.40009	0.10314	0.10747
V836	0.00861	0.60168	0.00084	0.38886
V837	0.23032	0.32883	0.17022	0.27063
V838	0.95177	0.02107	0.02092	0.00623
V839	0.33634	0.57031	0.08849	0.00487
V840	0.3245	0.67131	0.00419	0
V841	6e-05	0.02509	0.89449	0.08035
V842	0.36777	0.12231	0.23484	0.27509
V843	0.01456	0.00811	0.87253	0.1048
V844	0.10425	0.0544	0.33971	0.50165
V845	0.06999	0.07834	0.7603	0.09137
V846	0	0.00194	0.72112	0.27694
V847	0.00456	0	0.00843	0.98701
V848	0.09007	0.45643	0.15277	0.30073
V849	0.00489	0.94239	0.00285	0.04987
V850	0.97491	0	0.00984	0.01525
V851	0.37381	0.49099	0.1352	0
V852	0.08716	0.0252	0.0997	0.78793
V853	0.26335	0.18153	0.38898	0.16614
V854	0.61784	0.12368	0.08709	0.17139
V855	0.00456	0	0.00843	0.98701
V856	0.04175	0.3048	0.33374	0.31971
V857	0.69223	0.12986	0.02426	0.15365
V858	0.59858	0	0.39541	0.00601
V859	0.68105	0.18591	0.01249	0.12055
V860	0.16566	0.07179	0.0378	0.72476
V861	0.09931	0.33326	0.55172	0.01571
V862	0.14381	0.06032	0.73142	0.06445
V863	0.17326	0.0323	0	0.79444
V864	0.04992	0.01462	0.03422	0.90124
V865	0.09666	0	0.21972	0.68362
V866	0.76263	0.00183	0.22177	0.01376
V867	0.76293	0.00783	0.2235	0.00574
V868	0.54948	0.2283	0.11818	0.10404
V869	0.02299	0.96688	0.00355	0.00658
V870	0.09187	0.26737	0.01073	0.63003
V871	0.00489	0.94239	0.00285	0.04987
V872	0.00522	0.00259	0.20231	0.78988
V873	0.9091	0.01105	0.038	0.04184
V874	0.22266	0.75404	0.02329	0
V875	0.01262	0.13703	0.16768	0.68268
V876	0.17079	0.29187	0.4087	0.12864
V877	0.04206	0.34653	0.27921	0.3322
V878	0.14944	0.79266	0.05789	0
V879	0.20542	0.65205	0.03385	0.10868
V880	0.32152	0.48891	0.00114	0.18844
V881	0.14667	0.02244	0.57363	0.25727
V882	0.80434	0	0.10445	0.09122
V883	0.31907	0.16893	0.512	0
V884	0.01466	0.20897	0	0.77638
V885	0.75031	0.17385	0.07584	0
V886	0.01487	0.32679	0.4604	0.19795
V887	0.65144	0.03495	0.13463	0.17898
V888	0.10294	0.02593	0.74258	0.12854
V889	0.93673	0.02562	0.01456	0.0231
V890	0.03196	0.10836	0.6064	0.25328
V891	0.66401	0.02498	0.25613	0.05488
V892	0.25889	0.12867	0.00512	0.60732
V893	0.61893	0.16848	0.13332	0.07927
V894	0.07174	0.28325	0.59183	0.05318
V895	0.61077	0.03581	0.17238	0.18103
V896	0.04225	0.92752	0.00269	0.02754
V897	0.71625	0.20563	0.00236	0.07576
V898	0.41837	0	0.00168	0.57996
V899	0.02066	0.13613	0.11154	0.73167
V900	0.07628	0.24771	0.34353	0.33249
V901	0.03693	0.79181	0.00118	0.17007
V902	0.0533	0.90188	0.03907	0.00575
V903	0.0076	0.39867	0.52902	0.06472
V904	0.02352	0.9695	0	0.00698
V905	0.12682	0	0.13867	0.73451
V906	0.38398	0.05552	0.08485	0.47564
V907	0.45972	0.45804	0.01316	0.06908
V908	0.00701	0.02244	0.04969	0.92087
V909	0.14156	0.76352	0	0.09492
V910	0.13777	0	0.09013	0.7721
V911	0.54668	0.33738	0.02539	0.09055
V912	0.40946	0.27201	0.11023	0.20829
V913	0.09212	0	0.00439	0.90349
V914	0.20152	0.465	0.28271	0.05077
V915	0.19073	0	0.0025	0.80677
V916	0.27572	0.03147	0.63087	0.06194
V917	0.73083	0.0099	0.14166	0.11761
V918	0.04632	0.60556	0.22066	0.12747
V919	0.20075	0.18559	0.27355	0.3401
V920	0.64421	0.1527	0.07923	0.12386
V921	0.02193	0.11156	0.01912	0.84739
V922	0.1093	0.44014	0.38714	0.06342
V923	0.06044	0.00261	0.02813	0.90883
V924	0.03699	0.66036	0.26339	0.03925
V925	0.15233	0.01293	0.00711	0.82763
V926	0.17247	0.00683	0.0189	0.8018
V927	0.01491	0.01649	0.03602	0.93257
V928	0.05014	0.86308	0.00174	0.08503
V929	0.05651	0.59794	0.11552	0.23003
V930	0.53345	0.31569	0.02485	0.12601
V931	0.14562	0.23962	0.51074	0.10402
V932	0.03154	0.07979	0.58363	0.30504
V933	0.63397	0.34392	0.00812	0.01399
V934	0.00537	0.10311	0.23228	0.65925
V935	0.59893	0.11955	0.1899	0.09163
V936	0.53099	0.21596	0.01163	0.24142
V937	0.54312	0.08612	0.06801	0.30275
V938	0.37644	0.02362	0.27284	0.3271
V939	0.74907	0.00358	0.05787	0.18948
V940	0.02825	0.78208	0.13891	0.05076
V941	0.00129	0.00394	0.98466	0.01012
V942	0.77613	0.14574	0.05481	0.02333
V943	0.43249	0.0927	0.40257	0.07223
V944	0.0138	0.20072	0.046	0.73947
V945	0.58286	0.29869	0.00687	0.11159
V946	0.4959	0.21944	0.23719	0.04747
V947	0.0667	0.02444	0.18868	0.72018
V948	0.37449	0.01113	0.58797	0.02641
V949	0	0.06921	0.16381	0.76698
V950	0.05507	0.48794	0.19542	0.26157
V951	0.85681	0.00177	0.13568	0.00574
V952	0.05913	0.08476	0.2248	0.63132
V953	0.01577	0.03402	0.90701	0.0432
V954	0.02915	0.12689	0.11113	0.73283
V955	0.12133	0.53553	0.01848	0.32465
V956	0.02851	0.00819	0.46071	0.50259
V957	0.29482	0.00134	0	0.70384
V958	0.01268	0	0.00258	0.98474
V959	0.25357	0.22045	0.42481	0.10116
V960	0.22494	0.21361	0.06169	0.49976
V961	0.14249	0.34611	0.34213	0.16927
V962	0.39589	0.12876	0.37754	0.09781
V963	0.62987	0.12681	0.14129	0.10203
V964	0.86299	0.01081	0.08377	0.04243
V965	0.05382	0.44523	0.17193	0.32902
V966	0.97803	0.00198	0.00475	0.01523
V967	0.04956	0.02107	0.48171	0.44767
V968	0.00029	0.11995	0.78719	0.09257
V969	0.00626	0.21979	0.02459	0.74936
V970	0.02962	0.0804	0.38401	0.50597
V971	0.53414	0.05461	0.30716	0.10409
V972	0.51036	0.14839	0.03703	0.30422
V973	0.27596	0.35944	0.06385	0.30075
V974	0.00928	0.76176	0.11772	0.11124
V975	0.11006	0.2668	0.61726	0.00587
V976	0.45355	0.19482	0.09852	0.2531
V977	0.35817	0.32022	0.31652	0.00508
V978	0.04902	0.05327	0.04715	0.85056
V979	0.83218	0.00209	0.16006	0.00567
V980	0.99205	0	0.00055	0.0074
V981	0.34726	0.01233	0.39734	0.24307
V982	0.47143	0.34738	0.06425	0.11694
V983	0.67878	0.03333	0.00171	0.28618
V984	0.01881	0.83015	0.10066	0.05037
V985	0.05883	0.13602	0.00157	0.80359
V986	0.34503	0.47064	0.03996	0.14437
V987	0.26523	0.70917	0	0.0256
V988	0.18165	0.00161	0.00703	0.8097
V989	0.48256	0.42677	0.06622	0.02445
V990	0	0.02871	0.77799	0.1933
V991	0.67544	0.30996	0	0.0146
V992	0.20316	0	0.47501	0.32183
V993	0.07169	0.70723	0.15891	0.06217
V994	0.20964	0.75358	0.02183	0.01495
V995	0.74468	0.06957	0.02415	0.16161
V996	0.24275	0.07883	0.00589	0.67252
V997	0.01363	0.00264	0.8166	0.16714
V998	0.88569	6e-04	0.05221	0.0615
V999	0.13749	0.85616	0	0.00635
V1000	0.27557	0.0067	0	0.71773
