Neutrophils	Monocytes_CD14.CD16.	Macrophage	T_cells_.CD4..	NK_cells
V1	0.35826	0.1101	0.26033	0.12261	0.1487
V2	0.06744	0.76573	0.05532	0.04873	0.06278
V3	0.08111	0.00963	0.44279	0.41078	0.05569
V4	0.02092	0.00081	0.24526	0.04781	0.68519
V5	0.02476	0	0.05692	0.09518	0.82313
V6	0.37187	0.00132	0.282	0.21519	0.12961
V7	0.01499	0.03175	0.43351	0.06595	0.4538
V8	0.00863	0.03606	0.85245	0.05858	0.04428
V9	0.07637	0	0.25823	0.60809	0.05731
V10	0.48573	0.01164	0.46088	0	0.04175
V11	0.04827	0.0039	0.10613	0.05999	0.78171
V12	0.09993	0	0.22587	0.29723	0.37697
V13	0.15777	0.02796	0.03672	0.41383	0.36371
V14	0.18252	0	0.06749	0.62503	0.12497
V15	0.04961	0.0116	0	0.84908	0.08971
V16	0.60182	0.04667	0.01137	0.3032	0.03694
V17	0.08235	0.24417	0.01476	0.05278	0.60594
V18	0.09973	0.41042	0.25615	0.19325	0.04044
V19	0.04155	0	0	0.10985	0.8486
V20	0.00452	0.01128	0.7181	0.21115	0.05494
V21	0.03619	0.25628	0.13415	0.15472	0.41866
V22	0.83972	0.05541	0.06506	0	0.03982
V23	0.09702	0	0.0197	0.12982	0.75346
V24	0.49372	0.09864	0.01911	0.03263	0.35591
V25	0.04543	0.01285	0.01267	0.41963	0.50943
V26	0.50774	0.18482	0.06271	0.02718	0.21754
V27	0.13456	0.49437	0.18547	0.00053	0.18506
V28	0.05145	0.06404	0.20109	0.60246	0.08095
V29	0.0208	0	0.32732	0.58345	0.06844
V30	0.77062	0.08092	0.02739	0.00735	0.11372
V31	0.45646	0.12252	0.0119	0.2173	0.19182
V32	0.93486	0	0.00037	0	0.06476
V33	0.03874	0.19504	0.01455	0.11107	0.6406
V34	0.12735	0.82511	0.01103	0.00491	0.0316
V35	0.10168	0.60241	0.24966	0.01839	0.02785
V36	0.04093	0.16908	0.17296	0.08397	0.53307
V37	0.76986	0	0	0	0.23014
V38	0.13714	0.0187	0.48569	0.18754	0.17093
V39	0.35714	0.0155	0.34043	0	0.28693
V40	0.23519	0.59888	0.02132	0.08937	0.05524
V41	0.06231	0.82473	0.01855	0.0037	0.09072
V42	0.89522	0.00821	0.01947	0	0.07709
V43	0.50693	0.10836	0.34911	0.00447	0.03113
V44	0.03769	0.28637	0.54752	0	0.12842
V45	0.05377	0.65802	0.09618	0.12605	0.06597
V46	0.12303	0.74313	0.07021	0.0228	0.04083
V47	0	0.03634	0.90913	0	0.05453
V48	0.18909	0.11466	0.2248	0.31682	0.15463
V49	0.49412	0.12319	0.22802	0.12066	0.034
V50	0.01771	0.05348	0.88545	0	0.04336
V51	0.11925	0.25812	0.20158	0.05572	0.36532
V52	0.06576	0.87988	0.0121	0.00816	0.0341
V53	0.05348	0.16202	0.00727	0.71022	0.06701
V54	0.2421	0	0.00528	0.53752	0.2151
V55	0.09861	0	0	0.82506	0.07633
V56	0.09459	0	0	0.7402	0.16521
V57	0.16548	0.12253	0.56312	0.0109	0.13797
V58	0.08344	0	0.13526	0.19894	0.58236
V59	0.88444	0	0.08717	0	0.02839
V60	0.45517	0.18336	0.12689	0.10871	0.12588
V61	0.21969	0	0.02293	0.21843	0.53895
V62	0.07345	0.01029	0.31052	0.13049	0.47525
V63	0.4246	0.24235	0.06432	0.02358	0.24515
V64	0.94741	0	0.01975	0	0.03284
V65	0.11272	0.06325	0.03795	0.60683	0.17925
V66	0.04933	0	0.12947	0.74694	0.07427
V67	0.01751	0.00562	0.34992	0.09261	0.53434
V68	0.48973	0	0.39714	0.01601	0.09711
V69	0.62613	0.09335	0.20155	0.00117	0.0778
V70	0.07584	0.69295	0.04706	0.13857	0.04558
V71	0.1054	0.75909	0.04714	0.05258	0.03579
V72	0.05594	0.39973	0.02657	0.03333	0.48443
V73	0.08054	0	0.09933	0.56946	0.25067
V74	0.03939	0.04988	0.00643	0.76645	0.13786
V75	0.49111	0.16698	0.30592	0	0.03598
V76	0.03499	0	0.01401	0.82221	0.12879
V77	0.0178	0.029	0.88377	0.0248	0.04463
V78	0	0.04461	0.9013	0	0.05409
V79	0.09853	0.39668	0.04324	0.13323	0.32833
V80	0.13451	0.71571	0.00893	0.04401	0.09684
V81	0.00614	0.03702	0.91041	0	0.04643
V82	0.26332	0.14154	0.02926	0.51078	0.0551
V83	0.12481	0.06168	0.02036	0.53623	0.25693
V84	0.11329	0.15753	0.00472	0.05841	0.66605
V85	0	0.03725	0.9144	0	0.04835
V86	0.04102	0.24451	0.29998	0.36251	0.05198
V87	0.48835	0	0.03831	0.41866	0.05468
V88	0.34134	0.14032	0.05486	0.18611	0.27736
V89	0.04462	0.11322	0.78182	0.02181	0.03853
V90	0.03588	0.17472	0.05846	0.10758	0.62336
V91	0.03258	0	0.07641	0.81553	0.07548
V92	0.27059	0.01175	0.02684	0.05559	0.63524
V93	0.03198	0.07302	0.1635	0.50794	0.22356
V94	0.05932	0.16061	0.02201	0.242	0.51606
V95	0.08165	0.22394	0.02283	0.10799	0.56359
V96	0.82256	0	0.02053	0.00781	0.1491
V97	0.1896	0.00391	0.04497	0.12136	0.64016
V98	0.0697	0.36896	0.18235	0.11658	0.26241
V99	0.54437	0.10798	0.00424	0.20504	0.13837
V100	0.56818	0.13831	0.05283	0.0402	0.20047
V101	0.07381	0.86744	0.01906	0.00685	0.03283
V102	0.33697	0.22344	0.13954	0.09522	0.20483
V103	0.14368	0	0	0.06087	0.79546
V104	0.06381	0.40769	0.08701	0.03236	0.40913
V105	0.02819	0	0.04	0.10568	0.82614
V106	0.06233	0.73577	0.14427	0.00292	0.05472
V107	0.05258	0.21914	0.65644	0.03033	0.04151
V108	0.01624	0.18642	0.7592	0	0.03813
V109	0.08104	0.20646	0.0578	0.27417	0.38053
V110	0.18889	0.49126	0.18373	0.09492	0.0412
V111	0.2954	0.21499	0.46392	0	0.02569
V112	0.20295	0	0.10272	0.4623	0.23203
V113	0.26231	0	0.10222	0.15179	0.48368
V114	0.6115	0.04493	0.05103	0.15816	0.13439
V115	0.8825	0	0	0	0.1175
V116	0.02919	0	0	0.08033	0.89049
V117	0.052	0.02525	0.79691	0.06472	0.06112
V118	0.06739	0	0	0.8376	0.095
V119	0.35674	0	0.39293	0.21634	0.03399
V120	0.01005	0.01787	0.80343	0.09511	0.07354
V121	0.20101	0.70471	0.00859	0.00493	0.08076
V122	0.05459	0.38325	0.08788	0.22384	0.25044
V123	0.53623	0.00734	0.07793	0.17966	0.19884
V124	0.24279	0.08985	0.06376	0.2222	0.38141
V125	0.04718	0.44181	0.47319	0	0.03782
V126	0.17632	0.17029	0.22412	0.11078	0.31849
V127	0.29267	0	0.64181	0.02864	0.03687
V128	0.2091	0.73426	0.01622	0	0.04043
V129	0.2974	0.01289	0.27614	0.16475	0.24882
V130	0.05143	0.49864	0.04574	0.2126	0.19158
V131	0.03649	0	0.22781	0.67171	0.06399
V132	0.38614	0	0	0.33354	0.28033
V133	0.01106	0.05132	0.55784	0.08377	0.29601
V134	0.07427	0.03229	0.77166	0.00953	0.11226
V135	0.02535	0.10703	0.71593	0.01454	0.13716
V136	0.96095	0	0.00339	0	0.03566
V137	0.92761	0.00256	0.00583	0.01005	0.05395
V138	0.27806	0.12226	0.08216	0.13453	0.38299
V139	0.14188	0	0.1522	0.64298	0.06294
V140	0.03815	0	0.15827	0.05463	0.74895
V141	0.02305	0.22023	0.63188	0.08115	0.04369
V142	0.23261	0	0.33297	0.12298	0.31144
V143	0.02949	0.19157	0.4816	0.13156	0.16579
V144	0.53164	0.19511	0.07125	0.1033	0.09869
V145	0	0.04248	0.89379	0.00231	0.06142
V146	0.0573	0.3413	0.00877	0.30381	0.28882
V147	0.10283	0.06668	0.67737	0.08864	0.06449
V148	0.16395	0.75357	0.01671	0.0238	0.04197
V149	0.03724	0	0	0.83809	0.12467
V150	0.15024	0.18541	0.57175	0	0.0926
V151	0.46707	0	0.00567	0.38625	0.14101
V152	0.03748	0	0.10927	0.72295	0.1303
V153	0.18525	0.17249	0.45887	0.03704	0.14635
V154	0.13322	0.58363	0.02957	0.03124	0.22234
V155	0.05955	0	0.12891	0.73836	0.07318
V156	0.11638	0.01457	0.40976	0.14757	0.31173
V157	0.11597	0.02359	0.17452	0.28075	0.40516
V158	0.21333	0	0.45077	0.04057	0.29533
V159	0.13905	0.20952	0.01443	0.55514	0.08186
V160	0.48994	0.13557	0.09786	0.03644	0.24019
V161	0.24365	0	0.0608	0.04047	0.65507
V162	0	0.04795	0.90489	0	0.04717
V163	0.06989	0	0.00821	0.09369	0.82821
V164	0.93007	0.0279	0.01431	0	0.02772
V165	0.62988	0.18838	0.0859	0.03256	0.06328
V166	0.07375	0	0.23707	0.56249	0.12669
V167	0.05642	0.63395	0.02355	0.1219	0.16418
V168	0	0.04795	0.90489	0	0.04717
V169	0.06937	0.6668	0.15466	0.06686	0.04231
V170	0.26588	0.37078	0.05896	0.17506	0.12931
V171	0.3379	0.06168	0.36651	0.15848	0.07543
V172	0.20286	0.20931	0.07404	0.04006	0.47373
V173	0.24323	0.08201	0.09186	0.3899	0.19301
V174	0.23281	0	0.35593	0.18964	0.22162
V175	0.09681	0.13142	0.12329	0.18732	0.46116
V176	0.39999	0	1e-05	0.5489	0.0511
V177	0.21232	0.02269	0.56942	0.1545	0.04107
V178	0.30565	0.02393	0.46539	0.09811	0.10691
V179	0.11707	0	0.00072	0.06419	0.81803
V180	0.03715	0.00476	0.35889	0.03252	0.56668
V181	0.08447	0.27414	0	0.08314	0.55825
V182	0.5842	0.20648	0.00675	0.13933	0.06324
V183	0.08346	0.86524	0.01147	0.00038	0.03945
V184	0.34673	0	0.29532	0.30025	0.05769
V185	0.12256	0.47551	0.02784	0.13841	0.23569
V186	0.16089	0.16827	0.02969	0.25337	0.38778
V187	0.09633	0.66701	0.00885	0.18596	0.04185
V188	0.86974	0	0.03342	0.06438	0.03246
V189	0.47934	0.21631	0.03838	0.22687	0.0391
V190	0.45215	0.0381	0.22299	0.01315	0.27362
V191	0.24383	0.20589	0.0056	0.3994	0.14528
V192	0.3518	0.16787	0.12973	0.1989	0.15169
V193	0.08003	0.20173	0.51926	0.03321	0.16578
V194	0.29829	0.02319	0.08962	0.11543	0.47346
V195	0.5908	0.14712	0.23358	0	0.0285
V196	0.02223	0	0.05525	0.09566	0.82686
V197	0.08188	0.84048	0.01097	0.02773	0.03894
V198	0.25739	0.20804	0.03876	0.20023	0.29557
V199	0.77527	0	0.20571	0	0.01902
V200	0.7879	0	0.02406	0.00958	0.17845
V201	0.06118	0	0.01665	0.68991	0.23226
V202	0.92701	0.0375	2e-05	0	0.03548
V203	0.55489	0.23057	0.03004	0.0435	0.141
V204	0.37421	0.0506	0.03506	0.02444	0.5157
V205	0.13852	0.00845	0.12213	0.10139	0.62951
V206	0.07204	0.08812	0	0.73961	0.10023
V207	0.04961	0.0116	0	0.84908	0.08971
V208	0.17197	0.20669	0.47587	0.03377	0.1117
V209	0.18488	0	0.0999	0.06604	0.64918
V210	0	0.03511	0.90981	0	0.05508
V211	0.18118	0.00067	0.21081	0.05312	0.55422
V212	0.07512	0.7361	0.07895	0.03426	0.07557
V213	0.12042	0	0.05709	0.27098	0.55151
V214	0.03568	0.53664	0.37091	0.00568	0.0511
V215	0.27663	0.2031	0.14065	0.08015	0.29946
V216	0.07178	0.02239	0.34063	0.05971	0.5055
V217	0.03179	0	0.02078	0.79666	0.15077
V218	0.09384	0.17742	0.28644	0.32113	0.12117
V219	0.14509	0.25731	0.38187	0.17565	0.04008
V220	0.19871	0.70663	0.0614	0	0.03326
V221	0.05474	0.05641	0.50693	0.01948	0.36244
V222	0.03827	0	0.00188	0.0847	0.87516
V223	0.55373	0	0.30902	0.09844	0.03881
V224	0.06215	0.54298	0.02966	0.08617	0.27905
V225	0.71733	0.13428	0.12222	0	0.02618
V226	0.45717	0.50578	0.00507	0	0.03199
V227	0.11885	0.25187	0.00736	0.54029	0.08163
V228	0.62097	0	0.26974	0.05118	0.05811
V229	0.28405	0.37694	0.25734	0.02922	0.05245
V230	0.03582	0	0.00028	0.08516	0.87873
V231	0.08295	0.59409	0.06291	0.15566	0.10439
V232	0.80833	0	0.17214	0	0.01953
V233	0.07939	0.00198	0.1534	0.12301	0.64222
V234	0.0388	0.3675	0.20959	0.32075	0.06335
V235	0.96436	0	0	0.0034	0.03224
V236	0.09361	0.0082	0.63907	0.17463	0.08448
V237	0.1499	0.06222	0.26879	0.30594	0.21315
V238	0.02906	0	0.00178	0.30998	0.65918
V239	0.08837	0.39886	0.05201	0.17315	0.28761
V240	0.07998	0.80988	0.01791	0.01553	0.0767
V241	0.06582	0.88036	0.01204	0.00141	0.04038
V242	0.05307	0.31138	0.29221	0.25189	0.09145
V243	0.508	0	0.32472	0.0138	0.15348
V244	0.04934	0.4001	0.19092	0.08384	0.2758
V245	0.06305	0.85099	0.03367	0.02008	0.03221
V246	0.62253	0.24246	0.03007	0	0.10494
V247	0.20721	0.09095	0.60936	0.03396	0.05852
V248	0.11289	0.59349	0.02986	0.01881	0.24495
V249	0.2852	0.04166	0.21065	0.10261	0.35987
V250	0.02658	0.03368	0.65028	0.03381	0.25565
V251	0.24864	0	0.08947	0.56486	0.09703
V252	0.03458	0.1177	0.54848	0.13953	0.1597
V253	0.30409	0.54339	0.08326	0.03109	0.03818
V254	0.52499	0.36552	0.0031	0.06614	0.04023
V255	0.8385	0.05324	0	0.00756	0.10071
V256	0.05861	0.73874	0.02489	0.01535	0.16242
V257	0.46318	0.276	0.14321	0.02292	0.0947
V258	0.18438	0.30675	0.04967	0.40914	0.05006
V259	0.54375	0.24558	0.17051	0	0.04016
V260	0.29662	0.00254	0.10827	0.09913	0.49343
V261	0.03482	0.01434	0.51224	0.27702	0.16157
V262	0.92051	0	0.04916	0	0.03033
V263	0.81784	0.05296	0.01253	0.08877	0.0279
V264	0.08139	0.83443	0.01817	0.03382	0.03219
V265	0.83975	0.05627	0.07442	0	0.02955
V266	0.03103	0	0.08228	0.08128	0.80541
V267	0.07057	0	0	0.19407	0.73536
V268	0.21562	0.41098	0.14021	0.16027	0.07291
V269	0.10339	0.31266	0.35037	0.17116	0.06241
V270	0.07543	0	0.02871	0.82227	0.0736
V271	0.23004	0.68579	0.01515	0.01559	0.05343
V272	0.11568	0.77895	0.03204	0.01203	0.06129
V273	0.3211	0	0.17606	0.31496	0.18789
V274	0.12084	0.01757	0.03716	0.22332	0.60112
V275	0.06036	0.67554	0.14629	0.07507	0.04274
V276	0.01625	0.01726	0.68594	0.21264	0.06791
V277	0.37786	0	0.57081	0	0.05133
V278	0.023	0.02808	0.33882	0.441	0.1691
V279	0.17229	0	0.00769	0.71067	0.10935
V280	0.22526	0	0.03515	0.59742	0.14217
V281	0.05344	0.21452	0.04117	0.62519	0.06568
V282	0.07458	0.87297	0.01179	0.00086	0.03979
V283	0.38911	0	0.10818	0.039	0.46372
V284	0.03403	0.12674	0.53061	0.0064	0.30222
V285	0.50994	0.43784	0.00416	0.01487	0.03319
V286	0.08377	0.03722	0.81458	0.0198	0.04462
V287	0.278	0.04126	0.1714	0.28337	0.22596
V288	0.21626	0.00378	0.6262	0	0.15375
V289	0.18397	0.20744	0.02257	0.52921	0.0568
V290	0.42759	0.42208	0.12817	0	0.02215
V291	0.43321	0.18442	0.00599	0.33096	0.04542
V292	0.13692	0.01361	0.41672	0.04496	0.3878
V293	0.0037	0.12643	0.78086	0.03376	0.05525
V294	0.02822	0	0.00333	0.07866	0.88979
V295	0.03375	0.0165	0.32709	0.49546	0.12721
V296	0.86095	0.08623	0	0	0.05281
V297	0.0223	0.02266	0.7633	0.112	0.07974
V298	0.32087	0	0	0.527	0.15213
V299	0.29068	0	0.00476	0.64828	0.05628
V300	0.96765	0	0	0	0.03235
V301	0.95432	0	0.0015	0.00865	0.03552
V302	0.03056	0	0.00208	0.42809	0.53927
V303	0.1299	0.1602	0.21563	0.17835	0.31592
V304	0.19374	0.03482	0.72092	0	0.05053
V305	0.23135	0.30147	0.09399	0.10492	0.26827
V306	0.32658	0.62022	0.00699	0.00565	0.04056
V307	0.26013	0	0.26556	0.43068	0.04363
V308	0.24964	0.00638	0.65061	0.05495	0.03842
V309	0.68527	0.03246	0.05026	0.10295	0.12906
V310	0.05386	0.0025	0.00377	0.14709	0.79278
V311	0.04141	0	0.03788	0.83552	0.08519
V312	0.104	0.23922	0.2507	0.01619	0.38988
V313	0.08653	0.28891	0.01546	0.30828	0.30082
V314	0.10842	0	0.00037	0.39419	0.49702
V315	0.9407	0	0.00798	0	0.05131
V316	0.12192	0.53543	0.23809	0.02187	0.08269
V317	0.39882	0.06676	0.49083	0	0.04359
V318	0.90389	0	0	0	0.09611
V319	0.10556	0.06749	0.79114	0	0.03581
V320	0.10607	0	0.00068	0.81233	0.08093
V321	0.15076	0.31847	0.29912	0.17797	0.05368
V322	0.0171	0.25944	0.55702	0.04053	0.1259
V323	0.26608	0.19842	0.42819	0.00704	0.10028
V324	0.06797	0.02686	0.03966	0.78732	0.07818
V325	0.66029	0.07566	0.08493	0.0974	0.08172
V326	0.07019	0	0.05441	0.16998	0.70543
V327	0.34003	0.46224	0.10835	0.01067	0.0787
V328	0.06955	0.27804	0.16125	0.43034	0.06082
V329	0.0217	0.04304	0.38506	0.48759	0.06261
V330	0.0812	0.03653	0.80449	0	0.07778
V331	0.16222	0	0.09096	0.11897	0.62785
V332	0.48385	0.03025	0.43643	0	0.04947
V333	0.44091	0.0016	0.3089	0.14189	0.10671
V334	0.04982	0.27759	0.53669	0.06651	0.06938
V335	0.75162	0.02309	0.08269	0.02017	0.12243
V336	0.16864	0.54744	0.2465	0	0.03741
V337	0.02786	0	0.01052	0.20069	0.76093
V338	0.74474	0	0.14847	0.00162	0.10518
V339	0.21664	0.5109	0.17926	0	0.0932
V340	0.05298	0.15381	0.11409	0.08357	0.59554
V341	0.03171	0.47256	0.41509	0	0.08064
V342	0.31184	0.13234	0.43912	0.0878	0.02889
V343	0.70322	0	0.27592	0	0.02086
V344	0.11345	0.72358	0.04653	0.02108	0.09537
V345	0.25234	0.0233	0.00198	0.29349	0.42889
V346	0.05198	0.30118	0.31085	0.26731	0.06867
V347	0.10295	0.50148	0.02872	0.29268	0.07417
V348	0.03012	0.13323	0.44526	0.22688	0.16451
V349	0.07179	0.29596	0.51425	0.00551	0.11248
V350	0.13069	0.40197	0.08716	0.22	0.16017
V351	0.19851	0.01529	0.43521	0.29671	0.05428
V352	0.11542	0.51889	0.33224	0	0.03345
V353	0.27466	0.31253	0.04046	0.0509	0.32146
V354	0.57954	0	0.39792	0	0.02254
V355	0.10865	0.0036	0.33514	0.49436	0.05825
V356	0.09475	0.0353	0.8002	0.00463	0.06512
V357	0.05362	0.03475	0.51987	0.03585	0.35592
V358	0.0579	0.01808	0.03152	0.81099	0.0815
V359	0.08255	0.09816	0.00609	0.74475	0.06844
V360	0.73821	0.01484	0.0911	0.12866	0.02719
V361	0.34756	0.45636	0.09033	0	0.10576
V362	0.82195	0	0.08785	0	0.0902
V363	0.05476	0.01227	0.00362	0.1878	0.74155
V364	0.06559	0.27878	0.02439	0.4212	0.21004
V365	0.03615	0	0.0063	0.85001	0.10754
V366	0.22265	0.03371	0.59049	0.04688	0.10627
V367	0.25195	0.20049	0.21166	0.1575	0.1784
V368	0.76797	0.05551	0.12331	0	0.05322
V369	0.05487	0.62455	0.22493	0.06553	0.03013
V370	0.04489	0.14644	0.12482	0.35937	0.32449
V371	0.07151	0.84815	0.04903	0	0.03131
V372	0.67983	0.03819	0.14591	0.09099	0.04508
V373	0.12924	0.62748	0.12855	0.08009	0.03464
V374	0.11885	0.03728	0.37952	0.4175	0.04685
V375	0.32144	0.00179	0.59417	0.05241	0.0302
V376	0.02114	0	0.41665	0.03673	0.52548
V377	0.10321	0.48843	0.20491	0.16489	0.03857
V378	0.14557	0.52988	0.17457	0	0.14998
V379	0.04302	0	0.1115	0.11674	0.72875
V380	0.04038	0.04	0.174	0.49416	0.25146
V381	0.17831	0.02679	0.00271	0.05415	0.73804
V382	0.44361	0	0	0.28601	0.27038
V383	0.05514	0	0.26921	0.61612	0.05954
V384	0.32328	0.01946	0.16787	0.40185	0.08754
V385	0.11158	0.08305	0.0038	0.05772	0.74384
V386	0.68229	0	0	0.28192	0.03579
V387	0.30318	0	0.00211	0.61684	0.07787
V388	0.0696	0.79816	0.04023	0.05471	0.03729
V389	0.13457	0.74008	0.02378	0.0268	0.07477
V390	0.20626	0	0	0.64871	0.14503
V391	0.73063	0.12988	0	0.05842	0.08107
V392	0.95007	0.01282	0.00737	0	0.02974
V393	0.12906	0.0034	0.15179	0.52061	0.19515
V394	0.73864	0	0.01969	0.1372	0.10447
V395	0.0214	0.00086	0.37323	0.53805	0.06646
V396	0.56191	0.00739	0.40244	0	0.02826
V397	0.69816	0.11202	0.03559	0.09442	0.05981
V398	0.08657	0	0.16521	0.61995	0.12827
V399	0.06692	0.01092	0	0.29548	0.62667
V400	0.17966	0.50807	0.15643	0.12674	0.02909
V401	0.33638	0	0.62263	0.01152	0.02948
V402	0.39988	0.01027	0.4451	0.0509	0.09385
V403	0.18007	0.05625	0	0.16375	0.59994
V404	0.01679	0.04831	0.48213	0.36427	0.0885
V405	0.37376	0.23824	0.07386	0.19967	0.11447
V406	0.01718	0.05014	0.87607	0	0.05661
V407	0.90754	0.01044	0.03544	0.02027	0.02631
V408	0.05801	0.37334	0.00945	0.25017	0.30903
V409	0.1373	0	0.05956	0.65716	0.14598
V410	0.14456	0.11996	0.32874	0.05161	0.35512
V411	0.0289	0	0	0.08851	0.8826
V412	0.04088	0.13384	0.13378	0.06088	0.63062
V413	0.04775	0.24813	0.1536	0.3497	0.20083
V414	0.07018	0.07458	0	0.46771	0.38753
V415	0.18724	0	0	0.05464	0.75812
V416	0.1347	0.06978	0.0199	0.17501	0.60061
V417	0.01242	0.02245	0.75406	0.11455	0.09652
V418	0.5521	0.37297	0.02463	0	0.0503
V419	0.28122	0	0.01574	0.14494	0.5581
V420	0.25492	0	0.09954	0.07071	0.57483
V421	0.02185	0	0.13293	0.09358	0.75165
V422	0.04475	0	0.04807	0.69893	0.20825
V423	0.31557	0.16838	0.28937	0.17458	0.05211
V424	0.01144	0.00513	0.50207	0.02288	0.45848
V425	0.3566	0.36246	0.00232	0.01456	0.26405
V426	0.26675	0.16258	0.02114	0.43583	0.1137
V427	0.2136	0.6066	0.14917	0	0.03062
V428	0.11199	0.6294	0.07897	0.08053	0.09911
V429	0.13504	0.75141	0.00961	0.05434	0.0496
V430	0.04783	0.00691	0.4204	0.19114	0.33373
V431	0.13501	0.35705	0.2004	0.22863	0.07891
V432	0.34054	0.03738	0.12912	0.33185	0.16112
V433	0.21595	0	0.5208	0.20532	0.05793
V434	0.2569	0.27063	0.37273	0.00079	0.09895
V435	0.57739	0.02386	0.35764	0.00988	0.03123
V436	0.07912	0.57942	0.10505	0.0505	0.18591
V437	0.22322	0	0.02507	0.19354	0.55817
V438	0.15706	0.2924	0.20111	0.26075	0.08868
V439	0.63541	0	0.04041	0.27895	0.04522
V440	0.03148	0.34931	0.53923	0.0042	0.07578
V441	0.04504	0.52644	0.37193	0.0192	0.03739
V442	0.07434	0.87313	0.01936	0.00016	0.033
V443	0.94764	0	0.00116	0.02215	0.02905
V444	0.17542	0.42022	0.03517	0.3031	0.06608
V445	0.08992	0.40194	0.04341	0.40545	0.05928
V446	0.14322	0.01143	0.10215	0.55673	0.18647
V447	0.09424	0	0.00716	0.4639	0.4347
V448	0.1918	0	0.01357	0.06749	0.72713
V449	0	0.04795	0.90489	0	0.04717
V450	0.23551	0.06845	0.25576	0.13504	0.30525
V451	0.30487	0.1755	0.06465	0.32307	0.13192
V452	0.03814	0	0.15966	0.698	0.1042
V453	0.0445	0	0	0.47719	0.47832
V454	0.01423	0.01612	0.68753	0.02605	0.25606
V455	0.08072	0.2204	0.28435	0.05514	0.35939
V456	0.94147	0	0	0.00345	0.05508
V457	0.68282	0.18292	0.0369	0.0401	0.05726
V458	0.03403	0.35865	0.49576	0.04331	0.06825
V459	0.16939	0.03954	0.05486	0.48119	0.25502
V460	0.70661	0.01072	0.19872	0.0409	0.04305
V461	0.20848	0.28999	0.24831	0.0159	0.23732
V462	0.08059	0.06362	0.01234	0.50587	0.33758
V463	0.24828	0.03791	0.01146	0.6385	0.06384
V464	0.17043	0.17786	0.61523	0	0.03647
V465	0.06687	0.08616	0.01269	0.07776	0.75652
V466	0.04667	0	0	0.15724	0.79609
V467	0.08566	0.2454	0.02374	0.516	0.1292
V468	0.56682	0.27739	0.1099	0	0.0459
V469	0.04388	0.3266	0.06022	0.27067	0.29863
V470	0.8576	0.02494	0.02707	0.05776	0.03263
V471	0.41455	0.27349	0.03126	0.13048	0.15023
V472	0.03019	0.01636	0.04115	0.07061	0.84169
V473	0.05317	0.20955	0.24547	0.30042	0.19138
V474	0.32543	0.10969	0.06312	0.42216	0.0796
V475	0.17492	0.02378	0.59394	0.02233	0.18503
V476	0.18948	0.01057	0.10065	0.59163	0.10767
V477	0.06558	0.88049	0.01967	0.00072	0.03353
V478	0.20245	0	0	0.05299	0.74456
V479	0.85842	0.02496	0.03466	0.04981	0.03215
V480	0.15269	0.63138	0.06179	0.09851	0.05563
V481	0.26624	0.35111	0.06747	0.16915	0.14604
V482	0.1234	0.65355	0.18454	0	0.03851
V483	0.32858	0.50781	0.00509	0.08906	0.06945
V484	0.23568	0.49314	0.11954	0.11065	0.04099
V485	0.68984	0.04654	0.11876	0.09949	0.04538
V486	0.08512	0.06406	0.30601	0.02655	0.51825
V487	0.15392	0.11557	0.41083	0.27398	0.04571
V488	0.45112	0.03876	0	0.32761	0.18251
V489	0.01291	0.23148	0.64656	0.05771	0.05134
V490	0.01411	0.02155	0.72976	0.18227	0.0523
V491	0.05803	0.45948	0.0533	0.10707	0.3221
V492	0.06131	0.13001	0.03146	0.69105	0.08617
V493	0.04404	0	0.00399	0.86086	0.09112
V494	0.35284	0	0.01087	0.51987	0.11641
V495	0.35669	0.19507	0.21679	0.15063	0.08083
V496	0.16399	0.00612	0.05479	0.05036	0.72474
V497	0.12584	0.01038	0.15217	0.13275	0.57886
V498	0.0895	0.82263	0.0328	0.00558	0.0495
V499	0.06034	0.21975	0.26417	0.07595	0.37979
V500	0.12986	0.47466	0.11381	0.19818	0.08349
V501	0.09462	0.31653	0.01611	0.04442	0.52832
V502	0.14316	0.75879	0.04688	0.02235	0.02882
V503	0.47885	0	0.20989	0.13083	0.18043
V504	0.50911	0.17976	0.00568	0.01299	0.29247
V505	0.65259	0	0.01757	0.08117	0.24868
V506	0.04867	0.51723	0.0711	0.02742	0.33557
V507	0.85518	0	0.02478	0.07059	0.04945
V508	0.04589	0.61936	0.20915	0.03378	0.09181
V509	0.07522	0.44937	0.14308	0.18269	0.14964
V510	0.41825	0.47204	0.0494	0.02855	0.03176
V511	0.073	0.30577	0.50438	0.02742	0.08943
V512	0.16742	0.44642	0.17791	0.0443	0.16394
V513	0.18134	0.65276	0.0773	0.0358	0.0528
V514	0.02579	0	0.22916	0.08	0.66505
V515	0.1049	0.11681	0	0.71239	0.06589
V516	0.18265	0.34681	0.11272	0.30681	0.05101
V517	0.0466	0.0189	0.04965	0.80417	0.08068
V518	0.44542	0	0.32504	0.17067	0.05888
V519	0.81336	0.03341	0.00477	0.11278	0.03569
V520	0.08922	0.80703	0.02541	0.04702	0.03132
V521	0.23474	0	0.12999	0.57806	0.05721
V522	0.0569	0.19399	0.55902	0.118	0.0721
V523	0.15395	0.05837	0.72278	0.02478	0.04013
V524	0.35085	0.01862	0.54981	0	0.08072
V525	0.03758	0.19582	0.03206	0.06118	0.67337
V526	0.04085	0.05184	0.83088	0.00745	0.06898
V527	0.09246	0.47029	0.38595	0.00256	0.04875
V528	0.17957	0	0.01468	0.7416	0.06415
V529	0.21532	0.03362	0.70789	0	0.04317
V530	0.01938	0.0437	0.83933	0.0335	0.06409
V531	0.19313	0.50431	0.09482	0.01654	0.1912
V532	0.08033	0.25397	0.30161	0.01286	0.35124
V533	0.29892	0	0	0.04256	0.65851
V534	0.15794	0.05178	0	0.70411	0.08617
V535	0.82665	0.09451	0.05069	0	0.02816
V536	0.1423	0.16867	0.38938	0.03383	0.26583
V537	0.04213	0.00518	0.01331	0.07352	0.86587
V538	0.65685	0.08239	0.00421	0.02745	0.22909
V539	0.02046	0.15638	0.63811	0.08707	0.09798
V540	0.18269	0.45899	0.09491	0.05037	0.21304
V541	0.05634	0.40109	0.02642	0.05559	0.46055
V542	0.06321	0.32901	0.11437	0.39581	0.0976
V543	0.0707	0.11169	0.6632	0.03592	0.1185
V544	0.37047	0.17014	0.18688	0.05993	0.21258
V545	0.62092	0.34359	0.00999	0	0.0255
V546	0.08396	0.75001	0.08682	0.00489	0.07433
V547	0.10683	0.74735	0.00965	0.08492	0.05126
V548	0.03989	0.05165	0.00713	0.81646	0.08486
V549	0.02737	0	0.01925	0.21564	0.73774
V550	0.0587	0.80518	0.0955	0.0039	0.03672
V551	0.04553	0	0	0.86821	0.08627
V552	0.25235	0	0.01451	0.07601	0.65713
V553	0.7978	0	0.01285	0.12242	0.06693
V554	0.12584	0.04277	0.48792	0.28763	0.05583
V555	0.06416	0.86396	0.01892	0.00124	0.05173
V556	0.11099	0.03386	0.05582	0.69144	0.10788
V557	0.33689	0.2246	0.03905	0.31812	0.08134
V558	0.0126	0.0346	0.75861	0.12881	0.06538
V559	0.10877	0.4102	0.42612	0	0.05491
V560	0.63228	0.21508	0.13194	0	0.0207
V561	0.72941	0	0.13136	0	0.13923
V562	0.14968	0.03154	0.16139	0.11726	0.54013
V563	0.23834	0.24455	0.21103	0.10516	0.20092
V564	0.38514	0	0.0592	0.33376	0.22191
V565	0.0269	0	0.0113	0.11022	0.85157
V566	0.32928	0.11809	0.02831	0.31283	0.21149
V567	0.01627	0.03288	0.89965	0	0.0512
V568	0.04439	0.21882	0.42384	0.27188	0.04108
V569	0.65921	0.06752	0.11082	0.10261	0.05984
V570	0.1588	0.00859	0.28673	0.43494	0.11093
V571	0.29057	0	0.23679	0.32028	0.15237
V572	0.85316	0	0	0	0.14684
V573	0.09911	0.05693	0.34276	0.35794	0.14326
V574	0.53834	0.26568	0.07966	0.07174	0.04459
V575	0.40093	0	0.12324	0.0606	0.41523
V576	0.06277	0.83167	0.01843	0.00954	0.07759
V577	0.41822	0.47199	0.04163	0.03613	0.03203
V578	0.03806	0.1594	0.51266	0.20451	0.08537
V579	0.03715	0.50176	0.31592	0.01998	0.12519
V580	0.22782	0.52031	0.02028	0.1795	0.0521
V581	0.06385	0.47194	0.36273	0.0642	0.03727
V582	0	0.07544	0.87909	0	0.04547
V583	0.63733	0	0.33779	0.00061	0.02428
V584	0.23564	0.48421	0.11107	0.02635	0.14273
V585	0.06626	0.73673	0.07113	0.04951	0.07638
V586	0.05296	0.74821	0.16026	0.00867	0.0299
V587	0.07536	0.66371	0.01591	0.03341	0.21162
V588	0.23589	0.38312	0.35061	0	0.03038
V589	0.12074	0.39324	0.05149	0.37099	0.06354
V590	0.06909	0.75054	0.00998	0.01542	0.15497
V591	0.4584	0.46972	0.04121	0	0.03067
V592	0.0216	0.01095	0.75517	0.02736	0.18492
V593	0.44404	0	0	0.46648	0.08948
V594	0.01023	0.13541	0.63936	0.13029	0.08471
V595	0.56327	0.00728	0.06812	0.29104	0.0703
V596	0.48177	0.16534	0.20912	0.09707	0.04669
V597	0.04948	0.18332	0.00558	0.14374	0.61787
V598	0.61128	0	0	0.00894	0.37978
V599	0.09743	0.38894	0.09557	0.34805	0.07001
V600	0.30764	0	0.18623	0.36076	0.14537
V601	0.17186	0.08055	0.00342	0.46535	0.27882
V602	0.82594	0.14539	0.00117	0	0.0275
V603	0.15804	0.12296	0.02883	0.15646	0.53372
V604	0.02497	0.02745	0.7023	0.09326	0.15202
V605	0.04826	0.04611	0.13447	0.10866	0.6625
V606	0.84706	0	0	0	0.15294
V607	0.19095	0.0889	0.01996	0.05239	0.64781
V608	0.78078	0	0.0297	0.06599	0.12354
V609	0.20923	0.29325	0.01554	0.37197	0.11
V610	0.10511	0.63455	0.01548	0.20295	0.04191
V611	0.28646	0.02352	0.6089	0.00182	0.0793
V612	0.40976	0.02389	0.31788	0.00934	0.23913
V613	0.41135	0.50631	0.04214	0.0143	0.02589
V614	0.57674	0	0.01612	0.07712	0.33002
V615	0.03366	0.08221	0.13335	0.55271	0.19808
V616	0.68145	0	0.14631	0.11441	0.05783
V617	0.24514	0.05832	0.46806	0.07848	0.15
V618	0.75011	0.0626	0.06666	0	0.12062
V619	0.58486	0.00964	0.15834	0.00196	0.2452
V620	0.06366	0.01743	0.35587	0.50254	0.0605
V621	0.15806	0.2076	0.30225	0.00773	0.32436
V622	0.03406	0.203	0.35483	0.02507	0.38304
V623	0.09656	0	0.00047	0.67314	0.22983
V624	0.9109	0	0	0.00372	0.08537
V625	0.0355	0.0512	0.09505	0.74288	0.07537
V626	0.0875	0.02597	0.55269	0.26919	0.06465
V627	0.12935	0.13981	0.12184	0.05698	0.55202
V628	0.95552	0	0.00523	0.00908	0.03017
V629	0.13024	0.23239	0.59583	0.00384	0.0377
V630	0.03703	0.17417	0.02311	0.07277	0.69291
V631	0.01734	0	0.28367	0.05178	0.64722
V632	0.06869	0.738	0.01703	0.03525	0.14104
V633	0.08028	0	0.0895	0.5172	0.31302
V634	0.41186	0.4188	0.14632	0	0.02302
V635	0.05825	0.09137	0.193	0.05506	0.60231
V636	0.22107	0.15254	0.3179	0.17136	0.13713
V637	0.23784	0.00129	0.41798	0.2265	0.11639
V638	0.10065	0.45429	0.02745	0.09039	0.32721
V639	0.52165	0.37254	0.07818	0	0.02763
V640	0.13557	0.17328	0.08483	0.23393	0.3724
V641	0.11492	0.68893	0.03105	0.11439	0.05071
V642	0.76284	0.00415	0.00401	0.19599	0.033
V643	0.06918	0.81087	0.07149	0.01793	0.03053
V644	0.07072	0.42117	0.02744	0.40594	0.07474
V645	0.17257	0.70932	0.02353	0.06544	0.02914
V646	0.15457	0.51246	0.03672	0.20522	0.09102
V647	0.93545	0	2e-04	0.03574	0.02861
V648	0.47857	0.07969	0.00345	0.26092	0.17738
V649	0.30054	0.06556	0.0808	0.12039	0.4327
V650	0.05078	0	0.05466	0.82048	0.07408
V651	0.17199	0.19561	0	0.57811	0.05429
V652	0.38956	0	0.02921	0.52008	0.06115
V653	0.37452	0	0.04833	0.49449	0.08267
V654	0.0562	0.06544	0	0.11628	0.76208
V655	0.18167	0.04241	0.30407	0.4195	0.05235
V656	0.1386	0	0	0.14202	0.71938
V657	0.06168	0.47596	0.0368	0.29505	0.1305
V658	0.05729	0.01319	0.03006	0.59992	0.29953
V659	0.04517	0.00756	0.07637	0.74634	0.12456
V660	0.08438	0.32747	0.02452	0.06581	0.49781
V661	0.06613	0.63366	0.0234	0.15714	0.11967
V662	0.05745	0.42963	0.0272	0.03075	0.45496
V663	0.96524	0	0.00447	0	0.03029
V664	0.04282	0	0.11785	0.40041	0.43892
V665	0.04596	0.61081	0.20947	0.06948	0.06428
V666	0.10695	0.81183	0.04804	0.00327	0.02992
V667	0.0507	0.53019	0.26055	0.08573	0.07284
V668	0.64943	0.21543	0.05307	0.03871	0.04337
V669	0.48593	0.28752	0.03136	0.07499	0.1202
V670	0.11236	0.60778	0.05401	0.03581	0.19003
V671	0.78005	0	0.18563	0.00696	0.02737
V672	0.12044	0.05239	0.09373	0.31123	0.42221
V673	0.03259	0.00619	0	0.1605	0.80072
V674	0.37574	0.08654	0.48116	0	0.05656
V675	0.70803	0	0.03329	0.13191	0.12677
V676	0.26981	0.09138	0.49105	0	0.14776
V677	0.06622	0.26214	0.22227	0.35289	0.09648
V678	0.0738	0.30741	0.01605	0.06338	0.53935
V679	0.02752	0.01399	0.45882	0.4392	0.06047
V680	0.19494	0	0.01312	0.35189	0.44004
V681	0.56288	0	0.04146	0.27838	0.11728
V682	0	0.04795	0.90489	0	0.04717
V683	0.07269	0.18238	0.6161	0	0.12883
V684	0.08782	0	0.00333	0.83253	0.07632
V685	0.01021	0.04176	0.81373	0.08387	0.05042
V686	0.2909	0.58535	0.07558	0.0098	0.03837
V687	0.01155	0.01166	0.58252	0.32855	0.06573
V688	0	0.04331	0.89561	0	0.06107
V689	0.5322	0.0242	0.20125	0.09127	0.15108
V690	0.11671	0.80416	0.02508	0.01773	0.03632
V691	0.16981	0.11436	0.04676	0.58619	0.08288
V692	0.10143	0.00304	0.01248	0.7345	0.14856
V693	0.0322	0.49071	0.41913	0.01928	0.03867
V694	0.1153	0.18085	0.03944	0.55026	0.11415
V695	0.14967	0.09661	0.15052	0.04725	0.55595
V696	0.12952	0.00469	0.73333	0	0.13246
V697	0.12454	0.09995	0.32058	0.31573	0.1392
V698	0.03261	0	0.18372	0.06106	0.7226
V699	0.06466	0	0.04624	0.64173	0.24737
V700	0.076	0.77071	0.07882	0	0.07446
V701	0.03757	0.17457	0.01447	0.06606	0.70733
V702	0.05133	0.10921	0.00565	0.64102	0.19278
V703	0.0474	0	0.02377	0.84231	0.08653
V704	0.05865	0.04884	0.40303	0.0374	0.45208
V705	0.94468	0	0	0	0.05532
V706	0.17915	0.13375	0.16186	0.40992	0.11532
V707	0.17011	0.10447	0.07427	0.27404	0.37711
V708	0.03722	0.56797	0.36361	0	0.03119
V709	0.02881	0	0.03145	0.07355	0.86619
V710	0.14469	0.01865	0.48751	0.00622	0.34293
V711	0.07734	0	0.01486	0.08275	0.82504
V712	0.06856	0.0253	0.69061	0.16142	0.05411
V713	0.26302	0.40426	0.30709	0	0.02563
V714	0.07118	0	0	0.0722	0.85662
V715	0.01758	0.28047	0.57695	0.08166	0.04334
V716	0.74814	0.16104	0.0143	0.03178	0.04473
V717	0.42942	0.13998	0.12654	0.02449	0.27956
V718	0.68287	0	0.25946	0	0.05767
V719	0.43104	0.21546	0.10883	0.1029	0.14176
V720	0.15171	0.01764	0.09241	0.07828	0.65996
V721	0.04619	0	0.04559	0.08427	0.82396
V722	0.05201	0.22927	0.05867	0.4636	0.19645
V723	0.13499	0.20676	0.11235	0.47683	0.06908
V724	0.14347	0.62817	0.0459	0.14481	0.03765
V725	0.0493	0	0.00137	0.07466	0.87466
V726	0.2388	0.47971	0.06001	0.05309	0.16838
V727	0.00656	0.04195	0.89206	0	0.05943
V728	0.80417	0	0.12067	0.04586	0.0293
V729	0.6385	0.08474	0.02735	0.21109	0.03831
V730	0.14201	0.0137	0.38539	0.36006	0.09882
V731	0.03539	0.00135	0.05995	0.82635	0.07696
V732	0.0444	0	0.00436	0.86738	0.08386
V733	0.02821	0.05821	0.85904	0	0.05454
V734	0.52415	0.06592	0.35266	0.01929	0.03798
V735	0.09144	0.14804	0.2224	0.0503	0.48784
V736	0.03242	0.02829	0.00505	0.07449	0.85975
V737	0.96398	0	0.00583	0	0.03019
V738	0.04874	0.44941	0.01954	0.03892	0.44338
V739	0.0495	0.00264	0	0.86362	0.08423
V740	0.24674	0.05766	0.10926	0.04403	0.5423
V741	0.53943	0	0	0.29972	0.16085
V742	0.08817	0.02334	0.53857	0.16097	0.18895
V743	0.05145	0.03315	0.07635	0.15028	0.68876
V744	0.22472	0.04441	0.16954	0.47637	0.08496
V745	0.20019	0	0.04525	0.68809	0.06646
V746	0.3722	0.5286	0.04211	0	0.0571
V747	0.02889	0.05607	0.85293	0	0.0621
V748	0.18462	0.19534	0.28403	0.06073	0.27528
V749	0.21742	0.08471	0.1215	0.40864	0.16773
V750	0.76403	0.17082	0.00768	0.0307	0.02677
V751	0.04257	0.36753	0.54136	0.00872	0.03983
V752	0.04573	0.11993	0.02239	0.06819	0.74376
V753	0.58034	0.02552	0.24466	0.01347	0.13601
V754	0.14206	0.31252	0.00855	0.48121	0.05565
V755	0.24534	0.67787	0.04469	0	0.03211
V756	0.04521	0.09785	0.02196	0.11051	0.72448
V757	0.2001	0	0.09273	0.6458	0.06137
V758	0.09269	0.4244	0.00383	0.42453	0.05455
V759	0.11573	0.00965	0.1029	0.05064	0.72108
V760	0.10207	0.01541	0.2166	0.26092	0.40499
V761	0.06376	0.25729	0.63957	0	0.03938
V762	0.03853	0.02867	0.17553	0.39792	0.35936
V763	0.05188	0.26639	0.00729	0.04876	0.62568
V764	0.14335	0.04374	0.08253	0.65859	0.0718
V765	0.18341	0.02744	0.64218	0.03156	0.11541
V766	0.09012	0.47198	0.24482	0.04413	0.14895
V767	0.29234	0.45645	0.06746	0.04131	0.14245
V768	0.07791	0.79106	0.05552	0.03915	0.03637
V769	0.76672	0	0.17645	0	0.05683
V770	0.33281	0	0.49796	0.13149	0.03773
V771	0.08682	0.6987	0.01628	0.08425	0.11394
V772	0.04963	0.04741	0.86255	0	0.04041
V773	0.04959	0	0	0.21408	0.73633
V774	0.17592	0	0.53924	0	0.28484
V775	0.91534	0	0.0126	0.03415	0.0379
V776	0.37151	0.40428	0.16006	0.01362	0.05052
V777	0.23222	0.36312	0.24503	0.08923	0.0704
V778	0.57336	0.02508	0.01018	0.20245	0.18894
V779	0.07676	0.40427	0.474	0.00111	0.04387
V780	0.01702	0.03352	0.90437	0	0.0451
V781	0.20037	0.29529	0.17871	0.00863	0.31699
V782	0.26107	0.22347	0.02174	0.03126	0.46246
V783	0.00611	0.0141	0.63648	0.03311	0.31019
V784	0.0573	0.60172	0.00797	0.22357	0.10944
V785	0.73357	0.11026	0	0.08097	0.0752
V786	0.19536	0.1856	0.01382	0.53298	0.07224
V787	0.15622	0.57874	0.0066	0.16907	0.08937
V788	0.39511	0.39473	0.07336	0	0.13681
V789	0.04019	0.15207	0.00558	0.4011	0.40107
V790	0.31485	0.20685	0.06498	0.11552	0.2978
V791	0.20804	0.20309	0.07501	0.195	0.31885
V792	0.9426	0	0.01892	0	0.03847
V793	0.35936	0.24747	0.05648	0.0914	0.24529
V794	0.03852	0.00297	0.1056	0.21164	0.64127
V795	0.14479	0.78569	0.02456	0.00313	0.04184
V796	0.31631	0.38997	0.11033	0.12824	0.05515
V797	0.16455	0	0	0.07411	0.76134
V798	0.15408	0.49895	0.01226	0.08858	0.24613
V799	0.06099	0.15169	0.04886	0.63358	0.10487
V800	0.05118	0	0.01069	0.17182	0.76631
V801	0.40888	0	0.11891	0.40384	0.06838
V802	0.05935	0.19375	0.01426	0.0606	0.67205
V803	0.341	0.00444	0.00296	0.57612	0.07548
V804	0.22595	0.1451	0.20106	0.3428	0.08509
V805	0.16487	0.12747	0.43652	0.15055	0.12059
V806	0.51113	0	0.19692	0.05658	0.23537
V807	0.74735	0	0.05742	0.03675	0.15848
V808	0.85111	0	0.04137	0	0.10752
V809	0.21518	0.58583	0.02901	0.02952	0.14047
V810	0.05594	0.04408	0.03897	0.46685	0.39417
V811	0.07803	0.08417	0.02102	0.14845	0.66833
V812	0.04735	0.63573	0.1909	0.06889	0.05714
V813	0.05042	0.2152	0.22094	0.0274	0.48603
V814	0.21614	0.52809	0.06877	0.13745	0.04954
V815	0.24075	0.64699	0.03696	0.04154	0.03376
V816	0.05441	0.49709	0.01353	0.3618	0.07318
V817	0.82478	0.00126	0.14836	0.00206	0.02353
V818	0.05531	0.20309	0.35706	0.04508	0.33947
V819	0.95099	0	0.01199	0.00796	0.02906
V820	0.09494	0.35015	0.1233	0.36062	0.07099
V821	0.02919	0	0	0.08033	0.89049
V822	0.21971	0	0.00949	0.70894	0.06186
V823	0.06652	0.0719	0.23293	0.03584	0.59281
V824	0.09762	0.0097	0.02054	0.06386	0.80827
V825	0.1608	0.00791	0.64006	0.15464	0.0366
V826	0.03947	0.03763	0.87408	0.00636	0.04246
V827	0.38187	0.1239	0	0.36108	0.13315
V828	0.27467	0.12293	0.1099	0.07423	0.41828
V829	0.11157	0.07602	0.3127	0.17862	0.3211
V830	0.15714	0.02006	0.68109	0.00898	0.13272
V831	0.05691	0.70328	0.05537	0.13177	0.05267
V832	0.2372	0	0.06295	0.25274	0.44711
V833	0.19979	0.72473	0.016	0	0.05949
V834	0.76528	0.11091	0.03568	0.01107	0.07705
V835	0.27891	0.26731	0.0935	0.2496	0.11069
V836	0.39591	0.05395	0.43777	0.0778	0.03457
V837	0.06019	0.78544	0.0251	0.03834	0.09093
V838	0.03006	0	0.07442	0.81223	0.08329
V839	0.06094	0.01281	0.07669	0.06116	0.7884
V840	0.93834	0	0.02345	0.00588	0.03232
V841	0.22525	0.02387	0.71422	0	0.03666
V842	0.56149	0.0145	0.20768	0.17339	0.04295
V843	0.49429	0	0.14507	0.07039	0.29024
V844	0.01734	0.18374	0.73108	0.00898	0.05886
V845	0.05399	0	0	0.60555	0.34046
V846	0.13981	0.01831	0.10227	0.10281	0.6368
V847	0.23933	0	0.04683	0.15333	0.56052
V848	0.7733	0.00171	0.00342	0.07897	0.1426
V849	0.14342	0.05495	0.68844	0	0.11319
V850	0.24511	0.01512	0.29942	0.15148	0.28888
V851	0.9626	0	0	0	0.0374
V852	0.27769	0.03466	0.08101	0.18633	0.4203
V853	0.04285	0.13041	0.59736	0.12285	0.10654
V854	0.06478	0.34029	0.25157	0.08109	0.26226
V855	0.12966	0.37085	0.09589	0.28992	0.11368
V856	0.18221	0.38071	0.05922	0.01646	0.36141
V857	0.10539	0.0252	0.174	0.41824	0.27717
V858	0.04806	0.33893	0.19344	0.20256	0.21702
V859	0.16437	0	0.01803	0.72368	0.09392
V860	0.07008	0.13044	0.06624	0.62132	0.11192
V861	0.17477	0.00304	0.12895	0.6306	0.06264
V862	0.09134	0	0.01572	0.14639	0.74656
V863	0.06339	0.85181	0.02612	0.00752	0.05117
V864	0.03984	0.02203	0.84883	0.04752	0.04178
V865	0.09397	0.00932	0.63206	0.22375	0.0409
V866	0.04035	0.05534	0.62959	0.2105	0.06422
V867	0.61882	0	0.0014	0.00923	0.37055
V868	0.24681	0.20977	0.40014	0.09334	0.04993
V869	0.03424	0	0.01778	0.08179	0.8662
V870	0.3066	0.14439	0.08269	0.23974	0.22658
V871	0.06087	0.03336	0.10494	0.13685	0.66399
V872	0.42685	0.0107	0.01044	0.46128	0.09073
V873	0.08162	0.31247	0.1524	0.3503	0.1032
V874	0.12171	0.02978	0.00307	0.06955	0.77589
V875	0.04145	0.17333	0.02302	0.48225	0.27994
V876	0.52107	0.02685	0.05975	0.02325	0.36907
V877	0.24401	0.59956	0.0443	0.07161	0.04051
V878	0.05657	0.65898	0.04729	0.18848	0.04869
V879	0.9302	0.01367	0.01357	0.00816	0.0344
V880	0.11309	0.06168	0.02901	0.43264	0.36357
V881	0.01997	0.00688	0.54528	0.01735	0.41053
V882	0.07243	0.45638	0.02027	0.40476	0.04615
V883	0.54355	0.14878	0.01272	0.16759	0.12735
V884	0.02641	0	0	0.08964	0.88395
V885	0.1895	0.05615	0.39727	0.10961	0.24747
V886	0.02456	0	0.02639	0.26467	0.68438
V887	0.10824	0.81787	0.0179	0	0.05599
V888	0.09045	0.0865	0.05643	0.65304	0.11358
V889	0.13388	0.76194	0.04679	0.01616	0.04122
V890	0.06117	0	0.14168	0.62979	0.16736
V891	0	0.07495	0.87755	0.00158	0.04592
V892	0.62057	0.21373	0.0219	0	0.1438
V893	0.15916	0.17587	0.50991	0.06501	0.09005
V894	0.12219	0.50657	0.05326	0.2398	0.07818
V895	0.69926	0	0.27233	7e-05	0.02833
V896	0.2348	0.20155	0.23986	0.2808	0.043
V897	0.03074	0	0.03722	0.7448	0.18724
V898	0.42706	0	0.00318	0.04756	0.5222
V899	0.57769	0.28443	0.08517	0	0.05271
V900	0.27978	0.21312	0.27905	0.17579	0.05226
V901	0.70509	0.02206	0.00341	0.1669	0.10254
V902	0.87642	0.01525	0.01949	0.02391	0.06493
V903	0.31289	0.0467	0.07144	0.48545	0.08352
V904	0.73992	0.06707	0.15502	0	0.03799
V905	0.05312	0.30572	0.06859	0.32219	0.25038
V906	0.17203	0.03846	0.47073	0.07276	0.24601
V907	0.74086	0.08254	0.06696	0.04585	0.06377
V908	0.05613	0.32118	0.05107	0.46955	0.10207
V909	0.05097	0.09939	0.01427	0.69824	0.13713
V910	0.69958	0.1407	0.01322	0.05188	0.09461
V911	0.04884	0.25596	0.51998	0.00305	0.17217
V912	0.05618	0.00395	0.16407	0.10802	0.66777
V913	0.17779	0	0.07246	0.639	0.11075
V914	0.80001	0.00225	0.01105	0.11072	0.07598
V915	0.22555	0.16351	0.05499	0.03581	0.52014
V916	0.80882	0	0.11091	0	0.08027
V917	0.49405	0.00605	0	0.03558	0.46432
V918	0.60884	0.11594	0.21941	0.01287	0.04294
V919	0.46657	0.13228	0.01219	0.26329	0.12567
V920	0.21461	0	0.11348	0.61235	0.05956
V921	0.22351	0.16806	0.11979	0.02102	0.46763
V922	0.04465	0.01549	0.69674	0	0.24312
V923	0.17445	0.46028	0.02708	0.05873	0.27945
V924	0.55219	0.07645	0	0.23919	0.13216
V925	0.16235	0.10774	0.47884	0.14768	0.10339
V926	0.04275	0.00552	0.00443	0.08303	0.86426
V927	0.55304	0.22579	0.11361	0.06984	0.03772
V928	0.1437	0.25077	0.22432	0.17328	0.20792
V929	0.08334	0.26395	0.00691	0.04461	0.6012
V930	0.09977	0	0.06109	0.05781	0.78133
V931	0.52967	0.10763	0.01167	0.0517	0.29932
V932	0.07857	0.09572	0.04757	0.33256	0.44559
V933	0.33428	0	0.04372	0.27641	0.3456
V934	0.68501	0.03711	0.25564	0	0.02224
V935	0.61707	0.07979	0.13061	0.04553	0.127
V936	0.34893	0.03703	0.11793	0.41659	0.07952
V937	0.1506	0.66534	0.10202	0.02895	0.05309
V938	0.09932	0.83209	0.03322	0.00449	0.03088
V939	0.02649	0	0.00904	0.34989	0.61458
V940	0.60952	0.04644	0.08556	0.04723	0.21125
V941	0.04477	0.11307	0.12393	0.46175	0.25649
V942	0.75093	0.2107	0.00859	0.00281	0.02696
V943	0.07511	0.08546	0.05713	0.06271	0.7196
V944	0.38014	0	0.11519	0.44718	0.05748
V945	0.05724	0.2572	0.57535	0.02656	0.08365
V946	0.03934	0.4701	0.45246	0	0.03809
V947	0.43499	0	0.02282	0.13167	0.41052
V948	0.09427	0.6705	0.0466	0.1032	0.08543
V949	0.87694	0.06933	0.02877	0	0.02496
V950	0.09952	0	0.02097	0.80753	0.07199
V951	0.35045	0	0	0.4903	0.15925
V952	0.16774	0.00918	0.04547	0.61597	0.16164
V953	0.51782	0.05845	0.00351	0.34509	0.07512
V954	0.25894	0.50658	0.06801	0.0547	0.11177
V955	0.08699	0.00447	0.55013	0.30683	0.05158
V956	0.05811	0.4502	0.09649	0.33239	0.06281
V957	0.12264	0.71449	0.06218	0.05933	0.04135
V958	0.07062	0.80421	0.01777	0.04335	0.06404
