Neutrophils	Monocytes_CD14.CD16.	Macrophage	T_cells_.CD4..	NK_cells
V1	0.30131	0.20661	0.2583	0.06992	0.16387
V2	0.04011	0.84106	0.03051	0.03245	0.05586
V3	0.08012	0.01817	0.54623	0.34576	0.00971
V4	0.00665	0	0.22153	0	0.77182
V5	0.00156	0	0.04965	0.01988	0.92891
V6	0.32165	0.10832	0.29785	0.13994	0.13224
V7	0.01142	0.02238	0.41101	0.01931	0.53588
V8	0.02412	0	0.93473	0.04115	0
V9	0.06832	0.00238	0.36947	0.55458	0.00525
V10	0.42507	0.0713	0.49554	0	0.00809
V11	0.02366	0.01106	0.09307	0	0.87221
V12	0.07701	0.01611	0.24889	0.19028	0.4677
V13	0.12336	0.07117	0.03543	0.29153	0.47851
V14	0.18164	0.02386	0.09761	0.55768	0.13922
V15	0.01751	0.02677	0	0.91216	0.04356
V16	0.57935	0.19802	0	0.22264	0
V17	0.04528	0.2327	0	0	0.72202
V18	0.08597	0.47345	0.28396	0.14842	0.0082
V19	0.01357	0	0	0.02549	0.96094
V20	0.00882	0	0.81895	0.16647	0.00576
V21	0.01189	0.24868	0.13306	0.08496	0.52142
V22	0.7785	0.15851	0.05026	0	0.01273
V23	0.05778	0.01843	0.01371	0.0413	0.86878
V24	0.3709	0.20426	0	0	0.42484
V25	0.0152	0.02571	0.0103	0.28467	0.66411
V26	0.4307	0.26523	0.04303	0	0.26103
V27	0.10539	0.49549	0.1762	0	0.22292
V28	0.03315	0.09516	0.27986	0.54317	0.04865
V29	0	0	0.44663	0.53411	0.01926
V30	0.69279	0.18953	0.00129	0	0.1164
V31	0.38165	0.25185	0	0.13854	0.22796
V32	0.83439	0.12193	0	0	0.04367
V33	0.01022	0.18315	0.00275	0.03779	0.7661
V34	0.09793	0.90207	0	0	0
V35	0.0826	0.65965	0.24896	0.00879	0
V36	0.01899	0.15547	0.16489	0.02142	0.63924
V37	0.67097	0.0615	0	0	0.26753
V38	0.13032	0.02501	0.52358	0.12454	0.19656
V39	0.27348	0.09297	0.32227	0	0.31128
V40	0.20277	0.69497	0	0.06156	0.0407
V41	0.03391	0.87342	0	0	0.09266
V42	0.80674	0.12841	0	0	0.06484
V43	0.4604	0.15967	0.37993	0	0
V44	0.04007	0.28431	0.54441	0	0.13121
V45	0.03017	0.72042	0.0924	0.09814	0.05887
V46	0.09539	0.8324	0.04105	0.01188	0.01929
V47	0.01104	0	0.98851	0	0.00044
V48	0.16708	0.16997	0.25838	0.22753	0.17704
V49	0.45546	0.22252	0.24157	0.07976	0.00069
V50	0.03865	0.00476	0.95659	0	0
V51	0.08667	0.28129	0.18879	0.01219	0.43106
V52	0.0368	0.96179	0	0	0.00141
V53	0.02258	0.2451	6e-05	0.71462	0.01764
V54	0.23321	0.03189	0.00535	0.44168	0.28788
V55	0.08882	0.00741	0	0.88033	0.02344
V56	0.07734	0	0.00321	0.71005	0.20939
V57	0.1536	0.13584	0.56691	0	0.14365
V58	0.05478	0	0.13881	0.09735	0.70906
V59	0.80915	0.11233	0.07852	0	0
V60	0.39	0.2879	0.11911	0.06339	0.13961
V61	0.16648	0.02803	0.01939	0.10786	0.67825
V62	0.05269	0.02139	0.30109	0.05825	0.56659
V63	0.34176	0.31734	0.04301	0	0.29788
V64	0.86539	0.13461	0	0	0
V65	0.09056	0.11448	0.04443	0.51851	0.23201
V66	0.02951	0	0.20071	0.74096	0.02882
V67	0.00779	0	0.3265	0.02974	0.63597
V68	0.41977	0.07475	0.4201	6e-04	0.08477
V69	0.56768	0.1656	0.20229	0	0.06443
V70	0.05024	0.80094	0.01902	0.10705	0.02274
V71	0.07899	0.86042	0.01386	0.03635	0.01039
V72	0.02511	0.38096	0.00428	0	0.58965
V73	0.06131	0.00238	0.13139	0.46441	0.34051
V74	0.00529	0.08041	0.00495	0.75767	0.15168
V75	0.45156	0.21135	0.33266	0	0.00442
V76	0	0	0.02213	0.85092	0.12695
V77	0.03111	0	0.95399	0.0149	0
V78	0.01637	0	0.98204	0	0.00159
V79	0.06614	0.42314	0.02265	0.07374	0.41432
V80	0.10059	0.76925	0	0.02288	0.10728
V81	0.0212	0	0.9788	0	0
V82	0.25916	0.27187	0.01834	0.43606	0.01456
V83	0.09733	0.10906	0.01786	0.42512	0.35062
V84	0.06855	0.15513	0	0	0.77632
V85	0.01077	0	0.98923	0	0
V86	0.02365	0.28496	0.37192	0.30713	0.01233
V87	0.4719	0.14611	0.03195	0.33118	0.01885
V88	0.27436	0.24761	0.03526	0.10475	0.33802
V89	0.05865	0.08085	0.84762	0.01287	0
V90	0.00976	0.16611	0.04683	0.03572	0.74159
V91	0.00067	0	0.12263	0.85551	0.02119
V92	0.18644	0.06256	0.01362	0	0.73738
V93	0.00952	0.09288	0.20305	0.4033	0.29125
V94	0.02754	0.17189	0.01226	0.1394	0.6489
V95	0.04569	0.22209	0.00861	0.03584	0.68777
V96	0.7405	0.08367	0.00455	0	0.17128
V97	0.13109	0.04185	0.03548	0.03641	0.75516
V98	0.04584	0.38523	0.18207	0.06203	0.32483
V99	0.47431	0.24126	0	0.13116	0.15327
V100	0.49817	0.22271	0.03298	0.00781	0.23834
V101	0.04595	0.95297	0	0	0.00108
V102	0.27537	0.30628	0.12904	0.04788	0.24143
V103	0.09469	0	0	0	0.90531
V104	0.03702	0.40354	0.06712	0	0.49232
V105	0.00571	0	0.03365	0.02592	0.93471
V106	0.03893	0.78722	0.13409	0	0.03975
V107	0.05995	0.20802	0.70918	0.02007	0.00278
V108	0.0317	0.14626	0.82204	0	0
V109	0.04879	0.2289	0.05198	0.17993	0.4904
V110	0.16864	0.55854	0.18943	0.06664	0.01674
V111	0.26348	0.23787	0.49864	0	0
V112	0.18848	0.01382	0.13304	0.35502	0.30964
V113	0.20649	0.02869	0.10178	0.06267	0.60037
V114	0.54523	0.17881	0.03222	0.0954	0.14834
V115	0.78089	0.09604	0	0	0.12306
V116	0.00063	0	0	0.00617	0.99319
V117	0.06618	0	0.86236	0.04666	0.0248
V118	0.04565	0.00029	0	0.89408	0.05998
V119	0.31867	0.09868	0.4378	0.14485	0
V120	0.0195	0	0.87228	0.06935	0.03887
V121	0.15953	0.7636	0	0	0.07686
V122	0.02651	0.41689	0.07936	0.149	0.32824
V123	0.45494	0.14098	0.0642	0.10753	0.23235
V124	0.19365	0.15108	0.05383	0.12707	0.47437
V125	0.05049	0.4383	0.50815	0	0.00306
V126	0.13861	0.2146	0.2188	0.05149	0.3765
V127	0.26899	0.02831	0.68709	0.01561	0
V128	0.17484	0.80858	0	0	0.01658
V129	0.24926	0.08202	0.27994	0.09328	0.2955
V130	0.0255	0.54838	0.02586	0.14801	0.25225
V131	0.01621	0	0.33562	0.63961	0.00856
V132	0.32882	0.09052	0	0.22474	0.35592
V133	0.01647	0.03232	0.55774	0.04105	0.35242
V134	0.08396	0.01248	0.79922	0.00072	0.10362
V135	0.03545	0.07674	0.74323	0.00247	0.1421
V136	0.88251	0.11749	0	0	0
V137	0.82654	0.14603	0	0	0.02744
V138	0.21891	0.1934	0.06706	0.06167	0.45897
V139	0.14742	0.00741	0.22854	0.59742	0.01922
V140	0.01505	0	0.1447	0	0.84025
V141	0.03131	0.20137	0.70288	0.05986	0.00458
V142	0.20281	0.00888	0.35023	0.0625	0.37557
V143	0.0251	0.17889	0.5098	0.08801	0.1982
V144	0.47719	0.30706	0.05401	0.06141	0.10033
V145	0.01516	0	0.97007	0	0.01476
V146	0.02445	0.37793	0	0.21454	0.38308
V147	0.11012	0.04937	0.74326	0.06226	0.03499
V148	0.13323	0.8353	0	0.01156	0.0199
V149	0	0	0	0.88798	0.11202
V150	0.14057	0.20609	0.5744	0	0.07894
V151	0.42222	0.13505	0	0.28671	0.15602
V152	0.00776	0	0.16422	0.68866	0.13935
V153	0.16483	0.21083	0.4559	0.01268	0.15575
V154	0.0995	0.60432	0.00148	0.00258	0.29212
V155	0.04354	0	0.2007	0.72735	0.02841
V156	0.09806	0.02768	0.41344	0.08291	0.37791
V157	0.08642	0.0504	0.18709	0.17373	0.50235
V158	0.18784	0	0.46061	0.0064	0.34515
V159	0.1222	0.31254	0.00304	0.50107	0.06115
V160	0.39658	0.23653	0.07769	0.00362	0.28558
V161	0.16747	0.0376	0.04809	0	0.74684
V162	0.01548	0	0.98452	0	0
V163	0.03772	0	0.00615	0.01828	0.93786
V164	0.84384	0.15616	0	0	0
V165	0.58952	0.28426	0.06501	0.01196	0.04925
V166	0.05907	0	0.32822	0.47884	0.13387
V167	0.02903	0.66978	0	0.0815	0.2197
V168	0.01548	0	0.98452	0	0
V169	0.04891	0.74079	0.14482	0.04653	0.01895
V170	0.23188	0.4581	0.04096	0.11832	0.15074
V171	0.29589	0.15509	0.39276	0.1029	0.05335
V172	0.14437	0.24856	0.05097	0	0.5561
V173	0.21754	0.15154	0.10022	0.28876	0.24194
V174	0.21278	0.00572	0.39356	0.11918	0.26875
V175	0.06593	0.14482	0.12184	0.10194	0.56547
V176	0.40953	0.11552	0	0.47222	0.00272
V177	0.20882	0.03923	0.64085	0.11037	0.00073
V178	0.26765	0.09404	0.4862	0.05614	0.09597
V179	0.07214	0.00996	0	0	0.9179
V180	0.02418	0.00267	0.3207	0	0.65246
V181	0.04612	0.26169	0	0.01913	0.67306
V182	0.56227	0.29931	0	0.09267	0.04576
V183	0.05372	0.93585	0	0	0.01043
V184	0.32957	0.07553	0.34484	0.2246	0.02547
V185	0.09163	0.51182	0.004	0.08368	0.30887
V186	0.12107	0.20851	0.01803	0.15844	0.49394
V187	0.06811	0.77055	0	0.14799	0.01334
V188	0.81681	0.13131	0.01372	0.03816	0
V189	0.44273	0.36834	0.01586	0.16708	0.00599
V190	0.35161	0.13469	0.20315	0	0.31055
V191	0.21546	0.31471	0	0.30456	0.16527
V192	0.30014	0.27284	0.12604	0.12705	0.17394
V193	0.07549	0.19799	0.52631	0.01023	0.18998
V194	0.22506	0.08729	0.07731	0.03718	0.57315
V195	0.55436	0.20105	0.24459	0	0
V196	0	0	0.04801	0.01836	0.93363
V197	0.05332	0.91946	0	0.01549	0.01173
V198	0.20818	0.28679	0.01907	0.11873	0.36722
V199	0.71364	0.06294	0.22341	0	0
V200	0.71174	0.06434	0.01234	0	0.21159
V201	0.03269	0	0.02684	0.61777	0.32271
V202	0.84329	0.15671	0	0	0
V203	0.50587	0.3082	0.00616	0.01342	0.16635
V204	0.25353	0.14216	0.01237	0	0.59194
V205	0.0945	0.0357	0.11147	0.02433	0.73399
V206	0.04604	0.14465	0	0.72809	0.08122
V207	0.01751	0.02677	0	0.91216	0.04356
V208	0.15659	0.24068	0.48014	0.01365	0.10894
V209	0.12826	0.03056	0.08832	0	0.75286
V210	0.01124	0	0.98718	0	0.00158
V211	0.13043	0.03144	0.19239	0	0.64574
V212	0.04865	0.79892	0.05778	0.0189	0.07575
V213	0.0884	0	0.06273	0.15483	0.69405
V214	0.03009	0.5501	0.39172	0.00014	0.02794
V215	0.21843	0.26916	0.12581	0.02882	0.35778
V216	0.05206	0.0313	0.31477	0.00737	0.59449
V217	0	0	0.03223	0.79714	0.17064
V218	0.0767	0.21104	0.33597	0.24803	0.12826
V219	0.13533	0.32391	0.40731	0.12872	0.00473
V220	0.16532	0.79668	0.03122	0	0.00678
V221	0.05015	0.04362	0.48736	0	0.41887
V222	0.01042	0	0	0.01046	0.97912
V223	0.50926	0.08032	0.34411	0.06008	0.00623
V224	0.03428	0.55384	0.00494	0.04218	0.36475
V225	0.67193	0.21309	0.11498	0	0
V226	0.41732	0.58187	0	0	0.00081
V227	0.09644	0.3551	0	0.48711	0.06134
V228	0.57248	0.0786	0.28873	0.02491	0.03528
V229	0.25242	0.4347	0.26501	0.01443	0.03344
V230	0.00609	0	0	0.01048	0.98343
V231	0.05885	0.65478	0.049	0.11718	0.12019
V232	0.72694	0.09731	0.17574	0	0
V233	0.05021	0.01774	0.1447	0.04158	0.74577
V234	0.01904	0.42762	0.25514	0.26143	0.03676
V235	0.87661	0.12339	0	0	0
V236	0.09968	0.00389	0.70441	0.1295	0.06252
V237	0.12841	0.09109	0.30406	0.2126	0.26384
V238	0.00065	0	0	0.17882	0.82054
V239	0.05745	0.43023	0.0341	0.10604	0.37217
V240	0.0508	0.8722	0	0.00354	0.07346
V241	0.03712	0.95182	0	0	0.01106
V242	0.03529	0.35849	0.32756	0.19473	0.08393
V243	0.43069	0.07116	0.3377	0	0.16044
V244	0.02861	0.40199	0.18959	0.03822	0.3416
V245	0.03773	0.9501	0	0.01065	0.00152
V246	0.5635	0.33201	0	0	0.10449
V247	0.19569	0.11134	0.64533	0.01878	0.02886
V248	0.07951	0.59643	0.00298	0	0.32108
V249	0.226	0.10596	0.20151	0.03974	0.42679
V250	0.03371	0.01346	0.64674	0.00721	0.29887
V251	0.25137	0.05496	0.11954	0.48858	0.08555
V252	0.03533	0.10156	0.58489	0.09463	0.18359
V253	0.26681	0.63733	0.06271	0.0168	0.01636
V254	0.49268	0.45552	0	0.03796	0.01384
V255	0.74821	0.15592	0	0	0.09586
V256	0.03051	0.76566	0	0	0.20383
V257	0.41079	0.35243	0.13541	0.00445	0.09692
V258	0.16688	0.44744	0.03619	0.33691	0.01257
V259	0.50776	0.31461	0.16309	0	0.01455
V260	0.22083	0.0642	0.09633	0.02342	0.59523
V261	0.03305	0.01119	0.56473	0.20754	0.18349
V262	0.8281	0.14183	0.03006	0	0
V263	0.77762	0.17011	0	0.05227	0
V264	0.05326	0.92394	0	0.02151	0.00129
V265	0.7774	0.16213	0.06047	0	0
V266	0.00627	0	0.0743	0.01105	0.90838
V267	0.03884	0	0	0.08788	0.87329
V268	0.19026	0.49246	0.13979	0.11393	0.06354
V269	0.09208	0.37055	0.37229	0.12566	0.03942
V270	0.05999	0.00341	0.04973	0.86459	0.02227
V271	0.18894	0.76947	0	0.0036	0.03799
V272	0.08644	0.85973	0	0.00194	0.05189
V273	0.28842	0.06584	0.19986	0.21932	0.22657
V274	0.0797	0.04532	0.03137	0.11327	0.73034
V275	0.04045	0.75187	0.13513	0.05307	0.01948
V276	0.02521	0	0.77754	0.1678	0.02945
V277	0.32979	0.04939	0.60133	0	0.01949
V278	0.00899	0.02873	0.41055	0.35316	0.19857
V279	0.17537	0.02635	0.01211	0.68118	0.10498
V280	0.2197	0.05627	0.04152	0.51602	0.16649
V281	0.0234	0.2983	0.04835	0.60362	0.02633
V282	0.04515	0.94411	0	0	0.01074
V283	0.28632	0.06802	0.09382	0	0.55183
V284	0.03314	0.09819	0.5174	0	0.35127
V285	0.49547	0.50045	0	7e-05	0.004
V286	0.09588	0.01735	0.8717	0.01397	0.00111
V287	0.23993	0.11361	0.18459	0.18616	0.2757
V288	0.19442	0.01375	0.6344	0	0.15743
V289	0.17402	0.33217	0.0101	0.46685	0.01686
V290	0.39376	0.49702	0.10921	0	0
V291	0.39939	0.33709	0	0.25577	0.00775
V292	0.11386	0.02445	0.40141	0.00652	0.45375
V293	0.02032	0.08643	0.85483	0.02381	0.01462
V294	0.00144	0	0	0.00543	0.99313
V295	0.01903	0.02028	0.41323	0.41766	0.12979
V296	0.77527	0.19934	0	0	0.02538
V297	0.03415	0	0.83239	0.08239	0.05107
V298	0.32281	0.04884	0	0.44235	0.186
V299	0.32615	0.03411	0.0073	0.62408	0.00836
V300	0.87892	0.12108	0	0	0
V301	0.8753	0.1247	0	0	0
V302	0.00039	0	0.00099	0.29242	0.70621
V303	0.10026	0.17594	0.22764	0.1027	0.39347
V304	0.18734	0.04154	0.75502	0	0.0161
V305	0.1847	0.35604	0.07739	0.04957	0.3323
V306	0.28106	0.70332	0	0	0.01562
V307	0.2659	0.03734	0.34256	0.3542	0
V308	0.23519	0.02833	0.70218	0.03429	0
V309	0.63021	0.13818	0.03231	0.05642	0.14288
V310	0.02321	0.01158	0	0.0518	0.91341
V311	0.00796	0	0.06455	0.88645	0.04104
V312	0.07431	0.24276	0.23294	0	0.45
V313	0.05346	0.33379	0	0.2168	0.39596
V314	0.07479	0.01453	0	0.26068	0.65
V315	0.85128	0.12435	0	0	0.02437
V316	0.10217	0.55732	0.24861	0.00781	0.08409
V317	0.34313	0.12402	0.52181	0	0.01104
V318	0.81188	0.09448	0	0	0.09365
V319	0.11435	0.04891	0.83675	0	0
V320	0.10069	0	0.00506	0.85605	0.0382
V321	0.13548	0.38912	0.31787	0.12996	0.02757
V322	0.02091	0.23971	0.58437	0.02054	0.13446
V323	0.23023	0.24935	0.43003	0	0.09038
V324	0.04563	0.06211	0.05986	0.79759	0.03482
V325	0.61803	0.17953	0.07184	0.05725	0.07335
V326	0.04078	0.00665	0.05154	0.07309	0.82794
V327	0.29421	0.53682	0.09174	0	0.07723
V328	0.04838	0.3516	0.20416	0.36925	0.02661
V329	0.01053	0.04676	0.49714	0.43078	0.0148
V330	0.09194	0.01767	0.83788	0	0.05251
V331	0.11266	0.02838	0.08307	0.03536	0.74054
V332	0.42151	0.0947	0.46516	0	0.01863
V333	0.37425	0.11537	0.32512	0.08672	0.09854
V334	0.05212	0.29473	0.56126	0.04415	0.04774
V335	0.67435	0.12712	0.06737	0	0.13116
V336	0.14491	0.59922	0.24386	0	0.01201
V337	0.00106	0	0.00797	0.09358	0.89739
V338	0.67452	0.07029	0.15014	0	0.10505
V339	0.18101	0.55837	0.16681	0	0.0938
V340	0.02664	0.14809	0.10232	0.01841	0.70455
V341	0.03006	0.46831	0.43069	0	0.07094
V342	0.27695	0.19962	0.47144	0.05199	0
V343	0.65705	0.03792	0.30503	0	0
V344	0.08299	0.78473	0.0182	0.00623	0.10785
V345	0.19937	0.07751	0	0.17553	0.5476
V346	0.03605	0.3533	0.35325	0.21153	0.04588
V347	0.07946	0.61352	0.00559	0.23881	0.06262
V348	0.02239	0.1341	0.48393	0.16524	0.19436
V349	0.07013	0.30104	0.51839	0	0.11044
V350	0.10376	0.47235	0.07579	0.15161	0.1965
V351	0.19824	0.03763	0.51674	0.23149	0.0159
V352	0.10448	0.53542	0.35606	0	0.00404
V353	0.21538	0.36673	0.01531	0.00937	0.39322
V354	0.52035	0.05032	0.42933	0	0
V355	0.10418	0.02235	0.43572	0.42584	0.01191
V356	0.10468	0.01949	0.84103	0.00145	0.03335
V357	0.05149	0.02487	0.50715	0.00558	0.41092
V358	0.03196	0.04427	0.04865	0.83724	0.03788
V359	0.06153	0.16776	0.00086	0.75206	0.01779
V360	0.70572	0.13248	0.08048	0.08132	0
V361	0.29089	0.53294	0.06435	0	0.11182
V362	0.72681	0.10329	0.08218	0	0.08772
V363	0.0237	0.02195	0	0.08336	0.87099
V364	0.03359	0.33592	0.01333	0.33393	0.28323
V365	0	0	0.0091	0.91231	0.07859
V366	0.20563	0.05865	0.61584	0.02331	0.09656
V367	0.21181	0.27804	0.21062	0.09367	0.20586
V368	0.69171	0.16369	0.11295	0	0.03165
V369	0.03768	0.66192	0.25181	0.0486	0
V370	0.02009	0.16759	0.13593	0.25378	0.4226
V371	0.04682	0.93507	0.0181	0	0
V372	0.64805	0.12947	0.14796	0.05565	0.01887
V373	0.10559	0.7146	0.11522	0.05625	0.00833
V374	0.11598	0.06189	0.47146	0.35067	0
V375	0.28741	0.04753	0.63736	0.02771	0
V376	0.00896	0	0.38141	0	0.60963
V377	0.08717	0.55512	0.22398	0.12546	0.00827
V378	0.11571	0.5427	0.16458	0	0.177
V379	0.01982	0	0.10517	0.03745	0.83756
V380	0.01848	0.05386	0.21418	0.38358	0.3299
V381	0.11468	0.0512	0	0	0.83412
V382	0.3838	0.08465	0	0.18894	0.34261
V383	0.04257	0	0.38361	0.56759	0.00623
V384	0.30642	0.11635	0.19782	0.31034	0.06907
V385	0.0661	0.08899	0	0	0.84491
V386	0.68571	0.11087	0	0.20342	0
V387	0.31725	0.07251	0	0.56269	0.04755
V388	0.04396	0.89963	0.00604	0.03876	0.0116
V389	0.10291	0.81401	0	0.01169	0.07139
V390	0.20794	0.02752	0	0.58937	0.17517
V391	0.67824	0.22443	0	0.02726	0.07007
V392	0.85914	0.14086	0	0	0
V393	0.10983	0.03851	0.19193	0.41148	0.24825
V394	0.71779	0.08341	0.0041	0.08618	0.10852
V395	0.00571	0	0.49595	0.48138	0.01695
V396	0.50447	0.06333	0.43219	0	0
V397	0.68208	0.20288	0.0149	0.05771	0.04243
V398	0.07394	0	0.23662	0.54978	0.13966
V399	0.03309	0.02393	0	0.16706	0.77592
V400	0.15987	0.58618	0.16076	0.09318	0
V401	0.30162	0.03455	0.66249	0.00133	0
V402	0.33495	0.09224	0.46948	0.0243	0.07902
V403	0.12339	0.08622	0	0.0686	0.72179
V404	0.01423	0.04472	0.57292	0.30393	0.06421
V405	0.32539	0.35817	0.06039	0.13509	0.12096
V406	0.03755	0.00651	0.94475	0	0.01119
V407	0.8487	0.1318	0.01723	0.00226	0
V408	0.02582	0.40359	0	0.16928	0.4013
V409	0.12916	0.01718	0.08739	0.58887	0.1774
V410	0.11552	0.13826	0.31387	0.01131	0.42104
V411	0.00051	0	0	0.01113	0.98836
V412	0.01803	0.12614	0.12013	0.00339	0.73232
V413	0.02223	0.27654	0.17864	0.26235	0.26024
V414	0.0374	0.10203	0	0.34185	0.51872
V415	0.12776	0.00053	0	0	0.87171
V416	0.08869	0.09759	0.01035	0.07916	0.72421
V417	0.02338	0	0.81861	0.08183	0.07619
V418	0.52691	0.44294	0	0	0.03015
V419	0.20788	0.04711	0.00709	0.05192	0.686
V420	0.19182	0.01537	0.09527	0.00129	0.69625
V421	0.00183	0	0.12159	0.02154	0.85504
V422	0.01603	0.00735	0.0673	0.6297	0.27962
V423	0.28351	0.26481	0.30736	0.12094	0.02338
V424	0.00766	0	0.46524	0	0.52711
V425	0.27724	0.39989	0	0	0.32286
V426	0.2479	0.28332	0.00454	0.34775	0.11649
V427	0.18577	0.6735	0.13709	0	0.00365
V428	0.08557	0.68062	0.06611	0.05364	0.11406
V429	0.10251	0.83225	0	0.03481	0.03042
V430	0.03749	0.01055	0.42781	0.11744	0.4067
V431	0.11537	0.43244	0.21864	0.16731	0.06624
V432	0.30217	0.14263	0.13715	0.23289	0.18515
V433	0.21508	0.00958	0.60206	0.14972	0.02356
V434	0.2247	0.29804	0.38472	0	0.09254
V435	0.52149	0.08699	0.39152	0	0
V436	0.05425	0.59085	0.09324	0.02018	0.24148
V437	0.16527	0.03968	0.01842	0.08807	0.68856
V438	0.13725	0.36964	0.22229	0.1917	0.07911
V439	0.63662	0.11151	0.0332	0.20605	0.01261
V440	0.03543	0.35196	0.55573	0	0.05688
V441	0.03928	0.54623	0.39653	0.01123	0.00673
V442	0.04636	0.95364	0	0	0
V443	0.87079	0.12532	0	0.00389	0
V444	0.15581	0.53356	0.01547	0.24657	0.04859
V445	0.06681	0.52415	0.03091	0.34984	0.02829
V446	0.12327	0.05359	0.13008	0.45388	0.23918
V447	0.06646	0.00234	0.0097	0.33415	0.58735
V448	0.13304	0.01135	0.01034	0	0.84528
V449	0.01548	0	0.98452	0	0
V450	0.19335	0.12022	0.25263	0.06795	0.36585
V451	0.26906	0.30633	0.05077	0.23163	0.14221
V452	0.01485	0	0.23747	0.65965	0.08803
V453	0.0144	0.00243	0	0.34291	0.64026
V454	0.02137	0	0.67997	0.00222	0.29644
V455	0.05748	0.22398	0.27252	0.01404	0.43197
V456	0.84451	0.12838	0	0	0.02711
V457	0.65569	0.27365	0.01242	0.01754	0.0407
V458	0.03615	0.36834	0.52091	0.02675	0.04785
V459	0.14182	0.0912	0.05989	0.36737	0.33972
V460	0.66557	0.08839	0.2111	0.01885	0.01608
V461	0.16635	0.3245	0.2323	0	0.27685
V462	0.04959	0.0976	0.00802	0.38629	0.4585
V463	0.26116	0.11486	0.00615	0.59608	0.02176
V464	0.16222	0.19539	0.64239	0	0
V465	0.03325	0.08608	0.004	0.00793	0.86874
V466	0.01399	0	0	0.05939	0.92662
V467	0.05825	0.32732	0.01594	0.44949	0.14899
V468	0.52579	0.36237	0.0878	0	0.02404
V469	0.01411	0.35556	0.05055	0.18653	0.39324
V470	0.81197	0.15005	0.00509	0.03288	0
V471	0.3561	0.37319	0.00789	0.07871	0.18411
V472	0.00686	0.01731	0.03258	0.00461	0.93865
V473	0.03163	0.22317	0.28694	0.21827	0.23999
V474	0.30799	0.24227	0.05873	0.3326	0.05841
V475	0.16156	0.02552	0.6064	0.00123	0.20528
V476	0.18306	0.06523	0.13522	0.51408	0.10241
V477	0.03793	0.96179	0	0	0.00028
V478	0.13853	0.00968	0	0	0.85179
V479	0.81074	0.14826	0.01418	0.02682	0
V480	0.12671	0.72635	0.03601	0.06975	0.04118
V481	0.22876	0.43767	0.05004	0.10962	0.17391
V482	0.09866	0.71097	0.17589	0	0.01448
V483	0.2787	0.60574	0	0.05652	0.05905
V484	0.21181	0.57327	0.11658	0.08025	0.01809
V485	0.64901	0.15962	0.11177	0.06069	0.01891
V486	0.0593	0.06695	0.27568	0	0.59807
V487	0.15136	0.15283	0.47706	0.21315	0.0056
V488	0.38073	0.18475	0	0.22406	0.21046
V489	0.0236	0.205	0.71568	0.0406	0.01511
V490	0.02438	0	0.82771	0.14301	0.00491
V491	0.03062	0.46777	0.03394	0.05648	0.41119
V492	0.03404	0.19979	0.03836	0.66769	0.06012
V493	0.00798	0	0.00792	0.93922	0.04488
V494	0.36499	0.05321	0.0117	0.44422	0.12588
V495	0.31426	0.28978	0.22606	0.10056	0.06934
V496	0.10824	0.03487	0.04324	0	0.81366
V497	0.08728	0.03511	0.14496	0.04856	0.68409
V498	0.06247	0.90561	0	0	0.03192
V499	0.03872	0.21019	0.26312	0.02777	0.4602
V500	0.10794	0.55111	0.11272	0.14762	0.08061
V501	0.05619	0.30986	0	0	0.63395
V502	0.11664	0.85659	0.01496	0.01181	0
V503	0.40281	0.10738	0.2121	0.07317	0.20454
V504	0.40452	0.24675	0	0	0.34872
V505	0.57474	0.09112	0.00205	0.0318	0.30029
V506	0.02465	0.50592	0.04997	0	0.41946
V507	0.83339	0.07413	0.01752	0.04485	0.03011
V508	0.02758	0.6325	0.22345	0.01713	0.09935
V509	0.05258	0.49709	0.14556	0.12529	0.17948
V510	0.38781	0.57058	0.02233	0.01391	0.00537
V511	0.07182	0.31967	0.51666	0.01241	0.07944
V512	0.13661	0.47144	0.17463	0.01524	0.20208
V513	0.15289	0.73057	0.05616	0.02061	0.03977
V514	0.00662	0	0.21379	0.01217	0.76742
V515	0.08727	0.19437	0	0.7025	0.01586
V516	0.16279	0.45839	0.11694	0.24053	0.02134
V517	0.01802	0.04112	0.07717	0.82695	0.03674
V518	0.39047	0.10385	0.36341	0.11231	0.02996
V519	0.79933	0.12574	0	0.07397	0.00096
V520	0.06192	0.90449	0	0.03242	0.00116
V521	0.25294	0.01914	0.1905	0.52285	0.01457
V522	0.05942	0.19207	0.61175	0.08605	0.05071
V523	0.1571	0.05506	0.77201	0.01584	0
V524	0.29948	0.07875	0.56341	0	0.05836
V525	0.01045	0.17684	0.01907	0.00184	0.7918
V526	0.05601	0.02255	0.8817	0.00375	0.03599
V527	0.08648	0.48051	0.40822	0	0.02479
V528	0.19548	0.0148	0.02671	0.74895	0.01406
V529	0.20642	0.04654	0.74134	0	0.0057
V530	0.03769	0.00718	0.90555	0.02367	0.02591
V531	0.1557	0.53254	0.07509	0	0.23668
V532	0.05684	0.25823	0.27463	0	0.4103
V533	0.20723	0.03109	0	0	0.76169
V534	0.15191	0.11427	0	0.67681	0.05702
V535	0.75864	0.21061	0.03075	0	0
V536	0.11936	0.1931	0.37352	0.00267	0.31135
V537	0.01479	0.00963	0.00709	0.00343	0.96505
V538	0.56648	0.16774	0	0	0.26577
V539	0.02884	0.12674	0.69449	0.05989	0.09004
V540	0.14612	0.48803	0.07931	0.01711	0.26943
V541	0.02604	0.39311	0.00487	0.00818	0.56779
V542	0.03732	0.40545	0.132	0.33271	0.09252
V543	0.07671	0.08596	0.70124	0.01798	0.11811
V544	0.29956	0.25557	0.17565	0.02223	0.24699
V545	0.60608	0.39392	0	0	0
V546	0.05688	0.80179	0.06765	0	0.07368
V547	0.07522	0.83532	0	0.05837	0.03109
V548	0.00531	0.08589	0.00656	0.8609	0.04134
V549	0.00098	0	0.01701	0.10468	0.87733
V550	0.03594	0.88346	0.07083	0	0.00977
V551	0.0075	0	0	0.96353	0.02897
V552	0.17882	0.0322	0.00774	0.0031	0.77813
V553	0.77136	0.09773	0	0.07921	0.0517
V554	0.12948	0.04749	0.57813	0.22781	0.01708
V555	0.03581	0.9321	0	0	0.03209
V556	0.09587	0.08202	0.0768	0.64287	0.10245
V557	0.3076	0.36299	0.01959	0.24291	0.06691
V558	0.02758	0.00332	0.84353	0.09805	0.02752
V559	0.10391	0.41293	0.4511	0	0.03206
V560	0.59039	0.29372	0.11589	0	0
V561	0.66031	0.04721	0.13599	0	0.15649
V562	0.10751	0.05853	0.15402	0.03971	0.64023
V563	0.19708	0.30614	0.20542	0.05474	0.23662
V564	0.33817	0.09407	0.05791	0.23249	0.27735
V565	0.00144	0	0.00718	0.02712	0.96426
V566	0.28189	0.23695	0.00928	0.21317	0.25871
V567	0.03151	0	0.96849	0	0
V568	0.03705	0.24998	0.49048	0.2225	0
V569	0.62045	0.17335	0.10272	0.0628	0.04067
V570	0.1498	0.04084	0.35402	0.35032	0.10502
V571	0.27315	0.03422	0.28178	0.23325	0.1776
V572	0.74129	0.09871	0	0	0.16
V573	0.08645	0.08071	0.40053	0.27478	0.15754
V574	0.50442	0.3707	0.05987	0.04271	0.0223
V575	0.29758	0.09891	0.10499	0.00239	0.49613
V576	0.03511	0.89086	0	0	0.07403
V577	0.38802	0.57297	0.01362	0.01976	0.00563
V578	0.03753	0.15421	0.57977	0.15951	0.06898
V579	0.02656	0.50601	0.31865	0.00422	0.14457
V580	0.20499	0.62279	0	0.13941	0.03281
V581	0.05718	0.50375	0.38627	0.0461	0.0067
V582	0.01853	0.02567	0.9558	0	0
V583	0.57555	0.05953	0.36493	0	0
V584	0.19822	0.52757	0.09679	0.0043	0.17312
V585	0.04038	0.80383	0.04775	0.03139	0.07665
V586	0.03127	0.81094	0.15607	0.00172	0
V587	0.04354	0.66476	0	0.00552	0.28618
V588	0.21542	0.40464	0.37995	0	0
V589	0.10071	0.51397	0.03876	0.30853	0.03803
V590	0.03693	0.77054	0	0	0.19253
V591	0.44028	0.54435	0.01349	0	0.00188
V592	0.02614	0	0.76207	0.00786	0.20393
V593	0.43295	0.11812	0	0.37552	0.07341
V594	0.01889	0.10975	0.70849	0.09765	0.06522
V595	0.52283	0.15733	0.05967	0.21214	0.04803
V596	0.44114	0.25653	0.21897	0.06223	0.02113
V597	0.01828	0.1765	0	0.06041	0.74481
V598	0.48346	0.06359	0	0	0.45295
V599	0.07661	0.48998	0.0986	0.28515	0.04966
V600	0.28718	0.05857	0.22299	0.26699	0.16428
V601	0.14049	0.13087	0	0.35349	0.37515
V602	0.76527	0.23473	0	0	0
V603	0.10978	0.14755	0.01726	0.06787	0.65754
V604	0.03553	0.00494	0.73702	0.05979	0.16272
V605	0.02487	0.05179	0.12416	0.03304	0.76614
V606	0.73747	0.09364	0	0	0.16889
V607	0.12851	0.11303	0.00668	0	0.75179
V608	0.72784	0.09083	0.01375	0.03111	0.13647
V609	0.18265	0.4163	0	0.28983	0.11122
V610	0.07864	0.74015	0	0.167	0.01421
V611	0.25381	0.06243	0.62793	0	0.05583
V612	0.32124	0.11219	0.30614	0	0.26042
V613	0.38548	0.59816	0.01443	0.00193	0
V614	0.46212	0.11941	0	0.01836	0.40011
V615	0.00933	0.11028	0.16887	0.45636	0.25516
V616	0.65877	0.07187	0.15757	0.07291	0.03887
V617	0.21673	0.10787	0.4774	0.04	0.15799
V618	0.67568	0.14748	0.04887	0	0.12796
V619	0.4796	0.10382	0.14128	0	0.27531
V620	0.05413	0.0303	0.46362	0.43824	0.01371
V621	0.12302	0.23834	0.272	0	0.36663
V622	0.0203	0.18564	0.3365	0	0.45756
V623	0.07636	0.00612	0.00219	0.59595	0.31938
V624	0.82498	0.09747	0	0	0.07755
V625	0.00712	0.0815	0.14328	0.73705	0.03104
V626	0.09185	0.02851	0.63831	0.21172	0.0296
V627	0.08859	0.14987	0.10855	0	0.65299
V628	0.86571	0.13429	0	0	0
V629	0.12826	0.24571	0.62481	0.00028	0.00094
V630	0.01026	0.16212	0.01089	0.00924	0.8075
V631	0.00292	0	0.25736	0	0.73973
V632	0.03909	0.77379	0	0.01299	0.17413
V633	0.05868	0.00092	0.11294	0.39821	0.42925
V634	0.37257	0.49917	0.12825	0	0
V635	0.03442	0.09123	0.17697	0	0.69739
V636	0.1933	0.2271	0.32358	0.11	0.14602
V637	0.2246	0.03098	0.47159	0.1593	0.11353
V638	0.06848	0.47317	0.00315	0.04295	0.41225
V639	0.50308	0.44191	0.05501	0	0
V640	0.10022	0.20488	0.08066	0.14488	0.46935
V641	0.08703	0.79353	0	0.08611	0.03333
V642	0.74248	0.12446	0	0.13306	0
V643	0.04586	0.90042	0.04418	0.00908	0.00046
V644	0.04409	0.54065	0.00932	0.3511	0.05484
V645	0.1413	0.81381	0	0.04488	0
V646	0.13137	0.60192	0.01404	0.15686	0.09581
V647	0.85824	0.12723	0	0.01453	0
V648	0.4064	0.21443	0	0.17261	0.20656
V649	0.22938	0.13725	0.06616	0.04354	0.52367
V650	0.02327	0	0.09247	0.86205	0.02221
V651	0.16215	0.30203	0	0.52882	0.00701
V652	0.40179	0.09323	0.0316	0.44737	0.02601
V653	0.37492	0.09458	0.05498	0.41195	0.06357
V654	0.02406	0.06522	0	0.03352	0.8772
V655	0.17976	0.08161	0.38277	0.34712	0.00874
V656	0.09075	0.01336	0	0.04672	0.84917
V657	0.03522	0.55877	0.01836	0.23343	0.15422
V658	0.02697	0.03371	0.03549	0.48506	0.41877
V659	0.01737	0.023	0.11287	0.71868	0.12807
V660	0.04904	0.32592	0.00476	0.01027	0.61002
V661	0.03975	0.69717	0	0.11759	0.14549
V662	0.02741	0.41366	0.00382	0	0.55511
V663	0.88266	0.11734	0	0	0
V664	0.01699	0	0.13629	0.27492	0.5718
V665	0.02846	0.64068	0.22814	0.0487	0.05402
V666	0.08002	0.90326	0.01672	0	0
V667	0.03762	0.56273	0.276	0.05947	0.06418
V668	0.6286	0.30163	0.03138	0.01768	0.02071
V669	0.43523	0.37784	0.00774	0.03983	0.13936
V670	0.08194	0.62437	0.03291	0.00921	0.25158
V671	0.73587	0.05904	0.20509	0	0
V672	0.08717	0.08414	0.09682	0.19718	0.53469
V673	0.00569	0.00732	0	0.06052	0.92647
V674	0.32244	0.14076	0.50775	0	0.02905
V675	0.67088	0.08805	0.02158	0.07922	0.14026
V676	0.2304	0.13767	0.48327	0	0.14866
V677	0.04623	0.31161	0.27179	0.28191	0.08846
V678	0.03887	0.29935	0	0.00786	0.65392
V679	0.02399	0.00792	0.57405	0.38129	0.01275
V680	0.15728	0.02086	0.01365	0.22822	0.58
V681	0.50968	0.14698	0.02746	0.19559	0.12029
V682	0.01548	0	0.98452	0	0
V683	0.07575	0.16757	0.62581	0	0.13088
V684	0.07524	0.00622	0.00666	0.88777	0.02411
V685	0.02774	0.00491	0.89944	0.06411	0.0038
V686	0.25726	0.67044	0.05452	0.00083	0.01695
V687	0.01336	0	0.692	0.27303	0.02161
V688	0.01526	0	0.97108	0	0.01366
V689	0.45182	0.1382	0.19757	0.04542	0.16699
V690	0.08856	0.89276	0	0.00792	0.01075
V691	0.16227	0.1898	0.05534	0.53084	0.06175
V692	0.08227	0.03611	0.01497	0.69141	0.17524
V693	0.03192	0.50667	0.44384	0.01143	0.00614
V694	0.09369	0.25836	0.04094	0.48628	0.12073
V695	0.10402	0.10908	0.136	0	0.65089
V696	0.12638	0	0.74279	0	0.13083
V697	0.11038	0.12601	0.37053	0.23868	0.15441
V698	0.01549	0	0.16828	0	0.81623
V699	0.03893	0.01108	0.06242	0.54639	0.34118
V700	0.0501	0.83207	0.04872	0	0.06911
V701	0.01021	0.1611	0.00263	0.00421	0.82185
V702	0.01934	0.15674	0	0.56934	0.25457
V703	0.01729	0.01173	0.03756	0.89139	0.04203
V704	0.04493	0.04754	0.37615	0	0.53138
V705	0.84159	0.13228	0	0	0.02612
V706	0.16327	0.19955	0.19661	0.32323	0.11734
V707	0.13173	0.14597	0.0718	0.17401	0.47649
V708	0.03097	0.58049	0.38854	0	0
V709	0.00581	0	0.02447	0.00345	0.96628
V710	0.12399	0.01935	0.46821	0	0.38846
V711	0.04211	0	0.01329	0.01043	0.93417
V712	0.07903	0.01013	0.77267	0.12367	0.0145
V713	0.23599	0.43518	0.32883	0	0
V714	0.0361	0	0	0.00311	0.9608
V715	0.02413	0.27426	0.63668	0.05978	0.00516
V716	0.69953	0.26957	0	0.01146	0.01944
V717	0.33466	0.22646	0.10744	0	0.33144
V718	0.63353	0.04547	0.28369	0	0.03732
V719	0.36453	0.31811	0.09578	0.05681	0.16477
V720	0.10251	0.04452	0.08145	0.00864	0.76289
V721	0.01962	0	0.04034	0.01328	0.92675
V722	0.0206	0.27624	0.0623	0.37959	0.26126
V723	0.11976	0.29332	0.13724	0.41022	0.03946
V724	0.1194	0.74367	0.01679	0.10966	0.01047
V725	0.01943	0	0	0.00516	0.97541
V726	0.1984	0.53136	0.03734	0.02172	0.21119
V727	0.02546	0	0.96148	0	0.01306
V728	0.76204	0.09097	0.12308	0.02392	0
V729	0.62248	0.22232	0.00325	0.14885	0.00311
V730	0.13578	0.03694	0.45834	0.28323	0.0857
V731	0.00388	0.00867	0.09518	0.8695	0.02277
V732	0.00814	0	0.00821	0.95553	0.02812
V733	0.04745	0.01951	0.92251	0	0.01053
V734	0.47469	0.13083	0.38324	0.00551	0.00574
V735	0.06253	0.14568	0.21135	0	0.58044
V736	0.00677	0.02614	0	0.00434	0.96275
V737	0.87815	0.12185	0	0	0
V738	0.02064	0.43245	0	0	0.54691
V739	0.0174	0.01156	0	0.94335	0.02769
V740	0.17668	0.1009	0.09185	0	0.63057
V741	0.47787	0.13128	0	0.20538	0.18547
V742	0.08503	0.02202	0.56938	0.10475	0.21882
V743	0.02441	0.04249	0.06916	0.06023	0.8037
V744	0.21854	0.10631	0.21864	0.39282	0.06369
V745	0.20653	0.05578	0.06202	0.65188	0.0238
V746	0.33547	0.6069	0.01356	0	0.04406
V747	0.04708	0.01946	0.91041	0	0.02304
V748	0.14835	0.24395	0.26583	0.01992	0.32195
V749	0.19642	0.14526	0.14202	0.31258	0.20372
V750	0.72248	0.26881	0	0.00871	0
V751	0.04742	0.37332	0.57177	0.00378	0.00371
V752	0.01721	0.11218	0.01228	0.00485	0.85348
V753	0.5043	0.11161	0.24203	0	0.14206
V754	0.12283	0.43931	0	0.42091	0.01696
V755	0.20908	0.77351	0.01211	0	0.0053
V756	0.01677	0.09534	0.01312	0.03145	0.84333
V757	0.2152	0.01737	0.14269	0.60524	0.01948
V758	0.06769	0.54716	0	0.36821	0.01694
V759	0.0738	0.02851	0.08994	0	0.80776
V760	0.07608	0.03506	0.23212	0.15973	0.49702
V761	0.06982	0.24709	0.68257	0	0.00053
V762	0.01787	0.03671	0.20142	0.27964	0.46435
V763	0.01988	0.23877	0	0	0.74135
V764	0.13682	0.10015	0.11513	0.61181	0.03608
V765	0.17458	0.03077	0.672	0.0134	0.10924
V766	0.07107	0.47733	0.25261	0.01851	0.18047
V767	0.24636	0.51467	0.04814	0.01488	0.17596
V768	0.05285	0.88581	0.0246	0.02596	0.01078
V769	0.70654	0.06461	0.18948	0	0.03938
V770	0.29899	0.07222	0.54355	0.08523	0
V771	0.0564	0.76008	0	0.05361	0.12991
V772	0.06615	0.01478	0.91907	0	0
V773	0.01884	0	0	0.10422	0.87694
V774	0.15338	0	0.52894	0	0.31768
V775	0.87036	0.10313	0	0.01705	0.00945
V776	0.32804	0.48684	0.14946	0.00264	0.03302
V777	0.20766	0.42312	0.25203	0.05813	0.05907
V778	0.48963	0.17148	0	0.12348	0.2154
V779	0.0773	0.40777	0.50201	0	0.01291
V780	0.03155	0	0.96845	0	0
V781	0.15198	0.31791	0.1597	0	0.37041
V782	0.18697	0.26424	0	0	0.54879
V783	0.01161	0	0.62406	0.00508	0.35925
V784	0.02928	0.67132	0	0.17601	0.12338
V785	0.68053	0.21561	0	0.04389	0.05997
V786	0.18609	0.30292	0	0.46726	0.04372
V787	0.1288	0.65341	0	0.12584	0.09195
V788	0.33121	0.46133	0.04971	0	0.15774
V789	0.00892	0.17503	0	0.28523	0.53081
V790	0.24944	0.28727	0.04543	0.05464	0.36322
V791	0.16504	0.26375	0.0619	0.11346	0.39585
V792	0.85954	0.13597	0	0	0.00449
V793	0.28959	0.32987	0.03581	0.04285	0.30188
V794	0.01518	0.01107	0.10199	0.10546	0.7663
V795	0.11471	0.8658	0	0	0.01948
V796	0.28062	0.48971	0.10197	0.08958	0.03812
V797	0.11147	0	0	0.00188	0.88664
V798	0.11631	0.52128	0	0.04222	0.32019
V799	0.03358	0.22184	0.06014	0.58468	0.09977
V800	0.02315	0.00285	0.0077	0.07296	0.89335
V801	0.39421	0.10189	0.14233	0.31936	0.04221
V802	0.02703	0.17848	0.00187	0.00062	0.79199
V803	0.35179	0.09863	0	0.50528	0.0443
V804	0.2083	0.23018	0.23451	0.25841	0.0686
V805	0.15324	0.16	0.46188	0.10026	0.12461
V806	0.42314	0.0967	0.19156	0.01742	0.27119
V807	0.68664	0.06819	0.04836	0.00748	0.18932
V808	0.75429	0.10492	0.02879	0	0.11199
V809	0.17384	0.65063	0	0.00741	0.16811
V810	0.02681	0.06661	0.04091	0.33926	0.52641
V811	0.04322	0.09461	0.01249	0.06031	0.78937
V812	0.02933	0.67191	0.20673	0.04923	0.0428
V813	0.02766	0.19073	0.20708	0	0.57453
V814	0.19367	0.61664	0.05451	0.10381	0.03136
V815	0.20386	0.76138	0.00119	0.02553	0.00804
V816	0.02643	0.60867	0	0.31098	0.05392
V817	0.73542	0.12107	0.14351	0	0
V818	0.03838	0.19642	0.3462	0.01121	0.4078
V819	0.86275	0.13725	0	0	0
V820	0.07443	0.44352	0.13741	0.29469	0.04995
V821	0.00063	0	0	0.00617	0.99319
V822	0.23609	0.04498	0.01072	0.6967	0.01151
V823	0.04138	0.07167	0.20981	0	0.67714
V824	0.05661	0.02683	0.01274	0	0.90383
V825	0.16561	0	0.72346	0.11094	0
V826	0.05721	0	0.94111	0.00169	0
V827	0.33283	0.26545	0	0.26189	0.13983
V828	0.20773	0.18931	0.09191	0.01456	0.49648
V829	0.08767	0.09264	0.32006	0.10396	0.39567
V830	0.15219	0.0141	0.70095	0	0.13275
V831	0.03037	0.79712	0.0336	0.10351	0.0354
V832	0.19654	0.01207	0.06966	0.14589	0.57584
V833	0.16244	0.79125	0	0	0.04632
V834	0.70768	0.21209	0.01201	0	0.06821
V835	0.24966	0.36989	0.08745	0.17867	0.11433
V836	0.34203	0.13956	0.47184	0.04656	0
V837	0.03222	0.85302	0	0.02042	0.09434
V838	0	0	0.11898	0.84372	0.0373
V839	0.03196	0.02143	0.06606	0	0.88055
V840	0.86144	0.13401	0.00455	0	0
V841	0.21475	0.03573	0.74951	0	0
V842	0.52272	0.13186	0.21892	0.11661	0.00989
V843	0.401	0.08858	0.13943	0.02206	0.34894
V844	0.0309	0.14588	0.79416	0.00419	0.02486
V845	0.0229	0	0	0.49618	0.48092
V846	0.09446	0.04547	0.09227	0.02528	0.74252
V847	0.18152	0.02065	0.04429	0.06075	0.6928
V848	0.70584	0.10017	0	0.03644	0.15755
V849	0.1417	0.04433	0.70843	0	0.10554
V850	0.20618	0.05842	0.3037	0.08176	0.34994
V851	0.88345	0.11655	0	0	0
V852	0.22099	0.09057	0.07451	0.0951	0.51882
V853	0.0487	0.10983	0.65134	0.08674	0.10339
V854	0.04419	0.35269	0.2479	0.03588	0.31934
V855	0.10606	0.45823	0.0934	0.21999	0.12232
V856	0.13569	0.39565	0.03496	0	0.4337
V857	0.0816	0.05275	0.20415	0.30115	0.36036
V858	0.0253	0.35982	0.20731	0.13205	0.27553
V859	0.16502	0.03796	0.02542	0.6977	0.0739
V860	0.0452	0.19404	0.08545	0.56293	0.11239
V861	0.17393	0.05118	0.18303	0.57383	0.01803
V862	0.05739	0	0.01469	0.05344	0.87448
V863	0.03666	0.93016	0	0	0.03317
V864	0.05058	0	0.91759	0.03183	0
V865	0.10233	0.00383	0.7222	0.17165	0
V866	0.04887	0.04287	0.71405	0.16549	0.02871
V867	0.47634	0.09283	0	0	0.43083
V868	0.22398	0.2737	0.42149	0.05986	0.02097
V869	0.00617	0	0.01429	0.00884	0.97069
V870	0.25769	0.24557	0.07093	0.15152	0.27429
V871	0.03344	0.04412	0.09739	0.05312	0.77192
V872	0.40136	0.16036	0	0.36529	0.073
V873	0.05875	0.38119	0.17986	0.27759	0.10261
V874	0.07384	0.04408	0	0.00019	0.88188
V875	0.00944	0.21291	0.0169	0.37528	0.38546
V876	0.39058	0.13403	0.03782	0	0.43757
V877	0.21327	0.70221	0.01587	0.04945	0.0192
V878	0.03054	0.75491	0.03035	0.15778	0.02643
V879	0.84729	0.15271	0	0	0
V880	0.08081	0.10049	0.02615	0.31044	0.4821
V881	0.01958	0	0.51561	0	0.46481
V882	0.04787	0.58704	0	0.35955	0.00554
V883	0.48679	0.26375	0	0.10723	0.14223
V884	0	0	0	0.01037	0.98963
V885	0.16417	0.08216	0.40359	0.05649	0.2936
V886	0	0	0.02548	0.14241	0.83211
V887	0.07776	0.88192	0	0	0.04032
V888	0.06978	0.14494	0.0735	0.59741	0.11436
V889	0.10596	0.85303	0.01459	0.00643	0.01999
V890	0.04118	0.01068	0.19584	0.54723	0.20507
V891	0.01798	0.02783	0.95419	0	0
V892	0.55184	0.28915	0	0	0.15901
V893	0.1501	0.21037	0.52478	0.0374	0.07735
V894	0.09963	0.60277	0.03689	0.18838	0.07232
V895	0.65535	0.04557	0.29908	0	0
V896	0.21516	0.30635	0.26377	0.20879	0.00593
V897	0	0	0.05514	0.70385	0.241
V898	0.29969	0.07437	0	0	0.62594
V899	0.54009	0.36536	0.06059	0	0.03396
V900	0.25331	0.30346	0.29632	0.12256	0.02436
V901	0.66868	0.12663	0	0.10611	0.09857
V902	0.80592	0.13948	0	0.00535	0.04926
V903	0.30652	0.15409	0.079	0.39749	0.0629
V904	0.67488	0.16349	0.1515	0	0.01012
V905	0.0226	0.34377	0.06407	0.23537	0.33419
V906	0.1543	0.04371	0.48163	0.03048	0.28987
V907	0.70566	0.17055	0.05178	0.02164	0.05037
V908	0.02657	0.40968	0.04999	0.41297	0.10079
V909	0.01971	0.15227	0.01333	0.65765	0.15704
V910	0.64808	0.23855	0	0.02164	0.09173
V911	0.04725	0.2503	0.50996	0	0.19249
V912	0.0328	0.01335	0.15377	0.0317	0.76838
V913	0.17134	0.05047	0.09842	0.57159	0.10817
V914	0.75693	0.11354	0	0.06754	0.06199
V915	0.15839	0.20253	0.03336	0	0.60572
V916	0.73234	0.08628	0.10864	0	0.07274
V917	0.34688	0.10939	0	0	0.54373
V918	0.57394	0.18143	0.22816	0	0.01648
V919	0.40459	0.27927	0	0.18336	0.13279
V920	0.22798	0.03106	0.16643	0.55839	0.01614
V921	0.16094	0.20735	0.09641	0	0.53529
V922	0.04736	0	0.6808	0	0.27184
V923	0.1347	0.48846	0.00084	0.01873	0.35726
V924	0.48117	0.22258	0	0.1576	0.13865
V925	0.15559	0.13249	0.51479	0.10008	0.09704
V926	0.01478	0.00959	0	0.00906	0.96656
V927	0.5332	0.30741	0.10541	0.04229	0.01169
V928	0.11486	0.3024	0.22777	0.10411	0.25087
V929	0.04514	0.24308	0	0	0.71178
V930	0.06425	0.00072	0.0555	0	0.87953
V931	0.42277	0.21042	0	0.00658	0.36023
V932	0.04681	0.12271	0.0442	0.21506	0.57122
V933	0.28835	0.03781	0.04673	0.17367	0.45345
V934	0.64123	0.08508	0.27369	0	0
V935	0.55271	0.17131	0.12156	0.01539	0.13903
V936	0.33144	0.15278	0.1339	0.32491	0.05698
V937	0.12393	0.73671	0.0846	0.01528	0.03947
V938	0.07332	0.92639	0	0	0.00029
V939	0	0	0.00817	0.2143	0.77753
V940	0.5211	0.15563	0.06659	0.0115	0.24518
V941	0.01973	0.14123	0.14564	0.35335	0.34004
V942	0.71216	0.28784	0	0	0
V943	0.04168	0.08994	0.04567	0	0.82271
V944	0.36921	0.11802	0.13526	0.35736	0.02015
V945	0.06072	0.25693	0.60075	0.01307	0.06852
V946	0.04216	0.46627	0.48773	0	0.00384
V947	0.32524	0.11629	0.00606	0.04816	0.50425
V948	0.06689	0.75704	0.0166	0.07201	0.08745
V949	0.80269	0.19155	0.00576	0	0
V950	0.08835	0.02306	0.03283	0.83572	0.02004
V951	0.33694	0.07776	0	0.395	0.1903
V952	0.15301	0.0599	0.05649	0.53022	0.20038
V953	0.4706	0.22201	0	0.25652	0.05086
V954	0.22481	0.56315	0.05064	0.02911	0.13229
V955	0.09266	0.00431	0.65035	0.24642	0.00626
V956	0.03576	0.54955	0.09951	0.27631	0.03888
V957	0.09567	0.80226	0.03937	0.04168	0.02103
V958	0.042	0.878	0	0.02652	0.05348
V959	0.09322	0	0.84061	0.03147	0.0347
V960	0.49141	0.13254	0.14362	0.04536	0.18706
V961	0.04321	0.88313	0	0	0.07366
V962	0.15671	0.11573	0	0.01328	0.71428
V963	0.0318	0	0.53929	0.38893	0.03998
V964	0.02546	0	0.96148	0	0.01306
V965	0.00224	0	0.54929	0.3671	0.08136
V966	0.03367	0	0.49944	0.04197	0.42492
V967	0.29957	0.53603	0	0	0.1644
V968	0.04535	0.93828	0	0.00433	0.01204
V969	0.11357	0.52421	0.13906	0.07502	0.14814
V970	0.16109	0.36173	0.45886	0	0.01831
V971	0.70505	0.10341	0.18575	0	0.00579
V972	0.06923	0.88768	0	0.0319	0.0112
V973	0.0558	0.01144	0.62158	0.1639	0.14728
V974	0.02924	0.72717	0.10238	0.07109	0.07012
V975	0.0365	0.95694	0	0.00491	0.00165
V976	0.00915	0	0	0.04211	0.94873
V977	0.01877	0.12646	0.14906	0.07576	0.62995
V978	0.34335	0.21972	0.21534	0.06957	0.15202
V979	0.81939	0.18061	0	0	0
V980	0.28476	0.16714	0.11482	0.05672	0.37655
V981	0.05788	0.04427	0.04656	0.00437	0.84693
V982	0.34664	0.47094	0.10851	0	0.0739
V983	0.59707	0.25725	0	0	0.14569
V984	0.18115	0.07182	0.1458	0.47055	0.13068
V985	0.03314	0.1023	0.12644	0.72346	0.01466
V986	0.46875	0.14945	0.37091	0	0.01089
V987	0.051	0.17678	0.72541	0.03277	0.01403
V988	0.09273	0.04882	0.60403	0.2121	0.04233
V989	0.01482	0.02567	0	0.00818	0.95132
V990	0.09058	0.39054	0	0.06616	0.45272
V991	0.04205	0.08212	0.09212	0.00327	0.78044
V992	0.7936	0.2064	0	0	0
V993	0.02484	0.0041	0.60363	0.09415	0.27328
V994	0.0363	0.93522	0	0.01633	0.01215
V995	0.01708	0.09903	0.62394	0.06675	0.19321
V996	0.01778	0	0.10295	0.4502	0.42907
V997	0.19224	0.09665	0.13584	0	0.57526
V998	0.01799	0.06911	0	0.8074	0.1055
