CD56NK	CD4MemoryT	CD19B	CD14
V1	0.16199	0.01464	0.18347	0.6399
V2	0.02024	0.05104	0.02297	0.90575
V3	0.01222	0.4854	0.00686	0.49552
V4	0.53789	0.32438	0.00086	0.13687
V5	0.02636	0.44208	0.20964	0.32191
V6	0.02079	0.90025	0.02066	0.0583
V7	0.02555	0.27831	0.05582	0.64032
V8	0.0427	0.00068	0.86074	0.09588
V9	0.03817	0.17579	0.02256	0.76347
V10	0.00582	0	0.86176	0.13242
V11	0.06431	0.43506	0.4771	0.02354
V12	0.008	0.60877	0.34233	0.0409
V13	0.08026	0.84636	0.00601	0.06737
V14	0.01831	0.95733	0.00531	0.01904
V15	0.02728	0.55439	0.1018	0.31654
V16	0.60235	0.1461	0.05761	0.19394
V17	0.02354	0.90519	0.01269	0.05858
V18	0.22215	0.56244	0.06776	0.14764
V19	0.04505	0.9079	0.00552	0.04152
V20	0.02921	0.3679	0.0125	0.59039
V21	0.04227	0.04438	0.81819	0.09516
V22	0.00225	0.04809	0.10038	0.84928
V23	0.14272	0.04551	0.78179	0.02998
V24	0.76679	0.12807	0.10016	0.00498
V25	0.07968	0.2368	0.11456	0.56896
V26	0.10077	0.42338	0.01864	0.45721
V27	0.01205	0.02616	0.00394	0.95784
V28	9e-05	0.01208	0.98768	0.00015
V29	0.16356	0.03102	0.68671	0.11871
V30	0.02061	0.16669	0.19439	0.61831
V31	0.04214	0.17056	0.23865	0.54865
V32	0.00899	0.01063	0.00821	0.97217
V33	0.01301	0.47406	0.30588	0.20705
V34	0.04251	0.02123	0.84057	0.09569
V35	0.04554	0.78714	0.08336	0.08396
V36	0.0013	0.0177	0.3105	0.6705
V37	0.15025	0.08341	0.09774	0.6686
V38	0.10387	0.00315	0.15452	0.73846
V39	0.03963	0.54598	0.11464	0.29975
V40	0.02827	0.89726	0.07447	0
V41	0.00144	0.5358	0.03225	0.43052
V42	0.03696	0.01909	0.13538	0.80857
V43	0.03931	0.37513	0.49639	0.08917
V44	0.00478	0.0515	0.59644	0.34728
V45	0.02564	0.58389	0.1945	0.19597
V46	0.48144	0.19619	0.27656	0.04582
V47	0.15738	0.27063	0.40629	0.1657
V48	0.44631	0.41598	0.01466	0.12305
V49	0.3182	0.35956	0	0.32224
V50	0.01896	0.88153	0.08035	0.01916
V51	0.09622	0.5146	0.2901	0.09908
V52	0.00894	0.09796	0.80539	0.08772
V53	0.3983	0.28886	0.31038	0.00246
V54	0.1538	0.27845	0.48265	0.0851
V55	0.04207	0.10643	0.1844	0.6671
V56	0.00487	0.00542	0.03437	0.95534
V57	0.02705	0.91203	0.02145	0.03947
V58	0.19347	0.01636	0.04719	0.74298
V59	0.146	0.56393	0.13596	0.15411
V60	0.02731	0.12548	0.25171	0.5955
V61	0.39351	0.22895	0.02466	0.35288
V62	0.60065	0.12028	0.17924	0.09984
V63	0.00482	0.82985	0.10898	0.05635
V64	0.00169	0.74194	0	0.25636
V65	0.00054	0.00082	0.03817	0.96047
V66	0.05862	0.75248	0.02052	0.16838
V67	0.0471	0.37636	0.5285	0.04804
V68	0.02326	0.09416	0.00971	0.87288
V69	0.00829	0.31151	0.55461	0.12559
V70	0.17889	0.212	0.22577	0.38334
V71	0.03402	0.05545	0.29855	0.61198
V72	0.17922	0.2143	0.11556	0.49091
V73	0.03949	0.62895	0.13101	0.20055
V74	0.01906	0.23694	0.74398	3e-05
V75	0.30707	0.01341	0.31387	0.36564
V76	0	0.10122	0.09662	0.80216
V77	0.00599	0.18008	0.00019	0.81374
V78	0.06723	0.10452	0.15501	0.67324
V79	0.00254	0.07913	0.71415	0.20419
V80	0.11194	0.01322	0.61282	0.26203
V81	0.01907	0.1636	0.79479	0.02254
V82	2e-05	0.04525	0.9321	0.02263
V83	0.01971	0.11394	0.04072	0.82563
V84	0.09237	0.04391	0.14479	0.71893
V85	0.02631	0.28932	0.33114	0.35323
V86	0.01547	0.03021	0.8405	0.11382
V87	0.00945	0.79256	0.04903	0.14896
V88	0.02834	0.04014	0.17982	0.7517
V89	0.00222	0.00477	0.09915	0.89386
V90	0.00747	0.90218	0.05256	0.03778
V91	0.01001	0.74236	0.17045	0.07718
V92	0.14125	0.02503	0.44587	0.38785
V93	0.47803	0.05679	0	0.46519
V94	0.00268	0.29922	0.00977	0.68832
V95	0.06529	0.45302	0.15027	0.33142
V96	0.01023	0.05653	0.00895	0.92429
V97	0.34508	0.22519	0.3899	0.03983
V98	0.32242	0.605	0	0.07258
V99	0.48736	0.12952	0.33666	0.04647
V100	0.02578	0.00989	0.89385	0.07048
V101	0.00051	0.01111	0	0.98838
V102	0.67277	0.19492	0.0224	0.10991
V103	0.00058	0.0206	0.03914	0.93969
V104	0.00744	0.96895	0.00515	0.01846
V105	0.01564	0.95245	0.01313	0.01878
V106	0.03413	0.55076	0.30828	0.10682
V107	0.05529	0.22584	0.57754	0.14133
V108	0.04372	0.86009	0.09619	0
V109	0.00426	0.12687	0.43621	0.43267
V110	0.01559	0.89044	0.03645	0.05751
V111	0.69839	0.03525	0.20793	0.05843
V112	0.0278	0.04613	0.33384	0.59223
V113	0.0311	0.07409	0.11387	0.78095
V114	0.03782	0.03143	0.04892	0.88183
V115	0.00227	0.77455	0.20437	0.01881
V116	0.03304	0.29442	0.31235	0.36019
V117	0.2943	0.4767	0.06376	0.16525
V118	0.03468	0.52731	0.02984	0.40817
V119	0.01614	0.04536	0.02319	0.91532
V120	0.02581	0.05688	0.86998	0.04733
V121	0.18392	0.17734	0.11643	0.52231
V122	0.763	0.06786	0.04881	0.12033
V123	0.0011	0.37118	0.02761	0.60011
V124	0.26943	0.51268	0	0.21789
V125	0.12721	0.57653	0.21753	0.07873
V126	0.00548	0.08502	0.02242	0.88709
V127	0.02724	0.03199	0.16717	0.77361
V128	0.00345	0.00541	0.04811	0.94302
V129	0.23443	0.39377	0.24554	0.12625
V130	0.00237	0.68055	0.29804	0.01904
V131	0.00681	0.83179	0	0.1614
V132	0.69303	0.05764	0.08713	0.1622
V133	0.65948	0.08054	0.15188	0.1081
V134	0.02232	0.32432	0.09565	0.55772
V135	0.01176	0.01013	0.0916	0.88651
V136	0.04922	0.36086	0.00796	0.58196
V137	0.28147	0.0689	0.3848	0.26483
V138	0.04865	0.39383	0.15553	0.402
V139	0.0855	0.21248	0.17993	0.52209
V140	0.00342	0.04669	0.02073	0.92917
V141	0.01659	0.12923	0.41232	0.44187
V142	0.50245	0.02402	0.47044	0.00309
V143	0.11345	0.28792	0.06881	0.52982
V144	0.02924	0.11921	0.11576	0.73579
V145	0	0.77833	0.20302	0.01865
V146	0.00611	0.00587	0.00847	0.97954
V147	0.60419	0.09754	0.05741	0.24086
V148	0.03018	0.05984	0.4658	0.44419
V149	0.08109	0.65043	0.2445	0.02399
V150	0.02632	0.24851	0.53215	0.19302
V151	0.0512	0.63491	0.03407	0.27981
V152	0.0633	0.48664	0.21439	0.23567
V153	0.02611	0.7163	0.01758	0.24001
V154	0.07231	0.54925	0.28456	0.09388
V155	0.15606	0.19682	0.34413	0.30299
V156	0.01044	0.12509	0.58317	0.2813
V157	0.07499	0.15642	0.28141	0.48718
V158	0.00051	0.00119	0.00449	0.9938
V159	0.53932	0.19747	0.00045	0.26276
V160	0.23394	0.01998	0.08614	0.65994
V161	0.02991	0.00698	0.01452	0.9486
V162	0.01229	0.20409	0.04826	0.73536
V163	0.0219	0.42436	0.13171	0.42203
V164	0.08164	0.31362	0.09775	0.507
V165	8e-04	0.16545	0	0.83375
V166	0.00066	0.05478	0.03177	0.91279
V167	0.06108	0.00299	0.00124	0.93469
V168	0.08074	0.67163	0.08821	0.15941
V169	0.02615	0.0343	0.01858	0.92097
V170	0.02477	0.01361	0.40358	0.55805
V171	0.03946	0.26838	0.57855	0.11361
V172	0.39901	0.0182	0.53982	0.04297
V173	0.00382	0.08558	0.01789	0.89271
V174	0.00218	0.09487	0.03607	0.86689
V175	0.01932	0	0.68986	0.29082
V176	0.00221	0.82693	0.15244	0.01841
V177	0.00215	0.96107	0	0.03678
V178	0.00154	0.6413	0.00209	0.35507
V179	0.0318	0.00676	0.28806	0.67338
V180	0.00765	0.92155	0.07079	0
V181	0.04213	0.12906	0.47646	0.35235
V182	0.09281	0.22566	0.50405	0.17748
V183	0.05201	0.92104	0.00597	0.02098
V184	0.90769	0.05228	0.03371	0.00631
V185	0.23083	0.71524	0.02242	0.03151
V186	0.02955	0.46747	0.22557	0.27741
V187	0.77103	0.06792	0.09869	0.06236
V188	0.00953	0.14864	0	0.84183
V189	0.34889	0.05828	0.03368	0.55916
V190	0.3365	0.03036	0.59352	0.03962
V191	0.05596	0.24207	0.5843	0.11767
V192	0.07454	0.48205	0.05041	0.393
V193	0.21495	0.05714	0.318	0.4099
V194	0.00989	0.92933	0.00467	0.05612
V195	0.00314	0.01013	0.96378	0.02295
V196	0.00052	0.03604	7e-05	0.96336
V197	0.07799	0.04177	0.01716	0.86308
V198	0.01933	0.51004	0.33077	0.13985
V199	0.02501	0.01734	0.10456	0.85309
V200	0.02588	0.48488	0.01414	0.47509
V201	0.02365	0.51651	0.15938	0.30046
V202	0.00474	0.00642	0.62117	0.36768
V203	0.04939	0.49045	0.39367	0.06648
V204	0.00094	0.36211	0.00043	0.63653
V205	0.00615	0.04406	0.90406	0.04573
V206	0.01611	0.09231	0.86867	0.02291
V207	0.02012	0.12919	0.03053	0.82017
V208	0.08573	0.07621	0.78473	0.05333
V209	0.07601	0.49174	0.069	0.36324
V210	0.02348	0.77297	0.08582	0.11773
V211	0.08125	0.01472	0.02297	0.88106
V212	0.20914	0.06471	0.63071	0.09544
V213	0.20241	0.05061	0.13606	0.61093
V214	0.07582	0.15937	0.14607	0.61874
V215	0.04681	0.07285	0.01055	0.86979
V216	0.0032	0.00115	0.0043	0.99136
V217	0.01154	0.42161	0.17642	0.39043
V218	0.02143	0.38144	0.12877	0.46836
V219	0.02293	0.54812	0.00814	0.42081
V220	0.00164	0.7083	0.00247	0.28759
V221	0.31816	0.02796	0.00827	0.64561
V222	0.08313	0.14543	0.35027	0.42117
V223	0.00251	0.13292	0.67967	0.1849
V224	0.85978	0.04899	0.08541	0.00582
V225	0.01593	0.91093	0.05426	0.01888
V226	0.10591	0.10786	0.73043	0.0558
V227	0.47011	0.02135	0.41988	0.08866
V228	0.35604	0.1434	0.11929	0.38127
V229	0.00608	0.00919	0.91663	0.0681
V230	0.00049	0.0107	0.00425	0.98456
V231	0.00249	0.17381	0.06014	0.76356
V232	0.01019	0.5169	0	0.47292
V233	0.18674	0.13124	0.24866	0.43336
V234	0.00996	0.92407	0.02837	0.0376
V235	0.13442	0.08295	0.67135	0.11128
V236	0.01462	0.05993	0.73052	0.19492
V237	0.02284	0.00669	0.01466	0.95581
V238	0.03647	0.59319	0.24461	0.12573
V239	0.01225	0.27715	0.01003	0.70058
V240	0.18433	0.05917	0.57776	0.17874
V241	0.00567	0	0.82038	0.17395
V242	0.03659	0.83006	0.09243	0.04092
V243	0.07609	0.04436	0.66246	0.21709
V244	0.06134	0.00133	0.70005	0.23729
V245	0.22989	0.48186	0.07942	0.20883
V246	0.01845	0.158	0.75663	0.06692
V247	0.05584	0.01316	0.93061	0.00039
V248	0.0019	0.01547	0.01662	0.96601
V249	0	0.02831	0.80176	0.16993
V250	0.45142	0.02114	0.48169	0.04575
V251	0.73526	0.18005	0.02485	0.05984
V252	0.00228	0.86059	0.13713	0
V253	0.08017	0.07001	0.14231	0.70751
V254	0.00217	0.93543	0.04425	0.01815
V255	0.01238	0.89442	0	0.09321
V256	0.04968	0.23645	0.49658	0.21728
V257	0.10957	0.11159	0.22747	0.55137
V258	0.0455	0.27412	0.3821	0.29828
V259	0.01127	0.30702	0.5757	0.10601
V260	0	0.30139	0.67782	0.02079
V261	0.20523	0.05494	0.25518	0.48466
V262	0.01231	0.03179	0.00401	0.95189
V263	0.00469	0.94009	0	0.05522
V264	0.0349	0.03102	0.34675	0.58732
V265	0.0035	0.00091	0.06211	0.93348
V266	0.30062	0.68486	0.01279	0.00173
V267	0	0.12399	0.17674	0.69928
V268	0.07634	0.02309	0.10934	0.79123
V269	0.0022	0.54705	0.33387	0.11687
V270	0.26238	0.05061	0.37146	0.31555
V271	0.3721	0.14903	0.06484	0.41403
V272	0.01436	0.76469	0.01007	0.21088
V273	0.00609	0.01053	0.01238	0.97099
V274	0.29188	0.01249	0.28604	0.40958
V275	5e-05	0.01056	0.9664	0.02299
V276	0.14673	0.42866	0.01324	0.41137
V277	0.00622	0.1296	0.08776	0.77642
V278	0.00565	0.03114	0.14909	0.81412
V279	0.25862	0.10399	0.16229	0.4751
V280	0.00051	0.00119	0.00449	0.9938
V281	0.15655	0.04304	0.14932	0.65109
V282	0.0179	0.06257	0.76665	0.15287
V283	0.05048	0.57609	0.05768	0.31575
V284	0.00751	0.921	0.05302	0.01847
V285	0.02334	0.00068	0.97577	0.00021
V286	0.06531	0.59422	0.10896	0.23152
V287	0.02618	0.90174	0.01278	0.0593
V288	0.00396	0.22875	0.30847	0.45881
V289	0.08223	0.26502	0.43909	0.21367
V290	0.51657	0.44394	0.03642	0.00307
V291	0.19425	0.1115	0.63037	0.06389
V292	0.61253	0.05214	0.00094	0.33439
V293	0.09999	0.01328	0.7558	0.13093
V294	0.01477	0.24818	0	0.73704
V295	0.00254	0.11008	0.10457	0.7828
V296	0.05062	0.13269	0.58832	0.22838
V297	0.00917	0.00107	0.03001	0.95975
V298	0.10214	0.13517	0.70723	0.05545
V299	0.0115	0.17731	0.00477	0.80642
V300	0	0.01484	0.11262	0.87255
V301	0.03338	0.1118	0.57309	0.28173
V302	0.29009	0.64123	0	0.06868
V303	0	0.59513	0.32846	0.07641
V304	0.01543	0.01506	0.60762	0.36188
V305	0.02658	0.13893	0.35453	0.47996
V306	0.42365	0.23224	0.10902	0.23509
V307	0.00475	0.94575	0.01247	0.03704
V308	0.04942	0.2154	0.24486	0.49032
V309	0.07304	0.29985	0.0223	0.60481
V310	0.01516	0.23194	0.09696	0.65594
V311	0.19351	0.76735	0.00958	0.02956
V312	0.02785	0.77745	0.13449	0.06022
V313	0	0.0571	0.004	0.93889
V314	0.0034	0.36344	0.07438	0.55878
V315	0.02545	0.55015	0.02884	0.39556
V316	0.07927	0.14669	0.37278	0.40126
V317	0.02017	0.61606	0.03687	0.32691
V318	0.00712	0.40515	0.00588	0.58186
V319	0.01875	0.05403	0.83682	0.0904
V320	0.02108	0.13867	0.55	0.29026
V321	0.29274	0.6932	0.01242	0.00164
V322	0.03335	0.25938	0.05092	0.65634
V323	0.00644	0.01019	0.03911	0.94426
V324	0.29372	0.48225	0.12174	0.10229
V325	0.09277	0.81796	0.06559	0.02368
V326	0	0.42471	0.06074	0.51455
V327	0.00219	0.08286	0.05035	0.86459
V328	0.01301	0.01472	0.59936	0.37291
V329	0.02565	0.07706	0.10144	0.79585
V330	0.09739	0.01056	0.318	0.57405
V331	0.05748	0.06884	0.02797	0.84571
V332	0.00067	0.02574	0.08908	0.88451
V333	0.12855	0.09682	0.44477	0.32985
V334	0.08487	0.00953	0.32351	0.58209
V335	0.00734	0.31065	0.41364	0.26837
V336	0.04432	0.70459	0.01862	0.23248
V337	0.08472	0.5021	0.31647	0.09671
V338	0	0.97661	0.00524	0.01815
V339	0.04107	0.00081	0.93346	0.02466
V340	0.01435	0.19991	0.40434	0.3814
V341	0.0019	0.01523	0.0249	0.95797
V342	0.0695	0.00152	0.58891	0.34006
V343	0.80391	0.10325	0.02782	0.06503
V344	0.33812	0.32419	0.33574	0.00195
V345	0.00322	0.0113	0.98534	0.00014
V346	0.04732	0.10386	0.2309	0.61792
V347	0.00549	0.00551	0.06203	0.92698
V348	0.01433	0.5838	0.11428	0.28759
V349	0.09675	0.19967	0.41064	0.29294
V350	0.00781	0.83495	0.15724	0
V351	0.00272	0.01587	0.22313	0.75828
V352	0.0148	0.00813	0.78325	0.19382
V353	0.50662	0.07848	0.07996	0.33494
V354	0.01319	0.69487	0.19537	0.09658
V355	0.06787	0.07706	0.419	0.43607
V356	0.00345	0.0102	0.04361	0.94274
V357	0.02402	0.28543	0.20964	0.48091
V358	0.14202	0.12602	0.05259	0.67937
V359	0.15211	0.07091	0.03455	0.74242
V360	0.20846	0.69797	0.03298	0.0606
V361	0	0.47493	0.50498	0.02009
V362	0	0.96896	0.01292	0.01812
V363	0.03567	0.10525	0.3741	0.48497
V364	0.04431	0.06196	0.65147	0.24226
V365	0.04053	0.01983	0.00584	0.9338
V366	0.01833	0.61032	0.06746	0.3039
V367	0.15433	0.17007	0.00364	0.67196
V368	0.0221	0.70074	0.07327	0.20389
V369	0.00566	0.42873	0.54513	0.02048
V370	0.09093	0.35078	0.45866	0.09963
V371	0.04857	0.75804	0.02841	0.16498
V372	0.02346	0.03538	0.06849	0.87268
V373	0.01809	0.11596	0.35352	0.51244
V374	0.47275	0.0428	0.48145	0.00301
V375	0.00546	0.02102	0.07053	0.90299
V376	0.00344	0.01534	0.04327	0.93795
V377	0.28162	0.01367	0.01725	0.68747
V378	0.00097	0.01583	0.22794	0.75526
V379	0.06291	0.17106	0.00733	0.75871
V380	0.022	0.04874	0.11687	0.81239
V381	0.27263	0.03584	0.13492	0.5566
V382	0.02674	0.02229	0.92696	0.02401
V383	0.38823	0.03018	0.09185	0.48974
V384	0.15891	0.10107	0.14476	0.59526
V385	0.49051	0.05732	0.16583	0.28634
V386	0.04803	0.01271	0.09208	0.84718
V387	0.21697	0.23471	0.26027	0.28805
V388	0.09539	0.36974	0.14717	0.38771
V389	0.12428	0.66805	0.01487	0.1928
V390	0.09457	0.34011	0.53942	0.0259
V391	0.08032	0.09312	0.01289	0.81367
V392	0.11127	0.25507	0.16762	0.46604
V393	0.07159	0.25182	0.33256	0.34404
V394	0.01476	0.14773	0.06281	0.7747
V395	0.04916	0.3841	0.17277	0.39397
V396	0.00212	0.93825	0.00466	0.05497
V397	0.39275	0.20767	0.20651	0.19307
V398	0.10805	0.14506	0.08941	0.65748
V399	0.04733	0.56855	0.14101	0.24311
V400	0	0.43116	0.04127	0.52757
V401	0.01107	0.15512	0.64394	0.18987
V402	0.46351	0.44615	0.08764	0.0027
V403	0.00191	0.01015	0.02929	0.95865
V404	0.02559	0.20271	0.54455	0.22715
V405	0.03248	0.02413	0.10136	0.84202
V406	0.23184	0.40171	0.02902	0.33744
V407	0	0.97661	0.00524	0.01815
V408	0.0202	0.20955	0.29892	0.47132
V409	0	0.00585	0.0045	0.98966
V410	0.02354	0.88868	0.029	0.05878
V411	0.08089	0.0091	0	0.91001
V412	0.03419	0.06749	0.39744	0.50088
V413	0.01331	0.39919	0.13288	0.45462
V414	0.0095	0.46292	0.26657	0.26101
V415	0.112	0.03833	0.22337	0.62631
V416	0.00314	0.07036	0.92645	5e-05
V417	0.1226	0.84478	0.00766	0.02497
V418	0.0105	0.06121	0.07192	0.85638
V419	0.00051	0.00104	0.00844	0.99001
V420	0	0.80137	0.00996	0.18867
V421	0.04267	0.03833	0.63147	0.28753
V422	0.00472	0.03114	0	0.96414
V423	0.02578	0.00989	0.89385	0.07048
V424	0	0.03631	0.43781	0.52588
V425	0.01629	0.23627	0.50662	0.24083
V426	0.02661	0.0397	0.75167	0.18202
V427	0.01522	0.32639	0.13918	0.51922
V428	0.02209	0.73981	0.04947	0.18864
V429	0.00056	0.00126	0.01319	0.98499
V430	0.33188	0.33337	0.03544	0.29931
V431	0.03704	0.02288	0.36463	0.57546
V432	0.01494	0.05638	0.02292	0.90576
V433	0.01334	0.61997	0	0.36669
V434	0.05455	0.06001	0.03302	0.85242
V435	0.13208	0.02024	0.11774	0.72993
V436	0.06871	0.01497	0.08446	0.83186
V437	0.03296	0.16133	0.00042	0.80528
V438	0.17439	0.21484	0.04042	0.57035
V439	0.00338	0.05209	0	0.94454
V440	0.10068	0.03975	0.02632	0.83326
V441	0.01733	0.11579	0.46309	0.40379
V442	0.07536	0.35587	0.12746	0.44131
V443	0.2783	0.02385	0.13622	0.56164
V444	0.00322	0.0113	0.98534	0.00014
V445	0.27315	0.03879	0.55214	0.13592
V446	0.0094	0.77842	0.04838	0.1638
V447	0.22774	0.16321	0.25391	0.35514
V448	0.00222	0.03657	0.09478	0.86642
V449	0.19957	0.06845	0.38844	0.34355
V450	0.03895	0.94653	0.01452	0
V451	0.65299	0.18876	0.00176	0.1565
V452	0.00331	0.00538	0.0294	0.96191
V453	0.41128	0.18471	0.137	0.26701
V454	0	0.9195	0.04364	0.03686
V455	0.24341	0.06321	0.44598	0.24739
V456	0.08446	0.13681	0.37508	0.40365
V457	0	0.01105	4e-04	0.98855
V458	0.04008	0.16508	0.00049	0.79435
V459	0.00442	0.72449	0.0776	0.1935
V460	0.72978	0.06266	0.0924	0.11516
V461	0.00612	0.01602	0.00012	0.97774
V462	0.06514	0.21496	0	0.71989
V463	0.06323	0.50771	0.15449	0.27458
V464	0.11336	0.10595	0.00226	0.77843
V465	0.10369	0.4853	0.02832	0.38269
V466	0.16523	0.24183	0.00422	0.58873
V467	0.09121	0.70043	0.09244	0.11592
V468	0.16554	0.57658	0.07045	0.18743
V469	0.00318	0.12747	0.18134	0.68802
V470	0.16668	0.17243	0.21127	0.44962
V471	0.03971	0.07812	0.02083	0.86133
V472	0.06662	0.30307	0	0.63031
V473	0.02908	0.58917	0.31862	0.06313
V474	0.01622	0.00109	0.0535	0.92919
V475	0.03394	0.35003	0.06287	0.55316
V476	0.02247	0.01168	0.02881	0.93703
V477	0.19079	0.06425	0.25586	0.48911
V478	0.02572	0.50242	0.00187	0.46999
V479	0.00544	0.0795	0.71002	0.20505
V480	0.01282	0.19771	0.02397	0.7655
V481	0.04701	0.01153	0.89126	0.05019
V482	0.30668	0.32485	0.19721	0.17126
V483	0.01839	0.07331	0.04072	0.86758
V484	0.00188	0.03552	0.00796	0.95463
V485	0.02693	0.68129	0.0097	0.28208
V486	0.05501	0.25085	0.10669	0.58745
V487	0.01041	0.02772	0.04291	0.91895
V488	0	0	0.75828	0.24172
V489	0.06631	0.12515	0.75722	0.05133
V490	0.0768	0.3138	0.06226	0.54714
V491	0.14017	0.61927	0.04525	0.19532
V492	0.00764	0.85356	0.12015	0.01864
V493	0.00054	0.00143	0	0.99803
V494	0.05	0.16784	0.47629	0.30586
V495	0.06402	0.72119	0.148	0.06679
V496	0.07681	0.79281	0	0.13038
V497	0.00316	0	0.97372	0.02312
V498	0.05053	0.08201	0.0332	0.83426
V499	0.26724	0.49341	0.20562	0.03372
V500	0.03136	0.1351	0.72019	0.11335
V501	0	0.00103	0.0127	0.98627
V502	0.2053	0.45405	0.22129	0.11936
V503	0.03214	0.07684	0.13155	0.75947
V504	0.06209	0.75685	0.01249	0.16857
V505	0.03892	0.19827	0.2027	0.56011
V506	0.02145	0.23143	0.35364	0.39348
V507	0.18731	0.15537	0.15374	0.50358
V508	0.34292	0.36069	0.08334	0.21305
V509	0.05378	0.06302	0.43296	0.45024
V510	0.06754	0.63118	0.27783	0.02344
V511	0.00863	0.28473	0.02558	0.68106
V512	0.03576	0.03762	0.04868	0.87794
V513	0.02083	0.63437	0.18629	0.15851
V514	0.00053	0.03149	0	0.96798
V515	0.31247	0.13048	0.08227	0.47479
V516	0.64676	0.29675	0.00213	0.05437
V517	0.00557	0.01481	0.12655	0.85307
V518	0.77254	0.16114	0.00339	0.06292
V519	0.00667	0.78011	0.00303	0.21019
V520	0.00641	0	0.44205	0.55154
V521	0.2347	0.08219	0.55381	0.12931
V522	0.0017	0.105	0.41087	0.48243
V523	0.08302	0.13763	0.23644	0.5429
V524	0.00214	0.75452	0.16758	0.07577
V525	0.03761	0.15051	0.01555	0.79633
V526	0.19411	0.12252	0.09261	0.59076
V527	0.04154	0.0225	0.31893	0.61703
V528	0.02517	0.85781	0	0.11702
V529	0.00896	0.03722	0.1119	0.84192
V530	0.00229	0.20052	0.56573	0.23145
V531	0.00502	0.89117	0.10381	0
V532	0.02784	0.25226	0.01732	0.70258
V533	0.06167	0.34625	0.12017	0.4719
V534	0.00184	0.00584	0.52015	0.47217
V535	0.12149	0.00521	0.00822	0.86509
V536	0.03642	0.00067	0.28303	0.67989
V537	0.24197	0.45456	0.23831	0.06517
V538	0.10142	0.05895	0.07285	0.76678
V539	0.06529	0.45302	0.15027	0.33142
V540	0.05346	0.7652	0.07482	0.10651
V541	0.00313	0.36992	0.0397	0.58726
V542	0.03604	0.11331	0.1888	0.66185
V543	0.44608	0.0368	0.02619	0.49093
V544	0.01584	0.05908	0.0951	0.82998
V545	0.06994	0.13276	0.05465	0.74266
V546	0.01315	0.90582	0.06227	0.01877
V547	0.01054	0.66532	0.28338	0.04076
V548	0.0436	0.85007	0.08565	0.02068
V549	0.111	0.04064	0.79122	0.05713
V550	0.14601	0.0394	0	0.81459
V551	0.0468	0.77296	0.03714	0.1431
V552	0	0.34959	0.00038	0.65002
V553	0.07154	0.1888	0.66577	0.07388
V554	0.00645	0.04737	0.00805	0.93813
V555	0.01969	0.19675	0.24853	0.53503
V556	0	0.01974	0.892	0.08826
V557	0.32274	0.07068	0.01984	0.58673
V558	0.01631	0.70468	0.0237	0.25531
V559	0.00229	0.82518	0.17253	0
V560	0.31775	0.64601	0	0.03624
V561	5e-05	0.01056	0.9664	0.02299
V562	0.35277	0.02889	0.20933	0.409
V563	0.08147	0.00275	0.88902	0.02676
V564	0.019	0.0793	0.85525	0.04645
V565	0.02663	0.23652	0.29372	0.44314
V566	0.22413	0.15327	0.00539	0.61721
V567	0.04314	0.39867	0.02099	0.5372
V568	0.03295	0.00678	0.02928	0.93099
V569	0.20281	0.0482	0	0.74899
V570	0.00808	0.29472	0.53136	0.16584
V571	0.40914	0.29394	0	0.29692
V572	0.13639	0.01486	0.52349	0.32525
V573	0.00858	0.10295	1e-05	0.88846
V574	0.01018	0.7945	0.15627	0.03905
V575	0.00223	0.04924	0.06104	0.88749
V576	0.04256	0.87676	0.0394	0.04127
V577	0.0055	0.02561	0.10481	0.86408
V578	0.01499	0.05936	0.53288	0.39278
V579	0.00214	0.85787	0.084	0.05598
V580	0.0201	0.00589	0.0582	0.9158
V581	0.00765	0.04177	0	0.95058
V582	0.16198	0.19559	0.03884	0.60358
V583	0.00168	0.03633	0.42155	0.54043
V584	0.19316	0.25554	0.40234	0.14896
V585	0.001	0.00471	0.25559	0.7387
V586	0.07031	0.01059	0.66357	0.25553
V587	0.08901	0.01279	0.79486	0.10333
V588	0.18005	0.06583	0.02829	0.72583
V589	0.0149	0.77742	0.05721	0.15047
V590	0.01357	0.79141	0.17589	0.01913
V591	0	0.02041	0.09832	0.88128
V592	0.05175	0.03777	0.91013	0.00035
V593	0.16955	0.00685	0.20618	0.61742
V594	0.1001	0.37549	0.37633	0.14808
V595	0.00192	0.01119	0.00448	0.9824
V596	0.00742	0.20413	0.14133	0.64712
V597	0	0.53831	0.27637	0.18533
V598	0.00597	0.12367	0.82563	0.04472
V599	0.25185	0.5634	0.05939	0.12536
V600	0.09519	0.53468	0.05568	0.31444
V601	0.0267	0.21372	0.05468	0.7049
V602	0.00182	0.01085	0.00018	0.98714
V603	8e-04	0.23227	0.0046	0.76233
V604	0.19318	0.20115	0.48411	0.12157
V605	0.01678	0.2923	0.3064	0.38451
V606	0.28102	0.27669	0.01863	0.42366
V607	0.19899	0.02803	0.13548	0.6375
V608	0.04709	0.15826	0.32178	0.47288
V609	0.0052	0.17242	0.1478	0.67458
V610	0.3127	0.05411	0.14957	0.48362
V611	0.04602	0.00747	0.03281	0.9137
V612	0.00847	0.09237	0.72886	0.1703
V613	0.01114	0.35024	0.53329	0.10534
V614	0.29831	0.12627	0.07955	0.49586
V615	0.01694	0.03408	0.00021	0.94877
V616	0.01763	0.60952	0.03634	0.3365
V617	0.18411	0.27273	0.54208	0.00108
V618	0.22461	0.01946	0	0.75593
V619	0.09383	0.0369	0.29689	0.57239
V620	0.00237	0.68055	0.29804	0.01904
V621	0.10502	0.17514	0.16813	0.55171
V622	0.1132	0.31268	0.46924	0.10488
V623	0.00222	0.04322	0.07079	0.88377
V624	0.42425	0.45811	0	0.11764
V625	0.0645	0.51077	0.0939	0.33083
V626	0.75281	0.12563	0.0028	0.11877
V627	0	0.01048	0.02951	0.96001
V628	0	0.13033	0.00414	0.86554
V629	0.02551	0.25651	0.2105	0.50749
V630	0.01101	0.34552	0.51846	0.12501
V631	0.00248	0.12252	0.05519	0.81981
V632	0.16321	0.00653	0.14797	0.68229
V633	0	0.02548	0.68914	0.28538
V634	0.13522	0.39717	0.43949	0.02813
V635	0.00624	0.63144	0.00212	0.3602
V636	0.03236	0.11002	0.55713	0.30049
V637	0.06018	0.17604	0.06841	0.69536
V638	0.08385	0.26708	0.06333	0.58574
V639	0.08274	0.56212	0.35485	0.00029
V640	0.01142	0.16087	0.69834	0.12937
V641	0.51776	0.12282	0.06498	0.29444
V642	0.34318	0.35376	0	0.30306
V643	0.00157	0.15369	0.3211	0.52363
V644	0.62049	0.25678	0.02025	0.10247
V645	0.07753	0.51201	0.33895	0.07151
V646	0.00221	0.97438	0.00517	0.01825
V647	0.04263	0.10044	0.69683	0.1601
V648	0.1292	0.59695	0.17055	0.1033
V649	0.00869	0.06172	0.77953	0.15006
V650	0.01742	0.09328	0.7148	0.1745
V651	0.10824	0.00398	0.85956	0.02821
V652	0.01962	0.07857	0.32497	0.57683
V653	0.02857	0.63336	0.08903	0.24904
V654	0.28833	0.3801	0.1027	0.22886
V655	0.00756	0.43409	0.012	0.54635
V656	0.03213	0.2	0.00566	0.76222
V657	0.00189	0.03595	3e-05	0.96213
V658	0.18777	0.30787	0.07768	0.42668
V659	0.07883	0.09592	0.3335	0.49174
V660	0.00726	0.93732	0	0.05542
V661	0.01136	0.30336	0.0332	0.65208
V662	0.12531	0.02404	0.53267	0.31797
V663	0.06646	0.08521	0.54867	0.29965
V664	0.05992	0.08098	0.71234	0.14676
V665	0.26344	0.33196	0.0682	0.3364
V666	0.15987	0.00611	0.10536	0.72866
V667	0.43333	0.19535	0.36864	0.00268
V668	0.03434	0.8812	0.08447	0
V669	0.05869	0.44514	0.23617	0.26
V670	0.02051	0.92189	0	0.0576
V671	0.10066	0.3533	0.27601	0.27002
V672	0.00599	0.01952	0.88529	0.0892
V673	0.05434	0.37208	0.20416	0.36942
V674	0.26576	0.25408	0.0289	0.45126
V675	0.0287	0.30331	0.25791	0.41008
V676	0.00379	0.06623	0.05095	0.87902
V677	0.10226	0.47219	0.1046	0.32094
V678	0.1888	0.76111	0.02078	0.02931
V679	0.01529	0.34179	0.59831	0.04461
V680	0.08996	0.68139	0.15791	0.07075
V681	0.57079	0.209	0.03585	0.18436
V682	0.03305	0.33231	0.52505	0.10959
V683	0.00224	0.9844	0.01335	0
V684	0.29302	0.31299	0.16151	0.23249
V685	0.16691	0.50535	0.16602	0.16173
V686	0.01488	0.12137	0.08509	0.77866
V687	0.00183	0.00564	0.00428	0.98826
V688	0.09674	0.57121	0	0.33204
V689	0.03529	0.00206	0.02453	0.93813
V690	0.1592	0.06906	0.54602	0.22571
V691	0.05114	0.00146	0.92218	0.02522
V692	0.02292	0.14947	0.65241	0.1752
V693	0.04951	0.10584	0.30647	0.53818
V694	0.00072	0.01461	0.14563	0.83904
V695	0.03639	0.00662	0.09639	0.8606
V696	0.00945	0.04837	0.00401	0.93818
V697	0.00054	0.02643	0.00023	0.97281
V698	0.32545	0.02771	0.01969	0.62714
V699	0.18956	0.419	0.09325	0.29818
V700	0.03156	0.01836	0.00042	0.94965
V701	0.02351	0.45004	0.08514	0.44131
V702	0.14039	0.09989	0.01048	0.74924
V703	0.02817	0.0473	0.37815	0.54638
V704	0.36892	0.10853	0.04841	0.47414
V705	0.70302	0.03671	0.04385	0.21641
V706	0.02281	0.04914	0.7093	0.21875
V707	0.01067	0.44482	0.44305	0.10145
V708	0.00929	0.80863	0.01776	0.16431
V709	0.03706	0.28629	0.48118	0.19547
V710	0.18361	0.30091	0.06525	0.45024
V711	0.02382	0.80929	0.0875	0.0794
V712	0.34297	0.1212	0.0089	0.52693
V713	0.10792	0.32809	0.03424	0.52975
V714	0.00132	0.50877	0.01271	0.47719
V715	0.08385	0.40729	0.32088	0.18798
V716	0.0033	0.02038	0.01641	0.95991
V717	0.0208	0.94068	0	0.03852
V718	0.03499	0.54659	0.1603	0.25813
V719	0.01352	0.59259	0.02833	0.36555
V720	0.3021	0.01307	0.3814	0.30343
V721	0.02704	0.15153	0.36817	0.45325
V722	0.01507	0.22885	0.00512	0.75096
V723	0.0149	0.05173	0.00019	0.93319
V724	0.15855	0.04249	0.08908	0.70987
V725	0	0.09706	0.81703	0.08591
V726	0.00708	0.2701	0.0758	0.64701
V727	0.07751	0.79621	0.10336	0.02292
V728	0.00759	0.88714	0.08665	0.01862
V729	0.08509	0.01663	0.13331	0.76497
V730	0.58184	0.11611	0.11338	0.18866
V731	0.00592	0.15673	0.27518	0.56217
V732	0.0856	0.08747	0.32872	0.49822
V733	0.20085	0.28289	0.04603	0.47023
V734	0.07428	0.38762	0.51364	0.02446
V735	0.00359	0.01852	0.32939	0.6485
V736	0.01721	0.00638	8e-05	0.97633
V737	0.08409	0.32629	0.23489	0.35473
V738	0.02046	0.31712	0.37232	0.2901
V739	0	0.00544	0.42913	0.56543
V740	0.50427	0.2429	0.16215	0.09069
V741	0.12578	0.12275	0.12354	0.62793
V742	0.13421	0.84648	0.01874	0.00057
V743	0.04186	0.1655	0.72288	0.06975
V744	0.17181	0.06509	0.41189	0.35121
V745	0.00442	0.61643	0.14745	0.2317
V746	0.87579	0.04961	0.00459	0.07001
V747	0.01444	0	0.54229	0.44328
V748	0.02985	0.102	0.48298	0.38517
V749	0.04682	0.14082	0.03546	0.77689
V750	0.1119	0.5415	0.02146	0.32513
V751	0.0123	0.8233	0.03422	0.13019
V752	0.1238	0.27201	0.14167	0.46252
V753	0.00052	0.00623	0	0.99325
V754	0.00194	0.85545	0	0.14261
V755	0.02993	0.17515	0.26566	0.52926
V756	0.00192	0.00565	0.01691	0.97552
V757	0.09967	0.73037	0.07471	0.09525
V758	0.01234	0.71553	0.10503	0.1671
V759	0.02407	0.05112	0.29103	0.63378
V760	0.06146	0.05783	0.22943	0.65128
V761	0.01842	0.55444	0.2342	0.19294
V762	0	0.23826	0.00459	0.75715
V763	0.08882	0.37259	0.02503	0.51356
V764	0.00195	0.85169	0.00361	0.14276
V765	0.1992	0.12893	0	0.67187
V766	0.00419	0.27337	0.32594	0.3965
V767	0.13724	0.16471	0.26595	0.43211
V768	0.01548	0.90686	0.02037	0.05729
V769	0.03909	0.88961	0.03049	0.04081
V770	0.00221	0.97438	0.00517	0.01825
V771	0.05417	0.01195	0.88277	0.05111
V772	0.04458	0.04797	0.88279	0.02467
V773	0.04505	0.9079	0.00552	0.04152
V774	0.006	0	0.90488	0.08913
V775	0.01808	0.02941	0.16493	0.78758
V776	0.11967	0.51698	0.06057	0.30278
V777	0.02505	0.08289	0.08181	0.81025
V778	0.16084	0.37178	0.08483	0.38256
V779	0.03512	0.03983	0.3939	0.53114
V780	0.03195	0.83807	0.12998	0
V781	0.00471	0.01563	0.00826	0.9714
V782	0.00257	0.12373	0.70646	0.16723
V783	0.30231	0.05248	0.07868	0.56653
V784	0.03093	0.93575	0.01366	0.01967
V785	0.00986	0.92182	0.01227	0.05605
V786	0.31693	0.32523	0.15238	0.20546
V787	0	0.83886	0.14295	0.0182
V788	0.17703	0.45254	0.20459	0.16584
V789	0.01223	0.24609	0.01514	0.72654
V790	0.09334	0.03128	0.05994	0.81544
V791	0.03073	0.36055	0.27788	0.33083
V792	0.02458	0.44046	0.00156	0.53339
V793	0.02589	0.57435	0.02957	0.37018
V794	0.01468	0.08117	0.71068	0.19346
V795	0.0151	0.02833	0.02845	0.92812
V796	0.0091	0.08801	0.83565	0.06724
V797	0.41629	0.01965	0.47813	0.08593
V798	0.2541	0.52238	0.12772	0.0958
V799	0.03306	0.76379	0.02689	0.17626
V800	0.01574	0.02018	0.377	0.58708
V801	0.02557	0.10109	0.23548	0.63786
V802	0.00637	0.05313	0.15389	0.78661
V803	0.06749	0.63955	0.29278	0.00018
V804	0.19592	0.02991	0.52119	0.25298
V805	0.00327	0.00044	0.99611	0.00018
V806	0.01252	0.88159	0.01169	0.0942
V807	0.03861	0.11425	0.02115	0.826
V808	0.2735	0.49203	0.07461	0.15986
V809	0.013	0.03519	0.95169	0.00012
V810	0.00221	0.9795	0	0.01829
V811	0.10448	0.08697	0.19044	0.61811
V812	0.16089	0.34866	0.06156	0.42889
V813	0.23891	0.34503	0.28884	0.12723
V814	0.14743	0.76315	0.06269	0.02673
V815	0	0.91275	0.06896	0.01829
V816	0.75361	0.04076	0.20051	0.00513
V817	0.00925	0.07836	0.86685	0.04554
V818	0	0.02573	0.01245	0.96182
V819	0.43972	0.21377	0.10995	0.23656
V820	0.01698	0.06306	0.00885	0.91111
V821	0.05881	0.35461	0.38436	0.20222
V822	0.02226	0.02073	0.887	0.07001
V823	0.00799	0.19449	0.57744	0.22008
V824	0.02935	0.43008	0.54058	0
V825	0.04656	0.27872	0.20956	0.46517
V826	0.14506	0.59696	0.20266	0.05532
V827	0.11725	0.76986	0.01583	0.09706
V828	0.03569	0.13199	0.07313	0.75919
V829	0.006	0.15551	0.01907	0.81941
V830	0.03217	0.16315	0.0153	0.78938
V831	0.31853	0.17892	0.05708	0.44547
V832	0.06283	0.41105	0.15412	0.372
V833	0.03181	0.46959	0.15272	0.34588
V834	0.04517	0.05867	0.04957	0.8466
V835	0.09952	0.53755	0.13015	0.23278
V836	0.00126	0.50065	0.00125	0.49684
V837	0.04842	0.36797	0.16183	0.42179
V838	0.68387	0.16943	0.08953	0.05717
V839	0.0905	0.76867	0.1171	0.02372
V840	0.08863	0.90369	0.00741	0.00027
V841	0	0.03969	0.81298	0.14733
V842	0.08724	0.18569	0.24509	0.48198
V843	0.0056	0.01737	0.7868	0.19023
V844	0.02243	0.07499	0.27423	0.62836
V845	0.02054	0.11609	0.68827	0.17511
V846	0	0.00612	0.56577	0.42811
V847	0	0.00133	0.00066	0.99801
V848	0.01963	0.43009	0.13101	0.41927
V849	0	0.90487	0.00425	0.09088
V850	0.78575	0.0424	0.04968	0.12217
V851	0.10535	0.71328	0.18096	0.00042
V852	0.01462	0.03218	0.06644	0.88676
V853	0.06239	0.25047	0.38041	0.30672
V854	0.18505	0.25241	0.13362	0.42892
V855	0	0.00133	0.00066	0.99801
V856	0.01144	0.29785	0.26266	0.42805
V857	0.23094	0.28403	0.04902	0.436
V858	0.24201	0.02406	0.69911	0.03482
V859	0.23808	0.3919	0.02937	0.34064
V860	0.02695	0.08297	0.03099	0.85909
V861	0.02878	0.39625	0.52901	0.04596
V862	0.04026	0.10052	0.72033	0.13889
V863	0.02663	0.04126	0	0.93211
V864	0.00789	0.02097	0.02129	0.94985
V865	0.01776	0.00526	0.15469	0.82229
V866	0.37734	0.05141	0.48981	0.08144
V867	0.38485	0.07271	0.50013	0.04231
V868	0.16533	0.39767	0.17175	0.26526
V869	0.00481	0.97178	0.00513	0.01828
V870	0.01678	0.23419	0.01013	0.7389
V871	0	0.90487	0.00425	0.09088
V872	0.00068	0.00938	0.12268	0.86726
V873	0.54629	0.10822	0.12526	0.22023
V874	0.0554	0.91141	0.03315	3e-05
V875	0.00257	0.12396	0.11047	0.763
V876	0.04146	0.34966	0.38271	0.22617
V877	0.01143	0.33428	0.21924	0.43505
V878	0.03649	0.89652	0.067	0
V879	0.04762	0.70655	0.04423	0.2016
V880	0.07388	0.56633	0.00335	0.35644
V881	0.03392	0.04328	0.49885	0.42395
V882	0.3857	0.01718	0.23765	0.35947
V883	0.0925	0.27572	0.63132	0.00046
V884	0.00239	0.17164	0	0.82596
V885	0.34995	0.47402	0.17398	0.00205
V886	0.00462	0.33251	0.37132	0.29155
V887	0.2037	0.10636	0.20475	0.48519
V888	0.02851	0.04956	0.68494	0.23699
V889	0.61587	0.17555	0.05951	0.14907
V890	0.00958	0.13287	0.47036	0.38719
V891	0.26192	0.10076	0.44359	0.19373
V892	0.043	0.13727	0.00549	0.81423
V893	0.21266	0.34434	0.21296	0.23004
V894	0.02073	0.33332	0.53803	0.10792
V895	0.18392	0.10255	0.24362	0.46991
V896	0.00989	0.92933	0.00467	0.05612
V897	0.27311	0.46034	0.00877	0.25778
V898	0.09101	0.00374	0.00135	0.90389
V899	0.00432	0.12309	0.07661	0.79598
V900	0.018	0.2535	0.27266	0.45584
V901	0.00888	0.7249	0.00271	0.2635
V902	0.01303	0.92254	0.04569	0.01874
V903	0.00232	0.42126	0.45589	0.12053
V904	0.00481	0.9768	0	0.01839
V905	0.01954	0.00093	0.09254	0.88698
V906	0.08633	0.09688	0.09123	0.72555
V907	0.13321	0.66823	0.02512	0.17344
V908	0.00058	0.02601	0.03029	0.94312
V909	0.03256	0.79331	0	0.17413
V910	0.02176	0.00119	0.0631	0.91396
V911	0.16616	0.5522	0.04733	0.23431
V912	0.09826	0.37106	0.12866	0.40202
V913	0.01326	0.00159	0.00015	0.985
V914	0.05057	0.54915	0.28894	0.11134
V915	0.02965	0.00213	0.00054	0.96769
V916	0.07848	0.07095	0.70072	0.14986
V917	0.2939	0.0678	0.26172	0.37657
V918	0.01255	0.59132	0.19486	0.20126
V919	0.04015	0.22152	0.24024	0.49809
V920	0.21276	0.31827	0.13231	0.33667
V921	0.0038	0.09665	0.01319	0.88637
V922	0.0284	0.48461	0.36099	0.126
V923	0.00922	0.01055	0.01691	0.96333
V924	0.0102	0.67358	0.23794	0.07828
V925	0.02425	0.02381	0.00487	0.94707
V926	0.02688	0.01774	0.0143	0.94108
V927	0.0019	0.02029	0.02065	0.95716
V928	0.01207	0.83645	0.00367	0.1478
V929	0.01395	0.55084	0.1034	0.33181
V930	0.15105	0.49962	0.04416	0.30516
V931	0.0368	0.29834	0.47011	0.19475
V932	0.00935	0.10118	0.4492	0.44028
V933	0.23725	0.67775	0.02193	0.06307
V934	0.00092	0.09765	0.15182	0.74961
V935	0.20238	0.26161	0.28374	0.25227
V936	0.14624	0.33689	0.02076	0.4961
V937	0.14558	0.16377	0.09142	0.59923
V938	0.08953	0.05574	0.2859	0.56883
V939	0.27759	0.04953	0.11181	0.56107
V940	0.0074	0.76492	0.13315	0.09453
V941	6e-05	0.00013	0.97668	0.02313
V942	0.34433	0.41118	0.13355	0.11094
V943	0.1243	0.18563	0.50462	0.18545
V944	0.00248	0.16776	0.03426	0.79551
V945	0.18269	0.50969	0.01598	0.29164
V946	0.15231	0.38588	0.32268	0.13912
V947	0.01312	0.03376	0.12803	0.8251
V948	0.1151	0.04051	0.76218	0.08222
V949	0	0.0658	0.10058	0.83362
V950	0.01397	0.45781	0.1645	0.36371
V951	0.51479	0.06654	0.3701	0.04857
V952	0.01277	0.09261	0.15993	0.73469
V953	0.00592	0.05347	0.85265	0.08796
V954	0.00619	0.11706	0.07689	0.79985
V955	0.02435	0.50215	0.0205	0.453
V956	0.00842	0.0193	0.36145	0.61083
V957	0.05252	0.01454	0	0.93294
V958	0.00054	0.00143	0	0.99803
V959	0.06268	0.30147	0.43069	0.20516
V960	0.04104	0.22961	0.05889	0.67046
V961	0.03219	0.38061	0.30425	0.28294
V962	0.10489	0.22678	0.4448	0.22353
V963	0.21339	0.27864	0.2215	0.28647
V964	0.47302	0.09782	0.22195	0.20721
V965	0.01348	0.41301	0.14258	0.43093
V966	0.75939	0.09558	0.02524	0.11979
V967	0.01392	0.03659	0.38827	0.56122
V968	0	0.15433	0.68134	0.16433
V969	0.00083	0.18151	0.01913	0.79853
V970	0.00834	0.09798	0.2976	0.59609
V971	0.16582	0.13512	0.42191	0.27715
V972	0.13263	0.23739	0.05288	0.5771
V973	0.05757	0.39429	0.06796	0.48018
V974	0.0019	0.70754	0.10949	0.18107
V975	0.03262	0.33352	0.61162	0.02225
V976	0.11571	0.28764	0.1188	0.47784
V977	0.09942	0.4842	0.3906	0.02579
V978	0.00869	0.05602	0.03251	0.90277
V979	0.48001	0.06196	0.41173	0.0463
V980	0.87579	0.04961	0.00459	0.07001
V981	0.08302	0.03766	0.40502	0.47429
V982	0.12641	0.50804	0.09314	0.2724
V983	0.21916	0.09776	0.00495	0.67814
V984	0.00468	0.80298	0.09842	0.09392
V985	0.01127	0.12537	0.00038	0.86297
V986	0.08313	0.57864	0.05573	0.2825
V987	0.06836	0.86585	0	0.0658
V988	0.02849	0.01243	0.00498	0.95409
V989	0.14663	0.66791	0.10583	0.07963
V990	0	0.04376	0.64395	0.31229
V991	0.27782	0.65587	0	0.06631
V992	0.04483	0.00789	0.42926	0.51801
V993	0.0184	0.71171	0.1531	0.11679
V994	0.05228	0.87365	0.03154	0.04253
V995	0.27154	0.19332	0.05158	0.48355
V996	0.04004	0.09168	0.00535	0.86293
V997	0.00517	0.00704	0.69965	0.28814
V998	0.50035	0.05847	0.15038	0.2908
V999	0.03286	0.94727	0	0.01987
V1000	0.04943	0.0206	0	0.92996
