CD56NK	CD4MemoryT	CD19B	CD14
V1	0.55464	0	0.11584	0.32952
V2	0.11983	0.03056	0.02276	0.82685
V3	0.04854	0.54396	0.00249	0.40501
V4	0.90806	0.06887	0	0.02307
V5	0.10856	0.43726	0.2204	0.23378
V6	0.08051	0.88368	0.01026	0.02555
V7	0.12877	0.2725	0.0481	0.55064
V8	0.14772	0	0.80728	0.045
V9	0.2211	0.14996	0.01473	0.61421
V10	0.01348	0.00039	0.91269	0.07344
V11	0.25388	0.32902	0.41351	0.00359
V12	0.02485	0.60716	0.35353	0.01446
V13	0.30579	0.66835	0.00155	0.02432
V14	0.07358	0.91839	0.00285	0.00517
V15	0.11775	0.56889	0.08959	0.22378
V16	0.94248	0.01481	0.01015	0.03256
V17	0.09232	0.87695	0.00519	0.02553
V18	0.6494	0.28205	0.02286	0.04569
V19	0.18138	0.80231	0.00154	0.01476
V20	0.15665	0.37451	0.00573	0.46311
V21	0.14714	0.01754	0.79088	0.04443
V22	0.00859	0.03377	0.13985	0.81779
V23	0.45788	0.01109	0.5255	0.00552
V24	0.96999	0.01096	0.01876	0.00029
V25	0.36045	0.15687	0.08869	0.39399
V26	0.42131	0.30671	0.00674	0.26524
V27	0.07318	0.01292	0.00521	0.90869
V28	0.00333	0.01673	0.97947	0.00047
V29	0.51668	0.00368	0.44117	0.03848
V30	0.08627	0.13308	0.21811	0.56254
V31	0.2079	0.11731	0.24119	0.43359
V32	0.05404	0	0.01228	0.93368
V33	0.03992	0.48078	0.33571	0.14359
V34	0.14545	0.00656	0.80375	0.04424
V35	0.1835	0.72273	0.05562	0.03815
V36	0.00279	0.00381	0.3834	0.61
V37	0.55339	0.02532	0.05775	0.36354
V38	0.41034	0	0.11446	0.4752
V39	0.17537	0.53304	0.09776	0.19383
V40	0.11126	0.8309	0.05784	0
V41	0.00774	0.61249	0.02179	0.35798
V42	0.20265	0	0.14419	0.65315
V43	0.14753	0.31066	0.49941	0.04241
V44	0.0102	0.02952	0.71409	0.24619
V45	0.10054	0.58533	0.19026	0.12387
V46	0.87213	0.03413	0.0892	0.00454
V47	0.53839	0.12529	0.2745	0.06183
V48	0.86059	0.11491	0.00213	0.02237
V49	0.77883	0.1253	0	0.09588
V50	0.07087	0.86129	0.06389	0.00395
V51	0.37581	0.36074	0.22512	0.03833
V52	0.02203	0.05996	0.87182	0.04619
V53	0.80391	0.07705	0.11904	0
V54	0.51486	0.13173	0.32738	0.02603
V55	0.20632	0.05845	0.18149	0.55374
V56	0.02758	0	0.04629	0.92613
V57	0.10621	0.86895	0.01042	0.01442
V58	0.62006	0	0.01941	0.36053
V59	0.5061	0.35714	0.07732	0.05943
V60	0.11892	0.0797	0.26543	0.53595
V61	0.84826	0.05267	0.00441	0.09467
V62	0.93181	0.01055	0.04415	0.01349
V63	0.01894	0.86028	0.09492	0.02586
V64	0.0103	0.81841	0	0.17129
V65	0.00595	0	0.05812	0.93593
V66	0.24004	0.66508	0.00866	0.08622
V67	0.18242	0.29907	0.50415	0.01436
V68	0.13113	0.07227	0.0068	0.7898
V69	0.02122	0.2774	0.63021	0.07117
V70	0.61233	0.08651	0.13941	0.16176
V71	0.15419	0.02287	0.30478	0.51816
V72	0.62839	0.08933	0.06054	0.22174
V73	0.16321	0.60592	0.11027	0.12059
V74	0.06149	0.19377	0.74474	0
V75	0.75049	0	0.14084	0.10866
V76	0	0.09342	0.12583	0.78074
V77	0.02421	0.19886	0	0.77693
V78	0.30617	0.05083	0.13227	0.51073
V79	0.00427	0.04791	0.8175	0.13032
V80	0.40696	0	0.47798	0.11506
V81	0.05983	0.11719	0.81697	0.00601
V82	0.00118	0.03131	0.95923	0.00828
V83	0.10975	0.09828	0.03939	0.75258
V84	0.39006	0.00985	0.11003	0.49006
V85	0.10981	0.2616	0.37297	0.25562
V86	0.04389	0.01507	0.88239	0.05864
V87	0.03336	0.84429	0.03269	0.08966
V88	0.14609	0.0156	0.20016	0.63815
V89	0.0093	0	0.13722	0.85347
V90	0.02805	0.91975	0.03699	0.01521
V91	0.03344	0.76551	0.16097	0.04009
V92	0.50816	0.00048	0.31555	0.17581
V93	0.88954	0.00143	0	0.10903
V94	0.01117	0.35051	0.00631	0.63201
V95	0.29032	0.38073	0.12218	0.20678
V96	0.05025	0.04056	0.00857	0.90062
V97	0.77388	0.05585	0.16592	0.00434
V98	0.74607	0.24028	0	0.01365
V99	0.86706	0.01673	0.11152	0.00469
V100	0.08247	0.00367	0.88253	0.03134
V101	0.01044	0.00408	0.0026	0.98287
V102	0.9591	0.02315	0.00324	0.01451
V103	0.00485	0.00806	0.05368	0.93341
V104	0.03152	0.96021	0.0028	0.00547
V105	0.06186	0.92634	0.00687	0.00493
V106	0.12867	0.51321	0.30315	0.05498
V107	0.22545	0.14458	0.56027	0.06969
V108	0.17652	0.75058	0.0729	0
V109	0.00944	0.09397	0.55158	0.34501
V110	0.05793	0.89488	0.02135	0.02584
V111	0.94743	0	0.04697	0.0056
V112	0.11592	0.01855	0.35631	0.50922
V113	0.17339	0.04354	0.12183	0.66124
V114	0.21935	0.00893	0.04482	0.72689
V115	0.01092	0.78297	0.20197	0.00415
V116	0.14791	0.25905	0.3399	0.25315
V117	0.752	0.18574	0.01787	0.04439
V118	0.16615	0.52111	0.01632	0.29643
V119	0.08846	0.02624	0.02421	0.86108
V120	0.08221	0.0307	0.8686	0.01849
V121	0.64463	0.06413	0.05974	0.2315
V122	0.97811	0	0.00723	0.01466
V123	0.00593	0.4242	0.02108	0.54879
V124	0.71393	0.22015	0	0.06592
V125	0.46205	0.36986	0.14337	0.02473
V126	0.02283	0.07679	0.02421	0.87617
V127	0.14414	0.01054	0.18972	0.6556
V128	0.01704	0	0.06801	0.91496
V129	0.67007	0.16779	0.1262	0.03594
V130	0.00982	0.68195	0.30398	0.00426
V131	0.02611	0.87616	0	0.09773
V132	0.96298	0	0.01437	0.02265
V133	0.95246	0.0022	0.0313	0.01404
V134	0.0985	0.31213	0.09224	0.49713
V135	0.05601	0	0.12114	0.82285
V136	0.24432	0.31472	0.00234	0.43862
V137	0.72151	0.00911	0.18988	0.0795
V138	0.23112	0.34186	0.13996	0.28706
V139	0.38571	0.13263	0.15046	0.33119
V140	0.01644	0.03509	0.02615	0.92232
V141	0.05631	0.09289	0.50335	0.34745
V142	0.84089	0	0.15907	4e-05
V143	0.4658	0.18346	0.03951	0.31122
V144	0.14984	0.08203	0.11644	0.65169
V145	0.00564	0.78853	0.20154	0.00429
V146	0.03775	0	0.01351	0.94875
V147	0.94382	0.00514	0.01001	0.04103
V148	0.12878	0.02818	0.53372	0.30932
V149	0.31149	0.49588	0.18944	0.00319
V150	0.09066	0.19386	0.59608	0.1194
V151	0.2248	0.58892	0.01705	0.16923
V152	0.27016	0.40682	0.18616	0.13686
V153	0.10711	0.73075	0.0084	0.15375
V154	0.29123	0.43011	0.23954	0.03911
V155	0.55403	0.08143	0.23712	0.12743
V156	0.02737	0.0826	0.69583	0.1942
V157	0.33829	0.08964	0.26186	0.31021
V158	0.00991	0	0.01169	0.9784
V159	0.91743	0.03086	0	0.05171
V160	0.69128	0	0.0356	0.27312
V161	0.18219	0	0.01332	0.80449
V162	0.05172	0.21314	0.04718	0.68796
V163	0.09325	0.44208	0.13187	0.33281
V164	0.36836	0.23288	0.07225	0.32651
V165	0.00566	0.18331	0	0.81103
V166	0.00456	0.04125	0.03861	0.91558
V167	0.3136	0	0.00057	0.68583
V168	0.329	0.54403	0.0519	0.07507
V169	0.16349	0.01552	0.01703	0.80396
V170	0.0938	0	0.44401	0.46219
V171	0.14592	0.19954	0.59696	0.05758
V172	0.78043	0	0.21448	0.00508
V173	0.01664	0.07883	0.01844	0.88609
V174	0.00955	0.09362	0.04242	0.8544
V175	0.05969	0	0.75734	0.18298
V176	0.01121	0.84111	0.14343	0.00425
V177	0.01398	0.96914	0	0.01688
V178	0.00905	0.71315	0	0.2778
V179	0.147	0	0.29923	0.55376
V180	0.03357	0.90558	0.06084	0
V181	0.17828	0.07524	0.50957	0.23692
V182	0.36453	0.12257	0.43157	0.08133
V183	0.20802	0.78556	0.00186	0.00456
V184	0.9931	0	0.00634	0.00057
V185	0.62985	0.36018	0.00601	0.00396
V186	0.1217	0.45797	0.2333	0.18703
V187	0.97861	0.00023	0.01535	0.00581
V188	0.04309	0.15543	0	0.80148
V189	0.82348	0.0029	0.00754	0.16608
V190	0.73374	0.00027	0.26087	0.00513
V191	0.22508	0.15854	0.55969	0.05669
V192	0.3297	0.40448	0.0274	0.23842
V193	0.65716	0.00672	0.18237	0.15375
V194	0.04004	0.93143	0.00182	0.02671
V195	0.00729	0.01032	0.97376	0.00863
V196	0.00725	0.02867	0.00378	0.9603
V197	0.38759	0.01401	0.01085	0.58755
V198	0.06466	0.50569	0.34584	0.08381
V199	0.14207	0	0.11884	0.73909
V200	0.12165	0.4983	0.00612	0.37393
V201	0.09685	0.53191	0.15704	0.2142
V202	0.00978	0.001	0.73602	0.2532
V203	0.19358	0.41337	0.36578	0.02728
V204	0.00642	0.44677	0	0.54681
V205	0.01461	0.02645	0.93923	0.01971
V206	0.04873	0.05621	0.88826	0.0068
V207	0.10956	0.11469	0.02757	0.74817
V208	0.30758	0.03014	0.6462	0.01607
V209	0.33461	0.41121	0.04167	0.21251
V210	0.08962	0.78033	0.066	0.06405
V211	0.38883	0	0.01547	0.5957
V212	0.59196	0.01254	0.36996	0.02555
V213	0.65661	0.0054	0.07208	0.26591
V214	0.3407	0.09124	0.11902	0.44903
V215	0.26497	0.04174	0.00622	0.68707
V216	0.02456	0	0.01076	0.96468
V217	0.03685	0.44774	0.19334	0.32207
V218	0.0925	0.38719	0.1293	0.39101
V219	0.10111	0.5796	0.00275	0.31654
V220	0.0095	0.79023	0	0.20027
V221	0.7964	0	0.001	0.2026
V222	0.35607	0.07445	0.31747	0.252
V223	0.00481	0.08805	0.7902	0.11694
V224	0.98496	0	0.01457	0.00047
V225	0.0607	0.89731	0.03792	0.00407
V226	0.37576	0.04546	0.56344	0.01534
V227	0.84059	0	0.1459	0.01351
V228	0.82576	0.0281	0.03833	0.10781
V229	0.01403	0.00629	0.94654	0.03313
V230	0.00852	0.00337	0.01077	0.97734
V231	0.00971	0.19273	0.07121	0.72635
V232	0.039	0.57898	0	0.38201
V233	0.62208	0.04204	0.15125	0.18462
V234	0.03916	0.92914	0.01645	0.01525
V235	0.45177	0.0257	0.48295	0.03958
V236	0.03983	0.03276	0.81154	0.11587
V237	0.13245	0	0.01452	0.85304
V238	0.14044	0.55852	0.23472	0.06632
V239	0.05258	0.31219	0.00568	0.62954
V240	0.5651	0.01145	0.36312	0.06033
V241	0.01267	0.00015	0.88691	0.10027
V242	0.14584	0.77175	0.06903	0.01338
V243	0.2795	0.01401	0.59783	0.10866
V244	0.23169	0	0.64814	0.12018
V245	0.6771	0.22668	0.02713	0.06909
V246	0.05747	0.10651	0.80551	0.03051
V247	0.20533	0.00745	0.78723	0
V248	0.01229	0.00432	0.02341	0.95998
V249	8e-05	0.01662	0.88219	0.10111
V250	0.82361	0	0.17136	0.00503
V251	0.97045	0.02011	0.00367	0.00577
V252	0.01378	0.85553	0.13069	0
V253	0.36041	0.02553	0.11171	0.50235
V254	0.01333	0.95005	0.03149	0.00513
V255	0.04776	0.90312	0	0.04912
V256	0.20268	0.1603	0.50645	0.13057
V257	0.45419	0.04755	0.18168	0.31658
V258	0.19795	0.21361	0.39679	0.19164
V259	0.02999	0.26753	0.64404	0.05844
V260	0.00244	0.27027	0.72142	0.00587
V261	0.65902	0.00601	0.14623	0.18874
V262	0.0729	0.0179	0.00523	0.90397
V263	0.02128	0.95132	0	0.0274
V264	0.15491	0.00688	0.35179	0.48642
V265	0.01663	0	0.08745	0.89592
V266	0.69787	0.29868	0.00345	0
V267	0	0.10565	0.21358	0.68077
V268	0.36704	0	0.09396	0.539
V269	0.00796	0.56478	0.35961	0.06765
V270	0.70592	0.00364	0.18829	0.10214
V271	0.83921	0.02766	0.01611	0.11702
V272	0.05347	0.80257	0.00357	0.14039
V273	0.03638	0	0.01809	0.94553
V274	0.73514	0	0.13328	0.13158
V275	0.00119	0.01134	0.97797	0.0095
V276	0.54235	0.26244	0.00325	0.19197
V277	0.02265	0.12851	0.10781	0.74103
V278	0.0214	0.01615	0.21326	0.74919
V279	0.73512	0.02122	0.07275	0.17091
V280	0.00991	0	0.01169	0.9784
V281	0.55182	0.00436	0.09489	0.34893
V282	0.05241	0.03357	0.82624	0.08777
V283	0.22669	0.53592	0.03579	0.20159
V284	0.029	0.92874	0.03779	0.00447
V285	0.08448	0.0048	0.91054	0.00019
V286	0.27494	0.51529	0.0782	0.13157
V287	0.10389	0.86549	0.00521	0.02541
V288	0.01057	0.21689	0.37293	0.39961
V289	0.33893	0.16203	0.38783	0.11121
V290	0.87107	0.12071	0.00822	0
V291	0.57455	0.03275	0.37862	0.01407
V292	0.93982	0	0	0.06018
V293	0.34892	0.00065	0.59737	0.05306
V294	0.07112	0.27749	0	0.65139
V295	0.00901	0.1013	0.1344	0.75529
V296	0.20075	0.07282	0.59765	0.12878
V297	0.05175	0	0.03837	0.90988
V298	0.36461	0.05898	0.56127	0.01514
V299	0.05119	0.18905	0.00286	0.75691
V300	0	0.00296	0.16346	0.83358
V301	0.12047	0.06395	0.63749	0.17809
V302	0.70692	0.27939	0	0.01369
V303	0.00434	0.60761	0.34672	0.04133
V304	0.04736	0.00433	0.70521	0.24311
V305	0.11446	0.09935	0.40987	0.37632
V306	0.87227	0.04775	0.02711	0.05287
V307	0.0209	0.95646	0.0066	0.01604
V308	0.24033	0.15821	0.25022	0.35124
V309	0.33245	0.22959	0.01011	0.42785
V310	0.06347	0.23303	0.10532	0.59818
V311	0.57214	0.42167	0.00209	0.00409
V312	0.10257	0.7571	0.1142	0.02613
V313	0.00156	0.05471	0.00713	0.9366
V314	0.01133	0.39473	0.07414	0.5198
V315	0.1144	0.573	0.01625	0.29635
V316	0.34526	0.07685	0.33888	0.239
V317	0.08317	0.66533	0.0229	0.2286
V318	0.0262	0.46861	0.00201	0.50318
V319	0.05533	0.02909	0.86932	0.04626
V320	0.07377	0.08973	0.64265	0.19386
V321	0.68669	0.30986	0.00344	0
V322	0.18085	0.23655	0.03961	0.54299
V323	0.03445	0	0.05145	0.91411
V324	0.74347	0.19047	0.04282	0.02324
V325	0.35239	0.611	0.03309	0.00353
V326	0.00211	0.48514	0.05749	0.45526
V327	0.00953	0.0771	0.06315	0.85022
V328	0.03616	0.00417	0.70174	0.25793
V329	0.14661	0.04894	0.11491	0.68954
V330	0.39327	0	0.26248	0.34425
V331	0.31614	0.03564	0.01965	0.62856
V332	0.00319	0.01222	0.12387	0.86072
V333	0.47994	0.03154	0.33164	0.15688
V334	0.35675	0	0.28146	0.36179
V335	0.01995	0.29373	0.49268	0.19364
V336	0.18531	0.66642	0.00848	0.13978
V337	0.33424	0.36849	0.25808	0.0392
V338	0.00792	0.9832	0.00286	0.00602
V339	0.14227	0.00088	0.84956	0.00729
V340	0.04735	0.16822	0.49458	0.28985
V341	0.01178	0.0037	0.03412	0.9504
V342	0.26421	0	0.54855	0.18724
V343	0.98588	0.00407	0.00388	0.00617
V344	0.75298	0.10174	0.14528	0
V345	0.01054	0.01409	0.97501	0.00036
V346	0.22395	0.0534	0.22057	0.50208
V347	0.02513	0	0.07847	0.8964
V348	0.0505	0.63326	0.10787	0.20837
V349	0.39789	0.10586	0.34523	0.15103
V350	0.03049	0.82297	0.14654	0
V351	0.00834	0.00268	0.30209	0.68688
V352	0.04164	0.00291	0.84186	0.11359
V353	0.90829	0.00374	0.01641	0.07156
V354	0.04461	0.71016	0.19212	0.05311
V355	0.29619	0.03234	0.40336	0.26811
V356	0.01716	0	0.0592	0.92364
V357	0.10324	0.26476	0.23202	0.39998
V358	0.53841	0.04773	0.0245	0.38937
V359	0.55012	0.01938	0.01436	0.41613
V360	0.60938	0.36873	0.00936	0.01254
V361	0.00312	0.45509	0.53676	0.00503
V362	0.00803	0.97819	0.00796	0.00582
V363	0.16988	0.06173	0.41347	0.35492
V364	0.16571	0.0256	0.6653	0.14339
V365	0.22485	0.00169	0.00382	0.76964
V366	0.07292	0.6562	0.05162	0.21926
V367	0.56252	0.07659	0	0.36089
V368	0.08658	0.72732	0.05347	0.13263
V369	0.01499	0.39948	0.58057	0.00496
V370	0.35221	0.23056	0.37714	0.04009
V371	0.20147	0.69781	0.01366	0.08706
V372	0.12917	0.01381	0.0741	0.78293
V373	0.06682	0.07689	0.41065	0.44564
V374	0.83121	0.00117	0.16759	3e-05
V375	0.02249	0.00617	0.0918	0.87953
V376	0.01674	0.00346	0.05882	0.92098
V377	0.76111	0	0.00415	0.23474
V378	0.00257	0.00295	0.31083	0.68365
V379	0.31211	0.12073	0.00171	0.56546
V380	0.12035	0.0267	0.13977	0.71318
V381	0.74495	0	0.05713	0.19791
V382	0.08707	0.01142	0.89429	0.00722
V383	0.83976	0	0.02578	0.13446
V384	0.56859	0.03268	0.09024	0.30849
V385	0.89048	0.00111	0.0462	0.0622
V386	0.26581	0	0.0927	0.64149
V387	0.65444	0.08807	0.14885	0.10864
V388	0.41215	0.2619	0.11032	0.21563
V389	0.45404	0.45933	0.00396	0.08267
V390	0.35515	0.21538	0.42567	0.0038
V391	0.38875	0.04761	0.00559	0.55805
V392	0.45838	0.14858	0.12341	0.26963
V393	0.31262	0.1648	0.30723	0.21535
V394	0.06913	0.14423	0.0719	0.71473
V395	0.23067	0.33438	0.16204	0.2729
V396	0.01321	0.95751	0.00249	0.02679
V397	0.84395	0.04271	0.06979	0.04355
V398	0.44568	0.07046	0.06029	0.42357
V399	0.20656	0.52649	0.11762	0.14933
V400	0.00217	0.50289	0.03508	0.45987
V401	0.02914	0.10707	0.74522	0.11857
V402	0.85036	0.1283	0.02134	0
V403	0.01172	0	0.04113	0.94716
V404	0.08873	0.14371	0.61789	0.14966
V405	0.18807	0.00388	0.11147	0.69658
V406	0.68776	0.17911	0.00745	0.12568
V407	0.00792	0.9832	0.00286	0.00602
V408	0.08108	0.17985	0.34831	0.39076
V409	0.00402	0	0.01182	0.98416
V410	0.09082	0.86785	0.01564	0.02569
V411	0.38866	0	0	0.61134
V412	0.15011	0.03201	0.43947	0.37841
V413	0.04597	0.4252	0.13756	0.39127
V414	0.02932	0.4859	0.29643	0.18835
V415	0.44333	0.00497	0.17123	0.38047
V416	0.00935	0.04975	0.9409	0
V417	0.42374	0.5703	0.00194	0.00403
V418	0.04923	0.04454	0.09078	0.81546
V419	0.00954	0	0.01569	0.97478
V420	0.00571	0.86636	0.00465	0.12327
V421	0.16199	0.01293	0.65368	0.1714
V422	0.03011	0.0214	0.00314	0.94535
V423	0.08247	0.00367	0.88253	0.03134
V424	0	0.01672	0.5398	0.44347
V425	0.05022	0.18972	0.59382	0.16624
V426	0.08774	0.01636	0.79558	0.10032
V427	0.0558	0.32131	0.14389	0.479
V428	0.0869	0.76569	0.03115	0.11627
V429	0.00862	0	0.02092	0.97046
V430	0.79971	0.10609	0.00779	0.08642
V431	0.16772	0.00227	0.37199	0.45803
V432	0.07801	0.03909	0.02389	0.85901
V433	0.05119	0.67042	0	0.27839
V434	0.30262	0.03049	0.02658	0.64031
V435	0.48301	0	0.07888	0.43811
V436	0.34481	0	0.07195	0.58324
V437	0.20415	0.14822	0	0.64763
V438	0.62725	0.09421	0.01521	0.26333
V439	0.01886	0.04476	0.0021	0.93428
V440	0.44709	0.00881	0.01478	0.52932
V441	0.0589	0.07714	0.56193	0.30202
V442	0.33542	0.27281	0.1014	0.29037
V443	0.74829	0	0.0567	0.19501
V444	0.01054	0.01409	0.97501	0.00036
V445	0.68201	0.00188	0.28022	0.03588
V446	0.03326	0.83141	0.03231	0.10302
V447	0.68685	0.04771	0.13495	0.13049
V448	0.00882	0.02261	0.13071	0.83786
V449	0.6139	0.01366	0.2388	0.13364
V450	0.16535	0.82627	0.00838	0
V451	0.95367	0.02313	4e-05	0.02316
V452	0.01966	0	0.04064	0.9397
V453	0.86104	0.03545	0.03928	0.06423
V454	0.00723	0.946	0.03099	0.01578
V455	0.65984	0.00973	0.24844	0.08198
V456	0.3578	0.06722	0.33701	0.23797
V457	0.00407	0.00413	0.00721	0.98458
V458	0.24238	0.14629	0	0.61133
V459	0.01604	0.78931	0.06333	0.13132
V460	0.97085	0	0.0147	0.01445
V461	0.03873	0.00442	0.00362	0.95322
V462	0.32652	0.16703	0	0.50646
V463	0.27811	0.43403	0.12407	0.16379
V464	0.47708	0.04789	0	0.47503
V465	0.42982	0.35667	0.01203	0.20147
V466	0.58709	0.11957	0	0.29334
V467	0.35711	0.54069	0.05283	0.04937
V468	0.55632	0.34456	0.02797	0.07116
V469	0.00918	0.1045	0.21707	0.66924
V470	0.59273	0.06768	0.13751	0.20209
V471	0.23488	0.04792	0.015	0.70219
V472	0.30963	0.24583	0	0.44454
V473	0.1039	0.55679	0.31217	0.02714
V474	0.08788	0	0.06288	0.84924
V475	0.17367	0.31844	0.04785	0.46004
V476	0.13003	0	0.02976	0.8402
V477	0.62801	0.01182	0.15542	0.20475
V478	0.12158	0.51345	0	0.36497
V479	0.01127	0.0479	0.81043	0.13039
V480	0.06086	0.22048	0.02046	0.6982
V481	0.16811	0.00375	0.81004	0.0181
V482	0.76842	0.10512	0.08113	0.04534
V483	0.09707	0.05052	0.04089	0.81152
V484	0.01232	0.02564	0.01183	0.95021
V485	0.11713	0.69912	0.00333	0.18042
V486	0.26758	0.18819	0.08829	0.45594
V487	0.04863	0.01114	0.04987	0.89036
V488	0	1e-05	0.84585	0.15415
V489	0.2543	0.06231	0.66718	0.01621
V490	0.34539	0.23883	0.03992	0.37585
V491	0.48971	0.40912	0.01775	0.08342
V492	0.02751	0.86032	0.10809	0.00408
V493	0.01297	0	0.00416	0.98287
V494	0.21231	0.10398	0.49335	0.19036
V495	0.25671	0.6086	0.10915	0.02553
V496	0.30039	0.64057	0	0.05904
V497	0.00788	0.00466	0.97851	0.00895
V498	0.28323	0.04825	0.02533	0.6432
V499	0.69265	0.20966	0.09413	0.00356
V500	0.10362	0.08017	0.75748	0.05873
V501	0.004	0	0.02252	0.97348
V502	0.62558	0.21911	0.11932	0.03599
V503	0.17328	0.04405	0.1414	0.64126
V504	0.2525	0.65749	0.00402	0.08599
V505	0.19124	0.14354	0.2019	0.46332
V506	0.08442	0.19923	0.41296	0.30339
V507	0.64657	0.05155	0.08295	0.21893
V508	0.81458	0.10917	0.02196	0.05429
V509	0.2374	0.02651	0.45078	0.2853
V510	0.26078	0.50755	0.22834	0.00333
V511	0.03332	0.32834	0.02096	0.61738
V512	0.20917	0.01328	0.04478	0.73277
V513	0.07663	0.64781	0.18047	0.09508
V514	0.0089	0.0243	0.00127	0.96552
V515	0.79363	0.02728	0.02542	0.15368
V516	0.94119	0.05293	0.00018	0.0057
V517	0.02159	0.00095	0.17747	0.79999
V518	0.97722	0.01555	0.00079	0.00644
V519	0.02477	0.83796	0.00022	0.13705
V520	0.01589	0	0.52494	0.45917
V521	0.63744	0.01684	0.30899	0.03673
V522	0.00226	0.07403	0.51331	0.41039
V523	0.36617	0.06913	0.20592	0.35878
V524	0.01001	0.78924	0.16107	0.03967
V525	0.23111	0.1288	0.00956	0.63053
V526	0.65772	0.03826	0.04404	0.25997
V527	0.19215	0.00158	0.31712	0.48914
V528	0.09964	0.83915	0	0.06121
V529	0.03953	0.02212	0.15414	0.78422
V530	0.00421	0.15985	0.67345	0.16248
V531	0.02185	0.88404	0.0941	0
V532	0.1502	0.24061	0.00989	0.5993
V533	0.29339	0.28417	0.10133	0.32111
V534	0.00322	0	0.63701	0.35977
V535	0.4971	0	0.00334	0.49956
V536	0.17224	0	0.28548	0.54228
V537	0.66868	0.1999	0.11894	0.01249
V538	0.43037	0.01939	0.05057	0.49968
V539	0.29032	0.38073	0.12218	0.20678
V540	0.22152	0.68237	0.04597	0.05014
V541	0.01159	0.42135	0.0346	0.53245
V542	0.18144	0.06709	0.19231	0.55916
V543	0.87522	0	0.00483	0.11995
V544	0.07736	0.03758	0.11435	0.77071
V545	0.34453	0.07851	0.03896	0.538
V546	0.05052	0.8983	0.04706	0.00413
V547	0.03459	0.65967	0.29161	0.01412
V548	0.17432	0.76112	0.061	0.00357
V549	0.38471	0.01067	0.58893	0.0157
V550	0.54162	0.00563	0	0.45275
V551	0.19032	0.71535	0.01909	0.07524
V552	0.00191	0.43353	0	0.56456
V553	0.26895	0.10389	0.59829	0.02887
V554	0.03497	0.03566	0.01001	0.91936
V555	0.07765	0.15995	0.27339	0.48901
V556	7e-04	0.01355	0.93831	0.04744
V557	0.81202	0.00686	0.00391	0.1772
V558	0.06265	0.75504	0.01314	0.16917
V559	0.01323	0.82047	0.1663	0
V560	0.72962	0.26551	0	0.00486
V561	0.00119	0.01134	0.97797	0.0095
V562	0.80376	0	0.07976	0.11648
V563	0.2881	0	0.7056	0.0063
V564	0.05846	0.04697	0.87604	0.01853
V565	0.11616	0.20439	0.33288	0.34657
V566	0.69527	0.04911	0.00032	0.25531
V567	0.21042	0.36582	0.01091	0.41285
V568	0.20167	0	0.02789	0.77044
V569	0.64405	0.00587	0	0.35009
V570	0.02024	0.2622	0.61569	0.10187
V571	0.85041	0.07648	0	0.07311
V572	0.48659	0	0.37618	0.13723
V573	0.04283	0.10183	0.00045	0.8549
V574	0.03676	0.80414	0.14515	0.01395
V575	0.00905	0.03462	0.07892	0.87742
V576	0.17179	0.7937	0.02074	0.01378
V577	0.02167	0.01036	0.14591	0.82205
V578	0.04691	0.032	0.64133	0.27976
V579	0.01147	0.89356	0.06877	0.0262
V580	0.11683	0	0.06833	0.81484
V581	0.04555	0.03151	0	0.92294
V582	0.58634	0.08581	0.01487	0.31298
V583	0.00309	0.01605	0.50631	0.47455
V584	0.59779	0.10403	0.24893	0.04925
V585	0.00279	0	0.346	0.65121
V586	0.25878	0	0.60593	0.13529
V587	0.30828	0.0017	0.6485	0.04152
V588	0.60273	0.01438	0.01053	0.37236
V589	0.05559	0.81467	0.03938	0.09036
V590	0.04951	0.78211	0.16451	0.00387
V591	0	0.0081	0.13872	0.85318
V592	0.19177	0.02022	0.78801	0
V593	0.57714	0	0.13151	0.29135
V594	0.39261	0.24331	0.29938	0.0647
V595	0.01528	0.00075	0.01006	0.97391
V596	0.02243	0.20735	0.16793	0.60229
V597	0.00332	0.57137	0.30183	0.12349
V598	0.01448	0.08329	0.88359	0.01865
V599	0.68877	0.25869	0.01821	0.03433
V600	0.38855	0.41683	0.02757	0.16705
V601	0.13924	0.19572	0.04662	0.61843
V602	0.01636	0.00339	0.00536	0.97489
V603	0.0055	0.27427	0.00302	0.7172
V604	0.59408	0.07186	0.29672	0.03733
V605	0.05872	0.27998	0.35984	0.30146
V606	0.75616	0.09563	0.004	0.14421
V607	0.64338	0	0.07093	0.28569
V608	0.2265	0.10378	0.3332	0.33652
V609	0.01516	0.16194	0.1745	0.64839
V610	0.78732	0.00242	0.05791	0.15235
V611	0.24257	0	0.02716	0.73027
V612	0.02015	0.05598	0.82149	0.10238
V613	0.02991	0.31549	0.59663	0.05797
V614	0.78227	0.02716	0.02515	0.16542
V615	0.10235	0.01761	0.00096	0.87908
V616	0.07232	0.66264	0.02269	0.24234
V617	0.55214	0.11918	0.32868	0
V618	0.68147	0	0	0.31853
V619	0.3916	0.0057	0.24806	0.35464
V620	0.00982	0.68195	0.30398	0.00426
V621	0.44423	0.09329	0.12736	0.33512
V622	0.42319	0.17904	0.35845	0.03932
V623	0.00896	0.02861	0.09195	0.87049
V624	0.83404	0.14301	0	0.02295
V625	0.28656	0.44326	0.06725	0.20293
V626	0.97611	0.0085	0.00017	0.01522
V627	0.00182	0.00068	0.04427	0.95323
V628	4e-04	0.15051	0.00396	0.84513
V629	0.11248	0.22899	0.22934	0.42919
V630	0.02976	0.31435	0.5849	0.07099
V631	0.00974	0.11668	0.06404	0.80954
V632	0.56325	0	0.09182	0.34494
V633	0	0.01263	0.80303	0.18435
V634	0.47262	0.22412	0.2996	0.00366
V635	0.02234	0.69769	0	0.27997
V636	0.12033	0.06381	0.62396	0.1919
V637	0.29341	0.12266	0.05351	0.53042
V638	0.37873	0.18601	0.03911	0.39615
V639	0.31392	0.40851	0.27757	0
V640	0.03068	0.11271	0.78358	0.07303
V641	0.91178	0.01334	0.01324	0.06164
V642	0.7981	0.11753	0	0.08437
V643	0.00285	0.12249	0.3811	0.49356
V644	0.94186	0.04146	0.00267	0.01401
V645	0.30737	0.3833	0.28304	0.02629
V646	0.01413	0.97729	0.00274	0.00583
V647	0.15752	0.05354	0.70294	0.086
V648	0.47139	0.38707	0.10491	0.03663
V649	0.02036	0.03557	0.85618	0.08789
V650	0.05244	0.05487	0.7904	0.1023
V651	0.36717	0	0.62674	0.00609
V652	0.07395	0.04455	0.36307	0.51843
V653	0.12077	0.64503	0.07082	0.16339
V654	0.75993	0.13885	0.0336	0.06762
V655	0.02615	0.48447	0.00607	0.48332
V656	0.18178	0.18803	0.00154	0.62865
V657	0.01331	0.02634	0.00324	0.9571
V658	0.64203	0.14425	0.03223	0.18149
V659	0.34315	0.04462	0.3072	0.30503
V660	0.02964	0.94347	0	0.02689
V661	0.04349	0.33002	0.02676	0.59972
V662	0.45573	0.0011	0.40306	0.14012
V663	0.26581	0.0361	0.5281	0.16999
V664	0.23115	0.03496	0.66487	0.06902
V665	0.74163	0.12388	0.02115	0.11334
V666	0.55063	0	0.06383	0.38554
V667	0.8271	0.03994	0.13296	0
V668	0.13578	0.79722	0.067	0
V669	0.25442	0.37233	0.21939	0.15386
V670	0.08393	0.88947	0	0.0266
V671	0.41105	0.23324	0.22183	0.13388
V672	0.01391	0.01085	0.92847	0.04678
V673	0.24692	0.316	0.1934	0.24368
V674	0.74886	0.08665	0.00742	0.15707
V675	0.1305	0.27414	0.28082	0.31454
V676	0.01561	0.05266	0.06431	0.86742
V677	0.42304	0.34134	0.0664	0.16922
V678	0.56479	0.4254	0.00582	0.00399
V679	0.04599	0.29883	0.63921	0.01597
V680	0.35116	0.51672	0.10706	0.02505
V681	0.93032	0.0309	0.00609	0.03269
V682	0.11646	0.27549	0.55028	0.05776
V683	0.01722	0.97324	0.00954	0
V684	0.76631	0.10238	0.06366	0.06764
V685	0.56038	0.28671	0.09399	0.05892
V686	0.06899	0.10868	0.10088	0.72145
V687	0.01532	0	0.01081	0.97387
V688	0.39365	0.43834	0	0.16801
V689	0.21201	0	0.02222	0.76578
V690	0.52956	0.01658	0.36626	0.0876
V691	0.186	0.00091	0.80611	0.00699
V692	0.07755	0.09612	0.72328	0.10305
V693	0.23154	0.05737	0.3105	0.4006
V694	0.00236	0.00194	0.20947	0.78623
V695	0.20613	0	0.10119	0.69268
V696	0.05237	0.0353	0.00483	0.9075
V697	0.00829	0.01833	0.00499	0.9684
V698	0.80252	0	0.00442	0.19305
V699	0.62147	0.21772	0.0408	0.12001
V700	0.19481	0.00182	0.00062	0.80275
V701	0.10288	0.46575	0.07623	0.35515
V702	0.5119	0.03555	0.00237	0.45018
V703	0.12004	0.01973	0.41649	0.44374
V704	0.83387	0.01638	0.0126	0.13715
V705	0.96125	0	0.00665	0.0321
V706	0.07426	0.02155	0.77474	0.12945
V707	0.03071	0.42499	0.48724	0.05705
V708	0.03406	0.85661	0.00949	0.09984
V709	0.14291	0.22653	0.51329	0.11727
V710	0.63811	0.14293	0.02584	0.19312
V711	0.09171	0.80253	0.06675	0.03901
V712	0.82016	0.02211	0.00106	0.15668
V713	0.44534	0.22061	0.01546	0.31859
V714	0.00752	0.5841	0.00723	0.40116
V715	0.348	0.28901	0.26822	0.09476
V716	0.01896	0.00902	0.0225	0.94952
V717	0.08472	0.89914	0	0.01615
V718	0.14947	0.53635	0.14575	0.16843
V719	0.04977	0.65214	0.01658	0.28151
V720	0.73649	0	0.17599	0.08752
V721	0.11583	0.10811	0.42712	0.34894
V722	0.07082	0.24633	0.00149	0.68135
V723	0.08017	0.03478	0.00053	0.88452
V724	0.55862	0.00426	0.0492	0.38792
V725	0.00074	0.06157	0.89099	0.0467
V726	0.02372	0.29043	0.08137	0.60448
V727	0.3042	0.62494	0.06757	0.00329
V728	0.02834	0.89437	0.07308	0.00421
V729	0.37914	0	0.10875	0.51211
V730	0.93506	0.00945	0.02272	0.03277
V731	0.01581	0.12931	0.33106	0.52382
V732	0.36971	0.03619	0.29251	0.3016
V733	0.67525	0.12163	0.01553	0.18759
V734	0.28524	0.27663	0.4345	0.00364
V735	0.00847	0.00354	0.38557	0.60243
V736	0.11548	0	0.00231	0.8822
V737	0.36215	0.23048	0.19898	0.20839
V738	0.07493	0.29033	0.42404	0.2107
V739	0	0	0.50893	0.49107
V740	0.89837	0.04573	0.0427	0.0132
V741	0.48496	0.0497	0.08377	0.38157
V742	0.44433	0.54783	0.00784	0
V743	0.15164	0.10004	0.7184	0.02992
V744	0.56557	0.01414	0.27144	0.14885
V745	0.01495	0.67342	0.14765	0.16398
V746	0.99199	0	0.00102	0.00699
V747	0.04601	0	0.64716	0.30683
V748	0.11797	0.061	0.55131	0.26972
V749	0.25685	0.10486	0.0257	0.61259
V750	0.44421	0.38864	0.00694	0.16021
V751	0.04531	0.8592	0.01947	0.07602
V752	0.49443	0.15906	0.09697	0.24954
V753	0.01137	0.00032	0.00353	0.98478
V754	0.01189	0.90257	0	0.08553
V755	0.13666	0.13119	0.28639	0.44576
V756	0.01365	0	0.02361	0.96274
V757	0.38092	0.54374	0.03866	0.03668
V758	0.04341	0.76019	0.0907	0.1057
V759	0.10268	0.02315	0.32527	0.5489
V760	0.28193	0.02137	0.21259	0.48411
V761	0.06415	0.56601	0.2443	0.12555
V762	0.00155	0.28559	0.00299	0.70987
V763	0.39201	0.27541	0.01075	0.32183
V764	0.01145	0.90168	0.00059	0.08628
V765	0.64841	0.04308	0	0.3085
V766	0.01104	0.26597	0.39329	0.3297
V767	0.52616	0.06982	0.19567	0.20834
V768	0.05822	0.90531	0.01077	0.0257
V769	0.15643	0.81404	0.01558	0.01395
V770	0.01413	0.97729	0.00274	0.00583
V771	0.19517	0.00374	0.78325	0.01785
V772	0.15616	0.02355	0.81387	0.00642
V773	0.18138	0.80231	0.00154	0.01476
V774	0.01378	0.00253	0.93657	0.04713
V775	0.08675	0.01069	0.20685	0.6957
V776	0.46876	0.35336	0.02714	0.15074
V777	0.14532	0.05707	0.0918	0.70581
V778	0.57895	0.20765	0.03976	0.17364
V779	0.1611	0.01427	0.42658	0.39805
V780	0.12444	0.76641	0.10915	0
V781	0.02978	0.00365	0.0131	0.95347
V782	0.00486	0.07972	0.81237	0.10305
V783	0.79109	0.00193	0.02481	0.18217
V784	0.12114	0.868	0.00629	0.00458
V785	0.03874	0.92925	0.00583	0.02619
V786	0.78572	0.10349	0.05593	0.05486
V787	0.00603	0.85319	0.13623	0.00455
V788	0.57847	0.2439	0.11812	0.05951
V789	0.05171	0.26992	0.01095	0.66741
V790	0.41819	0.00427	0.04354	0.534
V791	0.13383	0.33293	0.29468	0.23856
V792	0.11817	0.45139	0	0.43045
V793	0.11569	0.59907	0.01645	0.26879
V794	0.0401	0.04802	0.79552	0.11635
V795	0.07862	0.01178	0.03049	0.87912
V796	0.02245	0.05337	0.8924	0.03178
V797	0.80811	0	0.17815	0.01374
V798	0.69015	0.23613	0.05032	0.02341
V799	0.13515	0.75011	0.01365	0.10109
V800	0.05183	0.00384	0.43003	0.5143
V801	0.11696	0.0632	0.26067	0.55918
V802	0.02138	0.03392	0.19979	0.74491
V803	0.26112	0.50117	0.23771	0
V804	0.5785	0.00113	0.32353	0.09683
V805	0.01196	0.00762	0.97986	0.00057
V806	0.04768	0.89801	0.00484	0.04947
V807	0.22735	0.08592	0.0151	0.67164
V808	0.72591	0.20691	0.02245	0.04472
V809	0.04319	0.02443	0.93238	0
V810	0.01493	0.97876	0	0.00631
V811	0.42713	0.03201	0.14957	0.3913
V812	0.58354	0.19265	0.02638	0.19744
V813	0.67184	0.13862	0.15348	0.03605
V814	0.48634	0.48423	0.02588	0.00355
V815	0.0072	0.93049	0.05722	0.00509
V816	0.95446	0	0.04525	0.00029
V817	0.02316	0.04775	0.90994	0.01915
V818	0.00191	0.0179	0.01885	0.96135
V819	0.87852	0.04166	0.02705	0.05276
V820	0.0998	0.04547	0.00726	0.84746
V821	0.2454	0.27694	0.36484	0.11283
V822	0.06858	0.00997	0.8899	0.03156
V823	0.01953	0.14649	0.68448	0.1495
V824	0.09811	0.37419	0.5277	0
V825	0.22647	0.22998	0.20954	0.33401
V826	0.49802	0.36605	0.12334	0.01258
V827	0.41923	0.54021	0.00473	0.03583
V828	0.19797	0.09592	0.07058	0.63553
V829	0.02304	0.1653	0.01636	0.7953
V830	0.19474	0.14856	0.0095	0.6472
V831	0.79721	0.04457	0.01609	0.14213
V832	0.29012	0.34042	0.13073	0.23872
V833	0.14674	0.46452	0.14347	0.24527
V834	0.25907	0.03039	0.04512	0.66542
V835	0.40104	0.39758	0.08608	0.1153
V836	0.00793	0.58513	0	0.40694
V837	0.2297	0.3208	0.14833	0.30117
V838	0.96112	0.01838	0.01492	0.00558
V839	0.34535	0.57616	0.07515	0.00333
V840	0.32817	0.66834	0.00349	0
V841	3e-04	0.02257	0.88991	0.08722
V842	0.37536	0.10795	0.2107	0.30598
V843	0.01184	0.0067	0.86685	0.11461
V844	0.09395	0.04284	0.30875	0.55446
V845	0.06606	0.07006	0.76161	0.10228
V846	0	0.00098	0.69547	0.30355
V847	0.00573	0	0.00864	0.98564
V848	0.08222	0.45382	0.13161	0.33235
V849	0.00707	0.94155	0.00218	0.0492
V850	0.97795	0	0.00732	0.01474
V851	0.3858	0.49385	0.12035	0
V852	0.07604	0.01627	0.0824	0.82528
V853	0.27168	0.17051	0.36928	0.18854
V854	0.63693	0.10827	0.07008	0.18472
V855	0.00573	0	0.00864	0.98564
V856	0.03426	0.29899	0.30688	0.35986
V857	0.7092	0.11358	0.01613	0.16109
V858	0.62647	0.00082	0.36739	0.00532
V859	0.69881	0.16831	0.00762	0.12525
V860	0.15574	0.05544	0.02738	0.76144
V861	0.09649	0.34436	0.5442	0.01495
V862	0.14273	0.05449	0.73176	0.07102
V863	0.16509	0.02257	0	0.81234
V864	0.04286	0.00722	0.02637	0.92355
V865	0.08516	0	0.19165	0.72319
V866	0.7857	0.00237	0.19871	0.01322
V867	0.78584	0.00744	0.20173	0.005
V868	0.57237	0.21594	0.10053	0.11116
V869	0.02229	0.96945	0.0028	0.00547
V870	0.08095	0.24769	0.00555	0.66581
V871	0.00707	0.94155	0.00218	0.0492
V872	0.00282	0	0.17629	0.82089
V873	0.92235	0.0091	0.0272	0.04135
V874	0.22472	0.75758	0.0177	0
V875	0.00878	0.118	0.14485	0.72836
V876	0.16976	0.29277	0.39189	0.14559
V877	0.03452	0.33878	0.25507	0.37163
V878	0.14868	0.80223	0.0491	0
V879	0.20211	0.659	0.02368	0.11522
V880	0.32164	0.47905	0	0.19931
V881	0.14116	0.01734	0.55132	0.29018
V882	0.81985	0	0.08648	0.09367
V883	0.33792	0.16724	0.49484	0
V884	0.01166	0.19046	0	0.79788
V885	0.76987	0.16552	0.06461	0
V886	0.01204	0.32642	0.43852	0.22302
V887	0.66928	0.02691	0.11271	0.19109
V888	0.09747	0.02136	0.73696	0.14421
V889	0.94597	0.02147	0.01015	0.02241
V890	0.02574	0.09649	0.59052	0.28726
V891	0.69202	0.0203	0.23086	0.05682
V892	0.25275	0.10942	0.00139	0.63644
V893	0.64534	0.15661	0.11405	0.084
V894	0.06803	0.28811	0.58593	0.05793
V895	0.62759	0.02789	0.14918	0.19533
V896	0.04004	0.93143	0.00182	0.02671
V897	0.73227	0.18954	0.00109	0.0771
V898	0.40892	0	0.00013	0.59094
V899	0.01546	0.11756	0.09279	0.77419
V900	0.06845	0.23937	0.3174	0.37478
V901	0.03271	0.78996	0	0.17734
V902	0.05034	0.91491	0.03047	0.00429
V903	0.007	0.40955	0.51389	0.06956
V904	0.02292	0.97108	0	0.006
V905	0.11652	0	0.11803	0.76545
V906	0.37997	0.04284	0.06824	0.50895
V907	0.46989	0.45062	0.00839	0.0711
V908	0.00497	0.01428	0.03962	0.94112
V909	0.13633	0.76571	0	0.09796
V910	0.12803	0	0.07471	0.79726
V911	0.56261	0.32564	0.01719	0.09455
V912	0.4203	0.25923	0.09208	0.22839
V913	0.08597	0	0.00358	0.91045
V914	0.20335	0.47821	0.26425	0.05419
V915	0.18373	0	0.0011	0.81517
V916	0.28897	0.02628	0.61742	0.06732
V917	0.74916	0.00716	0.12051	0.12317
V918	0.04067	0.62029	0.20017	0.13887
V919	0.1978	0.17129	0.24884	0.38207
V920	0.66747	0.13773	0.06303	0.13178
V921	0.01685	0.09477	0.01318	0.8752
V922	0.10567	0.45563	0.37021	0.06848
V923	0.05296	0	0.02174	0.9253
V924	0.03303	0.68171	0.24467	0.04059
V925	0.14405	0.00577	0.00416	0.84601
V926	0.16369	0.00139	0.01321	0.82171
V927	0.01185	0.00903	0.02864	0.95048
V928	0.04642	0.86609	0.00065	0.08684
V929	0.04978	0.60267	0.09682	0.25074
V930	0.54841	0.30218	0.0164	0.133
V931	0.14313	0.23807	0.50176	0.11704
V932	0.02554	0.06858	0.5614	0.34447
V933	0.64922	0.33285	0.00505	0.01289
V934	0.0033	0.08613	0.20451	0.70606
V935	0.62668	0.10581	0.16928	0.09824
V936	0.53766	0.19838	0.00665	0.2573
V937	0.55075	0.07094	0.05233	0.32598
V938	0.38015	0.01702	0.24365	0.35918
V939	0.75729	0.00184	0.04336	0.19751
V940	0.02561	0.80037	0.12196	0.05206
V941	0.00243	0.00672	0.98082	0.01004
V942	0.80269	0.1326	0.04179	0.02291
V943	0.45821	0.08205	0.38118	0.07856
V944	0.01031	0.18119	0.03416	0.77434
V945	0.59606	0.28388	0.00375	0.11631
V946	0.52262	0.21132	0.21633	0.04973
V947	0.0568	0.01492	0.16341	0.76488
V948	0.3957	0.00981	0.5668	0.02769
V949	0	0.0535	0.14133	0.80517
V950	0.04802	0.48972	0.17357	0.28869
V951	0.87385	0.00235	0.11878	0.00502
V952	0.05035	0.06854	0.19764	0.68348
V953	0.01323	0.03083	0.90937	0.04657
V954	0.02244	0.10806	0.09229	0.7772
V955	0.11025	0.52851	0.01189	0.34934
V956	0.02184	0.00348	0.42505	0.54964
V957	0.28627	0	0	0.71373
V958	0.01297	0	0.00416	0.98287
V959	0.26304	0.21526	0.40855	0.11316
V960	0.21759	0.19585	0.04661	0.53996
V961	0.13675	0.34857	0.32342	0.19127
V962	0.419	0.11683	0.35616	0.10802
V963	0.65746	0.11214	0.12152	0.10888
V964	0.88089	0.00873	0.06807	0.04231
V965	0.04626	0.44044	0.14956	0.36374
V966	0.97879	0.00289	0.00363	0.0147
V967	0.04164	0.0144	0.44845	0.49551
V968	0.00082	0.11177	0.78498	0.10242
V969	0.00424	0.2001	0.01679	0.77887
V970	0.02315	0.06633	0.35121	0.5593
V971	0.55975	0.04609	0.28176	0.1124
V972	0.51712	0.13104	0.02532	0.32653
V973	0.2758	0.34746	0.04857	0.32817
V974	0.00928	0.7725	0.1007	0.11752
V975	0.10701	0.27427	0.61433	0.00438
V976	0.46399	0.17936	0.08077	0.27588
V977	0.3779	0.32116	0.29754	0.0034
V978	0.0413	0.0399	0.03634	0.88246
V979	0.85076	0.00277	0.14156	0.00491
V980	0.99199	0	0.00102	0.00699
V981	0.35469	0.00832	0.36719	0.2698
V982	0.48753	0.33856	0.04909	0.12482
V983	0.6792	0.02531	0.00018	0.29531
V984	0.01748	0.84566	0.08578	0.05109
V985	0.05021	0.11842	1e-04	0.83127
V986	0.35061	0.46652	0.02786	0.15501
V987	0.26547	0.70978	0	0.02475
V988	0.17259	0	0.00398	0.82343
V989	0.4999	0.42363	0.05226	0.0242
V990	0	0.02462	0.76224	0.21314
V991	0.6885	0.29781	0	0.01369
V992	0.20015	0	0.44347	0.35638
V993	0.06659	0.72713	0.14135	0.06493
V994	0.20985	0.76082	0.01561	0.01372
V995	0.75876	0.05629	0.01628	0.16867
V996	0.23589	0.06271	0.00256	0.69884
V997	0.01047	0.00234	0.8031	0.18409
V998	0.89735	0.00113	0.0397	0.06182
V999	0.13613	0.85869	0	0.00518
V1000	0.26708	0.00197	0	0.73094
