Neutrophils	Monocytes_CD14.CD16.	Macrophage	T_cells_.CD4..	NK_cells
V1	0.3343	0.112	0.2697	0.12193	0.16207
V2	0.06727	0.7744	0.06182	0.04907	0.04745
V3	0.06146	0.00648	0.47439	0.40649	0.05118
V4	0.00148	0	0.21952	0.0526	0.7264
V5	0.00129	0	0.04642	0.09197	0.86031
V6	0.34674	0.00294	0.29535	0.21197	0.143
V7	0.00014	0.02245	0.41387	0.06764	0.49589
V8	0.0035	0.02337	0.90154	0.05765	0.01394
V9	0.05096	0	0.28021	0.60673	0.06211
V10	0.47727	0.01014	0.48771	0	0.02489
V11	0.02311	0.00015	0.09168	0.06411	0.82094
V12	0.07076	0	0.22042	0.27917	0.42965
V13	0.12262	0.03085	0.03585	0.38701	0.42366
V14	0.15435	0	0.07444	0.6172	0.15401
V15	0.01853	0.02139	0	0.84884	0.11124
V16	0.5882	0.06022	0.01607	0.30107	0.03444
V17	0.0587	0.22156	0.01223	0.05734	0.65017
V18	0.09092	0.42182	0.2717	0.18881	0.02674
V19	0.01504	0	0	0.10285	0.88211
V20	0	0	0.75844	0.2055	0.03607
V21	0.01911	0.24102	0.12886	0.14586	0.46515
V22	0.83027	0.06772	0.07357	0	0.02844
V23	0.06294	0	0.01452	0.12131	0.80122
V24	0.44222	0.1006	0.01979	0.03864	0.39876
V25	0.01633	0.01428	0.01027	0.38066	0.57845
V26	0.47199	0.18873	0.06515	0.03268	0.24145
V27	0.12482	0.48601	0.188	0.00656	0.19462
V28	0.02577	0.06902	0.21642	0.59689	0.0919
V29	0	0	0.3511	0.57693	0.07197
V30	0.74367	0.09126	0.03218	0.01291	0.11998
V31	0.42251	0.13111	0.01435	0.2114	0.22063
V32	0.93072	0	0.00819	0	0.06109
V33	0.01818	0.1762	0.01131	0.10585	0.68845
V34	0.12859	0.84118	0.01768	0.00746	0.00509
V35	0.10141	0.61229	0.26301	0.02013	0.00315
V36	0.02224	0.15302	0.16097	0.08364	0.58012
V37	0.73272	0	0	0.00461	0.26267
V38	0.1174	0.01309	0.49969	0.18289	0.18693
V39	0.32372	0.01322	0.33912	0.00703	0.31691
V40	0.22759	0.61378	0.0269	0.08821	0.04351
V41	0.06368	0.82722	0.02434	0.00704	0.07773
V42	0.87809	0.02042	0.02538	0	0.07611
V43	0.49645	0.11241	0.36973	0.00878	0.01264
V44	0.0343	0.27987	0.56231	0	0.12352
V45	0.0506	0.66888	0.10307	0.12209	0.05536
V46	0.12268	0.7548	0.07781	0.02478	0.01994
V47	0	0.02206	0.9588	0	0.01913
V48	0.16547	0.11674	0.23425	0.30826	0.17527
V49	0.48128	0.13157	0.24425	0.12093	0.02198
V50	0.01592	0.04134	0.93538	0	0.00736
V51	0.09895	0.24404	0.196	0.05815	0.40287
V52	0.06931	0.89561	0.01887	0.00995	0.00626
V53	0.02751	0.17942	0.00981	0.70481	0.07844
V54	0.20994	0	0.00806	0.52011	0.26189
V55	0.07166	0	0	0.83168	0.09666
V56	0.06478	0	0.00167	0.72604	0.20751
V57	0.15324	0.11496	0.57815	0.01545	0.1382
V58	0.05264	0	0.12433	0.18303	0.64
V59	0.88349	0.00183	0.0991	0	0.01558
V60	0.43113	0.19027	0.13374	0.10909	0.13577
V61	0.17563	0	0.02094	0.20199	0.60144
V62	0.04925	0.00508	0.29543	0.12495	0.5253
V63	0.39033	0.2427	0.06592	0.02945	0.27159
V64	0.94943	0.0035	0.02831	0	0.01876
V65	0.08332	0.06997	0.04041	0.58874	0.21756
V66	0.02116	0	0.14252	0.74702	0.0893
V67	0	0	0.3276	0.09072	0.58168
V68	0.46902	0	0.41428	0.02084	0.09586
V69	0.60805	0.09942	0.2123	0.00668	0.07356
V70	0.07262	0.70875	0.05338	0.13442	0.03084
V71	0.10486	0.77361	0.05413	0.0526	0.0148
V72	0.04086	0.37123	0.02472	0.03855	0.52464
V73	0.0505	0	0.10262	0.54461	0.30228
V74	0.00918	0.0596	0.00748	0.75353	0.17022
V75	0.48282	0.17332	0.32477	0	0.01909
V76	0.0045	0	0.01693	0.81715	0.16142
V77	0.01394	0.01531	0.93417	0.02501	0.01157
V78	0	0.0307	0.94971	0	0.01959
V79	0.08092	0.38326	0.04326	0.12722	0.36533
V80	0.12998	0.72104	0.01391	0.04504	0.09004
V81	0.00413	0.02345	0.96347	0	0.00895
V82	0.24268	0.15607	0.03407	0.50707	0.06011
V83	0.09365	0.06659	0.02105	0.51151	0.3072
V84	0.0827	0.14151	0.00227	0.06247	0.71106
V85	0	0.02297	0.96588	0	0.01116
V86	0.02573	0.25292	0.32038	0.35605	0.04491
V87	0.47192	0	0.04631	0.42003	0.06174
V88	0.30459	0.14248	0.056	0.17933	0.31759
V89	0.04102	0.10454	0.82331	0.02275	0.00838
V90	0.01573	0.15736	0.052	0.10342	0.67149
V91	0.00287	0	0.08569	0.81875	0.09269
V92	0.21809	0.01234	0.0228	0.0603	0.68647
V93	0.00683	0.07428	0.16841	0.48665	0.26382
V94	0.03458	0.15092	0.01957	0.22243	0.5725
V95	0.05741	0.20573	0.02	0.10428	0.61258
V96	0.79204	0	0.02688	0.01473	0.16635
V97	0.1457	0.00448	0.03925	0.11623	0.69435
V98	0.0561	0.35853	0.18226	0.11303	0.29008
V99	0.51513	0.11934	0.0075	0.2011	0.15692
V100	0.53188	0.14427	0.05589	0.04471	0.22325
V101	0.07716	0.88252	0.02597	0.00891	0.00544
V102	0.31009	0.22389	0.14283	0.09543	0.22777
V103	0.10219	0	0	0.06403	0.83378
V104	0.05004	0.38293	0.08369	0.03727	0.44607
V105	0.00408	0	0.03132	0.10023	0.86438
V106	0.06382	0.74249	0.15258	0.00604	0.03507
V107	0.04924	0.21524	0.68863	0.03134	0.01554
V108	0.01561	0.18069	0.79868	0	0.00502
V109	0.05676	0.19932	0.05639	0.25607	0.43146
V110	0.18234	0.50348	0.19481	0.09357	0.0258
V111	0.29086	0.21752	0.4903	0	0.00132
V112	0.17031	0	0.10695	0.44506	0.27767
V113	0.21683	0	0.09726	0.1442	0.54172
V114	0.58114	0.0545	0.05567	0.15694	0.15175
V115	0.86634	0	0.00429	0	0.12937
V116	0.00457	0	0	0.0781	0.91733
V117	0.04503	0.01346	0.83706	0.0644	0.04004
V118	0.03874	0	0	0.84116	0.1201
V119	0.34247	0	0.4204	0.21492	0.02221
V120	0.00248	0.00531	0.84393	0.09342	0.05486
V121	0.1958	0.71172	0.01408	0.00895	0.06944
V122	0.03917	0.37795	0.08924	0.21226	0.28138
V123	0.49714	0.01458	0.08169	0.1768	0.2298
V124	0.2048	0.08852	0.06242	0.20979	0.43447
V125	0.04771	0.44565	0.49534	0	0.0113
V126	0.15066	0.16317	0.22138	0.10835	0.35644
V127	0.28059	0	0.67362	0.03057	0.01521
V128	0.20784	0.74999	0.02299	0	0.01918
V129	0.26534	0.01241	0.27962	0.16039	0.28224
V130	0.04008	0.49765	0.04841	0.20235	0.21151
V131	0.0096	0	0.24763	0.67134	0.07143
V132	0.34798	0	0	0.31983	0.33219
V133	0	0.04049	0.55376	0.08273	0.32301
V134	0.06662	0.02002	0.7981	0.01302	0.10224
V135	0.01908	0.09543	0.73538	0.01769	0.13241
V136	0.96677	0	0.01161	0	0.02163
V137	0.91326	0.01495	0.01121	0.01425	0.04633
V138	0.23996	0.11909	0.08017	0.12971	0.43107
V139	0.11665	0	0.16672	0.64257	0.07406
V140	0.01472	0	0.13824	0.05848	0.78857
V141	0.01822	0.21763	0.66398	0.07969	0.02047
V142	0.20004	0	0.32953	0.11986	0.35057
V143	0.01809	0.18503	0.49319	0.12829	0.1754
V144	0.50982	0.20619	0.07704	0.10356	0.10338
V145	0	0.02811	0.93847	0.00321	0.03021
V146	0.03832	0.33774	0.00972	0.28572	0.32851
V147	0.09371	0.05869	0.71081	0.088	0.0488
V148	0.16203	0.76741	0.02329	0.02585	0.02141
V149	0.0064	0.00206	0	0.8359	0.15564
V150	0.14372	0.18038	0.59364	0	0.08225
V151	0.43968	0	0.01037	0.3808	0.16916
V152	0.00795	0	0.11859	0.71298	0.16048
V153	0.1711	0.16768	0.47046	0.03982	0.15094
V154	0.12229	0.57278	0.03191	0.03442	0.2386
V155	0.03163	0	0.14196	0.73832	0.08809
V156	0.09285	0.00895	0.40675	0.14249	0.34896
V157	0.08565	0.02199	0.1693	0.26255	0.46051
V158	0.18517	0	0.44543	0.0444	0.32501
V159	0.11643	0.22517	0.01778	0.54723	0.09338
V160	0.45123	0.1383	0.10015	0.04176	0.26856
V161	0.19343	0	0.05381	0.04775	0.70501
V162	0	0.03444	0.95593	0	0.00963
V163	0.03918	0	0.00348	0.09096	0.86637
V164	0.92698	0.04059	0.02094	0	0.0115
V165	0.61347	0.19947	0.09321	0.03614	0.05771
V166	0.04698	0	0.25142	0.55203	0.14957
V167	0.0501	0.63185	0.02685	0.11725	0.17395
V168	0	0.03444	0.95593	0	0.00963
V169	0.06849	0.67819	0.16387	0.06596	0.02349
V170	0.2479	0.37865	0.06331	0.17022	0.13992
V171	0.32073	0.06248	0.38681	0.15741	0.07257
V172	0.16946	0.19587	0.06985	0.0453	0.51952
V173	0.21343	0.08674	0.0959	0.37713	0.2268
V174	0.20457	0	0.36165	0.18364	0.25013
V175	0.07043	0.12288	0.11721	0.17539	0.51408
V176	0.38435	0	0.00508	0.55137	0.0592
V177	0.20004	0.01735	0.60414	0.15307	0.0254
V178	0.28755	0.02041	0.48592	0.09828	0.10785
V179	0.07944	0	0	0.0665	0.85407
V180	0.01817	0	0.33211	0.03946	0.61026
V181	0.06137	0.25223	0	0.08246	0.60393
V182	0.56715	0.22258	0.01127	0.13789	0.06112
V183	0.08635	0.87929	0.01813	0.00304	0.0132
V184	0.32822	0	0.31662	0.29817	0.05699
V185	0.10758	0.46893	0.02967	0.13289	0.26092
V186	0.12984	0.16379	0.02893	0.2372	0.44024
V187	0.09138	0.68707	0.01391	0.17955	0.02808
V188	0.86137	0.00776	0.04096	0.06713	0.02278
V189	0.46406	0.2342	0.04441	0.22432	0.03301
V190	0.41217	0.03854	0.22363	0.02059	0.30507
V191	0.21923	0.21669	0.00805	0.38755	0.16849
V192	0.32653	0.17356	0.13569	0.19436	0.16986
V193	0.06988	0.19345	0.52904	0.03592	0.17171
V194	0.25136	0.02374	0.08496	0.11191	0.52802
V195	0.5845	0.15541	0.24885	0	0.01124
V196	0	0	0.04481	0.09213	0.86306
V197	0.08378	0.85529	0.01738	0.0288	0.01475
V198	0.22551	0.20689	0.03954	0.19141	0.33665
V199	0.77374	0	0.22372	0	0.00254
V200	0.7516	0	0.02992	0.01658	0.2019
V201	0.03051	0	0.01849	0.66534	0.28567
V202	0.92264	0.05067	0.00571	0	0.02098
V203	0.52817	0.23934	0.03386	0.04667	0.15196
V204	0.31852	0.05016	0.03232	0.03229	0.56672
V205	0.10237	0.00655	0.11073	0.09904	0.68131
V206	0.04404	0.10121	0	0.73197	0.12278
V207	0.01853	0.02139	0	0.84884	0.11124
V208	0.16071	0.20263	0.49183	0.03642	0.10841
V209	0.14196	0	0.08949	0.06939	0.69915
V210	0	0.02055	0.95915	0	0.0203
V211	0.14368	0	0.19516	0.05753	0.60363
V212	0.07431	0.74159	0.08553	0.03572	0.06284
V213	0.08469	0	0.05268	0.24798	0.61464
V214	0.03645	0.54103	0.38549	0.00832	0.02871
V215	0.24606	0.19813	0.13997	0.0808	0.33505
V216	0.0491	0.01554	0.32057	0.06311	0.55167
V217	0.00128	0	0.0238	0.78641	0.18851
V218	0.07495	0.1793	0.30032	0.31339	0.13203
V219	0.13505	0.2628	0.40421	0.17261	0.02533
V220	0.19677	0.72053	0.06934	0.00293	0.01042
V221	0.03939	0.04574	0.49378	0.02583	0.39526
V222	0.01229	0	0	0.08243	0.90529
V223	0.54004	0	0.33106	0.09985	0.02905
V224	0.05213	0.52694	0.03095	0.08418	0.3058
V225	0.71034	0.14628	0.13332	0	0.01006
V226	0.45203	0.5244	0.01142	0	0.01215
V227	0.09714	0.26913	0.01035	0.53108	0.09231
V228	0.60635	2e-05	0.28712	0.05445	0.05207
V229	0.27513	0.38469	0.27038	0.03187	0.03792
V230	0.01005	0	0	0.08254	0.90741
V231	0.07553	0.60119	0.06807	0.15058	0.10462
V232	0.80727	0	0.18866	0	0.00407
V233	0.05048	0	0.1388	0.11674	0.69398
V234	0.02616	0.37958	0.22287	0.31255	0.05885
V235	0.97	0	0.00523	0.00768	0.01709
V236	0.07978	0	0.6708	0.1718	0.07763
V237	0.1243	0.06094	0.27536	0.2951	0.2443
V238	0.00258	0	0	0.27558	0.72184
V239	0.07174	0.38971	0.05262	0.16431	0.32162
V240	0.0805	0.81563	0.02383	0.01805	0.06198
V241	0.0694	0.89434	0.0187	0.00381	0.01375
V242	0.04041	0.31665	0.3064	0.24523	0.09132
V243	0.47957	0	0.33553	0.01965	0.16525
V244	0.03825	0.38677	0.18979	0.08258	0.30261
V245	0.06621	0.86592	0.04069	0.02136	0.00581
V246	0.60353	0.25317	0.03506	0.00093	0.10732
V247	0.1981	0.08518	0.63851	0.03624	0.04197
V248	0.10317	0.57842	0.03175	0.02344	0.26322
V249	0.2477	0.04007	0.20628	0.10134	0.40461
V250	0.01578	0.0226	0.65092	0.03673	0.27397
V251	0.22246	0.0037	0.09753	0.56038	0.11594
V252	0.02198	0.11005	0.56308	0.1365	0.16839
V253	0.29619	0.55819	0.09146	0.03345	0.02072
V254	0.51378	0.38334	0.00836	0.0668	0.02772
V255	0.81452	0.06563	0.00297	0.01267	0.10421
V256	0.05675	0.73006	0.0289	0.01893	0.16536
V257	0.44424	0.28411	0.15094	0.02741	0.09331
V258	0.16771	0.32543	0.05585	0.40229	0.04871
V259	0.53556	0.25635	0.18222	0	0.02588
V260	0.24855	0.00407	0.10217	0.09744	0.54777
V261	0.01689	0.00791	0.52981	0.26899	0.1764
V262	0.91832	0.00538	0.05872	0	0.01758
V263	0.80846	0.06639	0.01829	0.0899	0.01696
V264	0.08339	0.85036	0.02483	0.03446	0.00696
V265	0.83038	0.06824	0.0832	0.00239	0.0158
V266	0.00707	0	0.06934	0.08054	0.84306
V267	0.03937	0	0	0.1748	0.78583
V268	0.20346	0.42202	0.14889	0.15675	0.06888
V269	0.09314	0.31795	0.36863	0.16747	0.05282
V270	0.04677	0	0.0342	0.82604	0.093
V271	0.22527	0.69815	0.02108	0.01872	0.03678
V272	0.11498	0.78745	0.03831	0.01494	0.04432
V273	0.29043	0	0.1835	0.30636	0.21972
V274	0.08531	0.01709	0.03249	0.20473	0.66038
V275	0.0596	0.68738	0.15523	0.0735	0.02429
V276	0.0042	0.00785	0.72468	0.20881	0.05446
V277	0.36595	0	0.59904	0	0.035
V278	0.00059	0.02622	0.35283	0.42733	0.19303
V279	0.1456	0	0.01145	0.70565	0.13731
V280	0.19634	0.00358	0.03908	0.58679	0.17421
V281	0.02977	0.2315	0.04626	0.61862	0.07385
V282	0.07782	0.88689	0.01844	0.00341	0.01342
V283	0.33497	0	0.10379	0.04535	0.5159
V284	0.02308	0.11358	0.52383	0.01316	0.32635
V285	0.50148	0.45508	0.01004	0.01813	0.01526
V286	0.07894	0.02577	0.85678	0.02146	0.01706
V287	0.24656	0.04318	0.17553	0.27312	0.26161
V288	0.20064	0	0.64147	0.00015	0.15773
V289	0.16334	0.22423	0.02684	0.52417	0.06142
V290	0.42238	0.43801	0.13859	0	0.00102
V291	0.41669	0.20258	0.01011	0.327	0.04362
V292	0.11202	0.00734	0.4048	0.04923	0.42661
V293	0	0.11764	0.81951	0.034	0.02884
V294	0.00368	0	0	0.07746	0.91886
V295	0.00995	0.01527	0.3453	0.48489	0.14459
V296	0.84839	0.10065	0.00512	0.00178	0.04407
V297	0.01352	0.01101	0.80079	0.10981	0.06486
V298	0.29371	0	0.00099	0.51836	0.18694
V299	0.27078	0	0.00976	0.65016	0.0693
V300	0.9762	0.00121	0.00617	0	0.01642
V301	0.95417	0	0.00941	0.01305	0.02337
V302	0.00281	0	6e-05	0.38632	0.61081
V303	0.10562	0.15373	0.2138	0.17048	0.35637
V304	0.18796	0.02592	0.75756	0	0.02856
V305	0.20601	0.29634	0.0947	0.10319	0.29976
V306	0.31983	0.63645	0.0131	0.00952	0.02111
V307	0.24099	0	0.28752	0.42943	0.04205
V308	0.23998	0	0.68652	0.05585	0.01766
V309	0.65548	0.04204	0.05506	0.10396	0.14346
V310	0.02579	0.00082	0	0.13514	0.83825
V311	0.01138	0	0.04389	0.83776	0.10698
V312	0.08538	0.22284	0.2418	0.02343	0.42654
V313	0.06465	0.28562	0.01609	0.29015	0.34349
V314	0.07408	0	0	0.35926	0.56666
V315	0.93994	0	0.01634	0	0.04372
V316	0.11756	0.53811	0.24753	0.02449	0.0723
V317	0.38997	0.06475	0.5189	0	0.02638
V318	0.89246	0	0.0057	0	0.10184
V319	0.10236	0.05767	0.83417	0	0.0058
V320	0.07857	0	0.00379	0.81463	0.10301
V321	0.13997	0.32623	0.316	0.17427	0.04352
V322	0.012	0.25293	0.57206	0.0417	0.12131
V323	0.25352	0.19602	0.44399	0.01186	0.09461
V324	0.03837	0.0359	0.04441	0.78505	0.09628
V325	0.63879	0.08605	0.09217	0.09879	0.0842
V326	0.03968	0	0.04667	0.15603	0.75762
V327	0.32771	0.47097	0.11545	0.01504	0.07083
V328	0.05201	0.29146	0.17306	0.42319	0.06029
V329	0.00036	0.04265	0.41349	0.48236	0.06115
V330	0.07677	0.02466	0.83992	0	0.05865
V331	0.12218	0	0.08198	0.11412	0.68172
V332	0.474	0.02982	0.46111	0	0.03506
V333	0.41737	0.00336	0.32488	0.14174	0.11265
V334	0.04439	0.27578	0.55949	0.06618	0.05416
V335	0.72259	0.03179	0.08853	0.02537	0.13172
V336	0.16734	0.55711	0.25975	0	0.01579
V337	0.00226	0	0.00574	0.18021	0.81179
V338	0.72274	0	0.15852	0.00795	0.1108
V339	0.21014	0.51619	0.18745	0	0.08622
V340	0.03159	0.13806	0.10411	0.08326	0.64297
V341	0.03115	0.47204	0.42889	0.00329	0.06463
V342	0.30209	0.13384	0.4658	0.08786	0.01041
V343	0.6994	0	0.29665	0	0.00395
V344	0.1105	0.72638	0.05201	0.02381	0.0873
V345	0.20895	0.02671	0.0015	0.27267	0.49016
V346	0.03965	0.30807	0.32809	0.26121	0.06298
V347	0.09141	0.51862	0.03328	0.28324	0.07345
V348	0.01489	0.12823	0.45854	0.21997	0.17837
V349	0.06652	0.29042	0.52855	0.00966	0.10485
V350	0.11471	0.40564	0.09126	0.21149	0.17689
V351	0.18122	0.01306	0.46384	0.29402	0.04787
V352	0.11517	0.52698	0.34833	0	0.00952
V353	0.24479	0.30469	0.04073	0.05364	0.35614
V354	0.57446	0	0.42383	0	0.00171
V355	0.08599	0.00299	0.36086	0.4913	0.05886
V356	0.08919	0.02354	0.83637	0.00769	0.0432
V357	0.03793	0.02485	0.50778	0.04035	0.3891
V358	0.02754	0.02691	0.03546	0.80917	0.10092
V359	0.05552	0.11235	0.0084	0.74155	0.08217
V360	0.72814	0.02481	0.10051	0.12902	0.01752
V361	0.33472	0.46419	0.09662	0	0.10447
V362	0.80666	0	0.09829	0	0.09506
V363	0.02619	0.01049	0	0.17004	0.79328
V364	0.0441	0.28361	0.0262	0.40188	0.2442
V365	0.00556	0.00056	0.00867	0.85075	0.13446
V366	0.20864	0.02689	0.61314	0.04902	0.10231
V367	0.22959	0.20129	0.21741	0.154	0.19771
V368	0.75504	0.06514	0.13379	0	0.04603
V369	0.05436	0.6364	0.23763	0.0644	0.0072
V370	0.02199	0.1431	0.12401	0.33835	0.37255
V371	0.07519	0.86309	0.05664	0.00108	0.00401
V372	0.66513	0.04706	0.15716	0.09252	0.03813
V373	0.12638	0.64116	0.13762	0.07881	0.01602
V374	0.09908	0.03725	0.40788	0.41455	0.04125
V375	0.31072	0	0.627	0.05339	0.00889
V376	0.00366	0	0.38771	0.04201	0.56662
V377	0.0963	0.50163	0.21758	0.16082	0.02367
V378	0.13766	0.52602	0.17903	0.00372	0.15357
V379	0.01746	0	0.09755	0.11068	0.77431
V380	0.01427	0.04036	0.17762	0.47108	0.29668
V381	0.13451	0.02399	0	0.05902	0.78248
V382	0.40375	0	0	0.27576	0.32049
V383	0.02948	0	0.2918	0.61451	0.06422
V384	0.30026	0.0245	0.17973	0.39744	0.09807
V385	0.0781	0.07295	0.00064	0.06161	0.78669
V386	0.67803	0	0.0054	0.28196	0.0346
V387	0.28034	0.00478	0.00558	0.61512	0.09418
V388	0.07064	0.81237	0.04704	0.05425	0.0157
V389	0.13178	0.74748	0.02948	0.02889	0.06237
V390	0.17838	0	0.0019	0.6388	0.18092
V391	0.71097	0.14382	0.00352	0.06053	0.08116
V392	0.94811	0.025	0.01359	0	0.0133
V393	0.09957	0.00582	0.15789	0.50375	0.23297
V394	0.71888	0	0.02638	0.13764	0.1171
V395	0	0	0.4011	0.53184	0.06706
V396	0.5552	0.00848	0.42753	0	0.00879
V397	0.68211	0.12443	0.04141	0.09522	0.05683
V398	0.05869	0	0.17647	0.60991	0.15493
V399	0.03635	0.01112	0	0.26443	0.68811
V400	0.17342	0.5236	0.16702	0.12401	0.01195
V401	0.3256	0	0.65419	0.01431	0.0059
V402	0.38162	0.00814	0.46542	0.0534	0.09142
V403	0.13902	0.05329	0	0.15197	0.65571
V404	0	0.04442	0.5094	0.35731	0.08887
V405	0.35206	0.24848	0.07928	0.19557	0.12462
V406	0.01495	0.03751	0.92225	0	0.02529
V407	0.89872	0.02257	0.04263	0.02378	0.01231
V408	0.04025	0.36592	0.01034	0.23458	0.34892
V409	0.10809	0	0.06537	0.64572	0.18082
V410	0.12106	0.11063	0.32135	0.05498	0.39199
V411	0.00427	0	0	0.08481	0.91092
V412	0.02074	0.11825	0.121	0.06402	0.67599
V413	0.02808	0.24894	0.15806	0.33564	0.22929
V414	0.04096	0.07581	0	0.43305	0.45019
V415	0.14046	0	0	0.05907	0.80047
V416	0.0987	0.06498	0.01656	0.16234	0.65742
V417	0.00353	0.01085	0.7877	0.11212	0.0858
V418	0.54033	0.38721	0.0307	0.0043	0.03746
V419	0.23052	0	0.01409	0.13753	0.61786
V420	0.20665	0	0.0918	0.07283	0.62871
V421	0	0	0.11585	0.09079	0.79336
V422	0.01442	0.00065	0.05129	0.67781	0.25583
V423	0.3018	0.17426	0.30728	0.17269	0.04397
V424	0	0	0.47543	0.02928	0.49528
V425	0.32608	0.35877	0.00445	0.02062	0.29008
V426	0.24287	0.17456	0.02453	0.4263	0.13174
V427	0.21243	0.62	0.15946	0	0.0081
V428	0.10667	0.63461	0.08447	0.07927	0.09498
V429	0.13291	0.76501	0.01543	0.05445	0.0322
V430	0.02777	0.00086	0.41555	0.18187	0.37396
V431	0.12163	0.36609	0.21165	0.22319	0.07745
V432	0.31085	0.04253	0.13554	0.32379	0.18728
V433	0.19946	0	0.54948	0.20228	0.04877
V434	0.2457	0.26988	0.38576	0.00596	0.0927
V435	0.56618	0.02619	0.37971	0.01397	0.01396
V436	0.07208	0.57138	0.10792	0.05152	0.1971
V437	0.17851	0	0.02256	0.17948	0.61945
V438	0.14155	0.30026	0.21218	0.25464	0.09138
V439	0.62409	0	0.04927	0.27899	0.04765
V440	0.02966	0.34667	0.55853	0.00736	0.05778
V441	0.04554	0.53319	0.38817	0.02069	0.01241
V442	0.07787	0.88809	0.02633	0.00257	0.00513
V443	0.94868	0	0.0091	0.02616	0.01606
V444	0.16158	0.43775	0.04021	0.29507	0.0654
V445	0.07456	0.4217	0.04901	0.39646	0.05827
V446	0.11259	0.01563	0.10699	0.53985	0.22495
V447	0.06142	0	0.00661	0.42746	0.50452
V448	0.14503	0	0.00994	0.0705	0.77453
V449	0	0.03444	0.95593	0	0.00963
V450	0.20484	0.06544	0.25404	0.13135	0.34433
V451	0.28028	0.18471	0.06948	0.31517	0.15036
V452	0.00996	0	0.17282	0.69192	0.1253
V453	0.0154	0	0	0.43533	0.54927
V454	0.00459	0.00437	0.68803	0.02954	0.27346
V455	0.0633	0.20633	0.27729	0.0576	0.39547
V456	0.94033	0	0.00268	0.00853	0.04846
V457	0.66734	0.19622	0.04276	0.04299	0.05069
V458	0.03078	0.35823	0.51565	0.04383	0.05151
V459	0.13693	0.04369	0.05629	0.46011	0.30298
V460	0.69252	0.0176	0.21212	0.0442	0.03356
V461	0.1896	0.28225	0.2491	0.02165	0.25739
V462	0.05015	0.06646	0.01191	0.47413	0.39735
V463	0.22486	0.04879	0.01472	0.63585	0.07579
V464	0.16646	0.17454	0.64732	0	0.01167
V465	0.03965	0.07485	0.00847	0.07791	0.79912
V466	0.0192	0	0	0.14211	0.83869
V467	0.06302	0.25766	0.02681	0.5018	0.1507
V468	0.5578	0.2901	0.11894	0	0.03317
V469	0.02608	0.32046	0.06052	0.2544	0.33854
V470	0.847	0.03711	0.03357	0.06023	0.02209
V471	0.38866	0.28261	0.03466	0.12846	0.1656
V472	0.00711	0.01127	0.0326	0.07197	0.87704
V473	0.0342	0.20862	0.25235	0.28897	0.21586
V474	0.30317	0.12099	0.06946	0.4172	0.08917
V475	0.15827	0.01552	0.60444	0.02657	0.1952
V476	0.16136	0.0162	0.1085	0.58474	0.12921
V477	0.06942	0.89554	0.02669	0.00294	0.00541
V478	0.154	0	0	0.05802	0.78798
V479	0.84776	0.037	0.04157	0.05257	0.02111
V480	0.14726	0.6443	0.06843	0.09656	0.04345
V481	0.24679	0.35724	0.07156	0.16444	0.15997
V482	0.12389	0.66422	0.19536	0	0.01653
V483	0.31652	0.523	0.00995	0.08815	0.06237
V484	0.22751	0.50808	0.12824	0.10878	0.02739
V485	0.67507	0.05621	0.12888	0.10069	0.03915
V486	0.06189	0.05445	0.28694	0.03463	0.56209
V487	0.13891	0.11657	0.43791	0.27095	0.03565
V488	0.41751	0.04868	0	0.31868	0.21512
V489	0.00915	0.22784	0.67783	0.05718	0.028
V490	0.00387	0.01121	0.77385	0.17853	0.03255
V491	0.04536	0.44237	0.05331	0.10338	0.35558
V492	0.03448	0.14346	0.03545	0.68353	0.10308
V493	0.01411	0	0.00661	0.86485	0.11443
V494	0.32764	0	0.01576	0.5142	0.1424
V495	0.33967	0.2019	0.22906	0.14924	0.08014
V496	0.12218	0.0048	0.04681	0.05641	0.76981
V497	0.09254	0.00813	0.14018	0.12622	0.63292
V498	0.09111	0.83298	0.03954	0.00848	0.02789
V499	0.04352	0.20524	0.25625	0.07623	0.41876
V500	0.1189	0.48564	0.1209	0.19235	0.0822
V501	0.07259	0.29248	0.01446	0.04931	0.57116
V502	0.14283	0.77411	0.05429	0.02416	0.00461
V503	0.44642	0	0.21837	0.13067	0.20455
V504	0.46527	0.18149	0.0075	0.01986	0.32588
V505	0.6087	0	0.02177	0.08339	0.28614
V506	0.03979	0.49351	0.07025	0.0319	0.36454
V507	0.84535	0	0.03336	0.07409	0.0472
V508	0.04467	0.62075	0.21712	0.03511	0.08235
V509	0.06391	0.45094	0.14802	0.17598	0.16114
V510	0.409	0.48901	0.05688	0.03127	0.01384
V511	0.06781	0.30264	0.52198	0.02955	0.07802
V512	0.15523	0.44318	0.18204	0.04633	0.17322
V513	0.1773	0.66344	0.08465	0.0375	0.03712
V514	0.00482	0	0.20601	0.07933	0.70984
V515	0.07913	0.13258	0.00029	0.7099	0.07811
V516	0.16831	0.36255	0.1219	0.30068	0.04656
V517	0.01613	0.02716	0.0552	0.80217	0.09933
V518	0.4281	0	0.34699	0.17024	0.05467
V519	0.80279	0.04652	0.00996	0.11325	0.02747
V520	0.09021	0.82326	0.03216	0.04693	0.00744
V521	0.212	0	0.14331	0.57854	0.06615
V522	0.04832	0.19056	0.58501	0.11592	0.06019
V523	0.14752	0.04966	0.76056	0.02682	0.01544
V524	0.33929	0.0139	0.57569	0	0.07112
V525	0.01781	0.17428	0.02702	0.06452	0.71637
V526	0.03637	0.03948	0.86905	0.00977	0.04534
V527	0.09085	0.47376	0.40173	0.00598	0.02767
V528	0.1552	0	0.01975	0.74456	0.08048
V529	0.20983	0.02545	0.74517	0	0.01956
V530	0.01441	0.03094	0.88132	0.03406	0.03927
V531	0.17932	0.49774	0.09767	0.02149	0.20379
V532	0.0651	0.23791	0.29393	0.01985	0.38321
V533	0.24275	0	0	0.04876	0.70849
V534	0.13137	0.0636	0	0.69947	0.10556
V535	0.81996	0.10835	0.05875	0	0.01293
V536	0.12405	0.15948	0.38848	0.03798	0.29001
V537	0.01647	0.00187	0.00767	0.07427	0.89972
V538	0.61443	0.08947	0.00694	0.03281	0.25634
V539	0.01314	0.14928	0.66289	0.08571	0.08898
V540	0.16698	0.45245	0.09715	0.05232	0.23111
V541	0.04104	0.37483	0.02494	0.05736	0.50182
V542	0.046	0.34091	0.12194	0.38553	0.10562
V543	0.06232	0.10234	0.68432	0.038	0.11302
V544	0.34171	0.16994	0.19025	0.06283	0.23527
V545	0.61622	0.3612	0.01631	0	0.00628
V546	0.08389	0.75418	0.09358	0.00842	0.05993
V547	0.10467	0.76191	0.01534	0.08288	0.0352
V548	0.00967	0.06347	0.00878	0.81368	0.10441
V549	0.00182	0	0.01396	0.19327	0.79095
V550	0.06169	0.81652	0.10379	0.00644	0.01156
V551	0.01608	0	0	0.87615	0.10777
V552	0.20107	0	0.01174	0.07747	0.70973
V553	0.78569	0	0.02014	0.12404	0.07014
V554	0.10939	0.03954	0.51846	0.2848	0.0478
V555	0.06713	0.8744	0.02542	0.00409	0.02896
V556	0.08204	0.04162	0.06092	0.68354	0.13188
V557	0.3171	0.23915	0.044	0.31241	0.08734
V558	0.00403	0.0236	0.79929	0.12612	0.04696
V559	0.10667	0.41342	0.44415	0	0.03577
V560	0.62664	0.22841	0.14299	0	0.00196
V561	0.70193	0	0.13997	0.00375	0.15435
V562	0.11526	0.02798	0.15027	0.11325	0.59324
V563	0.21658	0.24298	0.21485	0.10414	0.22146
V564	0.34971	0	0.06327	0.32374	0.26328
V565	0.0027	0	0.00551	0.10367	0.88813
V566	0.29671	0.12458	0.03046	0.30175	0.2465
V567	0.01409	0.01934	0.94952	0	0.01705
V568	0.03214	0.22335	0.45004	0.26737	0.0271
V569	0.64147	0.07777	0.11992	0.10377	0.05707
V570	0.13464	0.00869	0.30354	0.42794	0.1252
V571	0.26329	0	0.24799	0.31306	0.17566
V572	0.83232	0	0	0.00298	0.1647
V573	0.07706	0.05554	0.3578	0.34896	0.16065
V574	0.52512	0.28005	0.08716	0.07293	0.03475
V575	0.34961	0	0.1201	0.06427	0.46602
V576	0.06437	0.83695	0.02447	0.01235	0.06185
V577	0.40884	0.48947	0.04866	0.03845	0.01458
V578	0.02582	0.15666	0.53728	0.20042	0.07981
V579	0.03457	0.49783	0.32381	0.02272	0.12107
V580	0.21814	0.53894	0.02522	0.17426	0.04344
V581	0.06138	0.47898	0.38025	0.06368	0.01572
V582	0	0.06358	0.92688	0	0.00953
V583	0.62914	0	0.35991	0.00495	0.006
V584	0.22244	0.48451	0.1156	0.02992	0.14753
V585	0.06537	0.74263	0.07752	0.04996	0.06452
V586	0.05569	0.75983	0.17007	0.01074	0.00367
V587	0.06977	0.65125	0.01883	0.03568	0.22447
V588	0.23307	0.39072	0.36877	0	0.00744
V589	0.10573	0.41155	0.05745	0.36187	0.06339
V590	0.06708	0.74356	0.01426	0.01869	0.15641
V591	0.45236	0.48747	0.04875	0	0.01141
V592	0.0128	0	0.76789	0.0298	0.18951
V593	0.42433	0	0.00201	0.46593	0.10773
V594	0.00184	0.12857	0.66834	0.12737	0.07388
V595	0.54188	0.01714	0.0753	0.28918	0.07651
V596	0.46762	0.17397	0.22305	0.09801	0.03735
V597	0.02683	0.167	0.00332	0.13412	0.66873
V598	0.55327	0	0	0.01785	0.42888
V599	0.08291	0.40405	0.10323	0.33959	0.07022
V600	0.28046	0	0.19658	0.35354	0.16943
V601	0.13937	0.08502	0.00401	0.44193	0.32968
V602	0.82063	0.1622	0.00689	0	0.01027
V603	0.12285	0.11534	0.02596	0.14687	0.58899
V604	0.01457	0.01654	0.72245	0.09167	0.15476
V605	0.0245	0.03893	0.12086	0.10448	0.71123
V606	0.82445	0	0	0.00336	0.17219
V607	0.14937	0.08081	0.01635	0.05767	0.6958
V608	0.7567	0	0.03632	0.06946	0.13751
V609	0.18915	0.30715	0.0189	0.36161	0.12319
V610	0.09919	0.65501	0.02051	0.1961	0.02918
V611	0.27409	0.01702	0.63486	0.0065	0.06754
V612	0.3763	0.02267	0.32105	0.0165	0.26349
V613	0.40359	0.52418	0.04941	0.0176	0.00521
V614	0.524	0.00149	0.01838	0.07927	0.37686
V615	0.00808	0.08519	0.13852	0.53292	0.23529
V616	0.66674	0	0.15947	0.11619	0.0576
V617	0.22628	0.05363	0.48225	0.0793	0.15853
V618	0.72271	0.07136	0.07211	0.00544	0.12838
V619	0.54156	0.01393	0.16037	0.01009	0.27405
V620	0.041	0.01673	0.38341	0.49823	0.06063
V621	0.13736	0.19553	0.29699	0.01531	0.35482
V622	0.02115	0.1868	0.34353	0.03089	0.41763
V623	0.06584	0	0.00195	0.6493	0.28291
V624	0.89681	0	0.0056	0.00947	0.08813
V625	0.00684	0.05964	0.10405	0.73968	0.08979
V626	0.07163	0.02001	0.58547	0.26598	0.05692
V627	0.09997	0.12703	0.11257	0.06069	0.59973
V628	0.95589	0.0027	0.01277	0.01322	0.01542
V629	0.12646	0.22961	0.62453	0.00698	0.01243
V630	0.01667	0.15424	0.0186	0.07383	0.73665
V631	0	0	0.25598	0.05527	0.68875
V632	0.0663	0.7339	0.02139	0.03681	0.14161
V633	0.04968	0	0.09043	0.48826	0.37164
V634	0.40628	0.43423	0.15758	0	0.00191
V635	0.03598	0.07972	0.17675	0.05927	0.64829
V636	0.20206	0.15269	0.32994	0.16792	0.1474
V637	0.21665	0	0.437	0.22255	0.1238
V638	0.08486	0.43757	0.0279	0.08837	0.3613
V639	0.51568	0.38844	0.08665	0	0.00923
V640	0.10757	0.16722	0.08297	0.22026	0.42198
V641	0.11095	0.70368	0.03687	0.11135	0.03715
V642	0.75334	0.01659	0.0088	0.1945	0.02676
V643	0.07181	0.82465	0.07943	0.01942	0.00467
V644	0.05554	0.44001	0.03188	0.3952	0.07736
V645	0.16961	0.72727	0.02992	0.06484	0.00835
V646	0.14329	0.52504	0.04153	0.19826	0.09188
V647	0.93573	0	0.00812	0.03952	0.01663
V648	0.44472	0.08943	0.00598	0.25403	0.20584
V649	0.25628	0.06434	0.07757	0.11641	0.48539
V650	0.02125	0	0.06246	0.82355	0.09274
V651	0.15081	0.21435	0.00168	0.57387	0.05929
V652	0.37078	0	0.03607	0.52092	0.07223
V653	0.3525	0	0.05582	0.49335	0.09833
V654	0.02946	0.05648	0	0.10924	0.80482
V655	0.16174	0.04459	0.32692	0.41642	0.05032
V656	0.09912	0	0	0.13136	0.76951
V657	0.04894	0.48522	0.04043	0.28344	0.14198
V658	0.02631	0.01743	0.02999	0.56823	0.35805
V659	0.01438	0.01339	0.08258	0.73643	0.15322
V660	0.06401	0.30466	0.02257	0.06737	0.54139
V661	0.05968	0.63942	0.02738	0.15092	0.1226
V662	0.04348	0.40114	0.02585	0.03579	0.49375
V663	0.97323	0	0.01277	0	0.01401
V664	0.01535	0	0.11377	0.36769	0.50319
V665	0.04432	0.6176	0.21945	0.06846	0.05017
V666	0.10867	0.82621	0.05548	0.00597	0.00367
V667	0.04725	0.53514	0.27208	0.08407	0.06146
V668	0.63645	0.2293	0.05982	0.04152	0.03291
V669	0.46271	0.2981	0.03551	0.07598	0.12771
V670	0.10435	0.59944	0.05682	0.0382	0.2012
V671	0.77209	0	0.20156	0.01174	0.01461
V672	0.0886	0.05119	0.09032	0.28886	0.48102
V673	0.00763	0.00352	0	0.14522	0.84363
V674	0.36621	0.08465	0.50689	0	0.04225
V675	0.68258	0	0.04003	0.13262	0.14477
V676	0.25488	0.08657	0.50584	0	0.15271
V677	0.04915	0.26929	0.23492	0.34421	0.10243
V678	0.05353	0.28338	0.01413	0.06593	0.58303
V679	0.00761	0.01051	0.49161	0.43419	0.05608
V680	0.15489	0	0.01293	0.32552	0.50665
V681	0.53609	0.00544	0.04708	0.27542	0.13597
V682	0	0.03444	0.95593	0	0.00963
V683	0.06685	0.17427	0.63426	0	0.12462
V684	0.05989	0	0.00649	0.83713	0.09649
V685	0.00386	0.0302	0.85891	0.08245	0.02458
V686	0.28448	0.59909	0.08367	0.0136	0.01916
V687	0	0.00354	0.61798	0.32199	0.0565
V688	0	0.02926	0.94159	0	0.02914
V689	0.50193	0.0286	0.2095	0.09281	0.16715
V690	0.11738	0.81812	0.03189	0.01978	0.01283
V691	0.14507	0.12564	0.05189	0.58042	0.09698
V692	0.07054	0.01022	0.01403	0.72052	0.18469
V693	0.03241	0.49619	0.43751	0.02075	0.01314
V694	0.09095	0.19242	0.04341	0.53928	0.13394
V695	0.11751	0.087	0.13916	0.05242	0.60391
V696	0.11811	0	0.75341	0	0.12848
V697	0.10351	0.0992	0.33454	0.30816	0.15458
V698	0.01036	0	0.16217	0.06416	0.76331
V699	0.03438	0	0.04856	0.61639	0.30067
V700	0.07694	0.77525	0.0855	0.00269	0.05962
V701	0.01702	0.15434	0.01065	0.0681	0.7499
V702	0.02326	0.11758	0.0066	0.61927	0.23329
V703	0.01609	0.00773	0.0269	0.84147	0.1078
V704	0.04003	0.03942	0.38424	0.04288	0.49343
V705	0.94379	0.00133	0.00448	0.00217	0.04823
V706	0.15677	0.13971	0.17129	0.40153	0.1307
V707	0.1371	0.10219	0.07266	0.25744	0.43062
V708	0.03932	0.57667	0.38046	0.00031	0.00325
V709	0.00474	0	0.02312	0.0739	0.89825
V710	0.12245	0.0109	0.4774	0.01413	0.37511
V711	0.04556	0	0.00951	0.08189	0.86304
V712	0.05764	0.01643	0.72959	0.15875	0.03759
V713	0.25889	0.4138	0.32406	0.001	0.00226
V714	0.04022	0	0	0.07264	0.88714
V715	0.01344	0.28079	0.60552	0.08004	0.02021
V716	0.73519	0.17532	0.01993	0.03483	0.03472
V717	0.39054	0.13961	0.12698	0.03092	0.31196
V718	0.67199	0	0.27692	0	0.05109
V719	0.40614	0.22187	0.11435	0.10313	0.15451
V720	0.11313	0.0151	0.08242	0.07992	0.70944
V721	0.01922	0	0.0365	0.08322	0.86105
V722	0.02906	0.23494	0.06149	0.4447	0.22981
V723	0.11458	0.219	0.12167	0.47056	0.0742
V724	0.13822	0.64606	0.05228	0.14086	0.02257
V725	0.02148	0	0	0.07464	0.90388
V726	0.22288	0.47912	0.06355	0.0545	0.17996
V727	0.00383	0.02852	0.93955	0	0.0281
V728	0.79803	0	0.13375	0.04955	0.01867
V729	0.62516	0.09871	0.03312	0.20954	0.03347
V730	0.12051	0.01178	0.40733	0.35427	0.1061
V731	0.00438	0.00834	0.06647	0.82656	0.09425
V732	0.01451	0	0.00706	0.87319	0.10524
V733	0.02593	0.04628	0.90362	0	0.02418
V734	0.51215	0.06872	0.37359	0.02315	0.02238
V735	0.06876	0.13442	0.2097	0.05421	0.53292
V736	0.0088	0.02215	0.00033	0.07494	0.89378
V737	0.97168	5e-04	0.01405	0	0.01376
V738	0.03597	0.42083	0.01884	0.04266	0.4817
V739	0.01825	0.01191	0	0.86555	0.10429
V740	0.20319	0.05335	0.10137	0.04964	0.59246
V741	0.51061	0	0.00408	0.2947	0.19061
V742	0.07053	0.01599	0.5507	0.157	0.20577
V743	0.02512	0.02821	0.0671	0.1399	0.73967
V744	0.20095	0.04965	0.18176	0.4717	0.09595
V745	0.17417	0.00754	0.05099	0.68671	0.0806
V746	0.36316	0.54269	0.04897	0.00147	0.04371
V747	0.02588	0.0437	0.8956	0	0.03482
V748	0.16276	0.18764	0.2834	0.06282	0.30339
V749	0.18986	0.08949	0.12734	0.39713	0.19619
V750	0.75504	0.18675	0.01345	0.03329	0.01147
V751	0.04179	0.36847	0.56558	0.01102	0.01315
V752	0.02261	0.10477	0.01731	0.07026	0.78506
V753	0.55324	0.02892	0.25384	0.01923	0.14478
V754	0.1239	0.33326	0.01221	0.47355	0.05708
V755	0.24305	0.69484	0.05234	0	0.00978
V756	0.02118	0.08605	0.01706	0.10515	0.77057
V757	0.17576	0	0.10372	0.64652	0.07399
V758	0.07779	0.44716	0.00751	0.41508	0.05245
V759	0.08111	0.00662	0.09028	0.05643	0.76555
V760	0.07333	0.01312	0.20986	0.24466	0.45902
V761	0.06233	0.25455	0.67141	0	0.0117
V762	0.01357	0.02725	0.17309	0.37192	0.41417
V763	0.03207	0.2407	0.00516	0.05374	0.66834
V764	0.11685	0.05205	0.09042	0.65522	0.08545
V765	0.1707	0.01885	0.66435	0.03459	0.11151
V766	0.08252	0.46765	0.25089	0.04563	0.1533
V767	0.27562	0.45964	0.07172	0.0438	0.14923
V768	0.07898	0.80442	0.06284	0.03982	0.01395
V769	0.7568	0	0.19135	0	0.05185
V770	0.31871	0	0.52772	0.13045	0.02312
V771	0.08234	0.70217	0.02078	0.08235	0.11236
V772	0.04722	0.03509	0.91092	0	0.00677
V773	0.02117	0	0	0.19146	0.78736
V774	0.15252	0	0.5327	0.00658	0.3082
V775	0.91049	0	0.02111	0.03839	0.03001
V776	0.361	0.4152	0.1698	0.01756	0.03644
V777	0.22155	0.37007	0.25719	0.08876	0.06243
V778	0.536	0.03442	0.01289	0.19825	0.21845
V779	0.07531	0.40597	0.49443	0.00434	0.01995
V780	0.01465	0.01998	0.95611	0	0.00925
V781	0.17762	0.28323	0.17542	0.01602	0.34772
V782	0.22277	0.21183	0.0205	0.03749	0.50741
V783	0	0.00186	0.62773	0.03627	0.33414
V784	0.04941	0.61245	0.01181	0.21394	0.11239
V785	0.71557	0.12401	0.00312	0.08224	0.07507
V786	0.17352	0.20098	0.01734	0.52681	0.08135
V787	0.14712	0.59141	0.01083	0.16319	0.08746
V788	0.37651	0.40191	0.0784	4e-05	0.14314
V789	0.01575	0.14919	0.00488	0.37054	0.45964
V790	0.28033	0.20491	0.06543	0.11328	0.33604
V791	0.17819	0.19939	0.07477	0.1858	0.36184
V792	0.94402	0.00187	0.02765	0	0.02646
V793	0.32743	0.24831	0.0581	0.09134	0.27482
V794	0.01324	0.00112	0.09525	0.1928	0.6976
V795	0.14449	0.79827	0.03117	0.00638	0.01969
V796	0.30376	0.40444	0.11829	0.12641	0.04711
V797	0.12102	0	0	0.07469	0.8043
V798	0.13841	0.49015	0.0143	0.08677	0.27038
V799	0.03498	0.16349	0.05357	0.6233	0.12466
V800	0.02281	0	0.00602	0.15622	0.81495
V801	0.38844	0	0.13113	0.40306	0.07737
V802	0.03647	0.17306	0.0109	0.06394	0.71562
V803	0.31764	0.01436	0.00574	0.57266	0.0896
V804	0.20633	0.15185	0.21406	0.33687	0.0909
V805	0.14886	0.1245	0.45373	0.14801	0.12491
V806	0.47181	0	0.20119	0.0607	0.2663
V807	0.71537	0	0.06382	0.04185	0.17896
V808	0.83315	0	0.04981	0	0.11704
V809	0.20397	0.58628	0.03308	0.03247	0.1442
V810	0.02725	0.04517	0.03747	0.43276	0.45735
V811	0.04893	0.07563	0.01678	0.1381	0.72057
V812	0.04603	0.64412	0.20075	0.0679	0.0412
V813	0.03364	0.19608	0.20803	0.03419	0.52806
V814	0.20754	0.54389	0.0756	0.13434	0.03863
V815	0.2363	0.66331	0.04368	0.04277	0.01393
V816	0.04211	0.51693	0.01759	0.35032	0.07306
V817	0.81536	0.00967	0.16062	0.00641	0.00794
V818	0.04089	0.18923	0.35005	0.04834	0.37149
V819	0.95174	0.0012	0.02027	0.01231	0.01448
V820	0.07943	0.36415	0.13231	0.35215	0.07196
V821	0.00457	0	0	0.0781	0.91733
V822	0.19734	0	0.01412	0.71235	0.07619
V823	0.04367	0.06157	0.21366	0.04316	0.63795
V824	0.06376	0.007	0.01487	0.06675	0.84762
V825	0.14967	0.00018	0.67971	0.15296	0.01748
V826	0.03624	0.02439	0.92247	0.00765	0.00926
V827	0.35534	0.13674	0	0.3534	0.15452
V828	0.23573	0.1175	0.10592	0.07531	0.46554
V829	0.08737	0.07016	0.31019	0.17051	0.36177
V830	0.14533	0.01025	0.70062	0.01352	0.13029
V831	0.05421	0.71767	0.06174	0.12743	0.03895
V832	0.19408	0	0.06107	0.23612	0.50873
V833	0.19693	0.73687	0.02231	0.00048	0.0434
V834	0.7451	0.12257	0.04144	0.01588	0.07501
V835	0.25934	0.27711	0.0996	0.24348	0.12047
V836	0.38421	0.05376	0.46468	0.07878	0.01857
V837	0.05999	0.78937	0.03047	0.03929	0.08088
V838	0.00023	0	0.08332	0.81367	0.10277
V839	0.03361	0.00857	0.06529	0.06487	0.82766
V840	0.93644	0	0.03254	0.01057	0.02045
V841	0.22018	0.01558	0.75318	0	0.01105
V842	0.54626	0.02079	0.22336	0.17295	0.03663
V843	0.44823	0	0.14686	0.07355	0.33136
V844	0.01473	0.17665	0.76354	0.01096	0.03411
V845	0.02378	0	0	0.57015	0.40607
V846	0.10318	0.01577	0.09219	0.10045	0.68841
V847	0.19214	0	0.04307	0.145	0.61979
V848	0.74107	0.01249	0.00712	0.08073	0.15859
V849	0.13454	0.04559	0.71337	0	0.1065
V850	0.2139	0.01307	0.29973	0.14689	0.32642
V851	0.97183	0	0.00399	0	0.02418
V852	0.2346	0.03543	0.07814	0.17615	0.47568
V853	0.03266	0.12327	0.62099	0.12056	0.10253
V854	0.05253	0.32894	0.25089	0.08032	0.28732
V855	0.11357	0.38013	0.10195	0.28108	0.12327
V856	0.15928	0.36333	0.05816	0.02347	0.39576
V857	0.0767	0.02554	0.17573	0.39801	0.32402
V858	0.03375	0.33472	0.19618	0.19415	0.2412
V859	0.13818	0	0.02264	0.72167	0.11751
V860	0.04373	0.14039	0.07177	0.61096	0.13315
V861	0.149	0.00827	0.14056	0.62982	0.07235
V862	0.05755	0	0.01114	0.135	0.79632
V863	0.06622	0.86211	0.03267	0.01001	0.02899
V864	0.0347	0.00911	0.89711	0.0472	0.01187
V865	0.08074	0.00158	0.67243	0.22124	0.02401
V866	0.02772	0.04866	0.66423	0.20723	0.05215
V867	0.56061	0.00156	0.00366	0.01767	0.41649
V868	0.23637	0.21266	0.42144	0.09309	0.03644
V869	0.00897	0	0.01121	0.08057	0.89925
V870	0.27521	0.14773	0.08526	0.23107	0.26072
V871	0.03404	0.02827	0.09381	0.12844	0.71545
V872	0.4017	0.02106	0.01382	0.4573	0.10613
V873	0.0648	0.32176	0.16116	0.34083	0.11145
V874	0.085	0.02546	0	0.0714	0.81815
V875	0.01663	0.17551	0.02354	0.45615	0.32819
V876	0.46501	0.03087	0.05905	0.03078	0.4143
V877	0.23765	0.6155	0.05103	0.07139	0.02442
V878	0.05223	0.67637	0.05327	0.18204	0.03608
V879	0.92096	0.0262	0.01972	0.01207	0.02105
V880	0.08116	0.0632	0.02822	0.40416	0.42326
V881	0.00619	0	0.52404	0.02418	0.44558
V882	0.05908	0.47967	0.02489	0.39553	0.04083
V883	0.5163	0.16054	0.0163	0.16512	0.14174
V884	0.00227	0	0	0.08534	0.91239
V885	0.16583	0.05099	0.40026	0.10817	0.27474
V886	0	0	0.02118	0.23598	0.74285
V887	0.109	0.82802	0.02427	0.0028	0.03591
V888	0.06281	0.0955	0.06135	0.64319	0.13715
V889	0.13346	0.77417	0.05381	0.01867	0.01989
V890	0.03287	0	0.14985	0.61457	0.20271
V891	0	0.06288	0.92438	0.00214	0.0106
V892	0.59338	0.22223	0.02594	0.00465	0.15379
V893	0.1485	0.17248	0.53056	0.06559	0.08287
V894	0.11116	0.52102	0.05883	0.23218	0.07681
V895	0.69067	0	0.29118	0.00479	0.01336
V896	0.21997	0.21081	0.25659	0.27722	0.03542
V897	0.00036	0	0.0405	0.72703	0.23211
V898	0.36527	0	0.00359	0.05233	0.57881
V899	0.56749	0.2974	0.09316	0	0.04195
V900	0.26663	0.21996	0.29623	0.17344	0.04373
V901	0.68102	0.03371	0.00731	0.16515	0.11282
V902	0.858	0.02712	0.02519	0.02806	0.06163
V903	0.28878	0.05547	0.07823	0.48077	0.09675
V904	0.73061	0.07639	0.16739	0	0.02561
V905	0.03399	0.30454	0.07009	0.30529	0.28609
V906	0.15068	0.03188	0.47358	0.07383	0.27003
V907	0.72277	0.0937	0.07393	0.0491	0.0605
V908	0.03702	0.33629	0.05587	0.45715	0.11367
V909	0.02239	0.11026	0.01621	0.68369	0.16745
V910	0.67777	0.15241	0.01779	0.05447	0.09757
V911	0.04226	0.24611	0.52721	0.00803	0.17638
V912	0.03106	5e-04	0.14766	0.10382	0.71696
V913	0.14897	0.00601	0.07862	0.63148	0.13492
V914	0.78016	0.01377	0.0158	0.11156	0.07871
V915	0.187	0.15217	0.05093	0.04222	0.56769
V916	0.79561	0	0.12214	0	0.08225
V917	0.43121	0.01136	0	0.0412	0.51622
V918	0.59665	0.12321	0.23281	0.0172	0.03013
V919	0.4394	0.1442	0.01555	0.25813	0.14271
V920	0.19136	0	0.12561	0.61309	0.06993
V921	0.18861	0.15678	0.11347	0.02905	0.5121
V922	0.03447	0.00364	0.69947	0.00446	0.25797
V923	0.15621	0.4484	0.02839	0.05984	0.30716
V924	0.52446	0.08922	0	0.23528	0.15105
V925	0.14727	0.10412	0.49971	0.14567	0.10323
V926	0.01679	0.00237	0	0.08183	0.89902
V927	0.54131	0.2385	0.12287	0.07119	0.02613
V928	0.12421	0.24808	0.22844	0.16778	0.2315
V929	0.0602	0.23993	0.00512	0.05008	0.64467
V930	0.06532	0	0.05121	0.06211	0.82136
V931	0.48221	0.11152	0.01326	0.05549	0.33752
V932	0.04996	0.0924	0.04507	0.30638	0.50619
V933	0.29058	0	0.04499	0.26216	0.40227
V934	0.67913	0.04297	0.2736	0	0.0043
V935	0.59018	0.08669	0.1374	0.0492	0.13653
V936	0.32575	0.04461	0.12756	0.41285	0.08922
V937	0.14763	0.67494	0.10986	0.031	0.03657
V938	0.1015	0.8469	0.04034	0.00697	0.00429
V939	0	0	0.00591	0.31269	0.6814
V940	0.56941	0.05272	0.08872	0.05155	0.2376
V941	0.0199	0.1137	0.12618	0.43941	0.30081
V942	0.7425	0.22725	0.01429	0.00663	0.00932
V943	0.04768	0.07433	0.04905	0.06607	0.76287
V944	0.36051	0.00186	0.12718	0.44698	0.06347
V945	0.05248	0.25267	0.59657	0.02861	0.06968
V946	0.04034	0.47504	0.47312	0	0.0115
V947	0.38144	0	0.02358	0.12808	0.46691
V948	0.08979	0.67859	0.0519	0.10063	0.0791
V949	0.87188	0.0833	0.03602	0	0.0088
V950	0.07128	0.00339	0.02515	0.80987	0.09031
V951	0.32352	0.00101	0	0.48193	0.19354
V952	0.13728	0.01548	0.04881	0.601	0.19743
V953	0.4964	0.07161	0.00712	0.34141	0.08347
V954	0.24618	0.51239	0.07326	0.05592	0.11225
