Neutrophils	Monocytes_CD14.CD16.	Macrophage	T_cells_.CD4..	NK_cells
V1	0.3603	0.10173	0.24562	0.11975	0.17261
V2	0.04429	0.79563	0.04324	0.03483	0.08201
V3	0.08216	0	0.41389	0.43003	0.07391
V4	0.01746	0	0.23393	0.02443	0.72418
V5	0.02011	0	0.04902	0.06968	0.86119
V6	0.37039	0	0.26242	0.21845	0.14874
V7	0.01651	0.01385	0.42317	0.05346	0.49302
V8	0.01562	0.03194	0.81847	0.05824	0.07573
V9	0.0731	0	0.23137	0.62727	0.06826
V10	0.48774	0.00862	0.43608	0	0.06756
V11	0.04485	0	0.0976	0.03384	0.82371
V12	0.09701	0	0.20829	0.29955	0.39515
V13	0.15853	0.00643	0.02899	0.42593	0.38012
V14	0.17632	0	0.05251	0.6402	0.13097
V15	0.04852	0	0	0.85689	0.09459
V16	0.59139	0.0426	0.00331	0.30938	0.05332
V17	0.07521	0.24226	0.00803	0.03	0.6445
V18	0.0894	0.41365	0.2382	0.19715	0.0616
V19	0.03738	0	0	0.08449	0.87814
V20	0.01006	0	0.685	0.22266	0.08227
V21	0.02846	0.25077	0.1246	0.14724	0.44892
V22	0.82133	0.06376	0.05372	0	0.06118
V23	0.09336	0	0.01127	0.10917	0.7862
V24	0.49502	0.09614	0.0115	0.01514	0.3822
V25	0.04314	0	0.00551	0.42741	0.52394
V26	0.50529	0.18805	0.05241	0.01199	0.24226
V27	0.1198	0.50328	0.16938	0	0.20754
V28	0.05157	0.04111	0.18379	0.63006	0.09347
V29	0.02006	0	0.29698	0.60255	0.08042
V30	0.7598	0.0875	0.01872	0	0.13397
V31	0.45216	0.11722	0.00338	0.21731	0.20993
V32	0.91556	0	0	0	0.08444
V33	0.03228	0.18748	0.0088	0.09306	0.67838
V34	0.10145	0.84856	0.00105	0	0.04895
V35	0.08608	0.62566	0.23229	0.00547	0.0505
V36	0.03625	0.159	0.16485	0.06823	0.57167
V37	0.75616	0	0	0	0.24384
V38	0.14351	0	0.46677	0.19281	0.19691
V39	0.36007	0.00266	0.32369	0	0.31357
V40	0.21718	0.61861	0.01022	0.07989	0.0741
V41	0.03614	0.84845	0.00789	0	0.10751
V42	0.87462	0.01723	0.01157	0	0.09658
V43	0.50649	0.10905	0.32838	0	0.05608
V44	0.03235	0.28814	0.52315	0	0.15637
V45	0.0329	0.67903	0.08279	0.12017	0.08511
V46	0.10098	0.77345	0.05744	0.00735	0.06078
V47	0.00306	0.03972	0.86863	0	0.08859
V48	0.18918	0.09877	0.2098	0.32884	0.1734
V49	0.49019	0.12207	0.21148	0.11956	0.0567
V50	0.02485	0.05492	0.84416	0	0.07606
V51	0.11437	0.25584	0.19107	0.04048	0.39824
V52	0.039	0.90661	0.00269	0	0.05169
V53	0.04964	0.14205	0	0.73271	0.0756
V54	0.23532	0	0	0.54546	0.21922
V55	0.09242	0	0	0.82808	0.0795
V56	0.08871	0	0	0.74668	0.16462
V57	0.17071	0.11516	0.54483	0.00049	0.16881
V58	0.08078	0	0.12295	0.18922	0.60706
V59	0.87128	0.00112	0.07659	0	0.05101
V60	0.45012	0.18327	0.11454	0.10373	0.14835
V61	0.21884	0	0.01324	0.21044	0.55747
V62	0.07356	0	0.29749	0.12097	0.50798
V63	0.4216	0.24636	0.05373	0.00704	0.27127
V64	0.92696	0.00515	0.01341	0	0.05448
V65	0.11106	0.04079	0.029	0.63006	0.18909
V66	0.04561	0	0.10947	0.76384	0.08107
V67	0.0158	0	0.33618	0.0783	0.56972
V68	0.49472	0	0.377	0.006	0.12228
V69	0.61864	0.09587	0.1851	0	0.1004
V70	0.05436	0.71371	0.0347	0.13336	0.06386
V71	0.08261	0.78783	0.03504	0.0395	0.05501
V72	0.04266	0.41031	0.01822	0.01085	0.51796
V73	0.07602	0	0.08343	0.58412	0.25643
V74	0.03954	0.02671	0.00059	0.78896	0.1442
V75	0.48593	0.16886	0.28546	0	0.05975
V76	0.0319	0	0.00424	0.83277	0.13109
V77	0.0256	0.02688	0.84852	0.02183	0.07716
V78	0.0033	0.04676	0.8624	0	0.08754
V79	0.0858	0.40272	0.03289	0.12413	0.35446
V80	0.11414	0.74141	0	0.02854	0.11592
V81	0.01435	0.0398	0.86635	0	0.0795
V82	0.25652	0.12697	0.01931	0.52892	0.06828
V83	0.12344	0.04016	0.01269	0.55596	0.26775
V84	0.11037	0.14884	0	0.03491	0.70587
V85	0.00381	0.04111	0.87296	0	0.08212
V86	0.03583	0.23352	0.28009	0.37975	0.07081
V87	0.47725	0	0.02704	0.42815	0.06756
V88	0.33997	0.13227	0.045	0.1835	0.29925
V89	0.04898	0.11178	0.75262	0.01718	0.06944
V90	0.03022	0.1654	0.05191	0.09026	0.6622
V91	0.02991	0	0.06066	0.82857	0.08086
V92	0.27582	0	0.02023	0.03385	0.67011
V93	0.03155	0.05087	0.15015	0.52982	0.23762
V94	0.05449	0.14776	0.01515	0.23991	0.54268
V95	0.07515	0.21882	0.01562	0.09215	0.59826
V96	0.81743	0	0.01415	0	0.16842
V97	0.18958	0	0.0358	0.10411	0.67051
V98	0.05905	0.37251	0.17022	0.10874	0.28948
V99	0.53624	0.10457	0	0.20381	0.15539
V100	0.5657	0.14043	0.043	0.02684	0.22402
V101	0.04693	0.89385	0.00897	0	0.05024
V102	0.33452	0.22179	0.12716	0.08701	0.22951
V103	0.14248	0	0	0.03168	0.82585
V104	0.05044	0.41849	0.07712	0.01153	0.44242
V105	0.02326	0	0.03231	0.08115	0.86328
V106	0.03933	0.75901	0.12812	0	0.07353
V107	0.05238	0.22188	0.63063	0.02448	0.07063
V108	0.01734	0.19094	0.72341	0	0.06831
V109	0.07516	0.19534	0.04864	0.27745	0.40342
V110	0.17595	0.50449	0.16807	0.08876	0.06273
V111	0.29364	0.21676	0.43865	0	0.05095
V112	0.19935	0	0.08756	0.4728	0.24029
V113	0.26336	0	0.09042	0.14018	0.50604
V114	0.60775	0.04174	0.04129	0.15572	0.15351
V115	0.8656	0	0	0	0.1344
V116	0.02604	0	0	0.05149	0.92247
V117	0.0592	0.01542	0.76913	0.06425	0.092
V118	0.06265	0	0	0.83964	0.09771
V119	0.35556	0	0.36674	0.22247	0.05523
V120	0.01664	0.00806	0.77357	0.09745	0.1043
V121	0.17806	0.7238	0	0	0.09814
V122	0.04241	0.38409	0.07626	0.22494	0.2723
V123	0.53599	0	0.06765	0.17797	0.2184
V124	0.24341	0.07554	0.05479	0.22104	0.40523
V125	0.03651	0.45423	0.44656	0	0.0627
V126	0.17603	0.16073	0.21254	0.10265	0.34805
V127	0.29943	0	0.61311	0.02305	0.06441
V128	0.18355	0.75362	0.00522	0	0.05761
V129	0.30202	0	0.26179	0.16339	0.2728
V130	0.0349	0.50687	0.03421	0.21261	0.21141
V131	0.03401	0	0.20202	0.69083	0.07314
V132	0.37809	0	0	0.33238	0.28953
V133	0.01335	0.03586	0.54178	0.0781	0.33091
V134	0.08182	0.0226	0.74865	0.0022	0.14473
V135	0.02843	0.10026	0.69488	0.00616	0.17027
V136	0.94237	0	0	0	0.05763
V137	0.9104	0.01434	0	0	0.07526
V138	0.27879	0.11238	0.0728	0.12592	0.41012
V139	0.13687	0	0.13156	0.66025	0.07132
V140	0.03501	0	0.14868	0.02823	0.78808
V141	0.02174	0.22039	0.60576	0.08026	0.07185
V142	0.23502	0	0.31521	0.11456	0.33521
V143	0.0271	0.18326	0.46373	0.13185	0.19406
V144	0.5243	0.19828	0.0599	0.0976	0.11992
V145	0.00376	0.04321	0.85836	0	0.09468
V146	0.04609	0.33798	9e-05	0.30878	0.30706
V147	0.10882	0.05593	0.65245	0.08933	0.09347
V148	0.14176	0.78283	0.0061	0.00813	0.06118
V149	0.03444	0	0	0.83939	0.12617
V150	0.15077	0.18185	0.54723	0	0.12016
V151	0.45701	0	0	0.39145	0.15155
V152	0.03458	0	0.09146	0.73924	0.13472
V153	0.18834	0.16661	0.44167	0.02795	0.17544
V154	0.11628	0.60562	0.01869	0.01306	0.24636
V155	0.05542	0	0.10892	0.75566	0.08001
V156	0.12024	0	0.39396	0.14486	0.34094
V157	0.11787	0.00128	0.16428	0.28583	0.43075
V158	0.21782	0	0.43127	0.02699	0.32393
V159	0.13164	0.19391	0.00523	0.5756	0.09362
V160	0.48999	0.13479	0.08716	0.02215	0.26591
V161	0.24529	0	0.05133	0.01548	0.6879
V162	0.00422	0.05257	0.86235	0	0.08085
V163	0.06638	0	0.00123	0.06734	0.86505
V164	0.90459	0.04032	0.00689	0	0.0482
V165	0.62193	0.19647	0.07417	0.02194	0.0855
V166	0.07065	0	0.21332	0.58053	0.1355
V167	0.03574	0.65399	0.0125	0.11326	0.18452
V168	0.00422	0.05257	0.86235	0	0.08085
V169	0.04959	0.69101	0.1396	0.05683	0.06297
V170	0.25667	0.3743	0.04647	0.17362	0.14894
V171	0.34148	0.05031	0.34794	0.16149	0.09877
V172	0.20113	0.20577	0.06523	0.02018	0.5077
V173	0.24168	0.0658	0.08045	0.40361	0.20846
V174	0.23461	0	0.3353	0.1885	0.24159
V175	0.09467	0.11734	0.11436	0.18263	0.491
V176	0.3851	0	0	0.55476	0.06014
V177	0.21982	0.00848	0.54406	0.16052	0.06712
V178	0.31295	0.01071	0.44658	0.09668	0.13308
V179	0.11408	0	0	0.03518	0.85074
V180	0.03597	0	0.34628	0.0121	0.60566
V181	0.07578	0.27174	0	0.06364	0.58885
V182	0.57158	0.21089	0	0.13566	0.08188
V183	0.05589	0.88655	0.00159	0	0.05597
V184	0.34332	0	0.27251	0.30904	0.07514
V185	0.10817	0.48618	0.017	0.13084	0.25781
V186	0.15765	0.1564	0.02126	0.25412	0.41057
V187	0.0759	0.68182	0	0.18326	0.05902
V188	0.85872	0.00422	0.02565	0.05721	0.0542
V189	0.46876	0.21589	0.02746	0.23038	0.05751
V190	0.4571	0.03015	0.21098	0	0.30177
V191	0.23678	0.19461	0	0.41031	0.1583
V192	0.34943	0.16149	0.11697	0.20026	0.17185
V193	0.07979	0.19722	0.502	0.02367	0.19732
V194	0.30353	0.00775	0.08144	0.10397	0.5033
V195	0.58167	0.15217	0.21471	0	0.05145
V196	0.01794	0	0.04768	0.06992	0.86446
V197	0.05694	0.87233	0.0015	0.01163	0.05759
V198	0.25402	0.20143	0.02893	0.19807	0.31755
V199	0.76788	0	0.18997	0	0.04215
V200	0.78526	0	0.01756	0	0.19719
V201	0.05714	0	0.00595	0.70384	0.23306
V202	0.89541	0.04897	0	0	0.05562
V203	0.54764	0.23808	0.0203	0.0311	0.16288
V204	0.38045	0.04093	0.02816	0.00322	0.54724
V205	0.13877	0	0.11269	0.08375	0.66479
V206	0.06971	0.06528	0	0.75824	0.10677
V207	0.04852	0	0	0.85689	0.09459
V208	0.1736	0.20378	0.45774	0.02514	0.13974
V209	0.18465	0	0.08925	0.04349	0.6826
V210	0.00319	0.03767	0.87028	0	0.08886
V211	0.18168	0	0.19793	0.03333	0.58707
V212	0.05268	0.76628	0.06628	0.01901	0.09575
V213	0.11782	0	0.04624	0.26646	0.56948
V214	0.02149	0.55438	0.34924	0	0.07489
V215	0.2755	0.19896	0.12948	0.06832	0.32774
V216	0.07456	0.00255	0.33179	0.04445	0.54665
V217	0.02885	0	0.01045	0.80826	0.15244
V218	0.09132	0.16369	0.26953	0.3352	0.14027
V219	0.14252	0.25265	0.3614	0.18019	0.06325
V220	0.17545	0.72561	0.04783	0	0.05111
V221	0.05765	0.04151	0.49457	0.00464	0.40163
V222	0.03423	0	0	0.056	0.90977
V223	0.55382	0	0.28949	0.09557	0.06112
V224	0.04421	0.55989	0.01911	0.07278	0.30402
V225	0.70248	0.14189	0.10757	0	0.04806
V226	0.43234	0.51775	0	0	0.04991
V227	0.1102	0.2374	0	0.55908	0.09332
V228	0.62138	0	0.25225	0.04458	0.08179
V229	0.27688	0.38785	0.24063	0.01827	0.07637
V230	0.03201	0	0	0.05614	0.91185
V231	0.06425	0.61029	0.05007	0.15198	0.12341
V232	0.80039	0	0.15748	0	0.04213
V233	0.07648	0	0.14192	0.10613	0.67547
V234	0.02914	0.36314	0.1928	0.33334	0.08158
V235	0.94475	0.0012	0	0	0.05405
V236	0.0985	0	0.61002	0.18112	0.11036
V237	0.15226	0.04261	0.25418	0.31699	0.23396
V238	0.02444	0	0	0.30382	0.67173
V239	0.07527	0.4036	0.04122	0.16853	0.31137
V240	0.05565	0.84128	0.00755	0	0.09552
V241	0.03811	0.90263	0.00231	0	0.05695
V242	0.0456	0.30699	0.27453	0.26096	0.11191
V243	0.51225	0	0.30795	0.00144	0.17835
V244	0.0371	0.40688	0.17901	0.0725	0.3045
V245	0.03773	0.88424	0.02322	0.00374	0.05108
V246	0.60642	0.24985	0.01974	0	0.12399
V247	0.21382	0.08374	0.58677	0.02844	0.08723
V248	0.09502	0.61618	0.01913	0	0.26966
V249	0.29056	0.02682	0.19994	0.09324	0.38945
V250	0.03083	0.01961	0.6333	0.02467	0.29159
V251	0.2411	0	0.07319	0.57981	0.1059
V252	0.03555	0.10458	0.529	0.14206	0.18881
V253	0.28808	0.56464	0.07036	0.01776	0.05916
V254	0.50761	0.37636	0	0.05623	0.0598
V255	0.81878	0.06139	0	0	0.11982
V256	0.03528	0.76763	0.01419	0	0.1829
V257	0.45648	0.28402	0.13015	0.01068	0.11867
V258	0.17455	0.29849	0.03766	0.42416	0.06514
V259	0.5313	0.25246	0.15417	0	0.06207
V260	0.29812	0	0.09719	0.08414	0.52054
V261	0.03719	0	0.48857	0.28936	0.18488
V262	0.90319	0.00434	0.04027	0	0.0522
V263	0.80326	0.06086	0.00502	0.08251	0.04835
V264	0.05661	0.86581	0.00832	0.01847	0.05078
V265	0.82209	0.06444	0.06242	0	0.05105
V266	0.02714	0	0.07373	0.05474	0.84438
V267	0.06592	0	0	0.17778	0.7563
V268	0.20538	0.4165	0.12574	0.15939	0.09299
V269	0.09801	0.31112	0.33141	0.1745	0.08495
V270	0.07063	0	0.01653	0.83479	0.07805
V271	0.20992	0.71241	0.00474	0	0.07293
V272	0.09202	0.80748	0.02052	0	0.07997
V273	0.31791	0	0.15906	0.32065	0.20238
V274	0.12152	0	0.03029	0.21805	0.63013
V275	0.04018	0.69955	0.13135	0.06574	0.06317
V276	0.02156	0.00214	0.65679	0.22457	0.09493
V277	0.38151	0	0.54138	0	0.07711
V278	0.02549	0.00598	0.31906	0.46284	0.18664
V279	0.16498	0	0	0.72236	0.11266
V280	0.21768	0	0.02244	0.61149	0.14839
V281	0.04756	0.19661	0.03083	0.64801	0.07699
V282	0.04704	0.89463	0.00196	0	0.05638
V283	0.39321	0	0.09755	0.01903	0.49022
V284	0.03373	0.11604	0.51338	0	0.33686
V285	0.49265	0.45351	0	0.00067	0.05316
V286	0.09159	0.03144	0.78555	0.01544	0.07598
V287	0.28024	0.02428	0.15905	0.29077	0.24566
V288	0.22113	0	0.59733	0	0.18155
V289	0.17605	0.1929	0.01264	0.54871	0.06969
V290	0.4089	0.43561	0.113	0	0.04249
V291	0.4216	0.1785	0	0.33837	0.06154
V292	0.14203	0	0.40401	0.03104	0.42292
V293	0.00687	0.1255	0.75141	0.02976	0.08646
V294	0.02429	0	0	0.0495	0.92621
V295	0.03492	0	0.30452	0.51861	0.14195
V296	0.8332	0.0948	0	0	0.07201
V297	0.02828	0.01085	0.73582	0.11543	0.10962
V298	0.31056	0	0	0.53243	0.15701
V299	0.28025	0	0	0.65671	0.06304
V300	0.94124	0.00524	0	0	0.05351
V301	0.94231	0	0	0	0.05769
V302	0.02609	0	0	0.42916	0.54474
V303	0.12868	0.14826	0.20394	0.1763	0.34281
V304	0.20111	0.0277	0.6914	0	0.07978
V305	0.2261	0.30189	0.08239	0.09536	0.29426
V306	0.30346	0.63754	0	0	0.05901
V307	0.25638	0	0.24125	0.44435	0.05802
V308	0.258	0	0.62304	0.05237	0.06658
V309	0.68048	0.0325	0.04083	0.09664	0.14954
V310	0.04954	0	0	0.12717	0.82329
V311	0.03877	0	0.02523	0.8469	0.0891
V312	0.09988	0.23521	0.2397	0	0.42521
V313	0.07715	0.28274	0.00661	0.31403	0.31946
V314	0.10282	0	0	0.39336	0.50382
V315	0.9244	0	0.00357	0	0.07204
V316	0.10829	0.555	0.2222	0.00813	0.10637
V317	0.40128	0.06262	0.46634	0	0.06976
V318	0.88588	0	0	0	0.11412
V319	0.11188	0.064	0.75796	0	0.06616
V320	0.09949	0	0	0.81681	0.0837
V321	0.14514	0.31742	0.28072	0.18124	0.07549
V322	0.01327	0.26119	0.53694	0.03282	0.15578
V323	0.26728	0.197	0.40881	0	0.1269
V324	0.06788	0.00286	0.03067	0.81234	0.08624
V325	0.65477	0.07702	0.07366	0.09182	0.10273
V326	0.0661	0	0.04468	0.15464	0.73458
V327	0.32635	0.47857	0.09476	0	0.10032
V328	0.06193	0.26656	0.14551	0.44921	0.07679
V329	0.02456	0.02228	0.36045	0.51278	0.07993
V330	0.08793	0.02973	0.77343	0	0.10891
V331	0.16092	0	0.07999	0.10143	0.65766
V332	0.4857	0.02662	0.41263	0	0.07505
V333	0.44133	0	0.28957	0.14079	0.12831
V334	0.04617	0.28023	0.51481	0.06234	0.09645
V335	0.74773	0.02651	0.07235	0.00828	0.14514
V336	0.15299	0.56162	0.22662	0	0.05876
V337	0.02346	0	0.00343	0.18653	0.78658
V338	0.73788	0	0.1353	0	0.12682
V339	0.20061	0.52326	0.16245	0	0.11367
V340	0.04884	0.14319	0.10694	0.06563	0.63539
V341	0.01866	0.48519	0.39131	0	0.10484
V342	0.31458	0.12727	0.41752	0.08643	0.0542
V343	0.69928	0	0.25677	0	0.04395
V344	0.0925	0.75342	0.03466	0.00376	0.11566
V345	0.25395	0.00492	0	0.2946	0.44653
V346	0.04501	0.29562	0.29198	0.27825	0.08914
V347	0.08677	0.50621	0.01703	0.29974	0.09025
V348	0.0292	0.11887	0.42734	0.23514	0.18945
V349	0.06729	0.2995	0.49284	0	0.14036
V350	0.11921	0.40457	0.07458	0.2221	0.17953
V351	0.20285	0	0.4109	0.31059	0.07566
V352	0.10149	0.53272	0.30975	0	0.05604
V353	0.27011	0.3168	0.03023	0.03403	0.34883
V354	0.5781	0	0.37397	0	0.04793
V355	0.10676	0	0.30665	0.51368	0.07291
V356	0.10265	0.02828	0.77257	0	0.09649
V357	0.05716	0.01814	0.50698	0.0231	0.39462
V358	0.0572	0	0.02222	0.83212	0.08845
V359	0.07981	0.07642	0	0.76736	0.07641
V360	0.7286	0.01709	0.07945	0.12682	0.04804
V361	0.33069	0.46742	0.07646	0	0.12543
V362	0.81201	0	0.07755	0	0.11044
V363	0.05263	0	0	0.17438	0.77299
V364	0.05661	0.26845	0.01493	0.43569	0.22431
V365	0.03302	0	0	0.85649	0.11049
V366	0.23141	0.02141	0.57018	0.04161	0.1354
V367	0.25027	0.19408	0.19788	0.15618	0.20159
V368	0.75462	0.0612	0.10924	0	0.07494
V369	0.03728	0.64658	0.20772	0.05668	0.05174
V370	0.04114	0.1296	0.114	0.37091	0.34435
V371	0.04463	0.87032	0.03679	0	0.04825
V372	0.67413	0.03965	0.1323	0.08669	0.06723
V373	0.1109	0.64874	0.114	0.07128	0.05507
V374	0.1218	0.01704	0.3563	0.43928	0.06558
V375	0.32749	0	0.56617	0.04913	0.0572
V376	0.01966	0	0.40159	0.01732	0.56143
V377	0.09002	0.49711	0.18822	0.16525	0.0594
V378	0.12937	0.5413	0.15826	0	0.17106
V379	0.03895	0	0.10144	0.09609	0.76352
V380	0.04083	0.01628	0.16098	0.51579	0.26612
V381	0.18194	0.00891	0	0.02931	0.77984
V382	0.43708	0	0	0.28298	0.27994
V383	0.05232	0	0.24148	0.63598	0.07022
V384	0.3225	0.00237	0.15332	0.41829	0.10351
V385	0.11143	0.06829	0	0.03238	0.7879
V386	0.66576	0	0	0.28364	0.0506
V387	0.29061	0	0	0.62435	0.08505
V388	0.0455	0.82823	0.02886	0.04141	0.05599
V389	0.1128	0.76976	0.01278	0.01039	0.09427
V390	0.19735	0	0	0.65504	0.1476
V391	0.71506	0.13614	0	0.04826	0.10054
V392	0.92265	0.0265	0.00076	0	0.05009
V393	0.12497	0	0.13381	0.53639	0.20483
V394	0.73295	0	0.01223	0.13251	0.12231
V395	0.0208	0	0.34153	0.55751	0.08017
V396	0.56058	0.00786	0.37799	0	0.05357
V397	0.68874	0.11702	0.026	0.08826	0.07998
V398	0.08269	0	0.14474	0.63786	0.13472
V399	0.06437	0	0	0.29152	0.6441
V400	0.16558	0.52045	0.14107	0.12322	0.04969
V401	0.34353	0	0.5946	0.00478	0.05709
V402	0.40724	0.00063	0.42636	0.0452	0.12057
V403	0.18152	0.03951	0	0.15209	0.62688
V404	0.01976	0.02927	0.45726	0.38432	0.10939
V405	0.36732	0.23597	0.06171	0.20119	0.13382
V406	0.02369	0.04918	0.83807	0	0.08906
V407	0.89312	0.02137	0.02689	0.01008	0.04853
V408	0.04565	0.37356	0.00054	0.25076	0.32948
V409	0.13128	0	0.04501	0.67288	0.15083
V410	0.14668	0.10799	0.31767	0.03821	0.38945
V411	0.02544	0	0	0.06074	0.91382
V412	0.03726	0.12198	0.12724	0.04017	0.67334
V413	0.0411	0.2372	0.14062	0.36218	0.2189
V414	0.06854	0.05328	0	0.47887	0.39931
V415	0.18739	0	0	0.02626	0.78635
V416	0.13525	0.05277	0.01385	0.16538	0.63274
V417	0.01804	0.01001	0.72751	0.11782	0.12662
V418	0.53275	0.38382	0.01418	0	0.06924
V419	0.28189	0	0.00664	0.13074	0.58072
V420	0.25768	0	0.08911	0.04996	0.60325
V421	0.01748	0	0.12308	0.07079	0.78865
V422	0.0404	0	0.03479	0.71399	0.21081
V423	0.31444	0.1618	0.27149	0.17797	0.07431
V424	0.01189	0	0.48567	0.00545	0.497
V425	0.34594	0.36848	0	0	0.28558
V426	0.26076	0.15003	0.01162	0.45059	0.127
V427	0.19363	0.6236	0.13227	0	0.0505
V428	0.09317	0.65132	0.06593	0.07004	0.11954
V429	0.11322	0.77781	0	0.04076	0.06821
V430	0.04756	0	0.40158	0.19043	0.36043
V431	0.12664	0.35606	0.18465	0.23426	0.0984
V432	0.34037	0.02197	0.11679	0.34286	0.17801
V433	0.21806	0	0.49037	0.21152	0.08005
V434	0.25299	0.27151	0.3522	0	0.1233
V435	0.57955	0.02448	0.33753	0.00161	0.05684
V436	0.06151	0.59955	0.09258	0.03585	0.21051
V437	0.2224	0	0.0153	0.18329	0.57901
V438	0.15055	0.28706	0.18547	0.26914	0.10778
V439	0.62649	0	0.03065	0.28272	0.06014
V440	0.02432	0.35811	0.51475	0	0.10282
V441	0.03184	0.5466	0.35178	0.00766	0.06212
V442	0.04666	0.89474	0.00908	0	0.04952
V443	0.93697	0	0	0.01209	0.05094
V444	0.16278	0.42047	0.02311	0.31127	0.08237
V445	0.07656	0.39747	0.0315	0.42051	0.07396
V446	0.14039	0	0.08783	0.57553	0.19625
V447	0.08954	0	0	0.4694	0.44107
V448	0.19245	0	0.00564	0.04158	0.76033
V449	0.00422	0.05257	0.86235	0	0.08085
V450	0.23935	0.05346	0.24353	0.13033	0.33333
V451	0.29996	0.16574	0.05313	0.33282	0.14835
V452	0.03487	0	0.13829	0.71603	0.1108
V453	0.0396	0	0	0.47924	0.48115
V454	0.01889	0.0027	0.66955	0.01667	0.29219
V455	0.07675	0.21479	0.27358	0.04088	0.394
V456	0.92414	0	0	0	0.07586
V457	0.67295	0.19183	0.02703	0.02971	0.07849
V458	0.02663	0.36822	0.4743	0.03593	0.09493
V459	0.16923	0.01819	0.04557	0.49902	0.26799
V460	0.70314	0.01298	0.18344	0.0337	0.06675
V461	0.20538	0.29272	0.23527	0	0.26663
V462	0.07952	0.04163	0.00562	0.52302	0.3502
V463	0.24392	0.01903	0.00363	0.65867	0.07475
V464	0.17191	0.17657	0.58751	0	0.064
V465	0.06503	0.07053	0.0082	0.05406	0.80218
V466	0.04323	0	0	0.13669	0.82008
V467	0.07802	0.2313	0.01406	0.53572	0.14091
V468	0.55228	0.28546	0.09551	0	0.06675
V469	0.03318	0.32262	0.04999	0.27439	0.31981
V470	0.8441	0.03335	0.01883	0.04966	0.05405
V471	0.4075	0.27613	0.02066	0.125	0.17072
V472	0.02881	0	0.03695	0.04407	0.89017
V473	0.04845	0.19778	0.23077	0.31094	0.21206
V474	0.31996	0.09664	0.05176	0.43754	0.0941
V475	0.18404	0.00944	0.57592	0.01276	0.21784
V476	0.18542	0	0.08573	0.61163	0.11723
V477	0.03793	0.90251	0.00953	0	0.05003
V478	0.20207	0	0	0.02495	0.77298
V479	0.84548	0.03333	0.02599	0.04135	0.05386
V480	0.13443	0.65181	0.04895	0.08998	0.07483
V481	0.25829	0.35341	0.05499	0.16715	0.16617
V482	0.10374	0.67179	0.16636	0	0.05811
V483	0.31192	0.52092	0	0.07916	0.088
V484	0.2218	0.50646	0.10526	0.10513	0.06134
V485	0.68334	0.04823	0.10604	0.09547	0.06692
V486	0.08698	0.04795	0.29768	0.00721	0.56018
V487	0.15587	0.10074	0.38882	0.28697	0.0676
V488	0.44453	0.02784	0	0.33179	0.19585
V489	0.01124	0.23411	0.62018	0.05432	0.08015
V490	0.01985	0.00842	0.69936	0.19204	0.08034
V491	0.04261	0.47024	0.04257	0.09555	0.34903
V492	0.05811	0.10905	0.02234	0.71504	0.09546
V493	0.04151	0	0	0.86458	0.09391
V494	0.3447	0	0.00093	0.53058	0.12379
V495	0.35391	0.19128	0.20137	0.15083	0.1026
V496	0.16439	0	0.04672	0.02494	0.76395
V497	0.12624	0	0.14209	0.11946	0.61221
V498	0.06325	0.84837	0.02139	0	0.06699
V499	0.05548	0.21363	0.25361	0.06306	0.41422
V500	0.11608	0.48206	0.09977	0.19962	0.10248
V501	0.08548	0.3207	0.00831	0.02242	0.56308
V502	0.12098	0.78869	0.03505	0.00703	0.04824
V503	0.47886	0	0.19443	0.12563	0.20109
V504	0.50358	0.18162	0	0	0.31479
V505	0.65359	0	0.01014	0.06898	0.2673
V506	0.0315	0.535	0.0605	0.00729	0.36572
V507	0.84937	0	0.01847	0.06272	0.06944
V508	0.02776	0.64316	0.1939	0.0204	0.11478
V509	0.06125	0.45604	0.1296	0.18248	0.17064
V510	0.40177	0.49189	0.03806	0.01571	0.05258
V511	0.06871	0.31135	0.48457	0.01825	0.11712
V512	0.15782	0.45763	0.16424	0.031	0.18931
V513	0.16262	0.67817	0.06429	0.02188	0.07304
V514	0.02258	0	0.21778	0.05894	0.7007
V515	0.10043	0.09519	0	0.7299	0.07448
V516	0.17298	0.34304	0.09832	0.31708	0.06858
V517	0.04656	0	0.03915	0.8261	0.08819
V518	0.44406	0	0.30379	0.17236	0.07978
V519	0.79718	0.03971	0	0.10754	0.05557
V520	0.06522	0.83704	0.01473	0.03302	0.04999
V521	0.22832	0	0.11143	0.59355	0.06671
V522	0.05654	0.1882	0.53664	0.11972	0.0989
V523	0.16168	0.05127	0.69669	0.02009	0.07027
V524	0.35621	0.01069	0.52512	0	0.10798
V525	0.03114	0.18938	0.02636	0.03762	0.7155
V526	0.04736	0.04747	0.80251	0.00145	0.10121
V527	0.08072	0.48338	0.36339	0	0.07251
V528	0.17271	0	0.00373	0.75433	0.06924
V529	0.22272	0.02725	0.67784	0	0.07219
V530	0.02585	0.03856	0.80933	0.03012	0.09615
V531	0.18053	0.52112	0.08224	0	0.21611
V532	0.07516	0.25091	0.28928	0	0.38464
V533	0.30086	0	0	0.01666	0.68248
V534	0.15423	0.03026	0	0.72131	0.0942
V535	0.80721	0.10354	0.04004	0	0.04922
V536	0.14371	0.16071	0.37665	0.02082	0.29811
V537	0.03884	0	0.00769	0.04517	0.9083
V538	0.65289	0.08474	0	0.01237	0.25
V539	0.02101	0.15007	0.6153	0.08621	0.12741
V540	0.17162	0.47193	0.08265	0.03569	0.23811
V541	0.04285	0.41064	0.01782	0.03576	0.49293
V542	0.05336	0.32092	0.10071	0.41208	0.11293
V543	0.07459	0.10363	0.64214	0.02961	0.15003
V544	0.37073	0.16691	0.17445	0.04891	0.239
V545	0.6007	0.35387	0.00095	0	0.04448
V546	0.06027	0.7741	0.07279	0	0.09283
V547	0.08465	0.77185	0	0.07394	0.06956
V548	0.04039	0.02865	0.00129	0.83732	0.09235
V549	0.02277	0	0.01154	0.2033	0.7624
V550	0.03329	0.8307	0.08118	0	0.05482
V551	0.04372	0	0	0.86773	0.08854
V552	0.25423	0	0.00612	0.05344	0.6862
V553	0.79032	0	0.00634	0.11755	0.08578
V554	0.13047	0.02449	0.46356	0.30286	0.07863
V555	0.03685	0.88649	0.0085	0	0.06816
V556	0.11006	0.01025	0.04553	0.7172	0.11696
V557	0.32894	0.21811	0.02798	0.32721	0.09775
V558	0.01813	0.02328	0.72958	0.13401	0.09501
V559	0.09958	0.41966	0.40157	0	0.0792
V560	0.61774	0.22337	0.11671	0	0.04219
V561	0.72225	0	0.11905	0	0.1587
V562	0.15325	0.01201	0.15343	0.10511	0.5762
V563	0.236	0.24158	0.19762	0.0986	0.2262
V564	0.37982	0	0.04692	0.33848	0.23478
V565	0.02239	0	0.00503	0.08509	0.88749
V566	0.32635	0.10671	0.01914	0.3198	0.228
V567	0.02396	0.03273	0.85889	0	0.08442
V568	0.04111	0.20958	0.40144	0.28485	0.06302
V569	0.65374	0.06861	0.09835	0.09828	0.08101
V570	0.15808	0	0.26468	0.45196	0.12528
V571	0.28847	0	0.21702	0.3276	0.16691
V572	0.83706	0	0	0	0.16294
V573	0.10109	0.03655	0.32447	0.37531	0.16258
V574	0.52794	0.27399	0.06768	0.06432	0.06606
V575	0.40318	0	0.11166	0.04412	0.44105
V576	0.03697	0.85956	0.00809	0	0.09537
V577	0.40159	0.49141	0.03056	0.02383	0.05261
V578	0.03732	0.14834	0.49081	0.21362	0.1099
V579	0.02297	0.51982	0.2999	0.00609	0.15121
V580	0.21226	0.53126	0.00899	0.17753	0.06996
V581	0.05215	0.48623	0.34273	0.05756	0.06133
V582	0.00449	0.07845	0.83894	0	0.07812
V583	0.6351	0	0.31654	0	0.04836
V584	0.22384	0.50095	0.09815	0.01082	0.16623
V585	0.04373	0.76569	0.05863	0.03572	0.09622
V586	0.03087	0.77529	0.14408	0	0.04976
V587	0.05472	0.69026	0.00551	0.01507	0.23444
V588	0.22692	0.39164	0.32779	0	0.05365
V589	0.10794	0.38985	0.03918	0.38428	0.07875
V590	0.04602	0.77913	0	0	0.17486
V591	0.43696	0.48393	0.02949	0	0.04962
V592	0.02739	0	0.73325	0.02013	0.21922
V593	0.43004	0	0	0.47163	0.09833
V594	0.01132	0.1269	0.61474	0.13407	0.11297
V595	0.55697	0	0.05725	0.29818	0.0876
V596	0.47742	0.16592	0.19347	0.09358	0.06962
V597	0.04368	0.1741	0	0.12966	0.65256
V598	0.6062	0	0	0	0.3938
V599	0.08502	0.38591	0.08188	0.36111	0.08609
V600	0.30353	0	0.16786	0.36987	0.15874
V601	0.16968	0.06131	0	0.47836	0.29065
V602	0.79796	0.15468	0	0	0.04736
V603	0.15734	0.11005	0.02162	0.1463	0.56469
V604	0.03012	0.01303	0.6802	0.09313	0.18352
V605	0.04782	0.02616	0.12838	0.09243	0.70521
V606	0.83149	0	0	0	0.16851
V607	0.19306	0.07642	0.01393	0.02975	0.68684
V608	0.77717	0	0.02225	0.05676	0.14381
V609	0.20029	0.28641	0.00537	0.38366	0.12426
V610	0.08565	0.64866	0.00438	0.2022	0.05911
V611	0.29388	0.01482	0.58374	0	0.10756
V612	0.41547	0.01405	0.30339	0	0.26709
V613	0.39432	0.52787	0.03109	0.00012	0.0466
V614	0.57774	0	0.00808	0.06324	0.35095
V615	0.03276	0.06006	0.12061	0.57606	0.21051
V616	0.6784	0	0.13321	0.11054	0.07785
V617	0.25189	0.04541	0.45054	0.07414	0.17802
V618	0.73752	0.06632	0.05563	0	0.14054
V619	0.5826	0.00409	0.14545	0	0.26786
V620	0.06515	0	0.33079	0.52719	0.07687
V621	0.15574	0.20109	0.28835	0	0.35482
V622	0.02974	0.19761	0.34456	0.00782	0.42027
V623	0.09032	0	0	0.68064	0.22904
V624	0.89577	0	0	0	0.10423
V625	0.03605	0.02766	0.08237	0.76864	0.08529
V626	0.09261	0.0076	0.52733	0.28415	0.08831
V627	0.12832	0.12946	0.11408	0.03793	0.59021
V628	0.94137	0.00549	0.00072	0	0.05242
V629	0.1298	0.2349	0.56998	0	0.06532
V630	0.03137	0.16552	0.01779	0.04969	0.73562
V631	0.01424	0	0.27153	0.02979	0.68444
V632	0.04576	0.76817	0.00665	0.01801	0.16141
V633	0.07579	0	0.07471	0.52899	0.32052
V634	0.39416	0.43183	0.1304	0	0.04362
V635	0.05696	0.07591	0.18595	0.03547	0.64572
V636	0.22216	0.14185	0.30189	0.17368	0.16042
V637	0.2388	0	0.39309	0.23184	0.13627
V638	0.08616	0.46615	0.01744	0.07658	0.35368
V639	0.5035	0.38399	0.06506	0	0.04746
V640	0.13202	0.16176	0.07509	0.23425	0.39688
V641	0.09388	0.71113	0.01932	0.10658	0.06908
V642	0.74713	0.00639	0	0.19543	0.05106
V643	0.04469	0.84405	0.05929	0.00196	0.05001
V644	0.05704	0.41747	0.01647	0.42031	0.08873
V645	0.15207	0.73367	0.01239	0.05371	0.04816
V646	0.13957	0.52172	0.02452	0.20535	0.10885
V647	0.92383	0	0	0.02623	0.04994
V648	0.47243	0.07194	0	0.26255	0.19307
V649	0.30368	0.05284	0.07226	0.10992	0.4613
V650	0.04756	0	0.04041	0.83363	0.0784
V651	0.16358	0.17777	0	0.59279	0.06586
V652	0.37919	0	0.01789	0.53175	0.07117
V653	0.36509	0	0.03559	0.50654	0.09278
V654	0.05487	0.0477	0	0.09617	0.80126
V655	0.18353	0.02285	0.28362	0.43967	0.07034
V656	0.1357	0	0	0.12198	0.74232
V657	0.04598	0.4792	0.02527	0.30258	0.14696
V658	0.0549	0	0.02076	0.61762	0.30672
V659	0.04248	0	0.06187	0.76539	0.13025
V660	0.0744	0.33186	0.0163	0.04684	0.53061
V661	0.0458	0.65164	0.01207	0.15234	0.13815
V662	0.04316	0.44266	0.01845	0.00842	0.48732
V663	0.94675	0	0.00116	0	0.0521
V664	0.03893	0	0.10366	0.40628	0.45113
V665	0.02814	0.63226	0.19351	0.0602	0.08589
V666	0.08118	0.83565	0.03573	0	0.04744
V667	0.03559	0.54642	0.24386	0.0789	0.09524
V668	0.63917	0.22504	0.04233	0.02852	0.06494
V669	0.47675	0.29525	0.0209	0.06568	0.14141
V670	0.09411	0.63118	0.04225	0.01877	0.2137
V671	0.77744	0	0.17191	0	0.05065
V672	0.12074	0.03166	0.08468	0.31746	0.44546
V673	0.02921	0	0	0.14211	0.82869
V674	0.37746	0.08253	0.45722	0	0.0828
V675	0.70407	0	0.02505	0.12642	0.14446
V676	0.27344	0.08203	0.4692	0	0.17533
V677	0.05982	0.25191	0.2061	0.36822	0.11395
V678	0.06405	0.31035	0.00848	0.043	0.57412
V679	0.02975	0	0.42998	0.46133	0.07894
V680	0.1925	0	0.00332	0.3528	0.45138
V681	0.55497	0	0.03076	0.28175	0.13252
V682	0.00422	0.05257	0.86235	0	0.08085
V683	0.07263	0.17825	0.59073	0	0.15839
V684	0.08208	0	0	0.83848	0.07944
V685	0.01635	0.03419	0.78252	0.08559	0.08135
V686	0.27191	0.60695	0.06249	0	0.05865
V687	0.0151	0	0.55084	0.3458	0.08827
V688	0.00317	0.04458	0.8581	0	0.09416
V689	0.53384	0.01766	0.18796	0.0855	0.17504
V690	0.09295	0.83607	0.01441	0.00126	0.05531
V691	0.16538	0.09555	0.03613	0.60847	0.09447
V692	0.09607	0	0.00197	0.75033	0.15163
V693	0.02037	0.50927	0.39752	0.00856	0.06427
V694	0.10977	0.16401	0.02914	0.57152	0.12556
V695	0.15143	0.08309	0.14258	0.02758	0.59532
V696	0.13523	0	0.70284	0	0.16193
V697	0.12561	0.08205	0.3034	0.32969	0.15924
V698	0.02854	0	0.17322	0.03672	0.76153
V699	0.05962	0	0.03318	0.65655	0.25065
V700	0.05073	0.79241	0.0649	0	0.09195
V701	0.03195	0.16635	0.00946	0.04197	0.75027
V702	0.0489	0.0878	0	0.66256	0.20074
V703	0.04392	0	0.01236	0.85311	0.09061
V704	0.06046	0.03161	0.39365	0.02141	0.49287
V705	0.92282	0.00132	0	0	0.07587
V706	0.17662	0.11744	0.14736	0.42756	0.13102
V707	0.16929	0.08867	0.06493	0.27754	0.39956
V708	0.0219	0.5849	0.33934	0	0.05386
V709	0.02418	0	0.02463	0.04482	0.90638
V710	0.15085	0.00137	0.4711	0	0.37669
V711	0.07441	0	0.00773	0.05535	0.86251
V712	0.07499	0.01089	0.66288	0.16932	0.08192
V713	0.25244	0.41404	0.28545	0	0.04807
V714	0.06811	0	0	0.04283	0.88907
V715	0.01391	0.28408	0.55145	0.07992	0.07063
V716	0.73648	0.17093	0.00595	0.02082	0.06582
V717	0.43019	0.13786	0.11594	0.00848	0.30753
V718	0.67901	0	0.24103	0	0.07996
V719	0.42573	0.21635	0.09665	0.09678	0.16449
V720	0.15491	0	0.0857	0.05862	0.70077
V721	0.04205	0	0.03749	0.05729	0.86317
V722	0.0454	0.2149	0.04799	0.48155	0.21016
V723	0.12888	0.19183	0.09842	0.49744	0.08343
V724	0.12469	0.64538	0.03338	0.14032	0.05623
V725	0.04539	0	0	0.04496	0.90965
V726	0.22688	0.49475	0.04797	0.03911	0.19129
V727	0.01355	0.04096	0.85348	0	0.09201
V728	0.79944	0	0.10924	0.03893	0.05239
V729	0.628	0.08447	0.01806	0.21314	0.05633
V730	0.14444	0	0.36243	0.37606	0.11707
V731	0.03245	0	0.04569	0.8396	0.08227
V732	0.04213	0	0	0.87177	0.0861
V733	0.03431	0.05651	0.82262	0	0.08656
V734	0.52596	0.06582	0.33346	0.0112	0.06357
V735	0.08976	0.13762	0.21376	0.03272	0.52613
V736	0.03201	0.00873	0.00274	0.04814	0.90838
V737	0.9419	0.00494	0.0014	0	0.05177
V738	0.03358	0.46359	0.01088	0.0174	0.47455
V739	0.04683	0	0	0.86594	0.08723
V740	0.25153	0.04409	0.10153	0.02428	0.57858
V741	0.5278	0	0	0.29986	0.17235
V742	0.09363	0.00469	0.51945	0.16472	0.2175
V743	0.05129	0.01176	0.07077	0.13726	0.72892
V744	0.22431	0.02497	0.1542	0.49722	0.09931
V745	0.19166	0	0.03138	0.70255	0.07441
V746	0.35032	0.54393	0.03009	0	0.07565
V747	0.03473	0.05305	0.81839	0	0.09383
V748	0.18452	0.18889	0.27169	0.04919	0.30571
V749	0.21619	0.06734	0.10895	0.42467	0.18285
V750	0.75018	0.1822	0	0.01995	0.04767
V751	0.03547	0.38003	0.51744	0	0.06706
V752	0.04206	0.10698	0.01769	0.04394	0.78934
V753	0.58353	0.02257	0.23023	0.00195	0.16172
V754	0.13116	0.30243	0	0.49734	0.06907
V755	0.22144	0.69615	0.03227	0	0.05014
V756	0.04226	0.08213	0.01716	0.0912	0.76725
V757	0.19348	0	0.0759	0.66107	0.06955
V758	0.07809	0.41721	0	0.43651	0.06819
V759	0.11579	0	0.09498	0.02571	0.76352
V760	0.10268	0	0.20402	0.26329	0.43002
V761	0.06128	0.26183	0.60959	0	0.0673
V762	0.03906	0.00484	0.16432	0.41238	0.37939
V763	0.04313	0.26622	0.00116	0.02478	0.66471
V764	0.14162	0.0213	0.07037	0.68373	0.08298
V765	0.19261	0.01533	0.621	0.02507	0.146
V766	0.07768	0.48544	0.23043	0.03168	0.17478
V767	0.28133	0.4714	0.05524	0.027	0.16504
V768	0.05398	0.82226	0.04354	0.02468	0.05554
V769	0.75907	0	0.16181	0	0.07912
V770	0.33526	0	0.47047	0.13279	0.06147
V771	0.06522	0.72371	0.00548	0.07245	0.13314
V772	0.05663	0.046	0.82516	0	0.07221
V773	0.04539	0	0	0.19982	0.75479
V774	0.17734	0	0.5116	0	0.31106
V775	0.90814	0	0.0079	0.02449	0.05947
V776	0.36057	0.41967	0.14583	0.00048	0.07345
V777	0.22516	0.36949	0.22856	0.08365	0.09314
V778	0.57091	0.01896	0.00262	0.20112	0.20639
V779	0.06777	0.41473	0.44866	0	0.06884
V780	0.02491	0.034	0.86321	0	0.07789
V781	0.19379	0.29524	0.16588	0	0.34509
V782	0.25984	0.22267	0.01349	0.01039	0.49362
V783	0.01006	0	0.61998	0.02257	0.34739
V784	0.03793	0.61271	0	0.22347	0.12589
V785	0.71789	0.11558	0	0.07225	0.09428
V786	0.18803	0.17058	0.00464	0.5522	0.08456
V787	0.13852	0.5905	0	0.16452	0.10646
V788	0.37958	0.40325	0.06037	0	0.15679
V789	0.03595	0.13569	0	0.41054	0.41782
V790	0.31312	0.20298	0.05452	0.10635	0.32303
V791	0.20477	0.19507	0.06464	0.19275	0.34277
V792	0.92409	0.00289	0.01296	0	0.06006
V793	0.35616	0.24803	0.04571	0.08078	0.26932
V794	0.03413	0	0.09479	0.20288	0.6682
V795	0.11927	0.80842	0.01327	0	0.05904
V796	0.3059	0.39734	0.09631	0.12485	0.0756
V797	0.16396	0	0	0.04722	0.78882
V798	0.14066	0.51255	0.00182	0.07584	0.26911
V799	0.05705	0.13183	0.03855	0.65736	0.1152
V800	0.04659	0	0.00292	0.15477	0.79572
V801	0.40111	0	0.10316	0.41451	0.08122
V802	0.05343	0.18751	0.00856	0.03685	0.71365
V803	0.32917	0	0	0.58624	0.08459
V804	0.22381	0.13135	0.18512	0.35691	0.10282
V805	0.16823	0.11485	0.4185	0.15287	0.14556
V806	0.5137	0	0.18307	0.04421	0.25902
V807	0.74722	0	0.04917	0.02429	0.17931
V808	0.84011	0	0.03347	0	0.12642
V809	0.19902	0.60846	0.0178	0.01283	0.16189
V810	0.05549	0.0209	0.03172	0.48228	0.40961
V811	0.07654	0.06731	0.01553	0.13451	0.7061
V812	0.02881	0.65811	0.17529	0.05939	0.0784
V813	0.04513	0.2101	0.21231	0.0071	0.52536
V814	0.20118	0.54131	0.05567	0.13311	0.06873
V815	0.2216	0.67132	0.02556	0.02802	0.05351
V816	0.0385	0.49791	0.0029	0.37296	0.08773
V817	0.81182	0.00878	0.13315	0	0.04625
V818	0.05172	0.19701	0.34585	0.03085	0.37456
V819	0.93828	0.00318	0.00711	0	0.05143
V820	0.08423	0.34468	0.10903	0.37492	0.08714
V821	0.02604	0	0	0.05149	0.92247
V822	0.21073	0	0	0.72078	0.06849
V823	0.06654	0.05544	0.22572	0.01506	0.63723
V824	0.09671	0	0.01463	0.03682	0.85184
V825	0.1674	0	0.60939	0.16052	0.06269
V826	0.04727	0.03598	0.84003	0.00172	0.07501
V827	0.37381	0.11284	0	0.36696	0.14639
V828	0.27657	0.11417	0.10061	0.05958	0.44907
V829	0.11366	0.05837	0.30013	0.1781	0.34974
V830	0.16648	0.00831	0.66021	0.00025	0.16475
V831	0.03526	0.72495	0.0429	0.12578	0.07112
V832	0.23675	0	0.05161	0.24873	0.46291
V833	0.17543	0.74332	0.00482	0	0.07643
V834	0.75549	0.11942	0.02646	0	0.09864
V835	0.27281	0.26277	0.08057	0.25506	0.12878
V836	0.40045	0.04718	0.41641	0.07579	0.06017
V837	0.03646	0.81657	0.01441	0.02234	0.11022
V838	0.0277	0	0.05901	0.82472	0.08857
V839	0.05976	0	0.07043	0.03526	0.83455
V840	0.92766	0	0.01789	0	0.05446
V841	0.23323	0.01812	0.68294	0	0.06571
V842	0.55891	0.0087	0.19197	0.17617	0.06425
V843	0.49706	0	0.1328	0.05715	0.31299
V844	0.01824	0.18595	0.70472	0.00157	0.08951
V845	0.04943	0	0	0.61125	0.33932
V846	0.14254	0	0.09527	0.08626	0.67593
V847	0.24041	0	0.03675	0.13961	0.58323
V848	0.76464	0.00422	0	0.06957	0.16158
V849	0.14991	0.04435	0.66252	0	0.14322
V850	0.25021	0	0.28583	0.14877	0.31519
V851	0.94092	0	0	0	0.05908
V852	0.28133	0.01842	0.07234	0.18183	0.44607
V853	0.0442	0.1204	0.57544	0.12516	0.1348
V854	0.05608	0.34279	0.23878	0.07072	0.29164
V855	0.11887	0.36854	0.08265	0.2989	0.13103
V856	0.17343	0.38813	0.04856	0	0.38988
V857	0.10673	0.00192	0.16166	0.43516	0.29452
V858	0.03828	0.33723	0.18034	0.20404	0.24011
V859	0.15707	0	0.00639	0.73779	0.09875
V860	0.06671	0.10996	0.05502	0.64584	0.12247
V861	0.16871	0	0.1102	0.64854	0.07255
V862	0.08824	0	0.00754	0.12696	0.77726
V863	0.03675	0.87916	0.01549	0	0.0686
V864	0.04766	0.01636	0.8164	0.04634	0.07324
V865	0.09909	0	0.6002	0.23505	0.06567
V866	0.04432	0.04016	0.60284	0.22223	0.09045
V867	0.61306	0	0	0	0.38694
V868	0.24709	0.20688	0.38045	0.09106	0.07452
V869	0.03054	0	0.01113	0.05322	0.90512
V870	0.30451	0.13487	0.0717	0.24259	0.24633
V871	0.06119	0.01202	0.09886	0.12336	0.70456
V872	0.41996	0	0.00229	0.47445	0.1033
V873	0.07279	0.30502	0.13807	0.36442	0.1197
V874	0.12363	0.01065	0	0.04464	0.82108
V875	0.03683	0.15652	0.01509	0.49844	0.29313
V876	0.52599	0.02029	0.05152	0.00561	0.39658
V877	0.22615	0.62033	0.03236	0.06101	0.06015
V878	0.0356	0.67593	0.03507	0.18715	0.06625
V879	0.91157	0.02584	0.00651	0	0.05608
V880	0.11219	0.04059	0.0215	0.44614	0.37957
V881	0.02132	0	0.52838	0.00108	0.44922
V882	0.05753	0.45359	0.00935	0.41892	0.06062
V883	0.53609	0.14867	0.00392	0.16541	0.14591
V884	0.02381	0	0	0.06202	0.91416
V885	0.19509	0.03988	0.38315	0.10526	0.27663
V886	0.02011	0	0.01828	0.25721	0.7044
V887	0.08174	0.83881	0.007	0	0.07245
V888	0.08825	0.0643	0.04594	0.67819	0.12332
V889	0.11147	0.79273	0.03491	0	0.06089
V890	0.05658	0	0.12236	0.64747	0.17359
V891	0.00494	0.07718	0.83929	0	0.07859
V892	0.60572	0.21973	0.01211	0	0.16245
V893	0.16192	0.17018	0.49004	0.06056	0.1173
V894	0.1066	0.5139	0.04054	0.24348	0.09548
V895	0.6955	0	0.25329	0	0.0512
V896	0.23163	0.19188	0.22207	0.29175	0.06267
V897	0.02777	0	0.02541	0.75847	0.18836
V898	0.42968	0	0	0.02592	0.5444
V899	0.56203	0.29285	0.07194	0	0.07318
V900	0.27748	0.20792	0.26116	0.17913	0.07431
V901	0.69423	0.02175	0	0.16392	0.1201
V902	0.86415	0.02478	0.01191	0.01295	0.08621
V903	0.30938	0.03022	0.06005	0.50363	0.09671
V904	0.72687	0.07313	0.13957	0	0.06043
V905	0.04337	0.29934	0.05777	0.33067	0.26885
V906	0.17899	0.02237	0.45529	0.06593	0.27742
V907	0.73303	0.08839	0.05631	0.0368	0.08547
V908	0.04617	0.31124	0.03969	0.48777	0.11512
V909	0.04911	0.07722	0.00693	0.7219	0.14483
V910	0.69051	0.14781	0.00484	0.04175	0.11509
V911	0.04463	0.25459	0.49903	0	0.20175
V912	0.05302	0	0.15353	0.08976	0.70369
V913	0.17062	0	0.05675	0.65491	0.11772
V914	0.78961	0.00641	0.00371	0.10495	0.09531
V915	0.2259	0.15713	0.04698	0.01476	0.55524
V916	0.79914	0	0.09916	0	0.1017
V917	0.49648	0	0	0.016	0.48753
V918	0.60567	0.121	0.20323	0.00293	0.06718
V919	0.45952	0.12712	0.00342	0.26758	0.14236
V920	0.20771	0	0.09555	0.6282	0.06855
V921	0.22397	0.16229	0.11096	0.00033	0.50246
V922	0.04965	0.0014	0.67261	0	0.27634
V923	0.16262	0.47328	0.01655	0.04257	0.30498
V924	0.54195	0.07107	0	0.23914	0.14784
V925	0.16679	0.09458	0.459	0.15083	0.1288
V926	0.03958	0	0	0.05583	0.90459
V927	0.54398	0.23282	0.10049	0.06307	0.05963
V928	0.13973	0.24494	0.21073	0.17273	0.23186
V929	0.07559	0.26386	0.00036	0.02091	0.63927
V930	0.09773	0	0.0525	0.02978	0.82
V931	0.52937	0.10672	0.00399	0.03681	0.3231
V932	0.07644	0.07694	0.03981	0.33904	0.46778
V933	0.33284	0	0.03311	0.27471	0.35934
V934	0.67762	0.04112	0.23573	0	0.04553
V935	0.61511	0.08062	0.11858	0.03542	0.15027
V936	0.34614	0.02173	0.10475	0.43263	0.09475
V937	0.13137	0.69203	0.08851	0.01447	0.07361
V938	0.07297	0.85679	0.02192	0	0.04833
V939	0.02259	0	0.00143	0.34856	0.62742
V940	0.61025	0.0446	0.07552	0.03485	0.23478
V941	0.04244	0.09324	0.11232	0.48013	0.27188
V942	0.73178	0.22105	0.00033	0	0.04683
V943	0.07359	0.06981	0.05165	0.03896	0.76599
V944	0.37095	0	0.09874	0.45979	0.07052
V945	0.05486	0.26064	0.55382	0.01829	0.11239
V946	0.02757	0.48359	0.4263	0	0.06255
V947	0.43536	0	0.01378	0.12008	0.43077
V948	0.07352	0.69326	0.03446	0.09425	0.10451
V949	0.85399	0.0803	0.01992	0	0.0458
V950	0.09347	0	0.0093	0.82048	0.07676
V951	0.33897	0	0	0.49532	0.16571
V952	0.16339	0	0.03362	0.63379	0.16919
V953	0.50741	0.05056	0	0.35194	0.09009
V954	0.24533	0.52384	0.05556	0.042	0.13328
V955	0.08883	0	0.51736	0.3208	0.07301
V956	0.04383	0.45006	0.08262	0.3443	0.0792
V957	0.10161	0.74095	0.04945	0.04721	0.06078
V958	0.04659	0.83496	0.00745	0.02826	0.08273
V959	0.0929	0.00225	0.76312	0.04429	0.09744
V960	0.57088	0.01435	0.13954	0.08589	0.18935
V961	0.04582	0.85158	0.00777	0	0.09484
V962	0.22637	0.07292	0	0.07183	0.62888
V963	0.03742	0	0.39817	0.47259	0.09182
V964	0.01355	0.04096	0.85348	0	0.09201
V965	0.01577	0	0.41524	0.45216	0.11683
V966	0.04043	0	0.48714	0.07972	0.39271
V967	0.34933	0.48723	0.0012	0	0.16225
V968	0.04703	0.88725	0.00867	0	0.05705
V969	0.12584	0.4882	0.12751	0.10997	0.14848
V970	0.16247	0.37027	0.39758	0	0.06968
V971	0.7415	0.03598	0.16267	0.00054	0.05931
V972	0.0753	0.83324	0.00075	0.03397	0.05674
V973	0.05741	0	0.54391	0.23335	0.16533
V974	0.03253	0.69926	0.09087	0.08592	0.09143
V975	0.03944	0.90529	0.00277	0	0.0525
V976	0.03489	0	0	0.1119	0.85321
V977	0.03731	0.10958	0.14556	0.1496	0.55794
V978	0.40836	0.11025	0.20285	0.11693	0.16161
V979	0.8659	0.08506	0	0	0.04904
V980	0.36659	0.05643	0.11825	0.1171	0.34163
V981	0.09754	0.01024	0.05139	0.04939	0.79145
V982	0.38432	0.40423	0.11122	0	0.10023
V983	0.6498	0.19658	0	0	0.15362
V984	0.18961	0	0.09775	0.57761	0.13503
V985	0.05612	0.03617	0.07272	0.75922	0.07577
V986	0.51775	0.09517	0.32108	0	0.06599
V987	0.04151	0.19916	0.63758	0.04327	0.07848
V988	0.0941	0.02807	0.49642	0.28613	0.09527
V989	0.04389	0.00693	0	0.05655	0.89262
