CD56NK	CD4MemoryT	CD19B	CD14
V1	0.54944	0	0.1368	0.31376
V2	0.12872	0.04282	0.03085	0.79761
V3	0.0543	0.55416	0.00568	0.38585
V4	0.89787	0.07769	0	0.02444
V5	0.11579	0.43311	0.2392	0.2119
V6	0.08564	0.87234	0.01505	0.02697
V7	0.13936	0.28688	0.06223	0.51153
V8	0.14643	0	0.81126	0.04231
V9	0.22674	0.16753	0.0227	0.58303
V10	0.01596	0	0.9146	0.06945
V11	0.24363	0.32283	0.42819	0.00535
V12	0.0278	0.58472	0.37152	0.01596
V13	0.30318	0.66831	0.00269	0.02582
V14	0.07745	0.91224	0.00371	0.0066
V15	0.12613	0.56112	0.10594	0.2068
V16	0.93417	0.01768	0.0144	0.03375
V17	0.09745	0.86731	0.00828	0.02696
V18	0.6272	0.29418	0.03261	0.046
V19	0.18333	0.79771	0.00275	0.01621
V20	0.16475	0.389	0.01089	0.43535
V21	0.14657	0.02072	0.79081	0.04191
V22	0.01241	0.0457	0.15997	0.78192
V23	0.43471	0.0121	0.54688	0.0063
V24	0.96522	0.01055	0.02383	0.00041
V25	0.35649	0.17332	0.1062	0.36399
V26	0.41527	0.32181	0.01163	0.25129
V27	0.07996	0.02074	0.00756	0.89174
V28	0.00186	0.01418	0.98339	0.00057
V29	0.49152	0.00368	0.46734	0.03746
V30	0.09519	0.14979	0.24138	0.51365
V31	0.20925	0.13263	0.26504	0.39309
V32	0.06044	0.00315	0.01532	0.92109
V33	0.04556	0.46943	0.35326	0.13174
V34	0.14576	0.00753	0.80485	0.04185
V35	0.18472	0.70745	0.06941	0.03842
V36	0.00487	0.00871	0.41623	0.57019
V37	0.54759	0.03371	0.07349	0.3452
V38	0.41145	0	0.13495	0.4536
V39	0.17935	0.52619	0.11487	0.17959
V40	0.11364	0.81913	0.06723	0
V41	0.00839	0.6198	0.03187	0.33994
V42	0.20871	0.00466	0.1659	0.62072
V43	0.14842	0.30465	0.50654	0.04039
V44	0.01344	0.03489	0.7276	0.22407
V45	0.10646	0.56916	0.20872	0.11566
V46	0.85076	0.03994	0.1037	0.0056
V47	0.5082	0.13701	0.2952	0.0596
V48	0.84548	0.12727	0.00341	0.02384
V49	0.76437	0.13963	0	0.096
V50	0.07523	0.84407	0.07506	0.00564
V51	0.35902	0.36052	0.24266	0.0378
V52	0.02578	0.06654	0.86419	0.04349
V53	0.78321	0.08369	0.1331	0
V54	0.48459	0.14208	0.34735	0.02598
V55	0.21099	0.07376	0.20493	0.51032
V56	0.03187	0	0.0558	0.91233
V57	0.11082	0.85789	0.01526	0.01604
V58	0.61995	0	0.02829	0.35176
V59	0.48569	0.36259	0.09309	0.05864
V60	0.12872	0.09514	0.29072	0.48542
V61	0.83408	0.06352	0.0074	0.095
V62	0.91817	0.01202	0.05522	0.0146
V63	0.01988	0.84318	0.1099	0.02704
V64	0.01018	0.82142	0	0.16839
V65	0.0075	0	0.06665	0.92585
V66	0.24044	0.66181	0.01337	0.08438
V67	0.17808	0.29353	0.51265	0.01574
V68	0.14007	0.08813	0.01106	0.76073
V69	0.02538	0.27498	0.63276	0.06688
V70	0.58897	0.0998	0.15935	0.15188
V71	0.16156	0.03194	0.33267	0.47382
V72	0.61026	0.10412	0.07665	0.20897
V73	0.16801	0.5917	0.12683	0.11346
V74	0.06369	0.18966	0.74665	0
V75	0.73148	0	0.16255	0.10597
V76	9e-05	0.11007	0.14461	0.74523
V77	0.03005	0.21605	0.00077	0.75313
V78	0.30667	0.06461	0.15443	0.47428
V79	0.00578	0.05477	0.81917	0.12028
V80	0.39004	0	0.50226	0.10771
V81	0.06256	0.12057	0.8099	0.00698
V82	0.00059	0.03291	0.95767	0.00884
V83	0.12004	0.11501	0.05174	0.71321
V84	0.39045	0.01575	0.13108	0.46272
V85	0.11568	0.26515	0.39115	0.22803
V86	0.04789	0.01652	0.88023	0.05536
V87	0.03736	0.83127	0.04386	0.08751
V88	0.15552	0.02398	0.22544	0.59506
V89	0.01278	0	0.15648	0.83073
V90	0.03024	0.90611	0.04702	0.01663
V91	0.03745	0.74383	0.17884	0.03988
V92	0.49056	0.00115	0.34421	0.16408
V93	0.8883	0.00077	0	0.11093
V94	0.01426	0.36793	0.01093	0.60689
V95	0.28444	0.3838	0.14129	0.19047
V96	0.05813	0.05357	0.01249	0.87581
V97	0.74604	0.06436	0.18406	0.00554
V98	0.73304	0.25191	0	0.01505
V99	0.84721	0.0195	0.12762	0.00567
V100	0.08579	0.00359	0.88036	0.03027
V101	0.01072	0.00845	0.00102	0.97981
V102	0.95323	0.02685	0.00436	0.01556
V103	0.00682	0.01544	0.06402	0.91372
V104	0.03286	0.95661	0.00372	0.00681
V105	0.06528	0.91871	0.00965	0.00635
V106	0.13342	0.49556	0.31877	0.05226
V107	0.21714	0.15259	0.56547	0.0648
V108	0.17556	0.74068	0.08376	0
V109	0.0131	0.10698	0.56996	0.30996
V110	0.06229	0.88117	0.02938	0.02716
V111	0.93687	0	0.05668	0.00645
V112	0.12605	0.02621	0.38445	0.46328
V113	0.18055	0.05684	0.14241	0.62019
V114	0.22563	0.01632	0.0577	0.70035
V115	0.01069	0.76431	0.21918	0.00582
V116	0.1528	0.26287	0.35789	0.22645
V117	0.72934	0.19992	0.02572	0.04502
V118	0.17236	0.52485	0.02492	0.27787
V119	0.0978	0.03748	0.03181	0.83291
V120	0.08554	0.03369	0.86239	0.01838
V121	0.62697	0.07814	0.07594	0.21895
V122	0.97466	0	0.00975	0.01559
V123	0.00726	0.43987	0.03071	0.52216
V124	0.69806	0.23567	0	0.06626
V125	0.44214	0.37189	0.16055	0.02542
V126	0.02901	0.09255	0.03202	0.84641
V127	0.15339	0.01768	0.21413	0.6148
V128	0.02177	0	0.07925	0.89898
V129	0.64066	0.17985	0.14366	0.03583
V130	0.00989	0.66124	0.32303	0.00584
V131	0.02873	0.87407	0	0.0972
V132	0.95584	0	0.02022	0.02394
V133	0.94314	0.00111	0.04071	0.01503
V134	0.10814	0.32561	0.10946	0.45679
V135	0.0656	0.0013	0.1398	0.7933
V136	0.24772	0.3313	0.00556	0.41543
V137	0.6972	0.01127	0.21411	0.07743
V138	0.23018	0.34911	0.1599	0.26081
V139	0.37724	0.14797	0.17174	0.30304
V140	0.02149	0.04751	0.03334	0.89766
V141	0.06371	0.10537	0.52087	0.31005
V142	0.82398	0	0.17585	0.00018
V143	0.45595	0.19998	0.05306	0.291
V144	0.15848	0.09857	0.13679	0.60617
V145	0.0038	0.77152	0.21876	0.00592
V146	0.04247	0	0.0163	0.94123
V147	0.93752	0.00546	0.01427	0.04276
V148	0.13518	0.036	0.55171	0.2771
V149	0.30289	0.48662	0.20541	0.00507
V150	0.09515	0.19875	0.59834	0.10776
V151	0.22704	0.58695	0.02562	0.1604
V152	0.26422	0.40439	0.20476	0.12663
V153	0.1151	0.72429	0.01311	0.1475
V154	0.28107	0.42372	0.25682	0.03839
V155	0.52687	0.09446	0.25944	0.11923
V156	0.03292	0.09342	0.6993	0.17436
V157	0.32919	0.10413	0.28529	0.28139
V158	0.01036	0	0.01255	0.97709
V159	0.90972	0.03695	0	0.05333
V160	0.68588	0	0.04838	0.26574
V161	0.18912	0	0.01845	0.79243
V162	0.05961	0.23005	0.06081	0.64953
V163	0.10134	0.44302	0.15163	0.30402
V164	0.36283	0.24712	0.08909	0.30096
V165	0.00732	0.19888	0	0.7938
V166	0.00659	0.05469	0.04779	0.89093
V167	0.31972	0	0.00177	0.67851
V168	0.32227	0.53799	0.06664	0.07311
V169	0.17102	0.02391	0.02379	0.78128
V170	0.10372	0.00211	0.47257	0.4216
V171	0.14721	0.2021	0.59719	0.05351
V172	0.75891	0	0.2352	0.00589
V173	0.02155	0.09403	0.02506	0.85935
V174	0.01314	0.10946	0.05344	0.82396
V175	0.06547	0	0.76675	0.16778
V176	0.01097	0.82378	0.1594	0.00585
V177	0.01334	0.96863	0	0.01803
V178	0.00935	0.72103	0.00104	0.26857
V179	0.15532	0	0.32908	0.5156
V180	0.0336	0.89694	0.06946	0
V181	0.17902	0.08625	0.52338	0.21135
V182	0.34557	0.13347	0.44523	0.07573
V183	0.20781	0.78313	0.00306	0.006
V184	0.99249	0	0.00694	0.00057
V185	0.61725	0.3684	0.0089	0.00544
V186	0.12901	0.44961	0.25102	0.17036
V187	0.97211	0	0.02122	0.00667
V188	0.04976	0.17086	0	0.77938
V189	0.81816	0.00393	0.01213	0.16578
V190	0.70982	0	0.28427	0.00592
V191	0.2171	0.16537	0.5649	0.05263
V192	0.32615	0.41144	0.03914	0.22327
V193	0.6373	0.00981	0.20642	0.14647
V194	0.04224	0.92687	0.00286	0.02803
V195	0.00826	0.00882	0.97385	0.00907
V196	0.00851	0.03824	0.00411	0.94914
V197	0.39177	0.02133	0.01663	0.57028
V198	0.07005	0.48808	0.36323	0.07864
V199	0.15095	0.0049	0.13878	0.70536
V200	0.13145	0.50563	0.01128	0.35164
V201	0.10407	0.52347	0.17603	0.19643
V202	0.01307	0.0019	0.75196	0.23307
V203	0.19045	0.40179	0.38062	0.02714
V204	0.00768	0.46231	0.00021	0.5298
V205	0.01694	0.02879	0.93479	0.01947
V206	0.05132	0.06147	0.87969	0.00752
V207	0.12011	0.13178	0.03746	0.71065
V208	0.29191	0.03459	0.65699	0.01651
V209	0.32967	0.41614	0.05585	0.19833
V210	0.09554	0.76131	0.08022	0.06294
V211	0.39534	0	0.02253	0.58213
V212	0.56539	0.0147	0.39448	0.02544
V213	0.64624	0.00872	0.08945	0.25558
V214	0.33877	0.10701	0.13959	0.41462
V215	0.27153	0.05508	0.01067	0.66273
V216	0.02665	0	0.01179	0.96156
V217	0.04348	0.44816	0.21432	0.29404
V218	0.1004	0.39353	0.14924	0.35682
V219	0.11036	0.58424	0.00599	0.29942
V220	0.00964	0.79422	0.00117	0.19497
V221	0.79512	0	0.00232	0.20256
V222	0.34458	0.08742	0.3396	0.2284
V223	0.00611	0.09838	0.78803	0.10748
V224	0.98143	0	0.01808	5e-04
V225	0.06427	0.8824	0.04753	0.0058
V226	0.35522	0.05034	0.57844	0.01599
V227	0.82106	0	0.16457	0.01438
V228	0.80739	0.03486	0.0514	0.10635
V229	0.01655	0.00575	0.94566	0.03204
V230	0.00932	0.0075	0.0118	0.97138
V231	0.01318	0.21	0.08638	0.69044
V232	0.04434	0.58984	0	0.36582
V233	0.60279	0.05086	0.17296	0.17339
V234	0.04185	0.91878	0.0227	0.01667
V235	0.42814	0.03043	0.50318	0.03824
V236	0.04523	0.03749	0.81064	0.10664
V237	0.13945	0	0.01942	0.84113
V238	0.1451	0.53975	0.25149	0.06367
V239	0.06033	0.32896	0.01054	0.60017
V240	0.53949	0.01364	0.38841	0.05846
V241	0.01525	0	0.89087	0.09388
V242	0.14789	0.75501	0.08187	0.01523
V243	0.27053	0.01685	0.61217	0.10045
V244	0.22653	0	0.66198	0.11149
V245	0.65206	0.24093	0.03875	0.06826
V246	0.06067	0.11366	0.79622	0.02945
V247	0.19445	0.00567	0.79973	0.00015
V248	0.01521	0.01036	0.02883	0.9456
V249	0	0.01803	0.88727	0.09469
V250	0.8035	0	0.19064	0.00587
V251	0.96621	0.02227	0.00478	0.00674
V252	0.01291	0.84363	0.14346	0
V253	0.35997	0.03506	0.13293	0.47204
V254	0.01271	0.94088	0.03989	0.00651
V255	0.05129	0.89846	0	0.05025
V256	0.1991	0.1697	0.51345	0.11774
V257	0.44362	0.05839	0.20485	0.29314
V258	0.19628	0.22002	0.41241	0.17129
V259	0.03497	0.26549	0.6447	0.05484
V260	0.00138	0.26487	0.72674	0.00702
V261	0.64207	0.00923	0.16875	0.17994
V262	0.07977	0.02693	0.00755	0.88575
V263	0.02203	0.9493	0	0.02867
V264	0.1619	0.01234	0.38159	0.44417
V265	0.02135	0	0.1011	0.87756
V266	0.68911	0.30648	0.0044	0
V267	0	0.12182	0.23921	0.63898
V268	0.37026	0.00387	0.11288	0.51299
V269	0.00831	0.54637	0.38039	0.06494
V270	0.68272	0.00495	0.21329	0.09905
V271	0.825	0.03466	0.02396	0.11638
V272	0.05849	0.79862	0.0068	0.13608
V273	0.04142	0.00388	0.02215	0.93255
V274	0.71812	0	0.15426	0.12761
V275	0.00065	0.00988	0.97969	0.00977
V276	0.53161	0.27795	0.0064	0.18403
V277	0.02902	0.14536	0.1273	0.69832
V278	0.02791	0.0254	0.23966	0.70704
V279	0.71696	0.02763	0.09056	0.16485
V280	0.01036	0	0.01255	0.97709
V281	0.54616	0.00842	0.11382	0.33159
V282	0.05715	0.03824	0.82355	0.08106
V283	0.22852	0.53431	0.04873	0.18844
V284	0.03105	0.91536	0.04754	0.00606
V285	0.08239	0.00238	0.91492	0.00031
V286	0.27107	0.51028	0.09456	0.12409
V287	0.1093	0.85557	0.00828	0.02685
V288	0.01387	0.22618	0.39885	0.36111
V289	0.32101	0.17285	0.40464	0.1015
V290	0.86067	0.12879	0.01048	6e-05
V291	0.54573	0.03737	0.4019	0.015
V292	0.93816	0	0	0.06184
V293	0.33374	3e-05	0.61577	0.05047
V294	0.07994	0.29314	0	0.62691
V295	0.01264	0.11846	0.15446	0.71445
V296	0.19756	0.082	0.60341	0.11704
V297	0.0586	0	0.04714	0.89426
V298	0.34516	0.06626	0.57268	0.0159
V299	0.05902	0.2063	0.00577	0.72892
V300	0	0.00885	0.18375	0.8074
V301	0.12723	0.07317	0.63998	0.15962
V302	0.69369	0.29122	0	0.01509
V303	0.00272	0.58921	0.3675	0.04058
V304	0.05324	0.00615	0.71934	0.22126
V305	0.12238	0.112	0.43077	0.33484
V306	0.85067	0.05757	0.03802	0.05373
V307	0.02177	0.95156	0.00938	0.01729
V308	0.23929	0.17302	0.27151	0.31618
V309	0.33356	0.24686	0.01678	0.4028
V310	0.07175	0.24772	0.12369	0.55684
V311	0.56136	0.42976	0.00333	0.00555
V312	0.10839	0.73518	0.12951	0.02692
V313	0.00173	0.06724	0.00901	0.92202
V314	0.01452	0.40787	0.09037	0.48723
V315	0.12339	0.57343	0.02491	0.27828
V316	0.33296	0.08896	0.36152	0.21656
V317	0.09086	0.66084	0.03305	0.21526
V318	0.03189	0.48252	0.00528	0.4803
V319	0.05952	0.03229	0.86482	0.04337
V320	0.07916	0.10104	0.64615	0.17364
V321	0.67811	0.3175	0.00439	0
V322	0.18784	0.25262	0.0532	0.50634
V323	0.04012	0.00204	0.06226	0.89558
V324	0.71678	0.20345	0.05551	0.02427
V325	0.34395	0.60727	0.04357	0.0052
V326	0.00162	0.49518	0.07228	0.43093
V327	0.0131	0.09256	0.07674	0.8176
V328	0.04213	0.00611	0.71691	0.23486
V329	0.15558	0.06414	0.13493	0.64535
V330	0.38882	0	0.29091	0.32028
V331	0.32028	0.04745	0.02866	0.60361
V332	0.00547	0.02039	0.14185	0.83229
V333	0.45833	0.03934	0.35723	0.1451
V334	0.3533	0	0.31031	0.3364
V335	0.02413	0.29528	0.50618	0.1744
V336	0.18989	0.66275	0.01311	0.13426
V337	0.31972	0.36579	0.27616	0.03833
V338	0.00567	0.9832	0.00387	0.00727
V339	0.13896	0	0.85329	0.00775
V340	0.05414	0.17817	0.50957	0.25812
V341	0.01468	0.00986	0.04181	0.93365
V342	0.25869	0	0.5693	0.17201
V343	0.98528	0.00263	0.00504	0.00705
V344	0.7293	0.11039	0.16032	0
V345	0.01058	0.01186	0.97709	0.00047
V346	0.22653	0.06715	0.24572	0.4606
V347	0.03014	0	0.09233	0.87753
V348	0.05675	0.6239	0.12555	0.1938
V349	0.37915	0.11804	0.365	0.13782
V350	0.03165	0.80719	0.16117	0
V351	0.01199	0.00795	0.33304	0.64702
V352	0.04594	0.00311	0.84548	0.10546
V353	0.89881	0.00433	0.02423	0.07263
V354	0.04884	0.68939	0.20992	0.05185
V355	0.28899	0.04084	0.42778	0.24239
V356	0.02187	0.00234	0.07077	0.90502
V357	0.1114	0.27421	0.25323	0.36115
V358	0.53413	0.06103	0.03554	0.36931
V359	0.5496	0.02687	0.02213	0.40139
V360	0.59334	0.37817	0.01413	0.01436
V361	0.00199	0.44123	0.55035	0.00643
V362	0.00571	0.97674	0.01045	0.0071
V363	0.17272	0.0739	0.43599	0.31738
V364	0.1667	0.03152	0.67162	0.13017
V365	0.23165	0.00644	0.00642	0.75548
V366	0.07948	0.64889	0.06676	0.20487
V367	0.55967	0.09154	0.00124	0.34754
V368	0.09335	0.71259	0.06814	0.12592
V369	0.01711	0.38708	0.58949	0.00633
V370	0.33459	0.23325	0.39356	0.0386
V371	0.20417	0.69066	0.02022	0.08495
V372	0.13878	0.02294	0.08963	0.74865
V373	0.07408	0.09084	0.43533	0.39974
V374	0.81433	0	0.1855	0.00017
V375	0.02859	0.01354	0.1077	0.85017
V376	0.0215	0.00927	0.07031	0.89892
V377	0.7595	0	0.00691	0.23359
V378	0.00479	0.00821	0.34186	0.64514
V379	0.31626	0.13772	0.0051	0.54093
V380	0.13041	0.03703	0.1603	0.67226
V381	0.7352	0	0.07269	0.19211
V382	0.08893	0.01158	0.89172	0.00777
V383	0.83003	0	0.03626	0.13371
V384	0.55894	0.04165	0.10859	0.29082
V385	0.87729	0.00028	0.05946	0.06296
V386	0.27222	0	0.11156	0.61622
V387	0.62704	0.10092	0.16858	0.10347
V388	0.39851	0.27359	0.12866	0.19924
V389	0.44482	0.46672	0.00709	0.08137
V390	0.33574	0.21723	0.44161	0.00542
V391	0.39095	0.06126	0.01033	0.53746
V392	0.44365	0.16482	0.1436	0.24793
V393	0.3008	0.17778	0.32761	0.19381
V394	0.07908	0.16145	0.08671	0.67277
V395	0.2304	0.34037	0.18146	0.24776
V396	0.0126	0.95578	0.00332	0.0283
V397	0.81969	0.05116	0.08519	0.04396
V398	0.44145	0.08583	0.07592	0.3968
V399	0.20775	0.51792	0.13511	0.13922
V400	0.00167	0.51311	0.0471	0.43812
V401	0.03416	0.11671	0.74155	0.10758
V402	0.83502	0.13657	0.02842	0
V403	0.01465	0.0039	0.04949	0.93197
V404	0.09366	0.15341	0.6186	0.13433
V405	0.19583	0.01019	0.13071	0.66326
V406	0.66915	0.1958	0.01228	0.12277
V407	0.00567	0.9832	0.00387	0.00727
V408	0.08771	0.19134	0.37077	0.35019
V409	0.00344	0.0021	0.01268	0.98178
V410	0.09679	0.85419	0.02203	0.02699
V411	0.39468	0	0	0.60532
V412	0.15619	0.04133	0.46241	0.34006
V413	0.05328	0.42979	0.15894	0.35799
V414	0.0344	0.47656	0.31717	0.17186
V415	0.43818	0.00947	0.19585	0.3565
V416	0.00952	0.05235	0.93803	0.00011
V417	0.41702	0.5743	0.00316	0.00552
V418	0.0575	0.05854	0.10779	0.77617
V419	0.01002	0	0.01808	0.97189
V420	0.0039	0.86663	0.00751	0.12196
V421	0.16382	0.01673	0.66411	0.15534
V422	0.03375	0.03004	0.00359	0.93262
V423	0.08579	0.00359	0.88036	0.03027
V424	0	0.0235	0.56659	0.40991
V425	0.05634	0.19654	0.59804	0.14908
V426	0.09298	0.01993	0.79484	0.09225
V427	0.06359	0.33307	0.16576	0.43759
V428	0.09356	0.75202	0.04261	0.11182
V429	0.00942	0	0.02459	0.96599
V430	0.78029	0.12108	0.01255	0.08608
V431	0.17412	0.00656	0.40121	0.41811
V432	0.08744	0.05167	0.03165	0.82925
V433	0.05641	0.6756	0	0.26799
V434	0.30776	0.04103	0.0363	0.61492
V435	0.48449	0	0.09609	0.41942
V436	0.35006	0	0.0884	0.56153
V437	0.2104	0.16583	0.00021	0.62356
V438	0.61512	0.11008	0.02336	0.25144
V439	0.02312	0.05716	0.00282	0.9169
V440	0.45002	0.0148	0.02217	0.51301
V441	0.06529	0.0888	0.57581	0.27011
V442	0.32955	0.28483	0.11924	0.26638
V443	0.73831	0	0.07198	0.18971
V444	0.01058	0.01186	0.97709	0.00047
V445	0.65602	0.00168	0.3067	0.0356
V446	0.03724	0.8192	0.04351	0.10005
V447	0.66137	0.05798	0.15576	0.12489
V448	0.01257	0.03256	0.15013	0.80475
V449	0.59151	0.01746	0.2647	0.12632
V450	0.16447	0.82491	0.01062	0
V451	0.94861	0.02681	0	0.02457
V452	0.02348	0	0.04913	0.9274
V453	0.84063	0.04268	0.05226	0.06444
V454	0.00505	0.93839	0.0395	0.01705
V455	0.63611	0.01179	0.27321	0.07889
V456	0.34546	0.07968	0.35938	0.21548
V457	0.00346	0.00857	0.00675	0.98122
V458	0.24612	0.16474	0.00024	0.58889
V459	0.0177	0.77796	0.0784	0.12594
V460	0.96404	0	0.0206	0.01536
V461	0.0431	0.01046	0.00402	0.94241
V462	0.32832	0.18376	0	0.48792
V463	0.27273	0.43245	0.14285	0.15197
V464	0.47877	0.06088	0.00094	0.4594
V465	0.42149	0.369	0.01851	0.191
V466	0.58065	0.13594	0.00122	0.28219
V467	0.34791	0.53607	0.06719	0.04882
V468	0.53733	0.35314	0.03958	0.06995
V469	0.01277	0.12121	0.24241	0.62361
V470	0.57239	0.08116	0.15792	0.18853
V471	0.24015	0.06271	0.0226	0.67454
V472	0.31233	0.26305	0	0.42461
V473	0.10893	0.53502	0.32878	0.02728
V474	0.09614	0	0.07521	0.82865
V475	0.17988	0.33239	0.06257	0.42517
V476	0.1385	0.00096	0.03846	0.82209
V477	0.61162	0.01597	0.17843	0.19397
V478	0.13103	0.52232	0.00055	0.34611
V479	0.01432	0.05458	0.81104	0.12007
V480	0.06943	0.23695	0.02975	0.66387
V481	0.16349	0.00331	0.81515	0.01805
V482	0.74021	0.11788	0.09672	0.04519
V483	0.10751	0.06498	0.05218	0.77533
V484	0.0151	0.03555	0.01501	0.93434
V485	0.12502	0.69578	0.00658	0.17262
V486	0.26726	0.20488	0.10628	0.42158
V487	0.05686	0.0194	0.06126	0.86248
V488	0	0	0.85576	0.14424
V489	0.24184	0.06954	0.67194	0.01668
V490	0.34333	0.25376	0.05363	0.34928
V491	0.47524	0.41731	0.02591	0.08155
V492	0.02989	0.84249	0.12189	0.00573
V493	0.01253	0	0.00218	0.98529
V494	0.20906	0.11528	0.50539	0.17027
V495	0.25122	0.59672	0.12585	0.02621
V496	0.2987	0.64188	0	0.05941
V497	0.00869	0.00279	0.97918	0.00934
V498	0.28799	0.06242	0.03576	0.61383
V499	0.6654	0.2206	0.10883	0.00517
V500	0.10782	0.08865	0.74909	0.05445
V501	0.00338	0	0.02572	0.9709
V502	0.59754	0.23026	0.13624	0.03597
V503	0.1814	0.05731	0.1628	0.59848
V504	0.25236	0.65627	0.00716	0.08421
V505	0.19499	0.16014	0.22441	0.42046
V506	0.09023	0.20771	0.43158	0.27048
V507	0.62807	0.06364	0.10129	0.207
V508	0.79033	0.12318	0.03163	0.05486
V509	0.23642	0.03422	0.47223	0.25713
V510	0.25451	0.49448	0.24583	0.00517
V511	0.04003	0.34429	0.03033	0.58536
V512	0.21583	0.02203	0.05775	0.7044
V513	0.08233	0.62888	0.19889	0.0899
V514	0.0096	0.0329	3e-05	0.95747
V515	0.77903	0.03426	0.03637	0.15034
V516	0.93414	0.05914	0	0.00673
V517	0.02801	0.00683	0.20074	0.76442
V518	0.97577	0.01658	0.00035	0.0073
V519	0.02774	0.83645	0.00144	0.13436
V520	0.02074	0	0.55343	0.42583
V521	0.60972	0.02027	0.33384	0.03617
V522	0.00461	0.08677	0.53698	0.37164
V523	0.36001	0.08356	0.22901	0.32742
V524	0.00985	0.77165	0.17881	0.03969
V525	0.23576	0.14656	0.0161	0.60158
V526	0.64527	0.04763	0.05839	0.2487
V527	0.19658	0.00595	0.34651	0.45095
V528	0.10628	0.83201	0	0.06171
V529	0.04708	0.03196	0.17619	0.74476
V530	0.00581	0.16818	0.67844	0.14758
V531	0.02239	0.87235	0.10527	0
V532	0.15873	0.25727	0.01647	0.56753
V533	0.28975	0.29591	0.11941	0.29492
V534	0.00501	0.00104	0.66223	0.33172
V535	0.50229	0	0.00607	0.49164
V536	0.17811	0	0.31483	0.50706
V537	0.63988	0.21054	0.13543	0.01416
V538	0.43152	0.02745	0.0651	0.47593
V539	0.28444	0.3838	0.14129	0.19047
V540	0.22101	0.66993	0.05932	0.04974
V541	0.01471	0.43573	0.04659	0.50297
V542	0.18702	0.08256	0.21596	0.51445
V543	0.87128	0	0.00768	0.12104
V544	0.08752	0.0505	0.13351	0.72847
V545	0.34586	0.09452	0.05167	0.50796
V546	0.05335	0.8839	0.05691	0.00583
V547	0.03819	0.63836	0.30767	0.01577
V548	0.17476	0.74713	0.07275	0.00537
V549	0.36445	0.01199	0.60735	0.01621
V550	0.5459	0.00971	0	0.44439
V551	0.19331	0.7057	0.02722	0.07377
V552	0.00168	0.44895	0.00027	0.54909
V553	0.25649	0.11289	0.60267	0.02794
V554	0.04066	0.0479	0.01354	0.89789
V555	0.08556	0.17477	0.29872	0.44095
V556	0.00026	0.01352	0.94087	0.04535
V557	0.80724	0.00928	0.00694	0.17655
V558	0.06894	0.74941	0.01972	0.16194
V559	0.01245	0.80626	0.18129	0
V560	0.71874	0.27518	0	0.00608
V561	0.00065	0.00988	0.97969	0.00977
V562	0.78834	0	0.09687	0.11479
V563	0.27378	0	0.71932	0.0069
V564	0.06168	0.05141	0.86845	0.01846
V565	0.12398	0.21401	0.35273	0.30928
V566	0.68801	0.06123	0.00168	0.24908
V567	0.21547	0.37966	0.01742	0.38746
V568	0.20914	0	0.03695	0.75391
V569	0.64544	0.00929	0	0.34527
V570	0.02471	0.26169	0.61973	0.09387
V571	0.8378	0.08822	0	0.07398
V572	0.46724	0	0.40394	0.12882
V573	0.04956	0.11764	0.00149	0.83131
V574	0.0397	0.78376	0.16084	0.0157
V575	0.0128	0.04642	0.09303	0.84775
V576	0.17297	0.7827	0.0288	0.01553
V577	0.02805	0.01874	0.16647	0.78674
V578	0.05316	0.03923	0.65484	0.25277
V579	0.01107	0.87931	0.08218	0.02744
V580	0.12611	0	0.08207	0.79182
V581	0.05112	0.04226	0	0.90661
V582	0.57771	0.10123	0.02302	0.29803
V583	0.00497	0.02289	0.5355	0.43664
V584	0.56696	0.11586	0.26958	0.0476
V585	0.00488	0	0.37915	0.61597
V586	0.25275	0	0.62243	0.12482
V587	0.29567	0.00104	0.66358	0.03971
V588	0.6021	0.02039	0.01657	0.36094
V589	0.06001	0.80076	0.05176	0.08747
V590	0.05223	0.76177	0.18041	0.00559
V591	0	0.01495	0.15786	0.8272
V592	0.18224	0.02013	0.79755	8e-05
V593	0.56952	0	0.1532	0.27728
V594	0.37314	0.24843	0.31688	0.06154
V595	0.01733	0.00578	0.01129	0.9656
V596	0.02926	0.22086	0.1901	0.55978
V597	0.00209	0.558	0.32383	0.11609
V598	0.01651	0.08983	0.87498	0.01867
V599	0.66701	0.2718	0.02607	0.03512
V600	0.38017	0.42254	0.03944	0.15785
V601	0.14827	0.21144	0.06063	0.57965
V602	0.01789	0.00749	0.00532	0.9693
V603	0.00703	0.29303	0.00593	0.69401
V604	0.56364	0.0821	0.31771	0.03654
V605	0.06568	0.28495	0.37934	0.27002
V606	0.74084	0.11073	0.00702	0.14141
V607	0.63648	0	0.08827	0.27525
V608	0.22567	0.1172	0.35503	0.3021
V609	0.0206	0.17818	0.1973	0.60392
V610	0.77386	0.00366	0.07347	0.149
V611	0.25129	0	0.03639	0.71232
V612	0.02444	0.06329	0.81824	0.09403
V613	0.03498	0.3108	0.59981	0.05441
V614	0.76847	0.03414	0.03617	0.16122
V615	0.10896	0.02645	0.00194	0.86265
V616	0.07913	0.65948	0.03288	0.2285
V617	0.52432	0.12679	0.34889	0
V618	0.6837	0	0	0.3163
V619	0.38539	0.01027	0.27653	0.32782
V620	0.00989	0.66124	0.32303	0.00584
V621	0.43395	0.10821	0.1487	0.30914
V622	0.39922	0.18628	0.37646	0.03804
V623	0.0127	0.03965	0.10803	0.83961
V624	0.82072	0.15501	0	0.02427
V625	0.2824	0.4456	0.08356	0.18845
V626	0.97513	0.00865	0	0.01622
V627	0.0019	0.00553	0.05169	0.94088
V628	9e-04	0.16577	0.00658	0.82675
V629	0.12181	0.23983	0.25116	0.38719
V630	0.03484	0.30947	0.58916	0.06653
V631	0.01325	0.13439	0.07778	0.77458
V632	0.55939	0	0.11031	0.3303
V633	0	0.01499	0.81396	0.17106
V634	0.44701	0.22882	0.31885	0.00532
V635	0.02586	0.70344	0.00103	0.26967
V636	0.1269	0.07294	0.62822	0.17194
V637	0.29471	0.14098	0.06859	0.49572
V638	0.37527	0.2016	0.05275	0.37038
V639	0.30306	0.40191	0.29503	0
V640	0.03506	0.12082	0.77624	0.06789
V641	0.90163	0.01637	0.01918	0.06282
V642	0.78436	0.1309	0	0.08474
V643	0.005	0.13779	0.40855	0.44866
V644	0.93266	0.04816	0.00398	0.0152
V645	0.29472	0.37888	0.29992	0.02648
V646	0.01359	0.97559	0.00371	0.00711
V647	0.1575	0.06	0.70339	0.07911
V648	0.45199	0.38966	0.12154	0.03682
V649	0.02454	0.03999	0.85393	0.08154
V650	0.05708	0.06202	0.78731	0.09358
V651	0.34722	0	0.64605	0.00673
V652	0.08236	0.05578	0.39096	0.4709
V653	0.12834	0.63227	0.08667	0.15272
V654	0.73421	0.15265	0.04599	0.06715
V655	0.03192	0.49734	0.01103	0.45971
V656	0.18959	0.205	0.00492	0.6005
V657	0.01598	0.03657	0.00372	0.94373
V658	0.62295	0.15964	0.04496	0.17245
V659	0.33603	0.05424	0.33217	0.27757
V660	0.03141	0.94033	0	0.02826
V661	0.0507	0.34585	0.03761	0.56584
V662	0.43754	0.00183	0.42986	0.13078
V663	0.25859	0.04405	0.5437	0.15367
V664	0.2243	0.04089	0.67031	0.0645
V665	0.71854	0.13971	0.03092	0.11082
V666	0.54989	0	0.07888	0.37123
V667	0.80757	0.04439	0.14804	0
V668	0.13741	0.78597	0.07662	0
V669	0.24972	0.37222	0.23707	0.14099
V670	0.08779	0.88435	0	0.02786
V671	0.39402	0.24114	0.24087	0.12397
V672	0.01636	0.01142	0.92777	0.04446
V673	0.24501	0.32101	0.21271	0.22126
V674	0.73305	0.1016	0.01211	0.15325
V675	0.13788	0.27999	0.30085	0.28128
V676	0.02071	0.06751	0.0773	0.83449
V677	0.40948	0.3495	0.08245	0.15857
V678	0.55329	0.43247	0.00878	0.00545
V679	0.04961	0.2927	0.64075	0.01694
V680	0.34009	0.51035	0.12378	0.02578
V681	0.9201	0.03716	0.00888	0.03386
V682	0.1207	0.27182	0.55382	0.05366
V683	0.01576	0.97259	0.01165	0
V684	0.73825	0.11594	0.0789	0.06691
V685	0.53593	0.29578	0.11021	0.05808
V686	0.07888	0.12594	0.11893	0.67625
V687	0.01743	0	0.01187	0.9707
V688	0.38966	0.44784	0	0.16249
V689	0.21875	0	0.0301	0.75115
V690	0.5051	0.02031	0.39174	0.08285
V691	0.17819	0	0.81431	0.0075
V692	0.08179	0.10584	0.71874	0.09363
V693	0.23233	0.07001	0.33524	0.36243
V694	0.00477	0.00769	0.2356	0.75194
V695	0.21314	0	0.11994	0.66692
V696	0.05946	0.04752	0.00726	0.88577
V697	0.00921	0.02588	0.00503	0.95988
V698	0.79999	0	0.00721	0.1928
V699	0.59921	0.23132	0.05434	0.11513
V700	0.20065	0.00691	0.00173	0.7907
V701	0.11152	0.469	0.09274	0.32675
V702	0.51373	0.04623	0.00556	0.43448
V703	0.12882	0.0271	0.44247	0.40161
V704	0.82419	0.02112	0.01847	0.13622
V705	0.95735	0	0.00918	0.03347
V706	0.07972	0.02667	0.77515	0.11847
V707	0.03547	0.41316	0.49761	0.05376
V708	0.03777	0.84972	0.01409	0.09841
V709	0.14554	0.22923	0.51927	0.10595
V710	0.62043	0.15864	0.03733	0.18361
V711	0.09714	0.78302	0.08067	0.03917
V712	0.81318	0.02799	0.00235	0.15647
V713	0.43865	0.23722	0.02375	0.30039
V714	0.00827	0.59588	0.01193	0.38392
V715	0.33194	0.29266	0.28718	0.08821
V716	0.02309	0.01618	0.02808	0.93266
V717	0.08843	0.89431	0	0.01726
V718	0.15506	0.52476	0.16484	0.15534
V719	0.05597	0.6523	0.02528	0.26645
V720	0.71567	0	0.19901	0.08532
V721	0.12354	0.12121	0.44548	0.30976
V722	0.08012	0.26399	0.0049	0.65099
V723	0.0886	0.04671	0.00163	0.86306
V724	0.55642	0.00836	0.06406	0.37117
V725	0.00034	0.06874	0.88666	0.04426
V726	0.03008	0.30681	0.09785	0.56526
V727	0.29801	0.61678	0.08013	0.00508
V728	0.03047	0.87887	0.08478	0.00588
V729	0.38249	0	0.12921	0.4883
V730	0.92329	0.01111	0.03183	0.03377
V731	0.02109	0.14508	0.35702	0.47681
V732	0.36075	0.04593	0.31838	0.27494
V733	0.65798	0.13776	0.02375	0.18051
V734	0.27156	0.27461	0.44847	0.00537
V735	0.01211	0.00842	0.41832	0.56115
V736	0.12073	0	0.003	0.87627
V737	0.35075	0.23979	0.21928	0.19018
V738	0.08022	0.29204	0.43946	0.18828
V739	0	0.00025	0.5401	0.45966
V740	0.87721	0.05369	0.05469	0.01441
V741	0.47817	0.06264	0.10137	0.35783
V742	0.43771	0.55218	0.01011	0
V743	0.1495	0.1085	0.71323	0.02877
V744	0.54486	0.01801	0.29743	0.1397
V745	0.0169	0.66231	0.16664	0.15415
V746	0.99179	0	0.00053	0.00767
V747	0.05192	0	0.667	0.28109
V748	0.12483	0.07049	0.56464	0.24003
V749	0.26093	0.12185	0.03636	0.58086
V750	0.43477	0.3997	0.01202	0.1535
V751	0.04952	0.84752	0.02789	0.07507
V752	0.47905	0.1741	0.11528	0.23156
V753	0.0116	0.00311	0.00169	0.9836
V754	0.01147	0.9029	0	0.08564
V755	0.1447	0.14542	0.31013	0.39976
V756	0.0161	0	0.02913	0.95477
V757	0.37137	0.54086	0.05062	0.03715
V758	0.04805	0.74344	0.10734	0.10117
V759	0.11342	0.03227	0.35278	0.50152
V760	0.28229	0.03004	0.23887	0.4488
V761	0.06959	0.55074	0.26282	0.11685
V762	0.00147	0.30361	0.00591	0.68901
V763	0.38864	0.29104	0.01736	0.30296
V764	0.01111	0.90103	0.00185	0.08601
V765	0.64415	0.0539	0	0.30195
V766	0.01416	0.27288	0.41612	0.29684
V767	0.50596	0.08336	0.21798	0.19269
V768	0.06257	0.8949	0.0154	0.02713
V769	0.15932	0.80312	0.02192	0.01564
V770	0.01359	0.97559	0.00371	0.00711
V771	0.18872	0.00318	0.79025	0.01784
V772	0.15237	0.02534	0.81517	0.00712
V773	0.18333	0.79771	0.00275	0.01621
V774	0.01632	0.00095	0.93784	0.04489
V775	0.0977	0.01823	0.2321	0.65197
V776	0.45464	0.36329	0.03895	0.14312
V777	0.1544	0.07212	0.10883	0.66465
V778	0.56047	0.2218	0.05366	0.16408
V779	0.16627	0.02016	0.45262	0.36095
V780	0.12534	0.75269	0.12197	0
V781	0.03348	0.00974	0.01594	0.94085
V782	0.00618	0.08994	0.8092	0.09468
V783	0.78181	0.00328	0.03564	0.17927
V784	0.12416	0.86054	0.0092	0.0061
V785	0.04152	0.92213	0.00872	0.02763
V786	0.75799	0.11648	0.07039	0.05514
V787	0.00414	0.83882	0.151	0.00603
V788	0.552	0.25354	0.13609	0.05838
V789	0.05968	0.28717	0.01705	0.6361
V790	0.4213	0.00908	0.05675	0.51287
V791	0.14036	0.33222	0.31403	0.21339
V792	0.12862	0.46268	0.00054	0.40816
V793	0.12426	0.59758	0.0251	0.25307
V794	0.04516	0.0542	0.79393	0.10671
V795	0.08741	0.0196	0.03907	0.85391
V796	0.02609	0.05916	0.88414	0.0306
V797	0.78666	0	0.19881	0.01453
V798	0.66403	0.2476	0.06395	0.02442
V799	0.1412	0.74041	0.02024	0.09815
V800	0.05952	0.00828	0.45972	0.47247
V801	0.12703	0.0773	0.28627	0.5094
V802	0.02797	0.04574	0.22455	0.70174
V803	0.25421	0.49088	0.25491	0
V804	0.55619	0.00136	0.35054	0.09192
V805	0.01152	0.00492	0.98294	0.00062
V806	0.05114	0.89047	0.00789	0.0505
V807	0.23258	0.10274	0.02278	0.6419
V808	0.70171	0.22075	0.03226	0.04528
V809	0.04375	0.02474	0.93135	0.00016
V810	0.01427	0.97825	0	0.00748
V811	0.42137	0.04227	0.17209	0.36426
V812	0.56677	0.20876	0.03784	0.18664
V813	0.6422	0.15047	0.17151	0.03582
V814	0.47336	0.48625	0.03519	0.0052
V815	0.00503	0.92107	0.06741	0.00649
V816	0.94685	0	0.05278	0.00036
V817	0.02663	0.05267	0.90175	0.01895
V818	0.00198	0.02539	0.02282	0.94981
V819	0.85805	0.05032	0.03797	0.05366
V820	0.10836	0.05913	0.01156	0.82096
V821	0.2392	0.27771	0.38011	0.10299
V822	0.07277	0.0103	0.88648	0.03045
V823	0.02418	0.15622	0.68449	0.13511
V824	0.10045	0.36102	0.53853	0
V825	0.22736	0.23999	0.23021	0.30244
V826	0.47632	0.36918	0.14015	0.01435
V827	0.41101	0.54448	0.00778	0.03673
V828	0.20474	0.11361	0.08594	0.5957
V829	0.02928	0.18147	0.02372	0.76553
V830	0.202	0.16645	0.01606	0.6155
V831	0.78179	0.05495	0.0238	0.13945
V832	0.28398	0.34763	0.15017	0.21823
V833	0.15283	0.46046	0.16329	0.22342
V834	0.26427	0.04131	0.05813	0.6363
V835	0.38842	0.39968	0.10269	0.10922
V836	0.00861	0.5987	0.00078	0.3919
V837	0.22916	0.32765	0.16903	0.27416
V838	0.95186	0.02081	0.02088	0.00645
V839	0.33612	0.57049	0.08831	0.00508
V840	0.32434	0.67135	0.00431	0
V841	8e-05	0.02557	0.89246	0.0819
V842	0.36624	0.12198	0.23294	0.27884
V843	0.01462	0.00843	0.87018	0.10677
V844	0.1036	0.0542	0.33595	0.50625
V845	0.07021	0.07897	0.75752	0.09329
V846	0	0.00217	0.71673	0.2811
V847	0.00449	0	0.00796	0.98755
V848	0.08963	0.45453	0.1517	0.30414
V849	0.00495	0.94132	0.003	0.05073
V850	0.97459	0	0.00978	0.01562
V851	0.37378	0.49134	0.13489	0
V852	0.08625	0.02491	0.09819	0.79065
V853	0.26303	0.18171	0.38649	0.16877
V854	0.61596	0.12338	0.08654	0.17411
V855	0.00449	0	0.00796	0.98755
V856	0.04159	0.3041	0.33061	0.3237
V857	0.69027	0.12947	0.02412	0.15614
V858	0.60009	0	0.39385	0.00606
V859	0.67951	0.18553	0.01242	0.12253
V860	0.16396	0.07107	0.03707	0.72791
V861	0.09956	0.33468	0.54954	0.01622
V862	0.14429	0.06086	0.72897	0.06587
V863	0.17141	0.03184	0	0.79675
V864	0.04938	0.01438	0.03346	0.90277
V865	0.09575	0	0.21655	0.6877
V866	0.76325	0.00167	0.22079	0.01429
V867	0.76393	0.00767	0.22255	0.00586
V868	0.54842	0.22811	0.11771	0.10576
V869	0.02302	0.96643	0.00373	0.00682
V870	0.09098	0.26507	0.01039	0.63355
V871	0.00495	0.94132	0.003	0.05073
V872	0.00515	0.00253	0.19922	0.7931
V873	0.90869	0.01077	0.03791	0.04262
V874	0.22251	0.75412	0.02337	0
V875	0.01248	0.13587	0.16536	0.68629
V876	0.17063	0.29219	0.40601	0.13117
V877	0.04187	0.34537	0.27666	0.3361
V878	0.14938	0.79281	0.05781	0
V879	0.20482	0.651	0.03373	0.11045
V880	0.32035	0.48766	0.00114	0.19086
V881	0.14647	0.02259	0.56972	0.26121
V882	0.80304	0	0.10406	0.09289
V883	0.3201	0.1698	0.51011	0
V884	0.0145	0.20694	0	0.77857
V885	0.7504	0.1739	0.0757	0
V886	0.01488	0.32704	0.45702	0.20106
V887	0.64961	0.03475	0.13397	0.18167
V888	0.1032	0.02627	0.73941	0.13113
V889	0.93641	0.02537	0.01449	0.02373
V890	0.03193	0.10861	0.60221	0.25725
V891	0.66415	0.02491	0.25491	0.05603
V892	0.25656	0.12762	0.00484	0.61098
V893	0.61803	0.16842	0.13289	0.08066
V894	0.07192	0.28451	0.5894	0.05417
V895	0.60911	0.03565	0.17146	0.18378
V896	0.04224	0.92687	0.00286	0.02803
V897	0.71519	0.20543	0.00234	0.07704
V898	0.41507	0	0.00142	0.58351
V899	0.02043	0.13488	0.10987	0.73482
V900	0.07595	0.24718	0.34021	0.33666
V901	0.03686	0.78988	0.00125	0.17201
V902	0.05329	0.90164	0.03913	0.00593
V903	0.00765	0.39983	0.52647	0.06605
V904	0.02356	0.96919	0	0.00725
V905	0.12556	0	0.13669	0.73775
V906	0.38127	0.05509	0.08385	0.47979
V907	0.45885	0.45759	0.01317	0.07038
V908	0.00691	0.02216	0.04863	0.9223
V909	0.14128	0.76237	0	0.09635
V910	0.13637	0	0.08874	0.77489
V911	0.54566	0.33704	0.02535	0.09196
V912	0.40791	0.27135	0.10952	0.21122
V913	0.09118	0	0.00398	0.90484
V914	0.20143	0.4654	0.2815	0.05167
V915	0.18883	0	0.00214	0.80903
V916	0.27648	0.03175	0.6285	0.06327
V917	0.72949	0.00972	0.14116	0.11963
V918	0.04624	0.60473	0.21943	0.1296
V919	0.19978	0.185	0.27112	0.3441
V920	0.64275	0.15242	0.0788	0.12603
V921	0.02168	0.11044	0.01858	0.84929
V922	0.10935	0.44094	0.38502	0.06469
V923	0.0598	0.00245	0.02744	0.91032
V924	0.03702	0.66072	0.26219	0.04006
V925	0.15076	0.01266	0.0067	0.82989
V926	0.17072	0.00661	0.01837	0.8043
V927	0.01474	0.01625	0.03524	0.93377
V928	0.05008	0.8619	0.00187	0.08615
V929	0.0563	0.59611	0.11473	0.23287
V930	0.53193	0.31521	0.02476	0.12811
V931	0.14572	0.24024	0.50825	0.10578
V932	0.03149	0.07998	0.57928	0.30926
V933	0.6334	0.34386	0.00816	0.01458
V934	0.00531	0.10238	0.22906	0.66325
V935	0.59814	0.11957	0.18922	0.09307
V936	0.52874	0.21517	0.01149	0.2446
V937	0.54051	0.08569	0.06751	0.3063
V938	0.37491	0.02349	0.2706	0.331
V939	0.74695	0.00333	0.05744	0.19229
V940	0.02826	0.78167	0.13856	0.0515
V941	0.00132	0.00429	0.98418	0.01022
V942	0.77579	0.14565	0.0546	0.02397
V943	0.43279	0.09293	0.4005	0.07378
V944	0.01365	0.19882	0.04519	0.74234
V945	0.58146	0.29821	0.00683	0.11351
V946	0.49571	0.21969	0.23619	0.04841
V947	0.06604	0.0242	0.18585	0.72392
V948	0.37573	0.01127	0.58595	0.02705
V949	0	0.06865	0.16138	0.76997
V950	0.05484	0.48621	0.19423	0.26472
V951	0.85743	0.00153	0.13514	0.0059
V952	0.05856	0.08413	0.22159	0.63572
V953	0.01587	0.03458	0.9055	0.04405
V954	0.02883	0.12571	0.10946	0.736
V955	0.12068	0.53298	0.01831	0.32803
V956	0.02837	0.00825	0.45589	0.5075
V957	0.29208	0.00112	0	0.7068
V958	0.01253	0	0.00218	0.98529
V959	0.25364	0.22094	0.4224	0.10303
V960	0.22318	0.21218	0.06096	0.50368
V961	0.14224	0.34609	0.33986	0.17181
V962	0.39598	0.1291	0.37548	0.09945
V963	0.62878	0.12667	0.14079	0.10376
V964	0.86273	0.01056	0.08354	0.04316
V965	0.05352	0.44303	0.17061	0.33284
V966	0.9779	0.00165	0.00473	0.01572
V967	0.04935	0.02114	0.4771	0.45241
V968	0.00032	0.12082	0.78458	0.09428
V969	0.00619	0.2177	0.02404	0.75207
V970	0.02945	0.08018	0.37961	0.51076
V971	0.53393	0.05463	0.30551	0.10593
V972	0.50786	0.14773	0.03668	0.30773
V973	0.27443	0.35789	0.06335	0.30433
V974	0.00931	0.76042	0.11725	0.11302
V975	0.11049	0.26826	0.61529	0.00596
V976	0.45152	0.19418	0.09777	0.25653
V977	0.35859	0.32105	0.31515	0.00521
V978	0.04847	0.05269	0.04626	0.85258
V979	0.83286	0.00187	0.15946	0.0058
V980	0.99179	0	0.00053	0.00767
V981	0.34661	0.01233	0.39437	0.24669
V982	0.47015	0.34685	0.06401	0.11898
V983	0.67606	0.03302	0.00158	0.28934
V984	0.01886	0.82971	0.10032	0.05111
V985	0.05819	0.13466	0.00125	0.8059
V986	0.34401	0.46958	0.03978	0.14663
V987	0.265	0.70879	0	0.02621
V988	0.17984	0.00144	0.00662	0.8121
V989	0.48199	0.42671	0.06615	0.02515
V990	0	0.02909	0.77447	0.19644
V991	0.67497	0.30993	0	0.0151
V992	0.20269	0	0.47134	0.32597
V993	0.07158	0.70667	0.15839	0.06335
V994	0.20939	0.75327	0.02187	0.01547
V995	0.7428	0.06926	0.02401	0.16394
V996	0.24052	0.07807	0.00556	0.67585
V997	0.01367	0.00292	0.81321	0.17021
V998	0.88507	0.00029	0.05196	0.06267
V999	0.1374	0.85602	0	0.00658
V1000	0.27294	0.00647	0	0.72059
