CD56NK	CD4MemoryT	CD19B	CD14
V1	0.54537	0	0.14562	0.30902
V2	0.13146	0.04519	0.03496	0.78838
V3	0.0528	0.5614	0.00747	0.37833
V4	0.89272	0.08222	0	0.02506
V5	0.11245	0.43093	0.25031	0.20631
V6	0.08057	0.8738	0.01727	0.02836
V7	0.13924	0.29059	0.06874	0.50144
V8	0.14099	0.00044	0.81721	0.04136
V9	0.22645	0.17132	0.02602	0.57621
V10	0.01587	0.0013	0.91613	0.06671
V11	0.23308	0.3215	0.43899	0.00643
V12	0.02505	0.57705	0.3801	0.01779
V13	0.29297	0.67618	0.00367	0.02718
V14	0.07203	0.91506	0.00484	0.00807
V15	0.1227	0.56176	0.11329	0.20224
V16	0.92964	0.02045	0.01565	0.03426
V17	0.09206	0.86957	0.00999	0.02838
V18	0.61585	0.30205	0.03553	0.04658
V19	0.17452	0.80388	0.00384	0.01776
V20	0.16348	0.39561	0.01305	0.42787
V21	0.14114	0.02133	0.79614	0.04139
V22	0.01361	0.04763	0.17187	0.76688
V23	0.41818	0.01389	0.56125	0.00668
V24	0.96104	0.01307	0.02589	0
V25	0.35246	0.17569	0.11462	0.35722
V26	0.40988	0.32834	0.01341	0.24837
V27	0.08266	0.0233	0.00988	0.88416
V28	0.00206	0.01576	0.98106	0.00113
V29	0.47307	0.00558	0.48363	0.03771
V30	0.09506	0.15008	0.25455	0.50031
V31	0.20687	0.13204	0.27846	0.38264
V32	0.06351	0.00541	0.01877	0.91231
V33	0.04358	0.46409	0.36387	0.12845
V34	0.14036	0.00891	0.80934	0.04139
V35	0.17806	0.7075	0.07495	0.03949
V36	0.00563	0.0099	0.43405	0.55042
V37	0.54356	0.03534	0.08082	0.34028
V38	0.40967	0	0.14389	0.44643
V39	0.17477	0.52632	0.12265	0.17625
V40	0.10715	0.822	0.07085	0
V41	0.00625	0.62617	0.03525	0.33234
V42	0.20813	0.00623	0.17641	0.60923
V43	0.14211	0.30055	0.5164	0.04094
V44	0.01386	0.03488	0.73727	0.21399
V45	0.10262	0.56676	0.2166	0.11402
V46	0.84144	0.04245	0.11034	0.00576
V47	0.49383	0.13791	0.30823	0.06003
V48	0.83747	0.1339	0.00394	0.02468
V49	0.7578	0.14573	0	0.09647
V50	0.07032	0.8432	0.07939	0.00709
V51	0.3474	0.36125	0.25246	0.03888
V52	0.02501	0.06509	0.86707	0.04283
V53	0.77238	0.08723	0.14039	0
V54	0.46887	0.14288	0.36122	0.02703
V55	0.20976	0.07416	0.21708	0.49899
V56	0.03412	9e-05	0.06259	0.9032
V57	0.10473	0.85999	0.01748	0.01781
V58	0.61949	0	0.03137	0.34914
V59	0.47293	0.36749	0.09986	0.05972
V60	0.12774	0.09454	0.30594	0.47179
V61	0.82911	0.06693	0.00848	0.09549
V62	0.91062	0.01443	0.05964	0.01531
V63	0.0162	0.84013	0.11521	0.02847
V64	0.0072	0.8285	0	0.1643
V65	0.00911	0	0.07415	0.91674
V66	0.23305	0.66747	0.01536	0.08412
V67	0.16972	0.29048	0.52253	0.01727
V68	0.14207	0.09161	0.0134	0.75292
V69	0.02411	0.27056	0.6396	0.06573
V70	0.57988	0.10093	0.16835	0.15084
V71	0.16046	0.03233	0.34814	0.45907
V72	0.60323	0.10586	0.08387	0.20704
V73	0.16315	0.59036	0.13433	0.11215
V74	0.06078	0.18822	0.75069	0.00032
V75	0.72186	0	0.17267	0.10547
V76	0.00046	0.11338	0.1547	0.73146
V77	0.03107	0.22442	0.00208	0.74243
V78	0.30435	0.0654	0.16461	0.46565
V79	0.00585	0.05417	0.82458	0.1154
V80	0.37743	4e-05	0.51733	0.1052
V81	0.05978	0.11816	0.81439	0.00767
V82	0.00064	0.03363	0.95621	0.00953
V83	0.12166	0.11835	0.05808	0.70191
V84	0.38794	0.01712	0.14051	0.45443
V85	0.11248	0.26212	0.40455	0.22085
V86	0.04656	0.01753	0.88211	0.0538
V87	0.03399	0.83158	0.04786	0.08657
V88	0.15578	0.02495	0.23865	0.58062
V89	0.01437	0	0.16925	0.81638
V90	0.02635	0.90417	0.05121	0.01827
V91	0.03422	0.73897	0.18599	0.04082
V92	0.47727	0.0029	0.3592	0.16063
V93	0.88538	0.00334	0	0.11129
V94	0.01375	0.37525	0.01302	0.59798
V95	0.27753	0.38536	0.1501	0.18701
V96	0.06019	0.05655	0.01522	0.86804
V97	0.73306	0.06679	0.19421	0.00594
V98	0.72164	0.26219	0	0.01617
V99	0.83684	0.02196	0.13538	0.00582
V100	0.08273	0.00514	0.88189	0.03024
V101	0.01266	0.01129	0.00298	0.97306
V102	0.94899	0.03025	0.00468	0.01609
V103	0.00832	0.01768	0.07184	0.90217
V104	0.02879	0.95804	0.00489	0.00829
V105	0.06031	0.92063	0.01119	0.00787
V106	0.12813	0.49074	0.32894	0.05218
V107	0.20877	0.1496	0.57753	0.0641
V108	0.16739	0.74422	0.0884	0
V109	0.01311	0.10483	0.58506	0.29701
V110	0.05756	0.88216	0.03174	0.02854
V111	0.93227	0	0.06119	0.00654
V112	0.12487	0.02665	0.40091	0.44757
V113	0.18113	0.05786	0.15215	0.60886
V114	0.22703	0.0179	0.06444	0.69063
V115	0.00738	0.75916	0.2262	0.00726
V116	0.14952	0.26026	0.37035	0.21987
V117	0.71988	0.20642	0.02809	0.04561
V118	0.16917	0.53041	0.02803	0.27239
V119	0.10028	0.04001	0.03632	0.82339
V120	0.08259	0.03399	0.86429	0.01913
V121	0.61997	0.07974	0.08322	0.21707
V122	0.97331	0.00013	0.01046	0.0161
V123	0.0061	0.44673	0.03487	0.5123
V124	0.689	0.2447	0	0.0663
V125	0.42952	0.37558	0.16806	0.02684
V126	0.03074	0.09683	0.03658	0.83585
V127	0.15376	0.01875	0.22685	0.60064
V128	0.02395	7e-05	0.0875	0.88848
V129	0.62799	0.18334	0.15172	0.03694
V130	0.00675	0.65438	0.33173	0.00713
V131	0.02536	0.87873	0	0.09591
V132	0.9532	0	0.02225	0.02455
V133	0.93626	0.00367	0.04446	0.01561
V134	0.10708	0.32759	0.11838	0.44695
V135	0.06737	0.00294	0.15008	0.77962
V136	0.24556	0.33811	0.00715	0.40918
V137	0.6838	0.01306	0.22623	0.07691
V138	0.22509	0.34997	0.16926	0.25568
V139	0.37242	0.14882	0.1814	0.29736
V140	0.02315	0.05027	0.03856	0.88802
V141	0.06331	0.10327	0.53512	0.2983
V142	0.81384	0	0.18616	0
V143	0.45111	0.20312	0.05843	0.28735
V144	0.15874	0.09962	0.14654	0.5951
V145	0.00051	0.76657	0.22554	0.00737
V146	0.04529	0.00086	0.01971	0.93414
V147	0.93318	0.00793	0.01551	0.04338
V148	0.13216	0.03569	0.56637	0.26578
V149	0.29147	0.48846	0.21378	0.00629
V150	0.0918	0.19428	0.60933	0.10459
V151	0.22065	0.59207	0.02868	0.1586
V152	0.25707	0.40432	0.21372	0.12489
V153	0.11142	0.72773	0.01528	0.14557
V154	0.27069	0.42288	0.26691	0.03952
V155	0.51465	0.09474	0.27238	0.11823
V156	0.03212	0.0906	0.70992	0.16737
V157	0.32274	0.10356	0.29919	0.27451
V158	0.01243	0	0.01571	0.97186
V159	0.90619	0.04006	0	0.05375
V160	0.6822	0	0.05377	0.26403
V161	0.19188	0	0.02161	0.78651
V162	0.05981	0.23434	0.06778	0.63808
V163	0.09908	0.44351	0.16036	0.29705
V164	0.3578	0.2491	0.0972	0.2959
V165	0.00756	0.20821	0	0.78423
V166	0.00776	0.05753	0.05444	0.88027
V167	0.32257	0	0.00284	0.67459
V168	0.31262	0.54181	0.07229	0.07327
V169	0.17352	0.02597	0.02748	0.77303
V170	0.10307	0.00337	0.48885	0.40471
V171	0.14164	0.19821	0.6074	0.05276
V172	0.74604	0	0.24785	0.00611
V173	0.02282	0.09884	0.02921	0.84913
V174	0.01414	0.11346	0.06028	0.81212
V175	0.06422	0	0.77557	0.16021
V176	0.00735	0.82059	0.16474	0.00732
V177	0.00927	0.97148	0	0.01925
V178	0.00666	0.72816	0.0025	0.26268
V179	0.15495	0	0.34506	0.49999
V180	0.02924	0.89722	0.0735	4e-05
V181	0.17451	0.08471	0.53685	0.20393
V182	0.33341	0.13234	0.45921	0.07503
V183	0.19799	0.79048	0.00419	0.00734
V184	0.99256	0	0.00731	0.00013
V185	0.60424	0.37951	0.01013	0.00612
V186	0.12513	0.44704	0.26113	0.16671
V187	0.96942	5e-04	0.02329	0.00679
V188	0.05065	0.17872	0	0.77063
V189	0.81464	0.00613	0.01362	0.1656
V190	0.69515	0.00063	0.29807	0.00615
V191	0.20869	0.16175	0.57752	0.05204
V192	0.31959	0.41707	0.04294	0.2204
V193	0.62538	0.0115	0.21797	0.14515
V194	0.03773	0.92935	0.00384	0.02908
V195	0.00845	0.01066	0.97118	0.00971
V196	0.01	0.04179	0.00628	0.94194
V197	0.39257	0.02312	0.01925	0.56506
V198	0.06663	0.48177	0.37404	0.07756
V199	0.15259	0.00644	0.14844	0.69252
V200	0.12964	0.5125	0.01335	0.3445
V201	0.101	0.52251	0.1843	0.19219
V202	0.01369	0.00334	0.76122	0.22175
V203	0.18265	0.39829	0.39063	0.02844
V204	0.00641	0.47137	0.00157	0.52065
V205	0.01657	0.02934	0.93408	0.02
V206	0.04924	0.06057	0.88193	0.00825
V207	0.12195	0.13508	0.04212	0.70085
V208	0.27876	0.03506	0.66858	0.0176
V209	0.32225	0.42099	0.06103	0.19573
V210	0.09127	0.75933	0.08608	0.06332
V211	0.39618	0.00172	0.02556	0.57654
V212	0.54827	0.01622	0.40937	0.02614
V213	0.63937	0.01052	0.09704	0.25308
V214	0.3355	0.10778	0.14958	0.40714
V215	0.27357	0.0573	0.01266	0.65647
V216	0.02912	0	0.01495	0.95593
V217	0.04213	0.44731	0.22461	0.28595
V218	0.09858	0.39454	0.15835	0.34852
V219	0.10834	0.59088	0.00778	0.29299
V220	0.00673	0.80045	0.00255	0.19027
V221	0.79495	0	0.00292	0.20213
V222	0.33604	0.08677	0.35448	0.22271
V223	0.00593	0.09593	0.79479	0.10335
V224	0.98038	0	0.01955	7e-05
V225	0.05959	0.88173	0.05138	0.0073
V226	0.34169	0.05066	0.59051	0.01714
V227	0.81029	0	0.17465	0.01505
V228	0.79983	0.0373	0.05641	0.10646
V229	0.01635	0.00738	0.94468	0.03159
V230	0.01117	0.0103	0.01496	0.96357
V231	0.0132	0.21454	0.09445	0.67781
V232	0.0432	0.59871	0	0.35809
V233	0.59364	0.05208	0.18292	0.17136
V234	0.03794	0.91896	0.02472	0.01837
V235	0.41174	0.03131	0.51846	0.03848
V236	0.04478	0.03737	0.81546	0.10239
V237	0.14224	0	0.02297	0.83479
V238	0.14007	0.53585	0.26008	0.064
V239	0.06026	0.33604	0.0126	0.59111
V240	0.52319	0.01498	0.40334	0.05849
V241	0.01534	0.0011	0.89371	0.08986
V242	0.14072	0.75516	0.08688	0.01724
V243	0.26042	0.01776	0.62414	0.09768
V244	0.21805	0	0.67403	0.10792
V245	0.64152	0.24723	0.04249	0.06876
V246	0.05802	0.11114	0.80098	0.02985
V247	0.1848	0.00754	0.80714	0.00053
V248	0.01707	0.01273	0.03371	0.93649
V249	0.00011	0.01907	0.89027	0.09055
V250	0.7925	0	0.20143	0.00607
V251	0.96263	0.02537	0.00521	0.00679
V252	0.00917	0.84261	0.14815	8e-05
V253	0.35848	0.03621	0.14215	0.46316
V254	0.00863	0.93961	0.04368	0.00809
V255	0.0468	0.90236	0	0.05084
V256	0.19258	0.16676	0.52594	0.11472
V257	0.43671	0.05918	0.21657	0.28754
V258	0.19071	0.21672	0.42587	0.1667
V259	0.03338	0.26097	0.65188	0.05377
V260	0.00043	0.26204	0.72959	0.00794
V261	0.63268	0.01098	0.17841	0.17793
V262	0.08232	0.02971	0.00987	0.8781
V263	0.01799	0.9524	0	0.02961
V264	0.16043	0.01331	0.39766	0.4286
V265	0.0235	0	0.11058	0.86591
V266	0.6769	0.31827	0.00484	0
V267	6e-05	0.12362	0.2535	0.62282
V268	0.36844	0.00556	0.12155	0.50446
V269	0.00602	0.53889	0.3902	0.0649
V270	0.6695	0.00698	0.22505	0.09846
V271	0.8194	0.03735	0.02621	0.11703
V272	0.0549	0.8028	0.00856	0.13373
V273	0.044	0.00626	0.02605	0.9237
V274	0.70922	0	0.16378	0.127
V275	0.00073	0.01173	0.97722	0.01032
V276	0.52452	0.28519	0.00767	0.18263
V277	0.02992	0.14764	0.13714	0.68531
V278	0.02917	0.02652	0.25445	0.68986
V279	0.70814	0.02927	0.09844	0.16416
V280	0.01243	0	0.01571	0.97186
V281	0.54072	0.01007	0.12236	0.32685
V282	0.05561	0.03811	0.82839	0.07788
V283	0.22267	0.53902	0.05317	0.18514
V284	0.02707	0.91384	0.05147	0.00762
V285	0.07859	0.00436	0.9163	0.00075
V286	0.26367	0.51253	0.10133	0.12247
V287	0.10311	0.85866	0.00998	0.02825
V288	0.01325	0.22468	0.41405	0.34802
V289	0.31014	0.17153	0.41851	0.09982
V290	0.85202	0.13675	0.01123	0
V291	0.52877	0.0386	0.41649	0.01614
V292	0.93783	0	0	0.06217
V293	0.32084	0.00184	0.628	0.04933
V294	0.08016	0.30159	0	0.61826
V295	0.01324	0.12138	0.16473	0.70064
V296	0.191	0.08009	0.61519	0.11372
V297	0.06146	0	0.05356	0.88498
V298	0.33208	0.06568	0.5852	0.01704
V299	0.05994	0.21338	0.00755	0.71914
V300	0.00047	0.01069	0.19688	0.79197
V301	0.12358	0.0717	0.65109	0.15364
V302	0.68219	0.30156	0	0.01625
V303	0.00043	0.58167	0.37668	0.04122
V304	0.05258	0.00741	0.72894	0.21107
V305	0.12051	0.11028	0.44645	0.32277
V306	0.84327	0.06036	0.04187	0.0545
V307	0.0176	0.95274	0.0109	0.01876
V308	0.23488	0.17231	0.28445	0.30836
V309	0.33166	0.25199	0.01896	0.39739
V310	0.07183	0.25005	0.13308	0.54504
V311	0.54851	0.44102	0.00414	0.00633
V312	0.10354	0.73209	0.13596	0.02841
V313	0.00269	0.07228	0.0115	0.91353
V314	0.01365	0.41104	0.09881	0.4765
V315	0.12047	0.57873	0.02807	0.27273
V316	0.32437	0.08836	0.37619	0.21108
V317	0.08784	0.66479	0.03612	0.21125
V318	0.03098	0.49077	0.00705	0.4712
V319	0.05737	0.03241	0.86778	0.04244
V320	0.07708	0.0982	0.65731	0.1674
V321	0.66632	0.32884	0.00483	0
V322	0.18697	0.25644	0.05882	0.49777
V323	0.04237	0.00401	0.06958	0.88404
V324	0.70478	0.20919	0.06057	0.02546
V325	0.33287	0.61281	0.04803	0.0063
V326	0	0.49977	0.07957	0.42066
V327	0.01411	0.096	0.08493	0.80496
V328	0.04224	0.00735	0.7265	0.2239
V329	0.15634	0.06499	0.1448	0.63387
V330	0.38267	0	0.30539	0.31194
V331	0.32125	0.04949	0.03242	0.59684
V332	0.00665	0.0223	0.1533	0.81775
V333	0.44595	0.03982	0.37219	0.14205
V334	0.3481	0	0.32515	0.32674
V335	0.02317	0.29058	0.51764	0.16861
V336	0.18456	0.66753	0.0152	0.13271
V337	0.3079	0.36586	0.28684	0.0394
V338	0.00154	0.98458	0.00508	0.0088
V339	0.13345	0.00128	0.85695	0.00833
V340	0.05344	0.17437	0.52328	0.24891
V341	0.01646	0.01213	0.0481	0.9233
V342	0.25034	0	0.58386	0.1658
V343	0.9822	0.00527	0.00538	0.00716
V344	0.71734	0.11394	0.16872	0
V345	0.01023	0.01344	0.97531	0.00103
V346	0.22451	0.06737	0.25923	0.44889
V347	0.03222	0	0.10196	0.86582
V348	0.0545	0.62256	0.13379	0.18915
V349	0.36956	0.11688	0.37901	0.13455
V350	0.02805	0.80512	0.16675	8e-05
V351	0.01322	0.00935	0.35045	0.62699
V352	0.04497	0.00462	0.84954	0.10087
V353	0.89407	0.00659	0.02644	0.0729
V354	0.04592	0.68364	0.21858	0.05186
V355	0.28159	0.0408	0.44266	0.23494
V356	0.02396	0.00433	0.07867	0.89304
V357	0.10943	0.27307	0.26606	0.35144
V358	0.53221	0.06282	0.0394	0.36557
V359	0.54904	0.0287	0.02474	0.39753
V360	0.58024	0.38792	0.01591	0.01593
V361	0.00018	0.43565	0.55664	0.00753
V362	0.00161	0.97799	0.01179	0.00861
V363	0.16946	0.07282	0.45158	0.30614
V364	0.16109	0.03143	0.68214	0.12533
V365	0.23425	0.00856	0.00819	0.74899
V366	0.07669	0.64987	0.07281	0.20063
V367	0.55861	0.09455	0.00209	0.34474
V368	0.08941	0.71296	0.07374	0.12389
V369	0.01534	0.3815	0.59581	0.00736
V370	0.32149	0.2323	0.40687	0.03935
V371	0.1972	0.69516	0.02293	0.08472
V372	0.14064	0.0244	0.09842	0.73654
V373	0.07334	0.0894	0.45178	0.38548
V374	0.80315	0.00118	0.19567	0
V375	0.03066	0.01529	0.11767	0.83638
V376	0.02354	0.01141	0.07822	0.88683
V377	0.75884	0	0.00807	0.23309
V378	0.00562	0.00949	0.35966	0.62522
V379	0.31673	0.14115	0.00642	0.53569
V380	0.13141	0.03843	0.17075	0.65941
V381	0.7282	0.00202	0.07916	0.19061
V382	0.08528	0.01315	0.89313	0.00844
V383	0.8258	0	0.04017	0.13403
V384	0.55303	0.04321	0.11715	0.28661
V385	0.8695	0.00276	0.06463	0.06311
V386	0.27194	0.00144	0.1206	0.60602
V387	0.61672	0.10224	0.1779	0.10314
V388	0.39162	0.27508	0.13707	0.19623
V389	0.43467	0.4753	0.00859	0.08144
V390	0.32247	0.21686	0.45435	0.00633
V391	0.39169	0.06315	0.01194	0.53322
V392	0.43618	0.16638	0.15322	0.24422
V393	0.29264	0.17666	0.34126	0.18944
V394	0.07982	0.16429	0.0948	0.66109
V395	0.22569	0.34077	0.19085	0.24269
V396	0.00859	0.95759	0.00446	0.02936
V397	0.80995	0.05344	0.09213	0.04448
V398	0.43904	0.08722	0.08334	0.39039
V399	0.20195	0.51832	0.14296	0.13677
V400	3e-05	0.51893	0.05221	0.42883
V401	0.03326	0.11341	0.74957	0.10376
V402	0.82479	0.14407	0.03114	0
V403	0.01646	0.00613	0.05611	0.92131
V404	0.09066	0.14971	0.62971	0.12992
V405	0.19654	0.01162	0.14027	0.65158
V406	0.66152	0.20159	0.01397	0.12292
V407	0.00154	0.98458	0.00508	0.0088
V408	0.08699	0.18939	0.38516	0.33846
V409	0.00502	0.00465	0.01581	0.97452
V410	0.09145	0.8561	0.02412	0.02833
V411	0.39718	0	0	0.60282
V412	0.15423	0.04092	0.47742	0.32743
V413	0.05262	0.43037	0.16776	0.34924
V414	0.03222	0.47121	0.32866	0.16792
V415	0.43298	0.01093	0.20735	0.34874
V416	0.00914	0.05271	0.93749	0.00067
V417	0.40476	0.58467	0.00408	0.00648
V418	0.05903	0.06013	0.11738	0.76346
V419	0.01209	0	0.02176	0.96615
V420	0.00062	0.87073	0.00929	0.11936
V421	0.15855	0.01723	0.675	0.14921
V422	0.03601	0.03321	0.00561	0.92516
V423	0.08273	0.00514	0.88189	0.03024
V424	0	0.02416	0.58388	0.39196
V425	0.05484	0.19195	0.60948	0.14373
V426	0.09022	0.02045	0.80072	0.08862
V427	0.06341	0.33428	0.17552	0.42679
V428	0.08985	0.75274	0.04667	0.11074
V429	0.01146	0	0.02925	0.95929
V430	0.77379	0.12557	0.01411	0.08653
V431	0.17181	0.00782	0.4174	0.40296
V432	0.08981	0.0542	0.03606	0.81993
V433	0.05419	0.68296	0	0.26285
V434	0.30866	0.04295	0.04057	0.60783
V435	0.48149	0.00147	0.10376	0.41328
V436	0.34949	0.00144	0.09606	0.55301
V437	0.21056	0.17086	0.00119	0.61739
V438	0.61096	0.11321	0.02612	0.2497
V439	0.02502	0.061	0.00475	0.90922
V440	0.4499	0.01651	0.02497	0.50861
V441	0.06387	0.08659	0.58997	0.25957
V442	0.32332	0.28653	0.12807	0.26208
V443	0.73292	0	0.07834	0.18874
V444	0.01023	0.01344	0.97531	0.00103
V445	0.63932	0.00377	0.32079	0.03613
V446	0.03391	0.81973	0.04748	0.09889
V447	0.65134	0.05953	0.1651	0.12403
V448	0.01388	0.03449	0.16168	0.78995
V449	0.57931	0.01883	0.27757	0.12429
V450	0.15622	0.83181	0.01191	7e-05
V451	0.94474	0.03025	0	0.02501
V452	0.02594	0.00048	0.05573	0.91785
V453	0.83278	0.04493	0.05745	0.06485
V454	0.00098	0.93718	0.04317	0.01867
V455	0.62234	0.01339	0.28631	0.07796
V456	0.33687	0.07909	0.37392	0.21013
V457	0.00503	0.01142	0.00924	0.97432
V458	0.24576	0.16965	0.00125	0.58334
V459	0.01479	0.77683	0.08485	0.12353
V460	0.96134	0	0.02274	0.01592
V461	0.04568	0.01288	0.00616	0.93528
V462	0.32777	0.18924	0	0.48299
V463	0.2654	0.43328	0.15162	0.1497
V464	0.47882	0.06315	0.00184	0.45619
V465	0.41446	0.37518	0.0209	0.18945
V466	0.5782	0.13979	0.002	0.28002
V467	0.33791	0.53981	0.07293	0.04934
V468	0.52644	0.35994	0.04322	0.0704
V469	0.01316	0.12234	0.2566	0.60789
V470	0.56417	0.08216	0.16737	0.1863
V471	0.24101	0.06472	0.02611	0.66816
V472	0.31071	0.27009	0	0.4192
V473	0.10385	0.5294	0.33805	0.0287
V474	0.09835	0	0.08308	0.81857
V475	0.17807	0.33609	0.06883	0.41701
V476	0.14123	0.00284	0.04405	0.81188
V477	0.60264	0.01745	0.18868	0.19123
V478	0.12886	0.53022	0.00187	0.33905
V479	0.01435	0.05392	0.8163	0.11544
V480	0.07027	0.24277	0.0338	0.65316
V481	0.15675	0.00503	0.81951	0.01871
V482	0.7288	0.12158	0.10403	0.04559
V483	0.10915	0.06695	0.05866	0.76525
V484	0.01672	0.03874	0.01843	0.92612
V485	0.12126	0.70112	0.0083	0.16931
V486	0.26441	0.20662	0.11526	0.4137
V487	0.05921	0.02151	0.06857	0.85071
V488	5e-05	0.0013	0.86113	0.13752
V489	0.23111	0.06842	0.68266	0.01781
V490	0.33986	0.25713	0.05901	0.344
V491	0.46472	0.42481	0.02865	0.08183
V492	0.02614	0.84029	0.12638	0.00719
V493	0.01434	9e-05	0.00434	0.98123
V494	0.20349	0.11299	0.51841	0.16512
V495	0.24163	0.59778	0.13295	0.02764
V496	0.29005	0.65005	0	0.05991
V497	0.0088	0.0049	0.97632	0.00997
V498	0.28851	0.06441	0.03984	0.60724
V499	0.65148	0.22694	0.11577	0.00581
V500	0.10389	0.08631	0.75658	0.05322
V501	0.00499	0	0.03049	0.96452
V502	0.58498	0.2343	0.14351	0.03722
V503	0.18177	0.05827	0.17266	0.58731
V504	0.24431	0.66308	0.00875	0.08386
V505	0.19332	0.15996	0.23698	0.40973
V506	0.08839	0.20441	0.44567	0.26152
V507	0.62046	0.06507	0.10954	0.20493
V508	0.78207	0.12753	0.03474	0.05567
V509	0.23055	0.03428	0.48626	0.24891
V510	0.24408	0.49476	0.25471	0.00645
V511	0.0402	0.34993	0.03437	0.5755
V512	0.21706	0.02359	0.0645	0.69485
V513	0.07888	0.6255	0.20678	0.08884
V514	0.0112	0.03635	0.00179	0.95066
V515	0.77306	0.03664	0.04011	0.15019
V516	0.92956	0.06358	3e-05	0.00683
V517	0.02976	0.00831	0.21439	0.74753
V518	0.97294	0.01947	1e-04	0.00748
V519	0.02426	0.84119	0.00278	0.13177
V520	0.02153	0	0.57054	0.40792
V521	0.59353	0.02166	0.34814	0.03667
V522	0.00476	0.08521	0.55386	0.35617
V523	0.35417	0.08401	0.24232	0.3195
V524	0.00669	0.76736	0.18541	0.04054
V525	0.23636	0.15021	0.01844	0.59498
V526	0.64011	0.04956	0.06393	0.2464
V527	0.19463	0.00726	0.36175	0.43636
V528	0.10095	0.83758	0	0.06148
V529	0.0486	0.03343	0.18854	0.72943
V530	0.00537	0.16404	0.68869	0.1419
V531	0.01854	0.87181	0.10961	3e-05
V532	0.15891	0.26282	0.01882	0.55945
V533	0.28458	0.2977	0.12818	0.28953
V534	0.00552	0.00253	0.67675	0.3152
V535	0.5042	0	0.00728	0.48852
V536	0.17703	0	0.33052	0.49246
V537	0.62664	0.21504	0.14277	0.01554
V538	0.4299	0.02878	0.07196	0.46936
V539	0.27753	0.38536	0.1501	0.18701
V540	0.21271	0.67239	0.06472	0.05017
V541	0.01382	0.441	0.05169	0.4935
V542	0.18641	0.08307	0.22881	0.50172
V543	0.86959	0	0.00866	0.12175
V544	0.0891	0.05203	0.14355	0.71532
V545	0.34536	0.09626	0.05737	0.50101
V546	0.04847	0.88329	0.06091	0.00733
V547	0.0351	0.63089	0.31635	0.01766
V548	0.16678	0.74945	0.07711	0.00665
V549	0.34956	0.01346	0.61974	0.01724
V550	0.54695	0.01173	0	0.44132
V551	0.18708	0.70946	0.02976	0.07371
V552	0.00035	0.45807	0.00163	0.53995
V553	0.24625	0.11112	0.61399	0.02864
V554	0.04273	0.05097	0.01657	0.88973
V555	0.08524	0.17441	0.31306	0.42729
V556	0.00045	0.01514	0.94069	0.04372
V557	0.80419	0.01152	0.00793	0.17637
V558	0.06568	0.75231	0.02245	0.15956
V559	0.00885	0.80341	0.1876	0.00014
V560	0.7077	0.28563	0	0.00667
V561	0.00073	0.01173	0.97722	0.01032
V562	0.78085	0	0.10444	0.11471
V563	0.26195	9e-05	0.73057	0.00739
V564	0.05933	0.05127	0.87017	0.01923
V565	0.12185	0.21164	0.3666	0.29991
V566	0.68556	0.06396	0.00243	0.24805
V567	0.21317	0.38574	0.01978	0.38131
V568	0.2114	0	0.04199	0.74661
V569	0.64521	0.01132	0	0.34348
V570	0.02348	0.25691	0.62863	0.09098
V571	0.83329	0.09235	0	0.07436
V572	0.45408	0	0.41988	0.12604
V573	0.05107	0.12292	0.00294	0.82307
V574	0.03623	0.77985	0.16611	0.01781
V575	0.01422	0.04865	0.10178	0.83535
V576	0.16495	0.78633	0.03142	0.01731
V577	0.02979	0.02024	0.17851	0.77146
V578	0.05306	0.03863	0.66626	0.24205
V579	0.00729	0.87719	0.08679	0.02874
V580	0.12904	0	0.09014	0.78082
V581	0.05341	0.04555	0.00037	0.90066
V582	0.57502	0.1038	0.02577	0.29541
V583	0.00551	0.02357	0.55315	0.41776
V584	0.5532	0.11692	0.28202	0.04786
V585	0.00576	0.00013	0.39767	0.59644
V586	0.2436	0.00138	0.6346	0.12042
V587	0.28266	0.0029	0.67502	0.03942
V588	0.601	0.02228	0.01868	0.35803
V589	0.05627	0.80037	0.05663	0.08673
V590	0.04808	0.75744	0.1875	0.00698
V591	0.00058	0.01685	0.17051	0.81206
V592	0.17399	0.02171	0.80379	0.00051
V593	0.56447	0	0.16269	0.27284
V594	0.36154	0.24789	0.32878	0.06179
V595	0.01959	0.00821	0.01433	0.95786
V596	0.02934	0.223	0.20099	0.54667
V597	5e-05	0.5523	0.33413	0.11352
V598	0.01609	0.0883	0.87611	0.0195
V599	0.6554	0.28009	0.02842	0.0361
V600	0.37314	0.42715	0.0431	0.1566
V601	0.14835	0.21507	0.06729	0.56929
V602	0.0198	0.01032	0.00762	0.96226
V603	0.0065	0.30175	0.0078	0.68395
V604	0.5489	0.08274	0.33119	0.03717
V605	0.0645	0.28189	0.39198	0.26164
V606	0.73495	0.11514	0.00821	0.1417
V607	0.63086	0.00183	0.09569	0.27163
V608	0.22149	0.11563	0.36994	0.29295
V609	0.02083	0.17984	0.20914	0.59019
V610	0.76578	0.00579	0.07986	0.14857
V611	0.25372	0	0.04104	0.70524
V612	0.02388	0.06187	0.82385	0.09041
V613	0.03306	0.30617	0.6073	0.05347
V614	0.76259	0.03662	0.03989	0.1609
V615	0.11207	0.02913	0.00355	0.85524
V616	0.07657	0.66346	0.03595	0.22402
V617	0.50938	0.12838	0.36223	0
V618	0.68488	0	0	0.31512
V619	0.37922	0.01158	0.29026	0.31893
V620	0.00675	0.65438	0.33173	0.00713
V621	0.4287	0.10908	0.15816	0.30405
V622	0.38615	0.18572	0.38935	0.03878
V623	0.01412	0.04196	0.11764	0.82628
V624	0.8119	0.16299	0	0.02511
V625	0.27615	0.44765	0.09055	0.18566
V626	0.97215	0.01131	2e-05	0.01651
V627	0.00312	0.00792	0.05829	0.93067
V628	0.00111	0.17387	0.00868	0.81634
V629	0.12049	0.23924	0.26401	0.37626
V630	0.03292	0.30448	0.59704	0.06557
V631	0.01393	0.1382	0.08582	0.76205
V632	0.55583	0	0.11885	0.32532
V633	0	0.01602	0.82121	0.16277
V634	0.43233	0.23046	0.33104	0.00617
V635	0.02366	0.70979	0.00245	0.2641
V636	0.12337	0.07137	0.63937	0.16588
V637	0.29295	0.14359	0.07565	0.48781
V638	0.37257	0.20467	0.05811	0.36465
V639	0.29176	0.40262	0.30563	0
V640	0.03418	0.1177	0.78168	0.06644
V641	0.89719	0.01882	0.02096	0.06303
V642	0.77787	0.13668	0	0.08546
V643	0.00495	0.1368	0.42564	0.43261
V644	0.92736	0.0522	0.00452	0.01592
V645	0.283	0.37824	0.31096	0.02781
V646	0.00945	0.97703	0.00489	0.00863
V647	0.1515	0.05907	0.71272	0.07672
V648	0.43974	0.39289	0.12925	0.03811
V649	0.02423	0.03991	0.85754	0.07832
V650	0.0554	0.06092	0.79376	0.08992
V651	0.33329	0	0.65952	0.0072
V652	0.08218	0.05559	0.40732	0.45491
V653	0.12456	0.63211	0.09344	0.14989
V654	0.72467	0.15719	0.05058	0.06755
V655	0.03087	0.50538	0.01315	0.4506
V656	0.18981	0.21069	0.00632	0.59317
V657	0.0177	0.03982	0.00579	0.93669
V658	0.61603	0.16285	0.04931	0.17181
V659	0.32856	0.05431	0.34747	0.26966
V660	0.02737	0.94337	0	0.02925
V661	0.05091	0.35142	0.04192	0.55575
V662	0.42407	0.00346	0.4449	0.12756
V663	0.25031	0.04361	0.55759	0.14849
V664	0.21473	0.0406	0.68123	0.06344
V665	0.71107	0.1437	0.03392	0.11132
V666	0.54737	0	0.08612	0.36651
V667	0.79647	0.04731	0.15622	0
V668	0.13025	0.78887	0.08088	0
V669	0.24229	0.37177	0.24797	0.13797
V670	0.08228	0.88873	0	0.02898
V671	0.38465	0.2412	0.25178	0.12237
V672	0.0161	0.01283	0.92788	0.04319
V673	0.23894	0.32145	0.22296	0.21665
V674	0.7275	0.10559	0.01364	0.15327
V675	0.13525	0.27786	0.31348	0.27341
V676	0.02201	0.0701	0.08561	0.82228
V677	0.40113	0.35243	0.08944	0.15699
V678	0.54001	0.44356	0.01021	0.00622
V679	0.04717	0.28863	0.64578	0.01842
V680	0.32884	0.51304	0.13098	0.02714
V681	0.9157	0.04014	0.00972	0.03445
V682	0.11598	0.26733	0.56382	0.05287
V683	0.01141	0.97533	0.01291	0.00035
V684	0.72743	0.11966	0.08571	0.06721
V685	0.52268	0.30019	0.11806	0.05907
V686	0.07984	0.12826	0.12825	0.66365
V687	0.01973	0.00214	0.01504	0.96309
V688	0.38223	0.45701	0	0.16076
V689	0.22108	0	0.0342	0.74472
V690	0.48976	0.02162	0.40728	0.08133
V691	0.17016	0.00119	0.82054	0.00812
V692	0.07905	0.10278	0.72785	0.09032
V693	0.22851	0.06944	0.35047	0.35158
V694	0.00576	0.00916	0.25077	0.73431
V695	0.21369	0	0.12966	0.65665
V696	0.06186	0.05052	0.00959	0.87803
V697	0.0109	0.02909	0.00739	0.95262
V698	0.79904	0	0.00836	0.1926
V699	0.58989	0.23567	0.05957	0.11487
V700	0.20294	0.00902	0.00307	0.78496
V701	0.10936	0.47047	0.10096	0.31921
V702	0.51366	0.0487	0.00682	0.43082
V703	0.12725	0.02741	0.45852	0.38682
V704	0.81986	0.02341	0.02024	0.13649
V705	0.9565	0	0.00977	0.03374
V706	0.07734	0.02665	0.78209	0.11393
V707	0.03301	0.40605	0.50786	0.05308
V708	0.03456	0.85189	0.01627	0.09729
V709	0.14089	0.22521	0.53065	0.10325
V710	0.61421	0.16202	0.04104	0.18272
V711	0.09234	0.78153	0.08609	0.04004
V712	0.80987	0.03068	0.00297	0.15648
V713	0.43455	0.2421	0.02669	0.29665
V714	0.00622	0.60401	0.01409	0.37568
V715	0.32113	0.29261	0.29926	0.087
V716	0.02537	0.01873	0.0329	0.92299
V717	0.08305	0.89825	0	0.0187
V718	0.15141	0.52356	0.17269	0.15234
V719	0.05404	0.65699	0.02849	0.26049
V720	0.70443	0	0.21049	0.08507
V721	0.12126	0.11862	0.46093	0.2992
V722	0.08061	0.27133	0.00642	0.64165
V723	0.09103	0.04967	0.00317	0.85612
V724	0.55367	0.01009	0.07074	0.36551
V725	0.00026	0.06744	0.88902	0.04329
V726	0.0297	0.31033	0.10616	0.55382
V727	0.28766	0.62029	0.08577	0.00629
V728	0.02656	0.87663	0.08942	0.00739
V729	0.38048	0.00136	0.13814	0.48002
V730	0.91726	0.0134	0.03517	0.03417
V731	0.02125	0.14438	0.37273	0.46163
V732	0.35312	0.04614	0.33342	0.26733
V733	0.65208	0.14109	0.02664	0.1802
V734	0.2593	0.27397	0.46033	0.0064
V735	0.01318	0.00979	0.43603	0.541
V736	0.12356	2e-04	0.0048	0.87143
V737	0.34217	0.24002	0.23069	0.18711
V738	0.07796	0.28777	0.45185	0.18242
V739	0	0.00186	0.558	0.44014
V740	0.86814	0.0569	0.05978	0.01518
V741	0.47389	0.06376	0.10976	0.35259
V742	0.42634	0.5625	0.01116	0
V743	0.14319	0.10605	0.72138	0.02938
V744	0.53185	0.01932	0.31146	0.13737
V745	0.01428	0.6599	0.17439	0.15142
V746	0.99196	0	0.00031	0.00773
V747	0.05159	0	0.68012	0.26829
V748	0.1219	0.069	0.57864	0.23045
V749	0.26074	0.12506	0.04054	0.57366
V750	0.42693	0.40632	0.01381	0.15294
V751	0.04599	0.84929	0.03048	0.07425
V752	0.47204	0.17566	0.12373	0.22857
V753	0.01359	0.0059	0.00375	0.97676
V754	0.00769	0.90787	0	0.08444
V755	0.14349	0.14426	0.32454	0.38771
V756	0.01822	0.00176	0.03405	0.94597
V757	0.3601	0.54601	0.05552	0.03838
V758	0.04509	0.74044	0.11453	0.09993
V759	0.11336	0.03263	0.36887	0.48513
V760	0.27872	0.0308	0.25231	0.43817
V761	0.06636	0.54657	0.2722	0.11487
V762	0.00089	0.31298	0.00779	0.67835
V763	0.38485	0.29708	0.01954	0.29853
V764	0.00733	0.90464	0.0032	0.08482
V765	0.64267	0.05648	0	0.30085
V766	0.01322	0.27033	0.43043	0.28602
V767	0.49578	0.08359	0.23101	0.18963
V768	0.05793	0.8961	0.01737	0.02859
V769	0.15157	0.80709	0.02396	0.01738
V770	0.00945	0.97703	0.00489	0.00863
V771	0.18027	0.00495	0.79626	0.01853
V772	0.14586	0.02626	0.82017	0.00771
V773	0.17452	0.80388	0.00384	0.01776
V774	0.01616	0.00283	0.9378	0.0432
V775	0.09885	0.01931	0.24579	0.63604
V776	0.44557	0.36991	0.04256	0.14195
V777	0.15537	0.07334	0.11778	0.65352
V778	0.55226	0.2257	0.05889	0.16314
V779	0.1639	0.0208	0.4678	0.3475
V780	0.11876	0.75419	0.12705	0
V781	0.03577	0.01202	0.01926	0.93296
V782	0.00604	0.08778	0.81522	0.09096
V783	0.77628	0.00547	0.03929	0.17896
V784	0.11715	0.8647	0.01064	0.00751
V785	0.03748	0.92345	0.01026	0.0288
V786	0.74719	0.12045	0.07639	0.05596
V787	0.00061	0.83579	0.15606	0.00754
V788	0.5394	0.25723	0.14405	0.05933
V789	0.06008	0.29351	0.01985	0.62656
V790	0.41986	0.01086	0.0628	0.50649
V791	0.13697	0.3301	0.32551	0.20741
V792	0.12776	0.46996	0.00186	0.40042
V793	0.1211	0.60246	0.02825	0.2482
V794	0.04482	0.05348	0.79925	0.10245
V795	0.08976	0.02187	0.0448	0.84357
V796	0.0254	0.05837	0.88562	0.03061
V797	0.77412	0	0.21062	0.01525
V798	0.6506	0.25428	0.06947	0.02565
V799	0.137	0.74269	0.02298	0.09734
V800	0.05978	0.0095	0.47642	0.4543
V801	0.12629	0.07722	0.30141	0.49508
V802	0.02914	0.04691	0.23871	0.68524
V803	0.24409	0.49192	0.26399	0
V804	0.54115	0.00316	0.3652	0.09048
V805	0.01116	0.00695	0.98075	0.00114
V806	0.04666	0.89288	0.00962	0.05085
V807	0.23367	0.10565	0.02622	0.63446
V808	0.69074	0.22805	0.03531	0.0459
V809	0.04222	0.0257	0.9314	0.00068
V810	0.0101	0.9809	0	0.00899
V811	0.41675	0.04327	0.1822	0.35778
V812	0.56014	0.21284	0.04155	0.18547
V813	0.62931	0.15316	0.18067	0.03686
V814	0.4606	0.49465	0.03862	0.00613
V815	0.00097	0.91959	0.07141	0.00803
V816	0.94322	0	0.05678	0
V817	0.026	0.05239	0.90217	0.01944
V818	0.0031	0.02836	0.02711	0.94143
V819	0.85079	0.05298	0.04185	0.05438
V820	0.11082	0.06197	0.01396	0.81325
V821	0.2308	0.27574	0.39232	0.10115
V822	0.07019	0.01168	0.8877	0.03043
V823	0.02326	0.15259	0.6942	0.12995
V824	0.09555	0.35767	0.54672	6e-05
V825	0.22344	0.23948	0.24212	0.29496
V826	0.46179	0.37457	0.14768	0.01596
V827	0.39988	0.5532	0.00916	0.03776
V828	0.20463	0.11532	0.09389	0.58617
V829	0.03042	0.18796	0.0273	0.75432
V830	0.20245	0.17055	0.01844	0.60857
V831	0.77685	0.05727	0.02601	0.13987
V832	0.27815	0.34873	0.15891	0.21421
V833	0.1497	0.46012	0.17201	0.21817
V834	0.26441	0.04302	0.06464	0.62793
V835	0.37895	0.40253	0.10994	0.10858
V836	0.0065	0.60809	0.00223	0.38318
V837	0.22457	0.32858	0.17818	0.26867
V838	0.9468	0.02362	0.02299	0.00658
V839	0.32516	0.57459	0.094	0.00625
V840	0.3122	0.68257	0.00514	9e-05
V841	0.00014	0.02622	0.89526	0.07839
V842	0.35937	0.12178	0.24634	0.27251
V843	0.01487	0.00955	0.87328	0.1023
V844	0.10348	0.05422	0.35179	0.49051
V845	0.06788	0.07667	0.76543	0.09002
V846	0	0.0037	0.72901	0.2673
V847	0.0062	1e-04	0.01069	0.98301
V848	0.08743	0.4542	0.16073	0.29763
V849	0.00097	0.94378	0.0041	0.05115
V850	0.97345	0	0.01053	0.01602
V851	0.36185	0.49671	0.14144	0
V852	0.08844	0.02672	0.10688	0.77796
V853	0.25514	0.17989	0.40045	0.16452
V854	0.60765	0.12571	0.09386	0.17279
V855	0.0062	1e-04	0.01069	0.98301
V856	0.04078	0.30181	0.34453	0.31288
V857	0.68413	0.13304	0.02671	0.15612
V858	0.58237	0.00136	0.40995	0.00632
V859	0.6721	0.19116	0.01402	0.12272
V860	0.16598	0.07338	0.0418	0.71884
V861	0.09465	0.32995	0.55755	0.01786
V862	0.13927	0.05991	0.73631	0.06452
V863	0.17383	0.0346	0	0.79157
V864	0.05182	0.01661	0.0387	0.89288
V865	0.0971	0	0.23047	0.67242
V866	0.74862	0.00385	0.23232	0.01521
V867	0.74977	0.00985	0.23434	0.00604
V868	0.5375	0.23112	0.12563	0.10575
V869	0.01868	0.96812	0.0049	0.0083
V870	0.09123	0.27216	0.01234	0.62427
V871	0.00097	0.94378	0.0041	0.05115
V872	0.00625	0.00424	0.21281	0.7767
V873	0.90169	0.01309	0.04203	0.04319
V874	0.21186	0.76259	0.02553	2e-05
V875	0.0129	0.1384	0.17622	0.67247
V876	0.16572	0.2885	0.41778	0.128
V877	0.04097	0.3441	0.28902	0.3259
V878	0.14206	0.79643	0.06151	0
V879	0.19869	0.65477	0.03674	0.10981
V880	0.3135	0.49612	0.00223	0.18816
V881	0.14316	0.02302	0.58341	0.25041
V882	0.79463	0	0.11225	0.09311
V883	0.30748	0.17005	0.52247	0
V884	0.01482	0.21596	0	0.76923
V885	0.73789	0.18107	0.08104	0
V886	0.01358	0.32324	0.46912	0.19406
V887	0.6407	0.03622	0.14304	0.18004
V888	0.10041	0.02643	0.74742	0.12574
V889	0.93154	0.02826	0.01577	0.02443
V890	0.03128	0.10597	0.61577	0.24698
V891	0.64989	0.02637	0.26708	0.05666
V892	0.25674	0.13175	0.00617	0.60534
V893	0.60734	0.17117	0.14123	0.08026
V894	0.06872	0.27999	0.59792	0.05338
V895	0.60026	0.03691	0.18137	0.18146
V896	0.03773	0.92935	0.00384	0.02908
V897	0.70669	0.21309	0.00297	0.07725
V898	0.41763	0	0.00229	0.58008
V899	0.02125	0.13755	0.11912	0.72208
V900	0.07457	0.24542	0.35428	0.32572
V901	0.03384	0.7956	0.00258	0.16798
V902	0.04857	0.90139	0.04259	0.00745
V903	0.0059	0.39277	0.53609	0.06524
V904	0.01921	0.97202	0	0.00877
V905	0.12758	0	0.14633	0.72609
V906	0.37996	0.05655	0.09139	0.4721
V907	0.44785	0.46656	0.01492	0.07067
V908	0.00842	0.02475	0.05538	0.91145
V909	0.13583	0.76871	0	0.09547
V910	0.13902	0	0.09693	0.76405
V911	0.53518	0.34468	0.02803	0.0921
V912	0.40092	0.27328	0.11756	0.20825
V913	0.09446	0	0.00594	0.89959
V914	0.1945	0.46192	0.2918	0.05178
V915	0.19169	0	0.00365	0.80467
V916	0.26534	0.03191	0.64033	0.06242
V917	0.71943	0.01159	0.15002	0.11896
V918	0.04395	0.60082	0.22856	0.12667
V919	0.19695	0.1847	0.28399	0.33436
V920	0.63335	0.15521	0.0859	0.12554
V921	0.02289	0.11535	0.02218	0.83958
V922	0.10477	0.4354	0.39521	0.06462
V923	0.06257	0.00458	0.03197	0.90088
V924	0.03416	0.65414	0.27068	0.04102
V925	0.15346	0.01482	0.00862	0.82311
V926	0.17317	0.00868	0.02149	0.79667
V927	0.01646	0.01877	0.04107	0.92369
V928	0.04603	0.86573	0.0032	0.08503
V929	0.05422	0.59582	0.1227	0.22726
V930	0.52297	0.32167	0.02776	0.12759
V931	0.141	0.23613	0.51958	0.1033
V932	0.03127	0.07817	0.59449	0.29606
V933	0.62128	0.35334	0.00944	0.01594
V934	0.00577	0.10358	0.24301	0.64764
V935	0.58712	0.12098	0.1993	0.0926
V936	0.52413	0.22045	0.01319	0.24223
V937	0.53593	0.08737	0.0741	0.3026
V938	0.36976	0.02434	0.2839	0.32199
V939	0.7403	0.0055	0.06313	0.19107
V940	0.02492	0.77833	0.14504	0.05171
V941	0.00148	0.00651	0.98129	0.01072
V942	0.7646	0.15067	0.05968	0.02504
V943	0.41897	0.09252	0.41539	0.07313
V944	0.01396	0.20464	0.05095	0.73045
V945	0.57293	0.30576	0.00816	0.11314
V946	0.48163	0.22192	0.24749	0.04896
V947	0.06772	0.02536	0.19891	0.70802
V948	0.36115	0.01276	0.59852	0.02757
V949	0.00033	0.07047	0.17337	0.75583
V950	0.0537	0.48486	0.20314	0.25831
V951	0.84682	0.0039	0.14325	0.00603
V952	0.05916	0.08481	0.23488	0.62116
V953	0.01563	0.03472	0.90662	0.04303
V954	0.0299	0.12894	0.11845	0.7227
V955	0.11866	0.53903	0.02085	0.32146
V956	0.02924	0.00947	0.47306	0.48824
V957	0.2952	0.00322	0	0.70158
V958	0.01434	9e-05	0.00434	0.98123
V959	0.24461	0.21839	0.43591	0.10109
V960	0.22184	0.21559	0.06741	0.49515
V961	0.13835	0.343	0.35135	0.1673
V962	0.38488	0.12808	0.38914	0.0979
V963	0.61824	0.12867	0.14952	0.10356
V964	0.85373	0.01266	0.09007	0.04354
V965	0.05278	0.44395	0.1792	0.32407
V966	0.9744	0.00436	0.00508	0.01615
V967	0.05017	0.0217	0.49377	0.43436
V968	0.00016	0.11806	0.79115	0.09063
V969	0.00615	0.22552	0.02771	0.74061
V970	0.02993	0.07966	0.3968	0.49361
V971	0.52008	0.05535	0.31966	0.1049
V972	0.50417	0.15043	0.04039	0.30501
V973	0.26994	0.36113	0.06958	0.29934
V974	0.00622	0.75832	0.12414	0.11132
V975	0.10563	0.26589	0.62148	0.007
V976	0.44472	0.19633	0.10571	0.25324
V977	0.34565	0.32214	0.32594	0.00627
V978	0.05035	0.05527	0.0528	0.84158
V979	0.82104	0.00421	0.16882	0.00594
V980	0.99196	0	0.00031	0.00773
V981	0.33766	0.01348	0.40927	0.2396
V982	0.45976	0.35206	0.06985	0.11833
V983	0.67415	0.0356	0.00235	0.2879
V984	0.01544	0.82728	0.1059	0.05139
V985	0.05988	0.14046	0.00258	0.79708
V986	0.33646	0.47497	0.04348	0.14509
V987	0.25469	0.71777	0	0.02754
V988	0.18229	0.00357	0.00846	0.80569
V989	0.4683	0.43334	0.07182	0.02654
V990	0	0.02945	0.78352	0.18703
V991	0.66376	0.31994	0	0.0163
V992	0.19929	0	0.48662	0.31409
V993	0.0678	0.70278	0.16555	0.06387
V994	0.19994	0.75881	0.02403	0.01722
V995	0.73804	0.07183	0.02628	0.16386
V996	0.2417	0.08126	0.00714	0.66991
V997	0.01407	0.00444	0.81944	0.16205
V998	0.8777	0.00281	0.05665	0.06284
V999	0.12999	0.86204	0	0.00796
V1000	0.27615	0.00861	0	0.71523
