CD56NK	CD4MemoryT	CD19B	CD14
V1	0.56986	0	0.13231	0.29783
V2	0.14376	0.03737	0.03137	0.7875
V3	0.06135	0.54852	0.00616	0.38397
V4	0.90496	0.07258	0	0.02246
V5	0.12734	0.42081	0.24213	0.20971
V6	0.09179	0.86712	0.01527	0.02582
V7	0.1544	0.27526	0.06314	0.5072
V8	0.155	0.00016	0.80377	0.04107
V9	0.24649	0.15762	0.02305	0.57285
V10	0.0175	0.00201	0.91275	0.06775
V11	0.25816	0.3113	0.42555	0.00499
V12	0.0302	0.57939	0.37523	0.01518
V13	0.3182	0.65458	0.00287	0.02435
V14	0.0819	0.90807	0.00397	0.00606
V15	0.13807	0.55071	0.10705	0.20416
V16	0.939	0.01618	0.01364	0.03118
V17	0.10423	0.86147	0.00852	0.02578
V18	0.64824	0.27659	0.03173	0.04344
V19	0.19315	0.78868	0.00298	0.01519
V20	0.18076	0.37697	0.01135	0.43092
V21	0.15565	0.0191	0.78466	0.04059
V22	0.01808	0.0404	0.16254	0.77897
V23	0.44968	0.01171	0.53262	0.00599
V24	0.96489	0.01225	0.02251	0.00035
V25	0.38066	0.15994	0.10552	0.35388
V26	0.43988	0.30513	0.01174	0.24325
V27	0.0916	0.01804	0.00804	0.88231
V28	0.00166	0.01996	0.97736	0.00101
V29	0.50746	0.00413	0.45302	0.03539
V30	0.10649	0.13971	0.24449	0.5093
V31	0.22725	0.12077	0.26585	0.38613
V32	0.07058	0.00205	0.01581	0.91157
V33	0.0507	0.46012	0.35893	0.13025
V34	0.15455	0.0075	0.79748	0.04047
V35	0.19683	0.6969	0.06937	0.0369
V36	0.00857	0.00699	0.42045	0.564
V37	0.57059	0.02872	0.07157	0.32912
V38	0.43271	0	0.13194	0.43536
V39	0.19446	0.51367	0.11557	0.1763
V40	0.12002	0.81316	0.06682	0
V41	0.01108	0.61658	0.03286	0.33948
V42	0.22657	0.00292	0.16506	0.60545
V43	0.15918	0.295	0.50662	0.03921
V44	0.01596	0.03145	0.73229	0.2203
V45	0.1162	0.55955	0.21044	0.11381
V46	0.86045	0.03586	0.0986	0.00509
V47	0.52964	0.12525	0.28848	0.05664
V48	0.85531	0.1195	0.00328	0.02191
V49	0.78005	0.12994	0	0.09001
V50	0.08057	0.83921	0.07508	0.00513
V51	0.37894	0.34458	0.24027	0.03621
V52	0.02788	0.06322	0.86622	0.04269
V53	0.79472	0.07802	0.12726	0
V54	0.5042	0.13205	0.33938	0.02437
V55	0.2293	0.06521	0.20502	0.50048
V56	0.03984	0	0.05654	0.90362
V57	0.11809	0.85137	0.01543	0.01511
V58	0.63945	0	0.02741	0.33314
V59	0.50894	0.34375	0.09144	0.05587
V60	0.14206	0.08574	0.29303	0.47918
V61	0.84784	0.05636	0.00713	0.08867
V62	0.92352	0.01095	0.05227	0.01326
V63	0.02179	0.8416	0.11058	0.02603
V64	0.01238	0.82124	0	0.16638
V65	0.01365	0	0.06753	0.91882
V66	0.25615	0.64846	0.01356	0.08183
V67	0.18972	0.28448	0.51085	0.01495
V68	0.15544	0.08157	0.01152	0.75147
V69	0.02792	0.26785	0.63856	0.06566
V70	0.61226	0.08838	0.1548	0.14456
V71	0.17614	0.02723	0.33278	0.46384
V72	0.63435	0.0925	0.07448	0.19867
V73	0.18192	0.57924	0.1276	0.11124
V74	0.06769	0.18746	0.74485	0
V75	0.74541	0	0.15553	0.09906
V76	0.00418	0.10395	0.14739	0.74447
V77	0.03723	0.21165	0.00124	0.74988
V78	0.32857	0.05672	0.15321	0.4615
V79	0.00698	0.05139	0.82352	0.1181
V80	0.40647	0	0.49068	0.10285
V81	0.06669	0.11619	0.81015	0.00697
V82	0.00045	0.03553	0.95518	0.00884
V83	0.13429	0.1074	0.05247	0.70583
V84	0.41256	0.01286	0.12871	0.44588
V85	0.12676	0.25359	0.39484	0.2248
V86	0.05148	0.01686	0.87754	0.05412
V87	0.04125	0.82811	0.04449	0.08615
V88	0.17068	0.01991	0.22578	0.58363
V89	0.01905	0	0.15816	0.82279
V90	0.03276	0.90431	0.04716	0.01577
V91	0.04095	0.7396	0.1806	0.03885
V92	0.50892	0.00158	0.33403	0.15547
V93	0.89532	0.00142	0	0.10326
V94	0.01903	0.36192	0.01158	0.60747
V95	0.30544	0.36748	0.14119	0.18589
V96	0.06819	0.04873	0.01305	0.87003
V97	0.76107	0.05746	0.17648	0.005
V98	0.74674	0.23953	0	0.01373
V99	0.8556	0.01785	0.12138	0.00517
V100	0.09105	0.00552	0.87406	0.02937
V101	0.01724	0.00903	0.0015	0.97222
V102	0.95635	0.02539	0.00412	0.01414
V103	0.01295	0.01297	0.06509	0.90899
V104	0.03516	0.95461	0.00398	0.00625
V105	0.06933	0.91501	0.00984	0.00582
V106	0.14407	0.48426	0.32059	0.05108
V107	0.23143	0.14282	0.56291	0.06283
V108	0.18518	0.73168	0.08314	0
V109	0.01613	0.09827	0.57801	0.3076
V110	0.06715	0.87719	0.02961	0.02606
V111	0.9406	0	0.05357	0.00583
V112	0.13809	0.02224	0.38514	0.45453
V113	0.19779	0.0501	0.14274	0.60937
V114	0.2446	0.01297	0.05767	0.68475
V115	0.01171	0.76176	0.22111	0.00542
V116	0.16648	0.25077	0.36015	0.2226
V117	0.74617	0.18682	0.02478	0.04223
V118	0.18744	0.51353	0.02535	0.27368
V119	0.11087	0.03272	0.0324	0.82401
V120	0.09096	0.0323	0.85888	0.01786
V121	0.64955	0.06887	0.07373	0.20785
V122	0.97662	0	0.00921	0.01417
V123	0.01073	0.43399	0.03174	0.52354
V124	0.71562	0.22203	0	0.06234
V125	0.46311	0.35539	0.15754	0.02397
V126	0.03694	0.08693	0.03285	0.84327
V127	0.16858	0.0143	0.21444	0.60268
V128	0.029	0	0.08009	0.89091
V129	0.66017	0.16761	0.13866	0.03356
V130	0.01077	0.6583	0.32541	0.00552
V131	0.03179	0.87311	0	0.09511
V132	0.95894	0	0.0191	0.02196
V133	0.94574	0.00217	0.03847	0.01362
V134	0.12051	0.31352	0.11135	0.45462
V135	0.07562	0	0.14088	0.7835
V136	0.26798	0.31752	0.0059	0.40859
V137	0.71192	0.01028	0.20528	0.07252
V138	0.24955	0.33362	0.16053	0.2563
V139	0.40124	0.1352	0.16983	0.29374
V140	0.02869	0.04312	0.03415	0.89403
V141	0.07105	0.09584	0.52646	0.30665
V142	0.83205	0	0.16775	2e-04
V143	0.48087	0.18641	0.05234	0.28038
V144	0.175	0.08913	0.13772	0.59815
V145	0.00415	0.77005	0.22025	0.00554
V146	0.05151	0	0.01683	0.93166
V147	0.94152	0.00553	0.01349	0.03946
V148	0.14658	0.0318	0.55107	0.27055
V149	0.31869	0.47382	0.20289	0.0046
V150	0.10325	0.18975	0.60123	0.10577
V151	0.24423	0.57319	0.02587	0.15671
V152	0.28367	0.38838	0.20464	0.12332
V153	0.12506	0.71674	0.01346	0.14473
V154	0.2993	0.40796	0.25576	0.03698
V155	0.54957	0.08378	0.25322	0.11344
V156	0.03686	0.0853	0.70598	0.17187
V157	0.35097	0.09293	0.28305	0.27305
V158	0.0169	0	0.01312	0.96998
V159	0.91674	0.03389	0	0.04938
V160	0.70296	0	0.04649	0.25055
V161	0.2062	0	0.01869	0.77511
V162	0.06924	0.22138	0.06209	0.64729
V163	0.1124	0.43129	0.15405	0.30227
V164	0.38672	0.23251	0.08841	0.29235
V165	0.01277	0.19628	0	0.79095
V166	0.01247	0.05081	0.04878	0.88794
V167	0.34034	0	0.00208	0.65758
V168	0.34185	0.52156	0.06619	0.07041
V169	0.18797	0.02003	0.02412	0.76789
V170	0.11367	0.0016	0.47209	0.41264
V171	0.15769	0.19339	0.59677	0.05216
V172	0.76969	0	0.22484	0.00547
V173	0.02887	0.08929	0.02582	0.85602
V174	0.01957	0.10445	0.05452	0.82146
V175	0.07121	0	0.76519	0.1636
V176	0.012	0.82246	0.16012	0.00542
V177	0.01456	0.96826	0	0.01718
V178	0.0119	0.72039	0.00145	0.26627
V179	0.16892	0	0.32802	0.50305
V180	0.03581	0.89507	0.06912	0
V181	0.1932	0.07764	0.52289	0.20628
V182	0.36506	0.12149	0.4406	0.07286
V183	0.21782	0.77349	0.00327	0.00542
V184	0.99289	0	0.00656	0.00055
V185	0.63253	0.3539	0.00867	0.00489
V186	0.14117	0.43671	0.25384	0.16829
V187	0.97399	0	0.02	0.00601
V188	0.05856	0.16741	0	0.77403
V189	0.82972	0.00377	0.01161	0.1549
V190	0.72204	0	0.27243	0.00553
V191	0.23125	0.15536	0.56235	0.05104
V192	0.34856	0.39478	0.03922	0.21744
V193	0.65484	0.00868	0.19857	0.1379
V194	0.04552	0.92442	0.00314	0.02692
V195	0.00866	0.01322	0.96906	0.00906
V196	0.01477	0.03666	0.00462	0.94396
V197	0.41497	0.01737	0.01662	0.55104
V198	0.07645	0.47884	0.36746	0.07725
V199	0.16614	0.00287	0.13893	0.69205
V200	0.14447	0.49596	0.01175	0.34782
V201	0.11447	0.51297	0.17812	0.19444
V202	0.01564	0.00224	0.75346	0.22865
V203	0.20365	0.38953	0.38088	0.02594
V204	0.01115	0.45803	0.00067	0.53016
V205	0.01811	0.02906	0.93373	0.0191
V206	0.05448	0.06013	0.87785	0.00754
V207	0.13437	0.1238	0.03813	0.7037
V208	0.30565	0.03152	0.64716	0.01567
V209	0.35187	0.39934	0.05575	0.19304
V210	0.10355	0.75436	0.08084	0.06125
V211	0.41731	0	0.02235	0.56034
V212	0.5815	0.01344	0.38125	0.02381
V213	0.665	0.00748	0.08617	0.24135
V214	0.36207	0.09638	0.13845	0.40311
V215	0.29285	0.04825	0.01096	0.64794
V216	0.03445	0	0.01228	0.95326
V217	0.04961	0.43807	0.2187	0.29361
V218	0.11176	0.38119	0.15176	0.35529
V219	0.12148	0.57578	0.0064	0.29633
V220	0.0119	0.79351	0.00156	0.19304
V221	0.80776	0	0.0023	0.18994
V222	0.36559	0.07787	0.33599	0.22055
V223	0.00719	0.09174	0.79496	0.10611
V224	0.9824	0	0.01713	0.00046
V225	0.06882	0.87837	0.04753	0.00529
V226	0.37097	0.04576	0.56818	0.01509
V227	0.8302	0	0.1567	0.0131
V228	0.82082	0.03082	0.04909	0.09927
V229	0.01781	0.00832	0.94242	0.03145
V230	0.01586	0.00778	0.01233	0.96403
V231	0.01855	0.20385	0.08825	0.68935
V232	0.05033	0.58575	0	0.36392
V233	0.62413	0.04441	0.16735	0.16411
V234	0.04506	0.91626	0.02291	0.01577
V235	0.44477	0.02735	0.49153	0.03635
V236	0.04934	0.03396	0.81209	0.10461
V237	0.15418	0	0.01979	0.82603
V238	0.15667	0.52844	0.25277	0.06212
V239	0.06924	0.32083	0.01115	0.59877
V240	0.55645	0.01247	0.37596	0.05512
V241	0.01695	0.00176	0.88938	0.09191
V242	0.1583	0.74541	0.0821	0.01419
V243	0.285	0.01522	0.60295	0.09683
V244	0.23935	0	0.65318	0.10746
V245	0.67196	0.2263	0.03751	0.06424
V246	0.06512	0.10773	0.79841	0.02874
V247	0.20312	0.00869	0.78774	0.00045
V248	0.02201	0.00918	0.02949	0.93932
V249	0.00038	0.01824	0.88838	0.09299
V250	0.8128	0	0.18179	0.00541
V251	0.96725	0.02221	0.00449	0.00604
V252	0.01381	0.84281	0.14337	0
V253	0.38242	0.02991	0.13108	0.45659
V254	0.01381	0.9403	0.0399	0.006
V255	0.05541	0.89594	0	0.04865
V256	0.21361	0.15904	0.51256	0.11479
V257	0.46653	0.05129	0.20075	0.28144
V258	0.21178	0.20825	0.41271	0.16725
V259	0.03821	0.2584	0.64954	0.05385
V260	0.00135	0.26312	0.72859	0.00695
V261	0.66018	0.00811	0.16224	0.16947
V262	0.09128	0.02431	0.00804	0.87637
V263	0.02389	0.94858	0	0.02753
V264	0.17565	0.01012	0.38063	0.4336
V265	0.02835	0	0.10213	0.86952
V266	0.70119	0.29451	0.00429	0
V267	0.00338	0.1142	0.24409	0.63833
V268	0.39213	0.00254	0.11095	0.49439
V269	0.00944	0.54135	0.38539	0.06382
V270	0.69779	0.00485	0.20453	0.09284
V271	0.83777	0.0307	0.02291	0.10862
V272	0.06436	0.79427	0.0072	0.13416
V273	0.05021	0.0027	0.02272	0.92437
V274	0.73258	0	0.14773	0.1197
V275	5e-04	0.0142	0.97557	0.00973
V276	0.55559	0.26162	0.00645	0.17634
V277	0.03607	0.13747	0.12968	0.69677
V278	0.03467	0.02107	0.2428	0.70147
V279	0.73412	0.02396	0.08698	0.15494
V280	0.0169	0	0.01312	0.96998
V281	0.56756	0.00689	0.11031	0.31524
V282	0.06186	0.03485	0.82406	0.07922
V283	0.24612	0.52059	0.04896	0.18432
V284	0.03344	0.91329	0.04772	0.00555
V285	0.08652	0.00759	0.90519	7e-04
V286	0.28985	0.49513	0.09444	0.12059
V287	0.11658	0.84924	0.00851	0.02566
V288	0.01719	0.21826	0.40553	0.35901
V289	0.34005	0.16122	0.40059	0.09813
V290	0.8657	0.12434	0.00996	0
V291	0.56273	0.03399	0.38935	0.01393
V292	0.94262	0	0	0.05738
V293	0.34801	0.0012	0.60246	0.04833
V294	0.09076	0.28522	0	0.62402
V295	0.01804	0.11151	0.15736	0.71309
V296	0.21129	0.07381	0.60107	0.11383
V297	0.06859	0	0.04776	0.88365
V298	0.36148	0.05963	0.56387	0.01502
V299	0.06846	0.20013	0.00628	0.72514
V300	0.00461	0.00657	0.18626	0.80256
V301	0.13755	0.06599	0.64041	0.15605
V302	0.70793	0.27828	0	0.01379
V303	0.00308	0.5848	0.37239	0.03973
V304	0.05864	0.00581	0.71946	0.21609
V305	0.13423	0.10176	0.43413	0.32989
V306	0.8629	0.05101	0.03626	0.04984
V307	0.02357	0.95039	0.0096	0.01645
V308	0.25852	0.16046	0.27157	0.30945
V309	0.35708	0.23288	0.01695	0.39309
V310	0.08153	0.23771	0.12589	0.55487
V311	0.5776	0.41407	0.00336	0.00497
V312	0.11657	0.72808	0.12954	0.0258
V313	0.00726	0.06516	0.00957	0.91802
V314	0.01859	0.40032	0.09267	0.48841
V315	0.13538	0.56428	0.02543	0.27491
V316	0.35358	0.07936	0.35765	0.20941
V317	0.10016	0.65323	0.0337	0.21291
V318	0.03762	0.47682	0.0058	0.47975
V319	0.0637	0.03087	0.86304	0.04239
V320	0.08674	0.09217	0.65037	0.17072
V321	0.69104	0.30468	0.00429	0
V322	0.20582	0.24069	0.05377	0.49972
V323	0.04886	0	0.06311	0.88803
V324	0.73372	0.1905	0.05335	0.02244
V325	0.35987	0.59251	0.04294	0.00469
V326	0.00393	0.49047	0.07406	0.43154
V327	0.01926	0.08647	0.07827	0.816
V328	0.04686	0.00572	0.71763	0.22978
V329	0.17182	0.05666	0.13565	0.63586
V330	0.4082	0	0.2848	0.307
V331	0.34278	0.0414	0.02865	0.58718
V332	0.01119	0.01657	0.14393	0.82832
V333	0.47841	0.03427	0.34899	0.13833
V334	0.37237	0	0.30454	0.32309
V335	0.02753	0.28666	0.51315	0.17266
V336	0.20422	0.65113	0.01341	0.13124
V337	0.33913	0.34974	0.2743	0.03683
V338	0.00635	0.9828	0.00412	0.00673
V339	0.14616	0.00201	0.84414	0.00769
V340	0.06055	0.16814	0.51598	0.25533
V341	0.02154	0.0081	0.04267	0.92769
V342	0.27353	0	0.56098	0.16549
V343	0.98466	0.00426	0.00476	0.00632
V344	0.74302	0.10342	0.15357	0
V345	0.01097	0.01674	0.97141	0.00088
V346	0.24502	0.05923	0.24529	0.45045
V347	0.03786	0	0.09316	0.86898
V348	0.06331	0.61654	0.12769	0.19245
V349	0.4005	0.10639	0.3605	0.13261
V350	0.03391	0.80467	0.16141	0
V351	0.01703	0.00607	0.3367	0.6402
V352	0.04991	0.0038	0.84329	0.10299
V353	0.9052	0.00447	0.02295	0.06738
V354	0.05333	0.68394	0.21185	0.05088
V355	0.30705	0.03566	0.42315	0.23414
V356	0.0292	0.00022	0.07175	0.89883
V357	0.12328	0.26213	0.25645	0.35814
V358	0.55875	0.05314	0.03481	0.35329
V359	0.57255	0.02277	0.02166	0.38302
V360	0.61085	0.36229	0.01377	0.01308
V361	0.00205	0.43809	0.5536	0.00626
V362	0.00636	0.97649	0.01059	0.00656
V363	0.18725	0.06578	0.43646	0.31051
V364	0.1783	0.02778	0.66774	0.12618
V365	0.25083	0.0044	0.00676	0.73801
V366	0.08806	0.6404	0.06798	0.20356
V367	0.58428	0.08172	0.00141	0.33259
V368	0.10205	0.70528	0.06889	0.12378
V369	0.01844	0.38332	0.59205	0.00619
V370	0.35279	0.22111	0.38908	0.03701
V371	0.21797	0.67917	0.02037	0.0825
V372	0.15391	0.01876	0.09012	0.73721
V373	0.08267	0.08222	0.43997	0.39514
V374	0.82259	0.00033	0.17688	2e-04
V375	0.03648	0.01041	0.10897	0.84414
V376	0.02883	0.0067	0.07134	0.89313
V377	0.77396	0	0.0067	0.21934
V378	0.00918	0.00629	0.34598	0.63855
V379	0.33926	0.12797	0.00537	0.52739
V380	0.1448	0.03192	0.16113	0.66215
V381	0.74998	0.00026	0.06963	0.18012
V382	0.09396	0.01352	0.88477	0.00775
V383	0.84081	0	0.03454	0.12464
V384	0.58142	0.03639	0.10545	0.27674
V385	0.88424	0.00119	0.05634	0.05822
V386	0.2919	0	0.11039	0.59772
V387	0.64928	0.0893	0.16339	0.09804
V388	0.42277	0.257	0.12736	0.19288
V389	0.46562	0.44929	0.00716	0.07792
V390	0.35201	0.20784	0.43506	0.00509
V391	0.41502	0.0539	0.01047	0.52061
V392	0.46877	0.15072	0.14141	0.23911
V393	0.32152	0.16447	0.326	0.18802
V394	0.09016	0.15354	0.08812	0.66817
V395	0.24959	0.32527	0.182	0.24313
V396	0.01393	0.95527	0.00361	0.02719
V397	0.83278	0.04497	0.08129	0.04095
V398	0.46632	0.07604	0.07475	0.3829
V399	0.22418	0.50431	0.1354	0.13611
V400	0.00409	0.50887	0.0484	0.43864
V401	0.03765	0.10927	0.74709	0.10599
V402	0.84199	0.13092	0.02709	0
V403	0.02151	0.00274	0.05036	0.92539
V404	0.10199	0.1434	0.62289	0.13173
V405	0.2133	0.00776	0.13034	0.6486
V406	0.68991	0.18199	0.01199	0.11611
V407	0.00635	0.9828	0.00412	0.00673
V408	0.09755	0.18079	0.37498	0.34668
V409	0.0094	0.00322	0.01324	0.97414
V410	0.10353	0.84853	0.02221	0.02573
V411	0.41655	0	0	0.58345
V412	0.16942	0.03601	0.4621	0.33246
V413	0.06062	0.41978	0.16205	0.35755
V414	0.03887	0.46729	0.32305	0.1708
V415	0.45961	0.0078	0.19126	0.34134
V416	0.00986	0.05416	0.93547	5e-04
V417	0.4322	0.55958	0.00327	0.00495
V418	0.06717	0.05216	0.1093	0.77136
V419	0.01658	0	0.01866	0.96476
V420	0.00519	0.86712	0.00789	0.1198
V421	0.17522	0.01498	0.6592	0.15061
V422	0.04195	0.02777	0.00408	0.9262
V423	0.09105	0.00552	0.87406	0.02937
V424	0.00165	0.02048	0.57219	0.40568
V425	0.0622	0.18744	0.60362	0.14674
V426	0.09979	0.0183	0.79199	0.08992
V427	0.07212	0.32205	0.16888	0.43694
V428	0.1019	0.74553	0.04309	0.10947
V429	0.01601	0	0.02518	0.95881
V430	0.79622	0.11089	0.01208	0.08081
V431	0.18808	0.00526	0.39944	0.40723
V432	0.09996	0.04556	0.03232	0.82216
V433	0.06287	0.67184	0	0.26529
V434	0.32966	0.03574	0.03625	0.59835
V435	0.50611	0	0.09353	0.40036
V436	0.37127	0	0.08707	0.54166
V437	0.22875	0.15861	0.00059	0.61205
V438	0.63914	0.09843	0.02283	0.23961
V439	0.03049	0.0546	0.00331	0.9116
V440	0.47344	0.012	0.02189	0.49267
V441	0.07246	0.08056	0.58064	0.26635
V442	0.35259	0.26898	0.11889	0.25953
V443	0.75311	0	0.06897	0.17792
V444	0.01097	0.01674	0.97141	0.00088
V445	0.66997	0.00236	0.29445	0.03322
V446	0.04129	0.81571	0.04426	0.09873
V447	0.68138	0.0509	0.15006	0.11765
V448	0.01845	0.02816	0.15237	0.80102
V449	0.60999	0.01529	0.25564	0.11908
V450	0.17184	0.81742	0.01073	0
V451	0.95204	0.02534	0	0.02262
V452	0.03095	0	0.04989	0.91916
V453	0.85261	0.03753	0.04991	0.05995
V454	0.00566	0.93862	0.03955	0.01617
V455	0.65234	0.01074	0.26281	0.07411
V456	0.36627	0.07064	0.35502	0.20807
V457	0.00942	0.00914	0.00726	0.97418
V458	0.26608	0.15692	0.00061	0.57639
V459	0.02023	0.77576	0.07965	0.12436
V460	0.96659	0	0.01943	0.01398
V461	0.05213	0.0092	0.0045	0.93417
V462	0.35056	0.17449	0	0.47495
V463	0.29283	0.41606	0.14275	0.14836
V464	0.50357	0.0537	0.00118	0.44155
V465	0.44543	0.35134	0.01848	0.18474
V466	0.6043	0.12473	0.00136	0.26961
V467	0.36686	0.51983	0.06647	0.04685
V468	0.55974	0.33502	0.03874	0.0665
V469	0.01768	0.11243	0.24728	0.62261
V470	0.59578	0.07131	0.15346	0.17944
V471	0.26051	0.05542	0.02288	0.6612
V472	0.33428	0.25115	0	0.41457
V473	0.11748	0.5259	0.33033	0.02629
V474	0.10841	0	0.07561	0.81598
V475	0.19741	0.31855	0.06334	0.4207
V476	0.15351	0	0.03875	0.80775
V477	0.63111	0.0138	0.17198	0.18311
V478	0.14389	0.51307	0.00093	0.34212
V479	0.01623	0.05121	0.8148	0.11776
V480	0.07962	0.22991	0.03051	0.65996
V481	0.1722	0.00422	0.80618	0.0174
V482	0.75774	0.10708	0.0929	0.04228
V483	0.12096	0.05825	0.05289	0.76789
V484	0.02182	0.03277	0.0156	0.92981
V485	0.13597	0.68741	0.00693	0.16969
V486	0.28814	0.19294	0.10632	0.4126
V487	0.06695	0.01546	0.06217	0.85542
V488	6e-04	0.00174	0.8562	0.14146
V489	0.25501	0.06392	0.66518	0.0159
V490	0.36726	0.23884	0.05353	0.34037
V491	0.49791	0.3985	0.02556	0.07803
V492	0.03227	0.84053	0.12193	0.00527
V493	0.0192	0	0.00267	0.97812
V494	0.22476	0.10437	0.50471	0.16616
V495	0.26689	0.58309	0.12508	0.02494
V496	0.31419	0.62885	0	0.05695
V497	0.00912	0.00791	0.97366	0.00931
V498	0.31002	0.05527	0.03584	0.59887
V499	0.68215	0.20856	0.10466	0.00463
V500	0.11563	0.08187	0.7493	0.0532
V501	0.00939	0	0.02634	0.96427
V502	0.61875	0.2152	0.13222	0.03384
V503	0.19865	0.05054	0.16316	0.58766
V504	0.26771	0.64344	0.00737	0.08147
V505	0.21282	0.14826	0.2254	0.41352
V506	0.09958	0.19709	0.43625	0.26709
V507	0.65026	0.05543	0.09813	0.19618
V508	0.80592	0.1127	0.03032	0.05106
V509	0.2527	0.02965	0.46831	0.24933
V510	0.26889	0.48292	0.24347	0.00472
V511	0.04714	0.33601	0.03129	0.58555
V512	0.23448	0.01799	0.05781	0.68971
V513	0.09006	0.62026	0.20113	0.08855
V514	0.01621	0.03185	0.00052	0.95142
V515	0.79399	0.03022	0.03486	0.14093
V516	0.93665	0.05731	0	0.00604
V517	0.03486	0.00464	0.20288	0.75761
V518	0.9757	0.01743	0.00032	0.00655
V519	0.0311	0.83494	0.0018	0.13217
V520	0.02483	0	0.55583	0.41934
V521	0.626	0.01794	0.32218	0.03389
V522	0.0072	0.0788	0.54474	0.36926
V523	0.38247	0.07417	0.22647	0.31689
V524	0.01107	0.76906	0.18097	0.0389
V525	0.25595	0.13756	0.01642	0.59007
V526	0.66645	0.04146	0.05647	0.23561
V527	0.2119	0.0046	0.34454	0.43897
V528	0.11375	0.8265	0	0.05975
V529	0.05545	0.02732	0.17845	0.73877
V530	0.00723	0.1609	0.68618	0.1457
V531	0.02388	0.87124	0.10488	0
V532	0.17488	0.24776	0.01694	0.56042
V533	0.31142	0.28099	0.11934	0.28825
V534	0.00739	0.00123	0.66505	0.32632
V535	0.52442	0	0.00614	0.46944
V536	0.19278	0	0.31327	0.49395
V537	0.65933	0.19687	0.13084	0.01296
V538	0.45502	0.02288	0.06395	0.45815
V539	0.30544	0.36748	0.14119	0.18589
V540	0.23576	0.65676	0.05924	0.04825
V541	0.01884	0.42892	0.04795	0.50429
V542	0.20432	0.07379	0.21647	0.50542
V543	0.88004	0	0.00733	0.11263
V544	0.09908	0.04471	0.13484	0.72137
V545	0.36978	0.08435	0.05145	0.49441
V546	0.05718	0.88046	0.05703	0.00533
V547	0.0413	0.63383	0.30991	0.01497
V548	0.18553	0.73703	0.0726	0.00484
V549	0.37881	0.01162	0.5943	0.01527
V550	0.56825	0.00797	0	0.42378
V551	0.20632	0.69486	0.02738	0.07144
V552	0.00477	0.44527	0.00073	0.54923
V553	0.27121	0.10449	0.59747	0.02683
V554	0.04951	0.04414	0.01411	0.89224
V555	0.09578	0.16385	0.3028	0.43758
V556	0.00039	0.01547	0.93958	0.04456
V557	0.81982	0.00821	0.00669	0.16528
V558	0.07577	0.74471	0.02018	0.15934
V559	0.01332	0.80519	0.18149	0
V560	0.73071	0.26382	0	0.00547
V561	5e-04	0.0142	0.97557	0.00973
V562	0.80047	0	0.09237	0.10716
V563	0.28601	0	0.7072	0.00679
V564	0.06572	0.04979	0.86652	0.01797
V565	0.13604	0.20342	0.35563	0.30491
V566	0.70844	0.05397	0.00176	0.23583
V567	0.23439	0.36572	0.01784	0.38204
V568	0.22714	0	0.03698	0.73588
V569	0.6649	0.00782	0	0.32728
V570	0.02746	0.25444	0.62571	0.0924
V571	0.85049	0.08026	0	0.06925
V572	0.48496	0	0.39281	0.12223
V573	0.05902	0.11405	0.00196	0.82497
V574	0.04307	0.78007	0.16209	0.01477
V575	0.01929	0.04194	0.09449	0.84427
V576	0.18379	0.77285	0.02887	0.0145
V577	0.03526	0.01505	0.16867	0.78103
V578	0.05901	0.035	0.65773	0.24826
V579	0.01241	0.8787	0.08254	0.02634
V580	0.14032	0	0.08228	0.7774
V581	0.0605	0.03918	0	0.90033
V582	0.60254	0.09005	0.02257	0.28485
V583	0.00774	0.01982	0.54043	0.43202
V584	0.58804	0.10452	0.26238	0.04506
V585	0.00893	0	0.38255	0.60852
V586	0.26656	0.00062	0.61289	0.11993
V587	0.30881	0.0022	0.651	0.03799
V588	0.62377	0.0169	0.01619	0.34314
V589	0.06574	0.7957	0.05249	0.08607
V590	0.05637	0.75651	0.18195	0.00517
V591	0.005	0.01193	0.16028	0.82279
V592	0.19091	0.02109	0.78763	0.00037
V593	0.58932	0	0.14795	0.26273
V594	0.39311	0.23482	0.31299	0.05908
V595	0.02454	0.00515	0.01181	0.9585
V596	0.03523	0.21332	0.19341	0.55803
V597	0.00295	0.55337	0.32884	0.11484
V598	0.0177	0.08722	0.87683	0.01825
V599	0.68656	0.25534	0.02528	0.03281
V600	0.40348	0.40416	0.03933	0.15303
V601	0.16377	0.20235	0.06131	0.57256
V602	0.02504	0.00777	0.00582	0.96137
V603	0.01166	0.28794	0.00651	0.69389
V604	0.5835	0.07332	0.30874	0.03444
V605	0.07341	0.27359	0.38517	0.26783
V606	0.75992	0.10003	0.00685	0.1332
V607	0.65508	0	0.08501	0.25991
V608	0.24354	0.10616	0.35489	0.29541
V609	0.02602	0.17021	0.20106	0.60271
V610	0.787	0.00354	0.07022	0.13924
V611	0.27023	0	0.03631	0.69346
V612	0.02693	0.05905	0.82162	0.0924
V613	0.03829	0.3035	0.60476	0.05344
V614	0.78382	0.03011	0.03469	0.15138
V615	0.12231	0.02389	0.00239	0.8514
V616	0.08755	0.65253	0.03357	0.22635
V617	0.54136	0.11962	0.33902	0
V618	0.70109	0	0	0.29891
V619	0.40545	0.00859	0.27113	0.31483
V620	0.01077	0.6583	0.32541	0.00552
V621	0.45859	0.09711	0.14632	0.29799
V622	0.41832	0.17492	0.37061	0.03615
V623	0.01923	0.03484	0.10964	0.83629
V624	0.83102	0.14659	0	0.02239
V625	0.30336	0.42868	0.08365	0.18431
V626	0.97596	0.00923	0	0.01481
V627	0.00756	0.00507	0.05257	0.93481
V628	0.00598	0.16298	0.00714	0.8239
V629	0.13458	0.22853	0.25388	0.38301
V630	0.03824	0.30213	0.59436	0.06527
V631	0.01893	0.12887	0.07938	0.77282
V632	0.57981	0	0.1067	0.3135
V633	0.00073	0.01408	0.81714	0.16805
V634	0.46495	0.21788	0.31226	0.00492
V635	0.02988	0.70156	0.00143	0.26713
V636	0.1373	0.06576	0.62879	0.16814
V637	0.31714	0.12994	0.06848	0.48444
V638	0.39927	0.18881	0.0524	0.35952
V639	0.3184	0.39012	0.29148	0
V640	0.03822	0.11406	0.78119	0.06652
V641	0.90882	0.01474	0.0182	0.05823
V642	0.7989	0.12167	0	0.07943
V643	0.00791	0.12946	0.4158	0.44683
V644	0.93821	0.04419	0.00377	0.01383
V645	0.31238	0.36427	0.29822	0.02514
V646	0.01473	0.97472	0.00398	0.00657
V647	0.16831	0.05434	0.70062	0.07674
V648	0.4738	0.37177	0.11945	0.03499
V649	0.02689	0.03782	0.85548	0.07981
V650	0.06201	0.05663	0.78961	0.09176
V651	0.36087	0	0.63255	0.00658
V652	0.09182	0.04941	0.39397	0.4648
V653	0.14014	0.62146	0.08776	0.15064
V654	0.75192	0.14094	0.04422	0.06292
V655	0.03751	0.49151	0.01165	0.45933
V656	0.20762	0.19536	0.00531	0.59171
V657	0.0228	0.03473	0.00422	0.93825
V658	0.64677	0.14557	0.04379	0.16387
V659	0.35633	0.04779	0.32792	0.26796
V660	0.03385	0.93899	0	0.02716
V661	0.05874	0.33666	0.03872	0.56589
V662	0.45485	0.00225	0.4186	0.1243
V663	0.27458	0.03872	0.53818	0.14851
V664	0.23752	0.03658	0.66366	0.06225
V665	0.73837	0.12747	0.02989	0.10427
V666	0.57068	0	0.07648	0.35284
V667	0.81787	0.04085	0.14128	0
V668	0.14532	0.77854	0.07614	0
V669	0.26887	0.35649	0.23714	0.1375
V670	0.09344	0.87981	0	0.02675
V671	0.41631	0.22637	0.23797	0.11935
V672	0.0177	0.0125	0.92619	0.0436
V673	0.26446	0.30631	0.2127	0.21653
V674	0.75263	0.09102	0.01176	0.14459
V675	0.15124	0.26751	0.30377	0.27748
V676	0.02789	0.06166	0.07872	0.83173
V677	0.43352	0.33155	0.08159	0.15334
V678	0.5696	0.41689	0.00862	0.00489
V679	0.05345	0.28693	0.64335	0.01627
V680	0.35861	0.49464	0.12235	0.02441
V681	0.92712	0.0332	0.00843	0.03125
V682	0.12999	0.26215	0.55546	0.05239
V683	0.01683	0.97141	0.01176	0
V684	0.75658	0.10477	0.07593	0.06272
V685	0.5584	0.27896	0.10754	0.0551
V686	0.08995	0.11819	0.12055	0.6713
V687	0.02454	0.00069	0.01238	0.96239
V688	0.41052	0.43265	0	0.15684
V689	0.23691	0	0.03018	0.73291
V690	0.52305	0.01799	0.38047	0.0785
V691	0.18689	0.00188	0.80381	0.00742
V692	0.08848	0.09838	0.72147	0.09166
V693	0.25031	0.06198	0.33428	0.35343
V694	0.0096	0.00547	0.23869	0.74624
V695	0.23076	0	0.1192	0.65004
V696	0.06969	0.04309	0.00778	0.87944
V697	0.01584	0.02512	0.00555	0.95349
V698	0.81258	0	0.00695	0.18047
V699	0.62239	0.21537	0.05293	0.10932
V700	0.21865	0.00489	0.00212	0.77434
V701	0.12344	0.45764	0.09441	0.32451
V702	0.53789	0.04046	0.00566	0.41599
V703	0.14057	0.02322	0.44301	0.3932
V704	0.83675	0.01843	0.01764	0.12717
V705	0.96042	0	0.0087	0.03088
V706	0.08612	0.02394	0.77443	0.11552
V707	0.03891	0.40524	0.50297	0.05288
V708	0.04179	0.8471	0.01449	0.09661
V709	0.1569	0.21959	0.51984	0.10367
V710	0.64359	0.14554	0.03637	0.1745
V711	0.10501	0.77581	0.08128	0.0379
V712	0.82606	0.02501	0.00232	0.1466
V713	0.46384	0.22221	0.02362	0.29033
V714	0.01115	0.59275	0.01255	0.38355
V715	0.35214	0.27795	0.28464	0.08526
V716	0.0306	0.01389	0.02874	0.92677
V717	0.09362	0.88997	0	0.01641
V718	0.16863	0.51275	0.16585	0.15278
V719	0.06266	0.64675	0.02598	0.26461
V720	0.72949	0	0.19052	0.07999
V721	0.13533	0.11064	0.44883	0.3052
V722	0.09102	0.2565	0.00539	0.6471
V723	0.10089	0.042	0.0021	0.85502
V724	0.57804	0.00685	0.0621	0.35301
V725	0.00038	0.06555	0.89056	0.0435
V726	0.03613	0.29828	0.10016	0.56543
V727	0.31316	0.60314	0.0792	0.00451
V728	0.03284	0.87702	0.08474	0.0054
V729	0.40362	0	0.12664	0.46974
V730	0.92868	0.01009	0.03009	0.03114
V731	0.02588	0.13558	0.36342	0.47512
V732	0.38134	0.03985	0.31379	0.26502
V733	0.68048	0.12505	0.0231	0.17137
V734	0.2862	0.26511	0.44363	0.00506
V735	0.0164	0.00676	0.4223	0.55454
V736	0.13436	0	0.00343	0.8622
V737	0.37354	0.22442	0.21771	0.18434
V738	0.08856	0.28011	0.44545	0.18588
V739	0.0019	0.00013	0.54408	0.45389
V740	0.88689	0.04802	0.05206	0.01303
V741	0.50256	0.05459	0.09934	0.3435
V742	0.45202	0.53796	0.01002	0
V743	0.15932	0.10147	0.71132	0.02788
V744	0.56392	0.01578	0.28807	0.13223
V745	0.01957	0.6574	0.16961	0.15343
V746	0.99256	0	5e-04	0.00694
V747	0.05759	0	0.66714	0.27527
V748	0.13572	0.06333	0.56602	0.23493
V749	0.28262	0.11098	0.0366	0.56981
V750	0.45821	0.38184	0.01207	0.14788
V751	0.05422	0.84401	0.02836	0.0734
V752	0.50428	0.1597	0.11334	0.22267
V753	0.01814	0.00443	0.00217	0.97527
V754	0.0131	0.9031	0	0.0838
V755	0.15903	0.13331	0.31285	0.39481
V756	0.02323	0	0.02973	0.94704
V757	0.39028	0.52431	0.05003	0.03538
V758	0.05293	0.73865	0.10859	0.09983
V759	0.1252	0.02754	0.35423	0.49303
V760	0.30198	0.02545	0.23672	0.43585
V761	0.07648	0.54211	0.26609	0.11532
V762	0.0055	0.29947	0.00648	0.68856
V763	0.41282	0.27603	0.01741	0.29373
V764	0.01274	0.90083	0.00218	0.08425
V765	0.66568	0.04726	0	0.28706
V766	0.01729	0.26337	0.4238	0.29553
V767	0.52944	0.07352	0.21297	0.18407
V768	0.06739	0.89095	0.01564	0.02602
V769	0.16889	0.79449	0.02201	0.0146
V770	0.01473	0.97472	0.00398	0.00657
V771	0.19834	0.00411	0.78049	0.01706
V772	0.16063	0.02454	0.80774	0.00708
V773	0.19315	0.78868	0.00298	0.01519
V774	0.01767	0.00417	0.93415	0.04402
V775	0.10947	0.0149	0.23342	0.64221
V776	0.47863	0.34516	0.03852	0.1377
V777	0.17073	0.06436	0.10958	0.65534
V778	0.5846	0.20642	0.05244	0.15654
V779	0.17977	0.01719	0.45114	0.3519
V780	0.13309	0.74528	0.12162	0
V781	0.04171	0.00859	0.01647	0.93323
V782	0.00719	0.0841	0.81539	0.09332
V783	0.79506	0.00313	0.03406	0.16775
V784	0.13133	0.85375	0.00938	0.00554
V785	0.04479	0.91966	0.00898	0.02658
V786	0.77524	0.10566	0.06764	0.05145
V787	0.00464	0.83824	0.15154	0.00558
V788	0.57462	0.23739	0.13262	0.05538
V789	0.06901	0.27931	0.01772	0.63396
V790	0.44396	0.00713	0.05572	0.49319
V791	0.15351	0.31942	0.31685	0.21022
V792	0.14173	0.45317	0.00094	0.40416
V793	0.1363	0.58809	0.02564	0.24996
V794	0.04933	0.04969	0.7962	0.10478
V795	0.09955	0.01568	0.03967	0.84511
V796	0.02809	0.05691	0.88509	0.02991
V797	0.79698	0	0.18975	0.01327
V798	0.68238	0.23318	0.06179	0.02264
V799	0.15217	0.73141	0.02051	0.0959
V800	0.06696	0.0066	0.46161	0.46483
V801	0.14033	0.06877	0.28838	0.50251
V802	0.03477	0.04042	0.22782	0.69699
V803	0.26762	0.48	0.25238	0
V804	0.57266	0.00192	0.33857	0.08685
V805	0.01179	0.01113	0.97603	0.00105
V806	0.05544	0.88737	0.00819	0.049
V807	0.25294	0.09345	0.0231	0.6305
V808	0.7194	0.20695	0.0311	0.04255
V809	0.04605	0.0277	0.92571	0.00054
V810	0.0154	0.97765	0	0.00695
V811	0.44419	0.03648	0.16887	0.35046
V812	0.59111	0.19374	0.03704	0.17811
V813	0.66174	0.13914	0.16557	0.03355
V814	0.49078	0.47016	0.03439	0.00467
V815	0.00554	0.92118	0.06727	0.00601
V816	0.94976	0	0.04988	0.00037
V817	0.02853	0.05101	0.90198	0.01849
V818	0.0076	0.02369	0.0235	0.94521
V819	0.8699	0.04419	0.03618	0.04973
V820	0.12204	0.05403	0.01205	0.81188
V821	0.25635	0.2638	0.3796	0.10025
V822	0.07741	0.01138	0.88161	0.02959
V823	0.02714	0.14796	0.6917	0.13319
V824	0.10683	0.35599	0.53718	0
V825	0.24622	0.22629	0.23073	0.29675
V826	0.49686	0.35305	0.13686	0.01323
V827	0.42996	0.52743	0.00783	0.03478
V828	0.22385	0.10349	0.08648	0.58618
V829	0.03639	0.17625	0.02446	0.7629
V830	0.22039	0.15785	0.01643	0.60533
V831	0.79826	0.04793	0.02292	0.13088
V832	0.30525	0.33118	0.15013	0.21344
V833	0.16744	0.44656	0.16511	0.22089
V834	0.28505	0.03581	0.05802	0.62111
V835	0.41059	0.38229	0.10168	0.10544
V836	0.01157	0.59598	0.00122	0.39123
V837	0.24855	0.31267	0.16964	0.26914
V838	0.95423	0.02027	0.01969	0.0058
V839	0.35252	0.55585	0.08711	0.00452
V840	0.33664	0.65895	0.00441	0
V841	0.00043	0.02461	0.89459	0.08037
V842	0.38955	0.10958	0.23078	0.27009
V843	0.01641	0.00816	0.87084	0.10459
V844	0.11496	0.04787	0.33809	0.49907
V845	0.07603	0.07179	0.76083	0.09136
V846	0.00109	0.00237	0.72002	0.27651
V847	0.01057	0	0.00849	0.98094
V848	0.09983	0.44268	0.15441	0.30308
V849	0.00585	0.9418	0.00332	0.04904
V850	0.97647	0	0.00924	0.01429
V851	0.39003	0.47759	0.13238	0
V852	0.09796	0.02091	0.09906	0.78207
V853	0.28131	0.1696	0.38489	0.1642
V854	0.63949	0.11086	0.08421	0.16544
V855	0.01057	0	0.00849	0.98094
V856	0.04754	0.29362	0.3367	0.32214
V857	0.71145	0.11766	0.02338	0.1475
V858	0.61413	0.00062	0.37951	0.00575
V859	0.70006	0.17201	0.01212	0.11581
V860	0.18081	0.06367	0.03756	0.71796
V861	0.10691	0.32579	0.55179	0.01551
V862	0.15419	0.05536	0.7265	0.06395
V863	0.18834	0.0281	0	0.78355
V864	0.05888	0.01196	0.03409	0.89508
V865	0.1072	0	0.21722	0.67559
V866	0.77395	0.00238	0.21065	0.01303
V867	0.77454	0.00761	0.21245	0.00541
V868	0.57172	0.21256	0.11487	0.10085
V869	0.02468	0.96504	0.00399	0.00629
V870	0.10264	0.25758	0.01093	0.62886
V871	0.00585	0.9418	0.00332	0.04904
V872	0.01016	0.00075	0.20174	0.78735
V873	0.91493	0.00977	0.03586	0.03943
V874	0.23284	0.74394	0.02322	0
V875	0.01778	0.12856	0.16847	0.68519
V876	0.18466	0.27941	0.40782	0.12811
V877	0.04786	0.33452	0.28227	0.33534
V878	0.15744	0.78513	0.05743	0
V879	0.21997	0.63832	0.03402	0.10769
V880	0.34044	0.4727	0.00141	0.18544
V881	0.15824	0.01985	0.56745	0.25446
V882	0.81444	0	0.09907	0.08649
V883	0.33409	0.16449	0.50142	0
V884	0.02031	0.20375	0	0.77594
V885	0.76315	0.16452	0.07233	0
V886	0.01764	0.31862	0.46437	0.19937
V887	0.66942	0.03009	0.12905	0.17144
V888	0.11111	0.02355	0.73767	0.12766
V889	0.94136	0.0232	0.01373	0.02171
V890	0.03636	0.09971	0.6095	0.25443
V891	0.68053	0.02172	0.24526	0.05249
V892	0.27741	0.11909	0.00517	0.59832
V893	0.63953	0.15534	0.12877	0.07636
V894	0.07778	0.27632	0.5928	0.0531
V895	0.62981	0.03068	0.16565	0.17386
V896	0.04552	0.92442	0.00314	0.02692
V897	0.73296	0.19221	0.00236	0.07248
V898	0.43707	0	0.00167	0.56126
V899	0.02666	0.12758	0.11202	0.73374
V900	0.08477	0.23624	0.34522	0.33377
V901	0.04121	0.78705	0.00163	0.17012
V902	0.05715	0.89826	0.0392	0.0054
V903	0.00868	0.39335	0.53299	0.06499
V904	0.02516	0.96811	0	0.00673
V905	0.13921	0	0.13677	0.72402
V906	0.4047	0.04831	0.08289	0.4641
V907	0.47991	0.43987	0.01309	0.06713
V908	0.01303	0.01935	0.04964	0.91798
V909	0.15174	0.75435	0	0.09391
V910	0.15103	0	0.08882	0.76015
V911	0.56865	0.3187	0.02487	0.08777
V912	0.43262	0.25458	0.10843	0.20438
V913	0.10299	0	0.00442	0.89259
V914	0.21622	0.45148	0.28196	0.05034
V915	0.2058	0	0.00253	0.79167
V916	0.29107	0.02819	0.61992	0.06083
V917	0.74432	0.00869	0.13498	0.11201
V918	0.05145	0.59809	0.22246	0.128
V919	0.21732	0.17234	0.27222	0.33811
V920	0.66533	0.13884	0.07651	0.11932
V921	0.02901	0.10556	0.01924	0.84618
V922	0.11858	0.42937	0.38868	0.06337
V923	0.0699	0.00121	0.02798	0.90091
V924	0.04059	0.65508	0.26517	0.03915
V925	0.16651	0.00965	0.00711	0.81673
V926	0.18738	0.00441	0.0187	0.78952
V927	0.0216	0.01395	0.03597	0.92848
V928	0.05458	0.85904	0.0022	0.08418
V929	0.06304	0.58873	0.11676	0.23146
V930	0.55608	0.2972	0.02436	0.12237
V931	0.15729	0.22938	0.5097	0.10363
V932	0.03613	0.07209	0.58575	0.30603
V933	0.6503	0.32845	0.00798	0.01327
V934	0.0099	0.09416	0.23355	0.66239
V935	0.62048	0.1073	0.18373	0.08849
V936	0.55359	0.20064	0.01143	0.23433
V937	0.56554	0.07565	0.0659	0.29291
V938	0.39569	0.0199	0.26582	0.31858
V939	0.76155	0.00313	0.05507	0.18025
V940	0.03117	0.77817	0.14001	0.05065
V941	0.00119	0.00976	0.9789	0.01015
V942	0.79013	0.13545	0.05231	0.02211
V943	0.45288	0.08332	0.39334	0.07046
V944	0.01912	0.19387	0.04627	0.74073
V945	0.60416	0.28109	0.00682	0.10794
V946	0.51699	0.20625	0.23075	0.04601
V947	0.0759	0.01987	0.1878	0.71643
V948	0.39058	0.01076	0.57295	0.02571
V949	0.00406	0.06302	0.16429	0.76863
V950	0.06185	0.47659	0.19767	0.26389
V951	0.86376	0.00259	0.12828	0.00538
V952	0.06763	0.07607	0.22496	0.63135
V953	0.01719	0.03306	0.90657	0.04318
V954	0.03586	0.11902	0.11141	0.73371
V955	0.13276	0.52392	0.01882	0.3245
V956	0.03365	0.00645	0.45911	0.50078
V957	0.31291	0	0	0.68709
V958	0.0192	0	0.00267	0.97812
V959	0.27053	0.20907	0.42046	0.09993
V960	0.24272	0.20038	0.06136	0.49554
V961	0.15499	0.33331	0.34255	0.16915
V962	0.41695	0.1168	0.37043	0.09581
V963	0.65126	0.11391	0.13647	0.09836
V964	0.871	0.00962	0.07929	0.0401
V965	0.06073	0.4331	0.17401	0.33216
V966	0.97792	0.00339	0.00444	0.01426
V967	0.05604	0.01812	0.47992	0.44592
V968	0.00073	0.11497	0.79131	0.09299
V969	0.01118	0.21271	0.02485	0.75126
V970	0.03506	0.07264	0.38511	0.5072
V971	0.55425	0.04814	0.29704	0.10057
V972	0.53379	0.13448	0.03611	0.29562
V973	0.29594	0.34218	0.06361	0.29827
V974	0.01106	0.75857	0.11884	0.11153
V975	0.11788	0.26225	0.61414	0.00573
V976	0.47602	0.18092	0.09626	0.24679
V977	0.3764	0.30751	0.31129	0.0048
V978	0.058	0.04784	0.04708	0.84708
V979	0.84035	0.00275	0.15158	0.00532
V980	0.99256	0	5e-04	0.00694
V981	0.36496	0.0106	0.38746	0.23698
V982	0.49412	0.32884	0.06299	0.11405
V983	0.69539	0.02905	0.00167	0.27389
V984	0.02103	0.82742	0.10142	0.05013
V985	0.06805	0.13089	0.00172	0.79934
V986	0.36591	0.45219	0.0397	0.1422
V987	0.27864	0.69651	0	0.02485
V988	0.19665	0	0.007	0.79635
V989	0.50269	0.40902	0.06471	0.02358
V990	0.00082	0.02614	0.77942	0.19362
V991	0.69016	0.29601	0	0.01383
V992	0.21695	0	0.46681	0.31624
V993	0.07806	0.70004	0.15985	0.06205
V994	0.2216	0.74205	0.02193	0.01441
V995	0.76128	0.061	0.02315	0.15457
V996	0.26082	0.07033	0.00592	0.66293
V997	0.01589	0.00343	0.81406	0.16662
V998	0.89159	0.0012	0.04924	0.05796
V999	0.14428	0.84967	0	0.00605
V1000	0.29341	0.00468	0	0.70191
