Neutrophils	Monocytes_CD14.CD16.	Macrophage	T_cells_.CD4..	NK_cells
V1	0.35113	0.10941	0.26091	0.12757	0.15098
V2	0.03497	0.8101	0.055	0.05285	0.04708
V3	0.08745	0	0.4377	0.42887	0.04597
V4	0.03127	0	0.22542	0.02905	0.71426
V5	0.03593	0	0.04601	0.06976	0.84831
V6	0.36613	0.00093	0.28022	0.22323	0.1295
V7	0.02547	0.02044	0.41908	0.05625	0.47877
V8	0.01824	0.02949	0.87184	0.065	0.01543
V9	0.08017	0	0.2464	0.6205	0.05292
V10	0.48587	0.01809	0.47226	0	0.02379
V11	0.0566	0	0.09322	0.0377	0.81248
V12	0.10291	0	0.21166	0.28899	0.39644
V13	0.15501	0.02257	0.03037	0.40596	0.38609
V14	0.17934	0	0.06096	0.62936	0.13034
V15	0.05437	0.00506	0	0.84982	0.09075
V16	0.58223	0.05997	0.00909	0.31849	0.03022
V17	0.0759	0.23359	0.00857	0.03723	0.64471
V18	0.08595	0.41542	0.26248	0.21081	0.02533
V19	0.05005	0	0	0.08287	0.86709
V20	0.01525	0.00018	0.72266	0.22704	0.03487
V21	0.03307	0.24357	0.12661	0.14788	0.44888
V22	0.82482	0.08319	0.06504	0	0.02695
V23	0.09989	0	0.01194	0.10625	0.78192
V24	0.47105	0.10709	0.01514	0.02573	0.38098
V25	0.05269	0.00551	0.00647	0.40274	0.53259
V26	0.49021	0.19511	0.05985	0.02463	0.23019
V27	0.11586	0.50526	0.18757	0	0.19131
V28	0.05531	0.05268	0.19326	0.61897	0.07979
V29	0.02871	0	0.31286	0.5963	0.06213
V30	0.75037	0.10414	0.02586	0.00761	0.11202
V31	0.43787	0.1291	0.00837	0.22246	0.20221
V32	0.93024	0.00691	0.00498	0	0.05787
V33	0.03862	0.18325	0.00806	0.0935	0.67658
V34	0.0918	0.8863	0.00963	0.00555	0.00673
V35	0.07883	0.6354	0.26095	0.02101	0.00382
V36	0.0421	0.15596	0.16229	0.07136	0.56828
V37	0.75439	0	0	0	0.24561
V38	0.14246	0.008	0.48359	0.19351	0.17244
V39	0.34902	0.01512	0.33552	0	0.30034
V40	0.2099	0.63125	0.01929	0.09776	0.0418
V41	0.02677	0.87676	0.01677	0.00184	0.07786
V42	0.87333	0.03839	0.01856	0	0.06973
V43	0.50425	0.11769	0.35886	0.00726	0.01194
V44	0.03303	0.28634	0.56158	0	0.11905
V45	0.0262	0.68586	0.097	0.13743	0.05351
V46	0.09194	0.79139	0.07122	0.02508	0.02037
V47	0.0049	0.0365	0.93667	0	0.02192
V48	0.18497	0.10714	0.22119	0.32734	0.15936
V49	0.48639	0.13118	0.23147	0.13126	0.01971
V50	0.02624	0.05242	0.91079	0	0.01056
V51	0.11144	0.2498	0.19672	0.04901	0.39303
V52	0.02676	0.9453	0.01083	0.00885	0.00826
V53	0.05099	0.15257	0.00295	0.72661	0.06688
V54	0.23488	0	0.00151	0.53628	0.22733
V55	0.09915	0	0	0.82325	0.0776
V56	0.09641	0	0	0.732	0.17159
V57	0.16735	0.11592	0.5744	0.01028	0.13205
V58	0.08901	0	0.12168	0.1807	0.60861
V59	0.87583	0.01995	0.08942	0	0.0148
V60	0.44184	0.19055	0.12648	0.11464	0.12649
V61	0.21305	0	0.01691	0.20308	0.56697
V62	0.08055	0.00066	0.29607	0.11963	0.50308
V63	0.40754	0.25008	0.0611	0.01987	0.26141
V64	0.93141	0.02904	0.02075	0	0.01881
V65	0.11166	0.05507	0.03225	0.61163	0.18939
V66	0.05415	0	0.11872	0.75334	0.07379
V67	0.02832	0	0.33099	0.07917	0.56152
V68	0.4896	0	0.40359	0.01761	0.0892
V69	0.6163	0.10757	0.20462	0.00251	0.06899
V70	0.04654	0.72543	0.04565	0.15238	0.03
V71	0.07313	0.80678	0.04665	0.05823	0.01522
V72	0.04342	0.3922	0.02053	0.02168	0.52216
V73	0.08424	0	0.08943	0.56351	0.26282
V74	0.04374	0.04132	0.00171	0.77014	0.14309
V75	0.48749	0.17912	0.31549	0	0.0179
V76	0.04128	0	0.00791	0.81921	0.1316
V77	0.02774	0.02393	0.90648	0.02838	0.01347
V78	0.00531	0.04367	0.92916	0	0.02186
V79	0.08322	0.39252	0.03807	0.13125	0.35494
V80	0.10517	0.75392	0.0062	0.04626	0.08844
V81	0.01572	0.03665	0.93523	0	0.0124
V82	0.25072	0.13982	0.02536	0.53135	0.05275
V83	0.12284	0.05427	0.01497	0.53517	0.27275
V84	0.10851	0.14867	0	0.04043	0.70239
V85	0.00544	0.03765	0.94265	0	0.01426
V86	0.03716	0.23626	0.3001	0.38495	0.04153
V87	0.47531	0	0.03687	0.43493	0.05289
V88	0.32534	0.14067	0.05025	0.1864	0.29733
V89	0.04973	0.10948	0.80553	0.02531	0.00994
V90	0.0372	0.16236	0.05016	0.09076	0.65953
V91	0.03877	0	0.06729	0.81873	0.07521
V92	0.25843	0.01299	0.02036	0.03936	0.66886
V93	0.03736	0.06117	0.15435	0.51238	0.23474
V94	0.05855	0.14925	0.01556	0.22981	0.54683
V95	0.07623	0.21277	0.01632	0.09436	0.60032
V96	0.81223	0	0.0237	0.00854	0.15552
V97	0.18516	0.00166	0.03718	0.10371	0.67229
V98	0.0585	0.36401	0.17997	0.11685	0.28066
V99	0.52439	0.11907	0.00145	0.21259	0.14251
V100	0.55025	0.1499	0.05004	0.03896	0.21084
V101	0.03557	0.93173	0.01811	0.00737	0.00723
V102	0.32363	0.22535	0.13764	0.09697	0.21641
V103	0.14319	0	0	0.03729	0.81951
V104	0.05019	0.40233	0.08146	0.02295	0.44307
V105	0.0384	0	0.03012	0.07992	0.85156
V106	0.03144	0.78164	0.14926	0.00238	0.03528
V107	0.0517	0.21995	0.67772	0.03435	0.01628
V108	0.01711	0.1907	0.78456	0	0.00763
V109	0.0764	0.19527	0.05121	0.27009	0.40703
V110	0.17037	0.51103	0.18947	0.10459	0.02453
V111	0.29237	0.22384	0.48163	0	0.00216
V112	0.19966	0	0.09526	0.46028	0.24481
V113	0.25426	0	0.09375	0.13964	0.51235
V114	0.59338	0.05674	0.04832	0.1639	0.13767
V115	0.87809	0	0.00201	0	0.1199
V116	0.03992	0	0	0.05277	0.9073
V117	0.06183	0.01533	0.8134	0.07084	0.03861
V118	0.07035	0	0	0.83332	0.09633
V119	0.35495	0	0.39494	0.23028	0.01983
V120	0.0207	0.00772	0.81607	0.1031	0.0524
V121	0.17174	0.74933	0.00621	0.00422	0.0685
V122	0.04266	0.37699	0.08315	0.22938	0.26782
V123	0.51896	0.01583	0.07415	0.18206	0.20901
V124	0.23228	0.08571	0.05758	0.21651	0.40791
V125	0.03308	0.46146	0.4933	0	0.01216
V126	0.1702	0.16241	0.21905	0.1077	0.34065
V127	0.29742	0	0.65518	0.03264	0.01476
V128	0.17784	0.78794	0.01466	0	0.01956
V129	0.29222	0.00996	0.27098	0.1651	0.26174
V130	0.03282	0.501	0.0415	0.22243	0.20226
V131	0.04243	0	0.21451	0.68283	0.06024
V132	0.36942	0	0	0.33185	0.29874
V133	0.02069	0.03877	0.55061	0.08129	0.30864
V134	0.08342	0.0226	0.78662	0.00961	0.09775
V135	0.03137	0.09772	0.72949	0.01404	0.12738
V136	0.95191	0.01908	0.00663	0	0.02239
V137	0.9047	0.0351	0.00494	0.01223	0.04302
V138	0.26511	0.11934	0.07616	0.12853	0.41087
V139	0.14204	0	0.14331	0.65255	0.06211
V140	0.04824	0	0.14189	0.03308	0.77679
V141	0.0222	0.21835	0.64933	0.08953	0.02059
V142	0.23089	0	0.32361	0.11836	0.32714
V143	0.03052	0.18103	0.48551	0.13717	0.16577
V144	0.51632	0.2077	0.06993	0.10992	0.09613
V145	0.00606	0.03969	0.91946	0.00344	0.03134
V146	0.04675	0.33331	0.00366	0.30778	0.3085
V147	0.1093	0.0574	0.69068	0.09642	0.0462
V148	0.13236	0.80459	0.01485	0.02628	0.02193
V149	0.04304	0	0	0.8311	0.12586
V150	0.14939	0.18348	0.5884	0	0.07874
V151	0.45199	0	0.00437	0.39547	0.14817
V152	0.04437	0	0.0989	0.72324	0.13349
V153	0.1839	0.16728	0.467	0.03781	0.14401
V154	0.1089	0.60101	0.02601	0.02823	0.23584
V155	0.06368	0	0.11843	0.74508	0.07281
V156	0.12159	0.00458	0.40079	0.1448	0.32822
V157	0.11791	0.01533	0.16397	0.27276	0.43003
V158	0.21435	0	0.4425	0.03544	0.30771
V159	0.12955	0.20309	0.01015	0.57517	0.08204
V160	0.47392	0.14276	0.09491	0.03364	0.25477
V161	0.23497	0	0.05264	0.02366	0.68873
V162	0.00522	0.04938	0.93224	0	0.01317
V163	0.07657	0	0.00138	0.06807	0.85399
V164	0.91019	0.06397	0.01377	0	0.01206
V165	0.61532	0.20801	0.0862	0.03636	0.05412
V166	0.07863	0	0.22475	0.56846	0.12817
V167	0.03033	0.65234	0.01981	0.12803	0.16949
V168	0.00522	0.04938	0.93224	0	0.01317
V169	0.04187	0.70127	0.15969	0.07387	0.02331
V170	0.24885	0.3776	0.05617	0.18568	0.13171
V171	0.33526	0.05891	0.37102	0.16882	0.06599
V172	0.19063	0.20334	0.06742	0.02941	0.5092
V173	0.23446	0.07791	0.08663	0.39708	0.20392
V174	0.23193	0	0.34868	0.19017	0.22922
V175	0.09531	0.12041	0.11452	0.17774	0.49201
V176	0.38571	0	0	0.56396	0.05033
V177	0.21723	0.01503	0.57744	0.16668	0.02363
V178	0.30629	0.01941	0.47108	0.10361	0.09962
V179	0.11797	0	0	0.0396	0.84243
V180	0.04646	0	0.33961	0.01837	0.59557
V181	0.07576	0.26247	0	0.06909	0.59269
V182	0.56515	0.22444	0.00455	0.14977	0.05609
V183	0.04537	0.92955	0.01017	3e-05	0.01487
V184	0.3419	0	0.29389	0.31427	0.04994
V185	0.10297	0.4797	0.02346	0.14163	0.25224
V186	0.15205	0.16062	0.02393	0.24824	0.41516
V187	0.06815	0.69562	0.00566	0.20334	0.02722
V188	0.85247	0.0224	0.03328	0.07097	0.02088
V189	0.46276	0.22791	0.03618	0.24357	0.02958
V190	0.44091	0.04198	0.21951	0.00843	0.28918
V191	0.22976	0.20445	0.00158	0.41272	0.15149
V192	0.33936	0.16916	0.12746	0.20714	0.15688
V193	0.07963	0.19435	0.52797	0.03298	0.16507
V194	0.28577	0.02316	0.08194	0.10487	0.50425
V195	0.58419	0.16509	0.24002	0	0.0107
V196	0.03424	0	0.04453	0.07005	0.85118
V197	0.04536	0.89884	0.00948	0.03035	0.01597
V198	0.24297	0.20517	0.0339	0.20078	0.31719
V199	0.77994	0.00048	0.21538	0	0.0042
V200	0.77534	0	0.02703	0.0091	0.18853
V201	0.06649	0	0.01042	0.68107	0.24202
V202	0.90507	0.07419	0	0	0.02073
V203	0.53675	0.24706	0.02778	0.04474	0.14368
V204	0.35493	0.05422	0.0292	0.01257	0.54907
V205	0.13909	0.00317	0.11092	0.08444	0.66238
V206	0.07137	0.07903	0	0.74635	0.10325
V207	0.05437	0.00506	0	0.84982	0.09075
V208	0.16958	0.20344	0.48796	0.03559	0.10344
V209	0.181	0	0.08915	0.04867	0.68118
V210	0.00535	0.03441	0.93765	0	0.0226
V211	0.1784	0	0.19665	0.03966	0.58529
V212	0.04388	0.77768	0.0799	0.03638	0.06216
V213	0.12255	0	0.04843	0.25267	0.57635
V214	0.01652	0.56161	0.38664	0.00623	0.029
V215	0.26406	0.20085	0.13668	0.0769	0.32151
V216	0.07854	0.01273	0.32582	0.04784	0.53507
V217	0.0391	0	0.01427	0.79176	0.15486
V218	0.09171	0.16727	0.28491	0.3358	0.1203
V219	0.13927	0.2551	0.39097	0.19089	0.02378
V220	0.17014	0.7565	0.06221	0	0.01115
V221	0.06196	0.04516	0.4986	0.01204	0.38223
V222	0.0479	0	0	0.05726	0.89484
V223	0.5524	0	0.31485	0.10696	0.0258
V224	0.04127	0.5485	0.02498	0.0848	0.30046
V225	0.70656	0.15911	0.12412	0	0.0102
V226	0.43354	0.55012	0.0037	0	0.01264
V227	0.10848	0.24551	0.00313	0.5614	0.08148
V228	0.61626	0.00582	0.2741	0.05635	0.04747
V229	0.27213	0.39267	0.2664	0.03256	0.03624
V230	0.04629	0	0	0.0576	0.89611
V231	0.05859	0.61232	0.06099	0.16758	0.10052
V232	0.81374	0.00046	0.18059	0	0.00521
V233	0.08428	0	0.13882	0.10444	0.67246
V234	0.02862	0.36366	0.20989	0.34312	0.05471
V235	0.94984	0.02559	0	0.00679	0.01778
V236	0.10178	0	0.64166	0.18536	0.0712
V237	0.14999	0.05276	0.26278	0.31118	0.22328
V238	0.03842	0	0	0.28522	0.67637
V239	0.07355	0.39502	0.04711	0.17477	0.30954
V240	0.04532	0.86104	0.01611	0.01557	0.06196
V241	0.02668	0.94594	0.01077	0.00108	0.01552
V242	0.04589	0.3058	0.29478	0.26867	0.08487
V243	0.50468	0	0.32774	0.01335	0.15423
V244	0.03738	0.39626	0.18893	0.08197	0.29546
V245	0.02566	0.91155	0.03329	0.02211	0.00739
V246	0.60422	0.2659	0.02851	0	0.10137
V247	0.21082	0.08585	0.62574	0.0378	0.03979
V248	0.08854	0.61012	0.02618	0.01395	0.26121
V249	0.27715	0.03877	0.2032	0.09695	0.38393
V250	0.03651	0.02171	0.6483	0.0306	0.26288
V251	0.24145	0	0.08348	0.57564	0.09943
V252	0.03964	0.1054	0.55102	0.14585	0.15809
V253	0.28214	0.5779	0.08485	0.03479	0.02032
V254	0.50448	0.39465	0.0012	0.07318	0.02648
V255	0.81363	0.08151	0	0.00828	0.09658
V256	0.02753	0.77342	0.02218	0.01249	0.16438
V257	0.45049	0.29053	0.1454	0.02475	0.08884
V258	0.16999	0.30635	0.04626	0.43343	0.04397
V259	0.53318	0.26703	0.1752	0	0.02459
V260	0.28498	0.00302	0.09982	0.08776	0.52443
V261	0.04438	0.00163	0.50614	0.28669	0.16116
V262	0.90787	0.02529	0.05019	0	0.01665
V263	0.79721	0.07881	0.01138	0.09688	0.01572
V264	0.04521	0.89197	0.01707	0.03745	0.0083
V265	0.82695	0.08311	0.07461	0.00032	0.01501
V266	0.04216	0	0.06997	0.05669	0.83118
V267	0.07603	0	0	0.1686	0.75538
V268	0.19984	0.4204	0.14164	0.17352	0.0646
V269	0.09561	0.31114	0.3586	0.18523	0.04942
V270	0.07819	0	0.0224	0.82451	0.0749
V271	0.20191	0.73137	0.01335	0.01692	0.03646
V272	0.0828	0.82972	0.03084	0.01231	0.04434
V273	0.3132	0	0.17068	0.31938	0.19674
V274	0.12178	0.01199	0.02967	0.20556	0.63101
V275	0.03243	0.7099	0.15054	0.08296	0.02416
V276	0.02646	0.00517	0.68956	0.2279	0.05091
V277	0.38202	0	0.58481	0	0.03317
V278	0.03176	0.01612	0.32868	0.4509	0.17255
V279	0.16886	0	0.00331	0.71368	0.11414
V280	0.21832	0	0.02979	0.60261	0.14928
V281	0.04886	0.20472	0.0362	0.64589	0.06433
V282	0.03612	0.93777	0.01048	0.00051	0.01513
V283	0.37487	0	0.10199	0.02902	0.49413
V284	0.03896	0.11575	0.52825	0.00012	0.31693
V285	0.48865	0.47561	0.00263	0.01777	0.01535
V286	0.09257	0.03043	0.83621	0.02299	0.0178
V287	0.27097	0.03785	0.16597	0.28651	0.2387
V288	0.22103	0	0.63088	0	0.14809
V289	0.17221	0.20307	0.01846	0.55192	0.05434
V290	0.41014	0.45613	0.13214	0	0.00159
V291	0.41516	0.19265	0.00312	0.35024	0.03884
V292	0.14064	0.0052	0.4069	0.03738	0.40988
V293	0.00851	0.12247	0.8023	0.03762	0.0291
V294	0.03916	0	0	0.05123	0.90961
V295	0.042	0.00476	0.31733	0.50852	0.1274
V296	0.84027	0.11849	0	0	0.04124
V297	0.03243	0.01134	0.77432	0.12062	0.0613
V298	0.30916	0	0	0.53089	0.15996
V299	0.28183	0	0.00224	0.65849	0.05744
V300	0.9516	0.031	0	0	0.0174
V301	0.94857	0.00925	0.0058	0.01291	0.02346
V302	0.03919	0	0	0.40553	0.55528
V303	0.12629	0.1504	0.20949	0.17652	0.3373
V304	0.2007	0.03034	0.74098	0	0.02798
V305	0.21691	0.30024	0.09006	0.10439	0.28839
V306	0.30004	0.66655	0.00515	0.00684	0.02142
V307	0.25683	0	0.26051	0.44615	0.03651
V308	0.25601	0.00151	0.66443	0.061	0.01705
V309	0.66538	0.0481	0.04814	0.10702	0.13137
V310	0.06103	0	0	0.12177	0.8172
V311	0.04749	0	0.03079	0.83571	0.08601
V312	0.09835	0.23009	0.24529	0.00739	0.41889
V313	0.07669	0.28047	0.0102	0.31091	0.32173
V314	0.1092	0	0	0.37394	0.51686
V315	0.93664	0.0087	0.01256	0	0.0421
V316	0.10217	0.55776	0.24655	0.02295	0.07057
V317	0.40004	0.06999	0.505	0	0.02496
V318	0.90128	0	0.00353	0	0.0952
V319	0.11263	0.06375	0.81602	0	0.00761
V320	0.1067	0	0	0.81037	0.08293
V321	0.14129	0.31932	0.30599	0.19291	0.0405
V322	0.01459	0.25635	0.56986	0.04219	0.11701
V323	0.26284	0.19948	0.44021	0.00723	0.09025
V324	0.07088	0.0187	0.03395	0.79632	0.08014
V325	0.64463	0.09042	0.08398	0.10386	0.07711
V326	0.07593	0	0.04433	0.14742	0.73232
V327	0.32147	0.48848	0.11034	0.01122	0.06848
V328	0.06211	0.27069	0.15832	0.45427	0.05462
V329	0.02932	0.03093	0.37765	0.50735	0.05474
V330	0.08993	0.02957	0.82368	0	0.05682
V331	0.15995	0	0.08034	0.10119	0.65852
V332	0.48392	0.03599	0.44721	0	0.03288
V333	0.43561	0.00342	0.30987	0.14873	0.10237
V334	0.04543	0.27733	0.55266	0.07252	0.05207
V335	0.73293	0.04206	0.0815	0.02106	0.12244
V336	0.14885	0.57817	0.25716	0	0.01583
V337	0.0384	0	0.00304	0.17562	0.78294
V338	0.73646	0.00528	0.15193	0.00292	0.10341
V339	0.19741	0.53482	0.18444	0	0.08333
V340	0.05391	0.14165	0.10427	0.06838	0.6318
V341	0.01569	0.48973	0.43097	0	0.06361
V342	0.31021	0.13237	0.45085	0.09686	0.0097
V343	0.70802	0	0.28734	0	0.00464
V344	0.08369	0.76374	0.04542	0.02098	0.08616
V345	0.24117	0.02259	0	0.28248	0.45376
V346	0.04527	0.29558	0.31402	0.28653	0.05859
V347	0.08216	0.51004	0.02503	0.31431	0.06847
V348	0.03371	0.12063	0.44449	0.23583	0.16534
V349	0.06635	0.29727	0.52979	0.00476	0.10184
V350	0.11477	0.4027	0.08429	0.23124	0.167
V351	0.20123	0.00707	0.43571	0.31284	0.04315
V352	0.09721	0.54548	0.34748	0	0.00982
V353	0.25729	0.31416	0.03589	0.04559	0.34708
V354	0.57814	0.01099	0.40812	0	0.00275
V355	0.11174	0	0.3258	0.51091	0.05155
V356	0.10368	0.02788	0.82037	0.00599	0.04208
V357	0.06196	0.02354	0.51083	0.02911	0.37456
V358	0.06206	0.01028	0.02596	0.81827	0.08343
V359	0.08088	0.09001	0.00187	0.75791	0.06933
V360	0.72164	0.03287	0.09056	0.13909	0.01584
V361	0.32784	0.481	0.09092	0	0.10023
V362	0.81873	0	0.09282	0	0.08845
V363	0.06182	0.00634	0	0.16393	0.76791
V364	0.05748	0.26934	0.01914	0.43138	0.22266
V365	0.04225	0	0.00075	0.84823	0.10877
V366	0.22773	0.02652	0.60021	0.04965	0.09588
V367	0.2431	0.19749	0.21071	0.16315	0.18555
V368	0.75602	0.07718	0.12441	0	0.0424
V369	0.03016	0.65553	0.2336	0.07294	0.00777
V370	0.04589	0.13375	0.11678	0.35885	0.34474
V371	0.03435	0.91061	0.04956	0	0.00548
V372	0.66697	0.0529	0.14672	0.09879	0.03461
V373	0.10395	0.6596	0.13214	0.08861	0.01571
V374	0.1223	0.02722	0.37611	0.43704	0.03732
V375	0.32532	0	0.60723	0.05863	0.00882
V376	0.03147	0	0.3952	0.02337	0.54995
V377	0.08521	0.50122	0.21011	0.18086	0.0226
V378	0.1249	0.54723	0.17761	0	0.15026
V379	0.05193	0	0.09782	0.0944	0.75585
V380	0.0467	0.02891	0.16414	0.49563	0.26462
V381	0.17256	0.02435	0	0.03343	0.76966
V382	0.42713	0	0	0.28487	0.28799
V383	0.06007	0	0.25652	0.62869	0.05472
V384	0.31513	0.01803	0.16403	0.41644	0.08637
V385	0.11004	0.07607	0	0.03634	0.77755
V386	0.66922	0	0.00057	0.2995	0.03071
V387	0.29188	0	0	0.62809	0.08003
V388	0.03505	0.84861	0.03961	0.06043	0.0163
V389	0.10354	0.78481	0.0219	0.0282	0.06154
V390	0.20032	0	0	0.64801	0.15168
V391	0.70798	0.1537	0	0.06287	0.07545
V392	0.92814	0.05117	0.00674	0	0.01394
V393	0.12973	0	0.14243	0.52327	0.20457
V394	0.7261	0	0.02172	0.14561	0.10657
V395	0.02871	0	0.35988	0.55274	0.05867
V396	0.56005	0.01886	0.41212	0	0.00897
V397	0.68047	0.13134	0.03417	0.10184	0.05218
V398	0.09021	0	0.15441	0.62391	0.13148
V399	0.0721	0.00502	0	0.27366	0.64922
V400	0.15973	0.52847	0.16053	0.13988	0.01139
V401	0.34109	0	0.63779	0.01479	0.00634
V402	0.39966	0.00972	0.45162	0.05428	0.08473
V403	0.17297	0.0522	0	0.14649	0.62834
V404	0.02501	0.03559	0.47759	0.38144	0.08037
V405	0.35879	0.24348	0.07143	0.21122	0.11509
V406	0.02585	0.04703	0.90039	0	0.02672
V407	0.88839	0.04077	0.03485	0.02406	0.01193
V408	0.0459	0.36624	0.00422	0.25234	0.33129
V409	0.13653	0	0.0525	0.6581	0.15287
V410	0.14273	0.11058	0.32325	0.04532	0.37812
V411	0.03956	0	0	0.06087	0.89957
V412	0.04402	0.12176	0.12277	0.04443	0.66702
V413	0.0436	0.23729	0.14839	0.35978	0.21095
V414	0.07154	0.0652	0	0.45597	0.4073
V415	0.18285	0	0	0.03298	0.78417
V416	0.13221	0.06327	0.01344	0.15823	0.63284
V417	0.02283	0.01079	0.76308	0.12255	0.08075
V418	0.53357	0.40583	0.02367	0.00072	0.03621
V419	0.26974	0	0.01055	0.13035	0.58936
V420	0.24739	0	0.09065	0.05605	0.6059
V421	0.03295	0	0.11751	0.07119	0.77835
V422	0.05013	0	0.03969	0.69357	0.21661
V423	0.30951	0.16833	0.29417	0.18792	0.04007
V424	0.02272	0	0.48364	0.01191	0.48173
V425	0.33474	0.37351	0	0.00954	0.28222
V426	0.2536	0.16107	0.01704	0.45138	0.11692
V427	0.18991	0.64688	0.15468	0	0.00853
V428	0.08611	0.6561	0.07875	0.0864	0.09263
V429	0.10372	0.79737	0.00727	0.05964	0.032
V430	0.05607	0	0.40709	0.18717	0.34968
V431	0.1227	0.35763	0.20225	0.24534	0.07208
V432	0.32972	0.0369	0.12477	0.34036	0.16825
V433	0.21805	0	0.52102	0.21703	0.04389
V434	0.25049	0.27579	0.38441	0.00028	0.08903
V435	0.57413	0.03414	0.36555	0.0132	0.01298
V436	0.05641	0.59467	0.10444	0.05026	0.19422
V437	0.21597	0	0.01868	0.17772	0.58763
V438	0.14679	0.28983	0.2016	0.27761	0.08417
V439	0.62381	0	0.04138	0.29363	0.04118
V440	0.02301	0.35757	0.55841	0.00428	0.05673
V441	0.02621	0.55114	0.38789	0.02167	0.0131
V442	0.03573	0.93875	0.01851	0	0.00701
V443	0.94223	0.00757	0.00566	0.02772	0.01682
V444	0.15708	0.426	0.03166	0.32502	0.06025
V445	0.07425	0.40134	0.03966	0.43156	0.0532
V446	0.14307	0.00463	0.0949	0.56065	0.19675
V447	0.09722	0	0.00118	0.44701	0.45458
V448	0.18766	0	0.00768	0.04672	0.75795
V449	0.00522	0.04938	0.93224	0	0.01317
V450	0.23062	0.06274	0.24951	0.13264	0.32449
V451	0.29135	0.1751	0.06097	0.33657	0.13601
V452	0.04413	0	0.14762	0.70338	0.10488
V453	0.05068	0	0	0.45569	0.49363
V454	0.02537	0.00494	0.68521	0.02254	0.26195
V455	0.07728	0.21029	0.27942	0.0485	0.3845
V456	0.93255	0.01511	0	0.00656	0.04578
V457	0.66631	0.20597	0.03579	0.04447	0.04747
V458	0.02486	0.36532	0.51244	0.04728	0.0501
V459	0.16558	0.03374	0.04865	0.48112	0.27091
V460	0.69595	0.02614	0.20112	0.04605	0.03074
V461	0.19807	0.28971	0.24951	0.01184	0.25087
V462	0.08204	0.05477	0.00682	0.49914	0.35724
V463	0.23886	0.03667	0.00754	0.65222	0.06471
V464	0.17081	0.17917	0.63797	0	0.01205
V465	0.06957	0.07757	0.00602	0.05545	0.79139
V466	0.05563	0	0	0.13079	0.81358
V467	0.07786	0.23665	0.01885	0.53268	0.13396
V468	0.55368	0.30268	0.11181	0	0.03183
V469	0.03531	0.31688	0.05452	0.27333	0.31996
V470	0.83832	0.05142	0.02615	0.06371	0.0204
V471	0.3972	0.28273	0.0281	0.13652	0.15544
V472	0.04032	0.0104	0.03206	0.0453	0.87192
V473	0.05122	0.1981	0.24149	0.30956	0.19964
V474	0.31244	0.1098	0.05944	0.43972	0.07861
V475	0.18048	0.01502	0.59835	0.02084	0.18532
V476	0.18637	0.00557	0.09454	0.60231	0.1112
V477	0.02647	0.94675	0.01887	0.00054	0.00737
V478	0.19618	0	0	0.03181	0.77201
V479	0.83994	0.05125	0.0339	0.05537	0.01955
V480	0.12699	0.66202	0.06141	0.1077	0.04188
V481	0.25002	0.35617	0.06466	0.17838	0.15077
V482	0.09785	0.69386	0.1917	0	0.01659
V483	0.30602	0.5355	0.00249	0.09654	0.05945
V484	0.21596	0.51484	0.12168	0.1216	0.02592
V485	0.67584	0.06198	0.11897	0.1077	0.0355
V486	0.0888	0.05425	0.29262	0.01434	0.54999
V487	0.15394	0.10703	0.41446	0.29183	0.03273
V488	0.43038	0.04577	0	0.33213	0.19172
V489	0.01155	0.23149	0.66523	0.06377	0.02796
V490	0.02419	0.00989	0.73762	0.19693	0.03136
V491	0.04175	0.45706	0.04822	0.10472	0.34825
V492	0.06019	0.11995	0.02631	0.70557	0.08798
V493	0.04993	0	0	0.8585	0.09157
V494	0.34097	0	0.00862	0.5286	0.12182
V495	0.34786	0.19762	0.21925	0.16145	0.07383
V496	0.16138	0.0034	0.04605	0.03073	0.75843
V497	0.12758	0.00405	0.14009	0.11711	0.61116
V498	0.05379	0.87987	0.03223	0.00544	0.02867
V499	0.0581	0.20851	0.2579	0.06905	0.40643
V500	0.11118	0.48407	0.11354	0.21376	0.07746
V501	0.08377	0.30805	0.01022	0.03167	0.56629
V502	0.11138	0.81118	0.04682	0.02505	0.00558
V503	0.47082	0	0.20838	0.13342	0.18739
V504	0.48653	0.19129	0.00223	0.00751	0.31243
V505	0.63634	0	0.01807	0.0801	0.26549
V506	0.03001	0.51985	0.06686	0.02035	0.36293
V507	0.8494	0	0.02903	0.07841	0.04315
V508	0.02174	0.64589	0.21593	0.0355	0.08094
V509	0.05875	0.45196	0.14235	0.19325	0.1537
V510	0.39681	0.50736	0.04949	0.0327	0.01365
V511	0.06681	0.30783	0.52062	0.02928	0.07546
V512	0.15158	0.45499	0.18005	0.04454	0.16885
V513	0.15486	0.69098	0.07838	0.03928	0.0365
V514	0.03656	0	0.21	0.061	0.69243
V515	0.10066	0.10885	0	0.72438	0.06611
V516	0.16857	0.34862	0.11137	0.32883	0.04261
V517	0.05167	0.01048	0.04337	0.81218	0.08231
V518	0.44198	0	0.328	0.18121	0.04881
V519	0.7914	0.05834	0.00344	0.12167	0.02515
V520	0.05461	0.86049	0.02425	0.05212	0.00853
V521	0.23006	0	0.12373	0.59041	0.0558
V522	0.05721	0.18714	0.57102	0.12769	0.05693
V523	0.16058	0.05206	0.74285	0.02874	0.01577
V524	0.35327	0.01793	0.56188	0	0.06692
V525	0.03775	0.18383	0.02475	0.04264	0.71103
V526	0.04948	0.04528	0.85211	0.00865	0.04447
V527	0.07668	0.49027	0.40233	0.0031	0.02762
V528	0.1762	0	0.01044	0.74737	0.066
V529	0.22183	0.03047	0.72813	0	0.01957
V530	0.02864	0.03646	0.85923	0.03704	0.03863
V531	0.17259	0.51929	0.09376	0.01368	0.20069
V532	0.07555	0.24525	0.29818	0.00509	0.37593
V533	0.28565	0	0	0.0256	0.68875
V534	0.15271	0.04693	0	0.71152	0.08884
V535	0.81181	0.12475	0.05048	0	0.01296
V536	0.13995	0.16022	0.39019	0.03	0.27964
V537	0.05154	0.00079	0.00606	0.04736	0.89425
V538	0.63239	0.09967	0.00159	0.02473	0.24162
V539	0.0237	0.14795	0.65032	0.09344	0.08458
V540	0.16409	0.46745	0.09305	0.04929	0.22611
V541	0.04354	0.39362	0.02055	0.04539	0.49689
V542	0.05321	0.32275	0.11092	0.41712	0.09601
V543	0.07569	0.1025	0.67634	0.03765	0.10782
V544	0.35887	0.17194	0.18594	0.05944	0.22381
V545	0.60346	0.38071	0.00894	0	0.00689
V546	0.05242	0.79562	0.08829	0.00395	0.05972
V547	0.0754	0.78968	0.00709	0.09316	0.03467
V548	0.0439	0.04333	0.00257	0.82377	0.08642
V549	0.03782	0	0.01116	0.1912	0.75982
V550	0.02341	0.86155	0.09834	0.00401	0.01269
V551	0.05108	0	0	0.86319	0.08572
V552	0.2433	0	0.00913	0.05851	0.68905
V553	0.78785	0	0.01578	0.13244	0.06393
V554	0.13056	0.03208	0.48913	0.30469	0.04353
V555	0.02622	0.92555	0.01774	0.00042	0.03007
V556	0.1112	0.02624	0.0498	0.70045	0.11231
V557	0.32117	0.22792	0.03584	0.33619	0.07889
V558	0.02223	0.02344	0.77002	0.13947	0.04485
V559	0.09666	0.42544	0.44301	0	0.03489
V560	0.62117	0.24132	0.13477	0	0.00274
V561	0.72112	0	0.13525	0	0.14363
V562	0.14874	0.02501	0.15003	0.10373	0.57249
V563	0.22832	0.24242	0.21055	0.10765	0.21107
V564	0.37145	0	0.05524	0.33702	0.23629
V565	0.03794	0	0.00364	0.08346	0.87495
V566	0.31408	0.11832	0.02394	0.3189	0.22475
V567	0.02597	0.03028	0.92439	0	0.01936
V568	0.04236	0.21096	0.42905	0.29188	0.02575
V569	0.64517	0.08181	0.11059	0.11046	0.05196
V570	0.16049	0.00052	0.28073	0.4479	0.11035
V571	0.28564	0	0.23105	0.32695	0.15636
V572	0.84683	0	0	0	0.15317
V573	0.10266	0.04573	0.33743	0.36937	0.14481
V574	0.52345	0.28504	0.07992	0.07915	0.03244
V575	0.38634	0	0.1172	0.05251	0.44395
V576	0.02668	0.88555	0.01681	0.00884	0.06211
V577	0.3966	0.50686	0.04131	0.04095	0.01427
V578	0.04006	0.14886	0.51836	0.21871	0.07401
V579	0.01948	0.51621	0.32611	0.01946	0.11874
V580	0.20524	0.5411	0.01753	0.19518	0.04095
V581	0.04768	0.48815	0.37694	0.07145	0.01578
V582	0.0057	0.07568	0.90626	0	0.01236
V583	0.63664	0.00596	0.34724	0.00413	0.00603
V584	0.2162	0.50239	0.11167	0.02592	0.14382
V585	0.03509	0.77663	0.07145	0.05323	0.06361
V586	0.02144	0.7978	0.16627	0.00978	0.00471
V587	0.04809	0.68656	0.01208	0.03069	0.22258
V588	0.22494	0.40199	0.36521	0	0.00785
V589	0.10441	0.3941	0.04814	0.39539	0.05796
V590	0.03756	0.78734	0.00689	0.01277	0.15544
V591	0.43775	0.50981	0.04109	0	0.01135
V592	0.03274	0	0.76027	0.02628	0.18071
V593	0.42912	0	0	0.47882	0.09206
V594	0.01468	0.12559	0.64968	0.14023	0.06982
V595	0.54716	0.01668	0.06531	0.30367	0.06718
V596	0.47379	0.17374	0.21249	0.10586	0.03412
V597	0.04871	0.17183	0	0.12698	0.65248
V598	0.59152	0	0	0.00195	0.40653
V599	0.08259	0.38841	0.09306	0.37143	0.0645
V600	0.30066	0	0.18085	0.36872	0.14977
V601	0.16548	0.07497	0	0.46345	0.29611
V602	0.80727	0.18134	0.00024	0	0.01114
V603	0.15137	0.11567	0.02235	0.14329	0.56733
V604	0.03515	0.0149	0.70684	0.09737	0.14574
V605	0.05495	0.03666	0.12218	0.09019	0.69603
V606	0.83987	0	0	0	0.16013
V607	0.18268	0.08462	0.0136	0.0356	0.6835
V608	0.76771	0.00357	0.03141	0.07033	0.12699
V609	0.19404	0.2929	0.01146	0.39001	0.11159
V610	0.07844	0.65971	0.01239	0.22141	0.02805
V611	0.29083	0.02016	0.6226	0.00271	0.0637
V612	0.40268	0.02555	0.31644	0.00571	0.24963
V613	0.3891	0.54614	0.04198	0.01717	0.00561
V614	0.55548	0.00644	0.01366	0.07203	0.3524
V615	0.03808	0.07044	0.12498	0.55868	0.20781
V616	0.67483	0	0.14997	0.12339	0.05181
V617	0.24593	0.05187	0.47245	0.08129	0.14846
V618	0.73172	0.08295	0.0654	0	0.11993
V619	0.56775	0.01975	0.15491	0	0.2576
V620	0.07013	0.00609	0.34835	0.5215	0.05392
V621	0.15205	0.2012	0.29996	7e-04	0.3461
V622	0.03438	0.19159	0.34946	0.01656	0.408
V623	0.09782	0	0	0.66273	0.23945
V624	0.90743	0	0.00345	0.00652	0.08259
V625	0.04034	0.04094	0.08758	0.7553	0.07584
V626	0.09485	0.0139	0.55387	0.28543	0.05196
V627	0.12501	0.13042	0.11271	0.04377	0.58808
V628	0.93802	0.02767	0.00615	0.01253	0.01564
V629	0.12745	0.23588	0.61793	0.00568	0.01306
V630	0.03841	0.16233	0.01609	0.05322	0.72995
V631	0.02818	0	0.26276	0.03421	0.67485
V632	0.0373	0.77355	0.01422	0.03491	0.14002
V633	0.0842	0	0.07957	0.50732	0.32892
V634	0.3955	0.45107	0.15126	0	0.00217
V635	0.06201	0.08032	0.18004	0.03982	0.6378
V636	0.21658	0.14674	0.3199	0.17979	0.137
V637	0.23762	0	0.41559	0.23512	0.11167
V638	0.08241	0.45424	0.02257	0.08673	0.35405
V639	0.50491	0.40608	0.07963	0	0.00938
V640	0.12917	0.16415	0.07811	0.22981	0.39875
V641	0.08582	0.72382	0.02912	0.12527	0.03597
V642	0.73868	0.02612	0.0024	0.20877	0.02403
V643	0.03364	0.86756	0.07309	0.01984	0.00588
V644	0.05467	0.42055	0.02325	0.43087	0.07066
V645	0.14349	0.75318	0.0218	0.07271	0.00882
V646	0.13333	0.52563	0.03363	0.22069	0.08671
V647	0.93147	0.00372	0.00515	0.04253	0.01714
V648	0.45895	0.08741	0.00021	0.26701	0.18641
V649	0.28685	0.06431	0.07405	0.11168	0.46311
V650	0.05608	0	0.047	0.82236	0.07457
V651	0.16052	0.19049	0	0.59713	0.05185
V652	0.37681	0	0.02682	0.53506	0.06131
V653	0.36243	0	0.0452	0.50814	0.08422
V654	0.06046	0.05705	0	0.09286	0.78963
V655	0.18166	0.03453	0.30073	0.43818	0.0449
V656	0.13734	0	0	0.119	0.74366
V657	0.04347	0.47782	0.03262	0.31312	0.13297
V658	0.06283	0.00521	0.02369	0.59328	0.315
V659	0.05114	0	0.06867	0.75138	0.1288
V660	0.07363	0.31859	0.01852	0.05469	0.53457
V661	0.03984	0.65389	0.01995	0.16813	0.11819
V662	0.04313	0.42406	0.02134	0.01988	0.49159
V663	0.95435	0.02263	0.00722	0	0.0158
V664	0.05068	0	0.10541	0.38493	0.45898
V665	0.02219	0.63666	0.21643	0.07574	0.04899
V666	0.072	0.87094	0.04838	0.00368	0.00499
V667	0.03124	0.54688	0.26935	0.09311	0.05943
V668	0.63382	0.23903	0.0526	0.04363	0.03092
V669	0.46786	0.3034	0.02895	0.07928	0.1205
V670	0.08751	0.6279	0.05161	0.03417	0.19881
V671	0.78099	0	0.19341	0.01165	0.01395
V672	0.12007	0.04409	0.08519	0.30208	0.44857
V673	0.04218	0.0013	0	0.1348	0.82172
V674	0.37571	0.08944	0.49476	0	0.04009
V675	0.6948	0	0.03499	0.13864	0.13157
V676	0.26933	0.08762	0.49879	0	0.14426
V677	0.06051	0.25393	0.22082	0.37163	0.09311
V678	0.06469	0.29777	0.01004	0.05047	0.57703
V679	0.03633	0.00174	0.45261	0.45876	0.05056
V680	0.19055	0	0.00782	0.33774	0.46388
V681	0.54658	0.00634	0.03917	0.28772	0.12019
V682	0.00522	0.04938	0.93224	0	0.01317
V683	0.07345	0.17756	0.62971	0	0.11927
V684	0.08943	0	0	0.83285	0.07772
V685	0.01957	0.03292	0.83055	0.09225	0.02471
V686	0.26701	0.6254	0.07694	0.01147	0.01918
V687	0.02172	9e-05	0.57923	0.34695	0.052
V688	0.00552	0.0415	0.92244	0	0.03054
V689	0.52146	0.03038	0.20003	0.09405	0.15408
V690	0.08244	0.8603	0.024	0.01948	0.01378
V691	0.16301	0.10809	0.04191	0.60286	0.08414
V692	0.10232	0	0.00716	0.73501	0.15551
V693	0.01525	0.5122	0.43664	0.0219	0.01402
V694	0.10905	0.17259	0.03449	0.56626	0.11762
V695	0.146	0.08862	0.1401	0.03381	0.59147
V696	0.13706	0	0.74153	0	0.12141
V697	0.12492	0.08949	0.31757	0.32764	0.14037
V698	0.04183	0	0.166	0.04038	0.75179
V699	0.06863	0	0.03808	0.63475	0.25854
V700	0.04276	0.81806	0.07998	0	0.05921
V701	0.03888	0.16298	0.00784	0.04604	0.74426
V702	0.05225	0.09922	0.00096	0.64511	0.20246
V703	0.05172	0	0.01715	0.84357	0.08756
V704	0.06525	0.03787	0.39068	0.02731	0.47889
V705	0.92967	0.02524	0	0	0.04508
V706	0.17352	0.12636	0.15778	0.42558	0.11676
V707	0.16381	0.09727	0.06741	0.26883	0.40268
V708	0.01613	0.59958	0.37988	0	0.00441
V709	0.03916	0	0.0221	0.04703	0.89171
V710	0.14899	0.0103	0.47989	0	0.36082
V711	0.08391	0	0.00779	0.05755	0.85075
V712	0.07753	0.01368	0.69896	0.17424	0.03559
V713	0.25081	0.42641	0.32024	0	0.00255
V714	0.0774	0	0	0.04582	0.87678
V715	0.01343	0.28197	0.59413	0.09004	0.02043
V716	0.73058	0.18783	0.01299	0.03587	0.03274
V717	0.41397	0.14439	0.12329	0.01981	0.29854
V718	0.68366	0	0.26853	0	0.04781
V719	0.4171	0.22245	0.10767	0.10792	0.14487
V720	0.15052	0.01295	0.08239	0.06057	0.69356
V721	0.05528	0	0.0357	0.05898	0.85004
V722	0.04772	0.21812	0.05287	0.47415	0.20714
V723	0.12719	0.19931	0.1083	0.49911	0.06609
V724	0.11729	0.65723	0.04452	0.15917	0.02179
V725	0.05784	0	0	0.04761	0.89455
V726	0.21825	0.49493	0.05798	0.05387	0.17497
V727	0.01593	0.03832	0.91659	0	0.02915
V728	0.79737	0.00887	0.12403	0.05249	0.01724
V729	0.61986	0.09992	0.02541	0.22511	0.02971
V730	0.14589	0.00381	0.38164	0.37392	0.09473
V731	0.04096	0	0.05177	0.83017	0.0771
V732	0.05027	0	0	0.86595	0.08378
V733	0.03643	0.05477	0.88331	0	0.02549
V734	0.52115	0.07405	0.36122	0.02289	0.02069
V735	0.09032	0.1369	0.21237	0.03904	0.52136
V736	0.04164	0.0225	0	0.04845	0.88741
V737	0.94792	0.02989	0.00709	0	0.01509
V738	0.03392	0.44473	0.01379	0.02865	0.4789
V739	0.05392	0	0	0.86186	0.08422
V740	0.23672	0.05483	0.1005	0.03114	0.57681
V741	0.52352	0	0	0.30699	0.16949
V742	0.0958	0.01146	0.53593	0.16546	0.19135
V743	0.05833	0.02469	0.0664	0.12992	0.72065
V744	0.22011	0.03913	0.16445	0.49221	0.0841
V745	0.19451	0	0.03965	0.69805	0.06779
V746	0.34918	0.56696	0.04174	0	0.04212
V747	0.03729	0.05108	0.87675	0	0.03488
V748	0.17829	0.18909	0.28261	0.05785	0.29216
V749	0.21079	0.07905	0.11619	0.41832	0.17565
V750	0.74597	0.20073	0.00645	0.03535	0.01151
V751	0.03253	0.37976	0.56297	0.01059	0.01415
V752	0.04885	0.10953	0.01521	0.0468	0.77961
V753	0.57135	0.03428	0.24551	0.01345	0.13541
V754	0.12771	0.31033	0.00461	0.50606	0.0513
V755	0.217	0.72796	0.04475	0	0.01029
V756	0.04941	0.08784	0.01479	0.08933	0.75863
V757	0.19655	0	0.08637	0.65538	0.0617
V758	0.07529	0.4253	0	0.45133	0.04809
V759	0.11799	0.0045	0.09166	0.03094	0.75491
V760	0.10586	0.00667	0.20493	0.25306	0.42948
V761	0.06041	0.26335	0.66339	0	0.01284
V762	0.04589	0.01794	0.16433	0.39231	0.37953
V763	0.04689	0.25522	0.0013	0.03225	0.66434
V764	0.14138	0.03673	0.07659	0.67221	0.0731
V765	0.1899	0.01946	0.65235	0.03318	0.10511
V766	0.07352	0.48121	0.25078	0.04486	0.14964
V767	0.27278	0.47443	0.06613	0.04217	0.14448
V768	0.04377	0.84255	0.05585	0.04318	0.01466
V769	0.76724	5e-04	0.18373	0	0.04854
V770	0.33366	0	0.50413	0.14133	0.02088
V771	0.05732	0.73018	0.01332	0.08953	0.10965
V772	0.05839	0.04447	0.88788	0	0.00927
V773	0.05723	0	0	0.18852	0.75425
V774	0.17726	0	0.52973	0	0.29301
V775	0.91288	0	0.01793	0.04053	0.02866
V776	0.35563	0.4285	0.1651	0.0157	0.03506
V777	0.22041	0.37193	0.25167	0.09698	0.05901
V778	0.55219	0.03653	0.00721	0.20586	0.1982
V779	0.06472	0.41937	0.49369	0.00185	0.02037
V780	0.02676	0.03115	0.93009	0	0.012
V781	0.18772	0.2935	0.176	0.00167	0.34111
V782	0.24436	0.22146	0.01632	0.02089	0.49697
V783	0.01791	0.00273	0.6293	0.02792	0.32213
V784	0.03269	0.61685	0.004	0.23944	0.10701
V785	0.71082	0.13319	0	0.08678	0.06921
V786	0.18367	0.18161	0.00976	0.55341	0.07154
V787	0.13148	0.59985	0.00323	0.18212	0.08332
V788	0.37594	0.41446	0.07247	0	0.13713
V789	0.04094	0.14087	9e-05	0.39363	0.42447
V790	0.29937	0.20642	0.06038	0.11359	0.32024
V791	0.19645	0.19745	0.06955	0.19401	0.34253
V792	0.92795	0.02624	0.02021	0	0.0256
V793	0.34253	0.25148	0.05274	0.091	0.26225
V794	0.04677	0	0.09288	0.19183	0.66851
V795	0.11132	0.84139	0.02352	0.00333	0.02045
V796	0.30016	0.40472	0.11104	0.13997	0.04411
V797	0.16213	0	0	0.05167	0.78619
V798	0.13325	0.50687	0.00778	0.08848	0.26363
V799	0.05928	0.14125	0.04339	0.64822	0.10786
V800	0.05873	0	0.00325	0.147	0.79102
V801	0.39833	0	0.11646	0.4185	0.06671
V802	0.05755	0.18273	0.00784	0.0421	0.70978
V803	0.32658	0.00793	0	0.58874	0.07675
V804	0.21935	0.14002	0.19912	0.35986	0.08166
V805	0.16478	0.11893	0.44156	0.15871	0.11601
V806	0.50198	0	0.1951	0.05468	0.24824
V807	0.73551	0	0.05979	0.03816	0.16653
V808	0.84598	0	0.04565	0	0.10837
V809	0.19049	0.61291	0.02653	0.02911	0.14096
V810	0.06055	0.03477	0.03194	0.45683	0.41591
V811	0.07976	0.07533	0.01413	0.12904	0.70174
V812	0.02214	0.66459	0.19737	0.07547	0.04042
V813	0.04887	0.20298	0.21174	0.01582	0.52058
V814	0.19462	0.55012	0.06834	0.15024	0.03667
V815	0.21418	0.68916	0.03629	0.0462	0.01417
V816	0.035	0.50127	0.00913	0.38688	0.06772
V817	0.81271	0.02455	0.14964	0.00539	0.0077
V818	0.05456	0.19222	0.35363	0.03882	0.36077
V819	0.93558	0.02508	0.01329	0.01147	0.01458
V820	0.08247	0.3474	0.12112	0.3833	0.06572
V821	0.03992	0	0	0.05277	0.9073
V822	0.21323	0	0.00554	0.71804	0.06319
V823	0.07072	0.06172	0.21874	0.02111	0.6277
V824	0.10109	0.00574	0.0133	0.0401	0.83977
V825	0.16778	0	0.64826	0.16724	0.01673
V826	0.04887	0.03304	0.89837	0.00849	0.01124
V827	0.36327	0.12744	0	0.37188	0.13741
V828	0.26201	0.11973	0.10335	0.06594	0.44897
V829	0.11351	0.06526	0.3047	0.17586	0.34067
V830	0.16436	0.01172	0.69156	0.00864	0.12373
V831	0.02741	0.73589	0.05429	0.14446	0.03796
V832	0.23086	0	0.05609	0.24066	0.47239
V833	0.16966	0.77362	0.0141	0	0.04262
V834	0.74762	0.13503	0.03458	0.01278	0.06999
V835	0.26539	0.26876	0.09109	0.26389	0.11088
V836	0.39561	0.0546	0.44719	0.08559	0.01701
V837	0.02681	0.8298	0.02316	0.04016	0.08007
V838	0.0371	0	0.06548	0.81394	0.08348
V839	0.06813	0.00663	0.0661	0.03839	0.82075
V840	0.93273	0.00985	0.02741	0.0099	0.02011
V841	0.23219	0.02162	0.73435	0	0.01184
V842	0.55258	0.02219	0.20805	0.18466	0.03251
V843	0.4822	0	0.14196	0.06672	0.30912
V844	0.01867	0.18302	0.75394	0.01028	0.03409
V845	0.05938	0	0	0.58849	0.35214
V846	0.13968	0.01283	0.09193	0.08557	0.66999
V847	0.23216	0	0.03985	0.1379	0.5901
V848	0.7472	0.02381	0.00154	0.08157	0.14589
V849	0.14981	0.04675	0.70245	0	0.10099
V850	0.24223	0.0102	0.29305	0.14967	0.30486
V851	0.95548	0.02001	0	0	0.02451
V852	0.26665	0.03324	0.07393	0.17789	0.44828
V853	0.04682	0.12009	0.60564	0.13104	0.09642
V854	0.05599	0.33421	0.25105	0.0796	0.27916
V855	0.11524	0.36975	0.09318	0.30758	0.11426
V856	0.16547	0.38064	0.05449	0.00828	0.39111
V857	0.10801	0.01614	0.16465	0.4179	0.2933
V858	0.03935	0.33152	0.19084	0.20911	0.22917
V859	0.16098	0	0.01298	0.72857	0.09746
V860	0.06889	0.11999	0.06044	0.63522	0.11545
V861	0.17237	0	0.12174	0.64389	0.062
V862	0.09585	0	0.00862	0.1224	0.77313
V863	0.02595	0.91139	0.0253	0.00742	0.02995
V864	0.05001	0.01469	0.8689	0.05316	0.01324
V865	0.10215	0	0.63544	0.23961	0.0228
V866	0.04803	0.04275	0.63451	0.22608	0.04862
V867	0.59339	0.01036	0	0.00189	0.39436
V868	0.24309	0.20983	0.41124	0.10196	0.03389
V869	0.04531	0	0.00979	0.05516	0.88974
V870	0.29308	0.14322	0.07829	0.24417	0.24124
V871	0.06699	0.02461	0.0938	0.11781	0.6968
V872	0.4093	0.0169	0.00722	0.47443	0.09215
V873	0.07217	0.3066	0.15006	0.36948	0.10169
V874	0.12138	0.02527	0	0.04649	0.80686
V875	0.04088	0.16191	0.01727	0.4832	0.29673
V876	0.49929	0.03583	0.0548	0.01599	0.39409
V877	0.21935	0.63428	0.04363	0.07895	0.02378
V878	0.02877	0.68501	0.04552	0.20588	0.03483
V879	0.90907	0.047	0.01287	0.01084	0.02022
V880	0.11237	0.05355	0.02284	0.42542	0.38582
V881	0.03084	0	0.52977	0.00805	0.43133
V882	0.05431	0.45866	0.01608	0.43305	0.03789
V883	0.52466	0.16033	0.00998	0.17522	0.12981
V884	0.03799	0	0	0.06213	0.89988
V885	0.18978	0.04764	0.39462	0.10932	0.25864
V886	0.03553	0	0.01802	0.2413	0.70515
V887	0.07304	0.87421	0.01646	0	0.03629
V888	0.08985	0.07701	0.0506	0.66446	0.11808
V889	0.10191	0.81326	0.0466	0.01776	0.02047
V890	0.06525	0	0.13037	0.63099	0.17338
V891	0.00615	0.07406	0.90362	0.00312	0.01304
V892	0.60005	0.23439	0.01973	0	0.14583
V893	0.15869	0.17095	0.52211	0.06998	0.07826
V894	0.10146	0.51729	0.05068	0.25848	0.0721
V895	0.70094	0	0.28217	0.004	0.01289
V896	0.22734	0.19881	0.24138	0.30024	0.03223
V897	0.03843	0	0.02957	0.73832	0.19367
V898	0.40805	0	0.00083	0.03578	0.55533
V899	0.56331	0.31056	0.08611	0	0.04002
V900	0.27285	0.2133	0.28394	0.18983	0.04007
V901	0.68175	0.04028	0.0014	0.17467	0.1019
V902	0.85498	0.04333	0.0184	0.02669	0.0566
V903	0.30187	0.04615	0.06713	0.50064	0.08422
V904	0.72952	0.08877	0.15742	0	0.0243
V905	0.04492	0.29638	0.06311	0.32879	0.26679
V906	0.17478	0.02962	0.46833	0.07155	0.25572
V907	0.72474	0.10269	0.06631	0.05039	0.05587
V908	0.04628	0.31426	0.04657	0.49061	0.10228
V909	0.05221	0.08933	0.00933	0.70611	0.14302
V910	0.67986	0.16199	0.0114	0.05564	0.0911
V911	0.04603	0.25198	0.5303	0.00027	0.17142
V912	0.06335	0	0.14904	0.08908	0.69853
V913	0.1738	0	0.06543	0.64589	0.11488
V914	0.77655	0.02503	0.00944	0.11757	0.07141
V915	0.21277	0.15856	0.04826	0.02376	0.55665
V916	0.80168	0.00846	0.11424	0	0.07563
V917	0.46652	0.01687	0	0.02498	0.49162
V918	0.60104	0.13081	0.22387	0.01606	0.02822
V919	0.44843	0.13974	0.009	0.27414	0.12869
V920	0.21023	0	0.1069	0.62395	0.05891
V921	0.21228	0.16282	0.11265	0.01037	0.50188
V922	0.0546	0.00469	0.69454	0	0.24617
V923	0.15435	0.46632	0.0228	0.05544	0.30109
V924	0.53025	0.08746	0	0.24691	0.13539
V925	0.16382	0.09889	0.48479	0.15687	0.09562
V926	0.0519	0.00103	0	0.05667	0.8904
V927	0.53986	0.24342	0.11499	0.07747	0.02425
V928	0.136	0.24431	0.22273	0.17818	0.21878
V929	0.07574	0.25373	0.00108	0.02909	0.64036
V930	0.104	0	0.05099	0.03499	0.81002
V931	0.5074	0.11789	0.0082	0.04708	0.31943
V932	0.07922	0.08542	0.0403	0.32227	0.47279
V933	0.32251	0	0.03939	0.27016	0.36793
V934	0.6794	0.05489	0.26131	0	0.0044
V935	0.60333	0.09173	0.13017	0.04745	0.12732
V936	0.338	0.03715	0.11414	0.43233	0.07838
V937	0.12339	0.70442	0.10458	0.03157	0.03605
V938	0.06307	0.8933	0.03289	0.00492	0.00582
V939	0.03685	0	0.0021	0.3273	0.63375
V940	0.59117	0.0582	0.08275	0.04565	0.22223
V941	0.04709	0.10098	0.116	0.4645	0.27142
V942	0.73387	0.24355	0.00739	0.00534	0.00986
V943	0.0773	0.07643	0.04826	0.04237	0.75564
V944	0.36926	0	0.11185	0.46395	0.05494
V945	0.05403	0.2573	0.59284	0.02857	0.06726
V946	0.02373	0.49216	0.47176	0	0.01235
V947	0.4172	0	0.01961	0.12442	0.43878
V948	0.06606	0.70054	0.04503	0.11159	0.07679
V949	0.85981	0.10267	0.02832	0	0.0092
V950	0.09998	0	0.01511	0.81134	0.07357
V951	0.33619	0	0	0.49607	0.16774
V952	0.16515	0.00435	0.03983	0.62019	0.17047
V953	0.49843	0.06821	0.00085	0.35914	0.07336
V954	0.23787	0.52865	0.06731	0.05775	0.10842
V955	0.09333	0	0.54657	0.3228	0.03731
V956	0.04134	0.45218	0.09422	0.35684	0.05542
V957	0.09308	0.7563	0.06239	0.06542	0.02282
V958	0.03611	0.85337	0.01591	0.04679	0.04781
V959	0.09451	0.0026	0.80654	0.05117	0.04518
