Neutrophils	Monocytes_CD14.CD16.	Macrophage	T_cells_.CD4..	NK_cells
V1	0.32676	0.13437	0.2655	0.12646	0.14691
V2	0.06578	0.77616	0.06163	0.0543	0.04212
V3	0.06063	0.01871	0.46847	0.41025	0.04195
V4	0.00293	0	0.22731	0.06711	0.70265
V5	0.00163	0	0.04936	0.11082	0.83819
V6	0.33808	0.02663	0.29041	0.21642	0.12845
V7	0.00105	0.02996	0.41949	0.07839	0.47111
V8	0.00423	0.03143	0.89947	0.05995	0.00493
V9	0.05208	0.00202	0.27957	0.61264	0.05369
V10	0.46525	0.03214	0.48533	0	0.01727
V11	0.02399	0.00263	0.09575	0.08058	0.79705
V12	0.07214	0.00302	0.22395	0.29433	0.40656
V13	0.12159	0.03933	0.03592	0.40255	0.40062
V14	0.15369	0	0.07538	0.62887	0.14207
V15	0.01907	0.02174	0	0.85903	0.10016
V16	0.57292	0.08292	0.01321	0.30292	0.02803
V17	0.05947	0.2283	0.01331	0.07102	0.62791
V18	0.0895	0.42795	0.26939	0.19252	0.02063
V19	0.01531	0	0	0.12263	0.86206
V20	0	0.00911	0.75454	0.2098	0.02655
V21	0.01948	0.2476	0.1312	0.15929	0.44243
V22	0.81789	0.08761	0.07226	0	0.02224
V23	0.06454	0.00056	0.01665	0.14012	0.77813
V24	0.43803	0.12131	0.01813	0.04571	0.37683
V25	0.01709	0.01652	0.01127	0.40203	0.55309
V26	0.46449	0.20791	0.06376	0.038	0.22584
V27	0.12321	0.49522	0.18866	0.01226	0.18065
V28	0.02615	0.07629	0.21441	0.60155	0.0816
V29	0	0	0.35146	0.5859	0.06264
V30	0.73191	0.1129	0.03025	0.01474	0.1102
V31	0.41435	0.15125	0.01202	0.21805	0.20433
V32	0.93484	9e-04	0.00949	0	0.05476
V33	0.01889	0.18049	0.0127	0.12214	0.66579
V34	0.12678	0.84387	0.01724	0.01081	0.0013
V35	0.0998	0.61549	0.26147	0.02323	0
V36	0.02279	0.16016	0.16493	0.09682	0.55531
V37	0.73937	0	0	0.00845	0.25218
V38	0.11541	0.0271	0.49702	0.19	0.17048
V39	0.31925	0.03477	0.33824	0.01255	0.29519
V40	0.22377	0.62043	0.02514	0.0927	0.03797
V41	0.06314	0.83012	0.02355	0.01187	0.07132
V42	0.86811	0.0396	0.02386	0	0.06843
V43	0.48351	0.13367	0.36619	0.0099	0.00674
V44	0.03541	0.28963	0.56186	0.00166	0.11144
V45	0.04896	0.67014	0.10344	0.12827	0.04919
V46	0.121	0.75793	0.07682	0.02869	0.01556
V47	0	0.02766	0.96357	0	0.00878
V48	0.16208	0.131	0.23228	0.31502	0.15962
V49	0.46757	0.15415	0.24002	0.12243	0.01584
V50	0.01622	0.04757	0.93621	0	0
V51	0.09925	0.25695	0.19749	0.06721	0.3791
V52	0.06766	0.89752	0.01891	0.01368	0.00223
V53	0.02763	0.18041	0.0093	0.71257	0.07009
V54	0.20915	0	0.00926	0.53552	0.24607
V55	0.07145	0	0	0.8417	0.08686
V56	0.06485	0	0.00192	0.74013	0.1931
V57	0.15096	0.13044	0.57464	0.01971	0.12425
V58	0.05403	0	0.1283	0.2014	0.61627
V59	0.86918	0.02316	0.09784	0	0.00982
V60	0.42107	0.21072	0.1315	0.11329	0.12342
V61	0.1777	0	0.02311	0.21977	0.57942
V62	0.04966	0.01388	0.29952	0.13776	0.49918
V63	0.38462	0.2606	0.06472	0.03544	0.25461
V64	0.93988	0.02094	0.02673	0	0.01244
V65	0.08231	0.07678	0.03985	0.59946	0.2016
V66	0.02289	0	0.14251	0.75489	0.07971
V67	0.00098	0.00466	0.33431	0.10393	0.55611
V68	0.46455	0.00993	0.41595	0.02401	0.08555
V69	0.59406	0.12208	0.21054	0.00845	0.06486
V70	0.07202	0.70999	0.0523	0.13976	0.02592
V71	0.10371	0.77563	0.053	0.05689	0.01076
V72	0.04209	0.37907	0.02544	0.04986	0.50354
V73	0.05184	0	0.104	0.56023	0.28393
V74	0.00992	0.06104	0.0073	0.7651	0.15664
V75	0.47141	0.19272	0.32261	0	0.01327
V76	0.00561	0	0.01696	0.82954	0.14789
V77	0.01449	0.0232	0.93301	0.02689	0.00241
V78	0	0.037	0.95329	0	0.00971
V79	0.08141	0.3914	0.04327	0.13839	0.34552
V80	0.12826	0.72557	0.0128	0.05046	0.08292
V81	0.00474	0.02927	0.96599	0	0
V82	0.23687	0.16905	0.0319	0.50997	0.05221
V83	0.09275	0.07341	0.02082	0.52502	0.28801
V84	0.08366	0.14749	0.00326	0.07698	0.6886
V85	0	0.02851	0.97026	0	0.00123
V86	0.02564	0.25849	0.31828	0.36051	0.03707
V87	0.46331	0.01303	0.04535	0.4243	0.05401
V88	0.30022	0.16163	0.05393	0.18782	0.2964
V89	0.04062	0.11293	0.82099	0.02495	5e-04
V90	0.01646	0.16267	0.05427	0.11913	0.64748
V91	0.00436	0.00063	0.08544	0.82712	0.08244
V92	0.21872	0.02223	0.02363	0.0734	0.66203
V93	0.00791	0.08029	0.16838	0.49819	0.24523
V94	0.0352	0.15619	0.02046	0.23976	0.54839
V95	0.05808	0.21266	0.02099	0.11891	0.58936
V96	0.79175	0.0051	0.02852	0.0177	0.15693
V97	0.14619	0.01235	0.04066	0.13177	0.66903
V98	0.05656	0.36741	0.18317	0.12176	0.2711
V99	0.50445	0.14035	0.00499	0.20609	0.14411
V100	0.5229	0.16438	0.05447	0.04972	0.20853
V101	0.07545	0.88439	0.02604	0.01264	0.00149
V102	0.30406	0.24281	0.14135	0.10139	0.21039
V103	0.10391	0	0	0.08069	0.8154
V104	0.05106	0.39224	0.08506	0.04717	0.42448
V105	0.00457	0	0.03391	0.11938	0.84214
V106	0.06261	0.74441	0.15304	0.0102	0.02975
V107	0.04896	0.22372	0.68498	0.03411	0.00823
V108	0.01587	0.18519	0.79894	0	0
V109	0.05681	0.20613	0.057	0.2709	0.40915
V110	0.17818	0.51098	0.19313	0.09729	0.02041
V111	0.28307	0.2318	0.48513	0	0
V112	0.17041	0	0.1087	0.45994	0.26095
V113	0.21926	0	0.10103	0.15927	0.52045
V114	0.56788	0.07899	0.0531	0.16112	0.13891
V115	0.87158	0	0.00595	0.00051	0.12196
V116	0.00402	0	0	0.09719	0.89879
V117	0.0448	0.02422	0.83309	0.06751	0.03037
V118	0.03909	0	0	0.85204	0.10887
V119	0.33307	0.02346	0.41269	0.21578	0.015
V120	0.0035	0.01462	0.84073	0.09711	0.04404
V121	0.19376	0.71786	0.01234	0.01304	0.06299
V122	0.03978	0.38391	0.08951	0.22307	0.26374
V123	0.48655	0.03913	0.07902	0.18292	0.21238
V124	0.20287	0.10216	0.0621	0.2223	0.41057
V125	0.04761	0.4507	0.49522	0.00092	0.00555
V126	0.14931	0.17839	0.22188	0.11734	0.33309
V127	0.27767	0.00678	0.6744	0.03286	0.00829
V128	0.20523	0.75573	0.02196	0.0019	0.01518
V129	0.26043	0.03145	0.27827	0.16833	0.26152
V130	0.04074	0.5017	0.04809	0.21206	0.19741
V131	0.01134	0.00233	0.24664	0.67756	0.06214
V132	0.344	0.01208	0	0.33164	0.31228
V133	0	0.04967	0.55675	0.09134	0.30223
V134	0.06609	0.0312	0.79662	0.01661	0.08949
V135	0.01958	0.10367	0.73601	0.02205	0.1187
V136	0.96743	0.00525	0.01176	0	0.01556
V137	0.90239	0.03516	0.00907	0.01359	0.0398
V138	0.23787	0.13558	0.07955	0.14035	0.40665
V139	0.11666	0	0.16702	0.6505	0.06583
V140	0.0156	0	0.14383	0.07441	0.76616
V141	0.01849	0.22428	0.66103	0.08322	0.01298
V142	0.20141	0	0.33591	0.13089	0.33179
V143	0.01815	0.19375	0.49238	0.13541	0.16031
V144	0.49823	0.22622	0.07477	0.10724	0.09353
V145	0	0.03422	0.9407	0.00512	0.01997
V146	0.03905	0.34177	0.00961	0.29936	0.31021
V147	0.09193	0.07059	0.70656	0.09163	0.03929
V148	0.1598	0.77122	0.02214	0.02973	0.01712
V149	0.00724	0.00091	0	0.84941	0.14244
V150	0.14212	0.19539	0.59084	0	0.07165
V151	0.43461	0.00995	0.01033	0.38905	0.15606
V152	0.00955	0	0.11872	0.72427	0.14746
V153	0.16844	0.18452	0.46627	0.04454	0.13623
V154	0.12117	0.5805	0.03166	0.04162	0.22505
V155	0.03311	0	0.14194	0.74627	0.07868
V156	0.09195	0.02125	0.4078	0.15239	0.32661
V157	0.0853	0.03182	0.17064	0.27698	0.43526
V158	0.18687	0	0.45335	0.05268	0.30711
V159	0.11457	0.23056	0.01669	0.55401	0.08417
V160	0.44353	0.16038	0.09843	0.04731	0.25035
V161	0.19584	0.00366	0.05666	0.06116	0.68267
V162	0	0.0393	0.9607	0	0
V163	0.03997	0	0.00502	0.1098	0.84521
V164	0.91764	0.05741	0.01922	0	0.00573
V165	0.59964	0.22021	0.0913	0.03827	0.05057
V166	0.04844	0	0.25244	0.56233	0.13679
V167	0.04913	0.63518	0.02676	0.12587	0.16306
V168	0	0.0393	0.9607	0	0
V169	0.06799	0.68052	0.16274	0.07022	0.01853
V170	0.24326	0.3904	0.06181	0.17647	0.12805
V171	0.3124	0.08605	0.37945	0.15992	0.06217
V172	0.16982	0.21033	0.0701	0.05563	0.49412
V173	0.20926	0.10047	0.0945	0.38591	0.20987
V174	0.20517	0	0.36664	0.19434	0.23384
V175	0.07047	0.13155	0.11882	0.18982	0.48935
V176	0.37702	0.01096	0.00427	0.55621	0.05154
V177	0.19507	0.03443	0.59704	0.1558	0.01765
V178	0.28101	0.04281	0.47939	0.10174	0.09504
V179	0.08125	0	0	0.08356	0.8352
V180	0.01935	0.00421	0.33987	0.05111	0.58546
V181	0.06234	0.25871	0	0.09644	0.58251
V182	0.55623	0.23859	0.00923	0.14174	0.05422
V183	0.08468	0.88158	0.01807	0.00664	0.00903
V184	0.32495	0.00636	0.31608	0.30369	0.04891
V185	0.10707	0.47625	0.0292	0.14228	0.2452
V186	0.12911	0.17294	0.02896	0.25139	0.4176
V187	0.09027	0.68807	0.0126	0.18568	0.02338
V188	0.84588	0.03027	0.03898	0.06763	0.01724
V189	0.45237	0.25252	0.04147	0.22669	0.02695
V190	0.40557	0.06182	0.22225	0.0261	0.28425
V191	0.2157	0.22827	0.0064	0.39484	0.15479
V192	0.31905	0.19358	0.13289	0.19968	0.15479
V193	0.06954	0.20494	0.52744	0.04142	0.15666
V194	0.24972	0.03821	0.0855	0.12407	0.5025
V195	0.57085	0.1762	0.24706	0	0.00589
V196	0	0	0.04752	0.11106	0.84141
V197	0.08231	0.85698	0.01689	0.03313	0.0107
V198	0.22321	0.22142	0.03825	0.20148	0.31564
V199	0.76702	0.00569	0.22729	0	0
V200	0.75465	0	0.03254	0.02067	0.19215
V201	0.03126	0	0.01902	0.68166	0.26806
V202	0.91485	0.06635	0.00384	0	0.01496
V203	0.51925	0.25649	0.03233	0.05092	0.14101
V204	0.31797	0.06763	0.03187	0.04182	0.5407
V205	0.1029	0.01457	0.1136	0.11379	0.65514
V206	0.04391	0.10316	0	0.74088	0.11205
V207	0.01907	0.02174	0	0.85903	0.10016
V208	0.15806	0.21863	0.48668	0.04053	0.0961
V209	0.14377	0.00404	0.09301	0.08353	0.67565
V210	0	0.02689	0.96289	0	0.01022
V211	0.14397	0.00937	0.1992	0.06942	0.57804
V212	0.07316	0.74428	0.08518	0.04081	0.05657
V213	0.08599	0	0.05495	0.26772	0.59133
V214	0.03598	0.544	0.38564	0.01195	0.02243
V215	0.24294	0.21621	0.13921	0.08864	0.313
V216	0.04961	0.02444	0.32571	0.07457	0.52567
V217	0.00226	0	0.02379	0.79989	0.17406
V218	0.07374	0.18907	0.29865	0.31979	0.11875
V219	0.13256	0.27568	0.39782	0.17532	0.01862
V220	0.19375	0.72562	0.0682	0.00599	0.00644
V221	0.03964	0.05556	0.49814	0.03403	0.37264
V222	0.01237	0	0	0.10181	0.88583
V223	0.5341	0.00879	0.33171	0.10265	0.02275
V224	0.05239	0.53323	0.03113	0.09371	0.28955
V225	0.69665	0.16695	0.13178	0	0.00461
V226	0.44681	0.53622	0.00911	0	0.00785
V227	0.09566	0.27312	0.00948	0.53841	0.08334
V228	0.59101	0.02528	0.28372	0.05603	0.04396
V229	0.26909	0.39686	0.26768	0.03496	0.03141
V230	0.00982	0	0	0.10204	0.88814
V231	0.07426	0.6046	0.06778	0.1577	0.09566
V232	0.80069	0.00778	0.19153	0	0
V233	0.05126	0.0057	0.14269	0.13277	0.66757
V234	0.02633	0.38305	0.22198	0.31786	0.05078
V235	0.96535	0.01407	0.00364	0.00538	0.01155
V236	0.07871	0.0136	0.66489	0.17658	0.06622
V237	0.12208	0.07354	0.27462	0.30419	0.22557
V238	0.00292	0	0	0.2989	0.69817
V239	0.07205	0.39679	0.05262	0.17541	0.30314
V240	0.07952	0.81842	0.02308	0.02289	0.0561
V241	0.06776	0.89655	0.01871	0.00749	0.00949
V242	0.0404	0.32346	0.30464	0.25087	0.08063
V243	0.47818	0.00622	0.33892	0.02408	0.15261
V244	0.03884	0.39472	0.19163	0.09117	0.28364
V245	0.06485	0.86711	0.0406	0.02551	0.00193
V246	0.59319	0.27245	0.03293	0.00324	0.0982
V247	0.19375	0.10186	0.63243	0.03884	0.03313
V248	0.10218	0.58578	0.03187	0.03081	0.24937
V249	0.24472	0.05746	0.2069	0.11067	0.38025
V250	0.01657	0.03215	0.65315	0.04346	0.25466
V251	0.21692	0.01648	0.09577	0.56598	0.10486
V252	0.02213	0.11978	0.56175	0.14331	0.15303
V253	0.29051	0.56723	0.08951	0.03664	0.01611
V254	0.50467	0.39709	0.00615	0.06938	0.02271
V255	0.80528	0.08458	0.00096	0.01353	0.09565
V256	0.05622	0.73471	0.02868	0.02518	0.15521
V257	0.43391	0.30167	0.14985	0.03059	0.08398
V258	0.16517	0.33455	0.05339	0.40527	0.04162
V259	0.52355	0.27551	0.18075	0	0.02019
V260	0.24705	0.0183	0.10314	0.10937	0.52213
V261	0.01761	0.01893	0.52639	0.27693	0.16015
V262	0.90436	0.02691	0.05696	0	0.01177
V263	0.79435	0.08703	0.01608	0.09068	0.01186
V264	0.08189	0.85166	0.02444	0.03883	0.00318
V265	0.81663	0.08917	0.08168	0.002	0.01052
V266	0.0075	0	0.07291	0.09885	0.82074
V267	0.0402	0	0	0.19601	0.76379
V268	0.19937	0.43204	0.14665	0.16127	0.06066
V269	0.0921	0.32773	0.36425	0.1715	0.04442
V270	0.04742	0	0.03436	0.83494	0.08328
V271	0.22218	0.70439	0.01926	0.02239	0.03177
V272	0.11342	0.79074	0.03758	0.01922	0.03904
V273	0.28761	0.00796	0.1845	0.31624	0.20368
V274	0.08579	0.02311	0.03379	0.22278	0.63454
V275	0.05932	0.68935	0.15411	0.07789	0.01933
V276	0.00518	0.01866	0.71886	0.21328	0.04402
V277	0.36377	0.00553	0.60318	0	0.02753
V278	0.00173	0.03391	0.35189	0.43606	0.17641
V279	0.14473	0	0.0121	0.71688	0.12629
V280	0.19197	0.01433	0.03809	0.59546	0.16014
V281	0.02959	0.23314	0.04563	0.62588	0.06576
V282	0.07612	0.88912	0.01852	0.00703	0.00921
V283	0.3397	0	0.10832	0.05594	0.49603
V284	0.02339	0.12214	0.52806	0.02028	0.30613
V285	0.49441	0.46674	0.00799	0.01994	0.01091
V286	0.07771	0.03713	0.85301	0.02356	0.00858
V287	0.24163	0.06029	0.17417	0.28189	0.24202
V288	0.19841	0.01129	0.6429	0.00427	0.14314
V289	0.16014	0.23255	0.02518	0.52843	0.0537
V290	0.4134	0.45003	0.13658	0	0
V291	0.40636	0.21979	0.00732	0.32966	0.03687
V292	0.11117	0.01954	0.40826	0.05825	0.40278
V293	0.00057	0.12422	0.81862	0.03687	0.01972
V294	0.00336	0	0	0.09673	0.89991
V295	0.01082	0.02369	0.34306	0.49186	0.13057
V296	0.839	0.1192	0.00283	0.00118	0.03779
V297	0.01428	0.02123	0.79692	0.11387	0.0537
V298	0.29192	0	0.00216	0.53166	0.17426
V299	0.26756	0	0.01046	0.66022	0.06175
V300	0.97	0.01558	0.00433	0	0.01009
V301	0.95672	0.00251	0.0103	0.01215	0.01832
V302	0.00336	0	0.00088	0.40945	0.58632
V303	0.10441	0.16492	0.21527	0.18117	0.33423
V304	0.18434	0.04075	0.7547	0	0.02021
V305	0.20364	0.31074	0.09399	0.11132	0.28031
V306	0.31575	0.64473	0.01087	0.01212	0.01654
V307	0.23872	0.00293	0.28786	0.43554	0.03496
V308	0.23435	0.01653	0.68123	0.0578	0.0101
V309	0.64229	0.06469	0.05312	0.10792	0.13198
V310	0.02675	0.00089	0.00123	0.15536	0.81578
V311	0.01247	0	0.04382	0.84748	0.09623
V312	0.08548	0.23507	0.24502	0.03192	0.40251
V313	0.06502	0.2913	0.01599	0.30362	0.32407
V314	0.07529	0	0.00073	0.38063	0.54335
V315	0.94293	0.0017	0.01766	0	0.03771
V316	0.11501	0.54403	0.24773	0.029	0.06423
V317	0.3801	0.0857	0.51532	0	0.01888
V318	0.89778	0	0.00726	0	0.09497
V319	0.10061	0.06837	0.83102	0	0
V320	0.07819	0	0.00383	0.82481	0.09318
V321	0.13737	0.33719	0.3117	0.1778	0.03594
V322	0.01252	0.26014	0.57163	0.04674	0.10897
V323	0.24834	0.21452	0.43862	0.01532	0.08319
V324	0.03833	0.04031	0.0437	0.79133	0.08632
V325	0.62432	0.10845	0.0902	0.1017	0.07532
V326	0.04113	0	0.04957	0.1755	0.73379
V327	0.32116	0.48288	0.11395	0.01861	0.06341
V328	0.05132	0.29685	0.17164	0.42792	0.05227
V329	0.00151	0.05069	0.40956	0.48665	0.05158
V330	0.07611	0.0354	0.84039	0	0.0481
V331	0.12364	0.004	0.08506	0.12999	0.65731
V332	0.46238	0.0525	0.45794	0	0.02718
V333	0.4066	0.02964	0.3191	0.14484	0.09981
V334	0.04488	0.28511	0.55474	0.07023	0.04504
V335	0.70919	0.0549	0.08717	0.02777	0.12098
V336	0.1645	0.56501	0.25931	0	0.01118
V337	0.00245	0	0.00705	0.20189	0.7886
V338	0.71225	0.01734	0.15914	0.01	0.10126
V339	0.20712	0.52709	0.18669	0.00115	0.07795
V340	0.03225	0.14515	0.10711	0.09747	0.61801
V341	0.03107	0.47667	0.42896	0.00727	0.05603
V342	0.2942	0.15402	0.45826	0.08927	0.00425
V343	0.69281	0.00594	0.30126	0	0
V344	0.10884	0.73078	0.05146	0.0289	0.08002
V345	0.20753	0.03638	0.00141	0.28813	0.46655
V346	0.0397	0.31468	0.32564	0.26595	0.05404
V347	0.09074	0.52176	0.03193	0.28971	0.06585
V348	0.01536	0.13729	0.45701	0.22773	0.16262
V349	0.0664	0.30087	0.52572	0.01389	0.09312
V350	0.11405	0.41401	0.09002	0.21902	0.1629
V351	0.17642	0.02893	0.45807	0.29748	0.0391
V352	0.1127	0.53223	0.34894	0.00129	0.00485
V353	0.24286	0.31933	0.03988	0.06193	0.33601
V354	0.55863	0.02037	0.42099	0	0
V355	0.08421	0.01479	0.35649	0.49484	0.04968
V356	0.08774	0.03556	0.83312	0.01015	0.03343
V357	0.03828	0.03516	0.51158	0.04874	0.36624
V358	0.02781	0.03039	0.03491	0.81633	0.09056
V359	0.05502	0.11534	0.0078	0.74835	0.07349
V360	0.71034	0.04911	0.09815	0.13038	0.01203
V361	0.32939	0.47839	0.09498	0.00165	0.09558
V362	0.80824	0.00164	0.10225	0	0.08787
V363	0.02708	0.01132	0.00139	0.19081	0.7694
V364	0.04405	0.2876	0.02606	0.41393	0.22836
V365	0.00642	0.00073	0.00848	0.86234	0.12203
V366	0.20435	0.04483	0.60827	0.05265	0.08991
V367	0.22528	0.21895	0.21494	0.15996	0.18087
V368	0.73975	0.08914	0.13199	0	0.03912
V369	0.05239	0.6372	0.23861	0.06883	0.00296
V370	0.02266	0.14974	0.12452	0.35235	0.35073
V371	0.07379	0.86456	0.05687	0.00463	0.00014
V372	0.64872	0.07045	0.15516	0.09431	0.03137
V373	0.12447	0.64541	0.13587	0.08267	0.01159
V374	0.09686	0.04991	0.40269	0.41751	0.03302
V375	0.30426	0.016	0.62257	0.05499	0.00217
V376	0.00546	0	0.39739	0.05354	0.54361
V377	0.09503	0.50617	0.21575	0.16486	0.01819
V378	0.13561	0.53453	0.17932	0.0089	0.14165
V379	0.01858	0	0.10182	0.12882	0.75079
V380	0.01506	0.04699	0.17781	0.48337	0.27677
V381	0.1359	0.02901	0.00068	0.07401	0.7604
V382	0.40552	0	0	0.28979	0.30468
V383	0.03093	0.00259	0.29079	0.62025	0.05544
V384	0.29226	0.04341	0.17655	0.40083	0.08694
V385	0.07927	0.07705	0.00185	0.07726	0.76457
V386	0.66825	0.01158	0.00497	0.28642	0.02878
V387	0.27351	0.01646	0.00443	0.62113	0.08447
V388	0.06998	0.81321	0.04623	0.05896	0.01163
V389	0.13036	0.75173	0.0282	0.03354	0.05617
V390	0.1772	0	0.00268	0.65209	0.16802
V391	0.69984	0.16304	0.00124	0.06265	0.07323
V392	0.94002	0.04081	0.01183	0	0.00733
V393	0.09816	0.01613	0.15683	0.51333	0.21556
V394	0.71484	0.0054	0.02778	0.14333	0.10866
V395	0	0.00627	0.39865	0.53774	0.05734
V396	0.54175	0.03016	0.42594	0	0.00215
V397	0.66827	0.14439	0.03962	0.09777	0.04996
V398	0.05977	0	0.17709	0.62069	0.14245
V399	0.03724	0.01219	0	0.28616	0.66441
V400	0.16954	0.53005	0.16527	0.12764	0.00749
V401	0.32159	0.00687	0.65552	0.01602	0
V402	0.37237	0.03205	0.45956	0.05614	0.07987
V403	0.13978	0.05952	0	0.16858	0.63212
V404	0.00017	0.05383	0.50505	0.36364	0.07731
V405	0.34397	0.26613	0.07654	0.20053	0.11283
V406	0.01547	0.04466	0.92439	0	0.01548
V407	0.88664	0.04203	0.04105	0.02307	0.00721
V408	0.04117	0.3705	0.01019	0.24806	0.33008
V409	0.10833	0	0.06619	0.65805	0.16743
V410	0.12013	0.12424	0.3234	0.06375	0.36849
V411	0.00378	0	0	0.10413	0.89209
V412	0.02156	0.12458	0.12469	0.07814	0.65103
V413	0.02828	0.25459	0.15832	0.34614	0.21267
V414	0.04152	0.07896	0	0.45167	0.42785
V415	0.14269	0	0	0.07491	0.7824
V416	0.09934	0.07178	0.01752	0.17927	0.6321
V417	0.00455	0.02061	0.78477	0.11666	0.0734
V418	0.5311	0.40194	0.02881	0.00612	0.03203
V419	0.2321	0.00405	0.01566	0.15301	0.59519
V420	0.20945	0	0.09585	0.08663	0.60807
V421	0.00075	0	0.12075	0.10828	0.77023
V422	0.01515	0.00433	0.05132	0.69106	0.23815
V423	0.29361	0.19407	0.30142	0.17483	0.03606
V424	0	0.00221	0.48527	0.03911	0.47341
V425	0.32318	0.37207	0.0032	0.02704	0.27451
V426	0.23782	0.18791	0.0226	0.43187	0.11981
V427	0.20888	0.62751	0.15932	0	0.00428
V428	0.10455	0.63904	0.08429	0.08532	0.08681
V429	0.13132	0.76808	0.01404	0.05902	0.02754
V430	0.02835	0.01053	0.41719	0.19325	0.35068
V431	0.11983	0.3752	0.20951	0.22748	0.06798
V432	0.30363	0.0621	0.13292	0.3301	0.17125
V433	0.19671	0.00932	0.54678	0.20708	0.04012
V434	0.24074	0.28485	0.38274	0.00962	0.08205
V435	0.55137	0.04953	0.37668	0.01471	0.00771
V436	0.07114	0.57753	0.10872	0.05853	0.18408
V437	0.17979	0.00409	0.02415	0.19618	0.59579
V438	0.13903	0.31158	0.20974	0.25885	0.08079
V439	0.62082	0	0.05139	0.28593	0.04185
V440	0.03034	0.35393	0.55619	0.01098	0.04856
V441	0.04483	0.53622	0.3877	0.02421	0.00705
V442	0.0762	0.8901	0.02644	0.00609	0.00117
V443	0.951	0.00199	0.01011	0.02563	0.01127
V444	0.15877	0.44387	0.0385	0.30087	0.058
V445	0.07439	0.42497	0.0475	0.4021	0.05103
V446	0.11081	0.02546	0.10605	0.54954	0.20814
V447	0.06225	0	0.00778	0.44847	0.48149
V448	0.14743	0	0.01194	0.08634	0.75429
V449	0	0.0393	0.9607	0	0
V450	0.20184	0.08213	0.25405	0.1404	0.32159
V451	0.27433	0.2028	0.06644	0.31993	0.13649
V452	0.01201	0	0.17307	0.70117	0.11375
V453	0.01626	0	0	0.45809	0.52565
V454	0.00562	0.01322	0.69113	0.03598	0.25404
V455	0.0635	0.21757	0.27984	0.06679	0.3723
V456	0.93786	0.01014	0.00208	0.00762	0.04229
V457	0.65448	0.21559	0.04074	0.04493	0.04426
V458	0.03132	0.36541	0.51262	0.04776	0.0429
V459	0.13504	0.05348	0.05582	0.47226	0.2834
V460	0.67624	0.04093	0.21044	0.04544	0.02695
V461	0.18733	0.29748	0.24853	0.02776	0.23889
V462	0.05036	0.07112	0.01217	0.49092	0.37542
V463	0.21939	0.05868	0.01352	0.6412	0.06721
V464	0.16312	0.18872	0.64282	0.00039	0.00496
V465	0.04052	0.07781	0.01012	0.09483	0.77671
V466	0.01917	0	0	0.16296	0.81787
V467	0.06246	0.26145	0.02624	0.51121	0.13864
V468	0.54622	0.30931	0.11729	0	0.02719
V469	0.02666	0.32531	0.06103	0.2677	0.3193
V470	0.83254	0.05839	0.03165	0.06073	0.01669
V471	0.38126	0.2982	0.03294	0.13447	0.15313
V472	0.0079	0.01107	0.0355	0.09014	0.8554
V473	0.03404	0.21562	0.2529	0.29834	0.1991
V474	0.29554	0.13883	0.06644	0.41988	0.07931
V475	0.15563	0.03031	0.60387	0.03164	0.17855
V476	0.15774	0.02761	0.10676	0.59065	0.11723
V477	0.06777	0.89749	0.02684	0.00649	0.00141
V478	0.15671	0	0	0.07341	0.76988
V479	0.83321	0.05839	0.03969	0.05302	0.01568
V480	0.14521	0.64914	0.06668	0.10125	0.03771
V481	0.24238	0.37011	0.06988	0.1708	0.14682
V482	0.12221	0.66988	0.19561	0	0.0123
V483	0.31111	0.53279	0.00791	0.09246	0.05572
V484	0.22224	0.51564	0.12684	0.11296	0.02232
V485	0.65814	0.08073	0.12644	0.10235	0.03233
V486	0.06226	0.06364	0.2922	0.04532	0.53657
V487	0.1355	0.13096	0.43192	0.27368	0.02794
V488	0.40867	0.06843	0	0.32481	0.19809
V489	0.00963	0.23372	0.67606	0.06063	0.01995
V490	0.00487	0.02118	0.76845	0.18226	0.02324
V491	0.04594	0.44929	0.05389	0.11405	0.33682
V492	0.03446	0.14681	0.03479	0.69058	0.09336
V493	0.01473	0	0.00638	0.87576	0.10313
V494	0.32518	0	0.01697	0.52607	0.13177
V495	0.33065	0.22133	0.22543	0.15242	0.07017
V496	0.12328	0.011	0.04895	0.07088	0.74589
V497	0.09286	0.01666	0.14314	0.14113	0.60621
V498	0.08976	0.83525	0.03911	0.01254	0.02333
V499	0.04361	0.21456	0.25989	0.08637	0.39556
V500	0.11713	0.49193	0.11957	0.19795	0.07343
V501	0.07376	0.301	0.01495	0.0614	0.54888
V502	0.14057	0.77697	0.05368	0.02779	0.00099
V503	0.44175	0.01311	0.21892	0.13703	0.18919
V504	0.46099	0.19876	0.00596	0.02585	0.30844
V505	0.61181	0	0.02434	0.09122	0.27263
V506	0.04046	0.50115	0.07126	0.0408	0.34632
V507	0.8451	0	0.0357	0.07714	0.04206
V508	0.04322	0.62332	0.21881	0.04039	0.07427
V509	0.06387	0.45764	0.14759	0.18305	0.14785
V510	0.40107	0.50071	0.05492	0.03379	0.00951
V511	0.0677	0.31299	0.51808	0.03356	0.06769
V512	0.15291	0.45325	0.18177	0.05225	0.15983
V513	0.17426	0.66881	0.08336	0.04162	0.03196
V514	0.00596	0	0.21296	0.09474	0.68634
V515	0.07799	0.13566	0	0.71656	0.06979
V516	0.16522	0.37186	0.11913	0.30419	0.0396
V517	0.01676	0.03051	0.05453	0.80925	0.08895
V518	0.41859	0.0204	0.34234	0.17282	0.04585
V519	0.78974	0.06522	0.00805	0.11496	0.02203
V520	0.08889	0.8245	0.03143	0.05144	0.00374
V521	0.21018	0	0.14409	0.58703	0.0587
V522	0.04791	0.20076	0.58044	0.12041	0.05049
V523	0.14423	0.06365	0.75535	0.02896	0.0078
V524	0.33212	0.03502	0.57233	0	0.06053
V525	0.01848	0.1788	0.02897	0.07948	0.69428
V526	0.03638	0.04888	0.86722	0.01231	0.03521
V527	0.08923	0.47978	0.40032	0.00933	0.02134
V528	0.15364	0	0.02011	0.75393	0.07231
V529	0.20553	0.04099	0.74178	0	0.0117
V530	0.01492	0.03999	0.87913	0.0368	0.02917
V531	0.17708	0.50807	0.09727	0.02752	0.19006
V532	0.0656	0.24976	0.29615	0.02787	0.36062
V533	0.24704	0	0	0.06231	0.69066
V534	0.12887	0.06894	0	0.70669	0.0955
V535	0.80755	0.12807	0.057	0	0.00738
V536	0.12301	0.17448	0.38821	0.04475	0.26955
V537	0.01739	0.00068	0.00978	0.09286	0.87929
V538	0.60692	0.10907	0.00524	0.03751	0.24127
V539	0.01331	0.15742	0.66107	0.09072	0.07748
V540	0.1649	0.46286	0.09684	0.05932	0.21608
V541	0.04218	0.3825	0.02564	0.06906	0.48062
V542	0.04573	0.34527	0.121	0.39263	0.09537
V543	0.06154	0.11259	0.68312	0.04247	0.10028
V544	0.33485	0.19116	0.18867	0.06826	0.21706
V545	0.60846	0.37512	0.01441	0	0.00201
V546	0.08218	0.75722	0.09371	0.01305	0.05384
V547	0.10392	0.76416	0.01379	0.0879	0.03023
V548	0.01035	0.0645	0.00842	0.82287	0.09387
V549	0.00217	0	0.01552	0.21496	0.76735
V550	0.06079	0.81761	0.10405	0.01023	0.00732
V551	0.0163	0	0	0.88706	0.09663
V552	0.20432	0	0.014	0.09249	0.68918
V553	0.78013	0.00756	0.02091	0.12802	0.06337
V554	0.10688	0.05316	0.51228	0.28887	0.03881
V555	0.06557	0.87662	0.02535	0.00811	0.02435
V556	0.08084	0.04877	0.0599	0.69023	0.12026
V557	0.30971	0.25528	0.04117	0.31601	0.07783
V558	0.00498	0.03312	0.79516	0.12993	0.03682
V559	0.10504	0.42151	0.44293	0.0015	0.02903
V560	0.61187	0.24743	0.14071	0	0
V561	0.70271	0	0.1449	0.0072	0.14519
V562	0.11518	0.03816	0.15302	0.12702	0.56663
V563	0.21286	0.25942	0.21344	0.11041	0.20387
V564	0.34393	0.01512	0.06229	0.3336	0.24507
V565	0.00263	0	0.00689	0.1236	0.86689
V566	0.29132	0.14221	0.02845	0.30972	0.2283
V567	0.01457	0.02655	0.95178	0	0.00711
V568	0.03215	0.23128	0.4453	0.27132	0.01995
V569	0.62575	0.10102	0.11778	0.10605	0.04939
V570	0.13157	0.02203	0.30067	0.43348	0.11224
V571	0.26261	0	0.25125	0.32384	0.16229
V572	0.83815	0.00099	0	0.00484	0.15602
V573	0.07588	0.06756	0.35542	0.35583	0.14531
V574	0.51236	0.29834	0.08508	0.07535	0.02888
V575	0.34861	0.01433	0.12126	0.07362	0.44218
V576	0.06357	0.83945	0.02381	0.0171	0.05606
V577	0.40098	0.50087	0.04673	0.04114	0.01027
V578	0.0256	0.16612	0.53341	0.20585	0.06902
V579	0.03441	0.50301	0.32449	0.02791	0.11019
V580	0.21367	0.54483	0.02384	0.17982	0.03784
V581	0.06076	0.48348	0.37816	0.06745	0.01016
V582	0	0.06899	0.93076	0	0.00025
V583	0.61574	0.01877	0.35964	0.0054	0.00045
V584	0.21863	0.49501	0.11492	0.03523	0.13622
V585	0.06439	0.74506	0.07707	0.0553	0.05817
V586	0.05447	0.76021	0.1709	0.01442	0
V587	0.06824	0.65656	0.0192	0.04322	0.21279
V588	0.2283	0.40119	0.36804	0	0.00246
V589	0.10481	0.41665	0.05572	0.36703	0.05579
V590	0.06637	0.74817	0.01389	0.02477	0.1468
V591	0.44578	0.49962	0.04719	0	0.00741
V592	0.01406	0.00736	0.77052	0.03502	0.17303
V593	0.422	0.00106	0.00329	0.4751	0.09855
V594	0.00241	0.13675	0.66541	0.13251	0.06292
V595	0.52678	0.04253	0.07176	0.2916	0.06733
V596	0.45471	0.1952	0.21968	0.10004	0.03037
V597	0.02756	0.17141	0.00439	0.15106	0.64557
V598	0.56005	0	0.00067	0.02514	0.41414
V599	0.08228	0.40923	0.10153	0.34493	0.06203
V600	0.27683	0.0087	0.19712	0.36205	0.1553
V601	0.13778	0.09233	0.00374	0.4561	0.31005
V602	0.81296	0.17725	0.00476	0	0.00502
V603	0.123	0.12401	0.02667	0.16201	0.56431
V604	0.01534	0.02686	0.72082	0.09746	0.13953
V605	0.02534	0.04432	0.1246	0.1204	0.68534
V606	0.83104	0	0	0.00543	0.16353
V607	0.15033	0.08907	0.0173	0.07129	0.67201
V608	0.74846	0.01448	0.03623	0.07309	0.12773
V609	0.18648	0.31711	0.01705	0.3674	0.11197
V610	0.09743	0.65608	0.01932	0.20265	0.02452
V611	0.26795	0.03592	0.6302	0.009	0.05692
V612	0.3698	0.04605	0.31887	0.02142	0.24385
V613	0.39666	0.53429	0.04772	0.01992	0.00141
V614	0.51758	0.0237	0.0167	0.08645	0.35557
V615	0.00918	0.09082	0.13823	0.54375	0.21803
V616	0.66391	0.00059	0.1635	0.1209	0.0511
V617	0.22182	0.07347	0.47765	0.08401	0.14305
V618	0.71104	0.09228	0.07092	0.0075	0.11826
V619	0.53251	0.03767	0.15961	0.01457	0.25564
V620	0.04083	0.02679	0.37943	0.50172	0.05124
V621	0.1367	0.21134	0.29751	0.02244	0.33202
V622	0.02158	0.19573	0.34792	0.0398	0.39497
V623	0.06632	0	0.00258	0.66554	0.26556
V624	0.90095	0	0.00713	0.01025	0.08167
V625	0.00777	0.0635	0.10295	0.74567	0.0801
V626	0.07057	0.03345	0.57876	0.2702	0.04701
V627	0.10036	0.13715	0.11492	0.07319	0.57438
V628	0.94705	0.02077	0.0108	0.01144	0.00994
V629	0.12412	0.24152	0.61941	0.00931	0.00565
V630	0.0175	0.15862	0.02032	0.08956	0.714
V631	0	0	0.26462	0.06953	0.66585
V632	0.0656	0.73799	0.02097	0.04313	0.13232
V633	0.05101	0	0.09213	0.50556	0.3513
V634	0.39771	0.44682	0.15547	0	0
V635	0.03677	0.08713	0.18116	0.0725	0.62245
V636	0.19806	0.17092	0.32564	0.17281	0.13257
V637	0.21202	0.01543	0.43375	0.22826	0.11054
V638	0.08534	0.44597	0.02773	0.09858	0.34239
V639	0.50678	0.40327	0.08512	0	0.00482
V640	0.1069	0.17695	0.08337	0.23374	0.39905
V641	0.10927	0.70622	0.03579	0.11668	0.03204
V642	0.7374	0.03851	0.00647	0.19665	0.02096
V643	0.07091	0.82561	0.07932	0.02333	0.00083
V644	0.05583	0.44215	0.03067	0.40205	0.0693
V645	0.16731	0.73102	0.02818	0.06887	0.00462
V646	0.14097	0.53054	0.04029	0.20498	0.08322
V647	0.93804	0.00094	0.00941	0.03968	0.01193
V648	0.4357	0.11024	0.00356	0.26051	0.18999
V649	0.25439	0.08039	0.07739	0.12772	0.46011
V650	0.02227	0	0.06234	0.83242	0.08297
V651	0.14801	0.21985	0.00041	0.57978	0.05195
V652	0.36808	0	0.03743	0.52981	0.06468
V653	0.34692	0.00834	0.05558	0.50024	0.08891
V654	0.03049	0.05782	0	0.12787	0.78383
V655	0.1575	0.05859	0.32288	0.41922	0.0418
V656	0.10106	0	0	0.15005	0.74889
V657	0.04921	0.4881	0.03978	0.29233	0.13058
V658	0.02677	0.02153	0.03029	0.58471	0.3367
V659	0.01508	0.01785	0.08198	0.74512	0.13997
V660	0.06506	0.31312	0.02316	0.07966	0.519
V661	0.05875	0.64188	0.02687	0.15904	0.11346
V662	0.04462	0.40933	0.02663	0.04644	0.47299
V663	0.97258	0.00705	0.01245	0	0.00792
V664	0.01668	0	0.11625	0.38733	0.47975
V665	0.04305	0.61932	0.22043	0.07354	0.04366
V666	0.10704	0.82826	0.05523	0.00948	0
V667	0.047	0.5389	0.27138	0.08906	0.05365
V668	0.62328	0.2481	0.05796	0.04337	0.02729
V669	0.45399	0.31382	0.03395	0.08058	0.11766
V670	0.1028	0.60593	0.05698	0.04523	0.18905
V671	0.76852	0.00241	0.2065	0.01273	0.00983
V672	0.08842	0.05993	0.09115	0.30425	0.45626
V673	0.00854	0.00127	0	0.16647	0.82372
V674	0.35759	0.10518	0.50348	0	0.03375
V675	0.68242	0	0.0427	0.1393	0.13558
V676	0.25105	0.10651	0.5038	0	0.13864
V677	0.04871	0.27606	0.23365	0.35009	0.09149
V678	0.05452	0.29091	0.01488	0.07895	0.56074
V679	0.00859	0.02005	0.48603	0.43888	0.04646
V680	0.15598	0	0.01455	0.3446	0.48488
V681	0.52244	0.03038	0.04411	0.27969	0.12338
V682	0	0.0393	0.9607	0	0
V683	0.06692	0.18571	0.63485	0	0.11252
V684	0.06005	0	0.0066	0.8468	0.08654
V685	0.00465	0.039	0.8555	0.08547	0.01537
V686	0.27966	0.60702	0.08201	0.01663	0.01468
V687	0	0.01358	0.61277	0.32726	0.04639
V688	0	0.03537	0.94557	0	0.01906
V689	0.49022	0.05427	0.20648	0.09668	0.15235
V690	0.11542	0.82062	0.03138	0.02371	0.00887
V691	0.14178	0.13401	0.05056	0.58642	0.08722
V692	0.06988	0.01543	0.01367	0.73046	0.17055
V693	0.03248	0.49969	0.43633	0.02412	0.00738
V694	0.08955	0.19831	0.04242	0.54732	0.1224
V695	0.11767	0.0972	0.14236	0.06447	0.5783
V696	0.11831	0.0062	0.75718	0.00275	0.11556
V697	0.10129	0.11145	0.33244	0.31508	0.13974
V698	0.01181	0	0.16856	0.07968	0.73995
V699	0.03521	0.00233	0.04919	0.63158	0.28169
V700	0.07648	0.7782	0.08485	0.00714	0.05334
V701	0.01785	0.15823	0.01225	0.08389	0.72778
V702	0.02372	0.1201	0.00651	0.6324	0.21727
V703	0.01671	0.00997	0.02651	0.85	0.0968
V704	0.04037	0.04883	0.38954	0.05278	0.46848
V705	0.93588	0.01941	0.00243	0.00068	0.0416
V706	0.15356	0.15195	0.1692	0.40722	0.11807
V707	0.13594	0.11297	0.07289	0.2712	0.407
V708	0.03856	0.57729	0.38098	0.00317	0
V709	0.00503	0	0.02542	0.09237	0.87719
V710	0.1213	0.02342	0.48105	0.02133	0.35289
V711	0.04634	0	0.01118	0.10032	0.84217
V712	0.05702	0.02871	0.7234	0.16243	0.02844
V713	0.25254	0.42281	0.32171	0.00295	0
V714	0.04078	0	0	0.09103	0.8682
V715	0.01401	0.28697	0.60231	0.08372	0.01299
V716	0.72211	0.1959	0.01732	0.03576	0.02892
V717	0.38447	0.161	0.12586	0.03691	0.29176
V718	0.66924	0.00362	0.28257	0	0.04457
V719	0.39703	0.24152	0.11224	0.10777	0.14144
V720	0.11379	0.02282	0.08494	0.09447	0.68398
V721	0.01993	0	0.03926	0.10169	0.83912
V722	0.02913	0.23919	0.06144	0.45618	0.21404
V723	0.11243	0.22743	0.11962	0.47508	0.06544
V724	0.13651	0.64973	0.05037	0.14541	0.01799
V725	0.02177	0	0	0.09361	0.88462
V726	0.21951	0.48975	0.06264	0.06072	0.16738
V727	0.00464	0.03543	0.94175	0	0.01817
V728	0.78333	0.02014	0.13299	0.05038	0.01317
V729	0.60962	0.12115	0.0303	0.21167	0.02726
V730	0.11782	0.02565	0.40333	0.35957	0.09363
V731	0.00533	0.01086	0.06587	0.83414	0.08381
V732	0.01507	0	0.00675	0.88386	0.09431
V733	0.02624	0.05404	0.90508	0	0.01464
V734	0.49851	0.09171	0.36966	0.02438	0.01575
V735	0.06895	0.14418	0.21373	0.06537	0.50777
V736	0.00958	0.02075	0.00218	0.09348	0.87401
V737	0.96515	0.01505	0.01242	0	0.00738
V738	0.03693	0.42815	0.01954	0.05355	0.46184
V739	0.01881	0.01184	0	0.87594	0.09342
V740	0.20304	0.06638	0.10295	0.06088	0.56675
V741	0.50117	0.01879	0.00247	0.30161	0.17596
V742	0.06982	0.02893	0.54848	0.16439	0.18838
V743	0.02592	0.03231	0.0698	0.15789	0.71407
V744	0.19576	0.06349	0.17943	0.47596	0.08535
V745	0.17	0.01729	0.04968	0.69147	0.07157
V746	0.35702	0.55313	0.04734	0.00431	0.0382
V747	0.02636	0.05168	0.89675	0	0.02521
V748	0.16113	0.20446	0.28242	0.07005	0.28194
V749	0.18594	0.10258	0.12581	0.40518	0.1805
V750	0.74346	0.20526	0.01095	0.03359	0.00674
V751	0.04214	0.37474	0.56271	0.01386	0.00655
V752	0.02339	0.10798	0.01918	0.08662	0.76282
V753	0.54121	0.05376	0.25118	0.02215	0.1317
V754	0.12223	0.33809	0.01085	0.47899	0.04984
V755	0.24024	0.70243	0.05115	0	0.00618
V756	0.02198	0.08908	0.01885	0.12263	0.74745
V757	0.17438	0	0.10413	0.65544	0.06605
V758	0.07757	0.44877	0.00629	0.42168	0.0457
V759	0.082	0.01248	0.09359	0.07106	0.74087
V760	0.07314	0.02264	0.21179	0.25876	0.43367
V761	0.06203	0.26292	0.67018	0	0.00488
V762	0.01436	0.03359	0.1745	0.38712	0.39043
V763	0.03276	0.24599	0.00634	0.06763	0.64728
V764	0.11438	0.06088	0.08878	0.65983	0.07614
V765	0.16725	0.03423	0.66153	0.03843	0.09856
V766	0.08143	0.4749	0.25139	0.05156	0.14073
V767	0.27084	0.47099	0.07081	0.04917	0.13819
V768	0.07824	0.80566	0.06205	0.04418	0.00988
V769	0.75	0.01036	0.19444	0	0.04519
V770	0.31377	0.01397	0.52342	0.13289	0.01595
V771	0.08189	0.70595	0.01981	0.08876	0.1036
V772	0.04686	0.04388	0.90926	0	0
V773	0.02154	0	0	0.21332	0.76514
V774	0.15287	0.00555	0.53924	0.01306	0.28928
V775	0.9122	0	0.02306	0.0395	0.02524
V776	0.35291	0.42838	0.16783	0.02036	0.03051
V777	0.21694	0.38188	0.25425	0.09276	0.05417
V778	0.52506	0.05828	0.01035	0.20418	0.20212
V779	0.0745	0.41293	0.49173	0.00734	0.0135
V780	0.01509	0.02718	0.95773	0	0
V781	0.17627	0.298	0.17619	0.02316	0.32637
V782	0.22291	0.22604	0.02001	0.04716	0.48388
V783	0	0.00994	0.63298	0.04385	0.31323
V784	0.04884	0.6134	0.01136	0.22291	0.10349
V785	0.70359	0.14398	0.00078	0.08439	0.06726
V786	0.17012	0.20956	0.01579	0.53194	0.07259
V787	0.14484	0.5958	0.00971	0.17004	0.07961
V788	0.36975	0.4167	0.07725	0.00406	0.13224
V789	0.01652	0.15236	0.00539	0.38849	0.43724
V790	0.27691	0.22232	0.06398	0.12197	0.31482
V791	0.17663	0.21294	0.07398	0.19671	0.33974
V792	0.93406	0.01995	0.02604	0	0.01996
V793	0.32248	0.2653	0.05655	0.09868	0.25699
V794	0.01406	0.00471	0.09827	0.2116	0.67135
V795	0.14222	0.80167	0.03071	0.00997	0.01543
V796	0.29637	0.4167	0.11618	0.13023	0.04052
V797	0.12285	0	0	0.09126	0.78589
V798	0.13744	0.49847	0.01365	0.09536	0.25508
V799	0.03503	0.16748	0.05282	0.63095	0.11371
V800	0.02364	0	0.00765	0.17704	0.79168
V801	0.38567	0.00175	0.13254	0.41076	0.06928
V802	0.03721	0.17788	0.01229	0.0789	0.69372
V803	0.30988	0.02774	0.00433	0.57789	0.08017
V804	0.20136	0.16738	0.2108	0.34032	0.08015
V805	0.14601	0.14031	0.44905	0.15317	0.11146
V806	0.46927	0.01094	0.2034	0.06711	0.24928
V807	0.71663	0	0.0673	0.04668	0.16939
V808	0.83664	0.00057	0.05293	0	0.10986
V809	0.20153	0.59544	0.0317	0.0378	0.13354
V810	0.02783	0.04974	0.03809	0.45081	0.43354
V811	0.04975	0.08011	0.01822	0.15579	0.69613
V812	0.04457	0.64564	0.20163	0.07288	0.03528
V813	0.03405	0.20419	0.21265	0.04483	0.50427
V814	0.20312	0.55016	0.07416	0.13936	0.0332
V815	0.23285	0.66968	0.04148	0.04619	0.0098
V816	0.04232	0.51717	0.01669	0.3582	0.06562
V817	0.79857	0.03411	0.15882	0.00584	0.00266
V818	0.04104	0.19922	0.35328	0.05703	0.34943
V819	0.94176	0.02016	0.01836	0.01066	0.00906
V820	0.07875	0.36985	0.13055	0.3573	0.06354
V821	0.00402	0	0	0.09719	0.89879
V822	0.19316	0.00692	0.01351	0.71871	0.06771
V823	0.04436	0.06913	0.21895	0.05542	0.61214
V824	0.06496	0.00957	0.01678	0.08355	0.82514
V825	0.14589	0.0148	0.67365	0.15571	0.00995
V826	0.03616	0.03289	0.92126	0.00924	0.00045
V827	0.34742	0.15396	0	0.35784	0.14077
V828	0.2342	0.13452	0.10584	0.0851	0.44035
V829	0.08654	0.08196	0.31137	0.18129	0.33884
V830	0.14273	0.02401	0.69936	0.01742	0.11649
V831	0.05302	0.71844	0.06142	0.13335	0.03377
V832	0.19541	0	0.06355	0.25311	0.48793
V833	0.19454	0.74235	0.02083	0.00407	0.03821
V834	0.73213	0.14386	0.03946	0.01723	0.06733
V835	0.25393	0.29161	0.09705	0.24876	0.10865
V836	0.37366	0.07731	0.45732	0.08002	0.01169
V837	0.05992	0.79197	0.02955	0.04472	0.07384
V838	0.00163	0	0.08311	0.8231	0.09216
V839	0.03452	0.01119	0.06865	0.08156	0.80408
V840	0.93285	0.00886	0.03303	0.00992	0.01533
V841	0.21539	0.03139	0.74971	0	0.00352
V842	0.53044	0.04694	0.21886	0.17445	0.0293
V843	0.45119	0	0.15172	0.08227	0.31481
V844	0.01491	0.1831	0.76305	0.01375	0.0252
V845	0.02442	0	0	0.5906	0.38498
V846	0.10376	0.02369	0.09475	0.11533	0.66246
V847	0.19439	0	0.0458	0.16149	0.59832
V848	0.73012	0.03286	0.00537	0.0842	0.14744
V849	0.13249	0.05866	0.71335	0.00101	0.09448
V850	0.21039	0.02915	0.29976	0.15606	0.30464
V851	0.97226	0.00583	0.00376	0	0.01815
V852	0.23234	0.04905	0.07832	0.18919	0.4511
V853	0.03251	0.1331	0.61801	0.12608	0.09031
V854	0.05305	0.33878	0.25207	0.08822	0.26788
V855	0.11235	0.38767	0.10037	0.28777	0.11184
V856	0.15906	0.37529	0.05831	0.03182	0.37551
V857	0.07606	0.03541	0.17571	0.40981	0.30301
V858	0.03421	0.34172	0.19685	0.20321	0.224
V859	0.13581	0.00594	0.02218	0.72918	0.10689
V860	0.04357	0.14567	0.07086	0.61833	0.12157
V861	0.14545	0.0193	0.13834	0.63345	0.06347
V862	0.05877	0	0.01295	0.15448	0.77381
V863	0.06487	0.86397	0.0326	0.01421	0.02435
V864	0.03459	0.01896	0.89378	0.04943	0.00324
V865	0.07943	0.01533	0.6649	0.22446	0.01588
V866	0.02792	0.05997	0.65812	0.21173	0.04225
V867	0.55661	0.0215	0.00225	0.02365	0.396
V868	0.23069	0.23012	0.41482	0.09556	0.02881
V869	0.00894	0	0.01283	0.09961	0.87862
V870	0.27054	0.1661	0.08294	0.23891	0.24152
V871	0.03478	0.03353	0.09684	0.14546	0.68939
V872	0.39152	0.04056	0.01163	0.46091	0.09539
V873	0.06418	0.32805	0.16007	0.34724	0.10046
V874	0.08626	0.02856	0.00086	0.08791	0.79642
V875	0.01733	0.17893	0.02369	0.47096	0.30908
V876	0.4603	0.0525	0.05787	0.03768	0.39165
V877	0.23335	0.62204	0.04931	0.07538	0.01992
V878	0.05062	0.6764	0.05316	0.18881	0.031
V879	0.91022	0.04548	0.01783	0.01096	0.01552
V880	0.08092	0.07012	0.02838	0.42025	0.40032
V881	0.00773	0.00486	0.53156	0.03302	0.42282
V882	0.05896	0.48043	0.02384	0.40204	0.03473
V883	0.5059	0.17968	0.01413	0.17007	0.13021
V884	0.00143	0	0	0.1047	0.89388
V885	0.1632	0.06649	0.39989	0.11567	0.25475
V886	0	0	0.02272	0.25811	0.71918
V887	0.10736	0.831	0.02379	0.00675	0.0311
V888	0.06216	0.10153	0.06046	0.65064	0.12522
V889	0.13141	0.77733	0.05316	0.02252	0.01558
V890	0.03324	0.00624	0.14926	0.62423	0.18703
V891	0	0.06837	0.92658	0.00376	0.00129
V892	0.58459	0.24072	0.02414	0.00764	0.14291
V893	0.14605	0.18845	0.52428	0.0694	0.07182
V894	0.10968	0.52559	0.05754	0.23833	0.06885
V895	0.68472	0.00557	0.29571	0.00576	0.00824
V896	0.21452	0.22711	0.25152	0.27865	0.0282
V897	0.0015	0	0.04077	0.7418	0.21593
V898	0.37096	0	0.00575	0.06375	0.55954
V899	0.55643	0.31613	0.0917	0	0.03574
V900	0.25976	0.23768	0.29081	0.1758	0.03595
V901	0.6681	0.05457	0.0052	0.16921	0.10291
V902	0.8456	0.04774	0.02343	0.02862	0.05461
V903	0.28128	0.07193	0.07569	0.48455	0.08655
V904	0.71553	0.09959	0.16574	0	0.01913
V905	0.0342	0.30935	0.07038	0.3176	0.26847
V906	0.14824	0.04656	0.4737	0.08092	0.25057
V907	0.70876	0.1145	0.07245	0.05095	0.05334
V908	0.03698	0.33856	0.05524	0.46565	0.10357
V909	0.02282	0.11285	0.01594	0.6939	0.15449
V910	0.66575	0.17289	0.01562	0.05699	0.08874
V911	0.04295	0.25651	0.52614	0.01308	0.16133
V912	0.03181	0.00557	0.15206	0.11981	0.69075
V913	0.14566	0.01614	0.07727	0.63815	0.12278
V914	0.76634	0.03528	0.01378	0.11401	0.07059
V915	0.18736	0.16603	0.0513	0.05292	0.54239
V916	0.7849	0.01831	0.12226	0.00026	0.07427
V917	0.42962	0.02844	0	0.04953	0.49242
V918	0.58191	0.14531	0.2306	0.01844	0.02374
V919	0.42928	0.16481	0.01285	0.26297	0.13009
V920	0.19025	0	0.12636	0.62128	0.06211
V921	0.1885	0.17223	0.11434	0.03848	0.48645
V922	0.03478	0.01356	0.70267	0.00999	0.239
V923	0.15535	0.45844	0.02786	0.06824	0.29012
V924	0.51224	0.11034	0	0.23947	0.13794
V925	0.14432	0.11986	0.49437	0.15046	0.09099
V926	0.01773	0.00083	0.00158	0.10076	0.8791
V927	0.5282	0.25645	0.12125	0.0735	0.02059
V928	0.1229	0.26137	0.22734	0.17513	0.21326
V929	0.06103	0.24649	0.006	0.06336	0.62312
V930	0.06687	0	0.05446	0.07879	0.79988
V931	0.47645	0.13176	0.01149	0.06218	0.31813
V932	0.05041	0.09888	0.04584	0.32314	0.48173
V933	0.29148	0	0.04716	0.27779	0.38357
V934	0.66366	0.06362	0.27271	0	0
V935	0.5773	0.10977	0.13575	0.05247	0.1247
V936	0.31704	0.06397	0.12429	0.41573	0.07898
V937	0.14519	0.67965	0.10882	0.0351	0.03124
V938	0.09986	0.84885	0.04024	0.01055	0.00051
V939	0.00018	0	0.00679	0.33595	0.65707
V940	0.55904	0.07613	0.08703	0.05646	0.22135
V941	0.02061	0.12003	0.12622	0.45193	0.28121
