Neutrophils	Monocytes_CD14.CD16.	Macrophage	T_cells_.CD4..	NK_cells
V1	0.33836	0.11857	0.26731	0.12967	0.14609
V2	0.07006	0.77988	0.05717	0.05022	0.04268
V3	0.07163	0.00933	0.46759	0.41016	0.04129
V4	0.0153	0	0.22238	0.08018	0.68213
V5	0.01722	0	0.04698	0.12426	0.81154
V6	0.35046	0.01071	0.29196	0.21995	0.12693
V7	0.01224	0.02101	0.41493	0.08776	0.46405
V8	0.00479	0.02471	0.90064	0.06176	0.0081
V9	0.06537	0	0.27649	0.60714	0.051
V10	0.47403	0.01609	0.49468	0	0.0152
V11	0.03869	0	0.09333	0.09447	0.77351
V12	0.08473	0	0.2199	0.2976	0.39778
V13	0.13852	0.02682	0.03567	0.40574	0.39324
V14	0.16755	0	0.07172	0.62329	0.13744
V15	0.03908	0.01197	0	0.85199	0.09696
V16	0.59619	0.06337	0.01038	0.3073	0.02276
V17	0.07333	0.21429	0.01245	0.0806	0.61932
V18	0.09761	0.42003	0.27081	0.19151	0.02004
V19	0.03083	0	0	0.13554	0.83363
V20	0	0.00354	0.75681	0.21098	0.02867
V21	0.03233	0.23471	0.1297	0.16591	0.43735
V22	0.84581	0.06701	0.07066	0	0.01652
V23	0.07868	0	0.01507	0.15202	0.75423
V24	0.45349	0.10291	0.01649	0.05289	0.37423
V25	0.03619	0.00665	0.01162	0.40471	0.54082
V26	0.48002	0.19109	0.0622	0.04132	0.22538
V27	0.13047	0.48685	0.18862	0.01215	0.18191
V28	0.04194	0.06561	0.21409	0.599	0.07937
V29	0.01074	0	0.34803	0.5804	0.06083
V30	0.75575	0.09302	0.02724	0.01666	0.10733
V31	0.43184	0.13291	0.00989	0.22302	0.20234
V32	0.9519	0	1e-05	0	0.04809
V33	0.03426	0.1669	0.01221	0.13268	0.65395
V34	0.13072	0.8537	0.01044	0.00463	0.00051
V35	0.1031	0.61417	0.26374	0.01898	0
V36	0.03613	0.14759	0.16338	0.10633	0.54657
V37	0.74177	0	0	0.01309	0.24513
V38	0.12475	0.0166	0.49592	0.19325	0.16948
V39	0.32794	0.01982	0.33937	0.01875	0.29411
V40	0.23475	0.61762	0.01994	0.09078	0.03692
V41	0.06624	0.83665	0.01723	0.00701	0.07288
V42	0.89854	0.01702	0.02043	0	0.06401
V43	0.49613	0.11786	0.3728	0.00942	0.0038
V44	0.03739	0.28123	0.56512	0.00282	0.11344
V45	0.05498	0.66863	0.10078	0.12608	0.04954
V46	0.12601	0.76218	0.07306	0.02373	0.01502
V47	0	0.02173	0.96496	0	0.01331
V48	0.17546	0.11663	0.23264	0.31728	0.15799
V49	0.48262	0.13857	0.24269	0.12351	0.01261
V50	0.01476	0.04155	0.94157	0	0.00212
V51	0.10954	0.24308	0.19674	0.07326	0.37738
V52	0.06921	0.90962	0.01191	0.00712	0.00214
V53	0.0449	0.16908	0.00784	0.71107	0.06712
V54	0.22206	0	0.00562	0.53307	0.23925
V55	0.08787	0	0	0.83002	0.08212
V56	0.08146	0	0	0.73153	0.18701
V57	0.15567	0.11862	0.57832	0.02214	0.12525
V58	0.06757	0	0.12412	0.2098	0.59851
V59	0.89808	0.00065	0.09765	0	0.00361
V60	0.43557	0.19513	0.13176	0.11571	0.12184
V61	0.18913	0	0.02034	0.22691	0.56362
V62	0.06275	0.00377	0.2969	0.14702	0.48955
V63	0.3983	0.24498	0.06321	0.03878	0.25473
V64	0.97213	0	0.02235	0	0.00553
V65	0.1001	0.06463	0.03924	0.59829	0.19774
V66	0.03833	0	0.13961	0.74564	0.07642
V67	0.01309	0	0.32903	0.11445	0.54343
V68	0.47041	0	0.41996	0.026	0.08363
V69	0.61077	0.10504	0.21296	0.00898	0.06226
V70	0.07816	0.71079	0.04812	0.13749	0.02544
V71	0.10864	0.78069	0.04823	0.05239	0.01006
V72	0.05334	0.36623	0.02366	0.05692	0.49984
V73	0.06705	0	0.10042	0.55569	0.27684
V74	0.02933	0.05043	0.00682	0.76005	0.15337
V75	0.48363	0.17848	0.32763	0	0.01027
V76	0.02383	0	0.01476	0.81803	0.14338
V77	0.01404	0.01658	0.93427	0.02922	0.00589
V78	0	0.03067	0.9552	0	0.01412
V79	0.0926	0.37874	0.04103	0.14272	0.34491
V80	0.13547	0.72623	0.00717	0.04743	0.0837
V81	0.00315	0.02356	0.96969	0	0.0036
V82	0.2535	0.15419	0.03032	0.51305	0.04894
V83	0.11038	0.06095	0.02034	0.52561	0.28272
V84	0.09829	0.1336	0.00291	0.08819	0.677
V85	0	0.02247	0.9717	0	0.00583
V86	0.03562	0.24864	0.31941	0.35993	0.0364
V87	0.48074	0	0.04301	0.42699	0.04926
V88	0.31521	0.14405	0.05272	0.1936	0.29441
V89	0.04079	0.10451	0.82566	0.02609	0.00295
V90	0.03159	0.14969	0.05354	0.12952	0.63566
V91	0.0214	0	0.08305	0.81646	0.07909
V92	0.23207	0.00879	0.02371	0.08569	0.64973
V93	0.02385	0.06973	0.16718	0.49774	0.2415
V94	0.05118	0.14263	0.02	0.24667	0.53952
V95	0.07236	0.19862	0.02023	0.12801	0.58078
V96	0.80504	0	0.02193	0.02068	0.15235
V97	0.16127	0.00031	0.04078	0.14307	0.65457
V98	0.06609	0.35603	0.18222	0.12493	0.27073
V99	0.52439	0.12133	0.00209	0.21081	0.14139
V100	0.53993	0.14677	0.0528	0.05323	0.20727
V101	0.07731	0.89593	0.01936	0.0061	0.0013
V102	0.31619	0.22812	0.14144	0.10457	0.20968
V103	0.11579	0	0	0.09463	0.78959
V104	0.06096	0.37967	0.08325	0.05279	0.42333
V105	0.02028	0	0.03214	0.1327	0.81487
V106	0.06521	0.74749	0.15161	0.00524	0.03045
V107	0.04984	0.21473	0.69161	0.03392	0.0099
V108	0.01456	0.17934	0.80604	0	7e-05
V109	0.07173	0.19236	0.05589	0.27577	0.40425
V110	0.18653	0.505	0.19372	0.09538	0.01937
V111	0.2876	0.21945	0.49295	0	0
V112	0.18276	0	0.10434	0.4587	0.2542
V113	0.2289	0	0.09701	0.16755	0.50654
V114	0.588	0.05901	0.05165	0.1653	0.13604
V115	0.88101	0	0	0.00322	0.11577
V116	0.02004	0	0	0.11147	0.86849
V117	0.04682	0.01599	0.8352	0.06941	0.03258
V118	0.0563	0	0	0.83934	0.10436
V119	0.34349	0.00849	0.41738	0.21773	0.01291
V120	0.00606	0.00746	0.8408	0.09905	0.04663
V121	0.20198	0.71977	0.00633	0.00889	0.06302
V122	0.05129	0.37252	0.08773	0.2259	0.26257
V123	0.50403	0.01998	0.07832	0.18806	0.20961
V124	0.21752	0.08694	0.06135	0.22914	0.40506
V125	0.04793	0.44551	0.50006	0	0.0065
V126	0.16062	0.16374	0.22155	0.12297	0.33111
V127	0.27965	0	0.67864	0.03401	0.00769
V128	0.21168	0.75918	0.01591	0	0.01324
V129	0.27221	0.01669	0.27764	0.17387	0.25959
V130	0.05061	0.49302	0.04532	0.21342	0.19763
V131	0.02591	0	0.24443	0.66999	0.05966
V132	0.35757	0	0	0.33608	0.30634
V133	0.00791	0.04192	0.55294	0.09715	0.30008
V134	0.06828	0.02251	0.79778	0.01999	0.09144
V135	0.02224	0.09492	0.73692	0.02527	0.12065
V136	0.98922	0	0.00291	0	0.00786
V137	0.93432	0.01145	0.00472	0.01583	0.03369
V138	0.251	0.11935	0.07881	0.1479	0.40294
V139	0.12983	0	0.16353	0.64463	0.06201
V140	0.02877	0	0.13961	0.08831	0.7433
V141	0.02042	0.21593	0.66612	0.08287	0.01467
V142	0.20806	0	0.32952	0.13686	0.32557
V143	0.02527	0.18409	0.49204	0.13764	0.16096
V144	0.51584	0.21043	0.07335	0.10917	0.09121
V145	0	0.02818	0.94026	0.00795	0.02361
V146	0.05263	0.32896	0.00762	0.3021	0.30869
V147	0.09561	0.06071	0.71041	0.09266	0.04062
V148	0.16636	0.77652	0.01617	0.02474	0.01621
V149	0.02584	0	0	0.83639	0.13777
V150	0.14514	0.18453	0.59718	0	0.07315
V151	0.44953	0	0.00694	0.3919	0.15163
V152	0.02599	0	0.11524	0.71538	0.14339
V153	0.17487	0.17191	0.4695	0.04672	0.137
V154	0.13007	0.57341	0.02773	0.04196	0.22682
V155	0.04843	0	0.13896	0.73732	0.07529
V156	0.10292	0.01043	0.40554	0.15848	0.32264
V157	0.10014	0.02022	0.16946	0.28303	0.42714
V158	0.19137	0	0.44679	0.0589	0.30295
V159	0.13072	0.21769	0.01481	0.55488	0.0819
V160	0.45803	0.14257	0.09783	0.05151	0.25007
V161	0.20638	0	0.05438	0.07316	0.66608
V162	0	0.03322	0.9626	0	0.00418
V163	0.05466	0	0.00335	0.12365	0.81833
V164	0.95032	0.03468	0.015	0	0
V165	0.61978	0.20464	0.09016	0.03828	0.04714
V166	0.06155	0	0.24793	0.55706	0.13346
V167	0.05712	0.63042	0.0224	0.12552	0.16454
V168	0	0.03322	0.9626	0	0.00418
V169	0.07219	0.68043	0.16221	0.06667	0.01851
V170	0.25592	0.37904	0.05964	0.17796	0.12744
V171	0.32244	0.07082	0.38342	0.16211	0.06121
V172	0.18213	0.1951	0.06929	0.0641	0.48938
V173	0.22462	0.08577	0.09379	0.3891	0.20673
V174	0.21172	0	0.36077	0.19754	0.22997
V175	0.08468	0.11843	0.11783	0.19751	0.48155
V176	0.39348	0	0.00137	0.55862	0.04653
V177	0.20164	0.02267	0.60172	0.15663	0.01734
V178	0.28881	0.02861	0.4832	0.1045	0.09487
V179	0.09404	0	0	0.09789	0.80806
V180	0.03037	0	0.33489	0.06289	0.57185
V181	0.07577	0.24397	0	0.10507	0.57519
V182	0.57725	0.22322	0.00528	0.14374	0.05051
V183	0.08678	0.89287	0.01126	0.00013	0.00896
V184	0.33401	0	0.31498	0.30469	0.04631
V185	0.11774	0.46566	0.02623	0.14451	0.24586
V186	0.14406	0.15795	0.02796	0.25739	0.41264
V187	0.09795	0.68833	0.00711	0.18424	0.02237
V188	0.87529	0.00748	0.0363	0.07004	0.01088
V189	0.47168	0.23729	0.03897	0.22908	0.02298
V190	0.41761	0.0449	0.22259	0.03172	0.28317
V191	0.23134	0.21335	0.00419	0.39831	0.15281
V192	0.33317	0.17728	0.13302	0.20306	0.15346
V193	0.07488	0.19444	0.52911	0.04383	0.15774
V194	0.26325	0.02378	0.08527	0.13394	0.49375
V195	0.58617	0.16096	0.25102	0	0.00185
V196	0.01477	0	0.04505	0.1247	0.81547
V197	0.08547	0.86657	0.01005	0.02748	0.01044
V198	0.2373	0.20521	0.03678	0.20679	0.31393
V199	0.7746	0	0.2254	0	0
V200	0.76363	0	0.02489	0.02439	0.18709
V201	0.04854	0	0.01642	0.67418	0.26086
V202	0.94794	0.04383	0	0	0.00823
V203	0.53684	0.24146	0.02944	0.05274	0.13952
V204	0.33138	0.05149	0.03151	0.0524	0.53322
V205	0.11769	0.00342	0.11282	0.12552	0.64056
V206	0.06216	0.09139	0	0.73773	0.10872
V207	0.03908	0.01197	0	0.85199	0.09696
V208	0.16368	0.20704	0.49055	0.04164	0.09709
V209	0.15591	0	0.09052	0.09537	0.65821
V210	0	0.02075	0.96455	0	0.01471
V211	0.15575	0	0.19746	0.08059	0.56621
V212	0.07766	0.74621	0.0818	0.03685	0.05749
V213	0.09981	0	0.05173	0.27365	0.5748
V214	0.03747	0.5401	0.38974	0.00897	0.02372
V215	0.25462	0.20067	0.13883	0.09401	0.31187
V216	0.0618	0.01421	0.32324	0.08477	0.51597
V217	0.02027	0	0.02134	0.78943	0.16896
V218	0.08556	0.17695	0.29867	0.32068	0.11815
V219	0.1399	0.26537	0.40147	0.17517	0.01809
V220	0.20088	0.72923	0.06423	0.00056	0.0051
V221	0.04818	0.0462	0.49431	0.04184	0.36947
V222	0.02798	0	0	0.11594	0.85607
V223	0.54375	0	0.33309	0.10394	0.01921
V224	0.06142	0.52388	0.02786	0.09598	0.29086
V225	0.718	0.14976	0.13224	0	0
V226	0.46291	0.53066	0.00263	0	0.0038
V227	0.11132	0.26092	0.00727	0.53934	0.08116
V228	0.6065	0.00693	0.28809	0.05769	0.04079
V229	0.27772	0.38784	0.27071	0.03322	0.03051
V230	0.02544	0	0	0.11604	0.85853
V231	0.08265	0.59991	0.0645	0.15668	0.09625
V232	0.81083	0	0.18917	0	0
V233	0.06553	0	0.14041	0.1443	0.64975
V234	0.03552	0.37429	0.22208	0.31772	0.05038
V235	0.98882	0	0	0.00765	0.00353
V236	0.0852	0.00426	0.66544	0.17789	0.06721
V237	0.13526	0.06087	0.27393	0.30725	0.22269
V238	0.01983	0	0	0.30352	0.67664
V239	0.08332	0.38477	0.05046	0.17894	0.30251
V240	0.08336	0.82471	0.01674	0.01807	0.05712
V241	0.06933	0.90838	0.01173	9e-04	0.00964
V242	0.04926	0.31336	0.30516	0.25119	0.08103
V243	0.48418	0	0.3381	0.02719	0.15053
V244	0.04768	0.38396	0.19061	0.09424	0.28351
V245	0.06696	0.87728	0.03463	0.01938	0.00175
V246	0.61325	0.25801	0.0295	0.00326	0.09598
V247	0.19765	0.08953	0.63929	0.03992	0.03362
V248	0.11052	0.57853	0.028	0.03144	0.25151
V249	0.25665	0.04229	0.2065	0.11842	0.37614
V250	0.02256	0.02396	0.65035	0.04953	0.25359
V251	0.23354	0.0032	0.09544	0.56624	0.10158
V252	0.02935	0.11042	0.56094	0.14568	0.1536
V253	0.30249	0.56293	0.08693	0.03343	0.01422
V254	0.52489	0.38664	0.00082	0.06872	0.01893
V255	0.83014	0.0626	0	0.01577	0.09149
V256	0.06151	0.73436	0.02329	0.02289	0.15796
V257	0.44844	0.28861	0.15036	0.03022	0.08237
V258	0.17915	0.32281	0.05129	0.40748	0.03928
V259	0.53867	0.2626	0.18216	0	0.01658
V260	0.2604	0.00425	0.10301	0.11978	0.51257
V261	0.02763	0.0106	0.52339	0.27871	0.15967
V262	0.93671	0.00322	0.05486	0	0.0052
V263	0.82275	0.06636	0.01214	0.09329	0.00546
V264	0.08495	0.8613	0.01789	0.03315	0.00271
V265	0.8445	0.06843	0.08051	0.002	0.00455
V266	0.02237	0	0.06984	0.11252	0.79528
V267	0.05519	0	0	0.20507	0.73974
V268	0.21018	0.42259	0.14613	0.16107	0.06004
V269	0.09954	0.31798	0.36657	0.17124	0.04468
V270	0.06438	0	0.03174	0.82458	0.0793
V271	0.23097	0.70649	0.01377	0.01798	0.03079
V272	0.11842	0.79605	0.03199	0.01424	0.03929
V273	0.2989	0	0.18246	0.31891	0.19974
V274	0.10228	0.01176	0.03394	0.23177	0.62025
V275	0.06338	0.68964	0.15304	0.07454	0.01939
V276	0.01072	0.01118	0.71889	0.2135	0.04571
V277	0.36581	0	0.60767	0	0.02651
V278	0.01551	0.0244	0.35062	0.435	0.17448
V279	0.15949	0	0.00879	0.71048	0.12124
V280	0.20932	0.00147	0.03756	0.59537	0.15629
V281	0.04557	0.22175	0.04416	0.62509	0.06342
V282	0.07801	0.90074	0.01152	0.00048	0.00925
V283	0.34632	0	0.10398	0.06535	0.48435
V284	0.03019	0.11275	0.52551	0.02666	0.30488
V285	0.51354	0.45988	0.00216	0.0174	0.00703
V286	0.07822	0.02818	0.85727	0.02551	0.01082
V287	0.25529	0.04518	0.17393	0.28636	0.23924
V288	0.20239	0	0.64596	0.00824	0.14342
V289	0.17625	0.21958	0.02335	0.52991	0.05091
V290	0.42486	0.43983	0.13531	0	0
V291	0.42537	0.20398	0.00427	0.33338	0.03299
V292	0.12101	0.00867	0.40513	0.06672	0.39848
V293	0.00095	0.11671	0.82145	0.03828	0.02261
V294	0.01958	0	0	0.11099	0.86943
V295	0.02502	0.01418	0.34212	0.4898	0.12887
V296	0.86814	0.09775	0	0.00208	0.03203
V297	0.01769	0.01373	0.79665	0.11587	0.05605
V298	0.3026	0	0	0.52928	0.16812
V299	0.2804	0	0.00603	0.65709	0.05647
V300	0.99752	0	0	0	0.00248
V301	0.97475	0	0.00083	0.01403	0.01039
V302	0.02077	0	0	0.40954	0.5697
V303	0.11693	0.15121	0.2144	0.18638	0.33109
V304	0.18624	0.03015	0.76208	0	0.02153
V305	0.21563	0.29655	0.09273	0.11533	0.27976
V306	0.32842	0.64474	0.00439	0.00801	0.01443
V307	0.24826	0	0.28559	0.43443	0.03172
V308	0.23814	0.00433	0.68837	0.05911	0.01005
V309	0.66288	0.04469	0.05154	0.11189	0.129
V310	0.04255	0	0.00033	0.16703	0.79008
V311	0.02997	0	0.04109	0.83645	0.09249
V312	0.09509	0.22178	0.24438	0.03852	0.40023
V313	0.07906	0.27758	0.01418	0.30705	0.32213
V314	0.09056	0	0	0.38224	0.5272
V315	0.96087	0	0.00856	0	0.03056
V316	0.12062	0.53862	0.2492	0.02648	0.06507
V317	0.38745	0.07072	0.5243	0	0.01753
V318	0.91075	0	0	0	0.08925
V319	0.10073	0.05986	0.83805	0.00102	0.00034
V320	0.09475	0	0.00079	0.81581	0.08865
V321	0.14572	0.32705	0.31422	0.17749	0.03552
V322	0.01567	0.2514	0.57394	0.04804	0.11094
V323	0.25487	0.2016	0.4439	0.01598	0.08366
V324	0.05723	0.02967	0.04329	0.78659	0.08322
V325	0.64515	0.08949	0.0894	0.10406	0.0719
V326	0.05597	0	0.04715	0.18554	0.71133
V327	0.33355	0.47477	0.11247	0.01657	0.06264
V328	0.06383	0.28607	0.17152	0.42767	0.0509
V329	0.01381	0.04138	0.40909	0.48501	0.05071
V330	0.07678	0.02704	0.84507	0	0.05111
V331	0.13656	0	0.08283	0.14088	0.63973
V332	0.47136	0.03632	0.46711	0	0.02521
V333	0.41933	0.01264	0.32161	0.14801	0.09841
V334	0.04787	0.27656	0.55885	0.06991	0.0468
V335	0.73038	0.0347	0.08634	0.03039	0.11819
V336	0.1686	0.56035	0.26116	0	0.00989
V337	0.0193	0	0.00563	0.21089	0.76418
V338	0.73005	0	0.15987	0.01202	0.09806
V339	0.21421	0.52048	0.18707	0	0.07823
V340	0.04635	0.13245	0.10608	0.10782	0.60731
V341	0.03273	0.47091	0.43287	0.00547	0.05803
V342	0.30179	0.14061	0.46532	0.08956	0.00272
V343	0.69908	0	0.30092	0	0
V344	0.11492	0.73175	0.04704	0.02528	0.08101
V345	0.22345	0.02253	0.00098	0.295	0.45804
V346	0.04821	0.30474	0.32702	0.26576	0.05427
V347	0.10144	0.51448	0.02858	0.29045	0.06506
V348	0.02464	0.12764	0.45586	0.22959	0.16227
V349	0.06945	0.2918	0.52946	0.01435	0.09493
V350	0.12545	0.40326	0.08829	0.22064	0.16235
V351	0.18664	0.01748	0.45931	0.29851	0.03807
V352	0.11556	0.52741	0.35253	0	0.0045
V353	0.25479	0.30462	0.03785	0.06677	0.33596
V354	0.56843	0.00305	0.42852	0	0
V355	0.09764	0.00429	0.35697	0.4931	0.048
V356	0.0886	0.02643	0.83665	0.01268	0.03563
V357	0.04686	0.02618	0.50756	0.05645	0.36295
V358	0.04713	0.02018	0.03463	0.81058	0.08748
V359	0.07298	0.1038	0.00671	0.74637	0.07015
V360	0.73396	0.02877	0.09782	0.13302	0.00643
V361	0.34206	0.46945	0.09296	0	0.09553
V362	0.82022	0	0.09679	0	0.08299
V363	0.04524	0.00183	0.00214	0.20162	0.74918
V364	0.05898	0.27467	0.02413	0.41578	0.22644
V365	0.02501	0	0.00642	0.85054	0.11803
V366	0.20947	0.03245	0.61268	0.0551	0.09029
V367	0.23657	0.20447	0.21576	0.16312	0.18008
V368	0.76301	0.06934	0.13292	0	0.03473
V369	0.056	0.63605	0.23986	0.06515	0.00295
V370	0.03758	0.13715	0.12322	0.35532	0.34673
V371	0.0753	0.87344	0.05126	0	0
V372	0.66911	0.05122	0.15637	0.09619	0.02711
V373	0.13049	0.64454	0.13479	0.07949	0.01069
V374	0.1088	0.03868	0.40351	0.41731	0.0317
V375	0.30929	0.00235	0.63097	0.05614	0.00126
V376	0.01491	0	0.38929	0.06457	0.53123
V377	0.10264	0.50014	0.21655	0.1632	0.01746
V378	0.14257	0.52753	0.17907	0.00766	0.14316
V379	0.03277	0	0.09833	0.14095	0.72795
V380	0.03133	0.03661	0.17665	0.48339	0.27203
V381	0.15057	0.01716	0.00102	0.08763	0.74363
V382	0.4117	0	0	0.29212	0.29618
V383	0.04448	0	0.28793	0.61463	0.05296
V384	0.3067	0.02832	0.17713	0.40342	0.08444
V385	0.09485	0.06497	0.00201	0.09054	0.74763
V386	0.68728	0	0	0.29019	0.02253
V387	0.29128	0.0024	0.00317	0.62265	0.08049
V388	0.07356	0.81999	0.04091	0.05426	0.01129
V389	0.1367	0.75448	0.02289	0.02943	0.0565
V390	0.19104	0	0	0.64664	0.16232
V391	0.72284	0.14331	0	0.06463	0.06922
V392	0.9752	0.01725	0.00731	0	0.00024
V393	0.11439	0.0048	0.15607	0.51332	0.21141
V394	0.7284	0	0.02162	0.14644	0.10354
V395	0.01231	0	0.39674	0.53476	0.05619
V396	0.55278	0.01291	0.43431	0	0
V397	0.69141	0.12615	0.03691	0.09993	0.04561
V398	0.07378	0	0.17311	0.61455	0.13856
V399	0.05562	0.00229	0	0.29349	0.64861
V400	0.17801	0.52484	0.16526	0.12589	0.006
V401	0.32341	0	0.65986	0.01673	0
V402	0.38032	0.01659	0.46544	0.05847	0.07917
V403	0.15515	0.04634	0	0.1788	0.61972
V404	0.01009	0.04517	0.50362	0.36356	0.07755
V405	0.35884	0.25161	0.07538	0.20286	0.11131
V406	0.01446	0.03823	0.92782	0	0.01949
V407	0.91762	0.01932	0.03816	0.02461	0.00029
V408	0.05391	0.35781	0.00815	0.2514	0.32873
V409	0.12311	0	0.06287	0.65156	0.16245
V410	0.13018	0.11108	0.32221	0.07068	0.36586
V411	0.01981	0	0	0.11822	0.86197
V412	0.03574	0.11271	0.12358	0.08937	0.6386
V413	0.04185	0.24253	0.1571	0.34746	0.21106
V414	0.05935	0.06724	0	0.45391	0.41949
V415	0.15316	0	0	0.08823	0.75861
V416	0.11547	0.05893	0.01759	0.18915	0.61886
V417	0.00829	0.01316	0.78404	0.11887	0.07564
V418	0.55097	0.3922	0.02433	0.00392	0.02858
V419	0.24343	0	0.01365	0.16253	0.58039
V420	0.21849	0	0.0918	0.09761	0.59209
V421	0.01507	0	0.11688	0.12148	0.74657
V422	0.0336	0	0.04983	0.68403	0.23254
V423	0.30415	0.18029	0.30495	0.17613	0.03447
V424	0.00794	0	0.47768	0.04905	0.46533
V425	0.33609	0.35847	0	0.02995	0.27549
V426	0.25393	0.17253	0.02085	0.43537	0.11733
V427	0.21474	0.62491	0.15822	0	0.00213
V428	0.11177	0.63592	0.08135	0.08335	0.0876
V429	0.13777	0.77241	0.00781	0.05499	0.02702
V430	0.04019	0.00104	0.4132	0.19943	0.34613
V431	0.12992	0.36484	0.21003	0.22761	0.0676
V432	0.31897	0.04598	0.13282	0.33366	0.16857
V433	0.20368	0	0.54866	0.20809	0.03956
V434	0.24717	0.27341	0.38742	0.00953	0.08248
V435	0.56443	0.03207	0.38404	0.01507	0.00439
V436	0.07874	0.57101	0.10642	0.05839	0.18545
V437	0.19226	0	0.02246	0.20478	0.58051
V438	0.15003	0.29958	0.21028	0.25982	0.0803
V439	0.63221	0	0.04489	0.28702	0.03588
V440	0.0313	0.34669	0.56097	0.01034	0.05071
V441	0.04659	0.53231	0.39222	0.02107	0.00782
V442	0.07785	0.90162	0.01964	0	0.00089
V443	0.96889	0	0.00056	0.02746	0.00308
V444	0.1711	0.43471	0.03564	0.30205	0.0565
V445	0.08647	0.41632	0.04521	0.40258	0.04941
V446	0.12796	0.01355	0.10547	0.54917	0.20385
V447	0.07819	0	0.00549	0.44794	0.46838
V448	0.15881	0	0.00941	0.09919	0.73259
V449	0	0.03322	0.9626	0	0.00418
V450	0.21321	0.06763	0.25381	0.14664	0.3187
V451	0.29001	0.18661	0.06522	0.32327	0.13488
V452	0.02725	0	0.16981	0.69254	0.1104
V453	0.03328	0	0	0.45608	0.51064
V454	0.01131	0.00554	0.68791	0.04229	0.25295
V455	0.0735	0.20475	0.27882	0.07293	0.37
V456	0.95544	0	0	0.00967	0.03489
V457	0.67741	0.19939	0.03776	0.04529	0.04015
V458	0.03348	0.35823	0.5168	0.04682	0.04467
V459	0.15179	0.04059	0.05524	0.47383	0.27854
V460	0.69593	0.02156	0.21337	0.04645	0.0227
V461	0.19564	0.28483	0.24951	0.0306	0.23942
V462	0.06867	0.05944	0.01188	0.49169	0.36832
V463	0.23702	0.04505	0.01237	0.64232	0.06324
V464	0.16507	0.17828	0.65078	3e-04	0.00558
V465	0.05677	0.06638	0.01027	0.10835	0.75824
V466	0.03439	0	0	0.17396	0.79165
V467	0.07789	0.24891	0.02439	0.5121	0.13671
V468	0.56354	0.29631	0.11673	0	0.02342
V469	0.03976	0.31262	0.05929	0.27089	0.31744
V470	0.86169	0.03664	0.02849	0.0628	0.01038
V471	0.39711	0.28366	0.03042	0.13703	0.15178
V472	0.02532	0.00252	0.0357	0.10511	0.83135
V473	0.04667	0.20353	0.25213	0.30025	0.19743
V474	0.31231	0.12266	0.06553	0.42303	0.07647
V475	0.1616	0.01869	0.60539	0.03588	0.17844
V476	0.17464	0.01505	0.10641	0.58978	0.11413
V477	0.06913	0.90962	0.01996	0	0.00129
V478	0.16688	0	0	0.08657	0.74655
V479	0.86232	0.03658	0.03683	0.0548	0.00946
V480	0.15354	0.64726	0.06316	0.09886	0.03718
V481	0.25503	0.35795	0.068	0.17271	0.14632
V482	0.12562	0.66811	0.19513	0	0.01114
V483	0.32528	0.52628	0.00227	0.09178	0.05438
V484	0.23263	0.50936	0.12577	0.11148	0.02076
V485	0.67933	0.06134	0.12702	0.10442	0.02788
V486	0.07401	0.0524	0.28999	0.05574	0.52785
V487	0.1452	0.11935	0.4339	0.27449	0.02706
V488	0.42625	0.04938	0	0.32976	0.1946
V489	0.01107	0.22549	0.68091	0.06058	0.02195
V490	0.00908	0.0139	0.76884	0.18292	0.02526
V491	0.05606	0.43792	0.05148	0.11753	0.33702
V492	0.05207	0.13497	0.03375	0.68874	0.09048
V493	0.03264	0	0.00374	0.86444	0.09918
V494	0.33655	0	0.01217	0.5248	0.12649
V495	0.34251	0.20755	0.22707	0.15399	0.06888
V496	0.13809	0	0.04888	0.08456	0.72846
V497	0.10734	0.00551	0.1422	0.1519	0.59305
V498	0.0929	0.84354	0.03332	0.00673	0.0235
V499	0.05449	0.20175	0.25867	0.09273	0.39236
V500	0.12697	0.4838	0.11807	0.19793	0.07322
V501	0.08628	0.2867	0.01355	0.06953	0.54394
V502	0.14603	0.78283	0.0488	0.02234	0
V503	0.45368	0	0.21792	0.1417	0.1867
V504	0.47644	0.18175	0.0032	0.03068	0.30793
V505	0.61869	0	0.01775	0.09618	0.26738
V506	0.04888	0.49067	0.06884	0.04416	0.34744
V507	0.85855	0	0.02742	0.07875	0.03527
V508	0.04742	0.62019	0.21899	0.03764	0.07575
V509	0.07291	0.44867	0.14682	0.18364	0.14797
V510	0.41719	0.4943	0.05107	0.031	0.00644
V511	0.07087	0.3043	0.52208	0.03339	0.06935
V512	0.16146	0.44377	0.18166	0.05254	0.16057
V513	0.18182	0.66859	0.0804	0.03786	0.03133
V514	0.01849	0	0.2077	0.10714	0.66668
V515	0.0957	0.12295	0	0.71506	0.06629
V516	0.17723	0.36139	0.1183	0.30523	0.03785
V517	0.03587	0.02066	0.05424	0.8032	0.08603
V518	0.43147	0.00367	0.34561	0.17551	0.04374
V519	0.81741	0.04433	0.00403	0.11832	0.01591
V520	0.09279	0.83245	0.02539	0.0463	0.00307
V521	0.22221	0	0.14024	0.58309	0.05447
V522	0.05241	0.19108	0.58377	0.12081	0.05193
V523	0.14641	0.05294	0.76157	0.03022	0.00885
V524	0.33782	0.02067	0.58079	0	0.06072
V525	0.03357	0.16558	0.02839	0.09082	0.68165
V526	0.03686	0.04067	0.86953	0.01496	0.03799
V527	0.09197	0.4742	0.40512	0.00665	0.02206
V528	0.16848	0	0.0166	0.74762	0.06731
V529	0.20752	0.02995	0.74995	0	0.01258
V530	0.01572	0.03237	0.88065	0.03913	0.03213
V531	0.18649	0.4993	0.09517	0.02769	0.19135
V532	0.07422	0.23742	0.29539	0.03371	0.35925
V533	0.25347	0	0	0.07436	0.67217
V534	0.14688	0.05616	0	0.7051	0.09187
V535	0.83604	0.10829	0.05455	0	0.00113
V536	0.13129	0.16223	0.38821	0.0493	0.26897
V537	0.03325	0	0.00875	0.10752	0.85047
V538	0.62534	0.09002	0.00209	0.04229	0.24025
V539	0.01699	0.14806	0.66366	0.09192	0.07936
V540	0.17473	0.45249	0.09512	0.06057	0.21709
V541	0.05352	0.36975	0.02383	0.07568	0.47722
V542	0.05821	0.33485	0.11985	0.3926	0.09448
V543	0.06501	0.10281	0.68572	0.0447	0.10176
V544	0.34637	0.17566	0.18932	0.0719	0.21675
V545	0.62777	0.36325	0.00899	0	0
V546	0.0863	0.76013	0.09041	0.00837	0.05479
V547	0.11001	0.76776	0.00773	0.08462	0.02988
V548	0.02973	0.05404	0.00783	0.81742	0.09098
V549	0.01894	0	0.01392	0.2232	0.74394
V550	0.06257	0.82522	0.10059	0.00422	0.00741
V551	0.03396	0	0	0.87366	0.09238
V552	0.21369	0	0.01123	0.10361	0.67147
V553	0.79695	0	0.01455	0.1309	0.0576
V554	0.11606	0.04281	0.51357	0.28914	0.03843
V555	0.06758	0.88689	0.01879	0.0019	0.02483
V556	0.099	0.03699	0.05937	0.6876	0.11704
V557	0.32601	0.24039	0.03923	0.31879	0.07558
V558	0.00824	0.02566	0.79545	0.13146	0.03919
V559	0.10767	0.41437	0.44817	0	0.02979
V560	0.62795	0.23154	0.14051	0	0
V561	0.70968	0	0.13985	0.00958	0.1409
V562	0.12906	0.02593	0.15226	0.13754	0.5552
V563	0.2235	0.24557	0.2139	0.11343	0.20361
V564	0.35958	0	0.06134	0.33803	0.24105
V565	0.01882	0	0.00551	0.13686	0.83881
V566	0.3075	0.12517	0.02708	0.31442	0.22584
V567	0.01326	0.02038	0.95497	0	0.01139
V568	0.03961	0.22187	0.44747	0.27095	0.02009
V569	0.64636	0.0821	0.11795	0.10806	0.04553
V570	0.14509	0.01067	0.30034	0.43357	0.11033
V571	0.27078	0	0.24654	0.32422	0.15846
V572	0.84253	0	0	0.00789	0.14958
V573	0.08847	0.05576	0.35468	0.35698	0.14411
V574	0.53084	0.28502	0.08359	0.07521	0.02535
V575	0.36136	0	0.1208	0.08286	0.43498
V576	0.06654	0.84679	0.01746	0.012	0.0572
V577	0.41746	0.49427	0.04257	0.03853	0.00716
V578	0.03265	0.15645	0.53469	0.20618	0.07004
V579	0.03838	0.49659	0.32613	0.02678	0.11211
V580	0.22592	0.53893	0.0193	0.17955	0.0363
V581	0.06416	0.47842	0.38192	0.06495	0.01055
V582	0	0.0625	0.93305	0	0.00445
V583	0.62842	0.00039	0.36595	0.00523	0
V584	0.22861	0.48641	0.11332	0.0345	0.13716
V585	0.06896	0.74684	0.07338	0.05171	0.05912
V586	0.05621	0.76479	0.1701	0.0089	0
V587	0.07553	0.65217	0.01432	0.04285	0.21514
V588	0.23291	0.39321	0.37286	0	0.00103
V589	0.11718	0.40733	0.05334	0.36792	0.05423
V590	0.0716	0.74876	0.00801	0.02223	0.1494
V591	0.46146	0.49245	0.04267	0	0.00342
V592	0.0179	1e-05	0.76799	0.04003	0.17407
V593	0.43305	0	0	0.47417	0.09278
V594	0.00653	0.12771	0.66741	0.13338	0.06496
V595	0.54697	0.02308	0.07106	0.29549	0.06339
V596	0.46924	0.18059	0.22189	0.10065	0.02763
V597	0.04311	0.15796	0.00398	0.16076	0.63418
V598	0.564	0	0	0.03256	0.40343
V599	0.09365	0.4	0.10017	0.34532	0.06086
V600	0.28865	0	0.19549	0.36368	0.15219
V601	0.15479	0.0789	0.00294	0.45863	0.30474
V602	0.8409	0.1591	0	0	0
V603	0.13823	0.10993	0.02631	0.17097	0.55455
V604	0.0205	0.01848	0.7198	0.10075	0.14047
V605	0.04076	0.03396	0.1235	0.13234	0.66944
V606	0.83444	0	0	0.00863	0.15693
V607	0.16444	0.07531	0.01716	0.08274	0.66035
V608	0.76732	0	0.03237	0.07661	0.12371
V609	0.20093	0.30401	0.01442	0.37029	0.11035
V610	0.10577	0.65478	0.01455	0.20151	0.02339
V611	0.27251	0.02259	0.63665	0.01102	0.05723
V612	0.37998	0.03009	0.32029	0.02641	0.24323
V613	0.41212	0.52854	0.04322	0.01612	0
V614	0.53434	0.00441	0.01516	0.09436	0.35172
V615	0.02527	0.08016	0.13733	0.54257	0.21467
V616	0.67289	0	0.15892	0.12208	0.04611
V617	0.22921	0.0606	0.47978	0.08726	0.14315
V618	0.73278	0.07286	0.06944	0.00934	0.11557
V619	0.54689	0.01918	0.15995	0.01966	0.25431
V620	0.05408	0.01698	0.37919	0.49984	0.04991
V621	0.14527	0.19818	0.29747	0.02802	0.33107
V622	0.03097	0.18434	0.34612	0.04664	0.39193
V623	0.08266	0	4e-05	0.65887	0.25843
V624	0.91248	0	0	0.01248	0.07504
V625	0.02548	0.05332	0.10262	0.74115	0.07744
V626	0.0788	0.02448	0.57842	0.27093	0.04738
V627	0.11339	0.12369	0.11427	0.08336	0.56529
V628	0.97844	0	0.0055	0.01366	0.0024
V629	0.12581	0.23215	0.62686	0.00877	0.00641
V630	0.03288	0.14565	0.01993	0.10127	0.70027
V631	0.0118	0	0.25883	0.082	0.64737
V632	0.07104	0.73818	0.01546	0.0408	0.13451
V633	0.06628	0	0.08869	0.503	0.34203
V634	0.40902	0.43629	0.15469	0	0
V635	0.05035	0.07587	0.17968	0.08375	0.61035
V636	0.20802	0.15714	0.32697	0.17552	0.13235
V637	0.22198	0.00346	0.43398	0.23068	0.1099
V638	0.09577	0.43382	0.02517	0.10256	0.34268
V639	0.52348	0.39329	0.08281	0	0.00042
V640	0.12129	0.16255	0.08229	0.23941	0.39446
V641	0.1164	0.70705	0.03101	0.11408	0.03146
V642	0.76403	0.01704	0.00289	0.20115	0.01489
V643	0.0731	0.8338	0.07509	0.01747	0.00054
V644	0.06762	0.43377	0.02799	0.40257	0.06804
V645	0.17507	0.73419	0.02279	0.06483	0.00311
V646	0.15197	0.523	0.03666	0.20534	0.08303
V647	0.95478	0	0	0.04143	0.00378
V648	0.45432	0.09141	0.00126	0.26569	0.18732
V649	0.26808	0.06486	0.07692	0.1365	0.45364
V650	0.0393	0	0.05952	0.82189	0.07929
V651	0.16447	0.20608	0	0.58067	0.04878
V652	0.37957	0	0.03268	0.5283	0.05944
V653	0.36168	0	0.053	0.50077	0.08455
V654	0.04741	0.04702	0	0.14081	0.76477
V655	0.17027	0.04631	0.32398	0.41963	0.0398
V656	0.11356	0	0	0.16095	0.72549
V657	0.05986	0.47955	0.03695	0.29307	0.13057
V658	0.04626	0.01127	0.03028	0.58214	0.33005
V659	0.03425	0.00801	0.08158	0.73926	0.13691
V660	0.07748	0.29932	0.02184	0.087	0.51436
V661	0.06686	0.63814	0.02239	0.15828	0.11434
V662	0.05523	0.39673	0.02448	0.05298	0.47059
V663	0.99591	0	0.004	0	1e-04
V664	0.03174	0	0.11229	0.38881	0.46716
V665	0.04741	0.61653	0.22074	0.07081	0.04451
V666	0.11022	0.83657	0.05008	0.00313	0
V667	0.05204	0.53357	0.2726	0.08708	0.05471
V668	0.64551	0.23306	0.05549	0.04296	0.02298
V669	0.47101	0.30023	0.03106	0.08179	0.1159
V670	0.11088	0.60015	0.05341	0.04476	0.1908
V671	0.77932	0	0.204	0.01267	0.004
V672	0.10437	0.04759	0.09042	0.30985	0.44777
V673	0.02499	0	0	0.17723	0.79778
V674	0.3644	0.09077	0.51196	0	0.03287
V675	0.69166	0	0.03588	0.14216	0.1303
V676	0.25726	0.09341	0.5093	4e-04	0.13963
V677	0.06041	0.26484	0.23364	0.35033	0.09078
V678	0.06728	0.27694	0.01367	0.08703	0.55507
V679	0.01952	0.01182	0.48432	0.4381	0.04624
V680	0.16941	0	0.01159	0.34809	0.47091
V681	0.54217	0.01076	0.04283	0.28414	0.1201
V682	0	0.03322	0.9626	0	0.00418
V683	0.06964	0.1757	0.63899	0.00134	0.11434
V684	0.07703	0	0.00392	0.83672	0.08234
V685	0.00631	0.03163	0.85706	0.08689	0.01812
V686	0.29027	0.60518	0.07909	0.01257	0.01289
V687	0.00496	0.00756	0.61229	0.32798	0.04721
V688	0	0.02944	0.94717	2e-05	0.02337
V689	0.50498	0.03615	0.20763	0.10064	0.15059
V690	0.11982	0.82857	0.02531	0.01803	0.00827
V691	0.15863	0.12081	0.04953	0.58661	0.08443
V692	0.0891	0.00452	0.01342	0.72662	0.16634
V693	0.03347	0.49518	0.44153	0.02138	0.00843
V694	0.10577	0.18517	0.04101	0.54789	0.12016
V695	0.1303	0.08433	0.14177	0.07525	0.56836
V696	0.12007	0	0.75679	0.0066	0.11653
V697	0.11344	0.09887	0.33219	0.31668	0.13882
V698	0.02485	0	0.1643	0.09281	0.71804
V699	0.05244	0	0.04713	0.62552	0.27492
V700	0.07996	0.78232	0.0811	0.0022	0.05442
V701	0.03338	0.14517	0.01189	0.09582	0.71375
V702	0.04192	0.10844	0.00571	0.63039	0.21354
V703	0.03659	0.00046	0.02635	0.84289	0.09372
V704	0.05111	0.0384	0.38636	0.06215	0.46198
V705	0.96216	0	0	0.003	0.03484
V706	0.16755	0.13838	0.16931	0.40852	0.11624
V707	0.1513	0.0986	0.07209	0.27659	0.40142
V708	0.03919	0.57554	0.38527	0	0
V709	0.02086	0	0.02382	0.10701	0.84831
V710	0.12937	0.01299	0.47861	0.02908	0.34995
V711	0.06067	0	0.00916	0.11463	0.81555
V712	0.06183	0.01966	0.72562	0.16312	0.02976
V713	0.25889	0.41519	0.32592	0	0
V714	0.055	0	0	0.10548	0.83952
V715	0.01589	0.27922	0.60733	0.08297	0.01459
V716	0.74825	0.1786	0.01308	0.03618	0.02388
V717	0.39759	0.14372	0.1258	0.04181	0.29108
V718	0.67708	0	0.28246	0	0.04046
V719	0.41135	0.22653	0.11197	0.11018	0.13997
V720	0.12869	0.01115	0.08454	0.10632	0.6693
V721	0.03507	0	0.03698	0.11557	0.81238
V722	0.04485	0.22622	0.05996	0.45722	0.21174
V723	0.12684	0.21508	0.11898	0.47558	0.06353
V724	0.14507	0.64831	0.04639	0.14353	0.01671
V725	0.03705	0	0	0.10794	0.85501
V726	0.23045	0.4805	0.05979	0.06113	0.16813
V727	0.00383	0.02943	0.94433	0	0.02242
V728	0.80686	0	0.13389	0.05166	0.00759
V729	0.63281	0.10214	0.02765	0.21514	0.02226
V730	0.1297	0.01433	0.40285	0.36041	0.09271
V731	0.02452	0.00165	0.06565	0.82716	0.08102
V732	0.033	0	0.00412	0.87237	0.0905
V733	0.02532	0.04715	0.90919	0	0.01834
V734	0.511	0.07546	0.37604	0.0246	0.01291
V735	0.08091	0.13133	0.21249	0.0744	0.50088
V736	0.02737	0.01176	0.00294	0.10858	0.84935
V737	0.99419	0	0.00581	0	0
V738	0.04746	0.41566	0.01717	0.05959	0.46012
V739	0.03887	0.00236	0	0.86852	0.09025
V740	0.21564	0.05234	0.10255	0.072	0.55747
V741	0.52018	0	0.00036	0.30697	0.17249
V742	0.07862	0.01961	0.54635	0.16775	0.18767
V743	0.04291	0.02212	0.06955	0.16891	0.69651
V744	0.21089	0.04984	0.17979	0.47661	0.08288
V745	0.18764	0.00506	0.04906	0.6905	0.06774
V746	0.37134	0.54812	0.04304	0.00098	0.03651
V747	0.02597	0.04496	0.90022	0	0.02885
V748	0.17047	0.19061	0.28276	0.07466	0.2815
V749	0.20129	0.08833	0.12521	0.4074	0.17777
V750	0.77074	0.18858	0.00609	0.03377	0.00082
V751	0.04241	0.36835	0.56891	0.0123	0.00803
V752	0.03942	0.09614	0.01913	0.09973	0.74558
V753	0.55558	0.0361	0.25345	0.02476	0.13011
V754	0.13692	0.32669	0.00796	0.4808	0.04763
V755	0.24715	0.70283	0.04652	0	0.0035
V756	0.03858	0.07759	0.01891	0.13494	0.72998
V757	0.18759	0	0.10034	0.65031	0.06176
V758	0.08971	0.44098	0.00297	0.42238	0.04397
V759	0.09723	0.00193	0.09315	0.08467	0.72301
V760	0.08764	0.01161	0.21028	0.26504	0.42543
V761	0.06204	0.25439	0.67713	0	0.00644
V762	0.03009	0.02353	0.17291	0.38978	0.38368
V763	0.04683	0.23219	0.00546	0.07753	0.638
V764	0.13173	0.04869	0.08838	0.65816	0.07304
V765	0.17155	0.02311	0.66492	0.04121	0.0992
V766	0.08834	0.46669	0.25173	0.05124	0.142
V767	0.28253	0.46151	0.06823	0.04906	0.13867
V768	0.08178	0.81225	0.05737	0.03907	0.00954
V769	0.76514	0	0.19421	0	0.04065
V770	0.32101	0	0.53001	0.13437	0.01461
V771	0.08859	0.70494	0.01455	0.08686	0.10505
V772	0.04604	0.03684	0.91553	0	0.00158
V773	0.03723	0	0	0.22155	0.74122
V774	0.15811	0	0.53563	0.01961	0.28665
V775	0.92755	0	0.01384	0.04093	0.01768
V776	0.36536	0.4194	0.16838	0.0181	0.02876
V777	0.22595	0.37187	0.25626	0.09209	0.05383
V778	0.54433	0.03836	0.00827	0.20979	0.19924
V779	0.07604	0.40661	0.49756	0.00534	0.01445
V780	0.0138	0.02099	0.96112	0	0.00409
V781	0.18553	0.28469	0.17595	0.02783	0.326
V782	0.23557	0.2103	0.01875	0.05528	0.4801
V783	0.00381	0.00363	0.62958	0.05131	0.31168
V784	0.05749	0.60893	0.00678	0.22281	0.10399
V785	0.72666	0.12363	0	0.08676	0.06294
V786	0.18665	0.19588	0.01384	0.53369	0.06993
V787	0.15518	0.591	0.00458	0.16966	0.07958
V788	0.38396	0.40566	0.07483	0.0035	0.13205
V789	0.03321	0.13961	0.00471	0.39205	0.43042
V790	0.29066	0.20596	0.0628	0.12721	0.31336
V791	0.19019	0.19731	0.07284	0.20224	0.33742
V792	0.96525	0	0.02146	0	0.01329
V793	0.33597	0.24969	0.05498	0.10259	0.25677
V794	0.0301	0	0.09641	0.2201	0.65339
V795	0.14754	0.80869	0.02473	0.00423	0.01481
V796	0.3092	0.4068	0.11521	0.12995	0.03884
V797	0.13398	0	0	0.10454	0.76147
V798	0.148	0.4884	0.01009	0.09737	0.25614
V799	0.05211	0.15547	0.05169	0.62947	0.11126
V800	0.03941	0	0.0062	0.18742	0.76697
V801	0.39611	0	0.12869	0.41024	0.06496
V802	0.05222	0.16425	0.01181	0.0901	0.68163
V803	0.32776	0.01273	0.00285	0.58061	0.07605
V804	0.21428	0.15314	0.21169	0.34219	0.0787
V805	0.15439	0.12823	0.45056	0.15509	0.11173
V806	0.47957	0	0.20141	0.07235	0.24666
V807	0.72453	0	0.06065	0.05002	0.1648
V808	0.84945	0	0.04564	0	0.10491
V809	0.21169	0.5899	0.02704	0.03651	0.13485
V810	0.04573	0.03895	0.03789	0.4525	0.42493
V811	0.06635	0.06818	0.01831	0.16645	0.68071
V812	0.04889	0.64367	0.20164	0.06985	0.03596
V813	0.04556	0.19183	0.21125	0.05335	0.49801
V814	0.21402	0.5448	0.07133	0.13806	0.03179
V815	0.24214	0.67057	0.03702	0.04223	0.00805
V816	0.05278	0.51039	0.01298	0.35911	0.06474
V817	0.82129	0.01235	0.16076	0.00561	0
V818	0.05017	0.1875	0.35163	0.06298	0.34772
V819	0.97248	0	0.01328	0.01268	0.00156
V820	0.09028	0.35994	0.12954	0.35789	0.06235
V821	0.02004	0	0	0.11147	0.86849
V822	0.20949	0	0.01149	0.71587	0.06314
V823	0.0573	0.05813	0.21736	0.06692	0.60028
V824	0.0813	0	0.01718	0.09857	0.80295
V825	0.15147	0.00425	0.67777	0.15633	0.01017
V826	0.0353	0.02617	0.92328	0.01162	0.00363
V827	0.36483	0.13556	0	0.36165	0.13796
V828	0.24687	0.1185	0.1053	0.09349	0.43584
V829	0.09887	0.0695	0.30935	0.18728	0.335
V830	0.14625	0.01377	0.70175	0.02094	0.1173
V831	0.05888	0.71918	0.05727	0.13103	0.03363
V832	0.20671	0	0.05961	0.25887	0.47481
V833	0.20203	0.74546	0.01494	0	0.03757
V834	0.75692	0.12491	0.03661	0.01815	0.06341
V835	0.2674	0.27837	0.09606	0.2507	0.10747
V836	0.38219	0.06175	0.46536	0.08087	0.00983
V837	0.06414	0.79582	0.02389	0.04089	0.07527
V838	0.01853	0	0.08036	0.81238	0.08873
V839	0.05089	0.00185	0.06839	0.09614	0.78273
V840	0.95478	0	0.02609	0.01124	0.0079
V841	0.21726	0.02012	0.75833	0	0.0043
V842	0.54774	0.02876	0.22075	0.17702	0.02572
V843	0.45695	0	0.14651	0.08789	0.30864
V844	0.01504	0.17534	0.76704	0.01473	0.02786
V845	0.04169	0	0	0.58382	0.37449
V846	0.11884	0.01219	0.09434	0.12697	0.64766
V847	0.20506	0	0.04246	0.17024	0.58225
V848	0.75321	0.01167	0.00204	0.08884	0.14425
V849	0.13549	0.04797	0.71676	0.00395	0.09584
V850	0.22161	0.0158	0.29867	0.16218	0.30175
V851	0.98973	0	0	0	0.01027
V852	0.24637	0.03457	0.07785	0.19724	0.44397
V853	0.0379	0.12358	0.61934	0.12743	0.09175
V854	0.0616	0.32733	0.25204	0.09146	0.26758
V855	0.12421	0.37709	0.09888	0.28864	0.11118
V856	0.16942	0.362	0.05625	0.03667	0.37566
V857	0.09152	0.02401	0.17473	0.41226	0.29749
V858	0.04464	0.33051	0.19603	0.20544	0.22339
V859	0.15254	0	0.02039	0.72454	0.10253
V860	0.06064	0.13363	0.06998	0.61665	0.1191
V861	0.16225	0.00742	0.1384	0.63177	0.06016
V862	0.07314	0	0.01099	0.16601	0.74986
V863	0.06707	0.87351	0.02638	0.00824	0.0248
V864	0.03522	0.01153	0.89582	0.05138	0.00605
V865	0.08592	0.00601	0.66679	0.22469	0.01658
V866	0.03418	0.05121	0.65938	0.2117	0.04353
V867	0.57317	0.00246	0.00017	0.03187	0.39233
V868	0.23823	0.21794	0.41984	0.09578	0.02822
V869	0.02468	0	0.01105	0.11394	0.85033
V870	0.2852	0.14937	0.08209	0.24355	0.23979
V871	0.051	0.02316	0.09613	0.15681	0.6729
V872	0.41059	0.0232	0.01002	0.46464	0.09156
V873	0.07623	0.31687	0.15942	0.34787	0.09961
V874	0.10211	0.01763	0.00135	0.10223	0.77668
V875	0.03404	0.16625	0.02267	0.47252	0.30452
V876	0.47523	0.03438	0.05716	0.04543	0.3878
V877	0.24382	0.62007	0.0451	0.07275	0.01827
V878	0.05746	0.67575	0.04913	0.18709	0.03056
V879	0.94293	0.02203	0.0137	0.01268	0.00867
V880	0.09823	0.05769	0.02803	0.4229	0.39314
V881	0.01603	0	0.52469	0.04204	0.41724
V882	0.0701	0.47373	0.02068	0.40236	0.03312
V883	0.52528	0.16199	0.01123	0.17386	0.12764
V884	0.01733	0	0	0.11879	0.86388
V885	0.17285	0.0541	0.39888	0.12088	0.25329
V886	0.01612	0	0.02081	0.2647	0.69836
V887	0.11135	0.83898	0.0174	0.00096	0.03131
V888	0.07982	0.08967	0.05969	0.64845	0.12236
V889	0.13669	0.78275	0.0484	0.0172	0.01496
V890	0.0498	0	0.14768	0.61969	0.18283
V891	0	0.06155	0.92751	0.00591	0.00502
V892	0.60369	0.22529	0.02072	0.00881	0.14149
V893	0.15157	0.17644	0.52901	0.07034	0.07265
V894	0.12019	0.5182	0.05452	0.23871	0.06838
V895	0.69434	0	0.29654	0.00577	0.00335
V896	0.22614	0.214	0.25373	0.27985	0.02628
V897	0.0193	0	0.03817	0.73254	0.20999
V898	0.3782	0	0.00136	0.07432	0.54612
V899	0.57459	0.30323	0.09006	0	0.03212
V900	0.27002	0.22493	0.29393	0.17658	0.03454
V901	0.69056	0.03428	0.00192	0.17404	0.0992
V902	0.87445	0.02544	0.01992	0.03079	0.0494
V903	0.29771	0.05678	0.07513	0.48714	0.08324
V904	0.73707	0.08064	0.1679	0	0.01439
V905	0.04779	0.2969	0.06873	0.32034	0.26624
V906	0.15669	0.03512	0.47301	0.08603	0.24915
V907	0.73222	0.09543	0.07089	0.05229	0.04917
V908	0.05082	0.32756	0.05329	0.46592	0.10242
V909	0.04132	0.10136	0.01512	0.69094	0.15126
V910	0.6887	0.15496	0.01187	0.05898	0.08549
V911	0.04674	0.24674	0.52818	0.01541	0.16293
V912	0.04605	0	0.14967	0.13173	0.67254
V913	0.16318	0.00398	0.07677	0.63654	0.11952
V914	0.79204	0.01361	0.01051	0.11782	0.06601
V915	0.20015	0.1505	0.05056	0.06277	0.53602
V916	0.80605	0	0.12211	0.0017	0.07014
V917	0.44359	0.01077	0	0.06018	0.48546
V918	0.59845	0.12915	0.234	0.01821	0.02019
V919	0.44822	0.14659	0.01041	0.26707	0.1277
V920	0.20287	0	0.1229	0.61642	0.05781
V921	0.20019	0.15718	0.11379	0.04715	0.48169
V922	0.03955	0.00527	0.70051	0.01632	0.23834
V923	0.16575	0.44718	0.02491	0.07104	0.29112
V924	0.53156	0.08989	0	0.24397	0.13458
V925	0.15231	0.10788	0.4963	0.15208	0.09144
V926	0.03378	0	0.00075	0.11504	0.85044
V927	0.54597	0.24267	0.12125	0.07324	0.01687
V928	0.13419	0.24809	0.22722	0.17788	0.21263
V929	0.07451	0.23251	0.00497	0.07298	0.61503
V930	0.08025	0	0.0517	0.09274	0.77531
V931	0.49301	0.11308	0.00926	0.0682	0.31645
V932	0.06723	0.08636	0.04531	0.32849	0.4726
V933	0.30085	0	0.04261	0.28211	0.37444
V934	0.67836	0.04508	0.27656	0	0
V935	0.59444	0.09161	0.13622	0.05496	0.12277
V936	0.33335	0.04799	0.12434	0.41831	0.07601
V937	0.15148	0.67972	0.10695	0.03095	0.0309
V938	0.1028	0.85862	0.03441	0.00417	0
V939	0.01726	0	0.00505	0.33945	0.63824
V940	0.57622	0.05688	0.08621	0.06107	0.21963
V941	0.03648	0.1085	0.1252	0.45299	0.27683
V942	0.75923	0.22812	0.00716	0.00549	0
V943	0.06409	0.06781	0.05118	0.09429	0.72263
V944	0.36745	0.00628	0.1239	0.45137	0.051
V945	0.05486	0.25315	0.59796	0.03266	0.06136
V946	0.04045	0.47435	0.47836	0	0.00684
V947	0.39375	0	0.02218	0.14812	0.43595
V948	0.09601	0.68082	0.04672	0.10431	0.07213
V949	0.8889	0.08056	0.03054	0	0
V950	0.08893	0	0.02364	0.81052	0.07691
V951	0.33281	0	0	0.49293	0.17427
V952	0.15221	0.01242	0.04745	0.60968	0.17825
V953	0.50425	0.07511	0.00154	0.34889	0.07022
V954	0.2529	0.5141	0.06936	0.06036	0.10328
V955	0.07819	0.00305	0.57908	0.30728	0.03239
V956	0.05588	0.46202	0.10169	0.32906	0.05135
V957	0.12449	0.73302	0.06497	0.05962	0.01791
V958	0.07419	0.82147	0.01671	0.04444	0.04318
