CD56NK	CD4MemoryT	CD19B	CD14
V1	0.55	0	0.13663	0.31336
V2	0.1295	0.0428	0.03082	0.79688
V3	0.05567	0.55336	0.00567	0.38529
V4	0.89773	0.07785	0	0.02442
V5	0.11695	0.43256	0.23888	0.21161
V6	0.08682	0.87122	0.01503	0.02693
V7	0.14046	0.28653	0.06214	0.51087
V8	0.14712	0	0.81061	0.04227
V9	0.22769	0.16734	0.02267	0.5823
V10	0.01622	0	0.91435	0.06943
V11	0.24444	0.32251	0.42772	0.00533
V12	0.02865	0.58421	0.37119	0.01595
V13	0.30385	0.6677	0.00268	0.02578
V14	0.07823	0.91147	0.00371	0.00659
V15	0.12715	0.56048	0.10582	0.20655
V16	0.93411	0.01775	0.01441	0.03373
V17	0.09841	0.86639	0.00827	0.02693
V18	0.62736	0.29411	0.03259	0.04594
V19	0.18383	0.79724	0.00274	0.01619
V20	0.16602	0.38843	0.01087	0.43468
V21	0.14759	0.02071	0.78985	0.04185
V22	0.01285	0.04568	0.1599	0.78157
V23	0.43499	0.01213	0.54661	0.00627
V24	0.96519	0.01061	0.02386	0.00034
V25	0.35743	0.1731	0.10604	0.36343
V26	0.41607	0.32141	0.0116	0.25092
V27	0.08031	0.02074	0.00755	0.8914
V28	0.00194	0.01418	0.98331	0.00057
V29	0.49185	0.00372	0.46703	0.03741
V30	0.0962	0.14964	0.2411	0.51306
V31	0.21044	0.13245	0.26463	0.39249
V32	0.06086	0.00316	0.01531	0.92067
V33	0.04683	0.46882	0.35278	0.13157
V34	0.14654	0.00754	0.8041	0.04181
V35	0.18572	0.7066	0.06932	0.03836
V36	0.0051	0.00871	0.41613	0.57006
V37	0.54827	0.03371	0.07337	0.34465
V38	0.41233	0	0.13475	0.45292
V39	0.18072	0.52533	0.11467	0.17928
V40	0.11445	0.81838	0.06717	0
V41	0.00898	0.61943	0.03185	0.33974
V42	0.20949	0.00468	0.16573	0.62009
V43	0.14949	0.30429	0.50589	0.04033
V44	0.01383	0.03488	0.72731	0.22398
V45	0.10781	0.56831	0.2084	0.11548
V46	0.85068	0.04001	0.10376	0.00555
V47	0.50894	0.13684	0.29473	0.05948
V48	0.84534	0.12746	0.0034	0.02381
V49	0.7644	0.13966	0	0.09594
V50	0.07619	0.84319	0.07498	0.00563
V51	0.35992	0.36005	0.24231	0.03773
V52	0.02634	0.06651	0.86369	0.04347
V53	0.78312	0.08375	0.13312	0
V54	0.48532	0.14192	0.34684	0.02592
V55	0.21198	0.07369	0.20466	0.50966
V56	0.03249	0	0.05576	0.91175
V57	0.11162	0.85712	0.01524	0.01602
V58	0.62033	0	0.02826	0.35141
V59	0.48643	0.3621	0.09295	0.05852
V60	0.12943	0.09508	0.29048	0.48501
V61	0.83403	0.0636	0.00739	0.09498
V62	0.91808	0.01208	0.05529	0.01456
V63	0.02081	0.84238	0.10979	0.02702
V64	0.01088	0.82084	0	0.16828
V65	0.00778	0	0.06664	0.92559
V66	0.2417	0.66074	0.01334	0.08422
V67	0.17893	0.29324	0.51211	0.01571
V68	0.141	0.08806	0.01105	0.7599
V69	0.02604	0.2748	0.63232	0.06684
V70	0.58959	0.0997	0.1591	0.15161
V71	0.16264	0.03192	0.33224	0.4732
V72	0.61085	0.10402	0.07652	0.20862
V73	0.16929	0.59081	0.12663	0.11327
V74	0.06437	0.18953	0.74609	0
V75	0.73174	0	0.16241	0.10585
V76	0.00023	0.11005	0.14459	0.74512
V77	0.03089	0.21587	0.00077	0.75247
V78	0.30776	0.06455	0.15418	0.47351
V79	0.00602	0.05476	0.81897	0.12025
V80	0.39089	0	0.50157	0.10754
V81	0.0633	0.12048	0.80924	0.00697
V82	0.00066	0.03291	0.9576	0.00884
V83	0.12085	0.11492	0.05168	0.71255
V84	0.39142	0.01577	0.13086	0.46195
V85	0.11676	0.26484	0.39066	0.22774
V86	0.04863	0.01651	0.87954	0.05532
V87	0.0386	0.8302	0.04381	0.0874
V88	0.15653	0.02397	0.22516	0.59433
V89	0.0132	0	0.15642	0.83038
V90	0.03132	0.9051	0.04696	0.01661
V91	0.03864	0.74291	0.17862	0.03983
V92	0.49144	0.0012	0.3436	0.16376
V93	0.88821	0.00082	0	0.11097
V94	0.01485	0.36771	0.01092	0.60652
V95	0.28588	0.38306	0.14099	0.19007
V96	0.0586	0.05355	0.01248	0.87537
V97	0.74613	0.06439	0.18398	0.00549
V98	0.73295	0.25205	0	0.015
V99	0.84712	0.01956	0.12771	0.00562
V100	0.08616	0.00359	0.88	0.03025
V101	0.01105	0.00845	0.00102	0.97948
V102	0.95319	0.02694	0.00435	0.01552
V103	0.0071	0.01544	0.064	0.91346
V104	0.03403	0.95545	0.00372	0.0068
V105	0.06635	0.91767	0.00964	0.00635
V106	0.13429	0.49508	0.31844	0.0522
V107	0.21796	0.15246	0.56486	0.06472
V108	0.17614	0.74016	0.0837	0
V109	0.01354	0.10693	0.56971	0.30982
V110	0.06347	0.88006	0.02934	0.02713
V111	0.93685	0	0.05676	0.00639
V112	0.12673	0.02621	0.38415	0.46291
V113	0.18146	0.0568	0.14225	0.61949
V114	0.22663	0.01633	0.05762	0.69943
V115	0.01133	0.76382	0.21904	0.00582
V116	0.15394	0.26253	0.3574	0.22613
V117	0.72945	0.19989	0.0257	0.04496
V118	0.17373	0.524	0.02488	0.2774
V119	0.09822	0.03747	0.0318	0.83251
V120	0.08618	0.03368	0.86178	0.01836
V121	0.62757	0.07806	0.0758	0.21856
V122	0.97469	0	0.00976	0.01556
V123	0.00775	0.43965	0.0307	0.5219
V124	0.69815	0.23566	0	0.0662
V125	0.44289	0.37143	0.16033	0.02536
V126	0.02978	0.09249	0.032	0.84574
V127	0.1544	0.01768	0.21387	0.61405
V128	0.02229	0	0.07921	0.8985
V129	0.641	0.17973	0.14351	0.03576
V130	0.01045	0.66087	0.32285	0.00584
V131	0.02978	0.87313	0	0.09709
V132	0.95585	0	0.02024	0.02391
V133	0.94309	0.00116	0.04076	0.01499
V134	0.10897	0.32532	0.10935	0.45636
V135	0.06617	0.00131	0.13971	0.79281
V136	0.24899	0.33076	0.00554	0.41471
V137	0.69745	0.01131	0.21392	0.07732
V138	0.23113	0.3487	0.1597	0.26047
V139	0.37839	0.14774	0.17141	0.30245
V140	0.02203	0.04748	0.03332	0.89716
V141	0.0649	0.10525	0.5202	0.30965
V142	0.82389	0	0.176	0.00012
V143	0.45698	0.19965	0.05295	0.29042
V144	0.15956	0.09846	0.13661	0.60538
V145	0.00429	0.77114	0.21865	0.00592
V146	0.04294	0	0.01629	0.94076
V147	0.93746	0.00551	0.01427	0.04275
V148	0.13596	0.03598	0.55121	0.27684
V149	0.30353	0.4862	0.20522	0.00505
V150	0.09616	0.19854	0.59766	0.10763
V151	0.22792	0.5863	0.02558	0.1602
V152	0.26537	0.40378	0.20444	0.12642
V153	0.11607	0.7235	0.01309	0.14733
V154	0.28211	0.42312	0.25644	0.03832
V155	0.52764	0.09435	0.25901	0.11901
V156	0.03367	0.09336	0.69875	0.17422
V157	0.33026	0.104	0.28482	0.28092
V158	0.01068	0	0.01255	0.97677
V159	0.90961	0.03705	0	0.05335
V160	0.6861	0	0.04835	0.26556
V161	0.18976	0	0.01843	0.79181
V162	0.06063	0.22981	0.06074	0.64882
V163	0.10252	0.44245	0.15142	0.30361
V164	0.36386	0.24676	0.08893	0.30045
V165	0.00766	0.19882	0	0.79352
V166	0.00693	0.05467	0.04778	0.89062
V167	0.32009	0	0.00176	0.67815
V168	0.32311	0.53734	0.06655	0.073
V169	0.17151	0.02391	0.02377	0.78081
V170	0.10436	0.00213	0.47223	0.42129
V171	0.14822	0.20188	0.59646	0.05344
V172	0.75895	0	0.23521	0.00584
V173	0.02211	0.09399	0.02505	0.85885
V174	0.01364	0.10941	0.05342	0.82354
V175	0.06629	0	0.76608	0.16763
V176	0.01165	0.82322	0.15929	0.00584
V177	0.01416	0.96783	0	0.01802
V178	0.00998	0.72058	0.00104	0.2684
V179	0.15632	0	0.32869	0.51499
V180	0.03472	0.89591	0.06938	0
V181	0.1802	0.08615	0.52261	0.21104
V182	0.3465	0.13331	0.44458	0.07561
V183	0.20855	0.78242	0.00305	0.00598
V184	0.99256	0	0.00694	5e-04
V185	0.61718	0.36852	0.0089	0.0054
V186	0.12998	0.44912	0.25073	0.17016
V187	0.97214	0	0.02125	0.00661
V188	0.05045	0.17074	0	0.77881
V189	0.81821	0.00398	0.01212	0.16569
V190	0.70992	0	0.28421	0.00587
V191	0.21788	0.16523	0.56433	0.05256
V192	0.32719	0.41084	0.03907	0.2229
V193	0.63769	0.00985	0.20618	0.14627
V194	0.04345	0.9257	0.00285	0.02799
V195	0.00849	0.00882	0.97362	0.00906
V196	0.00883	0.03823	0.00411	0.94884
V197	0.39259	0.02133	0.0166	0.56948
V198	0.07127	0.48745	0.36274	0.07854
V199	0.15173	0.00492	0.13865	0.7047
V200	0.13247	0.50505	0.01126	0.35122
V201	0.10534	0.52274	0.17578	0.19614
V202	0.01344	0.0019	0.75168	0.23298
V203	0.19128	0.40139	0.38022	0.02711
V204	0.0082	0.46207	0.00021	0.52952
V205	0.01726	0.02879	0.93449	0.01947
V206	0.05189	0.06144	0.87916	0.00752
V207	0.12094	0.13167	0.03742	0.70997
V208	0.29242	0.03459	0.6565	0.01648
V209	0.33071	0.41553	0.05575	0.19801
V210	0.09681	0.76024	0.0801	0.06285
V211	0.39602	0	0.0225	0.58148
V212	0.56555	0.01473	0.39433	0.02539
V213	0.64657	0.00876	0.08936	0.25531
V214	0.33977	0.10689	0.13937	0.41397
V215	0.27225	0.05505	0.01065	0.66205
V216	0.02712	0	0.01178	0.9611
V217	0.0447	0.4476	0.21404	0.29366
V218	0.10156	0.39304	0.14905	0.35635
V219	0.1114	0.58356	0.00598	0.29906
V220	0.01031	0.79368	0.00117	0.19484
V221	0.79516	0	0.00231	0.20253
V222	0.34557	0.08732	0.33907	0.22803
V223	0.00638	0.09836	0.78781	0.10745
V224	0.98147	0	0.01811	0.00043
V225	0.06539	0.88135	0.04748	0.00579
V226	0.35588	0.05032	0.57784	0.01596
V227	0.82102	0	0.16465	0.01433
V228	0.80743	0.03491	0.05138	0.10628
V229	0.01684	0.00575	0.94538	0.03203
V230	0.00963	0.0075	0.0118	0.97107
V231	0.01372	0.20989	0.08633	0.69006
V232	0.04568	0.58902	0	0.3653
V233	0.60326	0.05085	0.17275	0.17315
V234	0.04303	0.91764	0.02267	0.01666
V235	0.42855	0.03045	0.50281	0.03819
V236	0.04605	0.03747	0.80993	0.10654
V237	0.13992	0	0.01941	0.84067
V238	0.14626	0.53902	0.25114	0.06357
V239	0.06139	0.3286	0.01052	0.59948
V240	0.54007	0.01367	0.3879	0.05836
V241	0.0155	0	0.89065	0.09385
V242	0.14894	0.75409	0.08176	0.01521
V243	0.27166	0.01686	0.6112	0.10028
V244	0.22707	0	0.66152	0.1114
V245	0.65224	0.24086	0.03872	0.06818
V246	0.0615	0.11357	0.7955	0.02943
V247	0.19435	0.00568	0.79984	0.00013
V248	0.01557	0.01036	0.02881	0.94525
V249	0	0.01804	0.88727	0.09469
V250	0.80351	0	0.19067	0.00581
V251	0.96619	0.02236	0.00477	0.00668
V252	0.01365	0.843	0.14335	0
V253	0.36122	0.03503	0.13266	0.47109
V254	0.01348	0.94014	0.03986	0.00651
V255	0.05235	0.89746	0	0.05019
V256	0.20025	0.16948	0.5127	0.11756
V257	0.44445	0.05834	0.20453	0.29267
V258	0.19738	0.21974	0.41184	0.17105
V259	0.0359	0.26525	0.64407	0.05478
V260	0.00155	0.26482	0.72661	0.00702
V261	0.64245	0.00928	0.16856	0.17971
V262	0.08012	0.02692	0.00755	0.88541
V263	0.02292	0.94844	0	0.02864
V264	0.16293	0.01235	0.38111	0.44361
V265	0.02185	0	0.10105	0.8771
V266	0.68888	0.30673	0.0044	0
V267	0	0.12182	0.23921	0.63898
V268	0.3711	0.0039	0.11272	0.51229
V269	0.00884	0.54607	0.38018	0.0649
V270	0.68308	0.00499	0.21303	0.09889
V271	0.82503	0.03471	0.02394	0.11631
V272	0.05989	0.79744	0.00679	0.13587
V273	0.04188	0.00388	0.02214	0.9321
V274	0.71843	0	0.15411	0.12745
V275	0.00071	0.00988	0.97964	0.00977
V276	0.53231	0.27758	0.00638	0.18372
V277	0.02976	0.14526	0.1272	0.69778
V278	0.02856	0.02539	0.23949	0.70656
V279	0.71722	0.02766	0.09046	0.16466
V280	0.01068	0	0.01255	0.97677
V281	0.54673	0.00846	0.11367	0.33114
V282	0.05815	0.03822	0.82266	0.08097
V283	0.22946	0.53368	0.04866	0.18819
V284	0.03214	0.91433	0.04748	0.00605
V285	0.0824	0.00238	0.91491	0.00031
V286	0.27242	0.50935	0.09438	0.12384
V287	0.11007	0.85484	0.00827	0.02683
V288	0.01437	0.22606	0.39864	0.36092
V289	0.3221	0.1726	0.40398	0.10132
V290	0.8605	0.12902	0.01048	0
V291	0.5461	0.03738	0.40157	0.01496
V292	0.93813	0	0	0.06187
V293	0.33428	6e-05	0.61526	0.05041
V294	0.08083	0.29287	0	0.6263
V295	0.01311	0.11841	0.15438	0.7141
V296	0.19862	0.08191	0.6026	0.11687
V297	0.05901	0	0.04712	0.89387
V298	0.34578	0.06623	0.57213	0.01586
V299	0.05994	0.20611	0.00576	0.7282
V300	0	0.00885	0.18375	0.8074
V301	0.12783	0.07314	0.63953	0.1595
V302	0.69355	0.2914	0	0.01505
V303	0.0031	0.58899	0.36735	0.04056
V304	0.05411	0.00616	0.71867	0.22106
V305	0.12323	0.11191	0.43035	0.33451
V306	0.85065	0.05764	0.03802	0.05369
V307	0.02265	0.9507	0.00937	0.01727
V308	0.24034	0.17281	0.27112	0.31573
V309	0.33441	0.24658	0.01675	0.40227
V310	0.07289	0.24742	0.12353	0.55615
V311	0.56133	0.42984	0.00332	0.00551
V312	0.10929	0.73445	0.12937	0.02689
V313	0.00191	0.06723	0.009	0.92186
V314	0.01512	0.40763	0.09032	0.48694
V315	0.12423	0.57289	0.02488	0.278
V316	0.33404	0.08885	0.36092	0.21619
V317	0.09207	0.65996	0.033	0.21496
V318	0.03287	0.48204	0.00528	0.47982
V319	0.06021	0.03228	0.86418	0.04333
V320	0.08032	0.10093	0.64533	0.17342
V321	0.67787	0.31775	0.00438	0
V322	0.18888	0.25231	0.05313	0.50568
V323	0.04062	0.00205	0.06222	0.89511
V324	0.71687	0.20343	0.05548	0.02422
V325	0.34454	0.60676	0.04353	0.00518
V326	0.00194	0.49502	0.07225	0.43079
V327	0.01359	0.09251	0.0767	0.81719
V328	0.04307	0.00611	0.71619	0.23462
V329	0.15664	0.06408	0.13476	0.64452
V330	0.38986	0	0.29042	0.31973
V331	0.32123	0.04742	0.02861	0.60274
V332	0.00576	0.02039	0.14181	0.83205
V333	0.4592	0.03932	0.35665	0.14484
V334	0.35435	0	0.30981	0.33584
V335	0.02495	0.29504	0.50575	0.17426
V336	0.19076	0.66205	0.01309	0.1341
V337	0.32062	0.36533	0.27578	0.03826
V338	0.00632	0.98255	0.00386	0.00726
V339	0.13944	0	0.85282	0.00774
V340	0.05527	0.17797	0.50894	0.25781
V341	0.01504	0.00986	0.04179	0.93331
V342	0.25979	0	0.56847	0.17175
V343	0.98529	0.00268	0.00504	0.00699
V344	0.72934	0.1104	0.16026	0
V345	0.01067	0.01186	0.977	0.00047
V346	0.22752	0.06709	0.24539	0.45999
V347	0.03087	0	0.09226	0.87687
V348	0.05817	0.62297	0.12536	0.1935
V349	0.38018	0.11788	0.36437	0.13756
V350	0.03269	0.80632	0.16099	0
V351	0.01237	0.00795	0.33291	0.64677
V352	0.04677	0.00312	0.84474	0.10537
V353	0.89876	0.00438	0.02423	0.07263
V354	0.05028	0.68835	0.20959	0.05177
V355	0.29021	0.0408	0.42703	0.24196
V356	0.02239	0.00235	0.07073	0.90453
V357	0.11245	0.2739	0.25293	0.36072
V358	0.53476	0.06099	0.03548	0.36876
V359	0.55007	0.02689	0.0221	0.40094
V360	0.59328	0.37828	0.01412	0.01432
V361	0.00227	0.44111	0.5502	0.00643
V362	0.00635	0.97611	0.01044	0.0071
V363	0.17385	0.07382	0.43539	0.31694
V364	0.16767	0.0315	0.67082	0.13001
V365	0.23214	0.00646	0.00642	0.75499
V366	0.08095	0.64786	0.06665	0.20454
V367	0.56017	0.09149	0.00123	0.34712
V368	0.09454	0.71166	0.06805	0.12575
V369	0.01777	0.38682	0.58909	0.00632
V370	0.33524	0.23305	0.39316	0.03855
V371	0.20505	0.68991	0.02019	0.08485
V372	0.13965	0.02294	0.08954	0.74787
V373	0.07515	0.09075	0.43482	0.39927
V374	0.81431	0	0.18558	0.00011
V375	0.02929	0.01354	0.10762	0.84954
V376	0.02201	0.00927	0.07027	0.89844
V377	0.75949	0	0.0069	0.23361
V378	0.00503	0.00821	0.34178	0.64498
V379	0.31708	0.13758	0.00508	0.54025
V380	0.13138	0.037	0.16012	0.67149
V381	0.73551	0	0.07261	0.19188
V382	0.08911	0.01158	0.89154	0.00776
V383	0.83012	0	0.03625	0.13364
V384	0.55958	0.04164	0.10842	0.29036
V385	0.87725	0.00033	0.05948	0.06294
V386	0.27313	0	0.11142	0.61545
V387	0.62765	0.1008	0.16829	0.10326
V388	0.3997	0.27308	0.1284	0.19882
V389	0.44558	0.46611	0.00708	0.08123
V390	0.33622	0.2171	0.44129	0.00539
V391	0.39161	0.06123	0.01031	0.53685
V392	0.44462	0.16457	0.14334	0.24747
V393	0.30213	0.17748	0.32697	0.19343
V394	0.07994	0.16131	0.08662	0.67213
V395	0.23135	0.33998	0.18123	0.24744
V396	0.01338	0.95502	0.00332	0.02828
V397	0.8197	0.05122	0.08518	0.04391
V398	0.4424	0.08573	0.07578	0.39609
V399	0.20884	0.51723	0.13492	0.13902
V400	0.00201	0.51293	0.04709	0.43797
V401	0.03498	0.11662	0.74091	0.10748
V402	0.83483	0.13674	0.02843	0
V403	0.01499	0.0039	0.04947	0.93164
V404	0.09462	0.15326	0.61794	0.13418
V405	0.19659	0.01021	0.13058	0.66262
V406	0.66949	0.19565	0.01226	0.12261
V407	0.00632	0.98255	0.00386	0.00726
V408	0.08899	0.19108	0.37024	0.34969
V409	0.00363	0.0021	0.01268	0.9816
V410	0.09771	0.85332	0.022	0.02696
V411	0.39503	0	0	0.60497
V412	0.15739	0.0413	0.46174	0.33957
V413	0.05476	0.42913	0.15868	0.35742
V414	0.03539	0.47609	0.31685	0.17168
V415	0.43904	0.0095	0.19553	0.35593
V416	0.00977	0.05234	0.93778	0.00011
V417	0.41714	0.57422	0.00315	0.00549
V418	0.0583	0.0585	0.10769	0.77551
V419	0.01034	0	0.01808	0.97158
V420	0.00445	0.86616	0.0075	0.12189
V421	0.16474	0.01673	0.66337	0.15516
V422	0.0343	0.03003	0.00358	0.93208
V423	0.08616	0.00359	0.88	0.03025
V424	0	0.0235	0.56659	0.40991
V425	0.05756	0.1963	0.59726	0.14888
V426	0.09382	0.01992	0.7941	0.09216
V427	0.0649	0.33262	0.16552	0.43697
V428	0.09479	0.751	0.04255	0.11166
V429	0.00974	0	0.02458	0.96568
V430	0.78038	0.1211	0.01253	0.086
V431	0.17505	0.00658	0.40075	0.41763
V432	0.08792	0.05166	0.03163	0.8288
V433	0.05771	0.67467	0	0.26762
V434	0.30853	0.04101	0.03626	0.61421
V435	0.48517	0	0.09596	0.41887
V436	0.35098	0	0.08827	0.56075
V437	0.21119	0.16569	2e-04	0.62292
V438	0.6156	0.10999	0.02332	0.25108
V439	0.02372	0.05713	0.00282	0.91633
V440	0.45053	0.01482	0.02214	0.5125
V441	0.06622	0.08872	0.57522	0.26984
V442	0.33074	0.28435	0.11902	0.26589
V443	0.73855	0	0.07192	0.18953
V444	0.01067	0.01186	0.977	0.00047
V445	0.65624	0.00172	0.3065	0.03554
V446	0.03846	0.81816	0.04345	0.09992
V447	0.66176	0.05797	0.15557	0.1247
V448	0.01299	0.03255	0.15006	0.8044
V449	0.59187	0.01749	0.26446	0.12617
V450	0.16481	0.82458	0.01061	0
V451	0.94855	0.0269	0	0.02455
V452	0.02404	0	0.0491	0.92686
V453	0.84063	0.04273	0.05225	0.06438
V454	0.00566	0.93782	0.03947	0.01704
V455	0.63646	0.01182	0.27294	0.07878
V456	0.34647	0.0796	0.35881	0.21512
V457	0.00365	0.00857	0.00674	0.98104
V458	0.24725	0.16452	0.00024	0.58799
V459	0.01855	0.77729	0.07833	0.12583
V460	0.96406	0	0.02062	0.01532
V461	0.04359	0.01046	0.00402	0.94193
V462	0.32928	0.18353	0	0.48719
V463	0.27412	0.43165	0.14256	0.15167
V464	0.47939	0.06085	0.00093	0.45883
V465	0.42233	0.3685	0.01847	0.1907
V466	0.58116	0.13583	0.0012	0.28181
V467	0.34893	0.53527	0.06708	0.04872
V468	0.53794	0.35272	0.03951	0.06983
V469	0.01324	0.12115	0.24229	0.62331
V470	0.57318	0.08107	0.15761	0.18815
V471	0.24109	0.06266	0.02257	0.67368
V472	0.31303	0.26281	0	0.42416
V473	0.10976	0.53453	0.32847	0.02725
V474	0.09656	0	0.07517	0.82827
V475	0.18107	0.33192	0.06247	0.42453
V476	0.13917	0.00097	0.03842	0.82144
V477	0.61227	0.016	0.17812	0.19361
V478	0.13206	0.52171	0.00054	0.34568
V479	0.01475	0.05456	0.81068	0.12002
V480	0.0705	0.2367	0.02971	0.6631
V481	0.16408	0.00332	0.81457	0.01803
V482	0.74042	0.11784	0.09663	0.04511
V483	0.1081	0.06495	0.05214	0.7748
V484	0.01548	0.03554	0.015	0.93398
V485	0.12602	0.695	0.00657	0.17242
V486	0.26863	0.20453	0.10608	0.42077
V487	0.05748	0.01939	0.06122	0.86191
V488	0	0	0.85576	0.14424
V489	0.24256	0.0695	0.67128	0.01666
V490	0.34434	0.2534	0.05354	0.34872
V491	0.47593	0.41679	0.02586	0.08141
V492	0.03093	0.84158	0.12175	0.00573
V493	0.01276	0	0.00218	0.98506
V494	0.21009	0.11516	0.50472	0.17004
V495	0.25231	0.59587	0.12566	0.02616
V496	0.29929	0.64137	0	0.05934
V497	0.00893	0.00279	0.97894	0.00934
V498	0.28886	0.06237	0.03571	0.61306
V499	0.66561	0.22052	0.10875	0.00512
V500	0.10842	0.0886	0.74858	0.05441
V501	0.00356	0	0.02572	0.97072
V502	0.59792	0.23009	0.1361	0.0359
V503	0.1823	0.05727	0.16262	0.59781
V504	0.25358	0.65521	0.00715	0.08406
V505	0.19623	0.15992	0.22406	0.41979
V506	0.09139	0.20746	0.43102	0.27013
V507	0.62867	0.06359	0.10111	0.20663
V508	0.79036	0.12322	0.03161	0.0548
V509	0.23724	0.03421	0.47171	0.25684
V510	0.25535	0.49395	0.24555	0.00515
V511	0.04116	0.34389	0.03029	0.58466
V512	0.21674	0.02203	0.05767	0.70356
V513	0.08371	0.62794	0.19858	0.08976
V514	0.00992	0.03289	3e-05	0.95715
V515	0.77916	0.0343	0.03633	0.15022
V516	0.93402	0.0593	0	0.00667
V517	0.02868	0.00684	0.2006	0.76389
V518	0.97576	0.01666	0.00033	0.00724
V519	0.02874	0.83559	0.00144	0.13423
V520	0.02115	0	0.5532	0.42566
V521	0.61006	0.0203	0.33354	0.0361
V522	0.00487	0.08675	0.53684	0.37154
V523	0.36093	0.08347	0.22867	0.32692
V524	0.01051	0.77114	0.17869	0.03966
V525	0.23693	0.14636	0.01607	0.60064
V526	0.64563	0.04764	0.05832	0.24841
V527	0.19762	0.00597	0.34606	0.45036
V528	0.10702	0.83133	0	0.06165
V529	0.04793	0.03195	0.17603	0.74409
V530	0.00613	0.16813	0.67821	0.14753
V531	0.02324	0.87159	0.10517	0
V532	0.15987	0.25694	0.01644	0.56675
V533	0.29116	0.29536	0.11917	0.29432
V534	0.00522	0.00104	0.66209	0.33165
V535	0.50268	0	0.00606	0.49126
V536	0.17894	0	0.31451	0.50654
V537	0.64012	0.21044	0.13533	0.01411
V538	0.43241	0.02745	0.06499	0.47516
V539	0.28588	0.38306	0.14099	0.19007
V540	0.2218	0.66927	0.05926	0.04968
V541	0.01534	0.43546	0.04656	0.50265
V542	0.18822	0.08246	0.21564	0.51368
V543	0.87123	0	0.00768	0.1211
V544	0.08823	0.05047	0.1334	0.7279
V545	0.34699	0.09439	0.05157	0.50705
V546	0.05442	0.88291	0.05685	0.00583
V547	0.03935	0.6376	0.3073	0.01575
V548	0.17537	0.74659	0.07269	0.00535
V549	0.36489	0.01201	0.60692	0.01618
V550	0.54609	0.00975	0	0.44417
V551	0.19424	0.7049	0.02719	0.07368
V552	0.00202	0.4488	0.00027	0.54891
V553	0.25743	0.11278	0.6019	0.0279
V554	0.0412	0.04788	0.01353	0.89739
V555	0.08668	0.17457	0.29835	0.4404
V556	0.00031	0.01352	0.94082	0.04535
V557	0.8073	0.00933	0.00692	0.17645
V558	0.0702	0.7484	0.01969	0.16172
V559	0.01316	0.80568	0.18115	0
V560	0.71867	0.2753	0	0.00603
V561	0.00071	0.00988	0.97964	0.00977
V562	0.78849	0	0.09681	0.1147
V563	0.27393	0	0.71919	0.00688
V564	0.06239	0.05138	0.86778	0.01845
V565	0.12501	0.21378	0.35231	0.3089
V566	0.68815	0.06125	0.00167	0.24893
V567	0.21643	0.37921	0.0174	0.38696
V568	0.20986	0	0.03691	0.75322
V569	0.6455	0.00933	0	0.34517
V570	0.02534	0.26152	0.61933	0.09381
V571	0.8377	0.08833	0	0.07398
V572	0.46822	0	0.40322	0.12856
V573	0.05024	0.11757	0.00149	0.83071
V574	0.04098	0.78272	0.16062	0.01568
V575	0.01326	0.04641	0.09298	0.84735
V576	0.17377	0.78195	0.02877	0.01551
V577	0.02873	0.01873	0.16635	0.78618
V578	0.0542	0.0392	0.65411	0.2525
V579	0.01179	0.87867	0.08212	0.02742
V580	0.12684	0	0.082	0.79116
V581	0.05161	0.04225	0	0.90614
V582	0.5782	0.10116	0.02298	0.29765
V583	0.00519	0.02288	0.53538	0.43655
V584	0.56744	0.11578	0.26928	0.04751
V585	0.00511	0	0.37906	0.61583
V586	0.25373	0	0.62162	0.12465
V587	0.29612	0.00106	0.66315	0.03967
V588	0.60235	0.02042	0.01655	0.36069
V589	0.06143	0.79955	0.05168	0.08733
V590	0.05342	0.76082	0.18018	0.00558
V591	0	0.01495	0.15786	0.82719
V592	0.18208	0.02015	0.7977	7e-05
V593	0.5701	0	0.153	0.2769
V594	0.37413	0.24808	0.31637	0.06142
V595	0.01772	0.00579	0.01128	0.96521
V596	0.03003	0.22069	0.18995	0.55932
V597	0.00243	0.55781	0.32372	0.11605
V598	0.01703	0.08979	0.87451	0.01867
V599	0.66713	0.27176	0.02605	0.03507
V600	0.38129	0.42181	0.03936	0.15754
V601	0.14954	0.21115	0.06054	0.57877
V602	0.0183	0.00749	0.00532	0.96889
V603	0.00744	0.29291	0.00593	0.69372
V604	0.56403	0.08207	0.31742	0.03647
V605	0.06701	0.28456	0.37879	0.26964
V606	0.74104	0.1107	0.007	0.14126
V607	0.63685	0	0.08818	0.27497
V608	0.22671	0.11707	0.35455	0.30168
V609	0.0213	0.17806	0.19715	0.60348
V610	0.77398	0.00371	0.07342	0.14888
V611	0.25203	0	0.03635	0.71161
V612	0.02495	0.06327	0.81781	0.09398
V613	0.03592	0.3105	0.59922	0.05436
V614	0.76855	0.03418	0.03615	0.16112
V615	0.1097	0.02644	0.00194	0.86192
V616	0.0805	0.65851	0.03283	0.22816
V617	0.52475	0.12671	0.34854	0
V618	0.68378	0	0	0.31622
V619	0.38655	0.01029	0.27599	0.32717
V620	0.01045	0.66087	0.32285	0.00584
V621	0.43489	0.10807	0.14844	0.3086
V622	0.40001	0.18607	0.37595	0.03796
V623	0.01315	0.03964	0.10798	0.83923
V624	0.82054	0.15523	0	0.02424
V625	0.28374	0.44479	0.08339	0.18808
V626	0.97511	0.00871	0	0.01618
V627	0.00206	0.00553	0.05168	0.94074
V628	0.0011	0.16574	0.00658	0.82658
V629	0.12284	0.23956	0.25086	0.38673
V630	0.03578	0.30918	0.58858	0.06647
V631	0.01376	0.13432	0.07774	0.77418
V632	0.55995	0	0.11017	0.32988
V633	0	0.01499	0.81395	0.17106
V634	0.44773	0.22856	0.31842	0.00528
V635	0.02675	0.7028	0.00103	0.26942
V636	0.12769	0.07289	0.62764	0.17177
V637	0.29587	0.14078	0.06847	0.49488
V638	0.3765	0.20124	0.05264	0.36962
V639	0.30346	0.4017	0.29485	0
V640	0.03591	0.12072	0.77554	0.06783
V641	0.90159	0.01643	0.01918	0.0628
V642	0.78427	0.13101	0	0.08472
V643	0.00531	0.13775	0.40842	0.44852
V644	0.93258	0.04829	0.00397	0.01516
V645	0.29564	0.37841	0.29952	0.02643
V646	0.01441	0.97477	0.00371	0.00711
V647	0.15845	0.05996	0.70258	0.07901
V648	0.45294	0.38901	0.12132	0.03673
V649	0.02504	0.03998	0.85348	0.0815
V650	0.05807	0.06197	0.78647	0.09348
V651	0.34754	0	0.64576	0.0067
V652	0.08337	0.05574	0.39052	0.47038
V653	0.12927	0.6316	0.08658	0.15255
V654	0.73442	0.15259	0.04594	0.06705
V655	0.0329	0.49684	0.01102	0.45924
V656	0.19048	0.20479	0.00491	0.59982
V657	0.01636	0.03656	0.00372	0.94336
V658	0.62354	0.15944	0.04488	0.17214
V659	0.337	0.05419	0.33167	0.27714
V660	0.03253	0.93925	0	0.02823
V661	0.0519	0.34543	0.03756	0.56512
V662	0.43825	0.00187	0.4293	0.13058
V663	0.25955	0.04402	0.54298	0.15345
V664	0.22488	0.04088	0.6698	0.06444
V665	0.71869	0.13969	0.0309	0.11072
V666	0.55046	0	0.07878	0.37076
V667	0.80749	0.04445	0.14806	0
V668	0.13827	0.78519	0.07654	0
V669	0.25063	0.3718	0.23677	0.1408
V670	0.08855	0.88362	0	0.02783
V671	0.39525	0.24069	0.24037	0.1237
V672	0.01663	0.01142	0.92751	0.04444
V673	0.24594	0.32064	0.21244	0.22097
V674	0.73328	0.10156	0.01209	0.15307
V675	0.13875	0.27972	0.30054	0.28099
V676	0.02123	0.06748	0.07725	0.83404
V677	0.41065	0.34884	0.08228	0.15823
V678	0.55341	0.43241	0.00877	0.00542
V679	0.05067	0.29238	0.64003	0.01693
V680	0.34092	0.50974	0.12361	0.02573
V681	0.92001	0.03726	0.00888	0.03385
V682	0.12155	0.27157	0.55328	0.0536
V683	0.01647	0.97189	0.01164	0
V684	0.73842	0.11592	0.07884	0.06682
V685	0.53671	0.29533	0.11001	0.05796
V686	0.07972	0.12584	0.11882	0.67562
V687	0.01783	0	0.01186	0.97031
V688	0.39041	0.44732	0	0.16227
V689	0.21945	0	0.03007	0.75048
V690	0.50571	0.02033	0.39124	0.08272
V691	0.17838	0	0.81413	0.00749
V692	0.0829	0.10573	0.71785	0.09351
V693	0.23328	0.06995	0.33481	0.36196
V694	0.00501	0.00769	0.23554	0.75175
V695	0.21402	0	0.1198	0.66618
V696	0.05994	0.0475	0.00725	0.88531
V697	0.00953	0.02587	0.00503	0.95957
V698	0.80005	0	0.00719	0.19276
V699	0.59967	0.2311	0.05426	0.11496
V700	0.2013	0.00692	0.00173	0.79005
V701	0.11269	0.46839	0.09261	0.32631
V702	0.51412	0.04623	0.00554	0.4341
V703	0.12953	0.0271	0.4421	0.40127
V704	0.82425	0.02117	0.01845	0.13613
V705	0.95735	0	0.00919	0.03346
V706	0.0806	0.02666	0.77439	0.11835
V707	0.03646	0.41275	0.49709	0.0537
V708	0.03903	0.84861	0.01407	0.09829
V709	0.1465	0.22899	0.51868	0.10583
V710	0.62101	0.15844	0.03726	0.18328
V711	0.09819	0.78212	0.08057	0.03912
V712	0.81321	0.02804	0.00234	0.15641
V713	0.43954	0.23688	0.0237	0.29988
V714	0.00885	0.59553	0.01193	0.3837
V715	0.33302	0.29222	0.2867	0.08805
V716	0.02365	0.01617	0.02806	0.93212
V717	0.0892	0.89355	0	0.01724
V718	0.15641	0.52393	0.16457	0.15508
V719	0.05741	0.65131	0.02524	0.26604
V720	0.71591	0	0.19887	0.08522
V721	0.12441	0.12111	0.44503	0.30944
V722	0.08098	0.26375	0.0049	0.65037
V723	0.08889	0.0467	0.00163	0.86278
V724	0.55686	0.00839	0.06398	0.37077
V725	0.00041	0.06873	0.88659	0.04426
V726	0.03094	0.30654	0.09777	0.56476
V727	0.29854	0.61634	0.08006	0.00505
V728	0.03155	0.87789	0.08468	0.00587
V729	0.38322	0	0.12905	0.48773
V730	0.92321	0.01117	0.03187	0.03375
V731	0.02177	0.14499	0.35676	0.47647
V732	0.36167	0.0459	0.31791	0.27452
V733	0.65827	0.13769	0.02372	0.18031
V734	0.27231	0.27435	0.44799	0.00535
V735	0.01249	0.00842	0.41816	0.56093
V736	0.12115	0	0.003	0.87585
V737	0.35185	0.23942	0.21889	0.18984
V738	0.08148	0.29165	0.43885	0.18802
V739	0	0.00025	0.54009	0.45966
V740	0.87711	0.05379	0.05473	0.01436
V741	0.47904	0.06258	0.10119	0.3572
V742	0.43794	0.55196	0.0101	0
V743	0.15054	0.10839	0.71234	0.02873
V744	0.54558	0.01804	0.29694	0.13944
V745	0.01768	0.66178	0.16651	0.15403
V746	0.99186	0	0.00052	0.00762
V747	0.05275	0	0.66641	0.28084
V748	0.12573	0.07044	0.56405	0.23978
V749	0.26219	0.12167	0.03629	0.57984
V750	0.43567	0.39911	0.01199	0.15323
V751	0.05087	0.84632	0.02784	0.07497
V752	0.48021	0.17376	0.11501	0.23101
V753	0.01181	0.00311	0.00169	0.98339
V754	0.0122	0.90222	0	0.08557
V755	0.1457	0.14527	0.30975	0.39927
V756	0.01648	0	0.02912	0.9544
V757	0.37203	0.54032	0.05056	0.03709
V758	0.04949	0.74232	0.10718	0.10101
V759	0.11419	0.03226	0.35247	0.50108
V760	0.28347	0.03002	0.23846	0.44804
V761	0.07109	0.54986	0.26239	0.11666
V762	0.00173	0.30353	0.0059	0.68883
V763	0.38966	0.29059	0.01732	0.30242
V764	0.01183	0.90037	0.00184	0.08595
V765	0.64435	0.05392	0	0.30173
V766	0.01471	0.27273	0.41588	0.29668
V767	0.50699	0.08324	0.21752	0.19226
V768	0.06378	0.89374	0.01537	0.0271
V769	0.16008	0.80241	0.0219	0.01561
V770	0.01441	0.97477	0.00371	0.00711
V771	0.18886	0.00319	0.79012	0.01783
V772	0.15286	0.02534	0.81468	0.00711
V773	0.18383	0.79724	0.00274	0.01619
V774	0.01659	0.00095	0.93758	0.04488
V775	0.09835	0.01824	0.23192	0.65149
V776	0.45566	0.36265	0.03886	0.14283
V777	0.15548	0.07205	0.10868	0.66378
V778	0.56125	0.22145	0.05355	0.16375
V779	0.16736	0.02015	0.45202	0.36047
V780	0.12632	0.75185	0.12183	0
V781	0.03402	0.00974	0.01593	0.94031
V782	0.00645	0.08992	0.80898	0.09465
V783	0.78189	0.00333	0.03562	0.17917
V784	0.12507	0.85965	0.00919	0.00609
V785	0.0427	0.92099	0.00871	0.0276
V786	0.75814	0.11647	0.07034	0.05506
V787	0.00468	0.83837	0.15092	0.00603
V788	0.55268	0.25319	0.13587	0.05826
V789	0.06072	0.28687	0.01703	0.63539
V790	0.42206	0.00911	0.05667	0.51216
V791	0.14127	0.33189	0.31369	0.21315
V792	0.12963	0.46216	0.00054	0.40768
V793	0.12514	0.59699	0.02507	0.2528
V794	0.04621	0.05416	0.79304	0.10659
V795	0.08779	0.0196	0.03905	0.85355
V796	0.02666	0.05913	0.88362	0.03058
V797	0.78664	0	0.19887	0.01448
V798	0.66428	0.24747	0.06389	0.02436
V799	0.14254	0.73926	0.02021	0.09799
V800	0.06036	0.00829	0.45931	0.47205
V801	0.12773	0.07725	0.28604	0.50898
V802	0.02864	0.04572	0.2244	0.70125
V803	0.25491	0.49043	0.25466	0
V804	0.55663	0.0014	0.35018	0.09179
V805	0.01162	0.00492	0.98284	0.00062
V806	0.05239	0.88929	0.00788	0.05044
V807	0.23374	0.10261	0.02274	0.64091
V808	0.70175	0.22078	0.03224	0.04523
V809	0.0441	0.02474	0.93101	0.00016
V810	0.01512	0.9774	0	0.00748
V811	0.42225	0.04225	0.17182	0.36368
V812	0.5675	0.20845	0.03776	0.18629
V813	0.64252	0.15038	0.17135	0.03575
V814	0.4738	0.48587	0.03516	0.00517
V815	0.00563	0.92051	0.06737	0.00649
V816	0.94685	0	0.05285	3e-04
V817	0.02722	0.05265	0.9012	0.01893
V818	0.00215	0.02539	0.02282	0.94965
V819	0.85798	0.05041	0.03798	0.05363
V820	0.10903	0.0591	0.01155	0.82033
V821	0.24003	0.27742	0.37968	0.10286
V822	0.07324	0.0103	0.88603	0.03043
V823	0.02474	0.15613	0.6841	0.13503
V824	0.10104	0.3608	0.53817	0
V825	0.22847	0.23967	0.22987	0.30199
V826	0.47693	0.36879	0.13998	0.01431
V827	0.41169	0.54389	0.00776	0.03666
V828	0.20578	0.11349	0.08582	0.59491
V829	0.03008	0.18133	0.0237	0.76489
V830	0.20276	0.16631	0.01604	0.6149
V831	0.78193	0.05498	0.02378	0.13932
V832	0.28537	0.34698	0.14987	0.21778
V833	0.1541	0.45979	0.16304	0.22307
V834	0.26526	0.04128	0.05804	0.63542
V835	0.38953	0.39899	0.10249	0.109
V836	0.00921	0.59834	0.00078	0.39166
V837	0.23033	0.32718	0.16876	0.27373
V838	0.95181	0.02089	0.0209	0.00639
V839	0.33678	0.56995	0.08821	0.00506
V840	0.32446	0.67123	0.00431	0
V841	0.00014	0.02557	0.8924	0.0819
V842	0.3672	0.12184	0.23258	0.27839
V843	0.01503	0.00843	0.86981	0.10673
V844	0.10449	0.05416	0.33561	0.50574
V845	0.07114	0.07891	0.75676	0.0932
V846	0	0.00217	0.71673	0.2811
V847	0.00469	0	0.00796	0.98735
V848	0.09094	0.45389	0.15147	0.3037
V849	0.00556	0.94075	0.00299	0.0507
V850	0.97462	0	0.00979	0.01558
V851	0.37416	0.49105	0.13479	0
V852	0.08678	0.0249	0.09813	0.79019
V853	0.26401	0.18149	0.38597	0.16853
V854	0.61659	0.12323	0.08639	0.17379
V855	0.00469	0	0.00796	0.98735
V856	0.04271	0.30376	0.33021	0.32331
V857	0.6906	0.12939	0.02409	0.15593
V858	0.60014	0	0.39384	0.00602
V859	0.67984	0.18539	0.0124	0.12237
V860	0.16473	0.07102	0.03703	0.72722
V861	0.10034	0.33441	0.54905	0.0162
V862	0.14525	0.06081	0.72814	0.06579
V863	0.1717	0.03185	0	0.79646
V864	0.04996	0.01438	0.03344	0.90222
V865	0.09633	0	0.21641	0.68726
V866	0.76321	0.00172	0.22083	0.01424
V867	0.76391	0.00772	0.22257	0.00581
V868	0.54925	0.22774	0.11748	0.10554
V869	0.02395	0.96551	0.00373	0.00681
V870	0.0918	0.26485	0.01038	0.63297
V871	0.00556	0.94075	0.00299	0.0507
V872	0.00542	0.00253	0.19917	0.79289
V873	0.90865	0.01083	0.03793	0.04259
V874	0.2231	0.75355	0.02334	0
V875	0.01295	0.13581	0.16528	0.68595
V876	0.17186	0.29178	0.4054	0.13097
V877	0.04302	0.34496	0.27632	0.33569
V878	0.15015	0.7921	0.05775	0
V879	0.20565	0.65033	0.03369	0.11033
V880	0.32106	0.48718	0.00113	0.19064
V881	0.14749	0.02259	0.56903	0.26089
V882	0.80306	0	0.10408	0.09286
V883	0.32038	0.16974	0.50987	0
V884	0.01504	0.20683	0	0.77813
V885	0.75037	0.17394	0.07569	0
V886	0.01547	0.32685	0.45675	0.20094
V887	0.65006	0.03476	0.13378	0.18139
V888	0.10397	0.02626	0.73876	0.13101
V889	0.93635	0.02545	0.0145	0.0237
V890	0.03268	0.10853	0.60173	0.25705
V891	0.66435	0.02494	0.25475	0.05596
V892	0.25765	0.12747	0.00483	0.61006
V893	0.61858	0.16823	0.13269	0.08051
V894	0.07295	0.28421	0.58873	0.0541
V895	0.60966	0.03565	0.1712	0.18349
V896	0.04345	0.9257	0.00285	0.02799
V897	0.71529	0.20542	0.00232	0.07697
V898	0.41545	0	0.00141	0.58315
V899	0.02112	0.13479	0.10979	0.7343
V900	0.07711	0.24689	0.33977	0.33623
V901	0.03808	0.78888	0.00125	0.17179
V902	0.05438	0.90061	0.03909	0.00593
V903	0.00809	0.39966	0.52623	0.06602
V904	0.02451	0.96825	0	0.00724
V905	0.12634	0	0.13657	0.7371
V906	0.38236	0.05504	0.0837	0.47891
V907	0.4595	0.45708	0.01315	0.07027
V908	0.0072	0.02216	0.04861	0.92203
V909	0.14233	0.76144	0	0.09623
V910	0.13702	0	0.08868	0.77431
V911	0.54619	0.33668	0.02531	0.09182
V912	0.40907	0.27086	0.10929	0.21078
V913	0.09159	0	0.00398	0.90444
V914	0.20245	0.46482	0.28113	0.0516
V915	0.18944	0	0.00214	0.80843
V916	0.27749	0.03174	0.62761	0.06317
V917	0.7297	0.00976	0.14104	0.11949
V918	0.04759	0.60388	0.21912	0.12942
V919	0.20107	0.18473	0.27068	0.34353
V920	0.64327	0.15225	0.07867	0.12581
V921	0.02226	0.11038	0.01857	0.84879
V922	0.11035	0.44046	0.38458	0.06461
V923	0.0602	0.00246	0.02742	0.90992
V924	0.03819	0.65993	0.26187	0.04001
V925	0.15118	0.01267	0.00669	0.82946
V926	0.17113	0.00662	0.01836	0.80389
V927	0.01509	0.01625	0.03523	0.93343
V928	0.05147	0.86064	0.00187	0.08603
V929	0.05768	0.59524	0.11455	0.23252
V930	0.53277	0.31468	0.0247	0.12784
V931	0.14668	0.23999	0.50767	0.10566
V932	0.0322	0.07993	0.57885	0.30903
V933	0.63343	0.34389	0.00814	0.01453
V934	0.00561	0.10235	0.22899	0.66304
V935	0.59859	0.11949	0.189	0.09293
V936	0.52955	0.21484	0.01146	0.24415
V937	0.54144	0.08557	0.06736	0.30564
V938	0.37615	0.02349	0.27005	0.33031
V939	0.74712	0.00338	0.05739	0.19212
V940	0.02922	0.78091	0.13843	0.05145
V941	0.00138	0.00429	0.98411	0.01022
V942	0.7758	0.14569	0.05458	0.02392
V943	0.43353	0.09285	0.39996	0.07366
V944	0.01419	0.19872	0.04516	0.74193
V945	0.58195	0.2979	0.00681	0.11333
V946	0.49647	0.21941	0.23582	0.04831
V947	0.06692	0.02419	0.18567	0.72322
V948	0.37624	0.01129	0.58547	0.027
V949	5e-05	0.06865	0.16137	0.76993
V950	0.05635	0.48544	0.19391	0.2643
V951	0.85738	0.00158	0.1352	0.00585
V952	0.05947	0.08406	0.22137	0.6351
V953	0.01616	0.03457	0.90524	0.04404
V954	0.02957	0.12562	0.10937	0.73543
V955	0.12149	0.53249	0.01829	0.32772
V956	0.02902	0.00825	0.45558	0.50715
V957	0.29267	0.00115	0	0.70618
V958	0.01276	0	0.00218	0.98506
V959	0.25447	0.22071	0.42192	0.1029
V960	0.22411	0.21195	0.06088	0.50305
V961	0.14319	0.34573	0.33947	0.17161
V962	0.39709	0.1289	0.37476	0.09925
V963	0.62936	0.12652	0.14056	0.10356
V964	0.86266	0.01062	0.08359	0.04313
V965	0.05501	0.44234	0.17034	0.33231
V966	0.97791	0.00169	0.00473	0.01568
V967	0.05033	0.02113	0.4766	0.45194
V968	0.00042	0.12081	0.7845	0.09427
V969	0.00656	0.21762	0.02403	0.75179
V970	0.03014	0.08013	0.37934	0.51039
V971	0.53453	0.05461	0.30511	0.10576
V972	0.50855	0.14756	0.03662	0.30727
V973	0.27586	0.35721	0.06322	0.30371
V974	0.00995	0.75993	0.11717	0.11295
V975	0.11103	0.26811	0.61491	0.00595
V976	0.4524	0.19391	0.0976	0.25609
V977	0.35937	0.32069	0.31475	0.00518
V978	0.04909	0.05267	0.04622	0.85202
V979	0.83278	0.00192	0.15955	0.00575
V980	0.99186	0	0.00052	0.00762
V981	0.34737	0.01235	0.3939	0.24638
V982	0.47125	0.34618	0.06386	0.11871
V983	0.67619	0.03305	0.00157	0.28919
V984	0.01975	0.82896	0.10022	0.05107
V985	0.059	0.13456	0.00125	0.8052
V986	0.34491	0.46896	0.03972	0.1464
V987	0.26551	0.70832	0	0.02617
V988	0.1803	0.00145	0.00662	0.81163
V989	0.48241	0.42641	0.06608	0.0251
V990	0	0.02909	0.77447	0.19644
V991	0.67495	0.31	0	0.01506
V992	0.20343	0	0.47091	0.32566
V993	0.07284	0.70572	0.15817	0.06327
V994	0.21013	0.75258	0.02185	0.01545
V995	0.74301	0.06926	0.02398	0.16376
V996	0.24146	0.078	0.00555	0.67499
V997	0.01406	0.00292	0.81287	0.17014
V998	0.88502	0.00034	0.05198	0.06265
V999	0.13812	0.85531	0	0.00657
V1000	0.27349	0.00648	0	0.72003
