Neutrophils	Monocytes_CD14.CD16.	Macrophage	T_cells_.CD4..	NK_cells
V1	0.31523	0.18178	0.26441	0.0797	0.15888
V2	0.0454	0.83652	0.0299	0.03652	0.05166
V3	0.0782	0.00523	0.54458	0.36122	0.01077
V4	0.00662	0	0.22609	0.00487	0.76242
V5	0.00367	0	0.04918	0.03708	0.91006
V6	0.33647	0.07465	0.30499	0.1546	0.12929
V7	0.01066	0.01586	0.4195	0.02915	0.52484
V8	0.01582	0	0.93953	0.04465	0
V9	0.06437	0	0.35752	0.57016	0.00796
V10	0.44517	0.04015	0.50802	0	0.00666
V11	0.0253	0.01011	0.09365	0.01379	0.85715
V12	0.07868	0.00711	0.24854	0.20929	0.45639
V13	0.12629	0.06452	0.03429	0.31324	0.46166
V14	0.18088	0.01307	0.09425	0.57831	0.13348
V15	0.01799	0.02808	0	0.90713	0.0468
V16	0.59646	0.16381	0	0.23973	0
V17	0.04964	0.23786	0	0.01001	0.70249
V18	0.08801	0.46686	0.28143	0.15573	0.00797
V19	0.01601	0	0	0.04381	0.94018
V20	0.00185	0	0.81684	0.17507	0.00624
V21	0.01427	0.25332	0.13071	0.09683	0.50486
V22	0.8056	0.13104	0.05266	0	0.0107
V23	0.06111	0.01688	0.01279	0.05919	0.85003
V24	0.39627	0.18394	0	0	0.41979
V25	0.01662	0.02709	0.00898	0.3072	0.64011
V26	0.44556	0.25166	0.04381	0.00476	0.25421
V27	0.11039	0.50107	0.17598	0	0.21255
V28	0.03279	0.08813	0.27124	0.55924	0.0486
V29	0	0	0.43271	0.54626	0.02103
V30	0.7182	0.16453	0.00349	0	0.11378
V31	0.39931	0.22568	0	0.1531	0.2219
V32	0.88247	0.0755	0	0	0.04203
V33	0.01299	0.18846	0.00168	0.05276	0.74412
V34	0.10473	0.89527	0	0	0
V35	0.08735	0.65263	0.24898	0.01104	0
V36	0.02105	0.158	0.16492	0.03423	0.6218
V37	0.7019	0.03482	0	0	0.26328
V38	0.1308	0.01193	0.53106	0.13716	0.18904
V39	0.29085	0.06555	0.33344	0	0.31015
V40	0.2101	0.68488	0	0.06678	0.03824
V41	0.04034	0.87197	0	0	0.08769
V42	0.84197	0.0955	3e-05	0	0.06251
V43	0.47494	0.14027	0.38479	0	0
V44	0.04019	0.27802	0.55573	0	0.12606
V45	0.0334	0.72038	0.089	0.1029	0.05432
V46	0.10237	0.82369	0.04137	0.01481	0.01777
V47	0.00257	0	0.99743	0	0
V48	0.17093	0.15676	0.25773	0.24466	0.16992
V49	0.46876	0.19896	0.24456	0.08704	0.00067
V50	0.0315	0	0.9685	0	0
V51	0.09158	0.27569	0.19015	0.02056	0.42202
V52	0.04349	0.95378	0	0.0018	0.00093
V53	0.02415	0.2376	0	0.71715	0.0211
V54	0.23476	0.02008	0.005	0.46511	0.27505
V55	0.08677	0.00504	0	0.87998	0.02822
V56	0.07657	0	0.00163	0.72351	0.19828
V57	0.15765	0.12083	0.58123	0.00083	0.13946
V58	0.05585	0	0.13762	0.11608	0.69045
V59	0.84224	0.07608	0.08168	0	0
V60	0.40552	0.26804	0.12041	0.07195	0.13408
V61	0.17307	0.02012	0.01897	0.12849	0.65936
V62	0.05426	0.01324	0.30609	0.07179	0.55462
V63	0.35788	0.30678	0.04351	0.00115	0.29068
V64	0.90835	0.09165	0	0	0
V65	0.0913	0.10816	0.04229	0.53865	0.2196
V66	0.02799	0	0.19095	0.74973	0.03133
V67	0.00604	0	0.33194	0.04261	0.61942
V68	0.44086	0.0398	0.43202	0.00388	0.08344
V69	0.58503	0.14639	0.20617	0	0.06241
V70	0.05515	0.79158	0.01916	0.11254	0.02158
V71	0.08544	0.85082	0.01431	0.03992	0.00952
V72	0.02949	0.39083	0.00391	0.00026	0.57551
V73	0.06098	0	0.12757	0.48697	0.32448
V74	0.00642	0.08051	0.0037	0.76469	0.14468
V75	0.46377	0.19722	0.33539	0	0.00362
V76	0.00222	0	0.02036	0.85451	0.12291
V77	0.02283	0	0.9601	0.01707	0
V78	0.0073	0	0.99143	0	0.00126
V79	0.07032	0.42402	0.02203	0.084	0.39964
V80	0.10689	0.76547	0	0.02776	0.09988
V81	0.01272	0	0.98728	0	0
V82	0.26243	0.24906	0.01812	0.45444	0.01595
V83	0.09908	0.10354	0.01663	0.44764	0.33311
V84	0.07355	0.15694	0	0.01189	0.75762
V85	0.00236	0	0.99764	0	0
V86	0.02466	0.28087	0.36486	0.3169	0.01271
V87	0.48856	0.10384	0.03317	0.35433	0.0201
V88	0.28772	0.22674	0.03574	0.1192	0.3306
V89	0.05624	0.06978	0.85871	0.01527	0
V90	0.01215	0.17007	0.04607	0.0503	0.72139
V91	0.00191	0	0.11561	0.85676	0.02571
V92	0.19858	0.05346	0.01372	0.00422	0.73003
V93	0.01001	0.08962	0.19873	0.42459	0.27704
V94	0.0304	0.17379	0.01119	0.15721	0.62741
V95	0.0496	0.22614	0.00773	0.05043	0.66611
V96	0.77134	0.05444	0.0068	0	0.16743
V97	0.13731	0.03545	0.0353	0.05298	0.73896
V98	0.04922	0.38554	0.18075	0.07202	0.31247
V99	0.49331	0.21318	0	0.14507	0.14843
V100	0.51217	0.20735	0.03415	0.0144	0.23193
V101	0.0523	0.94576	0	0.00125	0.00069
V102	0.28757	0.29145	0.13002	0.05647	0.23449
V103	0.09876	0	0	0.00979	0.89145
V104	0.04064	0.4069	0.06654	0.00579	0.48012
V105	0.00725	0.00064	0.03317	0.04355	0.91538
V106	0.04431	0.78567	0.13273	0	0.03728
V107	0.05924	0.199	0.71654	0.02293	0.00229
V108	0.02915	0.13813	0.83272	0	0
V109	0.0518	0.22984	0.05027	0.19553	0.47257
V110	0.17309	0.55222	0.18741	0.07159	0.01568
V111	0.27339	0.22234	0.50427	0	0
V112	0.1912	0.00138	0.13122	0.3792	0.29699
V113	0.21513	0.01547	0.103	0.07987	0.58652
V114	0.5644	0.14983	0.03396	0.10742	0.1444
V115	0.82338	0.05614	0	0	0.12048
V116	0.00358	0	0	0.02352	0.97291
V117	0.05776	0	0.86819	0.05044	0.0236
V118	0.04503	0.00097	0	0.8924	0.06161
V119	0.33353	0.06138	0.44691	0.15819	0
V120	0.01192	0	0.87599	0.0748	0.03729
V121	0.16891	0.75814	0	0	0.07295
V122	0.0298	0.41895	0.07775	0.16189	0.3116
V123	0.47458	0.10983	0.06609	0.12115	0.22836
V124	0.20044	0.13944	0.05372	0.14381	0.46259
V125	0.05036	0.43742	0.50972	0	0.0025
V126	0.14452	0.20318	0.22122	0.06193	0.36916
V127	0.27824	0	0.70366	0.01811	0
V128	0.18268	0.80239	0	0	0.01493
V129	0.25918	0.05919	0.28601	0.10626	0.28936
V130	0.02874	0.55012	0.02533	0.15932	0.23649
V131	0.01433	0	0.32214	0.65167	0.01187
V132	0.34219	0.06545	0	0.24586	0.3465
V133	0.01386	0.02536	0.56727	0.0499	0.34361
V134	0.08153	0	0.81506	0.00399	0.09943
V135	0.03348	0.06781	0.75564	0.00657	0.1365
V136	0.92821	0.07179	0	0	0
V137	0.86869	0.10426	0	0	0.02705
V138	0.22837	0.17879	0.06754	0.07442	0.45087
V139	0.14382	0	0.2203	0.61453	0.02135
V140	0.01674	0	0.14557	0.00961	0.82808
V141	0.02911	0.19702	0.70504	0.06454	0.00428
V142	0.20494	0	0.35394	0.07363	0.36748
V143	0.02393	0.17833	0.5132	0.097	0.18754
V144	0.49166	0.28727	0.05511	0.06922	0.09674
V145	0.00642	0	0.97828	0.00125	0.01405
V146	0.02834	0.37809	0	0.22927	0.3643
V147	0.10936	0.03703	0.75202	0.06809	0.0335
V148	0.14045	0.82661	0	0.01469	0.01825
V149	0.002	0	0	0.88838	0.10962
V150	0.14518	0.1897	0.58942	0	0.0757
V151	0.44091	0.0961	0	0.31	0.15299
V152	0.00885	0	0.15606	0.70153	0.13356
V153	0.17006	0.19471	0.46627	0.01797	0.15099
V154	0.10466	0.60908	0.0014	0.00966	0.27519
V155	0.04122	0	0.19079	0.73713	0.03085
V156	0.09958	0.01596	0.42101	0.09492	0.36853
V157	0.08898	0.0426	0.18633	0.19239	0.48971
V158	0.18556	0	0.46414	0.01308	0.33721
V159	0.1235	0.30118	0.00232	0.51362	0.05938
V160	0.41507	0.21563	0.07965	0.01011	0.27953
V161	0.17842	0.02925	0.04924	0	0.74309
V162	0.00653	0	0.99347	0	0
V163	0.04046	0	0.00481	0.03511	0.91962
V164	0.88239	0.11761	0	0	0
V165	0.60307	0.26579	0.06776	0.01592	0.04745
V166	0.05621	0	0.31754	0.49833	0.12792
V167	0.03243	0.67544	0	0.0892	0.20292
V168	0.00653	0	0.99347	0	0
V169	0.05358	0.73393	0.14418	0.05057	0.01775
V170	0.2382	0.45042	0.04036	0.12826	0.14275
V171	0.30924	0.12427	0.40092	0.11321	0.05235
V172	0.15418	0.24354	0.052	0.00061	0.54967
V173	0.22188	0.13852	0.09902	0.3088	0.23179
V174	0.2126	0	0.39544	0.13208	0.25988
V175	0.06869	0.14336	0.12053	0.11661	0.55081
V176	0.41774	0.08044	0	0.49654	0.00529
V177	0.21235	0.01848	0.64938	0.11903	0.00076
V178	0.27963	0.0634	0.49879	0.06404	0.09414
V179	0.0767	0.00737	0	0.01186	0.90407
V180	0.02401	0	0.33132	0	0.64467
V181	0.05086	0.26518	0	0.03246	0.6515
V182	0.57093	0.28384	0	0.10105	0.04418
V183	0.06054	0.93012	0	0	0.00934
V184	0.34037	0.04289	0.34983	0.2413	0.0256
V185	0.09563	0.51441	0.00376	0.09357	0.29264
V186	0.12546	0.20463	0.01714	0.17444	0.47833
V187	0.073	0.76066	0	0.15349	0.01285
V188	0.84727	0.09361	0.01628	0.04283	0
V189	0.45671	0.342	0.01658	0.17837	0.00634
V190	0.37238	0.10872	0.21043	0	0.30847
V191	0.22167	0.29712	0	0.32262	0.15859
V192	0.31271	0.25269	0.1268	0.14021	0.1676
V193	0.07593	0.19223	0.53397	0.01589	0.18198
V194	0.23596	0.07288	0.07849	0.05217	0.56051
V195	0.56698	0.18604	0.24698	0	0
V196	0	0	0.04762	0.03639	0.91599
V197	0.05987	0.91097	0	0.01864	0.01051
V198	0.21654	0.27453	0.01899	0.13306	0.35688
V199	0.74044	0.03183	0.22773	0	0
V200	0.74177	0.03554	0.01482	0	0.20787
V201	0.03423	0	0.0244	0.63674	0.30463
V202	0.88107	0.11893	0	0	0
V203	0.51636	0.29779	0.00713	0.01977	0.15895
V204	0.27531	0.12382	0.01325	0	0.58763
V205	0.09893	0.02965	0.11241	0.03977	0.71925
V206	0.04673	0.13887	0	0.73484	0.07956
V207	0.01799	0.02808	0	0.90713	0.0468
V208	0.16103	0.22609	0.48962	0.01819	0.10507
V209	0.13468	0.02314	0.08936	0.01326	0.73956
V210	0.00279	0	0.99591	0	0.0013
V211	0.13734	0.02161	0.19758	0.00612	0.63735
V212	0.05402	0.79562	0.05688	0.02295	0.07052
V213	0.08946	0	0.0609	0.17555	0.67409
V214	0.03132	0.54967	0.39064	0.00256	0.02581
V215	0.22882	0.25624	0.12718	0.03824	0.34953
V216	0.05372	0.02308	0.32237	0.01864	0.58219
V217	0	0	0.02992	0.80679	0.1633
V218	0.07813	0.20488	0.33329	0.26188	0.12181
V219	0.13802	0.30858	0.41175	0.13699	0.00466
V220	0.17351	0.78911	0.03144	0	0.00595
V221	0.04975	0.03641	0.49879	0.00051	0.41453
V222	0.01312	0	0	0.02778	0.95909
V223	0.5287	0.04598	0.35171	0.06734	0.00627
V224	0.03794	0.5599	0.0048	0.05077	0.3466
V225	0.68921	0.19392	0.11688	0	0
V226	0.42933	0.57067	0	0	0
V227	0.09839	0.34465	0	0.49766	0.0593
V228	0.5898	0.05158	0.29446	0.02977	0.0344
V229	0.26038	0.42502	0.26541	0.01777	0.03143
V230	0.00929	0	0	0.02786	0.96285
V231	0.06161	0.65596	0.0472	0.12354	0.11169
V232	0.76045	0.05826	0.18128	0	0
V233	0.05243	0.01372	0.14564	0.05762	0.73058
V234	0.02078	0.42391	0.24841	0.27141	0.03549
V235	0.92169	0.07831	0	0	0
V236	0.09315	0	0.70873	0.13814	0.05997
V237	0.1309	0.08099	0.30451	0.2304	0.2532
V238	0.00327	0	0	0.20206	0.79467
V239	0.06139	0.43184	0.03323	0.11755	0.35599
V240	0.05748	0.8666	0	0.00704	0.06888
V241	0.04375	0.94624	0	0	0.01001
V242	0.03718	0.35313	0.32537	0.20483	0.07948
V243	0.45273	0.03986	0.34796	0	0.15946
V244	0.03133	0.40497	0.18823	0.04689	0.32858
V245	0.04348	0.94161	0.00049	0.01345	0.00097
V246	0.58066	0.31698	0.0013	0	0.10106
V247	0.2013	0.09016	0.65852	0.02225	0.02777
V248	0.08475	0.60715	0.0028	0	0.30529
V249	0.23607	0.08734	0.20568	0.05117	0.41974
V250	0.03162	0.00324	0.66053	0.01389	0.29072
V251	0.25091	0.04096	0.11614	0.50886	0.08313
V252	0.03328	0.09708	0.59038	0.1042	0.17506
V253	0.27589	0.62694	0.06205	0.02014	0.01498
V254	0.50275	0.44122	0	0.04296	0.01307
V255	0.7788	0.12771	0	0	0.0935
V256	0.03608	0.76923	0	0.00207	0.19262
V257	0.42211	0.34043	0.13645	0.00862	0.09239
V258	0.1712	0.42881	0.03554	0.351	0.01346
V259	0.5198	0.30136	0.16575	0	0.01309
V260	0.23201	0.04967	0.09803	0.03827	0.58203
V261	0.03102	0.00059	0.5704	0.22233	0.17567
V262	0.8679	0.09907	0.03303	0	0
V263	0.80193	0.13972	0	0.05835	0
V264	0.05975	0.91487	0	0.0246	0.00078
V265	0.80361	0.1335	0.06289	0	0
V266	0.00863	0	0.07377	0.02749	0.8901
V267	0.04124	0	0	0.108	0.85075
V268	0.1955	0.48441	0.13811	0.12182	0.06015
V269	0.09402	0.35973	0.37486	0.13371	0.03769
V270	0.05846	0.00253	0.04617	0.86592	0.02692
V271	0.19832	0.75941	0	0.00678	0.03549
V272	0.09328	0.85318	0	0.0051	0.04844
V273	0.29762	0.04244	0.20147	0.2387	0.21977
V274	0.08324	0.04183	0.03057	0.13299	0.71136
V275	0.04487	0.74506	0.13444	0.05733	0.01829
V276	0.01725	0	0.77725	0.17671	0.0288
V277	0.34732	0.0133	0.62106	0	0.01831
V278	0.00852	0.02228	0.4083	0.37167	0.18924
V279	0.17345	0.0169	0.01111	0.69652	0.10202
V280	0.21963	0.04374	0.04015	0.53728	0.1592
V281	0.02529	0.29247	0.04522	0.60932	0.0277
V282	0.05188	0.93845	0	0	0.00967
V283	0.30825	0.04465	0.09831	0	0.54879
V284	0.0321	0.09555	0.52776	0	0.34458
V285	0.4997	0.49362	0	0.00341	0.00327
V286	0.0948	0	0.88824	0.01626	7e-04
V287	0.24763	0.09447	0.18573	0.20444	0.26772
V288	0.19756	0	0.64946	0	0.15297
V289	0.17585	0.31476	0.00964	0.48165	0.0181
V290	0.40315	0.48666	0.11019	0	0
V291	0.41296	0.30792	0	0.27061	0.0085
V292	0.11617	0.01301	0.41003	0.01438	0.44641
V293	0.01668	0.0784	0.86397	0.02702	0.01393
V294	0.00416	0	0	0.02287	0.97297
V295	0.01849	0.01307	0.40873	0.43557	0.12413
V296	0.80788	0.16797	0	0	0.02415
V297	0.02617	0	0.83653	0.08841	0.0489
V298	0.32593	0.03061	0	0.46503	0.17843
V299	0.32358	0.01719	0.00715	0.64048	0.0116
V300	0.92356	0.07644	0	0	0
V301	0.92289	0.07711	0	0	0
V302	0.00311	0	0	0.31569	0.68121
V303	0.10362	0.17249	0.22704	0.11598	0.38087
V304	0.1925	0.01796	0.77484	0	0.0147
V305	0.19252	0.34986	0.07715	0.05973	0.32074
V306	0.29296	0.69238	0	0	0.01466
V307	0.26886	0.01586	0.34154	0.37375	0
V308	0.24251	0.00138	0.71782	0.03829	0
V309	0.64733	0.1144	0.03438	0.06529	0.13861
V310	0.02529	0.01235	0	0.07105	0.89131
V311	0.01016	0	0.05978	0.88575	0.04432
V312	0.07879	0.24058	0.23679	0	0.44385
V313	0.05727	0.33194	0	0.2322	0.37859
V314	0.07719	0.01177	0	0.28372	0.62732
V315	0.89921	0.07795	0	0	0.02284
V316	0.10554	0.55896	0.24566	0.01174	0.0781
V317	0.36098	0.09434	0.53481	0	0.00987
V318	0.85434	0.05479	0	0	0.09086
V319	0.11451	0.0312	0.85429	0	0
V320	0.0974	0	0.00347	0.85776	0.04137
V321	0.13879	0.37703	0.31948	0.13821	0.02649
V322	0.01934	0.23899	0.58847	0.0257	0.12749
V323	0.24081	0.23035	0.44054	0	0.0883
V324	0.04501	0.05883	0.05593	0.80271	0.03752
V325	0.63311	0.15668	0.07428	0.06475	0.07119
V326	0.04296	0.0051	0.05088	0.09165	0.80941
V327	0.30434	0.52915	0.09143	0.00185	0.07322
V328	0.05011	0.34563	0.19741	0.38034	0.02651
V329	0.00917	0.03862	0.49092	0.44509	0.0162
V330	0.09158	4e-05	0.8585	0	0.04988
V331	0.11787	0.02201	0.08348	0.05194	0.72471
V332	0.4412	0.06477	0.47662	0	0.01741
V333	0.39328	0.07958	0.33314	0.09715	0.09685
V334	0.05177	0.28574	0.56789	0.04906	0.04553
V335	0.69824	0.10091	0.07037	0.00245	0.12802
V336	0.15109	0.59378	0.24462	0	0.01051
V337	0.00368	0	0.00673	0.11403	0.87556
V338	0.6979	0.04575	0.15397	0	0.10238
V339	0.18914	0.55451	0.16745	0	0.0889
V340	0.02915	0.15	0.10214	0.03193	0.68679
V341	0.03042	0.46992	0.43293	0	0.06672
V342	0.28865	0.1741	0.47955	0.0577	0
V343	0.67744	0.01258	0.30998	0	0
V344	0.08892	0.78238	0.01773	0.01053	0.10044
V345	0.20571	0.06699	0	0.19632	0.53098
V346	0.03765	0.34633	0.35095	0.22131	0.04377
V347	0.08255	0.60554	0.00548	0.24711	0.05932
V348	0.02166	0.12914	0.48735	0.17733	0.18451
V349	0.07121	0.29486	0.52747	0	0.10646
V350	0.10781	0.46795	0.07463	0.16358	0.18604
V351	0.19934	0.02087	0.51851	0.24526	0.01601
V352	0.10708	0.53598	0.35379	0	0.00315
V353	0.22478	0.36055	0.01531	0.01756	0.38181
V354	0.53956	0.02228	0.43816	0	0
V355	0.10308	0.00957	0.431	0.44311	0.01323
V356	0.10438	0.00112	0.85919	0.00352	0.03179
V357	0.05047	0.01567	0.51657	0.01233	0.40496
V358	0.03164	0.04326	0.04508	0.83917	0.04085
V359	0.06143	0.1605	6e-05	0.75642	0.0216
V360	0.72518	0.10168	0.0837	0.08944	0
V361	0.304	0.52413	0.065	0	0.10687
V362	0.76425	0.06467	0.08602	0	0.08507
V363	0.02575	0.02276	0	0.10302	0.84847
V364	0.03676	0.33522	0.01214	0.34966	0.26621
V365	0.00232	0	0.00811	0.91058	0.079
V366	0.21178	0.03568	0.63049	0.02844	0.09361
V367	0.22041	0.26216	0.21326	0.10514	0.19904
V368	0.71833	0.13492	0.11669	0	0.03007
V369	0.04027	0.66275	0.24512	0.05185	0
V370	0.02177	0.16641	0.13346	0.27238	0.40597
V371	0.05266	0.9287	0.01864	0	0
V372	0.66307	0.10579	0.15085	0.06206	0.01824
V373	0.11086	0.70617	0.11466	0.06061	0.0077
V374	0.11527	0.04809	0.47014	0.3665	0
V375	0.30021	0.01488	0.65328	0.03163	0
V376	0.00783	0	0.38997	0.0028	0.5994
V377	0.08981	0.55008	0.22039	0.13178	0.00793
V378	0.12127	0.54651	0.16417	0	0.16805
V379	0.02114	0	0.1049	0.05406	0.8199
V380	0.01898	0.05044	0.21023	0.40537	0.31497
V381	0.12254	0.04776	0	0.00295	0.82675
V382	0.40182	0.0528	0	0.20906	0.33633
V383	0.03864	0	0.37058	0.58171	0.00907
V384	0.31416	0.08964	0.19803	0.33043	0.06774
V385	0.07102	0.08941	0	0.00813	0.83144
V386	0.70394	0.07563	0	0.22043	0
V387	0.31677	0.05467	0	0.58072	0.04785
V388	0.04997	0.89024	0.00674	0.04238	0.01068
V389	0.11018	0.80717	0	0.01548	0.06717
V390	0.20693	0.0172	0	0.60895	0.16691
V391	0.6972	0.20221	0	0.03276	0.06783
V392	0.89979	0.10021	0	0	0
V393	0.11083	0.02889	0.1884	0.43504	0.23684
V394	0.73566	0.05557	0.00659	0.09643	0.10575
V395	0.0023	0	0.48436	0.49481	0.01853
V396	0.52356	0.03495	0.44148	0	0
V397	0.69273	0.18505	0.01687	0.06442	0.04094
V398	0.0711	0	0.22748	0.56804	0.13338
V399	0.03545	0.02375	0	0.18932	0.75147
V400	0.16401	0.57938	0.15808	0.09853	0
V401	0.31497	0.00152	0.68058	0.00293	0
V402	0.35355	0.05811	0.48145	0.02931	0.07759
V403	0.12967	0.08086	0	0.08617	0.7033
V404	0.01159	0.03618	0.57223	0.31783	0.06216
V405	0.33757	0.33899	0.06016	0.14681	0.11647
V406	0.03137	0	0.95859	0	0.01005
V407	0.879	0.09695	0.01934	0.0047	0
V408	0.0298	0.40422	0	0.18227	0.38372
V409	0.1286	0.00918	0.08394	0.60939	0.16889
V410	0.11929	0.12935	0.31988	0.01935	0.41213
V411	0.00345	0	0	0.02884	0.96771
V412	0.02008	0.12754	0.12045	0.01623	0.71571
V413	0.02443	0.27773	0.17406	0.27841	0.24537
V414	0.0398	0.09978	0	0.36344	0.49698
V415	0.13374	0	0	0.00367	0.86259
V416	0.0933	0.09436	0.00953	0.09699	0.70582
V417	0.0158	0	0.82282	0.08855	0.07284
V418	0.53532	0.43625	0	0	0.02842
V419	0.21785	0.0364	0.00687	0.07004	0.66884
V420	0.20161	0.00328	0.0971	0.01615	0.68187
V421	0.00315	0	0.12191	0.03745	0.83749
V422	0.01648	0.00813	0.064	0.64737	0.26401
V423	0.29358	0.24149	0.31157	0.13055	0.02282
V424	0.00462	0	0.47515	0	0.52023
V425	0.29096	0.39661	0	0	0.31243
V426	0.25326	0.26374	0.00456	0.36619	0.11226
V427	0.19263	0.66829	0.13661	0	0.00247
V428	0.08924	0.68193	0.06398	0.05907	0.10578
V429	0.11002	0.82269	0	0.03885	0.02843
V430	0.03739	0.00081	0.43438	0.13093	0.39649
V431	0.11883	0.42315	0.21674	0.17796	0.06332
V432	0.31292	0.11662	0.13819	0.25283	0.17945
V433	0.21338	0	0.60348	0.16011	0.02303
V434	0.23304	0.28849	0.38936	0	0.08911
V435	0.54062	0.06058	0.3988	0	0
V436	0.05764	0.59768	0.09135	0.02711	0.22622
V437	0.17214	0.03137	0.01805	0.10763	0.67081
V438	0.14103	0.35849	0.22062	0.20393	0.07593
V439	0.65523	0.07203	0.03599	0.22321	0.01354
V440	0.03535	0.34597	0.56349	0.00081	0.05438
V441	0.0406	0.54472	0.3951	0.01372	0.00586
V442	0.05274	0.94726	0	0	0
V443	0.91637	0.07725	0	0.00639	0
V444	0.15869	0.52422	0.01499	0.25566	0.04644
V445	0.06958	0.51327	0.02979	0.35926	0.0281
V446	0.12429	0.04458	0.1268	0.47678	0.22756
V447	0.06818	0.00055	0.00849	0.35776	0.56502
V448	0.14011	0.00539	0.00977	0.0138	0.83093
V449	0.00653	0	0.99347	0	0
V450	0.20043	0.10424	0.25736	0.08008	0.3579
V451	0.27903	0.28297	0.05099	0.24921	0.13781
V452	0.01408	0	0.22713	0.67301	0.08578
V453	0.01591	0.00369	0	0.36608	0.61432
V454	0.01517	0	0.68965	0.00816	0.28702
V455	0.06035	0.22105	0.27564	0.02226	0.42069
V456	0.89142	0.08199	0	0	0.02659
V457	0.66792	0.25694	0.01434	0.02181	0.03898
V458	0.03581	0.36314	0.52488	0.03073	0.04544
V459	0.14433	0.08247	0.05837	0.38993	0.3249
V460	0.68301	0.0641	0.21466	0.02283	0.0154
V461	0.17469	0.31817	0.23682	0	0.27032
V462	0.05142	0.09536	0.00685	0.40811	0.43825
V463	0.25874	0.10076	0.00575	0.61101	0.02374
V464	0.16709	0.17702	0.65589	0	0
V465	0.03625	0.08844	0.00292	0.02364	0.84875
V466	0.01737	0	0	0.07923	0.9034
V467	0.0605	0.32202	0.01453	0.46235	0.14059
V468	0.53951	0.34782	0.09071	0	0.02196
V469	0.01727	0.35777	0.049	0.20055	0.37541
V470	0.83874	0.11653	0.00748	0.03725	0
V471	0.36839	0.36022	0.00806	0.08858	0.17474
V472	0.00825	0.01904	0.03197	0.02027	0.92047
V473	0.03332	0.22323	0.28294	0.23338	0.22714
V474	0.31577	0.21601	0.05851	0.35211	0.05761
V475	0.16497	0.00906	0.61998	0.00648	0.19951
V476	0.18281	0.05245	0.13116	0.53448	0.09911
V477	0.04431	0.95569	0	0	0
V478	0.14735	0.00389	0	0.00273	0.84603
V479	0.83754	0.11504	0.01663	0.03078	0
V480	0.13202	0.71827	0.0359	0.07501	0.03881
V481	0.23606	0.42891	0.04954	0.12023	0.16526
V482	0.10479	0.70685	0.17541	0	0.01295
V483	0.28986	0.59177	0	0.06236	0.056
V484	0.21666	0.56679	0.11411	0.08554	0.0169
V485	0.66738	0.13134	0.11516	0.06764	0.01847
V486	0.06247	0.06172	0.28455	0	0.59126
V487	0.15191	0.1389	0.47814	0.22509	0.00596
V488	0.40007	0.14965	0	0.24454	0.20574
V489	0.02111	0.2014	0.71844	0.04475	0.01429
V490	0.01649	0	0.8276	0.15066	0.00525
V491	0.03401	0.47279	0.03312	0.06547	0.39461
V492	0.03497	0.19367	0.03572	0.67598	0.05966
V493	0.01098	0	0.0063	0.93428	0.04844
V494	0.36918	0.0303	0.01192	0.46686	0.12174
V495	0.32528	0.27042	0.22795	0.10958	0.06677
V496	0.11482	0.03048	0.0436	0.00256	0.80853
V497	0.09107	0.02868	0.14594	0.06453	0.66979
V498	0.06888	0.90081	0	0.00046	0.02986
V499	0.0411	0.21073	0.26371	0.03703	0.44743
V500	0.11098	0.54712	0.11001	0.15593	0.07595
V501	0.06138	0.31498	0	0.00575	0.61789
V502	0.12315	0.847	0.01538	0.01447	0
V503	0.42312	0.0727	0.21825	0.08431	0.20162
V504	0.42422	0.23446	0	0	0.34132
V505	0.59698	0.06128	0.00401	0.04146	0.29626
V506	0.02777	0.51348	0.04941	0.00535	0.40398
V507	0.86067	0.04011	0.01963	0.05037	0.02922
V508	0.03057	0.63716	0.21867	0.02155	0.09204
V509	0.05554	0.4966	0.14311	0.13511	0.16965
V510	0.39624	0.55936	0.02263	0.01722	0.00457
V511	0.0727	0.31179	0.52355	0.01632	0.07563
V512	0.14165	0.47267	0.17318	0.02167	0.19083
V513	0.15878	0.72476	0.05527	0.02429	0.03688
V514	0.00746	0	0.2153	0.0272	0.75005
V515	0.08726	0.18432	0	0.70914	0.01929
V516	0.16693	0.44533	0.11457	0.25208	0.0211
V517	0.01805	0.04061	0.07229	0.82949	0.03956
V518	0.40971	0.06648	0.37039	0.12362	0.02981
V519	0.81684	0.10098	0	0.08099	0.00119
V520	0.06832	0.89517	0	0.03578	0.00074
V521	0.25212	0.00336	0.18574	0.54237	0.01641
V522	0.05799	0.18631	0.61479	0.09267	0.04824
V523	0.15901	0.03559	0.78715	0.01825	0
V524	0.31586	0.04554	0.58213	0	0.05646
V525	0.01312	0.18273	0.01827	0.01582	0.77006
V526	0.05381	0.00739	0.89844	0.00601	0.03435
V527	0.08818	0.47968	0.4087	7e-05	0.02337
V528	0.19209	0.00482	0.02513	0.75988	0.01808
V529	0.21255	0.0213	0.76163	0	0.00451
V530	0.03177	0	0.91683	0.02666	0.02474
V531	0.16243	0.53568	0.07479	0.00047	0.22663
V532	0.06019	0.25573	0.28103	0	0.40305
V533	0.22279	0.01819	0	0	0.75902
V534	0.15062	0.104	0	0.68827	0.05711
V535	0.78656	0.18058	0.03285	0	0
V536	0.12307	0.18219	0.38209	0.00936	0.30329
V537	0.01659	0.01118	0.00602	0.02	0.94621
V538	0.5876	0.14895	0	0.00165	0.26179
V539	0.02597	0.12354	0.69918	0.06625	0.08506
V540	0.15157	0.48999	0.07815	0.02424	0.25605
V541	0.02995	0.39863	0.00438	0.01822	0.54882
V542	0.0398	0.40123	0.12762	0.34349	0.08786
V543	0.07544	0.07829	0.71045	0.02287	0.11294
V544	0.31393	0.23686	0.17873	0.02938	0.2411
V545	0.61258	0.38742	0	0	0
V546	0.06252	0.8019	0.06655	0	0.06902
V547	0.08257	0.82481	0	0.06327	0.02935
V548	0.00638	0.08558	0.00525	0.85854	0.04425
V549	0.0035	0	0.01583	0.12543	0.85523
V550	0.04166	0.87789	0.07135	0	0.0091
V551	0.01074	0	0	0.95493	0.03433
V552	0.18843	0.02286	0.00741	0.0184	0.7629
V553	0.79615	0.06497	0	0.08804	0.05084
V554	0.12785	0.03568	0.57869	0.24062	0.01715
V555	0.04221	0.92796	0	0	0.02983
V556	0.09513	0.07462	0.07313	0.65822	0.09891
V557	0.31701	0.34108	0.0197	0.25725	0.06497
V558	0.02054	0	0.84822	0.10455	0.02669
V559	0.10532	0.41206	0.45249	0	0.03013
V560	0.60507	0.27627	0.11866	0	0
V561	0.68624	0.0208	0.14025	0	0.15271
V562	0.11209	0.05119	0.15528	0.05459	0.62684
V563	0.20504	0.29441	0.20769	0.06394	0.22892
V564	0.35033	0.06886	0.05816	0.25296	0.26969
V565	0.00412	0	0.00601	0.04542	0.94445
V566	0.29291	0.21428	0.00965	0.23214	0.25103
V567	0.02321	0	0.97679	0	0
V568	0.03652	0.24279	0.48888	0.23182	0
V569	0.63589	0.14889	0.10557	0.07009	0.03956
V570	0.15062	0.02675	0.35238	0.36906	0.10119
V571	0.27946	0.01457	0.28321	0.25182	0.17095
V572	0.7822	0.06074	0	0	0.15706
V573	0.08704	0.06942	0.40091	0.29165	0.15098
V574	0.51544	0.35375	0.06152	0.04803	0.02126
V575	0.31709	0.07197	0.10891	0.01416	0.48786
V576	0.04139	0.88688	0	0.00214	0.06959
V577	0.39652	0.56138	0.01393	0.02332	0.00486
V578	0.03542	0.15058	0.57983	0.16855	0.06561
V579	0.02843	0.50805	0.31936	0.00867	0.13549
V580	0.20879	0.61465	0	0.14565	0.03091
V581	0.05851	0.49997	0.38572	0.04976	0.00604
V582	0.01466	0.01333	0.972	0	0
V583	0.59669	0.03081	0.3725	0	0
V584	0.2049	0.52657	0.09552	0.00967	0.16335
V585	0.0456	0.80004	0.04714	0.03576	0.07146
V586	0.03628	0.80591	0.15379	0.00402	0
V587	0.04809	0.67315	0	0.0127	0.26607
V588	0.22137	0.39929	0.37934	0	0
V589	0.1036	0.50226	0.03771	0.3193	0.03711
V590	0.04342	0.77376	0	0.00161	0.18121
V591	0.44628	0.53884	0.01394	0	0.00094
V592	0.01992	0	0.77131	0.01288	0.19589
V593	0.44694	0.07929	0	0.40066	0.0731
V594	0.01558	0.10505	0.71226	0.10491	0.0622
V595	0.54064	0.1217	0.06116	0.22883	0.04768
V596	0.45303	0.23716	0.22101	0.0685	0.02029
V597	0.02134	0.18016	0	0.07635	0.72215
V598	0.51222	0.04158	0	0	0.4462
V599	0.07923	0.48129	0.09588	0.29583	0.04777
V600	0.29428	0.03677	0.22327	0.28697	0.1587
V601	0.14341	0.12408	0	0.37443	0.35807
V602	0.79017	0.20983	0	0	0
V603	0.1151	0.14575	0.01652	0.0844	0.63823
V604	0.0301	0	0.74656	0.06701	0.15633
V605	0.02653	0.05047	0.12459	0.0482	0.75021
V606	0.77938	0.05452	0	0	0.1661
V607	0.13678	0.11055	0.00625	0.00492	0.74151
V608	0.75011	0.06304	0.01606	0.03794	0.13285
V609	0.18842	0.40006	0	0.30482	0.1067
V610	0.08225	0.73245	0	0.17172	0.01359
V611	0.26543	0.03318	0.64684	0	0.05455
V612	0.34067	0.08356	0.31616	0	0.25961
V613	0.392	0.5888	0.01438	0.00482	0
V614	0.48559	0.0918	0	0.0299	0.3927
V615	0.01002	0.10677	0.16429	0.47685	0.24207
V616	0.67689	0.04207	0.1617	0.0812	0.03813
V617	0.22455	0.08463	0.48927	0.04756	0.15399
V618	0.69746	0.12732	0.05133	0	0.12389
V619	0.50124	0.08009	0.14637	0	0.2723
V620	0.05319	0.01919	0.45809	0.45449	0.01504
V621	0.12912	0.22853	0.27994	0	0.3624
V622	0.02168	0.18626	0.34248	0.00183	0.44775
V623	0.07658	0.00401	0.00118	0.61631	0.30192
V624	0.86709	0.05687	0	0	0.07604
V625	0.00741	0.0788	0.13578	0.74453	0.03347
V626	0.08976	0.01447	0.64211	0.2245	0.02916
V627	0.0934	0.14831	0.10901	0.01158	0.6377
V628	0.91014	0.08986	0	0	0
V629	0.13096	0.23126	0.63549	0.00188	4e-04
V630	0.01286	0.16629	0.00998	0.02354	0.78732
V631	0.00277	0	0.26199	0.0085	0.72674
V632	0.04479	0.77346	0	0.01852	0.16323
V633	0.0585	0	0.10991	0.42141	0.41018
V634	0.38354	0.48682	0.12964	0	0
V635	0.03667	0.08935	0.1792	0.01095	0.68382
V636	0.20013	0.20737	0.33005	0.12127	0.14118
V637	0.22863	0.01225	0.47669	0.17275	0.10968
V638	0.07268	0.4755	0.00287	0.05163	0.39732
V639	0.50993	0.43386	0.05621	0	0
V640	0.10398	0.20173	0.07919	0.15993	0.45516
V641	0.09244	0.785	0	0.09127	0.03129
V642	0.76311	0.09216	0	0.14473	0
V643	0.05168	0.89224	0.04444	0.01163	0
V644	0.04725	0.5309	0.00887	0.36019	0.0528
V645	0.14873	0.80252	0	0.04875	0
V646	0.13447	0.59767	0.01356	0.16466	0.08964
V647	0.9035	0.07868	0	0.01782	0
V648	0.42456	0.1851	0	0.18935	0.20099
V649	0.24073	0.12161	0.06709	0.05773	0.51283
V650	0.02404	0	0.08613	0.86296	0.02687
V651	0.16296	0.28727	0	0.54057	0.0092
V652	0.40911	0.06146	0.03177	0.4704	0.02726
V653	0.38204	0.06572	0.05473	0.4346	0.06291
V654	0.02679	0.06662	0	0.05063	0.85596
V655	0.18018	0.06673	0.38018	0.36319	0.00972
V656	0.09594	0.00891	0	0.06556	0.8296
V657	0.03829	0.55577	0.01778	0.24333	0.14483
V658	0.02802	0.03342	0.03358	0.50871	0.39627
V659	0.01735	0.02252	0.10722	0.72988	0.12303
V660	0.05351	0.32998	0.00417	0.02195	0.59039
V661	0.04311	0.69761	0	0.12423	0.13504
V662	0.03179	0.4229	0.00356	0.00042	0.54133
V663	0.92819	0.07181	0	0	0
V664	0.01829	0	0.13297	0.29627	0.55246
V665	0.03137	0.64268	0.22286	0.05306	0.05002
V666	0.08656	0.89641	0.01703	0	0
V667	0.04	0.5618	0.27367	0.06454	0.05999
V668	0.63851	0.28712	0.03312	0.02167	0.01958
V669	0.44615	0.36655	0.00819	0.04684	0.13226
V670	0.08624	0.63116	0.03167	0.01592	0.23502
V671	0.76127	0.0294	0.20933	0	0
V672	0.08998	0.07878	0.09546	0.21657	0.51922
V673	0.00741	0.00893	0	0.08033	0.90333
V674	0.33915	0.11325	0.52027	0	0.02733
V675	0.69162	0.05697	0.02413	0.08989	0.13739
V676	0.24148	0.1146	0.4985	0	0.14541
V677	0.04798	0.30722	0.26587	0.29466	0.08427
V678	0.04321	0.30391	0	0.02011	0.63277
V679	0.02091	0	0.56943	0.39566	0.014
V680	0.16174	0.01253	0.01294	0.25116	0.56163
V681	0.52879	0.11151	0.02868	0.21299	0.11804
V682	0.00653	0	0.99347	0	0
V683	0.0759	0.15976	0.63865	0	0.12569
V684	0.07333	0.00513	0.00547	0.8872	0.02886
V685	0.02092	0	0.90664	0.06868	0.00376
V686	0.26477	0.66261	0.05367	0.00363	0.01532
V687	0.00642	0	0.68708	0.28455	0.02195
V688	0.00642	0	0.98069	0	0.01289
V689	0.47188	0.10831	0.20279	0.05408	0.16295
V690	0.09503	0.88461	0	0.01081	0.00955
V691	0.16168	0.18032	0.05273	0.54509	0.06018
V692	0.08159	0.03239	0.01344	0.70585	0.16674
V693	0.03216	0.50373	0.44486	0.01383	0.00542
V694	0.09498	0.25161	0.03864	0.50012	0.11465
V695	0.11026	0.10648	0.13846	0.00298	0.64182
V696	0.12052	0	0.75418	0	0.1253
V697	0.11149	0.11712	0.37034	0.25374	0.14731
V698	0.01561	0	0.16976	0.01394	0.8007
V699	0.03941	0.01011	0.05959	0.56797	0.32292
V700	0.05651	0.82877	0.04926	0	0.06546
V701	0.01288	0.16559	0.00163	0.01852	0.80139
V702	0.02103	0.1539	0	0.58528	0.23979
V703	0.01731	0.01346	0.03452	0.88946	0.04525
V704	0.04595	0.04011	0.38547	0.00682	0.52165
V705	0.88713	0.08763	0	0	0.02524
V706	0.16581	0.18786	0.19318	0.34066	0.11248
V707	0.13579	0.13972	0.07056	0.19109	0.46285
V708	0.03255	0.5807	0.38675	0	0
V709	0.00754	0.00061	0.02389	0.02006	0.9479
V710	0.12667	0.00791	0.48067	0	0.38474
V711	0.04535	0	0.01169	0.02705	0.91591
V712	0.07497	0	0.77928	0.13153	0.01422
V713	0.24286	0.42926	0.32788	0	0
V714	0.03914	0	0	0.01932	0.94154
V715	0.0222	0.27047	0.63799	0.06445	0.00489
V716	0.72015	0.24623	0	0.015	0.01862
V717	0.35405	0.20884	0.11029	0	0.32681
V718	0.6556	0.01899	0.28994	0	0.03547
V719	0.37949	0.30036	0.09692	0.0656	0.15763
V720	0.10752	0.03927	0.08184	0.02317	0.74821
V721	0.02181	0	0.03959	0.02969	0.9089
V722	0.02315	0.27701	0.05957	0.39501	0.24526
V723	0.12136	0.28284	0.133	0.42399	0.03881
V724	0.1245	0.73279	0.01703	0.11561	0.01008
V725	0.02217	0	0	0.02174	0.95609
V726	0.20512	0.52995	0.03678	0.02848	0.19967
V727	0.01675	0	0.97104	0	0.01221
V728	0.78573	0.06042	0.12615	0.02771	0
V729	0.63669	0.1935	0.00526	0.16086	0.00369
V730	0.13606	0.02216	0.4594	0.29977	0.08261
V731	0.00407	0.01031	0.08929	0.86896	0.02738
V732	0.01114	0	0.00659	0.94882	0.03344
V733	0.04463	0.00513	0.94076	0	0.00948
V734	0.49055	0.10667	0.38927	0.0082	0.00531
V735	0.06579	0.14427	0.21323	0.01041	0.56631
V736	0.00847	0.0285	0	0.02081	0.94222
V737	0.92228	0.07772	0	0	0
V738	0.02446	0.4388	0	0.00818	0.52856
V739	0.01778	0.01375	0	0.93567	0.0328
V740	0.18797	0.09201	0.09439	0	0.62563
V741	0.49825	0.09572	0	0.22519	0.18084
V742	0.08424	0.01007	0.57818	0.11627	0.21125
V743	0.02623	0.04223	0.06872	0.07774	0.78507
V744	0.22033	0.09031	0.215	0.41214	0.06222
V745	0.20403	0.04381	0.05925	0.66686	0.02605
V746	0.3442	0.60103	0.0135	0	0.04127
V747	0.04442	0.00498	0.92867	0	0.02193
V748	0.15485	0.23079	0.27193	0.02775	0.31468
V749	0.19967	0.13386	0.13993	0.33198	0.19456
V750	0.74155	0.24648	0	0.01198	0
V751	0.04747	0.36616	0.57742	0.00577	0.00318
V752	0.01973	0.1158	0.0113	0.0195	0.83366
V753	0.52447	0.08703	0.24883	0	0.13966
V754	0.1256	0.4239	0	0.43264	0.01787
V755	0.21805	0.76533	0.01247	0	0.00416
V756	0.01913	0.09844	0.01209	0.04803	0.82231
V757	0.21329	0.00366	0.13779	0.62366	0.0216
V758	0.07112	0.5342	0	0.37707	0.01761
V759	0.07818	0.02506	0.09109	0.00503	0.80064
V760	0.07807	0.02739	0.23187	0.17734	0.48532
V761	0.07014	0.23795	0.69191	0	0
V762	0.01844	0.03405	0.19882	0.30066	0.44803
V763	0.02371	0.24686	0	0.00711	0.72232
V764	0.13557	0.09008	0.11032	0.62701	0.03702
V765	0.17829	0.01174	0.68641	0.01794	0.10561
V766	0.0739	0.48133	0.25061	0.02437	0.16979
V767	0.25422	0.51203	0.04721	0.0209	0.16563
V768	0.05889	0.87713	0.02499	0.02919	0.0098
V769	0.73235	0.03682	0.19366	0	0.03717
V770	0.31319	0.03569	0.55732	0.0938	0
V771	0.06224	0.75572	0	0.0596	0.12243
V772	0.06326	0	0.93674	0	0
V773	0.02152	0	0	0.12467	0.85381
V774	0.1511	0	0.53744	0	0.31146
V775	0.90807	0.06209	0.00014	0.0205	0.00919
V776	0.33908	0.47417	0.15029	0.00544	0.03103
V777	0.2134	0.41439	0.25252	0.06384	0.05585
V778	0.51123	0.13812	0	0.13842	0.21223
V779	0.07802	0.40443	0.50529	0	0.01226
V780	0.02318	0	0.97682	0	0
V781	0.16027	0.31508	0.16177	0	0.36288
V782	0.19989	0.25985	0	0	0.54027
V783	0.00612	0	0.63208	0.01163	0.35017
V784	0.03297	0.66951	0	0.18282	0.1147
V785	0.70116	0.19007	0	0.05035	0.05843
V786	0.18774	0.28611	0	0.48282	0.04333
V787	0.13292	0.6487	0	0.13261	0.08576
V788	0.34444	0.45511	0.05012	0	0.15032
V789	0.01139	0.17528	0	0.3044	0.50893
V790	0.26109	0.27364	0.04559	0.06563	0.35405
V791	0.17144	0.25463	0.06147	0.12761	0.38485
V792	0.90411	0.09276	0	0	0.00312
V793	0.30229	0.31754	0.03578	0.0518	0.29259
V794	0.0163	0.01051	0.10162	0.12463	0.74694
V795	0.12184	0.86008	0	0	0.01808
V796	0.28879	0.47773	0.101	0.09632	0.03616
V797	0.11544	0	0	0.01759	0.86698
V798	0.12162	0.52407	0	0.05115	0.30316
V799	0.03485	0.21539	0.05691	0.59715	0.09571
V800	0.02502	0.0036	0.00654	0.09233	0.87252
V801	0.40763	0.06567	0.14357	0.3408	0.04234
V802	0.03038	0.18392	0.00085	0.01463	0.77022
V803	0.35358	0.07603	0	0.52565	0.04474
V804	0.21316	0.21223	0.23324	0.27483	0.06655
V805	0.15567	0.14644	0.46858	0.10991	0.11941
V806	0.44373	0.06523	0.19742	0.02494	0.26869
V807	0.71007	0.04069	0.05136	0.01371	0.18417
V808	0.79284	0.06645	0.03149	0	0.10922
V809	0.18224	0.64566	0	0.01262	0.15948
V810	0.02828	0.06569	0.03925	0.36153	0.50525
V811	0.04623	0.0952	0.01148	0.07728	0.76981
V812	0.0322	0.67317	0.20174	0.05335	0.03954
V813	0.03052	0.19592	0.20973	0	0.56383
V814	0.19748	0.61092	0.05284	0.10943	0.02933
V815	0.21343	0.74857	0.00176	0.02897	0.00726
V816	0.02988	0.60033	0	0.3182	0.05159
V817	0.76741	0.08472	0.14787	0	0
V818	0.04011	0.19437	0.35041	0.0183	0.39681
V819	0.90703	0.09297	0	0	0
V820	0.07692	0.43466	0.1339	0.30632	0.0482
V821	0.00358	0	0	0.02352	0.97291
V822	0.23271	0.03318	0.01	0.709	0.01512
V823	0.04429	0.06924	0.21543	0	0.67104
V824	0.06026	0.02553	0.0119	0.0133	0.88901
V825	0.15861	0	0.72357	0.11783	0
V826	0.04825	0	0.94897	0.00278	0
V827	0.34725	0.23531	0	0.28128	0.13616
V828	0.21873	0.17461	0.09338	0.02582	0.48747
V829	0.09004	0.08426	0.32385	0.11729	0.38456
V830	0.15353	0	0.71682	0.00087	0.12878
V831	0.03474	0.79096	0.03286	0.10837	0.03308
V832	0.20244	0.00142	0.06949	0.16634	0.56031
V833	0.17088	0.78579	0	0	0.04333
V834	0.72928	0.19033	0.0141	0	0.06629
V835	0.25654	0.35596	0.08653	0.19125	0.10972
V836	0.35976	0.10611	0.48227	0.05185	0
V837	0.03854	0.84756	0	0.02473	0.08918
V838	0	0	0.11209	0.84737	0.04054
V839	0.03414	0.02087	0.06606	0.01361	0.86532
V840	0.90505	0.08782	0.00713	0	0
V841	0.22106	0.00981	0.76913	0	0
V842	0.53888	0.10012	0.22365	0.12729	0.01006
V843	0.42222	0.05756	0.14391	0.03156	0.34474
V844	0.02837	0.13986	0.80173	0.00656	0.02349
V845	0.02491	0	0	0.51886	0.45623
V846	0.09903	0.04	0.09275	0.04082	0.7274
V847	0.18939	0.01112	0.0445	0.07892	0.67607
V848	0.72785	0.07459	0	0.0443	0.15326
V849	0.14396	0.02854	0.72573	0	0.10177
V850	0.21264	0.04184	0.30955	0.09458	0.34139
V851	0.92966	0.07034	0	0	0
V852	0.22869	0.07867	0.07462	0.11151	0.50651
V853	0.04615	0.10515	0.65594	0.09463	0.09813
V854	0.04725	0.35116	0.24913	0.04451	0.30795
V855	0.10941	0.45086	0.09141	0.23213	0.11619
V856	0.14285	0.39779	0.03494	0	0.42442
V857	0.08321	0.04515	0.20199	0.32351	0.34614
V858	0.02786	0.36138	0.20467	0.14476	0.26133
V859	0.16283	0.02869	0.02379	0.71163	0.07306
V860	0.04612	0.18763	0.08142	0.57733	0.10749
V861	0.17281	0.03816	0.1771	0.59197	0.01996
V862	0.05981	0	0.01341	0.07206	0.85472
V863	0.0427	0.92475	0	0.00175	0.0308
V864	0.04262	0	0.92253	0.03485	0
V865	0.09516	0	0.72346	0.18138	0
V866	0.04564	0.03187	0.71888	0.17548	0.02813
V867	0.50477	0.07086	0	0	0.42437
V868	0.23155	0.25441	0.42787	0.06587	0.0203
V869	0.00927	0	0.01285	0.02613	0.95174
V870	0.26804	0.22631	0.07127	0.16739	0.26699
V871	0.03537	0.0427	0.09717	0.06921	0.75556
V872	0.41467	0.12387	0	0.38907	0.07239
V873	0.06122	0.37609	0.17478	0.29053	0.09738
V874	0.07834	0.04272	0	0.01568	0.86326
V875	0.01189	0.21223	0.01559	0.39539	0.3649
V876	0.41646	0.11135	0.03977	0	0.43242
V877	0.22047	0.69204	0.0158	0.05388	0.01781
V878	0.0338	0.75043	0.02907	0.16194	0.02475
V879	0.88749	0.11251	0	0	0
V880	0.08318	0.09612	0.02487	0.33197	0.46386
V881	0.01534	0	0.52433	0	0.46033
V882	0.05073	0.57612	0	0.36635	0.00681
V883	0.50213	0.24236	0	0.11867	0.13684
V884	0	0	0	0.02875	0.97125
V885	0.16838	0.06801	0.41125	0.06655	0.2858
V886	0	0	0.02434	0.16517	0.8105
V887	0.08467	0.87782	0	0	0.03752
V888	0.07005	0.13786	0.07002	0.6124	0.10966
V889	0.11282	0.84457	0.015	0.00932	0.0183
V890	0.04085	0.00708	0.18949	0.56731	0.19527
V891	0.01431	0.01512	0.97058	0	0
V892	0.56921	0.27702	0	0	0.15377
V893	0.15357	0.19402	0.53493	0.04304	0.07444
V894	0.10248	0.59721	0.03572	0.19656	0.06803
V895	0.6763	0.01882	0.30487	0	0
V896	0.22164	0.2846	0.26532	0.22212	0.00632
V897	0	0	0.05203	0.71968	0.22829
V898	0.3263	0.05137	0	0	0.62232
V899	0.55294	0.35236	0.06305	0	0.03165
V900	0.26137	0.28364	0.2994	0.13194	0.02365
V901	0.68494	0.10156	0	0.11751	0.09599
V902	0.83733	0.10616	0	0.0087	0.04781
V903	0.31118	0.13019	0.07812	0.41851	0.062
V904	0.69956	0.13672	0.15537	0	0.00836
V905	0.02573	0.34535	0.06208	0.25045	0.31639
V906	0.15688	0.03185	0.49023	0.03907	0.28197
V907	0.72048	0.15081	0.05406	0.02624	0.04841
V908	0.02936	0.40491	0.04753	0.42282	0.09539
V909	0.021	0.14883	0.01181	0.66928	0.14907
V910	0.66587	0.21819	0	0.02724	0.08871
V911	0.04771	0.2452	0.5211	0	0.186
V912	0.03437	0.01044	0.15486	0.04702	0.75331
V913	0.17049	0.03928	0.09482	0.59097	0.10444
V914	0.77898	0.08481	0	0.07559	0.06062
V915	0.16943	0.19721	0.03415	0	0.59921
V916	0.76062	0.05741	0.1118	0	0.07017
V917	0.37541	0.08621	0	0	0.53839
V918	0.58655	0.16436	0.23124	0.00213	0.01572
V919	0.42207	0.24988	0	0.1989	0.12916
V920	0.22662	0.01624	0.16151	0.57753	0.0181
V921	0.17128	0.19986	0.09876	0	0.53011
V922	0.04176	0	0.69366	0	0.26458
V923	0.14054	0.49009	0.00071	0.02693	0.34174
V924	0.50179	0.18955	0	0.17324	0.13542
V925	0.15737	0.1183	0.52166	0.10945	0.09321
V926	0.01664	0.01093	0	0.02606	0.94636
V927	0.54044	0.29464	0.10663	0.04734	0.01095
V928	0.11976	0.29322	0.22921	0.11666	0.24116
V929	0.05003	0.25026	0	0.00402	0.69568
V930	0.06704	0	0.05524	0.01018	0.86754
V931	0.44317	0.18896	0	0.01543	0.35244
V932	0.04924	0.12062	0.04282	0.2346	0.55272
V933	0.29869	0.01941	0.04702	0.19422	0.44066
V934	0.65719	0.06559	0.27721	0	0
V935	0.56924	0.15064	0.12438	0.0213	0.13444
V936	0.34016	0.12427	0.13382	0.34543	0.05632
V937	0.12957	0.73145	0.08361	0.01876	0.03661
V938	0.07953	0.92012	0.00026	0	1e-04
V939	0	0	0.00696	0.23889	0.75415
V940	0.54045	0.13109	0.06916	0.01842	0.24088
V941	0.02101	0.13878	0.14241	0.37384	0.32396
V942	0.72903	0.27097	0	0	0
V943	0.04479	0.09049	0.04525	0.014	0.80546
V944	0.37926	0.0846	0.1355	0.37951	0.02113
V945	0.0606	0.24928	0.60808	0.01682	0.06521
V946	0.04194	0.46673	0.48807	0	0.00326
V947	0.34703	0.08705	0.00678	0.06447	0.49467
V948	0.07213	0.75072	0.0168	0.07792	0.08243
V949	0.83425	0.15806	0.00769	0	0
V950	0.08621	0.01989	0.03028	0.83914	0.02448
V951	0.34318	0.05642	0	0.41754	0.18287
V952	0.15316	0.05036	0.05433	0.55132	0.19084
V953	0.48943	0.18465	0	0.27516	0.05076
V954	0.2304	0.56188	0.04927	0.03477	0.12369
V955	0.08602	0	0.64846	0.25863	0.00689
V956	0.03812	0.54254	0.09665	0.28518	0.0375
V957	0.10109	0.79574	0.03841	0.0455	0.01926
V958	0.04854	0.87088	0	0.03047	0.05011
V959	0.08516	0	0.84724	0.03469	0.0329
V960	0.51045	0.10477	0.14751	0.05428	0.18299
V961	0.04964	0.87923	0	0.00178	0.06934
V962	0.16544	0.10963	0	0.02876	0.69617
V963	0.02619	0	0.53142	0.40281	0.03957
V964	0.01675	0	0.97104	0	0.01221
V965	0	0	0.54098	0.3809	0.07813
V966	0.02954	0	0.50387	0.05081	0.41579
V967	0.31359	0.5292	0	0	0.15721
V968	0.05163	0.93042	0	0.00723	0.01071
V969	0.11725	0.52366	0.1369	0.08256	0.13963
V970	0.16411	0.36028	0.45905	0	0.01656
V971	0.72427	0.08102	0.1891	0	0.00561
V972	0.07601	0.87838	0	0.03544	0.01018
V973	0.05328	0	0.62844	0.17649	0.14179
V974	0.0326	0.72892	0.09853	0.07556	0.06439
V975	0.04307	0.94812	0	0.00779	0.00103
V976	0.01205	0	0	0.06149	0.92647
V977	0.0205	0.12587	0.14869	0.09064	0.6143
V978	0.35926	0.19522	0.21961	0.07903	0.14688
V979	0.85215	0.14785	0	0	0
V980	0.30012	0.14326	0.11729	0.069	0.37033
V981	0.06123	0.04294	0.0462	0.01943	0.8302
V982	0.35888	0.46073	0.10951	0	0.07088
V983	0.61458	0.24471	0	0	0.14071
V984	0.1814	0.06044	0.14176	0.4909	0.12551
V985	0.03298	0.09726	0.11987	0.73168	0.01821
V986	0.48505	0.12868	0.37664	0	0.00963
V987	0.04937	0.1701	0.73084	0.03652	0.01317
V988	0.09061	0.03709	0.60624	0.22491	0.04115
V989	0.01704	0.02723	0	0.02506	0.93067
V990	0.0961	0.38844	0	0.07643	0.43903
V991	0.04483	0.08111	0.0923	0.01705	0.76471
V992	0.82372	0.17628	0	0	0
V993	0.02017	0	0.61153	0.10507	0.26323
