Neutrophils	Monocytes_CD14.CD16.	Macrophage	T_cells_.CD4..	NK_cells
V1	0.34177	0.12205	0.25371	0.13482	0.14765
V2	0.0652	0.76685	0.05638	0.05208	0.05949
V3	0.07516	0.00665	0.43744	0.42352	0.05724
V4	0.01792	0.00134	0.23092	0.08235	0.66746
V5	0.02064	0	0.05131	0.13172	0.79633
V6	0.35288	0.01432	0.27497	0.22835	0.12948
V7	0.01325	0.02885	0.4175	0.09128	0.44912
V8	0.00776	0.03101	0.85787	0.06369	0.03967
V9	0.06805	0	0.25309	0.61701	0.06184
V10	0.47217	0.02578	0.46413	0	0.03792
V11	0.04216	0.00573	0.09762	0.0978	0.75668
V12	0.09044	0	0.21636	0.31828	0.37492
V13	0.14316	0.03065	0.03419	0.42891	0.36309
V14	0.16773	0	0.06605	0.63484	0.13139
V15	0.04287	0.00863	0	0.84924	0.09926
V16	0.57498	0.06752	0.00907	0.31094	0.03748
V17	0.07518	0.23641	0.01243	0.08266	0.59331
V18	0.09613	0.40999	0.25458	0.2	0.03929
V19	0.03584	0	0	0.14475	0.81941
V20	0.00356	0.00502	0.71763	0.22036	0.05342
V21	0.03263	0.24746	0.12839	0.17649	0.41503
V22	0.8202	0.07971	0.06388	0	0.0362
V23	0.08647	0.00183	0.01681	0.16324	0.73165
V24	0.46378	0.11657	0.01556	0.05164	0.35245
V25	0.03884	0.01249	0.01088	0.43326	0.50453
V26	0.483	0.2005	0.05905	0.04059	0.21686
V27	0.12981	0.49359	0.1824	0.01118	0.18302
V28	0.04557	0.06029	0.19719	0.61122	0.08573
V29	0.01551	0	0.32056	0.59163	0.0723
V30	0.74362	0.1048	0.02464	0.01453	0.11242
V31	0.4304	0.13812	0.00907	0.23005	0.19236
V32	0.93222	0	0.00272	0	0.06506
V33	0.03426	0.1871	0.01226	0.14017	0.62622
V34	0.12327	0.83365	0.0127	0.00453	0.02584
V35	0.09953	0.60653	0.25037	0.02034	0.02323
V36	0.03691	0.16298	0.16454	0.11164	0.52392
V37	0.75363	0	0	0.00993	0.23643
V38	0.1292	0.018	0.47784	0.20349	0.17146
V39	0.33955	0.02864	0.33134	0.01621	0.28427
V40	0.22754	0.60579	0.02055	0.09332	0.0528
V41	0.06088	0.82612	0.01955	0.00658	0.08686
V42	0.87309	0.03352	0.01748	0	0.07592
V43	0.49087	0.12378	0.34904	0.00899	0.02732
V44	0.03797	0.28685	0.54676	0.00132	0.12709
V45	0.05147	0.65633	0.09635	0.13142	0.06443
V46	0.12017	0.74804	0.07091	0.02458	0.0363
V47	0	0.03192	0.91973	0	0.04836
V48	0.17736	0.1167	0.21906	0.33111	0.15577
V49	0.47514	0.13959	0.22573	0.12751	0.03204
V50	0.01715	0.0499	0.89581	0	0.03714
V51	0.11266	0.2563	0.19416	0.07576	0.36112
V52	0.06316	0.88713	0.01448	0.00723	0.028
V53	0.04719	0.15746	0.00748	0.71423	0.07365
V54	0.22395	0	0.00551	0.54976	0.22079
V55	0.0886	0	0	0.82598	0.08541
V56	0.08388	0	0	0.74223	0.17389
V57	0.15955	0.12439	0.5584	0.02176	0.1359
V58	0.07422	0	0.12732	0.22648	0.57198
V59	0.87	0.01643	0.08817	0	0.0254
V60	0.43408	0.19774	0.12334	0.11937	0.12546
V61	0.20172	0	0.02166	0.24373	0.53289
V62	0.06664	0.01058	0.29742	0.1563	0.46907
V63	0.40297	0.2546	0.06045	0.03797	0.244
V64	0.9347	0.0169	0.01944	0	0.02897
V65	0.10214	0.06224	0.03649	0.61456	0.18457
V66	0.04189	0	0.12633	0.75034	0.08144
V67	0.01501	0.00417	0.33428	0.12057	0.52597
V68	0.47665	0.00144	0.3994	0.02611	0.0964
V69	0.60489	0.1124	0.19936	0.00789	0.07546
V70	0.07393	0.69334	0.04704	0.14242	0.04327
V71	0.10288	0.76345	0.04782	0.0543	0.03155
V72	0.05257	0.38919	0.02392	0.05695	0.47737
V73	0.07099	0	0.09519	0.57828	0.25554
V74	0.03325	0.04622	0.00625	0.76786	0.14642
V75	0.47761	0.18269	0.30694	0	0.03276
V76	0.02803	0	0.01303	0.82091	0.13803
V77	0.01682	0.02454	0.89025	0.02915	0.03925
V78	0	0.04026	0.91122	0	0.04852
V79	0.09304	0.38998	0.04036	0.15042	0.3262
V80	0.13008	0.71787	0.00885	0.04879	0.09442
V81	0.00574	0.03306	0.92135	0	0.03985
V82	0.2479	0.14711	0.02784	0.51903	0.05812
V83	0.11303	0.06143	0.01911	0.54615	0.26029
V84	0.10277	0.15408	0.00254	0.09071	0.6499
V85	0	0.03263	0.9253	0	0.04207
V86	0.03749	0.23938	0.29756	0.37275	0.05282
V87	0.46902	0	0.03967	0.43266	0.05866
V88	0.32047	0.15112	0.05068	0.2019	0.27582
V89	0.04289	0.11017	0.78673	0.0265	0.0337
V90	0.03176	0.16774	0.05408	0.13707	0.60935
V91	0.02576	0	0.07451	0.81596	0.08377
V92	0.24697	0.02136	0.02329	0.08749	0.6209
V93	0.0272	0.06874	0.15818	0.51868	0.2272
V94	0.05287	0.15519	0.01978	0.26409	0.50807
V95	0.0744	0.21697	0.02022	0.13503	0.55337
V96	0.80592	0	0.02275	0.0187	0.15263
V97	0.17146	0.01049	0.0407	0.15197	0.62537
V98	0.06635	0.36338	0.17706	0.13193	0.26128
V99	0.51649	0.1267	0.00165	0.21591	0.13925
V100	0.54091	0.15605	0.04963	0.05311	0.2003
V101	0.07119	0.87445	0.02136	0.0062	0.0268
V102	0.32039	0.23261	0.13456	0.10869	0.20375
V103	0.129	0	0	0.09825	0.77275
V104	0.06056	0.39924	0.0828	0.05321	0.40419
V105	0.02394	0	0.03549	0.14139	0.79919
V106	0.06084	0.73802	0.14548	0.00532	0.05034
V107	0.05109	0.21792	0.65855	0.03523	0.03721
V108	0.01593	0.1847	0.76714	0	0.03224
V109	0.07367	0.20034	0.05461	0.29315	0.37822
V110	0.18283	0.4962	0.18274	0.09948	0.03874
V111	0.28814	0.2241	0.46665	0	0.02111
V112	0.18674	0	0.0995	0.47772	0.23604
V113	0.24337	0	0.09828	0.17837	0.47999
V114	0.58115	0.06663	0.0477	0.16949	0.13503
V115	0.87751	0	0	0.00016	0.12233
V116	0.02435	0	0	0.11707	0.85857
V117	0.04976	0.02079	0.79902	0.07227	0.05815
V118	0.05877	0	0	0.83669	0.10453
V119	0.34233	0.01054	0.38889	0.22534	0.0329
V120	0.00921	0.01226	0.80427	0.10325	0.07101
V121	0.19504	0.71101	0.00829	0.0084	0.07726
V122	0.05115	0.37544	0.0846	0.23819	0.25062
V123	0.50506	0.02775	0.07353	0.19434	0.19932
V124	0.22445	0.09518	0.05968	0.24231	0.37838
V125	0.04649	0.44409	0.47611	0	0.03331
V126	0.16583	0.17235	0.21631	0.12944	0.31607
V127	0.28465	0.00017	0.64642	0.03521	0.03354
V128	0.20313	0.74431	0.01697	0	0.03558
V129	0.27972	0.02197	0.26784	0.1823	0.24816
V130	0.04911	0.49104	0.04378	0.22384	0.19224
V131	0.03002	0	0.22286	0.67779	0.06932
V132	0.36332	0.00267	0	0.35047	0.28354
V133	0.0099	0.04651	0.54618	0.10195	0.29546
V134	0.07137	0.02869	0.77099	0.01926	0.10969
V135	0.02408	0.1019	0.71405	0.02495	0.13501
V136	0.95893	0.00328	0.00501	0	0.03278
V137	0.90364	0.02889	0.00316	0.01297	0.05134
V138	0.2595	0.12969	0.07705	0.15511	0.37864
V139	0.13008	0	0.14915	0.65203	0.06875
V140	0.03308	0	0.14745	0.09111	0.72836
V141	0.02195	0.21703	0.63356	0.08687	0.04059
V142	0.21865	0	0.32517	0.14407	0.31212
V143	0.02719	0.18637	0.47582	0.14475	0.16588
V144	0.50921	0.21254	0.06815	0.11205	0.09805
V145	0	0.03754	0.89985	0.00657	0.05605
V146	0.05268	0.33295	0.00772	0.31769	0.28896
V147	0.09862	0.06364	0.67807	0.09726	0.06241
V148	0.15902	0.76063	0.01749	0.02534	0.03752
V149	0.03004	0	0	0.83609	0.13387
V150	0.14724	0.18956	0.57279	0	0.09042
V151	0.44569	0	0.00698	0.40149	0.14584
V152	0.03025	0	0.10584	0.72593	0.13797
V153	0.1785	0.17629	0.45277	0.04808	0.14437
V154	0.12796	0.58058	0.02785	0.04257	0.22103
V155	0.05155	0	0.12581	0.74234	0.0803
V156	0.10802	0.01476	0.39844	0.16795	0.31083
V157	0.10508	0.02514	0.16606	0.30221	0.40151
V158	0.20179	0	0.44274	0.06019	0.29528
V159	0.12925	0.20756	0.01391	0.56342	0.08586
V160	0.46409	0.15225	0.09332	0.05137	0.23897
V161	0.22386	0.00248	0.05703	0.07457	0.64205
V162	0	0.0437	0.91582	0	0.04048
V163	0.06163	0	0.00581	0.13076	0.8018
V164	0.91193	0.0526	0.01238	0	0.02309
V165	0.60863	0.20837	0.08354	0.03837	0.06109
V166	0.06504	0	0.23064	0.57284	0.13148
V167	0.05378	0.6282	0.0229	0.131	0.16413
V168	0	0.0437	0.91582	0	0.04048
V169	0.06837	0.6686	0.15448	0.06975	0.03879
V170	0.25412	0.37547	0.05619	0.18495	0.12928
V171	0.32391	0.07265	0.36069	0.16838	0.07438
V172	0.18951	0.21152	0.06885	0.06455	0.46556
V173	0.22607	0.08662	0.0882	0.40383	0.19529
V174	0.21933	0	0.34949	0.20804	0.22314
V175	0.08821	0.12895	0.11678	0.21074	0.45532
V176	0.38192	0	0.00123	0.56098	0.05587
V177	0.20411	0.0242	0.56847	0.16372	0.0395
V178	0.29294	0.03268	0.45998	0.10888	0.10553
V179	0.10499	0	0	0.10201	0.79301
V180	0.03334	0.00454	0.34255	0.06314	0.55643
V181	0.07739	0.26549	0	0.10949	0.54763
V182	0.56203	0.22405	0.00471	0.1465	0.0627
V183	0.08048	0.87239	0.01364	0	0.0335
V184	0.33332	0	0.29336	0.31408	0.05923
V185	0.11675	0.47047	0.02569	0.15152	0.23557
V186	0.14804	0.16691	0.02723	0.27281	0.385
V187	0.09306	0.66827	0.00867	0.18987	0.04014
V188	0.84711	0.02127	0.03207	0.06928	0.03027
V189	0.45878	0.23272	0.03587	0.23409	0.03854
V190	0.42789	0.05468	0.21591	0.03016	0.27136
V191	0.22911	0.20987	0.00403	0.4095	0.14749
V192	0.33371	0.17881	0.12498	0.21087	0.15162
V193	0.07703	0.19968	0.51376	0.04514	0.1644
V194	0.2757	0.03341	0.08403	0.14029	0.46657
V195	0.5759	0.16584	0.2335	0	0.02476
V196	0.01813	0	0.0496	0.13212	0.80014
V197	0.0793	0.84618	0.01265	0.02815	0.03372
V198	0.24142	0.21233	0.03551	0.21673	0.29401
V199	0.77097	0	0.21295	0	0.01608
V200	0.769	0	0.02609	0.0221	0.1828
V201	0.05233	0	0.01549	0.69259	0.23959
V202	0.90749	0.06134	0	0	0.03116
V203	0.53186	0.24703	0.0274	0.05296	0.14075
V204	0.34714	0.06558	0.03076	0.05055	0.50597
V205	0.12532	0.01302	0.1142	0.13271	0.61475
V206	0.06431	0.0851	0	0.74265	0.10794
V207	0.04287	0.00863	0	0.84924	0.09926
V208	0.16627	0.21008	0.47112	0.04297	0.10955
V209	0.16897	0.00256	0.09387	0.09955	0.63506
V210	0	0.03057	0.91999	0	0.04944
V211	0.16635	0.00667	0.20002	0.08303	0.54393
V212	0.07301	0.73683	0.07951	0.03825	0.07239
V213	0.10788	0	0.05349	0.29533	0.54329
V214	0.03494	0.5374	0.37164	0.00918	0.04684
V215	0.26132	0.20979	0.13452	0.09757	0.29679
V216	0.0655	0.02268	0.32613	0.0879	0.4978
V217	0.02479	0	0.0195	0.79587	0.15984
V218	0.08751	0.17403	0.28145	0.33458	0.12242
V219	0.14016	0.25993	0.37829	0.18297	0.03865
V220	0.19339	0.71569	0.06216	0.00034	0.02842
V221	0.05104	0.05351	0.49387	0.04124	0.36034
V222	0.03278	0	0	0.12226	0.84496
V223	0.54118	0	0.31267	0.10781	0.03835
V224	0.0594	0.53435	0.02773	0.10024	0.27828
V225	0.6998	0.15698	0.12156	0	0.02166
V226	0.4454	0.52385	0.00402	0	0.02674
V227	0.11025	0.2488	0.00706	0.54832	0.08557
V228	0.60045	0.01542	0.26857	0.059	0.05656
V229	0.27486	0.38572	0.25579	0.03422	0.0494
V230	0.03018	0	0	0.12225	0.84756
V231	0.07964	0.59096	0.06195	0.16354	0.10391
V232	0.80363	0.00092	0.17855	0	0.0169
V233	0.07091	0.00449	0.14368	0.15417	0.62675
V234	0.03617	0.36239	0.20745	0.33	0.06399
V235	0.95571	0.01076	0	0.00434	0.02918
V236	0.08897	0.00507	0.63541	0.18656	0.08399
V237	0.13896	0.06254	0.26144	0.32283	0.21423
V238	0.02379	0	0	0.32994	0.64627
V239	0.08338	0.39211	0.04918	0.18861	0.28673
V240	0.07785	0.81222	0.01895	0.01822	0.07276
V241	0.0633	0.88723	0.01433	0.00075	0.0344
V242	0.05009	0.30724	0.28846	0.26267	0.09153
V243	0.49347	0	0.32548	0.02676	0.15429
V244	0.04721	0.39335	0.18599	0.09913	0.27432
V245	0.06121	0.85663	0.03566	0.01998	0.02652
V246	0.60378	0.2637	0.02753	0.0012	0.10379
V247	0.20039	0.09411	0.60871	0.04126	0.05554
V248	0.10832	0.58854	0.02825	0.03119	0.24369
V249	0.26681	0.0507	0.20231	0.12364	0.35654
V250	0.025	0.02936	0.64067	0.05027	0.2547
V251	0.23156	0.00261	0.08747	0.57638	0.10198
V252	0.03198	0.11248	0.54245	0.15316	0.15993
V253	0.29422	0.55425	0.08284	0.0341	0.03459
V254	0.50858	0.38296	0.00139	0.06962	0.03745
V255	0.81058	0.07701	0	0.01315	0.09927
V256	0.05702	0.73513	0.02488	0.02276	0.16022
V257	0.44479	0.29074	0.1411	0.03046	0.09291
V258	0.17525	0.30937	0.04773	0.41615	0.0515
V259	0.52888	0.26443	0.17003	0	0.03665
V260	0.27384	0.01332	0.10196	0.12505	0.48583
V261	0.03156	0.01017	0.50281	0.29272	0.16274
V262	0.90387	0.02025	0.04877	0	0.02711
V263	0.79406	0.07704	0.01036	0.09309	0.02546
V264	0.07891	0.84012	0.01994	0.03414	0.02688
V265	0.8197	0.08077	0.0731	0.00026	0.02616
V266	0.02626	0	0.07529	0.11841	0.78004
V267	0.06183	0	0	0.22287	0.7153
V268	0.20764	0.41514	0.13747	0.16779	0.07196
V269	0.09973	0.31286	0.34686	0.17926	0.06128
V270	0.06641	0	0.02799	0.82289	0.0827
V271	0.22307	0.69442	0.01495	0.01808	0.04949
V272	0.11245	0.78312	0.0329	0.01437	0.05716
V273	0.30358	0	0.17305	0.33247	0.1909
V274	0.10822	0.02051	0.03359	0.24945	0.58823
V275	0.05966	0.67705	0.14605	0.07792	0.03933
V276	0.01474	0.01159	0.68341	0.22326	0.067
V277	0.37144	0	0.57947	0	0.04909
V278	0.01937	0.02369	0.3312	0.45409	0.17166
V279	0.15841	0	0.00773	0.71659	0.11727
V280	0.20867	0.0012	0.03447	0.60777	0.14788
V281	0.04745	0.20858	0.04078	0.63223	0.07096
V282	0.07178	0.88001	0.01405	0.00031	0.03386
V283	0.36745	0	0.10552	0.06555	0.46148
V284	0.03184	0.12167	0.52085	0.02494	0.3007
V285	0.49583	0.45541	0.00304	0.01664	0.02907
V286	0.08103	0.03436	0.81877	0.02564	0.0402
V287	0.25961	0.04884	0.16539	0.29963	0.22654
V288	0.20866	0.00617	0.62575	0.0063	0.15312
V289	0.17282	0.20841	0.02162	0.53714	0.06001
V290	0.41599	0.43894	0.12791	0	0.01716
V291	0.4127	0.19897	0.00393	0.3383	0.0461
V292	0.12759	0.01531	0.40428	0.0683	0.38452
V293	0.0031	0.12215	0.78461	0.03917	0.05098
V294	0.02368	0	0.00041	0.11652	0.85939
V295	0.0292	0.01244	0.32033	0.50726	0.13077
V296	0.83884	0.11125	0	0	0.04991
V297	0.02092	0.01724	0.76284	0.12119	0.07781
V298	0.30106	0	0	0.54046	0.15848
V299	0.27303	0	0.00549	0.65846	0.06302
V300	0.95813	0.01349	0	0	0.02838
V301	0.95105	0	0.00361	0.01138	0.03396
V302	0.02481	0	0.00044	0.44038	0.53438
V303	0.12073	0.15825	0.20859	0.19756	0.31487
V304	0.18919	0.03644	0.72733	0	0.04704
V305	0.21924	0.30424	0.08948	0.12049	0.26655
V306	0.31665	0.6337	0.00638	0.00727	0.036
V307	0.24651	0	0.26308	0.44441	0.04601
V308	0.24127	0.00918	0.65274	0.06164	0.03518
V309	0.65501	0.05439	0.0473	0.11374	0.12957
V310	0.04678	0.0044	0.00126	0.17942	0.76815
V311	0.03392	0	0.03679	0.83476	0.09454
V312	0.098	0.23656	0.24245	0.03779	0.38521
V313	0.0799	0.2824	0.01402	0.32302	0.30065
V314	0.09696	0	0	0.41026	0.49278
V315	0.93895	0	0.01058	0	0.05047
V316	0.11804	0.53666	0.23783	0.02758	0.0799
V317	0.38725	0.0786	0.49409	0	0.04006
V318	0.90005	0	0.00072	0	0.09923
V319	0.10309	0.0662	0.79946	0	0.03126
V320	0.0954	0	4e-04	0.81382	0.09037
V321	0.14527	0.32083	0.29584	0.1855	0.05256
V322	0.01644	0.25556	0.55413	0.04975	0.12412
V323	0.2572	0.20599	0.42398	0.01545	0.09739
V324	0.06033	0.02454	0.03918	0.78958	0.08637
V325	0.63405	0.09636	0.08235	0.10614	0.0811
V326	0.06215	0	0.04999	0.20079	0.68706
V327	0.32814	0.47294	0.10682	0.01618	0.07592
V328	0.06463	0.27388	0.15886	0.43988	0.06274
V329	0.01836	0.03793	0.38012	0.49843	0.06516
V330	0.07943	0.03429	0.81133	0	0.07495
V331	0.14783	0.00155	0.08549	0.15033	0.61481
V332	0.47004	0.04517	0.4385	0	0.0463
V333	0.42036	0.01761	0.30287	0.15331	0.10585
V334	0.04873	0.27692	0.53434	0.07327	0.06674
V335	0.72317	0.04641	0.07985	0.02904	0.12153
V336	0.16475	0.55469	0.24761	0	0.03295
V337	0.023	0	0.0078	0.22884	0.74036
V338	0.72553	0.00933	0.14945	0.01042	0.10526
V339	0.21152	0.51942	0.17822	0	0.09084
V340	0.04777	0.14894	0.10726	0.11317	0.58287
V341	0.03092	0.47196	0.41488	0.00507	0.07716
V342	0.30162	0.14176	0.43717	0.09344	0.02602
V343	0.6975	0	0.28408	0	0.01842
V344	0.11002	0.72495	0.04669	0.02587	0.09247
V345	0.231	0.03035	0.00035	0.31263	0.42567
V346	0.04908	0.29742	0.30775	0.27717	0.06858
V347	0.09861	0.49906	0.02747	0.30011	0.07476
V348	0.02729	0.12776	0.43798	0.24177	0.1652
V349	0.07017	0.29579	0.51047	0.01393	0.10964
V350	0.12467	0.39998	0.08392	0.23101	0.16042
V351	0.18838	0.01642	0.43095	0.3095	0.05476
V352	0.11226	0.52365	0.33478	0	0.02931
V353	0.26008	0.3169	0.03678	0.06795	0.31829
V354	0.56565	0.01455	0.40187	0	0.01793
V355	0.10029	0.00197	0.33037	0.5064	0.06097
V356	0.0916	0.03278	0.80269	0.01166	0.06126
V357	0.04994	0.03232	0.50639	0.05737	0.35398
V358	0.05074	0.01551	0.03123	0.81223	0.09028
V359	0.07447	0.09549	0.00619	0.74826	0.07559
V360	0.71321	0.03755	0.08894	0.135	0.0253
V361	0.33695	0.47018	0.08876	0	0.10411
V362	0.81539	0	0.0924	0	0.09221
V363	0.04751	0.01346	0.00135	0.21703	0.72065
V364	0.05973	0.27162	0.02332	0.4322	0.21313
V365	0.02915	0	0.00536	0.84849	0.117
V366	0.21422	0.0369	0.58733	0.05708	0.10447
V367	0.23947	0.2068	0.20557	0.1707	0.17746
V368	0.74711	0.07984	0.12217	0	0.05088
V369	0.05265	0.62539	0.22704	0.06838	0.02654
V370	0.03971	0.141	0.11935	0.37566	0.32429
V371	0.06922	0.8544	0.05125	0	0.02513
V372	0.65574	0.05863	0.14411	0.09811	0.04341
V373	0.12619	0.63162	0.12788	0.08297	0.03134
V374	0.11097	0.03577	0.37505	0.42991	0.0483
V375	0.31096	0.00856	0.59547	0.05831	0.02671
V376	0.01818	0	0.39874	0.06546	0.51762
V377	0.10012	0.48893	0.20369	0.17041	0.03684
V378	0.14107	0.53166	0.17253	0.0067	0.14804
V379	0.03733	0	0.10346	0.15071	0.70849
V380	0.03479	0.03683	0.16793	0.50581	0.25464
V381	0.1607	0.03183	0.00022	0.08977	0.71748
V382	0.42013	0	0	0.30468	0.27519
V383	0.0479	0	0.2637	0.6244	0.064
V384	0.30434	0.02879	0.16347	0.4139	0.08951
V385	0.10012	0.08287	0.00147	0.09309	0.72244
V386	0.66689	0	0.00093	0.29411	0.03807
V387	0.28452	0.00267	0.00236	0.62698	0.08347
V388	0.06819	0.80145	0.04132	0.05618	0.03286
V389	0.13086	0.74378	0.02396	0.03018	0.07122
V390	0.19024	0	0	0.65733	0.15242
V391	0.70483	0.15168	0	0.06408	0.0794
V392	0.93271	0.037	0.00518	0	0.02511
V393	0.11753	0.00453	0.14655	0.53249	0.1989
V394	0.72096	0	0.0217	0.14971	0.10762
V395	0.01676	0	0.36673	0.54723	0.06928
V396	0.54719	0.02354	0.40548	0	0.02378
V397	0.67433	0.13238	0.03343	0.10119	0.05867
V398	0.07681	0	0.16045	0.6286	0.13415
V399	0.05858	0.01173	0	0.31615	0.61354
V400	0.17398	0.5128	0.15533	0.13114	0.02675
V401	0.32772	0.0013	0.62822	0.01708	0.02568
V402	0.38414	0.02273	0.44099	0.06026	0.09188
V403	0.16305	0.05939	0	0.19024	0.58732
V404	0.01433	0.04279	0.47535	0.37743	0.09009
V405	0.35592	0.2495	0.07029	0.20975	0.11455
V406	0.01675	0.04641	0.88538	0	0.05145
V407	0.88609	0.0348	0.03369	0.02255	0.02287
V408	0.05376	0.36438	0.00814	0.26508	0.30863
V409	0.12463	0	0.05794	0.66461	0.15281
V410	0.1358	0.12053	0.31865	0.07281	0.35221
V411	0.02408	0	0	0.12469	0.85123
V412	0.03657	0.12932	0.12564	0.09247	0.61601
V413	0.0432	0.24078	0.14934	0.36402	0.20267
V414	0.06205	0.07205	0	0.47884	0.38707
V415	0.16949	0	0	0.09124	0.73927
V416	0.12158	0.07123	0.01718	0.20226	0.58775
V417	0.01145	0.01685	0.75235	0.12447	0.09489
V418	0.53598	0.39139	0.02318	0.00265	0.04679
V419	0.26003	0.00027	0.01496	0.17317	0.55157
V420	0.23581	0	0.09521	0.10155	0.56743
V421	0.01818	0	0.12332	0.12847	0.73003
V422	0.03743	0	0.04605	0.7014	0.21512
V423	0.30307	0.1781	0.28507	0.18285	0.05092
V424	0.01011	0.00256	0.48458	0.04866	0.45409
V425	0.33878	0.37007	0	0.02831	0.26284
V426	0.25058	0.16817	0.01941	0.44547	0.11637
V427	0.20838	0.61578	0.15002	0	0.02582
V428	0.10807	0.62925	0.07835	0.08692	0.09742
V429	0.13115	0.7563	0.00995	0.05663	0.04597
V430	0.04338	0.00503	0.40707	0.21189	0.33263
V431	0.12925	0.35725	0.19719	0.23771	0.0786
V432	0.31972	0.04833	0.12423	0.34533	0.1624
V433	0.20667	0	0.51859	0.2171	0.05764
V434	0.2485	0.27719	0.36954	0.00868	0.09609
V435	0.55873	0.04102	0.35792	0.01474	0.02758
V436	0.07635	0.57495	0.10314	0.06078	0.18479
V437	0.20546	0	0.02369	0.21997	0.55088
V438	0.14979	0.29339	0.19726	0.27068	0.08888
V439	0.61726	0	0.0425	0.29204	0.04821
V440	0.0313	0.34885	0.53791	0.01007	0.07187
V441	0.04407	0.52797	0.37292	0.02212	0.03292
V442	0.07153	0.8801	0.02168	0	0.0267
V443	0.94407	0	0.0033	0.02529	0.02734
V444	0.16745	0.4208	0.03358	0.31126	0.0669
V445	0.08505	0.39868	0.04229	0.41304	0.06095
V446	0.13062	0.01283	0.09857	0.56702	0.19097
V447	0.08347	0	0.00605	0.47677	0.43372
V448	0.17425	0	0.01191	0.10358	0.71026
V449	0	0.0437	0.91582	0	0.04048
V450	0.22066	0.07424	0.24719	0.15427	0.30365
V451	0.28807	0.1845	0.06105	0.33345	0.13293
V452	0.0313	0	0.15536	0.70266	0.11069
V453	0.03763	0	0	0.48702	0.47535
V454	0.01336	0.01178	0.67757	0.04223	0.25506
V455	0.07586	0.2166	0.27564	0.07563	0.35626
V456	0.93377	0.00512	0	0.00682	0.05429
V457	0.66142	0.20386	0.03459	0.04508	0.05504
V458	0.03338	0.35798	0.49444	0.04905	0.06514
V459	0.15481	0.04182	0.05221	0.49388	0.25729
V460	0.68405	0.03113	0.19724	0.0469	0.04067
V461	0.19963	0.29364	0.24203	0.03019	0.23452
V462	0.07165	0.06196	0.01116	0.51624	0.33899
V463	0.23159	0.04206	0.01099	0.64626	0.06911
V464	0.16652	0.18197	0.61904	0	0.03248
V465	0.05914	0.084	0.00995	0.11293	0.73399
V466	0.03992	0	0	0.1878	0.77228
V467	0.07844	0.24017	0.02304	0.52499	0.13336
V468	0.55159	0.29776	0.10856	0	0.04209
V469	0.04003	0.31755	0.05753	0.28628	0.29861
V470	0.83366	0.04932	0.02505	0.06195	0.03002
V471	0.3945	0.28527	0.02845	0.1414	0.15038
V472	0.0256	0.01687	0.03615	0.10875	0.81263
V473	0.04845	0.20333	0.24006	0.31558	0.19258
V474	0.3071	0.11934	0.06026	0.43153	0.08176
V475	0.16725	0.02423	0.58862	0.03613	0.18377
V476	0.17473	0.0133	0.0978	0.60148	0.11269
V477	0.06301	0.88764	0.02208	0	0.02727
V478	0.18396	0	0	0.08946	0.72658
V479	0.83466	0.04935	0.03274	0.05386	0.02939
V480	0.14835	0.63489	0.0609	0.10265	0.05321
V481	0.25414	0.35605	0.06422	0.17969	0.1459
V482	0.12086	0.65969	0.18561	0	0.03385
V483	0.31689	0.51842	0.00349	0.0938	0.0674
V484	0.22762	0.49924	0.11854	0.11566	0.03894
V485	0.66495	0.06848	0.1165	0.10637	0.0437
V486	0.07812	0.06369	0.29305	0.05551	0.50962
V487	0.14653	0.1158	0.40711	0.28484	0.04573
V488	0.42288	0.05506	0	0.33838	0.18368
V489	0.01224	0.22813	0.64852	0.0633	0.0478
V490	0.0128	0.01554	0.73001	0.19113	0.05051
V491	0.05494	0.45025	0.05063	0.12369	0.32048
V492	0.05445	0.12586	0.03106	0.69588	0.09275
V493	0.03642	0	0.00313	0.85951	0.10094
V494	0.33246	0	0.01165	0.53336	0.12254
V495	0.3415	0.20591	0.21289	0.15985	0.07985
V496	0.14785	0.01189	0.04958	0.08657	0.70411
V497	0.11397	0.01407	0.1432	0.16201	0.56675
V498	0.087	0.82746	0.03435	0.00668	0.0445
V499	0.05601	0.21407	0.25598	0.09724	0.3767
V500	0.12471	0.47415	0.11156	0.20642	0.08315
V501	0.0879	0.30903	0.01368	0.07053	0.51887
V502	0.13906	0.76591	0.04801	0.02315	0.02388
V503	0.45959	0.00255	0.20852	0.14702	0.18232
V504	0.48206	0.19526	0.00275	0.02848	0.29145
V505	0.62937	0	0.01905	0.0985	0.25308
V506	0.04697	0.50763	0.06796	0.04433	0.33311
V507	0.84323	0	0.02743	0.07885	0.05049
V508	0.04417	0.61736	0.20968	0.03936	0.08943
V509	0.07226	0.44526	0.13968	0.19332	0.14948
V510	0.40492	0.48719	0.04869	0.03127	0.02793
V511	0.07143	0.30614	0.50125	0.03465	0.08653
V512	0.16129	0.44701	0.17457	0.05453	0.1626
V513	0.17607	0.65807	0.07719	0.03922	0.04945
V514	0.02191	0	0.21586	0.11279	0.64944
V515	0.09584	0.11455	0	0.71712	0.0725
V516	0.17453	0.34913	0.10997	0.31497	0.05139
V517	0.04008	0.01588	0.04904	0.8058	0.0892
V518	0.42923	0.00794	0.32292	0.1813	0.05861
V519	0.78924	0.05554	0.00278	0.11839	0.03405
V520	0.08676	0.81216	0.02676	0.04783	0.02649
V521	0.21931	0	0.12816	0.59017	0.06235
V522	0.05443	0.19115	0.55695	0.12679	0.07068
V523	0.14899	0.05805	0.72578	0.03103	0.03614
V524	0.34107	0.02871	0.55197	0	0.07825
V525	0.03332	0.18744	0.02874	0.09374	0.65676
V526	0.03931	0.04796	0.83373	0.01408	0.0649
V527	0.0899	0.47246	0.38631	0.00665	0.04468
V528	0.16573	0	0.01476	0.74747	0.07205
V529	0.21035	0.03629	0.71407	0	0.0393
V530	0.01833	0.03913	0.84266	0.03984	0.06004
V531	0.18579	0.50511	0.09205	0.02747	0.18958
V532	0.07629	0.25085	0.29255	0.03275	0.34757
V533	0.27616	0	0	0.07558	0.64826
V534	0.14551	0.05235	0	0.70906	0.09307
V535	0.8078	0.11946	0.04919	0	0.02355
V536	0.13566	0.16974	0.38051	0.05037	0.26372
V537	0.03628	0.00675	0.0099	0.11187	0.8352
V538	0.62579	0.1032	0.0014	0.04063	0.22898
V539	0.01902	0.15135	0.63673	0.09636	0.09655
V540	0.17503	0.45859	0.09174	0.06258	0.21206
V541	0.05288	0.39072	0.02392	0.07769	0.45479
V542	0.05862	0.32358	0.11192	0.40613	0.09976
V543	0.06763	0.1079	0.66152	0.04619	0.11675
V544	0.35222	0.18176	0.18132	0.07382	0.21089
V545	0.60687	0.36382	0.00875	0	0.02056
V546	0.08146	0.75164	0.08783	0.00836	0.0707
V547	0.10423	0.75068	0.00983	0.0873	0.04796
V548	0.03379	0.04798	0.00714	0.81736	0.09374
V549	0.02253	0	0.01619	0.24272	0.71856
V550	0.05741	0.80961	0.09731	0.00442	0.03125
V551	0.03776	0	0	0.86643	0.09581
V552	0.23208	0	0.01336	0.10893	0.64563
V553	0.78327	0	0.01507	0.1328	0.06885
V554	0.11876	0.04076	0.48352	0.30065	0.05632
V555	0.06185	0.86904	0.02097	0.00167	0.04646
V556	0.1007	0.03311	0.05433	0.69736	0.11451
V557	0.32028	0.23445	0.03643	0.32685	0.082
V558	0.01153	0.02872	0.75908	0.13746	0.0632
V559	0.10637	0.41429	0.42765	0	0.05169
V560	0.61662	0.23662	0.13096	0	0.0158
V561	0.71524	0	0.13458	0.00761	0.14257
V562	0.13649	0.03524	0.15259	0.14556	0.53012
V563	0.22686	0.2498	0.20524	0.11859	0.19951
V564	0.36275	0.00362	0.0579	0.35072	0.22501
V565	0.02248	0	0.00819	0.14585	0.82348
V566	0.30852	0.12798	0.02553	0.32591	0.21206
V567	0.01576	0.02917	0.9097	0	0.04536
V568	0.04164	0.21528	0.42062	0.28165	0.04081
V569	0.63413	0.08831	0.10852	0.11034	0.05869
V570	0.14733	0.0095	0.28072	0.44872	0.11373
V571	0.27431	0	0.23312	0.3373	0.15527
V572	0.84337	0	0	0.00497	0.15166
V573	0.09165	0.055	0.33563	0.37278	0.14494
V574	0.51932	0.28378	0.07753	0.07701	0.04236
V575	0.37728	0.0078	0.11873	0.08436	0.41182
V576	0.06112	0.83382	0.01975	0.01189	0.07342
V577	0.40486	0.48696	0.04077	0.03902	0.02839
V578	0.03521	0.15465	0.50888	0.21593	0.08533
V579	0.03613	0.49935	0.31411	0.02761	0.1228
V580	0.21957	0.52527	0.01911	0.18505	0.051
V581	0.06227	0.47272	0.36275	0.06828	0.03398
V582	0	0.07139	0.88913	0	0.03948
V583	0.6218	0.01126	0.34108	0.00499	0.02087
V584	0.22695	0.48828	0.10864	0.0351	0.14104
V585	0.06447	0.73674	0.07159	0.0537	0.07349
V586	0.05164	0.75187	0.16231	0.00953	0.02465
V587	0.07193	0.65812	0.01544	0.04364	0.21088
V588	0.23015	0.39165	0.3523	0	0.0259
V589	0.11489	0.39168	0.04994	0.37861	0.06488
V590	0.06697	0.74808	0.01014	0.02206	0.15275
V591	0.44627	0.48672	0.0408	0	0.02621
V592	0.02042	0.00614	0.74951	0.04021	0.18372
V593	0.4245	0	0	0.48067	0.09483
V594	0.00906	0.12957	0.63787	0.13997	0.08353
V595	0.53448	0.028	0.06485	0.30136	0.07131
V596	0.46331	0.18081	0.20689	0.10412	0.04487
V597	0.04393	0.17625	0.00381	0.17116	0.60485
V598	0.58611	0	0	0.03015	0.38375
V599	0.09249	0.38578	0.09336	0.35714	0.07124
V600	0.29085	0	0.1835	0.37698	0.14866
V601	0.15723	0.0814	0.0025	0.47791	0.28096
V602	0.80792	0.16951	0	0	0.02257
V603	0.1443	0.12325	0.02591	0.18184	0.5247
V604	0.0234	0.02232	0.69716	0.10571	0.15141
V605	0.04264	0.04569	0.12561	0.14039	0.64567
V606	0.83638	0	0	0.00561	0.15801
V607	0.17401	0.09195	0.01688	0.08453	0.63263
V608	0.76051	0.0061	0.03058	0.0771	0.1257
V609	0.19782	0.29608	0.01385	0.38063	0.11163
V610	0.10111	0.63518	0.01519	0.20775	0.04077
V611	0.27635	0.02962	0.60793	0.01004	0.07606
V612	0.3896	0.03868	0.30988	0.02493	0.23691
V613	0.399	0.52153	0.04178	0.01613	0.02157
V614	0.54379	0.01673	0.01387	0.09584	0.32977
V615	0.02871	0.07789	0.12906	0.56198	0.20236
V616	0.66597	0	0.14949	0.12541	0.05913
V617	0.23446	0.06429	0.46167	0.09093	0.14865
V618	0.72443	0.08447	0.06414	0.00719	0.11977
V619	0.55488	0.03066	0.15335	0.01726	0.24386
V620	0.05781	0.01403	0.35131	0.51352	0.06333
V621	0.15026	0.20954	0.293	0.0266	0.3206
V622	0.03167	0.19701	0.34466	0.04682	0.37984
V623	0.08579	0	0	0.67728	0.23693
V624	0.90233	0	0.00048	0.00995	0.08724
V625	0.02992	0.04724	0.09345	0.74674	0.08265
V626	0.08238	0.0227	0.54774	0.28221	0.06498
V627	0.11887	0.13904	0.11478	0.08577	0.54154
V628	0.94183	0.01636	0.00441	0.01052	0.02689
V629	0.12689	0.23459	0.59677	0.00855	0.03319
V630	0.03272	0.16681	0.02012	0.10541	0.67495
V631	0.01458	0	0.26828	0.0846	0.63254
V632	0.06658	0.7355	0.01717	0.04176	0.13898
V633	0.07063	0	0.08533	0.52851	0.31553
V634	0.40034	0.43507	0.14615	0	0.01844
V635	0.05268	0.08947	0.18253	0.08644	0.58889
V636	0.21086	0.15787	0.31119	0.18366	0.13642
V637	0.22537	0.00473	0.41223	0.24073	0.11693
V638	0.09552	0.44732	0.02505	0.10706	0.32504
V639	0.50862	0.39116	0.07737	0	0.02285
V640	0.12486	0.17092	0.08043	0.2541	0.36969
V641	0.1113	0.69112	0.03108	0.11815	0.04836
V642	0.7364	0.02713	0.00181	0.20243	0.03222
V643	0.06765	0.81587	0.07329	0.01817	0.02502
V644	0.06663	0.41662	0.02659	0.41347	0.07669
V645	0.16773	0.7165	0.02363	0.06698	0.02517
V646	0.14837	0.51245	0.03527	0.213	0.09091
V647	0.93056	0	0.0024	0.03974	0.0273
V648	0.45059	0.09679	0.00091	0.2733	0.17841
V649	0.27917	0.07524	0.07554	0.1431	0.42696
V650	0.04279	0	0.05332	0.8207	0.0832
V651	0.16092	0.19547	0	0.58545	0.05816
V652	0.3708	0	0.03004	0.53298	0.06617
V653	0.35554	0	0.04872	0.50815	0.08759
V654	0.04915	0.06342	0	0.14892	0.73852
V655	0.17074	0.04362	0.29983	0.43173	0.05407
V656	0.12498	0	0	0.1734	0.70162
V657	0.05856	0.46967	0.03526	0.30482	0.1317
V658	0.04974	0.01186	0.02847	0.60668	0.30326
V659	0.03858	0.00472	0.07474	0.74957	0.13239
V660	0.07855	0.31967	0.02189	0.09002	0.48987
V661	0.06334	0.62964	0.02282	0.16478	0.11941
V662	0.05429	0.41934	0.0247	0.0527	0.44896
V663	0.96201	0.00569	0.00557	0	0.02674
V664	0.03598	0	0.11148	0.41614	0.43639
V665	0.04432	0.60945	0.2102	0.07428	0.06175
V666	0.10386	0.81878	0.04976	0.0033	0.02429
V667	0.0495	0.52872	0.25973	0.09142	0.07064
V668	0.62959	0.23559	0.05106	0.04306	0.0407
V669	0.46533	0.30201	0.02895	0.08369	0.12003
V670	0.10805	0.60461	0.05267	0.04586	0.18882
V671	0.77058	0	0.19144	0.01218	0.02581
V672	0.10905	0.05338	0.08859	0.33067	0.41831
V673	0.02747	0.00654	0	0.19078	0.77521
V674	0.36508	0.09804	0.48357	0	0.05331
V675	0.68837	0	0.03525	0.14572	0.13067
V676	0.26232	0.10016	0.49018	0	0.14735
V677	0.06157	0.25735	0.21867	0.36443	0.09798
V678	0.06816	0.2987	0.01376	0.08978	0.52959
V679	0.02413	0.0091	0.45296	0.45147	0.06232
V680	0.17802	0	0.01237	0.37115	0.43846
V681	0.53363	0.01718	0.03918	0.29069	0.11933
V682	0	0.0437	0.91582	0	0.04048
V683	0.07143	0.18255	0.61768	0	0.12834
V684	0.07831	0	0.00296	0.83321	0.08551
V685	0.00928	0.03645	0.81695	0.09039	0.04693
V686	0.28198	0.59576	0.07555	0.01243	0.03428
V687	0.00969	0.00583	0.57779	0.34046	0.06622
V688	0	0.03888	0.90504	0	0.05607
V689	0.50612	0.04353	0.1963	0.10357	0.15048
V690	0.11323	0.81041	0.02657	0.01848	0.03132
V691	0.15727	0.11431	0.04548	0.59538	0.08756
V692	0.09129	0.00258	0.01205	0.73756	0.15651
V693	0.03167	0.49187	0.41996	0.02237	0.03413
V694	0.10611	0.1775	0.03823	0.55955	0.11862
V695	0.13742	0.09809	0.14253	0.07672	0.54524
V696	0.12528	0.00323	0.73516	0.00483	0.13148
V697	0.11619	0.09801	0.31438	0.33091	0.14051
V698	0.02855	0	0.17198	0.09674	0.70272
V699	0.05609	0	0.04413	0.64693	0.25286
V700	0.07485	0.77334	0.07942	0.00188	0.0705
V701	0.03316	0.16719	0.0119	0.09921	0.68854
V702	0.04468	0.10487	0.00538	0.64621	0.19886
V703	0.04002	0	0.023	0.84123	0.09575
V704	0.05393	0.04722	0.3888	0.06323	0.44681
V705	0.93157	0.01459	0	0	0.05384
V706	0.16779	0.13473	0.15749	0.4223	0.11769
V707	0.15623	0.10558	0.07018	0.29345	0.37456
V708	0.03649	0.57115	0.36619	0	0.02618
V709	0.02455	0	0.02719	0.11196	0.8363
V710	0.13603	0.01966	0.47619	0.02711	0.341
V711	0.06829	0	0.0121	0.12037	0.79924
V712	0.06518	0.021	0.69004	0.17108	0.0527
V713	0.25619	0.41394	0.30831	0	0.02155
V714	0.06259	0	0	0.11015	0.82726
V715	0.01698	0.2785	0.57736	0.08695	0.04021
V716	0.72618	0.18504	0.0118	0.03525	0.04173
V717	0.40593	0.15451	0.12109	0.04104	0.27743
V718	0.67611	0	0.26648	0	0.05741
V719	0.41077	0.22901	0.10507	0.11389	0.14126
V720	0.13718	0.02233	0.08575	0.11142	0.64331
V721	0.04012	0	0.04087	0.12183	0.79718
V722	0.04645	0.22218	0.05684	0.47446	0.20007
V723	0.12617	0.20535	0.10996	0.48668	0.07183
V724	0.1395	0.6316	0.04503	0.14851	0.03535
V725	0.04277	0	0	0.11302	0.84422
V726	0.22918	0.48292	0.05764	0.06292	0.16734
V727	0.00628	0.03784	0.90133	0	0.05455
V728	0.78736	0.01103	0.12238	0.05172	0.0275
V729	0.61298	0.10585	0.02494	0.21851	0.03771
V730	0.13264	0.01333	0.37903	0.37452	0.10048
V731	0.02896	0	0.0588	0.82671	0.08552
V732	0.03676	0	0.00348	0.86609	0.09367
V733	0.02757	0.05488	0.86801	0	0.04954
V734	0.50643	0.08206	0.352	0.02482	0.03469
V735	0.08447	0.14524	0.21291	0.07664	0.48074
V736	0.02755	0.02807	0.00215	0.11222	0.83001
V737	0.95509	0.01333	0.00556	0	0.02602
V738	0.04601	0.43806	0.0174	0.0601	0.43843
V739	0.04263	0	0	0.86355	0.09382
V740	0.22776	0.06507	0.10259	0.07254	0.53204
V741	0.5139	0.00696	0	0.31452	0.16462
V742	0.08282	0.02086	0.53011	0.1769	0.18931
V743	0.04502	0.03324	0.0704	0.18124	0.67011
V744	0.21003	0.04786	0.16567	0.48845	0.08799
V745	0.18523	0.00266	0.04434	0.69501	0.07276
V746	0.36088	0.54314	0.04188	0	0.05411
V747	0.02821	0.05261	0.86108	0	0.0581
V748	0.17556	0.19862	0.27567	0.07751	0.27264
V749	0.20237	0.08787	0.11733	0.42211	0.17032
V750	0.74403	0.19491	0.00542	0.03267	0.02297
V751	0.0421	0.36814	0.54222	0.01255	0.035
V752	0.04017	0.11533	0.01921	0.10314	0.72215
V753	0.5562	0.04502	0.24035	0.02393	0.13449
V754	0.13387	0.31174	0.00798	0.48837	0.05804
V755	0.23853	0.68922	0.04525	0	0.027
V756	0.03954	0.09439	0.01891	0.1429	0.70427
V757	0.18536	0	0.09124	0.65585	0.06755
V758	0.08759	0.42157	0.00328	0.4313	0.05626
V759	0.10388	0.01347	0.09519	0.08676	0.7007
V760	0.09231	0.01633	0.20676	0.28322	0.40138
V761	0.06272	0.25789	0.64462	0	0.03477
V762	0.03313	0.02642	0.1678	0.4138	0.35884
V763	0.04689	0.25639	0.00537	0.07901	0.61233
V764	0.13186	0.04401	0.08064	0.66594	0.07755
V765	0.17634	0.02763	0.64015	0.04228	0.11359
V766	0.08698	0.46957	0.24245	0.05352	0.14748
V767	0.28079	0.4626	0.06526	0.05007	0.14127
V768	0.07623	0.79488	0.05663	0.04056	0.0317
V769	0.75842	0.00278	0.18215	0	0.05665
V770	0.32241	0.00351	0.49796	0.14003	0.03609
V771	0.0843	0.69755	0.01595	0.09008	0.11212
V772	0.04842	0.04454	0.87206	0	0.03498
V773	0.0426	0	0	0.24089	0.71651
V774	0.16695	0.001	0.53095	0.01752	0.28358
V775	0.9076	0	0.01522	0.03954	0.03764
V776	0.35881	0.41707	0.15885	0.01804	0.04724
V777	0.22435	0.36881	0.24229	0.09605	0.06851
V778	0.54085	0.04683	0.00721	0.21572	0.18939
V779	0.0751	0.40605	0.47431	0.00517	0.03937
V780	0.01637	0.02973	0.91469	0	0.03921
V781	0.19046	0.29745	0.17224	0.02633	0.31351
V782	0.24423	0.22756	0.01841	0.05455	0.45525
V783	0.00552	0.00966	0.62426	0.05171	0.30885
V784	0.05458	0.59699	0.00745	0.23118	0.1098
V785	0.70719	0.13227	0	0.0868	0.07374
V786	0.18316	0.18688	0.01296	0.54127	0.07572
V787	0.15034	0.57984	0.00564	0.17555	0.08863
V788	0.38135	0.40939	0.07134	0.00164	0.13629
V789	0.03481	0.14605	0.00456	0.41508	0.39951
V790	0.2967	0.21475	0.06055	0.13246	0.29553
V791	0.19458	0.20502	0.07066	0.21304	0.3167
V792	0.93037	0.01557	0.01889	0	0.03518
V793	0.34025	0.25691	0.05259	0.10605	0.2442
V794	0.03309	0.0037	0.09838	0.23849	0.62634
V795	0.14034	0.79287	0.02576	0.00412	0.03691
V796	0.30434	0.39937	0.108	0.13462	0.05367
V797	0.14847	0	0	0.10963	0.7419
V798	0.14705	0.49576	0.01029	0.10136	0.24555
V799	0.05438	0.14696	0.04785	0.64002	0.11079
V800	0.04453	0	0.00821	0.20286	0.7444
V801	0.39083	0	0.11865	0.41848	0.07204
V802	0.05324	0.18632	0.0118	0.09292	0.65571
V803	0.31955	0.01337	0.00208	0.58493	0.08006
V804	0.21371	0.14933	0.19675	0.35395	0.08624
V805	0.15745	0.12902	0.43074	0.16264	0.12015
V806	0.49066	0.00232	0.19578	0.07402	0.23722
V807	0.7287	0	0.05943	0.04975	0.16212
V808	0.84404	0	0.04483	0	0.11112
V809	0.20767	0.58973	0.0274	0.03697	0.13823
V810	0.04873	0.04235	0.03649	0.47918	0.39326
V811	0.06945	0.08257	0.01813	0.17804	0.65181
V812	0.04561	0.63493	0.19185	0.07317	0.05445
V813	0.04643	0.20864	0.21212	0.05345	0.47936
V814	0.20862	0.53273	0.06769	0.143	0.04796
V815	0.23392	0.65653	0.03651	0.04342	0.02961
V816	0.05132	0.49205	0.01296	0.36904	0.07463
V817	0.80233	0.02596	0.14723	0.00484	0.01964
V818	0.05187	0.19833	0.34791	0.06489	0.33699
V819	0.93751	0.01519	0.01165	0.00969	0.02595
V820	0.0897	0.34715	0.12074	0.36997	0.07244
V821	0.02435	0	0	0.11707	0.85857
V822	0.20477	0	0.00985	0.71651	0.06888
V823	0.0603	0.07093	0.22089	0.06762	0.58026
V824	0.08665	0.01313	0.01699	0.10145	0.78179
V825	0.15433	0.00606	0.64103	0.1638	0.03478
V826	0.03797	0.03366	0.8808	0.01062	0.03696
V827	0.35956	0.13616	0	0.3698	0.13448
V828	0.25679	0.13075	0.10366	0.09654	0.41226
V829	0.10329	0.07522	0.30292	0.19873	0.31985
V830	0.15093	0.0191	0.67901	0.02028	0.13069
V831	0.05493	0.70279	0.05576	0.13592	0.0506
V832	0.21812	0	0.06047	0.27632	0.44509
V833	0.19439	0.73353	0.01641	0	0.05566
V834	0.74078	0.13445	0.03325	0.01652	0.075
V835	0.26562	0.27357	0.08976	0.2599	0.11116
V836	0.38181	0.06644	0.43583	0.08406	0.03186
V837	0.05918	0.78546	0.02554	0.04215	0.08767
V838	0.02316	0	0.07241	0.81247	0.09197
V839	0.0536	0.0146	0.07001	0.09909	0.7627
V840	0.93155	0.00294	0.02587	0.00905	0.03058
V841	0.21996	0.02674	0.72097	0	0.03233
V842	0.53776	0.03383	0.20453	0.18191	0.04197
V843	0.47238	0	0.14408	0.0905	0.29303
V844	0.01656	0.18043	0.73408	0.01441	0.05453
V845	0.04595	0	0	0.61006	0.34399
V846	0.1264	0.02257	0.09534	0.13434	0.62136
V847	0.21981	0	0.04449	0.18203	0.55368
V848	0.74195	0.02504	0.00091	0.08896	0.14315
V849	0.13921	0.05464	0.69192	0.00219	0.11204
V850	0.22938	0.02115	0.29052	0.17085	0.28809
V851	0.96154	0.00348	0	0	0.03497
V852	0.25631	0.04285	0.07616	0.20869	0.41599
V853	0.04033	0.12543	0.59445	0.13391	0.10588
V854	0.06212	0.33585	0.24551	0.09625	0.26027
V855	0.1232	0.36865	0.09299	0.30044	0.11473
V856	0.17267	0.37898	0.05554	0.03545	0.35737
V857	0.09545	0.02542	0.16718	0.43349	0.27846
V858	0.04506	0.33239	0.18855	0.21696	0.21704
V859	0.15123	0	0.01794	0.72921	0.10162
V860	0.0629	0.12642	0.06467	0.62845	0.11756
V861	0.16166	0.00487	0.12605	0.6399	0.06752
V862	0.08116	0	0.01334	0.1788	0.72671
V863	0.06145	0.85624	0.02799	0.00828	0.04604
V864	0.03814	0.01766	0.85404	0.0529	0.03726
V865	0.08932	0.00596	0.6302	0.23455	0.03996
V866	0.03771	0.05029	0.62675	0.22159	0.06366
V867	0.58474	0.01734	0	0.02863	0.36929
V868	0.23851	0.21697	0.39683	0.09999	0.04771
V869	0.029	0	0.01428	0.11962	0.8371
V870	0.28833	0.15317	0.07807	0.25408	0.22635
V871	0.05379	0.03386	0.09754	0.16768	0.64712
V872	0.40131	0.02548	0.00875	0.47075	0.09371
V873	0.07656	0.30798	0.1492	0.36143	0.10482
V874	0.10863	0.0325	0.00057	0.10577	0.75254
V875	0.03604	0.16683	0.02182	0.49298	0.28233
V876	0.48854	0.04698	0.05514	0.04371	0.36562
V877	0.23628	0.60753	0.04389	0.07483	0.03748
V878	0.05393	0.65744	0.04756	0.19362	0.04745
V879	0.90861	0.03928	0.01136	0.00988	0.03087
V880	0.10183	0.06154	0.02689	0.44668	0.36307
V881	0.01829	0.00434	0.52881	0.04102	0.40754
V882	0.06844	0.4528	0.01975	0.41152	0.04749
V883	0.51731	0.16626	0.01019	0.17813	0.12812
V884	0.02157	0	0	0.12521	0.85322
V885	0.17888	0.05885	0.38863	0.1269	0.24674
V886	0.01965	0	0.02312	0.28771	0.66952
V887	0.10493	0.82382	0.01937	0.00053	0.05134
V888	0.08176	0.08402	0.055	0.65962	0.1196
V889	0.13023	0.76769	0.04774	0.01775	0.0366
V890	0.05326	0	0.13695	0.63676	0.17303
V891	0	0.07052	0.88498	0.0047	0.0398
V892	0.5978	0.23328	0.01923	0.00661	0.14309
V893	0.15393	0.17865	0.50588	0.07352	0.08801
V894	0.11716	0.5054	0.05181	0.24744	0.0782
V895	0.69008	0	0.27846	0.00526	0.0262
V896	0.22447	0.20782	0.23566	0.28935	0.0427
V897	0.02378	0	0.03536	0.74539	0.19547
V898	0.40165	0	0.00357	0.07505	0.51973
V899	0.56197	0.30496	0.08384	0	0.04923
V900	0.26882	0.22149	0.27505	0.18362	0.05102
V901	0.67519	0.04408	0.00102	0.17649	0.10323
V902	0.85055	0.04015	0.01723	0.02886	0.0632
V903	0.29322	0.05533	0.0688	0.4958	0.08685
V904	0.7207	0.09056	0.15453	0	0.03421
V905	0.04848	0.29769	0.06605	0.33629	0.25149
V906	0.16278	0.03978	0.46246	0.08975	0.24523
V907	0.7168	0.10393	0.0649	0.05218	0.06218
V908	0.05132	0.31528	0.05005	0.47803	0.10532
V909	0.04432	0.09537	0.01402	0.70201	0.14428
V910	0.67494	0.16245	0.01059	0.05873	0.09328
V911	0.04776	0.25364	0.51402	0.01448	0.1701
V912	0.04972	0.00557	0.15358	0.14023	0.6509
V913	0.16336	0.00214	0.07046	0.64744	0.11659
V914	0.77156	0.02572	0.00866	0.1184	0.07566
V915	0.20951	0.16741	0.0504	0.06243	0.51025
V916	0.79504	0.01079	0.11311	0	0.08106
V917	0.45882	0.02518	0	0.05848	0.45753
V918	0.58961	0.13461	0.21803	0.01793	0.03983
V919	0.44136	0.14845	0.00954	0.27391	0.12674
V920	0.20011	0	0.11176	0.6233	0.06483
V921	0.20904	0.17248	0.11306	0.04597	0.45945
V922	0.04243	0.01183	0.68951	0.01403	0.24221
V923	0.16628	0.45804	0.0246	0.07324	0.27783
V924	0.52221	0.09584	0	0.24911	0.13283
V925	0.15527	0.10874	0.47389	0.15925	0.10286
V926	0.0368	0.00702	0.00153	0.12038	0.83427
V927	0.53455	0.24274	0.11206	0.07522	0.03543
V928	0.13632	0.25094	0.21814	0.18742	0.20719
V929	0.07627	0.25577	0.0049	0.07403	0.58904
V930	0.08935	0	0.05609	0.09607	0.75849
V931	0.49942	0.12572	0.0085	0.06829	0.29807
V932	0.07024	0.09346	0.04438	0.35067	0.44125
V933	0.31216	0	0.04287	0.29732	0.34764
V934	0.66893	0.05574	0.25695	0	0.01838
V935	0.59144	0.09952	0.12745	0.05552	0.12607
V936	0.32889	0.04783	0.11418	0.42748	0.08163
V937	0.14635	0.66976	0.10212	0.03222	0.04954
V938	0.09628	0.83923	0.03511	0.00425	0.02512
V939	0.02109	0	0.00673	0.36724	0.60495
V940	0.57908	0.06757	0.08141	0.06118	0.21075
V941	0.03925	0.10847	0.11922	0.47411	0.25895
V942	0.73317	0.23393	0.00653	0.00382	0.02254
V943	0.06717	0.08407	0.05208	0.09765	0.69903
V944	0.3605	0.0075	0.11301	0.45876	0.06022
V945	0.05582	0.25606	0.5737	0.03379	0.08062
V946	0.03872	0.47256	0.45525	0	0.03348
V947	0.40914	0.00546	0.02194	0.15439	0.40906
V948	0.09194	0.67049	0.04586	0.10841	0.0833
