Monocytes	Neutrophils	B_cells	NK_cells	T_cells_CD4.	Macrophages
V1	0.08843	0.0328	0.87877	0	0	0
V2	0.70699	0.11004	0	0.09731	0.08566	0
V3	0.14011	0.01139	0.24952	0	0	0.59898
V4	0.26346	0.50903	0	0.12729	0.06243	0.03779
V5	0	0.04738	0	0.69422	0.2584	0
V6	0.21388	0	0.1991	0.0637	0.11112	0.4122
V7	0	0.41503	0	0.0406	0.54436	0
V8	0.87657	0.02836	0	0.09507	0	0
V9	0.34213	0.15728	0	0.31493	0	0.18566
V10	0.5639	0.0394	0.04242	0.35428	0	0
V11	0	0.92233	0.0261	0.05158	0	0
V12	0.04747	0	0.05088	0.01705	0	0.8846
V13	0.00467	0.58247	0.40715	0.00572	0	0
V14	0.01566	0.0631	0.01966	0.90157	0	0
V15	0.62412	0.06232	0	0.12618	0.18738	0
V16	0.05261	0.00732	0	0.50233	0.36887	0.06887
V17	0.06217	0	0.17555	0	0	0.76228
V18	0.87603	0.12397	0	0	0	0
V19	0.71417	0.04444	0.17531	0	0.06608	0
V20	0.7913	0.04447	0.06797	0.09626	0	0
V21	0.08719	0	0	0.04646	0	0.86635
V22	0.22494	0.05354	0	0.08386	0.63766	0
V23	0.04685	0.03218	0.36307	0.01421	0.5437	0
V24	0.18442	0.01325	0	0.14082	0.66152	0
V25	0.56159	0.28624	0	0.152	0.00017	0
V26	0.32763	0.02422	0	0.0031	0.64505	0
V27	0.00434	0	0.22298	0	0	0.77268
V28	0.05547	0.28425	0.21611	0.28113	0	0.16305
V29	0	0.68891	0.12957	0.08051	0	0.10101
V30	0.28533	0.20222	0.11479	0.01114	0.23121	0.15532
V31	0.81777	0.00526	0.17698	0	0	0
V32	0	0.02807	0.43414	0.53778	0	0
V33	0.28055	0.43069	0.28876	0	0	0
V34	0	0.00532	0.5754	0.02738	0.3919	0
V35	0	0.06211	0.24318	0.61215	0.08256	0
V36	0.04799	0.56291	0.14461	0.03012	0.21438	0
V37	0.03381	0.0123	0.8772	0	0	0.07669
V38	0.01478	0	0.16398	0	0	0.82124
V39	0.70471	0.03514	0	0.26015	0	0
V40	0	0.59636	0	0.23478	0.09729	0.07156
V41	0.92817	0	0	0	0	0.07183
V42	0.34578	0.00779	0.63693	0	0	0.00949
V43	0.25268	0.44514	0	0.05389	0.24829	0
V44	0	0.94163	0.01392	0.02826	0	0.01619
V45	0.57444	0.31648	0.0295	0.0238	0	0.05578
V46	0.02073	0	0	0.36835	0.36919	0.24173
V47	0.01877	0.48348	0	0.21271	0.25926	0.02579
V48	0	0.66342	0.26234	0.02396	0.05027	0
V49	0	0.88861	0.00901	0.05215	0.05022	0
V50	0.02569	0	0.29441	0.02816	0.65107	0.00067
V51	0	0	0	0.04344	0.95656	0
V52	0	0.59827	0.35404	0.0477	0	0
V53	0.16435	0.01616	0.04826	0.04296	0.72828	0
V54	0.05896	0.13235	0.71499	0.04626	0.02777	0.01967
V55	0	0.03391	0.0826	0.05508	0.82841	0
V56	0	0.04313	0.85842	0.09845	0	0
V57	0.12875	0.39593	0.03386	0.02618	0.10832	0.30696
V58	0.01157	0.03274	0.9557	0	0	0
V59	0	0.05278	0.00146	0.94576	0	0
V60	0.57205	0.02676	0	0.40119	0	0
V61	0.39264	0.10776	0	0.22487	0	0.27472
V62	0.73045	0.0033	0.06229	0.1412	0.06275	0
V63	0	0.58155	0	0.10858	0	0.30987
V64	0	0.08564	0	0.02172	0.89264	0
V65	0.73733	0.09789	0.0044	0.04149	0.00101	0.11788
V66	0.57126	0.03416	0.10023	0.01716	0.2772	0
V67	0	0.15728	0.4098	0.25453	0	0.17839
V68	0.95355	0.02095	0	0.0255	0	0
V69	0.72517	0	0	0.00278	0	0.27205
V70	0	0.04069	0.29125	0.65484	0.01322	0
V71	0.00994	0.2794	0	0.15772	0.4214	0.13154
V72	0.77696	0.09865	0.06115	0.02887	0.03437	0
V73	0.00539	0.04499	0.13092	0.8187	0	0
V74	0	0.14461	0.00766	0.84773	0	0
V75	0	0.91439	0	0.08561	0	0
V76	0	0.02635	0.80814	0.02862	0.13689	0
V77	0.10409	0.158	0.12963	0.60828	0	0
V78	0.70447	0.09406	0.0384	0.13783	0	0.02523
V79	0	0.6005	0	0	0	0.3995
V80	0	0.63747	0	0.01775	0	0.34479
V81	0.84008	0.09525	0.05709	0.00759	0	0
V82	0	0.82994	0	0.10264	0.06743	0
V83	0.18175	0.16512	0.00473	0.50881	0.13501	0.00457
V84	0.4162	0.02799	0.09566	0.46015	0	0
V85	0.91647	0.02059	0.06294	0	0	0
V86	0.30592	0.01675	0.15152	0.3342	0	0.19161
V87	0	0.0261	0.03011	0.94378	0	0
V88	0.05905	0.02644	0	0.66106	0	0.25346
V89	0.0241	0.14641	0.55416	0	0	0.27533
V90	0.02898	0.72198	0.17613	0.04034	0.0292	0.00336
V91	0.02748	0.02321	0	0.14156	0.80775	0
V92	0	0.05863	0	0.03447	0.9069	0
V93	0.21804	0.03959	0	0.14403	0.26741	0.33093
V94	0	0.01001	0.32285	0.66714	0	0
V95	0	0.00784	0.33736	0.13305	0.52175	0
V96	0.01344	0.40638	0	0.08299	0.34487	0.15231
V97	0	0.00828	0	0.09743	0.89429	0
V98	0	0.09903	0.00235	0.84747	0.05115	0
V99	0	0.02435	0.00845	0.9672	0	0
V100	0	0.02238	0.5823	0.2899	0.10542	0
V101	0	0.34369	0.57383	0.08247	0	0
V102	0.88771	0.02844	0.08385	0	0	0
V103	0.77382	0.03078	0	0.17213	0.02327	0
V104	0	0.02592	0.28312	0.69096	0	0
V105	0.01891	0	0.09029	0	0	0.89081
V106	0.00139	0	0.72443	0	0	0.27418
V107	0.03482	0.66335	0.30183	0	0	0
V108	0.03746	0	0.02271	0.05372	0.20486	0.68125
V109	0.00937	0	0	0.0462	0.1671	0.77733
V110	0.02451	0.15888	0.8166	0	0	0
V111	0	0.03681	0.96177	0.00142	0	0
V112	0	0.33706	0	0.66294	0	0
V113	0	0.10169	0.75552	0.03456	0.10823	0
V114	0.12653	0.03343	0.73841	0.10163	0	0
V115	0.58168	0.03477	0	0.05192	0.11273	0.21892
V116	0.93623	0.02132	0	0.04245	0	0
V117	0.60854	0.02456	0	0.09776	0.26914	0
V118	0	0.73407	0.14945	0.07744	0.03904	0
V119	0	0.8898	0.01589	0.08292	0	0.01139
V120	0.07603	0.22791	0.13187	0.50926	0.05492	0
V121	0.3672	0	0	0.29739	0	0.33541
V122	0.31743	0.05412	0	0.62845	0	0
V123	0.39551	0	0	0.08082	0.10646	0.41721
V124	0	0.01147	0.30677	0.02551	0.65626	0
V125	0	0.1601	0.79368	0.02673	0	0.01949
V126	0.00267	0.25883	0.05482	0.00646	0	0.67721
V127	0.01526	0.03862	0.88295	0.06317	0	0
V128	0.3921	0.26753	0.11834	0.18883	0.0332	0
V129	0	0.03475	0.91776	0.04749	0	0
V130	0.6005	0.13298	0	0.26652	0	0
V131	0.04774	0	0	0.04718	0.83505	0.07003
V132	0	0.47195	0.52278	0.00527	0	0
V133	0.0133	0.21167	0.69228	0.08275	0	0
V134	0.20783	0.67747	0	0.04386	0.07084	0
V135	0.07053	0.02054	0.85762	0	0	0.05132
V136	0.06933	0.7719	0.10274	0.05603	0	0
V137	0	0.17225	0.65794	0.01315	0.15667	0
V138	0.07027	0	0.00468	0.52809	0.02625	0.37071
V139	0.01339	0.03426	0.16075	0.02885	0.49011	0.27263
V140	0.6839	0.21992	0.02453	0.07165	0	0
V141	0.27271	0.2834	0.14787	0.29602	0	0
V142	0.10949	0.76092	0.0064	0.08353	0	0.03967
V143	0.05221	0.08233	0.73751	0.07504	0.05291	0
V144	0.0498	0.15723	0	0.15009	0	0.64288
V145	0	0.0114	0.02181	0.96678	0	0
V146	0.1735	0.00191	0.02451	0.02965	0.77043	0
V147	0.60603	0.04456	0.1158	0.03258	0	0.20102
V148	0	0.15867	0.84133	0	0	0
V149	0	0.52342	0	0.02214	0	0.45443
V150	0	0.01826	3e-04	0.98143	0	0
V151	0	0.42967	0	0.01777	0	0.55256
V152	0.05603	0.24411	0.54919	0.04166	0.10384	0.00516
V153	0	0.04036	0.72738	0.23226	0	0
V154	0.52911	0.18183	0	0	0	0.28905
V155	0.0476	0.38284	0.07386	0.0186	0.47711	0
V156	0	0.47316	0	0.02293	0.50391	0
V157	0	0.09841	0.03825	0.34148	0	0.52187
V158	0	0.06991	0.93009	0	0	0
V159	0.14313	0.2498	0.41841	0.18866	0	0
V160	0.02278	0.01401	0.95004	0	0	0.01317
V161	0	0.5117	0	0.42882	0.05948	0
V162	0	0.58769	0	0.18534	0.22697	0
V163	0.00418	0.02789	0.96794	0	0	0
V164	0	0.34777	0.47786	0.13273	0.04164	0
V165	0.05799	0.0087	0	0.04826	0.85551	0.02954
V166	0.0157	0	0	0.20388	0.49883	0.28159
V167	0	0.01096	0.5003	0.48874	0	0
V168	0.75259	0.02684	0	0.22058	0	0
V169	0	0.0362	0.7925	0.1713	0	0
V170	0.4978	0.05064	0.10105	0.31458	0.03593	0
V171	0.08668	0.50294	0	0.00441	0	0.40597
V172	0.07091	0.07894	0.65552	0.15208	0	0.04255
V173	0.00676	0.02465	0.89444	0	0	0.07415
V174	0.693	0.1071	0	0.00854	0.19136	0
V175	0.03283	0.72401	0.17414	0.04962	0.01941	0
V176	0	0.01328	0.98672	0	0	0
V177	0.13065	0.07728	0.40562	0.03574	0.15393	0.19678
V178	0.00705	0.04808	0	0.02364	0.92122	0
V179	0.00289	0.00865	0.05505	0.76845	0.05552	0.10945
V180	0.34259	0.00696	0.21979	0.40742	0	0.02324
V181	0.6989	0.09506	0.05238	0.08932	0.03808	0.02627
V182	0	0.0999	0.87266	0.02744	0	0
V183	0	0.02329	0.01182	0.96489	0	0
V184	0.44289	0.40739	0	0.04406	0.10567	0
V185	0.07918	0.58343	0.0073	0.04116	0.12654	0.16239
V186	0	0.00623	0.69751	0.29626	0	0
V187	0.31133	0.51431	0	0.03856	0.13581	0
V188	0.0504	0.64502	0	0.0266	0	0.27798
V189	0.01686	0.06359	0.18297	0.04903	0.6167	0.07086
V190	0	0.17636	0	0.04181	0.66301	0.11882
V191	0	0.6386	0	0.01663	0	0.34477
V192	0.62415	0.22194	0.08628	0.0346	0.03303	0
V193	0.0244	0.08574	0	0.02036	0	0.86951
V194	0	0.02688	0	0.15109	0.82203	0
V195	0	0.01845	0.81437	0.09604	0.07114	0
V196	0	0.00746	0.03873	0.95381	0	0
V197	0.22967	0.00998	0	0.01956	0.74079	0
V198	0.0968	0.43663	0.02487	0.20113	0.24057	0
V199	0	0.23079	0.09008	0.13724	0.54189	0
V200	0.06147	0.0224	0.68067	0.20514	0	0.03033
V201	0	0.02202	0	0.97798	0	0
V202	0.05771	0.05959	0.53872	0.04442	0.11037	0.18919
V203	0.62561	0.05051	0	0.32388	0	0
V204	0.10657	0.01691	0.03937	0.19697	0	0.64017
V205	0	0.04161	0.95839	0	0	0
V206	0	0.05079	0.14461	0.80461	0	0
V207	0.50652	0.18228	0.03002	0.28118	0	0
V208	0.41241	0.10032	0.43777	0.03765	0.01184	0
V209	0.31462	0.50127	0	0.03616	0	0.14795
V210	0.0882	0.04021	0.87159	0	0	0
V211	0.699	0.00985	0.09512	0.01953	0.14626	0.03024
V212	0	0.27302	0.27138	0.45561	0	0
V213	0.01498	0.08649	0.28884	0.03685	0.57284	0
V214	0.88825	0.03614	0.00103	0.05899	0.01559	0
V215	0	0.6946	0	0.03836	0	0.26704
V216	0.10271	0.51836	0.37893	0	0	0
V217	0.22301	0	0.01887	0.13004	0.28835	0.33973
V218	0	0.3654	0	0.6346	0	0
V219	0.99977	0	0	0.00023	0	0
V220	0.07047	0.04898	0.01473	0.86583	0	0
V221	0.05941	0.79163	0.03733	0.11164	0	0
V222	0.06345	0.30134	0.01125	0.20456	0.4194	0
V223	0	0.31656	0.35133	0	0	0.33211
V224	0	0.01343	0.4439	0.00845	0.53422	0
V225	0.14326	0	0.00694	0.0126	0	0.8372
V226	0.3112	0.06326	0.24179	0.31051	0.07323	0
V227	0.77515	0	0	0.22485	0	0
V228	0.13636	0.24241	0.57735	0.04389	0	0
V229	0.17819	0.02763	0.43604	0.26746	0.09067	0
V230	0.01655	0.16115	0.8223	0	0	0
V231	0	0.06637	0.01225	0.92138	0	0
V232	0.473	0	0	0.30631	0	0.22069
V233	0.90744	0.02367	0.00159	0.0673	0	0
V234	0.5132	0.01127	0	0.02038	0.45516	0
V235	0.04785	0.04117	0.03113	0.87986	0	0
V236	0.05338	0	0.19843	0.0361	0.574	0.13808
V237	0	0.02291	0.89706	0.08003	0	0
V238	0.77299	0	0.02873	0.10447	0	0.09381
V239	0.61367	0.03674	0.10602	0.14607	0.09751	0
V240	0	0.21588	0	0.15528	0.62884	0
V241	0.62749	0.16824	0	0.2003	0.00397	0
V242	0.34213	0.03009	0.03627	0.24277	0.02496	0.32378
V243	0	0.38469	0.57632	0.03899	0	0
V244	0.15429	0	0	0.01858	0.62977	0.19736
V245	0.90542	0	0	5e-05	0	0.09453
V246	0	0.04959	0.26894	0.42029	0.26118	0
V247	0.30421	0.05529	0	0.21527	0	0.42522
V248	0.28831	0.03719	0	0.25925	0.41525	0
V249	0.28002	0.16042	0.45999	0.05478	0	0.04479
V250	0	0.03176	0.00546	0.96278	0	0
V251	0	0.60269	0.18791	0.20941	0	0
V252	0	0.01891	0.05898	0.92211	0	0
V253	0.01108	0.05599	0	0.53214	0.07704	0.32374
V254	0.03417	0.27979	0.07016	0.25716	0.35873	0
V255	0.46939	0.30989	0.07252	0.09457	0.01921	0.03442
V256	0	0.93812	0	0.06031	0	0.00157
V257	0.03234	0.45496	1e-04	0.06043	0.4286	0.02356
V258	0	0.24407	0.17349	0.58244	0	0
V259	0	0.56958	0.43042	0	0	0
V260	0.15461	0.02556	0	0.04039	0.7409	0.03854
V261	0.6671	0	0.00046	0.05859	0.2207	0.05316
V262	0.05415	0.04697	0.88284	0.00222	0.01383	0
V263	0	0.07504	0.74155	0.18341	0	0
V264	0.76361	0	0.10335	0.05331	0.02612	0.05361
V265	0.01247	0.01732	0	0.05646	0.91375	0
V266	0.16635	0	0.00454	0.02051	0	0.80861
V267	0.15788	0.7367	0	0.10543	0	0
V268	0.99334	0.00666	0	0	0	0
V269	0	0.06674	0.15819	0.77507	0	0
V270	0.31882	0.52159	0.00654	0.04156	0.11149	0
V271	5e-04	0.11659	0.33048	0.00155	0	0.55088
V272	0.03393	0	0	0.12408	0.83984	0.00215
V273	0.07189	0.00106	0.00532	0.12488	0.79685	0
V274	0.00121	0	0.20952	0.05498	0	0.73429
V275	0.80915	0.17666	0	0.01419	0	0
V276	0.08564	0.27655	0.09693	0.11679	0	0.42409
V277	0.57149	0	0	0.03087	0.10542	0.29221
V278	0.13765	0.13611	0.09035	0.2923	0.34359	0
V279	0.14576	0.0232	0.25662	0.05186	0	0.52257
V280	0.09173	0.03688	0.00289	0.8685	0	0
V281	0	0.8916	0.04228	0.06612	0	0
V282	0	0.04524	0	0.09527	0.85949	0
V283	0	0.43878	0	0.03208	0.52914	0
V284	0.01788	0.11179	0.40997	0.38506	0	0.0753
V285	0	0.03179	0	0.96821	0	0
V286	0.71218	0.04691	0.0673	0.17361	0	0
V287	0.02203	0.01365	0	0.12645	0.83787	0
V288	0.06267	0.29867	0	0.04734	0.08593	0.50538
V289	0	0.08712	0.82951	0.08336	0	0
V290	0	0.00631	0.27851	0.71519	0	0
V291	0	0.05545	0	0.94455	0	0
V292	0.12811	0.12321	0.00501	0.66223	0.08144	0
V293	0	0.04397	0	0.03757	0.91846	0
V294	0.66376	0.01118	0	0.03046	0.29459	0
V295	0.15232	0	0.00883	0.00655	0	0.8323
V296	0	0.42226	0.11325	0.37812	0	0.08636
V297	0.0304	0.02634	0	0.02389	0	0.91937
V298	0	0.78355	0.19921	0.01724	0	0
V299	0.12778	0.09421	0.778	0	0	0
V300	0.89399	0.09091	0.0098	0.00529	0	0
V301	0.53277	0.4068	0.042	0.01843	0	0
V302	0	0.29673	0.08228	0.621	0	0
V303	0	0.74878	0.07816	0.0583	0.11476	0
V304	0.01025	0.0178	0	0.02579	0.94615	0
V305	0.01519	0.00882	0.23765	0.5336	0.02804	0.1767
V306	0.45796	0.06343	0	0	0	0.47861
V307	0.22439	0.00088	0	0.03605	0.73868	0
V308	0	0.01738	0	0.98262	0	0
V309	0	0.55893	0	0.44107	0	0
V310	0.02413	0.40574	0.34117	0	0	0.22896
V311	0.56273	0	0	0	0	0.43727
V312	0.13054	0.0257	0	0.41181	0.43195	0
V313	0.27302	0	0	0.0442	0	0.68278
V314	0.25185	0.04703	0	0.70112	0	0
V315	0.15787	0.76063	0	0.04074	0.02522	0.01554
V316	0.19925	0	9e-04	0.09717	0	0.70268
V317	0.05701	0.00865	0.00231	0.8284	0	0.10364
V318	0	0.02006	0.04199	0.93795	0	0
V319	0.39979	0.18875	0.28155	0.12991	0	0
V320	0.29443	0.19372	0.39917	0.09796	0	0.01472
V321	0	0.66709	0	0.33291	0	0
V322	0.05037	0	0.05637	0.04502	0.77552	0.07273
V323	0	0.30513	0	0.46822	0.22665	0
V324	0.08565	0.02958	0.0111	0.29158	0.43449	0.1476
V325	0.06087	0.88187	0.03305	0.02421	0	0
V326	0.16588	0.78473	0.01597	0.03342	0	0
V327	0.06968	0.02625	0.90407	0	0	0
V328	0.17101	0.21963	0.20679	0.1686	0.23396	0
V329	0	0.01808	0.64017	0.00046	0.3413	0
V330	0	0.02972	0.97028	0	0	0
V331	0.82175	0.05946	0.03445	0.08435	0	0
V332	0.03869	0.05787	0.16624	0.02765	0.41219	0.29736
V333	0	0.03626	0.56514	0.37476	0.02384	0
V334	0	0.39422	0.50445	0.10133	0	0
V335	0.14252	0.0196	0.81781	0	0	0.02007
V336	0.37176	0.60297	0.01473	0.01053	0	0
V337	0.04418	0.20129	0.01599	0.02571	0.71282	0
V338	0.81664	0.00693	0.01389	0.0126	0.14994	0
V339	0.10025	0.09847	0.48627	0.26713	0	0.04789
V340	0.69543	0.25338	0	0.0512	0	0
V341	0.26673	0.07001	0.04169	0.62157	0	0
V342	0.04234	0.01745	0.01439	0.79816	0	0.12765
V343	0.11427	0.14461	0.14991	0.02382	0	0.56739
V344	0	0.68596	0	0.06934	0.15452	0.09019
V345	0	0.01191	0	0.0415	0.94659	0
V346	0.16722	0.02591	0	0.49015	0.31672	0
V347	0.53123	0.13897	0	0.0967	0.2331	0
V348	0.09455	0.15071	0.74671	0.00803	0	0
V349	0.78436	0.08415	0.02436	0.09703	0.0101	0
V350	0.53395	0.02742	0.14021	0.24041	0	0.05801
V351	0.22178	0.03334	0.03952	0.03825	0	0.66711
V352	0	0.354	0	0.02612	0.31249	0.3074
V353	0	0.15583	0.84417	0	0	0
V354	0.15532	0.03767	0.27333	0.00697	0.31424	0.21248
V355	0	0.04452	0.95548	0	0	0
V356	0.60414	0.12601	0.01588	0.25396	0	0
V357	0.32898	0.02699	0.44461	0.01044	0.18897	0
V358	0.0154	0	0.07707	0.04545	0	0.86208
V359	0.14004	0.11995	0	0.72175	0.01826	0
V360	0.56768	0.00658	0	0.22542	0.20032	0
V361	0	0.93808	0	0.06192	0	0
V362	0	0.57108	0.02657	0.40235	0	0
V363	0.82855	0.06267	0.03035	0.00312	0.07531	0
V364	0.03992	0.18742	0.00151	0.09036	0.05345	0.62735
V365	0.4421	0.40721	0	0.15068	0	0
V366	0.06704	0.26976	0.57467	0.06813	0.0204	0
V367	0	0.02645	0.0028	0.69406	0.2767	0
V368	0.00486	0.13112	0.10061	0.08143	0.09408	0.58789
V369	0.04648	0.02276	0	0.10074	0.82988	0.00014
V370	0.01793	0.09542	0.76144	0.12335	0	0.00185
V371	0.01665	0.28566	0	0.58197	0	0.11571
V372	0	0.7482	0	0.07082	0.13346	0.04752
V373	0.98605	0	0	0	0	0.01395
V374	0.17472	0.04321	0.28659	0.49548	0	0
V375	0.46376	0.02035	0.20167	0.06005	0.25418	0
V376	0.01891	0.01834	0.02495	0.2073	0	0.7305
V377	0.04508	0.02755	0.4578	6e-04	0.46896	0
V378	0.09241	0.04203	0.25162	0	0	0.61394
V379	0.514	0	0.13654	0	0	0.34946
V380	0	0.03574	0	0.0489	0.91536	0
V381	0.34993	0.05523	0.3415	0.25334	0	0
V382	0	0.02746	0	0.24839	0.72415	0
V383	0.19263	0.0639	0.46145	0.28202	0	0
V384	0.01806	0.05517	0.91719	0.00958	0	0
V385	0.07184	0	0.02455	0.00335	0	0.90026
V386	0.65757	0.04382	0.27366	0.00253	0.02242	0
V387	0.22917	0.04661	0.05076	0.67346	0	0
V388	0.81178	0.05174	0.13648	0	0	0
V389	0.36015	0.04055	0	0	0	0.5993
V390	0.03646	0.05687	0.00095	0.85982	0	0.0459
V391	0.02364	0.0316	0.00182	0.69743	0.2455	0
V392	0	0.03269	0.58456	0.08783	0	0.29492
V393	0.01979	0.15955	0.49436	0.0817	0.08535	0.15926
V394	0	0.01596	0.05113	0.93292	0	0
V395	0	0.05808	0.94192	0	0	0
V396	0.5413	0.08371	0	0.37368	0.00131	0
V397	0.04463	0.16633	0.03211	0.03512	0	0.72181
V398	0.01269	0.73624	0.00092	0.06987	0.18028	0
V399	0	0.02982	0.94238	0.02781	0	0
V400	0.01088	0.00954	0	0.48211	0	0.49746
V401	0.16137	0.03542	0.74599	0	0.05722	0
V402	0.03093	0.04931	0.00534	0.91442	0	0
V403	0	0	0	0.08083	0.37612	0.54305
V404	0	0.03268	0.96732	0	0	0
V405	0.38933	0.36613	0.08904	0.07021	0.08528	0
V406	0.12426	0.0482	0.22687	0.1348	0.14	0.32587
V407	0.04711	0.01456	0.82646	0	0	0.11187
V408	0.01161	0.13066	0.03227	0.79363	0	0.03182
V409	0.96433	0.03567	0	0	0	0
V410	0.97194	0.02803	0	2e-05	0	0
V411	0	0	0	0.30901	0	0.69099
V412	0.6254	0.18727	0.04375	0.0511	0.09248	0
V413	0	0.11793	0.03543	0.84665	0	0
V414	0.0778	0.10095	0.00411	0.68966	0.12747	0
V415	0.02879	0.02088	0.42769	0.44747	0.0472	0.02797
V416	0.0094	0.15588	0	0.34087	0.44142	0.05242
V417	0.12708	0	0.07964	0.13193	0	0.66135
V418	0	0.08331	0.49571	0.15487	0.2661	0
V419	0.0262	0	0	0.01577	0	0.95802
V420	0.03546	0	0	0.02273	0	0.94181
V421	0.03212	0.05722	0.01671	0.10923	0.78472	0
V422	0.20594	0.30799	0	0.0185	0.46757	0
V423	0	0.19544	0	0.80456	0	0
V424	0.84852	0.09824	0	0.05324	0	0
V425	0	0.09204	0	0.02153	0.88643	0
V426	0.02289	0.00224	0.23772	0.00021	0	0.73694
V427	0.58805	0.11946	0.15124	0.14126	0	0
V428	0.28109	0.04531	0	0.6736	0	0
V429	0	0.02269	0.12508	0.66553	0.1867	0
V430	0.02901	0.09496	0.68638	0.18964	0	0
V431	0	0.03034	0.96511	0.00454	0	0
V432	0	0.45406	0.01167	0.53427	0	0
V433	0	0.01474	0.05438	0.93088	0	0
V434	0	0.27775	0.20234	0.51991	0	0
V435	0.0128	0	0	0.02229	0.8213	0.14362
V436	0.88573	0.10684	0	0.00743	0	0
V437	0.26507	0.28306	0.35337	0.02269	0.07581	0
V438	0	0.41914	0	0.09667	0.48419	0
V439	0	0.02059	0.07064	0.02312	0.88565	0
V440	0.16711	0.0514	0.49867	0.06442	0.17799	0.04041
V441	0.00621	0.0729	0.58543	0.14367	0	0.1918
V442	0.56966	0.11165	0.19822	0.08226	0.00685	0.03135
V443	0	0.01948	0.08359	0.89693	0	0
V444	0.85516	0.02687	0.00761	0.03679	0.07358	0
V445	0.97208	0.02792	0	0	0	0
V446	0	0.59127	0.37381	0.03012	0	0.00479
V447	0.09354	0.24188	0	0.27203	0	0.39255
V448	0	0.05425	0.93546	0	0.01029	0
V449	0.67573	0.03429	0	0.28998	0	0
V450	0.07114	0.03884	0.76281	0	0.1272	0
V451	0.09381	0.0581	0.14928	0.17934	0.51946	0
V452	0.04654	0.00917	0.03277	0.5749	0	0.33661
V453	0.34257	0.02981	0.54812	0.0795	0	0
V454	0.1891	0.08896	0.12238	0.59956	0	0
V455	0.06336	0.84654	0.04033	0.04978	0	0
V456	0.94479	0.00284	0.01139	0.01707	0.02392	0
V457	0.06672	0	0	0.05204	0.19389	0.68736
V458	0.06955	0	0.48842	0.01541	0.39016	0.03646
V459	0	0.03398	0.67319	0.29283	0	0
V460	0.47847	0.0527	0.28617	0.14577	0	0.03689
V461	0.33411	0.05628	0	0.51253	0.09708	0
V462	0	0.02333	0.97667	0	0	0
V463	0	0.02207	0	0.07758	0.90035	0
V464	0.02683	0.87509	0.01176	0.08274	0.00358	0
V465	0.42578	0.09844	0.47578	0	0	0
V466	0.05473	0.05471	0.01907	0.85515	0.01633	0
V467	0.98282	0.01718	0	0	0	0
V468	0.38752	0.12064	0.08481	0.28066	0.12637	0
V469	0	0.13772	0.78671	0.06483	0	0.01074
V470	0.68263	0.02315	0.01216	0.08072	0.20135	0
V471	0.01082	0.22338	0.66601	0.05943	0	0.04036
V472	0.02694	0.56161	0	0.07092	0.32867	0.01186
V473	0	0.94823	0.01677	0.035	0	0
V474	0.02031	0.03681	0.44931	0.49356	0	0
V475	0.03715	0.16719	0.32689	0.21705	0.25172	0
V476	0.60698	0	0	0.24843	0	0.14459
V477	0.01799	0.64975	0.06807	0.1343	0	0.1299
V478	0.00268	0.03029	0.94739	0	0	0.01964
V479	0.01566	0.14902	0.83533	0	0	0
V480	0	0.23347	0	0.39675	0.36978	0
V481	0.4804	0.09701	0.09898	0.08638	0.23723	0
V482	0.62052	0	0	0	0	0.37948
V483	0	0.87955	0.08704	0.03341	0	0
V484	0.8932	0.01591	0.05353	0.00069	0.03668	0
V485	0.28094	0.1312	0.5442	0.04366	0	0
V486	0.24824	0.00918	0.74258	0	0	0
V487	0	0.34289	0	0.02929	0.62781	0
V488	0.28954	0.65024	0.00346	0.05676	0	0
V489	0.85774	0.0331	0.06536	0.00923	0.03456	0
V490	0.11435	0	0	0.08477	0	0.80088
V491	0.06371	0.28674	0.41845	0	0.2311	0
V492	0.07121	0.00745	0.28608	0.13107	0.00969	0.4945
V493	0.85487	0.131	0	0.01413	0	0
V494	0.01002	0.00422	0.42768	0.00149	0	0.5566
V495	0.22858	0.53322	0.22817	0.01003	0	0
V496	0.24583	0.11901	0.33833	0	0.1987	0.09813
V497	0	0.19545	0.15758	0.0544	0.59257	0
V498	0.06481	0.12194	0.4327	0.37913	0.00142	0
V499	0	0.69816	0.20973	0.09001	0	0.0021
V500	0.56935	0.18296	0.04383	0.06827	0.13558	0
V501	0.02272	0.89126	0	0.06066	0	0.02536
V502	0	0.0147	0	0.31305	0.67225	0
V503	0.06927	0.36468	0.02772	0.53832	0	0
V504	0.00375	0.89094	0.07186	0.03344	0	0
V505	0	0.01621	0.58547	0.39832	0	0
V506	0.39044	0	0.02498	0.21403	0	0.37056
V507	0.00947	0	0	0.01876	0	0.97177
V508	0	0.62349	0.04804	0.13899	0.18948	0
V509	0	0.04423	0.00962	0.8832	0.06295	0
V510	0.97437	0.01891	0	0.00331	0.00341	0
V511	0.08225	0	0	0.28297	0	0.63478
V512	0.05175	0.21946	0.70847	0.00265	0	0.01766
V513	0	0.03062	0.23267	0.07638	0.66033	0
V514	0	0.83249	0.08572	0.00858	0	0.07321
V515	0.04119	0.427	0	0.53181	0	0
V516	0	0.05635	0.87492	0.00591	0.06282	0
V517	0	0.00144	0.45081	0.25404	0.29371	0
V518	0.43434	0.39003	0.02226	0.15337	0	0
V519	0.08105	0.5857	0	0.10743	0	0.22583
V520	0.8087	0.08074	0	0.11056	0	0
V521	0.09685	0.00676	0	0.03996	0.85643	0
V522	0.49641	0.1719	0	0.04767	0.20178	0.08225
V523	0.49161	0.16234	0.05301	0.16574	0	0.1273
V524	0.0595	0	0.0436	0.23177	0.5955	0.06963
V525	0.46701	0	0.03231	0.00745	0	0.49324
V526	0	0.75758	0.13036	0.04653	0.06553	0
V527	0.36647	0.03548	0.59805	0	0	0
V528	0.88188	0.02098	0.09704	9e-05	0	0
V529	0.04569	0.11649	0.0266	0.81122	0	0
V530	0.0431	0.23886	0.4349	0.15573	0.00832	0.11909
V531	0.97253	0.02747	0	0	0	0
V532	0.10097	0.03395	0.08418	0.70208	0.07882	0
V533	0.07254	0	0.32942	0.04315	0.2923	0.26259
V534	0.01721	0.0021	0.00128	0.76612	0.02762	0.18566
V535	0.60166	0.04953	0.22164	0.12717	0	0
V536	0	0.02186	0.82709	0.15104	0	0
V537	0	0.66128	0	0.33872	0	0
V538	0	0	0	0.45939	0	0.54061
V539	0	0.02504	0.01772	0.85024	0.107	0
V540	0.39245	0.01421	0.37131	0.01561	0.20641	0
V541	0	0.27116	0	0.72884	0	0
V542	0	0.59054	0.0186	0.37254	0.01832	0
V543	0	0.00784	0.71329	0.03357	0.2453	0
V544	0.03813	0	0	0.06936	0	0.89251
V545	0	0.64676	0.07888	0.06339	0.21097	0
V546	0.64818	0.0762	0	0.27563	0	0
V547	0.05331	0.09745	0	0.52124	0.30592	0.02208
V548	0.02034	0	0	0.01516	0	0.9645
V549	0.13069	0.00829	0.73057	0.07791	0	0.05254
V550	0	0.02584	0.38348	0.00663	0.58405	0
V551	0.06187	0.03462	0.06349	0.20199	0.02115	0.61688
V552	0.03551	0.0481	0.17548	0.36716	0.37375	0
V553	0.91566	0.01601	0.01167	0.0404	0.01626	0
V554	0	0.89465	0.03011	0.02487	0	0.05037
V555	0.43638	0	0.00041	0.29972	0	0.26349
V556	0.03708	0.03923	0.5479	0.37579	0	0
V557	0.05193	0.79139	0.12291	0.02226	0	0.01152
V558	0.49838	0.17706	0	0.13486	0	0.1897
V559	0	0	0	0.19439	0.80561	0
V560	0.88062	0.02232	0	0.0283	0.06876	0
V561	0	0.03126	0.96874	0	0	0
V562	0.65157	0.2237	0.03795	0.08678	0	0
V563	0.01291	0	0	0.08885	0	0.89824
V564	0.0253	0.05399	0	0.04817	0.26074	0.61181
V565	0.00991	0	0.00639	0.01271	0	0.97099
V566	0.06571	0.07083	0.01729	0.09128	0	0.7549
V567	0.41463	0.3061	0	0.27927	0	0
V568	0.0389	0.0185	0	0.06317	0.87943	0
V569	0.94556	0.02018	0	0.03426	0	0
V570	0.78376	0.14382	0.01112	0.0613	0	0
V571	0	0.20855	0.7902	0.00125	0	0
V572	0	0.04033	0.90055	0.01819	0.04093	0
V573	0.15139	0.80709	0.00514	0.03638	0	0
V574	0.01024	0	0.49543	0.04099	0	0.45334
V575	0	0.69902	0.0952	0.17484	0	0.03095
V576	0.3814	0.1181	0	0.00244	0.49806	0
V577	0.44687	0.04764	0	0.08173	0.42376	0
V578	0.0128	0	0	0.02229	0.8213	0.14362
V579	0.00783	0.05376	0.19863	0.31056	0.42923	0
V580	0.164	0.02508	0.09322	0.48874	0.22896	0
V581	0.74207	0.0566	0.06618	0.08455	0.0506	0
V582	0.77613	0.01535	0	0.20852	0	0
V583	0.0053	0.03909	0.40077	0.00885	0.20115	0.34485
V584	0.07674	0.01068	0	0.47348	0.24841	0.1907
V585	0	0.48091	0.32827	0.09481	0	0.09602
V586	0.13825	0.77395	0.06028	0.02752	0	0
V587	0.25901	0.03277	0.34058	0.36764	0	0
V588	0	0.03494	0.05569	0.90937	0	0
V589	0	0.27925	0.37667	0.06992	0	0.27416
V590	0.03116	0.02481	0.4786	0.05556	0	0.40988
V591	0.8243	0.02166	0.01178	0.14226	0	0
V592	0	0.3742	0.12108	0.50472	0	0
V593	0	0.02372	0.00936	0.96692	0	0
V594	0.08372	0	0.01787	0.73403	0	0.16438
V595	0	0.2934	0.03825	0.19877	0.24469	0.22489
V596	0	0.21445	0	0.11375	0.6718	0
V597	0.47211	0.01498	0	0.01237	0.50053	0
V598	0.95459	0.04541	0	0	0	0
V599	0.0166	0	0	0.25565	0.02569	0.70206
V600	0.52172	0.08875	0	0.09099	0.01242	0.28612
V601	0.03038	0.15513	0.04636	0.45308	0	0.31505
V602	0.02738	0.00347	0.08682	0.03291	0.7211	0.12833
V603	0.02819	0.42239	0.04079	0.09319	0	0.41544
V604	0	0.46442	0	0.03198	0.5036	0
V605	0.05551	0.0346	0	0.02026	0.88963	0
V606	0.65436	0.01615	0.27981	0.04405	0	0.00562
V607	0.04112	0.00069	0	0.07172	0.15097	0.7355
V608	0.03035	0.68984	0	0.11561	0	0.16419
V609	0	0.03827	0.77964	0.18209	0	0
V610	0.01481	0.14417	0.61508	0.19434	0	0.0316
V611	0	0.89883	0.01996	0.0812	0	0
V612	0	0.18862	0	0.81138	0	0
V613	0.72005	0.11662	0	0	0	0.16332
V614	0.00766	0.12847	0.68462	0.00636	0.006	0.16689
V615	0	0.06259	0.01113	0.03528	0.891	0
V616	0.4861	0.40507	0	0.0595	0	0.04933
V617	0	0.01682	0	0.03866	0.94452	0
V618	0.24774	0.02158	0.72907	0	0	0.00161
V619	0	0.66156	0.23255	0.06979	0.0361	0
V620	0.01701	0	0.34533	0	0	0.63766
V621	0	0.01701	0.10525	0.87773	0	0
V622	0.57295	0.16242	0	0.00182	0.2628	0
V623	0.15616	0.75658	0	0.02125	0	0.06601
V624	0	0.63631	0	0.36369	0	0
V625	0.03768	0.15109	0.27139	0.53983	0	0
V626	0.01015	0.02913	0	0.27657	0.52196	0.16218
V627	0.65043	0.02028	0	0.32929	0	0
V628	0.07286	0.0555	0.42345	0.12426	0.04261	0.28132
V629	0	0.45304	0	0.54696	0	0
V630	0.72332	0	0.00468	0.07607	0	0.19594
V631	0.00999	0	0.07843	0.1964	0	0.71518
V632	0.0041	0.04882	0.15967	0.39902	0.38838	0
V633	0	0.14905	0.85095	0	0	0
V634	0.7876	0.03053	0	0.18187	0	0
V635	0	0.0489	0.31873	0.63237	0	0
V636	0	0.68899	0	0.13773	0.13045	0.04283
V637	0.03283	0.02139	0	0.05916	0.03191	0.8547
V638	0	0.13502	0.0687	0.67211	0.12417	0
V639	0.40643	0.04951	0.05369	0.0575	0.43286	0
V640	0.01999	0.14943	0.6231	0.01616	0.08689	0.10443
V641	0	0.07099	0.60173	0.02859	0.2987	0
V642	0.28073	0.03071	0.37822	0.16118	0	0.14916
V643	0.88911	0.02361	0	0.08728	0	0
V644	0.8998	0.00117	0	0.09903	0	0
V645	0.86853	0	0	0.09327	0	0.0382
V646	0	0.02743	0.51628	0.00285	0.45343	0
V647	0.16292	0	0.02321	0.39813	0	0.41574
V648	0.08927	0.35775	0.18813	0.07141	0	0.29344
V649	0.13104	0.0458	0.03572	0.78744	0	0
V650	0.25152	0.20417	0.2311	0.00794	0.30526	0
V651	0.10937	0.37596	0.0865	0.068	0.13546	0.22472
V652	0.00086	0.04153	0.16452	0.79309	0	0
V653	0.0078	0.50244	0.02702	0.07993	0.06436	0.31845
V654	0.88385	0.02499	0.06649	0.00983	0.01484	0
V655	0.26479	0	0	0.10491	0.29774	0.33256
V656	0.08289	0.10348	0.71822	0.04003	0.05539	0
V657	0.53192	0	0	0.14566	0.25983	0.06259
V658	0	0.07332	0.21558	0.71109	0	0
V659	0	0.92935	0.00763	0.04417	0	0.01885
V660	0.99026	0	0	0.00974	0	0
V661	0.03813	0	0.21057	0.1914	0.07716	0.48274
V662	0.86938	0.01046	0	0.12015	0	0
V663	0.01886	0.17869	0	0.06834	0.73412	0
V664	0.1318	0.07156	0.79664	0	0	0
V665	0	0.01007	0	0.04059	0.94934	0
V666	0.52186	0.32669	0	0.15145	0	0
V667	0.0023	0	0.03875	0.06781	0	0.89115
V668	0.85829	0.14171	0	0	0	0
V669	0.1269	0.09661	0	0.32839	0	0.4481
V670	0.01744	0.41537	0.01055	0.41665	0	0.14
V671	0.34183	0.03424	0	0.62393	0	0
V672	0	0.61833	0	0.38167	0	0
V673	0.00645	0.11601	0.26658	0	0	0.61095
V674	0.82397	0.01699	0	0	0.15904	0
V675	0.0687	0.10053	0.00534	0.01804	0	0.80739
V676	0	0.02543	0.12255	0.85202	0	0
V677	0.17569	0.38926	0.19552	0	0	0.23953
V678	0.19307	0.06613	0.01554	0.03074	0.48563	0.20889
V679	0.02124	0.06628	0.04546	0.03755	0	0.82947
V680	0.02804	0.00543	0.43264	0.00904	0.52486	0
V681	0	0.80202	0.03269	0.01597	0	0.14932
V682	0	0.62788	0	0.05912	0.05898	0.25401
V683	0.03552	0	0	0.0253	0.90718	0.03199
V684	0.07819	0.7987	0	0.12311	0	0
V685	0	0.60602	0.36273	0.01909	0.01216	0
V686	0.30477	0	0.50321	0	0	0.19202
V687	0	0.25032	0.36134	0.08613	0	0.30221
V688	0.57926	0	0	0.02068	0.30987	0.09019
V689	0.08268	0.03699	0.78306	0.09727	0	0
V690	0.07549	0	0	0.05751	0.73606	0.13094
V691	0.04033	0.51949	0.26812	0.10769	0	0.06437
V692	0.61056	0.02012	0	0.33765	0.03167	0
V693	0.87245	0.11749	0	0.01007	0	0
V694	0.84509	0.12076	0	0.03415	0	0
V695	0.9097	0.00228	0	0.02401	0.064	0
V696	0.06025	0.54524	0.03925	0.10105	0.25421	0
V697	0.06001	0.04273	0.86582	0.03145	0	0
V698	0	0.94643	0	0.05357	0	0
V699	0.26067	0.02995	0.65403	0.03194	0.02342	0
V700	0.16258	0.01738	0	0.02096	0.79909	0
V701	1	0	0	0	0	0
V702	0.05078	0	0.06993	0.19386	0	0.68543
V703	0.23018	0.5347	0	0.02059	0.21454	0
V704	0.49533	0.27406	0.23062	0	0	0
V705	0.00548	0.12939	0.32978	0.2029	0.33245	0
V706	0.04547	0.084	0.42762	0.00837	0.05435	0.38019
V707	0.63864	0	0	0	0	0.36136
V708	0	0.3655	0.6345	0	0	0
V709	0	0.01653	0	0.93524	0.04822	0
V710	0.55564	0.05523	0.11538	0.0691	0.20465	0
V711	0	0.23063	0.53904	0.18477	0	0.04556
V712	0	0.26327	0	0.02992	0.70682	0
V713	0.37363	0.5426	0.02477	0.059	0	0
V714	0	0.47092	0.52908	0	0	0
V715	0.00799	0.04208	0.94993	0	0	0
V716	0.09408	0.01408	0	0.41293	0.15853	0.32039
V717	0.03984	0.01326	0	0.02455	0.92235	0
V718	0	0.38541	0	0.01967	0.59492	0
V719	0	0.88829	0.04636	0.05532	0	0.01003
V720	0.34557	0	0.2891	0.35121	0	0.01411
V721	0.00376	0.29188	0.311	0.01386	0.02944	0.35007
V722	0	0.01308	0	0.02883	0.95808	0
V723	0	0.74341	0.05382	0.05953	0.14128	0.00196
V724	0.02976	0.33551	0.48624	0.1143	0.03419	0
V725	0.06133	0.05367	0.03956	0.18573	0.61775	0.04196
V726	0.01898	0.03163	0.64368	0.03224	0.27347	0
V727	0.02201	0	0.12501	0.16239	0	0.6906
V728	0	0.03437	0	0.96563	0	0
V729	0.24998	0.53308	0.00444	0.06614	0.14635	0
V730	0.06219	0	0.10575	0.46999	0	0.36207
V731	0.20925	0.04888	0.53517	0	0.15016	0.05654
V732	0.05642	0.47802	0	0.08456	0.27138	0.10962
V733	0.21289	0	0.34471	0.23031	0	0.21208
V734	0.05451	0	0.3039	0	0	0.64159
V735	0	0.11415	0.01233	0.87167	0	0.00185
V736	0	0.5894	0.06594	0.05766	0	0.287
V737	0	0	0	0.04456	0.95544	0
V738	0.45514	0.05328	0.08096	0.41063	0	0
V739	0.20724	0.33073	0.2056	0.05269	0.20374	0
V740	0	0.27145	0.48443	0.05458	0.18954	0
V741	0.47573	0.16431	0.16378	0.08846	0.10772	0
V742	0.38202	0.02242	0.01855	0.4888	0.08822	0
V743	0	0.11743	0.32952	0.38236	0.17069	0
V744	0.45686	0.077	0	0.16327	0	0.30286
V745	0	0.5813	0	0.08	0.3387	0
V746	0.94967	0.02152	0	0.02881	0	0
V747	0.24448	0.01952	0.09023	0.04906	0.59671	0
V748	0.05432	0.0305	0.31028	0.05546	0.05149	0.49795
V749	0.58664	0	0	0.19837	0.05652	0.15847
V750	0	0.08638	0	0.91362	0	0
V751	0	0.02937	0.04769	0.92293	0	0
V752	0.25182	0.0188	0	0.09522	0.63416	0
V753	0.0884	0	0.00504	0.14976	0.35369	0.40311
V754	0	0.49479	0.16767	0.1103	0	0.22724
V755	0.48035	0.02622	0	0.04397	0.44946	0
V756	0.01525	0	0.00479	0.05372	0	0.92624
V757	0.00844	0.50977	0	0.06941	0	0.41237
V758	0.34251	0.64274	0	0.01475	0	0
V759	0.20251	0.01071	0.01157	0.19378	0.57787	0.00356
V760	0.00674	0	0.00172	0.04034	0	0.9512
V761	0	0.01105	0.41032	0.03101	0.54761	0
V762	0.07818	0.01833	0.87869	0.01712	0	0.00768
V763	0	0.16835	0.02282	0.80883	0	0
V764	0.22729	0	0.08963	0.26912	0.23635	0.17761
V765	0.02707	0	0	0.02403	0	0.94891
V766	0.45666	0.35911	0	0.04088	0.14335	0
V767	0.16041	0	0.37103	0.10556	0	0.36301
V768	0	0.73537	0.2325	0.02168	0	0.01046
V769	0	0.01414	0.92703	0.05883	0	0
V770	0.01069	0.463	0	0.52632	0	0
V771	0.05076	0.07582	0.59296	0.01816	0	0.2623
V772	0.01898	0.01944	0.90655	0	0	0.05503
V773	0.57126	0	0.00545	0.22789	0	0.1954
V774	0.2354	0.01999	0.7446	0	0	0
V775	0	0.73567	0.19131	0.07302	0	0
V776	0.9933	0.00572	0	0.00099	0	0
V777	0.02043	0.20188	0	0.05673	0.45107	0.26989
V778	0	0.059	0.91025	0.03076	0	0
V779	0.97981	0.02019	0	0	0	0
V780	0	0.05513	0.05674	0.88813	0	0
V781	0.81471	0.11247	0.00912	0	0	0.0637
V782	0.02773	0	0.03998	0.00283	0	0.92946
V783	0.02881	0.83806	0.00125	0.03609	0	0.09579
V784	0	0.04335	0.37147	0.07018	0.515	0
V785	0	0.68711	0.1368	0.05218	0.12391	0
V786	0.0289	0.0176	0.04803	0.04103	0	0.86444
V787	0.8086	0.09236	0	0.06944	0.0296	0
V788	0	0.00623	0.05843	0.88901	0.04633	0
V789	0.124	0.48568	0	0.04151	0	0.34881
V790	0	0.73422	0.02112	0.24466	0	0
V791	0.02338	0	0.00524	0.0081	0	0.96328
V792	0.57958	0.07656	0.00067	0.34319	0	0
V793	0	0.48957	0.2039	0.30654	0	0
V794	0.12258	0.46788	0.24082	0.01862	0.1501	0
V795	0.15224	0.20475	0.00282	0.05429	0.47539	0.11051
V796	0.01195	0	0.00066	0.04636	0	0.94103
V797	0	0	0	0.05224	0.94776	0
V798	0.72451	0	0	0.04425	0.0938	0.13745
V799	0.72074	0.03708	0.11125	0.13093	0	0
V800	0.34449	0.11373	0	0.02825	0.25154	0.26199
V801	0.60789	0.29571	0	0.01739	0	0.07902
V802	0	0.0358	0.12469	0.78098	0.05853	0
V803	0	0.09681	0.00652	0.85589	0.04079	0
V804	0.84419	0.03304	0	0.12277	0	0
V805	0.81059	0.11952	0.02363	0.04626	0	0
V806	0	0.15069	0.18072	0.66858	0	0
V807	0	0.24251	0.02578	0.64135	0	0.09036
V808	0	0.95416	0.01436	0.03148	0	0
V809	0.01179	0.33121	0.02452	0.3492	0.28327	0
V810	0	0.14525	0.82071	0.03404	0	0
V811	0.13266	0.29154	0	0.28101	0.29479	0
V812	0	0.39896	0	0.60104	0	0
V813	0.0063	0.23624	0.00723	0.03354	0.69569	0.021
V814	0.69675	0.24548	0	0.01644	0.04132	0
V815	0	0.82725	0.08907	0.08368	0	0
V816	0.56893	0.03078	0.2526	0.14769	0	0
V817	0	0.31905	0.4589	0.16692	0.05513	0
V818	0	0.02759	0.97241	0	0	0
V819	0.62787	0.36571	0	0.00642	0	0
V820	0.09287	0.29955	0.59214	0	0	0.01544
V821	0.01523	0	0	0.03047	0	0.9543
V822	0.2911	0.06813	0.06476	0.57602	0	0
V823	0	0.01588	0	0.0399	0.94422	0
V824	0.73433	0.02353	0.04488	0.13897	0.0583	0
V825	0.4441	0.45223	0	0.02221	0.08145	0
V826	0.26612	0.26032	0.17461	0.29895	0	0
V827	0.00358	0.02577	0.92635	0	0	0.04429
V828	0.06344	0.04955	0	0.04081	0.16644	0.67977
V829	0	0.37256	0	0.62744	0	0
V830	0.00155	0.19359	0.06025	0.63119	0.03373	0.07969
V831	0.17977	0.02333	0	0.07625	0.72065	0
V832	0.21189	0.09614	0.08706	0.20705	0	0.39786
V833	0.0384	0.37674	0.30538	0.01706	0	0.26241
V834	0.39402	0.03996	0.30119	0.26483	0	0
V835	0.16128	0.52153	0.18262	0.0403	0.06372	0.03056
V836	0.5549	0.01782	0.03811	0.31687	0.07229	0
V837	0.40089	0.01843	0.58068	0	0	0
V838	0.11659	0	0	0.03646	0	0.84695
V839	0	0.93201	0	0.06799	0	0
V840	0	0.92066	0.01201	0.06733	0	0
V841	0.03503	0.00311	0	0.03194	0	0.92991
V842	0.04192	0.08094	0.02597	0.06926	0.59011	0.19179
V843	0	0.77646	0	0.04582	0	0.17772
V844	0.27519	0.00986	0.55942	0.04959	0.06852	0.03743
V845	0.00015	0.02321	0.02702	0.06054	0.88908	0
V846	0.27025	0.62714	0.00177	0.03242	0.04849	0.01993
V847	0.10859	0.09978	0.27905	0.07445	0	0.43814
V848	0.23833	0	0	0.0078	0	0.75387
V849	0.16855	0.0537	0.17244	0.00295	0.60236	0
V850	0.70751	0.00564	0.00388	0.27095	0.01202	0
V851	0.12755	0.43738	0.03112	0.25237	0.15157	0
V852	0.05597	0.14096	0.36047	0.00694	0	0.43566
V853	0	0.15172	0.00658	0.74031	0.10138	0
V854	0	0.01672	0.23447	0.02818	0.72064	0
V855	0.01031	0.17072	0.81897	0	0	0
V856	0	0.02927	0.73466	0.03988	0.19619	0
V857	0.0861	0.85271	0.0062	0.05499	0	0
V858	0	0.01023	0.01047	0.97931	0	0
V859	0.77736	0.17233	0.03318	0.01713	0	0
V860	0.05578	0.02849	0.77419	0.03731	0.0123	0.09192
V861	0	0.08503	0	0.20544	0.70953	0
V862	0.46206	0.11456	0.22287	0.00764	0	0.19288
V863	0.22439	0.04286	0.10486	0.10778	0	0.52011
V864	0.01444	0	0	0.05051	0.27711	0.65794
V865	0.60783	0	0.03352	0.0713	0.28735	0
V866	0.00812	0	0	0.3353	0.03074	0.62583
V867	0	0.17324	0.08867	0.73809	0	0
V868	0.16504	0.04963	0.68116	0.08233	0.02184	0
V869	0.11503	0.19917	0	0.12187	0	0.56393
V870	0.98548	0	0	0.01452	0	0
V871	0.01196	0.00435	0.09305	0.48505	0	0.40559
V872	0.01877	0.06234	0	0.07063	0.11576	0.7325
V873	0.03407	0.04087	0.00186	0.07643	0.84677	0
V874	0.31628	0.02121	0	0.66033	0.00217	0
V875	0	0.19052	0.22408	0.0101	0.5753	0
V876	0.01015	0	0	0.183	0	0.80684
V877	0.94032	0.01683	0	0.04284	0	0
V878	0.34039	0.07322	0.38929	0.06209	0.13501	0
V879	0	0.03677	0.00908	0.95415	0	0
V880	0.11036	0.81958	0.0298	0.04026	0	0
V881	0.76237	0.02123	0.21607	0.00033	0	0
V882	0.00685	0.04924	0.94392	0	0	0
V883	0.06696	0.21414	0.14656	0.20882	0.24129	0.12222
V884	0.00801	0.08407	0.71563	0.00292	0.18937	0
V885	0.12265	0.00802	0.22795	0.30565	0.09841	0.23733
V886	0	0.35053	0.34113	0.25459	0.05376	0
V887	0	0.01284	0.39648	0.02073	0.56995	0
V888	0	0.80763	0	0.06779	0.01284	0.11174
V889	0	0.83884	0.00591	0.15524	0	0
V890	0.27205	0.17214	0	0.06941	0.4864	0
V891	0	0.04043	0.95197	0.00575	0.00185	0
V892	0	0.04727	0.95273	0	0	0
V893	0	0.05909	0.93547	0.0041	0.00133	0
V894	0	0.74697	0	0.16248	0	0.09055
V895	0	0.00165	0.31712	0.01273	0.6685	0
V896	0	0	0	0.13914	0.86086	0
V897	0.11399	0.08865	0.76807	0.0272	0.00209	0
V898	0.54108	0	0.27254	0.04674	0.03929	0.10035
V899	0.0877	0.03338	0.86268	0.01624	0	0
V900	0.08452	0	0.07154	0.12955	0	0.71438
V901	0.03318	0.56074	0.05068	0	0	0.3554
V902	0.5344	0.44504	0	0.02055	0	0
V903	0	0	0	0.12504	0	0.87496
V904	0.0796	0.66756	0	0	0	0.25284
V905	0.57015	0	0.12104	0.03554	0.27326	0
V906	0.64214	0	0.28572	0	0	0.07214
V907	0.20979	0.19077	0	0.59945	0	0
V908	0.03365	0.01205	0.7303	0.05177	0.15574	0.0165
V909	0.05201	0.08258	0	0.05141	0.04185	0.77215
V910	0	0.02892	0.97108	0	0	0
V911	0.00646	0	0.42762	0	0	0.56592
V912	0.96426	0.01906	0	0.01669	0	0
V913	0.23162	0.02494	0.70185	0	0.04158	0
V914	0.70508	0	0	0	0	0.29492
V915	0.11256	0.47853	0.38943	0.01948	0	0
V916	0.05246	0	0	0.05318	0.38918	0.50518
V917	0.00649	0.68122	0.06613	0.00352	0	0.24264
V918	0	0.61143	0.02214	0.18943	0.177	0
V919	0	0.62195	0	0.01809	0	0.35996
V920	0.781	0.04907	0	0.13762	0	0.0323
V921	6e-04	0.02114	0.07729	0.62282	0.27815	0
V922	0	0.02495	0.94321	0.02366	0.00818	0
V923	0.57353	0.02984	0.30344	0.09318	0	0
V924	0	0.24687	0	0.02585	0.3526	0.37467
V925	0	0.34132	0.07767	0.58101	0	0
V926	0.31308	0	0	0.03454	0	0.65238
V927	0	0.03022	0.00729	0.96248	0	0
V928	0.66067	0.0935	0	0.00046	0.24537	0
V929	0.11243	0.01375	0.00377	0.84482	0	0.02524
V930	0.04932	0.09099	0.07229	0.01525	0	0.77216
V931	0	0.81497	0	0.0183	0	0.16673
V932	0.07496	0.03679	0.83039	0.00085	0.05701	0
V933	0.11696	0.02772	0.18186	0.62169	0.05178	0
V934	0.04376	0.68729	0.14802	0.05297	0	0.06796
V935	0.02727	0.2991	0.53056	0	0	0.14307
V936	0	0.02088	0.53492	0.07681	0.36739	0
V937	0.98429	0.01571	0	0	0	0
V938	0.0284	0.7787	0.00682	0.06596	0	0.12012
V939	0	0.88154	0.00597	0.05176	0.06073	0
V940	0.00248	0.53283	0	0.0466	0	0.41809
V941	0	0.94688	0	0.0421	0	0.01101
V942	0	0.01587	0.08741	0.12512	0.7716	0
V943	0.03578	0.48422	0.1312	0.3488	0	0
V944	0.12479	0.38088	0.06122	0.19388	0.23923	0
V945	0.16423	0.78504	0	0.04171	0	0.00902
V946	0.00796	0.02358	0.0128	0.52367	0.43199	0
V947	0	0	0.01534	0.25194	0	0.73272
V948	0.31158	0.00573	0.15398	0.03404	0	0.49467
V949	0.30849	0.34862	0.06982	0.13458	0	0.13849
V950	0.04556	0.02633	0	0.02043	0.90768	0
V951	0.40645	0.12676	0.05215	0.32324	0.0914	0
V952	0.89289	0.08705	0	0.02006	0	0
V953	0	0.72872	0.07974	0.19154	0	0
V954	0.01031	0.01514	0.09672	0.29159	0.58624	0
V955	0	0.25591	0.50988	0.23421	0	0
V956	0.09511	0	0	0.11705	0	0.78784
V957	0.81343	0.05708	0	0.12949	0	0
V958	0	0.03018	0.96982	0	0	0
V959	0.06846	0	0.00813	0.0441	0	0.87931
V960	0.22193	0.02135	0.44724	0.18075	0.12873	0
V961	0	0.4315	0	0.12077	0.44773	0
V962	0.73638	0.02329	0	0.03596	0.20437	0
V963	0.02302	0.93465	0.00197	0.04037	0	0
V964	0.24254	0.23854	0	0.1622	0.35672	0
V965	0.62876	0.03458	0.01579	0.32087	0	0
V966	0	0	0	0.05073	0.284	0.66527
V967	0.4388	0.5576	0	0.0036	0	0
V968	0.26339	0.04121	0.00668	0.41223	0.27649	0
V969	0.00397	0.07985	0	0.04057	0.87561	0
V970	0.26527	0.06005	0.44176	0.07539	0.10644	0.05108
V971	0.18998	0.46533	0.04875	0.03217	0	0.26377
V972	0.33387	0	0	0.03804	0.11597	0.51212
V973	0.04798	0.8615	0	0.09052	0	0
V974	0.04729	0.68533	0.00621	0.19352	0.06533	0.00233
V975	0.02484	0.50664	0.39029	0.06214	0	0.01609
V976	0.18413	0	0	0.00133	0	0.81454
V977	0.04831	0	0.04603	0.03452	0.5518	0.31934
V978	0.02035	0.15875	0.20005	0.29335	0.01332	0.31417
V979	0	0.11254	0.11734	0.55153	0.21859	0
V980	0.02901	0.03985	0.89334	0	0	0.03781
V981	0.00558	0.0781	0.1671	0.03237	0.28998	0.42686
V982	0.02695	0	0	0.43536	0.30968	0.22801
V983	0.10443	0.24411	0.03557	0.50014	0.10808	0.00766
V984	0.47632	0.03511	0.072	0.22597	0.03532	0.15529
V985	0.08453	0.12181	0.00431	0.06349	0.32551	0.40035
V986	0.1595	0.03777	0.80273	0	0	0
V987	0.01227	0	0	0.05733	0	0.9304
V988	0.00441	0.19486	0.50253	0.27056	0.02764	0
V989	0.92413	0.0209	0.02235	0.03262	0	0
V990	0.00666	0	0	0.04259	0.22051	0.73024
V991	0.71402	0.01571	0	0.07523	0.19504	0
V992	0	0.12898	0.527	0.34402	0	0
V993	0.89608	0.02125	0	0.08267	0	0
V994	0.0496	0	0.03759	0.01234	0	0.90047
V995	0.05099	0.84737	0.0527	0.04895	0	0
V996	0.21313	0.32516	0.33293	0.05535	0	0.07344
V997	0.14441	0.40095	0.08681	0.12659	0.24125	0
V998	0.08113	0.61462	0.06984	0.13536	0	0.09905
V999	0.09524	0.46626	0.17659	0.08819	0	0.17373
V1000	0.08047	0.0342	0.87834	0	0	0.00698
