Neutrophils	Monocytes_CD14.CD16.	Macrophage	T_cells_.CD4..	NK_cells
V1	0.37109	0.10393	0.24967	0.11411	0.16121
V2	0.10535	0.74355	0.05774	0.03425	0.05911
V3	0.07306	0	0.4417	0.40402	0.08122
V4	0.00375	0	0.24438	0.0521	0.69977
V5	0.00209	0	0.05786	0.0945	0.84556
V6	0.37724	0	0.26867	0.20321	0.15088
V7	0.0099	0	0.44782	0.06879	0.47349
V8	0.01999	0	0.88223	0.05745	0.04032
V9	0.05297	0	0.25378	0.59737	0.09587
V10	0.51527	0	0.43298	0	0.05175
V11	0.0313	0	0.11012	0.06206	0.79652
V12	0.08431	0	0.21986	0.28912	0.40671
V13	0.14004	0.03988	0.03525	0.38989	0.39495
V14	0.16448	0	0.06644	0.59781	0.17127
V15	0.01485	0.02667	5e-04	0.81563	0.14236
V16	0.57139	0.09027	0.00434	0.26609	0.0679
V17	0.08069	0.25926	0.01934	0.04911	0.59161
V18	0.12867	0.39266	0.25382	0.17441	0.05044
V19	0.02163	0.00184	0.00289	0.10767	0.86597
V20	0	0	0.72804	0.20881	0.06315
V21	0.03564	0.2556	0.14085	0.14401	0.42391
V22	0.79434	0.09727	0.05081	0	0.05758
V23	0.07843	0.00398	0.02413	0.12659	0.76688
V24	0.4816	0.13195	0.01468	0.03323	0.33854
V25	0.01571	0.01984	0.01604	0.4003	0.54811
V26	0.49848	0.20652	0.05485	0.02548	0.21466
V27	0.16857	0.47501	0.17942	0	0.177
V28	0.03147	0.04867	0.20932	0.58992	0.12062
V29	0	0	0.32246	0.57305	0.10449
V30	0.72499	0.12292	0.01848	0.01138	0.12224
V31	0.43903	0.15653	0.00709	0.19277	0.20458
V32	0.88055	0.03334	0	0	0.08611
V33	0.02885	0.20814	0.02019	0.10403	0.6388
V34	0.16208	0.79096	0.01978	0	0.02718
V35	0.14699	0.57327	0.24367	0.01038	0.02569
V36	0.03881	0.16082	0.181	0.08213	0.53724
V37	0.73473	0.02337	0	0.00907	0.23283
V38	0.14628	0	0.48142	0.18224	0.19006
V39	0.37827	0	0.3304	0.00311	0.28822
V40	0.25904	0.58981	0.01965	0.07186	0.05964
V41	0.09969	0.79404	0.02626	0	0.08001
V42	0.83422	0.06246	0.01049	8e-05	0.09275
V43	0.52733	0.09607	0.32668	0.00758	0.04235
V44	0.07622	0.22532	0.5698	0	0.12866
V45	0.08569	0.64399	0.09689	0.10462	0.06881
V46	0.16124	0.71882	0.06944	0.01233	0.03817
V47	0.01167	0	0.94253	0	0.04581
V48	0.19475	0.10644	0.22366	0.29667	0.17848
V49	0.50037	0.1272	0.21165	0.10961	0.05117
V50	0.04344	0	0.9211	0	0.03547
V51	0.13601	0.24859	0.20269	0.05046	0.36225
V52	0.10311	0.84435	0.02485	0	0.0277
V53	0.0294	0.18305	0.00962	0.66944	0.10849
V54	0.22861	0	0.00711	0.50672	0.25756
V55	0.07037	0.00569	0	0.79363	0.13031
V56	0.06535	0	0.00111	0.71467	0.21886
V57	0.20753	0.0592	0.57794	0.01127	0.14406
V58	0.06384	0	0.12976	0.19724	0.60916
V59	0.84016	0.03799	0.07125	0	0.0506
V60	0.45477	0.19624	0.1157	0.09754	0.13575
V61	0.21281	0	0.02523	0.20966	0.5523
V62	0.06469	0	0.31084	0.12984	0.49463
V63	0.42518	0.2568	0.05821	0.02097	0.23883
V64	0.88467	0.04911	0.00979	0	0.05643
V65	0.08992	0.07604	0.03751	0.57615	0.22038
V66	0.01584	0	0.12957	0.73311	0.12149
V67	0.00118	0	0.35048	0.09483	0.55352
V68	0.50486	0	0.3668	0.01965	0.10869
V69	0.61842	0.10676	0.18176	0.00496	0.0881
V70	0.10773	0.67979	0.04866	0.11443	0.04939
V71	0.14266	0.73666	0.04832	0.03756	0.03479
V72	0.06509	0.40926	0.03247	0.0286	0.46458
V73	0.05136	0	0.09793	0.55297	0.29774
V74	0.0051	0.06401	0.00768	0.73641	0.18679
V75	0.51178	0.15712	0.28516	0	0.04594
V76	0	0.00198	0.01817	0.79701	0.18284
V77	0.03115	0	0.90736	0.0239	0.03759
V78	0.01369	0	0.94081	0	0.04549
V79	0.10959	0.40235	0.04565	0.11675	0.32566
V80	0.16676	0.69708	0.01239	0.03153	0.09225
V81	0.0251	0	0.93774	0	0.03716
V82	0.2534	0.16694	0.02619	0.46495	0.08852
V83	0.10307	0.07761	0.01924	0.50639	0.29369
V84	0.10733	0.17449	0.00885	0.05562	0.65371
V85	0.01261	0	0.94754	0	0.03984
V86	0.04694	0.22404	0.3105	0.34611	0.07242
V87	0.47599	0.01356	0.03568	0.38283	0.09194
V88	0.33521	0.16256	0.05152	0.16801	0.28269
V89	0.09005	0.001	0.8493	0.02337	0.03628
V90	0.02667	0.18121	0.06483	0.10227	0.62502
V91	0	0	0.07875	0.79501	0.12624
V92	0.26499	0.02961	0.02627	0.05684	0.62229
V93	0.01013	0.06185	0.17221	0.49293	0.26287
V94	0.04463	0.17637	0.0259	0.22603	0.52707
V95	0.07759	0.23867	0.02647	0.10007	0.55721
V96	0.77993	0.02877	0.01732	0.01527	0.15872
V97	0.17963	0.01324	0.04576	0.11783	0.64354
V98	0.0862	0.35924	0.18379	0.10411	0.26666
V99	0.51864	0.14574	0	0.18092	0.1547
V100	0.54876	0.16754	0.04523	0.03787	0.2006
V101	0.11075	0.83252	0.03019	0	0.02653
V102	0.34523	0.22903	0.13205	0.08466	0.20904
V103	0.13269	0	0	0.06442	0.80289
V104	0.07841	0.40759	0.09186	0.02642	0.39573
V105	0.00573	0	0.04407	0.10336	0.84685
V106	0.10467	0.70569	0.1413	0	0.04834
V107	0.0968	0.13906	0.69524	0.02898	0.03991
V108	0.06163	0.08962	0.81564	0	0.03311
V109	0.07298	0.21854	0.06188	0.25314	0.39346
V110	0.22365	0.47467	0.17501	0.0799	0.04677
V111	0.34167	0.17722	0.45206	0	0.02905
V112	0.19008	0	0.09759	0.442	0.27033
V113	0.26075	0	0.09902	0.1483	0.49192
V114	0.5832	0.08197	0.0427	0.14191	0.15021
V115	0.83762	0.02418	0	0.00524	0.13297
V116	0.00899	0	0.00315	0.08007	0.90779
V117	0.06519	0	0.81071	0.06288	0.06122
V118	0.03493	0.00584	2e-04	0.80948	0.14954
V119	0.36921	0	0.37141	0.20539	0.05399
V120	0.01133	0	0.82017	0.0934	0.0751
V121	0.2302	0.68234	0.01182	0	0.07564
V122	0.06069	0.38535	0.09207	0.20208	0.25982
V123	0.51563	0.03713	0.06922	0.16437	0.21365
V124	0.23701	0.10595	0.06292	0.20476	0.38936
V125	0.09229	0.39542	0.48021	0	0.03208
V126	0.18994	0.16115	0.22266	0.10258	0.32366
V127	0.31988	0	0.60819	0.02959	0.04234
V128	0.23663	0.70607	0.0205	0	0.0368
V129	0.30687	0	0.26972	0.15848	0.26493
V130	0.0639	0.50225	0.0489	0.18683	0.19812
V131	0.00442	0	0.2272	0.66279	0.10558
V132	0.37065	0.0212	0	0.30528	0.30287
V133	0.0145	0	0.58718	0.08466	0.31366
V134	0.09489	0	0.78302	0.00925	0.11284
V135	0.05959	0.00382	0.77699	0.01558	0.14403
V136	0.89845	0.03995	0	0	0.0616
V137	0.85198	0.05891	0	0.01646	0.07265
V138	0.27788	0.13764	0.08048	0.12348	0.38052
V139	0.12283	0	0.14637	0.62398	0.10682
V140	0.01979	0	0.15283	0.05815	0.76924
V141	0.05751	0.14359	0.67458	0.07879	0.04553
V142	0.23794	0	0.31387	0.12072	0.32747
V143	0.04684	0.1388	0.50684	0.12675	0.18077
V144	0.52067	0.21599	0.0616	0.09092	0.11082
V145	0.01222	0	0.93148	0.00208	0.05423
V146	0.05356	0.35837	0.01175	0.27479	0.30153
V147	0.13503	0	0.70654	0.08743	0.07099
V148	0.19578	0.73029	0.02032	0.01387	0.03974
V149	0.00112	0.01006	0.00228	0.80681	0.17972
V150	0.19761	0.1227	0.58501	0	0.09468
V151	0.45239	0.01624	0.00448	0.3527	0.17419
V152	0.00087	0	0.10819	0.71055	0.18039
V153	0.22145	0.12704	0.46348	0.03496	0.15308
V154	0.16001	0.57699	0.03081	0.0214	0.2108
V155	0.02737	0	0.1285	0.72377	0.12036
V156	0.11969	0	0.40706	0.14377	0.32948
V157	0.10724	0.01018	0.17888	0.2714	0.43229
V158	0.22513	0	0.42921	0.04148	0.30418
V159	0.12832	0.23255	0.01416	0.50928	0.11569
V160	0.48267	0.15634	0.08909	0.0345	0.2374
V161	0.24064	0.0036	0.0627	0.04451	0.64855
V162	0.01768	0	0.94321	0	0.03911
V163	0.05021	0	0.01137	0.09325	0.84517
V164	0.8632	0.08053	0.00463	0.00056	0.05109
V165	0.61086	0.21012	0.07303	0.03015	0.07585
V166	0.04831	0	0.22962	0.55297	0.1691
V167	0.08072	0.62907	0.02613	0.10129	0.16278
V168	0.01768	0	0.94321	0	0.03911
V169	0.10924	0.6456	0.15098	0.05186	0.04232
V170	0.27782	0.3745	0.05575	0.15214	0.13978
V171	0.35966	0.03909	0.35759	0.15058	0.09307
V172	0.21069	0.22129	0.0753	0.03738	0.45533
V173	0.23563	0.09441	0.09012	0.35994	0.2199
V174	0.2379	0	0.33575	0.18439	0.24196
V175	0.0919	0.13246	0.12836	0.17672	0.47057
V176	0.38586	0.0185	0	0.50256	0.09309
V177	0.23574	0	0.56139	0.1501	0.05277
V178	0.33057	0	0.45369	0.09512	0.12062
V179	0.10317	0	0.00691	0.06616	0.82376
V180	0.0261	0	0.35827	0.03615	0.57948
V181	0.08388	0.29114	0.00416	0.07622	0.54461
V182	0.55936	0.237	0.00072	0.12158	0.08134
V183	0.11892	0.82664	0.02285	0	0.03158
V184	0.3521	0	0.27819	0.28431	0.0854
V185	0.13953	0.47865	0.02819	0.11823	0.2354
V186	0.15463	0.187	0.03063	0.23164	0.3961
V187	0.12384	0.65872	0.01177	0.15656	0.04912
V188	0.81102	0.04983	0.02302	0.0601	0.05603
V189	0.47036	0.2398	0.03129	0.19741	0.06115
V190	0.4594	0.04154	0.21124	0.0157	0.27211
V191	0.23697	0.2318	0.00373	0.35763	0.16988
V192	0.35385	0.17866	0.12224	0.1791	0.16616
V193	0.11452	0.14272	0.53889	0.03132	0.17255
V194	0.29672	0.03493	0.08768	0.11054	0.47014
V195	0.59422	0.1522	0.21264	0	0.04094
V196	0	0	0.05417	0.09561	0.85022
V197	0.11816	0.8118	0.0196	0.01612	0.03432
V198	0.25623	0.22712	0.03731	0.17931	0.30003
V199	0.76599	0.00601	0.18756	0	0.04043
V200	0.7603	0.00921	0.02446	0.01807	0.18797
V201	0.0273	0	0.01632	0.67151	0.28487
V202	0.85194	0.0882	0	0.00225	0.05761
V203	0.5393	0.25364	0.02283	0.03909	0.14515
V204	0.37186	0.07622	0.03215	0.02772	0.49205
V205	0.13147	0.00196	0.12633	0.10165	0.63859
V206	0.04405	0.10803	0	0.70192	0.146
V207	0.01485	0.02667	5e-04	0.81563	0.14236
V208	0.21169	0.15799	0.48137	0.03125	0.11771
V209	0.1798	0	0.10136	0.06862	0.65022
V210	0.01039	0	0.94335	0	0.04626
V211	0.18258	0	0.20671	0.05581	0.5549
V212	0.11395	0.71486	0.07862	0.02191	0.07067
V213	0.10137	0	0.05405	0.26416	0.58042
V214	0.07923	0.50167	0.37262	1e-05	0.04647
V215	0.28666	0.2081	0.13633	0.07245	0.29646
V216	0.07042	0	0.34787	0.06201	0.5197
V217	0	0	0.023	0.7718	0.20519
V218	0.10069	0.15768	0.29239	0.30479	0.14446
V219	0.17674	0.22514	0.3834	0.1639	0.05082
V220	0.23072	0.67876	0.06011	0	0.03041
V221	0.06955	0	0.53235	0.02084	0.37725
V222	0.01767	0	0.007	0.08298	0.89235
V223	0.56062	0	0.28511	0.09541	0.05886
V224	0.08035	0.54338	0.03333	0.07187	0.27107
V225	0.69395	0.15889	0.10506	0	0.0421
V226	0.45916	0.49771	0.00502	0	0.03811
V227	0.10969	0.27429	0.00778	0.49408	0.11416
V228	0.61971	0.00305	0.25004	0.05146	0.07574
V229	0.31737	0.35728	0.24446	0.02376	0.05713
V230	0.01481	0	0.00331	0.08414	0.89775
V231	0.10874	0.58698	0.06434	0.13207	0.10787
V232	0.79236	0.01067	0.15505	0	0.04192
V233	0.06417	0	0.15456	0.12263	0.65864
V234	0.04936	0.3584	0.21286	0.29814	0.08123
V235	0.88294	0.04495	0	0.01525	0.05686
V236	0.09947	0	0.6336	0.17046	0.09647
V237	0.1535	0.04165	0.27164	0.29393	0.23927
V238	0.00116	0	0.00642	0.29791	0.69451
V239	0.09815	0.40375	0.05466	0.15304	0.2904
V240	0.11703	0.7837	0.02446	0.00552	0.06929
V241	0.10214	0.84147	0.02434	0	0.03205
V242	0.06792	0.29058	0.2979	0.23595	0.10764
V243	0.51859	0	0.30036	0.01812	0.16293
V244	0.06764	0.38868	0.19352	0.07396	0.2762
V245	0.10138	0.82043	0.04211	0.00903	0.02705
V246	0.60216	0.26505	0.02243	0	0.11036
V247	0.25488	0.0212	0.62441	0.03468	0.06484
V248	0.13991	0.58654	0.03234	0.01043	0.23078
V249	0.29369	0.03636	0.20638	0.099	0.36456
V250	0.0321	0	0.66792	0.03435	0.26563
V251	0.23532	0.00684	0.08789	0.5322	0.13776
V252	0.05173	0.04784	0.58597	0.13751	0.17696
V253	0.32836	0.53053	0.07617	0.02305	0.04189
V254	0.51504	0.37496	0	0.05653	0.05347
V255	0.77301	0.10134	0	0.01413	0.11153
V256	0.09232	0.72084	0.03047	0.00607	0.1503
V257	0.47139	0.2794	0.12888	0.02022	0.10011
V258	0.18917	0.32057	0.04854	0.36751	0.07422
V259	0.54817	0.2487	0.15324	0	0.04989
V260	0.29602	0.01059	0.10692	0.09678	0.4897
V261	0.02265	0	0.51729	0.27385	0.18621
V262	0.86411	0.04663	0.03553	0.00124	0.0525
V263	0.7614	0.1021	0.00482	0.07992	0.05177
V264	0.11762	0.80635	0.02663	0.02099	0.0284
V265	0.7925	0.09609	0.05843	0.0041	0.04887
V266	0.00912	0	0.07909	0.08195	0.82985
V267	0.04886	0	0.00242	0.18839	0.76033
V268	0.23977	0.4036	0.13367	0.13945	0.08351
V269	0.13305	0.28202	0.35357	0.15812	0.07323
V270	0.04316	0	0.03105	0.79939	0.12641
V271	0.25713	0.66568	0.01716	0.00813	0.0519
V272	0.1521	0.75356	0.03536	0.00305	0.05594
V273	0.31876	0	0.16799	0.29715	0.2161
V274	0.10354	0.0244	0.03873	0.21429	0.61905
V275	0.09961	0.6551	0.14303	0.05921	0.04306
V276	0.01052	0	0.70094	0.2102	0.07833
V277	0.40853	0	0.53267	0	0.0588
V278	0.00496	0	0.35289	0.43701	0.20514
V279	0.15248	0	0.00994	0.67807	0.15951
V280	0.20703	0.01352	0.03315	0.56159	0.18471
V281	0.03536	0.23196	0.0439	0.58719	0.1016
V282	0.11033	0.83401	0.02395	0	0.03171
V283	0.39447	0	0.10466	0.04376	0.45711
V284	0.05608	0.05978	0.56298	0.00777	0.31338
V285	0.50398	0.43801	0.00207	0.01313	0.04281
V286	0.10934	0	0.82975	0.01966	0.04125
V287	0.2774	0.04155	0.16718	0.26525	0.24862
V288	0.2396	0	0.60295	0	0.15745
V289	0.17664	0.23066	0.02125	0.48232	0.08913
V290	0.44275	0.41209	0.11637	0	0.02879
V291	0.42042	0.21651	0.00148	0.28919	0.0724
V292	0.14603	0	0.41191	0.04572	0.39633
V293	0.04088	0.01283	0.85681	0.03491	0.05457
V294	0.00626	0	0.00956	0.07708	0.9071
V295	0.0117	0	0.33434	0.48994	0.16401
V296	0.79509	0.12968	0	0.00534	0.06989
V297	0.02529	0	0.78036	0.11009	0.08425
V298	0.3097	0.00312	0	0.4928	0.19438
V299	0.2806	0	0.00658	0.60822	0.1046
V300	0.88843	0.04775	0	0.00593	0.05789
V301	0.88732	0.03432	0	0.01849	0.05988
V302	8e-05	0	0.00669	0.41118	0.58204
V303	0.137	0.151	0.21742	0.16692	0.32767
V304	0.23303	0	0.71612	0	0.05084
V305	0.24377	0.30523	0.09159	0.0922	0.26722
V306	0.34301	0.60369	0.00863	0.00235	0.04231
V307	0.26054	0	0.25336	0.41063	0.07547
V308	0.27573	0	0.62646	0.05393	0.04388
V309	0.6491	0.07347	0.0412	0.09371	0.14252
V310	0.03153	0.00788	0.0096	0.14204	0.80895
V311	0.00562	0	0.03902	0.81625	0.1391
V312	0.1237	0.22291	0.25385	0.01438	0.38517
V313	0.08215	0.30619	0.01711	0.27994	0.31461
V314	0.08571	0	0.00481	0.37672	0.53276
V315	0.8884	0.03384	0.00359	0	0.07417
V316	0.1636	0.51055	0.23128	0.01372	0.08085
V317	0.44226	0.02768	0.47787	0	0.05219
V318	0.85748	0.02823	0	0	0.11429
V319	0.14804	0	0.81905	0	0.03291
V320	0.07819	0	0.00302	0.78348	0.13532
V321	0.17997	0.29569	0.2965	0.16239	0.06544
V322	0.04861	0.19483	0.58748	0.03839	0.13069
V323	0.30516	0.1617	0.42165	0.00643	0.10507
V324	0.03565	0.03567	0.04064	0.76112	0.12691
V325	0.63309	0.10777	0.07275	0.08803	0.09837
V326	0.04866	0	0.05614	0.16657	0.72863
V327	0.36199	0.45175	0.09919	0.00646	0.08062
V328	0.0706	0.27719	0.16456	0.40176	0.08589
V329	0.01019	0	0.40857	0.48739	0.09384
V330	0.10747	0	0.81814	0	0.07439
V331	0.1536	0	0.09276	0.11769	0.63596
V332	0.51705	0.00465	0.41808	0	0.06021
V333	0.44927	0	0.29143	0.13469	0.12461
V334	0.08695	0.21811	0.55998	0.06227	0.07269
V335	0.71299	0.06265	0.06971	0.02277	0.13188
V336	0.2109	0.51753	0.23712	0	0.03445
V337	0.00195	0	0.01437	0.19435	0.78933
V338	0.72065	0.01963	0.13365	0.00838	0.1177
V339	0.25144	0.48991	0.16932	0	0.08934
V340	0.04749	0.15357	0.12129	0.08103	0.59662
V341	0.07233	0.43294	0.41941	0	0.07531
V342	0.34735	0.09786	0.43098	0.08399	0.03983
V343	0.70651	0	0.25328	0	0.0402
V344	0.15018	0.70215	0.04732	0.01089	0.08945
V345	0.23964	0.04618	6e-05	0.27269	0.44143
V346	0.06743	0.27727	0.31852	0.25227	0.08451
V347	0.11859	0.50719	0.02931	0.25624	0.08868
V348	0.03689	0.0843	0.4697	0.22305	0.18607
V349	0.11348	0.24067	0.52902	0.0029	0.11393
V350	0.14603	0.40134	0.08695	0.19478	0.1709
V351	0.20957	0	0.42765	0.2867	0.07609
V352	0.16176	0.484	0.32466	0	0.02959
V353	0.28501	0.32328	0.03793	0.04407	0.30971
V354	0.59595	0	0.36779	0	0.03627
V355	0.09695	0	0.33122	0.48182	0.09002
V356	0.12105	0	0.81098	0.00505	0.06292
V357	0.06002	0	0.53348	0.03646	0.37003
V358	0.0236	0.02713	0.03248	0.78533	0.13147
V359	0.05651	0.11831	0.00603	0.70619	0.11297
V360	0.70101	0.05417	0.07737	0.11565	0.0518
V361	0.36627	0.44701	0.0827	0	0.10402
V362	0.798	0.01492	0.08036	0	0.10672
V363	0.03151	0.01865	0.00879	0.18057	0.76048
V364	0.0564	0.29602	0.02636	0.3875	0.23371
V365	0	0.00639	0.01025	0.82113	0.16224
V366	0.25366	0	0.58511	0.04679	0.11444
V367	0.2661	0.1954	0.20546	0.14373	0.1893
V368	0.73748	0.08775	0.10573	0	0.06904
V369	0.09601	0.59993	0.22191	0.05258	0.02957
V370	0.03029	0.14679	0.13186	0.33996	0.3511
V371	0.10989	0.81022	0.05611	0	0.02378
V372	0.65696	0.06547	0.12886	0.08341	0.0653
V373	0.167	0.60822	0.12417	0.06364	0.03697
V374	0.12506	0	0.39124	0.40985	0.07385
V375	0.3481	0	0.56161	0.05224	0.03805
V376	0.00668	0	0.41077	0.0406	0.54195
V377	0.1357	0.47248	0.20089	0.14462	0.04631
V378	0.18137	0.50811	0.16764	0	0.14287
V379	0.02167	0	0.10994	0.11685	0.75153
V380	0.01747	0.02389	0.18297	0.48253	0.29313
V381	0.16857	0.04239	0.00557	0.05594	0.72753
V382	0.43714	0	0	0.267	0.29586
V383	0.02801	0	0.2664	0.60786	0.09773
V384	0.32056	0.02321	0.16202	0.37459	0.11961
V385	0.10091	0.09604	0.00814	0.05751	0.73739
V386	0.64999	0.02881	0	0.25102	0.07018
V387	0.28547	0.024	0	0.56909	0.12144
V388	0.10712	0.77418	0.04485	0.03879	0.03506
V389	0.16846	0.71923	0.02637	0.01566	0.07028
V390	0.18984	0.00048	0.00163	0.61416	0.1939
V391	0.68211	0.16832	0	0.05429	0.09527
V392	0.87595	0.06809	0	0.00226	0.0537
V393	0.11159	0	0.15205	0.50185	0.23451
V394	0.7059	0.02354	0.01738	0.1266	0.12658
V395	0	0	0.37129	0.53026	0.09845
V396	0.58339	0	0.37573	0	0.04088
V397	0.66234	0.14954	0.0265	0.08397	0.07766
V398	0.05981	0	0.15959	0.6073	0.1733
V399	0.04229	0.0223	0	0.28299	0.65242
V400	0.21237	0.49419	0.14902	0.10838	0.03604
V401	0.36658	0	0.58381	0.01415	0.03546
V402	0.42233	0	0.42129	0.0507	0.10569
V403	0.16936	0.07587	0	0.15476	0.60001
V404	0.01117	0	0.51	0.36469	0.11415
V405	0.37338	0.25249	0.06831	0.1762	0.12962
V406	0.03924	0	0.91221	0	0.04855
V407	0.84188	0.06233	0.02309	0.02394	0.04876
V408	0.05807	0.3883	0.01244	0.22399	0.3172
V409	0.11328	0	0.05905	0.63367	0.19401
V410	0.16317	0.09244	0.33375	0.05016	0.36048
V411	0.00816	0	0.00265	0.08879	0.9004
V412	0.03513	0.12858	0.14191	0.06011	0.63427
V413	0.04319	0.24652	0.15949	0.32721	0.22359
V414	0.04586	0.09092	0	0.44127	0.42195
V415	0.18145	0	0	0.05916	0.75939
V416	0.12174	0.0834	0.02134	0.16527	0.60826
V417	0.01294	0	0.77137	0.11283	0.10285
V418	0.54299	0.37982	0.01833	0.00032	0.05854
V419	0.27494	0.01059	0.01692	0.13943	0.55812
V420	0.25487	0	0.09508	0.07439	0.57566
V421	2e-05	0	0.13144	0.09462	0.77392
V422	0.00958	0	0.05132	0.68051	0.2586
V423	0.33552	0.15546	0.27944	0.16118	0.0684
V424	0.00076	0	0.50137	0.0259	0.47197
V425	0.36154	0.37386	0.00104	0.01252	0.25103
V426	0.25758	0.1888	0.0183	0.3929	0.14242
V427	0.24935	0.58056	0.14141	0	0.02867
V428	0.14575	0.61479	0.07802	0.06354	0.09789
V429	0.16819	0.73001	0.01332	0.03981	0.04868
V430	0.03487	0	0.4187	0.18864	0.35779
V431	0.15636	0.34668	0.19735	0.20643	0.09318
V432	0.33467	0.04828	0.12328	0.30645	0.18732
V433	0.22776	0	0.50008	0.19804	0.07412
V434	0.29535	0.23956	0.36359	0	0.1015
V435	0.59148	0.01618	0.33289	0.01411	0.04535
V436	0.10886	0.56719	0.10555	0.03853	0.17986
V437	0.21487	0.00697	0.0263	0.18484	0.56701
V438	0.17363	0.28378	0.19813	0.23807	0.10639
V439	0.62306	0.00047	0.0407	0.25569	0.08008
V440	0.07267	0.29293	0.55979	0.00128	0.07334
V441	0.08914	0.49214	0.37305	0.01241	0.03326
V442	0.11071	0.83325	0.03061	0	0.02543
V443	0.88196	0.03333	0	0.02935	0.05535
V444	0.18906	0.42738	0.03369	0.2661	0.08377
V445	0.09481	0.41344	0.0448	0.36603	0.08092
V446	0.12458	0.01154	0.10349	0.53294	0.22744
V447	0.06802	0	0.00872	0.44566	0.4776
V448	0.18442	0	0.01574	0.07045	0.72939
V449	0.01768	0	0.94321	0	0.03911
V450	0.2469	0.05511	0.2533	0.12834	0.31635
V451	0.30016	0.1947	0.06145	0.28956	0.15413
V452	0.00393	0	0.15877	0.68692	0.15039
V453	0.0149	0.00455	0.00065	0.45776	0.52213
V454	0.01285	0	0.69664	0.02643	0.26407
V455	0.09631	0.1998	0.29057	0.05142	0.3619
V456	0.87074	0.03934	0	0.01409	0.07583
V457	0.65331	0.21183	0.02705	0.03646	0.07135
V458	0.07179	0.308	0.51346	0.03836	0.06839
V459	0.15357	0.05029	0.05353	0.45309	0.28952
V460	0.68697	0.03312	0.17767	0.04085	0.06139
V461	0.23692	0.27425	0.24183	0.01253	0.23446
V462	0.0546	0.07761	0.0131	0.47916	0.37553
V463	0.2317	0.06245	0.00712	0.5923	0.10643
V464	0.22323	0.10954	0.63049	0	0.03675
V465	0.05283	0.09402	0.01791	0.07624	0.759
V466	0.0258	0	0	0.15408	0.82012
V467	0.07416	0.26457	0.02483	0.47618	0.16025
V468	0.56315	0.28601	0.09581	0	0.05503
V469	0.04167	0.33461	0.06532	0.24674	0.31166
V470	0.79885	0.07559	0.01681	0.05362	0.05513
V471	0.41163	0.29101	0.0257	0.11354	0.15812
V472	0.01082	0.01449	0.04722	0.07058	0.85688
V473	0.05264	0.19579	0.25241	0.28533	0.21383
V474	0.31601	0.13203	0.0592	0.38289	0.10987
V475	0.19905	0	0.58647	0.02232	0.19216
V476	0.17397	0.0146	0.10014	0.56211	0.14918
V477	0.10214	0.8407	0.03143	0	0.02572
V478	0.19776	0	0.00202	0.05747	0.74276
V479	0.80078	0.0744	0.02345	0.04714	0.05423
V480	0.18516	0.61682	0.06036	0.07897	0.05869
V481	0.27789	0.35501	0.0639	0.14766	0.15553
V482	0.1665	0.62202	0.17769	0	0.03379
V483	0.34179	0.5045	0.00387	0.07358	0.07625
V484	0.26338	0.48232	0.11251	0.09315	0.04864
V485	0.66226	0.07774	0.1036	0.09045	0.06595
V486	0.09295	0.0322	0.31883	0.02954	0.52648
V487	0.17496	0.0785	0.41856	0.26383	0.06414
V488	0.42817	0.07434	0	0.29238	0.2051
V489	0.04848	0.15232	0.69119	0.05638	0.05163
V490	0.01254	0	0.74839	0.18042	0.05865
V491	0.07126	0.46201	0.05713	0.09258	0.31702
V492	0.03616	0.14554	0.0333	0.6568	0.1282
V493	0.01046	0	0.00625	0.83595	0.14734
V494	0.34278	0	0.01156	0.48653	0.15913
V495	0.36955	0.19258	0.20521	0.13679	0.09587
V496	0.15551	0.01152	0.05727	0.0537	0.722
V497	0.11938	0	0.15671	0.13139	0.59252
V498	0.12718	0.79192	0.0382	0	0.0427
V499	0.07066	0.20103	0.27156	0.07141	0.38535
V500	0.15375	0.46803	0.11141	0.17315	0.09367
V501	0.10054	0.32981	0.01973	0.03971	0.51021
V502	0.17854	0.73374	0.04872	0.01226	0.02674
V503	0.48093	0	0.19768	0.12529	0.19611
V504	0.49478	0.21047	0.00237	0.01422	0.27816
V505	0.63466	0.0101	0.01838	0.08015	0.25671
V506	0.06869	0.51383	0.07586	0.02	0.32162
V507	0.81811	0.0147	0.023	0.06896	0.07523
V508	0.08476	0.59614	0.207	0.0235	0.08861
V509	0.09474	0.44251	0.1433	0.16184	0.15762
V510	0.42875	0.46677	0.04315	0.02227	0.03906
V511	0.11418	0.25277	0.51857	0.02353	0.09096
V512	0.19896	0.43125	0.17182	0.0354	0.16257
V513	0.21577	0.63317	0.07445	0.02452	0.05209
V514	0.00599	0	0.22343	0.08313	0.68745
V515	0.08269	0.13968	0	0.66864	0.10899
V516	0.19696	0.34855	0.1099	0.2746	0.06999
V517	0.01219	0.02405	0.05191	0.78157	0.13029
V518	0.45491	0	0.30395	0.16128	0.07986
V519	0.7545	0.08494	0	0.1005	0.06007
V520	0.12596	0.78164	0.03112	0.03221	0.02907
V521	0.22484	0	0.12406	0.55263	0.09847
V522	0.08821	0.12863	0.58884	0.11371	0.08062
V523	0.19502	0	0.738	0.0257	0.04127
V524	0.38595	0	0.52731	0	0.08674
V525	0.02995	0.20559	0.03814	0.05897	0.66734
V526	0.06427	0	0.86338	0.00711	0.06523
V527	0.13874	0.43262	0.38313	0	0.04552
V528	0.16081	0	0.01588	0.70859	0.11472
V529	0.2563	0	0.69993	0	0.04377
V530	0.03487	0	0.87223	0.03238	0.06051
V531	0.22157	0.49353	0.09135	0.00948	0.18407
V532	0.10222	0.22913	0.30785	0.01089	0.3499
V533	0.30162	0	0	0.04926	0.64912
V534	0.13546	0.07339	0	0.65947	0.13169
V535	0.78125	0.134	0.03776	0	0.04699
V536	0.1701	0.13348	0.39475	0.03136	0.27031
V537	0.02201	0.00741	0.01977	0.07263	0.87819
V538	0.62101	0.12487	0	0.02905	0.22507
V539	0.04877	0.07267	0.68625	0.08594	0.10637
V540	0.20776	0.45161	0.092	0.04004	0.20858
V541	0.06473	0.41051	0.03152	0.04849	0.44475
V542	0.06438	0.33312	0.11785	0.36398	0.12067
V543	0.10848	0.02203	0.70806	0.03597	0.12545
V544	0.37996	0.17287	0.17677	0.05506	0.21534
V545	0.6007	0.35541	0.00554	0	0.03834
V546	0.12397	0.72289	0.08599	0	0.06716
V547	0.14086	0.7277	0.01369	0.06607	0.05167
V548	0.00577	0.06647	0.00839	0.78459	0.13477
V549	0.00103	0	0.02211	0.20875	0.76811
V550	0.09918	0.77246	0.09814	0	0.03021
V551	0.01419	3e-04	0.00157	0.84029	0.14365
V552	0.24948	0	0.01862	0.07708	0.65482
V553	0.75664	0.02885	0.01008	0.11257	0.09186
V554	0.14154	0	0.50107	0.28152	0.07587
V555	0.10098	0.82721	0.02904	0	0.04276
V556	0.0853	0.04257	0.05578	0.66361	0.15275
V557	0.33355	0.24612	0.0346	0.28107	0.10466
V558	0.01752	0	0.78485	0.12773	0.06991
V559	0.15553	0.36803	0.42455	0	0.05189
V560	0.62085	0.22881	0.11578	0	0.03456
V561	0.71795	0	0.12335	0.00591	0.15279
V562	0.14817	0.02244	0.16538	0.11599	0.54802
V563	0.25742	0.23701	0.20494	0.09447	0.20616
V564	0.37346	0.0124	0.05655	0.30859	0.249
V565	0.00407	0	0.01583	0.10785	0.87225
V566	0.31769	0.1455	0.02433	0.2819	0.23058
V567	0.03363	0	0.92435	0	0.04201
V568	0.0606	0.17907	0.44124	0.26377	0.05532
V569	0.63476	0.09712	0.09671	0.09271	0.0787
V570	0.15421	0	0.2829	0.41875	0.14414
V571	0.29023	0	0.22313	0.30501	0.18163
V572	0.80446	0.02946	0	0.00846	0.15763
V573	0.10159	0.02171	0.35469	0.34911	0.1729
V574	0.53256	0.27839	0.06828	0.0621	0.05866
V575	0.40435	0.00381	0.12062	0.06229	0.40893
V576	0.10069	0.80324	0.02653	0.00045	0.06909
V577	0.42826	0.46792	0.03537	0.02855	0.03991
V578	0.05522	0.10064	0.5433	0.20052	0.10032
V579	0.07368	0.47343	0.3172	0.01313	0.12256
V580	0.24739	0.52049	0.0178	0.15165	0.06267
V581	0.10497	0.43959	0.36398	0.05449	0.03698
V582	0.02677	0	0.93467	0	0.03855
V583	0.6429	0	0.30989	0.00723	0.03997
V584	0.26347	0.4723	0.10515	0.019	0.14008
V585	0.10352	0.71638	0.07235	0.03529	0.07246
V586	0.09701	0.71822	0.15937	1e-05	0.0254
V587	0.10453	0.65443	0.01933	0.02254	0.19918
V588	0.27943	0.35233	0.33786	0	0.03039
V589	0.12888	0.40227	0.05182	0.33302	0.08402
V590	0.10252	0.73153	0.01672	0.00622	0.14301
V591	0.46427	0.46407	0.03502	0	0.03665
V592	0.02237	0	0.76065	0.02661	0.19037
V593	0.43262	0.00915	0	0.42869	0.12955
V594	0.03387	0.04961	0.69103	0.1303	0.09519
V595	0.54028	0.04122	0.05895	0.26013	0.09942
V596	0.48844	0.1688	0.19292	0.08774	0.0621
V597	0.03783	0.19913	0.01103	0.13387	0.61813
V598	0.59963	0.01344	0	0.01886	0.36807
V599	0.10725	0.39213	0.09686	0.31436	0.08941
V600	0.30485	0	0.17831	0.34009	0.17675
V601	0.15523	0.10298	0.00226	0.43164	0.30789
V602	0.77014	0.18207	0	0	0.04779
V603	0.15185	0.14038	0.03012	0.14532	0.53233
V604	0.02769	0	0.71853	0.09169	0.16209
V605	0.03605	0.03397	0.14208	0.10847	0.67943
V606	0.80449	0.02137	0	0.00968	0.16446
V607	0.18598	0.10583	0.02168	0.05159	0.63492
V608	0.74066	0.03286	0.02452	0.06366	0.13829
V609	0.21068	0.31155	0.01363	0.3315	0.13264
V610	0.13169	0.62903	0.01637	0.17234	0.05057
V611	0.321	0	0.59051	0.0037	0.08478
V612	0.42858	0.01027	0.30579	0.01224	0.24312
V613	0.42354	0.49719	0.03651	0.01027	0.0325
V614	0.55401	0.03504	0.01187	0.07448	0.32459
V615	0.01038	0.07656	0.14074	0.53423	0.2381
V616	0.67099	0	0.13722	0.10873	0.08307
V617	0.27654	0.01286	0.47162	0.07645	0.16254
V618	0.7124	0.1007	0.05433	0.0044	0.12816
V619	0.57306	0.03065	0.14511	0.00737	0.24381
V620	0.04917	0	0.36277	0.4959	0.09217
V621	0.18335	0.18583	0.30299	0.00637	0.32146
V622	0.04772	0.16969	0.36931	0.02448	0.38881
V623	0.068	0	0.00322	0.64795	0.28083
V624	0.85554	0.02625	0	0.01441	0.10381
V625	0.00503	0.05057	0.09976	0.72339	0.12125
V626	0.09338	0	0.55893	0.26545	0.08223
V627	0.13226	0.14198	0.12556	0.05582	0.54438
V628	0.87931	0.04907	0	0.01767	0.05395
V629	0.18073	0.16747	0.61174	0.00303	0.03703
V630	0.0274	0.18414	0.02924	0.06942	0.68979
V631	0	0	0.28055	0.05556	0.66388
V632	0.10148	0.72121	0.02249	0.02315	0.13167
V633	0.05156	0	0.08864	0.50171	0.35809
V634	0.43016	0.40725	0.13348	0	0.02911
V635	0.05548	0.07671	0.20186	0.05639	0.60957
V636	0.24073	0.13251	0.31388	0.16007	0.15281
V637	0.24583	0	0.39969	0.21721	0.13727
V638	0.11516	0.45913	0.02924	0.07726	0.31921
V639	0.5216	0.37352	0.06835	0	0.03654
V640	0.13294	0.18235	0.08769	0.21544	0.38158
V641	0.14784	0.67419	0.03171	0.09241	0.05386
V642	0.70963	0.05698	0	0.17133	0.06206
V643	0.10896	0.782	0.07585	0.00724	0.02595
V644	0.07411	0.43474	0.02872	0.36659	0.09584
V645	0.20392	0.68997	0.02553	0.04943	0.03114
V646	0.1759	0.51177	0.03581	0.17589	0.10063
V647	0.87293	0.03117	0	0.0403	0.05559
V648	0.4566	0.11642	0	0.23189	0.19509
V649	0.29891	0.08155	0.07861	0.11291	0.42802
V650	0.01552	0	0.05496	0.80298	0.12654
V651	0.16151	0.2219	0	0.52709	0.0895
V652	0.38154	0.00174	0.02965	0.48401	0.10305
V653	0.36413	0.00693	0.04711	0.45958	0.12225
V654	0.03925	0.07591	0.00195	0.11317	0.76972
V655	0.18921	0.01776	0.30845	0.40299	0.08159
V656	0.12645	0.00016	0	0.14067	0.73273
V657	0.07104	0.48347	0.03875	0.26253	0.14421
V658	0.02478	0.02017	0.03163	0.57773	0.34569
V659	0.01064	0.00695	0.08018	0.72893	0.1733
V660	0.09025	0.34019	0.02776	0.05945	0.48235
V661	0.09056	0.62949	0.0252	0.13254	0.12221
V662	0.06892	0.43784	0.03274	0.02543	0.43506
V663	0.90022	0.0423	0	0	0.05748
V664	0.01296	0	0.11492	0.39023	0.48189
V665	0.08356	0.58893	0.20724	0.0561	0.06417
V666	0.14429	0.77844	0.05264	0	0.02464
V667	0.08587	0.50751	0.25949	0.07246	0.07467
V668	0.62708	0.23774	0.04245	0.03476	0.05797
V669	0.48009	0.30383	0.02458	0.06438	0.12711
V670	0.14229	0.59618	0.05537	0.02484	0.18132
V671	0.76529	0.0021	0.16956	0.01417	0.04888
V672	0.10727	0.05403	0.09652	0.29542	0.44676
V673	0.00936	0.01297	0.00367	0.15545	0.81854
V674	0.41859	0.04855	0.46855	0	0.0643
V675	0.68518	0.01103	0.03232	0.12347	0.148
V676	0.30949	0.04587	0.49155	0	0.15309
V677	0.07133	0.25187	0.22624	0.3311	0.11946
V678	0.07617	0.32116	0.02025	0.05784	0.52458
V679	0.01012	0	0.46607	0.43699	0.08682
V680	0.18238	0	0.01396	0.33551	0.46815
V681	0.53833	0.03316	0.0346	0.24995	0.14396
V682	0.01768	0	0.94321	0	0.03911
V683	0.11472	0.10708	0.64673	0	0.13147
V684	0.0573	0.00281	0.00656	0.80337	0.12996
V685	0.02098	0	0.84672	0.08276	0.04954
V686	0.31637	0.5692	0.07024	0.00446	0.03973
V687	0	0	0.59044	0.32568	0.08388
V688	0.01268	0	0.93419	0	0.05313
V689	0.52845	0.03539	0.18654	0.08665	0.16296
V690	0.15269	0.77645	0.03039	0.00779	0.03267
V691	0.15599	0.13213	0.0461	0.54525	0.12052
V692	0.06998	0.01676	0.01217	0.70365	0.19745
V693	0.07498	0.45204	0.42496	0.01355	0.03446
V694	0.10205	0.19894	0.04022	0.51088	0.14791
V695	0.15392	0.09376	0.15447	0.0478	0.55004
V696	0.14833	0	0.71791	0	0.13376
V697	0.13183	0.07339	0.3269	0.30326	0.16462
V698	0.01449	0	0.18273	0.06341	0.73937
V699	0.03238	0	0.04862	0.62271	0.29628
V700	0.11567	0.73965	0.07896	0	0.06572
V701	0.02776	0.18543	0.0211	0.06296	0.70274
V702	0.02358	0.12725	0.00718	0.60812	0.23386
V703	0.01121	0.00923	0.02531	0.81555	0.1387
V704	0.06785	0	0.42422	0.03942	0.46851
V705	0.86929	0.04725	0	0.00846	0.07501
V706	0.17918	0.13497	0.16134	0.3812	0.14331
V707	0.16277	0.11597	0.07554	0.25398	0.39174
V708	0.08227	0.53041	0.36251	0	0.0248
V709	0.00741	0	0.03647	0.07313	0.88299
V710	0.16027	0	0.48256	0.00803	0.34914
V711	0.05809	0	0.01512	0.08391	0.84288
V712	0.0786	0	0.70103	0.15849	0.06187
V713	0.30275	0.37692	0.29307	0	0.02726
V714	0.05432	0	0	0.07422	0.87145
V715	0.05186	0.21638	0.6094	0.07776	0.04459
V716	0.70711	0.19494	0.00645	0.03036	0.06114
V717	0.43093	0.15464	0.11761	0.02409	0.27273
V718	0.68567	0	0.23963	0	0.0747
V719	0.43166	0.22783	0.09951	0.09155	0.14944
V720	0.14438	0.01711	0.09539	0.07917	0.66395
V721	0.02498	0	0.04623	0.08428	0.84451
V722	0.03797	0.24264	0.06283	0.43133	0.22522
V723	0.13263	0.21475	0.11399	0.44023	0.0984
V724	0.17366	0.61706	0.04545	0.11994	0.04387
V725	0.02923	0	0.00631	0.07455	0.88991
V726	0.26116	0.4736	0.05711	0.04191	0.16622
V727	0.02342	0	0.92568	0	0.0509
V728	0.77088	0.02672	0.1054	0.04522	0.05178
V729	0.60683	0.12459	0.01918	0.1851	0.06429
V730	0.14324	0	0.38082	0.34904	0.12691
V731	0	0.00397	0.06327	0.80455	0.12822
V732	0.01107	0	0.00717	0.84145	0.14031
V733	0.05471	0	0.89782	0	0.04747
V734	0.54237	0.05514	0.33012	0.02159	0.05078
V735	0.09891	0.13484	0.22857	0.04902	0.48867
V736	0.01266	0.03191	0.01216	0.0739	0.86938
V737	0.89505	0.04856	0	0	0.05639
V738	0.06039	0.4575	0.02496	0.03251	0.42464
V739	0.01433	0.01769	0.00103	0.82896	0.13799
V740	0.24961	0.06477	0.10934	0.04556	0.53071
V741	0.51525	0.02847	0	0.27011	0.18618
V742	0.09419	0	0.54179	0.15678	0.20723
V743	0.03336	0.02893	0.08179	0.14715	0.70878
V744	0.22096	0.04256	0.16751	0.4496	0.11937
V745	0.18017	0.01414	0.04352	0.65044	0.11174
V746	0.38755	0.51703	0.03705	0	0.05837
V747	0.05317	0	0.89074	0	0.05608
V748	0.20663	0.17759	0.28198	0.05588	0.27792
V749	0.21163	0.09207	0.12012	0.37973	0.19646
V750	0.71871	0.20456	0.00069	0.03031	0.04573
V751	0.08731	0.31159	0.55984	0.00546	0.0358
V752	0.03318	0.12723	0.02853	0.06661	0.74445
V753	0.57931	0.03321	0.22646	0.01716	0.14386
V754	0.14071	0.33353	0.00773	0.43444	0.08358
V755	0.2721	0.65266	0.04498	0	0.03026
V756	0.02991	0.10437	0.02725	0.10645	0.73202
V757	0.18497	0	0.08962	0.61843	0.10699
V758	0.09665	0.44078	0.00514	0.38031	0.07713
V759	0.10638	0.00483	0.10775	0.05353	0.72752
V760	0.09305	0	0.21988	0.2543	0.43276
V761	0.11222	0.18417	0.66857	0	0.03504
V762	0.01746	0.01037	0.18435	0.38809	0.39973
V763	0.04949	0.28095	0.01357	0.04559	0.61041
V764	0.12439	0.05053	0.08276	0.62735	0.11498
V765	0.21096	0	0.63632	0.03163	0.12109
V766	0.12448	0.45051	0.24161	0.03468	0.14873
V767	0.31174	0.45137	0.06275	0.03244	0.14169
V768	0.11669	0.76589	0.05846	0.02563	0.03333
V769	0.75345	0.01072	0.16109	0	0.07473
V770	0.3515	0	0.46967	0.12682	0.05201
V771	0.11811	0.68571	0.01907	0.06608	0.11103
V772	0.07669	0	0.89001	0	0.0333
V773	0.02716	0	0	0.20806	0.76478
V774	0.19073	0	0.52005	0.00125	0.28798
V775	0.86499	0.0247	0.00946	0.03785	0.06299
V776	0.39391	0.39389	0.1462	0.01	0.056
V777	0.26358	0.34574	0.23479	0.07777	0.07812
V778	0.54376	0.06683	0.00363	0.18172	0.20405
V779	0.1237	0.35687	0.47927	0	0.04015
V780	0.03488	0	0.92876	0	0.03635
V781	0.22308	0.28823	0.17489	0.00596	0.30785
V782	0.26622	0.24439	0.02133	0.02909	0.43897
V783	0.00078	0	0.64345	0.03381	0.32196
V784	0.07628	0.60272	0.01097	0.1932	0.11684
V785	0.68438	0.15081	0	0.07313	0.09168
V786	0.18607	0.21023	0.01239	0.48578	0.10554
V787	0.17947	0.57535	0.00735	0.14233	0.0955
V788	0.40685	0.39274	0.06597	0	0.13443
V789	0.01937	0.17049	0.00961	0.37421	0.42633
V790	0.31633	0.22282	0.06226	0.1031	0.29549
V791	0.21029	0.21507	0.0752	0.17629	0.32315
V792	0.88169	0.04769	0.00975	0	0.06088
V793	0.36129	0.26286	0.05194	0.07994	0.24397
V794	0.01525	0	0.10967	0.20683	0.66825
V795	0.17907	0.75531	0.0285	0	0.03712
V796	0.33386	0.38758	0.1018	0.11052	0.06624
V797	0.15638	0	0	0.07799	0.76563
V798	0.17415	0.50062	0.0126	0.07297	0.23965
V799	0.0388	0.16565	0.05136	0.60019	0.144
V800	0.02837	0	0.01574	0.16625	0.78965
V801	0.40501	0	0.11344	0.3771	0.10445
V802	0.05209	0.20703	0.01988	0.0577	0.6633
V803	0.3215	0.03476	0	0.52718	0.11656
V804	0.23237	0.14326	0.19767	0.31659	0.1101
V805	0.19178	0.08574	0.44274	0.14382	0.13592
V806	0.51336	0	0.18528	0.05794	0.24342
V807	0.72389	0.00989	0.05448	0.04042	0.17133
V808	0.81755	0.02145	0.03723	0.00031	0.12345
V809	0.24121	0.57484	0.02843	0.02013	0.1354
V810	0.02907	0.04971	0.04095	0.44639	0.43388
V811	0.06262	0.09326	0.02458	0.14152	0.67802
V812	0.08589	0.61436	0.18779	0.05509	0.05686
V813	0.05842	0.20223	0.22892	0.02669	0.48375
V814	0.24116	0.52113	0.06526	0.11523	0.05722
V815	0.26805	0.63053	0.03614	0.02966	0.03563
V816	0.06225	0.5085	0.01582	0.32249	0.09094
V817	0.78461	0.03629	0.12677	0.00881	0.04352
V818	0.07156	0.17001	0.36921	0.0427	0.34651
V819	0.87984	0.04758	0.00364	0.01626	0.05268
V820	0.10304	0.35159	0.1248	0.32894	0.09163
V821	0.00899	0	0.00315	0.08007	0.90779
V822	0.20169	0.0118	0.00913	0.66801	0.10937
V823	0.06688	0.05029	0.24312	0.03873	0.60097
V824	0.08134	0.01574	0.02512	0.06482	0.81299
V825	0.1773	0	0.62708	0.15065	0.04497
V826	0.06019	0	0.89804	0.00653	0.03524
V827	0.36459	0.15658	0	0.32081	0.15802
V828	0.27944	0.13403	0.10816	0.07035	0.40802
V829	0.11875	0.04679	0.32089	0.17304	0.34053
V830	0.18174	0	0.6722	0.00953	0.13653
V831	0.08903	0.68908	0.05783	0.10848	0.05559
V832	0.22968	0	0.05999	0.24312	0.46721
V833	0.22897	0.69774	0.01893	0	0.05436
V834	0.72277	0.14898	0.02526	0.01385	0.08914
V835	0.28501	0.27657	0.08899	0.22145	0.12797
V836	0.4282	0.02279	0.42548	0.07579	0.04774
V837	0.09679	0.76363	0.03026	0.02498	0.08434
V838	0	0	0.07484	0.79047	0.13469
V839	0.04548	0.00762	0.08208	0.06304	0.80178
V840	0.87933	0.03511	0.01578	0.01398	0.05581
V841	0.26362	0	0.69962	0	0.03676
V842	0.55565	0.02757	0.19157	0.15913	0.06608
V843	0.49512	0	0.13662	0.0717	0.29656
V844	0.05811	0.08774	0.7882	0.00901	0.05693
V845	0.02375	0	0	0.58536	0.39089
V846	0.13212	0.01565	0.10603	0.10238	0.64383
V847	0.23378	0	0.04606	0.14971	0.57045
V848	0.71844	0.05429	0	0.07387	0.15341
V849	0.18077	0	0.70279	0	0.11644
V850	0.25525	0	0.29433	0.14634	0.30408
V851	0.8922	0.03927	0	0.00576	0.06277
V852	0.27292	0.04699	0.07915	0.17452	0.42642
V853	0.06833	0.05335	0.63839	0.12116	0.11876
V854	0.08533	0.3219	0.25456	0.0728	0.2654
V855	0.14151	0.37222	0.09583	0.26012	0.13032
V856	0.20071	0.38302	0.05986	0.0124	0.344
V857	0.09201	0.01259	0.17846	0.40475	0.31219
V858	0.05758	0.3296	0.19688	0.18686	0.22909
V859	0.14176	0.00684	0.01848	0.69018	0.14274
V860	0.04828	0.14109	0.06963	0.59005	0.15095
V861	0.1607	0.00131	0.12966	0.60402	0.10431
V862	0.07153	0	0.01719	0.14397	0.76731
V863	0.10152	0.81976	0.03498	0	0.04374
V864	0.05284	0	0.86347	0.04626	0.03742
V865	0.10023	0	0.62829	0.21945	0.05204
V866	0.05076	0	0.66245	0.20961	0.07719
V867	0.59231	0.03999	0	0.0167	0.351
V868	0.28201	0.17697	0.39466	0.08666	0.0597
V869	0.01259	0	0.01864	0.08129	0.88748
V870	0.30166	0.16146	0.07989	0.21623	0.24076
V871	0.04553	0.02549	0.11129	0.13509	0.6826
V872	0.40647	0.04514	0.00502	0.41753	0.12585
V873	0.08743	0.31022	0.15442	0.32339	0.12454
V874	0.10753	0.0407	0.00719	0.06965	0.77493
V875	0.02007	0.19147	0.02669	0.4524	0.30937
V876	0.50921	0.05735	0.05314	0.02641	0.35389
V877	0.26997	0.58735	0.04215	0.05615	0.04439
V878	0.08353	0.65119	0.04992	0.16049	0.05487
V879	0.85768	0.06809	0.00375	0.01483	0.05565
V880	0.09251	0.07435	0.02885	0.40848	0.3958
V881	0.01241	0	0.54506	0.01896	0.42357
V882	0.0784	0.47029	0.02138	0.36335	0.06658
V883	0.52052	0.18288	0.00714	0.14765	0.14181
V884	0.00631	0	0	0.09169	0.90199
V885	0.21124	0.01752	0.40281	0.10665	0.26179
V886	0	0	0.02668	0.25536	0.71796
V887	0.14351	0.78369	0.02468	0	0.04812
V888	0.06697	0.09745	0.0575	0.62255	0.15554
V889	0.16969	0.73759	0.04817	0.00668	0.03786
V890	0.03057	0	0.1424	0.61482	0.21222
V891	0.02621	0	0.93216	0.00246	0.03917
V892	0.59675	0.24087	0.0153	0.0014	0.14569
V893	0.19774	0.12194	0.52063	0.06165	0.09804
V894	0.14256	0.50605	0.05321	0.20846	0.08972
V895	0.69796	0	0.24811	0.00752	0.04641
V896	0.25036	0.19424	0.23413	0.25861	0.06267
V897	0	0	0.0381	0.7218	0.24009
V898	0.43014	0.00073	0.00804	0.05236	0.50872
V899	0.5696	0.29549	0.07331	0	0.06161
V900	0.30167	0.19992	0.26998	0.16113	0.0673
V901	0.65878	0.07067	0	0.14788	0.12267
V902	0.81291	0.06806	0.01044	0.02663	0.08196
V903	0.30138	0.06542	0.06682	0.44766	0.11873
V904	0.71725	0.09347	0.13545	0	0.05383
V905	0.04947	0.3138	0.07318	0.29546	0.2681
V906	0.19495	0	0.4759	0.0715	0.25765
V907	0.70432	0.11859	0.05424	0.04323	0.07963
V908	0.05028	0.33501	0.05434	0.43163	0.12873
V909	0.02188	0.11577	0.0151	0.66638	0.18086
V910	0.66155	0.17826	0.00595	0.0478	0.10644
V911	0.08443	0.19776	0.54072	0.00136	0.17573
V912	0.04004	0	0.16573	0.1085	0.68573
V913	0.15843	0.00752	0.07193	0.60692	0.1552
V914	0.74445	0.05573	0.00375	0.09969	0.09638
V915	0.22921	0.17997	0.05568	0.03504	0.5001
V916	0.77803	0.02746	0.09724	0.00101	0.09627
V917	0.47819	0.04355	0	0.03975	0.43851
V918	0.60521	0.12501	0.19898	0.01493	0.05586
V919	0.44823	0.16679	0.00691	0.23221	0.14586
V920	0.20254	0	0.11058	0.58479	0.10209
V921	0.23334	0.17549	0.11974	0.02132	0.45011
V922	0.05156	0	0.70042	0	0.24802
V923	0.19424	0.46208	0.02699	0.0476	0.26909
V924	0.52132	0.11608	0	0.21096	0.15164
V925	0.1913	0.05771	0.49008	0.14257	0.11834
V926	0.02215	0.00895	0.01109	0.08114	0.87666
V927	0.54718	0.2387	0.09998	0.06135	0.05279
V928	0.16015	0.23895	0.22289	0.15892	0.2191
V929	0.08341	0.28	0.01178	0.04118	0.58363
V930	0.08409	0	0.06042	0.06138	0.7941
V931	0.51111	0.14275	0.00733	0.0489	0.2899
V932	0.06011	0.10598	0.05048	0.31416	0.46927
V933	0.3284	0	0.04149	0.26163	0.36848
V934	0.67984	0.04955	0.23179	0	0.03882
V935	0.60049	0.10396	0.116	0.0437	0.13585
V936	0.34162	0.05051	0.11205	0.38377	0.11205
V937	0.18818	0.64338	0.09884	0.01825	0.05136
V938	0.13611	0.79824	0.04025	0	0.0254
V939	0	0	0.01069	0.3367	0.65262
V940	0.58715	0.07772	0.07522	0.04604	0.21386
V941	0.02524	0.11223	0.13099	0.44093	0.2906
V942	0.70831	0.2387	0.00182	0.00747	0.0437
V943	0.06458	0.08873	0.06189	0.06254	0.72226
V944	0.37183	0.00984	0.1104	0.41496	0.09297
V945	0.09826	0.19079	0.60175	0.02408	0.08511
V946	0.08352	0.42638	0.45818	0	0.03192
V947	0.42841	0.01715	0.02161	0.12533	0.40749
V948	0.12678	0.65629	0.04813	0.08311	0.08569
V949	0.82114	0.11445	0.01774	0	0.04666
V950	0.06913	0.00773	0.02198	0.77791	0.12324
V951	0.33204	0.02276	0	0.44954	0.19566
V952	0.14668	0.02081	0.04417	0.58344	0.20491
V953	0.4927	0.09814	0	0.3041	0.10506
V954	0.28268	0.49809	0.06368	0.04302	0.11253
V955	0.08502	0	0.54527	0.3005	0.06921
V956	0.06908	0.4517	0.09882	0.30019	0.0802
V957	0.15989	0.6932	0.06168	0.04379	0.04145
V958	0.10715	0.78017	0.02448	0.02904	0.05916
V959	0.0991	0	0.78965	0.04488	0.06638
V960	0.55666	0.04136	0.13773	0.08711	0.17714
V961	0.10918	0.79599	0.02598	2e-05	0.06883
V962	0.21934	0.10937	0	0.08677	0.58452
V963	0.01731	0	0.42819	0.44967	0.10482
V964	0.02342	0	0.92568	0	0.0509
