Neutrophils	Monocytes_CD14.CD16.	Macrophage	T_cells_.CD4..	NK_cells
V1	0.34949	0.1092	0.26338	0.12583	0.1521
V2	0.06037	0.78849	0.05931	0.04701	0.04483
V3	0.08525	0.00075	0.44416	0.42274	0.0471
V4	0.03122	0.00156	0.22391	0.03819	0.70512
V5	0.0361	0	0.04727	0.07945	0.83717
V6	0.36283	0	0.28382	0.22155	0.1318
V7	0.02426	0.02665	0.415	0.06016	0.47392
V8	0.01559	0.02894	0.87551	0.06295	0.01701
V9	0.0784	0	0.25205	0.6153	0.05425
V10	0.48538	0.0094	0.47911	0	0.0261
V11	0.05537	0.00665	0.09257	0.04779	0.79762
V12	0.10128	0	0.21352	0.28742	0.39778
V13	0.15355	0.0269	0.03154	0.40086	0.38715
V14	0.17815	0	0.06288	0.62585	0.13312
V15	0.05365	0.00787	0	0.84511	0.09337
V16	0.59032	0.05119	0.01062	0.31604	0.03183
V17	0.08127	0.23455	0.01074	0.04337	0.63007
V18	0.09555	0.41629	0.26323	0.20017	0.02476
V19	0.05051	0	0	0.09199	0.8575
V20	0.012	0.00189	0.72853	0.22144	0.03614
V21	0.03892	0.24707	0.12721	0.1456	0.4412
V22	0.83696	0.06584	0.0677	0	0.02949
V23	0.09873	0.00206	0.01352	0.11302	0.77268
V24	0.46899	0.10278	0.01676	0.02996	0.3815
V25	0.05162	0.01309	0.00728	0.39603	0.53198
V26	0.48995	0.19085	0.06221	0.02656	0.23043
V27	0.12722	0.49885	0.18764	0	0.18629
V28	0.05492	0.05747	0.19703	0.61002	0.08055
V29	0.0262	0	0.31976	0.59026	0.06378
V30	0.75674	0.09128	0.0277	0.00896	0.11532
V31	0.43968	0.12609	0.01034	0.21965	0.20424
V32	0.93734	0	0.00218	0	0.06047
V33	0.04341	0.18659	0.00983	0.09705	0.66311
V34	0.11901	0.85834	0.01496	0.00193	0.00576
V35	0.0959	0.62293	0.2602	0.01752	0.00346
V36	0.04527	0.16092	0.1614	0.07471	0.55771
V37	0.75018	0	0	0	0.24982
V38	0.13915	0.01093	0.48545	0.19084	0.17362
V39	0.34523	0.01393	0.33774	0	0.30309
V40	0.22506	0.61941	0.02395	0.09095	0.04063
V41	0.05503	0.84838	0.02187	0	0.07472
V42	0.88841	0.0179	0.01994	0	0.07375
V43	0.50448	0.11131	0.36321	0.00746	0.01353
V44	0.03902	0.28654	0.55636	0	0.11809
V45	0.04703	0.67407	0.09996	0.12751	0.05143
V46	0.11506	0.76975	0.07515	0.02093	0.01911
V47	0.00273	0.03191	0.94142	0	0.02394
V48	0.18483	0.11018	0.22368	0.32134	0.15997
V49	0.4878	0.12728	0.23546	0.12847	0.021
V50	0.02463	0.04836	0.91461	0	0.0124
V51	0.11541	0.25181	0.19603	0.05085	0.38589
V52	0.05757	0.91455	0.01623	0.00463	0.00702
V53	0.0546	0.15752	0.00488	0.71558	0.06741
V54	0.23367	0	0.00209	0.53275	0.23149
V55	0.09913	0	0	0.82072	0.08015
V56	0.09567	0	0	0.72793	0.1764
V57	0.16576	0.11738	0.57271	0.0119	0.13225
V58	0.08723	0	0.12253	0.18354	0.6067
V59	0.89012	0	0.09247	0	0.0174
V60	0.44239	0.18884	0.12918	0.11234	0.12725
V61	0.21019	0	0.01812	0.2047	0.56699
V62	0.07799	0.00727	0.29415	0.12153	0.49906
V63	0.40769	0.24689	0.06359	0.02207	0.25976
V64	0.9546	0.00126	0.02226	0	0.02189
V65	0.11195	0.05928	0.03396	0.60356	0.19125
V66	0.05282	0	0.12294	0.74856	0.07569
V67	0.02746	0.0029	0.32907	0.08358	0.55699
V68	0.48355	0	0.40608	0.01894	0.09142
V69	0.61745	0.09972	0.20815	0.00354	0.07113
V70	0.06851	0.7116	0.05014	0.14141	0.02834
V71	0.09737	0.78559	0.05128	0.05182	0.01395
V72	0.05473	0.38818	0.02344	0.02595	0.5077
V73	0.08309	0	0.09198	0.55827	0.26666
V74	0.04377	0.04601	0.00282	0.76141	0.14599
V75	0.48852	0.17333	0.31884	0	0.01932
V76	0.04002	0	0.00931	0.81484	0.13583
V77	0.02484	0.02196	0.91015	0.02785	0.0152
V78	0.00334	0.03994	0.93295	0	0.02377
V79	0.09321	0.39115	0.04114	0.1273	0.3472
V80	0.1262	0.73506	0.01158	0.04165	0.08552
V81	0.01354	0.03148	0.9406	0	0.01439
V82	0.25435	0.14079	0.02772	0.5238	0.05333
V83	0.12294	0.05848	0.0164	0.52749	0.27469
V84	0.11058	0.15165	0.00061	0.04776	0.6894
V85	0.00322	0.03265	0.9479	0	0.01623
V86	0.04174	0.2409	0.30274	0.37324	0.04137
V87	0.47596	0	0.03712	0.43237	0.05455
V88	0.32503	0.14105	0.05233	0.18422	0.29736
V89	0.04961	0.10885	0.80576	0.02453	0.01126
V90	0.04112	0.16683	0.05105	0.09445	0.64654
V91	0.03724	0	0.07058	0.81471	0.07747
V92	0.25359	0.01597	0.02107	0.04711	0.66226
V93	0.03736	0.06726	0.15654	0.50302	0.23582
V94	0.06158	0.15395	0.01725	0.2269	0.54032
V95	0.08096	0.21524	0.01833	0.0967	0.58877
V96	0.80939	0	0.02178	0.01005	0.15878
V97	0.18121	0.00713	0.03765	0.10866	0.66535
V98	0.06704	0.36487	0.18028	0.11294	0.27487
V99	0.52831	0.11334	0.00323	0.2101	0.14502
V100	0.55036	0.14461	0.05225	0.04046	0.21233
V101	0.06573	0.90147	0.02334	0.0034	0.00606
V102	0.32406	0.22551	0.13969	0.09536	0.21537
V103	0.14048	0	0	0.04813	0.8114
V104	0.06115	0.39877	0.08311	0.02625	0.43072
V105	0.03895	0	0.0318	0.08897	0.84028
V106	0.05559	0.76001	0.15071	0	0.03369
V107	0.0549	0.22038	0.67513	0.03252	0.01706
V108	0.02021	0.18718	0.78376	0	0.00885
V109	0.08027	0.1994	0.05309	0.26445	0.40279
V110	0.18151	0.50589	0.19073	0.09784	0.02403
V111	0.29408	0.21966	0.48299	0	0.00327
V112	0.19708	0	0.09698	0.45748	0.24845
V113	0.24988	0	0.09452	0.14253	0.51307
V114	0.59583	0.04985	0.05035	0.16325	0.14072
V115	0.87704	0	0	0	0.12296
V116	0.04022	0	0	0.0635	0.89628
V117	0.05855	0.0168	0.81548	0.06912	0.04005
V118	0.06981	0	0	0.83055	0.09964
V119	0.35164	0	0.40015	0.22712	0.02109
V120	0.01746	0.00929	0.81889	0.10049	0.05386
V121	0.19143	0.72837	0.01162	0.00221	0.06637
V122	0.05262	0.37814	0.08558	0.22073	0.26293
V123	0.51833	0.01053	0.07612	0.18226	0.21276
V124	0.23101	0.08806	0.05907	0.21487	0.407
V125	0.04515	0.45438	0.48835	0	0.01212
V126	0.17063	0.16558	0.21922	0.10703	0.33755
V127	0.2921	0	0.65901	0.03245	0.01644
V128	0.19927	0.76268	0.01976	0	0.01829
V129	0.28828	0.01045	0.27311	0.16451	0.26366
V130	0.0472	0.49833	0.04528	0.21166	0.19753
V131	0.04067	0	0.22045	0.67712	0.06175
V132	0.36742	0	0	0.32986	0.30272
V133	0.01956	0.04392	0.54755	0.08181	0.30716
V134	0.08027	0.02412	0.78551	0.01119	0.09892
V135	0.03112	0.10051	0.72553	0.01535	0.1275
V136	0.9697	0	0.00537	0	0.02493
V137	0.92304	0.01198	0.00591	0.01261	0.04646
V138	0.26376	0.12098	0.07762	0.12881	0.40883
V139	0.14034	0	0.14686	0.649	0.0638
V140	0.04751	0	0.14157	0.04358	0.76735
V141	0.02561	0.22026	0.64768	0.08525	0.0212
V142	0.22629	0	0.32482	0.11962	0.32927
V143	0.03294	0.18573	0.48369	0.13298	0.16466
V144	0.51889	0.20363	0.07279	0.10749	0.0972
V145	0.00386	0.03707	0.92202	0.00392	0.03313
V146	0.05574	0.33512	0.00682	0.29765	0.30468
V147	0.10707	0.05979	0.69206	0.09377	0.04732
V148	0.15531	0.78184	0.02005	0.02211	0.02069
V149	0.04182	0	0	0.82791	0.13027
V150	0.1503	0.1843	0.58616	0	0.07923
V151	0.45146	0	0.00405	0.3931	0.15138
V152	0.04255	0	0.10236	0.71818	0.1369
V153	0.18349	0.16935	0.46562	0.03794	0.1436
V154	0.12432	0.589	0.03041	0.02738	0.22889
V155	0.06246	0	0.12255	0.74033	0.07467
V156	0.11845	0.00889	0.40045	0.14422	0.328
V157	0.11568	0.02095	0.16441	0.27024	0.42871
V158	0.2094	0	0.44256	0.03908	0.30895
V159	0.1345	0.20677	0.01265	0.56386	0.08221
V160	0.47215	0.13959	0.09692	0.03589	0.25546
V161	0.2308	0	0.05355	0.03282	0.68282
V162	0.00347	0.04411	0.93731	0	0.01511
V163	0.07584	0	0.00316	0.07795	0.84305
V164	0.93213	0.03793	0.01522	0	0.01473
V165	0.61928	0.20039	0.08911	0.03566	0.05556
V166	0.07656	0	0.22918	0.56354	0.13072
V167	0.05021	0.64089	0.02459	0.11994	0.16438
V168	0.00347	0.04411	0.93731	0	0.01511
V169	0.06281	0.68705	0.16108	0.067	0.02205
V170	0.25507	0.37694	0.05965	0.17822	0.13012
V171	0.33332	0.05785	0.37523	0.16612	0.06747
V172	0.1919	0.20438	0.0688	0.03426	0.50065
V173	0.2344	0.07954	0.08883	0.39186	0.20537
V174	0.22763	0	0.3511	0.18939	0.23187
V175	0.09626	0.12545	0.11506	0.17658	0.48664
V176	0.38715	0	0	0.5611	0.05175
V177	0.21418	0.01459	0.58297	0.16329	0.02496
V178	0.30277	0.01806	0.47506	0.10264	0.10147
V179	0.11669	0	0	0.05058	0.83273
V180	0.04529	0.00282	0.33661	0.02622	0.58906
V181	0.08238	0.26353	0	0.07245	0.58164
V182	0.57154	0.21772	0.00706	0.14625	0.05743
V183	0.07493	0.89658	0.01534	0	0.01315
V184	0.33878	0	0.29812	0.31144	0.05167
V185	0.11492	0.47583	0.02745	0.13538	0.24641
V186	0.15394	0.16367	0.0259	0.24429	0.41219
V187	0.08892	0.68412	0.01087	0.19029	0.0258
V188	0.8662	0.00439	0.035	0.07101	0.02341
V189	0.46854	0.2246	0.0392	0.23738	0.03029
V190	0.4363	0.03917	0.22112	0.01257	0.29085
V191	0.23389	0.20581	0.00404	0.40415	0.15211
V192	0.33979	0.16967	0.13001	0.20302	0.1575
V193	0.08154	0.19768	0.52397	0.0332	0.1636
V194	0.28163	0.02487	0.08273	0.10791	0.50286
V195	0.58747	0.15626	0.24398	0	0.01229
V196	0.03407	0	0.04564	0.07975	0.84054
V197	0.07403	0.87132	0.01476	0.02527	0.01461
V198	0.24493	0.20648	0.03629	0.19698	0.31532
V199	0.77827	0	0.21608	0	0.00566
V200	0.77132	0	0.02499	0.01134	0.19234
V201	0.06527	0	0.01181	0.67542	0.2475
V202	0.92796	0.04803	0.00035	0	0.02366
V203	0.53967	0.24073	0.03048	0.04453	0.14459
V204	0.35049	0.0535	0.03029	0.0196	0.54612
V205	0.13576	0.0098	0.11036	0.08991	0.65417
V206	0.07307	0.08339	0	0.73847	0.10508
V207	0.05365	0.00787	0	0.84511	0.09337
V208	0.17028	0.20542	0.48602	0.03509	0.10319
V209	0.17804	0	0.08993	0.05685	0.67517
V210	0.00305	0.03025	0.94211	0	0.02459
V211	0.175	0.0014	0.19628	0.04639	0.58093
V212	0.06777	0.7574	0.08343	0.03188	0.05952
V213	0.12036	0	0.04968	0.25356	0.5764
V214	0.03228	0.55202	0.38292	0.00447	0.02831
V215	0.2643	0.20181	0.13803	0.07721	0.31865
V216	0.07627	0.01914	0.32254	0.05308	0.52897
V217	0.03746	0	0.01571	0.78713	0.1597
V218	0.09368	0.17175	0.28695	0.32745	0.12017
V219	0.14275	0.25771	0.39198	0.18353	0.02402
V220	0.18996	0.73374	0.06616	0	0.01014
V221	0.06061	0.04995	0.49387	0.01696	0.3786
V222	0.0481	0	0	0.06816	0.88375
V223	0.54857	0	0.31821	0.10564	0.02757
V224	0.05712	0.5407	0.02914	0.08114	0.29189
V225	0.714	0.14628	0.12776	0	0.01196
V226	0.44716	0.53246	0.00752	0	0.01286
V227	0.11473	0.24934	0.00583	0.54869	0.0814
V228	0.61537	0	0.27841	0.05647	0.04974
V229	0.27735	0.38901	0.26696	0.03046	0.03622
V230	0.0461	0	0	0.06838	0.88552
V231	0.07594	0.60422	0.06496	0.15746	0.09741
V232	0.8126	0	0.18074	0	0.00666
V233	0.08298	0.00297	0.1389	0.1096	0.66555
V234	0.03738	0.36727	0.21195	0.32956	0.05383
V235	0.97306	0	0	0.00633	0.0206
V236	0.09878	0	0.64636	0.18206	0.0728
V237	0.14839	0.05646	0.26468	0.30646	0.22401
V238	0.03839	0	0	0.28446	0.67715
V239	0.08363	0.3945	0.0501	0.16849	0.30328
V240	0.07237	0.83483	0.02125	0.01213	0.05942
V241	0.05729	0.91284	0.01603	0	0.01384
V242	0.05221	0.30994	0.29543	0.25847	0.08395
V243	0.49807	0	0.32945	0.01562	0.15686
V244	0.04759	0.39566	0.18871	0.07952	0.28851
V245	0.0552	0.88318	0.03814	0.01731	0.00617
V246	0.60952	0.2564	0.03129	0	0.1028
V247	0.20861	0.0858	0.62723	0.03731	0.04105
V248	0.10482	0.59698	0.03055	0.01445	0.2532
V249	0.2732	0.04043	0.20398	0.09872	0.38367
V250	0.03434	0.02621	0.64437	0.03307	0.262
V251	0.24064	0	0.08579	0.57223	0.10134
V252	0.03974	0.11044	0.54994	0.14207	0.15781
V253	0.29409	0.56627	0.08817	0.03146	0.02001
V254	0.5142	0.38457	0.00446	0.06965	0.02711
V255	0.826	0.06403	0	0.00932	0.10065
V256	0.05168	0.75151	0.02711	0.01101	0.15869
V257	0.45225	0.28652	0.14788	0.02433	0.08902
V258	0.17705	0.30924	0.04966	0.42042	0.04363
V259	0.53681	0.25935	0.17816	0	0.02568
V260	0.27997	0.005	0.1003	0.09182	0.52291
V261	0.04168	0.00599	0.50855	0.28146	0.16231
V262	0.92561	0.00254	0.05244	0	0.01942
V263	0.8104	0.06292	0.01289	0.09599	0.01781
V264	0.07349	0.86532	0.02219	0.0319	0.0071
V265	0.83857	0.06635	0.07747	0.00037	0.01725
V266	0.04174	0	0.07072	0.06697	0.82057
V267	0.07554	0	0	0.17311	0.75135
V268	0.20747	0.41951	0.14411	0.1653	0.06362
V269	0.10106	0.3141	0.35859	0.17719	0.04905
V270	0.07758	0	0.02419	0.821	0.07723
V271	0.22072	0.71172	0.01848	0.01386	0.03522
V272	0.10764	0.80521	0.03569	0.00908	0.04238
V273	0.30995	0	0.17303	0.31733	0.19969
V274	0.11949	0.01875	0.03033	0.20621	0.62522
V275	0.05385	0.69567	0.15224	0.07543	0.02282
V276	0.02343	0.00802	0.6939	0.22254	0.05211
V277	0.3765	0	0.58831	0	0.0352
V278	0.02999	0.02116	0.33192	0.44302	0.17392
V279	0.16875	0	0.00413	0.71002	0.11711
V280	0.21801	0	0.03128	0.59864	0.15206
V281	0.0536	0.21008	0.03895	0.63302	0.06435
V282	0.06618	0.90466	0.01573	0	0.01344
V283	0.36806	0	0.10206	0.03534	0.49455
V284	0.03979	0.11976	0.52274	0.00446	0.31324
V285	0.50076	0.46141	0.00609	0.01577	0.01597
V286	0.08969	0.02959	0.8383	0.02302	0.0194
V287	0.26864	0.03892	0.16819	0.28375	0.24051
V288	0.2168	0	0.63297	0	0.15024
V289	0.17723	0.20595	0.02114	0.54127	0.05441
V290	0.41871	0.44423	0.13492	0	0.00214
V291	0.42135	0.19002	0.00548	0.3435	0.03965
V292	0.13697	0.00918	0.40457	0.04165	0.40763
V293	0.00912	0.12267	0.80162	0.03633	0.03026
V294	0.03955	0	0	0.06241	0.89803
V295	0.0399	0.0094	0.32146	0.50045	0.12879
V296	0.85713	0.09846	0.00024	0	0.04418
V297	0.02934	0.01411	0.77632	0.11764	0.06259
V298	0.30849	0	0	0.52797	0.16353
V299	0.28242	0	0.00219	0.65607	0.05932
V300	0.97914	0	0.00036	0	0.02049
V301	0.9593	0	0.00324	0.01194	0.02552
V302	0.03892	0	0	0.40132	0.55976
V303	0.12716	0.15459	0.20997	0.17365	0.33463
V304	0.19772	0.0281	0.74434	0	0.02984
V305	0.22057	0.30072	0.09227	0.10217	0.28427
V306	0.31613	0.64832	0.01005	0.00456	0.02095
V307	0.25452	0	0.26511	0.44254	0.03783
V308	0.25192	0	0.66951	0.05991	0.01866
V309	0.66879	0.03899	0.05013	0.10732	0.13478
V310	0.06015	0.00609	0	0.12769	0.80607
V311	0.04593	0	0.03285	0.83221	0.089
V312	0.10178	0.23222	0.2432	0.0121	0.4107
V313	0.08354	0.28297	0.01297	0.30203	0.31849
V314	0.10865	0	0	0.37138	0.51997
V315	0.94534	0	0.01016	0	0.0445
V316	0.11591	0.5493	0.24541	0.02065	0.06872
V317	0.3986	0.06483	0.50976	0	0.02682
V318	0.90206	0	0	0	0.09794
V319	0.11081	0.06191	0.81806	0	0.00922
V320	0.10639	0	0	0.80783	0.08578
V321	0.14653	0.32149	0.30688	0.18479	0.0403
V322	0.01968	0.25866	0.56496	0.04074	0.11595
V323	0.26252	0.199	0.43982	0.00813	0.09054
V324	0.07052	0.02282	0.03584	0.78917	0.08166
V325	0.64811	0.08264	0.0867	0.1031	0.07945
V326	0.07542	0	0.04592	0.15245	0.72621
V327	0.3293	0.47979	0.11293	0.01029	0.06769
V328	0.06801	0.27554	0.1614	0.44083	0.05422
V329	0.02772	0.0349	0.38324	0.49859	0.05554
V330	0.08727	0.02927	0.82488	0	0.05858
V331	0.15773	0	0.0815	0.10679	0.65397
V332	0.48306	0.02858	0.45321	0	0.03514
V333	0.43285	0	0.31439	0.14794	0.10482
V334	0.05064	0.27894	0.54956	0.06883	0.05203
V335	0.73675	0.03066	0.08388	0.02265	0.12606
V336	0.16238	0.56593	0.25634	0	0.01535
V337	0.03845	0	0.00485	0.17948	0.77723
V338	0.73564	0	0.15352	0.00441	0.10644
V339	0.20799	0.52538	0.18507	0	0.08156
V340	0.05653	0.1465	0.1041	0.07308	0.61979
V341	0.02904	0.48287	0.42584	0	0.06226
V342	0.30969	0.13139	0.45432	0.09383	0.01077
V343	0.70481	0	0.28905	0	0.00614
V344	0.10578	0.74335	0.04988	0.01797	0.08302
V345	0.23945	0.02434	0	0.28084	0.45537
V346	0.05132	0.29987	0.31495	0.27582	0.05804
V347	0.09617	0.50835	0.02943	0.29926	0.06679
V348	0.03463	0.12568	0.44477	0.22986	0.16506
V349	0.07174	0.29734	0.52473	0.00536	0.10084
V350	0.12372	0.40338	0.08721	0.22158	0.16411
V351	0.19862	0.00764	0.44101	0.3084	0.04434
V352	0.11071	0.53504	0.34472	0	0.00954
V353	0.26064	0.31205	0.03868	0.04688	0.34175
V354	0.57964	0	0.41551	0	0.00485
V355	0.10997	0	0.33194	0.50533	0.05275
V356	0.10049	0.02761	0.82127	0.00699	0.04364
V357	0.05992	0.0285	0.50668	0.03313	0.37177
V358	0.06133	0.01427	0.02761	0.81156	0.08522
V359	0.08299	0.09394	0.00338	0.74942	0.07027
V360	0.72939	0.02086	0.09369	0.13827	0.01778
V361	0.33514	0.47213	0.09375	0	0.09898
V362	0.81694	0	0.09178	0	0.09128
V363	0.0606	0.01466	0	0.16706	0.75768
V364	0.0644	0.27327	0.02194	0.41896	0.22143
V365	0.041	0	0.00179	0.84468	0.11253
V366	0.22386	0.02673	0.60228	0.0498	0.09733
V367	0.24396	0.19957	0.21234	0.15923	0.18489
V368	0.76282	0.0642	0.12792	0	0.04506
V369	0.0493	0.64401	0.23342	0.06615	0.00713
V370	0.04814	0.13951	0.11822	0.35119	0.34295
V371	0.06332	0.87889	0.05376	0	0.00403
V372	0.67128	0.04337	0.15043	0.09815	0.03676
V373	0.12199	0.64753	0.13435	0.08129	0.01485
V374	0.1206	0.0293	0.38146	0.43054	0.03811
V375	0.32054	0	0.61179	0.05738	0.01029
V376	0.03031	0	0.39281	0.03065	0.54623
V377	0.09788	0.49873	0.21122	0.17036	0.02181
V378	0.13737	0.53841	0.17796	0	0.14627
V379	0.05158	0	0.09854	0.10188	0.748
V380	0.04573	0.03498	0.16605	0.48736	0.26589
V381	0.16942	0.02945	0	0.04282	0.75831
V382	0.42367	0	0	0.2838	0.29253
V383	0.05831	0	0.26252	0.62309	0.05608
V384	0.31423	0.01691	0.16754	0.41321	0.08811
V385	0.10983	0.08128	0	0.04543	0.76346
V386	0.67205	0	0	0.29591	0.03204
V387	0.29307	0	0	0.62503	0.0819
V388	0.06218	0.82496	0.04422	0.05372	0.01493
V389	0.12616	0.76335	0.02695	0.02431	0.05922
V390	0.20005	0	0	0.64463	0.15532
V391	0.71752	0.14191	0	0.06243	0.07813
V392	0.95275	0.02253	0.00792	0	0.0168
V393	0.12863	0	0.14564	0.5185	0.20723
V394	0.72567	0	0.02037	0.14455	0.10942
V395	0.0266	0	0.36714	0.54619	0.06007
V396	0.56164	0.00756	0.41959	0	0.01122
V397	0.68706	0.12171	0.03646	0.10053	0.05424
V398	0.08836	0	0.15803	0.6194	0.13421
V399	0.07084	0.01215	0	0.27185	0.64516
V400	0.17196	0.52323	0.16251	0.13129	0.01101
V401	0.33557	0	0.64155	0.01491	0.00797
V402	0.39612	0.00596	0.45633	0.05466	0.08693
V403	0.1716	0.05582	0	0.14885	0.62374
V404	0.02336	0.0397	0.48194	0.37365	0.08135
V405	0.36137	0.24346	0.07446	0.20547	0.11524
V406	0.02408	0.04453	0.90281	0	0.02858
V407	0.90531	0.01963	0.03672	0.02394	0.0144
V408	0.05597	0.36677	0.00763	0.24361	0.32601
V409	0.13542	0	0.0545	0.654	0.15608
V410	0.14189	0.11404	0.32149	0.04812	0.37446
V411	0.03985	0	0	0.07118	0.88897
V412	0.04632	0.12718	0.12189	0.05108	0.65353
V413	0.04859	0.24212	0.15035	0.34952	0.20941
V414	0.07232	0.07051	0	0.44843	0.40875
V415	0.1792	0	0	0.04332	0.77749
V416	0.13127	0.06842	0.01458	0.15986	0.62588
V417	0.01984	0.01387	0.76462	0.11969	0.08199
V418	0.54271	0.39345	0.0269	0	0.03694
V419	0.26597	0	0.0117	0.13404	0.58829
V420	0.24218	0	0.0909	0.06301	0.6039
V421	0.03299	0	0.11788	0.07981	0.76931
V422	0.04948	0	0.04209	0.68734	0.22109
V423	0.30997	0.1691	0.29723	0.1829	0.04081
V424	0.02163	0.00098	0.48037	0.01858	0.47843
V425	0.33981	0.36713	0.00188	0.01183	0.27935
V426	0.25684	0.16233	0.01943	0.44355	0.11785
V427	0.20545	0.63013	0.15642	0	0.008
V428	0.10431	0.64407	0.08213	0.07988	0.08961
V429	0.12694	0.77652	0.01263	0.05346	0.03046
V430	0.05448	0.00133	0.40796	0.18619	0.35005
V431	0.12968	0.35995	0.20402	0.23523	0.07112
V432	0.32863	0.03617	0.12738	0.33729	0.17053
V433	0.21441	0	0.52636	0.21375	0.04548
V434	0.25234	0.27437	0.38335	0.00116	0.08878
V435	0.57494	0.02459	0.37178	0.01368	0.01501
V436	0.07292	0.58499	0.10666	0.04726	0.18817
V437	0.21326	0	0.02007	0.18007	0.5866
V438	0.1516	0.293	0.20368	0.26812	0.08359
V439	0.62467	0	0.04063	0.29154	0.04316
V440	0.03162	0.35488	0.55308	0.00403	0.05639
V441	0.04148	0.54226	0.38467	0.01876	0.01283
V442	0.06577	0.90525	0.02353	0	0.00544
V443	0.95213	0	0.00285	0.02638	0.01864
V444	0.16722	0.42637	0.03571	0.3115	0.0592
V445	0.08502	0.4041	0.04339	0.41525	0.05223
V446	0.14157	0.00809	0.09697	0.55442	0.19895
V447	0.09631	0	0.00267	0.44253	0.45849
V448	0.18402	0	0.00892	0.0562	0.75087
V449	0.00347	0.04411	0.93731	0	0.01511
V450	0.22791	0.06526	0.25035	0.13228	0.3242
V451	0.29347	0.17643	0.06363	0.32979	0.13668
V452	0.04259	0	0.15217	0.69791	0.10733
V453	0.05072	0	0	0.45049	0.49878
V454	0.02281	0.00873	0.68146	0.02554	0.26146
V455	0.08059	0.21342	0.27732	0.05042	0.37825
V456	0.94517	0	0	0.00618	0.04866
V457	0.67287	0.19605	0.03837	0.04354	0.04917
V458	0.03373	0.36417	0.50822	0.04416	0.04972
V459	0.16471	0.03706	0.05022	0.47519	0.27283
V460	0.69992	0.01506	0.20568	0.04626	0.03308
V461	0.20095	0.28925	0.24874	0.01398	0.24709
V462	0.08224	0.06041	0.0081	0.49056	0.3587
V463	0.24117	0.03603	0.0089	0.64782	0.06607
V464	0.17165	0.17802	0.63718	0	0.01315
V465	0.07028	0.08382	0.00714	0.06353	0.77523
V466	0.05506	0	0	0.1371	0.80783
V467	0.08356	0.24133	0.02157	0.5197	0.13384
V468	0.55911	0.29314	0.11486	0	0.03289
V469	0.04366	0.31967	0.05704	0.26439	0.31525
V470	0.85181	0.034	0.02787	0.06352	0.0228
V471	0.40027	0.28048	0.03126	0.13283	0.15516
V472	0.03958	0.0192	0.0321	0.05563	0.85348
V473	0.05467	0.20316	0.24269	0.30112	0.19836
V474	0.31457	0.10967	0.06206	0.43394	0.07975
V475	0.17627	0.01667	0.59778	0.02319	0.18609
V476	0.18534	0.00719	0.09703	0.59753	0.11291
V477	0.05696	0.91334	0.02389	0	0.00581
V478	0.19261	0	0	0.04204	0.76535
V479	0.85308	0.03401	0.03578	0.05519	0.02194
V480	0.14458	0.64993	0.06535	0.09978	0.04035
V481	0.25545	0.35587	0.06788	0.17171	0.14909
V482	0.11681	0.67547	0.19205	0	0.01567
V483	0.31753	0.52593	0.00671	0.09106	0.05877
V484	0.22686	0.50908	0.12434	0.11429	0.02543
V485	0.68071	0.05252	0.1223	0.10688	0.03759
V486	0.0876	0.05956	0.28941	0.02119	0.54224
V487	0.15359	0.10979	0.41815	0.28514	0.03333
V488	0.43306	0.04113	0	0.33025	0.19556
V489	0.01562	0.23254	0.66268	0.06062	0.02854
V490	0.02116	0.01234	0.74225	0.19168	0.03256
V491	0.05475	0.4535	0.05136	0.10122	0.33917
V492	0.06254	0.12501	0.02849	0.6952	0.08876
V493	0.04853	0	0	0.85641	0.09506
V494	0.34023	0	0.00853	0.52627	0.12497
V495	0.34852	0.19789	0.22197	0.15718	0.07444
V496	0.1575	0.00967	0.04614	0.04018	0.74651
V497	0.12462	0.01054	0.13944	0.12054	0.60486
V498	0.08157	0.85219	0.03699	0.00218	0.02707
V499	0.06188	0.2119	0.2561	0.07031	0.39981
V500	0.12283	0.48245	0.11626	0.2028	0.07566
V501	0.09107	0.30664	0.01288	0.03644	0.55297
V502	0.13499	0.78832	0.05138	0.02061	0.0047
V503	0.46598	0	0.21018	0.13348	0.19036
V504	0.48671	0.18516	0.00448	0.01108	0.31258
V505	0.63163	0	0.01698	0.08202	0.26936
V506	0.04509	0.51169	0.06955	0.02201	0.35166
V507	0.85051	0	0.02669	0.07747	0.04532
V508	0.04067	0.63395	0.21526	0.03189	0.07824
V509	0.07046	0.45124	0.14415	0.18392	0.15023
V510	0.40743	0.49569	0.0531	0.02989	0.01388
V511	0.0727	0.30798	0.51644	0.02799	0.0749
V512	0.16015	0.45167	0.18067	0.0426	0.16491
V513	0.17269	0.6753	0.08196	0.03494	0.03511
V514	0.03589	0	0.20929	0.06873	0.68609
V515	0.10369	0.11225	0	0.71705	0.06702
V516	0.17565	0.35071	0.11451	0.31701	0.04213
V517	0.05072	0.01475	0.04547	0.80508	0.08398
V518	0.43825	0	0.33202	0.17917	0.05056
V519	0.80435	0.04259	0.00464	0.12093	0.02748
V520	0.08154	0.83602	0.02935	0.04577	0.00733
V521	0.22844	0	0.12643	0.58766	0.05747
V522	0.0591	0.19097	0.56995	0.12284	0.05715
V523	0.15788	0.05144	0.74497	0.02847	0.01724
V524	0.35016	0.01391	0.5667	0	0.06923
V525	0.04252	0.18684	0.0261	0.04971	0.69483
V526	0.04727	0.04529	0.85207	0.00941	0.04596
V527	0.08858	0.48353	0.39866	0.002	0.02722
V528	0.17617	0	0.01117	0.74462	0.06804
V529	0.21894	0.02747	0.73213	0	0.02145
V530	0.02616	0.03706	0.86014	0.03651	0.04013
V531	0.18326	0.51117	0.0963	0.01392	0.19535
V532	0.07988	0.24715	0.29514	0.00923	0.36861
V533	0.28035	0	0	0.03443	0.68522
V534	0.15447	0.04851	0	0.70641	0.09061
V535	0.8253	0.10647	0.0531	0	0.01513
V536	0.14019	0.16316	0.38777	0.0321	0.27678
V537	0.0503	0.00948	0.00659	0.05788	0.87575
V538	0.63412	0.0904	0.00311	0.02734	0.24503
V539	0.02485	0.15176	0.64839	0.0902	0.0848
V540	0.17308	0.46308	0.09552	0.04769	0.22064
V541	0.05486	0.3902	0.02352	0.04771	0.4837
V542	0.06105	0.32709	0.11379	0.40304	0.09503
V543	0.07486	0.10558	0.67383	0.03759	0.10814
V544	0.35758	0.17155	0.18754	0.05988	0.22344
V545	0.61539	0.36488	0.01188	0	0.00785
V546	0.07655	0.77306	0.09149	0.00166	0.05724
V547	0.09919	0.77042	0.01233	0.08506	0.03301
V548	0.04402	0.04765	0.00373	0.81628	0.08832
V549	0.03784	0	0.01293	0.19433	0.7549
V550	0.05109	0.83513	0.10151	0.00074	0.01154
V551	0.0496	0	0	0.86138	0.08902
V552	0.2391	0	0.01023	0.06628	0.68439
V553	0.78901	0	0.01392	0.13093	0.06614
V554	0.12833	0.03459	0.49349	0.2991	0.04449
V555	0.05605	0.8931	0.02288	0	0.02798
V556	0.11092	0.02992	0.05181	0.69342	0.11393
V557	0.32538	0.22832	0.03879	0.32816	0.07935
V558	0.01956	0.02615	0.77256	0.13565	0.04608
V559	0.106	0.42048	0.43893	0	0.03459
V560	0.62767	0.23006	0.13822	0	0.00405
V561	0.71745	0	0.13517	0	0.14739
V562	0.14589	0.03065	0.14955	0.10701	0.56689
V563	0.23004	0.24417	0.21158	0.10503	0.20919
V564	0.36901	0	0.0563	0.33508	0.23961
V565	0.03816	0	0.00544	0.09266	0.86374
V566	0.31509	0.11849	0.02597	0.31418	0.22626
V567	0.02356	0.02677	0.92834	0	0.02133
V568	0.04575	0.21504	0.43091	0.28242	0.02589
V569	0.64885	0.07392	0.11372	0.10944	0.05406
V570	0.15821	0.00256	0.28474	0.44262	0.11187
V571	0.28217	0	0.23399	0.32474	0.15911
V572	0.84372	0	0	0	0.15628
V573	0.10117	0.04977	0.34018	0.36316	0.14572
V574	0.52835	0.27919	0.08301	0.07619	0.03326
V575	0.38031	0	0.11776	0.05718	0.44475
V576	0.05533	0.85754	0.02195	0.00568	0.05951
V577	0.40726	0.49545	0.04499	0.0378	0.0145
V578	0.04137	0.15345	0.519	0.21198	0.07421
V579	0.03379	0.50966	0.32278	0.01808	0.11569
V580	0.21808	0.53502	0.02201	0.18488	0.04001
V581	0.06031	0.48394	0.37437	0.06591	0.01547
V582	0.00487	0.07165	0.90938	0	0.0141
V583	0.63577	0	0.35205	0.00435	0.00783
V584	0.22537	0.49513	0.11386	0.02487	0.14077
V585	0.05907	0.75713	0.07527	0.04765	0.06088
V586	0.04656	0.77553	0.16768	0.00629	0.00394
V587	0.06864	0.66985	0.01714	0.02897	0.2154
V588	0.23168	0.39552	0.3645	0	0.00831
V589	0.11432	0.3965	0.05179	0.38034	0.05705
V590	0.06192	0.76459	0.01219	0.01105	0.15025
V591	0.44897	0.49476	0.04461	0	0.01167
V592	0.02954	0.00292	0.75804	0.02816	0.18133
V593	0.4294	0	0	0.47606	0.09454
V594	0.01537	0.12972	0.64914	0.13552	0.07025
V595	0.55065	0.00967	0.06767	0.30248	0.06952
V596	0.47484	0.17101	0.21582	0.10308	0.03524
V597	0.05285	0.17565	0.00155	0.12877	0.64118
V598	0.58386	0	0	0.00718	0.40896
V599	0.09224	0.39108	0.09632	0.35697	0.06339
V600	0.29792	0	0.18365	0.36602	0.15241
V601	0.16632	0.0778	3e-04	0.45728	0.2983
V602	0.82477	0.15997	0.00212	0	0.01314
V603	0.1516	0.11922	0.02382	0.14436	0.561
V604	0.03239	0.0191	0.70618	0.09583	0.1465
V605	0.05435	0.04467	0.12113	0.09545	0.6844
V606	0.83647	0	0	0	0.16353
V607	0.18098	0.08776	0.01481	0.04338	0.67308
V608	0.76809	0	0.03086	0.07082	0.13024
V609	0.2004	0.29493	0.01465	0.37878	0.11125
V610	0.09779	0.65021	0.01742	0.2079	0.02667
V611	0.28683	0.01751	0.62582	0.00431	0.06553
V612	0.39789	0.02284	0.31823	0.00956	0.25149
V613	0.40107	0.53242	0.04579	0.01481	0.00591
V614	0.55343	0.00016	0.01463	0.07525	0.35652
V615	0.03845	0.07633	0.12731	0.54889	0.20902
V616	0.67268	0	0.15081	0.1225	0.054
V617	0.24275	0.05266	0.47418	0.08078	0.14963
V618	0.73655	0.07163	0.06777	0.00066	0.12338
V619	0.56547	0.01369	0.15733	0.002	0.26151
V620	0.06796	0.00947	0.35382	0.51396	0.05479
V621	0.15328	0.20294	0.29775	0.00506	0.34097
V622	0.03808	0.19471	0.34545	0.0208	0.40097
V623	0.09731	0	0	0.6579	0.24478
V624	0.90849	0	0	0.00635	0.08516
V625	0.03992	0.04598	0.09058	0.7466	0.07691
V626	0.09206	0.01665	0.55818	0.28008	0.05304
V627	0.12547	0.13434	0.11267	0.04926	0.57827
V628	0.96187	0	0.00714	0.01245	0.01853
V629	0.13057	0.23452	0.61565	0.00538	0.01388
V630	0.04252	0.16617	0.01753	0.06006	0.71372
V631	0.02799	0	0.26137	0.04261	0.66803
V632	0.06132	0.75257	0.01937	0.0315	0.13524
V633	0.08308	0	0.08184	0.50233	0.33275
V634	0.40347	0.44005	0.15382	0	0.00266
V635	0.06258	0.08645	0.17816	0.04639	0.62642
V636	0.21618	0.14954	0.32154	0.17558	0.13716
V637	0.2341	0	0.41982	0.23248	0.11359
V638	0.09425	0.44985	0.02622	0.08446	0.34521
V639	0.51331	0.39378	0.08279	0	0.01012
V640	0.13106	0.16786	0.07966	0.22607	0.39535
V641	0.10715	0.70868	0.034	0.11585	0.03432
V642	0.75118	0.01121	0.00342	0.20796	0.02623
V643	0.06127	0.84157	0.07697	0.01535	0.00484
V644	0.06637	0.4228	0.02707	0.41429	0.06946
V645	0.1642	0.73526	0.02689	0.06572	0.00793
V646	0.14635	0.52167	0.03796	0.20934	0.08467
V647	0.93857	0	0.00183	0.04084	0.01876
V648	0.46128	0.08319	0.00172	0.26446	0.18935
V649	0.28383	0.06574	0.07516	0.11367	0.4616
V650	0.05461	0	0.04949	0.81886	0.07704
V651	0.1661	0.19349	0	0.58819	0.05222
V652	0.37703	0	0.02713	0.53268	0.06316
V653	0.36194	0	0.04611	0.50567	0.08628
V654	0.06092	0.06377	0	0.09908	0.77623
V655	0.18041	0.0359	0.30553	0.43238	0.04579
V656	0.13579	0	0	0.125	0.73921
V657	0.05692	0.47736	0.03661	0.29885	0.13026
V658	0.06173	0.01119	0.02482	0.58426	0.31801
V659	0.04994	0.00344	0.07125	0.7441	0.13126
V660	0.0815	0.31786	0.02119	0.05741	0.52204
V661	0.05944	0.64341	0.02482	0.15777	0.11457
V662	0.05537	0.4186	0.02454	0.0237	0.47779
V663	0.9752	0	0.00646	0	0.01834
V664	0.04949	0	0.10737	0.38146	0.46169
V665	0.04074	0.62645	0.21619	0.06936	0.04727
V666	0.09904	0.84378	0.05285	0.00027	0.00405
V667	0.04627	0.54119	0.26825	0.08652	0.05777
V668	0.64007	0.22993	0.05547	0.04227	0.03226
V669	0.47189	0.29832	0.03211	0.07701	0.12068
V670	0.10424	0.61539	0.05546	0.03225	0.19266
V671	0.779	0	0.19403	0.01132	0.01565
V672	0.11888	0.0496	0.08613	0.29852	0.44687
V673	0.04128	0.00913	0	0.13947	0.81012
V674	0.37419	0.08549	0.49845	0	0.04187
V675	0.69316	0	0.0339	0.13814	0.1348
V676	0.26693	0.08761	0.49994	0	0.14552
V677	0.06554	0.25854	0.22298	0.36037	0.09256
V678	0.07232	0.29722	0.01267	0.05435	0.56343
V679	0.03387	0.00498	0.45871	0.45092	0.05152
V680	0.18829	0	0.00891	0.33609	0.46671
V681	0.54908	0	0.04068	0.28678	0.12345
V682	0.00347	0.04411	0.93731	0	0.01511
V683	0.07517	0.17955	0.62605	0	0.11923
V684	0.08932	0	0	0.83037	0.08031
V685	0.01706	0.03429	0.83314	0.08942	0.02609
V686	0.28095	0.61055	0.08051	0.00922	0.01877
V687	0.01891	0.00228	0.5856	0.34	0.05322
V688	0.00347	0.03844	0.92563	0	0.03245
V689	0.51941	0.02584	0.20332	0.0945	0.15693
V690	0.10881	0.83427	0.02899	0.01531	0.01261
V691	0.16518	0.11083	0.04428	0.59482	0.0849
V692	0.10236	0.00059	0.00866	0.72947	0.15891
V693	0.02938	0.50494	0.43281	0.01907	0.01381
V694	0.11264	0.17683	0.03701	0.5555	0.11802
V695	0.14471	0.09282	0.13953	0.04016	0.58277
V696	0.13333	0	0.74324	0	0.12343
V697	0.12443	0.09343	0.3199	0.32137	0.14087
V698	0.04201	0	0.16574	0.05004	0.74221
V699	0.06813	0	0.0403	0.62863	0.26294
V700	0.06805	0.79236	0.08325	0	0.05634
V701	0.04305	0.16656	0.00943	0.05345	0.72751
V702	0.05394	0.10438	0.00246	0.63469	0.20453
V703	0.0511	0	0.01907	0.83957	0.09026
V704	0.06385	0.04361	0.38657	0.03271	0.47325
V705	0.95119	0	0	0	0.04881
V706	0.17463	0.12963	0.16069	0.41773	0.11732
V707	0.16365	0.10076	0.06886	0.26549	0.40124
V708	0.0332	0.58639	0.37635	0	0.00406
V709	0.03957	0.00083	0.02367	0.05822	0.87772
V710	0.14532	0.01328	0.4773	0.0047	0.35939
V711	0.08257	0	0.00929	0.06799	0.84015
V712	0.07446	0.01611	0.70277	0.16985	0.0368
V713	0.25776	0.4192	0.32008	0	0.00296
V714	0.07676	0	0	0.05697	0.86628
V715	0.01921	0.28295	0.59186	0.08519	0.0208
V716	0.74047	0.17463	0.01516	0.03508	0.03466
V717	0.41153	0.14237	0.12486	0.02315	0.29809
V718	0.67979	0	0.27017	0	0.05004
V719	0.41791	0.22115	0.11033	0.10551	0.14509
V720	0.14714	0.01929	0.08212	0.06772	0.68373
V721	0.05504	0	0.03708	0.06941	0.83847
V722	0.05265	0.22328	0.05543	0.46197	0.20666
V723	0.13104	0.20368	0.11145	0.48779	0.06605
V724	0.13523	0.64649	0.04901	0.14861	0.02065
V725	0.05777	0	0	0.05908	0.88315
V726	0.22771	0.4884	0.06137	0.0513	0.17121
V727	0.01375	0.03584	0.91937	0	0.03104
V728	0.80239	0	0.12619	0.05216	0.01926
V729	0.62723	0.09152	0.02752	0.22238	0.03134
V730	0.14324	0.00598	0.38586	0.36886	0.09606
V731	0.03997	0	0.05479	0.82592	0.07931
V732	0.04885	0	0	0.86414	0.08701
V733	0.03484	0.05272	0.88518	0	0.02727
V734	0.52087	0.06723	0.36628	0.02309	0.02252
V735	0.0915	0.14117	0.2108	0.04371	0.51282
V736	0.04139	0.03058	0	0.0586	0.86943
V737	0.97406	0	0.00788	0	0.01806
V738	0.04699	0.43849	0.01736	0.03168	0.46547
V739	0.05345	0	0	0.85946	0.08708
V740	0.23305	0.05758	0.10071	0.0378	0.57087
V741	0.52265	0	0	0.30465	0.1727
V742	0.09284	0.01528	0.53672	0.16298	0.19219
V743	0.05744	0.03321	0.06631	0.13383	0.7092
V744	0.21949	0.04036	0.16788	0.48694	0.08532
V745	0.19497	0	0.04155	0.69421	0.06927
V746	0.3606	0.55231	0.04545	0	0.04164
V747	0.0355	0.05013	0.87779	0	0.03658
V748	0.17894	0.19155	0.28183	0.05858	0.2891
V749	0.21065	0.08143	0.11863	0.4124	0.17688
V750	0.75877	0.18537	0.00855	0.0341	0.01322
V751	0.04208	0.37602	0.55823	0.00924	0.01444
V752	0.05112	0.11519	0.01631	0.05497	0.7624
V753	0.56946	0.02761	0.24908	0.01555	0.1383
V754	0.13591	0.31324	0.00774	0.49218	0.05092
V755	0.23521	0.70622	0.04915	0	0.00942
V756	0.05095	0.0944	0.01581	0.09503	0.74381
V757	0.19542	0	0.0887	0.65239	0.06349
V758	0.08727	0.42736	0.0037	0.43452	0.04714
V759	0.11492	0.01196	0.09086	0.04036	0.7419
V760	0.10341	0.01247	0.20502	0.25097	0.42812
V761	0.06544	0.26096	0.65999	0	0.01362
V762	0.04471	0.02489	0.16522	0.3858	0.37938
V763	0.05384	0.2553	0.00368	0.03871	0.64847
V764	0.14148	0.03944	0.07918	0.6658	0.0741
V765	0.1859	0.02006	0.65351	0.03406	0.10648
V766	0.08528	0.47722	0.24935	0.04234	0.14582
V767	0.28057	0.46782	0.06943	0.04023	0.14195
V768	0.07025	0.81866	0.06012	0.03761	0.01337
V769	0.76493	0	0.18439	0	0.05068
V770	0.32935	0	0.50937	0.13887	0.02242
V771	0.07927	0.71362	0.01845	0.08264	0.10602
V772	0.05635	0.04152	0.89106	0	0.01107
V773	0.057	0	0	0.19194	0.75107
V774	0.17407	0	0.53089	0	0.29504
V775	0.91568	0	0.01465	0.03927	0.0304
V776	0.36169	0.42165	0.16712	0.01439	0.03515
V777	0.2258	0.37118	0.2524	0.09215	0.05846
V778	0.5543	0.0297	0.00845	0.20543	0.20213
V779	0.07488	0.41432	0.48931	0.00105	0.02045
V780	0.0243	0.02727	0.9345	0	0.01392
V781	0.19107	0.29264	0.17602	0.00548	0.33479
V782	0.24546	0.22044	0.01862	0.02596	0.48952
V783	0.01562	0.00695	0.62515	0.03146	0.32082
V784	0.05128	0.60957	0.00904	0.22602	0.10409
V785	0.72072	0.12128	0	0.08606	0.07194
V786	0.18815	0.18413	0.01218	0.54364	0.0719
V787	0.14725	0.59156	0.00812	0.17184	0.08123
V788	0.3813	0.40722	0.07539	0	0.13608
V789	0.04404	0.1458	0.00185	0.38531	0.423
V790	0.29989	0.20687	0.06264	0.11257	0.31803
V791	0.19829	0.19992	0.07156	0.19048	0.33976
V792	0.94961	0	0.02157	0	0.02882
V793	0.34383	0.25038	0.05538	0.08989	0.26051
V794	0.04625	0.00398	0.09356	0.19371	0.66251
V795	0.13639	0.81555	0.02849	0.00031	0.01925
V796	0.30646	0.40229	0.11407	0.13341	0.04378
V797	0.15899	0	0	0.06119	0.77982
V798	0.14523	0.50042	0.01222	0.08478	0.25735
V799	0.06204	0.14647	0.04581	0.63718	0.10851
V800	0.05884	0	0.00524	0.15233	0.78359
V801	0.39665	0	0.11833	0.4163	0.06872
V802	0.0618	0.18539	0.00962	0.04913	0.69405
V803	0.32963	0.00427	0.00068	0.5866	0.07883
V804	0.22034	0.14261	0.20223	0.35262	0.08221
V805	0.16393	0.12206	0.44275	0.15488	0.11638
V806	0.49578	0	0.19604	0.05708	0.2511
V807	0.73168	0	0.05871	0.03967	0.16994
V808	0.84478	0	0.04377	0	0.11145
V809	0.20459	0.59982	0.03097	0.0272	0.13743
V810	0.0601	0.04156	0.03306	0.44888	0.4164
V811	0.08018	0.08165	0.01522	0.13229	0.69066
V812	0.04175	0.65291	0.19766	0.06884	0.03883
V813	0.05303	0.20598	0.20974	0.02139	0.50986
V814	0.20701	0.54372	0.07207	0.14149	0.03571
V815	0.23153	0.67282	0.04081	0.04135	0.01349
V816	0.04972	0.50117	0.01354	0.36939	0.06618
V817	0.8226	0.00785	0.15392	0.00564	0.00998
V818	0.0577	0.19574	0.35028	0.04109	0.3552
V819	0.95713	0	0.01419	0.01135	0.01733
V820	0.09058	0.35101	0.12406	0.36949	0.06487
V821	0.04022	0	0	0.0635	0.89628
V822	0.2141	0	0.00626	0.71481	0.06483
V823	0.07038	0.06775	0.21616	0.02862	0.61709
V824	0.09865	0.0135	0.01382	0.05029	0.82373
V825	0.16429	0	0.65406	0.16358	0.01807
V826	0.04625	0.03091	0.90114	0.00872	0.01297
V827	0.36716	0.12583	0	0.36739	0.13961
V828	0.26013	0.12125	0.10438	0.06888	0.44536
V829	0.11229	0.06986	0.30465	0.17384	0.33936
V830	0.16031	0.01239	0.69159	0.01073	0.12499
V831	0.05009	0.72159	0.05854	0.13373	0.03606
V832	0.22711	0	0.05695	0.24126	0.47467
V833	0.19026	0.74971	0.01917	0	0.04086
V834	0.75507	0.12231	0.03678	0.01326	0.07257
V835	0.26892	0.27046	0.09408	0.256	0.11055
V836	0.394	0.05091	0.4526	0.08396	0.01853
V837	0.05312	0.80631	0.02829	0.0354	0.07688
V838	0.03514	0	0.06853	0.81017	0.08615
V839	0.06643	0.01527	0.06554	0.04836	0.80439
V840	0.9425	0	0.02605	0.00925	0.02219
V841	0.2293	0.01768	0.73926	0	0.01375
V842	0.55408	0.01535	0.21279	0.18337	0.0344
V843	0.47579	0	0.14237	0.06963	0.31221
V844	0.02112	0.18264	0.75106	0.0102	0.03498
V845	0.05879	0	0	0.58251	0.3587
V846	0.13663	0.01938	0.09164	0.09105	0.6613
V847	0.2282	0	0.04074	0.14166	0.5894
V848	0.7541	0.0101	0.00247	0.0828	0.15053
V849	0.14704	0.04778	0.70273	0	0.10245
V850	0.23823	0.01204	0.29433	0.14945	0.30594
V851	0.97293	0	0	0	0.02707
V852	0.26354	0.03502	0.07502	0.17829	0.44814
V853	0.04703	0.12447	0.60472	0.12714	0.09663
V854	0.06334	0.33571	0.24973	0.07767	0.27356
V855	0.12354	0.37198	0.09617	0.2957	0.11262
V856	0.17212	0.3769	0.05701	0.012	0.38198
V857	0.10619	0.02117	0.16624	0.41203	0.29437
V858	0.04724	0.33437	0.19152	0.20146	0.22542
V859	0.16109	0	0.01425	0.7248	0.09985
V860	0.0709	0.12496	0.06293	0.625	0.1162
V861	0.1718	0	0.1252	0.6398	0.0632
V862	0.09457	0	0.01026	0.12871	0.76645
V863	0.05564	0.88202	0.0303	0.00381	0.02823
V864	0.04672	0.0143	0.87243	0.05171	0.01484
V865	0.09914	0	0.64171	0.23506	0.02408
V866	0.04607	0.04678	0.63718	0.22044	0.04952
V867	0.59165	0.00192	0.00013	0.00736	0.39893
V868	0.24399	0.21069	0.41261	0.0982	0.0345
V869	0.04498	0	0.01134	0.06613	0.87755
V870	0.29326	0.1444	0.08052	0.24018	0.24164
V871	0.06578	0.03301	0.09333	0.12185	0.68602
V872	0.41248	0.01194	0.00842	0.47254	0.09462
V873	0.07897	0.31055	0.15252	0.35721	0.10075
V874	0.11933	0.03183	0	0.05583	0.793
V875	0.04432	0.16699	0.01929	0.47248	0.29691
V876	0.49523	0.03155	0.05606	0.02113	0.39603
V877	0.23446	0.62182	0.04787	0.07285	0.02299
V878	0.04979	0.6745	0.04989	0.19264	0.03318
V879	0.92872	0.02327	0.01415	0.01084	0.02303
V880	0.11206	0.05878	0.02416	0.41881	0.38619
V881	0.02925	0.00174	0.52605	0.01431	0.42865
V882	0.06742	0.46026	0.02031	0.41523	0.03678
V883	0.52818	0.15541	0.01219	0.17257	0.13166
V884	0.03789	0	0	0.07206	0.89004
V885	0.18681	0.0504	0.39502	0.10895	0.25881
V886	0.03507	0	0.01959	0.24217	0.70317
V887	0.0998	0.8445	0.02144	0	0.03425
V888	0.09078	0.08162	0.05282	0.65555	0.11924
V889	0.12567	0.78998	0.05122	0.01397	0.01916
V890	0.06438	0	0.13402	0.62525	0.17636
V891	0.00516	0.07064	0.90636	0.00311	0.01473
V892	0.60436	0.22565	0.02233	0	0.14766
V893	0.1588	0.1734	0.52143	0.06778	0.07858
V894	0.11485	0.51476	0.0547	0.24541	0.07028
V895	0.6975	0	0.28397	0.00398	0.01455
V896	0.22945	0.20125	0.24455	0.29222	0.03253
V897	0.03684	0	0.03148	0.73274	0.19895
V898	0.40134	0	0.00086	0.04239	0.55541
V899	0.56928	0.30052	0.08913	0	0.04107
V900	0.27424	0.21485	0.28652	0.18387	0.04052
V901	0.68906	0.02892	0.0025	0.17411	0.10542
V902	0.86825	0.02467	0.01982	0.02725	0.06001
V903	0.30282	0.04526	0.06957	0.49658	0.08577
V904	0.73615	0.07583	0.16141	0	0.0266
V905	0.05233	0.2997	0.06559	0.31852	0.26387
V906	0.17142	0.03201	0.46812	0.07248	0.25597
V907	0.73073	0.09185	0.06888	0.05028	0.05825
V908	0.05434	0.31886	0.04968	0.47553	0.10159
V909	0.05363	0.09467	0.01095	0.69589	0.14486
V910	0.68599	0.15184	0.01347	0.0553	0.09339
V911	0.0505	0.25356	0.52459	0.00218	0.16918
V912	0.06216	0.00493	0.14836	0.09506	0.68949
V913	0.17337	0	0.06783	0.64176	0.11704
V914	0.78672	0.01021	0.01061	0.11766	0.0748
V915	0.21244	0.1598	0.04962	0.02978	0.54835
V916	0.80523	0	0.11593	0	0.07884
V917	0.4629	0.01218	0	0.03096	0.49396
V918	0.60319	0.12305	0.22767	0.01614	0.02996
V919	0.45184	0.13651	0.01109	0.27001	0.13056
V920	0.20908	0	0.10959	0.62088	0.06045
V921	0.21173	0.16423	0.1131	0.01634	0.4946
V922	0.05196	0.00816	0.69288	0	0.247
V923	0.16444	0.46066	0.02662	0.05436	0.29393
V924	0.53537	0.08122	0	0.2449	0.1385
V925	0.16244	0.10184	0.48632	0.15313	0.09628
V926	0.05072	0.0096	0	0.0666	0.87308
V927	0.54396	0.23787	0.11815	0.0748	0.02523
V928	0.1393	0.24745	0.22356	0.17304	0.21666
V929	0.08174	0.2537	0.00351	0.03547	0.62557
V930	0.10225	0	0.05197	0.04593	0.79985
V931	0.50674	0.11253	0.00994	0.04979	0.321
V932	0.07991	0.09122	0.0416	0.31726	0.47
V933	0.31844	0	0.03984	0.26998	0.37174
V934	0.68426	0.0423	0.26699	0	0.00645
V935	0.60385	0.08524	0.13294	0.04821	0.12977
V936	0.33824	0.03564	0.11721	0.42891	0.08
V937	0.14238	0.68796	0.10743	0.02761	0.03461
V938	0.09121	0.86492	0.03777	0.00132	0.00479
V939	0.03623	0	0.00365	0.32465	0.63546
V940	0.59032	0.05177	0.08476	0.04787	0.22529
V941	0.0483	0.10685	0.11791	0.45523	0.27171
V942	0.74721	0.22702	0.00979	0.00449	0.0115
V943	0.07763	0.08279	0.04857	0.05085	0.74016
V944	0.36856	0	0.11421	0.4609	0.05634
V945	0.0585	0.25823	0.58862	0.02749	0.06715
V946	0.03688	0.48385	0.46707	0	0.01221
V947	0.41224	0	0.02004	0.12681	0.44091
V948	0.08654	0.68663	0.04931	0.10344	0.07407
V949	0.87731	0.08083	0.03036	0	0.0115
V950	0.10007	0	0.01672	0.80759	0.07561
V951	0.33599	0	0	0.49297	0.17103
V952	0.1643	0.00683	0.0414	0.61455	0.17292
V953	0.504	0.06198	0.00226	0.35627	0.07548
V954	0.24825	0.52059	0.07065	0.05419	0.10633
V955	0.0906	0	0.55307	0.3177	0.03863
V956	0.05377	0.45367	0.09756	0.34095	0.05405
V957	0.11502	0.7381	0.06653	0.05888	0.02147
V958	0.06323	0.82886	0.0211	0.04122	0.0456
V959	0.0907	0.00332	0.80884	0.05038	0.04675
V960	0.55502	0.02271	0.15224	0.09526	0.17477
