Neutrophils	Monocytes_CD14.CD16.	Macrophage	T_cells_.CD4..	NK_cells
V1	0.33179	0.14888	0.26743	0.09876	0.15314
V2	0.05425	0.82171	0.0341	0.04305	0.04687
V3	0.07144	0	0.52173	0.38872	0.01811
V4	0.00593	0	0.22543	0.02857	0.74007
V5	0.00486	0	0.04812	0.06581	0.88121
V6	0.35182	0.03278	0.30582	0.18223	0.12734
V7	0.00771	0.01348	0.42226	0.04805	0.50851
V8	0.0091	0	0.93658	0.05432	0
V9	0.05783	0	0.32563	0.59749	0.01905
V10	0.47287	0.00866	0.51083	0	0.00764
V11	0.02638	0.00879	0.09284	0.0388	0.8332
V12	0.07807	0	0.23904	0.24423	0.43866
V13	0.12761	0.0532	0.03311	0.35069	0.43539
V14	0.17427	0	0.08605	0.60957	0.13011
V15	0.01723	0.02632	0	0.89668	0.05977
V16	0.61283	0.11407	0	0.27102	0.00208
V17	0.05557	0.24074	0.00062	0.03202	0.67106
V18	0.09025	0.45673	0.27214	0.17026	0.01063
V19	0.01786	0	0	0.07449	0.90765
V20	0	0	0.79626	0.19232	0.01142
V21	0.01746	0.25751	0.12604	0.11935	0.47965
V22	0.83674	0.09441	0.05892	0	0.00993
V23	0.06468	0.01285	0.01257	0.08997	0.81993
V24	0.42836	0.14995	9e-04	0.01499	0.40579
V25	0.01739	0.02635	0.00797	0.34573	0.60256
V26	0.46429	0.22871	0.04807	0.01653	0.24241
V27	0.11823	0.50786	0.17458	0	0.19934
V28	0.02999	0.08034	0.24837	0.58615	0.05515
V29	0	0	0.39896	0.57024	0.0308
V30	0.74814	0.12817	0.01189	0.00055	0.11125
V31	0.4205	0.18579	0	0.18008	0.21363
V32	0.94409	0.01419	0	0	0.04172
V33	0.01657	0.19176	0.00268	0.07841	0.71057
V34	0.11558	0.88118	0	0.00324	0
V35	0.09426	0.64201	0.24801	0.01572	0
V36	0.02314	0.16187	0.16171	0.05729	0.59599
V37	0.74157	0	0	0	0.25843
V38	0.12847	0.00349	0.52631	0.16096	0.18076
V39	0.31476	0.03288	0.34194	0	0.31043
V40	0.22052	0.66647	0	0.07653	0.03649
V41	0.05026	0.86625	0	0.00217	0.08131
V42	0.88169	0.05026	0.00766	0	0.0604
V43	0.4951	0.12096	0.38186	0.00208	0
V44	0.03912	0.27714	0.56267	0	0.12107
V45	0.03967	0.71273	0.08595	0.11158	0.05007
V46	0.1123	0.80347	0.04783	0.01988	0.01653
V47	0	0	0.99721	0	0.00279
V48	0.17279	0.14048	0.24823	0.27587	0.16263
V49	0.48396	0.16745	0.24382	0.10154	0.00323
V50	0.02466	0	0.97534	0	0
V51	0.09756	0.26803	0.18961	0.03711	0.40768
V52	0.05396	0.93879	0	0.00601	0.00124
V53	0.02519	0.21936	0.00027	0.72191	0.03327
V54	0.23113	0.00284	0.0061	0.50173	0.25821
V55	0.0808	0.00031	0	0.87563	0.04326
V56	0.07195	0	0	0.74041	0.18764
V57	0.16032	0.1099	0.58681	0.00903	0.13394
V58	0.05659	0	0.13196	0.14935	0.66211
V59	0.88284	0.0292	0.08796	0	0
V60	0.42458	0.23778	0.12219	0.08811	0.12734
V61	0.18015	0.00759	0.01962	0.16446	0.62819
V62	0.05451	0.00679	0.30474	0.0973	0.53666
V63	0.37797	0.28539	0.0476	0.01321	0.27583
V64	0.95787	0.03288	0.00925	0	0
V65	0.0894	0.09584	0.03908	0.57026	0.20542
V66	0.02451	0	0.16962	0.76314	0.04274
V67	0.00415	0	0.33271	0.06635	0.5968
V68	0.46878	0	0.43595	0.01177	0.0835
V69	0.60728	0.12244	0.20845	0	0.06183
V70	0.06262	0.76818	0.02496	0.12247	0.02177
V71	0.09474	0.82788	0.02176	0.04618	0.00944
V72	0.03571	0.39454	0.00738	0.01785	0.54452
V73	0.0574	0	0.11646	0.52302	0.30312
V74	0.00683	0.07563	0.00288	0.77358	0.14109
V75	0.48031	0.1835	0.33125	0	0.00494
V76	0.00276	0	0.01745	0.85543	0.12437
V77	0.01652	0	0.95963	0.02385	0
V78	0	0	0.99518	0	0.00482
V79	0.07637	0.4188	0.02492	0.10326	0.37666
V80	0.11723	0.75593	0	0.03586	0.09098
V81	0.00647	0	0.99353	0	0
V82	0.26011	0.21136	0.02114	0.4839	0.02349
V83	0.09874	0.09202	0.01608	0.48391	0.30925
V84	0.08008	0.15663	0	0.0354	0.72789
V85	0	0	1	0	0
V86	0.02531	0.27523	0.3446	0.33678	0.01808
V87	0.49991	0.04343	0.03811	0.39169	0.02686
V88	0.30283	0.1929	0.04023	0.14616	0.31789
V89	0.05081	0.07033	0.85747	0.02139	0
V90	0.01506	0.17261	0.04598	0.07566	0.69069
V91	0.00148	0	0.10155	0.85647	0.0405
V92	0.21228	0.03774	0.01589	0.02951	0.70458
V93	0.00895	0.0855	0.18548	0.4604	0.25967
V94	0.03368	0.17199	0.01177	0.18842	0.59414
V95	0.05484	0.22701	0.00928	0.07558	0.63328
V96	0.80758	0.01425	0.01433	0.00132	0.16252
V97	0.14465	0.02514	0.03578	0.08238	0.71205
V98	0.05364	0.38425	0.1765	0.09065	0.29495
V99	0.51548	0.17074	0	0.17053	0.14326
V100	0.52927	0.18266	0.03917	0.02716	0.22175
V101	0.06238	0.93131	0	0.00537	0.00094
V102	0.30297	0.26825	0.13121	0.07321	0.22436
V103	0.10321	0	0	0.03644	0.86035
V104	0.046	0.40776	0.068	0.01954	0.4587
V105	0.00803	0.00107	0.03256	0.07309	0.88525
V106	0.05264	0.7771	0.13279	0.00316	0.0343
V107	0.05633	0.19855	0.71195	0.02905	0.00412
V108	0.02372	0.14312	0.83316	0	0
V109	0.05549	0.22613	0.04896	0.224	0.44543
V110	0.17882	0.54085	0.18314	0.08116	0.01604
V111	0.28678	0.21251	0.50071	0	0
V112	0.18496	0	0.12014	0.41672	0.27817
V113	0.22395	0	0.10221	0.11084	0.563
V114	0.58532	0.10533	0.04012	0.12957	0.13965
V115	0.878	0.00388	0	0	0.11812
V116	0.00588	0	0	0.0522	0.94193
V117	0.05105	0	0.86374	0.05987	0.02533
V118	0.04193	0	0	0.88611	0.07197
V119	0.3499	0.01836	0.44616	0.18557	0
V120	0.00526	0	0.86913	0.08676	0.03886
V121	0.18287	0.74628	0	0.00257	0.06828
V122	0.0347	0.41477	0.07676	0.18517	0.2886
V123	0.49693	0.06391	0.07066	0.14656	0.22195
V124	0.20711	0.12093	0.05472	0.17431	0.44294
V125	0.04972	0.44345	0.50291	0	0.00392
V126	0.15102	0.18862	0.22013	0.08258	0.35766
V127	0.27944	0	0.69585	0.02471	0
V128	0.19532	0.79054	0	0	0.01415
V129	0.26936	0.03237	0.28637	0.13151	0.2804
V130	0.03393	0.54306	0.02818	0.17905	0.21578
V131	0.01136	0	0.29094	0.67321	0.02449
V132	0.35505	0.03043	0	0.28286	0.33167
V133	0.00829	0.02482	0.56905	0.06705	0.33079
V134	0.07522	0	0.81817	0.01087	0.09575
V135	0.02848	0.06848	0.75799	0.01458	0.13048
V136	0.98705	0.01295	0	0	0
V137	0.91974	0.04906	0	0.00311	0.02808
V138	0.23909	0.15614	0.06979	0.09887	0.43611
V139	0.13248	0	0.19671	0.63934	0.03147
V140	0.01785	0	0.14296	0.03405	0.80513
V141	0.0247	0.20137	0.69319	0.07396	0.00679
V142	0.20456	0	0.34534	0.09551	0.3546
V143	0.02169	0.18272	0.50703	0.11369	0.17488
V144	0.50812	0.25558	0.05965	0.08393	0.09272
V145	0	0	0.97818	0.00554	0.01628
V146	0.03366	0.37183	0	0.25606	0.33845
V147	0.10537	0.03415	0.74596	0.07991	0.0346
V148	0.15146	0.81139	0	0.02005	0.0171
V149	0.0032	0	0	0.88303	0.11377
V150	0.14937	0.17768	0.59902	0	0.07393
V151	0.45838	0.0411	0	0.34966	0.15085
V152	0.0082	0	0.13871	0.72139	0.1317
V153	0.17514	0.17908	0.47137	0.02882	0.1456
V154	0.11298	0.60799	0.00645	0.02132	0.25127
V155	0.03666	0	0.16917	0.75211	0.04205
V156	0.09952	0.00673	0.42054	0.11827	0.35495
V157	0.09025	0.03407	0.17931	0.2266	0.46978
V158	0.18653	0	0.45859	0.02776	0.32712
V159	0.1225	0.27631	0.00454	0.53428	0.06237
V160	0.43944	0.18365	0.08455	0.02328	0.26909
V161	0.19088	0.01589	0.05089	0.01863	0.72371
V162	0	0	1	0	0
V163	0.04277	0	0.00363	0.06387	0.88972
V164	0.93173	0.06812	0.00015	0	0
V165	0.61748	0.23808	0.07436	0.02404	0.04605
V166	0.05201	0	0.2899	0.53282	0.12526
V167	0.03928	0.67433	0.00252	0.10218	0.18169
V168	0	0	1	0	0
V169	0.06024	0.71953	0.14471	0.05804	0.01748
V170	0.24564	0.43156	0.04322	0.14642	0.13316
V171	0.32377	0.088	0.40061	0.13372	0.0539
V172	0.1652	0.22983	0.0556	0.02006	0.5293
V173	0.22325	0.11877	0.09554	0.34333	0.2191
V174	0.21094	0	0.38343	0.15719	0.24844
V175	0.07148	0.14043	0.11676	0.14387	0.52746
V176	0.41745	0.03338	0	0.53368	0.01549
V177	0.21326	0.00353	0.64196	0.13664	0.00461
V178	0.2926	0.03064	0.50248	0.08037	0.09391
V179	0.08209	0.00214	0	0.03879	0.87697
V180	0.02246	0	0.33511	0.0179	0.62454
V181	0.05739	0.2668	0	0.0554	0.62042
V182	0.57887	0.26016	0	0.11686	0.04412
V183	0.07143	0.91919	0	0	0.00938
V184	0.34862	0.00478	0.3444	0.27196	0.03024
V185	0.10176	0.50961	0.00787	0.11114	0.26962
V186	0.13016	0.19443	0.01845	0.2036	0.45335
V187	0.08077	0.74006	0	0.16449	0.01467
V188	0.87839	0.04304	0.0244	0.05278	0.00139
V189	0.47031	0.29822	0.02292	0.19869	0.00986
V190	0.4007	0.0733	0.21751	0.00393	0.30455
V191	0.22612	0.26732	0	0.35443	0.15213
V192	0.32641	0.22179	0.1272	0.16452	0.16008
V193	0.0753	0.19144	0.53455	0.02671	0.172
V194	0.24887	0.05216	0.08006	0.07947	0.53942
V195	0.58379	0.16958	0.24662	0	0
V196	0.00168	0	0.04614	0.06576	0.88642
V197	0.07001	0.8961	0	0.0238	0.01009
V198	0.2256	0.25187	0.02296	0.15939	0.34018
V199	0.77212	0	0.22788	0	0
V200	0.77422	0	0.02123	0.00266	0.2019
V201	0.03331	0	0.02031	0.66412	0.28226
V202	0.92893	0.07107	0	0	0
V203	0.52845	0.27835	0.01303	0.03132	0.14885
V204	0.30537	0.09327	0.01891	0.00394	0.57852
V205	0.10364	0.02175	0.1115	0.0674	0.6957
V206	0.04567	0.12556	0	0.74461	0.08415
V207	0.01723	0.02632	0	0.89668	0.05977
V208	0.16508	0.21302	0.49301	0.02757	0.10133
V209	0.14224	0.01287	0.08946	0.03903	0.7164
V210	0	0	0.99527	0	0.00473
V211	0.14439	0.01028	0.19853	0.02938	0.61742
V212	0.06262	0.78382	0.05995	0.02956	0.06404
V213	0.08981	0	0.05656	0.212	0.64163
V214	0.03347	0.5519	0.38348	0.0068	0.02435
V215	0.24166	0.23638	0.12893	0.05666	0.33637
V216	0.05426	0.01658	0.32545	0.03966	0.56405
V217	0	0	0.02547	0.81544	0.15908
V218	0.07834	0.19789	0.31936	0.28777	0.11664
V219	0.13957	0.29033	0.40888	0.1535	0.00772
V220	0.18581	0.7697	0.03845	0	0.00604
V221	0.0472	0.03418	0.50216	0.01304	0.40342
V222	0.01512	0	0	0.05661	0.92827
V223	0.55246	0.00401	0.35192	0.08239	0.00922
V224	0.0443	0.56074	0.00893	0.06596	0.32007
V225	0.71058	0.16887	0.12055	0	0
V226	0.4469	0.553	0	0	1e-04
V227	0.09939	0.32144	0	0.51712	0.06204
V228	0.61074	0.01899	0.29479	0.04014	0.03534
V229	0.27075	0.41237	0.26239	0.02438	0.03011
V230	0.01177	0	0	0.05667	0.93156
V231	0.06704	0.64848	0.0475	0.13518	0.1018
V232	0.8041	0.00857	0.18733	0	0
V233	0.05401	0.00938	0.14331	0.08613	0.70716
V234	0.02306	0.41545	0.2329	0.29082	0.03776
V235	0.97981	0.02019	0	0	0
V236	0.0857	0	0.6979	0.15621	0.06018
V237	0.13132	0.07123	0.29444	0.26288	0.24013
V238	0.00474	0	0	0.24111	0.75416
V239	0.06711	0.42692	0.03521	0.13866	0.33211
V240	0.06762	0.85625	0	0.01278	0.06334
V241	0.05425	0.93562	0	0	0.01013
V242	0.03927	0.34511	0.31455	0.22433	0.07675
V243	0.48096	0.0015	0.3516	0.00813	0.15781
V244	0.03522	0.40806	0.18383	0.06311	0.30978
V245	0.05258	0.91991	0.00845	0.01781	0.00125
V246	0.60105	0.29158	0.00978	0	0.09758
V247	0.20612	0.07449	0.66039	0.0301	0.02889
V248	0.09295	0.60989	0.00727	0.01114	0.27876
V249	0.24758	0.06412	0.20681	0.07359	0.40791
V250	0.0264	0.00032	0.66693	0.02679	0.27956
V251	0.2436	0.02313	0.10724	0.54104	0.08499
V252	0.02908	0.09885	0.58475	0.12201	0.16532
V253	0.28834	0.60519	0.06615	0.02618	0.01414
V254	0.5151	0.4185	0	0.05266	0.01375
V255	0.81696	0.0909	0	0	0.09214
V256	0.0449	0.76829	0	0.0107	0.17611
V257	0.43716	0.32163	0.13769	0.0166	0.08692
V258	0.17364	0.39293	0.03848	0.37564	0.0193
V259	0.53462	0.28314	0.16921	0	0.01303
V260	0.24546	0.02966	0.09929	0.06523	0.56036
V261	0.02438	0	0.55983	0.24858	0.1672
V262	0.91688	0.04132	0.0418	0	0
V263	0.82848	0.10013	0	0.07138	0
V264	0.06979	0.89903	0	0.02978	0.0014
V265	0.83511	0.09586	0.06903	0	0
V266	0.01019	0	0.07189	0.05512	0.8628
V267	0.04298	0	0	0.14225	0.81477
V268	0.20172	0.46827	0.13563	0.13677	0.05762
V269	0.0954	0.34639	0.37053	0.14951	0.03818
V270	0.05372	0	0.0398	0.86487	0.0416
V271	0.21265	0.74198	0	0.01229	0.03308
V272	0.1036	0.83676	0.0051	0.01024	0.0443
V273	0.30453	0.01373	0.19671	0.27356	0.21148
V274	0.08668	0.03515	0.03002	0.16751	0.68064
V275	0.05129	0.73025	0.13522	0.06515	0.01809
V276	0.00971	0	0.76243	0.19547	0.03239
V277	0.36019	0	0.62033	0	0.01948
V278	0.00553	0.01979	0.38995	0.40458	0.18015
V279	0.16539	0.00336	0.0105	0.71693	0.10382
V280	0.21359	0.02584	0.03804	0.56972	0.15281
V281	0.02706	0.27534	0.0415	0.6201	0.03601
V282	0.06264	0.92763	0	0	0.00973
V283	0.33414	0.01027	0.10346	0.01869	0.53344
V284	0.02956	0.09976	0.53229	0.0035	0.33488
V285	0.50626	0.48074	0	0.00932	0.00368
V286	0.08804	0	0.88753	0.02141	0.00303
V287	0.25376	0.06998	0.18171	0.23775	0.2568
V288	0.19904	0	0.65149	0	0.14947
V289	0.17401	0.28218	0.01257	0.50574	0.02551
V290	0.41624	0.46865	0.11511	0	0
V291	0.42576	0.2631	0	0.29725	0.01389
V292	0.11768	0.00431	0.41258	0.03053	0.4349
V293	0.00949	0.08238	0.85859	0.03361	0.01593
V294	0.0061	0	0	0.0517	0.9422
V295	0.01527	0.00971	0.3865	0.46697	0.12155
V296	0.8483	0.12692	0	0	0.02479
V297	0.01919	0	0.82939	0.10178	0.04965
V298	0.3223	0.00604	0	0.50087	0.17078
V299	0.30852	0	0.00739	0.66085	0.02324
V300	0.98067	0.01933	0	0	0
V301	0.98083	0.01479	0	0.00295	0.00143
V302	0.00438	0	0	0.3546	0.64102
V303	0.10695	0.16914	0.22012	0.14113	0.36266
V304	0.19729	0.00158	0.78513	0	0.016
V305	0.20234	0.33646	0.07894	0.07875	0.30351
V306	0.30965	0.67297	0	0.00319	0.01419
V307	0.26374	0	0.32371	0.40651	0.00604
V308	0.24164	0	0.71028	0.04722	0.00086
V309	0.66482	0.07962	0.0403	0.08203	0.13323
V310	0.02731	0.01149	0	0.10357	0.85763
V311	0.0101	0	0.05106	0.88161	0.05722
V312	0.08436	0.23876	0.23779	0.00622	0.43287
V313	0.06206	0.32289	0.00103	0.26016	0.35386
V314	0.07881	0.00604	0	0.32342	0.59173
V315	0.96016	0.01687	0	0	0.02297
V316	0.11112	0.56056	0.23868	0.01844	0.0712
V317	0.38526	0.06517	0.53837	0	0.0112
V318	0.90815	0.00352	0	0	0.08833
V319	0.11278	0.0236	0.86363	0	0
V320	0.08924	0	0.00136	0.8556	0.0538
V321	0.14172	0.36065	0.31527	0.15449	0.02788
V322	0.01648	0.24499	0.58367	0.03526	0.1196
V323	0.25293	0.21064	0.44455	0.00566	0.08622
V324	0.04193	0.05153	0.04891	0.80858	0.04905
V325	0.64847	0.12356	0.07917	0.07918	0.06963
V326	0.04473	0.00196	0.04945	0.12391	0.77994
V327	0.31806	0.5121	0.094	0.00802	0.06782
V328	0.05157	0.3325	0.183	0.40149	0.03144
V329	0.00516	0.03483	0.46417	0.47115	0.0247
V330	0.08559	0	0.86535	0	0.04906
V331	0.12368	0.01303	0.08275	0.08137	0.69917
V332	0.46822	0.03376	0.47935	0	0.01867
V333	0.41623	0.03457	0.33495	0.11771	0.09654
V334	0.04988	0.28	0.56662	0.05875	0.04474
V335	0.72447	0.06475	0.07613	0.01154	0.12311
V336	0.16003	0.58518	0.24477	0	0.01002
V337	0.00518	0	0.00573	0.14843	0.84066
V338	0.7271	0.0151	0.15721	0	0.10059
V339	0.20073	0.54691	0.16891	0	0.08345
V340	0.03194	0.15147	0.10093	0.05588	0.65978
V341	0.03087	0.47662	0.42853	0.00142	0.06257
V342	0.30252	0.14772	0.47886	0.0709	0
V343	0.69568	0	0.30432	0	0
V344	0.09868	0.77037	0.02285	0.01729	0.09082
V345	0.21185	0.05081	0	0.23298	0.50436
V346	0.03918	0.33649	0.33922	0.24049	0.04462
V347	0.08691	0.58255	0.01002	0.2627	0.05782
V348	0.01937	0.12755	0.47965	0.19995	0.17349
V349	0.07109	0.2922	0.52943	0.00591	0.10136
V350	0.11274	0.45419	0.07501	0.18507	0.17299
V351	0.1965	0.00796	0.50324	0.27135	0.02095
V352	0.11145	0.53916	0.34566	0	0.00373
V353	0.2375	0.34601	0.02006	0.03312	0.36332
V354	0.56355	0	0.43645	0	0
V355	0.09772	0	0.40699	0.47371	0.02158
V356	0.09832	0	0.8614	0.00817	0.03211
V357	0.04712	0.01195	0.51921	0.02622	0.3955
V358	0.02929	0.03887	0.03893	0.83999	0.05292
V359	0.05903	0.14417	0.00066	0.76165	0.0345
V360	0.74436	0.06004	0.08945	0.10614	0
V361	0.32229	0.5058	0.07087	0	0.10104
V362	0.81155	0.01268	0.09312	0	0.08265
V363	0.02769	0.02179	0	0.13666	0.81386
V364	0.04077	0.32472	0.01331	0.37651	0.24469
V365	0.00296	0.00052	0.00667	0.90218	0.08767
V366	0.21712	0.01695	0.63469	0.03933	0.09191
V367	0.22976	0.23968	0.21302	0.12699	0.19055
V368	0.75094	0.09649	0.12264	0	0.02993
V369	0.04554	0.66264	0.23347	0.05835	0
V370	0.02291	0.16266	0.12704	0.30549	0.38191
V371	0.06207	0.91226	0.02567	0	0
V372	0.67799	0.07481	0.15277	0.07484	0.01959
V373	0.11824	0.68834	0.11631	0.06879	0.00832
V374	0.11063	0.0368	0.4506	0.39476	0.00722
V375	0.30902	0	0.64981	0.04117	0
V376	0.00647	0	0.39157	0.02224	0.57972
V377	0.09338	0.54014	0.2122	0.14426	0.01002
V378	0.12979	0.55005	0.16333	0	0.15683
V379	0.0218	0	0.10221	0.08279	0.7932
V380	0.01764	0.04733	0.19672	0.44249	0.29581
V381	0.13132	0.0404	0	0.0289	0.79937
V382	0.42121	0.00838	0	0.24502	0.32539
V383	0.03371	0	0.33816	0.60764	0.02048
V384	0.31736	0.05563	0.19147	0.3653	0.07024
V385	0.07675	0.08716	0	0.03359	0.8025
V386	0.71935	0.02715	0	0.25232	0.00118
V387	0.30776	0.03019	0	0.60756	0.0545
V388	0.05899	0.86733	0.01458	0.04853	0.01057
V389	0.12108	0.79458	0	0.02209	0.06224
V390	0.19995	0.00265	0	0.63758	0.15982
V391	0.71789	0.17215	0	0.04378	0.06618
V392	0.95182	0.04818	0	0	0
V393	0.10847	0.01794	0.17582	0.47421	0.22355
V394	0.75074	0.01641	0.01406	0.11558	0.10322
V395	0	0	0.45151	0.5208	0.02769
V396	0.55066	0.00622	0.44312	0	0
V397	0.70055	0.15833	0.02333	0.07723	0.04057
V398	0.06597	0	0.20526	0.59858	0.13019
V399	0.03759	0.0214	0	0.22741	0.7136
V400	0.16968	0.56648	0.15419	0.10966	0
V401	0.31932	0	0.67294	0.00774	0
V402	0.3773	0.02054	0.48393	0.04048	0.07776
V403	0.13723	0.0715	0	0.11715	0.67412
V404	0.00602	0.03284	0.55368	0.34313	0.06433
V405	0.35098	0.30608	0.06283	0.16831	0.11179
V406	0.02432	0	0.96359	0	0.01208
V407	0.91147	0.05099	0.0265	0.01104	0
V408	0.03547	0.39918	0	0.20642	0.35893
V409	0.12308	0	0.07588	0.63981	0.16123
V410	0.12322	0.12109	0.32162	0.03556	0.39851
V411	0.00572	0	0	0.05821	0.93607
V412	0.02209	0.12914	0.11925	0.03888	0.69065
V413	0.02693	0.27526	0.16357	0.30686	0.22738
V414	0.04163	0.09312	0	0.40033	0.46491
V415	0.13979	0	0	0.03012	0.83009
V416	0.09849	0.08689	0.01036	0.12818	0.67609
V417	0.00898	0	0.81609	0.10294	0.07199
V418	0.54612	0.42283	0.00319	0	0.02786
V419	0.22972	0.01961	0.00882	0.10185	0.64
V420	0.2086	0	0.09482	0.04249	0.65409
V421	0.00369	0	0.11999	0.06474	0.81158
V422	0.01543	0.00764	0.05725	0.67378	0.2459
V423	0.30416	0.21132	0.31006	0.14941	0.02505
V424	0.00134	0	0.47895	0.0134	0.5063
V425	0.31083	0.38774	0	0.00484	0.29659
V426	0.25491	0.22952	0.00884	0.397	0.10973
V427	0.20297	0.65627	0.13854	0	0.00223
V428	0.09608	0.67608	0.06384	0.06837	0.09563
V429	0.12114	0.80577	0	0.04607	0.02701
V430	0.03333	0	0.42968	0.15634	0.38064
V431	0.12213	0.40768	0.21001	0.19803	0.06215
V432	0.32125	0.08099	0.13654	0.28796	0.17326
V433	0.20821	0	0.58465	0.18082	0.02633
V434	0.24386	0.28141	0.38767	0.00053	0.08654
V435	0.56513	0.03243	0.3967	0.00574	0
V436	0.06383	0.60157	0.09024	0.0387	0.20567
V437	0.17972	0.01809	0.01897	0.1419	0.64132
V438	0.144	0.34096	0.21354	0.22692	0.07457
V439	0.66939	0.01503	0.04326	0.25345	0.01887
V440	0.03379	0.34476	0.56338	0.00591	0.05216
V441	0.04276	0.54553	0.38715	0.01832	0.00624
V442	0.06315	0.93626	0	0	0.00059
V443	0.9719	0.01459	0	0.01351	0
V444	0.16167	0.50026	0.01863	0.2727	0.04673
V445	0.07261	0.48669	0.03162	0.37682	0.03226
V446	0.12182	0.03263	0.11753	0.51391	0.21411
V447	0.0674	0	0.00677	0.39677	0.52907
V448	0.1473	0	0.00952	0.04094	0.80225
V449	0	0	1	0	0
V450	0.20762	0.08542	0.25741	0.10361	0.34594
V451	0.28735	0.24418	0.05447	0.28023	0.13377
V452	0.01184	0	0.2037	0.69489	0.08956
V453	0.01679	0.00326	0	0.40505	0.5749
V454	0.00949	0	0.6944	0.02026	0.27585
V455	0.06366	0.21924	0.2749	0.03837	0.40383
V456	0.95047	0.02117	0	0	0.02836
V457	0.67921	0.23116	0.02151	0.03029	0.03783
V458	0.03437	0.36201	0.52107	0.03846	0.04409
V459	0.14428	0.06842	0.05556	0.42755	0.30419
V460	0.70211	0.03514	0.21481	0.03144	0.0165
V461	0.18495	0.30869	0.23899	0.0083	0.25907
V462	0.05219	0.08814	0.00666	0.44442	0.40858
V463	0.24851	0.0786	0.00706	0.6327	0.03314
V464	0.17212	0.16517	0.66247	0	0.00025
V465	0.03977	0.08901	0.00325	0.0504	0.81756
V466	0.02012	0	0	0.11217	0.86771
V467	0.06253	0.30477	0.01512	0.48452	0.13306
V468	0.55632	0.32499	0.09785	0	0.02083
V469	0.0218	0.35368	0.04875	0.22601	0.34977
V470	0.86525	0.07115	0.01564	0.04651	0.00145
V471	0.38343	0.3347	0.01337	0.1062	0.16231
V472	0.00931	0.01999	0.03154	0.04685	0.89231
V473	0.03464	0.22358	0.2687	0.26096	0.21212
V474	0.31906	0.17525	0.05994	0.38503	0.06072
V475	0.16666	0	0.62345	0.01719	0.1927
V476	0.17707	0.03591	0.12057	0.56673	0.09973
V477	0.05456	0.94449	0	0	0.00094
V478	0.15478	0	0	0.02872	0.8165
V479	0.86485	0.07022	0.02446	0.0395	0.00096
V480	0.13954	0.69806	0.04097	0.08455	0.03687
V481	0.24455	0.40919	0.05227	0.13952	0.15446
V482	0.11424	0.69731	0.17619	0	0.01226
V483	0.30554	0.56768	0	0.07337	0.0534
V484	0.22313	0.55215	0.11207	0.09555	0.0171
V485	0.68607	0.09261	0.11978	0.0815	0.02004
V486	0.06505	0.05776	0.28868	0.0128	0.57571
V487	0.14953	0.12618	0.46532	0.24811	0.01086
V488	0.42059	0.09866	0	0.28066	0.20009
V489	0.01615	0.20763	0.70733	0.053	0.0159
V490	0.0093	0	0.81319	0.16737	0.01014
V491	0.03961	0.47368	0.03514	0.08226	0.3693
V492	0.0347	0.17848	0.03239	0.68886	0.06558
V493	0.01163	0	0.00421	0.92203	0.06213
V494	0.36475	0	0.01416	0.50146	0.11963
V495	0.33786	0.24351	0.22618	0.12701	0.06544
V496	0.12155	0.02248	0.04396	0.0273	0.78472
V497	0.0947	0.02111	0.14364	0.09343	0.64711
V498	0.07854	0.88271	0.00691	0.00485	0.02699
V499	0.04381	0.21361	0.25898	0.05494	0.42867
V500	0.11527	0.53448	0.10693	0.17152	0.0718
V501	0.06844	0.3166	0	0.02558	0.58938
V502	0.13291	0.82514	0.0227	0.01925	0
V503	0.44797	0.02622	0.22213	0.10609	0.19758
V504	0.45244	0.21519	0	0.00141	0.33097
V505	0.62319	0.01651	0.01142	0.06037	0.28851
V506	0.0332	0.51876	0.05144	0.01745	0.37916
V507	0.884	0	0.02517	0.06116	0.02968
V508	0.03609	0.64196	0.20975	0.02882	0.08338
V509	0.05979	0.4907	0.13874	0.15315	0.15761
V510	0.40708	0.53586	0.02921	0.02325	0.0046
V511	0.07249	0.30755	0.5238	0.02399	0.07216
V512	0.14914	0.47189	0.16989	0.03309	0.17599
V513	0.16781	0.70896	0.05877	0.03056	0.0339
V514	0.00786	0	0.21255	0.05332	0.72626
V515	0.08448	0.16481	0	0.71929	0.03142
V516	0.17055	0.41985	0.11158	0.27363	0.02438
V517	0.01644	0.03739	0.06308	0.83165	0.05144
V518	0.4324	0.02086	0.36817	0.1457	0.03286
V519	0.83153	0.06958	0	0.09472	0.00417
V520	0.07816	0.87865	0	0.04166	0.00153
V521	0.23805	0	0.16698	0.56939	0.02558
V522	0.05469	0.18626	0.60575	0.10557	0.04773
V523	0.15894	0.02459	0.79039	0.0245	0.00158
V524	0.3375	0.01194	0.5936	0	0.05696
V525	0.01659	0.18755	0.01912	0.03942	0.73731
V526	0.04799	0.00294	0.9032	0.0111	0.03478
V527	0.09013	0.48207	0.40128	0.0042	0.02233
V528	0.17818	0	0.02106	0.76937	0.0314
V529	0.2188	0.00263	0.77252	0	0.00605
V530	0.02407	0	0.91614	0.03357	0.02623
V531	0.17144	0.53183	0.07671	0.0103	0.20972
V532	0.06441	0.25354	0.28561	0.00541	0.39103
V533	0.24121	0	0	0.01977	0.73902
V534	0.1443	0.08683	0	0.70471	0.06417
V535	0.82011	0.13964	0.04025	0	0
V536	0.12682	0.17184	0.38662	0.02269	0.29202
V537	0.01829	0.01143	0.00569	0.04794	0.91665
V538	0.61158	0.12102	0	0.01434	0.25305
V539	0.02065	0.12931	0.6909	0.07819	0.08096
V540	0.15978	0.48726	0.07876	0.03688	0.23732
V541	0.03599	0.4006	0.00773	0.03601	0.51968
V542	0.0429	0.38773	0.11998	0.36379	0.08561
V543	0.0716	0.07994	0.70819	0.03236	0.1079
V544	0.33252	0.21031	0.18115	0.04377	0.23225
V545	0.62225	0.37775	0	0	0
V546	0.07157	0.79283	0.06883	0.00438	0.06239
V547	0.0932	0.80604	0	0.07226	0.0285
V548	0.0067	0.07986	0.00424	0.85293	0.05627
V549	0.00488	0	0.01459	0.1605	0.82003
V550	0.04999	0.86105	0.07675	0.00372	0.00849
V551	0.01182	0	0	0.93735	0.05083
V552	0.20074	0.00813	0.00904	0.04588	0.73621
V553	0.81841	0.01978	0.00568	0.10467	0.05146
V554	0.12238	0.02951	0.56134	0.26481	0.02196
V555	0.0524	0.91919	0	0.00037	0.02804
V556	0.09065	0.06249	0.06593	0.68106	0.09988
V557	0.3247	0.30282	0.02459	0.28253	0.06536
V558	0.01288	0	0.83919	0.11853	0.02941
V559	0.10719	0.41689	0.44635	0	0.02958
V560	0.62323	0.25219	0.12458	0	0
V561	0.71091	0	0.14102	0	0.14807
V562	0.11683	0.04246	0.15321	0.08183	0.60566
V563	0.21446	0.27775	0.20766	0.08171	0.21843
V564	0.36045	0.03357	0.05915	0.28864	0.25819
V565	0.00583	0	0.00523	0.07593	0.913
V566	0.30273	0.17725	0.01468	0.26547	0.23987
V567	0.01715	0	0.9813	0	0.00155
V568	0.03492	0.23627	0.47454	0.25053	0.00374
V569	0.65155	0.11449	0.1097	0.08432	0.03994
V570	0.14732	0.01378	0.33598	0.40221	0.10071
V571	0.27985	0	0.27206	0.28426	0.16383
V572	0.83541	0.01024	0	0	0.15435
V573	0.0849	0.05986	0.38729	0.32254	0.14541
V574	0.52728	0.32579	0.06715	0.05841	0.02137
V575	0.34222	0.03376	0.1142	0.03651	0.47331
V576	0.05098	0.87764	0	0.00757	0.06381
V577	0.40735	0.53712	0.02072	0.02982	0.00498
V578	0.03143	0.15215	0.56589	0.18597	0.06456
V579	0.03144	0.5124	0.31574	0.01641	0.12401
V580	0.21457	0.59656	0	0.15807	0.0308
V581	0.06032	0.49719	0.37849	0.05697	0.00704
V582	0.00682	0.01491	0.97826	0	0
V583	0.62626	0	0.37374	0	0
V584	0.21466	0.52005	0.09601	0.01899	0.15028
V585	0.05385	0.7871	0.05093	0.04301	0.06511
V586	0.04434	0.79511	0.15251	0.00804	0
V587	0.0568	0.67965	0	0.02392	0.23963
V588	0.22984	0.39829	0.37187	0	0
V589	0.10616	0.47544	0.0396	0.33895	0.03986
V590	0.0536	0.77146	0	0.01013	0.16482
V591	0.45446	0.52364	0.02072	0	0.00118
V592	0.01475	0	0.7745	0.02331	0.18743
V593	0.45569	0.02614	0	0.44114	0.07702
V594	0.00954	0.10881	0.70174	0.11872	0.06118
V595	0.55666	0.06957	0.06523	0.25806	0.05048
V596	0.4672	0.21071	0.21981	0.08095	0.02132
V597	0.02522	0.18206	0	0.10399	0.68873
V598	0.55328	0.00798	0	0	0.43874
V599	0.08194	0.46055	0.09274	0.31575	0.04902
V600	0.29779	0.01104	0.21512	0.32233	0.15372
V601	0.14462	0.1112	0	0.41015	0.33403
V602	0.8215	0.1785	0	0	0
V603	0.12147	0.13955	0.01767	0.11338	0.60793
V604	0.02309	0	0.74558	0.08155	0.14978
V605	0.02761	0.04898	0.12272	0.07513	0.72557
V606	0.83416	0.00225	0	0	0.16359
V607	0.14606	0.10287	0.00811	0.02895	0.714
V608	0.77303	0.02465	0.02296	0.05132	0.12804
V609	0.1936	0.37018	0	0.33221	0.10401
V610	0.08898	0.71372	0	0.18192	0.01538
V611	0.27885	0.00678	0.65604	0.00296	0.05537
V612	0.36722	0.04815	0.32319	0.00248	0.25896
V613	0.40155	0.56753	0.02086	0.01006	0
V614	0.5162	0.04964	0.00224	0.05168	0.38024
V615	0.00934	0.1009	0.15225	0.51058	0.22693
V616	0.69525	0.00328	0.16454	0.09749	0.03943
V617	0.23224	0.06133	0.49347	0.06291	0.15006
V618	0.72367	0.09942	0.05735	0	0.11957
V619	0.53139	0.0468	0.15256	0	0.26926
V620	0.0489	0.01178	0.43237	0.48349	0.02346
V621	0.1369	0.21746	0.28755	0.00106	0.35704
V622	0.02278	0.18926	0.34307	0.01552	0.42937
V623	0.0738	0	0.00052	0.64576	0.27992
V624	0.91998	0.00432	0	0	0.0757
V625	0.00634	0.07317	0.12043	0.75553	0.04453
V626	0.08387	0.00634	0.62839	0.24832	0.03308
V627	0.0992	0.14507	0.1085	0.03382	0.61341
V628	0.96743	0.03217	0	4e-04	0
V629	0.13244	0.22283	0.63697	0.0059	0.00186
V630	0.01604	0.16886	0.01092	0.04791	0.75626
V631	0.00212	0	0.26161	0.03181	0.70446
V632	0.05391	0.76954	0	0.02761	0.14894
V633	0.05603	0	0.10125	0.46006	0.38266
V634	0.39874	0.46664	0.13462	0	0
V635	0.03852	0.08815	0.17819	0.03353	0.66161
V636	0.20646	0.18274	0.33138	0.14302	0.13639
V637	0.22848	0	0.46619	0.19787	0.10746
V638	0.07903	0.4722	0.00704	0.06791	0.37382
V639	0.51889	0.41863	0.06249	0	0
V640	0.10799	0.19419	0.07724	0.18787	0.43272
V641	0.10071	0.76226	0.00657	0.10043	0.03002
V642	0.7827	0.04939	0	0.16791	0
V643	0.06032	0.87302	0.05045	0.01597	0.00024
V644	0.0513	0.50509	0.01232	0.37705	0.05423
V645	0.15996	0.78312	0	0.05635	0.00057
V646	0.13908	0.58116	0.01741	0.17904	0.08331
V647	0.95875	0.01498	0	0.02627	0
V648	0.44527	0.14101	0	0.21964	0.19407
V649	0.25402	0.09826	0.06947	0.08407	0.49419
V650	0.0223	0	0.07408	0.86198	0.04165
V651	0.16037	0.26008	0	0.56089	0.01866
V652	0.40762	0.01853	0.03376	0.50537	0.03473
V653	0.38158	0.02659	0.05476	0.47033	0.06673
V654	0.02986	0.06652	0	0.0798	0.82382
V655	0.1762	0.05261	0.36185	0.39254	0.0168
V656	0.10215	0.00137	0	0.09827	0.79821
V657	0.04306	0.54064	0.02063	0.26144	0.13423
V658	0.02779	0.03048	0.0305	0.5456	0.36563
V659	0.01556	0.02079	0.09529	0.74615	0.12221
V660	0.05992	0.33017	0.00722	0.0424	0.56028
V661	0.04956	0.68961	0.00195	0.1363	0.12258
V662	0.03808	0.42603	0.0074	0.01656	0.51194
V663	0.98658	0.01342	0	0	0
V664	0.01842	0	0.12425	0.33433	0.52299
V665	0.03652	0.64339	0.21305	0.06081	0.04623
V666	0.09664	0.87666	0.02396	0.00275	0
V667	0.04352	0.56027	0.26616	0.07397	0.05607
V668	0.64748	0.2641	0.0394	0.02958	0.01944
V669	0.45944	0.34433	0.01371	0.05943	0.12308
V670	0.09399	0.63301	0.03376	0.02669	0.21255
V671	0.788	0	0.20916	0.00284	0
V672	0.09193	0.07048	0.09168	0.25149	0.49442
V673	0.00897	0.0094	0	0.11358	0.86805
V674	0.36174	0.08656	0.52388	0	0.02783
V675	0.71216	0.01248	0.03122	0.11004	0.1341
V676	0.2552	0.09188	0.5095	0	0.14343
V677	0.04944	0.29942	0.24987	0.31866	0.08261
V678	0.04948	0.30664	0	0.04127	0.60261
V679	0.01414	0	0.54265	0.42136	0.02185
V680	0.16498	0	0.01312	0.29066	0.53124
V681	0.54709	0.05885	0.03407	0.24335	0.11665
V682	0	0	1	0	0
V683	0.07442	0.15977	0.64478	0	0.12104
V684	0.0679	0.00164	0.00436	0.88234	0.04377
V685	0.0131	0	0.90067	0.07892	0.00731
V686	0.27588	0.64411	0.05767	0.00836	0.01398
V687	0	0	0.66444	0.30773	0.02782
V688	0	0	0.98422	0	0.01578
V689	0.497	0.06741	0.20644	0.07114	0.15801
V690	0.10537	0.87006	0	0.01555	0.00902
V691	0.15694	0.16222	0.04905	0.56807	0.06373
V692	0.07756	0.02486	0.01177	0.72577	0.16004
V693	0.0323	0.50428	0.43881	0.0185	0.00612
V694	0.09466	0.23446	0.03657	0.52337	0.11093
V695	0.11669	0.10188	0.13792	0.02542	0.61809
V696	0.1183	0	0.75994	0	0.12176
V697	0.1104	0.10925	0.35773	0.28175	0.14088
V698	0.01532	0	0.16802	0.03861	0.77804
V699	0.03801	0.00739	0.05382	0.60126	0.29953
V700	0.06594	0.81714	0.05572	0	0.0612
V701	0.01619	0.16847	0.00269	0.04276	0.76989
V702	0.0221	0.14423	0	0.61063	0.22304
V703	0.0158	0.01314	0.02941	0.8837	0.05796
V704	0.04564	0.03569	0.3894	0.02388	0.50539
V705	0.94431	0.02928	0	0	0.02641
V706	0.16556	0.1709	0.18232	0.37149	0.10973
V707	0.13948	0.12876	0.0687	0.22228	0.44078
V708	0.03537	0.58506	0.37956	0	0
V709	0.00853	0.00113	0.02352	0.04804	0.91878
V710	0.12906	0.00095	0.48827	0.00094	0.38079
V711	0.04834	0	0.00989	0.05537	0.8864
V712	0.06712	0	0.76786	0.14726	0.01776
V713	0.25287	0.42549	0.32164	0	0
V714	0.04211	0	0	0.04682	0.91107
V715	0.01859	0.27338	0.62704	0.07374	0.00725
V716	0.74428	0.21394	0	0.02266	0.01912
V717	0.37795	0.18075	0.11424	0.01228	0.31478
V718	0.67722	0	0.28762	0	0.03516
V719	0.39823	0.27158	0.09977	0.08195	0.14847
V720	0.11329	0.03174	0.08138	0.04923	0.72436
V721	0.02328	0	0.03827	0.05748	0.88096
V722	0.02623	0.26992	0.0561	0.4216	0.22616
V723	0.12082	0.26315	0.1244	0.44834	0.0433
V724	0.13145	0.70719	0.02336	0.12657	0.01143
V725	0.02437	0	0	0.0495	0.92613
V726	0.21477	0.52084	0.04029	0.04027	0.18384
V727	0.00999	0	0.97508	0	0.01493
V728	0.81201	0.02168	0.1297	0.03662	0
V729	0.64717	0.14911	0.01324	0.18277	0.00771
V730	0.13264	0.01007	0.44429	0.3301	0.0829
V731	0.00298	0.01098	0.0779	0.86591	0.04223
V732	0.01181	0	0.00453	0.93388	0.04978
V733	0.03802	0.00297	0.9476	0	0.0114
V734	0.5111	0.08063	0.38677	0.0146	0.0069
V735	0.06944	0.14407	0.21123	0.03012	0.54515
V736	0.01016	0.02997	0	0.04855	0.91133
V737	0.97877	0.02123	0	0	0
V738	0.03048	0.44464	5e-05	0.02383	0.501
V739	0.01688	0.01355	0	0.92081	0.04875
V740	0.19982	0.07739	0.09621	0.02163	0.60495
V741	0.51959	0.04466	0	0.26	0.17575
V742	0.08064	0.00355	0.57545	0.13802	0.20234
V743	0.02762	0.0408	0.06725	0.10807	0.75626
V744	0.21706	0.07096	0.20138	0.44515	0.06545
V745	0.19448	0.02721	0.05397	0.68815	0.03618
V746	0.35689	0.58432	0.02006	0	0.03873
V747	0.03801	0.00236	0.93587	0	0.02376
V748	0.16236	0.21431	0.27593	0.04342	0.30398
V749	0.19982	0.11739	0.1329	0.3655	0.18439
V750	0.76399	0.21645	0	0.01956	0
V751	0.04602	0.36486	0.57463	0.01006	0.00444
V752	0.02267	0.11815	0.01167	0.04452	0.80299
V753	0.54935	0.05507	0.2527	0.00665	0.13623
V754	0.12718	0.39413	0	0.4542	0.02449
V755	0.23145	0.74436	0.02038	0	0.00381
V756	0.02172	0.09995	0.01218	0.07621	0.78993
V757	0.19944	0	0.12199	0.64715	0.03142
V758	0.07495	0.50707	0	0.39461	0.02337
V759	0.08234	0.01979	0.09046	0.02899	0.77842
V760	0.07858	0.02034	0.22387	0.21009	0.46713
V761	0.06884	0.23799	0.69151	0	0.00167
V762	0.01735	0.03234	0.18822	0.33796	0.42412
V763	0.02889	0.25331	0	0.02904	0.68877
V764	0.12955	0.07517	0.09993	0.65027	0.04508
V765	0.1803	0	0.68934	0.02746	0.1029
V766	0.07833	0.48686	0.24392	0.03475	0.15614
V767	0.26572	0.5013	0.04983	0.0313	0.15184
V768	0.06788	0.85609	0.03183	0.0347	0.0095
V769	0.76442	0.00349	0.19579	0	0.03629
V770	0.32748	0	0.55834	0.11183	0.00235
V771	0.07124	0.7453	0	0.07025	0.11322
V772	0.05638	0	0.94362	0	0
V773	0.0234	0	0	0.15934	0.81726
V774	0.15284	0	0.54049	0	0.30667
V775	0.94617	0.00668	0.00861	0.02803	0.01051
V776	0.35356	0.45386	0.1523	0.01092	0.02935
V777	0.22029	0.40218	0.24928	0.07497	0.05327
V778	0.53699	0.08884	0	0.16629	0.20788
V779	0.07802	0.40631	0.49964	0.00332	0.01272
V780	0.0172	0	0.9828	0	0
V781	0.17203	0.31054	0.16404	0.00062	0.35277
V782	0.216	0.24744	0.00307	0.0126	0.52088
V783	0.00072	0	0.63543	0.02493	0.33892
V784	0.03954	0.65887	0	0.19606	0.10553
V785	0.72355	0.15527	0	0.06321	0.05797
V786	0.18549	0.25539	0.0025	0.50837	0.04825
V787	0.1394	0.63562	0	0.14538	0.0796
V788	0.36323	0.44065	0.05502	0	0.1411
V789	0.01404	0.171	0	0.33828	0.47668
V790	0.27543	0.24998	0.04919	0.08646	0.33894
V791	0.1784	0.23782	0.06276	0.15395	0.36708
V792	0.95441	0.0334	0.00874	0	0.00345
V793	0.31882	0.29499	0.03962	0.06885	0.27773
V794	0.01653	0.00971	0.09875	0.15808	0.71694
V795	0.13316	0.84748	0	0.00241	0.01694
V796	0.29892	0.45528	0.10137	0.10911	0.03533
V797	0.12077	0	0	0.04529	0.83394
V798	0.13003	0.52308	0	0.06697	0.27992
V799	0.03512	0.19993	0.05211	0.61715	0.0957
V800	0.02663	0.00267	0.00591	0.12532	0.83949
V801	0.41642	0.01806	0.14139	0.37693	0.0472
V802	0.03481	0.18773	0.00202	0.03833	0.7371
V803	0.34665	0.04521	0	0.55695	0.05119
V804	0.21547	0.18786	0.22435	0.30473	0.06759
V805	0.15647	0.13413	0.46612	0.12864	0.11464
V806	0.47051	0.02258	0.2022	0.04068	0.26403
V807	0.73622	0.00324	0.05767	0.02613	0.17673
V808	0.84037	0.01396	0.03938	0	0.10629
V809	0.19451	0.63348	0.00234	0.02182	0.14786
V810	0.02884	0.06167	0.03674	0.39942	0.47333
V811	0.04953	0.09311	0.01168	0.10664	0.73905
V812	0.03749	0.67226	0.19291	0.06062	0.03672
V813	0.03376	0.20259	0.20786	0.01325	0.54253
V814	0.20288	0.59467	0.05401	0.11996	0.02848
V815	0.22645	0.72049	0.01058	0.03525	0.00723
V816	0.035	0.57933	0	0.33321	0.05246
V817	0.80839	0.03803	0.15358	0	0
V818	0.04194	0.19497	0.34996	0.03244	0.38069
V819	0.96492	0.03508	0	0	0
V820	0.07916	0.41534	0.12782	0.32788	0.04981
V821	0.00588	0	0	0.0522	0.94193
V822	0.22123	0.01639	0.01005	0.72465	0.02769
V823	0.04644	0.06728	0.21614	0.01855	0.65159
V824	0.06439	0.02179	0.01195	0.03955	0.86232
V825	0.15422	0	0.71037	0.13541	0
V826	0.04182	0	0.95038	0.0078	0
V827	0.36113	0.18963	0	0.31559	0.13364
V828	0.23213	0.15253	0.0961	0.04736	0.47187
V829	0.09144	0.07715	0.32008	0.1429	0.36843
V830	0.15066	0	0.71689	0.00854	0.12391
V831	0.04225	0.77265	0.03628	0.11715	0.03168
V832	0.20269	0	0.06496	0.201	0.53135
V833	0.18427	0.77508	0	0	0.04065
V834	0.75165	0.15805	0.02161	0.00478	0.06392
V835	0.26294	0.33045	0.08662	0.21436	0.10562
V836	0.3823	0.0693	0.48336	0.06427	0.00078
V837	0.048	0.83699	0	0.03222	0.08279
V838	0	0	0.09793	0.84884	0.05323
V839	0.03606	0.01932	0.06533	0.03905	0.84023
V840	0.95686	0.02499	0.01664	0.00132	0.00019
V841	0.22451	0	0.77549	0	0
V842	0.55594	0.05757	0.22515	0.14788	0.01346
V843	0.4497	0.0145	0.14845	0.05067	0.33667
V844	0.02295	0.14574	0.7957	0.01148	0.02412
V845	0.02516	0	0	0.55379	0.42105
V846	0.10405	0.03232	0.09197	0.06855	0.70311
V847	0.19733	0	0.04444	0.11086	0.64738
V848	0.75195	0.04047	0	0.05956	0.14801
V849	0.14465	0.02118	0.73449	0	0.09968
V850	0.21873	0.0242	0.30876	0.11928	0.32902
V851	0.98901	0.01099	0	0	0
V852	0.23662	0.06149	0.07447	0.14144	0.48598
V853	0.04109	0.10812	0.64764	0.10947	0.09368
V854	0.0511	0.34955	0.2466	0.06087	0.29189
V855	0.113	0.4327	0.0896	0.25432	0.11039
V856	0.15292	0.39494	0.03866	0.00645	0.40704
V857	0.08261	0.03687	0.19136	0.36255	0.32661
V858	0.03126	0.36088	0.19687	0.16783	0.24316
V859	0.15459	0.01512	0.02167	0.73009	0.07852
V860	0.04556	0.17354	0.07427	0.60057	0.10606
V861	0.1658	0.0229	0.16138	0.62024	0.02967
V862	0.06183	0	0.01191	0.10401	0.82225
V863	0.05224	0.91323	0	0.00636	0.02818
V864	0.03679	0	0.91972	0.04349	0
V865	0.08734	0	0.70927	0.20338	0
V866	0.03872	0.02865	0.70677	0.1944	0.03146
V867	0.54549	0.0372	0	0	0.4173
V868	0.23933	0.23359	0.42684	0.07834	0.0219
V869	0.01151	0	0.01141	0.05486	0.92222
V870	0.27824	0.19556	0.0735	0.19653	0.25616
V871	0.03679	0.04043	0.0951	0.09772	0.72996
V872	0.42339	0.07281	0	0.42798	0.07582
V873	0.0638	0.3636	0.16427	0.3144	0.09394
V874	0.08403	0.03916	0	0.04257	0.83425
V875	0.01443	0.20463	0.01562	0.42881	0.33652
V876	0.4507	0.07519	0.04577	0.00701	0.42134
V877	0.23025	0.66877	0.02202	0.06179	0.01716
V878	0.04028	0.73357	0.03088	0.17039	0.02487
V879	0.93738	0.06009	0	0.0019	0.00062
V880	0.08438	0.08674	0.02402	0.36902	0.43584
V881	0.01109	0	0.52709	0.01072	0.45111
V882	0.05454	0.54866	0.00364	0.38005	0.0131
V883	0.5199	0.20954	0	0.13971	0.13085
V884	0.00246	0	0	0.05844	0.9391
V885	0.1718	0.05546	0.41109	0.08635	0.27531
V886	0.00117	0	0.02228	0.20245	0.77409
V887	0.09573	0.86921	0	0	0.03507
V888	0.06782	0.12409	0.06376	0.63577	0.10856
V889	0.12295	0.82388	0.02233	0.01406	0.01678
V890	0.03797	0.00399	0.17273	0.59955	0.18576
V891	0.00656	0.0158	0.97375	0.00389	0
V892	0.59173	0.25792	0.0023	0	0.14805
V893	0.15565	0.17961	0.5376	0.05453	0.07262
V894	0.10672	0.57922	0.03763	0.21175	0.06468
V895	0.69774	0	0.30226	0	0
V896	0.22652	0.25449	0.26088	0.24728	0.01082
V897	0	0	0.04553	0.73943	0.21504
V898	0.35955	0.01546	0	0.02144	0.60354
V899	0.56824	0.33115	0.07051	0	0.0301
V900	0.26947	0.25762	0.297	0.1503	0.0256
V901	0.70009	0.06668	0	0.13875	0.09448
V902	0.87004	0.06053	0.00676	0.01605	0.04662
V903	0.30944	0.0959	0.07628	0.45283	0.06554
V904	0.72983	0.10215	0.15994	0	0.00807
V905	0.03005	0.33997	0.06048	0.27716	0.29235
V906	0.15822	0.02458	0.4898	0.05593	0.27148
V907	0.73485	0.12331	0.05947	0.03543	0.04694
V908	0.03297	0.38791	0.0457	0.44093	0.09249
V909	0.02143	0.13779	0.01083	0.68662	0.14333
V910	0.68608	0.18975	0	0.0384	0.08577
V911	0.04716	0.24494	0.52763	0.0021	0.17817
V912	0.03509	0.00786	0.15255	0.07431	0.73019
V913	0.16412	0.02433	0.08656	0.62041	0.10458
V914	0.80139	0.04678	0	0.09124	0.06059
V915	0.18231	0.18403	0.03794	0.01589	0.57983
V916	0.7953	0.02024	0.1161	0	0.06836
V917	0.41351	0.04971	0	0.01144	0.52534
V918	0.60086	0.1436	0.23119	0.00816	0.01619
V919	0.44185	0.20498	0	0.22697	0.1262
V920	0.2177	0	0.14756	0.60689	0.02784
V921	0.18464	0.18713	0.1027	0.00548	0.52005
V922	0.03779	0	0.70397	0	0.25825
V923	0.14912	0.4853	0.00555	0.04161	0.31843
V924	0.52518	0.14034	0	0.20167	0.13281
V925	0.15691	0.10689	0.51782	0.12768	0.09071
V926	0.01847	0.01102	0	0.05467	0.91584
V927	0.54751	0.27457	0.10902	0.05719	0.01171
V928	0.12489	0.27986	0.22651	0.14003	0.22871
V929	0.05637	0.25469	0	0.02527	0.66366
V930	0.0693	0	0.05346	0.03596	0.84128
V931	0.47106	0.15632	0	0.03252	0.34009
V932	0.05129	0.11455	0.04136	0.26946	0.52334
V933	0.3055	0	0.04656	0.22954	0.4184
V934	0.67798	0.04574	0.27627	0	0
V935	0.58913	0.12145	0.1278	0.03296	0.12866
V936	0.344	0.08529	0.13053	0.38036	0.05982
V937	0.1382	0.7174	0.08607	0.02468	0.03365
V938	0.08907	0.899	0.00807	0.00371	0.00014
V939	0.00107	0	0.00538	0.2789	0.71465
V940	0.56458	0.09461	0.07488	0.03233	0.23361
V941	0.0213	0.13339	0.13377	0.40903	0.30251
V942	0.75084	0.24916	0	0	0
V943	0.04832	0.08943	0.04522	0.03877	0.77826
V944	0.38324	0.04036	0.13226	0.41623	0.0279
V945	0.05882	0.24759	0.60669	0.02423	0.06267
V946	0.04145	0.47388	0.48007	0	0.0046
V947	0.37433	0.04237	0.01231	0.09403	0.47696
V948	0.08001	0.73219	0.02299	0.08838	0.07643
V949	0.8715	0.11266	0.01584	0	0
V950	0.08004	0.01384	0.02618	0.84114	0.0388
V951	0.34344	0.02735	0	0.45404	0.17517
V952	0.14891	0.03619	0.05023	0.5839	0.18078
V953	0.5079	0.12965	0	0.30791	0.05454
V954	0.23881	0.55296	0.05107	0.04447	0.11269
V955	0.07751	0	0.62685	0.28276	0.01288
V956	0.04147	0.52378	0.09321	0.3022	0.03933
V957	0.10995	0.77781	0.04215	0.05202	0.01807
V958	0.05835	0.85785	0	0.03727	0.04653
V959	0.07929	0	0.84411	0.04298	0.03361
V960	0.53378	0.06562	0.15125	0.07172	0.17763
V961	0.05941	0.8698	0	0.0072	0.06359
V962	0.17658	0.09937	0	0.056	0.66805
V963	0.02051	0	0.50422	0.43018	0.04509
V964	0.00999	0	0.97508	0	0.01493
V965	0	0	0.51341	0.40725	0.07934
V966	0.02582	0	0.50166	0.06906	0.40346
V967	0.33474	0.51628	0	0	0.14898
V968	0.06154	0.91664	0	0.01178	0.01003
V969	0.12265	0.51821	0.13367	0.09632	0.12915
V970	0.16792	0.36571	0.45002	0	0.01635
V971	0.74418	0.05412	0.18987	0.00518	0.00663
V972	0.08628	0.862	0	0.04157	0.01014
V973	0.04569	0	0.61837	0.1993	0.13663
V974	0.03944	0.72421	0.09466	0.08335	0.05834
V975	0.05331	0.93303	0	0.01223	0.00143
V976	0.01427	0	0	0.0937	0.89203
V977	0.02176	0.12513	0.14518	0.11769	0.59024
V978	0.37878	0.16142	0.22156	0.09731	0.14092
V979	0.89349	0.10651	0	0	0
V980	0.31852	0.10912	0.12028	0.09272	0.35935
V981	0.06495	0.03986	0.04586	0.04574	0.80358
V982	0.37408	0.44075	0.11276	0.00597	0.06643
V983	0.63754	0.22669	0	0	0.13577
V984	0.17665	0.04569	0.13078	0.52397	0.12292
V985	0.03075	0.08796	0.10663	0.74389	0.03076
V986	0.50734	0.10738	0.37478	0	0.01049
