CD56NK	CD4MemoryT	CD19B	CD14
V1	0.55831	0	0.13377	0.30791
V2	0.13432	0.04041	0.03275	0.79252
V3	0.05548	0.54424	0.00712	0.39315
V4	0.90087	0.07478	1e-05	0.02434
V5	0.12045	0.42096	0.24237	0.21623
V6	0.08724	0.8669	0.01648	0.02938
V7	0.14495	0.27571	0.06496	0.51439
V8	0.1522	0.00061	0.80376	0.04342
V9	0.23356	0.15928	0.02398	0.58318
V10	0.01704	0.00142	0.91071	0.07083
V11	0.25073	0.3148	0.42795	0.00652
V12	0.02698	0.57737	0.37699	0.01867
V13	0.31198	0.65665	0.00366	0.02771
V14	0.07828	0.90861	0.00507	0.00805
V15	0.13084	0.54848	0.10916	0.21152
V16	0.93464	0.01823	0.0139	0.03323
V17	0.09951	0.86181	0.00931	0.02937
V18	0.63735	0.2835	0.03256	0.04659
V19	0.18744	0.79068	0.00379	0.01809
V20	0.17124	0.37733	0.01211	0.43932
V21	0.15238	0.02044	0.78366	0.04352
V22	0.01331	0.04338	0.16251	0.7808
V23	0.44173	0.01311	0.53841	0.00675
V24	0.96455	0.01202	0.02344	0
V25	0.36591	0.16369	0.10732	0.36307
V26	0.42652	0.30954	0.01223	0.25171
V27	0.08415	0.02035	0.0097	0.88579
V28	0.00255	0.01656	0.9797	0.00119
V29	0.49691	0.00512	0.45957	0.03841
V30	0.09922	0.14132	0.24296	0.5165
V31	0.2171	0.12407	0.26506	0.39376
V32	0.06455	0.00374	0.0184	0.91331
V33	0.04655	0.45984	0.3576	0.13602
V34	0.15156	0.00852	0.7964	0.04352
V35	0.19148	0.69527	0.07221	0.04104
V36	0.00546	0.00841	0.41652	0.56961
V37	0.55599	0.0313	0.07384	0.33887
V38	0.41995	0	0.13286	0.44719
V39	0.18635	0.51209	0.11792	0.18363
V40	0.11593	0.81486	0.06921	0
V41	0.0066	0.61186	0.03361	0.34793
V42	0.21414	0.00459	0.16506	0.61621
V43	0.15365	0.29588	0.50739	0.04308
V44	0.01457	0.03353	0.72552	0.22638
V45	0.11077	0.55831	0.2109	0.12002
V46	0.85541	0.03849	0.10057	0.00554
V47	0.5179	0.1296	0.29147	0.06103
V48	0.84981	0.12248	0.00365	0.02406
V49	0.77157	0.13334	0	0.0951
V50	0.07633	0.83878	0.07783	0.00706
V51	0.36898	0.34877	0.24227	0.03998
V52	0.02679	0.06383	0.86383	0.04554
V53	0.78982	0.08065	0.12954	0
V54	0.49382	0.13516	0.34351	0.02751
V55	0.21756	0.06808	0.2048	0.50956
V56	0.0344	0	0.05888	0.90672
V57	0.11303	0.85198	0.01673	0.01825
V58	0.62814	0	0.02831	0.34355
V59	0.49609	0.34987	0.09347	0.06057
V60	0.13349	0.08818	0.29169	0.48664
V61	0.83885	0.06014	0.00756	0.09345
V62	0.91844	0.01278	0.05395	0.01483
V63	0.01786	0.83909	0.11326	0.02979
V64	0.00805	0.81951	0	0.17244
V65	0.00878	0	0.07014	0.92108
V66	0.24843	0.6501	0.01445	0.08702
V67	0.1836	0.28562	0.51278	0.018
V68	0.14565	0.08386	0.01264	0.75786
V69	0.02568	0.26867	0.63563	0.07002
V70	0.59974	0.09271	0.15602	0.15152
V71	0.16759	0.02934	0.3314	0.47166
V72	0.61997	0.09661	0.07683	0.20659
V73	0.17502	0.57798	0.12978	0.11723
V74	0.06627	0.18724	0.74634	0.00015
V75	0.73755	0	0.15806	0.10439
V76	0	0.1059	0.14672	0.74738
V77	0.03118	0.21157	0.00245	0.7548
V78	0.31439	0.05954	0.15368	0.4724
V79	0.00633	0.05294	0.81793	0.1228
V80	0.39771	0	0.49417	0.10812
V81	0.06505	0.11686	0.80996	0.00813
V82	0.00101	0.03347	0.95544	0.01008
V83	0.1252	0.10952	0.05429	0.71098
V84	0.3984	0.01475	0.12998	0.45687
V85	0.12056	0.25438	0.39339	0.23167
V86	0.05029	0.01704	0.87561	0.05707
V87	0.03649	0.82612	0.04623	0.09116
V88	0.16125	0.02209	0.22509	0.59158
V89	0.01413	0	0.15972	0.82615
V90	0.02851	0.90267	0.04994	0.01888
V91	0.03693	0.73717	0.18283	0.04307
V92	0.49732	0.00233	0.3376	0.16275
V93	0.88912	0.0028	0	0.10808
V94	0.01382	0.35882	0.01249	0.61488
V95	0.29347	0.37059	0.14278	0.19315
V96	0.06119	0.05119	0.01464	0.87298
V97	0.75307	0.06143	0.17975	0.00575
V98	0.73938	0.24476	0	0.01586
V99	0.85103	0.01985	0.12352	0.00559
V100	0.08971	0.00515	0.87316	0.03197
V101	0.0124	0.00951	0.00402	0.97407
V102	0.95305	0.02723	0.00421	0.01551
V103	0.0079	0.01518	0.06787	0.90904
V104	0.03151	0.95511	0.00509	0.00829
V105	0.06565	0.91564	0.01086	0.00785
V106	0.13816	0.48531	0.32172	0.05481
V107	0.22442	0.14495	0.56341	0.06722
V108	0.18013	0.73394	0.08593	0
V109	0.0138	0.10104	0.57188	0.31328
V110	0.06254	0.877	0.0308	0.02966
V111	0.93837	0	0.05536	0.00627
V112	0.1307	0.02413	0.38329	0.46187
V113	0.18717	0.05254	0.1424	0.61789
V114	0.23243	0.01522	0.0598	0.69255
V115	0.00849	0.76018	0.22396	0.00737
V116	0.15939	0.25162	0.35908	0.22992
V117	0.73807	0.19125	0.02548	0.04519
V118	0.17917	0.51228	0.02632	0.28223
V119	0.10222	0.03573	0.03418	0.82787
V120	0.08963	0.03322	0.85691	0.02025
V121	0.63593	0.07214	0.07596	0.21598
V122	0.97482	0.00026	0.00944	0.01548
V123	0.00612	0.4303	0.03307	0.53052
V124	0.70657	0.22766	0	0.06577
V125	0.45284	0.36042	0.15942	0.02732
V126	0.03068	0.08925	0.03457	0.8455
V127	0.15909	0.01628	0.21358	0.61105
V128	0.02354	0	0.08228	0.89417
V129	0.65111	0.17119	0.14071	0.03699
V130	0.00784	0.65532	0.32956	0.00729
V131	0.02708	0.87224	0	0.10068
V132	0.95641	0	0.01988	0.02371
V133	0.94169	0.00326	0.03997	0.01508
V134	0.11243	0.31313	0.11297	0.46146
V135	0.06901	0.00155	0.14103	0.78841
V136	0.25594	0.32008	0.00671	0.41727
V137	0.70282	0.01149	0.20905	0.07664
V138	0.23779	0.33608	0.16157	0.26457
V139	0.38787	0.13881	0.17028	0.30303
V140	0.02272	0.04549	0.03645	0.89533
V141	0.06685	0.09895	0.52096	0.31324
V142	0.82889	0	0.17111	0
V143	0.46701	0.18908	0.05395	0.28997
V144	0.16456	0.09184	0.13746	0.60613
V145	0.00107	0.76818	0.22325	0.0075
V146	0.04579	0	0.01935	0.93486
V147	0.9372	0.00695	0.01376	0.04209
V148	0.14042	0.03335	0.54876	0.27748
V149	0.31126	0.47624	0.20628	0.00622
V150	0.09932	0.19035	0.59957	0.11076
V151	0.2346	0.57398	0.02707	0.16435
V152	0.27361	0.39179	0.20495	0.12965
V153	0.11908	0.71437	0.0145	0.15205
V154	0.28967	0.41181	0.25762	0.0409
V155	0.53659	0.08772	0.25576	0.11993
V156	0.03403	0.088	0.70009	0.17788
V157	0.3381	0.09655	0.28393	0.28143
V158	0.01212	0	0.01582	0.97205
V159	0.91193	0.0358	0	0.05227
V160	0.69166	0	0.04871	0.25963
V161	0.19548	0	0.02033	0.78419
V162	0.0614	0.22148	0.06389	0.65322
V163	0.10509	0.4306	0.1542	0.31011
V164	0.37288	0.23464	0.09101	0.30146
V165	0.00732	0.19626	0	0.79642
V166	0.00734	0.05237	0.05143	0.88886
V167	0.32778	0	0.00317	0.66906
V168	0.33196	0.52421	0.06845	0.07538
V169	0.17701	0.02271	0.02576	0.77452
V170	0.10867	0.00247	0.46942	0.41944
V171	0.15285	0.19414	0.59737	0.05564
V172	0.76465	0	0.22941	0.00594
V173	0.02236	0.09126	0.02785	0.85854
V174	0.01381	0.1053	0.05698	0.82391
V175	0.06901	0	0.76181	0.16918
V176	0.00848	0.82145	0.16266	0.0074
V177	0.01061	0.96952	0	0.01987
V178	0.00719	0.71507	0.00252	0.27522
V179	0.16115	0	0.32749	0.51136
V180	0.03214	0.89529	0.07257	0
V181	0.18627	0.08054	0.52025	0.21293
V182	0.35458	0.12605	0.44178	0.07759
V183	0.21269	0.77601	0.00407	0.00724
V184	0.9932	0	0.00675	5e-05
V185	0.62625	0.35872	0.00916	0.00588
V186	0.13375	0.43804	0.25313	0.17508
V187	0.97202	0.00058	0.02091	0.00649
V188	0.05153	0.16751	0	0.78096
V189	0.82109	0.00511	0.01227	0.16152
V190	0.71584	0.00077	0.27738	0.00601
V191	0.22445	0.15718	0.56376	0.05461
V192	0.33571	0.39859	0.0398	0.2259
V193	0.64366	0.00988	0.20142	0.14504
V194	0.04107	0.92455	0.00415	0.03023
V195	0.00921	0.01089	0.9696	0.01031
V196	0.0096	0.03778	0.00682	0.94579
V197	0.40002	0.02011	0.01766	0.56221
V198	0.07183	0.47826	0.36789	0.08202
V199	0.15702	0.00472	0.13892	0.69933
V200	0.13656	0.49431	0.01236	0.35677
V201	0.10804	0.51169	0.17858	0.20169
V202	0.01441	0.00308	0.74858	0.23392
V203	0.197	0.39141	0.38194	0.02966
V204	0.00648	0.45418	0.00163	0.53771
V205	0.0179	0.02894	0.93184	0.02131
V206	0.05335	0.05967	0.87824	0.00875
V207	0.12538	0.12507	0.03947	0.71008
V208	0.2984	0.03342	0.64995	0.01823
V209	0.33893	0.4029	0.05729	0.20089
V210	0.09858	0.75155	0.08348	0.06638
V211	0.40312	7e-04	0.0235	0.57269
V212	0.57241	0.01482	0.38642	0.02634
V213	0.65201	0.00882	0.08844	0.25073
V214	0.34744	0.09946	0.1397	0.4134
V215	0.27958	0.05149	0.01186	0.65707
V216	0.02901	0	0.01504	0.95595
V217	0.04423	0.43751	0.21793	0.30033
V218	0.1041	0.38141	0.15182	0.36267
V219	0.11471	0.57345	0.00732	0.30452
V220	0.00747	0.79017	0.00258	0.19978
V221	0.8003	0	0.00273	0.19697
V222	0.3533	0.08079	0.33716	0.22876
V223	0.00645	0.09393	0.78939	0.11022
V224	0.98226	0	0.01774	0
V225	0.06481	0.87789	0.04999	0.0073
V226	0.3635	0.04824	0.57065	0.01761
V227	0.82527	0	0.16	0.01473
V228	0.8113	0.03321	0.05096	0.10453
V229	0.01763	0.00745	0.94133	0.03359
V230	0.01072	0.00855	0.01508	0.96565
V231	0.01322	0.20282	0.08973	0.69424
V232	0.04536	0.58181	0	0.37283
V233	0.61203	0.04716	0.16908	0.17173
V234	0.04121	0.91587	0.02396	0.01895
V235	0.43521	0.02931	0.49599	0.03948
V236	0.04802	0.0363	0.80694	0.10874
V237	0.14494	0	0.02166	0.8334
V238	0.15073	0.5285	0.25361	0.06715
V239	0.06218	0.31982	0.01196	0.60605
V240	0.54674	0.01359	0.38045	0.05922
V241	0.01649	0.00119	0.88697	0.09535
V242	0.15205	0.7459	0.08433	0.01772
V243	0.27783	0.01659	0.60388	0.10169
V244	0.23312	0	0.65431	0.11257
V245	0.66203	0.23068	0.03867	0.06863
V246	0.06281	0.10951	0.79603	0.03165
V247	0.19923	0.00773	0.7926	0.00044
V248	0.01663	0.01067	0.03216	0.94054
V249	3e-04	0.01865	0.88479	0.09626
V250	0.80857	0	0.18554	0.00589
V251	0.96574	0.02307	0.00469	0.0065
V252	0.01035	0.84316	0.14649	0
V253	0.36893	0.03226	0.1319	0.46692
V254	0.00993	0.93905	0.04289	0.00813
V255	0.05059	0.89623	0	0.05318
V256	0.20662	0.16101	0.51203	0.12033
V257	0.45282	0.05394	0.20246	0.29078
V258	0.20377	0.20911	0.41283	0.1743
V259	0.03578	0.25917	0.64776	0.0573
V260	0.00076	0.26205	0.72879	0.0084
V261	0.64956	0.00934	0.16396	0.17714
V262	0.08371	0.02621	0.0097	0.88037
V263	0.01966	0.94954	0	0.0308
V264	0.16796	0.01159	0.3793	0.44116
V265	0.0231	0	0.10402	0.87287
V266	0.69641	0.29902	0.00458	0
V267	0	0.11636	0.24209	0.64155
V268	0.37758	0.00407	0.11227	0.50608
V269	0.00677	0.53829	0.38607	0.06887
V270	0.68834	0.00596	0.20759	0.09811
V271	0.82887	0.0332	0.0234	0.11452
V272	0.05865	0.79293	0.00807	0.14035
V273	0.04434	0.00456	0.02497	0.92613
V274	0.72447	0	0.14978	0.12575
V275	0.00104	0.01201	0.97599	0.01096
V276	0.54281	0.26678	0.00694	0.18346
V277	0.02997	0.13838	0.12978	0.70187
V278	0.02925	0.02374	0.24137	0.70565
V279	0.72228	0.02589	0.08951	0.16233
V280	0.01212	0	0.01582	0.97205
V281	0.55357	0.00832	0.11227	0.32584
V282	0.0599	0.03708	0.82035	0.08267
V283	0.23619	0.52162	0.05027	0.19192
V284	0.0294	0.91275	0.05021	0.00764
V285	0.08562	0.0048	0.90882	0.00076
V286	0.28041	0.49631	0.09654	0.12674
V287	0.11118	0.85027	0.00932	0.02923
V288	0.01387	0.2178	0.40273	0.36561
V289	0.32982	0.16401	0.40257	0.1036
V290	0.86369	0.12597	0.01034	0
V291	0.55348	0.03595	0.39431	0.01627
V292	0.93973	0	3e-05	0.06024
V293	0.34147	0.00179	0.60571	0.05104
V294	0.08309	0.28614	0	0.63077
V295	0.01319	0.11348	0.15619	0.71715
V296	0.20506	0.07672	0.599	0.11922
V297	0.06246	0	0.0504	0.88713
V298	0.35421	0.06254	0.56573	0.01752
V299	0.06146	0.2005	0.00744	0.7306
V300	0	0.00892	0.18666	0.80442
V301	0.13251	0.06888	0.6367	0.16191
V302	0.70156	0.28246	0	0.01598
V303	0.00079	0.58213	0.37341	0.04368
V304	0.05603	0.00686	0.71464	0.22248
V305	0.1277	0.10472	0.43133	0.33625
V306	0.85465	0.05438	0.0376	0.05337
V307	0.01939	0.95064	0.01063	0.01933
V308	0.24707	0.163	0.27156	0.31837
V309	0.34361	0.23626	0.01755	0.40257
V310	0.07484	0.23765	0.12627	0.56124
V311	0.57092	0.41901	0.00398	0.00609
V312	0.11218	0.72554	0.13269	0.0296
V313	0.00215	0.06655	0.01145	0.91984
V314	0.01404	0.39622	0.09478	0.49496
V315	0.12783	0.56193	0.02646	0.28378
V316	0.34168	0.08253	0.35862	0.21717
V317	0.09374	0.65102	0.03443	0.22081
V318	0.03174	0.47338	0.00674	0.48814
V319	0.062	0.03156	0.86144	0.04501
V320	0.08286	0.09492	0.64511	0.17712
V321	0.68637	0.30906	0.00457	0
V322	0.19451	0.24194	0.05514	0.50841
V323	0.04267	0.00243	0.0654	0.8895
V324	0.72455	0.19461	0.05561	0.02523
V325	0.35434	0.59427	0.04523	0.00616
V326	0	0.4852	0.07643	0.43838
V327	0.01377	0.08879	0.08006	0.81738
V328	0.04482	0.00679	0.71242	0.23598
V329	0.16159	0.05911	0.1355	0.6438
V330	0.39707	0	0.28688	0.31605
V331	0.32824	0.04424	0.02992	0.5976
V332	0.00622	0.01959	0.14488	0.82931
V333	0.46687	0.03647	0.35178	0.14487
V334	0.36171	0	0.30623	0.33206
V335	0.02457	0.28638	0.50991	0.17913
V336	0.19694	0.6509	0.01438	0.13778
V337	0.32824	0.35477	0.27629	0.0407
V338	0.00236	0.98355	0.00525	0.00884
V339	0.14441	0.00149	0.84537	0.00873
V340	0.05664	0.16904	0.51181	0.2625
V341	0.01608	0.01009	0.04552	0.92831
V342	0.26593	0	0.56209	0.17198
V343	0.9833	0.00498	0.00489	0.00683
V344	0.73757	0.10593	0.1565	0
V345	0.01133	0.01385	0.97375	0.00106
V346	0.23364	0.06189	0.24521	0.45926
V347	0.03235	0	0.09575	0.8719
V348	0.05796	0.61291	0.13	0.19913
V349	0.38956	0.11012	0.36175	0.13856
V350	0.03063	0.80475	0.16462	0
V351	0.0133	0.00774	0.33434	0.64462
V352	0.04831	0.00454	0.84021	0.10693
V353	0.89983	0.00564	0.0236	0.07093
V354	0.04954	0.68061	0.21504	0.05482
V355	0.29695	0.03768	0.42324	0.24213
V356	0.02358	0.00272	0.07403	0.89967
V357	0.11585	0.26243	0.25619	0.36552
V358	0.54401	0.05633	0.0356	0.36406
V359	0.55873	0.02517	0.02239	0.3937
V360	0.60295	0.36671	0.01457	0.01577
V361	0.00053	0.43674	0.55488	0.00785
V362	0.0024	0.97738	0.0116	0.00863
V363	0.17948	0.06837	0.43443	0.31772
V364	0.1732	0.02979	0.66538	0.13163
V365	0.23865	0.0068	0.00785	0.7467
V366	0.0819	0.63777	0.07016	0.21017
V367	0.56999	0.08566	0.00211	0.34224
V368	0.09597	0.70285	0.07108	0.1301
V369	0.01674	0.3817	0.59389	0.00767
V370	0.34291	0.22409	0.3923	0.0407
V371	0.2106	0.67988	0.02156	0.08796
V372	0.14426	0.0213	0.09177	0.74267
V373	0.07746	0.08435	0.43645	0.40174
V374	0.81871	0.0013	0.17999	0
V375	0.03062	0.01296	0.11059	0.84582
V376	0.02316	0.00947	0.07349	0.89388
V377	0.76534	0	0.00727	0.22739
V378	0.00537	0.0079	0.3436	0.64313
V379	0.32537	0.13005	0.00603	0.53854
V380	0.13539	0.0345	0.16034	0.66977
V381	0.73948	0.00147	0.07158	0.18748
V382	0.09267	0.01293	0.8855	0.0089
V383	0.83327	0	0.03595	0.13077
V384	0.56756	0.0387	0.10768	0.28606
V385	0.87783	0.00234	0.05824	0.06159
V386	0.2786	0.00034	0.1119	0.60916
V387	0.63796	0.094	0.16456	0.10349
V388	0.40985	0.26062	0.12907	0.20045
V389	0.45592	0.45352	0.00785	0.08271
V390	0.34439	0.20993	0.43928	0.00639
V391	0.39986	0.05678	0.01109	0.53227
V392	0.45426	0.15487	0.14308	0.24779
V393	0.30955	0.16782	0.3268	0.19583
V394	0.08234	0.1535	0.08946	0.67471
V395	0.23863	0.32763	0.18228	0.25146
V396	0.00989	0.95486	0.00472	0.03054
V397	0.82432	0.04827	0.08368	0.04373
V398	0.4515	0.07931	0.0769	0.39228
V399	0.21577	0.50451	0.13731	0.14242
V400	0	0.50356	0.05006	0.44638
V401	0.03552	0.11103	0.74293	0.11053
V402	0.83871	0.13302	0.02827	0
V403	0.01607	0.00446	0.05322	0.92624
V404	0.09791	0.14587	0.61865	0.13758
V405	0.2017	0.00958	0.13087	0.65785
V406	0.67904	0.18605	0.01267	0.12224
V407	0.00236	0.98355	0.00525	0.00884
V408	0.09206	0.18159	0.3727	0.35365
V409	0.00454	0.00332	0.01593	0.97621
V410	0.09902	0.84865	0.02297	0.02936
V411	0.40362	0	0	0.59638
V412	0.163	0.03784	0.4593	0.33987
V413	0.0552	0.41821	0.16153	0.36506
V414	0.03387	0.46589	0.32248	0.17776
V415	0.44643	0.0092	0.19316	0.35121
V416	0.0101	0.05251	0.93672	0.00067
V417	0.42724	0.5625	0.00397	0.00629
V418	0.06024	0.0548	0.1103	0.77467
V419	0.01178	0	0.0212	0.96703
V420	0.00109	0.86452	0.0089	0.12549
V421	0.17013	0.01606	0.65727	0.15654
V422	0.03628	0.02969	0.00614	0.92789
V423	0.08971	0.00515	0.87316	0.03197
V424	0	0.02242	0.56734	0.41024
V425	0.05872	0.188	0.60055	0.15272
V426	0.09726	0.01951	0.78953	0.0937
V427	0.0663	0.32189	0.16799	0.44382
V428	0.09663	0.74259	0.04471	0.11607
V429	0.01102	0	0.02821	0.96077
V430	0.7876	0.1144	0.01267	0.08533
V431	0.18019	0.00647	0.39823	0.41511
V432	0.09175	0.04897	0.03394	0.82534
V433	0.0573	0.66828	0	0.27443
V434	0.31576	0.03834	0.03745	0.60845
V435	0.49193	0.00063	0.09542	0.41201
V436	0.35719	0.00041	0.08873	0.55368
V437	0.2167	0.15869	0.0014	0.62321
V438	0.62502	0.10312	0.02381	0.24805
V439	0.0246	0.0556	0.00514	0.91466
V440	0.45781	0.014	0.0228	0.50539
V441	0.06778	0.08296	0.57595	0.27331
V442	0.33847	0.27197	0.12102	0.26855
V443	0.74387	0	0.07072	0.18541
V444	0.01133	0.01385	0.97375	0.00106
V445	0.66153	0.00328	0.29906	0.03613
V446	0.03631	0.81366	0.04582	0.1042
V447	0.67027	0.05393	0.15198	0.12382
V448	0.01356	0.03099	0.15264	0.80281
V449	0.59974	0.01671	0.25851	0.12504
V450	0.16819	0.82019	0.01162	0
V451	0.94839	0.02722	2e-04	0.02419
V452	0.02555	0	0.05279	0.92166
V453	0.84441	0.04023	0.05179	0.06357
V454	0.00167	0.93666	0.04236	0.01931
V455	0.64352	0.01188	0.26643	0.07817
V456	0.35436	0.07373	0.35598	0.21594
V457	0.00455	0.00964	0.01003	0.97578
V458	0.25295	0.15737	0.00139	0.58829
V459	0.01598	0.77098	0.08266	0.13038
V460	0.96434	2e-05	0.02031	0.01533
V461	0.04623	0.01076	0.00663	0.93638
V462	0.3375	0.17604	0	0.48646
V463	0.28185	0.41866	0.14454	0.15494
V464	0.488	0.05668	0.00191	0.45342
V465	0.43287	0.35529	0.01927	0.19257
V466	0.59187	0.12775	0.002	0.27838
V467	0.35854	0.52175	0.06905	0.05066
V468	0.54879	0.34031	0.03989	0.07102
V469	0.01326	0.11494	0.24515	0.62664
V470	0.5829	0.07494	0.15517	0.18698
V471	0.24688	0.05846	0.02419	0.67047
V472	0.32144	0.25395	0	0.42461
V473	0.11262	0.52545	0.33188	0.03006
V474	0.10029	0	0.07767	0.82204
V475	0.18654	0.32003	0.06498	0.42844
V476	0.14419	0.00141	0.04119	0.81321
V477	0.61964	0.01521	0.17414	0.19101
V478	0.13577	0.51142	0.00174	0.35106
V479	0.01536	0.05265	0.80912	0.12287
V480	0.07245	0.22923	0.03178	0.66655
V481	0.16967	0.00506	0.80562	0.01964
V482	0.74764	0.11171	0.09542	0.04522
V483	0.1118	0.06092	0.05491	0.77237
V484	0.01633	0.03485	0.0181	0.93072
V485	0.12937	0.6862	0.00786	0.17658
V486	0.27529	0.19405	0.10843	0.42223
V487	0.06011	0.01862	0.06436	0.85691
V488	0.00019	0.00134	0.85272	0.14575
V489	0.24837	0.06591	0.66718	0.01854
V490	0.3533	0.24189	0.05492	0.34989
V491	0.48655	0.40391	0.02661	0.08293
V492	0.02827	0.83993	0.12455	0.00725
V493	0.01403	0	0.0055	0.98047
V494	0.21747	0.10786	0.50219	0.17249
V495	0.25898	0.58461	0.12787	0.02854
V496	0.30837	0.6301	0	0.06152
V497	0.00967	0.00524	0.97451	0.01059
V498	0.29551	0.05808	0.03667	0.60974
V499	0.67408	0.21272	0.1076	0.0056
V500	0.11264	0.08405	0.74697	0.05634
V501	0.00453	0	0.02958	0.96589
V502	0.60897	0.22022	0.13344	0.03737
V503	0.1881	0.05299	0.16199	0.59691
V504	0.26041	0.64474	0.0082	0.08665
V505	0.20247	0.15046	0.22552	0.42156
V506	0.09424	0.1976	0.43356	0.27461
V507	0.63669	0.05872	0.10048	0.2041
V508	0.79735	0.11653	0.03124	0.05488
V509	0.24361	0.03171	0.46698	0.2577
V510	0.26172	0.48492	0.24697	0.0064
V511	0.04116	0.33429	0.03247	0.59208
V512	0.22222	0.02049	0.05987	0.69742
V513	0.08491	0.61924	0.20216	0.09368
V514	0.01088	0.03272	0.00275	0.95365
V515	0.7839	0.0325	0.03607	0.14753
V516	0.93519	0.05798	3e-04	0.00653
V517	0.02977	0.00655	0.20282	0.76085
V518	0.9747	0.0178	0.00037	0.00713
V519	0.02582	0.83288	0.00282	0.13848
V520	0.02226	0	0.55235	0.42539
V521	0.61685	0.0197	0.32656	0.03688
V522	0.00477	0.08152	0.53915	0.37456
V523	0.36858	0.07738	0.22854	0.3255
V524	0.00765	0.76697	0.18257	0.04281
V525	0.2432	0.13886	0.01706	0.60088
V526	0.65324	0.04429	0.05823	0.24424
V527	0.20297	0.00584	0.34388	0.44732
V528	0.10862	0.82732	0	0.06406
V529	0.04949	0.03004	0.17813	0.74234
V530	0.00575	0.16148	0.68153	0.15123
V531	0.02032	0.87155	0.10813	0
V532	0.16505	0.24775	0.0176	0.56959
V533	0.29835	0.28305	0.12135	0.29725
V534	0.00572	0.00213	0.66108	0.33107
V535	0.51139	0	0.00684	0.48177
V536	0.18414	0	0.31299	0.50288
V537	0.64996	0.20173	0.13287	0.01544
V538	0.43942	0.02529	0.0662	0.4691
V539	0.29347	0.37059	0.14278	0.19315
V540	0.22803	0.65802	0.06191	0.05205
V541	0.01419	0.42493	0.04942	0.51146
V542	0.19387	0.07646	0.21653	0.51314
V543	0.87389	0	0.00777	0.11834
V544	0.09172	0.04717	0.13475	0.72635
V545	0.35464	0.08781	0.05316	0.5044
V546	0.05264	0.8804	0.05962	0.00734
V547	0.03802	0.63048	0.31301	0.0185
V548	0.17964	0.73884	0.07496	0.00656
V549	0.37172	0.01269	0.59786	0.01772
V550	0.55481	0.00987	0	0.43531
V551	0.20027	0.69485	0.02832	0.07655
V552	1e-04	0.44097	0.00171	0.55721
V553	0.26418	0.10723	0.5988	0.02979
V554	0.0431	0.04612	0.01608	0.8947
V555	0.0895	0.16601	0.3007	0.44379
V556	0.00075	0.01509	0.93763	0.04653
V557	0.81099	0.00982	0.00709	0.1721
V558	0.07035	0.74097	0.02138	0.1673
V559	0.01013	0.80421	0.18566	0
V560	0.72637	0.26722	0	0.0064
V561	0.00104	0.01201	0.97599	0.01096
V562	0.79255	0	0.09472	0.11274
V563	0.28058	0.00034	0.71141	0.00767
V564	0.06446	0.05031	0.86484	0.0204
V565	0.12927	0.20326	0.35451	0.31295
V566	0.69613	0.05733	0.00238	0.24417
V567	0.22274	0.36759	0.01857	0.3911
V568	0.21562	0	0.03906	0.74532
V569	0.65323	0.00953	0	0.33724
V570	0.02504	0.25459	0.62348	0.09689
V571	0.84367	0.08356	0	0.07278
V572	0.47508	0	0.39664	0.12828
V573	0.05186	0.11395	0.00341	0.83078
V574	0.03932	0.77844	0.16375	0.0185
V575	0.01383	0.0441	0.09587	0.8462
V576	0.17763	0.77484	0.02983	0.0177
V577	0.02972	0.01759	0.16849	0.7842
V578	0.05632	0.03673	0.6518	0.25515
V579	0.00848	0.87641	0.08507	0.03004
V580	0.1317	0	0.08394	0.78436
V581	0.05414	0.04106	0.00112	0.90368
V582	0.58816	0.09432	0.02348	0.29405
V583	0.00551	0.02175	0.53603	0.43672
V584	0.57736	0.10912	0.26514	0.04837
V585	0.00557	0	0.38003	0.6144
V586	0.25982	0.00122	0.61362	0.12534
V587	0.30172	0.00287	0.65456	0.04085
V588	0.61029	0.01935	0.01705	0.3533
V589	0.06042	0.79378	0.05453	0.09127
V590	0.05224	0.75583	0.18488	0.00705
V591	6e-05	0.01461	0.16123	0.8241
V592	0.18769	0.02145	0.79045	0.00041
V593	0.57845	0	0.1497	0.27185
V594	0.38341	0.23787	0.31506	0.06366
V595	0.01924	0.00646	0.01439	0.95991
V596	0.02961	0.21272	0.19206	0.56561
V597	0.00025	0.55017	0.32915	0.12043
V598	0.01735	0.08744	0.87442	0.02079
V599	0.67616	0.26196	0.02598	0.03591
V600	0.39167	0.40818	0.03989	0.16026
V601	0.1538	0.20231	0.06327	0.58062
V602	0.01945	0.00856	0.00826	0.96374
V603	0.0063	0.2867	0.00773	0.69927
V604	0.5732	0.07697	0.31226	0.03757
V605	0.06836	0.27443	0.38208	0.27514
V606	0.74826	0.10462	0.00739	0.13972
V607	0.64283	0.00116	0.0872	0.26882
V608	0.23317	0.10911	0.35456	0.30316
V609	0.02093	0.17038	0.19972	0.60897
V610	0.77711	0.00474	0.07213	0.14602
V611	0.2582	0	0.03813	0.70367
V612	0.02537	0.06042	0.81785	0.09637
V613	0.0354	0.30448	0.60319	0.05693
V614	0.77365	0.03247	0.03583	0.15805
V615	0.11426	0.02566	0.00386	0.85621
V616	0.08168	0.64984	0.03428	0.23421
V617	0.53438	0.12178	0.34383	0
V618	0.6917	0	0	0.3083
V619	0.39363	0.00991	0.27277	0.32369
V620	0.00784	0.65532	0.32956	0.00729
V621	0.44424	0.10057	0.14747	0.30772
V622	0.40918	0.17768	0.37327	0.03987
V623	0.01374	0.03797	0.11068	0.83761
V624	0.8254	0.15006	0	0.02454
V625	0.29205	0.43054	0.08582	0.19159
V626	0.97349	0.01032	0.00029	0.0159
V627	0.0026	0.00621	0.05544	0.93574
V628	6e-04	0.16322	0.00853	0.82765
V629	0.127	0.22886	0.25365	0.39049
V630	0.0352	0.30252	0.59249	0.06979
V631	0.01372	0.12898	0.0811	0.77619
V632	0.56767	0	0.10889	0.32345
V633	5e-05	0.01535	0.81187	0.17273
V634	0.45655	0.22069	0.31662	0.00614
V635	0.02486	0.69632	0.00247	0.27634
V636	0.13213	0.06849	0.6247	0.17469
V637	0.30231	0.13287	0.07042	0.4944
V638	0.38553	0.19107	0.05389	0.36952
V639	0.31174	0.39255	0.29571	0
V640	0.03669	0.11573	0.77681	0.07078
V641	0.90334	0.01664	0.01866	0.06136
V642	0.79098	0.12488	0	0.08414
V643	0.00485	0.1307	0.41232	0.45213
V644	0.93337	0.04713	0.00412	0.01538
V645	0.30264	0.36792	0.30072	0.02872
V646	0.01076	0.97551	0.00509	0.00863
V647	0.1632	0.05697	0.69901	0.08082
V648	0.46301	0.37597	0.12224	0.03878
V649	0.02579	0.03906	0.85188	0.08327
V650	0.05956	0.05931	0.78561	0.09552
V651	0.35476	0	0.63783	0.0074
V652	0.08613	0.05166	0.3909	0.47131
V653	0.13312	0.61983	0.09002	0.15703
V654	0.7423	0.14473	0.04596	0.06702
V655	0.03164	0.48823	0.01233	0.4678
V656	0.19574	0.19725	0.00603	0.60097
V657	0.01728	0.03587	0.00633	0.94052
V658	0.6335	0.14993	0.04501	0.17155
V659	0.34408	0.05012	0.32958	0.27622
V660	0.02986	0.93974	0	0.0304
V661	0.05265	0.33575	0.03949	0.57211
V662	0.44475	0.00294	0.42202	0.13029
V663	0.26621	0.04087	0.53836	0.15456
V664	0.23023	0.03869	0.66467	0.06642
V665	0.72757	0.13136	0.03069	0.11038
V666	0.55781	0	0.07881	0.36338
V667	0.81291	0.04337	0.14372	0
V668	0.14083	0.78006	0.07911	0
V669	0.2582	0.35991	0.23837	0.14352
V670	0.08917	0.88083	0	0.03
V671	0.40511	0.22972	0.23941	0.12576
V672	0.01736	0.01264	0.92401	0.04598
V673	0.25304	0.30902	0.21344	0.2245
V674	0.74077	0.09567	0.01232	0.15123
V675	0.1435	0.26826	0.30297	0.28528
V676	0.02167	0.06422	0.08059	0.83351
V677	0.42036	0.3353	0.08401	0.16033
V678	0.56292	0.4219	0.0092	0.00598
V679	0.05108	0.28721	0.64224	0.01947
V680	0.35009	0.49718	0.12492	0.02781
V681	0.92202	0.03591	0.0086	0.03348
V682	0.12548	0.26326	0.55534	0.05592
V683	0.01297	0.97417	0.01286	0
V684	0.74522	0.10972	0.0784	0.06665
V685	0.5461	0.28397	0.11023	0.05969
V686	0.08239	0.11934	0.1207	0.67757
V687	0.01937	0.00085	0.01515	0.96463
V688	0.40032	0.43591	0	0.16377
V689	0.22524	0	0.03183	0.74293
V690	0.51268	0.01969	0.38489	0.08273
V691	0.18354	0.00143	0.80655	0.00849
V692	0.08542	0.10014	0.71864	0.0958
V693	0.23957	0.0644	0.33424	0.36179
V694	0.00537	0.00742	0.23824	0.74897
V695	0.21876	0	0.12073	0.66051
V696	0.06284	0.04561	0.00932	0.88223
V697	0.01053	0.02597	0.00803	0.95547
V698	0.80484	0	0.00751	0.18764
V699	0.61007	0.21982	0.05485	0.11525
V700	0.20673	0.00717	0.0034	0.78271
V701	0.11609	0.45511	0.09672	0.33209
V702	0.52304	0.0434	0.0063	0.42726
V703	0.13384	0.02504	0.44029	0.40084
V704	0.82812	0.02058	0.01795	0.13335
V705	0.95864	0	0.00877	0.03259
V706	0.08345	0.02539	0.77064	0.12052
V707	0.03534	0.40454	0.5037	0.05642
V708	0.03728	0.84477	0.01571	0.10224
V709	0.15167	0.2199	0.51958	0.10885
V710	0.63146	0.14908	0.03711	0.18235
V711	0.10015	0.77442	0.0835	0.04193
V712	0.81731	0.02712	0.00278	0.15279
V713	0.44974	0.22632	0.02454	0.2994
V714	0.0065	0.58793	0.0135	0.39207
V715	0.34111	0.28164	0.28727	0.08998
V716	0.02493	0.01618	0.03135	0.92755
V717	0.09016	0.89065	0	0.01919
V718	0.1619	0.51199	0.16665	0.15946
V719	0.05725	0.64318	0.02717	0.27241
V720	0.72173	0	0.19381	0.08446
V721	0.1286	0.1129	0.44613	0.31238
V722	0.08337	0.25649	0.00621	0.65392
V723	0.09271	0.04476	0.0035	0.85903
V724	0.56436	0.00828	0.0646	0.36276
V725	5e-04	0.06653	0.88681	0.04616
V726	0.03009	0.29692	0.10134	0.57165
V727	0.30751	0.60427	0.08204	0.00618
V728	0.0288	0.87585	0.08791	0.00744
V729	0.39013	0.00041	0.12783	0.48163
V730	0.92367	0.01175	0.03137	0.03321
V731	0.02172	0.13743	0.35997	0.48089
V732	0.3691	0.04236	0.3154	0.27314
V733	0.6679	0.12894	0.02415	0.179
V734	0.27871	0.26707	0.44772	0.0065
V735	0.01341	0.00831	0.41822	0.56007
V736	0.12585	0	0.00517	0.86898
V737	0.36011	0.22824	0.21924	0.19241
V738	0.08377	0.28153	0.44219	0.1925
V739	0	0.0013	0.54008	0.45862
V740	0.87963	0.05149	0.05413	0.01475
V741	0.48728	0.05751	0.10142	0.35379
V742	0.44842	0.54096	0.01062	0
V743	0.15496	0.10331	0.71084	0.03089
V744	0.55227	0.01726	0.29172	0.13875
V745	0.01534	0.65383	0.17078	0.16005
V746	0.992	0	0.00058	0.00742
V747	0.05468	0	0.66378	0.28154
V748	0.1301	0.06576	0.56254	0.2416
V749	0.26832	0.11524	0.03747	0.57897
V750	0.44618	0.38582	0.01261	0.1554
V751	0.04967	0.8431	0.02925	0.07798
V752	0.49011	0.16354	0.1152	0.23115
V753	0.01326	0.00455	0.00491	0.97728
V754	0.00877	0.90251	0	0.08872
V755	0.15093	0.13651	0.31088	0.40168
V756	0.01782	0.00055	0.03254	0.94909
V757	0.38131	0.52726	0.05217	0.03926
V758	0.04843	0.73459	0.11159	0.10539
V759	0.11845	0.02968	0.3522	0.49967
V760	0.2894	0.02763	0.23723	0.44573
V761	0.07127	0.54074	0.26666	0.12133
V762	5e-04	0.29781	0.00771	0.69398
V763	0.39957	0.27962	0.01807	0.30273
V764	0.00832	0.89932	0.00321	0.08915
V765	0.65288	0.05053	0	0.29659
V766	0.014	0.26381	0.42078	0.30141
V767	0.51527	0.07676	0.21616	0.19181
V768	0.06293	0.89039	0.01701	0.02966
V769	0.1636	0.796	0.02264	0.01776
V770	0.01076	0.97551	0.00509	0.00863
V771	0.19407	0.00499	0.78152	0.01942
V772	0.1581	0.02551	0.80828	0.00811
V773	0.18744	0.79068	0.00379	0.01809
V774	0.0174	0.00306	0.93365	0.04589
V775	0.10229	0.01682	0.2323	0.64859
V776	0.46571	0.35081	0.03914	0.14434
V777	0.16022	0.06691	0.11003	0.66284
V778	0.57166	0.21021	0.05421	0.16392
V779	0.17289	0.01882	0.44883	0.35945
V780	0.12862	0.74718	0.12419	0
V781	0.03601	0.00995	0.01889	0.93516
V782	0.00659	0.086	0.81045	0.09696
V783	0.78519	0.0044	0.03522	0.17518
V784	0.12663	0.85569	0.01022	0.00746
V785	0.04065	0.91942	0.00997	0.02996
V786	0.76437	0.11043	0.06981	0.05539
V787	0.00125	0.83689	0.15422	0.00764
V788	0.56304	0.24273	0.13431	0.05992
V789	0.06178	0.27835	0.01868	0.64119
V790	0.4283	0.0089	0.0577	0.50511
V791	0.14606	0.32081	0.31594	0.21719
V792	0.13403	0.45123	0.00181	0.41294
V793	0.12852	0.58648	0.02667	0.25833
V794	0.04808	0.0521	0.79099	0.10883
V795	0.09148	0.01897	0.04209	0.84745
V796	0.02721	0.05738	0.88284	0.03257
V797	0.79092	0	0.19411	0.01498
V798	0.67203	0.2382	0.06426	0.02551
V799	0.14683	0.72999	0.02169	0.10149
V800	0.06228	0.00817	0.45804	0.47151
V801	0.13177	0.07163	0.28683	0.50977
V802	0.02918	0.04281	0.22657	0.70144
V803	0.26197	0.48207	0.25595	0
V804	0.56337	0.00264	0.34254	0.09144
V805	0.01237	0.00751	0.97892	0.0012
V806	0.05049	0.88721	0.00905	0.05325
V807	0.23975	0.0968	0.02422	0.63924
V808	0.71035	0.21199	0.03205	0.04561
V809	0.04601	0.02572	0.9276	0.00066
V810	0.0115	0.97946	0	0.00905
V811	0.43031	0.039	0.16972	0.36098
V812	0.5787	0.1976	0.03773	0.18597
V813	0.65268	0.1426	0.16779	0.03693
V814	0.48405	0.47404	0.03598	0.00593
V815	0.00168	0.91984	0.0704	0.00808
V816	0.9484	0	0.0516	0
V817	0.02781	0.05164	0.89983	0.02071
V818	0.00256	0.02535	0.02605	0.94605
V819	0.86164	0.04759	0.03757	0.0532
V820	0.11298	0.05616	0.01328	0.81758
V821	0.24644	0.26757	0.38027	0.10572
V822	0.07615	0.01142	0.88023	0.0322
V823	0.02467	0.14981	0.68708	0.13845
V824	0.10416	0.35532	0.54052	0
V825	0.23537	0.22851	0.23116	0.30495
V826	0.48618	0.35847	0.13931	0.01604
V827	0.42166	0.53148	0.00847	0.0384
V828	0.21087	0.10634	0.088	0.5948
V829	0.03041	0.1767	0.02576	0.76713
V830	0.20829	0.15854	0.01707	0.61609
V831	0.788	0.05124	0.02337	0.13738
V832	0.29378	0.33423	0.15096	0.22102
V833	0.15927	0.44754	0.16553	0.22766
V834	0.27081	0.03845	0.05991	0.63083
V835	0.39881	0.38594	0.10381	0.11144
V836	0.00682	0.59171	0.0023	0.39917
V837	0.23695	0.31525	0.16991	0.27789
V838	0.95188	0.02125	0.02057	0.0063
V839	0.34636	0.55774	0.08976	0.00614
V840	0.33204	0.66264	0.00532	0
V841	0.00035	0.02565	0.89064	0.08337
V842	0.37525	0.1136	0.23294	0.27821
V843	0.01602	0.00919	0.86622	0.10857
V844	0.10828	0.05002	0.33607	0.50563
V845	0.07351	0.07457	0.75633	0.09558
V846	0	0.00339	0.71525	0.28135
V847	0.00574	0	0.01143	0.98284
V848	0.09282	0.44143	0.15472	0.31104
V849	0.00162	0.94037	0.00442	0.05359
V850	0.97505	0	0.00952	0.01543
V851	0.38376	0.48083	0.1354	0
V852	0.09055	0.0236	0.10006	0.78579
V853	0.27117	0.17194	0.38592	0.17097
V854	0.62565	0.11538	0.08618	0.1728
V855	0.00574	0	0.01143	0.98284
V856	0.04262	0.29368	0.33522	0.32848
V857	0.69952	0.12141	0.0242	0.15488
V858	0.60602	0.00149	0.38621	0.00628
V859	0.68923	0.17615	0.01271	0.12191
V860	0.17032	0.06666	0.03904	0.72399
V861	0.103	0.32724	0.55103	0.01873
V862	0.15023	0.05793	0.7238	0.06805
V863	0.17742	0.03074	0	0.79184
V864	0.05236	0.01409	0.03649	0.89706
V865	0.09998	0	0.21721	0.68281
V866	0.76679	0.00346	0.21477	0.01498
V867	0.76836	0.00896	0.21681	0.00587
V868	0.55936	0.21677	0.11704	0.10683
V869	0.02046	0.96614	0.0051	0.0083
V870	0.09436	0.25708	0.01173	0.63682
V871	0.00162	0.94037	0.00442	0.05359
V872	0.00589	0.00287	0.20191	0.78933
V873	0.90903	0.01145	0.03749	0.04204
V874	0.22722	0.74817	0.0246	0
V875	0.01288	0.12974	0.16733	0.69005
V876	0.17754	0.28102	0.40704	0.1344
V877	0.04273	0.33452	0.28088	0.34187
V878	0.15373	0.7864	0.05987	0
V879	0.21188	0.63908	0.03487	0.11417
V880	0.32961	0.47549	0.00214	0.19275
V881	0.15234	0.0213	0.5649	0.26146
V882	0.80667	0	0.10187	0.09146
V883	0.32871	0.16468	0.50661	0
V884	0.01473	0.20371	0	0.78156
V885	0.75653	0.16869	0.07478	0
V886	0.01457	0.31841	0.46136	0.20566
V887	0.65729	0.03231	0.13125	0.17915
V888	0.10838	0.02515	0.73373	0.13274
V889	0.93704	0.0253	0.01401	0.02365
V890	0.03276	0.10248	0.6036	0.26116
V891	0.67119	0.02386	0.24832	0.05664
V892	0.26358	0.12131	0.00585	0.60925
V893	0.62948	0.15931	0.13061	0.0806
V894	0.07457	0.27706	0.59174	0.05663
V895	0.61797	0.03312	0.16746	0.18145
V896	0.04107	0.92455	0.00415	0.03023
V897	0.72348	0.19708	0.00288	0.07656
V898	0.4236	0	0.00257	0.57382
V899	0.02111	0.12851	0.11263	0.73776
V900	0.07915	0.23682	0.34327	0.34076
V901	0.0362	0.78492	0.00261	0.17626
V902	0.0527	0.89828	0.04158	0.00744
V903	0.00655	0.3917	0.53229	0.06946
V904	0.02106	0.97012	0	0.00882
V905	0.13078	0	0.13713	0.7321
V906	0.39007	0.05091	0.08472	0.4743
V907	0.46955	0.4449	0.0139	0.07165
V908	0.00799	0.02182	0.05233	0.91786
V909	0.14564	0.75497	0	0.09939
V910	0.14234	0	0.09038	0.76728
V911	0.55668	0.32473	0.02576	0.09283
V912	0.41897	0.2583	0.11046	0.21228
V913	0.09597	0	0.00638	0.89764
V914	0.20898	0.45344	0.28354	0.05404
V915	0.19499	0	0.00389	0.80113
V916	0.28393	0.03022	0.62084	0.06501
V917	0.73499	0.00996	0.13717	0.11789
V918	0.04698	0.59481	0.2242	0.13401
V919	0.20753	0.17518	0.2716	0.3457
V920	0.65261	0.14296	0.07887	0.12556
V921	0.02246	0.10702	0.0211	0.84942
V922	0.11368	0.43023	0.38797	0.06812
V923	0.06363	0.00296	0.03033	0.90308
V924	0.03679	0.65268	0.26709	0.04343
V925	0.15637	0.01237	0.00841	0.82284
V926	0.17642	0.00685	0.02022	0.79651
V927	0.01608	0.01621	0.03894	0.92877
V928	0.04955	0.85814	0.00321	0.0891
V929	0.05753	0.58475	0.11898	0.23873
V930	0.54344	0.30237	0.02548	0.12871
V931	0.15188	0.23063	0.5086	0.10889
V932	0.0326	0.07487	0.58058	0.31195
V933	0.64283	0.33296	0.00847	0.01574
V934	0.00547	0.09684	0.23159	0.66609
V935	0.60927	0.112	0.1854	0.09333
V936	0.54045	0.2048	0.01194	0.24282
V937	0.55004	0.07923	0.06815	0.30257
V938	0.38405	0.02174	0.26727	0.32693
V939	0.75088	0.00439	0.05707	0.18765
V940	0.0268	0.77603	0.14255	0.05462
V941	0.00187	0.00693	0.97978	0.01142
V942	0.78204	0.13878	0.05449	0.02469
V943	0.44184	0.08705	0.39605	0.07506
V944	0.0138	0.19289	0.04816	0.74514
V945	0.59285	0.28626	0.00737	0.11352
V946	0.50573	0.21044	0.23403	0.0498
V947	0.06953	0.02247	0.18781	0.72018
V948	0.38346	0.01195	0.57625	0.02834
V949	0	0.06502	0.16427	0.77071
V950	0.05679	0.47483	0.19699	0.27139
V951	0.86001	0.00347	0.1307	0.00582
V952	0.06084	0.07851	0.22319	0.63746
V953	0.01691	0.03407	0.90321	0.0458
V954	0.0299	0.12019	0.11188	0.73803
V955	0.12536	0.52115	0.01976	0.33374
V956	0.02981	0.00806	0.45497	0.50716
V957	0.30028	0.00195	0	0.69778
V958	0.01403	0	0.0055	0.98047
V959	0.2613	0.21094	0.4222	0.10557
V960	0.23003	0.20236	0.06326	0.50435
V961	0.14803	0.33443	0.34186	0.17568
V962	0.40657	0.12099	0.37161	0.10082
V963	0.6395	0.11858	0.13801	0.1039
V964	0.86491	0.01106	0.08147	0.04256
V965	0.0555	0.43236	0.17281	0.33934
V966	0.97586	0.00394	0.00464	0.01556
V967	0.05238	0.01971	0.47585	0.45205
V968	0.00036	0.1163	0.78668	0.09666
V969	0.00581	0.21291	0.02617	0.75511
V970	0.0304	0.07479	0.38201	0.5128
V971	0.54207	0.05092	0.30063	0.10638
V972	0.51919	0.13825	0.03677	0.30579
V973	0.28314	0.34418	0.06562	0.30705
V974	0.00694	0.75389	0.12156	0.11762
V975	0.1148	0.26289	0.61505	0.00726
V976	0.4621	0.18326	0.09845	0.25619
V977	0.36814	0.31148	0.31413	0.00625
V978	0.05088	0.05013	0.04958	0.84942
V979	0.83568	0.00378	0.1548	0.00574
V980	0.992	0	0.00058	0.00742
V981	0.35373	0.01195	0.38905	0.24527
V982	0.48052	0.33399	0.06526	0.12024
V983	0.68335	0.03148	0.00229	0.28288
V984	0.01687	0.82506	0.10387	0.05419
V985	0.06112	0.13051	0.00309	0.80527
V986	0.35502	0.45559	0.04038	0.14901
V987	0.27148	0.70038	0	0.02814
V988	0.18581	0.00212	0.00826	0.80381
V989	0.49171	0.41404	0.06745	0.0268
V990	1e-05	0.02831	0.77343	0.19825
V991	0.68371	0.30024	0	0.01605
V992	0.20953	0	0.4662	0.32427
V993	0.07337	0.69736	0.16204	0.06722
V994	0.21488	0.74499	0.02257	0.01756
V995	0.75036	0.06449	0.02368	0.16147
V996	0.24755	0.07395	0.0069	0.67161
V997	0.01507	0.0043	0.80892	0.17171
V998	0.88552	0.00239	0.05081	0.06127
V999	0.14069	0.85139	0	0.00792
V1000	0.2812	0.00686	0	0.71194
