CD56NK	CD4MemoryT	CD19B	CD14
V1	0.54124	0	0.15207	0.30669
V2	0.13119	0.04511	0.03691	0.78678
V3	0.05276	0.56103	0.00813	0.37807
V4	0.89272	0.08222	0	0.02506
V5	0.11094	0.42529	0.26018	0.20359
V6	0.08046	0.87271	0.0185	0.02833
V7	0.13868	0.28946	0.07238	0.49947
V8	0.1355	0.00056	0.82416	0.03978
V9	0.22604	0.17102	0.02777	0.57517
V10	0.01515	0.0014	0.91948	0.06397
V11	0.22822	0.31494	0.45053	0.00631
V12	0.02455	0.56621	0.39178	0.01746
V13	0.29283	0.67586	0.00413	0.02717
V14	0.072	0.9146	0.00534	0.00806
V15	0.12192	0.55827	0.11884	0.20098
V16	0.92862	0.02043	0.01672	0.03423
V17	0.09198	0.86882	0.01084	0.02836
V18	0.6144	0.30135	0.03778	0.04647
V19	0.17443	0.80347	0.00435	0.01775
V20	0.1633	0.3952	0.01407	0.42742
V21	0.1359	0.02068	0.80354	0.03989
V22	0.01347	0.04726	0.17898	0.76028
V23	0.40749	0.01364	0.57236	0.00652
V24	0.95963	0.01306	0.02731	0
V25	0.35026	0.17463	0.12011	0.355
V26	0.40942	0.32798	0.0145	0.2481
V27	0.08261	0.02329	0.01043	0.88367
V28	0.00191	0.01526	0.98175	0.00109
V29	0.46216	0.00554	0.49544	0.03685
V30	0.09377	0.14815	0.26437	0.49371
V31	0.20392	0.13024	0.2886	0.37725
V32	0.06345	0.00541	0.01972	0.91142
V33	0.04272	0.45543	0.37582	0.12604
V34	0.13497	0.00871	0.81649	0.03984
V35	0.17729	0.70451	0.07887	0.03933
V36	0.00547	0.00978	0.44559	0.53916
V37	0.54114	0.0352	0.08488	0.33877
V38	0.40665	0	0.15019	0.44316
V39	0.17359	0.52282	0.12852	0.17507
V40	0.10675	0.81901	0.07424	0
V41	0.00623	0.62475	0.03744	0.33158
V42	0.20624	0.00621	0.1838	0.60375
V43	0.13853	0.29318	0.52836	0.03993
V44	0.01329	0.03372	0.74685	0.20613
V45	0.10141	0.5603	0.22557	0.11272
V46	0.83671	0.04224	0.11532	0.00573
V47	0.48621	0.13586	0.31881	0.05912
V48	0.83711	0.13384	0.00438	0.02467
V49	0.7578	0.14573	0	0.09647
V50	0.07002	0.83965	0.08328	0.00706
V51	0.34285	0.35659	0.26218	0.03838
V52	0.02397	0.06268	0.87219	0.04116
V53	0.76698	0.08665	0.14637	0
V54	0.46089	0.14052	0.37201	0.02658
V55	0.20739	0.07338	0.22582	0.49341
V56	0.034	1e-04	0.06553	0.90036
V57	0.10459	0.85894	0.01868	0.01779
V58	0.61826	0	0.03329	0.34845
V59	0.47029	0.36547	0.10486	0.05939
V60	0.12575	0.09315	0.31655	0.46455
V61	0.82857	0.06689	0.00911	0.09543
V62	0.90767	0.01439	0.06267	0.01526
V63	0.01609	0.83504	0.12057	0.0283
V64	0.0072	0.82849	0	0.1643
V65	0.00907	0	0.07744	0.91349
V66	0.23278	0.66671	0.01648	0.08402
V67	0.16541	0.28329	0.53445	0.01684
V68	0.14193	0.09153	0.01433	0.75221
V69	0.02332	0.26251	0.6504	0.06377
V70	0.57466	0.10007	0.17578	0.1495
V71	0.15768	0.03185	0.35924	0.45123
V72	0.60035	0.10537	0.08822	0.20605
V73	0.16196	0.58615	0.14054	0.11135
V74	0.05869	0.18206	0.75892	0.00033
V75	0.71546	0	0.17999	0.10455
V76	0.00044	0.11252	0.16135	0.72569
V77	0.03107	0.22436	0.00236	0.74221
V78	0.30164	0.06486	0.17195	0.46155
V79	0.00555	0.05215	0.83147	0.11083
V80	0.36756	0.00013	0.52982	0.10248
V81	0.05755	0.11401	0.82102	0.00741
V82	0.00055	0.0324	0.95791	0.00914
V83	0.12127	0.11799	0.06108	0.69966
V84	0.38506	0.01702	0.14685	0.45107
V85	0.11014	0.25686	0.41664	0.21635
V86	0.04463	0.01697	0.88675	0.05165
V87	0.03388	0.82916	0.05063	0.08632
V88	0.15387	0.0247	0.24785	0.57358
V89	0.01424	0	0.1761	0.80967
V90	0.02626	0.9015	0.05403	0.01821
V91	0.03388	0.73211	0.19357	0.04045
V92	0.46894	0.00292	0.37029	0.15785
V93	0.88538	0.00334	0	0.11129
V94	0.01374	0.37488	0.01401	0.59738
V95	0.2753	0.38233	0.15684	0.18553
V96	0.06014	0.0565	0.01616	0.86721
V97	0.72601	0.06619	0.20192	0.00589
V98	0.72164	0.26219	0	0.01617
V99	0.83113	0.02184	0.14125	0.00579
V100	0.07932	0.00508	0.88659	0.02902
V101	0.01266	0.0113	0.00303	0.97302
V102	0.94856	0.03023	0.00512	0.01608
V103	0.00828	0.01763	0.07519	0.8989
V104	0.02877	0.95754	0.0054	0.00829
V105	0.06025	0.91981	0.01207	0.00787
V106	0.12591	0.48243	0.34036	0.0513
V107	0.20282	0.14548	0.58941	0.0623
V108	0.16662	0.74086	0.09252	0
V109	0.01266	0.10183	0.59729	0.28822
V110	0.05744	0.8804	0.03367	0.02848
V111	0.92934	0	0.06414	0.00652
V112	0.12233	0.0262	0.41283	0.43864
V113	0.17967	0.05744	0.15886	0.60403
V114	0.22622	0.01785	0.06772	0.6882
V115	0.00728	0.75084	0.2347	0.00718
V116	0.14666	0.25542	0.38221	0.21572
V117	0.71852	0.20604	0.02991	0.04553
V118	0.16884	0.5294	0.02989	0.27187
V119	0.10007	0.03994	0.0383	0.8217
V120	0.07928	0.03279	0.86954	0.01838
V121	0.61706	0.07938	0.0875	0.21606
V122	0.97258	0.00013	0.01119	0.01609
V123	0.00608	0.44579	0.03691	0.51121
V124	0.689	0.2447	0	0.0663
V125	0.4257	0.37229	0.1754	0.02661
V126	0.03067	0.09664	0.03858	0.83411
V127	0.15198	0.01859	0.23562	0.59381
V128	0.02385	9e-05	0.09133	0.88474
V129	0.62292	0.1819	0.15853	0.03665
V130	0.00661	0.64371	0.34265	0.00702
V131	0.02536	0.87872	0	0.09591
V132	0.95184	0	0.02365	0.02451
V133	0.9339	0.00367	0.04686	0.01557
V134	0.1064	0.32558	0.12383	0.44418
V135	0.06685	0.00295	0.15644	0.77377
V136	0.24541	0.3379	0.00778	0.40892
V137	0.67589	0.01295	0.23512	0.07603
V138	0.22305	0.34688	0.17667	0.2534
V139	0.36874	0.1474	0.18942	0.29444
V140	0.02309	0.05018	0.04053	0.88619
V141	0.06152	0.10054	0.54781	0.29013
V142	0.80671	0	0.19329	0
V143	0.44955	0.20243	0.06166	0.28636
V144	0.15749	0.09888	0.15314	0.5905
V145	0.00049	0.75828	0.23394	0.0073
V146	0.04525	0.00086	0.02067	0.93323
V147	0.93219	0.00792	0.01656	0.04333
V148	0.12827	0.03476	0.57889	0.25808
V149	0.28835	0.4833	0.22211	0.00623
V150	0.08894	0.18846	0.62117	0.10143
V151	0.22021	0.59092	0.03059	0.15829
V152	0.25414	0.39979	0.22258	0.12349
V153	0.11129	0.72691	0.01638	0.14541
V154	0.26692	0.41708	0.27701	0.03898
V155	0.50734	0.09346	0.28264	0.11657
V156	0.03095	0.08759	0.71984	0.16162
V157	0.31781	0.10204	0.3098	0.27035
V158	0.01242	0	0.0164	0.97118
V159	0.90619	0.04006	0	0.05375
V160	0.68009	0	0.05669	0.26321
V161	0.19164	0	0.02283	0.78553
V162	0.05957	0.23347	0.07127	0.63568
V163	0.0982	0.43972	0.16758	0.29449
V164	0.35585	0.24777	0.10208	0.2943
V165	0.00756	0.20821	0	0.78423
V166	0.00773	0.05739	0.05707	0.87781
V167	0.32249	0	0.0031	0.67442
V168	0.3113	0.53956	0.07617	0.07297
V169	0.17323	0.02593	0.02909	0.77175
V170	0.10049	0.00338	0.5014	0.39474
V171	0.13743	0.19251	0.61883	0.05122
V172	0.73716	0	0.2568	0.00604
V173	0.02278	0.09868	0.03084	0.8477
V174	0.01409	0.11311	0.06325	0.80955
V175	0.06171	0	0.78418	0.15411
V176	0.00728	0.81395	0.17151	0.00727
V177	0.00927	0.97148	0	0.01925
V178	0.00666	0.72791	0.00285	0.26258
V179	0.15233	0	0.35601	0.49166
V180	0.02912	0.89385	0.07698	5e-05
V181	0.1697	0.0825	0.54943	0.19837
V182	0.32583	0.12944	0.47138	0.07335
V183	0.19789	0.79006	0.00471	0.00734
V184	0.99216	0	0.00771	0.00013
V185	0.60375	0.37921	0.01092	0.00612
V186	0.12336	0.44089	0.27135	0.1644
V187	0.96804	0.00051	0.02467	0.00678
V188	0.05065	0.17872	0	0.77063
V189	0.81383	0.00613	0.0146	0.16544
V190	0.68564	0.00068	0.30761	0.00607
V191	0.20274	0.15729	0.58938	0.05059
V192	0.31872	0.41595	0.04552	0.21981
V193	0.61839	0.01141	0.22665	0.14354
V194	0.03771	0.92888	0.00434	0.02907
V195	0.00804	0.01038	0.97227	0.00932
V196	0.00999	0.04178	0.0066	0.94163
V197	0.39209	0.02309	0.02044	0.56437
V198	0.06532	0.47264	0.38596	0.07608
V199	0.15142	0.00643	0.15484	0.68731
V200	0.1295	0.51195	0.01443	0.34412
V201	0.09999	0.51747	0.19221	0.19033
V202	0.01311	0.00335	0.77028	0.21327
V203	0.17911	0.39074	0.40226	0.0279
V204	0.00641	0.47122	0.00189	0.52049
V205	0.01583	0.02829	0.93668	0.01919
V206	0.04722	0.0583	0.88655	0.00793
V207	0.12165	0.13476	0.04443	0.69916
V208	0.27045	0.03414	0.67832	0.01709
V209	0.32106	0.41946	0.06447	0.19501
V210	0.09082	0.75568	0.09048	0.06302
V211	0.39553	0.00172	0.02716	0.57559
V212	0.53776	0.01599	0.42061	0.02564
V213	0.63604	0.01049	0.10171	0.25177
V214	0.33284	0.10696	0.15627	0.40393
V215	0.27332	0.05725	0.01356	0.65587
V216	0.0291	0	0.01566	0.95523
V217	0.04161	0.44212	0.23366	0.28261
V218	0.09772	0.3912	0.16554	0.34554
V219	0.10827	0.59048	0.00847	0.29279
V220	0.00673	0.80013	0.00295	0.19019
V221	0.79466	0	0.00327	0.20206
V222	0.3301	0.08531	0.36578	0.21881
V223	0.00565	0.09243	0.80246	0.09946
V224	0.97933	0	0.0206	7e-05
V225	0.05941	0.87917	0.05413	0.00728
V226	0.33213	0.04935	0.60184	0.01667
V227	0.80345	0	0.18162	0.01493
V228	0.79716	0.03718	0.05955	0.10611
V229	0.01562	0.00723	0.94686	0.0303
V230	0.01116	0.0103	0.01568	0.96286
V231	0.01313	0.21354	0.09876	0.67457
V232	0.0432	0.59871	0	0.35809
V233	0.58779	0.05161	0.19092	0.16968
V234	0.03788	0.91748	0.0263	0.01835
V235	0.40146	0.03063	0.53037	0.03754
V236	0.04298	0.03605	0.82255	0.09843
V237	0.14206	0	0.02422	0.83372
V238	0.13812	0.52856	0.27019	0.06313
V239	0.06019	0.33571	0.01358	0.59051
V240	0.51293	0.01476	0.41495	0.05735
V241	0.01465	0.0012	0.89795	0.0862
V242	0.14006	0.75168	0.09109	0.01717
V243	0.25234	0.01732	0.63565	0.09469
V244	0.21078	0	0.68486	0.10436
V245	0.63977	0.24658	0.04507	0.06858
V246	0.05586	0.10726	0.80808	0.02879
V247	0.17778	0.00739	0.81431	0.00052
V248	0.01704	0.01272	0.03535	0.93489
V249	4e-05	0.01845	0.89459	0.08692
V250	0.7848	0	0.20918	0.00602
V251	0.96219	0.02536	0.00566	0.00679
V252	0.00909	0.8366	0.15424	8e-05
V253	0.35577	0.03597	0.14858	0.45968
V254	0.0086	0.93731	0.04602	0.00807
V255	0.0468	0.90236	0	0.05084
V256	0.18741	0.16243	0.53848	0.11168
V257	0.43186	0.05857	0.2252	0.28437
V258	0.18657	0.21215	0.43814	0.16313
V259	0.03233	0.25327	0.66223	0.05218
V260	0.00036	0.25352	0.73842	0.0077
V261	0.62671	0.01092	0.18612	0.17626
V262	0.08227	0.02969	0.01042	0.87762
V263	0.01799	0.95239	0	0.02961
V264	0.1572	0.01312	0.40958	0.4201
V265	0.02337	0	0.11532	0.86131
V266	0.67656	0.31811	0.00532	0
V267	3e-05	0.12212	0.26283	0.61502
V268	0.3661	0.00555	0.12706	0.50128
V269	0.00586	0.52814	0.4024	0.0636
V270	0.66179	0.00695	0.23393	0.09734
V271	0.8179	0.03729	0.02799	0.11682
V272	0.05487	0.80226	0.00923	0.13364
V273	0.04394	0.00626	0.0274	0.92241
V274	0.70327	0	0.17079	0.12594
V275	0.00064	0.0114	0.97807	0.00989
V276	0.52416	0.285	0.00834	0.1825
V277	0.02969	0.14662	0.14321	0.68047
V278	0.02878	0.02624	0.2637	0.68129
V279	0.70437	0.02914	0.1032	0.16329
V280	0.01242	0	0.0164	0.97118
V281	0.53723	0.01003	0.12798	0.32476
V282	0.05336	0.03675	0.83505	0.07483
V283	0.22194	0.53729	0.05622	0.18455
V284	0.02699	0.91119	0.05422	0.0076
V285	0.07538	0.00433	0.91956	0.00073
V286	0.26214	0.50959	0.10651	0.12176
V287	0.10302	0.85793	0.01083	0.02823
V288	0.01293	0.22005	0.42631	0.34072
V289	0.30367	0.16806	0.43051	0.09776
V290	0.85134	0.13664	0.01202	0
V291	0.51851	0.03793	0.42773	0.01583
V292	0.93783	0	0	0.06217
V293	0.31146	0.00189	0.63874	0.04791
V294	0.08016	0.30159	0	0.61825
V295	0.01311	0.12038	0.17184	0.69467
V296	0.18502	0.07772	0.62705	0.11021
V297	0.06129	0	0.05613	0.88258
V298	0.32279	0.06396	0.59668	0.01657
V299	0.0599	0.21326	0.00809	0.71875
V300	0.00045	0.01062	0.20449	0.78444
V301	0.11939	0.06941	0.6627	0.14851
V302	0.68219	0.30156	0	0.01625
V303	0.00039	0.57063	0.38854	0.04044
V304	0.05062	0.00726	0.73866	0.20346
V305	0.11771	0.10785	0.45902	0.31542
V306	0.84115	0.06021	0.04427	0.05437
V307	0.01758	0.95185	0.01182	0.01875
V308	0.23147	0.16989	0.29471	0.30393
V309	0.3312	0.25165	0.0203	0.39685
V310	0.07131	0.24833	0.13912	0.54123
V311	0.54823	0.4408	0.00463	0.00633
V312	0.10279	0.72697	0.14203	0.02821
V313	0.00269	0.07224	0.01212	0.91295
V314	0.01357	0.40886	0.10362	0.47395
V315	0.12023	0.57762	0.02994	0.2722
V316	0.3183	0.08679	0.38774	0.20717
V317	0.08762	0.66322	0.0384	0.21075
V318	0.03096	0.49045	0.00769	0.47089
V319	0.05502	0.03126	0.87296	0.04076
V320	0.07443	0.09501	0.66879	0.16178
V321	0.666	0.32868	0.00532	0
V322	0.18633	0.25559	0.06197	0.49611
V323	0.04222	0.00401	0.07284	0.88093
V324	0.7023	0.20847	0.06385	0.02537
V325	0.33192	0.6111	0.05069	0.00628
V326	0	0.49757	0.08364	0.4188
V327	0.01404	0.09561	0.08887	0.80149
V328	0.04063	0.00721	0.73646	0.2157
V329	0.15516	0.06454	0.15113	0.62916
V330	0.37695	0	0.31575	0.3073
V331	0.32059	0.0494	0.03437	0.59564
V332	0.00658	0.02216	0.15968	0.81157
V333	0.43798	0.03918	0.38331	0.13953
V334	0.34252	0	0.33593	0.32155
V335	0.02251	0.28306	0.53024	0.16419
V336	0.18435	0.66679	0.0163	0.13256
V337	0.3033	0.36049	0.29739	0.03882
V338	0.00154	0.98408	0.00558	0.0088
V339	0.12815	0.00137	0.86248	0.008
V340	0.05197	0.16986	0.53583	0.24234
V341	0.01642	0.01211	0.0504	0.92107
V342	0.24287	0	0.59623	0.1609
V343	0.98177	0.00527	0.00581	0.00715
V344	0.71127	0.11301	0.17572	0
V345	0.00974	0.01303	0.97624	0.00099
V346	0.22148	0.06653	0.26908	0.44291
V347	0.03206	0	0.10636	0.86158
V348	0.0541	0.61812	0.13999	0.18779
V349	0.36265	0.11479	0.3905	0.13206
V350	0.02781	0.79857	0.17353	9e-05
V351	0.01296	0.00926	0.36147	0.61632
V352	0.04312	0.00458	0.85545	0.09685
V353	0.8925	0.00659	0.02814	0.07278
V354	0.04538	0.67604	0.22728	0.05129
V355	0.27529	0.03998	0.455	0.22973
V356	0.02387	0.00433	0.08218	0.88962
V357	0.1079	0.26939	0.27607	0.34664
V358	0.53091	0.06268	0.04173	0.36468
V359	0.5481	0.02865	0.02639	0.39686
V360	0.57958	0.38749	0.01702	0.01591
V361	0.00013	0.42444	0.56808	0.00734
V362	0.00161	0.97713	0.01265	0.00861
V363	0.16556	0.07126	0.46397	0.29921
V364	0.15563	0.0305	0.69273	0.12114
V365	0.23413	0.00856	0.00869	0.74861
V366	0.07635	0.64709	0.07678	0.19977
V367	0.55845	0.09453	0.00239	0.34464
V368	0.08901	0.7099	0.07773	0.12336
V369	0.01486	0.37093	0.60705	0.00716
V370	0.31511	0.22779	0.41852	0.03858
V371	0.19689	0.69409	0.02443	0.08459
V372	0.13992	0.0243	0.10294	0.73283
V373	0.07163	0.08745	0.4642	0.37672
V374	0.79574	0.00121	0.20305	0
V375	0.03047	0.01523	0.12277	0.83153
V376	0.02344	0.01138	0.08176	0.88342
V377	0.75839	0	0.00865	0.23296
V378	0.00548	0.0094	0.3708	0.61432
V379	0.31655	0.14107	0.00701	0.53537
V380	0.13024	0.03813	0.17801	0.65362
V381	0.72505	0.00203	0.08312	0.18979
V382	0.08175	0.01276	0.89738	0.0081
V383	0.82382	0	0.04248	0.13371
V384	0.54952	0.04297	0.12271	0.2848
V385	0.86638	0.00276	0.06797	0.06289
V386	0.27024	0.00146	0.12604	0.60227
V387	0.61083	0.1013	0.1857	0.10216
V388	0.38871	0.27308	0.14343	0.19479
V389	0.43436	0.47496	0.0093	0.08138
V390	0.31562	0.21236	0.46582	0.0062
V391	0.39132	0.0631	0.01285	0.53273
V392	0.43256	0.16504	0.1602	0.2422
V393	0.28749	0.17364	0.35273	0.18614
V394	0.07942	0.16352	0.09919	0.65787
V395	0.22336	0.33733	0.1991	0.24022
V396	0.00858	0.95714	0.00493	0.02935
V397	0.80602	0.0532	0.09651	0.04427
V398	0.437	0.08684	0.08757	0.38859
V399	0.2004	0.51444	0.14941	0.13574
V400	3e-05	0.51737	0.05508	0.42752
V401	0.03198	0.10936	0.7587	0.09996
V402	0.8233	0.14382	0.03288	0
V403	0.01641	0.00613	0.05871	0.91876
V404	0.08772	0.14506	0.64141	0.12581
V405	0.19512	0.01156	0.14639	0.64693
V406	0.66082	0.20138	0.01501	0.12279
V407	0.00154	0.98408	0.00558	0.0088
V408	0.08527	0.18581	0.397	0.33192
V409	0.00502	0.00465	0.01651	0.97382
V410	0.09129	0.85466	0.02577	0.02828
V411	0.39718	0	0	0.60282
V412	0.15048	0.04003	0.48991	0.31957
V413	0.05212	0.42649	0.17532	0.34607
V414	0.03162	0.46311	0.34025	0.16502
V415	0.42842	0.01086	0.21563	0.34509
V416	0.00871	0.05071	0.93994	0.00064
V417	0.40455	0.58437	0.0046	0.00648
V418	0.05866	0.0598	0.12264	0.7589
V419	0.01207	0	0.02272	0.96521
V420	0.00062	0.87009	0.01002	0.11927
V421	0.15318	0.01677	0.68582	0.14423
V422	0.036	0.0332	0.00592	0.92487
V423	0.07932	0.00508	0.88659	0.02902
V424	0	0.02356	0.59594	0.38051
V425	0.05309	0.18615	0.62144	0.13933
V426	0.08673	0.01981	0.80819	0.08527
V427	0.06278	0.33114	0.18334	0.42274
V428	0.08959	0.75062	0.04937	0.11042
V429	0.01144	0	0.03061	0.95795
V430	0.773	0.12545	0.01511	0.08644
V431	0.16824	0.00775	0.42932	0.39469
V432	0.08962	0.0541	0.03803	0.81825
V433	0.05419	0.68295	0	0.26285
V434	0.30791	0.04286	0.04286	0.60637
V435	0.47886	0.00148	0.10861	0.41105
V436	0.34771	0.00146	0.10061	0.55022
V437	0.2105	0.17081	0.00147	0.61722
V438	0.60986	0.11302	0.02787	0.24925
V439	0.02501	0.06099	0.00504	0.90896
V440	0.44914	0.01649	0.02661	0.50776
V441	0.06191	0.08412	0.60211	0.25185
V442	0.32107	0.28458	0.13408	0.26027
V443	0.72978	0	0.08228	0.18794
V444	0.00974	0.01303	0.97624	0.00099
V445	0.62959	0.00377	0.33106	0.03558
V446	0.0338	0.81735	0.05024	0.09861
V447	0.64562	0.05904	0.17238	0.12295
V448	0.01375	0.03425	0.16845	0.78356
V449	0.57116	0.01862	0.28767	0.12255
V450	0.15607	0.83107	0.01279	7e-05
V451	0.94472	0.03025	2e-05	0.02501
V452	0.02586	0.00049	0.05831	0.91533
V453	0.82995	0.04479	0.06063	0.06463
V454	0.00097	0.93488	0.04552	0.01862
V455	0.6135	0.01325	0.29638	0.07686
V456	0.33055	0.07769	0.38554	0.20622
V457	0.00502	0.01142	0.0096	0.97396
V458	0.24569	0.16961	0.00152	0.58318
V459	0.01471	0.77308	0.08928	0.12294
V460	0.95996	0	0.02414	0.0159
V461	0.04566	0.01288	0.00648	0.93498
V462	0.32777	0.18924	0	0.48299
V463	0.26326	0.42984	0.1584	0.14851
V464	0.47868	0.06314	0.00212	0.45606
V465	0.41388	0.37466	0.02228	0.18919
V466	0.57801	0.13975	0.00232	0.27993
V467	0.3365	0.53759	0.07677	0.04914
V468	0.52501	0.35897	0.04581	0.07021
V469	0.01296	0.1208	0.26627	0.59997
V470	0.55916	0.08147	0.17471	0.18466
V471	0.2406	0.06462	0.02775	0.66703
V472	0.31071	0.27009	0	0.4192
V473	0.10201	0.52024	0.34954	0.02821
V474	0.09793	0	0.08689	0.81517
V475	0.17734	0.33475	0.07259	0.41532
V476	0.1409	0.00285	0.04625	0.81
V477	0.59666	0.01731	0.19668	0.18935
V478	0.12881	0.53002	0.00225	0.33892
V479	0.01372	0.05192	0.82347	0.1109
V480	0.07012	0.24228	0.03578	0.65182
V481	0.15072	0.00497	0.8263	0.01801
V482	0.72468	0.12092	0.10908	0.04533
V483	0.1088	0.06676	0.06156	0.76288
V484	0.0167	0.03871	0.01938	0.92522
V485	0.12117	0.70061	0.00903	0.16919
V486	0.26278	0.20538	0.12067	0.41117
V487	0.05899	0.02145	0.07186	0.8477
V488	0	0.00139	0.86672	0.13189
V489	0.22406	0.06646	0.69219	0.01729
V490	0.33868	0.25627	0.06223	0.34282
V491	0.46381	0.42399	0.03052	0.08168
V492	0.02596	0.83496	0.13194	0.00715
V493	0.01434	9e-05	0.00438	0.98119
V494	0.19807	0.11011	0.53105	0.16077
V495	0.23991	0.59358	0.13907	0.02744
V496	0.29005	0.65005	0	0.05991
V497	0.00837	0.00485	0.97721	0.00956
V498	0.28782	0.06427	0.04213	0.60578
V499	0.64758	0.22561	0.12103	0.00577
V500	0.1002	0.08342	0.76499	0.05139
V501	0.00498	0	0.03184	0.96318
V502	0.58053	0.23255	0.14997	0.03694
V503	0.18008	0.05777	0.18024	0.58192
V504	0.24414	0.66261	0.00945	0.08381
V505	0.19092	0.15804	0.24635	0.40469
V506	0.0863	0.19978	0.45844	0.25548
V507	0.61674	0.06471	0.11484	0.20371
V508	0.78029	0.12725	0.03691	0.05555
V509	0.22478	0.03353	0.49896	0.24274
V510	0.24095	0.48852	0.26415	0.00637
V511	0.04011	0.3492	0.03641	0.57428
V512	0.21629	0.02352	0.06778	0.69241
V513	0.07801	0.61888	0.21521	0.0879
V514	0.0112	0.03635	0.00181	0.95064
V515	0.77117	0.03656	0.04245	0.14982
V516	0.92947	0.06357	0.00013	0.00683
V517	0.02943	0.00827	0.22258	0.73972
V518	0.97286	0.01947	0.00019	0.00748
V519	0.02425	0.84084	0.0032	0.13171
V520	0.02087	0	0.58278	0.39635
V521	0.58371	0.02137	0.35885	0.03607
V522	0.00457	0.08292	0.56632	0.34618
V523	0.34971	0.08301	0.25176	0.31551
V524	0.00661	0.7603	0.19291	0.04017
V525	0.23605	0.15003	0.01971	0.59422
V526	0.63771	0.04939	0.06742	0.24548
V527	0.19115	0.00721	0.37301	0.42864
V528	0.10095	0.83757	0	0.06148
V529	0.04811	0.03315	0.19625	0.72248
V530	0.00513	0.15862	0.69911	0.13713
V531	0.01843	0.86698	0.11455	4e-05
V532	0.1587	0.26248	0.0201	0.55872
V533	0.28261	0.29568	0.13416	0.28754
V534	0.00528	0.00256	0.6877	0.30446
V535	0.50394	0	0.00779	0.48827
V536	0.17415	0	0.34129	0.48456
V537	0.62198	0.21348	0.14911	0.01543
V538	0.4282	0.02868	0.07559	0.46752
V539	0.2753	0.38233	0.15684	0.18553
V540	0.21189	0.66983	0.0683	0.04998
V541	0.01377	0.43969	0.05452	0.49202
V542	0.18419	0.08213	0.23789	0.4958
V543	0.86904	0	0.00929	0.12167
V544	0.08843	0.05168	0.14988	0.71002
V545	0.34424	0.09597	0.06039	0.4994
V546	0.0483	0.88033	0.06406	0.0073
V547	0.03452	0.62103	0.32706	0.01739
V548	0.16607	0.74631	0.08098	0.00663
V549	0.33975	0.01319	0.6303	0.01677
V550	0.54695	0.01173	0	0.44132
V551	0.18669	0.70801	0.03174	0.07356
V552	0.00035	0.45792	0.00195	0.53977
V553	0.23897	0.10798	0.62524	0.02781
V554	0.04269	0.05093	0.01752	0.88887
V555	0.08383	0.17167	0.32408	0.42042
V556	0.00037	0.01468	0.943	0.04195
V557	0.80371	0.01151	0.00851	0.17627
V558	0.06558	0.75121	0.02389	0.15932
V559	0.00875	0.79633	0.19477	0.00014
V560	0.7077	0.28563	0	0.00667
V561	0.00064	0.0114	0.97807	0.00989
V562	0.77657	0	0.10935	0.11409
V563	0.2532	0.00021	0.73942	0.00716
V564	0.05694	0.0494	0.87518	0.01848
V565	0.11957	0.20783	0.3782	0.29441
V566	0.68533	0.06394	0.00276	0.24796
V567	0.21286	0.38519	0.02118	0.38077
V568	0.2109	0	0.04423	0.74487
V569	0.64521	0.01132	0	0.34347
V570	0.02271	0.24919	0.63987	0.08822
V571	0.83329	0.09235	0	0.07436
V572	0.44476	0	0.43177	0.12347
V573	0.05106	0.12289	0.0032	0.82286
V574	0.03591	0.77339	0.17303	0.01766
V575	0.01414	0.04842	0.1064	0.83104
V576	0.16461	0.78476	0.03335	0.01728
V577	0.02951	0.0201	0.18571	0.76469
V578	0.05123	0.03746	0.67734	0.23397
V579	0.00724	0.87311	0.09104	0.02861
V580	0.12845	0	0.09424	0.77731
V581	0.05342	0.04556	0.00037	0.90066
V582	0.57399	0.10362	0.02751	0.29488
V583	0.00531	0.02302	0.56548	0.40619
V584	0.54528	0.11531	0.29222	0.04719
V585	0.00561	2e-04	0.40895	0.58524
V586	0.23595	0.00144	0.64593	0.11668
V587	0.27419	0.00292	0.68463	0.03826
V588	0.60024	0.02226	0.01993	0.35757
V589	0.05607	0.79768	0.0598	0.08644
V590	0.04762	0.75055	0.19491	0.00692
V591	0.00056	0.01675	0.17743	0.80526
V592	0.16744	0.02104	0.81102	5e-04
V593	0.55969	0	0.16977	0.27054
V594	0.3556	0.24391	0.3397	0.06079
V595	0.01958	0.00821	0.01504	0.95717
V596	0.02901	0.22071	0.20932	0.54096
V597	2e-05	0.54291	0.34548	0.11158
V598	0.01539	0.08497	0.88089	0.01874
V599	0.65414	0.27956	0.03026	0.03603
V600	0.37208	0.42595	0.04581	0.15616
V601	0.14777	0.21427	0.07085	0.56712
V602	0.0198	0.01032	0.00796	0.96193
V603	0.0065	0.30158	0.00835	0.68357
V604	0.54022	0.0815	0.34169	0.03659
V605	0.06317	0.27635	0.40406	0.25643
V606	0.73447	0.11507	0.00885	0.14161
V607	0.62763	0.00184	0.10029	0.27024
V608	0.2174	0.11359	0.38141	0.28761
V609	0.02058	0.17796	0.21761	0.58385
V610	0.76247	0.00578	0.08381	0.14794
V611	0.25314	0	0.04325	0.70362
V612	0.0229	0.05962	0.83055	0.08694
V613	0.03204	0.29731	0.61872	0.05192
V614	0.76073	0.03654	0.04223	0.16051
V615	0.11204	0.02913	0.00381	0.85502
V616	0.07638	0.66189	0.03824	0.22349
V617	0.50097	0.12634	0.37269	0
V618	0.68489	0	0	0.31511
V619	0.37372	0.01147	0.30048	0.31434
V620	0.00661	0.64371	0.34265	0.00702
V621	0.42506	0.1082	0.16525	0.30149
V622	0.37888	0.18231	0.40075	0.03806
V623	0.01403	0.04174	0.12276	0.82147
V624	0.8119	0.16299	0	0.02511
V625	0.2747	0.44534	0.09527	0.18469
V626	0.97207	0.01131	0.00011	0.01651
V627	0.0031	0.00791	0.06094	0.92804
V628	0.00111	0.17378	0.00923	0.81588
V629	0.11881	0.23603	0.27402	0.37113
V630	0.0319	0.29568	0.60875	0.06367
V631	0.01386	0.13762	0.08979	0.75874
V632	0.55239	0	0.12428	0.32332
V633	0	0.01551	0.82819	0.1563
V634	0.42547	0.22688	0.34158	0.00607
V635	0.02365	0.70951	0.00284	0.264
V636	0.11921	0.06911	0.65129	0.16038
V637	0.29172	0.14301	0.07947	0.48579
V638	0.37131	0.204	0.06125	0.36344
V639	0.28737	0.39666	0.31598	0
V640	0.03286	0.11351	0.78961	0.06402
V641	0.89591	0.0188	0.02235	0.06294
V642	0.77787	0.13668	0	0.08546
V643	0.0048	0.13399	0.43774	0.42347
V644	0.92694	0.05217	0.00497	0.01592
V645	0.27854	0.37238	0.32171	0.02738
V646	0.00944	0.9765	0.00543	0.00863
V647	0.14633	0.05719	0.72232	0.07415
V648	0.43676	0.39027	0.13512	0.03786
V649	0.0232	0.03846	0.86315	0.07519
V650	0.05327	0.05878	0.80136	0.08659
V651	0.32367	0	0.66933	0.007
V652	0.08046	0.05453	0.41942	0.44559
V653	0.12389	0.62879	0.09822	0.1491
V654	0.72242	0.15671	0.05352	0.06735
V655	0.03083	0.50484	0.0142	0.45012
V656	0.1897	0.21057	0.00691	0.59282
V657	0.01769	0.03981	0.00613	0.93637
V658	0.61418	0.16237	0.05214	0.1713
V659	0.32292	0.05345	0.35855	0.26508
V660	0.02738	0.94337	0	0.02925
V661	0.05078	0.35055	0.04431	0.55436
V662	0.41463	0.00347	0.45715	0.12475
V663	0.24308	0.04247	0.5702	0.14425
V664	0.20782	0.03942	0.69133	0.06143
V665	0.70948	0.14338	0.03607	0.11107
V666	0.54487	0	0.09029	0.36484
V667	0.79029	0.04698	0.16273	0
V668	0.12969	0.78555	0.08476	0
V669	0.23913	0.36701	0.25768	0.13619
V670	0.08228	0.88873	0	0.02898
V671	0.37954	0.23806	0.26164	0.12076
V672	0.01538	0.01245	0.93075	0.04143
V673	0.23613	0.31775	0.23199	0.21413
V674	0.72676	0.10548	0.01464	0.15312
V675	0.13304	0.27346	0.32448	0.26902
V676	0.02191	0.06981	0.08955	0.81873
V677	0.39909	0.35066	0.09405	0.1562
V678	0.53957	0.4432	0.01102	0.00621
V679	0.04573	0.28027	0.6561	0.0179
V680	0.32657	0.50954	0.13693	0.02696
V681	0.91505	0.04011	0.01041	0.03442
V682	0.11278	0.26019	0.57556	0.05146
V683	0.0114	0.9745	0.01375	0.00035
V684	0.72402	0.11911	0.08997	0.0669
V685	0.51935	0.29831	0.12364	0.0587
V686	0.07929	0.12743	0.13406	0.65921
V687	0.01972	0.00215	0.01576	0.96238
V688	0.38223	0.45701	0	0.16076
V689	0.22064	0	0.03613	0.74324
V690	0.47998	0.02127	0.41903	0.07972
V691	0.16364	0.00128	0.82726	0.00782
V692	0.07633	0.09943	0.73694	0.0873
V693	0.22448	0.0683	0.36177	0.34544
V694	0.00566	0.0091	0.25963	0.72561
V695	0.2123	0	0.13527	0.65243
V696	0.06183	0.0505	0.01013	0.87754
V697	0.0109	0.02908	0.00773	0.95229
V698	0.79856	0	0.00896	0.19248
V699	0.58781	0.23486	0.06287	0.11446
V700	0.20289	0.00902	0.00333	0.78476
V701	0.10873	0.46783	0.10603	0.31741
V702	0.51337	0.04868	0.00739	0.43057
V703	0.12431	0.02687	0.47075	0.37807
V704	0.81878	0.02339	0.02152	0.13631
V705	0.9558	0	0.01049	0.03371
V706	0.07437	0.02577	0.7902	0.10966
V707	0.03218	0.39647	0.51952	0.05182
V708	0.03451	0.85091	0.01739	0.09718
V709	0.13709	0.21931	0.54309	0.10051
V710	0.6126	0.16161	0.04355	0.18225
V711	0.09189	0.77786	0.0904	0.03986
V712	0.80957	0.03067	0.00334	0.15642
V713	0.43375	0.24166	0.02849	0.2961
V714	0.00621	0.60337	0.01514	0.37528
V715	0.31617	0.28818	0.30997	0.08567
V716	0.02532	0.01871	0.03453	0.92143
V717	0.08305	0.89824	0	0.0187
V718	0.15	0.51882	0.18022	0.15096
V719	0.05393	0.65571	0.03038	0.25998
V720	0.69702	0	0.21879	0.08419
V721	0.11834	0.1159	0.47365	0.29211
V722	0.08057	0.27118	0.00697	0.64128
V723	0.09101	0.04966	0.00342	0.85591
V724	0.55149	0.01006	0.07437	0.36408
V725	0.00018	0.06485	0.89341	0.04155
V726	0.02952	0.30865	0.11105	0.55078
V727	0.28635	0.61749	0.0899	0.00626
V728	0.02643	0.87253	0.09368	0.00736
V729	0.37774	0.00138	0.1443	0.47658
V730	0.91523	0.01338	0.0373	0.0341
V731	0.02082	0.14182	0.38417	0.45319
V732	0.34735	0.04545	0.34421	0.26299
V733	0.65089	0.14084	0.0284	0.17987
V734	0.25374	0.26822	0.47177	0.00627
V735	0.01286	0.00967	0.44774	0.52973
V736	0.12353	0.00021	0.0051	0.87117
V737	0.33793	0.23712	0.24014	0.18482
V738	0.07611	0.28122	0.46446	0.17821
V739	0	0.00191	0.57006	0.42803
V740	0.86526	0.05672	0.06288	0.01513
V741	0.47106	0.06341	0.11504	0.35049
V742	0.42597	0.56202	0.01201	0
V743	0.13847	0.10272	0.73036	0.02845
V744	0.52365	0.01908	0.322	0.13527
V745	0.01414	0.65408	0.1817	0.15008
V746	0.99187	0	4e-04	0.00773
V747	0.04979	0	0.69099	0.25921
V748	0.11825	0.06708	0.591	0.22367
V749	0.2601	0.12477	0.04288	0.57226
V750	0.42646	0.40588	0.01489	0.15278
V751	0.04589	0.84755	0.03247	0.0741
V752	0.46888	0.17452	0.12955	0.22705
V753	0.01359	0.00591	0.0038	0.97671
V754	0.00769	0.90787	0	0.08445
V755	0.14104	0.1419	0.33586	0.3812
V756	0.01819	0.00176	0.03572	0.94433
V757	0.35891	0.54424	0.05858	0.03826
V758	0.0448	0.73583	0.12006	0.09931
V759	0.11127	0.03211	0.38026	0.47636
V760	0.27508	0.03046	0.26197	0.43249
V761	0.06537	0.53869	0.28272	0.11321
V762	0.00088	0.31281	0.00833	0.67798
V763	0.38433	0.29668	0.02087	0.29812
V764	0.00732	0.90421	0.00368	0.08478
V765	0.64267	0.05648	0	0.30085
V766	0.01289	0.26447	0.44292	0.27973
V767	0.48979	0.08263	0.24022	0.18735
V768	0.05785	0.89499	0.0186	0.02856
V769	0.15132	0.80575	0.02558	0.01735
V770	0.00944	0.9765	0.00543	0.00863
V771	0.17352	0.0049	0.80373	0.01785
V772	0.14027	0.0254	0.8269	0.00743
V773	0.17443	0.80347	0.00435	0.01775
V774	0.01544	0.00287	0.94025	0.04144
V775	0.09761	0.01913	0.25501	0.62825
V776	0.44431	0.36888	0.04525	0.14156
V777	0.1544	0.07292	0.12318	0.6495
V778	0.55032	0.22492	0.06218	0.16257
V779	0.15998	0.0204	0.48031	0.33931
V780	0.118	0.74948	0.13252	0
V781	0.03573	0.01201	0.02023	0.93203
V782	0.00574	0.08457	0.82216	0.08752
V783	0.77443	0.00547	0.04156	0.17854
V784	0.11704	0.8639	0.01155	0.00751
V785	0.03745	0.92263	0.01115	0.02878
V786	0.74398	0.11995	0.08034	0.05572
V787	0.00059	0.82942	0.1625	0.00749
V788	0.53517	0.25525	0.15071	0.05887
V789	0.05999	0.29313	0.02115	0.62573
V790	0.41839	0.01083	0.06605	0.50472
V791	0.13457	0.32446	0.33713	0.20384
V792	0.12771	0.46979	0.00223	0.40027
V793	0.12085	0.6013	0.03013	0.24772
V794	0.04305	0.05157	0.80683	0.09856
V795	0.08954	0.02183	0.04705	0.84158
V796	0.02431	0.05615	0.89017	0.02937
V797	0.76618	0	0.21871	0.0151
V798	0.64808	0.25332	0.07304	0.02555
V799	0.13678	0.74153	0.0245	0.09719
V800	0.05832	0.00937	0.48874	0.44357
V801	0.12432	0.0761	0.31205	0.48752
V802	0.02878	0.04641	0.24759	0.67723
V803	0.24086	0.48551	0.27363	0
V804	0.53162	0.00317	0.3763	0.0889
V805	0.01063	0.00682	0.98145	0.0011
V806	0.04662	0.89216	0.01042	0.05081
V807	0.23326	0.10548	0.02789	0.63337
V808	0.68914	0.22753	0.03754	0.04579
V809	0.04046	0.02481	0.93407	0.00066
V810	0.0101	0.9809	0	0.00899
V811	0.41266	0.04289	0.19015	0.3543
V812	0.55864	0.21229	0.0441	0.18498
V813	0.62336	0.15175	0.18837	0.03652
V814	0.45952	0.4935	0.04087	0.00612
V815	0.00096	0.91617	0.07487	0.008
V816	0.94051	0	0.05949	0
V817	0.02488	0.05041	0.90604	0.01866
V818	0.00309	0.02833	0.02842	0.94016
V819	0.84865	0.05286	0.04425	0.05424
V820	0.11071	0.06192	0.01488	0.81249
V821	0.22624	0.27043	0.40415	0.09918
V822	0.06726	0.01135	0.8922	0.0292
V823	0.02241	0.14753	0.7045	0.12556
V824	0.09306	0.34862	0.55825	7e-05
V825	0.22058	0.2365	0.25168	0.29123
V826	0.45821	0.37172	0.15422	0.01584
V827	0.39958	0.55279	0.00989	0.03774
V828	0.2036	0.11476	0.09839	0.58325
V829	0.03036	0.18765	0.02896	0.75303
V830	0.20218	0.17033	0.0197	0.60778
V831	0.77546	0.05717	0.02774	0.13963
V832	0.27577	0.34581	0.16604	0.21239
V833	0.14832	0.45598	0.1795	0.2162
V834	0.26346	0.04288	0.06796	0.6257
V835	0.37663	0.40011	0.11534	0.10792
V836	0.0065	0.60788	0.00259	0.38304
V837	0.22239	0.32547	0.18605	0.26609
V838	0.94544	0.0236	0.02439	0.00658
V839	0.32352	0.57172	0.09854	0.00622
V840	0.31204	0.68222	0.00565	9e-05
V841	7e-05	0.02531	0.89935	0.07527
V842	0.35476	0.12028	0.25591	0.26904
V843	0.01421	0.00931	0.87827	0.09821
V844	0.10166	0.05336	0.36294	0.48205
V845	0.06534	0.074	0.7739	0.08676
V846	0	0.00369	0.7388	0.25751
V847	0.0062	1e-04	0.01103	0.98266
V848	0.08666	0.45032	0.16796	0.29507
V849	0.00097	0.94332	0.00459	0.05112
V850	0.97273	0	0.01127	0.01601
V851	0.3593	0.49325	0.14745	0
V852	0.08795	0.02659	0.1117	0.77376
V853	0.24999	0.17637	0.4124	0.16123
V854	0.60445	0.12507	0.0986	0.17188
V855	0.0062	1e-04	0.01103	0.98266
V856	0.04003	0.29659	0.35597	0.3074
V857	0.68286	0.1328	0.0285	0.15583
V858	0.57156	0.00141	0.42082	0.00621
V859	0.6714	0.19096	0.01505	0.12259
V860	0.16558	0.07322	0.04409	0.71712
V861	0.09211	0.32138	0.56911	0.0174
V862	0.13448	0.05799	0.74518	0.06235
V863	0.17383	0.0346	0	0.79157
V864	0.0517	0.01658	0.04068	0.89103
V865	0.09598	0	0.23918	0.66484
V866	0.7401	0.00385	0.24102	0.01504
V867	0.74127	0.00978	0.24297	0.00597
V868	0.53385	0.22959	0.13151	0.10505
V869	0.01867	0.9676	0.00543	0.0083
V870	0.09114	0.2719	0.01331	0.62366
V871	0.00097	0.94332	0.00459	0.05112
V872	0.00617	0.00424	0.22084	0.76875
V873	0.89947	0.01306	0.04438	0.04309
V874	0.21152	0.76138	0.02707	2e-05
V875	0.01277	0.13718	0.1837	0.66636
V876	0.16213	0.28242	0.43018	0.12527
V877	0.04032	0.33894	0.29977	0.32097
V878	0.14159	0.79384	0.06457	0
V879	0.1982	0.65318	0.03908	0.10954
V880	0.31337	0.49593	0.00262	0.18808
V881	0.13885	0.02244	0.59573	0.24298
V882	0.78999	0	0.11743	0.09258
V883	0.29984	0.16595	0.5342	0
V884	0.01482	0.21596	0	0.76922
V885	0.73484	0.18034	0.08482	0
V886	0.01321	0.31564	0.48169	0.18945
V887	0.63581	0.03598	0.14954	0.17867
V888	0.09663	0.02557	0.75668	0.12111
V889	0.93054	0.02824	0.01682	0.02441
V890	0.03025	0.10275	0.62775	0.23925
V891	0.64109	0.02606	0.27695	0.0559
V892	0.2566	0.13168	0.00674	0.60499
V893	0.60268	0.16989	0.14777	0.07965
V894	0.06668	0.27199	0.60949	0.05184
V895	0.59442	0.03659	0.18928	0.17971
V896	0.03771	0.92888	0.00434	0.02907
V897	0.7064	0.213	0.00338	0.07722
V898	0.41751	0	0.00256	0.57992
V899	0.02111	0.13673	0.12452	0.71764
V900	0.07321	0.24115	0.36568	0.31996
V901	0.03383	0.79527	0.00299	0.16791
V902	0.04845	0.89915	0.04498	0.00743
V903	0.0057	0.38258	0.54819	0.06354
V904	0.01921	0.97202	0	0.00877
V905	0.12663	0	0.15257	0.72079
V906	0.37804	0.05628	0.09594	0.46973
V907	0.44735	0.46606	0.01599	0.07059
V908	0.00839	0.0247	0.05798	0.90893
V909	0.13583	0.76871	0	0.09547
V910	0.13834	0	0.10127	0.76039
V911	0.53415	0.34403	0.02989	0.09193
V912	0.39832	0.27155	0.12322	0.20691
V913	0.09444	0	0.00625	0.89931
V914	0.19156	0.45506	0.30237	0.05101
V915	0.19164	0	0.00391	0.80445
V916	0.25718	0.03105	0.65124	0.06053
V917	0.71375	0.01153	0.15668	0.11803
V918	0.04339	0.59366	0.23779	0.12515
V919	0.19409	0.18211	0.29424	0.32956
V920	0.63031	0.15449	0.09025	0.12495
V921	0.02285	0.11521	0.02344	0.8385
V922	0.10264	0.42679	0.40723	0.06333
V923	0.06246	0.00458	0.0336	0.89936
V924	0.03366	0.64514	0.28074	0.04046
V925	0.15338	0.01481	0.00911	0.82269
V926	0.17295	0.00868	0.02272	0.79566
V927	0.01642	0.01875	0.04309	0.92175
V928	0.04601	0.86533	0.00367	0.08499
V929	0.05384	0.59186	0.12856	0.22574
V930	0.52199	0.32108	0.02958	0.12735
V931	0.13721	0.22997	0.53225	0.10057
V932	0.03027	0.07591	0.60674	0.28708
V933	0.62082	0.35308	0.01017	0.01593
V934	0.00567	0.10237	0.25219	0.63977
V935	0.5809	0.11975	0.20773	0.09163
V936	0.52357	0.22022	0.01424	0.24197
V937	0.53367	0.08702	0.07799	0.30132
V938	0.36447	0.02405	0.29406	0.31742
V939	0.73764	0.00549	0.06649	0.19038
V940	0.02472	0.77251	0.15145	0.05133
V941	0.00135	0.0064	0.98196	0.01028
V942	0.76197	0.15017	0.06291	0.02496
V943	0.41053	0.09074	0.42706	0.07167
V944	0.01391	0.20406	0.05368	0.72835
V945	0.57255	0.30556	0.00882	0.11307
V946	0.47534	0.21908	0.25726	0.04833
V947	0.06702	0.02515	0.2069	0.70093
V948	0.35094	0.01251	0.60975	0.02681
V949	0.00031	0.06989	0.18053	0.74927
V950	0.0531	0.47971	0.21164	0.25555
V951	0.84079	0.00389	0.14932	0.00599
V952	0.05842	0.08384	0.24404	0.61371
V953	0.01493	0.03347	0.9103	0.0413
V954	0.02971	0.12818	0.12386	0.71826
V955	0.11848	0.53827	0.02223	0.32101
V956	0.02851	0.00934	0.48529	0.47687
V957	0.2952	0.00323	0	0.70158
V958	0.01434	9e-05	0.00438	0.98119
V959	0.23925	0.21373	0.44812	0.0989
V960	0.22098	0.21478	0.07098	0.49326
V961	0.13576	0.33674	0.36328	0.16422
V962	0.37758	0.12574	0.40062	0.09606
V963	0.61327	0.12768	0.15631	0.10274
V964	0.84966	0.01262	0.09438	0.04334
V965	0.05225	0.43971	0.18709	0.32095
V966	0.97396	0.00436	0.00553	0.01615
V967	0.04889	0.02127	0.50614	0.42371
V968	1e-04	0.11385	0.79875	0.08731
V969	0.00614	0.22514	0.02937	0.73935
V970	0.0293	0.07818	0.40857	0.48395
V971	0.51184	0.05454	0.33036	0.10325
V972	0.50287	0.15005	0.04285	0.30423
V973	0.26884	0.35969	0.07334	0.29813
V974	0.00616	0.75334	0.1299	0.11059
V975	0.10251	0.25829	0.63238	0.00681
V976	0.4421	0.19521	0.11092	0.25177
V977	0.34023	0.31718	0.33641	0.00618
V978	0.0502	0.05513	0.05548	0.83919
V979	0.81424	0.00421	0.17566	0.00589
V980	0.99187	0	4e-04	0.00773
V981	0.33066	0.01328	0.42139	0.23467
V982	0.45785	0.35063	0.07367	0.11785
V983	0.67393	0.03559	0.00267	0.28781
V984	0.01533	0.82251	0.11106	0.05109
V985	0.05986	0.14043	0.00284	0.79688
V986	0.33551	0.47365	0.04617	0.14468
V987	0.25469	0.71777	0	0.02754
V988	0.18219	0.00357	0.00896	0.80528
V989	0.46641	0.43162	0.07554	0.02643
V990	0	0.02844	0.79177	0.17979
V991	0.66376	0.31994	0	0.0163
V992	0.1943	0	0.4994	0.3063
V993	0.06721	0.69684	0.17262	0.06334
V994	0.19962	0.7576	0.02559	0.01719
V995	0.73671	0.07171	0.02801	0.16357
V996	0.24157	0.08122	0.00766	0.66955
V997	0.01344	0.00439	0.82664	0.15553
V998	0.8748	0.00282	0.05974	0.06264
V999	0.12999	0.86204	0	0.00796
V1000	0.27616	0.00861	0	0.71523
