Neutrophils	Monocytes_CD14.CD16.	Macrophage	T_cells_.CD4..	NK_cells
V1	0.33534	0.14136	0.2666	0.10491	0.15179
V2	0.05803	0.8144	0.03652	0.04492	0.04613
V3	0.06944	0	0.5115	0.3969	0.02216
V4	0.0055	0	0.22497	0.03622	0.7333
V5	0.00464	0	0.04811	0.07473	0.87252
V6	0.35412	0.02445	0.30328	0.19076	0.12739
V7	0.00676	0.01377	0.42179	0.05445	0.50323
V8	0.00818	0	0.93409	0.05772	0
V9	0.05591	0	0.3145	0.60508	0.02451
V10	0.47931	0.00458	0.50708	0	0.00903
V11	0.02643	0.00807	0.09285	0.04679	0.82586
V12	0.07714	0	0.23474	0.25538	0.43274
V13	0.12737	0.04983	0.03306	0.36226	0.42748
V14	0.17018	0	0.08253	0.61664	0.13065
V15	0.01663	0.025	0	0.89247	0.06591
V16	0.6127	0.10255	0	0.2792	0.00556
V17	0.0574	0.24014	0.00216	0.03901	0.66129
V18	0.09155	0.45217	0.26878	0.17497	0.01253
V19	0.01792	0	0	0.08402	0.89806
V20	0	0	0.78772	0.19783	0.01446
V21	0.0186	0.25729	0.12519	0.12698	0.47194
V22	0.84146	0.08707	0.06071	0	0.01076
V23	0.0654	0.01121	0.01305	0.09974	0.81059
V24	0.4355	0.14064	0.00377	0.02085	0.39924
V25	0.01724	0.02524	0.00817	0.35787	0.59148
V26	0.46882	0.22244	0.04986	0.02044	0.23844
V27	0.12139	0.50792	0.17447	0.00046	0.19576
V28	0.02893	0.07803	0.24039	0.59353	0.05912
V29	0	0	0.38712	0.57704	0.03584
V30	0.75216	0.11989	0.01481	0.00312	0.11001
V31	0.42458	0.17586	0	0.1884	0.21116
V32	0.95488	0.00259	0	0	0.04253
V33	0.01761	0.19142	0.00383	0.08661	0.70053
V34	0.11979	0.87518	0	0.0044	0.00063
V35	0.09727	0.63764	0.24777	0.01732	0
V36	0.02379	0.16239	0.16089	0.0649	0.58803
V37	0.74458	0	0	0	0.25542
V38	0.12753	0.00315	0.52169	0.16855	0.17907
V39	0.32097	0.02682	0.34228	0	0.30993
V40	0.22403	0.65965	0	0.07958	0.03674
V41	0.0542	0.86239	0	0.00373	0.07968
V42	0.88797	0.04128	0.0103	0	0.06045
V43	0.49962	0.11812	0.3782	0.00406	0
V44	0.03942	0.27749	0.56285	0	0.12024
V45	0.04275	0.70708	0.08603	0.11437	0.04978
V46	0.116	0.7951	0.05081	0.02135	0.01674
V47	0	0	0.99505	0	0.00495
V48	0.17267	0.13648	0.24395	0.28545	0.16145
V49	0.48661	0.16019	0.24204	0.10611	0.00505
V50	0.02406	0	0.97594	0	0
V51	0.09948	0.26566	0.1894	0.04279	0.40268
V52	0.05811	0.93269	0	0.00715	0.00205
V53	0.02533	0.21212	0.00109	0.72253	0.03893
V54	0.22822	0	0.00641	0.51136	0.25401
V55	0.07806	0	0	0.87203	0.04992
V56	0.06986	0	0	0.74376	0.18639
V57	0.16103	0.109	0.58544	0.01174	0.13278
V58	0.0565	0	0.13015	0.16015	0.65321
V59	0.89026	0.02033	0.0894	0	0
V60	0.42876	0.22971	0.12251	0.09323	0.12579
V61	0.18164	0.00426	0.02023	0.17591	0.61796
V62	0.05436	0.00586	0.30318	0.10585	0.53075
V63	0.38332	0.27901	0.04954	0.01722	0.27092
V64	0.96616	0.02147	0.01237	0	0
V65	0.08828	0.09164	0.03836	0.57895	0.20276
V66	0.02309	0	0.16267	0.76589	0.04835
V67	0.00355	0	0.3322	0.07421	0.59003
V68	0.47166	0	0.43031	0.01435	0.08368
V69	0.61193	0.11777	0.20796	0	0.06234
V70	0.06579	0.75827	0.02777	0.12551	0.02266
V71	0.09832	0.81842	0.02519	0.048	0.01007
V72	0.03797	0.39389	0.00953	0.0235	0.53512
V73	0.05591	0	0.11277	0.53342	0.2979
V74	0.00663	0.07292	0.00305	0.77526	0.14215
V75	0.48427	0.18138	0.32808	0	0.00627
V76	0.00222	0	0.01671	0.85406	0.12701
V77	0.01581	0	0.95793	0.02626	0
V78	0	0	0.99296	0	0.00704
V79	0.07859	0.41527	0.02681	0.10967	0.36966
V80	0.12127	0.75133	0	0.0383	0.0891
V81	0.00591	0	0.99409	0	0
V82	0.2578	0.20067	0.02246	0.49151	0.02757
V83	0.09806	0.08808	0.01632	0.49438	0.30316
V84	0.08195	0.15612	0	0.04296	0.71897
V85	0	0	1	0	0
V86	0.02583	0.27222	0.33745	0.34321	0.02129
V87	0.49872	0.02996	0.03952	0.40125	0.03055
V88	0.30589	0.18387	0.04215	0.15477	0.31332
V89	0.04978	0.07269	0.85396	0.02358	0
V90	0.01589	0.17223	0.04663	0.08385	0.68141
V91	8e-04	0	0.09716	0.8549	0.04714
V92	0.21585	0.03369	0.0171	0.03776	0.6956
V93	0.0084	0.08388	0.18091	0.47102	0.25578
V94	0.03452	0.17025	0.01268	0.19851	0.58405
V95	0.05645	0.22591	0.01062	0.08366	0.62335
V96	0.81245	0.00622	0.01679	0.0044	0.16015
V97	0.14644	0.02227	0.03632	0.09191	0.70306
V98	0.05539	0.38244	0.17543	0.09676	0.28997
V99	0.51916	0.16043	0	0.1782	0.14221
V100	0.53287	0.17633	0.04111	0.03136	0.21833
V101	0.06646	0.92535	0	0.00648	0.00171
V102	0.30682	0.26165	0.13155	0.07872	0.22125
V103	0.1044	0	0	0.04497	0.85063
V104	0.0481	0.40659	0.0694	0.02427	0.45164
V105	0.00794	0.00049	0.03287	0.08229	0.87641
V106	0.05618	0.77202	0.13351	0.00437	0.03391
V107	0.056	0.1997	0.70772	0.03099	0.00559
V108	0.02282	0.14672	0.83047	0	0
V109	0.05659	0.22353	0.04925	0.23332	0.4373
V110	0.1811	0.53578	0.18196	0.0842	0.01695
V111	0.29066	0.21224	0.4971	0	0
V112	0.18261	0	0.11631	0.42771	0.27337
V113	0.22456	0	0.10085	0.12066	0.55393
V114	0.58828	0.0947	0.04218	0.13634	0.13849
V115	0.88289	0	0	0	0.11711
V116	0.00601	0	0	0.06102	0.93297
V117	0.05012	0	0.85997	0.06295	0.02696
V118	0.0403	0	0	0.88244	0.07726
V119	0.35279	0.01063	0.44204	0.19454	0
V120	0.00412	0	0.86482	0.09056	0.0405
V121	0.1875	0.74108	0	0.00422	0.06719
V122	0.03658	0.411	0.07723	0.19268	0.28251
V123	0.50072	0.05326	0.07192	0.15446	0.21964
V124	0.20838	0.11594	0.05537	0.18413	0.43618
V125	0.05051	0.44479	0.49958	0	0.00512
V126	0.15273	0.185	0.21913	0.08956	0.35358
V127	0.28141	0	0.6903	0.02717	0.00111
V128	0.19987	0.78551	0	0	0.01462
V129	0.27118	0.02722	0.28445	0.13978	0.27737
V130	0.03613	0.53782	0.03003	0.18528	0.21074
V131	0.01025	0	0.28043	0.67882	0.0305
V132	0.35656	0.02273	0	0.29391	0.32681
V133	0.0068	0.02584	0.56775	0.07277	0.32685
V134	0.07454	0	0.8168	0.01312	0.09554
V135	0.02738	0.07033	0.75587	0.01708	0.12933
V136	0.99767	0.00233	0	0	0
V137	0.92745	0.03837	0	0.00521	0.02897
V138	0.24153	0.15023	0.07083	0.10701	0.43039
V139	0.12891	0	0.18879	0.64568	0.03662
V140	0.01779	0	0.14224	0.04192	0.79805
V141	0.02406	0.20307	0.68735	0.07696	0.00856
V142	0.20502	0	0.34136	0.10301	0.3506
V143	0.02153	0.18364	0.50362	0.11907	0.17214
V144	0.51119	0.24696	0.06129	0.08854	0.09203
V145	0	0	0.97516	0.00684	0.01799
V146	0.03538	0.36826	0	0.26475	0.33161
V147	0.10428	0.03564	0.74039	0.08369	0.036
V148	0.1555	0.80545	0	0.02163	0.01742
V149	0.00289	0	0	0.8798	0.11732
V150	0.1506	0.1765	0.59871	0	0.0742
V151	0.45965	0.02894	0	0.36056	0.15085
V152	0.00739	0	0.13319	0.72625	0.13317
V153	0.17649	0.17619	0.47053	0.03244	0.14435
V154	0.11634	0.60491	0.00916	0.02486	0.24473
V155	0.03495	0	0.16214	0.75532	0.04759
V156	0.09935	0.00564	0.41828	0.12607	0.35067
V157	0.09021	0.03216	0.17661	0.23769	0.46332
V158	0.1876	0	0.45552	0.03288	0.32399
V159	0.12179	0.26742	0.00586	0.53982	0.06511
V160	0.44527	0.17563	0.08618	0.02775	0.26518
V161	0.19394	0.01249	0.05165	0.02652	0.71541
V162	0	0	1	0	0
V163	0.04298	0	0.00373	0.07292	0.88037
V164	0.93879	0.05786	0.00334	0	0
V165	0.6196	0.23114	0.07635	0.0267	0.04621
V166	0.05058	0	0.28031	0.54278	0.12633
V167	0.04242	0.66989	0.0049	0.10619	0.1766
V168	0	0	1	0	0
V169	0.06316	0.71312	0.14531	0.06031	0.01809
V170	0.24776	0.42401	0.04493	0.15215	0.13115
V171	0.32636	0.08095	0.39713	0.14022	0.05535
V172	0.16829	0.22569	0.05741	0.02655	0.52206
V173	0.22256	0.11344	0.09433	0.35355	0.21613
V174	0.21089	0	0.37801	0.16554	0.24556
V175	0.07224	0.13906	0.11588	0.15297	0.51985
V176	0.41364	0.0234	0	0.54236	0.0206
V177	0.2128	0.00272	0.63517	0.14225	0.00707
V178	0.29501	0.02528	0.4995	0.08572	0.09448
V179	0.08342	0.00053	0	0.04744	0.86861
V180	0.02209	0	0.33534	0.02455	0.61803
V181	0.0594	0.26655	0	0.06277	0.61128
V182	0.57931	0.25395	0	0.12174	0.045
V183	0.07568	0.914	0	0.00029	0.01003
V184	0.34769	0	0.33858	0.28065	0.03309
V185	0.10423	0.50543	0.01017	0.11677	0.2634
V186	0.13132	0.1906	0.01957	0.21308	0.44543
V187	0.08399	0.73169	0	0.16811	0.01622
V188	0.88118	0.033	0.02688	0.05586	0.00307
V189	0.47195	0.2859	0.02544	0.20461	0.01211
V190	0.40708	0.06547	0.21805	0.00816	0.30124
V191	0.22631	0.25861	0	0.36376	0.15132
V192	0.32901	0.21348	0.12706	0.17209	0.15836
V193	0.07556	0.19174	0.53295	0.0302	0.16955
V194	0.2519	0.04724	0.08061	0.08839	0.53186
V195	0.58771	0.16679	0.2455	0	0
V196	0.00155	0	0.04605	0.07484	0.87756
V197	0.074	0.89006	0	0.02527	0.01067
V198	0.22759	0.24496	0.02494	0.16781	0.3347
V199	0.77528	0	0.22472	0	0
V200	0.77419	0	0.02161	0.00596	0.19824
V201	0.03229	0	0.01925	0.67121	0.27726
V202	0.93755	0.06245	0	0	0
V203	0.53091	0.27249	0.01548	0.03497	0.14615
V204	0.312	0.08514	0.02119	0.01112	0.57054
V205	0.10473	0.01971	0.11125	0.07646	0.68786
V206	0.04495	0.12077	0	0.74664	0.08764
V207	0.01663	0.025	0	0.89247	0.06591
V208	0.16625	0.21063	0.49165	0.03066	0.1008
V209	0.14416	0.01031	0.08961	0.04751	0.70841
V210	0	0	0.99303	0	0.00697
V211	0.14618	0.00804	0.19815	0.03717	0.61047
V212	0.06625	0.77765	0.06191	0.03146	0.06273
V213	0.08959	0	0.05541	0.22369	0.63132
V214	0.03521	0.55123	0.38092	0.00801	0.02463
V215	0.24496	0.23093	0.12951	0.06285	0.33175
V216	0.05428	0.01568	0.32526	0.04671	0.55808
V217	0	0	0.02423	0.81589	0.15988
V218	0.0784	0.19541	0.31379	0.29589	0.11651
V219	0.14011	0.28536	0.40594	0.15879	0.00979
V220	0.19007	0.76132	0.04174	0.00026	0.00662
V221	0.04661	0.03482	0.50166	0.01739	0.39952
V222	0.01517	0	0	0.06551	0.91931
V223	0.55466	0	0.3472	0.08699	0.01115
V224	0.047	0.55819	0.01128	0.07085	0.31267
V225	0.71481	0.16373	0.12147	0	0
V226	0.45138	0.54751	0	0	0.00111
V227	0.09949	0.31293	0	0.52283	0.06475
V228	0.61434	0.0132	0.29245	0.04358	0.03644
V229	0.2739	0.4083	0.2609	0.02649	0.03041
V230	0.01191	0	0	0.06558	0.92251
V231	0.06976	0.64271	0.04864	0.13898	0.09992
V232	0.81246	0	0.18754	0	0
V233	0.0542	0.0082	0.1425	0.09544	0.69966
V234	0.02429	0.41075	0.22805	0.29705	0.03987
V235	0.99033	0.00967	0	0	0
V236	0.08441	0	0.69195	0.1621	0.06153
V237	0.13096	0.06935	0.28964	0.27307	0.23698
V238	0.00452	0	0	0.25337	0.7421
V239	0.06923	0.42313	0.03678	0.14556	0.3253
V240	0.07159	0.8517	0	0.01443	0.06227
V241	0.05835	0.92998	0	0.00109	0.01059
V242	0.04032	0.34141	0.31041	0.23061	0.07724
V243	0.4845	0	0.34751	0.01132	0.15666
V244	0.03694	0.40741	0.18279	0.06848	0.30438
V245	0.05638	0.91059	0.01207	0.01898	0.00198
V246	0.60513	0.28477	0.0131	0	0.097
V247	0.20711	0.07334	0.65669	0.03272	0.03014
V248	0.09637	0.6078	0.00982	0.01453	0.27148
V249	0.25017	0.05925	0.20614	0.08117	0.40327
V250	0.02502	0.00125	0.66645	0.03101	0.27627
V251	0.24	0.01917	0.10407	0.54943	0.08732
V252	0.0282	0.0999	0.58088	0.12768	0.16334
V253	0.29213	0.59702	0.06831	0.02801	0.01453
V254	0.51758	0.41187	0	0.05575	0.0148
V255	0.82238	0.08368	0	0.00245	0.09149
V256	0.04852	0.76485	0.00183	0.01319	0.1716
V257	0.44108	0.31606	0.13792	0.01917	0.08577
V258	0.17379	0.3809	0.04004	0.38267	0.02261
V259	0.53779	0.27857	0.16979	0	0.01385
V260	0.24867	0.02507	0.09957	0.07405	0.55263
V261	0.02293	0	0.5542	0.25692	0.16595
V262	0.92576	0.02982	0.04442	0	0
V263	0.83171	0.09239	9e-05	0.07581	0
V264	0.07377	0.89267	0	0.03127	0.0023
V265	0.84078	0.08842	0.0708	0	0
V266	0.01008	0	0.07157	0.06376	0.85459
V267	0.04301	0	0	0.15309	0.8039
V268	0.20376	0.46173	0.13518	0.14152	0.05781
V269	0.0962	0.34203	0.36775	0.1546	0.03942
V270	0.05149	0	0.03776	0.86265	0.0481
V271	0.21741	0.73566	0	0.01396	0.03297
V272	0.10748	0.82849	0.00883	0.01166	0.04354
V273	0.30471	0.00799	0.19375	0.28411	0.20945
V274	0.08733	0.03291	0.03028	0.1786	0.67088
V275	0.0542	0.72359	0.13595	0.06753	0.01873
V276	0.00823	0	0.75546	0.20142	0.03489
V277	0.36391	0	0.61519	0	0.0209
V278	0.00444	0.01986	0.38218	0.41456	0.17895
V279	0.16194	1e-04	0.01051	0.72113	0.10632
V280	0.21052	0.02149	0.03745	0.57809	0.15246
V281	0.02753	0.26802	0.0409	0.6231	0.04043
V282	0.06684	0.9222	0	0.00067	0.01029
V283	0.34025	0.00249	0.10466	0.0261	0.5265
V284	0.02908	0.10148	0.5315	0.00714	0.3308
V285	0.50795	0.47626	0	0.01119	0.00459
V286	0.08742	0	0.88463	0.02317	0.00478
V287	0.25425	0.06461	0.17939	0.24808	0.25366
V288	0.20081	0	0.64987	0	0.14932
V289	0.17267	0.27168	0.01403	0.51206	0.02956
V290	0.41999	0.46287	0.11714	0	0
V291	0.4269	0.25132	0	0.30476	0.01702
V292	0.11809	0.00345	0.41162	0.03618	0.43065
V293	0.00797	0.08518	0.85367	0.03563	0.01755
V294	0.00611	0	0	0.06055	0.93334
V295	0.01408	0.00959	0.37752	0.47621	0.12259
V296	0.85516	0.11886	0	0	0.02598
V297	0.01799	0	0.82486	0.10608	0.05106
V298	0.3191	0.00081	0	0.51032	0.16976
V299	0.30083	0	0.00681	0.66358	0.02878
V300	0.99082	0.00918	0	0	0
V301	0.98878	0.00313	0	0.00496	0.00313
V302	0.00408	0	0	0.36681	0.62911
V303	0.10788	0.16801	0.21748	0.14945	0.35717
V304	0.19844	0.00098	0.78313	0	0.01744
V305	0.20515	0.33149	0.08014	0.08498	0.29824
V306	0.31441	0.66632	0	0.00465	0.01462
V307	0.25991	0	0.31471	0.41502	0.01036
V308	0.24254	0	0.70448	0.05027	0.00271
V309	0.6668	0.07185	0.04218	0.08729	0.13188
V310	0.02757	0.0107	0	0.1138	0.84794
V311	0.00936	0	0.04851	0.87886	0.06326
V312	0.08609	0.23785	0.23744	0.01091	0.42771
V313	0.06349	0.31808	0.0028	0.26891	0.34672
V314	0.0788	0.00417	0	0.33595	0.58108
V315	0.96855	0.00434	0.00316	0	0.02395
V316	0.11384	0.55903	0.23679	0.02045	0.0699
V317	0.39113	0.06129	0.53495	0	0.01263
V318	0.91236	0	0	0	0.08764
V319	0.11263	0.02475	0.86261	0	0
V320	0.08622	0	0.00095	0.85315	0.05968
V321	0.14278	0.35534	0.31278	0.15972	0.02937
V322	0.01636	0.24647	0.58084	0.03826	0.11807
V323	0.25596	0.20707	0.44308	0.00786	0.08602
V324	0.0406	0.04872	0.04694	0.80908	0.05465
V325	0.65013	0.11599	0.08039	0.08371	0.06978
V326	0.0449	0.00063	0.04937	0.13429	0.7708
V327	0.32224	0.50567	0.09543	0.00992	0.06673
V328	0.05221	0.32659	0.17858	0.40803	0.03459
V329	0.00394	0.03464	0.45339	0.47879	0.02924
V330	0.08521	0	0.86491	0	0.04989
V331	0.12505	0.01066	0.08266	0.09093	0.6907
V332	0.47452	0.02939	0.47604	0	0.02005
V333	0.42067	0.02562	0.33245	0.12422	0.09705
V334	0.04992	0.27867	0.56421	0.06184	0.04537
V335	0.72874	0.05731	0.07759	0.01461	0.12175
V336	0.1634	0.58131	0.24472	0	0.01057
V337	0.00498	0	0.00586	0.15924	0.82993
V338	0.73269	0.00963	0.15715	0	0.10053
V339	0.20467	0.54334	0.16959	0	0.0824
V340	0.03273	0.15121	0.10099	0.06372	0.65135
V341	0.03196	0.47732	0.42608	0.00284	0.0618
V342	0.30573	0.14321	0.4755	0.07556	0
V343	0.69946	0	0.30054	0	0
V344	0.10261	0.76394	0.02565	0.01922	0.08858
V345	0.2129	0.04679	0	0.24457	0.49575
V346	0.04006	0.3324	0.33461	0.24668	0.04624
V347	0.08881	0.57253	0.01237	0.26765	0.05863
V348	0.01891	0.12732	0.47521	0.20721	0.17136
V349	0.0716	0.29183	0.5282	0.00797	0.1004
V350	0.11451	0.4478	0.07585	0.19184	0.17
V351	0.19492	0.00678	0.49498	0.27931	0.02401
V352	0.11382	0.53868	0.3429	0	0.0046
V353	0.24125	0.34076	0.02249	0.03832	0.35718
V354	0.56824	0	0.43176	0	0
V355	0.09531	0	0.39646	0.48216	0.02607
V356	0.09778	0	0.8593	0.00973	0.03318
V357	0.04622	0.01243	0.5183	0.03103	0.39203
V358	0.02821	0.03676	0.03729	0.83908	0.05866
V359	0.05795	0.13827	0.00126	0.76209	0.04044
V360	0.74611	0.05153	0.09069	0.11167	0
V361	0.32753	0.49925	0.07349	0	0.09973
V362	0.82056	0.00236	0.09468	0	0.0824
V363	0.02792	0.02094	0	0.14738	0.80376
V364	0.04201	0.31912	0.01447	0.38471	0.23968
V365	0.00255	0.00039	0.00648	0.89803	0.09256
V366	0.21807	0.01524	0.63165	0.04294	0.09211
V367	0.23187	0.23365	0.21209	0.13403	0.18837
V368	0.75684	0.08865	0.12377	0	0.03074
V369	0.0484	0.65986	0.23047	0.06032	0.00096
V370	0.02312	0.16057	0.1252	0.31596	0.37514
V371	0.06595	0.90439	0.02898	0	0.00068
V372	0.67929	0.06857	0.15231	0.07889	0.02094
V373	0.12124	0.68084	0.11738	0.07132	0.00921
V374	0.10888	0.03521	0.44143	0.40303	0.01145
V375	0.31124	0	0.644	0.04476	0
V376	0.00607	0	0.39136	0.02864	0.57394
V377	0.09522	0.53508	0.20975	0.14831	0.01164
V378	0.1332	0.54924	0.16351	0	0.15406
V379	0.02157	0	0.10149	0.09198	0.78496
V380	0.01693	0.04631	0.19193	0.45366	0.29117
V381	0.1337	0.03843	0	0.03732	0.79055
V382	0.4234	0	0	0.2556	0.321
V383	0.03223	0	0.3269	0.61483	0.02605
V384	0.31605	0.04839	0.18794	0.37517	0.07245
V385	0.0783	0.08624	0	0.04174	0.79373
V386	0.71742	0.01718	0	0.26065	0.00474
V387	0.3031	0.02473	0	0.61372	0.05846
V388	0.06264	0.85775	0.01813	0.05028	0.01119
V389	0.12511	0.78946	0	0.02408	0.06134
V390	0.19638	0	0	0.64423	0.15939
V391	0.72053	0.16579	0	0.04736	0.06632
V392	0.96127	0.03873	0	0	0
V393	0.10706	0.01549	0.17114	0.48549	0.22081
V394	0.75077	0.00835	0.01645	0.12145	0.10298
V395	0	0	0.43929	0.52823	0.03248
V396	0.55713	0.00266	0.44021	0	0
V397	0.69999	0.152	0.02553	0.08123	0.04125
V398	0.06411	0	0.19778	0.60699	0.13112
V399	0.03783	0.02027	0	0.23951	0.70238
V400	0.17189	0.56038	0.15329	0.11303	0.0014
V401	0.3224	0	0.66767	0.00993	0
V402	0.38255	0.01434	0.48044	0.04426	0.07841
V403	0.1391	0.06896	0	0.12714	0.6648
V404	0.00451	0.03295	0.54511	0.35078	0.06665
V405	0.35359	0.29627	0.06411	0.17492	0.1111
V406	0.02352	0	0.96263	0	0.01386
V407	0.91565	0.04211	0.02877	0.01347	0
V408	0.0374	0.39602	0	0.21442	0.35216
V409	0.11986	0	0.07273	0.6469	0.16051
V410	0.12441	0.11958	0.32101	0.04117	0.39383
V411	0.00584	0	0	0.06727	0.92689
V412	0.02262	0.12907	0.11922	0.04626	0.68283
V413	0.02781	0.27258	0.16053	0.31574	0.22335
V414	0.04177	0.09058	0	0.41177	0.45588
V415	0.14161	0	0	0.03866	0.81973
V416	0.09971	0.08428	0.01124	0.1382	0.66657
V417	0.00774	0	0.81178	0.10756	0.07292
V418	0.54793	0.41712	0.00657	0	0.02838
V419	0.23252	0.01534	0.00992	0.11202	0.63021
V420	0.21038	0	0.09393	0.05111	0.64458
V421	0.00338	0	0.1195	0.07344	0.80369
V422	0.0147	0.00679	0.05533	0.68085	0.24233
V423	0.30616	0.20406	0.3076	0.15535	0.02683
V424	0.00054	0	0.47924	0.01864	0.50158
V425	0.31632	0.3841	0	0.00868	0.2909
V426	0.25394	0.21946	0.01074	0.40559	0.11027
V427	0.20672	0.65074	0.13971	0	0.00284
V428	0.0993	0.67113	0.06485	0.07125	0.09347
V429	0.12518	0.79928	0	0.04825	0.02729
V430	0.03242	0	0.42668	0.16491	0.37599
V431	0.12333	0.40181	0.20758	0.20435	0.06292
V432	0.32156	0.07285	0.1352	0.29833	0.17207
V433	0.20735	0	0.57632	0.18763	0.02871
V434	0.24672	0.27987	0.38505	0.00249	0.08586
V435	0.57059	0.02845	0.39294	0.00802	0
V436	0.06673	0.59978	0.09085	0.04226	0.20038
V437	0.1814	0.01455	0.01968	0.15285	0.63152
V438	0.14478	0.33496	0.21082	0.23411	0.07533
V439	0.66829	0.00268	0.04524	0.2619	0.02189
V440	0.03403	0.34478	0.5615	0.00746	0.05222
V441	0.04449	0.54449	0.38428	0.01968	0.00706
V442	0.06733	0.93092	0	2e-04	0.00155
V443	0.98078	0.00291	0	0.01631	0
V444	0.16282	0.4904	0.02064	0.27803	0.0481
V445	0.07377	0.47605	0.03297	0.38218	0.03502
V446	0.12031	0.02956	0.11431	0.52436	0.21146
V447	0.06655	0	0.0065	0.40864	0.51831
V448	0.14869	0	0.00959	0.04966	0.79206
V449	0	0	1	0	0
V450	0.20913	0.08155	0.25605	0.11144	0.34184
V451	0.2881	0.23327	0.0559	0.28936	0.13338
V452	0.01078	0	0.19596	0.70047	0.0928
V453	0.01662	0.00256	0	0.41717	0.56366
V454	0.00842	0	0.69446	0.02423	0.27289
V455	0.06486	0.21865	0.27419	0.04388	0.39841
V456	0.96035	0.00974	0	0	0.02991
V457	0.68007	0.22465	0.02408	0.03303	0.03816
V458	0.0347	0.36153	0.51841	0.04088	0.04448
V459	0.14349	0.06439	0.05483	0.4386	0.2987
V460	0.70461	0.03017	0.21321	0.0343	0.01771
V461	0.18801	0.30571	0.239	0.01201	0.25527
V462	0.05201	0.08514	0.00711	0.45537	0.40037
V463	0.24411	0.07267	0.0077	0.63754	0.03798
V464	0.17345	0.16444	0.66027	0	0.00184
V465	0.04063	0.08832	0.00407	0.05884	0.80814
V466	0.02035	0	0	0.12244	0.85721
V467	0.06306	0.29737	0.016	0.49104	0.13253
V468	0.55981	0.31878	0.1001	0	0.02131
V469	0.02339	0.35015	0.04951	0.23428	0.34267
V470	0.86731	0.06197	0.01826	0.04941	0.00305
V471	0.38695	0.32641	0.01583	0.11166	0.15916
V472	0.00935	0.01954	0.03195	0.05516	0.884
V473	0.03515	0.22257	0.26368	0.26973	0.20888
V474	0.31783	0.16453	0.06045	0.39409	0.0631
V475	0.16708	0	0.62119	0.02078	0.19095
V476	0.17429	0.03198	0.11685	0.57519	0.10168
V477	0.05867	0.93894	0	0.00057	0.00182
V478	0.15654	0	0	0.03716	0.80631
V479	0.8672	0.06117	0.0269	0.04223	0.00251
V480	0.14254	0.68945	0.04351	0.08748	0.03702
V481	0.24684	0.40171	0.05387	0.14561	0.15197
V482	0.11796	0.69246	0.17687	0	0.01271
V483	0.31003	0.55975	0	0.07684	0.05338
V484	0.22553	0.54567	0.11208	0.09872	0.018
V485	0.68794	0.08435	0.12039	0.08587	0.02145
V486	0.06564	0.05724	0.28869	0.01902	0.56941
V487	0.14857	0.12372	0.4586	0.25529	0.01381
V488	0.42341	0.0869	0	0.2911	0.19859
V489	0.01538	0.20997	0.70171	0.05559	0.01736
V490	0.00797	0	0.8063	0.17272	0.013
V491	0.04191	0.47155	0.03679	0.08788	0.36188
V492	0.03439	0.17249	0.03177	0.69199	0.06937
V493	0.01105	0	0.00381	0.91666	0.06847
V494	0.35793	0	0.01345	0.50858	0.12003
V495	0.34053	0.23646	0.22456	0.13252	0.06593
V496	0.12329	0.02018	0.0445	0.03541	0.77662
V497	0.09548	0.01929	0.14276	0.10296	0.63951
V498	0.0824	0.87435	0.01053	0.00602	0.0267
V499	0.04482	0.21405	0.25726	0.06105	0.42281
V500	0.11722	0.528	0.10666	0.17652	0.07161
V501	0.07077	0.31578	0.00093	0.03195	0.58057
V502	0.13664	0.8163	0.0261	0.02078	0.00018
V503	0.4529	0.01641	0.2215	0.11308	0.19611
V504	0.45869	0.21	0	0.00577	0.32554
V505	0.62783	0.00647	0.01402	0.06658	0.2851
V506	0.03562	0.51807	0.0531	0.02144	0.37177
V507	0.88022	0	0.02509	0.06416	0.03053
V508	0.03892	0.64087	0.20762	0.03097	0.08163
V509	0.06171	0.48649	0.13788	0.15896	0.15496
V510	0.40995	0.52743	0.03219	0.02511	0.00531
V511	0.07297	0.3067	0.52206	0.02642	0.07185
V512	0.15205	0.4698	0.16925	0.03671	0.17218
V513	0.17131	0.70177	0.06085	0.03243	0.03364
V514	0.00763	0	0.2115	0.06174	0.71913
V515	0.08317	0.15837	0	0.72131	0.03714
V516	0.17149	0.41058	0.11101	0.28024	0.02668
V517	0.01563	0.03559	0.06043	0.83119	0.05716
V518	0.43646	0.01221	0.3639	0.15253	0.0349
V519	0.83101	0.06384	0	0.09896	0.0062
V520	0.08197	0.87003	0.00229	0.04328	0.00242
V521	0.23302	0	0.16036	0.57625	0.03037
V522	0.05427	0.18653	0.60087	0.10969	0.04865
V523	0.15881	0.02485	0.78659	0.02652	0.00324
V524	0.34268	0.00726	0.59209	0	0.05798
V525	0.01762	0.18775	0.02018	0.04687	0.72758
V526	0.0466	0.00436	0.90053	0.01265	0.03585
V527	0.09167	0.48198	0.39824	0.00541	0.0227
V528	0.17294	0	0.01973	0.76982	0.03752
V529	0.22028	0.00163	0.77049	0	0.0076
V530	0.02293	0	0.91355	0.03578	0.02774
V531	0.17483	0.52864	0.07816	0.01336	0.20502
V532	0.06589	0.25241	0.28612	0.00962	0.38596
V533	0.24399	0	0	0.02772	0.72828
V534	0.14157	0.08189	0	0.70817	0.06837
V535	0.82618	0.13112	0.04271	0	0
V536	0.12803	0.1699	0.38638	0.02722	0.28847
V537	0.01849	0.01075	0.00623	0.05661	0.90791
V538	0.61647	0.11503	0	0.01862	0.24988
V539	0.01967	0.13149	0.6861	0.08194	0.0808
V540	0.16288	0.48422	0.07982	0.04091	0.23217
V541	0.0382	0.39939	0.00982	0.04184	0.51076
V542	0.04412	0.38115	0.11806	0.37017	0.0865
V543	0.07083	0.0819	0.70473	0.03537	0.10717
V544	0.33715	0.20365	0.18129	0.04861	0.2293
V545	0.62464	0.37536	0	0	0
V546	0.07537	0.78733	0.07055	0.00581	0.06094
V547	0.09708	0.79891	0	0.07501	0.029
V548	0.00651	0.07687	0.00432	0.85029	0.06201
V549	0.00464	0	0.01461	0.17154	0.80921
V550	0.0535	0.85361	0.07925	0.00474	0.0089
V551	0.01142	0	0	0.93053	0.05805
V552	0.20391	0.00433	0.01008	0.05481	0.72688
V553	0.81901	0.0105	0.00842	0.10967	0.0524
V554	0.12061	0.02954	0.55269	0.27222	0.02496
V555	0.05644	0.91413	0	0.00156	0.02788
V556	0.08871	0.05874	0.06377	0.68666	0.10213
V557	0.32534	0.29138	0.02674	0.28986	0.06668
V558	0.01153	0	0.83396	0.12304	0.03147
V559	0.10866	0.41777	0.44341	0	0.03016
V560	0.62696	0.24674	0.1263	0	0
V561	0.71381	0	0.13945	0	0.14674
V562	0.11794	0.04045	0.15233	0.09086	0.59842
V563	0.21698	0.27297	0.20709	0.08755	0.21541
V564	0.36109	0.02562	0.05937	0.29921	0.25472
V565	0.0057	0	0.00548	0.08538	0.90343
V566	0.30381	0.16734	0.01678	0.27543	0.23663
V567	0.01653	0	0.9799	0	0.00357
V568	0.03488	0.23387	0.46814	0.25636	0.00675
V569	0.65316	0.10682	0.11037	0.08879	0.04086
V570	0.14557	0.01176	0.32856	0.41192	0.1022
V571	0.27785	0	0.26584	0.29378	0.16253
V572	0.84572	0.00064	0	0	0.15364
V573	0.08396	0.05828	0.38068	0.33202	0.14505
V574	0.52929	0.31773	0.06911	0.06169	0.02218
V575	0.34819	0.02513	0.11542	0.04394	0.46732
V576	0.05487	0.87335	0	0.00911	0.06267
V577	0.41018	0.52846	0.0238	0.03183	0.00574
V578	0.03074	0.1526	0.55958	0.19154	0.06554
V579	0.03329	0.5122	0.3144	0.01875	0.12136
V580	0.21675	0.58829	0.00121	0.16199	0.03176
V581	0.0618	0.49521	0.37559	0.05926	0.00814
V582	0.00512	0.01816	0.97672	0	0
V583	0.63051	0	0.36949	0	0
V584	0.21813	0.51609	0.09698	0.02189	0.14691
V585	0.05736	0.78053	0.05312	0.04512	0.06386
V586	0.04788	0.78989	0.1529	0.00929	3e-05
V587	0.06057	0.67917	0	0.02727	0.23299
V588	0.23294	0.3983	0.36877	0	0
V589	0.10705	0.46501	0.04093	0.3449	0.04211
V590	0.05759	0.76909	0	0.0126	0.16072
V591	0.4567	0.51744	0.02382	0	0.00204
V592	0.01394	0	0.77378	0.02665	0.18563
V593	0.45417	0.0148	0	0.45143	0.0796
V594	0.00831	0.11055	0.69605	0.12307	0.06203
V595	0.55739	0.05761	0.06622	0.26628	0.05249
V596	0.47004	0.20421	0.21829	0.08492	0.02255
V597	0.02628	0.18178	0	0.11291	0.67903
V598	0.56365	0.00062	0	0	0.43573
V599	0.08304	0.45189	0.09234	0.32194	0.05079
V600	0.29697	0.0061	0.21096	0.33275	0.15323
V601	0.14432	0.10723	0	0.42089	0.32756
V602	0.82731	0.17269	0	0	0
V603	0.12316	0.13709	0.0187	0.12274	0.59831
V604	0.02183	0	0.74318	0.08629	0.1487
V605	0.02771	0.04827	0.12228	0.08393	0.7178
V606	0.83813	0	0	0	0.16187
V607	0.14857	0.10042	0.00939	0.03671	0.70491
V608	0.77559	0.01687	0.02514	0.05562	0.12677
V609	0.19448	0.36039	0.00021	0.34041	0.10451
V610	0.09205	0.70551	0	0.18547	0.01697
V611	0.28171	0.00383	0.65343	0.00484	0.05619
V612	0.37319	0.04112	0.32249	0.0062	0.257
V613	0.40454	0.55965	0.02398	0.01183	0
V614	0.5224	0.03929	0.00492	0.05869	0.37471
V615	0.00891	0.09853	0.1483	0.52035	0.22392
V616	0.69435	0	0.16273	0.1023	0.04062
V617	0.2337	0.05769	0.49136	0.06798	0.14926
V618	0.72855	0.09361	0.05918	0	0.11866
V619	0.53874	0.03968	0.1537	0	0.26787
V620	0.04737	0.01102	0.42178	0.49182	0.028
V621	0.13891	0.21445	0.28836	0.00507	0.35321
V622	0.02338	0.19003	0.34269	0.02021	0.42369
V623	0.0719	0	0.00034	0.65298	0.27478
V624	0.92361	0	0	0.00086	0.07552
V625	0.0058	0.07068	0.11572	0.75782	0.04998
V626	0.0821	0.00613	0.62043	0.25559	0.03575
V627	0.10088	0.14383	0.10865	0.04116	0.60549
V628	0.97585	0.02131	0	0.00284	0
V629	0.13308	0.22235	0.63421	0.00721	0.00314
V630	0.01692	0.16858	0.012	0.05564	0.74686
V631	0.0017	0	0.26114	0.03936	0.6978
V632	0.05761	0.76667	0	0.03032	0.1454
V633	0.05484	0	0.09841	0.47162	0.37514
V634	0.40304	0.46046	0.1365	0	0
V635	0.03897	0.08783	0.17777	0.04098	0.65444
V636	0.20765	0.17698	0.32973	0.14999	0.13565
V637	0.22732	0	0.45918	0.20565	0.10785
V638	0.08148	0.46913	0.00939	0.07333	0.36667
V639	0.52124	0.41368	0.06508	0	0
V640	0.10905	0.1912	0.07713	0.19704	0.42558
V641	0.10408	0.75245	0.00985	0.1032	0.03042
V642	0.78326	0.04102	0	0.17501	0.00071
V643	0.06387	0.86479	0.05329	0.01708	0.00097
V644	0.05285	0.49447	0.01424	0.38226	0.05618
V645	0.16395	0.77576	0	0.05865	0.00164
V646	0.14115	0.57308	0.01962	0.18364	0.08251
V647	0.96766	0.00294	0	0.02941	0
V648	0.44869	0.13038	0	0.22871	0.19222
V649	0.25708	0.09251	0.07041	0.09273	0.48726
V650	0.02113	0	0.07044	0.86022	0.04822
V651	0.15893	0.25136	0	0.56622	0.02349
V652	0.40376	0.00934	0.03428	0.5138	0.03882
V653	0.37843	0.01808	0.05454	0.47947	0.06948
V654	0.03051	0.06601	0	0.08905	0.81443
V655	0.17426	0.05015	0.3537	0.40113	0.02076
V656	0.10333	0	0	0.10866	0.78801
V657	0.04508	0.53289	0.02242	0.26725	0.13236
V658	0.02728	0.02884	0.02986	0.55616	0.35786
V659	0.01468	0.01964	0.09163	0.75003	0.12402
V660	0.06209	0.32872	0.00917	0.04905	0.55097
V661	0.05254	0.68303	0.00447	0.14008	0.11988
V662	0.04042	0.42516	0.00967	0.0218	0.50295
V663	0.99702	0.00298	0	0	0
V664	0.0179	0	0.12152	0.34648	0.5141
V665	0.03919	0.64107	0.2106	0.0632	0.04594
V666	0.10061	0.86803	0.02728	0.00383	0.00024
V667	0.04552	0.55795	0.2638	0.07696	0.05578
V668	0.64812	0.25794	0.04165	0.03213	0.02016
V669	0.46253	0.33707	0.01617	0.06335	0.12088
V670	0.09737	0.63041	0.03559	0.02992	0.20671
V671	0.78915	0	0.20596	0.00489	0
V672	0.09213	0.06794	0.09066	0.26274	0.48654
V673	0.00908	0.00902	0	0.124	0.8579
V674	0.36728	0.08301	0.52078	0	0.02893
V675	0.71398	0.00301	0.03339	0.11629	0.13333
V676	0.25862	0.08852	0.50959	0	0.14327
V677	0.05009	0.29563	0.24446	0.3262	0.08362
V678	0.05152	0.30562	0.00172	0.04801	0.59313
V679	0.01263	0	0.53203	0.42922	0.02612
V680	0.16403	0	0.0128	0.30244	0.52073
V681	0.54859	0.0467	0.03583	0.25203	0.11686
V682	0	0	1	0	0
V683	0.0744	0.16114	0.64408	0	0.12038
V684	0.06576	0.00029	0.0043	0.87925	0.0504
V685	0.01185	0	0.89636	0.08222	0.00957
V686	0.27961	0.63655	0.05991	0.00974	0.0142
V687	0	0	0.65427	0.31453	0.0312
V688	0	0	0.98224	0	0.01776
V689	0.50212	0.05852	0.20606	0.07667	0.15662
V690	0.10931	0.8621	0.00228	0.01685	0.00946
V691	0.15488	0.15613	0.0482	0.5741	0.0667
V692	0.07574	0.02234	0.01155	0.73038	0.15999
V693	0.03338	0.50362	0.43602	0.01992	0.00706
V694	0.09427	0.22773	0.03647	0.52993	0.1116
V695	0.11848	0.10067	0.13776	0.03282	0.61026
V696	0.11881	0	0.7595	0	0.12168
V697	0.10984	0.10757	0.35186	0.29049	0.14024
V698	0.01498	0	0.1674	0.04659	0.77103
V699	0.03711	0.00608	0.0522	0.61055	0.29406
V700	0.06965	0.81103	0.05869	0.00035	0.06028
V701	0.0171	0.16826	0.00384	0.0504	0.7604
V702	0.02211	0.14019	0	0.61781	0.21989
V703	0.01499	0.01218	0.02811	0.88079	0.06394
V704	0.04553	0.03549	0.38929	0.02968	0.50001
V705	0.95385	0.01834	0	0	0.02781
V706	0.16479	0.16593	0.17834	0.3806	0.11034
V707	0.14019	0.12531	0.06848	0.23237	0.43365
V708	0.03739	0.58513	0.37714	0.00034	0
V709	0.0085	0.00058	0.02396	0.05674	0.91022
V710	0.12942	0.00084	0.48734	0.0051	0.37731
V711	0.04873	0	0.0098	0.06427	0.8772
V712	0.06579	0	0.76166	0.15241	0.02015
V713	0.25639	0.42442	0.3192	0	0
V714	0.04259	0	0	0.05544	0.90197
V715	0.01828	0.27417	0.6219	0.0767	0.00894
V716	0.74796	0.20674	0	0.02522	0.02008
V717	0.3839	0.17375	0.11536	0.01685	0.31014
V718	0.68012	0	0.28395	0	0.03593
V719	0.40256	0.26345	0.10071	0.08712	0.14617
V720	0.11473	0.02967	0.08146	0.05777	0.71637
V721	0.0232	0	0.0382	0.06618	0.87242
V722	0.02715	0.26539	0.05564	0.42973	0.22209
V723	0.12032	0.25612	0.12179	0.45535	0.04642
V724	0.13419	0.69684	0.02635	0.12993	0.01269
V725	0.02453	0	0	0.05811	0.91737
V726	0.21815	0.51589	0.04238	0.04395	0.17963
V727	0.00917	0	0.97396	0	0.01687
V728	0.81524	0.0145	0.12982	0.03957	0.00088
V729	0.64631	0.13835	0.016	0.18916	0.01017
V730	0.13112	0.00858	0.4365	0.33925	0.08456
V731	0.00236	0.01038	0.07455	0.86384	0.04886
V732	0.01124	0	0.00414	0.9277	0.05691
V733	0.0365	0.00519	0.94523	0	0.01308
V734	0.51546	0.07649	0.38299	0.0168	0.00826
V735	0.07058	0.14397	0.21037	0.03676	0.53832
V736	0.01037	0.0298	0	0.05719	0.90264
V737	0.98886	0.01114	0	0	0
V738	0.03275	0.4439	0.00232	0.02895	0.49207
V739	0.01624	0.01275	0	0.91523	0.05579
V740	0.20285	0.07382	0.09685	0.02911	0.59737
V741	0.52207	0.03335	0	0.27001	0.17458
V742	0.07956	0.00356	0.5716	0.14499	0.20028
V743	0.02776	0.03981	0.06715	0.11782	0.74746
V744	0.21485	0.06663	0.19599	0.45439	0.06815
V745	0.19047	0.02317	0.05232	0.69274	0.0413
V746	0.36076	0.57739	0.02325	0	0.03861
V747	0.03652	0.00442	0.93373	0	0.02534
V748	0.16442	0.21033	0.2761	0.04875	0.30039
V749	0.19891	0.1129	0.13033	0.37538	0.18248
V750	0.76755	0.21009	0	0.02236	0
V751	0.04629	0.36495	0.57177	0.01137	0.00561
V752	0.02341	0.11788	0.01251	0.05244	0.79376
V753	0.55445	0.04873	0.252	0.00975	0.13508
V754	0.12739	0.38391	0	0.46048	0.02822
V755	0.23589	0.73567	0.02406	0	0.00438
V756	0.02231	0.0994	0.0129	0.08514	0.78025
V757	0.19448	0	0.11661	0.65246	0.03645
V758	0.07628	0.49693	0	0.40008	0.02671
V759	0.08334	0.01828	0.09049	0.03685	0.77105
V760	0.07837	0.01903	0.22059	0.22081	0.4612
V761	0.06899	0.23947	0.6884	0	0.00314
V762	0.01671	0.03178	0.18448	0.34973	0.4173
V763	0.03053	0.25428	0	0.03598	0.67921
V764	0.12702	0.07089	0.0966	0.65593	0.04956
V765	0.18056	0	0.68607	0.0306	0.10278
V766	0.08055	0.48663	0.24198	0.03802	0.15283
V767	0.26954	0.49601	0.0516	0.03453	0.14831
V768	0.0715	0.84718	0.03501	0.03627	0.01004
V769	0.7689	0	0.19425	0	0.03685
V770	0.32748	0	0.5508	0.11708	0.00464
V771	0.07481	0.74044	0	0.07356	0.11119
V772	0.05592	0	0.94408	0	0
V773	0.02342	0	0	0.1703	0.80628
V774	0.15434	0	0.54007	0	0.30559
V775	0.9474	0	0.01044	0.03035	0.01181
V776	0.35756	0.44739	0.15294	0.01266	0.02946
V777	0.2225	0.39789	0.24772	0.07857	0.05333
V778	0.54139	0.07749	0	0.17482	0.20629
V779	0.07883	0.40674	0.49639	0.00449	0.01354
V780	0.01671	0	0.98329	0	0
V781	0.17524	0.30796	0.16447	0.00471	0.34761
V782	0.22005	0.24293	0.00552	0.01891	0.51259
V783	0	0	0.63513	0.02933	0.33554
V784	0.0424	0.65289	0	0.20056	0.10415
V785	0.72624	0.14792	0	0.06732	0.05853
V786	0.18388	0.24548	0.00419	0.51496	0.0515
V787	0.14212	0.62948	0	0.14954	0.07886
V788	0.36867	0.43521	0.05731	0	0.13881
V789	0.01461	0.16868	0	0.34912	0.46759
V790	0.27896	0.2431	0.05094	0.0933	0.3337
V791	0.18008	0.23247	0.06372	0.16251	0.36122
V792	0.96168	0.02172	0.01181	0	0.00478
V793	0.32309	0.28802	0.04155	0.07443	0.2729
V794	0.01627	0.00904	0.09803	0.16888	0.70778
V795	0.13731	0.84043	0.00163	0.00358	0.01706
V796	0.30174	0.44726	0.10192	0.11314	0.03594
V797	0.12228	0	0	0.0542	0.82353
V798	0.13323	0.52098	0	0.07207	0.27372
V799	0.035	0.19385	0.05101	0.62251	0.09763
V800	0.02675	0.00168	0.00629	0.13573	0.82955
V801	0.4155	0.00814	0.13944	0.3867	0.05022
V802	0.03611	0.18767	0.00323	0.04581	0.72717
V803	0.34214	0.03836	0	0.56449	0.055
V804	0.21516	0.18148	0.22041	0.31368	0.06927
V805	0.15654	0.1319	0.46276	0.13467	0.11414
V806	0.47643	0.01356	0.20224	0.04607	0.26171
V807	0.7376	0	0.0583	0.03008	0.17402
V808	0.84907	0.00345	0.04176	0	0.10572
V809	0.19839	0.62655	0.00594	0.02459	0.14453
V810	0.02864	0.05968	0.03633	0.41115	0.4642
V811	0.05029	0.09168	0.01239	0.11605	0.72958
V812	0.04027	0.66939	0.19078	0.06286	0.0367
V813	0.03485	0.20375	0.20713	0.01908	0.5352
V814	0.20513	0.58715	0.05531	0.1233	0.02912
V815	0.23049	0.71	0.01451	0.03713	0.00786
V816	0.03708	0.57045	0	0.33824	0.05422
V817	0.81652	0.02916	0.15433	0	0
V818	0.04278	0.1951	0.34912	0.03731	0.37568
V819	0.97157	0.02295	0.00323	0.00224	0
V820	0.08004	0.40747	0.12625	0.3345	0.05173
V821	0.00601	0	0	0.06102	0.93297
V822	0.2165	0.01243	0.01022	0.72724	0.0336
V823	0.04693	0.06696	0.21586	0.02557	0.64468
V824	0.06534	0.02027	0.01256	0.04792	0.85392
V825	0.15397	0	0.70432	0.14171	0
V826	0.04124	0	0.94909	0.00966	0
V827	0.36261	0.17819	0	0.32545	0.13375
V828	0.23546	0.14699	0.09711	0.05462	0.46581
V829	0.09171	0.07594	0.31748	0.15142	0.36345
V830	0.15097	0	0.71463	0.01114	0.12326
V831	0.04561	0.764	0.03838	0.11989	0.03212
V832	0.20244	0	0.06359	0.21206	0.52191
V833	0.18902	0.77047	0	0	0.0405
V834	0.75456	0.15063	0.02421	0.00707	0.06353
V835	0.26409	0.32206	0.08701	0.22149	0.10535
V836	0.38696	0.06294	0.47928	0.06819	0.00263
V837	0.05175	0.83196	0.00044	0.03444	0.0814
V838	0	0	0.09349	0.84731	0.0592
V839	0.03637	0.01843	0.06548	0.04715	0.83257
V840	0.96323	0.01247	0.0196	0.00303	0.00167
V841	0.22627	0	0.77373	0	0
V842	0.55793	0.04859	0.22364	0.15417	0.01567
V843	0.45587	0.00514	0.14894	0.05713	0.33292
V844	0.02198	0.14884	0.79099	0.01296	0.02523
V845	0.02459	0	0	0.56372	0.41169
V846	0.10524	0.03023	0.09188	0.07761	0.69504
V847	0.19814	0	0.04398	0.12094	0.63694
V848	0.75503	0.0339	0	0.06447	0.14661
V849	0.14485	0.02203	0.73324	0	0.09988
V850	0.21983	0.02113	0.30659	0.12745	0.325
V851	0.99964	0.00036	0	0	0
V852	0.23821	0.05728	0.07455	0.15116	0.4788
V853	0.04007	0.10964	0.6427	0.11415	0.09343
V854	0.05267	0.34824	0.24555	0.0663	0.28724
V855	0.11428	0.42504	0.08961	0.26125	0.10982
V856	0.15611	0.39218	0.04074	0.0108	0.40018
V857	0.08193	0.03496	0.18728	0.3745	0.32132
V858	0.03268	0.35885	0.19454	0.17525	0.23867
V859	0.15116	0.01169	0.02118	0.73377	0.08219
V860	0.04512	0.16813	0.07234	0.60689	0.10752
V861	0.16269	0.01959	0.15579	0.62725	0.03469
V862	0.062	0	0.01184	0.11411	0.81206
V863	0.0561	0.90491	0.00356	0.00755	0.02789
V864	0.03619	0	0.91725	0.04656	0
V865	0.08591	0	0.70168	0.21013	0.00229
V866	0.03693	0.02944	0.69958	0.20024	0.03382
V867	0.55579	0.02976	0	0	0.41444
V868	0.24111	0.22917	0.42402	0.0824	0.0233
V869	0.01154	0	0.01144	0.06373	0.91329
V870	0.27989	0.18724	0.07444	0.20563	0.25281
V871	0.03697	0.0394	0.0947	0.10703	0.7219
V872	0.42195	0.06085	0.00137	0.43769	0.07814
V873	0.06479	0.35782	0.16121	0.32182	0.09435
V874	0.08549	0.03792	0	0.05116	0.82543
V875	0.015	0.20073	0.01626	0.43885	0.32915
V876	0.45815	0.06629	0.04781	0.01287	0.41489
V877	0.23351	0.65962	0.02502	0.06417	0.01767
V878	0.04339	0.72492	0.03249	0.17327	0.02593
V879	0.94252	0.0491	0.00257	0.00374	0.00208
V880	0.08427	0.08344	0.02419	0.38048	0.42761
V881	0.01016	0	0.52704	0.01525	0.44754
V882	0.05611	0.53719	0.00589	0.38433	0.01647
V883	0.52293	0.20127	0	0.14616	0.12964
V884	0.00268	0	0	0.06759	0.92973
V885	0.17248	0.05372	0.40871	0.09296	0.27213
V886	0.00099	0	0.02202	0.21411	0.76288
V887	0.10002	0.86497	0	0	0.035
V888	0.06673	0.11925	0.06201	0.64187	0.11013
V889	0.12674	0.81522	0.02572	0.0154	0.01691
V890	0.03669	0.00313	0.16706	0.60853	0.18459
V891	0.00484	0.0187	0.97091	0.00554	0
V892	0.59597	0.25214	0.00545	0	0.14644
V893	0.15614	0.17715	0.53557	0.05827	0.07286
V894	0.1087	0.57071	0.03917	0.2166	0.06483
V895	0.70126	0	0.29874	0	0
V896	0.22704	0.24645	0.25798	0.25495	0.01357
V897	0	0	0.04358	0.74347	0.21295
V898	0.36767	0.00717	0	0.03	0.59517
V899	0.57126	0.32523	0.0731	0	0.03042
V900	0.27107	0.25093	0.29461	0.15611	0.02729
V901	0.70064	0.05941	0	0.14521	0.09474
V902	0.87384	0.05124	0.00955	0.01851	0.04686
V903	0.30678	0.08756	0.07546	0.46199	0.06821
V904	0.73527	0.09536	0.16037	0	0.009
V905	0.03155	0.33593	0.06073	0.28561	0.28618
V906	0.15847	0.0245	0.48714	0.06156	0.26833
V907	0.7361	0.11732	0.06101	0.0384	0.04717
V908	0.03424	0.38003	0.04587	0.44651	0.09335
V909	0.02126	0.13313	0.01097	0.69104	0.14359
V910	0.68914	0.18343	0	0.04203	0.0854
V911	0.04742	0.24503	0.52722	0.00473	0.17559
V912	0.03504	0.0071	0.15176	0.08325	0.72285
V913	0.16122	0.02071	0.08382	0.62779	0.10646
V914	0.80318	0.03939	0	0.0961	0.06132
V915	0.1856	0.17998	0.03975	0.02276	0.5719
V916	0.80157	0.01328	0.11668	0	0.06847
V917	0.42211	0.04118	0	0.01894	0.51778
V918	0.6033	0.13954	0.22987	0.01019	0.0171
V919	0.44508	0.19367	0	0.23525	0.126
V920	0.21249	0	0.14158	0.61313	0.0328
V921	0.18782	0.1832	0.10392	0.01147	0.51359
V922	0.03737	0	0.70525	0.00081	0.25656
V923	0.15222	0.48172	0.00813	0.04634	0.31158
V924	0.52865	0.12874	0	0.21006	0.13255
V925	0.15656	0.1053	0.5137	0.13351	0.09095
V926	0.0187	0.01049	0	0.06359	0.90722
V927	0.54841	0.26884	0.10963	0.06032	0.01279
V928	0.12635	0.27566	0.22499	0.14754	0.22546
V929	0.05839	0.25521	0	0.03205	0.65435
V930	0.06971	0	0.05319	0.04421	0.83289
V931	0.47778	0.14858	0	0.03821	0.33542
V932	0.05163	0.112	0.0414	0.28069	0.51428
V933	0.30437	0	0.04545	0.23992	0.41025
V934	0.68231	0.04333	0.27436	0	0
V935	0.59292	0.11487	0.12827	0.03678	0.12716
V936	0.34259	0.07637	0.12866	0.39003	0.06236
V937	0.14165	0.71083	0.08771	0.02642	0.03338
V938	0.09294	0.8899	0.01166	0.00472	0.00077
V939	9e-04	0	0.0053	0.2913	0.7025
V940	0.5695	0.08618	0.07656	0.03698	0.23078
V941	0.02118	0.13091	0.13105	0.41974	0.29712
V942	0.75517	0.24483	0	0	0
V943	0.04921	0.08849	0.04577	0.04673	0.7698
V944	0.38122	0.0309	0.13019	0.42599	0.0317
V945	0.05884	0.24777	0.60412	0.02656	0.0627
V946	0.04235	0.47527	0.47662	0	0.00576
V947	0.38042	0.03171	0.01452	0.10344	0.46991
V948	0.08324	0.72386	0.026	0.09157	0.07533
V949	0.87786	0.10345	0.01869	0	0
V950	0.07764	0.01183	0.02513	0.84016	0.04524
V951	0.34107	0.02108	0	0.46385	0.174
V952	0.14673	0.03241	0.04902	0.59254	0.17929
V953	0.5094	0.11669	0	0.31695	0.05696
V954	0.24195	0.54784	0.05262	0.04745	0.11013
V955	0.07577	0	0.61753	0.29037	0.01632
V956	0.04306	0.51525	0.09279	0.30766	0.04125
V957	0.11361	0.76962	0.04442	0.05396	0.0184
V958	0.06221	0.85242	0	0.03927	0.04611
V959	0.07866	0	0.84077	0.0457	0.03487
V960	0.53828	0.05695	0.15143	0.07738	0.17596
V961	0.06333	0.86548	0	0.00874	0.06245
V962	0.1795	0.09679	0	0.0648	0.65891
V963	0.01918	0	0.49364	0.43855	0.04863
V964	0.00917	0	0.97396	0	0.01687
V965	0	0	0.50301	0.41541	0.08158
V966	0.02509	0	0.49998	0.07533	0.39959
V967	0.34103	0.51191	0	0	0.14706
V968	0.06555	0.9109	0	0.01304	0.01051
V969	0.125	0.51424	0.13323	0.1007	0.12683
V970	0.1697	0.3672	0.446	0	0.0171
V971	0.74682	0.04951	0.18879	0.00711	0.00778
V972	0.09024	0.85553	0	0.04338	0.01085
V973	0.0442	0	0.6129	0.20664	0.13626
V974	0.04278	0.7194	0.09454	0.0858	0.05748
V975	0.05739	0.92689	0	0.01346	0.00226
V976	0.01438	0	0	0.10371	0.88191
V977	0.02204	0.12449	0.14425	0.12664	0.58259
V978	0.383	0.15342	0.22085	0.10316	0.13957
V979	0.90094	0.09906	0	0	0
V980	0.32254	0.10111	0.12087	0.10055	0.35493
V981	0.06582	0.03857	0.04621	0.05421	0.79519
V982	0.37826	0.43419	0.11406	0.00791	0.06558
V983	0.64251	0.22272	0	0	0.13478
V984	0.17422	0.04209	0.12691	0.53299	0.12378
