Neutrophils	Monocytes_CD14.CD16.	Macrophage	T_cells_.CD4..	NK_cells
V1	0.34178	0.128	0.2636	0.11655	0.15007
V2	0.06868	0.79531	0.0418	0.0479	0.0463
V3	0.06615	0	0.48938	0.41108	0.03339
V4	0.00434	0	0.22542	0.05122	0.71902
V5	0.00355	0	0.04893	0.09184	0.85568
V6	0.35687	0.0118	0.29605	0.20636	0.12892
V7	0.00583	0.01174	0.42284	0.06742	0.49217
V8	0.00748	0	0.92427	0.06267	0.00558
V9	0.05209	0	0.29241	0.61665	0.03886
V10	0.49028	0	0.49566	0	0.01406
V11	0.02653	0.00537	0.09431	0.0624	0.81139
V12	0.07551	0	0.22675	0.27724	0.4205
V13	0.12678	0.04328	0.03341	0.38431	0.41222
V14	0.16208	0	0.076	0.62705	0.13486
V15	0.01507	0.02198	0	0.88138	0.08157
V16	0.60454	0.08458	0.00407	0.29116	0.01564
V17	0.06182	0.23811	0.00607	0.05258	0.64142
V18	0.09676	0.43805	0.26267	0.18393	0.01859
V19	0.01764	0	0	0.10232	0.88003
V20	0	0	0.76918	0.20777	0.02306
V21	0.02181	0.25408	0.12523	0.14249	0.45639
V22	0.84321	0.07846	0.06321	0	0.01513
V23	0.06674	0.00747	0.0149	0.11895	0.79195
V24	0.44808	0.12634	0.00947	0.03221	0.3839
V25	0.01653	0.02203	0.00932	0.38177	0.57035
V26	0.47724	0.21123	0.05349	0.02791	0.23013
V27	0.13014	0.50191	0.17486	0.00509	0.188
V28	0.02724	0.07135	0.22531	0.60569	0.07041
V29	0	0	0.36332	0.5874	0.04928
V30	0.75454	0.10892	0.02001	0.00807	0.10847
V31	0.42929	0.15893	0.00259	0.20304	0.20616
V32	0.95387	0	0	0	0.04613
V33	0.01998	0.18967	0.00704	0.10273	0.68058
V34	0.13092	0.85905	0	0.00609	0.00395
V35	0.10655	0.62431	0.24759	0.01997	0.00157
V36	0.02585	0.1613	0.161	0.08019	0.57167
V37	0.75027	0	0	0	0.24973
V38	0.1272	0.00051	0.51192	0.1831	0.17726
V39	0.33233	0.01744	0.34089	0.0041	0.30524
V40	0.23212	0.63822	0.00641	0.08449	0.03876
V41	0.06509	0.84892	0.00235	0.00607	0.07758
V42	0.89092	0.03177	0.01482	0	0.06249
V43	0.50684	0.11309	0.36843	0.00723	0.00441
V44	0.04294	0.27365	0.56367	0	0.11974
V45	0.05195	0.69005	0.08731	0.11949	0.0512
V46	0.12618	0.77468	0.05678	0.02359	0.01877
V47	0	0	0.98854	0	0.01146
V48	0.17294	0.1276	0.23536	0.30308	0.16102
V49	0.49017	0.14729	0.23701	0.11441	0.01112
V50	0.02469	0	0.97514	0	0.00017
V51	0.10489	0.25931	0.19011	0.05415	0.39154
V52	0.06933	0.9164	0	0.00881	0.00546
V53	0.02568	0.19644	0.00304	0.72134	0.0535
V54	0.22037	0	0.00612	0.52621	0.2473
V55	0.07229	0	0	0.86116	0.06656
V56	0.06532	0	0	0.74741	0.18727
V57	0.16465	0.10495	0.58209	0.01675	0.13155
V58	0.05611	0	0.12752	0.18172	0.63466
V59	0.896	0.01102	0.09076	0	0.00222
V60	0.43593	0.21467	0.12274	0.1027	0.12396
V61	0.18417	0	0.0216	0.19826	0.59598
V62	0.05482	0.00244	0.30144	0.1232	0.5181
V63	0.39408	0.26669	0.05367	0.02486	0.26068
V64	0.96984	0.01005	0.01744	0	0.00267
V65	0.0859	0.08282	0.03734	0.59357	0.20036
V66	0.01981	0	0.1494	0.76781	0.06298
V67	0.00221	0	0.33222	0.08989	0.57568
V68	0.47784	0	0.41745	0.01941	0.08531
V69	0.61711	0.11042	0.20515	0.00362	0.0637
V70	0.07496	0.73428	0.03358	0.13084	0.02635
V71	0.10831	0.79568	0.0321	0.05088	0.01303
V72	0.04383	0.39096	0.01471	0.03442	0.51608
V73	0.05253	0	0.10593	0.55193	0.28961
V74	0.00593	0.06649	0.00384	0.77606	0.14768
V75	0.49183	0.17671	0.32052	0	0.01094
V76	5e-04	0	0.01563	0.84817	0.13569
V77	0.01566	0	0.95076	0.02987	0.0037
V78	0	0	0.98633	0.00024	0.01343
V79	0.08464	0.40581	0.03138	0.12233	0.35584
V80	0.1321	0.73845	0	0.04251	0.08695
V81	0.00647	0	0.99257	0	0.00097
V82	0.25222	0.18119	0.02481	0.50277	0.03902
V83	0.0965	0.08005	0.01716	0.51311	0.29318
V84	0.08625	0.15519	0	0.05773	0.70083
V85	0	0	0.9962	0	0.0038
V86	0.02843	0.26143	0.32418	0.35534	0.03062
V87	0.49099	0.01124	0.04134	0.41532	0.04111
V88	0.31109	0.16842	0.04605	0.17114	0.30331
V89	0.05096	0.07207	0.84739	0.0274	0.00219
V90	0.01792	0.1701	0.04909	0.10009	0.66281
V91	0	0	0.08884	0.84752	0.06364
V92	0.22332	0.02709	0.02006	0.05397	0.67556
V93	0.00755	0.07857	0.17286	0.49058	0.25044
V94	0.03641	0.16577	0.01527	0.21858	0.56398
V95	0.06035	0.22263	0.01413	0.09956	0.60333
V96	0.81364	0	0.02046	0.01029	0.1556
V97	0.15033	0.0169	0.03814	0.11081	0.68382
V98	0.06073	0.37521	0.17462	0.10873	0.2807
V99	0.52244	0.14456	0	0.19168	0.14131
V100	0.5386	0.16591	0.04487	0.03937	0.21125
V101	0.07746	0.90505	0.00466	0.00795	0.00488
V102	0.31474	0.2483	0.13238	0.08933	0.21525
V103	0.10718	0	0	0.0616	0.83123
V104	0.05402	0.40212	0.07345	0.03365	0.43676
V105	0.00694	0	0.0341	0.09991	0.85905
V106	0.06653	0.75725	0.13552	0.00605	0.03465
V107	0.05849	0.19686	0.69983	0.03442	0.0104
V108	0.02453	0.14892	0.82654	0	0
V109	0.0594	0.21657	0.05085	0.25179	0.42139
V110	0.18836	0.52107	0.18012	0.08979	0.02066
V111	0.30042	0.21024	0.48934	0	0
V112	0.17796	0	0.1092	0.44731	0.26553
V113	0.22664	0	0.09891	0.14011	0.53433
V114	0.58988	0.0789	0.04563	0.14843	0.13715
V115	0.88383	0	0	0	0.11617
V116	0.00575	0	0	0.07777	0.91647
V117	0.04947	0	0.85009	0.06832	0.03212
V118	0.03671	0	0	0.87207	0.09123
V119	0.35493	0	0.42824	0.20889	0.00794
V120	0.0028	0	0.85423	0.09725	0.04572
V121	0.19896	0.72771	0	0.00694	0.06639
V122	0.04174	0.39976	0.07924	0.20731	0.27195
V123	0.50481	0.03758	0.07381	0.16894	0.21485
V124	0.21108	0.107	0.05714	0.20325	0.42153
V125	0.05563	0.44143	0.49367	0.00029	0.00897
V126	0.1573	0.17709	0.21768	0.10347	0.34445
V127	0.2862	0	0.67569	0.03148	0.00664
V128	0.21102	0.77033	0.00152	0	0.01713
V129	0.27466	0.01875	0.27976	0.15588	0.27096
V130	0.04236	0.5232	0.03439	0.1972	0.20285
V131	0.00766	0	0.25996	0.68641	0.04597
V132	0.35719	0.0123	0	0.31367	0.31684
V133	0.00549	0.02416	0.56705	0.08411	0.31918
V134	0.07461	0	0.81202	0.01696	0.09641
V135	0.0279	0.06908	0.75304	0.02154	0.12844
V136	0.99467	0	0.00054	0	0.00479
V137	0.93022	0.02731	0	0.00935	0.03313
V138	0.24662	0.13991	0.07337	0.12312	0.41697
V139	0.12178	0	0.17348	0.65439	0.05035
V140	0.01724	0	0.14204	0.05734	0.78337
V141	0.02583	0.2004	0.67709	0.08256	0.01413
V142	0.20687	0	0.3334	0.11794	0.34179
V143	0.02336	0.18037	0.49811	0.12947	0.16869
V144	0.51552	0.23128	0.06417	0.09692	0.09211
V145	0	0	0.96778	0.00874	0.02348
V146	0.03962	0.35926	0	0.28162	0.3195
V147	0.10464	0.03458	0.72919	0.09076	0.04084
V148	0.16597	0.78901	0.00121	0.02412	0.01969
V149	0.00173	0	0	0.8703	0.12797
V150	0.15541	0.17166	0.59682	0	0.07611
V151	0.45603	0.01088	0.00436	0.37688	0.15185
V152	0.00507	0	0.12285	0.73276	0.13931
V153	0.18109	0.16854	0.46824	0.03935	0.14278
V154	0.12564	0.59502	0.01515	0.03124	0.23294
V155	0.03113	0	0.14872	0.75808	0.06206
V156	0.10036	0.00188	0.41419	0.14164	0.34194
V157	0.09053	0.0276	0.17228	0.25966	0.44993
V158	0.19086	0	0.44933	0.04304	0.31677
V159	0.12062	0.2488	0.00861	0.54813	0.07384
V160	0.4557	0.16226	0.08924	0.0364	0.2564
V161	0.20052	0.00666	0.05392	0.04215	0.69676
V162	0	0	0.99809	0	0.00191
V163	0.04302	0	0.00467	0.09035	0.86196
V164	0.94365	0.04743	0.00893	0	0
V165	0.62142	0.21919	0.07952	0.03159	0.04828
V166	0.04746	0	0.26153	0.55956	0.13145
V167	0.05128	0.65598	0.01024	0.11369	0.16881
V168	0	0	0.99809	0	0.00191
V169	0.07221	0.69576	0.14681	0.06421	0.021
V170	0.2532	0.40624	0.04873	0.16284	0.12898
V171	0.33067	0.06909	0.38769	0.15228	0.06028
V172	0.17544	0.2178	0.06178	0.03941	0.50556
V173	0.22088	0.10329	0.09217	0.37177	0.21189
V174	0.21141	0	0.36656	0.18169	0.24033
V175	0.07446	0.13489	0.11551	0.17136	0.50378
V176	0.40209	0.0102	0	0.55326	0.03445
V177	0.21318	0	0.61958	0.15278	0.01446
V178	0.29966	0.01658	0.49087	0.09589	0.097
V179	0.08528	0	0	0.06417	0.85055
V180	0.02149	0	0.33689	0.03761	0.60402
V181	0.06421	0.2657	0	0.07724	0.59284
V182	0.57774	0.24291	0	0.13039	0.04897
V183	0.08691	0.89861	0	0.00183	0.01265
V184	0.3417	0	0.32216	0.29472	0.04142
V185	0.11119	0.49356	0.01529	0.12756	0.2524
V186	0.13414	0.18256	0.02241	0.23169	0.42921
V187	0.093	0.71082	0	0.17472	0.02146
V188	0.87683	0.02195	0.03069	0.06128	0.00925
V189	0.47271	0.26342	0.03	0.21456	0.01931
V190	0.41886	0.05342	0.21827	0.01656	0.29289
V191	0.22615	0.24219	0	0.37985	0.15181
V192	0.33333	0.19787	0.12656	0.18606	0.15618
V193	0.07868	0.18799	0.53067	0.03679	0.16586
V194	0.25805	0.03914	0.08215	0.106	0.51466
V195	0.59388	0.16195	0.24208	0	0.0021
V196	0.00057	0	0.04674	0.09223	0.86046
V197	0.08486	0.87406	0	0.02751	0.01358
V198	0.23175	0.23181	0.0292	0.18393	0.32332
V199	0.78122	0	0.21878	0	0
V200	0.7729	0	0.02314	0.01251	0.19145
V201	0.02953	0	0.01755	0.68264	0.27027
V202	0.93994	0.05462	0	0	0.00544
V203	0.53497	0.2613	0.02026	0.0417	0.14176
V204	0.32465	0.0727	0.02593	0.02518	0.55154
V205	0.10735	0.01518	0.11189	0.09458	0.671
V206	0.04331	0.11087	0	0.74783	0.09798
V207	0.01507	0.02198	0	0.88138	0.08157
V208	0.17082	0.20319	0.48846	0.03647	0.10106
V209	0.14853	0.00532	0.09092	0.06442	0.69081
V210	0	0	0.98649	0	0.01351
V211	0.15058	0.00343	0.19841	0.05282	0.59476
V212	0.07663	0.76094	0.06629	0.03453	0.06162
V213	0.08907	0	0.05383	0.24689	0.61021
V214	0.04214	0.5442	0.37704	0.00981	0.02681
V215	0.25221	0.22018	0.13108	0.07503	0.32151
V216	0.05526	0.01229	0.32636	0.06089	0.54519
V217	0	0	0.02221	0.81301	0.16478
V218	0.07985	0.18712	0.30314	0.3111	0.11879
V219	0.14332	0.27237	0.39926	0.16881	0.01625
V220	0.20069	0.74019	0.0483	0.00178	0.00904
V221	0.04719	0.03322	0.5026	0.02601	0.39099
V222	0.01478	0	0	0.08242	0.9028
V223	0.55412	0	0.33335	0.0952	0.01733
V224	0.05451	0.54953	0.01666	0.08025	0.29906
V225	0.72064	0.1567	0.12266	0	0
V226	0.45939	0.53525	0	0	0.00536
V227	0.10011	0.29444	1e-04	0.53196	0.07339
V228	0.61809	0.00575	0.28552	0.05005	0.04059
V229	0.28208	0.39697	0.25793	0.03026	0.03275
V230	0.01162	0	0	0.08254	0.90584
V231	0.07796	0.62578	0.05182	0.14617	0.09827
V232	0.81695	0	0.18305	0	0
V233	0.05487	0.00464	0.14234	0.11413	0.68402
V234	0.02862	0.39617	0.21959	0.30887	0.04675
V235	0.99485	0.00076	0	0.00256	0.00183
V236	0.08294	0	0.67781	0.17288	0.06636
V237	0.13098	0.06432	0.28017	0.29239	0.23214
V238	0.00338	0	0	0.27758	0.71904
V239	0.07503	0.41252	0.04077	0.15908	0.31261
V240	0.08242	0.83755	0.00164	0.01697	0.06144
V241	0.06947	0.91462	0	0.00266	0.01325
V242	0.04435	0.32934	0.30291	0.24266	0.08073
V243	0.49052	0	0.33737	0.01758	0.15453
V244	0.04244	0.40212	0.18225	0.07901	0.29418
V245	0.067	0.88769	0.01955	0.02059	0.00517
V246	0.61078	0.27297	0.01937	0	0.09688
V247	0.21089	0.06953	0.64752	0.03759	0.03446
V248	0.10583	0.59974	0.01562	0.0206	0.25821
V249	0.25565	0.05104	0.20486	0.0963	0.39215
V250	0.02409	0	0.66676	0.0391	0.27005
V251	0.23213	0.01252	0.09797	0.56226	0.09513
V252	0.02859	0.09734	0.57427	0.13854	0.16125
V253	0.30127	0.57788	0.07263	0.03111	0.01711
V254	0.52118	0.39838	0	0.0613	0.01914
V255	0.82496	0.07619	0	0.00736	0.09149
V256	0.05856	0.75154	0.00919	0.01726	0.16344
V257	0.44927	0.30391	0.13809	0.02388	0.08484
V258	0.17454	0.35577	0.04315	0.39439	0.03216
V259	0.5432	0.26925	0.17005	0	0.01751
V260	0.25522	0.01757	0.10065	0.0915	0.53506
V261	0.02058	0	0.54158	0.27238	0.16546
V262	0.93123	0.01705	0.04814	0	0.00359
V263	0.82613	0.08163	0.00574	0.08317	0.00332
V264	0.08451	0.87333	0.00297	0.03341	0.00578
V265	0.84313	0.07943	0.073	0	0.00444
V266	0.00921	0	0.07186	0.08039	0.83854
V267	0.04273	0	0	0.17445	0.78282
V268	0.20972	0.44491	0.13476	0.15036	0.06025
V269	0.10024	0.32924	0.36213	0.16428	0.04411
V270	0.04667	0	0.0341	0.8549	0.06434
V271	0.22888	0.72009	0	0.01669	0.03433
V272	0.11801	0.80827	0.01641	0.0138	0.04352
V273	0.30349	0	0.18697	0.30314	0.2064
V274	0.08866	0.02817	0.03157	0.20068	0.65092
V275	0.06321	0.7057	0.13773	0.07164	0.02172
V276	0.00609	0	0.73957	0.21208	0.04227
V277	0.37238	0	0.60189	0	0.02573
V278	0.00292	0.0174	0.36722	0.43316	0.1793
V279	0.15281	0	0.00945	0.72344	0.11429
V280	0.20373	0.01434	0.03637	0.59091	0.15465
V281	0.02885	0.25108	0.04033	0.62719	0.05255
V282	0.07807	0.90679	0	0.00222	0.01292
V283	0.34783	0	0.10437	0.04033	0.50748
V284	0.03025	0.10091	0.53211	0.01413	0.32261
V285	0.51108	0.46572	0	0.01456	0.00864
V286	0.08775	0	0.87593	0.02605	0.01027
V287	0.25475	0.0554	0.17457	0.26732	0.24797
V288	0.20539	0	0.64401	0.00157	0.14903
V289	0.16999	0.25075	0.01689	0.52144	0.04093
V290	0.42873	0.45017	0.1211	0	0
V291	0.42601	0.2309	0	0.31678	0.02632
V292	0.1205	0.00029	0.41073	0.04766	0.42082
V293	0.00814	0.08472	0.84523	0.03914	0.02277
V294	0.00554	0	0	0.07727	0.91719
V295	0.01232	0.00687	0.36012	0.49291	0.12779
V296	0.85927	0.10987	0	0	0.03086
V297	0.01658	0	0.81381	0.11377	0.05584
V298	0.30794	0	0	0.52265	0.16941
V299	0.28577	0	0.00606	0.66472	0.04345
V300	0.99877	0.00123	0	0	0
V301	0.9818	0	0	0.00875	0.00945
V302	0.00276	0	0	0.39084	0.6064
V303	0.11093	0.16363	0.2133	0.16595	0.34619
V304	0.20229	0	0.77553	0	0.02218
V305	0.21194	0.32	0.08321	0.09706	0.2878
V306	0.32464	0.65095	0	0.0071	0.01732
V307	0.25244	0	0.29601	0.42916	0.02239
V308	0.24545	0	0.68999	0.05599	0.00857
V309	0.66635	0.06132	0.04532	0.09688	0.13014
V310	0.02777	0.00868	0	0.13379	0.82976
V311	0.00721	0	0.04394	0.87022	0.07862
V312	0.09133	0.23408	0.23811	0.02026	0.41621
V313	0.06705	0.30683	0.00682	0.28573	0.33356
V314	0.07847	0.00056	0	0.36058	0.56039
V315	0.96491	0	0.00653	0	0.02856
V316	0.12262	0.55035	0.23422	0.02387	0.06894
V317	0.40224	0.05559	0.52466	0	0.01751
V318	0.91198	0	0	0	0.08802
V319	0.11527	0.02356	0.85898	0.00219	0
V320	0.07997	0	0.00053	0.84473	0.07477
V321	0.14705	0.34111	0.30761	0.16962	0.0346
V322	0.01895	0.24353	0.57699	0.0438	0.11673
V323	0.26336	0.19899	0.43889	0.0119	0.08686
V324	0.03775	0.04232	0.04361	0.80713	0.06919
V325	0.64964	0.10473	0.08195	0.0919	0.07178
V326	0.04428	0	0.04948	0.15469	0.75154
V327	0.33215	0.49019	0.09847	0.01318	0.06602
V328	0.05474	0.31067	0.17083	0.41985	0.04391
V329	0.00256	0.03132	0.43212	0.49235	0.04165
V330	0.08602	0	0.86093	0	0.05306
V331	0.12816	0.00579	0.08349	0.10999	0.67257
V332	0.48547	0.02364	0.46607	0	0.02483
V333	0.42712	0.01224	0.3249	0.13626	0.09948
V334	0.05292	0.27122	0.55984	0.06756	0.04845
V335	0.73213	0.04803	0.07957	0.02046	0.1198
V336	0.17304	0.56902	0.24473	0	0.01321
V337	0.00384	0	0.00684	0.18041	0.80892
V338	0.73677	0.00376	0.15521	0.00422	0.10003
V339	0.21503	0.53228	0.17121	0	0.08148
V340	0.03491	0.1492	0.10258	0.07939	0.63392
V341	0.03754	0.4731	0.42244	0.00502	0.06191
V342	0.31259	0.13446	0.46679	0.08465	0.0015
V343	0.707	0	0.293	0	0
V344	0.11339	0.74696	0.03172	0.02235	0.08558
V345	0.21482	0.0405	0	0.26696	0.47772
V346	0.04377	0.31958	0.32604	0.25854	0.05207
V347	0.09459	0.54856	0.01733	0.27678	0.06274
V348	0.01957	0.12304	0.46682	0.22127	0.1693
V349	0.07559	0.28664	0.52636	0.0115	0.09991
V350	0.11978	0.43147	0.0782	0.20464	0.16592
V351	0.1927	0.00338	0.4771	0.29377	0.03305
V352	0.12201	0.53182	0.33832	0	0.00786
V353	0.24996	0.32961	0.02783	0.04848	0.34411
V354	0.57833	0	0.42167	0	0
V355	0.09094	0	0.37451	0.49615	0.0384
V356	0.09829	0	0.85241	0.01224	0.03705
V357	0.04613	0.01058	0.51842	0.04061	0.38426
V358	0.02579	0.03162	0.03459	0.83457	0.07342
V359	0.05572	0.12601	0.00266	0.76001	0.0556
V360	0.74261	0.04081	0.09172	0.12125	0.0036
V361	0.33898	0.48418	0.07875	0	0.09809
V362	0.82372	0	0.09355	0	0.08274
V363	0.02808	0.01877	0	0.1686	0.78455
V364	0.04508	0.30542	0.01733	0.39993	0.23225
V365	0.00113	0	0.00654	0.88655	0.10578
V366	0.22137	0.01123	0.62365	0.04982	0.09392
V367	0.23666	0.22096	0.20999	0.14746	0.18493
V368	0.76257	0.07849	0.12453	0	0.03441
V369	0.05754	0.64784	0.22601	0.06371	0.0049
V370	0.0239	0.15437	0.12273	0.33625	0.36274
V371	0.07668	0.88323	0.03588	4e-04	0.00381
V372	0.67767	0.06012	0.15003	0.0862	0.02598
V373	0.13023	0.66152	0.11972	0.07575	0.01277
V374	0.10651	0.03043	0.42221	0.41766	0.02318
V375	0.31715	0	0.63053	0.05232	0
V376	0.00517	0	0.39215	0.04124	0.56144
V377	0.10176	0.51964	0.20572	0.15591	0.01696
V378	0.14265	0.54175	0.16446	0.00262	0.14852
V379	0.02064	0	0.10107	0.11008	0.76821
V380	0.01562	0.04236	0.18342	0.47455	0.28404
V381	0.13883	0.03531	0	0.05386	0.772
V382	0.41869	0	0	0.27231	0.309
V383	0.02913	0	0.30456	0.62574	0.04057
V384	0.31174	0.0369	0.18	0.39173	0.07963
V385	0.0817	0.08456	0	0.05764	0.7761
V386	0.70523	0.00567	0	0.27385	0.01525
V387	0.29225	0.017	0	0.62094	0.06981
V388	0.07289	0.83467	0.02532	0.05296	0.01415
V389	0.1353	0.76961	0.00754	0.02708	0.06048
V390	0.18717	0	0	0.65159	0.16124
V391	0.72027	0.15741	0	0.05397	0.06835
V392	0.96837	0.02999	0.00164	0	0
V393	0.10424	0.01017	0.16237	0.50554	0.21767
V394	0.74401	0	0.02026	0.13181	0.10392
V395	0	0	0.41436	0.54026	0.04538
V396	0.56833	0	0.43167	0	0
V397	0.69505	0.14249	0.02936	0.08838	0.04473
V398	0.06007	0	0.18337	0.62052	0.13604
V399	0.03795	0.01785	0	0.26353	0.68067
V400	0.17893	0.54343	0.15204	0.11923	0.00637
V401	0.3302	0	0.65516	0.01464	0
V402	0.39182	0.00518	0.47047	0.05149	0.08104
V403	0.14304	0.0649	0	0.14689	0.64517
V404	0.00299	0.02967	0.52814	0.36498	0.07422
V405	0.35793	0.27705	0.06668	0.18691	0.11143
V406	0.02341	0	0.95729	0	0.01929
V407	0.91589	0.0329	0.03237	0.01884	0
V408	0.04224	0.38781	0	0.23017	0.33978
V409	0.1133	0	0.06693	0.65755	0.16222
V410	0.12836	0.11513	0.32058	0.05248	0.38345
V411	0.00552	0	0	0.08457	0.90991
V412	0.02422	0.12741	0.12076	0.06089	0.66672
V413	0.03048	0.26345	0.15582	0.33256	0.2177
V414	0.04179	0.08535	0	0.43368	0.43918
V415	0.14603	0	0	0.0554	0.79857
V416	0.10238	0.07908	0.01367	0.15798	0.64689
V417	0.00614	0	0.80136	0.11586	0.07664
V418	0.55047	0.40436	0.01307	0.00118	0.03092
V419	0.23813	0.00852	0.01253	0.13193	0.60889
V420	0.21487	0	0.09303	0.06824	0.62386
V421	0.00217	0	0.11963	0.09043	0.78777
V422	0.01283	0.00394	0.05223	0.6926	0.2384
V423	0.31008	0.1896	0.30127	0.16633	0.03272
V424	0	0	0.48066	0.02887	0.49047
V425	0.32824	0.37635	0	0.016	0.27941
V426	0.25116	0.20086	0.01436	0.4197	0.11392
V427	0.21676	0.63537	0.14218	0	0.0057
V428	0.10886	0.65598	0.06774	0.07643	0.09098
V429	0.13576	0.78281	0	0.05189	0.02955
V430	0.03097	0	0.42068	0.18188	0.36647
V431	0.12767	0.38629	0.20315	0.21616	0.06672
V432	0.32048	0.05974	0.13197	0.31664	0.17118
V433	0.20622	0	0.55767	0.20016	0.03595
V434	0.25439	0.27405	0.37975	0.00597	0.08583
V435	0.57804	0.02368	0.38209	0.01189	0.00429
V436	0.07539	0.59107	0.09329	0.04879	0.19146
V437	0.18486	0.00843	0.02162	0.17444	0.61064
V438	0.14779	0.31994	0.20565	0.24746	0.07916
V439	0.65153	0	0.04439	0.27351	0.03058
V440	0.03771	0.33997	0.55842	0.00995	0.05395
V441	0.05142	0.5367	0.37967	0.02187	0.01035
V442	0.07837	0.91038	0.00503	0.00154	0.00468
V443	0.97661	0	0	0.02173	0.00166
V444	0.16672	0.46732	0.02491	0.28765	0.05339
V445	0.07746	0.45157	0.036	0.39161	0.04336
V446	0.1171	0.0233	0.10844	0.54244	0.20872
V447	0.06447	0	0.00642	0.43134	0.49776
V448	0.15211	0	0.01049	0.06677	0.77063
V449	0	0	0.99809	0	0.00191
V450	0.21278	0.07422	0.25328	0.1269	0.33283
V451	0.28841	0.21325	0.05859	0.30532	0.13442
V452	0.00813	0	0.1811	0.70824	0.10253
V453	0.01574	8e-04	0	0.44073	0.54274
V454	0.00699	0	0.69444	0.0316	0.26697
V455	0.06892	0.21501	0.27414	0.05494	0.38698
V456	0.96181	0	0	0.00374	0.03445
V457	0.67861	0.2139	0.02869	0.03801	0.0408
V458	0.03849	0.35534	0.51396	0.04523	0.04697
V459	0.14171	0.05656	0.05375	0.45856	0.28942
V460	0.70516	0.02454	0.20828	0.03965	0.02237
V461	0.19604	0.29769	0.23947	0.01912	0.24768
V462	0.05141	0.07854	0.00849	0.47591	0.38565
V463	0.23465	0.06255	0.00885	0.64282	0.05113
V464	0.17838	0.16033	0.65372	0.00102	0.00655
V465	0.04245	0.08613	0.00662	0.07523	0.78957
V466	0.0203	0	0	0.14242	0.83728
V467	0.06461	0.28044	0.01818	0.50228	0.1345
V468	0.56525	0.30671	0.10374	0	0.0243
V469	0.02751	0.34019	0.05204	0.25049	0.32976
V470	0.86247	0.05143	0.02252	0.05454	0.00904
V471	0.39357	0.3097	0.02076	0.12166	0.15431
V472	0.00919	0.01754	0.03388	0.0711	0.86829
V473	0.03731	0.21661	0.25489	0.28658	0.20462
V474	0.3136	0.14587	0.06115	0.40875	0.07063
V475	0.16925	0	0.61528	0.02756	0.18791
V476	0.16842	0.02472	0.10979	0.58837	0.10869
V477	0.06965	0.91819	0.00525	0.00193	0.00498
V478	0.16097	0	0	0.05378	0.78525
V479	0.86304	0.0508	0.03071	0.04711	0.00834
V480	0.15128	0.66824	0.04879	0.09261	0.03908
V481	0.25244	0.38448	0.05744	0.15699	0.14865
V482	0.12847	0.67795	0.17851	0	0.01507
V483	0.31969	0.54214	0	0.08305	0.05513
V484	0.23263	0.52849	0.11264	0.10448	0.02176
V485	0.6866	0.07291	0.12018	0.09371	0.02659
V486	0.06794	0.05473	0.29019	0.03145	0.55569
V487	0.14817	0.11648	0.4443	0.26857	0.02249
V488	0.42486	0.06997	0	0.30883	0.19633
V489	0.01696	0.20844	0.69205	0.06034	0.02221
V490	0.00619	0	0.7904	0.18228	0.02112
V491	0.04828	0.46407	0.04105	0.09897	0.34762
V492	0.03383	0.15909	0.03104	0.6958	0.08024
V493	0.0093	0	0.00341	0.90276	0.08453
V494	0.34442	0	0.01248	0.51927	0.12383
V495	0.34571	0.22206	0.22061	0.14274	0.06888
V496	0.12722	0.01567	0.04651	0.05149	0.75911
V497	0.0975	0.01499	0.14228	0.12213	0.6231
V498	0.09309	0.85362	0.01794	0.00766	0.02769
V499	0.04829	0.21206	0.2556	0.07337	0.41068
V500	0.1235	0.51019	0.10696	0.18595	0.0734
V501	0.07652	0.31199	0.00576	0.04425	0.56148
V502	0.14664	0.79436	0.03291	0.02276	0.00333
V503	0.45998	0.00214	0.21857	0.12624	0.19307
V504	0.47022	0.20216	0	0.01425	0.31337
V505	0.62913	0	0.01703	0.07805	0.27579
V506	0.04262	0.51336	0.05757	0.02909	0.35737
V507	0.86975	0	0.02573	0.06976	0.03476
V508	0.04786	0.63265	0.20498	0.03464	0.07986
V509	0.06779	0.47331	0.13724	0.17013	0.15154
V510	0.41626	0.50868	0.03802	0.0283	0.00874
V511	0.0769	0.30049	0.51901	0.03077	0.07283
V512	0.16048	0.46111	0.16904	0.04344	0.16593
V513	0.18109	0.68334	0.06534	0.03549	0.03474
V514	0.00668	0	0.21072	0.07835	0.70425
V515	0.0805	0.1455	0	0.72204	0.05197
V516	0.17457	0.38917	0.11025	0.29211	0.0339
V517	0.0138	0.03075	0.05586	0.82766	0.07192
V518	0.44154	0	0.35231	0.16484	0.04131
V519	0.82211	0.05845	0	0.10634	0.01311
V520	0.09235	0.84604	0.01009	0.04562	0.00589
V521	0.22296	0	0.1476	0.58605	0.04339
V522	0.05615	0.18176	0.59202	0.11749	0.05257
V523	0.16106	0.02268	0.7775	0.03016	0.0086
V524	0.35281	0.00045	0.58519	0	0.06155
V525	0.02006	0.18699	0.02331	0.0613	0.70833
V526	0.04682	0.00239	0.89576	0.01519	0.03984
V527	0.09826	0.47628	0.39317	0.00724	0.02505
V528	0.16265	0	0.01754	0.76664	0.05317
V529	0.22472	0	0.76259	0	0.01268
V530	0.02199	0	0.90599	0.03941	0.0326
V531	0.18418	0.51855	0.08183	0.01886	0.19658
V532	0.07079	0.2477	0.28839	0.01794	0.37517
V533	0.2511	0	0	0.04347	0.70543
V534	0.13572	0.07299	0	0.71109	0.08019
V535	0.83254	0.12064	0.04681	0	0
V536	0.13238	0.16418	0.38616	0.03609	0.2812
V537	0.01862	0.00855	0.00831	0.07312	0.89141
V538	0.62295	0.10753	0	0.0269	0.24261
V539	0.02047	0.12996	0.67805	0.08897	0.08254
V540	0.17146	0.47429	0.08286	0.04848	0.22291
V541	0.04397	0.39526	0.01483	0.05328	0.49266
V542	0.04781	0.36393	0.11523	0.38191	0.09112
V543	0.07203	0.08092	0.69888	0.04088	0.10729
V544	0.34632	0.19119	0.1813	0.05799	0.2232
V545	0.62886	0.37114	0	0	0
V546	0.08616	0.77183	0.07457	0.00791	0.05953
V547	0.10744	0.78111	0	0.07972	0.03173
V548	0.00587	0.06986	0.00493	0.84253	0.0768
V549	0.00342	0	0.01533	0.19326	0.78799
V550	0.0637	0.83448	0.0844	0.0061	0.01132
V551	0.01014	0	0	0.91393	0.07592
V552	0.20981	0	0.01226	0.07227	0.70566
V553	0.81186	0.00032	0.01303	0.11835	0.05644
V554	0.11882	0.02685	0.53476	0.2858	0.03377
V555	0.06745	0.89641	0.00397	0.00317	0.02899
V556	0.08465	0.05093	0.05995	0.69457	0.1099
V557	0.32548	0.26953	0.03084	0.30232	0.07182
V558	0.00986	0	0.82133	0.13109	0.03772
V559	0.11507	0.41379	0.43837	0	0.03277
V560	0.63289	0.23804	0.12907	0	0
V561	0.71815	0	0.13658	0.00054	0.14472
V562	0.1208	0.03596	0.15176	0.10901	0.58246
V563	0.22321	0.26198	0.20609	0.09884	0.20989
V564	0.36017	0.01388	0.0596	0.31799	0.24836
V565	0.00477	0	0.00677	0.10345	0.88501
V566	0.30452	0.15055	0.0208	0.29325	0.23089
V567	0.01671	0	0.97362	0	0.00967
V568	0.03693	0.22447	0.45561	0.26755	0.01544
V569	0.65236	0.09549	0.11056	0.09682	0.04477
V570	0.14249	0.00714	0.31332	0.42903	0.10803
V571	0.274	0	0.25302	0.31107	0.16191
V572	0.84857	0	0	0	0.15143
V573	0.08306	0.05333	0.36727	0.34959	0.14675
V574	0.53213	0.30197	0.07242	0.06757	0.02591
V575	0.35913	0.01211	0.11764	0.05861	0.45251
V576	0.06564	0.85872	0.00257	0.01139	0.06167
V577	0.41634	0.50933	0.02979	0.03526	0.00928
V578	0.03161	0.14835	0.54789	0.20221	0.06994
V579	0.04001	0.50647	0.31295	0.02284	0.11774
V580	0.2227	0.56576	0.00711	0.16871	0.03572
V581	0.06807	0.48576	0.37066	0.06342	0.01209
V582	0.00509	0.01904	0.97234	0	0.00352
V583	0.63835	0	0.35983	0.00183	0
V584	0.22743	0.50431	0.09966	0.02713	0.14147
V585	0.06745	0.76303	0.05798	0.04859	0.06294
V586	0.05822	0.7737	0.15413	0.01078	0.00317
V587	0.07083	0.67254	0.00219	0.03319	0.22126
V588	0.24134	0.39344	0.3623	0	0.00293
V589	0.11021	0.44114	0.04389	0.35545	0.04931
V590	0.06833	0.76098	0	0.01676	0.15393
V591	0.46158	0.50269	0.02995	0	0.00578
V592	0.01311	0	0.77144	0.03265	0.1828
V593	0.44621	0	0	0.46631	0.08747
V594	0.00848	0.10835	0.68595	0.1313	0.06591
V595	0.55369	0.04034	0.06723	0.27969	0.05906
V596	0.47475	0.19167	0.21424	0.09218	0.02717
V597	0.02864	0.18073	0	0.13061	0.66002
V598	0.57073	0	0	0.01146	0.41781
V599	0.08684	0.43077	0.09217	0.33321	0.05701
V600	0.29351	0	0.20154	0.35083	0.15412
V601	0.14353	0.09976	0	0.4405	0.31621
V602	0.83305	0.16695	0	0	0
V603	0.12706	0.13194	0.02147	0.14126	0.57826
V604	0.02022	0	0.73694	0.09502	0.14783
V605	0.02816	0.04543	0.12291	0.10159	0.70192
V606	0.84076	0	0	0	0.15924
V607	0.15413	0.09598	0.01262	0.05187	0.6854
V608	0.77436	0.00818	0.02879	0.06356	0.1251
V609	0.19585	0.33754	0.00555	0.35356	0.1075
V610	0.10079	0.68303	0.00201	0.19188	0.02229
V611	0.28776	0	0.64462	0.00825	0.05936
V612	0.38445	0.03037	0.31971	0.0136	0.25187
V613	0.41178	0.54204	0.03027	0.01519	0.00072
V614	0.53173	0.0247	0.00999	0.07212	0.36145
V615	0.00821	0.09185	0.14142	0.53789	0.22063
V616	0.68717	0	0.15693	0.11081	0.04509
V617	0.23751	0.05068	0.48554	0.07771	0.14856
V618	0.7333	0.08626	0.06208	0.00099	0.11737
V619	0.54917	0.02942	0.15454	0.00564	0.26123
V620	0.0452	0.00744	0.40061	0.5063	0.04046
V621	0.14473	0.20738	0.2905	0.013	0.34439
V622	0.02615	0.18847	0.34377	0.02953	0.41208
V623	0.06775	0	3e-04	0.66446	0.26749
V624	0.91878	0	0	0.00519	0.07603
V625	0.00471	0.06397	0.10733	0.75972	0.06427
V626	0.08047	0.00289	0.60379	0.26904	0.0438
V627	0.10518	0.14043	0.11025	0.05577	0.58837
V628	0.97896	0.01081	0.00102	0.00827	0.00094
V629	0.13721	0.21795	0.62789	0.00939	0.00755
V630	0.01894	0.16715	0.01513	0.07068	0.7281
V631	0.00053	0	0.26158	0.05418	0.68371
V632	0.06783	0.7563	0.00138	0.03495	0.13954
V633	0.05202	0	0.09328	0.49299	0.36171
V634	0.41282	0.44711	0.14007	0	0
V635	0.04054	0.08575	0.17857	0.05587	0.63926
V636	0.21077	0.16506	0.3253	0.16321	0.13566
V637	0.22561	0	0.4436	0.22011	0.11067
V638	0.08824	0.46054	0.01471	0.08397	0.35253
V639	0.52573	0.40248	0.06997	0	0.00182
V640	0.11191	0.18408	0.07794	0.21517	0.41091
V641	0.11361	0.72882	0.01649	0.10801	0.03308
V642	0.7731	0.03182	0	0.18541	0.00967
V643	0.07401	0.84401	0.05916	0.01873	0.00408
V644	0.05726	0.47004	0.01829	0.39155	0.06287
V645	0.17358	0.75116	0.00775	0.06208	0.00543
V646	0.14757	0.55259	0.02444	0.19221	0.08318
V647	0.96281	0	0	0.03504	0.00215
V648	0.45194	0.11421	0	0.24462	0.18923
V649	0.26319	0.08303	0.07269	0.10986	0.47123
V650	0.0182	0	0.06379	0.85347	0.06455
V651	0.15601	0.23392	0	0.57347	0.0366
V652	0.39137	0	0.03393	0.52446	0.05024
V653	0.36935	0.006	0.05364	0.49301	0.07799
V654	0.03172	0.06476	0	0.10719	0.79633
V655	0.17095	0.04436	0.33675	0.41601	0.03192
V656	0.10497	0	0	0.12891	0.76612
V657	0.05083	0.51331	0.02649	0.27826	0.13111
V658	0.02585	0.02463	0.02919	0.57526	0.34506
V659	0.0127	0.01593	0.08521	0.75519	0.13097
V660	0.06762	0.32456	0.01382	0.06213	0.53186
V661	0.06112	0.66506	0.00993	0.1472	0.11669
V662	0.0466	0.42169	0.01504	0.03193	0.48474
V663	0.9987	0	0.0013	0	0
V664	0.01616	0	0.11692	0.37032	0.4966
V665	0.04776	0.6304	0.20722	0.06747	0.04716
V666	0.11135	0.84616	0.03416	0.00516	0.00317
V667	0.05255	0.54773	0.26021	0.08247	0.05703
V668	0.64706	0.24683	0.04562	0.03675	0.02374
V669	0.46836	0.32224	0.02102	0.07047	0.11791
V670	0.10697	0.62047	0.0402	0.03569	0.19667
V671	0.78823	0	0.19906	0.00862	0.00409
V672	0.09274	0.06223	0.08955	0.28498	0.47049
V673	0.00886	0.00793	0	0.14435	0.83886
V674	0.37808	0.07743	0.51149	0	0.03301
V675	0.70647	0	0.03462	0.12684	0.13207
V676	0.26642	0.08213	0.50794	0	0.1435
V677	0.05282	0.28378	0.23471	0.34029	0.0884
V678	0.05655	0.30228	0.00622	0.06115	0.57381
V679	0.01	0	0.50944	0.44274	0.03782
V680	0.16249	0	0.01265	0.3252	0.49965
V681	0.54657	0.02938	0.03861	0.26652	0.11891
V682	0	0	0.99809	0	0.00191
V683	0.07724	0.15947	0.64306	0	0.12023
V684	0.06042	0	0.004	0.86867	0.06691
V685	0.01056	0	0.88528	0.08792	0.01623
V686	0.28902	0.61814	0.06453	0.01194	0.01637
V687	0	0	0.6327	0.32653	0.04077
V688	0	0	0.97578	0.00084	0.02338
V689	0.50961	0.04511	0.20383	0.0871	0.15435
V690	0.11985	0.83959	0.01	0.01864	0.01192
V691	0.1508	0.14337	0.04688	0.58298	0.07597
V692	0.07172	0.01731	0.01147	0.73636	0.16313
V693	0.03904	0.49676	0.43137	0.02222	0.01062
V694	0.0938	0.21273	0.03674	0.54069	0.11603
V695	0.12302	0.09748	0.13875	0.04755	0.5932
V696	0.12093	0	0.7554	0.00187	0.1218
V697	0.10985	0.10188	0.3401	0.30684	0.14133
V698	0.01397	0	0.16741	0.06228	0.75633
V699	0.03491	0.00258	0.04967	0.62686	0.28598
V700	0.07999	0.79391	0.06469	0.00222	0.05919
V701	0.01917	0.16706	0.00709	0.06514	0.74155
V702	0.02196	0.13064	0.00155	0.62934	0.21651
V703	0.01304	0.00935	0.02611	0.87231	0.07919
V704	0.04657	0.03306	0.39068	0.04129	0.4884
V705	0.95868	0.00807	0	0	0.03326
V706	0.1636	0.15479	0.17076	0.39666	0.11418
V707	0.14199	0.11811	0.06886	0.25211	0.41892
V708	0.04489	0.57856	0.37288	0.0019	0.00177
V709	0.00771	0	0.02553	0.07325	0.89351
V710	0.13168	0	0.48593	0.01334	0.36904
V711	0.04916	0	0.01039	0.08142	0.85903
V712	0.06428	0	0.74679	0.16174	0.02719
V713	0.26602	0.41847	0.31472	0.00079	0
V714	0.04334	0	0	0.07198	0.88468
V715	0.02077	0.26969	0.61302	0.08222	0.01431
V716	0.74735	0.19422	0.00455	0.02978	0.02409
V717	0.39526	0.16186	0.11755	0.0258	0.29952
V718	0.68454	0	0.27591	0	0.03955
V719	0.4104	0.24776	0.10236	0.09673	0.14275
V720	0.11807	0.02526	0.0827	0.0748	0.69917
V721	0.02253	0	0.03885	0.08289	0.85573
V722	0.02942	0.25345	0.05563	0.44473	0.21677
V723	0.11996	0.23999	0.1172	0.46706	0.05579
V724	0.14226	0.67232	0.0324	0.13587	0.01717
V725	0.02441	0	0	0.0745	0.90109
V726	0.2271	0.50257	0.04712	0.0507	0.17251
V727	0.00894	0	0.96842	0.00016	0.02247
V728	0.81363	0.00679	0.12833	0.04458	0.00666
V729	0.63941	0.12208	0.02071	0.19984	0.01795
V730	0.12906	0.00439	0.42002	0.35584	0.09069
V731	0.00091	0.00789	0.06874	0.85701	0.06545
V732	0.00954	0	0.00379	0.9122	0.07448
V733	0.03668	0.0045	0.94043	0	0.01839
V734	0.52255	0.07027	0.37311	0.02096	0.01311
V735	0.07406	0.14197	0.21025	0.05008	0.52363
V736	0.01052	0.02888	0.00024	0.07373	0.88664
V737	0.99508	0.0022	0.00273	0	0
V738	0.03881	0.44062	0.00764	0.03895	0.47398
V739	0.01457	0.01086	0	0.90133	0.07324
V740	0.20953	0.06758	0.09893	0.04395	0.58001
V741	0.52174	0.01816	0	0.28685	0.17326
V742	0.07923	0.00084	0.564	0.15841	0.19752
V743	0.02801	0.03662	0.06812	0.13722	0.73003
V744	0.21013	0.05834	0.18518	0.46974	0.07661
V745	0.18193	0.01631	0.04925	0.69749	0.05502
V746	0.36961	0.56081	0.02969	0	0.03989
V747	0.03665	0.00346	0.92963	0	0.03026
V748	0.17	0.20147	0.27654	0.0593	0.29268
V749	0.19703	0.10376	0.12553	0.3929	0.18078
V750	0.76964	0.20158	0	0.02817	6e-04
V751	0.0502	0.36015	0.56651	0.01347	0.00967
V752	0.02504	0.11635	0.01519	0.06779	0.77563
V753	0.56232	0.03959	0.24905	0.01573	0.13331
V754	0.12843	0.3621	0	0.47064	0.03884
V755	0.24661	0.71472	0.03145	0	0.00721
V756	0.0235	0.09726	0.01528	0.1026	0.76135
V757	0.18467	0	0.10648	0.65884	0.05001
V758	0.08012	0.47403	0	0.40955	0.0363
V759	0.08574	0.01466	0.09182	0.05245	0.75532
V760	0.07845	0.01534	0.21517	0.24219	0.44885
V761	0.0725	0.23762	0.68207	0	0.00781
V762	0.01552	0.02881	0.17827	0.37269	0.40471
V763	0.03447	0.25562	0	0.04943	0.66047
V764	0.12189	0.06209	0.09046	0.66361	0.06196
V765	0.18238	0	0.67741	0.03642	0.10379
V766	0.08791	0.48072	0.23954	0.04404	0.14778
V767	0.2791	0.4822	0.05568	0.04039	0.14263
V768	0.08172	0.82539	0.04146	0.03864	0.01279
V769	0.7712	0	0.18884	0	0.03996
V770	0.32817	0	0.53313	0.12702	0.01168
V771	0.08469	0.72667	0.00057	0.07946	0.1086
V772	0.05684	0	0.94263	0	0.00052
V773	0.02297	0	0	0.19194	0.78509
V774	0.15767	0	0.53659	0.00617	0.29957
V775	0.93638	0	0.01212	0.03441	0.01708
V776	0.3666	0.43244	0.15389	0.01567	0.03141
V777	0.22896	0.38574	0.24471	0.08528	0.05531
V778	0.54471	0.06062	0.00226	0.18974	0.20267
V779	0.08393	0.4023	0.49068	0.00627	0.01681
V780	0.01723	0	0.98056	0	0.00221
V781	0.18347	0.301	0.16632	0.01266	0.33655
V782	0.22884	0.23486	0.01086	0.03121	0.49422
V783	0	0	0.63435	0.03762	0.32804
V784	0.05036	0.63652	0	0.20928	0.10384
V785	0.72534	0.13838	0	0.07476	0.06152
V786	0.18051	0.22603	0.00749	0.52476	0.06121
V787	0.14994	0.61324	0	0.15728	0.07953
V788	0.38041	0.42242	0.06204	0	0.13513
V789	0.01569	0.16332	3e-05	0.37032	0.45064
V790	0.28613	0.23017	0.05483	0.10655	0.32232
V791	0.18408	0.22153	0.06629	0.17914	0.34897
V792	0.9628	0.00974	0.01678	0	0.01069
V793	0.3318	0.27428	0.04572	0.08514	0.26306
V794	0.01562	0.00622	0.09793	0.19058	0.68965
V795	0.14792	0.81866	0.00945	0.0052	0.01877
V796	0.30853	0.42857	0.1032	0.1205	0.0392
V797	0.12586	0	0	0.0717	0.80244
V798	0.14183	0.51382	0	0.0818	0.26255
V799	0.03493	0.18011	0.04943	0.63079	0.10474
V800	0.02636	0	0.00771	0.15604	0.80989
V801	0.40741	0	0.13259	0.40102	0.05898
V802	0.03914	0.18663	0.00657	0.0603	0.70736
V803	0.33102	0.02864	0	0.57437	0.06597
V804	0.21464	0.16829	0.21227	0.32954	0.07526
V805	0.15837	0.12519	0.45529	0.14619	0.11496
V806	0.48604	0.00058	0.20108	0.05663	0.25568
V807	0.73518	0	0.05849	0.03752	0.16882
V808	0.85167	0	0.04327	0	0.10506
V809	0.20829	0.60989	0.01334	0.02948	0.13899
V810	0.02799	0.05464	0.03623	0.43382	0.44732
V811	0.05192	0.08812	0.01466	0.13471	0.71059
V812	0.04919	0.65767	0.18789	0.0668	0.03845
V813	0.03826	0.20355	0.20758	0.03061	0.52
V814	0.21201	0.56777	0.05844	0.12937	0.03242
V815	0.24028	0.68637	0.02224	0.04019	0.01092
V816	0.04285	0.54739	0.00236	0.34707	0.06032
V817	0.82533	0.01907	0.15397	0.00163	0
V818	0.04617	0.19229	0.34902	0.04707	0.36545
V819	0.973	0.01035	0.00882	0.00751	0.00033
V820	0.08328	0.38812	0.12381	0.34653	0.05826
V821	0.00575	0	0	0.07777	0.91647
V822	0.20639	0.00644	0.01059	0.72763	0.04896
V823	0.04869	0.06488	0.21695	0.03958	0.62991
V824	0.06728	0.01684	0.01471	0.06417	0.837
V825	0.15391	0	0.6877	0.15214	0.00625
V826	0.04159	0	0.94361	0.01267	0.00214
V827	0.36253	0.15977	0	0.34193	0.13577
V828	0.2425	0.13742	0.09966	0.0691	0.45132
V829	0.09339	0.07187	0.31292	0.16843	0.35338
V830	0.15292	0	0.70826	0.01582	0.123
V831	0.0553	0.74194	0.04307	0.12476	0.03494
V832	0.20248	0	0.06157	0.23369	0.50225
V833	0.20081	0.75738	0.00023	0	0.04158
V834	0.7553	0.14015	0.02876	0.0114	0.06439
V835	0.26662	0.30408	0.08798	0.23447	0.10685
V836	0.39497	0.05288	0.46793	0.07558	0.00864
V837	0.06204	0.81216	0.0086	0.03779	0.07939
V838	0	0	0.08525	0.84036	0.07438
V839	0.037	0.01561	0.06701	0.06293	0.81745
V840	0.96197	0	0.024	0.00651	0.00752
V841	0.23102	0	0.76544	0	0.00354
V842	0.55809	0.03542	0.2185	0.16531	0.02268
V843	0.46214	0	0.14655	0.06935	0.32196
V844	0.02327	0.14917	0.78294	0.01535	0.02927
V845	0.02284	0	0	0.58163	0.39553
V846	0.10806	0.02566	0.0928	0.09572	0.67776
V847	0.20049	0	0.04374	0.14085	0.61492
V848	0.75468	0.02726	0	0.07356	0.1445
V849	0.14761	0.0208	0.7295	0.00085	0.10123
V850	0.22263	0.01543	0.30191	0.14354	0.31649
V851	0.99272	0	0	0	0.00728
V852	0.24155	0.05007	0.07523	0.17026	0.46289
V853	0.04057	0.10745	0.63394	0.12304	0.09501
V854	0.05783	0.34208	0.24464	0.07699	0.27846
V855	0.11836	0.40626	0.09028	0.27412	0.11098
V856	0.16441	0.38496	0.04576	0.01929	0.38558
V857	0.08078	0.03021	0.1799	0.39705	0.31207
V858	0.03715	0.35045	0.19124	0.18971	0.23146
V859	0.14383	0.00594	0.02042	0.73695	0.09286
V860	0.04445	0.15573	0.06919	0.61698	0.11365
V861	0.15624	0.01335	0.14505	0.63714	0.04822
V862	0.06208	0	0.01236	0.13391	0.79165
V863	0.06686	0.8837	0.01137	0.00918	0.02889
V864	0.03618	0	0.90866	0.05146	0.00371
V865	0.08405	0	0.68313	0.2217	0.01113
V866	0.03564	0.02681	0.68537	0.21116	0.04101
V867	0.5691	0.02019	0	0.01032	0.40039
V868	0.246	0.21872	0.4171	0.09006	0.02812
V869	0.01094	0	0.01231	0.08055	0.89619
V870	0.28243	0.17226	0.07639	0.22256	0.24636
V871	0.03744	0.0361	0.09525	0.12573	0.70548
V872	0.41465	0.0431	0.00527	0.4516	0.08537
V873	0.06819	0.34222	0.15617	0.3356	0.09782
V874	0.08857	0.03563	0	0.06795	0.80785
V875	0.01619	0.19148	0.01815	0.45748	0.31669
V876	0.47128	0.05314	0.05176	0.02432	0.39949
V877	0.24203	0.63817	0.03108	0.0682	0.02052
V878	0.0524	0.70234	0.03638	0.17872	0.03016
V879	0.93991	0.03688	0.00796	0.00736	0.00789
V880	0.08397	0.07653	0.02506	0.40239	0.41205
V881	0.00871	0	0.52825	0.02414	0.4389
V882	0.06074	0.51082	0.01049	0.3919	0.02605
V883	0.52486	0.1862	0.00343	0.15726	0.12826
V884	0.00254	0	0	0.08513	0.91233
V885	0.17514	0.04928	0.40372	0.106	0.26586
V886	0	0	0.02219	0.23701	0.74079
V887	0.11114	0.8491	0.00238	0.00175	0.03563
V888	0.06456	0.10866	0.05908	0.65119	0.11652
V889	0.13695	0.79429	0.03256	0.0174	0.0188
V890	0.03412	0	0.15676	0.62395	0.18518
V891	0.00473	0.01891	0.96468	0.00791	0.00377
V892	0.60211	0.24232	0.0115	0.00036	0.1437
V893	0.15925	0.16969	0.53072	0.06533	0.075
V894	0.11495	0.54917	0.04279	0.22563	0.06746
V895	0.70441	0	0.28987	0.00229	0.00343
V896	0.22842	0.22974	0.25124	0.26878	0.02182
V897	0	0	0.04017	0.74787	0.21196
V898	0.37951	0	0.00169	0.04626	0.57254
V899	0.57569	0.31375	0.0776	0	0.03296
V900	0.27482	0.23652	0.2888	0.16689	0.03297
V901	0.6958	0.05072	0	0.15652	0.09696
V902	0.87238	0.04089	0.01427	0.02312	0.04934
V903	0.29986	0.07375	0.07354	0.47633	0.07651
V904	0.7405	0.0866	0.15956	0	0.01334
V905	0.03545	0.32467	0.06224	0.30181	0.27583
V906	0.16068	0.02256	0.48196	0.07265	0.26214
V907	0.73434	0.109	0.06329	0.04385	0.04952
V908	0.03766	0.36091	0.04688	0.45645	0.0981
V909	0.02079	0.12272	0.01167	0.69744	0.14739
V910	0.68911	0.17275	0.00379	0.04857	0.08578
V911	0.05068	0.24101	0.52736	0.00945	0.17151
V912	0.03513	0.00413	0.15177	0.10123	0.70774
V913	0.15504	0.01416	0.07876	0.63859	0.11345
V914	0.79647	0.02993	0.00493	0.10426	0.06441
V915	0.19292	0.17275	0.04404	0.03629	0.554
V916	0.80732	0.0059	0.11652	0	0.07026
V917	0.43722	0.02977	0	0.0335	0.4995
V918	0.60628	0.13283	0.22596	0.01399	0.02095
V919	0.44731	0.17405	0.0028	0.24898	0.12686
V920	0.20223	0	0.13008	0.6215	0.0462
V921	0.19515	0.17591	0.10719	0.02342	0.49834
V922	0.03724	0	0.70515	0.00646	0.25116
V923	0.16049	0.47194	0.01382	0.05536	0.29839
V924	0.53055	0.11169	0	0.22445	0.13331
V925	0.15764	0.09978	0.50467	0.14458	0.09334
V926	0.01885	0.00898	6e-05	0.08065	0.89146
V927	0.5494	0.25712	0.11033	0.066	0.01716
V928	0.13067	0.26502	0.22233	0.16202	0.21996
V929	0.06326	0.25578	0	0.04524	0.63571
V930	0.07051	0	0.05352	0.06029	0.81568
V931	0.48859	0.13634	0.00215	0.04913	0.32379
V932	0.05239	0.10607	0.0423	0.30297	0.49627
V933	0.3026	0	0.04385	0.25969	0.39387
V934	0.68894	0.04167	0.26939	0	0
V935	0.59787	0.10474	0.12838	0.04399	0.12502
V936	0.33762	0.06206	0.12425	0.4058	0.07027
V937	0.1515	0.69345	0.09135	0.02926	0.03444
V938	0.10358	0.86751	0.0191	0.00605	0.00376
V939	0	0	0.0058	0.31555	0.67866
V940	0.57653	0.07381	0.07937	0.04593	0.22437
V941	0.02115	0.12397	0.12669	0.43981	0.28839
V942	0.75885	0.23902	0	0.00213	0
V943	0.05128	0.08573	0.04796	0.06234	0.75269
V944	0.3741	0.01705	0.12511	0.44121	0.04253
V945	0.06188	0.24321	0.59976	0.03072	0.06442
V946	0.04769	0.47155	0.47048	0.00096	0.00933
V947	0.39056	0.01604	0.0188	0.12147	0.45313
V948	0.09253	0.7032	0.03227	0.09723	0.07477
V949	0.8834	0.09298	0.02362	0	0
V950	0.07255	0.00775	0.02349	0.83477	0.06143
V951	0.33401	0.01273	0	0.47931	0.17395
V952	0.14202	0.02547	0.04694	0.60638	0.17919
V953	0.50698	0.09742	0	0.33117	0.06443
V954	0.25058	0.53365	0.05633	0.05279	0.10665
V955	0.07321	0	0.59687	0.30388	0.02603
V956	0.04811	0.49362	0.0927	0.31787	0.0477
V957	0.12389	0.74883	0.04934	0.05713	0.02081
V958	0.07281	0.8364	0.00168	0.0424	0.04671
V959	0.07868	0	0.8317	0.05043	0.0392
V960	0.54429	0.04418	0.15069	0.08802	0.17282
V961	0.07415	0.85106	0.00233	0.01103	0.06143
V962	0.18569	0.09308	0	0.08212	0.63912
V963	0.01674	0	0.47134	0.45311	0.0588
V964	0.00894	0	0.96842	0.00016	0.02247
V965	0	0	0.4813	0.42968	0.08902
V966	0.02402	0	0.49727	0.08784	0.39086
V967	0.35411	0.50137	0	0.00086	0.14366
V968	0.07643	0.89197	0.00378	0.01475	0.01306
V969	0.13237	0.50144	0.13329	0.10897	0.12394
V970	0.17635	0.36477	0.43866	0	0.02022
V971	0.74737	0.04439	0.18506	0.01078	0.01239
V972	0.10096	0.83874	0	0.04625	0.01404
