Neutrophils	Monocytes_CD14.CD16.	Macrophage	T_cells_.CD4..	NK_cells
V1	0.35365	0.11032	0.25823	0.12528	0.15252
V2	0.09058	0.76298	0.04801	0.04672	0.0517
V3	0.06478	0	0.45968	0.41884	0.0567
V4	0.00279	0	0.23204	0.06397	0.7012
V5	0.00162	0	0.05242	0.10628	0.83968
V6	0.36177	0	0.28396	0.21739	0.13687
V7	0.00776	0	0.43456	0.07927	0.47841
V8	0.01026	0	0.90423	0.06413	0.02138
V9	0.04843	0	0.26635	0.61817	0.06705
V10	0.50131	0	0.46984	0	0.02886
V11	0.02769	0	0.10083	0.07545	0.79603
V12	0.07571	0	0.21996	0.29809	0.40624
V13	0.12876	0.03672	0.03457	0.40367	0.39627
V14	0.15502	0	0.06918	0.62606	0.14975
V15	0.01309	0.02027	0	0.85512	0.11152
V16	0.58414	0.07682	0.00775	0.29186	0.03943
V17	0.07089	0.24003	0.01211	0.06315	0.61382
V18	0.11193	0.40835	0.25638	0.18963	0.03371
V19	0.01795	0	0	0.1184	0.86365
V20	0	0	0.74349	0.2148	0.04171
V21	0.02904	0.24769	0.13008	0.15683	0.43635
V22	0.82608	0.08058	0.06186	0	0.03147
V23	0.07017	0.00305	0.01918	0.13689	0.77072
V24	0.46488	0.11967	0.015	0.04126	0.3592
V25	0.01518	0.01788	0.01228	0.40621	0.54845
V26	0.48916	0.2013	0.05671	0.03297	0.21986
V27	0.15067	0.48499	0.17715	0.00606	0.18114
V28	0.02726	0.05683	0.21078	0.6105	0.09464
V29	0	0	0.33495	0.58894	0.07611
V30	0.74484	0.10793	0.02338	0.01216	0.11169
V31	0.43229	0.14693	0.00743	0.2111	0.20224
V32	0.93158	0.00264	0.00405	0	0.06173
V33	0.02454	0.191	0.01266	0.1168	0.65502
V34	0.15134	0.82329	0.00599	0.00488	0.0145
V35	0.12819	0.59439	0.24617	0.01919	0.01205
V36	0.03167	0.15665	0.16749	0.09414	0.55006
V37	0.75237	0	0	0.00721	0.24042
V38	0.13047	0	0.4959	0.19402	0.17962
V39	0.35223	0.00388	0.33902	0.01023	0.29463
V40	0.24819	0.60564	0.0134	0.08512	0.04764
V41	0.08674	0.81784	0.01243	0.00468	0.07832
V42	0.87092	0.03861	0.01718	0	0.07329
V43	0.51748	0.10207	0.35175	0.00932	0.01939
V44	0.05763	0.25054	0.56905	0	0.12277
V45	0.07164	0.65883	0.0899	0.12054	0.05908
V46	0.14711	0.74098	0.06254	0.02223	0.02714
V47	0	0	0.97318	0	0.02682
V48	0.1787	0.11211	0.22669	0.31556	0.16694
V49	0.4944	0.13107	0.22706	0.11947	0.02801
V50	0.03003	0	0.95417	0	0.01581
V51	0.1187	0.24798	0.19497	0.06328	0.37508
V52	0.09062	0.87766	0.00868	0.00729	0.01575
V53	0.02684	0.1789	0.00576	0.70705	0.08146
V54	0.21508	0	0.00634	0.53199	0.24659
V55	0.06689	0	0	0.83503	0.09808
V56	0.06078	0	0	0.74086	0.19836
V57	0.18042	0.08399	0.58151	0.01929	0.13479
V58	0.05692	0	0.12732	0.20377	0.61199
V59	0.87579	0.01642	0.08636	0	0.02143
V60	0.44565	0.19748	0.12129	0.10875	0.12683
V61	0.1913	0	0.0232	0.21943	0.56607
V62	0.05693	0	0.30344	0.13967	0.49996
V63	0.41095	0.2539	0.05796	0.0298	0.24739
V64	0.93635	0.02021	0.01891	0	0.02454
V65	0.0844	0.07293	0.03684	0.5999	0.20593
V66	0.01537	0	0.13483	0.75823	0.09157
V67	0.00049	0	0.3382	0.10443	0.55688
V68	0.48785	0	0.39592	0.02307	0.09316
V69	0.62017	0.10353	0.19772	0.00647	0.07211
V70	0.09428	0.69727	0.03979	0.13138	0.03728
V71	0.12888	0.75937	0.03926	0.04964	0.02284
V72	0.05565	0.39075	0.02235	0.04213	0.48912
V73	0.04862	0	0.09925	0.56569	0.28644
V74	0.00468	0.05955	0.00557	0.76579	0.16441
V75	0.5034	0.16458	0.30711	0	0.0249
V76	0	0	0.01559	0.82794	0.15647
V77	0.01955	0	0.93174	0.0298	0.01891
V78	0.00271	0	0.96936	0	0.02793
V79	0.09767	0.39404	0.03776	0.13215	0.33838
V80	0.15316	0.71365	0.00172	0.04292	0.08856
V81	0.01182	0	0.97117	0	0.01702
V82	0.24682	0.16284	0.02639	0.50052	0.06344
V83	0.09618	0.07222	0.01845	0.52585	0.28731
V84	0.0952	0.15777	0.00314	0.06955	0.67434
V85	0.00027	0	0.97957	0	0.02017
V86	0.03687	0.23651	0.31175	0.3636	0.05127
V87	0.47585	0.00318	0.04101	0.41512	0.06484
V88	0.32019	0.15593	0.05028	0.1836	0.29001
V89	0.06472	0.04387	0.84604	0.02841	0.01695
V90	0.02223	0.16884	0.05522	0.11468	0.63904
V91	0	0	0.08016	0.82544	0.0944
V92	0.23898	0.02326	0.02444	0.06808	0.64524
V93	0.00773	0.06691	0.16745	0.50659	0.25132
V94	0.04018	0.16297	0.01985	0.23782	0.53918
V95	0.06849	0.22198	0.01972	0.11334	0.57647
V96	0.80229	0.00514	0.02344	0.01554	0.15359
V97	0.16012	0.01152	0.04217	0.1286	0.6576
V98	0.07371	0.36	0.17707	0.11811	0.27112
V99	0.52045	0.13571	0	0.19855	0.14529
V100	0.54487	0.15907	0.0479	0.04499	0.20317
V101	0.09857	0.86517	0.01518	0.00615	0.01492
V102	0.32911	0.23107	0.13332	0.09691	0.20959
V103	0.1152	0	0	0.07589	0.80891
V104	0.06712	0.39659	0.08111	0.04006	0.41512
V105	0.0051	0	0.03783	0.11493	0.84214
V106	0.08901	0.72832	0.13769	0.0042	0.04078
V107	0.07343	0.17096	0.69662	0.03574	0.02325
V108	0.03862	0.12536	0.82194	0	0.01408
V109	0.06562	0.20867	0.05499	0.26827	0.40245
V110	0.20645	0.49174	0.17755	0.09213	0.03213
V111	0.32061	0.19437	0.47606	0	0.00897
V112	0.17587	0	0.10177	0.46054	0.26182
V113	0.23602	0	0.0986	0.15848	0.5069
V114	0.58568	0.07107	0.04742	0.15544	0.14039
V115	0.87571	0	0.00154	9e-04	0.12185
V116	0.00574	0	0	0.09147	0.90279
V117	0.05279	0	0.83181	0.07058	0.04481
V118	0.03302	0	0	0.84768	0.1193
V119	0.35433	0	0.39971	0.21733	0.02863
V120	0.00397	0	0.83671	0.1008	0.05853
V121	0.21937	0.70256	0.00158	0.00662	0.06987
V122	0.05243	0.38236	0.08375	0.21885	0.26261
V123	0.50725	0.02891	0.07429	0.17868	0.21086
V124	0.21923	0.09942	0.06034	0.2197	0.40131
V125	0.07332	0.41865	0.48865	0	0.01937
V126	0.17007	0.16391	0.21904	0.11538	0.3316
V127	0.29701	0	0.64761	0.03397	0.02141
V128	0.22916	0.73466	0.0106	0	0.02558
V129	0.28492	0.00582	0.27509	0.16992	0.26425
V130	0.05513	0.50141	0.04023	0.20513	0.19809
V131	0.00403	0	0.23674	0.68364	0.07559
V132	0.35807	0.01001	0	0.32627	0.30565
V133	0.0102	0.0032	0.57936	0.09442	0.31282
V134	0.0797	0	0.8009	0.01748	0.10192
V135	0.03901	0.04299	0.76166	0.0234	0.13295
V136	0.95896	0.00721	0.00541	0	0.02842
V137	0.90064	0.03413	0.00318	0.01362	0.04843
V138	0.2583	0.1312	0.07752	0.13692	0.39606
V139	0.11519	0	0.15581	0.65109	0.07792
V140	0.01676	0	0.14606	0.07048	0.7667
V141	0.03842	0.17434	0.67262	0.08642	0.0282
V142	0.21508	0	0.32399	0.13109	0.32984
V143	0.033	0.15943	0.49875	0.13786	0.17095
V144	0.51929	0.21522	0.06547	0.10165	0.09837
V145	0.00151	0	0.95361	0.00784	0.03703
V146	0.04756	0.34702	0.00511	0.29374	0.30657
V147	0.1166	0.01047	0.72262	0.09613	0.05418
V148	0.18494	0.75383	0.00994	0.02297	0.02831
V149	9e-05	0.00165	0	0.84627	0.15199
V150	0.1726	0.14888	0.59513	0	0.08339
V151	0.44739	0.00415	0.00747	0.38119	0.15981
V152	0.00122	0	0.1119	0.7302	0.15667
V153	0.19684	0.14667	0.4674	0.04396	0.14513
V154	0.14504	0.5788	0.02225	0.03378	0.22014
V155	0.02632	0	0.13398	0.74921	0.09049
V156	0.105	0	0.4094	0.15504	0.33057
V157	0.09482	0.01759	0.172	0.28126	0.43434
V158	0.20119	0	0.44147	0.05105	0.30629
V159	0.12156	0.2283	0.01147	0.54445	0.09422
V160	0.46989	0.15129	0.0918	0.04269	0.24433
V161	0.21521	0.00149	0.05881	0.05579	0.6687
V162	0.0046	0	0.97687	0	0.01854
V163	0.04417	0	0.00748	0.1052	0.84315
V164	0.91387	0.05548	0.01176	0	0.01888
V165	0.61918	0.20787	0.07995	0.03457	0.05843
V166	0.0442	0	0.23998	0.56879	0.14702
V167	0.06906	0.63308	0.01667	0.11721	0.16399
V168	0.0046	0	0.97687	0	0.01854
V169	0.093	0.66401	0.14803	0.06434	0.03062
V170	0.26524	0.38075	0.05278	0.16913	0.1321
V171	0.34045	0.05072	0.37338	0.16132	0.07413
V172	0.19078	0.21157	0.06875	0.04982	0.47907
V173	0.22232	0.09212	0.09045	0.38286	0.21225
V174	0.21709	0	0.35113	0.19526	0.23653
V175	0.08111	0.12822	0.11945	0.18899	0.48224
V176	0.38453	0.00654	0.00113	0.54479	0.063
V177	0.21716	0	0.59135	0.15975	0.03174
V178	0.31181	0	0.47798	0.10401	0.1062
V179	0.09059	0	0.00172	0.07836	0.82932
V180	0.02185	0	0.34509	0.04823	0.58483
V181	0.07391	0.26993	0	0.0893	0.56685
V182	0.56979	0.23232	0.0015	0.13417	0.06222
V183	0.10802	0.86226	0.00765	0.00036	0.02171
V184	0.3377	0	0.29892	0.30214	0.06124
V185	0.12633	0.47629	0.02127	0.1346	0.24152
V186	0.14161	0.17591	0.02658	0.24767	0.40823
V187	0.11127	0.67614	0.00168	0.17599	0.03492
V188	0.84884	0.02714	0.03146	0.06428	0.02828
V189	0.47087	0.24072	0.03306	0.21738	0.03797
V190	0.43735	0.042	0.21771	0.02304	0.2799
V191	0.22785	0.22591	0.00141	0.38602	0.15881
V192	0.34109	0.17991	0.12525	0.19539	0.15837
V193	0.09286	0.16604	0.53426	0.04089	0.16594
V194	0.27181	0.03214	0.08561	0.12194	0.4885
V195	0.59689	0.15339	0.2322	0	0.01752
V196	0	0	0.04979	0.10682	0.84339
V197	0.10576	0.83972	0.00548	0.02598	0.02306
V198	0.2412	0.21973	0.03417	0.19616	0.30874
V199	0.78194	0	0.20878	0	0.00929
V200	0.76888	0	0.02644	0.01858	0.18609
V201	0.02577	0	0.01621	0.68751	0.2705
V202	0.90789	0.06489	0	0	0.02722
V203	0.53932	0.25021	0.02418	0.0459	0.14039
V204	0.34537	0.06639	0.03138	0.03703	0.51983
V205	0.11524	0.00704	0.11726	0.11198	0.64848
V206	0.04172	0.1013	0	0.7362	0.12078
V207	0.01309	0.02027	0	0.85512	0.11152
V208	0.18712	0.1797	0.48649	0.03993	0.10677
V209	0.15922	0	0.09566	0.07987	0.66525
V210	0	0	0.9717	0	0.0283
V211	0.16114	0	0.20189	0.06692	0.57005
V212	0.09851	0.7317	0.07118	0.03363	0.06497
V213	0.09082	0	0.0535	0.27067	0.58502
V214	0.06125	0.52021	0.37473	0.00854	0.03527
V215	0.26726	0.20706	0.13416	0.08468	0.30684
V216	0.06133	0	0.33673	0.07379	0.52814
V217	0	0	0.02107	0.79799	0.18094
V218	0.08739	0.16754	0.29338	0.32222	0.12947
V219	0.15649	0.24414	0.39093	0.17621	0.03224
V220	0.22069	0.70575	0.05454	0.00053	0.01849
V221	0.05558	0.01542	0.51602	0.03229	0.38069
V222	0.01449	0	0.00168	0.09591	0.88793
V223	0.55312	0	0.31131	0.10119	0.03438
V224	0.06976	0.537	0.02361	0.08628	0.28334
V225	0.71339	0.1522	0.11879	0	0.01562
V226	0.46607	0.51487	0	0	0.01906
V227	0.10311	0.27111	0.00395	0.52855	0.09328
V228	0.61879	1e-05	0.27198	0.05502	0.0542
V229	0.30017	0.3728	0.25308	0.03152	0.04242
V230	0.01151	0	0	0.09641	0.89208
V231	0.09567	0.59677	0.05637	0.1493	0.1019
V232	0.81387	0	0.17498	0	0.01115
V233	0.05729	0	0.14662	0.13228	0.66381
V234	0.03951	0.3681	0.21214	0.31667	0.06359
V235	0.95138	0.01528	0	0.00848	0.02485
V236	0.0855	0	0.65512	0.18017	0.0792
V237	0.13679	0.0512	0.27199	0.30858	0.23144
V238	0.00109	0	0.00197	0.30239	0.69454
V239	0.08737	0.39788	0.04668	0.16951	0.29856
V240	0.10365	0.8052	0.01126	0.01556	0.06433
V241	0.09069	0.87742	0.00842	0.0012	0.02228
V242	0.05569	0.30307	0.29684	0.25161	0.09278
V243	0.501	0	0.32168	0.02237	0.15495
V244	0.05574	0.38872	0.18558	0.08704	0.28292
V245	0.08822	0.84925	0.0287	0.01861	0.01523
V246	0.61195	0.26259	0.02432	5e-05	0.10109
V247	0.22672	0.04817	0.63746	0.04069	0.04696
V248	0.12531	0.58607	0.02292	0.02272	0.24299
V249	0.2692	0.04019	0.20559	0.10991	0.3751
V250	0.02517	0	0.66754	0.04416	0.26313
V251	0.22512	0.00571	0.09152	0.56303	0.11461
V252	0.03685	0.07525	0.57511	0.14755	0.16523
V253	0.31815	0.54769	0.07568	0.03123	0.02724
V254	0.52213	0.38058	0	0.06395	0.03333
V255	0.80759	0.08222	0	0.01229	0.0979
V256	0.07897	0.7298	0.01812	0.01732	0.1558
V257	0.46259	0.28561	0.13608	0.02635	0.08938
V258	0.17931	0.32492	0.04595	0.39667	0.05315
V259	0.54913	0.25467	0.16606	0	0.03014
V260	0.26981	0.01021	0.10417	0.10749	0.50832
V261	0.01904	0	0.52518	0.28429	0.17149
V262	0.90696	0.02247	0.04726	0	0.02332
V263	0.79716	0.08357	0.00945	0.08632	0.0235
V264	0.1052	0.8343	0.0128	0.03153	0.01617
V265	0.82509	0.08051	0.07074	0.00154	0.02213
V266	0.00773	0	0.07481	0.09432	0.82313
V267	0.04336	0	0	0.19573	0.76091
V268	0.22437	0.4161	0.13408	0.15521	0.07024
V269	0.11432	0.30045	0.35661	0.17125	0.05736
V270	0.04113	0	0.03072	0.83327	0.09488
V271	0.24746	0.68692	0.00807	0.01613	0.04143
V272	0.13893	0.77543	0.02474	0.01239	0.04851
V273	0.30209	0	0.17591	0.31521	0.20679
V274	0.0929	0.02274	0.03492	0.22286	0.62657
V275	0.08384	0.67341	0.13935	0.07197	0.03143
V276	0.00552	0	0.71653	0.21908	0.05888
V277	0.38656	0	0.57452	0	0.03891
V278	0.00388	0.00251	0.3555	0.4495	0.18862
V279	0.14452	0	0.00888	0.71219	0.13442
V280	0.19759	0.00905	0.03511	0.59192	0.16633
V281	0.03184	0.22975	0.04053	0.62054	0.07733
V282	0.09925	0.86991	0.00814	0.00075	0.02195
V283	0.36437	0	0.10498	0.05265	0.47801
V284	0.0398	0.08326	0.5445	0.01836	0.31408
V285	0.51258	0.44849	0	0.01634	0.02259
V286	0.09337	0	0.85671	0.02608	0.02383
V287	0.25968	0.04409	0.16985	0.28209	0.24429
V288	0.21668	0	0.6297	0.00315	0.15047
V289	0.16924	0.22819	0.01944	0.5181	0.06502
V290	0.44109	0.42795	0.12238	0	0.00858
V291	0.42081	0.21253	0.00108	0.31764	0.04795
V292	0.12775	0	0.411	0.05695	0.40429
V293	0.01974	0.05625	0.84683	0.04067	0.03651
V294	0.00452	0	0.00315	0.09017	0.90216
V295	0.01091	0	0.34145	0.50432	0.14332
V296	0.83847	0.11357	0	0.00136	0.0466
V297	0.01767	0	0.79605	0.11824	0.06805
V298	0.29842	0	0	0.52373	0.17786
V299	0.27141	0	0.00592	0.64952	0.07315
V300	0.9582	0.01728	0	0	0.02452
V301	0.94801	0.00379	0.00419	0.01385	0.03016
V302	0.00014	0	0.00247	0.4152	0.58219
V303	0.12078	0.15285	0.21259	0.18057	0.3332
V304	0.2123	0	0.75352	0	0.03418
V305	0.22665	0.3044	0.08772	0.1061	0.27513
V306	0.33945	0.62491	0.00056	0.00736	0.02772
V307	0.24679	0	0.27146	0.43386	0.04789
V308	0.25409	0	0.66274	0.05961	0.02356
V309	0.65809	0.05941	0.04676	0.10292	0.13282
V310	0.02829	0.00577	0.00417	0.15206	0.80971
V311	0.00419	0	0.03954	0.84822	0.10805
V312	0.10549	0.2242	0.24436	0.02699	0.39896
V313	0.07451	0.29516	0.01177	0.29863	0.31993
V314	0.07828	0	0.00156	0.38408	0.53607
V315	0.9394	0.00272	0.01128	0	0.04659
V316	0.14403	0.52642	0.23245	0.024	0.0731
V317	0.42092	0.04129	0.50635	0	0.03144
V318	0.8997	0	0.00289	0	0.0974
V319	0.13033	0	0.85323	0.00191	0.01453
V320	0.07365	0	0.00101	0.82121	0.10413
V321	0.16109	0.31232	0.30146	0.17642	0.04871
V322	0.0316	0.21996	0.58047	0.04703	0.12095
V323	0.28151	0.17857	0.43308	0.01356	0.09328
V324	0.03445	0.03435	0.04077	0.79283	0.0976
V325	0.64227	0.09866	0.0808	0.09672	0.08154
V326	0.04407	0	0.05162	0.17476	0.72954
V327	0.35021	0.4649	0.10044	0.01368	0.07077
V328	0.06206	0.28398	0.16385	0.42538	0.06472
V329	0.00475	0.01412	0.41189	0.50186	0.06738
V330	0.0921	0	0.84621	0	0.06169
V331	0.13638	0	0.08756	0.12817	0.64788
V332	0.50096	0.01277	0.44747	0	0.0388
V333	0.43508	0	0.31107	0.14498	0.10887
V334	0.06712	0.24384	0.55918	0.07111	0.05875
V335	0.72615	0.04799	0.0788	0.02505	0.12202
V336	0.19429	0.54057	0.24296	0	0.02218
V337	0.0017	0	0.00983	0.20124	0.78723
V338	0.7321	0.00579	0.14889	0.00846	0.10477
V339	0.23609	0.50794	0.17192	0	0.08405
V340	0.04043	0.14599	0.10937	0.09353	0.61067
V341	0.05501	0.45194	0.42158	0.00399	0.06748
V342	0.3264	0.11405	0.45105	0.09066	0.01785
V343	0.71037	0	0.27843	0	0.0112
V344	0.13522	0.71841	0.03853	0.02167	0.08617
V345	0.22138	0.0378	0.00012	0.28681	0.4539
V346	0.05489	0.29177	0.3185	0.26744	0.0674
V347	0.10758	0.51469	0.02258	0.27989	0.07526
V348	0.02612	0.10345	0.46275	0.23378	0.17389
V349	0.09163	0.26324	0.52855	0.01199	0.10459
V350	0.13258	0.40633	0.08173	0.2132	0.16617
V351	0.19376	0	0.45053	0.30242	0.05329
V352	0.14292	0.50677	0.33297	0	0.01734
V353	0.26711	0.31767	0.03401	0.05588	0.32533
V354	0.58989	0	0.40219	0	0.00793
V355	0.08817	0	0.34671	0.50143	0.06369
V356	0.10432	0	0.83613	0.01178	0.04777
V357	0.05125	0	0.52708	0.04792	0.37375
V358	0.02277	0.02521	0.03245	0.81763	0.10194
V359	0.05376	0.11334	0.00442	0.74395	0.08453
V360	0.72251	0.03972	0.08852	0.12546	0.02379
V361	0.35725	0.46037	0.083	0	0.09937
V362	0.81814	0	0.09145	0	0.09041
V363	0.02853	0.01586	0.00375	0.18907	0.7628
V364	0.05106	0.28884	0.02117	0.40959	0.22934
V365	0	0	0.00808	0.85924	0.13268
V366	0.23305	0	0.61076	0.05456	0.10163
V367	0.24843	0.20167	0.20777	0.15767	0.18445
V368	0.75614	0.07603	0.12029	0	0.04753
V369	0.07879	0.61884	0.22229	0.06395	0.01613
V370	0.02655	0.14422	0.12377	0.3543	0.35116
V371	0.09789	0.84469	0.04422	0	0.0132
V372	0.66801	0.05643	0.1432	0.09061	0.04176
V373	0.15062	0.62777	0.12153	0.07644	0.02365
V374	0.11014	0.01371	0.40102	0.42713	0.048
V375	0.32685	0	0.6009	0.05664	0.0156
V376	0.00441	0	0.39943	0.05163	0.54453
V377	0.11889	0.48861	0.20174	0.15998	0.03078
V378	0.16407	0.52209	0.16648	0.00275	0.14461
V379	0.01948	0	0.10395	0.12696	0.74962
V380	0.01512	0.03162	0.17784	0.49312	0.2823
V381	0.14984	0.03457	0.00211	0.06802	0.74546
V382	0.41887	0	0	0.28411	0.29703
V383	0.02563	0	0.27837	0.62711	0.06889
V384	0.30833	0.025	0.16983	0.39911	0.09774
V385	0.08909	0.08507	0.003	0.07077	0.75208
V386	0.67423	0.0089	0.00079	0.27589	0.04018
V387	0.27945	0.01426	0.00142	0.61044	0.09443
V388	0.09374	0.79775	0.0334	0.05133	0.02378
V389	0.15552	0.738	0.01611	0.02625	0.06411
V390	0.17965	0	0	0.64676	0.17359
V391	0.70645	0.15661	0	0.05854	0.07841
V392	0.93338	0.04062	0.00506	0	0.02094
V393	0.10369	5e-05	0.15484	0.51998	0.22144
V394	0.72445	0.0033	0.02281	0.13768	0.11176
V395	0	0	0.3842	0.54453	0.07127
V396	0.57602	0	0.40962	0	0.01436
V397	0.68029	0.13854	0.03137	0.09218	0.05763
V398	0.05576	0	0.16719	0.62562	0.15143
V399	0.03849	0.01656	0	0.28839	0.65655
V400	0.19627	0.51176	0.15018	0.12196	0.01983
V401	0.34334	0	0.62662	0.01707	0.01297
V402	0.40347	0	0.44984	0.05664	0.09005
V403	0.1522	0.06456	0	0.16545	0.61779
V404	0.00634	0.00923	0.51442	0.37704	0.09297
V405	0.3647	0.25481	0.06874	0.19365	0.11809
V406	0.02769	0	0.94019	0	0.03212
V407	0.8863	0.0394	0.03247	0.02242	0.01941
V408	0.05137	0.37635	0.00534	0.24182	0.32512
V409	0.107	0	0.06099	0.65812	0.17389
V410	0.14149	0.10204	0.32562	0.0619	0.36895
V411	0.0053	0	0	0.09924	0.89546
V412	0.02883	0.12368	0.12834	0.07342	0.64573
V413	0.03688	0.24671	0.15389	0.34541	0.21711
V414	0.04233	0.0817	0	0.45334	0.42264
V415	0.15792	0	0	0.07006	0.77202
V416	0.10902	0.07535	0.01772	0.17662	0.62128
V417	0.00662	0	0.78505	0.12098	0.08735
V418	0.55092	0.38663	0.01836	0.00271	0.04137
V419	0.25068	0.00463	0.01615	0.15027	0.57826
V420	0.22773	0	0.09418	0.08412	0.59396
V421	2e-05	0	0.12376	0.1056	0.77061
V422	0.00977	0	0.05005	0.69759	0.2426
V423	0.3197	0.16677	0.29124	0.17386	0.04843
V424	0	0	0.48881	0.03654	0.47465
V425	0.34742	0.3681	0	0.02069	0.26379
V426	0.24945	0.1835	0.01747	0.42313	0.12645
V427	0.23677	0.60478	0.14308	0	0.01536
V428	0.12967	0.62808	0.0716	0.07766	0.09299
V429	0.15594	0.7523	0.00217	0.05148	0.03812
V430	0.0305	0	0.41625	0.19763	0.35563
V431	0.14053	0.35828	0.1986	0.22383	0.07876
V432	0.32102	0.0476	0.12768	0.32774	0.17597
V433	0.20923	0	0.52884	0.20886	0.05307
V434	0.2733	0.25497	0.37376	0.00682	0.09114
V435	0.58516	0.01724	0.36227	0.01483	0.02051
V436	0.09433	0.57237	0.09785	0.05167	0.18378
V437	0.19415	0.00358	0.02487	0.19512	0.58228
V438	0.1582	0.29389	0.2002	0.25628	0.09142
V439	0.62818	0	0.04294	0.27668	0.05221
V440	0.05316	0.31612	0.55939	0.00951	0.06182
V441	0.07066	0.51152	0.37621	0.02116	0.02045
V442	0.09951	0.87014	0.01568	0	0.01467
V443	0.94235	0.00314	0.00411	0.02639	0.02401
V444	0.17717	0.43505	0.02923	0.29063	0.06792
V445	0.08636	0.41855	0.03942	0.39341	0.06227
V446	0.11557	0.01422	0.10348	0.55337	0.21337
V447	0.06281	0	0.00716	0.45312	0.4769
V448	0.16234	0	0.01304	0.08184	0.74278
V449	0.0046	0	0.97687	0	0.01854
V450	0.22432	0.06166	0.25247	0.14045	0.3211
V451	0.29039	0.19317	0.06092	0.3134	0.14212
V452	0.00413	0	0.16476	0.70661	0.1245
V453	0.01406	0	0	0.46404	0.52191
V454	0.00733	0	0.69599	0.03588	0.26079
V455	0.08077	0.20362	0.28006	0.0639	0.37165
V456	0.92924	0.01087	0	0.00905	0.05084
V457	0.66932	0.206	0.03139	0.04093	0.05237
V458	0.05356	0.33018	0.51307	0.04711	0.05607
V459	0.1423	0.04811	0.05331	0.47265	0.28363
V460	0.69777	0.02365	0.19736	0.0436	0.03762
V461	0.21489	0.2812	0.24162	0.02333	0.23896
V462	0.05123	0.07197	0.01081	0.4932	0.3728
V463	0.22492	0.05523	0.00929	0.63231	0.07825
V464	0.19651	0.13734	0.64612	0.00053	0.01949
V465	0.04643	0.08511	0.01164	0.08909	0.76773
V466	0.02083	0	0	0.16148	0.81769
V467	0.06864	0.26013	0.02094	0.50487	0.14541
V468	0.56891	0.29103	0.10398	0	0.03608
V469	0.03562	0.32688	0.05701	0.26379	0.3167
V470	0.83555	0.05514	0.02412	0.05743	0.02776
V471	0.40337	0.29088	0.02517	0.12744	0.15314
V472	0.00916	0.01401	0.03938	0.08389	0.85355
V473	0.04417	0.20071	0.24882	0.30058	0.20572
V474	0.30889	0.12888	0.06091	0.41234	0.08899
V475	0.17788	0	0.60425	0.03145	0.18641
V476	0.16402	0.01576	0.10273	0.59057	0.12693
V477	0.0908	0.8778	0.0161	0.00028	0.01501
V478	0.17342	0	0	0.06844	0.75814
V479	0.83713	0.05434	0.03158	0.05009	0.02687
V480	0.17045	0.63428	0.05409	0.09348	0.0477
V481	0.26463	0.36027	0.06128	0.16414	0.14968
V482	0.15072	0.64712	0.17896	0	0.0232
V483	0.33455	0.5163	0	0.08538	0.06377
V484	0.24907	0.49815	0.1127	0.10654	0.03354
V485	0.67556	0.06786	0.11576	0.09833	0.04249
V486	0.07688	0.04379	0.30075	0.04186	0.53672
V487	0.15573	0.09572	0.42799	0.2783	0.04226
V488	0.42259	0.06277	0	0.31695	0.19769
V489	0.02951	0.18326	0.68878	0.06328	0.03517
V490	0.00641	0	0.76642	0.18846	0.03872
V491	0.06147	0.45345	0.04766	0.10725	0.33016
V492	0.03388	0.143	0.03096	0.68859	0.10357
V493	0.00731	0	0.00397	0.8736	0.11513
V494	0.33194	0	0.01191	0.51802	0.13814
V495	0.35592	0.20065	0.21411	0.14944	0.07988
V496	0.13703	0.01061	0.05163	0.06563	0.73511
V497	0.10455	0.00587	0.14716	0.14111	0.6013
V498	0.11443	0.81889	0.0265	0.00586	0.03433
V499	0.05826	0.20271	0.2603	0.08393	0.3948
V500	0.13891	0.47961	0.10797	0.19116	0.08235
V501	0.08849	0.31152	0.01239	0.05346	0.53415
V502	0.16644	0.75851	0.03999	0.02139	0.01367
V503	0.46472	0	0.20901	0.13554	0.19073
V504	0.48474	0.19915	0.00128	0.02061	0.29423
V505	0.62948	0	0.02017	0.08729	0.26306
V506	0.05758	0.50559	0.06501	0.03331	0.33851
V507	0.84802	0	0.02792	0.07351	0.05055
V508	0.06847	0.60982	0.20413	0.03482	0.08277
V509	0.08215	0.44893	0.1383	0.17799	0.15262
V510	0.42624	0.48127	0.04254	0.02889	0.02107
V511	0.09277	0.27576	0.51921	0.03245	0.07981
V512	0.18003	0.44083	0.17019	0.047	0.16194
V513	0.20145	0.65205	0.06966	0.03499	0.04186
V514	0.0051	0	0.21496	0.09348	0.68646
V515	0.07846	0.13294	0	0.7079	0.0807
V516	0.18398	0.35787	0.10926	0.29757	0.05133
V517	0.01151	0.02367	0.05194	0.81228	0.1006
V518	0.4421	0	0.32816	0.17215	0.05758
V519	0.79091	0.06483	0.00198	0.10949	0.0328
V520	0.11305	0.8076	0.01898	0.04387	0.01651
V521	0.21386	0	0.13284	0.58314	0.07016
V522	0.06847	0.15598	0.58758	0.12333	0.06463
V523	0.17594	0	0.7691	0.03205	0.02291
V524	0.36572	0	0.56303	0	0.07125
V525	0.02503	0.18899	0.02947	0.07282	0.68368
V526	0.05161	0	0.88334	0.01446	0.05059
V527	0.11801	0.45306	0.38906	0.00603	0.03384
V528	0.15302	0	0.01577	0.74776	0.08345
V529	0.23514	0	0.73917	0	0.02569
V530	0.02473	0	0.89075	0.03977	0.04476
V531	0.20436	0.49992	0.08659	0.02073	0.18841
V532	0.0847	0.23463	0.29686	0.02339	0.36041
V533	0.26937	0	0	0.05768	0.67295
V534	0.12998	0.06619	0	0.69866	0.10516
V535	0.81471	0.11971	0.04706	0	0.01851
V536	0.14717	0.1472	0.39021	0.04252	0.2729
V537	0.0191	0.00572	0.01332	0.08616	0.8757
V538	0.62487	0.10897	0.00073	0.0335	0.23193
V539	0.03104	0.10508	0.67795	0.09417	0.09176
V540	0.19031	0.45609	0.08729	0.05267	0.21365
V541	0.0556	0.39318	0.02204	0.06195	0.46723
V542	0.05639	0.33718	0.11374	0.38766	0.10504
V543	0.08476	0.05669	0.70112	0.04408	0.11335
V544	0.36219	0.17547	0.1808	0.0649	0.21663
V545	0.62085	0.35993	0.00504	0	0.01418
V546	0.10874	0.74334	0.0792	0.0063	0.06242
V547	0.12777	0.74923	0.00214	0.07991	0.04095
V548	0.00487	0.06225	0.00642	0.82105	0.1054
V549	0.00108	0	0.01796	0.21503	0.76592
V550	0.08536	0.80044	0.09001	0.00407	0.02011
V551	0.00933	0	0	0.88141	0.10926
V552	0.22271	0	0.01521	0.08774	0.67434
V553	0.78537	0.00597	0.01572	0.12253	0.07042
V554	0.12543	0.00797	0.51657	0.29615	0.05388
V555	0.08895	0.85972	0.01436	0.00147	0.0355
V556	0.08094	0.04157	0.05644	0.69167	0.12939
V557	0.32664	0.24626	0.03421	0.30629	0.0866
V558	0.01059	0	0.80131	0.13586	0.05225
V559	0.13458	0.39073	0.43369	0	0.04099
V560	0.63412	0.22921	0.12785	0	0.00882
V561	0.71816	0	0.13193	0.00552	0.1444
V562	0.12989	0.02732	0.15626	0.12656	0.55997
V563	0.23805	0.24342	0.20577	0.10731	0.20546
V564	0.35996	0.00679	0.05941	0.32965	0.2442
V565	0.00312	0	0.01043	0.11892	0.86753
V566	0.30668	0.13772	0.02433	0.30397	0.22731
V567	0.0214	0	0.95469	0	0.02391
V568	0.04671	0.19826	0.44374	0.27647	0.03482
V569	0.64429	0.08888	0.10723	0.10146	0.05814
V570	0.14224	0	0.29486	0.43891	0.12399
V571	0.27321	0	0.23648	0.32247	0.16783
V572	0.84058	0.00245	0	0.00472	0.15225
V573	0.0876	0.03724	0.35487	0.36354	0.15676
V574	0.5345	0.28271	0.07334	0.07042	0.03903
V575	0.37748	0.00221	0.12092	0.07151	0.42788
V576	0.08713	0.82607	0.01251	0.00991	0.06439
V577	0.42595	0.48186	0.03451	0.03588	0.0218
V578	0.04052	0.12489	0.54028	0.21105	0.08326
V579	0.05764	0.48631	0.31426	0.02365	0.11814
V580	0.23623	0.53275	0.01275	0.17028	0.04799
V581	0.0863	0.45886	0.36668	0.06485	0.02331
V582	0.01487	0	0.96551	0	0.01962
V583	0.64131	0	0.33965	0.00583	0.01321
V584	0.24708	0.48232	0.1029	0.02916	0.13853
V585	0.08874	0.73305	0.06364	0.04793	0.06664
V586	0.08062	0.74178	0.15552	0.00896	0.01312
V587	0.09098	0.65618	0.00931	0.03501	0.20852
V588	0.26084	0.37207	0.35283	0	0.01427
V589	0.11899	0.40854	0.04713	0.3588	0.06653
V590	0.08929	0.74236	0.00365	0.017	0.14771
V591	0.46775	0.47907	0.03483	0	0.01836
V592	0.01471	0	0.76743	0.03538	0.18248
V593	0.42977	0	0	0.46395	0.10628
V594	0.01768	0.08287	0.6831	0.13808	0.07827
V595	0.54254	0.03159	0.06579	0.28356	0.07653
V596	0.48161	0.17414	0.20619	0.09656	0.0415
V597	0.03314	0.18205	0.00418	0.14639	0.63425
V598	0.586	0	0	0.02212	0.39188
V599	0.09681	0.39935	0.09273	0.33826	0.07285
V600	0.28985	0	0.18776	0.36059	0.1618
V601	0.1449	0.09393	0.00121	0.45345	0.30651
V602	0.81218	0.16987	0	0	0.01794
V603	0.13638	0.12883	0.02596	0.15817	0.55065
V604	0.02085	0	0.72717	0.10069	0.15128
V605	0.03062	0.03813	0.12941	0.11864	0.68319
V606	0.83514	0	0	0.0055	0.15936
V607	0.16642	0.09459	0.01764	0.06444	0.65691
V608	0.75975	0.0126	0.03063	0.06905	0.12796
V609	0.20085	0.3116	0.01052	0.35829	0.11874
V610	0.11863	0.64457	0.0083	0.19256	0.03593
V611	0.29867	0	0.62295	0.00928	0.0691
V612	0.40369	0.01693	0.31553	0.01915	0.2447
V613	0.42175	0.51368	0.03533	0.01551	0.01373
V614	0.54162	0.02066	0.01445	0.08294	0.34032
V615	0.00833	0.07973	0.13672	0.55052	0.22469
V616	0.67541	0	0.14828	0.11641	0.0599
V617	0.25095	0.03208	0.47928	0.08539	0.15231
V618	0.7272	0.08655	0.06235	0.00496	0.11895
V619	0.56108	0.02372	0.15351	0.01171	0.24998
V620	0.04456	0	0.3757	0.5137	0.06603
V621	0.16086	0.19285	0.29693	0.01813	0.33123
V622	0.03556	0.17718	0.35348	0.03646	0.39732
V623	0.06358	0	0.00109	0.66804	0.26729
V624	0.90107	0	0.00238	0.01064	0.0859
V625	0.00382	0.05289	0.09979	0.7511	0.0924
V626	0.08188	0	0.57853	0.27773	0.06186
V627	0.11603	0.13586	0.11636	0.06848	0.56328
V628	0.93887	0.02091	0.00441	0.013	0.02281
V629	0.1546	0.19411	0.62201	0.00926	0.02002
V630	0.02306	0.16859	0.02106	0.08301	0.70429
V631	0	0	0.26811	0.06681	0.66508
V632	0.08821	0.7318	0.01025	0.03527	0.13447
V633	0.04873	0	0.08875	0.51147	0.35105
V634	0.42639	0.42341	0.14043	0	0.00977
V635	0.04613	0.07902	0.1866	0.06904	0.6192
V636	0.22143	0.14416	0.31956	0.17336	0.14149
V637	0.22791	0	0.42078	0.23032	0.12099
V638	0.10273	0.45012	0.02137	0.09162	0.33417
V639	0.52827	0.38366	0.07243	0	0.01564
V640	0.11989	0.1756	0.08149	0.23099	0.39202
V641	0.13353	0.69244	0.02331	0.10816	0.04257
V642	0.7413	0.03655	0.00131	0.18823	0.0326
V643	0.09513	0.80822	0.06582	0.01684	0.014
V644	0.06663	0.43784	0.02267	0.39353	0.07933
V645	0.19232	0.71313	0.01614	0.06145	0.01695
V646	0.16249	0.52139	0.02968	0.19578	0.09066
V647	0.93096	0.00153	0.00371	0.03934	0.02447
V648	0.45213	0.10569	0	0.2529	0.18928
V649	0.27634	0.07574	0.07653	0.12505	0.44634
V650	0.01429	0	0.05693	0.83371	0.09508
V651	0.15464	0.21591	0	0.56615	0.0633
V652	0.37446	0	0.03144	0.51905	0.07504
V653	0.35751	0	0.05143	0.49272	0.09833
V654	0.03432	0.06589	0	0.12379	0.776
V655	0.17281	0.02963	0.31761	0.42396	0.05599
V656	0.11106	0	0	0.1486	0.74034
V657	0.06264	0.48544	0.03142	0.28428	0.13621
V658	0.02383	0.01899	0.02969	0.59038	0.33711
V659	0.01021	0.00892	0.07978	0.75157	0.14952
V660	0.07914	0.3229	0.02032	0.07272	0.50491
V661	0.0787	0.63688	0.01617	0.15005	0.11819
V662	0.05914	0.4204	0.0227	0.03885	0.45891
V663	0.96285	0.00895	0.00598	0	0.02221
V664	0.01305	0	0.11381	0.39471	0.47842
V665	0.06769	0.60427	0.20521	0.06834	0.05448
V666	0.13244	0.80908	0.04209	0.00334	0.01306
V667	0.0704	0.52212	0.25806	0.08485	0.06457
V668	0.64027	0.23585	0.04744	0.03933	0.03711
V669	0.47639	0.30485	0.02504	0.07423	0.11949
V670	0.1271	0.60165	0.04651	0.03755	0.18718
V671	0.77894	0	0.18748	0.01218	0.0214
V672	0.09659	0.05406	0.09128	0.30649	0.45158
V673	0.00824	0.00816	0	0.16377	0.81983
V674	0.39702	0.06261	0.495	0	0.04536
V675	0.6937	0	0.03619	0.13379	0.13632
V676	0.28467	0.06416	0.50475	0	0.14641
V677	0.06118	0.26016	0.22605	0.34993	0.10268
V678	0.06668	0.30224	0.01264	0.07148	0.54696
V679	0.00768	0	0.48038	0.45016	0.06178
V680	0.16527	0	0.01324	0.34648	0.47501
V681	0.53804	0.02188	0.03963	0.27212	0.12832
V682	0.0046	0	0.97687	0	0.01854
V683	0.09205	0.13673	0.64724	0	0.12398
V684	0.05473	0	0.00468	0.84257	0.09801
V685	0.0124	0	0.86582	0.09036	0.03142
V686	0.30656	0.58795	0.06828	0.01138	0.02583
V687	0	0	0.60452	0.33427	0.06121
V688	0.0021	0	0.96106	0	0.03683
V689	0.51773	0.03388	0.19823	0.09491	0.15524
V690	0.14045	0.80276	0.01875	0.01696	0.02109
V691	0.14833	0.12889	0.04576	0.57962	0.0974
V692	0.06722	0.01283	0.0119	0.7314	0.17665
V693	0.05683	0.47206	0.42816	0.02179	0.02116
V694	0.0955	0.19498	0.03763	0.54149	0.13039
V695	0.13482	0.09186	0.14487	0.06031	0.56813
V696	0.12912	0	0.7434	0.00231	0.12517
V697	0.1161	0.08543	0.32892	0.31934	0.15021
V698	0.01279	0	0.17255	0.07581	0.73886
V699	0.03132	0	0.04753	0.6372	0.28395
V700	0.10193	0.76429	0.07115	0.00044	0.0622
V701	0.02333	0.16916	0.01302	0.07684	0.71765
V702	0.02192	0.12065	0.00415	0.63253	0.22076
V703	0.01041	0.00604	0.02487	0.85027	0.10841
V704	0.05396	0.0182	0.40316	0.05105	0.47363
V705	0.92752	0.01973	0	0.00255	0.0502
V706	0.16647	0.13801	0.16327	0.40524	0.12701
V707	0.14844	0.1104	0.07139	0.26942	0.40036
V708	0.06487	0.5538	0.36882	6e-05	0.01245
V709	0.00624	0	0.02974	0.0863	0.87773
V710	0.14021	0	0.48549	0.01884	0.35546
V711	0.05099	0	0.01262	0.09593	0.84046
V712	0.06646	0	0.72274	0.16763	0.04316
V713	0.28579	0.39625	0.30666	0.00061	0.01068
V714	0.04604	0	0	0.08575	0.86821
V715	0.03396	0.24333	0.60886	0.08587	0.02799
V716	0.73224	0.18697	0.0094	0.03278	0.03862
V717	0.41288	0.15101	0.11981	0.03249	0.28381
V718	0.68581	0	0.26166	0	0.05253
V719	0.42165	0.22943	0.1029	0.10293	0.14309
V720	0.12706	0.01872	0.08792	0.09051	0.67579
V721	0.02191	0	0.04179	0.0968	0.83951
V722	0.03386	0.23749	0.05735	0.45392	0.21738
V723	0.12325	0.2174	0.11306	0.46946	0.07683
V724	0.16	0.63499	0.03842	0.13695	0.02964
V725	0.02487	0	0.0012	0.08753	0.8864
V726	0.24569	0.48084	0.05248	0.0539	0.16709
V727	0.01278	0	0.95208	0	0.03514
V728	0.79595	0.00983	0.12156	0.04796	0.02471
V729	0.6215	0.11364	0.02343	0.20323	0.03821
V730	0.12995	0	0.3972	0.36607	0.10678
V731	0	0.00314	0.06364	0.83672	0.0965
V732	0.00768	0	0.00452	0.88082	0.10699
V733	0.04248	0	0.92635	0	0.03117
V734	0.53226	0.05982	0.35587	0.02401	0.02804
V735	0.08413	0.13494	0.21656	0.0616	0.50277
V736	0.01081	0.02752	0.00545	0.08683	0.86938
V737	0.95613	0.01652	0.00588	0	0.02147
V738	0.0511	0.43966	0.01502	0.04587	0.44836
V739	0.01248	0.01075	0	0.87123	0.10555
V740	0.22478	0.0615	0.10421	0.05687	0.55263
V741	0.5147	0.01469	0	0.29401	0.17659
V742	0.0819	0	0.55181	0.16833	0.19797
V743	0.02941	0.0305	0.07309	0.15629	0.71071
V744	0.20811	0.04622	0.17332	0.47568	0.09667
V745	0.17336	0.01055	0.04594	0.68731	0.08284
V746	0.38358	0.53417	0.0352	0	0.04705
V747	0.04175	0	0.91659	0	0.04166
V748	0.18504	0.1851	0.27942	0.06758	0.28286
V749	0.19851	0.09183	0.12115	0.4031	0.1854
V750	0.75	0.19645	0.00309	0.03141	0.01905
V751	0.06661	0.33575	0.56364	0.0129	0.0211
V752	0.02852	0.11628	0.02078	0.0803	0.75412
V753	0.57109	0.03147	0.24198	0.02041	0.13504
V754	0.13267	0.33364	0.00403	0.46833	0.06133
V755	0.26475	0.67963	0.03863	0	0.017
V756	0.02606	0.09576	0.02035	0.11825	0.73958
V757	0.17562	0	0.09532	0.65137	0.0777
V758	0.0888	0.44392	0	0.41019	0.0571
V759	0.09264	0.00813	0.09806	0.06613	0.73505
V760	0.08265	0.00445	0.21458	0.26369	0.43463
V761	0.08892	0.21381	0.67754	0	0.01973
V762	0.01512	0.01901	0.17624	0.39555	0.39408
V763	0.04223	0.25991	0.00539	0.05955	0.63293
V764	0.11774	0.05091	0.08443	0.65905	0.08787
V765	0.19031	0	0.66061	0.03953	0.10956
V766	0.10656	0.46126	0.23941	0.04678	0.146
V767	0.29759	0.45979	0.05998	0.04294	0.13968
V768	0.10281	0.78959	0.04848	0.03701	0.02211
V769	0.76733	0	0.17987	0	0.0528
V770	0.3328	0	0.50368	0.13439	0.02913
V771	0.10449	0.69744	0.00875	0.08056	0.10876
V772	0.06244	0	0.92251	0	0.01505
V773	0.0229	0	0	0.21379	0.76331
V774	0.16791	0	0.53146	0.01063	0.28999
V775	0.91023	0	0.01618	0.03811	0.03548
V776	0.38289	0.40756	0.15245	0.01627	0.04082
V777	0.24539	0.36043	0.24057	0.08909	0.06452
V778	0.54198	0.05336	0.00652	0.19807	0.20006
V779	0.10218	0.37919	0.4864	0.00521	0.02701
V780	0.02219	0	0.96033	0	0.01747
V781	0.20197	0.28879	0.17093	0.01762	0.3207
V782	0.24582	0.23088	0.01725	0.04076	0.4653
V783	0	0	0.63749	0.04317	0.31933
V784	0.0661	0.60942	0.00169	0.21323	0.10957
V785	0.70958	0.13779	0	0.07938	0.07324
V786	0.17873	0.2061	0.01053	0.52167	0.08297
V787	0.16662	0.58649	0	0.16035	0.08654
V788	0.39843	0.40236	0.06613	0	0.13309
V789	0.01745	0.15826	0.00423	0.38852	0.43155
V790	0.29952	0.21767	0.05966	0.1167	0.30646
V791	0.19422	0.20967	0.07062	0.19256	0.33292
V792	0.93154	0.01921	0.01847	0	0.03078
V793	0.34649	0.25966	0.05031	0.0926	0.25095
V794	0.01494	0	0.10225	0.21325	0.66955
V795	0.16826	0.7831	0.01807	0.00368	0.02689
V796	0.32212	0.39969	0.10348	0.12406	0.05064
V797	0.13579	0	0	0.0876	0.7766
V798	0.15911	0.49863	0.00562	0.08751	0.24913
V799	0.03591	0.16313	0.04867	0.62928	0.12302
V800	0.02545	0	0.01073	0.17515	0.78867
V801	0.39548	0	0.12148	0.40352	0.07953
V802	0.04528	0.18917	0.01235	0.07178	0.68142
V803	0.31701	0.02488	0.00085	0.56721	0.09006
V804	0.2185	0.14886	0.20284	0.33856	0.09124
V805	0.16968	0.10447	0.44795	0.15531	0.12259
V806	0.49482	0	0.19439	0.0649	0.24588
V807	0.73053	0	0.05947	0.04371	0.16629
V808	0.84403	0	0.04542	0	0.11055
V809	0.22764	0.58508	0.02109	0.03077	0.13542
V810	0.02734	0.04792	0.03772	0.45554	0.43148
V811	0.05581	0.08527	0.01914	0.15233	0.68745
V812	0.06976	0.63049	0.18592	0.0673	0.04652
V813	0.04742	0.19873	0.21512	0.03968	0.49904
V814	0.22789	0.53591	0.06163	0.13111	0.04345
V815	0.25801	0.65123	0.02959	0.03964	0.02152
V816	0.05436	0.51345	0.00807	0.34852	0.0756
V817	0.81252	0.02024	0.14613	0.00596	0.01516
V818	0.05711	0.179	0.35636	0.05469	0.35285
V819	0.93556	0.01937	0.01136	0.01193	0.02178
V820	0.0925	0.35858	0.12201	0.35235	0.07456
V821	0.00574	0	0	0.09147	0.90279
V822	0.19562	0.00407	0.01074	0.71061	0.07896
V823	0.05527	0.05666	0.22623	0.05159	0.61025
V824	0.07192	0.0133	0.01954	0.07775	0.8175
V825	0.15853	0	0.65856	0.15904	0.02388
V826	0.04652	0	0.92475	0.01189	0.01683
V827	0.35993	0.14738	0	0.34794	0.14475
V828	0.2574	0.12888	0.10442	0.08174	0.42756
V829	0.10182	0.05851	0.31308	0.18441	0.34218
V830	0.16113	0	0.69477	0.0175	0.12661
V831	0.07536	0.70628	0.04864	0.1251	0.04462
V832	0.20828	0	0.06058	0.25403	0.47711
V833	0.22011	0.72374	0.00929	0	0.04685
V834	0.74418	0.1371	0.03113	0.01478	0.07282
V835	0.27358	0.28043	0.08878	0.24173	0.11548
V836	0.40863	0.03563	0.44943	0.08134	0.02498
V837	0.08305	0.78112	0.01788	0.03698	0.08098
V838	0	0	0.07677	0.81966	0.10357
V839	0.0394	0.01001	0.07291	0.07617	0.80151
V840	0.92999	0.00739	0.02521	0.01048	0.02693
V841	0.2419	0	0.74069	0	0.01741
V842	0.55421	0.02505	0.20777	0.17174	0.04124
V843	0.47281	0	0.14236	0.07958	0.30525
V844	0.03643	0.12408	0.78315	0.01534	0.041
V845	0.02075	0	0	0.59594	0.38331
V846	0.11608	0.0184	0.09792	0.11297	0.65463
V847	0.20993	0	0.04488	0.15976	0.58544
V848	0.7397	0.03361	0.00096	0.07993	0.14579
V849	0.16254	0	0.72853	0.00147	0.10745
V850	0.2335	0.00299	0.29893	0.15803	0.30655
V851	0.9608	0.00795	0	0	0.03125
V852	0.25132	0.04354	0.07758	0.18744	0.44013
V853	0.05044	0.08362	0.63172	0.13014	0.10409
V854	0.0713	0.32641	0.24766	0.08535	0.26928
V855	0.12912	0.37818	0.0918	0.28163	0.11927
V856	0.18235	0.37619	0.05286	0.02468	0.36393
V857	0.08246	0.01974	0.17499	0.41705	0.30576
V858	0.04786	0.33239	0.19093	0.20164	0.22718
V859	0.13623	0.00201	0.01969	0.72574	0.11633
V860	0.04487	0.13973	0.06706	0.61771	0.13063
V861	0.15123	0.00435	0.13391	0.63471	0.0758
V862	0.06377	0	0.01442	0.15279	0.76902
V863	0.08839	0.84781	0.021	0.00732	0.03548
V864	0.04021	0	0.8883	0.05265	0.01884
V865	0.08619	0	0.65407	0.22932	0.03042
V866	0.04274	0.00183	0.67654	0.22063	0.05826
V867	0.58214	0.02222	6e-04	0.02034	0.37469
V868	0.26056	0.19489	0.40737	0.09555	0.04163
V869	0.01009	0	0.01513	0.09404	0.88074
V870	0.28835	0.15787	0.07878	0.23452	0.24048
V871	0.03982	0.02899	0.10073	0.14427	0.68619
V872	0.40273	0.03467	0.00781	0.45116	0.10363
V873	0.07728	0.31622	0.15229	0.34423	0.10998
V874	0.09533	0.03445	0.00272	0.08222	0.78529
V875	0.01818	0.18188	0.02147	0.47133	0.30715
V876	0.48932	0.04705	0.05557	0.03373	0.37433
V877	0.25895	0.60521	0.03682	0.06825	0.03077
V878	0.07091	0.66616	0.04126	0.17954	0.04214
V879	0.9073	0.04341	0.01074	0.01143	0.02712
V880	0.08534	0.06948	0.02693	0.42185	0.39641
V881	0.00835	0	0.5356	0.0302	0.42585
V882	0.07068	0.47568	0.0152	0.39174	0.04669
V883	0.52248	0.17479	0.00806	0.16271	0.13196
V884	0.00265	0	0	0.10047	0.89688
V885	0.18711	0.03389	0.40165	0.11733	0.26002
V886	0	0	0.02384	0.25994	0.71622
V887	0.1323	0.81414	0.01202	0.00018	0.04136
V888	0.06311	0.09567	0.05669	0.65048	0.13405
V889	0.15716	0.76033	0.03957	0.01593	0.027
V890	0.02962	0	0.14503	0.63123	0.19413
V891	0.0142	0	0.95853	0.00745	0.01982
V892	0.60326	0.23461	0.01654	0.0039	0.14169
V893	0.1736	0.14544	0.52667	0.07028	0.084
V894	0.12955	0.51614	0.04706	0.22951	0.07775
V895	0.70137	0	0.27302	0.0056	0.02001
V896	0.23537	0.20444	0.2418	0.27722	0.04117
V897	0	0	0.03731	0.74235	0.22034
V898	0.39858	0	0.00509	0.06023	0.5361
V899	0.5775	0.29933	0.07935	0	0.04382
V900	0.2853	0.2122	0.28002	0.17426	0.04822
V901	0.67757	0.05319	0.00047	0.16204	0.10673
V902	0.84907	0.04596	0.01679	0.02684	0.06134
V903	0.29267	0.06196	0.07049	0.47863	0.09625
V904	0.7345	0.08376	0.15287	0	0.02887
V905	0.04322	0.30872	0.06596	0.31419	0.26791
V906	0.17331	0.00669	0.48136	0.082	0.25662
V907	0.72249	0.10685	0.06273	0.04732	0.06061
V908	0.04458	0.33498	0.04899	0.45891	0.11253
V909	0.02035	0.11112	0.01301	0.69408	0.16143
V910	0.67857	0.16758	0.0085	0.05275	0.0926
V911	0.06479	0.21949	0.53401	0.01104	0.17066
V912	0.03604	0	0.15666	0.1185	0.68879
V913	0.14979	0.00696	0.07385	0.63735	0.13206
V914	0.77203	0.03447	0.00839	0.10845	0.07667
V915	0.20824	0.16855	0.05048	0.04729	0.52545
V916	0.79912	0.00967	0.11186	0	0.07934
V917	0.45711	0.02881	0	0.0462	0.46788
V918	0.60764	0.12438	0.21684	0.01671	0.03443
V919	0.44567	0.15894	0.00751	0.25412	0.13376
V920	0.1928	0	0.11715	0.61657	0.07348
V921	0.21127	0.16906	0.11364	0.03305	0.47297
V922	0.04067	0	0.70516	0.00881	0.24536
V923	0.17807	0.45855	0.02039	0.06094	0.28204
V924	0.52518	0.10406	0	0.2309	0.13986
V925	0.16847	0.07903	0.49593	0.15334	0.10323
V926	0.01929	0.00656	0.00498	0.09425	0.87492
V927	0.54986	0.24147	0.1082	0.06894	0.03153
V928	0.14295	0.24564	0.22114	0.17356	0.21671
V929	0.07309	0.25956	0.00451	0.05517	0.60768
V930	0.07392	0	0.05631	0.0739	0.79587
V931	0.50026	0.1302	0.00763	0.05733	0.30458
V932	0.05483	0.09965	0.04536	0.3248	0.47536
V933	0.30647	0	0.04283	0.27613	0.37457
V934	0.68941	0.04223	0.25704	0	0.01133
V935	0.60066	0.09757	0.12572	0.04916	0.12689
V936	0.33217	0.0493	0.118	0.41106	0.08948
V937	0.17261	0.66267	0.09474	0.02858	0.04139
V938	0.12443	0.82961	0.02799	0.00424	0.01373
V939	0	0	0.0077	0.34001	0.65228
V940	0.58247	0.06782	0.08075	0.0527	0.21626
V941	0.02236	0.11234	0.12505	0.45638	0.28386
V942	0.73981	0.23342	0.00375	0.00565	0.01737
V943	0.05636	0.0827	0.05374	0.07564	0.73156
V944	0.36451	0.00711	0.11767	0.44429	0.06642
V945	0.07675	0.2179	0.60039	0.03236	0.0726
V946	0.06547	0.44907	0.46581	0	0.01965
V947	0.40538	0.0083	0.02295	0.13667	0.4267
V948	0.11232	0.6709	0.03911	0.09846	0.07921
V949	0.86249	0.09597	0.02556	0	0.01598
V950	0.06685	0.00405	0.0223	0.81474	0.09206
V951	0.32503	0.01161	0	0.48193	0.18144
V952	0.13826	0.01858	0.04511	0.61011	0.18794
V953	0.49643	0.0875	0	0.33322	0.08285
V954	0.26867	0.50911	0.06033	0.05455	0.10734
V955	0.07365	0	0.56722	0.31241	0.04672
V956	0.0597	0.46026	0.09357	0.32273	0.06373
V957	0.14513	0.71415	0.05454	0.05627	0.02991
V958	0.09379	0.80187	0.01126	0.04103	0.05204
V959	0.08352	0	0.81366	0.05218	0.05063
V960	0.54946	0.0357	0.1473	0.09584	0.1717
V961	0.09562	0.81857	0.01217	0.00953	0.06411
V962	0.19867	0.0946	0	0.09767	0.60906
V963	0.01451	0	0.44287	0.46194	0.08067
