mature.neutrophil	CD14.pos.CD16.neg.classical.monocyte	macrophage	memory.CD4.pos.AB.T.cell	cytotoxic.CD56.dim.NK.cell
V1	0.26819	0.21457	0.22029	0.17628	0.12067
V2	0.05611	0.68651	0.06929	0.12796	0.06014
V3	0.05946	0.16053	0.35178	0.3877	0.04052
V4	0.01954	0.13895	0.21354	0.09007	0.5379
V5	0.02472	0.09628	0.06993	0.13273	0.67634
V6	0.27151	0.1463	0.23338	0.24594	0.10287
V7	0.0153	0.18332	0.35292	0.10628	0.34218
V8	0.01732	0.23937	0.60861	0.10948	0.02522
V9	0.05384	0.11489	0.22374	0.56534	0.04219
V10	0.35882	0.18764	0.35207	0.0637	0.03777
V11	0.0406	0.11869	0.10649	0.1015	0.63271
V12	0.07583	0.1254	0.19871	0.301	0.29907
V13	0.12088	0.11094	0.04924	0.41624	0.30271
V14	0.14174	0.07714	0.07655	0.60061	0.10396
V15	0.02861	0.06645	0.01366	0.8267	0.06457
V16	0.46367	0.12982	0.02532	0.34589	0.0353
V17	0.06745	0.26797	0.03263	0.10502	0.52694
V18	0.07809	0.41032	0.2317	0.24455	0.03535
V19	0.03719	0.09171	0.01738	0.14994	0.70379
V20	0.00956	0.20161	0.52974	0.22439	0.03469
V21	0.02531	0.29225	0.13295	0.19358	0.35591
V22	0.6424	0.1608	0.06859	0.08607	0.04214
V23	0.07895	0.0984	0.03721	0.16462	0.62082
V24	0.39124	0.17532	0.03395	0.10819	0.2913
V25	0.03027	0.09143	0.0291	0.42208	0.42712
V26	0.39997	0.23928	0.06822	0.10689	0.18563
V27	0.11243	0.47315	0.17847	0.07219	0.16377
V28	0.03191	0.15151	0.18147	0.57345	0.06165
V29	0.01165	0.12254	0.2763	0.54179	0.04772
V30	0.5913	0.16813	0.03787	0.10325	0.09946
V31	0.35995	0.18261	0.02716	0.26746	0.16282
V32	0.72355	0.09627	0.02051	0.09848	0.06119
V33	0.02965	0.22962	0.03255	0.15343	0.55475
V34	0.1193	0.73535	0.02661	0.09115	0.02759
V35	0.08767	0.55697	0.23679	0.09398	0.02459
V36	0.03194	0.24054	0.16321	0.12723	0.43708
V37	0.60652	0.09094	0.0136	0.09408	0.19485
V38	0.10283	0.18025	0.3798	0.21008	0.12704
V39	0.26513	0.17089	0.27431	0.07098	0.21869
V40	0.20706	0.53377	0.03481	0.17122	0.05316
V41	0.05312	0.74306	0.03366	0.08235	0.08782
V42	0.6777	0.12288	0.03141	0.09725	0.07076
V43	0.37531	0.22971	0.27682	0.08943	0.02873
V44	0.0352	0.36295	0.44198	0.05972	0.10016
V45	0.03944	0.59309	0.10581	0.19995	0.06172
V46	0.11037	0.66345	0.08329	0.10424	0.03866
V47	0.01065	0.25214	0.65141	0.0555	0.0303
V48	0.14313	0.20381	0.198	0.33009	0.12497
V49	0.37021	0.21886	0.19385	0.18455	0.03254
V50	0.02626	0.25825	0.63634	0.0549	0.02425
V51	0.0952	0.30636	0.18513	0.11046	0.30285
V52	0.05852	0.79209	0.02831	0.09278	0.0283
V53	0.03193	0.17882	0.02227	0.71583	0.05114
V54	0.19246	0.06736	0.02595	0.53466	0.17956
V55	0.07261	0.05352	0.01302	0.80477	0.05609
V56	0.07116	0.05013	0.01965	0.72515	0.13391
V57	0.1284	0.25974	0.42958	0.07791	0.10437
V58	0.071	0.09909	0.13491	0.22261	0.47239
V59	0.6611	0.12479	0.08547	0.09679	0.03184
V60	0.35306	0.24498	0.11946	0.17499	0.10751
V61	0.17861	0.0887	0.04167	0.24926	0.44176
V62	0.05766	0.15334	0.26261	0.15965	0.36674
V63	0.33988	0.27888	0.07039	0.10113	0.20972
V64	0.72404	0.111	0.03265	0.09748	0.03482
V65	0.08202	0.1251	0.04943	0.59415	0.1493
V66	0.03126	0.0843	0.125	0.70392	0.05552
V67	0.01624	0.15479	0.29204	0.1265	0.41044
V68	0.35841	0.16073	0.30822	0.09448	0.07816
V69	0.46479	0.20371	0.17309	0.09029	0.06812
V70	0.06106	0.61676	0.06013	0.21894	0.04311
V71	0.09332	0.67661	0.06133	0.13516	0.03358
V72	0.04396	0.38774	0.04226	0.09228	0.43376
V73	0.05911	0.08422	0.10218	0.54918	0.20532
V74	0.0197	0.09773	0.02107	0.75319	0.10831
V75	0.3722	0.26313	0.25176	0.07915	0.03376
V76	0.01809	0.05668	0.02817	0.79997	0.09709
V77	0.02482	0.2405	0.62572	0.0844	0.02456
V78	0.01069	0.25407	0.64394	0.06119	0.03011
V79	0.07748	0.38389	0.0555	0.18772	0.29541
V80	0.12088	0.63736	0.02346	0.12433	0.09397
V81	0.01824	0.25188	0.64989	0.05536	0.02464
V82	0.20604	0.1837	0.04163	0.52106	0.04757
V83	0.09293	0.12372	0.03487	0.53391	0.21457
V84	0.09333	0.20476	0.02428	0.10827	0.56937
V85	0.01072	0.25186	0.65072	0.0617	0.025
V86	0.02766	0.29381	0.26265	0.37524	0.04065
V87	0.37856	0.08763	0.05116	0.43318	0.04947
V88	0.26835	0.20295	0.06349	0.23307	0.23214
V89	0.04282	0.27701	0.57168	0.08461	0.02387
V90	0.02737	0.2235	0.06984	0.14808	0.53121
V91	0.01597	0.07047	0.0804	0.77938	0.05378
V92	0.21615	0.11592	0.04229	0.11078	0.51487
V93	0.01682	0.15524	0.15248	0.49491	0.18056
V94	0.04388	0.20299	0.03829	0.27305	0.4418
V95	0.06566	0.25332	0.0393	0.15411	0.48762
V96	0.62602	0.10303	0.03654	0.10634	0.12806
V97	0.15067	0.1099	0.05738	0.16026	0.52179
V98	0.05345	0.37896	0.1737	0.16793	0.22595
V99	0.42832	0.1717	0.02009	0.26155	0.11836
V100	0.44194	0.20797	0.05989	0.12003	0.17018
V101	0.06656	0.77887	0.0353	0.09142	0.02785
V102	0.26357	0.27472	0.13148	0.15734	0.17289
V103	0.12626	0.07893	0.02305	0.11101	0.66075
V104	0.05013	0.40143	0.09495	0.09139	0.3621
V105	0.02545	0.09919	0.05474	0.14186	0.67875
V106	0.05281	0.66475	0.15277	0.0792	0.05047
V107	0.04772	0.32855	0.5008	0.0936	0.02933
V108	0.02342	0.32379	0.57275	0.05622	0.02382
V109	0.06102	0.24118	0.06813	0.30301	0.32665
V110	0.15662	0.46424	0.17506	0.16553	0.03855
V111	0.22952	0.31183	0.36804	0.06774	0.02287
V112	0.16068	0.08448	0.10695	0.45704	0.19085
V113	0.21167	0.10195	0.10694	0.19246	0.38699
V114	0.4654	0.14368	0.05779	0.21896	0.11417
V115	0.6844	0.09138	0.0195	0.10058	0.10415
V116	0.0294	0.08871	0.01841	0.12555	0.73793
V117	0.04719	0.22504	0.57263	0.11448	0.04067
V118	0.04573	0.05275	0.01321	0.81778	0.07053
V119	0.25716	0.16002	0.30712	0.24662	0.02908
V120	0.01678	0.21983	0.58048	0.13536	0.04756
V121	0.18517	0.62459	0.02353	0.08884	0.07788
V122	0.03788	0.37531	0.09442	0.27175	0.22065
V123	0.40514	0.12297	0.07909	0.22889	0.16391
V124	0.19035	0.16721	0.07184	0.25489	0.3157
V125	0.04256	0.46141	0.39971	0.06703	0.02929
V126	0.13719	0.24779	0.1995	0.15744	0.25808
V127	0.21439	0.1945	0.46469	0.09799	0.02843
V128	0.1946	0.65276	0.03159	0.08218	0.03886
V129	0.22054	0.15348	0.23153	0.20095	0.1935
V130	0.03424	0.46038	0.05738	0.27294	0.17505
V131	0.02104	0.10642	0.20072	0.62656	0.04527
V132	0.30836	0.08486	0.01309	0.36015	0.23354
V133	0.01288	0.20951	0.43846	0.12219	0.21696
V134	0.06342	0.227	0.55817	0.07285	0.07857
V135	0.02771	0.26513	0.53404	0.07492	0.0982
V136	0.74049	0.09972	0.02153	0.10198	0.03629
V137	0.69682	0.11493	0.02007	0.11768	0.05049
V138	0.21866	0.19621	0.0865	0.1828	0.31582
V139	0.10989	0.08738	0.14483	0.60768	0.05022
V140	0.03786	0.10956	0.15151	0.09715	0.60392
V141	0.02388	0.32391	0.48792	0.13345	0.03085
V142	0.17845	0.13935	0.27765	0.16386	0.2407
V143	0.02416	0.28829	0.39171	0.16911	0.12673
V144	0.41674	0.24466	0.07447	0.17671	0.08743
V145	0.01037	0.25075	0.63656	0.0669	0.03543
V146	0.03908	0.32967	0.02555	0.34779	0.25791
V147	0.08176	0.23542	0.49959	0.13648	0.04674
V148	0.15042	0.66919	0.03161	0.10901	0.03978
V149	0.01954	0.0531	0.0138	0.82136	0.0922
V150	0.1212	0.30361	0.44349	0.05875	0.07294
V151	0.3669	0.08131	0.02505	0.40749	0.11925
V152	0.02292	0.07388	0.10998	0.69056	0.10266
V153	0.14316	0.27739	0.36569	0.09966	0.1141
V154	0.11392	0.53157	0.04316	0.10305	0.2083
V155	0.03981	0.0844	0.12453	0.69633	0.05492
V156	0.08881	0.16947	0.33022	0.17642	0.23508
V157	0.08802	0.13716	0.15884	0.29091	0.32507
V158	0.1633	0.16214	0.35611	0.09755	0.22091
V159	0.10684	0.22348	0.02926	0.57075	0.06967
V160	0.37988	0.21249	0.09607	0.11164	0.19992
V161	0.19523	0.10998	0.07105	0.09556	0.52819
V162	0.01118	0.25814	0.64983	0.05592	0.02494
V163	0.06264	0.08665	0.03118	0.13534	0.68419
V164	0.71027	0.13054	0.02707	0.10235	0.02977
V165	0.4891	0.24465	0.08592	0.12093	0.0594
V166	0.05421	0.10612	0.21072	0.52989	0.09906
V167	0.04115	0.56967	0.03707	0.1949	0.15721
V168	0.01118	0.25814	0.64983	0.05592	0.02494
V169	0.05678	0.60313	0.1592	0.14201	0.03888
V170	0.2171	0.36282	0.06723	0.23698	0.11587
V171	0.24684	0.1968	0.29241	0.20225	0.0617
V172	0.16538	0.25748	0.08188	0.10051	0.39475
V173	0.18613	0.15997	0.09342	0.40047	0.16001
V174	0.17732	0.14118	0.29318	0.21732	0.171
V175	0.07591	0.20437	0.1218	0.21799	0.37993
V176	0.31514	0.07431	0.01887	0.54818	0.04351
V177	0.15761	0.19543	0.4237	0.19114	0.03213
V178	0.2221	0.18815	0.35618	0.15072	0.08286
V179	0.09994	0.09256	0.02349	0.11188	0.67213
V180	0.03275	0.15866	0.29684	0.07957	0.43217
V181	0.06854	0.28667	0.01865	0.13423	0.49192
V182	0.46531	0.23921	0.02125	0.21523	0.059
V183	0.07603	0.77733	0.02762	0.08467	0.03435
V184	0.25754	0.13363	0.24552	0.31439	0.04893
V185	0.09964	0.44152	0.04157	0.2013	0.21597
V186	0.12688	0.21143	0.04412	0.28604	0.33153
V187	0.08025	0.58814	0.02264	0.2698	0.03917
V188	0.64873	0.11548	0.04268	0.15869	0.03441
V189	0.37999	0.24711	0.04791	0.28694	0.03806
V190	0.33839	0.16938	0.19	0.08705	0.21519
V191	0.19386	0.22814	0.02211	0.42998	0.12591
V192	0.27209	0.23254	0.12288	0.24487	0.12762
V193	0.06499	0.30221	0.41298	0.09232	0.12749
V194	0.23329	0.13367	0.09227	0.16351	0.37726
V195	0.44745	0.24161	0.19897	0.08284	0.02912
V196	0.02463	0.0896	0.06996	0.1336	0.68222
V197	0.0734	0.753	0.02663	0.11228	0.03469
V198	0.20525	0.24519	0.05085	0.24552	0.25318
V199	0.58443	0.13585	0.17844	0.07653	0.02476
V200	0.6081	0.09149	0.04235	0.10548	0.15258
V201	0.04367	0.05546	0.03434	0.67655	0.18998
V202	0.71125	0.13343	0.01566	0.10416	0.0355
V203	0.44443	0.26346	0.04097	0.12708	0.12406
V204	0.2986	0.14597	0.04848	0.09242	0.41453
V205	0.11011	0.12578	0.11838	0.1399	0.50584
V206	0.04775	0.12488	0.01403	0.73456	0.07877
V207	0.02861	0.06645	0.01366	0.8267	0.06457
V208	0.13434	0.30111	0.37787	0.09843	0.08824
V209	0.14697	0.11626	0.10143	0.11314	0.5222
V210	0.01048	0.24974	0.64832	0.06125	0.03021
V211	0.14188	0.13821	0.1865	0.10309	0.43033
V212	0.06298	0.66246	0.09142	0.11091	0.07224
V213	0.1009	0.08034	0.07215	0.29081	0.4558
V214	0.0306	0.51908	0.33182	0.0766	0.04189
V215	0.21744	0.262	0.13281	0.13954	0.2482
V216	0.05792	0.16766	0.28315	0.10313	0.38813
V217	0.01752	0.0523	0.03537	0.77821	0.1166
V218	0.06951	0.25063	0.24896	0.33334	0.09756
V219	0.11258	0.31845	0.31697	0.21831	0.03368
V220	0.18131	0.62909	0.07385	0.08419	0.03155
V221	0.04589	0.20927	0.40056	0.07362	0.27066
V222	0.03706	0.0881	0.02513	0.12789	0.72183
V223	0.40411	0.14398	0.25038	0.16488	0.03665
V224	0.0469	0.49824	0.04342	0.15017	0.26127
V225	0.55677	0.21913	0.11481	0.07909	0.03021
V226	0.40336	0.45706	0.0208	0.08588	0.0329
V227	0.08987	0.25259	0.02298	0.56471	0.06985
V228	0.44825	0.15106	0.21985	0.12917	0.05167
V229	0.22732	0.39163	0.22846	0.10542	0.04718
V230	0.03713	0.08145	0.02527	0.12932	0.72683
V231	0.06508	0.53668	0.07341	0.22688	0.09795
V232	0.6083	0.12926	0.15315	0.08397	0.02531
V233	0.06337	0.12427	0.14336	0.1552	0.5138
V234	0.02495	0.37122	0.19584	0.35496	0.05302
V235	0.73259	0.10178	0.0156	0.11846	0.03156
V236	0.07229	0.19274	0.47498	0.19895	0.06103
V237	0.11193	0.17593	0.23089	0.31367	0.16758
V238	0.02352	0.07521	0.02306	0.32746	0.55075
V239	0.06765	0.38519	0.06311	0.22567	0.25838
V240	0.07064	0.72666	0.03303	0.09579	0.07388
V241	0.05848	0.7933	0.02822	0.08529	0.0347
V242	0.03851	0.34289	0.25827	0.28495	0.07537
V243	0.37466	0.14909	0.26184	0.09224	0.12216
V244	0.03684	0.40343	0.18218	0.13836	0.2392
V245	0.05472	0.76449	0.04983	0.10348	0.02747
V246	0.50173	0.27325	0.04081	0.08906	0.09515
V247	0.15801	0.24552	0.45203	0.09943	0.04501
V248	0.09597	0.53998	0.0437	0.08981	0.23054
V249	0.21668	0.16487	0.1848	0.15102	0.28263
V250	0.02667	0.21351	0.49021	0.08577	0.18384
V251	0.18839	0.09775	0.09064	0.54358	0.07964
V252	0.0291	0.24842	0.43165	0.17245	0.11838
V253	0.26235	0.49458	0.09042	0.11517	0.03749
V254	0.44002	0.34696	0.01773	0.15529	0.03999
V255	0.64207	0.14542	0.01436	0.10948	0.08866
V256	0.04721	0.66642	0.03886	0.0888	0.15872
V257	0.3662	0.31162	0.1334	0.10504	0.08374
V258	0.14645	0.30479	0.05958	0.44474	0.04444
V259	0.42757	0.29731	0.15583	0.0791	0.04019
V260	0.23109	0.12419	0.10675	0.14843	0.38953
V261	0.02633	0.17595	0.40403	0.27645	0.11724
V262	0.69108	0.11855	0.05534	0.10182	0.03322
V263	0.62031	0.14503	0.02564	0.17896	0.03006
V264	0.07269	0.74645	0.0339	0.11893	0.02803
V265	0.6312	0.16077	0.07463	0.10154	0.03187
V266	0.03205	0.0946	0.09182	0.12086	0.66067
V267	0.06105	0.07932	0.02279	0.22293	0.61389
V268	0.17568	0.40019	0.13674	0.22113	0.06627
V269	0.08088	0.35149	0.2994	0.21616	0.05206
V270	0.0524	0.06026	0.04176	0.79104	0.05453
V271	0.21122	0.60584	0.02993	0.10164	0.05137
V272	0.10509	0.69573	0.0468	0.09337	0.05901
V273	0.2438	0.11703	0.1589	0.32839	0.15188
V274	0.0954	0.11135	0.05092	0.24747	0.49486
V275	0.04826	0.61015	0.15222	0.15004	0.03933
V276	0.01721	0.20129	0.50955	0.22629	0.04565
V277	0.28028	0.18746	0.42395	0.06546	0.04285
V278	0.013	0.15549	0.2849	0.41843	0.12818
V279	0.13435	0.06105	0.02602	0.68988	0.08869
V280	0.17297	0.08394	0.04706	0.57844	0.11759
V281	0.03203	0.22625	0.05225	0.63646	0.053
V282	0.06743	0.78507	0.02784	0.08507	0.03458
V283	0.30986	0.10828	0.11022	0.10486	0.36679
V284	0.03094	0.25647	0.42099	0.06492	0.22667
V285	0.4362	0.40126	0.01911	0.1102	0.03324
V286	0.07025	0.23704	0.58064	0.08322	0.02885
V287	0.21009	0.15128	0.1543	0.30263	0.1817
V288	0.16344	0.19709	0.46065	0.06515	0.11367
V289	0.14317	0.22542	0.03606	0.54662	0.04873
V290	0.35938	0.41291	0.12756	0.07555	0.02459
V291	0.34532	0.21649	0.02133	0.37487	0.04199
V292	0.10638	0.17432	0.33286	0.0956	0.29084
V293	0.01285	0.28384	0.57616	0.09178	0.03537
V294	0.02855	0.08984	0.02585	0.12298	0.73277
V295	0.02035	0.14476	0.27476	0.46443	0.0957
V296	0.66477	0.16481	0.01529	0.1051	0.05002
V297	0.02457	0.21694	0.55577	0.14908	0.05363
V298	0.25614	0.06716	0.01892	0.53005	0.12773
V299	0.23324	0.05863	0.02539	0.63594	0.0468
V300	0.73975	0.10358	0.01607	0.10884	0.03176
V301	0.72579	0.09612	0.02065	0.12152	0.03592
V302	0.02191	0.06967	0.02219	0.43383	0.45241
V303	0.10037	0.2373	0.19337	0.21205	0.25691
V304	0.1499	0.22875	0.52222	0.06115	0.03797
V305	0.18623	0.32153	0.09729	0.16403	0.23093
V306	0.2938	0.54833	0.02222	0.09672	0.03892
V307	0.19548	0.1236	0.22605	0.41875	0.03611
V308	0.1842	0.20001	0.47061	0.11603	0.02915
V309	0.51763	0.13878	0.05657	0.17674	0.1103
V310	0.04433	0.0961	0.02376	0.18035	0.65547
V311	0.02536	0.05479	0.05006	0.80752	0.06228
V312	0.08395	0.29955	0.22388	0.07578	0.31684
V313	0.06481	0.29202	0.03176	0.34642	0.26499
V314	0.08459	0.0761	0.02094	0.40175	0.41661
V315	0.72672	0.09825	0.02635	0.09809	0.05058
V316	0.10243	0.50568	0.22381	0.09397	0.0741
V317	0.29801	0.22336	0.37338	0.06728	0.03797
V318	0.70246	0.09384	0.01984	0.09636	0.0875
V319	0.08745	0.25371	0.56961	0.06603	0.0232
V320	0.08053	0.04864	0.01972	0.78985	0.06126
V321	0.11822	0.35106	0.25961	0.22501	0.0461
V322	0.01819	0.34177	0.44622	0.09787	0.09595
V323	0.20357	0.29346	0.34126	0.08107	0.08065
V324	0.04401	0.09055	0.04951	0.75706	0.05886
V325	0.49874	0.1712	0.0839	0.17304	0.07312
V326	0.05791	0.0967	0.06695	0.19782	0.58061
V327	0.2848	0.43778	0.11054	0.09386	0.07302
V328	0.04862	0.29756	0.15399	0.44952	0.0503
V329	0.01258	0.16901	0.3161	0.45833	0.04398
V330	0.07029	0.23859	0.58223	0.05391	0.05497
V331	0.12937	0.11237	0.09472	0.15642	0.50712
V332	0.35628	0.19486	0.33588	0.06964	0.04334
V333	0.32155	0.15304	0.24943	0.19061	0.08536
V334	0.04263	0.35104	0.42974	0.12305	0.05354
V335	0.56189	0.14141	0.08133	0.11039	0.10498
V336	0.14635	0.51822	0.23258	0.06766	0.03519
V337	0.02491	0.08243	0.03129	0.22762	0.63376
V338	0.55148	0.13081	0.13309	0.09389	0.09073
V339	0.18526	0.48505	0.17356	0.07061	0.08552
V340	0.04245	0.22102	0.11522	0.12645	0.49486
V341	0.02743	0.47731	0.36094	0.06866	0.06567
V342	0.23195	0.25093	0.34236	0.14933	0.02543
V343	0.52076	0.14589	0.22685	0.08242	0.02409
V344	0.10084	0.64768	0.06019	0.09892	0.09237
V345	0.19906	0.10761	0.02054	0.31795	0.35484
V346	0.03771	0.33681	0.27216	0.29723	0.0561
V347	0.08036	0.45406	0.04131	0.35616	0.06811
V348	0.02287	0.24315	0.36383	0.24525	0.12489
V349	0.0602	0.3644	0.41462	0.0725	0.08828
V350	0.10323	0.38894	0.09286	0.27281	0.14216
V351	0.14584	0.17039	0.3396	0.30177	0.0424
V352	0.09932	0.50283	0.29783	0.07085	0.02917
V353	0.22647	0.32377	0.05225	0.11825	0.27926
V354	0.4281	0.17235	0.30948	0.0669	0.02318
V355	0.0786	0.13923	0.27725	0.46153	0.04338
V356	0.07811	0.23441	0.5719	0.07132	0.04427
V357	0.04504	0.19713	0.40799	0.08569	0.26415
V358	0.03529	0.08094	0.04238	0.78086	0.06053
V359	0.05662	0.13379	0.02113	0.73673	0.05173
V360	0.54737	0.13379	0.08759	0.2022	0.02905
V361	0.29422	0.43529	0.09578	0.07639	0.09833
V362	0.628	0.11269	0.0917	0.08288	0.08473
V363	0.04353	0.10049	0.02333	0.21589	0.61677
V364	0.04454	0.28084	0.03863	0.45244	0.18355
V365	0.01884	0.0544	0.02108	0.82716	0.07853
V366	0.16629	0.20878	0.4378	0.10721	0.07992
V367	0.19394	0.26536	0.18869	0.20444	0.14757
V368	0.57636	0.16886	0.11334	0.09005	0.05139
V369	0.04469	0.57237	0.21876	0.13801	0.02617
V370	0.02913	0.20607	0.12276	0.37096	0.27108
V371	0.06409	0.76265	0.06519	0.08125	0.02682
V372	0.50288	0.15749	0.12955	0.1671	0.04299
V373	0.10991	0.56695	0.13382	0.15641	0.03291
V374	0.08766	0.16951	0.30729	0.40034	0.03519
V375	0.23263	0.19313	0.43244	0.11763	0.02417
V376	0.02307	0.15603	0.34044	0.08285	0.39761
V377	0.08277	0.46199	0.19451	0.22571	0.03501
V378	0.12331	0.49931	0.17023	0.07181	0.13534
V379	0.03856	0.10363	0.11334	0.14941	0.59506
V380	0.02425	0.13611	0.16008	0.47754	0.20203
V381	0.1451	0.11834	0.02283	0.10509	0.60864
V382	0.36006	0.06965	0.01889	0.32381	0.22759
V383	0.03683	0.11634	0.23158	0.57266	0.04259
V384	0.24261	0.13237	0.15038	0.40212	0.07251
V385	0.09201	0.15457	0.02389	0.10569	0.62385
V386	0.52612	0.08659	0.01848	0.33338	0.03543
V387	0.23621	0.07749	0.01909	0.60319	0.06402
V388	0.05928	0.71376	0.05515	0.13754	0.03428
V389	0.12132	0.65995	0.03842	0.10784	0.07248
V390	0.16305	0.06166	0.01915	0.63554	0.1206
V391	0.57242	0.19123	0.01457	0.14863	0.07315
V392	0.72372	0.11923	0.02145	0.10503	0.03058
V393	0.09483	0.11033	0.1407	0.49747	0.15666
V394	0.56529	0.0956	0.03613	0.21027	0.0927
V395	0.01164	0.1382	0.30603	0.49836	0.04577
V396	0.4147	0.17883	0.31232	0.06627	0.02788
V397	0.53669	0.1862	0.04452	0.17635	0.05625
V398	0.06479	0.08996	0.15527	0.58741	0.10256
V399	0.0511	0.09335	0.01542	0.31553	0.52461
V400	0.14917	0.473	0.15297	0.19693	0.02793
V401	0.24494	0.19346	0.45158	0.08682	0.02321
V402	0.28957	0.17916	0.33912	0.11802	0.07413
V403	0.14566	0.1328	0.01541	0.2029	0.50323
V404	0.01193	0.18879	0.38548	0.3503	0.0635
V405	0.29573	0.27037	0.07818	0.25498	0.10073
V406	0.02577	0.25482	0.63053	0.05417	0.03472
V407	0.67766	0.12512	0.04344	0.12494	0.02884
V408	0.04061	0.35555	0.02603	0.29793	0.27989
V409	0.10536	0.07346	0.07004	0.63103	0.12011
V410	0.11293	0.23009	0.27546	0.10441	0.27711
V411	0.02914	0.08804	0.01823	0.13245	0.73213
V412	0.03309	0.20969	0.13064	0.10551	0.52108
V413	0.03088	0.28096	0.14814	0.37081	0.16921
V414	0.0494	0.12816	0.01477	0.47651	0.33117
V415	0.16124	0.0785	0.02246	0.10812	0.62968
V416	0.10754	0.14503	0.03676	0.20899	0.50168
V417	0.01728	0.21489	0.55194	0.15044	0.06546
V418	0.45967	0.35924	0.03691	0.0953	0.04888
V419	0.2261	0.09683	0.03446	0.1876	0.45501
V420	0.21017	0.09805	0.10626	0.12333	0.46219
V421	0.0216	0.10961	0.1296	0.12847	0.61072
V422	0.02545	0.07432	0.05734	0.67489	0.168
V423	0.23819	0.25279	0.24269	0.22099	0.04533
V424	0.01416	0.17756	0.39847	0.07201	0.3378
V425	0.30124	0.35281	0.01808	0.09382	0.23405
V426	0.20971	0.20063	0.03509	0.45662	0.09796
V427	0.1894	0.55641	0.15164	0.07251	0.03003
V428	0.09401	0.56904	0.08871	0.15446	0.09377
V429	0.12258	0.66699	0.02421	0.13875	0.04747
V430	0.03696	0.16285	0.33951	0.20788	0.2528
V431	0.10534	0.36684	0.18564	0.27366	0.06851
V432	0.25833	0.14123	0.12065	0.3475	0.13229
V433	0.15947	0.17292	0.39371	0.22916	0.04474
V434	0.20069	0.33411	0.30734	0.07651	0.08136
V435	0.4174	0.18012	0.27811	0.09549	0.02889
V436	0.06358	0.53379	0.11233	0.11865	0.17165
V437	0.17911	0.09647	0.04193	0.22626	0.45623
V438	0.12148	0.32032	0.18435	0.29782	0.07603
V439	0.49129	0.08292	0.0556	0.32522	0.04497
V440	0.02949	0.40235	0.43829	0.07159	0.05828
V441	0.03845	0.51109	0.33052	0.08975	0.03019
V442	0.06725	0.78456	0.03563	0.08471	0.02786
V443	0.721	0.095	0.02047	0.13247	0.03107
V444	0.14267	0.39064	0.04648	0.35957	0.06063
V445	0.0663	0.37461	0.05465	0.45283	0.05162
V446	0.10591	0.106	0.10122	0.53524	0.15163
V447	0.07381	0.06847	0.02768	0.46492	0.36512
V448	0.16033	0.08706	0.03605	0.1174	0.59916
V449	0.01118	0.25814	0.64983	0.05592	0.02494
V450	0.17832	0.18592	0.21967	0.17622	0.23988
V451	0.23863	0.22229	0.07125	0.35436	0.11348
V452	0.02199	0.09192	0.1483	0.65832	0.07947
V453	0.03046	0.07228	0.01454	0.47975	0.40297
V454	0.01841	0.20718	0.51376	0.07911	0.18154
V455	0.06424	0.2896	0.24897	0.10667	0.29052
V456	0.71889	0.09923	0.01484	0.11562	0.05142
V457	0.53558	0.23225	0.04579	0.13157	0.05481
V458	0.02997	0.40243	0.40896	0.10517	0.05347
V459	0.12879	0.11993	0.06379	0.47655	0.21094
V460	0.51479	0.15045	0.1678	0.12604	0.04092
V461	0.16607	0.33484	0.21946	0.08398	0.19565
V462	0.05693	0.12283	0.02841	0.5071	0.28473
V463	0.19172	0.10471	0.02635	0.62516	0.05205
V464	0.13525	0.30203	0.46576	0.06906	0.0279
V465	0.05496	0.15633	0.03149	0.12135	0.63587
V466	0.04479	0.07419	0.01663	0.19316	0.67123
V467	0.06125	0.25161	0.03754	0.53822	0.11138
V468	0.45698	0.311	0.1083	0.0773	0.04641
V469	0.02801	0.32804	0.07056	0.30956	0.26383
V470	0.6435	0.13175	0.0371	0.15333	0.03432
V471	0.33579	0.29048	0.04269	0.19861	0.13243
V472	0.02647	0.11506	0.05519	0.11242	0.69086
V473	0.03658	0.2683	0.22008	0.31888	0.15616
V474	0.25212	0.17318	0.06948	0.4364	0.06882
V475	0.13283	0.20286	0.44367	0.08426	0.13637
V476	0.14183	0.10528	0.09969	0.56539	0.0878
V477	0.05852	0.7924	0.03607	0.08506	0.02795
V478	0.17066	0.08495	0.02239	0.10698	0.61503
V479	0.64307	0.13341	0.04317	0.14646	0.03389
V480	0.13194	0.56571	0.07253	0.17641	0.05341
V481	0.21613	0.35088	0.07431	0.22881	0.12988
V482	0.11036	0.59776	0.18536	0.07037	0.03615
V483	0.28473	0.45796	0.01975	0.17191	0.06565
V484	0.19702	0.45841	0.12115	0.18386	0.03956
V485	0.51365	0.1583	0.10914	0.17537	0.04354
V486	0.06921	0.19047	0.26008	0.07839	0.40186
V487	0.11552	0.22793	0.33014	0.29009	0.03632
V488	0.35428	0.11919	0.01324	0.36043	0.15286
V489	0.01679	0.33374	0.49943	0.11406	0.036
V490	0.0172	0.20986	0.53602	0.20332	0.0336
V491	0.04294	0.43323	0.06458	0.16485	0.29441
V492	0.03847	0.16353	0.04345	0.68564	0.06891
V493	0.0276	0.04693	0.02084	0.83933	0.06529
V494	0.28209	0.0648	0.03174	0.52235	0.09902
V495	0.27219	0.2631	0.18975	0.20521	0.06975
V496	0.13237	0.11509	0.06554	0.09903	0.58797
V497	0.09949	0.13065	0.14231	0.16559	0.46196
V498	0.08035	0.73778	0.04834	0.08724	0.04629
V499	0.04727	0.28601	0.23469	0.12279	0.30925
V500	0.10418	0.44427	0.11682	0.25869	0.07604
V501	0.07837	0.32332	0.0333	0.10116	0.46384
V502	0.13074	0.67507	0.06118	0.10656	0.02645
V503	0.35807	0.13025	0.18186	0.18384	0.14597
V504	0.41086	0.22625	0.02179	0.09478	0.24632
V505	0.50854	0.09043	0.03723	0.15676	0.20704
V506	0.03637	0.48295	0.08117	0.08992	0.30959
V507	0.65033	0.09247	0.04197	0.16488	0.05036
V508	0.03578	0.57174	0.20586	0.10354	0.08308
V509	0.05653	0.43115	0.14251	0.23727	0.13254
V510	0.35423	0.43616	0.05966	0.11783	0.03213
V511	0.06054	0.36948	0.4083	0.09115	0.07053
V512	0.13831	0.4355	0.16963	0.11224	0.14432
V513	0.16036	0.58454	0.08765	0.11659	0.05086
V514	0.02689	0.12182	0.20567	0.11717	0.52845
V515	0.07604	0.14731	0.01428	0.71159	0.05078
V516	0.1453	0.34538	0.11311	0.35004	0.04616
V517	0.02584	0.08518	0.05767	0.77141	0.0599
V518	0.32584	0.1489	0.26091	0.21446	0.0499
V519	0.61548	0.13037	0.01946	0.19856	0.03612
V520	0.07926	0.72062	0.04029	0.13184	0.02798
V521	0.18306	0.08692	0.12714	0.55512	0.04777
V522	0.0472	0.2979	0.43755	0.16258	0.05477
V523	0.11969	0.23835	0.5231	0.09031	0.02855
V524	0.26057	0.20182	0.41186	0.06068	0.06507
V525	0.02979	0.23502	0.04768	0.10845	0.57907
V526	0.04035	0.2479	0.59523	0.07147	0.04505
V527	0.07839	0.46982	0.33564	0.07533	0.04083
V528	0.14189	0.05567	0.03288	0.71931	0.05026
V529	0.16537	0.22706	0.51338	0.06162	0.03257
V530	0.02485	0.2428	0.60171	0.09009	0.04055
V531	0.16364	0.47211	0.10036	0.09029	0.1736
V532	0.06492	0.31443	0.26332	0.07269	0.28464
V533	0.25088	0.08396	0.01505	0.10436	0.54575
V534	0.11962	0.1049	0.01334	0.69311	0.06904
V535	0.64148	0.18164	0.057	0.08759	0.03228
V536	0.11142	0.26945	0.31953	0.09273	0.20687
V537	0.03674	0.10318	0.03248	0.11658	0.71102
V538	0.51145	0.16327	0.02015	0.11312	0.19201
V539	0.02175	0.28408	0.48851	0.13411	0.07155
V540	0.15289	0.43732	0.10015	0.11859	0.19104
V541	0.04359	0.38794	0.04212	0.11279	0.41356
V542	0.04281	0.33063	0.11613	0.42659	0.08384
V543	0.05973	0.26145	0.4983	0.09374	0.08678
V544	0.28517	0.24615	0.16703	0.12629	0.17535
V545	0.52037	0.33486	0.02434	0.09295	0.02748
V546	0.07322	0.67416	0.0993	0.08219	0.07113
V547	0.09404	0.66383	0.02403	0.1694	0.04869
V548	0.01994	0.09682	0.02131	0.79935	0.06257
V549	0.02404	0.08295	0.0384	0.24066	0.61395
V550	0.04984	0.72544	0.10919	0.08332	0.03222
V551	0.02856	0.04536	0.01373	0.85263	0.05972
V552	0.20637	0.09298	0.03512	0.12724	0.53829
V553	0.60687	0.09659	0.03011	0.20333	0.0631
V554	0.09326	0.19162	0.38079	0.29226	0.04207
V555	0.05634	0.77785	0.03508	0.08324	0.04749
V556	0.0795	0.10463	0.06374	0.66491	0.08722
V557	0.26811	0.25063	0.04942	0.35926	0.07257
V558	0.01744	0.22235	0.55456	0.16264	0.04301
V559	0.09172	0.43432	0.36066	0.06743	0.04588
V560	0.50079	0.2721	0.12482	0.07742	0.02487
V561	0.55277	0.11169	0.12607	0.08949	0.11998
V562	0.11846	0.14735	0.15018	0.15547	0.42854
V563	0.1861	0.29689	0.18942	0.16088	0.16671
V564	0.2972	0.09988	0.0675	0.35299	0.18242
V565	0.02693	0.08823	0.03253	0.14853	0.70378
V566	0.25839	0.17753	0.04141	0.34433	0.17834
V567	0.02541	0.24793	0.64266	0.05446	0.02955
V568	0.03334	0.29343	0.34956	0.29245	0.03122
V569	0.49461	0.16946	0.10384	0.17696	0.05513
V570	0.11692	0.13924	0.24208	0.4156	0.08617
V571	0.21952	0.12237	0.20709	0.32882	0.1222
V572	0.66445	0.09383	0.0138	0.10065	0.12727
V573	0.07272	0.17965	0.28555	0.35164	0.11045
V574	0.42731	0.29304	0.08184	0.15403	0.04378
V575	0.31145	0.12264	0.11796	0.1225	0.32545
V576	0.05334	0.74959	0.03378	0.08908	0.07421
V577	0.35477	0.43471	0.0528	0.12517	0.03255
V578	0.03029	0.26821	0.40836	0.22906	0.06408
V579	0.02946	0.48944	0.28784	0.08599	0.10727
V580	0.19477	0.46741	0.03368	0.25393	0.05021
V581	0.05248	0.46774	0.31853	0.13014	0.03111
V582	0.01185	0.2687	0.63327	0.06154	0.02463
V583	0.46072	0.16023	0.2645	0.09065	0.02391
V584	0.19911	0.45614	0.11387	0.10154	0.12934
V585	0.05377	0.66272	0.08403	0.12635	0.07313
V586	0.04485	0.67502	0.16786	0.08679	0.02547
V587	0.06255	0.59798	0.03033	0.10542	0.20372
V588	0.19392	0.4113	0.30176	0.06453	0.0285
V589	0.0936	0.37024	0.06174	0.41796	0.05645
V590	0.05799	0.67579	0.02434	0.09048	0.1514
V591	0.39325	0.43516	0.05268	0.08726	0.03166
V592	0.02487	0.21151	0.55364	0.08168	0.1283
V593	0.35331	0.07072	0.01858	0.48006	0.07732
V594	0.01356	0.26903	0.48864	0.16771	0.06106
V595	0.42522	0.11664	0.07116	0.32473	0.06225
V596	0.36585	0.24385	0.18114	0.16614	0.04303
V597	0.03812	0.2184	0.02478	0.18351	0.53519
V598	0.48714	0.08873	0.01967	0.0944	0.31006
V599	0.07321	0.37428	0.10055	0.39034	0.06161
V600	0.23248	0.11791	0.16672	0.36504	0.11785
V601	0.13251	0.13711	0.02094	0.47437	0.23507
V602	0.65369	0.20083	0.01645	0.09988	0.02915
V603	0.12724	0.18462	0.04423	0.19617	0.44774
V604	0.02532	0.21264	0.52126	0.13324	0.10755
V605	0.03921	0.1496	0.12947	0.14348	0.53825
V606	0.66362	0.08844	0.01375	0.10116	0.13303
V607	0.15483	0.16373	0.03683	0.10515	0.53946
V608	0.5913	0.10662	0.04248	0.15213	0.10746
V609	0.1675	0.29257	0.03042	0.41232	0.0972
V610	0.08734	0.55981	0.02914	0.2845	0.03922
V611	0.2109	0.20767	0.44518	0.07606	0.06018
V612	0.30192	0.17283	0.25726	0.08251	0.18549
V613	0.35408	0.45973	0.05357	0.10612	0.0265
V614	0.44785	0.10675	0.03192	0.14694	0.26654
V615	0.01742	0.15449	0.12865	0.53874	0.1607
V616	0.50948	0.11483	0.13503	0.186	0.05466
V617	0.18265	0.20885	0.36202	0.13198	0.11451
V618	0.56848	0.16406	0.06919	0.09378	0.10448
V619	0.43489	0.14397	0.1407	0.08367	0.19677
V620	0.04442	0.14922	0.29291	0.4695	0.04395
V621	0.12518	0.28531	0.25899	0.07174	0.25877
V622	0.0285	0.28599	0.30192	0.07903	0.30456
V623	0.07184	0.05928	0.01985	0.65997	0.18906
V624	0.69863	0.09225	0.01959	0.11243	0.0771
V625	0.01685	0.11814	0.09607	0.71252	0.05642
V626	0.06615	0.1892	0.42333	0.27417	0.04715
V627	0.10501	0.21492	0.12066	0.10811	0.45131
V628	0.72075	0.1066	0.02085	0.12108	0.03073
V629	0.10539	0.33214	0.45858	0.07557	0.02833
V630	0.02956	0.21771	0.03998	0.11757	0.59518
V631	0.01834	0.13927	0.24396	0.09335	0.50508
V632	0.05644	0.66422	0.03124	0.11062	0.13747
V633	0.06018	0.08382	0.09495	0.50326	0.25778
V634	0.3419	0.41146	0.14205	0.08008	0.0245
V635	0.04734	0.19182	0.17655	0.10031	0.48397
V636	0.16804	0.24597	0.26578	0.21078	0.10943
V637	0.1745	0.1624	0.32797	0.24637	0.08876
V638	0.08058	0.42719	0.04169	0.1508	0.29974
V639	0.43616	0.36999	0.08374	0.07933	0.03078
V640	0.10571	0.22526	0.09002	0.26499	0.31402
V641	0.09883	0.61152	0.04441	0.19644	0.0488
V642	0.57691	0.10834	0.01885	0.26292	0.03298
V643	0.06005	0.72828	0.08617	0.0991	0.02641
V644	0.04906	0.3873	0.04026	0.45778	0.0656
V645	0.15609	0.62695	0.03774	0.15114	0.02807
V646	0.12805	0.46595	0.0483	0.27305	0.08466
V647	0.71215	0.09371	0.02018	0.14288	0.03107
V648	0.37501	0.15068	0.01994	0.30445	0.14992
V649	0.23543	0.1598	0.0854	0.16956	0.34981
V650	0.03343	0.05905	0.06462	0.78859	0.05431
V651	0.13412	0.21	0.01528	0.59551	0.0451
V652	0.30702	0.07529	0.04509	0.51913	0.05346
V653	0.29124	0.08607	0.05947	0.49218	0.07103
V654	0.04615	0.1376	0.01699	0.15489	0.64436
V655	0.13405	0.16369	0.25444	0.40641	0.0414
V656	0.11626	0.08587	0.01547	0.18054	0.60185
V657	0.04212	0.43688	0.04898	0.35339	0.11863
V658	0.03611	0.08768	0.04243	0.58594	0.24784
V659	0.02463	0.08556	0.08007	0.71231	0.09743
V660	0.06868	0.33355	0.04067	0.12093	0.43617
V661	0.04992	0.5669	0.03678	0.23243	0.11397
V662	0.04482	0.41215	0.04253	0.09064	0.40986
V663	0.74323	0.10056	0.02183	0.10292	0.03146
V664	0.03366	0.08735	0.11946	0.39789	0.36164
V665	0.03507	0.56267	0.20565	0.13894	0.05767
V666	0.09807	0.72549	0.06327	0.08676	0.02641
V667	0.03922	0.50303	0.24342	0.1504	0.06393
V668	0.51109	0.25616	0.05947	0.12999	0.0433
V669	0.39551	0.30095	0.04219	0.15391	0.10744
V670	0.09492	0.55244	0.06582	0.10748	0.17935
V671	0.57575	0.12824	0.16188	0.10396	0.03017
V672	0.09197	0.1408	0.09613	0.32389	0.34721
V673	0.02706	0.09564	0.0171	0.19326	0.66693
V674	0.28389	0.23475	0.37065	0.06189	0.04881
V675	0.54422	0.09259	0.04889	0.20351	0.11078
V676	0.20491	0.23643	0.38029	0.06258	0.11579
V677	0.04693	0.29843	0.20288	0.37177	0.07999
V678	0.05945	0.31568	0.03334	0.11653	0.47501
V679	0.0189	0.16234	0.36645	0.41055	0.04177
V680	0.15744	0.07467	0.03399	0.36764	0.36626
V681	0.42919	0.10498	0.05086	0.31519	0.09978
V682	0.01118	0.25814	0.64983	0.05592	0.02494
V683	0.06303	0.30379	0.4766	0.05838	0.0982
V684	0.06303	0.05479	0.02004	0.8063	0.05585
V685	0.01745	0.23569	0.58725	0.12863	0.03098
V686	0.25545	0.52676	0.08439	0.09614	0.03725
V687	0.0102	0.1809	0.4477	0.31737	0.04383
V688	0.01055	0.25241	0.64072	0.0609	0.03542
V689	0.39372	0.15572	0.17237	0.15544	0.12275
V690	0.10733	0.71672	0.04021	0.10219	0.03354
V691	0.12965	0.16419	0.05671	0.58021	0.06925
V692	0.07154	0.07275	0.02687	0.71024	0.11859
V693	0.02822	0.48875	0.36459	0.08823	0.0302
V694	0.08615	0.20846	0.05084	0.55776	0.09679
V695	0.12094	0.19117	0.14247	0.0995	0.44592
V696	0.10222	0.20909	0.53164	0.06214	0.09491
V697	0.09284	0.20592	0.27001	0.32191	0.10931
V698	0.02907	0.12656	0.16761	0.10135	0.57542
V699	0.04331	0.07636	0.05695	0.6201	0.20328
V700	0.06585	0.69379	0.09256	0.0763	0.0715
V701	0.0301	0.21631	0.03276	0.11188	0.60894
V702	0.03037	0.14513	0.02161	0.64206	0.16083
V703	0.0266	0.06476	0.03525	0.81064	0.06276
V704	0.04866	0.19296	0.32863	0.0862	0.34355
V705	0.71882	0.10502	0.01497	0.10997	0.05123
V706	0.13605	0.20374	0.14976	0.4154	0.09505
V707	0.13207	0.17545	0.08073	0.2976	0.31415
V708	0.03272	0.54326	0.3285	0.07124	0.02428
V709	0.02677	0.09996	0.0479	0.11576	0.70961
V710	0.11193	0.1872	0.38039	0.06717	0.25331
V711	0.07106	0.08187	0.03832	0.12682	0.68193
V712	0.05602	0.20901	0.50749	0.1894	0.03809
V713	0.21384	0.41694	0.26732	0.07834	0.02355
V714	0.0649	0.08598	0.01721	0.11932	0.71259
V715	0.01869	0.35623	0.45819	0.13575	0.03113
V716	0.58665	0.21393	0.02704	0.12836	0.04402
V717	0.33373	0.22045	0.11925	0.09805	0.22852
V718	0.50843	0.1425	0.2175	0.07686	0.05471
V719	0.33768	0.26449	0.10579	0.17005	0.12199
V720	0.12117	0.12775	0.09519	0.12128	0.53461
V721	0.04266	0.09406	0.06157	0.12444	0.67728
V722	0.03244	0.24806	0.0683	0.48282	0.16837
V723	0.10282	0.24222	0.11198	0.48476	0.05823
V724	0.12305	0.55952	0.05793	0.22333	0.03617
V725	0.04626	0.08798	0.02495	0.11954	0.72128
V726	0.20223	0.44798	0.06919	0.12668	0.15391
V727	0.01793	0.25031	0.63638	0.06033	0.03506
V728	0.59391	0.12591	0.11129	0.13714	0.03175
V729	0.49069	0.16142	0.03817	0.2721	0.03761
V730	0.10465	0.15913	0.31095	0.34944	0.07583
V731	0.01669	0.07304	0.06555	0.79016	0.05455
V732	0.02776	0.04689	0.02092	0.84549	0.05894
V733	0.03365	0.2574	0.62041	0.05408	0.03446
V734	0.38361	0.20382	0.27705	0.10127	0.03426
V735	0.0739	0.23395	0.20031	0.10058	0.39125
V736	0.02868	0.11617	0.02543	0.11775	0.71196
V737	0.73966	0.10522	0.02178	0.10213	0.0312
V738	0.03676	0.4259	0.0356	0.0984	0.40334
V739	0.02865	0.05936	0.01368	0.83963	0.05869
V740	0.19559	0.16124	0.10848	0.10134	0.43336
V741	0.42001	0.08926	0.01866	0.33696	0.13511
V742	0.06706	0.18958	0.41778	0.18663	0.13895
V743	0.04051	0.12932	0.08306	0.18014	0.56696
V744	0.16851	0.14383	0.15375	0.46474	0.06917
V745	0.15172	0.08316	0.0545	0.65753	0.05308
V746	0.32381	0.48067	0.05419	0.08615	0.05517
V747	0.03329	0.25473	0.61239	0.0598	0.03979
V748	0.14407	0.27409	0.24472	0.11716	0.21996
V749	0.16548	0.1657	0.11705	0.41349	0.13828
V750	0.60056	0.21842	0.02169	0.13072	0.02862
V751	0.03859	0.415	0.43916	0.07797	0.02928
V752	0.03745	0.1807	0.0395	0.11265	0.62969
V753	0.42543	0.16625	0.20296	0.0951	0.11026
V754	0.11104	0.29914	0.02385	0.51789	0.04808
V755	0.22534	0.60479	0.05846	0.07967	0.03173
V756	0.0362	0.16399	0.03895	0.14912	0.61175
V757	0.15744	0.07623	0.09787	0.61768	0.05079
V758	0.06894	0.38476	0.01877	0.48041	0.04711
V759	0.09386	0.12447	0.10378	0.09624	0.58165
V760	0.07729	0.13877	0.19134	0.27129	0.32131
V761	0.05774	0.35476	0.49606	0.06293	0.02852
V762	0.02488	0.13246	0.16046	0.39055	0.29164
V763	0.04164	0.28227	0.02624	0.10061	0.54924
V764	0.10653	0.11887	0.08573	0.63087	0.058
V765	0.13936	0.21034	0.4714	0.09386	0.08504
V766	0.07295	0.46073	0.227	0.10939	0.12993
V767	0.24637	0.43047	0.0753	0.11811	0.12975
V768	0.06762	0.70776	0.07004	0.1212	0.03339
V769	0.5737	0.13291	0.1562	0.08156	0.05563
V770	0.24099	0.17343	0.37417	0.17971	0.03169
V771	0.07239	0.62494	0.0304	0.16199	0.11026
V772	0.04836	0.25081	0.61727	0.0599	0.02365
V773	0.04344	0.07772	0.01607	0.24305	0.61972
V774	0.1343	0.18308	0.41045	0.06443	0.20774
V775	0.69555	0.09414	0.031	0.13917	0.04013
V776	0.30371	0.40029	0.15161	0.09716	0.04723
V777	0.18578	0.37926	0.21811	0.15491	0.06194
V778	0.44237	0.12006	0.02535	0.25461	0.15761
V779	0.06542	0.43305	0.39398	0.07291	0.03464
V780	0.02546	0.24767	0.64191	0.06059	0.02437
V781	0.16158	0.3316	0.16599	0.0763	0.26453
V782	0.2148	0.25997	0.03751	0.09726	0.39046
V783	0.01176	0.1989	0.48361	0.08241	0.22331
V784	0.03978	0.53696	0.02181	0.29885	0.10261
V785	0.57217	0.17789	0.01419	0.1677	0.06805
V786	0.15223	0.20914	0.02866	0.54826	0.06171
V787	0.13258	0.51716	0.02108	0.24487	0.08432
V788	0.32955	0.3883	0.07962	0.07831	0.12421
V789	0.02478	0.18475	0.02316	0.41975	0.34756
V790	0.25056	0.25204	0.07208	0.17338	0.25193
V791	0.16484	0.24737	0.08143	0.23686	0.2695
V792	0.72069	0.11046	0.03239	0.09669	0.03978
V793	0.28944	0.27836	0.06433	0.15704	0.21084
V794	0.02937	0.11156	0.10603	0.23095	0.52208
V795	0.13371	0.69949	0.0399	0.08758	0.03932
V796	0.25749	0.38159	0.11046	0.19836	0.0521
V797	0.14398	0.07624	0.01574	0.12459	0.63945
V798	0.12972	0.4592	0.02762	0.15657	0.2269
V799	0.03845	0.18405	0.05879	0.63232	0.08639
V800	0.04297	0.08933	0.03068	0.20083	0.63619
V801	0.31443	0.09794	0.116	0.41186	0.05976
V802	0.04812	0.23089	0.03247	0.10911	0.57941
V803	0.26437	0.08564	0.01913	0.56843	0.06243
V804	0.172	0.22007	0.17971	0.3571	0.07112
V805	0.12528	0.24349	0.3485	0.18925	0.09349
V806	0.38411	0.13009	0.17228	0.12506	0.18845
V807	0.57031	0.10116	0.06752	0.12498	0.13603
V808	0.65118	0.10379	0.05454	0.09307	0.09743
V809	0.18899	0.52882	0.0421	0.1076	0.13249
V810	0.03755	0.11594	0.05084	0.46516	0.33051
V811	0.06201	0.15424	0.03783	0.18296	0.56296
V812	0.03647	0.58193	0.19017	0.13992	0.05152
V813	0.04095	0.27866	0.20181	0.08079	0.39779
V814	0.18284	0.48105	0.07729	0.21122	0.04761
V815	0.2167	0.57373	0.05006	0.12661	0.0329
V816	0.03475	0.44609	0.02722	0.42684	0.06511
V817	0.60388	0.13881	0.12995	0.1015	0.02585
V818	0.04462	0.28609	0.30256	0.09661	0.27012
V819	0.71626	0.10748	0.02643	0.11952	0.03031
V820	0.07074	0.34869	0.12346	0.39572	0.06138
V821	0.0294	0.08871	0.01841	0.12555	0.73793
V822	0.17089	0.06876	0.02598	0.68554	0.04883
V823	0.05434	0.18564	0.20636	0.08415	0.46951
V824	0.08078	0.10939	0.03824	0.10901	0.66259
V825	0.12086	0.19421	0.46941	0.18866	0.02685
V826	0.04015	0.24473	0.61947	0.07169	0.02395
V827	0.30247	0.17446	0.01435	0.39423	0.1145
V828	0.21676	0.20372	0.10895	0.13102	0.33955
V829	0.08506	0.19381	0.26431	0.20577	0.25105
V830	0.12089	0.2113	0.49685	0.07507	0.09589
V831	0.04305	0.62776	0.06799	0.21166	0.04954
V832	0.19414	0.08321	0.07712	0.27957	0.36596
V833	0.18579	0.64394	0.03114	0.08147	0.05766
V834	0.58849	0.18825	0.04451	0.10812	0.07062
V835	0.22083	0.29108	0.09512	0.29625	0.09672
V836	0.28909	0.20345	0.33523	0.14193	0.03031
V837	0.04935	0.70564	0.03978	0.11682	0.0884
V838	0.01574	0.06361	0.08034	0.77974	0.06058
V839	0.05073	0.11994	0.08333	0.10342	0.64258
V840	0.70792	0.1038	0.03736	0.11646	0.03446
V841	0.17218	0.2226	0.51603	0.06168	0.02752
V842	0.41053	0.14802	0.17615	0.22561	0.03969
V843	0.37898	0.11487	0.13689	0.1364	0.23286
V844	0.02255	0.31486	0.54853	0.07386	0.0402
V845	0.03749	0.06032	0.01372	0.60358	0.28489
V846	0.1113	0.12858	0.10323	0.14175	0.51513
V847	0.19581	0.09003	0.06305	0.19277	0.45835
V848	0.58616	0.1119	0.01885	0.16225	0.12085
V849	0.1131	0.2339	0.5071	0.06249	0.08341
V850	0.18301	0.15786	0.24897	0.18732	0.22283
V851	0.74076	0.09798	0.01582	0.10864	0.0368
V852	0.21594	0.13625	0.08535	0.22181	0.34064
V853	0.03682	0.26287	0.45964	0.16198	0.07869
V854	0.0507	0.3667	0.22838	0.13404	0.22018
V855	0.10085	0.36346	0.09983	0.33508	0.10078
V856	0.15211	0.37719	0.0691	0.08392	0.31768
V857	0.07758	0.13192	0.15894	0.40999	0.22157
V858	0.0337	0.35536	0.18215	0.24408	0.18471
V859	0.12538	0.06885	0.03315	0.69734	0.07528
V860	0.04609	0.17395	0.07363	0.61409	0.09224
V861	0.13011	0.10271	0.12205	0.59543	0.0497
V862	0.07844	0.08426	0.03704	0.18062	0.61964
V863	0.05489	0.76677	0.04211	0.08893	0.0473
V864	0.03936	0.23156	0.60247	0.102	0.02461
V865	0.0721	0.19091	0.46906	0.23901	0.02891
V866	0.03389	0.21762	0.47468	0.2283	0.04552
V867	0.48195	0.10704	0.01983	0.09342	0.29775
V868	0.18868	0.29279	0.32403	0.15234	0.04217
V869	0.0358	0.0839	0.04006	0.12487	0.71537
V870	0.23843	0.20802	0.08599	0.27764	0.18992
V871	0.0483	0.1355	0.10577	0.16788	0.54255
V872	0.32999	0.09808	0.02543	0.46969	0.0768
V873	0.05951	0.32506	0.14776	0.37942	0.08825
V874	0.10009	0.11873	0.02341	0.11506	0.64271
V875	0.02358	0.20097	0.0376	0.49774	0.24011
V876	0.40361	0.13708	0.06633	0.09903	0.29394
V877	0.21453	0.53577	0.05619	0.15401	0.03949
V878	0.04102	0.58685	0.05981	0.26731	0.045
V879	0.6995	0.12237	0.02618	0.11727	0.03469
V880	0.08456	0.12991	0.04279	0.43676	0.30598
V881	0.02081	0.1845	0.42505	0.06871	0.30093
V882	0.05101	0.41285	0.03356	0.46294	0.03963
V883	0.4293	0.20192	0.02699	0.23153	0.11026
V884	0.02933	0.08137	0.01841	0.13405	0.73685
V885	0.14329	0.19651	0.31876	0.15254	0.1889
V886	0.02266	0.07525	0.04549	0.28454	0.57207
V887	0.09954	0.73211	0.03342	0.08198	0.05295
V888	0.06308	0.14166	0.06484	0.63734	0.09307
V889	0.12187	0.67923	0.06106	0.09896	0.03888
V890	0.03998	0.09706	0.13342	0.59676	0.13277
V891	0.01161	0.2673	0.62898	0.06746	0.02465
V892	0.49619	0.25272	0.0341	0.09039	0.1266
V893	0.1234	0.28455	0.39845	0.12308	0.07052
V894	0.09837	0.46143	0.0636	0.30449	0.07212
V895	0.51102	0.14366	0.22278	0.0934	0.02913
V896	0.17977	0.26285	0.20921	0.31048	0.03769
V897	0.0169	0.05749	0.05017	0.72656	0.14889
V898	0.34926	0.08715	0.02679	0.11588	0.42092
V899	0.46901	0.31162	0.08803	0.07881	0.05253
