mature.neutrophil	CD14.pos.CD16.neg.classical.monocyte	macrophage	memory.CD4.pos.AB.T.cell	cytotoxic.CD56.dim.NK.cell
V1	0.26313	0.22881	0.22244	0.17701	0.1086
V2	0.04937	0.70312	0.07131	0.12492	0.05127
V3	0.05569	0.16649	0.35057	0.40925	0.018
V4	0.014	0.14465	0.22175	0.06895	0.55065
V5	0.01898	0.09974	0.07608	0.10822	0.69699
V6	0.26673	0.15822	0.23511	0.25301	0.08693
V7	0.01017	0.19105	0.36016	0.0953	0.34332
V8	0.01226	0.24302	0.61776	0.11185	0.01511
V9	0.05078	0.11906	0.22278	0.5954	0.01197
V10	0.35433	0.2012	0.3552	0.05884	0.03042
V11	0.03517	0.12416	0.11299	0.07621	0.65147
V12	0.07216	0.13261	0.2025	0.30684	0.28589
V13	0.11755	0.11802	0.05219	0.4294	0.28283
V14	0.13793	0.08327	0.07809	0.62918	0.07152
V15	0.02681	0.0687	0.01555	0.86715	0.02179
V16	0.45605	0.14243	0.02806	0.35807	0.01539
V17	0.06219	0.28091	0.03655	0.08385	0.53649
V18	0.07287	0.42181	0.23197	0.2534	0.01995
V19	0.03165	0.09497	0.02194	0.12494	0.72651
V20	0.00532	0.20587	0.53278	0.23646	0.01957
V21	0.02028	0.3042	0.13677	0.18788	0.35087
V22	0.6377	0.17743	0.07218	0.07845	0.03424
V23	0.07479	0.10389	0.04183	0.14581	0.63369
V24	0.3894	0.19014	0.03761	0.09517	0.28767
V25	0.02663	0.09496	0.03244	0.4331	0.41287
V26	0.39583	0.25602	0.07133	0.09761	0.17921
V27	0.10652	0.49012	0.18114	0.06261	0.1596
V28	0.02905	0.156	0.18124	0.60282	0.03089
V29	0.00906	0.12531	0.27517	0.572	0.01846
V30	0.58721	0.18494	0.04136	0.09492	0.09158
V31	0.35527	0.19641	0.03012	0.27108	0.14712
V32	0.71994	0.11248	0.02467	0.08938	0.05353
V33	0.02418	0.24018	0.03653	0.13591	0.5632
V34	0.11219	0.75324	0.02884	0.08495	0.02078
V35	0.08131	0.57183	0.23908	0.09135	0.01643
V36	0.02673	0.25157	0.16841	0.11315	0.44013
V37	0.60567	0.10546	0.01747	0.08118	0.19022
V38	0.09863	0.18996	0.38123	0.21606	0.11412
V39	0.26112	0.18458	0.27841	0.06024	0.21565
V40	0.20008	0.55037	0.03713	0.17068	0.04175
V41	0.0458	0.76232	0.03591	0.0736	0.08238
V42	0.67346	0.1394	0.0353	0.08893	0.06291
V43	0.37048	0.24449	0.27855	0.08627	0.02021
V44	0.02973	0.37471	0.44688	0.05358	0.0951
V45	0.0335	0.60725	0.10717	0.20307	0.04901
V46	0.10344	0.68062	0.08537	0.09999	0.03058
V47	0.00502	0.2544	0.66522	0.05271	0.02265
V48	0.13861	0.2143	0.19923	0.34249	0.10537
V49	0.36447	0.23313	0.19507	0.18774	0.0196
V50	0.02089	0.26155	0.6488	0.05224	0.01652
V51	0.09017	0.32057	0.18917	0.09957	0.30052
V52	0.05099	0.81027	0.03044	0.0867	0.02161
V53	0.0294	0.18252	0.02398	0.74996	0.01415
V54	0.1887	0.07389	0.02856	0.55749	0.15137
V55	0.07008	0.05678	0.01494	0.84357	0.01463
V56	0.06866	0.05375	0.02177	0.76007	0.09576
V57	0.12378	0.27189	0.43318	0.07325	0.09791
V58	0.067	0.10516	0.14032	0.21556	0.47195
V59	0.65616	0.14095	0.08908	0.09055	0.02327
V60	0.34767	0.26061	0.12186	0.17436	0.09551
V61	0.17615	0.09613	0.04556	0.24424	0.43792
V62	0.05308	0.16169	0.26807	0.15239	0.36477
V63	0.33541	0.29606	0.07346	0.09065	0.20442
V64	0.71996	0.12723	0.03672	0.08929	0.0268
V65	0.07889	0.13116	0.05139	0.6213	0.11725
V66	0.02905	0.08767	0.12542	0.73931	0.01855
V67	0.01115	0.16108	0.29912	0.11495	0.4137
V68	0.35488	0.17462	0.31008	0.09058	0.06983
V69	0.45992	0.21991	0.17559	0.08468	0.0599
V70	0.05494	0.63039	0.06173	0.22342	0.02952
V71	0.08648	0.69289	0.06327	0.13335	0.02402
V72	0.03809	0.40382	0.04581	0.0732	0.43908
V73	0.05616	0.08893	0.10431	0.57435	0.17625
V74	0.01771	0.10053	0.02297	0.78976	0.06903
V75	0.36697	0.27871	0.25376	0.07474	0.02582
V76	0.01636	0.05874	0.03	0.83945	0.05546
V77	0.01969	0.24397	0.63607	0.08476	0.01551
V78	0.00518	0.25672	0.65688	0.05898	0.02224
V79	0.07228	0.39935	0.05833	0.18209	0.28795
V80	0.11418	0.65544	0.02565	0.11882	0.08591
V81	0.01273	0.25425	0.66346	0.05271	0.01685
V82	0.20042	0.19242	0.04333	0.54423	0.0196
V83	0.08965	0.12999	0.03737	0.55622	0.18677
V84	0.08886	0.21567	0.02828	0.08596	0.58123
V85	0.00512	0.25395	0.66427	0.05973	0.01693
V86	0.02375	0.30084	0.26199	0.3943	0.01913
V87	0.37185	0.0982	0.05326	0.45152	0.02517
V88	0.26408	0.21665	0.06641	0.23287	0.21998
V89	0.03768	0.28306	0.57963	0.08453	0.0151
V90	0.02199	0.23367	0.07441	0.13151	0.53841
V91	0.01428	0.07275	0.08122	0.81835	0.0134
V92	0.21383	0.12528	0.04662	0.09101	0.52327
V93	0.0137	0.16046	0.15416	0.51759	0.15408
V94	0.03942	0.2126	0.04186	0.26992	0.4362
V95	0.06067	0.26533	0.04305	0.13935	0.49161
V96	0.62331	0.11876	0.04031	0.09722	0.1204
V97	0.14758	0.11792	0.06187	0.14516	0.52747
V98	0.04821	0.39283	0.17646	0.16459	0.21791
V99	0.42317	0.18587	0.02313	0.26558	0.10224
V100	0.43799	0.22421	0.06303	0.11216	0.16261
V101	0.05911	0.79687	0.03756	0.0854	0.02107
V102	0.2583	0.29022	0.13421	0.15378	0.16349
V103	0.12322	0.0841	0.02769	0.08441	0.68058
V104	0.04443	0.4178	0.09857	0.07567	0.36353
V105	0.01973	0.10295	0.06039	0.1179	0.69903
V106	0.04599	0.68183	0.15516	0.07332	0.0437
V107	0.04255	0.33728	0.50605	0.09373	0.0204
V108	0.01784	0.32976	0.58289	0.05308	0.01644
V109	0.05676	0.25175	0.07106	0.30626	0.31417
V110	0.15043	0.47923	0.17603	0.16745	0.02685
V111	0.22417	0.32504	0.3712	0.06421	0.01538
V112	0.15708	0.0916	0.10916	0.47563	0.16653
V113	0.20898	0.1113	0.11143	0.18508	0.38321
V114	0.46069	0.15829	0.06062	0.22045	0.09996
V115	0.68142	0.10737	0.02353	0.09073	0.09694
V116	0.02325	0.09079	0.02324	0.09535	0.76736
V117	0.04233	0.2311	0.57929	0.11666	0.03062
V118	0.0437	0.05544	0.01514	0.85765	0.02807
V119	0.25175	0.17145	0.30682	0.25679	0.01319
V120	0.01192	0.22449	0.58751	0.1393	0.03678
V121	0.17845	0.64339	0.02589	0.08082	0.07146
V122	0.03304	0.38818	0.09664	0.27547	0.20666
V123	0.40128	0.1364	0.082	0.2304	0.14992
V124	0.18676	0.17858	0.07514	0.25428	0.30523
V125	0.03677	0.47335	0.40442	0.0635	0.02196
V126	0.13256	0.26106	0.20307	0.15208	0.25123
V127	0.20975	0.20499	0.46839	0.09771	0.01916
V128	0.18763	0.67117	0.03401	0.07493	0.03227
V129	0.21621	0.16531	0.23455	0.20167	0.18227
V130	0.02932	0.47321	0.05918	0.27792	0.16036
V131	0.01863	0.10929	0.19998	0.65986	0.01223
V132	0.30541	0.09399	0.01611	0.36955	0.21493
V133	0.00789	0.21776	0.44398	0.1178	0.21257
V134	0.05854	0.23447	0.56581	0.06956	0.07161
V135	0.02255	0.27342	0.54097	0.07101	0.09205
V136	0.73668	0.11571	0.02577	0.09355	0.02829
V137	0.69218	0.13117	0.02398	0.11117	0.0415
V138	0.21465	0.20951	0.08996	0.17662	0.30926
V139	0.10627	0.09275	0.14504	0.63808	0.01785
V140	0.03251	0.11443	0.15896	0.07308	0.62102
V141	0.01889	0.33182	0.49202	0.13714	0.02014
V142	0.17419	0.15003	0.2815	0.16084	0.23345
V143	0.01939	0.29867	0.39404	0.17163	0.11627
V144	0.41095	0.2607	0.07696	0.17601	0.07538
V145	0.00495	0.25348	0.64897	0.0651	0.02749
V146	0.03467	0.34074	0.02809	0.35541	0.24109
V147	0.0771	0.24429	0.503	0.13981	0.0358
V148	0.14335	0.68674	0.03394	0.10422	0.03176
V149	0.01783	0.05483	0.01579	0.86173	0.04981
V150	0.11639	0.31544	0.44795	0.05357	0.06665
V151	0.36209	0.09149	0.02775	0.42273	0.09595
V152	0.02073	0.07694	0.1111	0.72529	0.06595
V153	0.13842	0.2907	0.36812	0.09609	0.10668
V154	0.10806	0.54999	0.04559	0.09257	0.20378
V155	0.03748	0.08796	0.12487	0.73128	0.0184
V156	0.08449	0.17886	0.33376	0.17547	0.22742
V157	0.08411	0.1452	0.1626	0.29455	0.31355
V158	0.15911	0.17349	0.36014	0.09003	0.21723
V159	0.10273	0.23066	0.03108	0.59613	0.0394
V160	0.37612	0.22828	0.09927	0.10289	0.19343
V161	0.19268	0.11871	0.07582	0.0743	0.53849
V162	0.00556	0.26017	0.66379	0.0533	0.01717
V163	0.05789	0.09082	0.03615	0.11023	0.70491
V164	0.70591	0.14677	0.03105	0.09484	0.02143
V165	0.48329	0.26144	0.08867	0.11673	0.04986
V166	0.05115	0.11101	0.2108	0.55701	0.07003
V167	0.03521	0.5853	0.03911	0.1938	0.14658
V168	0.00556	0.26017	0.66379	0.0533	0.01717
V169	0.05059	0.61808	0.16067	0.14199	0.02868
V170	0.21109	0.37832	0.06937	0.24009	0.10113
V171	0.24172	0.20992	0.29308	0.20763	0.04766
V172	0.16102	0.27196	0.08574	0.08439	0.39689
V173	0.18177	0.16998	0.09558	0.41502	0.13764
V174	0.17302	0.15185	0.29514	0.22139	0.1586
V175	0.07154	0.21495	0.12597	0.21346	0.37407
V176	0.30885	0.08273	0.02131	0.57274	0.01438
V177	0.15296	0.20532	0.42452	0.1987	0.01851
V178	0.21743	0.20093	0.35757	0.15232	0.07175
V179	0.09629	0.09786	0.02817	0.08485	0.69283
V180	0.02747	0.1658	0.30468	0.06257	0.43949
V181	0.06348	0.29971	0.02201	0.1168	0.498
V182	0.45879	0.25474	0.02423	0.21708	0.04515
V183	0.06865	0.79581	0.02981	0.07766	0.02807
V184	0.25215	0.144	0.24583	0.32843	0.02959
V185	0.09424	0.45729	0.04394	0.19873	0.2058
V186	0.12283	0.22279	0.04724	0.28701	0.32013
V187	0.07425	0.60037	0.02438	0.2775	0.02349
V188	0.64292	0.1312	0.04614	0.1569	0.02284
V189	0.37286	0.261	0.05017	0.29519	0.02079
V190	0.33538	0.18365	0.19349	0.07697	0.21052
V191	0.18883	0.23867	0.02454	0.44588	0.10208
V192	0.2666	0.24657	0.12515	0.2494	0.11229
V193	0.06012	0.31418	0.41636	0.08811	0.12122
V194	0.23041	0.14501	0.09647	0.15369	0.37442
V195	0.44211	0.25736	0.20128	0.07818	0.02108
V196	0.01887	0.09265	0.07613	0.10892	0.70342
V197	0.06616	0.77022	0.02878	0.10802	0.02682
V198	0.20086	0.2588	0.05376	0.24582	0.24076
V199	0.58023	0.15074	0.18154	0.07065	0.01685
V200	0.6061	0.10661	0.04607	0.09568	0.14555
V201	0.04115	0.05861	0.03656	0.70901	0.15467
V202	0.7071	0.14958	0.01967	0.09637	0.02728
V203	0.43946	0.28061	0.04402	0.12062	0.11528
V204	0.29681	0.15862	0.05251	0.07416	0.4179
V205	0.10604	0.13399	0.12386	0.1242	0.51192
V206	0.04521	0.12862	0.01595	0.76956	0.04067
V207	0.02681	0.0687	0.01555	0.86715	0.02179
V208	0.12954	0.31438	0.38024	0.09567	0.08017
V209	0.14343	0.12475	0.10668	0.09401	0.53113
V210	0.00492	0.2521	0.66162	0.05905	0.02231
V211	0.13808	0.14783	0.19231	0.08746	0.43432
V212	0.05631	0.67976	0.09346	0.10623	0.06424
V213	0.09773	0.08608	0.07637	0.28965	0.45017
V214	0.02456	0.53236	0.33567	0.07284	0.03458
V215	0.21267	0.27712	0.13599	0.13223	0.24199
V216	0.05296	0.17662	0.28941	0.08994	0.39107
V217	0.01573	0.05431	0.03719	0.81682	0.07595
V218	0.06523	0.25968	0.24968	0.34767	0.07774
V219	0.10763	0.32942	0.31722	0.22654	0.01919
V220	0.1743	0.64698	0.07619	0.07812	0.02441
V221	0.0408	0.2191	0.40658	0.06246	0.27106
V222	0.03132	0.09113	0.03014	0.09955	0.74785
V223	0.39959	0.15737	0.25151	0.16719	0.02434
V224	0.04121	0.51499	0.04591	0.14222	0.25567
V225	0.55191	0.23544	0.11768	0.07243	0.02253
V226	0.39698	0.47488	0.02393	0.07839	0.02583
V227	0.0858	0.25975	0.02488	0.58959	0.03998
V228	0.44375	0.16578	0.22155	0.12778	0.04113
V229	0.22085	0.40792	0.23008	0.10283	0.03831
V230	0.03137	0.08402	0.03035	0.10056	0.7537
V231	0.05932	0.55115	0.07505	0.23026	0.08422
V232	0.60409	0.14424	0.15634	0.07827	0.01706
V233	0.05879	0.13122	0.14931	0.14074	0.51993
V234	0.02078	0.3796	0.19596	0.37114	0.03252
V235	0.72825	0.11764	0.01969	0.11174	0.02268
V236	0.06793	0.20072	0.47695	0.20702	0.04738
V237	0.10772	0.1854	0.23281	0.32422	0.14986
V238	0.01905	0.07749	0.02695	0.32647	0.55006
V239	0.06249	0.39999	0.06569	0.22417	0.24766
V240	0.06353	0.74512	0.03523	0.08882	0.06729
V241	0.0509	0.81187	0.03039	0.07837	0.02848
V242	0.03402	0.35279	0.25851	0.29665	0.05803
V243	0.37132	0.16317	0.26451	0.08624	0.11476
V244	0.03142	0.41778	0.18523	0.13205	0.23352
V245	0.04737	0.78154	0.05198	0.09918	0.01993
V246	0.49654	0.29102	0.04401	0.08023	0.0882
V247	0.15342	0.25646	0.45529	0.09892	0.03592
V248	0.09005	0.55861	0.04614	0.07752	0.22767
V249	0.21265	0.17731	0.18876	0.14449	0.27679
V250	0.02155	0.22161	0.49675	0.07958	0.18051
V251	0.18387	0.10535	0.09206	0.56863	0.05008
V252	0.02439	0.25816	0.43413	0.17595	0.10737
V253	0.25468	0.51268	0.09261	0.11152	0.02852
V254	0.43386	0.36301	0.0206	0.15319	0.02934
V255	0.63798	0.16189	0.01824	0.10131	0.08059
V256	0.04028	0.68605	0.04134	0.07841	0.15392
V257	0.36063	0.32868	0.13574	0.09963	0.07533
V258	0.14098	0.31422	0.06095	0.4638	0.02005
V259	0.42206	0.31391	0.15821	0.0733	0.03252
V260	0.22822	0.13489	0.11118	0.13708	0.38863
V261	0.02227	0.18253	0.40549	0.2889	0.10082
V262	0.68655	0.13474	0.0591	0.09514	0.02447
V263	0.61355	0.16071	0.02909	0.17873	0.01791
V264	0.06549	0.76317	0.036	0.11562	0.01972
V265	0.626	0.17719	0.07797	0.09575	0.02308
V266	0.02654	0.09851	0.09843	0.09603	0.68049
V267	0.05684	0.08315	0.02705	0.20967	0.62328
V268	0.1697	0.41471	0.13804	0.22574	0.05181
V269	0.07605	0.36266	0.29995	0.22355	0.03779
V270	0.05017	0.06355	0.04321	0.82976	0.01332
V271	0.20411	0.62398	0.03249	0.09572	0.04369
V272	0.09805	0.71389	0.049	0.087	0.05205
V273	0.23944	0.1271	0.16091	0.33952	0.13303
V274	0.09183	0.1184	0.0551	0.24104	0.49362
V275	0.04214	0.6248	0.15361	0.15062	0.02883
V276	0.01293	0.20641	0.51222	0.23783	0.03061
V277	0.27615	0.19969	0.42739	0.06146	0.03531
V278	0.00968	0.16062	0.28568	0.43931	0.10471
V279	0.13083	0.06618	0.02809	0.72261	0.0523
V280	0.16903	0.09068	0.04906	0.60497	0.08625
V281	0.02915	0.23095	0.05347	0.66663	0.0198
V282	0.05996	0.80364	0.03003	0.07807	0.02829
V283	0.30795	0.11968	0.11484	0.09038	0.36715
V284	0.02565	0.26707	0.42677	0.05466	0.22585
V285	0.42991	0.41823	0.02212	0.10488	0.02485
V286	0.06546	0.24327	0.58825	0.08298	0.02004
V287	0.20549	0.16231	0.15666	0.31084	0.1647
V288	0.1591	0.208	0.46549	0.0593	0.10811
V289	0.13812	0.23331	0.03778	0.57098	0.01981
V290	0.35279	0.43022	0.13024	0.06939	0.01736
V291	0.33818	0.22841	0.02386	0.38863	0.02092
V292	0.102	0.18485	0.33789	0.08542	0.28985
V293	0.00759	0.28941	0.58465	0.09192	0.02644
V294	0.02237	0.0923	0.03096	0.09317	0.7612
V295	0.01719	0.14947	0.27466	0.48876	0.06992
V296	0.66004	0.18142	0.01914	0.09763	0.04176
V297	0.0199	0.22231	0.56114	0.15425	0.04239
V298	0.25164	0.07491	0.02153	0.55294	0.09898
V299	0.22793	0.06535	0.02752	0.66561	0.01358
V300	0.73576	0.11946	0.02025	0.10104	0.0235
V301	0.72127	0.11208	0.02471	0.11523	0.02672
V302	0.01808	0.07185	0.02559	0.44537	0.43911
V303	0.09579	0.24926	0.19672	0.21145	0.24678
V304	0.14513	0.2381	0.52842	0.05794	0.03041
V305	0.18118	0.33717	0.10006	0.15872	0.22288
V306	0.28629	0.56681	0.02502	0.09042	0.03146
V307	0.19005	0.13177	0.2256	0.44012	0.01246
V308	0.17968	0.21018	0.47358	0.11758	0.01898
V309	0.51319	0.15406	0.0596	0.17483	0.09831
V310	0.0393	0.1002	0.0282	0.16132	0.67099
V311	0.02364	0.05729	0.05136	0.84757	0.02014
V312	0.07873	0.31348	0.22838	0.06177	0.31764
V313	0.06046	0.30314	0.03443	0.35379	0.24818
V314	0.08141	0.08044	0.02424	0.41094	0.40297
V315	0.72289	0.11445	0.0305	0.08944	0.04272
V316	0.09642	0.52154	0.22592	0.08965	0.06647
V317	0.29328	0.23685	0.37622	0.0632	0.03045
V318	0.6993	0.10997	0.02392	0.08654	0.08025
V319	0.08271	0.26061	0.57719	0.06424	0.01525
V320	0.07783	0.05222	0.0216	0.828	0.02035
V321	0.11302	0.36321	0.25987	0.23251	0.03138
V322	0.01303	0.35194	0.45069	0.0956	0.08874
V323	0.19844	0.30824	0.3435	0.07663	0.07319
V324	0.0417	0.09408	0.05077	0.79411	0.01935
V325	0.49336	0.18676	0.08657	0.17247	0.06084
V326	0.05358	0.10179	0.0719	0.18413	0.58861
V327	0.27771	0.45633	0.11301	0.08758	0.06536
V328	0.0447	0.30467	0.15404	0.471	0.02558
V329	0.00954	0.17305	0.3148	0.48413	0.01849
V330	0.0654	0.24571	0.59078	0.04999	0.04811
V331	0.12575	0.12033	0.0996	0.142	0.51232
V332	0.35188	0.209	0.33831	0.06504	0.03576
V333	0.31703	0.16622	0.25077	0.19389	0.07209
V334	0.03752	0.36157	0.43269	0.12437	0.04385
V335	0.55809	0.15742	0.0846	0.10348	0.09641
V336	0.14014	0.53398	0.23528	0.06224	0.02837
V337	0.01974	0.08514	0.03585	0.21418	0.64509
V338	0.54824	0.14615	0.13614	0.08686	0.08261
V339	0.17906	0.5029	0.17573	0.06315	0.07916
V340	0.03722	0.23177	0.12042	0.10954	0.50104
V341	0.02144	0.4908	0.36489	0.06361	0.05927
V342	0.22663	0.26373	0.34315	0.15243	0.01406
V343	0.51653	0.1604	0.22926	0.07798	0.01584
V344	0.09399	0.66624	0.06245	0.09199	0.08534
V345	0.19656	0.11611	0.02391	0.32085	0.34257
V346	0.03331	0.34596	0.27211	0.31055	0.03807
V347	0.0752	0.46497	0.04288	0.36907	0.04788
V348	0.01857	0.25181	0.36525	0.25413	0.11024
V349	0.05492	0.37668	0.41852	0.06782	0.08206
V350	0.09808	0.4027	0.09464	0.27849	0.12609
V351	0.14116	0.17966	0.33892	0.31654	0.02372
V352	0.09318	0.51738	0.30076	0.06669	0.02199
V353	0.22164	0.34068	0.0554	0.10703	0.27525
V354	0.42418	0.18591	0.31214	0.0622	0.01557
V355	0.07494	0.14485	0.276	0.48642	0.01778
V356	0.07335	0.24174	0.5794	0.06927	0.03624
V357	0.03998	0.20649	0.41391	0.07605	0.26358
V358	0.03327	0.08397	0.04381	0.81923	0.01973
V359	0.05394	0.13773	0.0229	0.77168	0.01376
V360	0.54119	0.14844	0.09008	0.20496	0.01534
V361	0.28743	0.45443	0.09854	0.06756	0.09204
V362	0.62431	0.12873	0.09545	0.07415	0.07735
V363	0.03875	0.10496	0.02756	0.20188	0.62684
V364	0.04066	0.28952	0.04076	0.46955	0.15951
V365	0.01718	0.0564	0.02294	0.86788	0.0356
V366	0.16185	0.22021	0.44094	0.10597	0.07103
V367	0.18874	0.2795	0.19067	0.20628	0.13482
V368	0.5716	0.18502	0.11642	0.08376	0.04321
V369	0.03858	0.58619	0.22033	0.13887	0.01603
V370	0.02528	0.21432	0.12574	0.38166	0.253
V371	0.05663	0.78044	0.06768	0.07485	0.0204
V372	0.49724	0.17254	0.1318	0.16764	0.03078
V373	0.10339	0.58222	0.13521	0.15723	0.02195
V374	0.08366	0.17621	0.30598	0.42181	0.01234
V375	0.22789	0.20422	0.43491	0.11895	0.01402
V376	0.01775	0.16276	0.34855	0.06777	0.40317
V377	0.07734	0.47425	0.19501	0.23285	0.02054
V378	0.11735	0.51669	0.17265	0.06296	0.13035
V379	0.03355	0.10854	0.11974	0.13088	0.6073
V380	0.02102	0.14131	0.16196	0.49882	0.17689
V381	0.14215	0.12638	0.02721	0.08059	0.62367
V382	0.35758	0.07944	0.02209	0.33022	0.21066
V383	0.03402	0.12003	0.23049	0.60341	0.01204
V384	0.23709	0.14211	0.1513	0.42038	0.04912
V385	0.08773	0.16302	0.02817	0.08062	0.64045
V386	0.51883	0.09916	0.02151	0.34444	0.01606
V387	0.23088	0.08478	0.02142	0.63078	0.03215
V388	0.0524	0.72954	0.05718	0.13607	0.02481
V389	0.11444	0.67816	0.04065	0.10196	0.06478
V390	0.15927	0.06736	0.02148	0.66511	0.08678
V391	0.56707	0.20753	0.01806	0.14448	0.06286
V392	0.71954	0.13535	0.0255	0.09736	0.02224
V393	0.09142	0.11672	0.1423	0.52011	0.12945
V394	0.56073	0.10995	0.03932	0.21104	0.07896
V395	0.00881	0.14111	0.30496	0.52664	0.01848
V396	0.41078	0.19257	0.31483	0.06147	0.02034
V397	0.5305	0.20215	0.04752	0.17577	0.04407
V398	0.06188	0.09472	0.15586	0.61683	0.07072
V399	0.04712	0.09745	0.01899	0.31411	0.52233
V400	0.14273	0.48729	0.154	0.20105	0.01493
V401	0.24042	0.20442	0.45509	0.08562	0.01445
V402	0.28539	0.19266	0.34079	0.11664	0.06452
V403	0.14243	0.14156	0.01912	0.19131	0.50559
V404	0.00833	0.194	0.3855	0.36932	0.04285
V405	0.28996	0.28497	0.08028	0.26012	0.08467
V406	0.02043	0.25856	0.64253	0.05119	0.0273
V407	0.67217	0.14124	0.04713	0.1204	0.01906
V408	0.03595	0.3679	0.02866	0.30114	0.26635
V409	0.10232	0.07871	0.07171	0.66098	0.08627
V410	0.1084	0.24263	0.2798	0.09488	0.2743
V411	0.02303	0.09025	0.02303	0.10353	0.76017
V412	0.02767	0.21959	0.13646	0.08573	0.53055
V413	0.02685	0.28999	0.14981	0.38448	0.14887
V414	0.04601	0.13342	0.0176	0.49321	0.30975
V415	0.159	0.08445	0.02697	0.08274	0.64684
V416	0.10392	0.15389	0.04077	0.19835	0.50309
V417	0.01259	0.22011	0.55738	0.15531	0.0546
V418	0.45383	0.37657	0.03987	0.08865	0.04108
V419	0.22404	0.10544	0.0384	0.17665	0.45546
V420	0.20773	0.1069	0.11128	0.10745	0.46664
V421	0.01604	0.11397	0.13669	0.10703	0.62627
V422	0.02313	0.07757	0.05928	0.70763	0.13239
V423	0.23235	0.26606	0.24341	0.22765	0.03053
V424	0.00884	0.18451	0.40678	0.05822	0.34164
V425	0.29643	0.37091	0.02134	0.08098	0.23034
V426	0.2045	0.2106	0.03722	0.47508	0.07261
V427	0.18263	0.57357	0.15402	0.06655	0.02322
V428	0.0878	0.58563	0.09053	0.15243	0.08362
V429	0.11567	0.68391	0.02645	0.13593	0.03805
V430	0.03247	0.17041	0.34336	0.20941	0.24435
V431	0.10034	0.3787	0.18613	0.28322	0.05162
V432	0.25341	0.1523	0.12265	0.35977	0.11187
V433	0.15498	0.1826	0.39392	0.23913	0.02937
V434	0.19524	0.34939	0.30982	0.07129	0.07424
V435	0.41286	0.19439	0.28007	0.09271	0.01997
V436	0.05767	0.55099	0.11461	0.11169	0.16504
V437	0.17664	0.10426	0.0459	0.21895	0.45424
V438	0.11653	0.33185	0.18475	0.30888	0.05799
V439	0.48512	0.09536	0.05802	0.33607	0.02543
V440	0.02391	0.4137	0.44297	0.06807	0.05135
V441	0.03252	0.52406	0.33388	0.08753	0.02202
V442	0.05979	0.80282	0.03785	0.07805	0.02148
V443	0.71604	0.11089	0.02442	0.12739	0.02126
V444	0.13692	0.40223	0.04824	0.37256	0.04004
V445	0.06177	0.38301	0.05596	0.47232	0.02695
V446	0.10249	0.11241	0.10295	0.55976	0.1224
V447	0.07068	0.07244	0.03081	0.48093	0.34515
V448	0.15791	0.09359	0.04069	0.09488	0.61293
V449	0.00556	0.26017	0.66379	0.0533	0.01717
V450	0.17389	0.19819	0.22317	0.17331	0.23144
V451	0.23308	0.23431	0.07324	0.36664	0.09272
V452	0.01967	0.0953	0.14866	0.69179	0.04458
V453	0.02703	0.07476	0.01757	0.49598	0.38467
V454	0.01329	0.21436	0.52128	0.07245	0.17863
V455	0.05904	0.30289	0.25308	0.0965	0.28848
V456	0.71476	0.11533	0.01889	0.1083	0.04273
V457	0.52944	0.24921	0.04888	0.12757	0.04491
V458	0.02451	0.41369	0.41234	0.10465	0.04481
V459	0.12505	0.1274	0.06621	0.49541	0.18593
V460	0.50982	0.1654	0.17003	0.12408	0.03066
V461	0.16078	0.35106	0.22254	0.07456	0.19107
V462	0.05368	0.12836	0.03117	0.52696	0.25983
V463	0.18674	0.11163	0.0284	0.65382	0.01941
V464	0.13033	0.3126	0.47037	0.06655	0.02014
V465	0.04988	0.1642	0.036	0.09728	0.65264
V466	0.03987	0.07687	0.02097	0.17439	0.6879
V467	0.0576	0.25901	0.03933	0.56162	0.08245
V468	0.45119	0.32826	0.11107	0.07037	0.03911
V469	0.02347	0.33941	0.07306	0.31499	0.24907
V470	0.63733	0.14771	0.0406	0.15123	0.02313
V471	0.33028	0.30653	0.04539	0.19789	0.11991
V472	0.02056	0.11964	0.06095	0.08473	0.71412
V473	0.03238	0.27762	0.22167	0.3301	0.13823
V474	0.24599	0.18362	0.07117	0.45497	0.04425
V475	0.12846	0.21373	0.44784	0.07936	0.13061
V476	0.13773	0.11226	0.10094	0.59195	0.05712
V477	0.05096	0.81069	0.03826	0.07844	0.02165
V478	0.16857	0.09138	0.02684	0.08216	0.63106
V479	0.63706	0.14937	0.04663	0.14394	0.023
V480	0.12537	0.58158	0.07428	0.17714	0.04163
V481	0.21029	0.36663	0.07645	0.2311	0.11554
V482	0.10373	0.61431	0.18793	0.0646	0.02942
V483	0.27726	0.47535	0.02242	0.17058	0.05439
V484	0.19025	0.47399	0.12266	0.18606	0.02704
V485	0.50788	0.17341	0.11145	0.17624	0.03102
V486	0.06424	0.20084	0.26616	0.06207	0.40669
V487	0.11102	0.2373	0.32941	0.30391	0.01837
V488	0.34984	0.13037	0.01619	0.37087	0.13272
V489	0.01166	0.34185	0.50447	0.11571	0.02631
V490	0.01279	0.2145	0.53966	0.21362	0.01943
V491	0.03747	0.44903	0.06735	0.15737	0.28878
V492	0.03585	0.16799	0.0449	0.71837	0.03289
V493	0.02587	0.04913	0.02266	0.88053	0.02181
V494	0.27678	0.07295	0.0341	0.54581	0.07036
V495	0.26643	0.27753	0.19096	0.20923	0.05585
V496	0.12886	0.12273	0.07056	0.07579	0.60207
V497	0.09538	0.13888	0.14759	0.15422	0.46393
V498	0.07314	0.75583	0.05061	0.08082	0.0396
V499	0.04213	0.29851	0.2389	0.11346	0.30699
V500	0.09867	0.45738	0.11809	0.26572	0.06015
V501	0.07304	0.33852	0.03704	0.08174	0.46966
V502	0.12376	0.69196	0.06334	0.10252	0.01842
V503	0.35447	0.14331	0.18425	0.18402	0.13396
V504	0.40814	0.24251	0.02538	0.08161	0.24236
V505	0.50651	0.10388	0.04069	0.15034	0.19858
V506	0.03037	0.50029	0.08414	0.07573	0.30947
V507	0.64488	0.10798	0.0455	0.16307	0.03857
V508	0.02954	0.58766	0.20795	0.09945	0.0754
V509	0.05144	0.4443	0.14404	0.24186	0.11836
V510	0.34667	0.45397	0.06229	0.114	0.02307
V511	0.05531	0.38164	0.41145	0.08878	0.06282
V512	0.13257	0.45222	0.17175	0.10645	0.137
V513	0.15369	0.60169	0.08968	0.11292	0.04202
V514	0.02165	0.12723	0.21338	0.09913	0.53862
V515	0.073	0.15179	0.01617	0.74497	0.01406
V516	0.13972	0.35643	0.11392	0.36406	0.02587
V517	0.02388	0.08802	0.05884	0.80966	0.0196
V518	0.32111	0.16153	0.26138	0.22077	0.03521
V519	0.60862	0.14571	0.02293	0.19968	0.02305
V520	0.07222	0.73692	0.04234	0.12961	0.0189
V521	0.1782	0.09388	0.1277	0.58219	0.01803
V522	0.04252	0.30776	0.43939	0.16735	0.04299
V523	0.11494	0.24692	0.52848	0.09012	0.01954
V524	0.25617	0.21476	0.41552	0.05543	0.05811
V525	0.02403	0.24567	0.05209	0.08528	0.59293
V526	0.03521	0.25366	0.60447	0.06959	0.03708
V527	0.07241	0.48367	0.33872	0.07168	0.03352
V528	0.13802	0.06062	0.03467	0.75364	0.01304
V529	0.1609	0.23651	0.51908	0.05855	0.02497
V530	0.01979	0.24766	0.61068	0.09023	0.03164
V531	0.15751	0.49068	0.10299	0.08061	0.16821
V532	0.05956	0.32789	0.26776	0.05998	0.2848
V533	0.24987	0.09183	0.01908	0.08165	0.55757
V534	0.11611	0.11003	0.01539	0.72549	0.03298
V535	0.63662	0.19832	0.06057	0.08013	0.02436
V536	0.10658	0.28283	0.32288	0.08481	0.2029
V537	0.031	0.10741	0.03764	0.08797	0.73597
V538	0.50845	0.17917	0.02382	0.10294	0.18562
V539	0.01695	0.29242	0.49256	0.13643	0.06164
V540	0.14711	0.45508	0.1027	0.11078	0.18433
V541	0.03786	0.40369	0.04552	0.09628	0.41666
V542	0.0388	0.33885	0.11694	0.44547	0.05994
V543	0.05494	0.27095	0.50317	0.09173	0.07921
V544	0.28053	0.26161	0.16982	0.12065	0.16739
V545	0.51482	0.35163	0.02754	0.08621	0.0198
V546	0.06634	0.69229	0.10152	0.07517	0.06469
V547	0.08729	0.67984	0.02607	0.169	0.03781
V548	0.01812	0.09926	0.02307	0.83846	0.02109
V549	0.01905	0.0857	0.04302	0.22926	0.62297
V550	0.04264	0.74253	0.11168	0.07776	0.02539
V551	0.02685	0.04732	0.01563	0.89431	0.01589
V552	0.20406	0.10071	0.03942	0.10796	0.54785
V553	0.60153	0.1114	0.03345	0.20411	0.04951
V554	0.08906	0.19973	0.38011	0.30722	0.02389
V555	0.04887	0.79645	0.03722	0.07603	0.04143
V556	0.07656	0.10973	0.06516	0.69675	0.0518
V557	0.26168	0.26289	0.05139	0.37229	0.05174
V558	0.01279	0.22737	0.55963	0.16927	0.03094
V559	0.08596	0.44779	0.36412	0.06321	0.03892
V560	0.49532	0.28845	0.12763	0.07121	0.01739
V561	0.55014	0.12679	0.12939	0.08106	0.11264
V562	0.11429	0.15697	0.15519	0.1443	0.42925
V563	0.181	0.31161	0.19157	0.15883	0.157
V564	0.29341	0.11006	0.07015	0.36371	0.16268
V565	0.02104	0.09117	0.03766	0.12374	0.72639
V566	0.2535	0.18927	0.044	0.35397	0.15926
V567	0.02002	0.25105	0.65533	0.05168	0.02192
V568	0.02915	0.30128	0.34903	0.30716	0.01338
V569	0.48879	0.18477	0.10628	0.17756	0.0426
V570	0.11289	0.14685	0.24245	0.43554	0.06226
V571	0.21482	0.1324	0.20861	0.34172	0.10246
V572	0.66234	0.10932	0.01778	0.09006	0.12051
V573	0.06881	0.18775	0.28584	0.3678	0.0898
V574	0.42108	0.30918	0.08419	0.15293	0.03262
V575	0.3092	0.13465	0.12213	0.1111	0.32292
V576	0.04605	0.76839	0.03597	0.08147	0.06813
V577	0.3471	0.45237	0.05552	0.12185	0.02316
V578	0.02592	0.27679	0.40925	0.23882	0.04921
V579	0.02367	0.50436	0.29036	0.0805	0.10111
V580	0.18823	0.48147	0.03578	0.25982	0.0347
V581	0.0469	0.48039	0.3203	0.13139	0.02102
V582	0.00629	0.27156	0.64598	0.05951	0.01665
V583	0.4562	0.17451	0.26662	0.08746	0.01522
V584	0.19284	0.47436	0.11637	0.09427	0.12217
V585	0.04709	0.67965	0.086	0.12284	0.06443
V586	0.03796	0.69092	0.17067	0.08237	0.01808
V587	0.05609	0.61674	0.03275	0.09497	0.19945
V588	0.18798	0.4264	0.30431	0.05981	0.0215
V589	0.08864	0.37998	0.06313	0.43507	0.03318
V590	0.05106	0.69544	0.02677	0.08018	0.14656
V591	0.38652	0.45309	0.05562	0.08067	0.0241
V592	0.01982	0.21797	0.56147	0.07761	0.12314
V593	0.34759	0.08017	0.02124	0.50026	0.05075
V594	0.00892	0.27637	0.49205	0.17344	0.04922
V595	0.41915	0.12923	0.07336	0.3356	0.04265
V596	0.36016	0.25891	0.18241	0.16758	0.03093
V597	0.033	0.22857	0.02852	0.16952	0.54039
V598	0.48777	0.10121	0.02361	0.07878	0.30863
V599	0.06851	0.38417	0.10145	0.40647	0.0394
V600	0.22789	0.1276	0.1682	0.38	0.09632
V601	0.12861	0.14477	0.02367	0.49225	0.2107
V602	0.64881	0.21738	0.0202	0.09249	0.02113
V603	0.12333	0.19585	0.04805	0.18644	0.44633
V604	0.02063	0.21952	0.52672	0.13451	0.09862
V605	0.0342	0.15705	0.13545	0.1269	0.54639
V606	0.66152	0.10387	0.01775	0.09038	0.12649
V607	0.15136	0.17443	0.04107	0.08391	0.54922
V608	0.58743	0.12195	0.04592	0.14787	0.09683
V609	0.16219	0.30343	0.03258	0.42769	0.0741
V610	0.08145	0.57167	0.03077	0.29328	0.02283
V611	0.20626	0.21958	0.44908	0.07271	0.05237
V612	0.29813	0.18695	0.26081	0.07365	0.18046
V613	0.34641	0.47772	0.0564	0.10139	0.01807
V614	0.44668	0.1197	0.03552	0.13798	0.26012
V615	0.01443	0.15955	0.13028	0.56397	0.13177
V616	0.50437	0.12913	0.13736	0.18771	0.04142
V617	0.17783	0.22184	0.36396	0.13119	0.10519
V618	0.5645	0.18066	0.07259	0.08534	0.09691
V619	0.43203	0.15852	0.14441	0.0733	0.19174
V620	0.04106	0.15386	0.29159	0.49551	0.01798
V621	0.11999	0.29962	0.26303	0.05979	0.25757
V622	0.02309	0.2979	0.30746	0.0663	0.30525
V623	0.06922	0.063	0.02223	0.69084	0.1547
V624	0.69486	0.1083	0.0236	0.10447	0.06877
V625	0.01482	0.1213	0.09681	0.74789	0.01917
V626	0.06206	0.19645	0.42346	0.28822	0.02981
V627	0.10034	0.22722	0.12557	0.09118	0.45569
V628	0.71602	0.12261	0.02484	0.11498	0.02154
V629	0.10038	0.34281	0.46282	0.07367	0.02032
V630	0.02385	0.22786	0.04439	0.09481	0.60909
V631	0.01287	0.14489	0.25199	0.0744	0.51584
V632	0.04964	0.68304	0.03347	0.10274	0.1311
V633	0.05711	0.08856	0.09761	0.52447	0.23224
V634	0.33536	0.42841	0.14464	0.07461	0.01697
V635	0.04218	0.20163	0.1827	0.08214	0.49136
V636	0.16311	0.259	0.26705	0.21525	0.09559
V637	0.1699	0.17304	0.32839	0.2556	0.07307
V638	0.07511	0.44388	0.04457	0.14155	0.29489
V639	0.43052	0.38695	0.08643	0.07265	0.02345
V640	0.10147	0.23671	0.09324	0.26564	0.30295
V641	0.09238	0.62643	0.04626	0.19862	0.03632
V642	0.57013	0.12228	0.02206	0.26869	0.01685
V643	0.05289	0.74497	0.08847	0.09486	0.0188
V644	0.04482	0.39561	0.04183	0.47703	0.04072
V645	0.14921	0.64292	0.03977	0.1502	0.01789
V646	0.12224	0.47981	0.05011	0.27955	0.06829
V647	0.70672	0.10954	0.02409	0.13895	0.0207
V648	0.37018	0.16361	0.02301	0.31091	0.13228
V649	0.23221	0.17212	0.08923	0.1612	0.34525
V650	0.03148	0.06188	0.06562	0.82777	0.01325
V651	0.12951	0.21687	0.01728	0.62203	0.01432
V652	0.30099	0.08408	0.04704	0.54281	0.02509
V653	0.28551	0.09523	0.06139	0.51429	0.04358
V654	0.04103	0.14386	0.02108	0.13377	0.66025
V655	0.12947	0.1717	0.25379	0.42693	0.01811
V656	0.11305	0.09124	0.01948	0.1636	0.61262
V657	0.0375	0.44803	0.05065	0.36508	0.09874
V658	0.03326	0.09134	0.04486	0.61239	0.21815
V659	0.02244	0.08876	0.08134	0.74774	0.05972
V660	0.06335	0.34867	0.04431	0.10448	0.43919
V661	0.04413	0.58131	0.03863	0.23542	0.10051
V662	0.03892	0.42887	0.04594	0.0723	0.41397
V663	0.73933	0.11651	0.02608	0.09463	0.02344
V664	0.03011	0.09171	0.12326	0.40935	0.34556
V665	0.02907	0.57728	0.20706	0.13882	0.04777
V666	0.09103	0.74295	0.06551	0.08104	0.01947
V667	0.03353	0.51699	0.24462	0.15147	0.05339
V668	0.50476	0.27305	0.06226	0.12658	0.03335
V669	0.38976	0.31805	0.04502	0.15016	0.09701
V670	0.08882	0.57067	0.0681	0.09865	0.17377
V671	0.57097	0.14323	0.16469	0.10015	0.02096
V672	0.0882	0.14892	0.09974	0.32877	0.33438
V673	0.02165	0.09883	0.0214	0.17476	0.68337
V674	0.2793	0.24861	0.3735	0.05694	0.04164
V675	0.5401	0.1067	0.05205	0.20345	0.09769
V676	0.20037	0.25006	0.38358	0.05568	0.11031
V677	0.04282	0.30727	0.20308	0.38838	0.05846
V678	0.05402	0.33008	0.037	0.09825	0.48064
V679	0.01549	0.16651	0.36544	0.43423	0.01831
V680	0.15453	0.08088	0.03732	0.37543	0.35184
V681	0.42411	0.11741	0.05345	0.32434	0.08069
V682	0.00556	0.26017	0.66379	0.0533	0.01717
V683	0.05802	0.31461	0.48194	0.05253	0.09289
V684	0.06062	0.05806	0.02189	0.84529	0.01415
V685	0.01254	0.24023	0.59467	0.13248	0.02008
V686	0.24813	0.54476	0.08673	0.09108	0.0293
V687	0.00647	0.18533	0.4479	0.33565	0.02465
V688	0.00507	0.25509	0.65365	0.05848	0.0277
V689	0.3898	0.17005	0.1748	0.15363	0.11172
V690	0.10023	0.73419	0.04238	0.09727	0.02593
V691	0.12547	0.17133	0.05821	0.60674	0.03825
V692	0.0689	0.07678	0.02887	0.7443	0.08115
V693	0.02233	0.50082	0.36856	0.08625	0.02204
V694	0.08238	0.21589	0.05246	0.58253	0.06674
V695	0.11652	0.20281	0.14777	0.08239	0.45052
V696	0.09757	0.21808	0.53833	0.05707	0.08894
V697	0.08866	0.21516	0.27065	0.33543	0.09011
V698	0.02368	0.13222	0.17522	0.07929	0.58958
V699	0.04061	0.08023	0.0591	0.64934	0.17072
V700	0.05886	0.71201	0.09495	0.06867	0.06552
V701	0.02432	0.22629	0.03707	0.08787	0.62445
V702	0.02764	0.14987	0.02381	0.67157	0.12711
V703	0.02482	0.06729	0.03679	0.85062	0.02048
V704	0.04351	0.20265	0.33549	0.07312	0.34523
V705	0.71475	0.12121	0.01901	0.10217	0.04286
V706	0.13144	0.21302	0.15078	0.4334	0.07136
V707	0.12811	0.18593	0.08396	0.3008	0.30119
V708	0.02652	0.55637	0.33271	0.0674	0.017
V709	0.02079	0.10355	0.05361	0.08737	0.73468
V710	0.10735	0.19806	0.38554	0.05605	0.253
V711	0.06666	0.08596	0.04352	0.10097	0.70288
V712	0.05165	0.21602	0.50994	0.19786	0.02453
V713	0.20744	0.43213	0.26981	0.07475	0.01588
V714	0.0602	0.0897	0.02186	0.09038	0.73787
V715	0.0136	0.36497	0.46161	0.13935	0.02047
V716	0.58074	0.23063	0.03041	0.12379	0.03443
V717	0.33001	0.23609	0.12256	0.08751	0.22382
V718	0.50453	0.15758	0.22012	0.07088	0.0469
V719	0.33231	0.28054	0.10827	0.16838	0.1105
V720	0.11724	0.13621	0.10035	0.10242	0.54378
V721	0.03744	0.09823	0.06746	0.09908	0.69778
V722	0.0289	0.25563	0.07014	0.50301	0.14233
V723	0.09846	0.25035	0.11259	0.507	0.0316
V724	0.11673	0.57349	0.05957	0.22799	0.02222
V725	0.04083	0.09137	0.02997	0.09023	0.74761
V726	0.19631	0.46606	0.07168	0.12003	0.14592
V727	0.01251	0.25356	0.64866	0.05792	0.02735
V728	0.58838	0.14127	0.11413	0.1352	0.02102
V729	0.48375	0.17533	0.04088	0.27913	0.02091
V730	0.10075	0.16716	0.31075	0.36643	0.05492
V731	0.01501	0.07537	0.06655	0.82948	0.01358
V732	0.02604	0.04906	0.02273	0.88697	0.0152
V733	0.02845	0.2616	0.63185	0.05105	0.02706
V734	0.37886	0.21849	0.2787	0.09886	0.02509
V735	0.069	0.24603	0.20578	0.0859	0.39329
V736	0.02268	0.12068	0.0303	0.08905	0.73729
V737	0.73571	0.12117	0.02601	0.09392	0.02318
V738	0.03084	0.44255	0.03883	0.08091	0.40687
V739	0.02689	0.06145	0.01556	0.88071	0.01539
V740	0.19239	0.17286	0.11322	0.08412	0.43741
V741	0.41547	0.10071	0.02168	0.34648	0.11566
V742	0.06286	0.19846	0.42015	0.19076	0.12777
V743	0.03565	0.1357	0.08824	0.16533	0.57507
V744	0.16375	0.15216	0.15436	0.48659	0.04314
V745	0.14743	0.08905	0.05596	0.689	0.01855
V746	0.31612	0.49991	0.05708	0.07891	0.04799
V747	0.02808	0.25913	0.62336	0.05715	0.03228
V748	0.13908	0.28837	0.24808	0.11012	0.21435
V749	0.16111	0.17528	0.11873	0.43017	0.1147
V750	0.59448	0.23488	0.02514	0.12652	0.01898
V751	0.033	0.42576	0.44388	0.07599	0.02137
V752	0.03186	0.1893	0.04415	0.08805	0.64663
V753	0.42129	0.18157	0.20562	0.0891	0.10242
V754	0.10615	0.30701	0.02571	0.54047	0.02066
V755	0.21793	0.62327	0.06103	0.07282	0.02494
V756	0.03098	0.17172	0.04348	0.12925	0.62458
V757	0.15314	0.08235	0.09878	0.64759	0.01815
V758	0.06445	0.3926	0.02057	0.50076	0.02161
V759	0.08962	0.13189	0.10959	0.07321	0.59569
V760	0.07333	0.14667	0.1955	0.27385	0.31065
V761	0.05231	0.36409	0.50268	0.05995	0.02098
V762	0.02124	0.138	0.16359	0.40349	0.27367
V763	0.03607	0.29473	0.03003	0.07798	0.56118
V764	0.10298	0.12478	0.08668	0.66091	0.02465
V765	0.13495	0.22088	0.47538	0.09164	0.07714
V766	0.06749	0.47599	0.22929	0.10459	0.12265
V767	0.23999	0.44896	0.07778	0.11154	0.12173
V768	0.06074	0.72415	0.07206	0.11846	0.02459
V769	0.56992	0.14823	0.15927	0.07496	0.04763
V770	0.23599	0.18502	0.37476	0.18556	0.01867
V771	0.0661	0.6418	0.03242	0.15922	0.10047
V772	0.04341	0.25506	0.62783	0.05792	0.01578
V773	0.03886	0.08074	0.02011	0.23145	0.62884
V774	0.12989	0.19411	0.41554	0.05486	0.20561
V775	0.69013	0.11005	0.03482	0.13519	0.0298
V776	0.29694	0.4177	0.15377	0.09268	0.03891
V777	0.17975	0.39473	0.21922	0.1557	0.0506
V778	0.43875	0.13326	0.02848	0.25712	0.14239
V779	0.05976	0.44533	0.39788	0.06989	0.02714
V780	0.0201	0.2506	0.65439	0.05858	0.01632
V781	0.15626	0.34782	0.16949	0.06356	0.26287
V782	0.21097	0.27517	0.04118	0.08041	0.39226
V783	0.00655	0.20601	0.49122	0.0743	0.22193
V784	0.03454	0.54913	0.02349	0.30699	0.08585
V785	0.56645	0.19388	0.01764	0.16532	0.0567
V786	0.14717	0.21707	0.03057	0.57264	0.03254
V787	0.12658	0.53142	0.02308	0.24916	0.06976
V788	0.32341	0.40725	0.08246	0.06857	0.11831
V789	0.02095	0.19172	0.02608	0.43159	0.32966
V790	0.24609	0.26701	0.07517	0.16797	0.24376
V791	0.16036	0.26066	0.08447	0.23644	0.25807
V792	0.71658	0.12676	0.03646	0.08843	0.03177
V793	0.28487	0.29427	0.06717	0.15126	0.20243
V794	0.02467	0.11675	0.11142	0.22257	0.52459
V795	0.12672	0.71742	0.04214	0.08123	0.03249
V796	0.25031	0.39736	0.11236	0.20114	0.03882
V797	0.14147	0.0816	0.02	0.10036	0.65657
V798	0.12411	0.47641	0.03015	0.14963	0.21971
V799	0.03561	0.18905	0.06009	0.66231	0.05293
V800	0.0381	0.09321	0.03521	0.18464	0.64884
V801	0.30884	0.1079	0.11732	0.42985	0.03609
V802	0.04273	0.24206	0.03659	0.08594	0.59268
V803	0.25852	0.09365	0.02152	0.59426	0.03205
V804	0.16693	0.23059	0.18019	0.37241	0.04988
V805	0.1207	0.2552	0.34943	0.19388	0.08079
V806	0.38141	0.14352	0.17534	0.11895	0.18079
V807	0.56771	0.11604	0.07089	0.11814	0.12722
V808	0.64778	0.12001	0.05837	0.08396	0.08988
V809	0.18261	0.54751	0.04462	0.09974	0.12551
V810	0.03422	0.12096	0.05376	0.48187	0.30918
V811	0.05734	0.16209	0.04203	0.16805	0.5705
V812	0.0304	0.59671	0.19165	0.13981	0.04144
V813	0.03562	0.29109	0.20728	0.06409	0.40192
V814	0.17607	0.49656	0.07898	0.21456	0.03383
V815	0.20929	0.59098	0.05247	0.12364	0.02362
V816	0.03036	0.45477	0.02888	0.44414	0.04185
V817	0.59893	0.15422	0.13297	0.09709	0.0168
V818	0.03937	0.29839	0.30719	0.08685	0.26821
V819	0.71143	0.12356	0.03038	0.11353	0.0211
V820	0.06616	0.35806	0.12419	0.41265	0.03894
V821	0.02325	0.09079	0.02324	0.09535	0.76736
V822	0.16632	0.07457	0.02795	0.71788	0.01328
V823	0.04912	0.19508	0.21282	0.06557	0.47739
V824	0.07651	0.11546	0.04325	0.08242	0.68236
V825	0.11641	0.20244	0.47109	0.19671	0.01335
V826	0.03513	0.24882	0.62967	0.07088	0.01551
V827	0.2969	0.18589	0.01707	0.40802	0.09212
V828	0.21295	0.21732	0.11289	0.12004	0.33679
V829	0.08075	0.20398	0.26777	0.20581	0.24169
V830	0.11631	0.22132	0.50217	0.07088	0.08931
V831	0.03683	0.64162	0.06961	0.21554	0.0364
V832	0.19175	0.09119	0.08092	0.27988	0.35627
V833	0.17884	0.66267	0.03365	0.07355	0.05129
V834	0.58324	0.20533	0.04789	0.10138	0.06215
V835	0.21511	0.30434	0.09675	0.30495	0.07885
V836	0.28405	0.21661	0.33625	0.14395	0.01914
V837	0.04235	0.72358	0.04199	0.11129	0.08079
V838	0.01405	0.06586	0.0812	0.81898	0.01991
V839	0.04564	0.12587	0.08928	0.07779	0.66143
V840	0.70315	0.11993	0.04128	0.11045	0.0252
V841	0.16771	0.23201	0.52169	0.05874	0.01984
V842	0.40502	0.16141	0.1775	0.23146	0.0246
V843	0.37658	0.12761	0.14039	0.12931	0.22611
V844	0.01718	0.32206	0.55638	0.07203	0.03235
V845	0.03475	0.06284	0.01635	0.6306	0.25546
V846	0.10723	0.13695	0.10845	0.12585	0.52152
V847	0.19358	0.09804	0.06723	0.18271	0.45844
V848	0.58253	0.12692	0.02246	0.15792	0.11016
V849	0.10841	0.24386	0.51306	0.05765	0.07702
V850	0.17871	0.16923	0.25229	0.18637	0.21341
V851	0.73682	0.11398	0.02001	0.10062	0.02857
V852	0.21269	0.1472	0.08905	0.21807	0.33298
V853	0.03218	0.27189	0.46233	0.16622	0.06739
V854	0.04535	0.38078	0.23127	0.12848	0.21411
V855	0.09593	0.37533	0.10108	0.34644	0.08121
V856	0.14676	0.39512	0.07246	0.06877	0.3169
V857	0.07393	0.13885	0.1613	0.42588	0.20004
V858	0.02897	0.36708	0.18427	0.24823	0.17144
V859	0.12194	0.07392	0.03501	0.73051	0.03862
V860	0.04307	0.17941	0.07489	0.64307	0.05956
V861	0.12609	0.10893	0.12243	0.62448	0.01807
V862	0.07436	0.08893	0.04168	0.16336	0.63167
V863	0.04752	0.7849	0.04425	0.08254	0.04079
V864	0.03446	0.23607	0.6108	0.10381	0.01487
V865	0.06787	0.1979	0.46975	0.25138	0.01309
V866	0.02959	0.22447	0.47621	0.23943	0.0303
V867	0.48186	0.12021	0.02376	0.07819	0.29599
V868	0.18334	0.30599	0.32489	0.15504	0.03073
V869	0.0301	0.08687	0.04555	0.09696	0.74052
V870	0.2336	0.2209	0.08856	0.28254	0.17439
V871	0.04354	0.14256	0.11119	0.15304	0.54966
V872	0.32382	0.10782	0.02788	0.4897	0.05078
V873	0.05513	0.33454	0.14865	0.39529	0.0664
V874	0.09634	0.12581	0.0279	0.09006	0.65989
V875	0.02019	0.20772	0.04003	0.51736	0.2147
V876	0.40222	0.15106	0.07006	0.08562	0.29103
V877	0.20714	0.55281	0.05848	0.15281	0.02876
V878	0.03526	0.59884	0.06133	0.27536	0.02921
V879	0.69484	0.13842	0.03005	0.11123	0.02547
V880	0.08116	0.13679	0.04567	0.45121	0.28517
V881	0.01542	0.19217	0.43305	0.0562	0.30316
V882	0.04666	0.42037	0.03505	0.48295	0.01498
V883	0.42402	0.21681	0.02994	0.23358	0.09565
V884	0.02321	0.08319	0.02326	0.1049	0.76543
V885	0.13885	0.20858	0.32124	0.1506	0.18073
V886	0.018	0.07771	0.05	0.279	0.57528
V887	0.09237	0.75079	0.03567	0.07441	0.04676
V888	0.06009	0.14713	0.06622	0.66746	0.05911
V889	0.11489	0.69679	0.06327	0.09387	0.03118
V890	0.0372	0.10139	0.13452	0.62618	0.1007
V891	0.00617	0.27042	0.64095	0.06605	0.01642
V892	0.49148	0.27055	0.03742	0.08045	0.1201
V893	0.11876	0.29681	0.40037	0.12329	0.06076
V894	0.09293	0.47374	0.06504	0.31408	0.05422
V895	0.50661	0.1583	0.22507	0.08965	0.02038
V896	0.17425	0.27394	0.2092	0.32358	0.01902
V897	0.0149	0.05983	0.05205	0.76249	0.11073
V898	0.34911	0.09741	0.03086	0.09894	0.42369
V899	0.46347	0.32897	0.09082	0.07151	0.04523
